train_iteration,target,bootstrap,cosine_meta_base,mean_abs_delta,meta_gini,base_gini,norm_par,norm_perp,perp_over_par,topk_overlap_with_base
1,sco_kcal,0,0.9789590835571289,0.004144824575632811,0.7988926971741956,0.9463153146485945,0.6218802332878113,2.5305256843566895,4.069152786828555,0.96
1,sco_kcal,1,0.3507634997367859,0.008052338846027851,0.654891184636389,0.9647576859233578,1.3539774417877197,0.008414377458393574,0.006214562516849378,0.3
1,sco_kcal,2,0.1994205117225647,0.005036127287894487,0.6123117199434884,0.9735934666655941,0.6468315124511719,0.08956452459096909,0.1384665447908742,0.16
1,sco_kcal,3,0.1614469289779663,0.01841112971305847,0.6360607084384011,0.9573190131402072,2.790580987930298,0.02536475658416748,0.009089417828715255,0.04
1,sco_kcal,4,0.3405974209308624,0.006847620941698551,0.6299073325241229,0.9284664514408114,1.1264454126358032,0.28172188997268677,0.2500981288684707,0.2
1,sco_kcal,5,0.4320598244667053,0.012163598090410233,0.5880767609988236,0.9210714201105454,1.6670094728469849,0.44966748356819153,0.2697450079874061,0.22
1,sco_kcal,6,0.08742415904998779,0.004748454317450523,0.6319295778784042,0.9640635823168286,0.7042841911315918,0.011592141352593899,0.016459465509183875,0.06
1,sco_kcal,7,0.6471489071846008,0.01166421640664339,0.6376814361584504,0.9307872414079907,1.5970202684402466,1.2398263216018677,0.7763372488770993,0.38
1,sco_kcal,8,0.6378354430198669,0.01039845310151577,0.6495258325472562,0.8829260837236379,1.7401764392852783,0.8457227945327759,0.4859983019193901,0.36
1,sco_kcal,9,0.8323113918304443,0.004695633891969919,0.6915911518409059,0.9570676662768804,0.7134199142456055,0.5349662899971008,0.7498617284363199,0.7
1,sco_kcal,10,0.35298672318458557,0.005635054782032967,0.6282357838449282,0.9691640591927331,0.9272239208221436,0.22658312320709229,0.24436721068001283,0.16
1,sco_kcal,11,0.3068658709526062,0.013132770545780659,0.5926939842870245,0.9716470650423008,1.7289987802505493,0.14388389885425568,0.08321804532065977,0.22
1,sco_kcal,12,0.44829168915748596,0.00654614670202136,0.6045856498636752,0.9239078167992714,1.0623284578323364,0.2915240228176117,0.2744198563714104,0.3
1,sco_kcal,13,0.28357741236686707,0.027803173288702965,0.5607378528167493,0.915705185761277,3.1345598697662354,0.346035361289978,0.11039360409976286,0.18
1,sco_kcal,14,0.11848214268684387,0.07514815032482147,0.5726237602175464,0.960446172712081,8.624401092529297,0.4955492615699768,0.057458976716567106,0.02
1,sco_kcal,15,0.17664852738380432,0.052048880606889725,0.5596653077378206,0.9453992068406936,5.996054172515869,0.2971324920654297,0.04955467104139865,0.1
1,sco_kcal,16,0.2707163095474243,0.004070316441357136,0.5765786050768305,0.9734477772012353,0.6440744996070862,0.003994329366832972,0.006201657369247949,0.32
1,sco_kcal,17,0.48329612612724304,0.0035132593475282192,0.674557567507867,0.9706147607997795,0.6183861494064331,0.2403634786605835,0.3886947967565248,0.52
1,sco_kcal,18,0.30097466707229614,0.011574078351259232,0.609951830796073,0.9774321011733622,1.597164511680603,0.06953974813222885,0.043539502426745154,0.32
1,sco_kcal,19,0.6533421277999878,0.004753730725497007,0.7133067507314625,0.9358054276753711,0.8832136392593384,0.6016516089439392,0.6812073344434347,0.5
1,sco_kcal,20,0.165470689535141,0.005121171474456787,0.6257580356020365,0.9599864178344921,0.8421469926834106,0.07363007217645645,0.08743137815150555,0.06
1,sco_kcal,21,0.7792882323265076,0.001962086884304881,0.6306298902400609,0.9464404127538664,0.07828313112258911,0.2978684604167938,3.8050146454967475,0.7
1,sco_kcal,22,0.4142506420612335,0.012723570689558983,0.5889832037409368,0.9058683807308463,1.624009370803833,0.4860881268978119,0.29931362197572403,0.24
1,sco_kcal,23,0.6654787659645081,0.010055620223283768,0.5950526542977796,0.8637577971886305,1.3905513286590576,0.9370765686035156,0.6738885140666913,0.6
1,sco_kcal,24,0.2348574548959732,0.031170638278126717,0.5896808137148353,0.9302820914752288,4.303519248962402,0.2462712973356247,0.05722555961495973,0.1
1,sco_kcal,25,0.3790432810783386,0.00924732256680727,0.6935059174791653,0.9349140779738809,1.546684980392456,0.6467201113700867,0.41813305202329426,0.28
1,sco_kcal,26,0.3502024710178375,0.008090323768556118,0.5995878039045446,0.9626810421452019,1.0583727359771729,0.038407206535339355,0.036288922824413844,0.22
1,sco_kcal,27,0.3422717750072479,0.019131634384393692,0.6250381677149537,0.8946186373092828,3.1163699626922607,0.8896804451942444,0.28548614440682174,0.2
1,sco_kcal,28,0.649620532989502,0.010521717369556427,0.6486211572882259,0.9163977279306499,1.5770924091339111,1.1430364847183228,0.7247745776330519,0.4
1,sco_kcal,29,0.30616605281829834,0.003234331961721182,0.6485722798389268,0.9347978558731662,0.5939027070999146,0.13102196156978607,0.2206118274987821,0.18
1,sco_kcal,30,0.1477813571691513,0.011379594914615154,0.5996490532964605,0.9597854052516108,1.5992240905761719,0.06858224421739578,0.04288469928731928,0.06
1,sco_kcal,31,0.46512773633003235,0.06975634396076202,0.5988815186240932,0.9630298689194556,9.167473793029785,3.264021873474121,0.3560437637635597,0.38
1,sco_kcal,32,0.4804527759552002,0.002664503874257207,0.6062548376052177,0.96249438800234,0.3598693907260895,0.1687917709350586,0.46903619836768096,0.42
1,sco_kcal,33,0.22997187077999115,0.06633970141410828,0.5910877414728961,0.9267356520433934,8.38482666015625,1.6478207111358643,0.19652412362513375,0.08
1,sco_kcal,34,0.5043601393699646,0.005456571001559496,0.6143464932995115,0.9819580017776719,0.836667001247406,0.3791756331920624,0.4531977867260699,0.3
1,sco_kcal,35,0.39012980461120605,0.01566152647137642,0.6151231847815446,0.9100310551194175,1.9695031642913818,0.26637378334999084,0.13524922842448486,0.32
1,sco_kcal,36,0.2752164304256439,0.003480881452560425,0.6721840344180767,0.9488928738872497,0.7523692846298218,0.02913767099380493,0.03872788481542166,0.18
1,sco_kcal,37,0.6154623627662659,0.0038228605408221483,0.6378823492158563,0.9417530205135729,0.510904848575592,0.49370235204696655,0.9663293535448211,0.6
1,sco_kcal,38,0.6035966277122498,0.01204032450914383,0.6148100261454987,0.9159749779475836,1.8048323392868042,1.1374397277832031,0.6302190530521371,0.38
1,sco_kcal,39,0.23848794400691986,0.03812739998102188,0.5771128521646391,0.9652761338344849,4.658335208892822,0.8596495985984802,0.18454008997836782,0.18
1,sco_kcal,40,0.5797420740127563,0.008407499641180038,0.6115297625685499,0.9572058097871137,1.1432898044586182,0.537681519985199,0.4702932868712209,0.48
1,sco_kcal,41,0.35727983713150024,0.012746218591928482,0.6247330092159662,0.9672038351103367,1.8367819786071777,0.4430082142353058,0.24118715198373006,0.24
1,sco_kcal,42,0.19172583520412445,0.018754012882709503,0.5836671483965508,0.9464406096594531,2.4172935485839844,0.3598094582557678,0.14884806128181619,0.18
1,sco_kcal,43,0.6097901463508606,0.00199048756621778,0.6175942393896072,0.9547714487064645,0.05135944113135338,0.23996442556381226,4.672255388256576,0.66
1,sco_kcal,44,0.29336676001548767,0.0174289271235466,0.6037636365254571,0.9803255556622239,2.477760076522827,0.022488908842206,0.00907630607793386,0.12
1,sco_kcal,45,0.11550415307283401,0.024657871574163437,0.5699946598646979,0.9674753728263816,2.8912606239318848,0.020231956616044044,0.006997624651537014,0.12
1,sco_kcal,46,0.12911759316921234,0.03281493857502937,0.557671225727612,0.9512640053916814,3.8032848834991455,0.5240240693092346,0.137781966211039,0.1
1,sco_kcal,47,0.15559296309947968,0.014625337906181812,0.5946390759081996,0.9657098914859223,1.8507781028747559,0.1173093318939209,0.06338379069414533,0.14
1,sco_kcal,48,0.1159992665052414,0.01864469051361084,0.6702973121048423,0.9697584902938858,3.161978006362915,0.0025566534604877234,0.000808561430643387,0.1
1,sco_kcal,49,0.35961252450942993,0.013801902532577515,0.5753706742376807,0.9169114866539849,1.6790236234664917,0.22089135646820068,0.1315594095169138,0.26
1,sco_kcal,50,0.05656111612915993,0.04234500974416733,0.5653605392972112,0.9431295809733107,4.893642902374268,0.5127736330032349,0.10478362300495006,0.1
1,sco_kcal,51,0.3612109422683716,0.02748798206448555,0.6408669775989111,0.9430853665852525,4.416392803192139,0.745320737361908,0.16876232947920647,0.2
1,sco_kcal,52,0.5322808623313904,0.001704958500340581,0.6637710019691321,0.95735240366265,0.4878862202167511,0.11233478784561157,0.23024792091013574,0.38
1,sco_kcal,53,0.24896542727947235,0.0096012894064188,0.603795796570616,0.9624916219480824,1.2849708795547485,0.012950819917023182,0.010078687480848385,0.12
1,sco_kcal,54,0.4116847813129425,0.008353744633495808,0.6024833840449171,0.9071037572779179,1.1282613277435303,0.5062585473060608,0.4487068153958216,0.28
1,sco_kcal,55,0.24924708902835846,0.02167629636824131,0.5830765497149559,0.9500530036350838,2.781064987182617,0.8006387948989868,0.28788927931888464,0.12
1,sco_kcal,56,0.1351906657218933,0.018719619140028954,0.609205822716089,0.9418435631319242,2.548863649368286,0.31340500712394714,0.12295871817294812,0.08
1,sco_kcal,57,0.23152299225330353,0.004431117791682482,0.6559268894079113,0.9586758677142,0.8026193380355835,0.10419969260692596,0.1298245477886883,0.16
1,sco_kcal,58,0.6527834534645081,0.015741456300020218,0.6187399314618454,0.9240997093626662,2.1833720207214355,1.555895209312439,0.7126111329384609,0.58
1,sco_kcal,59,0.22533679008483887,0.026557527482509613,0.5781678162708037,0.950328115438227,3.288939952850342,0.23457248508930206,0.0713216077070702,0.14
1,sco_kcal,60,0.21990373730659485,0.020949648693203926,0.6847675088742238,0.935514132159851,3.790975332260132,0.47333335876464844,0.12485793688413505,0.12
1,sco_kcal,61,0.25050580501556396,0.009438448585569859,0.5905063066624074,0.9664597972335267,1.1840647459030151,0.23761098086833954,0.20067397639402557,0.14
1,sco_kcal,62,0.9893778562545776,0.005246362183243036,0.79661797537841,0.9355715384785006,0.7629228234291077,4.80260705947876,6.295010336553429,0.84
1,sco_kcal,63,0.13313926756381989,0.004283075220882893,0.6079360422219129,0.9817754850753548,0.6514816284179688,0.030938323587179184,0.04748917273739329,0.06
1,sco_kcal,64,0.12430600076913834,0.00897666160017252,0.6024012906441802,0.9638685595207541,1.2942028045654297,0.0021035857498645782,0.001625391122970812,0.12
1,sco_kcal,65,0.3724568486213684,0.0036688940599560738,0.6114139748009171,0.9771696980706683,0.3548036515712738,0.053212206810712814,0.1499764914342304,0.24
1,sco_kcal,66,0.6028508543968201,0.010611395351588726,0.699170762661518,0.9471080683484718,1.7875317335128784,1.0101609230041504,0.5651149593965363,0.36
1,sco_kcal,67,0.17529930174350739,0.15944193303585052,0.5811172044415769,0.9750444507230063,19.62798309326172,0.130287766456604,0.0066378580946165455,0.14
1,sco_kcal,68,0.2985026240348816,0.006884173024445772,0.6263526334981364,0.9733981744902145,1.127139687538147,0.1424294114112854,0.12636358473222958,0.26
1,sco_kcal,69,0.1526358425617218,0.022237587720155716,0.7010746489219319,0.9194888230001002,4.136802673339844,0.336392879486084,0.08131712001977061,0.06
1,sco_kcal,70,0.18289916217327118,0.0074120876379311085,0.6522440986450648,0.9682676492739919,1.1094893217086792,0.0093966880813241,0.008469381270702674,0.18
1,sco_kcal,71,0.19325385987758636,0.009366524405777454,0.6349820364533882,0.9380275442430426,1.5069597959518433,0.05095524340867996,0.03381327328410578,0.12
1,sco_kcal,72,0.6204948425292969,0.0024647635873407125,0.6601889371847169,0.9649728212472517,0.4677714705467224,0.2675459384918213,0.5719586493360074,0.42
1,sco_kcal,73,0.4739268720149994,0.008057503029704094,0.6187214134686931,0.9058859866302198,1.3266619443893433,0.3909049332141876,0.29465300852819704,0.18
1,sco_kcal,74,0.6762386560440063,0.012847173027694225,0.6699723601322487,0.9095480232577198,2.133653402328491,1.6903133392333984,0.7922155198162605,0.56
1,sco_kcal,75,0.3088512420654297,0.03311280906200409,0.6476432155625949,0.9325844945875765,5.217180252075195,0.8329471945762634,0.15965467059432129,0.16
1,sco_kcal,76,0.12550297379493713,0.07188563048839569,0.599247399706184,0.928302856151991,9.424882888793945,0.468416303396225,0.04969996008684261,0.12
1,sco_kcal,77,0.2315465211868286,0.008406652137637138,0.5625845151937117,0.9749561818284584,1.0761390924453735,0.0023083877749741077,0.0021450645099497538,0.24
1,sco_kcal,78,0.143159419298172,0.008144955150783062,0.6073810409681795,0.9652219272834413,1.1651707887649536,0.14089584350585938,0.12092291092810933,0.08
1,sco_kcal,79,0.18964096903800964,0.02372661791741848,0.5974815486804388,0.9596571020069207,2.9172847270965576,0.09881783276796341,0.03387322185253832,0.18
1,sco_kcal,80,0.17560161650180817,0.04563351720571518,0.565827016702539,0.9256746715138366,5.274828910827637,0.23909828066825867,0.04532815845030762,0.18
1,sco_kcal,81,0.39917194843292236,0.0029572155326604843,0.596452705358586,0.9640947278095238,0.2940234839916229,0.15913386642932892,0.5412284225360136,0.38
1,sco_kcal,82,0.3360922634601593,0.00410370621830225,0.6112157468826522,0.975882440225319,0.7367438077926636,0.04997772350907326,0.06783596004533793,0.16
1,sco_kcal,83,0.2658112049102783,0.019502729177474976,0.6256929523365398,0.9741104827452849,2.747532367706299,0.1991943120956421,0.07249935048515331,0.28
1,sco_kcal,84,0.2908085584640503,0.0073943790048360825,0.5924649486338562,0.9578630918189692,1.0505383014678955,0.06824079900979996,0.0649579352932192,0.16
1,sco_kcal,85,0.18124741315841675,0.04292896017432213,0.5841097635491166,0.939561981538884,5.1165852546691895,0.7121468782424927,0.13918401488426604,0.18
1,sco_kcal,86,0.45594915747642517,0.004298591986298561,0.6120900932437767,0.9724121574804185,0.6469520926475525,0.24898557364940643,0.3848593682268977,0.4
1,sco_kcal,87,0.1535630077123642,0.014652161858975887,0.6142721848991588,0.9472970141137795,2.144028663635254,0.049750182777643204,0.02320406607497986,0.06
1,sco_kcal,88,0.31943050026893616,0.008497588336467743,0.627230354645993,0.9645403155421557,1.3432950973510742,0.0330786406993866,0.024624999201304607,0.22
1,sco_kcal,89,0.268320769071579,0.006029050797224045,0.6784629407041847,0.9456060559315798,1.1133428812026978,0.2931061387062073,0.26326672910467347,0.16
1,sco_kcal,90,0.9876788258552551,0.0019663884304463863,0.8014120310416062,0.9456345421459091,0.10093321651220322,1.385105013847351,13.722984976703744,0.98
1,sco_kcal,91,0.20330439507961273,0.007424832321703434,0.6428231244222598,0.9742619461995492,1.2298059463500977,0.1558113843202591,0.12669591067004254,0.1
1,sco_kcal,92,0.20183342695236206,0.013688803650438786,0.6117759163978014,0.9488338212090632,2.044210433959961,0.0811954140663147,0.039719694566388776,0.16
1,sco_kcal,93,0.17763330042362213,0.07104901969432831,0.5993435515504217,0.9281368683876716,9.64991569519043,0.8649203777313232,0.08962983771582629,0.08
1,sco_kcal,94,0.3700946569442749,0.012897353619337082,0.6820866738016385,0.9718220703449469,2.291006565093994,0.47878026962280273,0.20898249569318,0.16
1,sco_kcal,95,0.3729138672351837,0.006503324024379253,0.6482969644119183,0.9791017881323976,1.1257394552230835,0.22200404107570648,0.19720730231642525,0.32
1,sco_kcal,96,0.16283264756202698,0.03486473858356476,0.6266428512597628,0.938906759206052,4.914805889129639,0.05663933604955673,0.01152422645517481,0.04
1,sco_kcal,97,0.3898850381374359,0.002408788539469242,0.6054060086755961,0.9681780215125151,0.26461201906204224,0.21179908514022827,0.8004136996156959,0.22
1,sco_kcal,98,0.30334728956222534,0.0034367404878139496,0.6118441874223484,0.9754581988260218,0.5541328191757202,0.12077638506889343,0.21795566133142932,0.08
1,sco_kcal,99,0.0967496708035469,0.048047441989183426,0.5637354807618999,0.9518910230144202,5.369020462036133,0.034556563943624496,0.0064362883673047796,0.1
1,sco_kcal,100,0.2233814150094986,0.03592094033956528,0.5808367222026829,0.9436414118641743,4.597963809967041,0.4829126298427582,0.10502749690981578,0.06
1,sco_kcal,101,0.3407039940357208,0.010115405544638634,0.5918942870967716,0.9401453446543626,1.352160096168518,0.5084537863731384,0.37603075835020827,0.24
1,sco_kcal,102,0.22657088935375214,0.01925569772720337,0.6761459748783443,0.9695932643809897,3.3694920539855957,0.1633896827697754,0.04849089422143325,0.08
1,sco_kcal,103,0.9495319724082947,0.0037060824688524008,0.7293775343552895,0.9555381030921863,0.6927817463874817,1.0052497386932373,1.451033812503178,0.94
1,sco_kcal,104,0.611828625202179,0.004881849512457848,0.640401343592466,0.9712908536210849,0.6360313892364502,0.38770803809165955,0.6095737484860605,0.56
1,sco_kcal,105,0.09921272099018097,0.030504511669278145,0.6337575739732564,0.9320514644207665,4.529234409332275,0.04775494337081909,0.010543712039372983,0.06
1,sco_kcal,106,0.1750217229127884,0.01382429338991642,0.6085033659330101,0.9692450410986437,2.0195322036743164,0.1727442443370819,0.08553676144544405,0.1
1,sco_kcal,107,0.6216722726821899,0.04856753721833229,0.6100671907852657,0.9618294096713551,6.494771957397461,2.089165210723877,0.3216687551815187,0.38
1,sco_kcal,108,0.22276657819747925,0.0032453713938593864,0.6072041061019275,0.9571848879454283,0.3246397376060486,0.035147525370121,0.10826624500532539,0.38
1,sco_kcal,109,0.39669564366340637,0.009966409765183926,0.5933638641682051,0.9209592451302961,1.4517048597335815,0.2605282664299011,0.17946365935408767,0.24
1,sco_kcal,110,0.11816959083080292,0.014758161269128323,0.6060577133682266,0.9784338779215407,2.109165906906128,0.05161039158701897,0.024469574165801256,0.06
1,sco_kcal,111,0.34990203380584717,0.008109411224722862,0.6362948510644182,0.986372716296128,1.3167246580123901,0.0005060922121629119,0.0003843569033839341,0.34
1,sco_kcal,112,0.14276248216629028,0.03252917155623436,0.5906488798188774,0.9795214124149252,4.122631549835205,0.2012706696987152,0.048820921119366256,0.1
1,sco_kcal,113,0.36703920364379883,0.014511526562273502,0.5980840845214932,0.9266737195385408,1.8074058294296265,0.3958571255207062,0.21901950246870075,0.24
1,sco_kcal,114,0.8958503603935242,0.011238480918109417,0.6809640074949113,0.9624895523296975,1.5127795934677124,2.6658225059509277,1.7622015245724723,0.72
1,sco_kcal,115,0.6542592644691467,0.042304638773202896,0.6158534274335004,0.9522641064407507,5.900223731994629,3.314060688018799,0.5616839019252661,0.42
1,sco_kcal,116,0.28547629714012146,0.010129604488611221,0.6170667087418185,0.9279151854652674,1.4656401872634888,0.0932835191488266,0.06364694415414275,0.32
1,sco_kcal,117,0.5369162559509277,0.00930365826934576,0.6006754580781584,0.9113788886552014,1.3381723165512085,0.565183699131012,0.4223549479693513,0.32
1,sco_kcal,118,0.25269171595573425,0.02188924141228199,0.6104217832524639,0.9510542849229426,2.8157577514648438,0.20535147190093994,0.07292938172472749,0.16
1,sco_kcal,119,0.23600897192955017,0.009379387833178043,0.6122436641346494,0.9895468593798766,1.2535290718078613,0.18666017055511475,0.14890773158209264,0.16
1,sco_kcal,120,0.23685725033283234,0.010380408726632595,0.608952062436986,0.956664179927845,1.3550498485565186,0.1385011076927185,0.10221107942284065,0.1
1,sco_kcal,121,0.42936867475509644,0.017577895894646645,0.6001134561020094,0.9946359973128347,2.2755072116851807,0.5638554096221924,0.2477932861415174,0.28
1,sco_kcal,122,0.5533331036567688,0.005517240148037672,0.6106176199539353,0.97895146219026,0.6381321549415588,0.3039986491203308,0.47638823207110054,0.28
1,sco_kcal,123,0.3801950514316559,0.007675555068999529,0.6457850138226287,0.9592153835153645,1.2071478366851807,0.23446761071681976,0.19423272244820167,0.2
1,sco_kcal,124,0.22965334355831146,0.0024401722475886345,0.5947908157727195,0.9840989048836484,0.17633245885372162,0.14167670905590057,0.8034635822405785,0.1
1,sco_kcal,125,0.3942212462425232,0.003162199631333351,0.6043790570932694,0.9492810795756115,0.37741851806640625,0.126822829246521,0.33602704471487194,0.3
1,sco_kcal,126,0.3686373233795166,0.00506438547745347,0.5713775572678181,0.963216043525839,0.7514380216598511,0.09812560677528381,0.13058376598848992,0.34
1,sco_kcal,127,0.27401426434516907,0.005591130815446377,0.5989305196145875,0.9535638568987126,0.7772868871688843,0.09710493683815002,0.12492805223028501,0.16
1,sco_kcal,128,0.5850344300270081,0.0024698039051145315,0.6534614722495744,0.9694431703182809,0.5060785412788391,0.20689736306667328,0.4088246115787727,0.44
1,sco_kcal,129,0.33090338110923767,0.038683973252773285,0.6140265596592631,0.9281783588946886,5.3143229484558105,1.6083905696868896,0.3026520189470686,0.16
1,sco_kcal,130,0.14355771243572235,0.005586332641541958,0.6232776264700648,0.9654571698371734,0.9201471209526062,0.006411073263734579,0.006967443703021479,0.1
1,sco_kcal,131,0.3637845814228058,0.007989941164851189,0.6452819610483755,0.9501586270810694,1.37233304977417,0.38209372758865356,0.2784263831957779,0.3
1,sco_kcal,132,0.32248154282569885,0.019615257158875465,0.6378638422613936,0.9172831984626115,3.0932059288024902,0.4445098340511322,0.1437052185604793,0.2
1,sco_kcal,133,0.756030261516571,0.0067197117023169994,0.6687936924215827,0.9055679043391345,1.2489728927612305,1.2297604084014893,0.9846173728260297,0.66
1,sco_kcal,134,0.3208043873310089,0.01930144988000393,0.6552918149698213,0.9168606767774232,3.2193052768707275,1.086601734161377,0.3375267769627583,0.16
1,sco_kcal,135,0.5236213207244873,0.007849213667213917,0.6382161233958878,0.9572786175739656,1.0769798755645752,0.549599289894104,0.5103152829164915,0.34
1,sco_kcal,136,0.2428722083568573,0.01836959645152092,0.6147058011960902,0.9793091617778606,2.5798134803771973,0.38531312346458435,0.1493569695620969,0.14
1,sco_kcal,137,0.14581909775733948,0.016030199825763702,0.6526502155532872,0.9707456970705268,2.5408718585968018,0.07496090233325958,0.029502039656048137,0.1
1,sco_kcal,138,0.12958145141601562,0.015472408384084702,0.6075269837278656,0.9746879863214819,2.0446114540100098,0.02587268501520157,0.012654083965175178,0.14
1,sco_kcal,139,0.25891393423080444,0.018584929406642914,0.6113629179770075,0.9621228510894846,2.614117383956909,0.28021296858787537,0.10719219049135643,0.18
1,sco_kcal,140,0.5388585329055786,0.024017727002501488,0.577186356210394,0.933954953102335,2.7379701137542725,1.6831108331680298,0.6147294394167685,0.4
1,sco_kcal,141,0.17356297373771667,0.07472988963127136,0.5523018427738382,0.9227505634596118,8.416293144226074,1.2390509843826294,0.1472205118274272,0.1
1,sco_kcal,142,-0.02903628535568714,0.0020471441093832254,0.5986418077931426,0.9568216631954929,0.22917534410953522,0.04435895010828972,0.19355899859405554,0.16
1,sco_kcal,143,0.7649487853050232,0.01100463792681694,0.6588276936185375,0.8862635269820056,1.5499125719070435,1.5903594493865967,1.026096231627947,0.46
1,sco_kcal,144,0.8248792886734009,0.00537315895780921,0.6958747935591112,0.931721807167708,0.8556206226348877,1.027496576309204,1.200878694514192,0.66
1,sco_kcal,145,0.3036844730377197,0.031521350145339966,0.5910824049705332,0.9110371359907998,4.017927646636963,0.9477059841156006,0.23586935043711849,0.2
1,sco_kcal,146,0.16252338886260986,0.006132258102297783,0.6017860886649864,0.9651771851272815,0.9300628304481506,0.07098587602376938,0.07632374254711893,0.08
1,sco_kcal,147,0.6885629892349243,0.009229487739503384,0.6264979950222713,0.9321216852971876,1.2576873302459717,0.9853135347366333,0.7834328223247117,0.54
1,sco_kcal,148,0.14199213683605194,0.013485069386661053,0.6082400558547907,0.9518545454263405,1.9316105842590332,0.10126848518848419,0.05242696743004793,0.12
1,sco_kcal,149,0.4125686287879944,0.0033436566591262817,0.6318549452457829,0.9826995678121997,0.6570598483085632,0.17011456191539764,0.2589026895393398,0.28
1,sco_kcal,150,0.05700981616973877,0.05782739445567131,0.5680031729288826,0.9024553123327463,6.754987716674805,0.8830446600914001,0.1307248357997142,0.12
1,sco_kcal,151,0.21736747026443481,0.03939999267458916,0.6040408657618519,0.9802502383148683,5.119586944580078,0.001593280117958784,0.0003112126300824976,0.18
1,sco_kcal,152,0.43693801760673523,0.03157185763120651,0.5934162943823869,0.9435450794375546,4.263393878936768,1.267250895500183,0.2972399293813825,0.26
1,sco_kcal,153,0.923344612121582,0.0018017941620200872,0.7137965208794481,0.9689387795729536,0.21492338180541992,0.5516266226768494,2.566619871895848,0.86
1,sco_kcal,154,0.12921024858951569,0.060079049319028854,0.601439700179879,0.9527157542899696,7.690669059753418,0.06323739141225815,0.008222612482857987,0.06
1,sco_kcal,155,0.1562204211950302,0.008918855339288712,0.6226614660014675,0.9521957181998164,1.3501386642456055,0.1087222695350647,0.08052674322589942,0.04
1,sco_kcal,156,0.4665348529815674,0.009373148903250694,0.5954606332404015,0.9725691212059415,1.2641265392303467,0.24331387877464294,0.1924758884682404,0.36
1,sco_kcal,157,0.17207224667072296,0.01581432670354843,0.582892995925478,0.9663841685825505,1.9711129665374756,0.0016036552842706442,0.0008135785779379656,0.12
1,sco_kcal,158,0.5197228193283081,0.01890084147453308,0.6497084368051638,0.9023812951633758,2.8303062915802,1.5791258811950684,0.5579346256243596,0.38
1,sco_kcal,159,0.3803083002567291,0.00403903191909194,0.6027757310329529,0.9716233832545591,0.7133997678756714,0.1400344967842102,0.19629176107135332,0.24
1,sco_kcal,160,0.281291127204895,0.014843927696347237,0.5752183349345583,0.92482263846114,1.8402683734893799,0.06238088756799698,0.03389771213082089,0.14
1,sco_kcal,161,0.4924720525741577,0.006120618432760239,0.6788639499493032,0.9661472846749588,1.1395084857940674,0.0028629745356738567,0.002512464427747364,0.38
1,sco_kcal,162,0.46125468611717224,0.005314277950674295,0.6073498889731226,0.9542920050772201,0.8058673739433289,0.323603093624115,0.40155874786273676,0.32
1,sco_kcal,163,0.2033015936613083,0.008953060954809189,0.6735480188027669,0.9413611122913643,1.5945276021957397,0.10656466335058212,0.06683149492290855,0.02
1,sco_kcal,164,0.5316893458366394,0.007376660592854023,0.6398311454326431,0.9184760701011945,1.0969069004058838,0.3396196663379669,0.3096157624792942,0.18
1,sco_kcal,165,0.37065961956977844,0.0036563135217875242,0.607213760279296,0.9332835746826444,0.6450871229171753,0.13681621849536896,0.21208952036845294,0.2
1,sco_kcal,166,0.12019620090723038,0.02069411240518093,0.6028695411030709,0.9552874783124699,2.8858559131622314,0.1899629682302475,0.06582552072812671,0.06
1,sco_kcal,167,0.15630574524402618,0.033454980701208115,0.5784789424548924,0.9517070483091534,3.7773728370666504,0.03284379094839096,0.008694876668276164,0.12
1,sco_kcal,168,0.40183204412460327,0.002664129249751568,0.5987820123493479,0.9594050029242374,0.21444539725780487,0.15221193432807922,0.709793431215924,0.4
1,sco_kcal,169,0.31729263067245483,0.018288666382431984,0.601659191899212,0.928379742238802,2.4636988639831543,0.45166903734207153,0.1833296446838642,0.24
1,sco_kcal,170,0.27180179953575134,0.018303358927369118,0.5845515988428136,0.9470180459699908,2.2574541568756104,0.4369776248931885,0.19357098506840983,0.22
1,sco_kcal,171,0.8287233114242554,0.004886568058282137,0.7017779339186201,0.9535953649626916,0.7206590175628662,1.0316638946533203,1.4315562138419002,0.64
1,sco_kcal,172,0.4140321910381317,0.0133317019790411,0.5979937376269622,0.9375341933687111,1.8202755451202393,0.2780356705188751,0.15274372677489842,0.24
1,sco_kcal,173,0.08088480681180954,0.06916983425617218,0.5930362399991602,0.963104506422569,8.41113567352295,0.0901593491435051,0.010719045874781669,0.08
1,sco_kcal,174,0.8196605443954468,0.007312399800866842,0.649198420135829,0.977834320830848,0.9437187314033508,1.0519359111785889,1.1146710096707675,0.66
1,sco_kcal,175,0.18190936744213104,0.023962510749697685,0.5704410237189272,0.958488569916502,2.8834214210510254,0.3998672068119049,0.13867803155396924,0.16
1,sco_kcal,176,0.2996443212032318,0.006761870812624693,0.6134451607984168,0.9765225993154374,0.8201810717582703,0.02710079587996006,0.033042454664142025,0.18
1,sco_kcal,177,0.3915729224681854,0.02092067152261734,0.5918268307537151,0.9553315431475722,2.8330421447753906,0.1277618408203125,0.04509704914059502,0.24
1,sco_kcal,178,0.3465312123298645,0.009128471836447716,0.6175016637526363,0.9742952436576198,1.3999719619750977,0.0420936644077301,0.03006750531513777,0.36
1,sco_kcal,179,0.1136474460363388,0.03805647790431976,0.5685100181077574,0.9678790347782411,4.440049648284912,0.020137125626206398,0.004535337940192831,0.14
1,sco_kcal,180,0.4461486041545868,0.009918104857206345,0.604621117518636,0.954476446356342,1.388003945350647,0.37945449352264404,0.2733814228653245,0.26
1,sco_kcal,181,0.4326491057872772,0.002941802144050598,0.5997575919494029,0.9486172004346534,0.2846069633960724,0.09075716882944107,0.3188859743503153,0.32
1,sco_kcal,182,0.2534949481487274,0.006021123845130205,0.6006416926012219,0.9655840989087714,0.7757712602615356,0.1363675743341446,0.17578322544221478,0.24
1,sco_kcal,183,0.6042138338088989,0.010300770401954651,0.6343609536583119,0.9632648748631953,1.4001679420471191,0.9135987758636475,0.6524922821243272,0.4
1,sco_kcal,184,0.26908984780311584,0.016334936022758484,0.5929377858659592,0.9551572127834664,2.166820526123047,0.4848528504371643,0.2237623488386832,0.18
1,sco_kcal,185,0.1523757427930832,0.029440315440297127,0.6379819930905462,0.9757614178636234,4.481491565704346,0.0015474739484488964,0.0003453033271983149,0.12
1,sco_kcal,186,0.9831333160400391,0.004358354955911636,0.7484742454359035,0.9899079942484352,0.5817813277244568,2.85370135307312,4.905109904841583,0.62
1,sco_kcal,187,0.07010093331336975,0.22755146026611328,0.5740979761230762,0.9376658631107857,26.74491310119629,0.7610901594161987,0.02845738015810399,0.02
1,sco_kcal,188,0.26356229186058044,0.0165459793061018,0.5711070562104457,0.9379060139280244,2.048712968826294,0.2777057886123657,0.1355513402013866,0.22
1,sco_kcal,189,0.24504750967025757,0.008755583316087723,0.6395776108051967,0.9136658862639602,1.4149832725524902,0.16264791786670685,0.1149468838407581,0.14
1,sco_kcal,190,0.24409808218479156,0.050364211201667786,0.5985530642341181,0.9453965904680244,6.330130100250244,0.3041650652885437,0.04805036554880908,0.14
1,sco_kcal,191,0.3532842993736267,0.01808549277484417,0.5999225148190763,0.9553682339336524,2.3932251930236816,0.18972823023796082,0.07927721586377409,0.2
1,sco_kcal,192,0.49604618549346924,0.009873463772237301,0.5961884164583924,0.9301125750131354,1.1308178901672363,0.3130369484424591,0.2768234842801825,0.32
1,sco_kcal,193,0.5052488446235657,0.003033636137843132,0.6956214834532661,0.964531914115708,0.6342722177505493,0.24345247447490692,0.3838296360170287,0.38
1,sco_kcal,194,0.4016772508621216,0.007441728375852108,0.6424653465567491,0.8984770781343656,1.2683906555175781,0.2933349609375,0.23126546987828608,0.3
1,sco_kcal,195,0.5069641470909119,0.008935879915952682,0.6292888936469692,0.9329512616199289,1.285561442375183,0.5389490127563477,0.4192324030507589,0.4
1,sco_kcal,196,0.8635361194610596,0.0027326815761625767,0.6785291516722842,0.9679807482013523,0.2522598206996918,0.6000087857246399,2.3785348933508264,0.72
1,sco_kcal,197,0.754824697971344,0.0031819059513509274,0.6398601562705257,0.9435667441047721,0.6875075697898865,0.2941964864730835,0.4279174505133009,0.68
1,sco_kcal,198,0.7795342803001404,0.0021855602972209454,0.6692754415733626,0.9748839125900179,0.31187698245048523,0.3970228135585785,1.2730109495067061,0.68
1,sco_kcal,199,0.8754910230636597,0.0074992491863667965,0.6895284562086375,0.9234094129103538,1.1800413131713867,1.7016338109970093,1.442012065174084,0.74
1,sco_kcal,200,0.3188745379447937,0.01206354983150959,0.5810814206602419,0.9499972756854413,1.421081781387329,0.15453875064849854,0.10874726048322869,0.24
1,sco_kcal,201,0.0642583891749382,0.08049973845481873,0.5974834955455537,0.9762415222776013,10.647912979125977,0.03673093393445015,0.0034495899812908852,0.02
1,sco_kcal,202,0.47121015191078186,0.008219651877880096,0.6420678443336032,0.9342590258581216,1.355841040611267,0.3835204839706421,0.2828653746885666,0.3
1,sco_kcal,203,0.14049798250198364,0.015415447764098644,0.5987746870553929,0.9497254298086779,2.1310431957244873,0.3337710499763489,0.15662331511908997,0.14
1,sco_kcal,204,0.3957284986972809,0.014953493140637875,0.6199629496337633,0.9378395500740937,2.0728983879089355,0.7337097525596619,0.35395355452024907,0.36
1,sco_kcal,205,0.13433587551116943,0.006009547971189022,0.6153789896453674,0.9627202133035466,0.9531943798065186,0.09793797135353088,0.10274711373498713,0.1
1,sco_kcal,206,0.36762499809265137,0.00273179542273283,0.5987604803199378,0.9795564680810256,0.34384074807167053,0.13709719479084015,0.39872294240781336,0.3
1,sco_kcal,207,0.09972058981657028,0.015977783128619194,0.657459985203503,0.964963456614857,2.481228828430176,0.01844668760895729,0.007434496729037339,0.1
1,sco_kcal,208,0.43403923511505127,0.019686328247189522,0.5933766293473735,0.9139177016587157,2.4281275272369385,0.8613714575767517,0.3547472066086002,0.32
1,sco_kcal,209,0.11047520488500595,0.016694026067852974,0.613356548309659,0.9688707621322734,2.283748149871826,0.03980044275522232,0.017427684728482908,0.1
1,sco_kcal,210,0.6269100308418274,0.008305000141263008,0.6089322479810753,0.9391894896102286,1.0592269897460938,0.3951915502548218,0.37309429808765804,0.44
1,sco_kcal,211,0.31885096430778503,0.02594721131026745,0.6175954325561601,0.9610637911821671,3.7537295818328857,0.9341622591018677,0.2488624283493888,0.2
1,sco_kcal,212,0.33683446049690247,0.003935832995921373,0.6405824223223324,0.955343167806499,0.7093722224235535,0.13033723831176758,0.18373603334293734,0.2
1,sco_kcal,213,0.6491250395774841,0.008622870780527592,0.658660458456646,0.936605785858583,1.4631900787353516,0.8793244361877441,0.6009639136890214,0.44
1,sco_kcal,214,0.3366997241973877,0.0215108934789896,0.6439140858169197,0.9608889189666905,3.4668967723846436,0.06012332811951637,0.017342116615188863,0.2
1,sco_kcal,215,0.2709197700023651,0.007420999929308891,0.6228140684687675,0.9843105215499648,1.2016135454177856,0.22089149057865143,0.183829061698743,0.16
1,sco_kcal,216,0.20936337113380432,0.002857619198039174,0.6425559869182809,0.975098411224016,0.5455759763717651,0.0710141584277153,0.13016364631738292,0.08
1,sco_kcal,217,0.43131276965141296,0.008838816545903683,0.59534045584883,0.8820952730987321,1.294097900390625,0.45910415053367615,0.35476771146533426,0.24
1,sco_kcal,218,0.13423731923103333,0.024376709014177322,0.6110795295667666,0.981329801956172,3.5119388103485107,0.004479266703128815,0.0012754398481915209,0.04
1,sco_kcal,219,0.1998918503522873,0.0034012747928500175,0.6331274294904055,0.9535390606285881,0.4784182906150818,0.06081709265708923,0.12712116959177985,0.12
1,sco_kcal,220,0.14069092273712158,0.002886740490794182,0.5898839384061947,0.9582700544767384,0.2617034614086151,0.059158630669116974,0.22605215212170485,0.18
1,sco_kcal,221,0.3305368423461914,0.026469187811017036,0.6021693685887501,0.9524434105827055,3.8618273735046387,0.6046696901321411,0.15657605367880506,0.18
1,sco_kcal,222,0.3441304564476013,0.02731500193476677,0.6225192790879275,0.9183843302608539,3.7626922130584717,0.7232021689414978,0.19220338204427548,0.2
1,sco_kcal,223,0.16498629748821259,0.01284464355558157,0.5829164058743084,0.9443844631172089,1.72074294090271,0.15575329959392548,0.09051514662161947,0.08
1,sco_kcal,224,0.3807254731655121,0.005824897903949022,0.6197753418799152,0.9374302336753706,0.895146906375885,0.17122244834899902,0.19127860145572603,0.14
1,sco_kcal,225,0.04676259309053421,0.02980322577059269,0.5728786513635789,0.949671928227082,3.691856861114502,0.0073422715067863464,0.0019887746960400446,0.1
1,sco_kcal,226,0.4775603413581848,0.005633726250380278,0.6143185135232341,0.9495883856519294,0.8915770649909973,0.2603001296520233,0.2919547169538863,0.4
1,sco_kcal,227,0.19035059213638306,0.07506735622882843,0.5951149178613033,0.9308077508486816,9.448355674743652,0.6093870401382446,0.06449662365772213,0.08
1,sco_kcal,228,0.14070263504981995,0.019560866057872772,0.6143932130791216,0.9671571279599704,2.864370584487915,0.1991373747587204,0.06952221051185026,0.08
1,sco_kcal,229,0.1790904700756073,0.020328499376773834,0.5587960214816068,0.974384661934643,2.4710183143615723,0.04581720009446144,0.01854182942642376,0.1
1,sco_kcal,230,0.21888384222984314,0.01752670295536518,0.5660485944077784,0.9403681063433846,2.121403455734253,0.1376977115869522,0.06490878065402828,0.18
1,sco_kcal,231,0.3487849533557892,0.028961261734366417,0.610953789591038,0.8955739138536696,4.202467918395996,1.5600627660751343,0.3712253838384045,0.24
1,sco_kcal,232,0.24230803549289703,0.02439459227025509,0.6107420704999309,0.9526209702232826,3.1941070556640625,0.1339883804321289,0.041948619159313805,0.22
1,sco_kcal,233,0.95441073179245,0.0026571524795144796,0.7481931268703743,0.9338723707887469,0.3147166073322296,1.054229974746704,3.349775481132489,0.92
1,sco_kcal,234,0.35955479741096497,0.010128891095519066,0.6623610096702064,0.93666652895615,1.6458923816680908,0.10110481083393097,0.06142856723807333,0.22
1,sco_kcal,235,0.27561521530151367,0.010168313048779964,0.5774729162788574,0.9666754299309701,1.258422613143921,0.2464958280324936,0.19587682663828834,0.2
1,sco_kcal,236,0.3076712489128113,0.015256529673933983,0.6211563225877421,0.9619626886606636,2.236093044281006,0.5014452934265137,0.22425063872409146,0.16
1,sco_kcal,237,0.11031416058540344,0.01446785219013691,0.5712229514931761,0.9403773774430226,1.7561012506484985,0.011364505626261234,0.006471440995822145,0.12
1,sco_kcal,238,0.5464189052581787,0.00850339699536562,0.6007101404970088,0.9697208774810364,1.3000847101211548,0.1339590847492218,0.10303873563495579,0.44
1,sco_kcal,239,0.842548131942749,0.007716048043221235,0.6837241457303951,0.9451143610756867,1.0650972127914429,1.5075335502624512,1.4153952636036444,0.78
1,sco_kcal,240,0.1143113523721695,0.025508927181363106,0.6307964082114081,0.9157475198315013,3.896778106689453,0.3261250853538513,0.08369095607317352,0.08
1,sco_kcal,241,0.681541919708252,0.003716554958373308,0.6545590130883605,0.9376392416306663,0.5756862163543701,0.5106620192527771,0.8870492374936998,0.5
1,sco_kcal,242,0.22473274171352386,0.005903256591409445,0.6157186338263716,0.9580443598763184,0.9473698735237122,0.1829814910888672,0.19314683335693728,0.1
1,sco_kcal,243,0.2611718475818634,0.007471793331205845,0.634696518047903,0.9489717287989063,1.2086915969848633,0.2077765315771103,0.17190202372169905,0.18
1,sco_kcal,244,0.5149105191230774,0.07421903312206268,0.5839884725575448,0.9856898251419082,9.493536949157715,0.13715310394763947,0.014446997434376442,0.46
1,sco_kcal,245,0.30792680382728577,0.004103721585124731,0.5945343140519963,0.9524780140123776,0.564246416091919,0.067851722240448,0.12025193303025707,0.24
1,sco_kcal,246,0.18465104699134827,0.007868964225053787,0.612536479492173,0.9626224871032683,1.1832200288772583,0.23309697210788727,0.19700221972160992,0.16
1,sco_kcal,247,0.3300621509552002,0.004193863365799189,0.6232982043331261,0.9730525098573819,0.7079456448554993,0.13534384965896606,0.19117830675629266,0.12
1,sco_kcal,248,0.13547326624393463,0.026694629341363907,0.6694417017460899,0.9696287236274928,4.544114112854004,0.33413419127464294,0.07353120607809398,0.08
1,sco_kcal,249,0.3929208219051361,0.004071708302944899,0.6554921605690169,0.9670686218852658,0.8121822476387024,0.10378620773553848,0.12778684591701095,0.36
1,water_gsolv_eV,0,1.0,0.0,0.6771618131685402,0.6771618131685402,,,,1.0
1,water_gsolv_eV,1,1.0,0.0,0.6771618131685402,0.6771618131685402,,,,1.0
1,water_gsolv_eV,2,1.0,0.0,0.6771618131685402,0.6771618131685402,,,,1.0
1,water_gsolv_eV,3,1.0,0.0,0.6771618131685402,0.6771618131685402,,,,1.0
1,water_gsolv_eV,4,1.0,0.0,0.6771618131685402,0.6771618131685402,,,,1.0
1,water_gsolv_eV,5,1.0,0.0,0.6771618131685402,0.6771618131685402,,,,1.0
1,water_gsolv_eV,6,1.0,0.0,0.6771618131685402,0.6771618131685402,,,,1.0
1,water_gsolv_eV,7,1.0,0.0,0.6771618131685402,0.6771618131685402,,,,1.0
1,water_gsolv_eV,8,1.0,0.0,0.6771618131685402,0.6771618131685402,,,,1.0
1,water_gsolv_eV,9,1.0,0.0,0.6771618131685402,0.6771618131685402,,,,1.0
1,water_gsolv_eV,10,1.0,0.0,0.6771618131685402,0.6771618131685402,,,,1.0
1,water_gsolv_eV,11,1.0,0.0,0.6771618131685402,0.6771618131685402,,,,1.0
1,water_gsolv_eV,12,1.0,0.0,0.6771618131685402,0.6771618131685402,,,,1.0
1,water_gsolv_eV,13,1.0,0.0,0.6771618131685402,0.6771618131685402,,,,1.0
1,water_gsolv_eV,14,1.0,0.0,0.6771618131685402,0.6771618131685402,,,,1.0
1,water_gsolv_eV,15,1.0,0.0,0.6771618131685402,0.6771618131685402,,,,1.0
1,water_gsolv_eV,16,1.0,0.0,0.6771618131685402,0.6771618131685402,,,,1.0
1,water_gsolv_eV,17,1.0,0.0,0.6771618131685402,0.6771618131685402,,,,1.0
1,water_gsolv_eV,18,1.0,0.0,0.6771618131685402,0.6771618131685402,,,,1.0
1,water_gsolv_eV,19,1.0,0.0,0.6771618131685402,0.6771618131685402,,,,1.0
1,water_gsolv_eV,20,1.0,0.0,0.6771618131685402,0.6771618131685402,,,,1.0
1,water_gsolv_eV,21,1.0,0.0,0.6771618131685402,0.6771618131685402,,,,1.0
1,water_gsolv_eV,22,1.0,0.0,0.6771618131685402,0.6771618131685402,,,,1.0
1,water_gsolv_eV,23,1.0,0.0,0.6771618131685402,0.6771618131685402,,,,1.0
1,water_gsolv_eV,24,1.0,0.0,0.6771618131685402,0.6771618131685402,,,,1.0
1,water_gsolv_eV,25,1.0,0.0,0.6771618131685402,0.6771618131685402,,,,1.0
1,water_gsolv_eV,26,1.0,0.0,0.6771618131685402,0.6771618131685402,,,,1.0
1,water_gsolv_eV,27,1.0,0.0,0.6771618131685402,0.6771618131685402,,,,1.0
1,water_gsolv_eV,28,1.0,0.0,0.6771618131685402,0.6771618131685402,,,,1.0
1,water_gsolv_eV,29,1.0,0.0,0.6771618131685402,0.6771618131685402,,,,1.0
1,water_gsolv_eV,30,1.0,0.0,0.6771618131685402,0.6771618131685402,,,,1.0
1,water_gsolv_eV,31,1.0,0.0,0.6771618131685402,0.6771618131685402,,,,1.0
1,water_gsolv_eV,32,1.0,0.0,0.6771618131685402,0.6771618131685402,,,,1.0
1,water_gsolv_eV,33,1.0,0.0,0.6771618131685402,0.6771618131685402,,,,1.0
1,water_gsolv_eV,34,1.0,0.0,0.6771618131685402,0.6771618131685402,,,,1.0
1,water_gsolv_eV,35,1.0,0.0,0.6771618131685402,0.6771618131685402,,,,1.0
1,water_gsolv_eV,36,1.0,0.0,0.6771618131685402,0.6771618131685402,,,,1.0
1,water_gsolv_eV,37,1.0,0.0,0.6771618131685402,0.6771618131685402,,,,1.0
1,water_gsolv_eV,38,1.0,0.0,0.6771618131685402,0.6771618131685402,,,,1.0
1,water_gsolv_eV,39,1.0,0.0,0.6771618131685402,0.6771618131685402,,,,1.0
1,water_gsolv_eV,40,1.0,0.0,0.6771618131685402,0.6771618131685402,,,,1.0
1,water_gsolv_eV,41,1.0,0.0,0.6771618131685402,0.6771618131685402,,,,1.0
1,water_gsolv_eV,42,1.0,0.0,0.6771618131685402,0.6771618131685402,,,,1.0
1,water_gsolv_eV,43,1.0,0.0,0.6771618131685402,0.6771618131685402,,,,1.0
1,water_gsolv_eV,44,1.0,0.0,0.6771618131685402,0.6771618131685402,,,,1.0
1,water_gsolv_eV,45,1.0,0.0,0.6771618131685402,0.6771618131685402,,,,1.0
1,water_gsolv_eV,46,1.0,0.0,0.6771618131685402,0.6771618131685402,,,,1.0
1,water_gsolv_eV,47,1.0,0.0,0.6771618131685402,0.6771618131685402,,,,1.0
1,water_gsolv_eV,48,1.0,0.0,0.6771618131685402,0.6771618131685402,,,,1.0
1,water_gsolv_eV,49,1.0,0.0,0.6771618131685402,0.6771618131685402,,,,1.0
1,water_gsolv_eV,50,1.0,0.0,0.6771618131685402,0.6771618131685402,,,,1.0
1,water_gsolv_eV,51,1.0,0.0,0.6771618131685402,0.6771618131685402,,,,1.0
1,water_gsolv_eV,52,1.0,0.0,0.6771618131685402,0.6771618131685402,,,,1.0
1,water_gsolv_eV,53,1.0,0.0,0.6771618131685402,0.6771618131685402,,,,1.0
1,water_gsolv_eV,54,1.0,0.0,0.6771618131685402,0.6771618131685402,,,,1.0
1,water_gsolv_eV,55,1.0,0.0,0.6771618131685402,0.6771618131685402,,,,1.0
1,water_gsolv_eV,56,1.0,0.0,0.6771618131685402,0.6771618131685402,,,,1.0
1,water_gsolv_eV,57,1.0,0.0,0.6771618131685402,0.6771618131685402,,,,1.0
1,water_gsolv_eV,58,1.0,0.0,0.6771618131685402,0.6771618131685402,,,,1.0
1,water_gsolv_eV,59,1.0,0.0,0.6771618131685402,0.6771618131685402,,,,1.0
1,water_gsolv_eV,60,1.0,0.0,0.6771618131685402,0.6771618131685402,,,,1.0
1,water_gsolv_eV,61,1.0,0.0,0.6771618131685402,0.6771618131685402,,,,1.0
1,water_gsolv_eV,62,1.0,0.0,0.6771618131685402,0.6771618131685402,,,,1.0
1,water_gsolv_eV,63,1.0,0.0,0.6771618131685402,0.6771618131685402,,,,1.0
1,water_gsolv_eV,64,1.0,0.0,0.6771618131685402,0.6771618131685402,,,,1.0
1,water_gsolv_eV,65,1.0,0.0,0.6771618131685402,0.6771618131685402,,,,1.0
1,water_gsolv_eV,66,1.0,0.0,0.6771618131685402,0.6771618131685402,,,,1.0
1,water_gsolv_eV,67,1.0,0.0,0.6771618131685402,0.6771618131685402,,,,1.0
1,water_gsolv_eV,68,1.0,0.0,0.6771618131685402,0.6771618131685402,,,,1.0
1,water_gsolv_eV,69,1.0,0.0,0.6771618131685402,0.6771618131685402,,,,1.0
1,water_gsolv_eV,70,1.0,0.0,0.6771618131685402,0.6771618131685402,,,,1.0
1,water_gsolv_eV,71,1.0,0.0,0.6771618131685402,0.6771618131685402,,,,1.0
1,water_gsolv_eV,72,1.0,0.0,0.6771618131685402,0.6771618131685402,,,,1.0
1,water_gsolv_eV,73,1.0,0.0,0.6771618131685402,0.6771618131685402,,,,1.0
1,water_gsolv_eV,74,1.0,0.0,0.6771618131685402,0.6771618131685402,,,,1.0
1,water_gsolv_eV,75,1.0,0.0,0.6771618131685402,0.6771618131685402,,,,1.0
1,water_gsolv_eV,76,1.0,0.0,0.6771618131685402,0.6771618131685402,,,,1.0
1,water_gsolv_eV,77,1.0,0.0,0.6771618131685402,0.6771618131685402,,,,1.0
1,water_gsolv_eV,78,1.0,0.0,0.6771618131685402,0.6771618131685402,,,,1.0
1,water_gsolv_eV,79,1.0,0.0,0.6771618131685402,0.6771618131685402,,,,1.0
1,water_gsolv_eV,80,1.0,0.0,0.6771618131685402,0.6771618131685402,,,,1.0
1,water_gsolv_eV,81,1.0,0.0,0.6771618131685402,0.6771618131685402,,,,1.0
1,water_gsolv_eV,82,1.0,0.0,0.6771618131685402,0.6771618131685402,,,,1.0
1,water_gsolv_eV,83,1.0,0.0,0.6771618131685402,0.6771618131685402,,,,1.0
1,water_gsolv_eV,84,1.0,0.0,0.6771618131685402,0.6771618131685402,,,,1.0
1,water_gsolv_eV,85,1.0,0.0,0.6771618131685402,0.6771618131685402,,,,1.0
1,water_gsolv_eV,86,1.0,0.0,0.6771618131685402,0.6771618131685402,,,,1.0
1,water_gsolv_eV,87,1.0,0.0,0.6771618131685402,0.6771618131685402,,,,1.0
1,water_gsolv_eV,88,1.0,0.0,0.6771618131685402,0.6771618131685402,,,,1.0
1,water_gsolv_eV,89,1.0,0.0,0.6771618131685402,0.6771618131685402,,,,1.0
1,water_gsolv_eV,90,1.0,0.0,0.6771618131685402,0.6771618131685402,,,,1.0
1,water_gsolv_eV,91,1.0,0.0,0.6771618131685402,0.6771618131685402,,,,1.0
1,water_gsolv_eV,92,1.0,0.0,0.6771618131685402,0.6771618131685402,,,,1.0
1,water_gsolv_eV,93,1.0,0.0,0.6771618131685402,0.6771618131685402,,,,1.0
1,water_gsolv_eV,94,1.0,0.0,0.6771618131685402,0.6771618131685402,,,,1.0
1,water_gsolv_eV,95,1.0,0.0,0.6771618131685402,0.6771618131685402,,,,1.0
1,water_gsolv_eV,96,1.0,0.0,0.6771618131685402,0.6771618131685402,,,,1.0
1,water_gsolv_eV,97,1.0,0.0,0.6771618131685402,0.6771618131685402,,,,1.0
1,water_gsolv_eV,98,1.0,0.0,0.6771618131685402,0.6771618131685402,,,,1.0
1,water_gsolv_eV,99,1.0,0.0,0.6771618131685402,0.6771618131685402,,,,1.0
1,water_gsolv_eV,100,1.0,0.0,0.6771618131685402,0.6771618131685402,,,,1.0
1,water_gsolv_eV,101,1.0,0.0,0.6771618131685402,0.6771618131685402,,,,1.0
1,water_gsolv_eV,102,1.0,0.0,0.6771618131685402,0.6771618131685402,,,,1.0
1,water_gsolv_eV,103,1.0,0.0,0.6771618131685402,0.6771618131685402,,,,1.0
1,water_gsolv_eV,104,1.0,0.0,0.6771618131685402,0.6771618131685402,,,,1.0
1,water_gsolv_eV,105,1.0,0.0,0.6771618131685402,0.6771618131685402,,,,1.0
1,water_gsolv_eV,106,1.0,0.0,0.6771618131685402,0.6771618131685402,,,,1.0
1,water_gsolv_eV,107,1.0,0.0,0.6771618131685402,0.6771618131685402,,,,1.0
1,water_gsolv_eV,108,1.0,0.0,0.6771618131685402,0.6771618131685402,,,,1.0
1,water_gsolv_eV,109,1.0,0.0,0.6771618131685402,0.6771618131685402,,,,1.0
1,water_gsolv_eV,110,1.0,0.0,0.6771618131685402,0.6771618131685402,,,,1.0
1,water_gsolv_eV,111,1.0,0.0,0.6771618131685402,0.6771618131685402,,,,1.0
1,water_gsolv_eV,112,1.0,0.0,0.6771618131685402,0.6771618131685402,,,,1.0
1,water_gsolv_eV,113,1.0,0.0,0.6771618131685402,0.6771618131685402,,,,1.0
1,water_gsolv_eV,114,1.0,0.0,0.6771618131685402,0.6771618131685402,,,,1.0
1,water_gsolv_eV,115,1.0,0.0,0.6771618131685402,0.6771618131685402,,,,1.0
1,water_gsolv_eV,116,1.0,0.0,0.6771618131685402,0.6771618131685402,,,,1.0
1,water_gsolv_eV,117,1.0,0.0,0.6771618131685402,0.6771618131685402,,,,1.0
1,water_gsolv_eV,118,1.0,0.0,0.6771618131685402,0.6771618131685402,,,,1.0
1,water_gsolv_eV,119,1.0,0.0,0.6771618131685402,0.6771618131685402,,,,1.0
1,water_gsolv_eV,120,1.0,0.0,0.6771618131685402,0.6771618131685402,,,,1.0
1,water_gsolv_eV,121,1.0,0.0,0.6771618131685402,0.6771618131685402,,,,1.0
1,water_gsolv_eV,122,1.0,0.0,0.6771618131685402,0.6771618131685402,,,,1.0
1,water_gsolv_eV,123,1.0,0.0,0.6771618131685402,0.6771618131685402,,,,1.0
1,water_gsolv_eV,124,1.0,0.0,0.6771618131685402,0.6771618131685402,,,,1.0
1,water_gsolv_eV,125,1.0,0.0,0.6771618131685402,0.6771618131685402,,,,1.0
1,water_gsolv_eV,126,1.0,0.0,0.6771618131685402,0.6771618131685402,,,,1.0
1,water_gsolv_eV,127,1.0,0.0,0.6771618131685402,0.6771618131685402,,,,1.0
1,water_gsolv_eV,128,1.0,0.0,0.6771618131685402,0.6771618131685402,,,,1.0
1,water_gsolv_eV,129,1.0,0.0,0.6771618131685402,0.6771618131685402,,,,1.0
1,water_gsolv_eV,130,1.0,0.0,0.6771618131685402,0.6771618131685402,,,,1.0
1,water_gsolv_eV,131,1.0,0.0,0.6771618131685402,0.6771618131685402,,,,1.0
1,water_gsolv_eV,132,1.0,0.0,0.6771618131685402,0.6771618131685402,,,,1.0
1,water_gsolv_eV,133,1.0,0.0,0.6771618131685402,0.6771618131685402,,,,1.0
1,water_gsolv_eV,134,1.0,0.0,0.6771618131685402,0.6771618131685402,,,,1.0
1,water_gsolv_eV,135,1.0,0.0,0.6771618131685402,0.6771618131685402,,,,1.0
1,water_gsolv_eV,136,1.0,0.0,0.6771618131685402,0.6771618131685402,,,,1.0
1,water_gsolv_eV,137,1.0,0.0,0.6771618131685402,0.6771618131685402,,,,1.0
1,water_gsolv_eV,138,1.0,0.0,0.6771618131685402,0.6771618131685402,,,,1.0
1,water_gsolv_eV,139,1.0,0.0,0.6771618131685402,0.6771618131685402,,,,1.0
1,water_gsolv_eV,140,1.0,0.0,0.6771618131685402,0.6771618131685402,,,,1.0
1,water_gsolv_eV,141,1.0,0.0,0.6771618131685402,0.6771618131685402,,,,1.0
1,water_gsolv_eV,142,1.0,0.0,0.6771618131685402,0.6771618131685402,,,,1.0
1,water_gsolv_eV,143,1.0,0.0,0.6771618131685402,0.6771618131685402,,,,1.0
1,water_gsolv_eV,144,1.0,0.0,0.6771618131685402,0.6771618131685402,,,,1.0
1,water_gsolv_eV,145,1.0,0.0,0.6771618131685402,0.6771618131685402,,,,1.0
1,water_gsolv_eV,146,1.0,0.0,0.6771618131685402,0.6771618131685402,,,,1.0
1,water_gsolv_eV,147,1.0,0.0,0.6771618131685402,0.6771618131685402,,,,1.0
1,water_gsolv_eV,148,1.0,0.0,0.6771618131685402,0.6771618131685402,,,,1.0
1,water_gsolv_eV,149,1.0,0.0,0.6771618131685402,0.6771618131685402,,,,1.0
1,water_gsolv_eV,150,1.0,0.0,0.6771618131685402,0.6771618131685402,,,,1.0
1,water_gsolv_eV,151,1.0,0.0,0.6771618131685402,0.6771618131685402,,,,1.0
1,water_gsolv_eV,152,1.0,0.0,0.6771618131685402,0.6771618131685402,,,,1.0
1,water_gsolv_eV,153,1.0,0.0,0.6771618131685402,0.6771618131685402,,,,1.0
1,water_gsolv_eV,154,1.0,0.0,0.6771618131685402,0.6771618131685402,,,,1.0
1,water_gsolv_eV,155,1.0,0.0,0.6771618131685402,0.6771618131685402,,,,1.0
1,water_gsolv_eV,156,1.0,0.0,0.6771618131685402,0.6771618131685402,,,,1.0
1,water_gsolv_eV,157,1.0,0.0,0.6771618131685402,0.6771618131685402,,,,1.0
1,water_gsolv_eV,158,1.0,0.0,0.6771618131685402,0.6771618131685402,,,,1.0
1,water_gsolv_eV,159,1.0,0.0,0.6771618131685402,0.6771618131685402,,,,1.0
1,water_gsolv_eV,160,1.0,0.0,0.6771618131685402,0.6771618131685402,,,,1.0
1,water_gsolv_eV,161,1.0,0.0,0.6771618131685402,0.6771618131685402,,,,1.0
1,water_gsolv_eV,162,1.0,0.0,0.6771618131685402,0.6771618131685402,,,,1.0
1,water_gsolv_eV,163,1.0,0.0,0.6771618131685402,0.6771618131685402,,,,1.0
1,water_gsolv_eV,164,1.0,0.0,0.6771618131685402,0.6771618131685402,,,,1.0
1,water_gsolv_eV,165,1.0,0.0,0.6771618131685402,0.6771618131685402,,,,1.0
1,water_gsolv_eV,166,1.0,0.0,0.6771618131685402,0.6771618131685402,,,,1.0
1,water_gsolv_eV,167,1.0,0.0,0.6771618131685402,0.6771618131685402,,,,1.0
1,water_gsolv_eV,168,1.0,0.0,0.6771618131685402,0.6771618131685402,,,,1.0
1,water_gsolv_eV,169,1.0,0.0,0.6771618131685402,0.6771618131685402,,,,1.0
1,water_gsolv_eV,170,1.0,0.0,0.6771618131685402,0.6771618131685402,,,,1.0
1,water_gsolv_eV,171,1.0,0.0,0.6771618131685402,0.6771618131685402,,,,1.0
1,water_gsolv_eV,172,1.0,0.0,0.6771618131685402,0.6771618131685402,,,,1.0
1,water_gsolv_eV,173,1.0,0.0,0.6771618131685402,0.6771618131685402,,,,1.0
1,water_gsolv_eV,174,1.0,0.0,0.6771618131685402,0.6771618131685402,,,,1.0
1,water_gsolv_eV,175,1.0,0.0,0.6771618131685402,0.6771618131685402,,,,1.0
1,water_gsolv_eV,176,1.0,0.0,0.6771618131685402,0.6771618131685402,,,,1.0
1,water_gsolv_eV,177,1.0,0.0,0.6771618131685402,0.6771618131685402,,,,1.0
1,water_gsolv_eV,178,1.0,0.0,0.6771618131685402,0.6771618131685402,,,,1.0
1,water_gsolv_eV,179,1.0,0.0,0.6771618131685402,0.6771618131685402,,,,1.0
1,water_gsolv_eV,180,1.0,0.0,0.6771618131685402,0.6771618131685402,,,,1.0
1,water_gsolv_eV,181,1.0,0.0,0.6771618131685402,0.6771618131685402,,,,1.0
1,water_gsolv_eV,182,1.0,0.0,0.6771618131685402,0.6771618131685402,,,,1.0
1,water_gsolv_eV,183,1.0,0.0,0.6771618131685402,0.6771618131685402,,,,1.0
1,water_gsolv_eV,184,1.0,0.0,0.6771618131685402,0.6771618131685402,,,,1.0
1,water_gsolv_eV,185,1.0,0.0,0.6771618131685402,0.6771618131685402,,,,1.0
1,water_gsolv_eV,186,1.0,0.0,0.6771618131685402,0.6771618131685402,,,,1.0
1,water_gsolv_eV,187,1.0,0.0,0.6771618131685402,0.6771618131685402,,,,1.0
1,water_gsolv_eV,188,1.0,0.0,0.6771618131685402,0.6771618131685402,,,,1.0
1,water_gsolv_eV,189,1.0,0.0,0.6771618131685402,0.6771618131685402,,,,1.0
1,water_gsolv_eV,190,1.0,0.0,0.6771618131685402,0.6771618131685402,,,,1.0
1,water_gsolv_eV,191,1.0,0.0,0.6771618131685402,0.6771618131685402,,,,1.0
1,water_gsolv_eV,192,1.0,0.0,0.6771618131685402,0.6771618131685402,,,,1.0
1,water_gsolv_eV,193,1.0,0.0,0.6771618131685402,0.6771618131685402,,,,1.0
1,water_gsolv_eV,194,1.0,0.0,0.6771618131685402,0.6771618131685402,,,,1.0
1,water_gsolv_eV,195,1.0,0.0,0.6771618131685402,0.6771618131685402,,,,1.0
1,water_gsolv_eV,196,1.0,0.0,0.6771618131685402,0.6771618131685402,,,,1.0
1,water_gsolv_eV,197,1.0,0.0,0.6771618131685402,0.6771618131685402,,,,1.0
1,water_gsolv_eV,198,1.0,0.0,0.6771618131685402,0.6771618131685402,,,,1.0
1,water_gsolv_eV,199,1.0,0.0,0.6771618131685402,0.6771618131685402,,,,1.0
1,water_gsolv_eV,200,1.0,0.0,0.6771618131685402,0.6771618131685402,,,,1.0
1,water_gsolv_eV,201,1.0,0.0,0.6771618131685402,0.6771618131685402,,,,1.0
1,water_gsolv_eV,202,1.0,0.0,0.6771618131685402,0.6771618131685402,,,,1.0
1,water_gsolv_eV,203,1.0,0.0,0.6771618131685402,0.6771618131685402,,,,1.0
1,water_gsolv_eV,204,1.0,0.0,0.6771618131685402,0.6771618131685402,,,,1.0
1,water_gsolv_eV,205,1.0,0.0,0.6771618131685402,0.6771618131685402,,,,1.0
1,water_gsolv_eV,206,1.0,0.0,0.6771618131685402,0.6771618131685402,,,,1.0
1,water_gsolv_eV,207,1.0,0.0,0.6771618131685402,0.6771618131685402,,,,1.0
1,water_gsolv_eV,208,1.0,0.0,0.6771618131685402,0.6771618131685402,,,,1.0
1,water_gsolv_eV,209,1.0,0.0,0.6771618131685402,0.6771618131685402,,,,1.0
1,water_gsolv_eV,210,1.0,0.0,0.6771618131685402,0.6771618131685402,,,,1.0
1,water_gsolv_eV,211,1.0,0.0,0.6771618131685402,0.6771618131685402,,,,1.0
1,water_gsolv_eV,212,1.0,0.0,0.6771618131685402,0.6771618131685402,,,,1.0
1,water_gsolv_eV,213,1.0,0.0,0.6771618131685402,0.6771618131685402,,,,1.0
1,water_gsolv_eV,214,1.0,0.0,0.6771618131685402,0.6771618131685402,,,,1.0
1,water_gsolv_eV,215,1.0,0.0,0.6771618131685402,0.6771618131685402,,,,1.0
1,water_gsolv_eV,216,1.0,0.0,0.6771618131685402,0.6771618131685402,,,,1.0
1,water_gsolv_eV,217,1.0,0.0,0.6771618131685402,0.6771618131685402,,,,1.0
1,water_gsolv_eV,218,1.0,0.0,0.6771618131685402,0.6771618131685402,,,,1.0
1,water_gsolv_eV,219,1.0,0.0,0.6771618131685402,0.6771618131685402,,,,1.0
1,water_gsolv_eV,220,1.0,0.0,0.6771618131685402,0.6771618131685402,,,,1.0
1,water_gsolv_eV,221,1.0,0.0,0.6771618131685402,0.6771618131685402,,,,1.0
1,water_gsolv_eV,222,1.0,0.0,0.6771618131685402,0.6771618131685402,,,,1.0
1,water_gsolv_eV,223,1.0,0.0,0.6771618131685402,0.6771618131685402,,,,1.0
1,water_gsolv_eV,224,1.0,0.0,0.6771618131685402,0.6771618131685402,,,,1.0
1,water_gsolv_eV,225,1.0,0.0,0.6771618131685402,0.6771618131685402,,,,1.0
1,water_gsolv_eV,226,1.0,0.0,0.6771618131685402,0.6771618131685402,,,,1.0
1,water_gsolv_eV,227,1.0,0.0,0.6771618131685402,0.6771618131685402,,,,1.0
1,water_gsolv_eV,228,1.0,0.0,0.6771618131685402,0.6771618131685402,,,,1.0
1,water_gsolv_eV,229,1.0,0.0,0.6771618131685402,0.6771618131685402,,,,1.0
1,water_gsolv_eV,230,1.0,0.0,0.6771618131685402,0.6771618131685402,,,,1.0
1,water_gsolv_eV,231,1.0,0.0,0.6771618131685402,0.6771618131685402,,,,1.0
1,water_gsolv_eV,232,1.0,0.0,0.6771618131685402,0.6771618131685402,,,,1.0
1,water_gsolv_eV,233,1.0,0.0,0.6771618131685402,0.6771618131685402,,,,1.0
1,water_gsolv_eV,234,1.0,0.0,0.6771618131685402,0.6771618131685402,,,,1.0
1,water_gsolv_eV,235,1.0,0.0,0.6771618131685402,0.6771618131685402,,,,1.0
1,water_gsolv_eV,236,1.0,0.0,0.6771618131685402,0.6771618131685402,,,,1.0
1,water_gsolv_eV,237,1.0,0.0,0.6771618131685402,0.6771618131685402,,,,1.0
1,water_gsolv_eV,238,1.0,0.0,0.6771618131685402,0.6771618131685402,,,,1.0
1,water_gsolv_eV,239,1.0,0.0,0.6771618131685402,0.6771618131685402,,,,1.0
1,water_gsolv_eV,240,1.0,0.0,0.6771618131685402,0.6771618131685402,,,,1.0
1,water_gsolv_eV,241,1.0,0.0,0.6771618131685402,0.6771618131685402,,,,1.0
1,water_gsolv_eV,242,1.0,0.0,0.6771618131685402,0.6771618131685402,,,,1.0
1,water_gsolv_eV,243,1.0,0.0,0.6771618131685402,0.6771618131685402,,,,1.0
1,water_gsolv_eV,244,1.0,0.0,0.6771618131685402,0.6771618131685402,,,,1.0
1,water_gsolv_eV,245,1.0,0.0,0.6771618131685402,0.6771618131685402,,,,1.0
1,water_gsolv_eV,246,1.0,0.0,0.6771618131685402,0.6771618131685402,,,,1.0
1,water_gsolv_eV,247,1.0,0.0,0.6771618131685402,0.6771618131685402,,,,1.0
1,water_gsolv_eV,248,1.0,0.0,0.6771618131685402,0.6771618131685402,,,,1.0
1,water_gsolv_eV,249,1.0,0.0,0.6771618131685402,0.6771618131685402,,,,1.0
1,water_hl_gap_eV,0,1.0,0.0,0.6946274504991625,0.6946274504991625,,,,1.0
1,water_hl_gap_eV,1,1.0,0.0,0.6946274504991625,0.6946274504991625,,,,1.0
1,water_hl_gap_eV,2,1.0,0.0,0.6946274504991625,0.6946274504991625,,,,1.0
1,water_hl_gap_eV,3,1.0,0.0,0.6946274504991625,0.6946274504991625,,,,1.0
1,water_hl_gap_eV,4,1.0,0.0,0.6946274504991625,0.6946274504991625,,,,1.0
1,water_hl_gap_eV,5,1.0,0.0,0.6946274504991625,0.6946274504991625,,,,1.0
1,water_hl_gap_eV,6,1.0,0.0,0.6946274504991625,0.6946274504991625,,,,1.0
1,water_hl_gap_eV,7,1.0,0.0,0.6946274504991625,0.6946274504991625,,,,1.0
1,water_hl_gap_eV,8,1.0,0.0,0.6946274504991625,0.6946274504991625,,,,1.0
1,water_hl_gap_eV,9,1.0,0.0,0.6946274504991625,0.6946274504991625,,,,1.0
1,water_hl_gap_eV,10,1.0,0.0,0.6946274504991625,0.6946274504991625,,,,1.0
1,water_hl_gap_eV,11,1.0,0.0,0.6946274504991625,0.6946274504991625,,,,1.0
1,water_hl_gap_eV,12,1.0,0.0,0.6946274504991625,0.6946274504991625,,,,1.0
1,water_hl_gap_eV,13,1.0,0.0,0.6946274504991625,0.6946274504991625,,,,1.0
1,water_hl_gap_eV,14,1.0,0.0,0.6946274504991625,0.6946274504991625,,,,1.0
1,water_hl_gap_eV,15,1.0,0.0,0.6946274504991625,0.6946274504991625,,,,1.0
1,water_hl_gap_eV,16,1.0,0.0,0.6946274504991625,0.6946274504991625,,,,1.0
1,water_hl_gap_eV,17,1.0,0.0,0.6946274504991625,0.6946274504991625,,,,1.0
1,water_hl_gap_eV,18,1.0,0.0,0.6946274504991625,0.6946274504991625,,,,1.0
1,water_hl_gap_eV,19,1.0,0.0,0.6946274504991625,0.6946274504991625,,,,1.0
1,water_hl_gap_eV,20,1.0,0.0,0.6946274504991625,0.6946274504991625,,,,1.0
1,water_hl_gap_eV,21,1.0,0.0,0.6946274504991625,0.6946274504991625,,,,1.0
1,water_hl_gap_eV,22,1.0,0.0,0.6946274504991625,0.6946274504991625,,,,1.0
1,water_hl_gap_eV,23,1.0,0.0,0.6946274504991625,0.6946274504991625,,,,1.0
1,water_hl_gap_eV,24,1.0,0.0,0.6946274504991625,0.6946274504991625,,,,1.0
1,water_hl_gap_eV,25,1.0,0.0,0.6946274504991625,0.6946274504991625,,,,1.0
1,water_hl_gap_eV,26,1.0,0.0,0.6946274504991625,0.6946274504991625,,,,1.0
1,water_hl_gap_eV,27,1.0,0.0,0.6946274504991625,0.6946274504991625,,,,1.0
1,water_hl_gap_eV,28,1.0,0.0,0.6946274504991625,0.6946274504991625,,,,1.0
1,water_hl_gap_eV,29,1.0,0.0,0.6946274504991625,0.6946274504991625,,,,1.0
1,water_hl_gap_eV,30,1.0,0.0,0.6946274504991625,0.6946274504991625,,,,1.0
1,water_hl_gap_eV,31,1.0,0.0,0.6946274504991625,0.6946274504991625,,,,1.0
1,water_hl_gap_eV,32,1.0,0.0,0.6946274504991625,0.6946274504991625,,,,1.0
1,water_hl_gap_eV,33,1.0,0.0,0.6946274504991625,0.6946274504991625,,,,1.0
1,water_hl_gap_eV,34,1.0,0.0,0.6946274504991625,0.6946274504991625,,,,1.0
1,water_hl_gap_eV,35,1.0,0.0,0.6946274504991625,0.6946274504991625,,,,1.0
1,water_hl_gap_eV,36,1.0,0.0,0.6946274504991625,0.6946274504991625,,,,1.0
1,water_hl_gap_eV,37,1.0,0.0,0.6946274504991625,0.6946274504991625,,,,1.0
1,water_hl_gap_eV,38,1.0,0.0,0.6946274504991625,0.6946274504991625,,,,1.0
1,water_hl_gap_eV,39,1.0,0.0,0.6946274504991625,0.6946274504991625,,,,1.0
1,water_hl_gap_eV,40,1.0,0.0,0.6946274504991625,0.6946274504991625,,,,1.0
1,water_hl_gap_eV,41,1.0,0.0,0.6946274504991625,0.6946274504991625,,,,1.0
1,water_hl_gap_eV,42,1.0,0.0,0.6946274504991625,0.6946274504991625,,,,1.0
1,water_hl_gap_eV,43,1.0,0.0,0.6946274504991625,0.6946274504991625,,,,1.0
1,water_hl_gap_eV,44,1.0,0.0,0.6946274504991625,0.6946274504991625,,,,1.0
1,water_hl_gap_eV,45,1.0,0.0,0.6946274504991625,0.6946274504991625,,,,1.0
1,water_hl_gap_eV,46,1.0,0.0,0.6946274504991625,0.6946274504991625,,,,1.0
1,water_hl_gap_eV,47,1.0,0.0,0.6946274504991625,0.6946274504991625,,,,1.0
1,water_hl_gap_eV,48,1.0,0.0,0.6946274504991625,0.6946274504991625,,,,1.0
1,water_hl_gap_eV,49,1.0,0.0,0.6946274504991625,0.6946274504991625,,,,1.0
1,water_hl_gap_eV,50,1.0,0.0,0.6946274504991625,0.6946274504991625,,,,1.0
1,water_hl_gap_eV,51,1.0,0.0,0.6946274504991625,0.6946274504991625,,,,1.0
1,water_hl_gap_eV,52,1.0,0.0,0.6946274504991625,0.6946274504991625,,,,1.0
1,water_hl_gap_eV,53,1.0,0.0,0.6946274504991625,0.6946274504991625,,,,1.0
1,water_hl_gap_eV,54,1.0,0.0,0.6946274504991625,0.6946274504991625,,,,1.0
1,water_hl_gap_eV,55,1.0,0.0,0.6946274504991625,0.6946274504991625,,,,1.0
1,water_hl_gap_eV,56,1.0,0.0,0.6946274504991625,0.6946274504991625,,,,1.0
1,water_hl_gap_eV,57,1.0,0.0,0.6946274504991625,0.6946274504991625,,,,1.0
1,water_hl_gap_eV,58,1.0,0.0,0.6946274504991625,0.6946274504991625,,,,1.0
1,water_hl_gap_eV,59,1.0,0.0,0.6946274504991625,0.6946274504991625,,,,1.0
1,water_hl_gap_eV,60,1.0,0.0,0.6946274504991625,0.6946274504991625,,,,1.0
1,water_hl_gap_eV,61,1.0,0.0,0.6946274504991625,0.6946274504991625,,,,1.0
1,water_hl_gap_eV,62,1.0,0.0,0.6946274504991625,0.6946274504991625,,,,1.0
1,water_hl_gap_eV,63,1.0,0.0,0.6946274504991625,0.6946274504991625,,,,1.0
1,water_hl_gap_eV,64,1.0,0.0,0.6946274504991625,0.6946274504991625,,,,1.0
1,water_hl_gap_eV,65,1.0,0.0,0.6946274504991625,0.6946274504991625,,,,1.0
1,water_hl_gap_eV,66,1.0,0.0,0.6946274504991625,0.6946274504991625,,,,1.0
1,water_hl_gap_eV,67,1.0,0.0,0.6946274504991625,0.6946274504991625,,,,1.0
1,water_hl_gap_eV,68,1.0,0.0,0.6946274504991625,0.6946274504991625,,,,1.0
1,water_hl_gap_eV,69,1.0,0.0,0.6946274504991625,0.6946274504991625,,,,1.0
1,water_hl_gap_eV,70,1.0,0.0,0.6946274504991625,0.6946274504991625,,,,1.0
1,water_hl_gap_eV,71,1.0,0.0,0.6946274504991625,0.6946274504991625,,,,1.0
1,water_hl_gap_eV,72,1.0,0.0,0.6946274504991625,0.6946274504991625,,,,1.0
1,water_hl_gap_eV,73,1.0,0.0,0.6946274504991625,0.6946274504991625,,,,1.0
1,water_hl_gap_eV,74,1.0,0.0,0.6946274504991625,0.6946274504991625,,,,1.0
1,water_hl_gap_eV,75,1.0,0.0,0.6946274504991625,0.6946274504991625,,,,1.0
1,water_hl_gap_eV,76,1.0,0.0,0.6946274504991625,0.6946274504991625,,,,1.0
1,water_hl_gap_eV,77,1.0,0.0,0.6946274504991625,0.6946274504991625,,,,1.0
1,water_hl_gap_eV,78,1.0,0.0,0.6946274504991625,0.6946274504991625,,,,1.0
1,water_hl_gap_eV,79,1.0,0.0,0.6946274504991625,0.6946274504991625,,,,1.0
1,water_hl_gap_eV,80,1.0,0.0,0.6946274504991625,0.6946274504991625,,,,1.0
1,water_hl_gap_eV,81,1.0,0.0,0.6946274504991625,0.6946274504991625,,,,1.0
1,water_hl_gap_eV,82,1.0,0.0,0.6946274504991625,0.6946274504991625,,,,1.0
1,water_hl_gap_eV,83,1.0,0.0,0.6946274504991625,0.6946274504991625,,,,1.0
1,water_hl_gap_eV,84,1.0,0.0,0.6946274504991625,0.6946274504991625,,,,1.0
1,water_hl_gap_eV,85,1.0,0.0,0.6946274504991625,0.6946274504991625,,,,1.0
1,water_hl_gap_eV,86,1.0,0.0,0.6946274504991625,0.6946274504991625,,,,1.0
1,water_hl_gap_eV,87,1.0,0.0,0.6946274504991625,0.6946274504991625,,,,1.0
1,water_hl_gap_eV,88,1.0,0.0,0.6946274504991625,0.6946274504991625,,,,1.0
1,water_hl_gap_eV,89,1.0,0.0,0.6946274504991625,0.6946274504991625,,,,1.0
1,water_hl_gap_eV,90,1.0,0.0,0.6946274504991625,0.6946274504991625,,,,1.0
1,water_hl_gap_eV,91,1.0,0.0,0.6946274504991625,0.6946274504991625,,,,1.0
1,water_hl_gap_eV,92,1.0,0.0,0.6946274504991625,0.6946274504991625,,,,1.0
1,water_hl_gap_eV,93,1.0,0.0,0.6946274504991625,0.6946274504991625,,,,1.0
1,water_hl_gap_eV,94,1.0,0.0,0.6946274504991625,0.6946274504991625,,,,1.0
1,water_hl_gap_eV,95,1.0,0.0,0.6946274504991625,0.6946274504991625,,,,1.0
1,water_hl_gap_eV,96,1.0,0.0,0.6946274504991625,0.6946274504991625,,,,1.0
1,water_hl_gap_eV,97,1.0,0.0,0.6946274504991625,0.6946274504991625,,,,1.0
1,water_hl_gap_eV,98,1.0,0.0,0.6946274504991625,0.6946274504991625,,,,1.0
1,water_hl_gap_eV,99,1.0,0.0,0.6946274504991625,0.6946274504991625,,,,1.0
1,water_hl_gap_eV,100,1.0,0.0,0.6946274504991625,0.6946274504991625,,,,1.0
1,water_hl_gap_eV,101,1.0,0.0,0.6946274504991625,0.6946274504991625,,,,1.0
1,water_hl_gap_eV,102,1.0,0.0,0.6946274504991625,0.6946274504991625,,,,1.0
1,water_hl_gap_eV,103,1.0,0.0,0.6946274504991625,0.6946274504991625,,,,1.0
1,water_hl_gap_eV,104,1.0,0.0,0.6946274504991625,0.6946274504991625,,,,1.0
1,water_hl_gap_eV,105,1.0,0.0,0.6946274504991625,0.6946274504991625,,,,1.0
1,water_hl_gap_eV,106,1.0,0.0,0.6946274504991625,0.6946274504991625,,,,1.0
1,water_hl_gap_eV,107,1.0,0.0,0.6946274504991625,0.6946274504991625,,,,1.0
1,water_hl_gap_eV,108,1.0,0.0,0.6946274504991625,0.6946274504991625,,,,1.0
1,water_hl_gap_eV,109,1.0,0.0,0.6946274504991625,0.6946274504991625,,,,1.0
1,water_hl_gap_eV,110,1.0,0.0,0.6946274504991625,0.6946274504991625,,,,1.0
1,water_hl_gap_eV,111,1.0,0.0,0.6946274504991625,0.6946274504991625,,,,1.0
1,water_hl_gap_eV,112,1.0,0.0,0.6946274504991625,0.6946274504991625,,,,1.0
1,water_hl_gap_eV,113,1.0,0.0,0.6946274504991625,0.6946274504991625,,,,1.0
1,water_hl_gap_eV,114,1.0,0.0,0.6946274504991625,0.6946274504991625,,,,1.0
1,water_hl_gap_eV,115,1.0,0.0,0.6946274504991625,0.6946274504991625,,,,1.0
1,water_hl_gap_eV,116,1.0,0.0,0.6946274504991625,0.6946274504991625,,,,1.0
1,water_hl_gap_eV,117,1.0,0.0,0.6946274504991625,0.6946274504991625,,,,1.0
1,water_hl_gap_eV,118,1.0,0.0,0.6946274504991625,0.6946274504991625,,,,1.0
1,water_hl_gap_eV,119,1.0,0.0,0.6946274504991625,0.6946274504991625,,,,1.0
1,water_hl_gap_eV,120,1.0,0.0,0.6946274504991625,0.6946274504991625,,,,1.0
1,water_hl_gap_eV,121,1.0,0.0,0.6946274504991625,0.6946274504991625,,,,1.0
1,water_hl_gap_eV,122,1.0,0.0,0.6946274504991625,0.6946274504991625,,,,1.0
1,water_hl_gap_eV,123,1.0,0.0,0.6946274504991625,0.6946274504991625,,,,1.0
1,water_hl_gap_eV,124,1.0,0.0,0.6946274504991625,0.6946274504991625,,,,1.0
1,water_hl_gap_eV,125,1.0,0.0,0.6946274504991625,0.6946274504991625,,,,1.0
1,water_hl_gap_eV,126,1.0,0.0,0.6946274504991625,0.6946274504991625,,,,1.0
1,water_hl_gap_eV,127,1.0,0.0,0.6946274504991625,0.6946274504991625,,,,1.0
1,water_hl_gap_eV,128,1.0,0.0,0.6946274504991625,0.6946274504991625,,,,1.0
1,water_hl_gap_eV,129,1.0,0.0,0.6946274504991625,0.6946274504991625,,,,1.0
1,water_hl_gap_eV,130,1.0,0.0,0.6946274504991625,0.6946274504991625,,,,1.0
1,water_hl_gap_eV,131,1.0,0.0,0.6946274504991625,0.6946274504991625,,,,1.0
1,water_hl_gap_eV,132,1.0,0.0,0.6946274504991625,0.6946274504991625,,,,1.0
1,water_hl_gap_eV,133,1.0,0.0,0.6946274504991625,0.6946274504991625,,,,1.0
1,water_hl_gap_eV,134,1.0,0.0,0.6946274504991625,0.6946274504991625,,,,1.0
1,water_hl_gap_eV,135,1.0,0.0,0.6946274504991625,0.6946274504991625,,,,1.0
1,water_hl_gap_eV,136,1.0,0.0,0.6946274504991625,0.6946274504991625,,,,1.0
1,water_hl_gap_eV,137,1.0,0.0,0.6946274504991625,0.6946274504991625,,,,1.0
1,water_hl_gap_eV,138,1.0,0.0,0.6946274504991625,0.6946274504991625,,,,1.0
1,water_hl_gap_eV,139,1.0,0.0,0.6946274504991625,0.6946274504991625,,,,1.0
1,water_hl_gap_eV,140,1.0,0.0,0.6946274504991625,0.6946274504991625,,,,1.0
1,water_hl_gap_eV,141,1.0,0.0,0.6946274504991625,0.6946274504991625,,,,1.0
1,water_hl_gap_eV,142,1.0,0.0,0.6946274504991625,0.6946274504991625,,,,1.0
1,water_hl_gap_eV,143,1.0,0.0,0.6946274504991625,0.6946274504991625,,,,1.0
1,water_hl_gap_eV,144,1.0,0.0,0.6946274504991625,0.6946274504991625,,,,1.0
1,water_hl_gap_eV,145,1.0,0.0,0.6946274504991625,0.6946274504991625,,,,1.0
1,water_hl_gap_eV,146,1.0,0.0,0.6946274504991625,0.6946274504991625,,,,1.0
1,water_hl_gap_eV,147,1.0,0.0,0.6946274504991625,0.6946274504991625,,,,1.0
1,water_hl_gap_eV,148,1.0,0.0,0.6946274504991625,0.6946274504991625,,,,1.0
1,water_hl_gap_eV,149,1.0,0.0,0.6946274504991625,0.6946274504991625,,,,1.0
1,water_hl_gap_eV,150,1.0,0.0,0.6946274504991625,0.6946274504991625,,,,1.0
1,water_hl_gap_eV,151,1.0,0.0,0.6946274504991625,0.6946274504991625,,,,1.0
1,water_hl_gap_eV,152,1.0,0.0,0.6946274504991625,0.6946274504991625,,,,1.0
1,water_hl_gap_eV,153,1.0,0.0,0.6946274504991625,0.6946274504991625,,,,1.0
1,water_hl_gap_eV,154,1.0,0.0,0.6946274504991625,0.6946274504991625,,,,1.0
1,water_hl_gap_eV,155,1.0,0.0,0.6946274504991625,0.6946274504991625,,,,1.0
1,water_hl_gap_eV,156,1.0,0.0,0.6946274504991625,0.6946274504991625,,,,1.0
1,water_hl_gap_eV,157,1.0,0.0,0.6946274504991625,0.6946274504991625,,,,1.0
1,water_hl_gap_eV,158,1.0,0.0,0.6946274504991625,0.6946274504991625,,,,1.0
1,water_hl_gap_eV,159,1.0,0.0,0.6946274504991625,0.6946274504991625,,,,1.0
1,water_hl_gap_eV,160,1.0,0.0,0.6946274504991625,0.6946274504991625,,,,1.0
1,water_hl_gap_eV,161,1.0,0.0,0.6946274504991625,0.6946274504991625,,,,1.0
1,water_hl_gap_eV,162,1.0,0.0,0.6946274504991625,0.6946274504991625,,,,1.0
1,water_hl_gap_eV,163,1.0,0.0,0.6946274504991625,0.6946274504991625,,,,1.0
1,water_hl_gap_eV,164,1.0,0.0,0.6946274504991625,0.6946274504991625,,,,1.0
1,water_hl_gap_eV,165,1.0,0.0,0.6946274504991625,0.6946274504991625,,,,1.0
1,water_hl_gap_eV,166,1.0,0.0,0.6946274504991625,0.6946274504991625,,,,1.0
1,water_hl_gap_eV,167,1.0,0.0,0.6946274504991625,0.6946274504991625,,,,1.0
1,water_hl_gap_eV,168,1.0,0.0,0.6946274504991625,0.6946274504991625,,,,1.0
1,water_hl_gap_eV,169,1.0,0.0,0.6946274504991625,0.6946274504991625,,,,1.0
1,water_hl_gap_eV,170,1.0,0.0,0.6946274504991625,0.6946274504991625,,,,1.0
1,water_hl_gap_eV,171,1.0,0.0,0.6946274504991625,0.6946274504991625,,,,1.0
1,water_hl_gap_eV,172,1.0,0.0,0.6946274504991625,0.6946274504991625,,,,1.0
1,water_hl_gap_eV,173,1.0,0.0,0.6946274504991625,0.6946274504991625,,,,1.0
1,water_hl_gap_eV,174,1.0,0.0,0.6946274504991625,0.6946274504991625,,,,1.0
1,water_hl_gap_eV,175,1.0,0.0,0.6946274504991625,0.6946274504991625,,,,1.0
1,water_hl_gap_eV,176,1.0,0.0,0.6946274504991625,0.6946274504991625,,,,1.0
1,water_hl_gap_eV,177,1.0,0.0,0.6946274504991625,0.6946274504991625,,,,1.0
1,water_hl_gap_eV,178,1.0,0.0,0.6946274504991625,0.6946274504991625,,,,1.0
1,water_hl_gap_eV,179,1.0,0.0,0.6946274504991625,0.6946274504991625,,,,1.0
1,water_hl_gap_eV,180,1.0,0.0,0.6946274504991625,0.6946274504991625,,,,1.0
1,water_hl_gap_eV,181,1.0,0.0,0.6946274504991625,0.6946274504991625,,,,1.0
1,water_hl_gap_eV,182,1.0,0.0,0.6946274504991625,0.6946274504991625,,,,1.0
1,water_hl_gap_eV,183,1.0,0.0,0.6946274504991625,0.6946274504991625,,,,1.0
1,water_hl_gap_eV,184,1.0,0.0,0.6946274504991625,0.6946274504991625,,,,1.0
1,water_hl_gap_eV,185,1.0,0.0,0.6946274504991625,0.6946274504991625,,,,1.0
1,water_hl_gap_eV,186,1.0,0.0,0.6946274504991625,0.6946274504991625,,,,1.0
1,water_hl_gap_eV,187,1.0,0.0,0.6946274504991625,0.6946274504991625,,,,1.0
1,water_hl_gap_eV,188,1.0,0.0,0.6946274504991625,0.6946274504991625,,,,1.0
1,water_hl_gap_eV,189,1.0,0.0,0.6946274504991625,0.6946274504991625,,,,1.0
1,water_hl_gap_eV,190,1.0,0.0,0.6946274504991625,0.6946274504991625,,,,1.0
1,water_hl_gap_eV,191,1.0,0.0,0.6946274504991625,0.6946274504991625,,,,1.0
1,water_hl_gap_eV,192,1.0,0.0,0.6946274504991625,0.6946274504991625,,,,1.0
1,water_hl_gap_eV,193,1.0,0.0,0.6946274504991625,0.6946274504991625,,,,1.0
1,water_hl_gap_eV,194,1.0,0.0,0.6946274504991625,0.6946274504991625,,,,1.0
1,water_hl_gap_eV,195,1.0,0.0,0.6946274504991625,0.6946274504991625,,,,1.0
1,water_hl_gap_eV,196,1.0,0.0,0.6946274504991625,0.6946274504991625,,,,1.0
1,water_hl_gap_eV,197,1.0,0.0,0.6946274504991625,0.6946274504991625,,,,1.0
1,water_hl_gap_eV,198,1.0,0.0,0.6946274504991625,0.6946274504991625,,,,1.0
1,water_hl_gap_eV,199,1.0,0.0,0.6946274504991625,0.6946274504991625,,,,1.0
1,water_hl_gap_eV,200,1.0,0.0,0.6946274504991625,0.6946274504991625,,,,1.0
1,water_hl_gap_eV,201,1.0,0.0,0.6946274504991625,0.6946274504991625,,,,1.0
1,water_hl_gap_eV,202,1.0,0.0,0.6946274504991625,0.6946274504991625,,,,1.0
1,water_hl_gap_eV,203,1.0,0.0,0.6946274504991625,0.6946274504991625,,,,1.0
1,water_hl_gap_eV,204,1.0,0.0,0.6946274504991625,0.6946274504991625,,,,1.0
1,water_hl_gap_eV,205,1.0,0.0,0.6946274504991625,0.6946274504991625,,,,1.0
1,water_hl_gap_eV,206,1.0,0.0,0.6946274504991625,0.6946274504991625,,,,1.0
1,water_hl_gap_eV,207,1.0,0.0,0.6946274504991625,0.6946274504991625,,,,1.0
1,water_hl_gap_eV,208,1.0,0.0,0.6946274504991625,0.6946274504991625,,,,1.0
1,water_hl_gap_eV,209,1.0,0.0,0.6946274504991625,0.6946274504991625,,,,1.0
1,water_hl_gap_eV,210,1.0,0.0,0.6946274504991625,0.6946274504991625,,,,1.0
1,water_hl_gap_eV,211,1.0,0.0,0.6946274504991625,0.6946274504991625,,,,1.0
1,water_hl_gap_eV,212,1.0,0.0,0.6946274504991625,0.6946274504991625,,,,1.0
1,water_hl_gap_eV,213,1.0,0.0,0.6946274504991625,0.6946274504991625,,,,1.0
1,water_hl_gap_eV,214,1.0,0.0,0.6946274504991625,0.6946274504991625,,,,1.0
1,water_hl_gap_eV,215,1.0,0.0,0.6946274504991625,0.6946274504991625,,,,1.0
1,water_hl_gap_eV,216,1.0,0.0,0.6946274504991625,0.6946274504991625,,,,1.0
1,water_hl_gap_eV,217,1.0,0.0,0.6946274504991625,0.6946274504991625,,,,1.0
1,water_hl_gap_eV,218,1.0,0.0,0.6946274504991625,0.6946274504991625,,,,1.0
1,water_hl_gap_eV,219,1.0,0.0,0.6946274504991625,0.6946274504991625,,,,1.0
1,water_hl_gap_eV,220,1.0,0.0,0.6946274504991625,0.6946274504991625,,,,1.0
1,water_hl_gap_eV,221,1.0,0.0,0.6946274504991625,0.6946274504991625,,,,1.0
1,water_hl_gap_eV,222,1.0,0.0,0.6946274504991625,0.6946274504991625,,,,1.0
1,water_hl_gap_eV,223,1.0,0.0,0.6946274504991625,0.6946274504991625,,,,1.0
1,water_hl_gap_eV,224,1.0,0.0,0.6946274504991625,0.6946274504991625,,,,1.0
1,water_hl_gap_eV,225,1.0,0.0,0.6946274504991625,0.6946274504991625,,,,1.0
1,water_hl_gap_eV,226,1.0,0.0,0.6946274504991625,0.6946274504991625,,,,1.0
1,water_hl_gap_eV,227,1.0,0.0,0.6946274504991625,0.6946274504991625,,,,1.0
1,water_hl_gap_eV,228,1.0,0.0,0.6946274504991625,0.6946274504991625,,,,1.0
1,water_hl_gap_eV,229,1.0,0.0,0.6946274504991625,0.6946274504991625,,,,1.0
1,water_hl_gap_eV,230,1.0,0.0,0.6946274504991625,0.6946274504991625,,,,1.0
1,water_hl_gap_eV,231,1.0,0.0,0.6946274504991625,0.6946274504991625,,,,1.0
1,water_hl_gap_eV,232,1.0,0.0,0.6946274504991625,0.6946274504991625,,,,1.0
1,water_hl_gap_eV,233,1.0,0.0,0.6946274504991625,0.6946274504991625,,,,1.0
1,water_hl_gap_eV,234,1.0,0.0,0.6946274504991625,0.6946274504991625,,,,1.0
1,water_hl_gap_eV,235,1.0,0.0,0.6946274504991625,0.6946274504991625,,,,1.0
1,water_hl_gap_eV,236,1.0,0.0,0.6946274504991625,0.6946274504991625,,,,1.0
1,water_hl_gap_eV,237,1.0,0.0,0.6946274504991625,0.6946274504991625,,,,1.0
1,water_hl_gap_eV,238,1.0,0.0,0.6946274504991625,0.6946274504991625,,,,1.0
1,water_hl_gap_eV,239,1.0,0.0,0.6946274504991625,0.6946274504991625,,,,1.0
1,water_hl_gap_eV,240,1.0,0.0,0.6946274504991625,0.6946274504991625,,,,1.0
1,water_hl_gap_eV,241,1.0,0.0,0.6946274504991625,0.6946274504991625,,,,1.0
1,water_hl_gap_eV,242,1.0,0.0,0.6946274504991625,0.6946274504991625,,,,1.0
1,water_hl_gap_eV,243,1.0,0.0,0.6946274504991625,0.6946274504991625,,,,1.0
1,water_hl_gap_eV,244,1.0,0.0,0.6946274504991625,0.6946274504991625,,,,1.0
1,water_hl_gap_eV,245,1.0,0.0,0.6946274504991625,0.6946274504991625,,,,1.0
1,water_hl_gap_eV,246,1.0,0.0,0.6946274504991625,0.6946274504991625,,,,1.0
1,water_hl_gap_eV,247,1.0,0.0,0.6946274504991625,0.6946274504991625,,,,1.0
1,water_hl_gap_eV,248,1.0,0.0,0.6946274504991625,0.6946274504991625,,,,1.0
1,water_hl_gap_eV,249,1.0,0.0,0.6946274504991625,0.6946274504991625,,,,1.0
1,water_dipole,0,1.0,0.0,0.6223876945340394,0.6223876945340394,,,,1.0
1,water_dipole,1,1.0,0.0,0.6223876945340394,0.6223876945340394,,,,1.0
1,water_dipole,2,1.0,0.0,0.6223876945340394,0.6223876945340394,,,,1.0
1,water_dipole,3,1.0,0.0,0.6223876945340394,0.6223876945340394,,,,1.0
1,water_dipole,4,1.0,0.0,0.6223876945340394,0.6223876945340394,,,,1.0
1,water_dipole,5,1.0,0.0,0.6223876945340394,0.6223876945340394,,,,1.0
1,water_dipole,6,1.0,0.0,0.6223876945340394,0.6223876945340394,,,,1.0
1,water_dipole,7,1.0,0.0,0.6223876945340394,0.6223876945340394,,,,1.0
1,water_dipole,8,1.0,0.0,0.6223876945340394,0.6223876945340394,,,,1.0
1,water_dipole,9,1.0,0.0,0.6223876945340394,0.6223876945340394,,,,1.0
1,water_dipole,10,1.0,0.0,0.6223876945340394,0.6223876945340394,,,,1.0
1,water_dipole,11,1.0,0.0,0.6223876945340394,0.6223876945340394,,,,1.0
1,water_dipole,12,1.0,0.0,0.6223876945340394,0.6223876945340394,,,,1.0
1,water_dipole,13,1.0,0.0,0.6223876945340394,0.6223876945340394,,,,1.0
1,water_dipole,14,1.0,0.0,0.6223876945340394,0.6223876945340394,,,,1.0
1,water_dipole,15,1.0,0.0,0.6223876945340394,0.6223876945340394,,,,1.0
1,water_dipole,16,1.0,0.0,0.6223876945340394,0.6223876945340394,,,,1.0
1,water_dipole,17,1.0,0.0,0.6223876945340394,0.6223876945340394,,,,1.0
1,water_dipole,18,1.0,0.0,0.6223876945340394,0.6223876945340394,,,,1.0
1,water_dipole,19,1.0,0.0,0.6223876945340394,0.6223876945340394,,,,1.0
1,water_dipole,20,1.0,0.0,0.6223876945340394,0.6223876945340394,,,,1.0
1,water_dipole,21,1.0,0.0,0.6223876945340394,0.6223876945340394,,,,1.0
1,water_dipole,22,1.0,0.0,0.6223876945340394,0.6223876945340394,,,,1.0
1,water_dipole,23,1.0,0.0,0.6223876945340394,0.6223876945340394,,,,1.0
1,water_dipole,24,1.0,0.0,0.6223876945340394,0.6223876945340394,,,,1.0
1,water_dipole,25,1.0,0.0,0.6223876945340394,0.6223876945340394,,,,1.0
1,water_dipole,26,1.0,0.0,0.6223876945340394,0.6223876945340394,,,,1.0
1,water_dipole,27,1.0,0.0,0.6223876945340394,0.6223876945340394,,,,1.0
1,water_dipole,28,1.0,0.0,0.6223876945340394,0.6223876945340394,,,,1.0
1,water_dipole,29,1.0,0.0,0.6223876945340394,0.6223876945340394,,,,1.0
1,water_dipole,30,1.0,0.0,0.6223876945340394,0.6223876945340394,,,,1.0
1,water_dipole,31,1.0,0.0,0.6223876945340394,0.6223876945340394,,,,1.0
1,water_dipole,32,1.0,0.0,0.6223876945340394,0.6223876945340394,,,,1.0
1,water_dipole,33,1.0,0.0,0.6223876945340394,0.6223876945340394,,,,1.0
1,water_dipole,34,1.0,0.0,0.6223876945340394,0.6223876945340394,,,,1.0
1,water_dipole,35,1.0,0.0,0.6223876945340394,0.6223876945340394,,,,1.0
1,water_dipole,36,1.0,0.0,0.6223876945340394,0.6223876945340394,,,,1.0
1,water_dipole,37,1.0,0.0,0.6223876945340394,0.6223876945340394,,,,1.0
1,water_dipole,38,1.0,0.0,0.6223876945340394,0.6223876945340394,,,,1.0
1,water_dipole,39,1.0,0.0,0.6223876945340394,0.6223876945340394,,,,1.0
1,water_dipole,40,1.0,0.0,0.6223876945340394,0.6223876945340394,,,,1.0
1,water_dipole,41,1.0,0.0,0.6223876945340394,0.6223876945340394,,,,1.0
1,water_dipole,42,1.0,0.0,0.6223876945340394,0.6223876945340394,,,,1.0
1,water_dipole,43,1.0,0.0,0.6223876945340394,0.6223876945340394,,,,1.0
1,water_dipole,44,1.0,0.0,0.6223876945340394,0.6223876945340394,,,,1.0
1,water_dipole,45,1.0,0.0,0.6223876945340394,0.6223876945340394,,,,1.0
1,water_dipole,46,1.0,0.0,0.6223876945340394,0.6223876945340394,,,,1.0
1,water_dipole,47,1.0,0.0,0.6223876945340394,0.6223876945340394,,,,1.0
1,water_dipole,48,1.0,0.0,0.6223876945340394,0.6223876945340394,,,,1.0
1,water_dipole,49,1.0,0.0,0.6223876945340394,0.6223876945340394,,,,1.0
1,water_dipole,50,1.0,0.0,0.6223876945340394,0.6223876945340394,,,,1.0
1,water_dipole,51,1.0,0.0,0.6223876945340394,0.6223876945340394,,,,1.0
1,water_dipole,52,1.0,0.0,0.6223876945340394,0.6223876945340394,,,,1.0
1,water_dipole,53,1.0,0.0,0.6223876945340394,0.6223876945340394,,,,1.0
1,water_dipole,54,1.0,0.0,0.6223876945340394,0.6223876945340394,,,,1.0
1,water_dipole,55,1.0,0.0,0.6223876945340394,0.6223876945340394,,,,1.0
1,water_dipole,56,1.0,0.0,0.6223876945340394,0.6223876945340394,,,,1.0
1,water_dipole,57,1.0,0.0,0.6223876945340394,0.6223876945340394,,,,1.0
1,water_dipole,58,1.0,0.0,0.6223876945340394,0.6223876945340394,,,,1.0
1,water_dipole,59,1.0,0.0,0.6223876945340394,0.6223876945340394,,,,1.0
1,water_dipole,60,1.0,0.0,0.6223876945340394,0.6223876945340394,,,,1.0
1,water_dipole,61,1.0,0.0,0.6223876945340394,0.6223876945340394,,,,1.0
1,water_dipole,62,1.0,0.0,0.6223876945340394,0.6223876945340394,,,,1.0
1,water_dipole,63,1.0,0.0,0.6223876945340394,0.6223876945340394,,,,1.0
1,water_dipole,64,1.0,0.0,0.6223876945340394,0.6223876945340394,,,,1.0
1,water_dipole,65,1.0,0.0,0.6223876945340394,0.6223876945340394,,,,1.0
1,water_dipole,66,1.0,0.0,0.6223876945340394,0.6223876945340394,,,,1.0
1,water_dipole,67,1.0,0.0,0.6223876945340394,0.6223876945340394,,,,1.0
1,water_dipole,68,1.0,0.0,0.6223876945340394,0.6223876945340394,,,,1.0
1,water_dipole,69,1.0,0.0,0.6223876945340394,0.6223876945340394,,,,1.0
1,water_dipole,70,1.0,0.0,0.6223876945340394,0.6223876945340394,,,,1.0
1,water_dipole,71,1.0,0.0,0.6223876945340394,0.6223876945340394,,,,1.0
1,water_dipole,72,1.0,0.0,0.6223876945340394,0.6223876945340394,,,,1.0
1,water_dipole,73,1.0,0.0,0.6223876945340394,0.6223876945340394,,,,1.0
1,water_dipole,74,1.0,0.0,0.6223876945340394,0.6223876945340394,,,,1.0
1,water_dipole,75,1.0,0.0,0.6223876945340394,0.6223876945340394,,,,1.0
1,water_dipole,76,1.0,0.0,0.6223876945340394,0.6223876945340394,,,,1.0
1,water_dipole,77,1.0,0.0,0.6223876945340394,0.6223876945340394,,,,1.0
1,water_dipole,78,1.0,0.0,0.6223876945340394,0.6223876945340394,,,,1.0
1,water_dipole,79,1.0,0.0,0.6223876945340394,0.6223876945340394,,,,1.0
1,water_dipole,80,1.0,0.0,0.6223876945340394,0.6223876945340394,,,,1.0
1,water_dipole,81,1.0,0.0,0.6223876945340394,0.6223876945340394,,,,1.0
1,water_dipole,82,1.0,0.0,0.6223876945340394,0.6223876945340394,,,,1.0
1,water_dipole,83,1.0,0.0,0.6223876945340394,0.6223876945340394,,,,1.0
1,water_dipole,84,1.0,0.0,0.6223876945340394,0.6223876945340394,,,,1.0
1,water_dipole,85,1.0,0.0,0.6223876945340394,0.6223876945340394,,,,1.0
1,water_dipole,86,1.0,0.0,0.6223876945340394,0.6223876945340394,,,,1.0
1,water_dipole,87,1.0,0.0,0.6223876945340394,0.6223876945340394,,,,1.0
1,water_dipole,88,1.0,0.0,0.6223876945340394,0.6223876945340394,,,,1.0
1,water_dipole,89,1.0,0.0,0.6223876945340394,0.6223876945340394,,,,1.0
1,water_dipole,90,1.0,0.0,0.6223876945340394,0.6223876945340394,,,,1.0
1,water_dipole,91,1.0,0.0,0.6223876945340394,0.6223876945340394,,,,1.0
1,water_dipole,92,1.0,0.0,0.6223876945340394,0.6223876945340394,,,,1.0
1,water_dipole,93,1.0,0.0,0.6223876945340394,0.6223876945340394,,,,1.0
1,water_dipole,94,1.0,0.0,0.6223876945340394,0.6223876945340394,,,,1.0
1,water_dipole,95,1.0,0.0,0.6223876945340394,0.6223876945340394,,,,1.0
1,water_dipole,96,1.0,0.0,0.6223876945340394,0.6223876945340394,,,,1.0
1,water_dipole,97,1.0,0.0,0.6223876945340394,0.6223876945340394,,,,1.0
1,water_dipole,98,1.0,0.0,0.6223876945340394,0.6223876945340394,,,,1.0
1,water_dipole,99,1.0,0.0,0.6223876945340394,0.6223876945340394,,,,1.0
1,water_dipole,100,1.0,0.0,0.6223876945340394,0.6223876945340394,,,,1.0
1,water_dipole,101,1.0,0.0,0.6223876945340394,0.6223876945340394,,,,1.0
1,water_dipole,102,1.0,0.0,0.6223876945340394,0.6223876945340394,,,,1.0
1,water_dipole,103,1.0,0.0,0.6223876945340394,0.6223876945340394,,,,1.0
1,water_dipole,104,1.0,0.0,0.6223876945340394,0.6223876945340394,,,,1.0
1,water_dipole,105,1.0,0.0,0.6223876945340394,0.6223876945340394,,,,1.0
1,water_dipole,106,1.0,0.0,0.6223876945340394,0.6223876945340394,,,,1.0
1,water_dipole,107,1.0,0.0,0.6223876945340394,0.6223876945340394,,,,1.0
1,water_dipole,108,1.0,0.0,0.6223876945340394,0.6223876945340394,,,,1.0
1,water_dipole,109,1.0,0.0,0.6223876945340394,0.6223876945340394,,,,1.0
1,water_dipole,110,1.0,0.0,0.6223876945340394,0.6223876945340394,,,,1.0
1,water_dipole,111,1.0,0.0,0.6223876945340394,0.6223876945340394,,,,1.0
1,water_dipole,112,1.0,0.0,0.6223876945340394,0.6223876945340394,,,,1.0
1,water_dipole,113,1.0,0.0,0.6223876945340394,0.6223876945340394,,,,1.0
1,water_dipole,114,1.0,0.0,0.6223876945340394,0.6223876945340394,,,,1.0
1,water_dipole,115,1.0,0.0,0.6223876945340394,0.6223876945340394,,,,1.0
1,water_dipole,116,1.0,0.0,0.6223876945340394,0.6223876945340394,,,,1.0
1,water_dipole,117,1.0,0.0,0.6223876945340394,0.6223876945340394,,,,1.0
1,water_dipole,118,1.0,0.0,0.6223876945340394,0.6223876945340394,,,,1.0
1,water_dipole,119,1.0,0.0,0.6223876945340394,0.6223876945340394,,,,1.0
1,water_dipole,120,1.0,0.0,0.6223876945340394,0.6223876945340394,,,,1.0
1,water_dipole,121,1.0,0.0,0.6223876945340394,0.6223876945340394,,,,1.0
1,water_dipole,122,1.0,0.0,0.6223876945340394,0.6223876945340394,,,,1.0
1,water_dipole,123,1.0,0.0,0.6223876945340394,0.6223876945340394,,,,1.0
1,water_dipole,124,1.0,0.0,0.6223876945340394,0.6223876945340394,,,,1.0
1,water_dipole,125,1.0,0.0,0.6223876945340394,0.6223876945340394,,,,1.0
1,water_dipole,126,1.0,0.0,0.6223876945340394,0.6223876945340394,,,,1.0
1,water_dipole,127,1.0,0.0,0.6223876945340394,0.6223876945340394,,,,1.0
1,water_dipole,128,1.0,0.0,0.6223876945340394,0.6223876945340394,,,,1.0
1,water_dipole,129,1.0,0.0,0.6223876945340394,0.6223876945340394,,,,1.0
1,water_dipole,130,1.0,0.0,0.6223876945340394,0.6223876945340394,,,,1.0
1,water_dipole,131,1.0,0.0,0.6223876945340394,0.6223876945340394,,,,1.0
1,water_dipole,132,1.0,0.0,0.6223876945340394,0.6223876945340394,,,,1.0
1,water_dipole,133,1.0,0.0,0.6223876945340394,0.6223876945340394,,,,1.0
1,water_dipole,134,1.0,0.0,0.6223876945340394,0.6223876945340394,,,,1.0
1,water_dipole,135,1.0,0.0,0.6223876945340394,0.6223876945340394,,,,1.0
1,water_dipole,136,1.0,0.0,0.6223876945340394,0.6223876945340394,,,,1.0
1,water_dipole,137,1.0,0.0,0.6223876945340394,0.6223876945340394,,,,1.0
1,water_dipole,138,1.0,0.0,0.6223876945340394,0.6223876945340394,,,,1.0
1,water_dipole,139,1.0,0.0,0.6223876945340394,0.6223876945340394,,,,1.0
1,water_dipole,140,1.0,0.0,0.6223876945340394,0.6223876945340394,,,,1.0
1,water_dipole,141,1.0,0.0,0.6223876945340394,0.6223876945340394,,,,1.0
1,water_dipole,142,1.0,0.0,0.6223876945340394,0.6223876945340394,,,,1.0
1,water_dipole,143,1.0,0.0,0.6223876945340394,0.6223876945340394,,,,1.0
1,water_dipole,144,1.0,0.0,0.6223876945340394,0.6223876945340394,,,,1.0
1,water_dipole,145,1.0,0.0,0.6223876945340394,0.6223876945340394,,,,1.0
1,water_dipole,146,1.0,0.0,0.6223876945340394,0.6223876945340394,,,,1.0
1,water_dipole,147,1.0,0.0,0.6223876945340394,0.6223876945340394,,,,1.0
1,water_dipole,148,1.0,0.0,0.6223876945340394,0.6223876945340394,,,,1.0
1,water_dipole,149,1.0,0.0,0.6223876945340394,0.6223876945340394,,,,1.0
1,water_dipole,150,1.0,0.0,0.6223876945340394,0.6223876945340394,,,,1.0
1,water_dipole,151,1.0,0.0,0.6223876945340394,0.6223876945340394,,,,1.0
1,water_dipole,152,1.0,0.0,0.6223876945340394,0.6223876945340394,,,,1.0
1,water_dipole,153,1.0,0.0,0.6223876945340394,0.6223876945340394,,,,1.0
1,water_dipole,154,1.0,0.0,0.6223876945340394,0.6223876945340394,,,,1.0
1,water_dipole,155,1.0,0.0,0.6223876945340394,0.6223876945340394,,,,1.0
1,water_dipole,156,1.0,0.0,0.6223876945340394,0.6223876945340394,,,,1.0
1,water_dipole,157,1.0,0.0,0.6223876945340394,0.6223876945340394,,,,1.0
1,water_dipole,158,1.0,0.0,0.6223876945340394,0.6223876945340394,,,,1.0
1,water_dipole,159,1.0,0.0,0.6223876945340394,0.6223876945340394,,,,1.0
1,water_dipole,160,1.0,0.0,0.6223876945340394,0.6223876945340394,,,,1.0
1,water_dipole,161,1.0,0.0,0.6223876945340394,0.6223876945340394,,,,1.0
1,water_dipole,162,1.0,0.0,0.6223876945340394,0.6223876945340394,,,,1.0
1,water_dipole,163,1.0,0.0,0.6223876945340394,0.6223876945340394,,,,1.0
1,water_dipole,164,1.0,0.0,0.6223876945340394,0.6223876945340394,,,,1.0
1,water_dipole,165,1.0,0.0,0.6223876945340394,0.6223876945340394,,,,1.0
1,water_dipole,166,1.0,0.0,0.6223876945340394,0.6223876945340394,,,,1.0
1,water_dipole,167,1.0,0.0,0.6223876945340394,0.6223876945340394,,,,1.0
1,water_dipole,168,1.0,0.0,0.6223876945340394,0.6223876945340394,,,,1.0
1,water_dipole,169,1.0,0.0,0.6223876945340394,0.6223876945340394,,,,1.0
1,water_dipole,170,1.0,0.0,0.6223876945340394,0.6223876945340394,,,,1.0
1,water_dipole,171,1.0,0.0,0.6223876945340394,0.6223876945340394,,,,1.0
1,water_dipole,172,1.0,0.0,0.6223876945340394,0.6223876945340394,,,,1.0
1,water_dipole,173,1.0,0.0,0.6223876945340394,0.6223876945340394,,,,1.0
1,water_dipole,174,1.0,0.0,0.6223876945340394,0.6223876945340394,,,,1.0
1,water_dipole,175,1.0,0.0,0.6223876945340394,0.6223876945340394,,,,1.0
1,water_dipole,176,1.0,0.0,0.6223876945340394,0.6223876945340394,,,,1.0
1,water_dipole,177,1.0,0.0,0.6223876945340394,0.6223876945340394,,,,1.0
1,water_dipole,178,1.0,0.0,0.6223876945340394,0.6223876945340394,,,,1.0
1,water_dipole,179,1.0,0.0,0.6223876945340394,0.6223876945340394,,,,1.0
1,water_dipole,180,1.0,0.0,0.6223876945340394,0.6223876945340394,,,,1.0
1,water_dipole,181,1.0,0.0,0.6223876945340394,0.6223876945340394,,,,1.0
1,water_dipole,182,1.0,0.0,0.6223876945340394,0.6223876945340394,,,,1.0
1,water_dipole,183,1.0,0.0,0.6223876945340394,0.6223876945340394,,,,1.0
1,water_dipole,184,1.0,0.0,0.6223876945340394,0.6223876945340394,,,,1.0
1,water_dipole,185,1.0,0.0,0.6223876945340394,0.6223876945340394,,,,1.0
1,water_dipole,186,1.0,0.0,0.6223876945340394,0.6223876945340394,,,,1.0
1,water_dipole,187,1.0,0.0,0.6223876945340394,0.6223876945340394,,,,1.0
1,water_dipole,188,1.0,0.0,0.6223876945340394,0.6223876945340394,,,,1.0
1,water_dipole,189,1.0,0.0,0.6223876945340394,0.6223876945340394,,,,1.0
1,water_dipole,190,1.0,0.0,0.6223876945340394,0.6223876945340394,,,,1.0
1,water_dipole,191,1.0,0.0,0.6223876945340394,0.6223876945340394,,,,1.0
1,water_dipole,192,1.0,0.0,0.6223876945340394,0.6223876945340394,,,,1.0
1,water_dipole,193,1.0,0.0,0.6223876945340394,0.6223876945340394,,,,1.0
1,water_dipole,194,1.0,0.0,0.6223876945340394,0.6223876945340394,,,,1.0
1,water_dipole,195,1.0,0.0,0.6223876945340394,0.6223876945340394,,,,1.0
1,water_dipole,196,1.0,0.0,0.6223876945340394,0.6223876945340394,,,,1.0
1,water_dipole,197,1.0,0.0,0.6223876945340394,0.6223876945340394,,,,1.0
1,water_dipole,198,1.0,0.0,0.6223876945340394,0.6223876945340394,,,,1.0
1,water_dipole,199,1.0,0.0,0.6223876945340394,0.6223876945340394,,,,1.0
1,water_dipole,200,1.0,0.0,0.6223876945340394,0.6223876945340394,,,,1.0
1,water_dipole,201,1.0,0.0,0.6223876945340394,0.6223876945340394,,,,1.0
1,water_dipole,202,1.0,0.0,0.6223876945340394,0.6223876945340394,,,,1.0
1,water_dipole,203,1.0,0.0,0.6223876945340394,0.6223876945340394,,,,1.0
1,water_dipole,204,1.0,0.0,0.6223876945340394,0.6223876945340394,,,,1.0
1,water_dipole,205,1.0,0.0,0.6223876945340394,0.6223876945340394,,,,1.0
1,water_dipole,206,1.0,0.0,0.6223876945340394,0.6223876945340394,,,,1.0
1,water_dipole,207,1.0,0.0,0.6223876945340394,0.6223876945340394,,,,1.0
1,water_dipole,208,1.0,0.0,0.6223876945340394,0.6223876945340394,,,,1.0
1,water_dipole,209,1.0,0.0,0.6223876945340394,0.6223876945340394,,,,1.0
1,water_dipole,210,1.0,0.0,0.6223876945340394,0.6223876945340394,,,,1.0
1,water_dipole,211,1.0,0.0,0.6223876945340394,0.6223876945340394,,,,1.0
1,water_dipole,212,1.0,0.0,0.6223876945340394,0.6223876945340394,,,,1.0
1,water_dipole,213,1.0,0.0,0.6223876945340394,0.6223876945340394,,,,1.0
1,water_dipole,214,1.0,0.0,0.6223876945340394,0.6223876945340394,,,,1.0
1,water_dipole,215,1.0,0.0,0.6223876945340394,0.6223876945340394,,,,1.0
1,water_dipole,216,1.0,0.0,0.6223876945340394,0.6223876945340394,,,,1.0
1,water_dipole,217,1.0,0.0,0.6223876945340394,0.6223876945340394,,,,1.0
1,water_dipole,218,1.0,0.0,0.6223876945340394,0.6223876945340394,,,,1.0
1,water_dipole,219,1.0,0.0,0.6223876945340394,0.6223876945340394,,,,1.0
1,water_dipole,220,1.0,0.0,0.6223876945340394,0.6223876945340394,,,,1.0
1,water_dipole,221,1.0,0.0,0.6223876945340394,0.6223876945340394,,,,1.0
1,water_dipole,222,1.0,0.0,0.6223876945340394,0.6223876945340394,,,,1.0
1,water_dipole,223,1.0,0.0,0.6223876945340394,0.6223876945340394,,,,1.0
1,water_dipole,224,1.0,0.0,0.6223876945340394,0.6223876945340394,,,,1.0
1,water_dipole,225,1.0,0.0,0.6223876945340394,0.6223876945340394,,,,1.0
1,water_dipole,226,1.0,0.0,0.6223876945340394,0.6223876945340394,,,,1.0
1,water_dipole,227,1.0,0.0,0.6223876945340394,0.6223876945340394,,,,1.0
1,water_dipole,228,1.0,0.0,0.6223876945340394,0.6223876945340394,,,,1.0
1,water_dipole,229,1.0,0.0,0.6223876945340394,0.6223876945340394,,,,1.0
1,water_dipole,230,1.0,0.0,0.6223876945340394,0.6223876945340394,,,,1.0
1,water_dipole,231,1.0,0.0,0.6223876945340394,0.6223876945340394,,,,1.0
1,water_dipole,232,1.0,0.0,0.6223876945340394,0.6223876945340394,,,,1.0
1,water_dipole,233,1.0,0.0,0.6223876945340394,0.6223876945340394,,,,1.0
1,water_dipole,234,1.0,0.0,0.6223876945340394,0.6223876945340394,,,,1.0
1,water_dipole,235,1.0,0.0,0.6223876945340394,0.6223876945340394,,,,1.0
1,water_dipole,236,1.0,0.0,0.6223876945340394,0.6223876945340394,,,,1.0
1,water_dipole,237,1.0,0.0,0.6223876945340394,0.6223876945340394,,,,1.0
1,water_dipole,238,1.0,0.0,0.6223876945340394,0.6223876945340394,,,,1.0
1,water_dipole,239,1.0,0.0,0.6223876945340394,0.6223876945340394,,,,1.0
1,water_dipole,240,1.0,0.0,0.6223876945340394,0.6223876945340394,,,,1.0
1,water_dipole,241,1.0,0.0,0.6223876945340394,0.6223876945340394,,,,1.0
1,water_dipole,242,1.0,0.0,0.6223876945340394,0.6223876945340394,,,,1.0
1,water_dipole,243,1.0,0.0,0.6223876945340394,0.6223876945340394,,,,1.0
1,water_dipole,244,1.0,0.0,0.6223876945340394,0.6223876945340394,,,,1.0
1,water_dipole,245,1.0,0.0,0.6223876945340394,0.6223876945340394,,,,1.0
1,water_dipole,246,1.0,0.0,0.6223876945340394,0.6223876945340394,,,,1.0
1,water_dipole,247,1.0,0.0,0.6223876945340394,0.6223876945340394,,,,1.0
1,water_dipole,248,1.0,0.0,0.6223876945340394,0.6223876945340394,,,,1.0
1,water_dipole,249,1.0,0.0,0.6223876945340394,0.6223876945340394,,,,1.0
1,acetone_gsolv_eV,0,1.0,0.0,0.5757134492940967,0.5757134492940967,,,,1.0
1,acetone_gsolv_eV,1,1.0,0.0,0.5757134492940967,0.5757134492940967,,,,1.0
1,acetone_gsolv_eV,2,1.0,0.0,0.5757134492940967,0.5757134492940967,,,,1.0
1,acetone_gsolv_eV,3,1.0,0.0,0.5757134492940967,0.5757134492940967,,,,1.0
1,acetone_gsolv_eV,4,1.0,0.0,0.5757134492940967,0.5757134492940967,,,,1.0
1,acetone_gsolv_eV,5,1.0,0.0,0.5757134492940967,0.5757134492940967,,,,1.0
1,acetone_gsolv_eV,6,1.0,0.0,0.5757134492940967,0.5757134492940967,,,,1.0
1,acetone_gsolv_eV,7,1.0,0.0,0.5757134492940967,0.5757134492940967,,,,1.0
1,acetone_gsolv_eV,8,1.0,0.0,0.5757134492940967,0.5757134492940967,,,,1.0
1,acetone_gsolv_eV,9,1.0,0.0,0.5757134492940967,0.5757134492940967,,,,1.0
1,acetone_gsolv_eV,10,1.0,0.0,0.5757134492940967,0.5757134492940967,,,,1.0
1,acetone_gsolv_eV,11,1.0,0.0,0.5757134492940967,0.5757134492940967,,,,1.0
1,acetone_gsolv_eV,12,1.0,0.0,0.5757134492940967,0.5757134492940967,,,,1.0
1,acetone_gsolv_eV,13,1.0,0.0,0.5757134492940967,0.5757134492940967,,,,1.0
1,acetone_gsolv_eV,14,1.0,0.0,0.5757134492940967,0.5757134492940967,,,,1.0
1,acetone_gsolv_eV,15,1.0,0.0,0.5757134492940967,0.5757134492940967,,,,1.0
1,acetone_gsolv_eV,16,1.0,0.0,0.5757134492940967,0.5757134492940967,,,,1.0
1,acetone_gsolv_eV,17,1.0,0.0,0.5757134492940967,0.5757134492940967,,,,1.0
1,acetone_gsolv_eV,18,1.0,0.0,0.5757134492940967,0.5757134492940967,,,,1.0
1,acetone_gsolv_eV,19,1.0,0.0,0.5757134492940967,0.5757134492940967,,,,1.0
1,acetone_gsolv_eV,20,1.0,0.0,0.5757134492940967,0.5757134492940967,,,,1.0
1,acetone_gsolv_eV,21,1.0,0.0,0.5757134492940967,0.5757134492940967,,,,1.0
1,acetone_gsolv_eV,22,1.0,0.0,0.5757134492940967,0.5757134492940967,,,,1.0
1,acetone_gsolv_eV,23,1.0,0.0,0.5757134492940967,0.5757134492940967,,,,1.0
1,acetone_gsolv_eV,24,1.0,0.0,0.5757134492940967,0.5757134492940967,,,,1.0
1,acetone_gsolv_eV,25,1.0,0.0,0.5757134492940967,0.5757134492940967,,,,1.0
1,acetone_gsolv_eV,26,1.0,0.0,0.5757134492940967,0.5757134492940967,,,,1.0
1,acetone_gsolv_eV,27,1.0,0.0,0.5757134492940967,0.5757134492940967,,,,1.0
1,acetone_gsolv_eV,28,1.0,0.0,0.5757134492940967,0.5757134492940967,,,,1.0
1,acetone_gsolv_eV,29,1.0,0.0,0.5757134492940967,0.5757134492940967,,,,1.0
1,acetone_gsolv_eV,30,1.0,0.0,0.5757134492940967,0.5757134492940967,,,,1.0
1,acetone_gsolv_eV,31,1.0,0.0,0.5757134492940967,0.5757134492940967,,,,1.0
1,acetone_gsolv_eV,32,1.0,0.0,0.5757134492940967,0.5757134492940967,,,,1.0
1,acetone_gsolv_eV,33,1.0,0.0,0.5757134492940967,0.5757134492940967,,,,1.0
1,acetone_gsolv_eV,34,1.0,0.0,0.5757134492940967,0.5757134492940967,,,,1.0
1,acetone_gsolv_eV,35,1.0,0.0,0.5757134492940967,0.5757134492940967,,,,1.0
1,acetone_gsolv_eV,36,1.0,0.0,0.5757134492940967,0.5757134492940967,,,,1.0
1,acetone_gsolv_eV,37,1.0,0.0,0.5757134492940967,0.5757134492940967,,,,1.0
1,acetone_gsolv_eV,38,1.0,0.0,0.5757134492940967,0.5757134492940967,,,,1.0
1,acetone_gsolv_eV,39,1.0,0.0,0.5757134492940967,0.5757134492940967,,,,1.0
1,acetone_gsolv_eV,40,1.0,0.0,0.5757134492940967,0.5757134492940967,,,,1.0
1,acetone_gsolv_eV,41,1.0,0.0,0.5757134492940967,0.5757134492940967,,,,1.0
1,acetone_gsolv_eV,42,1.0,0.0,0.5757134492940967,0.5757134492940967,,,,1.0
1,acetone_gsolv_eV,43,1.0,0.0,0.5757134492940967,0.5757134492940967,,,,1.0
1,acetone_gsolv_eV,44,1.0,0.0,0.5757134492940967,0.5757134492940967,,,,1.0
1,acetone_gsolv_eV,45,1.0,0.0,0.5757134492940967,0.5757134492940967,,,,1.0
1,acetone_gsolv_eV,46,1.0,0.0,0.5757134492940967,0.5757134492940967,,,,1.0
1,acetone_gsolv_eV,47,1.0,0.0,0.5757134492940967,0.5757134492940967,,,,1.0
1,acetone_gsolv_eV,48,1.0,0.0,0.5757134492940967,0.5757134492940967,,,,1.0
1,acetone_gsolv_eV,49,1.0,0.0,0.5757134492940967,0.5757134492940967,,,,1.0
1,acetone_gsolv_eV,50,1.0,0.0,0.5757134492940967,0.5757134492940967,,,,1.0
1,acetone_gsolv_eV,51,1.0,0.0,0.5757134492940967,0.5757134492940967,,,,1.0
1,acetone_gsolv_eV,52,1.0,0.0,0.5757134492940967,0.5757134492940967,,,,1.0
1,acetone_gsolv_eV,53,1.0,0.0,0.5757134492940967,0.5757134492940967,,,,1.0
1,acetone_gsolv_eV,54,1.0,0.0,0.5757134492940967,0.5757134492940967,,,,1.0
1,acetone_gsolv_eV,55,1.0,0.0,0.5757134492940967,0.5757134492940967,,,,1.0
1,acetone_gsolv_eV,56,1.0,0.0,0.5757134492940967,0.5757134492940967,,,,1.0
1,acetone_gsolv_eV,57,1.0,0.0,0.5757134492940967,0.5757134492940967,,,,1.0
1,acetone_gsolv_eV,58,1.0,0.0,0.5757134492940967,0.5757134492940967,,,,1.0
1,acetone_gsolv_eV,59,1.0,0.0,0.5757134492940967,0.5757134492940967,,,,1.0
1,acetone_gsolv_eV,60,1.0,0.0,0.5757134492940967,0.5757134492940967,,,,1.0
1,acetone_gsolv_eV,61,1.0,0.0,0.5757134492940967,0.5757134492940967,,,,1.0
1,acetone_gsolv_eV,62,1.0,0.0,0.5757134492940967,0.5757134492940967,,,,1.0
1,acetone_gsolv_eV,63,1.0,0.0,0.5757134492940967,0.5757134492940967,,,,1.0
1,acetone_gsolv_eV,64,1.0,0.0,0.5757134492940967,0.5757134492940967,,,,1.0
1,acetone_gsolv_eV,65,1.0,0.0,0.5757134492940967,0.5757134492940967,,,,1.0
1,acetone_gsolv_eV,66,1.0,0.0,0.5757134492940967,0.5757134492940967,,,,1.0
1,acetone_gsolv_eV,67,1.0,0.0,0.5757134492940967,0.5757134492940967,,,,1.0
1,acetone_gsolv_eV,68,1.0,0.0,0.5757134492940967,0.5757134492940967,,,,1.0
1,acetone_gsolv_eV,69,1.0,0.0,0.5757134492940967,0.5757134492940967,,,,1.0
1,acetone_gsolv_eV,70,1.0,0.0,0.5757134492940967,0.5757134492940967,,,,1.0
1,acetone_gsolv_eV,71,1.0,0.0,0.5757134492940967,0.5757134492940967,,,,1.0
1,acetone_gsolv_eV,72,1.0,0.0,0.5757134492940967,0.5757134492940967,,,,1.0
1,acetone_gsolv_eV,73,1.0,0.0,0.5757134492940967,0.5757134492940967,,,,1.0
1,acetone_gsolv_eV,74,1.0,0.0,0.5757134492940967,0.5757134492940967,,,,1.0
1,acetone_gsolv_eV,75,1.0,0.0,0.5757134492940967,0.5757134492940967,,,,1.0
1,acetone_gsolv_eV,76,1.0,0.0,0.5757134492940967,0.5757134492940967,,,,1.0
1,acetone_gsolv_eV,77,1.0,0.0,0.5757134492940967,0.5757134492940967,,,,1.0
1,acetone_gsolv_eV,78,1.0,0.0,0.5757134492940967,0.5757134492940967,,,,1.0
1,acetone_gsolv_eV,79,1.0,0.0,0.5757134492940967,0.5757134492940967,,,,1.0
1,acetone_gsolv_eV,80,1.0,0.0,0.5757134492940967,0.5757134492940967,,,,1.0
1,acetone_gsolv_eV,81,1.0,0.0,0.5757134492940967,0.5757134492940967,,,,1.0
1,acetone_gsolv_eV,82,1.0,0.0,0.5757134492940967,0.5757134492940967,,,,1.0
1,acetone_gsolv_eV,83,1.0,0.0,0.5757134492940967,0.5757134492940967,,,,1.0
1,acetone_gsolv_eV,84,1.0,0.0,0.5757134492940967,0.5757134492940967,,,,1.0
1,acetone_gsolv_eV,85,1.0,0.0,0.5757134492940967,0.5757134492940967,,,,1.0
1,acetone_gsolv_eV,86,1.0,0.0,0.5757134492940967,0.5757134492940967,,,,1.0
1,acetone_gsolv_eV,87,1.0,0.0,0.5757134492940967,0.5757134492940967,,,,1.0
1,acetone_gsolv_eV,88,1.0,0.0,0.5757134492940967,0.5757134492940967,,,,1.0
1,acetone_gsolv_eV,89,1.0,0.0,0.5757134492940967,0.5757134492940967,,,,1.0
1,acetone_gsolv_eV,90,1.0,0.0,0.5757134492940967,0.5757134492940967,,,,1.0
1,acetone_gsolv_eV,91,1.0,0.0,0.5757134492940967,0.5757134492940967,,,,1.0
1,acetone_gsolv_eV,92,1.0,0.0,0.5757134492940967,0.5757134492940967,,,,1.0
1,acetone_gsolv_eV,93,1.0,0.0,0.5757134492940967,0.5757134492940967,,,,1.0
1,acetone_gsolv_eV,94,1.0,0.0,0.5757134492940967,0.5757134492940967,,,,1.0
1,acetone_gsolv_eV,95,1.0,0.0,0.5757134492940967,0.5757134492940967,,,,1.0
1,acetone_gsolv_eV,96,1.0,0.0,0.5757134492940967,0.5757134492940967,,,,1.0
1,acetone_gsolv_eV,97,1.0,0.0,0.5757134492940967,0.5757134492940967,,,,1.0
1,acetone_gsolv_eV,98,1.0,0.0,0.5757134492940967,0.5757134492940967,,,,1.0
1,acetone_gsolv_eV,99,1.0,0.0,0.5757134492940967,0.5757134492940967,,,,1.0
1,acetone_gsolv_eV,100,1.0,0.0,0.5757134492940967,0.5757134492940967,,,,1.0
1,acetone_gsolv_eV,101,1.0,0.0,0.5757134492940967,0.5757134492940967,,,,1.0
1,acetone_gsolv_eV,102,1.0,0.0,0.5757134492940967,0.5757134492940967,,,,1.0
1,acetone_gsolv_eV,103,1.0,0.0,0.5757134492940967,0.5757134492940967,,,,1.0
1,acetone_gsolv_eV,104,1.0,0.0,0.5757134492940967,0.5757134492940967,,,,1.0
1,acetone_gsolv_eV,105,1.0,0.0,0.5757134492940967,0.5757134492940967,,,,1.0
1,acetone_gsolv_eV,106,1.0,0.0,0.5757134492940967,0.5757134492940967,,,,1.0
1,acetone_gsolv_eV,107,1.0,0.0,0.5757134492940967,0.5757134492940967,,,,1.0
1,acetone_gsolv_eV,108,1.0,0.0,0.5757134492940967,0.5757134492940967,,,,1.0
1,acetone_gsolv_eV,109,1.0,0.0,0.5757134492940967,0.5757134492940967,,,,1.0
1,acetone_gsolv_eV,110,1.0,0.0,0.5757134492940967,0.5757134492940967,,,,1.0
1,acetone_gsolv_eV,111,1.0,0.0,0.5757134492940967,0.5757134492940967,,,,1.0
1,acetone_gsolv_eV,112,1.0,0.0,0.5757134492940967,0.5757134492940967,,,,1.0
1,acetone_gsolv_eV,113,1.0,0.0,0.5757134492940967,0.5757134492940967,,,,1.0
1,acetone_gsolv_eV,114,1.0,0.0,0.5757134492940967,0.5757134492940967,,,,1.0
1,acetone_gsolv_eV,115,1.0,0.0,0.5757134492940967,0.5757134492940967,,,,1.0
1,acetone_gsolv_eV,116,1.0,0.0,0.5757134492940967,0.5757134492940967,,,,1.0
1,acetone_gsolv_eV,117,1.0,0.0,0.5757134492940967,0.5757134492940967,,,,1.0
1,acetone_gsolv_eV,118,1.0,0.0,0.5757134492940967,0.5757134492940967,,,,1.0
1,acetone_gsolv_eV,119,1.0,0.0,0.5757134492940967,0.5757134492940967,,,,1.0
1,acetone_gsolv_eV,120,1.0,0.0,0.5757134492940967,0.5757134492940967,,,,1.0
1,acetone_gsolv_eV,121,1.0,0.0,0.5757134492940967,0.5757134492940967,,,,1.0
1,acetone_gsolv_eV,122,1.0,0.0,0.5757134492940967,0.5757134492940967,,,,1.0
1,acetone_gsolv_eV,123,1.0,0.0,0.5757134492940967,0.5757134492940967,,,,1.0
1,acetone_gsolv_eV,124,1.0,0.0,0.5757134492940967,0.5757134492940967,,,,1.0
1,acetone_gsolv_eV,125,1.0,0.0,0.5757134492940967,0.5757134492940967,,,,1.0
1,acetone_gsolv_eV,126,1.0,0.0,0.5757134492940967,0.5757134492940967,,,,1.0
1,acetone_gsolv_eV,127,1.0,0.0,0.5757134492940967,0.5757134492940967,,,,1.0
1,acetone_gsolv_eV,128,1.0,0.0,0.5757134492940967,0.5757134492940967,,,,1.0
1,acetone_gsolv_eV,129,1.0,0.0,0.5757134492940967,0.5757134492940967,,,,1.0
1,acetone_gsolv_eV,130,1.0,0.0,0.5757134492940967,0.5757134492940967,,,,1.0
1,acetone_gsolv_eV,131,1.0,0.0,0.5757134492940967,0.5757134492940967,,,,1.0
1,acetone_gsolv_eV,132,1.0,0.0,0.5757134492940967,0.5757134492940967,,,,1.0
1,acetone_gsolv_eV,133,1.0,0.0,0.5757134492940967,0.5757134492940967,,,,1.0
1,acetone_gsolv_eV,134,1.0,0.0,0.5757134492940967,0.5757134492940967,,,,1.0
1,acetone_gsolv_eV,135,1.0,0.0,0.5757134492940967,0.5757134492940967,,,,1.0
1,acetone_gsolv_eV,136,1.0,0.0,0.5757134492940967,0.5757134492940967,,,,1.0
1,acetone_gsolv_eV,137,1.0,0.0,0.5757134492940967,0.5757134492940967,,,,1.0
1,acetone_gsolv_eV,138,1.0,0.0,0.5757134492940967,0.5757134492940967,,,,1.0
1,acetone_gsolv_eV,139,1.0,0.0,0.5757134492940967,0.5757134492940967,,,,1.0
1,acetone_gsolv_eV,140,1.0,0.0,0.5757134492940967,0.5757134492940967,,,,1.0
1,acetone_gsolv_eV,141,1.0,0.0,0.5757134492940967,0.5757134492940967,,,,1.0
1,acetone_gsolv_eV,142,1.0,0.0,0.5757134492940967,0.5757134492940967,,,,1.0
1,acetone_gsolv_eV,143,1.0,0.0,0.5757134492940967,0.5757134492940967,,,,1.0
1,acetone_gsolv_eV,144,1.0,0.0,0.5757134492940967,0.5757134492940967,,,,1.0
1,acetone_gsolv_eV,145,1.0,0.0,0.5757134492940967,0.5757134492940967,,,,1.0
1,acetone_gsolv_eV,146,1.0,0.0,0.5757134492940967,0.5757134492940967,,,,1.0
1,acetone_gsolv_eV,147,1.0,0.0,0.5757134492940967,0.5757134492940967,,,,1.0
1,acetone_gsolv_eV,148,1.0,0.0,0.5757134492940967,0.5757134492940967,,,,1.0
1,acetone_gsolv_eV,149,1.0,0.0,0.5757134492940967,0.5757134492940967,,,,1.0
1,acetone_gsolv_eV,150,1.0,0.0,0.5757134492940967,0.5757134492940967,,,,1.0
1,acetone_gsolv_eV,151,1.0,0.0,0.5757134492940967,0.5757134492940967,,,,1.0
1,acetone_gsolv_eV,152,1.0,0.0,0.5757134492940967,0.5757134492940967,,,,1.0
1,acetone_gsolv_eV,153,1.0,0.0,0.5757134492940967,0.5757134492940967,,,,1.0
1,acetone_gsolv_eV,154,1.0,0.0,0.5757134492940967,0.5757134492940967,,,,1.0
1,acetone_gsolv_eV,155,1.0,0.0,0.5757134492940967,0.5757134492940967,,,,1.0
1,acetone_gsolv_eV,156,1.0,0.0,0.5757134492940967,0.5757134492940967,,,,1.0
1,acetone_gsolv_eV,157,1.0,0.0,0.5757134492940967,0.5757134492940967,,,,1.0
1,acetone_gsolv_eV,158,1.0,0.0,0.5757134492940967,0.5757134492940967,,,,1.0
1,acetone_gsolv_eV,159,1.0,0.0,0.5757134492940967,0.5757134492940967,,,,1.0
1,acetone_gsolv_eV,160,1.0,0.0,0.5757134492940967,0.5757134492940967,,,,1.0
1,acetone_gsolv_eV,161,1.0,0.0,0.5757134492940967,0.5757134492940967,,,,1.0
1,acetone_gsolv_eV,162,1.0,0.0,0.5757134492940967,0.5757134492940967,,,,1.0
1,acetone_gsolv_eV,163,1.0,0.0,0.5757134492940967,0.5757134492940967,,,,1.0
1,acetone_gsolv_eV,164,1.0,0.0,0.5757134492940967,0.5757134492940967,,,,1.0
1,acetone_gsolv_eV,165,1.0,0.0,0.5757134492940967,0.5757134492940967,,,,1.0
1,acetone_gsolv_eV,166,1.0,0.0,0.5757134492940967,0.5757134492940967,,,,1.0
1,acetone_gsolv_eV,167,1.0,0.0,0.5757134492940967,0.5757134492940967,,,,1.0
1,acetone_gsolv_eV,168,1.0,0.0,0.5757134492940967,0.5757134492940967,,,,1.0
1,acetone_gsolv_eV,169,1.0,0.0,0.5757134492940967,0.5757134492940967,,,,1.0
1,acetone_gsolv_eV,170,1.0,0.0,0.5757134492940967,0.5757134492940967,,,,1.0
1,acetone_gsolv_eV,171,1.0,0.0,0.5757134492940967,0.5757134492940967,,,,1.0
1,acetone_gsolv_eV,172,1.0,0.0,0.5757134492940967,0.5757134492940967,,,,1.0
1,acetone_gsolv_eV,173,1.0,0.0,0.5757134492940967,0.5757134492940967,,,,1.0
1,acetone_gsolv_eV,174,1.0,0.0,0.5757134492940967,0.5757134492940967,,,,1.0
1,acetone_gsolv_eV,175,1.0,0.0,0.5757134492940967,0.5757134492940967,,,,1.0
1,acetone_gsolv_eV,176,1.0,0.0,0.5757134492940967,0.5757134492940967,,,,1.0
1,acetone_gsolv_eV,177,1.0,0.0,0.5757134492940967,0.5757134492940967,,,,1.0
1,acetone_gsolv_eV,178,1.0,0.0,0.5757134492940967,0.5757134492940967,,,,1.0
1,acetone_gsolv_eV,179,1.0,0.0,0.5757134492940967,0.5757134492940967,,,,1.0
1,acetone_gsolv_eV,180,1.0,0.0,0.5757134492940967,0.5757134492940967,,,,1.0
1,acetone_gsolv_eV,181,1.0,0.0,0.5757134492940967,0.5757134492940967,,,,1.0
1,acetone_gsolv_eV,182,1.0,0.0,0.5757134492940967,0.5757134492940967,,,,1.0
1,acetone_gsolv_eV,183,1.0,0.0,0.5757134492940967,0.5757134492940967,,,,1.0
1,acetone_gsolv_eV,184,1.0,0.0,0.5757134492940967,0.5757134492940967,,,,1.0
1,acetone_gsolv_eV,185,1.0,0.0,0.5757134492940967,0.5757134492940967,,,,1.0
1,acetone_gsolv_eV,186,1.0,0.0,0.5757134492940967,0.5757134492940967,,,,1.0
1,acetone_gsolv_eV,187,1.0,0.0,0.5757134492940967,0.5757134492940967,,,,1.0
1,acetone_gsolv_eV,188,1.0,0.0,0.5757134492940967,0.5757134492940967,,,,1.0
1,acetone_gsolv_eV,189,1.0,0.0,0.5757134492940967,0.5757134492940967,,,,1.0
1,acetone_gsolv_eV,190,1.0,0.0,0.5757134492940967,0.5757134492940967,,,,1.0
1,acetone_gsolv_eV,191,1.0,0.0,0.5757134492940967,0.5757134492940967,,,,1.0
1,acetone_gsolv_eV,192,1.0,0.0,0.5757134492940967,0.5757134492940967,,,,1.0
1,acetone_gsolv_eV,193,1.0,0.0,0.5757134492940967,0.5757134492940967,,,,1.0
1,acetone_gsolv_eV,194,1.0,0.0,0.5757134492940967,0.5757134492940967,,,,1.0
1,acetone_gsolv_eV,195,1.0,0.0,0.5757134492940967,0.5757134492940967,,,,1.0
1,acetone_gsolv_eV,196,1.0,0.0,0.5757134492940967,0.5757134492940967,,,,1.0
1,acetone_gsolv_eV,197,1.0,0.0,0.5757134492940967,0.5757134492940967,,,,1.0
1,acetone_gsolv_eV,198,1.0,0.0,0.5757134492940967,0.5757134492940967,,,,1.0
1,acetone_gsolv_eV,199,1.0,0.0,0.5757134492940967,0.5757134492940967,,,,1.0
1,acetone_gsolv_eV,200,1.0,0.0,0.5757134492940967,0.5757134492940967,,,,1.0
1,acetone_gsolv_eV,201,1.0,0.0,0.5757134492940967,0.5757134492940967,,,,1.0
1,acetone_gsolv_eV,202,1.0,0.0,0.5757134492940967,0.5757134492940967,,,,1.0
1,acetone_gsolv_eV,203,1.0,0.0,0.5757134492940967,0.5757134492940967,,,,1.0
1,acetone_gsolv_eV,204,1.0,0.0,0.5757134492940967,0.5757134492940967,,,,1.0
1,acetone_gsolv_eV,205,1.0,0.0,0.5757134492940967,0.5757134492940967,,,,1.0
1,acetone_gsolv_eV,206,1.0,0.0,0.5757134492940967,0.5757134492940967,,,,1.0
1,acetone_gsolv_eV,207,1.0,0.0,0.5757134492940967,0.5757134492940967,,,,1.0
1,acetone_gsolv_eV,208,1.0,0.0,0.5757134492940967,0.5757134492940967,,,,1.0
1,acetone_gsolv_eV,209,1.0,0.0,0.5757134492940967,0.5757134492940967,,,,1.0
1,acetone_gsolv_eV,210,1.0,0.0,0.5757134492940967,0.5757134492940967,,,,1.0
1,acetone_gsolv_eV,211,1.0,0.0,0.5757134492940967,0.5757134492940967,,,,1.0
1,acetone_gsolv_eV,212,1.0,0.0,0.5757134492940967,0.5757134492940967,,,,1.0
1,acetone_gsolv_eV,213,1.0,0.0,0.5757134492940967,0.5757134492940967,,,,1.0
1,acetone_gsolv_eV,214,1.0,0.0,0.5757134492940967,0.5757134492940967,,,,1.0
1,acetone_gsolv_eV,215,1.0,0.0,0.5757134492940967,0.5757134492940967,,,,1.0
1,acetone_gsolv_eV,216,1.0,0.0,0.5757134492940967,0.5757134492940967,,,,1.0
1,acetone_gsolv_eV,217,1.0,0.0,0.5757134492940967,0.5757134492940967,,,,1.0
1,acetone_gsolv_eV,218,1.0,0.0,0.5757134492940967,0.5757134492940967,,,,1.0
1,acetone_gsolv_eV,219,1.0,0.0,0.5757134492940967,0.5757134492940967,,,,1.0
1,acetone_gsolv_eV,220,1.0,0.0,0.5757134492940967,0.5757134492940967,,,,1.0
1,acetone_gsolv_eV,221,1.0,0.0,0.5757134492940967,0.5757134492940967,,,,1.0
1,acetone_gsolv_eV,222,1.0,0.0,0.5757134492940967,0.5757134492940967,,,,1.0
1,acetone_gsolv_eV,223,1.0,0.0,0.5757134492940967,0.5757134492940967,,,,1.0
1,acetone_gsolv_eV,224,1.0,0.0,0.5757134492940967,0.5757134492940967,,,,1.0
1,acetone_gsolv_eV,225,1.0,0.0,0.5757134492940967,0.5757134492940967,,,,1.0
1,acetone_gsolv_eV,226,1.0,0.0,0.5757134492940967,0.5757134492940967,,,,1.0
1,acetone_gsolv_eV,227,1.0,0.0,0.5757134492940967,0.5757134492940967,,,,1.0
1,acetone_gsolv_eV,228,1.0,0.0,0.5757134492940967,0.5757134492940967,,,,1.0
1,acetone_gsolv_eV,229,1.0,0.0,0.5757134492940967,0.5757134492940967,,,,1.0
1,acetone_gsolv_eV,230,1.0,0.0,0.5757134492940967,0.5757134492940967,,,,1.0
1,acetone_gsolv_eV,231,1.0,0.0,0.5757134492940967,0.5757134492940967,,,,1.0
1,acetone_gsolv_eV,232,1.0,0.0,0.5757134492940967,0.5757134492940967,,,,1.0
1,acetone_gsolv_eV,233,1.0,0.0,0.5757134492940967,0.5757134492940967,,,,1.0
1,acetone_gsolv_eV,234,1.0,0.0,0.5757134492940967,0.5757134492940967,,,,1.0
1,acetone_gsolv_eV,235,1.0,0.0,0.5757134492940967,0.5757134492940967,,,,1.0
1,acetone_gsolv_eV,236,1.0,0.0,0.5757134492940967,0.5757134492940967,,,,1.0
1,acetone_gsolv_eV,237,1.0,0.0,0.5757134492940967,0.5757134492940967,,,,1.0
1,acetone_gsolv_eV,238,1.0,0.0,0.5757134492940967,0.5757134492940967,,,,1.0
1,acetone_gsolv_eV,239,1.0,0.0,0.5757134492940967,0.5757134492940967,,,,1.0
1,acetone_gsolv_eV,240,1.0,0.0,0.5757134492940967,0.5757134492940967,,,,1.0
1,acetone_gsolv_eV,241,1.0,0.0,0.5757134492940967,0.5757134492940967,,,,1.0
1,acetone_gsolv_eV,242,1.0,0.0,0.5757134492940967,0.5757134492940967,,,,1.0
1,acetone_gsolv_eV,243,1.0,0.0,0.5757134492940967,0.5757134492940967,,,,1.0
1,acetone_gsolv_eV,244,1.0,0.0,0.5757134492940967,0.5757134492940967,,,,1.0
1,acetone_gsolv_eV,245,1.0,0.0,0.5757134492940967,0.5757134492940967,,,,1.0
1,acetone_gsolv_eV,246,1.0,0.0,0.5757134492940967,0.5757134492940967,,,,1.0
1,acetone_gsolv_eV,247,1.0,0.0,0.5757134492940967,0.5757134492940967,,,,1.0
1,acetone_gsolv_eV,248,1.0,0.0,0.5757134492940967,0.5757134492940967,,,,1.0
1,acetone_gsolv_eV,249,1.0,0.0,0.5757134492940967,0.5757134492940967,,,,1.0
1,acetone_hl_gap_eV,0,1.0,0.0,0.6885657493718318,0.6885657493718318,,,,1.0
1,acetone_hl_gap_eV,1,1.0,0.0,0.6885657493718318,0.6885657493718318,,,,1.0
1,acetone_hl_gap_eV,2,1.0,0.0,0.6885657493718318,0.6885657493718318,,,,1.0
1,acetone_hl_gap_eV,3,1.0,0.0,0.6885657493718318,0.6885657493718318,,,,1.0
1,acetone_hl_gap_eV,4,1.0,0.0,0.6885657493718318,0.6885657493718318,,,,1.0
1,acetone_hl_gap_eV,5,1.0,0.0,0.6885657493718318,0.6885657493718318,,,,1.0
1,acetone_hl_gap_eV,6,1.0,0.0,0.6885657493718318,0.6885657493718318,,,,1.0
1,acetone_hl_gap_eV,7,1.0,0.0,0.6885657493718318,0.6885657493718318,,,,1.0
1,acetone_hl_gap_eV,8,1.0,0.0,0.6885657493718318,0.6885657493718318,,,,1.0
1,acetone_hl_gap_eV,9,1.0,0.0,0.6885657493718318,0.6885657493718318,,,,1.0
1,acetone_hl_gap_eV,10,1.0,0.0,0.6885657493718318,0.6885657493718318,,,,1.0
1,acetone_hl_gap_eV,11,1.0,0.0,0.6885657493718318,0.6885657493718318,,,,1.0
1,acetone_hl_gap_eV,12,1.0,0.0,0.6885657493718318,0.6885657493718318,,,,1.0
1,acetone_hl_gap_eV,13,1.0,0.0,0.6885657493718318,0.6885657493718318,,,,1.0
1,acetone_hl_gap_eV,14,1.0,0.0,0.6885657493718318,0.6885657493718318,,,,1.0
1,acetone_hl_gap_eV,15,1.0,0.0,0.6885657493718318,0.6885657493718318,,,,1.0
1,acetone_hl_gap_eV,16,1.0,0.0,0.6885657493718318,0.6885657493718318,,,,1.0
1,acetone_hl_gap_eV,17,1.0,0.0,0.6885657493718318,0.6885657493718318,,,,1.0
1,acetone_hl_gap_eV,18,1.0,0.0,0.6885657493718318,0.6885657493718318,,,,1.0
1,acetone_hl_gap_eV,19,1.0,0.0,0.6885657493718318,0.6885657493718318,,,,1.0
1,acetone_hl_gap_eV,20,1.0,0.0,0.6885657493718318,0.6885657493718318,,,,1.0
1,acetone_hl_gap_eV,21,1.0,0.0,0.6885657493718318,0.6885657493718318,,,,1.0
1,acetone_hl_gap_eV,22,1.0,0.0,0.6885657493718318,0.6885657493718318,,,,1.0
1,acetone_hl_gap_eV,23,1.0,0.0,0.6885657493718318,0.6885657493718318,,,,1.0
1,acetone_hl_gap_eV,24,1.0,0.0,0.6885657493718318,0.6885657493718318,,,,1.0
1,acetone_hl_gap_eV,25,1.0,0.0,0.6885657493718318,0.6885657493718318,,,,1.0
1,acetone_hl_gap_eV,26,1.0,0.0,0.6885657493718318,0.6885657493718318,,,,1.0
1,acetone_hl_gap_eV,27,1.0,0.0,0.6885657493718318,0.6885657493718318,,,,1.0
1,acetone_hl_gap_eV,28,1.0,0.0,0.6885657493718318,0.6885657493718318,,,,1.0
1,acetone_hl_gap_eV,29,1.0,0.0,0.6885657493718318,0.6885657493718318,,,,1.0
1,acetone_hl_gap_eV,30,1.0,0.0,0.6885657493718318,0.6885657493718318,,,,1.0
1,acetone_hl_gap_eV,31,1.0,0.0,0.6885657493718318,0.6885657493718318,,,,1.0
1,acetone_hl_gap_eV,32,1.0,0.0,0.6885657493718318,0.6885657493718318,,,,1.0
1,acetone_hl_gap_eV,33,1.0,0.0,0.6885657493718318,0.6885657493718318,,,,1.0
1,acetone_hl_gap_eV,34,1.0,0.0,0.6885657493718318,0.6885657493718318,,,,1.0
1,acetone_hl_gap_eV,35,1.0,0.0,0.6885657493718318,0.6885657493718318,,,,1.0
1,acetone_hl_gap_eV,36,1.0,0.0,0.6885657493718318,0.6885657493718318,,,,1.0
1,acetone_hl_gap_eV,37,1.0,0.0,0.6885657493718318,0.6885657493718318,,,,1.0
1,acetone_hl_gap_eV,38,1.0,0.0,0.6885657493718318,0.6885657493718318,,,,1.0
1,acetone_hl_gap_eV,39,1.0,0.0,0.6885657493718318,0.6885657493718318,,,,1.0
1,acetone_hl_gap_eV,40,1.0,0.0,0.6885657493718318,0.6885657493718318,,,,1.0
1,acetone_hl_gap_eV,41,1.0,0.0,0.6885657493718318,0.6885657493718318,,,,1.0
1,acetone_hl_gap_eV,42,1.0,0.0,0.6885657493718318,0.6885657493718318,,,,1.0
1,acetone_hl_gap_eV,43,1.0,0.0,0.6885657493718318,0.6885657493718318,,,,1.0
1,acetone_hl_gap_eV,44,1.0,0.0,0.6885657493718318,0.6885657493718318,,,,1.0
1,acetone_hl_gap_eV,45,1.0,0.0,0.6885657493718318,0.6885657493718318,,,,1.0
1,acetone_hl_gap_eV,46,1.0,0.0,0.6885657493718318,0.6885657493718318,,,,1.0
1,acetone_hl_gap_eV,47,1.0,0.0,0.6885657493718318,0.6885657493718318,,,,1.0
1,acetone_hl_gap_eV,48,1.0,0.0,0.6885657493718318,0.6885657493718318,,,,1.0
1,acetone_hl_gap_eV,49,1.0,0.0,0.6885657493718318,0.6885657493718318,,,,1.0
1,acetone_hl_gap_eV,50,1.0,0.0,0.6885657493718318,0.6885657493718318,,,,1.0
1,acetone_hl_gap_eV,51,1.0,0.0,0.6885657493718318,0.6885657493718318,,,,1.0
1,acetone_hl_gap_eV,52,1.0,0.0,0.6885657493718318,0.6885657493718318,,,,1.0
1,acetone_hl_gap_eV,53,1.0,0.0,0.6885657493718318,0.6885657493718318,,,,1.0
1,acetone_hl_gap_eV,54,1.0,0.0,0.6885657493718318,0.6885657493718318,,,,1.0
1,acetone_hl_gap_eV,55,1.0,0.0,0.6885657493718318,0.6885657493718318,,,,1.0
1,acetone_hl_gap_eV,56,1.0,0.0,0.6885657493718318,0.6885657493718318,,,,1.0
1,acetone_hl_gap_eV,57,1.0,0.0,0.6885657493718318,0.6885657493718318,,,,1.0
1,acetone_hl_gap_eV,58,1.0,0.0,0.6885657493718318,0.6885657493718318,,,,1.0
1,acetone_hl_gap_eV,59,1.0,0.0,0.6885657493718318,0.6885657493718318,,,,1.0
1,acetone_hl_gap_eV,60,1.0,0.0,0.6885657493718318,0.6885657493718318,,,,1.0
1,acetone_hl_gap_eV,61,1.0,0.0,0.6885657493718318,0.6885657493718318,,,,1.0
1,acetone_hl_gap_eV,62,1.0,0.0,0.6885657493718318,0.6885657493718318,,,,1.0
1,acetone_hl_gap_eV,63,1.0,0.0,0.6885657493718318,0.6885657493718318,,,,1.0
1,acetone_hl_gap_eV,64,1.0,0.0,0.6885657493718318,0.6885657493718318,,,,1.0
1,acetone_hl_gap_eV,65,1.0,0.0,0.6885657493718318,0.6885657493718318,,,,1.0
1,acetone_hl_gap_eV,66,1.0,0.0,0.6885657493718318,0.6885657493718318,,,,1.0
1,acetone_hl_gap_eV,67,1.0,0.0,0.6885657493718318,0.6885657493718318,,,,1.0
1,acetone_hl_gap_eV,68,1.0,0.0,0.6885657493718318,0.6885657493718318,,,,1.0
1,acetone_hl_gap_eV,69,1.0,0.0,0.6885657493718318,0.6885657493718318,,,,1.0
1,acetone_hl_gap_eV,70,1.0,0.0,0.6885657493718318,0.6885657493718318,,,,1.0
1,acetone_hl_gap_eV,71,1.0,0.0,0.6885657493718318,0.6885657493718318,,,,1.0
1,acetone_hl_gap_eV,72,1.0,0.0,0.6885657493718318,0.6885657493718318,,,,1.0
1,acetone_hl_gap_eV,73,1.0,0.0,0.6885657493718318,0.6885657493718318,,,,1.0
1,acetone_hl_gap_eV,74,1.0,0.0,0.6885657493718318,0.6885657493718318,,,,1.0
1,acetone_hl_gap_eV,75,1.0,0.0,0.6885657493718318,0.6885657493718318,,,,1.0
1,acetone_hl_gap_eV,76,1.0,0.0,0.6885657493718318,0.6885657493718318,,,,1.0
1,acetone_hl_gap_eV,77,1.0,0.0,0.6885657493718318,0.6885657493718318,,,,1.0
1,acetone_hl_gap_eV,78,1.0,0.0,0.6885657493718318,0.6885657493718318,,,,1.0
1,acetone_hl_gap_eV,79,1.0,0.0,0.6885657493718318,0.6885657493718318,,,,1.0
1,acetone_hl_gap_eV,80,1.0,0.0,0.6885657493718318,0.6885657493718318,,,,1.0
1,acetone_hl_gap_eV,81,1.0,0.0,0.6885657493718318,0.6885657493718318,,,,1.0
1,acetone_hl_gap_eV,82,1.0,0.0,0.6885657493718318,0.6885657493718318,,,,1.0
1,acetone_hl_gap_eV,83,1.0,0.0,0.6885657493718318,0.6885657493718318,,,,1.0
1,acetone_hl_gap_eV,84,1.0,0.0,0.6885657493718318,0.6885657493718318,,,,1.0
1,acetone_hl_gap_eV,85,1.0,0.0,0.6885657493718318,0.6885657493718318,,,,1.0
1,acetone_hl_gap_eV,86,1.0,0.0,0.6885657493718318,0.6885657493718318,,,,1.0
1,acetone_hl_gap_eV,87,1.0,0.0,0.6885657493718318,0.6885657493718318,,,,1.0
1,acetone_hl_gap_eV,88,1.0,0.0,0.6885657493718318,0.6885657493718318,,,,1.0
1,acetone_hl_gap_eV,89,1.0,0.0,0.6885657493718318,0.6885657493718318,,,,1.0
1,acetone_hl_gap_eV,90,1.0,0.0,0.6885657493718318,0.6885657493718318,,,,1.0
1,acetone_hl_gap_eV,91,1.0,0.0,0.6885657493718318,0.6885657493718318,,,,1.0
1,acetone_hl_gap_eV,92,1.0,0.0,0.6885657493718318,0.6885657493718318,,,,1.0
1,acetone_hl_gap_eV,93,1.0,0.0,0.6885657493718318,0.6885657493718318,,,,1.0
1,acetone_hl_gap_eV,94,1.0,0.0,0.6885657493718318,0.6885657493718318,,,,1.0
1,acetone_hl_gap_eV,95,1.0,0.0,0.6885657493718318,0.6885657493718318,,,,1.0
1,acetone_hl_gap_eV,96,1.0,0.0,0.6885657493718318,0.6885657493718318,,,,1.0
1,acetone_hl_gap_eV,97,1.0,0.0,0.6885657493718318,0.6885657493718318,,,,1.0
1,acetone_hl_gap_eV,98,1.0,0.0,0.6885657493718318,0.6885657493718318,,,,1.0
1,acetone_hl_gap_eV,99,1.0,0.0,0.6885657493718318,0.6885657493718318,,,,1.0
1,acetone_hl_gap_eV,100,1.0,0.0,0.6885657493718318,0.6885657493718318,,,,1.0
1,acetone_hl_gap_eV,101,1.0,0.0,0.6885657493718318,0.6885657493718318,,,,1.0
1,acetone_hl_gap_eV,102,1.0,0.0,0.6885657493718318,0.6885657493718318,,,,1.0
1,acetone_hl_gap_eV,103,1.0,0.0,0.6885657493718318,0.6885657493718318,,,,1.0
1,acetone_hl_gap_eV,104,1.0,0.0,0.6885657493718318,0.6885657493718318,,,,1.0
1,acetone_hl_gap_eV,105,1.0,0.0,0.6885657493718318,0.6885657493718318,,,,1.0
1,acetone_hl_gap_eV,106,1.0,0.0,0.6885657493718318,0.6885657493718318,,,,1.0
1,acetone_hl_gap_eV,107,1.0,0.0,0.6885657493718318,0.6885657493718318,,,,1.0
1,acetone_hl_gap_eV,108,1.0,0.0,0.6885657493718318,0.6885657493718318,,,,1.0
1,acetone_hl_gap_eV,109,1.0,0.0,0.6885657493718318,0.6885657493718318,,,,1.0
1,acetone_hl_gap_eV,110,1.0,0.0,0.6885657493718318,0.6885657493718318,,,,1.0
1,acetone_hl_gap_eV,111,1.0,0.0,0.6885657493718318,0.6885657493718318,,,,1.0
1,acetone_hl_gap_eV,112,1.0,0.0,0.6885657493718318,0.6885657493718318,,,,1.0
1,acetone_hl_gap_eV,113,1.0,0.0,0.6885657493718318,0.6885657493718318,,,,1.0
1,acetone_hl_gap_eV,114,1.0,0.0,0.6885657493718318,0.6885657493718318,,,,1.0
1,acetone_hl_gap_eV,115,1.0,0.0,0.6885657493718318,0.6885657493718318,,,,1.0
1,acetone_hl_gap_eV,116,1.0,0.0,0.6885657493718318,0.6885657493718318,,,,1.0
1,acetone_hl_gap_eV,117,1.0,0.0,0.6885657493718318,0.6885657493718318,,,,1.0
1,acetone_hl_gap_eV,118,1.0,0.0,0.6885657493718318,0.6885657493718318,,,,1.0
1,acetone_hl_gap_eV,119,1.0,0.0,0.6885657493718318,0.6885657493718318,,,,1.0
1,acetone_hl_gap_eV,120,1.0,0.0,0.6885657493718318,0.6885657493718318,,,,1.0
1,acetone_hl_gap_eV,121,1.0,0.0,0.6885657493718318,0.6885657493718318,,,,1.0
1,acetone_hl_gap_eV,122,1.0,0.0,0.6885657493718318,0.6885657493718318,,,,1.0
1,acetone_hl_gap_eV,123,1.0,0.0,0.6885657493718318,0.6885657493718318,,,,1.0
1,acetone_hl_gap_eV,124,1.0,0.0,0.6885657493718318,0.6885657493718318,,,,1.0
1,acetone_hl_gap_eV,125,1.0,0.0,0.6885657493718318,0.6885657493718318,,,,1.0
1,acetone_hl_gap_eV,126,1.0,0.0,0.6885657493718318,0.6885657493718318,,,,1.0
1,acetone_hl_gap_eV,127,1.0,0.0,0.6885657493718318,0.6885657493718318,,,,1.0
1,acetone_hl_gap_eV,128,1.0,0.0,0.6885657493718318,0.6885657493718318,,,,1.0
1,acetone_hl_gap_eV,129,1.0,0.0,0.6885657493718318,0.6885657493718318,,,,1.0
1,acetone_hl_gap_eV,130,1.0,0.0,0.6885657493718318,0.6885657493718318,,,,1.0
1,acetone_hl_gap_eV,131,1.0,0.0,0.6885657493718318,0.6885657493718318,,,,1.0
1,acetone_hl_gap_eV,132,1.0,0.0,0.6885657493718318,0.6885657493718318,,,,1.0
1,acetone_hl_gap_eV,133,1.0,0.0,0.6885657493718318,0.6885657493718318,,,,1.0
1,acetone_hl_gap_eV,134,1.0,0.0,0.6885657493718318,0.6885657493718318,,,,1.0
1,acetone_hl_gap_eV,135,1.0,0.0,0.6885657493718318,0.6885657493718318,,,,1.0
1,acetone_hl_gap_eV,136,1.0,0.0,0.6885657493718318,0.6885657493718318,,,,1.0
1,acetone_hl_gap_eV,137,1.0,0.0,0.6885657493718318,0.6885657493718318,,,,1.0
1,acetone_hl_gap_eV,138,1.0,0.0,0.6885657493718318,0.6885657493718318,,,,1.0
1,acetone_hl_gap_eV,139,1.0,0.0,0.6885657493718318,0.6885657493718318,,,,1.0
1,acetone_hl_gap_eV,140,1.0,0.0,0.6885657493718318,0.6885657493718318,,,,1.0
1,acetone_hl_gap_eV,141,1.0,0.0,0.6885657493718318,0.6885657493718318,,,,1.0
1,acetone_hl_gap_eV,142,1.0,0.0,0.6885657493718318,0.6885657493718318,,,,1.0
1,acetone_hl_gap_eV,143,1.0,0.0,0.6885657493718318,0.6885657493718318,,,,1.0
1,acetone_hl_gap_eV,144,1.0,0.0,0.6885657493718318,0.6885657493718318,,,,1.0
1,acetone_hl_gap_eV,145,1.0,0.0,0.6885657493718318,0.6885657493718318,,,,1.0
1,acetone_hl_gap_eV,146,1.0,0.0,0.6885657493718318,0.6885657493718318,,,,1.0
1,acetone_hl_gap_eV,147,1.0,0.0,0.6885657493718318,0.6885657493718318,,,,1.0
1,acetone_hl_gap_eV,148,1.0,0.0,0.6885657493718318,0.6885657493718318,,,,1.0
1,acetone_hl_gap_eV,149,1.0,0.0,0.6885657493718318,0.6885657493718318,,,,1.0
1,acetone_hl_gap_eV,150,1.0,0.0,0.6885657493718318,0.6885657493718318,,,,1.0
1,acetone_hl_gap_eV,151,1.0,0.0,0.6885657493718318,0.6885657493718318,,,,1.0
1,acetone_hl_gap_eV,152,1.0,0.0,0.6885657493718318,0.6885657493718318,,,,1.0
1,acetone_hl_gap_eV,153,1.0,0.0,0.6885657493718318,0.6885657493718318,,,,1.0
1,acetone_hl_gap_eV,154,1.0,0.0,0.6885657493718318,0.6885657493718318,,,,1.0
1,acetone_hl_gap_eV,155,1.0,0.0,0.6885657493718318,0.6885657493718318,,,,1.0
1,acetone_hl_gap_eV,156,1.0,0.0,0.6885657493718318,0.6885657493718318,,,,1.0
1,acetone_hl_gap_eV,157,1.0,0.0,0.6885657493718318,0.6885657493718318,,,,1.0
1,acetone_hl_gap_eV,158,1.0,0.0,0.6885657493718318,0.6885657493718318,,,,1.0
1,acetone_hl_gap_eV,159,1.0,0.0,0.6885657493718318,0.6885657493718318,,,,1.0
1,acetone_hl_gap_eV,160,1.0,0.0,0.6885657493718318,0.6885657493718318,,,,1.0
1,acetone_hl_gap_eV,161,1.0,0.0,0.6885657493718318,0.6885657493718318,,,,1.0
1,acetone_hl_gap_eV,162,1.0,0.0,0.6885657493718318,0.6885657493718318,,,,1.0
1,acetone_hl_gap_eV,163,1.0,0.0,0.6885657493718318,0.6885657493718318,,,,1.0
1,acetone_hl_gap_eV,164,1.0,0.0,0.6885657493718318,0.6885657493718318,,,,1.0
1,acetone_hl_gap_eV,165,1.0,0.0,0.6885657493718318,0.6885657493718318,,,,1.0
1,acetone_hl_gap_eV,166,1.0,0.0,0.6885657493718318,0.6885657493718318,,,,1.0
1,acetone_hl_gap_eV,167,1.0,0.0,0.6885657493718318,0.6885657493718318,,,,1.0
1,acetone_hl_gap_eV,168,1.0,0.0,0.6885657493718318,0.6885657493718318,,,,1.0
1,acetone_hl_gap_eV,169,1.0,0.0,0.6885657493718318,0.6885657493718318,,,,1.0
1,acetone_hl_gap_eV,170,1.0,0.0,0.6885657493718318,0.6885657493718318,,,,1.0
1,acetone_hl_gap_eV,171,1.0,0.0,0.6885657493718318,0.6885657493718318,,,,1.0
1,acetone_hl_gap_eV,172,1.0,0.0,0.6885657493718318,0.6885657493718318,,,,1.0
1,acetone_hl_gap_eV,173,1.0,0.0,0.6885657493718318,0.6885657493718318,,,,1.0
1,acetone_hl_gap_eV,174,1.0,0.0,0.6885657493718318,0.6885657493718318,,,,1.0
1,acetone_hl_gap_eV,175,1.0,0.0,0.6885657493718318,0.6885657493718318,,,,1.0
1,acetone_hl_gap_eV,176,1.0,0.0,0.6885657493718318,0.6885657493718318,,,,1.0
1,acetone_hl_gap_eV,177,1.0,0.0,0.6885657493718318,0.6885657493718318,,,,1.0
1,acetone_hl_gap_eV,178,1.0,0.0,0.6885657493718318,0.6885657493718318,,,,1.0
1,acetone_hl_gap_eV,179,1.0,0.0,0.6885657493718318,0.6885657493718318,,,,1.0
1,acetone_hl_gap_eV,180,1.0,0.0,0.6885657493718318,0.6885657493718318,,,,1.0
1,acetone_hl_gap_eV,181,1.0,0.0,0.6885657493718318,0.6885657493718318,,,,1.0
1,acetone_hl_gap_eV,182,1.0,0.0,0.6885657493718318,0.6885657493718318,,,,1.0
1,acetone_hl_gap_eV,183,1.0,0.0,0.6885657493718318,0.6885657493718318,,,,1.0
1,acetone_hl_gap_eV,184,1.0,0.0,0.6885657493718318,0.6885657493718318,,,,1.0
1,acetone_hl_gap_eV,185,1.0,0.0,0.6885657493718318,0.6885657493718318,,,,1.0
1,acetone_hl_gap_eV,186,1.0,0.0,0.6885657493718318,0.6885657493718318,,,,1.0
1,acetone_hl_gap_eV,187,1.0,0.0,0.6885657493718318,0.6885657493718318,,,,1.0
1,acetone_hl_gap_eV,188,1.0,0.0,0.6885657493718318,0.6885657493718318,,,,1.0
1,acetone_hl_gap_eV,189,1.0,0.0,0.6885657493718318,0.6885657493718318,,,,1.0
1,acetone_hl_gap_eV,190,1.0,0.0,0.6885657493718318,0.6885657493718318,,,,1.0
1,acetone_hl_gap_eV,191,1.0,0.0,0.6885657493718318,0.6885657493718318,,,,1.0
1,acetone_hl_gap_eV,192,1.0,0.0,0.6885657493718318,0.6885657493718318,,,,1.0
1,acetone_hl_gap_eV,193,1.0,0.0,0.6885657493718318,0.6885657493718318,,,,1.0
1,acetone_hl_gap_eV,194,1.0,0.0,0.6885657493718318,0.6885657493718318,,,,1.0
1,acetone_hl_gap_eV,195,1.0,0.0,0.6885657493718318,0.6885657493718318,,,,1.0
1,acetone_hl_gap_eV,196,1.0,0.0,0.6885657493718318,0.6885657493718318,,,,1.0
1,acetone_hl_gap_eV,197,1.0,0.0,0.6885657493718318,0.6885657493718318,,,,1.0
1,acetone_hl_gap_eV,198,1.0,0.0,0.6885657493718318,0.6885657493718318,,,,1.0
1,acetone_hl_gap_eV,199,1.0,0.0,0.6885657493718318,0.6885657493718318,,,,1.0
1,acetone_hl_gap_eV,200,1.0,0.0,0.6885657493718318,0.6885657493718318,,,,1.0
1,acetone_hl_gap_eV,201,1.0,0.0,0.6885657493718318,0.6885657493718318,,,,1.0
1,acetone_hl_gap_eV,202,1.0,0.0,0.6885657493718318,0.6885657493718318,,,,1.0
1,acetone_hl_gap_eV,203,1.0,0.0,0.6885657493718318,0.6885657493718318,,,,1.0
1,acetone_hl_gap_eV,204,1.0,0.0,0.6885657493718318,0.6885657493718318,,,,1.0
1,acetone_hl_gap_eV,205,1.0,0.0,0.6885657493718318,0.6885657493718318,,,,1.0
1,acetone_hl_gap_eV,206,1.0,0.0,0.6885657493718318,0.6885657493718318,,,,1.0
1,acetone_hl_gap_eV,207,1.0,0.0,0.6885657493718318,0.6885657493718318,,,,1.0
1,acetone_hl_gap_eV,208,1.0,0.0,0.6885657493718318,0.6885657493718318,,,,1.0
1,acetone_hl_gap_eV,209,1.0,0.0,0.6885657493718318,0.6885657493718318,,,,1.0
1,acetone_hl_gap_eV,210,1.0,0.0,0.6885657493718318,0.6885657493718318,,,,1.0
1,acetone_hl_gap_eV,211,1.0,0.0,0.6885657493718318,0.6885657493718318,,,,1.0
1,acetone_hl_gap_eV,212,1.0,0.0,0.6885657493718318,0.6885657493718318,,,,1.0
1,acetone_hl_gap_eV,213,1.0,0.0,0.6885657493718318,0.6885657493718318,,,,1.0
1,acetone_hl_gap_eV,214,1.0,0.0,0.6885657493718318,0.6885657493718318,,,,1.0
1,acetone_hl_gap_eV,215,1.0,0.0,0.6885657493718318,0.6885657493718318,,,,1.0
1,acetone_hl_gap_eV,216,1.0,0.0,0.6885657493718318,0.6885657493718318,,,,1.0
1,acetone_hl_gap_eV,217,1.0,0.0,0.6885657493718318,0.6885657493718318,,,,1.0
1,acetone_hl_gap_eV,218,1.0,0.0,0.6885657493718318,0.6885657493718318,,,,1.0
1,acetone_hl_gap_eV,219,1.0,0.0,0.6885657493718318,0.6885657493718318,,,,1.0
1,acetone_hl_gap_eV,220,1.0,0.0,0.6885657493718318,0.6885657493718318,,,,1.0
1,acetone_hl_gap_eV,221,1.0,0.0,0.6885657493718318,0.6885657493718318,,,,1.0
1,acetone_hl_gap_eV,222,1.0,0.0,0.6885657493718318,0.6885657493718318,,,,1.0
1,acetone_hl_gap_eV,223,1.0,0.0,0.6885657493718318,0.6885657493718318,,,,1.0
1,acetone_hl_gap_eV,224,1.0,0.0,0.6885657493718318,0.6885657493718318,,,,1.0
1,acetone_hl_gap_eV,225,1.0,0.0,0.6885657493718318,0.6885657493718318,,,,1.0
1,acetone_hl_gap_eV,226,1.0,0.0,0.6885657493718318,0.6885657493718318,,,,1.0
1,acetone_hl_gap_eV,227,1.0,0.0,0.6885657493718318,0.6885657493718318,,,,1.0
1,acetone_hl_gap_eV,228,1.0,0.0,0.6885657493718318,0.6885657493718318,,,,1.0
1,acetone_hl_gap_eV,229,1.0,0.0,0.6885657493718318,0.6885657493718318,,,,1.0
1,acetone_hl_gap_eV,230,1.0,0.0,0.6885657493718318,0.6885657493718318,,,,1.0
1,acetone_hl_gap_eV,231,1.0,0.0,0.6885657493718318,0.6885657493718318,,,,1.0
1,acetone_hl_gap_eV,232,1.0,0.0,0.6885657493718318,0.6885657493718318,,,,1.0
1,acetone_hl_gap_eV,233,1.0,0.0,0.6885657493718318,0.6885657493718318,,,,1.0
1,acetone_hl_gap_eV,234,1.0,0.0,0.6885657493718318,0.6885657493718318,,,,1.0
1,acetone_hl_gap_eV,235,1.0,0.0,0.6885657493718318,0.6885657493718318,,,,1.0
1,acetone_hl_gap_eV,236,1.0,0.0,0.6885657493718318,0.6885657493718318,,,,1.0
1,acetone_hl_gap_eV,237,1.0,0.0,0.6885657493718318,0.6885657493718318,,,,1.0
1,acetone_hl_gap_eV,238,1.0,0.0,0.6885657493718318,0.6885657493718318,,,,1.0
1,acetone_hl_gap_eV,239,1.0,0.0,0.6885657493718318,0.6885657493718318,,,,1.0
1,acetone_hl_gap_eV,240,1.0,0.0,0.6885657493718318,0.6885657493718318,,,,1.0
1,acetone_hl_gap_eV,241,1.0,0.0,0.6885657493718318,0.6885657493718318,,,,1.0
1,acetone_hl_gap_eV,242,1.0,0.0,0.6885657493718318,0.6885657493718318,,,,1.0
1,acetone_hl_gap_eV,243,1.0,0.0,0.6885657493718318,0.6885657493718318,,,,1.0
1,acetone_hl_gap_eV,244,1.0,0.0,0.6885657493718318,0.6885657493718318,,,,1.0
1,acetone_hl_gap_eV,245,1.0,0.0,0.6885657493718318,0.6885657493718318,,,,1.0
1,acetone_hl_gap_eV,246,1.0,0.0,0.6885657493718318,0.6885657493718318,,,,1.0
1,acetone_hl_gap_eV,247,1.0,0.0,0.6885657493718318,0.6885657493718318,,,,1.0
1,acetone_hl_gap_eV,248,1.0,0.0,0.6885657493718318,0.6885657493718318,,,,1.0
1,acetone_hl_gap_eV,249,1.0,0.0,0.6885657493718318,0.6885657493718318,,,,1.0
1,acetone_dipole,0,1.0,0.0,0.6223666111329711,0.6223666111329711,,,,1.0
1,acetone_dipole,1,1.0,0.0,0.6223666111329711,0.6223666111329711,,,,1.0
1,acetone_dipole,2,1.0,0.0,0.6223666111329711,0.6223666111329711,,,,1.0
1,acetone_dipole,3,1.0,0.0,0.6223666111329711,0.6223666111329711,,,,1.0
1,acetone_dipole,4,1.0,0.0,0.6223666111329711,0.6223666111329711,,,,1.0
1,acetone_dipole,5,1.0,0.0,0.6223666111329711,0.6223666111329711,,,,1.0
1,acetone_dipole,6,1.0,0.0,0.6223666111329711,0.6223666111329711,,,,1.0
1,acetone_dipole,7,1.0,0.0,0.6223666111329711,0.6223666111329711,,,,1.0
1,acetone_dipole,8,1.0,0.0,0.6223666111329711,0.6223666111329711,,,,1.0
1,acetone_dipole,9,1.0,0.0,0.6223666111329711,0.6223666111329711,,,,1.0
1,acetone_dipole,10,1.0,0.0,0.6223666111329711,0.6223666111329711,,,,1.0
1,acetone_dipole,11,1.0,0.0,0.6223666111329711,0.6223666111329711,,,,1.0
1,acetone_dipole,12,1.0,0.0,0.6223666111329711,0.6223666111329711,,,,1.0
1,acetone_dipole,13,1.0,0.0,0.6223666111329711,0.6223666111329711,,,,1.0
1,acetone_dipole,14,1.0,0.0,0.6223666111329711,0.6223666111329711,,,,1.0
1,acetone_dipole,15,1.0,0.0,0.6223666111329711,0.6223666111329711,,,,1.0
1,acetone_dipole,16,1.0,0.0,0.6223666111329711,0.6223666111329711,,,,1.0
1,acetone_dipole,17,1.0,0.0,0.6223666111329711,0.6223666111329711,,,,1.0
1,acetone_dipole,18,1.0,0.0,0.6223666111329711,0.6223666111329711,,,,1.0
1,acetone_dipole,19,1.0,0.0,0.6223666111329711,0.6223666111329711,,,,1.0
1,acetone_dipole,20,1.0,0.0,0.6223666111329711,0.6223666111329711,,,,1.0
1,acetone_dipole,21,1.0,0.0,0.6223666111329711,0.6223666111329711,,,,1.0
1,acetone_dipole,22,1.0,0.0,0.6223666111329711,0.6223666111329711,,,,1.0
1,acetone_dipole,23,1.0,0.0,0.6223666111329711,0.6223666111329711,,,,1.0
1,acetone_dipole,24,1.0,0.0,0.6223666111329711,0.6223666111329711,,,,1.0
1,acetone_dipole,25,1.0,0.0,0.6223666111329711,0.6223666111329711,,,,1.0
1,acetone_dipole,26,1.0,0.0,0.6223666111329711,0.6223666111329711,,,,1.0
1,acetone_dipole,27,1.0,0.0,0.6223666111329711,0.6223666111329711,,,,1.0
1,acetone_dipole,28,1.0,0.0,0.6223666111329711,0.6223666111329711,,,,1.0
1,acetone_dipole,29,1.0,0.0,0.6223666111329711,0.6223666111329711,,,,1.0
1,acetone_dipole,30,1.0,0.0,0.6223666111329711,0.6223666111329711,,,,1.0
1,acetone_dipole,31,1.0,0.0,0.6223666111329711,0.6223666111329711,,,,1.0
1,acetone_dipole,32,1.0,0.0,0.6223666111329711,0.6223666111329711,,,,1.0
1,acetone_dipole,33,1.0,0.0,0.6223666111329711,0.6223666111329711,,,,1.0
1,acetone_dipole,34,1.0,0.0,0.6223666111329711,0.6223666111329711,,,,1.0
1,acetone_dipole,35,1.0,0.0,0.6223666111329711,0.6223666111329711,,,,1.0
1,acetone_dipole,36,1.0,0.0,0.6223666111329711,0.6223666111329711,,,,1.0
1,acetone_dipole,37,1.0,0.0,0.6223666111329711,0.6223666111329711,,,,1.0
1,acetone_dipole,38,1.0,0.0,0.6223666111329711,0.6223666111329711,,,,1.0
1,acetone_dipole,39,1.0,0.0,0.6223666111329711,0.6223666111329711,,,,1.0
1,acetone_dipole,40,1.0,0.0,0.6223666111329711,0.6223666111329711,,,,1.0
1,acetone_dipole,41,1.0,0.0,0.6223666111329711,0.6223666111329711,,,,1.0
1,acetone_dipole,42,1.0,0.0,0.6223666111329711,0.6223666111329711,,,,1.0
1,acetone_dipole,43,1.0,0.0,0.6223666111329711,0.6223666111329711,,,,1.0
1,acetone_dipole,44,1.0,0.0,0.6223666111329711,0.6223666111329711,,,,1.0
1,acetone_dipole,45,1.0,0.0,0.6223666111329711,0.6223666111329711,,,,1.0
1,acetone_dipole,46,1.0,0.0,0.6223666111329711,0.6223666111329711,,,,1.0
1,acetone_dipole,47,1.0,0.0,0.6223666111329711,0.6223666111329711,,,,1.0
1,acetone_dipole,48,1.0,0.0,0.6223666111329711,0.6223666111329711,,,,1.0
1,acetone_dipole,49,1.0,0.0,0.6223666111329711,0.6223666111329711,,,,1.0
1,acetone_dipole,50,1.0,0.0,0.6223666111329711,0.6223666111329711,,,,1.0
1,acetone_dipole,51,1.0,0.0,0.6223666111329711,0.6223666111329711,,,,1.0
1,acetone_dipole,52,1.0,0.0,0.6223666111329711,0.6223666111329711,,,,1.0
1,acetone_dipole,53,1.0,0.0,0.6223666111329711,0.6223666111329711,,,,1.0
1,acetone_dipole,54,1.0,0.0,0.6223666111329711,0.6223666111329711,,,,1.0
1,acetone_dipole,55,1.0,0.0,0.6223666111329711,0.6223666111329711,,,,1.0
1,acetone_dipole,56,1.0,0.0,0.6223666111329711,0.6223666111329711,,,,1.0
1,acetone_dipole,57,1.0,0.0,0.6223666111329711,0.6223666111329711,,,,1.0
1,acetone_dipole,58,1.0,0.0,0.6223666111329711,0.6223666111329711,,,,1.0
1,acetone_dipole,59,1.0,0.0,0.6223666111329711,0.6223666111329711,,,,1.0
1,acetone_dipole,60,1.0,0.0,0.6223666111329711,0.6223666111329711,,,,1.0
1,acetone_dipole,61,1.0,0.0,0.6223666111329711,0.6223666111329711,,,,1.0
1,acetone_dipole,62,1.0,0.0,0.6223666111329711,0.6223666111329711,,,,1.0
1,acetone_dipole,63,1.0,0.0,0.6223666111329711,0.6223666111329711,,,,1.0
1,acetone_dipole,64,1.0,0.0,0.6223666111329711,0.6223666111329711,,,,1.0
1,acetone_dipole,65,1.0,0.0,0.6223666111329711,0.6223666111329711,,,,1.0
1,acetone_dipole,66,1.0,0.0,0.6223666111329711,0.6223666111329711,,,,1.0
1,acetone_dipole,67,1.0,0.0,0.6223666111329711,0.6223666111329711,,,,1.0
1,acetone_dipole,68,1.0,0.0,0.6223666111329711,0.6223666111329711,,,,1.0
1,acetone_dipole,69,1.0,0.0,0.6223666111329711,0.6223666111329711,,,,1.0
1,acetone_dipole,70,1.0,0.0,0.6223666111329711,0.6223666111329711,,,,1.0
1,acetone_dipole,71,1.0,0.0,0.6223666111329711,0.6223666111329711,,,,1.0
1,acetone_dipole,72,1.0,0.0,0.6223666111329711,0.6223666111329711,,,,1.0
1,acetone_dipole,73,1.0,0.0,0.6223666111329711,0.6223666111329711,,,,1.0
1,acetone_dipole,74,1.0,0.0,0.6223666111329711,0.6223666111329711,,,,1.0
1,acetone_dipole,75,1.0,0.0,0.6223666111329711,0.6223666111329711,,,,1.0
1,acetone_dipole,76,1.0,0.0,0.6223666111329711,0.6223666111329711,,,,1.0
1,acetone_dipole,77,1.0,0.0,0.6223666111329711,0.6223666111329711,,,,1.0
1,acetone_dipole,78,1.0,0.0,0.6223666111329711,0.6223666111329711,,,,1.0
1,acetone_dipole,79,1.0,0.0,0.6223666111329711,0.6223666111329711,,,,1.0
1,acetone_dipole,80,1.0,0.0,0.6223666111329711,0.6223666111329711,,,,1.0
1,acetone_dipole,81,1.0,0.0,0.6223666111329711,0.6223666111329711,,,,1.0
1,acetone_dipole,82,1.0,0.0,0.6223666111329711,0.6223666111329711,,,,1.0
1,acetone_dipole,83,1.0,0.0,0.6223666111329711,0.6223666111329711,,,,1.0
1,acetone_dipole,84,1.0,0.0,0.6223666111329711,0.6223666111329711,,,,1.0
1,acetone_dipole,85,1.0,0.0,0.6223666111329711,0.6223666111329711,,,,1.0
1,acetone_dipole,86,1.0,0.0,0.6223666111329711,0.6223666111329711,,,,1.0
1,acetone_dipole,87,1.0,0.0,0.6223666111329711,0.6223666111329711,,,,1.0
1,acetone_dipole,88,1.0,0.0,0.6223666111329711,0.6223666111329711,,,,1.0
1,acetone_dipole,89,1.0,0.0,0.6223666111329711,0.6223666111329711,,,,1.0
1,acetone_dipole,90,1.0,0.0,0.6223666111329711,0.6223666111329711,,,,1.0
1,acetone_dipole,91,1.0,0.0,0.6223666111329711,0.6223666111329711,,,,1.0
1,acetone_dipole,92,1.0,0.0,0.6223666111329711,0.6223666111329711,,,,1.0
1,acetone_dipole,93,1.0,0.0,0.6223666111329711,0.6223666111329711,,,,1.0
1,acetone_dipole,94,1.0,0.0,0.6223666111329711,0.6223666111329711,,,,1.0
1,acetone_dipole,95,1.0,0.0,0.6223666111329711,0.6223666111329711,,,,1.0
1,acetone_dipole,96,1.0,0.0,0.6223666111329711,0.6223666111329711,,,,1.0
1,acetone_dipole,97,1.0,0.0,0.6223666111329711,0.6223666111329711,,,,1.0
1,acetone_dipole,98,1.0,0.0,0.6223666111329711,0.6223666111329711,,,,1.0
1,acetone_dipole,99,1.0,0.0,0.6223666111329711,0.6223666111329711,,,,1.0
1,acetone_dipole,100,1.0,0.0,0.6223666111329711,0.6223666111329711,,,,1.0
1,acetone_dipole,101,1.0,0.0,0.6223666111329711,0.6223666111329711,,,,1.0
1,acetone_dipole,102,1.0,0.0,0.6223666111329711,0.6223666111329711,,,,1.0
1,acetone_dipole,103,1.0,0.0,0.6223666111329711,0.6223666111329711,,,,1.0
1,acetone_dipole,104,1.0,0.0,0.6223666111329711,0.6223666111329711,,,,1.0
1,acetone_dipole,105,1.0,0.0,0.6223666111329711,0.6223666111329711,,,,1.0
1,acetone_dipole,106,1.0,0.0,0.6223666111329711,0.6223666111329711,,,,1.0
1,acetone_dipole,107,1.0,0.0,0.6223666111329711,0.6223666111329711,,,,1.0
1,acetone_dipole,108,1.0,0.0,0.6223666111329711,0.6223666111329711,,,,1.0
1,acetone_dipole,109,1.0,0.0,0.6223666111329711,0.6223666111329711,,,,1.0
1,acetone_dipole,110,1.0,0.0,0.6223666111329711,0.6223666111329711,,,,1.0
1,acetone_dipole,111,1.0,0.0,0.6223666111329711,0.6223666111329711,,,,1.0
1,acetone_dipole,112,1.0,0.0,0.6223666111329711,0.6223666111329711,,,,1.0
1,acetone_dipole,113,1.0,0.0,0.6223666111329711,0.6223666111329711,,,,1.0
1,acetone_dipole,114,1.0,0.0,0.6223666111329711,0.6223666111329711,,,,1.0
1,acetone_dipole,115,1.0,0.0,0.6223666111329711,0.6223666111329711,,,,1.0
1,acetone_dipole,116,1.0,0.0,0.6223666111329711,0.6223666111329711,,,,1.0
1,acetone_dipole,117,1.0,0.0,0.6223666111329711,0.6223666111329711,,,,1.0
1,acetone_dipole,118,1.0,0.0,0.6223666111329711,0.6223666111329711,,,,1.0
1,acetone_dipole,119,1.0,0.0,0.6223666111329711,0.6223666111329711,,,,1.0
1,acetone_dipole,120,1.0,0.0,0.6223666111329711,0.6223666111329711,,,,1.0
1,acetone_dipole,121,1.0,0.0,0.6223666111329711,0.6223666111329711,,,,1.0
1,acetone_dipole,122,1.0,0.0,0.6223666111329711,0.6223666111329711,,,,1.0
1,acetone_dipole,123,1.0,0.0,0.6223666111329711,0.6223666111329711,,,,1.0
1,acetone_dipole,124,1.0,0.0,0.6223666111329711,0.6223666111329711,,,,1.0
1,acetone_dipole,125,1.0,0.0,0.6223666111329711,0.6223666111329711,,,,1.0
1,acetone_dipole,126,1.0,0.0,0.6223666111329711,0.6223666111329711,,,,1.0
1,acetone_dipole,127,1.0,0.0,0.6223666111329711,0.6223666111329711,,,,1.0
1,acetone_dipole,128,1.0,0.0,0.6223666111329711,0.6223666111329711,,,,1.0
1,acetone_dipole,129,1.0,0.0,0.6223666111329711,0.6223666111329711,,,,1.0
1,acetone_dipole,130,1.0,0.0,0.6223666111329711,0.6223666111329711,,,,1.0
1,acetone_dipole,131,1.0,0.0,0.6223666111329711,0.6223666111329711,,,,1.0
1,acetone_dipole,132,1.0,0.0,0.6223666111329711,0.6223666111329711,,,,1.0
1,acetone_dipole,133,1.0,0.0,0.6223666111329711,0.6223666111329711,,,,1.0
1,acetone_dipole,134,1.0,0.0,0.6223666111329711,0.6223666111329711,,,,1.0
1,acetone_dipole,135,1.0,0.0,0.6223666111329711,0.6223666111329711,,,,1.0
1,acetone_dipole,136,1.0,0.0,0.6223666111329711,0.6223666111329711,,,,1.0
1,acetone_dipole,137,1.0,0.0,0.6223666111329711,0.6223666111329711,,,,1.0
1,acetone_dipole,138,1.0,0.0,0.6223666111329711,0.6223666111329711,,,,1.0
1,acetone_dipole,139,1.0,0.0,0.6223666111329711,0.6223666111329711,,,,1.0
1,acetone_dipole,140,1.0,0.0,0.6223666111329711,0.6223666111329711,,,,1.0
1,acetone_dipole,141,1.0,0.0,0.6223666111329711,0.6223666111329711,,,,1.0
1,acetone_dipole,142,1.0,0.0,0.6223666111329711,0.6223666111329711,,,,1.0
1,acetone_dipole,143,1.0,0.0,0.6223666111329711,0.6223666111329711,,,,1.0
1,acetone_dipole,144,1.0,0.0,0.6223666111329711,0.6223666111329711,,,,1.0
1,acetone_dipole,145,1.0,0.0,0.6223666111329711,0.6223666111329711,,,,1.0
1,acetone_dipole,146,1.0,0.0,0.6223666111329711,0.6223666111329711,,,,1.0
1,acetone_dipole,147,1.0,0.0,0.6223666111329711,0.6223666111329711,,,,1.0
1,acetone_dipole,148,1.0,0.0,0.6223666111329711,0.6223666111329711,,,,1.0
1,acetone_dipole,149,1.0,0.0,0.6223666111329711,0.6223666111329711,,,,1.0
1,acetone_dipole,150,1.0,0.0,0.6223666111329711,0.6223666111329711,,,,1.0
1,acetone_dipole,151,1.0,0.0,0.6223666111329711,0.6223666111329711,,,,1.0
1,acetone_dipole,152,1.0,0.0,0.6223666111329711,0.6223666111329711,,,,1.0
1,acetone_dipole,153,1.0,0.0,0.6223666111329711,0.6223666111329711,,,,1.0
1,acetone_dipole,154,1.0,0.0,0.6223666111329711,0.6223666111329711,,,,1.0
1,acetone_dipole,155,1.0,0.0,0.6223666111329711,0.6223666111329711,,,,1.0
1,acetone_dipole,156,1.0,0.0,0.6223666111329711,0.6223666111329711,,,,1.0
1,acetone_dipole,157,1.0,0.0,0.6223666111329711,0.6223666111329711,,,,1.0
1,acetone_dipole,158,1.0,0.0,0.6223666111329711,0.6223666111329711,,,,1.0
1,acetone_dipole,159,1.0,0.0,0.6223666111329711,0.6223666111329711,,,,1.0
1,acetone_dipole,160,1.0,0.0,0.6223666111329711,0.6223666111329711,,,,1.0
1,acetone_dipole,161,1.0,0.0,0.6223666111329711,0.6223666111329711,,,,1.0
1,acetone_dipole,162,1.0,0.0,0.6223666111329711,0.6223666111329711,,,,1.0
1,acetone_dipole,163,1.0,0.0,0.6223666111329711,0.6223666111329711,,,,1.0
1,acetone_dipole,164,1.0,0.0,0.6223666111329711,0.6223666111329711,,,,1.0
1,acetone_dipole,165,1.0,0.0,0.6223666111329711,0.6223666111329711,,,,1.0
1,acetone_dipole,166,1.0,0.0,0.6223666111329711,0.6223666111329711,,,,1.0
1,acetone_dipole,167,1.0,0.0,0.6223666111329711,0.6223666111329711,,,,1.0
1,acetone_dipole,168,1.0,0.0,0.6223666111329711,0.6223666111329711,,,,1.0
1,acetone_dipole,169,1.0,0.0,0.6223666111329711,0.6223666111329711,,,,1.0
1,acetone_dipole,170,1.0,0.0,0.6223666111329711,0.6223666111329711,,,,1.0
1,acetone_dipole,171,1.0,0.0,0.6223666111329711,0.6223666111329711,,,,1.0
1,acetone_dipole,172,1.0,0.0,0.6223666111329711,0.6223666111329711,,,,1.0
1,acetone_dipole,173,1.0,0.0,0.6223666111329711,0.6223666111329711,,,,1.0
1,acetone_dipole,174,1.0,0.0,0.6223666111329711,0.6223666111329711,,,,1.0
1,acetone_dipole,175,1.0,0.0,0.6223666111329711,0.6223666111329711,,,,1.0
1,acetone_dipole,176,1.0,0.0,0.6223666111329711,0.6223666111329711,,,,1.0
1,acetone_dipole,177,1.0,0.0,0.6223666111329711,0.6223666111329711,,,,1.0
1,acetone_dipole,178,1.0,0.0,0.6223666111329711,0.6223666111329711,,,,1.0
1,acetone_dipole,179,1.0,0.0,0.6223666111329711,0.6223666111329711,,,,1.0
1,acetone_dipole,180,1.0,0.0,0.6223666111329711,0.6223666111329711,,,,1.0
1,acetone_dipole,181,1.0,0.0,0.6223666111329711,0.6223666111329711,,,,1.0
1,acetone_dipole,182,1.0,0.0,0.6223666111329711,0.6223666111329711,,,,1.0
1,acetone_dipole,183,1.0,0.0,0.6223666111329711,0.6223666111329711,,,,1.0
1,acetone_dipole,184,1.0,0.0,0.6223666111329711,0.6223666111329711,,,,1.0
1,acetone_dipole,185,1.0,0.0,0.6223666111329711,0.6223666111329711,,,,1.0
1,acetone_dipole,186,1.0,0.0,0.6223666111329711,0.6223666111329711,,,,1.0
1,acetone_dipole,187,1.0,0.0,0.6223666111329711,0.6223666111329711,,,,1.0
1,acetone_dipole,188,1.0,0.0,0.6223666111329711,0.6223666111329711,,,,1.0
1,acetone_dipole,189,1.0,0.0,0.6223666111329711,0.6223666111329711,,,,1.0
1,acetone_dipole,190,1.0,0.0,0.6223666111329711,0.6223666111329711,,,,1.0
1,acetone_dipole,191,1.0,0.0,0.6223666111329711,0.6223666111329711,,,,1.0
1,acetone_dipole,192,1.0,0.0,0.6223666111329711,0.6223666111329711,,,,1.0
1,acetone_dipole,193,1.0,0.0,0.6223666111329711,0.6223666111329711,,,,1.0
1,acetone_dipole,194,1.0,0.0,0.6223666111329711,0.6223666111329711,,,,1.0
1,acetone_dipole,195,1.0,0.0,0.6223666111329711,0.6223666111329711,,,,1.0
1,acetone_dipole,196,1.0,0.0,0.6223666111329711,0.6223666111329711,,,,1.0
1,acetone_dipole,197,1.0,0.0,0.6223666111329711,0.6223666111329711,,,,1.0
1,acetone_dipole,198,1.0,0.0,0.6223666111329711,0.6223666111329711,,,,1.0
1,acetone_dipole,199,1.0,0.0,0.6223666111329711,0.6223666111329711,,,,1.0
1,acetone_dipole,200,1.0,0.0,0.6223666111329711,0.6223666111329711,,,,1.0
1,acetone_dipole,201,1.0,0.0,0.6223666111329711,0.6223666111329711,,,,1.0
1,acetone_dipole,202,1.0,0.0,0.6223666111329711,0.6223666111329711,,,,1.0
1,acetone_dipole,203,1.0,0.0,0.6223666111329711,0.6223666111329711,,,,1.0
1,acetone_dipole,204,1.0,0.0,0.6223666111329711,0.6223666111329711,,,,1.0
1,acetone_dipole,205,1.0,0.0,0.6223666111329711,0.6223666111329711,,,,1.0
1,acetone_dipole,206,1.0,0.0,0.6223666111329711,0.6223666111329711,,,,1.0
1,acetone_dipole,207,1.0,0.0,0.6223666111329711,0.6223666111329711,,,,1.0
1,acetone_dipole,208,1.0,0.0,0.6223666111329711,0.6223666111329711,,,,1.0
1,acetone_dipole,209,1.0,0.0,0.6223666111329711,0.6223666111329711,,,,1.0
1,acetone_dipole,210,1.0,0.0,0.6223666111329711,0.6223666111329711,,,,1.0
1,acetone_dipole,211,1.0,0.0,0.6223666111329711,0.6223666111329711,,,,1.0
1,acetone_dipole,212,1.0,0.0,0.6223666111329711,0.6223666111329711,,,,1.0
1,acetone_dipole,213,1.0,0.0,0.6223666111329711,0.6223666111329711,,,,1.0
1,acetone_dipole,214,1.0,0.0,0.6223666111329711,0.6223666111329711,,,,1.0
1,acetone_dipole,215,1.0,0.0,0.6223666111329711,0.6223666111329711,,,,1.0
1,acetone_dipole,216,1.0,0.0,0.6223666111329711,0.6223666111329711,,,,1.0
1,acetone_dipole,217,1.0,0.0,0.6223666111329711,0.6223666111329711,,,,1.0
1,acetone_dipole,218,1.0,0.0,0.6223666111329711,0.6223666111329711,,,,1.0
1,acetone_dipole,219,1.0,0.0,0.6223666111329711,0.6223666111329711,,,,1.0
1,acetone_dipole,220,1.0,0.0,0.6223666111329711,0.6223666111329711,,,,1.0
1,acetone_dipole,221,1.0,0.0,0.6223666111329711,0.6223666111329711,,,,1.0
1,acetone_dipole,222,1.0,0.0,0.6223666111329711,0.6223666111329711,,,,1.0
1,acetone_dipole,223,1.0,0.0,0.6223666111329711,0.6223666111329711,,,,1.0
1,acetone_dipole,224,1.0,0.0,0.6223666111329711,0.6223666111329711,,,,1.0
1,acetone_dipole,225,1.0,0.0,0.6223666111329711,0.6223666111329711,,,,1.0
1,acetone_dipole,226,1.0,0.0,0.6223666111329711,0.6223666111329711,,,,1.0
1,acetone_dipole,227,1.0,0.0,0.6223666111329711,0.6223666111329711,,,,1.0
1,acetone_dipole,228,1.0,0.0,0.6223666111329711,0.6223666111329711,,,,1.0
1,acetone_dipole,229,1.0,0.0,0.6223666111329711,0.6223666111329711,,,,1.0
1,acetone_dipole,230,1.0,0.0,0.6223666111329711,0.6223666111329711,,,,1.0
1,acetone_dipole,231,1.0,0.0,0.6223666111329711,0.6223666111329711,,,,1.0
1,acetone_dipole,232,1.0,0.0,0.6223666111329711,0.6223666111329711,,,,1.0
1,acetone_dipole,233,1.0,0.0,0.6223666111329711,0.6223666111329711,,,,1.0
1,acetone_dipole,234,1.0,0.0,0.6223666111329711,0.6223666111329711,,,,1.0
1,acetone_dipole,235,1.0,0.0,0.6223666111329711,0.6223666111329711,,,,1.0
1,acetone_dipole,236,1.0,0.0,0.6223666111329711,0.6223666111329711,,,,1.0
1,acetone_dipole,237,1.0,0.0,0.6223666111329711,0.6223666111329711,,,,1.0
1,acetone_dipole,238,1.0,0.0,0.6223666111329711,0.6223666111329711,,,,1.0
1,acetone_dipole,239,1.0,0.0,0.6223666111329711,0.6223666111329711,,,,1.0
1,acetone_dipole,240,1.0,0.0,0.6223666111329711,0.6223666111329711,,,,1.0
1,acetone_dipole,241,1.0,0.0,0.6223666111329711,0.6223666111329711,,,,1.0
1,acetone_dipole,242,1.0,0.0,0.6223666111329711,0.6223666111329711,,,,1.0
1,acetone_dipole,243,1.0,0.0,0.6223666111329711,0.6223666111329711,,,,1.0
1,acetone_dipole,244,1.0,0.0,0.6223666111329711,0.6223666111329711,,,,1.0
1,acetone_dipole,245,1.0,0.0,0.6223666111329711,0.6223666111329711,,,,1.0
1,acetone_dipole,246,1.0,0.0,0.6223666111329711,0.6223666111329711,,,,1.0
1,acetone_dipole,247,1.0,0.0,0.6223666111329711,0.6223666111329711,,,,1.0
1,acetone_dipole,248,1.0,0.0,0.6223666111329711,0.6223666111329711,,,,1.0
1,acetone_dipole,249,1.0,0.0,0.6223666111329711,0.6223666111329711,,,,1.0
1,octanol_gsolv_eV,0,0.24874354898929596,0.012879403308033943,0.5790953295648913,0.9278502020402026,1.4889830350875854,0.06927459686994553,0.046524772436961064,0.22
1,octanol_gsolv_eV,1,0.12564058601856232,0.01597105711698532,0.5719134223772946,0.9667017399172806,1.7962206602096558,0.00035575582296587527,0.00019805797296883963,0.1
1,octanol_gsolv_eV,2,0.30313482880592346,0.008166768588125706,0.5806959555696443,0.9413950952396828,0.8817000389099121,0.11001355946063995,0.12477436158067427,0.16
1,octanol_gsolv_eV,3,0.1839587241411209,0.019812894985079765,0.5780372346481071,0.9216156216375642,2.335564136505127,0.11393974721431732,0.048784679227355146,0.06
1,octanol_gsolv_eV,4,0.12797030806541443,0.005105008836835623,0.5859734596745576,0.9502672457941042,0.5701932907104492,0.054461173713207245,0.0955135295354839,0.16
1,octanol_gsolv_eV,5,0.38311225175857544,0.01216069608926773,0.5832859403654889,0.9344208960690741,1.4418110847473145,0.21633335947990417,0.15004279115929936,0.24
1,octanol_gsolv_eV,6,0.3522346615791321,0.0057848552241921425,0.5967718485873406,0.9161031834169879,0.6611296534538269,0.16825975477695465,0.2545034153254871,0.2
1,octanol_gsolv_eV,7,0.3687479794025421,0.006614611018449068,0.5909924435721579,0.9448503029281574,0.7759265303611755,0.21110156178474426,0.2720638533734392,0.24
1,octanol_gsolv_eV,8,0.1034640520811081,0.020960640162229538,0.5606603568981408,0.927419009652761,2.2552971839904785,0.007841396145522594,0.0034768793226834,0.1
1,octanol_gsolv_eV,9,0.44556260108947754,0.013146118260920048,0.592000389840244,0.9431165507784323,1.5848112106323242,0.34288662672042847,0.2163580270129589,0.26
1,octanol_gsolv_eV,10,0.21381118893623352,0.011064942926168442,0.5914744708027317,0.9476350118550647,1.3623838424682617,0.09098391234874725,0.06678287683147331,0.2
1,octanol_gsolv_eV,11,0.20949378609657288,0.0142743531614542,0.5734784809721023,0.9371889035529053,1.5946872234344482,0.10957860946655273,0.06871479739491192,0.08
1,octanol_gsolv_eV,12,0.5829994678497314,0.014573960565030575,0.5928557951857649,0.9447246771449787,1.8789372444152832,0.24832363426685333,0.1321617499493074,0.46
1,octanol_gsolv_eV,13,0.1462889164686203,0.007924990728497505,0.5934173263904019,0.9377598014710029,0.9593678712844849,0.01746240444481373,0.0182019900472939,0.18
1,octanol_gsolv_eV,14,0.1275743693113327,0.006740270648151636,0.5878881903609412,0.9738708312475255,0.7879705429077148,0.008316979743540287,0.01055493738744286,0.1
1,octanol_gsolv_eV,15,0.40132588148117065,0.0024552575778216124,0.5785013966876849,0.9316363664169522,0.07456977665424347,0.15438565611839294,2.0703515961195715,0.2
1,octanol_gsolv_eV,16,0.25798457860946655,0.012352356687188148,0.5801142855695665,0.9244768222622612,1.3844044208526611,0.16090667247772217,0.11622808339388212,0.1
1,octanol_gsolv_eV,17,0.14987847208976746,0.005764909088611603,0.5836766283809935,0.9374638144646423,0.6334745287895203,0.043151915073394775,0.06811941619160591,0.12
1,octanol_gsolv_eV,18,0.11616382002830505,0.01684396155178547,0.5798265305730226,0.976513642448507,1.9054368734359741,0.008378871716558933,0.004397349412814582,0.12
1,octanol_gsolv_eV,19,0.08538481593132019,0.012197771109640598,0.5784317096797933,0.963142900324206,1.4001305103302002,0.0021988656371831894,0.001570471910268293,0.08
1,octanol_gsolv_eV,20,0.23208138346672058,0.006298556923866272,0.6058602033557838,0.9309748524925285,0.7836817502975464,0.0785176008939743,0.10019067161403584,0.12
1,octanol_gsolv_eV,21,0.14296771585941315,0.02012733928859234,0.5799527348687916,0.9258859886556166,2.3684654235839844,0.10731691122055054,0.04531073586801937,0.12
1,octanol_gsolv_eV,22,0.23332259058952332,0.013946724124252796,0.5768921229524218,0.9755944543581072,1.5821013450622559,0.0092090405523777,0.005820765263312082,0.26
1,octanol_gsolv_eV,23,0.22850699722766876,0.012628678232431412,0.5745636042010265,0.9246331493507669,1.4271926879882812,0.046387217938899994,0.032502421242282094,0.14
1,octanol_gsolv_eV,24,0.23778067529201508,0.005921246483922005,0.5973299167936752,0.9219113932590259,0.7157669067382812,0.10612644255161285,0.1482695575228903,0.14
1,octanol_gsolv_eV,25,0.14718928933143616,0.010954185388982296,0.5679006031017217,0.9415279325906836,1.1690369844436646,0.020732175558805466,0.01773440518536866,0.18
1,octanol_gsolv_eV,26,0.19998334348201752,0.018660906702280045,0.5670396354552012,0.9632101772904889,2.0187880992889404,0.05830685421824455,0.028882107160618516,0.12
1,octanol_gsolv_eV,27,0.3240431547164917,0.010058192536234856,0.5943295911015476,0.8834499543600756,1.265358328819275,0.2369060218334198,0.1872244536885298,0.2
1,octanol_gsolv_eV,28,0.1482648402452469,0.01276237703859806,0.5710342060804197,0.948042525335423,1.40581214427948,0.014852449297904968,0.010565031294076127,0.12
1,octanol_gsolv_eV,29,0.13708233833312988,0.005843799561262131,0.5925742539084908,0.9683421581498539,0.6778636574745178,0.05607428401708603,0.08272206866200667,0.12
1,octanol_gsolv_eV,30,0.19688215851783752,0.006946019362658262,0.5890798593076956,0.9511380344297107,0.806358277797699,0.040099531412124634,0.049729174383430705,0.1
1,octanol_gsolv_eV,31,0.3442671298980713,0.011118565686047077,0.5881535467228094,0.9736249325770601,1.3608064651489258,0.015694985166192055,0.011533590975755988,0.24
1,octanol_gsolv_eV,32,0.20017564296722412,0.003698976244777441,0.5884941504774879,0.9567256665692363,0.2988167703151703,0.04802638292312622,0.1607218459408134,0.14
1,octanol_gsolv_eV,33,0.1836618185043335,0.0058087692596018314,0.5964478148006016,0.9492169540594455,0.6914911866188049,0.06085747107863426,0.08800903360201881,0.08
1,octanol_gsolv_eV,34,0.14028632640838623,0.013365774415433407,0.5850571131095312,0.9563967819983787,1.5225790739059448,0.07007873803377151,0.04602633730804876,0.16
1,octanol_gsolv_eV,35,0.4164213538169861,0.020397819578647614,0.5659931369683444,0.9427691559206688,2.311497926712036,0.09006165713071823,0.03896246502752672,0.34
1,octanol_gsolv_eV,36,0.24797102808952332,0.010027446784079075,0.5947747435134871,0.9351466671369766,1.2455235719680786,0.08575574308633804,0.0688511602801973,0.16
1,octanol_gsolv_eV,37,0.09773840755224228,0.010569165460765362,0.5847325806026427,0.9514627691049438,1.2365844249725342,0.016281327232718468,0.01316636931852032,0.06
1,octanol_gsolv_eV,38,0.19357198476791382,0.016763728111982346,0.5629235447113627,0.8964041366187496,1.8678171634674072,0.08565802127122879,0.04585996046433883,0.08
1,octanol_gsolv_eV,39,0.16929180920124054,0.003960778936743736,0.58936950123862,0.9545968583137527,0.4115806818008423,0.04289225488901138,0.10421347936287811,0.16
1,octanol_gsolv_eV,40,0.38424941897392273,0.0023383491206914186,0.5890820156511236,0.9243535874747406,0.06498906761407852,0.14142100512981415,2.1760737662772414,0.2
1,octanol_gsolv_eV,41,0.12532728910446167,0.009130910970270634,0.5958266542077215,0.9576035949984614,1.128070592880249,0.01825753226876259,0.016184742678334075,0.08
1,octanol_gsolv_eV,42,0.19397452473640442,0.010599495843052864,0.5633854091653987,0.9216792166490788,1.1546169519424438,0.11086194962263107,0.09601621510590587,0.16
1,octanol_gsolv_eV,43,0.33897724747657776,0.006898737978190184,0.5963056142340417,0.943342652910721,0.8334990739822388,0.12929372489452362,0.1551216179242915,0.18
1,octanol_gsolv_eV,44,0.09766912460327148,0.010214046575129032,0.5667460314422654,0.9787931356847808,1.1012699604034424,0.0005226044449955225,0.00047454708090291514,0.2
1,octanol_gsolv_eV,45,0.447409987449646,0.00926999282091856,0.591346004744616,0.9430356682529559,1.077217698097229,0.3431321680545807,0.318535583532169,0.34
1,octanol_gsolv_eV,46,0.21099387109279633,0.009637804701924324,0.5947650948017993,0.9564189767693834,1.1822080612182617,0.0751309022307396,0.06355133643169159,0.14
1,octanol_gsolv_eV,47,0.13240104913711548,0.010986722074449062,0.5777637702414997,0.9555009198432385,1.2334867715835571,0.017194319516420364,0.013939605930549383,0.14
1,octanol_gsolv_eV,48,0.2789302170276642,0.004956410266458988,0.5828295000744554,0.9697988785297691,0.48801636695861816,0.032184209674596786,0.06594903747833908,0.16
1,octanol_gsolv_eV,49,0.18260902166366577,0.011350475251674652,0.5829910180110236,0.9019023709473,1.2074861526489258,0.05212530493736267,0.043168449445993774,0.16
1,octanol_gsolv_eV,50,0.16448666155338287,0.005756576545536518,0.5917989313993641,0.9541385201919501,0.6916036605834961,0.010840892791748047,0.01567500782543826,0.12
1,octanol_gsolv_eV,51,0.19854706525802612,0.014214325696229935,0.5791967719130409,0.9250085996490534,1.615169882774353,0.12736357748508453,0.07885460151492797,0.14
1,octanol_gsolv_eV,52,0.15280373394489288,0.008491592481732368,0.5960155008490253,0.924099288458117,1.0412538051605225,0.08685513585805893,0.08341399131277999,0.12
1,octanol_gsolv_eV,53,0.18664324283599854,0.016566524282097816,0.5601395360758188,0.918713730944887,1.8206919431686401,0.19187620282173157,0.10538641835685829,0.14
1,octanol_gsolv_eV,54,0.3722429573535919,0.0076110404916107655,0.5898788126138768,0.9206923346015163,0.8905583024024963,0.18579642474651337,0.20862915347067407,0.22
1,octanol_gsolv_eV,55,0.22702321410179138,0.008758013136684895,0.5913183709413332,0.942604565225158,1.0362186431884766,0.210602268576622,0.2032411498876264,0.1
1,octanol_gsolv_eV,56,0.35131779313087463,0.005147862248122692,0.5869996510121223,0.9574908287496036,0.5574346780776978,0.11817547678947449,0.21199878916216736,0.2
1,octanol_gsolv_eV,57,0.22327539324760437,0.006049525924026966,0.6005693724323702,0.938075408061223,0.7247418165206909,0.1010054498910904,0.13936749279349298,0.16
1,octanol_gsolv_eV,58,0.46844521164894104,0.007890154607594013,0.5916301989701949,0.9208545902594414,0.9508054256439209,0.22841089963912964,0.24022885595592944,0.32
1,octanol_gsolv_eV,59,0.45929154753685,0.01788310892879963,0.5844536638348443,0.9343380466054536,2.2042219638824463,0.0781245231628418,0.03544312888763514,0.34
1,octanol_gsolv_eV,60,0.18369626998901367,0.008837401866912842,0.5900933196089364,0.9266311754371754,1.0365917682647705,0.07699273526668549,0.07427488585556632,0.12
1,octanol_gsolv_eV,61,0.30736708641052246,0.011553753167390823,0.5886479402440645,0.9820283422277927,1.4022125005722046,0.07778523117303848,0.05547321189997697,0.5
1,octanol_gsolv_eV,62,0.3371769189834595,0.019896144047379494,0.5622371782097957,0.9240037202531362,2.2374157905578613,0.171729177236557,0.0767533589247349,0.22
1,octanol_gsolv_eV,63,0.5230792164802551,0.007637190632522106,0.6066307768668819,0.9589377649592947,0.8829609751701355,0.41055357456207275,0.46497363542365416,0.42
1,octanol_gsolv_eV,64,0.28139322996139526,0.0033023881260305643,0.5886414530736226,0.9652063991058601,0.2665558159351349,0.11052748560905457,0.41465043717504524,0.28
1,octanol_gsolv_eV,65,0.2678845226764679,0.006976158823817968,0.590408669464789,0.9180404543731326,0.8369740843772888,0.03948364034295082,0.047174268689964,0.16
1,octanol_gsolv_eV,66,0.6886053681373596,0.004042870365083218,0.6376296537646249,0.9224679213273961,0.48453187942504883,0.35252705216407776,0.7275621422111389,0.46
1,octanol_gsolv_eV,67,0.19188517332077026,0.015903178602457047,0.5918448495138664,0.967036975323889,1.9700535535812378,0.008706687018275261,0.004419517937696626,0.14
1,octanol_gsolv_eV,68,0.24457040429115295,0.011955320835113525,0.588025220542121,0.9183523467544301,1.4343451261520386,0.025025373324751854,0.017447246738926905,0.1
1,octanol_gsolv_eV,69,0.15298686921596527,0.008891639299690723,0.587645105493322,0.9349152118424366,1.0411001443862915,0.027197668328881264,0.0261239694140219,0.16
1,octanol_gsolv_eV,70,0.2134964019060135,0.011142411269247532,0.5799336234481207,0.8946919721115587,1.2505626678466797,0.10183024406433105,0.08142754192372513,0.18
1,octanol_gsolv_eV,71,0.13675904273986816,0.01860593445599079,0.5780932777187389,0.9383853739348065,2.114070177078247,0.044072672724723816,0.020847308288334355,0.12
1,octanol_gsolv_eV,72,0.18210944533348083,0.008268012665212154,0.5905899351825874,0.9502733285132425,0.9725229740142822,0.056275542825460434,0.05786551508718804,0.2
1,octanol_gsolv_eV,73,0.10859765112400055,0.01680096611380577,0.5666221767713286,0.9373208393688164,1.8481656312942505,0.02432633377611637,0.013162420815650003,0.12
1,octanol_gsolv_eV,74,0.32774263620376587,0.00993331242352724,0.590290720323462,0.9374828834710138,1.1238186359405518,0.20952461659908295,0.1864398844247022,0.24
1,octanol_gsolv_eV,75,0.17268070578575134,0.009025903418660164,0.5914254029585293,0.9075059230062268,1.0856016874313354,0.04248090460896492,0.03913120723815368,0.08
1,octanol_gsolv_eV,76,0.3902779817581177,0.009890887886285782,0.5917036497425499,0.9091700459500833,1.2223665714263916,0.26598528027534485,0.21759862098074556,0.2
1,octanol_gsolv_eV,77,0.22820542752742767,0.01152653619647026,0.5908422453471625,0.9379796609470401,1.4100556373596191,0.08711028844118118,0.06177790871025372,0.1
1,octanol_gsolv_eV,78,0.22188380360603333,0.008394653908908367,0.5881701715796352,0.9254529522500643,1.0126289129257202,0.10457766056060791,0.10327342941301049,0.12
1,octanol_gsolv_eV,79,0.11616691201925278,0.01016499288380146,0.5795698376359408,0.9775130810324535,1.1529884338378906,0.013699403032660484,0.011881648272099329,0.14
1,octanol_gsolv_eV,80,0.3102494478225708,0.009759277105331421,0.5832508400770224,0.8990195850211706,1.168083667755127,0.1258794218301773,0.10776575797185638,0.16
1,octanol_gsolv_eV,81,0.3463466763496399,0.011736971326172352,0.594163794205087,0.9714935619528984,1.4602528810501099,0.07948377728462219,0.05443151546974735,0.42
1,octanol_gsolv_eV,82,0.2840695083141327,0.004024675581604242,0.5950124265194983,0.9261794283187346,0.4757915139198303,0.040747836232185364,0.08564220890886101,0.16
1,octanol_gsolv_eV,83,0.09978592395782471,0.007097182329744101,0.5964635141351156,0.9585808839892294,0.8469181060791016,0.01983623020350933,0.023421662686305397,0.06
1,octanol_gsolv_eV,84,0.22472061216831207,0.013120273128151894,0.5902263879615492,0.9250899621218303,1.5787869691848755,0.11184225976467133,0.07084062761324618,0.12
1,octanol_gsolv_eV,85,0.25372597575187683,0.008608409203588963,0.6015065535293427,0.9230780569003514,1.0586284399032593,0.04350754991173744,0.041098036168113236,0.3
1,octanol_gsolv_eV,86,0.11172399669885635,0.002538087544962764,0.5936524807436141,0.9665236821465182,0.1260976493358612,0.0364764966070652,0.2892718206816847,0.26
1,octanol_gsolv_eV,87,0.13215422630310059,0.005733252968639135,0.5944385878620564,0.9670496680370781,0.6721377372741699,0.020634016022086143,0.030699088710249543,0.12
1,octanol_gsolv_eV,88,0.4701661169528961,0.005702026188373566,0.5947475392345511,0.929137722440778,0.6752721071243286,0.19375775754451752,0.2869328608427825,0.3
1,octanol_gsolv_eV,89,0.113551564514637,0.011451814323663712,0.5893937595808703,0.9739755655554203,1.3763344287872314,0.00010114295582752675,7.348719447253071e-05,0.06
1,octanol_gsolv_eV,90,0.2773570716381073,0.009803847409784794,0.5905497329848071,0.9388986991337551,1.2141900062561035,0.11620337516069412,0.09570444045985986,0.14
1,octanol_gsolv_eV,91,0.21917779743671417,0.007676315493881702,0.5972458078660972,0.9772557304838556,0.936640739440918,0.07331176847219467,0.0782709585277644,0.16
1,octanol_gsolv_eV,92,0.2534598112106323,0.006846230011433363,0.5983958497318278,0.959840173856807,0.8484992980957031,0.03636199235916138,0.04285447547307231,0.22
1,octanol_gsolv_eV,93,0.35090842843055725,0.004919303581118584,0.5949613653515691,0.9441134668257045,0.5318227410316467,0.10632830858230591,0.19993185770139663,0.18
1,octanol_gsolv_eV,94,0.2630291283130646,0.0077446200884878635,0.5809046527668653,0.9523417055745345,0.869551420211792,0.07046423107385635,0.08103515149994667,0.14
1,octanol_gsolv_eV,95,0.2339857965707779,0.010143956169486046,0.5841231014254173,0.9089299117422955,1.2101590633392334,0.07278425991535187,0.060144374504386026,0.14
1,octanol_gsolv_eV,96,0.5387614369392395,0.004139220807701349,0.5979023103775969,0.8690315259566068,0.4557323455810547,0.17237047851085663,0.3782274402557181,0.3
1,octanol_gsolv_eV,97,0.2354482114315033,0.0079748360440135,0.6011941620510859,0.9657390016709462,0.9994936585426331,0.055006805807352066,0.05503467214345089,0.2
1,octanol_gsolv_eV,98,0.30133241415023804,0.010226010344922543,0.5948170896459377,0.9529077039762675,1.2601796388626099,0.19764754176139832,0.1568407675113585,0.22
1,octanol_gsolv_eV,99,0.19768057763576508,0.013921610079705715,0.5671999949415543,0.9113517272647254,1.5525221824645996,0.06256967782974243,0.04030195415978807,0.2
1,octanol_gsolv_eV,100,0.4617008566856384,0.0027889281045645475,0.5917941325731788,0.9611394289582997,0.1699398159980774,0.18702135980129242,1.100515254196864,0.34
1,octanol_gsolv_eV,101,0.38256213068962097,0.007316135801374912,0.5903920509985898,0.9234650013561432,0.8387273550033569,0.1559983789920807,0.18599414703894607,0.22
1,octanol_gsolv_eV,102,0.25971221923828125,0.010792918503284454,0.584951618155221,0.9601237682856947,1.260130763053894,0.1768815517425537,0.14036761654313232,0.2
1,octanol_gsolv_eV,103,0.28945764899253845,0.010295857675373554,0.5893120972697397,0.9073730426258682,1.2245820760726929,0.15108166635036469,0.12337406312110374,0.22
1,octanol_gsolv_eV,104,0.11906427145004272,0.008623364381492138,0.5882677621188692,0.9243220581662333,1.0294058322906494,0.056849874556064606,0.055225910688267044,0.08
1,octanol_gsolv_eV,105,0.21879208087921143,0.008777454495429993,0.5945059556856664,0.9469800123581558,1.0801520347595215,0.05179215222597122,0.04794894659204332,0.18
1,octanol_gsolv_eV,106,0.13960768282413483,0.01645253412425518,0.5611056138756161,0.9301747288714604,1.8125463724136353,0.05856528878211975,0.03231105679471949,0.08
1,octanol_gsolv_eV,107,0.6459252834320068,0.004730065353214741,0.6149639254036714,0.9592067806525642,0.7448698282241821,0.17845577001571655,0.23957980744255228,0.44
1,octanol_gsolv_eV,108,0.25057485699653625,0.0094734663143754,0.5894940474777799,0.9062567071832963,1.172789454460144,0.1133480817079544,0.09664827840742357,0.2
1,octanol_gsolv_eV,109,0.3920400142669678,0.010219945572316647,0.5730999141757678,0.8975816783938608,1.1178221702575684,0.3202715516090393,0.28651386609664614,0.22
1,octanol_gsolv_eV,110,0.05297984555363655,0.01428377628326416,0.5802195168105257,0.9773431099020027,1.6591123342514038,0.0006089660455472767,0.0003670432875312472,0.06
1,octanol_gsolv_eV,111,0.28322869539260864,0.005186146590858698,0.581166501191805,0.9875441182744815,0.5685240626335144,0.0002800660440698266,0.0004926195080864406,0.28
1,octanol_gsolv_eV,112,0.11277750879526138,0.004570286255329847,0.5890442869961343,0.9822275024700753,0.44604647159576416,0.01985899731516838,0.044522260750368345,0.12
1,octanol_gsolv_eV,113,0.14164601266384125,0.01677146553993225,0.5784131742227328,0.9208583234882102,1.9734395742416382,0.13914307951927185,0.07050789967701056,0.08
1,octanol_gsolv_eV,114,0.3477507531642914,0.011859534308314323,0.5985496154577934,0.9209478209221862,1.5321979522705078,0.06842909753322601,0.04466074206131358,0.16
1,octanol_gsolv_eV,115,0.3885138928890228,0.011205236427485943,0.5844599917344309,0.9299921338024606,1.3483606576919556,0.1165914386510849,0.08646903036362635,0.24
1,octanol_gsolv_eV,116,0.3732364773750305,0.013152708299458027,0.5781530923378069,0.9600042033359015,1.582187294960022,0.012755870819091797,0.00806217497746631,0.32
1,octanol_gsolv_eV,117,0.2041090726852417,0.011461403220891953,0.5781359856814077,0.9223487706365252,1.2873440980911255,0.051396168768405914,0.03992418875778137,0.12
1,octanol_gsolv_eV,118,0.11806640028953552,0.01931275799870491,0.5598424560530975,0.923219258957862,2.1408824920654297,0.12820754945278168,0.059885374338828214,0.18
1,octanol_gsolv_eV,119,0.22684715688228607,0.0053442721255123615,0.5892133593811923,0.9383333873440407,0.6259853839874268,0.09059617668390274,0.14472570606492374,0.12
1,octanol_gsolv_eV,120,0.32212188839912415,0.005824367515742779,0.5957184699842428,0.9148977071637825,0.6494661569595337,0.1880614459514618,0.2895631187803052,0.24
1,octanol_gsolv_eV,121,0.4544479548931122,0.006807592231780291,0.5949584354794935,0.988203085977404,0.7967190742492676,0.15373492240905762,0.1929600123530605,0.32
1,octanol_gsolv_eV,122,0.09868644922971725,0.017360741272568703,0.5719158456660314,0.9595501350471238,1.9482955932617188,0.004832433070987463,0.0024803387574763723,0.12
1,octanol_gsolv_eV,123,0.4870622456073761,0.007956084795296192,0.6034975173628476,0.9460397503529183,0.9447432160377502,0.3757669925689697,0.397745108078082,0.34
1,octanol_gsolv_eV,124,0.38458356261253357,0.005422478076070547,0.5996034708650193,0.9688065904297376,0.671890914440155,0.08161324262619019,0.12146799558108838,0.16
1,octanol_gsolv_eV,125,0.21782496571540833,0.009194058366119862,0.5740124597004392,0.9363284204696396,0.9828432202339172,0.0632229745388031,0.06432661205492773,0.18
1,octanol_gsolv_eV,126,0.24412162601947784,0.006714528426527977,0.5959622339743647,0.9495588059743505,0.8250446319580078,0.0758693516254425,0.09195787559442484,0.1
1,octanol_gsolv_eV,127,0.33124688267707825,0.006687826942652464,0.593430527891186,0.9373498561648221,0.7698380947113037,0.08673844486474991,0.11267102194686483,0.26
1,octanol_gsolv_eV,128,0.1369672417640686,0.00883186049759388,0.589061459244359,0.9772119594424475,1.0417258739471436,0.014947011135518551,0.014348315146367337,0.08
1,octanol_gsolv_eV,129,0.19204549491405487,0.007839526049792767,0.5989317068095077,0.9476263706655346,0.9629727602005005,0.02524876967072487,0.026219609436790116,0.24
1,octanol_gsolv_eV,130,0.6972905397415161,0.002862371737137437,0.6230901857738214,0.9227001496416904,0.18837158381938934,0.36817875504493713,1.9545344769089317,0.4
1,octanol_gsolv_eV,131,0.5290665626525879,0.007121797185391188,0.6099828754365626,0.9562341671206298,0.8457944393157959,0.3978242874145508,0.4703557613081142,0.36
1,octanol_gsolv_eV,132,0.06558922678232193,0.015989946201443672,0.5773226887496703,0.9697505445395773,1.8516474962234497,0.0009352893684990704,0.0005051119991286955,0.1
1,octanol_gsolv_eV,133,0.5231762528419495,0.00865103304386139,0.5921878767285453,0.9091898483776046,0.9954014420509338,0.15248903632164001,0.1531935055342599,0.36
1,octanol_gsolv_eV,134,0.24188771843910217,0.016783492639660835,0.5759966006173278,0.9621029661193659,1.957835078239441,0.03574678674340248,0.018258323768285598,0.08
1,octanol_gsolv_eV,135,0.09953277558088303,0.017296077683568,0.5608224216284761,0.9458614501442566,1.9008021354675293,0.004361933097243309,0.002294785457072537,0.06
1,octanol_gsolv_eV,136,0.3208162486553192,0.013980183750391006,0.559418153780675,0.9222927570845623,1.518718957901001,0.20455321669578552,0.13468799848162527,0.22
1,octanol_gsolv_eV,137,0.12045340985059738,0.00652658473700285,0.5830841172255801,0.9674389826771845,0.7366286516189575,0.022648334503173828,0.03074593209671857,0.08
1,octanol_gsolv_eV,138,0.1115405410528183,0.010676383972167969,0.5887499274127834,0.9534974215502998,1.2750426530838013,0.02952682226896286,0.02315751727799041,0.16
1,octanol_gsolv_eV,139,0.4125474691390991,0.004311413038522005,0.5912452343259087,0.9501099210389083,0.4385782778263092,0.1428106278181076,0.3256217533752666,0.2
1,octanol_gsolv_eV,140,0.1354394555091858,0.006208902224898338,0.5906290555065323,0.964085288208957,0.7188043594360352,0.03140590712428093,0.0436918706905473,0.1
1,octanol_gsolv_eV,141,0.20888733863830566,0.015300486236810684,0.5753417566172676,0.9280060141353728,1.7714003324508667,0.12613824009895325,0.07120820617913706,0.12
1,octanol_gsolv_eV,142,0.2993302345275879,0.008179767988622189,0.597589234188014,0.9419955598093446,0.9828420281410217,0.15224479138851166,0.15490260594214947,0.2
1,octanol_gsolv_eV,143,0.23054631054401398,0.015653586015105247,0.5758610088619678,0.9099120337789026,1.8220648765563965,0.12605921924114227,0.06918481381375802,0.14
1,octanol_gsolv_eV,144,0.1994876116514206,0.016370467841625214,0.5940278730710435,0.9531116832946556,2.038783311843872,0.018117938190698624,0.00888664238393868,0.12
1,octanol_gsolv_eV,145,0.1181415542960167,0.010236022062599659,0.5833239966045147,0.9553199887792432,1.1403570175170898,0.008442820981144905,0.007403664686983327,0.18
1,octanol_gsolv_eV,146,0.1289350390434265,0.015160882845520973,0.5755318711620772,0.9414359093430444,1.7186684608459473,0.06722108274698257,0.039112303669025045,0.1
1,octanol_gsolv_eV,147,0.1567762941122055,0.004847039468586445,0.5872398465436655,0.9733892739089254,0.5212184190750122,0.055189743638038635,0.10588601940810517,0.14
1,octanol_gsolv_eV,148,0.17697595059871674,0.010164917446672916,0.5800962393566236,0.9201568561280216,1.1164880990982056,0.1672106385231018,0.14976481939947134,0.12
1,octanol_gsolv_eV,149,0.09712541103363037,0.007028555031865835,0.5964229836186932,0.9754476664079852,0.8415449857711792,0.0026549880858510733,0.003154897397930643,0.08
1,octanol_gsolv_eV,150,0.2310159057378769,0.00586995342746377,0.5906724385558724,0.9276594878130213,0.6861905455589294,0.04825551062822342,0.07032377659607272,0.2
1,octanol_gsolv_eV,151,0.176298588514328,0.006619426421821117,0.592710240478157,0.9721595275301236,0.790287971496582,0.044802118092775345,0.05669087688116117,0.1
1,octanol_gsolv_eV,152,0.16822972893714905,0.009429113008081913,0.5836370736951444,0.9393718529840536,1.0842567682266235,0.024991298094391823,0.023049243340455976,0.06
1,octanol_gsolv_eV,153,0.09311340004205704,0.010943128727376461,0.5772051033783312,0.9534077130375795,1.2052637338638306,0.00101290934253484,0.0008404047297496114,0.1
1,octanol_gsolv_eV,154,0.29247286915779114,0.018458770588040352,0.5621626189118913,0.9360264917111085,2.0939645767211914,0.15363502502441406,0.0733704030776784,0.2
1,octanol_gsolv_eV,155,0.2366316169500351,0.011254288256168365,0.5864821826280275,0.9061967930102031,1.3687468767166138,0.14767421782016754,0.10789008569240528,0.16
1,octanol_gsolv_eV,156,0.297109454870224,0.00632742652669549,0.5933658604739376,0.9492584589233866,0.7535141110420227,0.042649637907743454,0.05660098103373797,0.18
1,octanol_gsolv_eV,157,0.20273040235042572,0.006628918461501598,0.5962327954107831,0.9470253589359887,0.8202462196350098,0.045550476759672165,0.05553268722157727,0.12
1,octanol_gsolv_eV,158,0.3111020624637604,0.002734164008870721,0.5958384395720955,0.935174004673494,0.17038767039775848,0.10486948490142822,0.6154757832924032,0.22
1,octanol_gsolv_eV,159,0.06331412494182587,0.013898223638534546,0.5834391904455549,0.976042230172812,1.6131170988082886,0.0007300954894162714,0.0004525991882149405,0.1
1,octanol_gsolv_eV,160,0.2784852683544159,0.0063345953822135925,0.5932274000508388,0.911174458226641,0.7578638792037964,0.035234082490205765,0.046491307287559756,0.24
1,octanol_gsolv_eV,161,0.4783271253108978,0.005272421054542065,0.6055044193049441,0.9566508748442017,0.6593039631843567,0.2452467679977417,0.3719783008936123,0.32
1,octanol_gsolv_eV,162,0.12371309101581573,0.012162163853645325,0.5787659842630302,0.9603107617108186,1.3978722095489502,0.01873779296875,0.01340451068470422,0.04
1,octanol_gsolv_eV,163,0.3749730587005615,0.020320575684309006,0.5665265859188882,0.9514822250876862,2.2671215534210205,0.0006539765163324773,0.0002884611613989756,0.36
1,octanol_gsolv_eV,164,0.5370279550552368,0.007122057024389505,0.6070495213342191,0.9360849978951129,0.8216065168380737,0.3934056758880615,0.4788249214503198,0.32
1,octanol_gsolv_eV,165,0.2474193423986435,0.0078005315735936165,0.5907085332279833,0.9306666228030214,0.9476441740989685,0.11296861618757248,0.11920995166248387,0.08
1,octanol_gsolv_eV,166,0.6823549866676331,0.003308190731331706,0.614273561338762,0.9638030968712863,0.2689535617828369,0.3757478892803192,1.3970734828331146,0.5
1,octanol_gsolv_eV,167,0.1621660590171814,0.006473297718912363,0.5943170634935862,0.9708594114088929,0.7761666774749756,0.034186795353889465,0.044045688053893146,0.14
1,octanol_gsolv_eV,168,0.42788681387901306,0.006108731031417847,0.5960949511118021,0.8948860808560599,0.7283552289009094,0.1571141630411148,0.21571090150365313,0.3
1,octanol_gsolv_eV,169,0.2697097063064575,0.003521050326526165,0.5915630575683395,0.9667289256296925,0.3292633891105652,0.03856350854039192,0.11712054791321627,0.2
1,octanol_gsolv_eV,170,0.6423740983009338,0.0060223303735256195,0.6109429049204007,0.9130200336681118,0.6956741809844971,0.43645137548446655,0.6273790050204447,0.64
1,octanol_gsolv_eV,171,0.27432629466056824,0.007143349852412939,0.6033929022176505,0.9760395837046174,0.8599561452865601,0.17697103321552277,0.20579076524483855,0.16
1,octanol_gsolv_eV,172,0.2615300714969635,0.014395643956959248,0.5811885956818212,0.934661535151015,1.7327258586883545,0.08479949086904526,0.04893993498385088,0.12
1,octanol_gsolv_eV,173,0.2846749722957611,0.01135372556746006,0.5812107519983494,0.8798552810860689,1.2890598773956299,0.13548584282398224,0.10510438281401865,0.2
1,octanol_gsolv_eV,174,0.934180498123169,0.0028562701772898436,0.6742147386238297,0.9668163864052743,0.2170201539993286,0.7838840484619141,3.612033417248147,0.6
1,octanol_gsolv_eV,175,0.09304585307836533,0.019159115850925446,0.5622513136403129,0.9506962570072268,2.1203441619873047,0.0009503295295871794,0.00044819588566059844,0.14
1,octanol_gsolv_eV,176,0.17731326818466187,0.008000320754945278,0.5918603418836204,0.9420595139274681,0.9373555779457092,0.03344901278614998,0.035684444167341706,0.06
1,octanol_gsolv_eV,177,0.5487548112869263,0.007419760804623365,0.6125136622280638,0.9231297331894397,0.9476940631866455,0.29916632175445557,0.3156781638459369,0.48
1,octanol_gsolv_eV,178,0.19016924500465393,0.014904909767210484,0.5667501669679804,0.9587190659255322,1.6786783933639526,0.009805629029870033,0.005841279108990166,0.12
1,octanol_gsolv_eV,179,0.08353930711746216,0.015604828484356403,0.5640512943260549,0.9661142722807448,1.726709246635437,0.009131544269621372,0.005288408739001402,0.14
1,octanol_gsolv_eV,180,0.28090888261795044,0.016338279470801353,0.5689300465247942,0.964275246812796,1.8410917520523071,0.03762371093034744,0.020435543686732303,0.18
1,octanol_gsolv_eV,181,0.7405216097831726,0.007940074428915977,0.6307358308324187,0.9274683059984241,0.9818686842918396,0.5939369797706604,0.6049046978201876,0.62
1,octanol_gsolv_eV,182,0.42045047879219055,0.009282534942030907,0.6004841211323546,0.9329230396280632,1.130075454711914,0.3247772753238678,0.28739432749352306,0.26
1,octanol_gsolv_eV,183,0.3647812306880951,0.006327040959149599,0.5919871172650455,0.9246294156373807,0.7543355226516724,0.25886955857276917,0.3431756172144457,0.26
1,octanol_gsolv_eV,184,0.20398077368736267,0.009712159633636475,0.5840171820794999,0.9648429779864656,1.1459711790084839,0.010376778431236744,0.00905500820728749,0.12
1,octanol_gsolv_eV,185,0.14180664718151093,0.004161373246461153,0.5846193497247094,0.9741207531343778,0.4165095090866089,0.01871263049542904,0.04492725877127079,0.16
1,octanol_gsolv_eV,186,0.5818950533866882,0.010995143093168736,0.5848041471917385,0.9758132654344533,1.5153335332870483,0.02229555882513523,0.014713301286728538,0.52
1,octanol_gsolv_eV,187,0.23571354150772095,0.004975233692675829,0.5874572734626093,0.9238007080462061,0.5493140816688538,0.06566274166107178,0.11953587911233565,0.2
1,octanol_gsolv_eV,188,0.08509842306375504,0.01104085985571146,0.5786908963916886,0.9793575113625919,1.252182960510254,0.0018330380553379655,0.0014638739809963697,0.12
1,octanol_gsolv_eV,189,0.4056311249732971,0.01887665130198002,0.5756812795861981,0.9458431747040639,2.206394672393799,0.0006494148983620107,0.0002943330613001511,0.34
1,octanol_gsolv_eV,190,0.22709371149539948,0.009213371202349663,0.592781327660256,0.9070320045311582,1.1300925016403198,0.13042406737804413,0.11541008120019794,0.12
1,octanol_gsolv_eV,191,0.22106263041496277,0.02226523868739605,0.5688640452275437,0.9313115178662499,2.5700387954711914,0.11525318026542664,0.04484491847691976,0.18
1,octanol_gsolv_eV,192,0.5070207118988037,0.019914967939257622,0.5589750539661369,0.9364777527411339,2.313629150390625,0.07048910111188889,0.030466897039219856,0.36
1,octanol_gsolv_eV,193,0.1766267567873001,0.0076565793715417385,0.5894479156101258,0.9353152578196873,0.917758047580719,0.044640570878982544,0.04864089287656865,0.1
1,octanol_gsolv_eV,194,0.39270859956741333,0.014466306194663048,0.5824551274496457,0.943733300393143,1.7404770851135254,0.08808741718530655,0.050611075514137495,0.34
1,octanol_gsolv_eV,195,0.2835904657840729,0.012109669856727123,0.5920768855235592,0.9460195769696758,1.5241920948028564,0.14849892258644104,0.09742795746860787,0.14
1,octanol_gsolv_eV,196,0.14581839740276337,0.007384964264929295,0.5891180521294386,0.9544615712262219,0.8464077711105347,0.012626968324184418,0.014918303866252461,0.1
1,octanol_gsolv_eV,197,0.1767469197511673,0.010554715991020203,0.5946134423476586,0.9175944856645402,1.3076449632644653,0.069676473736763,0.05328393844979101,0.22
1,octanol_gsolv_eV,198,0.3303174674510956,0.0070868744514882565,0.5948930283697267,0.9585723392903043,0.8277666568756104,0.15555799007415771,0.18792492882149714,0.2
1,octanol_gsolv_eV,199,0.14837945997714996,0.009506580419838428,0.5951093208355005,0.9678654477934696,1.151919960975647,0.003482411615550518,0.003023136792074515,0.08
1,octanol_gsolv_eV,200,0.4166349470615387,0.008627139963209629,0.5904113899031684,0.9345866743982845,0.9810448288917542,0.1964976191520691,0.20029423056441198,0.2
1,octanol_gsolv_eV,201,0.09622226655483246,0.005853031761944294,0.5909368067515162,0.9811374708291811,0.6815863251686096,0.006252675782889128,0.009173710727459728,0.04
1,octanol_gsolv_eV,202,0.16052186489105225,0.005840415135025978,0.5942657213619311,0.9573072986747933,0.6717973947525024,0.02992425113916397,0.04454356532625196,0.1
1,octanol_gsolv_eV,203,0.15876029431819916,0.010922062210738659,0.5916996588468311,0.9559415667065834,1.3385930061340332,0.030111202970147133,0.022494666289278445,0.16
1,octanol_gsolv_eV,204,0.15709351003170013,0.00622014282271266,0.5961962792075353,0.9641034532947024,0.7336772084236145,0.014001414179801941,0.019083888689803388,0.14
1,octanol_gsolv_eV,205,0.21223554015159607,0.009590943343937397,0.5974524203695106,0.9293137998743224,1.1932655572891235,0.09786821901798248,0.08201713224700861,0.12
1,octanol_gsolv_eV,206,0.06679122895002365,0.020282115787267685,0.574756352915377,0.9595692698347007,2.2975947856903076,0.0004401446785777807,0.00019156758246452067,0.1
1,octanol_gsolv_eV,207,0.07181946188211441,0.015368691645562649,0.5795180992836355,0.9684151935305731,1.7950886487960815,0.0010204664431512356,0.0005684769071631284,0.04
1,octanol_gsolv_eV,208,0.22994117438793182,0.003398345783352852,0.5965232567824112,0.9445677871699036,0.2941873371601105,0.005785093177109957,0.01966465733350528,0.1
1,octanol_gsolv_eV,209,0.16231819987297058,0.007282578852027655,0.5915500251356056,0.9800781739585347,0.8747234344482422,0.03345347195863724,0.03824462754875089,0.14
1,octanol_gsolv_eV,210,0.4670853018760681,0.0062266248278319836,0.6005080346147156,0.9487543481873186,0.752284824848175,0.11702525615692139,0.15555977243132513,0.34
1,octanol_gsolv_eV,211,0.7829796671867371,0.006828286685049534,0.6418104522365005,0.9433987903746928,0.8587390184402466,0.588414192199707,0.6852072394107134,0.72
1,octanol_gsolv_eV,212,0.10148806124925613,0.003015232039615512,0.5840032276027087,0.9649298304053793,0.20056433975696564,0.08109010756015778,0.404309697618325,0.24
1,octanol_gsolv_eV,213,0.41185319423675537,0.007576999254524708,0.5919563663028924,0.916804915524221,0.96060711145401,0.23702257871627808,0.24674247763741,0.16
1,octanol_gsolv_eV,214,0.16275009512901306,0.00566342007368803,0.5894524612365852,0.9544057968196207,0.6461619734764099,0.033559106290340424,0.051936058864295885,0.12
1,octanol_gsolv_eV,215,0.44990548491477966,0.005534003023058176,0.5933802788676543,0.9617752104528099,0.5890170335769653,0.276856392621994,0.4700312161444783,0.28
1,octanol_gsolv_eV,216,0.09752832353115082,0.021951833739876747,0.5579736435379568,0.953966730231935,2.3782052993774414,0.018826670944690704,0.007916335460870047,0.08
1,octanol_gsolv_eV,217,0.6473098993301392,0.008729783818125725,0.606494320965701,0.923862828380918,1.079999566078186,0.30933678150177,0.28642306091387426,0.48
1,octanol_gsolv_eV,218,0.15569445490837097,0.007047719322144985,0.591637312194923,0.9719311532318293,0.8437175154685974,0.018873855471611023,0.022369875136619106,0.12
1,octanol_gsolv_eV,219,0.2324925661087036,0.005390347447246313,0.584758975236545,0.9327330504709448,0.5281995534896851,0.051595255732536316,0.09768136945905974,0.18
1,octanol_gsolv_eV,220,0.15488263964653015,0.010318736545741558,0.5861874855247537,0.9520051765995965,1.2326480150222778,0.08279483020305634,0.06716826636155332,0.06
1,octanol_gsolv_eV,221,0.23035886883735657,0.009807267226278782,0.5836238357417074,0.9687275024845512,1.1467632055282593,0.0053960527293384075,0.004705463781297991,0.12
1,octanol_gsolv_eV,222,0.24276699125766754,0.006864993367344141,0.5918404558416095,0.9050265130413591,0.7981876134872437,0.10985549539327621,0.13763117033766384,0.14
1,octanol_gsolv_eV,223,0.23836958408355713,0.009809582494199276,0.5897708099814825,0.9496614106896333,1.2174222469329834,0.07227224111557007,0.05936497488660441,0.14
1,octanol_gsolv_eV,224,0.18088366091251373,0.013717359863221645,0.584739237113588,0.9391196938586244,1.6326062679290771,0.007815822027623653,0.004787328201022921,0.16
1,octanol_gsolv_eV,225,0.21861499547958374,0.012690662406384945,0.5753271049234461,0.8863343167466373,1.4427796602249146,0.07380419969558716,0.05115417255333489,0.14
1,octanol_gsolv_eV,226,0.1585182249546051,0.005095746833831072,0.585987845384293,0.937143952691454,0.5352182388305664,0.11557435244321823,0.21593874060746557,0.16
1,octanol_gsolv_eV,227,0.16568730771541595,0.01108274795114994,0.5786683116661695,0.9137554043277818,1.2549564838409424,0.05545240640640259,0.04418671652795797,0.1
1,octanol_gsolv_eV,228,0.2096528261899948,0.005785825662314892,0.594476038027014,0.966765086708125,0.6475534439086914,0.0041910456493496895,0.00647212317187622,0.18
1,octanol_gsolv_eV,229,0.2993585765361786,0.015509865246713161,0.5859255480752521,0.9531456476457836,1.8217517137527466,0.13607195019721985,0.07469291735530538,0.2
1,octanol_gsolv_eV,230,0.31958019733428955,0.008871889673173428,0.5861040973419087,0.9209196075926489,1.060164451599121,0.2062121331691742,0.19450957147085043,0.3
1,octanol_gsolv_eV,231,0.5439965724945068,0.004325226880609989,0.6145239236489939,0.8990161619403509,0.492172509431839,0.28373387455940247,0.5764927319629111,0.4
1,octanol_gsolv_eV,232,0.18568000197410583,0.005162583664059639,0.593552662830434,0.9593753818495494,0.5995452404022217,0.024639785289764404,0.04109745792199787,0.12
1,octanol_gsolv_eV,233,0.3643414080142975,0.01061945129185915,0.5878043632395604,0.9184266308422542,1.2837762832641602,0.18063971400260925,0.14070965195221585,0.26
1,octanol_gsolv_eV,234,0.23058177530765533,0.011733830906450748,0.5855621760645,0.9363373759220801,1.3992410898208618,0.02461763471364975,0.017593561890611308,0.12
1,octanol_gsolv_eV,235,0.1850285828113556,0.012823334895074368,0.5708596232819054,0.9407336877620511,1.3781336545944214,0.07642451673746109,0.05545508338953705,0.12
1,octanol_gsolv_eV,236,0.21001417934894562,0.016756795346736908,0.5901518609526701,0.9404916837616781,2.091870069503784,0.05495011433959007,0.02626841654301449,0.14
1,octanol_gsolv_eV,237,0.19094717502593994,0.017480043694376945,0.5727581645723014,0.8855554786164472,1.9862021207809448,0.13937459886074066,0.0701714077346472,0.16
1,octanol_gsolv_eV,238,0.20179109275341034,0.004180897027254105,0.593050397281468,0.9705391704498239,0.45790281891822815,0.05267787352204323,0.11504160128669222,0.12
1,octanol_gsolv_eV,239,0.2184174805879593,0.0154567314311862,0.5782059405059152,0.9261064686547789,1.8316845893859863,0.08163031935691833,0.044565707343905914,0.12
1,octanol_gsolv_eV,240,0.20374812185764313,0.009977109730243683,0.5929300861035918,0.9617809380223485,1.2237194776535034,0.06105371564626694,0.049891921115236444,0.12
1,octanol_gsolv_eV,241,0.16623827815055847,0.007316818460822105,0.5927875410250545,0.9471974443793487,0.8706346154212952,0.05232248455286026,0.060096949542422805,0.1
1,octanol_gsolv_eV,242,0.28204581141471863,0.01156209222972393,0.5823687951301848,0.8805485955397245,1.325158715248108,0.15060746669769287,0.11365239873888978,0.14
1,octanol_gsolv_eV,243,0.059306543320417404,0.015221411362290382,0.5724632659283038,0.9356364210311439,1.6376696825027466,0.025646895170211792,0.015660603260980732,0.12
1,octanol_gsolv_eV,244,0.6535983085632324,0.005986498203128576,0.6173414700678637,0.987345922772374,0.7064303159713745,0.3626202940940857,0.5133136077200565,0.52
1,octanol_gsolv_eV,245,0.12242528796195984,0.005649354308843613,0.5948082527924623,0.9463241192239416,0.6579418778419495,0.02266581729054451,0.03444957382084939,0.1
1,octanol_gsolv_eV,246,0.15663734078407288,0.0066306013613939285,0.5925733400770425,0.9378242362607809,0.7616199254989624,0.09852186590433121,0.1293583093165351,0.08
1,octanol_gsolv_eV,247,0.20745684206485748,0.01055846270173788,0.5923570016818833,0.9526186158728658,1.3006802797317505,0.07539209723472595,0.05796358906146763,0.14
1,octanol_gsolv_eV,248,0.1494099199771881,0.006810828577727079,0.589164817397857,0.9632605881993033,0.7723218202590942,0.015335234813392162,0.019856016509086305,0.12
1,octanol_gsolv_eV,249,0.17512907087802887,0.006084827706217766,0.5925060470147592,0.9456029557425536,0.7254053354263306,0.06536884605884552,0.09011354461630387,0.16
1,octanol_hl_gap_eV,0,0.09705021977424622,0.0015994715504348278,0.5948765207905775,0.9330244653861843,0.2139894664287567,0.021001242101192474,0.09814147608141448,0.06
1,octanol_hl_gap_eV,1,0.17579790949821472,0.00486065074801445,0.5700434169378761,0.9782195617547635,0.6243711113929749,0.000895254488568753,0.0014338499527491529,0.22
1,octanol_hl_gap_eV,2,0.07841399312019348,0.0016616377979516983,0.6752775908296207,0.9676910737188587,0.28376516699790955,0.0002509098267182708,0.000884216443380872,0.08
1,octanol_hl_gap_eV,3,0.006487997714430094,0.0024332888424396515,0.5918925241719841,0.9806134444401449,0.01616688072681427,0.03581318259239197,2.2152190764290407,0.24
1,octanol_hl_gap_eV,4,0.17225238680839539,0.001263500889763236,0.5867432916823505,0.9536595661305729,0.1761656552553177,0.0007283674785867333,0.0041345600397030115,0.14
1,octanol_hl_gap_eV,5,0.0426047258079052,0.0013471061829477549,0.6003303589354234,0.9419692958789223,0.2904318869113922,0.01242179237306118,0.042770070825077625,0.0
1,octanol_hl_gap_eV,6,0.033546727150678635,0.002268630312755704,0.5698889286350779,0.9181451528578957,0.06380655616521835,0.13619427382946014,2.13448714387286,0.12
1,octanol_hl_gap_eV,7,0.08509818464517593,0.0020713144913315773,0.6236120262902338,0.9797547681811627,0.2834042012691498,0.0003447018389124423,0.0012162905044060303,0.28
1,octanol_hl_gap_eV,8,0.0920514240860939,0.001599297160282731,0.6087344626631623,0.9596209210520679,0.20957688987255096,0.008201966062188148,0.03913583252035075,0.16
1,octanol_hl_gap_eV,9,0.0359664149582386,0.0018471989315003157,0.6439577305693174,0.9558501604791882,0.25814276933670044,0.0001178392703877762,0.0004564887511301013,0.08
1,octanol_hl_gap_eV,10,0.04054226353764534,0.0020656464621424675,0.5661208201890888,0.9479033964300925,0.030248336493968964,0.14316053688526154,4.732839999773391,0.12
1,octanol_hl_gap_eV,11,0.15752160549163818,0.003710136516019702,0.5709189143498421,0.9818328712063107,0.5174975991249084,0.003475672099739313,0.006716305748310129,0.22
1,octanol_hl_gap_eV,12,0.10425835847854614,0.0011130747152492404,0.6163430679880313,0.9816807309617899,0.27576082944869995,0.00010235152149107307,0.0003711604787949538,0.14
1,octanol_hl_gap_eV,13,0.15323776006698608,0.0011651987442746758,0.6338077780302076,0.962780876182693,0.30190810561180115,0.0004368241352494806,0.0014468777986741334,0.18
1,octanol_hl_gap_eV,14,-0.14453987777233124,0.00225497642531991,0.5844639587681775,0.9813962948225645,0.06387192755937576,0.04658287763595581,0.7293169224093333,0.26
1,octanol_hl_gap_eV,15,0.08556482940912247,0.0018426802707836032,0.6268041580861194,0.9440778091195023,0.3809664845466614,0.012143578380346298,0.031875713147829235,0.02
1,octanol_hl_gap_eV,16,0.07902369648218155,0.0010588514851406217,0.5986513310725317,0.9446833825351713,0.2413933128118515,0.0043009319342672825,0.017817113010166714,0.08
1,octanol_hl_gap_eV,17,0.1438915729522705,0.0008282365160994232,0.6410271554133826,0.9630651696037542,0.25874510407447815,0.0009117919835262001,0.003523900430068607,0.2
1,octanol_hl_gap_eV,18,0.37472155690193176,0.0019292067736387253,0.5740530133354687,0.9794065762450419,0.1164063885807991,0.10031958669424057,0.8618048194546256,0.32
1,octanol_hl_gap_eV,19,0.10156133770942688,0.0018364614807069302,0.6092283299946404,0.9787310122326245,0.3450307846069336,0.00012219304335303605,0.00035415113318726317,0.1
1,octanol_hl_gap_eV,20,0.12205652892589569,0.00143412163015455,0.5946052258394905,0.9710293969317838,0.2915967106819153,0.0002877756778616458,0.0009868961731038263,0.02
1,octanol_hl_gap_eV,21,0.14091137051582336,0.0023306284565478563,0.5802105665760671,0.9728358937506003,0.04344502091407776,0.009919192641973495,0.2283159826667115,0.22
1,octanol_hl_gap_eV,22,0.09387894719839096,0.0017805637326091528,0.5921884646337996,0.9725627753114305,0.19599515199661255,0.00020919482631143183,0.0010673469429236056,0.16
1,octanol_hl_gap_eV,23,0.16840718686580658,0.0010285456664860249,0.633030485946126,0.9496735020035754,0.24405379593372345,0.0009392363135702908,0.0038484806596712586,0.3
1,octanol_hl_gap_eV,24,0.005603211931884289,0.00213491078466177,0.6046313385160851,0.9686149305030565,0.3055785596370697,0.0004709543427452445,0.0015411890916188253,0.16
1,octanol_hl_gap_eV,25,0.0765218660235405,0.002952620619907975,0.6230849705924177,0.9507615291793299,0.4373091459274292,0.00238117016851902,0.005445050007973471,0.04
1,octanol_hl_gap_eV,26,0.14441004395484924,0.0013982015661895275,0.6014234466547896,0.974535687693133,0.24623937904834747,0.0005701663321815431,0.002315496141945658,0.18
1,octanol_hl_gap_eV,27,0.15771538019180298,0.001295143854804337,0.6333257366129452,0.9327061295564971,0.2683466076850891,0.003463543253019452,0.012906976104143635,0.1
1,octanol_hl_gap_eV,28,0.02804769203066826,0.0008933473727665842,0.5898709849298986,0.9589511259216266,0.24559754133224487,0.0004935513134114444,0.0020095938694425575,0.14
1,octanol_hl_gap_eV,29,0.10755377262830734,0.001294963643886149,0.5979269410898105,0.9436546358355808,0.2602524161338806,0.0014316884335130453,0.005501153283343765,0.06
1,octanol_hl_gap_eV,30,-0.04847952723503113,0.0020309435203671455,0.5813777799929554,0.9333231193034315,0.13169468939304352,0.0918741226196289,0.697629669374367,0.14
1,octanol_hl_gap_eV,31,0.8494436144828796,0.0023123861756175756,0.6406491494745004,0.9876689335539526,0.2977291941642761,0.04676513001322746,0.1570727054311784,0.6
1,octanol_hl_gap_eV,32,0.22385767102241516,0.0020119722466915846,0.5736580682193377,0.9596161075920044,0.04871096462011337,0.06549330800771713,1.3445290709901918,0.26
1,octanol_hl_gap_eV,33,0.03817762807011604,0.001106874318793416,0.5978242789966464,0.9760579502913926,0.279850572347641,0.00019118825730402023,0.0006831797973474177,0.06
1,octanol_hl_gap_eV,34,0.13220058381557465,0.002386468229815364,0.5842973773038167,0.9630977502023232,0.04464554041624069,0.07203914225101471,1.6135798016862857,0.16
1,octanol_hl_gap_eV,35,0.022062188014388084,0.0019166029524058104,0.6020598250160003,0.9589103832113597,0.2378307282924652,0.0019941094797104597,0.008384574583895918,0.08
1,octanol_hl_gap_eV,36,0.12833820283412933,0.0016849414678290486,0.5904485985192982,0.8943113347664429,0.23827657103538513,0.04022884741425514,0.16883257652839473,0.12
1,octanol_hl_gap_eV,37,0.3284732699394226,0.002210728358477354,0.5783208687321375,0.9878428533504495,0.03157222643494606,0.03569621592760086,1.1306208005682525,0.36
1,octanol_hl_gap_eV,38,0.330528199672699,0.002885721391066909,0.6056502414618969,0.9802897156949335,0.41645362973213196,0.0018785062711685896,0.0045107213313925676,0.36
1,octanol_hl_gap_eV,39,0.11530739068984985,0.0020764190703630447,0.6213143494689883,0.9597844026089617,0.41563838720321655,0.015956956893205643,0.038391441658163945,0.02
1,octanol_hl_gap_eV,40,0.2558286786079407,0.0009886777261272073,0.599930165893386,0.952933405878124,0.2600935995578766,0.016836341470479965,0.06473185614370916,0.26
1,octanol_hl_gap_eV,41,-0.031716663390398026,0.0024223686195909977,0.5902112311931811,0.9769318331712664,0.02863302454352379,0.02784276008605957,0.9724002451692461,0.18
1,octanol_hl_gap_eV,42,0.24885953962802887,0.002456068526953459,0.5845028684857896,0.9762232331195402,0.014217979274690151,0.015066694468259811,1.0596930954232353,0.2
1,octanol_hl_gap_eV,43,0.0279075987637043,0.001383975613862276,0.6232854445880436,0.9584281561046659,0.3482743501663208,0.0002942338469438255,0.0008448335250738738,0.04
1,octanol_hl_gap_eV,44,0.12383142858743668,0.0010451189009472728,0.6706657157697955,0.9341392916251607,0.27775439620018005,0.016485638916492462,0.059353296084685966,0.04
1,octanol_hl_gap_eV,45,0.11920810490846634,0.0028506482485681772,0.5890378482422858,0.9797855432666018,0.25545865297317505,0.008895504288375378,0.034821698873161555,0.22
1,octanol_hl_gap_eV,46,0.23319801688194275,0.0022406999487429857,0.5920538217428806,0.9792267726382775,0.1620287299156189,0.05706218257546425,0.35217323869156425,0.38
1,octanol_hl_gap_eV,47,0.11573019623756409,0.0013407953083515167,0.6164059247090359,0.963422617763946,0.323339581489563,0.0001922638766700402,0.0005946190558678825,0.06
1,octanol_hl_gap_eV,48,0.04536689445376396,0.0017154169036075473,0.6038987227081574,0.9732847560944542,0.3230712413787842,9.851209324551746e-05,0.0003049237463077599,0.22
1,octanol_hl_gap_eV,49,0.03946378454566002,0.001947122043929994,0.5972112804096648,0.9301983657849358,0.3686220049858093,0.0063019185326993465,0.01709588263170005,0.0
1,octanol_hl_gap_eV,50,0.07016967236995697,0.0015655746683478355,0.5897492572811112,0.9819791793638906,0.3136211931705475,0.00012308704026509076,0.0003924704163667789,0.06
1,octanol_hl_gap_eV,51,0.02996424399316311,0.0024422844871878624,0.5919323164270056,0.9534437050196063,0.04523014649748802,0.016914818435907364,0.3739722230801701,0.14
1,octanol_hl_gap_eV,52,0.05136804282665253,0.001750876777805388,0.5908514607395674,0.9755467928511943,0.27978241443634033,0.0001860994816524908,0.0006651578943137419,0.08
1,octanol_hl_gap_eV,53,0.08779389411211014,0.0010743301827460527,0.6017920534149159,0.9646459470573634,0.27535760402679443,0.00036692406865768135,0.0013325365390017586,0.24
1,octanol_hl_gap_eV,54,0.14789536595344543,0.0021719043143093586,0.5657216812171246,0.9170206126436793,0.06301916390657425,0.1066155657172203,1.6917959412358694,0.16
1,octanol_hl_gap_eV,55,0.02803524024784565,0.0024355556815862656,0.5963929004018682,0.969951386935278,0.30621156096458435,0.0009003339800983667,0.0029402351017128875,0.16
1,octanol_hl_gap_eV,56,-0.011501666158437729,0.0011854699114337564,0.6226201100265754,0.961190194354977,0.26534125208854675,0.003553245449438691,0.013391228923020764,0.1
1,octanol_hl_gap_eV,57,0.11421039700508118,0.0016702201683074236,0.6550393333164823,0.9402577312246303,0.37786927819252014,0.012099329382181168,0.032019881161168905,0.16
1,octanol_hl_gap_eV,58,0.09371069818735123,0.0020391216967254877,0.5962116932348469,0.9704059728120813,0.38705429434776306,0.001244819606654346,0.0032161369214415494,0.06
1,octanol_hl_gap_eV,59,0.17380723357200623,0.0015052238013595343,0.6040848786941073,0.9840315615855746,0.2462156116962433,0.02124824747443199,0.08629935091462031,0.08
1,octanol_hl_gap_eV,60,0.02913581021130085,0.0017085877479985356,0.6156246441904225,0.9493852081190288,0.34665194153785706,0.004064911976456642,0.011726205710613977,0.08
1,octanol_hl_gap_eV,61,0.03880438208580017,0.0015276017365977168,0.6001821408407058,0.9706229740161352,0.26064568758010864,0.00028665264835581183,0.0010997789797220798,0.14
1,octanol_hl_gap_eV,62,0.06333576887845993,0.0014411414740607142,0.6186813849504933,0.9654795426925957,0.2610870897769928,0.000867167254909873,0.003321371637527397,0.12
1,octanol_hl_gap_eV,63,-0.03190365061163902,0.002195345936343074,0.595401381621993,0.9423027332338012,0.216065913438797,0.07288991659879684,0.3373503734981487,0.14
1,octanol_hl_gap_eV,64,0.045966412872076035,0.0013470377307385206,0.6109344653675046,0.9227914641157575,0.3330734372138977,0.008739841170608997,0.026239982520720573,0.16
1,octanol_hl_gap_eV,65,0.02056899480521679,0.002384194638580084,0.6062527087587053,0.9479072274631601,0.3464551568031311,0.00042472753557376564,0.001225923549508925,0.12
1,octanol_hl_gap_eV,66,0.015737351030111313,0.0009525447967462242,0.6296111381948701,0.9687061049644392,0.2894139885902405,0.0008441234822385013,0.0029166644167764547,0.08
1,octanol_hl_gap_eV,67,0.44119879603385925,0.00450731860473752,0.5898237604453245,0.9845941361829993,0.4796680808067322,0.00229287869296968,0.0047801360664094855,0.36
1,octanol_hl_gap_eV,68,0.15193723142147064,0.001217664685100317,0.6355609979618311,0.9366401752554627,0.3167925179004669,0.022040782496333122,0.06957482027166474,0.08
1,octanol_hl_gap_eV,69,0.09763035923242569,0.0012967862421646714,0.5973067360878939,0.919821039833282,0.3490082025527954,0.0016048188554123044,0.004598226757061789,0.1
1,octanol_hl_gap_eV,70,-0.03289995715022087,0.0025025459472090006,0.587305765668964,0.9265834952242624,0.10646623373031616,0.08535308390855789,0.801691587257244,0.24
1,octanol_hl_gap_eV,71,0.18675802648067474,0.0018930942751467228,0.6805865822590413,0.9718047724476773,0.3056176006793976,0.007116428576409817,0.02328540162801413,0.22
1,octanol_hl_gap_eV,72,0.14218810200691223,0.005281641613692045,0.5801329840805796,0.9766755183005833,0.679044246673584,0.0020310478284955025,0.0029910390058452635,0.14
1,octanol_hl_gap_eV,73,0.0681430920958519,0.0009056073613464832,0.628359625569872,0.9490248273100497,0.24943308532238007,0.0016835330752655864,0.006749437722304169,0.14
1,octanol_hl_gap_eV,74,0.16248422861099243,0.002058702055364847,0.6073868826608564,0.9688410702240675,0.26914381980895996,0.006729458924382925,0.025003208058648863,0.14
1,octanol_hl_gap_eV,75,0.02643575891852379,0.0034892947878688574,0.6233039434181495,0.9761832287879497,0.404229998588562,0.010330134071409702,0.025555090189939213,0.2
1,octanol_hl_gap_eV,76,0.007777275517582893,0.0019189295126125216,0.6068456853020681,0.966307390126955,0.3251091241836548,0.0007607506704516709,0.0023399856044086947,0.08
1,octanol_hl_gap_eV,77,0.1465216428041458,0.001420872868038714,0.6052050657855617,0.9404439018308584,0.2560630738735199,0.013388622552156448,0.05228642439389617,0.02
1,octanol_hl_gap_eV,78,-0.00889824703335762,0.002131277695298195,0.6522134657475058,0.9505317997108185,0.30279701948165894,0.003770406125113368,0.012451926150289434,0.14
1,octanol_hl_gap_eV,79,0.00848513562232256,0.0015086258063092828,0.5895899939787392,0.975076731598908,0.25259897112846375,0.00024853841750882566,0.0009839249004004334,0.16
1,octanol_hl_gap_eV,80,0.018624406307935715,0.0014079895336180925,0.6471586406068495,0.9558653004237547,0.3325044810771942,0.005889739841222763,0.01771326456155459,0.14
1,octanol_hl_gap_eV,81,0.02727866731584072,0.0012601964408531785,0.6149979455246501,0.9823054496237216,0.26978734135627747,0.0001954853505594656,0.0007245905222117531,0.08
1,octanol_hl_gap_eV,82,-0.1051684096455574,0.0024811590556055307,0.5843780961074696,0.9479706495553843,0.09537678956985474,0.07351541519165039,0.7707893662934324,0.22
1,octanol_hl_gap_eV,83,0.2186831533908844,0.001574956113472581,0.5793895130666913,0.978663878232505,0.1745072603225708,0.02661222405731678,0.15249923704105478,0.24
1,octanol_hl_gap_eV,84,0.14033283293247223,0.002336706267669797,0.5812298404711418,0.9929072513013018,0.01776641421020031,0.033639851957559586,1.8934519683913362,0.18
1,octanol_hl_gap_eV,85,0.007209916599094868,0.0025443690828979015,0.609418325798835,0.9569205362213484,0.3317684829235077,0.003107125172391534,0.009365341593064796,0.34
1,octanol_hl_gap_eV,86,0.18353328108787537,0.0018567710649222136,0.5784812701099193,0.9786496681251666,0.17991767823696136,0.006371890194714069,0.03541558704599302,0.18
1,octanol_hl_gap_eV,87,0.4333347976207733,0.002067793160676956,0.5907537489776422,0.9490957409499292,0.2596958875656128,0.14174972474575043,0.5458296859242218,0.38
1,octanol_hl_gap_eV,88,0.15964411199092865,0.0014229238731786609,0.5975438226532297,0.9330962156518849,0.26982468366622925,0.033546991646289825,0.12432884638451817,0.14
1,octanol_hl_gap_eV,89,0.022090595215559006,0.002468839753419161,0.6043810462390717,0.9710149776660753,0.38129910826683044,0.008801797404885292,0.023083708338299747,0.26
1,octanol_hl_gap_eV,90,0.2879280745983124,0.002434096299111843,0.5878432331874774,0.9814066084618243,0.1270882934331894,0.006752869114279747,0.05313525685062209,0.36
1,octanol_hl_gap_eV,91,0.2829492688179016,0.001763216801919043,0.5990331352796561,0.9802235104983172,0.20258133113384247,0.002008843468502164,0.009916231951180887,0.22
1,octanol_hl_gap_eV,92,0.26509803533554077,0.001194134820252657,0.5868045404817683,0.9698933504056377,0.30251559615135193,0.0006310406024567783,0.002085977088404598,0.16
1,octanol_hl_gap_eV,93,0.09733245521783829,0.0015884700696915388,0.6241759682274928,0.9720920713796717,0.34542208909988403,0.00014484765415545553,0.0004193352386146059,0.02
1,octanol_hl_gap_eV,94,0.07922553271055222,0.002586046000942588,0.5679211250843912,0.976321069322128,0.35556474328041077,0.0020423145033419132,0.005743861116542909,0.12
1,octanol_hl_gap_eV,95,0.10266817361116409,0.0018566789804026484,0.5824156443768673,0.9364864586912238,0.3672560155391693,0.016343949362635612,0.04450287720581248,0.26
1,octanol_hl_gap_eV,96,0.09282536059617996,0.0010557110654190183,0.6114342915012303,0.9354452606771251,0.24926891922950745,0.000854995334520936,0.0034300118007641487,0.14
1,octanol_hl_gap_eV,97,0.07587579637765884,0.0022566078696399927,0.6174918974227401,0.9710137754316341,0.38098347187042236,0.00013101140211801976,0.0003438768655102668,0.2
1,octanol_hl_gap_eV,98,0.09737895429134369,0.0021701741497963667,0.571966295716478,0.9286359343897064,0.02049044705927372,0.1535501778125763,7.493744639557847,0.06
1,octanol_hl_gap_eV,99,0.06685149669647217,0.0016340706497430801,0.5702866908080078,0.9631082888351012,0.17475681006908417,0.013252572156488895,0.07583436749188739,0.12
1,octanol_hl_gap_eV,100,0.24140165746212006,0.002157864859327674,0.5657859336571918,0.9667200653130306,0.064949169754982,0.06044621020555496,0.9306694825135678,0.14
1,octanol_hl_gap_eV,101,0.19231383502483368,0.0014896852662786841,0.5979678905719406,0.9254008500446151,0.2361954301595688,0.03930249065160751,0.1663981840167507,0.16
1,octanol_hl_gap_eV,102,0.05433833599090576,0.0014488010201603174,0.6580386926929656,0.9542138370316777,0.29932430386543274,0.005685328505933285,0.018993875313543664,0.12
1,octanol_hl_gap_eV,103,0.03953630477190018,0.0030840160325169563,0.6190382379248922,0.9775920547724717,0.44490325450897217,0.0030579818412661552,0.006873363613941571,0.3
1,octanol_hl_gap_eV,104,0.07096289098262787,0.001684808055870235,0.5787458836128772,0.9502945683575261,0.2533421516418457,0.0031153021845966578,0.01229681742421141,0.14
1,octanol_hl_gap_eV,105,0.025624170899391174,0.002002408029511571,0.5842158492050575,0.954665475075265,0.18596605956554413,0.011632252484560013,0.06255040576616724,0.16
1,octanol_hl_gap_eV,106,0.007361631840467453,0.0015834320802241564,0.6009200032398996,0.9627388425704189,0.24154770374298096,0.0014989052433520555,0.006205421207178881,0.12
1,octanol_hl_gap_eV,107,0.7670459747314453,0.0017439901130273938,0.6785788537199344,0.9856994286728822,0.33068782091140747,0.0006837210385128856,0.0020675724815884798,0.5
1,octanol_hl_gap_eV,108,0.06186628341674805,0.001966215204447508,0.6201102502666469,0.9546677325679191,0.26694977283477783,0.0005078797694295645,0.001902529318666641,0.18
1,octanol_hl_gap_eV,109,0.17871081829071045,0.002223679330199957,0.5642733857535291,0.9288175418390994,0.018953844904899597,0.11972445994615555,6.316631825725587,0.12
1,octanol_hl_gap_eV,110,0.04954260587692261,0.0026358061004430056,0.62660534455514,0.9751922601177858,0.47010841965675354,0.0005186710623092949,0.0011033009421273481,0.08
1,octanol_hl_gap_eV,111,0.0760480985045433,0.0023928650189191103,0.587848567049226,0.9785363093299386,0.16446231305599213,0.01948888786137104,0.1185006309301751,0.32
1,octanol_hl_gap_eV,112,0.1244589164853096,0.0016707691829651594,0.590312600250378,0.974514339919442,0.21276797354221344,0.006227286998182535,0.029267971558449953,0.18
1,octanol_hl_gap_eV,113,0.08656467497348785,0.001943359267897904,0.6311105764639762,0.9789957040321957,0.2234497219324112,0.0005107508623041213,0.0022857529554617777,0.06
1,octanol_hl_gap_eV,114,0.2628801763057709,0.0031206298153847456,0.6130996841280714,0.9688806413808937,0.4337283968925476,0.0005957185057923198,0.0013734828294858078,0.38
1,octanol_hl_gap_eV,115,0.09179653972387314,0.003043161937966943,0.6031798735976213,0.9664621792027215,0.24243320524692535,0.0007230619085021317,0.0029825201039010802,0.12
1,octanol_hl_gap_eV,116,0.07725147157907486,0.0010470807319507003,0.6103971258655676,0.9592858760998488,0.22309322655200958,0.0016861759359017015,0.007558167327454042,0.16
1,octanol_hl_gap_eV,117,0.07404755800962448,0.0022640125826001167,0.5831676035756259,0.9849235526041467,0.0839056447148323,0.04707088693976402,0.5609978577691941,0.1
1,octanol_hl_gap_eV,118,0.008495011366903782,0.0014349989360198379,0.6104747588706025,0.9490278122789899,0.25107771158218384,0.004365161061286926,0.017385697176302735,0.14
1,octanol_hl_gap_eV,119,0.02808421291410923,0.0021362146362662315,0.5969268622017017,0.9788559734237439,0.3010196387767792,0.00011920871475012973,0.0003960164035627218,0.18
1,octanol_hl_gap_eV,120,0.07270445674657822,0.0019241670379415154,0.5991654518970642,0.9360802311097545,0.2273578643798828,0.014934271574020386,0.06568618866452462,0.1
1,octanol_hl_gap_eV,121,0.44180306792259216,0.0023097144439816475,0.6018658824876468,0.9951658677678838,0.049251481890678406,0.021148059517145157,0.4293893037388536,0.56
1,octanol_hl_gap_eV,122,0.15170420706272125,0.0013190883910283446,0.6348495078631311,0.9798327490768204,0.28449442982673645,0.001421954482793808,0.004998180399032102,0.12
1,octanol_hl_gap_eV,123,0.05827018991112709,0.002548755845054984,0.5944355257084717,0.9794898817719471,0.29470130801200867,0.0002637102734297514,0.0008948391685421551,0.14
1,octanol_hl_gap_eV,124,0.014432805590331554,0.002067065332084894,0.5567755303952429,0.9551409319431197,0.33202704787254333,0.006890281103551388,0.020752168076970615,0.06
1,octanol_hl_gap_eV,125,0.057010192424058914,0.0025632076431065798,0.5747376001274649,0.9657699982442192,0.29900839924812317,0.0013030925765633583,0.004358046729924887,0.16
1,octanol_hl_gap_eV,126,0.2176055759191513,0.0012140285689383745,0.6249915728000133,0.9589776671024204,0.2852120101451874,0.011776931583881378,0.04129185014995099,0.06
1,octanol_hl_gap_eV,127,0.24312296509742737,0.001813599606975913,0.5872196018092837,0.981416633211452,0.1777874231338501,0.0005358662456274033,0.00301408410213566,0.26
1,octanol_hl_gap_eV,128,0.16213327646255493,0.002368756104260683,0.5887687789530016,0.9890054433859987,0.05368350073695183,0.036622267216444016,0.682188506965901,0.24
1,octanol_hl_gap_eV,129,0.023712683469057083,0.001435465645045042,0.634648698761652,0.9517328220581514,0.3171846866607666,0.0001430004631401971,0.00045084289738469646,0.26
1,octanol_hl_gap_eV,130,0.06771468371152878,0.002262330846861005,0.61771381180585,0.9157868281422263,0.27344533801078796,0.024497872218489647,0.08958965033634311,0.1
1,octanol_hl_gap_eV,131,0.2691594064235687,0.001563599449582398,0.5908691842934228,0.9820960566108761,0.1888950616121292,0.0009983140043914318,0.0052850190781659305,0.28
1,octanol_hl_gap_eV,132,0.0014394583413377404,0.0016015752917155623,0.592903950355476,0.9477583780116232,0.257820725440979,0.0006655700854025781,0.002581522816927075,0.2
1,octanol_hl_gap_eV,133,0.15624165534973145,0.00219853688031435,0.611411400406763,0.9758637760641147,0.09312203526496887,0.06836394220590591,0.7341328184181496,0.2
1,octanol_hl_gap_eV,134,-0.009910941123962402,0.0017048106528818607,0.6728152740392879,0.9681528484316206,0.2763725221157074,0.0038453536108136177,0.013913661102689883,0.06
1,octanol_hl_gap_eV,135,0.020891288295388222,0.000974586873780936,0.6260653524165676,0.9414098020133355,0.26629042625427246,0.0006297797663137317,0.002365010921242713,0.12
1,octanol_hl_gap_eV,136,0.10034365206956863,0.0015232634032145143,0.618593146467975,0.9319564697618037,0.23888227343559265,0.02166922204196453,0.09071088335822866,0.02
1,octanol_hl_gap_eV,137,0.010161856189370155,0.0021089469082653522,0.636533811736756,0.9792179288921614,0.2745669186115265,0.005204204935580492,0.018954231492628246,0.1
1,octanol_hl_gap_eV,138,0.1081695556640625,0.001418776111677289,0.6179755978784232,0.944273292295918,0.303833931684494,0.010581480339169502,0.034826526058180624,0.1
1,octanol_hl_gap_eV,139,0.3480241894721985,0.002362585160881281,0.5784285965311919,0.9897026903600332,0.007001119665801525,0.049821097403764725,7.116161383032287,0.2
1,octanol_hl_gap_eV,140,0.05900676175951958,0.0012102804612368345,0.6524591471700212,0.9570361265752021,0.27705127000808716,0.003649032674729824,0.01317096534018165,0.16
1,octanol_hl_gap_eV,141,0.07162435352802277,0.002717468189075589,0.6292384291049118,0.9627392057185165,0.26683810353279114,0.023495521396398544,0.08805159789899059,0.2
1,octanol_hl_gap_eV,142,0.011038114316761494,0.0013356787385419011,0.5754242954933155,0.9330893566539933,0.31220191717147827,0.004848808981478214,0.015531003221914825,0.06
1,octanol_hl_gap_eV,143,0.08298701792955399,0.002309433650225401,0.5711285217785897,0.9456981111211704,0.29116714000701904,0.0007208615425042808,0.002475765440038678,0.04
1,octanol_hl_gap_eV,144,0.23943990468978882,0.0016040618065744638,0.6192932464842942,0.9409963671451136,0.300682932138443,0.02534383162856102,0.08428756314273268,0.06
1,octanol_hl_gap_eV,145,0.05547803267836571,0.0021932038944214582,0.6019781727032887,0.9371278288346248,0.30159828066825867,0.0061776889488101006,0.020483170312251265,0.08
1,octanol_hl_gap_eV,146,0.18896281719207764,0.0030894693918526173,0.6139450890901705,0.9481031177099153,0.4526749849319458,0.048857513815164566,0.10793066867282207,0.1
1,octanol_hl_gap_eV,147,0.053671322762966156,0.0015437168767675757,0.5912334387529734,0.9671750480273733,0.20547379553318024,0.013500656932592392,0.065705005825973,0.22
1,octanol_hl_gap_eV,148,0.05514735355973244,0.0016653891652822495,0.5953569843814728,0.9431337094263585,0.2560473680496216,0.00045741137000732124,0.0017864326178844987,0.18
1,octanol_hl_gap_eV,149,0.12265802174806595,0.0024122954346239567,0.5828661198015641,0.9719970788508014,0.05305687338113785,0.05975884944200516,1.1263168301065007,0.2
1,octanol_hl_gap_eV,150,0.06479480117559433,0.0013932478614151478,0.5902575143111732,0.9686816664450835,0.293809175491333,0.0012562405318021774,0.00427570217880835,0.16
1,octanol_hl_gap_eV,151,0.012930975295603275,0.0016330535290762782,0.600033041712599,0.9722983743138802,0.27727288007736206,0.0001451617426937446,0.0005235338654586159,0.14
1,octanol_hl_gap_eV,152,0.12882909178733826,0.006095273420214653,0.553832171666111,0.9709215972299539,0.7973758578300476,0.0009994384599849582,0.0012534094808247607,0.18
1,octanol_hl_gap_eV,153,0.021663010120391846,0.0012824400328099728,0.5937252074450834,0.9515329477450143,0.2723696529865265,0.0016069489065557718,0.005899882343482899,0.16
1,octanol_hl_gap_eV,154,0.11151005327701569,0.002160239964723587,0.5932372841552649,0.9325652792752275,0.2687217891216278,0.08706369251012802,0.32399193528263387,0.18
1,octanol_hl_gap_eV,155,0.30231794714927673,0.0022447449155151844,0.5806468075340903,0.928287896628907,0.07133424282073975,0.13634683191776276,1.911379816007821,0.26
1,octanol_hl_gap_eV,156,0.06353350728750229,0.0015468945493921638,0.6182348700169349,0.9828511308294139,0.29534396529197693,0.0004230450140312314,0.001432380761912671,0.12
1,octanol_hl_gap_eV,157,-0.06333661824464798,0.00337810511700809,0.5847494403008395,0.9434521366565836,0.3451330065727234,0.0032383908983319998,0.009383022882946533,0.14
1,octanol_hl_gap_eV,158,0.20803731679916382,0.0021429520566016436,0.6219867768320988,0.9717568709616662,0.18442803621292114,0.05190341919660568,0.28142911599776227,0.14
1,octanol_hl_gap_eV,159,0.2882640063762665,0.0018196860328316689,0.5903231847434216,0.9668929224824949,0.2499713897705078,0.045325905084609985,0.18132437126593773,0.34
1,octanol_hl_gap_eV,160,0.13493718206882477,0.001337012741714716,0.6040133880766727,0.9668806468797229,0.3556215465068817,0.001488978392444551,0.0041869746281409225,0.1
1,octanol_hl_gap_eV,161,0.09937688708305359,0.0015743214171379805,0.5938723905875629,0.9590366251203721,0.24983040988445282,0.0003396905667614192,0.0013596846233351933,0.2
1,octanol_hl_gap_eV,162,-0.0251460000872612,0.0017593364464119077,0.5853082586259468,0.9767058140460192,0.21422000229358673,0.014836518093943596,0.0692583229161312,0.18
1,octanol_hl_gap_eV,163,0.054391901940107346,0.0008638186263851821,0.6028168898263098,0.930338305481339,0.2640191912651062,0.0029285941272974014,0.011092353223507719,0.08
1,octanol_hl_gap_eV,164,0.2699121832847595,0.00160023698117584,0.5903592619295104,0.9189475462108669,0.22450648248195648,0.001472531002946198,0.006558968750777808,0.16
1,octanol_hl_gap_eV,165,0.04002737998962402,0.0015185234369710088,0.600565990503098,0.9469127308300334,0.263551265001297,0.0017044877167791128,0.006467385830118192,0.1
1,octanol_hl_gap_eV,166,0.3960084915161133,0.001600921736098826,0.603351632640845,0.9838210689486298,0.2516802251338959,0.06665527075529099,0.26484111224801177,0.28
1,octanol_hl_gap_eV,167,0.11220869421958923,0.0009627108229324222,0.6081130697830184,0.9741620476352271,0.2907997667789459,0.0006859570275992155,0.0023588637473724383,0.16
1,octanol_hl_gap_eV,168,0.06818636506795883,0.0008836397319100797,0.6154284473344223,0.9541338138567297,0.2759256064891815,0.0003007007180713117,0.0010897890989436008,0.12
1,octanol_hl_gap_eV,169,0.2296857386827469,0.0012685625115409493,0.6239427311632528,0.9481711472070036,0.26167258620262146,0.000541666173376143,0.002070014980310981,0.18
1,octanol_hl_gap_eV,170,0.034076835960149765,0.00230785203166306,0.582605482787659,0.974193543896005,0.2949233949184418,0.00017586768080946058,0.0005963164802781926,0.14
1,octanol_hl_gap_eV,171,0.24356086552143097,0.0022537054028362036,0.585443640018813,0.9665785708123713,0.10509906709194183,0.04494442790746689,0.42763869510039515,0.4
1,octanol_hl_gap_eV,172,-0.039011236280202866,0.002451336244121194,0.5860019919753503,0.9689581894895105,0.07408393919467926,0.020595477893948555,0.27800192751396957,0.18
1,octanol_hl_gap_eV,173,0.05573587864637375,0.00305918138474226,0.558435669050027,0.9659365022257509,0.4883134961128235,0.0009191555436700583,0.0018823062458582752,0.2
1,octanol_hl_gap_eV,174,0.19657288491725922,0.0022900623735040426,0.6404963094584917,0.9603662447218846,0.40541139245033264,0.03972874581813812,0.09799612580696121,0.06
1,octanol_hl_gap_eV,175,0.10857521742582321,0.004738567862659693,0.5627710489227888,0.9621949029112875,0.6515452265739441,0.0010073988232761621,0.0015461686805280158,0.16
1,octanol_hl_gap_eV,176,0.05696089193224907,0.002337913727387786,0.5840839774437114,0.9707528756546218,0.01800876297056675,0.07930488884449005,4.4036833054055275,0.24
1,octanol_hl_gap_eV,177,0.03880777955055237,0.0021474952809512615,0.5869946701610971,0.9753180051225752,0.3935723602771759,0.0010804254561662674,0.002745176148562289,0.06
1,octanol_hl_gap_eV,178,0.11647557467222214,0.0012629968114197254,0.6014857938936016,0.9791116310143169,0.31144556403160095,0.0005822516977787018,0.0018695135363033244,0.18
1,octanol_hl_gap_eV,179,0.11294940114021301,0.002151031279936433,0.6227682686356697,0.9583764956943923,0.40652036666870117,0.0036678954493254423,0.009022660978544868,0.06
1,octanol_hl_gap_eV,180,0.021935107186436653,0.0008491239859722555,0.5932614784653834,0.973649880740048,0.27486440539360046,0.0014935591025277972,0.005433803261608391,0.08
1,octanol_hl_gap_eV,181,0.08857578784227371,0.0024503825698047876,0.6133372400495822,0.9639761359335066,0.21410031616687775,0.010372143238782883,0.04844524951891453,0.06
1,octanol_hl_gap_eV,182,0.04459767043590546,0.001811145688407123,0.6267096420616529,0.9602591297787606,0.3097575902938843,0.003254093462601304,0.010505290474121923,0.16
1,octanol_hl_gap_eV,183,0.046645231544971466,0.002040721708908677,0.6023977512445895,0.9780596010582667,0.39274993538856506,0.002745511243119836,0.00699048171810284,0.04
1,octanol_hl_gap_eV,184,0.030369101092219353,0.0015964412596076727,0.5874672046976896,0.9446640207334789,0.31104859709739685,0.0032336281146854162,0.010395893583383978,0.12
1,octanol_hl_gap_eV,185,0.0350181981921196,0.003629964077845216,0.6165536848098381,0.968389635756405,0.442833811044693,0.007905827835202217,0.017852809875902455,0.1
1,octanol_hl_gap_eV,186,0.2043554186820984,0.002290021628141403,0.594957604773479,0.9821418920760518,0.37801122665405273,0.010397891514003277,0.027506832551085023,0.24
1,octanol_hl_gap_eV,187,0.16047219932079315,0.0010598355438560247,0.6245145727543482,0.9278825839469111,0.28115612268447876,0.014288758859038353,0.05082143942877458,0.16
1,octanol_hl_gap_eV,188,0.012196540832519531,0.0023070599418133497,0.577443709479007,0.9410972169678511,0.1517631858587265,0.07830251753330231,0.5159519885553315,0.14
1,octanol_hl_gap_eV,189,0.04666709899902344,0.0010847954545170069,0.6087507582863847,0.9604315516952855,0.2450934499502182,0.00013345040497370064,0.000544487847393744,0.1
1,octanol_hl_gap_eV,190,0.03727080300450325,0.002487237798050046,0.638109477428356,0.9483663171624708,0.4218902885913849,0.0011493135243654251,0.0027242000004379678,0.04
1,octanol_hl_gap_eV,191,0.2131197154521942,0.004435383249074221,0.6956414661996979,0.9831554188262781,0.6922478079795837,0.00534766586497426,0.007725074465142947,0.22
1,octanol_hl_gap_eV,192,-0.2386905997991562,0.0023253802210092545,0.5699065624468584,0.923691304947738,0.21288347244262695,0.052539754658937454,0.2468005339075684,0.22
1,octanol_hl_gap_eV,193,0.04378102347254753,0.0014728785026818514,0.594611606616327,0.9527714997161045,0.24023614823818207,0.0012803093995898962,0.005329378650878692,0.2
1,octanol_hl_gap_eV,194,0.029986439272761345,0.0012471976224333048,0.5959231635049671,0.9733964381057136,0.25695449113845825,0.001393886748701334,0.0054246444283795265,0.06
1,octanol_hl_gap_eV,195,0.18115825951099396,0.002451359061524272,0.5755580165642187,0.9374909256725241,0.31128403544425964,0.018227938562631607,0.05855725474843894,0.14
1,octanol_hl_gap_eV,196,0.0168799739331007,0.0021890434436500072,0.6149655664624127,0.9750877678502679,0.2532181143760681,0.0006638200720772147,0.0026215346943597373,0.16
1,octanol_hl_gap_eV,197,0.018440648913383484,0.0017939128447324038,0.6013495171332957,0.957877003787829,0.2890157401561737,0.001773547613993287,0.006136508734904631,0.24
1,octanol_hl_gap_eV,198,-0.17817682027816772,0.0022592484019696712,0.5738333122639847,0.9792203332632028,0.03219972923398018,0.09215497970581055,2.861979957538275,0.26
1,octanol_hl_gap_eV,199,0.1081051379442215,0.00506868539378047,0.5646007468196845,0.9826852154034622,0.6549417972564697,0.002485080389305949,0.003794353024521983,0.14
1,octanol_hl_gap_eV,200,0.0030592598486691713,0.0021232536528259516,0.6032175225241405,0.9784388575877081,0.14310874044895172,5.567262996919453e-05,0.0003890232685616676,0.18
1,octanol_hl_gap_eV,201,0.01499831210821867,0.0031925819348543882,0.579238217566926,0.9648575133839639,0.23979835212230682,0.005307500250637531,0.02213318066477159,0.12
1,octanol_hl_gap_eV,202,0.07025401294231415,0.002833422040566802,0.5764173699775184,0.9740064349438236,0.40579989552497864,0.0011993366060778499,0.0029554877152599608,0.02
1,octanol_hl_gap_eV,203,-0.05691510811448097,0.0017184866592288017,0.5924569350282476,0.9706727732314344,0.22765839099884033,0.0062756724655628204,0.02756618123333213,0.12
1,octanol_hl_gap_eV,204,-0.013681355863809586,0.0022591499146074057,0.5845325184251287,0.9656724350335328,0.12577767670154572,0.043178047984838486,0.34328864324067976,0.12
1,octanol_hl_gap_eV,205,0.1342485547065735,0.003210801864042878,0.6898950532844894,0.9825493712908924,0.5645055174827576,0.0014302877243608236,0.002533700167783587,0.12
1,octanol_hl_gap_eV,206,0.040237341076135635,0.0009018770651891828,0.6258239655071511,0.95978632141639,0.2755390703678131,0.0003713566984515637,0.0013477460672123378,0.26
1,octanol_hl_gap_eV,207,0.09078305959701538,0.0012278029462322593,0.5736879183021277,0.971248029809763,0.18452544510364532,0.03449935466051102,0.18696258741515687,0.14
1,octanol_hl_gap_eV,208,0.03591640666127205,0.0021974395494908094,0.5963462296511577,0.935796982499445,0.28349781036376953,0.0015385901788249612,0.00542716776842376,0.2
1,octanol_hl_gap_eV,209,0.01255676057189703,0.0012619348708540201,0.5814296609072369,0.9716396516225034,0.24302159249782562,0.00014430834562517703,0.0005938087399639939,0.16
1,octanol_hl_gap_eV,210,0.12017195671796799,0.0031944885849952698,0.577077325161329,0.9617032021086811,0.3236792981624603,0.0003956880245823413,0.0012224693603473478,0.04
1,octanol_hl_gap_eV,211,0.02422245219349861,0.002182423835620284,0.6203336099444976,0.9663439851077524,0.393282413482666,0.00031573479645885527,0.00080281951502205,0.08
1,octanol_hl_gap_eV,212,0.1314643919467926,0.000912313989829272,0.6243997964802592,0.9679987990668812,0.28974661231040955,0.0002545095339883119,0.0008783865735612201,0.12
1,octanol_hl_gap_eV,213,0.1162867546081543,0.0016386192291975021,0.596046232701821,0.9045745869257964,0.3009573221206665,0.02078935317695141,0.06907741280544781,0.14
1,octanol_hl_gap_eV,214,-0.016152329742908478,0.0024463431909680367,0.5949833138269449,0.9748313581313388,0.29552343487739563,0.006257312372326851,0.021173658782501745,0.12
1,octanol_hl_gap_eV,215,0.3609986901283264,0.0024050124920904636,0.5845034249597707,0.9895509809852894,0.4067297875881195,0.0011150153586640954,0.0027414155360394477,0.26
1,octanol_hl_gap_eV,216,0.2892998158931732,0.0013050722191110253,0.6347203671582855,0.9176851410482578,0.2997421622276306,0.038857173174619675,0.12963532686172693,0.1
1,octanol_hl_gap_eV,217,0.10008776932954788,0.001575506990775466,0.5844302735354732,0.9725704753702704,0.2414395958185196,0.0002306502137798816,0.0009553122924926202,0.1
1,octanol_hl_gap_eV,218,0.007308454718440771,0.001981396460905671,0.6284365893428032,0.9804150753875118,0.28352034091949463,0.00021756395290140063,0.0007673662926469806,0.18
1,octanol_hl_gap_eV,219,0.022121362388134003,0.0009786876616999507,0.5932769761145755,0.9790646738564641,0.21756668388843536,0.00015021201397757977,0.0006904182721955998,0.12
1,octanol_hl_gap_eV,220,-0.009425466880202293,0.0018604813376441598,0.5866408200738404,0.95900442974304,0.22766011953353882,0.0023466027341783047,0.010307482658738584,0.18
1,octanol_hl_gap_eV,221,0.0025203481782227755,0.0015641957288607955,0.6083818424329528,0.9787663178743575,0.25546830892562866,0.004100531805306673,0.016051039060584263,0.14
1,octanol_hl_gap_eV,222,0.08679154515266418,0.0022279892582446337,0.625882272947762,0.9798781111274819,0.31157341599464417,0.0070316968485713005,0.022568346616234334,0.14
1,octanol_hl_gap_eV,223,0.07952306419610977,0.0013248847099021077,0.5951948497866688,0.9787965735760638,0.2682657539844513,5.8003515732707456e-05,0.00021621662426606024,0.18
1,octanol_hl_gap_eV,224,0.2852835953235626,0.0013099226634949446,0.6209539375610853,0.9466970786625362,0.25976094603538513,0.03633585944771767,0.13988191836492592,0.22
1,octanol_hl_gap_eV,225,0.03586399927735329,0.0009750790195539594,0.6236437880347212,0.9322715272456554,0.27841347455978394,0.001774424104951322,0.006373341332552131,0.12
1,octanol_hl_gap_eV,226,0.11083436012268066,0.002035814570263028,0.5763518955010813,0.95494986644165,0.3052462339401245,0.029882898554205894,0.09789768138488342,0.16
1,octanol_hl_gap_eV,227,0.13062143325805664,0.0017926457803696394,0.6022297861375137,0.957060659724595,0.24500983953475952,0.005084131844341755,0.02075072517085776,0.08
1,octanol_hl_gap_eV,228,-0.0054288082756102085,0.0016139220679178834,0.5890936742359021,0.922110512804162,0.25576674938201904,0.014856697991490364,0.05808690155146032,0.14
1,octanol_hl_gap_eV,229,0.03775019571185112,0.0015770284226164222,0.5923029572366145,0.972952071413073,0.25459396839141846,0.0021724363323301077,0.008532945010661664,0.04
1,octanol_hl_gap_eV,230,0.09032844007015228,0.002906407229602337,0.5940134682657212,0.9545740177854838,0.3492284119129181,0.006974053103476763,0.019969890379983684,0.18
1,octanol_hl_gap_eV,231,0.035322386771440506,0.0026583608705550432,0.5874762087645775,0.9564614166396921,0.31825220584869385,0.0005510771297849715,0.001731573637692143,0.08
1,octanol_hl_gap_eV,232,-0.12109611928462982,0.002546450821682811,0.5817317486605844,0.9616854148309917,0.01151088997721672,0.019828548654913902,1.722590407358611,0.12
1,octanol_hl_gap_eV,233,0.04773277789354324,0.002425938146188855,0.5657066991796564,0.9710251123937417,0.3162379562854767,0.0010635687503963709,0.0033631913224112103,0.1
1,octanol_hl_gap_eV,234,0.2747296988964081,0.003205429296940565,0.6696307271618709,0.9290755162737079,0.6065157055854797,0.10594234615564346,0.17467370618766673,0.18
1,octanol_hl_gap_eV,235,0.03751689940690994,0.0013492295984178782,0.6241231274437007,0.9621008997278804,0.2534770667552948,0.010847766883671284,0.042795851405932714,0.12
1,octanol_hl_gap_eV,236,0.22339235246181488,0.0019201773684471846,0.6064432408420017,0.9809069383526103,0.2884082496166229,0.0016198408557102084,0.005616485859414356,0.2
1,octanol_hl_gap_eV,237,0.19569866359233856,0.002506585791707039,0.5899582183389118,0.9592289390037361,0.03164530545473099,0.02507943846285343,0.7925168710641737,0.16
1,octanol_hl_gap_eV,238,0.16113322973251343,0.0010361799504607916,0.5811700363170682,0.9440120069876583,0.27820253372192383,0.0024857637472450733,0.008935086657872454,0.1
1,octanol_hl_gap_eV,239,0.11077000945806503,0.0031682357657700777,0.6389231591916686,0.9399690256242661,0.5689963698387146,0.004120432771742344,0.007241580070028048,0.16
1,octanol_hl_gap_eV,240,0.0907522439956665,0.0028016474097967148,0.6386910060855582,0.9568505443605142,0.4644409418106079,0.004824535921216011,0.010387835108609751,0.08
1,octanol_hl_gap_eV,241,0.052003685384988785,0.002408368280157447,0.5797252299554434,0.930089616561167,0.0883767306804657,0.14225952327251434,1.6096943412272955,0.16
1,octanol_hl_gap_eV,242,0.14025627076625824,0.001970668788999319,0.6110648883073406,0.9866632804322779,0.31498992443084717,0.001274781534448266,0.004047054955016923,0.04
1,octanol_hl_gap_eV,243,0.35724660754203796,0.0020526342559605837,0.5788526328143113,0.9021089455520523,0.039117660373449326,0.15675769746303558,4.007338270400065,0.22
1,octanol_hl_gap_eV,244,0.0011247344082221389,0.002048055874183774,0.6253473756450896,0.9728218511024969,0.24146054685115814,0.0012330033350735903,0.0051064380958005615,0.14
1,octanol_hl_gap_eV,245,0.20229248702526093,0.0022142231464385986,0.5771940832734501,0.924097766694119,0.07482776045799255,0.18173909187316895,2.428765618011449,0.12
1,octanol_hl_gap_eV,246,0.0195754561573267,0.0019239512039348483,0.6238750010847633,0.9633871108882199,0.2630530595779419,0.014289595186710358,0.05432210220112034,0.06
1,octanol_hl_gap_eV,247,-0.034788891673088074,0.0023526183795183897,0.582141125810749,0.9869740516338121,0.012659178115427494,0.024653879925608635,1.9475103123451143,0.06
1,octanol_hl_gap_eV,248,0.015609932132065296,0.0012591206468641758,0.6030775690538168,0.9290017455072181,0.28183093667030334,0.006757840979844332,0.023978350495105206,0.08
1,octanol_hl_gap_eV,249,-0.004508062731474638,0.00132885726634413,0.599655158708216,0.9421520217516401,0.2367544323205948,0.0017912202747538686,0.007565730690643775,0.12
1,octanol_dipole,0,0.1440521627664566,0.010427433997392654,0.6465626750142561,0.9366691482606939,1.5953727960586548,0.1585289090871811,0.09936794050821504,0.14
1,octanol_dipole,1,0.6321601867675781,0.002667825436219573,0.6132795997917477,0.968719119598114,0.13497839868068695,0.2746347188949585,2.034656816048403,0.56
1,octanol_dipole,2,0.4775979220867157,0.002875169739127159,0.6069913376821436,0.9637548712714992,0.22039231657981873,0.14375320076942444,0.6522604916553969,0.32
1,octanol_dipole,3,0.3793747127056122,0.0036025671288371086,0.6135247332076841,0.9396542573785314,0.5145034193992615,0.05663716420531273,0.11008122020149595,0.14
1,octanol_dipole,4,0.3505474627017975,0.00406881608068943,0.6088745132530515,0.9182425899854567,0.49369016289711,0.20673972368240356,0.418764114053231,0.2
1,octanol_dipole,5,0.3368406593799591,0.004157382529228926,0.5902610157942874,0.9441093308342012,0.3933253288269043,0.08759831637144089,0.22271211628476487,0.2
1,octanol_dipole,6,0.3663961589336395,0.00228909682482481,0.5853659589484088,0.9134322335097564,0.06532216817140579,0.1198865994811058,1.8353126180154122,0.26
1,octanol_dipole,7,0.4442252218723297,0.003258765209466219,0.6052558364377416,0.9333325541686777,0.46564722061157227,0.07282990962266922,0.1564057647053402,0.2
1,octanol_dipole,8,0.34692609310150146,0.0068816845305264,0.565590556411459,0.8705592506915405,0.9024947285652161,0.1735639125108719,0.19231570780120055,0.2
1,octanol_dipole,9,0.5586658716201782,0.0041731130331754684,0.6159581699094665,0.9430985251976534,0.5421057343482971,0.22152382135391235,0.40863582013243505,0.38
1,octanol_dipole,10,0.3035310208797455,0.0035052839666604996,0.5962244755708488,0.979845169878258,0.2637498080730438,0.07815657556056976,0.29632846420470116,0.2
1,octanol_dipole,11,0.24240104854106903,0.003382951021194458,0.5851182690396799,0.9404308054556305,0.3158247470855713,0.058711230754852295,0.1858981327354463,0.16
1,octanol_dipole,12,0.0902145504951477,0.003854861482977867,0.6066174204114656,0.980656619250523,0.45478805899620056,0.003325842320919037,0.00731294996675984,0.24
1,octanol_dipole,13,0.28285467624664307,0.002273139776661992,0.6094522450364643,0.9484481829814841,0.34394776821136475,0.0060619511641561985,0.01762462712196165,0.14
1,octanol_dipole,14,-0.0025694556534290314,0.0022663839627057314,0.5924082644549098,0.9699450112896575,0.05487488582730293,0.03246349096298218,0.5915910433991283,0.3
1,octanol_dipole,15,0.10718002915382385,0.006971640512347221,0.5739394443537216,0.9814069569773447,0.8908261060714722,0.0007722479640506208,0.0008668896867607765,0.14
1,octanol_dipole,16,0.2972404360771179,0.002635079436004162,0.6242223253305894,0.9458144042219787,0.36848485469818115,0.02905796281993389,0.07885795698098558,0.16
1,octanol_dipole,17,0.5780012607574463,0.0033947958145290613,0.6125630292277275,0.9022459180064091,0.35541239380836487,0.13388435542583466,0.37670142560651354,0.46
1,octanol_dipole,18,0.18613623082637787,0.011027134954929352,0.6310591120820255,0.9736256560814696,1.518202781677246,0.0016168924048542976,0.001065004243417354,0.12
1,octanol_dipole,19,0.14695735275745392,0.004837507382035255,0.5930367425232068,0.9676407500249518,0.5465083718299866,0.03475705534219742,0.06359839507272909,0.14
1,octanol_dipole,20,0.2671973407268524,0.0029317571315914392,0.5961925277763318,0.9487772975441207,0.3196476995944977,0.022649800404906273,0.07085863728611097,0.2
1,octanol_dipole,21,0.422997385263443,0.003163896268233657,0.614771435114456,0.9489360379814931,0.43127912282943726,0.07323683053255081,0.16981306688827272,0.22
1,octanol_dipole,22,0.32913443446159363,0.006114620715379715,0.6409364963366959,0.9777199245492019,0.9873062372207642,0.0019514106679707766,0.0019764998886910063,0.44
1,octanol_dipole,23,0.46192002296447754,0.005242224782705307,0.6123246520990484,0.952546991169767,0.663011908531189,0.07738444209098816,0.11671651910811477,0.4
1,octanol_dipole,24,0.15667827427387238,0.004575231112539768,0.6048559503832631,0.9481726201235963,0.5528262853622437,0.02980504371225834,0.053913940963802684,0.12
1,octanol_dipole,25,0.33189067244529724,0.005225923378020525,0.6071401572168955,0.9578273705747735,0.5668804049491882,0.020724110305309296,0.036558170161423875,0.2
1,octanol_dipole,26,0.06346563249826431,0.0032083073165267706,0.5994452415334734,0.9821641209344534,0.33150535821914673,0.026777425780892372,0.08077524274340912,0.16
1,octanol_dipole,27,0.4353405237197876,0.0033906304743140936,0.6038486079704946,0.9476585213276445,0.2996446192264557,0.18116377294063568,0.604595448462639,0.4
1,octanol_dipole,28,0.29003313183784485,0.0027524647302925587,0.5919426836513271,0.918583452250862,0.25958794355392456,0.09722413867712021,0.37453256628971177,0.18
1,octanol_dipole,29,0.1039390042424202,0.004922042600810528,0.6235314780406254,0.9461438751381308,0.7710443735122681,0.0019050805130973458,0.0024707793462253103,0.02
1,octanol_dipole,30,0.23907749354839325,0.004367130342870951,0.5705130974742731,0.9385594584934269,0.5713936686515808,0.05229394882917404,0.0915200004798467,0.2
1,octanol_dipole,31,0.11288280785083771,0.007092419546097517,0.6080005110349769,0.9809568960543258,0.8813363313674927,0.0007483890512958169,0.0008491526159310906,0.14
1,octanol_dipole,32,0.11961600184440613,0.0031467259395867586,0.5957029432147585,0.9551058712125646,0.3142949640750885,0.032035764306783676,0.10192897745294444,0.12
1,octanol_dipole,33,0.24869434535503387,0.005415504332631826,0.6137889822351863,0.9646537646965465,0.6403487324714661,0.007052750326693058,0.011013920960649872,0.32
1,octanol_dipole,34,0.2028568983078003,0.008492030203342438,0.5750772540664582,0.9554503254912206,1.005955457687378,0.04549534246325493,0.04522600092835678,0.18
1,octanol_dipole,35,0.6742252111434937,0.002940198639407754,0.6118226691691824,0.9167564355099622,0.3433322310447693,0.14356574416160583,0.41815399540186304,0.62
1,octanol_dipole,36,0.34937894344329834,0.0032118046656250954,0.5591872247787131,0.8989153913544681,0.44585981965065,0.09593113511800766,0.21515985717926714,0.14
1,octanol_dipole,37,0.22811616957187653,0.0020267365034669638,0.6128659483678105,0.9500993962500819,0.27057912945747375,0.003639514558017254,0.013450832535808225,0.18
1,octanol_dipole,38,0.3453342616558075,0.0028382798191159964,0.6004578180583711,0.963728323121178,0.17958486080169678,0.06537210941314697,0.3640179306947978,0.26
1,octanol_dipole,39,0.35590559244155884,0.004216711036860943,0.5975768811959685,0.9548883742283163,0.42717018723487854,0.17774268984794617,0.41609338656916794,0.22
1,octanol_dipole,40,0.39308926463127136,0.002620162209495902,0.5905160808925671,0.9692964069150978,0.10375646501779556,0.0636395812034607,0.6133553334970085,0.34
1,octanol_dipole,41,0.5443674325942993,0.002770962193608284,0.6218964581449988,0.9361479895410947,0.372823029756546,0.15735386312007904,0.42206046987717294,0.32
1,octanol_dipole,42,0.0717695951461792,0.002438646275550127,0.5865846440607572,0.9321117011667686,0.10090970247983932,0.11096973717212677,1.0996934332880164,0.26
1,octanol_dipole,43,0.22874285280704498,0.0029614341910928488,0.59449194733512,0.9505383133400702,0.2527464032173157,0.02271978370845318,0.08989162029308216,0.28
1,octanol_dipole,44,0.22783775627613068,0.005661891307681799,0.5992944037205417,0.9783632284038837,0.6725520491600037,0.00034384478931315243,0.0005112537977433921,0.12
1,octanol_dipole,45,0.1772010773420334,0.01167229376733303,0.6046649033249345,0.9360595617025969,1.498875379562378,0.1401568055152893,0.09350797766536832,0.12
1,octanol_dipole,46,0.12666529417037964,0.004781152121722698,0.614746664813137,0.9314387171862077,0.6046234369277954,0.14475423097610474,0.23941220623472356,0.24
1,octanol_dipole,47,0.1271410882472992,0.003504994558170438,0.5970944996600811,0.9661262071525671,0.3543648421764374,0.006826781202107668,0.01926483778745926,0.1
1,octanol_dipole,48,0.21777117252349854,0.004963564220815897,0.5923424912477049,0.9602712475685862,0.5671743750572205,0.03720638155937195,0.06559954609306584,0.16
1,octanol_dipole,49,0.4768882095813751,0.0035012078005820513,0.6143417472113994,0.9470716202756537,0.4374611973762512,0.1356946974992752,0.31018681956966127,0.26
1,octanol_dipole,50,0.1184857040643692,0.002853809157386422,0.6198717187072842,0.9566000369804979,0.3198881149291992,0.008225435391068459,0.025713476078625154,0.14
1,octanol_dipole,51,0.4739825129508972,0.005207472015172243,0.6210562562544504,0.904935339356685,0.6862950325012207,0.19663795828819275,0.2865210280942009,0.3
1,octanol_dipole,52,-0.027719072997570038,0.0025621538516134024,0.5932801471253166,0.9710332746974137,0.07062063366174698,0.017149951308965683,0.24284618276167186,0.12
1,octanol_dipole,53,0.19804324209690094,0.004615891259163618,0.609180005524665,0.9744617251909107,0.6627793312072754,0.009803630411624908,0.01479169604424335,0.12
1,octanol_dipole,54,0.20601972937583923,0.0032847560942173004,0.5942085459159829,0.9247968124521686,0.2470497339963913,0.12023348361253738,0.48667724375810767,0.2
1,octanol_dipole,55,0.15338990092277527,0.0029469660948961973,0.597694194310826,0.9650115948015101,0.3583894968032837,0.0022519296035170555,0.006283469866175002,0.16
1,octanol_dipole,56,0.25046029686927795,0.004412701353430748,0.5914070931898101,0.9560523998869623,0.5057966113090515,0.04846883565187454,0.0958267306821855,0.12
1,octanol_dipole,57,0.1691771000623703,0.007640431635081768,0.6030744253945577,0.9631366772659284,0.9094085693359375,0.0021667066030204296,0.002382544739602122,0.14
1,octanol_dipole,58,0.8158068060874939,0.0035296063870191574,0.6732405899936518,0.9437933219791761,0.3906475007534027,0.5248937010765076,1.3436504778968192,0.72
1,octanol_dipole,59,0.5295332074165344,0.002966999774798751,0.6053963290851849,0.9380725130966416,0.27273571491241455,0.10269610583782196,0.376540732374568,0.42
1,octanol_dipole,60,0.40095505118370056,0.003559037111699581,0.5936399391487468,0.9436882613185955,0.39922064542770386,0.1529615819454193,0.3831504800598285,0.34
1,octanol_dipole,61,0.2656303644180298,0.0019676494412124157,0.6003191180844156,0.9489890407696611,0.2618456780910492,0.028342267498373985,0.10824034868552915,0.18
1,octanol_dipole,62,0.13379190862178802,0.008330567739903927,0.5907523321137895,0.971717925007169,0.9082964062690735,0.004968376364558935,0.005469994519704292,0.12
1,octanol_dipole,63,0.15241745114326477,0.0031051882542669773,0.6177107922110854,0.9637113425748154,0.38020122051239014,0.018996570259332657,0.04996451677280607,0.14
1,octanol_dipole,64,0.1887906789779663,0.002160195494070649,0.6019052326698993,0.9549775102131519,0.2741304337978363,0.009220831096172333,0.03363665598316035,0.14
1,octanol_dipole,65,0.22890111804008484,0.0049421717412769794,0.6001653732082075,0.9325511374238595,0.580426812171936,0.02158127725124359,0.03718173729860486,0.16
1,octanol_dipole,66,0.6220128536224365,0.003137419931590557,0.6377428751785252,0.9649170063521311,0.28148743510246277,0.19832821190357208,0.7045721661834734,0.46
1,octanol_dipole,67,0.13728377223014832,0.005047435872256756,0.596053601735393,0.958953417224198,0.5779392123222351,0.010145147331058979,0.017554004149146506,0.1
1,octanol_dipole,68,0.23473425209522247,0.004908125381916761,0.6014314740938811,0.9606405441584289,0.6535013914108276,0.009934183210134506,0.015201472163185221,0.26
1,octanol_dipole,69,0.2994019091129303,0.0030291900038719177,0.6106694711965424,0.926235413197507,0.35207298398017883,0.03500154986977577,0.09941560830394844,0.24
1,octanol_dipole,70,0.4479915201663971,0.004295928869396448,0.5805739020430984,0.9025453015647593,0.41685330867767334,0.1541445106267929,0.3697811854145153,0.36
1,octanol_dipole,71,0.22390791773796082,0.003310817526653409,0.5928997544277874,0.9546200023258382,0.25706568360328674,0.03242214769124985,0.12612398215424547,0.12
1,octanol_dipole,72,0.1781798154115677,0.0037099462933838367,0.5921470294680211,0.965762688590533,0.37812095880508423,0.029587170109152794,0.07824789771678471,0.18
1,octanol_dipole,73,0.12317898869514465,0.003814507508650422,0.5952798001156263,0.980433510942013,0.38665875792503357,0.015911733731627464,0.041151877218600266,0.12
1,octanol_dipole,74,0.3776991069316864,0.006295305211097002,0.5945311674136136,0.9400356348728223,0.7941303253173828,0.00876346044242382,0.011035292524462415,0.22
1,octanol_dipole,75,0.33551347255706787,0.011504708789288998,0.5992273659125509,0.9227991171240979,1.377166986465454,0.1788136065006256,0.12984163014214914,0.32
1,octanol_dipole,76,0.5132613778114319,0.0029199570417404175,0.6159387615318579,0.911116294778795,0.26507604122161865,0.1398266702890396,0.527496448357385,0.34
1,octanol_dipole,77,0.20567575097084045,0.0031908932141959667,0.6173040638850449,0.9704048249963744,0.39899539947509766,0.01735740527510643,0.04350277045284516,0.16
1,octanol_dipole,78,0.11616054177284241,0.001855787355452776,0.6225927211629056,0.9581553416148993,0.2751254737377167,0.006775908172130585,0.024628428913093706,0.1
1,octanol_dipole,79,0.25908535718917847,0.004110583104193211,0.6111218687288078,0.9330790183770294,0.5075135827064514,0.15160001814365387,0.29871125287959066,0.04
1,octanol_dipole,80,0.23989413678646088,0.0026979916729032993,0.6126855675870091,0.9575340460068607,0.3031889498233795,0.04308523237705231,0.14210686900743347,0.22
1,octanol_dipole,81,0.594358503818512,0.00356238498352468,0.6040517634460547,0.9295974323758907,0.3825872242450714,0.301232248544693,0.7873557438806023,0.48
1,octanol_dipole,82,0.16216973960399628,0.0033061893191188574,0.5889988511172077,0.9188226463768332,0.3304211497306824,0.08755763620138168,0.26498798963912457,0.06
1,octanol_dipole,83,0.3273811638355255,0.002195276552811265,0.599600419974569,0.9668768041333335,0.2973613440990448,0.010931704193353653,0.03676235802092868,0.26
1,octanol_dipole,84,0.08428339660167694,0.003253580303862691,0.5887496755773733,0.9646017029694487,0.3062877058982849,0.00147213414311409,0.004806376863206422,0.2
1,octanol_dipole,85,0.2578166425228119,0.009249388240277767,0.5786690844919913,0.9343684665813319,1.0820759534835815,0.0776863619685173,0.07179381606107935,0.16
1,octanol_dipole,86,0.17414018511772156,0.003850694512948394,0.5906973425001985,0.9786519318159619,0.37397927045822144,0.02959626354277134,0.07913878089154047,0.14
1,octanol_dipole,87,0.35433143377304077,0.01008105929940939,0.5975694369019102,0.9348111050917587,1.087873101234436,0.05163533240556717,0.04746448124048228,0.16
1,octanol_dipole,88,0.4348483979701996,0.005266979802399874,0.6270192404242487,0.955795224610078,0.8241313695907593,0.023301204666495323,0.02827365335949541,0.42
1,octanol_dipole,89,0.5670013427734375,0.002039445098489523,0.5942908336402732,0.9377597093487184,0.028462905436754227,0.2397243082523346,8.422341450173176,0.44
1,octanol_dipole,90,0.6024584174156189,0.003082347335293889,0.6169023572834689,0.9354560178337861,0.28923138976097107,0.2299739420413971,0.7951209660592303,0.38
1,octanol_dipole,91,0.177259162068367,0.004450150765478611,0.5485813374625279,0.9575934423272101,0.5681939721107483,0.03985206410288811,0.07013813250225828,0.22
1,octanol_dipole,92,0.20625609159469604,0.011409949511289597,0.5594765447708208,0.9567777898581409,1.280261516571045,0.004737993702292442,0.0037008014698296362,0.18
1,octanol_dipole,93,0.107439786195755,0.003256505588069558,0.5997460268781529,0.9590867359457345,0.26103276014328003,0.03497685119509697,0.13399410547510698,0.16
1,octanol_dipole,94,0.4109388291835785,0.0034512674901634455,0.595225992503478,0.9587671930932093,0.3194412291049957,0.09137596935033798,0.28604939195342255,0.28
1,octanol_dipole,95,0.2969076335430145,0.005163791123777628,0.6075418346841785,0.901642167645452,0.6264430284500122,0.11328595876693726,0.1808400023977233,0.16
1,octanol_dipole,96,0.2780897915363312,0.008794587105512619,0.5903444484386371,0.939926591900192,1.0197391510009766,0.008591444231569767,0.008425139137922085,0.16
1,octanol_dipole,97,0.22409428656101227,0.0039812121540308,0.5925668445532304,0.9719326071634962,0.42935073375701904,0.060319624841213226,0.14049032666926733,0.2
1,octanol_dipole,98,0.41377779841423035,0.003292588982731104,0.6255763483213332,0.938631401633591,0.45321813225746155,0.15814270079135895,0.3489328637485363,0.26
1,octanol_dipole,99,0.14787988364696503,0.003793358104303479,0.6065223158063944,0.9511743830530206,0.4341035485267639,0.005808774381875992,0.013381080162992175,0.1
1,octanol_dipole,100,0.35441848635673523,0.002705944702029228,0.5804551059659826,0.9444354942031015,0.16171355545520782,0.08725447952747345,0.5395619388978286,0.24
1,octanol_dipole,101,0.17049060761928558,0.002200256334617734,0.603571502722348,0.9601104849127482,0.20108388364315033,0.005840255878865719,0.029043878470290625,0.2
1,octanol_dipole,102,0.3343155086040497,0.0043825143948197365,0.5997513233760334,0.9679611758320588,0.4868398904800415,0.10027184337377548,0.20596472338144656,0.26
1,octanol_dipole,103,0.3806626796722412,0.0050581530667841434,0.5955795617558441,0.9203751126494413,0.5838817358016968,0.11876209825277328,0.20340094743622594,0.3
1,octanol_dipole,104,0.5002239942550659,0.0038243173621594906,0.6102448226735546,0.9073655106299368,0.3986091911792755,0.27675724029541016,0.6943072222610589,0.38
1,octanol_dipole,105,0.46202352643013,0.0030958575662225485,0.5957039287032178,0.8791333064705162,0.3112255334854126,0.1578485071659088,0.507183666449743,0.34
1,octanol_dipole,106,-0.015117285773158073,0.002540484769269824,0.590173759335225,0.9702349079155828,0.0878579244017601,0.04985940828919411,0.5675004119286393,0.14
1,octanol_dipole,107,0.5065162777900696,0.002493262058123946,0.589711681661748,0.9380499242915883,0.19423697888851166,0.18708668649196625,0.9631877903092307,0.26
1,octanol_dipole,108,0.7189367413520813,0.002845834707841277,0.6277120586320928,0.9081113912161429,0.22769305109977722,0.35500186681747437,1.559124729994106,0.62
1,octanol_dipole,109,0.13273318111896515,0.006770179606974125,0.6018325888124165,0.9658884621003618,0.8685877919197083,0.0037129358388483524,0.004274681124221435,0.26
1,octanol_dipole,110,0.5994963049888611,0.0032306399662047625,0.6070428412071629,0.9268110146780091,0.27965986728668213,0.24889984726905823,0.8900091732286654,0.38
1,octanol_dipole,111,0.3653396964073181,0.00517883338034153,0.6153727261438087,0.9867628242689679,0.6465141177177429,0.06904824823141098,0.10680083595878455,0.34
1,octanol_dipole,112,0.3223942816257477,0.0028751802165061235,0.6060998240271549,0.9678222982574411,0.35525447130203247,0.04379093647003174,0.12326639073544914,0.18
1,octanol_dipole,113,0.20923180878162384,0.002188058802857995,0.59852529952372,0.9800513928806116,0.26975610852241516,0.04024812579154968,0.1492019069077181,0.06
1,octanol_dipole,114,0.4526621401309967,0.003540494479238987,0.6003870145173831,0.8934008360572148,0.49186834692955017,0.220541849732399,0.44837577190952477,0.26
1,octanol_dipole,115,0.5280662178993225,0.0068457466550171375,0.5973782438816115,0.9154820971183528,0.7231436371803284,0.16813062131404877,0.23249962064192578,0.54
1,octanol_dipole,116,0.11910799145698547,0.004103810992091894,0.6041599476103563,0.9652658352903725,0.49862006306648254,0.029550522565841675,0.05926460797447217,0.16
1,octanol_dipole,117,0.2832905054092407,0.0026445845142006874,0.6026658763655481,0.9686970757728184,0.08204685151576996,0.033565621823072433,0.40910310637113106,0.22
1,octanol_dipole,118,0.30755797028541565,0.003100002883002162,0.6163246759908552,0.9629723169300033,0.40188223123550415,0.009043747559189796,0.022503477029543348,0.22
1,octanol_dipole,119,0.1921902894973755,0.003996933810412884,0.5893759615398801,0.9757997333539583,0.4183938503265381,0.04049534350633621,0.09678761644018279,0.14
1,octanol_dipole,120,0.6033982038497925,0.004899383056908846,0.6159631147681348,0.922217671627785,0.6960150003433228,0.30788454413414,0.4423533170725775,0.44
1,octanol_dipole,121,0.2637127935886383,0.003035059431567788,0.5919379992549147,0.9868413323022065,0.21551093459129333,0.04768150672316551,0.2212486657050201,0.24
1,octanol_dipole,122,0.22878502309322357,0.0063725365325808525,0.5700550405998062,0.9618998953995095,0.6939920783042908,0.04504096135497093,0.06490126150290447,0.12
1,octanol_dipole,123,0.24002866446971893,0.011712643317878246,0.6337447603466984,0.897606411038413,1.5846809148788452,0.18498127162456512,0.11673092664128389,0.16
1,octanol_dipole,124,0.5204846262931824,0.005743670742958784,0.6288127078132928,0.9292528206124222,0.712916374206543,0.29330500960350037,0.4114157287100343,0.34
1,octanol_dipole,125,0.5165736079216003,0.0017633007373660803,0.6089772244913492,0.9443407610748029,0.24637170135974884,0.0825730636715889,0.3351564453866264,0.34
1,octanol_dipole,126,0.0881597176194191,0.006840529851615429,0.6154892941964525,0.9481924827505177,1.0658153295516968,0.045556504279375076,0.04274333743964543,0.08
1,octanol_dipole,127,0.28353172540664673,0.005508254747837782,0.5968592488573232,0.9388931307697483,0.6573477983474731,0.03299521282315254,0.05019445247417002,0.2
1,octanol_dipole,128,0.13207335770130157,0.010089720599353313,0.5928319827012569,0.9571676810647398,1.1693987846374512,0.000979120610281825,0.0008372854693750874,0.2
1,octanol_dipole,129,0.6801567077636719,0.00231155171059072,0.6042631310838169,0.9149569093956904,0.11541052907705307,0.18643611669540405,1.6154168790867531,0.56
1,octanol_dipole,130,0.24929560720920563,0.004389410372823477,0.5958602146853842,0.9768071028816514,0.5195745229721069,0.08842898160219193,0.1701949916565466,0.14
1,octanol_dipole,131,0.14418667554855347,0.003775258082896471,0.5931617758669696,0.9564227933075462,0.37301239371299744,0.03381866589188576,0.09066365209812964,0.18
1,octanol_dipole,132,0.31696051359176636,0.006286563817411661,0.5872697946692085,0.9160134326804596,0.796413004398346,0.045806292444467545,0.0575157514901105,0.12
1,octanol_dipole,133,0.1052379384636879,0.0033218723256140947,0.6001641934660573,0.9785806670405455,0.26942047476768494,0.024466194212436676,0.09081044873643442,0.16
1,octanol_dipole,134,0.6240471005439758,0.002392587950453162,0.606408741165569,0.9124496029099654,0.11167362332344055,0.2613270580768585,2.3400965268224208,0.36
1,octanol_dipole,135,0.26682499051094055,0.005626399535685778,0.5964537763131335,0.9369959626019309,0.6615066528320312,0.052365195006132126,0.07916049639402284,0.18
1,octanol_dipole,136,0.02637607231736183,0.0025019384920597076,0.5902441305350401,0.9751918070461558,0.05532898008823395,0.06518174707889557,1.178076063844829,0.14
1,octanol_dipole,137,0.4443945586681366,0.0027644564397633076,0.6154195494064176,0.9453216186683144,0.3506253957748413,0.08307556062936783,0.2369353778432977,0.16
1,octanol_dipole,138,0.11650492995977402,0.0027388923335820436,0.5948959515531693,0.9689719576368887,0.1690809279680252,0.06664486974477768,0.3941595929576448,0.1
1,octanol_dipole,139,0.2437235563993454,0.007004318293184042,0.599525461693412,0.9402145878609725,0.8486464619636536,0.15759514272212982,0.18570176131704585,0.18
1,octanol_dipole,140,0.5795762538909912,0.0016913440776988864,0.6045907207773094,0.9376687639268682,0.11442708969116211,0.12657850980758667,1.1061935608886073,0.62
1,octanol_dipole,141,0.1705067753791809,0.003182549262419343,0.6075573628089417,0.915698245288852,0.365823894739151,0.050544772297143936,0.1381669514321492,0.16
1,octanol_dipole,142,0.19195188581943512,0.004460656549781561,0.5963072650145935,0.9687900288853812,0.4895033538341522,0.04752771183848381,0.09709374096461572,0.16
1,octanol_dipole,143,0.43467602133750916,0.004132863599807024,0.622375364574002,0.9292547754056149,0.518321692943573,0.047659095376729965,0.09194887272819269,0.32
1,octanol_dipole,144,0.28764262795448303,0.002405603416264057,0.5841635968890333,0.9716933335306219,0.0987105593085289,0.07542723417282104,0.7641252840748912,0.3
1,octanol_dipole,145,0.2734021544456482,0.0037695015780627728,0.6094663993965748,0.9243667936538864,0.535738468170166,0.07023605704307556,0.13110138848712757,0.2
1,octanol_dipole,146,0.18938346207141876,0.005771053954958916,0.627370735548161,0.9418344577291184,0.6933925747871399,0.09784336388111115,0.14110817946261892,0.02
1,octanol_dipole,147,0.676578938961029,0.0020758071914315224,0.6026927350596303,0.942500452882777,0.02833845280110836,0.25899621844291687,9.139391633716402,0.68
1,octanol_dipole,148,0.07633758336305618,0.0022632540203630924,0.5892891787534582,0.9386799452541983,0.1353873610496521,0.07438746839761734,0.5494417486307042,0.14
1,octanol_dipole,149,0.06936650723218918,0.002279115142300725,0.5899766442905525,0.9738883276746213,0.24914225935935974,0.016438214108347893,0.06597922869695748,0.08
1,octanol_dipole,150,0.4529072940349579,0.0027115277480334044,0.6021603649112843,0.9503168965444169,0.16928693652153015,0.05758017674088478,0.340133609385516,0.24
1,octanol_dipole,151,0.4543784558773041,0.00317461509257555,0.6047535295330817,0.9591734535009053,0.26269540190696716,0.19931718707084656,0.7587387735908456,0.32
1,octanol_dipole,152,0.45347172021865845,0.003882060060277581,0.6208046034885988,0.9592698861284288,0.4454099237918854,0.009963074699044228,0.02236832671851156,0.36
1,octanol_dipole,153,0.31060826778411865,0.006858956068754196,0.5892306321235765,0.9488055946106311,0.7944605350494385,0.02561269700527191,0.03223910550028525,0.24
1,octanol_dipole,154,0.1794905662536621,0.0031585569959133863,0.574016425035001,0.9351807830950636,0.4044359624385834,0.014166411012411118,0.035027575013343165,0.18
1,octanol_dipole,155,0.4247311055660248,0.0031376034021377563,0.5966140769088568,0.9124879027783224,0.2530226707458496,0.20363852381706238,0.8048232327039521,0.28
1,octanol_dipole,156,0.26023927330970764,0.0039960891008377075,0.587375300133949,0.9586780711853202,0.42169928550720215,0.11751984804868698,0.2786816389962318,0.18
1,octanol_dipole,157,0.10030530393123627,0.003674918320029974,0.5862943595847212,0.9690364059196315,0.3575761616230011,0.05173235014081001,0.1446750530180822,0.1
1,octanol_dipole,158,0.07181001454591751,0.00396698759868741,0.5836160503347005,0.9339682796357425,0.4455113708972931,0.002729962347075343,0.0061277052066639635,0.14
1,octanol_dipole,159,0.1790216565132141,0.0035330522805452347,0.6875922161093886,0.9493680448688779,0.5675602555274963,0.07354449480772018,0.1295800650088988,0.16
1,octanol_dipole,160,0.41026225686073303,0.005592887289822102,0.6090187214845999,0.9158932326816804,0.6496748328208923,0.20628522336483002,0.31752072412769666,0.28
1,octanol_dipole,161,0.7384226322174072,0.0036834091879427433,0.6454022444943626,0.930091562333216,0.389993280172348,0.41632598638534546,1.0675209229281089,0.52
1,octanol_dipole,162,0.11716903001070023,0.007469599135220051,0.6008432208553975,0.9806710576047866,0.9347631931304932,0.011210668832063675,0.01199305761550098,0.14
1,octanol_dipole,163,0.2290879487991333,0.0033508525229990482,0.5963393446989267,0.9500702647393935,0.32285574078559875,0.07823213189840317,0.2423129652520423,0.14
1,octanol_dipole,164,0.5452492833137512,0.0037213219329714775,0.6171040654065534,0.9278004924855758,0.42890459299087524,0.17617201805114746,0.41074873277212826,0.38
1,octanol_dipole,165,0.218491792678833,0.002700975863263011,0.5876284183036042,0.9542453769774888,0.3137953281402588,0.010872597806155682,0.03464869241550944,0.1
1,octanol_dipole,166,0.06197117269039154,0.002479513408616185,0.5869289266979352,0.9747651776572623,0.07782134413719177,0.04347802326083183,0.5586902120860844,0.08
1,octanol_dipole,167,0.20741979777812958,0.008035832084715366,0.6056892196894947,0.9651528759542318,0.9904419183731079,0.006118721328675747,0.006177768948558145,0.28
1,octanol_dipole,168,0.17938151955604553,0.009192908182740211,0.6388929741597269,0.9293354852951654,1.265075445175171,0.05657271668314934,0.044718848112110736,0.08
1,octanol_dipole,169,0.3470947742462158,0.004195096902549267,0.6314646079020485,0.9386566659644706,0.5585431456565857,0.02090844325721264,0.03743389104280222,0.26
1,octanol_dipole,170,0.16919438540935516,0.0044038789346814156,0.6114478999874355,0.964417490105302,0.49019789695739746,0.02893703803420067,0.0590313385957173,0.16
1,octanol_dipole,171,0.21584086120128632,0.0019428260857239366,0.5956127806812048,0.9490992069413753,0.2716967761516571,0.02259167470037937,0.08315032301954527,0.16
1,octanol_dipole,172,0.36948856711387634,0.0024022089783102274,0.6173297042400496,0.9233894572295975,0.3330315351486206,0.04212623089551926,0.12649321895813787,0.14
1,octanol_dipole,173,0.7656494379043579,0.0031925137154757977,0.6344189066778507,0.8821254719145213,0.32450535893440247,0.35226017236709595,1.0855295996461618,0.62
1,octanol_dipole,174,0.4787439703941345,0.0037971155252307653,0.5838303124743529,0.9619535913930128,0.37070655822753906,0.03580131009221077,0.09657587463083397,0.5
1,octanol_dipole,175,0.2803184688091278,0.003134076716378331,0.603486123687607,0.9532678058659354,0.29067131876945496,0.03069278784096241,0.1055927635753643,0.24
1,octanol_dipole,176,0.6924488544464111,0.002283159177750349,0.6232885434000583,0.9297270480937787,0.056898362934589386,0.32087916135787964,5.6395148262308314,0.54
1,octanol_dipole,177,0.5750699639320374,0.00455724261701107,0.62267888144908,0.9672976680211636,0.5693070888519287,0.1631612330675125,0.2865961732472809,0.38
1,octanol_dipole,178,0.3377732038497925,0.003832034533843398,0.6101658309201752,0.9748529427465653,0.4190067648887634,0.08216012269258499,0.19608304585344008,0.38
1,octanol_dipole,179,0.09512123465538025,0.003990900702774525,0.5967901899763293,0.9758864923334922,0.4317670464515686,0.043081220239400864,0.09977885203018451,0.12
1,octanol_dipole,180,0.18711863458156586,0.008421167731285095,0.5795845622419213,0.9731572079806867,0.8808360695838928,0.002525282558053732,0.0028669154741207134,0.1
1,octanol_dipole,181,0.843597412109375,0.002936858916655183,0.6857300833479303,0.9236474227002995,0.453284353017807,0.4235147535800934,0.9343246700674352,0.76
1,octanol_dipole,182,0.09357854723930359,0.0038458043709397316,0.5953664096770217,0.9568271087060003,0.40697988867759705,0.022664552554488182,0.055689613135755406,0.08
1,octanol_dipole,183,0.2854672372341156,0.01066496316343546,0.5564779143052663,0.9097475040921146,1.3274071216583252,0.19420407712459564,0.14630332620332573,0.14
1,octanol_dipole,184,0.3389357924461365,0.0031522063072770834,0.593138687990411,0.9729556641066825,0.19000355899333954,0.011454462073743343,0.06028551325264846,0.18
1,octanol_dipole,185,0.25114190578460693,0.0032190047204494476,0.5889596642519903,0.9694612000692384,0.2146426886320114,0.06310462206602097,0.29399847005368557,0.1
1,octanol_dipole,186,0.6903110146522522,0.002066956600174308,0.6204295941054052,0.9583292359019044,0.36956271529197693,0.06661874055862427,0.1802636949076192,0.58
1,octanol_dipole,187,0.37534892559051514,0.002419049385935068,0.5903664478411284,0.9702645275742239,0.033849094063043594,0.014636914245784283,0.43241672047479845,0.34
1,octanol_dipole,188,0.24600359797477722,0.007610467728227377,0.5520451057984572,0.9127610467172131,0.9296855926513672,0.145766481757164,0.15679115919334952,0.22
1,octanol_dipole,189,0.3720598816871643,0.0034526826348155737,0.5871610942058039,0.9617462717521135,0.5368293523788452,0.0016055856831371784,0.002990867909927739,0.22
1,octanol_dipole,190,0.06637990474700928,0.015485418029129505,0.6076055144813801,0.9257476558922244,2.1089725494384766,0.1822928488254547,0.0864368049143129,0.04
1,octanol_dipole,191,0.38262948393821716,0.006126957945525646,0.6092646428391058,0.9130764952905124,0.8566488027572632,0.12700848281383514,0.14826202103480182,0.16
1,octanol_dipole,192,0.7526707649230957,0.0026239503640681505,0.6273454181399587,0.9167785432802515,0.3049437701702118,0.22334028780460358,0.7323982637190481,0.56
1,octanol_dipole,193,0.11412501335144043,0.0036479949485510588,0.5930160403366536,0.9544284658984341,0.3522549569606781,0.0356857031583786,0.10130646128100382,0.12
1,octanol_dipole,194,0.07493703067302704,0.005984171759337187,0.575483873920289,0.9565737847442153,0.6622727513313293,0.002228992758318782,0.0033656718532326206,0.1
1,octanol_dipole,195,0.44269925355911255,0.003882808843627572,0.5962193934637172,0.9405412082537832,0.4157482385635376,0.04362063109874725,0.1049207839086992,0.28
1,octanol_dipole,196,0.4847075045108795,0.0031658064108341932,0.6081101131259463,0.9547420651787006,0.3623714745044708,0.12626506388187408,0.3484409584240502,0.28
1,octanol_dipole,197,0.09219641238451004,0.002061673440039158,0.5695232508149048,0.9707104108145932,0.1255641132593155,0.03511833772063255,0.2796845118326606,0.12
1,octanol_dipole,198,0.17126135528087616,0.003724911483004689,0.6022430078498773,0.9586667657205441,0.3914942145347595,0.13508659601211548,0.34505387563044454,0.18
1,octanol_dipole,199,0.13364186882972717,0.010377543978393078,0.5529086771337448,0.937500859124557,1.2159626483917236,0.065765880048275,0.054085444265298224,0.06
1,octanol_dipole,200,0.4048285484313965,0.0028399883303791285,0.6253113033018478,0.9335114852577315,0.44240784645080566,0.053101200610399246,0.1200277098075925,0.2
1,octanol_dipole,201,0.194545179605484,0.004464459605515003,0.5656202593079849,0.9373462126531387,0.6279786825180054,0.014120559208095074,0.022485730170769307,0.1
1,octanol_dipole,202,0.3943491578102112,0.005812950432300568,0.5592279522518417,0.9364801920712076,0.768036961555481,0.1596505045890808,0.20786825710281664,0.28
1,octanol_dipole,203,0.5019459128379822,0.0018820104887709022,0.5998871814022975,0.9206133960272549,0.24194060266017914,0.08794325590133667,0.36349110043698835,0.42
1,octanol_dipole,204,0.3324154019355774,0.0033010474871844053,0.5962007784025307,0.9551947962483283,0.3766138255596161,0.033089861273765564,0.08786151497385113,0.28
1,octanol_dipole,205,0.5080223083496094,0.0023131882771849632,0.6119033765566773,0.9024167829265248,0.2942405045032501,0.13800391554832458,0.4690173971163791,0.38
1,octanol_dipole,206,0.12202633172273636,0.004124775994569063,0.5960619294997274,0.9826945166566146,0.4611373543739319,0.03063756786286831,0.06643913699956867,0.1
1,octanol_dipole,207,0.12562184035778046,0.009848649613559246,0.5780275482762816,0.9759502046028323,1.191699504852295,0.006198382470756769,0.005201296505971971,0.14
1,octanol_dipole,208,0.200092613697052,0.003593658097088337,0.6364123841375768,0.9607774440627574,0.5410311818122864,0.008849582634866238,0.01635688095688475,0.1
1,octanol_dipole,209,0.30825287103652954,0.0016288949409499764,0.631875510168785,0.9469219324523002,0.24441982805728912,0.06297522783279419,0.2576518784639417,0.18
1,octanol_dipole,210,0.5996289849281311,0.003372534643858671,0.6208388309946236,0.9391467947485865,0.3063749074935913,0.17247842252254486,0.562965237373928,0.4
1,octanol_dipole,211,0.2592255473136902,0.007466674316674471,0.6269457462286085,0.9321612964778696,1.021366834640503,0.05468951538205147,0.053545419262904584,0.24
1,octanol_dipole,212,0.1844131201505661,0.013051114045083523,0.6058390741752309,0.9400653920418742,1.669737458229065,0.05260138958692551,0.03150279064992343,0.06
1,octanol_dipole,213,0.15477082133293152,0.007309085223823786,0.6181887869082057,0.9430735587121406,0.8941696882247925,0.004312688950449228,0.004823121390987062,0.1
1,octanol_dipole,214,0.1351955533027649,0.006816904526203871,0.6125695939669678,0.9655840461465308,0.8720046877861023,0.022169342264533043,0.025423420969006367,0.14
1,octanol_dipole,215,0.3087818920612335,0.002645046217367053,0.5983300371574303,0.9860207671804053,0.0960981547832489,0.08102590590715408,0.8431577701976636,0.24
1,octanol_dipole,216,0.1935090720653534,0.0044874767772853374,0.5850609689857598,0.9832283044741588,0.5792977809906006,0.0023422527592629194,0.004043262094423462,0.16
1,octanol_dipole,217,0.07535775750875473,0.002057014498859644,0.6006218433399546,0.9667008560836277,0.25787100195884705,0.0003464202454779297,0.0013433858124660871,0.1
1,octanol_dipole,218,0.23874571919441223,0.005740503780543804,0.5971458439993804,0.9652201467214001,0.6356556415557861,0.03612079098820686,0.056824463792691515,0.18
1,octanol_dipole,219,0.0981445461511612,0.004568171687424183,0.5959793089500132,0.9784932949830356,0.5375352501869202,0.012326043099164963,0.022930669374480572,0.1
1,octanol_dipole,220,0.0778924822807312,0.0033603347837924957,0.59527671569956,0.9624056941148902,0.35643336176872253,0.0016023983480408788,0.004495646367358341,0.14
1,octanol_dipole,221,0.5340539216995239,0.00328055489808321,0.6097675554624686,0.9773107766955624,0.32907193899154663,0.026516981422901154,0.08058110790048961,0.38
1,octanol_dipole,222,0.29624640941619873,0.006348461844027042,0.5685100051819512,0.9365592703269343,0.7633828520774841,0.05248191952705383,0.06874914649212852,0.1
1,octanol_dipole,223,0.11601253598928452,0.004280845634639263,0.5902002867316933,0.979827340672881,0.4702758193016052,0.041160427033901215,0.08752401323765174,0.1
1,octanol_dipole,224,0.12251213937997818,0.004221674054861069,0.5741635328331052,0.9729585096668236,0.44820475578308105,0.0005146273761056364,0.0011481970449119957,0.2
1,octanol_dipole,225,0.3191594183444977,0.0041455477476119995,0.589030189406162,0.9047783629566573,0.4513392150402069,0.1173580214381218,0.260021769718519,0.16
1,octanol_dipole,226,0.11037785559892654,0.0058211637660861015,0.6059072533792731,0.974863083542765,0.714837372303009,0.018251795321702957,0.025532793931717226,0.12
1,octanol_dipole,227,0.24422135949134827,0.0032649608328938484,0.6197841705844624,0.9383743413875891,0.4591200351715088,0.024224191904067993,0.05276221913299604,0.1
1,octanol_dipole,228,0.20426765084266663,0.017048021778464317,0.5881448345051226,0.9601018915204567,1.9959179162979126,0.052254363894462585,0.026180617683609714,0.12
1,octanol_dipole,229,0.26227402687072754,0.003378210123628378,0.5993687055051042,0.9708840620714629,0.2779540717601776,0.09969451278448105,0.3586726114611437,0.14
1,octanol_dipole,230,0.18212111294269562,0.013535143807530403,0.5480321564603519,0.9226616892909274,1.548825979232788,0.09087149053812027,0.05867120758339392,0.14
1,octanol_dipole,231,0.12032205611467361,0.003115248866379261,0.5913482858979859,0.9746594729048763,0.24174568057060242,0.06177424266934395,0.2555340079853159,0.16
1,octanol_dipole,232,0.4398282468318939,0.0035024702083319426,0.6027103328008074,0.9362867694257127,0.31147852540016174,0.10493797808885574,0.33690277027618565,0.24
1,octanol_dipole,233,0.07912029325962067,0.005414051469415426,0.5612476384408871,0.9526689374266704,0.576082170009613,0.010367042385041714,0.0179957702646286,0.14
1,octanol_dipole,234,0.39588841795921326,0.008080734871327877,0.6539900348696472,0.9100376140210067,1.177355408668518,0.2642616927623749,0.22445362786520923,0.16
1,octanol_dipole,235,0.13104459643363953,0.002088859211653471,0.5841608698894298,0.9700797440297562,0.23141969740390778,0.016210051253437996,0.07004611722893157,0.22
1,octanol_dipole,236,0.47516000270843506,0.0027185336221009493,0.5900797943064611,0.9150340716811407,0.23577411472797394,0.2103845477104187,0.8923140182422119,0.24
1,octanol_dipole,237,0.3347302973270416,0.004110315348953009,0.5901400620867012,0.8994075118410785,0.42710790038108826,0.14829181134700775,0.34719987903453425,0.24
1,octanol_dipole,238,0.31268858909606934,0.0028035088907927275,0.5988877125339005,0.9712990620944031,0.1982761174440384,0.12133485078811646,0.6119488940586205,0.26
1,octanol_dipole,239,0.1312657594680786,0.007548186928033829,0.6275024374591835,0.88599954567789,1.1545161008834839,0.1279781609773636,0.11085004434275915,0.14
1,octanol_dipole,240,0.4010046124458313,0.003590847598388791,0.5876352112817704,0.9233992556244885,0.3436422646045685,0.17102991044521332,0.4976975420704395,0.26
1,octanol_dipole,241,0.34349530935287476,0.0039761182852089405,0.6342790630426411,0.9413870250685206,0.6461312174797058,0.02605391852557659,0.04032295270796897,0.2
1,octanol_dipole,242,0.052038539201021194,0.0039012632332742214,0.583305872087513,0.95450963364622,0.3820541501045227,0.02024777978658676,0.05299714655906069,0.1
1,octanol_dipole,243,0.38374972343444824,0.0034315369557589293,0.5893485820648023,0.89991003898263,0.33797240257263184,0.13483795523643494,0.398961436525746,0.24
1,octanol_dipole,244,0.5373585224151611,0.004199966788291931,0.5981454297751461,0.9021588591626566,0.47861674427986145,0.18030540645122528,0.3767218940961149,0.46
1,octanol_dipole,245,0.3272782564163208,0.0035199220292270184,0.596360972460632,0.9242750915979288,0.5089288353919983,0.005297867581248283,0.010409839672707175,0.18
1,octanol_dipole,246,0.15577584505081177,0.0026909224689006805,0.6118771187821135,0.9698821309466295,0.33584970235824585,0.015058149583637714,0.04483597715854282,0.1
1,octanol_dipole,247,0.21073436737060547,0.0029660004656761885,0.620397528848937,0.9820492562238943,0.4237397611141205,0.0002611929376143962,0.0006163994073335318,0.14
1,octanol_dipole,248,0.1961442083120346,0.007027126383036375,0.6091028013579121,0.9351332160799344,0.8364418745040894,0.06925147026777267,0.0827929260581682,0.08
1,octanol_dipole,249,0.11662320047616959,0.007523464038968086,0.5897849247823492,0.9545775827102336,0.8277135491371155,0.00524661922827363,0.006338689554790044,0.2
1,hexane_gsolv_eV,0,0.9999999403953552,0.0,0.5787600175645289,0.5787600175645289,,,,1.0
1,hexane_gsolv_eV,1,0.9999999403953552,0.0,0.5787600175645289,0.5787600175645289,,,,1.0
1,hexane_gsolv_eV,2,0.9999999403953552,0.0,0.5787600175645289,0.5787600175645289,,,,1.0
1,hexane_gsolv_eV,3,0.9999999403953552,0.0,0.5787600175645289,0.5787600175645289,,,,1.0
1,hexane_gsolv_eV,4,0.9999999403953552,0.0,0.5787600175645289,0.5787600175645289,,,,1.0
1,hexane_gsolv_eV,5,0.9999999403953552,0.0,0.5787600175645289,0.5787600175645289,,,,1.0
1,hexane_gsolv_eV,6,0.9999999403953552,0.0,0.5787600175645289,0.5787600175645289,,,,1.0
1,hexane_gsolv_eV,7,0.9999999403953552,0.0,0.5787600175645289,0.5787600175645289,,,,1.0
1,hexane_gsolv_eV,8,0.9999999403953552,0.0,0.5787600175645289,0.5787600175645289,,,,1.0
1,hexane_gsolv_eV,9,0.9999999403953552,0.0,0.5787600175645289,0.5787600175645289,,,,1.0
1,hexane_gsolv_eV,10,0.9999999403953552,0.0,0.5787600175645289,0.5787600175645289,,,,1.0
1,hexane_gsolv_eV,11,0.9999999403953552,0.0,0.5787600175645289,0.5787600175645289,,,,1.0
1,hexane_gsolv_eV,12,0.9999999403953552,0.0,0.5787600175645289,0.5787600175645289,,,,1.0
1,hexane_gsolv_eV,13,0.9999999403953552,0.0,0.5787600175645289,0.5787600175645289,,,,1.0
1,hexane_gsolv_eV,14,0.9999999403953552,0.0,0.5787600175645289,0.5787600175645289,,,,1.0
1,hexane_gsolv_eV,15,0.9999999403953552,0.0,0.5787600175645289,0.5787600175645289,,,,1.0
1,hexane_gsolv_eV,16,0.9999999403953552,0.0,0.5787600175645289,0.5787600175645289,,,,1.0
1,hexane_gsolv_eV,17,0.9999999403953552,0.0,0.5787600175645289,0.5787600175645289,,,,1.0
1,hexane_gsolv_eV,18,0.9999999403953552,0.0,0.5787600175645289,0.5787600175645289,,,,1.0
1,hexane_gsolv_eV,19,0.9999999403953552,0.0,0.5787600175645289,0.5787600175645289,,,,1.0
1,hexane_gsolv_eV,20,0.9999999403953552,0.0,0.5787600175645289,0.5787600175645289,,,,1.0
1,hexane_gsolv_eV,21,0.9999999403953552,0.0,0.5787600175645289,0.5787600175645289,,,,1.0
1,hexane_gsolv_eV,22,0.9999999403953552,0.0,0.5787600175645289,0.5787600175645289,,,,1.0
1,hexane_gsolv_eV,23,0.9999999403953552,0.0,0.5787600175645289,0.5787600175645289,,,,1.0
1,hexane_gsolv_eV,24,0.9999999403953552,0.0,0.5787600175645289,0.5787600175645289,,,,1.0
1,hexane_gsolv_eV,25,0.9999999403953552,0.0,0.5787600175645289,0.5787600175645289,,,,1.0
1,hexane_gsolv_eV,26,0.9999999403953552,0.0,0.5787600175645289,0.5787600175645289,,,,1.0
1,hexane_gsolv_eV,27,0.9999999403953552,0.0,0.5787600175645289,0.5787600175645289,,,,1.0
1,hexane_gsolv_eV,28,0.9999999403953552,0.0,0.5787600175645289,0.5787600175645289,,,,1.0
1,hexane_gsolv_eV,29,0.9999999403953552,0.0,0.5787600175645289,0.5787600175645289,,,,1.0
1,hexane_gsolv_eV,30,0.9999999403953552,0.0,0.5787600175645289,0.5787600175645289,,,,1.0
1,hexane_gsolv_eV,31,0.9999999403953552,0.0,0.5787600175645289,0.5787600175645289,,,,1.0
1,hexane_gsolv_eV,32,0.9999999403953552,0.0,0.5787600175645289,0.5787600175645289,,,,1.0
1,hexane_gsolv_eV,33,0.9999999403953552,0.0,0.5787600175645289,0.5787600175645289,,,,1.0
1,hexane_gsolv_eV,34,0.9999999403953552,0.0,0.5787600175645289,0.5787600175645289,,,,1.0
1,hexane_gsolv_eV,35,0.9999999403953552,0.0,0.5787600175645289,0.5787600175645289,,,,1.0
1,hexane_gsolv_eV,36,0.9999999403953552,0.0,0.5787600175645289,0.5787600175645289,,,,1.0
1,hexane_gsolv_eV,37,0.9999999403953552,0.0,0.5787600175645289,0.5787600175645289,,,,1.0
1,hexane_gsolv_eV,38,0.9999999403953552,0.0,0.5787600175645289,0.5787600175645289,,,,1.0
1,hexane_gsolv_eV,39,0.9999999403953552,0.0,0.5787600175645289,0.5787600175645289,,,,1.0
1,hexane_gsolv_eV,40,0.9999999403953552,0.0,0.5787600175645289,0.5787600175645289,,,,1.0
1,hexane_gsolv_eV,41,0.9999999403953552,0.0,0.5787600175645289,0.5787600175645289,,,,1.0
1,hexane_gsolv_eV,42,0.9999999403953552,0.0,0.5787600175645289,0.5787600175645289,,,,1.0
1,hexane_gsolv_eV,43,0.9999999403953552,0.0,0.5787600175645289,0.5787600175645289,,,,1.0
1,hexane_gsolv_eV,44,0.9999999403953552,0.0,0.5787600175645289,0.5787600175645289,,,,1.0
1,hexane_gsolv_eV,45,0.9999999403953552,0.0,0.5787600175645289,0.5787600175645289,,,,1.0
1,hexane_gsolv_eV,46,0.9999999403953552,0.0,0.5787600175645289,0.5787600175645289,,,,1.0
1,hexane_gsolv_eV,47,0.9999999403953552,0.0,0.5787600175645289,0.5787600175645289,,,,1.0
1,hexane_gsolv_eV,48,0.9999999403953552,0.0,0.5787600175645289,0.5787600175645289,,,,1.0
1,hexane_gsolv_eV,49,0.9999999403953552,0.0,0.5787600175645289,0.5787600175645289,,,,1.0
1,hexane_gsolv_eV,50,0.9999999403953552,0.0,0.5787600175645289,0.5787600175645289,,,,1.0
1,hexane_gsolv_eV,51,0.9999999403953552,0.0,0.5787600175645289,0.5787600175645289,,,,1.0
1,hexane_gsolv_eV,52,0.9999999403953552,0.0,0.5787600175645289,0.5787600175645289,,,,1.0
1,hexane_gsolv_eV,53,0.9999999403953552,0.0,0.5787600175645289,0.5787600175645289,,,,1.0
1,hexane_gsolv_eV,54,0.9999999403953552,0.0,0.5787600175645289,0.5787600175645289,,,,1.0
1,hexane_gsolv_eV,55,0.9999999403953552,0.0,0.5787600175645289,0.5787600175645289,,,,1.0
1,hexane_gsolv_eV,56,0.9999999403953552,0.0,0.5787600175645289,0.5787600175645289,,,,1.0
1,hexane_gsolv_eV,57,0.9999999403953552,0.0,0.5787600175645289,0.5787600175645289,,,,1.0
1,hexane_gsolv_eV,58,0.9999999403953552,0.0,0.5787600175645289,0.5787600175645289,,,,1.0
1,hexane_gsolv_eV,59,0.9999999403953552,0.0,0.5787600175645289,0.5787600175645289,,,,1.0
1,hexane_gsolv_eV,60,0.9999999403953552,0.0,0.5787600175645289,0.5787600175645289,,,,1.0
1,hexane_gsolv_eV,61,0.9999999403953552,0.0,0.5787600175645289,0.5787600175645289,,,,1.0
1,hexane_gsolv_eV,62,0.9999999403953552,0.0,0.5787600175645289,0.5787600175645289,,,,1.0
1,hexane_gsolv_eV,63,0.9999999403953552,0.0,0.5787600175645289,0.5787600175645289,,,,1.0
1,hexane_gsolv_eV,64,0.9999999403953552,0.0,0.5787600175645289,0.5787600175645289,,,,1.0
1,hexane_gsolv_eV,65,0.9999999403953552,0.0,0.5787600175645289,0.5787600175645289,,,,1.0
1,hexane_gsolv_eV,66,0.9999999403953552,0.0,0.5787600175645289,0.5787600175645289,,,,1.0
1,hexane_gsolv_eV,67,0.9999999403953552,0.0,0.5787600175645289,0.5787600175645289,,,,1.0
1,hexane_gsolv_eV,68,0.9999999403953552,0.0,0.5787600175645289,0.5787600175645289,,,,1.0
1,hexane_gsolv_eV,69,0.9999999403953552,0.0,0.5787600175645289,0.5787600175645289,,,,1.0
1,hexane_gsolv_eV,70,0.9999999403953552,0.0,0.5787600175645289,0.5787600175645289,,,,1.0
1,hexane_gsolv_eV,71,0.9999999403953552,0.0,0.5787600175645289,0.5787600175645289,,,,1.0
1,hexane_gsolv_eV,72,0.9999999403953552,0.0,0.5787600175645289,0.5787600175645289,,,,1.0
1,hexane_gsolv_eV,73,0.9999999403953552,0.0,0.5787600175645289,0.5787600175645289,,,,1.0
1,hexane_gsolv_eV,74,0.9999999403953552,0.0,0.5787600175645289,0.5787600175645289,,,,1.0
1,hexane_gsolv_eV,75,0.9999999403953552,0.0,0.5787600175645289,0.5787600175645289,,,,1.0
1,hexane_gsolv_eV,76,0.9999999403953552,0.0,0.5787600175645289,0.5787600175645289,,,,1.0
1,hexane_gsolv_eV,77,0.9999999403953552,0.0,0.5787600175645289,0.5787600175645289,,,,1.0
1,hexane_gsolv_eV,78,0.9999999403953552,0.0,0.5787600175645289,0.5787600175645289,,,,1.0
1,hexane_gsolv_eV,79,0.9999999403953552,0.0,0.5787600175645289,0.5787600175645289,,,,1.0
1,hexane_gsolv_eV,80,0.9999999403953552,0.0,0.5787600175645289,0.5787600175645289,,,,1.0
1,hexane_gsolv_eV,81,0.9999999403953552,0.0,0.5787600175645289,0.5787600175645289,,,,1.0
1,hexane_gsolv_eV,82,0.9999999403953552,0.0,0.5787600175645289,0.5787600175645289,,,,1.0
1,hexane_gsolv_eV,83,0.9999999403953552,0.0,0.5787600175645289,0.5787600175645289,,,,1.0
1,hexane_gsolv_eV,84,0.9999999403953552,0.0,0.5787600175645289,0.5787600175645289,,,,1.0
1,hexane_gsolv_eV,85,0.9999999403953552,0.0,0.5787600175645289,0.5787600175645289,,,,1.0
1,hexane_gsolv_eV,86,0.9999999403953552,0.0,0.5787600175645289,0.5787600175645289,,,,1.0
1,hexane_gsolv_eV,87,0.9999999403953552,0.0,0.5787600175645289,0.5787600175645289,,,,1.0
1,hexane_gsolv_eV,88,0.9999999403953552,0.0,0.5787600175645289,0.5787600175645289,,,,1.0
1,hexane_gsolv_eV,89,0.9999999403953552,0.0,0.5787600175645289,0.5787600175645289,,,,1.0
1,hexane_gsolv_eV,90,0.9999999403953552,0.0,0.5787600175645289,0.5787600175645289,,,,1.0
1,hexane_gsolv_eV,91,0.9999999403953552,0.0,0.5787600175645289,0.5787600175645289,,,,1.0
1,hexane_gsolv_eV,92,0.9999999403953552,0.0,0.5787600175645289,0.5787600175645289,,,,1.0
1,hexane_gsolv_eV,93,0.9999999403953552,0.0,0.5787600175645289,0.5787600175645289,,,,1.0
1,hexane_gsolv_eV,94,0.9999999403953552,0.0,0.5787600175645289,0.5787600175645289,,,,1.0
1,hexane_gsolv_eV,95,0.9999999403953552,0.0,0.5787600175645289,0.5787600175645289,,,,1.0
1,hexane_gsolv_eV,96,0.9999999403953552,0.0,0.5787600175645289,0.5787600175645289,,,,1.0
1,hexane_gsolv_eV,97,0.9999999403953552,0.0,0.5787600175645289,0.5787600175645289,,,,1.0
1,hexane_gsolv_eV,98,0.9999999403953552,0.0,0.5787600175645289,0.5787600175645289,,,,1.0
1,hexane_gsolv_eV,99,0.9999999403953552,0.0,0.5787600175645289,0.5787600175645289,,,,1.0
1,hexane_gsolv_eV,100,0.9999999403953552,0.0,0.5787600175645289,0.5787600175645289,,,,1.0
1,hexane_gsolv_eV,101,0.9999999403953552,0.0,0.5787600175645289,0.5787600175645289,,,,1.0
1,hexane_gsolv_eV,102,0.9999999403953552,0.0,0.5787600175645289,0.5787600175645289,,,,1.0
1,hexane_gsolv_eV,103,0.9999999403953552,0.0,0.5787600175645289,0.5787600175645289,,,,1.0
1,hexane_gsolv_eV,104,0.9999999403953552,0.0,0.5787600175645289,0.5787600175645289,,,,1.0
1,hexane_gsolv_eV,105,0.9999999403953552,0.0,0.5787600175645289,0.5787600175645289,,,,1.0
1,hexane_gsolv_eV,106,0.9999999403953552,0.0,0.5787600175645289,0.5787600175645289,,,,1.0
1,hexane_gsolv_eV,107,0.9999999403953552,0.0,0.5787600175645289,0.5787600175645289,,,,1.0
1,hexane_gsolv_eV,108,0.9999999403953552,0.0,0.5787600175645289,0.5787600175645289,,,,1.0
1,hexane_gsolv_eV,109,0.9999999403953552,0.0,0.5787600175645289,0.5787600175645289,,,,1.0
1,hexane_gsolv_eV,110,0.9999999403953552,0.0,0.5787600175645289,0.5787600175645289,,,,1.0
1,hexane_gsolv_eV,111,0.9999999403953552,0.0,0.5787600175645289,0.5787600175645289,,,,1.0
1,hexane_gsolv_eV,112,0.9999999403953552,0.0,0.5787600175645289,0.5787600175645289,,,,1.0
1,hexane_gsolv_eV,113,0.9999999403953552,0.0,0.5787600175645289,0.5787600175645289,,,,1.0
1,hexane_gsolv_eV,114,0.9999999403953552,0.0,0.5787600175645289,0.5787600175645289,,,,1.0
1,hexane_gsolv_eV,115,0.9999999403953552,0.0,0.5787600175645289,0.5787600175645289,,,,1.0
1,hexane_gsolv_eV,116,0.9999999403953552,0.0,0.5787600175645289,0.5787600175645289,,,,1.0
1,hexane_gsolv_eV,117,0.9999999403953552,0.0,0.5787600175645289,0.5787600175645289,,,,1.0
1,hexane_gsolv_eV,118,0.9999999403953552,0.0,0.5787600175645289,0.5787600175645289,,,,1.0
1,hexane_gsolv_eV,119,0.9999999403953552,0.0,0.5787600175645289,0.5787600175645289,,,,1.0
1,hexane_gsolv_eV,120,0.9999999403953552,0.0,0.5787600175645289,0.5787600175645289,,,,1.0
1,hexane_gsolv_eV,121,0.9999999403953552,0.0,0.5787600175645289,0.5787600175645289,,,,1.0
1,hexane_gsolv_eV,122,0.9999999403953552,0.0,0.5787600175645289,0.5787600175645289,,,,1.0
1,hexane_gsolv_eV,123,0.9999999403953552,0.0,0.5787600175645289,0.5787600175645289,,,,1.0
1,hexane_gsolv_eV,124,0.9999999403953552,0.0,0.5787600175645289,0.5787600175645289,,,,1.0
1,hexane_gsolv_eV,125,0.9999999403953552,0.0,0.5787600175645289,0.5787600175645289,,,,1.0
1,hexane_gsolv_eV,126,0.9999999403953552,0.0,0.5787600175645289,0.5787600175645289,,,,1.0
1,hexane_gsolv_eV,127,0.9999999403953552,0.0,0.5787600175645289,0.5787600175645289,,,,1.0
1,hexane_gsolv_eV,128,0.9999999403953552,0.0,0.5787600175645289,0.5787600175645289,,,,1.0
1,hexane_gsolv_eV,129,0.9999999403953552,0.0,0.5787600175645289,0.5787600175645289,,,,1.0
1,hexane_gsolv_eV,130,0.9999999403953552,0.0,0.5787600175645289,0.5787600175645289,,,,1.0
1,hexane_gsolv_eV,131,0.9999999403953552,0.0,0.5787600175645289,0.5787600175645289,,,,1.0
1,hexane_gsolv_eV,132,0.9999999403953552,0.0,0.5787600175645289,0.5787600175645289,,,,1.0
1,hexane_gsolv_eV,133,0.9999999403953552,0.0,0.5787600175645289,0.5787600175645289,,,,1.0
1,hexane_gsolv_eV,134,0.9999999403953552,0.0,0.5787600175645289,0.5787600175645289,,,,1.0
1,hexane_gsolv_eV,135,0.9999999403953552,0.0,0.5787600175645289,0.5787600175645289,,,,1.0
1,hexane_gsolv_eV,136,0.9999999403953552,0.0,0.5787600175645289,0.5787600175645289,,,,1.0
1,hexane_gsolv_eV,137,0.9999999403953552,0.0,0.5787600175645289,0.5787600175645289,,,,1.0
1,hexane_gsolv_eV,138,0.9999999403953552,0.0,0.5787600175645289,0.5787600175645289,,,,1.0
1,hexane_gsolv_eV,139,0.9999999403953552,0.0,0.5787600175645289,0.5787600175645289,,,,1.0
1,hexane_gsolv_eV,140,0.9999999403953552,0.0,0.5787600175645289,0.5787600175645289,,,,1.0
1,hexane_gsolv_eV,141,0.9999999403953552,0.0,0.5787600175645289,0.5787600175645289,,,,1.0
1,hexane_gsolv_eV,142,0.9999999403953552,0.0,0.5787600175645289,0.5787600175645289,,,,1.0
1,hexane_gsolv_eV,143,0.9999999403953552,0.0,0.5787600175645289,0.5787600175645289,,,,1.0
1,hexane_gsolv_eV,144,0.9999999403953552,0.0,0.5787600175645289,0.5787600175645289,,,,1.0
1,hexane_gsolv_eV,145,0.9999999403953552,0.0,0.5787600175645289,0.5787600175645289,,,,1.0
1,hexane_gsolv_eV,146,0.9999999403953552,0.0,0.5787600175645289,0.5787600175645289,,,,1.0
1,hexane_gsolv_eV,147,0.9999999403953552,0.0,0.5787600175645289,0.5787600175645289,,,,1.0
1,hexane_gsolv_eV,148,0.9999999403953552,0.0,0.5787600175645289,0.5787600175645289,,,,1.0
1,hexane_gsolv_eV,149,0.9999999403953552,0.0,0.5787600175645289,0.5787600175645289,,,,1.0
1,hexane_gsolv_eV,150,0.9999999403953552,0.0,0.5787600175645289,0.5787600175645289,,,,1.0
1,hexane_gsolv_eV,151,0.9999999403953552,0.0,0.5787600175645289,0.5787600175645289,,,,1.0
1,hexane_gsolv_eV,152,0.9999999403953552,0.0,0.5787600175645289,0.5787600175645289,,,,1.0
1,hexane_gsolv_eV,153,0.9999999403953552,0.0,0.5787600175645289,0.5787600175645289,,,,1.0
1,hexane_gsolv_eV,154,0.9999999403953552,0.0,0.5787600175645289,0.5787600175645289,,,,1.0
1,hexane_gsolv_eV,155,0.9999999403953552,0.0,0.5787600175645289,0.5787600175645289,,,,1.0
1,hexane_gsolv_eV,156,0.9999999403953552,0.0,0.5787600175645289,0.5787600175645289,,,,1.0
1,hexane_gsolv_eV,157,0.9999999403953552,0.0,0.5787600175645289,0.5787600175645289,,,,1.0
1,hexane_gsolv_eV,158,0.9999999403953552,0.0,0.5787600175645289,0.5787600175645289,,,,1.0
1,hexane_gsolv_eV,159,0.9999999403953552,0.0,0.5787600175645289,0.5787600175645289,,,,1.0
1,hexane_gsolv_eV,160,0.9999999403953552,0.0,0.5787600175645289,0.5787600175645289,,,,1.0
1,hexane_gsolv_eV,161,0.9999999403953552,0.0,0.5787600175645289,0.5787600175645289,,,,1.0
1,hexane_gsolv_eV,162,0.9999999403953552,0.0,0.5787600175645289,0.5787600175645289,,,,1.0
1,hexane_gsolv_eV,163,0.9999999403953552,0.0,0.5787600175645289,0.5787600175645289,,,,1.0
1,hexane_gsolv_eV,164,0.9999999403953552,0.0,0.5787600175645289,0.5787600175645289,,,,1.0
1,hexane_gsolv_eV,165,0.9999999403953552,0.0,0.5787600175645289,0.5787600175645289,,,,1.0
1,hexane_gsolv_eV,166,0.9999999403953552,0.0,0.5787600175645289,0.5787600175645289,,,,1.0
1,hexane_gsolv_eV,167,0.9999999403953552,0.0,0.5787600175645289,0.5787600175645289,,,,1.0
1,hexane_gsolv_eV,168,0.9999999403953552,0.0,0.5787600175645289,0.5787600175645289,,,,1.0
1,hexane_gsolv_eV,169,0.9999999403953552,0.0,0.5787600175645289,0.5787600175645289,,,,1.0
1,hexane_gsolv_eV,170,0.9999999403953552,0.0,0.5787600175645289,0.5787600175645289,,,,1.0
1,hexane_gsolv_eV,171,0.9999999403953552,0.0,0.5787600175645289,0.5787600175645289,,,,1.0
1,hexane_gsolv_eV,172,0.9999999403953552,0.0,0.5787600175645289,0.5787600175645289,,,,1.0
1,hexane_gsolv_eV,173,0.9999999403953552,0.0,0.5787600175645289,0.5787600175645289,,,,1.0
1,hexane_gsolv_eV,174,0.9999999403953552,0.0,0.5787600175645289,0.5787600175645289,,,,1.0
1,hexane_gsolv_eV,175,0.9999999403953552,0.0,0.5787600175645289,0.5787600175645289,,,,1.0
1,hexane_gsolv_eV,176,0.9999999403953552,0.0,0.5787600175645289,0.5787600175645289,,,,1.0
1,hexane_gsolv_eV,177,0.9999999403953552,0.0,0.5787600175645289,0.5787600175645289,,,,1.0
1,hexane_gsolv_eV,178,0.9999999403953552,0.0,0.5787600175645289,0.5787600175645289,,,,1.0
1,hexane_gsolv_eV,179,0.9999999403953552,0.0,0.5787600175645289,0.5787600175645289,,,,1.0
1,hexane_gsolv_eV,180,0.9999999403953552,0.0,0.5787600175645289,0.5787600175645289,,,,1.0
1,hexane_gsolv_eV,181,0.9999999403953552,0.0,0.5787600175645289,0.5787600175645289,,,,1.0
1,hexane_gsolv_eV,182,0.9999999403953552,0.0,0.5787600175645289,0.5787600175645289,,,,1.0
1,hexane_gsolv_eV,183,0.9999999403953552,0.0,0.5787600175645289,0.5787600175645289,,,,1.0
1,hexane_gsolv_eV,184,0.9999999403953552,0.0,0.5787600175645289,0.5787600175645289,,,,1.0
1,hexane_gsolv_eV,185,0.9999999403953552,0.0,0.5787600175645289,0.5787600175645289,,,,1.0
1,hexane_gsolv_eV,186,0.9999999403953552,0.0,0.5787600175645289,0.5787600175645289,,,,1.0
1,hexane_gsolv_eV,187,0.9999999403953552,0.0,0.5787600175645289,0.5787600175645289,,,,1.0
1,hexane_gsolv_eV,188,0.9999999403953552,0.0,0.5787600175645289,0.5787600175645289,,,,1.0
1,hexane_gsolv_eV,189,0.9999999403953552,0.0,0.5787600175645289,0.5787600175645289,,,,1.0
1,hexane_gsolv_eV,190,0.9999999403953552,0.0,0.5787600175645289,0.5787600175645289,,,,1.0
1,hexane_gsolv_eV,191,0.9999999403953552,0.0,0.5787600175645289,0.5787600175645289,,,,1.0
1,hexane_gsolv_eV,192,0.9999999403953552,0.0,0.5787600175645289,0.5787600175645289,,,,1.0
1,hexane_gsolv_eV,193,0.9999999403953552,0.0,0.5787600175645289,0.5787600175645289,,,,1.0
1,hexane_gsolv_eV,194,0.9999999403953552,0.0,0.5787600175645289,0.5787600175645289,,,,1.0
1,hexane_gsolv_eV,195,0.9999999403953552,0.0,0.5787600175645289,0.5787600175645289,,,,1.0
1,hexane_gsolv_eV,196,0.9999999403953552,0.0,0.5787600175645289,0.5787600175645289,,,,1.0
1,hexane_gsolv_eV,197,0.9999999403953552,0.0,0.5787600175645289,0.5787600175645289,,,,1.0
1,hexane_gsolv_eV,198,0.9999999403953552,0.0,0.5787600175645289,0.5787600175645289,,,,1.0
1,hexane_gsolv_eV,199,0.9999999403953552,0.0,0.5787600175645289,0.5787600175645289,,,,1.0
1,hexane_gsolv_eV,200,0.9999999403953552,0.0,0.5787600175645289,0.5787600175645289,,,,1.0
1,hexane_gsolv_eV,201,0.9999999403953552,0.0,0.5787600175645289,0.5787600175645289,,,,1.0
1,hexane_gsolv_eV,202,0.9999999403953552,0.0,0.5787600175645289,0.5787600175645289,,,,1.0
1,hexane_gsolv_eV,203,0.9999999403953552,0.0,0.5787600175645289,0.5787600175645289,,,,1.0
1,hexane_gsolv_eV,204,0.9999999403953552,0.0,0.5787600175645289,0.5787600175645289,,,,1.0
1,hexane_gsolv_eV,205,0.9999999403953552,0.0,0.5787600175645289,0.5787600175645289,,,,1.0
1,hexane_gsolv_eV,206,0.9999999403953552,0.0,0.5787600175645289,0.5787600175645289,,,,1.0
1,hexane_gsolv_eV,207,0.9999999403953552,0.0,0.5787600175645289,0.5787600175645289,,,,1.0
1,hexane_gsolv_eV,208,0.9999999403953552,0.0,0.5787600175645289,0.5787600175645289,,,,1.0
1,hexane_gsolv_eV,209,0.9999999403953552,0.0,0.5787600175645289,0.5787600175645289,,,,1.0
1,hexane_gsolv_eV,210,0.9999999403953552,0.0,0.5787600175645289,0.5787600175645289,,,,1.0
1,hexane_gsolv_eV,211,0.9999999403953552,0.0,0.5787600175645289,0.5787600175645289,,,,1.0
1,hexane_gsolv_eV,212,0.9999999403953552,0.0,0.5787600175645289,0.5787600175645289,,,,1.0
1,hexane_gsolv_eV,213,0.9999999403953552,0.0,0.5787600175645289,0.5787600175645289,,,,1.0
1,hexane_gsolv_eV,214,0.9999999403953552,0.0,0.5787600175645289,0.5787600175645289,,,,1.0
1,hexane_gsolv_eV,215,0.9999999403953552,0.0,0.5787600175645289,0.5787600175645289,,,,1.0
1,hexane_gsolv_eV,216,0.9999999403953552,0.0,0.5787600175645289,0.5787600175645289,,,,1.0
1,hexane_gsolv_eV,217,0.9999999403953552,0.0,0.5787600175645289,0.5787600175645289,,,,1.0
1,hexane_gsolv_eV,218,0.9999999403953552,0.0,0.5787600175645289,0.5787600175645289,,,,1.0
1,hexane_gsolv_eV,219,0.9999999403953552,0.0,0.5787600175645289,0.5787600175645289,,,,1.0
1,hexane_gsolv_eV,220,0.9999999403953552,0.0,0.5787600175645289,0.5787600175645289,,,,1.0
1,hexane_gsolv_eV,221,0.9999999403953552,0.0,0.5787600175645289,0.5787600175645289,,,,1.0
1,hexane_gsolv_eV,222,0.9999999403953552,0.0,0.5787600175645289,0.5787600175645289,,,,1.0
1,hexane_gsolv_eV,223,0.9999999403953552,0.0,0.5787600175645289,0.5787600175645289,,,,1.0
1,hexane_gsolv_eV,224,0.9999999403953552,0.0,0.5787600175645289,0.5787600175645289,,,,1.0
1,hexane_gsolv_eV,225,0.9999999403953552,0.0,0.5787600175645289,0.5787600175645289,,,,1.0
1,hexane_gsolv_eV,226,0.9999999403953552,0.0,0.5787600175645289,0.5787600175645289,,,,1.0
1,hexane_gsolv_eV,227,0.9999999403953552,0.0,0.5787600175645289,0.5787600175645289,,,,1.0
1,hexane_gsolv_eV,228,0.9999999403953552,0.0,0.5787600175645289,0.5787600175645289,,,,1.0
1,hexane_gsolv_eV,229,0.9999999403953552,0.0,0.5787600175645289,0.5787600175645289,,,,1.0
1,hexane_gsolv_eV,230,0.9999999403953552,0.0,0.5787600175645289,0.5787600175645289,,,,1.0
1,hexane_gsolv_eV,231,0.9999999403953552,0.0,0.5787600175645289,0.5787600175645289,,,,1.0
1,hexane_gsolv_eV,232,0.9999999403953552,0.0,0.5787600175645289,0.5787600175645289,,,,1.0
1,hexane_gsolv_eV,233,0.9999999403953552,0.0,0.5787600175645289,0.5787600175645289,,,,1.0
1,hexane_gsolv_eV,234,0.9999999403953552,0.0,0.5787600175645289,0.5787600175645289,,,,1.0
1,hexane_gsolv_eV,235,0.9999999403953552,0.0,0.5787600175645289,0.5787600175645289,,,,1.0
1,hexane_gsolv_eV,236,0.9999999403953552,0.0,0.5787600175645289,0.5787600175645289,,,,1.0
1,hexane_gsolv_eV,237,0.9999999403953552,0.0,0.5787600175645289,0.5787600175645289,,,,1.0
1,hexane_gsolv_eV,238,0.9999999403953552,0.0,0.5787600175645289,0.5787600175645289,,,,1.0
1,hexane_gsolv_eV,239,0.9999999403953552,0.0,0.5787600175645289,0.5787600175645289,,,,1.0
1,hexane_gsolv_eV,240,0.9999999403953552,0.0,0.5787600175645289,0.5787600175645289,,,,1.0
1,hexane_gsolv_eV,241,0.9999999403953552,0.0,0.5787600175645289,0.5787600175645289,,,,1.0
1,hexane_gsolv_eV,242,0.9999999403953552,0.0,0.5787600175645289,0.5787600175645289,,,,1.0
1,hexane_gsolv_eV,243,0.9999999403953552,0.0,0.5787600175645289,0.5787600175645289,,,,1.0
1,hexane_gsolv_eV,244,0.9999999403953552,0.0,0.5787600175645289,0.5787600175645289,,,,1.0
1,hexane_gsolv_eV,245,0.9999999403953552,0.0,0.5787600175645289,0.5787600175645289,,,,1.0
1,hexane_gsolv_eV,246,0.9999999403953552,0.0,0.5787600175645289,0.5787600175645289,,,,1.0
1,hexane_gsolv_eV,247,0.9999999403953552,0.0,0.5787600175645289,0.5787600175645289,,,,1.0
1,hexane_gsolv_eV,248,0.9999999403953552,0.0,0.5787600175645289,0.5787600175645289,,,,1.0
1,hexane_gsolv_eV,249,0.9999999403953552,0.0,0.5787600175645289,0.5787600175645289,,,,1.0
1,hexane_hl_gap_eV,0,1.0,0.0,0.6883422811868998,0.6883422811868998,,,,1.0
1,hexane_hl_gap_eV,1,1.0,0.0,0.6883422811868998,0.6883422811868998,,,,1.0
1,hexane_hl_gap_eV,2,1.0,0.0,0.6883422811868998,0.6883422811868998,,,,1.0
1,hexane_hl_gap_eV,3,1.0,0.0,0.6883422811868998,0.6883422811868998,,,,1.0
1,hexane_hl_gap_eV,4,1.0,0.0,0.6883422811868998,0.6883422811868998,,,,1.0
1,hexane_hl_gap_eV,5,1.0,0.0,0.6883422811868998,0.6883422811868998,,,,1.0
1,hexane_hl_gap_eV,6,1.0,0.0,0.6883422811868998,0.6883422811868998,,,,1.0
1,hexane_hl_gap_eV,7,1.0,0.0,0.6883422811868998,0.6883422811868998,,,,1.0
1,hexane_hl_gap_eV,8,1.0,0.0,0.6883422811868998,0.6883422811868998,,,,1.0
1,hexane_hl_gap_eV,9,1.0,0.0,0.6883422811868998,0.6883422811868998,,,,1.0
1,hexane_hl_gap_eV,10,1.0,0.0,0.6883422811868998,0.6883422811868998,,,,1.0
1,hexane_hl_gap_eV,11,1.0,0.0,0.6883422811868998,0.6883422811868998,,,,1.0
1,hexane_hl_gap_eV,12,1.0,0.0,0.6883422811868998,0.6883422811868998,,,,1.0
1,hexane_hl_gap_eV,13,1.0,0.0,0.6883422811868998,0.6883422811868998,,,,1.0
1,hexane_hl_gap_eV,14,1.0,0.0,0.6883422811868998,0.6883422811868998,,,,1.0
1,hexane_hl_gap_eV,15,1.0,0.0,0.6883422811868998,0.6883422811868998,,,,1.0
1,hexane_hl_gap_eV,16,1.0,0.0,0.6883422811868998,0.6883422811868998,,,,1.0
1,hexane_hl_gap_eV,17,1.0,0.0,0.6883422811868998,0.6883422811868998,,,,1.0
1,hexane_hl_gap_eV,18,1.0,0.0,0.6883422811868998,0.6883422811868998,,,,1.0
1,hexane_hl_gap_eV,19,1.0,0.0,0.6883422811868998,0.6883422811868998,,,,1.0
1,hexane_hl_gap_eV,20,1.0,0.0,0.6883422811868998,0.6883422811868998,,,,1.0
1,hexane_hl_gap_eV,21,1.0,0.0,0.6883422811868998,0.6883422811868998,,,,1.0
1,hexane_hl_gap_eV,22,1.0,0.0,0.6883422811868998,0.6883422811868998,,,,1.0
1,hexane_hl_gap_eV,23,1.0,0.0,0.6883422811868998,0.6883422811868998,,,,1.0
1,hexane_hl_gap_eV,24,1.0,0.0,0.6883422811868998,0.6883422811868998,,,,1.0
1,hexane_hl_gap_eV,25,1.0,0.0,0.6883422811868998,0.6883422811868998,,,,1.0
1,hexane_hl_gap_eV,26,1.0,0.0,0.6883422811868998,0.6883422811868998,,,,1.0
1,hexane_hl_gap_eV,27,1.0,0.0,0.6883422811868998,0.6883422811868998,,,,1.0
1,hexane_hl_gap_eV,28,1.0,0.0,0.6883422811868998,0.6883422811868998,,,,1.0
1,hexane_hl_gap_eV,29,1.0,0.0,0.6883422811868998,0.6883422811868998,,,,1.0
1,hexane_hl_gap_eV,30,1.0,0.0,0.6883422811868998,0.6883422811868998,,,,1.0
1,hexane_hl_gap_eV,31,1.0,0.0,0.6883422811868998,0.6883422811868998,,,,1.0
1,hexane_hl_gap_eV,32,1.0,0.0,0.6883422811868998,0.6883422811868998,,,,1.0
1,hexane_hl_gap_eV,33,1.0,0.0,0.6883422811868998,0.6883422811868998,,,,1.0
1,hexane_hl_gap_eV,34,1.0,0.0,0.6883422811868998,0.6883422811868998,,,,1.0
1,hexane_hl_gap_eV,35,1.0,0.0,0.6883422811868998,0.6883422811868998,,,,1.0
1,hexane_hl_gap_eV,36,1.0,0.0,0.6883422811868998,0.6883422811868998,,,,1.0
1,hexane_hl_gap_eV,37,1.0,0.0,0.6883422811868998,0.6883422811868998,,,,1.0
1,hexane_hl_gap_eV,38,1.0,0.0,0.6883422811868998,0.6883422811868998,,,,1.0
1,hexane_hl_gap_eV,39,1.0,0.0,0.6883422811868998,0.6883422811868998,,,,1.0
1,hexane_hl_gap_eV,40,1.0,0.0,0.6883422811868998,0.6883422811868998,,,,1.0
1,hexane_hl_gap_eV,41,1.0,0.0,0.6883422811868998,0.6883422811868998,,,,1.0
1,hexane_hl_gap_eV,42,1.0,0.0,0.6883422811868998,0.6883422811868998,,,,1.0
1,hexane_hl_gap_eV,43,1.0,0.0,0.6883422811868998,0.6883422811868998,,,,1.0
1,hexane_hl_gap_eV,44,1.0,0.0,0.6883422811868998,0.6883422811868998,,,,1.0
1,hexane_hl_gap_eV,45,1.0,0.0,0.6883422811868998,0.6883422811868998,,,,1.0
1,hexane_hl_gap_eV,46,1.0,0.0,0.6883422811868998,0.6883422811868998,,,,1.0
1,hexane_hl_gap_eV,47,1.0,0.0,0.6883422811868998,0.6883422811868998,,,,1.0
1,hexane_hl_gap_eV,48,1.0,0.0,0.6883422811868998,0.6883422811868998,,,,1.0
1,hexane_hl_gap_eV,49,1.0,0.0,0.6883422811868998,0.6883422811868998,,,,1.0
1,hexane_hl_gap_eV,50,1.0,0.0,0.6883422811868998,0.6883422811868998,,,,1.0
1,hexane_hl_gap_eV,51,1.0,0.0,0.6883422811868998,0.6883422811868998,,,,1.0
1,hexane_hl_gap_eV,52,1.0,0.0,0.6883422811868998,0.6883422811868998,,,,1.0
1,hexane_hl_gap_eV,53,1.0,0.0,0.6883422811868998,0.6883422811868998,,,,1.0
1,hexane_hl_gap_eV,54,1.0,0.0,0.6883422811868998,0.6883422811868998,,,,1.0
1,hexane_hl_gap_eV,55,1.0,0.0,0.6883422811868998,0.6883422811868998,,,,1.0
1,hexane_hl_gap_eV,56,1.0,0.0,0.6883422811868998,0.6883422811868998,,,,1.0
1,hexane_hl_gap_eV,57,1.0,0.0,0.6883422811868998,0.6883422811868998,,,,1.0
1,hexane_hl_gap_eV,58,1.0,0.0,0.6883422811868998,0.6883422811868998,,,,1.0
1,hexane_hl_gap_eV,59,1.0,0.0,0.6883422811868998,0.6883422811868998,,,,1.0
1,hexane_hl_gap_eV,60,1.0,0.0,0.6883422811868998,0.6883422811868998,,,,1.0
1,hexane_hl_gap_eV,61,1.0,0.0,0.6883422811868998,0.6883422811868998,,,,1.0
1,hexane_hl_gap_eV,62,1.0,0.0,0.6883422811868998,0.6883422811868998,,,,1.0
1,hexane_hl_gap_eV,63,1.0,0.0,0.6883422811868998,0.6883422811868998,,,,1.0
1,hexane_hl_gap_eV,64,1.0,0.0,0.6883422811868998,0.6883422811868998,,,,1.0
1,hexane_hl_gap_eV,65,1.0,0.0,0.6883422811868998,0.6883422811868998,,,,1.0
1,hexane_hl_gap_eV,66,1.0,0.0,0.6883422811868998,0.6883422811868998,,,,1.0
1,hexane_hl_gap_eV,67,1.0,0.0,0.6883422811868998,0.6883422811868998,,,,1.0
1,hexane_hl_gap_eV,68,1.0,0.0,0.6883422811868998,0.6883422811868998,,,,1.0
1,hexane_hl_gap_eV,69,1.0,0.0,0.6883422811868998,0.6883422811868998,,,,1.0
1,hexane_hl_gap_eV,70,1.0,0.0,0.6883422811868998,0.6883422811868998,,,,1.0
1,hexane_hl_gap_eV,71,1.0,0.0,0.6883422811868998,0.6883422811868998,,,,1.0
1,hexane_hl_gap_eV,72,1.0,0.0,0.6883422811868998,0.6883422811868998,,,,1.0
1,hexane_hl_gap_eV,73,1.0,0.0,0.6883422811868998,0.6883422811868998,,,,1.0
1,hexane_hl_gap_eV,74,1.0,0.0,0.6883422811868998,0.6883422811868998,,,,1.0
1,hexane_hl_gap_eV,75,1.0,0.0,0.6883422811868998,0.6883422811868998,,,,1.0
1,hexane_hl_gap_eV,76,1.0,0.0,0.6883422811868998,0.6883422811868998,,,,1.0
1,hexane_hl_gap_eV,77,1.0,0.0,0.6883422811868998,0.6883422811868998,,,,1.0
1,hexane_hl_gap_eV,78,1.0,0.0,0.6883422811868998,0.6883422811868998,,,,1.0
1,hexane_hl_gap_eV,79,1.0,0.0,0.6883422811868998,0.6883422811868998,,,,1.0
1,hexane_hl_gap_eV,80,1.0,0.0,0.6883422811868998,0.6883422811868998,,,,1.0
1,hexane_hl_gap_eV,81,1.0,0.0,0.6883422811868998,0.6883422811868998,,,,1.0
1,hexane_hl_gap_eV,82,1.0,0.0,0.6883422811868998,0.6883422811868998,,,,1.0
1,hexane_hl_gap_eV,83,1.0,0.0,0.6883422811868998,0.6883422811868998,,,,1.0
1,hexane_hl_gap_eV,84,1.0,0.0,0.6883422811868998,0.6883422811868998,,,,1.0
1,hexane_hl_gap_eV,85,1.0,0.0,0.6883422811868998,0.6883422811868998,,,,1.0
1,hexane_hl_gap_eV,86,1.0,0.0,0.6883422811868998,0.6883422811868998,,,,1.0
1,hexane_hl_gap_eV,87,1.0,0.0,0.6883422811868998,0.6883422811868998,,,,1.0
1,hexane_hl_gap_eV,88,1.0,0.0,0.6883422811868998,0.6883422811868998,,,,1.0
1,hexane_hl_gap_eV,89,1.0,0.0,0.6883422811868998,0.6883422811868998,,,,1.0
1,hexane_hl_gap_eV,90,1.0,0.0,0.6883422811868998,0.6883422811868998,,,,1.0
1,hexane_hl_gap_eV,91,1.0,0.0,0.6883422811868998,0.6883422811868998,,,,1.0
1,hexane_hl_gap_eV,92,1.0,0.0,0.6883422811868998,0.6883422811868998,,,,1.0
1,hexane_hl_gap_eV,93,1.0,0.0,0.6883422811868998,0.6883422811868998,,,,1.0
1,hexane_hl_gap_eV,94,1.0,0.0,0.6883422811868998,0.6883422811868998,,,,1.0
1,hexane_hl_gap_eV,95,1.0,0.0,0.6883422811868998,0.6883422811868998,,,,1.0
1,hexane_hl_gap_eV,96,1.0,0.0,0.6883422811868998,0.6883422811868998,,,,1.0
1,hexane_hl_gap_eV,97,1.0,0.0,0.6883422811868998,0.6883422811868998,,,,1.0
1,hexane_hl_gap_eV,98,1.0,0.0,0.6883422811868998,0.6883422811868998,,,,1.0
1,hexane_hl_gap_eV,99,1.0,0.0,0.6883422811868998,0.6883422811868998,,,,1.0
1,hexane_hl_gap_eV,100,1.0,0.0,0.6883422811868998,0.6883422811868998,,,,1.0
1,hexane_hl_gap_eV,101,1.0,0.0,0.6883422811868998,0.6883422811868998,,,,1.0
1,hexane_hl_gap_eV,102,1.0,0.0,0.6883422811868998,0.6883422811868998,,,,1.0
1,hexane_hl_gap_eV,103,1.0,0.0,0.6883422811868998,0.6883422811868998,,,,1.0
1,hexane_hl_gap_eV,104,1.0,0.0,0.6883422811868998,0.6883422811868998,,,,1.0
1,hexane_hl_gap_eV,105,1.0,0.0,0.6883422811868998,0.6883422811868998,,,,1.0
1,hexane_hl_gap_eV,106,1.0,0.0,0.6883422811868998,0.6883422811868998,,,,1.0
1,hexane_hl_gap_eV,107,1.0,0.0,0.6883422811868998,0.6883422811868998,,,,1.0
1,hexane_hl_gap_eV,108,1.0,0.0,0.6883422811868998,0.6883422811868998,,,,1.0
1,hexane_hl_gap_eV,109,1.0,0.0,0.6883422811868998,0.6883422811868998,,,,1.0
1,hexane_hl_gap_eV,110,1.0,0.0,0.6883422811868998,0.6883422811868998,,,,1.0
1,hexane_hl_gap_eV,111,1.0,0.0,0.6883422811868998,0.6883422811868998,,,,1.0
1,hexane_hl_gap_eV,112,1.0,0.0,0.6883422811868998,0.6883422811868998,,,,1.0
1,hexane_hl_gap_eV,113,1.0,0.0,0.6883422811868998,0.6883422811868998,,,,1.0
1,hexane_hl_gap_eV,114,1.0,0.0,0.6883422811868998,0.6883422811868998,,,,1.0
1,hexane_hl_gap_eV,115,1.0,0.0,0.6883422811868998,0.6883422811868998,,,,1.0
1,hexane_hl_gap_eV,116,1.0,0.0,0.6883422811868998,0.6883422811868998,,,,1.0
1,hexane_hl_gap_eV,117,1.0,0.0,0.6883422811868998,0.6883422811868998,,,,1.0
1,hexane_hl_gap_eV,118,1.0,0.0,0.6883422811868998,0.6883422811868998,,,,1.0
1,hexane_hl_gap_eV,119,1.0,0.0,0.6883422811868998,0.6883422811868998,,,,1.0
1,hexane_hl_gap_eV,120,1.0,0.0,0.6883422811868998,0.6883422811868998,,,,1.0
1,hexane_hl_gap_eV,121,1.0,0.0,0.6883422811868998,0.6883422811868998,,,,1.0
1,hexane_hl_gap_eV,122,1.0,0.0,0.6883422811868998,0.6883422811868998,,,,1.0
1,hexane_hl_gap_eV,123,1.0,0.0,0.6883422811868998,0.6883422811868998,,,,1.0
1,hexane_hl_gap_eV,124,1.0,0.0,0.6883422811868998,0.6883422811868998,,,,1.0
1,hexane_hl_gap_eV,125,1.0,0.0,0.6883422811868998,0.6883422811868998,,,,1.0
1,hexane_hl_gap_eV,126,1.0,0.0,0.6883422811868998,0.6883422811868998,,,,1.0
1,hexane_hl_gap_eV,127,1.0,0.0,0.6883422811868998,0.6883422811868998,,,,1.0
1,hexane_hl_gap_eV,128,1.0,0.0,0.6883422811868998,0.6883422811868998,,,,1.0
1,hexane_hl_gap_eV,129,1.0,0.0,0.6883422811868998,0.6883422811868998,,,,1.0
1,hexane_hl_gap_eV,130,1.0,0.0,0.6883422811868998,0.6883422811868998,,,,1.0
1,hexane_hl_gap_eV,131,1.0,0.0,0.6883422811868998,0.6883422811868998,,,,1.0
1,hexane_hl_gap_eV,132,1.0,0.0,0.6883422811868998,0.6883422811868998,,,,1.0
1,hexane_hl_gap_eV,133,1.0,0.0,0.6883422811868998,0.6883422811868998,,,,1.0
1,hexane_hl_gap_eV,134,1.0,0.0,0.6883422811868998,0.6883422811868998,,,,1.0
1,hexane_hl_gap_eV,135,1.0,0.0,0.6883422811868998,0.6883422811868998,,,,1.0
1,hexane_hl_gap_eV,136,1.0,0.0,0.6883422811868998,0.6883422811868998,,,,1.0
1,hexane_hl_gap_eV,137,1.0,0.0,0.6883422811868998,0.6883422811868998,,,,1.0
1,hexane_hl_gap_eV,138,1.0,0.0,0.6883422811868998,0.6883422811868998,,,,1.0
1,hexane_hl_gap_eV,139,1.0,0.0,0.6883422811868998,0.6883422811868998,,,,1.0
1,hexane_hl_gap_eV,140,1.0,0.0,0.6883422811868998,0.6883422811868998,,,,1.0
1,hexane_hl_gap_eV,141,1.0,0.0,0.6883422811868998,0.6883422811868998,,,,1.0
1,hexane_hl_gap_eV,142,1.0,0.0,0.6883422811868998,0.6883422811868998,,,,1.0
1,hexane_hl_gap_eV,143,1.0,0.0,0.6883422811868998,0.6883422811868998,,,,1.0
1,hexane_hl_gap_eV,144,1.0,0.0,0.6883422811868998,0.6883422811868998,,,,1.0
1,hexane_hl_gap_eV,145,1.0,0.0,0.6883422811868998,0.6883422811868998,,,,1.0
1,hexane_hl_gap_eV,146,1.0,0.0,0.6883422811868998,0.6883422811868998,,,,1.0
1,hexane_hl_gap_eV,147,1.0,0.0,0.6883422811868998,0.6883422811868998,,,,1.0
1,hexane_hl_gap_eV,148,1.0,0.0,0.6883422811868998,0.6883422811868998,,,,1.0
1,hexane_hl_gap_eV,149,1.0,0.0,0.6883422811868998,0.6883422811868998,,,,1.0
1,hexane_hl_gap_eV,150,1.0,0.0,0.6883422811868998,0.6883422811868998,,,,1.0
1,hexane_hl_gap_eV,151,1.0,0.0,0.6883422811868998,0.6883422811868998,,,,1.0
1,hexane_hl_gap_eV,152,1.0,0.0,0.6883422811868998,0.6883422811868998,,,,1.0
1,hexane_hl_gap_eV,153,1.0,0.0,0.6883422811868998,0.6883422811868998,,,,1.0
1,hexane_hl_gap_eV,154,1.0,0.0,0.6883422811868998,0.6883422811868998,,,,1.0
1,hexane_hl_gap_eV,155,1.0,0.0,0.6883422811868998,0.6883422811868998,,,,1.0
1,hexane_hl_gap_eV,156,1.0,0.0,0.6883422811868998,0.6883422811868998,,,,1.0
1,hexane_hl_gap_eV,157,1.0,0.0,0.6883422811868998,0.6883422811868998,,,,1.0
1,hexane_hl_gap_eV,158,1.0,0.0,0.6883422811868998,0.6883422811868998,,,,1.0
1,hexane_hl_gap_eV,159,1.0,0.0,0.6883422811868998,0.6883422811868998,,,,1.0
1,hexane_hl_gap_eV,160,1.0,0.0,0.6883422811868998,0.6883422811868998,,,,1.0
1,hexane_hl_gap_eV,161,1.0,0.0,0.6883422811868998,0.6883422811868998,,,,1.0
1,hexane_hl_gap_eV,162,1.0,0.0,0.6883422811868998,0.6883422811868998,,,,1.0
1,hexane_hl_gap_eV,163,1.0,0.0,0.6883422811868998,0.6883422811868998,,,,1.0
1,hexane_hl_gap_eV,164,1.0,0.0,0.6883422811868998,0.6883422811868998,,,,1.0
1,hexane_hl_gap_eV,165,1.0,0.0,0.6883422811868998,0.6883422811868998,,,,1.0
1,hexane_hl_gap_eV,166,1.0,0.0,0.6883422811868998,0.6883422811868998,,,,1.0
1,hexane_hl_gap_eV,167,1.0,0.0,0.6883422811868998,0.6883422811868998,,,,1.0
1,hexane_hl_gap_eV,168,1.0,0.0,0.6883422811868998,0.6883422811868998,,,,1.0
1,hexane_hl_gap_eV,169,1.0,0.0,0.6883422811868998,0.6883422811868998,,,,1.0
1,hexane_hl_gap_eV,170,1.0,0.0,0.6883422811868998,0.6883422811868998,,,,1.0
1,hexane_hl_gap_eV,171,1.0,0.0,0.6883422811868998,0.6883422811868998,,,,1.0
1,hexane_hl_gap_eV,172,1.0,0.0,0.6883422811868998,0.6883422811868998,,,,1.0
1,hexane_hl_gap_eV,173,1.0,0.0,0.6883422811868998,0.6883422811868998,,,,1.0
1,hexane_hl_gap_eV,174,1.0,0.0,0.6883422811868998,0.6883422811868998,,,,1.0
1,hexane_hl_gap_eV,175,1.0,0.0,0.6883422811868998,0.6883422811868998,,,,1.0
1,hexane_hl_gap_eV,176,1.0,0.0,0.6883422811868998,0.6883422811868998,,,,1.0
1,hexane_hl_gap_eV,177,1.0,0.0,0.6883422811868998,0.6883422811868998,,,,1.0
1,hexane_hl_gap_eV,178,1.0,0.0,0.6883422811868998,0.6883422811868998,,,,1.0
1,hexane_hl_gap_eV,179,1.0,0.0,0.6883422811868998,0.6883422811868998,,,,1.0
1,hexane_hl_gap_eV,180,1.0,0.0,0.6883422811868998,0.6883422811868998,,,,1.0
1,hexane_hl_gap_eV,181,1.0,0.0,0.6883422811868998,0.6883422811868998,,,,1.0
1,hexane_hl_gap_eV,182,1.0,0.0,0.6883422811868998,0.6883422811868998,,,,1.0
1,hexane_hl_gap_eV,183,1.0,0.0,0.6883422811868998,0.6883422811868998,,,,1.0
1,hexane_hl_gap_eV,184,1.0,0.0,0.6883422811868998,0.6883422811868998,,,,1.0
1,hexane_hl_gap_eV,185,1.0,0.0,0.6883422811868998,0.6883422811868998,,,,1.0
1,hexane_hl_gap_eV,186,1.0,0.0,0.6883422811868998,0.6883422811868998,,,,1.0
1,hexane_hl_gap_eV,187,1.0,0.0,0.6883422811868998,0.6883422811868998,,,,1.0
1,hexane_hl_gap_eV,188,1.0,0.0,0.6883422811868998,0.6883422811868998,,,,1.0
1,hexane_hl_gap_eV,189,1.0,0.0,0.6883422811868998,0.6883422811868998,,,,1.0
1,hexane_hl_gap_eV,190,1.0,0.0,0.6883422811868998,0.6883422811868998,,,,1.0
1,hexane_hl_gap_eV,191,1.0,0.0,0.6883422811868998,0.6883422811868998,,,,1.0
1,hexane_hl_gap_eV,192,1.0,0.0,0.6883422811868998,0.6883422811868998,,,,1.0
1,hexane_hl_gap_eV,193,1.0,0.0,0.6883422811868998,0.6883422811868998,,,,1.0
1,hexane_hl_gap_eV,194,1.0,0.0,0.6883422811868998,0.6883422811868998,,,,1.0
1,hexane_hl_gap_eV,195,1.0,0.0,0.6883422811868998,0.6883422811868998,,,,1.0
1,hexane_hl_gap_eV,196,1.0,0.0,0.6883422811868998,0.6883422811868998,,,,1.0
1,hexane_hl_gap_eV,197,1.0,0.0,0.6883422811868998,0.6883422811868998,,,,1.0
1,hexane_hl_gap_eV,198,1.0,0.0,0.6883422811868998,0.6883422811868998,,,,1.0
1,hexane_hl_gap_eV,199,1.0,0.0,0.6883422811868998,0.6883422811868998,,,,1.0
1,hexane_hl_gap_eV,200,1.0,0.0,0.6883422811868998,0.6883422811868998,,,,1.0
1,hexane_hl_gap_eV,201,1.0,0.0,0.6883422811868998,0.6883422811868998,,,,1.0
1,hexane_hl_gap_eV,202,1.0,0.0,0.6883422811868998,0.6883422811868998,,,,1.0
1,hexane_hl_gap_eV,203,1.0,0.0,0.6883422811868998,0.6883422811868998,,,,1.0
1,hexane_hl_gap_eV,204,1.0,0.0,0.6883422811868998,0.6883422811868998,,,,1.0
1,hexane_hl_gap_eV,205,1.0,0.0,0.6883422811868998,0.6883422811868998,,,,1.0
1,hexane_hl_gap_eV,206,1.0,0.0,0.6883422811868998,0.6883422811868998,,,,1.0
1,hexane_hl_gap_eV,207,1.0,0.0,0.6883422811868998,0.6883422811868998,,,,1.0
1,hexane_hl_gap_eV,208,1.0,0.0,0.6883422811868998,0.6883422811868998,,,,1.0
1,hexane_hl_gap_eV,209,1.0,0.0,0.6883422811868998,0.6883422811868998,,,,1.0
1,hexane_hl_gap_eV,210,1.0,0.0,0.6883422811868998,0.6883422811868998,,,,1.0
1,hexane_hl_gap_eV,211,1.0,0.0,0.6883422811868998,0.6883422811868998,,,,1.0
1,hexane_hl_gap_eV,212,1.0,0.0,0.6883422811868998,0.6883422811868998,,,,1.0
1,hexane_hl_gap_eV,213,1.0,0.0,0.6883422811868998,0.6883422811868998,,,,1.0
1,hexane_hl_gap_eV,214,1.0,0.0,0.6883422811868998,0.6883422811868998,,,,1.0
1,hexane_hl_gap_eV,215,1.0,0.0,0.6883422811868998,0.6883422811868998,,,,1.0
1,hexane_hl_gap_eV,216,1.0,0.0,0.6883422811868998,0.6883422811868998,,,,1.0
1,hexane_hl_gap_eV,217,1.0,0.0,0.6883422811868998,0.6883422811868998,,,,1.0
1,hexane_hl_gap_eV,218,1.0,0.0,0.6883422811868998,0.6883422811868998,,,,1.0
1,hexane_hl_gap_eV,219,1.0,0.0,0.6883422811868998,0.6883422811868998,,,,1.0
1,hexane_hl_gap_eV,220,1.0,0.0,0.6883422811868998,0.6883422811868998,,,,1.0
1,hexane_hl_gap_eV,221,1.0,0.0,0.6883422811868998,0.6883422811868998,,,,1.0
1,hexane_hl_gap_eV,222,1.0,0.0,0.6883422811868998,0.6883422811868998,,,,1.0
1,hexane_hl_gap_eV,223,1.0,0.0,0.6883422811868998,0.6883422811868998,,,,1.0
1,hexane_hl_gap_eV,224,1.0,0.0,0.6883422811868998,0.6883422811868998,,,,1.0
1,hexane_hl_gap_eV,225,1.0,0.0,0.6883422811868998,0.6883422811868998,,,,1.0
1,hexane_hl_gap_eV,226,1.0,0.0,0.6883422811868998,0.6883422811868998,,,,1.0
1,hexane_hl_gap_eV,227,1.0,0.0,0.6883422811868998,0.6883422811868998,,,,1.0
1,hexane_hl_gap_eV,228,1.0,0.0,0.6883422811868998,0.6883422811868998,,,,1.0
1,hexane_hl_gap_eV,229,1.0,0.0,0.6883422811868998,0.6883422811868998,,,,1.0
1,hexane_hl_gap_eV,230,1.0,0.0,0.6883422811868998,0.6883422811868998,,,,1.0
1,hexane_hl_gap_eV,231,1.0,0.0,0.6883422811868998,0.6883422811868998,,,,1.0
1,hexane_hl_gap_eV,232,1.0,0.0,0.6883422811868998,0.6883422811868998,,,,1.0
1,hexane_hl_gap_eV,233,1.0,0.0,0.6883422811868998,0.6883422811868998,,,,1.0
1,hexane_hl_gap_eV,234,1.0,0.0,0.6883422811868998,0.6883422811868998,,,,1.0
1,hexane_hl_gap_eV,235,1.0,0.0,0.6883422811868998,0.6883422811868998,,,,1.0
1,hexane_hl_gap_eV,236,1.0,0.0,0.6883422811868998,0.6883422811868998,,,,1.0
1,hexane_hl_gap_eV,237,1.0,0.0,0.6883422811868998,0.6883422811868998,,,,1.0
1,hexane_hl_gap_eV,238,1.0,0.0,0.6883422811868998,0.6883422811868998,,,,1.0
1,hexane_hl_gap_eV,239,1.0,0.0,0.6883422811868998,0.6883422811868998,,,,1.0
1,hexane_hl_gap_eV,240,1.0,0.0,0.6883422811868998,0.6883422811868998,,,,1.0
1,hexane_hl_gap_eV,241,1.0,0.0,0.6883422811868998,0.6883422811868998,,,,1.0
1,hexane_hl_gap_eV,242,1.0,0.0,0.6883422811868998,0.6883422811868998,,,,1.0
1,hexane_hl_gap_eV,243,1.0,0.0,0.6883422811868998,0.6883422811868998,,,,1.0
1,hexane_hl_gap_eV,244,1.0,0.0,0.6883422811868998,0.6883422811868998,,,,1.0
1,hexane_hl_gap_eV,245,1.0,0.0,0.6883422811868998,0.6883422811868998,,,,1.0
1,hexane_hl_gap_eV,246,1.0,0.0,0.6883422811868998,0.6883422811868998,,,,1.0
1,hexane_hl_gap_eV,247,1.0,0.0,0.6883422811868998,0.6883422811868998,,,,1.0
1,hexane_hl_gap_eV,248,1.0,0.0,0.6883422811868998,0.6883422811868998,,,,1.0
1,hexane_hl_gap_eV,249,1.0,0.0,0.6883422811868998,0.6883422811868998,,,,1.0
1,hexane_dipole,0,0.9999999403953552,0.0,0.6135213582446601,0.6135213582446601,,,,1.0
1,hexane_dipole,1,0.9999999403953552,0.0,0.6135213582446601,0.6135213582446601,,,,1.0
1,hexane_dipole,2,0.9999999403953552,0.0,0.6135213582446601,0.6135213582446601,,,,1.0
1,hexane_dipole,3,0.9999999403953552,0.0,0.6135213582446601,0.6135213582446601,,,,1.0
1,hexane_dipole,4,0.9999999403953552,0.0,0.6135213582446601,0.6135213582446601,,,,1.0
1,hexane_dipole,5,0.9999999403953552,0.0,0.6135213582446601,0.6135213582446601,,,,1.0
1,hexane_dipole,6,0.9999999403953552,0.0,0.6135213582446601,0.6135213582446601,,,,1.0
1,hexane_dipole,7,0.9999999403953552,0.0,0.6135213582446601,0.6135213582446601,,,,1.0
1,hexane_dipole,8,0.9999999403953552,0.0,0.6135213582446601,0.6135213582446601,,,,1.0
1,hexane_dipole,9,0.9999999403953552,0.0,0.6135213582446601,0.6135213582446601,,,,1.0
1,hexane_dipole,10,0.9999999403953552,0.0,0.6135213582446601,0.6135213582446601,,,,1.0
1,hexane_dipole,11,0.9999999403953552,0.0,0.6135213582446601,0.6135213582446601,,,,1.0
1,hexane_dipole,12,0.9999999403953552,0.0,0.6135213582446601,0.6135213582446601,,,,1.0
1,hexane_dipole,13,0.9999999403953552,0.0,0.6135213582446601,0.6135213582446601,,,,1.0
1,hexane_dipole,14,0.9999999403953552,0.0,0.6135213582446601,0.6135213582446601,,,,1.0
1,hexane_dipole,15,0.9999999403953552,0.0,0.6135213582446601,0.6135213582446601,,,,1.0
1,hexane_dipole,16,0.9999999403953552,0.0,0.6135213582446601,0.6135213582446601,,,,1.0
1,hexane_dipole,17,0.9999999403953552,0.0,0.6135213582446601,0.6135213582446601,,,,1.0
1,hexane_dipole,18,0.9999999403953552,0.0,0.6135213582446601,0.6135213582446601,,,,1.0
1,hexane_dipole,19,0.9999999403953552,0.0,0.6135213582446601,0.6135213582446601,,,,1.0
1,hexane_dipole,20,0.9999999403953552,0.0,0.6135213582446601,0.6135213582446601,,,,1.0
1,hexane_dipole,21,0.9999999403953552,0.0,0.6135213582446601,0.6135213582446601,,,,1.0
1,hexane_dipole,22,0.9999999403953552,0.0,0.6135213582446601,0.6135213582446601,,,,1.0
1,hexane_dipole,23,0.9999999403953552,0.0,0.6135213582446601,0.6135213582446601,,,,1.0
1,hexane_dipole,24,0.9999999403953552,0.0,0.6135213582446601,0.6135213582446601,,,,1.0
1,hexane_dipole,25,0.9999999403953552,0.0,0.6135213582446601,0.6135213582446601,,,,1.0
1,hexane_dipole,26,0.9999999403953552,0.0,0.6135213582446601,0.6135213582446601,,,,1.0
1,hexane_dipole,27,0.9999999403953552,0.0,0.6135213582446601,0.6135213582446601,,,,1.0
1,hexane_dipole,28,0.9999999403953552,0.0,0.6135213582446601,0.6135213582446601,,,,1.0
1,hexane_dipole,29,0.9999999403953552,0.0,0.6135213582446601,0.6135213582446601,,,,1.0
1,hexane_dipole,30,0.9999999403953552,0.0,0.6135213582446601,0.6135213582446601,,,,1.0
1,hexane_dipole,31,0.9999999403953552,0.0,0.6135213582446601,0.6135213582446601,,,,1.0
1,hexane_dipole,32,0.9999999403953552,0.0,0.6135213582446601,0.6135213582446601,,,,1.0
1,hexane_dipole,33,0.9999999403953552,0.0,0.6135213582446601,0.6135213582446601,,,,1.0
1,hexane_dipole,34,0.9999999403953552,0.0,0.6135213582446601,0.6135213582446601,,,,1.0
1,hexane_dipole,35,0.9999999403953552,0.0,0.6135213582446601,0.6135213582446601,,,,1.0
1,hexane_dipole,36,0.9999999403953552,0.0,0.6135213582446601,0.6135213582446601,,,,1.0
1,hexane_dipole,37,0.9999999403953552,0.0,0.6135213582446601,0.6135213582446601,,,,1.0
1,hexane_dipole,38,0.9999999403953552,0.0,0.6135213582446601,0.6135213582446601,,,,1.0
1,hexane_dipole,39,0.9999999403953552,0.0,0.6135213582446601,0.6135213582446601,,,,1.0
1,hexane_dipole,40,0.9999999403953552,0.0,0.6135213582446601,0.6135213582446601,,,,1.0
1,hexane_dipole,41,0.9999999403953552,0.0,0.6135213582446601,0.6135213582446601,,,,1.0
1,hexane_dipole,42,0.9999999403953552,0.0,0.6135213582446601,0.6135213582446601,,,,1.0
1,hexane_dipole,43,0.9999999403953552,0.0,0.6135213582446601,0.6135213582446601,,,,1.0
1,hexane_dipole,44,0.9999999403953552,0.0,0.6135213582446601,0.6135213582446601,,,,1.0
1,hexane_dipole,45,0.9999999403953552,0.0,0.6135213582446601,0.6135213582446601,,,,1.0
1,hexane_dipole,46,0.9999999403953552,0.0,0.6135213582446601,0.6135213582446601,,,,1.0
1,hexane_dipole,47,0.9999999403953552,0.0,0.6135213582446601,0.6135213582446601,,,,1.0
1,hexane_dipole,48,0.9999999403953552,0.0,0.6135213582446601,0.6135213582446601,,,,1.0
1,hexane_dipole,49,0.9999999403953552,0.0,0.6135213582446601,0.6135213582446601,,,,1.0
1,hexane_dipole,50,0.9999999403953552,0.0,0.6135213582446601,0.6135213582446601,,,,1.0
1,hexane_dipole,51,0.9999999403953552,0.0,0.6135213582446601,0.6135213582446601,,,,1.0
1,hexane_dipole,52,0.9999999403953552,0.0,0.6135213582446601,0.6135213582446601,,,,1.0
1,hexane_dipole,53,0.9999999403953552,0.0,0.6135213582446601,0.6135213582446601,,,,1.0
1,hexane_dipole,54,0.9999999403953552,0.0,0.6135213582446601,0.6135213582446601,,,,1.0
1,hexane_dipole,55,0.9999999403953552,0.0,0.6135213582446601,0.6135213582446601,,,,1.0
1,hexane_dipole,56,0.9999999403953552,0.0,0.6135213582446601,0.6135213582446601,,,,1.0
1,hexane_dipole,57,0.9999999403953552,0.0,0.6135213582446601,0.6135213582446601,,,,1.0
1,hexane_dipole,58,0.9999999403953552,0.0,0.6135213582446601,0.6135213582446601,,,,1.0
1,hexane_dipole,59,0.9999999403953552,0.0,0.6135213582446601,0.6135213582446601,,,,1.0
1,hexane_dipole,60,0.9999999403953552,0.0,0.6135213582446601,0.6135213582446601,,,,1.0
1,hexane_dipole,61,0.9999999403953552,0.0,0.6135213582446601,0.6135213582446601,,,,1.0
1,hexane_dipole,62,0.9999999403953552,0.0,0.6135213582446601,0.6135213582446601,,,,1.0
1,hexane_dipole,63,0.9999999403953552,0.0,0.6135213582446601,0.6135213582446601,,,,1.0
1,hexane_dipole,64,0.9999999403953552,0.0,0.6135213582446601,0.6135213582446601,,,,1.0
1,hexane_dipole,65,0.9999999403953552,0.0,0.6135213582446601,0.6135213582446601,,,,1.0
1,hexane_dipole,66,0.9999999403953552,0.0,0.6135213582446601,0.6135213582446601,,,,1.0
1,hexane_dipole,67,0.9999999403953552,0.0,0.6135213582446601,0.6135213582446601,,,,1.0
1,hexane_dipole,68,0.9999999403953552,0.0,0.6135213582446601,0.6135213582446601,,,,1.0
1,hexane_dipole,69,0.9999999403953552,0.0,0.6135213582446601,0.6135213582446601,,,,1.0
1,hexane_dipole,70,0.9999999403953552,0.0,0.6135213582446601,0.6135213582446601,,,,1.0
1,hexane_dipole,71,0.9999999403953552,0.0,0.6135213582446601,0.6135213582446601,,,,1.0
1,hexane_dipole,72,0.9999999403953552,0.0,0.6135213582446601,0.6135213582446601,,,,1.0
1,hexane_dipole,73,0.9999999403953552,0.0,0.6135213582446601,0.6135213582446601,,,,1.0
1,hexane_dipole,74,0.9999999403953552,0.0,0.6135213582446601,0.6135213582446601,,,,1.0
1,hexane_dipole,75,0.9999999403953552,0.0,0.6135213582446601,0.6135213582446601,,,,1.0
1,hexane_dipole,76,0.9999999403953552,0.0,0.6135213582446601,0.6135213582446601,,,,1.0
1,hexane_dipole,77,0.9999999403953552,0.0,0.6135213582446601,0.6135213582446601,,,,1.0
1,hexane_dipole,78,0.9999999403953552,0.0,0.6135213582446601,0.6135213582446601,,,,1.0
1,hexane_dipole,79,0.9999999403953552,0.0,0.6135213582446601,0.6135213582446601,,,,1.0
1,hexane_dipole,80,0.9999999403953552,0.0,0.6135213582446601,0.6135213582446601,,,,1.0
1,hexane_dipole,81,0.9999999403953552,0.0,0.6135213582446601,0.6135213582446601,,,,1.0
1,hexane_dipole,82,0.9999999403953552,0.0,0.6135213582446601,0.6135213582446601,,,,1.0
1,hexane_dipole,83,0.9999999403953552,0.0,0.6135213582446601,0.6135213582446601,,,,1.0
1,hexane_dipole,84,0.9999999403953552,0.0,0.6135213582446601,0.6135213582446601,,,,1.0
1,hexane_dipole,85,0.9999999403953552,0.0,0.6135213582446601,0.6135213582446601,,,,1.0
1,hexane_dipole,86,0.9999999403953552,0.0,0.6135213582446601,0.6135213582446601,,,,1.0
1,hexane_dipole,87,0.9999999403953552,0.0,0.6135213582446601,0.6135213582446601,,,,1.0
1,hexane_dipole,88,0.9999999403953552,0.0,0.6135213582446601,0.6135213582446601,,,,1.0
1,hexane_dipole,89,0.9999999403953552,0.0,0.6135213582446601,0.6135213582446601,,,,1.0
1,hexane_dipole,90,0.9999999403953552,0.0,0.6135213582446601,0.6135213582446601,,,,1.0
1,hexane_dipole,91,0.9999999403953552,0.0,0.6135213582446601,0.6135213582446601,,,,1.0
1,hexane_dipole,92,0.9999999403953552,0.0,0.6135213582446601,0.6135213582446601,,,,1.0
1,hexane_dipole,93,0.9999999403953552,0.0,0.6135213582446601,0.6135213582446601,,,,1.0
1,hexane_dipole,94,0.9999999403953552,0.0,0.6135213582446601,0.6135213582446601,,,,1.0
1,hexane_dipole,95,0.9999999403953552,0.0,0.6135213582446601,0.6135213582446601,,,,1.0
1,hexane_dipole,96,0.9999999403953552,0.0,0.6135213582446601,0.6135213582446601,,,,1.0
1,hexane_dipole,97,0.9999999403953552,0.0,0.6135213582446601,0.6135213582446601,,,,1.0
1,hexane_dipole,98,0.9999999403953552,0.0,0.6135213582446601,0.6135213582446601,,,,1.0
1,hexane_dipole,99,0.9999999403953552,0.0,0.6135213582446601,0.6135213582446601,,,,1.0
1,hexane_dipole,100,0.9999999403953552,0.0,0.6135213582446601,0.6135213582446601,,,,1.0
1,hexane_dipole,101,0.9999999403953552,0.0,0.6135213582446601,0.6135213582446601,,,,1.0
1,hexane_dipole,102,0.9999999403953552,0.0,0.6135213582446601,0.6135213582446601,,,,1.0
1,hexane_dipole,103,0.9999999403953552,0.0,0.6135213582446601,0.6135213582446601,,,,1.0
1,hexane_dipole,104,0.9999999403953552,0.0,0.6135213582446601,0.6135213582446601,,,,1.0
1,hexane_dipole,105,0.9999999403953552,0.0,0.6135213582446601,0.6135213582446601,,,,1.0
1,hexane_dipole,106,0.9999999403953552,0.0,0.6135213582446601,0.6135213582446601,,,,1.0
1,hexane_dipole,107,0.9999999403953552,0.0,0.6135213582446601,0.6135213582446601,,,,1.0
1,hexane_dipole,108,0.9999999403953552,0.0,0.6135213582446601,0.6135213582446601,,,,1.0
1,hexane_dipole,109,0.9999999403953552,0.0,0.6135213582446601,0.6135213582446601,,,,1.0
1,hexane_dipole,110,0.9999999403953552,0.0,0.6135213582446601,0.6135213582446601,,,,1.0
1,hexane_dipole,111,0.9999999403953552,0.0,0.6135213582446601,0.6135213582446601,,,,1.0
1,hexane_dipole,112,0.9999999403953552,0.0,0.6135213582446601,0.6135213582446601,,,,1.0
1,hexane_dipole,113,0.9999999403953552,0.0,0.6135213582446601,0.6135213582446601,,,,1.0
1,hexane_dipole,114,0.9999999403953552,0.0,0.6135213582446601,0.6135213582446601,,,,1.0
1,hexane_dipole,115,0.9999999403953552,0.0,0.6135213582446601,0.6135213582446601,,,,1.0
1,hexane_dipole,116,0.9999999403953552,0.0,0.6135213582446601,0.6135213582446601,,,,1.0
1,hexane_dipole,117,0.9999999403953552,0.0,0.6135213582446601,0.6135213582446601,,,,1.0
1,hexane_dipole,118,0.9999999403953552,0.0,0.6135213582446601,0.6135213582446601,,,,1.0
1,hexane_dipole,119,0.9999999403953552,0.0,0.6135213582446601,0.6135213582446601,,,,1.0
1,hexane_dipole,120,0.9999999403953552,0.0,0.6135213582446601,0.6135213582446601,,,,1.0
1,hexane_dipole,121,0.9999999403953552,0.0,0.6135213582446601,0.6135213582446601,,,,1.0
1,hexane_dipole,122,0.9999999403953552,0.0,0.6135213582446601,0.6135213582446601,,,,1.0
1,hexane_dipole,123,0.9999999403953552,0.0,0.6135213582446601,0.6135213582446601,,,,1.0
1,hexane_dipole,124,0.9999999403953552,0.0,0.6135213582446601,0.6135213582446601,,,,1.0
1,hexane_dipole,125,0.9999999403953552,0.0,0.6135213582446601,0.6135213582446601,,,,1.0
1,hexane_dipole,126,0.9999999403953552,0.0,0.6135213582446601,0.6135213582446601,,,,1.0
1,hexane_dipole,127,0.9999999403953552,0.0,0.6135213582446601,0.6135213582446601,,,,1.0
1,hexane_dipole,128,0.9999999403953552,0.0,0.6135213582446601,0.6135213582446601,,,,1.0
1,hexane_dipole,129,0.9999999403953552,0.0,0.6135213582446601,0.6135213582446601,,,,1.0
1,hexane_dipole,130,0.9999999403953552,0.0,0.6135213582446601,0.6135213582446601,,,,1.0
1,hexane_dipole,131,0.9999999403953552,0.0,0.6135213582446601,0.6135213582446601,,,,1.0
1,hexane_dipole,132,0.9999999403953552,0.0,0.6135213582446601,0.6135213582446601,,,,1.0
1,hexane_dipole,133,0.9999999403953552,0.0,0.6135213582446601,0.6135213582446601,,,,1.0
1,hexane_dipole,134,0.9999999403953552,0.0,0.6135213582446601,0.6135213582446601,,,,1.0
1,hexane_dipole,135,0.9999999403953552,0.0,0.6135213582446601,0.6135213582446601,,,,1.0
1,hexane_dipole,136,0.9999999403953552,0.0,0.6135213582446601,0.6135213582446601,,,,1.0
1,hexane_dipole,137,0.9999999403953552,0.0,0.6135213582446601,0.6135213582446601,,,,1.0
1,hexane_dipole,138,0.9999999403953552,0.0,0.6135213582446601,0.6135213582446601,,,,1.0
1,hexane_dipole,139,0.9999999403953552,0.0,0.6135213582446601,0.6135213582446601,,,,1.0
1,hexane_dipole,140,0.9999999403953552,0.0,0.6135213582446601,0.6135213582446601,,,,1.0
1,hexane_dipole,141,0.9999999403953552,0.0,0.6135213582446601,0.6135213582446601,,,,1.0
1,hexane_dipole,142,0.9999999403953552,0.0,0.6135213582446601,0.6135213582446601,,,,1.0
1,hexane_dipole,143,0.9999999403953552,0.0,0.6135213582446601,0.6135213582446601,,,,1.0
1,hexane_dipole,144,0.9999999403953552,0.0,0.6135213582446601,0.6135213582446601,,,,1.0
1,hexane_dipole,145,0.9999999403953552,0.0,0.6135213582446601,0.6135213582446601,,,,1.0
1,hexane_dipole,146,0.9999999403953552,0.0,0.6135213582446601,0.6135213582446601,,,,1.0
1,hexane_dipole,147,0.9999999403953552,0.0,0.6135213582446601,0.6135213582446601,,,,1.0
1,hexane_dipole,148,0.9999999403953552,0.0,0.6135213582446601,0.6135213582446601,,,,1.0
1,hexane_dipole,149,0.9999999403953552,0.0,0.6135213582446601,0.6135213582446601,,,,1.0
1,hexane_dipole,150,0.9999999403953552,0.0,0.6135213582446601,0.6135213582446601,,,,1.0
1,hexane_dipole,151,0.9999999403953552,0.0,0.6135213582446601,0.6135213582446601,,,,1.0
1,hexane_dipole,152,0.9999999403953552,0.0,0.6135213582446601,0.6135213582446601,,,,1.0
1,hexane_dipole,153,0.9999999403953552,0.0,0.6135213582446601,0.6135213582446601,,,,1.0
1,hexane_dipole,154,0.9999999403953552,0.0,0.6135213582446601,0.6135213582446601,,,,1.0
1,hexane_dipole,155,0.9999999403953552,0.0,0.6135213582446601,0.6135213582446601,,,,1.0
1,hexane_dipole,156,0.9999999403953552,0.0,0.6135213582446601,0.6135213582446601,,,,1.0
1,hexane_dipole,157,0.9999999403953552,0.0,0.6135213582446601,0.6135213582446601,,,,1.0
1,hexane_dipole,158,0.9999999403953552,0.0,0.6135213582446601,0.6135213582446601,,,,1.0
1,hexane_dipole,159,0.9999999403953552,0.0,0.6135213582446601,0.6135213582446601,,,,1.0
1,hexane_dipole,160,0.9999999403953552,0.0,0.6135213582446601,0.6135213582446601,,,,1.0
1,hexane_dipole,161,0.9999999403953552,0.0,0.6135213582446601,0.6135213582446601,,,,1.0
1,hexane_dipole,162,0.9999999403953552,0.0,0.6135213582446601,0.6135213582446601,,,,1.0
1,hexane_dipole,163,0.9999999403953552,0.0,0.6135213582446601,0.6135213582446601,,,,1.0
1,hexane_dipole,164,0.9999999403953552,0.0,0.6135213582446601,0.6135213582446601,,,,1.0
1,hexane_dipole,165,0.9999999403953552,0.0,0.6135213582446601,0.6135213582446601,,,,1.0
1,hexane_dipole,166,0.9999999403953552,0.0,0.6135213582446601,0.6135213582446601,,,,1.0
1,hexane_dipole,167,0.9999999403953552,0.0,0.6135213582446601,0.6135213582446601,,,,1.0
1,hexane_dipole,168,0.9999999403953552,0.0,0.6135213582446601,0.6135213582446601,,,,1.0
1,hexane_dipole,169,0.9999999403953552,0.0,0.6135213582446601,0.6135213582446601,,,,1.0
1,hexane_dipole,170,0.9999999403953552,0.0,0.6135213582446601,0.6135213582446601,,,,1.0
1,hexane_dipole,171,0.9999999403953552,0.0,0.6135213582446601,0.6135213582446601,,,,1.0
1,hexane_dipole,172,0.9999999403953552,0.0,0.6135213582446601,0.6135213582446601,,,,1.0
1,hexane_dipole,173,0.9999999403953552,0.0,0.6135213582446601,0.6135213582446601,,,,1.0
1,hexane_dipole,174,0.9999999403953552,0.0,0.6135213582446601,0.6135213582446601,,,,1.0
1,hexane_dipole,175,0.9999999403953552,0.0,0.6135213582446601,0.6135213582446601,,,,1.0
1,hexane_dipole,176,0.9999999403953552,0.0,0.6135213582446601,0.6135213582446601,,,,1.0
1,hexane_dipole,177,0.9999999403953552,0.0,0.6135213582446601,0.6135213582446601,,,,1.0
1,hexane_dipole,178,0.9999999403953552,0.0,0.6135213582446601,0.6135213582446601,,,,1.0
1,hexane_dipole,179,0.9999999403953552,0.0,0.6135213582446601,0.6135213582446601,,,,1.0
1,hexane_dipole,180,0.9999999403953552,0.0,0.6135213582446601,0.6135213582446601,,,,1.0
1,hexane_dipole,181,0.9999999403953552,0.0,0.6135213582446601,0.6135213582446601,,,,1.0
1,hexane_dipole,182,0.9999999403953552,0.0,0.6135213582446601,0.6135213582446601,,,,1.0
1,hexane_dipole,183,0.9999999403953552,0.0,0.6135213582446601,0.6135213582446601,,,,1.0
1,hexane_dipole,184,0.9999999403953552,0.0,0.6135213582446601,0.6135213582446601,,,,1.0
1,hexane_dipole,185,0.9999999403953552,0.0,0.6135213582446601,0.6135213582446601,,,,1.0
1,hexane_dipole,186,0.9999999403953552,0.0,0.6135213582446601,0.6135213582446601,,,,1.0
1,hexane_dipole,187,0.9999999403953552,0.0,0.6135213582446601,0.6135213582446601,,,,1.0
1,hexane_dipole,188,0.9999999403953552,0.0,0.6135213582446601,0.6135213582446601,,,,1.0
1,hexane_dipole,189,0.9999999403953552,0.0,0.6135213582446601,0.6135213582446601,,,,1.0
1,hexane_dipole,190,0.9999999403953552,0.0,0.6135213582446601,0.6135213582446601,,,,1.0
1,hexane_dipole,191,0.9999999403953552,0.0,0.6135213582446601,0.6135213582446601,,,,1.0
1,hexane_dipole,192,0.9999999403953552,0.0,0.6135213582446601,0.6135213582446601,,,,1.0
1,hexane_dipole,193,0.9999999403953552,0.0,0.6135213582446601,0.6135213582446601,,,,1.0
1,hexane_dipole,194,0.9999999403953552,0.0,0.6135213582446601,0.6135213582446601,,,,1.0
1,hexane_dipole,195,0.9999999403953552,0.0,0.6135213582446601,0.6135213582446601,,,,1.0
1,hexane_dipole,196,0.9999999403953552,0.0,0.6135213582446601,0.6135213582446601,,,,1.0
1,hexane_dipole,197,0.9999999403953552,0.0,0.6135213582446601,0.6135213582446601,,,,1.0
1,hexane_dipole,198,0.9999999403953552,0.0,0.6135213582446601,0.6135213582446601,,,,1.0
1,hexane_dipole,199,0.9999999403953552,0.0,0.6135213582446601,0.6135213582446601,,,,1.0
1,hexane_dipole,200,0.9999999403953552,0.0,0.6135213582446601,0.6135213582446601,,,,1.0
1,hexane_dipole,201,0.9999999403953552,0.0,0.6135213582446601,0.6135213582446601,,,,1.0
1,hexane_dipole,202,0.9999999403953552,0.0,0.6135213582446601,0.6135213582446601,,,,1.0
1,hexane_dipole,203,0.9999999403953552,0.0,0.6135213582446601,0.6135213582446601,,,,1.0
1,hexane_dipole,204,0.9999999403953552,0.0,0.6135213582446601,0.6135213582446601,,,,1.0
1,hexane_dipole,205,0.9999999403953552,0.0,0.6135213582446601,0.6135213582446601,,,,1.0
1,hexane_dipole,206,0.9999999403953552,0.0,0.6135213582446601,0.6135213582446601,,,,1.0
1,hexane_dipole,207,0.9999999403953552,0.0,0.6135213582446601,0.6135213582446601,,,,1.0
1,hexane_dipole,208,0.9999999403953552,0.0,0.6135213582446601,0.6135213582446601,,,,1.0
1,hexane_dipole,209,0.9999999403953552,0.0,0.6135213582446601,0.6135213582446601,,,,1.0
1,hexane_dipole,210,0.9999999403953552,0.0,0.6135213582446601,0.6135213582446601,,,,1.0
1,hexane_dipole,211,0.9999999403953552,0.0,0.6135213582446601,0.6135213582446601,,,,1.0
1,hexane_dipole,212,0.9999999403953552,0.0,0.6135213582446601,0.6135213582446601,,,,1.0
1,hexane_dipole,213,0.9999999403953552,0.0,0.6135213582446601,0.6135213582446601,,,,1.0
1,hexane_dipole,214,0.9999999403953552,0.0,0.6135213582446601,0.6135213582446601,,,,1.0
1,hexane_dipole,215,0.9999999403953552,0.0,0.6135213582446601,0.6135213582446601,,,,1.0
1,hexane_dipole,216,0.9999999403953552,0.0,0.6135213582446601,0.6135213582446601,,,,1.0
1,hexane_dipole,217,0.9999999403953552,0.0,0.6135213582446601,0.6135213582446601,,,,1.0
1,hexane_dipole,218,0.9999999403953552,0.0,0.6135213582446601,0.6135213582446601,,,,1.0
1,hexane_dipole,219,0.9999999403953552,0.0,0.6135213582446601,0.6135213582446601,,,,1.0
1,hexane_dipole,220,0.9999999403953552,0.0,0.6135213582446601,0.6135213582446601,,,,1.0
1,hexane_dipole,221,0.9999999403953552,0.0,0.6135213582446601,0.6135213582446601,,,,1.0
1,hexane_dipole,222,0.9999999403953552,0.0,0.6135213582446601,0.6135213582446601,,,,1.0
1,hexane_dipole,223,0.9999999403953552,0.0,0.6135213582446601,0.6135213582446601,,,,1.0
1,hexane_dipole,224,0.9999999403953552,0.0,0.6135213582446601,0.6135213582446601,,,,1.0
1,hexane_dipole,225,0.9999999403953552,0.0,0.6135213582446601,0.6135213582446601,,,,1.0
1,hexane_dipole,226,0.9999999403953552,0.0,0.6135213582446601,0.6135213582446601,,,,1.0
1,hexane_dipole,227,0.9999999403953552,0.0,0.6135213582446601,0.6135213582446601,,,,1.0
1,hexane_dipole,228,0.9999999403953552,0.0,0.6135213582446601,0.6135213582446601,,,,1.0
1,hexane_dipole,229,0.9999999403953552,0.0,0.6135213582446601,0.6135213582446601,,,,1.0
1,hexane_dipole,230,0.9999999403953552,0.0,0.6135213582446601,0.6135213582446601,,,,1.0
1,hexane_dipole,231,0.9999999403953552,0.0,0.6135213582446601,0.6135213582446601,,,,1.0
1,hexane_dipole,232,0.9999999403953552,0.0,0.6135213582446601,0.6135213582446601,,,,1.0
1,hexane_dipole,233,0.9999999403953552,0.0,0.6135213582446601,0.6135213582446601,,,,1.0
1,hexane_dipole,234,0.9999999403953552,0.0,0.6135213582446601,0.6135213582446601,,,,1.0
1,hexane_dipole,235,0.9999999403953552,0.0,0.6135213582446601,0.6135213582446601,,,,1.0
1,hexane_dipole,236,0.9999999403953552,0.0,0.6135213582446601,0.6135213582446601,,,,1.0
1,hexane_dipole,237,0.9999999403953552,0.0,0.6135213582446601,0.6135213582446601,,,,1.0
1,hexane_dipole,238,0.9999999403953552,0.0,0.6135213582446601,0.6135213582446601,,,,1.0
1,hexane_dipole,239,0.9999999403953552,0.0,0.6135213582446601,0.6135213582446601,,,,1.0
1,hexane_dipole,240,0.9999999403953552,0.0,0.6135213582446601,0.6135213582446601,,,,1.0
1,hexane_dipole,241,0.9999999403953552,0.0,0.6135213582446601,0.6135213582446601,,,,1.0
1,hexane_dipole,242,0.9999999403953552,0.0,0.6135213582446601,0.6135213582446601,,,,1.0
1,hexane_dipole,243,0.9999999403953552,0.0,0.6135213582446601,0.6135213582446601,,,,1.0
1,hexane_dipole,244,0.9999999403953552,0.0,0.6135213582446601,0.6135213582446601,,,,1.0
1,hexane_dipole,245,0.9999999403953552,0.0,0.6135213582446601,0.6135213582446601,,,,1.0
1,hexane_dipole,246,0.9999999403953552,0.0,0.6135213582446601,0.6135213582446601,,,,1.0
1,hexane_dipole,247,0.9999999403953552,0.0,0.6135213582446601,0.6135213582446601,,,,1.0
1,hexane_dipole,248,0.9999999403953552,0.0,0.6135213582446601,0.6135213582446601,,,,1.0
1,hexane_dipole,249,0.9999999403953552,0.0,0.6135213582446601,0.6135213582446601,,,,1.0
2,sco_kcal,0,0.293832927942276,0.04193922132253647,0.634083375563816,0.9306403306833575,6.258589267730713,1.3350839614868164,0.21332027145007093,0.14
2,sco_kcal,1,0.9607301354408264,0.003259965917095542,0.7752744790400208,0.9623379859419079,0.43256494402885437,1.4616637229919434,3.3790619031172406,0.68
2,sco_kcal,2,0.4955769181251526,0.003793880110606551,0.6348194495236488,0.9707193652722441,0.5678512454032898,0.12274559587240219,0.21615801121511652,0.32
2,sco_kcal,3,0.0709119364619255,0.011187976226210594,0.6603328176379515,0.973539255348804,1.9839468002319336,0.0390743687748909,0.01969527044289842,0.1
2,sco_kcal,4,0.607731819152832,0.008826076053082943,0.638432509868748,0.8970363696739716,1.5745022296905518,0.7533677816390991,0.4784799712777567,0.46
2,sco_kcal,5,0.37751129269599915,0.012409023009240627,0.6741835074253932,0.9628726336244466,2.212681293487549,0.6973230242729187,0.31514842482074007,0.2
2,sco_kcal,6,0.40156880021095276,0.011015800759196281,0.6819720682013473,0.9236067117871536,2.116210460662842,0.7909027934074402,0.3737354143688113,0.3
2,sco_kcal,7,0.1481015980243683,0.011869719251990318,0.6408760556989908,0.9776682465108584,1.926263689994812,0.005344173405319452,0.002774372705604935,0.14
2,sco_kcal,8,0.9740518927574158,0.0017795941093936563,0.7796525838267576,0.918765223246303,0.1543528437614441,1.0479434728622437,6.789272211154493,0.8
2,sco_kcal,9,0.14647525548934937,0.04239265248179436,0.6381586458849196,0.9158047213322003,6.803617000579834,0.6407338976860046,0.09417548013525724,0.1
2,sco_kcal,10,0.7568187117576599,0.006506435107439756,0.7198064824351587,0.910853231641839,1.2918338775634766,1.2028565406799316,0.9311232361769574,0.5
2,sco_kcal,11,0.21760457754135132,0.011647588573396206,0.6544659949769267,0.9813734666680911,2.0570507049560547,0.13254202902317047,0.06443303935281557,0.16
2,sco_kcal,12,0.2711171805858612,0.02710825391113758,0.6316900798222684,0.9735137832023291,3.9752073287963867,0.4580567181110382,0.1152283843896335,0.16
2,sco_kcal,13,0.16225691139698029,0.010873167775571346,0.6476457766250263,0.9774109882446504,1.7736859321594238,0.15334855020046234,0.08645755565855102,0.14
2,sco_kcal,14,0.099632628262043,0.011881863698363304,0.6346164202794964,0.9624313469027475,1.8119724988937378,0.09311344474554062,0.05138789071158039,0.2
2,sco_kcal,15,0.13153807818889618,0.011568932794034481,0.648195572673314,0.9591076055014598,1.9747344255447388,0.2181689441204071,0.11048014421494895,0.2
2,sco_kcal,16,0.22968411445617676,0.016643809154629707,0.6427833241092504,0.9229522260618745,2.928891897201538,1.3668447732925415,0.466676415950523,0.26
2,sco_kcal,17,0.045666392892599106,0.06708252429962158,0.652746137376895,0.9694338937365321,11.637340545654297,0.08039218187332153,0.006908123171091885,0.16
2,sco_kcal,18,0.17764586210250854,0.02265695296227932,0.6463851023826765,0.9445499575664573,3.811194896697998,0.19209115207195282,0.05040181813802798,0.04
2,sco_kcal,19,0.371778279542923,0.0058133709244430065,0.6379138363636649,0.9802199406578613,0.8785200119018555,0.19411012530326843,0.2209512847442724,0.24
2,sco_kcal,20,0.705893874168396,0.006400968413800001,0.6709969654674282,0.9214298184533765,1.043809413909912,0.9650929570198059,0.9245873280685893,0.52
2,sco_kcal,21,0.11902950704097748,0.058974239975214005,0.669314660888471,0.9487303006525838,9.632879257202148,0.3329048752784729,0.034559228491270896,0.0
2,sco_kcal,22,0.05597355216741562,0.03213069215416908,0.6366770907486539,0.9694436028943438,5.0043535232543945,0.0076160435564816,0.0015218836001675577,0.0
2,sco_kcal,23,0.24131914973258972,0.007328017149120569,0.6414508559942154,0.9560153185312117,1.1587225198745728,0.13963985443115234,0.12051190171592403,0.22
2,sco_kcal,24,0.6709280610084534,0.012481455691158772,0.6805740544832117,0.9274698847345115,2.186886787414551,1.7134933471679688,0.7835308883061789,0.4
2,sco_kcal,25,0.14330299198627472,0.01199143286794424,0.6859884851212321,0.9606911242055445,2.237855911254883,0.014405416324734688,0.006437150958775008,0.16
2,sco_kcal,26,0.17681406438350677,0.0031280312687158585,0.6322352721891036,0.9702572233182081,0.5917704701423645,0.003987879026681185,0.00673889493965761,0.22
2,sco_kcal,27,0.08910853415727615,0.004753548186272383,0.656782464934677,0.9597130118186781,0.8855251669883728,0.03369554877281189,0.038051486314509594,0.14
2,sco_kcal,28,0.07496626675128937,0.01775834523141384,0.6403791438274469,0.9356732602462974,2.991410255432129,0.05277591943740845,0.017642487967530426,0.12
2,sco_kcal,29,0.47500938177108765,0.01102216076105833,0.6381178358674329,0.9076598463628205,1.7876262664794922,0.6906663775444031,0.38635949275045317,0.36
2,sco_kcal,30,0.337766170501709,0.0036413369234651327,0.6976204734849258,0.9421782004109827,0.8235927820205688,0.13940474390983582,0.16926416422424917,0.14
2,sco_kcal,31,0.2354864925146103,0.01319633424282074,0.6578027518214957,0.9232527146902763,2.489354372024536,0.2639188766479492,0.1060190062185923,0.22
2,sco_kcal,32,0.2873717248439789,0.003948685247451067,0.6371499375051111,0.9687808709074857,0.5910599827766418,0.11983911693096161,0.20275288536366387,0.22
2,sco_kcal,33,0.09185677021741867,0.01857471838593483,0.6613017479231853,0.9789357478617,3.2695815563201904,0.05914989113807678,0.018090966724392737,0.1
2,sco_kcal,34,0.9729214310646057,0.0017137960530817509,0.7905149848854287,0.943108326826638,0.10197346657514572,0.9754524827003479,9.565747987801542,0.96
2,sco_kcal,35,0.2309890240430832,0.020838400349020958,0.6791072554760418,0.9122792019682477,3.9662489891052246,0.9770255088806152,0.2463348901101213,0.16
2,sco_kcal,36,0.5637102127075195,0.0019579511135816574,0.6903054515410847,0.9828937997847647,0.2075648456811905,0.28873831033706665,1.391075205386921,0.44
2,sco_kcal,37,0.3267291188240051,0.019219407811760902,0.6597543561850587,0.9251405956504553,3.4899446964263916,0.6405161619186401,0.183531894523862,0.24
2,sco_kcal,38,0.4805702567100525,0.0020636830013245344,0.6471788293231475,0.9570385570901117,0.15798072516918182,0.10053703933954239,0.6363880101947696,0.48
2,sco_kcal,39,0.6970480680465698,0.002975137671455741,0.6649964805687785,0.9802222068240083,0.35503605008125305,0.3750569522380829,1.0563911809864037,0.68
2,sco_kcal,40,0.05176624655723572,0.05051155015826225,0.6317028926766808,0.9610328892581412,8.465377807617188,0.016370084136724472,0.0019337688770363671,0.1
2,sco_kcal,41,0.5335763692855835,0.009538727812469006,0.6665929807943425,0.9332778786034817,1.6499136686325073,0.9076197147369385,0.5501013368106696,0.32
2,sco_kcal,42,0.24327951669692993,0.01096724160015583,0.6477714776250576,0.9350546636036599,1.9826077222824097,0.0706654042005539,0.035642655582518744,0.16
2,sco_kcal,43,0.12386761605739594,0.02461683377623558,0.6770024049674315,0.967191126360893,4.556621074676514,0.11008036136627197,0.02415833126393703,0.16
2,sco_kcal,44,0.20874425768852234,0.04316405579447746,0.6097192236107134,0.8962899221155813,5.8484954833984375,1.254650592803955,0.21452535893468863,0.1
2,sco_kcal,45,0.5851671695709229,0.003983462229371071,0.6697364739192049,0.9351715053747063,0.6590986847877502,0.4614933431148529,0.7001885358995485,0.44
2,sco_kcal,46,0.1573004275560379,0.017232945188879967,0.6385613675577937,0.9185518281103997,2.6786468029022217,0.1843029409646988,0.0688044951521839,0.18
2,sco_kcal,47,0.32467368245124817,0.008549578487873077,0.6815407299597636,0.9656396102531728,1.5711034536361694,0.12007715553045273,0.07642854787986468,0.08
2,sco_kcal,48,0.3957788646221161,0.00331589812412858,0.663479697190597,0.9748937929440176,0.6188461780548096,0.23108328878879547,0.37340989891082277,0.3
2,sco_kcal,49,0.20517894625663757,0.009326810948550701,0.6527849667570509,0.9751752699416121,1.5361859798431396,0.21970242261886597,0.14301811466948802,0.18
2,sco_kcal,50,0.8499037027359009,0.006185424514114857,0.7128312234803142,0.9312828986961337,1.4510047435760498,1.3973249197006226,0.9630050665836339,0.72
2,sco_kcal,51,0.2673976421356201,0.010982292704284191,0.6522099408349857,0.9511396537212007,1.8650290966033936,0.46004289388656616,0.24666794460440328,0.2
2,sco_kcal,52,0.6673212647438049,0.0154649056494236,0.7017445323902405,0.9320629312880513,2.9670069217681885,2.3111371994018555,0.7789456716280705,0.46
2,sco_kcal,53,0.35215121507644653,0.002129495143890381,0.6368853906086696,0.9646746367433057,0.15994948148727417,0.07205352187156677,0.45047674554230716,0.32
2,sco_kcal,54,0.9765637516975403,0.005899073556065559,0.7937913538299071,0.9390406146463637,1.185861349105835,4.514777183532715,3.8071712067662498,0.8
2,sco_kcal,55,0.19574469327926636,0.008687136694788933,0.6751846614357493,0.9342660387163746,1.611258864402771,0.09337044507265091,0.05794875493656917,0.1
2,sco_kcal,56,0.12104823440313339,0.050682757049798965,0.6255362699649292,0.9499209684417662,7.571290969848633,0.0782448798418045,0.01033441722863397,0.14
2,sco_kcal,57,0.5431365370750427,0.003594880225136876,0.6405140482856784,0.9560050798094575,0.5279756784439087,0.2668492794036865,0.5054196439316403,0.4
2,sco_kcal,58,0.8647194504737854,0.006105809472501278,0.7350682846535397,0.9040939223335076,1.6351361274719238,1.5129112005233765,0.925250916486373,0.72
2,sco_kcal,59,0.1788952350616455,0.006618825253099203,0.6446946945146725,0.9685251497936938,1.114303469657898,0.12102354317903519,0.10860914147219751,0.1
2,sco_kcal,60,0.9542948007583618,0.004795584827661514,0.7740034723836386,0.9356308523630077,0.7000594735145569,2.146207809448242,3.0657506835433384,0.82
2,sco_kcal,61,0.4705381989479065,0.007334658410400152,0.6612096972120776,0.9131550763961052,1.4467535018920898,0.45835185050964355,0.3168140598313416,0.32
2,sco_kcal,62,0.84528648853302,0.005088240839540958,0.699758737460203,0.9240455044172089,0.9029936194419861,1.1539291143417358,1.2778928770890075,0.68
2,sco_kcal,63,0.09778762608766556,0.02736378088593483,0.6390721184550094,0.9491587508632624,4.2691545486450195,0.0995539128780365,0.023319350879352392,0.02
2,sco_kcal,64,0.642182469367981,0.009927100501954556,0.6998932618744362,0.9751403518948853,1.7427642345428467,1.2502851486206055,0.7174149686108139,0.52
2,sco_kcal,65,0.08598203957080841,0.05181844159960747,0.6899694535161958,0.960762680652242,9.419743537902832,0.10721313953399658,0.01138174718903929,0.04
2,sco_kcal,66,0.862423837184906,0.00551330903545022,0.7003591209545563,0.9120908940027785,0.9670820236206055,1.3407740592956543,1.3864119346112997,0.74
2,sco_kcal,67,0.7504059076309204,0.003421182744204998,0.7363929505111029,0.9556530999112647,0.7390924096107483,0.5560734868049622,0.7523734239103129,0.56
2,sco_kcal,68,0.5121353268623352,0.0017379384953528643,0.6415420780888235,0.9651026134785587,0.1545286923646927,0.12719981372356415,0.8231468976866024,0.52
2,sco_kcal,69,0.5841559171676636,0.0026614218950271606,0.6512058134575913,0.9672435477656856,0.28785234689712524,0.20262011885643005,0.7039029594184406,0.56
2,sco_kcal,70,0.6084301471710205,0.012170189060270786,0.6453809544865121,0.8933921842473298,1.7019104957580566,1.2487369775772095,0.7337265859101498,0.38
2,sco_kcal,71,0.10257630795240402,0.014727437868714333,0.6508167420764381,0.9696056260156616,2.13400936126709,0.009289609268307686,0.004353124891069778,0.02
2,sco_kcal,72,0.29555416107177734,0.004644874017685652,0.6610702398310826,0.9797360425703976,0.8600227236747742,0.18741174042224884,0.2179148704600047,0.1
2,sco_kcal,73,0.330579549074173,0.005543101578950882,0.6440006597690049,0.9766735949824803,0.8285937309265137,0.1524907499551773,0.1840356066713971,0.26
2,sco_kcal,74,0.05970580503344536,0.018538301810622215,0.6288741696970526,0.9644467256873628,2.697422742843628,0.005888799671083689,0.002183120790653565,0.06
2,sco_kcal,75,0.6398065686225891,0.012832614593207836,0.6488443252165406,0.9021339866476077,1.9805498123168945,1.3481135368347168,0.6806764103840748,0.46
2,sco_kcal,76,0.2671355903148651,0.00677433330565691,0.6571827284904619,0.9630885954808699,1.240688681602478,0.15768444538116455,0.12709428861517358,0.18
2,sco_kcal,77,0.2700752019882202,0.013452552258968353,0.648741534684145,0.9039958458360622,2.35113787651062,0.5286769866943359,0.22486005264776648,0.14
2,sco_kcal,78,0.6978687047958374,0.00808929093182087,0.707453812744822,0.9110094903394643,1.677146553993225,1.3088338375091553,0.7803932425540686,0.54
2,sco_kcal,79,0.3582462966442108,0.01018719095736742,0.6765486717768117,0.9416602197640054,1.8573468923568726,0.2844981253147125,0.15317446971561668,0.12
2,sco_kcal,80,0.5770365595817566,0.002526721451431513,0.6777224278530802,0.9768676727020877,0.37802284955978394,0.29956451058387756,0.7924508027298539,0.4
2,sco_kcal,81,0.12247917801141739,0.023000167682766914,0.6424878034486665,0.9390812085363816,3.6657769680023193,0.13954053819179535,0.03806574688253294,0.02
2,sco_kcal,82,0.7707310318946838,0.002517377957701683,0.6760598010280587,0.9778766327518915,0.3008578419685364,0.3977755606174469,1.3221379174123244,0.6
2,sco_kcal,83,0.18294216692447662,0.017425905913114548,0.6394901371162152,0.962370072344904,2.91038179397583,0.007980131544172764,0.002741953499259361,0.16
2,sco_kcal,84,0.38542285561561584,0.03019886463880539,0.6603979622591454,0.9268728143910652,4.8004350662231445,1.514666199684143,0.3155268592927437,0.14
2,sco_kcal,85,0.3256237804889679,0.018198806792497635,0.7036891416855755,0.9430590970788699,3.462850332260132,0.5817473530769348,0.16799667824431794,0.14
2,sco_kcal,86,0.8526092767715454,0.0060623991303145885,0.6907173181211019,0.9053748796378998,0.9160438776016235,1.3572759628295898,1.4816713434985183,0.76
2,sco_kcal,87,0.6757716536521912,0.002680262317880988,0.661139535609419,0.980931913968039,0.3223080337047577,0.3493470251560211,1.0838917700575588,0.52
2,sco_kcal,88,0.22689729928970337,0.011484525166451931,0.6475162949292825,0.95107303834712,1.9084223508834839,0.17797327041625977,0.09325675227701506,0.14
2,sco_kcal,89,0.3053011894226074,0.006301918067038059,0.6414269328788218,0.969609124409968,0.9663172960281372,0.15383122861385345,0.15919328904299587,0.24
2,sco_kcal,90,0.18002530932426453,0.01271029282361269,0.6251636281589783,0.9577729950891436,1.872941493988037,0.012212421745061874,0.006520450203203132,0.34
2,sco_kcal,91,0.39267152547836304,0.006656916346400976,0.670174626556514,0.9432186079266154,0.9538232088088989,0.23233775794506073,0.24358576704711976,0.24
2,sco_kcal,92,0.22578899562358856,0.018686704337596893,0.6555143750486423,0.9487731708323466,3.3239057064056396,0.528900682926178,0.15912024276347883,0.1
2,sco_kcal,93,0.2735791504383087,0.02154478430747986,0.6356965946572724,0.9589500667231383,3.30635404586792,0.10823051631450653,0.03273409768375121,0.2
2,sco_kcal,94,0.5990109443664551,0.004259252920746803,0.6596318756202915,0.9439069261482183,0.641356885433197,0.4108711779117584,0.6406279986130348,0.54
2,sco_kcal,95,0.24421904981136322,0.010964930057525635,0.6485622131770783,0.9649394335684303,1.9145536422729492,0.06620939821004868,0.03458215886364259,0.18
2,sco_kcal,96,0.4400537610054016,0.008050487376749516,0.6986709686423345,0.9307843807704814,1.5487416982650757,0.6713385581970215,0.4334735475573914,0.3
2,sco_kcal,97,0.6576226949691772,0.0022948619443923235,0.647410114742035,0.9615885048422292,0.5470807552337646,0.14787890017032623,0.2703054325263889,0.5
2,sco_kcal,98,0.5607759952545166,0.0069771758280694485,0.6815148630493335,0.9431867323418304,1.2284058332443237,0.7794321179389954,0.6345070145755082,0.38
2,sco_kcal,99,0.558817446231842,0.0053447275422513485,0.6620612137509598,0.9213380050145243,1.0162854194641113,0.3907147943973541,0.38445380295171266,0.24
2,sco_kcal,100,0.4149221181869507,0.02447708696126938,0.6540645974771231,0.9351157268395192,3.7827115058898926,1.1654831171035767,0.30810785207617725,0.38
2,sco_kcal,101,0.3404868543148041,0.023134171962738037,0.6386551642452027,0.9068790046701987,3.7998132705688477,1.239229679107666,0.32612909921285377,0.24
2,sco_kcal,102,0.9766395092010498,0.006632144097238779,0.7689565460755152,0.9528426382895641,1.0239720344543457,3.802988052368164,3.7139569484382458,0.94
2,sco_kcal,103,0.591827929019928,0.011589912697672844,0.6455564257671356,0.9056928286144814,1.8267556428909302,1.5383129119873047,0.8421010866854908,0.46
2,sco_kcal,104,0.3527635931968689,0.006267844699323177,0.6436513195971405,0.9604019513716142,0.8295851945877075,0.1504884958267212,0.18140209927626771,0.28
2,sco_kcal,105,0.15877777338027954,0.03672254830598831,0.6162076835223069,0.9518593390214787,5.304672718048096,0.09714537858963013,0.0183131710009389,0.22
2,sco_kcal,106,0.08332987129688263,0.049843523651361465,0.6604061546264002,0.9744507714547748,8.947447776794434,0.11465330421924591,0.012814079174242723,0.08
2,sco_kcal,107,0.17618101835250854,0.008922513574361801,0.6482574744416929,0.9533010142246721,1.568613052368164,0.06629897654056549,0.042265985508964564,0.14
2,sco_kcal,108,0.32163453102111816,0.015097316354513168,0.6618463187523498,0.9691382284984478,2.740330457687378,0.7289631962776184,0.26601287966298987,0.16
2,sco_kcal,109,0.31786322593688965,0.008019864559173584,0.6757700782057692,0.964789851187277,1.5750539302825928,0.04783390089869499,0.030369690827102495,0.2
2,sco_kcal,110,0.3894253969192505,0.0067092254757881165,0.653676544260309,0.9447618805046458,1.2532460689544678,0.3520720899105072,0.2809281422316582,0.28
2,sco_kcal,111,0.1627943217754364,0.010366386733949184,0.6527944586973322,0.9800172410664945,1.8376120328903198,0.1983577460050583,0.10794321241631613,0.12
2,sco_kcal,112,0.45224013924598694,0.013768842443823814,0.6741594098702746,0.9759118321283868,2.4669816493988037,0.7900658249855042,0.3202560607526371,0.3
2,sco_kcal,113,0.4083402156829834,0.025409994646906853,0.6308624580078415,0.9147993317809562,3.7507948875427246,1.5202518701553345,0.4053145841710646,0.26
2,sco_kcal,114,0.2435988336801529,0.008130719885230064,0.6481801612107745,0.9698202249702061,1.3769081830978394,0.08282988518476486,0.060156433233194896,0.14
2,sco_kcal,115,0.18271395564079285,0.050686709582805634,0.6277562705244317,0.9456024396196763,7.735799312591553,1.1973106861114502,0.15477530345992674,0.04
2,sco_kcal,116,0.30594778060913086,0.028191663324832916,0.6651954592367204,0.9788627257783316,4.918491840362549,0.4598078727722168,0.0934855414415659,0.16
2,sco_kcal,117,0.57254958152771,0.0025338763371109962,0.6401674464003977,0.9762346019235706,0.29949286580085754,0.18502245843410492,0.6177858625758795,0.34
2,sco_kcal,118,0.13266678154468536,0.023869169875979424,0.6604242242802858,0.9535479233415425,4.00648307800293,0.23192694783210754,0.057887913992566715,0.18
2,sco_kcal,119,0.3198997378349304,0.002237471053376794,0.6334830847139972,0.9575219325701343,0.2384488880634308,0.1316710114479065,0.552198051822662,0.34
2,sco_kcal,120,0.5543397068977356,0.008201926946640015,0.6879388329684617,0.9407080629732711,1.6629343032836914,0.8667667508125305,0.5212272962924518,0.34
2,sco_kcal,121,0.45257118344306946,0.007057833485305309,0.6583314699885294,0.9469804390328336,1.3777846097946167,0.2789837419986725,0.20248719576005422,0.32
2,sco_kcal,122,0.1386439949274063,0.009914180263876915,0.6553610163016239,0.9578365966916813,1.7987699508666992,0.12962783873081207,0.07206471214862892,0.14
2,sco_kcal,123,0.6565752625465393,0.010597916319966316,0.6962581806830284,0.9463859361687574,2.174825668334961,1.132400631904602,0.5206857029471995,0.42
2,sco_kcal,124,0.6887443661689758,0.007004227954894304,0.6195208559128709,0.9308665693927491,1.4974020719528198,1.0649174451828003,0.711176687363602,0.58
2,sco_kcal,125,0.11139628291130066,0.016057759523391724,0.6364948773712125,0.9742954588643833,2.4570281505584717,0.0022086903918534517,0.0008989275891492844,0.2
2,sco_kcal,126,0.1280135065317154,0.07473490387201309,0.6217615185699263,0.9330145709118676,12.045586585998535,0.5188152194023132,0.043070980038894084,0.02
2,sco_kcal,127,0.347526490688324,0.004930061753839254,0.6412941276000197,0.9663468833100783,0.8208140730857849,0.17875775694847107,0.2177810576230078,0.32
2,sco_kcal,128,0.4961722195148468,0.023609070107340813,0.6655308821576578,0.9738518035132546,4.090147495269775,0.5260939598083496,0.12862469150972508,0.38
2,sco_kcal,129,0.5435311198234558,0.003407249692827463,0.6654704605078796,0.9766498777991526,0.7397662997245789,0.18834850192070007,0.25460540983121804,0.32
2,sco_kcal,130,0.10631269961595535,0.03567492961883545,0.6567359717253205,0.9689669097741023,5.862891674041748,0.012327564880251884,0.0021026424443134103,0.06
2,sco_kcal,131,0.5956618785858154,0.007664824370294809,0.6685903507027038,0.9389885293673026,1.5469990968704224,0.8931339383125305,0.5773331995599348,0.48
2,sco_kcal,132,0.4333200454711914,0.009852436371147633,0.664499171091206,0.9260331264593002,1.7573270797729492,0.6748165488243103,0.38400167879476266,0.3
2,sco_kcal,133,0.9153212308883667,0.005610612221062183,0.7087048310896951,0.9805556990765454,0.8986820578575134,1.7491528987884521,1.9463534222086154,0.56
2,sco_kcal,134,0.21660161018371582,0.007798050995916128,0.6428199790949667,0.975262577587588,1.22689950466156,0.19350163638591766,0.15771596259572623,0.12
2,sco_kcal,135,0.12702924013137817,0.013836506754159927,0.6785567843582008,0.9388060396343152,2.6236414909362793,0.1260623335838318,0.04804861259411051,0.12
2,sco_kcal,136,0.8728999495506287,0.006043558940291405,0.734881412719447,0.9119242251195587,1.1101828813552856,1.647270917892456,1.4837833888066314,0.8
2,sco_kcal,137,0.10684269666671753,0.021832911297678947,0.6480446403272573,0.9557959543059409,3.6423299312591553,0.09757328778505325,0.02678870108598924,0.18
2,sco_kcal,138,0.32629942893981934,0.012688595801591873,0.6617935623857567,0.9620645255911431,2.1956512928009033,0.6985547542572021,0.3181537781284405,0.14
2,sco_kcal,139,0.406684011220932,0.006989140994846821,0.663982393385111,0.9326702250972698,1.2949883937835693,0.4983554184436798,0.3848338879606744,0.28
2,sco_kcal,140,0.12363403290510178,0.018817318603396416,0.6253831291990815,0.9442220236663901,2.6875946521759033,0.041423287242650986,0.015412773354461872,0.12
2,sco_kcal,141,0.18351894617080688,0.007329149171710014,0.6552439083015666,0.9601143204204863,1.3812978267669678,0.11211571842432022,0.08116694043219887,0.14
2,sco_kcal,142,0.21267196536064148,0.016429327428340912,0.6413137443312233,0.9377461329860903,2.5913374423980713,0.30330270528793335,0.11704485117432312,0.14
2,sco_kcal,143,0.8582653999328613,0.008130173198878765,0.7123626402569703,0.9462558786385649,1.2365626096725464,1.986759901046753,1.6066795854136864,0.72
2,sco_kcal,144,0.2929684817790985,0.0026524467393755913,0.633213991649215,0.9591461257697171,0.31125983595848083,0.01661651022732258,0.05338469120551444,0.22
2,sco_kcal,145,0.12811999022960663,0.015796121209859848,0.6497645663878489,0.967089548598904,2.678389549255371,0.13509057462215424,0.05043723929542335,0.08
2,sco_kcal,146,0.2764887511730194,0.041023582220077515,0.6149031598069676,0.9217179479842847,6.295969486236572,1.8572008609771729,0.2949825066714734,0.1
2,sco_kcal,147,0.5958301424980164,0.012651710771024227,0.6546719830207703,0.8922876078609101,1.9446237087249756,1.5232709646224976,0.7833242790304429,0.32
2,sco_kcal,148,0.7415872812271118,0.0024696136824786663,0.6721074000162093,0.9620530440769011,0.32142242789268494,0.4140380322933197,1.2881429432533464,0.72
2,sco_kcal,149,0.2800573408603668,0.006572827696800232,0.6547374022058847,0.9725173480615106,1.1107057332992554,0.2297300100326538,0.20683246979401165,0.22
2,sco_kcal,150,0.15213948488235474,0.04001912474632263,0.640356165385737,0.9644615828073873,6.2655029296875,0.36753422021865845,0.058659971010019095,0.14
2,sco_kcal,151,0.08111411333084106,0.0798579752445221,0.6518540803431947,0.9629472784200861,12.61713695526123,0.034882720559835434,0.0027647096709439824,0.14
2,sco_kcal,152,0.9159777760505676,0.004409800749272108,0.7156733571693701,0.8922454791683765,0.9261177778244019,1.3572872877120972,1.465566605254659,0.78
2,sco_kcal,153,0.6636700630187988,0.009729542769491673,0.6446468783148893,0.9125274202094633,1.6677381992340088,1.0029758214950562,0.6013988418300441,0.44
2,sco_kcal,154,0.1738901138305664,0.005012189503759146,0.6637376626197726,0.9671716721403392,0.9417794942855835,0.12929250299930573,0.1372853239891198,0.12
2,sco_kcal,155,0.8355923891067505,0.005861525423824787,0.6871249738343872,0.8992906660031523,0.9215915203094482,0.9471046328544617,1.0276837535749535,0.76
2,sco_kcal,156,0.21594072878360748,0.014501516707241535,0.6476316694183881,0.9614038797596671,2.4022376537323,0.06135213375091553,0.02553957709204756,0.24
2,sco_kcal,157,0.14389686286449432,0.022966057062149048,0.6633533205999755,0.9703640908815949,4.011663436889648,0.04091809689998627,0.010199783093397082,0.16
2,sco_kcal,158,0.3740563988685608,0.009213661774992943,0.6415443340844154,0.9616729244573701,1.4778484106063843,0.32952404022216797,0.22297553514772134,0.26
2,sco_kcal,159,0.28776443004608154,0.004266491625458002,0.6714706768043426,0.9760130066189938,0.8979590535163879,0.13028584420681,0.14509107480637728,0.2
2,sco_kcal,160,0.23989857733249664,0.011826015077531338,0.6619378692458415,0.9612168012285427,2.0603578090667725,0.3490467369556427,0.16941073798911727,0.12
2,sco_kcal,161,0.45149171352386475,0.01123592909425497,0.6688835371876802,0.9363448383817867,1.9953675270080566,0.6949197053909302,0.3482665203201557,0.4
2,sco_kcal,162,0.24779470264911652,0.010400412604212761,0.6448519605790795,0.9489152301884205,1.6975079774856567,0.25361520051956177,0.14940442335665235,0.18
2,sco_kcal,163,0.26578161120414734,0.0381588377058506,0.643398969874845,0.9081600325361738,6.289380073547363,1.1805765628814697,0.18770952766026683,0.02
2,sco_kcal,164,0.9373946189880371,0.0057234917767345905,0.744100202089272,0.9168175993166028,0.9946622848510742,1.9160995483398438,1.9263820268672716,0.82
2,sco_kcal,165,0.33974751830101013,0.008385084569454193,0.6315687812276307,0.9551698119584018,1.3908798694610596,0.3608800172805786,0.2594616725745071,0.24
2,sco_kcal,166,0.6003814935684204,0.0068667735904455185,0.6873326737298167,0.9537009508996352,1.2711262702941895,0.7838056087493896,0.6166229328011494,0.4
2,sco_kcal,167,0.18848305940628052,0.011009225621819496,0.6568889235962374,0.9362194254790084,2.0557687282562256,0.14549994468688965,0.07077641696121516,0.1
2,sco_kcal,168,0.8299452662467957,0.0037115486338734627,0.6969310803480291,0.9040510039786485,0.8471370935440063,0.8431990742683411,0.9953513790085728,0.58
2,sco_kcal,169,0.0854586660861969,0.05369523912668228,0.6482433177000895,0.973798175106569,9.08914852142334,0.22014565765857697,0.024220712989746884,0.16
2,sco_kcal,170,0.35987624526023865,0.0028752319049090147,0.6510141400806382,0.9491956941348303,0.5285944938659668,0.1972043216228485,0.37307297732248546,0.24
2,sco_kcal,171,0.08293269574642181,0.024682752788066864,0.6241263535233312,0.9689143504985827,3.789961338043213,0.01779308170080185,0.004694792403868837,0.1
2,sco_kcal,172,0.3593200147151947,0.036109331995248795,0.6590394107660074,0.9815765455404943,6.055551528930664,0.47576701641082764,0.07856708247594456,0.24
2,sco_kcal,173,0.2984512448310852,0.014148712158203125,0.6357600952103071,0.9526642461832313,2.1483826637268066,0.09183380007743835,0.04274555070097892,0.2
2,sco_kcal,174,0.37899768352508545,0.004366924054920673,0.6492743863401238,0.9742268906012346,0.6585877537727356,0.2484939992427826,0.3773134222725503,0.32
2,sco_kcal,175,0.45026248693466187,0.008500195108354092,0.6247908400571276,0.937542815320044,1.2056188583374023,0.5299757719039917,0.4395881569361398,0.32
2,sco_kcal,176,0.3299047350883484,0.003153757657855749,0.6214386180208937,0.959818297563972,0.46696507930755615,0.07408281415700912,0.1586474394763385,0.24
2,sco_kcal,177,0.08879517018795013,0.028048545122146606,0.6555087042698067,0.9791089372731321,4.696657180786133,0.07617499679327011,0.016218981684441323,0.16
2,sco_kcal,178,0.7691147923469543,0.008313837461173534,0.6545547046479705,0.90900068606162,1.4439284801483154,1.2223427295684814,0.8465396634069622,0.66
2,sco_kcal,179,0.3078243136405945,0.006970249116420746,0.661945517876458,0.9687717324031211,1.1801576614379883,0.3512954115867615,0.2976682040590391,0.2
2,sco_kcal,180,0.6122781038284302,0.003389642806723714,0.6719577082339276,0.9805320939778999,0.784627377986908,0.24580076336860657,0.31327069417237174,0.48
2,sco_kcal,181,0.2947557866573334,0.00427467655390501,0.6422711063635658,0.9535932910742404,0.6947827339172363,0.1594265252351761,0.22946241674187492,0.22
2,sco_kcal,182,0.47487491369247437,0.009930904023349285,0.6810972575469278,0.9098812214114018,1.745076060295105,0.8162239193916321,0.4677297098749969,0.26
2,sco_kcal,183,0.6631612181663513,0.008342771790921688,0.6354708425146882,0.9091441277488417,1.4184739589691162,0.9910609126091003,0.6986810764783862,0.52
2,sco_kcal,184,0.985123336315155,0.0028700188267976046,0.8029907905701212,0.9695420883842931,0.5786683559417725,2.080703020095825,3.5956744458741277,0.98
2,sco_kcal,185,0.1029372289776802,0.024751480668783188,0.6573392188749916,0.9615592123318559,4.286313533782959,0.057277947664260864,0.013362985981501273,0.2
2,sco_kcal,186,0.1798754632472992,0.01458390336483717,0.6576802302367732,0.9796321112595006,2.5450124740600586,0.2930045425891876,0.11512892198982327,0.18
2,sco_kcal,187,0.24367976188659668,0.010362713597714901,0.6051134901944883,0.9402815393292447,1.4027202129364014,0.18061038851737976,0.12875724385499288,0.1
2,sco_kcal,188,0.7604523301124573,0.010000794194638729,0.704178777151939,0.906989139305221,1.8034995794296265,2.002894401550293,1.110559949331248,0.56
2,sco_kcal,189,0.2676963210105896,0.020645765587687492,0.6479821312705267,0.9565079047945577,3.279444694519043,0.9213615655899048,0.28095048138173584,0.16
2,sco_kcal,190,0.28330370783805847,0.002866425085812807,0.6418253346017664,0.9493078292140522,0.5070124268531799,0.13407720625400543,0.26444560163183406,0.18
2,sco_kcal,191,0.7618027925491333,0.0041586547158658504,0.6597589843713041,0.9766714747352689,0.6240003705024719,0.423717737197876,0.6790344320736224,0.62
2,sco_kcal,192,0.7416935563087463,0.007461115252226591,0.6623278392888983,0.9312434734204034,1.1951998472213745,0.7930397987365723,0.6635206660879749,0.7
2,sco_kcal,193,0.10156583786010742,0.013803211972117424,0.6306758949795606,0.9765594179465578,2.026407241821289,0.012394330464303493,0.006116406519137659,0.08
2,sco_kcal,194,0.15868282318115234,0.020584406331181526,0.6269364834751592,0.9350469656385718,3.3146169185638428,0.3643310070037842,0.10991647480084712,0.08
2,sco_kcal,195,0.19069752097129822,0.005340927746146917,0.6281578284755529,0.9829614979225105,0.7730315923690796,0.07322464883327484,0.09472400553367571,0.12
2,sco_kcal,196,0.2428244650363922,0.010637055151164532,0.644135187865283,0.9725580342039886,1.655604600906372,0.2113635540008545,0.1276654787532857,0.14
2,sco_kcal,197,0.410653293132782,0.006894892081618309,0.6510986408699626,0.9295780741866211,1.2146753072738647,0.45681777596473694,0.3760822116240989,0.3
2,sco_kcal,198,0.1921442300081253,0.04977002739906311,0.6191211109925152,0.9262280344528331,7.320560932159424,0.8661187887191772,0.1183131725486081,0.04
2,sco_kcal,199,0.22257156670093536,0.004548369906842709,0.6337151948154429,0.9656430511975087,0.706471860408783,0.0447072871029377,0.06328247395029846,0.22
2,sco_kcal,200,0.10540256649255753,0.01148789282888174,0.6665215909989464,0.9585727793093055,2.05357027053833,0.07956747710704803,0.03874592374488843,0.08
2,sco_kcal,201,0.23532399535179138,0.022672610357403755,0.6477423120531227,0.9287840822234064,4.080674648284912,0.6053439974784851,0.1483440973989211,0.16
2,sco_kcal,202,0.34808042645454407,0.015121176838874817,0.620927034402045,0.9402692248922282,2.4405360221862793,0.7892395853996277,0.3233878042466309,0.18
2,sco_kcal,203,0.16639548540115356,0.0057424502447247505,0.6516914622004177,0.9873259504017791,0.9637536406517029,0.13554804027080536,0.14064594368654834,0.14
2,sco_kcal,204,0.3900635540485382,0.002840655157342553,0.631910502516907,0.9685954509749304,0.4288197457790375,0.17462226748466492,0.40721601372956456,0.22
2,sco_kcal,205,0.18047387897968292,0.03321994096040726,0.6673369821027573,0.958447029604091,5.485030651092529,0.2081311196088791,0.03794529745561636,0.04
2,sco_kcal,206,0.9657607674598694,0.0037301138509064913,0.7702702890334712,0.9065441620489985,0.9838936924934387,1.89315664768219,1.9241475599710838,0.88
2,sco_kcal,207,0.9412446618080139,0.003439410123974085,0.738727230055843,0.954566118810894,0.9697513580322266,1.1017706394195557,1.1361372482686865,0.72
2,sco_kcal,208,0.20727410912513733,0.017765846103429794,0.6174648698521266,0.9356508260527387,2.558297634124756,0.2898614704608917,0.11330248153868894,0.12
2,sco_kcal,209,0.42564788460731506,0.004235216416418552,0.652811303840207,0.9463071568007186,0.8509263396263123,0.09706439077854156,0.11406908713293301,0.24
2,sco_kcal,210,0.13488006591796875,0.04255073145031929,0.6561393045095689,0.9610352741871666,7.378746032714844,0.5092759728431702,0.06901931176181077,0.02
2,sco_kcal,211,0.30491140484809875,0.003821785794571042,0.6700388433312217,0.9591345517280419,0.731175422668457,0.1637459099292755,0.2239488703431491,0.3
2,sco_kcal,212,0.4721395969390869,0.023162171244621277,0.6721792463907992,0.9371247499757394,3.981053113937378,1.9210572242736816,0.4825500110883223,0.28
2,sco_kcal,213,0.9304462671279907,0.005724143236875534,0.7248376279290198,0.9626539068514721,0.9538255929946899,1.8901689052581787,1.9816714073730055,0.86
2,sco_kcal,214,0.44142085313796997,0.02673294208943844,0.645159740508708,0.9114013233631066,4.318992614746094,1.4674360752105713,0.3397635064714829,0.2
2,sco_kcal,215,0.4986098110675812,0.0035901516675949097,0.6418407034589604,0.9696682680752309,0.5847919583320618,0.3260662257671356,0.5575764528245886,0.3
2,sco_kcal,216,0.6984602212905884,0.0018732819007709622,0.6627628032520989,0.9473894766962832,0.19291000068187714,0.2751520574092865,1.4263234484304035,0.54
2,sco_kcal,217,0.1446206122636795,0.011388077400624752,0.6322240659857832,0.9502090100391962,1.6773602962493896,0.15268535912036896,0.09102716897602525,0.08
2,sco_kcal,218,0.3928552269935608,0.0033494113013148308,0.6422300412039479,0.9689969481444847,0.5243505835533142,0.21572373807430267,0.41141126727165855,0.24
2,sco_kcal,219,0.1850614994764328,0.00910193845629692,0.6129957709312004,0.9657055474920091,1.2233831882476807,0.06953835487365723,0.05684102539717,0.12
2,sco_kcal,220,0.29415276646614075,0.005024522077292204,0.6444552680016324,0.9516941467776112,0.8676944375038147,0.06922903656959534,0.07978504134330236,0.12
2,sco_kcal,221,0.8631390333175659,0.0037734287325292826,0.7336486757631941,0.9063639365768241,0.7073466181755066,1.0637582540512085,1.5038712658229876,0.62
2,sco_kcal,222,0.08898910880088806,0.019593708217144012,0.6775620974144474,0.9677425106264728,3.389098882675171,0.003152446821331978,0.0009301725710769487,0.1
2,sco_kcal,223,0.19379408657550812,0.009213310666382313,0.6508380869879091,0.9542446791867893,1.5283517837524414,0.23501697182655334,0.153771516692011,0.14
2,sco_kcal,224,0.6723036766052246,0.005196142476052046,0.6932762302122879,0.9357075865386131,1.089687705039978,0.3981112539768219,0.3653443570442195,0.58
2,sco_kcal,225,0.2810267508029938,0.0039026832673698664,0.6343841171968398,0.9757206111168579,0.5868387222290039,0.12651807069778442,0.2155925740844567,0.16
2,sco_kcal,226,0.26553910970687866,0.009158474393188953,0.6576559871074668,0.9293680237789186,1.623668909072876,0.35835668444633484,0.22070797959108457,0.1
2,sco_kcal,227,0.7207455039024353,0.0065165553241968155,0.6936738321737925,0.9461767691770555,1.2794495820999146,0.9688023328781128,0.7572024301950627,0.68
2,sco_kcal,228,0.7961889505386353,0.003076057881116867,0.6890979434564017,0.9515800670503858,0.434275358915329,0.4407806992530823,1.014979759279922,0.76
2,sco_kcal,229,0.0733393207192421,0.042182520031929016,0.6379019748645594,0.9570300127998501,6.429818153381348,0.012621022760868073,0.001962889534322345,0.06
2,sco_kcal,230,0.2852066457271576,0.0070527298375964165,0.6674318528093472,0.9681058312883413,1.3449429273605347,0.06880686432123184,0.05115969081027555,0.18
2,sco_kcal,231,0.21856525540351868,0.021199235692620277,0.6489562321551035,0.9272562653840228,3.5562448501586914,0.44415393471717834,0.12489408165957941,0.16
2,sco_kcal,232,0.17630362510681152,0.008141330443322659,0.6580994593972449,0.969761826719066,1.4453575611114502,0.1596418023109436,0.11045142503574157,0.06
2,sco_kcal,233,0.20349736511707306,0.01568744331598282,0.6320095286077863,0.911988993397091,2.636296272277832,0.30345892906188965,0.11510805225229592,0.1
2,sco_kcal,234,0.2557455897331238,0.008402524515986443,0.6575723835640457,0.9564628270447897,1.569980502128601,0.3464541733264923,0.22067418853722387,0.1
2,sco_kcal,235,0.33143338561058044,0.009289832785725594,0.6545516821390653,0.9378601359408916,1.74516761302948,0.36001041531562805,0.20628987876452565,0.28
2,sco_kcal,236,0.21053975820541382,0.02234521694481373,0.6361033100715163,0.9567317598426976,3.5110087394714355,0.19213466346263885,0.0547234933660586,0.08
2,sco_kcal,237,0.4356423616409302,0.017635632306337357,0.635461725719022,0.9368352590875748,2.6885039806365967,0.7990323901176453,0.2972033502172634,0.34
2,sco_kcal,238,0.13959017395973206,0.018685856834053993,0.6189366458509187,0.9541727835887994,2.645353078842163,0.030916305258870125,0.011687024127759078,0.08
2,sco_kcal,239,0.6214421391487122,0.019256670027971268,0.6735973615861008,0.9762954570013389,3.3030896186828613,1.4253202676773071,0.4315112310654372,0.38
2,sco_kcal,240,0.40603747963905334,0.02255459502339363,0.635567297446636,0.8903901750068786,3.8440775871276855,1.1708464622497559,0.30458450322919167,0.18
2,sco_kcal,241,0.514282763004303,0.00884290598332882,0.6541059598062071,0.954400446984329,1.4695253372192383,0.5315350890159607,0.36170529051358646,0.4
2,sco_kcal,242,0.4597032070159912,0.018779953941702843,0.7067711649901476,0.9059955345624178,3.374187469482422,1.6714285612106323,0.4953573493849227,0.36
2,sco_kcal,243,0.9710550904273987,0.0019150845473632216,0.7885696486801228,0.938579573856932,0.17351800203323364,1.0745567083358765,6.192767872754023,0.82
2,sco_kcal,244,0.250299334526062,0.021127333864569664,0.6505362944995416,0.9560920256149577,3.571916103363037,0.5569838881492615,0.1559342022688744,0.08
2,sco_kcal,245,0.26961830258369446,0.006259061861783266,0.6529321393286125,0.9575775033184029,1.1286896467208862,0.2652149796485901,0.2349760010815224,0.22
2,sco_kcal,246,0.10997732728719711,0.013498851098120213,0.6580957258560405,0.9798741070844497,2.3568248748779297,0.10917479544878006,0.04632282890956618,0.12
2,sco_kcal,247,0.34405529499053955,0.002056312747299671,0.6853768903029243,0.9663992031840438,0.6090763807296753,0.06092836707830429,0.10003403350711437,0.36
2,sco_kcal,248,0.42220422625541687,0.011029718443751335,0.6465105871952419,0.9302607278260668,1.7734193801879883,0.6916369199752808,0.39000189560461723,0.24
2,sco_kcal,249,0.30251285433769226,0.0021735308691859245,0.6401746846489809,0.9428346626392115,0.15865544974803925,0.026691900566220284,0.16823815764670988,0.26
2,water_gsolv_eV,0,1.0,0.0,0.6800393957876916,0.6800393957876916,,,,1.0
2,water_gsolv_eV,1,1.0,0.0,0.6800393957876916,0.6800393957876916,,,,1.0
2,water_gsolv_eV,2,1.0,0.0,0.6800393957876916,0.6800393957876916,,,,1.0
2,water_gsolv_eV,3,1.0,0.0,0.6800393957876916,0.6800393957876916,,,,1.0
2,water_gsolv_eV,4,1.0,0.0,0.6800393957876916,0.6800393957876916,,,,1.0
2,water_gsolv_eV,5,1.0,0.0,0.6800393957876916,0.6800393957876916,,,,1.0
2,water_gsolv_eV,6,1.0,0.0,0.6800393957876916,0.6800393957876916,,,,1.0
2,water_gsolv_eV,7,1.0,0.0,0.6800393957876916,0.6800393957876916,,,,1.0
2,water_gsolv_eV,8,1.0,0.0,0.6800393957876916,0.6800393957876916,,,,1.0
2,water_gsolv_eV,9,1.0,0.0,0.6800393957876916,0.6800393957876916,,,,1.0
2,water_gsolv_eV,10,1.0,0.0,0.6800393957876916,0.6800393957876916,,,,1.0
2,water_gsolv_eV,11,1.0,0.0,0.6800393957876916,0.6800393957876916,,,,1.0
2,water_gsolv_eV,12,1.0,0.0,0.6800393957876916,0.6800393957876916,,,,1.0
2,water_gsolv_eV,13,1.0,0.0,0.6800393957876916,0.6800393957876916,,,,1.0
2,water_gsolv_eV,14,1.0,0.0,0.6800393957876916,0.6800393957876916,,,,1.0
2,water_gsolv_eV,15,1.0,0.0,0.6800393957876916,0.6800393957876916,,,,1.0
2,water_gsolv_eV,16,1.0,0.0,0.6800393957876916,0.6800393957876916,,,,1.0
2,water_gsolv_eV,17,1.0,0.0,0.6800393957876916,0.6800393957876916,,,,1.0
2,water_gsolv_eV,18,1.0,0.0,0.6800393957876916,0.6800393957876916,,,,1.0
2,water_gsolv_eV,19,1.0,0.0,0.6800393957876916,0.6800393957876916,,,,1.0
2,water_gsolv_eV,20,1.0,0.0,0.6800393957876916,0.6800393957876916,,,,1.0
2,water_gsolv_eV,21,1.0,0.0,0.6800393957876916,0.6800393957876916,,,,1.0
2,water_gsolv_eV,22,1.0,0.0,0.6800393957876916,0.6800393957876916,,,,1.0
2,water_gsolv_eV,23,1.0,0.0,0.6800393957876916,0.6800393957876916,,,,1.0
2,water_gsolv_eV,24,1.0,0.0,0.6800393957876916,0.6800393957876916,,,,1.0
2,water_gsolv_eV,25,1.0,0.0,0.6800393957876916,0.6800393957876916,,,,1.0
2,water_gsolv_eV,26,1.0,0.0,0.6800393957876916,0.6800393957876916,,,,1.0
2,water_gsolv_eV,27,1.0,0.0,0.6800393957876916,0.6800393957876916,,,,1.0
2,water_gsolv_eV,28,1.0,0.0,0.6800393957876916,0.6800393957876916,,,,1.0
2,water_gsolv_eV,29,1.0,0.0,0.6800393957876916,0.6800393957876916,,,,1.0
2,water_gsolv_eV,30,1.0,0.0,0.6800393957876916,0.6800393957876916,,,,1.0
2,water_gsolv_eV,31,1.0,0.0,0.6800393957876916,0.6800393957876916,,,,1.0
2,water_gsolv_eV,32,1.0,0.0,0.6800393957876916,0.6800393957876916,,,,1.0
2,water_gsolv_eV,33,1.0,0.0,0.6800393957876916,0.6800393957876916,,,,1.0
2,water_gsolv_eV,34,1.0,0.0,0.6800393957876916,0.6800393957876916,,,,1.0
2,water_gsolv_eV,35,1.0,0.0,0.6800393957876916,0.6800393957876916,,,,1.0
2,water_gsolv_eV,36,1.0,0.0,0.6800393957876916,0.6800393957876916,,,,1.0
2,water_gsolv_eV,37,1.0,0.0,0.6800393957876916,0.6800393957876916,,,,1.0
2,water_gsolv_eV,38,1.0,0.0,0.6800393957876916,0.6800393957876916,,,,1.0
2,water_gsolv_eV,39,1.0,0.0,0.6800393957876916,0.6800393957876916,,,,1.0
2,water_gsolv_eV,40,1.0,0.0,0.6800393957876916,0.6800393957876916,,,,1.0
2,water_gsolv_eV,41,1.0,0.0,0.6800393957876916,0.6800393957876916,,,,1.0
2,water_gsolv_eV,42,1.0,0.0,0.6800393957876916,0.6800393957876916,,,,1.0
2,water_gsolv_eV,43,1.0,0.0,0.6800393957876916,0.6800393957876916,,,,1.0
2,water_gsolv_eV,44,1.0,0.0,0.6800393957876916,0.6800393957876916,,,,1.0
2,water_gsolv_eV,45,1.0,0.0,0.6800393957876916,0.6800393957876916,,,,1.0
2,water_gsolv_eV,46,1.0,0.0,0.6800393957876916,0.6800393957876916,,,,1.0
2,water_gsolv_eV,47,1.0,0.0,0.6800393957876916,0.6800393957876916,,,,1.0
2,water_gsolv_eV,48,1.0,0.0,0.6800393957876916,0.6800393957876916,,,,1.0
2,water_gsolv_eV,49,1.0,0.0,0.6800393957876916,0.6800393957876916,,,,1.0
2,water_gsolv_eV,50,1.0,0.0,0.6800393957876916,0.6800393957876916,,,,1.0
2,water_gsolv_eV,51,1.0,0.0,0.6800393957876916,0.6800393957876916,,,,1.0
2,water_gsolv_eV,52,1.0,0.0,0.6800393957876916,0.6800393957876916,,,,1.0
2,water_gsolv_eV,53,1.0,0.0,0.6800393957876916,0.6800393957876916,,,,1.0
2,water_gsolv_eV,54,1.0,0.0,0.6800393957876916,0.6800393957876916,,,,1.0
2,water_gsolv_eV,55,1.0,0.0,0.6800393957876916,0.6800393957876916,,,,1.0
2,water_gsolv_eV,56,1.0,0.0,0.6800393957876916,0.6800393957876916,,,,1.0
2,water_gsolv_eV,57,1.0,0.0,0.6800393957876916,0.6800393957876916,,,,1.0
2,water_gsolv_eV,58,1.0,0.0,0.6800393957876916,0.6800393957876916,,,,1.0
2,water_gsolv_eV,59,1.0,0.0,0.6800393957876916,0.6800393957876916,,,,1.0
2,water_gsolv_eV,60,1.0,0.0,0.6800393957876916,0.6800393957876916,,,,1.0
2,water_gsolv_eV,61,1.0,0.0,0.6800393957876916,0.6800393957876916,,,,1.0
2,water_gsolv_eV,62,1.0,0.0,0.6800393957876916,0.6800393957876916,,,,1.0
2,water_gsolv_eV,63,1.0,0.0,0.6800393957876916,0.6800393957876916,,,,1.0
2,water_gsolv_eV,64,1.0,0.0,0.6800393957876916,0.6800393957876916,,,,1.0
2,water_gsolv_eV,65,1.0,0.0,0.6800393957876916,0.6800393957876916,,,,1.0
2,water_gsolv_eV,66,1.0,0.0,0.6800393957876916,0.6800393957876916,,,,1.0
2,water_gsolv_eV,67,1.0,0.0,0.6800393957876916,0.6800393957876916,,,,1.0
2,water_gsolv_eV,68,1.0,0.0,0.6800393957876916,0.6800393957876916,,,,1.0
2,water_gsolv_eV,69,1.0,0.0,0.6800393957876916,0.6800393957876916,,,,1.0
2,water_gsolv_eV,70,1.0,0.0,0.6800393957876916,0.6800393957876916,,,,1.0
2,water_gsolv_eV,71,1.0,0.0,0.6800393957876916,0.6800393957876916,,,,1.0
2,water_gsolv_eV,72,1.0,0.0,0.6800393957876916,0.6800393957876916,,,,1.0
2,water_gsolv_eV,73,1.0,0.0,0.6800393957876916,0.6800393957876916,,,,1.0
2,water_gsolv_eV,74,1.0,0.0,0.6800393957876916,0.6800393957876916,,,,1.0
2,water_gsolv_eV,75,1.0,0.0,0.6800393957876916,0.6800393957876916,,,,1.0
2,water_gsolv_eV,76,1.0,0.0,0.6800393957876916,0.6800393957876916,,,,1.0
2,water_gsolv_eV,77,1.0,0.0,0.6800393957876916,0.6800393957876916,,,,1.0
2,water_gsolv_eV,78,1.0,0.0,0.6800393957876916,0.6800393957876916,,,,1.0
2,water_gsolv_eV,79,1.0,0.0,0.6800393957876916,0.6800393957876916,,,,1.0
2,water_gsolv_eV,80,1.0,0.0,0.6800393957876916,0.6800393957876916,,,,1.0
2,water_gsolv_eV,81,1.0,0.0,0.6800393957876916,0.6800393957876916,,,,1.0
2,water_gsolv_eV,82,1.0,0.0,0.6800393957876916,0.6800393957876916,,,,1.0
2,water_gsolv_eV,83,1.0,0.0,0.6800393957876916,0.6800393957876916,,,,1.0
2,water_gsolv_eV,84,1.0,0.0,0.6800393957876916,0.6800393957876916,,,,1.0
2,water_gsolv_eV,85,1.0,0.0,0.6800393957876916,0.6800393957876916,,,,1.0
2,water_gsolv_eV,86,1.0,0.0,0.6800393957876916,0.6800393957876916,,,,1.0
2,water_gsolv_eV,87,1.0,0.0,0.6800393957876916,0.6800393957876916,,,,1.0
2,water_gsolv_eV,88,1.0,0.0,0.6800393957876916,0.6800393957876916,,,,1.0
2,water_gsolv_eV,89,1.0,0.0,0.6800393957876916,0.6800393957876916,,,,1.0
2,water_gsolv_eV,90,1.0,0.0,0.6800393957876916,0.6800393957876916,,,,1.0
2,water_gsolv_eV,91,1.0,0.0,0.6800393957876916,0.6800393957876916,,,,1.0
2,water_gsolv_eV,92,1.0,0.0,0.6800393957876916,0.6800393957876916,,,,1.0
2,water_gsolv_eV,93,1.0,0.0,0.6800393957876916,0.6800393957876916,,,,1.0
2,water_gsolv_eV,94,1.0,0.0,0.6800393957876916,0.6800393957876916,,,,1.0
2,water_gsolv_eV,95,1.0,0.0,0.6800393957876916,0.6800393957876916,,,,1.0
2,water_gsolv_eV,96,1.0,0.0,0.6800393957876916,0.6800393957876916,,,,1.0
2,water_gsolv_eV,97,1.0,0.0,0.6800393957876916,0.6800393957876916,,,,1.0
2,water_gsolv_eV,98,1.0,0.0,0.6800393957876916,0.6800393957876916,,,,1.0
2,water_gsolv_eV,99,1.0,0.0,0.6800393957876916,0.6800393957876916,,,,1.0
2,water_gsolv_eV,100,1.0,0.0,0.6800393957876916,0.6800393957876916,,,,1.0
2,water_gsolv_eV,101,1.0,0.0,0.6800393957876916,0.6800393957876916,,,,1.0
2,water_gsolv_eV,102,1.0,0.0,0.6800393957876916,0.6800393957876916,,,,1.0
2,water_gsolv_eV,103,1.0,0.0,0.6800393957876916,0.6800393957876916,,,,1.0
2,water_gsolv_eV,104,1.0,0.0,0.6800393957876916,0.6800393957876916,,,,1.0
2,water_gsolv_eV,105,1.0,0.0,0.6800393957876916,0.6800393957876916,,,,1.0
2,water_gsolv_eV,106,1.0,0.0,0.6800393957876916,0.6800393957876916,,,,1.0
2,water_gsolv_eV,107,1.0,0.0,0.6800393957876916,0.6800393957876916,,,,1.0
2,water_gsolv_eV,108,1.0,0.0,0.6800393957876916,0.6800393957876916,,,,1.0
2,water_gsolv_eV,109,1.0,0.0,0.6800393957876916,0.6800393957876916,,,,1.0
2,water_gsolv_eV,110,1.0,0.0,0.6800393957876916,0.6800393957876916,,,,1.0
2,water_gsolv_eV,111,1.0,0.0,0.6800393957876916,0.6800393957876916,,,,1.0
2,water_gsolv_eV,112,1.0,0.0,0.6800393957876916,0.6800393957876916,,,,1.0
2,water_gsolv_eV,113,1.0,0.0,0.6800393957876916,0.6800393957876916,,,,1.0
2,water_gsolv_eV,114,1.0,0.0,0.6800393957876916,0.6800393957876916,,,,1.0
2,water_gsolv_eV,115,1.0,0.0,0.6800393957876916,0.6800393957876916,,,,1.0
2,water_gsolv_eV,116,1.0,0.0,0.6800393957876916,0.6800393957876916,,,,1.0
2,water_gsolv_eV,117,1.0,0.0,0.6800393957876916,0.6800393957876916,,,,1.0
2,water_gsolv_eV,118,1.0,0.0,0.6800393957876916,0.6800393957876916,,,,1.0
2,water_gsolv_eV,119,1.0,0.0,0.6800393957876916,0.6800393957876916,,,,1.0
2,water_gsolv_eV,120,1.0,0.0,0.6800393957876916,0.6800393957876916,,,,1.0
2,water_gsolv_eV,121,1.0,0.0,0.6800393957876916,0.6800393957876916,,,,1.0
2,water_gsolv_eV,122,1.0,0.0,0.6800393957876916,0.6800393957876916,,,,1.0
2,water_gsolv_eV,123,1.0,0.0,0.6800393957876916,0.6800393957876916,,,,1.0
2,water_gsolv_eV,124,1.0,0.0,0.6800393957876916,0.6800393957876916,,,,1.0
2,water_gsolv_eV,125,1.0,0.0,0.6800393957876916,0.6800393957876916,,,,1.0
2,water_gsolv_eV,126,1.0,0.0,0.6800393957876916,0.6800393957876916,,,,1.0
2,water_gsolv_eV,127,1.0,0.0,0.6800393957876916,0.6800393957876916,,,,1.0
2,water_gsolv_eV,128,1.0,0.0,0.6800393957876916,0.6800393957876916,,,,1.0
2,water_gsolv_eV,129,1.0,0.0,0.6800393957876916,0.6800393957876916,,,,1.0
2,water_gsolv_eV,130,1.0,0.0,0.6800393957876916,0.6800393957876916,,,,1.0
2,water_gsolv_eV,131,1.0,0.0,0.6800393957876916,0.6800393957876916,,,,1.0
2,water_gsolv_eV,132,1.0,0.0,0.6800393957876916,0.6800393957876916,,,,1.0
2,water_gsolv_eV,133,1.0,0.0,0.6800393957876916,0.6800393957876916,,,,1.0
2,water_gsolv_eV,134,1.0,0.0,0.6800393957876916,0.6800393957876916,,,,1.0
2,water_gsolv_eV,135,1.0,0.0,0.6800393957876916,0.6800393957876916,,,,1.0
2,water_gsolv_eV,136,1.0,0.0,0.6800393957876916,0.6800393957876916,,,,1.0
2,water_gsolv_eV,137,1.0,0.0,0.6800393957876916,0.6800393957876916,,,,1.0
2,water_gsolv_eV,138,1.0,0.0,0.6800393957876916,0.6800393957876916,,,,1.0
2,water_gsolv_eV,139,1.0,0.0,0.6800393957876916,0.6800393957876916,,,,1.0
2,water_gsolv_eV,140,1.0,0.0,0.6800393957876916,0.6800393957876916,,,,1.0
2,water_gsolv_eV,141,1.0,0.0,0.6800393957876916,0.6800393957876916,,,,1.0
2,water_gsolv_eV,142,1.0,0.0,0.6800393957876916,0.6800393957876916,,,,1.0
2,water_gsolv_eV,143,1.0,0.0,0.6800393957876916,0.6800393957876916,,,,1.0
2,water_gsolv_eV,144,1.0,0.0,0.6800393957876916,0.6800393957876916,,,,1.0
2,water_gsolv_eV,145,1.0,0.0,0.6800393957876916,0.6800393957876916,,,,1.0
2,water_gsolv_eV,146,1.0,0.0,0.6800393957876916,0.6800393957876916,,,,1.0
2,water_gsolv_eV,147,1.0,0.0,0.6800393957876916,0.6800393957876916,,,,1.0
2,water_gsolv_eV,148,1.0,0.0,0.6800393957876916,0.6800393957876916,,,,1.0
2,water_gsolv_eV,149,1.0,0.0,0.6800393957876916,0.6800393957876916,,,,1.0
2,water_gsolv_eV,150,1.0,0.0,0.6800393957876916,0.6800393957876916,,,,1.0
2,water_gsolv_eV,151,1.0,0.0,0.6800393957876916,0.6800393957876916,,,,1.0
2,water_gsolv_eV,152,1.0,0.0,0.6800393957876916,0.6800393957876916,,,,1.0
2,water_gsolv_eV,153,1.0,0.0,0.6800393957876916,0.6800393957876916,,,,1.0
2,water_gsolv_eV,154,1.0,0.0,0.6800393957876916,0.6800393957876916,,,,1.0
2,water_gsolv_eV,155,1.0,0.0,0.6800393957876916,0.6800393957876916,,,,1.0
2,water_gsolv_eV,156,1.0,0.0,0.6800393957876916,0.6800393957876916,,,,1.0
2,water_gsolv_eV,157,1.0,0.0,0.6800393957876916,0.6800393957876916,,,,1.0
2,water_gsolv_eV,158,1.0,0.0,0.6800393957876916,0.6800393957876916,,,,1.0
2,water_gsolv_eV,159,1.0,0.0,0.6800393957876916,0.6800393957876916,,,,1.0
2,water_gsolv_eV,160,1.0,0.0,0.6800393957876916,0.6800393957876916,,,,1.0
2,water_gsolv_eV,161,1.0,0.0,0.6800393957876916,0.6800393957876916,,,,1.0
2,water_gsolv_eV,162,1.0,0.0,0.6800393957876916,0.6800393957876916,,,,1.0
2,water_gsolv_eV,163,1.0,0.0,0.6800393957876916,0.6800393957876916,,,,1.0
2,water_gsolv_eV,164,1.0,0.0,0.6800393957876916,0.6800393957876916,,,,1.0
2,water_gsolv_eV,165,1.0,0.0,0.6800393957876916,0.6800393957876916,,,,1.0
2,water_gsolv_eV,166,1.0,0.0,0.6800393957876916,0.6800393957876916,,,,1.0
2,water_gsolv_eV,167,1.0,0.0,0.6800393957876916,0.6800393957876916,,,,1.0
2,water_gsolv_eV,168,1.0,0.0,0.6800393957876916,0.6800393957876916,,,,1.0
2,water_gsolv_eV,169,1.0,0.0,0.6800393957876916,0.6800393957876916,,,,1.0
2,water_gsolv_eV,170,1.0,0.0,0.6800393957876916,0.6800393957876916,,,,1.0
2,water_gsolv_eV,171,1.0,0.0,0.6800393957876916,0.6800393957876916,,,,1.0
2,water_gsolv_eV,172,1.0,0.0,0.6800393957876916,0.6800393957876916,,,,1.0
2,water_gsolv_eV,173,1.0,0.0,0.6800393957876916,0.6800393957876916,,,,1.0
2,water_gsolv_eV,174,1.0,0.0,0.6800393957876916,0.6800393957876916,,,,1.0
2,water_gsolv_eV,175,1.0,0.0,0.6800393957876916,0.6800393957876916,,,,1.0
2,water_gsolv_eV,176,1.0,0.0,0.6800393957876916,0.6800393957876916,,,,1.0
2,water_gsolv_eV,177,1.0,0.0,0.6800393957876916,0.6800393957876916,,,,1.0
2,water_gsolv_eV,178,1.0,0.0,0.6800393957876916,0.6800393957876916,,,,1.0
2,water_gsolv_eV,179,1.0,0.0,0.6800393957876916,0.6800393957876916,,,,1.0
2,water_gsolv_eV,180,1.0,0.0,0.6800393957876916,0.6800393957876916,,,,1.0
2,water_gsolv_eV,181,1.0,0.0,0.6800393957876916,0.6800393957876916,,,,1.0
2,water_gsolv_eV,182,1.0,0.0,0.6800393957876916,0.6800393957876916,,,,1.0
2,water_gsolv_eV,183,1.0,0.0,0.6800393957876916,0.6800393957876916,,,,1.0
2,water_gsolv_eV,184,1.0,0.0,0.6800393957876916,0.6800393957876916,,,,1.0
2,water_gsolv_eV,185,1.0,0.0,0.6800393957876916,0.6800393957876916,,,,1.0
2,water_gsolv_eV,186,1.0,0.0,0.6800393957876916,0.6800393957876916,,,,1.0
2,water_gsolv_eV,187,1.0,0.0,0.6800393957876916,0.6800393957876916,,,,1.0
2,water_gsolv_eV,188,1.0,0.0,0.6800393957876916,0.6800393957876916,,,,1.0
2,water_gsolv_eV,189,1.0,0.0,0.6800393957876916,0.6800393957876916,,,,1.0
2,water_gsolv_eV,190,1.0,0.0,0.6800393957876916,0.6800393957876916,,,,1.0
2,water_gsolv_eV,191,1.0,0.0,0.6800393957876916,0.6800393957876916,,,,1.0
2,water_gsolv_eV,192,1.0,0.0,0.6800393957876916,0.6800393957876916,,,,1.0
2,water_gsolv_eV,193,1.0,0.0,0.6800393957876916,0.6800393957876916,,,,1.0
2,water_gsolv_eV,194,1.0,0.0,0.6800393957876916,0.6800393957876916,,,,1.0
2,water_gsolv_eV,195,1.0,0.0,0.6800393957876916,0.6800393957876916,,,,1.0
2,water_gsolv_eV,196,1.0,0.0,0.6800393957876916,0.6800393957876916,,,,1.0
2,water_gsolv_eV,197,1.0,0.0,0.6800393957876916,0.6800393957876916,,,,1.0
2,water_gsolv_eV,198,1.0,0.0,0.6800393957876916,0.6800393957876916,,,,1.0
2,water_gsolv_eV,199,1.0,0.0,0.6800393957876916,0.6800393957876916,,,,1.0
2,water_gsolv_eV,200,1.0,0.0,0.6800393957876916,0.6800393957876916,,,,1.0
2,water_gsolv_eV,201,1.0,0.0,0.6800393957876916,0.6800393957876916,,,,1.0
2,water_gsolv_eV,202,1.0,0.0,0.6800393957876916,0.6800393957876916,,,,1.0
2,water_gsolv_eV,203,1.0,0.0,0.6800393957876916,0.6800393957876916,,,,1.0
2,water_gsolv_eV,204,1.0,0.0,0.6800393957876916,0.6800393957876916,,,,1.0
2,water_gsolv_eV,205,1.0,0.0,0.6800393957876916,0.6800393957876916,,,,1.0
2,water_gsolv_eV,206,1.0,0.0,0.6800393957876916,0.6800393957876916,,,,1.0
2,water_gsolv_eV,207,1.0,0.0,0.6800393957876916,0.6800393957876916,,,,1.0
2,water_gsolv_eV,208,1.0,0.0,0.6800393957876916,0.6800393957876916,,,,1.0
2,water_gsolv_eV,209,1.0,0.0,0.6800393957876916,0.6800393957876916,,,,1.0
2,water_gsolv_eV,210,1.0,0.0,0.6800393957876916,0.6800393957876916,,,,1.0
2,water_gsolv_eV,211,1.0,0.0,0.6800393957876916,0.6800393957876916,,,,1.0
2,water_gsolv_eV,212,1.0,0.0,0.6800393957876916,0.6800393957876916,,,,1.0
2,water_gsolv_eV,213,1.0,0.0,0.6800393957876916,0.6800393957876916,,,,1.0
2,water_gsolv_eV,214,1.0,0.0,0.6800393957876916,0.6800393957876916,,,,1.0
2,water_gsolv_eV,215,1.0,0.0,0.6800393957876916,0.6800393957876916,,,,1.0
2,water_gsolv_eV,216,1.0,0.0,0.6800393957876916,0.6800393957876916,,,,1.0
2,water_gsolv_eV,217,1.0,0.0,0.6800393957876916,0.6800393957876916,,,,1.0
2,water_gsolv_eV,218,1.0,0.0,0.6800393957876916,0.6800393957876916,,,,1.0
2,water_gsolv_eV,219,1.0,0.0,0.6800393957876916,0.6800393957876916,,,,1.0
2,water_gsolv_eV,220,1.0,0.0,0.6800393957876916,0.6800393957876916,,,,1.0
2,water_gsolv_eV,221,1.0,0.0,0.6800393957876916,0.6800393957876916,,,,1.0
2,water_gsolv_eV,222,1.0,0.0,0.6800393957876916,0.6800393957876916,,,,1.0
2,water_gsolv_eV,223,1.0,0.0,0.6800393957876916,0.6800393957876916,,,,1.0
2,water_gsolv_eV,224,1.0,0.0,0.6800393957876916,0.6800393957876916,,,,1.0
2,water_gsolv_eV,225,1.0,0.0,0.6800393957876916,0.6800393957876916,,,,1.0
2,water_gsolv_eV,226,1.0,0.0,0.6800393957876916,0.6800393957876916,,,,1.0
2,water_gsolv_eV,227,1.0,0.0,0.6800393957876916,0.6800393957876916,,,,1.0
2,water_gsolv_eV,228,1.0,0.0,0.6800393957876916,0.6800393957876916,,,,1.0
2,water_gsolv_eV,229,1.0,0.0,0.6800393957876916,0.6800393957876916,,,,1.0
2,water_gsolv_eV,230,1.0,0.0,0.6800393957876916,0.6800393957876916,,,,1.0
2,water_gsolv_eV,231,1.0,0.0,0.6800393957876916,0.6800393957876916,,,,1.0
2,water_gsolv_eV,232,1.0,0.0,0.6800393957876916,0.6800393957876916,,,,1.0
2,water_gsolv_eV,233,1.0,0.0,0.6800393957876916,0.6800393957876916,,,,1.0
2,water_gsolv_eV,234,1.0,0.0,0.6800393957876916,0.6800393957876916,,,,1.0
2,water_gsolv_eV,235,1.0,0.0,0.6800393957876916,0.6800393957876916,,,,1.0
2,water_gsolv_eV,236,1.0,0.0,0.6800393957876916,0.6800393957876916,,,,1.0
2,water_gsolv_eV,237,1.0,0.0,0.6800393957876916,0.6800393957876916,,,,1.0
2,water_gsolv_eV,238,1.0,0.0,0.6800393957876916,0.6800393957876916,,,,1.0
2,water_gsolv_eV,239,1.0,0.0,0.6800393957876916,0.6800393957876916,,,,1.0
2,water_gsolv_eV,240,1.0,0.0,0.6800393957876916,0.6800393957876916,,,,1.0
2,water_gsolv_eV,241,1.0,0.0,0.6800393957876916,0.6800393957876916,,,,1.0
2,water_gsolv_eV,242,1.0,0.0,0.6800393957876916,0.6800393957876916,,,,1.0
2,water_gsolv_eV,243,1.0,0.0,0.6800393957876916,0.6800393957876916,,,,1.0
2,water_gsolv_eV,244,1.0,0.0,0.6800393957876916,0.6800393957876916,,,,1.0
2,water_gsolv_eV,245,1.0,0.0,0.6800393957876916,0.6800393957876916,,,,1.0
2,water_gsolv_eV,246,1.0,0.0,0.6800393957876916,0.6800393957876916,,,,1.0
2,water_gsolv_eV,247,1.0,0.0,0.6800393957876916,0.6800393957876916,,,,1.0
2,water_gsolv_eV,248,1.0,0.0,0.6800393957876916,0.6800393957876916,,,,1.0
2,water_gsolv_eV,249,1.0,0.0,0.6800393957876916,0.6800393957876916,,,,1.0
2,water_hl_gap_eV,0,0.9999998807907104,0.0,0.7025795068714504,0.7025795068714504,,,,1.0
2,water_hl_gap_eV,1,0.9999998807907104,0.0,0.7025795068714504,0.7025795068714504,,,,1.0
2,water_hl_gap_eV,2,0.9999998807907104,0.0,0.7025795068714504,0.7025795068714504,,,,1.0
2,water_hl_gap_eV,3,0.9999998807907104,0.0,0.7025795068714504,0.7025795068714504,,,,1.0
2,water_hl_gap_eV,4,0.9999998807907104,0.0,0.7025795068714504,0.7025795068714504,,,,1.0
2,water_hl_gap_eV,5,0.9999998807907104,0.0,0.7025795068714504,0.7025795068714504,,,,1.0
2,water_hl_gap_eV,6,0.9999998807907104,0.0,0.7025795068714504,0.7025795068714504,,,,1.0
2,water_hl_gap_eV,7,0.9999998807907104,0.0,0.7025795068714504,0.7025795068714504,,,,1.0
2,water_hl_gap_eV,8,0.9999998807907104,0.0,0.7025795068714504,0.7025795068714504,,,,1.0
2,water_hl_gap_eV,9,0.9999998807907104,0.0,0.7025795068714504,0.7025795068714504,,,,1.0
2,water_hl_gap_eV,10,0.9999998807907104,0.0,0.7025795068714504,0.7025795068714504,,,,1.0
2,water_hl_gap_eV,11,0.9999998807907104,0.0,0.7025795068714504,0.7025795068714504,,,,1.0
2,water_hl_gap_eV,12,0.9999998807907104,0.0,0.7025795068714504,0.7025795068714504,,,,1.0
2,water_hl_gap_eV,13,0.9999998807907104,0.0,0.7025795068714504,0.7025795068714504,,,,1.0
2,water_hl_gap_eV,14,0.9999998807907104,0.0,0.7025795068714504,0.7025795068714504,,,,1.0
2,water_hl_gap_eV,15,0.9999998807907104,0.0,0.7025795068714504,0.7025795068714504,,,,1.0
2,water_hl_gap_eV,16,0.9999998807907104,0.0,0.7025795068714504,0.7025795068714504,,,,1.0
2,water_hl_gap_eV,17,0.9999998807907104,0.0,0.7025795068714504,0.7025795068714504,,,,1.0
2,water_hl_gap_eV,18,0.9999998807907104,0.0,0.7025795068714504,0.7025795068714504,,,,1.0
2,water_hl_gap_eV,19,0.9999998807907104,0.0,0.7025795068714504,0.7025795068714504,,,,1.0
2,water_hl_gap_eV,20,0.9999998807907104,0.0,0.7025795068714504,0.7025795068714504,,,,1.0
2,water_hl_gap_eV,21,0.9999998807907104,0.0,0.7025795068714504,0.7025795068714504,,,,1.0
2,water_hl_gap_eV,22,0.9999998807907104,0.0,0.7025795068714504,0.7025795068714504,,,,1.0
2,water_hl_gap_eV,23,0.9999998807907104,0.0,0.7025795068714504,0.7025795068714504,,,,1.0
2,water_hl_gap_eV,24,0.9999998807907104,0.0,0.7025795068714504,0.7025795068714504,,,,1.0
2,water_hl_gap_eV,25,0.9999998807907104,0.0,0.7025795068714504,0.7025795068714504,,,,1.0
2,water_hl_gap_eV,26,0.9999998807907104,0.0,0.7025795068714504,0.7025795068714504,,,,1.0
2,water_hl_gap_eV,27,0.9999998807907104,0.0,0.7025795068714504,0.7025795068714504,,,,1.0
2,water_hl_gap_eV,28,0.9999998807907104,0.0,0.7025795068714504,0.7025795068714504,,,,1.0
2,water_hl_gap_eV,29,0.9999998807907104,0.0,0.7025795068714504,0.7025795068714504,,,,1.0
2,water_hl_gap_eV,30,0.9999998807907104,0.0,0.7025795068714504,0.7025795068714504,,,,1.0
2,water_hl_gap_eV,31,0.9999998807907104,0.0,0.7025795068714504,0.7025795068714504,,,,1.0
2,water_hl_gap_eV,32,0.9999998807907104,0.0,0.7025795068714504,0.7025795068714504,,,,1.0
2,water_hl_gap_eV,33,0.9999998807907104,0.0,0.7025795068714504,0.7025795068714504,,,,1.0
2,water_hl_gap_eV,34,0.9999998807907104,0.0,0.7025795068714504,0.7025795068714504,,,,1.0
2,water_hl_gap_eV,35,0.9999998807907104,0.0,0.7025795068714504,0.7025795068714504,,,,1.0
2,water_hl_gap_eV,36,0.9999998807907104,0.0,0.7025795068714504,0.7025795068714504,,,,1.0
2,water_hl_gap_eV,37,0.9999998807907104,0.0,0.7025795068714504,0.7025795068714504,,,,1.0
2,water_hl_gap_eV,38,0.9999998807907104,0.0,0.7025795068714504,0.7025795068714504,,,,1.0
2,water_hl_gap_eV,39,0.9999998807907104,0.0,0.7025795068714504,0.7025795068714504,,,,1.0
2,water_hl_gap_eV,40,0.9999998807907104,0.0,0.7025795068714504,0.7025795068714504,,,,1.0
2,water_hl_gap_eV,41,0.9999998807907104,0.0,0.7025795068714504,0.7025795068714504,,,,1.0
2,water_hl_gap_eV,42,0.9999998807907104,0.0,0.7025795068714504,0.7025795068714504,,,,1.0
2,water_hl_gap_eV,43,0.9999998807907104,0.0,0.7025795068714504,0.7025795068714504,,,,1.0
2,water_hl_gap_eV,44,0.9999998807907104,0.0,0.7025795068714504,0.7025795068714504,,,,1.0
2,water_hl_gap_eV,45,0.9999998807907104,0.0,0.7025795068714504,0.7025795068714504,,,,1.0
2,water_hl_gap_eV,46,0.9999998807907104,0.0,0.7025795068714504,0.7025795068714504,,,,1.0
2,water_hl_gap_eV,47,0.9999998807907104,0.0,0.7025795068714504,0.7025795068714504,,,,1.0
2,water_hl_gap_eV,48,0.9999998807907104,0.0,0.7025795068714504,0.7025795068714504,,,,1.0
2,water_hl_gap_eV,49,0.9999998807907104,0.0,0.7025795068714504,0.7025795068714504,,,,1.0
2,water_hl_gap_eV,50,0.9999998807907104,0.0,0.7025795068714504,0.7025795068714504,,,,1.0
2,water_hl_gap_eV,51,0.9999998807907104,0.0,0.7025795068714504,0.7025795068714504,,,,1.0
2,water_hl_gap_eV,52,0.9999998807907104,0.0,0.7025795068714504,0.7025795068714504,,,,1.0
2,water_hl_gap_eV,53,0.9999998807907104,0.0,0.7025795068714504,0.7025795068714504,,,,1.0
2,water_hl_gap_eV,54,0.9999998807907104,0.0,0.7025795068714504,0.7025795068714504,,,,1.0
2,water_hl_gap_eV,55,0.9999998807907104,0.0,0.7025795068714504,0.7025795068714504,,,,1.0
2,water_hl_gap_eV,56,0.9999998807907104,0.0,0.7025795068714504,0.7025795068714504,,,,1.0
2,water_hl_gap_eV,57,0.9999998807907104,0.0,0.7025795068714504,0.7025795068714504,,,,1.0
2,water_hl_gap_eV,58,0.9999998807907104,0.0,0.7025795068714504,0.7025795068714504,,,,1.0
2,water_hl_gap_eV,59,0.9999998807907104,0.0,0.7025795068714504,0.7025795068714504,,,,1.0
2,water_hl_gap_eV,60,0.9999998807907104,0.0,0.7025795068714504,0.7025795068714504,,,,1.0
2,water_hl_gap_eV,61,0.9999998807907104,0.0,0.7025795068714504,0.7025795068714504,,,,1.0
2,water_hl_gap_eV,62,0.9999998807907104,0.0,0.7025795068714504,0.7025795068714504,,,,1.0
2,water_hl_gap_eV,63,0.9999998807907104,0.0,0.7025795068714504,0.7025795068714504,,,,1.0
2,water_hl_gap_eV,64,0.9999998807907104,0.0,0.7025795068714504,0.7025795068714504,,,,1.0
2,water_hl_gap_eV,65,0.9999998807907104,0.0,0.7025795068714504,0.7025795068714504,,,,1.0
2,water_hl_gap_eV,66,0.9999998807907104,0.0,0.7025795068714504,0.7025795068714504,,,,1.0
2,water_hl_gap_eV,67,0.9999998807907104,0.0,0.7025795068714504,0.7025795068714504,,,,1.0
2,water_hl_gap_eV,68,0.9999998807907104,0.0,0.7025795068714504,0.7025795068714504,,,,1.0
2,water_hl_gap_eV,69,0.9999998807907104,0.0,0.7025795068714504,0.7025795068714504,,,,1.0
2,water_hl_gap_eV,70,0.9999998807907104,0.0,0.7025795068714504,0.7025795068714504,,,,1.0
2,water_hl_gap_eV,71,0.9999998807907104,0.0,0.7025795068714504,0.7025795068714504,,,,1.0
2,water_hl_gap_eV,72,0.9999998807907104,0.0,0.7025795068714504,0.7025795068714504,,,,1.0
2,water_hl_gap_eV,73,0.9999998807907104,0.0,0.7025795068714504,0.7025795068714504,,,,1.0
2,water_hl_gap_eV,74,0.9999998807907104,0.0,0.7025795068714504,0.7025795068714504,,,,1.0
2,water_hl_gap_eV,75,0.9999998807907104,0.0,0.7025795068714504,0.7025795068714504,,,,1.0
2,water_hl_gap_eV,76,0.9999998807907104,0.0,0.7025795068714504,0.7025795068714504,,,,1.0
2,water_hl_gap_eV,77,0.9999998807907104,0.0,0.7025795068714504,0.7025795068714504,,,,1.0
2,water_hl_gap_eV,78,0.9999998807907104,0.0,0.7025795068714504,0.7025795068714504,,,,1.0
2,water_hl_gap_eV,79,0.9999998807907104,0.0,0.7025795068714504,0.7025795068714504,,,,1.0
2,water_hl_gap_eV,80,0.9999998807907104,0.0,0.7025795068714504,0.7025795068714504,,,,1.0
2,water_hl_gap_eV,81,0.9999998807907104,0.0,0.7025795068714504,0.7025795068714504,,,,1.0
2,water_hl_gap_eV,82,0.9999998807907104,0.0,0.7025795068714504,0.7025795068714504,,,,1.0
2,water_hl_gap_eV,83,0.9999998807907104,0.0,0.7025795068714504,0.7025795068714504,,,,1.0
2,water_hl_gap_eV,84,0.9999998807907104,0.0,0.7025795068714504,0.7025795068714504,,,,1.0
2,water_hl_gap_eV,85,0.9999998807907104,0.0,0.7025795068714504,0.7025795068714504,,,,1.0
2,water_hl_gap_eV,86,0.9999998807907104,0.0,0.7025795068714504,0.7025795068714504,,,,1.0
2,water_hl_gap_eV,87,0.9999998807907104,0.0,0.7025795068714504,0.7025795068714504,,,,1.0
2,water_hl_gap_eV,88,0.9999998807907104,0.0,0.7025795068714504,0.7025795068714504,,,,1.0
2,water_hl_gap_eV,89,0.9999998807907104,0.0,0.7025795068714504,0.7025795068714504,,,,1.0
2,water_hl_gap_eV,90,0.9999998807907104,0.0,0.7025795068714504,0.7025795068714504,,,,1.0
2,water_hl_gap_eV,91,0.9999998807907104,0.0,0.7025795068714504,0.7025795068714504,,,,1.0
2,water_hl_gap_eV,92,0.9999998807907104,0.0,0.7025795068714504,0.7025795068714504,,,,1.0
2,water_hl_gap_eV,93,0.9999998807907104,0.0,0.7025795068714504,0.7025795068714504,,,,1.0
2,water_hl_gap_eV,94,0.9999998807907104,0.0,0.7025795068714504,0.7025795068714504,,,,1.0
2,water_hl_gap_eV,95,0.9999998807907104,0.0,0.7025795068714504,0.7025795068714504,,,,1.0
2,water_hl_gap_eV,96,0.9999998807907104,0.0,0.7025795068714504,0.7025795068714504,,,,1.0
2,water_hl_gap_eV,97,0.9999998807907104,0.0,0.7025795068714504,0.7025795068714504,,,,1.0
2,water_hl_gap_eV,98,0.9999998807907104,0.0,0.7025795068714504,0.7025795068714504,,,,1.0
2,water_hl_gap_eV,99,0.9999998807907104,0.0,0.7025795068714504,0.7025795068714504,,,,1.0
2,water_hl_gap_eV,100,0.9999998807907104,0.0,0.7025795068714504,0.7025795068714504,,,,1.0
2,water_hl_gap_eV,101,0.9999998807907104,0.0,0.7025795068714504,0.7025795068714504,,,,1.0
2,water_hl_gap_eV,102,0.9999998807907104,0.0,0.7025795068714504,0.7025795068714504,,,,1.0
2,water_hl_gap_eV,103,0.9999998807907104,0.0,0.7025795068714504,0.7025795068714504,,,,1.0
2,water_hl_gap_eV,104,0.9999998807907104,0.0,0.7025795068714504,0.7025795068714504,,,,1.0
2,water_hl_gap_eV,105,0.9999998807907104,0.0,0.7025795068714504,0.7025795068714504,,,,1.0
2,water_hl_gap_eV,106,0.9999998807907104,0.0,0.7025795068714504,0.7025795068714504,,,,1.0
2,water_hl_gap_eV,107,0.9999998807907104,0.0,0.7025795068714504,0.7025795068714504,,,,1.0
2,water_hl_gap_eV,108,0.9999998807907104,0.0,0.7025795068714504,0.7025795068714504,,,,1.0
2,water_hl_gap_eV,109,0.9999998807907104,0.0,0.7025795068714504,0.7025795068714504,,,,1.0
2,water_hl_gap_eV,110,0.9999998807907104,0.0,0.7025795068714504,0.7025795068714504,,,,1.0
2,water_hl_gap_eV,111,0.9999998807907104,0.0,0.7025795068714504,0.7025795068714504,,,,1.0
2,water_hl_gap_eV,112,0.9999998807907104,0.0,0.7025795068714504,0.7025795068714504,,,,1.0
2,water_hl_gap_eV,113,0.9999998807907104,0.0,0.7025795068714504,0.7025795068714504,,,,1.0
2,water_hl_gap_eV,114,0.9999998807907104,0.0,0.7025795068714504,0.7025795068714504,,,,1.0
2,water_hl_gap_eV,115,0.9999998807907104,0.0,0.7025795068714504,0.7025795068714504,,,,1.0
2,water_hl_gap_eV,116,0.9999998807907104,0.0,0.7025795068714504,0.7025795068714504,,,,1.0
2,water_hl_gap_eV,117,0.9999998807907104,0.0,0.7025795068714504,0.7025795068714504,,,,1.0
2,water_hl_gap_eV,118,0.9999998807907104,0.0,0.7025795068714504,0.7025795068714504,,,,1.0
2,water_hl_gap_eV,119,0.9999998807907104,0.0,0.7025795068714504,0.7025795068714504,,,,1.0
2,water_hl_gap_eV,120,0.9999998807907104,0.0,0.7025795068714504,0.7025795068714504,,,,1.0
2,water_hl_gap_eV,121,0.9999998807907104,0.0,0.7025795068714504,0.7025795068714504,,,,1.0
2,water_hl_gap_eV,122,0.9999998807907104,0.0,0.7025795068714504,0.7025795068714504,,,,1.0
2,water_hl_gap_eV,123,0.9999998807907104,0.0,0.7025795068714504,0.7025795068714504,,,,1.0
2,water_hl_gap_eV,124,0.9999998807907104,0.0,0.7025795068714504,0.7025795068714504,,,,1.0
2,water_hl_gap_eV,125,0.9999998807907104,0.0,0.7025795068714504,0.7025795068714504,,,,1.0
2,water_hl_gap_eV,126,0.9999998807907104,0.0,0.7025795068714504,0.7025795068714504,,,,1.0
2,water_hl_gap_eV,127,0.9999998807907104,0.0,0.7025795068714504,0.7025795068714504,,,,1.0
2,water_hl_gap_eV,128,0.9999998807907104,0.0,0.7025795068714504,0.7025795068714504,,,,1.0
2,water_hl_gap_eV,129,0.9999998807907104,0.0,0.7025795068714504,0.7025795068714504,,,,1.0
2,water_hl_gap_eV,130,0.9999998807907104,0.0,0.7025795068714504,0.7025795068714504,,,,1.0
2,water_hl_gap_eV,131,0.9999998807907104,0.0,0.7025795068714504,0.7025795068714504,,,,1.0
2,water_hl_gap_eV,132,0.9999998807907104,0.0,0.7025795068714504,0.7025795068714504,,,,1.0
2,water_hl_gap_eV,133,0.9999998807907104,0.0,0.7025795068714504,0.7025795068714504,,,,1.0
2,water_hl_gap_eV,134,0.9999998807907104,0.0,0.7025795068714504,0.7025795068714504,,,,1.0
2,water_hl_gap_eV,135,0.9999998807907104,0.0,0.7025795068714504,0.7025795068714504,,,,1.0
2,water_hl_gap_eV,136,0.9999998807907104,0.0,0.7025795068714504,0.7025795068714504,,,,1.0
2,water_hl_gap_eV,137,0.9999998807907104,0.0,0.7025795068714504,0.7025795068714504,,,,1.0
2,water_hl_gap_eV,138,0.9999998807907104,0.0,0.7025795068714504,0.7025795068714504,,,,1.0
2,water_hl_gap_eV,139,0.9999998807907104,0.0,0.7025795068714504,0.7025795068714504,,,,1.0
2,water_hl_gap_eV,140,0.9999998807907104,0.0,0.7025795068714504,0.7025795068714504,,,,1.0
2,water_hl_gap_eV,141,0.9999998807907104,0.0,0.7025795068714504,0.7025795068714504,,,,1.0
2,water_hl_gap_eV,142,0.9999998807907104,0.0,0.7025795068714504,0.7025795068714504,,,,1.0
2,water_hl_gap_eV,143,0.9999998807907104,0.0,0.7025795068714504,0.7025795068714504,,,,1.0
2,water_hl_gap_eV,144,0.9999998807907104,0.0,0.7025795068714504,0.7025795068714504,,,,1.0
2,water_hl_gap_eV,145,0.9999998807907104,0.0,0.7025795068714504,0.7025795068714504,,,,1.0
2,water_hl_gap_eV,146,0.9999998807907104,0.0,0.7025795068714504,0.7025795068714504,,,,1.0
2,water_hl_gap_eV,147,0.9999998807907104,0.0,0.7025795068714504,0.7025795068714504,,,,1.0
2,water_hl_gap_eV,148,0.9999998807907104,0.0,0.7025795068714504,0.7025795068714504,,,,1.0
2,water_hl_gap_eV,149,0.9999998807907104,0.0,0.7025795068714504,0.7025795068714504,,,,1.0
2,water_hl_gap_eV,150,0.9999998807907104,0.0,0.7025795068714504,0.7025795068714504,,,,1.0
2,water_hl_gap_eV,151,0.9999998807907104,0.0,0.7025795068714504,0.7025795068714504,,,,1.0
2,water_hl_gap_eV,152,0.9999998807907104,0.0,0.7025795068714504,0.7025795068714504,,,,1.0
2,water_hl_gap_eV,153,0.9999998807907104,0.0,0.7025795068714504,0.7025795068714504,,,,1.0
2,water_hl_gap_eV,154,0.9999998807907104,0.0,0.7025795068714504,0.7025795068714504,,,,1.0
2,water_hl_gap_eV,155,0.9999998807907104,0.0,0.7025795068714504,0.7025795068714504,,,,1.0
2,water_hl_gap_eV,156,0.9999998807907104,0.0,0.7025795068714504,0.7025795068714504,,,,1.0
2,water_hl_gap_eV,157,0.9999998807907104,0.0,0.7025795068714504,0.7025795068714504,,,,1.0
2,water_hl_gap_eV,158,0.9999998807907104,0.0,0.7025795068714504,0.7025795068714504,,,,1.0
2,water_hl_gap_eV,159,0.9999998807907104,0.0,0.7025795068714504,0.7025795068714504,,,,1.0
2,water_hl_gap_eV,160,0.9999998807907104,0.0,0.7025795068714504,0.7025795068714504,,,,1.0
2,water_hl_gap_eV,161,0.9999998807907104,0.0,0.7025795068714504,0.7025795068714504,,,,1.0
2,water_hl_gap_eV,162,0.9999998807907104,0.0,0.7025795068714504,0.7025795068714504,,,,1.0
2,water_hl_gap_eV,163,0.9999998807907104,0.0,0.7025795068714504,0.7025795068714504,,,,1.0
2,water_hl_gap_eV,164,0.9999998807907104,0.0,0.7025795068714504,0.7025795068714504,,,,1.0
2,water_hl_gap_eV,165,0.9999998807907104,0.0,0.7025795068714504,0.7025795068714504,,,,1.0
2,water_hl_gap_eV,166,0.9999998807907104,0.0,0.7025795068714504,0.7025795068714504,,,,1.0
2,water_hl_gap_eV,167,0.9999998807907104,0.0,0.7025795068714504,0.7025795068714504,,,,1.0
2,water_hl_gap_eV,168,0.9999998807907104,0.0,0.7025795068714504,0.7025795068714504,,,,1.0
2,water_hl_gap_eV,169,0.9999998807907104,0.0,0.7025795068714504,0.7025795068714504,,,,1.0
2,water_hl_gap_eV,170,0.9999998807907104,0.0,0.7025795068714504,0.7025795068714504,,,,1.0
2,water_hl_gap_eV,171,0.9999998807907104,0.0,0.7025795068714504,0.7025795068714504,,,,1.0
2,water_hl_gap_eV,172,0.9999998807907104,0.0,0.7025795068714504,0.7025795068714504,,,,1.0
2,water_hl_gap_eV,173,0.9999998807907104,0.0,0.7025795068714504,0.7025795068714504,,,,1.0
2,water_hl_gap_eV,174,0.9999998807907104,0.0,0.7025795068714504,0.7025795068714504,,,,1.0
2,water_hl_gap_eV,175,0.9999998807907104,0.0,0.7025795068714504,0.7025795068714504,,,,1.0
2,water_hl_gap_eV,176,0.9999998807907104,0.0,0.7025795068714504,0.7025795068714504,,,,1.0
2,water_hl_gap_eV,177,0.9999998807907104,0.0,0.7025795068714504,0.7025795068714504,,,,1.0
2,water_hl_gap_eV,178,0.9999998807907104,0.0,0.7025795068714504,0.7025795068714504,,,,1.0
2,water_hl_gap_eV,179,0.9999998807907104,0.0,0.7025795068714504,0.7025795068714504,,,,1.0
2,water_hl_gap_eV,180,0.9999998807907104,0.0,0.7025795068714504,0.7025795068714504,,,,1.0
2,water_hl_gap_eV,181,0.9999998807907104,0.0,0.7025795068714504,0.7025795068714504,,,,1.0
2,water_hl_gap_eV,182,0.9999998807907104,0.0,0.7025795068714504,0.7025795068714504,,,,1.0
2,water_hl_gap_eV,183,0.9999998807907104,0.0,0.7025795068714504,0.7025795068714504,,,,1.0
2,water_hl_gap_eV,184,0.9999998807907104,0.0,0.7025795068714504,0.7025795068714504,,,,1.0
2,water_hl_gap_eV,185,0.9999998807907104,0.0,0.7025795068714504,0.7025795068714504,,,,1.0
2,water_hl_gap_eV,186,0.9999998807907104,0.0,0.7025795068714504,0.7025795068714504,,,,1.0
2,water_hl_gap_eV,187,0.9999998807907104,0.0,0.7025795068714504,0.7025795068714504,,,,1.0
2,water_hl_gap_eV,188,0.9999998807907104,0.0,0.7025795068714504,0.7025795068714504,,,,1.0
2,water_hl_gap_eV,189,0.9999998807907104,0.0,0.7025795068714504,0.7025795068714504,,,,1.0
2,water_hl_gap_eV,190,0.9999998807907104,0.0,0.7025795068714504,0.7025795068714504,,,,1.0
2,water_hl_gap_eV,191,0.9999998807907104,0.0,0.7025795068714504,0.7025795068714504,,,,1.0
2,water_hl_gap_eV,192,0.9999998807907104,0.0,0.7025795068714504,0.7025795068714504,,,,1.0
2,water_hl_gap_eV,193,0.9999998807907104,0.0,0.7025795068714504,0.7025795068714504,,,,1.0
2,water_hl_gap_eV,194,0.9999998807907104,0.0,0.7025795068714504,0.7025795068714504,,,,1.0
2,water_hl_gap_eV,195,0.9999998807907104,0.0,0.7025795068714504,0.7025795068714504,,,,1.0
2,water_hl_gap_eV,196,0.9999998807907104,0.0,0.7025795068714504,0.7025795068714504,,,,1.0
2,water_hl_gap_eV,197,0.9999998807907104,0.0,0.7025795068714504,0.7025795068714504,,,,1.0
2,water_hl_gap_eV,198,0.9999998807907104,0.0,0.7025795068714504,0.7025795068714504,,,,1.0
2,water_hl_gap_eV,199,0.9999998807907104,0.0,0.7025795068714504,0.7025795068714504,,,,1.0
2,water_hl_gap_eV,200,0.9999998807907104,0.0,0.7025795068714504,0.7025795068714504,,,,1.0
2,water_hl_gap_eV,201,0.9999998807907104,0.0,0.7025795068714504,0.7025795068714504,,,,1.0
2,water_hl_gap_eV,202,0.9999998807907104,0.0,0.7025795068714504,0.7025795068714504,,,,1.0
2,water_hl_gap_eV,203,0.9999998807907104,0.0,0.7025795068714504,0.7025795068714504,,,,1.0
2,water_hl_gap_eV,204,0.9999998807907104,0.0,0.7025795068714504,0.7025795068714504,,,,1.0
2,water_hl_gap_eV,205,0.9999998807907104,0.0,0.7025795068714504,0.7025795068714504,,,,1.0
2,water_hl_gap_eV,206,0.9999998807907104,0.0,0.7025795068714504,0.7025795068714504,,,,1.0
2,water_hl_gap_eV,207,0.9999998807907104,0.0,0.7025795068714504,0.7025795068714504,,,,1.0
2,water_hl_gap_eV,208,0.9999998807907104,0.0,0.7025795068714504,0.7025795068714504,,,,1.0
2,water_hl_gap_eV,209,0.9999998807907104,0.0,0.7025795068714504,0.7025795068714504,,,,1.0
2,water_hl_gap_eV,210,0.9999998807907104,0.0,0.7025795068714504,0.7025795068714504,,,,1.0
2,water_hl_gap_eV,211,0.9999998807907104,0.0,0.7025795068714504,0.7025795068714504,,,,1.0
2,water_hl_gap_eV,212,0.9999998807907104,0.0,0.7025795068714504,0.7025795068714504,,,,1.0
2,water_hl_gap_eV,213,0.9999998807907104,0.0,0.7025795068714504,0.7025795068714504,,,,1.0
2,water_hl_gap_eV,214,0.9999998807907104,0.0,0.7025795068714504,0.7025795068714504,,,,1.0
2,water_hl_gap_eV,215,0.9999998807907104,0.0,0.7025795068714504,0.7025795068714504,,,,1.0
2,water_hl_gap_eV,216,0.9999998807907104,0.0,0.7025795068714504,0.7025795068714504,,,,1.0
2,water_hl_gap_eV,217,0.9999998807907104,0.0,0.7025795068714504,0.7025795068714504,,,,1.0
2,water_hl_gap_eV,218,0.9999998807907104,0.0,0.7025795068714504,0.7025795068714504,,,,1.0
2,water_hl_gap_eV,219,0.9999998807907104,0.0,0.7025795068714504,0.7025795068714504,,,,1.0
2,water_hl_gap_eV,220,0.9999998807907104,0.0,0.7025795068714504,0.7025795068714504,,,,1.0
2,water_hl_gap_eV,221,0.9999998807907104,0.0,0.7025795068714504,0.7025795068714504,,,,1.0
2,water_hl_gap_eV,222,0.9999998807907104,0.0,0.7025795068714504,0.7025795068714504,,,,1.0
2,water_hl_gap_eV,223,0.9999998807907104,0.0,0.7025795068714504,0.7025795068714504,,,,1.0
2,water_hl_gap_eV,224,0.9999998807907104,0.0,0.7025795068714504,0.7025795068714504,,,,1.0
2,water_hl_gap_eV,225,0.9999998807907104,0.0,0.7025795068714504,0.7025795068714504,,,,1.0
2,water_hl_gap_eV,226,0.9999998807907104,0.0,0.7025795068714504,0.7025795068714504,,,,1.0
2,water_hl_gap_eV,227,0.9999998807907104,0.0,0.7025795068714504,0.7025795068714504,,,,1.0
2,water_hl_gap_eV,228,0.9999998807907104,0.0,0.7025795068714504,0.7025795068714504,,,,1.0
2,water_hl_gap_eV,229,0.9999998807907104,0.0,0.7025795068714504,0.7025795068714504,,,,1.0
2,water_hl_gap_eV,230,0.9999998807907104,0.0,0.7025795068714504,0.7025795068714504,,,,1.0
2,water_hl_gap_eV,231,0.9999998807907104,0.0,0.7025795068714504,0.7025795068714504,,,,1.0
2,water_hl_gap_eV,232,0.9999998807907104,0.0,0.7025795068714504,0.7025795068714504,,,,1.0
2,water_hl_gap_eV,233,0.9999998807907104,0.0,0.7025795068714504,0.7025795068714504,,,,1.0
2,water_hl_gap_eV,234,0.9999998807907104,0.0,0.7025795068714504,0.7025795068714504,,,,1.0
2,water_hl_gap_eV,235,0.9999998807907104,0.0,0.7025795068714504,0.7025795068714504,,,,1.0
2,water_hl_gap_eV,236,0.9999998807907104,0.0,0.7025795068714504,0.7025795068714504,,,,1.0
2,water_hl_gap_eV,237,0.9999998807907104,0.0,0.7025795068714504,0.7025795068714504,,,,1.0
2,water_hl_gap_eV,238,0.9999998807907104,0.0,0.7025795068714504,0.7025795068714504,,,,1.0
2,water_hl_gap_eV,239,0.9999998807907104,0.0,0.7025795068714504,0.7025795068714504,,,,1.0
2,water_hl_gap_eV,240,0.9999998807907104,0.0,0.7025795068714504,0.7025795068714504,,,,1.0
2,water_hl_gap_eV,241,0.9999998807907104,0.0,0.7025795068714504,0.7025795068714504,,,,1.0
2,water_hl_gap_eV,242,0.9999998807907104,0.0,0.7025795068714504,0.7025795068714504,,,,1.0
2,water_hl_gap_eV,243,0.9999998807907104,0.0,0.7025795068714504,0.7025795068714504,,,,1.0
2,water_hl_gap_eV,244,0.9999998807907104,0.0,0.7025795068714504,0.7025795068714504,,,,1.0
2,water_hl_gap_eV,245,0.9999998807907104,0.0,0.7025795068714504,0.7025795068714504,,,,1.0
2,water_hl_gap_eV,246,0.9999998807907104,0.0,0.7025795068714504,0.7025795068714504,,,,1.0
2,water_hl_gap_eV,247,0.9999998807907104,0.0,0.7025795068714504,0.7025795068714504,,,,1.0
2,water_hl_gap_eV,248,0.9999998807907104,0.0,0.7025795068714504,0.7025795068714504,,,,1.0
2,water_hl_gap_eV,249,0.9999998807907104,0.0,0.7025795068714504,0.7025795068714504,,,,1.0
2,water_dipole,0,1.0,0.0,0.6309112160226575,0.6309112160226575,,,,1.0
2,water_dipole,1,1.0,0.0,0.6309112160226575,0.6309112160226575,,,,1.0
2,water_dipole,2,1.0,0.0,0.6309112160226575,0.6309112160226575,,,,1.0
2,water_dipole,3,1.0,0.0,0.6309112160226575,0.6309112160226575,,,,1.0
2,water_dipole,4,1.0,0.0,0.6309112160226575,0.6309112160226575,,,,1.0
2,water_dipole,5,1.0,0.0,0.6309112160226575,0.6309112160226575,,,,1.0
2,water_dipole,6,1.0,0.0,0.6309112160226575,0.6309112160226575,,,,1.0
2,water_dipole,7,1.0,0.0,0.6309112160226575,0.6309112160226575,,,,1.0
2,water_dipole,8,1.0,0.0,0.6309112160226575,0.6309112160226575,,,,1.0
2,water_dipole,9,1.0,0.0,0.6309112160226575,0.6309112160226575,,,,1.0
2,water_dipole,10,1.0,0.0,0.6309112160226575,0.6309112160226575,,,,1.0
2,water_dipole,11,1.0,0.0,0.6309112160226575,0.6309112160226575,,,,1.0
2,water_dipole,12,1.0,0.0,0.6309112160226575,0.6309112160226575,,,,1.0
2,water_dipole,13,1.0,0.0,0.6309112160226575,0.6309112160226575,,,,1.0
2,water_dipole,14,1.0,0.0,0.6309112160226575,0.6309112160226575,,,,1.0
2,water_dipole,15,1.0,0.0,0.6309112160226575,0.6309112160226575,,,,1.0
2,water_dipole,16,1.0,0.0,0.6309112160226575,0.6309112160226575,,,,1.0
2,water_dipole,17,1.0,0.0,0.6309112160226575,0.6309112160226575,,,,1.0
2,water_dipole,18,1.0,0.0,0.6309112160226575,0.6309112160226575,,,,1.0
2,water_dipole,19,1.0,0.0,0.6309112160226575,0.6309112160226575,,,,1.0
2,water_dipole,20,1.0,0.0,0.6309112160226575,0.6309112160226575,,,,1.0
2,water_dipole,21,1.0,0.0,0.6309112160226575,0.6309112160226575,,,,1.0
2,water_dipole,22,1.0,0.0,0.6309112160226575,0.6309112160226575,,,,1.0
2,water_dipole,23,1.0,0.0,0.6309112160226575,0.6309112160226575,,,,1.0
2,water_dipole,24,1.0,0.0,0.6309112160226575,0.6309112160226575,,,,1.0
2,water_dipole,25,1.0,0.0,0.6309112160226575,0.6309112160226575,,,,1.0
2,water_dipole,26,1.0,0.0,0.6309112160226575,0.6309112160226575,,,,1.0
2,water_dipole,27,1.0,0.0,0.6309112160226575,0.6309112160226575,,,,1.0
2,water_dipole,28,1.0,0.0,0.6309112160226575,0.6309112160226575,,,,1.0
2,water_dipole,29,1.0,0.0,0.6309112160226575,0.6309112160226575,,,,1.0
2,water_dipole,30,1.0,0.0,0.6309112160226575,0.6309112160226575,,,,1.0
2,water_dipole,31,1.0,0.0,0.6309112160226575,0.6309112160226575,,,,1.0
2,water_dipole,32,1.0,0.0,0.6309112160226575,0.6309112160226575,,,,1.0
2,water_dipole,33,1.0,0.0,0.6309112160226575,0.6309112160226575,,,,1.0
2,water_dipole,34,1.0,0.0,0.6309112160226575,0.6309112160226575,,,,1.0
2,water_dipole,35,1.0,0.0,0.6309112160226575,0.6309112160226575,,,,1.0
2,water_dipole,36,1.0,0.0,0.6309112160226575,0.6309112160226575,,,,1.0
2,water_dipole,37,1.0,0.0,0.6309112160226575,0.6309112160226575,,,,1.0
2,water_dipole,38,1.0,0.0,0.6309112160226575,0.6309112160226575,,,,1.0
2,water_dipole,39,1.0,0.0,0.6309112160226575,0.6309112160226575,,,,1.0
2,water_dipole,40,1.0,0.0,0.6309112160226575,0.6309112160226575,,,,1.0
2,water_dipole,41,1.0,0.0,0.6309112160226575,0.6309112160226575,,,,1.0
2,water_dipole,42,1.0,0.0,0.6309112160226575,0.6309112160226575,,,,1.0
2,water_dipole,43,1.0,0.0,0.6309112160226575,0.6309112160226575,,,,1.0
2,water_dipole,44,1.0,0.0,0.6309112160226575,0.6309112160226575,,,,1.0
2,water_dipole,45,1.0,0.0,0.6309112160226575,0.6309112160226575,,,,1.0
2,water_dipole,46,1.0,0.0,0.6309112160226575,0.6309112160226575,,,,1.0
2,water_dipole,47,1.0,0.0,0.6309112160226575,0.6309112160226575,,,,1.0
2,water_dipole,48,1.0,0.0,0.6309112160226575,0.6309112160226575,,,,1.0
2,water_dipole,49,1.0,0.0,0.6309112160226575,0.6309112160226575,,,,1.0
2,water_dipole,50,1.0,0.0,0.6309112160226575,0.6309112160226575,,,,1.0
2,water_dipole,51,1.0,0.0,0.6309112160226575,0.6309112160226575,,,,1.0
2,water_dipole,52,1.0,0.0,0.6309112160226575,0.6309112160226575,,,,1.0
2,water_dipole,53,1.0,0.0,0.6309112160226575,0.6309112160226575,,,,1.0
2,water_dipole,54,1.0,0.0,0.6309112160226575,0.6309112160226575,,,,1.0
2,water_dipole,55,1.0,0.0,0.6309112160226575,0.6309112160226575,,,,1.0
2,water_dipole,56,1.0,0.0,0.6309112160226575,0.6309112160226575,,,,1.0
2,water_dipole,57,1.0,0.0,0.6309112160226575,0.6309112160226575,,,,1.0
2,water_dipole,58,1.0,0.0,0.6309112160226575,0.6309112160226575,,,,1.0
2,water_dipole,59,1.0,0.0,0.6309112160226575,0.6309112160226575,,,,1.0
2,water_dipole,60,1.0,0.0,0.6309112160226575,0.6309112160226575,,,,1.0
2,water_dipole,61,1.0,0.0,0.6309112160226575,0.6309112160226575,,,,1.0
2,water_dipole,62,1.0,0.0,0.6309112160226575,0.6309112160226575,,,,1.0
2,water_dipole,63,1.0,0.0,0.6309112160226575,0.6309112160226575,,,,1.0
2,water_dipole,64,1.0,0.0,0.6309112160226575,0.6309112160226575,,,,1.0
2,water_dipole,65,1.0,0.0,0.6309112160226575,0.6309112160226575,,,,1.0
2,water_dipole,66,1.0,0.0,0.6309112160226575,0.6309112160226575,,,,1.0
2,water_dipole,67,1.0,0.0,0.6309112160226575,0.6309112160226575,,,,1.0
2,water_dipole,68,1.0,0.0,0.6309112160226575,0.6309112160226575,,,,1.0
2,water_dipole,69,1.0,0.0,0.6309112160226575,0.6309112160226575,,,,1.0
2,water_dipole,70,1.0,0.0,0.6309112160226575,0.6309112160226575,,,,1.0
2,water_dipole,71,1.0,0.0,0.6309112160226575,0.6309112160226575,,,,1.0
2,water_dipole,72,1.0,0.0,0.6309112160226575,0.6309112160226575,,,,1.0
2,water_dipole,73,1.0,0.0,0.6309112160226575,0.6309112160226575,,,,1.0
2,water_dipole,74,1.0,0.0,0.6309112160226575,0.6309112160226575,,,,1.0
2,water_dipole,75,1.0,0.0,0.6309112160226575,0.6309112160226575,,,,1.0
2,water_dipole,76,1.0,0.0,0.6309112160226575,0.6309112160226575,,,,1.0
2,water_dipole,77,1.0,0.0,0.6309112160226575,0.6309112160226575,,,,1.0
2,water_dipole,78,1.0,0.0,0.6309112160226575,0.6309112160226575,,,,1.0
2,water_dipole,79,1.0,0.0,0.6309112160226575,0.6309112160226575,,,,1.0
2,water_dipole,80,1.0,0.0,0.6309112160226575,0.6309112160226575,,,,1.0
2,water_dipole,81,1.0,0.0,0.6309112160226575,0.6309112160226575,,,,1.0
2,water_dipole,82,1.0,0.0,0.6309112160226575,0.6309112160226575,,,,1.0
2,water_dipole,83,1.0,0.0,0.6309112160226575,0.6309112160226575,,,,1.0
2,water_dipole,84,1.0,0.0,0.6309112160226575,0.6309112160226575,,,,1.0
2,water_dipole,85,1.0,0.0,0.6309112160226575,0.6309112160226575,,,,1.0
2,water_dipole,86,1.0,0.0,0.6309112160226575,0.6309112160226575,,,,1.0
2,water_dipole,87,1.0,0.0,0.6309112160226575,0.6309112160226575,,,,1.0
2,water_dipole,88,1.0,0.0,0.6309112160226575,0.6309112160226575,,,,1.0
2,water_dipole,89,1.0,0.0,0.6309112160226575,0.6309112160226575,,,,1.0
2,water_dipole,90,1.0,0.0,0.6309112160226575,0.6309112160226575,,,,1.0
2,water_dipole,91,1.0,0.0,0.6309112160226575,0.6309112160226575,,,,1.0
2,water_dipole,92,1.0,0.0,0.6309112160226575,0.6309112160226575,,,,1.0
2,water_dipole,93,1.0,0.0,0.6309112160226575,0.6309112160226575,,,,1.0
2,water_dipole,94,1.0,0.0,0.6309112160226575,0.6309112160226575,,,,1.0
2,water_dipole,95,1.0,0.0,0.6309112160226575,0.6309112160226575,,,,1.0
2,water_dipole,96,1.0,0.0,0.6309112160226575,0.6309112160226575,,,,1.0
2,water_dipole,97,1.0,0.0,0.6309112160226575,0.6309112160226575,,,,1.0
2,water_dipole,98,1.0,0.0,0.6309112160226575,0.6309112160226575,,,,1.0
2,water_dipole,99,1.0,0.0,0.6309112160226575,0.6309112160226575,,,,1.0
2,water_dipole,100,1.0,0.0,0.6309112160226575,0.6309112160226575,,,,1.0
2,water_dipole,101,1.0,0.0,0.6309112160226575,0.6309112160226575,,,,1.0
2,water_dipole,102,1.0,0.0,0.6309112160226575,0.6309112160226575,,,,1.0
2,water_dipole,103,1.0,0.0,0.6309112160226575,0.6309112160226575,,,,1.0
2,water_dipole,104,1.0,0.0,0.6309112160226575,0.6309112160226575,,,,1.0
2,water_dipole,105,1.0,0.0,0.6309112160226575,0.6309112160226575,,,,1.0
2,water_dipole,106,1.0,0.0,0.6309112160226575,0.6309112160226575,,,,1.0
2,water_dipole,107,1.0,0.0,0.6309112160226575,0.6309112160226575,,,,1.0
2,water_dipole,108,1.0,0.0,0.6309112160226575,0.6309112160226575,,,,1.0
2,water_dipole,109,1.0,0.0,0.6309112160226575,0.6309112160226575,,,,1.0
2,water_dipole,110,1.0,0.0,0.6309112160226575,0.6309112160226575,,,,1.0
2,water_dipole,111,1.0,0.0,0.6309112160226575,0.6309112160226575,,,,1.0
2,water_dipole,112,1.0,0.0,0.6309112160226575,0.6309112160226575,,,,1.0
2,water_dipole,113,1.0,0.0,0.6309112160226575,0.6309112160226575,,,,1.0
2,water_dipole,114,1.0,0.0,0.6309112160226575,0.6309112160226575,,,,1.0
2,water_dipole,115,1.0,0.0,0.6309112160226575,0.6309112160226575,,,,1.0
2,water_dipole,116,1.0,0.0,0.6309112160226575,0.6309112160226575,,,,1.0
2,water_dipole,117,1.0,0.0,0.6309112160226575,0.6309112160226575,,,,1.0
2,water_dipole,118,1.0,0.0,0.6309112160226575,0.6309112160226575,,,,1.0
2,water_dipole,119,1.0,0.0,0.6309112160226575,0.6309112160226575,,,,1.0
2,water_dipole,120,1.0,0.0,0.6309112160226575,0.6309112160226575,,,,1.0
2,water_dipole,121,1.0,0.0,0.6309112160226575,0.6309112160226575,,,,1.0
2,water_dipole,122,1.0,0.0,0.6309112160226575,0.6309112160226575,,,,1.0
2,water_dipole,123,1.0,0.0,0.6309112160226575,0.6309112160226575,,,,1.0
2,water_dipole,124,1.0,0.0,0.6309112160226575,0.6309112160226575,,,,1.0
2,water_dipole,125,1.0,0.0,0.6309112160226575,0.6309112160226575,,,,1.0
2,water_dipole,126,1.0,0.0,0.6309112160226575,0.6309112160226575,,,,1.0
2,water_dipole,127,1.0,0.0,0.6309112160226575,0.6309112160226575,,,,1.0
2,water_dipole,128,1.0,0.0,0.6309112160226575,0.6309112160226575,,,,1.0
2,water_dipole,129,1.0,0.0,0.6309112160226575,0.6309112160226575,,,,1.0
2,water_dipole,130,1.0,0.0,0.6309112160226575,0.6309112160226575,,,,1.0
2,water_dipole,131,1.0,0.0,0.6309112160226575,0.6309112160226575,,,,1.0
2,water_dipole,132,1.0,0.0,0.6309112160226575,0.6309112160226575,,,,1.0
2,water_dipole,133,1.0,0.0,0.6309112160226575,0.6309112160226575,,,,1.0
2,water_dipole,134,1.0,0.0,0.6309112160226575,0.6309112160226575,,,,1.0
2,water_dipole,135,1.0,0.0,0.6309112160226575,0.6309112160226575,,,,1.0
2,water_dipole,136,1.0,0.0,0.6309112160226575,0.6309112160226575,,,,1.0
2,water_dipole,137,1.0,0.0,0.6309112160226575,0.6309112160226575,,,,1.0
2,water_dipole,138,1.0,0.0,0.6309112160226575,0.6309112160226575,,,,1.0
2,water_dipole,139,1.0,0.0,0.6309112160226575,0.6309112160226575,,,,1.0
2,water_dipole,140,1.0,0.0,0.6309112160226575,0.6309112160226575,,,,1.0
2,water_dipole,141,1.0,0.0,0.6309112160226575,0.6309112160226575,,,,1.0
2,water_dipole,142,1.0,0.0,0.6309112160226575,0.6309112160226575,,,,1.0
2,water_dipole,143,1.0,0.0,0.6309112160226575,0.6309112160226575,,,,1.0
2,water_dipole,144,1.0,0.0,0.6309112160226575,0.6309112160226575,,,,1.0
2,water_dipole,145,1.0,0.0,0.6309112160226575,0.6309112160226575,,,,1.0
2,water_dipole,146,1.0,0.0,0.6309112160226575,0.6309112160226575,,,,1.0
2,water_dipole,147,1.0,0.0,0.6309112160226575,0.6309112160226575,,,,1.0
2,water_dipole,148,1.0,0.0,0.6309112160226575,0.6309112160226575,,,,1.0
2,water_dipole,149,1.0,0.0,0.6309112160226575,0.6309112160226575,,,,1.0
2,water_dipole,150,1.0,0.0,0.6309112160226575,0.6309112160226575,,,,1.0
2,water_dipole,151,1.0,0.0,0.6309112160226575,0.6309112160226575,,,,1.0
2,water_dipole,152,1.0,0.0,0.6309112160226575,0.6309112160226575,,,,1.0
2,water_dipole,153,1.0,0.0,0.6309112160226575,0.6309112160226575,,,,1.0
2,water_dipole,154,1.0,0.0,0.6309112160226575,0.6309112160226575,,,,1.0
2,water_dipole,155,1.0,0.0,0.6309112160226575,0.6309112160226575,,,,1.0
2,water_dipole,156,1.0,0.0,0.6309112160226575,0.6309112160226575,,,,1.0
2,water_dipole,157,1.0,0.0,0.6309112160226575,0.6309112160226575,,,,1.0
2,water_dipole,158,1.0,0.0,0.6309112160226575,0.6309112160226575,,,,1.0
2,water_dipole,159,1.0,0.0,0.6309112160226575,0.6309112160226575,,,,1.0
2,water_dipole,160,1.0,0.0,0.6309112160226575,0.6309112160226575,,,,1.0
2,water_dipole,161,1.0,0.0,0.6309112160226575,0.6309112160226575,,,,1.0
2,water_dipole,162,1.0,0.0,0.6309112160226575,0.6309112160226575,,,,1.0
2,water_dipole,163,1.0,0.0,0.6309112160226575,0.6309112160226575,,,,1.0
2,water_dipole,164,1.0,0.0,0.6309112160226575,0.6309112160226575,,,,1.0
2,water_dipole,165,1.0,0.0,0.6309112160226575,0.6309112160226575,,,,1.0
2,water_dipole,166,1.0,0.0,0.6309112160226575,0.6309112160226575,,,,1.0
2,water_dipole,167,1.0,0.0,0.6309112160226575,0.6309112160226575,,,,1.0
2,water_dipole,168,1.0,0.0,0.6309112160226575,0.6309112160226575,,,,1.0
2,water_dipole,169,1.0,0.0,0.6309112160226575,0.6309112160226575,,,,1.0
2,water_dipole,170,1.0,0.0,0.6309112160226575,0.6309112160226575,,,,1.0
2,water_dipole,171,1.0,0.0,0.6309112160226575,0.6309112160226575,,,,1.0
2,water_dipole,172,1.0,0.0,0.6309112160226575,0.6309112160226575,,,,1.0
2,water_dipole,173,1.0,0.0,0.6309112160226575,0.6309112160226575,,,,1.0
2,water_dipole,174,1.0,0.0,0.6309112160226575,0.6309112160226575,,,,1.0
2,water_dipole,175,1.0,0.0,0.6309112160226575,0.6309112160226575,,,,1.0
2,water_dipole,176,1.0,0.0,0.6309112160226575,0.6309112160226575,,,,1.0
2,water_dipole,177,1.0,0.0,0.6309112160226575,0.6309112160226575,,,,1.0
2,water_dipole,178,1.0,0.0,0.6309112160226575,0.6309112160226575,,,,1.0
2,water_dipole,179,1.0,0.0,0.6309112160226575,0.6309112160226575,,,,1.0
2,water_dipole,180,1.0,0.0,0.6309112160226575,0.6309112160226575,,,,1.0
2,water_dipole,181,1.0,0.0,0.6309112160226575,0.6309112160226575,,,,1.0
2,water_dipole,182,1.0,0.0,0.6309112160226575,0.6309112160226575,,,,1.0
2,water_dipole,183,1.0,0.0,0.6309112160226575,0.6309112160226575,,,,1.0
2,water_dipole,184,1.0,0.0,0.6309112160226575,0.6309112160226575,,,,1.0
2,water_dipole,185,1.0,0.0,0.6309112160226575,0.6309112160226575,,,,1.0
2,water_dipole,186,1.0,0.0,0.6309112160226575,0.6309112160226575,,,,1.0
2,water_dipole,187,1.0,0.0,0.6309112160226575,0.6309112160226575,,,,1.0
2,water_dipole,188,1.0,0.0,0.6309112160226575,0.6309112160226575,,,,1.0
2,water_dipole,189,1.0,0.0,0.6309112160226575,0.6309112160226575,,,,1.0
2,water_dipole,190,1.0,0.0,0.6309112160226575,0.6309112160226575,,,,1.0
2,water_dipole,191,1.0,0.0,0.6309112160226575,0.6309112160226575,,,,1.0
2,water_dipole,192,1.0,0.0,0.6309112160226575,0.6309112160226575,,,,1.0
2,water_dipole,193,1.0,0.0,0.6309112160226575,0.6309112160226575,,,,1.0
2,water_dipole,194,1.0,0.0,0.6309112160226575,0.6309112160226575,,,,1.0
2,water_dipole,195,1.0,0.0,0.6309112160226575,0.6309112160226575,,,,1.0
2,water_dipole,196,1.0,0.0,0.6309112160226575,0.6309112160226575,,,,1.0
2,water_dipole,197,1.0,0.0,0.6309112160226575,0.6309112160226575,,,,1.0
2,water_dipole,198,1.0,0.0,0.6309112160226575,0.6309112160226575,,,,1.0
2,water_dipole,199,1.0,0.0,0.6309112160226575,0.6309112160226575,,,,1.0
2,water_dipole,200,1.0,0.0,0.6309112160226575,0.6309112160226575,,,,1.0
2,water_dipole,201,1.0,0.0,0.6309112160226575,0.6309112160226575,,,,1.0
2,water_dipole,202,1.0,0.0,0.6309112160226575,0.6309112160226575,,,,1.0
2,water_dipole,203,1.0,0.0,0.6309112160226575,0.6309112160226575,,,,1.0
2,water_dipole,204,1.0,0.0,0.6309112160226575,0.6309112160226575,,,,1.0
2,water_dipole,205,1.0,0.0,0.6309112160226575,0.6309112160226575,,,,1.0
2,water_dipole,206,1.0,0.0,0.6309112160226575,0.6309112160226575,,,,1.0
2,water_dipole,207,1.0,0.0,0.6309112160226575,0.6309112160226575,,,,1.0
2,water_dipole,208,1.0,0.0,0.6309112160226575,0.6309112160226575,,,,1.0
2,water_dipole,209,1.0,0.0,0.6309112160226575,0.6309112160226575,,,,1.0
2,water_dipole,210,1.0,0.0,0.6309112160226575,0.6309112160226575,,,,1.0
2,water_dipole,211,1.0,0.0,0.6309112160226575,0.6309112160226575,,,,1.0
2,water_dipole,212,1.0,0.0,0.6309112160226575,0.6309112160226575,,,,1.0
2,water_dipole,213,1.0,0.0,0.6309112160226575,0.6309112160226575,,,,1.0
2,water_dipole,214,1.0,0.0,0.6309112160226575,0.6309112160226575,,,,1.0
2,water_dipole,215,1.0,0.0,0.6309112160226575,0.6309112160226575,,,,1.0
2,water_dipole,216,1.0,0.0,0.6309112160226575,0.6309112160226575,,,,1.0
2,water_dipole,217,1.0,0.0,0.6309112160226575,0.6309112160226575,,,,1.0
2,water_dipole,218,1.0,0.0,0.6309112160226575,0.6309112160226575,,,,1.0
2,water_dipole,219,1.0,0.0,0.6309112160226575,0.6309112160226575,,,,1.0
2,water_dipole,220,1.0,0.0,0.6309112160226575,0.6309112160226575,,,,1.0
2,water_dipole,221,1.0,0.0,0.6309112160226575,0.6309112160226575,,,,1.0
2,water_dipole,222,1.0,0.0,0.6309112160226575,0.6309112160226575,,,,1.0
2,water_dipole,223,1.0,0.0,0.6309112160226575,0.6309112160226575,,,,1.0
2,water_dipole,224,1.0,0.0,0.6309112160226575,0.6309112160226575,,,,1.0
2,water_dipole,225,1.0,0.0,0.6309112160226575,0.6309112160226575,,,,1.0
2,water_dipole,226,1.0,0.0,0.6309112160226575,0.6309112160226575,,,,1.0
2,water_dipole,227,1.0,0.0,0.6309112160226575,0.6309112160226575,,,,1.0
2,water_dipole,228,1.0,0.0,0.6309112160226575,0.6309112160226575,,,,1.0
2,water_dipole,229,1.0,0.0,0.6309112160226575,0.6309112160226575,,,,1.0
2,water_dipole,230,1.0,0.0,0.6309112160226575,0.6309112160226575,,,,1.0
2,water_dipole,231,1.0,0.0,0.6309112160226575,0.6309112160226575,,,,1.0
2,water_dipole,232,1.0,0.0,0.6309112160226575,0.6309112160226575,,,,1.0
2,water_dipole,233,1.0,0.0,0.6309112160226575,0.6309112160226575,,,,1.0
2,water_dipole,234,1.0,0.0,0.6309112160226575,0.6309112160226575,,,,1.0
2,water_dipole,235,1.0,0.0,0.6309112160226575,0.6309112160226575,,,,1.0
2,water_dipole,236,1.0,0.0,0.6309112160226575,0.6309112160226575,,,,1.0
2,water_dipole,237,1.0,0.0,0.6309112160226575,0.6309112160226575,,,,1.0
2,water_dipole,238,1.0,0.0,0.6309112160226575,0.6309112160226575,,,,1.0
2,water_dipole,239,1.0,0.0,0.6309112160226575,0.6309112160226575,,,,1.0
2,water_dipole,240,1.0,0.0,0.6309112160226575,0.6309112160226575,,,,1.0
2,water_dipole,241,1.0,0.0,0.6309112160226575,0.6309112160226575,,,,1.0
2,water_dipole,242,1.0,0.0,0.6309112160226575,0.6309112160226575,,,,1.0
2,water_dipole,243,1.0,0.0,0.6309112160226575,0.6309112160226575,,,,1.0
2,water_dipole,244,1.0,0.0,0.6309112160226575,0.6309112160226575,,,,1.0
2,water_dipole,245,1.0,0.0,0.6309112160226575,0.6309112160226575,,,,1.0
2,water_dipole,246,1.0,0.0,0.6309112160226575,0.6309112160226575,,,,1.0
2,water_dipole,247,1.0,0.0,0.6309112160226575,0.6309112160226575,,,,1.0
2,water_dipole,248,1.0,0.0,0.6309112160226575,0.6309112160226575,,,,1.0
2,water_dipole,249,1.0,0.0,0.6309112160226575,0.6309112160226575,,,,1.0
2,acetone_gsolv_eV,0,1.0,0.0,0.6424529588759642,0.6424529588759642,,,,1.0
2,acetone_gsolv_eV,1,1.0,0.0,0.6424529588759642,0.6424529588759642,,,,1.0
2,acetone_gsolv_eV,2,1.0,0.0,0.6424529588759642,0.6424529588759642,,,,1.0
2,acetone_gsolv_eV,3,1.0,0.0,0.6424529588759642,0.6424529588759642,,,,1.0
2,acetone_gsolv_eV,4,1.0,0.0,0.6424529588759642,0.6424529588759642,,,,1.0
2,acetone_gsolv_eV,5,1.0,0.0,0.6424529588759642,0.6424529588759642,,,,1.0
2,acetone_gsolv_eV,6,1.0,0.0,0.6424529588759642,0.6424529588759642,,,,1.0
2,acetone_gsolv_eV,7,1.0,0.0,0.6424529588759642,0.6424529588759642,,,,1.0
2,acetone_gsolv_eV,8,1.0,0.0,0.6424529588759642,0.6424529588759642,,,,1.0
2,acetone_gsolv_eV,9,1.0,0.0,0.6424529588759642,0.6424529588759642,,,,1.0
2,acetone_gsolv_eV,10,1.0,0.0,0.6424529588759642,0.6424529588759642,,,,1.0
2,acetone_gsolv_eV,11,1.0,0.0,0.6424529588759642,0.6424529588759642,,,,1.0
2,acetone_gsolv_eV,12,1.0,0.0,0.6424529588759642,0.6424529588759642,,,,1.0
2,acetone_gsolv_eV,13,1.0,0.0,0.6424529588759642,0.6424529588759642,,,,1.0
2,acetone_gsolv_eV,14,1.0,0.0,0.6424529588759642,0.6424529588759642,,,,1.0
2,acetone_gsolv_eV,15,1.0,0.0,0.6424529588759642,0.6424529588759642,,,,1.0
2,acetone_gsolv_eV,16,1.0,0.0,0.6424529588759642,0.6424529588759642,,,,1.0
2,acetone_gsolv_eV,17,1.0,0.0,0.6424529588759642,0.6424529588759642,,,,1.0
2,acetone_gsolv_eV,18,1.0,0.0,0.6424529588759642,0.6424529588759642,,,,1.0
2,acetone_gsolv_eV,19,1.0,0.0,0.6424529588759642,0.6424529588759642,,,,1.0
2,acetone_gsolv_eV,20,1.0,0.0,0.6424529588759642,0.6424529588759642,,,,1.0
2,acetone_gsolv_eV,21,1.0,0.0,0.6424529588759642,0.6424529588759642,,,,1.0
2,acetone_gsolv_eV,22,1.0,0.0,0.6424529588759642,0.6424529588759642,,,,1.0
2,acetone_gsolv_eV,23,1.0,0.0,0.6424529588759642,0.6424529588759642,,,,1.0
2,acetone_gsolv_eV,24,1.0,0.0,0.6424529588759642,0.6424529588759642,,,,1.0
2,acetone_gsolv_eV,25,1.0,0.0,0.6424529588759642,0.6424529588759642,,,,1.0
2,acetone_gsolv_eV,26,1.0,0.0,0.6424529588759642,0.6424529588759642,,,,1.0
2,acetone_gsolv_eV,27,1.0,0.0,0.6424529588759642,0.6424529588759642,,,,1.0
2,acetone_gsolv_eV,28,1.0,0.0,0.6424529588759642,0.6424529588759642,,,,1.0
2,acetone_gsolv_eV,29,1.0,0.0,0.6424529588759642,0.6424529588759642,,,,1.0
2,acetone_gsolv_eV,30,1.0,0.0,0.6424529588759642,0.6424529588759642,,,,1.0
2,acetone_gsolv_eV,31,1.0,0.0,0.6424529588759642,0.6424529588759642,,,,1.0
2,acetone_gsolv_eV,32,1.0,0.0,0.6424529588759642,0.6424529588759642,,,,1.0
2,acetone_gsolv_eV,33,1.0,0.0,0.6424529588759642,0.6424529588759642,,,,1.0
2,acetone_gsolv_eV,34,1.0,0.0,0.6424529588759642,0.6424529588759642,,,,1.0
2,acetone_gsolv_eV,35,1.0,0.0,0.6424529588759642,0.6424529588759642,,,,1.0
2,acetone_gsolv_eV,36,1.0,0.0,0.6424529588759642,0.6424529588759642,,,,1.0
2,acetone_gsolv_eV,37,1.0,0.0,0.6424529588759642,0.6424529588759642,,,,1.0
2,acetone_gsolv_eV,38,1.0,0.0,0.6424529588759642,0.6424529588759642,,,,1.0
2,acetone_gsolv_eV,39,1.0,0.0,0.6424529588759642,0.6424529588759642,,,,1.0
2,acetone_gsolv_eV,40,1.0,0.0,0.6424529588759642,0.6424529588759642,,,,1.0
2,acetone_gsolv_eV,41,1.0,0.0,0.6424529588759642,0.6424529588759642,,,,1.0
2,acetone_gsolv_eV,42,1.0,0.0,0.6424529588759642,0.6424529588759642,,,,1.0
2,acetone_gsolv_eV,43,1.0,0.0,0.6424529588759642,0.6424529588759642,,,,1.0
2,acetone_gsolv_eV,44,1.0,0.0,0.6424529588759642,0.6424529588759642,,,,1.0
2,acetone_gsolv_eV,45,1.0,0.0,0.6424529588759642,0.6424529588759642,,,,1.0
2,acetone_gsolv_eV,46,1.0,0.0,0.6424529588759642,0.6424529588759642,,,,1.0
2,acetone_gsolv_eV,47,1.0,0.0,0.6424529588759642,0.6424529588759642,,,,1.0
2,acetone_gsolv_eV,48,1.0,0.0,0.6424529588759642,0.6424529588759642,,,,1.0
2,acetone_gsolv_eV,49,1.0,0.0,0.6424529588759642,0.6424529588759642,,,,1.0
2,acetone_gsolv_eV,50,1.0,0.0,0.6424529588759642,0.6424529588759642,,,,1.0
2,acetone_gsolv_eV,51,1.0,0.0,0.6424529588759642,0.6424529588759642,,,,1.0
2,acetone_gsolv_eV,52,1.0,0.0,0.6424529588759642,0.6424529588759642,,,,1.0
2,acetone_gsolv_eV,53,1.0,0.0,0.6424529588759642,0.6424529588759642,,,,1.0
2,acetone_gsolv_eV,54,1.0,0.0,0.6424529588759642,0.6424529588759642,,,,1.0
2,acetone_gsolv_eV,55,1.0,0.0,0.6424529588759642,0.6424529588759642,,,,1.0
2,acetone_gsolv_eV,56,1.0,0.0,0.6424529588759642,0.6424529588759642,,,,1.0
2,acetone_gsolv_eV,57,1.0,0.0,0.6424529588759642,0.6424529588759642,,,,1.0
2,acetone_gsolv_eV,58,1.0,0.0,0.6424529588759642,0.6424529588759642,,,,1.0
2,acetone_gsolv_eV,59,1.0,0.0,0.6424529588759642,0.6424529588759642,,,,1.0
2,acetone_gsolv_eV,60,1.0,0.0,0.6424529588759642,0.6424529588759642,,,,1.0
2,acetone_gsolv_eV,61,1.0,0.0,0.6424529588759642,0.6424529588759642,,,,1.0
2,acetone_gsolv_eV,62,1.0,0.0,0.6424529588759642,0.6424529588759642,,,,1.0
2,acetone_gsolv_eV,63,1.0,0.0,0.6424529588759642,0.6424529588759642,,,,1.0
2,acetone_gsolv_eV,64,1.0,0.0,0.6424529588759642,0.6424529588759642,,,,1.0
2,acetone_gsolv_eV,65,1.0,0.0,0.6424529588759642,0.6424529588759642,,,,1.0
2,acetone_gsolv_eV,66,1.0,0.0,0.6424529588759642,0.6424529588759642,,,,1.0
2,acetone_gsolv_eV,67,1.0,0.0,0.6424529588759642,0.6424529588759642,,,,1.0
2,acetone_gsolv_eV,68,1.0,0.0,0.6424529588759642,0.6424529588759642,,,,1.0
2,acetone_gsolv_eV,69,1.0,0.0,0.6424529588759642,0.6424529588759642,,,,1.0
2,acetone_gsolv_eV,70,1.0,0.0,0.6424529588759642,0.6424529588759642,,,,1.0
2,acetone_gsolv_eV,71,1.0,0.0,0.6424529588759642,0.6424529588759642,,,,1.0
2,acetone_gsolv_eV,72,1.0,0.0,0.6424529588759642,0.6424529588759642,,,,1.0
2,acetone_gsolv_eV,73,1.0,0.0,0.6424529588759642,0.6424529588759642,,,,1.0
2,acetone_gsolv_eV,74,1.0,0.0,0.6424529588759642,0.6424529588759642,,,,1.0
2,acetone_gsolv_eV,75,1.0,0.0,0.6424529588759642,0.6424529588759642,,,,1.0
2,acetone_gsolv_eV,76,1.0,0.0,0.6424529588759642,0.6424529588759642,,,,1.0
2,acetone_gsolv_eV,77,1.0,0.0,0.6424529588759642,0.6424529588759642,,,,1.0
2,acetone_gsolv_eV,78,1.0,0.0,0.6424529588759642,0.6424529588759642,,,,1.0
2,acetone_gsolv_eV,79,1.0,0.0,0.6424529588759642,0.6424529588759642,,,,1.0
2,acetone_gsolv_eV,80,1.0,0.0,0.6424529588759642,0.6424529588759642,,,,1.0
2,acetone_gsolv_eV,81,1.0,0.0,0.6424529588759642,0.6424529588759642,,,,1.0
2,acetone_gsolv_eV,82,1.0,0.0,0.6424529588759642,0.6424529588759642,,,,1.0
2,acetone_gsolv_eV,83,1.0,0.0,0.6424529588759642,0.6424529588759642,,,,1.0
2,acetone_gsolv_eV,84,1.0,0.0,0.6424529588759642,0.6424529588759642,,,,1.0
2,acetone_gsolv_eV,85,1.0,0.0,0.6424529588759642,0.6424529588759642,,,,1.0
2,acetone_gsolv_eV,86,1.0,0.0,0.6424529588759642,0.6424529588759642,,,,1.0
2,acetone_gsolv_eV,87,1.0,0.0,0.6424529588759642,0.6424529588759642,,,,1.0
2,acetone_gsolv_eV,88,1.0,0.0,0.6424529588759642,0.6424529588759642,,,,1.0
2,acetone_gsolv_eV,89,1.0,0.0,0.6424529588759642,0.6424529588759642,,,,1.0
2,acetone_gsolv_eV,90,1.0,0.0,0.6424529588759642,0.6424529588759642,,,,1.0
2,acetone_gsolv_eV,91,1.0,0.0,0.6424529588759642,0.6424529588759642,,,,1.0
2,acetone_gsolv_eV,92,1.0,0.0,0.6424529588759642,0.6424529588759642,,,,1.0
2,acetone_gsolv_eV,93,1.0,0.0,0.6424529588759642,0.6424529588759642,,,,1.0
2,acetone_gsolv_eV,94,1.0,0.0,0.6424529588759642,0.6424529588759642,,,,1.0
2,acetone_gsolv_eV,95,1.0,0.0,0.6424529588759642,0.6424529588759642,,,,1.0
2,acetone_gsolv_eV,96,1.0,0.0,0.6424529588759642,0.6424529588759642,,,,1.0
2,acetone_gsolv_eV,97,1.0,0.0,0.6424529588759642,0.6424529588759642,,,,1.0
2,acetone_gsolv_eV,98,1.0,0.0,0.6424529588759642,0.6424529588759642,,,,1.0
2,acetone_gsolv_eV,99,1.0,0.0,0.6424529588759642,0.6424529588759642,,,,1.0
2,acetone_gsolv_eV,100,1.0,0.0,0.6424529588759642,0.6424529588759642,,,,1.0
2,acetone_gsolv_eV,101,1.0,0.0,0.6424529588759642,0.6424529588759642,,,,1.0
2,acetone_gsolv_eV,102,1.0,0.0,0.6424529588759642,0.6424529588759642,,,,1.0
2,acetone_gsolv_eV,103,1.0,0.0,0.6424529588759642,0.6424529588759642,,,,1.0
2,acetone_gsolv_eV,104,1.0,0.0,0.6424529588759642,0.6424529588759642,,,,1.0
2,acetone_gsolv_eV,105,1.0,0.0,0.6424529588759642,0.6424529588759642,,,,1.0
2,acetone_gsolv_eV,106,1.0,0.0,0.6424529588759642,0.6424529588759642,,,,1.0
2,acetone_gsolv_eV,107,1.0,0.0,0.6424529588759642,0.6424529588759642,,,,1.0
2,acetone_gsolv_eV,108,1.0,0.0,0.6424529588759642,0.6424529588759642,,,,1.0
2,acetone_gsolv_eV,109,1.0,0.0,0.6424529588759642,0.6424529588759642,,,,1.0
2,acetone_gsolv_eV,110,1.0,0.0,0.6424529588759642,0.6424529588759642,,,,1.0
2,acetone_gsolv_eV,111,1.0,0.0,0.6424529588759642,0.6424529588759642,,,,1.0
2,acetone_gsolv_eV,112,1.0,0.0,0.6424529588759642,0.6424529588759642,,,,1.0
2,acetone_gsolv_eV,113,1.0,0.0,0.6424529588759642,0.6424529588759642,,,,1.0
2,acetone_gsolv_eV,114,1.0,0.0,0.6424529588759642,0.6424529588759642,,,,1.0
2,acetone_gsolv_eV,115,1.0,0.0,0.6424529588759642,0.6424529588759642,,,,1.0
2,acetone_gsolv_eV,116,1.0,0.0,0.6424529588759642,0.6424529588759642,,,,1.0
2,acetone_gsolv_eV,117,1.0,0.0,0.6424529588759642,0.6424529588759642,,,,1.0
2,acetone_gsolv_eV,118,1.0,0.0,0.6424529588759642,0.6424529588759642,,,,1.0
2,acetone_gsolv_eV,119,1.0,0.0,0.6424529588759642,0.6424529588759642,,,,1.0
2,acetone_gsolv_eV,120,1.0,0.0,0.6424529588759642,0.6424529588759642,,,,1.0
2,acetone_gsolv_eV,121,1.0,0.0,0.6424529588759642,0.6424529588759642,,,,1.0
2,acetone_gsolv_eV,122,1.0,0.0,0.6424529588759642,0.6424529588759642,,,,1.0
2,acetone_gsolv_eV,123,1.0,0.0,0.6424529588759642,0.6424529588759642,,,,1.0
2,acetone_gsolv_eV,124,1.0,0.0,0.6424529588759642,0.6424529588759642,,,,1.0
2,acetone_gsolv_eV,125,1.0,0.0,0.6424529588759642,0.6424529588759642,,,,1.0
2,acetone_gsolv_eV,126,1.0,0.0,0.6424529588759642,0.6424529588759642,,,,1.0
2,acetone_gsolv_eV,127,1.0,0.0,0.6424529588759642,0.6424529588759642,,,,1.0
2,acetone_gsolv_eV,128,1.0,0.0,0.6424529588759642,0.6424529588759642,,,,1.0
2,acetone_gsolv_eV,129,1.0,0.0,0.6424529588759642,0.6424529588759642,,,,1.0
2,acetone_gsolv_eV,130,1.0,0.0,0.6424529588759642,0.6424529588759642,,,,1.0
2,acetone_gsolv_eV,131,1.0,0.0,0.6424529588759642,0.6424529588759642,,,,1.0
2,acetone_gsolv_eV,132,1.0,0.0,0.6424529588759642,0.6424529588759642,,,,1.0
2,acetone_gsolv_eV,133,1.0,0.0,0.6424529588759642,0.6424529588759642,,,,1.0
2,acetone_gsolv_eV,134,1.0,0.0,0.6424529588759642,0.6424529588759642,,,,1.0
2,acetone_gsolv_eV,135,1.0,0.0,0.6424529588759642,0.6424529588759642,,,,1.0
2,acetone_gsolv_eV,136,1.0,0.0,0.6424529588759642,0.6424529588759642,,,,1.0
2,acetone_gsolv_eV,137,1.0,0.0,0.6424529588759642,0.6424529588759642,,,,1.0
2,acetone_gsolv_eV,138,1.0,0.0,0.6424529588759642,0.6424529588759642,,,,1.0
2,acetone_gsolv_eV,139,1.0,0.0,0.6424529588759642,0.6424529588759642,,,,1.0
2,acetone_gsolv_eV,140,1.0,0.0,0.6424529588759642,0.6424529588759642,,,,1.0
2,acetone_gsolv_eV,141,1.0,0.0,0.6424529588759642,0.6424529588759642,,,,1.0
2,acetone_gsolv_eV,142,1.0,0.0,0.6424529588759642,0.6424529588759642,,,,1.0
2,acetone_gsolv_eV,143,1.0,0.0,0.6424529588759642,0.6424529588759642,,,,1.0
2,acetone_gsolv_eV,144,1.0,0.0,0.6424529588759642,0.6424529588759642,,,,1.0
2,acetone_gsolv_eV,145,1.0,0.0,0.6424529588759642,0.6424529588759642,,,,1.0
2,acetone_gsolv_eV,146,1.0,0.0,0.6424529588759642,0.6424529588759642,,,,1.0
2,acetone_gsolv_eV,147,1.0,0.0,0.6424529588759642,0.6424529588759642,,,,1.0
2,acetone_gsolv_eV,148,1.0,0.0,0.6424529588759642,0.6424529588759642,,,,1.0
2,acetone_gsolv_eV,149,1.0,0.0,0.6424529588759642,0.6424529588759642,,,,1.0
2,acetone_gsolv_eV,150,1.0,0.0,0.6424529588759642,0.6424529588759642,,,,1.0
2,acetone_gsolv_eV,151,1.0,0.0,0.6424529588759642,0.6424529588759642,,,,1.0
2,acetone_gsolv_eV,152,1.0,0.0,0.6424529588759642,0.6424529588759642,,,,1.0
2,acetone_gsolv_eV,153,1.0,0.0,0.6424529588759642,0.6424529588759642,,,,1.0
2,acetone_gsolv_eV,154,1.0,0.0,0.6424529588759642,0.6424529588759642,,,,1.0
2,acetone_gsolv_eV,155,1.0,0.0,0.6424529588759642,0.6424529588759642,,,,1.0
2,acetone_gsolv_eV,156,1.0,0.0,0.6424529588759642,0.6424529588759642,,,,1.0
2,acetone_gsolv_eV,157,1.0,0.0,0.6424529588759642,0.6424529588759642,,,,1.0
2,acetone_gsolv_eV,158,1.0,0.0,0.6424529588759642,0.6424529588759642,,,,1.0
2,acetone_gsolv_eV,159,1.0,0.0,0.6424529588759642,0.6424529588759642,,,,1.0
2,acetone_gsolv_eV,160,1.0,0.0,0.6424529588759642,0.6424529588759642,,,,1.0
2,acetone_gsolv_eV,161,1.0,0.0,0.6424529588759642,0.6424529588759642,,,,1.0
2,acetone_gsolv_eV,162,1.0,0.0,0.6424529588759642,0.6424529588759642,,,,1.0
2,acetone_gsolv_eV,163,1.0,0.0,0.6424529588759642,0.6424529588759642,,,,1.0
2,acetone_gsolv_eV,164,1.0,0.0,0.6424529588759642,0.6424529588759642,,,,1.0
2,acetone_gsolv_eV,165,1.0,0.0,0.6424529588759642,0.6424529588759642,,,,1.0
2,acetone_gsolv_eV,166,1.0,0.0,0.6424529588759642,0.6424529588759642,,,,1.0
2,acetone_gsolv_eV,167,1.0,0.0,0.6424529588759642,0.6424529588759642,,,,1.0
2,acetone_gsolv_eV,168,1.0,0.0,0.6424529588759642,0.6424529588759642,,,,1.0
2,acetone_gsolv_eV,169,1.0,0.0,0.6424529588759642,0.6424529588759642,,,,1.0
2,acetone_gsolv_eV,170,1.0,0.0,0.6424529588759642,0.6424529588759642,,,,1.0
2,acetone_gsolv_eV,171,1.0,0.0,0.6424529588759642,0.6424529588759642,,,,1.0
2,acetone_gsolv_eV,172,1.0,0.0,0.6424529588759642,0.6424529588759642,,,,1.0
2,acetone_gsolv_eV,173,1.0,0.0,0.6424529588759642,0.6424529588759642,,,,1.0
2,acetone_gsolv_eV,174,1.0,0.0,0.6424529588759642,0.6424529588759642,,,,1.0
2,acetone_gsolv_eV,175,1.0,0.0,0.6424529588759642,0.6424529588759642,,,,1.0
2,acetone_gsolv_eV,176,1.0,0.0,0.6424529588759642,0.6424529588759642,,,,1.0
2,acetone_gsolv_eV,177,1.0,0.0,0.6424529588759642,0.6424529588759642,,,,1.0
2,acetone_gsolv_eV,178,1.0,0.0,0.6424529588759642,0.6424529588759642,,,,1.0
2,acetone_gsolv_eV,179,1.0,0.0,0.6424529588759642,0.6424529588759642,,,,1.0
2,acetone_gsolv_eV,180,1.0,0.0,0.6424529588759642,0.6424529588759642,,,,1.0
2,acetone_gsolv_eV,181,1.0,0.0,0.6424529588759642,0.6424529588759642,,,,1.0
2,acetone_gsolv_eV,182,1.0,0.0,0.6424529588759642,0.6424529588759642,,,,1.0
2,acetone_gsolv_eV,183,1.0,0.0,0.6424529588759642,0.6424529588759642,,,,1.0
2,acetone_gsolv_eV,184,1.0,0.0,0.6424529588759642,0.6424529588759642,,,,1.0
2,acetone_gsolv_eV,185,1.0,0.0,0.6424529588759642,0.6424529588759642,,,,1.0
2,acetone_gsolv_eV,186,1.0,0.0,0.6424529588759642,0.6424529588759642,,,,1.0
2,acetone_gsolv_eV,187,1.0,0.0,0.6424529588759642,0.6424529588759642,,,,1.0
2,acetone_gsolv_eV,188,1.0,0.0,0.6424529588759642,0.6424529588759642,,,,1.0
2,acetone_gsolv_eV,189,1.0,0.0,0.6424529588759642,0.6424529588759642,,,,1.0
2,acetone_gsolv_eV,190,1.0,0.0,0.6424529588759642,0.6424529588759642,,,,1.0
2,acetone_gsolv_eV,191,1.0,0.0,0.6424529588759642,0.6424529588759642,,,,1.0
2,acetone_gsolv_eV,192,1.0,0.0,0.6424529588759642,0.6424529588759642,,,,1.0
2,acetone_gsolv_eV,193,1.0,0.0,0.6424529588759642,0.6424529588759642,,,,1.0
2,acetone_gsolv_eV,194,1.0,0.0,0.6424529588759642,0.6424529588759642,,,,1.0
2,acetone_gsolv_eV,195,1.0,0.0,0.6424529588759642,0.6424529588759642,,,,1.0
2,acetone_gsolv_eV,196,1.0,0.0,0.6424529588759642,0.6424529588759642,,,,1.0
2,acetone_gsolv_eV,197,1.0,0.0,0.6424529588759642,0.6424529588759642,,,,1.0
2,acetone_gsolv_eV,198,1.0,0.0,0.6424529588759642,0.6424529588759642,,,,1.0
2,acetone_gsolv_eV,199,1.0,0.0,0.6424529588759642,0.6424529588759642,,,,1.0
2,acetone_gsolv_eV,200,1.0,0.0,0.6424529588759642,0.6424529588759642,,,,1.0
2,acetone_gsolv_eV,201,1.0,0.0,0.6424529588759642,0.6424529588759642,,,,1.0
2,acetone_gsolv_eV,202,1.0,0.0,0.6424529588759642,0.6424529588759642,,,,1.0
2,acetone_gsolv_eV,203,1.0,0.0,0.6424529588759642,0.6424529588759642,,,,1.0
2,acetone_gsolv_eV,204,1.0,0.0,0.6424529588759642,0.6424529588759642,,,,1.0
2,acetone_gsolv_eV,205,1.0,0.0,0.6424529588759642,0.6424529588759642,,,,1.0
2,acetone_gsolv_eV,206,1.0,0.0,0.6424529588759642,0.6424529588759642,,,,1.0
2,acetone_gsolv_eV,207,1.0,0.0,0.6424529588759642,0.6424529588759642,,,,1.0
2,acetone_gsolv_eV,208,1.0,0.0,0.6424529588759642,0.6424529588759642,,,,1.0
2,acetone_gsolv_eV,209,1.0,0.0,0.6424529588759642,0.6424529588759642,,,,1.0
2,acetone_gsolv_eV,210,1.0,0.0,0.6424529588759642,0.6424529588759642,,,,1.0
2,acetone_gsolv_eV,211,1.0,0.0,0.6424529588759642,0.6424529588759642,,,,1.0
2,acetone_gsolv_eV,212,1.0,0.0,0.6424529588759642,0.6424529588759642,,,,1.0
2,acetone_gsolv_eV,213,1.0,0.0,0.6424529588759642,0.6424529588759642,,,,1.0
2,acetone_gsolv_eV,214,1.0,0.0,0.6424529588759642,0.6424529588759642,,,,1.0
2,acetone_gsolv_eV,215,1.0,0.0,0.6424529588759642,0.6424529588759642,,,,1.0
2,acetone_gsolv_eV,216,1.0,0.0,0.6424529588759642,0.6424529588759642,,,,1.0
2,acetone_gsolv_eV,217,1.0,0.0,0.6424529588759642,0.6424529588759642,,,,1.0
2,acetone_gsolv_eV,218,1.0,0.0,0.6424529588759642,0.6424529588759642,,,,1.0
2,acetone_gsolv_eV,219,1.0,0.0,0.6424529588759642,0.6424529588759642,,,,1.0
2,acetone_gsolv_eV,220,1.0,0.0,0.6424529588759642,0.6424529588759642,,,,1.0
2,acetone_gsolv_eV,221,1.0,0.0,0.6424529588759642,0.6424529588759642,,,,1.0
2,acetone_gsolv_eV,222,1.0,0.0,0.6424529588759642,0.6424529588759642,,,,1.0
2,acetone_gsolv_eV,223,1.0,0.0,0.6424529588759642,0.6424529588759642,,,,1.0
2,acetone_gsolv_eV,224,1.0,0.0,0.6424529588759642,0.6424529588759642,,,,1.0
2,acetone_gsolv_eV,225,1.0,0.0,0.6424529588759642,0.6424529588759642,,,,1.0
2,acetone_gsolv_eV,226,1.0,0.0,0.6424529588759642,0.6424529588759642,,,,1.0
2,acetone_gsolv_eV,227,1.0,0.0,0.6424529588759642,0.6424529588759642,,,,1.0
2,acetone_gsolv_eV,228,1.0,0.0,0.6424529588759642,0.6424529588759642,,,,1.0
2,acetone_gsolv_eV,229,1.0,0.0,0.6424529588759642,0.6424529588759642,,,,1.0
2,acetone_gsolv_eV,230,1.0,0.0,0.6424529588759642,0.6424529588759642,,,,1.0
2,acetone_gsolv_eV,231,1.0,0.0,0.6424529588759642,0.6424529588759642,,,,1.0
2,acetone_gsolv_eV,232,1.0,0.0,0.6424529588759642,0.6424529588759642,,,,1.0
2,acetone_gsolv_eV,233,1.0,0.0,0.6424529588759642,0.6424529588759642,,,,1.0
2,acetone_gsolv_eV,234,1.0,0.0,0.6424529588759642,0.6424529588759642,,,,1.0
2,acetone_gsolv_eV,235,1.0,0.0,0.6424529588759642,0.6424529588759642,,,,1.0
2,acetone_gsolv_eV,236,1.0,0.0,0.6424529588759642,0.6424529588759642,,,,1.0
2,acetone_gsolv_eV,237,1.0,0.0,0.6424529588759642,0.6424529588759642,,,,1.0
2,acetone_gsolv_eV,238,1.0,0.0,0.6424529588759642,0.6424529588759642,,,,1.0
2,acetone_gsolv_eV,239,1.0,0.0,0.6424529588759642,0.6424529588759642,,,,1.0
2,acetone_gsolv_eV,240,1.0,0.0,0.6424529588759642,0.6424529588759642,,,,1.0
2,acetone_gsolv_eV,241,1.0,0.0,0.6424529588759642,0.6424529588759642,,,,1.0
2,acetone_gsolv_eV,242,1.0,0.0,0.6424529588759642,0.6424529588759642,,,,1.0
2,acetone_gsolv_eV,243,1.0,0.0,0.6424529588759642,0.6424529588759642,,,,1.0
2,acetone_gsolv_eV,244,1.0,0.0,0.6424529588759642,0.6424529588759642,,,,1.0
2,acetone_gsolv_eV,245,1.0,0.0,0.6424529588759642,0.6424529588759642,,,,1.0
2,acetone_gsolv_eV,246,1.0,0.0,0.6424529588759642,0.6424529588759642,,,,1.0
2,acetone_gsolv_eV,247,1.0,0.0,0.6424529588759642,0.6424529588759642,,,,1.0
2,acetone_gsolv_eV,248,1.0,0.0,0.6424529588759642,0.6424529588759642,,,,1.0
2,acetone_gsolv_eV,249,1.0,0.0,0.6424529588759642,0.6424529588759642,,,,1.0
2,acetone_hl_gap_eV,0,0.9999998807907104,0.0,0.6984025566301868,0.6984025566301868,,,,1.0
2,acetone_hl_gap_eV,1,0.9999998807907104,0.0,0.6984025566301868,0.6984025566301868,,,,1.0
2,acetone_hl_gap_eV,2,0.9999998807907104,0.0,0.6984025566301868,0.6984025566301868,,,,1.0
2,acetone_hl_gap_eV,3,0.9999998807907104,0.0,0.6984025566301868,0.6984025566301868,,,,1.0
2,acetone_hl_gap_eV,4,0.9999998807907104,0.0,0.6984025566301868,0.6984025566301868,,,,1.0
2,acetone_hl_gap_eV,5,0.9999998807907104,0.0,0.6984025566301868,0.6984025566301868,,,,1.0
2,acetone_hl_gap_eV,6,0.9999998807907104,0.0,0.6984025566301868,0.6984025566301868,,,,1.0
2,acetone_hl_gap_eV,7,0.9999998807907104,0.0,0.6984025566301868,0.6984025566301868,,,,1.0
2,acetone_hl_gap_eV,8,0.9999998807907104,0.0,0.6984025566301868,0.6984025566301868,,,,1.0
2,acetone_hl_gap_eV,9,0.9999998807907104,0.0,0.6984025566301868,0.6984025566301868,,,,1.0
2,acetone_hl_gap_eV,10,0.9999998807907104,0.0,0.6984025566301868,0.6984025566301868,,,,1.0
2,acetone_hl_gap_eV,11,0.9999998807907104,0.0,0.6984025566301868,0.6984025566301868,,,,1.0
2,acetone_hl_gap_eV,12,0.9999998807907104,0.0,0.6984025566301868,0.6984025566301868,,,,1.0
2,acetone_hl_gap_eV,13,0.9999998807907104,0.0,0.6984025566301868,0.6984025566301868,,,,1.0
2,acetone_hl_gap_eV,14,0.9999998807907104,0.0,0.6984025566301868,0.6984025566301868,,,,1.0
2,acetone_hl_gap_eV,15,0.9999998807907104,0.0,0.6984025566301868,0.6984025566301868,,,,1.0
2,acetone_hl_gap_eV,16,0.9999998807907104,0.0,0.6984025566301868,0.6984025566301868,,,,1.0
2,acetone_hl_gap_eV,17,0.9999998807907104,0.0,0.6984025566301868,0.6984025566301868,,,,1.0
2,acetone_hl_gap_eV,18,0.9999998807907104,0.0,0.6984025566301868,0.6984025566301868,,,,1.0
2,acetone_hl_gap_eV,19,0.9999998807907104,0.0,0.6984025566301868,0.6984025566301868,,,,1.0
2,acetone_hl_gap_eV,20,0.9999998807907104,0.0,0.6984025566301868,0.6984025566301868,,,,1.0
2,acetone_hl_gap_eV,21,0.9999998807907104,0.0,0.6984025566301868,0.6984025566301868,,,,1.0
2,acetone_hl_gap_eV,22,0.9999998807907104,0.0,0.6984025566301868,0.6984025566301868,,,,1.0
2,acetone_hl_gap_eV,23,0.9999998807907104,0.0,0.6984025566301868,0.6984025566301868,,,,1.0
2,acetone_hl_gap_eV,24,0.9999998807907104,0.0,0.6984025566301868,0.6984025566301868,,,,1.0
2,acetone_hl_gap_eV,25,0.9999998807907104,0.0,0.6984025566301868,0.6984025566301868,,,,1.0
2,acetone_hl_gap_eV,26,0.9999998807907104,0.0,0.6984025566301868,0.6984025566301868,,,,1.0
2,acetone_hl_gap_eV,27,0.9999998807907104,0.0,0.6984025566301868,0.6984025566301868,,,,1.0
2,acetone_hl_gap_eV,28,0.9999998807907104,0.0,0.6984025566301868,0.6984025566301868,,,,1.0
2,acetone_hl_gap_eV,29,0.9999998807907104,0.0,0.6984025566301868,0.6984025566301868,,,,1.0
2,acetone_hl_gap_eV,30,0.9999998807907104,0.0,0.6984025566301868,0.6984025566301868,,,,1.0
2,acetone_hl_gap_eV,31,0.9999998807907104,0.0,0.6984025566301868,0.6984025566301868,,,,1.0
2,acetone_hl_gap_eV,32,0.9999998807907104,0.0,0.6984025566301868,0.6984025566301868,,,,1.0
2,acetone_hl_gap_eV,33,0.9999998807907104,0.0,0.6984025566301868,0.6984025566301868,,,,1.0
2,acetone_hl_gap_eV,34,0.9999998807907104,0.0,0.6984025566301868,0.6984025566301868,,,,1.0
2,acetone_hl_gap_eV,35,0.9999998807907104,0.0,0.6984025566301868,0.6984025566301868,,,,1.0
2,acetone_hl_gap_eV,36,0.9999998807907104,0.0,0.6984025566301868,0.6984025566301868,,,,1.0
2,acetone_hl_gap_eV,37,0.9999998807907104,0.0,0.6984025566301868,0.6984025566301868,,,,1.0
2,acetone_hl_gap_eV,38,0.9999998807907104,0.0,0.6984025566301868,0.6984025566301868,,,,1.0
2,acetone_hl_gap_eV,39,0.9999998807907104,0.0,0.6984025566301868,0.6984025566301868,,,,1.0
2,acetone_hl_gap_eV,40,0.9999998807907104,0.0,0.6984025566301868,0.6984025566301868,,,,1.0
2,acetone_hl_gap_eV,41,0.9999998807907104,0.0,0.6984025566301868,0.6984025566301868,,,,1.0
2,acetone_hl_gap_eV,42,0.9999998807907104,0.0,0.6984025566301868,0.6984025566301868,,,,1.0
2,acetone_hl_gap_eV,43,0.9999998807907104,0.0,0.6984025566301868,0.6984025566301868,,,,1.0
2,acetone_hl_gap_eV,44,0.9999998807907104,0.0,0.6984025566301868,0.6984025566301868,,,,1.0
2,acetone_hl_gap_eV,45,0.9999998807907104,0.0,0.6984025566301868,0.6984025566301868,,,,1.0
2,acetone_hl_gap_eV,46,0.9999998807907104,0.0,0.6984025566301868,0.6984025566301868,,,,1.0
2,acetone_hl_gap_eV,47,0.9999998807907104,0.0,0.6984025566301868,0.6984025566301868,,,,1.0
2,acetone_hl_gap_eV,48,0.9999998807907104,0.0,0.6984025566301868,0.6984025566301868,,,,1.0
2,acetone_hl_gap_eV,49,0.9999998807907104,0.0,0.6984025566301868,0.6984025566301868,,,,1.0
2,acetone_hl_gap_eV,50,0.9999998807907104,0.0,0.6984025566301868,0.6984025566301868,,,,1.0
2,acetone_hl_gap_eV,51,0.9999998807907104,0.0,0.6984025566301868,0.6984025566301868,,,,1.0
2,acetone_hl_gap_eV,52,0.9999998807907104,0.0,0.6984025566301868,0.6984025566301868,,,,1.0
2,acetone_hl_gap_eV,53,0.9999998807907104,0.0,0.6984025566301868,0.6984025566301868,,,,1.0
2,acetone_hl_gap_eV,54,0.9999998807907104,0.0,0.6984025566301868,0.6984025566301868,,,,1.0
2,acetone_hl_gap_eV,55,0.9999998807907104,0.0,0.6984025566301868,0.6984025566301868,,,,1.0
2,acetone_hl_gap_eV,56,0.9999998807907104,0.0,0.6984025566301868,0.6984025566301868,,,,1.0
2,acetone_hl_gap_eV,57,0.9999998807907104,0.0,0.6984025566301868,0.6984025566301868,,,,1.0
2,acetone_hl_gap_eV,58,0.9999998807907104,0.0,0.6984025566301868,0.6984025566301868,,,,1.0
2,acetone_hl_gap_eV,59,0.9999998807907104,0.0,0.6984025566301868,0.6984025566301868,,,,1.0
2,acetone_hl_gap_eV,60,0.9999998807907104,0.0,0.6984025566301868,0.6984025566301868,,,,1.0
2,acetone_hl_gap_eV,61,0.9999998807907104,0.0,0.6984025566301868,0.6984025566301868,,,,1.0
2,acetone_hl_gap_eV,62,0.9999998807907104,0.0,0.6984025566301868,0.6984025566301868,,,,1.0
2,acetone_hl_gap_eV,63,0.9999998807907104,0.0,0.6984025566301868,0.6984025566301868,,,,1.0
2,acetone_hl_gap_eV,64,0.9999998807907104,0.0,0.6984025566301868,0.6984025566301868,,,,1.0
2,acetone_hl_gap_eV,65,0.9999998807907104,0.0,0.6984025566301868,0.6984025566301868,,,,1.0
2,acetone_hl_gap_eV,66,0.9999998807907104,0.0,0.6984025566301868,0.6984025566301868,,,,1.0
2,acetone_hl_gap_eV,67,0.9999998807907104,0.0,0.6984025566301868,0.6984025566301868,,,,1.0
2,acetone_hl_gap_eV,68,0.9999998807907104,0.0,0.6984025566301868,0.6984025566301868,,,,1.0
2,acetone_hl_gap_eV,69,0.9999998807907104,0.0,0.6984025566301868,0.6984025566301868,,,,1.0
2,acetone_hl_gap_eV,70,0.9999998807907104,0.0,0.6984025566301868,0.6984025566301868,,,,1.0
2,acetone_hl_gap_eV,71,0.9999998807907104,0.0,0.6984025566301868,0.6984025566301868,,,,1.0
2,acetone_hl_gap_eV,72,0.9999998807907104,0.0,0.6984025566301868,0.6984025566301868,,,,1.0
2,acetone_hl_gap_eV,73,0.9999998807907104,0.0,0.6984025566301868,0.6984025566301868,,,,1.0
2,acetone_hl_gap_eV,74,0.9999998807907104,0.0,0.6984025566301868,0.6984025566301868,,,,1.0
2,acetone_hl_gap_eV,75,0.9999998807907104,0.0,0.6984025566301868,0.6984025566301868,,,,1.0
2,acetone_hl_gap_eV,76,0.9999998807907104,0.0,0.6984025566301868,0.6984025566301868,,,,1.0
2,acetone_hl_gap_eV,77,0.9999998807907104,0.0,0.6984025566301868,0.6984025566301868,,,,1.0
2,acetone_hl_gap_eV,78,0.9999998807907104,0.0,0.6984025566301868,0.6984025566301868,,,,1.0
2,acetone_hl_gap_eV,79,0.9999998807907104,0.0,0.6984025566301868,0.6984025566301868,,,,1.0
2,acetone_hl_gap_eV,80,0.9999998807907104,0.0,0.6984025566301868,0.6984025566301868,,,,1.0
2,acetone_hl_gap_eV,81,0.9999998807907104,0.0,0.6984025566301868,0.6984025566301868,,,,1.0
2,acetone_hl_gap_eV,82,0.9999998807907104,0.0,0.6984025566301868,0.6984025566301868,,,,1.0
2,acetone_hl_gap_eV,83,0.9999998807907104,0.0,0.6984025566301868,0.6984025566301868,,,,1.0
2,acetone_hl_gap_eV,84,0.9999998807907104,0.0,0.6984025566301868,0.6984025566301868,,,,1.0
2,acetone_hl_gap_eV,85,0.9999998807907104,0.0,0.6984025566301868,0.6984025566301868,,,,1.0
2,acetone_hl_gap_eV,86,0.9999998807907104,0.0,0.6984025566301868,0.6984025566301868,,,,1.0
2,acetone_hl_gap_eV,87,0.9999998807907104,0.0,0.6984025566301868,0.6984025566301868,,,,1.0
2,acetone_hl_gap_eV,88,0.9999998807907104,0.0,0.6984025566301868,0.6984025566301868,,,,1.0
2,acetone_hl_gap_eV,89,0.9999998807907104,0.0,0.6984025566301868,0.6984025566301868,,,,1.0
2,acetone_hl_gap_eV,90,0.9999998807907104,0.0,0.6984025566301868,0.6984025566301868,,,,1.0
2,acetone_hl_gap_eV,91,0.9999998807907104,0.0,0.6984025566301868,0.6984025566301868,,,,1.0
2,acetone_hl_gap_eV,92,0.9999998807907104,0.0,0.6984025566301868,0.6984025566301868,,,,1.0
2,acetone_hl_gap_eV,93,0.9999998807907104,0.0,0.6984025566301868,0.6984025566301868,,,,1.0
2,acetone_hl_gap_eV,94,0.9999998807907104,0.0,0.6984025566301868,0.6984025566301868,,,,1.0
2,acetone_hl_gap_eV,95,0.9999998807907104,0.0,0.6984025566301868,0.6984025566301868,,,,1.0
2,acetone_hl_gap_eV,96,0.9999998807907104,0.0,0.6984025566301868,0.6984025566301868,,,,1.0
2,acetone_hl_gap_eV,97,0.9999998807907104,0.0,0.6984025566301868,0.6984025566301868,,,,1.0
2,acetone_hl_gap_eV,98,0.9999998807907104,0.0,0.6984025566301868,0.6984025566301868,,,,1.0
2,acetone_hl_gap_eV,99,0.9999998807907104,0.0,0.6984025566301868,0.6984025566301868,,,,1.0
2,acetone_hl_gap_eV,100,0.9999998807907104,0.0,0.6984025566301868,0.6984025566301868,,,,1.0
2,acetone_hl_gap_eV,101,0.9999998807907104,0.0,0.6984025566301868,0.6984025566301868,,,,1.0
2,acetone_hl_gap_eV,102,0.9999998807907104,0.0,0.6984025566301868,0.6984025566301868,,,,1.0
2,acetone_hl_gap_eV,103,0.9999998807907104,0.0,0.6984025566301868,0.6984025566301868,,,,1.0
2,acetone_hl_gap_eV,104,0.9999998807907104,0.0,0.6984025566301868,0.6984025566301868,,,,1.0
2,acetone_hl_gap_eV,105,0.9999998807907104,0.0,0.6984025566301868,0.6984025566301868,,,,1.0
2,acetone_hl_gap_eV,106,0.9999998807907104,0.0,0.6984025566301868,0.6984025566301868,,,,1.0
2,acetone_hl_gap_eV,107,0.9999998807907104,0.0,0.6984025566301868,0.6984025566301868,,,,1.0
2,acetone_hl_gap_eV,108,0.9999998807907104,0.0,0.6984025566301868,0.6984025566301868,,,,1.0
2,acetone_hl_gap_eV,109,0.9999998807907104,0.0,0.6984025566301868,0.6984025566301868,,,,1.0
2,acetone_hl_gap_eV,110,0.9999998807907104,0.0,0.6984025566301868,0.6984025566301868,,,,1.0
2,acetone_hl_gap_eV,111,0.9999998807907104,0.0,0.6984025566301868,0.6984025566301868,,,,1.0
2,acetone_hl_gap_eV,112,0.9999998807907104,0.0,0.6984025566301868,0.6984025566301868,,,,1.0
2,acetone_hl_gap_eV,113,0.9999998807907104,0.0,0.6984025566301868,0.6984025566301868,,,,1.0
2,acetone_hl_gap_eV,114,0.9999998807907104,0.0,0.6984025566301868,0.6984025566301868,,,,1.0
2,acetone_hl_gap_eV,115,0.9999998807907104,0.0,0.6984025566301868,0.6984025566301868,,,,1.0
2,acetone_hl_gap_eV,116,0.9999998807907104,0.0,0.6984025566301868,0.6984025566301868,,,,1.0
2,acetone_hl_gap_eV,117,0.9999998807907104,0.0,0.6984025566301868,0.6984025566301868,,,,1.0
2,acetone_hl_gap_eV,118,0.9999998807907104,0.0,0.6984025566301868,0.6984025566301868,,,,1.0
2,acetone_hl_gap_eV,119,0.9999998807907104,0.0,0.6984025566301868,0.6984025566301868,,,,1.0
2,acetone_hl_gap_eV,120,0.9999998807907104,0.0,0.6984025566301868,0.6984025566301868,,,,1.0
2,acetone_hl_gap_eV,121,0.9999998807907104,0.0,0.6984025566301868,0.6984025566301868,,,,1.0
2,acetone_hl_gap_eV,122,0.9999998807907104,0.0,0.6984025566301868,0.6984025566301868,,,,1.0
2,acetone_hl_gap_eV,123,0.9999998807907104,0.0,0.6984025566301868,0.6984025566301868,,,,1.0
2,acetone_hl_gap_eV,124,0.9999998807907104,0.0,0.6984025566301868,0.6984025566301868,,,,1.0
2,acetone_hl_gap_eV,125,0.9999998807907104,0.0,0.6984025566301868,0.6984025566301868,,,,1.0
2,acetone_hl_gap_eV,126,0.9999998807907104,0.0,0.6984025566301868,0.6984025566301868,,,,1.0
2,acetone_hl_gap_eV,127,0.9999998807907104,0.0,0.6984025566301868,0.6984025566301868,,,,1.0
2,acetone_hl_gap_eV,128,0.9999998807907104,0.0,0.6984025566301868,0.6984025566301868,,,,1.0
2,acetone_hl_gap_eV,129,0.9999998807907104,0.0,0.6984025566301868,0.6984025566301868,,,,1.0
2,acetone_hl_gap_eV,130,0.9999998807907104,0.0,0.6984025566301868,0.6984025566301868,,,,1.0
2,acetone_hl_gap_eV,131,0.9999998807907104,0.0,0.6984025566301868,0.6984025566301868,,,,1.0
2,acetone_hl_gap_eV,132,0.9999998807907104,0.0,0.6984025566301868,0.6984025566301868,,,,1.0
2,acetone_hl_gap_eV,133,0.9999998807907104,0.0,0.6984025566301868,0.6984025566301868,,,,1.0
2,acetone_hl_gap_eV,134,0.9999998807907104,0.0,0.6984025566301868,0.6984025566301868,,,,1.0
2,acetone_hl_gap_eV,135,0.9999998807907104,0.0,0.6984025566301868,0.6984025566301868,,,,1.0
2,acetone_hl_gap_eV,136,0.9999998807907104,0.0,0.6984025566301868,0.6984025566301868,,,,1.0
2,acetone_hl_gap_eV,137,0.9999998807907104,0.0,0.6984025566301868,0.6984025566301868,,,,1.0
2,acetone_hl_gap_eV,138,0.9999998807907104,0.0,0.6984025566301868,0.6984025566301868,,,,1.0
2,acetone_hl_gap_eV,139,0.9999998807907104,0.0,0.6984025566301868,0.6984025566301868,,,,1.0
2,acetone_hl_gap_eV,140,0.9999998807907104,0.0,0.6984025566301868,0.6984025566301868,,,,1.0
2,acetone_hl_gap_eV,141,0.9999998807907104,0.0,0.6984025566301868,0.6984025566301868,,,,1.0
2,acetone_hl_gap_eV,142,0.9999998807907104,0.0,0.6984025566301868,0.6984025566301868,,,,1.0
2,acetone_hl_gap_eV,143,0.9999998807907104,0.0,0.6984025566301868,0.6984025566301868,,,,1.0
2,acetone_hl_gap_eV,144,0.9999998807907104,0.0,0.6984025566301868,0.6984025566301868,,,,1.0
2,acetone_hl_gap_eV,145,0.9999998807907104,0.0,0.6984025566301868,0.6984025566301868,,,,1.0
2,acetone_hl_gap_eV,146,0.9999998807907104,0.0,0.6984025566301868,0.6984025566301868,,,,1.0
2,acetone_hl_gap_eV,147,0.9999998807907104,0.0,0.6984025566301868,0.6984025566301868,,,,1.0
2,acetone_hl_gap_eV,148,0.9999998807907104,0.0,0.6984025566301868,0.6984025566301868,,,,1.0
2,acetone_hl_gap_eV,149,0.9999998807907104,0.0,0.6984025566301868,0.6984025566301868,,,,1.0
2,acetone_hl_gap_eV,150,0.9999998807907104,0.0,0.6984025566301868,0.6984025566301868,,,,1.0
2,acetone_hl_gap_eV,151,0.9999998807907104,0.0,0.6984025566301868,0.6984025566301868,,,,1.0
2,acetone_hl_gap_eV,152,0.9999998807907104,0.0,0.6984025566301868,0.6984025566301868,,,,1.0
2,acetone_hl_gap_eV,153,0.9999998807907104,0.0,0.6984025566301868,0.6984025566301868,,,,1.0
2,acetone_hl_gap_eV,154,0.9999998807907104,0.0,0.6984025566301868,0.6984025566301868,,,,1.0
2,acetone_hl_gap_eV,155,0.9999998807907104,0.0,0.6984025566301868,0.6984025566301868,,,,1.0
2,acetone_hl_gap_eV,156,0.9999998807907104,0.0,0.6984025566301868,0.6984025566301868,,,,1.0
2,acetone_hl_gap_eV,157,0.9999998807907104,0.0,0.6984025566301868,0.6984025566301868,,,,1.0
2,acetone_hl_gap_eV,158,0.9999998807907104,0.0,0.6984025566301868,0.6984025566301868,,,,1.0
2,acetone_hl_gap_eV,159,0.9999998807907104,0.0,0.6984025566301868,0.6984025566301868,,,,1.0
2,acetone_hl_gap_eV,160,0.9999998807907104,0.0,0.6984025566301868,0.6984025566301868,,,,1.0
2,acetone_hl_gap_eV,161,0.9999998807907104,0.0,0.6984025566301868,0.6984025566301868,,,,1.0
2,acetone_hl_gap_eV,162,0.9999998807907104,0.0,0.6984025566301868,0.6984025566301868,,,,1.0
2,acetone_hl_gap_eV,163,0.9999998807907104,0.0,0.6984025566301868,0.6984025566301868,,,,1.0
2,acetone_hl_gap_eV,164,0.9999998807907104,0.0,0.6984025566301868,0.6984025566301868,,,,1.0
2,acetone_hl_gap_eV,165,0.9999998807907104,0.0,0.6984025566301868,0.6984025566301868,,,,1.0
2,acetone_hl_gap_eV,166,0.9999998807907104,0.0,0.6984025566301868,0.6984025566301868,,,,1.0
2,acetone_hl_gap_eV,167,0.9999998807907104,0.0,0.6984025566301868,0.6984025566301868,,,,1.0
2,acetone_hl_gap_eV,168,0.9999998807907104,0.0,0.6984025566301868,0.6984025566301868,,,,1.0
2,acetone_hl_gap_eV,169,0.9999998807907104,0.0,0.6984025566301868,0.6984025566301868,,,,1.0
2,acetone_hl_gap_eV,170,0.9999998807907104,0.0,0.6984025566301868,0.6984025566301868,,,,1.0
2,acetone_hl_gap_eV,171,0.9999998807907104,0.0,0.6984025566301868,0.6984025566301868,,,,1.0
2,acetone_hl_gap_eV,172,0.9999998807907104,0.0,0.6984025566301868,0.6984025566301868,,,,1.0
2,acetone_hl_gap_eV,173,0.9999998807907104,0.0,0.6984025566301868,0.6984025566301868,,,,1.0
2,acetone_hl_gap_eV,174,0.9999998807907104,0.0,0.6984025566301868,0.6984025566301868,,,,1.0
2,acetone_hl_gap_eV,175,0.9999998807907104,0.0,0.6984025566301868,0.6984025566301868,,,,1.0
2,acetone_hl_gap_eV,176,0.9999998807907104,0.0,0.6984025566301868,0.6984025566301868,,,,1.0
2,acetone_hl_gap_eV,177,0.9999998807907104,0.0,0.6984025566301868,0.6984025566301868,,,,1.0
2,acetone_hl_gap_eV,178,0.9999998807907104,0.0,0.6984025566301868,0.6984025566301868,,,,1.0
2,acetone_hl_gap_eV,179,0.9999998807907104,0.0,0.6984025566301868,0.6984025566301868,,,,1.0
2,acetone_hl_gap_eV,180,0.9999998807907104,0.0,0.6984025566301868,0.6984025566301868,,,,1.0
2,acetone_hl_gap_eV,181,0.9999998807907104,0.0,0.6984025566301868,0.6984025566301868,,,,1.0
2,acetone_hl_gap_eV,182,0.9999998807907104,0.0,0.6984025566301868,0.6984025566301868,,,,1.0
2,acetone_hl_gap_eV,183,0.9999998807907104,0.0,0.6984025566301868,0.6984025566301868,,,,1.0
2,acetone_hl_gap_eV,184,0.9999998807907104,0.0,0.6984025566301868,0.6984025566301868,,,,1.0
2,acetone_hl_gap_eV,185,0.9999998807907104,0.0,0.6984025566301868,0.6984025566301868,,,,1.0
2,acetone_hl_gap_eV,186,0.9999998807907104,0.0,0.6984025566301868,0.6984025566301868,,,,1.0
2,acetone_hl_gap_eV,187,0.9999998807907104,0.0,0.6984025566301868,0.6984025566301868,,,,1.0
2,acetone_hl_gap_eV,188,0.9999998807907104,0.0,0.6984025566301868,0.6984025566301868,,,,1.0
2,acetone_hl_gap_eV,189,0.9999998807907104,0.0,0.6984025566301868,0.6984025566301868,,,,1.0
2,acetone_hl_gap_eV,190,0.9999998807907104,0.0,0.6984025566301868,0.6984025566301868,,,,1.0
2,acetone_hl_gap_eV,191,0.9999998807907104,0.0,0.6984025566301868,0.6984025566301868,,,,1.0
2,acetone_hl_gap_eV,192,0.9999998807907104,0.0,0.6984025566301868,0.6984025566301868,,,,1.0
2,acetone_hl_gap_eV,193,0.9999998807907104,0.0,0.6984025566301868,0.6984025566301868,,,,1.0
2,acetone_hl_gap_eV,194,0.9999998807907104,0.0,0.6984025566301868,0.6984025566301868,,,,1.0
2,acetone_hl_gap_eV,195,0.9999998807907104,0.0,0.6984025566301868,0.6984025566301868,,,,1.0
2,acetone_hl_gap_eV,196,0.9999998807907104,0.0,0.6984025566301868,0.6984025566301868,,,,1.0
2,acetone_hl_gap_eV,197,0.9999998807907104,0.0,0.6984025566301868,0.6984025566301868,,,,1.0
2,acetone_hl_gap_eV,198,0.9999998807907104,0.0,0.6984025566301868,0.6984025566301868,,,,1.0
2,acetone_hl_gap_eV,199,0.9999998807907104,0.0,0.6984025566301868,0.6984025566301868,,,,1.0
2,acetone_hl_gap_eV,200,0.9999998807907104,0.0,0.6984025566301868,0.6984025566301868,,,,1.0
2,acetone_hl_gap_eV,201,0.9999998807907104,0.0,0.6984025566301868,0.6984025566301868,,,,1.0
2,acetone_hl_gap_eV,202,0.9999998807907104,0.0,0.6984025566301868,0.6984025566301868,,,,1.0
2,acetone_hl_gap_eV,203,0.9999998807907104,0.0,0.6984025566301868,0.6984025566301868,,,,1.0
2,acetone_hl_gap_eV,204,0.9999998807907104,0.0,0.6984025566301868,0.6984025566301868,,,,1.0
2,acetone_hl_gap_eV,205,0.9999998807907104,0.0,0.6984025566301868,0.6984025566301868,,,,1.0
2,acetone_hl_gap_eV,206,0.9999998807907104,0.0,0.6984025566301868,0.6984025566301868,,,,1.0
2,acetone_hl_gap_eV,207,0.9999998807907104,0.0,0.6984025566301868,0.6984025566301868,,,,1.0
2,acetone_hl_gap_eV,208,0.9999998807907104,0.0,0.6984025566301868,0.6984025566301868,,,,1.0
2,acetone_hl_gap_eV,209,0.9999998807907104,0.0,0.6984025566301868,0.6984025566301868,,,,1.0
2,acetone_hl_gap_eV,210,0.9999998807907104,0.0,0.6984025566301868,0.6984025566301868,,,,1.0
2,acetone_hl_gap_eV,211,0.9999998807907104,0.0,0.6984025566301868,0.6984025566301868,,,,1.0
2,acetone_hl_gap_eV,212,0.9999998807907104,0.0,0.6984025566301868,0.6984025566301868,,,,1.0
2,acetone_hl_gap_eV,213,0.9999998807907104,0.0,0.6984025566301868,0.6984025566301868,,,,1.0
2,acetone_hl_gap_eV,214,0.9999998807907104,0.0,0.6984025566301868,0.6984025566301868,,,,1.0
2,acetone_hl_gap_eV,215,0.9999998807907104,0.0,0.6984025566301868,0.6984025566301868,,,,1.0
2,acetone_hl_gap_eV,216,0.9999998807907104,0.0,0.6984025566301868,0.6984025566301868,,,,1.0
2,acetone_hl_gap_eV,217,0.9999998807907104,0.0,0.6984025566301868,0.6984025566301868,,,,1.0
2,acetone_hl_gap_eV,218,0.9999998807907104,0.0,0.6984025566301868,0.6984025566301868,,,,1.0
2,acetone_hl_gap_eV,219,0.9999998807907104,0.0,0.6984025566301868,0.6984025566301868,,,,1.0
2,acetone_hl_gap_eV,220,0.9999998807907104,0.0,0.6984025566301868,0.6984025566301868,,,,1.0
2,acetone_hl_gap_eV,221,0.9999998807907104,0.0,0.6984025566301868,0.6984025566301868,,,,1.0
2,acetone_hl_gap_eV,222,0.9999998807907104,0.0,0.6984025566301868,0.6984025566301868,,,,1.0
2,acetone_hl_gap_eV,223,0.9999998807907104,0.0,0.6984025566301868,0.6984025566301868,,,,1.0
2,acetone_hl_gap_eV,224,0.9999998807907104,0.0,0.6984025566301868,0.6984025566301868,,,,1.0
2,acetone_hl_gap_eV,225,0.9999998807907104,0.0,0.6984025566301868,0.6984025566301868,,,,1.0
2,acetone_hl_gap_eV,226,0.9999998807907104,0.0,0.6984025566301868,0.6984025566301868,,,,1.0
2,acetone_hl_gap_eV,227,0.9999998807907104,0.0,0.6984025566301868,0.6984025566301868,,,,1.0
2,acetone_hl_gap_eV,228,0.9999998807907104,0.0,0.6984025566301868,0.6984025566301868,,,,1.0
2,acetone_hl_gap_eV,229,0.9999998807907104,0.0,0.6984025566301868,0.6984025566301868,,,,1.0
2,acetone_hl_gap_eV,230,0.9999998807907104,0.0,0.6984025566301868,0.6984025566301868,,,,1.0
2,acetone_hl_gap_eV,231,0.9999998807907104,0.0,0.6984025566301868,0.6984025566301868,,,,1.0
2,acetone_hl_gap_eV,232,0.9999998807907104,0.0,0.6984025566301868,0.6984025566301868,,,,1.0
2,acetone_hl_gap_eV,233,0.9999998807907104,0.0,0.6984025566301868,0.6984025566301868,,,,1.0
2,acetone_hl_gap_eV,234,0.9999998807907104,0.0,0.6984025566301868,0.6984025566301868,,,,1.0
2,acetone_hl_gap_eV,235,0.9999998807907104,0.0,0.6984025566301868,0.6984025566301868,,,,1.0
2,acetone_hl_gap_eV,236,0.9999998807907104,0.0,0.6984025566301868,0.6984025566301868,,,,1.0
2,acetone_hl_gap_eV,237,0.9999998807907104,0.0,0.6984025566301868,0.6984025566301868,,,,1.0
2,acetone_hl_gap_eV,238,0.9999998807907104,0.0,0.6984025566301868,0.6984025566301868,,,,1.0
2,acetone_hl_gap_eV,239,0.9999998807907104,0.0,0.6984025566301868,0.6984025566301868,,,,1.0
2,acetone_hl_gap_eV,240,0.9999998807907104,0.0,0.6984025566301868,0.6984025566301868,,,,1.0
2,acetone_hl_gap_eV,241,0.9999998807907104,0.0,0.6984025566301868,0.6984025566301868,,,,1.0
2,acetone_hl_gap_eV,242,0.9999998807907104,0.0,0.6984025566301868,0.6984025566301868,,,,1.0
2,acetone_hl_gap_eV,243,0.9999998807907104,0.0,0.6984025566301868,0.6984025566301868,,,,1.0
2,acetone_hl_gap_eV,244,0.9999998807907104,0.0,0.6984025566301868,0.6984025566301868,,,,1.0
2,acetone_hl_gap_eV,245,0.9999998807907104,0.0,0.6984025566301868,0.6984025566301868,,,,1.0
2,acetone_hl_gap_eV,246,0.9999998807907104,0.0,0.6984025566301868,0.6984025566301868,,,,1.0
2,acetone_hl_gap_eV,247,0.9999998807907104,0.0,0.6984025566301868,0.6984025566301868,,,,1.0
2,acetone_hl_gap_eV,248,0.9999998807907104,0.0,0.6984025566301868,0.6984025566301868,,,,1.0
2,acetone_hl_gap_eV,249,0.9999998807907104,0.0,0.6984025566301868,0.6984025566301868,,,,1.0
2,acetone_dipole,0,1.0,0.0,0.6328583532606964,0.6328583532606964,,,,1.0
2,acetone_dipole,1,1.0,0.0,0.6328583532606964,0.6328583532606964,,,,1.0
2,acetone_dipole,2,1.0,0.0,0.6328583532606964,0.6328583532606964,,,,1.0
2,acetone_dipole,3,1.0,0.0,0.6328583532606964,0.6328583532606964,,,,1.0
2,acetone_dipole,4,1.0,0.0,0.6328583532606964,0.6328583532606964,,,,1.0
2,acetone_dipole,5,1.0,0.0,0.6328583532606964,0.6328583532606964,,,,1.0
2,acetone_dipole,6,1.0,0.0,0.6328583532606964,0.6328583532606964,,,,1.0
2,acetone_dipole,7,1.0,0.0,0.6328583532606964,0.6328583532606964,,,,1.0
2,acetone_dipole,8,1.0,0.0,0.6328583532606964,0.6328583532606964,,,,1.0
2,acetone_dipole,9,1.0,0.0,0.6328583532606964,0.6328583532606964,,,,1.0
2,acetone_dipole,10,1.0,0.0,0.6328583532606964,0.6328583532606964,,,,1.0
2,acetone_dipole,11,1.0,0.0,0.6328583532606964,0.6328583532606964,,,,1.0
2,acetone_dipole,12,1.0,0.0,0.6328583532606964,0.6328583532606964,,,,1.0
2,acetone_dipole,13,1.0,0.0,0.6328583532606964,0.6328583532606964,,,,1.0
2,acetone_dipole,14,1.0,0.0,0.6328583532606964,0.6328583532606964,,,,1.0
2,acetone_dipole,15,1.0,0.0,0.6328583532606964,0.6328583532606964,,,,1.0
2,acetone_dipole,16,1.0,0.0,0.6328583532606964,0.6328583532606964,,,,1.0
2,acetone_dipole,17,1.0,0.0,0.6328583532606964,0.6328583532606964,,,,1.0
2,acetone_dipole,18,1.0,0.0,0.6328583532606964,0.6328583532606964,,,,1.0
2,acetone_dipole,19,1.0,0.0,0.6328583532606964,0.6328583532606964,,,,1.0
2,acetone_dipole,20,1.0,0.0,0.6328583532606964,0.6328583532606964,,,,1.0
2,acetone_dipole,21,1.0,0.0,0.6328583532606964,0.6328583532606964,,,,1.0
2,acetone_dipole,22,1.0,0.0,0.6328583532606964,0.6328583532606964,,,,1.0
2,acetone_dipole,23,1.0,0.0,0.6328583532606964,0.6328583532606964,,,,1.0
2,acetone_dipole,24,1.0,0.0,0.6328583532606964,0.6328583532606964,,,,1.0
2,acetone_dipole,25,1.0,0.0,0.6328583532606964,0.6328583532606964,,,,1.0
2,acetone_dipole,26,1.0,0.0,0.6328583532606964,0.6328583532606964,,,,1.0
2,acetone_dipole,27,1.0,0.0,0.6328583532606964,0.6328583532606964,,,,1.0
2,acetone_dipole,28,1.0,0.0,0.6328583532606964,0.6328583532606964,,,,1.0
2,acetone_dipole,29,1.0,0.0,0.6328583532606964,0.6328583532606964,,,,1.0
2,acetone_dipole,30,1.0,0.0,0.6328583532606964,0.6328583532606964,,,,1.0
2,acetone_dipole,31,1.0,0.0,0.6328583532606964,0.6328583532606964,,,,1.0
2,acetone_dipole,32,1.0,0.0,0.6328583532606964,0.6328583532606964,,,,1.0
2,acetone_dipole,33,1.0,0.0,0.6328583532606964,0.6328583532606964,,,,1.0
2,acetone_dipole,34,1.0,0.0,0.6328583532606964,0.6328583532606964,,,,1.0
2,acetone_dipole,35,1.0,0.0,0.6328583532606964,0.6328583532606964,,,,1.0
2,acetone_dipole,36,1.0,0.0,0.6328583532606964,0.6328583532606964,,,,1.0
2,acetone_dipole,37,1.0,0.0,0.6328583532606964,0.6328583532606964,,,,1.0
2,acetone_dipole,38,1.0,0.0,0.6328583532606964,0.6328583532606964,,,,1.0
2,acetone_dipole,39,1.0,0.0,0.6328583532606964,0.6328583532606964,,,,1.0
2,acetone_dipole,40,1.0,0.0,0.6328583532606964,0.6328583532606964,,,,1.0
2,acetone_dipole,41,1.0,0.0,0.6328583532606964,0.6328583532606964,,,,1.0
2,acetone_dipole,42,1.0,0.0,0.6328583532606964,0.6328583532606964,,,,1.0
2,acetone_dipole,43,1.0,0.0,0.6328583532606964,0.6328583532606964,,,,1.0
2,acetone_dipole,44,1.0,0.0,0.6328583532606964,0.6328583532606964,,,,1.0
2,acetone_dipole,45,1.0,0.0,0.6328583532606964,0.6328583532606964,,,,1.0
2,acetone_dipole,46,1.0,0.0,0.6328583532606964,0.6328583532606964,,,,1.0
2,acetone_dipole,47,1.0,0.0,0.6328583532606964,0.6328583532606964,,,,1.0
2,acetone_dipole,48,1.0,0.0,0.6328583532606964,0.6328583532606964,,,,1.0
2,acetone_dipole,49,1.0,0.0,0.6328583532606964,0.6328583532606964,,,,1.0
2,acetone_dipole,50,1.0,0.0,0.6328583532606964,0.6328583532606964,,,,1.0
2,acetone_dipole,51,1.0,0.0,0.6328583532606964,0.6328583532606964,,,,1.0
2,acetone_dipole,52,1.0,0.0,0.6328583532606964,0.6328583532606964,,,,1.0
2,acetone_dipole,53,1.0,0.0,0.6328583532606964,0.6328583532606964,,,,1.0
2,acetone_dipole,54,1.0,0.0,0.6328583532606964,0.6328583532606964,,,,1.0
2,acetone_dipole,55,1.0,0.0,0.6328583532606964,0.6328583532606964,,,,1.0
2,acetone_dipole,56,1.0,0.0,0.6328583532606964,0.6328583532606964,,,,1.0
2,acetone_dipole,57,1.0,0.0,0.6328583532606964,0.6328583532606964,,,,1.0
2,acetone_dipole,58,1.0,0.0,0.6328583532606964,0.6328583532606964,,,,1.0
2,acetone_dipole,59,1.0,0.0,0.6328583532606964,0.6328583532606964,,,,1.0
2,acetone_dipole,60,1.0,0.0,0.6328583532606964,0.6328583532606964,,,,1.0
2,acetone_dipole,61,1.0,0.0,0.6328583532606964,0.6328583532606964,,,,1.0
2,acetone_dipole,62,1.0,0.0,0.6328583532606964,0.6328583532606964,,,,1.0
2,acetone_dipole,63,1.0,0.0,0.6328583532606964,0.6328583532606964,,,,1.0
2,acetone_dipole,64,1.0,0.0,0.6328583532606964,0.6328583532606964,,,,1.0
2,acetone_dipole,65,1.0,0.0,0.6328583532606964,0.6328583532606964,,,,1.0
2,acetone_dipole,66,1.0,0.0,0.6328583532606964,0.6328583532606964,,,,1.0
2,acetone_dipole,67,1.0,0.0,0.6328583532606964,0.6328583532606964,,,,1.0
2,acetone_dipole,68,1.0,0.0,0.6328583532606964,0.6328583532606964,,,,1.0
2,acetone_dipole,69,1.0,0.0,0.6328583532606964,0.6328583532606964,,,,1.0
2,acetone_dipole,70,1.0,0.0,0.6328583532606964,0.6328583532606964,,,,1.0
2,acetone_dipole,71,1.0,0.0,0.6328583532606964,0.6328583532606964,,,,1.0
2,acetone_dipole,72,1.0,0.0,0.6328583532606964,0.6328583532606964,,,,1.0
2,acetone_dipole,73,1.0,0.0,0.6328583532606964,0.6328583532606964,,,,1.0
2,acetone_dipole,74,1.0,0.0,0.6328583532606964,0.6328583532606964,,,,1.0
2,acetone_dipole,75,1.0,0.0,0.6328583532606964,0.6328583532606964,,,,1.0
2,acetone_dipole,76,1.0,0.0,0.6328583532606964,0.6328583532606964,,,,1.0
2,acetone_dipole,77,1.0,0.0,0.6328583532606964,0.6328583532606964,,,,1.0
2,acetone_dipole,78,1.0,0.0,0.6328583532606964,0.6328583532606964,,,,1.0
2,acetone_dipole,79,1.0,0.0,0.6328583532606964,0.6328583532606964,,,,1.0
2,acetone_dipole,80,1.0,0.0,0.6328583532606964,0.6328583532606964,,,,1.0
2,acetone_dipole,81,1.0,0.0,0.6328583532606964,0.6328583532606964,,,,1.0
2,acetone_dipole,82,1.0,0.0,0.6328583532606964,0.6328583532606964,,,,1.0
2,acetone_dipole,83,1.0,0.0,0.6328583532606964,0.6328583532606964,,,,1.0
2,acetone_dipole,84,1.0,0.0,0.6328583532606964,0.6328583532606964,,,,1.0
2,acetone_dipole,85,1.0,0.0,0.6328583532606964,0.6328583532606964,,,,1.0
2,acetone_dipole,86,1.0,0.0,0.6328583532606964,0.6328583532606964,,,,1.0
2,acetone_dipole,87,1.0,0.0,0.6328583532606964,0.6328583532606964,,,,1.0
2,acetone_dipole,88,1.0,0.0,0.6328583532606964,0.6328583532606964,,,,1.0
2,acetone_dipole,89,1.0,0.0,0.6328583532606964,0.6328583532606964,,,,1.0
2,acetone_dipole,90,1.0,0.0,0.6328583532606964,0.6328583532606964,,,,1.0
2,acetone_dipole,91,1.0,0.0,0.6328583532606964,0.6328583532606964,,,,1.0
2,acetone_dipole,92,1.0,0.0,0.6328583532606964,0.6328583532606964,,,,1.0
2,acetone_dipole,93,1.0,0.0,0.6328583532606964,0.6328583532606964,,,,1.0
2,acetone_dipole,94,1.0,0.0,0.6328583532606964,0.6328583532606964,,,,1.0
2,acetone_dipole,95,1.0,0.0,0.6328583532606964,0.6328583532606964,,,,1.0
2,acetone_dipole,96,1.0,0.0,0.6328583532606964,0.6328583532606964,,,,1.0
2,acetone_dipole,97,1.0,0.0,0.6328583532606964,0.6328583532606964,,,,1.0
2,acetone_dipole,98,1.0,0.0,0.6328583532606964,0.6328583532606964,,,,1.0
2,acetone_dipole,99,1.0,0.0,0.6328583532606964,0.6328583532606964,,,,1.0
2,acetone_dipole,100,1.0,0.0,0.6328583532606964,0.6328583532606964,,,,1.0
2,acetone_dipole,101,1.0,0.0,0.6328583532606964,0.6328583532606964,,,,1.0
2,acetone_dipole,102,1.0,0.0,0.6328583532606964,0.6328583532606964,,,,1.0
2,acetone_dipole,103,1.0,0.0,0.6328583532606964,0.6328583532606964,,,,1.0
2,acetone_dipole,104,1.0,0.0,0.6328583532606964,0.6328583532606964,,,,1.0
2,acetone_dipole,105,1.0,0.0,0.6328583532606964,0.6328583532606964,,,,1.0
2,acetone_dipole,106,1.0,0.0,0.6328583532606964,0.6328583532606964,,,,1.0
2,acetone_dipole,107,1.0,0.0,0.6328583532606964,0.6328583532606964,,,,1.0
2,acetone_dipole,108,1.0,0.0,0.6328583532606964,0.6328583532606964,,,,1.0
2,acetone_dipole,109,1.0,0.0,0.6328583532606964,0.6328583532606964,,,,1.0
2,acetone_dipole,110,1.0,0.0,0.6328583532606964,0.6328583532606964,,,,1.0
2,acetone_dipole,111,1.0,0.0,0.6328583532606964,0.6328583532606964,,,,1.0
2,acetone_dipole,112,1.0,0.0,0.6328583532606964,0.6328583532606964,,,,1.0
2,acetone_dipole,113,1.0,0.0,0.6328583532606964,0.6328583532606964,,,,1.0
2,acetone_dipole,114,1.0,0.0,0.6328583532606964,0.6328583532606964,,,,1.0
2,acetone_dipole,115,1.0,0.0,0.6328583532606964,0.6328583532606964,,,,1.0
2,acetone_dipole,116,1.0,0.0,0.6328583532606964,0.6328583532606964,,,,1.0
2,acetone_dipole,117,1.0,0.0,0.6328583532606964,0.6328583532606964,,,,1.0
2,acetone_dipole,118,1.0,0.0,0.6328583532606964,0.6328583532606964,,,,1.0
2,acetone_dipole,119,1.0,0.0,0.6328583532606964,0.6328583532606964,,,,1.0
2,acetone_dipole,120,1.0,0.0,0.6328583532606964,0.6328583532606964,,,,1.0
2,acetone_dipole,121,1.0,0.0,0.6328583532606964,0.6328583532606964,,,,1.0
2,acetone_dipole,122,1.0,0.0,0.6328583532606964,0.6328583532606964,,,,1.0
2,acetone_dipole,123,1.0,0.0,0.6328583532606964,0.6328583532606964,,,,1.0
2,acetone_dipole,124,1.0,0.0,0.6328583532606964,0.6328583532606964,,,,1.0
2,acetone_dipole,125,1.0,0.0,0.6328583532606964,0.6328583532606964,,,,1.0
2,acetone_dipole,126,1.0,0.0,0.6328583532606964,0.6328583532606964,,,,1.0
2,acetone_dipole,127,1.0,0.0,0.6328583532606964,0.6328583532606964,,,,1.0
2,acetone_dipole,128,1.0,0.0,0.6328583532606964,0.6328583532606964,,,,1.0
2,acetone_dipole,129,1.0,0.0,0.6328583532606964,0.6328583532606964,,,,1.0
2,acetone_dipole,130,1.0,0.0,0.6328583532606964,0.6328583532606964,,,,1.0
2,acetone_dipole,131,1.0,0.0,0.6328583532606964,0.6328583532606964,,,,1.0
2,acetone_dipole,132,1.0,0.0,0.6328583532606964,0.6328583532606964,,,,1.0
2,acetone_dipole,133,1.0,0.0,0.6328583532606964,0.6328583532606964,,,,1.0
2,acetone_dipole,134,1.0,0.0,0.6328583532606964,0.6328583532606964,,,,1.0
2,acetone_dipole,135,1.0,0.0,0.6328583532606964,0.6328583532606964,,,,1.0
2,acetone_dipole,136,1.0,0.0,0.6328583532606964,0.6328583532606964,,,,1.0
2,acetone_dipole,137,1.0,0.0,0.6328583532606964,0.6328583532606964,,,,1.0
2,acetone_dipole,138,1.0,0.0,0.6328583532606964,0.6328583532606964,,,,1.0
2,acetone_dipole,139,1.0,0.0,0.6328583532606964,0.6328583532606964,,,,1.0
2,acetone_dipole,140,1.0,0.0,0.6328583532606964,0.6328583532606964,,,,1.0
2,acetone_dipole,141,1.0,0.0,0.6328583532606964,0.6328583532606964,,,,1.0
2,acetone_dipole,142,1.0,0.0,0.6328583532606964,0.6328583532606964,,,,1.0
2,acetone_dipole,143,1.0,0.0,0.6328583532606964,0.6328583532606964,,,,1.0
2,acetone_dipole,144,1.0,0.0,0.6328583532606964,0.6328583532606964,,,,1.0
2,acetone_dipole,145,1.0,0.0,0.6328583532606964,0.6328583532606964,,,,1.0
2,acetone_dipole,146,1.0,0.0,0.6328583532606964,0.6328583532606964,,,,1.0
2,acetone_dipole,147,1.0,0.0,0.6328583532606964,0.6328583532606964,,,,1.0
2,acetone_dipole,148,1.0,0.0,0.6328583532606964,0.6328583532606964,,,,1.0
2,acetone_dipole,149,1.0,0.0,0.6328583532606964,0.6328583532606964,,,,1.0
2,acetone_dipole,150,1.0,0.0,0.6328583532606964,0.6328583532606964,,,,1.0
2,acetone_dipole,151,1.0,0.0,0.6328583532606964,0.6328583532606964,,,,1.0
2,acetone_dipole,152,1.0,0.0,0.6328583532606964,0.6328583532606964,,,,1.0
2,acetone_dipole,153,1.0,0.0,0.6328583532606964,0.6328583532606964,,,,1.0
2,acetone_dipole,154,1.0,0.0,0.6328583532606964,0.6328583532606964,,,,1.0
2,acetone_dipole,155,1.0,0.0,0.6328583532606964,0.6328583532606964,,,,1.0
2,acetone_dipole,156,1.0,0.0,0.6328583532606964,0.6328583532606964,,,,1.0
2,acetone_dipole,157,1.0,0.0,0.6328583532606964,0.6328583532606964,,,,1.0
2,acetone_dipole,158,1.0,0.0,0.6328583532606964,0.6328583532606964,,,,1.0
2,acetone_dipole,159,1.0,0.0,0.6328583532606964,0.6328583532606964,,,,1.0
2,acetone_dipole,160,1.0,0.0,0.6328583532606964,0.6328583532606964,,,,1.0
2,acetone_dipole,161,1.0,0.0,0.6328583532606964,0.6328583532606964,,,,1.0
2,acetone_dipole,162,1.0,0.0,0.6328583532606964,0.6328583532606964,,,,1.0
2,acetone_dipole,163,1.0,0.0,0.6328583532606964,0.6328583532606964,,,,1.0
2,acetone_dipole,164,1.0,0.0,0.6328583532606964,0.6328583532606964,,,,1.0
2,acetone_dipole,165,1.0,0.0,0.6328583532606964,0.6328583532606964,,,,1.0
2,acetone_dipole,166,1.0,0.0,0.6328583532606964,0.6328583532606964,,,,1.0
2,acetone_dipole,167,1.0,0.0,0.6328583532606964,0.6328583532606964,,,,1.0
2,acetone_dipole,168,1.0,0.0,0.6328583532606964,0.6328583532606964,,,,1.0
2,acetone_dipole,169,1.0,0.0,0.6328583532606964,0.6328583532606964,,,,1.0
2,acetone_dipole,170,1.0,0.0,0.6328583532606964,0.6328583532606964,,,,1.0
2,acetone_dipole,171,1.0,0.0,0.6328583532606964,0.6328583532606964,,,,1.0
2,acetone_dipole,172,1.0,0.0,0.6328583532606964,0.6328583532606964,,,,1.0
2,acetone_dipole,173,1.0,0.0,0.6328583532606964,0.6328583532606964,,,,1.0
2,acetone_dipole,174,1.0,0.0,0.6328583532606964,0.6328583532606964,,,,1.0
2,acetone_dipole,175,1.0,0.0,0.6328583532606964,0.6328583532606964,,,,1.0
2,acetone_dipole,176,1.0,0.0,0.6328583532606964,0.6328583532606964,,,,1.0
2,acetone_dipole,177,1.0,0.0,0.6328583532606964,0.6328583532606964,,,,1.0
2,acetone_dipole,178,1.0,0.0,0.6328583532606964,0.6328583532606964,,,,1.0
2,acetone_dipole,179,1.0,0.0,0.6328583532606964,0.6328583532606964,,,,1.0
2,acetone_dipole,180,1.0,0.0,0.6328583532606964,0.6328583532606964,,,,1.0
2,acetone_dipole,181,1.0,0.0,0.6328583532606964,0.6328583532606964,,,,1.0
2,acetone_dipole,182,1.0,0.0,0.6328583532606964,0.6328583532606964,,,,1.0
2,acetone_dipole,183,1.0,0.0,0.6328583532606964,0.6328583532606964,,,,1.0
2,acetone_dipole,184,1.0,0.0,0.6328583532606964,0.6328583532606964,,,,1.0
2,acetone_dipole,185,1.0,0.0,0.6328583532606964,0.6328583532606964,,,,1.0
2,acetone_dipole,186,1.0,0.0,0.6328583532606964,0.6328583532606964,,,,1.0
2,acetone_dipole,187,1.0,0.0,0.6328583532606964,0.6328583532606964,,,,1.0
2,acetone_dipole,188,1.0,0.0,0.6328583532606964,0.6328583532606964,,,,1.0
2,acetone_dipole,189,1.0,0.0,0.6328583532606964,0.6328583532606964,,,,1.0
2,acetone_dipole,190,1.0,0.0,0.6328583532606964,0.6328583532606964,,,,1.0
2,acetone_dipole,191,1.0,0.0,0.6328583532606964,0.6328583532606964,,,,1.0
2,acetone_dipole,192,1.0,0.0,0.6328583532606964,0.6328583532606964,,,,1.0
2,acetone_dipole,193,1.0,0.0,0.6328583532606964,0.6328583532606964,,,,1.0
2,acetone_dipole,194,1.0,0.0,0.6328583532606964,0.6328583532606964,,,,1.0
2,acetone_dipole,195,1.0,0.0,0.6328583532606964,0.6328583532606964,,,,1.0
2,acetone_dipole,196,1.0,0.0,0.6328583532606964,0.6328583532606964,,,,1.0
2,acetone_dipole,197,1.0,0.0,0.6328583532606964,0.6328583532606964,,,,1.0
2,acetone_dipole,198,1.0,0.0,0.6328583532606964,0.6328583532606964,,,,1.0
2,acetone_dipole,199,1.0,0.0,0.6328583532606964,0.6328583532606964,,,,1.0
2,acetone_dipole,200,1.0,0.0,0.6328583532606964,0.6328583532606964,,,,1.0
2,acetone_dipole,201,1.0,0.0,0.6328583532606964,0.6328583532606964,,,,1.0
2,acetone_dipole,202,1.0,0.0,0.6328583532606964,0.6328583532606964,,,,1.0
2,acetone_dipole,203,1.0,0.0,0.6328583532606964,0.6328583532606964,,,,1.0
2,acetone_dipole,204,1.0,0.0,0.6328583532606964,0.6328583532606964,,,,1.0
2,acetone_dipole,205,1.0,0.0,0.6328583532606964,0.6328583532606964,,,,1.0
2,acetone_dipole,206,1.0,0.0,0.6328583532606964,0.6328583532606964,,,,1.0
2,acetone_dipole,207,1.0,0.0,0.6328583532606964,0.6328583532606964,,,,1.0
2,acetone_dipole,208,1.0,0.0,0.6328583532606964,0.6328583532606964,,,,1.0
2,acetone_dipole,209,1.0,0.0,0.6328583532606964,0.6328583532606964,,,,1.0
2,acetone_dipole,210,1.0,0.0,0.6328583532606964,0.6328583532606964,,,,1.0
2,acetone_dipole,211,1.0,0.0,0.6328583532606964,0.6328583532606964,,,,1.0
2,acetone_dipole,212,1.0,0.0,0.6328583532606964,0.6328583532606964,,,,1.0
2,acetone_dipole,213,1.0,0.0,0.6328583532606964,0.6328583532606964,,,,1.0
2,acetone_dipole,214,1.0,0.0,0.6328583532606964,0.6328583532606964,,,,1.0
2,acetone_dipole,215,1.0,0.0,0.6328583532606964,0.6328583532606964,,,,1.0
2,acetone_dipole,216,1.0,0.0,0.6328583532606964,0.6328583532606964,,,,1.0
2,acetone_dipole,217,1.0,0.0,0.6328583532606964,0.6328583532606964,,,,1.0
2,acetone_dipole,218,1.0,0.0,0.6328583532606964,0.6328583532606964,,,,1.0
2,acetone_dipole,219,1.0,0.0,0.6328583532606964,0.6328583532606964,,,,1.0
2,acetone_dipole,220,1.0,0.0,0.6328583532606964,0.6328583532606964,,,,1.0
2,acetone_dipole,221,1.0,0.0,0.6328583532606964,0.6328583532606964,,,,1.0
2,acetone_dipole,222,1.0,0.0,0.6328583532606964,0.6328583532606964,,,,1.0
2,acetone_dipole,223,1.0,0.0,0.6328583532606964,0.6328583532606964,,,,1.0
2,acetone_dipole,224,1.0,0.0,0.6328583532606964,0.6328583532606964,,,,1.0
2,acetone_dipole,225,1.0,0.0,0.6328583532606964,0.6328583532606964,,,,1.0
2,acetone_dipole,226,1.0,0.0,0.6328583532606964,0.6328583532606964,,,,1.0
2,acetone_dipole,227,1.0,0.0,0.6328583532606964,0.6328583532606964,,,,1.0
2,acetone_dipole,228,1.0,0.0,0.6328583532606964,0.6328583532606964,,,,1.0
2,acetone_dipole,229,1.0,0.0,0.6328583532606964,0.6328583532606964,,,,1.0
2,acetone_dipole,230,1.0,0.0,0.6328583532606964,0.6328583532606964,,,,1.0
2,acetone_dipole,231,1.0,0.0,0.6328583532606964,0.6328583532606964,,,,1.0
2,acetone_dipole,232,1.0,0.0,0.6328583532606964,0.6328583532606964,,,,1.0
2,acetone_dipole,233,1.0,0.0,0.6328583532606964,0.6328583532606964,,,,1.0
2,acetone_dipole,234,1.0,0.0,0.6328583532606964,0.6328583532606964,,,,1.0
2,acetone_dipole,235,1.0,0.0,0.6328583532606964,0.6328583532606964,,,,1.0
2,acetone_dipole,236,1.0,0.0,0.6328583532606964,0.6328583532606964,,,,1.0
2,acetone_dipole,237,1.0,0.0,0.6328583532606964,0.6328583532606964,,,,1.0
2,acetone_dipole,238,1.0,0.0,0.6328583532606964,0.6328583532606964,,,,1.0
2,acetone_dipole,239,1.0,0.0,0.6328583532606964,0.6328583532606964,,,,1.0
2,acetone_dipole,240,1.0,0.0,0.6328583532606964,0.6328583532606964,,,,1.0
2,acetone_dipole,241,1.0,0.0,0.6328583532606964,0.6328583532606964,,,,1.0
2,acetone_dipole,242,1.0,0.0,0.6328583532606964,0.6328583532606964,,,,1.0
2,acetone_dipole,243,1.0,0.0,0.6328583532606964,0.6328583532606964,,,,1.0
2,acetone_dipole,244,1.0,0.0,0.6328583532606964,0.6328583532606964,,,,1.0
2,acetone_dipole,245,1.0,0.0,0.6328583532606964,0.6328583532606964,,,,1.0
2,acetone_dipole,246,1.0,0.0,0.6328583532606964,0.6328583532606964,,,,1.0
2,acetone_dipole,247,1.0,0.0,0.6328583532606964,0.6328583532606964,,,,1.0
2,acetone_dipole,248,1.0,0.0,0.6328583532606964,0.6328583532606964,,,,1.0
2,acetone_dipole,249,1.0,0.0,0.6328583532606964,0.6328583532606964,,,,1.0
2,octanol_gsolv_eV,0,0.2623240649700165,0.00893449131399393,0.6620215486251422,0.932901555191801,1.5012884140014648,0.22014737129211426,0.1466389597354872,0.14
2,octanol_gsolv_eV,1,0.35308709740638733,0.004142211750149727,0.6445532812632933,0.9402022914422334,0.6138289570808411,0.08021651953458786,0.1306822016283982,0.14
2,octanol_gsolv_eV,2,0.9031023383140564,0.006202939432114363,0.724721384126122,0.9631651604263478,1.0758322477340698,1.247429609298706,1.1595019687558692,0.7
2,octanol_gsolv_eV,3,0.4451935887336731,0.006739596836268902,0.658874676393401,0.895843904330804,1.1126394271850586,0.33180883526802063,0.2982177578476489,0.2
2,octanol_gsolv_eV,4,0.5140810012817383,0.0068012685514986515,0.6588032406654987,0.9230387974843122,1.1584092378616333,0.2071230411529541,0.1787995419781813,0.3
2,octanol_gsolv_eV,5,0.18145276606082916,0.016720890998840332,0.622190007055907,0.9476328850786089,2.3426952362060547,0.19304002821445465,0.08240082842661126,0.12
2,octanol_gsolv_eV,6,0.3811546564102173,0.006564442999660969,0.6570019214033016,0.919456598348174,1.0704267024993896,0.276795893907547,0.2585846310272747,0.24
2,octanol_gsolv_eV,7,0.18878602981567383,0.011455557309091091,0.6369663225543811,0.9194331832317806,1.8062971830368042,0.16225796937942505,0.08982905520930493,0.18
2,octanol_gsolv_eV,8,0.8436775803565979,0.007826275192201138,0.7026196924890582,0.9284926389054182,1.3903552293777466,0.9922932386398315,0.7136976347288831,0.8
2,octanol_gsolv_eV,9,0.18712343275547028,0.0031485517974942923,0.656598609220701,0.9674226063340912,0.4692469537258148,0.008287627249956131,0.017661547260248524,0.24
2,octanol_gsolv_eV,10,0.03391537070274353,0.00924155954271555,0.6331292641037471,0.9607062383313509,1.4436441659927368,0.0033425858709961176,0.00231538072174285,0.08
2,octanol_gsolv_eV,11,0.11269624531269073,0.014830073341727257,0.6416951822601553,0.9652822781694606,2.2678773403167725,0.010345369577407837,0.004561697140094366,0.16
2,octanol_gsolv_eV,12,0.14282357692718506,0.013461586087942123,0.664649139424855,0.9352186694618478,2.2938804626464844,0.06339497864246368,0.027636565930433857,0.08
2,octanol_gsolv_eV,13,0.4811154901981354,0.004391373135149479,0.6247999581333827,0.9137321439294752,0.6544448137283325,0.12065794318914413,0.18436687197773505,0.34
2,octanol_gsolv_eV,14,0.13655617833137512,0.007425488438457251,0.6538255037084792,0.9544355304684278,1.1821262836456299,0.028964396566152573,0.024501947860280662,0.16
2,octanol_gsolv_eV,15,0.20058457553386688,0.010444228537380695,0.640324577983018,0.9275504394265535,1.563367247581482,0.11220831423997879,0.07177348407008287,0.14
2,octanol_gsolv_eV,16,0.5342937707901001,0.006720505654811859,0.6558589156696479,0.9271863240562979,1.0620602369308472,0.2566562294960022,0.2416588255273449,0.4
2,octanol_gsolv_eV,17,0.18428856134414673,0.004164481535553932,0.6513404945935202,0.9503714224804296,0.605936586856842,0.05050404742360115,0.08334873404093221,0.2
2,octanol_gsolv_eV,18,0.3621108829975128,0.01101615373045206,0.644055877373301,0.9524228300629927,1.7708886861801147,0.013992413878440857,0.007901351444411288,0.3
2,octanol_gsolv_eV,19,0.5220485329627991,0.003995581995695829,0.6740272441651163,0.9091550440840643,0.6242738366127014,0.2736395001411438,0.43833248182545465,0.3
2,octanol_gsolv_eV,20,0.4773685336112976,0.005607149098068476,0.6454023351010876,0.900950316092352,0.8516901731491089,0.3111288249492645,0.3653075199856673,0.4
2,octanol_gsolv_eV,21,0.10018683969974518,0.009629732929170132,0.6568663490631437,0.9512105625132421,1.6036096811294556,0.00607878714799881,0.003790689978696932,0.1
2,octanol_gsolv_eV,22,0.3871237337589264,0.010034562088549137,0.6418710624459494,0.937620486034153,1.5871915817260742,0.29913145303726196,0.18846587676073476,0.26
2,octanol_gsolv_eV,23,0.3363189101219177,0.007875414565205574,0.6468055188965189,0.894776255611256,1.2843846082687378,0.22137635946273804,0.17235986638078618,0.18
2,octanol_gsolv_eV,24,0.4887441396713257,0.005502758547663689,0.6565899990944792,0.9228233037465454,0.8663637638092041,0.17264766991138458,0.19927849838997433,0.38
2,octanol_gsolv_eV,25,0.3294503688812256,0.008871875703334808,0.6377278218288258,0.9577528907135788,1.3850964307785034,0.03349441662430763,0.02418201063840866,0.34
2,octanol_gsolv_eV,26,0.39602357149124146,0.0059805382043123245,0.6717075715053338,0.9606762375871394,0.9854497313499451,0.28218206763267517,0.286348515460165,0.32
2,octanol_gsolv_eV,27,0.1844210922718048,0.005841649137437344,0.6538163449695389,0.9525151582441092,0.9286169409751892,0.08830507844686508,0.09509311595600582,0.14
2,octanol_gsolv_eV,28,0.26390424370765686,0.005139517597854137,0.6547089361424039,0.935475287087574,0.7970886826515198,0.16219735145568848,0.20348720912224988,0.16
2,octanol_gsolv_eV,29,0.2613179087638855,0.006480685900896788,0.6621295593625172,0.9180014238291403,1.0707213878631592,0.14905476570129395,0.1392096649892862,0.14
2,octanol_gsolv_eV,30,0.21123529970645905,0.011535290628671646,0.6465483156416427,0.9087305107020558,1.9170633554458618,0.21794460713863373,0.11368670029579965,0.14
2,octanol_gsolv_eV,31,0.18396338820457458,0.013559089042246342,0.629020160846369,0.8986268662773853,2.076698064804077,0.16502593457698822,0.0794655406935901,0.14
2,octanol_gsolv_eV,32,0.24411366879940033,0.006385070737451315,0.656389306074745,0.9478634499703911,1.031923770904541,0.11152170598506927,0.1080716513462172,0.1
2,octanol_gsolv_eV,33,0.2376336306333542,0.010319526307284832,0.6275739285698458,0.9201500751708438,1.4106436967849731,0.2121020406484604,0.1503583372129096,0.16
2,octanol_gsolv_eV,34,0.36402642726898193,0.00987988617271185,0.6542319197670365,0.9449441044724685,1.6105108261108398,0.09148997813463211,0.05680804913032948,0.38
2,octanol_gsolv_eV,35,0.07280542701482773,0.01991943269968033,0.6266214903157117,0.9503700594392877,3.107290267944336,0.02086939662694931,0.006716268783204378,0.06
2,octanol_gsolv_eV,36,0.2663291394710541,0.0070109134539961815,0.65076831502514,0.9174489586328711,1.1268200874328613,0.1593625545501709,0.14142679592554397,0.18
2,octanol_gsolv_eV,37,0.2121909260749817,0.010860921815037727,0.6392079818336363,0.9314563047112963,1.7030164003372192,0.15119387209415436,0.08878004466910361,0.14
2,octanol_gsolv_eV,38,0.5256993174552917,0.0036555719561874866,0.6659541207701147,0.9161000315916805,0.546513557434082,0.20781521499156952,0.3802562848893922,0.4
2,octanol_gsolv_eV,39,0.1346229910850525,0.011522609740495682,0.6364651383039812,0.9249641233173265,1.8562837839126587,0.11045227944850922,0.05950182854891878,0.16
2,octanol_gsolv_eV,40,0.3936099112033844,0.00525821465998888,0.6524092172177514,0.9299123377183836,0.8154257535934448,0.3049801290035248,0.37401336376675426,0.24
2,octanol_gsolv_eV,41,0.1232919842004776,0.015683969482779503,0.6446334522529209,0.970536179230139,2.5879135131835938,0.010980593040585518,0.004243029368890089,0.04
2,octanol_gsolv_eV,42,0.4217032194137573,0.01153564453125,0.6475137958515307,0.9444020676280971,1.9679378271102905,0.17011719942092896,0.08644439731651896,0.26
2,octanol_gsolv_eV,43,0.2982517182826996,0.0033547303173691034,0.6559046629634069,0.9463286087165417,0.46145763993263245,0.1146080419421196,0.24836091555196932,0.18
2,octanol_gsolv_eV,44,0.31441137194633484,0.01163475587964058,0.6475818952802788,0.895648084002771,1.9940803050994873,0.2172887772321701,0.10896691405882436,0.24
2,octanol_gsolv_eV,45,0.34310346841812134,0.009469261392951012,0.6547601656234545,0.9446425304051176,1.5884710550308228,0.07489212602376938,0.047147302927919056,0.3
2,octanol_gsolv_eV,46,0.39662250876426697,0.003922412171959877,0.6555140971361468,0.902696010602279,0.589187741279602,0.20129989087581635,0.34165661769987243,0.2
2,octanol_gsolv_eV,47,0.2203814536333084,0.008157942444086075,0.658402528168154,0.9706465708641356,1.3519682884216309,0.09473581612110138,0.07007251348454457,0.16
2,octanol_gsolv_eV,48,0.09342963993549347,0.010092150419950485,0.6454035089823464,0.9541037391593858,1.6826738119125366,0.01819309964776039,0.010812018062539413,0.12
2,octanol_gsolv_eV,49,0.4988268315792084,0.012495548464357853,0.648282112316948,0.9047431537305854,2.178438663482666,0.26848986744880676,0.12324876157842907,0.34
2,octanol_gsolv_eV,50,0.1604803055524826,0.007225604262202978,0.6538488050960878,0.92464558565054,1.171639323234558,0.15849365293979645,0.13527512246878262,0.14
2,octanol_gsolv_eV,51,0.23872937262058258,0.006168861873447895,0.6444820157546864,0.9370595260594168,0.9430392384529114,0.1047983467578888,0.11112829931638277,0.2
2,octanol_gsolv_eV,52,0.20668643712997437,0.01362074539065361,0.629835360495075,0.9043941449167756,2.2034780979156494,0.2203044593334198,0.09998032634942633,0.1
2,octanol_gsolv_eV,53,0.25621160864830017,0.009725967422127724,0.6289935747335171,0.9017257444732671,1.4162911176681519,0.2735915780067444,0.19317467616205797,0.2
2,octanol_gsolv_eV,54,0.18134231865406036,0.0030701784417033195,0.669211986920718,0.9719137178324333,0.45788219571113586,0.06804193556308746,0.14860140053581178,0.24
2,octanol_gsolv_eV,55,0.3008439242839813,0.011757749132812023,0.642907400860077,0.9273729617033692,2.014984369277954,0.23717588186264038,0.11770606535654148,0.22
2,octanol_gsolv_eV,56,0.29102569818496704,0.0058352090418338776,0.6589921822674802,0.9753231245249809,0.9053826928138733,0.05329691618680954,0.058866727417956295,0.42
2,octanol_gsolv_eV,57,0.6423599123954773,0.008983096107840538,0.6675137932366824,0.9282096565320006,1.5227457284927368,0.33956846594810486,0.2229974838177486,0.4
2,octanol_gsolv_eV,58,0.6412319540977478,0.015306462533771992,0.6438966149361292,0.9258917370844988,2.733635902404785,0.12475858628749847,0.04563833324611668,0.44
2,octanol_gsolv_eV,59,0.18331709504127502,0.0030436392407864332,0.6556862062847495,0.9665744499313584,0.47747936844825745,0.011768667958676815,0.024647489999250385,0.18
2,octanol_gsolv_eV,60,0.4074493646621704,0.004950768779963255,0.6563520479806715,0.9179575867635414,0.7617260217666626,0.14806967973709106,0.19438705716482513,0.26
2,octanol_gsolv_eV,61,0.40258124470710754,0.005761227570474148,0.6557021950394841,0.9165750360716669,0.957347571849823,0.24323177337646484,0.25406840788918833,0.2
2,octanol_gsolv_eV,62,0.5795668363571167,0.0034866207279264927,0.6747376885865644,0.9115011072217469,0.495932936668396,0.3383394777774811,0.6822282868534515,0.32
2,octanol_gsolv_eV,63,0.4429250955581665,0.004648489877581596,0.6591477881975656,0.908356427023419,0.7326480150222778,0.283356636762619,0.386756847698554,0.3
2,octanol_gsolv_eV,64,0.47182050347328186,0.011625135317444801,0.6529875459980239,0.9306077667799866,1.9444284439086914,0.3237215280532837,0.16648672727834532,0.4
2,octanol_gsolv_eV,65,0.11621785163879395,0.005995110142976046,0.6493058735558237,0.9693102232427908,0.9072971940040588,0.011084443889558315,0.012216993464556805,0.18
2,octanol_gsolv_eV,66,0.9689692854881287,0.001747721922583878,0.7902359694533339,0.9231186693449167,0.12336859107017517,0.8199948668479919,6.646706910850251,0.9
2,octanol_gsolv_eV,67,0.2842414975166321,0.008451058529317379,0.6579969154630303,0.9561657015566225,1.4155182838439941,0.14794231951236725,0.1045145945487993,0.12
2,octanol_gsolv_eV,68,0.2859666049480438,0.008609270676970482,0.650666667805833,0.9391077996772601,1.3793312311172485,0.1906120479106903,0.13819164216001684,0.12
2,octanol_gsolv_eV,69,0.23077555000782013,0.014179450459778309,0.6484201537574481,0.9156786511214834,2.450448513031006,0.3080422878265381,0.12570853302504806,0.04
2,octanol_gsolv_eV,70,0.12844663858413696,0.013365981169044971,0.6411937314341847,0.9585131033067316,2.2247111797332764,0.002927892841398716,0.0013160777309303335,0.08
2,octanol_gsolv_eV,71,0.30027708411216736,0.010159129276871681,0.6503381333482594,0.9702855921950411,1.6596075296401978,0.02990325354039669,0.01801826817866975,0.4
2,octanol_gsolv_eV,72,0.20755717158317566,0.0040547787211835384,0.6563244003684547,0.9419539370831898,0.5920796990394592,0.08148711919784546,0.13762863231089223,0.18
2,octanol_gsolv_eV,73,0.27567729353904724,0.009486963041126728,0.6553941112207728,0.9641091291613832,1.5721852779388428,0.067387156188488,0.04286209592092958,0.26
2,octanol_gsolv_eV,74,0.15670658648014069,0.009945040568709373,0.644040879565493,0.9527689814260558,1.6601258516311646,0.008839010260999203,0.005324301318670745,0.06
2,octanol_gsolv_eV,75,0.3086194097995758,0.005204447079449892,0.6435768378837736,0.8932423994531495,0.8001198172569275,0.12108264118432999,0.15133063645322634,0.12
2,octanol_gsolv_eV,76,0.22969754040241241,0.009637894108891487,0.6516918728065944,0.9520653830161347,1.5850988626480103,0.14160987734794617,0.0893381988246321,0.14
2,octanol_gsolv_eV,77,0.3683515191078186,0.0022644654382020235,0.6685720865446303,0.9430262760585866,0.15714892745018005,0.026598261669278145,0.1692551269731728,0.3
2,octanol_gsolv_eV,78,0.09895898401737213,0.017171164974570274,0.6311805836258326,0.952897013571943,2.771688222885132,0.0028371745720505714,0.0010236268814885943,0.1
2,octanol_gsolv_eV,79,0.41224464774131775,0.005671716760843992,0.6639123520594568,0.9595784353842471,0.8994432091712952,0.28179749846458435,0.3133021580364361,0.38
2,octanol_gsolv_eV,80,0.16874554753303528,0.006947297137230635,0.6394206573095107,0.9660046683580976,1.0591822862625122,0.016970114782452583,0.0160219019922758,0.12
2,octanol_gsolv_eV,81,0.25978443026542664,0.005976757034659386,0.6550646335016233,0.9017175257745957,0.8897444009780884,0.17773845791816711,0.1997635025550942,0.22
2,octanol_gsolv_eV,82,0.3588797450065613,0.017888233065605164,0.6491877333895566,0.9181350004435738,3.1767871379852295,0.5425538420677185,0.17078696761905648,0.08
2,octanol_gsolv_eV,83,0.1250261813402176,0.0056541720405220985,0.6594533792654671,0.9638507304905706,0.9307585954666138,0.00700277229771018,0.007523725627480782,0.12
2,octanol_gsolv_eV,84,0.07136299461126328,0.012414541095495224,0.6329482090673428,0.9466436523954682,1.9136955738067627,0.003805388929322362,0.001988502759481543,0.14
2,octanol_gsolv_eV,85,0.24364705383777618,0.00204064860008657,0.6445907584780752,0.9695301690628975,0.03340604901313782,0.025727475062012672,0.7701442050777887,0.24
2,octanol_gsolv_eV,86,0.44141870737075806,0.006307718809694052,0.6571323918823426,0.9172301444422355,0.985663115978241,0.28220295906066895,0.28630771963156093,0.2
2,octanol_gsolv_eV,87,0.2126300036907196,0.006275524850934744,0.6581727859271278,0.9437992647737921,1.0364806652069092,0.08973436057567596,0.08657601013499137,0.14
2,octanol_gsolv_eV,88,0.2975858449935913,0.01896839402616024,0.6320872580144863,0.9572136534668747,3.0390472412109375,0.010269660502672195,0.003379236875100418,0.42
2,octanol_gsolv_eV,89,0.4743274450302124,0.00820695050060749,0.6634274699493681,0.9433206140117336,1.3471574783325195,0.4489156901836395,0.3332317842597712,0.16
2,octanol_gsolv_eV,90,0.5978863835334778,0.006404029205441475,0.6667774439267449,0.9009448280058865,1.0601879358291626,0.33724597096443176,0.31810017787145917,0.42
2,octanol_gsolv_eV,91,0.36286333203315735,0.004352717660367489,0.6599800706660119,0.941201532101074,0.6461573243141174,0.11897113174200058,0.1841209985018524,0.18
2,octanol_gsolv_eV,92,0.31766143441200256,0.014901971444487572,0.6388781500366036,0.9265734754053603,2.2082035541534424,0.3409571647644043,0.15440477130067695,0.14
2,octanol_gsolv_eV,93,0.0827731266617775,0.0113039156422019,0.6528195878038896,0.9618028002817476,1.8499611616134644,0.005010118708014488,0.0027082291304131255,0.12
2,octanol_gsolv_eV,94,0.15131662786006927,0.011903713457286358,0.632365159296044,0.9360327670351365,1.7729202508926392,0.016375554725527763,0.009236486930127238,0.18
2,octanol_gsolv_eV,95,0.49336186051368713,0.005586431827396154,0.6629659045912173,0.9358855323174142,0.9185203313827515,0.12778621912002563,0.13912181881445643,0.32
2,octanol_gsolv_eV,96,0.1867833435535431,0.007723100949078798,0.6608927505425701,0.9152703474579995,1.274744987487793,0.08684808760881424,0.06812977376751278,0.14
2,octanol_gsolv_eV,97,0.2690030336380005,0.006765543948858976,0.6461647573669635,0.9499618580543323,1.0278512239456177,0.22480139136314392,0.21871004881445555,0.18
2,octanol_gsolv_eV,98,0.28069210052490234,0.00548425130546093,0.6530842898713973,0.9150270983123847,0.8730283379554749,0.11751215159893036,0.13460290633191746,0.16
2,octanol_gsolv_eV,99,0.6930657625198364,0.008762752637267113,0.6707949541808782,0.9227749138454346,1.5167521238327026,0.47413167357444763,0.3125966768890078,0.4
2,octanol_gsolv_eV,100,0.11465803533792496,0.012442470528185368,0.6410154617456094,0.9474579330478414,2.0729684829711914,0.019772913306951523,0.009538453415659726,0.06
2,octanol_gsolv_eV,101,0.297911673784256,0.0067859492264688015,0.6440047639105695,0.9118365461998243,1.0480523109436035,0.1631937474012375,0.1557114522788539,0.16
2,octanol_gsolv_eV,102,0.5190226435661316,0.004891835153102875,0.6812509801565516,0.933957133326422,0.9632943272590637,0.20204348862171173,0.20974221782931265,0.4
2,octanol_gsolv_eV,103,0.1877070814371109,0.005518232937902212,0.6624511179609414,0.9444673036815636,0.8792569041252136,0.04161775857210159,0.047332876633488306,0.2
2,octanol_gsolv_eV,104,0.31130775809288025,0.004432264249771833,0.6566149061091902,0.9551557724379187,0.6490296125411987,0.09788746386766434,0.1508212598873533,0.26
2,octanol_gsolv_eV,105,0.1527446210384369,0.003741899039596319,0.6536161876333431,0.9512510708758746,0.5325953364372253,0.03617950901389122,0.06793057794293236,0.22
2,octanol_gsolv_eV,106,0.367027223110199,0.004424039740115404,0.6559696444724479,0.9235231733773652,0.6554833650588989,0.18076875805854797,0.2757793220920334,0.26
2,octanol_gsolv_eV,107,0.5092261433601379,0.005773681681603193,0.6528778623245894,0.904317521554699,0.957937479019165,0.2208108901977539,0.23050657796983037,0.34
2,octanol_gsolv_eV,108,0.33698752522468567,0.0030017709359526634,0.6651698965198376,0.9519805070769822,0.3889075815677643,0.07552290707826614,0.1941924268326634,0.24
2,octanol_gsolv_eV,109,0.22370126843452454,0.011346682906150818,0.6534124480448809,0.936833405860688,1.9259183406829834,0.15277481079101562,0.07932569494968177,0.06
2,octanol_gsolv_eV,110,0.20909465849399567,0.016098760068416595,0.6423097817769066,0.9328800716334307,2.790221929550171,0.18017695844173431,0.06457441844806293,0.06
2,octanol_gsolv_eV,111,0.28369370102882385,0.005573402624577284,0.6483694764338228,0.9318875149029275,0.8915398120880127,0.13027720153331757,0.14612606163734235,0.24
2,octanol_gsolv_eV,112,0.21027696132659912,0.007275872863829136,0.6528587490295339,0.9402257185528138,1.1810039281845093,0.08107811212539673,0.06865185643373221,0.08
2,octanol_gsolv_eV,113,0.08321243524551392,0.012000513263046741,0.622589154390621,0.9735025269851545,1.731619954109192,0.009930172935128212,0.0057346145218317565,0.12
2,octanol_gsolv_eV,114,0.13517089188098907,0.0038912263698875904,0.6594099725395905,0.9711692933712195,0.6045442223548889,0.051656950265169144,0.08544776106526858,0.18
2,octanol_gsolv_eV,115,0.493991881608963,0.005452847573906183,0.6625406114672097,0.9355329989214933,0.860420286655426,0.3797437846660614,0.44134685171380444,0.28
2,octanol_gsolv_eV,116,0.4204217791557312,0.008473093621432781,0.6529002598307405,0.9272753521222545,1.4180405139923096,0.3437170684337616,0.2423887505626131,0.18
2,octanol_gsolv_eV,117,0.29630526900291443,0.010969351045787334,0.631069967272802,0.9102619265681624,1.6672316789627075,0.19542019069194794,0.11721237855409,0.2
2,octanol_gsolv_eV,118,0.36793264746665955,0.0032746021170169115,0.6674180519599333,0.9630984065570218,0.44762304425239563,0.1604093611240387,0.3583581390273345,0.28
2,octanol_gsolv_eV,119,0.10732268542051315,0.018850304186344147,0.6396198674884523,0.9226339390358522,3.0547902584075928,0.2199019193649292,0.07198593054292379,0.06
2,octanol_gsolv_eV,120,0.4399670958518982,0.0028499076142907143,0.6733810841439916,0.9528672424844666,0.3925740122795105,0.16377277672290802,0.41717681660064326,0.34
2,octanol_gsolv_eV,121,0.20098386704921722,0.00413284869864583,0.653617099984851,0.9595337705955942,0.6157867908477783,0.049512580037117004,0.08040539481035482,0.18
2,octanol_gsolv_eV,122,0.16777615249156952,0.005223141983151436,0.6545863488637882,0.9518704212955735,0.8398763537406921,0.014806081540882587,0.017628882483639842,0.14
2,octanol_gsolv_eV,123,0.10464309900999069,0.012344758957624435,0.6413721727291406,0.9655196940135653,2.013615608215332,0.006261089816689491,0.0031093768796511745,0.14
2,octanol_gsolv_eV,124,0.30595266819000244,0.004846321418881416,0.6454934493547693,0.9452548910020997,0.7789815068244934,0.17215217649936676,0.22099648706827787,0.16
2,octanol_gsolv_eV,125,0.22470621764659882,0.010255387984216213,0.6467157070377019,0.985496827794657,1.6631717681884766,0.0005121140275150537,0.0003079140936073292,0.5
2,octanol_gsolv_eV,126,0.5582311749458313,0.0058583468198776245,0.6741977676108728,0.9264656790534005,0.9529977440834045,0.46447938680648804,0.48738770861753233,0.4
2,octanol_gsolv_eV,127,0.14932158589363098,0.007865733467042446,0.659419841119272,0.9640880354398307,1.3062248229980469,0.014556176029145718,0.011143698827998373,0.12
2,octanol_gsolv_eV,128,0.7192366123199463,0.003523728810250759,0.6931237570863509,0.9401815692144859,0.5565770864486694,0.46479371190071106,0.835093149210297,0.52
2,octanol_gsolv_eV,129,0.2341119796037674,0.014208480715751648,0.6568727763899611,0.9439158194185162,2.4190120697021484,0.3512387275695801,0.14519924557996433,0.1
2,octanol_gsolv_eV,130,0.5885505676269531,0.007255988661199808,0.6517291480318015,0.9257957390916247,1.1580157279968262,0.2578005790710449,0.2226226922815607,0.52
2,octanol_gsolv_eV,131,0.23122763633728027,0.008488328196108341,0.654070189839693,0.9432119871000988,1.402120590209961,0.027284294366836548,0.01945930653707243,0.24
2,octanol_gsolv_eV,132,0.07445643097162247,0.00787299033254385,0.6598684937715844,0.9548245204304255,1.3246219158172607,0.0028782677836716175,0.0021728976014229644,0.08
2,octanol_gsolv_eV,133,0.8221951127052307,0.0029924814589321613,0.7084542293169758,0.9851789638934612,0.6399193406105042,0.2580883502960205,0.40331387710487965,0.56
2,octanol_gsolv_eV,134,0.2338821291923523,0.004629487171769142,0.6498185775778051,0.9183379127632181,0.6918219327926636,0.11085543781518936,0.16023695196783003,0.2
2,octanol_gsolv_eV,135,0.0921882688999176,0.007419129833579063,0.6570942532014137,0.9122952938995379,1.2437905073165894,0.019229447469115257,0.015460358762989556,0.06
2,octanol_gsolv_eV,136,0.21399031579494476,0.01184743270277977,0.6493483512766252,0.9777334877112112,1.9693269729614258,0.000370375404600054,0.00018807207217757879,0.2
2,octanol_gsolv_eV,137,0.23191037774085999,0.003558880416676402,0.6530103968791605,0.9437111919042613,0.509284496307373,0.058874163776636124,0.11560172006709443,0.16
2,octanol_gsolv_eV,138,0.17076435685157776,0.00866648554801941,0.6400085673354072,0.9635604545953294,1.4503660202026367,0.10949694365262985,0.07549607625069124,0.06
2,octanol_gsolv_eV,139,0.2484307438135147,0.014771661721169949,0.6475104014618447,0.9084178520690809,2.5495212078094482,0.196537584066391,0.0770880365554034,0.12
2,octanol_gsolv_eV,140,0.09532362222671509,0.010756627656519413,0.6548357897008952,0.9688018397819735,1.808538794517517,0.008540860377252102,0.0047225198614169826,0.06
2,octanol_gsolv_eV,141,0.22027060389518738,0.0046091037802398205,0.653823214370711,0.94877496313558,0.6886242628097534,0.04244712367653847,0.06164047067314176,0.14
2,octanol_gsolv_eV,142,0.7826597094535828,0.0016894231084734201,0.6858227961074217,0.9173905789861636,0.3372708559036255,0.2740871012210846,0.8126616825125396,0.68
2,octanol_gsolv_eV,143,0.12671154737472534,0.011722823604941368,0.6359530725283731,0.9469780312831686,1.710641860961914,0.018794069066643715,0.010986559779424308,0.12
2,octanol_gsolv_eV,144,0.3750489354133606,0.008837416768074036,0.6549812263863073,0.938819210948385,1.4896401166915894,0.14857949316501617,0.09974187154344584,0.4
2,octanol_gsolv_eV,145,0.7090623378753662,0.002078005811199546,0.7002810194296272,0.9356397376535424,0.1842794567346573,0.27778711915016174,1.5074231499941173,0.56
2,octanol_gsolv_eV,146,0.1073143407702446,0.004708249121904373,0.6652876775588641,0.9514062199017659,0.7556405067443848,0.01575664058327675,0.020852032735993658,0.16
2,octanol_gsolv_eV,147,0.2657976448535919,0.0036442610435187817,0.6573768481716908,0.9660673603188685,0.509148359298706,0.05393068119883537,0.10592331334057278,0.2
2,octanol_gsolv_eV,148,0.2721754312515259,0.005341132637113333,0.6513954166664822,0.9352529100731699,0.8151944279670715,0.16550135612487793,0.20302071560720125,0.2
2,octanol_gsolv_eV,149,0.29725271463394165,0.010464593768119812,0.6401444005889612,0.930283053858834,1.576677680015564,0.20893700420856476,0.13251725882648524,0.18
2,octanol_gsolv_eV,150,0.16418063640594482,0.014540279284119606,0.6263366077305006,0.9275615763462968,2.2219741344451904,0.14357659220695496,0.06461668026698471,0.08
2,octanol_gsolv_eV,151,0.235367089509964,0.010156209580600262,0.638051149277284,0.9272882529414777,1.5564121007919312,0.06814122945070267,0.04378096868819714,0.16
2,octanol_gsolv_eV,152,0.32148271799087524,0.007997737266123295,0.6498697684049988,0.8852588901493552,1.3366751670837402,0.25791215896606445,0.19295051282261663,0.14
2,octanol_gsolv_eV,153,0.17777110636234283,0.00953151099383831,0.6576019946831124,0.9761046367457649,1.6063858270645142,0.017964918166399002,0.011183439161205642,0.06
2,octanol_gsolv_eV,154,0.09880976378917694,0.009653515182435513,0.6303913487857931,0.9653491514593804,1.5545413494110107,0.0030691337306052446,0.0019743017654487525,0.1
2,octanol_gsolv_eV,155,0.5373541712760925,0.005267387721687555,0.6540455403123298,0.8925078140709712,0.8900402784347534,0.29551616311073303,0.3320256063359683,0.46
2,octanol_gsolv_eV,156,0.5297085642814636,0.006098689511418343,0.652057386127805,0.9104745396617089,0.9716343879699707,0.32104408740997314,0.33041655522374874,0.48
2,octanol_gsolv_eV,157,0.43336784839630127,0.00516426470130682,0.6618848052117852,0.9689166200997199,0.8026813268661499,0.2725246250629425,0.33951783346815917,0.2
2,octanol_gsolv_eV,158,0.30294638872146606,0.007837686687707901,0.657685915627942,0.9479569835314536,1.2892946004867554,0.19564548134803772,0.15174614186251495,0.16
2,octanol_gsolv_eV,159,0.2471979260444641,0.005082130432128906,0.6539883985210364,0.9284629771568502,0.7863099575042725,0.11770771443843842,0.14969632943736294,0.14
2,octanol_gsolv_eV,160,0.34102773666381836,0.009586009196937084,0.6602513317724708,0.919542490972413,1.5929343700408936,0.111302450299263,0.0698725901032606,0.44
2,octanol_gsolv_eV,161,0.36669135093688965,0.004663251340389252,0.6581848194712809,0.9524597152429726,0.7053132653236389,0.0976669192314148,0.13847310696276144,0.28
2,octanol_gsolv_eV,162,0.3018534183502197,0.010719613172113895,0.6505096277660412,0.9461504585680836,1.806972622871399,0.013091125525534153,0.007244783545603192,0.32
2,octanol_gsolv_eV,163,0.34303098917007446,0.008236547000706196,0.6443830479570494,0.9246649021658879,1.4246034622192383,0.2726784944534302,0.19140659256060866,0.08
2,octanol_gsolv_eV,164,0.41400980949401855,0.010240109637379646,0.655183269941525,0.94096202176569,1.7829748392105103,0.0499393530189991,0.028009006027876378,0.34
2,octanol_gsolv_eV,165,0.17073747515678406,0.003089555073529482,0.6593372468890486,0.9644061902596117,0.3852187991142273,0.03714088723063469,0.09641504338842367,0.24
2,octanol_gsolv_eV,166,0.09325751662254333,0.012183217331767082,0.6421429456087364,0.9679698371843655,1.919165849685669,0.003320986172184348,0.0017304320899250456,0.08
2,octanol_gsolv_eV,167,0.14707298576831818,0.008244091644883156,0.649960143681813,0.954963289490546,1.3512407541275024,0.005848143249750137,0.0043279802151366354,0.12
2,octanol_gsolv_eV,168,0.1768997609615326,0.008517616428434849,0.6457137591512456,0.9567266558440675,1.3340457677841187,0.007408446632325649,0.0055533676664116655,0.2
2,octanol_gsolv_eV,169,0.05859244242310524,0.015434231609106064,0.6537414429950343,0.9629943518964708,2.6127121448516846,0.005969824269413948,0.0022849146551323723,0.18
2,octanol_gsolv_eV,170,0.0826391726732254,0.01953057385981083,0.6307817897393364,0.9416797444191771,3.172322988510132,0.012370760552585125,0.003899590488544485,0.02
2,octanol_gsolv_eV,171,0.1206364706158638,0.0032851099967956543,0.6497176064612702,0.9682564359969641,0.4467421770095825,0.03474632278084755,0.07777712642543318,0.18
2,octanol_gsolv_eV,172,0.7255252003669739,0.003423172514885664,0.6908081376498858,0.9323184981369108,0.4955079257488251,0.532491147518158,1.0746369933708786,0.54
2,octanol_gsolv_eV,173,0.18567293882369995,0.010856730863451958,0.6512920620934355,0.9085607456362073,1.8340327739715576,0.06124068796634674,0.033391272410978445,0.08
2,octanol_gsolv_eV,174,0.2736854553222656,0.004262021742761135,0.6587166135175277,0.969263450731588,0.6256949305534363,0.11477009952068329,0.18342820744794505,0.1
2,octanol_gsolv_eV,175,0.1920202374458313,0.006824839860200882,0.6565892630563832,0.9628245851318626,1.1144081354141235,0.04894278198480606,0.04391818439715402,0.12
2,octanol_gsolv_eV,176,0.3662245273590088,0.006565568502992392,0.6482135439300065,0.9155850682353799,1.0258979797363281,0.2093534916639328,0.20406852903418324,0.26
2,octanol_gsolv_eV,177,0.30541592836380005,0.0039029191248118877,0.6560323505196193,0.9346879689530518,0.5610712170600891,0.13628937304019928,0.24290922238772245,0.18
2,octanol_gsolv_eV,178,0.23023122549057007,0.0037918449379503727,0.6559960762079728,0.9318762006623931,0.5471818447113037,0.08761218935251236,0.16011530755143577,0.18
2,octanol_gsolv_eV,179,0.23258483409881592,0.010241733863949776,0.6420435101400579,0.9084101683412957,1.6162495613098145,0.16212163865566254,0.10030730558978687,0.2
2,octanol_gsolv_eV,180,0.2098400592803955,0.007193540222942829,0.6474280123338243,0.9439716569090328,1.2060147523880005,0.016611574217677116,0.013773939485221837,0.06
2,octanol_gsolv_eV,181,0.19980119168758392,0.012700569815933704,0.6496617158914246,0.9264846115317817,2.119166851043701,0.17241112887859344,0.08135797744933582,0.12
2,octanol_gsolv_eV,182,0.09317205101251602,0.009186054579913616,0.6532166676537774,0.9502056814044697,1.53933846950531,0.004960778634995222,0.00322266917462892,0.16
2,octanol_gsolv_eV,183,0.17246048152446747,0.009490820579230785,0.6468511148007114,0.9194643931320221,1.5235646963119507,0.06823021918535233,0.044783276581897215,0.12
2,octanol_gsolv_eV,184,0.6634014248847961,0.0051962630823254585,0.6951478606415764,0.9475535509670532,0.9507737755775452,0.44459447264671326,0.4676133104077733,0.54
2,octanol_gsolv_eV,185,0.1837615966796875,0.009172500111162663,0.6263769707211284,0.9323658496265219,1.2711302042007446,0.12667801976203918,0.09965778434294321,0.22
2,octanol_gsolv_eV,186,0.1297222077846527,0.009527022950351238,0.6564017589342406,0.9440653282810705,1.5810432434082031,0.026663003489375114,0.016864183570272594,0.14
2,octanol_gsolv_eV,187,0.24496862292289734,0.005459205247461796,0.6470263659934408,0.9282720142028018,0.817881166934967,0.13525667786598206,0.1653744863362734,0.2
2,octanol_gsolv_eV,188,0.506318986415863,0.004618993494659662,0.6625882319474883,0.9164634738777868,0.7451815009117126,0.2917229235172272,0.39147901975600685,0.28
2,octanol_gsolv_eV,189,0.3245818018913269,0.004346691071987152,0.6598758323544867,0.977947709885493,0.6611341834068298,0.09467396140098572,0.14319931381119946,0.42
2,octanol_gsolv_eV,190,0.15162625908851624,0.01521359197795391,0.6474911103025724,0.863138665718429,2.5906589031219482,0.1765027642250061,0.06813045284051342,0.06
2,octanol_gsolv_eV,191,0.6698880195617676,0.005791345611214638,0.6757908204144996,0.9628038865040485,0.9250571727752686,0.6570900678634644,0.7103237369557659,0.48
2,octanol_gsolv_eV,192,0.5198625326156616,0.005331717897206545,0.6584239601536492,0.9080414426361327,0.886045515537262,0.2810247242450714,0.31716736817370994,0.26
2,octanol_gsolv_eV,193,0.5138861536979675,0.009741987101733685,0.6622215128197284,0.9214351263413143,1.6618366241455078,0.20335233211517334,0.12236601911438445,0.46
2,octanol_gsolv_eV,194,0.07169485837221146,0.010791388340294361,0.6532960802910124,0.9518785585782406,1.814710021018982,0.004947269801050425,0.002726204045686854,0.08
2,octanol_gsolv_eV,195,0.29753944277763367,0.004513798747211695,0.6623767382593011,0.9770280554914028,0.6946627497673035,0.120860256254673,0.17398407543107572,0.22
2,octanol_gsolv_eV,196,0.1864268034696579,0.007142369635403156,0.6532107891155496,0.9340044884041865,1.1724915504455566,0.11420603096485138,0.09740456630280374,0.1
2,octanol_gsolv_eV,197,0.3002223074436188,0.006446134764701128,0.6560618605895285,0.9320846008624231,1.0466840267181396,0.11719942092895508,0.11197211186687535,0.12
2,octanol_gsolv_eV,198,0.30952614545822144,0.0038864552043378353,0.6536235036733729,0.9612214937815771,0.3950824737548828,0.004071766510605812,0.010306117788287461,0.28
2,octanol_gsolv_eV,199,0.39894625544548035,0.004987739957869053,0.6455139293090497,0.8902545844152745,0.7715227007865906,0.22196774184703827,0.2877008565279226,0.2
2,octanol_gsolv_eV,200,0.4237557053565979,0.0048730080015957355,0.6514965982196641,0.9030733983839248,0.7427751421928406,0.25304707884788513,0.34067790435317047,0.24
2,octanol_gsolv_eV,201,0.13991129398345947,0.006742204073816538,0.6512371814060931,0.9307904609120674,1.029341220855713,0.08553282916545868,0.08309472838788429,0.1
2,octanol_gsolv_eV,202,0.2876346707344055,0.0056533850729465485,0.6578690190150605,0.9279641904005245,0.8841286301612854,0.1504102647304535,0.17012260388289338,0.18
2,octanol_gsolv_eV,203,0.14547519385814667,0.008006066083908081,0.6508767783043188,0.9538823606024307,1.2717207670211792,0.030253972858190536,0.023789792258449995,0.14
2,octanol_gsolv_eV,204,0.7987242341041565,0.0019200638635084033,0.7097947134231304,0.9509388233453957,0.18109150230884552,0.3839977979660034,2.1204628216685064,0.56
2,octanol_gsolv_eV,205,0.17726854979991913,0.018609939143061638,0.6294470281500428,0.9514748697126096,2.802403688430786,0.010300818830728531,0.0036757084189025257,0.16
2,octanol_gsolv_eV,206,0.7863202691078186,0.00493753282353282,0.6970254787875612,0.9082512808290457,0.833538293838501,0.5115472674369812,0.613705778388742,0.6
2,octanol_gsolv_eV,207,0.521652102470398,0.014024237170815468,0.6408406660214172,0.931138741025465,2.159238338470459,0.4235316812992096,0.19614864823085115,0.38
2,octanol_gsolv_eV,208,0.35896578431129456,0.005291955079883337,0.6570800843090714,0.8935215259486349,0.8266018033027649,0.2386937290430069,0.2887650717543607,0.28
2,octanol_gsolv_eV,209,0.33871519565582275,0.010247740894556046,0.6537032998262648,0.9333152741353752,1.7204614877700806,0.21499206125736237,0.12496185633077857,0.24
2,octanol_gsolv_eV,210,0.15643563866615295,0.00793377123773098,0.6483994534098558,0.9080882937016628,1.266891598701477,0.11161241680383682,0.08809942138556759,0.16
2,octanol_gsolv_eV,211,0.46848586201667786,0.009658991359174252,0.6486031874397886,0.9200241218409129,1.6581345796585083,0.1811322569847107,0.10923857400164393,0.32
2,octanol_gsolv_eV,212,0.14065054059028625,0.01148714404553175,0.657182821850171,0.9272872453867143,1.9413580894470215,0.1441817581653595,0.07426850252362684,0.18
2,octanol_gsolv_eV,213,0.5382612943649292,0.0053824069909751415,0.6698586386305105,0.9298077732703676,0.9423983097076416,0.2388380616903305,0.2534364283446399,0.44
2,octanol_gsolv_eV,214,0.5521989464759827,0.004137894604355097,0.6628932568114543,0.9200957228110898,0.6032201051712036,0.3939550518989563,0.6530867398511949,0.34
2,octanol_gsolv_eV,215,0.3486286997795105,0.01021143514662981,0.6207121994789533,0.977832690610154,1.6187129020690918,0.016861382871866226,0.010416537021675342,0.28
2,octanol_gsolv_eV,216,0.23082709312438965,0.007987179793417454,0.6545347572566578,0.9384323156716226,1.3069583177566528,0.025910237804055214,0.019824838674678782,0.16
2,octanol_gsolv_eV,217,0.35184797644615173,0.007887295447289944,0.6567642728418368,0.9399293826588984,1.3109710216522217,0.029473548755049706,0.02248222750027234,0.24
2,octanol_gsolv_eV,218,0.26171359419822693,0.0059049902483820915,0.6528605994992152,0.960724077771201,0.9255028963088989,0.09740633517503738,0.10524692636134844,0.14
2,octanol_gsolv_eV,219,0.21176908910274506,0.005404743831604719,0.6515913780961917,0.9581462661399391,0.8301576972007751,0.07836354523897171,0.09439597500957622,0.16
2,octanol_gsolv_eV,220,0.5016204714775085,0.0035995449870824814,0.6674425544214173,0.9454180435586295,0.5013231635093689,0.23727364838123322,0.4732948039349851,0.28
2,octanol_gsolv_eV,221,0.30582964420318604,0.004046224523335695,0.6598895505693074,0.9084770475336421,0.6256832480430603,0.08994519710540771,0.1437551626749284,0.14
2,octanol_gsolv_eV,222,0.3393495976924896,0.009737158194184303,0.6575547573896168,0.9738251220422292,1.6678258180618286,0.06231893599033356,0.037365374318736745,0.48
2,octanol_gsolv_eV,223,0.2748914957046509,0.007103617303073406,0.6525076151794063,0.9325327733268891,1.1622140407562256,0.24300844967365265,0.20909096014322173,0.14
2,octanol_gsolv_eV,224,0.13598690927028656,0.008813480846583843,0.6421660611589664,0.947526134521274,1.484376072883606,0.02770957164466381,0.0186674874048826,0.1
2,octanol_gsolv_eV,225,0.32367968559265137,0.012126953341066837,0.6600118656967957,0.9472444630792838,2.073868989944458,0.4690532088279724,0.22617301821005314,0.1
2,octanol_gsolv_eV,226,0.27612313628196716,0.00705528911203146,0.6491755831806028,0.9373388674716776,1.1168057918548584,0.14588075876235962,0.1306232111494265,0.16
2,octanol_gsolv_eV,227,0.14479704201221466,0.006638156250119209,0.6493358797862236,0.9597545601840038,1.0763976573944092,0.006431279703974724,0.0059748176334224416,0.14
2,octanol_gsolv_eV,228,0.6608843207359314,0.004336887504905462,0.6766332892886289,0.9058054295082729,0.7234815955162048,0.3704278767108917,0.5120073254200628,0.44
2,octanol_gsolv_eV,229,0.15353713929653168,0.004690861329436302,0.647631207034181,0.9588063875506092,0.7047891020774841,0.03316362947225571,0.04705468540092397,0.22
2,octanol_gsolv_eV,230,0.21770715713500977,0.0191468708217144,0.6334074061916337,0.9593224136219145,3.089303493499756,0.02275029569864273,0.007364215185238979,0.14
2,octanol_gsolv_eV,231,0.19383038580417633,0.008421127684414387,0.6573843064761125,0.9323792177474064,1.4096442461013794,0.10972180962562561,0.07783652501620937,0.1
2,octanol_gsolv_eV,232,0.18513894081115723,0.0033810357563197613,0.6557965251373967,0.9656725994979272,0.4634159207344055,0.054251931607723236,0.11706963265687258,0.08
2,octanol_gsolv_eV,233,0.0674835816025734,0.011675497516989708,0.643955157000127,0.9299425601864053,1.9686758518218994,0.07006310671567917,0.03558895013155146,0.12
2,octanol_gsolv_eV,234,0.3040162920951843,0.00484570162370801,0.6473467659667826,0.9546484716067647,0.7383338212966919,0.1625927835702896,0.2202158141485887,0.2
2,octanol_gsolv_eV,235,0.16388621926307678,0.015218423679471016,0.6408362510102223,0.9180226585180604,2.5158650875091553,0.05525670945644379,0.02196330388731256,0.08
2,octanol_gsolv_eV,236,0.49140164256095886,0.004399956203997135,0.6679141792697934,0.9539599301239563,0.6668099761009216,0.2679294943809509,0.40180786728421686,0.34
2,octanol_gsolv_eV,237,0.20647093653678894,0.00783108826726675,0.6452752806082,0.947118364475728,1.2525794506072998,0.09536692500114441,0.07613642787681593,0.12
2,octanol_gsolv_eV,238,0.1154346689581871,0.011758759617805481,0.6347886636628164,0.96008194190915,1.6700373888015747,0.0021457152906805277,0.0012848306900603592,0.2
2,octanol_gsolv_eV,239,0.6784421801567078,0.011050213128328323,0.6388728651557796,0.9222626623172427,1.8883323669433594,0.35106271505355835,0.18591150646950091,0.5
2,octanol_gsolv_eV,240,0.2464195042848587,0.010868334211409092,0.6421788696738004,0.8997971319135432,1.6891756057739258,0.15274812281131744,0.09042761586728763,0.12
2,octanol_gsolv_eV,241,0.19894111156463623,0.005887467414140701,0.6604535453605334,0.9418062418405613,0.9441534876823425,0.0858156830072403,0.09089166552558742,0.14
2,octanol_gsolv_eV,242,0.1844591647386551,0.016283968463540077,0.6377050830918083,0.9317795158136466,2.6950786113739014,0.08855637162923813,0.03285854863583876,0.02
2,octanol_gsolv_eV,243,0.5439578294754028,0.0036078591365367174,0.6704300260380736,0.907644649427592,0.5176388621330261,0.21900320053100586,0.42308106394593886,0.38
2,octanol_gsolv_eV,244,0.603872537612915,0.0024895896203815937,0.6840923237920538,0.9503547760599069,0.32597407698631287,0.20374371111392975,0.6250304103859297,0.44
2,octanol_gsolv_eV,245,0.1597289741039276,0.010036525316536427,0.6571604847220998,0.9726464290337149,1.674842357635498,0.03733411431312561,0.02229112139594619,0.04
2,octanol_gsolv_eV,246,0.2238854020833969,0.008381165564060211,0.6483011712545905,0.9177569350772359,1.3624072074890137,0.22672300040721893,0.16641353566022382,0.12
2,octanol_gsolv_eV,247,0.37649789452552795,0.0056249042972922325,0.6586201907220253,0.9257227231725744,0.8980699181556702,0.23834004998207092,0.26539141904623664,0.24
2,octanol_gsolv_eV,248,0.19800153374671936,0.007328544743359089,0.6534245374988243,0.9649742708753373,1.1958904266357422,0.010653353296220303,0.008908302181321184,0.22
2,octanol_gsolv_eV,249,0.3069828450679779,0.017304284498095512,0.6269128166074411,0.9081337894211765,2.5282535552978516,0.31208375096321106,0.12343847012861996,0.28
2,octanol_hl_gap_eV,0,0.08289965987205505,0.00115951057523489,0.6765687072722879,0.9075200327183504,0.32905706763267517,0.010772665962576866,0.03273798687892746,0.02
2,octanol_hl_gap_eV,1,0.025329729542136192,0.0020072071347385645,0.6150202424477937,0.9761749145550587,0.29318681359291077,0.00015109045489225537,0.0005153385073519852,0.1
2,octanol_hl_gap_eV,2,0.030148519203066826,0.0013307435438036919,0.6240406433303085,0.9697988269742466,0.29593169689178467,0.00027011288329958916,0.0009127541460973109,0.08
2,octanol_hl_gap_eV,3,0.18842875957489014,0.002058744663372636,0.6349744537935951,0.9105127631235528,0.3369061350822449,0.03842287138104439,0.11404622053458502,0.04
2,octanol_hl_gap_eV,4,0.08537667244672775,0.0015971908578649163,0.6509926419215581,0.9665284486185106,0.3730679750442505,0.0003855546237900853,0.0010334701705348838,0.06
2,octanol_hl_gap_eV,5,0.1367155909538269,0.0012045566691085696,0.630211571784657,0.9588187803922699,0.26014843583106995,0.005451336968690157,0.02095471745303915,0.18
2,octanol_hl_gap_eV,6,0.23219045996665955,0.0012814205838367343,0.6254142078813876,0.9670227339038415,0.2905441224575043,0.002460111165419221,0.00846725497184698,0.28
2,octanol_hl_gap_eV,7,0.14361515641212463,0.002872968092560768,0.6522283074562991,0.9789357023328451,0.4712020456790924,0.001112744095735252,0.002361500986549357,0.18
2,octanol_hl_gap_eV,8,0.07864514738321304,0.001342713600024581,0.657361059090247,0.9458722964234605,0.30897781252861023,0.009063439443707466,0.029333625510304964,0.32
2,octanol_hl_gap_eV,9,0.01555021945387125,0.0013765329495072365,0.6536955470698089,0.9345077903018575,0.2812507152557373,0.0068098376505076885,0.024212694514627632,0.08
2,octanol_hl_gap_eV,10,0.029298370704054832,0.0018134902929887176,0.6268733970122478,0.9627616190786235,0.4225190281867981,0.0011577790137380362,0.0027401819480332977,0.12
2,octanol_hl_gap_eV,11,0.09233442693948746,0.0019021652406081557,0.6592675917193804,0.9749827936523532,0.09282579272985458,0.02324165776371956,0.2503793081666254,0.24
2,octanol_hl_gap_eV,12,0.010283432900905609,0.0014212680980563164,0.6363275376338711,0.959691876287945,0.27387717366218567,0.005462811794131994,0.019946210635538798,0.14
2,octanol_hl_gap_eV,13,0.0784435048699379,0.0016769081121310592,0.6515919527022809,0.9135796710744186,0.2710791230201721,0.031296294182538986,0.11545077257834459,0.12
2,octanol_hl_gap_eV,14,0.11138162016868591,0.0008407465065829456,0.6532306749808818,0.9606299384359729,0.30667081475257874,0.01085916068404913,0.035409827612093686,0.26
2,octanol_hl_gap_eV,15,0.08605862408876419,0.0017266427166759968,0.6312182141270792,0.938722390318022,0.28254416584968567,0.03112957626581192,0.11017596548913683,0.1
2,octanol_hl_gap_eV,16,0.044038161635398865,0.0017537352396175265,0.6338969120909361,0.9438683408326376,0.0754631832242012,0.08738868683576584,1.1580307522429043,0.1
2,octanol_hl_gap_eV,17,0.04089735820889473,0.0023888512514531612,0.6621109528295805,0.9635609906758842,0.3772298991680145,0.025932755321264267,0.0687452277204413,0.06
2,octanol_hl_gap_eV,18,0.07606613636016846,0.0009280075319111347,0.6070102959051185,0.9341887388996135,0.2848362326622009,0.03807233273983002,0.1336639386920328,0.12
2,octanol_hl_gap_eV,19,0.008980100974440575,0.0011240800376981497,0.6613136370069681,0.9695540653331036,0.20286807417869568,0.00027564814081415534,0.0013587556441796336,0.06
2,octanol_hl_gap_eV,20,0.08338145911693573,0.001428095274604857,0.6332171479949842,0.966622652498091,0.39004048705101013,0.0006958735175430775,0.0017841058573287803,0.08
2,octanol_hl_gap_eV,21,0.0708625540137291,0.0007427631644532084,0.6676070754606052,0.9512415925244226,0.28951260447502136,0.0028441990725696087,0.009824094110607199,0.06
2,octanol_hl_gap_eV,22,0.1519050896167755,0.0008321174536831677,0.6639400672550095,0.9155626119413238,0.26511046290397644,0.03049401193857193,0.11502379651314223,0.0
2,octanol_hl_gap_eV,23,0.22448411583900452,0.0009467712952755392,0.6320691139500787,0.9227692144477684,0.2775844633579254,0.023526767268776894,0.08475534611762764,0.14
2,octanol_hl_gap_eV,24,0.09487103670835495,0.002391673857346177,0.6254375081909094,0.9660938681077627,0.33239156007766724,0.014097427017986774,0.0424121088233791,0.2
2,octanol_hl_gap_eV,25,0.14336921274662018,0.0008299116743728518,0.643357557780744,0.9326899678947953,0.26739341020584106,0.019595885649323463,0.07328484884589502,0.02
2,octanol_hl_gap_eV,26,0.2793837785720825,0.0011398886563256383,0.6333952354244217,0.9471480744696816,0.26820898056030273,0.05327853932976723,0.19864562036090494,0.2
2,octanol_hl_gap_eV,27,0.10664762556552887,0.0016701726708561182,0.6445932613804963,0.917873565640587,0.06719092279672623,0.16326270997524261,2.4298328282997974,0.14
2,octanol_hl_gap_eV,28,0.00801959540694952,0.0007444037473760545,0.6459359599910011,0.9567343060581135,0.24979688227176666,0.0003626385296229273,0.0014517336098230182,0.04
2,octanol_hl_gap_eV,29,0.03010288067162037,0.0008173143723979592,0.6410910962042875,0.9652955440709923,0.25603023171424866,0.00023021241941023618,0.0008991610790212175,0.06
2,octanol_hl_gap_eV,30,0.2024022936820984,0.00149938662070781,0.6249389788421076,0.9289047440961447,0.27478328347206116,0.08629027754068375,0.3140303021725024,0.1
2,octanol_hl_gap_eV,31,0.18892556428909302,0.0009733266197144985,0.67033395964965,0.9711006260689923,0.2520812451839447,0.0005674061249010265,0.002250885917700811,0.16
2,octanol_hl_gap_eV,32,0.11582977324724197,0.002084414940327406,0.658436389467316,0.9748234411169752,0.20791712403297424,0.008871546015143394,0.04266866452873996,0.24
2,octanol_hl_gap_eV,33,0.02174609713256359,0.0018014434026554227,0.6532434666369304,0.9776100136253842,0.22788307070732117,0.003291849512606859,0.014445344721700304,0.18
2,octanol_hl_gap_eV,34,0.020740121603012085,0.0027470116037875414,0.6236876716159923,0.9735205212519338,0.39341026544570923,0.00043292855843901634,0.0011004505892812312,0.04
2,octanol_hl_gap_eV,35,0.10427361726760864,0.0014632218517363071,0.6779286521600687,0.9425362783698765,0.2554035484790802,0.021620888262987137,0.08465382878091875,0.14
2,octanol_hl_gap_eV,36,-0.042769428342580795,0.0017955536022782326,0.6487808247155438,0.9503369839347022,0.0593901053071022,0.08310817927122116,1.3993606989156595,0.2
2,octanol_hl_gap_eV,37,-0.013072042725980282,0.0014679759042337537,0.6687480367714034,0.9441473114257186,0.25731417536735535,0.012132766656577587,0.0471515672980558,0.04
2,octanol_hl_gap_eV,38,0.1392243653535843,0.0010103258537128568,0.6539340484967027,0.9655794096020891,0.30991610884666443,0.000538211315870285,0.0017366354975003027,0.02
2,octanol_hl_gap_eV,39,0.013598158955574036,0.00186717021279037,0.6190755899885625,0.9662313734654226,0.3213752508163452,0.00012171814887551591,0.00037874151343742895,0.12
2,octanol_hl_gap_eV,40,0.07118473947048187,0.0011391458101570606,0.6335608466796232,0.9674363633474676,0.27460718154907227,0.00036277002072893083,0.0013210507412170641,0.08
2,octanol_hl_gap_eV,41,-0.01724717952311039,0.0018593472195789218,0.6633745978153107,0.9688905033092547,0.02120778150856495,0.02225286141037941,1.0492781341316817,0.12
2,octanol_hl_gap_eV,42,0.07957999408245087,0.0010186168365180492,0.6272225698630067,0.9715952517785851,0.24913959205150604,0.0006383185973390937,0.002562092167218169,0.06
2,octanol_hl_gap_eV,43,0.13634420931339264,0.0012125083012506366,0.6539338266589023,0.985783538505679,0.20351597666740417,0.000992099172435701,0.0048747974909952065,0.22
2,octanol_hl_gap_eV,44,0.04636228829622269,0.002774599939584732,0.6277715991025785,0.960936582591638,0.4378700852394104,0.0012489083455875516,0.0028522349155336722,0.44
2,octanol_hl_gap_eV,45,0.055152904242277145,0.001769751193933189,0.621089763591365,0.9767340250758485,0.3492985963821411,0.004187708254903555,0.011988906621090744,0.04
2,octanol_hl_gap_eV,46,0.06961510330438614,0.001428694580681622,0.6429534158276613,0.9536762770428315,0.27129998803138733,0.001731115742586553,0.006380817615024282,0.12
2,octanol_hl_gap_eV,47,0.06619663536548615,0.0007563611725345254,0.6431221967492267,0.930184652922557,0.2604241967201233,0.011919642798602581,0.04577010488550174,0.12
2,octanol_hl_gap_eV,48,-0.057670652866363525,0.0017315356526523829,0.6494803002789615,0.9491945861540612,0.10715493559837341,0.12109635770320892,1.1301052725848229,0.14
2,octanol_hl_gap_eV,49,0.07059931010007858,0.0013763261958956718,0.6850980764201706,0.9520206329905703,0.33203160762786865,0.0012704404070973396,0.00382626345778867,0.12
2,octanol_hl_gap_eV,50,0.009607133455574512,0.0023748951498419046,0.6478679762266772,0.9672039627095683,0.2568959891796112,0.0027426653541624546,0.01067617039456733,0.2
2,octanol_hl_gap_eV,51,0.05003201588988304,0.0012984710047021508,0.6627124515895846,0.9742937995618148,0.3816283345222473,0.0005122480797581375,0.0013422695157040956,0.04
2,octanol_hl_gap_eV,52,0.1256931871175766,0.001315747038461268,0.6589843169403367,0.9647780278148761,0.23573151230812073,0.0014485642313957214,0.0061449749217335325,0.08
2,octanol_hl_gap_eV,53,0.043641846626996994,0.0025776608381420374,0.6637235727063449,0.9561658436434632,0.34221139550209045,0.0013851416297256947,0.0040476198277775745,0.2
2,octanol_hl_gap_eV,54,0.47145041823387146,0.0036397508811205626,0.6270987022405072,0.9487643166023201,0.6268715858459473,0.05637982115149498,0.08993838997409948,0.36
2,octanol_hl_gap_eV,55,0.11462882161140442,0.0007012358983047307,0.6741047382897396,0.9481407062617384,0.2678954005241394,0.004357449244707823,0.01626548733640981,0.12
2,octanol_hl_gap_eV,56,0.03342010825872421,0.000825143011752516,0.6506659210424146,0.9663654953496794,0.3057001829147339,0.0004343063337728381,0.0014206937321132554,0.12
2,octanol_hl_gap_eV,57,0.06866911053657532,0.0010241034906357527,0.6548730865678183,0.9615374256306588,0.2372143566608429,0.000232656006119214,0.0009807838336355578,0.1
2,octanol_hl_gap_eV,58,0.03743096441030502,0.0013082589721307158,0.6514613764333754,0.9736614058980433,0.3378421366214752,0.0005457085790112615,0.0016152768404454055,0.24
2,octanol_hl_gap_eV,59,0.033629562705755234,0.0010314577957615256,0.6399804597473606,0.9784400064429264,0.2530933618545532,0.00034010960371233523,0.0013438108420551472,0.02
2,octanol_hl_gap_eV,60,0.019167078658938408,0.0012225044192746282,0.6450629966070454,0.9603122228327499,0.24476712942123413,0.001289914594963193,0.0052699665923821954,0.06
2,octanol_hl_gap_eV,61,0.03138606622815132,0.0016315447865054011,0.6573208262362604,0.9769010584447309,0.2597499489784241,0.015302931889891624,0.05891409007038054,0.28
2,octanol_hl_gap_eV,62,0.09167519956827164,0.0013749634381383657,0.6130987441599505,0.974529055597237,0.3721185624599457,0.001000379677861929,0.002688335865990583,0.14
2,octanol_hl_gap_eV,63,0.04410636052489281,0.0011086323065683246,0.6448955408467116,0.9480816005129549,0.2769227623939514,0.0012971374671906233,0.004684112840624168,0.1
2,octanol_hl_gap_eV,64,0.05041205883026123,0.0022118159104138613,0.6371817573135641,0.9561177607559739,0.2851364314556122,0.0008358242339454591,0.0029313133705104032,0.14
2,octanol_hl_gap_eV,65,0.01477636955678463,0.0010646447772160172,0.6642203702121308,0.9722282278597165,0.32187384366989136,0.0011067047016695142,0.0034383182213604557,0.1
2,octanol_hl_gap_eV,66,0.14660435914993286,0.0021736191119998693,0.6575510033378551,0.9377082169399817,0.4224134683609009,0.011962606571614742,0.028319661818628737,0.12
2,octanol_hl_gap_eV,67,0.022803962230682373,0.0020360054913908243,0.6257549152652082,0.9878651183050211,0.27418047189712524,0.00011089975305367261,0.0004044772127144165,0.04
2,octanol_hl_gap_eV,68,0.09580568969249725,0.0018308294238522649,0.6240940451144765,0.9594057070603763,0.4666373133659363,0.000529545359313488,0.0011348114352317542,0.1
2,octanol_hl_gap_eV,69,0.03531423956155777,0.0008322254288941622,0.6539004520864227,0.9404912259145748,0.26099714636802673,0.00019325560424476862,0.0007404510238294439,0.12
2,octanol_hl_gap_eV,70,0.10570867359638214,0.0006602667854167521,0.6735372790153535,0.9657313220134998,0.2778119742870331,0.00359858269803226,0.012953303065022797,0.22
2,octanol_hl_gap_eV,71,0.05808165669441223,0.0005593021051026881,0.6411175404203282,0.9576992395499822,0.2702164649963379,0.0004252809449099004,0.001573852818020042,0.14
2,octanol_hl_gap_eV,72,0.14805257320404053,0.001137718791142106,0.6362643046802723,0.9880182587073003,0.2862960696220398,0.0010640138061717153,0.0037164806613531128,0.08
2,octanol_hl_gap_eV,73,0.26250988245010376,0.0011952908243983984,0.6564564085011346,0.9788224906362235,0.2260177880525589,0.0011105904122814536,0.004913730117663099,0.3
2,octanol_hl_gap_eV,74,0.06876096874475479,0.0013598654186353087,0.6458838745216966,0.9441731804297593,0.3159002959728241,0.04055851697921753,0.1283902468477163,0.04
2,octanol_hl_gap_eV,75,-0.08933814615011215,0.001914343098178506,0.6494666531934761,0.960329078268386,0.05294913798570633,0.03431670740246773,0.6481070081203504,0.22
2,octanol_hl_gap_eV,76,0.4260924756526947,0.0019014462595805526,0.6297074913966854,0.9779200655820897,0.27002978324890137,0.007043836638331413,0.026085406408072845,0.28
2,octanol_hl_gap_eV,77,0.22892878949642181,0.0009254749165847898,0.6520466882928273,0.9005692805439156,0.2842494547367096,0.021688513457775116,0.0763009852661439,0.04
2,octanol_hl_gap_eV,78,0.14206096529960632,0.0023184502497315407,0.6378784671311815,0.9798428252860929,0.3318186402320862,0.003103126771748066,0.009351875981342172,0.1
2,octanol_hl_gap_eV,79,0.10845212638378143,0.0022695311345160007,0.6327416400719053,0.9505553162457852,0.4603848159313202,0.03466121107339859,0.07528747663686919,0.06
2,octanol_hl_gap_eV,80,0.20408426225185394,0.0014127475442364812,0.6463496661690753,0.9849389188313955,0.08908665180206299,0.029693691059947014,0.333312459939811,0.34
2,octanol_hl_gap_eV,81,0.09790075570344925,0.00110859633423388,0.6493677518136882,0.9470267759365976,0.27083829045295715,0.010596674866974354,0.039125468002519856,0.02
2,octanol_hl_gap_eV,82,0.13380710780620575,0.002102131024003029,0.6459196913139376,0.9669178435893699,0.359867662191391,0.0010051176650449634,0.002793020242286745,0.14
2,octanol_hl_gap_eV,83,0.06874771416187286,0.000923654530197382,0.6317252102052617,0.938298162645292,0.23799259960651398,0.002696949988603592,0.011332075001754698,0.04
2,octanol_hl_gap_eV,84,0.025196507573127747,0.0011102973949164152,0.6635362558534987,0.9466778428728233,0.3180506229400635,0.0023925297427922487,0.007522480920413478,0.1
2,octanol_hl_gap_eV,85,0.13406652212142944,0.0006801437702961266,0.6890165559610872,0.9581892524893696,0.26552459597587585,0.010915453545749187,0.041109011033919084,0.0
2,octanol_hl_gap_eV,86,0.03352365642786026,0.0015671304427087307,0.6436939025754496,0.9672396007449306,0.3005952537059784,0.0002794175234157592,0.0009295473563566849,0.02
2,octanol_hl_gap_eV,87,0.042809974402189255,0.0019073986914008856,0.6511217427561506,0.9303519647056147,0.20118579268455505,0.16179290413856506,0.8041964692419646,0.16
2,octanol_hl_gap_eV,88,0.033191658556461334,0.000785285490565002,0.6396021299413088,0.9570536381666588,0.26333820819854736,0.0004129412991460413,0.0015681024868016823,0.08
2,octanol_hl_gap_eV,89,0.12403086572885513,0.0027989535592496395,0.6682163072939291,0.9845442309181491,0.4252966642379761,0.0012334592174738646,0.002900232522829473,0.12
2,octanol_hl_gap_eV,90,0.1414221227169037,0.001395235420204699,0.6348599735101805,0.9164926388831363,0.3440574109554291,0.013417539186775684,0.03899796591945482,0.18
2,octanol_hl_gap_eV,91,0.06695214658975601,0.0009896171977743506,0.6627571666926988,0.9559884496425313,0.2951306402683258,0.001615102868527174,0.005472501489708966,0.08
2,octanol_hl_gap_eV,92,-0.14567355811595917,0.0016704426379874349,0.6647046969793751,0.9716772503233349,0.05006907135248184,0.019240226596593857,0.3842736858677558,0.34
2,octanol_hl_gap_eV,93,0.04856345057487488,0.0013812981778755784,0.6233992189779529,0.971422997233856,0.26908764243125916,0.0016974214231595397,0.0063080615959284015,0.14
2,octanol_hl_gap_eV,94,0.13520856201648712,0.001097251777537167,0.6291016523814108,0.9206500937487467,0.2721502482891083,0.017427770420908928,0.0640373122217225,0.02
2,octanol_hl_gap_eV,95,0.1376674622297287,0.00066560780396685,0.6587657505840296,0.9791995998473944,0.2561115622520447,0.00011159443238284439,0.00043572586649962333,0.2
2,octanol_hl_gap_eV,96,0.022118832916021347,0.000699552008882165,0.6619502780913045,0.9665916158670715,0.24643902480602264,0.0001303951139561832,0.0005291171479793833,0.1
2,octanol_hl_gap_eV,97,0.11584595590829849,0.0023819024208933115,0.6576773863050649,0.9495659376313841,0.3270144760608673,0.03866157308220863,0.11822587656643231,0.18
2,octanol_hl_gap_eV,98,0.0180301945656538,0.001480348058976233,0.6379844396841632,0.9297039700554794,0.2928203046321869,0.02254512719810009,0.07699304604719656,0.1
2,octanol_hl_gap_eV,99,0.3001384437084198,0.0011011427268385887,0.6341401285672157,0.9103011922136781,0.18230798840522766,0.08010948449373245,0.43941839956934836,0.18
2,octanol_hl_gap_eV,100,0.3676797151565552,0.0012085114140063524,0.6591628173009494,0.9893555440096096,0.24078017473220825,0.0007323408499360085,0.0030415330113889396,0.4
2,octanol_hl_gap_eV,101,0.019179128110408783,0.0011235495330765843,0.6430240199956434,0.9540803690950466,0.23038388788700104,0.0031935456208884716,0.013861844463944655,0.1
2,octanol_hl_gap_eV,102,0.7379744052886963,0.0018494953401386738,0.6572356084144533,0.9520268769176756,0.2822951674461365,0.06311440467834473,0.22357593029072068,0.52
2,octanol_hl_gap_eV,103,0.2771627604961395,0.001561524230055511,0.6349751108852488,0.9386295172497585,0.3841466009616852,0.05641978234052658,0.14687044529167628,0.1
2,octanol_hl_gap_eV,104,0.04739418253302574,0.0012076843995600939,0.6604895783046592,0.9734540481441334,0.18625245988368988,0.00026435506879352033,0.001419337328261885,0.06
2,octanol_hl_gap_eV,105,-0.02943960204720497,0.0011951652122661471,0.6239305370095225,0.9424328877759955,0.2195190042257309,0.003646889701485634,0.01661309331439726,0.22
2,octanol_hl_gap_eV,106,0.03732750937342644,0.0008613979443907738,0.6260767797266469,0.9612815644898309,0.2720346748828888,0.0003334535285830498,0.001225775827021323,0.1
2,octanol_hl_gap_eV,107,0.05886488035321236,0.0010868029203265905,0.6576980122953506,0.9365285719445526,0.23966126143932343,0.006264242809265852,0.026137903020475466,0.16
2,octanol_hl_gap_eV,108,0.12849004566669464,0.0046242354437708855,0.6165171700352592,0.9827462404493172,0.6716354489326477,0.0017917176010087132,0.0026676936183998062,0.14
2,octanol_hl_gap_eV,109,0.013958307914435863,0.001363966497592628,0.6370308749879565,0.9650766340004484,0.24167244136333466,0.00036072309012524784,0.0014926116030868836,0.1
2,octanol_hl_gap_eV,110,0.053902145475149155,0.001224017352797091,0.660258806040082,0.9389682449136203,0.20816123485565186,0.032206885516643524,0.1547208611583093,0.06
2,octanol_hl_gap_eV,111,0.08381826430559158,0.0010660189436748624,0.6385128715614434,0.9477423619228913,0.26555314660072327,0.006557209882885218,0.024692646149452022,0.12
2,octanol_hl_gap_eV,112,0.07368068397045135,0.0020580566488206387,0.6586214771137762,0.9877027338834985,0.3945954740047455,0.00044324120972305536,0.0011232800144021036,0.14
2,octanol_hl_gap_eV,113,-0.04684346169233322,0.002695472212508321,0.6344490745532314,0.9362387586863108,0.4418512284755707,0.030582245439291,0.06921389705037756,0.06
2,octanol_hl_gap_eV,114,0.2499358057975769,0.001280148746445775,0.6552170817299672,0.9889340087266629,0.38732653856277466,0.0014776252210140228,0.003814934103139286,0.18
2,octanol_hl_gap_eV,115,0.12857085466384888,0.002378860954195261,0.6219928375343318,0.9601768227078369,0.4899246394634247,0.008444386534392834,0.017236092766514652,0.04
2,octanol_hl_gap_eV,116,0.23199784755706787,0.0018632981227710843,0.6442435052304158,0.9921467670895077,0.036995645612478256,0.02607872523367405,0.7049133702610114,0.3
2,octanol_hl_gap_eV,117,-0.18318511545658112,0.0018947592470794916,0.6549224758525094,0.9633986741298752,0.07869593799114227,0.04634499549865723,0.5889121685527613,0.2
2,octanol_hl_gap_eV,118,0.03953421488404274,0.0006955081480555236,0.6448769344724019,0.9647458043913901,0.2805750072002411,0.00019592471653595567,0.0006982971095359462,0.18
2,octanol_hl_gap_eV,119,0.006091931834816933,0.000939097604714334,0.6898030989190804,0.9528411867162245,0.2939610481262207,0.0015143654309213161,0.0051515853565438354,0.04
2,octanol_hl_gap_eV,120,0.20029406249523163,0.0035629081539809704,0.6240622320252167,0.9290961019217043,0.49169495701789856,0.09964541345834732,0.20265697672128058,0.16
2,octanol_hl_gap_eV,121,-0.0066247726790606976,0.001024277531541884,0.6312872205851612,0.9583988755202468,0.1896165907382965,0.009050925262272358,0.04773277078251128,0.06
2,octanol_hl_gap_eV,122,0.16754810512065887,0.0009284992120228708,0.638683825488721,0.893956281892706,0.31714561581611633,0.019355110824108124,0.061029097861880516,0.1
2,octanol_hl_gap_eV,123,-0.020238958299160004,0.0008206578786484897,0.6503818951477338,0.9547815821812493,0.22511421144008636,0.004486533813178539,0.019930033668143693,0.16
2,octanol_hl_gap_eV,124,0.15324480831623077,0.0013139989459887147,0.6574239304696912,0.9304196515680097,0.35407334566116333,0.01646120660007,0.04649095110317295,0.08
2,octanol_hl_gap_eV,125,-0.025967054069042206,0.0018144577043130994,0.634070908959949,0.918046623189346,0.1505853235721588,0.1666695773601532,1.106811563082288,0.16
2,octanol_hl_gap_eV,126,0.02124483697116375,0.0013498439220711589,0.6341952800141233,0.9667937303814771,0.24901896715164185,0.00038407358806580305,0.0015423467234603008,0.12
2,octanol_hl_gap_eV,127,0.061574243009090424,0.0005955531378276646,0.6384788728353361,0.9536942209807384,0.2472633272409439,0.004009670577943325,0.01621619599915895,0.08
2,octanol_hl_gap_eV,128,0.2578619122505188,0.004959142301231623,0.6730279033818003,0.9745572151463471,0.7851079106330872,0.001480085775256157,0.0018852004357753328,0.24
2,octanol_hl_gap_eV,129,0.4860573709011078,0.002165374578908086,0.6370254301396396,0.9864427289895976,0.3938591480255127,0.005706107709556818,0.014487686113582915,0.36
2,octanol_hl_gap_eV,130,0.3433339297771454,0.001123703084886074,0.637284550346626,0.9048777793834908,0.2376374751329422,0.06514409184455872,0.27413223359705774,0.08
2,octanol_hl_gap_eV,131,0.2019667625427246,0.0006602854118682444,0.6747403098381404,0.9111678997161716,0.2874302268028259,0.015542839653789997,0.05407517444034242,0.06
2,octanol_hl_gap_eV,132,0.043796245008707047,0.0021900555584579706,0.6651515245336095,0.9732061022951106,0.31979992985725403,0.008886388503015041,0.027787337248577796,0.2
2,octanol_hl_gap_eV,133,0.014788161963224411,0.0014049282763153315,0.6479674074489659,0.9823121724482571,0.22479654848575592,0.00062360375886783,0.0027740806656884427,0.14
2,octanol_hl_gap_eV,134,0.05194391310214996,0.0008749648695811629,0.6390286697100682,0.9572900776165008,0.27163752913475037,0.00044644487206824124,0.0016435316338294873,0.12
2,octanol_hl_gap_eV,135,0.08659418672323227,0.0008355873287655413,0.666577019666885,0.900938166196739,0.24301275610923767,0.022962624207139015,0.09449143565458346,0.1
2,octanol_hl_gap_eV,136,0.0676272064447403,0.0019665355794131756,0.6191967992987253,0.9731477116796452,0.2689751386642456,0.0003192037111148238,0.0011867405764711852,0.24
2,octanol_hl_gap_eV,137,0.01932680606842041,0.0032070425804704428,0.6589626991335777,0.9561954545326059,0.4844528138637543,0.003795475233346224,0.007834561230175141,0.18
2,octanol_hl_gap_eV,138,0.07659722864627838,0.0012047794880345464,0.6654957464714462,0.9733050549727842,0.328733891248703,0.00019467028323560953,0.0005921819697267906,0.12
2,octanol_hl_gap_eV,139,0.08811834454536438,0.005190880037844181,0.6284629520964948,0.9899072173769115,0.7619369626045227,0.0041387081146240234,0.005431824832958244,0.18
2,octanol_hl_gap_eV,140,0.05277432128787041,0.0020077351946383715,0.6381408609269865,0.9715772623751335,0.2777458131313324,0.00017877585196401924,0.0006436671356031743,0.06
2,octanol_hl_gap_eV,141,0.21351629495620728,0.0006545707583427429,0.6615850758104485,0.9753834326276496,0.32299569249153137,0.0004865754453931004,0.0015064456174004794,0.24
2,octanol_hl_gap_eV,142,-0.0027897991240024567,0.0025310555938631296,0.6279006918722823,0.9808628644062751,0.3437236249446869,0.03810909017920494,0.1108713146654891,0.06
2,octanol_hl_gap_eV,143,0.06916725635528564,0.0011708170641213655,0.6620945959116356,0.9740347919959271,0.24028825759887695,0.0003595571033656597,0.0014963573624387552,0.1
2,octanol_hl_gap_eV,144,0.1521325707435608,0.001606931909918785,0.6191464838905776,0.9675754922443776,0.2985728681087494,0.0002593761892057955,0.0008687198902189692,0.08
2,octanol_hl_gap_eV,145,0.121775321662426,0.0014238334260880947,0.6335569641876873,0.9652519254251557,0.2445840835571289,0.0164568480104208,0.06728503249712436,0.1
2,octanol_hl_gap_eV,146,0.06958466023206711,0.0007578960503451526,0.6445120839059229,0.9295837780160527,0.2512655556201935,0.002105638151988387,0.008380130522829063,0.06
2,octanol_hl_gap_eV,147,0.03852256387472153,0.0008762480574660003,0.6562246604199438,0.9706986711467036,0.2599223256111145,0.0002716797753237188,0.0010452344741259175,0.04
2,octanol_hl_gap_eV,148,-0.04589473828673363,0.0016132080927491188,0.6344425603874846,0.9595267506164278,0.1165076196193695,0.023551352322101593,0.20214430952279241,0.22
2,octanol_hl_gap_eV,149,0.13587000966072083,0.0011295423610135913,0.6313285457289044,0.9379333221707962,0.30620989203453064,0.016546323895454407,0.05403588951851534,0.02
2,octanol_hl_gap_eV,150,0.0857618898153305,0.0020848007407039404,0.6469715352208851,0.9807731926618377,0.3837844431400299,0.00015161802002694458,0.00039506035936851225,0.1
2,octanol_hl_gap_eV,151,0.06755668669939041,0.0007142000831663609,0.6571390937114012,0.9561103924072023,0.2826189398765564,0.00047201666166074574,0.0016701522617943276,0.2
2,octanol_hl_gap_eV,152,0.1875058263540268,0.0018324315315112472,0.6394616374603961,0.9145825366116194,0.3157539963722229,0.04555515944957733,0.14427421338438157,0.06
2,octanol_hl_gap_eV,153,0.09151177108287811,0.0014587631449103355,0.6337953014812603,0.9762450152796256,0.29640230536460876,0.0008726092055439949,0.002944002761620176,0.02
2,octanol_hl_gap_eV,154,0.058580853044986725,0.0007257749093696475,0.6490177840989624,0.9633612089153416,0.28511810302734375,0.0004079304344486445,0.0014307419631278996,0.06
2,octanol_hl_gap_eV,155,0.14812004566192627,0.0018761358223855495,0.6307757263865519,0.9707821286909919,0.24217954277992249,0.0005634072585962713,0.0023264031805868106,0.06
2,octanol_hl_gap_eV,156,0.487427294254303,0.0007810065872035921,0.6535020123874458,0.8989338591891114,0.28234317898750305,0.030464880168437958,0.10790018118265354,0.4
2,octanol_hl_gap_eV,157,-0.031301990151405334,0.0015049987705424428,0.6533823617539278,0.9773314877804187,0.18278251588344574,0.0030180492904037237,0.016511695748450208,0.12
2,octanol_hl_gap_eV,158,0.08656332641839981,0.0010820993920788169,0.6382373108818458,0.9796655514266361,0.2881522476673126,0.00014393027231562883,0.0004994938386939259,0.02
2,octanol_hl_gap_eV,159,0.21166782081127167,0.0016980604268610477,0.6417186290421288,0.9873832052455465,0.2975248396396637,0.0006631757714785635,0.0022289761496275223,0.2
2,octanol_hl_gap_eV,160,0.3271108567714691,0.0016444778302684426,0.6201316985662157,0.9531831619607789,0.18006004393100739,0.09710758179426193,0.5393066650115342,0.32
2,octanol_hl_gap_eV,161,0.045465681701898575,0.0013139303773641586,0.6425222545932114,0.9624780654840785,0.2831922471523285,0.0004469465056899935,0.00157824414398457,0.04
2,octanol_hl_gap_eV,162,0.29512402415275574,0.0011353050358593464,0.6202383433064713,0.9171688920381318,0.2839325964450836,0.027103064581751823,0.09545598117683511,0.14
2,octanol_hl_gap_eV,163,-0.033603060990571976,0.0010503341909497976,0.663997217905512,0.9451479299673657,0.21302315592765808,0.019276924431324005,0.09049215493676369,0.04
2,octanol_hl_gap_eV,164,0.09701865166425705,0.0009069226798601449,0.6504547234767684,0.9652631920496293,0.27041760087013245,0.0011464303825050592,0.004239481375532321,0.18
2,octanol_hl_gap_eV,165,-0.0201213788241148,0.0018571704858914018,0.6532394746397963,0.9774227366821377,0.048348210752010345,0.04226432368159294,0.8741652074443224,0.22
2,octanol_hl_gap_eV,166,0.07681581377983093,0.0017464032862335443,0.6545859419499382,0.985451527024356,0.2595587968826294,0.0055346256121993065,0.021323205680838564,0.12
2,octanol_hl_gap_eV,167,0.19547326862812042,0.0008361432119272649,0.6380202916522337,0.907873767213178,0.2671741247177124,0.01625930704176426,0.06085659327580214,0.08
2,octanol_hl_gap_eV,168,0.06635098904371262,0.00134371779859066,0.658994000873,0.9408100666662114,0.1430858075618744,0.11248142272233963,0.7861116671106563,0.16
2,octanol_hl_gap_eV,169,0.030068758875131607,0.0017554904334247112,0.6678651802574573,0.9400831168778445,0.33103400468826294,0.005219097249209881,0.0157660457091855,0.14
2,octanol_hl_gap_eV,170,0.10028786957263947,0.000627362634986639,0.6592074040387872,0.9575215588590893,0.2796667814254761,0.0007534795440733433,0.0026942046539557506,0.1
2,octanol_hl_gap_eV,171,0.07739284634590149,0.0005786373512819409,0.6912172528578671,0.9492353051649804,0.26551759243011475,0.0015130607644096017,0.005698533007027944,0.1
2,octanol_hl_gap_eV,172,0.4357336163520813,0.002989789005368948,0.6797671613303289,0.9826489501747606,0.4503175914287567,0.0038258926942944527,0.008495987647641642,0.34
2,octanol_hl_gap_eV,173,0.09712204337120056,0.0014283970231190324,0.6324082413053271,0.9677301606246091,0.3390314280986786,0.0005513375508598983,0.0016262136933789687,0.08
2,octanol_hl_gap_eV,174,0.01675666868686676,0.0008792637963779271,0.6378105536006142,0.950033934397581,0.2942291498184204,0.00134490174241364,0.0045709330406033125,0.08
2,octanol_hl_gap_eV,175,0.020513378083705902,0.0036071583162993193,0.6496940237027202,0.9207327328291404,0.6207579374313354,0.04410781338810921,0.07105477147924211,0.08
2,octanol_hl_gap_eV,176,0.06890710443258286,0.0023998115211725235,0.641890753164722,0.9674948009857722,0.47108137607574463,0.0007214032229967415,0.0015313770818244955,0.08
2,octanol_hl_gap_eV,177,0.16778551042079926,0.0018796890508383512,0.6561165059940692,0.9776507022761096,0.3442140817642212,0.0005761759239248931,0.0016738882993158908,0.16
2,octanol_hl_gap_eV,178,0.06541819125413895,0.0011613790411502123,0.6391225155644942,0.9156196449445215,0.3319167494773865,0.007571040187031031,0.022810057639308275,0.1
2,octanol_hl_gap_eV,179,0.14028626680374146,0.0010958792408928275,0.6232091112938345,0.9736623265615596,0.2415165901184082,0.00048710606642998755,0.0020168637947031894,0.18
2,octanol_hl_gap_eV,180,0.13173122704029083,0.0006375981029123068,0.6707440569690792,0.9670540968402557,0.31599661707878113,0.001932967221364379,0.006117050363493198,0.16
2,octanol_hl_gap_eV,181,0.15023645758628845,0.0009118716698139906,0.6447196579856376,0.9350404270896906,0.3095717132091522,0.006223683711141348,0.020104174398313048,0.02
2,octanol_hl_gap_eV,182,0.10213327407836914,0.0011589439818635583,0.646644801573155,0.9523623369643324,0.3360302150249481,0.0006211577565409243,0.0018485175700488935,0.08
2,octanol_hl_gap_eV,183,0.26893725991249084,0.0024808011949062347,0.6645015415835112,0.9480787890004343,0.3661942481994629,0.036778464913368225,0.10043430527432891,0.18
2,octanol_hl_gap_eV,184,0.013556639663875103,0.0024429750628769398,0.6506205852641211,0.9682781347930072,0.33872219920158386,0.018016666173934937,0.05319009564889094,0.14
2,octanol_hl_gap_eV,185,0.13957811892032623,0.0014216627459973097,0.6540313356238969,0.9616647755607115,0.25288164615631104,0.0038931523449718952,0.015395155813583491,0.16
2,octanol_hl_gap_eV,186,0.03935617953538895,0.0011226191418245435,0.6609171402576657,0.952195150666497,0.2694752812385559,0.004596265964210033,0.017056354642566045,0.14
2,octanol_hl_gap_eV,187,0.16325893998146057,0.001824295031838119,0.6513860709784678,0.9560592831463921,0.014438552781939507,0.05930444225668907,4.107367487056608,0.12
2,octanol_hl_gap_eV,188,0.047638557851314545,0.0025175914634019136,0.6218192043003248,0.9800617535497049,0.416123628616333,0.0005531214992515743,0.0013292239642597986,0.06
2,octanol_hl_gap_eV,189,0.005666372366249561,0.0011123805306851864,0.646427694350252,0.9759953664405994,0.2839399576187134,0.00033564853947609663,0.0011821109726543656,0.16
2,octanol_hl_gap_eV,190,0.057875990867614746,0.0011294027790427208,0.653773942330711,0.9249105345811379,0.3465571999549866,0.0029660440050065517,0.008558598711531036,0.1
2,octanol_hl_gap_eV,191,0.15135623514652252,0.0008182161836884916,0.6532379051441528,0.9598047857918266,0.28739356994628906,0.0018327583093196154,0.006377172285594765,0.1
2,octanol_hl_gap_eV,192,0.09203134477138519,0.0020354967564344406,0.6541498495607907,0.9630895308263814,0.3661380112171173,0.0005496268859133124,0.0015011467508829273,0.0
2,octanol_hl_gap_eV,193,0.3598996102809906,0.001120080822147429,0.6304164661508036,0.9831414292591665,0.263681024312973,0.0005000481032766402,0.0018964129276254408,0.34
2,octanol_hl_gap_eV,194,0.1248343214392662,0.0024222845677286386,0.6562743825680093,0.957083827181868,0.5113781690597534,0.0010097125777974725,0.0019744929269350365,0.12
2,octanol_hl_gap_eV,195,0.004037454724311829,0.0007164967828430235,0.6634977705488954,0.9719787345379443,0.2847015857696533,0.000597049598582089,0.002097106684418507,0.1
2,octanol_hl_gap_eV,196,0.013539056293666363,0.0018104432383552194,0.6679700849945491,0.9695542031044038,0.3178045153617859,0.00036417038063518703,0.0011458942936056734,0.14
2,octanol_hl_gap_eV,197,0.053558316081762314,0.0009484078036621213,0.6601624648981852,0.9712104135735906,0.2617682218551636,0.00012883232557214797,0.0004921618241477413,0.16
2,octanol_hl_gap_eV,198,0.11332748085260391,0.0008575991960242391,0.640180482639594,0.9467124563840754,0.27260690927505493,0.0030766783747822046,0.011286134980819203,0.06
2,octanol_hl_gap_eV,199,0.005255994386970997,0.0009079473675228655,0.6613014912458459,0.9624206531944681,0.24442371726036072,0.0010690727503970265,0.004373850305444163,0.1
2,octanol_hl_gap_eV,200,0.1949838399887085,0.0014809946296736598,0.6669899944662785,0.89767464361527,0.276606023311615,0.1086987629532814,0.39297323193437855,0.14
2,octanol_hl_gap_eV,201,0.1316664218902588,0.0008972510113380849,0.6730910583876577,0.9758658923512498,0.34744155406951904,0.00024304725229740143,0.0006995342078419626,0.06
2,octanol_hl_gap_eV,202,0.05927446484565735,0.0016517131589353085,0.6398199207759667,0.9277508472649867,0.0037483815103769302,0.16290006041526794,43.45877279681892,0.12
2,octanol_hl_gap_eV,203,-0.019755389541387558,0.0016333863604813814,0.6588964221515883,0.9693947499138407,0.35456839203834534,0.006043043453246355,0.017043378905000704,0.02
2,octanol_hl_gap_eV,204,0.0285393837839365,0.0015778568340465426,0.6412279203524376,0.983066794666507,0.3212117552757263,0.001675815787166357,0.005217168299858286,0.04
2,octanol_hl_gap_eV,205,0.45272117853164673,0.0015711914747953415,0.6386994718825088,0.9321156823420318,0.015587608329951763,0.20573963224887848,13.198922367939376,0.36
2,octanol_hl_gap_eV,206,0.0786922425031662,0.0020939884707331657,0.6394949749465888,0.8789109439303795,0.42278897762298584,0.013433350250124931,0.03177317991034258,0.04
2,octanol_hl_gap_eV,207,0.043387070298194885,0.0009326871368102729,0.659291087785101,0.9642372753517214,0.2854728698730469,0.00146047945600003,0.005116000888804328,0.08
2,octanol_hl_gap_eV,208,0.04451185092329979,0.0012006593169644475,0.6384988618597245,0.9478339277947381,0.3122814893722534,0.0006515532732009888,0.0020864293766202336,0.04
2,octanol_hl_gap_eV,209,0.13496877253055573,0.001644127070903778,0.6174993334619965,0.9220510786035645,0.14095281064510345,0.11954478174448013,0.8481191768887439,0.02
2,octanol_hl_gap_eV,210,0.009138195775449276,0.0012695151381194592,0.6417605981694392,0.9340514510329672,0.2036948949098587,0.003867098595947027,0.018984759523101146,0.1
2,octanol_hl_gap_eV,211,0.09642428904771805,0.0011862560641020536,0.6402754815234266,0.9786243963691401,0.27533867955207825,0.001034385641105473,0.0037567756291568425,0.12
2,octanol_hl_gap_eV,212,0.07091321051120758,0.0016063981456682086,0.6377736267237069,0.953982766088854,0.24231545627117157,0.004857717547565699,0.020047080868541463,0.02
2,octanol_hl_gap_eV,213,-0.0002153910172637552,0.001190517912618816,0.6367196284001284,0.9540982322820188,0.23204565048217773,0.00041453176527284086,0.0017864233370091932,0.04
2,octanol_hl_gap_eV,214,0.1436130702495575,0.002045441186055541,0.6229589317654538,0.95642588304375,0.46229737997055054,0.0032160920090973377,0.0069567601903826725,0.06
2,octanol_hl_gap_eV,215,0.019208909943699837,0.0018532642861828208,0.653941269958306,0.9423549780300409,0.4176945388317108,0.012897574342787266,0.030878005680566728,0.12
2,octanol_hl_gap_eV,216,0.08712587505578995,0.0009329708409495652,0.6399737268679369,0.9640468521460712,0.28074705600738525,0.0008185876649804413,0.002915747992594828,0.14
2,octanol_hl_gap_eV,217,0.03703469783067703,0.0013110939180478454,0.6419928613649857,0.9503115308849401,0.2770085334777832,0.0006893344689160585,0.002488495427420993,0.08
2,octanol_hl_gap_eV,218,0.07270323485136032,0.0007309494540095329,0.6500172435080078,0.9615947257008217,0.2491617500782013,0.003873600857332349,0.01554653094271729,0.16
2,octanol_hl_gap_eV,219,0.08639198541641235,0.0007499232888221741,0.6827995921935153,0.9732109624109739,0.300769180059433,0.0002262654306832701,0.0007522892825606643,0.02
2,octanol_hl_gap_eV,220,0.1284416764974594,0.0011184257455170155,0.656164644027512,0.96099894113794,0.24006302654743195,0.0003031092637684196,0.001262623687319592,0.14
2,octanol_hl_gap_eV,221,0.03803209587931633,0.0012416885001584888,0.63472488841015,0.9630428634517167,0.2822260856628418,0.004963383078575134,0.01758654968734741,0.06
2,octanol_hl_gap_eV,222,0.11708194762468338,0.0018656067550182343,0.6513621067153055,0.9571052533747464,0.133798748254776,0.0461013987660408,0.3445577732779364,0.18
2,octanol_hl_gap_eV,223,0.06793887168169022,0.0015756431967020035,0.6299584221019752,0.9332749357297758,0.28777047991752625,0.03515768051147461,0.12217264439893434,0.12
2,octanol_hl_gap_eV,224,0.13332687318325043,0.0012701920932158828,0.6518370915032323,0.920132222753834,0.31520578265190125,0.015639396384358406,0.04961646405335728,0.08
2,octanol_hl_gap_eV,225,0.07945702970027924,0.0008143704035319388,0.6695570206534736,0.9770459583431395,0.28253525495529175,0.00032690935768187046,0.0011570568697120663,0.08
2,octanol_hl_gap_eV,226,0.016567710787057877,0.0012903065653517842,0.6634985791851888,0.9558201646460718,0.179862841963768,0.015905076637864113,0.08842891874836532,0.14
2,octanol_hl_gap_eV,227,0.2832607924938202,0.0011871920432895422,0.6796795188112896,0.986488891735489,0.1907002180814743,0.0027308512944728136,0.014320126751538854,0.24
2,octanol_hl_gap_eV,228,0.21192561089992523,0.001471795723773539,0.6322042559914616,0.9655248748370551,0.30896875262260437,0.0006429000641219318,0.002080793150326156,0.04
2,octanol_hl_gap_eV,229,0.16906936466693878,0.0005810377770103514,0.6598133269858075,0.9425551817398219,0.263458251953125,0.0011068439343944192,0.00420121186635426,0.12
2,octanol_hl_gap_eV,230,0.2465927004814148,0.0008859171066433191,0.6588343480054764,0.9706865252223769,0.1826474815607071,0.005207915790379047,0.02851348261622801,0.42
2,octanol_hl_gap_eV,231,0.1455424576997757,0.002426533494144678,0.6194774503855212,0.9656122536507461,0.43331179022789,0.0006853756494820118,0.0015817147489145282,0.16
2,octanol_hl_gap_eV,232,0.054725006222724915,0.0006130720721557736,0.6429478252765248,0.9469191177851666,0.2536836862564087,0.003830875735729933,0.015100993651826341,0.02
2,octanol_hl_gap_eV,233,0.1145276129245758,0.0010733810486271977,0.6264843782009109,0.9754891463645683,0.305375874042511,0.0006266004638746381,0.0020518990435616728,0.1
2,octanol_hl_gap_eV,234,0.06032498925924301,0.0014240178279578686,0.635877554578101,0.9529687917566596,0.2971961498260498,0.009210733696818352,0.0309921030343409,0.06
2,octanol_hl_gap_eV,235,0.1955195963382721,0.0007308783824555576,0.6479577208327765,0.9409636503250292,0.25587302446365356,0.007484150119125843,0.02924946908652716,0.22
2,octanol_hl_gap_eV,236,0.19549709558486938,0.0011404940159991384,0.632368189265488,0.975881224185928,0.22500713169574738,0.0011133954394608736,0.004948267332994569,0.12
2,octanol_hl_gap_eV,237,0.013684076257050037,0.001389923389069736,0.6419681827303916,0.9760550800771159,0.2842235863208771,0.0006529763923026621,0.0022974039584648612,0.08
2,octanol_hl_gap_eV,238,0.12205395102500916,0.0015590550610795617,0.6376779112483841,0.9719869467418163,0.2724452018737793,0.0037431479431688786,0.013739085575465687,0.14
2,octanol_hl_gap_eV,239,0.6389946341514587,0.0018608741229400039,0.6692275006499699,0.9927463077817502,0.1428861916065216,0.009251128882169724,0.0647447368997375,0.42
2,octanol_hl_gap_eV,240,0.03698265552520752,0.0012925062328577042,0.624724595475108,0.9675004081911542,0.3316803574562073,0.0011420247610658407,0.0034431486079685185,0.04
2,octanol_hl_gap_eV,241,0.0037654582411050797,0.0012043062597513199,0.6493406870902378,0.9575747173937696,0.27982932329177856,0.0014494627248495817,0.005179809992029406,0.08
2,octanol_hl_gap_eV,242,-0.00047930364962667227,0.0020038278307765722,0.6537003520441913,0.958550176023417,0.03739672899246216,0.01793530397117138,0.47959552758709173,0.2
2,octanol_hl_gap_eV,243,0.024820230901241302,0.0007859267643652856,0.6576815880220979,0.9690110919922796,0.29349568486213684,0.0002885562425944954,0.0009831703070184434,0.08
2,octanol_hl_gap_eV,244,0.34676167368888855,0.001883705030195415,0.6509981845856199,0.9838311139185711,0.010219520889222622,0.032848797738552094,3.214318762555104,0.3
2,octanol_hl_gap_eV,245,0.30667251348495483,0.000723118195310235,0.6585654594487389,0.935127227528854,0.32442763447761536,0.018523680046200752,0.057096492646278675,0.24
2,octanol_hl_gap_eV,246,0.1890120804309845,0.0017508051823824644,0.6800679714898603,0.9649319428047469,0.3478512167930603,0.02307695709168911,0.06634145858232772,0.16
2,octanol_hl_gap_eV,247,0.14077447354793549,0.0013277773978188634,0.6943273808890411,0.9730240361063596,0.2876562774181366,0.0005579053540714085,0.001939486108486478,0.18
2,octanol_hl_gap_eV,248,0.0801258459687233,0.001014902489259839,0.6247886122647142,0.9772217968658576,0.2543136179447174,0.002300018211826682,0.009044023007555416,0.1
2,octanol_hl_gap_eV,249,0.1421159952878952,0.001033846172504127,0.683783224357553,0.9685166123328992,0.2609346807003021,0.000266622839262709,0.0010217991665467422,0.16
2,octanol_dipole,0,0.41257110238075256,0.004043873865157366,0.657767588857217,0.9488870464337178,0.6299978494644165,0.10105080902576447,0.16039865709330808,0.32
2,octanol_dipole,1,0.5876395106315613,0.0050048562698066235,0.6385175759512844,0.9333631215539253,0.7254071235656738,0.12344426661729813,0.1701723936904822,0.52
2,octanol_dipole,2,0.24382531642913818,0.0032010774593800306,0.6358133416055469,0.9619151098023968,0.40659257769584656,0.012323868460953236,0.030310116654840073,0.22
2,octanol_dipole,3,0.4628502428531647,0.002484313677996397,0.6529338785132459,0.9304043137477833,0.3246959447860718,0.08882375061511993,0.2735597781291728,0.18
2,octanol_dipole,4,0.7404337525367737,0.002781005809083581,0.6821396120145087,0.9103745506567424,0.5942224860191345,0.2788505256175995,0.4692695617860214,0.64
2,octanol_dipole,5,0.49782389402389526,0.0021886664908379316,0.6678877929152076,0.9385552477294659,0.2353031039237976,0.2534981667995453,1.0773260640099338,0.24
2,octanol_dipole,6,0.3980594575405121,0.005921621806919575,0.6180497001251097,0.9100292088360646,0.8479548692703247,0.11578048020601273,0.13654085188005727,0.36
2,octanol_dipole,7,0.5294037461280823,0.006690293550491333,0.6305145082358594,0.9013491014178292,0.9985495805740356,0.18599839508533478,0.18626856262701547,0.44
2,octanol_dipole,8,0.15566979348659515,0.0030881576240062714,0.6587457432003616,0.948839369577483,0.39725497364997864,0.03989974781870842,0.10043863630481337,0.12
2,octanol_dipole,9,0.13598494231700897,0.0034380177967250347,0.6513244977463304,0.9607156864442996,0.513979434967041,0.005959039553999901,0.011593926037881312,0.18
2,octanol_dipole,10,0.31204721331596375,0.0019144576508551836,0.6466346008923871,0.9712220768349049,0.009779003448784351,0.03197971731424332,3.270242973297937,0.32
2,octanol_dipole,11,0.36834555864334106,0.011332187801599503,0.6256876835618368,0.9076770859101975,1.6454887390136719,0.23622122406959534,0.14355687673146247,0.18
2,octanol_dipole,12,0.22781771421432495,0.009898625314235687,0.6275445947733951,0.9308357725750078,1.332546591758728,0.07807597517967224,0.058591553693162525,0.3
2,octanol_dipole,13,0.45835763216018677,0.010867654345929623,0.6383447700976732,0.929779042489997,1.4820945262908936,0.3006943464279175,0.20288472907354874,0.44
2,octanol_dipole,14,0.09522393345832825,0.001926691154949367,0.6455129181063319,0.9566398316615308,0.27093836665153503,0.006645495072007179,0.02452770035538829,0.18
2,octanol_dipole,15,0.14704903960227966,0.0070301806554198265,0.6311487776490403,0.9383646724119441,0.9713132977485657,0.09296153485774994,0.09570705463749758,0.06
2,octanol_dipole,16,0.7266600728034973,0.0045577422715723515,0.6693594118554544,0.9357606954464355,0.6352850198745728,0.4263920187950134,0.6711822338880239,0.52
2,octanol_dipole,17,0.31833237409591675,0.004507380537688732,0.6509129553438864,0.9690818253816169,0.5761263966560364,0.010870540514588356,0.01886832573144253,0.42
2,octanol_dipole,18,0.11068309098482132,0.006985785439610481,0.6229142826123117,0.9650729709777783,0.8831865787506104,0.0013765954645350575,0.0015586689128388278,0.22
2,octanol_dipole,19,0.5636473298072815,0.003910346422344446,0.6351590943442913,0.8866318838708556,0.5211473703384399,0.23251622915267944,0.44616214603880733,0.3
2,octanol_dipole,20,0.18763455748558044,0.010033209808170795,0.6295536596888813,0.9585974321792017,1.3747793436050415,0.03330576419830322,0.024226261729367086,0.2
2,octanol_dipole,21,0.6066734790802002,0.0017193307867273688,0.6504444136923617,0.9164682830381679,0.28433656692504883,0.14288322627544403,0.5025144244394991,0.48
2,octanol_dipole,22,0.21633842587471008,0.005272422451525927,0.6454300813573803,0.9738441028808633,0.7571970820426941,0.039802227169275284,0.05256521467555135,0.28
2,octanol_dipole,23,0.6753028035163879,0.0037655667401850224,0.6483899384419045,0.9307183500189393,0.5747681856155396,0.2550963759422302,0.443824801592034,0.6
2,octanol_dipole,24,0.4812806248664856,0.0064611732959747314,0.6416317467816115,0.9142605815363216,0.8934342861175537,0.2038426399230957,0.22815627639375716,0.24
2,octanol_dipole,25,0.10093134641647339,0.0033212448470294476,0.6639822959362391,0.9829421605346671,0.4757627248764038,0.03037779964506626,0.06385073494977558,0.1
2,octanol_dipole,26,0.11737006902694702,0.0032229486387223005,0.6550439564598585,0.981121015904709,0.4370989203453064,0.0534881129860878,0.12237072776073755,0.22
2,octanol_dipole,27,0.34554699063301086,0.005361699499189854,0.638668615143233,0.9286325122916488,0.7739086747169495,0.10523401945829391,0.13597730959248178,0.12
2,octanol_dipole,28,0.25252822041511536,0.0063016596250236034,0.656973757560686,0.9154252748958913,0.9821449518203735,0.05400608479976654,0.05498789633818107,0.12
2,octanol_dipole,29,0.17209303379058838,0.010428079403936863,0.6268394985239667,0.9606214052796926,1.3921964168548584,0.001960612367838621,0.001408287181393473,0.1
2,octanol_dipole,30,-0.028360797092318535,0.0021733304020017385,0.6507792349737647,0.9550646234048281,0.16950473189353943,0.027319613844156265,0.16117316336227624,0.22
2,octanol_dipole,31,0.14905180037021637,0.0035196885000914335,0.648159218962638,0.9513019208445526,0.46995416283607483,0.01340987253934145,0.028534426545805406,0.18
2,octanol_dipole,32,0.3166874647140503,0.0028538270853459835,0.6246377521636535,0.9237782963476728,0.3822135627269745,0.04230746626853943,0.11069064626249488,0.16
2,octanol_dipole,33,0.0834224745631218,0.00412245886400342,0.6568428959258645,0.978249932095884,0.6423949003219604,0.0023104390129446983,0.0035966023575011797,0.18
2,octanol_dipole,34,0.8218366503715515,0.00302813109010458,0.6927991745797624,0.9435925877997036,0.3920954763889313,0.47787925601005554,1.2187828852583669,0.76
2,octanol_dipole,35,0.5491599440574646,0.0071435053832829,0.6496954204638796,0.9238911213302543,0.9808691143989563,0.5112012624740601,0.5211717393989993,0.34
2,octanol_dipole,36,0.17202143371105194,0.006135975942015648,0.6429502993865903,0.9804755560909342,0.9674600958824158,0.00440997863188386,0.004558305454305626,0.08
2,octanol_dipole,37,0.673870861530304,0.0012342102127149701,0.6856206919983148,0.9574053663319964,0.3796918988227844,0.016960080713033676,0.044668007839033574,0.5
2,octanol_dipole,38,0.8539677262306213,0.003964120056480169,0.7328627384896456,0.9347101567914016,0.5815436840057373,0.9355107545852661,1.6086680679624348,0.7
2,octanol_dipole,39,0.5293113589286804,0.002700487384572625,0.6683781737548233,0.9332858186139481,0.3399606943130493,0.17289891839027405,0.5085850255119841,0.46
2,octanol_dipole,40,0.7024865746498108,0.002807163866236806,0.6805233142857905,0.9467929405647999,0.37215372920036316,0.3704359233379364,0.9953841498078825,0.54
2,octanol_dipole,41,0.344734787940979,0.0048298886977136135,0.6350390187722204,0.9442987156188165,0.6786500811576843,0.09321041405200958,0.13734679570509348,0.38
2,octanol_dipole,42,0.25537818670272827,0.007897384464740753,0.6326597572173946,0.931984529871114,1.0490901470184326,0.03670802339911461,0.03499034234897799,0.16
2,octanol_dipole,43,0.1451416164636612,0.011878984048962593,0.641461787818391,0.9339619370314702,1.709358811378479,0.1505548357963562,0.0880767892581571,0.08
2,octanol_dipole,44,0.6028863191604614,0.0044362666085362434,0.6391011417728445,0.8927845618059369,0.618477463722229,0.18878811597824097,0.30524655634506614,0.3
2,octanol_dipole,45,0.5076631307601929,0.002910422161221504,0.6390347229006732,0.9138927877038141,0.4091993272304535,0.11677736788988113,0.28538015612160156,0.44
2,octanol_dipole,46,0.19588005542755127,0.003358250018209219,0.6501981137248993,0.9309770162328617,0.47577598690986633,0.08185034245252609,0.17203546354690716,0.2
2,octanol_dipole,47,0.2714550197124481,0.006473293993622065,0.6359380801153638,0.9487706070603503,0.9213519096374512,0.06779436022043228,0.07358139654489795,0.1
2,octanol_dipole,48,0.19985513389110565,0.0028540322091430426,0.6607571715592253,0.9654992809856426,0.3581411838531494,0.03495407849550247,0.09759860097473426,0.2
2,octanol_dipole,49,0.27078777551651,0.004234205465763807,0.6390222499433214,0.9546723200093961,0.5777091979980469,0.02825172245502472,0.04890301652271812,0.3
2,octanol_dipole,50,0.2758346199989319,0.007355061825364828,0.668249290429064,0.9146288362468875,1.30315363407135,0.3174523115158081,0.24360313566713884,0.12
2,octanol_dipole,51,0.2719464898109436,0.003833170048892498,0.6521789289861615,0.9433079913029672,0.5589179396629333,0.09801213443279266,0.1753605090792055,0.16
2,octanol_dipole,52,0.31429705023765564,0.004699913319200277,0.6230622512469433,0.931602929774727,0.7091572284698486,0.06565168499946594,0.0925770511302872,0.28
2,octanol_dipole,53,0.7966079115867615,0.003237335942685604,0.7145611368587619,0.9211463500986936,0.4588911831378937,0.5909903049468994,1.2878658964543908,0.62
2,octanol_dipole,54,0.8331856727600098,0.001567151746712625,0.7002820274167592,0.9035031124421327,0.12041429430246353,0.40228667855262756,3.3408548452075033,0.66
2,octanol_dipole,55,0.14160272479057312,0.003155489219352603,0.6504752181715583,0.9815803378454666,0.4137902855873108,0.059845175594091415,0.14462682590324835,0.2
2,octanol_dipole,56,0.30711379647254944,0.0019344973843544722,0.6457444925578353,0.9758619071264896,0.08530350029468536,0.07078168541193008,0.8297629659675286,0.3
2,octanol_dipole,57,0.40171000361442566,0.007814394310116768,0.635224688714424,0.9204131460095304,1.1020139455795288,0.0766652449965477,0.0695683074647761,0.22
2,octanol_dipole,58,0.302063912153244,0.004551548510789871,0.6738317056060239,0.9666615049781102,0.7733356952667236,0.009677313268184662,0.012513728937401441,0.2
2,octanol_dipole,59,0.3556932806968689,0.00530336145311594,0.6553665839966345,0.9654093042363043,0.8020530343055725,0.08046197146177292,0.10032001378990842,0.3
2,octanol_dipole,60,0.4394843578338623,0.0023455738555639982,0.6808152875798561,0.9611188929991097,0.2589685618877411,0.07160670310258865,0.2765073203504488,0.32
2,octanol_dipole,61,0.20014403760433197,0.0030748762656003237,0.6415347311880759,0.9661022343703998,0.3787231743335724,0.023842882364988327,0.06295596356611638,0.2
2,octanol_dipole,62,0.3872412145137787,0.004003915470093489,0.6533558149393919,0.9106979002841149,0.583648681640625,0.28710559010505676,0.4919150837418301,0.3
2,octanol_dipole,63,0.1509125977754593,0.0031557674519717693,0.6373933230669959,0.9345618242022957,0.44292688369750977,0.03392879664897919,0.07660134865995252,0.16
2,octanol_dipole,64,0.41842320561408997,0.004127419553697109,0.6411303537751463,0.931681988985293,0.5773718357086182,0.09048865735530853,0.15672509769072868,0.22
2,octanol_dipole,65,0.016694258898496628,0.001657529966905713,0.6381936387622515,0.9684776713319065,0.0563197135925293,0.0755552276968956,1.3415414049072483,0.26
2,octanol_dipole,66,0.1678934246301651,0.006153570953756571,0.6237156161726647,0.947372783078057,0.8481731414794922,0.01909559965133667,0.022513799031678463,0.16
2,octanol_dipole,67,0.5788956880569458,0.002800635527819395,0.6462757280108793,0.9403588368520048,0.4479016065597534,0.15984289348125458,0.3568705517914465,0.4
2,octanol_dipole,68,0.12165602296590805,0.009172074496746063,0.6504783702175285,0.9625666450941455,1.528232216835022,0.002568013733252883,0.0016803818850064912,0.16
2,octanol_dipole,69,0.5411075353622437,0.006227383390069008,0.6343994747919692,0.9124444472775637,0.9015281796455383,0.15062804520130157,0.16708079525647807,0.46
2,octanol_dipole,70,0.15105396509170532,0.005273660644888878,0.6375445217298239,0.9626924548898956,0.7751405239105225,0.007089114747941494,0.009145586547555883,0.16
2,octanol_dipole,71,0.14065952599048615,0.0017463447293266654,0.6209672621093247,0.9698361925210193,0.26820218563079834,0.016611460596323013,0.06193633566875555,0.06
2,octanol_dipole,72,0.1379154920578003,0.01009180024266243,0.6245189837878704,0.9680475831462494,1.3298450708389282,0.004665734246373177,0.0035084795580208558,0.1
2,octanol_dipole,73,0.16911053657531738,0.006702314596623182,0.6243295027634468,0.946077040664522,0.9311242699623108,0.01086958684027195,0.011673615639630916,0.12
2,octanol_dipole,74,-0.016079818829894066,0.001631951774470508,0.63082275085555,0.9698616151986723,0.15619753301143646,0.019269393756985664,0.12336554480392978,0.2
2,octanol_dipole,75,0.2447529286146164,0.0031724642030894756,0.6531218956084692,0.9595254947415948,0.4279128313064575,0.04096164181828499,0.09572426630261426,0.28
2,octanol_dipole,76,0.21651691198349,0.005429327953606844,0.6176470643144925,0.9479221578246433,0.7474539875984192,0.01750163361430168,0.023414997986076297,0.14
2,octanol_dipole,77,0.1920684576034546,0.0023480819072574377,0.6488184635194727,0.9366876372994324,0.3126921057701111,0.009629569947719574,0.030795692535964314,0.22
2,octanol_dipole,78,0.5900325179100037,0.0028942739591002464,0.6407358191301655,0.888405492422623,0.40742653608322144,0.2116960883140564,0.5195932752667222,0.44
2,octanol_dipole,79,0.1790381669998169,0.008154382929205894,0.6285099844440338,0.9620165454948331,1.1645925045013428,0.0009398218244314194,0.0008069962847939107,0.12
2,octanol_dipole,80,0.5241884589195251,0.00248443684540689,0.6784224040656142,0.9740875989487683,0.267444372177124,0.13361650705337524,0.49960485601425636,0.54
2,octanol_dipole,81,0.43711400032043457,0.002779485424980521,0.6508353327627001,0.9177399377987578,0.367292195558548,0.1759551763534546,0.4790604823113008,0.26
2,octanol_dipole,82,0.3832398056983948,0.006291045807301998,0.649416577268608,0.9244041524417015,0.9366664886474609,0.22410255670547485,0.23925544408989927,0.24
2,octanol_dipole,83,0.4725225269794464,0.008053166791796684,0.6258889693453535,0.9095163744826753,1.1887320280075073,0.14905555546283722,0.1253903755858893,0.56
2,octanol_dipole,84,0.3996238708496094,0.005429611075669527,0.6420453851469292,0.9513420109572102,0.7050460577011108,0.07528703659772873,0.10678314668294345,0.4
2,octanol_dipole,85,0.40349873900413513,0.002054372103884816,0.6466239754459575,0.9703515463319172,0.030033692717552185,0.05249293893575668,1.7478016915675156,0.28
2,octanol_dipole,86,0.5655969977378845,0.003450315445661545,0.6681008869766905,0.90343560267906,0.5083476901054382,0.3136579692363739,0.6170146443889948,0.36
2,octanol_dipole,87,0.3755885660648346,0.008409208618104458,0.6357160277444773,0.939150804791208,1.3985406160354614,0.3506341874599457,0.2507143399624048,0.24
2,octanol_dipole,88,0.5846974849700928,0.0030992566607892513,0.6431373713079325,0.9075445990485926,0.4312136769294739,0.24975471198558807,0.5791901448117475,0.28
2,octanol_dipole,89,0.18479958176612854,0.005210248287767172,0.6297824735586488,0.9513572062404494,0.6893012523651123,0.05618779733777046,0.08151413789686349,0.1
2,octanol_dipole,90,0.19973236322402954,0.011927126906812191,0.6454602029137491,0.9000202968795947,1.8096572160720825,0.17715652287006378,0.09789507167251682,0.16
2,octanol_dipole,91,0.4775272011756897,0.006474249996244907,0.6367507902678105,0.9289035454625023,0.957908034324646,0.056386660784482956,0.05886437816991195,0.48
2,octanol_dipole,92,0.14620855450630188,0.007054922170937061,0.628001334907452,0.969952682577879,1.0096113681793213,0.001834986498579383,0.0018175176671083831,0.1
2,octanol_dipole,93,0.2328833043575287,0.013060790486633778,0.6192072636682049,0.9590930196864622,1.8076986074447632,0.030808299779891968,0.017042829846198992,0.1
2,octanol_dipole,94,0.3301207423210144,0.011474491097033024,0.62642785798557,0.8910535530180417,1.5331482887268066,0.23801541328430176,0.15524617875154148,0.16
2,octanol_dipole,95,0.13655321300029755,0.002991870976984501,0.6740728097107633,0.9762022254937526,0.4249597489833832,0.02061869017779827,0.048519160290177284,0.28
2,octanol_dipole,96,0.2092631310224533,0.005375881679356098,0.6268051525277929,0.9683445790674228,0.7191714644432068,0.0017236793646588922,0.0023967571711057674,0.12
2,octanol_dipole,97,0.0941334068775177,0.0023901050444692373,0.6396165213948386,0.9661143683178262,0.32337066531181335,0.007108102552592754,0.0219812843745078,0.14
2,octanol_dipole,98,0.902052104473114,0.0018422751454636455,0.7093240800807377,0.9223883421713224,0.19605444371700287,0.372052401304245,1.8976994055859733,0.78
2,octanol_dipole,99,0.42475154995918274,0.009501934982836246,0.6256819688823754,0.8990709378574382,1.2815709114074707,0.1843368262052536,0.14383661845352574,0.36
2,octanol_dipole,100,0.3982103168964386,0.008405523374676704,0.6526686943514508,0.9383455976292592,1.2642868757247925,0.252518892288208,0.19973227369258545,0.22
2,octanol_dipole,101,0.2343597412109375,0.004400051664561033,0.6462267909286206,0.9555797161582387,0.622102677822113,0.03737393021583557,0.06007678723820322,0.22
2,octanol_dipole,102,0.3484533727169037,0.008190937340259552,0.6623874460704562,0.932602546890474,1.5439976453781128,0.33416616916656494,0.2164291960981134,0.12
2,octanol_dipole,103,0.8969575762748718,0.0033990589436143637,0.7219145066965464,0.9132734204021471,0.45965152978897095,0.867136538028717,1.8865085436065558,0.9
2,octanol_dipole,104,0.37556588649749756,0.013106802478432655,0.627856542115653,0.9568738241605395,1.829367995262146,0.15160341560840607,0.08287201700316262,0.28
2,octanol_dipole,105,0.6423184871673584,0.005223648156970739,0.6382540445359253,0.9027652166378202,0.8269234895706177,0.2571214735507965,0.31093744075925034,0.66
2,octanol_dipole,106,0.08803968876600266,0.003284453647211194,0.6538179179131436,0.9692611641099733,0.4469096064567566,0.04799673706293106,0.10739696880419435,0.2
2,octanol_dipole,107,0.1676674336194992,0.0032415492460131645,0.6533186260588049,0.9612797681814977,0.4239303171634674,0.016374735161662102,0.038626006441874756,0.3
2,octanol_dipole,108,0.43944022059440613,0.0023084571585059166,0.6644078412085439,0.9468943321019092,0.2969760298728943,0.07087531685829163,0.23865669188394179,0.44
2,octanol_dipole,109,0.10992062091827393,0.0056016165763139725,0.6289092555747051,0.9584235865910469,0.8355931639671326,0.0018482584273442626,0.002211911857403566,0.1
2,octanol_dipole,110,0.5731419920921326,0.00293729011900723,0.6770017962074604,0.9137365090750973,0.42659154534339905,0.23683935403823853,0.5551899858858825,0.36
2,octanol_dipole,111,0.30257877707481384,0.001990112941712141,0.6716922857575043,0.9733104004031348,0.1523013561964035,0.09960950165987015,0.6540289866586386,0.26
2,octanol_dipole,112,0.21944618225097656,0.00881442055106163,0.6228008067648556,0.9648384804498285,1.341973066329956,0.2179766148328781,0.16242994759127555,0.12
2,octanol_dipole,113,0.09262220561504364,0.003838255302980542,0.6425429668973734,0.9627001895449612,0.5248710513114929,0.0014727532397955656,0.0028059334499694806,0.18
2,octanol_dipole,114,0.6455392837524414,0.003375173080712557,0.6782517832859349,0.9457140571910112,0.4555839002132416,0.35674262046813965,0.7830448360909197,0.56
2,octanol_dipole,115,0.15817998349666595,0.006072282325476408,0.6467578738757229,0.9625833116757534,0.8476467132568359,0.015930166468024254,0.018793403217263974,0.18
2,octanol_dipole,116,0.10916957259178162,0.007485308218747377,0.6363742379066362,0.9596247590410101,1.0392757654190063,0.004000791348516941,0.0038495955372383154,0.14
2,octanol_dipole,117,0.33808860182762146,0.0027482490986585617,0.6394500395089577,0.9527803119705447,0.3545193672180176,0.07397932559251785,0.2086749905175788,0.2
2,octanol_dipole,118,0.5472210049629211,0.0029068472795188427,0.6484126160596384,0.9457475430028268,0.361982136964798,0.11150942742824554,0.308052293307196,0.48
2,octanol_dipole,119,0.3291899561882019,0.00952721107751131,0.6491867999381893,0.9530813183847839,1.4372023344039917,0.06371869891881943,0.04433523199448712,0.26
2,octanol_dipole,120,0.14269419014453888,0.009358593262732029,0.6286680913785518,0.9742302288235158,1.2566585540771484,0.00204112334176898,0.0016242465665368573,0.18
2,octanol_dipole,121,0.339579701423645,0.003520553931593895,0.6478919018166649,0.9529614053293882,0.4947671592235565,0.07404667139053345,0.14965963283968906,0.4
2,octanol_dipole,122,0.2471718043088913,0.004765545483678579,0.6461326701775842,0.9594205337345374,0.6904141902923584,0.018649272620677948,0.027011716854748954,0.24
2,octanol_dipole,123,0.8664262890815735,0.0016001288313418627,0.7128746471465157,0.9268384117652031,0.023005306720733643,0.45105665922164917,19.606635316673792,0.76
2,octanol_dipole,124,0.31050583720207214,0.003719237633049488,0.6400565296475349,0.9619892391203022,0.44749557971954346,0.016770411282777786,0.03747614958183099,0.34
2,octanol_dipole,125,0.9083479046821594,0.0026249787770211697,0.7444546101029594,0.9298197890841147,0.33616018295288086,0.8173605799674988,2.431461610913233,0.88
2,octanol_dipole,126,0.3178267180919647,0.008421228267252445,0.6511003218877529,0.9776549905126655,1.2093424797058105,0.0031655002385377884,0.0026175382835372167,0.32
2,octanol_dipole,127,0.4547302722930908,0.004960708320140839,0.6325358548102107,0.939019710506946,0.6251539587974548,0.18022781610488892,0.28829348925755005,0.34
2,octanol_dipole,128,0.229901984333992,0.016077756881713867,0.6515409749409831,0.9284963958395125,2.615682363510132,0.13715776801109314,0.052436706354143624,0.18
2,octanol_dipole,129,0.14868919551372528,0.002252295147627592,0.6577369568572888,0.9753094099500503,0.17772433161735535,0.08142953366041183,0.4581788712855116,0.18
2,octanol_dipole,130,0.7381599545478821,0.003234565956518054,0.6668818536827066,0.8974465002494669,0.4689871370792389,0.40473002195358276,0.8629874680021354,0.5
2,octanol_dipole,131,0.1565743386745453,0.005778436549007893,0.6339710569655799,0.9584514089813065,0.7436035871505737,0.01504544634371996,0.02023315460509388,0.16
2,octanol_dipole,132,0.5950132608413696,0.002322259359061718,0.6816672503205228,0.9692821121122619,0.23009362816810608,0.1646307110786438,0.7154944375876625,0.48
2,octanol_dipole,133,0.22353577613830566,0.006732327397912741,0.6680517019627921,0.9658451011264071,1.1423747539520264,0.08535259962081909,0.07471506117020112,0.12
2,octanol_dipole,134,0.39028966426849365,0.009316948242485523,0.6245805652254577,0.9053923414092355,1.294325590133667,0.23660904169082642,0.18280488579878224,0.16
2,octanol_dipole,135,0.29930588603019714,0.0035943228285759687,0.6445296267337657,0.9473533762037796,0.4811411499977112,0.07833172380924225,0.16280404161983417,0.18
2,octanol_dipole,136,0.9098135232925415,0.0017437399365007877,0.715347117445378,0.8938066926077655,0.0950872078537941,0.4663830101490021,4.904792355099033,0.8
2,octanol_dipole,137,0.18267042934894562,0.009730005636811256,0.6346068816237214,0.9429976435373162,1.5338727235794067,0.09727458655834198,0.06341763893639392,0.18
2,octanol_dipole,138,0.45191124081611633,0.003878701478242874,0.6309360231967238,0.9410523006303615,0.5429917573928833,0.10549332946538925,0.19428164061256503,0.24
2,octanol_dipole,139,0.288289338350296,0.0040366449393332005,0.630785294655547,0.9173364902347385,0.5484926700592041,0.030383223667740822,0.05539403774431711,0.16
2,octanol_dipole,140,0.08993498980998993,0.007459044456481934,0.631088324901548,0.964224184115712,1.011724829673767,0.0005047179874964058,0.0004988688353721173,0.2
2,octanol_dipole,141,0.18324953317642212,0.005705453921109438,0.6333502288053892,0.9656140681120147,0.7903198003768921,0.022296598181128502,0.028212121435519617,0.14
2,octanol_dipole,142,0.2175312638282776,0.007945995777845383,0.6492786931563292,0.9569764844731061,1.2244104146957397,0.013803791254758835,0.0112738270510293,0.16
2,octanol_dipole,143,0.2726832926273346,0.01564650423824787,0.6179877270361114,0.9687591950614163,2.1864843368530273,0.005775796715170145,0.0026415907115452555,0.24
2,octanol_dipole,144,0.24850301444530487,0.0069641307927668095,0.6299764725229979,0.9541842841108097,0.9553859233856201,0.06833162903785706,0.07152254116923651,0.12
2,octanol_dipole,145,0.3297650218009949,0.0018591255648061633,0.6503553187499049,0.9702201339955423,0.05415460839867592,0.04405994340777397,0.8135954577201086,0.2
2,octanol_dipole,146,0.15734952688217163,0.0024161420296877623,0.6289280279976435,0.9429216884270899,0.2901710867881775,0.019996335729956627,0.0689122267531561,0.08
2,octanol_dipole,147,0.38036811351776123,0.0032837067265063524,0.6238760089236906,0.9106503042365117,0.48433008790016174,0.1225384846329689,0.2530061371248705,0.36
2,octanol_dipole,148,0.1540454477071762,0.0054465592838823795,0.6320952246016471,0.9629133083881307,0.7621462345123291,0.001912301522679627,0.002509100532266281,0.1
2,octanol_dipole,149,0.4651748836040497,0.004399352241307497,0.6419411535214723,0.9535083531205084,0.6172971725463867,0.13772571086883545,0.22311087267856564,0.3
2,octanol_dipole,150,0.2096395343542099,0.0019393328111618757,0.6499990915584335,0.9681915699078005,0.09956851601600647,0.1483669877052307,1.4900994173838995,0.12
2,octanol_dipole,151,0.13600245118141174,0.0027723994571715593,0.6607044158294832,0.956267269718335,0.34717458486557007,0.04802729934453964,0.13833760142072715,0.2
2,octanol_dipole,152,0.31600961089134216,0.0037424610927700996,0.628141072624929,0.9449623949267858,0.5178872346878052,0.02976047620177269,0.057465166562201554,0.2
2,octanol_dipole,153,0.4906504154205322,0.0059870448894798756,0.6273802803867079,0.9221880828499802,0.8619886636734009,0.20704679191112518,0.24019665296848172,0.32
2,octanol_dipole,154,0.33390313386917114,0.0037828029599040747,0.6568223574879763,0.9389172095818181,0.5413891077041626,0.13504116237163544,0.24943457570525693,0.16
2,octanol_dipole,155,0.4054395854473114,0.015141314826905727,0.6383173207274748,0.9107827409663511,2.2593679428100586,0.3489784002304077,0.15445841893125672,0.46
2,octanol_dipole,156,0.580264687538147,0.00426308112218976,0.6701793062429358,0.9616639358091412,0.6612931489944458,0.26607874035835266,0.40236125349695323,0.48
2,octanol_dipole,157,0.09962783753871918,0.002677700249478221,0.6544259125130822,0.9791490732601629,0.3349412977695465,0.05492708832025528,0.16399019376239293,0.1
2,octanol_dipole,158,0.18426097929477692,0.0037288335151970387,0.6416392613289641,0.9666705285629664,0.46826615929603577,0.009395904839038849,0.02006530827075804,0.18
2,octanol_dipole,159,0.13773790001869202,0.009811164811253548,0.6266601129166682,0.9823747130033444,1.428300380706787,0.0009627719409763813,0.0006740682520156989,0.12
2,octanol_dipole,160,0.09843851625919342,0.007421073969453573,0.6303375907478717,0.9701378590550351,1.045201301574707,0.00093373644631356,0.0008933556099736832,0.14
2,octanol_dipole,161,0.2537323832511902,0.0032211849465966225,0.6564409978563972,0.96613243296313,0.43422067165374756,0.048453036695718765,0.11158620457009417,0.22
2,octanol_dipole,162,0.47703781723976135,0.006698307581245899,0.6127404958748461,0.9003872050946742,0.9397543668746948,0.182270348072052,0.1939553084262024,0.36
2,octanol_dipole,163,0.3168649971485138,0.007909184321761131,0.6188062157420529,0.9590951432559305,1.0038983821868896,0.0009750683093443513,0.0009712818813596103,0.54
2,octanol_dipole,164,0.6994268894195557,0.0032582508865743876,0.6545309089906046,0.9030752604185643,0.6316025853157043,0.2817080318927765,0.44602102404626115,0.42
2,octanol_dipole,165,0.5468617677688599,0.0021393182687461376,0.6752248379624586,0.9342419142107234,0.2470184564590454,0.17919012904167175,0.725411904884851,0.38
2,octanol_dipole,166,0.20924727618694305,0.003180483356118202,0.649103194694183,0.9692035509634764,0.4414929449558258,0.052168939262628555,0.11816483107753487,0.2
2,octanol_dipole,167,0.11441484093666077,0.004279081244021654,0.6436935301285249,0.9580230527006632,0.5843139886856079,0.001922253635711968,0.0032897614517769878,0.14
2,octanol_dipole,168,0.1610492616891861,0.00825206097215414,0.6222878219648631,0.9583953369596421,1.0643301010131836,0.0016517196781933308,0.0015518866530421199,0.14
2,octanol_dipole,169,0.12623551487922668,0.0029316346626728773,0.6565269659732182,0.9534064807700231,0.4413720965385437,0.07250717282295227,0.16427674833001238,0.18
2,octanol_dipole,170,0.19126635789871216,0.008512856438755989,0.6347865956891401,0.9495450921779063,1.1282745599746704,0.0022393180988729,0.001984727989367386,0.14
2,octanol_dipole,171,0.1643364578485489,0.009627750143408775,0.6385152499198352,0.9613986873898881,1.3295469284057617,0.014950379729270935,0.01124471758751509,0.08
2,octanol_dipole,172,0.17460808157920837,0.006220675073564053,0.6343542141056451,0.9513800439510613,0.8977217674255371,0.022072333842515945,0.024587054300592937,0.12
2,octanol_dipole,173,0.5356653332710266,0.004145795479416847,0.6317900703540278,0.9403514025694459,0.5936302542686462,0.15479125082492828,0.2607536420387324,0.34
2,octanol_dipole,174,0.09812409430742264,0.0049525159411132336,0.6792309156404011,0.9667646854123628,0.94109046459198,0.04474327713251114,0.04754407659619639,0.08
2,octanol_dipole,175,0.3986758291721344,0.004823113325983286,0.6356805645126209,0.9229015077338061,0.6799651384353638,0.10072429478168488,0.14813155717579415,0.28
2,octanol_dipole,176,0.18621264398097992,0.005350314546376467,0.6292010850546623,0.9361344713539799,0.8418822884559631,0.034340307116508484,0.040789915154872326,0.06
2,octanol_dipole,177,0.3068956732749939,0.0030578854493796825,0.6442793900075252,0.9535189870128722,0.38758155703544617,0.13471804559230804,0.347586316084662,0.16
2,octanol_dipole,178,0.16501936316490173,0.005412725266069174,0.6251908690418144,0.9413219409425242,0.7928312420845032,0.04057135432958603,0.051172749225820456,0.08
2,octanol_dipole,179,0.44122856855392456,0.008256210945546627,0.6330813373612072,0.9242206108080984,1.2188018560409546,0.17466194927692413,0.1433062711639447,0.4
2,octanol_dipole,180,0.2941042184829712,0.004168995190411806,0.6351507706564063,0.9457642846256011,0.5534135103225708,0.05323171243071556,0.09618795247641883,0.18
2,octanol_dipole,181,0.4134730100631714,0.009777887724339962,0.6253547338725896,0.9164247039927575,1.3853580951690674,0.16752935945987701,0.12092855994711746,0.2
2,octanol_dipole,182,0.29641634225845337,0.010468634776771069,0.6540455813335326,0.9255359397808518,1.6977070569992065,0.09868437796831131,0.058128036613537756,0.12
2,octanol_dipole,183,0.6746121048927307,0.0019054976291954517,0.6613311445403389,0.912415532147409,0.12557698786258698,0.23615843057632446,1.8805868383683608,0.42
2,octanol_dipole,184,0.8586471676826477,0.003876672824844718,0.737016685142966,0.9482024290131954,0.6009939908981323,0.8939786553382874,1.4875001562034178,0.72
2,octanol_dipole,185,0.4556023180484772,0.003337576985359192,0.6511040826750898,0.9197648436528687,0.44687026739120483,0.278754323720932,0.6237925054810177,0.32
2,octanol_dipole,186,0.09821100533008575,0.009471454657614231,0.6255124487181491,0.9800067586286632,1.2849092483520508,0.0004792054824065417,0.00037294889348889236,0.12
2,octanol_dipole,187,0.49293389916419983,0.003376784734427929,0.651424431531173,0.9036556721434814,0.4732280373573303,0.1917170286178589,0.4051260988010629,0.2
2,octanol_dipole,188,0.6473358273506165,0.003241465426981449,0.6818278162849942,0.8978539181662766,0.47685638070106506,0.4314291179180145,0.9047359653313976,0.46
2,octanol_dipole,189,0.20565594732761383,0.0021785139106214046,0.6554499775433456,0.9802798544205489,0.2050158977508545,0.06106333062052727,0.29784680744482783,0.26
2,octanol_dipole,190,0.15326672792434692,0.0024359687231481075,0.6504154893118872,0.9571904130109026,0.2488429844379425,0.09128989279270172,0.36685741010097866,0.2
2,octanol_dipole,191,0.48315754532814026,0.004882043227553368,0.6342549476228312,0.910016018525696,0.7669343948364258,0.1303471028804779,0.1699586089215346,0.16
2,octanol_dipole,192,0.44338056445121765,0.0035725801717489958,0.6594490417553112,0.9131155725652671,0.5492718815803528,0.21180516481399536,0.3856107911524513,0.24
2,octanol_dipole,193,0.08988336473703384,0.0060358792543411255,0.6333147364354217,0.9759779163188691,0.7615767121315002,0.001168286893516779,0.0015340370509058486,0.06
2,octanol_dipole,194,0.35878702998161316,0.00707282917574048,0.6263704326828028,0.90068695334159,0.9187994599342346,0.18834546208381653,0.20499082802823787,0.16
2,octanol_dipole,195,0.47830119729042053,0.003925903234630823,0.6638302341834814,0.8975030456585125,0.5875320434570312,0.2844219505786896,0.48409606547611317,0.26
2,octanol_dipole,196,0.4632585346698761,0.003590397769585252,0.635586606097378,0.9407235492280981,0.470816969871521,0.1144346296787262,0.24305544829863232,0.22
2,octanol_dipole,197,0.19628670811653137,0.0032024767715483904,0.6552519026516652,0.9601198300834006,0.41738054156303406,0.05648142099380493,0.13532356056247757,0.2
2,octanol_dipole,198,0.30772653222084045,0.002031282987445593,0.648737431602646,0.9660605256096237,0.08626286685466766,0.05646615847945213,0.6545824470984036,0.46
2,octanol_dipole,199,0.30173972249031067,0.00924085732549429,0.6236446474403958,0.9341341239010561,1.2116541862487793,0.06067785993218422,0.05007852951842624,0.26
2,octanol_dipole,200,0.26662585139274597,0.013986236415803432,0.6226783279086487,0.9095568675803074,1.85006582736969,0.40536805987358093,0.2191100737479749,0.14
2,octanol_dipole,201,0.19107434153556824,0.005131611134856939,0.6816798370827759,0.9508246429785043,1.0210624933242798,0.031533095985651016,0.03088263078099021,0.1
2,octanol_dipole,202,0.40785524249076843,0.002517534187063575,0.6560332369922384,0.9547958500671181,0.23573781549930573,0.15010781586170197,0.6367574737373608,0.28
2,octanol_dipole,203,0.23869416117668152,0.002468625083565712,0.6518392838868416,0.9156066847939599,0.3261355757713318,0.07762638479471207,0.23801875833729771,0.14
2,octanol_dipole,204,0.5278534889221191,0.006222936324775219,0.6515474771761427,0.9470686216097166,0.923370897769928,0.40915432572364807,0.443109401337874,0.5
2,octanol_dipole,205,0.590768575668335,0.0023570358753204346,0.661999283704239,0.9195463394721726,0.2440168261528015,0.18053261935710907,0.7398367653715031,0.32
2,octanol_dipole,206,0.5202493667602539,0.0034922317136079073,0.6521924361416371,0.8779854460044629,0.5760912299156189,0.26027944684028625,0.45180248079528973,0.3
2,octanol_dipole,207,0.3086780309677124,0.003783825319260359,0.6581826323466404,0.9701065115790735,0.5709887742996216,0.05622180178761482,0.09846393540149163,0.24
2,octanol_dipole,208,0.15095765888690948,0.004942579194903374,0.6160739027603355,0.9571924645243273,0.6573600769042969,0.008343750610947609,0.012692816165899212,0.22
2,octanol_dipole,209,0.35141485929489136,0.005423820111900568,0.6299674505043149,0.9355289262057531,0.802635669708252,0.11396632343530655,0.14199010551914779,0.3
2,octanol_dipole,210,0.5513671636581421,0.004876287654042244,0.6567594792015992,0.9134450644283783,0.6849299073219299,0.35170164704322815,0.5134856038311695,0.34
2,octanol_dipole,211,0.18180717527866364,0.005479751154780388,0.6613847655152363,0.972806264595141,0.8415482640266418,0.009064674377441406,0.010771425436811827,0.18
2,octanol_dipole,212,0.3201645612716675,0.009027017280459404,0.6411795651305068,0.9616948859788026,1.3655425310134888,0.0217288788408041,0.015912268089282575,0.26
2,octanol_dipole,213,0.6928390860557556,0.003423101967200637,0.7102651597910477,0.9568173653724141,0.9027150273323059,0.04299868270754814,0.04763262093311707,0.52
2,octanol_dipole,214,0.13160789012908936,0.002090808469802141,0.6543966963169972,0.9740777623486736,0.13648881018161774,0.052071474492549896,0.38150727831286246,0.22
2,octanol_dipole,215,0.15013998746871948,0.00954862218350172,0.6703630909122587,0.9693537317778322,1.607973575592041,0.009580764919519424,0.005958285052036303,0.12
2,octanol_dipole,216,0.19778506457805634,0.0053630005568265915,0.638037204085866,0.9289847299081389,0.8743537664413452,0.08254551142454147,0.09440745221525722,0.14
2,octanol_dipole,217,0.4347465932369232,0.005007417872548103,0.6393242437447266,0.9203247322568746,0.7022770047187805,0.21672673523426056,0.30860576920220606,0.22
2,octanol_dipole,218,0.27014556527137756,0.0032866117544472218,0.6565669708772919,0.961864416593968,0.453100323677063,0.07875031232833862,0.1738032577184079,0.2
2,octanol_dipole,219,0.22543546557426453,0.01156738493591547,0.6170639423972744,0.9061254381135015,1.8289560079574585,0.25615599751472473,0.14005585503436718,0.16
2,octanol_dipole,220,0.23023395240306854,0.003885759739205241,0.6456472337918926,0.9824043660024531,0.5757304430007935,0.06554535031318665,0.11384728931747025,0.2
2,octanol_dipole,221,0.34604907035827637,0.004153887741267681,0.6345417369341533,0.9225372472867637,0.538904070854187,0.060428082942962646,0.11213142785724635,0.22
2,octanol_dipole,222,0.2605545222759247,0.003286953317001462,0.657265006309713,0.9753307538099034,0.48134127259254456,0.023357678204774857,0.048526231874878374,0.42
2,octanol_dipole,223,0.4220888614654541,0.0066718957386910915,0.6220040504111848,0.9482875103750505,1.0354750156402588,0.14002284407615662,0.13522570990240373,0.38
2,octanol_dipole,224,0.4311065375804901,0.005189452785998583,0.6564614887019873,0.914681420630383,0.9419403076171875,0.1565999686717987,0.16625254000218692,0.24
2,octanol_dipole,225,0.18748977780342102,0.003936736844480038,0.6516253422776184,0.9636411709255956,0.5439698100090027,0.020351678133010864,0.03741324933579319,0.24
2,octanol_dipole,226,0.25963538885116577,0.004450524691492319,0.6488156394792424,0.9560990807957588,0.6526933312416077,0.08517184108495712,0.1304928930757361,0.2
2,octanol_dipole,227,0.4768601953983307,0.001712945057079196,0.6376206009305587,0.9541993436264349,0.2327270805835724,0.055937767028808594,0.24035779114550151,0.36
2,octanol_dipole,228,0.6026708483695984,0.004120814613997936,0.6741203600193209,0.9146441041111568,0.6856477856636047,0.26876726746559143,0.3919902799736527,0.4
2,octanol_dipole,229,0.13140727579593658,0.00940551608800888,0.6338043769972086,0.9513863389127049,1.4658114910125732,0.0028571640141308308,0.0019492029034082138,0.1
2,octanol_dipole,230,0.2694706618785858,0.0036164887715131044,0.6652784912474168,0.9689434417140106,0.5381635427474976,0.06447350233793259,0.11980280568389057,0.2
2,octanol_dipole,231,0.38793864846229553,0.007177402265369892,0.6184118416936035,0.8788570505740712,0.9577265381813049,0.16854211688041687,0.17598146251692418,0.28
2,octanol_dipole,232,0.10407405346632004,0.0036826760042458773,0.6528413958200274,0.964836055296667,0.5209916234016418,0.009888957254588604,0.018981029272643463,0.14
2,octanol_dipole,233,0.3333356976509094,0.005302077159285545,0.6288950738621626,0.9083270112234543,0.7880166172981262,0.145069420337677,0.18409436698819467,0.18
2,octanol_dipole,234,0.08205913007259369,0.00310856057330966,0.652304425101004,0.9612715819776649,0.41736751794815063,0.018594393506646156,0.04455160669440531,0.14
2,octanol_dipole,235,0.23146459460258484,0.010171974077820778,0.630165310532949,0.979062174766572,1.4235525131225586,0.0008838968351483345,0.0006209091881054034,0.24
2,octanol_dipole,236,0.1212560161948204,0.0023854172322899103,0.6564586960307943,0.9701395429383111,0.22883224487304688,0.015359344892203808,0.0671205445750225,0.26
2,octanol_dipole,237,0.5461117029190063,0.0022965825628489256,0.6489770795978163,0.9086956473323273,0.24686945974826813,0.17358216643333435,0.703133415572487,0.28
2,octanol_dipole,238,0.44339901208877563,0.00395067036151886,0.632524009207333,0.91871228688278,0.6085774302482605,0.19330036640167236,0.3176265776448828,0.24
2,octanol_dipole,239,0.49631810188293457,0.007491142954677343,0.6259307111351202,0.9065881392712778,1.1686009168624878,0.2989019751548767,0.25577763190309843,0.28
2,octanol_dipole,240,0.6100382804870605,0.0031688364688307047,0.6738737829096708,0.924665500742267,0.46745651960372925,0.2447454333305359,0.523568338586893,0.44
2,octanol_dipole,241,0.319187194108963,0.0038657512050122023,0.6457319076353767,0.9437171804734479,0.530472993850708,0.04628121107816696,0.08724517857584277,0.18
2,octanol_dipole,242,0.24062009155750275,0.006526313256472349,0.6234647653007164,0.9205998459790372,0.8968117833137512,0.036499425768852234,0.04069909254981638,0.18
2,octanol_dipole,243,0.2581198513507843,0.006395469419658184,0.6307381927644695,0.9515897626531415,0.8772522211074829,0.004622969310730696,0.005269829131802539,0.16
2,octanol_dipole,244,0.40290531516075134,0.0016796792624518275,0.6488261682932004,0.9443794196042066,0.005252066534012556,0.16169317066669464,30.78658079054489,0.26
2,octanol_dipole,245,0.4082370400428772,0.004368159919977188,0.6421990460517293,0.9103394857953404,0.6338985562324524,0.2772292494773865,0.43734008659853413,0.28
2,octanol_dipole,246,0.4463460445404053,0.0068209306336939335,0.6311153312531168,0.9097766583166151,0.9377305507659912,0.23921892046928406,0.2551041130886442,0.32
2,octanol_dipole,247,0.09578213095664978,0.004924398846924305,0.62945320256207,0.9720837295050793,0.6891154646873474,0.001365538453683257,0.0019815814963647692,0.14
2,octanol_dipole,248,0.3217802345752716,0.001720844185911119,0.6450126389670947,0.9514864908423626,0.01688615418970585,0.1023830994963646,6.063138968539057,0.26
2,octanol_dipole,249,0.8773477077484131,0.0018207120010629296,0.7182564261760935,0.9235826204087509,0.1473834365606308,0.4749464988708496,3.2225228964278188,0.72
2,hexane_gsolv_eV,0,1.0,0.0,0.6769173086231963,0.6769173086231963,,,,1.0
2,hexane_gsolv_eV,1,1.0,0.0,0.6769173086231963,0.6769173086231963,,,,1.0
2,hexane_gsolv_eV,2,1.0,0.0,0.6769173086231963,0.6769173086231963,,,,1.0
2,hexane_gsolv_eV,3,1.0,0.0,0.6769173086231963,0.6769173086231963,,,,1.0
2,hexane_gsolv_eV,4,1.0,0.0,0.6769173086231963,0.6769173086231963,,,,1.0
2,hexane_gsolv_eV,5,1.0,0.0,0.6769173086231963,0.6769173086231963,,,,1.0
2,hexane_gsolv_eV,6,1.0,0.0,0.6769173086231963,0.6769173086231963,,,,1.0
2,hexane_gsolv_eV,7,1.0,0.0,0.6769173086231963,0.6769173086231963,,,,1.0
2,hexane_gsolv_eV,8,1.0,0.0,0.6769173086231963,0.6769173086231963,,,,1.0
2,hexane_gsolv_eV,9,1.0,0.0,0.6769173086231963,0.6769173086231963,,,,1.0
2,hexane_gsolv_eV,10,1.0,0.0,0.6769173086231963,0.6769173086231963,,,,1.0
2,hexane_gsolv_eV,11,1.0,0.0,0.6769173086231963,0.6769173086231963,,,,1.0
2,hexane_gsolv_eV,12,1.0,0.0,0.6769173086231963,0.6769173086231963,,,,1.0
2,hexane_gsolv_eV,13,1.0,0.0,0.6769173086231963,0.6769173086231963,,,,1.0
2,hexane_gsolv_eV,14,1.0,0.0,0.6769173086231963,0.6769173086231963,,,,1.0
2,hexane_gsolv_eV,15,1.0,0.0,0.6769173086231963,0.6769173086231963,,,,1.0
2,hexane_gsolv_eV,16,1.0,0.0,0.6769173086231963,0.6769173086231963,,,,1.0
2,hexane_gsolv_eV,17,1.0,0.0,0.6769173086231963,0.6769173086231963,,,,1.0
2,hexane_gsolv_eV,18,1.0,0.0,0.6769173086231963,0.6769173086231963,,,,1.0
2,hexane_gsolv_eV,19,1.0,0.0,0.6769173086231963,0.6769173086231963,,,,1.0
2,hexane_gsolv_eV,20,1.0,0.0,0.6769173086231963,0.6769173086231963,,,,1.0
2,hexane_gsolv_eV,21,1.0,0.0,0.6769173086231963,0.6769173086231963,,,,1.0
2,hexane_gsolv_eV,22,1.0,0.0,0.6769173086231963,0.6769173086231963,,,,1.0
2,hexane_gsolv_eV,23,1.0,0.0,0.6769173086231963,0.6769173086231963,,,,1.0
2,hexane_gsolv_eV,24,1.0,0.0,0.6769173086231963,0.6769173086231963,,,,1.0
2,hexane_gsolv_eV,25,1.0,0.0,0.6769173086231963,0.6769173086231963,,,,1.0
2,hexane_gsolv_eV,26,1.0,0.0,0.6769173086231963,0.6769173086231963,,,,1.0
2,hexane_gsolv_eV,27,1.0,0.0,0.6769173086231963,0.6769173086231963,,,,1.0
2,hexane_gsolv_eV,28,1.0,0.0,0.6769173086231963,0.6769173086231963,,,,1.0
2,hexane_gsolv_eV,29,1.0,0.0,0.6769173086231963,0.6769173086231963,,,,1.0
2,hexane_gsolv_eV,30,1.0,0.0,0.6769173086231963,0.6769173086231963,,,,1.0
2,hexane_gsolv_eV,31,1.0,0.0,0.6769173086231963,0.6769173086231963,,,,1.0
2,hexane_gsolv_eV,32,1.0,0.0,0.6769173086231963,0.6769173086231963,,,,1.0
2,hexane_gsolv_eV,33,1.0,0.0,0.6769173086231963,0.6769173086231963,,,,1.0
2,hexane_gsolv_eV,34,1.0,0.0,0.6769173086231963,0.6769173086231963,,,,1.0
2,hexane_gsolv_eV,35,1.0,0.0,0.6769173086231963,0.6769173086231963,,,,1.0
2,hexane_gsolv_eV,36,1.0,0.0,0.6769173086231963,0.6769173086231963,,,,1.0
2,hexane_gsolv_eV,37,1.0,0.0,0.6769173086231963,0.6769173086231963,,,,1.0
2,hexane_gsolv_eV,38,1.0,0.0,0.6769173086231963,0.6769173086231963,,,,1.0
2,hexane_gsolv_eV,39,1.0,0.0,0.6769173086231963,0.6769173086231963,,,,1.0
2,hexane_gsolv_eV,40,1.0,0.0,0.6769173086231963,0.6769173086231963,,,,1.0
2,hexane_gsolv_eV,41,1.0,0.0,0.6769173086231963,0.6769173086231963,,,,1.0
2,hexane_gsolv_eV,42,1.0,0.0,0.6769173086231963,0.6769173086231963,,,,1.0
2,hexane_gsolv_eV,43,1.0,0.0,0.6769173086231963,0.6769173086231963,,,,1.0
2,hexane_gsolv_eV,44,1.0,0.0,0.6769173086231963,0.6769173086231963,,,,1.0
2,hexane_gsolv_eV,45,1.0,0.0,0.6769173086231963,0.6769173086231963,,,,1.0
2,hexane_gsolv_eV,46,1.0,0.0,0.6769173086231963,0.6769173086231963,,,,1.0
2,hexane_gsolv_eV,47,1.0,0.0,0.6769173086231963,0.6769173086231963,,,,1.0
2,hexane_gsolv_eV,48,1.0,0.0,0.6769173086231963,0.6769173086231963,,,,1.0
2,hexane_gsolv_eV,49,1.0,0.0,0.6769173086231963,0.6769173086231963,,,,1.0
2,hexane_gsolv_eV,50,1.0,0.0,0.6769173086231963,0.6769173086231963,,,,1.0
2,hexane_gsolv_eV,51,1.0,0.0,0.6769173086231963,0.6769173086231963,,,,1.0
2,hexane_gsolv_eV,52,1.0,0.0,0.6769173086231963,0.6769173086231963,,,,1.0
2,hexane_gsolv_eV,53,1.0,0.0,0.6769173086231963,0.6769173086231963,,,,1.0
2,hexane_gsolv_eV,54,1.0,0.0,0.6769173086231963,0.6769173086231963,,,,1.0
2,hexane_gsolv_eV,55,1.0,0.0,0.6769173086231963,0.6769173086231963,,,,1.0
2,hexane_gsolv_eV,56,1.0,0.0,0.6769173086231963,0.6769173086231963,,,,1.0
2,hexane_gsolv_eV,57,1.0,0.0,0.6769173086231963,0.6769173086231963,,,,1.0
2,hexane_gsolv_eV,58,1.0,0.0,0.6769173086231963,0.6769173086231963,,,,1.0
2,hexane_gsolv_eV,59,1.0,0.0,0.6769173086231963,0.6769173086231963,,,,1.0
2,hexane_gsolv_eV,60,1.0,0.0,0.6769173086231963,0.6769173086231963,,,,1.0
2,hexane_gsolv_eV,61,1.0,0.0,0.6769173086231963,0.6769173086231963,,,,1.0
2,hexane_gsolv_eV,62,1.0,0.0,0.6769173086231963,0.6769173086231963,,,,1.0
2,hexane_gsolv_eV,63,1.0,0.0,0.6769173086231963,0.6769173086231963,,,,1.0
2,hexane_gsolv_eV,64,1.0,0.0,0.6769173086231963,0.6769173086231963,,,,1.0
2,hexane_gsolv_eV,65,1.0,0.0,0.6769173086231963,0.6769173086231963,,,,1.0
2,hexane_gsolv_eV,66,1.0,0.0,0.6769173086231963,0.6769173086231963,,,,1.0
2,hexane_gsolv_eV,67,1.0,0.0,0.6769173086231963,0.6769173086231963,,,,1.0
2,hexane_gsolv_eV,68,1.0,0.0,0.6769173086231963,0.6769173086231963,,,,1.0
2,hexane_gsolv_eV,69,1.0,0.0,0.6769173086231963,0.6769173086231963,,,,1.0
2,hexane_gsolv_eV,70,1.0,0.0,0.6769173086231963,0.6769173086231963,,,,1.0
2,hexane_gsolv_eV,71,1.0,0.0,0.6769173086231963,0.6769173086231963,,,,1.0
2,hexane_gsolv_eV,72,1.0,0.0,0.6769173086231963,0.6769173086231963,,,,1.0
2,hexane_gsolv_eV,73,1.0,0.0,0.6769173086231963,0.6769173086231963,,,,1.0
2,hexane_gsolv_eV,74,1.0,0.0,0.6769173086231963,0.6769173086231963,,,,1.0
2,hexane_gsolv_eV,75,1.0,0.0,0.6769173086231963,0.6769173086231963,,,,1.0
2,hexane_gsolv_eV,76,1.0,0.0,0.6769173086231963,0.6769173086231963,,,,1.0
2,hexane_gsolv_eV,77,1.0,0.0,0.6769173086231963,0.6769173086231963,,,,1.0
2,hexane_gsolv_eV,78,1.0,0.0,0.6769173086231963,0.6769173086231963,,,,1.0
2,hexane_gsolv_eV,79,1.0,0.0,0.6769173086231963,0.6769173086231963,,,,1.0
2,hexane_gsolv_eV,80,1.0,0.0,0.6769173086231963,0.6769173086231963,,,,1.0
2,hexane_gsolv_eV,81,1.0,0.0,0.6769173086231963,0.6769173086231963,,,,1.0
2,hexane_gsolv_eV,82,1.0,0.0,0.6769173086231963,0.6769173086231963,,,,1.0
2,hexane_gsolv_eV,83,1.0,0.0,0.6769173086231963,0.6769173086231963,,,,1.0
2,hexane_gsolv_eV,84,1.0,0.0,0.6769173086231963,0.6769173086231963,,,,1.0
2,hexane_gsolv_eV,85,1.0,0.0,0.6769173086231963,0.6769173086231963,,,,1.0
2,hexane_gsolv_eV,86,1.0,0.0,0.6769173086231963,0.6769173086231963,,,,1.0
2,hexane_gsolv_eV,87,1.0,0.0,0.6769173086231963,0.6769173086231963,,,,1.0
2,hexane_gsolv_eV,88,1.0,0.0,0.6769173086231963,0.6769173086231963,,,,1.0
2,hexane_gsolv_eV,89,1.0,0.0,0.6769173086231963,0.6769173086231963,,,,1.0
2,hexane_gsolv_eV,90,1.0,0.0,0.6769173086231963,0.6769173086231963,,,,1.0
2,hexane_gsolv_eV,91,1.0,0.0,0.6769173086231963,0.6769173086231963,,,,1.0
2,hexane_gsolv_eV,92,1.0,0.0,0.6769173086231963,0.6769173086231963,,,,1.0
2,hexane_gsolv_eV,93,1.0,0.0,0.6769173086231963,0.6769173086231963,,,,1.0
2,hexane_gsolv_eV,94,1.0,0.0,0.6769173086231963,0.6769173086231963,,,,1.0
2,hexane_gsolv_eV,95,1.0,0.0,0.6769173086231963,0.6769173086231963,,,,1.0
2,hexane_gsolv_eV,96,1.0,0.0,0.6769173086231963,0.6769173086231963,,,,1.0
2,hexane_gsolv_eV,97,1.0,0.0,0.6769173086231963,0.6769173086231963,,,,1.0
2,hexane_gsolv_eV,98,1.0,0.0,0.6769173086231963,0.6769173086231963,,,,1.0
2,hexane_gsolv_eV,99,1.0,0.0,0.6769173086231963,0.6769173086231963,,,,1.0
2,hexane_gsolv_eV,100,1.0,0.0,0.6769173086231963,0.6769173086231963,,,,1.0
2,hexane_gsolv_eV,101,1.0,0.0,0.6769173086231963,0.6769173086231963,,,,1.0
2,hexane_gsolv_eV,102,1.0,0.0,0.6769173086231963,0.6769173086231963,,,,1.0
2,hexane_gsolv_eV,103,1.0,0.0,0.6769173086231963,0.6769173086231963,,,,1.0
2,hexane_gsolv_eV,104,1.0,0.0,0.6769173086231963,0.6769173086231963,,,,1.0
2,hexane_gsolv_eV,105,1.0,0.0,0.6769173086231963,0.6769173086231963,,,,1.0
2,hexane_gsolv_eV,106,1.0,0.0,0.6769173086231963,0.6769173086231963,,,,1.0
2,hexane_gsolv_eV,107,1.0,0.0,0.6769173086231963,0.6769173086231963,,,,1.0
2,hexane_gsolv_eV,108,1.0,0.0,0.6769173086231963,0.6769173086231963,,,,1.0
2,hexane_gsolv_eV,109,1.0,0.0,0.6769173086231963,0.6769173086231963,,,,1.0
2,hexane_gsolv_eV,110,1.0,0.0,0.6769173086231963,0.6769173086231963,,,,1.0
2,hexane_gsolv_eV,111,1.0,0.0,0.6769173086231963,0.6769173086231963,,,,1.0
2,hexane_gsolv_eV,112,1.0,0.0,0.6769173086231963,0.6769173086231963,,,,1.0
2,hexane_gsolv_eV,113,1.0,0.0,0.6769173086231963,0.6769173086231963,,,,1.0
2,hexane_gsolv_eV,114,1.0,0.0,0.6769173086231963,0.6769173086231963,,,,1.0
2,hexane_gsolv_eV,115,1.0,0.0,0.6769173086231963,0.6769173086231963,,,,1.0
2,hexane_gsolv_eV,116,1.0,0.0,0.6769173086231963,0.6769173086231963,,,,1.0
2,hexane_gsolv_eV,117,1.0,0.0,0.6769173086231963,0.6769173086231963,,,,1.0
2,hexane_gsolv_eV,118,1.0,0.0,0.6769173086231963,0.6769173086231963,,,,1.0
2,hexane_gsolv_eV,119,1.0,0.0,0.6769173086231963,0.6769173086231963,,,,1.0
2,hexane_gsolv_eV,120,1.0,0.0,0.6769173086231963,0.6769173086231963,,,,1.0
2,hexane_gsolv_eV,121,1.0,0.0,0.6769173086231963,0.6769173086231963,,,,1.0
2,hexane_gsolv_eV,122,1.0,0.0,0.6769173086231963,0.6769173086231963,,,,1.0
2,hexane_gsolv_eV,123,1.0,0.0,0.6769173086231963,0.6769173086231963,,,,1.0
2,hexane_gsolv_eV,124,1.0,0.0,0.6769173086231963,0.6769173086231963,,,,1.0
2,hexane_gsolv_eV,125,1.0,0.0,0.6769173086231963,0.6769173086231963,,,,1.0
2,hexane_gsolv_eV,126,1.0,0.0,0.6769173086231963,0.6769173086231963,,,,1.0
2,hexane_gsolv_eV,127,1.0,0.0,0.6769173086231963,0.6769173086231963,,,,1.0
2,hexane_gsolv_eV,128,1.0,0.0,0.6769173086231963,0.6769173086231963,,,,1.0
2,hexane_gsolv_eV,129,1.0,0.0,0.6769173086231963,0.6769173086231963,,,,1.0
2,hexane_gsolv_eV,130,1.0,0.0,0.6769173086231963,0.6769173086231963,,,,1.0
2,hexane_gsolv_eV,131,1.0,0.0,0.6769173086231963,0.6769173086231963,,,,1.0
2,hexane_gsolv_eV,132,1.0,0.0,0.6769173086231963,0.6769173086231963,,,,1.0
2,hexane_gsolv_eV,133,1.0,0.0,0.6769173086231963,0.6769173086231963,,,,1.0
2,hexane_gsolv_eV,134,1.0,0.0,0.6769173086231963,0.6769173086231963,,,,1.0
2,hexane_gsolv_eV,135,1.0,0.0,0.6769173086231963,0.6769173086231963,,,,1.0
2,hexane_gsolv_eV,136,1.0,0.0,0.6769173086231963,0.6769173086231963,,,,1.0
2,hexane_gsolv_eV,137,1.0,0.0,0.6769173086231963,0.6769173086231963,,,,1.0
2,hexane_gsolv_eV,138,1.0,0.0,0.6769173086231963,0.6769173086231963,,,,1.0
2,hexane_gsolv_eV,139,1.0,0.0,0.6769173086231963,0.6769173086231963,,,,1.0
2,hexane_gsolv_eV,140,1.0,0.0,0.6769173086231963,0.6769173086231963,,,,1.0
2,hexane_gsolv_eV,141,1.0,0.0,0.6769173086231963,0.6769173086231963,,,,1.0
2,hexane_gsolv_eV,142,1.0,0.0,0.6769173086231963,0.6769173086231963,,,,1.0
2,hexane_gsolv_eV,143,1.0,0.0,0.6769173086231963,0.6769173086231963,,,,1.0
2,hexane_gsolv_eV,144,1.0,0.0,0.6769173086231963,0.6769173086231963,,,,1.0
2,hexane_gsolv_eV,145,1.0,0.0,0.6769173086231963,0.6769173086231963,,,,1.0
2,hexane_gsolv_eV,146,1.0,0.0,0.6769173086231963,0.6769173086231963,,,,1.0
2,hexane_gsolv_eV,147,1.0,0.0,0.6769173086231963,0.6769173086231963,,,,1.0
2,hexane_gsolv_eV,148,1.0,0.0,0.6769173086231963,0.6769173086231963,,,,1.0
2,hexane_gsolv_eV,149,1.0,0.0,0.6769173086231963,0.6769173086231963,,,,1.0
2,hexane_gsolv_eV,150,1.0,0.0,0.6769173086231963,0.6769173086231963,,,,1.0
2,hexane_gsolv_eV,151,1.0,0.0,0.6769173086231963,0.6769173086231963,,,,1.0
2,hexane_gsolv_eV,152,1.0,0.0,0.6769173086231963,0.6769173086231963,,,,1.0
2,hexane_gsolv_eV,153,1.0,0.0,0.6769173086231963,0.6769173086231963,,,,1.0
2,hexane_gsolv_eV,154,1.0,0.0,0.6769173086231963,0.6769173086231963,,,,1.0
2,hexane_gsolv_eV,155,1.0,0.0,0.6769173086231963,0.6769173086231963,,,,1.0
2,hexane_gsolv_eV,156,1.0,0.0,0.6769173086231963,0.6769173086231963,,,,1.0
2,hexane_gsolv_eV,157,1.0,0.0,0.6769173086231963,0.6769173086231963,,,,1.0
2,hexane_gsolv_eV,158,1.0,0.0,0.6769173086231963,0.6769173086231963,,,,1.0
2,hexane_gsolv_eV,159,1.0,0.0,0.6769173086231963,0.6769173086231963,,,,1.0
2,hexane_gsolv_eV,160,1.0,0.0,0.6769173086231963,0.6769173086231963,,,,1.0
2,hexane_gsolv_eV,161,1.0,0.0,0.6769173086231963,0.6769173086231963,,,,1.0
2,hexane_gsolv_eV,162,1.0,0.0,0.6769173086231963,0.6769173086231963,,,,1.0
2,hexane_gsolv_eV,163,1.0,0.0,0.6769173086231963,0.6769173086231963,,,,1.0
2,hexane_gsolv_eV,164,1.0,0.0,0.6769173086231963,0.6769173086231963,,,,1.0
2,hexane_gsolv_eV,165,1.0,0.0,0.6769173086231963,0.6769173086231963,,,,1.0
2,hexane_gsolv_eV,166,1.0,0.0,0.6769173086231963,0.6769173086231963,,,,1.0
2,hexane_gsolv_eV,167,1.0,0.0,0.6769173086231963,0.6769173086231963,,,,1.0
2,hexane_gsolv_eV,168,1.0,0.0,0.6769173086231963,0.6769173086231963,,,,1.0
2,hexane_gsolv_eV,169,1.0,0.0,0.6769173086231963,0.6769173086231963,,,,1.0
2,hexane_gsolv_eV,170,1.0,0.0,0.6769173086231963,0.6769173086231963,,,,1.0
2,hexane_gsolv_eV,171,1.0,0.0,0.6769173086231963,0.6769173086231963,,,,1.0
2,hexane_gsolv_eV,172,1.0,0.0,0.6769173086231963,0.6769173086231963,,,,1.0
2,hexane_gsolv_eV,173,1.0,0.0,0.6769173086231963,0.6769173086231963,,,,1.0
2,hexane_gsolv_eV,174,1.0,0.0,0.6769173086231963,0.6769173086231963,,,,1.0
2,hexane_gsolv_eV,175,1.0,0.0,0.6769173086231963,0.6769173086231963,,,,1.0
2,hexane_gsolv_eV,176,1.0,0.0,0.6769173086231963,0.6769173086231963,,,,1.0
2,hexane_gsolv_eV,177,1.0,0.0,0.6769173086231963,0.6769173086231963,,,,1.0
2,hexane_gsolv_eV,178,1.0,0.0,0.6769173086231963,0.6769173086231963,,,,1.0
2,hexane_gsolv_eV,179,1.0,0.0,0.6769173086231963,0.6769173086231963,,,,1.0
2,hexane_gsolv_eV,180,1.0,0.0,0.6769173086231963,0.6769173086231963,,,,1.0
2,hexane_gsolv_eV,181,1.0,0.0,0.6769173086231963,0.6769173086231963,,,,1.0
2,hexane_gsolv_eV,182,1.0,0.0,0.6769173086231963,0.6769173086231963,,,,1.0
2,hexane_gsolv_eV,183,1.0,0.0,0.6769173086231963,0.6769173086231963,,,,1.0
2,hexane_gsolv_eV,184,1.0,0.0,0.6769173086231963,0.6769173086231963,,,,1.0
2,hexane_gsolv_eV,185,1.0,0.0,0.6769173086231963,0.6769173086231963,,,,1.0
2,hexane_gsolv_eV,186,1.0,0.0,0.6769173086231963,0.6769173086231963,,,,1.0
2,hexane_gsolv_eV,187,1.0,0.0,0.6769173086231963,0.6769173086231963,,,,1.0
2,hexane_gsolv_eV,188,1.0,0.0,0.6769173086231963,0.6769173086231963,,,,1.0
2,hexane_gsolv_eV,189,1.0,0.0,0.6769173086231963,0.6769173086231963,,,,1.0
2,hexane_gsolv_eV,190,1.0,0.0,0.6769173086231963,0.6769173086231963,,,,1.0
2,hexane_gsolv_eV,191,1.0,0.0,0.6769173086231963,0.6769173086231963,,,,1.0
2,hexane_gsolv_eV,192,1.0,0.0,0.6769173086231963,0.6769173086231963,,,,1.0
2,hexane_gsolv_eV,193,1.0,0.0,0.6769173086231963,0.6769173086231963,,,,1.0
2,hexane_gsolv_eV,194,1.0,0.0,0.6769173086231963,0.6769173086231963,,,,1.0
2,hexane_gsolv_eV,195,1.0,0.0,0.6769173086231963,0.6769173086231963,,,,1.0
2,hexane_gsolv_eV,196,1.0,0.0,0.6769173086231963,0.6769173086231963,,,,1.0
2,hexane_gsolv_eV,197,1.0,0.0,0.6769173086231963,0.6769173086231963,,,,1.0
2,hexane_gsolv_eV,198,1.0,0.0,0.6769173086231963,0.6769173086231963,,,,1.0
2,hexane_gsolv_eV,199,1.0,0.0,0.6769173086231963,0.6769173086231963,,,,1.0
2,hexane_gsolv_eV,200,1.0,0.0,0.6769173086231963,0.6769173086231963,,,,1.0
2,hexane_gsolv_eV,201,1.0,0.0,0.6769173086231963,0.6769173086231963,,,,1.0
2,hexane_gsolv_eV,202,1.0,0.0,0.6769173086231963,0.6769173086231963,,,,1.0
2,hexane_gsolv_eV,203,1.0,0.0,0.6769173086231963,0.6769173086231963,,,,1.0
2,hexane_gsolv_eV,204,1.0,0.0,0.6769173086231963,0.6769173086231963,,,,1.0
2,hexane_gsolv_eV,205,1.0,0.0,0.6769173086231963,0.6769173086231963,,,,1.0
2,hexane_gsolv_eV,206,1.0,0.0,0.6769173086231963,0.6769173086231963,,,,1.0
2,hexane_gsolv_eV,207,1.0,0.0,0.6769173086231963,0.6769173086231963,,,,1.0
2,hexane_gsolv_eV,208,1.0,0.0,0.6769173086231963,0.6769173086231963,,,,1.0
2,hexane_gsolv_eV,209,1.0,0.0,0.6769173086231963,0.6769173086231963,,,,1.0
2,hexane_gsolv_eV,210,1.0,0.0,0.6769173086231963,0.6769173086231963,,,,1.0
2,hexane_gsolv_eV,211,1.0,0.0,0.6769173086231963,0.6769173086231963,,,,1.0
2,hexane_gsolv_eV,212,1.0,0.0,0.6769173086231963,0.6769173086231963,,,,1.0
2,hexane_gsolv_eV,213,1.0,0.0,0.6769173086231963,0.6769173086231963,,,,1.0
2,hexane_gsolv_eV,214,1.0,0.0,0.6769173086231963,0.6769173086231963,,,,1.0
2,hexane_gsolv_eV,215,1.0,0.0,0.6769173086231963,0.6769173086231963,,,,1.0
2,hexane_gsolv_eV,216,1.0,0.0,0.6769173086231963,0.6769173086231963,,,,1.0
2,hexane_gsolv_eV,217,1.0,0.0,0.6769173086231963,0.6769173086231963,,,,1.0
2,hexane_gsolv_eV,218,1.0,0.0,0.6769173086231963,0.6769173086231963,,,,1.0
2,hexane_gsolv_eV,219,1.0,0.0,0.6769173086231963,0.6769173086231963,,,,1.0
2,hexane_gsolv_eV,220,1.0,0.0,0.6769173086231963,0.6769173086231963,,,,1.0
2,hexane_gsolv_eV,221,1.0,0.0,0.6769173086231963,0.6769173086231963,,,,1.0
2,hexane_gsolv_eV,222,1.0,0.0,0.6769173086231963,0.6769173086231963,,,,1.0
2,hexane_gsolv_eV,223,1.0,0.0,0.6769173086231963,0.6769173086231963,,,,1.0
2,hexane_gsolv_eV,224,1.0,0.0,0.6769173086231963,0.6769173086231963,,,,1.0
2,hexane_gsolv_eV,225,1.0,0.0,0.6769173086231963,0.6769173086231963,,,,1.0
2,hexane_gsolv_eV,226,1.0,0.0,0.6769173086231963,0.6769173086231963,,,,1.0
2,hexane_gsolv_eV,227,1.0,0.0,0.6769173086231963,0.6769173086231963,,,,1.0
2,hexane_gsolv_eV,228,1.0,0.0,0.6769173086231963,0.6769173086231963,,,,1.0
2,hexane_gsolv_eV,229,1.0,0.0,0.6769173086231963,0.6769173086231963,,,,1.0
2,hexane_gsolv_eV,230,1.0,0.0,0.6769173086231963,0.6769173086231963,,,,1.0
2,hexane_gsolv_eV,231,1.0,0.0,0.6769173086231963,0.6769173086231963,,,,1.0
2,hexane_gsolv_eV,232,1.0,0.0,0.6769173086231963,0.6769173086231963,,,,1.0
2,hexane_gsolv_eV,233,1.0,0.0,0.6769173086231963,0.6769173086231963,,,,1.0
2,hexane_gsolv_eV,234,1.0,0.0,0.6769173086231963,0.6769173086231963,,,,1.0
2,hexane_gsolv_eV,235,1.0,0.0,0.6769173086231963,0.6769173086231963,,,,1.0
2,hexane_gsolv_eV,236,1.0,0.0,0.6769173086231963,0.6769173086231963,,,,1.0
2,hexane_gsolv_eV,237,1.0,0.0,0.6769173086231963,0.6769173086231963,,,,1.0
2,hexane_gsolv_eV,238,1.0,0.0,0.6769173086231963,0.6769173086231963,,,,1.0
2,hexane_gsolv_eV,239,1.0,0.0,0.6769173086231963,0.6769173086231963,,,,1.0
2,hexane_gsolv_eV,240,1.0,0.0,0.6769173086231963,0.6769173086231963,,,,1.0
2,hexane_gsolv_eV,241,1.0,0.0,0.6769173086231963,0.6769173086231963,,,,1.0
2,hexane_gsolv_eV,242,1.0,0.0,0.6769173086231963,0.6769173086231963,,,,1.0
2,hexane_gsolv_eV,243,1.0,0.0,0.6769173086231963,0.6769173086231963,,,,1.0
2,hexane_gsolv_eV,244,1.0,0.0,0.6769173086231963,0.6769173086231963,,,,1.0
2,hexane_gsolv_eV,245,1.0,0.0,0.6769173086231963,0.6769173086231963,,,,1.0
2,hexane_gsolv_eV,246,1.0,0.0,0.6769173086231963,0.6769173086231963,,,,1.0
2,hexane_gsolv_eV,247,1.0,0.0,0.6769173086231963,0.6769173086231963,,,,1.0
2,hexane_gsolv_eV,248,1.0,0.0,0.6769173086231963,0.6769173086231963,,,,1.0
2,hexane_gsolv_eV,249,1.0,0.0,0.6769173086231963,0.6769173086231963,,,,1.0
2,hexane_hl_gap_eV,0,0.9999998807907104,0.0,0.6963540072184844,0.6963540072184844,,,,1.0
2,hexane_hl_gap_eV,1,0.9999998807907104,0.0,0.6963540072184844,0.6963540072184844,,,,1.0
2,hexane_hl_gap_eV,2,0.9999998807907104,0.0,0.6963540072184844,0.6963540072184844,,,,1.0
2,hexane_hl_gap_eV,3,0.9999998807907104,0.0,0.6963540072184844,0.6963540072184844,,,,1.0
2,hexane_hl_gap_eV,4,0.9999998807907104,0.0,0.6963540072184844,0.6963540072184844,,,,1.0
2,hexane_hl_gap_eV,5,0.9999998807907104,0.0,0.6963540072184844,0.6963540072184844,,,,1.0
2,hexane_hl_gap_eV,6,0.9999998807907104,0.0,0.6963540072184844,0.6963540072184844,,,,1.0
2,hexane_hl_gap_eV,7,0.9999998807907104,0.0,0.6963540072184844,0.6963540072184844,,,,1.0
2,hexane_hl_gap_eV,8,0.9999998807907104,0.0,0.6963540072184844,0.6963540072184844,,,,1.0
2,hexane_hl_gap_eV,9,0.9999998807907104,0.0,0.6963540072184844,0.6963540072184844,,,,1.0
2,hexane_hl_gap_eV,10,0.9999998807907104,0.0,0.6963540072184844,0.6963540072184844,,,,1.0
2,hexane_hl_gap_eV,11,0.9999998807907104,0.0,0.6963540072184844,0.6963540072184844,,,,1.0
2,hexane_hl_gap_eV,12,0.9999998807907104,0.0,0.6963540072184844,0.6963540072184844,,,,1.0
2,hexane_hl_gap_eV,13,0.9999998807907104,0.0,0.6963540072184844,0.6963540072184844,,,,1.0
2,hexane_hl_gap_eV,14,0.9999998807907104,0.0,0.6963540072184844,0.6963540072184844,,,,1.0
2,hexane_hl_gap_eV,15,0.9999998807907104,0.0,0.6963540072184844,0.6963540072184844,,,,1.0
2,hexane_hl_gap_eV,16,0.9999998807907104,0.0,0.6963540072184844,0.6963540072184844,,,,1.0
2,hexane_hl_gap_eV,17,0.9999998807907104,0.0,0.6963540072184844,0.6963540072184844,,,,1.0
2,hexane_hl_gap_eV,18,0.9999998807907104,0.0,0.6963540072184844,0.6963540072184844,,,,1.0
2,hexane_hl_gap_eV,19,0.9999998807907104,0.0,0.6963540072184844,0.6963540072184844,,,,1.0
2,hexane_hl_gap_eV,20,0.9999998807907104,0.0,0.6963540072184844,0.6963540072184844,,,,1.0
2,hexane_hl_gap_eV,21,0.9999998807907104,0.0,0.6963540072184844,0.6963540072184844,,,,1.0
2,hexane_hl_gap_eV,22,0.9999998807907104,0.0,0.6963540072184844,0.6963540072184844,,,,1.0
2,hexane_hl_gap_eV,23,0.9999998807907104,0.0,0.6963540072184844,0.6963540072184844,,,,1.0
2,hexane_hl_gap_eV,24,0.9999998807907104,0.0,0.6963540072184844,0.6963540072184844,,,,1.0
2,hexane_hl_gap_eV,25,0.9999998807907104,0.0,0.6963540072184844,0.6963540072184844,,,,1.0
2,hexane_hl_gap_eV,26,0.9999998807907104,0.0,0.6963540072184844,0.6963540072184844,,,,1.0
2,hexane_hl_gap_eV,27,0.9999998807907104,0.0,0.6963540072184844,0.6963540072184844,,,,1.0
2,hexane_hl_gap_eV,28,0.9999998807907104,0.0,0.6963540072184844,0.6963540072184844,,,,1.0
2,hexane_hl_gap_eV,29,0.9999998807907104,0.0,0.6963540072184844,0.6963540072184844,,,,1.0
2,hexane_hl_gap_eV,30,0.9999998807907104,0.0,0.6963540072184844,0.6963540072184844,,,,1.0
2,hexane_hl_gap_eV,31,0.9999998807907104,0.0,0.6963540072184844,0.6963540072184844,,,,1.0
2,hexane_hl_gap_eV,32,0.9999998807907104,0.0,0.6963540072184844,0.6963540072184844,,,,1.0
2,hexane_hl_gap_eV,33,0.9999998807907104,0.0,0.6963540072184844,0.6963540072184844,,,,1.0
2,hexane_hl_gap_eV,34,0.9999998807907104,0.0,0.6963540072184844,0.6963540072184844,,,,1.0
2,hexane_hl_gap_eV,35,0.9999998807907104,0.0,0.6963540072184844,0.6963540072184844,,,,1.0
2,hexane_hl_gap_eV,36,0.9999998807907104,0.0,0.6963540072184844,0.6963540072184844,,,,1.0
2,hexane_hl_gap_eV,37,0.9999998807907104,0.0,0.6963540072184844,0.6963540072184844,,,,1.0
2,hexane_hl_gap_eV,38,0.9999998807907104,0.0,0.6963540072184844,0.6963540072184844,,,,1.0
2,hexane_hl_gap_eV,39,0.9999998807907104,0.0,0.6963540072184844,0.6963540072184844,,,,1.0
2,hexane_hl_gap_eV,40,0.9999998807907104,0.0,0.6963540072184844,0.6963540072184844,,,,1.0
2,hexane_hl_gap_eV,41,0.9999998807907104,0.0,0.6963540072184844,0.6963540072184844,,,,1.0
2,hexane_hl_gap_eV,42,0.9999998807907104,0.0,0.6963540072184844,0.6963540072184844,,,,1.0
2,hexane_hl_gap_eV,43,0.9999998807907104,0.0,0.6963540072184844,0.6963540072184844,,,,1.0
2,hexane_hl_gap_eV,44,0.9999998807907104,0.0,0.6963540072184844,0.6963540072184844,,,,1.0
2,hexane_hl_gap_eV,45,0.9999998807907104,0.0,0.6963540072184844,0.6963540072184844,,,,1.0
2,hexane_hl_gap_eV,46,0.9999998807907104,0.0,0.6963540072184844,0.6963540072184844,,,,1.0
2,hexane_hl_gap_eV,47,0.9999998807907104,0.0,0.6963540072184844,0.6963540072184844,,,,1.0
2,hexane_hl_gap_eV,48,0.9999998807907104,0.0,0.6963540072184844,0.6963540072184844,,,,1.0
2,hexane_hl_gap_eV,49,0.9999998807907104,0.0,0.6963540072184844,0.6963540072184844,,,,1.0
2,hexane_hl_gap_eV,50,0.9999998807907104,0.0,0.6963540072184844,0.6963540072184844,,,,1.0
2,hexane_hl_gap_eV,51,0.9999998807907104,0.0,0.6963540072184844,0.6963540072184844,,,,1.0
2,hexane_hl_gap_eV,52,0.9999998807907104,0.0,0.6963540072184844,0.6963540072184844,,,,1.0
2,hexane_hl_gap_eV,53,0.9999998807907104,0.0,0.6963540072184844,0.6963540072184844,,,,1.0
2,hexane_hl_gap_eV,54,0.9999998807907104,0.0,0.6963540072184844,0.6963540072184844,,,,1.0
2,hexane_hl_gap_eV,55,0.9999998807907104,0.0,0.6963540072184844,0.6963540072184844,,,,1.0
2,hexane_hl_gap_eV,56,0.9999998807907104,0.0,0.6963540072184844,0.6963540072184844,,,,1.0
2,hexane_hl_gap_eV,57,0.9999998807907104,0.0,0.6963540072184844,0.6963540072184844,,,,1.0
2,hexane_hl_gap_eV,58,0.9999998807907104,0.0,0.6963540072184844,0.6963540072184844,,,,1.0
2,hexane_hl_gap_eV,59,0.9999998807907104,0.0,0.6963540072184844,0.6963540072184844,,,,1.0
2,hexane_hl_gap_eV,60,0.9999998807907104,0.0,0.6963540072184844,0.6963540072184844,,,,1.0
2,hexane_hl_gap_eV,61,0.9999998807907104,0.0,0.6963540072184844,0.6963540072184844,,,,1.0
2,hexane_hl_gap_eV,62,0.9999998807907104,0.0,0.6963540072184844,0.6963540072184844,,,,1.0
2,hexane_hl_gap_eV,63,0.9999998807907104,0.0,0.6963540072184844,0.6963540072184844,,,,1.0
2,hexane_hl_gap_eV,64,0.9999998807907104,0.0,0.6963540072184844,0.6963540072184844,,,,1.0
2,hexane_hl_gap_eV,65,0.9999998807907104,0.0,0.6963540072184844,0.6963540072184844,,,,1.0
2,hexane_hl_gap_eV,66,0.9999998807907104,0.0,0.6963540072184844,0.6963540072184844,,,,1.0
2,hexane_hl_gap_eV,67,0.9999998807907104,0.0,0.6963540072184844,0.6963540072184844,,,,1.0
2,hexane_hl_gap_eV,68,0.9999998807907104,0.0,0.6963540072184844,0.6963540072184844,,,,1.0
2,hexane_hl_gap_eV,69,0.9999998807907104,0.0,0.6963540072184844,0.6963540072184844,,,,1.0
2,hexane_hl_gap_eV,70,0.9999998807907104,0.0,0.6963540072184844,0.6963540072184844,,,,1.0
2,hexane_hl_gap_eV,71,0.9999998807907104,0.0,0.6963540072184844,0.6963540072184844,,,,1.0
2,hexane_hl_gap_eV,72,0.9999998807907104,0.0,0.6963540072184844,0.6963540072184844,,,,1.0
2,hexane_hl_gap_eV,73,0.9999998807907104,0.0,0.6963540072184844,0.6963540072184844,,,,1.0
2,hexane_hl_gap_eV,74,0.9999998807907104,0.0,0.6963540072184844,0.6963540072184844,,,,1.0
2,hexane_hl_gap_eV,75,0.9999998807907104,0.0,0.6963540072184844,0.6963540072184844,,,,1.0
2,hexane_hl_gap_eV,76,0.9999998807907104,0.0,0.6963540072184844,0.6963540072184844,,,,1.0
2,hexane_hl_gap_eV,77,0.9999998807907104,0.0,0.6963540072184844,0.6963540072184844,,,,1.0
2,hexane_hl_gap_eV,78,0.9999998807907104,0.0,0.6963540072184844,0.6963540072184844,,,,1.0
2,hexane_hl_gap_eV,79,0.9999998807907104,0.0,0.6963540072184844,0.6963540072184844,,,,1.0
2,hexane_hl_gap_eV,80,0.9999998807907104,0.0,0.6963540072184844,0.6963540072184844,,,,1.0
2,hexane_hl_gap_eV,81,0.9999998807907104,0.0,0.6963540072184844,0.6963540072184844,,,,1.0
2,hexane_hl_gap_eV,82,0.9999998807907104,0.0,0.6963540072184844,0.6963540072184844,,,,1.0
2,hexane_hl_gap_eV,83,0.9999998807907104,0.0,0.6963540072184844,0.6963540072184844,,,,1.0
2,hexane_hl_gap_eV,84,0.9999998807907104,0.0,0.6963540072184844,0.6963540072184844,,,,1.0
2,hexane_hl_gap_eV,85,0.9999998807907104,0.0,0.6963540072184844,0.6963540072184844,,,,1.0
2,hexane_hl_gap_eV,86,0.9999998807907104,0.0,0.6963540072184844,0.6963540072184844,,,,1.0
2,hexane_hl_gap_eV,87,0.9999998807907104,0.0,0.6963540072184844,0.6963540072184844,,,,1.0
2,hexane_hl_gap_eV,88,0.9999998807907104,0.0,0.6963540072184844,0.6963540072184844,,,,1.0
2,hexane_hl_gap_eV,89,0.9999998807907104,0.0,0.6963540072184844,0.6963540072184844,,,,1.0
2,hexane_hl_gap_eV,90,0.9999998807907104,0.0,0.6963540072184844,0.6963540072184844,,,,1.0
2,hexane_hl_gap_eV,91,0.9999998807907104,0.0,0.6963540072184844,0.6963540072184844,,,,1.0
2,hexane_hl_gap_eV,92,0.9999998807907104,0.0,0.6963540072184844,0.6963540072184844,,,,1.0
2,hexane_hl_gap_eV,93,0.9999998807907104,0.0,0.6963540072184844,0.6963540072184844,,,,1.0
2,hexane_hl_gap_eV,94,0.9999998807907104,0.0,0.6963540072184844,0.6963540072184844,,,,1.0
2,hexane_hl_gap_eV,95,0.9999998807907104,0.0,0.6963540072184844,0.6963540072184844,,,,1.0
2,hexane_hl_gap_eV,96,0.9999998807907104,0.0,0.6963540072184844,0.6963540072184844,,,,1.0
2,hexane_hl_gap_eV,97,0.9999998807907104,0.0,0.6963540072184844,0.6963540072184844,,,,1.0
2,hexane_hl_gap_eV,98,0.9999998807907104,0.0,0.6963540072184844,0.6963540072184844,,,,1.0
2,hexane_hl_gap_eV,99,0.9999998807907104,0.0,0.6963540072184844,0.6963540072184844,,,,1.0
2,hexane_hl_gap_eV,100,0.9999998807907104,0.0,0.6963540072184844,0.6963540072184844,,,,1.0
2,hexane_hl_gap_eV,101,0.9999998807907104,0.0,0.6963540072184844,0.6963540072184844,,,,1.0
2,hexane_hl_gap_eV,102,0.9999998807907104,0.0,0.6963540072184844,0.6963540072184844,,,,1.0
2,hexane_hl_gap_eV,103,0.9999998807907104,0.0,0.6963540072184844,0.6963540072184844,,,,1.0
2,hexane_hl_gap_eV,104,0.9999998807907104,0.0,0.6963540072184844,0.6963540072184844,,,,1.0
2,hexane_hl_gap_eV,105,0.9999998807907104,0.0,0.6963540072184844,0.6963540072184844,,,,1.0
2,hexane_hl_gap_eV,106,0.9999998807907104,0.0,0.6963540072184844,0.6963540072184844,,,,1.0
2,hexane_hl_gap_eV,107,0.9999998807907104,0.0,0.6963540072184844,0.6963540072184844,,,,1.0
2,hexane_hl_gap_eV,108,0.9999998807907104,0.0,0.6963540072184844,0.6963540072184844,,,,1.0
2,hexane_hl_gap_eV,109,0.9999998807907104,0.0,0.6963540072184844,0.6963540072184844,,,,1.0
2,hexane_hl_gap_eV,110,0.9999998807907104,0.0,0.6963540072184844,0.6963540072184844,,,,1.0
2,hexane_hl_gap_eV,111,0.9999998807907104,0.0,0.6963540072184844,0.6963540072184844,,,,1.0
2,hexane_hl_gap_eV,112,0.9999998807907104,0.0,0.6963540072184844,0.6963540072184844,,,,1.0
2,hexane_hl_gap_eV,113,0.9999998807907104,0.0,0.6963540072184844,0.6963540072184844,,,,1.0
2,hexane_hl_gap_eV,114,0.9999998807907104,0.0,0.6963540072184844,0.6963540072184844,,,,1.0
2,hexane_hl_gap_eV,115,0.9999998807907104,0.0,0.6963540072184844,0.6963540072184844,,,,1.0
2,hexane_hl_gap_eV,116,0.9999998807907104,0.0,0.6963540072184844,0.6963540072184844,,,,1.0
2,hexane_hl_gap_eV,117,0.9999998807907104,0.0,0.6963540072184844,0.6963540072184844,,,,1.0
2,hexane_hl_gap_eV,118,0.9999998807907104,0.0,0.6963540072184844,0.6963540072184844,,,,1.0
2,hexane_hl_gap_eV,119,0.9999998807907104,0.0,0.6963540072184844,0.6963540072184844,,,,1.0
2,hexane_hl_gap_eV,120,0.9999998807907104,0.0,0.6963540072184844,0.6963540072184844,,,,1.0
2,hexane_hl_gap_eV,121,0.9999998807907104,0.0,0.6963540072184844,0.6963540072184844,,,,1.0
2,hexane_hl_gap_eV,122,0.9999998807907104,0.0,0.6963540072184844,0.6963540072184844,,,,1.0
2,hexane_hl_gap_eV,123,0.9999998807907104,0.0,0.6963540072184844,0.6963540072184844,,,,1.0
2,hexane_hl_gap_eV,124,0.9999998807907104,0.0,0.6963540072184844,0.6963540072184844,,,,1.0
2,hexane_hl_gap_eV,125,0.9999998807907104,0.0,0.6963540072184844,0.6963540072184844,,,,1.0
2,hexane_hl_gap_eV,126,0.9999998807907104,0.0,0.6963540072184844,0.6963540072184844,,,,1.0
2,hexane_hl_gap_eV,127,0.9999998807907104,0.0,0.6963540072184844,0.6963540072184844,,,,1.0
2,hexane_hl_gap_eV,128,0.9999998807907104,0.0,0.6963540072184844,0.6963540072184844,,,,1.0
2,hexane_hl_gap_eV,129,0.9999998807907104,0.0,0.6963540072184844,0.6963540072184844,,,,1.0
2,hexane_hl_gap_eV,130,0.9999998807907104,0.0,0.6963540072184844,0.6963540072184844,,,,1.0
2,hexane_hl_gap_eV,131,0.9999998807907104,0.0,0.6963540072184844,0.6963540072184844,,,,1.0
2,hexane_hl_gap_eV,132,0.9999998807907104,0.0,0.6963540072184844,0.6963540072184844,,,,1.0
2,hexane_hl_gap_eV,133,0.9999998807907104,0.0,0.6963540072184844,0.6963540072184844,,,,1.0
2,hexane_hl_gap_eV,134,0.9999998807907104,0.0,0.6963540072184844,0.6963540072184844,,,,1.0
2,hexane_hl_gap_eV,135,0.9999998807907104,0.0,0.6963540072184844,0.6963540072184844,,,,1.0
2,hexane_hl_gap_eV,136,0.9999998807907104,0.0,0.6963540072184844,0.6963540072184844,,,,1.0
2,hexane_hl_gap_eV,137,0.9999998807907104,0.0,0.6963540072184844,0.6963540072184844,,,,1.0
2,hexane_hl_gap_eV,138,0.9999998807907104,0.0,0.6963540072184844,0.6963540072184844,,,,1.0
2,hexane_hl_gap_eV,139,0.9999998807907104,0.0,0.6963540072184844,0.6963540072184844,,,,1.0
2,hexane_hl_gap_eV,140,0.9999998807907104,0.0,0.6963540072184844,0.6963540072184844,,,,1.0
2,hexane_hl_gap_eV,141,0.9999998807907104,0.0,0.6963540072184844,0.6963540072184844,,,,1.0
2,hexane_hl_gap_eV,142,0.9999998807907104,0.0,0.6963540072184844,0.6963540072184844,,,,1.0
2,hexane_hl_gap_eV,143,0.9999998807907104,0.0,0.6963540072184844,0.6963540072184844,,,,1.0
2,hexane_hl_gap_eV,144,0.9999998807907104,0.0,0.6963540072184844,0.6963540072184844,,,,1.0
2,hexane_hl_gap_eV,145,0.9999998807907104,0.0,0.6963540072184844,0.6963540072184844,,,,1.0
2,hexane_hl_gap_eV,146,0.9999998807907104,0.0,0.6963540072184844,0.6963540072184844,,,,1.0
2,hexane_hl_gap_eV,147,0.9999998807907104,0.0,0.6963540072184844,0.6963540072184844,,,,1.0
2,hexane_hl_gap_eV,148,0.9999998807907104,0.0,0.6963540072184844,0.6963540072184844,,,,1.0
2,hexane_hl_gap_eV,149,0.9999998807907104,0.0,0.6963540072184844,0.6963540072184844,,,,1.0
2,hexane_hl_gap_eV,150,0.9999998807907104,0.0,0.6963540072184844,0.6963540072184844,,,,1.0
2,hexane_hl_gap_eV,151,0.9999998807907104,0.0,0.6963540072184844,0.6963540072184844,,,,1.0
2,hexane_hl_gap_eV,152,0.9999998807907104,0.0,0.6963540072184844,0.6963540072184844,,,,1.0
2,hexane_hl_gap_eV,153,0.9999998807907104,0.0,0.6963540072184844,0.6963540072184844,,,,1.0
2,hexane_hl_gap_eV,154,0.9999998807907104,0.0,0.6963540072184844,0.6963540072184844,,,,1.0
2,hexane_hl_gap_eV,155,0.9999998807907104,0.0,0.6963540072184844,0.6963540072184844,,,,1.0
2,hexane_hl_gap_eV,156,0.9999998807907104,0.0,0.6963540072184844,0.6963540072184844,,,,1.0
2,hexane_hl_gap_eV,157,0.9999998807907104,0.0,0.6963540072184844,0.6963540072184844,,,,1.0
2,hexane_hl_gap_eV,158,0.9999998807907104,0.0,0.6963540072184844,0.6963540072184844,,,,1.0
2,hexane_hl_gap_eV,159,0.9999998807907104,0.0,0.6963540072184844,0.6963540072184844,,,,1.0
2,hexane_hl_gap_eV,160,0.9999998807907104,0.0,0.6963540072184844,0.6963540072184844,,,,1.0
2,hexane_hl_gap_eV,161,0.9999998807907104,0.0,0.6963540072184844,0.6963540072184844,,,,1.0
2,hexane_hl_gap_eV,162,0.9999998807907104,0.0,0.6963540072184844,0.6963540072184844,,,,1.0
2,hexane_hl_gap_eV,163,0.9999998807907104,0.0,0.6963540072184844,0.6963540072184844,,,,1.0
2,hexane_hl_gap_eV,164,0.9999998807907104,0.0,0.6963540072184844,0.6963540072184844,,,,1.0
2,hexane_hl_gap_eV,165,0.9999998807907104,0.0,0.6963540072184844,0.6963540072184844,,,,1.0
2,hexane_hl_gap_eV,166,0.9999998807907104,0.0,0.6963540072184844,0.6963540072184844,,,,1.0
2,hexane_hl_gap_eV,167,0.9999998807907104,0.0,0.6963540072184844,0.6963540072184844,,,,1.0
2,hexane_hl_gap_eV,168,0.9999998807907104,0.0,0.6963540072184844,0.6963540072184844,,,,1.0
2,hexane_hl_gap_eV,169,0.9999998807907104,0.0,0.6963540072184844,0.6963540072184844,,,,1.0
2,hexane_hl_gap_eV,170,0.9999998807907104,0.0,0.6963540072184844,0.6963540072184844,,,,1.0
2,hexane_hl_gap_eV,171,0.9999998807907104,0.0,0.6963540072184844,0.6963540072184844,,,,1.0
2,hexane_hl_gap_eV,172,0.9999998807907104,0.0,0.6963540072184844,0.6963540072184844,,,,1.0
2,hexane_hl_gap_eV,173,0.9999998807907104,0.0,0.6963540072184844,0.6963540072184844,,,,1.0
2,hexane_hl_gap_eV,174,0.9999998807907104,0.0,0.6963540072184844,0.6963540072184844,,,,1.0
2,hexane_hl_gap_eV,175,0.9999998807907104,0.0,0.6963540072184844,0.6963540072184844,,,,1.0
2,hexane_hl_gap_eV,176,0.9999998807907104,0.0,0.6963540072184844,0.6963540072184844,,,,1.0
2,hexane_hl_gap_eV,177,0.9999998807907104,0.0,0.6963540072184844,0.6963540072184844,,,,1.0
2,hexane_hl_gap_eV,178,0.9999998807907104,0.0,0.6963540072184844,0.6963540072184844,,,,1.0
2,hexane_hl_gap_eV,179,0.9999998807907104,0.0,0.6963540072184844,0.6963540072184844,,,,1.0
2,hexane_hl_gap_eV,180,0.9999998807907104,0.0,0.6963540072184844,0.6963540072184844,,,,1.0
2,hexane_hl_gap_eV,181,0.9999998807907104,0.0,0.6963540072184844,0.6963540072184844,,,,1.0
2,hexane_hl_gap_eV,182,0.9999998807907104,0.0,0.6963540072184844,0.6963540072184844,,,,1.0
2,hexane_hl_gap_eV,183,0.9999998807907104,0.0,0.6963540072184844,0.6963540072184844,,,,1.0
2,hexane_hl_gap_eV,184,0.9999998807907104,0.0,0.6963540072184844,0.6963540072184844,,,,1.0
2,hexane_hl_gap_eV,185,0.9999998807907104,0.0,0.6963540072184844,0.6963540072184844,,,,1.0
2,hexane_hl_gap_eV,186,0.9999998807907104,0.0,0.6963540072184844,0.6963540072184844,,,,1.0
2,hexane_hl_gap_eV,187,0.9999998807907104,0.0,0.6963540072184844,0.6963540072184844,,,,1.0
2,hexane_hl_gap_eV,188,0.9999998807907104,0.0,0.6963540072184844,0.6963540072184844,,,,1.0
2,hexane_hl_gap_eV,189,0.9999998807907104,0.0,0.6963540072184844,0.6963540072184844,,,,1.0
2,hexane_hl_gap_eV,190,0.9999998807907104,0.0,0.6963540072184844,0.6963540072184844,,,,1.0
2,hexane_hl_gap_eV,191,0.9999998807907104,0.0,0.6963540072184844,0.6963540072184844,,,,1.0
2,hexane_hl_gap_eV,192,0.9999998807907104,0.0,0.6963540072184844,0.6963540072184844,,,,1.0
2,hexane_hl_gap_eV,193,0.9999998807907104,0.0,0.6963540072184844,0.6963540072184844,,,,1.0
2,hexane_hl_gap_eV,194,0.9999998807907104,0.0,0.6963540072184844,0.6963540072184844,,,,1.0
2,hexane_hl_gap_eV,195,0.9999998807907104,0.0,0.6963540072184844,0.6963540072184844,,,,1.0
2,hexane_hl_gap_eV,196,0.9999998807907104,0.0,0.6963540072184844,0.6963540072184844,,,,1.0
2,hexane_hl_gap_eV,197,0.9999998807907104,0.0,0.6963540072184844,0.6963540072184844,,,,1.0
2,hexane_hl_gap_eV,198,0.9999998807907104,0.0,0.6963540072184844,0.6963540072184844,,,,1.0
2,hexane_hl_gap_eV,199,0.9999998807907104,0.0,0.6963540072184844,0.6963540072184844,,,,1.0
2,hexane_hl_gap_eV,200,0.9999998807907104,0.0,0.6963540072184844,0.6963540072184844,,,,1.0
2,hexane_hl_gap_eV,201,0.9999998807907104,0.0,0.6963540072184844,0.6963540072184844,,,,1.0
2,hexane_hl_gap_eV,202,0.9999998807907104,0.0,0.6963540072184844,0.6963540072184844,,,,1.0
2,hexane_hl_gap_eV,203,0.9999998807907104,0.0,0.6963540072184844,0.6963540072184844,,,,1.0
2,hexane_hl_gap_eV,204,0.9999998807907104,0.0,0.6963540072184844,0.6963540072184844,,,,1.0
2,hexane_hl_gap_eV,205,0.9999998807907104,0.0,0.6963540072184844,0.6963540072184844,,,,1.0
2,hexane_hl_gap_eV,206,0.9999998807907104,0.0,0.6963540072184844,0.6963540072184844,,,,1.0
2,hexane_hl_gap_eV,207,0.9999998807907104,0.0,0.6963540072184844,0.6963540072184844,,,,1.0
2,hexane_hl_gap_eV,208,0.9999998807907104,0.0,0.6963540072184844,0.6963540072184844,,,,1.0
2,hexane_hl_gap_eV,209,0.9999998807907104,0.0,0.6963540072184844,0.6963540072184844,,,,1.0
2,hexane_hl_gap_eV,210,0.9999998807907104,0.0,0.6963540072184844,0.6963540072184844,,,,1.0
2,hexane_hl_gap_eV,211,0.9999998807907104,0.0,0.6963540072184844,0.6963540072184844,,,,1.0
2,hexane_hl_gap_eV,212,0.9999998807907104,0.0,0.6963540072184844,0.6963540072184844,,,,1.0
2,hexane_hl_gap_eV,213,0.9999998807907104,0.0,0.6963540072184844,0.6963540072184844,,,,1.0
2,hexane_hl_gap_eV,214,0.9999998807907104,0.0,0.6963540072184844,0.6963540072184844,,,,1.0
2,hexane_hl_gap_eV,215,0.9999998807907104,0.0,0.6963540072184844,0.6963540072184844,,,,1.0
2,hexane_hl_gap_eV,216,0.9999998807907104,0.0,0.6963540072184844,0.6963540072184844,,,,1.0
2,hexane_hl_gap_eV,217,0.9999998807907104,0.0,0.6963540072184844,0.6963540072184844,,,,1.0
2,hexane_hl_gap_eV,218,0.9999998807907104,0.0,0.6963540072184844,0.6963540072184844,,,,1.0
2,hexane_hl_gap_eV,219,0.9999998807907104,0.0,0.6963540072184844,0.6963540072184844,,,,1.0
2,hexane_hl_gap_eV,220,0.9999998807907104,0.0,0.6963540072184844,0.6963540072184844,,,,1.0
2,hexane_hl_gap_eV,221,0.9999998807907104,0.0,0.6963540072184844,0.6963540072184844,,,,1.0
2,hexane_hl_gap_eV,222,0.9999998807907104,0.0,0.6963540072184844,0.6963540072184844,,,,1.0
2,hexane_hl_gap_eV,223,0.9999998807907104,0.0,0.6963540072184844,0.6963540072184844,,,,1.0
2,hexane_hl_gap_eV,224,0.9999998807907104,0.0,0.6963540072184844,0.6963540072184844,,,,1.0
2,hexane_hl_gap_eV,225,0.9999998807907104,0.0,0.6963540072184844,0.6963540072184844,,,,1.0
2,hexane_hl_gap_eV,226,0.9999998807907104,0.0,0.6963540072184844,0.6963540072184844,,,,1.0
2,hexane_hl_gap_eV,227,0.9999998807907104,0.0,0.6963540072184844,0.6963540072184844,,,,1.0
2,hexane_hl_gap_eV,228,0.9999998807907104,0.0,0.6963540072184844,0.6963540072184844,,,,1.0
2,hexane_hl_gap_eV,229,0.9999998807907104,0.0,0.6963540072184844,0.6963540072184844,,,,1.0
2,hexane_hl_gap_eV,230,0.9999998807907104,0.0,0.6963540072184844,0.6963540072184844,,,,1.0
2,hexane_hl_gap_eV,231,0.9999998807907104,0.0,0.6963540072184844,0.6963540072184844,,,,1.0
2,hexane_hl_gap_eV,232,0.9999998807907104,0.0,0.6963540072184844,0.6963540072184844,,,,1.0
2,hexane_hl_gap_eV,233,0.9999998807907104,0.0,0.6963540072184844,0.6963540072184844,,,,1.0
2,hexane_hl_gap_eV,234,0.9999998807907104,0.0,0.6963540072184844,0.6963540072184844,,,,1.0
2,hexane_hl_gap_eV,235,0.9999998807907104,0.0,0.6963540072184844,0.6963540072184844,,,,1.0
2,hexane_hl_gap_eV,236,0.9999998807907104,0.0,0.6963540072184844,0.6963540072184844,,,,1.0
2,hexane_hl_gap_eV,237,0.9999998807907104,0.0,0.6963540072184844,0.6963540072184844,,,,1.0
2,hexane_hl_gap_eV,238,0.9999998807907104,0.0,0.6963540072184844,0.6963540072184844,,,,1.0
2,hexane_hl_gap_eV,239,0.9999998807907104,0.0,0.6963540072184844,0.6963540072184844,,,,1.0
2,hexane_hl_gap_eV,240,0.9999998807907104,0.0,0.6963540072184844,0.6963540072184844,,,,1.0
2,hexane_hl_gap_eV,241,0.9999998807907104,0.0,0.6963540072184844,0.6963540072184844,,,,1.0
2,hexane_hl_gap_eV,242,0.9999998807907104,0.0,0.6963540072184844,0.6963540072184844,,,,1.0
2,hexane_hl_gap_eV,243,0.9999998807907104,0.0,0.6963540072184844,0.6963540072184844,,,,1.0
2,hexane_hl_gap_eV,244,0.9999998807907104,0.0,0.6963540072184844,0.6963540072184844,,,,1.0
2,hexane_hl_gap_eV,245,0.9999998807907104,0.0,0.6963540072184844,0.6963540072184844,,,,1.0
2,hexane_hl_gap_eV,246,0.9999998807907104,0.0,0.6963540072184844,0.6963540072184844,,,,1.0
2,hexane_hl_gap_eV,247,0.9999998807907104,0.0,0.6963540072184844,0.6963540072184844,,,,1.0
2,hexane_hl_gap_eV,248,0.9999998807907104,0.0,0.6963540072184844,0.6963540072184844,,,,1.0
2,hexane_hl_gap_eV,249,0.9999998807907104,0.0,0.6963540072184844,0.6963540072184844,,,,1.0
2,hexane_dipole,0,0.9999999403953552,0.0,0.6249383762136436,0.6249383762136436,,,,1.0
2,hexane_dipole,1,0.9999999403953552,0.0,0.6249383762136436,0.6249383762136436,,,,1.0
2,hexane_dipole,2,0.9999999403953552,0.0,0.6249383762136436,0.6249383762136436,,,,1.0
2,hexane_dipole,3,0.9999999403953552,0.0,0.6249383762136436,0.6249383762136436,,,,1.0
2,hexane_dipole,4,0.9999999403953552,0.0,0.6249383762136436,0.6249383762136436,,,,1.0
2,hexane_dipole,5,0.9999999403953552,0.0,0.6249383762136436,0.6249383762136436,,,,1.0
2,hexane_dipole,6,0.9999999403953552,0.0,0.6249383762136436,0.6249383762136436,,,,1.0
2,hexane_dipole,7,0.9999999403953552,0.0,0.6249383762136436,0.6249383762136436,,,,1.0
2,hexane_dipole,8,0.9999999403953552,0.0,0.6249383762136436,0.6249383762136436,,,,1.0
2,hexane_dipole,9,0.9999999403953552,0.0,0.6249383762136436,0.6249383762136436,,,,1.0
2,hexane_dipole,10,0.9999999403953552,0.0,0.6249383762136436,0.6249383762136436,,,,1.0
2,hexane_dipole,11,0.9999999403953552,0.0,0.6249383762136436,0.6249383762136436,,,,1.0
2,hexane_dipole,12,0.9999999403953552,0.0,0.6249383762136436,0.6249383762136436,,,,1.0
2,hexane_dipole,13,0.9999999403953552,0.0,0.6249383762136436,0.6249383762136436,,,,1.0
2,hexane_dipole,14,0.9999999403953552,0.0,0.6249383762136436,0.6249383762136436,,,,1.0
2,hexane_dipole,15,0.9999999403953552,0.0,0.6249383762136436,0.6249383762136436,,,,1.0
2,hexane_dipole,16,0.9999999403953552,0.0,0.6249383762136436,0.6249383762136436,,,,1.0
2,hexane_dipole,17,0.9999999403953552,0.0,0.6249383762136436,0.6249383762136436,,,,1.0
2,hexane_dipole,18,0.9999999403953552,0.0,0.6249383762136436,0.6249383762136436,,,,1.0
2,hexane_dipole,19,0.9999999403953552,0.0,0.6249383762136436,0.6249383762136436,,,,1.0
2,hexane_dipole,20,0.9999999403953552,0.0,0.6249383762136436,0.6249383762136436,,,,1.0
2,hexane_dipole,21,0.9999999403953552,0.0,0.6249383762136436,0.6249383762136436,,,,1.0
2,hexane_dipole,22,0.9999999403953552,0.0,0.6249383762136436,0.6249383762136436,,,,1.0
2,hexane_dipole,23,0.9999999403953552,0.0,0.6249383762136436,0.6249383762136436,,,,1.0
2,hexane_dipole,24,0.9999999403953552,0.0,0.6249383762136436,0.6249383762136436,,,,1.0
2,hexane_dipole,25,0.9999999403953552,0.0,0.6249383762136436,0.6249383762136436,,,,1.0
2,hexane_dipole,26,0.9999999403953552,0.0,0.6249383762136436,0.6249383762136436,,,,1.0
2,hexane_dipole,27,0.9999999403953552,0.0,0.6249383762136436,0.6249383762136436,,,,1.0
2,hexane_dipole,28,0.9999999403953552,0.0,0.6249383762136436,0.6249383762136436,,,,1.0
2,hexane_dipole,29,0.9999999403953552,0.0,0.6249383762136436,0.6249383762136436,,,,1.0
2,hexane_dipole,30,0.9999999403953552,0.0,0.6249383762136436,0.6249383762136436,,,,1.0
2,hexane_dipole,31,0.9999999403953552,0.0,0.6249383762136436,0.6249383762136436,,,,1.0
2,hexane_dipole,32,0.9999999403953552,0.0,0.6249383762136436,0.6249383762136436,,,,1.0
2,hexane_dipole,33,0.9999999403953552,0.0,0.6249383762136436,0.6249383762136436,,,,1.0
2,hexane_dipole,34,0.9999999403953552,0.0,0.6249383762136436,0.6249383762136436,,,,1.0
2,hexane_dipole,35,0.9999999403953552,0.0,0.6249383762136436,0.6249383762136436,,,,1.0
2,hexane_dipole,36,0.9999999403953552,0.0,0.6249383762136436,0.6249383762136436,,,,1.0
2,hexane_dipole,37,0.9999999403953552,0.0,0.6249383762136436,0.6249383762136436,,,,1.0
2,hexane_dipole,38,0.9999999403953552,0.0,0.6249383762136436,0.6249383762136436,,,,1.0
2,hexane_dipole,39,0.9999999403953552,0.0,0.6249383762136436,0.6249383762136436,,,,1.0
2,hexane_dipole,40,0.9999999403953552,0.0,0.6249383762136436,0.6249383762136436,,,,1.0
2,hexane_dipole,41,0.9999999403953552,0.0,0.6249383762136436,0.6249383762136436,,,,1.0
2,hexane_dipole,42,0.9999999403953552,0.0,0.6249383762136436,0.6249383762136436,,,,1.0
2,hexane_dipole,43,0.9999999403953552,0.0,0.6249383762136436,0.6249383762136436,,,,1.0
2,hexane_dipole,44,0.9999999403953552,0.0,0.6249383762136436,0.6249383762136436,,,,1.0
2,hexane_dipole,45,0.9999999403953552,0.0,0.6249383762136436,0.6249383762136436,,,,1.0
2,hexane_dipole,46,0.9999999403953552,0.0,0.6249383762136436,0.6249383762136436,,,,1.0
2,hexane_dipole,47,0.9999999403953552,0.0,0.6249383762136436,0.6249383762136436,,,,1.0
2,hexane_dipole,48,0.9999999403953552,0.0,0.6249383762136436,0.6249383762136436,,,,1.0
2,hexane_dipole,49,0.9999999403953552,0.0,0.6249383762136436,0.6249383762136436,,,,1.0
2,hexane_dipole,50,0.9999999403953552,0.0,0.6249383762136436,0.6249383762136436,,,,1.0
2,hexane_dipole,51,0.9999999403953552,0.0,0.6249383762136436,0.6249383762136436,,,,1.0
2,hexane_dipole,52,0.9999999403953552,0.0,0.6249383762136436,0.6249383762136436,,,,1.0
2,hexane_dipole,53,0.9999999403953552,0.0,0.6249383762136436,0.6249383762136436,,,,1.0
2,hexane_dipole,54,0.9999999403953552,0.0,0.6249383762136436,0.6249383762136436,,,,1.0
2,hexane_dipole,55,0.9999999403953552,0.0,0.6249383762136436,0.6249383762136436,,,,1.0
2,hexane_dipole,56,0.9999999403953552,0.0,0.6249383762136436,0.6249383762136436,,,,1.0
2,hexane_dipole,57,0.9999999403953552,0.0,0.6249383762136436,0.6249383762136436,,,,1.0
2,hexane_dipole,58,0.9999999403953552,0.0,0.6249383762136436,0.6249383762136436,,,,1.0
2,hexane_dipole,59,0.9999999403953552,0.0,0.6249383762136436,0.6249383762136436,,,,1.0
2,hexane_dipole,60,0.9999999403953552,0.0,0.6249383762136436,0.6249383762136436,,,,1.0
2,hexane_dipole,61,0.9999999403953552,0.0,0.6249383762136436,0.6249383762136436,,,,1.0
2,hexane_dipole,62,0.9999999403953552,0.0,0.6249383762136436,0.6249383762136436,,,,1.0
2,hexane_dipole,63,0.9999999403953552,0.0,0.6249383762136436,0.6249383762136436,,,,1.0
2,hexane_dipole,64,0.9999999403953552,0.0,0.6249383762136436,0.6249383762136436,,,,1.0
2,hexane_dipole,65,0.9999999403953552,0.0,0.6249383762136436,0.6249383762136436,,,,1.0
2,hexane_dipole,66,0.9999999403953552,0.0,0.6249383762136436,0.6249383762136436,,,,1.0
2,hexane_dipole,67,0.9999999403953552,0.0,0.6249383762136436,0.6249383762136436,,,,1.0
2,hexane_dipole,68,0.9999999403953552,0.0,0.6249383762136436,0.6249383762136436,,,,1.0
2,hexane_dipole,69,0.9999999403953552,0.0,0.6249383762136436,0.6249383762136436,,,,1.0
2,hexane_dipole,70,0.9999999403953552,0.0,0.6249383762136436,0.6249383762136436,,,,1.0
2,hexane_dipole,71,0.9999999403953552,0.0,0.6249383762136436,0.6249383762136436,,,,1.0
2,hexane_dipole,72,0.9999999403953552,0.0,0.6249383762136436,0.6249383762136436,,,,1.0
2,hexane_dipole,73,0.9999999403953552,0.0,0.6249383762136436,0.6249383762136436,,,,1.0
2,hexane_dipole,74,0.9999999403953552,0.0,0.6249383762136436,0.6249383762136436,,,,1.0
2,hexane_dipole,75,0.9999999403953552,0.0,0.6249383762136436,0.6249383762136436,,,,1.0
2,hexane_dipole,76,0.9999999403953552,0.0,0.6249383762136436,0.6249383762136436,,,,1.0
2,hexane_dipole,77,0.9999999403953552,0.0,0.6249383762136436,0.6249383762136436,,,,1.0
2,hexane_dipole,78,0.9999999403953552,0.0,0.6249383762136436,0.6249383762136436,,,,1.0
2,hexane_dipole,79,0.9999999403953552,0.0,0.6249383762136436,0.6249383762136436,,,,1.0
2,hexane_dipole,80,0.9999999403953552,0.0,0.6249383762136436,0.6249383762136436,,,,1.0
2,hexane_dipole,81,0.9999999403953552,0.0,0.6249383762136436,0.6249383762136436,,,,1.0
2,hexane_dipole,82,0.9999999403953552,0.0,0.6249383762136436,0.6249383762136436,,,,1.0
2,hexane_dipole,83,0.9999999403953552,0.0,0.6249383762136436,0.6249383762136436,,,,1.0
2,hexane_dipole,84,0.9999999403953552,0.0,0.6249383762136436,0.6249383762136436,,,,1.0
2,hexane_dipole,85,0.9999999403953552,0.0,0.6249383762136436,0.6249383762136436,,,,1.0
2,hexane_dipole,86,0.9999999403953552,0.0,0.6249383762136436,0.6249383762136436,,,,1.0
2,hexane_dipole,87,0.9999999403953552,0.0,0.6249383762136436,0.6249383762136436,,,,1.0
2,hexane_dipole,88,0.9999999403953552,0.0,0.6249383762136436,0.6249383762136436,,,,1.0
2,hexane_dipole,89,0.9999999403953552,0.0,0.6249383762136436,0.6249383762136436,,,,1.0
2,hexane_dipole,90,0.9999999403953552,0.0,0.6249383762136436,0.6249383762136436,,,,1.0
2,hexane_dipole,91,0.9999999403953552,0.0,0.6249383762136436,0.6249383762136436,,,,1.0
2,hexane_dipole,92,0.9999999403953552,0.0,0.6249383762136436,0.6249383762136436,,,,1.0
2,hexane_dipole,93,0.9999999403953552,0.0,0.6249383762136436,0.6249383762136436,,,,1.0
2,hexane_dipole,94,0.9999999403953552,0.0,0.6249383762136436,0.6249383762136436,,,,1.0
2,hexane_dipole,95,0.9999999403953552,0.0,0.6249383762136436,0.6249383762136436,,,,1.0
2,hexane_dipole,96,0.9999999403953552,0.0,0.6249383762136436,0.6249383762136436,,,,1.0
2,hexane_dipole,97,0.9999999403953552,0.0,0.6249383762136436,0.6249383762136436,,,,1.0
2,hexane_dipole,98,0.9999999403953552,0.0,0.6249383762136436,0.6249383762136436,,,,1.0
2,hexane_dipole,99,0.9999999403953552,0.0,0.6249383762136436,0.6249383762136436,,,,1.0
2,hexane_dipole,100,0.9999999403953552,0.0,0.6249383762136436,0.6249383762136436,,,,1.0
2,hexane_dipole,101,0.9999999403953552,0.0,0.6249383762136436,0.6249383762136436,,,,1.0
2,hexane_dipole,102,0.9999999403953552,0.0,0.6249383762136436,0.6249383762136436,,,,1.0
2,hexane_dipole,103,0.9999999403953552,0.0,0.6249383762136436,0.6249383762136436,,,,1.0
2,hexane_dipole,104,0.9999999403953552,0.0,0.6249383762136436,0.6249383762136436,,,,1.0
2,hexane_dipole,105,0.9999999403953552,0.0,0.6249383762136436,0.6249383762136436,,,,1.0
2,hexane_dipole,106,0.9999999403953552,0.0,0.6249383762136436,0.6249383762136436,,,,1.0
2,hexane_dipole,107,0.9999999403953552,0.0,0.6249383762136436,0.6249383762136436,,,,1.0
2,hexane_dipole,108,0.9999999403953552,0.0,0.6249383762136436,0.6249383762136436,,,,1.0
2,hexane_dipole,109,0.9999999403953552,0.0,0.6249383762136436,0.6249383762136436,,,,1.0
2,hexane_dipole,110,0.9999999403953552,0.0,0.6249383762136436,0.6249383762136436,,,,1.0
2,hexane_dipole,111,0.9999999403953552,0.0,0.6249383762136436,0.6249383762136436,,,,1.0
2,hexane_dipole,112,0.9999999403953552,0.0,0.6249383762136436,0.6249383762136436,,,,1.0
2,hexane_dipole,113,0.9999999403953552,0.0,0.6249383762136436,0.6249383762136436,,,,1.0
2,hexane_dipole,114,0.9999999403953552,0.0,0.6249383762136436,0.6249383762136436,,,,1.0
2,hexane_dipole,115,0.9999999403953552,0.0,0.6249383762136436,0.6249383762136436,,,,1.0
2,hexane_dipole,116,0.9999999403953552,0.0,0.6249383762136436,0.6249383762136436,,,,1.0
2,hexane_dipole,117,0.9999999403953552,0.0,0.6249383762136436,0.6249383762136436,,,,1.0
2,hexane_dipole,118,0.9999999403953552,0.0,0.6249383762136436,0.6249383762136436,,,,1.0
2,hexane_dipole,119,0.9999999403953552,0.0,0.6249383762136436,0.6249383762136436,,,,1.0
2,hexane_dipole,120,0.9999999403953552,0.0,0.6249383762136436,0.6249383762136436,,,,1.0
2,hexane_dipole,121,0.9999999403953552,0.0,0.6249383762136436,0.6249383762136436,,,,1.0
2,hexane_dipole,122,0.9999999403953552,0.0,0.6249383762136436,0.6249383762136436,,,,1.0
2,hexane_dipole,123,0.9999999403953552,0.0,0.6249383762136436,0.6249383762136436,,,,1.0
2,hexane_dipole,124,0.9999999403953552,0.0,0.6249383762136436,0.6249383762136436,,,,1.0
2,hexane_dipole,125,0.9999999403953552,0.0,0.6249383762136436,0.6249383762136436,,,,1.0
2,hexane_dipole,126,0.9999999403953552,0.0,0.6249383762136436,0.6249383762136436,,,,1.0
2,hexane_dipole,127,0.9999999403953552,0.0,0.6249383762136436,0.6249383762136436,,,,1.0
2,hexane_dipole,128,0.9999999403953552,0.0,0.6249383762136436,0.6249383762136436,,,,1.0
2,hexane_dipole,129,0.9999999403953552,0.0,0.6249383762136436,0.6249383762136436,,,,1.0
2,hexane_dipole,130,0.9999999403953552,0.0,0.6249383762136436,0.6249383762136436,,,,1.0
2,hexane_dipole,131,0.9999999403953552,0.0,0.6249383762136436,0.6249383762136436,,,,1.0
2,hexane_dipole,132,0.9999999403953552,0.0,0.6249383762136436,0.6249383762136436,,,,1.0
2,hexane_dipole,133,0.9999999403953552,0.0,0.6249383762136436,0.6249383762136436,,,,1.0
2,hexane_dipole,134,0.9999999403953552,0.0,0.6249383762136436,0.6249383762136436,,,,1.0
2,hexane_dipole,135,0.9999999403953552,0.0,0.6249383762136436,0.6249383762136436,,,,1.0
2,hexane_dipole,136,0.9999999403953552,0.0,0.6249383762136436,0.6249383762136436,,,,1.0
2,hexane_dipole,137,0.9999999403953552,0.0,0.6249383762136436,0.6249383762136436,,,,1.0
2,hexane_dipole,138,0.9999999403953552,0.0,0.6249383762136436,0.6249383762136436,,,,1.0
2,hexane_dipole,139,0.9999999403953552,0.0,0.6249383762136436,0.6249383762136436,,,,1.0
2,hexane_dipole,140,0.9999999403953552,0.0,0.6249383762136436,0.6249383762136436,,,,1.0
2,hexane_dipole,141,0.9999999403953552,0.0,0.6249383762136436,0.6249383762136436,,,,1.0
2,hexane_dipole,142,0.9999999403953552,0.0,0.6249383762136436,0.6249383762136436,,,,1.0
2,hexane_dipole,143,0.9999999403953552,0.0,0.6249383762136436,0.6249383762136436,,,,1.0
2,hexane_dipole,144,0.9999999403953552,0.0,0.6249383762136436,0.6249383762136436,,,,1.0
2,hexane_dipole,145,0.9999999403953552,0.0,0.6249383762136436,0.6249383762136436,,,,1.0
2,hexane_dipole,146,0.9999999403953552,0.0,0.6249383762136436,0.6249383762136436,,,,1.0
2,hexane_dipole,147,0.9999999403953552,0.0,0.6249383762136436,0.6249383762136436,,,,1.0
2,hexane_dipole,148,0.9999999403953552,0.0,0.6249383762136436,0.6249383762136436,,,,1.0
2,hexane_dipole,149,0.9999999403953552,0.0,0.6249383762136436,0.6249383762136436,,,,1.0
2,hexane_dipole,150,0.9999999403953552,0.0,0.6249383762136436,0.6249383762136436,,,,1.0
2,hexane_dipole,151,0.9999999403953552,0.0,0.6249383762136436,0.6249383762136436,,,,1.0
2,hexane_dipole,152,0.9999999403953552,0.0,0.6249383762136436,0.6249383762136436,,,,1.0
2,hexane_dipole,153,0.9999999403953552,0.0,0.6249383762136436,0.6249383762136436,,,,1.0
2,hexane_dipole,154,0.9999999403953552,0.0,0.6249383762136436,0.6249383762136436,,,,1.0
2,hexane_dipole,155,0.9999999403953552,0.0,0.6249383762136436,0.6249383762136436,,,,1.0
2,hexane_dipole,156,0.9999999403953552,0.0,0.6249383762136436,0.6249383762136436,,,,1.0
2,hexane_dipole,157,0.9999999403953552,0.0,0.6249383762136436,0.6249383762136436,,,,1.0
2,hexane_dipole,158,0.9999999403953552,0.0,0.6249383762136436,0.6249383762136436,,,,1.0
2,hexane_dipole,159,0.9999999403953552,0.0,0.6249383762136436,0.6249383762136436,,,,1.0
2,hexane_dipole,160,0.9999999403953552,0.0,0.6249383762136436,0.6249383762136436,,,,1.0
2,hexane_dipole,161,0.9999999403953552,0.0,0.6249383762136436,0.6249383762136436,,,,1.0
2,hexane_dipole,162,0.9999999403953552,0.0,0.6249383762136436,0.6249383762136436,,,,1.0
2,hexane_dipole,163,0.9999999403953552,0.0,0.6249383762136436,0.6249383762136436,,,,1.0
2,hexane_dipole,164,0.9999999403953552,0.0,0.6249383762136436,0.6249383762136436,,,,1.0
2,hexane_dipole,165,0.9999999403953552,0.0,0.6249383762136436,0.6249383762136436,,,,1.0
2,hexane_dipole,166,0.9999999403953552,0.0,0.6249383762136436,0.6249383762136436,,,,1.0
2,hexane_dipole,167,0.9999999403953552,0.0,0.6249383762136436,0.6249383762136436,,,,1.0
2,hexane_dipole,168,0.9999999403953552,0.0,0.6249383762136436,0.6249383762136436,,,,1.0
2,hexane_dipole,169,0.9999999403953552,0.0,0.6249383762136436,0.6249383762136436,,,,1.0
2,hexane_dipole,170,0.9999999403953552,0.0,0.6249383762136436,0.6249383762136436,,,,1.0
2,hexane_dipole,171,0.9999999403953552,0.0,0.6249383762136436,0.6249383762136436,,,,1.0
2,hexane_dipole,172,0.9999999403953552,0.0,0.6249383762136436,0.6249383762136436,,,,1.0
2,hexane_dipole,173,0.9999999403953552,0.0,0.6249383762136436,0.6249383762136436,,,,1.0
2,hexane_dipole,174,0.9999999403953552,0.0,0.6249383762136436,0.6249383762136436,,,,1.0
2,hexane_dipole,175,0.9999999403953552,0.0,0.6249383762136436,0.6249383762136436,,,,1.0
2,hexane_dipole,176,0.9999999403953552,0.0,0.6249383762136436,0.6249383762136436,,,,1.0
2,hexane_dipole,177,0.9999999403953552,0.0,0.6249383762136436,0.6249383762136436,,,,1.0
2,hexane_dipole,178,0.9999999403953552,0.0,0.6249383762136436,0.6249383762136436,,,,1.0
2,hexane_dipole,179,0.9999999403953552,0.0,0.6249383762136436,0.6249383762136436,,,,1.0
2,hexane_dipole,180,0.9999999403953552,0.0,0.6249383762136436,0.6249383762136436,,,,1.0
2,hexane_dipole,181,0.9999999403953552,0.0,0.6249383762136436,0.6249383762136436,,,,1.0
2,hexane_dipole,182,0.9999999403953552,0.0,0.6249383762136436,0.6249383762136436,,,,1.0
2,hexane_dipole,183,0.9999999403953552,0.0,0.6249383762136436,0.6249383762136436,,,,1.0
2,hexane_dipole,184,0.9999999403953552,0.0,0.6249383762136436,0.6249383762136436,,,,1.0
2,hexane_dipole,185,0.9999999403953552,0.0,0.6249383762136436,0.6249383762136436,,,,1.0
2,hexane_dipole,186,0.9999999403953552,0.0,0.6249383762136436,0.6249383762136436,,,,1.0
2,hexane_dipole,187,0.9999999403953552,0.0,0.6249383762136436,0.6249383762136436,,,,1.0
2,hexane_dipole,188,0.9999999403953552,0.0,0.6249383762136436,0.6249383762136436,,,,1.0
2,hexane_dipole,189,0.9999999403953552,0.0,0.6249383762136436,0.6249383762136436,,,,1.0
2,hexane_dipole,190,0.9999999403953552,0.0,0.6249383762136436,0.6249383762136436,,,,1.0
2,hexane_dipole,191,0.9999999403953552,0.0,0.6249383762136436,0.6249383762136436,,,,1.0
2,hexane_dipole,192,0.9999999403953552,0.0,0.6249383762136436,0.6249383762136436,,,,1.0
2,hexane_dipole,193,0.9999999403953552,0.0,0.6249383762136436,0.6249383762136436,,,,1.0
2,hexane_dipole,194,0.9999999403953552,0.0,0.6249383762136436,0.6249383762136436,,,,1.0
2,hexane_dipole,195,0.9999999403953552,0.0,0.6249383762136436,0.6249383762136436,,,,1.0
2,hexane_dipole,196,0.9999999403953552,0.0,0.6249383762136436,0.6249383762136436,,,,1.0
2,hexane_dipole,197,0.9999999403953552,0.0,0.6249383762136436,0.6249383762136436,,,,1.0
2,hexane_dipole,198,0.9999999403953552,0.0,0.6249383762136436,0.6249383762136436,,,,1.0
2,hexane_dipole,199,0.9999999403953552,0.0,0.6249383762136436,0.6249383762136436,,,,1.0
2,hexane_dipole,200,0.9999999403953552,0.0,0.6249383762136436,0.6249383762136436,,,,1.0
2,hexane_dipole,201,0.9999999403953552,0.0,0.6249383762136436,0.6249383762136436,,,,1.0
2,hexane_dipole,202,0.9999999403953552,0.0,0.6249383762136436,0.6249383762136436,,,,1.0
2,hexane_dipole,203,0.9999999403953552,0.0,0.6249383762136436,0.6249383762136436,,,,1.0
2,hexane_dipole,204,0.9999999403953552,0.0,0.6249383762136436,0.6249383762136436,,,,1.0
2,hexane_dipole,205,0.9999999403953552,0.0,0.6249383762136436,0.6249383762136436,,,,1.0
2,hexane_dipole,206,0.9999999403953552,0.0,0.6249383762136436,0.6249383762136436,,,,1.0
2,hexane_dipole,207,0.9999999403953552,0.0,0.6249383762136436,0.6249383762136436,,,,1.0
2,hexane_dipole,208,0.9999999403953552,0.0,0.6249383762136436,0.6249383762136436,,,,1.0
2,hexane_dipole,209,0.9999999403953552,0.0,0.6249383762136436,0.6249383762136436,,,,1.0
2,hexane_dipole,210,0.9999999403953552,0.0,0.6249383762136436,0.6249383762136436,,,,1.0
2,hexane_dipole,211,0.9999999403953552,0.0,0.6249383762136436,0.6249383762136436,,,,1.0
2,hexane_dipole,212,0.9999999403953552,0.0,0.6249383762136436,0.6249383762136436,,,,1.0
2,hexane_dipole,213,0.9999999403953552,0.0,0.6249383762136436,0.6249383762136436,,,,1.0
2,hexane_dipole,214,0.9999999403953552,0.0,0.6249383762136436,0.6249383762136436,,,,1.0
2,hexane_dipole,215,0.9999999403953552,0.0,0.6249383762136436,0.6249383762136436,,,,1.0
2,hexane_dipole,216,0.9999999403953552,0.0,0.6249383762136436,0.6249383762136436,,,,1.0
2,hexane_dipole,217,0.9999999403953552,0.0,0.6249383762136436,0.6249383762136436,,,,1.0
2,hexane_dipole,218,0.9999999403953552,0.0,0.6249383762136436,0.6249383762136436,,,,1.0
2,hexane_dipole,219,0.9999999403953552,0.0,0.6249383762136436,0.6249383762136436,,,,1.0
2,hexane_dipole,220,0.9999999403953552,0.0,0.6249383762136436,0.6249383762136436,,,,1.0
2,hexane_dipole,221,0.9999999403953552,0.0,0.6249383762136436,0.6249383762136436,,,,1.0
2,hexane_dipole,222,0.9999999403953552,0.0,0.6249383762136436,0.6249383762136436,,,,1.0
2,hexane_dipole,223,0.9999999403953552,0.0,0.6249383762136436,0.6249383762136436,,,,1.0
2,hexane_dipole,224,0.9999999403953552,0.0,0.6249383762136436,0.6249383762136436,,,,1.0
2,hexane_dipole,225,0.9999999403953552,0.0,0.6249383762136436,0.6249383762136436,,,,1.0
2,hexane_dipole,226,0.9999999403953552,0.0,0.6249383762136436,0.6249383762136436,,,,1.0
2,hexane_dipole,227,0.9999999403953552,0.0,0.6249383762136436,0.6249383762136436,,,,1.0
2,hexane_dipole,228,0.9999999403953552,0.0,0.6249383762136436,0.6249383762136436,,,,1.0
2,hexane_dipole,229,0.9999999403953552,0.0,0.6249383762136436,0.6249383762136436,,,,1.0
2,hexane_dipole,230,0.9999999403953552,0.0,0.6249383762136436,0.6249383762136436,,,,1.0
2,hexane_dipole,231,0.9999999403953552,0.0,0.6249383762136436,0.6249383762136436,,,,1.0
2,hexane_dipole,232,0.9999999403953552,0.0,0.6249383762136436,0.6249383762136436,,,,1.0
2,hexane_dipole,233,0.9999999403953552,0.0,0.6249383762136436,0.6249383762136436,,,,1.0
2,hexane_dipole,234,0.9999999403953552,0.0,0.6249383762136436,0.6249383762136436,,,,1.0
2,hexane_dipole,235,0.9999999403953552,0.0,0.6249383762136436,0.6249383762136436,,,,1.0
2,hexane_dipole,236,0.9999999403953552,0.0,0.6249383762136436,0.6249383762136436,,,,1.0
2,hexane_dipole,237,0.9999999403953552,0.0,0.6249383762136436,0.6249383762136436,,,,1.0
2,hexane_dipole,238,0.9999999403953552,0.0,0.6249383762136436,0.6249383762136436,,,,1.0
2,hexane_dipole,239,0.9999999403953552,0.0,0.6249383762136436,0.6249383762136436,,,,1.0
2,hexane_dipole,240,0.9999999403953552,0.0,0.6249383762136436,0.6249383762136436,,,,1.0
2,hexane_dipole,241,0.9999999403953552,0.0,0.6249383762136436,0.6249383762136436,,,,1.0
2,hexane_dipole,242,0.9999999403953552,0.0,0.6249383762136436,0.6249383762136436,,,,1.0
2,hexane_dipole,243,0.9999999403953552,0.0,0.6249383762136436,0.6249383762136436,,,,1.0
2,hexane_dipole,244,0.9999999403953552,0.0,0.6249383762136436,0.6249383762136436,,,,1.0
2,hexane_dipole,245,0.9999999403953552,0.0,0.6249383762136436,0.6249383762136436,,,,1.0
2,hexane_dipole,246,0.9999999403953552,0.0,0.6249383762136436,0.6249383762136436,,,,1.0
2,hexane_dipole,247,0.9999999403953552,0.0,0.6249383762136436,0.6249383762136436,,,,1.0
2,hexane_dipole,248,0.9999999403953552,0.0,0.6249383762136436,0.6249383762136436,,,,1.0
2,hexane_dipole,249,0.9999999403953552,0.0,0.6249383762136436,0.6249383762136436,,,,1.0
3,sco_kcal,0,0.1992078721523285,0.013435066677629948,0.6405855353349541,0.9594143456867787,2.3755617141723633,0.0971178263425827,0.04088204729146268,0.18
3,sco_kcal,1,0.2360512912273407,0.015991831198334694,0.6604317718038542,0.9725049672239348,3.0758330821990967,0.0334714911878109,0.010882089597618909,0.12
3,sco_kcal,2,0.18237055838108063,0.005570780951529741,0.6680896814276771,0.9655118168808792,1.1618801355361938,0.16279110312461853,0.14011006655991443,0.1
3,sco_kcal,3,0.18008792400360107,0.017340177670121193,0.6460133368453027,0.9537610367199101,2.960228681564331,0.2195855975151062,0.07417859264814174,0.16
3,sco_kcal,4,0.33132845163345337,0.009483132511377335,0.6736230576482829,0.9674793709625218,1.8449506759643555,0.29129543900489807,0.15788792773695046,0.14
3,sco_kcal,5,0.7235702276229858,0.006070767994970083,0.6906449391003604,0.9182946116182116,1.1358137130737305,1.078248381614685,0.9493179816404377,0.34
3,sco_kcal,6,0.9801012277603149,0.001630191458389163,0.8260323822657865,0.9248118535654555,0.3645447790622711,1.5169519186019897,4.161222449829314,0.88
3,sco_kcal,7,0.3378072679042816,0.006520624738186598,0.62045535593737,0.9262808978967463,1.030218243598938,0.20985358953475952,0.20369818806708603,0.26
3,sco_kcal,8,0.9731623530387878,0.002522540744394064,0.799927276311869,0.9369202611466005,0.6064769625663757,1.6681455373764038,2.7505505408110764,0.92
3,sco_kcal,9,0.18409982323646545,0.01955723948776722,0.6647437462936423,0.9286434947387747,3.8482015132904053,0.6468969583511353,0.16810371185525727,0.08
3,sco_kcal,10,0.08370088785886765,0.037303294986486435,0.6770336786206421,0.9525847637160656,7.78727912902832,0.28090062737464905,0.03607172964014444,0.02
3,sco_kcal,11,0.12461599707603455,0.014458918012678623,0.6683607936277374,0.9749300120193141,2.8844118118286133,0.09905599057674408,0.0343418336350336,0.1
3,sco_kcal,12,0.13074375689029694,0.037522416561841965,0.6722112729148839,0.9457388486344327,7.7881669998168945,0.18478244543075562,0.02372605074276142,0.06
3,sco_kcal,13,0.17700573801994324,0.003943460527807474,0.6786904167268337,0.9611715694074168,0.9276825785636902,0.08754647523164749,0.09437115372716572,0.14
3,sco_kcal,14,0.14685797691345215,0.0060275159776210785,0.663653316249659,0.9735946071988366,1.2535845041275024,0.079849973320961,0.06369732001157494,0.12
3,sco_kcal,15,0.34780439734458923,0.004883752204477787,0.6804939143724782,0.9320105682164836,1.1192407608032227,0.3876875340938568,0.34638439527133824,0.24
3,sco_kcal,16,0.41033244132995605,0.014522811397910118,0.690353116982823,0.8928978598382629,3.360135555267334,1.020058512687683,0.3035765956193773,0.16
3,sco_kcal,17,0.3240704834461212,0.014401241205632687,0.6613413820025498,0.9047688493026336,2.874932050704956,1.0273524522781372,0.35734842916590753,0.2
3,sco_kcal,18,0.11728131026029587,0.0158383809030056,0.6769492683313207,0.95584522365318,3.1663169860839844,0.016508078202605247,0.005213653047107578,0.16
3,sco_kcal,19,0.12658055126667023,0.06139069050550461,0.6610397685598692,0.9264724295972266,12.387285232543945,2.3904049396514893,0.1929724628743838,0.02
3,sco_kcal,20,0.13971294462680817,0.021881254389882088,0.6409643765803177,0.9541028674693381,3.748037576675415,0.25161051750183105,0.06713126865846811,0.14
3,sco_kcal,21,0.20243927836418152,0.021742312237620354,0.6342179761678679,0.9486993984898062,3.859506130218506,0.37867748737335205,0.0981155294477828,0.14
3,sco_kcal,22,0.18591593205928802,0.02234167791903019,0.6734894023708333,0.9688184289755086,4.5673933029174805,0.22171613574028015,0.04854325455148698,0.06
3,sco_kcal,23,0.12885847687721252,0.010202005505561829,0.6703750536216608,0.9642223522933904,2.1221537590026855,0.10902765393257141,0.05137594458933521,0.1
3,sco_kcal,24,0.2929413616657257,0.0036355736665427685,0.6763128553959246,0.9658072465767329,0.8760336637496948,0.13063250482082367,0.1491181334992039,0.18
3,sco_kcal,25,0.2047569304704666,0.008703743107616901,0.6648521167036625,0.9682837997009963,1.7556856870651245,0.1554664820432663,0.08855029302149771,0.22
3,sco_kcal,26,0.40276026725769043,0.00833031628280878,0.6542443100172701,0.9574032222705615,1.6509606838226318,0.27907809615135193,0.1690398195947192,0.16
3,sco_kcal,27,0.7543317079544067,0.010453867726027966,0.7117978300053869,0.931543557832966,2.045344352722168,2.014167070388794,0.9847569519079368,0.62
3,sco_kcal,28,0.17917010188102722,0.019379718229174614,0.6540226834265788,0.965160108995947,3.67287540435791,0.24232687056064606,0.06597742746000106,0.06
3,sco_kcal,29,0.3910309970378876,0.02466185949742794,0.6546584869628478,0.9303842852353836,4.746449947357178,1.1117181777954102,0.23422098413034242,0.22
3,sco_kcal,30,0.18211188912391663,0.010870368219912052,0.6675231411774236,0.9604130340955963,2.1947414875030518,0.2818527817726135,0.12842185896493727,0.08
3,sco_kcal,31,0.09169691056013107,0.018892737105488777,0.6735387714018566,0.9759864171370045,3.8761024475097656,0.08253978937864304,0.02129453245790018,0.12
3,sco_kcal,32,0.21657779812812805,0.010065034031867981,0.6456195456279563,0.9613051912729824,1.7659964561462402,0.10733114928007126,0.06077653718189754,0.16
3,sco_kcal,33,0.675372302532196,0.004772844724357128,0.6438730572341063,0.9178493665096907,0.9500291347503662,0.43134838342666626,0.45403700544405856,0.64
3,sco_kcal,34,0.7347114682197571,0.013197951018810272,0.6658896134703505,0.9294164133012615,2.055332899093628,1.8699982166290283,0.9098274140669234,0.58
3,sco_kcal,35,0.12162087857723236,0.018929891288280487,0.6791153011997728,0.9749320709731231,3.973586082458496,0.09338361769914627,0.02350109341065764,0.12
3,sco_kcal,36,0.19378823041915894,0.009679877199232578,0.6655726986730826,0.9628073340664189,1.663177728652954,0.044679637998342514,0.026864018937128014,0.14
3,sco_kcal,37,0.3667380213737488,0.008872377686202526,0.6596090943602335,0.933683082136922,1.7425545454025269,0.47142618894577026,0.27053740738822707,0.16
3,sco_kcal,38,0.4622068703174591,0.015333982184529305,0.667016448570019,0.9341517515504882,3.2520995140075684,0.6644026637077332,0.20429961040429187,0.34
3,sco_kcal,39,0.1865776926279068,0.0036588350776582956,0.6595802206926338,0.9593804311587231,0.713508665561676,0.11780223250389099,0.16510273552341057,0.14
3,sco_kcal,40,0.7687102556228638,0.008427067659795284,0.7133080876067008,0.9193871650403611,1.753041386604309,1.6341818571090698,0.9321981041614348,0.66
3,sco_kcal,41,0.25840482115745544,0.0025251416955143213,0.6404376514854784,0.9779296608732919,0.4911450743675232,0.1267227977514267,0.258015002827047,0.16
3,sco_kcal,42,0.05724560469388962,0.030551550909876823,0.6659911395114575,0.9456007146245022,6.316606521606445,0.21925599873065948,0.03471104270634513,0.06
3,sco_kcal,43,0.5368252992630005,0.008641061373054981,0.6814514337061506,0.9608847950541424,1.648371934890747,0.9165638089179993,0.556041867443435,0.48
3,sco_kcal,44,0.794459342956543,0.0037432231474667788,0.7102326501358136,0.9340893718676717,0.7519727945327759,0.9015576839447021,1.198923272888972,0.62
3,sco_kcal,45,0.9246638417243958,0.001464706496335566,0.7537427543235373,0.9796997900143161,0.13056577742099762,0.6011669039726257,4.6043221726794235,0.74
3,sco_kcal,46,0.26255297660827637,0.011180120520293713,0.6536267091644925,0.9496080583560953,2.031263589859009,0.1246504932641983,0.06136598612140257,0.24
3,sco_kcal,47,0.6674427390098572,0.004555487539619207,0.7013241005106845,0.9186963143210412,0.9829685091972351,0.6796373128890991,0.6914131088941408,0.44
3,sco_kcal,48,0.24157734215259552,0.0023855625186115503,0.6711444115848517,0.9499223202961542,0.5953102707862854,0.03969899192452431,0.06668622040081705,0.26
3,sco_kcal,49,0.33726489543914795,0.011058411560952663,0.6407968939418835,0.9502602940206744,1.981553316116333,0.2534444332122803,0.12790189956079942,0.14
3,sco_kcal,50,0.8250465393066406,0.0053266254253685474,0.7198482796681795,0.9492479043855209,0.9438294172286987,1.386518955230713,1.4690355374828779,0.8
3,sco_kcal,51,0.27744048833847046,0.009785182774066925,0.6729592057868747,0.946967130548777,2.0286943912506104,0.40269947052001953,0.19850179122926995,0.06
3,sco_kcal,52,0.6706880927085876,0.004871445242315531,0.6701604684440008,0.9054751736115865,1.0172938108444214,0.5274155735969543,0.518449604209392,0.38
3,sco_kcal,53,0.6275326013565063,0.004609345458447933,0.6809423266215009,0.9583083098680423,0.9113165140151978,0.634989857673645,0.6967830033891557,0.54
3,sco_kcal,54,0.26702389121055603,0.02104233205318451,0.6762748587948846,0.9486903020017095,4.411585807800293,0.6496188640594482,0.14725291365994342,0.1
3,sco_kcal,55,0.7559880018234253,0.008791347965598106,0.681713281345377,0.9020551129846497,1.748677134513855,1.4101300239562988,0.8063981601431103,0.58
3,sco_kcal,56,0.530598521232605,0.014519920572638512,0.6802121159765055,0.9088273526343524,2.9623537063598633,1.6710994243621826,0.5641120507569731,0.22
3,sco_kcal,57,0.9326967597007751,0.003445967799052596,0.7486057988897856,0.9246128901565482,0.5527791976928711,1.4402774572372437,2.6055203655429056,0.92
3,sco_kcal,58,0.18855807185173035,0.017039459198713303,0.6728258673173015,0.9599150434351038,3.5171291828155518,0.25360560417175293,0.07210585423215396,0.08
3,sco_kcal,59,0.5385504961013794,0.014160647988319397,0.6835880986042231,0.9493271295416261,2.865553617477417,1.6931989192962646,0.5908802086163054,0.48
3,sco_kcal,60,0.0938110202550888,0.012197489850223064,0.6596458358895374,0.9790354648535784,2.48618745803833,0.08084750175476074,0.03251866688224372,0.04
3,sco_kcal,61,0.29868224263191223,0.007681944873183966,0.6539227516963988,0.970376670546915,1.428938627243042,0.22054675221443176,0.1543430543549299,0.18
3,sco_kcal,62,-0.057327091693878174,0.0016438685124740005,0.6559120192926466,0.967849146555231,0.020344465970993042,0.02089695632457733,1.027156788208254,0.32
3,sco_kcal,63,0.14899666607379913,0.0035815227311104536,0.633938775948081,0.9723840766736491,0.6241351366043091,0.05095473304390907,0.08164054554136325,0.18
3,sco_kcal,64,0.387146919965744,0.017888473346829414,0.6672655754704677,0.9379318601523849,3.5946388244628906,1.1367390155792236,0.316231774898574,0.38
3,sco_kcal,65,0.34462112188339233,0.026926126331090927,0.6497416288969089,0.9242367576458717,4.891819477081299,1.5565173625946045,0.318187817413757,0.26
3,sco_kcal,66,0.7780285477638245,0.00568372430279851,0.7287431589891278,0.9419030840926095,1.1654661893844604,1.2734761238098145,1.0926753048772693,0.62
3,sco_kcal,67,0.08017724752426147,0.020098216831684113,0.6579061249252967,0.9742056133996662,3.784459114074707,0.053353216499090195,0.014097976722925953,0.06
3,sco_kcal,68,0.28039658069610596,0.005510023329406977,0.6333440591477786,0.9550751608813657,0.9025446772575378,0.18718285858631134,0.2073945626216345,0.22
3,sco_kcal,69,0.5994563102722168,0.008735896088182926,0.674500426021664,0.9152788574670567,1.7912156581878662,1.0741331577301025,0.5996671326649632,0.44
3,sco_kcal,70,0.33868226408958435,0.02605956792831421,0.660631706220502,0.9380504237169867,5.193141937255859,1.2994464635849,0.25022356008847096,0.22
3,sco_kcal,71,0.0936189591884613,0.012643462978303432,0.6685001907796817,0.9463921525966528,2.492239475250244,0.01135410275310278,0.004555783208578992,0.08
3,sco_kcal,72,0.1029195711016655,0.033054910600185394,0.6701553499607409,0.9620781014877815,6.703433513641357,0.13821880519390106,0.02061910585263932,0.08
3,sco_kcal,73,0.14453226327896118,0.009041663259267807,0.6555492073442135,0.961954377461252,1.7996444702148438,0.012145708315074444,0.006748948759653885,0.3
3,sco_kcal,74,0.15353131294250488,0.05240454152226448,0.6679191873145056,0.9216472043849624,10.802383422851562,1.7174842357635498,0.15899123078063973,0.04
3,sco_kcal,75,0.12721654772758484,0.041311707347631454,0.6742014951388411,0.9236552813084336,8.633489608764648,0.8550840020179749,0.09904268618681147,0.04
3,sco_kcal,76,0.564235270023346,0.003990472760051489,0.6526120858219371,0.9684121149548646,0.9097461700439453,0.2840271294116974,0.312204809169988,0.46
3,sco_kcal,77,0.39824000000953674,0.021118145436048508,0.6739117144119071,0.9391964419858436,4.173028945922852,1.887657880783081,0.4523471812069187,0.32
3,sco_kcal,78,0.8929817080497742,0.0032546850852668285,0.7626620931519177,0.9410204220118779,0.7359638214111328,1.2747246026992798,1.732047915419443,0.84
3,sco_kcal,79,0.828441321849823,0.0018771806498989463,0.706142982672155,0.9806305856919542,0.5886567831039429,0.32402750849723816,0.5504523481215412,0.82
3,sco_kcal,80,0.19024620950222015,0.0015535225393250585,0.6499240266845154,0.9788790048557627,0.030048931017518044,0.11400351673364639,3.7939291972544438,0.28
3,sco_kcal,81,0.4386577010154724,0.006525390315800905,0.6536944887707463,0.9222924247102715,1.2205015420913696,0.41547438502311707,0.3404128308688476,0.2
3,sco_kcal,82,0.6018866300582886,0.004929218906909227,0.6704812200846595,0.9785936246153701,0.8732571601867676,0.561158299446106,0.6426037197634754,0.52
3,sco_kcal,83,0.45576390624046326,0.005159197840839624,0.6397798292528887,0.9347447097142303,0.9019280672073364,0.2190389335155487,0.24285632244904487,0.36
3,sco_kcal,84,0.32352015376091003,0.0037122913636267185,0.6604640588950432,0.9692817547571453,0.7224238514900208,0.14682221412658691,0.2032355573860992,0.1
3,sco_kcal,85,0.901368260383606,0.003939941059798002,0.7529149063628484,0.9193127783861197,0.9351915717124939,1.5139061212539673,1.618819252703218,0.84
3,sco_kcal,86,0.6145238876342773,0.006723310332745314,0.6762384924884364,0.9499166285258367,1.5613282918930054,0.4848822057247162,0.3105574966151604,0.52
3,sco_kcal,87,0.4491751492023468,0.009388551115989685,0.6725527708327341,0.9260128250794835,1.901763677597046,0.8212237358093262,0.4318221793188179,0.34
3,sco_kcal,88,0.10764231532812119,0.016829201951622963,0.666998689913894,0.9440516487517023,3.317913055419922,0.14401783049106598,0.04340614961438126,0.08
3,sco_kcal,89,0.8093647956848145,0.0069432565942406654,0.7182975538027139,0.9276363583872982,1.5201435089111328,1.5601427555084229,1.0263128095227938,0.76
3,sco_kcal,90,0.11077291518449783,0.012945619411766529,0.6612957590475572,0.9658008806378513,2.5135345458984375,0.14184243977069855,0.05643146620051661,0.04
3,sco_kcal,91,0.2453009933233261,0.012630472891032696,0.6665281185645553,0.9677695533038229,2.533816337585449,0.24688714742660522,0.09743687565842736,0.16
3,sco_kcal,92,0.15283943712711334,0.021356523036956787,0.6474808455169727,0.9559765580831638,3.835948944091797,0.08199041336774826,0.021374219147007024,0.1
3,sco_kcal,93,0.27549558877944946,0.0026905988343060017,0.619235866793427,0.9618823530926206,0.3918161392211914,0.0934302806854248,0.23845439565387772,0.28
3,sco_kcal,94,0.19811372458934784,0.007094350643455982,0.6593808790051425,0.9669484353978886,1.5382789373397827,0.04172270745038986,0.027122979088917955,0.12
3,sco_kcal,95,0.19675187766551971,0.005112180486321449,0.6627519682959926,0.9557469995541452,1.1006132364273071,0.07892279326915741,0.07170801754606199,0.08
3,sco_kcal,96,0.25214678049087524,0.011882614344358444,0.6569113187612186,0.9509608069218505,2.272437334060669,0.36037251353263855,0.15858413701058188,0.16
3,sco_kcal,97,0.23006664216518402,0.022035330533981323,0.666241098610423,0.8767409291656243,4.596796989440918,0.8366165161132812,0.18199988340469092,0.12
3,sco_kcal,98,0.6465790271759033,0.0032143807038664818,0.678313782307344,0.9410915172451111,0.606545627117157,0.4651005268096924,0.7668022091268926,0.48
3,sco_kcal,99,0.2111966609954834,0.015253180637955666,0.6696700091315011,0.9700101141576063,3.1321792602539062,0.31045979261398315,0.09911942031977318,0.1
3,sco_kcal,100,0.3989686965942383,0.02315494790673256,0.6445460369796183,0.947079484328696,4.074911117553711,1.7199091911315918,0.4220728112872567,0.18
3,sco_kcal,101,0.22270092368125916,0.012559766881167889,0.6477945126923592,0.9496054822666271,2.4728715419769287,0.3893006443977356,0.15742857556058512,0.22
3,sco_kcal,102,0.6338711977005005,0.005416163243353367,0.6533779725818303,0.9516750749240601,0.9294513463973999,0.533504068851471,0.5739989198136723,0.32
3,sco_kcal,103,0.2410779595375061,0.01735761947929859,0.6440530012069465,0.9460577671828965,2.988534688949585,0.3707613945007324,0.12406126516505259,0.08
3,sco_kcal,104,0.8568627834320068,0.0071065532974898815,0.7290327377226955,0.9247054164178439,1.4999250173568726,2.0514719486236572,1.3677163357397064,0.8
3,sco_kcal,105,0.5408536195755005,0.011365476064383984,0.6882887452786848,0.9135999148116076,2.593163251876831,1.4671543836593628,0.5657778709448753,0.38
3,sco_kcal,106,0.8363146781921387,0.01486537791788578,0.7258206221543284,0.9458013376261332,2.97088623046875,3.58259916305542,1.2059025102722136,0.58
3,sco_kcal,107,0.27370530366897583,0.011311810463666916,0.6606941251143668,0.9495455550651248,2.2070577144622803,0.4018367826938629,0.18206899623001704,0.24
3,sco_kcal,108,0.6682962775230408,0.01648898236453533,0.6940880085424348,0.9709206859856738,3.3696820735931396,2.0960323810577393,0.6220267477111603,0.56
3,sco_kcal,109,0.6474980115890503,0.008079237304627895,0.6672887904689262,0.9663413753314487,1.5539708137512207,0.24539868533611298,0.1579171778289264,0.56
3,sco_kcal,110,0.5074893236160278,0.0064691342413425446,0.6804493410405714,0.9530592023178062,1.3211073875427246,0.6772738099098206,0.5126561370378512,0.3
3,sco_kcal,111,0.4643822908401489,0.003231663489714265,0.6602231356723682,0.9836927289311597,0.5783668756484985,0.2710515558719635,0.46864986098667,0.34
3,sco_kcal,112,0.20285260677337646,0.02768733724951744,0.6702474621619994,0.9098794657255245,5.8396830558776855,1.1951185464859009,0.20465469359385952,0.14
3,sco_kcal,113,0.17015239596366882,0.01161533035337925,0.6601448774345229,0.9811328059351077,2.2693450450897217,0.21661917865276337,0.09545449208857484,0.12
3,sco_kcal,114,0.2818658947944641,0.00269211339764297,0.6336732549473139,0.961312823435758,0.4246215522289276,0.10817207396030426,0.2547493724529204,0.14
3,sco_kcal,115,0.3887995481491089,0.007751632481813431,0.6549643132884257,0.971357242949545,1.4537360668182373,0.18981434404850006,0.1305700177501566,0.24
3,sco_kcal,116,0.3735734224319458,0.004465099889785051,0.6565950797260385,0.9421073101584883,0.9877117872238159,0.32189518213272095,0.32589990956519727,0.24
3,sco_kcal,117,0.42740264534950256,0.004246775526553392,0.6483735253190521,0.9739924018850767,0.7727748155593872,0.32266858220100403,0.41754541647094756,0.24
3,sco_kcal,118,0.16572120785713196,0.016862578690052032,0.6585585347692877,0.9540503030383789,3.204802989959717,0.21112079918384552,0.06587637363209625,0.06
3,sco_kcal,119,0.8551185727119446,0.00205806246958673,0.7475473990467054,0.9340567470223347,0.32935142517089844,0.6057398319244385,1.8391899522223831,0.68
3,sco_kcal,120,0.30524522066116333,0.01569298468530178,0.7029015272340922,0.9062033909569591,3.920982599258423,1.44376802444458,0.36821587137816947,0.1
3,sco_kcal,121,0.26845309138298035,0.008107240311801434,0.6539833807923685,0.9614096470353366,1.5615729093551636,0.13544201850891113,0.08673435463531486,0.12
3,sco_kcal,122,0.22188560664653778,0.014143330976366997,0.6725506757471034,0.9610907672734332,3.0021932125091553,0.38987311720848083,0.12986276685458062,0.12
3,sco_kcal,123,0.36856338381767273,0.0033535154070705175,0.6406842489217603,0.9714433772988234,0.5419796705245972,0.12249463051557541,0.22601333071590943,0.36
3,sco_kcal,124,0.6478418707847595,0.00372061668895185,0.6618240806566575,0.961599914056029,0.7693079710006714,0.29464226961135864,0.38299651208358726,0.54
3,sco_kcal,125,0.7883439660072327,0.0017842163797467947,0.7225821274909559,0.9772502432387704,0.3811913728713989,0.41894441843032837,1.0990396117166745,0.68
3,sco_kcal,126,0.16677390038967133,0.012363390997052193,0.6618994975636163,0.9694588267484812,2.3764455318450928,0.099500872194767,0.041869620347458024,0.18
3,sco_kcal,127,0.532710075378418,0.008045836351811886,0.6913473217658335,0.9529892477543283,1.8322489261627197,0.8187021613121033,0.4468291123666869,0.3
3,sco_kcal,128,0.523349940776825,0.007662259042263031,0.6650983076238799,0.9214781972043475,1.6309573650360107,0.7462623119354248,0.4575608951733375,0.28
3,sco_kcal,129,0.2692844867706299,0.032539792358875275,0.6331056201256302,0.9215418164213378,6.30422306060791,1.6356775760650635,0.25945743993191395,0.06
3,sco_kcal,130,0.19656604528427124,0.010916274040937424,0.6413887564580418,0.9545395267374193,1.9061555862426758,0.015749529004096985,0.00826245722949705,0.24
3,sco_kcal,131,0.08333092927932739,0.06893496960401535,0.6382522411123179,0.9630853968327415,11.531274795532227,0.01021554321050644,0.0008858988612832672,0.08
3,sco_kcal,132,0.23356060683727264,0.004939127713441849,0.6493239730986682,0.9709688031383088,1.0253294706344604,0.1611068844795227,0.15712694221090892,0.1
3,sco_kcal,133,0.10697262734174728,0.021424762904644012,0.6426311871555335,0.9519944207580997,3.585167169570923,0.06717077642679214,0.01873574459704517,0.12
3,sco_kcal,134,0.6731800436973572,0.006007231306284666,0.695427315934575,0.9356936866122527,1.2373956441879272,0.9910681247711182,0.8009306719529727,0.42
3,sco_kcal,135,0.35404396057128906,0.015702351927757263,0.6696802035098337,0.9572788675989383,3.2098515033721924,1.1270560026168823,0.3511240321967619,0.16
3,sco_kcal,136,0.13635404407978058,0.004696953576058149,0.6476933576070985,0.9614392445112552,0.9064527153968811,0.06753602623939514,0.07450584580115156,0.12
3,sco_kcal,137,0.9276347756385803,0.0019325821194797754,0.7987395384278992,0.9246674995306174,0.5522236227989197,1.0105347633361816,1.8299375861799125,0.88
3,sco_kcal,138,0.6365771293640137,0.010279661975800991,0.6720939968129283,0.9289853285703187,1.899056077003479,1.1868586540222168,0.6249729370261469,0.44
3,sco_kcal,139,0.6656513810157776,0.00544916233047843,0.6461262899191969,0.9170855231093271,1.2564926147460938,0.35543105006217957,0.2828755584321548,0.38
3,sco_kcal,140,0.17925994098186493,0.04227360337972641,0.6505424882069581,0.9040410569534436,7.96233606338501,1.4609315395355225,0.18348026608091195,0.12
3,sco_kcal,141,0.7081974148750305,0.006866282783448696,0.6629103702013484,0.9238106273146394,1.4680894613265991,0.9753585457801819,0.6643726908160118,0.46
3,sco_kcal,142,0.9939314723014832,0.0031618319917470217,0.7423047327837167,0.9751676553561246,2.657705068588257,1.856277346611023,0.6984512196445698,0.4
3,sco_kcal,143,0.6013572812080383,0.011066151782870293,0.6835939465997605,0.9253979108182786,2.168221950531006,1.7157734632492065,0.7913274113053819,0.4
3,sco_kcal,144,0.27653008699417114,0.0071953581646084785,0.6631047867101874,0.9631109664218076,1.409085750579834,0.07646211981773376,0.054263638523255144,0.3
3,sco_kcal,145,0.1942138522863388,0.003637231420725584,0.6495417321291312,0.9659253807440997,0.7182037234306335,0.10192940384149551,0.1419226892261304,0.14
3,sco_kcal,146,0.5760796070098877,0.008643346838653088,0.6923538656621682,0.9384391141632968,1.8160921335220337,1.0633052587509155,0.5854908124560824,0.38
3,sco_kcal,147,0.42263755202293396,0.01233896054327488,0.6745020823108703,0.9212234542999576,2.7201921939849854,0.835833728313446,0.3072701003119119,0.2
3,sco_kcal,148,0.27725982666015625,0.011895258910953999,0.6354374685749631,0.9295758331510877,2.0383517742156982,0.19458022713661194,0.09545959122364002,0.16
3,sco_kcal,149,0.8773859739303589,0.004831546917557716,0.7241893944928777,0.9087260302243845,0.9980654120445251,1.5314946174621582,1.5344631714317298,0.56
3,sco_kcal,150,0.23095236718654633,0.003466120222583413,0.6564358599162141,0.9732846033291489,0.6357988119125366,0.03158921003341675,0.04968428603758118,0.3
3,sco_kcal,151,0.08789853006601334,0.01652514562010765,0.6718965488300164,0.9713693134982433,3.401304006576538,0.008832325227558613,0.0025967467801998904,0.08
3,sco_kcal,152,0.20052461326122284,0.006461413111537695,0.6702100339778327,0.9621357474860877,1.3846583366394043,0.08338868618011475,0.060223294060035695,0.2
3,sco_kcal,153,0.7133706212043762,0.012865002267062664,0.7080702680217883,0.9300603891206938,2.600311517715454,2.361785650253296,0.9082702722973288,0.5
3,sco_kcal,154,0.3108242452144623,0.020810656249523163,0.666240214576794,0.9368011708443962,4.474403381347656,0.5589639544487,0.12492480154535023,0.08
3,sco_kcal,155,0.3326006531715393,0.010104157961905003,0.6528024017384937,0.9571492812184068,2.0972495079040527,0.1144138053059578,0.05455421726158875,0.36
3,sco_kcal,156,0.2013188749551773,0.027393901720643044,0.685828976786161,0.9124863576200464,6.338043689727783,0.6611365079879761,0.10431239359543949,0.04
3,sco_kcal,157,0.1454048752784729,0.05246239900588989,0.6675308363411541,0.9512783799838045,10.30920696258545,0.7190412878990173,0.06974748790169683,0.02
3,sco_kcal,158,0.3340669572353363,0.02092413417994976,0.6543492030693026,0.9277188450978651,3.8616302013397217,1.183907151222229,0.30658221774096706,0.22
3,sco_kcal,159,0.8372832536697388,0.004684777464717627,0.7374978255243243,0.9246478365638773,1.1217190027236938,1.329506516456604,1.1852402546701735,0.7
3,sco_kcal,160,0.5098645687103271,0.014885333366692066,0.667139292961334,0.9355487961143145,2.9905269145965576,1.006847620010376,0.336679002986404,0.24
3,sco_kcal,161,0.3789113163948059,0.024608543142676353,0.6540152546967097,0.9059923592810979,4.8670735359191895,1.8018189668655396,0.37020582359564663,0.22
3,sco_kcal,162,0.401515930891037,0.016209140419960022,0.6471310516841033,0.9017685577514052,2.749126434326172,1.0579463243484497,0.38482999950046276,0.22
3,sco_kcal,163,0.3297807276248932,0.01466011069715023,0.6636722652097364,0.9479648898644435,2.841728925704956,0.9997023940086365,0.35179372140875026,0.16
3,sco_kcal,164,0.3724316656589508,0.0055513037368655205,0.6644543973310599,0.9644700042954908,1.0796302556991577,0.39555758237838745,0.36638245389133556,0.24
3,sco_kcal,165,0.3425770699977875,0.00372896040789783,0.6652344799718535,0.9575554117689904,0.8146936893463135,0.24565084278583527,0.3015254027350308,0.2
3,sco_kcal,166,0.1677955687046051,0.010404364205896854,0.6690074233240992,0.9770511907440547,2.2001540660858154,0.06201663985848427,0.028187407788589545,0.12
3,sco_kcal,167,0.31899896264076233,0.005489995703101158,0.6815810728118368,0.9608445356580482,1.2770230770111084,0.15882208943367004,0.12436900498728301,0.22
3,sco_kcal,168,0.35799360275268555,0.01317612174898386,0.674913964579199,0.9433482080324649,2.6901230812072754,0.6029030680656433,0.22411728008930804,0.18
3,sco_kcal,169,0.1856171190738678,0.027263332158327103,0.6745125403788144,0.9653915967861617,5.798007011413574,0.31982675194740295,0.055161497962629764,0.06
3,sco_kcal,170,0.48642697930336,0.005352279637008905,0.6649249960621331,0.9230914157438539,1.131373405456543,0.3403957784175873,0.30086952439917697,0.4
3,sco_kcal,171,0.4648357629776001,0.00956973247230053,0.6808368577721504,0.9071687611404999,2.042576789855957,1.0277433395385742,0.5031601967880243,0.24
3,sco_kcal,172,0.4321959614753723,0.010296819731593132,0.6597025137165313,0.9227683468731176,2.0286319255828857,0.6513184309005737,0.32106289104832597,0.22
3,sco_kcal,173,0.3434603810310364,0.011712047271430492,0.6579350243033932,0.9754263431078711,2.203115224838257,0.21174266934394836,0.09611057422541011,0.22
3,sco_kcal,174,0.32049381732940674,0.013972255401313305,0.6680325394092081,0.986575277777406,2.718055248260498,0.4621809720993042,0.17004105137122982,0.22
3,sco_kcal,175,0.45756229758262634,0.011791929602622986,0.6839078011125452,0.9533230774166346,2.387829542160034,1.0616490840911865,0.4446084049746772,0.2
3,sco_kcal,176,0.14772991836071014,0.005085438024252653,0.6485435503893662,0.9693416915151911,0.9927042126655579,0.047811154276132584,0.0481625379102125,0.12
3,sco_kcal,177,0.13943690061569214,0.04817505180835724,0.6498515217270113,0.9416995257093679,9.427156448364258,0.9329933524131775,0.09896869300127768,0.04
3,sco_kcal,178,0.974516749382019,0.0017749235266819596,0.7919788910368628,0.942121846013313,0.26930686831474304,1.238066554069519,4.59723348987361,0.96
3,sco_kcal,179,0.15543797612190247,0.006411300040781498,0.6564308713020091,0.964956145845077,1.2531217336654663,0.06942940503358841,0.055405155914503755,0.2
3,sco_kcal,180,0.19176757335662842,0.011330272071063519,0.6697849745639337,0.9667421835136873,2.3388495445251465,0.31160056591033936,0.13322813630305716,0.12
3,sco_kcal,181,0.675617516040802,0.009444779716432095,0.7022661237151493,0.9186788349762991,1.9767823219299316,1.6502439975738525,0.834813210977484,0.5
3,sco_kcal,182,0.41907116770744324,0.0029640074353665113,0.6535925602634978,0.9612761240937104,0.5983139872550964,0.21287699043750763,0.3557947749377045,0.28
3,sco_kcal,183,0.7537477016448975,0.0009361020638607442,0.7179840326740468,0.9691850485393676,0.36339107155799866,0.167157381772995,0.45999308969349845,0.64
3,sco_kcal,184,0.49785083532333374,0.005732234567403793,0.654804947019964,0.9621300754794488,1.2746413946151733,0.20237602293491364,0.15877094827601526,0.32
3,sco_kcal,185,0.25023648142814636,0.009032906964421272,0.640625652220584,0.975120756052088,1.6827529668807983,0.06751652806997299,0.040122661732769765,0.2
3,sco_kcal,186,0.06992031633853912,0.027021260932087898,0.6860086501672673,0.954143262861795,6.1894917488098145,0.048398297280073166,0.007819429970058484,0.08
3,sco_kcal,187,0.14290951192378998,0.018138796091079712,0.6569573708420191,0.9505046402830151,3.240955114364624,0.18459783494472504,0.056957849902501564,0.1
3,sco_kcal,188,0.19154495000839233,0.036465659737586975,0.6306107626183863,0.9131445626166979,6.185756683349609,1.7505576610565186,0.28299814406999685,0.0
3,sco_kcal,189,0.45719945430755615,0.011191761121153831,0.6774594560319775,0.9070979295194843,2.3368353843688965,1.0149359703063965,0.4343206958844034,0.18
3,sco_kcal,190,0.37000536918640137,0.004917381796985865,0.6681888574888883,0.9545752323644587,0.9928787350654602,0.3195144534111023,0.32180612004953135,0.2
3,sco_kcal,191,0.739517092704773,0.008723091334104538,0.712347514629722,0.9303222724918749,2.0702409744262695,1.6882907152175903,0.8155044442038782,0.52
3,sco_kcal,192,0.38275080919265747,0.008957721292972565,0.6554265198590268,0.943452837872621,1.6807680130004883,0.29894280433654785,0.17786083625120785,0.22
3,sco_kcal,193,0.24180270731449127,0.02415391057729721,0.6725528022267278,0.9203305337809913,5.261127471923828,1.1142147779464722,0.21178250933711723,0.06
3,sco_kcal,194,0.10084810853004456,0.0345303937792778,0.68075586707274,0.9512283010164992,7.490283489227295,0.3034324049949646,0.0405101362894166,0.04
3,sco_kcal,195,0.21561647951602936,0.01200737152248621,0.6703445502950929,0.942782750058512,2.542742967605591,0.16912314295768738,0.06651208758113075,0.06
3,sco_kcal,196,0.3143269717693329,0.008008678443729877,0.6699293635978323,0.9609774920276768,1.522581934928894,0.016889719292521477,0.011092814714966549,0.2
3,sco_kcal,197,0.12489588558673859,0.00837315060198307,0.6733284524917875,0.9627300865169197,1.7765010595321655,0.08465096354484558,0.04765038731085141,0.08
3,sco_kcal,198,0.43620067834854126,0.0034369255881756544,0.6628058034155917,0.9709154879391009,0.8728105425834656,0.09393271803855896,0.10762097093892094,0.3
3,sco_kcal,199,0.3058692514896393,0.003955485299229622,0.64904839705873,0.972158919752639,0.7398468255996704,0.1871737837791443,0.2529899126450042,0.18
3,sco_kcal,200,0.7819439172744751,0.009643974713981152,0.6907184265806927,0.9222330074419656,1.9244816303253174,2.1575429439544678,1.1211034233617254,0.68
3,sco_kcal,201,0.6092831492424011,0.008326583541929722,0.6845843263678864,0.936038889416446,1.596840739250183,1.1732056140899658,0.7347042101649157,0.52
3,sco_kcal,202,0.1461447775363922,0.009798139333724976,0.6457061980438761,0.9706749938003782,1.912330150604248,0.13693225383758545,0.07160492334146293,0.06
3,sco_kcal,203,0.31140509247779846,0.00774630019441247,0.6724120263032569,0.925579076929617,1.5737135410308838,0.4907492995262146,0.311841568831353,0.12
3,sco_kcal,204,0.26271891593933105,0.021597418934106827,0.6357820801132916,0.9314120766815355,3.643082618713379,0.7527793645858765,0.206632526179638,0.08
3,sco_kcal,205,0.3096943497657776,0.004448707215487957,0.6354330854649342,0.9693864458929349,0.7738714814186096,0.13821111619472504,0.17859698866453333,0.22
3,sco_kcal,206,0.13228602707386017,0.07500145584344864,0.672259526402029,0.9158971969193608,16.809234619140625,2.031029462814331,0.12082819407503563,0.0
3,sco_kcal,207,0.3807912766933441,0.013257707469165325,0.6687359440714393,0.9179406714088638,2.622965097427368,0.940261721611023,0.35847283005528424,0.22
3,sco_kcal,208,0.3746785819530487,0.006150952074676752,0.6625861257899273,0.9384626085711376,1.2041372060775757,0.1386619359254837,0.11515459801891588,0.16
3,sco_kcal,209,0.6063023209571838,0.002762800082564354,0.6553581480946882,0.9791012465271847,0.3866000175476074,0.23092283308506012,0.5973171821096035,0.54
3,sco_kcal,210,0.2397066056728363,0.026280324906110764,0.6701517082334236,0.9200868793729466,5.842803955078125,1.0470036268234253,0.17919540598541708,0.06
3,sco_kcal,211,0.5477942228317261,0.008337430655956268,0.6727404164678872,0.9304036242941147,1.6055783033370972,0.8802968263626099,0.548273992325984,0.38
3,sco_kcal,212,0.2061498612165451,0.002856734674423933,0.6678896859947749,0.9604240171202194,0.6823961734771729,0.07103104144334793,0.10409062096788563,0.1
3,sco_kcal,213,0.1645738184452057,0.042549602687358856,0.6531360215543458,0.9601128024587908,8.078007698059082,0.19257943332195282,0.02383996655118616,0.06
3,sco_kcal,214,0.17889462411403656,0.010111485607922077,0.653915778140409,0.9731199961893138,1.873561978340149,0.09396608918905258,0.05015371270092718,0.08
3,sco_kcal,215,0.8631188869476318,0.005713293794542551,0.7331528054701912,0.934993900872745,1.0995872020721436,1.8167868852615356,1.6522444803266607,0.64
3,sco_kcal,216,0.2584628462791443,0.003548196516931057,0.6486368367411894,0.9560755141490713,0.6329632997512817,0.14532352983951569,0.22959234744987506,0.18
3,sco_kcal,217,0.8413362503051758,0.00670430576428771,0.727902418717189,0.9217209208790909,1.5556893348693848,2.036071538925171,1.3087905748843607,0.74
3,sco_kcal,218,0.3772016167640686,0.004444170277565718,0.6611960530848553,0.9598077413005164,0.8501752614974976,0.31663942337036133,0.37244017523237866,0.24
3,sco_kcal,219,0.5247738361358643,0.0014407982816919684,0.6615805580745584,0.96859819065234,0.12771360576152802,0.17843127250671387,1.3971203102658296,0.44
3,sco_kcal,220,0.3281466066837311,0.008836810477077961,0.6290327803890814,0.960907329881092,1.449035406112671,0.22826813161373138,0.15753109320227487,0.3
3,sco_kcal,221,0.9108943343162537,0.0015004812739789486,0.7293044738078052,0.9678051057963477,0.16308185458183289,0.6165130734443665,3.780390375282409,0.8
3,sco_kcal,222,0.1278454214334488,0.04839383065700531,0.644630488632739,0.9747134169421889,8.855254173278809,0.012882481329143047,0.0014547839143924978,0.18
3,sco_kcal,223,0.491266667842865,0.016318557783961296,0.6868299773989894,0.9270798521553423,3.598067045211792,1.5391203165054321,0.4277631008998709,0.4
3,sco_kcal,224,0.1556018739938736,0.00816868431866169,0.6741226875592379,0.9735408584207932,1.7529213428497314,0.09885453432798386,0.056394164365227956,0.18
3,sco_kcal,225,0.9173407554626465,0.004956100136041641,0.7619035463851744,0.927685159655715,1.0047963857650757,1.9436548948287964,1.934376877111129,0.8
3,sco_kcal,226,0.20133528113365173,0.006674198899418116,0.656312196423402,0.9733366588301606,1.252086877822876,0.16857033967971802,0.1346315041435683,0.04
3,sco_kcal,227,0.2978810966014862,0.021074194461107254,0.665251421118487,0.933202556673455,4.2048845291137695,0.8934204578399658,0.21247205521438303,0.12
3,sco_kcal,228,0.8813607096672058,0.003039715811610222,0.6875919310167571,0.9164083602776676,0.4503481984138489,0.8547512292861938,1.8979785692419215,0.88
3,sco_kcal,229,0.5218408107757568,0.011472180485725403,0.6398401327325469,0.9433884078040196,1.9165388345718384,1.137481927871704,0.5935084159804264,0.42
3,sco_kcal,230,0.9157689809799194,0.003702861024066806,0.7388180142368423,0.9176164473570592,0.614271342754364,1.3915563821792603,2.2653773427547286,0.84
3,sco_kcal,231,0.2239946573972702,0.018823575228452682,0.6403475419550886,0.9260863095345713,3.396533966064453,0.2642851173877716,0.07781023832774958,0.2
3,sco_kcal,232,0.4238789975643158,0.02262934297323227,0.6385990997361657,0.8950084988240394,4.305656909942627,1.913475513458252,0.4444096576853703,0.22
3,sco_kcal,233,0.12362444400787354,0.002554685575887561,0.6653514135332339,0.9678192677791921,0.6025406122207642,0.042398951947689056,0.07036696130974579,0.02
3,sco_kcal,234,0.11152830719947815,0.03702737018465996,0.67905542470425,0.9494421581688426,8.124534606933594,0.12095096707344055,0.014887125592427075,0.04
3,sco_kcal,235,0.38247230648994446,0.009170032106339931,0.6476140731976796,0.9679309320854279,1.6932621002197266,0.2286725491285324,0.13504852503275108,0.28
3,sco_kcal,236,0.32077014446258545,0.009707201272249222,0.6626432031208922,0.9598877625260582,1.9090988636016846,0.3562931418418884,0.18662896334750825,0.2
3,sco_kcal,237,0.4093080461025238,0.020022127777338028,0.6471288705275706,0.9089110807821907,3.302121639251709,1.3549375534057617,0.4103233319148119,0.24
3,sco_kcal,238,0.45118260383605957,0.01146999653428793,0.6386577486211833,0.9778907624948849,1.9475640058517456,0.45947837829589844,0.2359246612256785,0.28
3,sco_kcal,239,0.8641074895858765,0.003110300051048398,0.7530855965010974,0.9379012029793086,0.7441360354423523,1.056715488433838,1.420056868776248,0.72
3,sco_kcal,240,0.14199413359165192,0.012029564939439297,0.6670081992165877,0.9553515110876678,2.4219679832458496,0.1431196630001068,0.05909230179347874,0.1
3,sco_kcal,241,0.5284445881843567,0.004777388647198677,0.6591143692082053,0.9693456011685204,1.0471025705337524,0.11054625362157822,0.10557347172324114,0.34
3,sco_kcal,242,0.4534348249435425,0.0030188278760761023,0.6560288770603753,0.9613316898120019,0.6619197726249695,0.17650197446346283,0.2666516121183546,0.36
3,sco_kcal,243,0.8773436546325684,0.008574306964874268,0.7397103701088261,0.9144378950531777,1.898712396621704,2.425344228744507,1.2773626132424352,0.82
3,sco_kcal,244,0.9414696097373962,0.0032679345458745956,0.7426481106404172,0.9690204499319861,0.6794150471687317,1.2706544399261475,1.8702182785342143,0.84
3,sco_kcal,245,0.512363612651825,0.008710437454283237,0.6970029756060343,0.9464676909909162,1.9890334606170654,0.6942868232727051,0.34905738742942705,0.36
3,sco_kcal,246,0.4151914417743683,0.014950052835047245,0.6438743439459229,0.9325474412162207,2.5826199054718018,0.900250256061554,0.34858023596666005,0.26
3,sco_kcal,247,0.7004063129425049,0.009105532430112362,0.698682287472622,0.9345071740105988,1.751810908317566,1.4707235097885132,0.839544669350753,0.6
3,sco_kcal,248,0.7722245454788208,0.005731497425585985,0.6890274605862126,0.9094639503732915,1.0500303506851196,1.1848118305206299,1.1283596038415162,0.68
3,sco_kcal,249,0.6901091933250427,0.00896418560296297,0.6710359108979163,0.9286734203535967,1.671725869178772,1.4271694421768188,0.8537102096038686,0.66
3,water_gsolv_eV,0,1.0,0.0,0.6858305389200035,0.6858305389200035,,,,1.0
3,water_gsolv_eV,1,1.0,0.0,0.6858305389200035,0.6858305389200035,,,,1.0
3,water_gsolv_eV,2,1.0,0.0,0.6858305389200035,0.6858305389200035,,,,1.0
3,water_gsolv_eV,3,1.0,0.0,0.6858305389200035,0.6858305389200035,,,,1.0
3,water_gsolv_eV,4,1.0,0.0,0.6858305389200035,0.6858305389200035,,,,1.0
3,water_gsolv_eV,5,1.0,0.0,0.6858305389200035,0.6858305389200035,,,,1.0
3,water_gsolv_eV,6,1.0,0.0,0.6858305389200035,0.6858305389200035,,,,1.0
3,water_gsolv_eV,7,1.0,0.0,0.6858305389200035,0.6858305389200035,,,,1.0
3,water_gsolv_eV,8,1.0,0.0,0.6858305389200035,0.6858305389200035,,,,1.0
3,water_gsolv_eV,9,1.0,0.0,0.6858305389200035,0.6858305389200035,,,,1.0
3,water_gsolv_eV,10,1.0,0.0,0.6858305389200035,0.6858305389200035,,,,1.0
3,water_gsolv_eV,11,1.0,0.0,0.6858305389200035,0.6858305389200035,,,,1.0
3,water_gsolv_eV,12,1.0,0.0,0.6858305389200035,0.6858305389200035,,,,1.0
3,water_gsolv_eV,13,1.0,0.0,0.6858305389200035,0.6858305389200035,,,,1.0
3,water_gsolv_eV,14,1.0,0.0,0.6858305389200035,0.6858305389200035,,,,1.0
3,water_gsolv_eV,15,1.0,0.0,0.6858305389200035,0.6858305389200035,,,,1.0
3,water_gsolv_eV,16,1.0,0.0,0.6858305389200035,0.6858305389200035,,,,1.0
3,water_gsolv_eV,17,1.0,0.0,0.6858305389200035,0.6858305389200035,,,,1.0
3,water_gsolv_eV,18,1.0,0.0,0.6858305389200035,0.6858305389200035,,,,1.0
3,water_gsolv_eV,19,1.0,0.0,0.6858305389200035,0.6858305389200035,,,,1.0
3,water_gsolv_eV,20,1.0,0.0,0.6858305389200035,0.6858305389200035,,,,1.0
3,water_gsolv_eV,21,1.0,0.0,0.6858305389200035,0.6858305389200035,,,,1.0
3,water_gsolv_eV,22,1.0,0.0,0.6858305389200035,0.6858305389200035,,,,1.0
3,water_gsolv_eV,23,1.0,0.0,0.6858305389200035,0.6858305389200035,,,,1.0
3,water_gsolv_eV,24,1.0,0.0,0.6858305389200035,0.6858305389200035,,,,1.0
3,water_gsolv_eV,25,1.0,0.0,0.6858305389200035,0.6858305389200035,,,,1.0
3,water_gsolv_eV,26,1.0,0.0,0.6858305389200035,0.6858305389200035,,,,1.0
3,water_gsolv_eV,27,1.0,0.0,0.6858305389200035,0.6858305389200035,,,,1.0
3,water_gsolv_eV,28,1.0,0.0,0.6858305389200035,0.6858305389200035,,,,1.0
3,water_gsolv_eV,29,1.0,0.0,0.6858305389200035,0.6858305389200035,,,,1.0
3,water_gsolv_eV,30,1.0,0.0,0.6858305389200035,0.6858305389200035,,,,1.0
3,water_gsolv_eV,31,1.0,0.0,0.6858305389200035,0.6858305389200035,,,,1.0
3,water_gsolv_eV,32,1.0,0.0,0.6858305389200035,0.6858305389200035,,,,1.0
3,water_gsolv_eV,33,1.0,0.0,0.6858305389200035,0.6858305389200035,,,,1.0
3,water_gsolv_eV,34,1.0,0.0,0.6858305389200035,0.6858305389200035,,,,1.0
3,water_gsolv_eV,35,1.0,0.0,0.6858305389200035,0.6858305389200035,,,,1.0
3,water_gsolv_eV,36,1.0,0.0,0.6858305389200035,0.6858305389200035,,,,1.0
3,water_gsolv_eV,37,1.0,0.0,0.6858305389200035,0.6858305389200035,,,,1.0
3,water_gsolv_eV,38,1.0,0.0,0.6858305389200035,0.6858305389200035,,,,1.0
3,water_gsolv_eV,39,1.0,0.0,0.6858305389200035,0.6858305389200035,,,,1.0
3,water_gsolv_eV,40,1.0,0.0,0.6858305389200035,0.6858305389200035,,,,1.0
3,water_gsolv_eV,41,1.0,0.0,0.6858305389200035,0.6858305389200035,,,,1.0
3,water_gsolv_eV,42,1.0,0.0,0.6858305389200035,0.6858305389200035,,,,1.0
3,water_gsolv_eV,43,1.0,0.0,0.6858305389200035,0.6858305389200035,,,,1.0
3,water_gsolv_eV,44,1.0,0.0,0.6858305389200035,0.6858305389200035,,,,1.0
3,water_gsolv_eV,45,1.0,0.0,0.6858305389200035,0.6858305389200035,,,,1.0
3,water_gsolv_eV,46,1.0,0.0,0.6858305389200035,0.6858305389200035,,,,1.0
3,water_gsolv_eV,47,1.0,0.0,0.6858305389200035,0.6858305389200035,,,,1.0
3,water_gsolv_eV,48,1.0,0.0,0.6858305389200035,0.6858305389200035,,,,1.0
3,water_gsolv_eV,49,1.0,0.0,0.6858305389200035,0.6858305389200035,,,,1.0
3,water_gsolv_eV,50,1.0,0.0,0.6858305389200035,0.6858305389200035,,,,1.0
3,water_gsolv_eV,51,1.0,0.0,0.6858305389200035,0.6858305389200035,,,,1.0
3,water_gsolv_eV,52,1.0,0.0,0.6858305389200035,0.6858305389200035,,,,1.0
3,water_gsolv_eV,53,1.0,0.0,0.6858305389200035,0.6858305389200035,,,,1.0
3,water_gsolv_eV,54,1.0,0.0,0.6858305389200035,0.6858305389200035,,,,1.0
3,water_gsolv_eV,55,1.0,0.0,0.6858305389200035,0.6858305389200035,,,,1.0
3,water_gsolv_eV,56,1.0,0.0,0.6858305389200035,0.6858305389200035,,,,1.0
3,water_gsolv_eV,57,1.0,0.0,0.6858305389200035,0.6858305389200035,,,,1.0
3,water_gsolv_eV,58,1.0,0.0,0.6858305389200035,0.6858305389200035,,,,1.0
3,water_gsolv_eV,59,1.0,0.0,0.6858305389200035,0.6858305389200035,,,,1.0
3,water_gsolv_eV,60,1.0,0.0,0.6858305389200035,0.6858305389200035,,,,1.0
3,water_gsolv_eV,61,1.0,0.0,0.6858305389200035,0.6858305389200035,,,,1.0
3,water_gsolv_eV,62,1.0,0.0,0.6858305389200035,0.6858305389200035,,,,1.0
3,water_gsolv_eV,63,1.0,0.0,0.6858305389200035,0.6858305389200035,,,,1.0
3,water_gsolv_eV,64,1.0,0.0,0.6858305389200035,0.6858305389200035,,,,1.0
3,water_gsolv_eV,65,1.0,0.0,0.6858305389200035,0.6858305389200035,,,,1.0
3,water_gsolv_eV,66,1.0,0.0,0.6858305389200035,0.6858305389200035,,,,1.0
3,water_gsolv_eV,67,1.0,0.0,0.6858305389200035,0.6858305389200035,,,,1.0
3,water_gsolv_eV,68,1.0,0.0,0.6858305389200035,0.6858305389200035,,,,1.0
3,water_gsolv_eV,69,1.0,0.0,0.6858305389200035,0.6858305389200035,,,,1.0
3,water_gsolv_eV,70,1.0,0.0,0.6858305389200035,0.6858305389200035,,,,1.0
3,water_gsolv_eV,71,1.0,0.0,0.6858305389200035,0.6858305389200035,,,,1.0
3,water_gsolv_eV,72,1.0,0.0,0.6858305389200035,0.6858305389200035,,,,1.0
3,water_gsolv_eV,73,1.0,0.0,0.6858305389200035,0.6858305389200035,,,,1.0
3,water_gsolv_eV,74,1.0,0.0,0.6858305389200035,0.6858305389200035,,,,1.0
3,water_gsolv_eV,75,1.0,0.0,0.6858305389200035,0.6858305389200035,,,,1.0
3,water_gsolv_eV,76,1.0,0.0,0.6858305389200035,0.6858305389200035,,,,1.0
3,water_gsolv_eV,77,1.0,0.0,0.6858305389200035,0.6858305389200035,,,,1.0
3,water_gsolv_eV,78,1.0,0.0,0.6858305389200035,0.6858305389200035,,,,1.0
3,water_gsolv_eV,79,1.0,0.0,0.6858305389200035,0.6858305389200035,,,,1.0
3,water_gsolv_eV,80,1.0,0.0,0.6858305389200035,0.6858305389200035,,,,1.0
3,water_gsolv_eV,81,1.0,0.0,0.6858305389200035,0.6858305389200035,,,,1.0
3,water_gsolv_eV,82,1.0,0.0,0.6858305389200035,0.6858305389200035,,,,1.0
3,water_gsolv_eV,83,1.0,0.0,0.6858305389200035,0.6858305389200035,,,,1.0
3,water_gsolv_eV,84,1.0,0.0,0.6858305389200035,0.6858305389200035,,,,1.0
3,water_gsolv_eV,85,1.0,0.0,0.6858305389200035,0.6858305389200035,,,,1.0
3,water_gsolv_eV,86,1.0,0.0,0.6858305389200035,0.6858305389200035,,,,1.0
3,water_gsolv_eV,87,1.0,0.0,0.6858305389200035,0.6858305389200035,,,,1.0
3,water_gsolv_eV,88,1.0,0.0,0.6858305389200035,0.6858305389200035,,,,1.0
3,water_gsolv_eV,89,1.0,0.0,0.6858305389200035,0.6858305389200035,,,,1.0
3,water_gsolv_eV,90,1.0,0.0,0.6858305389200035,0.6858305389200035,,,,1.0
3,water_gsolv_eV,91,1.0,0.0,0.6858305389200035,0.6858305389200035,,,,1.0
3,water_gsolv_eV,92,1.0,0.0,0.6858305389200035,0.6858305389200035,,,,1.0
3,water_gsolv_eV,93,1.0,0.0,0.6858305389200035,0.6858305389200035,,,,1.0
3,water_gsolv_eV,94,1.0,0.0,0.6858305389200035,0.6858305389200035,,,,1.0
3,water_gsolv_eV,95,1.0,0.0,0.6858305389200035,0.6858305389200035,,,,1.0
3,water_gsolv_eV,96,1.0,0.0,0.6858305389200035,0.6858305389200035,,,,1.0
3,water_gsolv_eV,97,1.0,0.0,0.6858305389200035,0.6858305389200035,,,,1.0
3,water_gsolv_eV,98,1.0,0.0,0.6858305389200035,0.6858305389200035,,,,1.0
3,water_gsolv_eV,99,1.0,0.0,0.6858305389200035,0.6858305389200035,,,,1.0
3,water_gsolv_eV,100,1.0,0.0,0.6858305389200035,0.6858305389200035,,,,1.0
3,water_gsolv_eV,101,1.0,0.0,0.6858305389200035,0.6858305389200035,,,,1.0
3,water_gsolv_eV,102,1.0,0.0,0.6858305389200035,0.6858305389200035,,,,1.0
3,water_gsolv_eV,103,1.0,0.0,0.6858305389200035,0.6858305389200035,,,,1.0
3,water_gsolv_eV,104,1.0,0.0,0.6858305389200035,0.6858305389200035,,,,1.0
3,water_gsolv_eV,105,1.0,0.0,0.6858305389200035,0.6858305389200035,,,,1.0
3,water_gsolv_eV,106,1.0,0.0,0.6858305389200035,0.6858305389200035,,,,1.0
3,water_gsolv_eV,107,1.0,0.0,0.6858305389200035,0.6858305389200035,,,,1.0
3,water_gsolv_eV,108,1.0,0.0,0.6858305389200035,0.6858305389200035,,,,1.0
3,water_gsolv_eV,109,1.0,0.0,0.6858305389200035,0.6858305389200035,,,,1.0
3,water_gsolv_eV,110,1.0,0.0,0.6858305389200035,0.6858305389200035,,,,1.0
3,water_gsolv_eV,111,1.0,0.0,0.6858305389200035,0.6858305389200035,,,,1.0
3,water_gsolv_eV,112,1.0,0.0,0.6858305389200035,0.6858305389200035,,,,1.0
3,water_gsolv_eV,113,1.0,0.0,0.6858305389200035,0.6858305389200035,,,,1.0
3,water_gsolv_eV,114,1.0,0.0,0.6858305389200035,0.6858305389200035,,,,1.0
3,water_gsolv_eV,115,1.0,0.0,0.6858305389200035,0.6858305389200035,,,,1.0
3,water_gsolv_eV,116,1.0,0.0,0.6858305389200035,0.6858305389200035,,,,1.0
3,water_gsolv_eV,117,1.0,0.0,0.6858305389200035,0.6858305389200035,,,,1.0
3,water_gsolv_eV,118,1.0,0.0,0.6858305389200035,0.6858305389200035,,,,1.0
3,water_gsolv_eV,119,1.0,0.0,0.6858305389200035,0.6858305389200035,,,,1.0
3,water_gsolv_eV,120,1.0,0.0,0.6858305389200035,0.6858305389200035,,,,1.0
3,water_gsolv_eV,121,1.0,0.0,0.6858305389200035,0.6858305389200035,,,,1.0
3,water_gsolv_eV,122,1.0,0.0,0.6858305389200035,0.6858305389200035,,,,1.0
3,water_gsolv_eV,123,1.0,0.0,0.6858305389200035,0.6858305389200035,,,,1.0
3,water_gsolv_eV,124,1.0,0.0,0.6858305389200035,0.6858305389200035,,,,1.0
3,water_gsolv_eV,125,1.0,0.0,0.6858305389200035,0.6858305389200035,,,,1.0
3,water_gsolv_eV,126,1.0,0.0,0.6858305389200035,0.6858305389200035,,,,1.0
3,water_gsolv_eV,127,1.0,0.0,0.6858305389200035,0.6858305389200035,,,,1.0
3,water_gsolv_eV,128,1.0,0.0,0.6858305389200035,0.6858305389200035,,,,1.0
3,water_gsolv_eV,129,1.0,0.0,0.6858305389200035,0.6858305389200035,,,,1.0
3,water_gsolv_eV,130,1.0,0.0,0.6858305389200035,0.6858305389200035,,,,1.0
3,water_gsolv_eV,131,1.0,0.0,0.6858305389200035,0.6858305389200035,,,,1.0
3,water_gsolv_eV,132,1.0,0.0,0.6858305389200035,0.6858305389200035,,,,1.0
3,water_gsolv_eV,133,1.0,0.0,0.6858305389200035,0.6858305389200035,,,,1.0
3,water_gsolv_eV,134,1.0,0.0,0.6858305389200035,0.6858305389200035,,,,1.0
3,water_gsolv_eV,135,1.0,0.0,0.6858305389200035,0.6858305389200035,,,,1.0
3,water_gsolv_eV,136,1.0,0.0,0.6858305389200035,0.6858305389200035,,,,1.0
3,water_gsolv_eV,137,1.0,0.0,0.6858305389200035,0.6858305389200035,,,,1.0
3,water_gsolv_eV,138,1.0,0.0,0.6858305389200035,0.6858305389200035,,,,1.0
3,water_gsolv_eV,139,1.0,0.0,0.6858305389200035,0.6858305389200035,,,,1.0
3,water_gsolv_eV,140,1.0,0.0,0.6858305389200035,0.6858305389200035,,,,1.0
3,water_gsolv_eV,141,1.0,0.0,0.6858305389200035,0.6858305389200035,,,,1.0
3,water_gsolv_eV,142,1.0,0.0,0.6858305389200035,0.6858305389200035,,,,1.0
3,water_gsolv_eV,143,1.0,0.0,0.6858305389200035,0.6858305389200035,,,,1.0
3,water_gsolv_eV,144,1.0,0.0,0.6858305389200035,0.6858305389200035,,,,1.0
3,water_gsolv_eV,145,1.0,0.0,0.6858305389200035,0.6858305389200035,,,,1.0
3,water_gsolv_eV,146,1.0,0.0,0.6858305389200035,0.6858305389200035,,,,1.0
3,water_gsolv_eV,147,1.0,0.0,0.6858305389200035,0.6858305389200035,,,,1.0
3,water_gsolv_eV,148,1.0,0.0,0.6858305389200035,0.6858305389200035,,,,1.0
3,water_gsolv_eV,149,1.0,0.0,0.6858305389200035,0.6858305389200035,,,,1.0
3,water_gsolv_eV,150,1.0,0.0,0.6858305389200035,0.6858305389200035,,,,1.0
3,water_gsolv_eV,151,1.0,0.0,0.6858305389200035,0.6858305389200035,,,,1.0
3,water_gsolv_eV,152,1.0,0.0,0.6858305389200035,0.6858305389200035,,,,1.0
3,water_gsolv_eV,153,1.0,0.0,0.6858305389200035,0.6858305389200035,,,,1.0
3,water_gsolv_eV,154,1.0,0.0,0.6858305389200035,0.6858305389200035,,,,1.0
3,water_gsolv_eV,155,1.0,0.0,0.6858305389200035,0.6858305389200035,,,,1.0
3,water_gsolv_eV,156,1.0,0.0,0.6858305389200035,0.6858305389200035,,,,1.0
3,water_gsolv_eV,157,1.0,0.0,0.6858305389200035,0.6858305389200035,,,,1.0
3,water_gsolv_eV,158,1.0,0.0,0.6858305389200035,0.6858305389200035,,,,1.0
3,water_gsolv_eV,159,1.0,0.0,0.6858305389200035,0.6858305389200035,,,,1.0
3,water_gsolv_eV,160,1.0,0.0,0.6858305389200035,0.6858305389200035,,,,1.0
3,water_gsolv_eV,161,1.0,0.0,0.6858305389200035,0.6858305389200035,,,,1.0
3,water_gsolv_eV,162,1.0,0.0,0.6858305389200035,0.6858305389200035,,,,1.0
3,water_gsolv_eV,163,1.0,0.0,0.6858305389200035,0.6858305389200035,,,,1.0
3,water_gsolv_eV,164,1.0,0.0,0.6858305389200035,0.6858305389200035,,,,1.0
3,water_gsolv_eV,165,1.0,0.0,0.6858305389200035,0.6858305389200035,,,,1.0
3,water_gsolv_eV,166,1.0,0.0,0.6858305389200035,0.6858305389200035,,,,1.0
3,water_gsolv_eV,167,1.0,0.0,0.6858305389200035,0.6858305389200035,,,,1.0
3,water_gsolv_eV,168,1.0,0.0,0.6858305389200035,0.6858305389200035,,,,1.0
3,water_gsolv_eV,169,1.0,0.0,0.6858305389200035,0.6858305389200035,,,,1.0
3,water_gsolv_eV,170,1.0,0.0,0.6858305389200035,0.6858305389200035,,,,1.0
3,water_gsolv_eV,171,1.0,0.0,0.6858305389200035,0.6858305389200035,,,,1.0
3,water_gsolv_eV,172,1.0,0.0,0.6858305389200035,0.6858305389200035,,,,1.0
3,water_gsolv_eV,173,1.0,0.0,0.6858305389200035,0.6858305389200035,,,,1.0
3,water_gsolv_eV,174,1.0,0.0,0.6858305389200035,0.6858305389200035,,,,1.0
3,water_gsolv_eV,175,1.0,0.0,0.6858305389200035,0.6858305389200035,,,,1.0
3,water_gsolv_eV,176,1.0,0.0,0.6858305389200035,0.6858305389200035,,,,1.0
3,water_gsolv_eV,177,1.0,0.0,0.6858305389200035,0.6858305389200035,,,,1.0
3,water_gsolv_eV,178,1.0,0.0,0.6858305389200035,0.6858305389200035,,,,1.0
3,water_gsolv_eV,179,1.0,0.0,0.6858305389200035,0.6858305389200035,,,,1.0
3,water_gsolv_eV,180,1.0,0.0,0.6858305389200035,0.6858305389200035,,,,1.0
3,water_gsolv_eV,181,1.0,0.0,0.6858305389200035,0.6858305389200035,,,,1.0
3,water_gsolv_eV,182,1.0,0.0,0.6858305389200035,0.6858305389200035,,,,1.0
3,water_gsolv_eV,183,1.0,0.0,0.6858305389200035,0.6858305389200035,,,,1.0
3,water_gsolv_eV,184,1.0,0.0,0.6858305389200035,0.6858305389200035,,,,1.0
3,water_gsolv_eV,185,1.0,0.0,0.6858305389200035,0.6858305389200035,,,,1.0
3,water_gsolv_eV,186,1.0,0.0,0.6858305389200035,0.6858305389200035,,,,1.0
3,water_gsolv_eV,187,1.0,0.0,0.6858305389200035,0.6858305389200035,,,,1.0
3,water_gsolv_eV,188,1.0,0.0,0.6858305389200035,0.6858305389200035,,,,1.0
3,water_gsolv_eV,189,1.0,0.0,0.6858305389200035,0.6858305389200035,,,,1.0
3,water_gsolv_eV,190,1.0,0.0,0.6858305389200035,0.6858305389200035,,,,1.0
3,water_gsolv_eV,191,1.0,0.0,0.6858305389200035,0.6858305389200035,,,,1.0
3,water_gsolv_eV,192,1.0,0.0,0.6858305389200035,0.6858305389200035,,,,1.0
3,water_gsolv_eV,193,1.0,0.0,0.6858305389200035,0.6858305389200035,,,,1.0
3,water_gsolv_eV,194,1.0,0.0,0.6858305389200035,0.6858305389200035,,,,1.0
3,water_gsolv_eV,195,1.0,0.0,0.6858305389200035,0.6858305389200035,,,,1.0
3,water_gsolv_eV,196,1.0,0.0,0.6858305389200035,0.6858305389200035,,,,1.0
3,water_gsolv_eV,197,1.0,0.0,0.6858305389200035,0.6858305389200035,,,,1.0
3,water_gsolv_eV,198,1.0,0.0,0.6858305389200035,0.6858305389200035,,,,1.0
3,water_gsolv_eV,199,1.0,0.0,0.6858305389200035,0.6858305389200035,,,,1.0
3,water_gsolv_eV,200,1.0,0.0,0.6858305389200035,0.6858305389200035,,,,1.0
3,water_gsolv_eV,201,1.0,0.0,0.6858305389200035,0.6858305389200035,,,,1.0
3,water_gsolv_eV,202,1.0,0.0,0.6858305389200035,0.6858305389200035,,,,1.0
3,water_gsolv_eV,203,1.0,0.0,0.6858305389200035,0.6858305389200035,,,,1.0
3,water_gsolv_eV,204,1.0,0.0,0.6858305389200035,0.6858305389200035,,,,1.0
3,water_gsolv_eV,205,1.0,0.0,0.6858305389200035,0.6858305389200035,,,,1.0
3,water_gsolv_eV,206,1.0,0.0,0.6858305389200035,0.6858305389200035,,,,1.0
3,water_gsolv_eV,207,1.0,0.0,0.6858305389200035,0.6858305389200035,,,,1.0
3,water_gsolv_eV,208,1.0,0.0,0.6858305389200035,0.6858305389200035,,,,1.0
3,water_gsolv_eV,209,1.0,0.0,0.6858305389200035,0.6858305389200035,,,,1.0
3,water_gsolv_eV,210,1.0,0.0,0.6858305389200035,0.6858305389200035,,,,1.0
3,water_gsolv_eV,211,1.0,0.0,0.6858305389200035,0.6858305389200035,,,,1.0
3,water_gsolv_eV,212,1.0,0.0,0.6858305389200035,0.6858305389200035,,,,1.0
3,water_gsolv_eV,213,1.0,0.0,0.6858305389200035,0.6858305389200035,,,,1.0
3,water_gsolv_eV,214,1.0,0.0,0.6858305389200035,0.6858305389200035,,,,1.0
3,water_gsolv_eV,215,1.0,0.0,0.6858305389200035,0.6858305389200035,,,,1.0
3,water_gsolv_eV,216,1.0,0.0,0.6858305389200035,0.6858305389200035,,,,1.0
3,water_gsolv_eV,217,1.0,0.0,0.6858305389200035,0.6858305389200035,,,,1.0
3,water_gsolv_eV,218,1.0,0.0,0.6858305389200035,0.6858305389200035,,,,1.0
3,water_gsolv_eV,219,1.0,0.0,0.6858305389200035,0.6858305389200035,,,,1.0
3,water_gsolv_eV,220,1.0,0.0,0.6858305389200035,0.6858305389200035,,,,1.0
3,water_gsolv_eV,221,1.0,0.0,0.6858305389200035,0.6858305389200035,,,,1.0
3,water_gsolv_eV,222,1.0,0.0,0.6858305389200035,0.6858305389200035,,,,1.0
3,water_gsolv_eV,223,1.0,0.0,0.6858305389200035,0.6858305389200035,,,,1.0
3,water_gsolv_eV,224,1.0,0.0,0.6858305389200035,0.6858305389200035,,,,1.0
3,water_gsolv_eV,225,1.0,0.0,0.6858305389200035,0.6858305389200035,,,,1.0
3,water_gsolv_eV,226,1.0,0.0,0.6858305389200035,0.6858305389200035,,,,1.0
3,water_gsolv_eV,227,1.0,0.0,0.6858305389200035,0.6858305389200035,,,,1.0
3,water_gsolv_eV,228,1.0,0.0,0.6858305389200035,0.6858305389200035,,,,1.0
3,water_gsolv_eV,229,1.0,0.0,0.6858305389200035,0.6858305389200035,,,,1.0
3,water_gsolv_eV,230,1.0,0.0,0.6858305389200035,0.6858305389200035,,,,1.0
3,water_gsolv_eV,231,1.0,0.0,0.6858305389200035,0.6858305389200035,,,,1.0
3,water_gsolv_eV,232,1.0,0.0,0.6858305389200035,0.6858305389200035,,,,1.0
3,water_gsolv_eV,233,1.0,0.0,0.6858305389200035,0.6858305389200035,,,,1.0
3,water_gsolv_eV,234,1.0,0.0,0.6858305389200035,0.6858305389200035,,,,1.0
3,water_gsolv_eV,235,1.0,0.0,0.6858305389200035,0.6858305389200035,,,,1.0
3,water_gsolv_eV,236,1.0,0.0,0.6858305389200035,0.6858305389200035,,,,1.0
3,water_gsolv_eV,237,1.0,0.0,0.6858305389200035,0.6858305389200035,,,,1.0
3,water_gsolv_eV,238,1.0,0.0,0.6858305389200035,0.6858305389200035,,,,1.0
3,water_gsolv_eV,239,1.0,0.0,0.6858305389200035,0.6858305389200035,,,,1.0
3,water_gsolv_eV,240,1.0,0.0,0.6858305389200035,0.6858305389200035,,,,1.0
3,water_gsolv_eV,241,1.0,0.0,0.6858305389200035,0.6858305389200035,,,,1.0
3,water_gsolv_eV,242,1.0,0.0,0.6858305389200035,0.6858305389200035,,,,1.0
3,water_gsolv_eV,243,1.0,0.0,0.6858305389200035,0.6858305389200035,,,,1.0
3,water_gsolv_eV,244,1.0,0.0,0.6858305389200035,0.6858305389200035,,,,1.0
3,water_gsolv_eV,245,1.0,0.0,0.6858305389200035,0.6858305389200035,,,,1.0
3,water_gsolv_eV,246,1.0,0.0,0.6858305389200035,0.6858305389200035,,,,1.0
3,water_gsolv_eV,247,1.0,0.0,0.6858305389200035,0.6858305389200035,,,,1.0
3,water_gsolv_eV,248,1.0,0.0,0.6858305389200035,0.6858305389200035,,,,1.0
3,water_gsolv_eV,249,1.0,0.0,0.6858305389200035,0.6858305389200035,,,,1.0
3,water_hl_gap_eV,0,1.0,0.0,0.7033770429205695,0.7033770429205695,,,,1.0
3,water_hl_gap_eV,1,1.0,0.0,0.7033770429205695,0.7033770429205695,,,,1.0
3,water_hl_gap_eV,2,1.0,0.0,0.7033770429205695,0.7033770429205695,,,,1.0
3,water_hl_gap_eV,3,1.0,0.0,0.7033770429205695,0.7033770429205695,,,,1.0
3,water_hl_gap_eV,4,1.0,0.0,0.7033770429205695,0.7033770429205695,,,,1.0
3,water_hl_gap_eV,5,1.0,0.0,0.7033770429205695,0.7033770429205695,,,,1.0
3,water_hl_gap_eV,6,1.0,0.0,0.7033770429205695,0.7033770429205695,,,,1.0
3,water_hl_gap_eV,7,1.0,0.0,0.7033770429205695,0.7033770429205695,,,,1.0
3,water_hl_gap_eV,8,1.0,0.0,0.7033770429205695,0.7033770429205695,,,,1.0
3,water_hl_gap_eV,9,1.0,0.0,0.7033770429205695,0.7033770429205695,,,,1.0
3,water_hl_gap_eV,10,1.0,0.0,0.7033770429205695,0.7033770429205695,,,,1.0
3,water_hl_gap_eV,11,1.0,0.0,0.7033770429205695,0.7033770429205695,,,,1.0
3,water_hl_gap_eV,12,1.0,0.0,0.7033770429205695,0.7033770429205695,,,,1.0
3,water_hl_gap_eV,13,1.0,0.0,0.7033770429205695,0.7033770429205695,,,,1.0
3,water_hl_gap_eV,14,1.0,0.0,0.7033770429205695,0.7033770429205695,,,,1.0
3,water_hl_gap_eV,15,1.0,0.0,0.7033770429205695,0.7033770429205695,,,,1.0
3,water_hl_gap_eV,16,1.0,0.0,0.7033770429205695,0.7033770429205695,,,,1.0
3,water_hl_gap_eV,17,1.0,0.0,0.7033770429205695,0.7033770429205695,,,,1.0
3,water_hl_gap_eV,18,1.0,0.0,0.7033770429205695,0.7033770429205695,,,,1.0
3,water_hl_gap_eV,19,1.0,0.0,0.7033770429205695,0.7033770429205695,,,,1.0
3,water_hl_gap_eV,20,1.0,0.0,0.7033770429205695,0.7033770429205695,,,,1.0
3,water_hl_gap_eV,21,1.0,0.0,0.7033770429205695,0.7033770429205695,,,,1.0
3,water_hl_gap_eV,22,1.0,0.0,0.7033770429205695,0.7033770429205695,,,,1.0
3,water_hl_gap_eV,23,1.0,0.0,0.7033770429205695,0.7033770429205695,,,,1.0
3,water_hl_gap_eV,24,1.0,0.0,0.7033770429205695,0.7033770429205695,,,,1.0
3,water_hl_gap_eV,25,1.0,0.0,0.7033770429205695,0.7033770429205695,,,,1.0
3,water_hl_gap_eV,26,1.0,0.0,0.7033770429205695,0.7033770429205695,,,,1.0
3,water_hl_gap_eV,27,1.0,0.0,0.7033770429205695,0.7033770429205695,,,,1.0
3,water_hl_gap_eV,28,1.0,0.0,0.7033770429205695,0.7033770429205695,,,,1.0
3,water_hl_gap_eV,29,1.0,0.0,0.7033770429205695,0.7033770429205695,,,,1.0
3,water_hl_gap_eV,30,1.0,0.0,0.7033770429205695,0.7033770429205695,,,,1.0
3,water_hl_gap_eV,31,1.0,0.0,0.7033770429205695,0.7033770429205695,,,,1.0
3,water_hl_gap_eV,32,1.0,0.0,0.7033770429205695,0.7033770429205695,,,,1.0
3,water_hl_gap_eV,33,1.0,0.0,0.7033770429205695,0.7033770429205695,,,,1.0
3,water_hl_gap_eV,34,1.0,0.0,0.7033770429205695,0.7033770429205695,,,,1.0
3,water_hl_gap_eV,35,1.0,0.0,0.7033770429205695,0.7033770429205695,,,,1.0
3,water_hl_gap_eV,36,1.0,0.0,0.7033770429205695,0.7033770429205695,,,,1.0
3,water_hl_gap_eV,37,1.0,0.0,0.7033770429205695,0.7033770429205695,,,,1.0
3,water_hl_gap_eV,38,1.0,0.0,0.7033770429205695,0.7033770429205695,,,,1.0
3,water_hl_gap_eV,39,1.0,0.0,0.7033770429205695,0.7033770429205695,,,,1.0
3,water_hl_gap_eV,40,1.0,0.0,0.7033770429205695,0.7033770429205695,,,,1.0
3,water_hl_gap_eV,41,1.0,0.0,0.7033770429205695,0.7033770429205695,,,,1.0
3,water_hl_gap_eV,42,1.0,0.0,0.7033770429205695,0.7033770429205695,,,,1.0
3,water_hl_gap_eV,43,1.0,0.0,0.7033770429205695,0.7033770429205695,,,,1.0
3,water_hl_gap_eV,44,1.0,0.0,0.7033770429205695,0.7033770429205695,,,,1.0
3,water_hl_gap_eV,45,1.0,0.0,0.7033770429205695,0.7033770429205695,,,,1.0
3,water_hl_gap_eV,46,1.0,0.0,0.7033770429205695,0.7033770429205695,,,,1.0
3,water_hl_gap_eV,47,1.0,0.0,0.7033770429205695,0.7033770429205695,,,,1.0
3,water_hl_gap_eV,48,1.0,0.0,0.7033770429205695,0.7033770429205695,,,,1.0
3,water_hl_gap_eV,49,1.0,0.0,0.7033770429205695,0.7033770429205695,,,,1.0
3,water_hl_gap_eV,50,1.0,0.0,0.7033770429205695,0.7033770429205695,,,,1.0
3,water_hl_gap_eV,51,1.0,0.0,0.7033770429205695,0.7033770429205695,,,,1.0
3,water_hl_gap_eV,52,1.0,0.0,0.7033770429205695,0.7033770429205695,,,,1.0
3,water_hl_gap_eV,53,1.0,0.0,0.7033770429205695,0.7033770429205695,,,,1.0
3,water_hl_gap_eV,54,1.0,0.0,0.7033770429205695,0.7033770429205695,,,,1.0
3,water_hl_gap_eV,55,1.0,0.0,0.7033770429205695,0.7033770429205695,,,,1.0
3,water_hl_gap_eV,56,1.0,0.0,0.7033770429205695,0.7033770429205695,,,,1.0
3,water_hl_gap_eV,57,1.0,0.0,0.7033770429205695,0.7033770429205695,,,,1.0
3,water_hl_gap_eV,58,1.0,0.0,0.7033770429205695,0.7033770429205695,,,,1.0
3,water_hl_gap_eV,59,1.0,0.0,0.7033770429205695,0.7033770429205695,,,,1.0
3,water_hl_gap_eV,60,1.0,0.0,0.7033770429205695,0.7033770429205695,,,,1.0
3,water_hl_gap_eV,61,1.0,0.0,0.7033770429205695,0.7033770429205695,,,,1.0
3,water_hl_gap_eV,62,1.0,0.0,0.7033770429205695,0.7033770429205695,,,,1.0
3,water_hl_gap_eV,63,1.0,0.0,0.7033770429205695,0.7033770429205695,,,,1.0
3,water_hl_gap_eV,64,1.0,0.0,0.7033770429205695,0.7033770429205695,,,,1.0
3,water_hl_gap_eV,65,1.0,0.0,0.7033770429205695,0.7033770429205695,,,,1.0
3,water_hl_gap_eV,66,1.0,0.0,0.7033770429205695,0.7033770429205695,,,,1.0
3,water_hl_gap_eV,67,1.0,0.0,0.7033770429205695,0.7033770429205695,,,,1.0
3,water_hl_gap_eV,68,1.0,0.0,0.7033770429205695,0.7033770429205695,,,,1.0
3,water_hl_gap_eV,69,1.0,0.0,0.7033770429205695,0.7033770429205695,,,,1.0
3,water_hl_gap_eV,70,1.0,0.0,0.7033770429205695,0.7033770429205695,,,,1.0
3,water_hl_gap_eV,71,1.0,0.0,0.7033770429205695,0.7033770429205695,,,,1.0
3,water_hl_gap_eV,72,1.0,0.0,0.7033770429205695,0.7033770429205695,,,,1.0
3,water_hl_gap_eV,73,1.0,0.0,0.7033770429205695,0.7033770429205695,,,,1.0
3,water_hl_gap_eV,74,1.0,0.0,0.7033770429205695,0.7033770429205695,,,,1.0
3,water_hl_gap_eV,75,1.0,0.0,0.7033770429205695,0.7033770429205695,,,,1.0
3,water_hl_gap_eV,76,1.0,0.0,0.7033770429205695,0.7033770429205695,,,,1.0
3,water_hl_gap_eV,77,1.0,0.0,0.7033770429205695,0.7033770429205695,,,,1.0
3,water_hl_gap_eV,78,1.0,0.0,0.7033770429205695,0.7033770429205695,,,,1.0
3,water_hl_gap_eV,79,1.0,0.0,0.7033770429205695,0.7033770429205695,,,,1.0
3,water_hl_gap_eV,80,1.0,0.0,0.7033770429205695,0.7033770429205695,,,,1.0
3,water_hl_gap_eV,81,1.0,0.0,0.7033770429205695,0.7033770429205695,,,,1.0
3,water_hl_gap_eV,82,1.0,0.0,0.7033770429205695,0.7033770429205695,,,,1.0
3,water_hl_gap_eV,83,1.0,0.0,0.7033770429205695,0.7033770429205695,,,,1.0
3,water_hl_gap_eV,84,1.0,0.0,0.7033770429205695,0.7033770429205695,,,,1.0
3,water_hl_gap_eV,85,1.0,0.0,0.7033770429205695,0.7033770429205695,,,,1.0
3,water_hl_gap_eV,86,1.0,0.0,0.7033770429205695,0.7033770429205695,,,,1.0
3,water_hl_gap_eV,87,1.0,0.0,0.7033770429205695,0.7033770429205695,,,,1.0
3,water_hl_gap_eV,88,1.0,0.0,0.7033770429205695,0.7033770429205695,,,,1.0
3,water_hl_gap_eV,89,1.0,0.0,0.7033770429205695,0.7033770429205695,,,,1.0
3,water_hl_gap_eV,90,1.0,0.0,0.7033770429205695,0.7033770429205695,,,,1.0
3,water_hl_gap_eV,91,1.0,0.0,0.7033770429205695,0.7033770429205695,,,,1.0
3,water_hl_gap_eV,92,1.0,0.0,0.7033770429205695,0.7033770429205695,,,,1.0
3,water_hl_gap_eV,93,1.0,0.0,0.7033770429205695,0.7033770429205695,,,,1.0
3,water_hl_gap_eV,94,1.0,0.0,0.7033770429205695,0.7033770429205695,,,,1.0
3,water_hl_gap_eV,95,1.0,0.0,0.7033770429205695,0.7033770429205695,,,,1.0
3,water_hl_gap_eV,96,1.0,0.0,0.7033770429205695,0.7033770429205695,,,,1.0
3,water_hl_gap_eV,97,1.0,0.0,0.7033770429205695,0.7033770429205695,,,,1.0
3,water_hl_gap_eV,98,1.0,0.0,0.7033770429205695,0.7033770429205695,,,,1.0
3,water_hl_gap_eV,99,1.0,0.0,0.7033770429205695,0.7033770429205695,,,,1.0
3,water_hl_gap_eV,100,1.0,0.0,0.7033770429205695,0.7033770429205695,,,,1.0
3,water_hl_gap_eV,101,1.0,0.0,0.7033770429205695,0.7033770429205695,,,,1.0
3,water_hl_gap_eV,102,1.0,0.0,0.7033770429205695,0.7033770429205695,,,,1.0
3,water_hl_gap_eV,103,1.0,0.0,0.7033770429205695,0.7033770429205695,,,,1.0
3,water_hl_gap_eV,104,1.0,0.0,0.7033770429205695,0.7033770429205695,,,,1.0
3,water_hl_gap_eV,105,1.0,0.0,0.7033770429205695,0.7033770429205695,,,,1.0
3,water_hl_gap_eV,106,1.0,0.0,0.7033770429205695,0.7033770429205695,,,,1.0
3,water_hl_gap_eV,107,1.0,0.0,0.7033770429205695,0.7033770429205695,,,,1.0
3,water_hl_gap_eV,108,1.0,0.0,0.7033770429205695,0.7033770429205695,,,,1.0
3,water_hl_gap_eV,109,1.0,0.0,0.7033770429205695,0.7033770429205695,,,,1.0
3,water_hl_gap_eV,110,1.0,0.0,0.7033770429205695,0.7033770429205695,,,,1.0
3,water_hl_gap_eV,111,1.0,0.0,0.7033770429205695,0.7033770429205695,,,,1.0
3,water_hl_gap_eV,112,1.0,0.0,0.7033770429205695,0.7033770429205695,,,,1.0
3,water_hl_gap_eV,113,1.0,0.0,0.7033770429205695,0.7033770429205695,,,,1.0
3,water_hl_gap_eV,114,1.0,0.0,0.7033770429205695,0.7033770429205695,,,,1.0
3,water_hl_gap_eV,115,1.0,0.0,0.7033770429205695,0.7033770429205695,,,,1.0
3,water_hl_gap_eV,116,1.0,0.0,0.7033770429205695,0.7033770429205695,,,,1.0
3,water_hl_gap_eV,117,1.0,0.0,0.7033770429205695,0.7033770429205695,,,,1.0
3,water_hl_gap_eV,118,1.0,0.0,0.7033770429205695,0.7033770429205695,,,,1.0
3,water_hl_gap_eV,119,1.0,0.0,0.7033770429205695,0.7033770429205695,,,,1.0
3,water_hl_gap_eV,120,1.0,0.0,0.7033770429205695,0.7033770429205695,,,,1.0
3,water_hl_gap_eV,121,1.0,0.0,0.7033770429205695,0.7033770429205695,,,,1.0
3,water_hl_gap_eV,122,1.0,0.0,0.7033770429205695,0.7033770429205695,,,,1.0
3,water_hl_gap_eV,123,1.0,0.0,0.7033770429205695,0.7033770429205695,,,,1.0
3,water_hl_gap_eV,124,1.0,0.0,0.7033770429205695,0.7033770429205695,,,,1.0
3,water_hl_gap_eV,125,1.0,0.0,0.7033770429205695,0.7033770429205695,,,,1.0
3,water_hl_gap_eV,126,1.0,0.0,0.7033770429205695,0.7033770429205695,,,,1.0
3,water_hl_gap_eV,127,1.0,0.0,0.7033770429205695,0.7033770429205695,,,,1.0
3,water_hl_gap_eV,128,1.0,0.0,0.7033770429205695,0.7033770429205695,,,,1.0
3,water_hl_gap_eV,129,1.0,0.0,0.7033770429205695,0.7033770429205695,,,,1.0
3,water_hl_gap_eV,130,1.0,0.0,0.7033770429205695,0.7033770429205695,,,,1.0
3,water_hl_gap_eV,131,1.0,0.0,0.7033770429205695,0.7033770429205695,,,,1.0
3,water_hl_gap_eV,132,1.0,0.0,0.7033770429205695,0.7033770429205695,,,,1.0
3,water_hl_gap_eV,133,1.0,0.0,0.7033770429205695,0.7033770429205695,,,,1.0
3,water_hl_gap_eV,134,1.0,0.0,0.7033770429205695,0.7033770429205695,,,,1.0
3,water_hl_gap_eV,135,1.0,0.0,0.7033770429205695,0.7033770429205695,,,,1.0
3,water_hl_gap_eV,136,1.0,0.0,0.7033770429205695,0.7033770429205695,,,,1.0
3,water_hl_gap_eV,137,1.0,0.0,0.7033770429205695,0.7033770429205695,,,,1.0
3,water_hl_gap_eV,138,1.0,0.0,0.7033770429205695,0.7033770429205695,,,,1.0
3,water_hl_gap_eV,139,1.0,0.0,0.7033770429205695,0.7033770429205695,,,,1.0
3,water_hl_gap_eV,140,1.0,0.0,0.7033770429205695,0.7033770429205695,,,,1.0
3,water_hl_gap_eV,141,1.0,0.0,0.7033770429205695,0.7033770429205695,,,,1.0
3,water_hl_gap_eV,142,1.0,0.0,0.7033770429205695,0.7033770429205695,,,,1.0
3,water_hl_gap_eV,143,1.0,0.0,0.7033770429205695,0.7033770429205695,,,,1.0
3,water_hl_gap_eV,144,1.0,0.0,0.7033770429205695,0.7033770429205695,,,,1.0
3,water_hl_gap_eV,145,1.0,0.0,0.7033770429205695,0.7033770429205695,,,,1.0
3,water_hl_gap_eV,146,1.0,0.0,0.7033770429205695,0.7033770429205695,,,,1.0
3,water_hl_gap_eV,147,1.0,0.0,0.7033770429205695,0.7033770429205695,,,,1.0
3,water_hl_gap_eV,148,1.0,0.0,0.7033770429205695,0.7033770429205695,,,,1.0
3,water_hl_gap_eV,149,1.0,0.0,0.7033770429205695,0.7033770429205695,,,,1.0
3,water_hl_gap_eV,150,1.0,0.0,0.7033770429205695,0.7033770429205695,,,,1.0
3,water_hl_gap_eV,151,1.0,0.0,0.7033770429205695,0.7033770429205695,,,,1.0
3,water_hl_gap_eV,152,1.0,0.0,0.7033770429205695,0.7033770429205695,,,,1.0
3,water_hl_gap_eV,153,1.0,0.0,0.7033770429205695,0.7033770429205695,,,,1.0
3,water_hl_gap_eV,154,1.0,0.0,0.7033770429205695,0.7033770429205695,,,,1.0
3,water_hl_gap_eV,155,1.0,0.0,0.7033770429205695,0.7033770429205695,,,,1.0
3,water_hl_gap_eV,156,1.0,0.0,0.7033770429205695,0.7033770429205695,,,,1.0
3,water_hl_gap_eV,157,1.0,0.0,0.7033770429205695,0.7033770429205695,,,,1.0
3,water_hl_gap_eV,158,1.0,0.0,0.7033770429205695,0.7033770429205695,,,,1.0
3,water_hl_gap_eV,159,1.0,0.0,0.7033770429205695,0.7033770429205695,,,,1.0
3,water_hl_gap_eV,160,1.0,0.0,0.7033770429205695,0.7033770429205695,,,,1.0
3,water_hl_gap_eV,161,1.0,0.0,0.7033770429205695,0.7033770429205695,,,,1.0
3,water_hl_gap_eV,162,1.0,0.0,0.7033770429205695,0.7033770429205695,,,,1.0
3,water_hl_gap_eV,163,1.0,0.0,0.7033770429205695,0.7033770429205695,,,,1.0
3,water_hl_gap_eV,164,1.0,0.0,0.7033770429205695,0.7033770429205695,,,,1.0
3,water_hl_gap_eV,165,1.0,0.0,0.7033770429205695,0.7033770429205695,,,,1.0
3,water_hl_gap_eV,166,1.0,0.0,0.7033770429205695,0.7033770429205695,,,,1.0
3,water_hl_gap_eV,167,1.0,0.0,0.7033770429205695,0.7033770429205695,,,,1.0
3,water_hl_gap_eV,168,1.0,0.0,0.7033770429205695,0.7033770429205695,,,,1.0
3,water_hl_gap_eV,169,1.0,0.0,0.7033770429205695,0.7033770429205695,,,,1.0
3,water_hl_gap_eV,170,1.0,0.0,0.7033770429205695,0.7033770429205695,,,,1.0
3,water_hl_gap_eV,171,1.0,0.0,0.7033770429205695,0.7033770429205695,,,,1.0
3,water_hl_gap_eV,172,1.0,0.0,0.7033770429205695,0.7033770429205695,,,,1.0
3,water_hl_gap_eV,173,1.0,0.0,0.7033770429205695,0.7033770429205695,,,,1.0
3,water_hl_gap_eV,174,1.0,0.0,0.7033770429205695,0.7033770429205695,,,,1.0
3,water_hl_gap_eV,175,1.0,0.0,0.7033770429205695,0.7033770429205695,,,,1.0
3,water_hl_gap_eV,176,1.0,0.0,0.7033770429205695,0.7033770429205695,,,,1.0
3,water_hl_gap_eV,177,1.0,0.0,0.7033770429205695,0.7033770429205695,,,,1.0
3,water_hl_gap_eV,178,1.0,0.0,0.7033770429205695,0.7033770429205695,,,,1.0
3,water_hl_gap_eV,179,1.0,0.0,0.7033770429205695,0.7033770429205695,,,,1.0
3,water_hl_gap_eV,180,1.0,0.0,0.7033770429205695,0.7033770429205695,,,,1.0
3,water_hl_gap_eV,181,1.0,0.0,0.7033770429205695,0.7033770429205695,,,,1.0
3,water_hl_gap_eV,182,1.0,0.0,0.7033770429205695,0.7033770429205695,,,,1.0
3,water_hl_gap_eV,183,1.0,0.0,0.7033770429205695,0.7033770429205695,,,,1.0
3,water_hl_gap_eV,184,1.0,0.0,0.7033770429205695,0.7033770429205695,,,,1.0
3,water_hl_gap_eV,185,1.0,0.0,0.7033770429205695,0.7033770429205695,,,,1.0
3,water_hl_gap_eV,186,1.0,0.0,0.7033770429205695,0.7033770429205695,,,,1.0
3,water_hl_gap_eV,187,1.0,0.0,0.7033770429205695,0.7033770429205695,,,,1.0
3,water_hl_gap_eV,188,1.0,0.0,0.7033770429205695,0.7033770429205695,,,,1.0
3,water_hl_gap_eV,189,1.0,0.0,0.7033770429205695,0.7033770429205695,,,,1.0
3,water_hl_gap_eV,190,1.0,0.0,0.7033770429205695,0.7033770429205695,,,,1.0
3,water_hl_gap_eV,191,1.0,0.0,0.7033770429205695,0.7033770429205695,,,,1.0
3,water_hl_gap_eV,192,1.0,0.0,0.7033770429205695,0.7033770429205695,,,,1.0
3,water_hl_gap_eV,193,1.0,0.0,0.7033770429205695,0.7033770429205695,,,,1.0
3,water_hl_gap_eV,194,1.0,0.0,0.7033770429205695,0.7033770429205695,,,,1.0
3,water_hl_gap_eV,195,1.0,0.0,0.7033770429205695,0.7033770429205695,,,,1.0
3,water_hl_gap_eV,196,1.0,0.0,0.7033770429205695,0.7033770429205695,,,,1.0
3,water_hl_gap_eV,197,1.0,0.0,0.7033770429205695,0.7033770429205695,,,,1.0
3,water_hl_gap_eV,198,1.0,0.0,0.7033770429205695,0.7033770429205695,,,,1.0
3,water_hl_gap_eV,199,1.0,0.0,0.7033770429205695,0.7033770429205695,,,,1.0
3,water_hl_gap_eV,200,1.0,0.0,0.7033770429205695,0.7033770429205695,,,,1.0
3,water_hl_gap_eV,201,1.0,0.0,0.7033770429205695,0.7033770429205695,,,,1.0
3,water_hl_gap_eV,202,1.0,0.0,0.7033770429205695,0.7033770429205695,,,,1.0
3,water_hl_gap_eV,203,1.0,0.0,0.7033770429205695,0.7033770429205695,,,,1.0
3,water_hl_gap_eV,204,1.0,0.0,0.7033770429205695,0.7033770429205695,,,,1.0
3,water_hl_gap_eV,205,1.0,0.0,0.7033770429205695,0.7033770429205695,,,,1.0
3,water_hl_gap_eV,206,1.0,0.0,0.7033770429205695,0.7033770429205695,,,,1.0
3,water_hl_gap_eV,207,1.0,0.0,0.7033770429205695,0.7033770429205695,,,,1.0
3,water_hl_gap_eV,208,1.0,0.0,0.7033770429205695,0.7033770429205695,,,,1.0
3,water_hl_gap_eV,209,1.0,0.0,0.7033770429205695,0.7033770429205695,,,,1.0
3,water_hl_gap_eV,210,1.0,0.0,0.7033770429205695,0.7033770429205695,,,,1.0
3,water_hl_gap_eV,211,1.0,0.0,0.7033770429205695,0.7033770429205695,,,,1.0
3,water_hl_gap_eV,212,1.0,0.0,0.7033770429205695,0.7033770429205695,,,,1.0
3,water_hl_gap_eV,213,1.0,0.0,0.7033770429205695,0.7033770429205695,,,,1.0
3,water_hl_gap_eV,214,1.0,0.0,0.7033770429205695,0.7033770429205695,,,,1.0
3,water_hl_gap_eV,215,1.0,0.0,0.7033770429205695,0.7033770429205695,,,,1.0
3,water_hl_gap_eV,216,1.0,0.0,0.7033770429205695,0.7033770429205695,,,,1.0
3,water_hl_gap_eV,217,1.0,0.0,0.7033770429205695,0.7033770429205695,,,,1.0
3,water_hl_gap_eV,218,1.0,0.0,0.7033770429205695,0.7033770429205695,,,,1.0
3,water_hl_gap_eV,219,1.0,0.0,0.7033770429205695,0.7033770429205695,,,,1.0
3,water_hl_gap_eV,220,1.0,0.0,0.7033770429205695,0.7033770429205695,,,,1.0
3,water_hl_gap_eV,221,1.0,0.0,0.7033770429205695,0.7033770429205695,,,,1.0
3,water_hl_gap_eV,222,1.0,0.0,0.7033770429205695,0.7033770429205695,,,,1.0
3,water_hl_gap_eV,223,1.0,0.0,0.7033770429205695,0.7033770429205695,,,,1.0
3,water_hl_gap_eV,224,1.0,0.0,0.7033770429205695,0.7033770429205695,,,,1.0
3,water_hl_gap_eV,225,1.0,0.0,0.7033770429205695,0.7033770429205695,,,,1.0
3,water_hl_gap_eV,226,1.0,0.0,0.7033770429205695,0.7033770429205695,,,,1.0
3,water_hl_gap_eV,227,1.0,0.0,0.7033770429205695,0.7033770429205695,,,,1.0
3,water_hl_gap_eV,228,1.0,0.0,0.7033770429205695,0.7033770429205695,,,,1.0
3,water_hl_gap_eV,229,1.0,0.0,0.7033770429205695,0.7033770429205695,,,,1.0
3,water_hl_gap_eV,230,1.0,0.0,0.7033770429205695,0.7033770429205695,,,,1.0
3,water_hl_gap_eV,231,1.0,0.0,0.7033770429205695,0.7033770429205695,,,,1.0
3,water_hl_gap_eV,232,1.0,0.0,0.7033770429205695,0.7033770429205695,,,,1.0
3,water_hl_gap_eV,233,1.0,0.0,0.7033770429205695,0.7033770429205695,,,,1.0
3,water_hl_gap_eV,234,1.0,0.0,0.7033770429205695,0.7033770429205695,,,,1.0
3,water_hl_gap_eV,235,1.0,0.0,0.7033770429205695,0.7033770429205695,,,,1.0
3,water_hl_gap_eV,236,1.0,0.0,0.7033770429205695,0.7033770429205695,,,,1.0
3,water_hl_gap_eV,237,1.0,0.0,0.7033770429205695,0.7033770429205695,,,,1.0
3,water_hl_gap_eV,238,1.0,0.0,0.7033770429205695,0.7033770429205695,,,,1.0
3,water_hl_gap_eV,239,1.0,0.0,0.7033770429205695,0.7033770429205695,,,,1.0
3,water_hl_gap_eV,240,1.0,0.0,0.7033770429205695,0.7033770429205695,,,,1.0
3,water_hl_gap_eV,241,1.0,0.0,0.7033770429205695,0.7033770429205695,,,,1.0
3,water_hl_gap_eV,242,1.0,0.0,0.7033770429205695,0.7033770429205695,,,,1.0
3,water_hl_gap_eV,243,1.0,0.0,0.7033770429205695,0.7033770429205695,,,,1.0
3,water_hl_gap_eV,244,1.0,0.0,0.7033770429205695,0.7033770429205695,,,,1.0
3,water_hl_gap_eV,245,1.0,0.0,0.7033770429205695,0.7033770429205695,,,,1.0
3,water_hl_gap_eV,246,1.0,0.0,0.7033770429205695,0.7033770429205695,,,,1.0
3,water_hl_gap_eV,247,1.0,0.0,0.7033770429205695,0.7033770429205695,,,,1.0
3,water_hl_gap_eV,248,1.0,0.0,0.7033770429205695,0.7033770429205695,,,,1.0
3,water_hl_gap_eV,249,1.0,0.0,0.7033770429205695,0.7033770429205695,,,,1.0
3,water_dipole,0,1.0000001192092896,0.0,0.6384972586057869,0.6384972586057869,,,,1.0
3,water_dipole,1,1.0000001192092896,0.0,0.6384972586057869,0.6384972586057869,,,,1.0
3,water_dipole,2,1.0000001192092896,0.0,0.6384972586057869,0.6384972586057869,,,,1.0
3,water_dipole,3,1.0000001192092896,0.0,0.6384972586057869,0.6384972586057869,,,,1.0
3,water_dipole,4,1.0000001192092896,0.0,0.6384972586057869,0.6384972586057869,,,,1.0
3,water_dipole,5,1.0000001192092896,0.0,0.6384972586057869,0.6384972586057869,,,,1.0
3,water_dipole,6,1.0000001192092896,0.0,0.6384972586057869,0.6384972586057869,,,,1.0
3,water_dipole,7,1.0000001192092896,0.0,0.6384972586057869,0.6384972586057869,,,,1.0
3,water_dipole,8,1.0000001192092896,0.0,0.6384972586057869,0.6384972586057869,,,,1.0
3,water_dipole,9,1.0000001192092896,0.0,0.6384972586057869,0.6384972586057869,,,,1.0
3,water_dipole,10,1.0000001192092896,0.0,0.6384972586057869,0.6384972586057869,,,,1.0
3,water_dipole,11,1.0000001192092896,0.0,0.6384972586057869,0.6384972586057869,,,,1.0
3,water_dipole,12,1.0000001192092896,0.0,0.6384972586057869,0.6384972586057869,,,,1.0
3,water_dipole,13,1.0000001192092896,0.0,0.6384972586057869,0.6384972586057869,,,,1.0
3,water_dipole,14,1.0000001192092896,0.0,0.6384972586057869,0.6384972586057869,,,,1.0
3,water_dipole,15,1.0000001192092896,0.0,0.6384972586057869,0.6384972586057869,,,,1.0
3,water_dipole,16,1.0000001192092896,0.0,0.6384972586057869,0.6384972586057869,,,,1.0
3,water_dipole,17,1.0000001192092896,0.0,0.6384972586057869,0.6384972586057869,,,,1.0
3,water_dipole,18,1.0000001192092896,0.0,0.6384972586057869,0.6384972586057869,,,,1.0
3,water_dipole,19,1.0000001192092896,0.0,0.6384972586057869,0.6384972586057869,,,,1.0
3,water_dipole,20,1.0000001192092896,0.0,0.6384972586057869,0.6384972586057869,,,,1.0
3,water_dipole,21,1.0000001192092896,0.0,0.6384972586057869,0.6384972586057869,,,,1.0
3,water_dipole,22,1.0000001192092896,0.0,0.6384972586057869,0.6384972586057869,,,,1.0
3,water_dipole,23,1.0000001192092896,0.0,0.6384972586057869,0.6384972586057869,,,,1.0
3,water_dipole,24,1.0000001192092896,0.0,0.6384972586057869,0.6384972586057869,,,,1.0
3,water_dipole,25,1.0000001192092896,0.0,0.6384972586057869,0.6384972586057869,,,,1.0
3,water_dipole,26,1.0000001192092896,0.0,0.6384972586057869,0.6384972586057869,,,,1.0
3,water_dipole,27,1.0000001192092896,0.0,0.6384972586057869,0.6384972586057869,,,,1.0
3,water_dipole,28,1.0000001192092896,0.0,0.6384972586057869,0.6384972586057869,,,,1.0
3,water_dipole,29,1.0000001192092896,0.0,0.6384972586057869,0.6384972586057869,,,,1.0
3,water_dipole,30,1.0000001192092896,0.0,0.6384972586057869,0.6384972586057869,,,,1.0
3,water_dipole,31,1.0000001192092896,0.0,0.6384972586057869,0.6384972586057869,,,,1.0
3,water_dipole,32,1.0000001192092896,0.0,0.6384972586057869,0.6384972586057869,,,,1.0
3,water_dipole,33,1.0000001192092896,0.0,0.6384972586057869,0.6384972586057869,,,,1.0
3,water_dipole,34,1.0000001192092896,0.0,0.6384972586057869,0.6384972586057869,,,,1.0
3,water_dipole,35,1.0000001192092896,0.0,0.6384972586057869,0.6384972586057869,,,,1.0
3,water_dipole,36,1.0000001192092896,0.0,0.6384972586057869,0.6384972586057869,,,,1.0
3,water_dipole,37,1.0000001192092896,0.0,0.6384972586057869,0.6384972586057869,,,,1.0
3,water_dipole,38,1.0000001192092896,0.0,0.6384972586057869,0.6384972586057869,,,,1.0
3,water_dipole,39,1.0000001192092896,0.0,0.6384972586057869,0.6384972586057869,,,,1.0
3,water_dipole,40,1.0000001192092896,0.0,0.6384972586057869,0.6384972586057869,,,,1.0
3,water_dipole,41,1.0000001192092896,0.0,0.6384972586057869,0.6384972586057869,,,,1.0
3,water_dipole,42,1.0000001192092896,0.0,0.6384972586057869,0.6384972586057869,,,,1.0
3,water_dipole,43,1.0000001192092896,0.0,0.6384972586057869,0.6384972586057869,,,,1.0
3,water_dipole,44,1.0000001192092896,0.0,0.6384972586057869,0.6384972586057869,,,,1.0
3,water_dipole,45,1.0000001192092896,0.0,0.6384972586057869,0.6384972586057869,,,,1.0
3,water_dipole,46,1.0000001192092896,0.0,0.6384972586057869,0.6384972586057869,,,,1.0
3,water_dipole,47,1.0000001192092896,0.0,0.6384972586057869,0.6384972586057869,,,,1.0
3,water_dipole,48,1.0000001192092896,0.0,0.6384972586057869,0.6384972586057869,,,,1.0
3,water_dipole,49,1.0000001192092896,0.0,0.6384972586057869,0.6384972586057869,,,,1.0
3,water_dipole,50,1.0000001192092896,0.0,0.6384972586057869,0.6384972586057869,,,,1.0
3,water_dipole,51,1.0000001192092896,0.0,0.6384972586057869,0.6384972586057869,,,,1.0
3,water_dipole,52,1.0000001192092896,0.0,0.6384972586057869,0.6384972586057869,,,,1.0
3,water_dipole,53,1.0000001192092896,0.0,0.6384972586057869,0.6384972586057869,,,,1.0
3,water_dipole,54,1.0000001192092896,0.0,0.6384972586057869,0.6384972586057869,,,,1.0
3,water_dipole,55,1.0000001192092896,0.0,0.6384972586057869,0.6384972586057869,,,,1.0
3,water_dipole,56,1.0000001192092896,0.0,0.6384972586057869,0.6384972586057869,,,,1.0
3,water_dipole,57,1.0000001192092896,0.0,0.6384972586057869,0.6384972586057869,,,,1.0
3,water_dipole,58,1.0000001192092896,0.0,0.6384972586057869,0.6384972586057869,,,,1.0
3,water_dipole,59,1.0000001192092896,0.0,0.6384972586057869,0.6384972586057869,,,,1.0
3,water_dipole,60,1.0000001192092896,0.0,0.6384972586057869,0.6384972586057869,,,,1.0
3,water_dipole,61,1.0000001192092896,0.0,0.6384972586057869,0.6384972586057869,,,,1.0
3,water_dipole,62,1.0000001192092896,0.0,0.6384972586057869,0.6384972586057869,,,,1.0
3,water_dipole,63,1.0000001192092896,0.0,0.6384972586057869,0.6384972586057869,,,,1.0
3,water_dipole,64,1.0000001192092896,0.0,0.6384972586057869,0.6384972586057869,,,,1.0
3,water_dipole,65,1.0000001192092896,0.0,0.6384972586057869,0.6384972586057869,,,,1.0
3,water_dipole,66,1.0000001192092896,0.0,0.6384972586057869,0.6384972586057869,,,,1.0
3,water_dipole,67,1.0000001192092896,0.0,0.6384972586057869,0.6384972586057869,,,,1.0
3,water_dipole,68,1.0000001192092896,0.0,0.6384972586057869,0.6384972586057869,,,,1.0
3,water_dipole,69,1.0000001192092896,0.0,0.6384972586057869,0.6384972586057869,,,,1.0
3,water_dipole,70,1.0000001192092896,0.0,0.6384972586057869,0.6384972586057869,,,,1.0
3,water_dipole,71,1.0000001192092896,0.0,0.6384972586057869,0.6384972586057869,,,,1.0
3,water_dipole,72,1.0000001192092896,0.0,0.6384972586057869,0.6384972586057869,,,,1.0
3,water_dipole,73,1.0000001192092896,0.0,0.6384972586057869,0.6384972586057869,,,,1.0
3,water_dipole,74,1.0000001192092896,0.0,0.6384972586057869,0.6384972586057869,,,,1.0
3,water_dipole,75,1.0000001192092896,0.0,0.6384972586057869,0.6384972586057869,,,,1.0
3,water_dipole,76,1.0000001192092896,0.0,0.6384972586057869,0.6384972586057869,,,,1.0
3,water_dipole,77,1.0000001192092896,0.0,0.6384972586057869,0.6384972586057869,,,,1.0
3,water_dipole,78,1.0000001192092896,0.0,0.6384972586057869,0.6384972586057869,,,,1.0
3,water_dipole,79,1.0000001192092896,0.0,0.6384972586057869,0.6384972586057869,,,,1.0
3,water_dipole,80,1.0000001192092896,0.0,0.6384972586057869,0.6384972586057869,,,,1.0
3,water_dipole,81,1.0000001192092896,0.0,0.6384972586057869,0.6384972586057869,,,,1.0
3,water_dipole,82,1.0000001192092896,0.0,0.6384972586057869,0.6384972586057869,,,,1.0
3,water_dipole,83,1.0000001192092896,0.0,0.6384972586057869,0.6384972586057869,,,,1.0
3,water_dipole,84,1.0000001192092896,0.0,0.6384972586057869,0.6384972586057869,,,,1.0
3,water_dipole,85,1.0000001192092896,0.0,0.6384972586057869,0.6384972586057869,,,,1.0
3,water_dipole,86,1.0000001192092896,0.0,0.6384972586057869,0.6384972586057869,,,,1.0
3,water_dipole,87,1.0000001192092896,0.0,0.6384972586057869,0.6384972586057869,,,,1.0
3,water_dipole,88,1.0000001192092896,0.0,0.6384972586057869,0.6384972586057869,,,,1.0
3,water_dipole,89,1.0000001192092896,0.0,0.6384972586057869,0.6384972586057869,,,,1.0
3,water_dipole,90,1.0000001192092896,0.0,0.6384972586057869,0.6384972586057869,,,,1.0
3,water_dipole,91,1.0000001192092896,0.0,0.6384972586057869,0.6384972586057869,,,,1.0
3,water_dipole,92,1.0000001192092896,0.0,0.6384972586057869,0.6384972586057869,,,,1.0
3,water_dipole,93,1.0000001192092896,0.0,0.6384972586057869,0.6384972586057869,,,,1.0
3,water_dipole,94,1.0000001192092896,0.0,0.6384972586057869,0.6384972586057869,,,,1.0
3,water_dipole,95,1.0000001192092896,0.0,0.6384972586057869,0.6384972586057869,,,,1.0
3,water_dipole,96,1.0000001192092896,0.0,0.6384972586057869,0.6384972586057869,,,,1.0
3,water_dipole,97,1.0000001192092896,0.0,0.6384972586057869,0.6384972586057869,,,,1.0
3,water_dipole,98,1.0000001192092896,0.0,0.6384972586057869,0.6384972586057869,,,,1.0
3,water_dipole,99,1.0000001192092896,0.0,0.6384972586057869,0.6384972586057869,,,,1.0
3,water_dipole,100,1.0000001192092896,0.0,0.6384972586057869,0.6384972586057869,,,,1.0
3,water_dipole,101,1.0000001192092896,0.0,0.6384972586057869,0.6384972586057869,,,,1.0
3,water_dipole,102,1.0000001192092896,0.0,0.6384972586057869,0.6384972586057869,,,,1.0
3,water_dipole,103,1.0000001192092896,0.0,0.6384972586057869,0.6384972586057869,,,,1.0
3,water_dipole,104,1.0000001192092896,0.0,0.6384972586057869,0.6384972586057869,,,,1.0
3,water_dipole,105,1.0000001192092896,0.0,0.6384972586057869,0.6384972586057869,,,,1.0
3,water_dipole,106,1.0000001192092896,0.0,0.6384972586057869,0.6384972586057869,,,,1.0
3,water_dipole,107,1.0000001192092896,0.0,0.6384972586057869,0.6384972586057869,,,,1.0
3,water_dipole,108,1.0000001192092896,0.0,0.6384972586057869,0.6384972586057869,,,,1.0
3,water_dipole,109,1.0000001192092896,0.0,0.6384972586057869,0.6384972586057869,,,,1.0
3,water_dipole,110,1.0000001192092896,0.0,0.6384972586057869,0.6384972586057869,,,,1.0
3,water_dipole,111,1.0000001192092896,0.0,0.6384972586057869,0.6384972586057869,,,,1.0
3,water_dipole,112,1.0000001192092896,0.0,0.6384972586057869,0.6384972586057869,,,,1.0
3,water_dipole,113,1.0000001192092896,0.0,0.6384972586057869,0.6384972586057869,,,,1.0
3,water_dipole,114,1.0000001192092896,0.0,0.6384972586057869,0.6384972586057869,,,,1.0
3,water_dipole,115,1.0000001192092896,0.0,0.6384972586057869,0.6384972586057869,,,,1.0
3,water_dipole,116,1.0000001192092896,0.0,0.6384972586057869,0.6384972586057869,,,,1.0
3,water_dipole,117,1.0000001192092896,0.0,0.6384972586057869,0.6384972586057869,,,,1.0
3,water_dipole,118,1.0000001192092896,0.0,0.6384972586057869,0.6384972586057869,,,,1.0
3,water_dipole,119,1.0000001192092896,0.0,0.6384972586057869,0.6384972586057869,,,,1.0
3,water_dipole,120,1.0000001192092896,0.0,0.6384972586057869,0.6384972586057869,,,,1.0
3,water_dipole,121,1.0000001192092896,0.0,0.6384972586057869,0.6384972586057869,,,,1.0
3,water_dipole,122,1.0000001192092896,0.0,0.6384972586057869,0.6384972586057869,,,,1.0
3,water_dipole,123,1.0000001192092896,0.0,0.6384972586057869,0.6384972586057869,,,,1.0
3,water_dipole,124,1.0000001192092896,0.0,0.6384972586057869,0.6384972586057869,,,,1.0
3,water_dipole,125,1.0000001192092896,0.0,0.6384972586057869,0.6384972586057869,,,,1.0
3,water_dipole,126,1.0000001192092896,0.0,0.6384972586057869,0.6384972586057869,,,,1.0
3,water_dipole,127,1.0000001192092896,0.0,0.6384972586057869,0.6384972586057869,,,,1.0
3,water_dipole,128,1.0000001192092896,0.0,0.6384972586057869,0.6384972586057869,,,,1.0
3,water_dipole,129,1.0000001192092896,0.0,0.6384972586057869,0.6384972586057869,,,,1.0
3,water_dipole,130,1.0000001192092896,0.0,0.6384972586057869,0.6384972586057869,,,,1.0
3,water_dipole,131,1.0000001192092896,0.0,0.6384972586057869,0.6384972586057869,,,,1.0
3,water_dipole,132,1.0000001192092896,0.0,0.6384972586057869,0.6384972586057869,,,,1.0
3,water_dipole,133,1.0000001192092896,0.0,0.6384972586057869,0.6384972586057869,,,,1.0
3,water_dipole,134,1.0000001192092896,0.0,0.6384972586057869,0.6384972586057869,,,,1.0
3,water_dipole,135,1.0000001192092896,0.0,0.6384972586057869,0.6384972586057869,,,,1.0
3,water_dipole,136,1.0000001192092896,0.0,0.6384972586057869,0.6384972586057869,,,,1.0
3,water_dipole,137,1.0000001192092896,0.0,0.6384972586057869,0.6384972586057869,,,,1.0
3,water_dipole,138,1.0000001192092896,0.0,0.6384972586057869,0.6384972586057869,,,,1.0
3,water_dipole,139,1.0000001192092896,0.0,0.6384972586057869,0.6384972586057869,,,,1.0
3,water_dipole,140,1.0000001192092896,0.0,0.6384972586057869,0.6384972586057869,,,,1.0
3,water_dipole,141,1.0000001192092896,0.0,0.6384972586057869,0.6384972586057869,,,,1.0
3,water_dipole,142,1.0000001192092896,0.0,0.6384972586057869,0.6384972586057869,,,,1.0
3,water_dipole,143,1.0000001192092896,0.0,0.6384972586057869,0.6384972586057869,,,,1.0
3,water_dipole,144,1.0000001192092896,0.0,0.6384972586057869,0.6384972586057869,,,,1.0
3,water_dipole,145,1.0000001192092896,0.0,0.6384972586057869,0.6384972586057869,,,,1.0
3,water_dipole,146,1.0000001192092896,0.0,0.6384972586057869,0.6384972586057869,,,,1.0
3,water_dipole,147,1.0000001192092896,0.0,0.6384972586057869,0.6384972586057869,,,,1.0
3,water_dipole,148,1.0000001192092896,0.0,0.6384972586057869,0.6384972586057869,,,,1.0
3,water_dipole,149,1.0000001192092896,0.0,0.6384972586057869,0.6384972586057869,,,,1.0
3,water_dipole,150,1.0000001192092896,0.0,0.6384972586057869,0.6384972586057869,,,,1.0
3,water_dipole,151,1.0000001192092896,0.0,0.6384972586057869,0.6384972586057869,,,,1.0
3,water_dipole,152,1.0000001192092896,0.0,0.6384972586057869,0.6384972586057869,,,,1.0
3,water_dipole,153,1.0000001192092896,0.0,0.6384972586057869,0.6384972586057869,,,,1.0
3,water_dipole,154,1.0000001192092896,0.0,0.6384972586057869,0.6384972586057869,,,,1.0
3,water_dipole,155,1.0000001192092896,0.0,0.6384972586057869,0.6384972586057869,,,,1.0
3,water_dipole,156,1.0000001192092896,0.0,0.6384972586057869,0.6384972586057869,,,,1.0
3,water_dipole,157,1.0000001192092896,0.0,0.6384972586057869,0.6384972586057869,,,,1.0
3,water_dipole,158,1.0000001192092896,0.0,0.6384972586057869,0.6384972586057869,,,,1.0
3,water_dipole,159,1.0000001192092896,0.0,0.6384972586057869,0.6384972586057869,,,,1.0
3,water_dipole,160,1.0000001192092896,0.0,0.6384972586057869,0.6384972586057869,,,,1.0
3,water_dipole,161,1.0000001192092896,0.0,0.6384972586057869,0.6384972586057869,,,,1.0
3,water_dipole,162,1.0000001192092896,0.0,0.6384972586057869,0.6384972586057869,,,,1.0
3,water_dipole,163,1.0000001192092896,0.0,0.6384972586057869,0.6384972586057869,,,,1.0
3,water_dipole,164,1.0000001192092896,0.0,0.6384972586057869,0.6384972586057869,,,,1.0
3,water_dipole,165,1.0000001192092896,0.0,0.6384972586057869,0.6384972586057869,,,,1.0
3,water_dipole,166,1.0000001192092896,0.0,0.6384972586057869,0.6384972586057869,,,,1.0
3,water_dipole,167,1.0000001192092896,0.0,0.6384972586057869,0.6384972586057869,,,,1.0
3,water_dipole,168,1.0000001192092896,0.0,0.6384972586057869,0.6384972586057869,,,,1.0
3,water_dipole,169,1.0000001192092896,0.0,0.6384972586057869,0.6384972586057869,,,,1.0
3,water_dipole,170,1.0000001192092896,0.0,0.6384972586057869,0.6384972586057869,,,,1.0
3,water_dipole,171,1.0000001192092896,0.0,0.6384972586057869,0.6384972586057869,,,,1.0
3,water_dipole,172,1.0000001192092896,0.0,0.6384972586057869,0.6384972586057869,,,,1.0
3,water_dipole,173,1.0000001192092896,0.0,0.6384972586057869,0.6384972586057869,,,,1.0
3,water_dipole,174,1.0000001192092896,0.0,0.6384972586057869,0.6384972586057869,,,,1.0
3,water_dipole,175,1.0000001192092896,0.0,0.6384972586057869,0.6384972586057869,,,,1.0
3,water_dipole,176,1.0000001192092896,0.0,0.6384972586057869,0.6384972586057869,,,,1.0
3,water_dipole,177,1.0000001192092896,0.0,0.6384972586057869,0.6384972586057869,,,,1.0
3,water_dipole,178,1.0000001192092896,0.0,0.6384972586057869,0.6384972586057869,,,,1.0
3,water_dipole,179,1.0000001192092896,0.0,0.6384972586057869,0.6384972586057869,,,,1.0
3,water_dipole,180,1.0000001192092896,0.0,0.6384972586057869,0.6384972586057869,,,,1.0
3,water_dipole,181,1.0000001192092896,0.0,0.6384972586057869,0.6384972586057869,,,,1.0
3,water_dipole,182,1.0000001192092896,0.0,0.6384972586057869,0.6384972586057869,,,,1.0
3,water_dipole,183,1.0000001192092896,0.0,0.6384972586057869,0.6384972586057869,,,,1.0
3,water_dipole,184,1.0000001192092896,0.0,0.6384972586057869,0.6384972586057869,,,,1.0
3,water_dipole,185,1.0000001192092896,0.0,0.6384972586057869,0.6384972586057869,,,,1.0
3,water_dipole,186,1.0000001192092896,0.0,0.6384972586057869,0.6384972586057869,,,,1.0
3,water_dipole,187,1.0000001192092896,0.0,0.6384972586057869,0.6384972586057869,,,,1.0
3,water_dipole,188,1.0000001192092896,0.0,0.6384972586057869,0.6384972586057869,,,,1.0
3,water_dipole,189,1.0000001192092896,0.0,0.6384972586057869,0.6384972586057869,,,,1.0
3,water_dipole,190,1.0000001192092896,0.0,0.6384972586057869,0.6384972586057869,,,,1.0
3,water_dipole,191,1.0000001192092896,0.0,0.6384972586057869,0.6384972586057869,,,,1.0
3,water_dipole,192,1.0000001192092896,0.0,0.6384972586057869,0.6384972586057869,,,,1.0
3,water_dipole,193,1.0000001192092896,0.0,0.6384972586057869,0.6384972586057869,,,,1.0
3,water_dipole,194,1.0000001192092896,0.0,0.6384972586057869,0.6384972586057869,,,,1.0
3,water_dipole,195,1.0000001192092896,0.0,0.6384972586057869,0.6384972586057869,,,,1.0
3,water_dipole,196,1.0000001192092896,0.0,0.6384972586057869,0.6384972586057869,,,,1.0
3,water_dipole,197,1.0000001192092896,0.0,0.6384972586057869,0.6384972586057869,,,,1.0
3,water_dipole,198,1.0000001192092896,0.0,0.6384972586057869,0.6384972586057869,,,,1.0
3,water_dipole,199,1.0000001192092896,0.0,0.6384972586057869,0.6384972586057869,,,,1.0
3,water_dipole,200,1.0000001192092896,0.0,0.6384972586057869,0.6384972586057869,,,,1.0
3,water_dipole,201,1.0000001192092896,0.0,0.6384972586057869,0.6384972586057869,,,,1.0
3,water_dipole,202,1.0000001192092896,0.0,0.6384972586057869,0.6384972586057869,,,,1.0
3,water_dipole,203,1.0000001192092896,0.0,0.6384972586057869,0.6384972586057869,,,,1.0
3,water_dipole,204,1.0000001192092896,0.0,0.6384972586057869,0.6384972586057869,,,,1.0
3,water_dipole,205,1.0000001192092896,0.0,0.6384972586057869,0.6384972586057869,,,,1.0
3,water_dipole,206,1.0000001192092896,0.0,0.6384972586057869,0.6384972586057869,,,,1.0
3,water_dipole,207,1.0000001192092896,0.0,0.6384972586057869,0.6384972586057869,,,,1.0
3,water_dipole,208,1.0000001192092896,0.0,0.6384972586057869,0.6384972586057869,,,,1.0
3,water_dipole,209,1.0000001192092896,0.0,0.6384972586057869,0.6384972586057869,,,,1.0
3,water_dipole,210,1.0000001192092896,0.0,0.6384972586057869,0.6384972586057869,,,,1.0
3,water_dipole,211,1.0000001192092896,0.0,0.6384972586057869,0.6384972586057869,,,,1.0
3,water_dipole,212,1.0000001192092896,0.0,0.6384972586057869,0.6384972586057869,,,,1.0
3,water_dipole,213,1.0000001192092896,0.0,0.6384972586057869,0.6384972586057869,,,,1.0
3,water_dipole,214,1.0000001192092896,0.0,0.6384972586057869,0.6384972586057869,,,,1.0
3,water_dipole,215,1.0000001192092896,0.0,0.6384972586057869,0.6384972586057869,,,,1.0
3,water_dipole,216,1.0000001192092896,0.0,0.6384972586057869,0.6384972586057869,,,,1.0
3,water_dipole,217,1.0000001192092896,0.0,0.6384972586057869,0.6384972586057869,,,,1.0
3,water_dipole,218,1.0000001192092896,0.0,0.6384972586057869,0.6384972586057869,,,,1.0
3,water_dipole,219,1.0000001192092896,0.0,0.6384972586057869,0.6384972586057869,,,,1.0
3,water_dipole,220,1.0000001192092896,0.0,0.6384972586057869,0.6384972586057869,,,,1.0
3,water_dipole,221,1.0000001192092896,0.0,0.6384972586057869,0.6384972586057869,,,,1.0
3,water_dipole,222,1.0000001192092896,0.0,0.6384972586057869,0.6384972586057869,,,,1.0
3,water_dipole,223,1.0000001192092896,0.0,0.6384972586057869,0.6384972586057869,,,,1.0
3,water_dipole,224,1.0000001192092896,0.0,0.6384972586057869,0.6384972586057869,,,,1.0
3,water_dipole,225,1.0000001192092896,0.0,0.6384972586057869,0.6384972586057869,,,,1.0
3,water_dipole,226,1.0000001192092896,0.0,0.6384972586057869,0.6384972586057869,,,,1.0
3,water_dipole,227,1.0000001192092896,0.0,0.6384972586057869,0.6384972586057869,,,,1.0
3,water_dipole,228,1.0000001192092896,0.0,0.6384972586057869,0.6384972586057869,,,,1.0
3,water_dipole,229,1.0000001192092896,0.0,0.6384972586057869,0.6384972586057869,,,,1.0
3,water_dipole,230,1.0000001192092896,0.0,0.6384972586057869,0.6384972586057869,,,,1.0
3,water_dipole,231,1.0000001192092896,0.0,0.6384972586057869,0.6384972586057869,,,,1.0
3,water_dipole,232,1.0000001192092896,0.0,0.6384972586057869,0.6384972586057869,,,,1.0
3,water_dipole,233,1.0000001192092896,0.0,0.6384972586057869,0.6384972586057869,,,,1.0
3,water_dipole,234,1.0000001192092896,0.0,0.6384972586057869,0.6384972586057869,,,,1.0
3,water_dipole,235,1.0000001192092896,0.0,0.6384972586057869,0.6384972586057869,,,,1.0
3,water_dipole,236,1.0000001192092896,0.0,0.6384972586057869,0.6384972586057869,,,,1.0
3,water_dipole,237,1.0000001192092896,0.0,0.6384972586057869,0.6384972586057869,,,,1.0
3,water_dipole,238,1.0000001192092896,0.0,0.6384972586057869,0.6384972586057869,,,,1.0
3,water_dipole,239,1.0000001192092896,0.0,0.6384972586057869,0.6384972586057869,,,,1.0
3,water_dipole,240,1.0000001192092896,0.0,0.6384972586057869,0.6384972586057869,,,,1.0
3,water_dipole,241,1.0000001192092896,0.0,0.6384972586057869,0.6384972586057869,,,,1.0
3,water_dipole,242,1.0000001192092896,0.0,0.6384972586057869,0.6384972586057869,,,,1.0
3,water_dipole,243,1.0000001192092896,0.0,0.6384972586057869,0.6384972586057869,,,,1.0
3,water_dipole,244,1.0000001192092896,0.0,0.6384972586057869,0.6384972586057869,,,,1.0
3,water_dipole,245,1.0000001192092896,0.0,0.6384972586057869,0.6384972586057869,,,,1.0
3,water_dipole,246,1.0000001192092896,0.0,0.6384972586057869,0.6384972586057869,,,,1.0
3,water_dipole,247,1.0000001192092896,0.0,0.6384972586057869,0.6384972586057869,,,,1.0
3,water_dipole,248,1.0000001192092896,0.0,0.6384972586057869,0.6384972586057869,,,,1.0
3,water_dipole,249,1.0000001192092896,0.0,0.6384972586057869,0.6384972586057869,,,,1.0
3,acetone_gsolv_eV,0,1.0,0.0,0.6641122372361656,0.6641122372361656,,,,1.0
3,acetone_gsolv_eV,1,1.0,0.0,0.6641122372361656,0.6641122372361656,,,,1.0
3,acetone_gsolv_eV,2,1.0,0.0,0.6641122372361656,0.6641122372361656,,,,1.0
3,acetone_gsolv_eV,3,1.0,0.0,0.6641122372361656,0.6641122372361656,,,,1.0
3,acetone_gsolv_eV,4,1.0,0.0,0.6641122372361656,0.6641122372361656,,,,1.0
3,acetone_gsolv_eV,5,1.0,0.0,0.6641122372361656,0.6641122372361656,,,,1.0
3,acetone_gsolv_eV,6,1.0,0.0,0.6641122372361656,0.6641122372361656,,,,1.0
3,acetone_gsolv_eV,7,1.0,0.0,0.6641122372361656,0.6641122372361656,,,,1.0
3,acetone_gsolv_eV,8,1.0,0.0,0.6641122372361656,0.6641122372361656,,,,1.0
3,acetone_gsolv_eV,9,1.0,0.0,0.6641122372361656,0.6641122372361656,,,,1.0
3,acetone_gsolv_eV,10,1.0,0.0,0.6641122372361656,0.6641122372361656,,,,1.0
3,acetone_gsolv_eV,11,1.0,0.0,0.6641122372361656,0.6641122372361656,,,,1.0
3,acetone_gsolv_eV,12,1.0,0.0,0.6641122372361656,0.6641122372361656,,,,1.0
3,acetone_gsolv_eV,13,1.0,0.0,0.6641122372361656,0.6641122372361656,,,,1.0
3,acetone_gsolv_eV,14,1.0,0.0,0.6641122372361656,0.6641122372361656,,,,1.0
3,acetone_gsolv_eV,15,1.0,0.0,0.6641122372361656,0.6641122372361656,,,,1.0
3,acetone_gsolv_eV,16,1.0,0.0,0.6641122372361656,0.6641122372361656,,,,1.0
3,acetone_gsolv_eV,17,1.0,0.0,0.6641122372361656,0.6641122372361656,,,,1.0
3,acetone_gsolv_eV,18,1.0,0.0,0.6641122372361656,0.6641122372361656,,,,1.0
3,acetone_gsolv_eV,19,1.0,0.0,0.6641122372361656,0.6641122372361656,,,,1.0
3,acetone_gsolv_eV,20,1.0,0.0,0.6641122372361656,0.6641122372361656,,,,1.0
3,acetone_gsolv_eV,21,1.0,0.0,0.6641122372361656,0.6641122372361656,,,,1.0
3,acetone_gsolv_eV,22,1.0,0.0,0.6641122372361656,0.6641122372361656,,,,1.0
3,acetone_gsolv_eV,23,1.0,0.0,0.6641122372361656,0.6641122372361656,,,,1.0
3,acetone_gsolv_eV,24,1.0,0.0,0.6641122372361656,0.6641122372361656,,,,1.0
3,acetone_gsolv_eV,25,1.0,0.0,0.6641122372361656,0.6641122372361656,,,,1.0
3,acetone_gsolv_eV,26,1.0,0.0,0.6641122372361656,0.6641122372361656,,,,1.0
3,acetone_gsolv_eV,27,1.0,0.0,0.6641122372361656,0.6641122372361656,,,,1.0
3,acetone_gsolv_eV,28,1.0,0.0,0.6641122372361656,0.6641122372361656,,,,1.0
3,acetone_gsolv_eV,29,1.0,0.0,0.6641122372361656,0.6641122372361656,,,,1.0
3,acetone_gsolv_eV,30,1.0,0.0,0.6641122372361656,0.6641122372361656,,,,1.0
3,acetone_gsolv_eV,31,1.0,0.0,0.6641122372361656,0.6641122372361656,,,,1.0
3,acetone_gsolv_eV,32,1.0,0.0,0.6641122372361656,0.6641122372361656,,,,1.0
3,acetone_gsolv_eV,33,1.0,0.0,0.6641122372361656,0.6641122372361656,,,,1.0
3,acetone_gsolv_eV,34,1.0,0.0,0.6641122372361656,0.6641122372361656,,,,1.0
3,acetone_gsolv_eV,35,1.0,0.0,0.6641122372361656,0.6641122372361656,,,,1.0
3,acetone_gsolv_eV,36,1.0,0.0,0.6641122372361656,0.6641122372361656,,,,1.0
3,acetone_gsolv_eV,37,1.0,0.0,0.6641122372361656,0.6641122372361656,,,,1.0
3,acetone_gsolv_eV,38,1.0,0.0,0.6641122372361656,0.6641122372361656,,,,1.0
3,acetone_gsolv_eV,39,1.0,0.0,0.6641122372361656,0.6641122372361656,,,,1.0
3,acetone_gsolv_eV,40,1.0,0.0,0.6641122372361656,0.6641122372361656,,,,1.0
3,acetone_gsolv_eV,41,1.0,0.0,0.6641122372361656,0.6641122372361656,,,,1.0
3,acetone_gsolv_eV,42,1.0,0.0,0.6641122372361656,0.6641122372361656,,,,1.0
3,acetone_gsolv_eV,43,1.0,0.0,0.6641122372361656,0.6641122372361656,,,,1.0
3,acetone_gsolv_eV,44,1.0,0.0,0.6641122372361656,0.6641122372361656,,,,1.0
3,acetone_gsolv_eV,45,1.0,0.0,0.6641122372361656,0.6641122372361656,,,,1.0
3,acetone_gsolv_eV,46,1.0,0.0,0.6641122372361656,0.6641122372361656,,,,1.0
3,acetone_gsolv_eV,47,1.0,0.0,0.6641122372361656,0.6641122372361656,,,,1.0
3,acetone_gsolv_eV,48,1.0,0.0,0.6641122372361656,0.6641122372361656,,,,1.0
3,acetone_gsolv_eV,49,1.0,0.0,0.6641122372361656,0.6641122372361656,,,,1.0
3,acetone_gsolv_eV,50,1.0,0.0,0.6641122372361656,0.6641122372361656,,,,1.0
3,acetone_gsolv_eV,51,1.0,0.0,0.6641122372361656,0.6641122372361656,,,,1.0
3,acetone_gsolv_eV,52,1.0,0.0,0.6641122372361656,0.6641122372361656,,,,1.0
3,acetone_gsolv_eV,53,1.0,0.0,0.6641122372361656,0.6641122372361656,,,,1.0
3,acetone_gsolv_eV,54,1.0,0.0,0.6641122372361656,0.6641122372361656,,,,1.0
3,acetone_gsolv_eV,55,1.0,0.0,0.6641122372361656,0.6641122372361656,,,,1.0
3,acetone_gsolv_eV,56,1.0,0.0,0.6641122372361656,0.6641122372361656,,,,1.0
3,acetone_gsolv_eV,57,1.0,0.0,0.6641122372361656,0.6641122372361656,,,,1.0
3,acetone_gsolv_eV,58,1.0,0.0,0.6641122372361656,0.6641122372361656,,,,1.0
3,acetone_gsolv_eV,59,1.0,0.0,0.6641122372361656,0.6641122372361656,,,,1.0
3,acetone_gsolv_eV,60,1.0,0.0,0.6641122372361656,0.6641122372361656,,,,1.0
3,acetone_gsolv_eV,61,1.0,0.0,0.6641122372361656,0.6641122372361656,,,,1.0
3,acetone_gsolv_eV,62,1.0,0.0,0.6641122372361656,0.6641122372361656,,,,1.0
3,acetone_gsolv_eV,63,1.0,0.0,0.6641122372361656,0.6641122372361656,,,,1.0
3,acetone_gsolv_eV,64,1.0,0.0,0.6641122372361656,0.6641122372361656,,,,1.0
3,acetone_gsolv_eV,65,1.0,0.0,0.6641122372361656,0.6641122372361656,,,,1.0
3,acetone_gsolv_eV,66,1.0,0.0,0.6641122372361656,0.6641122372361656,,,,1.0
3,acetone_gsolv_eV,67,1.0,0.0,0.6641122372361656,0.6641122372361656,,,,1.0
3,acetone_gsolv_eV,68,1.0,0.0,0.6641122372361656,0.6641122372361656,,,,1.0
3,acetone_gsolv_eV,69,1.0,0.0,0.6641122372361656,0.6641122372361656,,,,1.0
3,acetone_gsolv_eV,70,1.0,0.0,0.6641122372361656,0.6641122372361656,,,,1.0
3,acetone_gsolv_eV,71,1.0,0.0,0.6641122372361656,0.6641122372361656,,,,1.0
3,acetone_gsolv_eV,72,1.0,0.0,0.6641122372361656,0.6641122372361656,,,,1.0
3,acetone_gsolv_eV,73,1.0,0.0,0.6641122372361656,0.6641122372361656,,,,1.0
3,acetone_gsolv_eV,74,1.0,0.0,0.6641122372361656,0.6641122372361656,,,,1.0
3,acetone_gsolv_eV,75,1.0,0.0,0.6641122372361656,0.6641122372361656,,,,1.0
3,acetone_gsolv_eV,76,1.0,0.0,0.6641122372361656,0.6641122372361656,,,,1.0
3,acetone_gsolv_eV,77,1.0,0.0,0.6641122372361656,0.6641122372361656,,,,1.0
3,acetone_gsolv_eV,78,1.0,0.0,0.6641122372361656,0.6641122372361656,,,,1.0
3,acetone_gsolv_eV,79,1.0,0.0,0.6641122372361656,0.6641122372361656,,,,1.0
3,acetone_gsolv_eV,80,1.0,0.0,0.6641122372361656,0.6641122372361656,,,,1.0
3,acetone_gsolv_eV,81,1.0,0.0,0.6641122372361656,0.6641122372361656,,,,1.0
3,acetone_gsolv_eV,82,1.0,0.0,0.6641122372361656,0.6641122372361656,,,,1.0
3,acetone_gsolv_eV,83,1.0,0.0,0.6641122372361656,0.6641122372361656,,,,1.0
3,acetone_gsolv_eV,84,1.0,0.0,0.6641122372361656,0.6641122372361656,,,,1.0
3,acetone_gsolv_eV,85,1.0,0.0,0.6641122372361656,0.6641122372361656,,,,1.0
3,acetone_gsolv_eV,86,1.0,0.0,0.6641122372361656,0.6641122372361656,,,,1.0
3,acetone_gsolv_eV,87,1.0,0.0,0.6641122372361656,0.6641122372361656,,,,1.0
3,acetone_gsolv_eV,88,1.0,0.0,0.6641122372361656,0.6641122372361656,,,,1.0
3,acetone_gsolv_eV,89,1.0,0.0,0.6641122372361656,0.6641122372361656,,,,1.0
3,acetone_gsolv_eV,90,1.0,0.0,0.6641122372361656,0.6641122372361656,,,,1.0
3,acetone_gsolv_eV,91,1.0,0.0,0.6641122372361656,0.6641122372361656,,,,1.0
3,acetone_gsolv_eV,92,1.0,0.0,0.6641122372361656,0.6641122372361656,,,,1.0
3,acetone_gsolv_eV,93,1.0,0.0,0.6641122372361656,0.6641122372361656,,,,1.0
3,acetone_gsolv_eV,94,1.0,0.0,0.6641122372361656,0.6641122372361656,,,,1.0
3,acetone_gsolv_eV,95,1.0,0.0,0.6641122372361656,0.6641122372361656,,,,1.0
3,acetone_gsolv_eV,96,1.0,0.0,0.6641122372361656,0.6641122372361656,,,,1.0
3,acetone_gsolv_eV,97,1.0,0.0,0.6641122372361656,0.6641122372361656,,,,1.0
3,acetone_gsolv_eV,98,1.0,0.0,0.6641122372361656,0.6641122372361656,,,,1.0
3,acetone_gsolv_eV,99,1.0,0.0,0.6641122372361656,0.6641122372361656,,,,1.0
3,acetone_gsolv_eV,100,1.0,0.0,0.6641122372361656,0.6641122372361656,,,,1.0
3,acetone_gsolv_eV,101,1.0,0.0,0.6641122372361656,0.6641122372361656,,,,1.0
3,acetone_gsolv_eV,102,1.0,0.0,0.6641122372361656,0.6641122372361656,,,,1.0
3,acetone_gsolv_eV,103,1.0,0.0,0.6641122372361656,0.6641122372361656,,,,1.0
3,acetone_gsolv_eV,104,1.0,0.0,0.6641122372361656,0.6641122372361656,,,,1.0
3,acetone_gsolv_eV,105,1.0,0.0,0.6641122372361656,0.6641122372361656,,,,1.0
3,acetone_gsolv_eV,106,1.0,0.0,0.6641122372361656,0.6641122372361656,,,,1.0
3,acetone_gsolv_eV,107,1.0,0.0,0.6641122372361656,0.6641122372361656,,,,1.0
3,acetone_gsolv_eV,108,1.0,0.0,0.6641122372361656,0.6641122372361656,,,,1.0
3,acetone_gsolv_eV,109,1.0,0.0,0.6641122372361656,0.6641122372361656,,,,1.0
3,acetone_gsolv_eV,110,1.0,0.0,0.6641122372361656,0.6641122372361656,,,,1.0
3,acetone_gsolv_eV,111,1.0,0.0,0.6641122372361656,0.6641122372361656,,,,1.0
3,acetone_gsolv_eV,112,1.0,0.0,0.6641122372361656,0.6641122372361656,,,,1.0
3,acetone_gsolv_eV,113,1.0,0.0,0.6641122372361656,0.6641122372361656,,,,1.0
3,acetone_gsolv_eV,114,1.0,0.0,0.6641122372361656,0.6641122372361656,,,,1.0
3,acetone_gsolv_eV,115,1.0,0.0,0.6641122372361656,0.6641122372361656,,,,1.0
3,acetone_gsolv_eV,116,1.0,0.0,0.6641122372361656,0.6641122372361656,,,,1.0
3,acetone_gsolv_eV,117,1.0,0.0,0.6641122372361656,0.6641122372361656,,,,1.0
3,acetone_gsolv_eV,118,1.0,0.0,0.6641122372361656,0.6641122372361656,,,,1.0
3,acetone_gsolv_eV,119,1.0,0.0,0.6641122372361656,0.6641122372361656,,,,1.0
3,acetone_gsolv_eV,120,1.0,0.0,0.6641122372361656,0.6641122372361656,,,,1.0
3,acetone_gsolv_eV,121,1.0,0.0,0.6641122372361656,0.6641122372361656,,,,1.0
3,acetone_gsolv_eV,122,1.0,0.0,0.6641122372361656,0.6641122372361656,,,,1.0
3,acetone_gsolv_eV,123,1.0,0.0,0.6641122372361656,0.6641122372361656,,,,1.0
3,acetone_gsolv_eV,124,1.0,0.0,0.6641122372361656,0.6641122372361656,,,,1.0
3,acetone_gsolv_eV,125,1.0,0.0,0.6641122372361656,0.6641122372361656,,,,1.0
3,acetone_gsolv_eV,126,1.0,0.0,0.6641122372361656,0.6641122372361656,,,,1.0
3,acetone_gsolv_eV,127,1.0,0.0,0.6641122372361656,0.6641122372361656,,,,1.0
3,acetone_gsolv_eV,128,1.0,0.0,0.6641122372361656,0.6641122372361656,,,,1.0
3,acetone_gsolv_eV,129,1.0,0.0,0.6641122372361656,0.6641122372361656,,,,1.0
3,acetone_gsolv_eV,130,1.0,0.0,0.6641122372361656,0.6641122372361656,,,,1.0
3,acetone_gsolv_eV,131,1.0,0.0,0.6641122372361656,0.6641122372361656,,,,1.0
3,acetone_gsolv_eV,132,1.0,0.0,0.6641122372361656,0.6641122372361656,,,,1.0
3,acetone_gsolv_eV,133,1.0,0.0,0.6641122372361656,0.6641122372361656,,,,1.0
3,acetone_gsolv_eV,134,1.0,0.0,0.6641122372361656,0.6641122372361656,,,,1.0
3,acetone_gsolv_eV,135,1.0,0.0,0.6641122372361656,0.6641122372361656,,,,1.0
3,acetone_gsolv_eV,136,1.0,0.0,0.6641122372361656,0.6641122372361656,,,,1.0
3,acetone_gsolv_eV,137,1.0,0.0,0.6641122372361656,0.6641122372361656,,,,1.0
3,acetone_gsolv_eV,138,1.0,0.0,0.6641122372361656,0.6641122372361656,,,,1.0
3,acetone_gsolv_eV,139,1.0,0.0,0.6641122372361656,0.6641122372361656,,,,1.0
3,acetone_gsolv_eV,140,1.0,0.0,0.6641122372361656,0.6641122372361656,,,,1.0
3,acetone_gsolv_eV,141,1.0,0.0,0.6641122372361656,0.6641122372361656,,,,1.0
3,acetone_gsolv_eV,142,1.0,0.0,0.6641122372361656,0.6641122372361656,,,,1.0
3,acetone_gsolv_eV,143,1.0,0.0,0.6641122372361656,0.6641122372361656,,,,1.0
3,acetone_gsolv_eV,144,1.0,0.0,0.6641122372361656,0.6641122372361656,,,,1.0
3,acetone_gsolv_eV,145,1.0,0.0,0.6641122372361656,0.6641122372361656,,,,1.0
3,acetone_gsolv_eV,146,1.0,0.0,0.6641122372361656,0.6641122372361656,,,,1.0
3,acetone_gsolv_eV,147,1.0,0.0,0.6641122372361656,0.6641122372361656,,,,1.0
3,acetone_gsolv_eV,148,1.0,0.0,0.6641122372361656,0.6641122372361656,,,,1.0
3,acetone_gsolv_eV,149,1.0,0.0,0.6641122372361656,0.6641122372361656,,,,1.0
3,acetone_gsolv_eV,150,1.0,0.0,0.6641122372361656,0.6641122372361656,,,,1.0
3,acetone_gsolv_eV,151,1.0,0.0,0.6641122372361656,0.6641122372361656,,,,1.0
3,acetone_gsolv_eV,152,1.0,0.0,0.6641122372361656,0.6641122372361656,,,,1.0
3,acetone_gsolv_eV,153,1.0,0.0,0.6641122372361656,0.6641122372361656,,,,1.0
3,acetone_gsolv_eV,154,1.0,0.0,0.6641122372361656,0.6641122372361656,,,,1.0
3,acetone_gsolv_eV,155,1.0,0.0,0.6641122372361656,0.6641122372361656,,,,1.0
3,acetone_gsolv_eV,156,1.0,0.0,0.6641122372361656,0.6641122372361656,,,,1.0
3,acetone_gsolv_eV,157,1.0,0.0,0.6641122372361656,0.6641122372361656,,,,1.0
3,acetone_gsolv_eV,158,1.0,0.0,0.6641122372361656,0.6641122372361656,,,,1.0
3,acetone_gsolv_eV,159,1.0,0.0,0.6641122372361656,0.6641122372361656,,,,1.0
3,acetone_gsolv_eV,160,1.0,0.0,0.6641122372361656,0.6641122372361656,,,,1.0
3,acetone_gsolv_eV,161,1.0,0.0,0.6641122372361656,0.6641122372361656,,,,1.0
3,acetone_gsolv_eV,162,1.0,0.0,0.6641122372361656,0.6641122372361656,,,,1.0
3,acetone_gsolv_eV,163,1.0,0.0,0.6641122372361656,0.6641122372361656,,,,1.0
3,acetone_gsolv_eV,164,1.0,0.0,0.6641122372361656,0.6641122372361656,,,,1.0
3,acetone_gsolv_eV,165,1.0,0.0,0.6641122372361656,0.6641122372361656,,,,1.0
3,acetone_gsolv_eV,166,1.0,0.0,0.6641122372361656,0.6641122372361656,,,,1.0
3,acetone_gsolv_eV,167,1.0,0.0,0.6641122372361656,0.6641122372361656,,,,1.0
3,acetone_gsolv_eV,168,1.0,0.0,0.6641122372361656,0.6641122372361656,,,,1.0
3,acetone_gsolv_eV,169,1.0,0.0,0.6641122372361656,0.6641122372361656,,,,1.0
3,acetone_gsolv_eV,170,1.0,0.0,0.6641122372361656,0.6641122372361656,,,,1.0
3,acetone_gsolv_eV,171,1.0,0.0,0.6641122372361656,0.6641122372361656,,,,1.0
3,acetone_gsolv_eV,172,1.0,0.0,0.6641122372361656,0.6641122372361656,,,,1.0
3,acetone_gsolv_eV,173,1.0,0.0,0.6641122372361656,0.6641122372361656,,,,1.0
3,acetone_gsolv_eV,174,1.0,0.0,0.6641122372361656,0.6641122372361656,,,,1.0
3,acetone_gsolv_eV,175,1.0,0.0,0.6641122372361656,0.6641122372361656,,,,1.0
3,acetone_gsolv_eV,176,1.0,0.0,0.6641122372361656,0.6641122372361656,,,,1.0
3,acetone_gsolv_eV,177,1.0,0.0,0.6641122372361656,0.6641122372361656,,,,1.0
3,acetone_gsolv_eV,178,1.0,0.0,0.6641122372361656,0.6641122372361656,,,,1.0
3,acetone_gsolv_eV,179,1.0,0.0,0.6641122372361656,0.6641122372361656,,,,1.0
3,acetone_gsolv_eV,180,1.0,0.0,0.6641122372361656,0.6641122372361656,,,,1.0
3,acetone_gsolv_eV,181,1.0,0.0,0.6641122372361656,0.6641122372361656,,,,1.0
3,acetone_gsolv_eV,182,1.0,0.0,0.6641122372361656,0.6641122372361656,,,,1.0
3,acetone_gsolv_eV,183,1.0,0.0,0.6641122372361656,0.6641122372361656,,,,1.0
3,acetone_gsolv_eV,184,1.0,0.0,0.6641122372361656,0.6641122372361656,,,,1.0
3,acetone_gsolv_eV,185,1.0,0.0,0.6641122372361656,0.6641122372361656,,,,1.0
3,acetone_gsolv_eV,186,1.0,0.0,0.6641122372361656,0.6641122372361656,,,,1.0
3,acetone_gsolv_eV,187,1.0,0.0,0.6641122372361656,0.6641122372361656,,,,1.0
3,acetone_gsolv_eV,188,1.0,0.0,0.6641122372361656,0.6641122372361656,,,,1.0
3,acetone_gsolv_eV,189,1.0,0.0,0.6641122372361656,0.6641122372361656,,,,1.0
3,acetone_gsolv_eV,190,1.0,0.0,0.6641122372361656,0.6641122372361656,,,,1.0
3,acetone_gsolv_eV,191,1.0,0.0,0.6641122372361656,0.6641122372361656,,,,1.0
3,acetone_gsolv_eV,192,1.0,0.0,0.6641122372361656,0.6641122372361656,,,,1.0
3,acetone_gsolv_eV,193,1.0,0.0,0.6641122372361656,0.6641122372361656,,,,1.0
3,acetone_gsolv_eV,194,1.0,0.0,0.6641122372361656,0.6641122372361656,,,,1.0
3,acetone_gsolv_eV,195,1.0,0.0,0.6641122372361656,0.6641122372361656,,,,1.0
3,acetone_gsolv_eV,196,1.0,0.0,0.6641122372361656,0.6641122372361656,,,,1.0
3,acetone_gsolv_eV,197,1.0,0.0,0.6641122372361656,0.6641122372361656,,,,1.0
3,acetone_gsolv_eV,198,1.0,0.0,0.6641122372361656,0.6641122372361656,,,,1.0
3,acetone_gsolv_eV,199,1.0,0.0,0.6641122372361656,0.6641122372361656,,,,1.0
3,acetone_gsolv_eV,200,1.0,0.0,0.6641122372361656,0.6641122372361656,,,,1.0
3,acetone_gsolv_eV,201,1.0,0.0,0.6641122372361656,0.6641122372361656,,,,1.0
3,acetone_gsolv_eV,202,1.0,0.0,0.6641122372361656,0.6641122372361656,,,,1.0
3,acetone_gsolv_eV,203,1.0,0.0,0.6641122372361656,0.6641122372361656,,,,1.0
3,acetone_gsolv_eV,204,1.0,0.0,0.6641122372361656,0.6641122372361656,,,,1.0
3,acetone_gsolv_eV,205,1.0,0.0,0.6641122372361656,0.6641122372361656,,,,1.0
3,acetone_gsolv_eV,206,1.0,0.0,0.6641122372361656,0.6641122372361656,,,,1.0
3,acetone_gsolv_eV,207,1.0,0.0,0.6641122372361656,0.6641122372361656,,,,1.0
3,acetone_gsolv_eV,208,1.0,0.0,0.6641122372361656,0.6641122372361656,,,,1.0
3,acetone_gsolv_eV,209,1.0,0.0,0.6641122372361656,0.6641122372361656,,,,1.0
3,acetone_gsolv_eV,210,1.0,0.0,0.6641122372361656,0.6641122372361656,,,,1.0
3,acetone_gsolv_eV,211,1.0,0.0,0.6641122372361656,0.6641122372361656,,,,1.0
3,acetone_gsolv_eV,212,1.0,0.0,0.6641122372361656,0.6641122372361656,,,,1.0
3,acetone_gsolv_eV,213,1.0,0.0,0.6641122372361656,0.6641122372361656,,,,1.0
3,acetone_gsolv_eV,214,1.0,0.0,0.6641122372361656,0.6641122372361656,,,,1.0
3,acetone_gsolv_eV,215,1.0,0.0,0.6641122372361656,0.6641122372361656,,,,1.0
3,acetone_gsolv_eV,216,1.0,0.0,0.6641122372361656,0.6641122372361656,,,,1.0
3,acetone_gsolv_eV,217,1.0,0.0,0.6641122372361656,0.6641122372361656,,,,1.0
3,acetone_gsolv_eV,218,1.0,0.0,0.6641122372361656,0.6641122372361656,,,,1.0
3,acetone_gsolv_eV,219,1.0,0.0,0.6641122372361656,0.6641122372361656,,,,1.0
3,acetone_gsolv_eV,220,1.0,0.0,0.6641122372361656,0.6641122372361656,,,,1.0
3,acetone_gsolv_eV,221,1.0,0.0,0.6641122372361656,0.6641122372361656,,,,1.0
3,acetone_gsolv_eV,222,1.0,0.0,0.6641122372361656,0.6641122372361656,,,,1.0
3,acetone_gsolv_eV,223,1.0,0.0,0.6641122372361656,0.6641122372361656,,,,1.0
3,acetone_gsolv_eV,224,1.0,0.0,0.6641122372361656,0.6641122372361656,,,,1.0
3,acetone_gsolv_eV,225,1.0,0.0,0.6641122372361656,0.6641122372361656,,,,1.0
3,acetone_gsolv_eV,226,1.0,0.0,0.6641122372361656,0.6641122372361656,,,,1.0
3,acetone_gsolv_eV,227,1.0,0.0,0.6641122372361656,0.6641122372361656,,,,1.0
3,acetone_gsolv_eV,228,1.0,0.0,0.6641122372361656,0.6641122372361656,,,,1.0
3,acetone_gsolv_eV,229,1.0,0.0,0.6641122372361656,0.6641122372361656,,,,1.0
3,acetone_gsolv_eV,230,1.0,0.0,0.6641122372361656,0.6641122372361656,,,,1.0
3,acetone_gsolv_eV,231,1.0,0.0,0.6641122372361656,0.6641122372361656,,,,1.0
3,acetone_gsolv_eV,232,1.0,0.0,0.6641122372361656,0.6641122372361656,,,,1.0
3,acetone_gsolv_eV,233,1.0,0.0,0.6641122372361656,0.6641122372361656,,,,1.0
3,acetone_gsolv_eV,234,1.0,0.0,0.6641122372361656,0.6641122372361656,,,,1.0
3,acetone_gsolv_eV,235,1.0,0.0,0.6641122372361656,0.6641122372361656,,,,1.0
3,acetone_gsolv_eV,236,1.0,0.0,0.6641122372361656,0.6641122372361656,,,,1.0
3,acetone_gsolv_eV,237,1.0,0.0,0.6641122372361656,0.6641122372361656,,,,1.0
3,acetone_gsolv_eV,238,1.0,0.0,0.6641122372361656,0.6641122372361656,,,,1.0
3,acetone_gsolv_eV,239,1.0,0.0,0.6641122372361656,0.6641122372361656,,,,1.0
3,acetone_gsolv_eV,240,1.0,0.0,0.6641122372361656,0.6641122372361656,,,,1.0
3,acetone_gsolv_eV,241,1.0,0.0,0.6641122372361656,0.6641122372361656,,,,1.0
3,acetone_gsolv_eV,242,1.0,0.0,0.6641122372361656,0.6641122372361656,,,,1.0
3,acetone_gsolv_eV,243,1.0,0.0,0.6641122372361656,0.6641122372361656,,,,1.0
3,acetone_gsolv_eV,244,1.0,0.0,0.6641122372361656,0.6641122372361656,,,,1.0
3,acetone_gsolv_eV,245,1.0,0.0,0.6641122372361656,0.6641122372361656,,,,1.0
3,acetone_gsolv_eV,246,1.0,0.0,0.6641122372361656,0.6641122372361656,,,,1.0
3,acetone_gsolv_eV,247,1.0,0.0,0.6641122372361656,0.6641122372361656,,,,1.0
3,acetone_gsolv_eV,248,1.0,0.0,0.6641122372361656,0.6641122372361656,,,,1.0
3,acetone_gsolv_eV,249,1.0,0.0,0.6641122372361656,0.6641122372361656,,,,1.0
3,acetone_hl_gap_eV,0,1.0,0.0,0.7070064413735178,0.7070064413735178,,,,1.0
3,acetone_hl_gap_eV,1,1.0,0.0,0.7070064413735178,0.7070064413735178,,,,1.0
3,acetone_hl_gap_eV,2,1.0,0.0,0.7070064413735178,0.7070064413735178,,,,1.0
3,acetone_hl_gap_eV,3,1.0,0.0,0.7070064413735178,0.7070064413735178,,,,1.0
3,acetone_hl_gap_eV,4,1.0,0.0,0.7070064413735178,0.7070064413735178,,,,1.0
3,acetone_hl_gap_eV,5,1.0,0.0,0.7070064413735178,0.7070064413735178,,,,1.0
3,acetone_hl_gap_eV,6,1.0,0.0,0.7070064413735178,0.7070064413735178,,,,1.0
3,acetone_hl_gap_eV,7,1.0,0.0,0.7070064413735178,0.7070064413735178,,,,1.0
3,acetone_hl_gap_eV,8,1.0,0.0,0.7070064413735178,0.7070064413735178,,,,1.0
3,acetone_hl_gap_eV,9,1.0,0.0,0.7070064413735178,0.7070064413735178,,,,1.0
3,acetone_hl_gap_eV,10,1.0,0.0,0.7070064413735178,0.7070064413735178,,,,1.0
3,acetone_hl_gap_eV,11,1.0,0.0,0.7070064413735178,0.7070064413735178,,,,1.0
3,acetone_hl_gap_eV,12,1.0,0.0,0.7070064413735178,0.7070064413735178,,,,1.0
3,acetone_hl_gap_eV,13,1.0,0.0,0.7070064413735178,0.7070064413735178,,,,1.0
3,acetone_hl_gap_eV,14,1.0,0.0,0.7070064413735178,0.7070064413735178,,,,1.0
3,acetone_hl_gap_eV,15,1.0,0.0,0.7070064413735178,0.7070064413735178,,,,1.0
3,acetone_hl_gap_eV,16,1.0,0.0,0.7070064413735178,0.7070064413735178,,,,1.0
3,acetone_hl_gap_eV,17,1.0,0.0,0.7070064413735178,0.7070064413735178,,,,1.0
3,acetone_hl_gap_eV,18,1.0,0.0,0.7070064413735178,0.7070064413735178,,,,1.0
3,acetone_hl_gap_eV,19,1.0,0.0,0.7070064413735178,0.7070064413735178,,,,1.0
3,acetone_hl_gap_eV,20,1.0,0.0,0.7070064413735178,0.7070064413735178,,,,1.0
3,acetone_hl_gap_eV,21,1.0,0.0,0.7070064413735178,0.7070064413735178,,,,1.0
3,acetone_hl_gap_eV,22,1.0,0.0,0.7070064413735178,0.7070064413735178,,,,1.0
3,acetone_hl_gap_eV,23,1.0,0.0,0.7070064413735178,0.7070064413735178,,,,1.0
3,acetone_hl_gap_eV,24,1.0,0.0,0.7070064413735178,0.7070064413735178,,,,1.0
3,acetone_hl_gap_eV,25,1.0,0.0,0.7070064413735178,0.7070064413735178,,,,1.0
3,acetone_hl_gap_eV,26,1.0,0.0,0.7070064413735178,0.7070064413735178,,,,1.0
3,acetone_hl_gap_eV,27,1.0,0.0,0.7070064413735178,0.7070064413735178,,,,1.0
3,acetone_hl_gap_eV,28,1.0,0.0,0.7070064413735178,0.7070064413735178,,,,1.0
3,acetone_hl_gap_eV,29,1.0,0.0,0.7070064413735178,0.7070064413735178,,,,1.0
3,acetone_hl_gap_eV,30,1.0,0.0,0.7070064413735178,0.7070064413735178,,,,1.0
3,acetone_hl_gap_eV,31,1.0,0.0,0.7070064413735178,0.7070064413735178,,,,1.0
3,acetone_hl_gap_eV,32,1.0,0.0,0.7070064413735178,0.7070064413735178,,,,1.0
3,acetone_hl_gap_eV,33,1.0,0.0,0.7070064413735178,0.7070064413735178,,,,1.0
3,acetone_hl_gap_eV,34,1.0,0.0,0.7070064413735178,0.7070064413735178,,,,1.0
3,acetone_hl_gap_eV,35,1.0,0.0,0.7070064413735178,0.7070064413735178,,,,1.0
3,acetone_hl_gap_eV,36,1.0,0.0,0.7070064413735178,0.7070064413735178,,,,1.0
3,acetone_hl_gap_eV,37,1.0,0.0,0.7070064413735178,0.7070064413735178,,,,1.0
3,acetone_hl_gap_eV,38,1.0,0.0,0.7070064413735178,0.7070064413735178,,,,1.0
3,acetone_hl_gap_eV,39,1.0,0.0,0.7070064413735178,0.7070064413735178,,,,1.0
3,acetone_hl_gap_eV,40,1.0,0.0,0.7070064413735178,0.7070064413735178,,,,1.0
3,acetone_hl_gap_eV,41,1.0,0.0,0.7070064413735178,0.7070064413735178,,,,1.0
3,acetone_hl_gap_eV,42,1.0,0.0,0.7070064413735178,0.7070064413735178,,,,1.0
3,acetone_hl_gap_eV,43,1.0,0.0,0.7070064413735178,0.7070064413735178,,,,1.0
3,acetone_hl_gap_eV,44,1.0,0.0,0.7070064413735178,0.7070064413735178,,,,1.0
3,acetone_hl_gap_eV,45,1.0,0.0,0.7070064413735178,0.7070064413735178,,,,1.0
3,acetone_hl_gap_eV,46,1.0,0.0,0.7070064413735178,0.7070064413735178,,,,1.0
3,acetone_hl_gap_eV,47,1.0,0.0,0.7070064413735178,0.7070064413735178,,,,1.0
3,acetone_hl_gap_eV,48,1.0,0.0,0.7070064413735178,0.7070064413735178,,,,1.0
3,acetone_hl_gap_eV,49,1.0,0.0,0.7070064413735178,0.7070064413735178,,,,1.0
3,acetone_hl_gap_eV,50,1.0,0.0,0.7070064413735178,0.7070064413735178,,,,1.0
3,acetone_hl_gap_eV,51,1.0,0.0,0.7070064413735178,0.7070064413735178,,,,1.0
3,acetone_hl_gap_eV,52,1.0,0.0,0.7070064413735178,0.7070064413735178,,,,1.0
3,acetone_hl_gap_eV,53,1.0,0.0,0.7070064413735178,0.7070064413735178,,,,1.0
3,acetone_hl_gap_eV,54,1.0,0.0,0.7070064413735178,0.7070064413735178,,,,1.0
3,acetone_hl_gap_eV,55,1.0,0.0,0.7070064413735178,0.7070064413735178,,,,1.0
3,acetone_hl_gap_eV,56,1.0,0.0,0.7070064413735178,0.7070064413735178,,,,1.0
3,acetone_hl_gap_eV,57,1.0,0.0,0.7070064413735178,0.7070064413735178,,,,1.0
3,acetone_hl_gap_eV,58,1.0,0.0,0.7070064413735178,0.7070064413735178,,,,1.0
3,acetone_hl_gap_eV,59,1.0,0.0,0.7070064413735178,0.7070064413735178,,,,1.0
3,acetone_hl_gap_eV,60,1.0,0.0,0.7070064413735178,0.7070064413735178,,,,1.0
3,acetone_hl_gap_eV,61,1.0,0.0,0.7070064413735178,0.7070064413735178,,,,1.0
3,acetone_hl_gap_eV,62,1.0,0.0,0.7070064413735178,0.7070064413735178,,,,1.0
3,acetone_hl_gap_eV,63,1.0,0.0,0.7070064413735178,0.7070064413735178,,,,1.0
3,acetone_hl_gap_eV,64,1.0,0.0,0.7070064413735178,0.7070064413735178,,,,1.0
3,acetone_hl_gap_eV,65,1.0,0.0,0.7070064413735178,0.7070064413735178,,,,1.0
3,acetone_hl_gap_eV,66,1.0,0.0,0.7070064413735178,0.7070064413735178,,,,1.0
3,acetone_hl_gap_eV,67,1.0,0.0,0.7070064413735178,0.7070064413735178,,,,1.0
3,acetone_hl_gap_eV,68,1.0,0.0,0.7070064413735178,0.7070064413735178,,,,1.0
3,acetone_hl_gap_eV,69,1.0,0.0,0.7070064413735178,0.7070064413735178,,,,1.0
3,acetone_hl_gap_eV,70,1.0,0.0,0.7070064413735178,0.7070064413735178,,,,1.0
3,acetone_hl_gap_eV,71,1.0,0.0,0.7070064413735178,0.7070064413735178,,,,1.0
3,acetone_hl_gap_eV,72,1.0,0.0,0.7070064413735178,0.7070064413735178,,,,1.0
3,acetone_hl_gap_eV,73,1.0,0.0,0.7070064413735178,0.7070064413735178,,,,1.0
3,acetone_hl_gap_eV,74,1.0,0.0,0.7070064413735178,0.7070064413735178,,,,1.0
3,acetone_hl_gap_eV,75,1.0,0.0,0.7070064413735178,0.7070064413735178,,,,1.0
3,acetone_hl_gap_eV,76,1.0,0.0,0.7070064413735178,0.7070064413735178,,,,1.0
3,acetone_hl_gap_eV,77,1.0,0.0,0.7070064413735178,0.7070064413735178,,,,1.0
3,acetone_hl_gap_eV,78,1.0,0.0,0.7070064413735178,0.7070064413735178,,,,1.0
3,acetone_hl_gap_eV,79,1.0,0.0,0.7070064413735178,0.7070064413735178,,,,1.0
3,acetone_hl_gap_eV,80,1.0,0.0,0.7070064413735178,0.7070064413735178,,,,1.0
3,acetone_hl_gap_eV,81,1.0,0.0,0.7070064413735178,0.7070064413735178,,,,1.0
3,acetone_hl_gap_eV,82,1.0,0.0,0.7070064413735178,0.7070064413735178,,,,1.0
3,acetone_hl_gap_eV,83,1.0,0.0,0.7070064413735178,0.7070064413735178,,,,1.0
3,acetone_hl_gap_eV,84,1.0,0.0,0.7070064413735178,0.7070064413735178,,,,1.0
3,acetone_hl_gap_eV,85,1.0,0.0,0.7070064413735178,0.7070064413735178,,,,1.0
3,acetone_hl_gap_eV,86,1.0,0.0,0.7070064413735178,0.7070064413735178,,,,1.0
3,acetone_hl_gap_eV,87,1.0,0.0,0.7070064413735178,0.7070064413735178,,,,1.0
3,acetone_hl_gap_eV,88,1.0,0.0,0.7070064413735178,0.7070064413735178,,,,1.0
3,acetone_hl_gap_eV,89,1.0,0.0,0.7070064413735178,0.7070064413735178,,,,1.0
3,acetone_hl_gap_eV,90,1.0,0.0,0.7070064413735178,0.7070064413735178,,,,1.0
3,acetone_hl_gap_eV,91,1.0,0.0,0.7070064413735178,0.7070064413735178,,,,1.0
3,acetone_hl_gap_eV,92,1.0,0.0,0.7070064413735178,0.7070064413735178,,,,1.0
3,acetone_hl_gap_eV,93,1.0,0.0,0.7070064413735178,0.7070064413735178,,,,1.0
3,acetone_hl_gap_eV,94,1.0,0.0,0.7070064413735178,0.7070064413735178,,,,1.0
3,acetone_hl_gap_eV,95,1.0,0.0,0.7070064413735178,0.7070064413735178,,,,1.0
3,acetone_hl_gap_eV,96,1.0,0.0,0.7070064413735178,0.7070064413735178,,,,1.0
3,acetone_hl_gap_eV,97,1.0,0.0,0.7070064413735178,0.7070064413735178,,,,1.0
3,acetone_hl_gap_eV,98,1.0,0.0,0.7070064413735178,0.7070064413735178,,,,1.0
3,acetone_hl_gap_eV,99,1.0,0.0,0.7070064413735178,0.7070064413735178,,,,1.0
3,acetone_hl_gap_eV,100,1.0,0.0,0.7070064413735178,0.7070064413735178,,,,1.0
3,acetone_hl_gap_eV,101,1.0,0.0,0.7070064413735178,0.7070064413735178,,,,1.0
3,acetone_hl_gap_eV,102,1.0,0.0,0.7070064413735178,0.7070064413735178,,,,1.0
3,acetone_hl_gap_eV,103,1.0,0.0,0.7070064413735178,0.7070064413735178,,,,1.0
3,acetone_hl_gap_eV,104,1.0,0.0,0.7070064413735178,0.7070064413735178,,,,1.0
3,acetone_hl_gap_eV,105,1.0,0.0,0.7070064413735178,0.7070064413735178,,,,1.0
3,acetone_hl_gap_eV,106,1.0,0.0,0.7070064413735178,0.7070064413735178,,,,1.0
3,acetone_hl_gap_eV,107,1.0,0.0,0.7070064413735178,0.7070064413735178,,,,1.0
3,acetone_hl_gap_eV,108,1.0,0.0,0.7070064413735178,0.7070064413735178,,,,1.0
3,acetone_hl_gap_eV,109,1.0,0.0,0.7070064413735178,0.7070064413735178,,,,1.0
3,acetone_hl_gap_eV,110,1.0,0.0,0.7070064413735178,0.7070064413735178,,,,1.0
3,acetone_hl_gap_eV,111,1.0,0.0,0.7070064413735178,0.7070064413735178,,,,1.0
3,acetone_hl_gap_eV,112,1.0,0.0,0.7070064413735178,0.7070064413735178,,,,1.0
3,acetone_hl_gap_eV,113,1.0,0.0,0.7070064413735178,0.7070064413735178,,,,1.0
3,acetone_hl_gap_eV,114,1.0,0.0,0.7070064413735178,0.7070064413735178,,,,1.0
3,acetone_hl_gap_eV,115,1.0,0.0,0.7070064413735178,0.7070064413735178,,,,1.0
3,acetone_hl_gap_eV,116,1.0,0.0,0.7070064413735178,0.7070064413735178,,,,1.0
3,acetone_hl_gap_eV,117,1.0,0.0,0.7070064413735178,0.7070064413735178,,,,1.0
3,acetone_hl_gap_eV,118,1.0,0.0,0.7070064413735178,0.7070064413735178,,,,1.0
3,acetone_hl_gap_eV,119,1.0,0.0,0.7070064413735178,0.7070064413735178,,,,1.0
3,acetone_hl_gap_eV,120,1.0,0.0,0.7070064413735178,0.7070064413735178,,,,1.0
3,acetone_hl_gap_eV,121,1.0,0.0,0.7070064413735178,0.7070064413735178,,,,1.0
3,acetone_hl_gap_eV,122,1.0,0.0,0.7070064413735178,0.7070064413735178,,,,1.0
3,acetone_hl_gap_eV,123,1.0,0.0,0.7070064413735178,0.7070064413735178,,,,1.0
3,acetone_hl_gap_eV,124,1.0,0.0,0.7070064413735178,0.7070064413735178,,,,1.0
3,acetone_hl_gap_eV,125,1.0,0.0,0.7070064413735178,0.7070064413735178,,,,1.0
3,acetone_hl_gap_eV,126,1.0,0.0,0.7070064413735178,0.7070064413735178,,,,1.0
3,acetone_hl_gap_eV,127,1.0,0.0,0.7070064413735178,0.7070064413735178,,,,1.0
3,acetone_hl_gap_eV,128,1.0,0.0,0.7070064413735178,0.7070064413735178,,,,1.0
3,acetone_hl_gap_eV,129,1.0,0.0,0.7070064413735178,0.7070064413735178,,,,1.0
3,acetone_hl_gap_eV,130,1.0,0.0,0.7070064413735178,0.7070064413735178,,,,1.0
3,acetone_hl_gap_eV,131,1.0,0.0,0.7070064413735178,0.7070064413735178,,,,1.0
3,acetone_hl_gap_eV,132,1.0,0.0,0.7070064413735178,0.7070064413735178,,,,1.0
3,acetone_hl_gap_eV,133,1.0,0.0,0.7070064413735178,0.7070064413735178,,,,1.0
3,acetone_hl_gap_eV,134,1.0,0.0,0.7070064413735178,0.7070064413735178,,,,1.0
3,acetone_hl_gap_eV,135,1.0,0.0,0.7070064413735178,0.7070064413735178,,,,1.0
3,acetone_hl_gap_eV,136,1.0,0.0,0.7070064413735178,0.7070064413735178,,,,1.0
3,acetone_hl_gap_eV,137,1.0,0.0,0.7070064413735178,0.7070064413735178,,,,1.0
3,acetone_hl_gap_eV,138,1.0,0.0,0.7070064413735178,0.7070064413735178,,,,1.0
3,acetone_hl_gap_eV,139,1.0,0.0,0.7070064413735178,0.7070064413735178,,,,1.0
3,acetone_hl_gap_eV,140,1.0,0.0,0.7070064413735178,0.7070064413735178,,,,1.0
3,acetone_hl_gap_eV,141,1.0,0.0,0.7070064413735178,0.7070064413735178,,,,1.0
3,acetone_hl_gap_eV,142,1.0,0.0,0.7070064413735178,0.7070064413735178,,,,1.0
3,acetone_hl_gap_eV,143,1.0,0.0,0.7070064413735178,0.7070064413735178,,,,1.0
3,acetone_hl_gap_eV,144,1.0,0.0,0.7070064413735178,0.7070064413735178,,,,1.0
3,acetone_hl_gap_eV,145,1.0,0.0,0.7070064413735178,0.7070064413735178,,,,1.0
3,acetone_hl_gap_eV,146,1.0,0.0,0.7070064413735178,0.7070064413735178,,,,1.0
3,acetone_hl_gap_eV,147,1.0,0.0,0.7070064413735178,0.7070064413735178,,,,1.0
3,acetone_hl_gap_eV,148,1.0,0.0,0.7070064413735178,0.7070064413735178,,,,1.0
3,acetone_hl_gap_eV,149,1.0,0.0,0.7070064413735178,0.7070064413735178,,,,1.0
3,acetone_hl_gap_eV,150,1.0,0.0,0.7070064413735178,0.7070064413735178,,,,1.0
3,acetone_hl_gap_eV,151,1.0,0.0,0.7070064413735178,0.7070064413735178,,,,1.0
3,acetone_hl_gap_eV,152,1.0,0.0,0.7070064413735178,0.7070064413735178,,,,1.0
3,acetone_hl_gap_eV,153,1.0,0.0,0.7070064413735178,0.7070064413735178,,,,1.0
3,acetone_hl_gap_eV,154,1.0,0.0,0.7070064413735178,0.7070064413735178,,,,1.0
3,acetone_hl_gap_eV,155,1.0,0.0,0.7070064413735178,0.7070064413735178,,,,1.0
3,acetone_hl_gap_eV,156,1.0,0.0,0.7070064413735178,0.7070064413735178,,,,1.0
3,acetone_hl_gap_eV,157,1.0,0.0,0.7070064413735178,0.7070064413735178,,,,1.0
3,acetone_hl_gap_eV,158,1.0,0.0,0.7070064413735178,0.7070064413735178,,,,1.0
3,acetone_hl_gap_eV,159,1.0,0.0,0.7070064413735178,0.7070064413735178,,,,1.0
3,acetone_hl_gap_eV,160,1.0,0.0,0.7070064413735178,0.7070064413735178,,,,1.0
3,acetone_hl_gap_eV,161,1.0,0.0,0.7070064413735178,0.7070064413735178,,,,1.0
3,acetone_hl_gap_eV,162,1.0,0.0,0.7070064413735178,0.7070064413735178,,,,1.0
3,acetone_hl_gap_eV,163,1.0,0.0,0.7070064413735178,0.7070064413735178,,,,1.0
3,acetone_hl_gap_eV,164,1.0,0.0,0.7070064413735178,0.7070064413735178,,,,1.0
3,acetone_hl_gap_eV,165,1.0,0.0,0.7070064413735178,0.7070064413735178,,,,1.0
3,acetone_hl_gap_eV,166,1.0,0.0,0.7070064413735178,0.7070064413735178,,,,1.0
3,acetone_hl_gap_eV,167,1.0,0.0,0.7070064413735178,0.7070064413735178,,,,1.0
3,acetone_hl_gap_eV,168,1.0,0.0,0.7070064413735178,0.7070064413735178,,,,1.0
3,acetone_hl_gap_eV,169,1.0,0.0,0.7070064413735178,0.7070064413735178,,,,1.0
3,acetone_hl_gap_eV,170,1.0,0.0,0.7070064413735178,0.7070064413735178,,,,1.0
3,acetone_hl_gap_eV,171,1.0,0.0,0.7070064413735178,0.7070064413735178,,,,1.0
3,acetone_hl_gap_eV,172,1.0,0.0,0.7070064413735178,0.7070064413735178,,,,1.0
3,acetone_hl_gap_eV,173,1.0,0.0,0.7070064413735178,0.7070064413735178,,,,1.0
3,acetone_hl_gap_eV,174,1.0,0.0,0.7070064413735178,0.7070064413735178,,,,1.0
3,acetone_hl_gap_eV,175,1.0,0.0,0.7070064413735178,0.7070064413735178,,,,1.0
3,acetone_hl_gap_eV,176,1.0,0.0,0.7070064413735178,0.7070064413735178,,,,1.0
3,acetone_hl_gap_eV,177,1.0,0.0,0.7070064413735178,0.7070064413735178,,,,1.0
3,acetone_hl_gap_eV,178,1.0,0.0,0.7070064413735178,0.7070064413735178,,,,1.0
3,acetone_hl_gap_eV,179,1.0,0.0,0.7070064413735178,0.7070064413735178,,,,1.0
3,acetone_hl_gap_eV,180,1.0,0.0,0.7070064413735178,0.7070064413735178,,,,1.0
3,acetone_hl_gap_eV,181,1.0,0.0,0.7070064413735178,0.7070064413735178,,,,1.0
3,acetone_hl_gap_eV,182,1.0,0.0,0.7070064413735178,0.7070064413735178,,,,1.0
3,acetone_hl_gap_eV,183,1.0,0.0,0.7070064413735178,0.7070064413735178,,,,1.0
3,acetone_hl_gap_eV,184,1.0,0.0,0.7070064413735178,0.7070064413735178,,,,1.0
3,acetone_hl_gap_eV,185,1.0,0.0,0.7070064413735178,0.7070064413735178,,,,1.0
3,acetone_hl_gap_eV,186,1.0,0.0,0.7070064413735178,0.7070064413735178,,,,1.0
3,acetone_hl_gap_eV,187,1.0,0.0,0.7070064413735178,0.7070064413735178,,,,1.0
3,acetone_hl_gap_eV,188,1.0,0.0,0.7070064413735178,0.7070064413735178,,,,1.0
3,acetone_hl_gap_eV,189,1.0,0.0,0.7070064413735178,0.7070064413735178,,,,1.0
3,acetone_hl_gap_eV,190,1.0,0.0,0.7070064413735178,0.7070064413735178,,,,1.0
3,acetone_hl_gap_eV,191,1.0,0.0,0.7070064413735178,0.7070064413735178,,,,1.0
3,acetone_hl_gap_eV,192,1.0,0.0,0.7070064413735178,0.7070064413735178,,,,1.0
3,acetone_hl_gap_eV,193,1.0,0.0,0.7070064413735178,0.7070064413735178,,,,1.0
3,acetone_hl_gap_eV,194,1.0,0.0,0.7070064413735178,0.7070064413735178,,,,1.0
3,acetone_hl_gap_eV,195,1.0,0.0,0.7070064413735178,0.7070064413735178,,,,1.0
3,acetone_hl_gap_eV,196,1.0,0.0,0.7070064413735178,0.7070064413735178,,,,1.0
3,acetone_hl_gap_eV,197,1.0,0.0,0.7070064413735178,0.7070064413735178,,,,1.0
3,acetone_hl_gap_eV,198,1.0,0.0,0.7070064413735178,0.7070064413735178,,,,1.0
3,acetone_hl_gap_eV,199,1.0,0.0,0.7070064413735178,0.7070064413735178,,,,1.0
3,acetone_hl_gap_eV,200,1.0,0.0,0.7070064413735178,0.7070064413735178,,,,1.0
3,acetone_hl_gap_eV,201,1.0,0.0,0.7070064413735178,0.7070064413735178,,,,1.0
3,acetone_hl_gap_eV,202,1.0,0.0,0.7070064413735178,0.7070064413735178,,,,1.0
3,acetone_hl_gap_eV,203,1.0,0.0,0.7070064413735178,0.7070064413735178,,,,1.0
3,acetone_hl_gap_eV,204,1.0,0.0,0.7070064413735178,0.7070064413735178,,,,1.0
3,acetone_hl_gap_eV,205,1.0,0.0,0.7070064413735178,0.7070064413735178,,,,1.0
3,acetone_hl_gap_eV,206,1.0,0.0,0.7070064413735178,0.7070064413735178,,,,1.0
3,acetone_hl_gap_eV,207,1.0,0.0,0.7070064413735178,0.7070064413735178,,,,1.0
3,acetone_hl_gap_eV,208,1.0,0.0,0.7070064413735178,0.7070064413735178,,,,1.0
3,acetone_hl_gap_eV,209,1.0,0.0,0.7070064413735178,0.7070064413735178,,,,1.0
3,acetone_hl_gap_eV,210,1.0,0.0,0.7070064413735178,0.7070064413735178,,,,1.0
3,acetone_hl_gap_eV,211,1.0,0.0,0.7070064413735178,0.7070064413735178,,,,1.0
3,acetone_hl_gap_eV,212,1.0,0.0,0.7070064413735178,0.7070064413735178,,,,1.0
3,acetone_hl_gap_eV,213,1.0,0.0,0.7070064413735178,0.7070064413735178,,,,1.0
3,acetone_hl_gap_eV,214,1.0,0.0,0.7070064413735178,0.7070064413735178,,,,1.0
3,acetone_hl_gap_eV,215,1.0,0.0,0.7070064413735178,0.7070064413735178,,,,1.0
3,acetone_hl_gap_eV,216,1.0,0.0,0.7070064413735178,0.7070064413735178,,,,1.0
3,acetone_hl_gap_eV,217,1.0,0.0,0.7070064413735178,0.7070064413735178,,,,1.0
3,acetone_hl_gap_eV,218,1.0,0.0,0.7070064413735178,0.7070064413735178,,,,1.0
3,acetone_hl_gap_eV,219,1.0,0.0,0.7070064413735178,0.7070064413735178,,,,1.0
3,acetone_hl_gap_eV,220,1.0,0.0,0.7070064413735178,0.7070064413735178,,,,1.0
3,acetone_hl_gap_eV,221,1.0,0.0,0.7070064413735178,0.7070064413735178,,,,1.0
3,acetone_hl_gap_eV,222,1.0,0.0,0.7070064413735178,0.7070064413735178,,,,1.0
3,acetone_hl_gap_eV,223,1.0,0.0,0.7070064413735178,0.7070064413735178,,,,1.0
3,acetone_hl_gap_eV,224,1.0,0.0,0.7070064413735178,0.7070064413735178,,,,1.0
3,acetone_hl_gap_eV,225,1.0,0.0,0.7070064413735178,0.7070064413735178,,,,1.0
3,acetone_hl_gap_eV,226,1.0,0.0,0.7070064413735178,0.7070064413735178,,,,1.0
3,acetone_hl_gap_eV,227,1.0,0.0,0.7070064413735178,0.7070064413735178,,,,1.0
3,acetone_hl_gap_eV,228,1.0,0.0,0.7070064413735178,0.7070064413735178,,,,1.0
3,acetone_hl_gap_eV,229,1.0,0.0,0.7070064413735178,0.7070064413735178,,,,1.0
3,acetone_hl_gap_eV,230,1.0,0.0,0.7070064413735178,0.7070064413735178,,,,1.0
3,acetone_hl_gap_eV,231,1.0,0.0,0.7070064413735178,0.7070064413735178,,,,1.0
3,acetone_hl_gap_eV,232,1.0,0.0,0.7070064413735178,0.7070064413735178,,,,1.0
3,acetone_hl_gap_eV,233,1.0,0.0,0.7070064413735178,0.7070064413735178,,,,1.0
3,acetone_hl_gap_eV,234,1.0,0.0,0.7070064413735178,0.7070064413735178,,,,1.0
3,acetone_hl_gap_eV,235,1.0,0.0,0.7070064413735178,0.7070064413735178,,,,1.0
3,acetone_hl_gap_eV,236,1.0,0.0,0.7070064413735178,0.7070064413735178,,,,1.0
3,acetone_hl_gap_eV,237,1.0,0.0,0.7070064413735178,0.7070064413735178,,,,1.0
3,acetone_hl_gap_eV,238,1.0,0.0,0.7070064413735178,0.7070064413735178,,,,1.0
3,acetone_hl_gap_eV,239,1.0,0.0,0.7070064413735178,0.7070064413735178,,,,1.0
3,acetone_hl_gap_eV,240,1.0,0.0,0.7070064413735178,0.7070064413735178,,,,1.0
3,acetone_hl_gap_eV,241,1.0,0.0,0.7070064413735178,0.7070064413735178,,,,1.0
3,acetone_hl_gap_eV,242,1.0,0.0,0.7070064413735178,0.7070064413735178,,,,1.0
3,acetone_hl_gap_eV,243,1.0,0.0,0.7070064413735178,0.7070064413735178,,,,1.0
3,acetone_hl_gap_eV,244,1.0,0.0,0.7070064413735178,0.7070064413735178,,,,1.0
3,acetone_hl_gap_eV,245,1.0,0.0,0.7070064413735178,0.7070064413735178,,,,1.0
3,acetone_hl_gap_eV,246,1.0,0.0,0.7070064413735178,0.7070064413735178,,,,1.0
3,acetone_hl_gap_eV,247,1.0,0.0,0.7070064413735178,0.7070064413735178,,,,1.0
3,acetone_hl_gap_eV,248,1.0,0.0,0.7070064413735178,0.7070064413735178,,,,1.0
3,acetone_hl_gap_eV,249,1.0,0.0,0.7070064413735178,0.7070064413735178,,,,1.0
3,acetone_dipole,0,1.0,0.0,0.6370861330281481,0.6370861330281481,,,,1.0
3,acetone_dipole,1,1.0,0.0,0.6370861330281481,0.6370861330281481,,,,1.0
3,acetone_dipole,2,1.0,0.0,0.6370861330281481,0.6370861330281481,,,,1.0
3,acetone_dipole,3,1.0,0.0,0.6370861330281481,0.6370861330281481,,,,1.0
3,acetone_dipole,4,1.0,0.0,0.6370861330281481,0.6370861330281481,,,,1.0
3,acetone_dipole,5,1.0,0.0,0.6370861330281481,0.6370861330281481,,,,1.0
3,acetone_dipole,6,1.0,0.0,0.6370861330281481,0.6370861330281481,,,,1.0
3,acetone_dipole,7,1.0,0.0,0.6370861330281481,0.6370861330281481,,,,1.0
3,acetone_dipole,8,1.0,0.0,0.6370861330281481,0.6370861330281481,,,,1.0
3,acetone_dipole,9,1.0,0.0,0.6370861330281481,0.6370861330281481,,,,1.0
3,acetone_dipole,10,1.0,0.0,0.6370861330281481,0.6370861330281481,,,,1.0
3,acetone_dipole,11,1.0,0.0,0.6370861330281481,0.6370861330281481,,,,1.0
3,acetone_dipole,12,1.0,0.0,0.6370861330281481,0.6370861330281481,,,,1.0
3,acetone_dipole,13,1.0,0.0,0.6370861330281481,0.6370861330281481,,,,1.0
3,acetone_dipole,14,1.0,0.0,0.6370861330281481,0.6370861330281481,,,,1.0
3,acetone_dipole,15,1.0,0.0,0.6370861330281481,0.6370861330281481,,,,1.0
3,acetone_dipole,16,1.0,0.0,0.6370861330281481,0.6370861330281481,,,,1.0
3,acetone_dipole,17,1.0,0.0,0.6370861330281481,0.6370861330281481,,,,1.0
3,acetone_dipole,18,1.0,0.0,0.6370861330281481,0.6370861330281481,,,,1.0
3,acetone_dipole,19,1.0,0.0,0.6370861330281481,0.6370861330281481,,,,1.0
3,acetone_dipole,20,1.0,0.0,0.6370861330281481,0.6370861330281481,,,,1.0
3,acetone_dipole,21,1.0,0.0,0.6370861330281481,0.6370861330281481,,,,1.0
3,acetone_dipole,22,1.0,0.0,0.6370861330281481,0.6370861330281481,,,,1.0
3,acetone_dipole,23,1.0,0.0,0.6370861330281481,0.6370861330281481,,,,1.0
3,acetone_dipole,24,1.0,0.0,0.6370861330281481,0.6370861330281481,,,,1.0
3,acetone_dipole,25,1.0,0.0,0.6370861330281481,0.6370861330281481,,,,1.0
3,acetone_dipole,26,1.0,0.0,0.6370861330281481,0.6370861330281481,,,,1.0
3,acetone_dipole,27,1.0,0.0,0.6370861330281481,0.6370861330281481,,,,1.0
3,acetone_dipole,28,1.0,0.0,0.6370861330281481,0.6370861330281481,,,,1.0
3,acetone_dipole,29,1.0,0.0,0.6370861330281481,0.6370861330281481,,,,1.0
3,acetone_dipole,30,1.0,0.0,0.6370861330281481,0.6370861330281481,,,,1.0
3,acetone_dipole,31,1.0,0.0,0.6370861330281481,0.6370861330281481,,,,1.0
3,acetone_dipole,32,1.0,0.0,0.6370861330281481,0.6370861330281481,,,,1.0
3,acetone_dipole,33,1.0,0.0,0.6370861330281481,0.6370861330281481,,,,1.0
3,acetone_dipole,34,1.0,0.0,0.6370861330281481,0.6370861330281481,,,,1.0
3,acetone_dipole,35,1.0,0.0,0.6370861330281481,0.6370861330281481,,,,1.0
3,acetone_dipole,36,1.0,0.0,0.6370861330281481,0.6370861330281481,,,,1.0
3,acetone_dipole,37,1.0,0.0,0.6370861330281481,0.6370861330281481,,,,1.0
3,acetone_dipole,38,1.0,0.0,0.6370861330281481,0.6370861330281481,,,,1.0
3,acetone_dipole,39,1.0,0.0,0.6370861330281481,0.6370861330281481,,,,1.0
3,acetone_dipole,40,1.0,0.0,0.6370861330281481,0.6370861330281481,,,,1.0
3,acetone_dipole,41,1.0,0.0,0.6370861330281481,0.6370861330281481,,,,1.0
3,acetone_dipole,42,1.0,0.0,0.6370861330281481,0.6370861330281481,,,,1.0
3,acetone_dipole,43,1.0,0.0,0.6370861330281481,0.6370861330281481,,,,1.0
3,acetone_dipole,44,1.0,0.0,0.6370861330281481,0.6370861330281481,,,,1.0
3,acetone_dipole,45,1.0,0.0,0.6370861330281481,0.6370861330281481,,,,1.0
3,acetone_dipole,46,1.0,0.0,0.6370861330281481,0.6370861330281481,,,,1.0
3,acetone_dipole,47,1.0,0.0,0.6370861330281481,0.6370861330281481,,,,1.0
3,acetone_dipole,48,1.0,0.0,0.6370861330281481,0.6370861330281481,,,,1.0
3,acetone_dipole,49,1.0,0.0,0.6370861330281481,0.6370861330281481,,,,1.0
3,acetone_dipole,50,1.0,0.0,0.6370861330281481,0.6370861330281481,,,,1.0
3,acetone_dipole,51,1.0,0.0,0.6370861330281481,0.6370861330281481,,,,1.0
3,acetone_dipole,52,1.0,0.0,0.6370861330281481,0.6370861330281481,,,,1.0
3,acetone_dipole,53,1.0,0.0,0.6370861330281481,0.6370861330281481,,,,1.0
3,acetone_dipole,54,1.0,0.0,0.6370861330281481,0.6370861330281481,,,,1.0
3,acetone_dipole,55,1.0,0.0,0.6370861330281481,0.6370861330281481,,,,1.0
3,acetone_dipole,56,1.0,0.0,0.6370861330281481,0.6370861330281481,,,,1.0
3,acetone_dipole,57,1.0,0.0,0.6370861330281481,0.6370861330281481,,,,1.0
3,acetone_dipole,58,1.0,0.0,0.6370861330281481,0.6370861330281481,,,,1.0
3,acetone_dipole,59,1.0,0.0,0.6370861330281481,0.6370861330281481,,,,1.0
3,acetone_dipole,60,1.0,0.0,0.6370861330281481,0.6370861330281481,,,,1.0
3,acetone_dipole,61,1.0,0.0,0.6370861330281481,0.6370861330281481,,,,1.0
3,acetone_dipole,62,1.0,0.0,0.6370861330281481,0.6370861330281481,,,,1.0
3,acetone_dipole,63,1.0,0.0,0.6370861330281481,0.6370861330281481,,,,1.0
3,acetone_dipole,64,1.0,0.0,0.6370861330281481,0.6370861330281481,,,,1.0
3,acetone_dipole,65,1.0,0.0,0.6370861330281481,0.6370861330281481,,,,1.0
3,acetone_dipole,66,1.0,0.0,0.6370861330281481,0.6370861330281481,,,,1.0
3,acetone_dipole,67,1.0,0.0,0.6370861330281481,0.6370861330281481,,,,1.0
3,acetone_dipole,68,1.0,0.0,0.6370861330281481,0.6370861330281481,,,,1.0
3,acetone_dipole,69,1.0,0.0,0.6370861330281481,0.6370861330281481,,,,1.0
3,acetone_dipole,70,1.0,0.0,0.6370861330281481,0.6370861330281481,,,,1.0
3,acetone_dipole,71,1.0,0.0,0.6370861330281481,0.6370861330281481,,,,1.0
3,acetone_dipole,72,1.0,0.0,0.6370861330281481,0.6370861330281481,,,,1.0
3,acetone_dipole,73,1.0,0.0,0.6370861330281481,0.6370861330281481,,,,1.0
3,acetone_dipole,74,1.0,0.0,0.6370861330281481,0.6370861330281481,,,,1.0
3,acetone_dipole,75,1.0,0.0,0.6370861330281481,0.6370861330281481,,,,1.0
3,acetone_dipole,76,1.0,0.0,0.6370861330281481,0.6370861330281481,,,,1.0
3,acetone_dipole,77,1.0,0.0,0.6370861330281481,0.6370861330281481,,,,1.0
3,acetone_dipole,78,1.0,0.0,0.6370861330281481,0.6370861330281481,,,,1.0
3,acetone_dipole,79,1.0,0.0,0.6370861330281481,0.6370861330281481,,,,1.0
3,acetone_dipole,80,1.0,0.0,0.6370861330281481,0.6370861330281481,,,,1.0
3,acetone_dipole,81,1.0,0.0,0.6370861330281481,0.6370861330281481,,,,1.0
3,acetone_dipole,82,1.0,0.0,0.6370861330281481,0.6370861330281481,,,,1.0
3,acetone_dipole,83,1.0,0.0,0.6370861330281481,0.6370861330281481,,,,1.0
3,acetone_dipole,84,1.0,0.0,0.6370861330281481,0.6370861330281481,,,,1.0
3,acetone_dipole,85,1.0,0.0,0.6370861330281481,0.6370861330281481,,,,1.0
3,acetone_dipole,86,1.0,0.0,0.6370861330281481,0.6370861330281481,,,,1.0
3,acetone_dipole,87,1.0,0.0,0.6370861330281481,0.6370861330281481,,,,1.0
3,acetone_dipole,88,1.0,0.0,0.6370861330281481,0.6370861330281481,,,,1.0
3,acetone_dipole,89,1.0,0.0,0.6370861330281481,0.6370861330281481,,,,1.0
3,acetone_dipole,90,1.0,0.0,0.6370861330281481,0.6370861330281481,,,,1.0
3,acetone_dipole,91,1.0,0.0,0.6370861330281481,0.6370861330281481,,,,1.0
3,acetone_dipole,92,1.0,0.0,0.6370861330281481,0.6370861330281481,,,,1.0
3,acetone_dipole,93,1.0,0.0,0.6370861330281481,0.6370861330281481,,,,1.0
3,acetone_dipole,94,1.0,0.0,0.6370861330281481,0.6370861330281481,,,,1.0
3,acetone_dipole,95,1.0,0.0,0.6370861330281481,0.6370861330281481,,,,1.0
3,acetone_dipole,96,1.0,0.0,0.6370861330281481,0.6370861330281481,,,,1.0
3,acetone_dipole,97,1.0,0.0,0.6370861330281481,0.6370861330281481,,,,1.0
3,acetone_dipole,98,1.0,0.0,0.6370861330281481,0.6370861330281481,,,,1.0
3,acetone_dipole,99,1.0,0.0,0.6370861330281481,0.6370861330281481,,,,1.0
3,acetone_dipole,100,1.0,0.0,0.6370861330281481,0.6370861330281481,,,,1.0
3,acetone_dipole,101,1.0,0.0,0.6370861330281481,0.6370861330281481,,,,1.0
3,acetone_dipole,102,1.0,0.0,0.6370861330281481,0.6370861330281481,,,,1.0
3,acetone_dipole,103,1.0,0.0,0.6370861330281481,0.6370861330281481,,,,1.0
3,acetone_dipole,104,1.0,0.0,0.6370861330281481,0.6370861330281481,,,,1.0
3,acetone_dipole,105,1.0,0.0,0.6370861330281481,0.6370861330281481,,,,1.0
3,acetone_dipole,106,1.0,0.0,0.6370861330281481,0.6370861330281481,,,,1.0
3,acetone_dipole,107,1.0,0.0,0.6370861330281481,0.6370861330281481,,,,1.0
3,acetone_dipole,108,1.0,0.0,0.6370861330281481,0.6370861330281481,,,,1.0
3,acetone_dipole,109,1.0,0.0,0.6370861330281481,0.6370861330281481,,,,1.0
3,acetone_dipole,110,1.0,0.0,0.6370861330281481,0.6370861330281481,,,,1.0
3,acetone_dipole,111,1.0,0.0,0.6370861330281481,0.6370861330281481,,,,1.0
3,acetone_dipole,112,1.0,0.0,0.6370861330281481,0.6370861330281481,,,,1.0
3,acetone_dipole,113,1.0,0.0,0.6370861330281481,0.6370861330281481,,,,1.0
3,acetone_dipole,114,1.0,0.0,0.6370861330281481,0.6370861330281481,,,,1.0
3,acetone_dipole,115,1.0,0.0,0.6370861330281481,0.6370861330281481,,,,1.0
3,acetone_dipole,116,1.0,0.0,0.6370861330281481,0.6370861330281481,,,,1.0
3,acetone_dipole,117,1.0,0.0,0.6370861330281481,0.6370861330281481,,,,1.0
3,acetone_dipole,118,1.0,0.0,0.6370861330281481,0.6370861330281481,,,,1.0
3,acetone_dipole,119,1.0,0.0,0.6370861330281481,0.6370861330281481,,,,1.0
3,acetone_dipole,120,1.0,0.0,0.6370861330281481,0.6370861330281481,,,,1.0
3,acetone_dipole,121,1.0,0.0,0.6370861330281481,0.6370861330281481,,,,1.0
3,acetone_dipole,122,1.0,0.0,0.6370861330281481,0.6370861330281481,,,,1.0
3,acetone_dipole,123,1.0,0.0,0.6370861330281481,0.6370861330281481,,,,1.0
3,acetone_dipole,124,1.0,0.0,0.6370861330281481,0.6370861330281481,,,,1.0
3,acetone_dipole,125,1.0,0.0,0.6370861330281481,0.6370861330281481,,,,1.0
3,acetone_dipole,126,1.0,0.0,0.6370861330281481,0.6370861330281481,,,,1.0
3,acetone_dipole,127,1.0,0.0,0.6370861330281481,0.6370861330281481,,,,1.0
3,acetone_dipole,128,1.0,0.0,0.6370861330281481,0.6370861330281481,,,,1.0
3,acetone_dipole,129,1.0,0.0,0.6370861330281481,0.6370861330281481,,,,1.0
3,acetone_dipole,130,1.0,0.0,0.6370861330281481,0.6370861330281481,,,,1.0
3,acetone_dipole,131,1.0,0.0,0.6370861330281481,0.6370861330281481,,,,1.0
3,acetone_dipole,132,1.0,0.0,0.6370861330281481,0.6370861330281481,,,,1.0
3,acetone_dipole,133,1.0,0.0,0.6370861330281481,0.6370861330281481,,,,1.0
3,acetone_dipole,134,1.0,0.0,0.6370861330281481,0.6370861330281481,,,,1.0
3,acetone_dipole,135,1.0,0.0,0.6370861330281481,0.6370861330281481,,,,1.0
3,acetone_dipole,136,1.0,0.0,0.6370861330281481,0.6370861330281481,,,,1.0
3,acetone_dipole,137,1.0,0.0,0.6370861330281481,0.6370861330281481,,,,1.0
3,acetone_dipole,138,1.0,0.0,0.6370861330281481,0.6370861330281481,,,,1.0
3,acetone_dipole,139,1.0,0.0,0.6370861330281481,0.6370861330281481,,,,1.0
3,acetone_dipole,140,1.0,0.0,0.6370861330281481,0.6370861330281481,,,,1.0
3,acetone_dipole,141,1.0,0.0,0.6370861330281481,0.6370861330281481,,,,1.0
3,acetone_dipole,142,1.0,0.0,0.6370861330281481,0.6370861330281481,,,,1.0
3,acetone_dipole,143,1.0,0.0,0.6370861330281481,0.6370861330281481,,,,1.0
3,acetone_dipole,144,1.0,0.0,0.6370861330281481,0.6370861330281481,,,,1.0
3,acetone_dipole,145,1.0,0.0,0.6370861330281481,0.6370861330281481,,,,1.0
3,acetone_dipole,146,1.0,0.0,0.6370861330281481,0.6370861330281481,,,,1.0
3,acetone_dipole,147,1.0,0.0,0.6370861330281481,0.6370861330281481,,,,1.0
3,acetone_dipole,148,1.0,0.0,0.6370861330281481,0.6370861330281481,,,,1.0
3,acetone_dipole,149,1.0,0.0,0.6370861330281481,0.6370861330281481,,,,1.0
3,acetone_dipole,150,1.0,0.0,0.6370861330281481,0.6370861330281481,,,,1.0
3,acetone_dipole,151,1.0,0.0,0.6370861330281481,0.6370861330281481,,,,1.0
3,acetone_dipole,152,1.0,0.0,0.6370861330281481,0.6370861330281481,,,,1.0
3,acetone_dipole,153,1.0,0.0,0.6370861330281481,0.6370861330281481,,,,1.0
3,acetone_dipole,154,1.0,0.0,0.6370861330281481,0.6370861330281481,,,,1.0
3,acetone_dipole,155,1.0,0.0,0.6370861330281481,0.6370861330281481,,,,1.0
3,acetone_dipole,156,1.0,0.0,0.6370861330281481,0.6370861330281481,,,,1.0
3,acetone_dipole,157,1.0,0.0,0.6370861330281481,0.6370861330281481,,,,1.0
3,acetone_dipole,158,1.0,0.0,0.6370861330281481,0.6370861330281481,,,,1.0
3,acetone_dipole,159,1.0,0.0,0.6370861330281481,0.6370861330281481,,,,1.0
3,acetone_dipole,160,1.0,0.0,0.6370861330281481,0.6370861330281481,,,,1.0
3,acetone_dipole,161,1.0,0.0,0.6370861330281481,0.6370861330281481,,,,1.0
3,acetone_dipole,162,1.0,0.0,0.6370861330281481,0.6370861330281481,,,,1.0
3,acetone_dipole,163,1.0,0.0,0.6370861330281481,0.6370861330281481,,,,1.0
3,acetone_dipole,164,1.0,0.0,0.6370861330281481,0.6370861330281481,,,,1.0
3,acetone_dipole,165,1.0,0.0,0.6370861330281481,0.6370861330281481,,,,1.0
3,acetone_dipole,166,1.0,0.0,0.6370861330281481,0.6370861330281481,,,,1.0
3,acetone_dipole,167,1.0,0.0,0.6370861330281481,0.6370861330281481,,,,1.0
3,acetone_dipole,168,1.0,0.0,0.6370861330281481,0.6370861330281481,,,,1.0
3,acetone_dipole,169,1.0,0.0,0.6370861330281481,0.6370861330281481,,,,1.0
3,acetone_dipole,170,1.0,0.0,0.6370861330281481,0.6370861330281481,,,,1.0
3,acetone_dipole,171,1.0,0.0,0.6370861330281481,0.6370861330281481,,,,1.0
3,acetone_dipole,172,1.0,0.0,0.6370861330281481,0.6370861330281481,,,,1.0
3,acetone_dipole,173,1.0,0.0,0.6370861330281481,0.6370861330281481,,,,1.0
3,acetone_dipole,174,1.0,0.0,0.6370861330281481,0.6370861330281481,,,,1.0
3,acetone_dipole,175,1.0,0.0,0.6370861330281481,0.6370861330281481,,,,1.0
3,acetone_dipole,176,1.0,0.0,0.6370861330281481,0.6370861330281481,,,,1.0
3,acetone_dipole,177,1.0,0.0,0.6370861330281481,0.6370861330281481,,,,1.0
3,acetone_dipole,178,1.0,0.0,0.6370861330281481,0.6370861330281481,,,,1.0
3,acetone_dipole,179,1.0,0.0,0.6370861330281481,0.6370861330281481,,,,1.0
3,acetone_dipole,180,1.0,0.0,0.6370861330281481,0.6370861330281481,,,,1.0
3,acetone_dipole,181,1.0,0.0,0.6370861330281481,0.6370861330281481,,,,1.0
3,acetone_dipole,182,1.0,0.0,0.6370861330281481,0.6370861330281481,,,,1.0
3,acetone_dipole,183,1.0,0.0,0.6370861330281481,0.6370861330281481,,,,1.0
3,acetone_dipole,184,1.0,0.0,0.6370861330281481,0.6370861330281481,,,,1.0
3,acetone_dipole,185,1.0,0.0,0.6370861330281481,0.6370861330281481,,,,1.0
3,acetone_dipole,186,1.0,0.0,0.6370861330281481,0.6370861330281481,,,,1.0
3,acetone_dipole,187,1.0,0.0,0.6370861330281481,0.6370861330281481,,,,1.0
3,acetone_dipole,188,1.0,0.0,0.6370861330281481,0.6370861330281481,,,,1.0
3,acetone_dipole,189,1.0,0.0,0.6370861330281481,0.6370861330281481,,,,1.0
3,acetone_dipole,190,1.0,0.0,0.6370861330281481,0.6370861330281481,,,,1.0
3,acetone_dipole,191,1.0,0.0,0.6370861330281481,0.6370861330281481,,,,1.0
3,acetone_dipole,192,1.0,0.0,0.6370861330281481,0.6370861330281481,,,,1.0
3,acetone_dipole,193,1.0,0.0,0.6370861330281481,0.6370861330281481,,,,1.0
3,acetone_dipole,194,1.0,0.0,0.6370861330281481,0.6370861330281481,,,,1.0
3,acetone_dipole,195,1.0,0.0,0.6370861330281481,0.6370861330281481,,,,1.0
3,acetone_dipole,196,1.0,0.0,0.6370861330281481,0.6370861330281481,,,,1.0
3,acetone_dipole,197,1.0,0.0,0.6370861330281481,0.6370861330281481,,,,1.0
3,acetone_dipole,198,1.0,0.0,0.6370861330281481,0.6370861330281481,,,,1.0
3,acetone_dipole,199,1.0,0.0,0.6370861330281481,0.6370861330281481,,,,1.0
3,acetone_dipole,200,1.0,0.0,0.6370861330281481,0.6370861330281481,,,,1.0
3,acetone_dipole,201,1.0,0.0,0.6370861330281481,0.6370861330281481,,,,1.0
3,acetone_dipole,202,1.0,0.0,0.6370861330281481,0.6370861330281481,,,,1.0
3,acetone_dipole,203,1.0,0.0,0.6370861330281481,0.6370861330281481,,,,1.0
3,acetone_dipole,204,1.0,0.0,0.6370861330281481,0.6370861330281481,,,,1.0
3,acetone_dipole,205,1.0,0.0,0.6370861330281481,0.6370861330281481,,,,1.0
3,acetone_dipole,206,1.0,0.0,0.6370861330281481,0.6370861330281481,,,,1.0
3,acetone_dipole,207,1.0,0.0,0.6370861330281481,0.6370861330281481,,,,1.0
3,acetone_dipole,208,1.0,0.0,0.6370861330281481,0.6370861330281481,,,,1.0
3,acetone_dipole,209,1.0,0.0,0.6370861330281481,0.6370861330281481,,,,1.0
3,acetone_dipole,210,1.0,0.0,0.6370861330281481,0.6370861330281481,,,,1.0
3,acetone_dipole,211,1.0,0.0,0.6370861330281481,0.6370861330281481,,,,1.0
3,acetone_dipole,212,1.0,0.0,0.6370861330281481,0.6370861330281481,,,,1.0
3,acetone_dipole,213,1.0,0.0,0.6370861330281481,0.6370861330281481,,,,1.0
3,acetone_dipole,214,1.0,0.0,0.6370861330281481,0.6370861330281481,,,,1.0
3,acetone_dipole,215,1.0,0.0,0.6370861330281481,0.6370861330281481,,,,1.0
3,acetone_dipole,216,1.0,0.0,0.6370861330281481,0.6370861330281481,,,,1.0
3,acetone_dipole,217,1.0,0.0,0.6370861330281481,0.6370861330281481,,,,1.0
3,acetone_dipole,218,1.0,0.0,0.6370861330281481,0.6370861330281481,,,,1.0
3,acetone_dipole,219,1.0,0.0,0.6370861330281481,0.6370861330281481,,,,1.0
3,acetone_dipole,220,1.0,0.0,0.6370861330281481,0.6370861330281481,,,,1.0
3,acetone_dipole,221,1.0,0.0,0.6370861330281481,0.6370861330281481,,,,1.0
3,acetone_dipole,222,1.0,0.0,0.6370861330281481,0.6370861330281481,,,,1.0
3,acetone_dipole,223,1.0,0.0,0.6370861330281481,0.6370861330281481,,,,1.0
3,acetone_dipole,224,1.0,0.0,0.6370861330281481,0.6370861330281481,,,,1.0
3,acetone_dipole,225,1.0,0.0,0.6370861330281481,0.6370861330281481,,,,1.0
3,acetone_dipole,226,1.0,0.0,0.6370861330281481,0.6370861330281481,,,,1.0
3,acetone_dipole,227,1.0,0.0,0.6370861330281481,0.6370861330281481,,,,1.0
3,acetone_dipole,228,1.0,0.0,0.6370861330281481,0.6370861330281481,,,,1.0
3,acetone_dipole,229,1.0,0.0,0.6370861330281481,0.6370861330281481,,,,1.0
3,acetone_dipole,230,1.0,0.0,0.6370861330281481,0.6370861330281481,,,,1.0
3,acetone_dipole,231,1.0,0.0,0.6370861330281481,0.6370861330281481,,,,1.0
3,acetone_dipole,232,1.0,0.0,0.6370861330281481,0.6370861330281481,,,,1.0
3,acetone_dipole,233,1.0,0.0,0.6370861330281481,0.6370861330281481,,,,1.0
3,acetone_dipole,234,1.0,0.0,0.6370861330281481,0.6370861330281481,,,,1.0
3,acetone_dipole,235,1.0,0.0,0.6370861330281481,0.6370861330281481,,,,1.0
3,acetone_dipole,236,1.0,0.0,0.6370861330281481,0.6370861330281481,,,,1.0
3,acetone_dipole,237,1.0,0.0,0.6370861330281481,0.6370861330281481,,,,1.0
3,acetone_dipole,238,1.0,0.0,0.6370861330281481,0.6370861330281481,,,,1.0
3,acetone_dipole,239,1.0,0.0,0.6370861330281481,0.6370861330281481,,,,1.0
3,acetone_dipole,240,1.0,0.0,0.6370861330281481,0.6370861330281481,,,,1.0
3,acetone_dipole,241,1.0,0.0,0.6370861330281481,0.6370861330281481,,,,1.0
3,acetone_dipole,242,1.0,0.0,0.6370861330281481,0.6370861330281481,,,,1.0
3,acetone_dipole,243,1.0,0.0,0.6370861330281481,0.6370861330281481,,,,1.0
3,acetone_dipole,244,1.0,0.0,0.6370861330281481,0.6370861330281481,,,,1.0
3,acetone_dipole,245,1.0,0.0,0.6370861330281481,0.6370861330281481,,,,1.0
3,acetone_dipole,246,1.0,0.0,0.6370861330281481,0.6370861330281481,,,,1.0
3,acetone_dipole,247,1.0,0.0,0.6370861330281481,0.6370861330281481,,,,1.0
3,acetone_dipole,248,1.0,0.0,0.6370861330281481,0.6370861330281481,,,,1.0
3,acetone_dipole,249,1.0,0.0,0.6370861330281481,0.6370861330281481,,,,1.0
3,octanol_gsolv_eV,0,0.6010460257530212,0.00524058798328042,0.6878002222259278,0.933018600265205,0.9733573794364929,0.4562537372112274,0.4687422593696952,0.36
3,octanol_gsolv_eV,1,0.30541113018989563,0.0126442676410079,0.6706242170008001,0.9777842278265916,2.482390880584717,0.0630677342414856,0.025406044928198517,0.36
3,octanol_gsolv_eV,2,0.1661846935749054,0.0044646537862718105,0.6671412107222836,0.9613753670169423,0.7488631010055542,0.03247877210378647,0.0433707737237618,0.14
3,octanol_gsolv_eV,3,0.4055086374282837,0.0069753509014844894,0.680188979001795,0.9231326327861777,1.3489799499511719,0.28521257638931274,0.2114283287899397,0.3
3,octanol_gsolv_eV,4,0.44901764392852783,0.006958699785172939,0.6843635282520111,0.9326181797862017,1.33890962600708,0.5164806842803955,0.3857472336057911,0.26
3,octanol_gsolv_eV,5,0.26735708117485046,0.015704909339547157,0.6694505855469486,0.947926898908626,2.938709259033203,0.0193463321775198,0.00658327533356753,0.36
3,octanol_gsolv_eV,6,0.2807019352912903,0.007574382238090038,0.6740434660709496,0.9212374729583479,1.403243899345398,0.28225451707839966,0.20114430371660202,0.08
3,octanol_gsolv_eV,7,0.37817463278770447,0.007461277302354574,0.6681206552091405,0.9355615349867672,1.3761881589889526,0.10101582854986191,0.073402628768493,0.34
3,octanol_gsolv_eV,8,0.27165988087654114,0.007741156034171581,0.670915412382276,0.9629020592638473,1.484236240386963,0.010241316631436348,0.006900058328158246,0.2
3,octanol_gsolv_eV,9,0.40170198678970337,0.0021057073026895523,0.6616357085879603,0.9649470002653715,0.281916081905365,0.028342636302113533,0.10053572009995418,0.3
3,octanol_gsolv_eV,10,0.10568387061357498,0.015196316875517368,0.6346296990586069,0.9412059732119438,2.5240612030029297,0.032563261687755585,0.012901137915758292,0.08
3,octanol_gsolv_eV,11,0.31499210000038147,0.004586913622915745,0.6697989013558647,0.9363693154275698,0.8236927390098572,0.13598361611366272,0.16509022075042887,0.16
3,octanol_gsolv_eV,12,0.6153233051300049,0.003467329079285264,0.6774766153071783,0.9109122328035963,0.5808825492858887,0.3001594543457031,0.5167300252257636,0.3
3,octanol_gsolv_eV,13,0.530273973941803,0.0053954413160681725,0.6828316359181792,0.9181307919380335,1.00547456741333,0.43870747089385986,0.436318814132189,0.44
3,octanol_gsolv_eV,14,0.2916022837162018,0.004687515553086996,0.6804471170548807,0.9783820886500489,0.8500592112541199,0.1299184411764145,0.1528345784110046,0.28
3,octanol_gsolv_eV,15,0.5684013962745667,0.006787079852074385,0.6835536714677297,0.9037960379400924,1.3155573606491089,0.3489246666431427,0.2652295347053357,0.36
3,octanol_gsolv_eV,16,0.17450915277004242,0.012827021069824696,0.6760272930145634,0.9625009443112227,2.4565372467041016,0.006370068993419409,0.002593109061124977,0.26
3,octanol_gsolv_eV,17,0.5936216711997986,0.002959642093628645,0.6852372242767657,0.9319377838049148,0.5818067789077759,0.32061323523521423,0.5510647982429846,0.28
3,octanol_gsolv_eV,18,0.584465503692627,0.007811125833541155,0.6848613899124281,0.9273636225281829,1.54775071144104,0.54253089427948,0.3505286027453053,0.44
3,octanol_gsolv_eV,19,0.2895025908946991,0.0077661569230258465,0.6607191757189839,0.9216009120101105,1.4223675727844238,0.2605384588241577,0.18317238371381608,0.1
3,octanol_gsolv_eV,20,0.3462958335876465,0.005842624697834253,0.6682986510217803,0.9516000627187766,1.0648175477981567,0.13449138402938843,0.1263046277810611,0.3
3,octanol_gsolv_eV,21,0.27651965618133545,0.008166739717125893,0.6322206938455392,0.911839210205148,1.444937825202942,0.19783155620098114,0.13691354240324885,0.12
3,octanol_gsolv_eV,22,0.07212602347135544,0.008034891448915005,0.6679245661572686,0.9739558071179761,1.523600697517395,0.011556487530469894,0.007584984405231905,0.08
3,octanol_gsolv_eV,23,0.14294390380382538,0.007478286046534777,0.6765537166590523,0.9814989345365166,1.4392039775848389,0.019065532833337784,0.013247276362682163,0.1
3,octanol_gsolv_eV,24,0.1562611311674118,0.0046501364558935165,0.674592421513706,0.9637607029190383,0.8353024125099182,0.02628944255411625,0.031472963755870983,0.1
3,octanol_gsolv_eV,25,0.11215218901634216,0.008106228895485401,0.648282090729057,0.9573009815324465,1.4512723684310913,0.017391448840498924,0.01198358710522414,0.14
3,octanol_gsolv_eV,26,0.6767712235450745,0.0033645927906036377,0.6864879413990881,0.9245178085563988,0.5495564937591553,0.4035392105579376,0.7342997765299628,0.52
3,octanol_gsolv_eV,27,0.831642210483551,0.0024303141981363297,0.7263276812212167,0.9327284683816377,0.36421868205070496,0.5658427476882935,1.5535796914709588,0.66
3,octanol_gsolv_eV,28,0.0803869217634201,0.013901624828577042,0.6784698376604184,0.9552767030267513,2.7765307426452637,0.007826287299394608,0.002818728847186589,0.06
3,octanol_gsolv_eV,29,0.8607994914054871,0.003428221447393298,0.7432091378113803,0.9282232055081641,0.6437976360321045,0.8030253648757935,1.2473257432646874,0.64
3,octanol_gsolv_eV,30,0.3508278429508209,0.005560646764934063,0.6731312980622775,0.9336132726138151,1.0247479677200317,0.3189193904399872,0.31121739245753566,0.14
3,octanol_gsolv_eV,31,0.1401275396347046,0.010323354974389076,0.6518385731240841,0.9617446901658284,1.8918561935424805,0.1191796362400055,0.06299613926618962,0.04
3,octanol_gsolv_eV,32,0.186166912317276,0.003511785063892603,0.6605022044182765,0.9532323928427306,0.5824724435806274,0.034906841814517975,0.05992874375298421,0.16
3,octanol_gsolv_eV,33,0.36686766147613525,0.004688846878707409,0.6611235893825149,0.9080144749133856,0.8615459203720093,0.0969085618853569,0.1124821783655043,0.24
3,octanol_gsolv_eV,34,0.42682945728302,0.01021590270102024,0.6411362660716926,0.9217102209949093,1.5558031797409058,0.34268808364868164,0.22026441911871583,0.4
3,octanol_gsolv_eV,35,0.450431227684021,0.006207871250808239,0.6805728263153816,0.934126591485452,1.109938383102417,0.37530773878097534,0.33813385003583996,0.26
3,octanol_gsolv_eV,36,0.27889153361320496,0.008948295377194881,0.6721236472059642,0.9332738887741161,1.680862545967102,0.06836499273777008,0.040672565940503815,0.24
3,octanol_gsolv_eV,37,0.15600885450839996,0.007904188707470894,0.636982970039992,0.9584427675297347,1.1960344314575195,0.02390207163989544,0.019984434403587978,0.12
3,octanol_gsolv_eV,38,0.18365366756916046,0.004124262370169163,0.6818393395976601,0.9617063053177439,0.7435122132301331,0.021323855966329575,0.028679900056637512,0.14
3,octanol_gsolv_eV,39,0.2233024537563324,0.0049901800230145454,0.6711605136572822,0.9615843701027766,0.8896337151527405,0.06166040152311325,0.06930987492141845,0.2
3,octanol_gsolv_eV,40,0.7258816957473755,0.0019377728458493948,0.6638552199425258,0.9101240037427745,0.288237065076828,0.2728821635246277,0.9467282198834922,0.54
3,octanol_gsolv_eV,41,0.20454873144626617,0.011299127712845802,0.6701154141759489,0.97050779088692,2.0856072902679443,0.025934454053640366,0.012434965189591607,0.22
3,octanol_gsolv_eV,42,0.15711961686611176,0.0058827828615903854,0.6741888011603911,0.953627984604686,1.0780398845672607,0.015474759042263031,0.014354532947985317,0.1
3,octanol_gsolv_eV,43,0.1852249950170517,0.011629813350737095,0.6450842684792892,0.9551016614474774,1.8610751628875732,0.07821706682443619,0.042027892470005115,0.12
3,octanol_gsolv_eV,44,0.35289520025253296,0.007476113270968199,0.659587512497726,0.934346109080604,1.2774935960769653,0.21907314658164978,0.1714866886647401,0.14
3,octanol_gsolv_eV,45,0.7405557036399841,0.0033230348490178585,0.7037333494652456,0.9412606914510391,0.5254537463188171,0.5400822758674622,1.0278398044568688,0.6
3,octanol_gsolv_eV,46,0.23550443351268768,0.002984671387821436,0.6656439226172364,0.9548417913730676,0.4644712805747986,0.0445132851600647,0.09583646400048251,0.18
3,octanol_gsolv_eV,47,0.3481748402118683,0.011116037145256996,0.6644327844337337,0.9018614277871029,2.1278703212738037,0.36643555760383606,0.1722076547336199,0.32
3,octanol_gsolv_eV,48,0.3593009114265442,0.008968755602836609,0.6754561661817271,0.9155259708946759,1.7503533363342285,0.28455132246017456,0.16256793217311852,0.26
3,octanol_gsolv_eV,49,0.25493383407592773,0.006707421503961086,0.6667701628048117,0.9275206804144136,1.247064471244812,0.1874001920223236,0.1502730583249332,0.18
3,octanol_gsolv_eV,50,0.30356571078300476,0.008721503429114819,0.6675702586371104,0.9334003770185624,1.7080624103546143,0.1299208104610443,0.0760632689259119,0.06
3,octanol_gsolv_eV,51,0.21225537359714508,0.004737698007375002,0.6803090096664335,0.9720962969656279,0.8588337898254395,0.062405724078416824,0.07266333115642896,0.08
3,octanol_gsolv_eV,52,0.1612311601638794,0.006919411011040211,0.6723141055514783,0.9470450434141322,1.236603856086731,0.023858098313212395,0.019293242695127964,0.12
3,octanol_gsolv_eV,53,0.2515884041786194,0.013954009860754013,0.6461545187667463,0.9218148217283384,2.5643413066864014,0.2920677065849304,0.11389580077479444,0.06
3,octanol_gsolv_eV,54,0.20232751965522766,0.013294409029185772,0.6763634605594451,0.9608674837886078,2.6442227363586426,0.05425601452589035,0.02051870055417732,0.08
3,octanol_gsolv_eV,55,0.5013630390167236,0.002830944722518325,0.6773193330997447,0.926618690467415,0.47526872158050537,0.20232756435871124,0.4257119292131644,0.38
3,octanol_gsolv_eV,56,0.2895839810371399,0.0035993694327771664,0.6738615176626088,0.9608684342447158,0.6005042195320129,0.025782445445656776,0.04293466158447586,0.2
3,octanol_gsolv_eV,57,0.31026220321655273,0.00801923405379057,0.6762684654700155,0.9262134172778902,1.5512123107910156,0.3471994698047638,0.2238245966651174,0.2
3,octanol_gsolv_eV,58,0.47490203380584717,0.007112381048500538,0.659664011195745,0.9118571178098493,1.3439228534698486,0.4487321376800537,0.3338972445639129,0.2
3,octanol_gsolv_eV,59,0.2836306691169739,0.009946170262992382,0.670576024803198,0.9677045263152049,1.9134491682052612,0.00032075942726805806,0.0001676341512478837,0.28
3,octanol_gsolv_eV,60,0.16683071851730347,0.004926143679767847,0.6709419004819699,0.9578030418802594,0.8902885913848877,0.0235856082290411,0.02649209307776541,0.12
3,octanol_gsolv_eV,61,0.5406790971755981,0.0070049948990345,0.6850579262734005,0.9317100243320569,1.3633391857147217,0.35069265961647034,0.25723067545558886,0.42
3,octanol_gsolv_eV,62,0.7312135100364685,0.005199484061449766,0.6921418120372371,0.9493078040571559,0.9845597147941589,0.9189246296882629,0.9333355975065278,0.28
3,octanol_gsolv_eV,63,0.2495078146457672,0.008247737772762775,0.6755232610426509,0.9501239883590151,1.5310397148132324,0.20824645459651947,0.1360163636394781,0.12
3,octanol_gsolv_eV,64,0.6503183841705322,0.011411196552217007,0.693929882321425,0.960549736393377,2.510471820831299,0.7835893034934998,0.31212830074070613,0.54
3,octanol_gsolv_eV,65,0.5919715166091919,0.004868945572525263,0.6689490538324114,0.9361063120612789,0.9029648900032043,0.21882033348083496,0.24233537306202285,0.36
3,octanol_gsolv_eV,66,0.2898635268211365,0.009704607538878918,0.6700683157480705,0.9253933483433856,1.8895143270492554,0.22559189796447754,0.11939147257844362,0.26
3,octanol_gsolv_eV,67,0.20136389136314392,0.006200101226568222,0.6803583831911526,0.9460467011050908,1.1505177021026611,0.060415565967559814,0.05251163529004868,0.18
3,octanol_gsolv_eV,68,0.25363948941230774,0.010543111711740494,0.6478800744785553,0.9096336748822773,1.8059042692184448,0.22730574011802673,0.12586810053691252,0.12
3,octanol_gsolv_eV,69,0.3893462121486664,0.009038804098963737,0.6379461075146897,0.9189580400964477,1.6663174629211426,0.20173515379428864,0.12106645839301008,0.36
3,octanol_gsolv_eV,70,0.2503335773944855,0.0035206496249884367,0.6656635211788224,0.9562494155897259,0.5949513912200928,0.08105609565973282,0.13623986237515565,0.22
3,octanol_gsolv_eV,71,0.2604154646396637,0.013806101866066456,0.6480745886348775,0.9279589615105237,2.57936954498291,0.12483085691928864,0.04839587920315455,0.28
3,octanol_gsolv_eV,72,0.26543405652046204,0.004899717401713133,0.6729143466908498,0.9783436358609787,0.8689709305763245,0.16360540688037872,0.18827489059026553,0.16
3,octanol_gsolv_eV,73,0.46127378940582275,0.009138909168541431,0.6736400609073829,0.9248929151131713,1.7931649684906006,0.2857975661754608,0.15938163593282292,0.46
3,octanol_gsolv_eV,74,0.5026387572288513,0.0035193359944969416,0.6784704686912457,0.918349567981249,0.6028329730033875,0.2150704264640808,0.35676619577156454,0.34
3,octanol_gsolv_eV,75,0.2507912814617157,0.004639387130737305,0.6648944454999526,0.9434401329651587,0.8166890144348145,0.037768635898828506,0.04624604375873245,0.28
3,octanol_gsolv_eV,76,0.24721865355968475,0.01469594705849886,0.6664251243448636,0.912799734135636,2.955026388168335,0.45686838030815125,0.15460720829343927,0.26
3,octanol_gsolv_eV,77,0.36702361702919006,0.0031427235808223486,0.6725989759138025,0.9380889129234498,0.5454315543174744,0.2113882154226303,0.3875613974830461,0.22
3,octanol_gsolv_eV,78,0.3306668698787689,0.006654171273112297,0.6549516268346962,0.9367713513172848,1.117431402206421,0.29348301887512207,0.26264074760708,0.06
3,octanol_gsolv_eV,79,0.22778452932834625,0.014157863333821297,0.6359405342446138,0.9739966233235071,2.4606895446777344,0.0011360947974026203,0.00046169773828636705,0.26
3,octanol_gsolv_eV,80,0.45056790113449097,0.00923040322959423,0.6845310001386902,0.9539615042566971,1.7813323736190796,0.6592397093772888,0.37008237156658824,0.18
3,octanol_gsolv_eV,81,0.31589463353157043,0.006186277139931917,0.6755510684724313,0.9626226339570141,1.1731141805648804,0.1052582710981369,0.08972551252210823,0.18
3,octanol_gsolv_eV,82,0.39092451333999634,0.004687570035457611,0.6811723405878691,0.9627087188007999,0.8476072549819946,0.131282240152359,0.15488569662508114,0.36
3,octanol_gsolv_eV,83,0.6778076887130737,0.0030535515397787094,0.6864860657795584,0.9139811676705965,0.4768553376197815,0.3764083683490753,0.7893554683227701,0.34
3,octanol_gsolv_eV,84,0.15496113896369934,0.006560159847140312,0.6749454112702391,0.9598209265225488,1.2271974086761475,0.08495336025953293,0.06922550492603899,0.1
3,octanol_gsolv_eV,85,0.2402084320783615,0.003326263278722763,0.6699085247831886,0.9669186468202347,0.5286065936088562,0.049755875021219254,0.09412647443825917,0.24
3,octanol_gsolv_eV,86,0.43896761536598206,0.005411082878708839,0.6798048550825975,0.9462204687618601,1.0215133428573608,0.2889866530895233,0.2829005172670329,0.3
3,octanol_gsolv_eV,87,0.3339897692203522,0.004100317135453224,0.6805467436383268,0.9600611096928267,0.7263534665107727,0.062117621302604675,0.08551982494281025,0.14
3,octanol_gsolv_eV,88,0.14334194362163544,0.006102994084358215,0.6767281466299573,0.9407712290154808,1.1439319849014282,0.034703537821769714,0.03033706398616006,0.08
3,octanol_gsolv_eV,89,0.3185844421386719,0.008466452360153198,0.6711478380828113,0.9487409353136291,1.646192193031311,0.140815868973732,0.08554035766287565,0.28
3,octanol_gsolv_eV,90,0.5202699899673462,0.0032726326026022434,0.6798100758027787,0.8927506852198388,0.5692641139030457,0.24970689415931702,0.43864857815689734,0.3
3,octanol_gsolv_eV,91,0.2580009996891022,0.009266601875424385,0.6722821760350155,0.9691851777552705,1.8010550737380981,0.017729710787534714,0.009844069204800394,0.38
3,octanol_gsolv_eV,92,0.5644567012786865,0.004808339290320873,0.6911717355192799,0.9323323497019278,0.8370840549468994,0.4397019147872925,0.525278091475754,0.36
3,octanol_gsolv_eV,93,0.33080968260765076,0.009597402065992355,0.6464707827268932,0.9420940616369027,1.764327049255371,0.15154895186424255,0.08589617890186704,0.28
3,octanol_gsolv_eV,94,0.24703244864940643,0.01133327279239893,0.6297151775465297,0.9130857754328283,1.9617844820022583,0.4787956178188324,0.24406127289280966,0.08
3,octanol_gsolv_eV,95,0.15277278423309326,0.02060730569064617,0.6714984555223016,0.966177845686121,4.157650470733643,0.007540580816566944,0.0018136639598846228,0.2
3,octanol_gsolv_eV,96,0.7079711556434631,0.0031122316140681505,0.694332666318829,0.903417315115651,0.5056963562965393,0.44239383935928345,0.8748210934307477,0.48
3,octanol_gsolv_eV,97,0.5104637742042542,0.007707490585744381,0.667357067306837,0.893230003773444,1.5747255086898804,0.5042750835418701,0.32023046604573663,0.42
3,octanol_gsolv_eV,98,0.25579899549484253,0.007509755901992321,0.6756278261516175,0.9622920196852436,1.4301047325134277,0.07672157138586044,0.05364751940301692,0.28
3,octanol_gsolv_eV,99,0.18722368776798248,0.0046274359337985516,0.6823195000224855,0.955565803271927,0.8649870753288269,0.024095743894577026,0.027856767553916306,0.1
3,octanol_gsolv_eV,100,0.2540757358074188,0.005424209870398045,0.6788391248742776,0.9696154519684728,1.048071026802063,0.06332537531852722,0.06042088150432838,0.22
3,octanol_gsolv_eV,101,0.279988557100296,0.003722543129697442,0.6784903066943231,0.9541018805787662,0.6402699947357178,0.13622601330280304,0.2127633879813978,0.16
3,octanol_gsolv_eV,102,0.2748008370399475,0.010942269116640091,0.66273046685786,0.9224609917495123,2.012864828109741,0.2747388482093811,0.13649145455404738,0.08
3,octanol_gsolv_eV,103,0.12283038347959518,0.0033721900545060635,0.666950114043162,0.9579129804357052,0.5271687507629395,0.021610448136925697,0.04099341644520887,0.12
3,octanol_gsolv_eV,104,0.36025702953338623,0.013701098971068859,0.6617604868081921,0.919965517421554,2.7115085124969482,0.3825255036354065,0.14107479355952676,0.28
3,octanol_gsolv_eV,105,0.6681739687919617,0.004741258453577757,0.6972007850562778,0.9122483662363372,0.9157178997993469,0.5237705707550049,0.5719780850300885,0.52
3,octanol_gsolv_eV,106,0.6727699041366577,0.0045071919448673725,0.7022114705677043,0.9428344050132029,0.9265351891517639,0.44987890124320984,0.4855497195471557,0.48
3,octanol_gsolv_eV,107,0.41405776143074036,0.005294201895594597,0.6796595092841375,0.9496321957433342,0.9871235489845276,0.20804160833358765,0.21075538978641928,0.34
3,octanol_gsolv_eV,108,0.713517963886261,0.0034615574404597282,0.7143023547319012,0.95493590848885,0.6064630746841431,0.5424227118492126,0.8944035251143958,0.56
3,octanol_gsolv_eV,109,0.4299442768096924,0.009571369737386703,0.6782254092043942,0.916343171003833,1.8862816095352173,0.5569981336593628,0.2952889594235126,0.26
3,octanol_gsolv_eV,110,0.4384051561355591,0.008391691371798515,0.6774718013168839,0.9160451917468755,1.6367099285125732,0.49464547634124756,0.3022193900850695,0.24
3,octanol_gsolv_eV,111,0.3891857862472534,0.010500632226467133,0.67743582219951,0.935477321018549,2.0680603981018066,0.29087135195732117,0.14064935058197567,0.3
3,octanol_gsolv_eV,112,0.7873495817184448,0.0027536547277122736,0.7092848556061724,0.9376706848595531,0.3979397118091583,0.5063450932502747,1.272416595338705,0.52
3,octanol_gsolv_eV,113,0.41761472821235657,0.0053871977142989635,0.6669594320649779,0.9234066619924581,1.0282502174377441,0.20200170576572418,0.19645189696053186,0.38
3,octanol_gsolv_eV,114,0.5539108514785767,0.006844124756753445,0.6755131668167886,0.8930294561783472,1.3109118938446045,0.4160366356372833,0.31736430006531036,0.38
3,octanol_gsolv_eV,115,0.7474857568740845,0.0022043955978006124,0.7006465441121732,0.914306255302042,0.30160975456237793,0.39768582582473755,1.3185443103515058,0.58
3,octanol_gsolv_eV,116,0.3006795346736908,0.004084038082510233,0.6786752814437149,0.9716541883339498,0.698043704032898,0.1309143751859665,0.1875446686641796,0.26
3,octanol_gsolv_eV,117,0.4334852397441864,0.00441065663471818,0.6792871851643194,0.9027709051027744,0.8041530847549438,0.2099735289812088,0.2611113890649263,0.2
3,octanol_gsolv_eV,118,0.3938775658607483,0.006515618413686752,0.6736342812535661,0.9323686337344217,1.2117900848388672,0.20160011947155,0.16636554630528846,0.26
3,octanol_gsolv_eV,119,0.29585233330726624,0.007071631960570812,0.6796777782381385,0.9651008544391624,1.3403544425964355,0.04177869111299515,0.031169882969212647,0.36
3,octanol_gsolv_eV,120,0.1666664332151413,0.01792006380856037,0.6404792844723404,0.9315331070915578,3.222338914871216,0.3518543839454651,0.10919223372862606,0.04
3,octanol_gsolv_eV,121,0.25898313522338867,0.004611060488969088,0.644741383146429,0.9438100451948157,0.7518619894981384,0.05710098519921303,0.07594609914690255,0.18
3,octanol_gsolv_eV,122,0.10031750798225403,0.0020549707114696503,0.6559463061358033,0.9709188438155003,0.19762299954891205,0.06239742413163185,0.3157396875569049,0.14
3,octanol_gsolv_eV,123,0.4769594371318817,0.004851935431361198,0.6721889741115827,0.9223116013200012,0.8929386734962463,0.34953200817108154,0.3914401050662421,0.22
3,octanol_gsolv_eV,124,0.398529589176178,0.009312707930803299,0.6568555486969996,0.922095139508849,1.7344374656677246,0.3170763850212097,0.18281223237941385,0.3
3,octanol_gsolv_eV,125,0.22898387908935547,0.005415278021246195,0.6722691516979482,0.9580129263721877,0.9604018926620483,0.03331897780299187,0.034692744836891255,0.16
3,octanol_gsolv_eV,126,0.18964219093322754,0.004006336908787489,0.654751322226286,0.9625437816169926,0.6318479180335999,0.011936751194298267,0.018891810598105834,0.18
3,octanol_gsolv_eV,127,0.5139245390892029,0.019643552601337433,0.6559250194334307,0.9379414420300349,4.051377296447754,0.912045419216156,0.22511984258188866,0.44
3,octanol_gsolv_eV,128,0.053484149277210236,0.00788785982877016,0.6660634874796025,0.9791432378446641,1.4839143753051758,0.0005797006888315082,0.00039065642767446693,0.08
3,octanol_gsolv_eV,129,0.6573125123977661,0.006301309913396835,0.6862770410713743,0.9245613635816663,1.2379767894744873,0.4831613600254059,0.39028305226183163,0.58
3,octanol_gsolv_eV,130,0.4133167266845703,0.00762769253924489,0.6652035877650293,0.9295069188543499,1.4168516397476196,0.2588126063346863,0.1826674007878397,0.32
3,octanol_gsolv_eV,131,0.5786296129226685,0.004941288847476244,0.6886817013869928,0.9069289061476686,0.9009519219398499,0.5294681191444397,0.5876763301691347,0.32
3,octanol_gsolv_eV,132,0.19536660611629486,0.010100974701344967,0.6735634598245868,0.9754477320842692,1.9515619277954102,0.058363791555166245,0.029906194993820738,0.08
3,octanol_gsolv_eV,133,0.10266407579183578,0.00891365297138691,0.6668096038573252,0.9656602475335128,1.6146607398986816,0.0031736684031784534,0.0019655326501451928,0.1
3,octanol_gsolv_eV,134,0.22858597338199615,0.0031298932153731585,0.6685605271445176,0.9715690974293021,0.48818108439445496,0.06183217093348503,0.12665826864263355,0.2
3,octanol_gsolv_eV,135,0.35488951206207275,0.005934575106948614,0.654151694641536,0.9134593833262037,1.06022047996521,0.30622217059135437,0.2888287638071307,0.12
3,octanol_gsolv_eV,136,0.3675377070903778,0.008449004031717777,0.6545023664523306,0.9366886605503788,1.4965606927871704,0.1335573047399521,0.08924282548889957,0.26
3,octanol_gsolv_eV,137,0.9130820631980896,0.0017359972698614001,0.7416831768524557,0.9299513047242134,0.13765692710876465,0.5412875413894653,3.932148949989175,0.88
3,octanol_gsolv_eV,138,0.16881915926933289,0.009077927097678185,0.6506719968771975,0.9567150312711146,1.4489248991012573,0.033836934715509415,0.023353132199258823,0.12
3,octanol_gsolv_eV,139,0.2600358724594116,0.008596100844442844,0.6608228052918756,0.9690065100140342,1.6371204853057861,0.0032113189809024334,0.0019615654496575514,0.26
3,octanol_gsolv_eV,140,0.46913251280784607,0.007720013149082661,0.6779652707498498,0.9033277114013285,1.512198805809021,0.3285917341709137,0.2172940045373983,0.4
3,octanol_gsolv_eV,141,0.2650761008262634,0.003311462700366974,0.6431237392123885,0.9642523155119727,0.5590259432792664,0.012086146511137486,0.021620010048620845,0.2
3,octanol_gsolv_eV,142,0.9688382744789124,0.003088342258706689,0.7074684451293829,0.9581084726504119,0.8659869432449341,1.5059999227523804,1.7390561537905616,0.36
3,octanol_gsolv_eV,143,0.3315865099430084,0.006502782925963402,0.6776520037662708,0.9364603085414991,1.238198161125183,0.19929254055023193,0.16095367188167164,0.08
3,octanol_gsolv_eV,144,0.33320820331573486,0.013239800930023193,0.6486038264932534,0.9668901961480396,2.4770889282226562,0.08791642636060715,0.03549183291682965,0.48
3,octanol_gsolv_eV,145,0.3470587730407715,0.00545464176684618,0.6736455526793512,0.9265537388276135,1.0365437269210815,0.2516239583492279,0.24275286397868054,0.18
3,octanol_gsolv_eV,146,0.4740515649318695,0.009333050809800625,0.6729937827383679,0.9560995646129917,1.8299673795700073,0.23308488726615906,0.1273710612923208,0.36
3,octanol_gsolv_eV,147,0.14671769738197327,0.002869877964258194,0.6692719988254692,0.9427679423854887,0.46012455224990845,0.05901207774877548,0.1282523991823938,0.16
3,octanol_gsolv_eV,148,0.37069541215896606,0.008358722552657127,0.6723351717223875,0.9147989680574913,1.5862126350402832,0.302405446767807,0.19064622238375195,0.34
3,octanol_gsolv_eV,149,0.253880113363266,0.009284735657274723,0.6445412918060349,0.9640656889193244,1.5368826389312744,0.013891885057091713,0.009039001876390462,0.3
3,octanol_gsolv_eV,150,0.24053585529327393,0.00981593132019043,0.6722523958634556,0.9205468200389348,1.878288745880127,0.28075557947158813,0.14947413175285354,0.08
3,octanol_gsolv_eV,151,0.24324747920036316,0.0027575907297432423,0.6663366255435204,0.9673040264769877,0.421472430229187,0.14015977084636688,0.3325478982579032,0.14
3,octanol_gsolv_eV,152,0.25840672850608826,0.006065506022423506,0.6775178909348283,0.9698441083058638,1.1305917501449585,0.08404234796762466,0.07433483214153049,0.26
3,octanol_gsolv_eV,153,0.2375921607017517,0.010792183689773083,0.6426218296031101,0.91398521110639,1.943901538848877,0.20877566933631897,0.10740033132539725,0.06
3,octanol_gsolv_eV,154,0.6026125550270081,0.003615104127675295,0.6963878428436263,0.951079240489749,0.6503140330314636,0.3419230878353119,0.5257815001183727,0.44
3,octanol_gsolv_eV,155,0.2608388364315033,0.008718698285520077,0.6769509063258019,0.9731610766509831,1.6980456113815308,0.030038611963391304,0.017690109006525376,0.36
3,octanol_gsolv_eV,156,0.3103957772254944,0.006879622582346201,0.6735693179871078,0.9057386222097472,1.30418062210083,0.2785845398902893,0.2136088630434743,0.14
3,octanol_gsolv_eV,157,0.5135024189949036,0.0035169562324881554,0.6681606922949772,0.9314177596284468,0.5876128673553467,0.24522165954113007,0.4173183964551228,0.26
3,octanol_gsolv_eV,158,0.37747856974601746,0.012502256780862808,0.6513817413355869,0.9427035000415336,2.233609437942505,0.43717342615127563,0.195725098007277,0.28
3,octanol_gsolv_eV,159,0.3774817883968353,0.004555237013846636,0.6805329714338149,0.9682509591264596,0.8266621828079224,0.05906074866652489,0.0714448415505271,0.38
3,octanol_gsolv_eV,160,0.5213772058486938,0.0023382569197565317,0.6697514122212929,0.9293039924934334,0.3736359775066376,0.15615896880626678,0.41794414405259633,0.3
3,octanol_gsolv_eV,161,0.6449390053749084,0.004703538492321968,0.6895362755235617,0.9260335226026433,0.8722801208496094,0.3976822793483734,0.45591120311331523,0.44
3,octanol_gsolv_eV,162,0.21990837156772614,0.00866704247891903,0.6557436210356096,0.9608317517888849,1.560646414756775,0.005199657287448645,0.00333173308078179,0.1
3,octanol_gsolv_eV,163,0.173823282122612,0.010494082234799862,0.6472450393528557,0.9217207702250054,1.9489778280258179,0.17211827635765076,0.08831207512093397,0.06
3,octanol_gsolv_eV,164,0.43149587512016296,0.00508289597928524,0.6747998258463546,0.9262007603702134,0.9445526599884033,0.3383910059928894,0.35825530997609384,0.26
3,octanol_gsolv_eV,165,0.44969701766967773,0.006076020188629627,0.6804554784401755,0.9501661145760449,1.1575851440429688,0.24845077097415924,0.2146285068123999,0.38
3,octanol_gsolv_eV,166,0.14669203758239746,0.008081638254225254,0.6582171094299178,0.9545846452491109,1.4254236221313477,0.025645174086093903,0.017991264974091183,0.1
3,octanol_gsolv_eV,167,0.30774396657943726,0.008361716754734516,0.6807306393419217,0.9615551948537135,1.6330077648162842,0.36203399300575256,0.22169765558125312,0.16
3,octanol_gsolv_eV,168,0.26819273829460144,0.003053953405469656,0.6684373037095432,0.9580731790899366,0.5408125519752502,0.05346435308456421,0.09885930511282022,0.12
3,octanol_gsolv_eV,169,0.25326380133628845,0.007690902799367905,0.6764442652583693,0.9750284788451895,1.4702671766281128,0.08135442435741425,0.05533308887707823,0.32
3,octanol_gsolv_eV,170,0.45078542828559875,0.006581276189535856,0.6794937460776802,0.9475925707742372,1.2547895908355713,0.2298360913991928,0.18316703698995757,0.36
3,octanol_gsolv_eV,171,0.18806986510753632,0.00775924464687705,0.65990892788853,0.947521280065684,1.4137979745864868,0.021617580205202103,0.015290430877526824,0.18
3,octanol_gsolv_eV,172,0.42958688735961914,0.0059135728515684605,0.6707035586499224,0.9247237473395948,1.0546499490737915,0.18313969671726227,0.1736497468928891,0.4
3,octanol_gsolv_eV,173,0.4024691581726074,0.007410048972815275,0.6633263842333099,0.9108403813868011,1.3104444742202759,0.31305259466171265,0.2388903923975728,0.12
3,octanol_gsolv_eV,174,0.4064607322216034,0.007313368376344442,0.647804387704064,0.9343444970094674,1.2528187036514282,0.15289483964443207,0.12204067451963266,0.34
3,octanol_gsolv_eV,175,0.1494872123003006,0.008612214587628841,0.6764580780615626,0.9513731223148192,1.6536884307861328,0.11853259801864624,0.07167770893958425,0.1
3,octanol_gsolv_eV,176,0.1973884403705597,0.008135233074426651,0.6580275430061286,0.9222788912246631,1.4563730955123901,0.1932881474494934,0.1327188397293824,0.1
3,octanol_gsolv_eV,177,0.15619178116321564,0.00862300768494606,0.6683461370713957,0.9468582543182096,1.556189775466919,0.0493142232298851,0.03168908060399566,0.06
3,octanol_gsolv_eV,178,0.3877065181732178,0.023211752995848656,0.688481171933983,0.9558866135718793,5.128426551818848,0.317417711019516,0.06189378122358809,0.34
3,octanol_gsolv_eV,179,0.34082257747650146,0.008864826522767544,0.6788634061215764,0.977586132312624,1.7447298765182495,0.08502855151891708,0.04873450765261066,0.32
3,octanol_gsolv_eV,180,0.19109846651554108,0.012137345969676971,0.6677879507689377,0.970940571236893,2.3384416103363037,0.0859476625919342,0.036754247876889946,0.06
3,octanol_gsolv_eV,181,0.37020713090896606,0.006335132755339146,0.6456953724216055,0.9144833076465204,1.101511001586914,0.44540709257125854,0.4043600943881394,0.16
3,octanol_gsolv_eV,182,0.3673088550567627,0.00713470671325922,0.6665538600594396,0.932380654641922,1.32587730884552,0.08451491594314575,0.06374263695389383,0.32
3,octanol_gsolv_eV,183,0.5160313844680786,0.007379554212093353,0.6902802767527261,0.936759683245515,1.4066355228424072,0.6312680244445801,0.4487786737881952,0.26
3,octanol_gsolv_eV,184,0.23460076749324799,0.00995376706123352,0.6390719930579911,0.9818029577983767,1.7763842344284058,0.0011152115184813738,0.0006277985904554145,0.3
3,octanol_gsolv_eV,185,0.2583600878715515,0.009027602151036263,0.638859855544772,0.9511410222297387,1.533834457397461,0.32071125507354736,0.20909117899053808,0.06
3,octanol_gsolv_eV,186,0.1901092827320099,0.00861931499093771,0.6698782557983083,0.9530304992131389,1.6213752031326294,0.1293061077594757,0.07975088524213626,0.04
3,octanol_gsolv_eV,187,0.1889621615409851,0.011208973824977875,0.6682164233598709,0.9573879336866808,2.162041425704956,0.10505769401788712,0.04859189688450672,0.06
3,octanol_gsolv_eV,188,0.4848989248275757,0.006126485299319029,0.6753622251056861,0.9239764181698733,1.1623727083206177,0.2979086637496948,0.25629358089464244,0.4
3,octanol_gsolv_eV,189,0.36846908926963806,0.002029628725722432,0.640322641358015,0.9450049979840445,0.17628461122512817,0.055649884045124054,0.31568203065697625,0.24
3,octanol_gsolv_eV,190,0.45413997769355774,0.010236882604658604,0.6470357594066591,0.949114036163007,1.6491779088974,0.2197493016719818,0.1332477839330875,0.36
3,octanol_gsolv_eV,191,0.5627719163894653,0.02165447548031807,0.6308675170961195,0.9262452583898679,4.031857967376709,0.8478429317474365,0.21028591250179324,0.42
3,octanol_gsolv_eV,192,0.7020789980888367,0.0035864950623363256,0.70603091593588,0.9226773561567447,0.609870195388794,0.623692512512207,1.022664359117601,0.48
3,octanol_gsolv_eV,193,0.27076855301856995,0.010868054814636707,0.669239542469813,0.9461696679708431,2.087650775909424,0.22666393220424652,0.10857368235140144,0.1
3,octanol_gsolv_eV,194,0.1873416006565094,0.0071983677335083485,0.6786364912319589,0.9447277165581451,1.3596192598342896,0.10681597888469696,0.07856315517162922,0.12
3,octanol_gsolv_eV,195,0.47075706720352173,0.004918992985039949,0.6640700163895581,0.9168398532133704,0.8839614391326904,0.24979494512081146,0.2825857939752449,0.3
3,octanol_gsolv_eV,196,0.19717448949813843,0.006547547411173582,0.6681551342429681,0.9646549292617741,1.2433180809020996,0.008959470316767693,0.007206096697529787,0.16
3,octanol_gsolv_eV,197,0.13627901673316956,0.005208819173276424,0.6694153311904347,0.9573886714431217,0.9360722899436951,0.066292904317379,0.07082028282384743,0.1
3,octanol_gsolv_eV,198,0.1256314069032669,0.0057729980908334255,0.6793114589751208,0.957047742284773,1.0666792392730713,0.0079256696626544,0.007430227729992801,0.14
3,octanol_gsolv_eV,199,0.15554067492485046,0.007566812448203564,0.6747692403406031,0.9697801107056783,1.3764214515686035,0.018855281174182892,0.013698770207842194,0.12
3,octanol_gsolv_eV,200,0.11128652840852737,0.006335393059998751,0.6457906612572737,0.9689164103570678,1.078761339187622,0.003946399781852961,0.003658269571307457,0.08
3,octanol_gsolv_eV,201,0.2566663324832916,0.006571077276021242,0.6731404640771395,0.9572253587094441,1.2227392196655273,0.03408494219183922,0.02787588853260382,0.26
3,octanol_gsolv_eV,202,0.16999557614326477,0.004057860933244228,0.6774586026569269,0.9588626082356626,0.710591733455658,0.06030235439538956,0.0848621670591845,0.18
3,octanol_gsolv_eV,203,0.28011471033096313,0.008448249660432339,0.6689928386598274,0.9203244389190075,1.5996274948120117,0.27777671813964844,0.17365087749525884,0.16
3,octanol_gsolv_eV,204,0.20639988780021667,0.008591054007411003,0.6496377215196769,0.9342759387551689,1.5222625732421875,0.22367002069950104,0.14693261506332508,0.12
3,octanol_gsolv_eV,205,0.18717196583747864,0.007815636694431305,0.663293242117422,0.9558347243867005,1.396971344947815,0.05916770175099373,0.042354270160927306,0.1
3,octanol_gsolv_eV,206,0.3846668601036072,0.004113794770091772,0.6738287474798705,0.950730143737134,0.7036653757095337,0.11831119656562805,0.168135594914458,0.36
3,octanol_gsolv_eV,207,0.31085866689682007,0.012084674090147018,0.6690069951479876,0.9035090486862314,2.3209526538848877,0.3336750864982605,0.14376643398552058,0.28
3,octanol_gsolv_eV,208,0.22255469858646393,0.009147725999355316,0.6730930094574514,0.948837759228897,1.74019455909729,0.036760520190000534,0.021124373707425977,0.06
3,octanol_gsolv_eV,209,0.4843331277370453,0.00508688623085618,0.6721364543383779,0.922040882020712,0.9304603338241577,0.3035227358341217,0.3262070663309788,0.44
3,octanol_gsolv_eV,210,0.533970296382904,0.005235007498413324,0.6828241162844544,0.9408033867078649,1.0136783123016357,0.18617475032806396,0.18366255652184138,0.48
3,octanol_gsolv_eV,211,0.23707930743694305,0.009222428314387798,0.6747730281450339,0.9613814470136874,1.7918589115142822,0.1750049740076065,0.09766671521013423,0.12
3,octanol_gsolv_eV,212,0.23215152323246002,0.01110339630395174,0.674422891639118,0.9546281459559349,2.193786859512329,0.028257619589567184,0.012880749771583896,0.22
3,octanol_gsolv_eV,213,0.17182756960391998,0.005659908056259155,0.6762771988686898,0.9684301298438378,1.0542691946029663,0.03085489757359028,0.029266621591091935,0.08
3,octanol_gsolv_eV,214,0.42609459161758423,0.005590793676674366,0.6788173368471286,0.9060428585777915,1.0530728101730347,0.27322033047676086,0.2594505601487013,0.16
3,octanol_gsolv_eV,215,0.40167680382728577,0.007643779739737511,0.6561607260100084,0.9247274526766702,1.3832114934921265,0.19323164224624634,0.13969782868012748,0.38
3,octanol_gsolv_eV,216,0.32110828161239624,0.009329074062407017,0.6596455823429139,0.9300737932200025,1.773604154586792,0.31054797768592834,0.17509429986550676,0.36
3,octanol_gsolv_eV,217,0.23343367874622345,0.01014874316751957,0.6678208752618615,0.947707179057842,1.9094306230545044,0.021377967670559883,0.011195990790365392,0.14
3,octanol_gsolv_eV,218,0.5753933787345886,0.009723340161144733,0.6632183801538101,0.930639129443469,1.7719839811325073,0.30108678340911865,0.16991507068629852,0.44
3,octanol_gsolv_eV,219,0.32418709993362427,0.010063626803457737,0.6651914711906186,0.9269654565486474,1.9745553731918335,0.2943759262561798,0.14908466495944672,0.26
3,octanol_gsolv_eV,220,0.30888766050338745,0.008018414489924908,0.6723097753139862,0.9372479481970348,1.5300663709640503,0.405360609292984,0.2649300821098225,0.14
3,octanol_gsolv_eV,221,0.1696823239326477,0.007191281765699387,0.6724960088057428,0.9615699178777735,1.344934105873108,0.09261494129896164,0.06886206610013627,0.08
3,octanol_gsolv_eV,222,0.13578210771083832,0.004789190832525492,0.6680791079661674,0.9631587880664023,0.8399284482002258,0.01625455543398857,0.019352309674494726,0.12
3,octanol_gsolv_eV,223,0.37292784452438354,0.005150767974555492,0.6826385280488589,0.9692527391541361,0.9795284271240234,0.05634474381804466,0.05752231610416606,0.5
3,octanol_gsolv_eV,224,0.143245667219162,0.004460633732378483,0.6746417155476969,0.9676147700475717,0.8033392429351807,0.04830966517329216,0.06013607028181759,0.22
3,octanol_gsolv_eV,225,0.23201100528240204,0.009845815598964691,0.6693139043473244,0.9703429568945934,1.8939974308013916,0.03475184366106987,0.01834841119418288,0.24
3,octanol_gsolv_eV,226,0.23941664397716522,0.0036128531210124493,0.6778794763655736,0.9602174954756026,0.5960474610328674,0.06784064322710037,0.11381751901021768,0.3
3,octanol_gsolv_eV,227,0.24964763224124908,0.009878946468234062,0.6586834151895644,0.932908721509089,1.8579602241516113,0.2725908160209656,0.14671509781402184,0.16
3,octanol_gsolv_eV,228,0.7873502373695374,0.004278325010091066,0.7135052884646009,0.9258226802127518,0.8075852990150452,0.5915838479995728,0.7325341963518724,0.52
3,octanol_gsolv_eV,229,0.30751270055770874,0.002879371866583824,0.6691977801430973,0.9663995981826077,0.44059666991233826,0.0332971028983593,0.07557275207046875,0.22
3,octanol_gsolv_eV,230,0.26176363229751587,0.006006054580211639,0.635895151889825,0.9387262069866602,1.0520031452178955,0.13109244406223297,0.12461221685328758,0.1
3,octanol_gsolv_eV,231,0.5433464646339417,0.004306415561586618,0.6823066044914468,0.9303567165047588,0.797554612159729,0.33199864625930786,0.416270737072507,0.4
3,octanol_gsolv_eV,232,0.20427478849887848,0.012211969122290611,0.6620458963250779,0.9497294479740936,2.3051369190216064,0.010775304399430752,0.004674474783044223,0.26
3,octanol_gsolv_eV,233,0.3139705955982208,0.005087770521640778,0.6753957493846217,0.969649796342591,0.9234718084335327,0.15494491159915924,0.16778521031626215,0.2
3,octanol_gsolv_eV,234,0.33200615644454956,0.005604282952845097,0.6674908522075649,0.9297956540287997,1.0196195840835571,0.06206652149558067,0.06087223359030182,0.24
3,octanol_gsolv_eV,235,0.32858362793922424,0.009488767012953758,0.671912855064785,0.9313856900971234,1.8438752889633179,0.12590837478637695,0.06828464785010836,0.28
3,octanol_gsolv_eV,236,0.4941403269767761,0.006078256294131279,0.6870544243777454,0.9745532183830816,1.1287171840667725,0.5970082879066467,0.5289263744134943,0.18
3,octanol_gsolv_eV,237,0.3241434693336487,0.006325069814920425,0.6772109239169373,0.9651750540730746,1.171887993812561,0.13386857509613037,0.11423325079098143,0.24
3,octanol_gsolv_eV,238,0.5320825576782227,0.011998019181191921,0.6653894038723949,0.924462332658897,2.3437631130218506,0.3787347972393036,0.16159260939600456,0.38
3,octanol_gsolv_eV,239,0.35800689458847046,0.003582223318517208,0.6648462977559348,0.9360052735686404,0.5242179036140442,0.18746156990528107,0.35760237987464805,0.24
3,octanol_gsolv_eV,240,0.18493112921714783,0.007363107521086931,0.6582388344839067,0.9322167707865194,1.4176474809646606,0.08360891789197922,0.058977227424046354,0.06
3,octanol_gsolv_eV,241,0.20155026018619537,0.008246546611189842,0.6754490496704382,0.9740127496008693,1.5886874198913574,0.04054901748895645,0.025523597015534624,0.32
3,octanol_gsolv_eV,242,0.19496536254882812,0.006996629294008017,0.6754521748124547,0.9607243712005624,1.3164705038070679,0.04400753602385521,0.033428425396992124,0.16
3,octanol_gsolv_eV,243,0.4105931520462036,0.008683663792908192,0.6417680816712734,0.9140542247463825,1.4240970611572266,0.231889009475708,0.16283230673004417,0.36
3,octanol_gsolv_eV,244,0.3245435953140259,0.0069592841900885105,0.6666825359665787,0.9396947342492554,1.256116509437561,0.2123853862285614,0.16908096074914192,0.16
3,octanol_gsolv_eV,245,0.5446097254753113,0.004977413918823004,0.6906374007784264,0.9401868975850609,0.8984045386314392,0.3080928325653076,0.3429332993293118,0.4
3,octanol_gsolv_eV,246,0.838719367980957,0.0030720471404492855,0.7331374561318196,0.9356538286419496,0.5055342316627502,0.6462286710739136,1.27830843214792,0.68
3,octanol_gsolv_eV,247,0.4140391945838928,0.005008187610656023,0.6791400579594489,0.9174099798385049,0.9384615421295166,0.2799270451068878,0.29828291575133636,0.24
3,octanol_gsolv_eV,248,0.3259274363517761,0.0084068663418293,0.6690799183733089,0.9387529279823095,1.5221658945083618,0.2437102049589157,0.16010751905437395,0.18
3,octanol_gsolv_eV,249,0.3966078460216522,0.005593390204012394,0.6773332594663903,0.9490953740989494,1.0390903949737549,0.12439079582691193,0.11971123631650331,0.34
3,octanol_hl_gap_eV,0,0.17011632025241852,0.0011190646328032017,0.6452333152471512,0.9695403011731272,0.31757521629333496,0.0003250178706366569,0.0010234358790027474,0.04
3,octanol_hl_gap_eV,1,0.15952728688716888,0.0017891207244247198,0.6602266996188417,0.9790864841712834,0.39509809017181396,0.0006715434137731791,0.0016996878255755399,0.14
3,octanol_hl_gap_eV,2,0.07869330048561096,0.0022582823876291513,0.6678421396961156,0.9790010113400971,0.4839728772640228,0.0013466570526361465,0.0027825052103105804,0.1
3,octanol_hl_gap_eV,3,0.22512874007225037,0.0014473770279437304,0.6335932195154081,0.9375340089734037,0.02053253725171089,0.14164245128631592,6.8984387827916125,0.18
3,octanol_hl_gap_eV,4,0.04217410460114479,0.0008263205527327955,0.6766161142921694,0.9664415183193338,0.3041531443595886,0.00044125397107563913,0.001450762483500619,0.02
3,octanol_hl_gap_eV,5,0.054136406630277634,0.0009850733913481236,0.67088238342582,0.9536730721558142,0.3149958848953247,0.0005485315923579037,0.0017413928837203207,0.02
3,octanol_hl_gap_eV,6,0.2022542953491211,0.0010317785199731588,0.6462835187827003,0.93088941531254,0.31292518973350525,0.025635572150349617,0.08192236672343794,0.16
3,octanol_hl_gap_eV,7,0.17184557020664215,0.0006888591451570392,0.6746074042462022,0.9591039016186831,0.31491819024086,0.0006073560798540711,0.0019286154267225556,0.26
3,octanol_hl_gap_eV,8,0.12764815986156464,0.0008598979911766946,0.672200387047539,0.964896104446882,0.3040793836116791,0.0007325784536078572,0.002409168437881957,0.18
3,octanol_hl_gap_eV,9,0.15229958295822144,0.0015407918253913522,0.6593043767883338,0.9426630798731253,0.4026786684989929,0.025353005155920982,0.06296088454455687,0.12
3,octanol_hl_gap_eV,10,0.18599754571914673,0.0007504678214900196,0.6642255931642222,0.9563786202177214,0.27946457266807556,0.002157841343432665,0.0077213412878474824,0.16
3,octanol_hl_gap_eV,11,-0.031219065189361572,0.0016995352925732732,0.65539434741011,0.9668701189278139,0.06330962479114532,0.03440903127193451,0.5435039519733035,0.24
3,octanol_hl_gap_eV,12,0.16242119669914246,0.001719607855193317,0.6760651639203834,0.9726525931330363,0.32050028443336487,0.0007874240982346237,0.0024568592805674617,0.06
3,octanol_hl_gap_eV,13,0.2527541518211365,0.0009159923065453768,0.624035052453948,0.9550908245152432,0.2603904902935028,0.01773359812796116,0.0681038624258992,0.1
3,octanol_hl_gap_eV,14,0.07003305852413177,0.0015890937065705657,0.6726755698456428,0.9767818129999775,0.46583396196365356,0.0004715911636594683,0.0010123589136170881,0.28
3,octanol_hl_gap_eV,15,0.1321249008178711,0.0006341198459267616,0.6931858065992709,0.9678321885024277,0.2796002924442291,0.0006078156875446439,0.0021738735758507215,0.22
3,octanol_hl_gap_eV,16,0.01981927640736103,0.0006858780398033559,0.6710721242698123,0.9543142441274941,0.2855291962623596,0.0006656870245933533,0.0023314149071525566,0.08
3,octanol_hl_gap_eV,17,-0.03818953037261963,0.0019998864736407995,0.6264266374729794,0.9591600279517751,0.3064526915550232,0.02056199125945568,0.06709678794178188,0.04
3,octanol_hl_gap_eV,18,0.0434323325753212,0.002644153544679284,0.6274165107954237,0.9743954701431499,0.5177090764045715,0.00044329476077109575,0.0008562622928107144,0.12
3,octanol_hl_gap_eV,19,0.11072447896003723,0.001002958626486361,0.6739213711198782,0.9719218300174781,0.3054823875427246,0.0017675653798505664,0.005786144969170622,0.02
3,octanol_hl_gap_eV,20,0.14220383763313293,0.0012152272975072265,0.6127225572821833,0.9841310862127959,0.3133944869041443,0.0003282776742707938,0.0010474902654276804,0.1
3,octanol_hl_gap_eV,21,0.03872966393828392,0.0017627994529902935,0.6361766334390939,0.9437699842197422,0.2702459692955017,0.0059828185476362705,0.022138419171367288,0.04
3,octanol_hl_gap_eV,22,0.22024469077587128,0.0011590865906327963,0.6195676322304047,0.9121224649132298,0.24096421897411346,0.04270473122596741,0.17722436720181733,0.1
3,octanol_hl_gap_eV,23,0.048708684742450714,0.0008159647695720196,0.6411421385977414,0.9813222738415093,0.2426765114068985,0.00041004238300956786,0.0016896665467637496,0.1
3,octanol_hl_gap_eV,24,0.09001819044351578,0.001153938821516931,0.6373847429981851,0.9789559309914659,0.3213942348957062,0.0032052691094577312,0.009973013705419623,0.12
3,octanol_hl_gap_eV,25,0.04758814722299576,0.0007524429238401353,0.6497741676573476,0.971044385963767,0.2335205227136612,0.0009109059465117753,0.00390075328680517,0.18
3,octanol_hl_gap_eV,26,0.29517731070518494,0.0010135170305147767,0.6236685783542824,0.9060230200010209,0.2756185829639435,0.04126468300819397,0.14971662129760036,0.14
3,octanol_hl_gap_eV,27,0.1302049160003662,0.0016608969308435917,0.672659077905577,0.9493228305023451,0.16123217344284058,0.09656133502721786,0.5988961940121115,0.04
3,octanol_hl_gap_eV,28,0.3335759937763214,0.0007726560579612851,0.6779097522397175,0.9702993088369956,0.2257329225540161,0.0006982796476222575,0.0030933885926859635,0.14
3,octanol_hl_gap_eV,29,0.11069318652153015,0.0015149983810260892,0.6554310297653438,0.9315521763197261,0.3323740065097809,0.041222646832466125,0.12402488168476271,0.08
3,octanol_hl_gap_eV,30,0.03661595284938812,0.001169455936178565,0.6455311410824793,0.929255587001274,0.23006929457187653,0.009942842647433281,0.043216730272222455,0.02
3,octanol_hl_gap_eV,31,0.004569460637867451,0.001073639839887619,0.6363803977213649,0.9720097513996242,0.2948593199253082,0.0005707353702746332,0.0019356192316363208,0.04
3,octanol_hl_gap_eV,32,0.031853172928094864,0.0011455886997282505,0.6302691166616823,0.9544338041396492,0.30814608931541443,0.001368971192277968,0.00444260446504225,0.16
3,octanol_hl_gap_eV,33,0.03059951588511467,0.0008270046091638505,0.6670718828836171,0.9642578507676074,0.27714958786964417,0.00013207149459049106,0.0004765350567745032,0.22
3,octanol_hl_gap_eV,34,0.21397638320922852,0.0012318457011133432,0.6840007500795127,0.9728471677479695,0.24050739407539368,0.001342323375865817,0.005581214586047316,0.06
3,octanol_hl_gap_eV,35,0.0593288391828537,0.0007736730622127652,0.6502613723330231,0.9762449898159518,0.26606208086013794,0.00035598603426478803,0.0013379810949156667,0.02
3,octanol_hl_gap_eV,36,0.07302355766296387,0.000813928316347301,0.6632064602251322,0.9522898662500405,0.3163447678089142,0.0004503180389292538,0.0014235039891706547,0.06
3,octanol_hl_gap_eV,37,0.19286729395389557,0.0020699570886790752,0.6440442368917747,0.9890391573064392,0.2738606929779053,0.0007701690192334354,0.0028122656481248723,0.16
3,octanol_hl_gap_eV,38,0.45654404163360596,0.0008120636339299381,0.6914934422385304,0.9390986250658246,0.31308314204216003,0.046300191432237625,0.14788465175810328,0.46
3,octanol_hl_gap_eV,39,0.2953753173351288,0.0027460989076644182,0.7090894169626973,0.9314907130185823,0.6632356643676758,0.1141282469034195,0.17207797022228677,0.18
3,octanol_hl_gap_eV,40,0.08030997961759567,0.0011020166566595435,0.644747893157358,0.9415680321667776,0.23742839694023132,0.027947383001446724,0.11770867917068073,0.08
3,octanol_hl_gap_eV,41,0.021825484931468964,0.0015939929289743304,0.6267208915258378,0.9663154034301276,0.3208504915237427,0.0019325445173308253,0.006023193257872315,0.12
3,octanol_hl_gap_eV,42,-0.0388687327504158,0.0013388062361627817,0.6470010624090186,0.9589742575018514,0.30529293417930603,0.0037371369544416666,0.012241151156963084,0.08
3,octanol_hl_gap_eV,43,0.00511426804587245,0.002496302593499422,0.644944333035044,0.9745700060739102,0.39744964241981506,0.004857928026467562,0.01222275103052242,0.16
3,octanol_hl_gap_eV,44,0.03863700106739998,0.0036481195129454136,0.6517046676986413,0.9637235232921062,0.6908798813819885,0.007931839674711227,0.011480779638343095,0.1
3,octanol_hl_gap_eV,45,0.24611733853816986,0.001634064712561667,0.6354799559981914,0.9901445715413717,0.2315826416015625,0.00010379328159615397,0.0004481911117273207,0.16
3,octanol_hl_gap_eV,46,0.2624855041503906,0.0011931750923395157,0.6885724863105993,0.9800007234259258,0.2484831064939499,0.001658332534134388,0.006673824058034164,0.28
3,octanol_hl_gap_eV,47,0.2711089551448822,0.0009417574037797749,0.7011552853856557,0.9358517863531739,0.2891019284725189,0.016620326787233353,0.057489505085792696,0.32
3,octanol_hl_gap_eV,48,0.12463612854480743,0.0007385791395790875,0.6641566164651702,0.9754138622390855,0.2937525808811188,0.000449579645646736,0.0015304704533938385,0.22
3,octanol_hl_gap_eV,49,0.1565430760383606,0.0009961602045223117,0.6619508780439509,0.9850426565951509,0.29057493805885315,0.0005965858581475914,0.002053122207073339,0.02
3,octanol_hl_gap_eV,50,0.003110011573880911,0.0012319652596488595,0.6631432210916395,0.9836264599516451,0.33186212182044983,0.0002256830921396613,0.0006800507719942939,0.02
3,octanol_hl_gap_eV,51,0.33746570348739624,0.0009514915873296559,0.6594286768796647,0.9852751551318677,0.2501349151134491,0.001244693179614842,0.004976087320917631,0.32
3,octanol_hl_gap_eV,52,0.10212293267250061,0.0008149305358529091,0.6634380987572535,0.9706435940168363,0.2718304991722107,0.000328013498801738,0.0012066839438569922,0.14
3,octanol_hl_gap_eV,53,0.13281632959842682,0.002474173903465271,0.6507611038059886,0.985494672257256,0.43424052000045776,0.012601317837834358,0.029019212296957166,0.12
3,octanol_hl_gap_eV,54,0.027561789378523827,0.0006236735498532653,0.6721242248278521,0.9611147530369484,0.2754279375076294,0.0002063971187453717,0.0007493688571067866,0.08
3,octanol_hl_gap_eV,55,0.03636623173952103,0.0013587080175057054,0.6757618239048186,0.949644904280011,0.3649004399776459,0.004221151117235422,0.011567952939420994,0.02
3,octanol_hl_gap_eV,56,0.11157234758138657,0.0010182950645685196,0.6592329274831237,0.9504036487436149,0.2123851627111435,0.044206663966178894,0.2081438430155434,0.12
3,octanol_hl_gap_eV,57,0.07664000988006592,0.003835128154605627,0.6452300779592839,0.9721991723078838,0.7112160325050354,0.00969245471060276,0.013628003683302988,0.08
3,octanol_hl_gap_eV,58,0.169215589761734,0.001954578561708331,0.6661618052485747,0.987577292884027,0.31037601828575134,0.0037881569005548954,0.012205056696961954,0.2
3,octanol_hl_gap_eV,59,0.17637979984283447,0.0009000832797028124,0.6805403300301676,0.969618454235007,0.30941054224967957,0.0007101066876202822,0.002295030681427978,0.22
3,octanol_hl_gap_eV,60,0.1371173858642578,0.0007175852078944445,0.6419694429083156,0.971473581879982,0.2645382583141327,0.004281794186681509,0.016185916600376885,0.1
3,octanol_hl_gap_eV,61,-0.0072220428846776485,0.0007296991534531116,0.6425935235173572,0.9614999633853625,0.2620100975036621,0.00040177995106205344,0.0015334521642107238,0.12
3,octanol_hl_gap_eV,62,0.13398857414722443,0.0008071842021308839,0.6641747160711198,0.957241850556177,0.29419150948524475,0.0021283042151480913,0.007234417535951482,0.12
3,octanol_hl_gap_eV,63,0.05382835119962692,0.001082395319826901,0.6595730588105209,0.9828944544161875,0.362881600856781,0.00025468989042565227,0.0007018539651068478,0.06
3,octanol_hl_gap_eV,64,0.024640386924147606,0.0009030119981616735,0.6524050386893778,0.9440923552062528,0.28463566303253174,0.009567061439156532,0.03361160487490666,0.02
3,octanol_hl_gap_eV,65,0.04852592572569847,0.0007645294535905123,0.6610259534848586,0.9786143578519455,0.29645800590515137,0.0003716227656695992,0.001253542688229833,0.16
3,octanol_hl_gap_eV,66,0.05014170706272125,0.0020299265161156654,0.621552630443269,0.9733283519714926,0.36169037222862244,0.0012253161985427141,0.0033877490047432026,0.1
3,octanol_hl_gap_eV,67,0.0808691754937172,0.0010684846201911569,0.6817415949185246,0.9720712126276818,0.33692213892936707,0.0008541803108528256,0.00253524542366715,0.04
3,octanol_hl_gap_eV,68,-0.045789238065481186,0.0017672419780865312,0.654217764795439,0.9371177475016792,0.13949547708034515,0.08631367236375809,0.6187560641413774,0.28
3,octanol_hl_gap_eV,69,0.2845664620399475,0.0016733648953959346,0.6389737053961997,0.935431993943197,0.23636634647846222,0.20149752497673035,0.852479754325309,0.3
3,octanol_hl_gap_eV,70,0.05881470441818237,0.0008539116242900491,0.6677903739281903,0.9706844137270685,0.3097829818725586,0.00016617562505416572,0.0005364259329214172,0.06
3,octanol_hl_gap_eV,71,0.08659156411886215,0.001247792155481875,0.6566561121618464,0.9492860654576143,0.36588308215141296,0.0018234995659440756,0.004983831324536232,0.08
3,octanol_hl_gap_eV,72,0.3405017554759979,0.0016974578611552715,0.6646496263527777,0.994140950406635,0.2784690260887146,0.0006153039867058396,0.0022095957864621406,0.18
3,octanol_hl_gap_eV,73,0.18042923510074615,0.0010293916566297412,0.6277759052983325,0.941826489946582,0.2560668885707855,0.02338666096329689,0.09133028129418626,0.2
3,octanol_hl_gap_eV,74,0.060006313025951385,0.0011270279064774513,0.6821432620606054,0.9414502921983152,0.3577220141887665,0.001728133880533278,0.004830940819933319,0.1
3,octanol_hl_gap_eV,75,0.0738198384642601,0.001087307813577354,0.6466139482623008,0.9720803440460124,0.3364437520503998,0.0004907231195829809,0.001458559169526411,0.1
3,octanol_hl_gap_eV,76,0.087751604616642,0.0011163561139255762,0.6458988306647166,0.9495472988502132,0.3379053473472595,0.006790852174162865,0.02009690650791632,0.16
3,octanol_hl_gap_eV,77,0.025702329352498055,0.0020951905753463507,0.6223643922455862,0.9672513158771108,0.3276742696762085,0.00042237062007188797,0.0012889953809594318,0.14
3,octanol_hl_gap_eV,78,0.011585035361349583,0.0007023981888778508,0.6378949245179559,0.9379807971261129,0.2528843879699707,0.007161910645663738,0.028320888858169427,0.02
3,octanol_hl_gap_eV,79,0.12163038551807404,0.0006121133919805288,0.6578794122395435,0.9616471591334359,0.266490638256073,0.0007439772016368806,0.0027917573634312323,0.18
3,octanol_hl_gap_eV,80,0.06883212924003601,0.0008661495521664619,0.6618596046675518,0.9735262006443497,0.30492180585861206,0.0005591435474343598,0.001833727653094206,0.12
3,octanol_hl_gap_eV,81,0.059008482843637466,0.0009161672787740827,0.6592103634993907,0.9820734623038807,0.3056693375110626,0.000231326135690324,0.0007567855434042415,0.04
3,octanol_hl_gap_eV,82,0.18605703115463257,0.0018886009929701686,0.6348253091008904,0.9907895420294,0.31870341300964355,0.004015085753053427,0.012598188752161043,0.1
3,octanol_hl_gap_eV,83,0.08812693506479263,0.001029793987981975,0.6438510639452508,0.961601617404436,0.2383851706981659,0.0015315852360799909,0.006424834361946218,0.12
3,octanol_hl_gap_eV,84,0.11507926881313324,0.000816460233181715,0.6510745520629451,0.972782302450184,0.2691986858844757,0.0015994911082088947,0.005941675023240279,0.04
3,octanol_hl_gap_eV,85,0.16115280985832214,0.0010017576860263944,0.6345288120504577,0.9165800780686484,0.29621103405952454,0.015806062147021294,0.053360814856900356,0.22
3,octanol_hl_gap_eV,86,0.16619040071964264,0.0012867075856775045,0.6405565839007115,0.9384959101965336,0.2317226678133011,0.018908383324742317,0.08159919572467894,0.0
3,octanol_hl_gap_eV,87,0.11343450099229813,0.002138904295861721,0.6476515560318041,0.9800156808246461,0.41511115431785583,0.004325279965996742,0.010419570568043135,0.08
3,octanol_hl_gap_eV,88,0.053511928766965866,0.0006317198276519775,0.6846448960052551,0.9556951595927112,0.27520838379859924,0.0008387634297832847,0.0030477393828129223,0.08
3,octanol_hl_gap_eV,89,0.32295358180999756,0.0014799676137045026,0.6422975665855397,0.9517308634159796,0.2370898723602295,0.027409082278609276,0.11560629733253422,0.28
3,octanol_hl_gap_eV,90,0.13391666114330292,0.0017119623953476548,0.6608385039075351,0.9014440611056058,0.43984726071357727,0.022993942722678185,0.052277107933727786,0.06
3,octanol_hl_gap_eV,91,0.09477446228265762,0.000649222289212048,0.6587280880808963,0.9236738065317147,0.2851039171218872,0.008766365237534046,0.03074796490356975,0.04
3,octanol_hl_gap_eV,92,0.05379047989845276,0.001329233986325562,0.6724383860291332,0.975702897237736,0.38967204093933105,0.00047584116691723466,0.0012211324316986844,0.02
3,octanol_hl_gap_eV,93,-0.029514677822589874,0.0017109740292653441,0.6331402923406353,0.9611019487857579,0.33106452226638794,0.003391431411728263,0.010244019469411402,0.12
3,octanol_hl_gap_eV,94,0.06041651591658592,0.002000171458348632,0.6554136625301079,0.9741798393928369,0.18297640979290009,0.04081350192427635,0.22305335409340846,0.1
3,octanol_hl_gap_eV,95,-0.03231101855635643,0.00162183225620538,0.6548422004094776,0.9648365351032724,0.0813906192779541,0.011908775195479393,0.14631631140205698,0.12
3,octanol_hl_gap_eV,96,0.16124418377876282,0.0008748685359023511,0.65650281201445,0.9453943455784568,0.23749642074108124,0.00907321460545063,0.038203584614617224,0.08
3,octanol_hl_gap_eV,97,0.057132426649332047,0.0013511398574337363,0.636936162673422,0.9630978760217752,0.22641019523143768,0.00046429247595369816,0.0020506694739567534,0.22
3,octanol_hl_gap_eV,98,0.13744531571865082,0.0012592901475727558,0.6469453717312654,0.9596155294372359,0.33577048778533936,0.0010938592022284865,0.0032577586238841786,0.34
3,octanol_hl_gap_eV,99,0.22800014913082123,0.0018605721415951848,0.6357556330820335,0.9893520778808373,0.3305710256099701,0.0011094619985669851,0.003356198555272061,0.14
3,octanol_hl_gap_eV,100,0.24525460600852966,0.0012114719720557332,0.695545535776743,0.9928797860656935,0.3043650686740875,0.0004724457685369998,0.001552233870316085,0.16
3,octanol_hl_gap_eV,101,0.11135437339544296,0.0012066451599821448,0.6672710652624716,0.9502968599211177,0.3526766896247864,0.012012124061584473,0.034059875276600225,0.08
3,octanol_hl_gap_eV,102,0.060420386493206024,0.0018262690864503384,0.6304953121683476,0.9587371004283982,0.36022520065307617,0.007554233074188232,0.020970862284184065,0.06
3,octanol_hl_gap_eV,103,0.15131840109825134,0.002249607816338539,0.6651543492577072,0.9591330721023614,0.46120619773864746,0.0017639679135754704,0.003824683888083961,0.12
3,octanol_hl_gap_eV,104,0.09088394790887833,0.0007535721524618566,0.6377000251305063,0.9610972200634644,0.25567516684532166,0.0033013387583196163,0.012912238599679335,0.04
3,octanol_hl_gap_eV,105,0.053882285952568054,0.0007017228053882718,0.6703909921563032,0.956182420833191,0.2534503638744354,0.0007892584544606507,0.0031140553218998957,0.16
3,octanol_hl_gap_eV,106,0.014790192246437073,0.0017024170374497771,0.6410841802753235,0.9694941118736595,0.03219081833958626,0.05147521197795868,1.5990650326107951,0.14
3,octanol_hl_gap_eV,107,0.04410828277468681,0.005090686492621899,0.6942737207836402,0.9851667293464166,1.206939935684204,0.005602927412837744,0.004642258696710944,0.06
3,octanol_hl_gap_eV,108,0.04761454835534096,0.0019078860059380531,0.6487173352247753,0.9817052350722701,0.3749169707298279,0.000270615128101781,0.0007218001563786007,0.06
3,octanol_hl_gap_eV,109,0.08823305368423462,0.0017567373579367995,0.6184879205847988,0.9525257845051742,0.304113507270813,0.004191097337752581,0.01378135872807652,0.06
3,octanol_hl_gap_eV,110,0.08046360313892365,0.0006191604770720005,0.6899006063026853,0.942411564228044,0.2786899209022522,0.004220511764287949,0.015144113395361192,0.04
3,octanol_hl_gap_eV,111,-0.043166425079107285,0.0016135950572788715,0.6524925732592695,0.9574929748115357,0.13292275369167328,0.048553578555583954,0.36527665284612226,0.16
3,octanol_hl_gap_eV,112,0.04410775378346443,0.001494389260187745,0.6616547828738859,0.9761064298351156,0.3086656630039215,0.0003828065237030387,0.0012401979539206965,0.02
3,octanol_hl_gap_eV,113,0.037215061485767365,0.0009973503183573484,0.6524577856210794,0.9498816982642919,0.28248167037963867,0.0030897967517375946,0.010938043334227989,0.06
3,octanol_hl_gap_eV,114,0.16039226949214935,0.0014303593197837472,0.6413639331391132,0.9692321325206761,0.23830154538154602,0.0030462918803095818,0.012783349245310792,0.14
3,octanol_hl_gap_eV,115,0.29977545142173767,0.0013793996768072248,0.6389848887272425,0.9834070868191505,0.2310972958803177,0.013600106351077557,0.05885013192937089,0.14
3,octanol_hl_gap_eV,116,0.025712527334690094,0.00153570924885571,0.6547183260146927,0.9543376942397406,0.26944124698638916,0.01251127291470766,0.046434141226119205,0.12
3,octanol_hl_gap_eV,117,0.07300933450460434,0.0007608754676766694,0.6611296241343574,0.9414179560091966,0.26491791009902954,0.0015537638682872057,0.005865076723979854,0.04
3,octanol_hl_gap_eV,118,0.12666648626327515,0.0016766305780038238,0.6853811181488902,0.974717832059925,0.3703121244907379,0.0015454072272405028,0.004173255815930369,0.08
3,octanol_hl_gap_eV,119,0.12721103429794312,0.0009183354559354484,0.6741688889586863,0.9376482074144283,0.31277239322662354,0.013942187651991844,0.04457614531820218,0.06
3,octanol_hl_gap_eV,120,0.03890557587146759,0.0014306377852335572,0.6486853276637554,0.9606859005666912,0.17918337881565094,0.020734496414661407,0.11571662813655087,0.0
3,octanol_hl_gap_eV,121,0.11010254174470901,0.0007986829150468111,0.6557553388377957,0.9705963808504072,0.27450934052467346,0.0003737272054422647,0.0013614371180519932,0.02
3,octanol_hl_gap_eV,122,-0.10320145636796951,0.0016855483409017324,0.6538511066222072,0.9657855116476892,0.05990657955408096,0.01717076636850834,0.2866257178480261,0.3
3,octanol_hl_gap_eV,123,0.12040183693170547,0.001403950504027307,0.6377769999232188,0.9773430223805899,0.3014591932296753,0.0012426425237208605,0.004122091983355498,0.16
3,octanol_hl_gap_eV,124,0.12463115900754929,0.0011322383070364594,0.6426365339982687,0.9615518485957888,0.23343800008296967,0.0024479625280946493,0.010486564000824984,0.1
3,octanol_hl_gap_eV,125,0.3519459366798401,0.000687825377099216,0.6757046793688166,0.9240000633483878,0.28827497363090515,0.03390206769108772,0.11760322883419796,0.16
3,octanol_hl_gap_eV,126,0.1372450739145279,0.001113254576921463,0.6310869823500196,0.964294653451053,0.23360803723335266,0.0048349895514547825,0.020697017143400245,0.1
3,octanol_hl_gap_eV,127,0.16448502242565155,0.0013462090864777565,0.6401213027428458,0.9336920706279928,0.04669665917754173,0.15637077391147614,3.34865013184243,0.1
3,octanol_hl_gap_eV,128,0.07649937272071838,0.0017742523923516273,0.6482190116641406,0.9725563792983694,0.19084371626377106,0.005646823439747095,0.02958873129436677,0.12
3,octanol_hl_gap_eV,129,0.06371412426233292,0.0016458741156384349,0.6407252019304202,0.9724217979656411,0.3838537633419037,0.0004530430305749178,0.0011802490266882867,0.1
3,octanol_hl_gap_eV,130,0.15090548992156982,0.0008471528417430818,0.6361364810806618,0.9746143704109949,0.27165621519088745,0.00022585634724237025,0.0008314050428909402,0.24
3,octanol_hl_gap_eV,131,0.06803622096776962,0.002907451009377837,0.6304346731270449,0.9614523313470678,0.5841346383094788,0.000689676555339247,0.0011806808056019635,0.04
3,octanol_hl_gap_eV,132,0.05449720472097397,0.0006593887810595334,0.6336134067021684,0.9814057065000648,0.23847587406635284,0.0004303086025174707,0.001804411470142019,0.1
3,octanol_hl_gap_eV,133,0.031866028904914856,0.0007313972455449402,0.6306414651505146,0.9637708792061215,0.2562091052532196,0.0012447447516024113,0.004858315829065444,0.1
3,octanol_hl_gap_eV,134,0.13453218340873718,0.0017821892397478223,0.6592184594069006,0.9748578601960634,0.44732967019081116,0.003894191235303879,0.008705416820759482,0.06
3,octanol_hl_gap_eV,135,0.0233477596193552,0.0007561167003586888,0.656274702429481,0.9645298398613011,0.2830372154712677,0.0007494789315387607,0.0026479872277249826,0.04
3,octanol_hl_gap_eV,136,-0.01696346327662468,0.0014970412012189627,0.6368668130491135,0.9200382895199342,0.039676520973443985,0.16595861315727234,4.182791461689663,0.04
3,octanol_hl_gap_eV,137,0.1173693835735321,0.000929154921323061,0.6535096671657414,0.9380450787203212,0.2602904736995697,0.01600329577922821,0.06148244901847388,0.0
3,octanol_hl_gap_eV,138,0.08402936160564423,0.0012455382384359837,0.6394567206533632,0.9618921207257871,0.280059278011322,0.0002605812333058566,0.000930450278798912,0.08
3,octanol_hl_gap_eV,139,0.041600074619054794,0.0006791860214434564,0.6648491406699186,0.9379682788966204,0.2757691442966461,0.0013736026594415307,0.004980987495700172,0.12
3,octanol_hl_gap_eV,140,0.15648232400417328,0.0009262762032449245,0.6601635743494265,0.9660136177339731,0.2667984664440155,0.0020069642923772335,0.007522398157406093,0.26
3,octanol_hl_gap_eV,141,0.054151467978954315,0.0013021072372794151,0.6708744110180769,0.9563013321800955,0.35442814230918884,0.0015670116990804672,0.004421239489818699,0.04
3,octanol_hl_gap_eV,142,0.8977246284484863,0.001787645509466529,0.6602669420421075,0.9850714747066391,0.5670766830444336,0.014314012601971626,0.025241758354663375,0.14
3,octanol_hl_gap_eV,143,0.0026837466284632683,0.0023313395213335752,0.6357516727652315,0.9699094250705695,0.3722374737262726,0.004208620637655258,0.011306278745997768,0.04
3,octanol_hl_gap_eV,144,0.2851189076900482,0.0015139153692871332,0.6954482403150084,0.949615782386384,0.3837723731994629,0.05467532202601433,0.1424681030846304,0.18
3,octanol_hl_gap_eV,145,0.06793824583292007,0.0009839189006015658,0.660310475425246,0.9812257065196386,0.2894171178340912,0.0005921097472310066,0.0020458698215992687,0.12
3,octanol_hl_gap_eV,146,0.11169375479221344,0.0010178149677813053,0.682866006311633,0.9413603508422408,0.33327516913414,0.025048023089766502,0.07515718364149991,0.02
3,octanol_hl_gap_eV,147,0.026295214891433716,0.0005854421760886908,0.6803463929275437,0.9765670086528475,0.2847927510738373,0.0004462545330170542,0.0015669448443979364,0.02
3,octanol_hl_gap_eV,148,0.09135880321264267,0.001442366628907621,0.6975759870633107,0.9723214784195362,0.3643081784248352,0.0006930788513273001,0.0019024520786878176,0.24
3,octanol_hl_gap_eV,149,0.36713728308677673,0.0009668083512224257,0.6656020989868434,0.9538483572721739,0.3359163701534271,0.036270882934331894,0.107975931383652,0.3
3,octanol_hl_gap_eV,150,0.39473599195480347,0.0008976715034805238,0.651543290840211,0.9452049324309437,0.19216886162757874,0.04077199846506119,0.2121675599248587,0.3
3,octanol_hl_gap_eV,151,0.42997032403945923,0.0009115288848988712,0.637005136780334,0.9854063742034969,0.27329277992248535,0.0029602008871734142,0.010831610289935295,0.34
3,octanol_hl_gap_eV,152,0.10491035878658295,0.0010804644552990794,0.6911638812478889,0.961757701054242,0.3225899934768677,0.00032337638549506664,0.0010024377446111185,0.24
3,octanol_hl_gap_eV,153,0.04484439268708229,0.0008023154805414379,0.6553400307804671,0.9759193817407585,0.2551930844783783,0.0023234104737639427,0.009104519734588647,0.02
3,octanol_hl_gap_eV,154,0.08077418804168701,0.0012943149777129292,0.6633586330230667,0.9587347211800896,0.3017852306365967,0.0011481556575745344,0.0038045455543088487,0.04
3,octanol_hl_gap_eV,155,0.12674081325531006,0.0007527424022555351,0.6142691856566089,0.911214622159547,0.28887519240379333,0.014209921471774578,0.049190521877391855,0.12
3,octanol_hl_gap_eV,156,0.07398925721645355,0.0018991314573213458,0.654951558128231,0.9653091629860147,0.4379085600376129,0.0010860493639484048,0.002480082517352759,0.1
3,octanol_hl_gap_eV,157,0.17119629681110382,0.0022385488264262676,0.6567594631617513,0.9797306575693887,0.31924498081207275,0.0015889285132288933,0.004977144853419746,0.08
3,octanol_hl_gap_eV,158,0.008547371253371239,0.0023760979529470205,0.6330157059153128,0.9711865719730914,0.3956069052219391,0.0009702348615974188,0.002452522564167853,0.02
3,octanol_hl_gap_eV,159,0.05896994099020958,0.0009625934180803597,0.6667282196490794,0.9179813863347543,0.32421696186065674,0.0026806872338056564,0.008268189358204439,0.04
3,octanol_hl_gap_eV,160,0.23953849077224731,0.0016374033875763416,0.6511262651380252,0.9750461511756672,0.021889841184020042,0.04774967208504677,2.181362198274186,0.24
3,octanol_hl_gap_eV,161,0.08747192472219467,0.003927626181393862,0.6543736840205803,0.9917518730994748,0.6713281273841858,0.0038706494960933924,0.005765659650185204,0.12
3,octanol_hl_gap_eV,162,0.1920626014471054,0.002572727156803012,0.6596117462879438,0.9877309732396566,0.42168518900871277,0.004100537858903408,0.009724168564096008,0.12
3,octanol_hl_gap_eV,163,0.09087587893009186,0.0007654759101569653,0.6552740910089272,0.9627868025715431,0.2826370596885681,0.0016724648885428905,0.00591735878651492,0.08
3,octanol_hl_gap_eV,164,0.2418290376663208,0.0021241377107799053,0.6614601347163471,0.9847777172981032,0.3120838403701782,0.010569426231086254,0.03386726534302234,0.2
3,octanol_hl_gap_eV,165,0.06986887753009796,0.0018672101432457566,0.6229322809134863,0.9773116749612407,0.3372615873813629,0.0012604702496901155,0.003737366770633213,0.12
3,octanol_hl_gap_eV,166,0.21269990503787994,0.0007779661100357771,0.6670802965341089,0.9686151708027422,0.31096747517585754,0.005429693032056093,0.017460646098070246,0.14
3,octanol_hl_gap_eV,167,0.0739622637629509,0.0013967823470011353,0.6746333161515514,0.9564595684756876,0.4219922125339508,0.00567086786031723,0.013438323485320213,0.04
3,octanol_hl_gap_eV,168,0.18183615803718567,0.0009274998446926475,0.6405322573473069,0.9621920764786962,0.2844991385936737,0.0005494037759490311,0.001931126324897941,0.12
3,octanol_hl_gap_eV,169,0.01656002178788185,0.0009333445341326296,0.6675645319982559,0.9489440654449683,0.2958110570907593,0.0015026635956019163,0.0050798087481255865,0.02
3,octanol_hl_gap_eV,170,0.0804402232170105,0.0016707709291949868,0.6954665485778153,0.9578379324375697,0.3778029680252075,0.002583725145086646,0.006838816430140529,0.38
3,octanol_hl_gap_eV,171,0.13148233294487,0.0009032318484969437,0.6593995777770956,0.9547280721503524,0.3130142390727997,0.0005521813873201609,0.0017640775351172972,0.1
3,octanol_hl_gap_eV,172,0.14936931431293488,0.0016119149513542652,0.6676853051680389,0.9792823231742527,0.3427019417285919,0.00408639432862401,0.01192404778336591,0.18
3,octanol_hl_gap_eV,173,0.016680344939231873,0.0010802262695506215,0.6174595060265111,0.9661274872117225,0.2573161721229553,0.0004646620946004987,0.0018058021412601525,0.1
3,octanol_hl_gap_eV,174,-0.21860305964946747,0.0018716412596404552,0.6507217032664827,0.9531183541052568,0.13521172106266022,0.04829152300953865,0.3571548578037791,0.26
3,octanol_hl_gap_eV,175,0.04712186008691788,0.0008660106686875224,0.6644110767233897,0.9659816265394876,0.3048427999019623,0.0004723189922515303,0.001549385428828985,0.02
3,octanol_hl_gap_eV,176,0.17284689843654633,0.001668073469772935,0.6452950174316974,0.9464918808049814,0.28554806113243103,0.021334296092391014,0.07471350359649834,0.1
3,octanol_hl_gap_eV,177,0.07346002012491226,0.0008908670861274004,0.6532698459974304,0.9757755355950242,0.2476302981376648,0.00020076095825061202,0.0008107285730399728,0.08
3,octanol_hl_gap_eV,178,0.07215624302625656,0.002021131105720997,0.6623208617160243,0.9836830882578793,0.46285155415534973,0.004262084141373634,0.009208317662779467,0.06
3,octanol_hl_gap_eV,179,0.05789205804467201,0.0008860735106281936,0.6270232812082508,0.9604743422166637,0.28614160418510437,0.005795524455606937,0.02025404335071046,0.14
3,octanol_hl_gap_eV,180,0.08445867896080017,0.0010752910748124123,0.6468338867983336,0.9901275983987918,0.2510097920894623,0.0001682352158240974,0.0006702336766373511,0.12
3,octanol_hl_gap_eV,181,0.1030111163854599,0.0007306865300051868,0.6681212376930523,0.9789222267821964,0.25960856676101685,0.0003532916016411036,0.0013608626481356714,0.08
3,octanol_hl_gap_eV,182,0.26210784912109375,0.0013387462822720408,0.6639511300718013,0.9554598267481582,0.34595227241516113,0.012226608581840992,0.03534189411875986,0.1
3,octanol_hl_gap_eV,183,0.4738111197948456,0.0007779236766509712,0.6676685297817633,0.9532089386599358,0.2415996491909027,0.05154118686914444,0.2133330368721628,0.32
3,octanol_hl_gap_eV,184,0.08122347295284271,0.0013967882841825485,0.6535181987940062,0.9829878661011957,0.35952436923980713,0.00015586304652970284,0.0004335256796618988,0.22
3,octanol_hl_gap_eV,185,0.2617316246032715,0.0018630680860951543,0.6568958307808554,0.9488413050088977,0.24788179993629456,0.07845790684223175,0.3165133820328696,0.22
3,octanol_hl_gap_eV,186,0.07767584174871445,0.000626581662800163,0.6775370149040034,0.9476894745782318,0.30496472120285034,0.002438334282487631,0.007995463451871694,0.04
3,octanol_hl_gap_eV,187,0.02387981116771698,0.0015866684261709452,0.624592391412965,0.9835882481543863,0.26352375745773315,0.00041818898171186447,0.0015869118812900133,0.06
3,octanol_hl_gap_eV,188,0.09017443656921387,0.0016671103658154607,0.6659333197759867,0.9755635177766904,0.08671197295188904,0.04689113050699234,0.5407688109346704,0.16
3,octanol_hl_gap_eV,189,0.18146269023418427,0.0010332214878872037,0.6496556103921003,0.9214278921189867,0.27467966079711914,0.019961461424827576,0.07267178562438699,0.06
3,octanol_hl_gap_eV,190,0.03548767417669296,0.0008722484344616532,0.6432826314090672,0.9741890343236344,0.27653753757476807,0.0008585788309574127,0.0031047460626399655,0.04
3,octanol_hl_gap_eV,191,0.0941203162074089,0.0017776743043214083,0.6504014386015267,0.9518314019205911,0.20642021298408508,0.07754207402467728,0.37565155516362025,0.18
3,octanol_hl_gap_eV,192,0.4214131832122803,0.0015051428927108645,0.6445428707115257,0.9528535397403883,0.010576305910944939,0.208444744348526,19.708653106640572,0.2
3,octanol_hl_gap_eV,193,0.02872871793806553,0.0011458577355369925,0.6765440799867413,0.9723900437916249,0.33418554067611694,0.0004292674420867115,0.0012845182984824147,0.04
3,octanol_hl_gap_eV,194,0.07461363822221756,0.00110969552770257,0.6727679392418431,0.9629504827237243,0.3590807020664215,0.0008907925803214312,0.0024807587129999967,0.08
3,octanol_hl_gap_eV,195,0.016311844810843468,0.0008869576267898083,0.6391731678374324,0.9388243803526524,0.28916916251182556,0.0030544649343937635,0.010562899957456049,0.04
3,octanol_hl_gap_eV,196,0.09466976672410965,0.00204923702403903,0.6778302727923873,0.9755143179280659,0.484572172164917,0.0011036957148462534,0.002277670444663147,0.08
3,octanol_hl_gap_eV,197,0.1712351143360138,0.0008140875725075603,0.6560529415171326,0.975701563610105,0.32390931248664856,0.000710705469828099,0.002194149542574186,0.04
3,octanol_hl_gap_eV,198,0.05965166166424751,0.00041788260568864644,0.6397998736416739,0.9586188001927551,0.27437588572502136,0.00048520322889089584,0.0017683887474614476,0.1
3,octanol_hl_gap_eV,199,0.07142359018325806,0.0013711152132600546,0.6680475179804748,0.9627648966652373,0.3558335602283478,0.000383548263926059,0.0010778867054583778,0.02
3,octanol_hl_gap_eV,200,0.31448712944984436,0.0006374074728228152,0.6919033813871653,0.9291216138408447,0.2919571101665497,0.028088951483368874,0.09620917081740282,0.14
3,octanol_hl_gap_eV,201,0.056269824504852295,0.001335076172836125,0.64038627971166,0.9695723213952645,0.24413913488388062,0.0018025095341727138,0.007383124114984833,0.1
3,octanol_hl_gap_eV,202,0.03571738302707672,0.0006235393811948597,0.6569397392556753,0.9599361384904217,0.29252031445503235,0.001075985375791788,0.0036783270173777753,0.1
3,octanol_hl_gap_eV,203,0.11422739177942276,0.0009364826837554574,0.6692450083677763,0.9234886155714845,0.31449493765830994,0.022821437567472458,0.07256535745025988,0.04
3,octanol_hl_gap_eV,204,0.08880005776882172,0.0013238753890618682,0.6540531514693222,0.9351338304450953,0.25642824172973633,0.01904994249343872,0.07428956485033537,0.08
3,octanol_hl_gap_eV,205,0.3213079869747162,0.0006784296128898859,0.6440627333159674,0.9517240606419872,0.2837792634963989,0.019340068101882935,0.0681518017334919,0.16
3,octanol_hl_gap_eV,206,0.026862256228923798,0.0012821684358641505,0.6209115836106658,0.931836030274259,0.27001047134399414,0.0054571302607655525,0.02021080972749813,0.04
3,octanol_hl_gap_eV,207,0.190715029835701,0.001998032908886671,0.6488637108079987,0.9757287190654904,0.28455668687820435,0.010213090106844902,0.03589123214390073,0.16
3,octanol_hl_gap_eV,208,0.45161017775535583,0.0013189464807510376,0.6578009995324212,0.9638069195933803,0.26719245314598083,0.061403870582580566,0.22981139571720055,0.34
3,octanol_hl_gap_eV,209,0.0438653901219368,0.0027113205287605524,0.6230886332627807,0.9836523825013825,0.4506646990776062,0.0005994043895043433,0.0013300451327365305,0.08
3,octanol_hl_gap_eV,210,0.003581451019272208,0.0013687016908079386,0.6539122472394869,0.9718817850863632,0.3258083164691925,0.0003106151707470417,0.000953367839449895,0.06
3,octanol_hl_gap_eV,211,0.0796380266547203,0.0007258507539518178,0.6693697819886142,0.9597959009120045,0.27959734201431274,0.0018567729275673628,0.006640881898914167,0.1
3,octanol_hl_gap_eV,212,0.14317770302295685,0.002111225388944149,0.6226958200070256,0.9508289759677928,0.3845583200454712,0.00504694739356637,0.01312401040489673,0.08
3,octanol_hl_gap_eV,213,0.1367519199848175,0.003611767664551735,0.6570881301491454,0.9342047354926089,0.7726063132286072,0.11854290217161179,0.153432479313091,0.04
3,octanol_hl_gap_eV,214,0.057210773229599,0.0005897143855690956,0.6685502269837258,0.9484498750660175,0.2889653742313385,0.0007384218042716384,0.002555398916689846,0.08
3,octanol_hl_gap_eV,215,0.1375705450773239,0.0011189378565177321,0.6521862957344462,0.9246666705230644,0.2270749807357788,0.011803978122770786,0.05198273312419974,0.1
3,octanol_hl_gap_eV,216,0.08344125002622604,0.0011009143199771643,0.6270308682289145,0.9711443407567453,0.2661038339138031,0.0015236533945426345,0.005725785202464161,0.12
3,octanol_hl_gap_eV,217,0.11308129131793976,0.0006784873548895121,0.695369140493391,0.9641229838078416,0.28390127420425415,0.00047291102237068117,0.0016657587173435615,0.14
3,octanol_hl_gap_eV,218,0.2112327367067337,0.0007981837261468172,0.6568887874600553,0.9297039602930981,0.26268270611763,0.022192003205418587,0.08448216303771802,0.18
3,octanol_hl_gap_eV,219,-0.15503455698490143,0.0018577459268271923,0.6556474025407881,0.9450681410547193,0.139907568693161,0.037515122443437576,0.26814219412042,0.16
3,octanol_hl_gap_eV,220,0.09567054361104965,0.0014141473220661283,0.6493930963228254,0.9594077368457643,0.19377653300762177,0.0007626471342518926,0.0039357043002823024,0.08
3,octanol_hl_gap_eV,221,0.0851609855890274,0.0012157259043306112,0.646718418927944,0.9721865203646385,0.3511877954006195,0.0014280794421210885,0.004066426740405368,0.08
3,octanol_hl_gap_eV,222,0.10728953033685684,0.0006754648638889194,0.6531429212110471,0.9505309729584497,0.27946192026138306,0.004385464359074831,0.01569252925397875,0.04
3,octanol_hl_gap_eV,223,0.20280157029628754,0.001304360688664019,0.676220831568136,0.9580994577347863,0.31709760427474976,0.0012021528091281652,0.003791112871627242,0.18
3,octanol_hl_gap_eV,224,0.056257959455251694,0.0009014657116495073,0.6732277795502271,0.9673424637916399,0.3207978904247284,0.00048434064956381917,0.0015097999831687305,0.02
3,octanol_hl_gap_eV,225,0.22994621098041534,0.002377997850999236,0.6236907807521697,0.9192647436502603,0.4183211326599121,0.11207494884729385,0.2679160580166263,0.14
3,octanol_hl_gap_eV,226,0.1663113385438919,0.0018942737951874733,0.6767662705743456,0.9694388282079898,0.4114554524421692,0.0014372391160577536,0.0034930612962523816,0.04
3,octanol_hl_gap_eV,227,0.22579175233840942,0.001471511204726994,0.6409131065778297,0.9926437159819417,0.2256518006324768,0.0015729599399492145,0.0069707395887840615,0.16
3,octanol_hl_gap_eV,228,0.03141172602772713,0.0018685410032048821,0.6364204720181823,0.9653125248926422,0.2982606887817383,0.001004786929115653,0.0033688211920241953,0.06
3,octanol_hl_gap_eV,229,0.1302366554737091,0.0011734459549188614,0.6554019416851415,0.9903648449337532,0.2855578362941742,0.00042719754856079817,0.0014960105949279937,0.02
3,octanol_hl_gap_eV,230,0.06318461894989014,0.0008390154107473791,0.6494008627486618,0.9660254725215587,0.24562232196331024,0.0018601343035697937,0.007573148436597105,0.02
3,octanol_hl_gap_eV,231,0.09168143570423126,0.0008848924189805984,0.6462033480769427,0.9220911220210293,0.2792164385318756,0.05482577905058861,0.1963558425817026,0.24
3,octanol_hl_gap_eV,232,0.12959690392017365,0.0010008099488914013,0.6607505765872099,0.9616708715421358,0.30633583664894104,0.00212442921474576,0.00693496796844028,0.16
3,octanol_hl_gap_eV,233,-0.005171097349375486,0.0010885853553190827,0.6478768846193486,0.9823742433791349,0.179395392537117,0.00885236170142889,0.04934553544677761,0.02
3,octanol_hl_gap_eV,234,0.12615925073623657,0.000931815302465111,0.6551264883993246,0.9543709362176147,0.2938329875469208,0.003377319546416402,0.011494010848176446,0.1
3,octanol_hl_gap_eV,235,0.0777607411146164,0.0024193369317799807,0.633009388702894,0.9341975609350432,0.4679363965988159,0.03290412202477455,0.07031750952466477,0.14
3,octanol_hl_gap_eV,236,0.1264156997203827,0.0010775916744023561,0.6648648612312704,0.967924687595165,0.3304643929004669,0.006960960570722818,0.021064177322182485,0.06
3,octanol_hl_gap_eV,237,0.06306416541337967,0.0018647626275196671,0.6290509606256776,0.92624358924483,0.3566139042377472,0.04856407642364502,0.13618110748499684,0.22
3,octanol_hl_gap_eV,238,0.08826767653226852,0.0030253631994128227,0.6402490905082212,0.9789714735694703,0.5366329550743103,0.0023012543097138405,0.004288320886657388,0.02
3,octanol_hl_gap_eV,239,0.15388226509094238,0.0014980462146922946,0.63969558644248,0.9703778398146614,0.3848766088485718,0.0014457522192969918,0.0037564044840818515,0.08
3,octanol_hl_gap_eV,240,0.06376530975103378,0.000658902688883245,0.6530906712527789,0.9649146234496071,0.28189817070961,0.00039581776945851743,0.0014041161333617123,0.08
3,octanol_hl_gap_eV,241,0.08108175545930862,0.0014726499794051051,0.6479503727336131,0.924216571848717,0.2920416295528412,0.027747640386223793,0.09501262004567473,0.08
3,octanol_hl_gap_eV,242,0.0380341038107872,0.0009482288151048124,0.6333443265435859,0.9516167519903471,0.2849835157394409,0.004477891139686108,0.015712807556842068,0.12
3,octanol_hl_gap_eV,243,0.38710805773735046,0.0011409707367420197,0.6559453062341771,0.9577670325997563,0.2162834107875824,0.09362691640853882,0.4328899570595928,0.26
3,octanol_hl_gap_eV,244,0.15265652537345886,0.002098140539601445,0.6592301871768032,0.9637823448990328,0.433631032705307,0.0035271402448415756,0.008133966388052763,0.1
3,octanol_hl_gap_eV,245,0.030802631750702858,0.0030243461951613426,0.6466673671176812,0.9423666993931314,0.6023203134536743,0.078304223716259,0.13000428836156386,0.08
3,octanol_hl_gap_eV,246,0.03579733148217201,0.0012391312047839165,0.6211143231077243,0.9336230681732709,0.2758754789829254,0.04019134119153023,0.14568652980578156,0.02
3,octanol_hl_gap_eV,247,0.08529608696699142,0.002880475018173456,0.6622280325710872,0.9745166629019484,0.45866045355796814,0.0011263880878686905,0.0024558212488802046,0.08
3,octanol_hl_gap_eV,248,0.04658234864473343,0.0018080836161971092,0.633717060088951,0.9512744155079151,0.15075837075710297,0.006338103208690882,0.04204146792553649,0.06
3,octanol_hl_gap_eV,249,0.15796881914138794,0.0024212845601141453,0.6310642720257205,0.9697496517962045,0.4070149064064026,0.018089689314365387,0.04444478329818936,0.1
3,octanol_dipole,0,0.20511414110660553,0.00376017764210701,0.6647936726085029,0.969473651994704,0.6174026727676392,0.012320044450461864,0.019954634137287805,0.2
3,octanol_dipole,1,0.6942170858383179,0.0023360345512628555,0.6677295053454639,0.9176289131031685,0.3158012330532074,0.32165685296058655,1.0185421059023938,0.52
3,octanol_dipole,2,0.2992221713066101,0.00527494540438056,0.6463724649799052,0.9621607942656301,0.7661283612251282,0.03808342665433884,0.049708937277088944,0.2
3,octanol_dipole,3,0.3859666585922241,0.00483457138761878,0.6411034645887321,0.9314534810923258,0.766399621963501,0.14097651839256287,0.18394648738393654,0.14
3,octanol_dipole,4,0.1647668033838272,0.003456154838204384,0.6634707625258369,0.9545659124799841,0.538536012172699,0.023375727236270905,0.04340606144789203,0.2
3,octanol_dipole,5,0.1669330596923828,0.0036364072002470493,0.6552268579132889,0.9493555490024657,0.5977003574371338,0.009515580721199512,0.01592031960964715,0.12
3,octanol_dipole,6,0.1779487580060959,0.001792966853827238,0.6500296967445951,0.9649415782225996,0.04915338009595871,0.020770210772752762,0.422559155285039,0.08
3,octanol_dipole,7,0.24558518826961517,0.006155576091259718,0.633176698139192,0.9606190175926885,0.9671702980995178,0.007722556125372648,0.007984691155784469,0.16
3,octanol_dipole,8,0.24768584966659546,0.003321461845189333,0.6440507186970719,0.9599882300184235,0.42398980259895325,0.012847820296883583,0.03030219174642787,0.12
3,octanol_dipole,9,0.35266685485839844,0.004999922122806311,0.661122272871737,0.9703398844503335,0.7817075848579407,0.0921449288725853,0.11787646769390213,0.26
3,octanol_dipole,10,0.182147815823555,0.007829923182725906,0.621771653060746,0.9504472073462844,1.1990545988082886,0.07657993584871292,0.06386692976685454,0.2
3,octanol_dipole,11,0.28466108441352844,0.004549901466816664,0.6633213203178685,0.9641784200796137,0.7638575434684753,0.1884806603193283,0.24674844404034738,0.2
3,octanol_dipole,12,0.18265339732170105,0.009219028986990452,0.644475899262106,0.9573500875489958,1.4571424722671509,0.008677569217979908,0.005955196134307018,0.1
3,octanol_dipole,13,0.11606415361166,0.009375597350299358,0.6487262830565423,0.9592457106467926,1.4834343194961548,0.0035861467476934195,0.0024174624387222256,0.26
3,octanol_dipole,14,0.24028122425079346,0.002075718715786934,0.660548698135665,0.9652122327081611,0.2162546068429947,0.07338451594114304,0.3393431335981744,0.26
3,octanol_dipole,15,0.12388023734092712,0.003410020610317588,0.6950930118522267,0.9600205961282295,0.815444827079773,0.004438374657183886,0.005442887746407508,0.26
3,octanol_dipole,16,0.498691588640213,0.0019809450022876263,0.6321920449906686,0.9306435245457134,0.28980767726898193,0.09960141777992249,0.34368108781148154,0.32
3,octanol_dipole,17,0.3689124286174774,0.005311131477355957,0.6599939232959606,0.9166686108686297,0.9054237008094788,0.2502404749393463,0.2763794174104599,0.2
3,octanol_dipole,18,0.3358892798423767,0.004988047294318676,0.6394857250989763,0.9538756408509681,0.8242340683937073,0.0807662233710289,0.09798942614496463,0.22
3,octanol_dipole,19,0.23145225644111633,0.006963374093174934,0.6449819553452969,0.965090465352175,1.0818582773208618,0.05469664931297302,0.05055805409967841,0.32
3,octanol_dipole,20,0.29949232935905457,0.0023316217120736837,0.6623300710519606,0.9747954313984031,0.2768687307834625,0.10040127485990524,0.36263132559533606,0.2
3,octanol_dipole,21,0.5171152949333191,0.0025458100717514753,0.6599568816125945,0.9637641084616329,0.32105252146720886,0.17346520721912384,0.5403016504165377,0.26
3,octanol_dipole,22,0.301742821931839,0.0074165151454508305,0.6371835130726575,0.9293971671942365,1.1639800071716309,0.12572701275348663,0.10801475281262968,0.2
3,octanol_dipole,23,0.5565662980079651,0.007957855239510536,0.6423749478650158,0.9278242124131297,1.2617855072021484,0.46112823486328125,0.36545691183739737,0.46
3,octanol_dipole,24,0.16384443640708923,0.00500667467713356,0.6294839454611927,0.9723237941756957,0.7984008193016052,0.004227926023304462,0.005295493092057204,0.18
3,octanol_dipole,25,0.20455610752105713,0.009129766374826431,0.6465514254904379,0.9659875017501833,1.4087706804275513,0.0017825401155278087,0.001265316023603516,0.18
3,octanol_dipole,26,0.2977680265903473,0.0031909814570099115,0.6588428269043427,0.9747191832498292,0.48895063996315,0.06205849349498749,0.12692179623625108,0.16
3,octanol_dipole,27,0.20585481822490692,0.0018597872694954276,0.6550565746095183,0.9563878566806152,0.15487737953662872,0.015357820317149162,0.09916115809227657,0.26
3,octanol_dipole,28,0.36697185039520264,0.008013841696083546,0.6373846349203758,0.9411293590960512,1.2165569067001343,0.08047066628932953,0.06614624095769038,0.18
3,octanol_dipole,29,0.5328353643417358,0.005628375336527824,0.6679540706218969,0.9224376937399401,1.1150723695755005,0.25947123765945435,0.2326945270451218,0.26
3,octanol_dipole,30,0.4604128301143646,0.005176013335585594,0.6363130424727346,0.9146613491747342,0.8338638544082642,0.14718283712863922,0.1765070357115848,0.22
3,octanol_dipole,31,0.31268957257270813,0.00489642983302474,0.640336293579604,0.945384870109647,0.7594547271728516,0.1740470826625824,0.22917374325983933,0.22
3,octanol_dipole,32,0.13907518982887268,0.003934907261282206,0.6695374297875138,0.9737772495168351,0.664439857006073,0.02669009380042553,0.04016931482811631,0.16
3,octanol_dipole,33,0.23163731396198273,0.008366985246539116,0.6314278998411329,0.9594158111774855,1.2989637851715088,0.030270015820860863,0.02330320226507636,0.14
3,octanol_dipole,34,0.2985236346721649,0.009262789972126484,0.6294190481612796,0.8991110647265115,1.409900188446045,0.2120058387517929,0.1503693952870949,0.12
3,octanol_dipole,35,0.21162563562393188,0.0024303237441927195,0.6477291463494148,0.9630224254275674,0.3674878776073456,0.005327977705746889,0.014498376763980608,0.2
3,octanol_dipole,36,0.24366329610347748,0.007866875268518925,0.6351286826460065,0.9698886012733019,1.210825800895691,0.005805979948490858,0.0047950580043768214,0.18
3,octanol_dipole,37,0.34198006987571716,0.0018937194254249334,0.6492156468874941,0.9710135075463535,0.08788377791643143,0.016723671928048134,0.19029304752864235,0.26
3,octanol_dipole,38,0.9140344858169556,0.00204369961284101,0.7401995168007807,0.9123784647634605,0.18728922307491302,0.5966008305549622,3.1854520017755124,0.84
3,octanol_dipole,39,0.21064861118793488,0.004448945168405771,0.6480489483674103,0.9584850609413138,0.6829578876495361,0.01841653697192669,0.02696584563260399,0.14
3,octanol_dipole,40,0.5172813534736633,0.0030412154737859964,0.6769665321266265,0.9515078852653702,0.5127065777778625,0.11609188467264175,0.2264294817043292,0.36
3,octanol_dipole,41,0.06855042278766632,0.0020136325620114803,0.6563686395219406,0.9651227924246415,0.235957071185112,0.04185990244150162,0.1774047382062217,0.22
3,octanol_dipole,42,0.580034613609314,0.0046850829385221004,0.6504036561150541,0.9163883977807714,0.7156501412391663,0.32986485958099365,0.46093033533092626,0.38
3,octanol_dipole,43,0.25135645270347595,0.006781983654946089,0.6516236974502261,0.9258533460780858,1.2460817098617554,0.20419281721115112,0.16386791941100315,0.12
3,octanol_dipole,44,0.25491029024124146,0.004534780513495207,0.6539097497832504,0.9600270812677631,0.7337227463722229,0.0922435000538826,0.125719831516695,0.14
3,octanol_dipole,45,0.10604723542928696,0.0036322835367172956,0.6392461879028402,0.9718743586745011,0.5157033801078796,0.0027724839746952057,0.005376121393881947,0.14
3,octanol_dipole,46,0.2562173008918762,0.0023630589712411165,0.6405052782873901,0.9531553040412808,0.35000166296958923,0.029734229668974876,0.08495453826331793,0.16
3,octanol_dipole,47,0.2762092351913452,0.002394110197201371,0.6595059378514248,0.9543285587448711,0.25915610790252686,0.053264401853084564,0.20553018134196643,0.24
3,octanol_dipole,48,0.16385236382484436,0.0029384896624833345,0.661961240371058,0.9597238565623627,0.4291953444480896,0.009761001914739609,0.022742562427585194,0.28
3,octanol_dipole,49,0.6857550740242004,0.0051881601102650166,0.6550726524837946,0.9211494217015157,0.8376878499984741,0.4956914186477661,0.5917376247592334,0.62
3,octanol_dipole,50,0.43460166454315186,0.0028126630932092667,0.6783402298166363,0.9743966520537322,0.4420457184314728,0.09878230094909668,0.22346625434945866,0.26
3,octanol_dipole,51,0.3511745035648346,0.0035553346388041973,0.6698531791422544,0.9498190373019368,0.5748656392097473,0.1761816442012787,0.3064744736586987,0.18
3,octanol_dipole,52,0.4539969265460968,0.0052758632227778435,0.6432070536818095,0.8991155294432382,0.8362297415733337,0.17380475997924805,0.20784331307355935,0.44
3,octanol_dipole,53,0.24579395353794098,0.008796594105660915,0.6432337228743963,0.9429260924218785,1.4377045631408691,0.026702992618083954,0.018573351787760543,0.22
3,octanol_dipole,54,0.29473644495010376,0.0024562969338148832,0.6579221879903709,0.9557014195922784,0.3320862352848053,0.043833475559949875,0.13199425601713727,0.16
3,octanol_dipole,55,0.3810454308986664,0.002856069477275014,0.667953119758983,0.9501117465360964,0.43299201130867004,0.10591709613800049,0.24461674435488517,0.28
3,octanol_dipole,56,0.23458188772201538,0.003997512627393007,0.637369555333926,0.9547002006626131,0.6244174242019653,0.0007780413143336773,0.001246027551726396,0.12
3,octanol_dipole,57,0.34886491298675537,0.007080824580043554,0.6298195628966805,0.9256788413828565,1.0848842859268188,0.2128918170928955,0.19623458451241332,0.22
3,octanol_dipole,58,0.3499184250831604,0.004807621240615845,0.6399854690368538,0.9342412809115128,0.8415619134902954,0.1325749158859253,0.15753435815088618,0.14
3,octanol_dipole,59,0.2927790582180023,0.002961509395390749,0.6388292221657383,0.9513504870125447,0.5180411338806152,0.023129921406507492,0.044648812408471565,0.1
3,octanol_dipole,60,0.13630805909633636,0.0028535339515656233,0.6694819898558664,0.9805749550916127,0.43933963775634766,0.037469007074832916,0.08528483172195077,0.14
3,octanol_dipole,61,0.15489462018013,0.0033739700447767973,0.6365360820009149,0.9465135360860919,0.5036500096321106,0.015705427154898643,0.03118321623059358,0.12
3,octanol_dipole,62,0.09316572546958923,0.002382241189479828,0.6628958870642185,0.9778159134223705,0.33099398016929626,0.07874634861946106,0.2379087032917759,0.14
3,octanol_dipole,63,0.1839747279882431,0.004435226786881685,0.6403203015235737,0.9730803613491661,0.6824301481246948,0.01077593769878149,0.015790535820249977,0.24
3,octanol_dipole,64,0.09494603425264359,0.00252937083132565,0.6380239952586699,0.9691711345803864,0.33556291460990906,0.0031648341100662947,0.009431417991303972,0.16
3,octanol_dipole,65,0.19559606909751892,0.002512690145522356,0.6413553221696775,0.9743875623647089,0.36326196789741516,0.0037720096297562122,0.010383717435626027,0.16
3,octanol_dipole,66,0.5507581233978271,0.003533534239977598,0.6577668805887991,0.9416766197175142,0.4818917214870453,0.15511608123779297,0.32188990663530825,0.4
3,octanol_dipole,67,0.17149780690670013,0.0034261364489793777,0.6467738762043047,0.9400852087320211,0.5469863414764404,0.01697939820587635,0.031041722467959797,0.1
3,octanol_dipole,68,0.39351463317871094,0.004755658563226461,0.6735633187936203,0.9134801871799045,0.8523667454719543,0.24084942042827606,0.28256548217976063,0.24
3,octanol_dipole,69,0.22348445653915405,0.0021710710134357214,0.6589231141020215,0.9619203010963135,0.25622114539146423,0.04107017070055008,0.16029188628363025,0.1
3,octanol_dipole,70,0.2527523338794708,0.002645518397912383,0.659013252751766,0.9737631407026222,0.35861822962760925,0.04649267718195915,0.12964393145947253,0.18
3,octanol_dipole,71,0.8418973684310913,0.0024874364025890827,0.6988754424869703,0.9181909562000865,0.44419974088668823,0.4456011652946472,1.003154941975341,0.74
3,octanol_dipole,72,0.2290552258491516,0.003177823033183813,0.6368937177899201,0.9552852621887598,0.47934460639953613,0.022520119324326515,0.04698106335957368,0.12
3,octanol_dipole,73,0.15678416192531586,0.0030904633458703756,0.6447974058851789,0.9682853163349145,0.48351001739501953,0.003193351672962308,0.006604520192088168,0.16
3,octanol_dipole,74,0.2600724995136261,0.002534350147470832,0.6654198656675072,0.9463867347678849,0.3611934185028076,0.07865994423627853,0.21777790016865187,0.2
3,octanol_dipole,75,0.23946020007133484,0.003866458311676979,0.6411850218541222,0.9732325596365701,0.5453891754150391,0.00959648285061121,0.017595660646011764,0.1
3,octanol_dipole,76,0.45536020398139954,0.0012477677082642913,0.6874935089670888,0.9689012885967336,0.33860763907432556,0.012598434463143349,0.037206586648737563,0.42
3,octanol_dipole,77,0.36531099677085876,0.0077429274097085,0.6287746334017013,0.931148873556048,1.199755072593689,0.25903305411338806,0.2159049459598431,0.18
3,octanol_dipole,78,0.19383567571640015,0.0022290521301329136,0.6429857190464829,0.9680382944994579,0.21026933193206787,0.027584349736571312,0.13118579625051094,0.16
3,octanol_dipole,79,0.34303638339042664,0.0014237010618671775,0.6505738204299689,0.9713478065377728,0.3160090148448944,0.021986525505781174,0.06957562750724926,0.28
3,octanol_dipole,80,0.26071828603744507,0.004192113410681486,0.6680720352590741,0.967610242687887,0.7177599668502808,0.06674420833587646,0.0929895945977143,0.18
3,octanol_dipole,81,0.24752306938171387,0.002624795539304614,0.6588884510032462,0.9684247739954572,0.4056825637817383,0.07567091286182404,0.18652739757022396,0.12
3,octanol_dipole,82,0.15468814969062805,0.004341231193393469,0.6339673210302117,0.9564604137495807,0.6522364616394043,0.008051261305809021,0.012344083441106738,0.22
3,octanol_dipole,83,0.226333886384964,0.01186793390661478,0.6386873194769835,0.9414456951982684,1.8898558616638184,0.03266945853829384,0.017286746148741646,0.2
3,octanol_dipole,84,0.19638945162296295,0.006064590532332659,0.6389945344734744,0.9689797222581982,0.9302291870117188,0.006482839118689299,0.006969077308265141,0.1
3,octanol_dipole,85,0.7463436126708984,0.0017256734427064657,0.674938191669157,0.9157288373887791,0.12933999300003052,0.2880704998970032,2.227234540649273,0.52
3,octanol_dipole,86,0.36575961112976074,0.005362849682569504,0.6370337196698903,0.9367247775961196,0.8809120059013367,0.15943147242069244,0.18098456071961969,0.16
3,octanol_dipole,87,0.4579853117465973,0.004345965106040239,0.6548043076512975,0.940782036295164,0.661730945110321,0.18491770327091217,0.2794454523206308,0.22
3,octanol_dipole,88,0.49142593145370483,0.006059234030544758,0.6460597833269435,0.9189668299751277,0.9361281394958496,0.26839348673820496,0.2867059277619278,0.32
3,octanol_dipole,89,0.9685755968093872,0.0014567478792741895,0.7770599720733655,0.9282019844204734,0.0974118784070015,0.805348813533783,8.267460054192922,0.92
3,octanol_dipole,90,0.2871026396751404,0.00552016356959939,0.6356415951261745,0.938968255121996,0.8363010883331299,0.04162132740020752,0.049768352547722855,0.32
3,octanol_dipole,91,0.5220395922660828,0.003260745434090495,0.656762918995891,0.9360188509076828,0.5269713401794434,0.21596789360046387,0.4098285374057019,0.28
3,octanol_dipole,92,0.18926696479320526,0.0037345888558775187,0.6681430838317557,0.9650256740540071,0.6075257062911987,0.026199227198958397,0.04312447510887812,0.1
3,octanol_dipole,93,0.3035720884799957,0.0036104824393987656,0.6427410554814805,0.9321387974694555,0.5347323417663574,0.05750226229429245,0.10753466323796275,0.38
3,octanol_dipole,94,0.12891775369644165,0.0032193800434470177,0.6594602538363608,0.9683392891278604,0.4951927363872528,0.020927514880895615,0.04226135268779425,0.12
3,octanol_dipole,95,0.5396983623504639,0.002471662126481533,0.6621589737428875,0.9294187809021575,0.3685988187789917,0.3271618187427521,0.8875823851701358,0.38
3,octanol_dipole,96,0.390156090259552,0.007268147077411413,0.6482943376893959,0.9193718393242301,1.170799732208252,0.1898013949394226,0.16211260535688468,0.22
3,octanol_dipole,97,0.564966082572937,0.0049708131700754166,0.6400568367615425,0.8984783930281972,0.8762759566307068,0.2232186645269394,0.2547355805415662,0.44
3,octanol_dipole,98,0.6254070997238159,0.003549188608303666,0.6470022291940871,0.9050024573758493,0.5543672442436218,0.32567933201789856,0.5874793927665318,0.36
3,octanol_dipole,99,0.18301627039909363,0.00205281306989491,0.6585009332959597,0.9555007440218142,0.2688198685646057,0.06317142397165298,0.2349953681212776,0.12
3,octanol_dipole,100,0.052894581109285355,0.00832594744861126,0.6397483943161448,0.9740586195154997,1.26099693775177,0.001361381378956139,0.0010796072045847665,0.12
3,octanol_dipole,101,0.20508557558059692,0.005432778038084507,0.6470775032657534,0.9483765078339592,0.8595545291900635,0.027988580986857414,0.03256172823989462,0.12
3,octanol_dipole,102,0.35860124230384827,0.0022747856564819813,0.6592037480091604,0.9531545161685393,0.25049978494644165,0.16445820033550262,0.6565203254392604,0.18
3,octanol_dipole,103,0.4843330383300781,0.0030534458346664906,0.6364391965633522,0.9095002061369428,0.47809624671936035,0.2152107059955597,0.45014096528117503,0.22
3,octanol_dipole,104,0.13898347318172455,0.005535290110856295,0.6389883961964198,0.9632102217118159,0.8557782769203186,0.012072599492967129,0.014107158148969007,0.14
3,octanol_dipole,105,0.20515379309654236,0.0029285454656928778,0.66349137553426,0.9658091805578779,0.4262963533401489,0.07639594376087189,0.17920853219195684,0.2
3,octanol_dipole,106,0.9620033502578735,0.001927475444972515,0.777946483753466,0.9413704193927406,0.3350052237510681,0.9063762426376343,2.7055585357413237,0.9
3,octanol_dipole,107,0.17824213206768036,0.0036260895431041718,0.6393074184676997,0.9726463537835912,0.5336306095123291,0.0008971040369942784,0.001681133017864395,0.22
3,octanol_dipole,108,0.9093635678291321,0.0026119134854525328,0.7162003188746993,0.9669083696485836,0.718051552772522,0.3429372012615204,0.477594122507472,0.9
3,octanol_dipole,109,0.7177042961120605,0.003915125969797373,0.6800604484487363,0.9667316095166478,0.6978800892829895,0.31247615814208984,0.44775049889033464,0.6
3,octanol_dipole,110,0.18911601603031158,0.00627829460427165,0.6340539537393035,0.9719454118055182,1.020517349243164,0.023867227137088776,0.02338738009186143,0.02
3,octanol_dipole,111,0.26027363538742065,0.0024952467065304518,0.6537591887709542,0.9550997397529437,0.3004131615161896,0.010548957623541355,0.03511483175470946,0.16
3,octanol_dipole,112,0.22067764401435852,0.004200704861432314,0.6415606428755729,0.9738860593665815,0.6756918430328369,0.013540606014430523,0.0200396173996324,0.1
3,octanol_dipole,113,0.49129217863082886,0.00466082664206624,0.6631732709960896,0.93133131336867,0.782496988773346,0.32903650403022766,0.42049555301935443,0.46
3,octanol_dipole,114,0.6246953010559082,0.003867135616019368,0.6512444016516314,0.9028494413822694,0.5984839797019958,0.33549171686172485,0.5605692520437671,0.36
3,octanol_dipole,115,0.20155328512191772,0.0052903094328939915,0.6378252728148528,0.9573906687861493,0.7832903265953064,0.010070242919027805,0.012856335099655433,0.18
3,octanol_dipole,116,0.17143255472183228,0.004758366383612156,0.638979359764567,0.9584281322988917,0.6883000731468201,0.006751884240657091,0.009809506789369262,0.2
3,octanol_dipole,117,0.4000318944454193,0.0034811014775186777,0.6541603785495098,0.9232145323509875,0.5417478680610657,0.16881509125232697,0.3116119161788712,0.16
3,octanol_dipole,118,0.14300766587257385,0.009535996243357658,0.6345150259424253,0.9559239986082526,1.4549446105957031,0.012326219119131565,0.008471950773497005,0.12
3,octanol_dipole,119,0.17600704729557037,0.0044248346239328384,0.639003457732662,0.9815398348994346,0.5944634675979614,0.014559886418282986,0.02449248307404806,0.16
3,octanol_dipole,120,0.2668952941894531,0.0052572935819625854,0.699027163050514,0.9327432197369045,1.295090913772583,0.380810022354126,0.2940411505512237,0.1
3,octanol_dipole,121,0.21106784045696259,0.01047662552446127,0.6330351433435575,0.9531989135198751,1.57996666431427,0.010203967802226543,0.006458343731356651,0.12
3,octanol_dipole,122,0.12423720210790634,0.006643419619649649,0.6407580950289893,0.9505637295963452,1.0068024396896362,0.013307005167007446,0.013217096664077964,0.1
3,octanol_dipole,123,0.7147621512413025,0.0034638952929526567,0.6816268325389687,0.9272823999206017,0.5976792573928833,0.37961238622665405,0.6351439865632087,0.64
3,octanol_dipole,124,0.5060153603553772,0.00396601390093565,0.647545806219997,0.9412036861210891,0.6055615544319153,0.16009849309921265,0.26438021358440267,0.28
3,octanol_dipole,125,0.23170801997184753,0.0024264089297503233,0.6452138833970134,0.9542841985343244,0.3582650423049927,0.0345517136156559,0.09644176666905131,0.12
3,octanol_dipole,126,0.7880149483680725,0.002599931787699461,0.6891535237823891,0.9407013721624315,0.35572656989097595,0.3832946717739105,1.077498011721148,0.76
3,octanol_dipole,127,0.13035234808921814,0.0017442468088120222,0.6700700753303737,0.9525344853017024,0.07829583436250687,0.03484814986586571,0.4450830641196062,0.38
3,octanol_dipole,128,0.27672797441482544,0.009148363023996353,0.6695597832315723,0.9151476626989181,1.9609506130218506,0.3334481120109558,0.1700441152350634,0.16
3,octanol_dipole,129,0.35965314507484436,0.002675721887499094,0.6521095549106739,0.9369764128548257,0.34496408700942993,0.07302219420671463,0.21168056895359805,0.26
3,octanol_dipole,130,0.5273927450180054,0.0031857502181082964,0.6556556466242811,0.9575307915060474,0.486165314912796,0.18666690587997437,0.38395767890898796,0.46
3,octanol_dipole,131,0.2693394720554352,0.004335432779043913,0.6658203737901383,0.9559521478834772,0.7481117844581604,0.061246395111083984,0.08186797265256728,0.16
3,octanol_dipole,132,0.19670628011226654,0.0024368371814489365,0.6302862936646871,0.9603048193052617,0.367753803730011,0.01942862570285797,0.052830522773114896,0.3
3,octanol_dipole,133,0.11714659631252289,0.009659769013524055,0.646273605605747,0.943937509741305,1.520093560218811,0.014637181535363197,0.009629131994517651,0.1
3,octanol_dipole,134,0.597924530506134,0.0029710803646594286,0.6831654082526113,0.9144332556632204,0.4417777359485626,0.36472833156585693,0.8255923779923651,0.32
3,octanol_dipole,135,0.10622508078813553,0.006551655009388924,0.636195290013956,0.9507454630566685,0.9844780564308167,0.006817775312811136,0.006925268946601706,0.1
3,octanol_dipole,136,0.2835383415222168,0.00868197437375784,0.6394283271425854,0.9520511611727136,1.3411773443222046,0.09107184410095215,0.0679044009254253,0.28
3,octanol_dipole,137,0.1145280972123146,0.01336275227367878,0.6695835778311265,0.9699316911506177,2.66260027885437,0.005877324845641851,0.0022073628145831458,0.06
3,octanol_dipole,138,0.38926073908805847,0.0048128762282431126,0.6316223384875936,0.915200854391194,0.7508756518363953,0.14098650217056274,0.18776278312628203,0.18
3,octanol_dipole,139,0.18277475237846375,0.005687309894710779,0.6393387284815264,0.9633302180346868,0.9189578890800476,0.01733469031751156,0.01886342184282787,0.12
3,octanol_dipole,140,0.13308537006378174,0.007656017784029245,0.6412174970040263,0.9339637233066547,1.2330769300460815,0.07966870814561844,0.06460968184899958,0.16
3,octanol_dipole,141,0.7497337460517883,0.0027625220827758312,0.6682383181914826,0.9167715710814623,0.3849620223045349,0.2564009428024292,0.6660421754528194,0.66
3,octanol_dipole,142,0.1782395988702774,0.005219192244112492,0.6306579368719571,0.9717638051770368,0.7793751358985901,0.00357302138581872,0.004584469302705123,0.12
3,octanol_dipole,143,0.7051764726638794,0.0030090606305748224,0.6923272251582482,0.9293963322399965,0.4816661477088928,0.3777078092098236,0.7841693069077815,0.4
3,octanol_dipole,144,0.35439565777778625,0.005423644091933966,0.6364558750188809,0.9212318009091176,0.8310620188713074,0.1555028259754181,0.1871133831703819,0.18
3,octanol_dipole,145,0.36487242579460144,0.006219410337507725,0.6768443939622353,0.9407227382589936,1.1702684164047241,0.3565644323825836,0.3046860253462312,0.22
3,octanol_dipole,146,0.6295775175094604,0.0019395597046241164,0.6737477637950922,0.9474391981888048,0.2633700966835022,0.1879820078611374,0.7137560802395863,0.52
3,octanol_dipole,147,0.28676939010620117,0.0057291872799396515,0.6370055029286259,0.943634689307175,0.853657066822052,0.014637293294072151,0.017146573094700742,0.1
3,octanol_dipole,148,0.4277653098106384,0.0029086351860314608,0.6444412009654261,0.9453766226700664,0.4330745339393616,0.15940366685390472,0.36807444068328476,0.2
3,octanol_dipole,149,0.7960301041603088,0.0014086350565776229,0.6834314268757491,0.8976173675014154,0.05978100001811981,0.3310892879962921,5.5383698482116035,0.56
3,octanol_dipole,150,0.5446693301200867,0.006670802365988493,0.6520101630418045,0.9093388959062689,1.0868726968765259,0.3204532563686371,0.2948397335672902,0.3
3,octanol_dipole,151,0.38603073358535767,0.007973546162247658,0.6482603720643372,0.9195284298508386,1.408494472503662,0.28477954864501953,0.2021871964742688,0.16
3,octanol_dipole,152,0.17111548781394958,0.009438634850084782,0.6424799037562066,0.9593843954218975,1.5478007793426514,0.006796906236559153,0.004391331447349309,0.1
3,octanol_dipole,153,0.19601601362228394,0.007032206282019615,0.6411791852601587,0.9586462483929461,1.1037284135818481,0.003236715914681554,0.0029325293023649535,0.14
3,octanol_dipole,154,0.6841548681259155,0.003733815159648657,0.6720919757661603,0.9320149866683451,0.7553122639656067,0.23503164947032928,0.3111714991046822,0.34
3,octanol_dipole,155,0.6019534468650818,0.0049577862955629826,0.6397407871678107,0.9171507668963053,0.747340977191925,0.2475171685218811,0.3311971055727566,0.54
3,octanol_dipole,156,0.35563451051712036,0.0024513229727745056,0.6504625354010778,0.974921128774382,0.49155861139297485,0.014654994010925293,0.029813319655607472,0.2
3,octanol_dipole,157,0.30494293570518494,0.007299116346985102,0.6384720758591516,0.9288379831288303,1.119645357131958,0.08876876533031464,0.07928293076452476,0.16
3,octanol_dipole,158,0.7581489682197571,0.0018903511809185147,0.705398026154969,0.9388963462047144,0.2289453148841858,0.28693661093711853,1.253297588038734,0.54
3,octanol_dipole,159,0.36777544021606445,0.0023573036305606365,0.6549487542897874,0.965643744751109,0.2954670488834381,0.050746042281389236,0.1717485671351751,0.26
3,octanol_dipole,160,0.8147031664848328,0.002033232245594263,0.6961496455175322,0.9424591731890419,0.2070273905992508,0.3364051580429077,1.6249306773812233,0.76
3,octanol_dipole,161,0.26284199953079224,0.0030044771265238523,0.672790012981056,0.9428337490052825,0.4926478862762451,0.07204383611679077,0.1462379888835923,0.12
3,octanol_dipole,162,0.4183942377567291,0.006996702868491411,0.6358900701182428,0.8997611748309606,1.119893193244934,0.2995775043964386,0.26750542480609346,0.2
3,octanol_dipole,163,0.28170245885849,0.0019438012968748808,0.6480396662591219,0.9378284734940503,0.13384851813316345,0.07366650551557541,0.5503722158678361,0.16
3,octanol_dipole,164,0.44846901297569275,0.0027891697827726603,0.6719796776765254,0.9325316485622013,0.41833311319351196,0.1651075929403305,0.3946797127292079,0.26
3,octanol_dipole,165,0.07958602160215378,0.009788202121853828,0.6614108203484208,0.9750673126576213,1.9397785663604736,0.00585703831166029,0.003019436554889669,0.12
3,octanol_dipole,166,0.2374386489391327,0.0039224522188305855,0.6712466060425433,0.9847765728301714,0.6299540400505066,0.06376679986715317,0.10122452720843042,0.16
3,octanol_dipole,167,0.11504331231117249,0.0025355229154229164,0.6573911699619961,0.9745871671298174,0.34336593747138977,0.0343819223344326,0.10013201247516697,0.12
3,octanol_dipole,168,0.5917023420333862,0.0031300934497267008,0.6680443192376462,0.9512591799929166,0.49005621671676636,0.2585856020450592,0.5276651804919592,0.36
3,octanol_dipole,169,0.3179440200328827,0.003231541719287634,0.6261721641960871,0.9543734571760771,0.5134998559951782,0.07187409698963165,0.13996906941743437,0.12
3,octanol_dipole,170,0.2573471963405609,0.00200672191567719,0.6523214428897679,0.9542853703999521,0.20225372910499573,0.14617663621902466,0.7227388927061027,0.22
3,octanol_dipole,171,0.446898877620697,0.003900124691426754,0.6398430689802166,0.9289617104542576,0.5972322821617126,0.12773069739341736,0.2138710535389842,0.34
3,octanol_dipole,172,0.45768821239471436,0.002029615454375744,0.6656675208719174,0.9741137484071065,0.16951417922973633,0.10406526923179626,0.6139030357499501,0.32
3,octanol_dipole,173,0.3696630597114563,0.002497593406587839,0.6395408511044642,0.9525599185786884,0.37435391545295715,0.06651472300291061,0.1776787159349723,0.12
3,octanol_dipole,174,0.7258151769638062,0.00205828039906919,0.6911251265841114,0.9460609191201106,0.23845019936561584,0.36321815848350525,1.523245354584848,0.56
3,octanol_dipole,175,0.34109896421432495,0.006390717346221209,0.641232942705612,0.9674335900572353,0.9667825698852539,0.04375290125608444,0.0452561957765513,0.32
3,octanol_dipole,176,0.567918062210083,0.0048604924231767654,0.6531985268772229,0.9146636263920347,0.7288090586662292,0.2960618734359741,0.40622693957425243,0.36
3,octanol_dipole,177,0.374668151140213,0.0021034874953329563,0.6663154793950017,0.9567509691579774,0.25321462750434875,0.11079883575439453,0.4375688594549762,0.2
3,octanol_dipole,178,0.3703017830848694,0.006016180384904146,0.6436122515201028,0.9628919012594761,0.9344168901443481,0.02523256652057171,0.027003542836938444,0.38
3,octanol_dipole,179,0.2725484073162079,0.005361130461096764,0.6431722421657846,0.9670859902508051,0.7781457901000977,0.012050444260239601,0.015486100951197691,0.16
3,octanol_dipole,180,0.18608877062797546,0.006235325243324041,0.6454388210293216,0.9769696215100749,1.0009286403656006,0.02166350744664669,0.02164340850386082,0.08
3,octanol_dipole,181,0.24221983551979065,0.0038409775588661432,0.6455729666116596,0.9514338280793235,0.5660894513130188,0.013729271478950977,0.024252830444210813,0.12
3,octanol_dipole,182,0.5872288942337036,0.006887294352054596,0.6589410747233875,0.9079101750316019,1.0672106742858887,0.4879521131515503,0.45722191963461917,0.32
3,octanol_dipole,183,0.17417150735855103,0.00460861437022686,0.6332855461442464,0.9482944835124234,0.6837855577468872,0.024948423728346825,0.036485742416896484,0.16
3,octanol_dipole,184,0.7362256646156311,0.0017975621158257127,0.6681628149736882,0.9253011290334483,0.22286930680274963,0.2429056614637375,1.089901812629233,0.58
3,octanol_dipole,185,0.32831957936286926,0.002735120477154851,0.627278470492691,0.9312883888620165,0.5267993211746216,0.11250678449869156,0.21356668464915923,0.14
3,octanol_dipole,186,0.1920679807662964,0.008602323941886425,0.6306529190660575,0.9555371942423123,1.3370100259780884,0.010133137926459312,0.007578954330612761,0.08
3,octanol_dipole,187,0.10000880807638168,0.01322939246892929,0.6474267563817513,0.9295529724094329,2.556535482406616,0.11680255085229874,0.045687827004984756,0.04
3,octanol_dipole,188,0.11848336458206177,0.007263705134391785,0.6366885074703852,0.9777809769307404,1.1062557697296143,0.0029378561303019524,0.0026556753064619124,0.12
3,octanol_dipole,189,0.3875046670436859,0.0020781951025128365,0.6566824109876925,0.9573374803214756,0.1743316352367401,0.059639811515808105,0.3421055015907928,0.24
3,octanol_dipole,190,0.2854204475879669,0.003779094899073243,0.6334188536918222,0.9591568201408662,0.5407859086990356,0.07632917910814285,0.14114491128618228,0.16
3,octanol_dipole,191,-0.009791423566639423,0.0018338898662477732,0.6454536590911608,0.9647599399207003,0.14899666607379913,0.06489203125238419,0.4355267333313531,0.18
3,octanol_dipole,192,0.0957755595445633,0.002009450225159526,0.6538222577499124,0.9571080063807036,0.15592628717422485,0.06314215809106827,0.40494876928940227,0.18
3,octanol_dipole,193,0.21422596275806427,0.004541655536741018,0.6481408089297251,0.9722317306107058,0.6784675717353821,0.031845007091760635,0.04693666789454297,0.14
3,octanol_dipole,194,0.20572282373905182,0.002416637260466814,0.6599143945919097,0.9634020639371765,0.30054330825805664,0.036442190408706665,0.12125437302172827,0.18
3,octanol_dipole,195,0.19785019755363464,0.005053012631833553,0.6365729737769878,0.9312999040096333,0.8357189893722534,0.037553831934928894,0.04493595623947386,0.12
3,octanol_dipole,196,0.48892444372177124,0.004674376454204321,0.6530093508918859,0.9102562227414701,0.7632560729980469,0.3028765320777893,0.3968216471414363,0.26
3,octanol_dipole,197,0.2688502073287964,0.006251228507608175,0.64490900187045,0.9380423809202194,0.9788315892219543,0.041903335601091385,0.0428095456486025,0.26
3,octanol_dipole,198,0.11072208732366562,0.003091280348598957,0.6541919948901864,0.9637841071008881,0.47155556082725525,0.010597613640129566,0.02247373272735466,0.08
3,octanol_dipole,199,0.286385178565979,0.004064380656927824,0.6483183789659446,0.9522458309901563,0.6068164706230164,0.029600322246551514,0.04877969481639311,0.16
3,octanol_dipole,200,0.42585140466690063,0.007031144108623266,0.6300539298725838,0.940175865297292,1.109408974647522,0.04506850615143776,0.04062388819754842,0.44
3,octanol_dipole,201,0.7118280529975891,0.001814517774619162,0.6898507896465536,0.9607570582882219,0.1478046178817749,0.2502796947956085,1.693314447020869,0.68
3,octanol_dipole,202,0.26618191599845886,0.006467106752097607,0.6394081690107656,0.9332333107376893,1.0230807065963745,0.057932209223508835,0.05662525825185386,0.1
3,octanol_dipole,203,0.2855484187602997,0.009997018612921238,0.641401372086168,0.9159539048801655,1.556134581565857,0.12572072446346283,0.08079039303718617,0.08
3,octanol_dipole,204,0.31871727108955383,0.007344161160290241,0.6343213627167994,0.9430296495963066,1.1716502904891968,0.11209647357463837,0.09567400314289595,0.14
3,octanol_dipole,205,0.14784273505210876,0.0026157195679843426,0.6628951587491498,0.9820235367063879,0.3376038074493408,0.07484998553991318,0.22170954203810275,0.18
3,octanol_dipole,206,0.44633930921554565,0.0034778593108057976,0.6415417364015596,0.9624509291125289,0.5272922515869141,0.17981374263763428,0.34101343628030806,0.32
3,octanol_dipole,207,0.2278793454170227,0.004577542655169964,0.6420903204357573,0.9358524415736509,0.6861410140991211,0.048868585377931595,0.0712223644611805,0.26
3,octanol_dipole,208,0.3577938675880432,0.0028842075262218714,0.6561334742162448,0.9360683038126303,0.40829312801361084,0.08186878263950348,0.20051472097461875,0.2
3,octanol_dipole,209,0.3245599567890167,0.007553632836788893,0.6368018707682577,0.9366589128502727,1.1988584995269775,0.089230477809906,0.0744295326305088,0.3
3,octanol_dipole,210,0.42783018946647644,0.003100249683484435,0.6687275295972974,0.9626231012946365,0.4915175437927246,0.19552960991859436,0.39780799767556246,0.24
3,octanol_dipole,211,0.1982213258743286,0.005386658478528261,0.6357334740647116,0.956315527936439,0.831628680229187,0.031084487214684486,0.03737784416732474,0.08
3,octanol_dipole,212,0.2988014221191406,0.005393309984356165,0.6322412051292408,0.9328168877583909,0.8411074876785278,0.12231174856424332,0.1454175005644356,0.12
3,octanol_dipole,213,0.38444969058036804,0.0035766635555773973,0.6458680878699194,0.9622353572133826,0.5443874001502991,0.09445402026176453,0.17350515503424008,0.24
3,octanol_dipole,214,0.2451981008052826,0.0036351364105939865,0.6607999824436674,0.9546842787389893,0.5505269169807434,0.03221752122044563,0.05852124614930055,0.14
3,octanol_dipole,215,0.6666403412818909,0.0022187235299497843,0.6652865088811388,0.929982891552035,0.26524704694747925,0.2694398760795593,1.0158072603647508,0.5
3,octanol_dipole,216,0.2198113203048706,0.009698004461824894,0.6355460627322531,0.9634133641554037,1.519098162651062,0.010962581261992455,0.0072165061689371335,0.1
3,octanol_dipole,217,0.2609923779964447,0.005570407956838608,0.6395012614860511,0.9642478325961701,0.8631070256233215,0.017960280179977417,0.020808868016115152,0.14
3,octanol_dipole,218,0.4468718469142914,0.002326439367607236,0.6810130735078472,0.9405532632712352,0.3222168982028961,0.18711356818675995,0.5807068754939624,0.28
3,octanol_dipole,219,0.18907952308654785,0.006475495640188456,0.641863703710142,0.920794358378753,1.0170704126358032,0.0458335317671299,0.04506426614883955,0.1
3,octanol_dipole,220,0.7246219515800476,0.0033046503085643053,0.668463115142274,0.93818133983091,0.4999365508556366,0.33002394437789917,0.6601316583335752,0.58
3,octanol_dipole,221,0.4224778413772583,0.0034863827750086784,0.6652469680437514,0.9696686023215104,0.5691995620727539,0.13265269994735718,0.23305130359605195,0.38
3,octanol_dipole,222,0.527917206287384,0.003925309516489506,0.644253917354283,0.9218119976692807,0.6390496492385864,0.19314517080783844,0.3022381297571584,0.44
3,octanol_dipole,223,0.28966009616851807,0.003722603665664792,0.6386070540722135,0.9570546541685447,0.49680155515670776,0.030804552137851715,0.06200574820691721,0.14
3,octanol_dipole,224,0.21630975604057312,0.0062803346663713455,0.6437647914649645,0.9689829719095973,1.0306776762008667,0.005774335470050573,0.005602464866935979,0.16
3,octanol_dipole,225,0.4351540207862854,0.0050071789883077145,0.6370124011325693,0.9281384326218411,0.8018764853477478,0.1412423998117447,0.1761398449668872,0.28
3,octanol_dipole,226,0.49142953753471375,0.004187487997114658,0.6425941632473369,0.9294250582792207,0.6363322734832764,0.16676399111747742,0.2620706163536434,0.3
3,octanol_dipole,227,0.30647921562194824,0.0075654988177120686,0.6417579001474385,0.9685813997388695,1.193851113319397,0.021250303834676743,0.017799793958890035,0.24
3,octanol_dipole,228,0.42489489912986755,0.0058597661554813385,0.6284937520483347,0.8975254624805287,1.0014535188674927,0.25718700885772705,0.25681372526262675,0.1
3,octanol_dipole,229,0.3371821641921997,0.006909897550940514,0.6407054845654514,0.9621373255362713,1.0977587699890137,0.03830001503229141,0.0348892817614882,0.2
3,octanol_dipole,230,0.46018630266189575,0.0029499267693609,0.6607173185271058,0.9254810352651512,0.5117321014404297,0.13615626096725464,0.26606941519595967,0.36
3,octanol_dipole,231,0.329894095659256,0.0038547171279788017,0.6727604487382606,0.9701060790288527,0.647789716720581,0.11625627428293228,0.1794660694391333,0.24
3,octanol_dipole,232,0.2051916867494583,0.004200762137770653,0.6417841948174245,0.9479009220414554,0.626968502998352,0.07438860833644867,0.11864807878019383,0.18
3,octanol_dipole,233,0.19926659762859344,0.0029411730356514454,0.657508535029588,0.9656035492186961,0.4420487582683563,0.012274145148694515,0.027766496159329104,0.1
3,octanol_dipole,234,0.1405598521232605,0.005364781711250544,0.639963330016643,0.9561412044647926,0.8091053366661072,0.009877544827759266,0.0122079837817649,0.2
3,octanol_dipole,235,0.44079098105430603,0.0021527670323848724,0.6417467564002344,0.9264720068155134,0.2670924961566925,0.06934811919927597,0.25964083677810323,0.32
3,octanol_dipole,236,0.09900074452161789,0.007281116675585508,0.652456305563907,0.9600694921057127,1.2527810335159302,0.034300707280635834,0.027379650843189166,0.1
3,octanol_dipole,237,0.40685269236564636,0.005586037412285805,0.6397846805737113,0.9475818670399327,0.8605262637138367,0.014034203253686428,0.01630886103710302,0.32
3,octanol_dipole,238,0.4775688946247101,0.0036397299263626337,0.6453238129029153,0.9214329186210961,0.5888941884040833,0.14463038742542267,0.24559656093291451,0.24
3,octanol_dipole,239,0.1372007131576538,0.008496665395796299,0.6293428879725969,0.9580900260770604,1.3055484294891357,0.01203833520412445,0.00922090282689481,0.08
3,octanol_dipole,240,0.2662277817726135,0.004453553818166256,0.6311488418641746,0.9161926106019098,0.7316974997520447,0.0788247361779213,0.10772858483817858,0.1
3,octanol_dipole,241,0.17751114070415497,0.004185528494417667,0.6285275993906043,0.9576157152150695,0.5539730191230774,0.011057479307055473,0.019960321036138422,0.1
3,octanol_dipole,242,0.6078270077705383,0.0027906098403036594,0.675559724238262,0.9228361463076784,0.4530197083950043,0.3331940472126007,0.7354956992777824,0.36
3,octanol_dipole,243,0.1317405104637146,0.0031969533301889896,0.6743535961980944,0.9626774772444147,0.5542812347412109,0.009177415631711483,0.016557326960557013,0.16
3,octanol_dipole,244,0.4694197475910187,0.0024355684872716665,0.6684545286493493,0.924491477387801,0.3412417471408844,0.24083560705184937,0.7057624369518259,0.38
3,octanol_dipole,245,0.4223746359348297,0.0034110003616660833,0.6771794973267766,0.9434438615042391,0.5825706124305725,0.20385146141052246,0.3499171723750764,0.24
3,octanol_dipole,246,0.1650375872850418,0.007269802503287792,0.6591413447888275,0.9506416642136861,1.15631103515625,0.0031515515875071287,0.002725522365252932,0.12
3,octanol_dipole,247,0.6690578460693359,0.001890400075353682,0.682720808875267,0.9423272677499912,0.1916704624891281,0.2069530040025711,1.079733420136709,0.48
3,octanol_dipole,248,0.7161818742752075,0.0027910517528653145,0.6718870263631804,0.8978763600254693,0.4829424023628235,0.37342554330825806,0.7732299783188473,0.6
3,octanol_dipole,249,0.6232061982154846,0.0021029089111834764,0.662540929935787,0.9129913572583939,0.27756965160369873,0.18001003563404083,0.6485220361592374,0.46
3,hexane_gsolv_eV,0,0.9999998807907104,0.0,0.6641081226445205,0.6641081226445205,,,,1.0
3,hexane_gsolv_eV,1,0.9999998807907104,0.0,0.6641081226445205,0.6641081226445205,,,,1.0
3,hexane_gsolv_eV,2,0.9999998807907104,0.0,0.6641081226445205,0.6641081226445205,,,,1.0
3,hexane_gsolv_eV,3,0.9999998807907104,0.0,0.6641081226445205,0.6641081226445205,,,,1.0
3,hexane_gsolv_eV,4,0.9999998807907104,0.0,0.6641081226445205,0.6641081226445205,,,,1.0
3,hexane_gsolv_eV,5,0.9999998807907104,0.0,0.6641081226445205,0.6641081226445205,,,,1.0
3,hexane_gsolv_eV,6,0.9999998807907104,0.0,0.6641081226445205,0.6641081226445205,,,,1.0
3,hexane_gsolv_eV,7,0.9999998807907104,0.0,0.6641081226445205,0.6641081226445205,,,,1.0
3,hexane_gsolv_eV,8,0.9999998807907104,0.0,0.6641081226445205,0.6641081226445205,,,,1.0
3,hexane_gsolv_eV,9,0.9999998807907104,0.0,0.6641081226445205,0.6641081226445205,,,,1.0
3,hexane_gsolv_eV,10,0.9999998807907104,0.0,0.6641081226445205,0.6641081226445205,,,,1.0
3,hexane_gsolv_eV,11,0.9999998807907104,0.0,0.6641081226445205,0.6641081226445205,,,,1.0
3,hexane_gsolv_eV,12,0.9999998807907104,0.0,0.6641081226445205,0.6641081226445205,,,,1.0
3,hexane_gsolv_eV,13,0.9999998807907104,0.0,0.6641081226445205,0.6641081226445205,,,,1.0
3,hexane_gsolv_eV,14,0.9999998807907104,0.0,0.6641081226445205,0.6641081226445205,,,,1.0
3,hexane_gsolv_eV,15,0.9999998807907104,0.0,0.6641081226445205,0.6641081226445205,,,,1.0
3,hexane_gsolv_eV,16,0.9999998807907104,0.0,0.6641081226445205,0.6641081226445205,,,,1.0
3,hexane_gsolv_eV,17,0.9999998807907104,0.0,0.6641081226445205,0.6641081226445205,,,,1.0
3,hexane_gsolv_eV,18,0.9999998807907104,0.0,0.6641081226445205,0.6641081226445205,,,,1.0
3,hexane_gsolv_eV,19,0.9999998807907104,0.0,0.6641081226445205,0.6641081226445205,,,,1.0
3,hexane_gsolv_eV,20,0.9999998807907104,0.0,0.6641081226445205,0.6641081226445205,,,,1.0
3,hexane_gsolv_eV,21,0.9999998807907104,0.0,0.6641081226445205,0.6641081226445205,,,,1.0
3,hexane_gsolv_eV,22,0.9999998807907104,0.0,0.6641081226445205,0.6641081226445205,,,,1.0
3,hexane_gsolv_eV,23,0.9999998807907104,0.0,0.6641081226445205,0.6641081226445205,,,,1.0
3,hexane_gsolv_eV,24,0.9999998807907104,0.0,0.6641081226445205,0.6641081226445205,,,,1.0
3,hexane_gsolv_eV,25,0.9999998807907104,0.0,0.6641081226445205,0.6641081226445205,,,,1.0
3,hexane_gsolv_eV,26,0.9999998807907104,0.0,0.6641081226445205,0.6641081226445205,,,,1.0
3,hexane_gsolv_eV,27,0.9999998807907104,0.0,0.6641081226445205,0.6641081226445205,,,,1.0
3,hexane_gsolv_eV,28,0.9999998807907104,0.0,0.6641081226445205,0.6641081226445205,,,,1.0
3,hexane_gsolv_eV,29,0.9999998807907104,0.0,0.6641081226445205,0.6641081226445205,,,,1.0
3,hexane_gsolv_eV,30,0.9999998807907104,0.0,0.6641081226445205,0.6641081226445205,,,,1.0
3,hexane_gsolv_eV,31,0.9999998807907104,0.0,0.6641081226445205,0.6641081226445205,,,,1.0
3,hexane_gsolv_eV,32,0.9999998807907104,0.0,0.6641081226445205,0.6641081226445205,,,,1.0
3,hexane_gsolv_eV,33,0.9999998807907104,0.0,0.6641081226445205,0.6641081226445205,,,,1.0
3,hexane_gsolv_eV,34,0.9999998807907104,0.0,0.6641081226445205,0.6641081226445205,,,,1.0
3,hexane_gsolv_eV,35,0.9999998807907104,0.0,0.6641081226445205,0.6641081226445205,,,,1.0
3,hexane_gsolv_eV,36,0.9999998807907104,0.0,0.6641081226445205,0.6641081226445205,,,,1.0
3,hexane_gsolv_eV,37,0.9999998807907104,0.0,0.6641081226445205,0.6641081226445205,,,,1.0
3,hexane_gsolv_eV,38,0.9999998807907104,0.0,0.6641081226445205,0.6641081226445205,,,,1.0
3,hexane_gsolv_eV,39,0.9999998807907104,0.0,0.6641081226445205,0.6641081226445205,,,,1.0
3,hexane_gsolv_eV,40,0.9999998807907104,0.0,0.6641081226445205,0.6641081226445205,,,,1.0
3,hexane_gsolv_eV,41,0.9999998807907104,0.0,0.6641081226445205,0.6641081226445205,,,,1.0
3,hexane_gsolv_eV,42,0.9999998807907104,0.0,0.6641081226445205,0.6641081226445205,,,,1.0
3,hexane_gsolv_eV,43,0.9999998807907104,0.0,0.6641081226445205,0.6641081226445205,,,,1.0
3,hexane_gsolv_eV,44,0.9999998807907104,0.0,0.6641081226445205,0.6641081226445205,,,,1.0
3,hexane_gsolv_eV,45,0.9999998807907104,0.0,0.6641081226445205,0.6641081226445205,,,,1.0
3,hexane_gsolv_eV,46,0.9999998807907104,0.0,0.6641081226445205,0.6641081226445205,,,,1.0
3,hexane_gsolv_eV,47,0.9999998807907104,0.0,0.6641081226445205,0.6641081226445205,,,,1.0
3,hexane_gsolv_eV,48,0.9999998807907104,0.0,0.6641081226445205,0.6641081226445205,,,,1.0
3,hexane_gsolv_eV,49,0.9999998807907104,0.0,0.6641081226445205,0.6641081226445205,,,,1.0
3,hexane_gsolv_eV,50,0.9999998807907104,0.0,0.6641081226445205,0.6641081226445205,,,,1.0
3,hexane_gsolv_eV,51,0.9999998807907104,0.0,0.6641081226445205,0.6641081226445205,,,,1.0
3,hexane_gsolv_eV,52,0.9999998807907104,0.0,0.6641081226445205,0.6641081226445205,,,,1.0
3,hexane_gsolv_eV,53,0.9999998807907104,0.0,0.6641081226445205,0.6641081226445205,,,,1.0
3,hexane_gsolv_eV,54,0.9999998807907104,0.0,0.6641081226445205,0.6641081226445205,,,,1.0
3,hexane_gsolv_eV,55,0.9999998807907104,0.0,0.6641081226445205,0.6641081226445205,,,,1.0
3,hexane_gsolv_eV,56,0.9999998807907104,0.0,0.6641081226445205,0.6641081226445205,,,,1.0
3,hexane_gsolv_eV,57,0.9999998807907104,0.0,0.6641081226445205,0.6641081226445205,,,,1.0
3,hexane_gsolv_eV,58,0.9999998807907104,0.0,0.6641081226445205,0.6641081226445205,,,,1.0
3,hexane_gsolv_eV,59,0.9999998807907104,0.0,0.6641081226445205,0.6641081226445205,,,,1.0
3,hexane_gsolv_eV,60,0.9999998807907104,0.0,0.6641081226445205,0.6641081226445205,,,,1.0
3,hexane_gsolv_eV,61,0.9999998807907104,0.0,0.6641081226445205,0.6641081226445205,,,,1.0
3,hexane_gsolv_eV,62,0.9999998807907104,0.0,0.6641081226445205,0.6641081226445205,,,,1.0
3,hexane_gsolv_eV,63,0.9999998807907104,0.0,0.6641081226445205,0.6641081226445205,,,,1.0
3,hexane_gsolv_eV,64,0.9999998807907104,0.0,0.6641081226445205,0.6641081226445205,,,,1.0
3,hexane_gsolv_eV,65,0.9999998807907104,0.0,0.6641081226445205,0.6641081226445205,,,,1.0
3,hexane_gsolv_eV,66,0.9999998807907104,0.0,0.6641081226445205,0.6641081226445205,,,,1.0
3,hexane_gsolv_eV,67,0.9999998807907104,0.0,0.6641081226445205,0.6641081226445205,,,,1.0
3,hexane_gsolv_eV,68,0.9999998807907104,0.0,0.6641081226445205,0.6641081226445205,,,,1.0
3,hexane_gsolv_eV,69,0.9999998807907104,0.0,0.6641081226445205,0.6641081226445205,,,,1.0
3,hexane_gsolv_eV,70,0.9999998807907104,0.0,0.6641081226445205,0.6641081226445205,,,,1.0
3,hexane_gsolv_eV,71,0.9999998807907104,0.0,0.6641081226445205,0.6641081226445205,,,,1.0
3,hexane_gsolv_eV,72,0.9999998807907104,0.0,0.6641081226445205,0.6641081226445205,,,,1.0
3,hexane_gsolv_eV,73,0.9999998807907104,0.0,0.6641081226445205,0.6641081226445205,,,,1.0
3,hexane_gsolv_eV,74,0.9999998807907104,0.0,0.6641081226445205,0.6641081226445205,,,,1.0
3,hexane_gsolv_eV,75,0.9999998807907104,0.0,0.6641081226445205,0.6641081226445205,,,,1.0
3,hexane_gsolv_eV,76,0.9999998807907104,0.0,0.6641081226445205,0.6641081226445205,,,,1.0
3,hexane_gsolv_eV,77,0.9999998807907104,0.0,0.6641081226445205,0.6641081226445205,,,,1.0
3,hexane_gsolv_eV,78,0.9999998807907104,0.0,0.6641081226445205,0.6641081226445205,,,,1.0
3,hexane_gsolv_eV,79,0.9999998807907104,0.0,0.6641081226445205,0.6641081226445205,,,,1.0
3,hexane_gsolv_eV,80,0.9999998807907104,0.0,0.6641081226445205,0.6641081226445205,,,,1.0
3,hexane_gsolv_eV,81,0.9999998807907104,0.0,0.6641081226445205,0.6641081226445205,,,,1.0
3,hexane_gsolv_eV,82,0.9999998807907104,0.0,0.6641081226445205,0.6641081226445205,,,,1.0
3,hexane_gsolv_eV,83,0.9999998807907104,0.0,0.6641081226445205,0.6641081226445205,,,,1.0
3,hexane_gsolv_eV,84,0.9999998807907104,0.0,0.6641081226445205,0.6641081226445205,,,,1.0
3,hexane_gsolv_eV,85,0.9999998807907104,0.0,0.6641081226445205,0.6641081226445205,,,,1.0
3,hexane_gsolv_eV,86,0.9999998807907104,0.0,0.6641081226445205,0.6641081226445205,,,,1.0
3,hexane_gsolv_eV,87,0.9999998807907104,0.0,0.6641081226445205,0.6641081226445205,,,,1.0
3,hexane_gsolv_eV,88,0.9999998807907104,0.0,0.6641081226445205,0.6641081226445205,,,,1.0
3,hexane_gsolv_eV,89,0.9999998807907104,0.0,0.6641081226445205,0.6641081226445205,,,,1.0
3,hexane_gsolv_eV,90,0.9999998807907104,0.0,0.6641081226445205,0.6641081226445205,,,,1.0
3,hexane_gsolv_eV,91,0.9999998807907104,0.0,0.6641081226445205,0.6641081226445205,,,,1.0
3,hexane_gsolv_eV,92,0.9999998807907104,0.0,0.6641081226445205,0.6641081226445205,,,,1.0
3,hexane_gsolv_eV,93,0.9999998807907104,0.0,0.6641081226445205,0.6641081226445205,,,,1.0
3,hexane_gsolv_eV,94,0.9999998807907104,0.0,0.6641081226445205,0.6641081226445205,,,,1.0
3,hexane_gsolv_eV,95,0.9999998807907104,0.0,0.6641081226445205,0.6641081226445205,,,,1.0
3,hexane_gsolv_eV,96,0.9999998807907104,0.0,0.6641081226445205,0.6641081226445205,,,,1.0
3,hexane_gsolv_eV,97,0.9999998807907104,0.0,0.6641081226445205,0.6641081226445205,,,,1.0
3,hexane_gsolv_eV,98,0.9999998807907104,0.0,0.6641081226445205,0.6641081226445205,,,,1.0
3,hexane_gsolv_eV,99,0.9999998807907104,0.0,0.6641081226445205,0.6641081226445205,,,,1.0
3,hexane_gsolv_eV,100,0.9999998807907104,0.0,0.6641081226445205,0.6641081226445205,,,,1.0
3,hexane_gsolv_eV,101,0.9999998807907104,0.0,0.6641081226445205,0.6641081226445205,,,,1.0
3,hexane_gsolv_eV,102,0.9999998807907104,0.0,0.6641081226445205,0.6641081226445205,,,,1.0
3,hexane_gsolv_eV,103,0.9999998807907104,0.0,0.6641081226445205,0.6641081226445205,,,,1.0
3,hexane_gsolv_eV,104,0.9999998807907104,0.0,0.6641081226445205,0.6641081226445205,,,,1.0
3,hexane_gsolv_eV,105,0.9999998807907104,0.0,0.6641081226445205,0.6641081226445205,,,,1.0
3,hexane_gsolv_eV,106,0.9999998807907104,0.0,0.6641081226445205,0.6641081226445205,,,,1.0
3,hexane_gsolv_eV,107,0.9999998807907104,0.0,0.6641081226445205,0.6641081226445205,,,,1.0
3,hexane_gsolv_eV,108,0.9999998807907104,0.0,0.6641081226445205,0.6641081226445205,,,,1.0
3,hexane_gsolv_eV,109,0.9999998807907104,0.0,0.6641081226445205,0.6641081226445205,,,,1.0
3,hexane_gsolv_eV,110,0.9999998807907104,0.0,0.6641081226445205,0.6641081226445205,,,,1.0
3,hexane_gsolv_eV,111,0.9999998807907104,0.0,0.6641081226445205,0.6641081226445205,,,,1.0
3,hexane_gsolv_eV,112,0.9999998807907104,0.0,0.6641081226445205,0.6641081226445205,,,,1.0
3,hexane_gsolv_eV,113,0.9999998807907104,0.0,0.6641081226445205,0.6641081226445205,,,,1.0
3,hexane_gsolv_eV,114,0.9999998807907104,0.0,0.6641081226445205,0.6641081226445205,,,,1.0
3,hexane_gsolv_eV,115,0.9999998807907104,0.0,0.6641081226445205,0.6641081226445205,,,,1.0
3,hexane_gsolv_eV,116,0.9999998807907104,0.0,0.6641081226445205,0.6641081226445205,,,,1.0
3,hexane_gsolv_eV,117,0.9999998807907104,0.0,0.6641081226445205,0.6641081226445205,,,,1.0
3,hexane_gsolv_eV,118,0.9999998807907104,0.0,0.6641081226445205,0.6641081226445205,,,,1.0
3,hexane_gsolv_eV,119,0.9999998807907104,0.0,0.6641081226445205,0.6641081226445205,,,,1.0
3,hexane_gsolv_eV,120,0.9999998807907104,0.0,0.6641081226445205,0.6641081226445205,,,,1.0
3,hexane_gsolv_eV,121,0.9999998807907104,0.0,0.6641081226445205,0.6641081226445205,,,,1.0
3,hexane_gsolv_eV,122,0.9999998807907104,0.0,0.6641081226445205,0.6641081226445205,,,,1.0
3,hexane_gsolv_eV,123,0.9999998807907104,0.0,0.6641081226445205,0.6641081226445205,,,,1.0
3,hexane_gsolv_eV,124,0.9999998807907104,0.0,0.6641081226445205,0.6641081226445205,,,,1.0
3,hexane_gsolv_eV,125,0.9999998807907104,0.0,0.6641081226445205,0.6641081226445205,,,,1.0
3,hexane_gsolv_eV,126,0.9999998807907104,0.0,0.6641081226445205,0.6641081226445205,,,,1.0
3,hexane_gsolv_eV,127,0.9999998807907104,0.0,0.6641081226445205,0.6641081226445205,,,,1.0
3,hexane_gsolv_eV,128,0.9999998807907104,0.0,0.6641081226445205,0.6641081226445205,,,,1.0
3,hexane_gsolv_eV,129,0.9999998807907104,0.0,0.6641081226445205,0.6641081226445205,,,,1.0
3,hexane_gsolv_eV,130,0.9999998807907104,0.0,0.6641081226445205,0.6641081226445205,,,,1.0
3,hexane_gsolv_eV,131,0.9999998807907104,0.0,0.6641081226445205,0.6641081226445205,,,,1.0
3,hexane_gsolv_eV,132,0.9999998807907104,0.0,0.6641081226445205,0.6641081226445205,,,,1.0
3,hexane_gsolv_eV,133,0.9999998807907104,0.0,0.6641081226445205,0.6641081226445205,,,,1.0
3,hexane_gsolv_eV,134,0.9999998807907104,0.0,0.6641081226445205,0.6641081226445205,,,,1.0
3,hexane_gsolv_eV,135,0.9999998807907104,0.0,0.6641081226445205,0.6641081226445205,,,,1.0
3,hexane_gsolv_eV,136,0.9999998807907104,0.0,0.6641081226445205,0.6641081226445205,,,,1.0
3,hexane_gsolv_eV,137,0.9999998807907104,0.0,0.6641081226445205,0.6641081226445205,,,,1.0
3,hexane_gsolv_eV,138,0.9999998807907104,0.0,0.6641081226445205,0.6641081226445205,,,,1.0
3,hexane_gsolv_eV,139,0.9999998807907104,0.0,0.6641081226445205,0.6641081226445205,,,,1.0
3,hexane_gsolv_eV,140,0.9999998807907104,0.0,0.6641081226445205,0.6641081226445205,,,,1.0
3,hexane_gsolv_eV,141,0.9999998807907104,0.0,0.6641081226445205,0.6641081226445205,,,,1.0
3,hexane_gsolv_eV,142,0.9999998807907104,0.0,0.6641081226445205,0.6641081226445205,,,,1.0
3,hexane_gsolv_eV,143,0.9999998807907104,0.0,0.6641081226445205,0.6641081226445205,,,,1.0
3,hexane_gsolv_eV,144,0.9999998807907104,0.0,0.6641081226445205,0.6641081226445205,,,,1.0
3,hexane_gsolv_eV,145,0.9999998807907104,0.0,0.6641081226445205,0.6641081226445205,,,,1.0
3,hexane_gsolv_eV,146,0.9999998807907104,0.0,0.6641081226445205,0.6641081226445205,,,,1.0
3,hexane_gsolv_eV,147,0.9999998807907104,0.0,0.6641081226445205,0.6641081226445205,,,,1.0
3,hexane_gsolv_eV,148,0.9999998807907104,0.0,0.6641081226445205,0.6641081226445205,,,,1.0
3,hexane_gsolv_eV,149,0.9999998807907104,0.0,0.6641081226445205,0.6641081226445205,,,,1.0
3,hexane_gsolv_eV,150,0.9999998807907104,0.0,0.6641081226445205,0.6641081226445205,,,,1.0
3,hexane_gsolv_eV,151,0.9999998807907104,0.0,0.6641081226445205,0.6641081226445205,,,,1.0
3,hexane_gsolv_eV,152,0.9999998807907104,0.0,0.6641081226445205,0.6641081226445205,,,,1.0
3,hexane_gsolv_eV,153,0.9999998807907104,0.0,0.6641081226445205,0.6641081226445205,,,,1.0
3,hexane_gsolv_eV,154,0.9999998807907104,0.0,0.6641081226445205,0.6641081226445205,,,,1.0
3,hexane_gsolv_eV,155,0.9999998807907104,0.0,0.6641081226445205,0.6641081226445205,,,,1.0
3,hexane_gsolv_eV,156,0.9999998807907104,0.0,0.6641081226445205,0.6641081226445205,,,,1.0
3,hexane_gsolv_eV,157,0.9999998807907104,0.0,0.6641081226445205,0.6641081226445205,,,,1.0
3,hexane_gsolv_eV,158,0.9999998807907104,0.0,0.6641081226445205,0.6641081226445205,,,,1.0
3,hexane_gsolv_eV,159,0.9999998807907104,0.0,0.6641081226445205,0.6641081226445205,,,,1.0
3,hexane_gsolv_eV,160,0.9999998807907104,0.0,0.6641081226445205,0.6641081226445205,,,,1.0
3,hexane_gsolv_eV,161,0.9999998807907104,0.0,0.6641081226445205,0.6641081226445205,,,,1.0
3,hexane_gsolv_eV,162,0.9999998807907104,0.0,0.6641081226445205,0.6641081226445205,,,,1.0
3,hexane_gsolv_eV,163,0.9999998807907104,0.0,0.6641081226445205,0.6641081226445205,,,,1.0
3,hexane_gsolv_eV,164,0.9999998807907104,0.0,0.6641081226445205,0.6641081226445205,,,,1.0
3,hexane_gsolv_eV,165,0.9999998807907104,0.0,0.6641081226445205,0.6641081226445205,,,,1.0
3,hexane_gsolv_eV,166,0.9999998807907104,0.0,0.6641081226445205,0.6641081226445205,,,,1.0
3,hexane_gsolv_eV,167,0.9999998807907104,0.0,0.6641081226445205,0.6641081226445205,,,,1.0
3,hexane_gsolv_eV,168,0.9999998807907104,0.0,0.6641081226445205,0.6641081226445205,,,,1.0
3,hexane_gsolv_eV,169,0.9999998807907104,0.0,0.6641081226445205,0.6641081226445205,,,,1.0
3,hexane_gsolv_eV,170,0.9999998807907104,0.0,0.6641081226445205,0.6641081226445205,,,,1.0
3,hexane_gsolv_eV,171,0.9999998807907104,0.0,0.6641081226445205,0.6641081226445205,,,,1.0
3,hexane_gsolv_eV,172,0.9999998807907104,0.0,0.6641081226445205,0.6641081226445205,,,,1.0
3,hexane_gsolv_eV,173,0.9999998807907104,0.0,0.6641081226445205,0.6641081226445205,,,,1.0
3,hexane_gsolv_eV,174,0.9999998807907104,0.0,0.6641081226445205,0.6641081226445205,,,,1.0
3,hexane_gsolv_eV,175,0.9999998807907104,0.0,0.6641081226445205,0.6641081226445205,,,,1.0
3,hexane_gsolv_eV,176,0.9999998807907104,0.0,0.6641081226445205,0.6641081226445205,,,,1.0
3,hexane_gsolv_eV,177,0.9999998807907104,0.0,0.6641081226445205,0.6641081226445205,,,,1.0
3,hexane_gsolv_eV,178,0.9999998807907104,0.0,0.6641081226445205,0.6641081226445205,,,,1.0
3,hexane_gsolv_eV,179,0.9999998807907104,0.0,0.6641081226445205,0.6641081226445205,,,,1.0
3,hexane_gsolv_eV,180,0.9999998807907104,0.0,0.6641081226445205,0.6641081226445205,,,,1.0
3,hexane_gsolv_eV,181,0.9999998807907104,0.0,0.6641081226445205,0.6641081226445205,,,,1.0
3,hexane_gsolv_eV,182,0.9999998807907104,0.0,0.6641081226445205,0.6641081226445205,,,,1.0
3,hexane_gsolv_eV,183,0.9999998807907104,0.0,0.6641081226445205,0.6641081226445205,,,,1.0
3,hexane_gsolv_eV,184,0.9999998807907104,0.0,0.6641081226445205,0.6641081226445205,,,,1.0
3,hexane_gsolv_eV,185,0.9999998807907104,0.0,0.6641081226445205,0.6641081226445205,,,,1.0
3,hexane_gsolv_eV,186,0.9999998807907104,0.0,0.6641081226445205,0.6641081226445205,,,,1.0
3,hexane_gsolv_eV,187,0.9999998807907104,0.0,0.6641081226445205,0.6641081226445205,,,,1.0
3,hexane_gsolv_eV,188,0.9999998807907104,0.0,0.6641081226445205,0.6641081226445205,,,,1.0
3,hexane_gsolv_eV,189,0.9999998807907104,0.0,0.6641081226445205,0.6641081226445205,,,,1.0
3,hexane_gsolv_eV,190,0.9999998807907104,0.0,0.6641081226445205,0.6641081226445205,,,,1.0
3,hexane_gsolv_eV,191,0.9999998807907104,0.0,0.6641081226445205,0.6641081226445205,,,,1.0
3,hexane_gsolv_eV,192,0.9999998807907104,0.0,0.6641081226445205,0.6641081226445205,,,,1.0
3,hexane_gsolv_eV,193,0.9999998807907104,0.0,0.6641081226445205,0.6641081226445205,,,,1.0
3,hexane_gsolv_eV,194,0.9999998807907104,0.0,0.6641081226445205,0.6641081226445205,,,,1.0
3,hexane_gsolv_eV,195,0.9999998807907104,0.0,0.6641081226445205,0.6641081226445205,,,,1.0
3,hexane_gsolv_eV,196,0.9999998807907104,0.0,0.6641081226445205,0.6641081226445205,,,,1.0
3,hexane_gsolv_eV,197,0.9999998807907104,0.0,0.6641081226445205,0.6641081226445205,,,,1.0
3,hexane_gsolv_eV,198,0.9999998807907104,0.0,0.6641081226445205,0.6641081226445205,,,,1.0
3,hexane_gsolv_eV,199,0.9999998807907104,0.0,0.6641081226445205,0.6641081226445205,,,,1.0
3,hexane_gsolv_eV,200,0.9999998807907104,0.0,0.6641081226445205,0.6641081226445205,,,,1.0
3,hexane_gsolv_eV,201,0.9999998807907104,0.0,0.6641081226445205,0.6641081226445205,,,,1.0
3,hexane_gsolv_eV,202,0.9999998807907104,0.0,0.6641081226445205,0.6641081226445205,,,,1.0
3,hexane_gsolv_eV,203,0.9999998807907104,0.0,0.6641081226445205,0.6641081226445205,,,,1.0
3,hexane_gsolv_eV,204,0.9999998807907104,0.0,0.6641081226445205,0.6641081226445205,,,,1.0
3,hexane_gsolv_eV,205,0.9999998807907104,0.0,0.6641081226445205,0.6641081226445205,,,,1.0
3,hexane_gsolv_eV,206,0.9999998807907104,0.0,0.6641081226445205,0.6641081226445205,,,,1.0
3,hexane_gsolv_eV,207,0.9999998807907104,0.0,0.6641081226445205,0.6641081226445205,,,,1.0
3,hexane_gsolv_eV,208,0.9999998807907104,0.0,0.6641081226445205,0.6641081226445205,,,,1.0
3,hexane_gsolv_eV,209,0.9999998807907104,0.0,0.6641081226445205,0.6641081226445205,,,,1.0
3,hexane_gsolv_eV,210,0.9999998807907104,0.0,0.6641081226445205,0.6641081226445205,,,,1.0
3,hexane_gsolv_eV,211,0.9999998807907104,0.0,0.6641081226445205,0.6641081226445205,,,,1.0
3,hexane_gsolv_eV,212,0.9999998807907104,0.0,0.6641081226445205,0.6641081226445205,,,,1.0
3,hexane_gsolv_eV,213,0.9999998807907104,0.0,0.6641081226445205,0.6641081226445205,,,,1.0
3,hexane_gsolv_eV,214,0.9999998807907104,0.0,0.6641081226445205,0.6641081226445205,,,,1.0
3,hexane_gsolv_eV,215,0.9999998807907104,0.0,0.6641081226445205,0.6641081226445205,,,,1.0
3,hexane_gsolv_eV,216,0.9999998807907104,0.0,0.6641081226445205,0.6641081226445205,,,,1.0
3,hexane_gsolv_eV,217,0.9999998807907104,0.0,0.6641081226445205,0.6641081226445205,,,,1.0
3,hexane_gsolv_eV,218,0.9999998807907104,0.0,0.6641081226445205,0.6641081226445205,,,,1.0
3,hexane_gsolv_eV,219,0.9999998807907104,0.0,0.6641081226445205,0.6641081226445205,,,,1.0
3,hexane_gsolv_eV,220,0.9999998807907104,0.0,0.6641081226445205,0.6641081226445205,,,,1.0
3,hexane_gsolv_eV,221,0.9999998807907104,0.0,0.6641081226445205,0.6641081226445205,,,,1.0
3,hexane_gsolv_eV,222,0.9999998807907104,0.0,0.6641081226445205,0.6641081226445205,,,,1.0
3,hexane_gsolv_eV,223,0.9999998807907104,0.0,0.6641081226445205,0.6641081226445205,,,,1.0
3,hexane_gsolv_eV,224,0.9999998807907104,0.0,0.6641081226445205,0.6641081226445205,,,,1.0
3,hexane_gsolv_eV,225,0.9999998807907104,0.0,0.6641081226445205,0.6641081226445205,,,,1.0
3,hexane_gsolv_eV,226,0.9999998807907104,0.0,0.6641081226445205,0.6641081226445205,,,,1.0
3,hexane_gsolv_eV,227,0.9999998807907104,0.0,0.6641081226445205,0.6641081226445205,,,,1.0
3,hexane_gsolv_eV,228,0.9999998807907104,0.0,0.6641081226445205,0.6641081226445205,,,,1.0
3,hexane_gsolv_eV,229,0.9999998807907104,0.0,0.6641081226445205,0.6641081226445205,,,,1.0
3,hexane_gsolv_eV,230,0.9999998807907104,0.0,0.6641081226445205,0.6641081226445205,,,,1.0
3,hexane_gsolv_eV,231,0.9999998807907104,0.0,0.6641081226445205,0.6641081226445205,,,,1.0
3,hexane_gsolv_eV,232,0.9999998807907104,0.0,0.6641081226445205,0.6641081226445205,,,,1.0
3,hexane_gsolv_eV,233,0.9999998807907104,0.0,0.6641081226445205,0.6641081226445205,,,,1.0
3,hexane_gsolv_eV,234,0.9999998807907104,0.0,0.6641081226445205,0.6641081226445205,,,,1.0
3,hexane_gsolv_eV,235,0.9999998807907104,0.0,0.6641081226445205,0.6641081226445205,,,,1.0
3,hexane_gsolv_eV,236,0.9999998807907104,0.0,0.6641081226445205,0.6641081226445205,,,,1.0
3,hexane_gsolv_eV,237,0.9999998807907104,0.0,0.6641081226445205,0.6641081226445205,,,,1.0
3,hexane_gsolv_eV,238,0.9999998807907104,0.0,0.6641081226445205,0.6641081226445205,,,,1.0
3,hexane_gsolv_eV,239,0.9999998807907104,0.0,0.6641081226445205,0.6641081226445205,,,,1.0
3,hexane_gsolv_eV,240,0.9999998807907104,0.0,0.6641081226445205,0.6641081226445205,,,,1.0
3,hexane_gsolv_eV,241,0.9999998807907104,0.0,0.6641081226445205,0.6641081226445205,,,,1.0
3,hexane_gsolv_eV,242,0.9999998807907104,0.0,0.6641081226445205,0.6641081226445205,,,,1.0
3,hexane_gsolv_eV,243,0.9999998807907104,0.0,0.6641081226445205,0.6641081226445205,,,,1.0
3,hexane_gsolv_eV,244,0.9999998807907104,0.0,0.6641081226445205,0.6641081226445205,,,,1.0
3,hexane_gsolv_eV,245,0.9999998807907104,0.0,0.6641081226445205,0.6641081226445205,,,,1.0
3,hexane_gsolv_eV,246,0.9999998807907104,0.0,0.6641081226445205,0.6641081226445205,,,,1.0
3,hexane_gsolv_eV,247,0.9999998807907104,0.0,0.6641081226445205,0.6641081226445205,,,,1.0
3,hexane_gsolv_eV,248,0.9999998807907104,0.0,0.6641081226445205,0.6641081226445205,,,,1.0
3,hexane_gsolv_eV,249,0.9999998807907104,0.0,0.6641081226445205,0.6641081226445205,,,,1.0
3,hexane_hl_gap_eV,0,0.9999999403953552,0.0,0.7073229738225586,0.7073229738225586,,,,1.0
3,hexane_hl_gap_eV,1,0.9999999403953552,0.0,0.7073229738225586,0.7073229738225586,,,,1.0
3,hexane_hl_gap_eV,2,0.9999999403953552,0.0,0.7073229738225586,0.7073229738225586,,,,1.0
3,hexane_hl_gap_eV,3,0.9999999403953552,0.0,0.7073229738225586,0.7073229738225586,,,,1.0
3,hexane_hl_gap_eV,4,0.9999999403953552,0.0,0.7073229738225586,0.7073229738225586,,,,1.0
3,hexane_hl_gap_eV,5,0.9999999403953552,0.0,0.7073229738225586,0.7073229738225586,,,,1.0
3,hexane_hl_gap_eV,6,0.9999999403953552,0.0,0.7073229738225586,0.7073229738225586,,,,1.0
3,hexane_hl_gap_eV,7,0.9999999403953552,0.0,0.7073229738225586,0.7073229738225586,,,,1.0
3,hexane_hl_gap_eV,8,0.9999999403953552,0.0,0.7073229738225586,0.7073229738225586,,,,1.0
3,hexane_hl_gap_eV,9,0.9999999403953552,0.0,0.7073229738225586,0.7073229738225586,,,,1.0
3,hexane_hl_gap_eV,10,0.9999999403953552,0.0,0.7073229738225586,0.7073229738225586,,,,1.0
3,hexane_hl_gap_eV,11,0.9999999403953552,0.0,0.7073229738225586,0.7073229738225586,,,,1.0
3,hexane_hl_gap_eV,12,0.9999999403953552,0.0,0.7073229738225586,0.7073229738225586,,,,1.0
3,hexane_hl_gap_eV,13,0.9999999403953552,0.0,0.7073229738225586,0.7073229738225586,,,,1.0
3,hexane_hl_gap_eV,14,0.9999999403953552,0.0,0.7073229738225586,0.7073229738225586,,,,1.0
3,hexane_hl_gap_eV,15,0.9999999403953552,0.0,0.7073229738225586,0.7073229738225586,,,,1.0
3,hexane_hl_gap_eV,16,0.9999999403953552,0.0,0.7073229738225586,0.7073229738225586,,,,1.0
3,hexane_hl_gap_eV,17,0.9999999403953552,0.0,0.7073229738225586,0.7073229738225586,,,,1.0
3,hexane_hl_gap_eV,18,0.9999999403953552,0.0,0.7073229738225586,0.7073229738225586,,,,1.0
3,hexane_hl_gap_eV,19,0.9999999403953552,0.0,0.7073229738225586,0.7073229738225586,,,,1.0
3,hexane_hl_gap_eV,20,0.9999999403953552,0.0,0.7073229738225586,0.7073229738225586,,,,1.0
3,hexane_hl_gap_eV,21,0.9999999403953552,0.0,0.7073229738225586,0.7073229738225586,,,,1.0
3,hexane_hl_gap_eV,22,0.9999999403953552,0.0,0.7073229738225586,0.7073229738225586,,,,1.0
3,hexane_hl_gap_eV,23,0.9999999403953552,0.0,0.7073229738225586,0.7073229738225586,,,,1.0
3,hexane_hl_gap_eV,24,0.9999999403953552,0.0,0.7073229738225586,0.7073229738225586,,,,1.0
3,hexane_hl_gap_eV,25,0.9999999403953552,0.0,0.7073229738225586,0.7073229738225586,,,,1.0
3,hexane_hl_gap_eV,26,0.9999999403953552,0.0,0.7073229738225586,0.7073229738225586,,,,1.0
3,hexane_hl_gap_eV,27,0.9999999403953552,0.0,0.7073229738225586,0.7073229738225586,,,,1.0
3,hexane_hl_gap_eV,28,0.9999999403953552,0.0,0.7073229738225586,0.7073229738225586,,,,1.0
3,hexane_hl_gap_eV,29,0.9999999403953552,0.0,0.7073229738225586,0.7073229738225586,,,,1.0
3,hexane_hl_gap_eV,30,0.9999999403953552,0.0,0.7073229738225586,0.7073229738225586,,,,1.0
3,hexane_hl_gap_eV,31,0.9999999403953552,0.0,0.7073229738225586,0.7073229738225586,,,,1.0
3,hexane_hl_gap_eV,32,0.9999999403953552,0.0,0.7073229738225586,0.7073229738225586,,,,1.0
3,hexane_hl_gap_eV,33,0.9999999403953552,0.0,0.7073229738225586,0.7073229738225586,,,,1.0
3,hexane_hl_gap_eV,34,0.9999999403953552,0.0,0.7073229738225586,0.7073229738225586,,,,1.0
3,hexane_hl_gap_eV,35,0.9999999403953552,0.0,0.7073229738225586,0.7073229738225586,,,,1.0
3,hexane_hl_gap_eV,36,0.9999999403953552,0.0,0.7073229738225586,0.7073229738225586,,,,1.0
3,hexane_hl_gap_eV,37,0.9999999403953552,0.0,0.7073229738225586,0.7073229738225586,,,,1.0
3,hexane_hl_gap_eV,38,0.9999999403953552,0.0,0.7073229738225586,0.7073229738225586,,,,1.0
3,hexane_hl_gap_eV,39,0.9999999403953552,0.0,0.7073229738225586,0.7073229738225586,,,,1.0
3,hexane_hl_gap_eV,40,0.9999999403953552,0.0,0.7073229738225586,0.7073229738225586,,,,1.0
3,hexane_hl_gap_eV,41,0.9999999403953552,0.0,0.7073229738225586,0.7073229738225586,,,,1.0
3,hexane_hl_gap_eV,42,0.9999999403953552,0.0,0.7073229738225586,0.7073229738225586,,,,1.0
3,hexane_hl_gap_eV,43,0.9999999403953552,0.0,0.7073229738225586,0.7073229738225586,,,,1.0
3,hexane_hl_gap_eV,44,0.9999999403953552,0.0,0.7073229738225586,0.7073229738225586,,,,1.0
3,hexane_hl_gap_eV,45,0.9999999403953552,0.0,0.7073229738225586,0.7073229738225586,,,,1.0
3,hexane_hl_gap_eV,46,0.9999999403953552,0.0,0.7073229738225586,0.7073229738225586,,,,1.0
3,hexane_hl_gap_eV,47,0.9999999403953552,0.0,0.7073229738225586,0.7073229738225586,,,,1.0
3,hexane_hl_gap_eV,48,0.9999999403953552,0.0,0.7073229738225586,0.7073229738225586,,,,1.0
3,hexane_hl_gap_eV,49,0.9999999403953552,0.0,0.7073229738225586,0.7073229738225586,,,,1.0
3,hexane_hl_gap_eV,50,0.9999999403953552,0.0,0.7073229738225586,0.7073229738225586,,,,1.0
3,hexane_hl_gap_eV,51,0.9999999403953552,0.0,0.7073229738225586,0.7073229738225586,,,,1.0
3,hexane_hl_gap_eV,52,0.9999999403953552,0.0,0.7073229738225586,0.7073229738225586,,,,1.0
3,hexane_hl_gap_eV,53,0.9999999403953552,0.0,0.7073229738225586,0.7073229738225586,,,,1.0
3,hexane_hl_gap_eV,54,0.9999999403953552,0.0,0.7073229738225586,0.7073229738225586,,,,1.0
3,hexane_hl_gap_eV,55,0.9999999403953552,0.0,0.7073229738225586,0.7073229738225586,,,,1.0
3,hexane_hl_gap_eV,56,0.9999999403953552,0.0,0.7073229738225586,0.7073229738225586,,,,1.0
3,hexane_hl_gap_eV,57,0.9999999403953552,0.0,0.7073229738225586,0.7073229738225586,,,,1.0
3,hexane_hl_gap_eV,58,0.9999999403953552,0.0,0.7073229738225586,0.7073229738225586,,,,1.0
3,hexane_hl_gap_eV,59,0.9999999403953552,0.0,0.7073229738225586,0.7073229738225586,,,,1.0
3,hexane_hl_gap_eV,60,0.9999999403953552,0.0,0.7073229738225586,0.7073229738225586,,,,1.0
3,hexane_hl_gap_eV,61,0.9999999403953552,0.0,0.7073229738225586,0.7073229738225586,,,,1.0
3,hexane_hl_gap_eV,62,0.9999999403953552,0.0,0.7073229738225586,0.7073229738225586,,,,1.0
3,hexane_hl_gap_eV,63,0.9999999403953552,0.0,0.7073229738225586,0.7073229738225586,,,,1.0
3,hexane_hl_gap_eV,64,0.9999999403953552,0.0,0.7073229738225586,0.7073229738225586,,,,1.0
3,hexane_hl_gap_eV,65,0.9999999403953552,0.0,0.7073229738225586,0.7073229738225586,,,,1.0
3,hexane_hl_gap_eV,66,0.9999999403953552,0.0,0.7073229738225586,0.7073229738225586,,,,1.0
3,hexane_hl_gap_eV,67,0.9999999403953552,0.0,0.7073229738225586,0.7073229738225586,,,,1.0
3,hexane_hl_gap_eV,68,0.9999999403953552,0.0,0.7073229738225586,0.7073229738225586,,,,1.0
3,hexane_hl_gap_eV,69,0.9999999403953552,0.0,0.7073229738225586,0.7073229738225586,,,,1.0
3,hexane_hl_gap_eV,70,0.9999999403953552,0.0,0.7073229738225586,0.7073229738225586,,,,1.0
3,hexane_hl_gap_eV,71,0.9999999403953552,0.0,0.7073229738225586,0.7073229738225586,,,,1.0
3,hexane_hl_gap_eV,72,0.9999999403953552,0.0,0.7073229738225586,0.7073229738225586,,,,1.0
3,hexane_hl_gap_eV,73,0.9999999403953552,0.0,0.7073229738225586,0.7073229738225586,,,,1.0
3,hexane_hl_gap_eV,74,0.9999999403953552,0.0,0.7073229738225586,0.7073229738225586,,,,1.0
3,hexane_hl_gap_eV,75,0.9999999403953552,0.0,0.7073229738225586,0.7073229738225586,,,,1.0
3,hexane_hl_gap_eV,76,0.9999999403953552,0.0,0.7073229738225586,0.7073229738225586,,,,1.0
3,hexane_hl_gap_eV,77,0.9999999403953552,0.0,0.7073229738225586,0.7073229738225586,,,,1.0
3,hexane_hl_gap_eV,78,0.9999999403953552,0.0,0.7073229738225586,0.7073229738225586,,,,1.0
3,hexane_hl_gap_eV,79,0.9999999403953552,0.0,0.7073229738225586,0.7073229738225586,,,,1.0
3,hexane_hl_gap_eV,80,0.9999999403953552,0.0,0.7073229738225586,0.7073229738225586,,,,1.0
3,hexane_hl_gap_eV,81,0.9999999403953552,0.0,0.7073229738225586,0.7073229738225586,,,,1.0
3,hexane_hl_gap_eV,82,0.9999999403953552,0.0,0.7073229738225586,0.7073229738225586,,,,1.0
3,hexane_hl_gap_eV,83,0.9999999403953552,0.0,0.7073229738225586,0.7073229738225586,,,,1.0
3,hexane_hl_gap_eV,84,0.9999999403953552,0.0,0.7073229738225586,0.7073229738225586,,,,1.0
3,hexane_hl_gap_eV,85,0.9999999403953552,0.0,0.7073229738225586,0.7073229738225586,,,,1.0
3,hexane_hl_gap_eV,86,0.9999999403953552,0.0,0.7073229738225586,0.7073229738225586,,,,1.0
3,hexane_hl_gap_eV,87,0.9999999403953552,0.0,0.7073229738225586,0.7073229738225586,,,,1.0
3,hexane_hl_gap_eV,88,0.9999999403953552,0.0,0.7073229738225586,0.7073229738225586,,,,1.0
3,hexane_hl_gap_eV,89,0.9999999403953552,0.0,0.7073229738225586,0.7073229738225586,,,,1.0
3,hexane_hl_gap_eV,90,0.9999999403953552,0.0,0.7073229738225586,0.7073229738225586,,,,1.0
3,hexane_hl_gap_eV,91,0.9999999403953552,0.0,0.7073229738225586,0.7073229738225586,,,,1.0
3,hexane_hl_gap_eV,92,0.9999999403953552,0.0,0.7073229738225586,0.7073229738225586,,,,1.0
3,hexane_hl_gap_eV,93,0.9999999403953552,0.0,0.7073229738225586,0.7073229738225586,,,,1.0
3,hexane_hl_gap_eV,94,0.9999999403953552,0.0,0.7073229738225586,0.7073229738225586,,,,1.0
3,hexane_hl_gap_eV,95,0.9999999403953552,0.0,0.7073229738225586,0.7073229738225586,,,,1.0
3,hexane_hl_gap_eV,96,0.9999999403953552,0.0,0.7073229738225586,0.7073229738225586,,,,1.0
3,hexane_hl_gap_eV,97,0.9999999403953552,0.0,0.7073229738225586,0.7073229738225586,,,,1.0
3,hexane_hl_gap_eV,98,0.9999999403953552,0.0,0.7073229738225586,0.7073229738225586,,,,1.0
3,hexane_hl_gap_eV,99,0.9999999403953552,0.0,0.7073229738225586,0.7073229738225586,,,,1.0
3,hexane_hl_gap_eV,100,0.9999999403953552,0.0,0.7073229738225586,0.7073229738225586,,,,1.0
3,hexane_hl_gap_eV,101,0.9999999403953552,0.0,0.7073229738225586,0.7073229738225586,,,,1.0
3,hexane_hl_gap_eV,102,0.9999999403953552,0.0,0.7073229738225586,0.7073229738225586,,,,1.0
3,hexane_hl_gap_eV,103,0.9999999403953552,0.0,0.7073229738225586,0.7073229738225586,,,,1.0
3,hexane_hl_gap_eV,104,0.9999999403953552,0.0,0.7073229738225586,0.7073229738225586,,,,1.0
3,hexane_hl_gap_eV,105,0.9999999403953552,0.0,0.7073229738225586,0.7073229738225586,,,,1.0
3,hexane_hl_gap_eV,106,0.9999999403953552,0.0,0.7073229738225586,0.7073229738225586,,,,1.0
3,hexane_hl_gap_eV,107,0.9999999403953552,0.0,0.7073229738225586,0.7073229738225586,,,,1.0
3,hexane_hl_gap_eV,108,0.9999999403953552,0.0,0.7073229738225586,0.7073229738225586,,,,1.0
3,hexane_hl_gap_eV,109,0.9999999403953552,0.0,0.7073229738225586,0.7073229738225586,,,,1.0
3,hexane_hl_gap_eV,110,0.9999999403953552,0.0,0.7073229738225586,0.7073229738225586,,,,1.0
3,hexane_hl_gap_eV,111,0.9999999403953552,0.0,0.7073229738225586,0.7073229738225586,,,,1.0
3,hexane_hl_gap_eV,112,0.9999999403953552,0.0,0.7073229738225586,0.7073229738225586,,,,1.0
3,hexane_hl_gap_eV,113,0.9999999403953552,0.0,0.7073229738225586,0.7073229738225586,,,,1.0
3,hexane_hl_gap_eV,114,0.9999999403953552,0.0,0.7073229738225586,0.7073229738225586,,,,1.0
3,hexane_hl_gap_eV,115,0.9999999403953552,0.0,0.7073229738225586,0.7073229738225586,,,,1.0
3,hexane_hl_gap_eV,116,0.9999999403953552,0.0,0.7073229738225586,0.7073229738225586,,,,1.0
3,hexane_hl_gap_eV,117,0.9999999403953552,0.0,0.7073229738225586,0.7073229738225586,,,,1.0
3,hexane_hl_gap_eV,118,0.9999999403953552,0.0,0.7073229738225586,0.7073229738225586,,,,1.0
3,hexane_hl_gap_eV,119,0.9999999403953552,0.0,0.7073229738225586,0.7073229738225586,,,,1.0
3,hexane_hl_gap_eV,120,0.9999999403953552,0.0,0.7073229738225586,0.7073229738225586,,,,1.0
3,hexane_hl_gap_eV,121,0.9999999403953552,0.0,0.7073229738225586,0.7073229738225586,,,,1.0
3,hexane_hl_gap_eV,122,0.9999999403953552,0.0,0.7073229738225586,0.7073229738225586,,,,1.0
3,hexane_hl_gap_eV,123,0.9999999403953552,0.0,0.7073229738225586,0.7073229738225586,,,,1.0
3,hexane_hl_gap_eV,124,0.9999999403953552,0.0,0.7073229738225586,0.7073229738225586,,,,1.0
3,hexane_hl_gap_eV,125,0.9999999403953552,0.0,0.7073229738225586,0.7073229738225586,,,,1.0
3,hexane_hl_gap_eV,126,0.9999999403953552,0.0,0.7073229738225586,0.7073229738225586,,,,1.0
3,hexane_hl_gap_eV,127,0.9999999403953552,0.0,0.7073229738225586,0.7073229738225586,,,,1.0
3,hexane_hl_gap_eV,128,0.9999999403953552,0.0,0.7073229738225586,0.7073229738225586,,,,1.0
3,hexane_hl_gap_eV,129,0.9999999403953552,0.0,0.7073229738225586,0.7073229738225586,,,,1.0
3,hexane_hl_gap_eV,130,0.9999999403953552,0.0,0.7073229738225586,0.7073229738225586,,,,1.0
3,hexane_hl_gap_eV,131,0.9999999403953552,0.0,0.7073229738225586,0.7073229738225586,,,,1.0
3,hexane_hl_gap_eV,132,0.9999999403953552,0.0,0.7073229738225586,0.7073229738225586,,,,1.0
3,hexane_hl_gap_eV,133,0.9999999403953552,0.0,0.7073229738225586,0.7073229738225586,,,,1.0
3,hexane_hl_gap_eV,134,0.9999999403953552,0.0,0.7073229738225586,0.7073229738225586,,,,1.0
3,hexane_hl_gap_eV,135,0.9999999403953552,0.0,0.7073229738225586,0.7073229738225586,,,,1.0
3,hexane_hl_gap_eV,136,0.9999999403953552,0.0,0.7073229738225586,0.7073229738225586,,,,1.0
3,hexane_hl_gap_eV,137,0.9999999403953552,0.0,0.7073229738225586,0.7073229738225586,,,,1.0
3,hexane_hl_gap_eV,138,0.9999999403953552,0.0,0.7073229738225586,0.7073229738225586,,,,1.0
3,hexane_hl_gap_eV,139,0.9999999403953552,0.0,0.7073229738225586,0.7073229738225586,,,,1.0
3,hexane_hl_gap_eV,140,0.9999999403953552,0.0,0.7073229738225586,0.7073229738225586,,,,1.0
3,hexane_hl_gap_eV,141,0.9999999403953552,0.0,0.7073229738225586,0.7073229738225586,,,,1.0
3,hexane_hl_gap_eV,142,0.9999999403953552,0.0,0.7073229738225586,0.7073229738225586,,,,1.0
3,hexane_hl_gap_eV,143,0.9999999403953552,0.0,0.7073229738225586,0.7073229738225586,,,,1.0
3,hexane_hl_gap_eV,144,0.9999999403953552,0.0,0.7073229738225586,0.7073229738225586,,,,1.0
3,hexane_hl_gap_eV,145,0.9999999403953552,0.0,0.7073229738225586,0.7073229738225586,,,,1.0
3,hexane_hl_gap_eV,146,0.9999999403953552,0.0,0.7073229738225586,0.7073229738225586,,,,1.0
3,hexane_hl_gap_eV,147,0.9999999403953552,0.0,0.7073229738225586,0.7073229738225586,,,,1.0
3,hexane_hl_gap_eV,148,0.9999999403953552,0.0,0.7073229738225586,0.7073229738225586,,,,1.0
3,hexane_hl_gap_eV,149,0.9999999403953552,0.0,0.7073229738225586,0.7073229738225586,,,,1.0
3,hexane_hl_gap_eV,150,0.9999999403953552,0.0,0.7073229738225586,0.7073229738225586,,,,1.0
3,hexane_hl_gap_eV,151,0.9999999403953552,0.0,0.7073229738225586,0.7073229738225586,,,,1.0
3,hexane_hl_gap_eV,152,0.9999999403953552,0.0,0.7073229738225586,0.7073229738225586,,,,1.0
3,hexane_hl_gap_eV,153,0.9999999403953552,0.0,0.7073229738225586,0.7073229738225586,,,,1.0
3,hexane_hl_gap_eV,154,0.9999999403953552,0.0,0.7073229738225586,0.7073229738225586,,,,1.0
3,hexane_hl_gap_eV,155,0.9999999403953552,0.0,0.7073229738225586,0.7073229738225586,,,,1.0
3,hexane_hl_gap_eV,156,0.9999999403953552,0.0,0.7073229738225586,0.7073229738225586,,,,1.0
3,hexane_hl_gap_eV,157,0.9999999403953552,0.0,0.7073229738225586,0.7073229738225586,,,,1.0
3,hexane_hl_gap_eV,158,0.9999999403953552,0.0,0.7073229738225586,0.7073229738225586,,,,1.0
3,hexane_hl_gap_eV,159,0.9999999403953552,0.0,0.7073229738225586,0.7073229738225586,,,,1.0
3,hexane_hl_gap_eV,160,0.9999999403953552,0.0,0.7073229738225586,0.7073229738225586,,,,1.0
3,hexane_hl_gap_eV,161,0.9999999403953552,0.0,0.7073229738225586,0.7073229738225586,,,,1.0
3,hexane_hl_gap_eV,162,0.9999999403953552,0.0,0.7073229738225586,0.7073229738225586,,,,1.0
3,hexane_hl_gap_eV,163,0.9999999403953552,0.0,0.7073229738225586,0.7073229738225586,,,,1.0
3,hexane_hl_gap_eV,164,0.9999999403953552,0.0,0.7073229738225586,0.7073229738225586,,,,1.0
3,hexane_hl_gap_eV,165,0.9999999403953552,0.0,0.7073229738225586,0.7073229738225586,,,,1.0
3,hexane_hl_gap_eV,166,0.9999999403953552,0.0,0.7073229738225586,0.7073229738225586,,,,1.0
3,hexane_hl_gap_eV,167,0.9999999403953552,0.0,0.7073229738225586,0.7073229738225586,,,,1.0
3,hexane_hl_gap_eV,168,0.9999999403953552,0.0,0.7073229738225586,0.7073229738225586,,,,1.0
3,hexane_hl_gap_eV,169,0.9999999403953552,0.0,0.7073229738225586,0.7073229738225586,,,,1.0
3,hexane_hl_gap_eV,170,0.9999999403953552,0.0,0.7073229738225586,0.7073229738225586,,,,1.0
3,hexane_hl_gap_eV,171,0.9999999403953552,0.0,0.7073229738225586,0.7073229738225586,,,,1.0
3,hexane_hl_gap_eV,172,0.9999999403953552,0.0,0.7073229738225586,0.7073229738225586,,,,1.0
3,hexane_hl_gap_eV,173,0.9999999403953552,0.0,0.7073229738225586,0.7073229738225586,,,,1.0
3,hexane_hl_gap_eV,174,0.9999999403953552,0.0,0.7073229738225586,0.7073229738225586,,,,1.0
3,hexane_hl_gap_eV,175,0.9999999403953552,0.0,0.7073229738225586,0.7073229738225586,,,,1.0
3,hexane_hl_gap_eV,176,0.9999999403953552,0.0,0.7073229738225586,0.7073229738225586,,,,1.0
3,hexane_hl_gap_eV,177,0.9999999403953552,0.0,0.7073229738225586,0.7073229738225586,,,,1.0
3,hexane_hl_gap_eV,178,0.9999999403953552,0.0,0.7073229738225586,0.7073229738225586,,,,1.0
3,hexane_hl_gap_eV,179,0.9999999403953552,0.0,0.7073229738225586,0.7073229738225586,,,,1.0
3,hexane_hl_gap_eV,180,0.9999999403953552,0.0,0.7073229738225586,0.7073229738225586,,,,1.0
3,hexane_hl_gap_eV,181,0.9999999403953552,0.0,0.7073229738225586,0.7073229738225586,,,,1.0
3,hexane_hl_gap_eV,182,0.9999999403953552,0.0,0.7073229738225586,0.7073229738225586,,,,1.0
3,hexane_hl_gap_eV,183,0.9999999403953552,0.0,0.7073229738225586,0.7073229738225586,,,,1.0
3,hexane_hl_gap_eV,184,0.9999999403953552,0.0,0.7073229738225586,0.7073229738225586,,,,1.0
3,hexane_hl_gap_eV,185,0.9999999403953552,0.0,0.7073229738225586,0.7073229738225586,,,,1.0
3,hexane_hl_gap_eV,186,0.9999999403953552,0.0,0.7073229738225586,0.7073229738225586,,,,1.0
3,hexane_hl_gap_eV,187,0.9999999403953552,0.0,0.7073229738225586,0.7073229738225586,,,,1.0
3,hexane_hl_gap_eV,188,0.9999999403953552,0.0,0.7073229738225586,0.7073229738225586,,,,1.0
3,hexane_hl_gap_eV,189,0.9999999403953552,0.0,0.7073229738225586,0.7073229738225586,,,,1.0
3,hexane_hl_gap_eV,190,0.9999999403953552,0.0,0.7073229738225586,0.7073229738225586,,,,1.0
3,hexane_hl_gap_eV,191,0.9999999403953552,0.0,0.7073229738225586,0.7073229738225586,,,,1.0
3,hexane_hl_gap_eV,192,0.9999999403953552,0.0,0.7073229738225586,0.7073229738225586,,,,1.0
3,hexane_hl_gap_eV,193,0.9999999403953552,0.0,0.7073229738225586,0.7073229738225586,,,,1.0
3,hexane_hl_gap_eV,194,0.9999999403953552,0.0,0.7073229738225586,0.7073229738225586,,,,1.0
3,hexane_hl_gap_eV,195,0.9999999403953552,0.0,0.7073229738225586,0.7073229738225586,,,,1.0
3,hexane_hl_gap_eV,196,0.9999999403953552,0.0,0.7073229738225586,0.7073229738225586,,,,1.0
3,hexane_hl_gap_eV,197,0.9999999403953552,0.0,0.7073229738225586,0.7073229738225586,,,,1.0
3,hexane_hl_gap_eV,198,0.9999999403953552,0.0,0.7073229738225586,0.7073229738225586,,,,1.0
3,hexane_hl_gap_eV,199,0.9999999403953552,0.0,0.7073229738225586,0.7073229738225586,,,,1.0
3,hexane_hl_gap_eV,200,0.9999999403953552,0.0,0.7073229738225586,0.7073229738225586,,,,1.0
3,hexane_hl_gap_eV,201,0.9999999403953552,0.0,0.7073229738225586,0.7073229738225586,,,,1.0
3,hexane_hl_gap_eV,202,0.9999999403953552,0.0,0.7073229738225586,0.7073229738225586,,,,1.0
3,hexane_hl_gap_eV,203,0.9999999403953552,0.0,0.7073229738225586,0.7073229738225586,,,,1.0
3,hexane_hl_gap_eV,204,0.9999999403953552,0.0,0.7073229738225586,0.7073229738225586,,,,1.0
3,hexane_hl_gap_eV,205,0.9999999403953552,0.0,0.7073229738225586,0.7073229738225586,,,,1.0
3,hexane_hl_gap_eV,206,0.9999999403953552,0.0,0.7073229738225586,0.7073229738225586,,,,1.0
3,hexane_hl_gap_eV,207,0.9999999403953552,0.0,0.7073229738225586,0.7073229738225586,,,,1.0
3,hexane_hl_gap_eV,208,0.9999999403953552,0.0,0.7073229738225586,0.7073229738225586,,,,1.0
3,hexane_hl_gap_eV,209,0.9999999403953552,0.0,0.7073229738225586,0.7073229738225586,,,,1.0
3,hexane_hl_gap_eV,210,0.9999999403953552,0.0,0.7073229738225586,0.7073229738225586,,,,1.0
3,hexane_hl_gap_eV,211,0.9999999403953552,0.0,0.7073229738225586,0.7073229738225586,,,,1.0
3,hexane_hl_gap_eV,212,0.9999999403953552,0.0,0.7073229738225586,0.7073229738225586,,,,1.0
3,hexane_hl_gap_eV,213,0.9999999403953552,0.0,0.7073229738225586,0.7073229738225586,,,,1.0
3,hexane_hl_gap_eV,214,0.9999999403953552,0.0,0.7073229738225586,0.7073229738225586,,,,1.0
3,hexane_hl_gap_eV,215,0.9999999403953552,0.0,0.7073229738225586,0.7073229738225586,,,,1.0
3,hexane_hl_gap_eV,216,0.9999999403953552,0.0,0.7073229738225586,0.7073229738225586,,,,1.0
3,hexane_hl_gap_eV,217,0.9999999403953552,0.0,0.7073229738225586,0.7073229738225586,,,,1.0
3,hexane_hl_gap_eV,218,0.9999999403953552,0.0,0.7073229738225586,0.7073229738225586,,,,1.0
3,hexane_hl_gap_eV,219,0.9999999403953552,0.0,0.7073229738225586,0.7073229738225586,,,,1.0
3,hexane_hl_gap_eV,220,0.9999999403953552,0.0,0.7073229738225586,0.7073229738225586,,,,1.0
3,hexane_hl_gap_eV,221,0.9999999403953552,0.0,0.7073229738225586,0.7073229738225586,,,,1.0
3,hexane_hl_gap_eV,222,0.9999999403953552,0.0,0.7073229738225586,0.7073229738225586,,,,1.0
3,hexane_hl_gap_eV,223,0.9999999403953552,0.0,0.7073229738225586,0.7073229738225586,,,,1.0
3,hexane_hl_gap_eV,224,0.9999999403953552,0.0,0.7073229738225586,0.7073229738225586,,,,1.0
3,hexane_hl_gap_eV,225,0.9999999403953552,0.0,0.7073229738225586,0.7073229738225586,,,,1.0
3,hexane_hl_gap_eV,226,0.9999999403953552,0.0,0.7073229738225586,0.7073229738225586,,,,1.0
3,hexane_hl_gap_eV,227,0.9999999403953552,0.0,0.7073229738225586,0.7073229738225586,,,,1.0
3,hexane_hl_gap_eV,228,0.9999999403953552,0.0,0.7073229738225586,0.7073229738225586,,,,1.0
3,hexane_hl_gap_eV,229,0.9999999403953552,0.0,0.7073229738225586,0.7073229738225586,,,,1.0
3,hexane_hl_gap_eV,230,0.9999999403953552,0.0,0.7073229738225586,0.7073229738225586,,,,1.0
3,hexane_hl_gap_eV,231,0.9999999403953552,0.0,0.7073229738225586,0.7073229738225586,,,,1.0
3,hexane_hl_gap_eV,232,0.9999999403953552,0.0,0.7073229738225586,0.7073229738225586,,,,1.0
3,hexane_hl_gap_eV,233,0.9999999403953552,0.0,0.7073229738225586,0.7073229738225586,,,,1.0
3,hexane_hl_gap_eV,234,0.9999999403953552,0.0,0.7073229738225586,0.7073229738225586,,,,1.0
3,hexane_hl_gap_eV,235,0.9999999403953552,0.0,0.7073229738225586,0.7073229738225586,,,,1.0
3,hexane_hl_gap_eV,236,0.9999999403953552,0.0,0.7073229738225586,0.7073229738225586,,,,1.0
3,hexane_hl_gap_eV,237,0.9999999403953552,0.0,0.7073229738225586,0.7073229738225586,,,,1.0
3,hexane_hl_gap_eV,238,0.9999999403953552,0.0,0.7073229738225586,0.7073229738225586,,,,1.0
3,hexane_hl_gap_eV,239,0.9999999403953552,0.0,0.7073229738225586,0.7073229738225586,,,,1.0
3,hexane_hl_gap_eV,240,0.9999999403953552,0.0,0.7073229738225586,0.7073229738225586,,,,1.0
3,hexane_hl_gap_eV,241,0.9999999403953552,0.0,0.7073229738225586,0.7073229738225586,,,,1.0
3,hexane_hl_gap_eV,242,0.9999999403953552,0.0,0.7073229738225586,0.7073229738225586,,,,1.0
3,hexane_hl_gap_eV,243,0.9999999403953552,0.0,0.7073229738225586,0.7073229738225586,,,,1.0
3,hexane_hl_gap_eV,244,0.9999999403953552,0.0,0.7073229738225586,0.7073229738225586,,,,1.0
3,hexane_hl_gap_eV,245,0.9999999403953552,0.0,0.7073229738225586,0.7073229738225586,,,,1.0
3,hexane_hl_gap_eV,246,0.9999999403953552,0.0,0.7073229738225586,0.7073229738225586,,,,1.0
3,hexane_hl_gap_eV,247,0.9999999403953552,0.0,0.7073229738225586,0.7073229738225586,,,,1.0
3,hexane_hl_gap_eV,248,0.9999999403953552,0.0,0.7073229738225586,0.7073229738225586,,,,1.0
3,hexane_hl_gap_eV,249,0.9999999403953552,0.0,0.7073229738225586,0.7073229738225586,,,,1.0
3,hexane_dipole,0,1.0,0.0,0.6318176253761398,0.6318176253761398,,,,1.0
3,hexane_dipole,1,1.0,0.0,0.6318176253761398,0.6318176253761398,,,,1.0
3,hexane_dipole,2,1.0,0.0,0.6318176253761398,0.6318176253761398,,,,1.0
3,hexane_dipole,3,1.0,0.0,0.6318176253761398,0.6318176253761398,,,,1.0
3,hexane_dipole,4,1.0,0.0,0.6318176253761398,0.6318176253761398,,,,1.0
3,hexane_dipole,5,1.0,0.0,0.6318176253761398,0.6318176253761398,,,,1.0
3,hexane_dipole,6,1.0,0.0,0.6318176253761398,0.6318176253761398,,,,1.0
3,hexane_dipole,7,1.0,0.0,0.6318176253761398,0.6318176253761398,,,,1.0
3,hexane_dipole,8,1.0,0.0,0.6318176253761398,0.6318176253761398,,,,1.0
3,hexane_dipole,9,1.0,0.0,0.6318176253761398,0.6318176253761398,,,,1.0
3,hexane_dipole,10,1.0,0.0,0.6318176253761398,0.6318176253761398,,,,1.0
3,hexane_dipole,11,1.0,0.0,0.6318176253761398,0.6318176253761398,,,,1.0
3,hexane_dipole,12,1.0,0.0,0.6318176253761398,0.6318176253761398,,,,1.0
3,hexane_dipole,13,1.0,0.0,0.6318176253761398,0.6318176253761398,,,,1.0
3,hexane_dipole,14,1.0,0.0,0.6318176253761398,0.6318176253761398,,,,1.0
3,hexane_dipole,15,1.0,0.0,0.6318176253761398,0.6318176253761398,,,,1.0
3,hexane_dipole,16,1.0,0.0,0.6318176253761398,0.6318176253761398,,,,1.0
3,hexane_dipole,17,1.0,0.0,0.6318176253761398,0.6318176253761398,,,,1.0
3,hexane_dipole,18,1.0,0.0,0.6318176253761398,0.6318176253761398,,,,1.0
3,hexane_dipole,19,1.0,0.0,0.6318176253761398,0.6318176253761398,,,,1.0
3,hexane_dipole,20,1.0,0.0,0.6318176253761398,0.6318176253761398,,,,1.0
3,hexane_dipole,21,1.0,0.0,0.6318176253761398,0.6318176253761398,,,,1.0
3,hexane_dipole,22,1.0,0.0,0.6318176253761398,0.6318176253761398,,,,1.0
3,hexane_dipole,23,1.0,0.0,0.6318176253761398,0.6318176253761398,,,,1.0
3,hexane_dipole,24,1.0,0.0,0.6318176253761398,0.6318176253761398,,,,1.0
3,hexane_dipole,25,1.0,0.0,0.6318176253761398,0.6318176253761398,,,,1.0
3,hexane_dipole,26,1.0,0.0,0.6318176253761398,0.6318176253761398,,,,1.0
3,hexane_dipole,27,1.0,0.0,0.6318176253761398,0.6318176253761398,,,,1.0
3,hexane_dipole,28,1.0,0.0,0.6318176253761398,0.6318176253761398,,,,1.0
3,hexane_dipole,29,1.0,0.0,0.6318176253761398,0.6318176253761398,,,,1.0
3,hexane_dipole,30,1.0,0.0,0.6318176253761398,0.6318176253761398,,,,1.0
3,hexane_dipole,31,1.0,0.0,0.6318176253761398,0.6318176253761398,,,,1.0
3,hexane_dipole,32,1.0,0.0,0.6318176253761398,0.6318176253761398,,,,1.0
3,hexane_dipole,33,1.0,0.0,0.6318176253761398,0.6318176253761398,,,,1.0
3,hexane_dipole,34,1.0,0.0,0.6318176253761398,0.6318176253761398,,,,1.0
3,hexane_dipole,35,1.0,0.0,0.6318176253761398,0.6318176253761398,,,,1.0
3,hexane_dipole,36,1.0,0.0,0.6318176253761398,0.6318176253761398,,,,1.0
3,hexane_dipole,37,1.0,0.0,0.6318176253761398,0.6318176253761398,,,,1.0
3,hexane_dipole,38,1.0,0.0,0.6318176253761398,0.6318176253761398,,,,1.0
3,hexane_dipole,39,1.0,0.0,0.6318176253761398,0.6318176253761398,,,,1.0
3,hexane_dipole,40,1.0,0.0,0.6318176253761398,0.6318176253761398,,,,1.0
3,hexane_dipole,41,1.0,0.0,0.6318176253761398,0.6318176253761398,,,,1.0
3,hexane_dipole,42,1.0,0.0,0.6318176253761398,0.6318176253761398,,,,1.0
3,hexane_dipole,43,1.0,0.0,0.6318176253761398,0.6318176253761398,,,,1.0
3,hexane_dipole,44,1.0,0.0,0.6318176253761398,0.6318176253761398,,,,1.0
3,hexane_dipole,45,1.0,0.0,0.6318176253761398,0.6318176253761398,,,,1.0
3,hexane_dipole,46,1.0,0.0,0.6318176253761398,0.6318176253761398,,,,1.0
3,hexane_dipole,47,1.0,0.0,0.6318176253761398,0.6318176253761398,,,,1.0
3,hexane_dipole,48,1.0,0.0,0.6318176253761398,0.6318176253761398,,,,1.0
3,hexane_dipole,49,1.0,0.0,0.6318176253761398,0.6318176253761398,,,,1.0
3,hexane_dipole,50,1.0,0.0,0.6318176253761398,0.6318176253761398,,,,1.0
3,hexane_dipole,51,1.0,0.0,0.6318176253761398,0.6318176253761398,,,,1.0
3,hexane_dipole,52,1.0,0.0,0.6318176253761398,0.6318176253761398,,,,1.0
3,hexane_dipole,53,1.0,0.0,0.6318176253761398,0.6318176253761398,,,,1.0
3,hexane_dipole,54,1.0,0.0,0.6318176253761398,0.6318176253761398,,,,1.0
3,hexane_dipole,55,1.0,0.0,0.6318176253761398,0.6318176253761398,,,,1.0
3,hexane_dipole,56,1.0,0.0,0.6318176253761398,0.6318176253761398,,,,1.0
3,hexane_dipole,57,1.0,0.0,0.6318176253761398,0.6318176253761398,,,,1.0
3,hexane_dipole,58,1.0,0.0,0.6318176253761398,0.6318176253761398,,,,1.0
3,hexane_dipole,59,1.0,0.0,0.6318176253761398,0.6318176253761398,,,,1.0
3,hexane_dipole,60,1.0,0.0,0.6318176253761398,0.6318176253761398,,,,1.0
3,hexane_dipole,61,1.0,0.0,0.6318176253761398,0.6318176253761398,,,,1.0
3,hexane_dipole,62,1.0,0.0,0.6318176253761398,0.6318176253761398,,,,1.0
3,hexane_dipole,63,1.0,0.0,0.6318176253761398,0.6318176253761398,,,,1.0
3,hexane_dipole,64,1.0,0.0,0.6318176253761398,0.6318176253761398,,,,1.0
3,hexane_dipole,65,1.0,0.0,0.6318176253761398,0.6318176253761398,,,,1.0
3,hexane_dipole,66,1.0,0.0,0.6318176253761398,0.6318176253761398,,,,1.0
3,hexane_dipole,67,1.0,0.0,0.6318176253761398,0.6318176253761398,,,,1.0
3,hexane_dipole,68,1.0,0.0,0.6318176253761398,0.6318176253761398,,,,1.0
3,hexane_dipole,69,1.0,0.0,0.6318176253761398,0.6318176253761398,,,,1.0
3,hexane_dipole,70,1.0,0.0,0.6318176253761398,0.6318176253761398,,,,1.0
3,hexane_dipole,71,1.0,0.0,0.6318176253761398,0.6318176253761398,,,,1.0
3,hexane_dipole,72,1.0,0.0,0.6318176253761398,0.6318176253761398,,,,1.0
3,hexane_dipole,73,1.0,0.0,0.6318176253761398,0.6318176253761398,,,,1.0
3,hexane_dipole,74,1.0,0.0,0.6318176253761398,0.6318176253761398,,,,1.0
3,hexane_dipole,75,1.0,0.0,0.6318176253761398,0.6318176253761398,,,,1.0
3,hexane_dipole,76,1.0,0.0,0.6318176253761398,0.6318176253761398,,,,1.0
3,hexane_dipole,77,1.0,0.0,0.6318176253761398,0.6318176253761398,,,,1.0
3,hexane_dipole,78,1.0,0.0,0.6318176253761398,0.6318176253761398,,,,1.0
3,hexane_dipole,79,1.0,0.0,0.6318176253761398,0.6318176253761398,,,,1.0
3,hexane_dipole,80,1.0,0.0,0.6318176253761398,0.6318176253761398,,,,1.0
3,hexane_dipole,81,1.0,0.0,0.6318176253761398,0.6318176253761398,,,,1.0
3,hexane_dipole,82,1.0,0.0,0.6318176253761398,0.6318176253761398,,,,1.0
3,hexane_dipole,83,1.0,0.0,0.6318176253761398,0.6318176253761398,,,,1.0
3,hexane_dipole,84,1.0,0.0,0.6318176253761398,0.6318176253761398,,,,1.0
3,hexane_dipole,85,1.0,0.0,0.6318176253761398,0.6318176253761398,,,,1.0
3,hexane_dipole,86,1.0,0.0,0.6318176253761398,0.6318176253761398,,,,1.0
3,hexane_dipole,87,1.0,0.0,0.6318176253761398,0.6318176253761398,,,,1.0
3,hexane_dipole,88,1.0,0.0,0.6318176253761398,0.6318176253761398,,,,1.0
3,hexane_dipole,89,1.0,0.0,0.6318176253761398,0.6318176253761398,,,,1.0
3,hexane_dipole,90,1.0,0.0,0.6318176253761398,0.6318176253761398,,,,1.0
3,hexane_dipole,91,1.0,0.0,0.6318176253761398,0.6318176253761398,,,,1.0
3,hexane_dipole,92,1.0,0.0,0.6318176253761398,0.6318176253761398,,,,1.0
3,hexane_dipole,93,1.0,0.0,0.6318176253761398,0.6318176253761398,,,,1.0
3,hexane_dipole,94,1.0,0.0,0.6318176253761398,0.6318176253761398,,,,1.0
3,hexane_dipole,95,1.0,0.0,0.6318176253761398,0.6318176253761398,,,,1.0
3,hexane_dipole,96,1.0,0.0,0.6318176253761398,0.6318176253761398,,,,1.0
3,hexane_dipole,97,1.0,0.0,0.6318176253761398,0.6318176253761398,,,,1.0
3,hexane_dipole,98,1.0,0.0,0.6318176253761398,0.6318176253761398,,,,1.0
3,hexane_dipole,99,1.0,0.0,0.6318176253761398,0.6318176253761398,,,,1.0
3,hexane_dipole,100,1.0,0.0,0.6318176253761398,0.6318176253761398,,,,1.0
3,hexane_dipole,101,1.0,0.0,0.6318176253761398,0.6318176253761398,,,,1.0
3,hexane_dipole,102,1.0,0.0,0.6318176253761398,0.6318176253761398,,,,1.0
3,hexane_dipole,103,1.0,0.0,0.6318176253761398,0.6318176253761398,,,,1.0
3,hexane_dipole,104,1.0,0.0,0.6318176253761398,0.6318176253761398,,,,1.0
3,hexane_dipole,105,1.0,0.0,0.6318176253761398,0.6318176253761398,,,,1.0
3,hexane_dipole,106,1.0,0.0,0.6318176253761398,0.6318176253761398,,,,1.0
3,hexane_dipole,107,1.0,0.0,0.6318176253761398,0.6318176253761398,,,,1.0
3,hexane_dipole,108,1.0,0.0,0.6318176253761398,0.6318176253761398,,,,1.0
3,hexane_dipole,109,1.0,0.0,0.6318176253761398,0.6318176253761398,,,,1.0
3,hexane_dipole,110,1.0,0.0,0.6318176253761398,0.6318176253761398,,,,1.0
3,hexane_dipole,111,1.0,0.0,0.6318176253761398,0.6318176253761398,,,,1.0
3,hexane_dipole,112,1.0,0.0,0.6318176253761398,0.6318176253761398,,,,1.0
3,hexane_dipole,113,1.0,0.0,0.6318176253761398,0.6318176253761398,,,,1.0
3,hexane_dipole,114,1.0,0.0,0.6318176253761398,0.6318176253761398,,,,1.0
3,hexane_dipole,115,1.0,0.0,0.6318176253761398,0.6318176253761398,,,,1.0
3,hexane_dipole,116,1.0,0.0,0.6318176253761398,0.6318176253761398,,,,1.0
3,hexane_dipole,117,1.0,0.0,0.6318176253761398,0.6318176253761398,,,,1.0
3,hexane_dipole,118,1.0,0.0,0.6318176253761398,0.6318176253761398,,,,1.0
3,hexane_dipole,119,1.0,0.0,0.6318176253761398,0.6318176253761398,,,,1.0
3,hexane_dipole,120,1.0,0.0,0.6318176253761398,0.6318176253761398,,,,1.0
3,hexane_dipole,121,1.0,0.0,0.6318176253761398,0.6318176253761398,,,,1.0
3,hexane_dipole,122,1.0,0.0,0.6318176253761398,0.6318176253761398,,,,1.0
3,hexane_dipole,123,1.0,0.0,0.6318176253761398,0.6318176253761398,,,,1.0
3,hexane_dipole,124,1.0,0.0,0.6318176253761398,0.6318176253761398,,,,1.0
3,hexane_dipole,125,1.0,0.0,0.6318176253761398,0.6318176253761398,,,,1.0
3,hexane_dipole,126,1.0,0.0,0.6318176253761398,0.6318176253761398,,,,1.0
3,hexane_dipole,127,1.0,0.0,0.6318176253761398,0.6318176253761398,,,,1.0
3,hexane_dipole,128,1.0,0.0,0.6318176253761398,0.6318176253761398,,,,1.0
3,hexane_dipole,129,1.0,0.0,0.6318176253761398,0.6318176253761398,,,,1.0
3,hexane_dipole,130,1.0,0.0,0.6318176253761398,0.6318176253761398,,,,1.0
3,hexane_dipole,131,1.0,0.0,0.6318176253761398,0.6318176253761398,,,,1.0
3,hexane_dipole,132,1.0,0.0,0.6318176253761398,0.6318176253761398,,,,1.0
3,hexane_dipole,133,1.0,0.0,0.6318176253761398,0.6318176253761398,,,,1.0
3,hexane_dipole,134,1.0,0.0,0.6318176253761398,0.6318176253761398,,,,1.0
3,hexane_dipole,135,1.0,0.0,0.6318176253761398,0.6318176253761398,,,,1.0
3,hexane_dipole,136,1.0,0.0,0.6318176253761398,0.6318176253761398,,,,1.0
3,hexane_dipole,137,1.0,0.0,0.6318176253761398,0.6318176253761398,,,,1.0
3,hexane_dipole,138,1.0,0.0,0.6318176253761398,0.6318176253761398,,,,1.0
3,hexane_dipole,139,1.0,0.0,0.6318176253761398,0.6318176253761398,,,,1.0
3,hexane_dipole,140,1.0,0.0,0.6318176253761398,0.6318176253761398,,,,1.0
3,hexane_dipole,141,1.0,0.0,0.6318176253761398,0.6318176253761398,,,,1.0
3,hexane_dipole,142,1.0,0.0,0.6318176253761398,0.6318176253761398,,,,1.0
3,hexane_dipole,143,1.0,0.0,0.6318176253761398,0.6318176253761398,,,,1.0
3,hexane_dipole,144,1.0,0.0,0.6318176253761398,0.6318176253761398,,,,1.0
3,hexane_dipole,145,1.0,0.0,0.6318176253761398,0.6318176253761398,,,,1.0
3,hexane_dipole,146,1.0,0.0,0.6318176253761398,0.6318176253761398,,,,1.0
3,hexane_dipole,147,1.0,0.0,0.6318176253761398,0.6318176253761398,,,,1.0
3,hexane_dipole,148,1.0,0.0,0.6318176253761398,0.6318176253761398,,,,1.0
3,hexane_dipole,149,1.0,0.0,0.6318176253761398,0.6318176253761398,,,,1.0
3,hexane_dipole,150,1.0,0.0,0.6318176253761398,0.6318176253761398,,,,1.0
3,hexane_dipole,151,1.0,0.0,0.6318176253761398,0.6318176253761398,,,,1.0
3,hexane_dipole,152,1.0,0.0,0.6318176253761398,0.6318176253761398,,,,1.0
3,hexane_dipole,153,1.0,0.0,0.6318176253761398,0.6318176253761398,,,,1.0
3,hexane_dipole,154,1.0,0.0,0.6318176253761398,0.6318176253761398,,,,1.0
3,hexane_dipole,155,1.0,0.0,0.6318176253761398,0.6318176253761398,,,,1.0
3,hexane_dipole,156,1.0,0.0,0.6318176253761398,0.6318176253761398,,,,1.0
3,hexane_dipole,157,1.0,0.0,0.6318176253761398,0.6318176253761398,,,,1.0
3,hexane_dipole,158,1.0,0.0,0.6318176253761398,0.6318176253761398,,,,1.0
3,hexane_dipole,159,1.0,0.0,0.6318176253761398,0.6318176253761398,,,,1.0
3,hexane_dipole,160,1.0,0.0,0.6318176253761398,0.6318176253761398,,,,1.0
3,hexane_dipole,161,1.0,0.0,0.6318176253761398,0.6318176253761398,,,,1.0
3,hexane_dipole,162,1.0,0.0,0.6318176253761398,0.6318176253761398,,,,1.0
3,hexane_dipole,163,1.0,0.0,0.6318176253761398,0.6318176253761398,,,,1.0
3,hexane_dipole,164,1.0,0.0,0.6318176253761398,0.6318176253761398,,,,1.0
3,hexane_dipole,165,1.0,0.0,0.6318176253761398,0.6318176253761398,,,,1.0
3,hexane_dipole,166,1.0,0.0,0.6318176253761398,0.6318176253761398,,,,1.0
3,hexane_dipole,167,1.0,0.0,0.6318176253761398,0.6318176253761398,,,,1.0
3,hexane_dipole,168,1.0,0.0,0.6318176253761398,0.6318176253761398,,,,1.0
3,hexane_dipole,169,1.0,0.0,0.6318176253761398,0.6318176253761398,,,,1.0
3,hexane_dipole,170,1.0,0.0,0.6318176253761398,0.6318176253761398,,,,1.0
3,hexane_dipole,171,1.0,0.0,0.6318176253761398,0.6318176253761398,,,,1.0
3,hexane_dipole,172,1.0,0.0,0.6318176253761398,0.6318176253761398,,,,1.0
3,hexane_dipole,173,1.0,0.0,0.6318176253761398,0.6318176253761398,,,,1.0
3,hexane_dipole,174,1.0,0.0,0.6318176253761398,0.6318176253761398,,,,1.0
3,hexane_dipole,175,1.0,0.0,0.6318176253761398,0.6318176253761398,,,,1.0
3,hexane_dipole,176,1.0,0.0,0.6318176253761398,0.6318176253761398,,,,1.0
3,hexane_dipole,177,1.0,0.0,0.6318176253761398,0.6318176253761398,,,,1.0
3,hexane_dipole,178,1.0,0.0,0.6318176253761398,0.6318176253761398,,,,1.0
3,hexane_dipole,179,1.0,0.0,0.6318176253761398,0.6318176253761398,,,,1.0
3,hexane_dipole,180,1.0,0.0,0.6318176253761398,0.6318176253761398,,,,1.0
3,hexane_dipole,181,1.0,0.0,0.6318176253761398,0.6318176253761398,,,,1.0
3,hexane_dipole,182,1.0,0.0,0.6318176253761398,0.6318176253761398,,,,1.0
3,hexane_dipole,183,1.0,0.0,0.6318176253761398,0.6318176253761398,,,,1.0
3,hexane_dipole,184,1.0,0.0,0.6318176253761398,0.6318176253761398,,,,1.0
3,hexane_dipole,185,1.0,0.0,0.6318176253761398,0.6318176253761398,,,,1.0
3,hexane_dipole,186,1.0,0.0,0.6318176253761398,0.6318176253761398,,,,1.0
3,hexane_dipole,187,1.0,0.0,0.6318176253761398,0.6318176253761398,,,,1.0
3,hexane_dipole,188,1.0,0.0,0.6318176253761398,0.6318176253761398,,,,1.0
3,hexane_dipole,189,1.0,0.0,0.6318176253761398,0.6318176253761398,,,,1.0
3,hexane_dipole,190,1.0,0.0,0.6318176253761398,0.6318176253761398,,,,1.0
3,hexane_dipole,191,1.0,0.0,0.6318176253761398,0.6318176253761398,,,,1.0
3,hexane_dipole,192,1.0,0.0,0.6318176253761398,0.6318176253761398,,,,1.0
3,hexane_dipole,193,1.0,0.0,0.6318176253761398,0.6318176253761398,,,,1.0
3,hexane_dipole,194,1.0,0.0,0.6318176253761398,0.6318176253761398,,,,1.0
3,hexane_dipole,195,1.0,0.0,0.6318176253761398,0.6318176253761398,,,,1.0
3,hexane_dipole,196,1.0,0.0,0.6318176253761398,0.6318176253761398,,,,1.0
3,hexane_dipole,197,1.0,0.0,0.6318176253761398,0.6318176253761398,,,,1.0
3,hexane_dipole,198,1.0,0.0,0.6318176253761398,0.6318176253761398,,,,1.0
3,hexane_dipole,199,1.0,0.0,0.6318176253761398,0.6318176253761398,,,,1.0
3,hexane_dipole,200,1.0,0.0,0.6318176253761398,0.6318176253761398,,,,1.0
3,hexane_dipole,201,1.0,0.0,0.6318176253761398,0.6318176253761398,,,,1.0
3,hexane_dipole,202,1.0,0.0,0.6318176253761398,0.6318176253761398,,,,1.0
3,hexane_dipole,203,1.0,0.0,0.6318176253761398,0.6318176253761398,,,,1.0
3,hexane_dipole,204,1.0,0.0,0.6318176253761398,0.6318176253761398,,,,1.0
3,hexane_dipole,205,1.0,0.0,0.6318176253761398,0.6318176253761398,,,,1.0
3,hexane_dipole,206,1.0,0.0,0.6318176253761398,0.6318176253761398,,,,1.0
3,hexane_dipole,207,1.0,0.0,0.6318176253761398,0.6318176253761398,,,,1.0
3,hexane_dipole,208,1.0,0.0,0.6318176253761398,0.6318176253761398,,,,1.0
3,hexane_dipole,209,1.0,0.0,0.6318176253761398,0.6318176253761398,,,,1.0
3,hexane_dipole,210,1.0,0.0,0.6318176253761398,0.6318176253761398,,,,1.0
3,hexane_dipole,211,1.0,0.0,0.6318176253761398,0.6318176253761398,,,,1.0
3,hexane_dipole,212,1.0,0.0,0.6318176253761398,0.6318176253761398,,,,1.0
3,hexane_dipole,213,1.0,0.0,0.6318176253761398,0.6318176253761398,,,,1.0
3,hexane_dipole,214,1.0,0.0,0.6318176253761398,0.6318176253761398,,,,1.0
3,hexane_dipole,215,1.0,0.0,0.6318176253761398,0.6318176253761398,,,,1.0
3,hexane_dipole,216,1.0,0.0,0.6318176253761398,0.6318176253761398,,,,1.0
3,hexane_dipole,217,1.0,0.0,0.6318176253761398,0.6318176253761398,,,,1.0
3,hexane_dipole,218,1.0,0.0,0.6318176253761398,0.6318176253761398,,,,1.0
3,hexane_dipole,219,1.0,0.0,0.6318176253761398,0.6318176253761398,,,,1.0
3,hexane_dipole,220,1.0,0.0,0.6318176253761398,0.6318176253761398,,,,1.0
3,hexane_dipole,221,1.0,0.0,0.6318176253761398,0.6318176253761398,,,,1.0
3,hexane_dipole,222,1.0,0.0,0.6318176253761398,0.6318176253761398,,,,1.0
3,hexane_dipole,223,1.0,0.0,0.6318176253761398,0.6318176253761398,,,,1.0
3,hexane_dipole,224,1.0,0.0,0.6318176253761398,0.6318176253761398,,,,1.0
3,hexane_dipole,225,1.0,0.0,0.6318176253761398,0.6318176253761398,,,,1.0
3,hexane_dipole,226,1.0,0.0,0.6318176253761398,0.6318176253761398,,,,1.0
3,hexane_dipole,227,1.0,0.0,0.6318176253761398,0.6318176253761398,,,,1.0
3,hexane_dipole,228,1.0,0.0,0.6318176253761398,0.6318176253761398,,,,1.0
3,hexane_dipole,229,1.0,0.0,0.6318176253761398,0.6318176253761398,,,,1.0
3,hexane_dipole,230,1.0,0.0,0.6318176253761398,0.6318176253761398,,,,1.0
3,hexane_dipole,231,1.0,0.0,0.6318176253761398,0.6318176253761398,,,,1.0
3,hexane_dipole,232,1.0,0.0,0.6318176253761398,0.6318176253761398,,,,1.0
3,hexane_dipole,233,1.0,0.0,0.6318176253761398,0.6318176253761398,,,,1.0
3,hexane_dipole,234,1.0,0.0,0.6318176253761398,0.6318176253761398,,,,1.0
3,hexane_dipole,235,1.0,0.0,0.6318176253761398,0.6318176253761398,,,,1.0
3,hexane_dipole,236,1.0,0.0,0.6318176253761398,0.6318176253761398,,,,1.0
3,hexane_dipole,237,1.0,0.0,0.6318176253761398,0.6318176253761398,,,,1.0
3,hexane_dipole,238,1.0,0.0,0.6318176253761398,0.6318176253761398,,,,1.0
3,hexane_dipole,239,1.0,0.0,0.6318176253761398,0.6318176253761398,,,,1.0
3,hexane_dipole,240,1.0,0.0,0.6318176253761398,0.6318176253761398,,,,1.0
3,hexane_dipole,241,1.0,0.0,0.6318176253761398,0.6318176253761398,,,,1.0
3,hexane_dipole,242,1.0,0.0,0.6318176253761398,0.6318176253761398,,,,1.0
3,hexane_dipole,243,1.0,0.0,0.6318176253761398,0.6318176253761398,,,,1.0
3,hexane_dipole,244,1.0,0.0,0.6318176253761398,0.6318176253761398,,,,1.0
3,hexane_dipole,245,1.0,0.0,0.6318176253761398,0.6318176253761398,,,,1.0
3,hexane_dipole,246,1.0,0.0,0.6318176253761398,0.6318176253761398,,,,1.0
3,hexane_dipole,247,1.0,0.0,0.6318176253761398,0.6318176253761398,,,,1.0
3,hexane_dipole,248,1.0,0.0,0.6318176253761398,0.6318176253761398,,,,1.0
3,hexane_dipole,249,1.0,0.0,0.6318176253761398,0.6318176253761398,,,,1.0
4,sco_kcal,0,0.3198423981666565,0.02782885916531086,0.6553403710824501,0.9405641254189323,5.372024059295654,1.6228301525115967,0.302089144538264,0.24
4,sco_kcal,1,0.5022728443145752,0.020582575350999832,0.6743259628211138,0.9365175723789652,4.135596752166748,1.9331820011138916,0.4674493469657182,0.2
4,sco_kcal,2,0.2864660322666168,0.008319293148815632,0.6520710755166303,0.9231717871577976,1.6489607095718384,0.4931381940841675,0.2990600025953399,0.16
4,sco_kcal,3,0.8530406355857849,0.009966009296476841,0.7043848554130263,0.9459783569968083,2.088803768157959,2.791350841522217,1.336339432202293,0.58
4,sco_kcal,4,0.13460545241832733,0.018718749284744263,0.6499254192451442,0.9403792440913235,3.3861067295074463,0.1211257353425026,0.035771387324262494,0.06
4,sco_kcal,5,0.3925546705722809,0.01420512329787016,0.6552442120436595,0.9491781445172531,2.627624273300171,0.9198479652404785,0.3500683010836984,0.16
4,sco_kcal,6,0.9208630323410034,0.004487934522330761,0.7395606432770636,0.9197520290819785,1.3815544843673706,1.3413680791854858,0.970912182156691,0.76
4,sco_kcal,7,0.43896451592445374,0.0027855203952640295,0.6435992094427077,0.9671381100138787,0.582294225692749,0.16478489339351654,0.28299249094815215,0.3
4,sco_kcal,8,0.1823579967021942,0.013095859438180923,0.6406946719501381,0.9628598327161422,2.2893221378326416,0.1298820823431015,0.0567338602972075,0.06
4,sco_kcal,9,0.385852187871933,0.026558339595794678,0.6658570498827345,0.939176840933575,5.214763164520264,1.6918185949325562,0.3244286541032581,0.2
4,sco_kcal,10,0.10185342282056808,0.03870657458901405,0.6683268255951351,0.9467651533826777,7.727785587310791,0.382760614156723,0.04953043919660829,0.06
4,sco_kcal,11,0.19525015354156494,0.009644790552556515,0.6530056054260172,0.957295111512819,1.8564085960388184,0.31046023964881897,0.16723701900070662,0.12
4,sco_kcal,12,0.172751322388649,0.020714562386274338,0.6469979399706012,0.9567635720368384,3.5214529037475586,0.3572594225406647,0.10145227901826155,0.18
4,sco_kcal,13,0.27834460139274597,0.0027333225589245558,0.6367018877759278,0.9704164216767068,0.461887389421463,0.11722683161497116,0.253799593363663,0.18
4,sco_kcal,14,0.5098403692245483,0.0035092097241431475,0.6552067554229841,0.9863858972649027,0.6115587949752808,0.30809667706489563,0.5037891362143666,0.46
4,sco_kcal,15,0.4195460081100464,0.005516417790204287,0.6640837374090589,0.9428045298963046,1.1555792093276978,0.34744778275489807,0.30066981125165715,0.24
4,sco_kcal,16,0.3464517891407013,0.013859394006431103,0.6840790315624834,0.9459379292563868,3.0788826942443848,0.8670486211776733,0.2816114504130087,0.28
4,sco_kcal,17,0.7174951434135437,0.001356738735921681,0.6757495056834486,0.9464115258431163,0.5408563017845154,0.1039445623755455,0.19218517383006928,0.46
4,sco_kcal,18,0.13385877013206482,0.00788196176290512,0.6644329320993871,0.974855645691187,1.63918137550354,0.08730659633874893,0.05326231596056856,0.12
4,sco_kcal,19,0.16604727506637573,0.0032915009651333094,0.6424999632334367,0.949618604137997,0.6025988459587097,0.12936584651470184,0.21467987763714708,0.14
4,sco_kcal,20,0.8473491072654724,0.001619304297491908,0.7010712356451452,0.972276437232291,0.3974229693412781,0.379057914018631,0.953789647958479,0.64
4,sco_kcal,21,0.12235380709171295,0.017312677577137947,0.6446039414378066,0.9541641485869248,2.9997401237487793,0.16836819052696228,0.056127592251742235,0.12
4,sco_kcal,22,0.16658301651477814,0.023445770144462585,0.6626974669503605,0.9726948289301618,4.736529350280762,0.35751017928123474,0.07547935478538585,0.08
4,sco_kcal,23,0.7133820056915283,0.012119540944695473,0.6711739740420031,0.8992145346655342,2.1718270778656006,1.501974105834961,0.6915716822681165,0.5
4,sco_kcal,24,0.43555769324302673,0.0060109347105026245,0.6449293001350851,0.9810743585204982,1.0388160943984985,0.37257638573646545,0.3586548068955332,0.28
4,sco_kcal,25,0.5004715919494629,0.011936779133975506,0.6713076168081402,0.9415336994883219,2.4328882694244385,1.2351107597351074,0.5076726191077012,0.3
4,sco_kcal,26,0.45641398429870605,0.02574632316827774,0.6860813749174359,0.9742133064908078,6.198610305786133,0.33089280128479004,0.053381771874885575,0.16
4,sco_kcal,27,0.30143898725509644,0.004271225538104773,0.6545057310565536,0.9766701359097643,0.7832646369934082,0.1207328736782074,0.1541405905182254,0.34
4,sco_kcal,28,0.23699191212654114,0.01574748009443283,0.6630186056802523,0.9665585323616741,3.0554816722869873,0.31365829706192017,0.10265428848969371,0.16
4,sco_kcal,29,0.9974355697631836,0.0065934741869568825,0.7616173421842041,0.9646721740568385,1.342811107635498,15.440347671508789,11.498525431992498,0.56
4,sco_kcal,30,0.43622392416000366,0.003545626997947693,0.6814932676999439,0.9607573833110659,0.8912850618362427,0.22344030439853668,0.2506945465216265,0.38
4,sco_kcal,31,0.2997443974018097,0.020115811377763748,0.6646187988291927,0.9351177312379437,3.8832545280456543,0.7164789438247681,0.18450475977049954,0.22
4,sco_kcal,32,0.2127639502286911,0.017184581607580185,0.6420680970278161,0.9335994513547794,3.0322155952453613,0.46547773480415344,0.15351076471410596,0.08
4,sco_kcal,33,0.24220015108585358,0.0141978207975626,0.6474520187500943,0.9315570823102859,2.8878657817840576,0.3893427550792694,0.13482023906205998,0.12
4,sco_kcal,34,0.4802912473678589,0.00943477638065815,0.6767683854333006,0.933838702129675,1.8963277339935303,0.9620109796524048,0.5073020672573715,0.36
4,sco_kcal,35,0.6619806885719299,0.0017158153932541609,0.6982868614185735,0.9777195326851875,0.5034546256065369,0.2587340772151947,0.5139173702167993,0.6
4,sco_kcal,36,0.5978090763092041,0.016100602224469185,0.6611228794564687,0.9340100982995398,2.9021339416503906,2.117619752883911,0.7296767811066843,0.44
4,sco_kcal,37,0.16437724232673645,0.008019017986953259,0.6753207138460318,0.9549045007819994,1.7557547092437744,0.1237432062625885,0.07047864124248099,0.14
4,sco_kcal,38,0.1372860074043274,0.020698217675089836,0.6573707722030084,0.9598302168472397,3.871941089630127,0.10818782448768616,0.027941495488512446,0.1
4,sco_kcal,39,0.2540157437324524,0.035033099353313446,0.6543974369993324,0.8950619145520207,6.862538814544678,1.5551530122756958,0.2266148220509378,0.08
4,sco_kcal,40,0.3635485768318176,0.0030114890541881323,0.6774270677398893,0.9479885812647597,0.7963376045227051,0.10873521119356155,0.1365441121655097,0.3
4,sco_kcal,41,0.5394454598426819,0.01511451881378889,0.6722807503905721,0.9147288610942659,2.8641412258148193,1.5673917531967163,0.5472466717317017,0.46
4,sco_kcal,42,0.8018932342529297,0.004658213350921869,0.6886901674354082,0.9279628497952068,0.8849992156028748,0.9484536051750183,1.0716999387721688,0.58
4,sco_kcal,43,0.2770737409591675,0.011497442610561848,0.6654548201137171,0.9708883232323433,2.320392370223999,0.21642471849918365,0.0932707421712006,0.14
4,sco_kcal,44,0.6332356333732605,0.010639319196343422,0.6981460238797081,0.906640200787229,2.1964197158813477,1.6087149381637573,0.732426014268514,0.5
4,sco_kcal,45,0.22064507007598877,0.028505446389317513,0.6421703072755245,0.9164810065556408,5.414647579193115,1.0286250114440918,0.18997081460976198,0.12
4,sco_kcal,46,0.1663607805967331,0.018648330122232437,0.6730765763178446,0.9783738702880143,3.8632307052612305,0.2926737070083618,0.07575879602783683,0.12
4,sco_kcal,47,0.4401289224624634,0.01119040697813034,0.6489862180774661,0.9673002380706301,2.063415765762329,0.34813427925109863,0.16871746597442538,0.24
4,sco_kcal,48,0.07895822077989578,0.017089707776904106,0.6613044084123321,0.9611941786211191,3.3720004558563232,0.06312961131334305,0.01872170900917367,0.08
4,sco_kcal,49,0.3016527593135834,0.011044759303331375,0.6470432504644499,0.9467201393283335,2.1549501419067383,0.118911974132061,0.05518084702732174,0.24
4,sco_kcal,50,0.38201624155044556,0.002907970454543829,0.6470645113408438,0.9737833346472389,0.4719792604446411,0.12300536036491394,0.2606160284437781,0.4
4,sco_kcal,51,0.13242945075035095,0.004476652946323156,0.6655823570421839,0.9480229490920722,0.9906045198440552,0.03180133178830147,0.03210295445987644,0.1
4,sco_kcal,52,0.16008861362934113,0.017402134835720062,0.6620284015892497,0.9614061773901232,3.4536869525909424,0.25475630164146423,0.07376357647306368,0.12
4,sco_kcal,53,0.0992158055305481,0.013838490471243858,0.6746473596107636,0.9633669558028664,2.92818546295166,0.14627709984779358,0.04995486170481285,0.14
4,sco_kcal,54,0.15546678006649017,0.017999624833464622,0.6631385497564726,0.9739689580604229,3.5543606281280518,0.1747879534959793,0.04917563854178566,0.06
4,sco_kcal,55,0.426177978515625,0.0032111634500324726,0.6726998506246651,0.9362909455043775,0.7754722237586975,0.25594562292099,0.3300513094852411,0.32
4,sco_kcal,56,0.33168116211891174,0.007148156873881817,0.6500437446988685,0.9744075408503141,1.3114876747131348,0.1744225174188614,0.1329959257581382,0.24
4,sco_kcal,57,0.23222166299819946,0.004881883971393108,0.6583086745715103,0.9482324812924721,1.116723656654358,0.05620018392801285,0.050325954494763264,0.18
4,sco_kcal,58,0.3011119067668915,0.008548256941139698,0.6753495145329582,0.9590519286455623,1.887864589691162,0.14444302022457123,0.07651132449504804,0.16
4,sco_kcal,59,0.14722684025764465,0.035642631351947784,0.6743913134879289,0.9622103260544574,7.494253158569336,0.39780619740486145,0.05308149978226826,0.04
4,sco_kcal,60,0.5419241189956665,0.002138613723218441,0.6611482525517796,0.9684818846702541,0.27335110306739807,0.1497313231229782,0.547761912949223,0.56
4,sco_kcal,61,0.408541738986969,0.007360625080764294,0.6575521860355735,0.9756675847035639,1.3851937055587769,0.23924188315868378,0.17271366610937305,0.38
4,sco_kcal,62,0.2959645986557007,0.015197348780930042,0.6781700033743541,0.9284730728213604,3.2285993099212646,0.7942541241645813,0.24600579010343362,0.24
4,sco_kcal,63,0.9216399192810059,0.0043654064647853374,0.7355379295817932,0.9068220241895901,0.8111912608146667,1.5800069570541382,1.9477613152135809,0.76
4,sco_kcal,64,0.3055572509765625,0.022170336917042732,0.6602821674133859,0.9480711678196954,4.273437976837158,0.8601723313331604,0.2012834481266505,0.14
4,sco_kcal,65,0.42328011989593506,0.007643077988177538,0.6585975204589696,0.9616144933090576,1.4843655824661255,0.5246177911758423,0.3534289647865872,0.2
4,sco_kcal,66,0.5521842241287231,0.0049997540190815926,0.6625902614912826,0.9547888138317413,0.9629076719284058,0.6013082265853882,0.6244713217220028,0.44
4,sco_kcal,67,0.9715896248817444,0.002737964503467083,0.7796045628104666,0.9060825827175194,0.43822476267814636,1.715153694152832,3.913867586283627,0.92
4,sco_kcal,68,0.5352901220321655,0.0029721695464104414,0.6551625292101368,0.9458397877689722,0.7657163143157959,0.21981628239154816,0.2870727425834782,0.34
4,sco_kcal,69,0.27787673473358154,0.017285771667957306,0.645739982074591,0.9504020403260793,3.1775832176208496,0.4373376965522766,0.13763217722421264,0.06
4,sco_kcal,70,0.5901789665222168,0.003028473351150751,0.638864587040209,0.9817187556623337,0.4569737911224365,0.19620996713638306,0.42936809713844776,0.42
4,sco_kcal,71,0.3090875744819641,0.011309295892715454,0.6872089838152506,0.9593124489600429,2.088419198989868,0.10782160609960556,0.051628335035301814,0.18
4,sco_kcal,72,0.8369190692901611,0.004663176368921995,0.7197082454542325,0.9498262171889356,0.9204875230789185,1.2311384677886963,1.3374852313811798,0.8
4,sco_kcal,73,0.3021707534790039,0.005106334574520588,0.6658541010240007,0.9651585560899363,1.112696886062622,0.20710702240467072,0.18613067493838104,0.18
4,sco_kcal,74,0.8502088785171509,0.0051461621187627316,0.718053951110033,0.9245561130649287,1.002530574798584,1.602029800415039,1.5979859773722103,0.66
4,sco_kcal,75,0.7237654328346252,0.0036061082500964403,0.6854437749611175,0.9338958156531567,0.6507760882377625,0.6825963258743286,1.0488958310111427,0.68
4,sco_kcal,76,0.2718602418899536,0.004069081507623196,0.6756601236446174,0.9524079752284431,1.0338544845581055,0.044185537844896317,0.042738643111638955,0.16
4,sco_kcal,77,0.410784512758255,0.018790552392601967,0.6454210355838523,0.9175080614012237,3.423666000366211,1.3996464014053345,0.4088151125885591,0.14
4,sco_kcal,78,0.5292075872421265,0.006303603760898113,0.6490044572320042,0.9393921759708215,1.0901048183441162,0.5565381646156311,0.5105363770990573,0.46
4,sco_kcal,79,0.2639791965484619,0.010206745937466621,0.661695105128665,0.9382690581975253,2.050027370452881,0.2703354060649872,0.13186916914444227,0.06
4,sco_kcal,80,0.3749193847179413,0.010909413918852806,0.6769086525325947,0.9480045808619202,2.224135160446167,0.623355507850647,0.2802687169990156,0.22
4,sco_kcal,81,0.3264200985431671,0.002826573560014367,0.6448879056167245,0.9500774277559598,0.6024417877197266,0.0834127888083458,0.13845784025717658,0.18
4,sco_kcal,82,0.21046233177185059,0.00641008373349905,0.6609088514890402,0.9602844027624791,1.3094775676727295,0.2901308834552765,0.22156231661983483,0.2
4,sco_kcal,83,0.477485328912735,0.008979189209640026,0.6577862546472921,0.9524961110525889,1.9242900609970093,0.3059993386268616,0.1590193416414144,0.4
4,sco_kcal,84,0.566102147102356,0.0031345931347459555,0.6467630084579621,0.9418332935450626,0.773100733757019,0.16080692410469055,0.20800255009877044,0.38
4,sco_kcal,85,0.6765186190605164,0.002397165633738041,0.6617189700135766,0.9426889464840367,0.4124327301979065,0.3274178206920624,0.7938696342915132,0.48
4,sco_kcal,86,0.30318117141723633,0.03449387475848198,0.6379303685744633,0.8907701377046946,5.943422317504883,0.7754616141319275,0.13047392103502334,0.12
4,sco_kcal,87,0.2750752866268158,0.015089006163179874,0.6574974017267616,0.9382686951570993,2.9541807174682617,0.10831070691347122,0.03666353458778707,0.2
4,sco_kcal,88,0.34445255994796753,0.0033500036224722862,0.640645890694417,0.9676927029991709,0.5792372822761536,0.12629929184913635,0.2180441344397488,0.26
4,sco_kcal,89,0.7156684398651123,0.004912715405225754,0.6889717869739374,0.9271412239654069,0.9597960710525513,0.8914917707443237,0.9288345697921827,0.58
4,sco_kcal,90,0.28802457451820374,0.004198765382170677,0.6601664212491534,0.9570476162486883,0.9836484789848328,0.07766087353229523,0.0789518564725933,0.12
4,sco_kcal,91,0.563003420829773,0.013615109026432037,0.6362424488982688,0.9035946181894035,2.350877046585083,1.3117917776107788,0.5580010147771471,0.3
4,sco_kcal,92,0.3601910471916199,0.011322783306241035,0.6675122802488718,0.9514001668298491,2.315019130706787,0.6024190187454224,0.26022204773811125,0.2
4,sco_kcal,93,0.28132930397987366,0.03476309776306152,0.6587707752058849,0.9231849809951627,6.98134183883667,1.7891267538070679,0.2562726185178747,0.08
4,sco_kcal,94,0.676367998123169,0.0024077724665403366,0.6702460492183921,0.9744516163708576,0.46100229024887085,0.42481982707977295,0.9215134849990335,0.52
4,sco_kcal,95,0.24496807157993317,0.00827109906822443,0.6676411675215761,0.9720007347954762,1.7035784721374512,0.2922706604003906,0.1715627810403612,0.12
4,sco_kcal,96,0.3173196017742157,0.011749956756830215,0.6709819926700107,0.9849525168059787,2.418894052505493,0.5290911197662354,0.21873265561929103,0.18
4,sco_kcal,97,0.3777284324169159,0.0055689155124127865,0.6611193192773572,0.965762606949278,1.2407814264297485,0.2426266372203827,0.19554341486116686,0.2
4,sco_kcal,98,0.6937239170074463,0.00933861918747425,0.6364176958789887,0.9089564691455532,1.8235230445861816,1.2770719528198242,0.7003322259136212,0.68
4,sco_kcal,99,0.37528496980667114,0.011791739612817764,0.6500970328121922,0.9221307779326764,2.1917600631713867,0.7876236438751221,0.35935669104923057,0.26
4,sco_kcal,100,0.36721575260162354,0.014197140000760555,0.6582445844895097,0.9103613266536674,2.9048025608062744,0.7965255975723267,0.2742098923760375,0.28
4,sco_kcal,101,0.148511603474617,0.009441024623811245,0.6577412605255395,0.9638795438298633,1.8010941743850708,0.007260184269398451,0.004030985371365837,0.2
4,sco_kcal,102,0.9837304353713989,0.002674112329259515,0.7875609490397815,0.8764566231801254,0.42007339000701904,2.362961769104004,5.625116528006025,0.92
4,sco_kcal,103,0.43348559737205505,0.0044327909126877785,0.6418423675351637,0.9481448836515254,0.9267221689224243,0.17737549543380737,0.19140094127677595,0.36
4,sco_kcal,104,0.16472096741199493,0.003936647903174162,0.6495735719683038,0.9674033300065026,0.7752403020858765,0.04014251381158829,0.05178073650657747,0.1
4,sco_kcal,105,0.5414091944694519,0.007414574269205332,0.6556815006190171,0.9501832412586135,1.4786062240600586,0.25410640239715576,0.17185535828424484,0.46
4,sco_kcal,106,0.24534504115581512,0.0034935621079057455,0.6336454944488181,0.9537087488706568,0.603334367275238,0.10991295427083969,0.18217585510208134,0.16
4,sco_kcal,107,0.2007639855146408,0.05412749573588371,0.6533685599900307,0.9388648442969891,10.171106338500977,1.8023077249526978,0.17719878889972582,0.06
4,sco_kcal,108,0.10931830108165741,0.036723848432302475,0.6534984307264522,0.974252985558455,7.084024429321289,0.02245561219751835,0.003169894799426855,0.12
4,sco_kcal,109,0.48858949542045593,0.015918266028165817,0.6644731796278454,0.9233545622636432,3.1242997646331787,1.4380383491516113,0.46027540808666617,0.24
4,sco_kcal,110,0.4916589558124542,0.011771961115300655,0.6465412263309946,0.9392669897276542,2.0730762481689453,0.7075489163398743,0.34130385554550646,0.3
4,sco_kcal,111,0.13113905489444733,0.06255285441875458,0.6434451907947074,0.9538862048370285,10.33962345123291,0.8502727150917053,0.08223439848675705,0.06
4,sco_kcal,112,0.21721668541431427,0.0048804255202412605,0.6456662630898309,0.9734598450280081,0.9248260259628296,0.2005389779806137,0.21683967832959075,0.16
4,sco_kcal,113,0.5069848299026489,0.016621708869934082,0.6811589878074138,0.9381719376378328,3.496530294418335,1.502909541130066,0.4298288344674795,0.28
4,sco_kcal,114,0.12574449181556702,0.02564278058707714,0.6408806495458035,0.9603211876706008,4.320633411407471,0.11236673593521118,0.026007005278100435,0.22
4,sco_kcal,115,0.2591046392917633,0.033149950206279755,0.6392013286452054,0.9116607838047697,5.593137741088867,0.7524836659431458,0.13453694523114906,0.14
4,sco_kcal,116,0.585080087184906,0.004895724821835756,0.6608488840358602,0.9165907842498557,1.0413367748260498,0.4097745418548584,0.3935081827138096,0.48
4,sco_kcal,117,0.21278543770313263,0.00499836215749383,0.644555914323236,0.9614180948705393,0.9613425135612488,0.14053210616111755,0.14618318047802015,0.18
4,sco_kcal,118,0.24770064651966095,0.008041652850806713,0.647928403786165,0.9442624162972038,1.41050386428833,0.13393133878707886,0.0949528336490265,0.12
4,sco_kcal,119,0.2986340820789337,0.00728733791038394,0.6580864724152298,0.9487854457728544,1.4466736316680908,0.362834632396698,0.2508061420725078,0.26
4,sco_kcal,120,0.8383677005767822,0.007807584945112467,0.7013272212319221,0.9077483859638851,1.4310424327850342,1.9291229248046875,1.3480543138405128,0.58
4,sco_kcal,121,0.3913414478302002,0.0062374635599553585,0.6613649136174591,0.9527707581579887,1.247187614440918,0.36630162596702576,0.29370210361752935,0.3
4,sco_kcal,122,0.5581495761871338,0.0017971046036109328,0.666903491117057,0.972392286605229,0.19156718254089355,0.18434424698352814,0.962295548425558,0.48
4,sco_kcal,123,0.3813381791114807,0.02544141560792923,0.6622324879238575,0.9552414477569915,4.364956855773926,1.6488484144210815,0.37774678396648975,0.12
4,sco_kcal,124,0.6517610549926758,0.0046306392177939415,0.6834157426545553,0.975059369804913,0.9909899830818176,0.6793465614318848,0.6855231364894603,0.46
4,sco_kcal,125,0.31939810514450073,0.01765606738626957,0.6678181837082673,0.9423771909709182,3.669325590133667,0.34817269444465637,0.09488738077123678,0.22
4,sco_kcal,126,0.2774539589881897,0.005766644608229399,0.6530083884734101,0.9605103605819107,1.1053135395050049,0.35835275053977966,0.3242091386126163,0.22
4,sco_kcal,127,0.2636077105998993,0.007654404267668724,0.6393759527841842,0.9640805117266462,1.4309226274490356,0.21596930921077728,0.1509301097542881,0.22
4,sco_kcal,128,0.15581974387168884,0.012154396623373032,0.6587099095718454,0.972471328751705,2.5494110584259033,0.11607978492975235,0.04553200024221442,0.08
4,sco_kcal,129,0.2715485692024231,0.008975593373179436,0.640374372920798,0.979450527480284,1.6094170808792114,0.20765846967697144,0.12902713171375646,0.3
4,sco_kcal,130,0.1029178723692894,0.01547336671501398,0.6517393651970804,0.9485425266015437,2.9868948459625244,0.019752826541662216,0.006613164359757327,0.24
4,sco_kcal,131,0.9547680020332336,0.0032404190860688686,0.7749323162256709,0.9178029374843817,0.564125120639801,1.7304987907409668,3.067579739718604,0.92
4,sco_kcal,132,0.6935021281242371,0.004807568155229092,0.6687210463374595,0.9455683873016067,0.8155805468559265,0.689917266368866,0.8459216799965447,0.46
4,sco_kcal,133,0.40064913034439087,0.009895269758999348,0.6866212118884447,0.9251636545906374,2.1454012393951416,0.7870310544967651,0.366845623114609,0.28
4,sco_kcal,134,0.2736886739730835,0.03644289821386337,0.6311298163679673,0.9058767711696889,5.928957462310791,1.4877113103866577,0.25092291854744175,0.14
4,sco_kcal,135,0.4450125992298126,0.0024055400863289833,0.6496738265713278,0.9682374400652853,0.3824669122695923,0.22469894587993622,0.5874990454639668,0.32
4,sco_kcal,136,0.4387108087539673,0.004546572454273701,0.6800120414574902,0.9731415705654267,0.9051830172538757,0.27161216735839844,0.300063260336467,0.34
4,sco_kcal,137,0.9032918810844421,0.00318223237991333,0.7774127536245015,0.9115544380017646,1.1312249898910522,1.6140574216842651,1.4268226357337759,0.76
4,sco_kcal,138,0.23496602475643158,0.010062605142593384,0.6525190850113873,0.9716597212572382,1.8307687044143677,0.21962255239486694,0.1199619328565705,0.14
4,sco_kcal,139,0.11196912825107574,0.007699430920183659,0.6535667588544749,0.9661646218564912,1.5663731098175049,0.03620309755206108,0.02311269091964879,0.08
4,sco_kcal,140,0.1702089011669159,0.04348236322402954,0.6589255603805504,0.9261519704805206,8.602554321289062,1.1860382556915283,0.13787047560471605,0.08
4,sco_kcal,141,0.08310249447822571,0.021042993292212486,0.6663387960232166,0.9737692014804769,4.269760608673096,0.02662481740117073,0.00623566982820727,0.12
4,sco_kcal,142,0.27213847637176514,0.020285623148083687,0.6386015424278928,0.8937809161114119,3.729581832885742,0.9536051154136658,0.2556868727226235,0.12
4,sco_kcal,143,0.14601844549179077,0.004632072523236275,0.6466170195423344,0.9573177847917904,0.8750072717666626,0.1177690178155899,0.13459204467845298,0.12
4,sco_kcal,144,0.47237199544906616,0.013789118267595768,0.6485179310217819,0.9150116550091827,2.474982976913452,1.025729775428772,0.41443912341892475,0.28
4,sco_kcal,145,0.8396738767623901,0.0018213146831840277,0.7072322475172161,0.9619239525247689,0.22585539519786835,0.49608826637268066,2.196486233760613,0.9
4,sco_kcal,146,0.7303189635276794,0.002198389731347561,0.6850880433495556,0.9532444151948036,0.5900850296020508,0.4045567810535431,0.685590653479844,0.58
4,sco_kcal,147,0.07799442112445831,0.04817155376076698,0.6404649583154298,0.9509177830101774,8.192322731018066,0.02144448086619377,0.002617631356855597,0.04
4,sco_kcal,148,0.5817216634750366,0.00703588267788291,0.6859974692241637,0.946713732264705,1.7295029163360596,0.3968192934989929,0.2294412398792897,0.52
4,sco_kcal,149,0.8759259581565857,0.004076953511685133,0.7211179352924031,0.9226624661666618,0.8284372687339783,1.1365329027175903,1.371899775168789,0.72
4,sco_kcal,150,0.2709283232688904,0.004888732451945543,0.6633833618516092,0.9715392924308683,1.1236881017684937,0.22554786503314972,0.20072105834187956,0.16
4,sco_kcal,151,0.4972860813140869,0.0058937761932611465,0.6491412325866992,0.9469315687426902,1.0449146032333374,0.5070059895515442,0.4852128470428945,0.24
4,sco_kcal,152,0.11703558266162872,0.031081117689609528,0.6600108438103767,0.9526682116559597,6.055284023284912,0.14468982815742493,0.02389480453782787,0.12
4,sco_kcal,153,0.8815213441848755,0.006332877557724714,0.7238515943657804,0.8958757907898318,1.339179277420044,2.000955820083618,1.494165757954753,0.88
4,sco_kcal,154,0.2907738983631134,0.023240508511662483,0.6670219207921524,0.9229541516184852,4.815372943878174,0.9834946393966675,0.20424059587056345,0.12
4,sco_kcal,155,0.22967974841594696,0.035580411553382874,0.6363275795844214,0.9100044661105187,5.962215900421143,1.4193958044052124,0.23806514693722397,0.16
4,sco_kcal,156,0.392164945602417,0.005644914694130421,0.6605950699886634,0.9621417253743787,1.21803879737854,0.1606176793575287,0.13186581552509627,0.34
4,sco_kcal,157,0.762641191482544,0.010708118788897991,0.7049960236677715,0.9394661656995604,2.1760714054107666,2.1233527660369873,0.9757734791042724,0.82
4,sco_kcal,158,0.38876593112945557,0.01616140641272068,0.6359257709129096,0.9262925357103544,2.679633378982544,1.1224398612976074,0.41887814583194866,0.18
4,sco_kcal,159,0.2859734296798706,0.007104360498487949,0.6461526970686229,0.9514808854261636,1.3401824235916138,0.1247832328081131,0.09310913992865316,0.16
4,sco_kcal,160,0.13201972842216492,0.01563127711415291,0.6482010671714631,0.95535942869334,3.0850305557250977,0.1136225014925003,0.03683026778507702,0.08
4,sco_kcal,161,0.898838996887207,0.004837505519390106,0.7409833936218648,0.9133817003715146,1.0123194456100464,1.8416756391525269,1.8192633235872415,0.72
4,sco_kcal,162,0.15319125354290009,0.011139330454170704,0.6560689463602958,0.9496512056418707,2.038374900817871,0.05183796212077141,0.02543102453821037,0.1
4,sco_kcal,163,0.15380382537841797,0.0038208095356822014,0.6683027592288049,0.9537272232837615,0.8862473368644714,0.017981771379709244,0.020289788901739842,0.1
4,sco_kcal,164,0.3980172276496887,0.008805392310023308,0.6713154005596471,0.9746501470571163,1.916722297668457,0.07488147169351578,0.0390674599990845,0.48
4,sco_kcal,165,0.9892063140869141,0.0035953742917627096,0.8044927521126337,0.9580457947842844,0.6350132822990417,4.169787883758545,6.56645774189476,0.88
4,sco_kcal,166,0.15244479477405548,0.014832562766969204,0.6457481367926734,0.9436082516848545,2.676257610321045,0.20972974598407745,0.07836680040637724,0.1
4,sco_kcal,167,0.8442772030830383,0.008167997933924198,0.6917528604174146,0.9120874691060294,1.415775179862976,1.8292489051818848,1.2920475872157373,0.86
4,sco_kcal,168,0.18424822390079498,0.021882403641939163,0.6596049153139987,0.9588657049947247,4.256835460662842,0.259107768535614,0.060868636086598406,0.06
4,sco_kcal,169,0.19043590128421783,0.045469898730516434,0.6612924102182467,0.931362043207727,9.91172981262207,1.0590450763702393,0.10684765387991112,0.04
4,sco_kcal,170,0.412857323884964,0.003154139965772629,0.6415431033919523,0.9679465088287642,0.6870666742324829,0.15031307935714722,0.21877509853765043,0.34
4,sco_kcal,171,0.17901384830474854,0.008775592781603336,0.6575347396761324,0.9670946833260889,1.772409439086914,0.23162344098091125,0.1306828071849109,0.1
4,sco_kcal,172,0.546680748462677,0.0049125864170491695,0.656699011337128,0.9532198856850091,0.9011050462722778,0.47123923897743225,0.5229570524844699,0.36
4,sco_kcal,173,0.3883342742919922,0.0021434235386550426,0.6599370674550971,0.9814952583535523,0.29393890500068665,0.16246336698532104,0.552711343144391,0.32
4,sco_kcal,174,0.42100128531455994,0.0040782662108540535,0.649467589670474,0.943331119822785,0.8971678614616394,0.11500386893749237,0.12818545322179895,0.18
4,sco_kcal,175,0.26867154240608215,0.007879453711211681,0.6600985307019613,0.9416394825912406,1.5621994733810425,0.34851035475730896,0.22308953542471358,0.2
4,sco_kcal,176,0.45791512727737427,0.0025792873930186033,0.6742594515557996,0.95673155882479,0.6147676706314087,0.25047680735588074,0.40743327816608155,0.34
4,sco_kcal,177,0.15495476126670837,0.008201931603252888,0.6473836498686245,0.9783371212362324,1.5846434831619263,0.03428012877702713,0.021632707382625967,0.08
4,sco_kcal,178,0.20211383700370789,0.008308440446853638,0.655826374529983,0.9585512113418082,1.720070719718933,0.10623490810394287,0.06176194204462832,0.26
4,sco_kcal,179,0.3392181992530823,0.009099193848669529,0.6726037656484953,0.9666267050282187,1.969852089881897,0.38918325304985046,0.1975697845786909,0.26
4,sco_kcal,180,0.14649125933647156,0.030254019424319267,0.6652660452059562,0.9621584353135406,5.936150550842285,0.3790800869464874,0.06385958100282674,0.08
4,sco_kcal,181,0.3301409184932709,0.01864735037088394,0.6908678340356271,0.9054691606693939,4.670799255371094,2.0565192699432373,0.4402927973362125,0.16
4,sco_kcal,182,0.11983347684144974,0.005844865459948778,0.6547504391757195,0.9609454832902162,1.2242828607559204,0.026675615459680557,0.021788768196272863,0.12
4,sco_kcal,183,0.21990281343460083,0.03734869137406349,0.6775721167637456,0.9216776838494982,8.136238098144531,1.2876384258270264,0.1582596785264522,0.04
4,sco_kcal,184,0.5341744422912598,0.018557535484433174,0.665474283067969,0.9116455173586733,3.503681182861328,1.936059832572937,0.5525787683090012,0.3
4,sco_kcal,185,0.25061383843421936,0.008068522438406944,0.6560498298567186,0.9502671159804246,1.5803178548812866,0.270442932844162,0.17113198589057113,0.12
4,sco_kcal,186,0.12449030578136444,0.018009567633271217,0.6591651861568109,0.9533599565455337,3.504991292953491,0.05071866139769554,0.014470410097640303,0.12
4,sco_kcal,187,0.19517789781093597,0.01591091975569725,0.6640507278961159,0.9393692743228306,3.2778263092041016,0.44898149371147156,0.1369753767765962,0.08
4,sco_kcal,188,0.20412521064281464,0.005203393753618002,0.6488091835095011,0.9518151378385407,1.0646988153457642,0.11766453832387924,0.11051438832085797,0.06
4,sco_kcal,189,0.24465477466583252,0.013598928228020668,0.6408669784623406,0.9646146565394791,2.3170831203460693,0.026868507266044617,0.011595832290225159,0.14
4,sco_kcal,190,0.4395896792411804,0.0012030850630253553,0.6439750096189074,0.9717659123014852,0.28437674045562744,0.09226146340370178,0.32443392963812995,0.4
4,sco_kcal,191,0.27857738733291626,0.0016695515951141715,0.7318719491005667,0.9701437083766355,1.1545838117599487,0.1403798907995224,0.12158484240787969,0.46
4,sco_kcal,192,0.590669572353363,0.003005021484568715,0.6669093040019314,0.9843559766016301,0.5359064340591431,0.40749314427375793,0.7603811381536552,0.54
4,sco_kcal,193,0.137522354722023,0.011112689971923828,0.6703057441259264,0.9661141554034942,2.3250861167907715,0.07553523778915405,0.032487071013701845,0.12
4,sco_kcal,194,0.1527576595544815,0.006282574962824583,0.66322535040931,0.9462271743392527,1.334542989730835,0.09414854645729065,0.07054740625199309,0.1
4,sco_kcal,195,0.15254275500774384,0.012423833832144737,0.6645595676369669,0.9616332729099963,2.528787136077881,0.17631709575653076,0.06972397685872307,0.26
4,sco_kcal,196,0.1236952543258667,0.037717707455158234,0.636020353667001,0.9693411647523988,6.250859260559082,0.1156497374176979,0.018501414381125274,0.1
4,sco_kcal,197,0.1962077021598816,0.00640209810808301,0.6722050283078171,0.9588209874251323,1.4107952117919922,0.13920092582702637,0.09866841385874378,0.06
4,sco_kcal,198,0.11839786916971207,0.020266834646463394,0.6400894015897867,0.9689778860725622,3.436123847961426,0.16534310579299927,0.04811907635142242,0.1
4,sco_kcal,199,0.28405600786209106,0.004014013335108757,0.6683745845065876,0.9641358096883332,0.9533507823944092,0.12057951837778091,0.12647969729980896,0.12
4,sco_kcal,200,0.4825640320777893,0.008979304693639278,0.6648230661385608,0.9514140501279307,1.9704270362854004,0.45726069808006287,0.2320617255344198,0.24
4,sco_kcal,201,0.6482730507850647,0.015159737318754196,0.6510620983153528,0.8886240474371483,3.0242247581481934,1.756339192390442,0.5807568328571886,0.44
4,sco_kcal,202,0.2158541977405548,0.003455646801739931,0.6550055741073373,0.9592632776897727,0.781258225440979,0.09556018561124802,0.12231574977314234,0.1
4,sco_kcal,203,0.6829114556312561,0.006917912047356367,0.6724737562911978,0.9042854426335032,1.4804457426071167,0.8544855117797852,0.5771812415597253,0.52
4,sco_kcal,204,0.21132013201713562,0.011153013445436954,0.6741035736649907,0.9636522785137445,2.4067771434783936,0.1394844651222229,0.05795487359524822,0.08
4,sco_kcal,205,0.9733084440231323,0.0038561613764613867,0.7708047749983251,0.8925235443847681,0.7119309902191162,2.46964955329895,3.4689451466901984,0.9
4,sco_kcal,206,0.32493606209754944,0.012757488526403904,0.6663117221441719,0.968695389141093,2.629762649536133,0.01770663633942604,0.006733168996277796,0.38
4,sco_kcal,207,0.36061131954193115,0.002979063196107745,0.6551732011762206,0.9688118649345767,0.7507539391517639,0.09909792244434357,0.13199787210748296,0.34
4,sco_kcal,208,0.6913422346115112,0.00459632184356451,0.665431697984638,0.9629142909125648,0.9770321249961853,0.5813469290733337,0.595013115946012,0.48
4,sco_kcal,209,0.17717018723487854,0.013773967511951923,0.6618573320325447,0.9615786661605183,2.7351319789886475,0.13461364805698395,0.04921650914511233,0.2
4,sco_kcal,210,0.3242592215538025,0.004207584075629711,0.6758167065625633,0.9735705912005861,0.9764657020568848,0.18350309133529663,0.18792579293748354,0.24
4,sco_kcal,211,0.7287617921829224,0.0036017661914229393,0.6835326916710336,0.9102668437930981,0.857593834400177,0.5497457385063171,0.6410327551979468,0.54
4,sco_kcal,212,0.28425332903862,0.0035785005893558264,0.6375861275322405,0.9627242845195911,0.6122261881828308,0.12476721405982971,0.20379267739290194,0.18
4,sco_kcal,213,0.19909986853599548,0.022365132346749306,0.6652610451526302,0.9580355673365122,4.468090534210205,0.5865471959114075,0.13127468913632645,0.1
4,sco_kcal,214,0.20872999727725983,0.005654022563248873,0.6686408562105435,0.968597314212031,1.2708746194839478,0.12234876304864883,0.09627130888673334,0.08
4,sco_kcal,215,0.18686144053936005,0.03982838988304138,0.636329616637527,0.9136150803199916,7.137646198272705,1.0641794204711914,0.14909388766407622,0.16
4,sco_kcal,216,0.5596327781677246,0.022676076740026474,0.6848714102951488,0.9491773666918246,4.599356174468994,2.8379945755004883,0.6170417049356133,0.5
4,sco_kcal,217,0.16178220510482788,0.06531115621328354,0.6420873543992531,0.9176279948232813,12.45474624633789,1.485390305519104,0.1192629922874469,0.1
4,sco_kcal,218,0.22078390419483185,0.01846027746796608,0.6656230607303006,0.9537498320900601,3.687032461166382,0.6566124558448792,0.17808697448710872,0.14
4,sco_kcal,219,0.2357090264558792,0.013865986838936806,0.6550059006396491,0.9282459174351709,2.652559757232666,0.1660238802433014,0.06259006221843198,0.22
4,sco_kcal,220,0.19121867418289185,0.007852300070226192,0.6652280556568411,0.9429107174354263,1.5839799642562866,0.13165491819381714,0.08311652998441303,0.12
4,sco_kcal,221,0.408143013715744,0.0264358539134264,0.6317163462205675,0.9235197541817834,4.39161491394043,2.0596470832824707,0.4689953749688921,0.14
4,sco_kcal,222,0.8426396250724792,0.006915317382663488,0.7040281481008814,0.8918357663217853,1.578467607498169,1.6985313892364502,1.0760635068898114,0.7
4,sco_kcal,223,0.48032379150390625,0.011538101360201836,0.6563782369039011,0.9120573566282688,2.051729440689087,0.7466395497322083,0.3639074114379547,0.36
4,sco_kcal,224,0.26097118854522705,0.016012681648135185,0.6634554427952706,0.9649267913069361,3.1433494091033936,0.4261942207813263,0.13558601520627436,0.1
4,sco_kcal,225,0.15982279181480408,0.021636050194501877,0.641322347507628,0.94099330405554,3.908648729324341,0.26687195897102356,0.06827729413718785,0.12
4,sco_kcal,226,0.2804543972015381,0.010402699932456017,0.6287963411699715,0.9689982912644264,1.803823709487915,0.20089653134346008,0.11137259715944875,0.14
4,sco_kcal,227,0.31645578145980835,0.025303924456238747,0.6527643756753241,0.9334253128307701,4.703066349029541,0.9711014032363892,0.20648260755172465,0.24
4,sco_kcal,228,0.17326858639717102,0.01095804013311863,0.6852827728382493,0.9224426949391058,2.6026077270507812,0.26202747225761414,0.10067881899149589,0.04
4,sco_kcal,229,0.23464222252368927,0.004696004558354616,0.6379691157876219,0.9605817455321863,0.8543705344200134,0.05728729069232941,0.06705204403054313,0.14
4,sco_kcal,230,0.40938600897789,0.0019051970448344946,0.6478900683407709,0.962563656556567,0.2172694057226181,0.14262235164642334,0.6564309004853881,0.42
4,sco_kcal,231,0.1803663820028305,0.02018997259438038,0.6540967624692307,0.9713934524889518,3.8713436126708984,0.2466469258069992,0.06371093617206296,0.04
4,sco_kcal,232,0.7955932021141052,0.003379244590178132,0.6888077408715003,0.9412162997522127,0.6683337092399597,0.7575183510780334,1.1334432793155025,0.68
4,sco_kcal,233,0.044968463480472565,0.003333978122100234,0.6484526848625505,0.9625388309437461,0.6488127708435059,0.05672803893685341,0.08743360409367813,0.1
4,sco_kcal,234,0.2508939206600189,0.01541451457887888,0.6356349812577287,0.9811958242021781,2.6509053707122803,0.3729804456233978,0.1406992681610436,0.18
4,sco_kcal,235,0.25442183017730713,0.012167674489319324,0.6419632292011803,0.9747383884507037,2.1621196269989014,0.11769063770771027,0.05443299077353506,0.2
4,sco_kcal,236,0.23061682283878326,0.023679813370108604,0.6919514255064021,0.9348810353828834,5.433480739593506,0.5666232705116272,0.1042836622908537,0.06
4,sco_kcal,237,0.29597198963165283,0.015599846839904785,0.6593819072247602,0.9318090783123145,3.134722948074341,0.7605245113372803,0.242612991302619,0.14
4,sco_kcal,238,0.3424862325191498,0.017453450709581375,0.6529819471444496,0.9303346501739564,3.2829794883728027,0.8965025544166565,0.2730758926736411,0.18
4,sco_kcal,239,0.23573991656303406,0.0020185376051813364,0.6469742472795266,0.966854838566916,0.2563835680484772,0.07243629544973373,0.28253095937894673,0.26
4,sco_kcal,240,0.32478103041648865,0.00514778820797801,0.6491861950370377,0.9518920847321111,1.0037482976913452,0.23368960618972778,0.23281693899478756,0.22
4,sco_kcal,241,0.4505150616168976,0.00863722339272499,0.6471952842126873,0.9287253292467459,1.538649559020996,0.5885101556777954,0.3824848564297185,0.2
4,sco_kcal,242,0.9131793975830078,0.0052347746677696705,0.7325393987532989,0.9062385154236399,1.1238306760787964,1.8252023458480835,1.6240901629562843,0.86
4,sco_kcal,243,0.18433716893196106,0.01930219493806362,0.6894419129939147,0.9308983867967031,4.416963577270508,0.742493212223053,0.16810037013750556,0.08
4,sco_kcal,244,0.18815232813358307,0.03439150005578995,0.6937278789037462,0.9386573544925367,8.378442764282227,1.473062515258789,0.1758157878142389,0.04
4,sco_kcal,245,0.5244343280792236,0.015201982110738754,0.6903426981775542,0.9037745196150828,3.367946147918701,1.7167071104049683,0.5097192873662325,0.28
4,sco_kcal,246,0.2607462406158447,0.007760211825370789,0.6679616576445566,0.9726780538323716,1.6465619802474976,0.15883421897888184,0.09646416040470411,0.2
4,sco_kcal,247,0.8656620383262634,0.005642700474709272,0.7345758923614933,0.911041472817679,1.1791054010391235,1.7773168087005615,1.5073434547363158,0.76
4,sco_kcal,248,0.24827106297016144,0.00684861047193408,0.6557187156458926,0.957995694807493,1.4194127321243286,0.06742547452449799,0.04750237404421992,0.18
4,sco_kcal,249,0.7805986404418945,0.007220555562525988,0.7023445920793869,0.9616284227687317,1.6579304933547974,1.089558720588684,0.6571799752497335,0.66
4,water_gsolv_eV,0,0.9999999403953552,0.0,0.6826177960695619,0.6826177960695619,,,,1.0
4,water_gsolv_eV,1,0.9999999403953552,0.0,0.6826177960695619,0.6826177960695619,,,,1.0
4,water_gsolv_eV,2,0.9999999403953552,0.0,0.6826177960695619,0.6826177960695619,,,,1.0
4,water_gsolv_eV,3,0.9999999403953552,0.0,0.6826177960695619,0.6826177960695619,,,,1.0
4,water_gsolv_eV,4,0.9999999403953552,0.0,0.6826177960695619,0.6826177960695619,,,,1.0
4,water_gsolv_eV,5,0.9999999403953552,0.0,0.6826177960695619,0.6826177960695619,,,,1.0
4,water_gsolv_eV,6,0.9999999403953552,0.0,0.6826177960695619,0.6826177960695619,,,,1.0
4,water_gsolv_eV,7,0.9999999403953552,0.0,0.6826177960695619,0.6826177960695619,,,,1.0
4,water_gsolv_eV,8,0.9999999403953552,0.0,0.6826177960695619,0.6826177960695619,,,,1.0
4,water_gsolv_eV,9,0.9999999403953552,0.0,0.6826177960695619,0.6826177960695619,,,,1.0
4,water_gsolv_eV,10,0.9999999403953552,0.0,0.6826177960695619,0.6826177960695619,,,,1.0
4,water_gsolv_eV,11,0.9999999403953552,0.0,0.6826177960695619,0.6826177960695619,,,,1.0
4,water_gsolv_eV,12,0.9999999403953552,0.0,0.6826177960695619,0.6826177960695619,,,,1.0
4,water_gsolv_eV,13,0.9999999403953552,0.0,0.6826177960695619,0.6826177960695619,,,,1.0
4,water_gsolv_eV,14,0.9999999403953552,0.0,0.6826177960695619,0.6826177960695619,,,,1.0
4,water_gsolv_eV,15,0.9999999403953552,0.0,0.6826177960695619,0.6826177960695619,,,,1.0
4,water_gsolv_eV,16,0.9999999403953552,0.0,0.6826177960695619,0.6826177960695619,,,,1.0
4,water_gsolv_eV,17,0.9999999403953552,0.0,0.6826177960695619,0.6826177960695619,,,,1.0
4,water_gsolv_eV,18,0.9999999403953552,0.0,0.6826177960695619,0.6826177960695619,,,,1.0
4,water_gsolv_eV,19,0.9999999403953552,0.0,0.6826177960695619,0.6826177960695619,,,,1.0
4,water_gsolv_eV,20,0.9999999403953552,0.0,0.6826177960695619,0.6826177960695619,,,,1.0
4,water_gsolv_eV,21,0.9999999403953552,0.0,0.6826177960695619,0.6826177960695619,,,,1.0
4,water_gsolv_eV,22,0.9999999403953552,0.0,0.6826177960695619,0.6826177960695619,,,,1.0
4,water_gsolv_eV,23,0.9999999403953552,0.0,0.6826177960695619,0.6826177960695619,,,,1.0
4,water_gsolv_eV,24,0.9999999403953552,0.0,0.6826177960695619,0.6826177960695619,,,,1.0
4,water_gsolv_eV,25,0.9999999403953552,0.0,0.6826177960695619,0.6826177960695619,,,,1.0
4,water_gsolv_eV,26,0.9999999403953552,0.0,0.6826177960695619,0.6826177960695619,,,,1.0
4,water_gsolv_eV,27,0.9999999403953552,0.0,0.6826177960695619,0.6826177960695619,,,,1.0
4,water_gsolv_eV,28,0.9999999403953552,0.0,0.6826177960695619,0.6826177960695619,,,,1.0
4,water_gsolv_eV,29,0.9999999403953552,0.0,0.6826177960695619,0.6826177960695619,,,,1.0
4,water_gsolv_eV,30,0.9999999403953552,0.0,0.6826177960695619,0.6826177960695619,,,,1.0
4,water_gsolv_eV,31,0.9999999403953552,0.0,0.6826177960695619,0.6826177960695619,,,,1.0
4,water_gsolv_eV,32,0.9999999403953552,0.0,0.6826177960695619,0.6826177960695619,,,,1.0
4,water_gsolv_eV,33,0.9999999403953552,0.0,0.6826177960695619,0.6826177960695619,,,,1.0
4,water_gsolv_eV,34,0.9999999403953552,0.0,0.6826177960695619,0.6826177960695619,,,,1.0
4,water_gsolv_eV,35,0.9999999403953552,0.0,0.6826177960695619,0.6826177960695619,,,,1.0
4,water_gsolv_eV,36,0.9999999403953552,0.0,0.6826177960695619,0.6826177960695619,,,,1.0
4,water_gsolv_eV,37,0.9999999403953552,0.0,0.6826177960695619,0.6826177960695619,,,,1.0
4,water_gsolv_eV,38,0.9999999403953552,0.0,0.6826177960695619,0.6826177960695619,,,,1.0
4,water_gsolv_eV,39,0.9999999403953552,0.0,0.6826177960695619,0.6826177960695619,,,,1.0
4,water_gsolv_eV,40,0.9999999403953552,0.0,0.6826177960695619,0.6826177960695619,,,,1.0
4,water_gsolv_eV,41,0.9999999403953552,0.0,0.6826177960695619,0.6826177960695619,,,,1.0
4,water_gsolv_eV,42,0.9999999403953552,0.0,0.6826177960695619,0.6826177960695619,,,,1.0
4,water_gsolv_eV,43,0.9999999403953552,0.0,0.6826177960695619,0.6826177960695619,,,,1.0
4,water_gsolv_eV,44,0.9999999403953552,0.0,0.6826177960695619,0.6826177960695619,,,,1.0
4,water_gsolv_eV,45,0.9999999403953552,0.0,0.6826177960695619,0.6826177960695619,,,,1.0
4,water_gsolv_eV,46,0.9999999403953552,0.0,0.6826177960695619,0.6826177960695619,,,,1.0
4,water_gsolv_eV,47,0.9999999403953552,0.0,0.6826177960695619,0.6826177960695619,,,,1.0
4,water_gsolv_eV,48,0.9999999403953552,0.0,0.6826177960695619,0.6826177960695619,,,,1.0
4,water_gsolv_eV,49,0.9999999403953552,0.0,0.6826177960695619,0.6826177960695619,,,,1.0
4,water_gsolv_eV,50,0.9999999403953552,0.0,0.6826177960695619,0.6826177960695619,,,,1.0
4,water_gsolv_eV,51,0.9999999403953552,0.0,0.6826177960695619,0.6826177960695619,,,,1.0
4,water_gsolv_eV,52,0.9999999403953552,0.0,0.6826177960695619,0.6826177960695619,,,,1.0
4,water_gsolv_eV,53,0.9999999403953552,0.0,0.6826177960695619,0.6826177960695619,,,,1.0
4,water_gsolv_eV,54,0.9999999403953552,0.0,0.6826177960695619,0.6826177960695619,,,,1.0
4,water_gsolv_eV,55,0.9999999403953552,0.0,0.6826177960695619,0.6826177960695619,,,,1.0
4,water_gsolv_eV,56,0.9999999403953552,0.0,0.6826177960695619,0.6826177960695619,,,,1.0
4,water_gsolv_eV,57,0.9999999403953552,0.0,0.6826177960695619,0.6826177960695619,,,,1.0
4,water_gsolv_eV,58,0.9999999403953552,0.0,0.6826177960695619,0.6826177960695619,,,,1.0
4,water_gsolv_eV,59,0.9999999403953552,0.0,0.6826177960695619,0.6826177960695619,,,,1.0
4,water_gsolv_eV,60,0.9999999403953552,0.0,0.6826177960695619,0.6826177960695619,,,,1.0
4,water_gsolv_eV,61,0.9999999403953552,0.0,0.6826177960695619,0.6826177960695619,,,,1.0
4,water_gsolv_eV,62,0.9999999403953552,0.0,0.6826177960695619,0.6826177960695619,,,,1.0
4,water_gsolv_eV,63,0.9999999403953552,0.0,0.6826177960695619,0.6826177960695619,,,,1.0
4,water_gsolv_eV,64,0.9999999403953552,0.0,0.6826177960695619,0.6826177960695619,,,,1.0
4,water_gsolv_eV,65,0.9999999403953552,0.0,0.6826177960695619,0.6826177960695619,,,,1.0
4,water_gsolv_eV,66,0.9999999403953552,0.0,0.6826177960695619,0.6826177960695619,,,,1.0
4,water_gsolv_eV,67,0.9999999403953552,0.0,0.6826177960695619,0.6826177960695619,,,,1.0
4,water_gsolv_eV,68,0.9999999403953552,0.0,0.6826177960695619,0.6826177960695619,,,,1.0
4,water_gsolv_eV,69,0.9999999403953552,0.0,0.6826177960695619,0.6826177960695619,,,,1.0
4,water_gsolv_eV,70,0.9999999403953552,0.0,0.6826177960695619,0.6826177960695619,,,,1.0
4,water_gsolv_eV,71,0.9999999403953552,0.0,0.6826177960695619,0.6826177960695619,,,,1.0
4,water_gsolv_eV,72,0.9999999403953552,0.0,0.6826177960695619,0.6826177960695619,,,,1.0
4,water_gsolv_eV,73,0.9999999403953552,0.0,0.6826177960695619,0.6826177960695619,,,,1.0
4,water_gsolv_eV,74,0.9999999403953552,0.0,0.6826177960695619,0.6826177960695619,,,,1.0
4,water_gsolv_eV,75,0.9999999403953552,0.0,0.6826177960695619,0.6826177960695619,,,,1.0
4,water_gsolv_eV,76,0.9999999403953552,0.0,0.6826177960695619,0.6826177960695619,,,,1.0
4,water_gsolv_eV,77,0.9999999403953552,0.0,0.6826177960695619,0.6826177960695619,,,,1.0
4,water_gsolv_eV,78,0.9999999403953552,0.0,0.6826177960695619,0.6826177960695619,,,,1.0
4,water_gsolv_eV,79,0.9999999403953552,0.0,0.6826177960695619,0.6826177960695619,,,,1.0
4,water_gsolv_eV,80,0.9999999403953552,0.0,0.6826177960695619,0.6826177960695619,,,,1.0
4,water_gsolv_eV,81,0.9999999403953552,0.0,0.6826177960695619,0.6826177960695619,,,,1.0
4,water_gsolv_eV,82,0.9999999403953552,0.0,0.6826177960695619,0.6826177960695619,,,,1.0
4,water_gsolv_eV,83,0.9999999403953552,0.0,0.6826177960695619,0.6826177960695619,,,,1.0
4,water_gsolv_eV,84,0.9999999403953552,0.0,0.6826177960695619,0.6826177960695619,,,,1.0
4,water_gsolv_eV,85,0.9999999403953552,0.0,0.6826177960695619,0.6826177960695619,,,,1.0
4,water_gsolv_eV,86,0.9999999403953552,0.0,0.6826177960695619,0.6826177960695619,,,,1.0
4,water_gsolv_eV,87,0.9999999403953552,0.0,0.6826177960695619,0.6826177960695619,,,,1.0
4,water_gsolv_eV,88,0.9999999403953552,0.0,0.6826177960695619,0.6826177960695619,,,,1.0
4,water_gsolv_eV,89,0.9999999403953552,0.0,0.6826177960695619,0.6826177960695619,,,,1.0
4,water_gsolv_eV,90,0.9999999403953552,0.0,0.6826177960695619,0.6826177960695619,,,,1.0
4,water_gsolv_eV,91,0.9999999403953552,0.0,0.6826177960695619,0.6826177960695619,,,,1.0
4,water_gsolv_eV,92,0.9999999403953552,0.0,0.6826177960695619,0.6826177960695619,,,,1.0
4,water_gsolv_eV,93,0.9999999403953552,0.0,0.6826177960695619,0.6826177960695619,,,,1.0
4,water_gsolv_eV,94,0.9999999403953552,0.0,0.6826177960695619,0.6826177960695619,,,,1.0
4,water_gsolv_eV,95,0.9999999403953552,0.0,0.6826177960695619,0.6826177960695619,,,,1.0
4,water_gsolv_eV,96,0.9999999403953552,0.0,0.6826177960695619,0.6826177960695619,,,,1.0
4,water_gsolv_eV,97,0.9999999403953552,0.0,0.6826177960695619,0.6826177960695619,,,,1.0
4,water_gsolv_eV,98,0.9999999403953552,0.0,0.6826177960695619,0.6826177960695619,,,,1.0
4,water_gsolv_eV,99,0.9999999403953552,0.0,0.6826177960695619,0.6826177960695619,,,,1.0
4,water_gsolv_eV,100,0.9999999403953552,0.0,0.6826177960695619,0.6826177960695619,,,,1.0
4,water_gsolv_eV,101,0.9999999403953552,0.0,0.6826177960695619,0.6826177960695619,,,,1.0
4,water_gsolv_eV,102,0.9999999403953552,0.0,0.6826177960695619,0.6826177960695619,,,,1.0
4,water_gsolv_eV,103,0.9999999403953552,0.0,0.6826177960695619,0.6826177960695619,,,,1.0
4,water_gsolv_eV,104,0.9999999403953552,0.0,0.6826177960695619,0.6826177960695619,,,,1.0
4,water_gsolv_eV,105,0.9999999403953552,0.0,0.6826177960695619,0.6826177960695619,,,,1.0
4,water_gsolv_eV,106,0.9999999403953552,0.0,0.6826177960695619,0.6826177960695619,,,,1.0
4,water_gsolv_eV,107,0.9999999403953552,0.0,0.6826177960695619,0.6826177960695619,,,,1.0
4,water_gsolv_eV,108,0.9999999403953552,0.0,0.6826177960695619,0.6826177960695619,,,,1.0
4,water_gsolv_eV,109,0.9999999403953552,0.0,0.6826177960695619,0.6826177960695619,,,,1.0
4,water_gsolv_eV,110,0.9999999403953552,0.0,0.6826177960695619,0.6826177960695619,,,,1.0
4,water_gsolv_eV,111,0.9999999403953552,0.0,0.6826177960695619,0.6826177960695619,,,,1.0
4,water_gsolv_eV,112,0.9999999403953552,0.0,0.6826177960695619,0.6826177960695619,,,,1.0
4,water_gsolv_eV,113,0.9999999403953552,0.0,0.6826177960695619,0.6826177960695619,,,,1.0
4,water_gsolv_eV,114,0.9999999403953552,0.0,0.6826177960695619,0.6826177960695619,,,,1.0
4,water_gsolv_eV,115,0.9999999403953552,0.0,0.6826177960695619,0.6826177960695619,,,,1.0
4,water_gsolv_eV,116,0.9999999403953552,0.0,0.6826177960695619,0.6826177960695619,,,,1.0
4,water_gsolv_eV,117,0.9999999403953552,0.0,0.6826177960695619,0.6826177960695619,,,,1.0
4,water_gsolv_eV,118,0.9999999403953552,0.0,0.6826177960695619,0.6826177960695619,,,,1.0
4,water_gsolv_eV,119,0.9999999403953552,0.0,0.6826177960695619,0.6826177960695619,,,,1.0
4,water_gsolv_eV,120,0.9999999403953552,0.0,0.6826177960695619,0.6826177960695619,,,,1.0
4,water_gsolv_eV,121,0.9999999403953552,0.0,0.6826177960695619,0.6826177960695619,,,,1.0
4,water_gsolv_eV,122,0.9999999403953552,0.0,0.6826177960695619,0.6826177960695619,,,,1.0
4,water_gsolv_eV,123,0.9999999403953552,0.0,0.6826177960695619,0.6826177960695619,,,,1.0
4,water_gsolv_eV,124,0.9999999403953552,0.0,0.6826177960695619,0.6826177960695619,,,,1.0
4,water_gsolv_eV,125,0.9999999403953552,0.0,0.6826177960695619,0.6826177960695619,,,,1.0
4,water_gsolv_eV,126,0.9999999403953552,0.0,0.6826177960695619,0.6826177960695619,,,,1.0
4,water_gsolv_eV,127,0.9999999403953552,0.0,0.6826177960695619,0.6826177960695619,,,,1.0
4,water_gsolv_eV,128,0.9999999403953552,0.0,0.6826177960695619,0.6826177960695619,,,,1.0
4,water_gsolv_eV,129,0.9999999403953552,0.0,0.6826177960695619,0.6826177960695619,,,,1.0
4,water_gsolv_eV,130,0.9999999403953552,0.0,0.6826177960695619,0.6826177960695619,,,,1.0
4,water_gsolv_eV,131,0.9999999403953552,0.0,0.6826177960695619,0.6826177960695619,,,,1.0
4,water_gsolv_eV,132,0.9999999403953552,0.0,0.6826177960695619,0.6826177960695619,,,,1.0
4,water_gsolv_eV,133,0.9999999403953552,0.0,0.6826177960695619,0.6826177960695619,,,,1.0
4,water_gsolv_eV,134,0.9999999403953552,0.0,0.6826177960695619,0.6826177960695619,,,,1.0
4,water_gsolv_eV,135,0.9999999403953552,0.0,0.6826177960695619,0.6826177960695619,,,,1.0
4,water_gsolv_eV,136,0.9999999403953552,0.0,0.6826177960695619,0.6826177960695619,,,,1.0
4,water_gsolv_eV,137,0.9999999403953552,0.0,0.6826177960695619,0.6826177960695619,,,,1.0
4,water_gsolv_eV,138,0.9999999403953552,0.0,0.6826177960695619,0.6826177960695619,,,,1.0
4,water_gsolv_eV,139,0.9999999403953552,0.0,0.6826177960695619,0.6826177960695619,,,,1.0
4,water_gsolv_eV,140,0.9999999403953552,0.0,0.6826177960695619,0.6826177960695619,,,,1.0
4,water_gsolv_eV,141,0.9999999403953552,0.0,0.6826177960695619,0.6826177960695619,,,,1.0
4,water_gsolv_eV,142,0.9999999403953552,0.0,0.6826177960695619,0.6826177960695619,,,,1.0
4,water_gsolv_eV,143,0.9999999403953552,0.0,0.6826177960695619,0.6826177960695619,,,,1.0
4,water_gsolv_eV,144,0.9999999403953552,0.0,0.6826177960695619,0.6826177960695619,,,,1.0
4,water_gsolv_eV,145,0.9999999403953552,0.0,0.6826177960695619,0.6826177960695619,,,,1.0
4,water_gsolv_eV,146,0.9999999403953552,0.0,0.6826177960695619,0.6826177960695619,,,,1.0
4,water_gsolv_eV,147,0.9999999403953552,0.0,0.6826177960695619,0.6826177960695619,,,,1.0
4,water_gsolv_eV,148,0.9999999403953552,0.0,0.6826177960695619,0.6826177960695619,,,,1.0
4,water_gsolv_eV,149,0.9999999403953552,0.0,0.6826177960695619,0.6826177960695619,,,,1.0
4,water_gsolv_eV,150,0.9999999403953552,0.0,0.6826177960695619,0.6826177960695619,,,,1.0
4,water_gsolv_eV,151,0.9999999403953552,0.0,0.6826177960695619,0.6826177960695619,,,,1.0
4,water_gsolv_eV,152,0.9999999403953552,0.0,0.6826177960695619,0.6826177960695619,,,,1.0
4,water_gsolv_eV,153,0.9999999403953552,0.0,0.6826177960695619,0.6826177960695619,,,,1.0
4,water_gsolv_eV,154,0.9999999403953552,0.0,0.6826177960695619,0.6826177960695619,,,,1.0
4,water_gsolv_eV,155,0.9999999403953552,0.0,0.6826177960695619,0.6826177960695619,,,,1.0
4,water_gsolv_eV,156,0.9999999403953552,0.0,0.6826177960695619,0.6826177960695619,,,,1.0
4,water_gsolv_eV,157,0.9999999403953552,0.0,0.6826177960695619,0.6826177960695619,,,,1.0
4,water_gsolv_eV,158,0.9999999403953552,0.0,0.6826177960695619,0.6826177960695619,,,,1.0
4,water_gsolv_eV,159,0.9999999403953552,0.0,0.6826177960695619,0.6826177960695619,,,,1.0
4,water_gsolv_eV,160,0.9999999403953552,0.0,0.6826177960695619,0.6826177960695619,,,,1.0
4,water_gsolv_eV,161,0.9999999403953552,0.0,0.6826177960695619,0.6826177960695619,,,,1.0
4,water_gsolv_eV,162,0.9999999403953552,0.0,0.6826177960695619,0.6826177960695619,,,,1.0
4,water_gsolv_eV,163,0.9999999403953552,0.0,0.6826177960695619,0.6826177960695619,,,,1.0
4,water_gsolv_eV,164,0.9999999403953552,0.0,0.6826177960695619,0.6826177960695619,,,,1.0
4,water_gsolv_eV,165,0.9999999403953552,0.0,0.6826177960695619,0.6826177960695619,,,,1.0
4,water_gsolv_eV,166,0.9999999403953552,0.0,0.6826177960695619,0.6826177960695619,,,,1.0
4,water_gsolv_eV,167,0.9999999403953552,0.0,0.6826177960695619,0.6826177960695619,,,,1.0
4,water_gsolv_eV,168,0.9999999403953552,0.0,0.6826177960695619,0.6826177960695619,,,,1.0
4,water_gsolv_eV,169,0.9999999403953552,0.0,0.6826177960695619,0.6826177960695619,,,,1.0
4,water_gsolv_eV,170,0.9999999403953552,0.0,0.6826177960695619,0.6826177960695619,,,,1.0
4,water_gsolv_eV,171,0.9999999403953552,0.0,0.6826177960695619,0.6826177960695619,,,,1.0
4,water_gsolv_eV,172,0.9999999403953552,0.0,0.6826177960695619,0.6826177960695619,,,,1.0
4,water_gsolv_eV,173,0.9999999403953552,0.0,0.6826177960695619,0.6826177960695619,,,,1.0
4,water_gsolv_eV,174,0.9999999403953552,0.0,0.6826177960695619,0.6826177960695619,,,,1.0
4,water_gsolv_eV,175,0.9999999403953552,0.0,0.6826177960695619,0.6826177960695619,,,,1.0
4,water_gsolv_eV,176,0.9999999403953552,0.0,0.6826177960695619,0.6826177960695619,,,,1.0
4,water_gsolv_eV,177,0.9999999403953552,0.0,0.6826177960695619,0.6826177960695619,,,,1.0
4,water_gsolv_eV,178,0.9999999403953552,0.0,0.6826177960695619,0.6826177960695619,,,,1.0
4,water_gsolv_eV,179,0.9999999403953552,0.0,0.6826177960695619,0.6826177960695619,,,,1.0
4,water_gsolv_eV,180,0.9999999403953552,0.0,0.6826177960695619,0.6826177960695619,,,,1.0
4,water_gsolv_eV,181,0.9999999403953552,0.0,0.6826177960695619,0.6826177960695619,,,,1.0
4,water_gsolv_eV,182,0.9999999403953552,0.0,0.6826177960695619,0.6826177960695619,,,,1.0
4,water_gsolv_eV,183,0.9999999403953552,0.0,0.6826177960695619,0.6826177960695619,,,,1.0
4,water_gsolv_eV,184,0.9999999403953552,0.0,0.6826177960695619,0.6826177960695619,,,,1.0
4,water_gsolv_eV,185,0.9999999403953552,0.0,0.6826177960695619,0.6826177960695619,,,,1.0
4,water_gsolv_eV,186,0.9999999403953552,0.0,0.6826177960695619,0.6826177960695619,,,,1.0
4,water_gsolv_eV,187,0.9999999403953552,0.0,0.6826177960695619,0.6826177960695619,,,,1.0
4,water_gsolv_eV,188,0.9999999403953552,0.0,0.6826177960695619,0.6826177960695619,,,,1.0
4,water_gsolv_eV,189,0.9999999403953552,0.0,0.6826177960695619,0.6826177960695619,,,,1.0
4,water_gsolv_eV,190,0.9999999403953552,0.0,0.6826177960695619,0.6826177960695619,,,,1.0
4,water_gsolv_eV,191,0.9999999403953552,0.0,0.6826177960695619,0.6826177960695619,,,,1.0
4,water_gsolv_eV,192,0.9999999403953552,0.0,0.6826177960695619,0.6826177960695619,,,,1.0
4,water_gsolv_eV,193,0.9999999403953552,0.0,0.6826177960695619,0.6826177960695619,,,,1.0
4,water_gsolv_eV,194,0.9999999403953552,0.0,0.6826177960695619,0.6826177960695619,,,,1.0
4,water_gsolv_eV,195,0.9999999403953552,0.0,0.6826177960695619,0.6826177960695619,,,,1.0
4,water_gsolv_eV,196,0.9999999403953552,0.0,0.6826177960695619,0.6826177960695619,,,,1.0
4,water_gsolv_eV,197,0.9999999403953552,0.0,0.6826177960695619,0.6826177960695619,,,,1.0
4,water_gsolv_eV,198,0.9999999403953552,0.0,0.6826177960695619,0.6826177960695619,,,,1.0
4,water_gsolv_eV,199,0.9999999403953552,0.0,0.6826177960695619,0.6826177960695619,,,,1.0
4,water_gsolv_eV,200,0.9999999403953552,0.0,0.6826177960695619,0.6826177960695619,,,,1.0
4,water_gsolv_eV,201,0.9999999403953552,0.0,0.6826177960695619,0.6826177960695619,,,,1.0
4,water_gsolv_eV,202,0.9999999403953552,0.0,0.6826177960695619,0.6826177960695619,,,,1.0
4,water_gsolv_eV,203,0.9999999403953552,0.0,0.6826177960695619,0.6826177960695619,,,,1.0
4,water_gsolv_eV,204,0.9999999403953552,0.0,0.6826177960695619,0.6826177960695619,,,,1.0
4,water_gsolv_eV,205,0.9999999403953552,0.0,0.6826177960695619,0.6826177960695619,,,,1.0
4,water_gsolv_eV,206,0.9999999403953552,0.0,0.6826177960695619,0.6826177960695619,,,,1.0
4,water_gsolv_eV,207,0.9999999403953552,0.0,0.6826177960695619,0.6826177960695619,,,,1.0
4,water_gsolv_eV,208,0.9999999403953552,0.0,0.6826177960695619,0.6826177960695619,,,,1.0
4,water_gsolv_eV,209,0.9999999403953552,0.0,0.6826177960695619,0.6826177960695619,,,,1.0
4,water_gsolv_eV,210,0.9999999403953552,0.0,0.6826177960695619,0.6826177960695619,,,,1.0
4,water_gsolv_eV,211,0.9999999403953552,0.0,0.6826177960695619,0.6826177960695619,,,,1.0
4,water_gsolv_eV,212,0.9999999403953552,0.0,0.6826177960695619,0.6826177960695619,,,,1.0
4,water_gsolv_eV,213,0.9999999403953552,0.0,0.6826177960695619,0.6826177960695619,,,,1.0
4,water_gsolv_eV,214,0.9999999403953552,0.0,0.6826177960695619,0.6826177960695619,,,,1.0
4,water_gsolv_eV,215,0.9999999403953552,0.0,0.6826177960695619,0.6826177960695619,,,,1.0
4,water_gsolv_eV,216,0.9999999403953552,0.0,0.6826177960695619,0.6826177960695619,,,,1.0
4,water_gsolv_eV,217,0.9999999403953552,0.0,0.6826177960695619,0.6826177960695619,,,,1.0
4,water_gsolv_eV,218,0.9999999403953552,0.0,0.6826177960695619,0.6826177960695619,,,,1.0
4,water_gsolv_eV,219,0.9999999403953552,0.0,0.6826177960695619,0.6826177960695619,,,,1.0
4,water_gsolv_eV,220,0.9999999403953552,0.0,0.6826177960695619,0.6826177960695619,,,,1.0
4,water_gsolv_eV,221,0.9999999403953552,0.0,0.6826177960695619,0.6826177960695619,,,,1.0
4,water_gsolv_eV,222,0.9999999403953552,0.0,0.6826177960695619,0.6826177960695619,,,,1.0
4,water_gsolv_eV,223,0.9999999403953552,0.0,0.6826177960695619,0.6826177960695619,,,,1.0
4,water_gsolv_eV,224,0.9999999403953552,0.0,0.6826177960695619,0.6826177960695619,,,,1.0
4,water_gsolv_eV,225,0.9999999403953552,0.0,0.6826177960695619,0.6826177960695619,,,,1.0
4,water_gsolv_eV,226,0.9999999403953552,0.0,0.6826177960695619,0.6826177960695619,,,,1.0
4,water_gsolv_eV,227,0.9999999403953552,0.0,0.6826177960695619,0.6826177960695619,,,,1.0
4,water_gsolv_eV,228,0.9999999403953552,0.0,0.6826177960695619,0.6826177960695619,,,,1.0
4,water_gsolv_eV,229,0.9999999403953552,0.0,0.6826177960695619,0.6826177960695619,,,,1.0
4,water_gsolv_eV,230,0.9999999403953552,0.0,0.6826177960695619,0.6826177960695619,,,,1.0
4,water_gsolv_eV,231,0.9999999403953552,0.0,0.6826177960695619,0.6826177960695619,,,,1.0
4,water_gsolv_eV,232,0.9999999403953552,0.0,0.6826177960695619,0.6826177960695619,,,,1.0
4,water_gsolv_eV,233,0.9999999403953552,0.0,0.6826177960695619,0.6826177960695619,,,,1.0
4,water_gsolv_eV,234,0.9999999403953552,0.0,0.6826177960695619,0.6826177960695619,,,,1.0
4,water_gsolv_eV,235,0.9999999403953552,0.0,0.6826177960695619,0.6826177960695619,,,,1.0
4,water_gsolv_eV,236,0.9999999403953552,0.0,0.6826177960695619,0.6826177960695619,,,,1.0
4,water_gsolv_eV,237,0.9999999403953552,0.0,0.6826177960695619,0.6826177960695619,,,,1.0
4,water_gsolv_eV,238,0.9999999403953552,0.0,0.6826177960695619,0.6826177960695619,,,,1.0
4,water_gsolv_eV,239,0.9999999403953552,0.0,0.6826177960695619,0.6826177960695619,,,,1.0
4,water_gsolv_eV,240,0.9999999403953552,0.0,0.6826177960695619,0.6826177960695619,,,,1.0
4,water_gsolv_eV,241,0.9999999403953552,0.0,0.6826177960695619,0.6826177960695619,,,,1.0
4,water_gsolv_eV,242,0.9999999403953552,0.0,0.6826177960695619,0.6826177960695619,,,,1.0
4,water_gsolv_eV,243,0.9999999403953552,0.0,0.6826177960695619,0.6826177960695619,,,,1.0
4,water_gsolv_eV,244,0.9999999403953552,0.0,0.6826177960695619,0.6826177960695619,,,,1.0
4,water_gsolv_eV,245,0.9999999403953552,0.0,0.6826177960695619,0.6826177960695619,,,,1.0
4,water_gsolv_eV,246,0.9999999403953552,0.0,0.6826177960695619,0.6826177960695619,,,,1.0
4,water_gsolv_eV,247,0.9999999403953552,0.0,0.6826177960695619,0.6826177960695619,,,,1.0
4,water_gsolv_eV,248,0.9999999403953552,0.0,0.6826177960695619,0.6826177960695619,,,,1.0
4,water_gsolv_eV,249,0.9999999403953552,0.0,0.6826177960695619,0.6826177960695619,,,,1.0
4,water_hl_gap_eV,0,0.9999999403953552,0.0,0.7075808757096238,0.7075808757096238,,,,1.0
4,water_hl_gap_eV,1,0.9999999403953552,0.0,0.7075808757096238,0.7075808757096238,,,,1.0
4,water_hl_gap_eV,2,0.9999999403953552,0.0,0.7075808757096238,0.7075808757096238,,,,1.0
4,water_hl_gap_eV,3,0.9999999403953552,0.0,0.7075808757096238,0.7075808757096238,,,,1.0
4,water_hl_gap_eV,4,0.9999999403953552,0.0,0.7075808757096238,0.7075808757096238,,,,1.0
4,water_hl_gap_eV,5,0.9999999403953552,0.0,0.7075808757096238,0.7075808757096238,,,,1.0
4,water_hl_gap_eV,6,0.9999999403953552,0.0,0.7075808757096238,0.7075808757096238,,,,1.0
4,water_hl_gap_eV,7,0.9999999403953552,0.0,0.7075808757096238,0.7075808757096238,,,,1.0
4,water_hl_gap_eV,8,0.9999999403953552,0.0,0.7075808757096238,0.7075808757096238,,,,1.0
4,water_hl_gap_eV,9,0.9999999403953552,0.0,0.7075808757096238,0.7075808757096238,,,,1.0
4,water_hl_gap_eV,10,0.9999999403953552,0.0,0.7075808757096238,0.7075808757096238,,,,1.0
4,water_hl_gap_eV,11,0.9999999403953552,0.0,0.7075808757096238,0.7075808757096238,,,,1.0
4,water_hl_gap_eV,12,0.9999999403953552,0.0,0.7075808757096238,0.7075808757096238,,,,1.0
4,water_hl_gap_eV,13,0.9999999403953552,0.0,0.7075808757096238,0.7075808757096238,,,,1.0
4,water_hl_gap_eV,14,0.9999999403953552,0.0,0.7075808757096238,0.7075808757096238,,,,1.0
4,water_hl_gap_eV,15,0.9999999403953552,0.0,0.7075808757096238,0.7075808757096238,,,,1.0
4,water_hl_gap_eV,16,0.9999999403953552,0.0,0.7075808757096238,0.7075808757096238,,,,1.0
4,water_hl_gap_eV,17,0.9999999403953552,0.0,0.7075808757096238,0.7075808757096238,,,,1.0
4,water_hl_gap_eV,18,0.9999999403953552,0.0,0.7075808757096238,0.7075808757096238,,,,1.0
4,water_hl_gap_eV,19,0.9999999403953552,0.0,0.7075808757096238,0.7075808757096238,,,,1.0
4,water_hl_gap_eV,20,0.9999999403953552,0.0,0.7075808757096238,0.7075808757096238,,,,1.0
4,water_hl_gap_eV,21,0.9999999403953552,0.0,0.7075808757096238,0.7075808757096238,,,,1.0
4,water_hl_gap_eV,22,0.9999999403953552,0.0,0.7075808757096238,0.7075808757096238,,,,1.0
4,water_hl_gap_eV,23,0.9999999403953552,0.0,0.7075808757096238,0.7075808757096238,,,,1.0
4,water_hl_gap_eV,24,0.9999999403953552,0.0,0.7075808757096238,0.7075808757096238,,,,1.0
4,water_hl_gap_eV,25,0.9999999403953552,0.0,0.7075808757096238,0.7075808757096238,,,,1.0
4,water_hl_gap_eV,26,0.9999999403953552,0.0,0.7075808757096238,0.7075808757096238,,,,1.0
4,water_hl_gap_eV,27,0.9999999403953552,0.0,0.7075808757096238,0.7075808757096238,,,,1.0
4,water_hl_gap_eV,28,0.9999999403953552,0.0,0.7075808757096238,0.7075808757096238,,,,1.0
4,water_hl_gap_eV,29,0.9999999403953552,0.0,0.7075808757096238,0.7075808757096238,,,,1.0
4,water_hl_gap_eV,30,0.9999999403953552,0.0,0.7075808757096238,0.7075808757096238,,,,1.0
4,water_hl_gap_eV,31,0.9999999403953552,0.0,0.7075808757096238,0.7075808757096238,,,,1.0
4,water_hl_gap_eV,32,0.9999999403953552,0.0,0.7075808757096238,0.7075808757096238,,,,1.0
4,water_hl_gap_eV,33,0.9999999403953552,0.0,0.7075808757096238,0.7075808757096238,,,,1.0
4,water_hl_gap_eV,34,0.9999999403953552,0.0,0.7075808757096238,0.7075808757096238,,,,1.0
4,water_hl_gap_eV,35,0.9999999403953552,0.0,0.7075808757096238,0.7075808757096238,,,,1.0
4,water_hl_gap_eV,36,0.9999999403953552,0.0,0.7075808757096238,0.7075808757096238,,,,1.0
4,water_hl_gap_eV,37,0.9999999403953552,0.0,0.7075808757096238,0.7075808757096238,,,,1.0
4,water_hl_gap_eV,38,0.9999999403953552,0.0,0.7075808757096238,0.7075808757096238,,,,1.0
4,water_hl_gap_eV,39,0.9999999403953552,0.0,0.7075808757096238,0.7075808757096238,,,,1.0
4,water_hl_gap_eV,40,0.9999999403953552,0.0,0.7075808757096238,0.7075808757096238,,,,1.0
4,water_hl_gap_eV,41,0.9999999403953552,0.0,0.7075808757096238,0.7075808757096238,,,,1.0
4,water_hl_gap_eV,42,0.9999999403953552,0.0,0.7075808757096238,0.7075808757096238,,,,1.0
4,water_hl_gap_eV,43,0.9999999403953552,0.0,0.7075808757096238,0.7075808757096238,,,,1.0
4,water_hl_gap_eV,44,0.9999999403953552,0.0,0.7075808757096238,0.7075808757096238,,,,1.0
4,water_hl_gap_eV,45,0.9999999403953552,0.0,0.7075808757096238,0.7075808757096238,,,,1.0
4,water_hl_gap_eV,46,0.9999999403953552,0.0,0.7075808757096238,0.7075808757096238,,,,1.0
4,water_hl_gap_eV,47,0.9999999403953552,0.0,0.7075808757096238,0.7075808757096238,,,,1.0
4,water_hl_gap_eV,48,0.9999999403953552,0.0,0.7075808757096238,0.7075808757096238,,,,1.0
4,water_hl_gap_eV,49,0.9999999403953552,0.0,0.7075808757096238,0.7075808757096238,,,,1.0
4,water_hl_gap_eV,50,0.9999999403953552,0.0,0.7075808757096238,0.7075808757096238,,,,1.0
4,water_hl_gap_eV,51,0.9999999403953552,0.0,0.7075808757096238,0.7075808757096238,,,,1.0
4,water_hl_gap_eV,52,0.9999999403953552,0.0,0.7075808757096238,0.7075808757096238,,,,1.0
4,water_hl_gap_eV,53,0.9999999403953552,0.0,0.7075808757096238,0.7075808757096238,,,,1.0
4,water_hl_gap_eV,54,0.9999999403953552,0.0,0.7075808757096238,0.7075808757096238,,,,1.0
4,water_hl_gap_eV,55,0.9999999403953552,0.0,0.7075808757096238,0.7075808757096238,,,,1.0
4,water_hl_gap_eV,56,0.9999999403953552,0.0,0.7075808757096238,0.7075808757096238,,,,1.0
4,water_hl_gap_eV,57,0.9999999403953552,0.0,0.7075808757096238,0.7075808757096238,,,,1.0
4,water_hl_gap_eV,58,0.9999999403953552,0.0,0.7075808757096238,0.7075808757096238,,,,1.0
4,water_hl_gap_eV,59,0.9999999403953552,0.0,0.7075808757096238,0.7075808757096238,,,,1.0
4,water_hl_gap_eV,60,0.9999999403953552,0.0,0.7075808757096238,0.7075808757096238,,,,1.0
4,water_hl_gap_eV,61,0.9999999403953552,0.0,0.7075808757096238,0.7075808757096238,,,,1.0
4,water_hl_gap_eV,62,0.9999999403953552,0.0,0.7075808757096238,0.7075808757096238,,,,1.0
4,water_hl_gap_eV,63,0.9999999403953552,0.0,0.7075808757096238,0.7075808757096238,,,,1.0
4,water_hl_gap_eV,64,0.9999999403953552,0.0,0.7075808757096238,0.7075808757096238,,,,1.0
4,water_hl_gap_eV,65,0.9999999403953552,0.0,0.7075808757096238,0.7075808757096238,,,,1.0
4,water_hl_gap_eV,66,0.9999999403953552,0.0,0.7075808757096238,0.7075808757096238,,,,1.0
4,water_hl_gap_eV,67,0.9999999403953552,0.0,0.7075808757096238,0.7075808757096238,,,,1.0
4,water_hl_gap_eV,68,0.9999999403953552,0.0,0.7075808757096238,0.7075808757096238,,,,1.0
4,water_hl_gap_eV,69,0.9999999403953552,0.0,0.7075808757096238,0.7075808757096238,,,,1.0
4,water_hl_gap_eV,70,0.9999999403953552,0.0,0.7075808757096238,0.7075808757096238,,,,1.0
4,water_hl_gap_eV,71,0.9999999403953552,0.0,0.7075808757096238,0.7075808757096238,,,,1.0
4,water_hl_gap_eV,72,0.9999999403953552,0.0,0.7075808757096238,0.7075808757096238,,,,1.0
4,water_hl_gap_eV,73,0.9999999403953552,0.0,0.7075808757096238,0.7075808757096238,,,,1.0
4,water_hl_gap_eV,74,0.9999999403953552,0.0,0.7075808757096238,0.7075808757096238,,,,1.0
4,water_hl_gap_eV,75,0.9999999403953552,0.0,0.7075808757096238,0.7075808757096238,,,,1.0
4,water_hl_gap_eV,76,0.9999999403953552,0.0,0.7075808757096238,0.7075808757096238,,,,1.0
4,water_hl_gap_eV,77,0.9999999403953552,0.0,0.7075808757096238,0.7075808757096238,,,,1.0
4,water_hl_gap_eV,78,0.9999999403953552,0.0,0.7075808757096238,0.7075808757096238,,,,1.0
4,water_hl_gap_eV,79,0.9999999403953552,0.0,0.7075808757096238,0.7075808757096238,,,,1.0
4,water_hl_gap_eV,80,0.9999999403953552,0.0,0.7075808757096238,0.7075808757096238,,,,1.0
4,water_hl_gap_eV,81,0.9999999403953552,0.0,0.7075808757096238,0.7075808757096238,,,,1.0
4,water_hl_gap_eV,82,0.9999999403953552,0.0,0.7075808757096238,0.7075808757096238,,,,1.0
4,water_hl_gap_eV,83,0.9999999403953552,0.0,0.7075808757096238,0.7075808757096238,,,,1.0
4,water_hl_gap_eV,84,0.9999999403953552,0.0,0.7075808757096238,0.7075808757096238,,,,1.0
4,water_hl_gap_eV,85,0.9999999403953552,0.0,0.7075808757096238,0.7075808757096238,,,,1.0
4,water_hl_gap_eV,86,0.9999999403953552,0.0,0.7075808757096238,0.7075808757096238,,,,1.0
4,water_hl_gap_eV,87,0.9999999403953552,0.0,0.7075808757096238,0.7075808757096238,,,,1.0
4,water_hl_gap_eV,88,0.9999999403953552,0.0,0.7075808757096238,0.7075808757096238,,,,1.0
4,water_hl_gap_eV,89,0.9999999403953552,0.0,0.7075808757096238,0.7075808757096238,,,,1.0
4,water_hl_gap_eV,90,0.9999999403953552,0.0,0.7075808757096238,0.7075808757096238,,,,1.0
4,water_hl_gap_eV,91,0.9999999403953552,0.0,0.7075808757096238,0.7075808757096238,,,,1.0
4,water_hl_gap_eV,92,0.9999999403953552,0.0,0.7075808757096238,0.7075808757096238,,,,1.0
4,water_hl_gap_eV,93,0.9999999403953552,0.0,0.7075808757096238,0.7075808757096238,,,,1.0
4,water_hl_gap_eV,94,0.9999999403953552,0.0,0.7075808757096238,0.7075808757096238,,,,1.0
4,water_hl_gap_eV,95,0.9999999403953552,0.0,0.7075808757096238,0.7075808757096238,,,,1.0
4,water_hl_gap_eV,96,0.9999999403953552,0.0,0.7075808757096238,0.7075808757096238,,,,1.0
4,water_hl_gap_eV,97,0.9999999403953552,0.0,0.7075808757096238,0.7075808757096238,,,,1.0
4,water_hl_gap_eV,98,0.9999999403953552,0.0,0.7075808757096238,0.7075808757096238,,,,1.0
4,water_hl_gap_eV,99,0.9999999403953552,0.0,0.7075808757096238,0.7075808757096238,,,,1.0
4,water_hl_gap_eV,100,0.9999999403953552,0.0,0.7075808757096238,0.7075808757096238,,,,1.0
4,water_hl_gap_eV,101,0.9999999403953552,0.0,0.7075808757096238,0.7075808757096238,,,,1.0
4,water_hl_gap_eV,102,0.9999999403953552,0.0,0.7075808757096238,0.7075808757096238,,,,1.0
4,water_hl_gap_eV,103,0.9999999403953552,0.0,0.7075808757096238,0.7075808757096238,,,,1.0
4,water_hl_gap_eV,104,0.9999999403953552,0.0,0.7075808757096238,0.7075808757096238,,,,1.0
4,water_hl_gap_eV,105,0.9999999403953552,0.0,0.7075808757096238,0.7075808757096238,,,,1.0
4,water_hl_gap_eV,106,0.9999999403953552,0.0,0.7075808757096238,0.7075808757096238,,,,1.0
4,water_hl_gap_eV,107,0.9999999403953552,0.0,0.7075808757096238,0.7075808757096238,,,,1.0
4,water_hl_gap_eV,108,0.9999999403953552,0.0,0.7075808757096238,0.7075808757096238,,,,1.0
4,water_hl_gap_eV,109,0.9999999403953552,0.0,0.7075808757096238,0.7075808757096238,,,,1.0
4,water_hl_gap_eV,110,0.9999999403953552,0.0,0.7075808757096238,0.7075808757096238,,,,1.0
4,water_hl_gap_eV,111,0.9999999403953552,0.0,0.7075808757096238,0.7075808757096238,,,,1.0
4,water_hl_gap_eV,112,0.9999999403953552,0.0,0.7075808757096238,0.7075808757096238,,,,1.0
4,water_hl_gap_eV,113,0.9999999403953552,0.0,0.7075808757096238,0.7075808757096238,,,,1.0
4,water_hl_gap_eV,114,0.9999999403953552,0.0,0.7075808757096238,0.7075808757096238,,,,1.0
4,water_hl_gap_eV,115,0.9999999403953552,0.0,0.7075808757096238,0.7075808757096238,,,,1.0
4,water_hl_gap_eV,116,0.9999999403953552,0.0,0.7075808757096238,0.7075808757096238,,,,1.0
4,water_hl_gap_eV,117,0.9999999403953552,0.0,0.7075808757096238,0.7075808757096238,,,,1.0
4,water_hl_gap_eV,118,0.9999999403953552,0.0,0.7075808757096238,0.7075808757096238,,,,1.0
4,water_hl_gap_eV,119,0.9999999403953552,0.0,0.7075808757096238,0.7075808757096238,,,,1.0
4,water_hl_gap_eV,120,0.9999999403953552,0.0,0.7075808757096238,0.7075808757096238,,,,1.0
4,water_hl_gap_eV,121,0.9999999403953552,0.0,0.7075808757096238,0.7075808757096238,,,,1.0
4,water_hl_gap_eV,122,0.9999999403953552,0.0,0.7075808757096238,0.7075808757096238,,,,1.0
4,water_hl_gap_eV,123,0.9999999403953552,0.0,0.7075808757096238,0.7075808757096238,,,,1.0
4,water_hl_gap_eV,124,0.9999999403953552,0.0,0.7075808757096238,0.7075808757096238,,,,1.0
4,water_hl_gap_eV,125,0.9999999403953552,0.0,0.7075808757096238,0.7075808757096238,,,,1.0
4,water_hl_gap_eV,126,0.9999999403953552,0.0,0.7075808757096238,0.7075808757096238,,,,1.0
4,water_hl_gap_eV,127,0.9999999403953552,0.0,0.7075808757096238,0.7075808757096238,,,,1.0
4,water_hl_gap_eV,128,0.9999999403953552,0.0,0.7075808757096238,0.7075808757096238,,,,1.0
4,water_hl_gap_eV,129,0.9999999403953552,0.0,0.7075808757096238,0.7075808757096238,,,,1.0
4,water_hl_gap_eV,130,0.9999999403953552,0.0,0.7075808757096238,0.7075808757096238,,,,1.0
4,water_hl_gap_eV,131,0.9999999403953552,0.0,0.7075808757096238,0.7075808757096238,,,,1.0
4,water_hl_gap_eV,132,0.9999999403953552,0.0,0.7075808757096238,0.7075808757096238,,,,1.0
4,water_hl_gap_eV,133,0.9999999403953552,0.0,0.7075808757096238,0.7075808757096238,,,,1.0
4,water_hl_gap_eV,134,0.9999999403953552,0.0,0.7075808757096238,0.7075808757096238,,,,1.0
4,water_hl_gap_eV,135,0.9999999403953552,0.0,0.7075808757096238,0.7075808757096238,,,,1.0
4,water_hl_gap_eV,136,0.9999999403953552,0.0,0.7075808757096238,0.7075808757096238,,,,1.0
4,water_hl_gap_eV,137,0.9999999403953552,0.0,0.7075808757096238,0.7075808757096238,,,,1.0
4,water_hl_gap_eV,138,0.9999999403953552,0.0,0.7075808757096238,0.7075808757096238,,,,1.0
4,water_hl_gap_eV,139,0.9999999403953552,0.0,0.7075808757096238,0.7075808757096238,,,,1.0
4,water_hl_gap_eV,140,0.9999999403953552,0.0,0.7075808757096238,0.7075808757096238,,,,1.0
4,water_hl_gap_eV,141,0.9999999403953552,0.0,0.7075808757096238,0.7075808757096238,,,,1.0
4,water_hl_gap_eV,142,0.9999999403953552,0.0,0.7075808757096238,0.7075808757096238,,,,1.0
4,water_hl_gap_eV,143,0.9999999403953552,0.0,0.7075808757096238,0.7075808757096238,,,,1.0
4,water_hl_gap_eV,144,0.9999999403953552,0.0,0.7075808757096238,0.7075808757096238,,,,1.0
4,water_hl_gap_eV,145,0.9999999403953552,0.0,0.7075808757096238,0.7075808757096238,,,,1.0
4,water_hl_gap_eV,146,0.9999999403953552,0.0,0.7075808757096238,0.7075808757096238,,,,1.0
4,water_hl_gap_eV,147,0.9999999403953552,0.0,0.7075808757096238,0.7075808757096238,,,,1.0
4,water_hl_gap_eV,148,0.9999999403953552,0.0,0.7075808757096238,0.7075808757096238,,,,1.0
4,water_hl_gap_eV,149,0.9999999403953552,0.0,0.7075808757096238,0.7075808757096238,,,,1.0
4,water_hl_gap_eV,150,0.9999999403953552,0.0,0.7075808757096238,0.7075808757096238,,,,1.0
4,water_hl_gap_eV,151,0.9999999403953552,0.0,0.7075808757096238,0.7075808757096238,,,,1.0
4,water_hl_gap_eV,152,0.9999999403953552,0.0,0.7075808757096238,0.7075808757096238,,,,1.0
4,water_hl_gap_eV,153,0.9999999403953552,0.0,0.7075808757096238,0.7075808757096238,,,,1.0
4,water_hl_gap_eV,154,0.9999999403953552,0.0,0.7075808757096238,0.7075808757096238,,,,1.0
4,water_hl_gap_eV,155,0.9999999403953552,0.0,0.7075808757096238,0.7075808757096238,,,,1.0
4,water_hl_gap_eV,156,0.9999999403953552,0.0,0.7075808757096238,0.7075808757096238,,,,1.0
4,water_hl_gap_eV,157,0.9999999403953552,0.0,0.7075808757096238,0.7075808757096238,,,,1.0
4,water_hl_gap_eV,158,0.9999999403953552,0.0,0.7075808757096238,0.7075808757096238,,,,1.0
4,water_hl_gap_eV,159,0.9999999403953552,0.0,0.7075808757096238,0.7075808757096238,,,,1.0
4,water_hl_gap_eV,160,0.9999999403953552,0.0,0.7075808757096238,0.7075808757096238,,,,1.0
4,water_hl_gap_eV,161,0.9999999403953552,0.0,0.7075808757096238,0.7075808757096238,,,,1.0
4,water_hl_gap_eV,162,0.9999999403953552,0.0,0.7075808757096238,0.7075808757096238,,,,1.0
4,water_hl_gap_eV,163,0.9999999403953552,0.0,0.7075808757096238,0.7075808757096238,,,,1.0
4,water_hl_gap_eV,164,0.9999999403953552,0.0,0.7075808757096238,0.7075808757096238,,,,1.0
4,water_hl_gap_eV,165,0.9999999403953552,0.0,0.7075808757096238,0.7075808757096238,,,,1.0
4,water_hl_gap_eV,166,0.9999999403953552,0.0,0.7075808757096238,0.7075808757096238,,,,1.0
4,water_hl_gap_eV,167,0.9999999403953552,0.0,0.7075808757096238,0.7075808757096238,,,,1.0
4,water_hl_gap_eV,168,0.9999999403953552,0.0,0.7075808757096238,0.7075808757096238,,,,1.0
4,water_hl_gap_eV,169,0.9999999403953552,0.0,0.7075808757096238,0.7075808757096238,,,,1.0
4,water_hl_gap_eV,170,0.9999999403953552,0.0,0.7075808757096238,0.7075808757096238,,,,1.0
4,water_hl_gap_eV,171,0.9999999403953552,0.0,0.7075808757096238,0.7075808757096238,,,,1.0
4,water_hl_gap_eV,172,0.9999999403953552,0.0,0.7075808757096238,0.7075808757096238,,,,1.0
4,water_hl_gap_eV,173,0.9999999403953552,0.0,0.7075808757096238,0.7075808757096238,,,,1.0
4,water_hl_gap_eV,174,0.9999999403953552,0.0,0.7075808757096238,0.7075808757096238,,,,1.0
4,water_hl_gap_eV,175,0.9999999403953552,0.0,0.7075808757096238,0.7075808757096238,,,,1.0
4,water_hl_gap_eV,176,0.9999999403953552,0.0,0.7075808757096238,0.7075808757096238,,,,1.0
4,water_hl_gap_eV,177,0.9999999403953552,0.0,0.7075808757096238,0.7075808757096238,,,,1.0
4,water_hl_gap_eV,178,0.9999999403953552,0.0,0.7075808757096238,0.7075808757096238,,,,1.0
4,water_hl_gap_eV,179,0.9999999403953552,0.0,0.7075808757096238,0.7075808757096238,,,,1.0
4,water_hl_gap_eV,180,0.9999999403953552,0.0,0.7075808757096238,0.7075808757096238,,,,1.0
4,water_hl_gap_eV,181,0.9999999403953552,0.0,0.7075808757096238,0.7075808757096238,,,,1.0
4,water_hl_gap_eV,182,0.9999999403953552,0.0,0.7075808757096238,0.7075808757096238,,,,1.0
4,water_hl_gap_eV,183,0.9999999403953552,0.0,0.7075808757096238,0.7075808757096238,,,,1.0
4,water_hl_gap_eV,184,0.9999999403953552,0.0,0.7075808757096238,0.7075808757096238,,,,1.0
4,water_hl_gap_eV,185,0.9999999403953552,0.0,0.7075808757096238,0.7075808757096238,,,,1.0
4,water_hl_gap_eV,186,0.9999999403953552,0.0,0.7075808757096238,0.7075808757096238,,,,1.0
4,water_hl_gap_eV,187,0.9999999403953552,0.0,0.7075808757096238,0.7075808757096238,,,,1.0
4,water_hl_gap_eV,188,0.9999999403953552,0.0,0.7075808757096238,0.7075808757096238,,,,1.0
4,water_hl_gap_eV,189,0.9999999403953552,0.0,0.7075808757096238,0.7075808757096238,,,,1.0
4,water_hl_gap_eV,190,0.9999999403953552,0.0,0.7075808757096238,0.7075808757096238,,,,1.0
4,water_hl_gap_eV,191,0.9999999403953552,0.0,0.7075808757096238,0.7075808757096238,,,,1.0
4,water_hl_gap_eV,192,0.9999999403953552,0.0,0.7075808757096238,0.7075808757096238,,,,1.0
4,water_hl_gap_eV,193,0.9999999403953552,0.0,0.7075808757096238,0.7075808757096238,,,,1.0
4,water_hl_gap_eV,194,0.9999999403953552,0.0,0.7075808757096238,0.7075808757096238,,,,1.0
4,water_hl_gap_eV,195,0.9999999403953552,0.0,0.7075808757096238,0.7075808757096238,,,,1.0
4,water_hl_gap_eV,196,0.9999999403953552,0.0,0.7075808757096238,0.7075808757096238,,,,1.0
4,water_hl_gap_eV,197,0.9999999403953552,0.0,0.7075808757096238,0.7075808757096238,,,,1.0
4,water_hl_gap_eV,198,0.9999999403953552,0.0,0.7075808757096238,0.7075808757096238,,,,1.0
4,water_hl_gap_eV,199,0.9999999403953552,0.0,0.7075808757096238,0.7075808757096238,,,,1.0
4,water_hl_gap_eV,200,0.9999999403953552,0.0,0.7075808757096238,0.7075808757096238,,,,1.0
4,water_hl_gap_eV,201,0.9999999403953552,0.0,0.7075808757096238,0.7075808757096238,,,,1.0
4,water_hl_gap_eV,202,0.9999999403953552,0.0,0.7075808757096238,0.7075808757096238,,,,1.0
4,water_hl_gap_eV,203,0.9999999403953552,0.0,0.7075808757096238,0.7075808757096238,,,,1.0
4,water_hl_gap_eV,204,0.9999999403953552,0.0,0.7075808757096238,0.7075808757096238,,,,1.0
4,water_hl_gap_eV,205,0.9999999403953552,0.0,0.7075808757096238,0.7075808757096238,,,,1.0
4,water_hl_gap_eV,206,0.9999999403953552,0.0,0.7075808757096238,0.7075808757096238,,,,1.0
4,water_hl_gap_eV,207,0.9999999403953552,0.0,0.7075808757096238,0.7075808757096238,,,,1.0
4,water_hl_gap_eV,208,0.9999999403953552,0.0,0.7075808757096238,0.7075808757096238,,,,1.0
4,water_hl_gap_eV,209,0.9999999403953552,0.0,0.7075808757096238,0.7075808757096238,,,,1.0
4,water_hl_gap_eV,210,0.9999999403953552,0.0,0.7075808757096238,0.7075808757096238,,,,1.0
4,water_hl_gap_eV,211,0.9999999403953552,0.0,0.7075808757096238,0.7075808757096238,,,,1.0
4,water_hl_gap_eV,212,0.9999999403953552,0.0,0.7075808757096238,0.7075808757096238,,,,1.0
4,water_hl_gap_eV,213,0.9999999403953552,0.0,0.7075808757096238,0.7075808757096238,,,,1.0
4,water_hl_gap_eV,214,0.9999999403953552,0.0,0.7075808757096238,0.7075808757096238,,,,1.0
4,water_hl_gap_eV,215,0.9999999403953552,0.0,0.7075808757096238,0.7075808757096238,,,,1.0
4,water_hl_gap_eV,216,0.9999999403953552,0.0,0.7075808757096238,0.7075808757096238,,,,1.0
4,water_hl_gap_eV,217,0.9999999403953552,0.0,0.7075808757096238,0.7075808757096238,,,,1.0
4,water_hl_gap_eV,218,0.9999999403953552,0.0,0.7075808757096238,0.7075808757096238,,,,1.0
4,water_hl_gap_eV,219,0.9999999403953552,0.0,0.7075808757096238,0.7075808757096238,,,,1.0
4,water_hl_gap_eV,220,0.9999999403953552,0.0,0.7075808757096238,0.7075808757096238,,,,1.0
4,water_hl_gap_eV,221,0.9999999403953552,0.0,0.7075808757096238,0.7075808757096238,,,,1.0
4,water_hl_gap_eV,222,0.9999999403953552,0.0,0.7075808757096238,0.7075808757096238,,,,1.0
4,water_hl_gap_eV,223,0.9999999403953552,0.0,0.7075808757096238,0.7075808757096238,,,,1.0
4,water_hl_gap_eV,224,0.9999999403953552,0.0,0.7075808757096238,0.7075808757096238,,,,1.0
4,water_hl_gap_eV,225,0.9999999403953552,0.0,0.7075808757096238,0.7075808757096238,,,,1.0
4,water_hl_gap_eV,226,0.9999999403953552,0.0,0.7075808757096238,0.7075808757096238,,,,1.0
4,water_hl_gap_eV,227,0.9999999403953552,0.0,0.7075808757096238,0.7075808757096238,,,,1.0
4,water_hl_gap_eV,228,0.9999999403953552,0.0,0.7075808757096238,0.7075808757096238,,,,1.0
4,water_hl_gap_eV,229,0.9999999403953552,0.0,0.7075808757096238,0.7075808757096238,,,,1.0
4,water_hl_gap_eV,230,0.9999999403953552,0.0,0.7075808757096238,0.7075808757096238,,,,1.0
4,water_hl_gap_eV,231,0.9999999403953552,0.0,0.7075808757096238,0.7075808757096238,,,,1.0
4,water_hl_gap_eV,232,0.9999999403953552,0.0,0.7075808757096238,0.7075808757096238,,,,1.0
4,water_hl_gap_eV,233,0.9999999403953552,0.0,0.7075808757096238,0.7075808757096238,,,,1.0
4,water_hl_gap_eV,234,0.9999999403953552,0.0,0.7075808757096238,0.7075808757096238,,,,1.0
4,water_hl_gap_eV,235,0.9999999403953552,0.0,0.7075808757096238,0.7075808757096238,,,,1.0
4,water_hl_gap_eV,236,0.9999999403953552,0.0,0.7075808757096238,0.7075808757096238,,,,1.0
4,water_hl_gap_eV,237,0.9999999403953552,0.0,0.7075808757096238,0.7075808757096238,,,,1.0
4,water_hl_gap_eV,238,0.9999999403953552,0.0,0.7075808757096238,0.7075808757096238,,,,1.0
4,water_hl_gap_eV,239,0.9999999403953552,0.0,0.7075808757096238,0.7075808757096238,,,,1.0
4,water_hl_gap_eV,240,0.9999999403953552,0.0,0.7075808757096238,0.7075808757096238,,,,1.0
4,water_hl_gap_eV,241,0.9999999403953552,0.0,0.7075808757096238,0.7075808757096238,,,,1.0
4,water_hl_gap_eV,242,0.9999999403953552,0.0,0.7075808757096238,0.7075808757096238,,,,1.0
4,water_hl_gap_eV,243,0.9999999403953552,0.0,0.7075808757096238,0.7075808757096238,,,,1.0
4,water_hl_gap_eV,244,0.9999999403953552,0.0,0.7075808757096238,0.7075808757096238,,,,1.0
4,water_hl_gap_eV,245,0.9999999403953552,0.0,0.7075808757096238,0.7075808757096238,,,,1.0
4,water_hl_gap_eV,246,0.9999999403953552,0.0,0.7075808757096238,0.7075808757096238,,,,1.0
4,water_hl_gap_eV,247,0.9999999403953552,0.0,0.7075808757096238,0.7075808757096238,,,,1.0
4,water_hl_gap_eV,248,0.9999999403953552,0.0,0.7075808757096238,0.7075808757096238,,,,1.0
4,water_hl_gap_eV,249,0.9999999403953552,0.0,0.7075808757096238,0.7075808757096238,,,,1.0
4,water_dipole,0,1.0000001192092896,0.0,0.637372037028272,0.637372037028272,,,,1.0
4,water_dipole,1,1.0000001192092896,0.0,0.637372037028272,0.637372037028272,,,,1.0
4,water_dipole,2,1.0000001192092896,0.0,0.637372037028272,0.637372037028272,,,,1.0
4,water_dipole,3,1.0000001192092896,0.0,0.637372037028272,0.637372037028272,,,,1.0
4,water_dipole,4,1.0000001192092896,0.0,0.637372037028272,0.637372037028272,,,,1.0
4,water_dipole,5,1.0000001192092896,0.0,0.637372037028272,0.637372037028272,,,,1.0
4,water_dipole,6,1.0000001192092896,0.0,0.637372037028272,0.637372037028272,,,,1.0
4,water_dipole,7,1.0000001192092896,0.0,0.637372037028272,0.637372037028272,,,,1.0
4,water_dipole,8,1.0000001192092896,0.0,0.637372037028272,0.637372037028272,,,,1.0
4,water_dipole,9,1.0000001192092896,0.0,0.637372037028272,0.637372037028272,,,,1.0
4,water_dipole,10,1.0000001192092896,0.0,0.637372037028272,0.637372037028272,,,,1.0
4,water_dipole,11,1.0000001192092896,0.0,0.637372037028272,0.637372037028272,,,,1.0
4,water_dipole,12,1.0000001192092896,0.0,0.637372037028272,0.637372037028272,,,,1.0
4,water_dipole,13,1.0000001192092896,0.0,0.637372037028272,0.637372037028272,,,,1.0
4,water_dipole,14,1.0000001192092896,0.0,0.637372037028272,0.637372037028272,,,,1.0
4,water_dipole,15,1.0000001192092896,0.0,0.637372037028272,0.637372037028272,,,,1.0
4,water_dipole,16,1.0000001192092896,0.0,0.637372037028272,0.637372037028272,,,,1.0
4,water_dipole,17,1.0000001192092896,0.0,0.637372037028272,0.637372037028272,,,,1.0
4,water_dipole,18,1.0000001192092896,0.0,0.637372037028272,0.637372037028272,,,,1.0
4,water_dipole,19,1.0000001192092896,0.0,0.637372037028272,0.637372037028272,,,,1.0
4,water_dipole,20,1.0000001192092896,0.0,0.637372037028272,0.637372037028272,,,,1.0
4,water_dipole,21,1.0000001192092896,0.0,0.637372037028272,0.637372037028272,,,,1.0
4,water_dipole,22,1.0000001192092896,0.0,0.637372037028272,0.637372037028272,,,,1.0
4,water_dipole,23,1.0000001192092896,0.0,0.637372037028272,0.637372037028272,,,,1.0
4,water_dipole,24,1.0000001192092896,0.0,0.637372037028272,0.637372037028272,,,,1.0
4,water_dipole,25,1.0000001192092896,0.0,0.637372037028272,0.637372037028272,,,,1.0
4,water_dipole,26,1.0000001192092896,0.0,0.637372037028272,0.637372037028272,,,,1.0
4,water_dipole,27,1.0000001192092896,0.0,0.637372037028272,0.637372037028272,,,,1.0
4,water_dipole,28,1.0000001192092896,0.0,0.637372037028272,0.637372037028272,,,,1.0
4,water_dipole,29,1.0000001192092896,0.0,0.637372037028272,0.637372037028272,,,,1.0
4,water_dipole,30,1.0000001192092896,0.0,0.637372037028272,0.637372037028272,,,,1.0
4,water_dipole,31,1.0000001192092896,0.0,0.637372037028272,0.637372037028272,,,,1.0
4,water_dipole,32,1.0000001192092896,0.0,0.637372037028272,0.637372037028272,,,,1.0
4,water_dipole,33,1.0000001192092896,0.0,0.637372037028272,0.637372037028272,,,,1.0
4,water_dipole,34,1.0000001192092896,0.0,0.637372037028272,0.637372037028272,,,,1.0
4,water_dipole,35,1.0000001192092896,0.0,0.637372037028272,0.637372037028272,,,,1.0
4,water_dipole,36,1.0000001192092896,0.0,0.637372037028272,0.637372037028272,,,,1.0
4,water_dipole,37,1.0000001192092896,0.0,0.637372037028272,0.637372037028272,,,,1.0
4,water_dipole,38,1.0000001192092896,0.0,0.637372037028272,0.637372037028272,,,,1.0
4,water_dipole,39,1.0000001192092896,0.0,0.637372037028272,0.637372037028272,,,,1.0
4,water_dipole,40,1.0000001192092896,0.0,0.637372037028272,0.637372037028272,,,,1.0
4,water_dipole,41,1.0000001192092896,0.0,0.637372037028272,0.637372037028272,,,,1.0
4,water_dipole,42,1.0000001192092896,0.0,0.637372037028272,0.637372037028272,,,,1.0
4,water_dipole,43,1.0000001192092896,0.0,0.637372037028272,0.637372037028272,,,,1.0
4,water_dipole,44,1.0000001192092896,0.0,0.637372037028272,0.637372037028272,,,,1.0
4,water_dipole,45,1.0000001192092896,0.0,0.637372037028272,0.637372037028272,,,,1.0
4,water_dipole,46,1.0000001192092896,0.0,0.637372037028272,0.637372037028272,,,,1.0
4,water_dipole,47,1.0000001192092896,0.0,0.637372037028272,0.637372037028272,,,,1.0
4,water_dipole,48,1.0000001192092896,0.0,0.637372037028272,0.637372037028272,,,,1.0
4,water_dipole,49,1.0000001192092896,0.0,0.637372037028272,0.637372037028272,,,,1.0
4,water_dipole,50,1.0000001192092896,0.0,0.637372037028272,0.637372037028272,,,,1.0
4,water_dipole,51,1.0000001192092896,0.0,0.637372037028272,0.637372037028272,,,,1.0
4,water_dipole,52,1.0000001192092896,0.0,0.637372037028272,0.637372037028272,,,,1.0
4,water_dipole,53,1.0000001192092896,0.0,0.637372037028272,0.637372037028272,,,,1.0
4,water_dipole,54,1.0000001192092896,0.0,0.637372037028272,0.637372037028272,,,,1.0
4,water_dipole,55,1.0000001192092896,0.0,0.637372037028272,0.637372037028272,,,,1.0
4,water_dipole,56,1.0000001192092896,0.0,0.637372037028272,0.637372037028272,,,,1.0
4,water_dipole,57,1.0000001192092896,0.0,0.637372037028272,0.637372037028272,,,,1.0
4,water_dipole,58,1.0000001192092896,0.0,0.637372037028272,0.637372037028272,,,,1.0
4,water_dipole,59,1.0000001192092896,0.0,0.637372037028272,0.637372037028272,,,,1.0
4,water_dipole,60,1.0000001192092896,0.0,0.637372037028272,0.637372037028272,,,,1.0
4,water_dipole,61,1.0000001192092896,0.0,0.637372037028272,0.637372037028272,,,,1.0
4,water_dipole,62,1.0000001192092896,0.0,0.637372037028272,0.637372037028272,,,,1.0
4,water_dipole,63,1.0000001192092896,0.0,0.637372037028272,0.637372037028272,,,,1.0
4,water_dipole,64,1.0000001192092896,0.0,0.637372037028272,0.637372037028272,,,,1.0
4,water_dipole,65,1.0000001192092896,0.0,0.637372037028272,0.637372037028272,,,,1.0
4,water_dipole,66,1.0000001192092896,0.0,0.637372037028272,0.637372037028272,,,,1.0
4,water_dipole,67,1.0000001192092896,0.0,0.637372037028272,0.637372037028272,,,,1.0
4,water_dipole,68,1.0000001192092896,0.0,0.637372037028272,0.637372037028272,,,,1.0
4,water_dipole,69,1.0000001192092896,0.0,0.637372037028272,0.637372037028272,,,,1.0
4,water_dipole,70,1.0000001192092896,0.0,0.637372037028272,0.637372037028272,,,,1.0
4,water_dipole,71,1.0000001192092896,0.0,0.637372037028272,0.637372037028272,,,,1.0
4,water_dipole,72,1.0000001192092896,0.0,0.637372037028272,0.637372037028272,,,,1.0
4,water_dipole,73,1.0000001192092896,0.0,0.637372037028272,0.637372037028272,,,,1.0
4,water_dipole,74,1.0000001192092896,0.0,0.637372037028272,0.637372037028272,,,,1.0
4,water_dipole,75,1.0000001192092896,0.0,0.637372037028272,0.637372037028272,,,,1.0
4,water_dipole,76,1.0000001192092896,0.0,0.637372037028272,0.637372037028272,,,,1.0
4,water_dipole,77,1.0000001192092896,0.0,0.637372037028272,0.637372037028272,,,,1.0
4,water_dipole,78,1.0000001192092896,0.0,0.637372037028272,0.637372037028272,,,,1.0
4,water_dipole,79,1.0000001192092896,0.0,0.637372037028272,0.637372037028272,,,,1.0
4,water_dipole,80,1.0000001192092896,0.0,0.637372037028272,0.637372037028272,,,,1.0
4,water_dipole,81,1.0000001192092896,0.0,0.637372037028272,0.637372037028272,,,,1.0
4,water_dipole,82,1.0000001192092896,0.0,0.637372037028272,0.637372037028272,,,,1.0
4,water_dipole,83,1.0000001192092896,0.0,0.637372037028272,0.637372037028272,,,,1.0
4,water_dipole,84,1.0000001192092896,0.0,0.637372037028272,0.637372037028272,,,,1.0
4,water_dipole,85,1.0000001192092896,0.0,0.637372037028272,0.637372037028272,,,,1.0
4,water_dipole,86,1.0000001192092896,0.0,0.637372037028272,0.637372037028272,,,,1.0
4,water_dipole,87,1.0000001192092896,0.0,0.637372037028272,0.637372037028272,,,,1.0
4,water_dipole,88,1.0000001192092896,0.0,0.637372037028272,0.637372037028272,,,,1.0
4,water_dipole,89,1.0000001192092896,0.0,0.637372037028272,0.637372037028272,,,,1.0
4,water_dipole,90,1.0000001192092896,0.0,0.637372037028272,0.637372037028272,,,,1.0
4,water_dipole,91,1.0000001192092896,0.0,0.637372037028272,0.637372037028272,,,,1.0
4,water_dipole,92,1.0000001192092896,0.0,0.637372037028272,0.637372037028272,,,,1.0
4,water_dipole,93,1.0000001192092896,0.0,0.637372037028272,0.637372037028272,,,,1.0
4,water_dipole,94,1.0000001192092896,0.0,0.637372037028272,0.637372037028272,,,,1.0
4,water_dipole,95,1.0000001192092896,0.0,0.637372037028272,0.637372037028272,,,,1.0
4,water_dipole,96,1.0000001192092896,0.0,0.637372037028272,0.637372037028272,,,,1.0
4,water_dipole,97,1.0000001192092896,0.0,0.637372037028272,0.637372037028272,,,,1.0
4,water_dipole,98,1.0000001192092896,0.0,0.637372037028272,0.637372037028272,,,,1.0
4,water_dipole,99,1.0000001192092896,0.0,0.637372037028272,0.637372037028272,,,,1.0
4,water_dipole,100,1.0000001192092896,0.0,0.637372037028272,0.637372037028272,,,,1.0
4,water_dipole,101,1.0000001192092896,0.0,0.637372037028272,0.637372037028272,,,,1.0
4,water_dipole,102,1.0000001192092896,0.0,0.637372037028272,0.637372037028272,,,,1.0
4,water_dipole,103,1.0000001192092896,0.0,0.637372037028272,0.637372037028272,,,,1.0
4,water_dipole,104,1.0000001192092896,0.0,0.637372037028272,0.637372037028272,,,,1.0
4,water_dipole,105,1.0000001192092896,0.0,0.637372037028272,0.637372037028272,,,,1.0
4,water_dipole,106,1.0000001192092896,0.0,0.637372037028272,0.637372037028272,,,,1.0
4,water_dipole,107,1.0000001192092896,0.0,0.637372037028272,0.637372037028272,,,,1.0
4,water_dipole,108,1.0000001192092896,0.0,0.637372037028272,0.637372037028272,,,,1.0
4,water_dipole,109,1.0000001192092896,0.0,0.637372037028272,0.637372037028272,,,,1.0
4,water_dipole,110,1.0000001192092896,0.0,0.637372037028272,0.637372037028272,,,,1.0
4,water_dipole,111,1.0000001192092896,0.0,0.637372037028272,0.637372037028272,,,,1.0
4,water_dipole,112,1.0000001192092896,0.0,0.637372037028272,0.637372037028272,,,,1.0
4,water_dipole,113,1.0000001192092896,0.0,0.637372037028272,0.637372037028272,,,,1.0
4,water_dipole,114,1.0000001192092896,0.0,0.637372037028272,0.637372037028272,,,,1.0
4,water_dipole,115,1.0000001192092896,0.0,0.637372037028272,0.637372037028272,,,,1.0
4,water_dipole,116,1.0000001192092896,0.0,0.637372037028272,0.637372037028272,,,,1.0
4,water_dipole,117,1.0000001192092896,0.0,0.637372037028272,0.637372037028272,,,,1.0
4,water_dipole,118,1.0000001192092896,0.0,0.637372037028272,0.637372037028272,,,,1.0
4,water_dipole,119,1.0000001192092896,0.0,0.637372037028272,0.637372037028272,,,,1.0
4,water_dipole,120,1.0000001192092896,0.0,0.637372037028272,0.637372037028272,,,,1.0
4,water_dipole,121,1.0000001192092896,0.0,0.637372037028272,0.637372037028272,,,,1.0
4,water_dipole,122,1.0000001192092896,0.0,0.637372037028272,0.637372037028272,,,,1.0
4,water_dipole,123,1.0000001192092896,0.0,0.637372037028272,0.637372037028272,,,,1.0
4,water_dipole,124,1.0000001192092896,0.0,0.637372037028272,0.637372037028272,,,,1.0
4,water_dipole,125,1.0000001192092896,0.0,0.637372037028272,0.637372037028272,,,,1.0
4,water_dipole,126,1.0000001192092896,0.0,0.637372037028272,0.637372037028272,,,,1.0
4,water_dipole,127,1.0000001192092896,0.0,0.637372037028272,0.637372037028272,,,,1.0
4,water_dipole,128,1.0000001192092896,0.0,0.637372037028272,0.637372037028272,,,,1.0
4,water_dipole,129,1.0000001192092896,0.0,0.637372037028272,0.637372037028272,,,,1.0
4,water_dipole,130,1.0000001192092896,0.0,0.637372037028272,0.637372037028272,,,,1.0
4,water_dipole,131,1.0000001192092896,0.0,0.637372037028272,0.637372037028272,,,,1.0
4,water_dipole,132,1.0000001192092896,0.0,0.637372037028272,0.637372037028272,,,,1.0
4,water_dipole,133,1.0000001192092896,0.0,0.637372037028272,0.637372037028272,,,,1.0
4,water_dipole,134,1.0000001192092896,0.0,0.637372037028272,0.637372037028272,,,,1.0
4,water_dipole,135,1.0000001192092896,0.0,0.637372037028272,0.637372037028272,,,,1.0
4,water_dipole,136,1.0000001192092896,0.0,0.637372037028272,0.637372037028272,,,,1.0
4,water_dipole,137,1.0000001192092896,0.0,0.637372037028272,0.637372037028272,,,,1.0
4,water_dipole,138,1.0000001192092896,0.0,0.637372037028272,0.637372037028272,,,,1.0
4,water_dipole,139,1.0000001192092896,0.0,0.637372037028272,0.637372037028272,,,,1.0
4,water_dipole,140,1.0000001192092896,0.0,0.637372037028272,0.637372037028272,,,,1.0
4,water_dipole,141,1.0000001192092896,0.0,0.637372037028272,0.637372037028272,,,,1.0
4,water_dipole,142,1.0000001192092896,0.0,0.637372037028272,0.637372037028272,,,,1.0
4,water_dipole,143,1.0000001192092896,0.0,0.637372037028272,0.637372037028272,,,,1.0
4,water_dipole,144,1.0000001192092896,0.0,0.637372037028272,0.637372037028272,,,,1.0
4,water_dipole,145,1.0000001192092896,0.0,0.637372037028272,0.637372037028272,,,,1.0
4,water_dipole,146,1.0000001192092896,0.0,0.637372037028272,0.637372037028272,,,,1.0
4,water_dipole,147,1.0000001192092896,0.0,0.637372037028272,0.637372037028272,,,,1.0
4,water_dipole,148,1.0000001192092896,0.0,0.637372037028272,0.637372037028272,,,,1.0
4,water_dipole,149,1.0000001192092896,0.0,0.637372037028272,0.637372037028272,,,,1.0
4,water_dipole,150,1.0000001192092896,0.0,0.637372037028272,0.637372037028272,,,,1.0
4,water_dipole,151,1.0000001192092896,0.0,0.637372037028272,0.637372037028272,,,,1.0
4,water_dipole,152,1.0000001192092896,0.0,0.637372037028272,0.637372037028272,,,,1.0
4,water_dipole,153,1.0000001192092896,0.0,0.637372037028272,0.637372037028272,,,,1.0
4,water_dipole,154,1.0000001192092896,0.0,0.637372037028272,0.637372037028272,,,,1.0
4,water_dipole,155,1.0000001192092896,0.0,0.637372037028272,0.637372037028272,,,,1.0
4,water_dipole,156,1.0000001192092896,0.0,0.637372037028272,0.637372037028272,,,,1.0
4,water_dipole,157,1.0000001192092896,0.0,0.637372037028272,0.637372037028272,,,,1.0
4,water_dipole,158,1.0000001192092896,0.0,0.637372037028272,0.637372037028272,,,,1.0
4,water_dipole,159,1.0000001192092896,0.0,0.637372037028272,0.637372037028272,,,,1.0
4,water_dipole,160,1.0000001192092896,0.0,0.637372037028272,0.637372037028272,,,,1.0
4,water_dipole,161,1.0000001192092896,0.0,0.637372037028272,0.637372037028272,,,,1.0
4,water_dipole,162,1.0000001192092896,0.0,0.637372037028272,0.637372037028272,,,,1.0
4,water_dipole,163,1.0000001192092896,0.0,0.637372037028272,0.637372037028272,,,,1.0
4,water_dipole,164,1.0000001192092896,0.0,0.637372037028272,0.637372037028272,,,,1.0
4,water_dipole,165,1.0000001192092896,0.0,0.637372037028272,0.637372037028272,,,,1.0
4,water_dipole,166,1.0000001192092896,0.0,0.637372037028272,0.637372037028272,,,,1.0
4,water_dipole,167,1.0000001192092896,0.0,0.637372037028272,0.637372037028272,,,,1.0
4,water_dipole,168,1.0000001192092896,0.0,0.637372037028272,0.637372037028272,,,,1.0
4,water_dipole,169,1.0000001192092896,0.0,0.637372037028272,0.637372037028272,,,,1.0
4,water_dipole,170,1.0000001192092896,0.0,0.637372037028272,0.637372037028272,,,,1.0
4,water_dipole,171,1.0000001192092896,0.0,0.637372037028272,0.637372037028272,,,,1.0
4,water_dipole,172,1.0000001192092896,0.0,0.637372037028272,0.637372037028272,,,,1.0
4,water_dipole,173,1.0000001192092896,0.0,0.637372037028272,0.637372037028272,,,,1.0
4,water_dipole,174,1.0000001192092896,0.0,0.637372037028272,0.637372037028272,,,,1.0
4,water_dipole,175,1.0000001192092896,0.0,0.637372037028272,0.637372037028272,,,,1.0
4,water_dipole,176,1.0000001192092896,0.0,0.637372037028272,0.637372037028272,,,,1.0
4,water_dipole,177,1.0000001192092896,0.0,0.637372037028272,0.637372037028272,,,,1.0
4,water_dipole,178,1.0000001192092896,0.0,0.637372037028272,0.637372037028272,,,,1.0
4,water_dipole,179,1.0000001192092896,0.0,0.637372037028272,0.637372037028272,,,,1.0
4,water_dipole,180,1.0000001192092896,0.0,0.637372037028272,0.637372037028272,,,,1.0
4,water_dipole,181,1.0000001192092896,0.0,0.637372037028272,0.637372037028272,,,,1.0
4,water_dipole,182,1.0000001192092896,0.0,0.637372037028272,0.637372037028272,,,,1.0
4,water_dipole,183,1.0000001192092896,0.0,0.637372037028272,0.637372037028272,,,,1.0
4,water_dipole,184,1.0000001192092896,0.0,0.637372037028272,0.637372037028272,,,,1.0
4,water_dipole,185,1.0000001192092896,0.0,0.637372037028272,0.637372037028272,,,,1.0
4,water_dipole,186,1.0000001192092896,0.0,0.637372037028272,0.637372037028272,,,,1.0
4,water_dipole,187,1.0000001192092896,0.0,0.637372037028272,0.637372037028272,,,,1.0
4,water_dipole,188,1.0000001192092896,0.0,0.637372037028272,0.637372037028272,,,,1.0
4,water_dipole,189,1.0000001192092896,0.0,0.637372037028272,0.637372037028272,,,,1.0
4,water_dipole,190,1.0000001192092896,0.0,0.637372037028272,0.637372037028272,,,,1.0
4,water_dipole,191,1.0000001192092896,0.0,0.637372037028272,0.637372037028272,,,,1.0
4,water_dipole,192,1.0000001192092896,0.0,0.637372037028272,0.637372037028272,,,,1.0
4,water_dipole,193,1.0000001192092896,0.0,0.637372037028272,0.637372037028272,,,,1.0
4,water_dipole,194,1.0000001192092896,0.0,0.637372037028272,0.637372037028272,,,,1.0
4,water_dipole,195,1.0000001192092896,0.0,0.637372037028272,0.637372037028272,,,,1.0
4,water_dipole,196,1.0000001192092896,0.0,0.637372037028272,0.637372037028272,,,,1.0
4,water_dipole,197,1.0000001192092896,0.0,0.637372037028272,0.637372037028272,,,,1.0
4,water_dipole,198,1.0000001192092896,0.0,0.637372037028272,0.637372037028272,,,,1.0
4,water_dipole,199,1.0000001192092896,0.0,0.637372037028272,0.637372037028272,,,,1.0
4,water_dipole,200,1.0000001192092896,0.0,0.637372037028272,0.637372037028272,,,,1.0
4,water_dipole,201,1.0000001192092896,0.0,0.637372037028272,0.637372037028272,,,,1.0
4,water_dipole,202,1.0000001192092896,0.0,0.637372037028272,0.637372037028272,,,,1.0
4,water_dipole,203,1.0000001192092896,0.0,0.637372037028272,0.637372037028272,,,,1.0
4,water_dipole,204,1.0000001192092896,0.0,0.637372037028272,0.637372037028272,,,,1.0
4,water_dipole,205,1.0000001192092896,0.0,0.637372037028272,0.637372037028272,,,,1.0
4,water_dipole,206,1.0000001192092896,0.0,0.637372037028272,0.637372037028272,,,,1.0
4,water_dipole,207,1.0000001192092896,0.0,0.637372037028272,0.637372037028272,,,,1.0
4,water_dipole,208,1.0000001192092896,0.0,0.637372037028272,0.637372037028272,,,,1.0
4,water_dipole,209,1.0000001192092896,0.0,0.637372037028272,0.637372037028272,,,,1.0
4,water_dipole,210,1.0000001192092896,0.0,0.637372037028272,0.637372037028272,,,,1.0
4,water_dipole,211,1.0000001192092896,0.0,0.637372037028272,0.637372037028272,,,,1.0
4,water_dipole,212,1.0000001192092896,0.0,0.637372037028272,0.637372037028272,,,,1.0
4,water_dipole,213,1.0000001192092896,0.0,0.637372037028272,0.637372037028272,,,,1.0
4,water_dipole,214,1.0000001192092896,0.0,0.637372037028272,0.637372037028272,,,,1.0
4,water_dipole,215,1.0000001192092896,0.0,0.637372037028272,0.637372037028272,,,,1.0
4,water_dipole,216,1.0000001192092896,0.0,0.637372037028272,0.637372037028272,,,,1.0
4,water_dipole,217,1.0000001192092896,0.0,0.637372037028272,0.637372037028272,,,,1.0
4,water_dipole,218,1.0000001192092896,0.0,0.637372037028272,0.637372037028272,,,,1.0
4,water_dipole,219,1.0000001192092896,0.0,0.637372037028272,0.637372037028272,,,,1.0
4,water_dipole,220,1.0000001192092896,0.0,0.637372037028272,0.637372037028272,,,,1.0
4,water_dipole,221,1.0000001192092896,0.0,0.637372037028272,0.637372037028272,,,,1.0
4,water_dipole,222,1.0000001192092896,0.0,0.637372037028272,0.637372037028272,,,,1.0
4,water_dipole,223,1.0000001192092896,0.0,0.637372037028272,0.637372037028272,,,,1.0
4,water_dipole,224,1.0000001192092896,0.0,0.637372037028272,0.637372037028272,,,,1.0
4,water_dipole,225,1.0000001192092896,0.0,0.637372037028272,0.637372037028272,,,,1.0
4,water_dipole,226,1.0000001192092896,0.0,0.637372037028272,0.637372037028272,,,,1.0
4,water_dipole,227,1.0000001192092896,0.0,0.637372037028272,0.637372037028272,,,,1.0
4,water_dipole,228,1.0000001192092896,0.0,0.637372037028272,0.637372037028272,,,,1.0
4,water_dipole,229,1.0000001192092896,0.0,0.637372037028272,0.637372037028272,,,,1.0
4,water_dipole,230,1.0000001192092896,0.0,0.637372037028272,0.637372037028272,,,,1.0
4,water_dipole,231,1.0000001192092896,0.0,0.637372037028272,0.637372037028272,,,,1.0
4,water_dipole,232,1.0000001192092896,0.0,0.637372037028272,0.637372037028272,,,,1.0
4,water_dipole,233,1.0000001192092896,0.0,0.637372037028272,0.637372037028272,,,,1.0
4,water_dipole,234,1.0000001192092896,0.0,0.637372037028272,0.637372037028272,,,,1.0
4,water_dipole,235,1.0000001192092896,0.0,0.637372037028272,0.637372037028272,,,,1.0
4,water_dipole,236,1.0000001192092896,0.0,0.637372037028272,0.637372037028272,,,,1.0
4,water_dipole,237,1.0000001192092896,0.0,0.637372037028272,0.637372037028272,,,,1.0
4,water_dipole,238,1.0000001192092896,0.0,0.637372037028272,0.637372037028272,,,,1.0
4,water_dipole,239,1.0000001192092896,0.0,0.637372037028272,0.637372037028272,,,,1.0
4,water_dipole,240,1.0000001192092896,0.0,0.637372037028272,0.637372037028272,,,,1.0
4,water_dipole,241,1.0000001192092896,0.0,0.637372037028272,0.637372037028272,,,,1.0
4,water_dipole,242,1.0000001192092896,0.0,0.637372037028272,0.637372037028272,,,,1.0
4,water_dipole,243,1.0000001192092896,0.0,0.637372037028272,0.637372037028272,,,,1.0
4,water_dipole,244,1.0000001192092896,0.0,0.637372037028272,0.637372037028272,,,,1.0
4,water_dipole,245,1.0000001192092896,0.0,0.637372037028272,0.637372037028272,,,,1.0
4,water_dipole,246,1.0000001192092896,0.0,0.637372037028272,0.637372037028272,,,,1.0
4,water_dipole,247,1.0000001192092896,0.0,0.637372037028272,0.637372037028272,,,,1.0
4,water_dipole,248,1.0000001192092896,0.0,0.637372037028272,0.637372037028272,,,,1.0
4,water_dipole,249,1.0000001192092896,0.0,0.637372037028272,0.637372037028272,,,,1.0
4,acetone_gsolv_eV,0,0.9999998807907104,0.0,0.6692929883034873,0.6692929883034873,,,,1.0
4,acetone_gsolv_eV,1,0.9999998807907104,0.0,0.6692929883034873,0.6692929883034873,,,,1.0
4,acetone_gsolv_eV,2,0.9999998807907104,0.0,0.6692929883034873,0.6692929883034873,,,,1.0
4,acetone_gsolv_eV,3,0.9999998807907104,0.0,0.6692929883034873,0.6692929883034873,,,,1.0
4,acetone_gsolv_eV,4,0.9999998807907104,0.0,0.6692929883034873,0.6692929883034873,,,,1.0
4,acetone_gsolv_eV,5,0.9999998807907104,0.0,0.6692929883034873,0.6692929883034873,,,,1.0
4,acetone_gsolv_eV,6,0.9999998807907104,0.0,0.6692929883034873,0.6692929883034873,,,,1.0
4,acetone_gsolv_eV,7,0.9999998807907104,0.0,0.6692929883034873,0.6692929883034873,,,,1.0
4,acetone_gsolv_eV,8,0.9999998807907104,0.0,0.6692929883034873,0.6692929883034873,,,,1.0
4,acetone_gsolv_eV,9,0.9999998807907104,0.0,0.6692929883034873,0.6692929883034873,,,,1.0
4,acetone_gsolv_eV,10,0.9999998807907104,0.0,0.6692929883034873,0.6692929883034873,,,,1.0
4,acetone_gsolv_eV,11,0.9999998807907104,0.0,0.6692929883034873,0.6692929883034873,,,,1.0
4,acetone_gsolv_eV,12,0.9999998807907104,0.0,0.6692929883034873,0.6692929883034873,,,,1.0
4,acetone_gsolv_eV,13,0.9999998807907104,0.0,0.6692929883034873,0.6692929883034873,,,,1.0
4,acetone_gsolv_eV,14,0.9999998807907104,0.0,0.6692929883034873,0.6692929883034873,,,,1.0
4,acetone_gsolv_eV,15,0.9999998807907104,0.0,0.6692929883034873,0.6692929883034873,,,,1.0
4,acetone_gsolv_eV,16,0.9999998807907104,0.0,0.6692929883034873,0.6692929883034873,,,,1.0
4,acetone_gsolv_eV,17,0.9999998807907104,0.0,0.6692929883034873,0.6692929883034873,,,,1.0
4,acetone_gsolv_eV,18,0.9999998807907104,0.0,0.6692929883034873,0.6692929883034873,,,,1.0
4,acetone_gsolv_eV,19,0.9999998807907104,0.0,0.6692929883034873,0.6692929883034873,,,,1.0
4,acetone_gsolv_eV,20,0.9999998807907104,0.0,0.6692929883034873,0.6692929883034873,,,,1.0
4,acetone_gsolv_eV,21,0.9999998807907104,0.0,0.6692929883034873,0.6692929883034873,,,,1.0
4,acetone_gsolv_eV,22,0.9999998807907104,0.0,0.6692929883034873,0.6692929883034873,,,,1.0
4,acetone_gsolv_eV,23,0.9999998807907104,0.0,0.6692929883034873,0.6692929883034873,,,,1.0
4,acetone_gsolv_eV,24,0.9999998807907104,0.0,0.6692929883034873,0.6692929883034873,,,,1.0
4,acetone_gsolv_eV,25,0.9999998807907104,0.0,0.6692929883034873,0.6692929883034873,,,,1.0
4,acetone_gsolv_eV,26,0.9999998807907104,0.0,0.6692929883034873,0.6692929883034873,,,,1.0
4,acetone_gsolv_eV,27,0.9999998807907104,0.0,0.6692929883034873,0.6692929883034873,,,,1.0
4,acetone_gsolv_eV,28,0.9999998807907104,0.0,0.6692929883034873,0.6692929883034873,,,,1.0
4,acetone_gsolv_eV,29,0.9999998807907104,0.0,0.6692929883034873,0.6692929883034873,,,,1.0
4,acetone_gsolv_eV,30,0.9999998807907104,0.0,0.6692929883034873,0.6692929883034873,,,,1.0
4,acetone_gsolv_eV,31,0.9999998807907104,0.0,0.6692929883034873,0.6692929883034873,,,,1.0
4,acetone_gsolv_eV,32,0.9999998807907104,0.0,0.6692929883034873,0.6692929883034873,,,,1.0
4,acetone_gsolv_eV,33,0.9999998807907104,0.0,0.6692929883034873,0.6692929883034873,,,,1.0
4,acetone_gsolv_eV,34,0.9999998807907104,0.0,0.6692929883034873,0.6692929883034873,,,,1.0
4,acetone_gsolv_eV,35,0.9999998807907104,0.0,0.6692929883034873,0.6692929883034873,,,,1.0
4,acetone_gsolv_eV,36,0.9999998807907104,0.0,0.6692929883034873,0.6692929883034873,,,,1.0
4,acetone_gsolv_eV,37,0.9999998807907104,0.0,0.6692929883034873,0.6692929883034873,,,,1.0
4,acetone_gsolv_eV,38,0.9999998807907104,0.0,0.6692929883034873,0.6692929883034873,,,,1.0
4,acetone_gsolv_eV,39,0.9999998807907104,0.0,0.6692929883034873,0.6692929883034873,,,,1.0
4,acetone_gsolv_eV,40,0.9999998807907104,0.0,0.6692929883034873,0.6692929883034873,,,,1.0
4,acetone_gsolv_eV,41,0.9999998807907104,0.0,0.6692929883034873,0.6692929883034873,,,,1.0
4,acetone_gsolv_eV,42,0.9999998807907104,0.0,0.6692929883034873,0.6692929883034873,,,,1.0
4,acetone_gsolv_eV,43,0.9999998807907104,0.0,0.6692929883034873,0.6692929883034873,,,,1.0
4,acetone_gsolv_eV,44,0.9999998807907104,0.0,0.6692929883034873,0.6692929883034873,,,,1.0
4,acetone_gsolv_eV,45,0.9999998807907104,0.0,0.6692929883034873,0.6692929883034873,,,,1.0
4,acetone_gsolv_eV,46,0.9999998807907104,0.0,0.6692929883034873,0.6692929883034873,,,,1.0
4,acetone_gsolv_eV,47,0.9999998807907104,0.0,0.6692929883034873,0.6692929883034873,,,,1.0
4,acetone_gsolv_eV,48,0.9999998807907104,0.0,0.6692929883034873,0.6692929883034873,,,,1.0
4,acetone_gsolv_eV,49,0.9999998807907104,0.0,0.6692929883034873,0.6692929883034873,,,,1.0
4,acetone_gsolv_eV,50,0.9999998807907104,0.0,0.6692929883034873,0.6692929883034873,,,,1.0
4,acetone_gsolv_eV,51,0.9999998807907104,0.0,0.6692929883034873,0.6692929883034873,,,,1.0
4,acetone_gsolv_eV,52,0.9999998807907104,0.0,0.6692929883034873,0.6692929883034873,,,,1.0
4,acetone_gsolv_eV,53,0.9999998807907104,0.0,0.6692929883034873,0.6692929883034873,,,,1.0
4,acetone_gsolv_eV,54,0.9999998807907104,0.0,0.6692929883034873,0.6692929883034873,,,,1.0
4,acetone_gsolv_eV,55,0.9999998807907104,0.0,0.6692929883034873,0.6692929883034873,,,,1.0
4,acetone_gsolv_eV,56,0.9999998807907104,0.0,0.6692929883034873,0.6692929883034873,,,,1.0
4,acetone_gsolv_eV,57,0.9999998807907104,0.0,0.6692929883034873,0.6692929883034873,,,,1.0
4,acetone_gsolv_eV,58,0.9999998807907104,0.0,0.6692929883034873,0.6692929883034873,,,,1.0
4,acetone_gsolv_eV,59,0.9999998807907104,0.0,0.6692929883034873,0.6692929883034873,,,,1.0
4,acetone_gsolv_eV,60,0.9999998807907104,0.0,0.6692929883034873,0.6692929883034873,,,,1.0
4,acetone_gsolv_eV,61,0.9999998807907104,0.0,0.6692929883034873,0.6692929883034873,,,,1.0
4,acetone_gsolv_eV,62,0.9999998807907104,0.0,0.6692929883034873,0.6692929883034873,,,,1.0
4,acetone_gsolv_eV,63,0.9999998807907104,0.0,0.6692929883034873,0.6692929883034873,,,,1.0
4,acetone_gsolv_eV,64,0.9999998807907104,0.0,0.6692929883034873,0.6692929883034873,,,,1.0
4,acetone_gsolv_eV,65,0.9999998807907104,0.0,0.6692929883034873,0.6692929883034873,,,,1.0
4,acetone_gsolv_eV,66,0.9999998807907104,0.0,0.6692929883034873,0.6692929883034873,,,,1.0
4,acetone_gsolv_eV,67,0.9999998807907104,0.0,0.6692929883034873,0.6692929883034873,,,,1.0
4,acetone_gsolv_eV,68,0.9999998807907104,0.0,0.6692929883034873,0.6692929883034873,,,,1.0
4,acetone_gsolv_eV,69,0.9999998807907104,0.0,0.6692929883034873,0.6692929883034873,,,,1.0
4,acetone_gsolv_eV,70,0.9999998807907104,0.0,0.6692929883034873,0.6692929883034873,,,,1.0
4,acetone_gsolv_eV,71,0.9999998807907104,0.0,0.6692929883034873,0.6692929883034873,,,,1.0
4,acetone_gsolv_eV,72,0.9999998807907104,0.0,0.6692929883034873,0.6692929883034873,,,,1.0
4,acetone_gsolv_eV,73,0.9999998807907104,0.0,0.6692929883034873,0.6692929883034873,,,,1.0
4,acetone_gsolv_eV,74,0.9999998807907104,0.0,0.6692929883034873,0.6692929883034873,,,,1.0
4,acetone_gsolv_eV,75,0.9999998807907104,0.0,0.6692929883034873,0.6692929883034873,,,,1.0
4,acetone_gsolv_eV,76,0.9999998807907104,0.0,0.6692929883034873,0.6692929883034873,,,,1.0
4,acetone_gsolv_eV,77,0.9999998807907104,0.0,0.6692929883034873,0.6692929883034873,,,,1.0
4,acetone_gsolv_eV,78,0.9999998807907104,0.0,0.6692929883034873,0.6692929883034873,,,,1.0
4,acetone_gsolv_eV,79,0.9999998807907104,0.0,0.6692929883034873,0.6692929883034873,,,,1.0
4,acetone_gsolv_eV,80,0.9999998807907104,0.0,0.6692929883034873,0.6692929883034873,,,,1.0
4,acetone_gsolv_eV,81,0.9999998807907104,0.0,0.6692929883034873,0.6692929883034873,,,,1.0
4,acetone_gsolv_eV,82,0.9999998807907104,0.0,0.6692929883034873,0.6692929883034873,,,,1.0
4,acetone_gsolv_eV,83,0.9999998807907104,0.0,0.6692929883034873,0.6692929883034873,,,,1.0
4,acetone_gsolv_eV,84,0.9999998807907104,0.0,0.6692929883034873,0.6692929883034873,,,,1.0
4,acetone_gsolv_eV,85,0.9999998807907104,0.0,0.6692929883034873,0.6692929883034873,,,,1.0
4,acetone_gsolv_eV,86,0.9999998807907104,0.0,0.6692929883034873,0.6692929883034873,,,,1.0
4,acetone_gsolv_eV,87,0.9999998807907104,0.0,0.6692929883034873,0.6692929883034873,,,,1.0
4,acetone_gsolv_eV,88,0.9999998807907104,0.0,0.6692929883034873,0.6692929883034873,,,,1.0
4,acetone_gsolv_eV,89,0.9999998807907104,0.0,0.6692929883034873,0.6692929883034873,,,,1.0
4,acetone_gsolv_eV,90,0.9999998807907104,0.0,0.6692929883034873,0.6692929883034873,,,,1.0
4,acetone_gsolv_eV,91,0.9999998807907104,0.0,0.6692929883034873,0.6692929883034873,,,,1.0
4,acetone_gsolv_eV,92,0.9999998807907104,0.0,0.6692929883034873,0.6692929883034873,,,,1.0
4,acetone_gsolv_eV,93,0.9999998807907104,0.0,0.6692929883034873,0.6692929883034873,,,,1.0
4,acetone_gsolv_eV,94,0.9999998807907104,0.0,0.6692929883034873,0.6692929883034873,,,,1.0
4,acetone_gsolv_eV,95,0.9999998807907104,0.0,0.6692929883034873,0.6692929883034873,,,,1.0
4,acetone_gsolv_eV,96,0.9999998807907104,0.0,0.6692929883034873,0.6692929883034873,,,,1.0
4,acetone_gsolv_eV,97,0.9999998807907104,0.0,0.6692929883034873,0.6692929883034873,,,,1.0
4,acetone_gsolv_eV,98,0.9999998807907104,0.0,0.6692929883034873,0.6692929883034873,,,,1.0
4,acetone_gsolv_eV,99,0.9999998807907104,0.0,0.6692929883034873,0.6692929883034873,,,,1.0
4,acetone_gsolv_eV,100,0.9999998807907104,0.0,0.6692929883034873,0.6692929883034873,,,,1.0
4,acetone_gsolv_eV,101,0.9999998807907104,0.0,0.6692929883034873,0.6692929883034873,,,,1.0
4,acetone_gsolv_eV,102,0.9999998807907104,0.0,0.6692929883034873,0.6692929883034873,,,,1.0
4,acetone_gsolv_eV,103,0.9999998807907104,0.0,0.6692929883034873,0.6692929883034873,,,,1.0
4,acetone_gsolv_eV,104,0.9999998807907104,0.0,0.6692929883034873,0.6692929883034873,,,,1.0
4,acetone_gsolv_eV,105,0.9999998807907104,0.0,0.6692929883034873,0.6692929883034873,,,,1.0
4,acetone_gsolv_eV,106,0.9999998807907104,0.0,0.6692929883034873,0.6692929883034873,,,,1.0
4,acetone_gsolv_eV,107,0.9999998807907104,0.0,0.6692929883034873,0.6692929883034873,,,,1.0
4,acetone_gsolv_eV,108,0.9999998807907104,0.0,0.6692929883034873,0.6692929883034873,,,,1.0
4,acetone_gsolv_eV,109,0.9999998807907104,0.0,0.6692929883034873,0.6692929883034873,,,,1.0
4,acetone_gsolv_eV,110,0.9999998807907104,0.0,0.6692929883034873,0.6692929883034873,,,,1.0
4,acetone_gsolv_eV,111,0.9999998807907104,0.0,0.6692929883034873,0.6692929883034873,,,,1.0
4,acetone_gsolv_eV,112,0.9999998807907104,0.0,0.6692929883034873,0.6692929883034873,,,,1.0
4,acetone_gsolv_eV,113,0.9999998807907104,0.0,0.6692929883034873,0.6692929883034873,,,,1.0
4,acetone_gsolv_eV,114,0.9999998807907104,0.0,0.6692929883034873,0.6692929883034873,,,,1.0
4,acetone_gsolv_eV,115,0.9999998807907104,0.0,0.6692929883034873,0.6692929883034873,,,,1.0
4,acetone_gsolv_eV,116,0.9999998807907104,0.0,0.6692929883034873,0.6692929883034873,,,,1.0
4,acetone_gsolv_eV,117,0.9999998807907104,0.0,0.6692929883034873,0.6692929883034873,,,,1.0
4,acetone_gsolv_eV,118,0.9999998807907104,0.0,0.6692929883034873,0.6692929883034873,,,,1.0
4,acetone_gsolv_eV,119,0.9999998807907104,0.0,0.6692929883034873,0.6692929883034873,,,,1.0
4,acetone_gsolv_eV,120,0.9999998807907104,0.0,0.6692929883034873,0.6692929883034873,,,,1.0
4,acetone_gsolv_eV,121,0.9999998807907104,0.0,0.6692929883034873,0.6692929883034873,,,,1.0
4,acetone_gsolv_eV,122,0.9999998807907104,0.0,0.6692929883034873,0.6692929883034873,,,,1.0
4,acetone_gsolv_eV,123,0.9999998807907104,0.0,0.6692929883034873,0.6692929883034873,,,,1.0
4,acetone_gsolv_eV,124,0.9999998807907104,0.0,0.6692929883034873,0.6692929883034873,,,,1.0
4,acetone_gsolv_eV,125,0.9999998807907104,0.0,0.6692929883034873,0.6692929883034873,,,,1.0
4,acetone_gsolv_eV,126,0.9999998807907104,0.0,0.6692929883034873,0.6692929883034873,,,,1.0
4,acetone_gsolv_eV,127,0.9999998807907104,0.0,0.6692929883034873,0.6692929883034873,,,,1.0
4,acetone_gsolv_eV,128,0.9999998807907104,0.0,0.6692929883034873,0.6692929883034873,,,,1.0
4,acetone_gsolv_eV,129,0.9999998807907104,0.0,0.6692929883034873,0.6692929883034873,,,,1.0
4,acetone_gsolv_eV,130,0.9999998807907104,0.0,0.6692929883034873,0.6692929883034873,,,,1.0
4,acetone_gsolv_eV,131,0.9999998807907104,0.0,0.6692929883034873,0.6692929883034873,,,,1.0
4,acetone_gsolv_eV,132,0.9999998807907104,0.0,0.6692929883034873,0.6692929883034873,,,,1.0
4,acetone_gsolv_eV,133,0.9999998807907104,0.0,0.6692929883034873,0.6692929883034873,,,,1.0
4,acetone_gsolv_eV,134,0.9999998807907104,0.0,0.6692929883034873,0.6692929883034873,,,,1.0
4,acetone_gsolv_eV,135,0.9999998807907104,0.0,0.6692929883034873,0.6692929883034873,,,,1.0
4,acetone_gsolv_eV,136,0.9999998807907104,0.0,0.6692929883034873,0.6692929883034873,,,,1.0
4,acetone_gsolv_eV,137,0.9999998807907104,0.0,0.6692929883034873,0.6692929883034873,,,,1.0
4,acetone_gsolv_eV,138,0.9999998807907104,0.0,0.6692929883034873,0.6692929883034873,,,,1.0
4,acetone_gsolv_eV,139,0.9999998807907104,0.0,0.6692929883034873,0.6692929883034873,,,,1.0
4,acetone_gsolv_eV,140,0.9999998807907104,0.0,0.6692929883034873,0.6692929883034873,,,,1.0
4,acetone_gsolv_eV,141,0.9999998807907104,0.0,0.6692929883034873,0.6692929883034873,,,,1.0
4,acetone_gsolv_eV,142,0.9999998807907104,0.0,0.6692929883034873,0.6692929883034873,,,,1.0
4,acetone_gsolv_eV,143,0.9999998807907104,0.0,0.6692929883034873,0.6692929883034873,,,,1.0
4,acetone_gsolv_eV,144,0.9999998807907104,0.0,0.6692929883034873,0.6692929883034873,,,,1.0
4,acetone_gsolv_eV,145,0.9999998807907104,0.0,0.6692929883034873,0.6692929883034873,,,,1.0
4,acetone_gsolv_eV,146,0.9999998807907104,0.0,0.6692929883034873,0.6692929883034873,,,,1.0
4,acetone_gsolv_eV,147,0.9999998807907104,0.0,0.6692929883034873,0.6692929883034873,,,,1.0
4,acetone_gsolv_eV,148,0.9999998807907104,0.0,0.6692929883034873,0.6692929883034873,,,,1.0
4,acetone_gsolv_eV,149,0.9999998807907104,0.0,0.6692929883034873,0.6692929883034873,,,,1.0
4,acetone_gsolv_eV,150,0.9999998807907104,0.0,0.6692929883034873,0.6692929883034873,,,,1.0
4,acetone_gsolv_eV,151,0.9999998807907104,0.0,0.6692929883034873,0.6692929883034873,,,,1.0
4,acetone_gsolv_eV,152,0.9999998807907104,0.0,0.6692929883034873,0.6692929883034873,,,,1.0
4,acetone_gsolv_eV,153,0.9999998807907104,0.0,0.6692929883034873,0.6692929883034873,,,,1.0
4,acetone_gsolv_eV,154,0.9999998807907104,0.0,0.6692929883034873,0.6692929883034873,,,,1.0
4,acetone_gsolv_eV,155,0.9999998807907104,0.0,0.6692929883034873,0.6692929883034873,,,,1.0
4,acetone_gsolv_eV,156,0.9999998807907104,0.0,0.6692929883034873,0.6692929883034873,,,,1.0
4,acetone_gsolv_eV,157,0.9999998807907104,0.0,0.6692929883034873,0.6692929883034873,,,,1.0
4,acetone_gsolv_eV,158,0.9999998807907104,0.0,0.6692929883034873,0.6692929883034873,,,,1.0
4,acetone_gsolv_eV,159,0.9999998807907104,0.0,0.6692929883034873,0.6692929883034873,,,,1.0
4,acetone_gsolv_eV,160,0.9999998807907104,0.0,0.6692929883034873,0.6692929883034873,,,,1.0
4,acetone_gsolv_eV,161,0.9999998807907104,0.0,0.6692929883034873,0.6692929883034873,,,,1.0
4,acetone_gsolv_eV,162,0.9999998807907104,0.0,0.6692929883034873,0.6692929883034873,,,,1.0
4,acetone_gsolv_eV,163,0.9999998807907104,0.0,0.6692929883034873,0.6692929883034873,,,,1.0
4,acetone_gsolv_eV,164,0.9999998807907104,0.0,0.6692929883034873,0.6692929883034873,,,,1.0
4,acetone_gsolv_eV,165,0.9999998807907104,0.0,0.6692929883034873,0.6692929883034873,,,,1.0
4,acetone_gsolv_eV,166,0.9999998807907104,0.0,0.6692929883034873,0.6692929883034873,,,,1.0
4,acetone_gsolv_eV,167,0.9999998807907104,0.0,0.6692929883034873,0.6692929883034873,,,,1.0
4,acetone_gsolv_eV,168,0.9999998807907104,0.0,0.6692929883034873,0.6692929883034873,,,,1.0
4,acetone_gsolv_eV,169,0.9999998807907104,0.0,0.6692929883034873,0.6692929883034873,,,,1.0
4,acetone_gsolv_eV,170,0.9999998807907104,0.0,0.6692929883034873,0.6692929883034873,,,,1.0
4,acetone_gsolv_eV,171,0.9999998807907104,0.0,0.6692929883034873,0.6692929883034873,,,,1.0
4,acetone_gsolv_eV,172,0.9999998807907104,0.0,0.6692929883034873,0.6692929883034873,,,,1.0
4,acetone_gsolv_eV,173,0.9999998807907104,0.0,0.6692929883034873,0.6692929883034873,,,,1.0
4,acetone_gsolv_eV,174,0.9999998807907104,0.0,0.6692929883034873,0.6692929883034873,,,,1.0
4,acetone_gsolv_eV,175,0.9999998807907104,0.0,0.6692929883034873,0.6692929883034873,,,,1.0
4,acetone_gsolv_eV,176,0.9999998807907104,0.0,0.6692929883034873,0.6692929883034873,,,,1.0
4,acetone_gsolv_eV,177,0.9999998807907104,0.0,0.6692929883034873,0.6692929883034873,,,,1.0
4,acetone_gsolv_eV,178,0.9999998807907104,0.0,0.6692929883034873,0.6692929883034873,,,,1.0
4,acetone_gsolv_eV,179,0.9999998807907104,0.0,0.6692929883034873,0.6692929883034873,,,,1.0
4,acetone_gsolv_eV,180,0.9999998807907104,0.0,0.6692929883034873,0.6692929883034873,,,,1.0
4,acetone_gsolv_eV,181,0.9999998807907104,0.0,0.6692929883034873,0.6692929883034873,,,,1.0
4,acetone_gsolv_eV,182,0.9999998807907104,0.0,0.6692929883034873,0.6692929883034873,,,,1.0
4,acetone_gsolv_eV,183,0.9999998807907104,0.0,0.6692929883034873,0.6692929883034873,,,,1.0
4,acetone_gsolv_eV,184,0.9999998807907104,0.0,0.6692929883034873,0.6692929883034873,,,,1.0
4,acetone_gsolv_eV,185,0.9999998807907104,0.0,0.6692929883034873,0.6692929883034873,,,,1.0
4,acetone_gsolv_eV,186,0.9999998807907104,0.0,0.6692929883034873,0.6692929883034873,,,,1.0
4,acetone_gsolv_eV,187,0.9999998807907104,0.0,0.6692929883034873,0.6692929883034873,,,,1.0
4,acetone_gsolv_eV,188,0.9999998807907104,0.0,0.6692929883034873,0.6692929883034873,,,,1.0
4,acetone_gsolv_eV,189,0.9999998807907104,0.0,0.6692929883034873,0.6692929883034873,,,,1.0
4,acetone_gsolv_eV,190,0.9999998807907104,0.0,0.6692929883034873,0.6692929883034873,,,,1.0
4,acetone_gsolv_eV,191,0.9999998807907104,0.0,0.6692929883034873,0.6692929883034873,,,,1.0
4,acetone_gsolv_eV,192,0.9999998807907104,0.0,0.6692929883034873,0.6692929883034873,,,,1.0
4,acetone_gsolv_eV,193,0.9999998807907104,0.0,0.6692929883034873,0.6692929883034873,,,,1.0
4,acetone_gsolv_eV,194,0.9999998807907104,0.0,0.6692929883034873,0.6692929883034873,,,,1.0
4,acetone_gsolv_eV,195,0.9999998807907104,0.0,0.6692929883034873,0.6692929883034873,,,,1.0
4,acetone_gsolv_eV,196,0.9999998807907104,0.0,0.6692929883034873,0.6692929883034873,,,,1.0
4,acetone_gsolv_eV,197,0.9999998807907104,0.0,0.6692929883034873,0.6692929883034873,,,,1.0
4,acetone_gsolv_eV,198,0.9999998807907104,0.0,0.6692929883034873,0.6692929883034873,,,,1.0
4,acetone_gsolv_eV,199,0.9999998807907104,0.0,0.6692929883034873,0.6692929883034873,,,,1.0
4,acetone_gsolv_eV,200,0.9999998807907104,0.0,0.6692929883034873,0.6692929883034873,,,,1.0
4,acetone_gsolv_eV,201,0.9999998807907104,0.0,0.6692929883034873,0.6692929883034873,,,,1.0
4,acetone_gsolv_eV,202,0.9999998807907104,0.0,0.6692929883034873,0.6692929883034873,,,,1.0
4,acetone_gsolv_eV,203,0.9999998807907104,0.0,0.6692929883034873,0.6692929883034873,,,,1.0
4,acetone_gsolv_eV,204,0.9999998807907104,0.0,0.6692929883034873,0.6692929883034873,,,,1.0
4,acetone_gsolv_eV,205,0.9999998807907104,0.0,0.6692929883034873,0.6692929883034873,,,,1.0
4,acetone_gsolv_eV,206,0.9999998807907104,0.0,0.6692929883034873,0.6692929883034873,,,,1.0
4,acetone_gsolv_eV,207,0.9999998807907104,0.0,0.6692929883034873,0.6692929883034873,,,,1.0
4,acetone_gsolv_eV,208,0.9999998807907104,0.0,0.6692929883034873,0.6692929883034873,,,,1.0
4,acetone_gsolv_eV,209,0.9999998807907104,0.0,0.6692929883034873,0.6692929883034873,,,,1.0
4,acetone_gsolv_eV,210,0.9999998807907104,0.0,0.6692929883034873,0.6692929883034873,,,,1.0
4,acetone_gsolv_eV,211,0.9999998807907104,0.0,0.6692929883034873,0.6692929883034873,,,,1.0
4,acetone_gsolv_eV,212,0.9999998807907104,0.0,0.6692929883034873,0.6692929883034873,,,,1.0
4,acetone_gsolv_eV,213,0.9999998807907104,0.0,0.6692929883034873,0.6692929883034873,,,,1.0
4,acetone_gsolv_eV,214,0.9999998807907104,0.0,0.6692929883034873,0.6692929883034873,,,,1.0
4,acetone_gsolv_eV,215,0.9999998807907104,0.0,0.6692929883034873,0.6692929883034873,,,,1.0
4,acetone_gsolv_eV,216,0.9999998807907104,0.0,0.6692929883034873,0.6692929883034873,,,,1.0
4,acetone_gsolv_eV,217,0.9999998807907104,0.0,0.6692929883034873,0.6692929883034873,,,,1.0
4,acetone_gsolv_eV,218,0.9999998807907104,0.0,0.6692929883034873,0.6692929883034873,,,,1.0
4,acetone_gsolv_eV,219,0.9999998807907104,0.0,0.6692929883034873,0.6692929883034873,,,,1.0
4,acetone_gsolv_eV,220,0.9999998807907104,0.0,0.6692929883034873,0.6692929883034873,,,,1.0
4,acetone_gsolv_eV,221,0.9999998807907104,0.0,0.6692929883034873,0.6692929883034873,,,,1.0
4,acetone_gsolv_eV,222,0.9999998807907104,0.0,0.6692929883034873,0.6692929883034873,,,,1.0
4,acetone_gsolv_eV,223,0.9999998807907104,0.0,0.6692929883034873,0.6692929883034873,,,,1.0
4,acetone_gsolv_eV,224,0.9999998807907104,0.0,0.6692929883034873,0.6692929883034873,,,,1.0
4,acetone_gsolv_eV,225,0.9999998807907104,0.0,0.6692929883034873,0.6692929883034873,,,,1.0
4,acetone_gsolv_eV,226,0.9999998807907104,0.0,0.6692929883034873,0.6692929883034873,,,,1.0
4,acetone_gsolv_eV,227,0.9999998807907104,0.0,0.6692929883034873,0.6692929883034873,,,,1.0
4,acetone_gsolv_eV,228,0.9999998807907104,0.0,0.6692929883034873,0.6692929883034873,,,,1.0
4,acetone_gsolv_eV,229,0.9999998807907104,0.0,0.6692929883034873,0.6692929883034873,,,,1.0
4,acetone_gsolv_eV,230,0.9999998807907104,0.0,0.6692929883034873,0.6692929883034873,,,,1.0
4,acetone_gsolv_eV,231,0.9999998807907104,0.0,0.6692929883034873,0.6692929883034873,,,,1.0
4,acetone_gsolv_eV,232,0.9999998807907104,0.0,0.6692929883034873,0.6692929883034873,,,,1.0
4,acetone_gsolv_eV,233,0.9999998807907104,0.0,0.6692929883034873,0.6692929883034873,,,,1.0
4,acetone_gsolv_eV,234,0.9999998807907104,0.0,0.6692929883034873,0.6692929883034873,,,,1.0
4,acetone_gsolv_eV,235,0.9999998807907104,0.0,0.6692929883034873,0.6692929883034873,,,,1.0
4,acetone_gsolv_eV,236,0.9999998807907104,0.0,0.6692929883034873,0.6692929883034873,,,,1.0
4,acetone_gsolv_eV,237,0.9999998807907104,0.0,0.6692929883034873,0.6692929883034873,,,,1.0
4,acetone_gsolv_eV,238,0.9999998807907104,0.0,0.6692929883034873,0.6692929883034873,,,,1.0
4,acetone_gsolv_eV,239,0.9999998807907104,0.0,0.6692929883034873,0.6692929883034873,,,,1.0
4,acetone_gsolv_eV,240,0.9999998807907104,0.0,0.6692929883034873,0.6692929883034873,,,,1.0
4,acetone_gsolv_eV,241,0.9999998807907104,0.0,0.6692929883034873,0.6692929883034873,,,,1.0
4,acetone_gsolv_eV,242,0.9999998807907104,0.0,0.6692929883034873,0.6692929883034873,,,,1.0
4,acetone_gsolv_eV,243,0.9999998807907104,0.0,0.6692929883034873,0.6692929883034873,,,,1.0
4,acetone_gsolv_eV,244,0.9999998807907104,0.0,0.6692929883034873,0.6692929883034873,,,,1.0
4,acetone_gsolv_eV,245,0.9999998807907104,0.0,0.6692929883034873,0.6692929883034873,,,,1.0
4,acetone_gsolv_eV,246,0.9999998807907104,0.0,0.6692929883034873,0.6692929883034873,,,,1.0
4,acetone_gsolv_eV,247,0.9999998807907104,0.0,0.6692929883034873,0.6692929883034873,,,,1.0
4,acetone_gsolv_eV,248,0.9999998807907104,0.0,0.6692929883034873,0.6692929883034873,,,,1.0
4,acetone_gsolv_eV,249,0.9999998807907104,0.0,0.6692929883034873,0.6692929883034873,,,,1.0
4,acetone_hl_gap_eV,0,1.0000001192092896,0.0,0.7115509511215341,0.7115509511215341,,,,1.0
4,acetone_hl_gap_eV,1,1.0000001192092896,0.0,0.7115509511215341,0.7115509511215341,,,,1.0
4,acetone_hl_gap_eV,2,1.0000001192092896,0.0,0.7115509511215341,0.7115509511215341,,,,1.0
4,acetone_hl_gap_eV,3,1.0000001192092896,0.0,0.7115509511215341,0.7115509511215341,,,,1.0
4,acetone_hl_gap_eV,4,1.0000001192092896,0.0,0.7115509511215341,0.7115509511215341,,,,1.0
4,acetone_hl_gap_eV,5,1.0000001192092896,0.0,0.7115509511215341,0.7115509511215341,,,,1.0
4,acetone_hl_gap_eV,6,1.0000001192092896,0.0,0.7115509511215341,0.7115509511215341,,,,1.0
4,acetone_hl_gap_eV,7,1.0000001192092896,0.0,0.7115509511215341,0.7115509511215341,,,,1.0
4,acetone_hl_gap_eV,8,1.0000001192092896,0.0,0.7115509511215341,0.7115509511215341,,,,1.0
4,acetone_hl_gap_eV,9,1.0000001192092896,0.0,0.7115509511215341,0.7115509511215341,,,,1.0
4,acetone_hl_gap_eV,10,1.0000001192092896,0.0,0.7115509511215341,0.7115509511215341,,,,1.0
4,acetone_hl_gap_eV,11,1.0000001192092896,0.0,0.7115509511215341,0.7115509511215341,,,,1.0
4,acetone_hl_gap_eV,12,1.0000001192092896,0.0,0.7115509511215341,0.7115509511215341,,,,1.0
4,acetone_hl_gap_eV,13,1.0000001192092896,0.0,0.7115509511215341,0.7115509511215341,,,,1.0
4,acetone_hl_gap_eV,14,1.0000001192092896,0.0,0.7115509511215341,0.7115509511215341,,,,1.0
4,acetone_hl_gap_eV,15,1.0000001192092896,0.0,0.7115509511215341,0.7115509511215341,,,,1.0
4,acetone_hl_gap_eV,16,1.0000001192092896,0.0,0.7115509511215341,0.7115509511215341,,,,1.0
4,acetone_hl_gap_eV,17,1.0000001192092896,0.0,0.7115509511215341,0.7115509511215341,,,,1.0
4,acetone_hl_gap_eV,18,1.0000001192092896,0.0,0.7115509511215341,0.7115509511215341,,,,1.0
4,acetone_hl_gap_eV,19,1.0000001192092896,0.0,0.7115509511215341,0.7115509511215341,,,,1.0
4,acetone_hl_gap_eV,20,1.0000001192092896,0.0,0.7115509511215341,0.7115509511215341,,,,1.0
4,acetone_hl_gap_eV,21,1.0000001192092896,0.0,0.7115509511215341,0.7115509511215341,,,,1.0
4,acetone_hl_gap_eV,22,1.0000001192092896,0.0,0.7115509511215341,0.7115509511215341,,,,1.0
4,acetone_hl_gap_eV,23,1.0000001192092896,0.0,0.7115509511215341,0.7115509511215341,,,,1.0
4,acetone_hl_gap_eV,24,1.0000001192092896,0.0,0.7115509511215341,0.7115509511215341,,,,1.0
4,acetone_hl_gap_eV,25,1.0000001192092896,0.0,0.7115509511215341,0.7115509511215341,,,,1.0
4,acetone_hl_gap_eV,26,1.0000001192092896,0.0,0.7115509511215341,0.7115509511215341,,,,1.0
4,acetone_hl_gap_eV,27,1.0000001192092896,0.0,0.7115509511215341,0.7115509511215341,,,,1.0
4,acetone_hl_gap_eV,28,1.0000001192092896,0.0,0.7115509511215341,0.7115509511215341,,,,1.0
4,acetone_hl_gap_eV,29,1.0000001192092896,0.0,0.7115509511215341,0.7115509511215341,,,,1.0
4,acetone_hl_gap_eV,30,1.0000001192092896,0.0,0.7115509511215341,0.7115509511215341,,,,1.0
4,acetone_hl_gap_eV,31,1.0000001192092896,0.0,0.7115509511215341,0.7115509511215341,,,,1.0
4,acetone_hl_gap_eV,32,1.0000001192092896,0.0,0.7115509511215341,0.7115509511215341,,,,1.0
4,acetone_hl_gap_eV,33,1.0000001192092896,0.0,0.7115509511215341,0.7115509511215341,,,,1.0
4,acetone_hl_gap_eV,34,1.0000001192092896,0.0,0.7115509511215341,0.7115509511215341,,,,1.0
4,acetone_hl_gap_eV,35,1.0000001192092896,0.0,0.7115509511215341,0.7115509511215341,,,,1.0
4,acetone_hl_gap_eV,36,1.0000001192092896,0.0,0.7115509511215341,0.7115509511215341,,,,1.0
4,acetone_hl_gap_eV,37,1.0000001192092896,0.0,0.7115509511215341,0.7115509511215341,,,,1.0
4,acetone_hl_gap_eV,38,1.0000001192092896,0.0,0.7115509511215341,0.7115509511215341,,,,1.0
4,acetone_hl_gap_eV,39,1.0000001192092896,0.0,0.7115509511215341,0.7115509511215341,,,,1.0
4,acetone_hl_gap_eV,40,1.0000001192092896,0.0,0.7115509511215341,0.7115509511215341,,,,1.0
4,acetone_hl_gap_eV,41,1.0000001192092896,0.0,0.7115509511215341,0.7115509511215341,,,,1.0
4,acetone_hl_gap_eV,42,1.0000001192092896,0.0,0.7115509511215341,0.7115509511215341,,,,1.0
4,acetone_hl_gap_eV,43,1.0000001192092896,0.0,0.7115509511215341,0.7115509511215341,,,,1.0
4,acetone_hl_gap_eV,44,1.0000001192092896,0.0,0.7115509511215341,0.7115509511215341,,,,1.0
4,acetone_hl_gap_eV,45,1.0000001192092896,0.0,0.7115509511215341,0.7115509511215341,,,,1.0
4,acetone_hl_gap_eV,46,1.0000001192092896,0.0,0.7115509511215341,0.7115509511215341,,,,1.0
4,acetone_hl_gap_eV,47,1.0000001192092896,0.0,0.7115509511215341,0.7115509511215341,,,,1.0
4,acetone_hl_gap_eV,48,1.0000001192092896,0.0,0.7115509511215341,0.7115509511215341,,,,1.0
4,acetone_hl_gap_eV,49,1.0000001192092896,0.0,0.7115509511215341,0.7115509511215341,,,,1.0
4,acetone_hl_gap_eV,50,1.0000001192092896,0.0,0.7115509511215341,0.7115509511215341,,,,1.0
4,acetone_hl_gap_eV,51,1.0000001192092896,0.0,0.7115509511215341,0.7115509511215341,,,,1.0
4,acetone_hl_gap_eV,52,1.0000001192092896,0.0,0.7115509511215341,0.7115509511215341,,,,1.0
4,acetone_hl_gap_eV,53,1.0000001192092896,0.0,0.7115509511215341,0.7115509511215341,,,,1.0
4,acetone_hl_gap_eV,54,1.0000001192092896,0.0,0.7115509511215341,0.7115509511215341,,,,1.0
4,acetone_hl_gap_eV,55,1.0000001192092896,0.0,0.7115509511215341,0.7115509511215341,,,,1.0
4,acetone_hl_gap_eV,56,1.0000001192092896,0.0,0.7115509511215341,0.7115509511215341,,,,1.0
4,acetone_hl_gap_eV,57,1.0000001192092896,0.0,0.7115509511215341,0.7115509511215341,,,,1.0
4,acetone_hl_gap_eV,58,1.0000001192092896,0.0,0.7115509511215341,0.7115509511215341,,,,1.0
4,acetone_hl_gap_eV,59,1.0000001192092896,0.0,0.7115509511215341,0.7115509511215341,,,,1.0
4,acetone_hl_gap_eV,60,1.0000001192092896,0.0,0.7115509511215341,0.7115509511215341,,,,1.0
4,acetone_hl_gap_eV,61,1.0000001192092896,0.0,0.7115509511215341,0.7115509511215341,,,,1.0
4,acetone_hl_gap_eV,62,1.0000001192092896,0.0,0.7115509511215341,0.7115509511215341,,,,1.0
4,acetone_hl_gap_eV,63,1.0000001192092896,0.0,0.7115509511215341,0.7115509511215341,,,,1.0
4,acetone_hl_gap_eV,64,1.0000001192092896,0.0,0.7115509511215341,0.7115509511215341,,,,1.0
4,acetone_hl_gap_eV,65,1.0000001192092896,0.0,0.7115509511215341,0.7115509511215341,,,,1.0
4,acetone_hl_gap_eV,66,1.0000001192092896,0.0,0.7115509511215341,0.7115509511215341,,,,1.0
4,acetone_hl_gap_eV,67,1.0000001192092896,0.0,0.7115509511215341,0.7115509511215341,,,,1.0
4,acetone_hl_gap_eV,68,1.0000001192092896,0.0,0.7115509511215341,0.7115509511215341,,,,1.0
4,acetone_hl_gap_eV,69,1.0000001192092896,0.0,0.7115509511215341,0.7115509511215341,,,,1.0
4,acetone_hl_gap_eV,70,1.0000001192092896,0.0,0.7115509511215341,0.7115509511215341,,,,1.0
4,acetone_hl_gap_eV,71,1.0000001192092896,0.0,0.7115509511215341,0.7115509511215341,,,,1.0
4,acetone_hl_gap_eV,72,1.0000001192092896,0.0,0.7115509511215341,0.7115509511215341,,,,1.0
4,acetone_hl_gap_eV,73,1.0000001192092896,0.0,0.7115509511215341,0.7115509511215341,,,,1.0
4,acetone_hl_gap_eV,74,1.0000001192092896,0.0,0.7115509511215341,0.7115509511215341,,,,1.0
4,acetone_hl_gap_eV,75,1.0000001192092896,0.0,0.7115509511215341,0.7115509511215341,,,,1.0
4,acetone_hl_gap_eV,76,1.0000001192092896,0.0,0.7115509511215341,0.7115509511215341,,,,1.0
4,acetone_hl_gap_eV,77,1.0000001192092896,0.0,0.7115509511215341,0.7115509511215341,,,,1.0
4,acetone_hl_gap_eV,78,1.0000001192092896,0.0,0.7115509511215341,0.7115509511215341,,,,1.0
4,acetone_hl_gap_eV,79,1.0000001192092896,0.0,0.7115509511215341,0.7115509511215341,,,,1.0
4,acetone_hl_gap_eV,80,1.0000001192092896,0.0,0.7115509511215341,0.7115509511215341,,,,1.0
4,acetone_hl_gap_eV,81,1.0000001192092896,0.0,0.7115509511215341,0.7115509511215341,,,,1.0
4,acetone_hl_gap_eV,82,1.0000001192092896,0.0,0.7115509511215341,0.7115509511215341,,,,1.0
4,acetone_hl_gap_eV,83,1.0000001192092896,0.0,0.7115509511215341,0.7115509511215341,,,,1.0
4,acetone_hl_gap_eV,84,1.0000001192092896,0.0,0.7115509511215341,0.7115509511215341,,,,1.0
4,acetone_hl_gap_eV,85,1.0000001192092896,0.0,0.7115509511215341,0.7115509511215341,,,,1.0
4,acetone_hl_gap_eV,86,1.0000001192092896,0.0,0.7115509511215341,0.7115509511215341,,,,1.0
4,acetone_hl_gap_eV,87,1.0000001192092896,0.0,0.7115509511215341,0.7115509511215341,,,,1.0
4,acetone_hl_gap_eV,88,1.0000001192092896,0.0,0.7115509511215341,0.7115509511215341,,,,1.0
4,acetone_hl_gap_eV,89,1.0000001192092896,0.0,0.7115509511215341,0.7115509511215341,,,,1.0
4,acetone_hl_gap_eV,90,1.0000001192092896,0.0,0.7115509511215341,0.7115509511215341,,,,1.0
4,acetone_hl_gap_eV,91,1.0000001192092896,0.0,0.7115509511215341,0.7115509511215341,,,,1.0
4,acetone_hl_gap_eV,92,1.0000001192092896,0.0,0.7115509511215341,0.7115509511215341,,,,1.0
4,acetone_hl_gap_eV,93,1.0000001192092896,0.0,0.7115509511215341,0.7115509511215341,,,,1.0
4,acetone_hl_gap_eV,94,1.0000001192092896,0.0,0.7115509511215341,0.7115509511215341,,,,1.0
4,acetone_hl_gap_eV,95,1.0000001192092896,0.0,0.7115509511215341,0.7115509511215341,,,,1.0
4,acetone_hl_gap_eV,96,1.0000001192092896,0.0,0.7115509511215341,0.7115509511215341,,,,1.0
4,acetone_hl_gap_eV,97,1.0000001192092896,0.0,0.7115509511215341,0.7115509511215341,,,,1.0
4,acetone_hl_gap_eV,98,1.0000001192092896,0.0,0.7115509511215341,0.7115509511215341,,,,1.0
4,acetone_hl_gap_eV,99,1.0000001192092896,0.0,0.7115509511215341,0.7115509511215341,,,,1.0
4,acetone_hl_gap_eV,100,1.0000001192092896,0.0,0.7115509511215341,0.7115509511215341,,,,1.0
4,acetone_hl_gap_eV,101,1.0000001192092896,0.0,0.7115509511215341,0.7115509511215341,,,,1.0
4,acetone_hl_gap_eV,102,1.0000001192092896,0.0,0.7115509511215341,0.7115509511215341,,,,1.0
4,acetone_hl_gap_eV,103,1.0000001192092896,0.0,0.7115509511215341,0.7115509511215341,,,,1.0
4,acetone_hl_gap_eV,104,1.0000001192092896,0.0,0.7115509511215341,0.7115509511215341,,,,1.0
4,acetone_hl_gap_eV,105,1.0000001192092896,0.0,0.7115509511215341,0.7115509511215341,,,,1.0
4,acetone_hl_gap_eV,106,1.0000001192092896,0.0,0.7115509511215341,0.7115509511215341,,,,1.0
4,acetone_hl_gap_eV,107,1.0000001192092896,0.0,0.7115509511215341,0.7115509511215341,,,,1.0
4,acetone_hl_gap_eV,108,1.0000001192092896,0.0,0.7115509511215341,0.7115509511215341,,,,1.0
4,acetone_hl_gap_eV,109,1.0000001192092896,0.0,0.7115509511215341,0.7115509511215341,,,,1.0
4,acetone_hl_gap_eV,110,1.0000001192092896,0.0,0.7115509511215341,0.7115509511215341,,,,1.0
4,acetone_hl_gap_eV,111,1.0000001192092896,0.0,0.7115509511215341,0.7115509511215341,,,,1.0
4,acetone_hl_gap_eV,112,1.0000001192092896,0.0,0.7115509511215341,0.7115509511215341,,,,1.0
4,acetone_hl_gap_eV,113,1.0000001192092896,0.0,0.7115509511215341,0.7115509511215341,,,,1.0
4,acetone_hl_gap_eV,114,1.0000001192092896,0.0,0.7115509511215341,0.7115509511215341,,,,1.0
4,acetone_hl_gap_eV,115,1.0000001192092896,0.0,0.7115509511215341,0.7115509511215341,,,,1.0
4,acetone_hl_gap_eV,116,1.0000001192092896,0.0,0.7115509511215341,0.7115509511215341,,,,1.0
4,acetone_hl_gap_eV,117,1.0000001192092896,0.0,0.7115509511215341,0.7115509511215341,,,,1.0
4,acetone_hl_gap_eV,118,1.0000001192092896,0.0,0.7115509511215341,0.7115509511215341,,,,1.0
4,acetone_hl_gap_eV,119,1.0000001192092896,0.0,0.7115509511215341,0.7115509511215341,,,,1.0
4,acetone_hl_gap_eV,120,1.0000001192092896,0.0,0.7115509511215341,0.7115509511215341,,,,1.0
4,acetone_hl_gap_eV,121,1.0000001192092896,0.0,0.7115509511215341,0.7115509511215341,,,,1.0
4,acetone_hl_gap_eV,122,1.0000001192092896,0.0,0.7115509511215341,0.7115509511215341,,,,1.0
4,acetone_hl_gap_eV,123,1.0000001192092896,0.0,0.7115509511215341,0.7115509511215341,,,,1.0
4,acetone_hl_gap_eV,124,1.0000001192092896,0.0,0.7115509511215341,0.7115509511215341,,,,1.0
4,acetone_hl_gap_eV,125,1.0000001192092896,0.0,0.7115509511215341,0.7115509511215341,,,,1.0
4,acetone_hl_gap_eV,126,1.0000001192092896,0.0,0.7115509511215341,0.7115509511215341,,,,1.0
4,acetone_hl_gap_eV,127,1.0000001192092896,0.0,0.7115509511215341,0.7115509511215341,,,,1.0
4,acetone_hl_gap_eV,128,1.0000001192092896,0.0,0.7115509511215341,0.7115509511215341,,,,1.0
4,acetone_hl_gap_eV,129,1.0000001192092896,0.0,0.7115509511215341,0.7115509511215341,,,,1.0
4,acetone_hl_gap_eV,130,1.0000001192092896,0.0,0.7115509511215341,0.7115509511215341,,,,1.0
4,acetone_hl_gap_eV,131,1.0000001192092896,0.0,0.7115509511215341,0.7115509511215341,,,,1.0
4,acetone_hl_gap_eV,132,1.0000001192092896,0.0,0.7115509511215341,0.7115509511215341,,,,1.0
4,acetone_hl_gap_eV,133,1.0000001192092896,0.0,0.7115509511215341,0.7115509511215341,,,,1.0
4,acetone_hl_gap_eV,134,1.0000001192092896,0.0,0.7115509511215341,0.7115509511215341,,,,1.0
4,acetone_hl_gap_eV,135,1.0000001192092896,0.0,0.7115509511215341,0.7115509511215341,,,,1.0
4,acetone_hl_gap_eV,136,1.0000001192092896,0.0,0.7115509511215341,0.7115509511215341,,,,1.0
4,acetone_hl_gap_eV,137,1.0000001192092896,0.0,0.7115509511215341,0.7115509511215341,,,,1.0
4,acetone_hl_gap_eV,138,1.0000001192092896,0.0,0.7115509511215341,0.7115509511215341,,,,1.0
4,acetone_hl_gap_eV,139,1.0000001192092896,0.0,0.7115509511215341,0.7115509511215341,,,,1.0
4,acetone_hl_gap_eV,140,1.0000001192092896,0.0,0.7115509511215341,0.7115509511215341,,,,1.0
4,acetone_hl_gap_eV,141,1.0000001192092896,0.0,0.7115509511215341,0.7115509511215341,,,,1.0
4,acetone_hl_gap_eV,142,1.0000001192092896,0.0,0.7115509511215341,0.7115509511215341,,,,1.0
4,acetone_hl_gap_eV,143,1.0000001192092896,0.0,0.7115509511215341,0.7115509511215341,,,,1.0
4,acetone_hl_gap_eV,144,1.0000001192092896,0.0,0.7115509511215341,0.7115509511215341,,,,1.0
4,acetone_hl_gap_eV,145,1.0000001192092896,0.0,0.7115509511215341,0.7115509511215341,,,,1.0
4,acetone_hl_gap_eV,146,1.0000001192092896,0.0,0.7115509511215341,0.7115509511215341,,,,1.0
4,acetone_hl_gap_eV,147,1.0000001192092896,0.0,0.7115509511215341,0.7115509511215341,,,,1.0
4,acetone_hl_gap_eV,148,1.0000001192092896,0.0,0.7115509511215341,0.7115509511215341,,,,1.0
4,acetone_hl_gap_eV,149,1.0000001192092896,0.0,0.7115509511215341,0.7115509511215341,,,,1.0
4,acetone_hl_gap_eV,150,1.0000001192092896,0.0,0.7115509511215341,0.7115509511215341,,,,1.0
4,acetone_hl_gap_eV,151,1.0000001192092896,0.0,0.7115509511215341,0.7115509511215341,,,,1.0
4,acetone_hl_gap_eV,152,1.0000001192092896,0.0,0.7115509511215341,0.7115509511215341,,,,1.0
4,acetone_hl_gap_eV,153,1.0000001192092896,0.0,0.7115509511215341,0.7115509511215341,,,,1.0
4,acetone_hl_gap_eV,154,1.0000001192092896,0.0,0.7115509511215341,0.7115509511215341,,,,1.0
4,acetone_hl_gap_eV,155,1.0000001192092896,0.0,0.7115509511215341,0.7115509511215341,,,,1.0
4,acetone_hl_gap_eV,156,1.0000001192092896,0.0,0.7115509511215341,0.7115509511215341,,,,1.0
4,acetone_hl_gap_eV,157,1.0000001192092896,0.0,0.7115509511215341,0.7115509511215341,,,,1.0
4,acetone_hl_gap_eV,158,1.0000001192092896,0.0,0.7115509511215341,0.7115509511215341,,,,1.0
4,acetone_hl_gap_eV,159,1.0000001192092896,0.0,0.7115509511215341,0.7115509511215341,,,,1.0
4,acetone_hl_gap_eV,160,1.0000001192092896,0.0,0.7115509511215341,0.7115509511215341,,,,1.0
4,acetone_hl_gap_eV,161,1.0000001192092896,0.0,0.7115509511215341,0.7115509511215341,,,,1.0
4,acetone_hl_gap_eV,162,1.0000001192092896,0.0,0.7115509511215341,0.7115509511215341,,,,1.0
4,acetone_hl_gap_eV,163,1.0000001192092896,0.0,0.7115509511215341,0.7115509511215341,,,,1.0
4,acetone_hl_gap_eV,164,1.0000001192092896,0.0,0.7115509511215341,0.7115509511215341,,,,1.0
4,acetone_hl_gap_eV,165,1.0000001192092896,0.0,0.7115509511215341,0.7115509511215341,,,,1.0
4,acetone_hl_gap_eV,166,1.0000001192092896,0.0,0.7115509511215341,0.7115509511215341,,,,1.0
4,acetone_hl_gap_eV,167,1.0000001192092896,0.0,0.7115509511215341,0.7115509511215341,,,,1.0
4,acetone_hl_gap_eV,168,1.0000001192092896,0.0,0.7115509511215341,0.7115509511215341,,,,1.0
4,acetone_hl_gap_eV,169,1.0000001192092896,0.0,0.7115509511215341,0.7115509511215341,,,,1.0
4,acetone_hl_gap_eV,170,1.0000001192092896,0.0,0.7115509511215341,0.7115509511215341,,,,1.0
4,acetone_hl_gap_eV,171,1.0000001192092896,0.0,0.7115509511215341,0.7115509511215341,,,,1.0
4,acetone_hl_gap_eV,172,1.0000001192092896,0.0,0.7115509511215341,0.7115509511215341,,,,1.0
4,acetone_hl_gap_eV,173,1.0000001192092896,0.0,0.7115509511215341,0.7115509511215341,,,,1.0
4,acetone_hl_gap_eV,174,1.0000001192092896,0.0,0.7115509511215341,0.7115509511215341,,,,1.0
4,acetone_hl_gap_eV,175,1.0000001192092896,0.0,0.7115509511215341,0.7115509511215341,,,,1.0
4,acetone_hl_gap_eV,176,1.0000001192092896,0.0,0.7115509511215341,0.7115509511215341,,,,1.0
4,acetone_hl_gap_eV,177,1.0000001192092896,0.0,0.7115509511215341,0.7115509511215341,,,,1.0
4,acetone_hl_gap_eV,178,1.0000001192092896,0.0,0.7115509511215341,0.7115509511215341,,,,1.0
4,acetone_hl_gap_eV,179,1.0000001192092896,0.0,0.7115509511215341,0.7115509511215341,,,,1.0
4,acetone_hl_gap_eV,180,1.0000001192092896,0.0,0.7115509511215341,0.7115509511215341,,,,1.0
4,acetone_hl_gap_eV,181,1.0000001192092896,0.0,0.7115509511215341,0.7115509511215341,,,,1.0
4,acetone_hl_gap_eV,182,1.0000001192092896,0.0,0.7115509511215341,0.7115509511215341,,,,1.0
4,acetone_hl_gap_eV,183,1.0000001192092896,0.0,0.7115509511215341,0.7115509511215341,,,,1.0
4,acetone_hl_gap_eV,184,1.0000001192092896,0.0,0.7115509511215341,0.7115509511215341,,,,1.0
4,acetone_hl_gap_eV,185,1.0000001192092896,0.0,0.7115509511215341,0.7115509511215341,,,,1.0
4,acetone_hl_gap_eV,186,1.0000001192092896,0.0,0.7115509511215341,0.7115509511215341,,,,1.0
4,acetone_hl_gap_eV,187,1.0000001192092896,0.0,0.7115509511215341,0.7115509511215341,,,,1.0
4,acetone_hl_gap_eV,188,1.0000001192092896,0.0,0.7115509511215341,0.7115509511215341,,,,1.0
4,acetone_hl_gap_eV,189,1.0000001192092896,0.0,0.7115509511215341,0.7115509511215341,,,,1.0
4,acetone_hl_gap_eV,190,1.0000001192092896,0.0,0.7115509511215341,0.7115509511215341,,,,1.0
4,acetone_hl_gap_eV,191,1.0000001192092896,0.0,0.7115509511215341,0.7115509511215341,,,,1.0
4,acetone_hl_gap_eV,192,1.0000001192092896,0.0,0.7115509511215341,0.7115509511215341,,,,1.0
4,acetone_hl_gap_eV,193,1.0000001192092896,0.0,0.7115509511215341,0.7115509511215341,,,,1.0
4,acetone_hl_gap_eV,194,1.0000001192092896,0.0,0.7115509511215341,0.7115509511215341,,,,1.0
4,acetone_hl_gap_eV,195,1.0000001192092896,0.0,0.7115509511215341,0.7115509511215341,,,,1.0
4,acetone_hl_gap_eV,196,1.0000001192092896,0.0,0.7115509511215341,0.7115509511215341,,,,1.0
4,acetone_hl_gap_eV,197,1.0000001192092896,0.0,0.7115509511215341,0.7115509511215341,,,,1.0
4,acetone_hl_gap_eV,198,1.0000001192092896,0.0,0.7115509511215341,0.7115509511215341,,,,1.0
4,acetone_hl_gap_eV,199,1.0000001192092896,0.0,0.7115509511215341,0.7115509511215341,,,,1.0
4,acetone_hl_gap_eV,200,1.0000001192092896,0.0,0.7115509511215341,0.7115509511215341,,,,1.0
4,acetone_hl_gap_eV,201,1.0000001192092896,0.0,0.7115509511215341,0.7115509511215341,,,,1.0
4,acetone_hl_gap_eV,202,1.0000001192092896,0.0,0.7115509511215341,0.7115509511215341,,,,1.0
4,acetone_hl_gap_eV,203,1.0000001192092896,0.0,0.7115509511215341,0.7115509511215341,,,,1.0
4,acetone_hl_gap_eV,204,1.0000001192092896,0.0,0.7115509511215341,0.7115509511215341,,,,1.0
4,acetone_hl_gap_eV,205,1.0000001192092896,0.0,0.7115509511215341,0.7115509511215341,,,,1.0
4,acetone_hl_gap_eV,206,1.0000001192092896,0.0,0.7115509511215341,0.7115509511215341,,,,1.0
4,acetone_hl_gap_eV,207,1.0000001192092896,0.0,0.7115509511215341,0.7115509511215341,,,,1.0
4,acetone_hl_gap_eV,208,1.0000001192092896,0.0,0.7115509511215341,0.7115509511215341,,,,1.0
4,acetone_hl_gap_eV,209,1.0000001192092896,0.0,0.7115509511215341,0.7115509511215341,,,,1.0
4,acetone_hl_gap_eV,210,1.0000001192092896,0.0,0.7115509511215341,0.7115509511215341,,,,1.0
4,acetone_hl_gap_eV,211,1.0000001192092896,0.0,0.7115509511215341,0.7115509511215341,,,,1.0
4,acetone_hl_gap_eV,212,1.0000001192092896,0.0,0.7115509511215341,0.7115509511215341,,,,1.0
4,acetone_hl_gap_eV,213,1.0000001192092896,0.0,0.7115509511215341,0.7115509511215341,,,,1.0
4,acetone_hl_gap_eV,214,1.0000001192092896,0.0,0.7115509511215341,0.7115509511215341,,,,1.0
4,acetone_hl_gap_eV,215,1.0000001192092896,0.0,0.7115509511215341,0.7115509511215341,,,,1.0
4,acetone_hl_gap_eV,216,1.0000001192092896,0.0,0.7115509511215341,0.7115509511215341,,,,1.0
4,acetone_hl_gap_eV,217,1.0000001192092896,0.0,0.7115509511215341,0.7115509511215341,,,,1.0
4,acetone_hl_gap_eV,218,1.0000001192092896,0.0,0.7115509511215341,0.7115509511215341,,,,1.0
4,acetone_hl_gap_eV,219,1.0000001192092896,0.0,0.7115509511215341,0.7115509511215341,,,,1.0
4,acetone_hl_gap_eV,220,1.0000001192092896,0.0,0.7115509511215341,0.7115509511215341,,,,1.0
4,acetone_hl_gap_eV,221,1.0000001192092896,0.0,0.7115509511215341,0.7115509511215341,,,,1.0
4,acetone_hl_gap_eV,222,1.0000001192092896,0.0,0.7115509511215341,0.7115509511215341,,,,1.0
4,acetone_hl_gap_eV,223,1.0000001192092896,0.0,0.7115509511215341,0.7115509511215341,,,,1.0
4,acetone_hl_gap_eV,224,1.0000001192092896,0.0,0.7115509511215341,0.7115509511215341,,,,1.0
4,acetone_hl_gap_eV,225,1.0000001192092896,0.0,0.7115509511215341,0.7115509511215341,,,,1.0
4,acetone_hl_gap_eV,226,1.0000001192092896,0.0,0.7115509511215341,0.7115509511215341,,,,1.0
4,acetone_hl_gap_eV,227,1.0000001192092896,0.0,0.7115509511215341,0.7115509511215341,,,,1.0
4,acetone_hl_gap_eV,228,1.0000001192092896,0.0,0.7115509511215341,0.7115509511215341,,,,1.0
4,acetone_hl_gap_eV,229,1.0000001192092896,0.0,0.7115509511215341,0.7115509511215341,,,,1.0
4,acetone_hl_gap_eV,230,1.0000001192092896,0.0,0.7115509511215341,0.7115509511215341,,,,1.0
4,acetone_hl_gap_eV,231,1.0000001192092896,0.0,0.7115509511215341,0.7115509511215341,,,,1.0
4,acetone_hl_gap_eV,232,1.0000001192092896,0.0,0.7115509511215341,0.7115509511215341,,,,1.0
4,acetone_hl_gap_eV,233,1.0000001192092896,0.0,0.7115509511215341,0.7115509511215341,,,,1.0
4,acetone_hl_gap_eV,234,1.0000001192092896,0.0,0.7115509511215341,0.7115509511215341,,,,1.0
4,acetone_hl_gap_eV,235,1.0000001192092896,0.0,0.7115509511215341,0.7115509511215341,,,,1.0
4,acetone_hl_gap_eV,236,1.0000001192092896,0.0,0.7115509511215341,0.7115509511215341,,,,1.0
4,acetone_hl_gap_eV,237,1.0000001192092896,0.0,0.7115509511215341,0.7115509511215341,,,,1.0
4,acetone_hl_gap_eV,238,1.0000001192092896,0.0,0.7115509511215341,0.7115509511215341,,,,1.0
4,acetone_hl_gap_eV,239,1.0000001192092896,0.0,0.7115509511215341,0.7115509511215341,,,,1.0
4,acetone_hl_gap_eV,240,1.0000001192092896,0.0,0.7115509511215341,0.7115509511215341,,,,1.0
4,acetone_hl_gap_eV,241,1.0000001192092896,0.0,0.7115509511215341,0.7115509511215341,,,,1.0
4,acetone_hl_gap_eV,242,1.0000001192092896,0.0,0.7115509511215341,0.7115509511215341,,,,1.0
4,acetone_hl_gap_eV,243,1.0000001192092896,0.0,0.7115509511215341,0.7115509511215341,,,,1.0
4,acetone_hl_gap_eV,244,1.0000001192092896,0.0,0.7115509511215341,0.7115509511215341,,,,1.0
4,acetone_hl_gap_eV,245,1.0000001192092896,0.0,0.7115509511215341,0.7115509511215341,,,,1.0
4,acetone_hl_gap_eV,246,1.0000001192092896,0.0,0.7115509511215341,0.7115509511215341,,,,1.0
4,acetone_hl_gap_eV,247,1.0000001192092896,0.0,0.7115509511215341,0.7115509511215341,,,,1.0
4,acetone_hl_gap_eV,248,1.0000001192092896,0.0,0.7115509511215341,0.7115509511215341,,,,1.0
4,acetone_hl_gap_eV,249,1.0000001192092896,0.0,0.7115509511215341,0.7115509511215341,,,,1.0
4,acetone_dipole,0,0.9999999403953552,0.0,0.643634945522763,0.643634945522763,,,,1.0
4,acetone_dipole,1,0.9999999403953552,0.0,0.643634945522763,0.643634945522763,,,,1.0
4,acetone_dipole,2,0.9999999403953552,0.0,0.643634945522763,0.643634945522763,,,,1.0
4,acetone_dipole,3,0.9999999403953552,0.0,0.643634945522763,0.643634945522763,,,,1.0
4,acetone_dipole,4,0.9999999403953552,0.0,0.643634945522763,0.643634945522763,,,,1.0
4,acetone_dipole,5,0.9999999403953552,0.0,0.643634945522763,0.643634945522763,,,,1.0
4,acetone_dipole,6,0.9999999403953552,0.0,0.643634945522763,0.643634945522763,,,,1.0
4,acetone_dipole,7,0.9999999403953552,0.0,0.643634945522763,0.643634945522763,,,,1.0
4,acetone_dipole,8,0.9999999403953552,0.0,0.643634945522763,0.643634945522763,,,,1.0
4,acetone_dipole,9,0.9999999403953552,0.0,0.643634945522763,0.643634945522763,,,,1.0
4,acetone_dipole,10,0.9999999403953552,0.0,0.643634945522763,0.643634945522763,,,,1.0
4,acetone_dipole,11,0.9999999403953552,0.0,0.643634945522763,0.643634945522763,,,,1.0
4,acetone_dipole,12,0.9999999403953552,0.0,0.643634945522763,0.643634945522763,,,,1.0
4,acetone_dipole,13,0.9999999403953552,0.0,0.643634945522763,0.643634945522763,,,,1.0
4,acetone_dipole,14,0.9999999403953552,0.0,0.643634945522763,0.643634945522763,,,,1.0
4,acetone_dipole,15,0.9999999403953552,0.0,0.643634945522763,0.643634945522763,,,,1.0
4,acetone_dipole,16,0.9999999403953552,0.0,0.643634945522763,0.643634945522763,,,,1.0
4,acetone_dipole,17,0.9999999403953552,0.0,0.643634945522763,0.643634945522763,,,,1.0
4,acetone_dipole,18,0.9999999403953552,0.0,0.643634945522763,0.643634945522763,,,,1.0
4,acetone_dipole,19,0.9999999403953552,0.0,0.643634945522763,0.643634945522763,,,,1.0
4,acetone_dipole,20,0.9999999403953552,0.0,0.643634945522763,0.643634945522763,,,,1.0
4,acetone_dipole,21,0.9999999403953552,0.0,0.643634945522763,0.643634945522763,,,,1.0
4,acetone_dipole,22,0.9999999403953552,0.0,0.643634945522763,0.643634945522763,,,,1.0
4,acetone_dipole,23,0.9999999403953552,0.0,0.643634945522763,0.643634945522763,,,,1.0
4,acetone_dipole,24,0.9999999403953552,0.0,0.643634945522763,0.643634945522763,,,,1.0
4,acetone_dipole,25,0.9999999403953552,0.0,0.643634945522763,0.643634945522763,,,,1.0
4,acetone_dipole,26,0.9999999403953552,0.0,0.643634945522763,0.643634945522763,,,,1.0
4,acetone_dipole,27,0.9999999403953552,0.0,0.643634945522763,0.643634945522763,,,,1.0
4,acetone_dipole,28,0.9999999403953552,0.0,0.643634945522763,0.643634945522763,,,,1.0
4,acetone_dipole,29,0.9999999403953552,0.0,0.643634945522763,0.643634945522763,,,,1.0
4,acetone_dipole,30,0.9999999403953552,0.0,0.643634945522763,0.643634945522763,,,,1.0
4,acetone_dipole,31,0.9999999403953552,0.0,0.643634945522763,0.643634945522763,,,,1.0
4,acetone_dipole,32,0.9999999403953552,0.0,0.643634945522763,0.643634945522763,,,,1.0
4,acetone_dipole,33,0.9999999403953552,0.0,0.643634945522763,0.643634945522763,,,,1.0
4,acetone_dipole,34,0.9999999403953552,0.0,0.643634945522763,0.643634945522763,,,,1.0
4,acetone_dipole,35,0.9999999403953552,0.0,0.643634945522763,0.643634945522763,,,,1.0
4,acetone_dipole,36,0.9999999403953552,0.0,0.643634945522763,0.643634945522763,,,,1.0
4,acetone_dipole,37,0.9999999403953552,0.0,0.643634945522763,0.643634945522763,,,,1.0
4,acetone_dipole,38,0.9999999403953552,0.0,0.643634945522763,0.643634945522763,,,,1.0
4,acetone_dipole,39,0.9999999403953552,0.0,0.643634945522763,0.643634945522763,,,,1.0
4,acetone_dipole,40,0.9999999403953552,0.0,0.643634945522763,0.643634945522763,,,,1.0
4,acetone_dipole,41,0.9999999403953552,0.0,0.643634945522763,0.643634945522763,,,,1.0
4,acetone_dipole,42,0.9999999403953552,0.0,0.643634945522763,0.643634945522763,,,,1.0
4,acetone_dipole,43,0.9999999403953552,0.0,0.643634945522763,0.643634945522763,,,,1.0
4,acetone_dipole,44,0.9999999403953552,0.0,0.643634945522763,0.643634945522763,,,,1.0
4,acetone_dipole,45,0.9999999403953552,0.0,0.643634945522763,0.643634945522763,,,,1.0
4,acetone_dipole,46,0.9999999403953552,0.0,0.643634945522763,0.643634945522763,,,,1.0
4,acetone_dipole,47,0.9999999403953552,0.0,0.643634945522763,0.643634945522763,,,,1.0
4,acetone_dipole,48,0.9999999403953552,0.0,0.643634945522763,0.643634945522763,,,,1.0
4,acetone_dipole,49,0.9999999403953552,0.0,0.643634945522763,0.643634945522763,,,,1.0
4,acetone_dipole,50,0.9999999403953552,0.0,0.643634945522763,0.643634945522763,,,,1.0
4,acetone_dipole,51,0.9999999403953552,0.0,0.643634945522763,0.643634945522763,,,,1.0
4,acetone_dipole,52,0.9999999403953552,0.0,0.643634945522763,0.643634945522763,,,,1.0
4,acetone_dipole,53,0.9999999403953552,0.0,0.643634945522763,0.643634945522763,,,,1.0
4,acetone_dipole,54,0.9999999403953552,0.0,0.643634945522763,0.643634945522763,,,,1.0
4,acetone_dipole,55,0.9999999403953552,0.0,0.643634945522763,0.643634945522763,,,,1.0
4,acetone_dipole,56,0.9999999403953552,0.0,0.643634945522763,0.643634945522763,,,,1.0
4,acetone_dipole,57,0.9999999403953552,0.0,0.643634945522763,0.643634945522763,,,,1.0
4,acetone_dipole,58,0.9999999403953552,0.0,0.643634945522763,0.643634945522763,,,,1.0
4,acetone_dipole,59,0.9999999403953552,0.0,0.643634945522763,0.643634945522763,,,,1.0
4,acetone_dipole,60,0.9999999403953552,0.0,0.643634945522763,0.643634945522763,,,,1.0
4,acetone_dipole,61,0.9999999403953552,0.0,0.643634945522763,0.643634945522763,,,,1.0
4,acetone_dipole,62,0.9999999403953552,0.0,0.643634945522763,0.643634945522763,,,,1.0
4,acetone_dipole,63,0.9999999403953552,0.0,0.643634945522763,0.643634945522763,,,,1.0
4,acetone_dipole,64,0.9999999403953552,0.0,0.643634945522763,0.643634945522763,,,,1.0
4,acetone_dipole,65,0.9999999403953552,0.0,0.643634945522763,0.643634945522763,,,,1.0
4,acetone_dipole,66,0.9999999403953552,0.0,0.643634945522763,0.643634945522763,,,,1.0
4,acetone_dipole,67,0.9999999403953552,0.0,0.643634945522763,0.643634945522763,,,,1.0
4,acetone_dipole,68,0.9999999403953552,0.0,0.643634945522763,0.643634945522763,,,,1.0
4,acetone_dipole,69,0.9999999403953552,0.0,0.643634945522763,0.643634945522763,,,,1.0
4,acetone_dipole,70,0.9999999403953552,0.0,0.643634945522763,0.643634945522763,,,,1.0
4,acetone_dipole,71,0.9999999403953552,0.0,0.643634945522763,0.643634945522763,,,,1.0
4,acetone_dipole,72,0.9999999403953552,0.0,0.643634945522763,0.643634945522763,,,,1.0
4,acetone_dipole,73,0.9999999403953552,0.0,0.643634945522763,0.643634945522763,,,,1.0
4,acetone_dipole,74,0.9999999403953552,0.0,0.643634945522763,0.643634945522763,,,,1.0
4,acetone_dipole,75,0.9999999403953552,0.0,0.643634945522763,0.643634945522763,,,,1.0
4,acetone_dipole,76,0.9999999403953552,0.0,0.643634945522763,0.643634945522763,,,,1.0
4,acetone_dipole,77,0.9999999403953552,0.0,0.643634945522763,0.643634945522763,,,,1.0
4,acetone_dipole,78,0.9999999403953552,0.0,0.643634945522763,0.643634945522763,,,,1.0
4,acetone_dipole,79,0.9999999403953552,0.0,0.643634945522763,0.643634945522763,,,,1.0
4,acetone_dipole,80,0.9999999403953552,0.0,0.643634945522763,0.643634945522763,,,,1.0
4,acetone_dipole,81,0.9999999403953552,0.0,0.643634945522763,0.643634945522763,,,,1.0
4,acetone_dipole,82,0.9999999403953552,0.0,0.643634945522763,0.643634945522763,,,,1.0
4,acetone_dipole,83,0.9999999403953552,0.0,0.643634945522763,0.643634945522763,,,,1.0
4,acetone_dipole,84,0.9999999403953552,0.0,0.643634945522763,0.643634945522763,,,,1.0
4,acetone_dipole,85,0.9999999403953552,0.0,0.643634945522763,0.643634945522763,,,,1.0
4,acetone_dipole,86,0.9999999403953552,0.0,0.643634945522763,0.643634945522763,,,,1.0
4,acetone_dipole,87,0.9999999403953552,0.0,0.643634945522763,0.643634945522763,,,,1.0
4,acetone_dipole,88,0.9999999403953552,0.0,0.643634945522763,0.643634945522763,,,,1.0
4,acetone_dipole,89,0.9999999403953552,0.0,0.643634945522763,0.643634945522763,,,,1.0
4,acetone_dipole,90,0.9999999403953552,0.0,0.643634945522763,0.643634945522763,,,,1.0
4,acetone_dipole,91,0.9999999403953552,0.0,0.643634945522763,0.643634945522763,,,,1.0
4,acetone_dipole,92,0.9999999403953552,0.0,0.643634945522763,0.643634945522763,,,,1.0
4,acetone_dipole,93,0.9999999403953552,0.0,0.643634945522763,0.643634945522763,,,,1.0
4,acetone_dipole,94,0.9999999403953552,0.0,0.643634945522763,0.643634945522763,,,,1.0
4,acetone_dipole,95,0.9999999403953552,0.0,0.643634945522763,0.643634945522763,,,,1.0
4,acetone_dipole,96,0.9999999403953552,0.0,0.643634945522763,0.643634945522763,,,,1.0
4,acetone_dipole,97,0.9999999403953552,0.0,0.643634945522763,0.643634945522763,,,,1.0
4,acetone_dipole,98,0.9999999403953552,0.0,0.643634945522763,0.643634945522763,,,,1.0
4,acetone_dipole,99,0.9999999403953552,0.0,0.643634945522763,0.643634945522763,,,,1.0
4,acetone_dipole,100,0.9999999403953552,0.0,0.643634945522763,0.643634945522763,,,,1.0
4,acetone_dipole,101,0.9999999403953552,0.0,0.643634945522763,0.643634945522763,,,,1.0
4,acetone_dipole,102,0.9999999403953552,0.0,0.643634945522763,0.643634945522763,,,,1.0
4,acetone_dipole,103,0.9999999403953552,0.0,0.643634945522763,0.643634945522763,,,,1.0
4,acetone_dipole,104,0.9999999403953552,0.0,0.643634945522763,0.643634945522763,,,,1.0
4,acetone_dipole,105,0.9999999403953552,0.0,0.643634945522763,0.643634945522763,,,,1.0
4,acetone_dipole,106,0.9999999403953552,0.0,0.643634945522763,0.643634945522763,,,,1.0
4,acetone_dipole,107,0.9999999403953552,0.0,0.643634945522763,0.643634945522763,,,,1.0
4,acetone_dipole,108,0.9999999403953552,0.0,0.643634945522763,0.643634945522763,,,,1.0
4,acetone_dipole,109,0.9999999403953552,0.0,0.643634945522763,0.643634945522763,,,,1.0
4,acetone_dipole,110,0.9999999403953552,0.0,0.643634945522763,0.643634945522763,,,,1.0
4,acetone_dipole,111,0.9999999403953552,0.0,0.643634945522763,0.643634945522763,,,,1.0
4,acetone_dipole,112,0.9999999403953552,0.0,0.643634945522763,0.643634945522763,,,,1.0
4,acetone_dipole,113,0.9999999403953552,0.0,0.643634945522763,0.643634945522763,,,,1.0
4,acetone_dipole,114,0.9999999403953552,0.0,0.643634945522763,0.643634945522763,,,,1.0
4,acetone_dipole,115,0.9999999403953552,0.0,0.643634945522763,0.643634945522763,,,,1.0
4,acetone_dipole,116,0.9999999403953552,0.0,0.643634945522763,0.643634945522763,,,,1.0
4,acetone_dipole,117,0.9999999403953552,0.0,0.643634945522763,0.643634945522763,,,,1.0
4,acetone_dipole,118,0.9999999403953552,0.0,0.643634945522763,0.643634945522763,,,,1.0
4,acetone_dipole,119,0.9999999403953552,0.0,0.643634945522763,0.643634945522763,,,,1.0
4,acetone_dipole,120,0.9999999403953552,0.0,0.643634945522763,0.643634945522763,,,,1.0
4,acetone_dipole,121,0.9999999403953552,0.0,0.643634945522763,0.643634945522763,,,,1.0
4,acetone_dipole,122,0.9999999403953552,0.0,0.643634945522763,0.643634945522763,,,,1.0
4,acetone_dipole,123,0.9999999403953552,0.0,0.643634945522763,0.643634945522763,,,,1.0
4,acetone_dipole,124,0.9999999403953552,0.0,0.643634945522763,0.643634945522763,,,,1.0
4,acetone_dipole,125,0.9999999403953552,0.0,0.643634945522763,0.643634945522763,,,,1.0
4,acetone_dipole,126,0.9999999403953552,0.0,0.643634945522763,0.643634945522763,,,,1.0
4,acetone_dipole,127,0.9999999403953552,0.0,0.643634945522763,0.643634945522763,,,,1.0
4,acetone_dipole,128,0.9999999403953552,0.0,0.643634945522763,0.643634945522763,,,,1.0
4,acetone_dipole,129,0.9999999403953552,0.0,0.643634945522763,0.643634945522763,,,,1.0
4,acetone_dipole,130,0.9999999403953552,0.0,0.643634945522763,0.643634945522763,,,,1.0
4,acetone_dipole,131,0.9999999403953552,0.0,0.643634945522763,0.643634945522763,,,,1.0
4,acetone_dipole,132,0.9999999403953552,0.0,0.643634945522763,0.643634945522763,,,,1.0
4,acetone_dipole,133,0.9999999403953552,0.0,0.643634945522763,0.643634945522763,,,,1.0
4,acetone_dipole,134,0.9999999403953552,0.0,0.643634945522763,0.643634945522763,,,,1.0
4,acetone_dipole,135,0.9999999403953552,0.0,0.643634945522763,0.643634945522763,,,,1.0
4,acetone_dipole,136,0.9999999403953552,0.0,0.643634945522763,0.643634945522763,,,,1.0
4,acetone_dipole,137,0.9999999403953552,0.0,0.643634945522763,0.643634945522763,,,,1.0
4,acetone_dipole,138,0.9999999403953552,0.0,0.643634945522763,0.643634945522763,,,,1.0
4,acetone_dipole,139,0.9999999403953552,0.0,0.643634945522763,0.643634945522763,,,,1.0
4,acetone_dipole,140,0.9999999403953552,0.0,0.643634945522763,0.643634945522763,,,,1.0
4,acetone_dipole,141,0.9999999403953552,0.0,0.643634945522763,0.643634945522763,,,,1.0
4,acetone_dipole,142,0.9999999403953552,0.0,0.643634945522763,0.643634945522763,,,,1.0
4,acetone_dipole,143,0.9999999403953552,0.0,0.643634945522763,0.643634945522763,,,,1.0
4,acetone_dipole,144,0.9999999403953552,0.0,0.643634945522763,0.643634945522763,,,,1.0
4,acetone_dipole,145,0.9999999403953552,0.0,0.643634945522763,0.643634945522763,,,,1.0
4,acetone_dipole,146,0.9999999403953552,0.0,0.643634945522763,0.643634945522763,,,,1.0
4,acetone_dipole,147,0.9999999403953552,0.0,0.643634945522763,0.643634945522763,,,,1.0
4,acetone_dipole,148,0.9999999403953552,0.0,0.643634945522763,0.643634945522763,,,,1.0
4,acetone_dipole,149,0.9999999403953552,0.0,0.643634945522763,0.643634945522763,,,,1.0
4,acetone_dipole,150,0.9999999403953552,0.0,0.643634945522763,0.643634945522763,,,,1.0
4,acetone_dipole,151,0.9999999403953552,0.0,0.643634945522763,0.643634945522763,,,,1.0
4,acetone_dipole,152,0.9999999403953552,0.0,0.643634945522763,0.643634945522763,,,,1.0
4,acetone_dipole,153,0.9999999403953552,0.0,0.643634945522763,0.643634945522763,,,,1.0
4,acetone_dipole,154,0.9999999403953552,0.0,0.643634945522763,0.643634945522763,,,,1.0
4,acetone_dipole,155,0.9999999403953552,0.0,0.643634945522763,0.643634945522763,,,,1.0
4,acetone_dipole,156,0.9999999403953552,0.0,0.643634945522763,0.643634945522763,,,,1.0
4,acetone_dipole,157,0.9999999403953552,0.0,0.643634945522763,0.643634945522763,,,,1.0
4,acetone_dipole,158,0.9999999403953552,0.0,0.643634945522763,0.643634945522763,,,,1.0
4,acetone_dipole,159,0.9999999403953552,0.0,0.643634945522763,0.643634945522763,,,,1.0
4,acetone_dipole,160,0.9999999403953552,0.0,0.643634945522763,0.643634945522763,,,,1.0
4,acetone_dipole,161,0.9999999403953552,0.0,0.643634945522763,0.643634945522763,,,,1.0
4,acetone_dipole,162,0.9999999403953552,0.0,0.643634945522763,0.643634945522763,,,,1.0
4,acetone_dipole,163,0.9999999403953552,0.0,0.643634945522763,0.643634945522763,,,,1.0
4,acetone_dipole,164,0.9999999403953552,0.0,0.643634945522763,0.643634945522763,,,,1.0
4,acetone_dipole,165,0.9999999403953552,0.0,0.643634945522763,0.643634945522763,,,,1.0
4,acetone_dipole,166,0.9999999403953552,0.0,0.643634945522763,0.643634945522763,,,,1.0
4,acetone_dipole,167,0.9999999403953552,0.0,0.643634945522763,0.643634945522763,,,,1.0
4,acetone_dipole,168,0.9999999403953552,0.0,0.643634945522763,0.643634945522763,,,,1.0
4,acetone_dipole,169,0.9999999403953552,0.0,0.643634945522763,0.643634945522763,,,,1.0
4,acetone_dipole,170,0.9999999403953552,0.0,0.643634945522763,0.643634945522763,,,,1.0
4,acetone_dipole,171,0.9999999403953552,0.0,0.643634945522763,0.643634945522763,,,,1.0
4,acetone_dipole,172,0.9999999403953552,0.0,0.643634945522763,0.643634945522763,,,,1.0
4,acetone_dipole,173,0.9999999403953552,0.0,0.643634945522763,0.643634945522763,,,,1.0
4,acetone_dipole,174,0.9999999403953552,0.0,0.643634945522763,0.643634945522763,,,,1.0
4,acetone_dipole,175,0.9999999403953552,0.0,0.643634945522763,0.643634945522763,,,,1.0
4,acetone_dipole,176,0.9999999403953552,0.0,0.643634945522763,0.643634945522763,,,,1.0
4,acetone_dipole,177,0.9999999403953552,0.0,0.643634945522763,0.643634945522763,,,,1.0
4,acetone_dipole,178,0.9999999403953552,0.0,0.643634945522763,0.643634945522763,,,,1.0
4,acetone_dipole,179,0.9999999403953552,0.0,0.643634945522763,0.643634945522763,,,,1.0
4,acetone_dipole,180,0.9999999403953552,0.0,0.643634945522763,0.643634945522763,,,,1.0
4,acetone_dipole,181,0.9999999403953552,0.0,0.643634945522763,0.643634945522763,,,,1.0
4,acetone_dipole,182,0.9999999403953552,0.0,0.643634945522763,0.643634945522763,,,,1.0
4,acetone_dipole,183,0.9999999403953552,0.0,0.643634945522763,0.643634945522763,,,,1.0
4,acetone_dipole,184,0.9999999403953552,0.0,0.643634945522763,0.643634945522763,,,,1.0
4,acetone_dipole,185,0.9999999403953552,0.0,0.643634945522763,0.643634945522763,,,,1.0
4,acetone_dipole,186,0.9999999403953552,0.0,0.643634945522763,0.643634945522763,,,,1.0
4,acetone_dipole,187,0.9999999403953552,0.0,0.643634945522763,0.643634945522763,,,,1.0
4,acetone_dipole,188,0.9999999403953552,0.0,0.643634945522763,0.643634945522763,,,,1.0
4,acetone_dipole,189,0.9999999403953552,0.0,0.643634945522763,0.643634945522763,,,,1.0
4,acetone_dipole,190,0.9999999403953552,0.0,0.643634945522763,0.643634945522763,,,,1.0
4,acetone_dipole,191,0.9999999403953552,0.0,0.643634945522763,0.643634945522763,,,,1.0
4,acetone_dipole,192,0.9999999403953552,0.0,0.643634945522763,0.643634945522763,,,,1.0
4,acetone_dipole,193,0.9999999403953552,0.0,0.643634945522763,0.643634945522763,,,,1.0
4,acetone_dipole,194,0.9999999403953552,0.0,0.643634945522763,0.643634945522763,,,,1.0
4,acetone_dipole,195,0.9999999403953552,0.0,0.643634945522763,0.643634945522763,,,,1.0
4,acetone_dipole,196,0.9999999403953552,0.0,0.643634945522763,0.643634945522763,,,,1.0
4,acetone_dipole,197,0.9999999403953552,0.0,0.643634945522763,0.643634945522763,,,,1.0
4,acetone_dipole,198,0.9999999403953552,0.0,0.643634945522763,0.643634945522763,,,,1.0
4,acetone_dipole,199,0.9999999403953552,0.0,0.643634945522763,0.643634945522763,,,,1.0
4,acetone_dipole,200,0.9999999403953552,0.0,0.643634945522763,0.643634945522763,,,,1.0
4,acetone_dipole,201,0.9999999403953552,0.0,0.643634945522763,0.643634945522763,,,,1.0
4,acetone_dipole,202,0.9999999403953552,0.0,0.643634945522763,0.643634945522763,,,,1.0
4,acetone_dipole,203,0.9999999403953552,0.0,0.643634945522763,0.643634945522763,,,,1.0
4,acetone_dipole,204,0.9999999403953552,0.0,0.643634945522763,0.643634945522763,,,,1.0
4,acetone_dipole,205,0.9999999403953552,0.0,0.643634945522763,0.643634945522763,,,,1.0
4,acetone_dipole,206,0.9999999403953552,0.0,0.643634945522763,0.643634945522763,,,,1.0
4,acetone_dipole,207,0.9999999403953552,0.0,0.643634945522763,0.643634945522763,,,,1.0
4,acetone_dipole,208,0.9999999403953552,0.0,0.643634945522763,0.643634945522763,,,,1.0
4,acetone_dipole,209,0.9999999403953552,0.0,0.643634945522763,0.643634945522763,,,,1.0
4,acetone_dipole,210,0.9999999403953552,0.0,0.643634945522763,0.643634945522763,,,,1.0
4,acetone_dipole,211,0.9999999403953552,0.0,0.643634945522763,0.643634945522763,,,,1.0
4,acetone_dipole,212,0.9999999403953552,0.0,0.643634945522763,0.643634945522763,,,,1.0
4,acetone_dipole,213,0.9999999403953552,0.0,0.643634945522763,0.643634945522763,,,,1.0
4,acetone_dipole,214,0.9999999403953552,0.0,0.643634945522763,0.643634945522763,,,,1.0
4,acetone_dipole,215,0.9999999403953552,0.0,0.643634945522763,0.643634945522763,,,,1.0
4,acetone_dipole,216,0.9999999403953552,0.0,0.643634945522763,0.643634945522763,,,,1.0
4,acetone_dipole,217,0.9999999403953552,0.0,0.643634945522763,0.643634945522763,,,,1.0
4,acetone_dipole,218,0.9999999403953552,0.0,0.643634945522763,0.643634945522763,,,,1.0
4,acetone_dipole,219,0.9999999403953552,0.0,0.643634945522763,0.643634945522763,,,,1.0
4,acetone_dipole,220,0.9999999403953552,0.0,0.643634945522763,0.643634945522763,,,,1.0
4,acetone_dipole,221,0.9999999403953552,0.0,0.643634945522763,0.643634945522763,,,,1.0
4,acetone_dipole,222,0.9999999403953552,0.0,0.643634945522763,0.643634945522763,,,,1.0
4,acetone_dipole,223,0.9999999403953552,0.0,0.643634945522763,0.643634945522763,,,,1.0
4,acetone_dipole,224,0.9999999403953552,0.0,0.643634945522763,0.643634945522763,,,,1.0
4,acetone_dipole,225,0.9999999403953552,0.0,0.643634945522763,0.643634945522763,,,,1.0
4,acetone_dipole,226,0.9999999403953552,0.0,0.643634945522763,0.643634945522763,,,,1.0
4,acetone_dipole,227,0.9999999403953552,0.0,0.643634945522763,0.643634945522763,,,,1.0
4,acetone_dipole,228,0.9999999403953552,0.0,0.643634945522763,0.643634945522763,,,,1.0
4,acetone_dipole,229,0.9999999403953552,0.0,0.643634945522763,0.643634945522763,,,,1.0
4,acetone_dipole,230,0.9999999403953552,0.0,0.643634945522763,0.643634945522763,,,,1.0
4,acetone_dipole,231,0.9999999403953552,0.0,0.643634945522763,0.643634945522763,,,,1.0
4,acetone_dipole,232,0.9999999403953552,0.0,0.643634945522763,0.643634945522763,,,,1.0
4,acetone_dipole,233,0.9999999403953552,0.0,0.643634945522763,0.643634945522763,,,,1.0
4,acetone_dipole,234,0.9999999403953552,0.0,0.643634945522763,0.643634945522763,,,,1.0
4,acetone_dipole,235,0.9999999403953552,0.0,0.643634945522763,0.643634945522763,,,,1.0
4,acetone_dipole,236,0.9999999403953552,0.0,0.643634945522763,0.643634945522763,,,,1.0
4,acetone_dipole,237,0.9999999403953552,0.0,0.643634945522763,0.643634945522763,,,,1.0
4,acetone_dipole,238,0.9999999403953552,0.0,0.643634945522763,0.643634945522763,,,,1.0
4,acetone_dipole,239,0.9999999403953552,0.0,0.643634945522763,0.643634945522763,,,,1.0
4,acetone_dipole,240,0.9999999403953552,0.0,0.643634945522763,0.643634945522763,,,,1.0
4,acetone_dipole,241,0.9999999403953552,0.0,0.643634945522763,0.643634945522763,,,,1.0
4,acetone_dipole,242,0.9999999403953552,0.0,0.643634945522763,0.643634945522763,,,,1.0
4,acetone_dipole,243,0.9999999403953552,0.0,0.643634945522763,0.643634945522763,,,,1.0
4,acetone_dipole,244,0.9999999403953552,0.0,0.643634945522763,0.643634945522763,,,,1.0
4,acetone_dipole,245,0.9999999403953552,0.0,0.643634945522763,0.643634945522763,,,,1.0
4,acetone_dipole,246,0.9999999403953552,0.0,0.643634945522763,0.643634945522763,,,,1.0
4,acetone_dipole,247,0.9999999403953552,0.0,0.643634945522763,0.643634945522763,,,,1.0
4,acetone_dipole,248,0.9999999403953552,0.0,0.643634945522763,0.643634945522763,,,,1.0
4,acetone_dipole,249,0.9999999403953552,0.0,0.643634945522763,0.643634945522763,,,,1.0
4,octanol_gsolv_eV,0,0.3417375385761261,0.003415424609556794,0.6772221217099195,0.9837890764817756,0.5620079040527344,0.16009852290153503,0.2848688101128782,0.2
4,octanol_gsolv_eV,1,0.23652006685733795,0.010251103900372982,0.6592591991135226,0.9580424942276891,1.9967694282531738,0.06215442344546318,0.031127491520058725,0.08
4,octanol_gsolv_eV,2,0.2570086121559143,0.006240439135581255,0.6798252583761251,0.9667649285820863,1.1654996871948242,0.12964582443237305,0.11123625845358252,0.28
4,octanol_gsolv_eV,3,0.43668225407600403,0.007848202250897884,0.6813831455928796,0.9453045813230707,1.5820026397705078,0.39660584926605225,0.2506986014407572,0.2
4,octanol_gsolv_eV,4,0.25399574637413025,0.006417629308998585,0.6709392134722625,0.9363766238588549,1.1939972639083862,0.09324468672275543,0.07809455644607739,0.2
4,octanol_gsolv_eV,5,0.2344486564397812,0.009172330610454082,0.6692765979263815,0.9481619245801003,1.7623969316482544,0.12069476395845413,0.06848330350052087,0.22
4,octanol_gsolv_eV,6,0.7549253106117249,0.009337438270449638,0.6887967107677073,0.9539853161181393,2.5623748302459717,0.6997684240341187,0.2730937003338209,0.64
4,octanol_gsolv_eV,7,0.09508337825536728,0.0019212467595934868,0.6536703670825781,0.9722634954395184,0.12964409589767456,0.05790829285979271,0.4466712692068796,0.16
4,octanol_gsolv_eV,8,0.28657129406929016,0.011083843186497688,0.6459939751049173,0.9381664682764024,2.069371461868286,0.12005632370710373,0.05801584003614003,0.1
4,octanol_gsolv_eV,9,0.3565892279148102,0.004310137126594782,0.6730164701668524,0.9483798865738788,0.7659718990325928,0.11163896322250366,0.1457481186496547,0.28
4,octanol_gsolv_eV,10,0.2276853770017624,0.007683117408305407,0.6651706257715606,0.9368969910050755,1.415504813194275,0.08524437248706818,0.06022188811545113,0.1
4,octanol_gsolv_eV,11,0.32293692231178284,0.00990605354309082,0.66924910927104,0.9269365687892779,1.9259390830993652,0.2441079020500183,0.12674746786756183,0.34
4,octanol_gsolv_eV,12,0.18051272630691528,0.011598802171647549,0.6769036559678929,0.9676267397881537,2.269195795059204,0.007410552818328142,0.003265717676043375,0.08
4,octanol_gsolv_eV,13,0.34837621450424194,0.008964120410382748,0.6733592488141835,0.9275770001511061,1.7478710412979126,0.347295343875885,0.19869620565256044,0.22
4,octanol_gsolv_eV,14,0.25400876998901367,0.005811959505081177,0.6643403158414092,0.9368467878591722,1.0993285179138184,0.12415917962789536,0.11294092494162768,0.14
4,octanol_gsolv_eV,15,0.6345991492271423,0.0016014629509299994,0.6745063274056617,0.9469553292264639,0.09017721563577652,0.24264907836914062,2.6908025121245047,0.4
4,octanol_gsolv_eV,16,0.2073225975036621,0.0043967426754534245,0.6737091855062352,0.9615537029929708,0.7713256478309631,0.04173140972852707,0.05410349032977126,0.18
4,octanol_gsolv_eV,17,0.3146667182445526,0.009116235189139843,0.6635315582638925,0.9689721192466163,1.7358076572418213,0.0018283592071384192,0.0010533190123401467,0.3
4,octanol_gsolv_eV,18,0.22018146514892578,0.006377445533871651,0.6624205403316714,0.9617852875715958,1.167527675628662,0.08593572676181793,0.0736048734052881,0.1
4,octanol_gsolv_eV,19,0.2078559398651123,0.0062369671650230885,0.6705673480382734,0.9571090950358188,1.1490451097488403,0.1264212727546692,0.1100228978671712,0.1
4,octanol_gsolv_eV,20,0.34653812646865845,0.006023041438311338,0.6763848579357783,0.9536699484050353,1.1109133958816528,0.19987501204013824,0.17991952638352307,0.26
4,octanol_gsolv_eV,21,0.3350551128387451,0.009761185385286808,0.6725230467412688,0.9134346381619738,1.87295401096344,0.40070897340774536,0.21394490791667772,0.26
4,octanol_gsolv_eV,22,0.2965677082538605,0.004921105224639177,0.6686410139143761,0.9594935224155527,0.8884251713752747,0.14196063578128815,0.15978907437025258,0.2
4,octanol_gsolv_eV,23,0.43149974942207336,0.006396895740181208,0.6700085419250501,0.9255716391656055,1.2392418384552002,0.13617336750030518,0.1098844174516046,0.28
4,octanol_gsolv_eV,24,0.6504323482513428,0.003704517148435116,0.6790258394377762,0.9146698313414703,0.6376993656158447,0.47152000665664673,0.7394079907877691,0.24
4,octanol_gsolv_eV,25,0.1222115084528923,0.007014068774878979,0.6652128113739273,0.9719963336961401,1.2723257541656494,0.014823073521256447,0.011650376071320622,0.08
4,octanol_gsolv_eV,26,0.7524146437644958,0.004974923562258482,0.6893405973925633,0.9328666218197121,0.9236028790473938,0.9328707456588745,1.010034471331488,0.42
4,octanol_gsolv_eV,27,0.35066652297973633,0.02095497027039528,0.6611900614005131,0.9724639131938806,4.1487884521484375,0.004176242742687464,0.001006617423581771,0.36
4,octanol_gsolv_eV,28,0.3964407444000244,0.010371090844273567,0.6611538824440466,0.9094495186122713,2.0168421268463135,0.39436662197113037,0.1955366841666441,0.26
4,octanol_gsolv_eV,29,0.8604571223258972,0.004981313366442919,0.7123955527003389,0.9519294148416446,2.7051525115966797,0.1885201781988144,0.06968929751304222,0.48
4,octanol_gsolv_eV,30,0.35648879408836365,0.011325325816869736,0.6678925848494148,0.9335437701123241,2.2609899044036865,0.3169108033180237,0.14016462554776676,0.28
4,octanol_gsolv_eV,31,0.3427216410636902,0.0048058489337563515,0.6594741268712874,0.9207458118585212,0.9008482098579407,0.16604888439178467,0.18432504230426316,0.18
4,octanol_gsolv_eV,32,0.463394433259964,0.0037437640130519867,0.6772465496573719,0.9458974363223811,0.6394479274749756,0.2508838176727295,0.3923444066249596,0.34
4,octanol_gsolv_eV,33,0.19361454248428345,0.008331160061061382,0.670616437894771,0.9512283843627662,1.615962266921997,0.09771747887134552,0.060470148883781064,0.08
4,octanol_gsolv_eV,34,0.5298051834106445,0.0059728496707975864,0.6743279608270458,0.9140596339280074,1.0936304330825806,0.3817058205604553,0.34902633377214415,0.34
4,octanol_gsolv_eV,35,0.20481383800506592,0.004299161955714226,0.6706278945577273,0.9706359792213666,0.7481918334960938,0.05493710935115814,0.07342650225738526,0.18
4,octanol_gsolv_eV,36,0.1957811713218689,0.01067508477717638,0.6536577566360582,0.9722972539092634,2.0198991298675537,0.006460187956690788,0.0031982725578550983,0.3
4,octanol_gsolv_eV,37,0.17095312476158142,0.005094882566481829,0.6736682602558801,0.9553882464450292,0.932754635810852,0.02478134073317051,0.02656790948203422,0.18
4,octanol_gsolv_eV,38,0.1347067803144455,0.006846932228654623,0.6537119846939963,0.9649669775570848,1.1992467641830444,0.010431165806949139,0.00869809793821299,0.12
4,octanol_gsolv_eV,39,0.5236046314239502,0.003231142181903124,0.6770608664903928,0.9326332749444037,0.5727137327194214,0.2874458432197571,0.5019014331206545,0.28
4,octanol_gsolv_eV,40,0.28701427578926086,0.008856568485498428,0.6585686287007173,0.9145286236248888,1.8007419109344482,0.28248873353004456,0.156873526303086,0.1
4,octanol_gsolv_eV,41,0.6915823817253113,0.004845547955483198,0.6965658864572539,0.8953788056101286,0.9873383045196533,0.4340781271457672,0.4396447754115537,0.4
4,octanol_gsolv_eV,42,0.3105981647968292,0.01086214929819107,0.6555442931272568,0.9211860203444364,2.1245696544647217,0.3984896242618561,0.1875625133892135,0.24
4,octanol_gsolv_eV,43,0.4411613643169403,0.004824841860681772,0.6796462312738738,0.9795660866979214,0.8768222332000732,0.12619049847126007,0.14391799579569503,0.42
4,octanol_gsolv_eV,44,0.19909177720546722,0.004031567368656397,0.6533549201012727,0.9587102940499534,0.6746209859848022,0.03160955011844635,0.04685527247911384,0.12
4,octanol_gsolv_eV,45,0.7473810911178589,0.00854441151022911,0.6852657840984839,0.9225463204391235,1.8023147583007812,0.6652444005012512,0.36910556129964905,0.56
4,octanol_gsolv_eV,46,0.23181717097759247,0.008574764244258404,0.6620236028580224,0.9654385985834522,1.5492075681686401,0.09926538914442062,0.06407494462589342,0.12
4,octanol_gsolv_eV,47,0.27927789092063904,0.008472978137433529,0.6745980407718033,0.9601717237079135,1.6222403049468994,0.09885077178478241,0.060934728032181446,0.12
4,octanol_gsolv_eV,48,0.13812731206417084,0.005171208642423153,0.662000773421169,0.955582842445776,0.9022321701049805,0.02775803953409195,0.03076596075139077,0.12
4,octanol_gsolv_eV,49,0.47178196907043457,0.007841973565518856,0.6708057361078055,0.9182715702904953,1.5641230344772339,0.40165263414382935,0.2567909462941136,0.28
4,octanol_gsolv_eV,50,0.47701171040534973,0.00664954399690032,0.6743662655063505,0.9321544243851423,1.2524082660675049,0.3466670513153076,0.2768003539323672,0.34
4,octanol_gsolv_eV,51,0.17026261985301971,0.006323475390672684,0.6728243449947984,0.9591264728929036,1.183537483215332,0.025619694963097572,0.02164671193471305,0.1
4,octanol_gsolv_eV,52,0.16075396537780762,0.006880301516503096,0.6768110487350476,0.9567211653769765,1.3055018186569214,0.017799632623791695,0.013634322349779383,0.16
4,octanol_gsolv_eV,53,0.37923702597618103,0.006704643834382296,0.6742961524521749,0.9477991153337715,1.2694014310836792,0.22078832983970642,0.17393105477376133,0.3
4,octanol_gsolv_eV,54,0.1494680792093277,0.004444152116775513,0.665490615901843,0.9751137702315544,0.7899688482284546,0.014970731921494007,0.018951040860746136,0.12
4,octanol_gsolv_eV,55,0.18169176578521729,0.007711120415478945,0.673005671385912,0.9716486188688298,1.4691829681396484,0.03161846473813057,0.021521121210768882,0.2
4,octanol_gsolv_eV,56,0.3000442087650299,0.007339545991271734,0.6799782024210932,0.9467350341887937,1.3858466148376465,0.35165396332740784,0.2537466697702361,0.16
4,octanol_gsolv_eV,57,0.1971825361251831,0.009773780591785908,0.6695730979840462,0.9783735798881221,1.875511646270752,0.00852918904274702,0.00454765986641905,0.18
4,octanol_gsolv_eV,58,0.20129990577697754,0.00450777867808938,0.6600111764107957,0.9590973941336618,0.8005609512329102,0.03299063816666603,0.04120940212716913,0.14
4,octanol_gsolv_eV,59,0.4716987907886505,0.005155322607606649,0.6635233109396956,0.9226337354176011,0.9539733529090881,0.2931736707687378,0.3073185114392568,0.32
4,octanol_gsolv_eV,60,0.21880996227264404,0.008622630499303341,0.6687368224833452,0.9182406277404931,1.6174590587615967,0.12492267787456512,0.07723390412750963,0.1
4,octanol_gsolv_eV,61,0.4096251130104065,0.008864047937095165,0.670065720167139,0.921291137821074,1.7456986904144287,0.389546662569046,0.22314656286794124,0.24
4,octanol_gsolv_eV,62,0.4884883761405945,0.0030693986918777227,0.6808315375983103,0.9404494068788756,0.49335816502571106,0.27757182717323303,0.5626172765555983,0.28
4,octanol_gsolv_eV,63,0.6701352596282959,0.005781454499810934,0.6701269532514766,0.9187186555801874,0.9747400283813477,0.47606122493743896,0.4883981483021537,0.62
4,octanol_gsolv_eV,64,0.237715944647789,0.0038136562798172235,0.6681155297970103,0.9610930542853253,0.6597824096679688,0.023363983258605003,0.03541164922896744,0.2
4,octanol_gsolv_eV,65,0.2527901232242584,0.00855882465839386,0.6646474259015613,0.9513275150477105,1.6399683952331543,0.11681380867958069,0.07122930479582398,0.22
4,octanol_gsolv_eV,66,0.30549678206443787,0.005599138792604208,0.6757056204202265,0.9306857991850879,1.0461006164550781,0.1772025227546692,0.169393383358434,0.18
4,octanol_gsolv_eV,67,0.28102484345436096,0.012098069302737713,0.6656660147013964,0.898979305857013,2.4224424362182617,0.46507787704467773,0.19198717380905983,0.2
4,octanol_gsolv_eV,68,0.1754777878522873,0.006398720201104879,0.6699288977886444,0.9606689521622405,1.183461308479309,0.031558092683553696,0.02666592685155405,0.2
4,octanol_gsolv_eV,69,0.20426321029663086,0.0069778067991137505,0.6510671622052475,0.9563488518425263,1.2255570888519287,0.06553833186626434,0.05347635982233926,0.1
4,octanol_gsolv_eV,70,0.6986774206161499,0.0020313351415097713,0.6936092727238405,0.9454978726625258,0.21536307036876678,0.27817729115486145,1.2916666291882712,0.48
4,octanol_gsolv_eV,71,0.21504130959510803,0.005843154154717922,0.6689975560268011,0.9525809988771397,1.0726381540298462,0.04813491925597191,0.04487526299072199,0.22
4,octanol_gsolv_eV,72,0.31407690048217773,0.014058597385883331,0.6697474880611196,0.9391524272302396,2.743839979171753,0.14929184317588806,0.05440982138504769,0.32
4,octanol_gsolv_eV,73,0.49029749631881714,0.005719671957194805,0.6711915207091916,0.9013144228413612,1.0722955465316772,0.3690195381641388,0.3441397657182542,0.32
4,octanol_gsolv_eV,74,0.2875552475452423,0.012571393512189388,0.663113689494405,0.8981696156417143,2.422083854675293,0.41603511571884155,0.17176742866097658,0.24
4,octanol_gsolv_eV,75,0.2796153426170349,0.008221002295613289,0.6800740912022261,0.9766534837693526,1.6065047979354858,0.05583188310265541,0.03475363607653384,0.28
4,octanol_gsolv_eV,76,0.2530289888381958,0.006475857459008694,0.6772576335926423,0.9620510582789723,1.2286287546157837,0.07365112006664276,0.05994578898625477,0.24
4,octanol_gsolv_eV,77,0.48513659834861755,0.00371164595708251,0.6825526478735189,0.971724092009087,0.6416480541229248,0.35031193494796753,0.5459565141622886,0.24
4,octanol_gsolv_eV,78,0.5760388374328613,0.007691302336752415,0.6880075332246016,0.9172733786572893,1.4905486106872559,0.5482667088508606,0.3678288013686907,0.42
4,octanol_gsolv_eV,79,0.2008536159992218,0.0058695292100310326,0.673603979050666,0.9579853613943636,1.105897307395935,0.07840248942375183,0.0708949094092351,0.08
4,octanol_gsolv_eV,80,0.5924752950668335,0.009466763585805893,0.6744810848136245,0.9003430422184213,1.9214439392089844,0.7524444460868835,0.39160364282949006,0.26
4,octanol_gsolv_eV,81,0.2573729157447815,0.006346505600959063,0.6727586221730404,0.9648515051302409,1.201151967048645,0.031858135014772415,0.02652298450882211,0.3
4,octanol_gsolv_eV,82,0.30337369441986084,0.007062682416290045,0.6765575441819642,0.9219377059533744,1.3238193988800049,0.296653687953949,0.22408924374799752,0.12
4,octanol_gsolv_eV,83,0.338393896818161,0.006611841730773449,0.6765641325294875,0.9716948412135511,1.2770918607711792,0.06404192745685577,0.05014668828770367,0.42
4,octanol_gsolv_eV,84,0.133819580078125,0.006782284937798977,0.6712564768568592,0.9784720858927387,1.2801250219345093,0.01558724232017994,0.012176343757912558,0.1
4,octanol_gsolv_eV,85,0.7221928238868713,0.010214319452643394,0.6878723574769448,0.911760617453254,2.0917811393737793,0.9327409863471985,0.44590754204162825,0.58
4,octanol_gsolv_eV,86,0.16553984582424164,0.010080690495669842,0.665957288380022,0.9400423026741067,1.9007452726364136,0.08514905720949173,0.04479772141765551,0.08
4,octanol_gsolv_eV,87,0.30246034264564514,0.0046969130635261536,0.6735328918489181,0.9625247143612017,0.859164834022522,0.1116071417927742,0.12990189702043667,0.28
4,octanol_gsolv_eV,88,0.3612678349018097,0.003922115080058575,0.6538148730703053,0.9341100328668923,0.6532005071640015,0.09618732333183289,0.14725543271460256,0.2
4,octanol_gsolv_eV,89,0.5215505361557007,0.005145959556102753,0.6858764132315958,0.937852999804903,0.942444384098053,0.4482637345790863,0.47563945644186517,0.34
4,octanol_gsolv_eV,90,0.09127300977706909,0.009402362629771233,0.6669033811490579,0.9546731457461546,1.728156328201294,0.005728446412831545,0.0033147732756294377,0.1
4,octanol_gsolv_eV,91,0.45692288875579834,0.006156479474157095,0.6783783151696998,0.9305051733731453,1.1568113565444946,0.26608607172966003,0.23001682186496197,0.38
4,octanol_gsolv_eV,92,0.37584298849105835,0.00947446096688509,0.6764584844397838,0.9550433997737913,1.8561898469924927,0.13342970609664917,0.07188365258695913,0.32
4,octanol_gsolv_eV,93,0.6334755420684814,0.003597077215090394,0.6829671262232695,0.9247567931467746,0.6577701568603516,0.33662542700767517,0.5117675581611142,0.48
4,octanol_gsolv_eV,94,0.33191898465156555,0.008143854327499866,0.6737980363304232,0.9171196597502922,1.5843173265457153,0.32206588983535767,0.2032837010862953,0.26
4,octanol_gsolv_eV,95,0.18832062184810638,0.009911679662764072,0.6711578912027969,0.9601156908538746,1.9134336709976196,0.1040094867348671,0.054357508342914744,0.08
4,octanol_gsolv_eV,96,0.21746312081813812,0.007392061874270439,0.6677802214571649,0.9582186367013346,1.3976434469223022,0.0495879128575325,0.0354796589693374,0.14
4,octanol_gsolv_eV,97,0.1862412393093109,0.0053049055859446526,0.6714143879085153,0.9499067597975741,0.9631673693656921,0.06676191091537476,0.06931496335817708,0.26
4,octanol_gsolv_eV,98,0.21603842079639435,0.01051110029220581,0.671922130345393,0.961618578691845,2.038597822189331,0.04701484367251396,0.02306234371526153,0.16
4,octanol_gsolv_eV,99,0.2298678606748581,0.004348376300185919,0.672798974883136,0.9645631376872339,0.771791398525238,0.05010031908750534,0.06491432682877592,0.26
4,octanol_gsolv_eV,100,0.2618010342121124,0.008265224285423756,0.6672613168230142,0.956184181039174,1.56791090965271,0.11678029596805573,0.07448146144599657,0.24
4,octanol_gsolv_eV,101,0.32967233657836914,0.009381462819874287,0.6718054455042106,0.9108852680252526,1.8636746406555176,0.26437875628471375,0.1418588580417249,0.22
4,octanol_gsolv_eV,102,0.4342932403087616,0.010286920703947544,0.6520737351873294,0.901419820060636,1.9718458652496338,0.4535670280456543,0.23002154277826029,0.22
4,octanol_gsolv_eV,103,0.4132522642612457,0.007127532735466957,0.6745200214552836,0.9016118991884647,1.3564332723617554,0.363479346036911,0.2679669936170458,0.28
4,octanol_gsolv_eV,104,0.24326162040233612,0.007145602256059647,0.6516656968157737,0.9296966376619622,1.2448549270629883,0.15018002688884735,0.12064058519908835,0.12
4,octanol_gsolv_eV,105,0.2657301127910614,0.01199777889996767,0.662231396149054,0.9208755297577522,2.335484027862549,0.439659982919693,0.1882521899848199,0.22
4,octanol_gsolv_eV,106,0.29409652948379517,0.01434873417019844,0.6641272587649432,0.9041693202008498,2.8398425579071045,0.46827661991119385,0.16489527512972496,0.26
4,octanol_gsolv_eV,107,0.2612641453742981,0.010154413059353828,0.6711833467577348,0.9571351248336422,1.9645434617996216,0.08478402346372604,0.04315711263830202,0.22
4,octanol_gsolv_eV,108,0.5655394792556763,0.004297338426113129,0.6757826968981808,0.9335254180233445,0.730481743812561,0.3877348005771637,0.5307932797245307,0.44
4,octanol_gsolv_eV,109,0.5018644332885742,0.006537937093526125,0.6790502912424812,0.9173996825183097,1.30610191822052,0.39488720893859863,0.30234027178874917,0.3
4,octanol_gsolv_eV,110,0.35033971071243286,0.007808730471879244,0.6695157046904583,0.9515933670768186,1.5219353437423706,0.3923937678337097,0.2578255176523012,0.22
4,octanol_gsolv_eV,111,0.48510316014289856,0.006123296916484833,0.6787971355657874,0.9123923805833494,1.1625127792358398,0.530286431312561,0.45615535655542366,0.34
4,octanol_gsolv_eV,112,0.19703340530395508,0.011587673798203468,0.6677255676832701,0.9715364268495688,2.19770884513855,0.007340193260461092,0.0033399297985709044,0.2
4,octanol_gsolv_eV,113,0.10812404751777649,0.006862062960863113,0.675914611847718,0.9811813622115682,1.302691102027893,0.03813333809375763,0.029272740125725616,0.1
4,octanol_gsolv_eV,114,0.38968026638031006,0.0064675952307879925,0.6730090888966827,0.9253025832238988,1.2019411325454712,0.3871953785419464,0.3221417156445457,0.22
4,octanol_gsolv_eV,115,0.3748108446598053,0.009961387142539024,0.6581780540481252,0.9062636302766525,1.8782589435577393,0.39809727668762207,0.21195015631527284,0.24
4,octanol_gsolv_eV,116,0.1823318898677826,0.009304949082434177,0.6621046000425423,0.9423298254920249,1.8245925903320312,0.031037747859954834,0.017010782584788817,0.06
4,octanol_gsolv_eV,117,0.4413926899433136,0.0031515879090875387,0.6743518305254872,0.9515509298846738,0.520578145980835,0.17701053619384766,0.3400268289409988,0.26
4,octanol_gsolv_eV,118,0.3875476121902466,0.013525988906621933,0.6606340457516522,0.913630970213414,2.5625741481781006,0.2830164134502411,0.11044223389651212,0.28
4,octanol_gsolv_eV,119,0.13080325722694397,0.006699744146317244,0.666255337056834,0.9547010407202425,1.2550567388534546,0.0284004844725132,0.022628845050031918,0.12
4,octanol_gsolv_eV,120,0.19430679082870483,0.008545764721930027,0.6536173878728684,0.9164824691766447,1.539597511291504,0.10089953988790512,0.06553631007318576,0.12
4,octanol_gsolv_eV,121,0.3087084889411926,0.011040939018130302,0.6680934752424097,0.9353784512100534,2.1641390323638916,0.22804339230060577,0.10537372548172827,0.22
4,octanol_gsolv_eV,122,0.4690152108669281,0.005681175272911787,0.6628446983227394,0.919105806786382,0.9969094395637512,0.35104697942733765,0.3521352747757672,0.36
4,octanol_gsolv_eV,123,0.5379496216773987,0.0037975250743329525,0.687851600834094,0.967215985268014,0.6787580251693726,0.26585254073143005,0.39167498706934784,0.4
4,octanol_gsolv_eV,124,0.22063429653644562,0.010638993233442307,0.6732247886536751,0.96139552808527,2.0794055461883545,0.10915648937225342,0.052494083981040766,0.12
4,octanol_gsolv_eV,125,0.12811358273029327,0.008657141588628292,0.671360208853645,0.9421323935900774,1.6569225788116455,0.03841496258974075,0.023184524781654062,0.12
4,octanol_gsolv_eV,126,0.44420120120048523,0.006052750628441572,0.6638501048885479,0.9246545506610551,1.1018284559249878,0.3041565418243408,0.27604709262023974,0.24
4,octanol_gsolv_eV,127,0.25915876030921936,0.00849698856472969,0.6729921156847494,0.9577576291973262,1.6316152811050415,0.09208601713180542,0.05643856011782292,0.22
4,octanol_gsolv_eV,128,0.0930100530385971,0.004914080258458853,0.6682226116777681,0.971394657619816,0.8797421455383301,0.011853549629449844,0.01347389083217838,0.14
4,octanol_gsolv_eV,129,0.15549729764461517,0.004398934077471495,0.6438154605757838,0.9517067740853562,0.7019050717353821,0.004641589242964983,0.006612844713444185,0.12
4,octanol_gsolv_eV,130,0.24856972694396973,0.012253735214471817,0.6741209525413376,0.9446026839101733,2.399768590927124,0.06428433209657669,0.026787721257632242,0.22
4,octanol_gsolv_eV,131,0.2606658339500427,0.009912833571434021,0.6523053287259233,0.9045998179007273,1.8694813251495361,0.3098907172679901,0.1657629381471369,0.12
4,octanol_gsolv_eV,132,0.27301841974258423,0.008054316975176334,0.6703780737935896,0.9245800273285305,1.548427700996399,0.15785737335681915,0.1019468802161311,0.22
4,octanol_gsolv_eV,133,0.2651953399181366,0.007585759274661541,0.6755833362378272,0.9711916014969251,1.4549782276153564,0.12302608042955399,0.08455527243949772,0.24
4,octanol_gsolv_eV,134,0.29614484310150146,0.007230729795992374,0.6404420884063808,0.8967641968096418,1.2272177934646606,0.40656447410583496,0.33128958549242427,0.1
4,octanol_gsolv_eV,135,0.17611554265022278,0.005135910585522652,0.6748952128991763,0.9648558828148699,0.9374500513076782,0.0673191174864769,0.07181088463600953,0.08
4,octanol_gsolv_eV,136,0.2229381948709488,0.004412010312080383,0.6684659994774302,0.9613881798337818,0.7639546394348145,0.05310503765940666,0.06951333877453064,0.2
4,octanol_gsolv_eV,137,0.24513663351535797,0.003821588819846511,0.6714945975726119,0.9573468708787438,0.6653275489807129,0.038668110966682434,0.05811890853748997,0.2
4,octanol_gsolv_eV,138,0.15814228355884552,0.003947949502617121,0.6639732407552303,0.9649893978148967,0.6532013416290283,0.03872622177004814,0.05928680684192757,0.06
4,octanol_gsolv_eV,139,0.1410445272922516,0.00800148956477642,0.6721862851261489,0.9616389528456479,1.51248300075531,0.05231199413537979,0.03458683113083321,0.08
4,octanol_gsolv_eV,140,0.3774677515029907,0.004945921711623669,0.6537144015583374,0.9043568039498031,0.8847882151603699,0.11206765472888947,0.126660428799424,0.14
4,octanol_gsolv_eV,141,0.12379392981529236,0.004430143162608147,0.6567343839884816,0.9637947894867112,0.7626392245292664,0.00735866604372859,0.00964894776854767,0.18
4,octanol_gsolv_eV,142,0.357454389333725,0.006589346099644899,0.6803673939668753,0.9631193458937461,1.2674248218536377,0.0662049651145935,0.05223581231253404,0.34
4,octanol_gsolv_eV,143,0.45324602723121643,0.004907304421067238,0.6780513645250466,0.9552080909838372,0.8987147808074951,0.2710476815700531,0.3015947744027497,0.38
4,octanol_gsolv_eV,144,0.2179776132106781,0.009846494533121586,0.6551512357250697,0.9496653331669147,1.9267510175704956,0.013709315098822117,0.0071152499590261785,0.24
4,octanol_gsolv_eV,145,0.4741189181804657,0.004157382063567638,0.6638367224863009,0.9064071374182228,0.7484477162361145,0.31914591789245605,0.42641043718780536,0.32
4,octanol_gsolv_eV,146,0.256520539522171,0.008837771601974964,0.6709367560813859,0.9674126008211823,1.6982088088989258,0.05915364623069763,0.03483296395632956,0.26
4,octanol_gsolv_eV,147,0.3710383474826813,0.0061784591525793076,0.6722726895213973,0.9304985346116763,1.2036478519439697,0.24721382558345795,0.20538716966444256,0.12
4,octanol_gsolv_eV,148,0.6965262293815613,0.010831426829099655,0.6981706023594441,0.9555995609433441,2.3145830631256104,0.838873565196991,0.3624296654379632,0.56
4,octanol_gsolv_eV,149,0.24345460534095764,0.003765690140426159,0.6612998531369589,0.9413190394371251,0.6150902509689331,0.047216109931468964,0.07676289757005716,0.12
4,octanol_gsolv_eV,150,0.2653321921825409,0.007958807051181793,0.6502221094462095,0.9127939811593717,1.3602389097213745,0.19348806142807007,0.14224564526514194,0.12
4,octanol_gsolv_eV,151,0.3136633038520813,0.008832186460494995,0.672081489284758,0.8896917674991043,1.7268906831741333,0.29223281145095825,0.16922484688713244,0.04
4,octanol_gsolv_eV,152,0.36561569571495056,0.009860149584710598,0.6769866466895516,0.9601128863656414,1.9363030195236206,0.09164467453956604,0.04732971730949061,0.38
4,octanol_gsolv_eV,153,0.7497725486755371,0.002960715675726533,0.7050878359529806,0.909463329805299,0.5733200907707214,0.4957387447357178,0.8646805732366537,0.62
4,octanol_gsolv_eV,154,0.2678053379058838,0.002670434070751071,0.6633314562706634,0.9512510495513506,0.3948630392551422,0.0535208024084568,0.1355426998419929,0.12
4,octanol_gsolv_eV,155,0.2930420935153961,0.004453959874808788,0.6707093541867652,0.951718619437784,0.8068233728408813,0.05005894973874092,0.06204449626004248,0.14
4,octanol_gsolv_eV,156,0.37879008054733276,0.009075124748051167,0.6771100526818348,0.9635742568938175,1.7834579944610596,0.057214781641960144,0.03208081256730119,0.34
4,octanol_gsolv_eV,157,0.2214914709329605,0.005612977314740419,0.6774229755962722,0.9589531655063508,1.0309656858444214,0.01949731446802616,0.01891170068580577,0.16
4,octanol_gsolv_eV,158,0.14231054484844208,0.012576544657349586,0.6837646504624806,0.9540161733092551,2.5889110565185547,0.0203664880245924,0.007866816425891545,0.08
4,octanol_gsolv_eV,159,0.3865971267223358,0.008703729137778282,0.6464068881496587,0.9196394440210485,1.5790547132492065,0.4267789125442505,0.2702749366208289,0.22
4,octanol_gsolv_eV,160,0.631359875202179,0.007822592742741108,0.6667245746423884,0.8942395656095368,1.5994017124176025,0.5318938493728638,0.3325580091876172,0.46
4,octanol_gsolv_eV,161,0.4054129421710968,0.007642683107405901,0.6742623098804628,0.9240931814599684,1.4835615158081055,0.3284440040588379,0.22138886763986482,0.32
4,octanol_gsolv_eV,162,0.35120102763175964,0.005339021794497967,0.6693955260595221,0.9533160803847802,1.015981912612915,0.12192558497190475,0.12000763346104755,0.2
4,octanol_gsolv_eV,163,0.18972724676132202,0.010696091689169407,0.6640177734933337,0.9678452465047371,2.051948070526123,0.004986882209777832,0.00243031599162214,0.22
4,octanol_gsolv_eV,164,0.5719189643859863,0.018200935795903206,0.6625926909079605,0.9306034741674907,3.798555850982666,0.5610659122467041,0.1477050579897514,0.5
4,octanol_gsolv_eV,165,0.3681223392486572,0.003775143064558506,0.6637564167304268,0.9714715030658136,0.6719902753829956,0.08592966943979263,0.1278733823801508,0.4
4,octanol_gsolv_eV,166,0.35070571303367615,0.011002710089087486,0.6630098696887057,0.9024577178946109,2.0871095657348633,0.43002283573150635,0.20603749932030854,0.24
4,octanol_gsolv_eV,167,0.5947482585906982,0.007859257981181145,0.6695968747709655,0.9037782505689933,1.6719181537628174,0.47176533937454224,0.28217011599089803,0.34
4,octanol_gsolv_eV,168,0.568231999874115,0.003228777088224888,0.685480531807527,0.9331919035952239,0.5208126306533813,0.32261374592781067,0.6194430145119141,0.3
4,octanol_gsolv_eV,169,0.27763989567756653,0.010027951560914516,0.6691632863955166,0.9434142212745753,1.9609215259552002,0.10974819958209991,0.05596766526831796,0.24
4,octanol_gsolv_eV,170,0.2665153741836548,0.006092260591685772,0.6751986744401011,0.9776435785316719,1.1310930252075195,0.13426464796066284,0.11870345318063433,0.24
4,octanol_gsolv_eV,171,0.18658125400543213,0.007491623517125845,0.6683062186425976,0.9706732278088583,1.4049931764602661,0.09035909920930862,0.0643128384701191,0.08
4,octanol_gsolv_eV,172,0.29137739539146423,0.008108334615826607,0.662902578473596,0.9545303610703428,1.544582486152649,0.06254071742296219,0.04049037068829057,0.3
4,octanol_gsolv_eV,173,0.20962534844875336,0.012747416272759438,0.67462439498497,0.9704702556589266,2.4948017597198486,0.24416765570640564,0.09787056416611804,0.04
4,octanol_gsolv_eV,174,0.30523088574409485,0.010861069895327091,0.6732828707869658,0.9658130370982894,2.1442317962646484,0.016582263633608818,0.007733428663121167,0.28
4,octanol_gsolv_eV,175,0.1965656280517578,0.008087747730314732,0.6503582385557107,0.9662937792092856,1.538847804069519,0.011561422608792782,0.007513038377296526,0.12
4,octanol_gsolv_eV,176,0.3720061480998993,0.009512663818895817,0.6542133842405999,0.924564413750081,1.7941758632659912,0.2973209023475647,0.1657144700443928,0.32
4,octanol_gsolv_eV,177,0.22135533392429352,0.005149163771420717,0.6642078685236206,0.9459678430533158,0.9187217950820923,0.1109401285648346,0.12075486742417116,0.16
4,octanol_gsolv_eV,178,0.2297649085521698,0.006929261609911919,0.6716409378097075,0.9732684407945791,1.3193331956863403,0.07851652801036835,0.05951228110312397,0.24
4,octanol_gsolv_eV,179,0.23156771063804626,0.006978223565965891,0.6748878024960319,0.9732946755205052,1.327701210975647,0.08642855286598206,0.06509638776518925,0.26
4,octanol_gsolv_eV,180,0.14264902472496033,0.0082679633051157,0.6526315242294718,0.9609405936581938,1.43989896774292,0.006777297239750624,0.004706786650714959,0.12
4,octanol_gsolv_eV,181,0.4463005065917969,0.005137682426720858,0.6648481772819592,0.9019372656882136,0.9207807183265686,0.32050561904907227,0.34808028955206705,0.24
4,octanol_gsolv_eV,182,0.36309880018234253,0.009951603598892689,0.6619121454344945,0.9277556160578722,1.9517619609832764,0.24643360078334808,0.12626211890060482,0.24
4,octanol_gsolv_eV,183,0.31388989090919495,0.009118357673287392,0.6655888792429956,0.925607264947335,1.7565251588821411,0.2145656794309616,0.12215349056970637,0.28
4,octanol_gsolv_eV,184,0.1397949606180191,0.005608213134109974,0.6716311621590991,0.9570190983236899,1.0358306169509888,0.029157012701034546,0.028148436842752773,0.1
4,octanol_gsolv_eV,185,0.41902363300323486,0.0073356120847165585,0.6666735873191953,0.9034446070556064,1.3942015171051025,0.3418355882167816,0.24518377295024288,0.18
4,octanol_gsolv_eV,186,0.38563573360443115,0.007993482053279877,0.6719844520528557,0.911588996393921,1.5297901630401611,0.5196945667266846,0.33971624297406416,0.16
4,octanol_gsolv_eV,187,0.2503451704978943,0.0032343612983822823,0.6698332925932695,0.9450965996062091,0.505035936832428,0.028872212395071983,0.057168629575466916,0.18
4,octanol_gsolv_eV,188,0.25177815556526184,0.007696881890296936,0.6737758735456005,0.963158991881174,1.4775344133377075,0.06921221315860748,0.04684304645213582,0.22
4,octanol_gsolv_eV,189,0.36336907744407654,0.0041452208533883095,0.6627871241751109,0.9261368809283215,0.7167661190032959,0.22607651352882385,0.3154118303515743,0.16
4,octanol_gsolv_eV,190,0.332005113363266,0.005977904424071312,0.6730514368514289,0.9500060402021484,1.1096495389938354,0.22954536974430084,0.20686294336898386,0.16
4,octanol_gsolv_eV,191,0.8764939904212952,0.006756238639354706,0.6883374241458082,0.9497732004582653,1.2997630834579468,2.3737311363220215,1.8262798555617097,0.16
4,octanol_gsolv_eV,192,0.3231216371059418,0.008123365230858326,0.6706462686992762,0.9831709099910275,1.5262717008590698,0.004689603578299284,0.0030725876498003055,0.22
4,octanol_gsolv_eV,193,0.19205759465694427,0.002681206213310361,0.666543444555638,0.9599929486888947,0.4066745340824127,0.1089148297905922,0.267818170705817,0.1
4,octanol_gsolv_eV,194,0.2531105875968933,0.005446170456707478,0.673427609485022,0.9571233438313418,1.0036424398422241,0.03580603376030922,0.035676085764107426,0.2
4,octanol_gsolv_eV,195,0.3165549337863922,0.010572480037808418,0.6743965496382951,0.9506570867502306,2.065181255340576,0.049692027270793915,0.02406182369818141,0.34
4,octanol_gsolv_eV,196,0.3871466815471649,0.004644251428544521,0.6717250117602256,0.906506574518166,0.8430003523826599,0.24602298438549042,0.29184208961494496,0.16
4,octanol_gsolv_eV,197,0.15392574667930603,0.008179300464689732,0.6641811359216436,0.9733379888423683,1.4895824193954468,0.01678367331624031,0.011267368020530234,0.12
4,octanol_gsolv_eV,198,0.4393329918384552,0.0037760345730930567,0.6695402084625315,0.9318287669773193,0.6415532827377319,0.2376869022846222,0.37048661222701434,0.22
4,octanol_gsolv_eV,199,0.18041923642158508,0.008760926313698292,0.6679976699461585,0.9539654859741007,1.6543909311294556,0.017634594812989235,0.010659267094114248,0.18
4,octanol_gsolv_eV,200,0.45878395438194275,0.003685600124299526,0.6765891034503888,0.9511273897821595,0.6065515279769897,0.24798840284347534,0.4088496877925317,0.22
4,octanol_gsolv_eV,201,0.5289749503135681,0.012516300193965435,0.6645495733323221,0.9248175389853073,2.505988836288452,0.23336924612522125,0.0931246152200972,0.34
4,octanol_gsolv_eV,202,0.45680004358291626,0.00643287505954504,0.67195034538332,0.8974599937880177,1.1674935817718506,0.5457622408866882,0.46746487467486575,0.3
4,octanol_gsolv_eV,203,0.46471819281578064,0.010558837093412876,0.6745292971257597,0.904804898962787,2.2206618785858154,0.6064890623092651,0.2731118447872378,0.22
4,octanol_gsolv_eV,204,0.18360519409179688,0.013261290267109871,0.6635091850727699,0.9271446110215524,2.5480077266693115,0.0876445397734642,0.034397281788478264,0.2
4,octanol_gsolv_eV,205,0.40508052706718445,0.006935870740562677,0.6717574648965712,0.8999784687455303,1.3396830558776855,0.29164785146713257,0.21769914173920873,0.34
4,octanol_gsolv_eV,206,0.41913604736328125,0.01382144819945097,0.6743697780318676,0.9715096323181089,2.774158000946045,0.11765815317630768,0.042412203319415774,0.5
4,octanol_gsolv_eV,207,0.21527732908725739,0.003956932574510574,0.6650830410583841,0.9528652982914707,0.6731417179107666,0.08588792383670807,0.12759263250430958,0.16
4,octanol_gsolv_eV,208,0.21947596967220306,0.00939106848090887,0.6722019846183716,0.9618374331416759,1.8152199983596802,0.03214333951473236,0.01770768256397496,0.2
4,octanol_gsolv_eV,209,0.32411903142929077,0.0031812817323952913,0.6638338609545813,0.9351791334508359,0.514214813709259,0.1877865046262741,0.3651907716770875,0.2
4,octanol_gsolv_eV,210,0.28896015882492065,0.004775301553308964,0.6622891282632908,0.9350975432666715,0.8474685549736023,0.17299717664718628,0.20413403616205553,0.14
4,octanol_gsolv_eV,211,0.4204154312610626,0.003328875172883272,0.6642321394301871,0.949234136645289,0.5767151117324829,0.11237771064043045,0.19485827292238247,0.32
4,octanol_gsolv_eV,212,0.33631715178489685,0.00908768642693758,0.6725312511323609,0.9390304200817892,1.7738522291183472,0.19713091850280762,0.11113153354424965,0.3
4,octanol_gsolv_eV,213,0.29364192485809326,0.006454204674810171,0.6781571229245076,0.9088428862588487,1.2264659404754639,0.31176015734672546,0.25419389732573044,0.04
4,octanol_gsolv_eV,214,0.1111006960272789,0.004487146623432636,0.6424187789650855,0.9753671944223683,0.7409425377845764,0.007492755074054003,0.010112464451639387,0.16
4,octanol_gsolv_eV,215,0.272088885307312,0.006987841334193945,0.6717697764914707,0.9726727979558636,1.3179447650909424,0.1242879256606102,0.09430435095057564,0.22
4,octanol_gsolv_eV,216,0.566034197807312,0.006596030201762915,0.6827451820729895,0.9311073673672761,1.3038749694824219,0.3972579538822174,0.304674883083238,0.44
4,octanol_gsolv_eV,217,0.5030888319015503,0.019868846982717514,0.6556056241734929,0.9305988963851897,4.033802509307861,0.5730368494987488,0.14205872701414754,0.46
4,octanol_gsolv_eV,218,0.14861616492271423,0.006298622582107782,0.6624066775115425,0.9711987026090025,1.1261403560638428,0.0033433837816119194,0.0029688872826633497,0.26
4,octanol_gsolv_eV,219,0.09972209483385086,0.012256855145096779,0.6650057679336703,0.9615308936999793,2.3260440826416016,0.008810732513666153,0.0037878613648887225,0.1
4,octanol_gsolv_eV,220,0.23677170276641846,0.004679548088461161,0.6719713569935233,0.9326982370580088,0.8375594019889832,0.0555771104991436,0.06635602247095858,0.22
4,octanol_gsolv_eV,221,0.13598783314228058,0.006547039840370417,0.6719382915035428,0.9703226488759968,1.2276915311813354,0.015395143069326878,0.012539911434033463,0.08
4,octanol_gsolv_eV,222,0.3170185387134552,0.00731669832020998,0.6793097231913368,0.9491287857259512,1.4179227352142334,0.08802660554647446,0.06208138381614606,0.26
4,octanol_gsolv_eV,223,0.2095591127872467,0.004585135728120804,0.6699430723705728,0.9666148298475161,0.804810643196106,0.024461358785629272,0.030393930538104033,0.22
4,octanol_gsolv_eV,224,0.3528822958469391,0.005150537472218275,0.6808149843106273,0.977139432113262,0.9587246179580688,0.11860594153404236,0.12371221027645475,0.24
4,octanol_gsolv_eV,225,0.4940383732318878,0.004231809172779322,0.6776991992193695,0.9163645868346095,0.7599492073059082,0.20790071785449982,0.27357185961352276,0.36
4,octanol_gsolv_eV,226,0.2119104415178299,0.004715155344456434,0.6670759825179915,0.9594696965341563,0.7573226690292358,0.042201776057481766,0.055724960817002296,0.14
4,octanol_gsolv_eV,227,0.48888543248176575,0.006841576192528009,0.6620155465126427,0.9250747227782303,1.3810244798660278,0.37629592418670654,0.2724759261495573,0.34
4,octanol_gsolv_eV,228,0.18054476380348206,0.012528613209724426,0.6693769473845868,0.9649982638184587,2.374476909637451,0.005249890964478254,0.002210967368505528,0.24
4,octanol_gsolv_eV,229,0.5508258938789368,0.0069734989665448666,0.6857805583828613,0.9280469080314946,1.3440383672714233,0.6659998297691345,0.49552144193710984,0.28
4,octanol_gsolv_eV,230,0.23940439522266388,0.01328663807362318,0.6666849969704518,0.9213702577330252,2.5765557289123535,0.24354363977909088,0.09452294667885892,0.08
4,octanol_gsolv_eV,231,0.14750652015209198,0.0141012417152524,0.6543852601865427,0.9348732904510155,2.7314836978912354,0.1290401816368103,0.047241790875937544,0.06
4,octanol_gsolv_eV,232,0.24256794154644012,0.008044408634305,0.6739233645142746,0.9686562708796158,1.5361312627792358,0.08584848791360855,0.05588616675783794,0.24
4,octanol_gsolv_eV,233,0.13372796773910522,0.01164795458316803,0.6733027438416892,0.9701623238550281,2.275841474533081,0.0092814015224576,0.00407822848221966,0.1
4,octanol_gsolv_eV,234,0.18162596225738525,0.004098253324627876,0.670738366100228,0.9666897543999973,0.7023319602012634,0.050650808960199356,0.07211804649425982,0.2
4,octanol_gsolv_eV,235,0.40353280305862427,0.009994510561227798,0.6607936366059566,0.9058804971669359,1.9330717325210571,0.42093902826309204,0.21775654838949787,0.16
4,octanol_gsolv_eV,236,0.4696323573589325,0.007889879867434502,0.68396879693185,0.9294376821429902,1.569563627243042,0.4320957362651825,0.2752967313750536,0.34
4,octanol_gsolv_eV,237,0.2864658236503601,0.014517291449010372,0.6587543061134435,0.9011525287680848,2.8620073795318604,0.33533209562301636,0.11716674737500739,0.06
4,octanol_gsolv_eV,238,0.1611853837966919,0.005453080404549837,0.6577449493132166,0.9691665821652298,0.9765139818191528,0.10262409597635269,0.10509229554007384,0.22
4,octanol_gsolv_eV,239,0.24974484741687775,0.008410785347223282,0.6760794496121509,0.9516176243992727,1.6191781759262085,0.13198871910572052,0.08151587087086314,0.1
4,octanol_gsolv_eV,240,0.3153768479824066,0.0091268140822649,0.6661740499851567,0.9264535950091435,1.7484207153320312,0.18938729166984558,0.1083190618877335,0.24
4,octanol_gsolv_eV,241,0.44858643412590027,0.005097910761833191,0.6474698608965017,0.8895468528538186,0.9307403564453125,0.37940749526023865,0.4076405332946702,0.18
4,octanol_gsolv_eV,242,0.1342046707868576,0.011160542257130146,0.6613060660253576,0.954281911031559,2.180755376815796,0.02180332876741886,0.009998062597582465,0.06
4,octanol_gsolv_eV,243,0.40951254963874817,0.004025067202746868,0.6684132822383855,0.9328163710772581,0.6648791432380676,0.220750629901886,0.3320161748897629,0.22
4,octanol_gsolv_eV,244,0.27023234963417053,0.010630939155817032,0.6776848760696497,0.9754477796055452,2.0865020751953125,0.03566998243331909,0.017095589243533396,0.34
4,octanol_gsolv_eV,245,0.14866088330745697,0.003365563927218318,0.6680058483740186,0.9587110947638973,0.5604318380355835,0.052604809403419495,0.09386477682604366,0.12
4,octanol_gsolv_eV,246,0.4537835121154785,0.006661211606115103,0.6420408876834585,0.9184622362265666,1.1089597940444946,0.3562113046646118,0.32121210036431636,0.32
4,octanol_gsolv_eV,247,0.4407065510749817,0.009971010498702526,0.6674035391235258,0.9223220221321353,1.9393612146377563,0.22368982434272766,0.11534201192350316,0.32
4,octanol_gsolv_eV,248,0.2782977819442749,0.007569612469524145,0.664745057593173,0.9328584821320458,1.4840762615203857,0.3608081638813019,0.24311969218594345,0.12
4,octanol_gsolv_eV,249,0.17074249684810638,0.004024349618703127,0.6574872890315786,0.9763284288418408,0.6765211820602417,0.030984649434685707,0.045799969396858646,0.16
4,octanol_hl_gap_eV,0,0.22000984847545624,0.0012832259526476264,0.6287410367061506,0.9866397580145194,0.25315308570861816,0.00017934433708433062,0.0007084422320285592,0.12
4,octanol_hl_gap_eV,1,0.20620375871658325,0.0013467359822243452,0.6574432211022565,0.9788101139976622,0.2381066381931305,0.0015113851986825466,0.0063475139128907785,0.28
4,octanol_hl_gap_eV,2,0.14572614431381226,0.0016963585512712598,0.636648051141067,0.9114477102964353,0.3188084363937378,0.09346999228000641,0.2931854418198903,0.1
4,octanol_hl_gap_eV,3,0.010931870900094509,0.00296412012539804,0.6446402427871789,0.9724297200983483,0.5386298298835754,0.003546004882082343,0.006583380060567403,0.06
4,octanol_hl_gap_eV,4,0.14256179332733154,0.0008891871548257768,0.6591317325674098,0.9598999615166752,0.3204190135002136,0.0012776313815265894,0.0039873769273861695,0.2
4,octanol_hl_gap_eV,5,0.05764807015657425,0.002343492116779089,0.6513394139406656,0.9652569021877941,0.36285915970802307,0.022733058780431747,0.0626498137699598,0.1
4,octanol_hl_gap_eV,6,0.1471053510904312,0.00086398416897282,0.6881722622543451,0.9563719765308971,0.1900830715894699,0.0038802213966846466,0.0204132928000286,0.14
4,octanol_hl_gap_eV,7,0.04887619614601135,0.0013950930442661047,0.6495629532629532,0.9631503616649895,0.2334192991256714,0.04488063603639603,0.19227474422426652,0.04
4,octanol_hl_gap_eV,8,0.2601802349090576,0.0014907041331753135,0.6435048858862047,0.9730569501394526,0.2562079429626465,0.0033691199496388435,0.013149943404096727,0.16
4,octanol_hl_gap_eV,9,0.09654610604047775,0.0011980957351624966,0.6402823345802247,0.9540141314122841,0.26575523614883423,0.002960219979286194,0.011138896159428237,0.1
4,octanol_hl_gap_eV,10,0.3552503287792206,0.0011272025294601917,0.6764273847802134,0.9058594710618295,0.2647607624530792,0.07494363188743591,0.2830617014132424,0.22
4,octanol_hl_gap_eV,11,0.17299601435661316,0.0008894712664186954,0.6673065550906045,0.9694437792264394,0.27510568499565125,0.000748069491237402,0.002719207679220541,0.22
4,octanol_hl_gap_eV,12,0.27056166529655457,0.0008675873978063464,0.6874137064468471,0.96020055079132,0.2761646509170532,0.01438700221478939,0.05209574131596793,0.24
4,octanol_hl_gap_eV,13,0.12288889288902283,0.0013406063662841916,0.6601361206856688,0.9636778469822784,0.38614875078201294,0.0004944690153934062,0.001280514346846979,0.2
4,octanol_hl_gap_eV,14,0.03836464509367943,0.0015352366026490927,0.6623211552202497,0.972204398827901,0.31149667501449585,0.0011219457956030965,0.003601790598730742,0.08
4,octanol_hl_gap_eV,15,0.42655184864997864,0.0017495607025921345,0.6515225448516702,0.9902287908506531,0.3071610629558563,0.010325117968022823,0.03361467065083929,0.34
4,octanol_hl_gap_eV,16,0.10236096382141113,0.0013852837728336453,0.6279485460351708,0.9674815979961031,0.3999062478542328,0.0004712645022664219,0.0011784374582669672,0.08
4,octanol_hl_gap_eV,17,0.22752834856510162,0.0006654341705143452,0.6793704941692917,0.968673822533743,0.31270670890808105,0.0003734247584361583,0.0011941693215988054,0.26
4,octanol_hl_gap_eV,18,0.11265585571527481,0.0007456436869688332,0.6568101481801127,0.9737684570105445,0.30366936326026917,0.000821767607703805,0.0027061261593237635,0.24
4,octanol_hl_gap_eV,19,0.028030233457684517,0.0006156492163427174,0.6360099098122163,0.9536878015060022,0.2601817548274994,0.0005674486747011542,0.002180970280092749,0.04
4,octanol_hl_gap_eV,20,0.13792459666728973,0.0009226871188730001,0.6560074027503997,0.9556821522939101,0.25748172402381897,0.0058393036015331745,0.022678516790547026,0.1
4,octanol_hl_gap_eV,21,0.08624117821455002,0.0024299093056470156,0.6278767381182573,0.9042737853825256,0.434666246175766,0.05548609793186188,0.1276521892832345,0.12
4,octanol_hl_gap_eV,22,0.08077605813741684,0.0013961559161543846,0.6398116514595231,0.9652360126236275,0.3348424732685089,0.00028844072949141264,0.0008614221686868054,0.04
4,octanol_hl_gap_eV,23,0.07889790087938309,0.0009261929080821574,0.6923143568703574,0.9702072921562415,0.32083961367607117,0.0005770660936832428,0.0017986123567205925,0.24
4,octanol_hl_gap_eV,24,0.056398678570985794,0.0015292091993615031,0.6333047266688174,0.9723006247445614,0.27447789907455444,0.00045319562195800245,0.0016511188095144382,0.04
4,octanol_hl_gap_eV,25,0.14301544427871704,0.00080352951772511,0.6456877858581807,0.9336107639158227,0.2925983667373657,0.0053823865018785,0.018395135153675322,0.02
4,octanol_hl_gap_eV,26,-0.01717344857752323,0.0009412905783392489,0.630594601727807,0.976495260749362,0.23092766106128693,0.002262374386191368,0.009796896464434143,0.04
4,octanol_hl_gap_eV,27,0.034776125103235245,0.0008761155186221004,0.666913777696033,0.9706468339637493,0.3207114040851593,0.0010039899498224258,0.0031305090403203556,0.06
4,octanol_hl_gap_eV,28,0.14778229594230652,0.0015079266158863902,0.6587097163550155,0.9546956979129317,0.2933388352394104,0.0022802504245191813,0.0077734351902575055,0.28
4,octanol_hl_gap_eV,29,0.8907413482666016,0.0018009491031989455,0.6421827768918658,0.972986201481469,0.5373033285140991,0.0010271229548379779,0.0019116258923585388,0.06
4,octanol_hl_gap_eV,30,0.11774954199790955,0.0009786875452846289,0.6833558323856801,0.9341004647811495,0.2969248592853546,0.02065499871969223,0.0695630496193722,0.22
4,octanol_hl_gap_eV,31,0.29065248370170593,0.0005643616896122694,0.6729095863892041,0.9395678604455948,0.28236815333366394,0.02083568088710308,0.07378906098692486,0.24
4,octanol_hl_gap_eV,32,0.05345747247338295,0.0016587205464020371,0.6421129613360104,0.9625992870566207,0.40505701303482056,0.0017019480001181364,0.004201749248498579,0.1
4,octanol_hl_gap_eV,33,0.036238133907318115,0.0005698352470062673,0.6580780584501378,0.9754058565253216,0.2728819251060486,0.00036117073614150286,0.0013235421730521107,0.04
4,octanol_hl_gap_eV,34,0.09324432909488678,0.0020859690848737955,0.6535951079517195,0.964911670746815,0.2448650449514389,0.008042237721383572,0.03284355152846945,0.08
4,octanol_hl_gap_eV,35,0.3102673590183258,0.0016346113989129663,0.6404410456337299,0.943102161148462,0.11071543395519257,0.18740923702716827,1.692711037044883,0.22
4,octanol_hl_gap_eV,36,0.13656480610370636,0.0016744922613725066,0.6618675922360358,0.9756436693883053,0.22473423182964325,0.002547695068642497,0.011336479751663926,0.18
4,octanol_hl_gap_eV,37,0.13207706809043884,0.0007552685565315187,0.6626918867431382,0.963270804338455,0.3181351125240326,0.00046478063450194895,0.0014609535892296027,0.12
4,octanol_hl_gap_eV,38,0.08772572129964828,0.0018023231532424688,0.6579518125197443,0.976139006445822,0.45440128445625305,0.0015150221297517419,0.0033341061779009976,0.02
4,octanol_hl_gap_eV,39,0.12534940242767334,0.0009308144217357039,0.667361433721601,0.9628782642321487,0.26205068826675415,0.0003496822318993509,0.0013344068440048985,0.18
4,octanol_hl_gap_eV,40,0.2731778919696808,0.000549041316844523,0.6874933665373044,0.9376644959977807,0.2593088150024414,0.007728717755526304,0.029805071437519537,0.2
4,octanol_hl_gap_eV,41,0.24079200625419617,0.0016590537270531058,0.6478537096000776,0.9381111153756467,0.13594624400138855,0.011974894441664219,0.08808551151690448,0.44
4,octanol_hl_gap_eV,42,0.045395318418741226,0.0008886884315870702,0.65546535097983,0.954953823516969,0.28195515275001526,0.0017815598985180259,0.006318593156187423,0.02
4,octanol_hl_gap_eV,43,0.23727145791053772,0.0022563799284398556,0.6509155843656771,0.9882829131305579,0.49098730087280273,0.018936283886432648,0.038567767135261125,0.1
4,octanol_hl_gap_eV,44,0.018763812258839607,0.0012532266555354,0.6498144395718233,0.9760977552726382,0.21938848495483398,0.0012918137945234776,0.005888247939673891,0.02
4,octanol_hl_gap_eV,45,0.04187823086977005,0.002202922012656927,0.6375447440050899,0.9762601935787905,0.4216699004173279,0.0008844170370139182,0.00209741562330773,0.1
4,octanol_hl_gap_eV,46,0.1521110087633133,0.0007432919228449464,0.6597751516510642,0.954576673216287,0.253052294254303,0.009872892871499062,0.039015227665066626,0.06
4,octanol_hl_gap_eV,47,0.5931688547134399,0.0023800451308488846,0.6395916046080903,0.9269089356264373,0.4117719829082489,0.15588891506195068,0.3785806745785467,0.42
4,octanol_hl_gap_eV,48,0.06285715848207474,0.001516393618658185,0.6720469229096295,0.9655894899073274,0.36619192361831665,0.0019637097138911486,0.00536251508358751,0.06
4,octanol_hl_gap_eV,49,0.10195913165807724,0.0014491607435047626,0.6552134064304118,0.9692201556701738,0.32370659708976746,0.0009812217904254794,0.0030312072699382633,0.28
4,octanol_hl_gap_eV,50,0.015231539495289326,0.0008823077660053968,0.636127249618065,0.9671050758223068,0.2797648310661316,0.00045958420378156006,0.0016427518856825941,0.04
4,octanol_hl_gap_eV,51,0.04085998982191086,0.0005362904630601406,0.66606281773181,0.9725059858661651,0.2687176465988159,0.00045849531306885183,0.0017062344764925913,0.02
4,octanol_hl_gap_eV,52,0.13376256823539734,0.0018746020505204797,0.677473115716247,0.9645756763356377,0.46311137080192566,0.0019313315860927105,0.004170339378081795,0.06
4,octanol_hl_gap_eV,53,0.2123088538646698,0.0010009048273786902,0.6611791969769778,0.9224877390486499,0.34353992342948914,0.022319458425045013,0.0649690382481151,0.24
4,octanol_hl_gap_eV,54,0.0216143149882555,0.0007141228998079896,0.6255250840877233,0.9723516700720642,0.25866395235061646,0.0010076381731778383,0.0038955492793676743,0.08
4,octanol_hl_gap_eV,55,0.11734302341938019,0.00129229505546391,0.6698485929192486,0.9639072237065327,0.3282177150249481,0.0011173553066328168,0.0034043113929663597,0.24
4,octanol_hl_gap_eV,56,0.008414315059781075,0.0010104923276230693,0.6452987198019091,0.9553694612006416,0.2851097285747528,0.006882738787680864,0.024140666199246447,0.02
4,octanol_hl_gap_eV,57,0.14334219694137573,0.0007719754939898849,0.6374018186129791,0.9805837085323363,0.30168429017066956,0.00016953363956417888,0.0005619571356144196,0.22
4,octanol_hl_gap_eV,58,0.035137709230184555,0.000651405134703964,0.6719901455235266,0.9682806470826217,0.2969892919063568,0.0006352092605084181,0.002138828832619005,0.12
4,octanol_hl_gap_eV,59,-0.033393967896699905,0.0014119469560682774,0.6584220276562283,0.9801120162377945,0.1447872519493103,0.005055761896073818,0.03491855690336487,0.04
4,octanol_hl_gap_eV,60,0.0609666183590889,0.000896757876034826,0.65162061781182,0.9664940331832113,0.254499614238739,0.0007045435486361384,0.0027683481986547362,0.04
4,octanol_hl_gap_eV,61,0.08540546894073486,0.0014665084891021252,0.636121751742845,0.9624672025403045,0.36258676648139954,0.0017541900742799044,0.004837987032187765,0.16
4,octanol_hl_gap_eV,62,0.01857946440577507,0.0010984732070937753,0.6785972024097571,0.953874631892454,0.3172013759613037,0.0033808965235948563,0.010658517836969602,0.02
4,octanol_hl_gap_eV,63,0.05740971863269806,0.0010627919109538198,0.6428675480374331,0.9666257205032232,0.2263270616531372,0.00032038718927651644,0.001415593817797773,0.08
4,octanol_hl_gap_eV,64,0.21534262597560883,0.0007111559971235693,0.6633867444343133,0.9683829507697079,0.2565891444683075,0.0008580685243941844,0.0033441341650374003,0.14
4,octanol_hl_gap_eV,65,0.07404232025146484,0.0012940149754285812,0.6568349836994802,0.9779448749706432,0.3134600520133972,0.0004026790848001838,0.0012846264849818035,0.22
4,octanol_hl_gap_eV,66,0.08733244240283966,0.0007589085726067424,0.6706649883965141,0.9800600283077434,0.2472168207168579,0.00053722586017102,0.0021730959026704535,0.1
4,octanol_hl_gap_eV,67,-0.006251009646803141,0.0017622832674533129,0.6437737348334291,0.9372757944089021,0.17969508469104767,0.03826585412025452,0.2129488081771716,0.1
4,octanol_hl_gap_eV,68,0.19465747475624084,0.0010468027321621776,0.6760803755093572,0.9547499396860761,0.3264254927635193,0.0021683492232114077,0.006642707972512061,0.16
4,octanol_hl_gap_eV,69,0.12270888686180115,0.0013280095299705863,0.6549985446629241,0.9917045962242472,0.3192707300186157,0.00018746852583717555,0.0005871773019288202,0.02
4,octanol_hl_gap_eV,70,0.15286892652511597,0.0010371230309829116,0.656093387957646,0.9844270735535328,0.296578973531723,0.0005018878728151321,0.0016922570971183452,0.04
4,octanol_hl_gap_eV,71,0.17140008509159088,0.0008544701850041747,0.6716276673062245,0.9832574647210426,0.3183317184448242,0.0007860246696509421,0.002469199970053195,0.06
4,octanol_hl_gap_eV,72,0.16154471039772034,0.0013430783292278647,0.6428786447038191,0.9653170279003598,0.25196197628974915,0.0004267009790055454,0.0016935133836021802,0.08
4,octanol_hl_gap_eV,73,0.07355964183807373,0.0016545580001547933,0.6463700855519914,0.9682633339428279,0.3369807004928589,0.0013354424154385924,0.003962964091075276,0.06
4,octanol_hl_gap_eV,74,0.1759072095155716,0.0025562732480466366,0.6353629661992244,0.9052304596501963,0.4858173727989197,0.08391737192869186,0.17273439902987034,0.06
4,octanol_hl_gap_eV,75,0.09183945506811142,0.000752755266148597,0.6932932572416839,0.9665157596792127,0.28309109807014465,0.0006298803491517901,0.0022250093819471415,0.14
4,octanol_hl_gap_eV,76,0.4794825613498688,0.0017034787451848388,0.6440900965021119,0.9448184006839089,0.28702324628829956,0.1491793990135193,0.5197467485392334,0.32
4,octanol_hl_gap_eV,77,0.09661566466093063,0.0011848944704979658,0.6635736389699836,0.9890340580815744,0.26732367277145386,0.00031752840732224286,0.0011878050455849869,0.02
4,octanol_hl_gap_eV,78,0.16638615727424622,0.000995168462395668,0.6229397179772929,0.9484952902031147,0.2829928696155548,0.016018705442547798,0.05660462563706702,0.08
4,octanol_hl_gap_eV,79,0.12218859046697617,0.0007577491924166679,0.6531237596695763,0.9611847716308537,0.24649567902088165,0.0007660653791390359,0.003107824778843849,0.06
4,octanol_hl_gap_eV,80,0.2896901071071625,0.0010205984581261873,0.6540154454423106,0.8974544284635906,0.27765321731567383,0.06503872573375702,0.23424445199139246,0.14
4,octanol_hl_gap_eV,81,0.10120135545730591,0.002322153886780143,0.6907946342167748,0.9307423290134107,0.575981855392456,0.03911107778549194,0.06790331573699118,0.08
4,octanol_hl_gap_eV,82,0.16924595832824707,0.0016209776513278484,0.6437578992355211,0.9577017407482056,0.36772727966308594,0.015977198258042336,0.04344849876974247,0.06
4,octanol_hl_gap_eV,83,0.04998886212706566,0.0009119360474869609,0.6651530478191987,0.9751640584321091,0.3674987256526947,0.0012513907859101892,0.0034051568034356074,0.02
4,octanol_hl_gap_eV,84,0.8587291836738586,0.0004988039145246148,0.7360647841154824,0.9453996158323241,0.2812425494194031,0.11506504565477371,0.40913100059828755,0.84
4,octanol_hl_gap_eV,85,0.1037917360663414,0.000967087980825454,0.6712667850054523,0.9661169754109418,0.261600136756897,0.0003951143880840391,0.00151037531165825,0.18
4,octanol_hl_gap_eV,86,0.21773281693458557,0.001385703682899475,0.654952404789926,0.9541232707573322,0.30935630202293396,0.012075087055563927,0.03903294349138149,0.18
4,octanol_hl_gap_eV,87,0.09981699287891388,0.0008852817700244486,0.640514941836315,0.9773428953739549,0.28630268573760986,0.0003677389759104699,0.001284441237297699,0.18
4,octanol_hl_gap_eV,88,0.03185216709971428,0.0005773192388005555,0.6569779623968257,0.9646004088838076,0.27461159229278564,0.00035722769098356366,0.001300847090980392,0.06
4,octanol_hl_gap_eV,89,0.03775082901120186,0.0014394806930795312,0.6586204217507949,0.9641355113815122,0.37135621905326843,0.0029822604265064,0.00803072703106829,0.06
4,octanol_hl_gap_eV,90,0.07243257015943527,0.0005807921988889575,0.6673023604737605,0.9566333006713303,0.28260430693626404,0.00025366313639096916,0.0008975911908100466,0.14
4,octanol_hl_gap_eV,91,0.08239644765853882,0.0007608336745761335,0.6570209032413765,0.9686918155136401,0.26011306047439575,0.0005166315822862089,0.0019861808605226247,0.06
4,octanol_hl_gap_eV,92,0.30590689182281494,0.001484791631810367,0.6526912565246685,0.9755268859375805,0.10693763196468353,0.026187840849161148,0.24488891672680538,0.42
4,octanol_hl_gap_eV,93,-0.04589499905705452,0.001693899161182344,0.6567779803103679,0.9421543078998491,0.05374261736869812,0.03617238625884056,0.6730670746957111,0.1
4,octanol_hl_gap_eV,94,0.4318457841873169,0.0006866994663141668,0.6824319952899045,0.9318646709270799,0.29568618535995483,0.04164581000804901,0.140844625383331,0.18
4,octanol_hl_gap_eV,95,0.0573529489338398,0.0006955130374990404,0.6449039652782003,0.9344661265039866,0.24638576805591583,0.010351303033530712,0.042012585041768906,0.16
4,octanol_hl_gap_eV,96,0.08663270622491837,0.000799996021669358,0.67350532030824,0.9600293890279497,0.32510074973106384,0.000833979167509824,0.0025652945070096717,0.14
4,octanol_hl_gap_eV,97,0.3573231101036072,0.0006926765199750662,0.6514067865665827,0.9260034951265106,0.2720252275466919,0.04325316473841667,0.15900424063055865,0.14
4,octanol_hl_gap_eV,98,0.0728750079870224,0.0020286471117287874,0.6569656421192349,0.9772843151957649,0.3304443955421448,0.007445007096976042,0.022530287084340964,0.02
4,octanol_hl_gap_eV,99,0.19288992881774902,0.0009632747387513518,0.6682414325771824,0.966502680613446,0.3149822950363159,0.0003112322010565549,0.0009880942705705771,0.22
4,octanol_hl_gap_eV,100,0.12629711627960205,0.0008095888188108802,0.6699491450446045,0.9789776653940505,0.28315097093582153,0.00033786275889724493,0.0011932247937579004,0.18
4,octanol_hl_gap_eV,101,0.06702697277069092,0.0015556411817669868,0.6377679065221586,0.9827807559974384,0.3198370933532715,0.0003066471836064011,0.0009587605377206775,0.26
4,octanol_hl_gap_eV,102,0.028269382193684578,0.0019369005458429456,0.6240817250623953,0.9708654157124998,0.3347909152507782,0.0006301160319708288,0.001882118072107287,0.02
4,octanol_hl_gap_eV,103,0.44233617186546326,0.0007168823503889143,0.6657407867631837,0.9153904817390743,0.23967105150222778,0.05089426413178444,0.2123504854373761,0.24
4,octanol_hl_gap_eV,104,0.18358762562274933,0.0011231325333938003,0.6676763911897938,0.9862813960009125,0.2673870325088501,0.0006861662259325385,0.002566191110669615,0.04
4,octanol_hl_gap_eV,105,0.2182004153728485,0.0014717156300321221,0.6417615421342275,0.9242039356749623,0.3091573715209961,0.04975175857543945,0.16092696845839438,0.16
4,octanol_hl_gap_eV,106,0.12630967795848846,0.0010789195075631142,0.6766616920927855,0.9684325387036528,0.3178293704986572,0.00042088775080628693,0.001324256943736624,0.26
4,octanol_hl_gap_eV,107,0.1368982046842575,0.0014415645273402333,0.6210277585565644,0.9801153579950981,0.2661053538322449,0.002499352442100644,0.009392341815400895,0.02
4,octanol_hl_gap_eV,108,0.06305307149887085,0.0012894024839624763,0.6327500697267887,0.9624067831856686,0.24163870513439178,0.000641137536149472,0.0026532899015200883,0.02
4,octanol_hl_gap_eV,109,0.07448089867830276,0.0025168173015117645,0.650341585093045,0.9605793329980554,0.5129554867744446,0.007299342658370733,0.014229972866203849,0.04
4,octanol_hl_gap_eV,110,0.14038877189159393,0.0015649910783395171,0.6554296935912394,0.9725595550176747,0.060382574796676636,0.05744006857275963,0.9512689507887803,0.16
4,octanol_hl_gap_eV,111,0.18729998171329498,0.0018040741560980678,0.6383029634324613,0.9451939267792016,0.3242950141429901,0.03699282184243202,0.11407150967211888,0.14
4,octanol_hl_gap_eV,112,0.09931415319442749,0.0013616365613415837,0.6395807427691265,0.9023301729858035,0.3235073387622833,0.051605358719825745,0.15951835564925443,0.12
4,octanol_hl_gap_eV,113,0.04660892114043236,0.0009682415402494371,0.652163968061553,0.9686326460683885,0.30647459626197815,0.0005757063627243042,0.0018784798797228319,0.04
4,octanol_hl_gap_eV,114,0.040963880717754364,0.0009588430402800441,0.6567830260401206,0.9819436376685045,0.2319474220275879,0.00023494205379392952,0.0010129108215136164,0.1
4,octanol_hl_gap_eV,115,0.30833956599235535,0.0006956486031413078,0.6472577944147258,0.9139340394106659,0.2895016670227051,0.027797577902674675,0.09601871446389482,0.28
4,octanol_hl_gap_eV,116,0.13646849989891052,0.0010486394166946411,0.6633618921865512,0.9480876678606145,0.32270893454551697,0.004820062313228846,0.014936253066612858,0.18
4,octanol_hl_gap_eV,117,0.0859718918800354,0.002161346608772874,0.6334740055182051,0.9811843838916547,0.4085485339164734,0.007841218262910843,0.01919286844023765,0.04
4,octanol_hl_gap_eV,118,0.09120312333106995,0.0020068830344825983,0.6334625194497709,0.9614037007963832,0.4231266379356384,0.0006810001214034855,0.0016094475278747922,0.16
4,octanol_hl_gap_eV,119,0.050995927304029465,0.0008691135444678366,0.6638679441339923,0.9781007040768208,0.3234250247478485,0.00045574590330943465,0.0014091238105794297,0.04
4,octanol_hl_gap_eV,120,0.14444510638713837,0.0014196044066920877,0.6624150437281973,0.9635468024477287,0.2860759496688843,0.0013003727653995156,0.004545550812309175,0.08
4,octanol_hl_gap_eV,121,0.19052089750766754,0.0012894789688289165,0.6601535940093362,0.9303391876483915,0.33994925022125244,0.01713128760457039,0.05039366197578218,0.14
4,octanol_hl_gap_eV,122,0.031207019463181496,0.000835191342048347,0.6671688108869871,0.9695478990557043,0.290206640958786,0.0002142820303561166,0.0007383774184083819,0.06
4,octanol_hl_gap_eV,123,0.0860949158668518,0.0017183214658871293,0.6692337990955439,0.9762802283934884,0.2264816015958786,0.0024736691266298294,0.010922163695414471,0.06
4,octanol_hl_gap_eV,124,0.14096157252788544,0.0012623377842828631,0.6529305925832534,0.9859629930275411,0.2616628408432007,0.002379434648901224,0.009093513779922159,0.04
4,octanol_hl_gap_eV,125,0.028740879148244858,0.0007882392383180559,0.6470782761698621,0.9436952457180314,0.24739034473896027,0.0013300622813403606,0.005376371025085102,0.06
4,octanol_hl_gap_eV,126,0.09993743896484375,0.0013562506064772606,0.6301581827520171,0.9764510278699507,0.2701282799243927,0.0015290755545720458,0.005660553404478883,0.04
4,octanol_hl_gap_eV,127,0.18403923511505127,0.0010824507335200906,0.6661199956620238,0.9518140215037574,0.2606859803199768,0.005291995592415333,0.02030026925851447,0.22
4,octanol_hl_gap_eV,128,0.03644823655486107,0.0006996552110649645,0.6751845605164815,0.9770813724588296,0.31017404794692993,0.00020013323228340596,0.0006452288113983291,0.04
4,octanol_hl_gap_eV,129,0.1534755527973175,0.0017169872298836708,0.6392348715961016,0.9641600302991582,0.411965012550354,0.0013092545559629798,0.003178072205350087,0.12
4,octanol_hl_gap_eV,130,0.20378203690052032,0.0006414453964680433,0.6742461593815632,0.9548386974535819,0.26132655143737793,0.013250776566565037,0.05070581804138008,0.22
4,octanol_hl_gap_eV,131,0.025751719251275063,0.0015412889188155532,0.634465362251329,0.967800154764886,0.2861289083957672,0.00037605452234856784,0.0013142835670012674,0.04
4,octanol_hl_gap_eV,132,0.014672781340777874,0.0013565982226282358,0.6545955537814094,0.9797050752155163,0.23907993733882904,0.0011419538641348481,0.004776452080612885,0.0
4,octanol_hl_gap_eV,133,0.09952563047409058,0.0014613732928410172,0.6611730247146372,0.9662820577933817,0.3867037892341614,0.0015010794159024954,0.0038817292658943777,0.2
4,octanol_hl_gap_eV,134,0.16975094377994537,0.0018811555346474051,0.6601874726560093,0.9264881863859566,0.43704405426979065,0.06324499100446701,0.1447107914787588,0.04
4,octanol_hl_gap_eV,135,0.05530695989727974,0.0023158073890954256,0.6496641057500183,0.9702725242773156,0.4458245038986206,0.0019265926675871015,0.00432141493062751,0.02
4,octanol_hl_gap_eV,136,0.07434537261724472,0.0015673619927838445,0.651499834478003,0.9687589145595805,0.07000508904457092,0.01638602837920189,0.23406910273007742,0.4
4,octanol_hl_gap_eV,137,0.0491710901260376,0.0007684866432100534,0.6671862893520546,0.973523766534566,0.2842293381690979,0.00039054726948961616,0.0013740568514333522,0.06
4,octanol_hl_gap_eV,138,0.04753725603222847,0.000871666707098484,0.6830447922134579,0.9548939673865846,0.3299168348312378,0.00353064713999629,0.010701627705061854,0.02
4,octanol_hl_gap_eV,139,0.0317172147333622,0.0004727795603685081,0.6733984076686608,0.9695900635917605,0.2698608636856079,0.0004563290858641267,0.0016909791202467845,0.12
4,octanol_hl_gap_eV,140,-0.029690109193325043,0.001938770990818739,0.6225974345018574,0.9476746417829158,0.17501606047153473,0.009169116616249084,0.052390144033326494,0.08
4,octanol_hl_gap_eV,141,0.049207158386707306,0.0007498429622501135,0.6435551652653682,0.9693487302810642,0.2606898546218872,0.0013209045864641666,0.00506695816137551,0.04
4,octanol_hl_gap_eV,142,0.15680967271327972,0.0018417489482089877,0.661551121225574,0.9853255896691353,0.1690032184123993,0.017077818512916565,0.10105025616283538,0.28
4,octanol_hl_gap_eV,143,0.12209011614322662,0.0012355567887425423,0.6510389326777097,0.969265659044203,0.3689120411872864,0.0002071731723845005,0.0005615787755741062,0.12
4,octanol_hl_gap_eV,144,0.33993130922317505,0.0013680566335096955,0.6431390336197109,0.9195324864795125,0.028088167309761047,0.17228813469409943,6.133833254198354,0.28
4,octanol_hl_gap_eV,145,0.04213407635688782,0.000927518995013088,0.662687985303493,0.9563339151307926,0.2873234450817108,0.0012807146413251758,0.0044573969275669735,0.04
4,octanol_hl_gap_eV,146,0.12853874266147614,0.0011868354631587863,0.6321131160441293,0.9627501679190709,0.3094763159751892,0.003241944592446089,0.010475582217755222,0.14
4,octanol_hl_gap_eV,147,0.1981062889099121,0.000768442521803081,0.6746187324478803,0.9805564978670298,0.2769335210323334,0.002893458353355527,0.010448205556949176,0.28
4,octanol_hl_gap_eV,148,0.04555657505989075,0.0018697826890274882,0.6808737923396366,0.9626723885691393,0.47875717282295227,0.0010078828781843185,0.002105206846805908,0.24
4,octanol_hl_gap_eV,149,0.02404937334358692,0.0012572609120979905,0.6657845893070504,0.9779324846004582,0.339836448431015,0.001179538550786674,0.0034709006530419706,0.02
4,octanol_hl_gap_eV,150,0.09121352434158325,0.002831846009939909,0.6360466517277796,0.9857717067822118,0.4839353859424591,0.01453199703246355,0.030028796105006122,0.08
4,octanol_hl_gap_eV,151,0.16264113783836365,0.0011879419907927513,0.6629776849010953,0.9293834190250085,0.2954174876213074,0.017525149509310722,0.05932333136546077,0.02
4,octanol_hl_gap_eV,152,0.012646875344216824,0.0012977088335901499,0.6826389210769193,0.9686080045104082,0.397108256816864,0.0007179665262810886,0.0018079869001872606,0.06
4,octanol_hl_gap_eV,153,0.049231939017772675,0.0017026597633957863,0.6415013791741002,0.9670885531226534,0.3086191415786743,0.001649105572141707,0.005343497372541654,0.04
4,octanol_hl_gap_eV,154,0.15184739232063293,0.00166416319552809,0.6949187292160004,0.9680892566438477,0.3951015770435333,0.0013117925263941288,0.0033201399402402083,0.12
4,octanol_hl_gap_eV,155,0.03077869862318039,0.002844385802745819,0.6364885366645914,0.9871679457646467,0.5462266206741333,0.00037401108420453966,0.000684717789372749,0.1
4,octanol_hl_gap_eV,156,0.20158341526985168,0.0007366858772002161,0.65739122404797,0.9685674800074029,0.3203926086425781,0.0004923564847558737,0.0015367285994575927,0.28
4,octanol_hl_gap_eV,157,0.09694135189056396,0.0010194103233516216,0.6770760350403073,0.9580876916445527,0.31072428822517395,0.0016281376592814922,0.0052398145911967545,0.08
4,octanol_hl_gap_eV,158,0.21118241548538208,0.001114433747716248,0.6648898639271803,0.9725589482115133,0.2511586546897888,0.002925603184849024,0.011648426722393843,0.24
4,octanol_hl_gap_eV,159,0.07435783743858337,0.0015766855794936419,0.6642239944211041,0.966018494312834,0.2642558217048645,0.0013270003255456686,0.005021650296990376,0.08
4,octanol_hl_gap_eV,160,0.20849190652370453,0.0010618811938911676,0.6691777254512441,0.9751848505816842,0.33611512184143066,0.001548352069221437,0.0046066123438263645,0.3
4,octanol_hl_gap_eV,161,0.09035751968622208,0.0019651297479867935,0.6545634987986311,0.9590477847623848,0.3855520188808441,0.0007102408562786877,0.0018421401561852268,0.14
4,octanol_hl_gap_eV,162,0.16670691967010498,0.0006974267889745533,0.6750288888112623,0.9334706230702945,0.29065921902656555,0.019002342596650124,0.0653767069914041,0.24
4,octanol_hl_gap_eV,163,0.14083459973335266,0.000699488737154752,0.6703871059156055,0.9742149354033072,0.29053324460983276,0.00040845180046744645,0.00140586940753018,0.26
4,octanol_hl_gap_eV,164,0.24321258068084717,0.001623954507522285,0.6493230325837036,0.9302425309695113,0.37070876359939575,0.05008716881275177,0.1351119092152841,0.08
4,octanol_hl_gap_eV,165,0.0998385027050972,0.0013977056369185448,0.6305073584534662,0.9794558787943215,0.3388279378414154,0.00040476175490766764,0.0011945938032332853,0.22
4,octanol_hl_gap_eV,166,0.17652876675128937,0.0009456081315875053,0.678082984587105,0.9556095678669767,0.28505057096481323,0.0011551344068720937,0.004052384118938264,0.18
4,octanol_hl_gap_eV,167,0.30942869186401367,0.0013253510696813464,0.6506674646813186,0.9031263906660976,0.2628500759601593,0.07824667543172836,0.29768557283425845,0.18
4,octanol_hl_gap_eV,168,0.07420683652162552,0.0021804715506732464,0.641086235964748,0.9767213707677671,0.42750126123428345,0.0010816401336342096,0.002530144894804038,0.06
4,octanol_hl_gap_eV,169,0.17366014420986176,0.001030685962177813,0.6610188411595912,0.9484437944612165,0.3287253975868225,0.004868956748396158,0.014811623270180017,0.16
4,octanol_hl_gap_eV,170,0.08846655488014221,0.002888169838115573,0.688725406370936,0.9784031852454651,0.6019590497016907,0.0031474612187594175,0.005228696570504566,0.2
4,octanol_hl_gap_eV,171,0.10718398541212082,0.001517978496849537,0.6699779704417628,0.9786414552285452,0.3316454589366913,0.0004535454500000924,0.0013675611644261077,0.0
4,octanol_hl_gap_eV,172,0.08214685320854187,0.0011264387285336852,0.6539014939865226,0.9684866410342883,0.3413843512535095,0.0007897458854131401,0.002313362878272884,0.16
4,octanol_hl_gap_eV,173,0.01588408648967743,0.0006233036401681602,0.6581378454468294,0.9611557062585259,0.24086657166481018,0.0001804648491088301,0.0007492316092743865,0.0
4,octanol_hl_gap_eV,174,0.2432064712047577,0.0007427199161611497,0.6695916592595192,0.9750033927954409,0.221365287899971,0.0006521103787235916,0.0029458565293139483,0.2
4,octanol_hl_gap_eV,175,0.15790311992168427,0.0016453773714601994,0.6607762326771522,0.9740146379736292,0.17855307459831238,0.046727582812309265,0.26170136200360294,0.28
4,octanol_hl_gap_eV,176,0.45344552397727966,0.000608281057793647,0.6656112975139952,0.9315432002255364,0.2787501811981201,0.03810989856719971,0.1367170360334701,0.3
4,octanol_hl_gap_eV,177,0.24864843487739563,0.0014444038970395923,0.6515768380255955,0.9857919003020095,0.21460123360157013,0.011471149511635303,0.05345332512362303,0.18
4,octanol_hl_gap_eV,178,0.05278619006276131,0.0016905709635466337,0.6594554943466875,0.9738349521639798,0.08061464130878448,0.03413891792297363,0.4234828483849317,0.22
4,octanol_hl_gap_eV,179,0.09413602203130722,0.0006821462884545326,0.6643960205210908,0.9719260123988966,0.2656823396682739,0.0005531366332434118,0.002081947313223935,0.18
4,octanol_hl_gap_eV,180,0.04882163926959038,0.000672964146360755,0.6749211671540252,0.9623719056851698,0.2727062702178955,0.00034218779182992876,0.001254785200048817,0.02
4,octanol_hl_gap_eV,181,0.10948535054922104,0.0015752509934827685,0.6427810210507374,0.9082471451525138,0.2258688360452652,0.04527897387742996,0.2004657865609926,0.1
4,octanol_hl_gap_eV,182,0.08781923353672028,0.0017844777321442962,0.676825234219385,0.9546567400765607,0.3648463785648346,0.002812954131513834,0.007709968624545252,0.06
4,octanol_hl_gap_eV,183,0.09527581185102463,0.0009277702192775905,0.6842353474934488,0.974650910583921,0.30872273445129395,0.001076608314178884,0.003487298452743967,0.24
4,octanol_hl_gap_eV,184,0.053952187299728394,0.0014232898829504848,0.6732061826042408,0.9662598878435336,0.3338015079498291,0.001372787868604064,0.004112587378755629,0.02
4,octanol_hl_gap_eV,185,-0.002245998475700617,0.0016452660784125328,0.6305054636020371,0.9622724024129972,0.25472187995910645,0.0035185767337679863,0.013813405956068107,0.1
4,octanol_hl_gap_eV,186,0.25944337248802185,0.0014130162307992578,0.6623537375210913,0.963697220222171,0.3060763478279114,0.019152382388710976,0.06257387257991992,0.22
4,octanol_hl_gap_eV,187,0.9103010296821594,0.000965722429100424,0.6608777529350616,0.9055166362699714,0.2984241247177124,0.33874979615211487,1.135128724839346,0.14
4,octanol_hl_gap_eV,188,0.11859242618083954,0.0015390391927212477,0.6777848491184524,0.9632629371329176,0.37701570987701416,0.0016538205090910196,0.004386609007965505,0.22
4,octanol_hl_gap_eV,189,0.04414058476686478,0.0019153687171638012,0.6527273975717707,0.9748453689127099,0.16844701766967773,0.04300173372030258,0.2552834375769619,0.16
4,octanol_hl_gap_eV,190,0.08804693818092346,0.0008153246017172933,0.662533205622206,0.9659170036164018,0.30106428265571594,0.0006626399117521942,0.002200991449091822,0.3
4,octanol_hl_gap_eV,191,0.5838461518287659,0.001908919308334589,0.6689619890590528,0.9737288723849178,0.6877832412719727,0.0015678860945627093,0.002279622416596095,0.12
4,octanol_hl_gap_eV,192,0.08215655386447906,0.0007024272345006466,0.6416035446283852,0.9684219094233542,0.2941722571849823,0.000822075002361089,0.002794536134126847,0.06
4,octanol_hl_gap_eV,193,0.18169143795967102,0.0016770832007750869,0.6353124906476422,0.9881277149412457,0.403766930103302,0.0063101924024522305,0.015628304182409875,0.08
4,octanol_hl_gap_eV,194,0.136025071144104,0.0007248608744703233,0.6576969581132237,0.9569099113786419,0.293832004070282,0.0007814026903361082,0.002659351872879047,0.14
4,octanol_hl_gap_eV,195,0.15009984374046326,0.0005211483803577721,0.6820252423302631,0.9659268428255527,0.2834131717681885,0.001277188421227038,0.004506453998798919,0.26
4,octanol_hl_gap_eV,196,0.07328305393457413,0.0015400402480736375,0.634210501873345,0.9721471191588531,0.32509270310401917,0.0007304999162442982,0.002247051100407387,0.06
4,octanol_hl_gap_eV,197,0.01911359652876854,0.0012092342367395759,0.634718187298337,0.9617998538700994,0.3389092683792114,0.004392524249851704,0.012960767555453315,0.14
4,octanol_hl_gap_eV,198,0.1702783703804016,0.0010987474815919995,0.6367598431592656,0.9288346414177084,0.2851901054382324,0.019732695072889328,0.06919137339132936,0.1
4,octanol_hl_gap_eV,199,0.13301873207092285,0.0015705176629126072,0.6436280801674574,0.9604040882787777,0.38356995582580566,0.0010773299727588892,0.00280869227736947,0.12
4,octanol_hl_gap_eV,200,0.17486931383609772,0.001755736768245697,0.647904484064876,0.9477964742070926,0.11920156329870224,0.08678997308015823,0.7280942521087148,0.18
4,octanol_hl_gap_eV,201,0.23501914739608765,0.00158759078476578,0.6598913007676384,0.9843352598261077,0.17670950293540955,0.006504560820758343,0.036809343655592054,0.18
4,octanol_hl_gap_eV,202,0.16986818611621857,0.0013301779981702566,0.6230983036196653,0.89822361195416,0.30349108576774597,0.048844125121831894,0.1609408889169518,0.0
4,octanol_hl_gap_eV,203,0.3003753125667572,0.0015526671195402741,0.6323253320018856,0.9177739578328332,0.24143584072589874,0.06783021241426468,0.2809450834239316,0.14
4,octanol_hl_gap_eV,204,0.05430438742041588,0.0013058786280453205,0.6364955435081434,0.9726535909019638,0.3878139555454254,0.0003680240479297936,0.0009489706150780492,0.04
4,octanol_hl_gap_eV,205,0.10179144144058228,0.0028433804400265217,0.6258439706066372,0.897397435786276,0.47374090552330017,0.07071065157651901,0.1492601773503412,0.02
4,octanol_hl_gap_eV,206,0.10095434635877609,0.0013418508460745215,0.6513078602713875,0.9835283376071355,0.26031872630119324,0.004634290933609009,0.017802372497194283,0.02
4,octanol_hl_gap_eV,207,0.06095961481332779,0.0010711447102949023,0.6630659488148263,0.944883353995031,0.3492031395435333,0.004004589281976223,0.011467792893302416,0.1
4,octanol_hl_gap_eV,208,0.09881626069545746,0.0008630866650491953,0.6670233699579833,0.9740609379073486,0.30079737305641174,0.0007111469749361277,0.0023642060690561907,0.24
4,octanol_hl_gap_eV,209,0.07783371210098267,0.0006841833819635212,0.6686657318750937,0.9552582920523522,0.2764604091644287,0.0016043124487623572,0.0058030459175374,0.02
4,octanol_hl_gap_eV,210,0.15686820447444916,0.0012292983010411263,0.6472566136416449,0.9761225863413665,0.22058330476284027,0.0006777061498723924,0.0030723365514948057,0.08
4,octanol_hl_gap_eV,211,0.07462232559919357,0.0014360005734488368,0.635722266036945,0.9733177633709142,0.2716289758682251,0.0037708512973040342,0.013882360249862963,0.04
4,octanol_hl_gap_eV,212,0.10706769675016403,0.0014310086844488978,0.636424961776509,0.971306430704596,0.2741847038269043,0.00026665604673326015,0.0009725416590037164,0.1
4,octanol_hl_gap_eV,213,0.22758632898330688,0.0013862004270777106,0.6519753043554413,0.9873797521436842,0.24940674006938934,0.0009288270957767963,0.003724145929329658,0.16
4,octanol_hl_gap_eV,214,0.06611689180135727,0.0009610372944734991,0.6300453632760061,0.9290667794865388,0.24968670308589935,0.04029158875346184,0.16136858012659322,0.08
4,octanol_hl_gap_eV,215,0.10404559969902039,0.0018054865067824721,0.633751513577635,0.9640307090919389,0.2773534655570984,0.0017473545158281922,0.006300099810609602,0.12
4,octanol_hl_gap_eV,216,-0.01641984097659588,0.0018117660656571388,0.662620240006051,0.9643292649678286,0.15898127853870392,0.01215419452637434,0.0764504766730468,0.12
4,octanol_hl_gap_eV,217,0.09758304804563522,0.0022616484202444553,0.6247403206517679,0.969936481401851,0.41807425022125244,0.004781019873917103,0.011435815220351172,0.06
4,octanol_hl_gap_eV,218,0.038742873817682266,0.0007364197517745197,0.6671365278712411,0.970888722309845,0.3086211383342743,0.00017848247080110013,0.0005783222489698093,0.06
4,octanol_hl_gap_eV,219,0.04797310009598732,0.0010238972026854753,0.6770644406607744,0.9648669849854328,0.30974361300468445,0.0006363516440615058,0.0020544463786954076,0.0
4,octanol_hl_gap_eV,220,0.11227153986692429,0.0006973777781240642,0.6658451652590403,0.958707273281332,0.31353798508644104,0.0019492090214043856,0.006216819377935969,0.1
4,octanol_hl_gap_eV,221,0.0703127384185791,0.0012144561624154449,0.6556709081098364,0.9723206274873071,0.33895182609558105,0.001539271092042327,0.004541268031428949,0.02
4,octanol_hl_gap_eV,222,0.25048017501831055,0.0013691631611436605,0.6477691606462785,0.987454351434514,0.26247021555900574,0.0004258056287653744,0.0016223007546151437,0.18
4,octanol_hl_gap_eV,223,0.05315224826335907,0.0028676020447164774,0.6376608082533477,0.9668551044741824,0.5675188899040222,0.0026112652849406004,0.004601195363527394,0.02
4,octanol_hl_gap_eV,224,0.10103296488523483,0.0014883296098560095,0.660646823521631,0.9805716007709333,0.34633946418762207,0.00012163510109530762,0.00035120196706608746,0.06
4,octanol_hl_gap_eV,225,0.11513977497816086,0.0009566624066792428,0.6564917051853465,0.9526376027150054,0.24670201539993286,0.003891112981364131,0.01577252206495428,0.04
4,octanol_hl_gap_eV,226,0.2076047658920288,0.0006705861887894571,0.6613060614526773,0.9348911245676925,0.2613871991634369,0.020173205062747,0.0771774789557822,0.1
4,octanol_hl_gap_eV,227,0.09224654734134674,0.001901119016110897,0.6196545810596861,0.9668821780886563,0.21239018440246582,0.0013575202319771051,0.006391633567230636,0.04
4,octanol_hl_gap_eV,228,0.12257982045412064,0.001413133810274303,0.6626596109794503,0.9597248236315343,0.36214253306388855,0.0036236669402569532,0.01000618985458323,0.16
4,octanol_hl_gap_eV,229,0.22453491389751434,0.0012281554518267512,0.6684068905619855,0.9668992515890553,0.2858310639858246,0.0028575423639267683,0.009997312132835515,0.26
4,octanol_hl_gap_eV,230,0.05496687442064285,0.0017213206738233566,0.6328098543996654,0.966323806710712,0.2752096652984619,0.002092927461490035,0.007604847232455582,0.08
4,octanol_hl_gap_eV,231,0.28756004571914673,0.00193884689360857,0.658393030681798,0.9766938557943963,0.1552845984697342,0.0032527106814086437,0.0209467694379402,0.28
4,octanol_hl_gap_eV,232,0.1156686395406723,0.0013137521455064416,0.6389482012508216,0.9686688525245462,0.35204336047172546,0.0001303567987633869,0.00037028620164491523,0.18
4,octanol_hl_gap_eV,233,0.3158492147922516,0.0015802623238414526,0.665468805508872,0.9832887088230338,0.13949032127857208,0.044263649731874466,0.3173241650470989,0.22
4,octanol_hl_gap_eV,234,0.1163368746638298,0.0015899166464805603,0.6324226324090694,0.9791029802780511,0.3654332756996155,0.0002113551745424047,0.0005783687162526976,0.04
4,octanol_hl_gap_eV,235,0.025910325348377228,0.0018119035521522164,0.6412270450661703,0.9602765780020577,0.2951275408267975,0.0067652445286512375,0.02292312167715171,0.08
4,octanol_hl_gap_eV,236,-0.05582846328616142,0.002922980347648263,0.6412347215130914,0.9673979230807739,0.4970164895057678,0.021203838288784027,0.042662243077426026,0.06
4,octanol_hl_gap_eV,237,0.007324798032641411,0.0013281290885061026,0.6425441842791648,0.9577528533924902,0.27626121044158936,0.002689656801521778,0.009735919122422217,0.02
4,octanol_hl_gap_eV,238,0.16481243073940277,0.0012144226348027587,0.6632390482064565,0.9434865425259638,0.2988840937614441,0.03267883136868477,0.10933613414291478,0.0
4,octanol_hl_gap_eV,239,0.023287402465939522,0.001611562562175095,0.6593493585213956,0.9730447931494626,0.009888413362205029,0.02431855909526348,2.4592983934321144,0.18
4,octanol_hl_gap_eV,240,0.18991512060165405,0.0011656988644972444,0.6604043696553403,0.9739117925873668,0.3047475516796112,0.0010156638454645872,0.0033328039548366256,0.16
4,octanol_hl_gap_eV,241,0.1495545655488968,0.000598047801759094,0.6828601926955988,0.9619571085131602,0.28484055399894714,0.000928929541260004,0.003261226423760704,0.1
4,octanol_hl_gap_eV,242,0.08535553514957428,0.005492676980793476,0.6454342370114245,0.9698129249404275,1.0266655683517456,0.007044405210763216,0.006861440987129447,0.1
4,octanol_hl_gap_eV,243,-0.008191445842385292,0.001608084887266159,0.6544161643435915,0.9434028100682283,0.37406158447265625,0.010760869830846786,0.028767642221312898,0.14
4,octanol_hl_gap_eV,244,0.01078147254884243,0.0009680140065029263,0.6764151259891951,0.9601996426546997,0.2965172827243805,0.0007441680645570159,0.002509695413770323,0.02
4,octanol_hl_gap_eV,245,0.02176019735634327,0.0018082612659782171,0.6835427681057509,0.9662574924404748,0.1977807581424713,0.02245495095849037,0.11353455800950542,0.14
4,octanol_hl_gap_eV,246,0.11187727749347687,0.0023443514946848154,0.6311853014286621,0.9568002506636883,0.469527930021286,0.000878967228345573,0.0018720233071240831,0.06
4,octanol_hl_gap_eV,247,0.3746476471424103,0.0009266072884202003,0.6666771355790377,0.9806070462295635,0.21668194234371185,0.004021933302283287,0.018561460446498552,0.28
4,octanol_hl_gap_eV,248,0.035915128886699677,0.0013119139475747943,0.6636173957359637,0.969555857215574,0.2525390386581421,0.004317521583288908,0.01709645212173895,0.06
4,octanol_hl_gap_eV,249,0.035513412207365036,0.001332219922915101,0.6506158403558251,0.9835476674114683,0.29961973428726196,0.001502111554145813,0.005013393252347176,0.12
4,octanol_dipole,0,0.08133620023727417,0.010008457116782665,0.6380624910004584,0.9789375273575587,1.7371820211410522,0.009610597044229507,0.0055322913357788925,0.06
4,octanol_dipole,1,0.14830231666564941,0.008079231716692448,0.642014244567015,0.9722776419044892,1.2685930728912354,0.0012123584747314453,0.0009556716812022106,0.06
4,octanol_dipole,2,0.4331516623497009,0.0029360330663621426,0.6460943930284202,0.9409614805362134,0.41477110981941223,0.12548227608203888,0.30253379059277485,0.34
4,octanol_dipole,3,0.5938425660133362,0.003224048763513565,0.684280614564515,0.9523529271303468,0.6086776256561279,0.28572386503219604,0.4694173943459778,0.32
4,octanol_dipole,4,0.25849977135658264,0.006711229681968689,0.6434036884332597,0.9497291331447253,1.0890947580337524,0.06787281483411789,0.06232039437656941,0.12
4,octanol_dipole,5,0.6961125135421753,0.0016909976257011294,0.666547838668266,0.9130034541588523,0.13882483541965485,0.21414431929588318,1.5425505000495365,0.52
4,octanol_dipole,6,0.24658671021461487,0.0034747342579066753,0.6373958190322688,0.9491908296192213,0.5489131808280945,0.007788142655044794,0.01418829594016224,0.24
4,octanol_dipole,7,0.09622284770011902,0.009200802072882652,0.6489432755366167,0.9703808342010303,1.5297701358795166,0.005272155161947012,0.003446370822839911,0.08
4,octanol_dipole,8,0.30903497338294983,0.0027729610446840525,0.6594998619046142,0.9607977937992851,0.37038370966911316,0.04143236204981804,0.11186334865221839,0.24
4,octanol_dipole,9,0.7803692817687988,0.0016841469332575798,0.6804901261472076,0.9064040160241178,0.21462728083133698,0.30041465163230896,1.3997039447580164,0.76
4,octanol_dipole,10,0.7682508826255798,0.0034147482365369797,0.6850281939376823,0.90543488258082,0.5352321267127991,0.49751606583595276,0.9295332641773867,0.56
4,octanol_dipole,11,0.23815681040287018,0.003767130896449089,0.6403867390751268,0.9606643961405501,0.5659605860710144,0.0316007137298584,0.05583553785827282,0.14
4,octanol_dipole,12,0.29566553235054016,0.003386113792657852,0.6580666304286533,0.9630726214368479,0.5482867360115051,0.045905325561761856,0.0837250339041552,0.12
4,octanol_dipole,13,0.2012859284877777,0.003532635048031807,0.6567532312811928,0.9636186273634275,0.5617741942405701,0.02399107813835144,0.04270590992664515,0.2
4,octanol_dipole,14,0.38150742650032043,0.005639541428536177,0.6487827802170409,0.9807333755433068,0.8931273818016052,0.002357613993808627,0.0026397287126645676,0.34
4,octanol_dipole,15,0.10006006062030792,0.0095601137727499,0.6703090573221608,0.9654340649017976,1.8196512460708618,0.0032396805472671986,0.0017803854196031129,0.06
4,octanol_dipole,16,0.23797310888767242,0.002718832576647401,0.6746644609948571,0.980600542718695,0.3877975046634674,0.03786753863096237,0.09764771092022372,0.08
4,octanol_dipole,17,0.21976593136787415,0.002670443383976817,0.6380415383118707,0.9628207274981351,0.48133420944213867,0.0016973047750070691,0.0035262500393940994,0.2
4,octanol_dipole,18,0.11719143390655518,0.003186694346368313,0.6590219201385428,0.9783801826134417,0.5183767676353455,0.04822869598865509,0.09303791952069462,0.14
4,octanol_dipole,19,0.1269102692604065,0.00515007134526968,0.6437528965036599,0.945342119534448,0.7657457590103149,0.012732029892504215,0.01662696755769131,0.14
4,octanol_dipole,20,0.3011690378189087,0.003103391733020544,0.6587077134726524,0.9740023463380221,0.46679195761680603,0.07805629819631577,0.16721860118334114,0.12
4,octanol_dipole,21,0.1939421445131302,0.0025125222746282816,0.6392290038053527,0.962658205459495,0.3418847322463989,0.015706688165664673,0.04594147291241056,0.16
4,octanol_dipole,22,0.3041122257709503,0.00502198887988925,0.6370473263825911,0.9170708273299686,0.8029640316963196,0.07168778032064438,0.08927894337832139,0.24
4,octanol_dipole,23,0.35060185194015503,0.0030607772059738636,0.6490965689966444,0.9541576825077536,0.5119895935058594,0.022592192515730858,0.044126272881896585,0.26
4,octanol_dipole,24,0.565809965133667,0.002860153326764703,0.6699478437323834,0.929508969323871,0.42719167470932007,0.24513228237628937,0.5738227050962267,0.38
4,octanol_dipole,25,0.1156308501958847,0.00521248672157526,0.6406676668708287,0.972146831055414,0.8483527898788452,0.0010118659120053053,0.0011927418923792443,0.04
4,octanol_dipole,26,0.15008021891117096,0.00424604769796133,0.6663592889742858,0.975827507302351,0.7354555130004883,0.012247957289218903,0.016653566494117464,0.12
4,octanol_dipole,27,0.202153742313385,0.004495511297136545,0.6409691070076389,0.9707958636870653,0.7198678255081177,0.008495979011058807,0.011802137434135124,0.16
4,octanol_dipole,28,0.3578486144542694,0.0064110648818314075,0.6398415287484909,0.964536459997754,1.0782489776611328,0.011394845321774483,0.010567916648056033,0.32
4,octanol_dipole,29,0.39548975229263306,0.014026646502315998,0.6429307002583837,0.924639489891167,2.3032660484313965,0.34219273924827576,0.1485684814749563,0.36
4,octanol_dipole,30,0.10967499017715454,0.005341923329979181,0.6415472423509765,0.9710693596030349,0.831771969795227,0.0038356748409569263,0.004611449988993049,0.3
4,octanol_dipole,31,0.37257957458496094,0.002123021986335516,0.654749941491926,0.9741457370857596,0.23225179314613342,0.09700792282819748,0.41768427926478846,0.28
4,octanol_dipole,32,0.26861345767974854,0.004545154049992561,0.643138487468011,0.9323175736150202,0.7263008952140808,0.03729420155286789,0.05134814206978946,0.28
4,octanol_dipole,33,0.25062742829322815,0.003968461416661739,0.638405815248752,0.9528542844042283,0.6708568334579468,0.049400895833969116,0.07363850730912448,0.14
4,octanol_dipole,34,0.6926688551902771,0.006038824561983347,0.6760180254775674,0.9258709549165471,0.9459157586097717,0.7861975431442261,0.8311496409571544,0.64
4,octanol_dipole,35,0.16030482947826385,0.0033209379762411118,0.6425203116270342,0.9678036112590211,0.49186640977859497,0.010423908941447735,0.021192561098327237,0.16
4,octanol_dipole,36,0.8228840827941895,0.002475345740094781,0.6977226217571866,0.9348454098365013,0.38078370690345764,0.427653431892395,1.1230875274839964,0.58
4,octanol_dipole,37,0.3397105634212494,0.004430572036653757,0.6463439479454798,0.9507618007266971,0.6641237139701843,0.07458649575710297,0.11230813504794004,0.34
4,octanol_dipole,38,0.4011925160884857,0.0034703484270721674,0.6643970863605972,0.9408829803046173,0.5766202211380005,0.19902120530605316,0.34515127636916865,0.3
4,octanol_dipole,39,0.37597742676734924,0.002940185833722353,0.6588361192541357,0.927002004773694,0.46128320693969727,0.17569898068904877,0.3808917776450023,0.2
4,octanol_dipole,40,0.16630594432353973,0.00974606815725565,0.6446529863488717,0.9526660759274805,1.5558339357376099,0.008540450595319271,0.005489307309182907,0.18
4,octanol_dipole,41,0.59807288646698,0.005871969740837812,0.6504125237300935,0.9072791466327828,1.0090092420578003,0.39424511790275574,0.3907249819622284,0.2
4,octanol_dipole,42,0.18648983538150787,0.004175544250756502,0.641425361505628,0.9494030157997317,0.651646614074707,0.022142548114061356,0.03397938028957956,0.2
4,octanol_dipole,43,0.20396378636360168,0.0016588519793003798,0.6571594654994701,0.9818860862658978,0.08296649903059006,0.07981934398412704,0.9620671586334787,0.2
4,octanol_dipole,44,0.36297547817230225,0.007110157050192356,0.6457781246981229,0.931704360988884,1.1564013957977295,0.18889524042606354,0.16334746837256836,0.16
4,octanol_dipole,45,0.28780999779701233,0.004927696194499731,0.6519288281391982,0.9269723926403923,0.8685545921325684,0.1577194780111313,0.18158844526269963,0.1
4,octanol_dipole,46,0.2516900897026062,0.006036992184817791,0.6430268143391165,0.9537851058883426,0.9631771445274353,0.03271690756082535,0.03396769508777877,0.1
4,octanol_dipole,47,0.34055525064468384,0.002552709076553583,0.6534533345473466,0.9743583060006209,0.3798811733722687,0.011623452417552471,0.03059760059802159,0.24
4,octanol_dipole,48,0.31320327520370483,0.0042492784559726715,0.6545629243222644,0.9521410798494772,0.7264477610588074,0.11845508962869644,0.16306071266025593,0.3
4,octanol_dipole,49,0.14507856965065002,0.009019624441862106,0.6464948239201682,0.9562547456034292,1.4561755657196045,0.009341396391391754,0.006415020696199827,0.16
4,octanol_dipole,50,0.36619746685028076,0.0027970157098025084,0.6713106618592064,0.9766006314943811,0.46528565883636475,0.014822129160165787,0.03185597681483355,0.22
4,octanol_dipole,51,0.02726324275135994,0.002601933665573597,0.6619723107699689,0.9676102380021467,0.41632795333862305,0.020309094339609146,0.048781481466104226,0.1
4,octanol_dipole,52,0.1813851296901703,0.004832284525036812,0.638211256274329,0.9677961759239819,0.7394120097160339,0.004381422419101,0.00592554943864606,0.26
4,octanol_dipole,53,0.25538739562034607,0.007443305570632219,0.6401883189630093,0.9268609716076837,1.2957526445388794,0.1745370775461197,0.13469937976335936,0.2
4,octanol_dipole,54,0.26206174492836,0.005796655546873808,0.6432628703990044,0.9681497835398218,0.9247683882713318,0.015980884432792664,0.017280958816797046,0.16
4,octanol_dipole,55,0.11057958006858826,0.008693687617778778,0.6363518355842483,0.9759619390116159,1.4380093812942505,0.00572557095438242,0.003981594994345057,0.1
4,octanol_dipole,56,0.14960847795009613,0.011896535754203796,0.6624303346339422,0.9471709337485943,2.3645448684692383,0.051641061902046204,0.021839747086498575,0.04
4,octanol_dipole,57,0.14135035872459412,0.004568395670503378,0.6436249903542812,0.9695518345280041,0.7148495316505432,0.0032475139014422894,0.004542933523288434,0.18
4,octanol_dipole,58,0.20864476263523102,0.006185190752148628,0.6316846431796237,0.9641680160935666,1.0477012395858765,0.00569231528788805,0.005433147421051105,0.3
4,octanol_dipole,59,0.4829274117946625,0.006973380222916603,0.6537096201788095,0.9241272642746672,1.138253927230835,0.4019666314125061,0.353143197485308,0.26
4,octanol_dipole,60,0.24158836901187897,0.006321758031845093,0.6440841678379841,0.9681223001584023,1.0104668140411377,0.006816865410655737,0.006746253628452376,0.12
4,octanol_dipole,61,0.10598713904619217,0.0048696119338274,0.6402194970545525,0.9685646656249027,0.7343882322311401,0.0010592665057629347,0.0014423794653473463,0.2
4,octanol_dipole,62,0.2895779013633728,0.005020626354962587,0.6686548713953191,0.9776061112262764,0.8850714564323425,0.05115705728530884,0.05779991763774548,0.22
4,octanol_dipole,63,0.36594268679618835,0.0031112837605178356,0.6634648762004549,0.9130768255231527,0.5469454526901245,0.1958615630865097,0.3581007248952783,0.12
4,octanol_dipole,64,0.17729400098323822,0.008424092084169388,0.6350760110048503,0.9591010347663391,1.3697624206542969,0.014442062936723232,0.01054348018236963,0.16
4,octanol_dipole,65,0.3870180547237396,0.005587905645370483,0.6392692602780714,0.9285468155944288,0.8706244230270386,0.07959261536598206,0.0914201500220379,0.34
4,octanol_dipole,66,0.386346697807312,0.00405331514775753,0.6448342069668784,0.9665995463900321,0.6438565254211426,0.026035645976662636,0.04043703053196965,0.34
4,octanol_dipole,67,0.6503928303718567,0.0028439888264983892,0.6841611308279749,0.9274701730250796,0.5056591629981995,0.3625372052192688,0.7169596276465768,0.46
4,octanol_dipole,68,0.1686268001794815,0.004401127342134714,0.642464720850626,0.9665475686871454,0.6772468090057373,0.01645166054368019,0.024291972032814437,0.14
4,octanol_dipole,69,0.35192179679870605,0.0033401777036488056,0.6524489736755865,0.9320604983270007,0.593017041683197,0.10063643008470535,0.16970242507544595,0.24
4,octanol_dipole,70,0.5843602418899536,0.006624602247029543,0.6499166678495671,0.894761619939193,1.1722592115402222,0.3984890878200531,0.3399325711388366,0.54
4,octanol_dipole,71,0.4267382025718689,0.0067170485854148865,0.654699918425862,0.9241957675506092,1.256446361541748,0.26433780789375305,0.21038527070060672,0.34
4,octanol_dipole,72,0.4393787086009979,0.002066918183118105,0.657764910301134,0.9581190015649952,0.27483657002449036,0.07460333406925201,0.27144616912736247,0.38
4,octanol_dipole,73,0.11074816435575485,0.014295980334281921,0.6361056494798458,0.9564154969811327,2.3864269256591797,0.004011663142591715,0.0016810333052555597,0.06
4,octanol_dipole,74,0.36280858516693115,0.004480157978832722,0.6447025077845514,0.9051589867712637,0.7347140908241272,0.12032043933868408,0.16376498129186676,0.2
4,octanol_dipole,75,0.16516080498695374,0.008463299833238125,0.6796422111001887,0.9437528509147695,1.9331371784210205,0.0854710042476654,0.044213626017724106,0.02
4,octanol_dipole,76,0.2636161744594574,0.0032811728306114674,0.6394248157334887,0.9580712741042876,0.5164027214050293,0.013376863673329353,0.02590393721577137,0.22
4,octanol_dipole,77,0.5587777495384216,0.0020503895357251167,0.6526742409265767,0.9461089142808892,0.28410452604293823,0.07023092359304428,0.24720100229036798,0.36
4,octanol_dipole,78,0.2961040139198303,0.002698957221582532,0.6315882053301294,0.9587530924703558,0.4067787826061249,0.021614713594317436,0.0531362856632729,0.28
4,octanol_dipole,79,0.3356204628944397,0.002432330511510372,0.6607076813349948,0.9471240420751335,0.32924383878707886,0.1537330448627472,0.46692762855971304,0.2
4,octanol_dipole,80,0.20608462393283844,0.002876622136682272,0.6636412618764032,0.9744849880026674,0.41292598843574524,0.06136571615934372,0.14861190111044015,0.22
4,octanol_dipole,81,0.2626747190952301,0.0023553085047751665,0.6379306924947248,0.9594347492259898,0.3320426344871521,0.04117662087082863,0.12401004146478635,0.18
4,octanol_dipole,82,0.4681265354156494,0.004688406828790903,0.653136786873475,0.9405090705429793,0.7017117738723755,0.24200521409511566,0.3448783718700017,0.22
4,octanol_dipole,83,0.5753578543663025,0.002857865998521447,0.6482157311640093,0.9252671724655759,0.4940774440765381,0.21487712860107422,0.4349057646270275,0.4
4,octanol_dipole,84,0.21882274746894836,0.003673467319458723,0.6387622004985241,0.9371111402198442,0.5907992720603943,0.0357547327876091,0.06051925667226293,0.08
4,octanol_dipole,85,0.5153231620788574,0.004601470660418272,0.6435252634619906,0.8929502371337696,0.7385883927345276,0.32109323143959045,0.4347390706355193,0.3
4,octanol_dipole,86,0.7200676202774048,0.0016832847613841295,0.6702256057165588,0.8902879816288174,0.16728311777114868,0.23935797810554504,1.4308555537146206,0.52
4,octanol_dipole,87,0.47012701630592346,0.0036551894154399633,0.646157944833984,0.9182921514963658,0.6292847394943237,0.13846373558044434,0.22003351883554345,0.26
4,octanol_dipole,88,0.2337944358587265,0.0053872899152338505,0.6484034653823172,0.9784402146908495,0.8631828427314758,0.06018642336130142,0.06972615809976726,0.22
4,octanol_dipole,89,0.30043333768844604,0.003486232366412878,0.6671342905097557,0.9526837724756667,0.5434903502464294,0.06408807635307312,0.11791943743621998,0.22
4,octanol_dipole,90,0.3598736524581909,0.008580994792282581,0.6362144477721947,0.9286130275967381,1.3919330835342407,0.1033426821231842,0.07424400163029966,0.4
4,octanol_dipole,91,0.2444903552532196,0.0035576068330556154,0.6427563658685722,0.9329487942704306,0.5461785793304443,0.05965222045779228,0.1092174294548853,0.24
4,octanol_dipole,92,0.40789565443992615,0.003046745201572776,0.6682847944539614,0.9798927332693155,0.454241544008255,0.08167967200279236,0.1798155036240102,0.34
4,octanol_dipole,93,0.8691202402114868,0.001984094036743045,0.7206898957284216,0.9329897414282813,0.3567546010017395,0.47448474168777466,1.3300031460153785,0.78
4,octanol_dipole,94,0.19321928918361664,0.0023862607777118683,0.6321336707312524,0.9648912660625972,0.32238081097602844,0.02229899913072586,0.06916974699335925,0.24
4,octanol_dipole,95,0.19236302375793457,0.002864814829081297,0.6486479164746084,0.9602087186280861,0.42595547437667847,0.02910758927464485,0.06833481672524438,0.12
4,octanol_dipole,96,0.1471962332725525,0.007276317570358515,0.642831894892806,0.9705799187147619,1.181999921798706,0.004630216397345066,0.0039172730149584474,0.06
4,octanol_dipole,97,0.28014782071113586,0.005759979132562876,0.6410029083980535,0.9711782158829194,0.88730788230896,0.038016144186258316,0.04284436658821557,0.36
4,octanol_dipole,98,0.44082146883010864,0.0017098700627684593,0.6589569415141208,0.9641357900236205,0.07856569439172745,0.07363277673721313,0.9372128294326675,0.34
4,octanol_dipole,99,0.16379068791866302,0.00718182697892189,0.6383631484318457,0.9728306697831093,1.1356196403503418,0.003320855787023902,0.002924267658843421,0.18
4,octanol_dipole,100,0.4543328583240509,0.0019680713303387165,0.6595170639222849,0.9675831951212643,0.13627111911773682,0.0942036509513855,0.6912957900492073,0.2
4,octanol_dipole,101,0.3094393312931061,0.007250780239701271,0.6382032890467835,0.9202979322742553,1.1302932500839233,0.18526074290275574,0.1639050245491604,0.12
4,octanol_dipole,102,0.3729552924633026,0.007913491688668728,0.6353473376270677,0.896986247720581,1.3781163692474365,0.14881575107574463,0.10798489474224163,0.1
4,octanol_dipole,103,0.07970883697271347,0.010507989674806595,0.6492760118811272,0.9500210573035612,1.6990764141082764,0.00472658546641469,0.002781855734778907,0.14
4,octanol_dipole,104,0.32512110471725464,0.003361141076311469,0.6480701420807407,0.9250234656321612,0.5044006705284119,0.060894131660461426,0.12072571512775454,0.18
4,octanol_dipole,105,0.7430227994918823,0.0022105148527771235,0.682763211373794,0.9336001680082855,0.2570941150188446,0.3494556248188019,1.359251746362173,0.56
4,octanol_dipole,106,0.593207061290741,0.0036560765001922846,0.6732509992854798,0.900864571020582,0.6312790513038635,0.4910743534564972,0.7779037692478735,0.36
4,octanol_dipole,107,0.1389005482196808,0.001703700516372919,0.6596653154675893,0.9728921455341835,0.09256094694137573,0.03642106428742409,0.3934819758325472,0.04
4,octanol_dipole,108,0.3193574845790863,0.006006532348692417,0.6333563427146438,0.921585666334944,1.008274793624878,0.12857742607593536,0.12752220613755794,0.2
4,octanol_dipole,109,0.5068573355674744,0.0017422197852283716,0.6625379808708616,0.933223294535062,0.11919449269771576,0.19233454763889313,1.6136194155099501,0.24
4,octanol_dipole,110,0.20310279726982117,0.004226537421345711,0.6392176257103257,0.9745507486259524,0.6017007827758789,0.0006161821074783802,0.001024067319034709,0.2
4,octanol_dipole,111,0.6287044286727905,0.0018009336199611425,0.6829947212248646,0.9340144488046183,0.13562683761119843,0.23470626771450043,1.730529678700709,0.4
4,octanol_dipole,112,0.5250402092933655,0.004872619640082121,0.646282621153824,0.9009322221137566,0.7803850173950195,0.3413226008415222,0.43737718335608394,0.32
4,octanol_dipole,113,0.43249326944351196,0.006444815546274185,0.6419062790949008,0.9424873340855602,1.099440574645996,0.23348172008991241,0.21236411087074,0.44
4,octanol_dipole,114,0.07460973411798477,0.007116295397281647,0.6397347403221805,0.9775467245024396,1.0555559396743774,0.002480259630829096,0.002349718795191676,0.12
4,octanol_dipole,115,0.20003589987754822,0.0019446730148047209,0.6509769345285774,0.9421001365997348,0.13032089173793793,0.027959542348980904,0.21454382314391082,0.14
4,octanol_dipole,116,0.4035204350948334,0.007988953962922096,0.6397682684270172,0.9343918365338122,1.2774871587753296,0.15382987260818481,0.12041598348092572,0.4
4,octanol_dipole,117,0.7440820336341858,0.0021853242069482803,0.6936232192594938,0.9193055324539692,0.3000325858592987,0.3814184069633484,1.271256606581446,0.56
4,octanol_dipole,118,0.447304904460907,0.0026603895239531994,0.6597567806245097,0.9416685431692009,0.3952561020851135,0.16111409664154053,0.4076195049022838,0.24
4,octanol_dipole,119,0.2914924621582031,0.0045844861306250095,0.6529165706994777,0.9125078846697701,0.8291534781455994,0.19538071751594543,0.23563878421268178,0.16
4,octanol_dipole,120,0.20404399931430817,0.0036805737763643265,0.639981605695114,0.9610575870446969,0.5634673833847046,0.022177891805768013,0.0393596727330465,0.26
4,octanol_dipole,121,0.6954273581504822,0.002071213675662875,0.6788613727147972,0.9121226307492238,0.24389530718326569,0.3140545189380646,1.2876611795653798,0.4
4,octanol_dipole,122,0.13073238730430603,0.004147923551499844,0.6616278270970883,0.966999633980717,0.7000530362129211,0.017533717676997185,0.025046270453806453,0.12
4,octanol_dipole,123,0.32567211985588074,0.0042765578255057335,0.6429221050141019,0.9542027643092972,0.8062138557434082,0.04426858574151993,0.054909234598430404,0.2
4,octanol_dipole,124,0.13301648199558258,0.003301077987998724,0.6579091819334804,0.9841728868039001,0.5053366422653198,0.04681488871574402,0.09264099374603539,0.1
4,octanol_dipole,125,0.3790302872657776,0.004253408871591091,0.6396155283159901,0.9452831442584313,0.7076881527900696,0.11385250091552734,0.16087947843504571,0.18
4,octanol_dipole,126,0.36881473660469055,0.004821012262254953,0.6424890198881616,0.9334092766880224,0.7862682342529297,0.2322321981191635,0.2953600158345685,0.14
4,octanol_dipole,127,0.1687975376844406,0.00744213629513979,0.6442927402238778,0.9721545300179637,1.1919533014297485,0.007794695440679789,0.0065394302204038095,0.14
4,octanol_dipole,128,0.1690858006477356,0.003894638968631625,0.6465860558688155,0.9738733122964836,0.5883178114891052,0.022867359220981598,0.038869058142403476,0.16
4,octanol_dipole,129,0.46778589487075806,0.00534305814653635,0.646066385780595,0.8917377970896221,0.9305332899093628,0.35772252082824707,0.3844274296334852,0.18
4,octanol_dipole,130,0.1270439177751541,0.001970425248146057,0.657706944811322,0.9558307442232468,0.1923789083957672,0.06713992357254028,0.34899836022781755,0.14
4,octanol_dipole,131,0.510285496711731,0.0039075762033462524,0.6744248812068967,0.9090387519677252,0.6945891976356506,0.4552358388900757,0.6554029927900943,0.36
4,octanol_dipole,132,0.6477220058441162,0.00467120623216033,0.6510957142118903,0.9061887829993474,0.7711525559425354,0.2891494929790497,0.37495757584002154,0.48
4,octanol_dipole,133,0.18568366765975952,0.0024297982454299927,0.6333155671222368,0.969713236614326,0.35692015290260315,0.004262096714228392,0.01194131706928703,0.2
4,octanol_dipole,134,0.399742990732193,0.009579355828464031,0.6352968517945672,0.9009736385619826,1.6320501565933228,0.2594383656978607,0.1589647013296467,0.32
4,octanol_dipole,135,0.7877439260482788,0.0027317616622895002,0.7020501471476532,0.9198319435703353,0.41712719202041626,0.473899245262146,1.1361024990165374,0.62
4,octanol_dipole,136,0.2980860471725464,0.002273316727951169,0.6569427513811912,0.9755302649868365,0.2564801275730133,0.11130649596452713,0.43397707657814943,0.26
4,octanol_dipole,137,0.6154618263244629,0.0046812319196760654,0.6509600004178262,0.8903947328684585,0.794134259223938,0.4516163170337677,0.5686901324155269,0.3
4,octanol_dipole,138,0.07574209570884705,0.010844213888049126,0.6412929900712032,0.9565089156401594,1.7191798686981201,0.005188740324229002,0.0030181486060317057,0.12
4,octanol_dipole,139,-0.07736773788928986,0.0017029795562848449,0.66028829391214,0.9745392742359158,0.07145578414201736,0.03368733823299408,0.47144312580827563,0.12
4,octanol_dipole,140,0.6416487693786621,0.0036141013260930777,0.6694101134355204,0.9105511659280408,0.6315468549728394,0.3418964743614197,0.541363592691984,0.4
4,octanol_dipole,141,0.13303638994693756,0.004432443529367447,0.6492847352468925,0.9777877933232892,0.7356429100036621,0.003869399195536971,0.005259887838132918,0.08
4,octanol_dipole,142,0.27391624450683594,0.009248876012861729,0.6278817945433826,0.9072440784066893,1.5776151418685913,0.3216039836406708,0.2038545238984902,0.08
4,octanol_dipole,143,0.3057995140552521,0.002940700389444828,0.6685624970268811,0.9456292303241156,0.48266464471817017,0.14847874641418457,0.30762300085369193,0.18
4,octanol_dipole,144,0.5540804862976074,0.004111191723495722,0.6450709356409869,0.910762128334685,0.6286256313323975,0.29742977023124695,0.4731429254655629,0.48
4,octanol_dipole,145,0.3566521108150482,0.00999859906733036,0.6401225523341487,0.9231224028034515,1.5868278741836548,0.18804723024368286,0.11850512163483638,0.24
4,octanol_dipole,146,0.38853952288627625,0.0018296838970854878,0.6515045247901017,0.9523067807756576,0.14061500132083893,0.10570505261421204,0.7517338237122123,0.3
4,octanol_dipole,147,0.12803010642528534,0.008366469293832779,0.6353016736444856,0.9722059068302775,1.3281067609786987,0.0005122368456795812,0.00038568950985695406,0.3
4,octanol_dipole,148,0.15703706443309784,0.005567979533225298,0.6391653996373425,0.9650796700365762,0.8396457433700562,0.008511703461408615,0.010137255537371624,0.2
4,octanol_dipole,149,0.2691798806190491,0.007804259657859802,0.6430277518109393,0.9536077329892474,1.2744436264038086,0.027422329410910606,0.021517098789446035,0.28
4,octanol_dipole,150,0.09362449496984482,0.0038018026389181614,0.662991688812341,0.9727111359013907,0.6311347484588623,0.01870238222181797,0.029632946478523676,0.12
4,octanol_dipole,151,0.4614534378051758,0.006112402305006981,0.6383750142428741,0.9091289820960149,1.0314011573791504,0.22464638948440552,0.2178069976722199,0.32
4,octanol_dipole,152,0.27824291586875916,0.00584871182218194,0.6400208761782684,0.952030033865916,0.9238927960395813,0.04881555214524269,0.05283681435172847,0.3
4,octanol_dipole,153,0.6569421291351318,0.0046876175329089165,0.6589236037792232,0.9008438214229912,0.7935169339179993,0.32507801055908203,0.4096673891431724,0.34
4,octanol_dipole,154,0.41770076751708984,0.0020733149722218513,0.6581663234707396,0.9668683517449801,0.2057511955499649,0.07202320545911789,0.35004999736017417,0.3
4,octanol_dipole,155,0.5111978054046631,0.0059045846574008465,0.6450910226630167,0.920462915662136,0.9413590431213379,0.2178982049226761,0.23147194103556273,0.6
4,octanol_dipole,156,0.12261109054088593,0.0020725522190332413,0.6506964654242757,0.9604199055764326,0.2482249140739441,0.07740326970815659,0.3118271588366783,0.16
4,octanol_dipole,157,0.3279317617416382,0.002106947125867009,0.6486898236493264,0.9621299874017599,0.20337356626987457,0.024501286447048187,0.12047429219260107,0.18
4,octanol_dipole,158,0.21435736119747162,0.003444123547524214,0.6453079671385613,0.9704770153106292,0.5327532887458801,0.0047973329201340675,0.009004792690115827,0.18
4,octanol_dipole,159,0.5800244808197021,0.007433215621858835,0.6517472885602587,0.9256838223685937,1.1816481351852417,0.5949476361274719,0.5034896754897384,0.34
4,octanol_dipole,160,0.17232319712638855,0.00806185882538557,0.6343269162653793,0.9727123687182666,1.319643259048462,0.012224852107465267,0.009263755203266133,0.22
4,octanol_dipole,161,0.07733915001153946,0.007879484444856644,0.6384505842437171,0.9711176552143399,1.2336184978485107,0.0016221326077356935,0.0013149386220819238,0.14
4,octanol_dipole,162,0.21326212584972382,0.007294781971722841,0.638556707841142,0.9628999647363712,1.159244179725647,0.005713458172976971,0.0049286063047814035,0.24
4,octanol_dipole,163,0.23567424714565277,0.0029311852995306253,0.6429955267073033,0.9432888151969381,0.47831812500953674,0.03778773173689842,0.07900125410498506,0.18
4,octanol_dipole,164,0.27786120772361755,0.0031480714678764343,0.6445421083655605,0.9408939677773873,0.5576239824295044,0.0492117665708065,0.08825260053629046,0.12
4,octanol_dipole,165,0.31288978457450867,0.0023245459888130426,0.6580787337714022,0.9828904081709589,0.2853280305862427,0.032749805599451065,0.11477948918009363,0.34
4,octanol_dipole,166,0.3019724190235138,0.006741262972354889,0.6455623907815573,0.9416751060447444,1.0973190069198608,0.051044948399066925,0.04651787500004074,0.22
4,octanol_dipole,167,0.7139679789543152,0.00365778268314898,0.6813765623876362,0.9034936804551394,0.782273530960083,0.5327782034873962,0.6810638253777019,0.52
4,octanol_dipole,168,0.3925451934337616,0.004138558637350798,0.6631836378576148,0.9506084823860352,0.692470133304596,0.27236488461494446,0.39332365616285675,0.24
4,octanol_dipole,169,0.33013632893562317,0.008630144409835339,0.6391359621677886,0.9747901670711416,1.402855634689331,0.00939253531396389,0.006695297136575219,0.26
4,octanol_dipole,170,0.3332357108592987,0.003898033406585455,0.6406427622031441,0.8950948342538083,0.8569051027297974,0.27073031663894653,0.31593967147178287,0.24
4,octanol_dipole,171,0.17454835772514343,0.002996934810653329,0.6521430445097369,0.9752153652938584,0.4299981892108917,0.03131194785237312,0.07281879002754647,0.2
4,octanol_dipole,172,0.35966193675994873,0.0019566048868000507,0.6531777762643949,0.9689486985172431,0.20387126505374908,0.021153714507818222,0.10376015718665016,0.16
4,octanol_dipole,173,0.31447696685791016,0.0033038617111742496,0.6650072888439456,0.9684954870998868,0.5507385730743408,0.1439332515001297,0.26134586995906867,0.14
4,octanol_dipole,174,0.2633729577064514,0.0027957940474152565,0.6592890433501286,0.9684932605829952,0.4621502161026001,0.01812147907912731,0.03921123143022449,0.34
4,octanol_dipole,175,0.24511758983135223,0.005524936132133007,0.6494980866058839,0.9733374447720431,0.9225359559059143,0.02285495586693287,0.024774054301753147,0.22
4,octanol_dipole,176,0.21609072387218475,0.006061302963644266,0.6491087727239633,0.9615301230387356,1.028071641921997,0.0032255644910037518,0.0031374899953212454,0.22
4,octanol_dipole,177,0.6166996955871582,0.0031576454639434814,0.6895746786256867,0.9325320004171318,0.5162302851676941,0.42868688702583313,0.8304179342879446,0.42
4,octanol_dipole,178,0.2510128319263458,0.005657781846821308,0.6368562653215031,0.943388859846481,0.8954845070838928,0.07920540869235992,0.08844978116962511,0.16
4,octanol_dipole,179,0.24056343734264374,0.002226650482043624,0.6455816971351933,0.9548287785255141,0.2607020437717438,0.04012580215930939,0.15391441347671717,0.28
4,octanol_dipole,180,0.38885945081710815,0.00534074567258358,0.6411967706261128,0.9387982249766342,0.8209306597709656,0.1497640758752823,0.18243206547684004,0.18
4,octanol_dipole,181,0.8600085973739624,0.002209533704444766,0.7098899849718245,0.9106007006135755,0.3798811733722687,0.5444873571395874,1.433309664456604,0.72
4,octanol_dipole,182,0.197317972779274,0.0036261945497244596,0.6554581265669346,0.9764908839184125,0.5753291845321655,0.06966632604598999,0.12108950478957509,0.1
4,octanol_dipole,183,0.20641231536865234,0.0018446019385010004,0.6454088461171517,0.9599415488631846,0.34355154633522034,0.01021052896976471,0.029720515243444105,0.14
4,octanol_dipole,184,0.3275291919708252,0.0066185095347464085,0.6464649346794846,0.9410140399283573,1.023762583732605,0.026134824380278587,0.025528208195489885,0.22
4,octanol_dipole,185,0.36595556139945984,0.003759777871891856,0.6381239087992314,0.9074385136995737,0.637700080871582,0.14896294474601746,0.2335940502664216,0.24
4,octanol_dipole,186,0.12485150247812271,0.003283328376710415,0.6494217545871532,0.9588811826960688,0.5062353610992432,0.005133832339197397,0.010141196632431517,0.14
4,octanol_dipole,187,0.0938313826918602,0.006211725063621998,0.6408692241183105,0.9437568587158527,0.9607540965080261,0.002418842166662216,0.0025176495998859467,0.12
4,octanol_dipole,188,0.23143436014652252,0.002374908421188593,0.6571202144877017,0.9521349320597794,0.3261910378932953,0.021727129817008972,0.06660860444644229,0.26
4,octanol_dipole,189,0.0690230205655098,0.003111709374934435,0.6636492121222917,0.9703679171238184,0.4995814263820648,0.031737640500068665,0.06352846367790438,0.1
4,octanol_dipole,190,0.1006687805056572,0.00220279092900455,0.6531419198862949,0.9692592658217858,0.25889965891838074,0.07935643196105957,0.3065142391171594,0.16
4,octanol_dipole,191,0.16633708775043488,0.0036274564918130636,0.645807941809299,0.9730142356790432,0.5656289458274841,0.0073766401037573814,0.013041482686084535,0.16
4,octanol_dipole,192,0.3720649480819702,0.006748576648533344,0.6710576189354394,0.9881929260753364,1.244238257408142,0.17588306963443756,0.1413580305759264,0.24
4,octanol_dipole,193,0.14819970726966858,0.0059516821056604385,0.6730297558636535,0.9446042684823412,1.2061351537704468,0.08352472633123398,0.0692498896745783,0.02
4,octanol_dipole,194,0.5289120078086853,0.006011012475937605,0.639602368883861,0.9132791584222641,1.0347962379455566,0.33913305401802063,0.32772930706756526,0.38
4,octanol_dipole,195,0.2082703560590744,0.0023440488148480654,0.6370210063727948,0.939093007128954,0.3757424056529999,0.01491415873169899,0.03969250877015009,0.22
4,octanol_dipole,196,0.24983727931976318,0.0022817337885499,0.6574699109947173,0.9694053031472147,0.27875226736068726,0.07881857454776764,0.28275491817177417,0.18
4,octanol_dipole,197,0.21422217786312103,0.004782636649906635,0.6409164595516099,0.962037151880494,0.7237655520439148,0.016209321096539497,0.022395817334445324,0.16
4,octanol_dipole,198,0.41052955389022827,0.008171659894287586,0.6321856177200518,0.9196441107056927,1.335494875907898,0.20672361552715302,0.15479176989474996,0.28
4,octanol_dipole,199,0.11240419745445251,0.003747968701645732,0.6593798161386744,0.9629615094222823,0.6296477317810059,0.024981075897812843,0.0396746857598486,0.12
4,octanol_dipole,200,0.25773003697395325,0.005398303270339966,0.6487157737727693,0.91879943299722,0.8335990905761719,0.13740657269954681,0.1648353198233138,0.14
4,octanol_dipole,201,0.34332650899887085,0.009863053448498249,0.6331850482443773,0.9286434609721936,1.6944727897644043,0.1492721438407898,0.08809356204624817,0.3
4,octanol_dipole,202,0.12566743791103363,0.002353447722271085,0.6520981947661708,0.954088253279415,0.3186085522174835,0.011193924583494663,0.035133785661389416,0.1
4,octanol_dipole,203,0.7377023100852966,0.002529531018808484,0.6873984042902137,0.9222478258617992,0.395974725484848,0.33007243275642395,0.8335694465152276,0.44
4,octanol_dipole,204,0.3004316985607147,0.0029645049944519997,0.6411165211465586,0.9613812903758461,0.40167778730392456,0.0551886186003685,0.13739524650042625,0.18
4,octanol_dipole,205,0.8821749687194824,0.0015725939301773906,0.7093108512084048,0.9061499491285152,0.1338242143392563,0.42387455701828003,3.1673980610393895,0.82
4,octanol_dipole,206,0.4730985760688782,0.006715596187859774,0.6530107528286271,0.933082757164232,1.052040696144104,0.3402082324028015,0.32337934611248276,0.3
4,octanol_dipole,207,0.24929814040660858,0.006808573845773935,0.6379682572506447,0.9259594733730228,1.181721568107605,0.18167166411876678,0.15373474515633462,0.1
4,octanol_dipole,208,0.39134472608566284,0.004852381069213152,0.648973337210139,0.9618963078213003,0.7531818747520447,0.06713414192199707,0.0891340381021494,0.38
4,octanol_dipole,209,0.21364867687225342,0.00786200538277626,0.6565940923277609,0.9648271853245611,1.3065836429595947,0.02426821179687977,0.018573791220827526,0.18
4,octanol_dipole,210,0.2562602162361145,0.002512207720428705,0.6671037362844341,0.980291805232496,0.338518351316452,0.10643378645181656,0.3144106842004576,0.14
4,octanol_dipole,211,0.5446428656578064,0.006169842556118965,0.6514504492385522,0.9528480115886209,1.0533883571624756,0.25682348012924194,0.24380702367078588,0.44
4,octanol_dipole,212,0.6023702025413513,0.002440996002405882,0.6553043767535549,0.9133875036375165,0.4036460220813751,0.19775237143039703,0.48991532335856913,0.4
4,octanol_dipole,213,0.4099600315093994,0.003097820095717907,0.6441996280813826,0.9397571434946042,0.45581087470054626,0.15552033483982086,0.34119487592741826,0.16
4,octanol_dipole,214,0.11538482457399368,0.0075760637409985065,0.6439999563792045,0.9764457586451758,1.2545589208602905,0.003422269830480218,0.0027278669607111476,0.18
4,octanol_dipole,215,0.47913262248039246,0.0021533833350986242,0.6483740126807818,0.9510378906899966,0.32492509484291077,0.12458205968141556,0.38341778354068456,0.38
4,octanol_dipole,216,0.8492661714553833,0.002552582183852792,0.7145777779990727,0.942434559193942,0.5475530624389648,0.4113328754901886,0.7512201167462915,0.74
4,octanol_dipole,217,0.141939178109169,0.0038632643409073353,0.6376628216442712,0.9612999224384615,0.6127514839172363,0.011257651261985302,0.018372295388036728,0.14
4,octanol_dipole,218,0.16713008284568787,0.003172080498188734,0.6397527831082275,0.9638442789871513,0.49723756313323975,0.00880693644285202,0.017711727946209312,0.18
4,octanol_dipole,219,0.25757190585136414,0.004580420441925526,0.6461203227253558,0.9560757227429897,0.7396284937858582,0.03003557398915291,0.04060900065573866,0.2
4,octanol_dipole,220,0.24768055975437164,0.004045372363179922,0.6333519715280913,0.9545976988936975,0.6400075554847717,0.06284782290458679,0.0981985640106747,0.12
4,octanol_dipole,221,0.5012492537498474,0.0017267093062400818,0.6639577058165158,0.9796958081537479,0.08461181074380875,0.04233379662036896,0.5003296377682902,0.52
4,octanol_dipole,222,0.8490359783172607,0.0020975505467504263,0.7055411232726516,0.9005359728264504,0.3251239061355591,0.4748236835002899,1.4604391573171926,0.66
4,octanol_dipole,223,0.23022140562534332,0.0064821187406778336,0.6418254194239288,0.9302485947322825,1.0375038385391235,0.0440092496573925,0.042418396947196395,0.2
4,octanol_dipole,224,0.3352281153202057,0.0027905942406505346,0.6589999851785124,0.9740659206526827,0.3575359284877777,0.007272257935255766,0.02033993608981976,0.28
4,octanol_dipole,225,0.24120360612869263,0.0029460969381034374,0.6582298322063378,0.9698851825373473,0.42707204818725586,0.03050833009183407,0.07143602635978942,0.18
4,octanol_dipole,226,0.36707112193107605,0.0029089453164488077,0.6429945608231706,0.9742583365914637,0.3832775056362152,0.06082938238978386,0.15870845926324614,0.28
4,octanol_dipole,227,0.45278647541999817,0.0070092868991196156,0.6684258173583917,0.9165229229388445,1.236085057258606,0.536783754825592,0.4342611794175985,0.22
4,octanol_dipole,228,0.25544992089271545,0.0032111324835568666,0.6437137574983176,0.964254140823142,0.4524634778499603,0.018891779705882072,0.0417531593834999,0.34
4,octanol_dipole,229,0.22862356901168823,0.005781909916549921,0.6453829830135422,0.9292939440281436,0.9149588346481323,0.06358294188976288,0.06949268041574254,0.12
4,octanol_dipole,230,0.6318703889846802,0.0027448690962046385,0.6861927379230381,0.9284550333273898,0.4232252240180969,0.3641566038131714,0.8604321839702074,0.56
4,octanol_dipole,231,0.5504477024078369,0.006490472704172134,0.6505354374202701,0.9396488484985956,1.0542924404144287,0.3373550772666931,0.3199824492093325,0.42
4,octanol_dipole,232,0.25906816124916077,0.0017121529672294855,0.6399377657253282,0.9599767263934469,0.17391711473464966,0.021672099828720093,0.1246116568906162,0.28
4,octanol_dipole,233,0.2182062268257141,0.00820270273834467,0.6398837334396565,0.9621299687656892,1.2771986722946167,0.0157442819327116,0.012327198793924053,0.18
4,octanol_dipole,234,0.15933085978031158,0.003657755209133029,0.6727154327963052,0.9792620116448727,0.7554282546043396,0.0017635379917919636,0.00233448773069208,0.08
4,octanol_dipole,235,0.09596464782953262,0.0070267789997160435,0.6447516504972153,0.9577012194768,1.185847282409668,0.008452609181404114,0.00712790703051427,0.04
4,octanol_dipole,236,0.19586463272571564,0.002589023672044277,0.661407812736394,0.9585112512902405,0.35956817865371704,0.027715908363461494,0.07708109340274341,0.22
4,octanol_dipole,237,0.24349315464496613,0.006142666097730398,0.6446619484575264,0.9646131358553416,0.9833977222442627,0.029069313779473305,0.029560078411746495,0.26
4,octanol_dipole,238,0.392488569021225,0.007035383488982916,0.6421158740787922,0.9188888739537067,1.185584306716919,0.2791410982608795,0.23544601314255573,0.18
4,octanol_dipole,239,0.5682203769683838,0.0031471613328903913,0.6766847987400069,0.9009685711264823,0.5353649854660034,0.3545815944671631,0.662317491978899,0.34
4,octanol_dipole,240,0.2224225550889969,0.003063453594222665,0.6495263189861773,0.9362634024549148,0.47408825159072876,0.02571544237434864,0.05424188911677205,0.16
4,octanol_dipole,241,0.2933224141597748,0.0038837124593555927,0.6353903691862659,0.9413620495889592,0.5509661436080933,0.014028173871338367,0.025461045173252466,0.22
4,octanol_dipole,242,0.4292731285095215,0.008799351751804352,0.6308815996478054,0.9026672307402035,1.4523060321807861,0.35675036907196045,0.2456440730582543,0.36
4,octanol_dipole,243,0.20900368690490723,0.006604235153645277,0.644934307811966,0.9523190955225593,1.0809756517410278,0.023302963003516197,0.02155734309647425,0.12
4,octanol_dipole,244,0.3699800372123718,0.002471134066581726,0.6582716373851141,0.9705569287286544,0.3385833203792572,0.0029533300548791885,0.008722609405481275,0.34
4,octanol_dipole,245,0.397847443819046,0.008955368772149086,0.6367817982231669,0.8943749431663535,1.475002646446228,0.2765096426010132,0.18746382812750667,0.26
4,octanol_dipole,246,0.06794423609972,0.008346733637154102,0.6432089828172585,0.9482286821993184,1.3152321577072144,0.002734929556027055,0.002079427225072367,0.1
4,octanol_dipole,247,0.2834205627441406,0.0033840404357761145,0.6463537133942558,0.9589434796401877,0.52229905128479,0.00871443934738636,0.01668476962757243,0.2
4,octanol_dipole,248,0.12355301529169083,0.003932763822376728,0.6461129567050734,0.9474005782755708,0.646359384059906,0.043758463114500046,0.06769989605418093,0.14
4,octanol_dipole,249,0.1132282018661499,0.003885885002091527,0.6441912264890706,0.9786461386088894,0.6032544374465942,0.0008623225730843842,0.0014294508578077806,0.1
4,hexane_gsolv_eV,0,1.0,0.0,0.6657151142159774,0.6657151142159774,,,,1.0
4,hexane_gsolv_eV,1,1.0,0.0,0.6657151142159774,0.6657151142159774,,,,1.0
4,hexane_gsolv_eV,2,1.0,0.0,0.6657151142159774,0.6657151142159774,,,,1.0
4,hexane_gsolv_eV,3,1.0,0.0,0.6657151142159774,0.6657151142159774,,,,1.0
4,hexane_gsolv_eV,4,1.0,0.0,0.6657151142159774,0.6657151142159774,,,,1.0
4,hexane_gsolv_eV,5,1.0,0.0,0.6657151142159774,0.6657151142159774,,,,1.0
4,hexane_gsolv_eV,6,1.0,0.0,0.6657151142159774,0.6657151142159774,,,,1.0
4,hexane_gsolv_eV,7,1.0,0.0,0.6657151142159774,0.6657151142159774,,,,1.0
4,hexane_gsolv_eV,8,1.0,0.0,0.6657151142159774,0.6657151142159774,,,,1.0
4,hexane_gsolv_eV,9,1.0,0.0,0.6657151142159774,0.6657151142159774,,,,1.0
4,hexane_gsolv_eV,10,1.0,0.0,0.6657151142159774,0.6657151142159774,,,,1.0
4,hexane_gsolv_eV,11,1.0,0.0,0.6657151142159774,0.6657151142159774,,,,1.0
4,hexane_gsolv_eV,12,1.0,0.0,0.6657151142159774,0.6657151142159774,,,,1.0
4,hexane_gsolv_eV,13,1.0,0.0,0.6657151142159774,0.6657151142159774,,,,1.0
4,hexane_gsolv_eV,14,1.0,0.0,0.6657151142159774,0.6657151142159774,,,,1.0
4,hexane_gsolv_eV,15,1.0,0.0,0.6657151142159774,0.6657151142159774,,,,1.0
4,hexane_gsolv_eV,16,1.0,0.0,0.6657151142159774,0.6657151142159774,,,,1.0
4,hexane_gsolv_eV,17,1.0,0.0,0.6657151142159774,0.6657151142159774,,,,1.0
4,hexane_gsolv_eV,18,1.0,0.0,0.6657151142159774,0.6657151142159774,,,,1.0
4,hexane_gsolv_eV,19,1.0,0.0,0.6657151142159774,0.6657151142159774,,,,1.0
4,hexane_gsolv_eV,20,1.0,0.0,0.6657151142159774,0.6657151142159774,,,,1.0
4,hexane_gsolv_eV,21,1.0,0.0,0.6657151142159774,0.6657151142159774,,,,1.0
4,hexane_gsolv_eV,22,1.0,0.0,0.6657151142159774,0.6657151142159774,,,,1.0
4,hexane_gsolv_eV,23,1.0,0.0,0.6657151142159774,0.6657151142159774,,,,1.0
4,hexane_gsolv_eV,24,1.0,0.0,0.6657151142159774,0.6657151142159774,,,,1.0
4,hexane_gsolv_eV,25,1.0,0.0,0.6657151142159774,0.6657151142159774,,,,1.0
4,hexane_gsolv_eV,26,1.0,0.0,0.6657151142159774,0.6657151142159774,,,,1.0
4,hexane_gsolv_eV,27,1.0,0.0,0.6657151142159774,0.6657151142159774,,,,1.0
4,hexane_gsolv_eV,28,1.0,0.0,0.6657151142159774,0.6657151142159774,,,,1.0
4,hexane_gsolv_eV,29,1.0,0.0,0.6657151142159774,0.6657151142159774,,,,1.0
4,hexane_gsolv_eV,30,1.0,0.0,0.6657151142159774,0.6657151142159774,,,,1.0
4,hexane_gsolv_eV,31,1.0,0.0,0.6657151142159774,0.6657151142159774,,,,1.0
4,hexane_gsolv_eV,32,1.0,0.0,0.6657151142159774,0.6657151142159774,,,,1.0
4,hexane_gsolv_eV,33,1.0,0.0,0.6657151142159774,0.6657151142159774,,,,1.0
4,hexane_gsolv_eV,34,1.0,0.0,0.6657151142159774,0.6657151142159774,,,,1.0
4,hexane_gsolv_eV,35,1.0,0.0,0.6657151142159774,0.6657151142159774,,,,1.0
4,hexane_gsolv_eV,36,1.0,0.0,0.6657151142159774,0.6657151142159774,,,,1.0
4,hexane_gsolv_eV,37,1.0,0.0,0.6657151142159774,0.6657151142159774,,,,1.0
4,hexane_gsolv_eV,38,1.0,0.0,0.6657151142159774,0.6657151142159774,,,,1.0
4,hexane_gsolv_eV,39,1.0,0.0,0.6657151142159774,0.6657151142159774,,,,1.0
4,hexane_gsolv_eV,40,1.0,0.0,0.6657151142159774,0.6657151142159774,,,,1.0
4,hexane_gsolv_eV,41,1.0,0.0,0.6657151142159774,0.6657151142159774,,,,1.0
4,hexane_gsolv_eV,42,1.0,0.0,0.6657151142159774,0.6657151142159774,,,,1.0
4,hexane_gsolv_eV,43,1.0,0.0,0.6657151142159774,0.6657151142159774,,,,1.0
4,hexane_gsolv_eV,44,1.0,0.0,0.6657151142159774,0.6657151142159774,,,,1.0
4,hexane_gsolv_eV,45,1.0,0.0,0.6657151142159774,0.6657151142159774,,,,1.0
4,hexane_gsolv_eV,46,1.0,0.0,0.6657151142159774,0.6657151142159774,,,,1.0
4,hexane_gsolv_eV,47,1.0,0.0,0.6657151142159774,0.6657151142159774,,,,1.0
4,hexane_gsolv_eV,48,1.0,0.0,0.6657151142159774,0.6657151142159774,,,,1.0
4,hexane_gsolv_eV,49,1.0,0.0,0.6657151142159774,0.6657151142159774,,,,1.0
4,hexane_gsolv_eV,50,1.0,0.0,0.6657151142159774,0.6657151142159774,,,,1.0
4,hexane_gsolv_eV,51,1.0,0.0,0.6657151142159774,0.6657151142159774,,,,1.0
4,hexane_gsolv_eV,52,1.0,0.0,0.6657151142159774,0.6657151142159774,,,,1.0
4,hexane_gsolv_eV,53,1.0,0.0,0.6657151142159774,0.6657151142159774,,,,1.0
4,hexane_gsolv_eV,54,1.0,0.0,0.6657151142159774,0.6657151142159774,,,,1.0
4,hexane_gsolv_eV,55,1.0,0.0,0.6657151142159774,0.6657151142159774,,,,1.0
4,hexane_gsolv_eV,56,1.0,0.0,0.6657151142159774,0.6657151142159774,,,,1.0
4,hexane_gsolv_eV,57,1.0,0.0,0.6657151142159774,0.6657151142159774,,,,1.0
4,hexane_gsolv_eV,58,1.0,0.0,0.6657151142159774,0.6657151142159774,,,,1.0
4,hexane_gsolv_eV,59,1.0,0.0,0.6657151142159774,0.6657151142159774,,,,1.0
4,hexane_gsolv_eV,60,1.0,0.0,0.6657151142159774,0.6657151142159774,,,,1.0
4,hexane_gsolv_eV,61,1.0,0.0,0.6657151142159774,0.6657151142159774,,,,1.0
4,hexane_gsolv_eV,62,1.0,0.0,0.6657151142159774,0.6657151142159774,,,,1.0
4,hexane_gsolv_eV,63,1.0,0.0,0.6657151142159774,0.6657151142159774,,,,1.0
4,hexane_gsolv_eV,64,1.0,0.0,0.6657151142159774,0.6657151142159774,,,,1.0
4,hexane_gsolv_eV,65,1.0,0.0,0.6657151142159774,0.6657151142159774,,,,1.0
4,hexane_gsolv_eV,66,1.0,0.0,0.6657151142159774,0.6657151142159774,,,,1.0
4,hexane_gsolv_eV,67,1.0,0.0,0.6657151142159774,0.6657151142159774,,,,1.0
4,hexane_gsolv_eV,68,1.0,0.0,0.6657151142159774,0.6657151142159774,,,,1.0
4,hexane_gsolv_eV,69,1.0,0.0,0.6657151142159774,0.6657151142159774,,,,1.0
4,hexane_gsolv_eV,70,1.0,0.0,0.6657151142159774,0.6657151142159774,,,,1.0
4,hexane_gsolv_eV,71,1.0,0.0,0.6657151142159774,0.6657151142159774,,,,1.0
4,hexane_gsolv_eV,72,1.0,0.0,0.6657151142159774,0.6657151142159774,,,,1.0
4,hexane_gsolv_eV,73,1.0,0.0,0.6657151142159774,0.6657151142159774,,,,1.0
4,hexane_gsolv_eV,74,1.0,0.0,0.6657151142159774,0.6657151142159774,,,,1.0
4,hexane_gsolv_eV,75,1.0,0.0,0.6657151142159774,0.6657151142159774,,,,1.0
4,hexane_gsolv_eV,76,1.0,0.0,0.6657151142159774,0.6657151142159774,,,,1.0
4,hexane_gsolv_eV,77,1.0,0.0,0.6657151142159774,0.6657151142159774,,,,1.0
4,hexane_gsolv_eV,78,1.0,0.0,0.6657151142159774,0.6657151142159774,,,,1.0
4,hexane_gsolv_eV,79,1.0,0.0,0.6657151142159774,0.6657151142159774,,,,1.0
4,hexane_gsolv_eV,80,1.0,0.0,0.6657151142159774,0.6657151142159774,,,,1.0
4,hexane_gsolv_eV,81,1.0,0.0,0.6657151142159774,0.6657151142159774,,,,1.0
4,hexane_gsolv_eV,82,1.0,0.0,0.6657151142159774,0.6657151142159774,,,,1.0
4,hexane_gsolv_eV,83,1.0,0.0,0.6657151142159774,0.6657151142159774,,,,1.0
4,hexane_gsolv_eV,84,1.0,0.0,0.6657151142159774,0.6657151142159774,,,,1.0
4,hexane_gsolv_eV,85,1.0,0.0,0.6657151142159774,0.6657151142159774,,,,1.0
4,hexane_gsolv_eV,86,1.0,0.0,0.6657151142159774,0.6657151142159774,,,,1.0
4,hexane_gsolv_eV,87,1.0,0.0,0.6657151142159774,0.6657151142159774,,,,1.0
4,hexane_gsolv_eV,88,1.0,0.0,0.6657151142159774,0.6657151142159774,,,,1.0
4,hexane_gsolv_eV,89,1.0,0.0,0.6657151142159774,0.6657151142159774,,,,1.0
4,hexane_gsolv_eV,90,1.0,0.0,0.6657151142159774,0.6657151142159774,,,,1.0
4,hexane_gsolv_eV,91,1.0,0.0,0.6657151142159774,0.6657151142159774,,,,1.0
4,hexane_gsolv_eV,92,1.0,0.0,0.6657151142159774,0.6657151142159774,,,,1.0
4,hexane_gsolv_eV,93,1.0,0.0,0.6657151142159774,0.6657151142159774,,,,1.0
4,hexane_gsolv_eV,94,1.0,0.0,0.6657151142159774,0.6657151142159774,,,,1.0
4,hexane_gsolv_eV,95,1.0,0.0,0.6657151142159774,0.6657151142159774,,,,1.0
4,hexane_gsolv_eV,96,1.0,0.0,0.6657151142159774,0.6657151142159774,,,,1.0
4,hexane_gsolv_eV,97,1.0,0.0,0.6657151142159774,0.6657151142159774,,,,1.0
4,hexane_gsolv_eV,98,1.0,0.0,0.6657151142159774,0.6657151142159774,,,,1.0
4,hexane_gsolv_eV,99,1.0,0.0,0.6657151142159774,0.6657151142159774,,,,1.0
4,hexane_gsolv_eV,100,1.0,0.0,0.6657151142159774,0.6657151142159774,,,,1.0
4,hexane_gsolv_eV,101,1.0,0.0,0.6657151142159774,0.6657151142159774,,,,1.0
4,hexane_gsolv_eV,102,1.0,0.0,0.6657151142159774,0.6657151142159774,,,,1.0
4,hexane_gsolv_eV,103,1.0,0.0,0.6657151142159774,0.6657151142159774,,,,1.0
4,hexane_gsolv_eV,104,1.0,0.0,0.6657151142159774,0.6657151142159774,,,,1.0
4,hexane_gsolv_eV,105,1.0,0.0,0.6657151142159774,0.6657151142159774,,,,1.0
4,hexane_gsolv_eV,106,1.0,0.0,0.6657151142159774,0.6657151142159774,,,,1.0
4,hexane_gsolv_eV,107,1.0,0.0,0.6657151142159774,0.6657151142159774,,,,1.0
4,hexane_gsolv_eV,108,1.0,0.0,0.6657151142159774,0.6657151142159774,,,,1.0
4,hexane_gsolv_eV,109,1.0,0.0,0.6657151142159774,0.6657151142159774,,,,1.0
4,hexane_gsolv_eV,110,1.0,0.0,0.6657151142159774,0.6657151142159774,,,,1.0
4,hexane_gsolv_eV,111,1.0,0.0,0.6657151142159774,0.6657151142159774,,,,1.0
4,hexane_gsolv_eV,112,1.0,0.0,0.6657151142159774,0.6657151142159774,,,,1.0
4,hexane_gsolv_eV,113,1.0,0.0,0.6657151142159774,0.6657151142159774,,,,1.0
4,hexane_gsolv_eV,114,1.0,0.0,0.6657151142159774,0.6657151142159774,,,,1.0
4,hexane_gsolv_eV,115,1.0,0.0,0.6657151142159774,0.6657151142159774,,,,1.0
4,hexane_gsolv_eV,116,1.0,0.0,0.6657151142159774,0.6657151142159774,,,,1.0
4,hexane_gsolv_eV,117,1.0,0.0,0.6657151142159774,0.6657151142159774,,,,1.0
4,hexane_gsolv_eV,118,1.0,0.0,0.6657151142159774,0.6657151142159774,,,,1.0
4,hexane_gsolv_eV,119,1.0,0.0,0.6657151142159774,0.6657151142159774,,,,1.0
4,hexane_gsolv_eV,120,1.0,0.0,0.6657151142159774,0.6657151142159774,,,,1.0
4,hexane_gsolv_eV,121,1.0,0.0,0.6657151142159774,0.6657151142159774,,,,1.0
4,hexane_gsolv_eV,122,1.0,0.0,0.6657151142159774,0.6657151142159774,,,,1.0
4,hexane_gsolv_eV,123,1.0,0.0,0.6657151142159774,0.6657151142159774,,,,1.0
4,hexane_gsolv_eV,124,1.0,0.0,0.6657151142159774,0.6657151142159774,,,,1.0
4,hexane_gsolv_eV,125,1.0,0.0,0.6657151142159774,0.6657151142159774,,,,1.0
4,hexane_gsolv_eV,126,1.0,0.0,0.6657151142159774,0.6657151142159774,,,,1.0
4,hexane_gsolv_eV,127,1.0,0.0,0.6657151142159774,0.6657151142159774,,,,1.0
4,hexane_gsolv_eV,128,1.0,0.0,0.6657151142159774,0.6657151142159774,,,,1.0
4,hexane_gsolv_eV,129,1.0,0.0,0.6657151142159774,0.6657151142159774,,,,1.0
4,hexane_gsolv_eV,130,1.0,0.0,0.6657151142159774,0.6657151142159774,,,,1.0
4,hexane_gsolv_eV,131,1.0,0.0,0.6657151142159774,0.6657151142159774,,,,1.0
4,hexane_gsolv_eV,132,1.0,0.0,0.6657151142159774,0.6657151142159774,,,,1.0
4,hexane_gsolv_eV,133,1.0,0.0,0.6657151142159774,0.6657151142159774,,,,1.0
4,hexane_gsolv_eV,134,1.0,0.0,0.6657151142159774,0.6657151142159774,,,,1.0
4,hexane_gsolv_eV,135,1.0,0.0,0.6657151142159774,0.6657151142159774,,,,1.0
4,hexane_gsolv_eV,136,1.0,0.0,0.6657151142159774,0.6657151142159774,,,,1.0
4,hexane_gsolv_eV,137,1.0,0.0,0.6657151142159774,0.6657151142159774,,,,1.0
4,hexane_gsolv_eV,138,1.0,0.0,0.6657151142159774,0.6657151142159774,,,,1.0
4,hexane_gsolv_eV,139,1.0,0.0,0.6657151142159774,0.6657151142159774,,,,1.0
4,hexane_gsolv_eV,140,1.0,0.0,0.6657151142159774,0.6657151142159774,,,,1.0
4,hexane_gsolv_eV,141,1.0,0.0,0.6657151142159774,0.6657151142159774,,,,1.0
4,hexane_gsolv_eV,142,1.0,0.0,0.6657151142159774,0.6657151142159774,,,,1.0
4,hexane_gsolv_eV,143,1.0,0.0,0.6657151142159774,0.6657151142159774,,,,1.0
4,hexane_gsolv_eV,144,1.0,0.0,0.6657151142159774,0.6657151142159774,,,,1.0
4,hexane_gsolv_eV,145,1.0,0.0,0.6657151142159774,0.6657151142159774,,,,1.0
4,hexane_gsolv_eV,146,1.0,0.0,0.6657151142159774,0.6657151142159774,,,,1.0
4,hexane_gsolv_eV,147,1.0,0.0,0.6657151142159774,0.6657151142159774,,,,1.0
4,hexane_gsolv_eV,148,1.0,0.0,0.6657151142159774,0.6657151142159774,,,,1.0
4,hexane_gsolv_eV,149,1.0,0.0,0.6657151142159774,0.6657151142159774,,,,1.0
4,hexane_gsolv_eV,150,1.0,0.0,0.6657151142159774,0.6657151142159774,,,,1.0
4,hexane_gsolv_eV,151,1.0,0.0,0.6657151142159774,0.6657151142159774,,,,1.0
4,hexane_gsolv_eV,152,1.0,0.0,0.6657151142159774,0.6657151142159774,,,,1.0
4,hexane_gsolv_eV,153,1.0,0.0,0.6657151142159774,0.6657151142159774,,,,1.0
4,hexane_gsolv_eV,154,1.0,0.0,0.6657151142159774,0.6657151142159774,,,,1.0
4,hexane_gsolv_eV,155,1.0,0.0,0.6657151142159774,0.6657151142159774,,,,1.0
4,hexane_gsolv_eV,156,1.0,0.0,0.6657151142159774,0.6657151142159774,,,,1.0
4,hexane_gsolv_eV,157,1.0,0.0,0.6657151142159774,0.6657151142159774,,,,1.0
4,hexane_gsolv_eV,158,1.0,0.0,0.6657151142159774,0.6657151142159774,,,,1.0
4,hexane_gsolv_eV,159,1.0,0.0,0.6657151142159774,0.6657151142159774,,,,1.0
4,hexane_gsolv_eV,160,1.0,0.0,0.6657151142159774,0.6657151142159774,,,,1.0
4,hexane_gsolv_eV,161,1.0,0.0,0.6657151142159774,0.6657151142159774,,,,1.0
4,hexane_gsolv_eV,162,1.0,0.0,0.6657151142159774,0.6657151142159774,,,,1.0
4,hexane_gsolv_eV,163,1.0,0.0,0.6657151142159774,0.6657151142159774,,,,1.0
4,hexane_gsolv_eV,164,1.0,0.0,0.6657151142159774,0.6657151142159774,,,,1.0
4,hexane_gsolv_eV,165,1.0,0.0,0.6657151142159774,0.6657151142159774,,,,1.0
4,hexane_gsolv_eV,166,1.0,0.0,0.6657151142159774,0.6657151142159774,,,,1.0
4,hexane_gsolv_eV,167,1.0,0.0,0.6657151142159774,0.6657151142159774,,,,1.0
4,hexane_gsolv_eV,168,1.0,0.0,0.6657151142159774,0.6657151142159774,,,,1.0
4,hexane_gsolv_eV,169,1.0,0.0,0.6657151142159774,0.6657151142159774,,,,1.0
4,hexane_gsolv_eV,170,1.0,0.0,0.6657151142159774,0.6657151142159774,,,,1.0
4,hexane_gsolv_eV,171,1.0,0.0,0.6657151142159774,0.6657151142159774,,,,1.0
4,hexane_gsolv_eV,172,1.0,0.0,0.6657151142159774,0.6657151142159774,,,,1.0
4,hexane_gsolv_eV,173,1.0,0.0,0.6657151142159774,0.6657151142159774,,,,1.0
4,hexane_gsolv_eV,174,1.0,0.0,0.6657151142159774,0.6657151142159774,,,,1.0
4,hexane_gsolv_eV,175,1.0,0.0,0.6657151142159774,0.6657151142159774,,,,1.0
4,hexane_gsolv_eV,176,1.0,0.0,0.6657151142159774,0.6657151142159774,,,,1.0
4,hexane_gsolv_eV,177,1.0,0.0,0.6657151142159774,0.6657151142159774,,,,1.0
4,hexane_gsolv_eV,178,1.0,0.0,0.6657151142159774,0.6657151142159774,,,,1.0
4,hexane_gsolv_eV,179,1.0,0.0,0.6657151142159774,0.6657151142159774,,,,1.0
4,hexane_gsolv_eV,180,1.0,0.0,0.6657151142159774,0.6657151142159774,,,,1.0
4,hexane_gsolv_eV,181,1.0,0.0,0.6657151142159774,0.6657151142159774,,,,1.0
4,hexane_gsolv_eV,182,1.0,0.0,0.6657151142159774,0.6657151142159774,,,,1.0
4,hexane_gsolv_eV,183,1.0,0.0,0.6657151142159774,0.6657151142159774,,,,1.0
4,hexane_gsolv_eV,184,1.0,0.0,0.6657151142159774,0.6657151142159774,,,,1.0
4,hexane_gsolv_eV,185,1.0,0.0,0.6657151142159774,0.6657151142159774,,,,1.0
4,hexane_gsolv_eV,186,1.0,0.0,0.6657151142159774,0.6657151142159774,,,,1.0
4,hexane_gsolv_eV,187,1.0,0.0,0.6657151142159774,0.6657151142159774,,,,1.0
4,hexane_gsolv_eV,188,1.0,0.0,0.6657151142159774,0.6657151142159774,,,,1.0
4,hexane_gsolv_eV,189,1.0,0.0,0.6657151142159774,0.6657151142159774,,,,1.0
4,hexane_gsolv_eV,190,1.0,0.0,0.6657151142159774,0.6657151142159774,,,,1.0
4,hexane_gsolv_eV,191,1.0,0.0,0.6657151142159774,0.6657151142159774,,,,1.0
4,hexane_gsolv_eV,192,1.0,0.0,0.6657151142159774,0.6657151142159774,,,,1.0
4,hexane_gsolv_eV,193,1.0,0.0,0.6657151142159774,0.6657151142159774,,,,1.0
4,hexane_gsolv_eV,194,1.0,0.0,0.6657151142159774,0.6657151142159774,,,,1.0
4,hexane_gsolv_eV,195,1.0,0.0,0.6657151142159774,0.6657151142159774,,,,1.0
4,hexane_gsolv_eV,196,1.0,0.0,0.6657151142159774,0.6657151142159774,,,,1.0
4,hexane_gsolv_eV,197,1.0,0.0,0.6657151142159774,0.6657151142159774,,,,1.0
4,hexane_gsolv_eV,198,1.0,0.0,0.6657151142159774,0.6657151142159774,,,,1.0
4,hexane_gsolv_eV,199,1.0,0.0,0.6657151142159774,0.6657151142159774,,,,1.0
4,hexane_gsolv_eV,200,1.0,0.0,0.6657151142159774,0.6657151142159774,,,,1.0
4,hexane_gsolv_eV,201,1.0,0.0,0.6657151142159774,0.6657151142159774,,,,1.0
4,hexane_gsolv_eV,202,1.0,0.0,0.6657151142159774,0.6657151142159774,,,,1.0
4,hexane_gsolv_eV,203,1.0,0.0,0.6657151142159774,0.6657151142159774,,,,1.0
4,hexane_gsolv_eV,204,1.0,0.0,0.6657151142159774,0.6657151142159774,,,,1.0
4,hexane_gsolv_eV,205,1.0,0.0,0.6657151142159774,0.6657151142159774,,,,1.0
4,hexane_gsolv_eV,206,1.0,0.0,0.6657151142159774,0.6657151142159774,,,,1.0
4,hexane_gsolv_eV,207,1.0,0.0,0.6657151142159774,0.6657151142159774,,,,1.0
4,hexane_gsolv_eV,208,1.0,0.0,0.6657151142159774,0.6657151142159774,,,,1.0
4,hexane_gsolv_eV,209,1.0,0.0,0.6657151142159774,0.6657151142159774,,,,1.0
4,hexane_gsolv_eV,210,1.0,0.0,0.6657151142159774,0.6657151142159774,,,,1.0
4,hexane_gsolv_eV,211,1.0,0.0,0.6657151142159774,0.6657151142159774,,,,1.0
4,hexane_gsolv_eV,212,1.0,0.0,0.6657151142159774,0.6657151142159774,,,,1.0
4,hexane_gsolv_eV,213,1.0,0.0,0.6657151142159774,0.6657151142159774,,,,1.0
4,hexane_gsolv_eV,214,1.0,0.0,0.6657151142159774,0.6657151142159774,,,,1.0
4,hexane_gsolv_eV,215,1.0,0.0,0.6657151142159774,0.6657151142159774,,,,1.0
4,hexane_gsolv_eV,216,1.0,0.0,0.6657151142159774,0.6657151142159774,,,,1.0
4,hexane_gsolv_eV,217,1.0,0.0,0.6657151142159774,0.6657151142159774,,,,1.0
4,hexane_gsolv_eV,218,1.0,0.0,0.6657151142159774,0.6657151142159774,,,,1.0
4,hexane_gsolv_eV,219,1.0,0.0,0.6657151142159774,0.6657151142159774,,,,1.0
4,hexane_gsolv_eV,220,1.0,0.0,0.6657151142159774,0.6657151142159774,,,,1.0
4,hexane_gsolv_eV,221,1.0,0.0,0.6657151142159774,0.6657151142159774,,,,1.0
4,hexane_gsolv_eV,222,1.0,0.0,0.6657151142159774,0.6657151142159774,,,,1.0
4,hexane_gsolv_eV,223,1.0,0.0,0.6657151142159774,0.6657151142159774,,,,1.0
4,hexane_gsolv_eV,224,1.0,0.0,0.6657151142159774,0.6657151142159774,,,,1.0
4,hexane_gsolv_eV,225,1.0,0.0,0.6657151142159774,0.6657151142159774,,,,1.0
4,hexane_gsolv_eV,226,1.0,0.0,0.6657151142159774,0.6657151142159774,,,,1.0
4,hexane_gsolv_eV,227,1.0,0.0,0.6657151142159774,0.6657151142159774,,,,1.0
4,hexane_gsolv_eV,228,1.0,0.0,0.6657151142159774,0.6657151142159774,,,,1.0
4,hexane_gsolv_eV,229,1.0,0.0,0.6657151142159774,0.6657151142159774,,,,1.0
4,hexane_gsolv_eV,230,1.0,0.0,0.6657151142159774,0.6657151142159774,,,,1.0
4,hexane_gsolv_eV,231,1.0,0.0,0.6657151142159774,0.6657151142159774,,,,1.0
4,hexane_gsolv_eV,232,1.0,0.0,0.6657151142159774,0.6657151142159774,,,,1.0
4,hexane_gsolv_eV,233,1.0,0.0,0.6657151142159774,0.6657151142159774,,,,1.0
4,hexane_gsolv_eV,234,1.0,0.0,0.6657151142159774,0.6657151142159774,,,,1.0
4,hexane_gsolv_eV,235,1.0,0.0,0.6657151142159774,0.6657151142159774,,,,1.0
4,hexane_gsolv_eV,236,1.0,0.0,0.6657151142159774,0.6657151142159774,,,,1.0
4,hexane_gsolv_eV,237,1.0,0.0,0.6657151142159774,0.6657151142159774,,,,1.0
4,hexane_gsolv_eV,238,1.0,0.0,0.6657151142159774,0.6657151142159774,,,,1.0
4,hexane_gsolv_eV,239,1.0,0.0,0.6657151142159774,0.6657151142159774,,,,1.0
4,hexane_gsolv_eV,240,1.0,0.0,0.6657151142159774,0.6657151142159774,,,,1.0
4,hexane_gsolv_eV,241,1.0,0.0,0.6657151142159774,0.6657151142159774,,,,1.0
4,hexane_gsolv_eV,242,1.0,0.0,0.6657151142159774,0.6657151142159774,,,,1.0
4,hexane_gsolv_eV,243,1.0,0.0,0.6657151142159774,0.6657151142159774,,,,1.0
4,hexane_gsolv_eV,244,1.0,0.0,0.6657151142159774,0.6657151142159774,,,,1.0
4,hexane_gsolv_eV,245,1.0,0.0,0.6657151142159774,0.6657151142159774,,,,1.0
4,hexane_gsolv_eV,246,1.0,0.0,0.6657151142159774,0.6657151142159774,,,,1.0
4,hexane_gsolv_eV,247,1.0,0.0,0.6657151142159774,0.6657151142159774,,,,1.0
4,hexane_gsolv_eV,248,1.0,0.0,0.6657151142159774,0.6657151142159774,,,,1.0
4,hexane_gsolv_eV,249,1.0,0.0,0.6657151142159774,0.6657151142159774,,,,1.0
4,hexane_hl_gap_eV,0,0.9999999403953552,0.0,0.7067560617565654,0.7067560617565654,,,,1.0
4,hexane_hl_gap_eV,1,0.9999999403953552,0.0,0.7067560617565654,0.7067560617565654,,,,1.0
4,hexane_hl_gap_eV,2,0.9999999403953552,0.0,0.7067560617565654,0.7067560617565654,,,,1.0
4,hexane_hl_gap_eV,3,0.9999999403953552,0.0,0.7067560617565654,0.7067560617565654,,,,1.0
4,hexane_hl_gap_eV,4,0.9999999403953552,0.0,0.7067560617565654,0.7067560617565654,,,,1.0
4,hexane_hl_gap_eV,5,0.9999999403953552,0.0,0.7067560617565654,0.7067560617565654,,,,1.0
4,hexane_hl_gap_eV,6,0.9999999403953552,0.0,0.7067560617565654,0.7067560617565654,,,,1.0
4,hexane_hl_gap_eV,7,0.9999999403953552,0.0,0.7067560617565654,0.7067560617565654,,,,1.0
4,hexane_hl_gap_eV,8,0.9999999403953552,0.0,0.7067560617565654,0.7067560617565654,,,,1.0
4,hexane_hl_gap_eV,9,0.9999999403953552,0.0,0.7067560617565654,0.7067560617565654,,,,1.0
4,hexane_hl_gap_eV,10,0.9999999403953552,0.0,0.7067560617565654,0.7067560617565654,,,,1.0
4,hexane_hl_gap_eV,11,0.9999999403953552,0.0,0.7067560617565654,0.7067560617565654,,,,1.0
4,hexane_hl_gap_eV,12,0.9999999403953552,0.0,0.7067560617565654,0.7067560617565654,,,,1.0
4,hexane_hl_gap_eV,13,0.9999999403953552,0.0,0.7067560617565654,0.7067560617565654,,,,1.0
4,hexane_hl_gap_eV,14,0.9999999403953552,0.0,0.7067560617565654,0.7067560617565654,,,,1.0
4,hexane_hl_gap_eV,15,0.9999999403953552,0.0,0.7067560617565654,0.7067560617565654,,,,1.0
4,hexane_hl_gap_eV,16,0.9999999403953552,0.0,0.7067560617565654,0.7067560617565654,,,,1.0
4,hexane_hl_gap_eV,17,0.9999999403953552,0.0,0.7067560617565654,0.7067560617565654,,,,1.0
4,hexane_hl_gap_eV,18,0.9999999403953552,0.0,0.7067560617565654,0.7067560617565654,,,,1.0
4,hexane_hl_gap_eV,19,0.9999999403953552,0.0,0.7067560617565654,0.7067560617565654,,,,1.0
4,hexane_hl_gap_eV,20,0.9999999403953552,0.0,0.7067560617565654,0.7067560617565654,,,,1.0
4,hexane_hl_gap_eV,21,0.9999999403953552,0.0,0.7067560617565654,0.7067560617565654,,,,1.0
4,hexane_hl_gap_eV,22,0.9999999403953552,0.0,0.7067560617565654,0.7067560617565654,,,,1.0
4,hexane_hl_gap_eV,23,0.9999999403953552,0.0,0.7067560617565654,0.7067560617565654,,,,1.0
4,hexane_hl_gap_eV,24,0.9999999403953552,0.0,0.7067560617565654,0.7067560617565654,,,,1.0
4,hexane_hl_gap_eV,25,0.9999999403953552,0.0,0.7067560617565654,0.7067560617565654,,,,1.0
4,hexane_hl_gap_eV,26,0.9999999403953552,0.0,0.7067560617565654,0.7067560617565654,,,,1.0
4,hexane_hl_gap_eV,27,0.9999999403953552,0.0,0.7067560617565654,0.7067560617565654,,,,1.0
4,hexane_hl_gap_eV,28,0.9999999403953552,0.0,0.7067560617565654,0.7067560617565654,,,,1.0
4,hexane_hl_gap_eV,29,0.9999999403953552,0.0,0.7067560617565654,0.7067560617565654,,,,1.0
4,hexane_hl_gap_eV,30,0.9999999403953552,0.0,0.7067560617565654,0.7067560617565654,,,,1.0
4,hexane_hl_gap_eV,31,0.9999999403953552,0.0,0.7067560617565654,0.7067560617565654,,,,1.0
4,hexane_hl_gap_eV,32,0.9999999403953552,0.0,0.7067560617565654,0.7067560617565654,,,,1.0
4,hexane_hl_gap_eV,33,0.9999999403953552,0.0,0.7067560617565654,0.7067560617565654,,,,1.0
4,hexane_hl_gap_eV,34,0.9999999403953552,0.0,0.7067560617565654,0.7067560617565654,,,,1.0
4,hexane_hl_gap_eV,35,0.9999999403953552,0.0,0.7067560617565654,0.7067560617565654,,,,1.0
4,hexane_hl_gap_eV,36,0.9999999403953552,0.0,0.7067560617565654,0.7067560617565654,,,,1.0
4,hexane_hl_gap_eV,37,0.9999999403953552,0.0,0.7067560617565654,0.7067560617565654,,,,1.0
4,hexane_hl_gap_eV,38,0.9999999403953552,0.0,0.7067560617565654,0.7067560617565654,,,,1.0
4,hexane_hl_gap_eV,39,0.9999999403953552,0.0,0.7067560617565654,0.7067560617565654,,,,1.0
4,hexane_hl_gap_eV,40,0.9999999403953552,0.0,0.7067560617565654,0.7067560617565654,,,,1.0
4,hexane_hl_gap_eV,41,0.9999999403953552,0.0,0.7067560617565654,0.7067560617565654,,,,1.0
4,hexane_hl_gap_eV,42,0.9999999403953552,0.0,0.7067560617565654,0.7067560617565654,,,,1.0
4,hexane_hl_gap_eV,43,0.9999999403953552,0.0,0.7067560617565654,0.7067560617565654,,,,1.0
4,hexane_hl_gap_eV,44,0.9999999403953552,0.0,0.7067560617565654,0.7067560617565654,,,,1.0
4,hexane_hl_gap_eV,45,0.9999999403953552,0.0,0.7067560617565654,0.7067560617565654,,,,1.0
4,hexane_hl_gap_eV,46,0.9999999403953552,0.0,0.7067560617565654,0.7067560617565654,,,,1.0
4,hexane_hl_gap_eV,47,0.9999999403953552,0.0,0.7067560617565654,0.7067560617565654,,,,1.0
4,hexane_hl_gap_eV,48,0.9999999403953552,0.0,0.7067560617565654,0.7067560617565654,,,,1.0
4,hexane_hl_gap_eV,49,0.9999999403953552,0.0,0.7067560617565654,0.7067560617565654,,,,1.0
4,hexane_hl_gap_eV,50,0.9999999403953552,0.0,0.7067560617565654,0.7067560617565654,,,,1.0
4,hexane_hl_gap_eV,51,0.9999999403953552,0.0,0.7067560617565654,0.7067560617565654,,,,1.0
4,hexane_hl_gap_eV,52,0.9999999403953552,0.0,0.7067560617565654,0.7067560617565654,,,,1.0
4,hexane_hl_gap_eV,53,0.9999999403953552,0.0,0.7067560617565654,0.7067560617565654,,,,1.0
4,hexane_hl_gap_eV,54,0.9999999403953552,0.0,0.7067560617565654,0.7067560617565654,,,,1.0
4,hexane_hl_gap_eV,55,0.9999999403953552,0.0,0.7067560617565654,0.7067560617565654,,,,1.0
4,hexane_hl_gap_eV,56,0.9999999403953552,0.0,0.7067560617565654,0.7067560617565654,,,,1.0
4,hexane_hl_gap_eV,57,0.9999999403953552,0.0,0.7067560617565654,0.7067560617565654,,,,1.0
4,hexane_hl_gap_eV,58,0.9999999403953552,0.0,0.7067560617565654,0.7067560617565654,,,,1.0
4,hexane_hl_gap_eV,59,0.9999999403953552,0.0,0.7067560617565654,0.7067560617565654,,,,1.0
4,hexane_hl_gap_eV,60,0.9999999403953552,0.0,0.7067560617565654,0.7067560617565654,,,,1.0
4,hexane_hl_gap_eV,61,0.9999999403953552,0.0,0.7067560617565654,0.7067560617565654,,,,1.0
4,hexane_hl_gap_eV,62,0.9999999403953552,0.0,0.7067560617565654,0.7067560617565654,,,,1.0
4,hexane_hl_gap_eV,63,0.9999999403953552,0.0,0.7067560617565654,0.7067560617565654,,,,1.0
4,hexane_hl_gap_eV,64,0.9999999403953552,0.0,0.7067560617565654,0.7067560617565654,,,,1.0
4,hexane_hl_gap_eV,65,0.9999999403953552,0.0,0.7067560617565654,0.7067560617565654,,,,1.0
4,hexane_hl_gap_eV,66,0.9999999403953552,0.0,0.7067560617565654,0.7067560617565654,,,,1.0
4,hexane_hl_gap_eV,67,0.9999999403953552,0.0,0.7067560617565654,0.7067560617565654,,,,1.0
4,hexane_hl_gap_eV,68,0.9999999403953552,0.0,0.7067560617565654,0.7067560617565654,,,,1.0
4,hexane_hl_gap_eV,69,0.9999999403953552,0.0,0.7067560617565654,0.7067560617565654,,,,1.0
4,hexane_hl_gap_eV,70,0.9999999403953552,0.0,0.7067560617565654,0.7067560617565654,,,,1.0
4,hexane_hl_gap_eV,71,0.9999999403953552,0.0,0.7067560617565654,0.7067560617565654,,,,1.0
4,hexane_hl_gap_eV,72,0.9999999403953552,0.0,0.7067560617565654,0.7067560617565654,,,,1.0
4,hexane_hl_gap_eV,73,0.9999999403953552,0.0,0.7067560617565654,0.7067560617565654,,,,1.0
4,hexane_hl_gap_eV,74,0.9999999403953552,0.0,0.7067560617565654,0.7067560617565654,,,,1.0
4,hexane_hl_gap_eV,75,0.9999999403953552,0.0,0.7067560617565654,0.7067560617565654,,,,1.0
4,hexane_hl_gap_eV,76,0.9999999403953552,0.0,0.7067560617565654,0.7067560617565654,,,,1.0
4,hexane_hl_gap_eV,77,0.9999999403953552,0.0,0.7067560617565654,0.7067560617565654,,,,1.0
4,hexane_hl_gap_eV,78,0.9999999403953552,0.0,0.7067560617565654,0.7067560617565654,,,,1.0
4,hexane_hl_gap_eV,79,0.9999999403953552,0.0,0.7067560617565654,0.7067560617565654,,,,1.0
4,hexane_hl_gap_eV,80,0.9999999403953552,0.0,0.7067560617565654,0.7067560617565654,,,,1.0
4,hexane_hl_gap_eV,81,0.9999999403953552,0.0,0.7067560617565654,0.7067560617565654,,,,1.0
4,hexane_hl_gap_eV,82,0.9999999403953552,0.0,0.7067560617565654,0.7067560617565654,,,,1.0
4,hexane_hl_gap_eV,83,0.9999999403953552,0.0,0.7067560617565654,0.7067560617565654,,,,1.0
4,hexane_hl_gap_eV,84,0.9999999403953552,0.0,0.7067560617565654,0.7067560617565654,,,,1.0
4,hexane_hl_gap_eV,85,0.9999999403953552,0.0,0.7067560617565654,0.7067560617565654,,,,1.0
4,hexane_hl_gap_eV,86,0.9999999403953552,0.0,0.7067560617565654,0.7067560617565654,,,,1.0
4,hexane_hl_gap_eV,87,0.9999999403953552,0.0,0.7067560617565654,0.7067560617565654,,,,1.0
4,hexane_hl_gap_eV,88,0.9999999403953552,0.0,0.7067560617565654,0.7067560617565654,,,,1.0
4,hexane_hl_gap_eV,89,0.9999999403953552,0.0,0.7067560617565654,0.7067560617565654,,,,1.0
4,hexane_hl_gap_eV,90,0.9999999403953552,0.0,0.7067560617565654,0.7067560617565654,,,,1.0
4,hexane_hl_gap_eV,91,0.9999999403953552,0.0,0.7067560617565654,0.7067560617565654,,,,1.0
4,hexane_hl_gap_eV,92,0.9999999403953552,0.0,0.7067560617565654,0.7067560617565654,,,,1.0
4,hexane_hl_gap_eV,93,0.9999999403953552,0.0,0.7067560617565654,0.7067560617565654,,,,1.0
4,hexane_hl_gap_eV,94,0.9999999403953552,0.0,0.7067560617565654,0.7067560617565654,,,,1.0
4,hexane_hl_gap_eV,95,0.9999999403953552,0.0,0.7067560617565654,0.7067560617565654,,,,1.0
4,hexane_hl_gap_eV,96,0.9999999403953552,0.0,0.7067560617565654,0.7067560617565654,,,,1.0
4,hexane_hl_gap_eV,97,0.9999999403953552,0.0,0.7067560617565654,0.7067560617565654,,,,1.0
4,hexane_hl_gap_eV,98,0.9999999403953552,0.0,0.7067560617565654,0.7067560617565654,,,,1.0
4,hexane_hl_gap_eV,99,0.9999999403953552,0.0,0.7067560617565654,0.7067560617565654,,,,1.0
4,hexane_hl_gap_eV,100,0.9999999403953552,0.0,0.7067560617565654,0.7067560617565654,,,,1.0
4,hexane_hl_gap_eV,101,0.9999999403953552,0.0,0.7067560617565654,0.7067560617565654,,,,1.0
4,hexane_hl_gap_eV,102,0.9999999403953552,0.0,0.7067560617565654,0.7067560617565654,,,,1.0
4,hexane_hl_gap_eV,103,0.9999999403953552,0.0,0.7067560617565654,0.7067560617565654,,,,1.0
4,hexane_hl_gap_eV,104,0.9999999403953552,0.0,0.7067560617565654,0.7067560617565654,,,,1.0
4,hexane_hl_gap_eV,105,0.9999999403953552,0.0,0.7067560617565654,0.7067560617565654,,,,1.0
4,hexane_hl_gap_eV,106,0.9999999403953552,0.0,0.7067560617565654,0.7067560617565654,,,,1.0
4,hexane_hl_gap_eV,107,0.9999999403953552,0.0,0.7067560617565654,0.7067560617565654,,,,1.0
4,hexane_hl_gap_eV,108,0.9999999403953552,0.0,0.7067560617565654,0.7067560617565654,,,,1.0
4,hexane_hl_gap_eV,109,0.9999999403953552,0.0,0.7067560617565654,0.7067560617565654,,,,1.0
4,hexane_hl_gap_eV,110,0.9999999403953552,0.0,0.7067560617565654,0.7067560617565654,,,,1.0
4,hexane_hl_gap_eV,111,0.9999999403953552,0.0,0.7067560617565654,0.7067560617565654,,,,1.0
4,hexane_hl_gap_eV,112,0.9999999403953552,0.0,0.7067560617565654,0.7067560617565654,,,,1.0
4,hexane_hl_gap_eV,113,0.9999999403953552,0.0,0.7067560617565654,0.7067560617565654,,,,1.0
4,hexane_hl_gap_eV,114,0.9999999403953552,0.0,0.7067560617565654,0.7067560617565654,,,,1.0
4,hexane_hl_gap_eV,115,0.9999999403953552,0.0,0.7067560617565654,0.7067560617565654,,,,1.0
4,hexane_hl_gap_eV,116,0.9999999403953552,0.0,0.7067560617565654,0.7067560617565654,,,,1.0
4,hexane_hl_gap_eV,117,0.9999999403953552,0.0,0.7067560617565654,0.7067560617565654,,,,1.0
4,hexane_hl_gap_eV,118,0.9999999403953552,0.0,0.7067560617565654,0.7067560617565654,,,,1.0
4,hexane_hl_gap_eV,119,0.9999999403953552,0.0,0.7067560617565654,0.7067560617565654,,,,1.0
4,hexane_hl_gap_eV,120,0.9999999403953552,0.0,0.7067560617565654,0.7067560617565654,,,,1.0
4,hexane_hl_gap_eV,121,0.9999999403953552,0.0,0.7067560617565654,0.7067560617565654,,,,1.0
4,hexane_hl_gap_eV,122,0.9999999403953552,0.0,0.7067560617565654,0.7067560617565654,,,,1.0
4,hexane_hl_gap_eV,123,0.9999999403953552,0.0,0.7067560617565654,0.7067560617565654,,,,1.0
4,hexane_hl_gap_eV,124,0.9999999403953552,0.0,0.7067560617565654,0.7067560617565654,,,,1.0
4,hexane_hl_gap_eV,125,0.9999999403953552,0.0,0.7067560617565654,0.7067560617565654,,,,1.0
4,hexane_hl_gap_eV,126,0.9999999403953552,0.0,0.7067560617565654,0.7067560617565654,,,,1.0
4,hexane_hl_gap_eV,127,0.9999999403953552,0.0,0.7067560617565654,0.7067560617565654,,,,1.0
4,hexane_hl_gap_eV,128,0.9999999403953552,0.0,0.7067560617565654,0.7067560617565654,,,,1.0
4,hexane_hl_gap_eV,129,0.9999999403953552,0.0,0.7067560617565654,0.7067560617565654,,,,1.0
4,hexane_hl_gap_eV,130,0.9999999403953552,0.0,0.7067560617565654,0.7067560617565654,,,,1.0
4,hexane_hl_gap_eV,131,0.9999999403953552,0.0,0.7067560617565654,0.7067560617565654,,,,1.0
4,hexane_hl_gap_eV,132,0.9999999403953552,0.0,0.7067560617565654,0.7067560617565654,,,,1.0
4,hexane_hl_gap_eV,133,0.9999999403953552,0.0,0.7067560617565654,0.7067560617565654,,,,1.0
4,hexane_hl_gap_eV,134,0.9999999403953552,0.0,0.7067560617565654,0.7067560617565654,,,,1.0
4,hexane_hl_gap_eV,135,0.9999999403953552,0.0,0.7067560617565654,0.7067560617565654,,,,1.0
4,hexane_hl_gap_eV,136,0.9999999403953552,0.0,0.7067560617565654,0.7067560617565654,,,,1.0
4,hexane_hl_gap_eV,137,0.9999999403953552,0.0,0.7067560617565654,0.7067560617565654,,,,1.0
4,hexane_hl_gap_eV,138,0.9999999403953552,0.0,0.7067560617565654,0.7067560617565654,,,,1.0
4,hexane_hl_gap_eV,139,0.9999999403953552,0.0,0.7067560617565654,0.7067560617565654,,,,1.0
4,hexane_hl_gap_eV,140,0.9999999403953552,0.0,0.7067560617565654,0.7067560617565654,,,,1.0
4,hexane_hl_gap_eV,141,0.9999999403953552,0.0,0.7067560617565654,0.7067560617565654,,,,1.0
4,hexane_hl_gap_eV,142,0.9999999403953552,0.0,0.7067560617565654,0.7067560617565654,,,,1.0
4,hexane_hl_gap_eV,143,0.9999999403953552,0.0,0.7067560617565654,0.7067560617565654,,,,1.0
4,hexane_hl_gap_eV,144,0.9999999403953552,0.0,0.7067560617565654,0.7067560617565654,,,,1.0
4,hexane_hl_gap_eV,145,0.9999999403953552,0.0,0.7067560617565654,0.7067560617565654,,,,1.0
4,hexane_hl_gap_eV,146,0.9999999403953552,0.0,0.7067560617565654,0.7067560617565654,,,,1.0
4,hexane_hl_gap_eV,147,0.9999999403953552,0.0,0.7067560617565654,0.7067560617565654,,,,1.0
4,hexane_hl_gap_eV,148,0.9999999403953552,0.0,0.7067560617565654,0.7067560617565654,,,,1.0
4,hexane_hl_gap_eV,149,0.9999999403953552,0.0,0.7067560617565654,0.7067560617565654,,,,1.0
4,hexane_hl_gap_eV,150,0.9999999403953552,0.0,0.7067560617565654,0.7067560617565654,,,,1.0
4,hexane_hl_gap_eV,151,0.9999999403953552,0.0,0.7067560617565654,0.7067560617565654,,,,1.0
4,hexane_hl_gap_eV,152,0.9999999403953552,0.0,0.7067560617565654,0.7067560617565654,,,,1.0
4,hexane_hl_gap_eV,153,0.9999999403953552,0.0,0.7067560617565654,0.7067560617565654,,,,1.0
4,hexane_hl_gap_eV,154,0.9999999403953552,0.0,0.7067560617565654,0.7067560617565654,,,,1.0
4,hexane_hl_gap_eV,155,0.9999999403953552,0.0,0.7067560617565654,0.7067560617565654,,,,1.0
4,hexane_hl_gap_eV,156,0.9999999403953552,0.0,0.7067560617565654,0.7067560617565654,,,,1.0
4,hexane_hl_gap_eV,157,0.9999999403953552,0.0,0.7067560617565654,0.7067560617565654,,,,1.0
4,hexane_hl_gap_eV,158,0.9999999403953552,0.0,0.7067560617565654,0.7067560617565654,,,,1.0
4,hexane_hl_gap_eV,159,0.9999999403953552,0.0,0.7067560617565654,0.7067560617565654,,,,1.0
4,hexane_hl_gap_eV,160,0.9999999403953552,0.0,0.7067560617565654,0.7067560617565654,,,,1.0
4,hexane_hl_gap_eV,161,0.9999999403953552,0.0,0.7067560617565654,0.7067560617565654,,,,1.0
4,hexane_hl_gap_eV,162,0.9999999403953552,0.0,0.7067560617565654,0.7067560617565654,,,,1.0
4,hexane_hl_gap_eV,163,0.9999999403953552,0.0,0.7067560617565654,0.7067560617565654,,,,1.0
4,hexane_hl_gap_eV,164,0.9999999403953552,0.0,0.7067560617565654,0.7067560617565654,,,,1.0
4,hexane_hl_gap_eV,165,0.9999999403953552,0.0,0.7067560617565654,0.7067560617565654,,,,1.0
4,hexane_hl_gap_eV,166,0.9999999403953552,0.0,0.7067560617565654,0.7067560617565654,,,,1.0
4,hexane_hl_gap_eV,167,0.9999999403953552,0.0,0.7067560617565654,0.7067560617565654,,,,1.0
4,hexane_hl_gap_eV,168,0.9999999403953552,0.0,0.7067560617565654,0.7067560617565654,,,,1.0
4,hexane_hl_gap_eV,169,0.9999999403953552,0.0,0.7067560617565654,0.7067560617565654,,,,1.0
4,hexane_hl_gap_eV,170,0.9999999403953552,0.0,0.7067560617565654,0.7067560617565654,,,,1.0
4,hexane_hl_gap_eV,171,0.9999999403953552,0.0,0.7067560617565654,0.7067560617565654,,,,1.0
4,hexane_hl_gap_eV,172,0.9999999403953552,0.0,0.7067560617565654,0.7067560617565654,,,,1.0
4,hexane_hl_gap_eV,173,0.9999999403953552,0.0,0.7067560617565654,0.7067560617565654,,,,1.0
4,hexane_hl_gap_eV,174,0.9999999403953552,0.0,0.7067560617565654,0.7067560617565654,,,,1.0
4,hexane_hl_gap_eV,175,0.9999999403953552,0.0,0.7067560617565654,0.7067560617565654,,,,1.0
4,hexane_hl_gap_eV,176,0.9999999403953552,0.0,0.7067560617565654,0.7067560617565654,,,,1.0
4,hexane_hl_gap_eV,177,0.9999999403953552,0.0,0.7067560617565654,0.7067560617565654,,,,1.0
4,hexane_hl_gap_eV,178,0.9999999403953552,0.0,0.7067560617565654,0.7067560617565654,,,,1.0
4,hexane_hl_gap_eV,179,0.9999999403953552,0.0,0.7067560617565654,0.7067560617565654,,,,1.0
4,hexane_hl_gap_eV,180,0.9999999403953552,0.0,0.7067560617565654,0.7067560617565654,,,,1.0
4,hexane_hl_gap_eV,181,0.9999999403953552,0.0,0.7067560617565654,0.7067560617565654,,,,1.0
4,hexane_hl_gap_eV,182,0.9999999403953552,0.0,0.7067560617565654,0.7067560617565654,,,,1.0
4,hexane_hl_gap_eV,183,0.9999999403953552,0.0,0.7067560617565654,0.7067560617565654,,,,1.0
4,hexane_hl_gap_eV,184,0.9999999403953552,0.0,0.7067560617565654,0.7067560617565654,,,,1.0
4,hexane_hl_gap_eV,185,0.9999999403953552,0.0,0.7067560617565654,0.7067560617565654,,,,1.0
4,hexane_hl_gap_eV,186,0.9999999403953552,0.0,0.7067560617565654,0.7067560617565654,,,,1.0
4,hexane_hl_gap_eV,187,0.9999999403953552,0.0,0.7067560617565654,0.7067560617565654,,,,1.0
4,hexane_hl_gap_eV,188,0.9999999403953552,0.0,0.7067560617565654,0.7067560617565654,,,,1.0
4,hexane_hl_gap_eV,189,0.9999999403953552,0.0,0.7067560617565654,0.7067560617565654,,,,1.0
4,hexane_hl_gap_eV,190,0.9999999403953552,0.0,0.7067560617565654,0.7067560617565654,,,,1.0
4,hexane_hl_gap_eV,191,0.9999999403953552,0.0,0.7067560617565654,0.7067560617565654,,,,1.0
4,hexane_hl_gap_eV,192,0.9999999403953552,0.0,0.7067560617565654,0.7067560617565654,,,,1.0
4,hexane_hl_gap_eV,193,0.9999999403953552,0.0,0.7067560617565654,0.7067560617565654,,,,1.0
4,hexane_hl_gap_eV,194,0.9999999403953552,0.0,0.7067560617565654,0.7067560617565654,,,,1.0
4,hexane_hl_gap_eV,195,0.9999999403953552,0.0,0.7067560617565654,0.7067560617565654,,,,1.0
4,hexane_hl_gap_eV,196,0.9999999403953552,0.0,0.7067560617565654,0.7067560617565654,,,,1.0
4,hexane_hl_gap_eV,197,0.9999999403953552,0.0,0.7067560617565654,0.7067560617565654,,,,1.0
4,hexane_hl_gap_eV,198,0.9999999403953552,0.0,0.7067560617565654,0.7067560617565654,,,,1.0
4,hexane_hl_gap_eV,199,0.9999999403953552,0.0,0.7067560617565654,0.7067560617565654,,,,1.0
4,hexane_hl_gap_eV,200,0.9999999403953552,0.0,0.7067560617565654,0.7067560617565654,,,,1.0
4,hexane_hl_gap_eV,201,0.9999999403953552,0.0,0.7067560617565654,0.7067560617565654,,,,1.0
4,hexane_hl_gap_eV,202,0.9999999403953552,0.0,0.7067560617565654,0.7067560617565654,,,,1.0
4,hexane_hl_gap_eV,203,0.9999999403953552,0.0,0.7067560617565654,0.7067560617565654,,,,1.0
4,hexane_hl_gap_eV,204,0.9999999403953552,0.0,0.7067560617565654,0.7067560617565654,,,,1.0
4,hexane_hl_gap_eV,205,0.9999999403953552,0.0,0.7067560617565654,0.7067560617565654,,,,1.0
4,hexane_hl_gap_eV,206,0.9999999403953552,0.0,0.7067560617565654,0.7067560617565654,,,,1.0
4,hexane_hl_gap_eV,207,0.9999999403953552,0.0,0.7067560617565654,0.7067560617565654,,,,1.0
4,hexane_hl_gap_eV,208,0.9999999403953552,0.0,0.7067560617565654,0.7067560617565654,,,,1.0
4,hexane_hl_gap_eV,209,0.9999999403953552,0.0,0.7067560617565654,0.7067560617565654,,,,1.0
4,hexane_hl_gap_eV,210,0.9999999403953552,0.0,0.7067560617565654,0.7067560617565654,,,,1.0
4,hexane_hl_gap_eV,211,0.9999999403953552,0.0,0.7067560617565654,0.7067560617565654,,,,1.0
4,hexane_hl_gap_eV,212,0.9999999403953552,0.0,0.7067560617565654,0.7067560617565654,,,,1.0
4,hexane_hl_gap_eV,213,0.9999999403953552,0.0,0.7067560617565654,0.7067560617565654,,,,1.0
4,hexane_hl_gap_eV,214,0.9999999403953552,0.0,0.7067560617565654,0.7067560617565654,,,,1.0
4,hexane_hl_gap_eV,215,0.9999999403953552,0.0,0.7067560617565654,0.7067560617565654,,,,1.0
4,hexane_hl_gap_eV,216,0.9999999403953552,0.0,0.7067560617565654,0.7067560617565654,,,,1.0
4,hexane_hl_gap_eV,217,0.9999999403953552,0.0,0.7067560617565654,0.7067560617565654,,,,1.0
4,hexane_hl_gap_eV,218,0.9999999403953552,0.0,0.7067560617565654,0.7067560617565654,,,,1.0
4,hexane_hl_gap_eV,219,0.9999999403953552,0.0,0.7067560617565654,0.7067560617565654,,,,1.0
4,hexane_hl_gap_eV,220,0.9999999403953552,0.0,0.7067560617565654,0.7067560617565654,,,,1.0
4,hexane_hl_gap_eV,221,0.9999999403953552,0.0,0.7067560617565654,0.7067560617565654,,,,1.0
4,hexane_hl_gap_eV,222,0.9999999403953552,0.0,0.7067560617565654,0.7067560617565654,,,,1.0
4,hexane_hl_gap_eV,223,0.9999999403953552,0.0,0.7067560617565654,0.7067560617565654,,,,1.0
4,hexane_hl_gap_eV,224,0.9999999403953552,0.0,0.7067560617565654,0.7067560617565654,,,,1.0
4,hexane_hl_gap_eV,225,0.9999999403953552,0.0,0.7067560617565654,0.7067560617565654,,,,1.0
4,hexane_hl_gap_eV,226,0.9999999403953552,0.0,0.7067560617565654,0.7067560617565654,,,,1.0
4,hexane_hl_gap_eV,227,0.9999999403953552,0.0,0.7067560617565654,0.7067560617565654,,,,1.0
4,hexane_hl_gap_eV,228,0.9999999403953552,0.0,0.7067560617565654,0.7067560617565654,,,,1.0
4,hexane_hl_gap_eV,229,0.9999999403953552,0.0,0.7067560617565654,0.7067560617565654,,,,1.0
4,hexane_hl_gap_eV,230,0.9999999403953552,0.0,0.7067560617565654,0.7067560617565654,,,,1.0
4,hexane_hl_gap_eV,231,0.9999999403953552,0.0,0.7067560617565654,0.7067560617565654,,,,1.0
4,hexane_hl_gap_eV,232,0.9999999403953552,0.0,0.7067560617565654,0.7067560617565654,,,,1.0
4,hexane_hl_gap_eV,233,0.9999999403953552,0.0,0.7067560617565654,0.7067560617565654,,,,1.0
4,hexane_hl_gap_eV,234,0.9999999403953552,0.0,0.7067560617565654,0.7067560617565654,,,,1.0
4,hexane_hl_gap_eV,235,0.9999999403953552,0.0,0.7067560617565654,0.7067560617565654,,,,1.0
4,hexane_hl_gap_eV,236,0.9999999403953552,0.0,0.7067560617565654,0.7067560617565654,,,,1.0
4,hexane_hl_gap_eV,237,0.9999999403953552,0.0,0.7067560617565654,0.7067560617565654,,,,1.0
4,hexane_hl_gap_eV,238,0.9999999403953552,0.0,0.7067560617565654,0.7067560617565654,,,,1.0
4,hexane_hl_gap_eV,239,0.9999999403953552,0.0,0.7067560617565654,0.7067560617565654,,,,1.0
4,hexane_hl_gap_eV,240,0.9999999403953552,0.0,0.7067560617565654,0.7067560617565654,,,,1.0
4,hexane_hl_gap_eV,241,0.9999999403953552,0.0,0.7067560617565654,0.7067560617565654,,,,1.0
4,hexane_hl_gap_eV,242,0.9999999403953552,0.0,0.7067560617565654,0.7067560617565654,,,,1.0
4,hexane_hl_gap_eV,243,0.9999999403953552,0.0,0.7067560617565654,0.7067560617565654,,,,1.0
4,hexane_hl_gap_eV,244,0.9999999403953552,0.0,0.7067560617565654,0.7067560617565654,,,,1.0
4,hexane_hl_gap_eV,245,0.9999999403953552,0.0,0.7067560617565654,0.7067560617565654,,,,1.0
4,hexane_hl_gap_eV,246,0.9999999403953552,0.0,0.7067560617565654,0.7067560617565654,,,,1.0
4,hexane_hl_gap_eV,247,0.9999999403953552,0.0,0.7067560617565654,0.7067560617565654,,,,1.0
4,hexane_hl_gap_eV,248,0.9999999403953552,0.0,0.7067560617565654,0.7067560617565654,,,,1.0
4,hexane_hl_gap_eV,249,0.9999999403953552,0.0,0.7067560617565654,0.7067560617565654,,,,1.0
4,hexane_dipole,0,1.0,0.0,0.638849207547211,0.638849207547211,,,,1.0
4,hexane_dipole,1,1.0,0.0,0.638849207547211,0.638849207547211,,,,1.0
4,hexane_dipole,2,1.0,0.0,0.638849207547211,0.638849207547211,,,,1.0
4,hexane_dipole,3,1.0,0.0,0.638849207547211,0.638849207547211,,,,1.0
4,hexane_dipole,4,1.0,0.0,0.638849207547211,0.638849207547211,,,,1.0
4,hexane_dipole,5,1.0,0.0,0.638849207547211,0.638849207547211,,,,1.0
4,hexane_dipole,6,1.0,0.0,0.638849207547211,0.638849207547211,,,,1.0
4,hexane_dipole,7,1.0,0.0,0.638849207547211,0.638849207547211,,,,1.0
4,hexane_dipole,8,1.0,0.0,0.638849207547211,0.638849207547211,,,,1.0
4,hexane_dipole,9,1.0,0.0,0.638849207547211,0.638849207547211,,,,1.0
4,hexane_dipole,10,1.0,0.0,0.638849207547211,0.638849207547211,,,,1.0
4,hexane_dipole,11,1.0,0.0,0.638849207547211,0.638849207547211,,,,1.0
4,hexane_dipole,12,1.0,0.0,0.638849207547211,0.638849207547211,,,,1.0
4,hexane_dipole,13,1.0,0.0,0.638849207547211,0.638849207547211,,,,1.0
4,hexane_dipole,14,1.0,0.0,0.638849207547211,0.638849207547211,,,,1.0
4,hexane_dipole,15,1.0,0.0,0.638849207547211,0.638849207547211,,,,1.0
4,hexane_dipole,16,1.0,0.0,0.638849207547211,0.638849207547211,,,,1.0
4,hexane_dipole,17,1.0,0.0,0.638849207547211,0.638849207547211,,,,1.0
4,hexane_dipole,18,1.0,0.0,0.638849207547211,0.638849207547211,,,,1.0
4,hexane_dipole,19,1.0,0.0,0.638849207547211,0.638849207547211,,,,1.0
4,hexane_dipole,20,1.0,0.0,0.638849207547211,0.638849207547211,,,,1.0
4,hexane_dipole,21,1.0,0.0,0.638849207547211,0.638849207547211,,,,1.0
4,hexane_dipole,22,1.0,0.0,0.638849207547211,0.638849207547211,,,,1.0
4,hexane_dipole,23,1.0,0.0,0.638849207547211,0.638849207547211,,,,1.0
4,hexane_dipole,24,1.0,0.0,0.638849207547211,0.638849207547211,,,,1.0
4,hexane_dipole,25,1.0,0.0,0.638849207547211,0.638849207547211,,,,1.0
4,hexane_dipole,26,1.0,0.0,0.638849207547211,0.638849207547211,,,,1.0
4,hexane_dipole,27,1.0,0.0,0.638849207547211,0.638849207547211,,,,1.0
4,hexane_dipole,28,1.0,0.0,0.638849207547211,0.638849207547211,,,,1.0
4,hexane_dipole,29,1.0,0.0,0.638849207547211,0.638849207547211,,,,1.0
4,hexane_dipole,30,1.0,0.0,0.638849207547211,0.638849207547211,,,,1.0
4,hexane_dipole,31,1.0,0.0,0.638849207547211,0.638849207547211,,,,1.0
4,hexane_dipole,32,1.0,0.0,0.638849207547211,0.638849207547211,,,,1.0
4,hexane_dipole,33,1.0,0.0,0.638849207547211,0.638849207547211,,,,1.0
4,hexane_dipole,34,1.0,0.0,0.638849207547211,0.638849207547211,,,,1.0
4,hexane_dipole,35,1.0,0.0,0.638849207547211,0.638849207547211,,,,1.0
4,hexane_dipole,36,1.0,0.0,0.638849207547211,0.638849207547211,,,,1.0
4,hexane_dipole,37,1.0,0.0,0.638849207547211,0.638849207547211,,,,1.0
4,hexane_dipole,38,1.0,0.0,0.638849207547211,0.638849207547211,,,,1.0
4,hexane_dipole,39,1.0,0.0,0.638849207547211,0.638849207547211,,,,1.0
4,hexane_dipole,40,1.0,0.0,0.638849207547211,0.638849207547211,,,,1.0
4,hexane_dipole,41,1.0,0.0,0.638849207547211,0.638849207547211,,,,1.0
4,hexane_dipole,42,1.0,0.0,0.638849207547211,0.638849207547211,,,,1.0
4,hexane_dipole,43,1.0,0.0,0.638849207547211,0.638849207547211,,,,1.0
4,hexane_dipole,44,1.0,0.0,0.638849207547211,0.638849207547211,,,,1.0
4,hexane_dipole,45,1.0,0.0,0.638849207547211,0.638849207547211,,,,1.0
4,hexane_dipole,46,1.0,0.0,0.638849207547211,0.638849207547211,,,,1.0
4,hexane_dipole,47,1.0,0.0,0.638849207547211,0.638849207547211,,,,1.0
4,hexane_dipole,48,1.0,0.0,0.638849207547211,0.638849207547211,,,,1.0
4,hexane_dipole,49,1.0,0.0,0.638849207547211,0.638849207547211,,,,1.0
4,hexane_dipole,50,1.0,0.0,0.638849207547211,0.638849207547211,,,,1.0
4,hexane_dipole,51,1.0,0.0,0.638849207547211,0.638849207547211,,,,1.0
4,hexane_dipole,52,1.0,0.0,0.638849207547211,0.638849207547211,,,,1.0
4,hexane_dipole,53,1.0,0.0,0.638849207547211,0.638849207547211,,,,1.0
4,hexane_dipole,54,1.0,0.0,0.638849207547211,0.638849207547211,,,,1.0
4,hexane_dipole,55,1.0,0.0,0.638849207547211,0.638849207547211,,,,1.0
4,hexane_dipole,56,1.0,0.0,0.638849207547211,0.638849207547211,,,,1.0
4,hexane_dipole,57,1.0,0.0,0.638849207547211,0.638849207547211,,,,1.0
4,hexane_dipole,58,1.0,0.0,0.638849207547211,0.638849207547211,,,,1.0
4,hexane_dipole,59,1.0,0.0,0.638849207547211,0.638849207547211,,,,1.0
4,hexane_dipole,60,1.0,0.0,0.638849207547211,0.638849207547211,,,,1.0
4,hexane_dipole,61,1.0,0.0,0.638849207547211,0.638849207547211,,,,1.0
4,hexane_dipole,62,1.0,0.0,0.638849207547211,0.638849207547211,,,,1.0
4,hexane_dipole,63,1.0,0.0,0.638849207547211,0.638849207547211,,,,1.0
4,hexane_dipole,64,1.0,0.0,0.638849207547211,0.638849207547211,,,,1.0
4,hexane_dipole,65,1.0,0.0,0.638849207547211,0.638849207547211,,,,1.0
4,hexane_dipole,66,1.0,0.0,0.638849207547211,0.638849207547211,,,,1.0
4,hexane_dipole,67,1.0,0.0,0.638849207547211,0.638849207547211,,,,1.0
4,hexane_dipole,68,1.0,0.0,0.638849207547211,0.638849207547211,,,,1.0
4,hexane_dipole,69,1.0,0.0,0.638849207547211,0.638849207547211,,,,1.0
4,hexane_dipole,70,1.0,0.0,0.638849207547211,0.638849207547211,,,,1.0
4,hexane_dipole,71,1.0,0.0,0.638849207547211,0.638849207547211,,,,1.0
4,hexane_dipole,72,1.0,0.0,0.638849207547211,0.638849207547211,,,,1.0
4,hexane_dipole,73,1.0,0.0,0.638849207547211,0.638849207547211,,,,1.0
4,hexane_dipole,74,1.0,0.0,0.638849207547211,0.638849207547211,,,,1.0
4,hexane_dipole,75,1.0,0.0,0.638849207547211,0.638849207547211,,,,1.0
4,hexane_dipole,76,1.0,0.0,0.638849207547211,0.638849207547211,,,,1.0
4,hexane_dipole,77,1.0,0.0,0.638849207547211,0.638849207547211,,,,1.0
4,hexane_dipole,78,1.0,0.0,0.638849207547211,0.638849207547211,,,,1.0
4,hexane_dipole,79,1.0,0.0,0.638849207547211,0.638849207547211,,,,1.0
4,hexane_dipole,80,1.0,0.0,0.638849207547211,0.638849207547211,,,,1.0
4,hexane_dipole,81,1.0,0.0,0.638849207547211,0.638849207547211,,,,1.0
4,hexane_dipole,82,1.0,0.0,0.638849207547211,0.638849207547211,,,,1.0
4,hexane_dipole,83,1.0,0.0,0.638849207547211,0.638849207547211,,,,1.0
4,hexane_dipole,84,1.0,0.0,0.638849207547211,0.638849207547211,,,,1.0
4,hexane_dipole,85,1.0,0.0,0.638849207547211,0.638849207547211,,,,1.0
4,hexane_dipole,86,1.0,0.0,0.638849207547211,0.638849207547211,,,,1.0
4,hexane_dipole,87,1.0,0.0,0.638849207547211,0.638849207547211,,,,1.0
4,hexane_dipole,88,1.0,0.0,0.638849207547211,0.638849207547211,,,,1.0
4,hexane_dipole,89,1.0,0.0,0.638849207547211,0.638849207547211,,,,1.0
4,hexane_dipole,90,1.0,0.0,0.638849207547211,0.638849207547211,,,,1.0
4,hexane_dipole,91,1.0,0.0,0.638849207547211,0.638849207547211,,,,1.0
4,hexane_dipole,92,1.0,0.0,0.638849207547211,0.638849207547211,,,,1.0
4,hexane_dipole,93,1.0,0.0,0.638849207547211,0.638849207547211,,,,1.0
4,hexane_dipole,94,1.0,0.0,0.638849207547211,0.638849207547211,,,,1.0
4,hexane_dipole,95,1.0,0.0,0.638849207547211,0.638849207547211,,,,1.0
4,hexane_dipole,96,1.0,0.0,0.638849207547211,0.638849207547211,,,,1.0
4,hexane_dipole,97,1.0,0.0,0.638849207547211,0.638849207547211,,,,1.0
4,hexane_dipole,98,1.0,0.0,0.638849207547211,0.638849207547211,,,,1.0
4,hexane_dipole,99,1.0,0.0,0.638849207547211,0.638849207547211,,,,1.0
4,hexane_dipole,100,1.0,0.0,0.638849207547211,0.638849207547211,,,,1.0
4,hexane_dipole,101,1.0,0.0,0.638849207547211,0.638849207547211,,,,1.0
4,hexane_dipole,102,1.0,0.0,0.638849207547211,0.638849207547211,,,,1.0
4,hexane_dipole,103,1.0,0.0,0.638849207547211,0.638849207547211,,,,1.0
4,hexane_dipole,104,1.0,0.0,0.638849207547211,0.638849207547211,,,,1.0
4,hexane_dipole,105,1.0,0.0,0.638849207547211,0.638849207547211,,,,1.0
4,hexane_dipole,106,1.0,0.0,0.638849207547211,0.638849207547211,,,,1.0
4,hexane_dipole,107,1.0,0.0,0.638849207547211,0.638849207547211,,,,1.0
4,hexane_dipole,108,1.0,0.0,0.638849207547211,0.638849207547211,,,,1.0
4,hexane_dipole,109,1.0,0.0,0.638849207547211,0.638849207547211,,,,1.0
4,hexane_dipole,110,1.0,0.0,0.638849207547211,0.638849207547211,,,,1.0
4,hexane_dipole,111,1.0,0.0,0.638849207547211,0.638849207547211,,,,1.0
4,hexane_dipole,112,1.0,0.0,0.638849207547211,0.638849207547211,,,,1.0
4,hexane_dipole,113,1.0,0.0,0.638849207547211,0.638849207547211,,,,1.0
4,hexane_dipole,114,1.0,0.0,0.638849207547211,0.638849207547211,,,,1.0
4,hexane_dipole,115,1.0,0.0,0.638849207547211,0.638849207547211,,,,1.0
4,hexane_dipole,116,1.0,0.0,0.638849207547211,0.638849207547211,,,,1.0
4,hexane_dipole,117,1.0,0.0,0.638849207547211,0.638849207547211,,,,1.0
4,hexane_dipole,118,1.0,0.0,0.638849207547211,0.638849207547211,,,,1.0
4,hexane_dipole,119,1.0,0.0,0.638849207547211,0.638849207547211,,,,1.0
4,hexane_dipole,120,1.0,0.0,0.638849207547211,0.638849207547211,,,,1.0
4,hexane_dipole,121,1.0,0.0,0.638849207547211,0.638849207547211,,,,1.0
4,hexane_dipole,122,1.0,0.0,0.638849207547211,0.638849207547211,,,,1.0
4,hexane_dipole,123,1.0,0.0,0.638849207547211,0.638849207547211,,,,1.0
4,hexane_dipole,124,1.0,0.0,0.638849207547211,0.638849207547211,,,,1.0
4,hexane_dipole,125,1.0,0.0,0.638849207547211,0.638849207547211,,,,1.0
4,hexane_dipole,126,1.0,0.0,0.638849207547211,0.638849207547211,,,,1.0
4,hexane_dipole,127,1.0,0.0,0.638849207547211,0.638849207547211,,,,1.0
4,hexane_dipole,128,1.0,0.0,0.638849207547211,0.638849207547211,,,,1.0
4,hexane_dipole,129,1.0,0.0,0.638849207547211,0.638849207547211,,,,1.0
4,hexane_dipole,130,1.0,0.0,0.638849207547211,0.638849207547211,,,,1.0
4,hexane_dipole,131,1.0,0.0,0.638849207547211,0.638849207547211,,,,1.0
4,hexane_dipole,132,1.0,0.0,0.638849207547211,0.638849207547211,,,,1.0
4,hexane_dipole,133,1.0,0.0,0.638849207547211,0.638849207547211,,,,1.0
4,hexane_dipole,134,1.0,0.0,0.638849207547211,0.638849207547211,,,,1.0
4,hexane_dipole,135,1.0,0.0,0.638849207547211,0.638849207547211,,,,1.0
4,hexane_dipole,136,1.0,0.0,0.638849207547211,0.638849207547211,,,,1.0
4,hexane_dipole,137,1.0,0.0,0.638849207547211,0.638849207547211,,,,1.0
4,hexane_dipole,138,1.0,0.0,0.638849207547211,0.638849207547211,,,,1.0
4,hexane_dipole,139,1.0,0.0,0.638849207547211,0.638849207547211,,,,1.0
4,hexane_dipole,140,1.0,0.0,0.638849207547211,0.638849207547211,,,,1.0
4,hexane_dipole,141,1.0,0.0,0.638849207547211,0.638849207547211,,,,1.0
4,hexane_dipole,142,1.0,0.0,0.638849207547211,0.638849207547211,,,,1.0
4,hexane_dipole,143,1.0,0.0,0.638849207547211,0.638849207547211,,,,1.0
4,hexane_dipole,144,1.0,0.0,0.638849207547211,0.638849207547211,,,,1.0
4,hexane_dipole,145,1.0,0.0,0.638849207547211,0.638849207547211,,,,1.0
4,hexane_dipole,146,1.0,0.0,0.638849207547211,0.638849207547211,,,,1.0
4,hexane_dipole,147,1.0,0.0,0.638849207547211,0.638849207547211,,,,1.0
4,hexane_dipole,148,1.0,0.0,0.638849207547211,0.638849207547211,,,,1.0
4,hexane_dipole,149,1.0,0.0,0.638849207547211,0.638849207547211,,,,1.0
4,hexane_dipole,150,1.0,0.0,0.638849207547211,0.638849207547211,,,,1.0
4,hexane_dipole,151,1.0,0.0,0.638849207547211,0.638849207547211,,,,1.0
4,hexane_dipole,152,1.0,0.0,0.638849207547211,0.638849207547211,,,,1.0
4,hexane_dipole,153,1.0,0.0,0.638849207547211,0.638849207547211,,,,1.0
4,hexane_dipole,154,1.0,0.0,0.638849207547211,0.638849207547211,,,,1.0
4,hexane_dipole,155,1.0,0.0,0.638849207547211,0.638849207547211,,,,1.0
4,hexane_dipole,156,1.0,0.0,0.638849207547211,0.638849207547211,,,,1.0
4,hexane_dipole,157,1.0,0.0,0.638849207547211,0.638849207547211,,,,1.0
4,hexane_dipole,158,1.0,0.0,0.638849207547211,0.638849207547211,,,,1.0
4,hexane_dipole,159,1.0,0.0,0.638849207547211,0.638849207547211,,,,1.0
4,hexane_dipole,160,1.0,0.0,0.638849207547211,0.638849207547211,,,,1.0
4,hexane_dipole,161,1.0,0.0,0.638849207547211,0.638849207547211,,,,1.0
4,hexane_dipole,162,1.0,0.0,0.638849207547211,0.638849207547211,,,,1.0
4,hexane_dipole,163,1.0,0.0,0.638849207547211,0.638849207547211,,,,1.0
4,hexane_dipole,164,1.0,0.0,0.638849207547211,0.638849207547211,,,,1.0
4,hexane_dipole,165,1.0,0.0,0.638849207547211,0.638849207547211,,,,1.0
4,hexane_dipole,166,1.0,0.0,0.638849207547211,0.638849207547211,,,,1.0
4,hexane_dipole,167,1.0,0.0,0.638849207547211,0.638849207547211,,,,1.0
4,hexane_dipole,168,1.0,0.0,0.638849207547211,0.638849207547211,,,,1.0
4,hexane_dipole,169,1.0,0.0,0.638849207547211,0.638849207547211,,,,1.0
4,hexane_dipole,170,1.0,0.0,0.638849207547211,0.638849207547211,,,,1.0
4,hexane_dipole,171,1.0,0.0,0.638849207547211,0.638849207547211,,,,1.0
4,hexane_dipole,172,1.0,0.0,0.638849207547211,0.638849207547211,,,,1.0
4,hexane_dipole,173,1.0,0.0,0.638849207547211,0.638849207547211,,,,1.0
4,hexane_dipole,174,1.0,0.0,0.638849207547211,0.638849207547211,,,,1.0
4,hexane_dipole,175,1.0,0.0,0.638849207547211,0.638849207547211,,,,1.0
4,hexane_dipole,176,1.0,0.0,0.638849207547211,0.638849207547211,,,,1.0
4,hexane_dipole,177,1.0,0.0,0.638849207547211,0.638849207547211,,,,1.0
4,hexane_dipole,178,1.0,0.0,0.638849207547211,0.638849207547211,,,,1.0
4,hexane_dipole,179,1.0,0.0,0.638849207547211,0.638849207547211,,,,1.0
4,hexane_dipole,180,1.0,0.0,0.638849207547211,0.638849207547211,,,,1.0
4,hexane_dipole,181,1.0,0.0,0.638849207547211,0.638849207547211,,,,1.0
4,hexane_dipole,182,1.0,0.0,0.638849207547211,0.638849207547211,,,,1.0
4,hexane_dipole,183,1.0,0.0,0.638849207547211,0.638849207547211,,,,1.0
4,hexane_dipole,184,1.0,0.0,0.638849207547211,0.638849207547211,,,,1.0
4,hexane_dipole,185,1.0,0.0,0.638849207547211,0.638849207547211,,,,1.0
4,hexane_dipole,186,1.0,0.0,0.638849207547211,0.638849207547211,,,,1.0
4,hexane_dipole,187,1.0,0.0,0.638849207547211,0.638849207547211,,,,1.0
4,hexane_dipole,188,1.0,0.0,0.638849207547211,0.638849207547211,,,,1.0
4,hexane_dipole,189,1.0,0.0,0.638849207547211,0.638849207547211,,,,1.0
4,hexane_dipole,190,1.0,0.0,0.638849207547211,0.638849207547211,,,,1.0
4,hexane_dipole,191,1.0,0.0,0.638849207547211,0.638849207547211,,,,1.0
4,hexane_dipole,192,1.0,0.0,0.638849207547211,0.638849207547211,,,,1.0
4,hexane_dipole,193,1.0,0.0,0.638849207547211,0.638849207547211,,,,1.0
4,hexane_dipole,194,1.0,0.0,0.638849207547211,0.638849207547211,,,,1.0
4,hexane_dipole,195,1.0,0.0,0.638849207547211,0.638849207547211,,,,1.0
4,hexane_dipole,196,1.0,0.0,0.638849207547211,0.638849207547211,,,,1.0
4,hexane_dipole,197,1.0,0.0,0.638849207547211,0.638849207547211,,,,1.0
4,hexane_dipole,198,1.0,0.0,0.638849207547211,0.638849207547211,,,,1.0
4,hexane_dipole,199,1.0,0.0,0.638849207547211,0.638849207547211,,,,1.0
4,hexane_dipole,200,1.0,0.0,0.638849207547211,0.638849207547211,,,,1.0
4,hexane_dipole,201,1.0,0.0,0.638849207547211,0.638849207547211,,,,1.0
4,hexane_dipole,202,1.0,0.0,0.638849207547211,0.638849207547211,,,,1.0
4,hexane_dipole,203,1.0,0.0,0.638849207547211,0.638849207547211,,,,1.0
4,hexane_dipole,204,1.0,0.0,0.638849207547211,0.638849207547211,,,,1.0
4,hexane_dipole,205,1.0,0.0,0.638849207547211,0.638849207547211,,,,1.0
4,hexane_dipole,206,1.0,0.0,0.638849207547211,0.638849207547211,,,,1.0
4,hexane_dipole,207,1.0,0.0,0.638849207547211,0.638849207547211,,,,1.0
4,hexane_dipole,208,1.0,0.0,0.638849207547211,0.638849207547211,,,,1.0
4,hexane_dipole,209,1.0,0.0,0.638849207547211,0.638849207547211,,,,1.0
4,hexane_dipole,210,1.0,0.0,0.638849207547211,0.638849207547211,,,,1.0
4,hexane_dipole,211,1.0,0.0,0.638849207547211,0.638849207547211,,,,1.0
4,hexane_dipole,212,1.0,0.0,0.638849207547211,0.638849207547211,,,,1.0
4,hexane_dipole,213,1.0,0.0,0.638849207547211,0.638849207547211,,,,1.0
4,hexane_dipole,214,1.0,0.0,0.638849207547211,0.638849207547211,,,,1.0
4,hexane_dipole,215,1.0,0.0,0.638849207547211,0.638849207547211,,,,1.0
4,hexane_dipole,216,1.0,0.0,0.638849207547211,0.638849207547211,,,,1.0
4,hexane_dipole,217,1.0,0.0,0.638849207547211,0.638849207547211,,,,1.0
4,hexane_dipole,218,1.0,0.0,0.638849207547211,0.638849207547211,,,,1.0
4,hexane_dipole,219,1.0,0.0,0.638849207547211,0.638849207547211,,,,1.0
4,hexane_dipole,220,1.0,0.0,0.638849207547211,0.638849207547211,,,,1.0
4,hexane_dipole,221,1.0,0.0,0.638849207547211,0.638849207547211,,,,1.0
4,hexane_dipole,222,1.0,0.0,0.638849207547211,0.638849207547211,,,,1.0
4,hexane_dipole,223,1.0,0.0,0.638849207547211,0.638849207547211,,,,1.0
4,hexane_dipole,224,1.0,0.0,0.638849207547211,0.638849207547211,,,,1.0
4,hexane_dipole,225,1.0,0.0,0.638849207547211,0.638849207547211,,,,1.0
4,hexane_dipole,226,1.0,0.0,0.638849207547211,0.638849207547211,,,,1.0
4,hexane_dipole,227,1.0,0.0,0.638849207547211,0.638849207547211,,,,1.0
4,hexane_dipole,228,1.0,0.0,0.638849207547211,0.638849207547211,,,,1.0
4,hexane_dipole,229,1.0,0.0,0.638849207547211,0.638849207547211,,,,1.0
4,hexane_dipole,230,1.0,0.0,0.638849207547211,0.638849207547211,,,,1.0
4,hexane_dipole,231,1.0,0.0,0.638849207547211,0.638849207547211,,,,1.0
4,hexane_dipole,232,1.0,0.0,0.638849207547211,0.638849207547211,,,,1.0
4,hexane_dipole,233,1.0,0.0,0.638849207547211,0.638849207547211,,,,1.0
4,hexane_dipole,234,1.0,0.0,0.638849207547211,0.638849207547211,,,,1.0
4,hexane_dipole,235,1.0,0.0,0.638849207547211,0.638849207547211,,,,1.0
4,hexane_dipole,236,1.0,0.0,0.638849207547211,0.638849207547211,,,,1.0
4,hexane_dipole,237,1.0,0.0,0.638849207547211,0.638849207547211,,,,1.0
4,hexane_dipole,238,1.0,0.0,0.638849207547211,0.638849207547211,,,,1.0
4,hexane_dipole,239,1.0,0.0,0.638849207547211,0.638849207547211,,,,1.0
4,hexane_dipole,240,1.0,0.0,0.638849207547211,0.638849207547211,,,,1.0
4,hexane_dipole,241,1.0,0.0,0.638849207547211,0.638849207547211,,,,1.0
4,hexane_dipole,242,1.0,0.0,0.638849207547211,0.638849207547211,,,,1.0
4,hexane_dipole,243,1.0,0.0,0.638849207547211,0.638849207547211,,,,1.0
4,hexane_dipole,244,1.0,0.0,0.638849207547211,0.638849207547211,,,,1.0
4,hexane_dipole,245,1.0,0.0,0.638849207547211,0.638849207547211,,,,1.0
4,hexane_dipole,246,1.0,0.0,0.638849207547211,0.638849207547211,,,,1.0
4,hexane_dipole,247,1.0,0.0,0.638849207547211,0.638849207547211,,,,1.0
4,hexane_dipole,248,1.0,0.0,0.638849207547211,0.638849207547211,,,,1.0
4,hexane_dipole,249,1.0,0.0,0.638849207547211,0.638849207547211,,,,1.0
5,sco_kcal,0,0.9695116281509399,0.0037780581042170525,0.8091133088791251,0.9186708146566793,0.9427529573440552,2.911330223083496,3.0881157151554963,0.86
5,sco_kcal,1,0.14707624912261963,0.029740100726485252,0.6542638640771254,0.9562465073121771,5.345494747161865,0.0653906762599945,0.01223285764048557,0.08
5,sco_kcal,2,0.5355399250984192,0.001654714229516685,0.6729123077047283,0.9692484657824809,0.14442040026187897,0.18957944214344025,1.3126915712716065,0.46
5,sco_kcal,3,0.24676771461963654,0.01857314631342888,0.6617429940805168,0.9581306551867059,3.7563321590423584,0.20861370861530304,0.05553654463520264,0.26
5,sco_kcal,4,0.30870383977890015,0.007335031405091286,0.668962064010515,0.9632728100109247,1.6144903898239136,0.44757136702537537,0.2772214500912516,0.18
5,sco_kcal,5,0.2553429901599884,0.0029439942445605993,0.6458017489081675,0.9873932758969004,0.6009462475776672,0.10905589908361435,0.1814736334958474,0.22
5,sco_kcal,6,0.35798969864845276,0.007341001648455858,0.6544692799209724,0.9534517582010644,1.4780070781707764,0.42168137431144714,0.28530402901272434,0.2
5,sco_kcal,7,0.5367341637611389,0.011837311089038849,0.6534721340260505,0.934554327055791,2.16198468208313,1.2916014194488525,0.5974146950034632,0.44
5,sco_kcal,8,0.905693531036377,0.005387118551880121,0.728285108131969,0.9172593834398843,1.0586580038070679,1.744827151298523,1.648149964411457,0.8
5,sco_kcal,9,0.21899884939193726,0.006204684264957905,0.6762363212969973,0.9759475905710655,1.4600952863693237,0.11583014577627182,0.07933053880633731,0.14
5,sco_kcal,10,0.5495669841766357,0.007620729506015778,0.6561287535279956,0.9378250260333014,1.3583983182907104,0.8435885906219482,0.6210171046762236,0.34
5,sco_kcal,11,0.155082106590271,0.016128070652484894,0.6575610035825863,0.9751748671326648,3.337390899658203,0.16585040092468262,0.04969462850206372,0.1
5,sco_kcal,12,0.6150858998298645,0.02019035443663597,0.6691325681417764,0.8830644628166531,4.528225421905518,2.788817882537842,0.6158743487121457,0.48
5,sco_kcal,13,0.4878278076648712,0.002501302631571889,0.6429499378675472,0.9619838373394449,0.3800380527973175,0.15016578137874603,0.39513354063739686,0.38
5,sco_kcal,14,0.22798945009708405,0.043816737830638885,0.6891402509966464,0.8911421631688996,10.920641899108887,1.8977632522583008,0.17377762862210108,0.22
5,sco_kcal,15,0.827241063117981,0.0027519504074007273,0.6845642316863814,0.9585376917180601,0.5146982669830322,0.7215137481689453,1.4018188800171947,0.6
5,sco_kcal,16,0.7247596383094788,0.008792874403297901,0.7055786603145744,0.9178819774648999,1.955899953842163,1.9191761016845703,0.9812240641013091,0.56
5,sco_kcal,17,0.17677375674247742,0.045000553131103516,0.6836277002451794,0.9076833551083907,10.942139625549316,1.811588168144226,0.16556068832408824,0.04
5,sco_kcal,18,0.18921034038066864,0.016924269497394562,0.6771870909354956,0.9331620620836505,3.855710029602051,0.24041759967803955,0.06235365155373293,0.08
5,sco_kcal,19,0.3182300627231598,0.004652623552829027,0.6486978873761224,0.9770336230187358,0.8872854113578796,0.19688409566879272,0.22189488652527958,0.26
5,sco_kcal,20,0.9054455757141113,0.005476400256156921,0.7083912921320099,0.9202808567654983,1.2513583898544312,1.9771037101745605,1.579966000311513,0.54
5,sco_kcal,21,0.9848710298538208,0.0020919949747622013,0.8048303724685597,0.9204451687682949,0.33119481801986694,1.859215497970581,5.613661195203407,0.9
5,sco_kcal,22,0.9155927300453186,0.010229532606899738,0.7172326412762593,0.952465914501543,2.170055866241455,4.121747016906738,1.8993736894182451,0.64
5,sco_kcal,23,0.4423936605453491,0.02005172334611416,0.6611078994406288,0.8961249753344447,3.7774269580841064,1.6171410083770752,0.42810649320861566,0.18
5,sco_kcal,24,0.4327723979949951,0.012872141785919666,0.6871837785418395,0.912012193767946,3.1861703395843506,1.3822168111801147,0.4338176129529945,0.26
5,sco_kcal,25,0.29344290494918823,0.0049938056617975235,0.6381953673540424,0.9727415593323212,0.9122487902641296,0.10785152018070221,0.11822599419339895,0.22
5,sco_kcal,26,0.6185711622238159,0.010655136778950691,0.6674599835938184,0.9317818307148333,2.0985217094421387,1.5177127122879028,0.7232294550297336,0.5
5,sco_kcal,27,0.11410427838563919,0.013400525785982609,0.6548420070578744,0.9443256719055568,2.586296319961548,0.052496738731861115,0.020298037130038377,0.12
5,sco_kcal,28,0.8566997051239014,0.008690117858350277,0.7307646423535261,0.9156388322613662,1.7787752151489258,2.683645248413086,1.5087039810077414,0.64
5,sco_kcal,29,0.7401031255722046,0.009564598090946674,0.6764496749462647,0.9132040349596402,2.1845524311065674,1.4952129125595093,0.6844481694596459,0.62
5,sco_kcal,30,0.7385584115982056,0.011217895895242691,0.6713007986769504,0.8992349754561857,2.404510021209717,1.9150569438934326,0.7964437357303927,0.68
5,sco_kcal,31,0.4203958511352539,0.009083665907382965,0.6650128118643233,0.9384827274350527,1.9359407424926758,0.6591112017631531,0.3404604217970513,0.3
5,sco_kcal,32,0.7961074709892273,0.01047125831246376,0.6924104165780254,0.910109816885976,2.1746339797973633,2.135427236557007,0.9819708771201994,0.64
5,sco_kcal,33,0.7531179189682007,0.008434672839939594,0.6900869707593416,0.9012068316139041,1.7551424503326416,1.7818793058395386,1.01523343903045,0.58
5,sco_kcal,34,0.23708948493003845,0.017732731997966766,0.6481047780751841,0.9463547252773659,3.110194206237793,0.17348743975162506,0.055780259446075536,0.26
5,sco_kcal,35,0.1250753253698349,0.012567009776830673,0.652251396104299,0.9491321483118695,2.5408713817596436,0.1299014389514923,0.051124759751330254,0.08
5,sco_kcal,36,0.28309690952301025,0.031312406063079834,0.6633563587382252,0.9444530622336897,6.524677276611328,1.5499160289764404,0.23754677254802226,0.1
5,sco_kcal,37,0.8981465101242065,0.015166508965194225,0.7167970466752411,0.9506657064320729,3.231006622314453,4.698070526123047,1.4540578449070767,0.52
5,sco_kcal,38,0.12316140532493591,0.012521114200353622,0.6645996158217611,0.9699753860693396,2.6892800331115723,0.11535269767045975,0.042893524010213784,0.08
5,sco_kcal,39,0.32304027676582336,0.034486476331949234,0.6456503623949559,0.9282680907908465,6.251652717590332,1.6476515531539917,0.2635545555046555,0.14
5,sco_kcal,40,0.22001564502716064,0.007901791483163834,0.639731399828426,0.9487250166487304,1.5810670852661133,0.31687965989112854,0.20042138808916748,0.18
5,sco_kcal,41,0.6673823595046997,0.005658735521137714,0.6789853892831279,0.9778129125601274,1.1080290079116821,0.7957372069358826,0.7181555728722478,0.68
5,sco_kcal,42,0.29429909586906433,0.010941552929580212,0.6868563925002609,0.9431967228507643,2.6166131496429443,0.5189070701599121,0.1983124904156049,0.14
5,sco_kcal,43,0.31576716899871826,0.007686098571866751,0.6410129988409734,0.9652286620279502,1.399499535560608,0.10869856178760529,0.07766959475557317,0.32
5,sco_kcal,44,0.11816353350877762,0.01233557891100645,0.6392341748058277,0.9601726803753015,2.1197729110717773,0.30019450187683105,0.14161634970844583,0.06
5,sco_kcal,45,0.7547627687454224,0.014405325055122375,0.6915030187704267,0.9233669871665762,2.7525062561035156,2.674645185470581,0.9717126635188268,0.68
5,sco_kcal,46,0.3566543459892273,0.007513978518545628,0.661141664239139,0.9715643995255112,1.5485225915908813,0.16628649830818176,0.10738396663451104,0.34
5,sco_kcal,47,0.9405941367149353,0.003689911449328065,0.7485153664015121,0.9197529545914809,0.6342884302139282,1.6578755378723145,2.6137565481261547,0.86
5,sco_kcal,48,0.19062484800815582,0.012306240387260914,0.6482011710961149,0.9826523681802959,2.4340150356292725,0.40445420145988464,0.16616750329782576,0.16
5,sco_kcal,49,0.6540573239326477,0.007413606625050306,0.6774269298558384,0.8912278586723481,1.6527842283248901,1.0712692737579346,0.6481603922634683,0.48
5,sco_kcal,50,0.30413004755973816,0.00777171365916729,0.6564579255215273,0.9708382041554995,1.5393365621566772,0.10515834391117096,0.06831406886343268,0.32
5,sco_kcal,51,0.30984076857566833,0.008402298204600811,0.6564239583549014,0.9514203526252565,1.749304175376892,0.09269401431083679,0.05298907738036218,0.16
5,sco_kcal,52,0.10119660943746567,0.02430146373808384,0.630679035202736,0.9614024543916111,3.8861846923828125,0.017600538209080696,0.004529001990970463,0.12
5,sco_kcal,53,0.08786867558956146,0.024669284000992775,0.6714265847981653,0.9710353235601541,5.293361186981201,0.03128739818930626,0.005910686439885549,0.12
5,sco_kcal,54,0.1464260071516037,0.015772489830851555,0.6622547672058237,0.9639382670816725,3.2990734577178955,0.06735158711671829,0.020415303866349235,0.08
5,sco_kcal,55,0.8876878619194031,0.0021888576447963715,0.7232932991728898,0.9334027066945856,0.33180007338523865,0.7408127188682556,2.232708122424464,0.78
5,sco_kcal,56,0.4399375915527344,0.0036802918184548616,0.6398115544138046,0.9589302574574068,0.6965318322181702,0.3115672767162323,0.44731232989598974,0.28
5,sco_kcal,57,0.15630567073822021,0.004980613011866808,0.6680086194476107,0.9489127214891275,1.1530001163482666,0.0511905662715435,0.04439771128009259,0.1
5,sco_kcal,58,0.15366865694522858,0.004632219206541777,0.6682843791620658,0.9662591647033245,1.1184284687042236,0.08817940950393677,0.07884224335428325,0.16
5,sco_kcal,59,0.1292613446712494,0.013893241994082928,0.6538924941936797,0.9754108645040815,2.862501859664917,0.07706470042467117,0.026922148596854475,0.04
5,sco_kcal,60,0.5100681185722351,0.008785886690020561,0.69697858176584,0.9273237309263307,2.2017970085144043,0.8010658025741577,0.3638236401795516,0.42
5,sco_kcal,61,0.5472212433815002,0.010157758370041847,0.6857883614385905,0.9405806740980067,2.2098584175109863,1.183249831199646,0.5354414662150018,0.42
5,sco_kcal,62,0.686744749546051,0.01237728726118803,0.6738700152261818,0.9230861195885831,2.355027198791504,2.3002524375915527,0.9767413466697713,0.56
5,sco_kcal,63,0.16104617714881897,0.0177806094288826,0.6571200577361092,0.9627200588342264,3.3557982444763184,0.08946079015731812,0.026658572309754193,0.14
5,sco_kcal,64,0.13877934217453003,0.015413742512464523,0.6508857122230871,0.9748570313108218,3.1160805225372314,0.09341738373041153,0.029979130210135756,0.04
5,sco_kcal,65,0.9264578819274902,0.0049191927537322044,0.7201850671848586,0.9120567140088731,1.0629758834838867,1.7114325761795044,1.6100389508088473,0.92
5,sco_kcal,66,0.9596846103668213,0.002445600228384137,0.7747031814624803,0.9278806555213408,0.42293983697891235,1.4653346538543701,3.464640891530469,0.94
5,sco_kcal,67,0.2437073290348053,0.007598862983286381,0.6536755998793868,0.9494044554777883,1.4786200523376465,0.15234987437725067,0.10303517400321391,0.2
5,sco_kcal,68,0.184283047914505,0.05403873324394226,0.6522851992955903,0.9392725518815785,10.181360244750977,0.5618659853935242,0.055185748454701374,0.14
5,sco_kcal,69,0.07178911566734314,0.0067450799979269505,0.660940825948336,0.9476115622998422,1.4348480701446533,0.07537341117858887,0.05253058685926946,0.08
5,sco_kcal,70,0.8224537968635559,0.0019154625479131937,0.6857940665212121,0.9323967199672472,0.23614652454853058,0.4506704807281494,1.9084357967569068,0.82
5,sco_kcal,71,0.3982665538787842,0.01881515607237816,0.65109133977058,0.8954790645397814,3.950427770614624,1.813019037246704,0.45894245953131985,0.16
5,sco_kcal,72,0.16339066624641418,0.025800781324505806,0.6413353196053178,0.950257638888198,4.716251373291016,0.5033020973205566,0.1067165546287137,0.14
5,sco_kcal,73,0.37855926156044006,0.05102210491895676,0.6808104211671078,0.941082341266994,11.932906150817871,1.0604907274246216,0.08887111940890748,0.06
5,sco_kcal,74,0.4598434567451477,0.006729191169142723,0.6520243983142464,0.9341449243396434,1.3158478736877441,0.6080423593521118,0.4620916836290778,0.32
5,sco_kcal,75,0.5985377430915833,0.016086533665657043,0.6682056768477398,0.918961198316762,3.178347587585449,2.2076032161712646,0.6945757678594093,0.4
5,sco_kcal,76,0.061748113483190536,0.03252692148089409,0.6536848616939446,0.9751903709446761,5.786880016326904,0.03149234130978584,0.005442024237747186,0.04
5,sco_kcal,77,0.831110954284668,0.005766013637185097,0.7097333342504046,0.9285221523805878,1.086437463760376,1.5689945220947266,1.4441645970713535,0.64
5,sco_kcal,78,0.10126882791519165,0.036051224917173386,0.6505069140412019,0.9566985164895447,6.2991557121276855,0.03988983854651451,0.006332569056788849,0.16
5,sco_kcal,79,0.15554119646549225,0.004153244663029909,0.6495582640693558,0.9647206042423169,0.8936015963554382,0.044623322784900665,0.049936485081156154,0.14
5,sco_kcal,80,0.8426388502120972,0.0074169994331896305,0.7170779684797948,0.9276556373800326,1.5785202980041504,1.9404104948043823,1.2292591341763541,0.78
5,sco_kcal,81,0.24877147376537323,0.0098563302308321,0.669393099131296,0.960346519638698,2.1739892959594727,0.3027521073818207,0.1392610846541466,0.12
5,sco_kcal,82,0.3267380893230438,0.005026316735893488,0.6424295319207043,0.968513490368363,0.9342725872993469,0.17381027340888977,0.1860380747243308,0.22
5,sco_kcal,83,0.39372143149375916,0.002396676456555724,0.6465248686580971,0.9723998854388616,0.4943830966949463,0.17484578490257263,0.35366456918016215,0.18
5,sco_kcal,84,0.6188385486602783,0.006741426419466734,0.691096272966778,0.9264054325382789,1.6925947666168213,0.9086716771125793,0.5368512859866885,0.36
5,sco_kcal,85,0.7358766794204712,0.007436762563884258,0.7094478922644691,0.9279822612276702,1.7776849269866943,1.3966425657272339,0.7856524767269333,0.52
5,sco_kcal,86,0.3351879417896271,0.00405163737013936,0.6492949917452793,0.9644394042914937,0.7773672342300415,0.15478108823299408,0.19910935452058257,0.26
5,sco_kcal,87,0.35907456278800964,0.00664416141808033,0.6747411395498426,0.9341499548596024,1.584696650505066,0.4509568214416504,0.28456980791744835,0.22
5,sco_kcal,88,0.4019569158554077,0.012585758231580257,0.6544300309073456,0.960441998254919,2.510206460952759,0.8073214292526245,0.32161554908364093,0.28
5,sco_kcal,89,0.14992041885852814,0.011485257185995579,0.634450925276911,0.9733099608778673,2.0878801345825195,0.1321844458580017,0.06331036138932016,0.12
5,sco_kcal,90,0.4315812885761261,0.0056775640696287155,0.6485903431867628,0.9436718417125001,1.0952426195144653,0.5333813428878784,0.48699834482731597,0.36
5,sco_kcal,91,0.4017803966999054,0.0025555577594786882,0.6585264689645525,0.9693269340235857,0.5899558067321777,0.21207796037197113,0.3594810966378846,0.22
5,sco_kcal,92,0.3308062255382538,0.0065163858234882355,0.6391801244926938,0.963138391103145,1.1925506591796875,0.29347410798072815,0.2460894266601625,0.26
5,sco_kcal,93,0.2080659717321396,0.021980896592140198,0.6461240957960968,0.9483144446859559,3.8783421516418457,0.298494428396225,0.07696443911475455,0.24
5,sco_kcal,94,0.8072490096092224,0.0070729441940784454,0.7005422620933999,0.9222398698389205,1.5716077089309692,1.6338746547698975,1.0396199035453213,0.78
5,sco_kcal,95,0.234909787774086,0.007517585996538401,0.6531136606996497,0.9537496517725046,1.5068435668945312,0.10227558016777039,0.06787405303030303,0.1
5,sco_kcal,96,0.8650553226470947,0.004228375386446714,0.7239796731123662,0.9404560485231321,1.0820167064666748,1.1537116765975952,1.0662605019889575,0.86
5,sco_kcal,97,0.38673779368400574,0.005376366898417473,0.67295872180886,0.9532813836219285,1.2260065078735352,0.3957068920135498,0.32276084137586625,0.28
5,sco_kcal,98,0.21259303390979767,0.011429022997617722,0.6573336866385766,0.9547307995363559,2.2750492095947266,0.09607763588428497,0.04223101437942087,0.18
5,sco_kcal,99,0.75704425573349,0.005327929742634296,0.7077647089551957,0.9441592859212746,1.282835602760315,0.8520917892456055,0.664225242433352,0.58
5,sco_kcal,100,0.4447965621948242,0.009653568267822266,0.665159034000558,0.9641917887954581,2.1444222927093506,0.38481318950653076,0.179448418725559,0.4
5,sco_kcal,101,0.09082096070051193,0.04553378000855446,0.6547933014117657,0.9630511967698847,8.709821701049805,0.14039680361747742,0.016119365979737017,0.08
5,sco_kcal,102,0.1229807436466217,0.04390518739819527,0.6887256655964258,0.9332420538336348,11.109869003295898,1.1395695209503174,0.1025727234598579,0.0
5,sco_kcal,103,0.2184954285621643,0.0086594820022583,0.6567909182440039,0.9452055863379076,1.8502938747406006,0.1358199119567871,0.07340450823025516,0.22
5,sco_kcal,104,0.14665523171424866,0.009215915575623512,0.657293031109708,0.963859576120091,1.942619800567627,0.06663583964109421,0.03430204902761901,0.16
5,sco_kcal,105,0.44932955503463745,0.007910381071269512,0.6643642067998357,0.9443124609370117,1.8483877182006836,0.5047026872634888,0.27305022766262077,0.36
5,sco_kcal,106,0.857860803604126,0.012949138879776001,0.7150334492128549,0.9094749753677631,3.120915412902832,4.394702434539795,1.4081453205590682,0.64
5,sco_kcal,107,0.8708666563034058,0.012042814865708351,0.6960884673014298,0.959337333009082,2.5677614212036133,3.4924893379211426,1.3601299984809616,0.54
5,sco_kcal,108,0.2381136417388916,0.04598810151219368,0.6505181293872333,0.9207388313850762,9.189711570739746,2.004160165786743,0.21808738504568909,0.06
5,sco_kcal,109,0.2990829646587372,0.015457314439117908,0.6742596813857384,0.9212600450100044,3.454864501953125,0.8783237338066101,0.2542281277051736,0.12
5,sco_kcal,110,0.5447444915771484,0.006538377609103918,0.6701556648660036,0.9212116917314026,1.4627275466918945,0.7514273524284363,0.5137165524282802,0.38
5,sco_kcal,111,0.6959267258644104,0.005162478424608707,0.667068979995048,0.9347223237037154,0.9734336137771606,0.6943429112434387,0.7132925157055326,0.56
5,sco_kcal,112,0.25322020053863525,0.006479321047663689,0.6637256333599377,0.9712703757633108,1.384145975112915,0.2813665568828583,0.20327809489884557,0.16
5,sco_kcal,113,0.10242444276809692,0.035348307341337204,0.6557484111508829,0.9717349784213951,7.4617791175842285,0.11572065949440002,0.015508454173039754,0.0
5,sco_kcal,114,0.8356388807296753,0.006175195798277855,0.69926050072234,0.9181099705702771,1.103779673576355,1.4234271049499512,1.289593511300953,0.72
5,sco_kcal,115,0.28504258394241333,0.004832154605537653,0.6566158636141584,0.95428015741798,1.0644898414611816,0.2030794471502304,0.19077631297211026,0.18
5,sco_kcal,116,0.5942810773849487,0.00297042028978467,0.6736574639070871,0.9695022784105609,0.6748216152191162,0.40158024430274963,0.5950909621831771,0.48
5,sco_kcal,117,0.6786525249481201,0.009034454822540283,0.6796872690531635,0.9064261923530539,1.856421709060669,1.4598970413208008,0.7864037757129517,0.48
5,sco_kcal,118,0.7777846455574036,0.003301428398117423,0.698010300536793,0.9321311332776532,0.7841114401817322,0.597960352897644,0.7625961339870972,0.64
5,sco_kcal,119,0.13723450899124146,0.02457040548324585,0.6592960152362506,0.9284675059901928,5.127896308898926,0.2665410339832306,0.05197863176770494,0.06
5,sco_kcal,120,0.8950939178466797,0.00535911601036787,0.7254247529416604,0.9092497050485049,1.206695318222046,1.7513315677642822,1.4513452909925162,0.8
5,sco_kcal,121,0.45548611879348755,0.003922243136912584,0.7948615716277496,0.9856718321571332,1.760102391242981,0.041295040398836136,0.02346172620654964,0.56
5,sco_kcal,122,0.5566495060920715,0.01748867891728878,0.6562080330150633,0.9006338950797195,3.5126843452453613,1.7506098747253418,0.49836811471400844,0.24
5,sco_kcal,123,0.2918776273727417,0.0285620279610157,0.6662655582714081,0.9190609164195183,5.973388671875,1.981610894203186,0.3317398219093575,0.2
5,sco_kcal,124,0.5638728737831116,0.010739872232079506,0.6792511993332486,0.9174769975812047,2.329972267150879,1.3893351554870605,0.5962882799398973,0.26
5,sco_kcal,125,0.25496312975883484,0.009590907953679562,0.6588399977718693,0.9833082080057469,1.9764584302902222,0.35547494888305664,0.17985450310273354,0.12
5,sco_kcal,126,0.09228548407554626,0.030470672994852066,0.6360121874563733,0.9793614552985119,5.618659973144531,0.014806092716753483,0.0026351643964080507,0.02
5,sco_kcal,127,0.13939811289310455,0.01913701370358467,0.6508737474483164,0.9502732702622301,3.7824184894561768,0.15055307745933533,0.03980338978328687,0.1
5,sco_kcal,128,0.9520591497421265,0.004077494610100985,0.7720328753858521,0.9304447850553041,0.9528071880340576,2.0788371562957764,2.181802553972199,0.74
5,sco_kcal,129,0.8124681115150452,0.008200520649552345,0.710833422579402,0.9397950081091471,1.7066068649291992,1.5916732549667358,0.932653728093827,0.68
5,sco_kcal,130,0.8573880195617676,0.006881002802401781,0.706977605417636,0.9020048853838021,1.2842134237289429,1.8068106174468994,1.4069395196014245,0.64
5,sco_kcal,131,0.38834935426712036,0.010747469030320644,0.6431588617462694,0.9386737106336323,1.8867499828338623,0.2645724415779114,0.14022655040946583,0.22
5,sco_kcal,132,0.8404930233955383,0.003449557814747095,0.6914294657826399,0.9496782385942184,0.6129239201545715,0.8640219569206238,1.4096724381432666,0.74
5,sco_kcal,133,0.4252617061138153,0.003582750679925084,0.6469928559560432,0.9601094052309307,0.6579912304878235,0.23444348573684692,0.3563018394075473,0.24
5,sco_kcal,134,0.8516809344291687,0.0029240662697702646,0.7103755615074308,0.964152768416491,0.5235302448272705,0.8078435659408569,1.543069524488295,0.76
5,sco_kcal,135,0.5794280171394348,0.025362055748701096,0.6718104638808788,0.9412614693950934,4.878260612487793,2.0710036754608154,0.42453731769870623,0.42
5,sco_kcal,136,0.838446319103241,0.01783636398613453,0.6976727493324428,0.9299751645706973,3.4214673042297363,4.6630377769470215,1.3628766147150997,0.7
5,sco_kcal,137,0.8207443356513977,0.002408406464383006,0.7072524197900263,0.928179377041642,0.5907750129699707,0.5721133351325989,0.9684115315853408,0.74
5,sco_kcal,138,0.73143070936203,0.005856331903487444,0.6864432460768439,0.9546976296266152,1.1458145380020142,1.0669724941253662,0.9311912693880401,0.6
5,sco_kcal,139,0.19828248023986816,0.015075819566845894,0.6677688694092054,0.9455395790927088,3.288811206817627,0.4571138024330139,0.13899058768877579,0.18
5,sco_kcal,140,0.48345401883125305,0.0021893128287047148,0.6710994858218851,0.9652623797545448,0.6071990728378296,0.14701683819293976,0.2421229622532789,0.34
5,sco_kcal,141,0.17662382125854492,0.04674813896417618,0.6707887438434137,0.9116762437902863,10.344733238220215,1.4348831176757812,0.1387066330888441,0.06
5,sco_kcal,142,0.1012386679649353,0.047445476055145264,0.6729055257670169,0.9452775575548604,11.004585266113281,0.28704196214675903,0.026083850977160872,0.02
5,sco_kcal,143,0.4495251476764679,0.007700714748352766,0.6645831832137103,0.9399567741703676,1.5274536609649658,0.3059256374835968,0.20028472568544495,0.3
5,sco_kcal,144,0.4510849416255951,0.010319899767637253,0.6664237170121206,0.9185498141438952,2.240037202835083,1.0437936782836914,0.4659715816159764,0.38
5,sco_kcal,145,0.34104272723197937,0.008577690459787846,0.6536626811589361,0.9355441862450886,1.7833805084228516,0.2837437093257904,0.15910441321169405,0.28
5,sco_kcal,146,0.36461377143859863,0.0018384495051577687,0.6535647822347737,0.9556682839425414,0.20808660984039307,0.09558109939098358,0.45933325293874677,0.48
5,sco_kcal,147,0.21189022064208984,0.00770659651607275,0.6584198769147274,0.9611203219589031,1.5087180137634277,0.07245762646198273,0.048025957005206364,0.2
5,sco_kcal,148,0.9373318552970886,0.005538815166801214,0.7387224007405662,0.9034253615170433,0.9987686276435852,2.253521680831909,2.256300026312088,0.9
5,sco_kcal,149,0.5388779044151306,0.021694958209991455,0.7015667635918439,0.9142006108957061,4.9002156257629395,2.637803077697754,0.5383034705308628,0.38
5,sco_kcal,150,0.18235579133033752,0.00986967608332634,0.692051888966559,0.9397511309013584,2.1551761627197266,0.18956077098846436,0.08795604473893585,0.16
5,sco_kcal,151,0.16818004846572876,0.0453735888004303,0.6697558133828752,0.9232207056467292,9.317381858825684,0.6762081980705261,0.0725749151764133,0.08
5,sco_kcal,152,0.9091123342514038,0.004199970047920942,0.7360131298016244,0.9418312224990963,1.127722144126892,1.7854653596878052,1.5832493571101707,0.66
5,sco_kcal,153,0.1391880065202713,0.007411704398691654,0.6489565421339138,0.95183946625142,1.4953789710998535,0.23023761808872223,0.15396606648773595,0.12
5,sco_kcal,154,0.4830259084701538,0.00682056974619627,0.6711929275111626,0.9584334932972289,1.5218724012374878,0.6177855730056763,0.40593782534155504,0.34
5,sco_kcal,155,0.21529608964920044,0.02601456083357334,0.6540607104505904,0.9148521266152536,5.252756595611572,1.1211042404174805,0.21343159920147634,0.06
5,sco_kcal,156,0.33011046051979065,0.003234921023249626,0.6422974873143272,0.9611355491123716,0.5031439661979675,0.09442762285470963,0.18767515700974546,0.24
5,sco_kcal,157,0.9022170305252075,0.00744603993371129,0.7528154739686763,0.9065447652098113,1.7158175706863403,2.682574987411499,1.5634383475502283,0.5
5,sco_kcal,158,0.24404674768447876,0.01919783279299736,0.6609593503591225,0.9257678225961923,3.9468576908111572,0.8346872329711914,0.21148146154710906,0.1
5,sco_kcal,159,0.40131622552871704,0.002861630404368043,0.6729787395864624,0.9645305930321382,0.68243008852005,0.2781277000904083,0.40755486132443125,0.34
5,sco_kcal,160,0.3730870485305786,0.007230505812913179,0.6505282900982541,0.954814108547841,1.4418047666549683,0.21468353271484375,0.1488991697627108,0.24
5,sco_kcal,161,0.27112889289855957,0.05158025026321411,0.6565260692544046,0.909591289395941,10.750818252563477,2.278486490249634,0.21193609981327147,0.06
5,sco_kcal,162,0.9581373333930969,0.0025374337565153837,0.7907876974159127,0.912064561307868,0.6009839177131653,1.6872996091842651,2.807561998671604,0.94
5,sco_kcal,163,0.6350032091140747,0.009849033318459988,0.6816200663916017,0.9020998379501923,2.221200466156006,1.22163987159729,0.5499908226255019,0.46
5,sco_kcal,164,0.1568753868341446,0.01675926335155964,0.6591394674001883,0.9585832939859686,3.4944138526916504,0.3069896996021271,0.08785155752678275,0.1
5,sco_kcal,165,0.213777557015419,0.005592158995568752,0.6605321268573223,0.9691153309427742,1.1728819608688354,0.22288547456264496,0.19003231527027506,0.14
5,sco_kcal,166,0.8122438788414001,0.008933641016483307,0.7132467161190232,0.9429423242811912,2.101517677307129,1.2913514375686646,0.6144851654178773,0.7
5,sco_kcal,167,0.413385272026062,0.026569165289402008,0.6552727846601321,0.9405744582267181,4.990797519683838,2.35436749458313,0.4717417377277764,0.3
5,sco_kcal,168,0.5677266120910645,0.031954456120729446,0.6883038344800723,0.9430626836125009,6.89536714553833,4.045454978942871,0.5866917444070394,0.48
5,sco_kcal,169,0.16237135231494904,0.009828086942434311,0.6601379715347582,0.9709988275290373,2.025827169418335,0.07913611829280853,0.03906360793627349,0.16
5,sco_kcal,170,0.8963642716407776,0.005139139015227556,0.7340690724651346,0.9063960664007269,1.1803364753723145,1.7026894092559814,1.4425457865469258,0.84
5,sco_kcal,171,0.16699020564556122,0.007193148601800203,0.6557423755714433,0.9580389184887448,1.472779631614685,0.1029139831662178,0.06987738080909486,0.16
5,sco_kcal,172,0.07381782680749893,0.046658679842948914,0.6801115126384505,0.9408619242148224,10.545357704162598,0.20537184178829193,0.01947509487584522,0.02
5,sco_kcal,173,0.1995866596698761,0.004421466030180454,0.6719637302844828,0.9760700394762516,1.064349889755249,0.027706002816557884,0.026030916227114915,0.24
5,sco_kcal,174,0.6193679571151733,0.0035677975974977016,0.658529990677871,0.9830230216474345,0.732862114906311,0.2984279692173004,0.4072088912052049,0.38
5,sco_kcal,175,0.12091024219989777,0.007580877747386694,0.6479862398568406,0.9600164785268106,1.5585553646087646,0.15564067661762238,0.09986214166776936,0.16
5,sco_kcal,176,0.6392879486083984,0.009344407357275486,0.6851071954791992,0.9040270394871364,2.3846335411071777,1.2139720916748047,0.5090811945516632,0.5
5,sco_kcal,177,0.8996135592460632,0.001963083865121007,0.7323419566230003,0.9332675433081599,0.3023688793182373,0.700018584728241,2.3151145260272807,0.76
5,sco_kcal,178,0.30139055848121643,0.005538509227335453,0.6592875798943567,0.9695504878464294,1.2090327739715576,0.18770863115787506,0.15525520498610643,0.12
5,sco_kcal,179,0.7976819276809692,0.012865271419286728,0.6924646853202479,0.9213189120838599,2.3765034675598145,2.5959784984588623,1.092352076862065,0.76
5,sco_kcal,180,0.26849034428596497,0.008980120532214642,0.664739636116644,0.9666310606574806,1.9237269163131714,0.43877261877059937,0.22808466994447862,0.18
5,sco_kcal,181,0.15121352672576904,0.022031394764780998,0.6554884799459548,0.9755339684227791,4.001821994781494,0.1270369291305542,0.03174477258014337,0.08
5,sco_kcal,182,0.1990998238325119,0.013151293620467186,0.6663298113736322,0.9481986862781873,2.830679178237915,0.3810069262981415,0.13459911996643736,0.18
5,sco_kcal,183,0.11317484825849533,0.07082202285528183,0.6523227775562015,0.9683935570576323,13.957836151123047,0.3085412383079529,0.022105234290426004,0.04
5,sco_kcal,184,0.3010343909263611,0.02602425031363964,0.6570294752478392,0.913027687194983,5.176302909851074,1.6276248693466187,0.3144377169753859,0.16
5,sco_kcal,185,0.3368520140647888,0.005991320591419935,0.6876564687557325,0.9625203697103655,1.3929985761642456,0.040826454758644104,0.02930832483049885,0.5
5,sco_kcal,186,0.04404439777135849,0.07811970263719559,0.6895326067991017,0.9706243588843548,18.830820083618164,0.043993089348077774,0.0023362280109271226,0.0
5,sco_kcal,187,0.3620617091655731,0.019929787144064903,0.6518357391364404,0.9372734830012213,3.782167673110962,1.1414949893951416,0.30180972607600526,0.22
5,sco_kcal,188,0.2507613003253937,0.027033265680074692,0.6547200386315464,0.9245345054592133,5.516647815704346,1.2907012701034546,0.2339647759331656,0.14
5,sco_kcal,189,0.14336241781711578,0.006585647352039814,0.6574403382855385,0.9617882962005759,1.249537706375122,0.07287923246622086,0.05832495657745432,0.14
5,sco_kcal,190,0.43943193554878235,0.006558940280228853,0.6436865362579818,0.9321009877091815,1.1584436893463135,0.4188331067562103,0.3615480930217242,0.36
5,sco_kcal,191,0.9468681216239929,0.0034056680742651224,0.7752168214481892,0.9269636635060212,0.6704270839691162,1.8786988258361816,2.802241840699153,0.9
5,sco_kcal,192,0.12945891916751862,0.03195479139685631,0.6840035837522234,0.961918459521097,7.46812629699707,0.1716475486755371,0.022984017924891884,0.04
5,sco_kcal,193,0.3286992311477661,0.01779736392199993,0.6460045452354026,0.9567225572809341,3.3347504138946533,0.9045407176017761,0.27124690166703164,0.16
5,sco_kcal,194,0.12979896366596222,0.007631445303559303,0.6623841360918494,0.9612702833913307,1.6660101413726807,0.07151629775762558,0.042926688128501395,0.1
5,sco_kcal,195,0.3021828234195709,0.014025550335645676,0.6533530546083093,0.9625768121814389,2.9021687507629395,0.22914332151412964,0.078955891677178,0.2
5,sco_kcal,196,0.2326074242591858,0.009597172029316425,0.67236597058861,0.9621740634716358,2.036318778991699,0.1516774296760559,0.07448609286565647,0.2
5,sco_kcal,197,0.08642875403165817,0.02418961189687252,0.6505271242463042,0.968188703132632,4.396360874176025,0.006433277390897274,0.0014633187709148221,0.12
5,sco_kcal,198,0.7616745233535767,0.011196001432836056,0.695046169344756,0.908740824995163,2.4027113914489746,2.402367353439331,0.9998568125947761,0.54
5,sco_kcal,199,0.8540472984313965,0.0069550033658742905,0.6938872620412826,0.9430317981407614,1.2421557903289795,1.6408331394195557,1.3209559961758004,0.58
5,sco_kcal,200,0.0742393508553505,0.02017153799533844,0.6648562769296866,0.9687349119772357,4.24570369720459,0.10134640336036682,0.023870342960365845,0.12
5,sco_kcal,201,0.26498639583587646,0.005407783668488264,0.6612746998519523,0.9611752228722681,1.0962276458740234,0.17082946002483368,0.1558339279873125,0.14
5,sco_kcal,202,0.20716440677642822,0.017827751114964485,0.6545076176914975,0.9519926366425231,3.2592716217041016,0.03336481377482414,0.010236892670325966,0.1
5,sco_kcal,203,0.23783454298973083,0.0038322180043905973,0.6388945219687028,0.9427208766404462,0.7582587003707886,0.15030905604362488,0.19822925338030903,0.1
5,sco_kcal,204,0.1956912875175476,0.009513464756309986,0.6543697146749488,0.9761107226460948,1.8249212503433228,0.11832573264837265,0.06483881571662997,0.14
5,sco_kcal,205,0.13558615744113922,0.05425642430782318,0.6932029809188989,0.911594669171244,13.471595764160156,1.4218751192092896,0.10554615385595574,0.0
5,sco_kcal,206,0.23886777460575104,0.013976214453577995,0.6549782318516653,0.9322404151252159,2.6242117881774902,0.3050704300403595,0.11625221387037145,0.16
5,sco_kcal,207,0.5367406010627747,0.0036099222488701344,0.6962431750872706,0.9549847691269684,0.7664821147918701,0.06180218234658241,0.08063095166071046,0.42
5,sco_kcal,208,0.6983917355537415,0.007445075083523989,0.6940743182562221,0.9023973226901352,1.6401050090789795,1.5730153322219849,0.959094279643308,0.6
5,sco_kcal,209,0.6309754848480225,0.008814997039735317,0.668502171790065,0.9017148911372859,1.7884174585342407,1.3774824142456055,0.770224204462066,0.38
5,sco_kcal,210,0.5483935475349426,0.005922179203480482,0.689543425478299,0.9567766584437427,1.3518699407577515,0.7457610368728638,0.5516514676366345,0.44
5,sco_kcal,211,0.16274213790893555,0.005158397369086742,0.6462235708820405,0.9733949038907179,1.0551573038101196,0.14674213528633118,0.13907133538900102,0.16
5,sco_kcal,212,0.6351107954978943,0.0037340624257922173,0.6672628075450546,0.9480233961810884,0.6862959265708923,0.5123176574707031,0.7464967190327367,0.44
5,sco_kcal,213,0.08576810359954834,0.01691240444779396,0.6522663990179653,0.9684304245954818,3.1653666496276855,0.06863648444414139,0.021683581095483677,0.02
5,sco_kcal,214,0.44887781143188477,0.008115877397358418,0.6564687893034626,0.9258500817514084,1.5747371912002563,0.605029821395874,0.3842100286808642,0.34
5,sco_kcal,215,0.23259443044662476,0.01890845224261284,0.6525644637200885,0.9524459258951903,3.611227035522461,0.4017462730407715,0.11124924273354309,0.12
5,sco_kcal,216,0.3887227773666382,0.024115867912769318,0.6600144041391298,0.900899745962219,5.066442489624023,1.5188496112823486,0.2997862137768115,0.24
5,sco_kcal,217,0.850475549697876,0.01238156110048294,0.6819206733442202,0.9466608899029403,2.519322156906128,3.6361613273620605,1.4433093907400374,0.36
5,sco_kcal,218,0.7920430898666382,0.014366044662892818,0.7063364067328572,0.9108739456841008,2.730212450027466,2.920546054840088,1.069713843994341,0.7
5,sco_kcal,219,0.7696747779846191,0.0038392245769500732,0.6867398681649532,0.9107678250280431,0.9075515270233154,0.7522644400596619,0.8288944678733771,0.54
5,sco_kcal,220,0.11970075219869614,0.017906224355101585,0.6592430774148983,0.963909825062184,3.706007480621338,0.17334096133708954,0.046772965851657626,0.08
5,sco_kcal,221,0.9858101606369019,0.004430699627846479,0.8023674224118371,0.9216845541237018,0.9428985714912415,4.293692588806152,4.5537162942303135,0.96
5,sco_kcal,222,0.19339056313037872,0.0031259364914149046,0.6294208912064694,0.9614536870707999,0.5386256575584412,0.10938189178705215,0.2030759029988915,0.16
5,sco_kcal,223,0.2596645951271057,0.006579322274774313,0.6415914555868334,0.9720627525805585,1.249467134475708,0.24952863156795502,0.199708039277608,0.2
5,sco_kcal,224,0.2827646732330322,0.026094719767570496,0.6926794735861175,0.9017544403219118,6.547549247741699,1.7718427181243896,0.27061159085370945,0.04
5,sco_kcal,225,0.8341121077537537,0.003515920601785183,0.7005210936693356,0.9253211874447129,0.6719549298286438,0.9319695830345154,1.3869525196759525,0.7
5,sco_kcal,226,0.11519977450370789,0.06443329155445099,0.6310767839001978,0.9315536291783661,11.539656639099121,0.8776991963386536,0.07605938580224289,0.0
5,sco_kcal,227,0.13175567984580994,0.008476700633764267,0.6506415265712993,0.9697453214422018,1.728324294090271,0.12338203191757202,0.0713882413962803,0.08
5,sco_kcal,228,0.26325881481170654,0.009830008260905743,0.6508297286996989,0.9691602018163517,1.9040685892105103,0.07384493201971054,0.038782705853221966,0.2
5,sco_kcal,229,0.17087528109550476,0.012168346904218197,0.6731509822658059,0.9579742157190769,2.698920488357544,0.04194770008325577,0.015542399364563524,0.12
5,sco_kcal,230,0.3194308280944824,0.009204910136759281,0.635645001485728,0.9529723745903991,1.6219805479049683,0.312305212020874,0.19254559644643282,0.2
5,sco_kcal,231,0.37850552797317505,0.010800867341458797,0.6481396861442894,0.9503835630849373,1.9745337963104248,0.37993624806404114,0.19241820462834447,0.24
5,sco_kcal,232,0.518531322479248,0.004438263829797506,0.6757855701388849,0.9496034779604143,0.941215991973877,0.4345744550228119,0.46171597032838485,0.34
5,sco_kcal,233,0.18693843483924866,0.02008184976875782,0.6744244889541,0.9195278450433881,4.545481204986572,0.2890070378780365,0.06358117542340389,0.08
5,sco_kcal,234,0.43940621614456177,0.012307613156735897,0.6559256962867499,0.9373804737040095,2.3495934009552,0.8352898359298706,0.35550399298461305,0.3
5,sco_kcal,235,0.6090900897979736,0.003738964907824993,0.6528401684167517,0.9459243568950599,0.6445893049240112,0.4746392071247101,0.7363435966109676,0.46
5,sco_kcal,236,0.1373741328716278,0.006537775043398142,0.6641229252094194,0.955725793722433,1.422032117843628,0.12608280777931213,0.08866382565993258,0.1
5,sco_kcal,237,0.4977843761444092,0.0040454561822116375,0.6550740362823368,0.9475613049391503,0.8582073450088501,0.11140523105859756,0.12981155627076196,0.5
5,sco_kcal,238,0.23707611858844757,0.007861947640776634,0.6558514650658243,0.9406609431558868,1.6229407787322998,0.21343353390693665,0.13151036482899417,0.14
5,sco_kcal,239,0.21259914338588715,0.036641377955675125,0.6714205494933532,0.9098812345236309,8.367287635803223,1.8976695537567139,0.2267962613878214,0.02
5,sco_kcal,240,0.6425495743751526,0.016315391287207603,0.6852969345739381,0.9071697552925508,3.790203809738159,2.4112868309020996,0.6361892267394138,0.58
5,sco_kcal,241,0.6132165193557739,0.01816292479634285,0.6642791005511142,0.9310332971909616,3.466137647628784,2.3779635429382324,0.6860557152324919,0.36
5,sco_kcal,242,0.34840238094329834,0.014545065350830555,0.6413348128262264,0.9475051427260286,2.6714046001434326,0.3856589198112488,0.14436559695620127,0.14
5,sco_kcal,243,0.7716809511184692,0.006572773680090904,0.6837081463302879,0.9548560270473845,1.4104083776474,0.5342616438865662,0.3787992558422897,0.76
5,sco_kcal,244,0.1636350303888321,0.00728521216660738,0.6504359806293247,0.9633269905537643,1.4991236925125122,0.19367654621601105,0.12919317277376333,0.18
5,sco_kcal,245,0.9216049909591675,0.002721058204770088,0.7765636566002576,0.9296613570214016,0.7727721333503723,1.1749571561813354,1.520444521061183,0.8
5,sco_kcal,246,0.29632559418678284,0.02636811137199402,0.7000346647378608,0.900504207970034,6.7451066970825195,1.7317222356796265,0.2567375600490728,0.04
5,sco_kcal,247,0.46272754669189453,0.016556154936552048,0.6770494266376921,0.9250591507008625,3.6400842666625977,1.4380297660827637,0.3950539769787301,0.22
5,sco_kcal,248,0.12872245907783508,0.01070433109998703,0.6649226879378556,0.9705736493858514,2.283918619155884,0.12810949981212616,0.05609197225226628,0.08
5,sco_kcal,249,0.10010306537151337,0.0765688568353653,0.6472638909619648,0.9715927749896449,13.182188987731934,0.4700443148612976,0.03565753118080363,0.06
5,water_gsolv_eV,0,1.0000001192092896,0.0,0.6802667846625017,0.6802667846625017,,,,1.0
5,water_gsolv_eV,1,1.0000001192092896,0.0,0.6802667846625017,0.6802667846625017,,,,1.0
5,water_gsolv_eV,2,1.0000001192092896,0.0,0.6802667846625017,0.6802667846625017,,,,1.0
5,water_gsolv_eV,3,1.0000001192092896,0.0,0.6802667846625017,0.6802667846625017,,,,1.0
5,water_gsolv_eV,4,1.0000001192092896,0.0,0.6802667846625017,0.6802667846625017,,,,1.0
5,water_gsolv_eV,5,1.0000001192092896,0.0,0.6802667846625017,0.6802667846625017,,,,1.0
5,water_gsolv_eV,6,1.0000001192092896,0.0,0.6802667846625017,0.6802667846625017,,,,1.0
5,water_gsolv_eV,7,1.0000001192092896,0.0,0.6802667846625017,0.6802667846625017,,,,1.0
5,water_gsolv_eV,8,1.0000001192092896,0.0,0.6802667846625017,0.6802667846625017,,,,1.0
5,water_gsolv_eV,9,1.0000001192092896,0.0,0.6802667846625017,0.6802667846625017,,,,1.0
5,water_gsolv_eV,10,1.0000001192092896,0.0,0.6802667846625017,0.6802667846625017,,,,1.0
5,water_gsolv_eV,11,1.0000001192092896,0.0,0.6802667846625017,0.6802667846625017,,,,1.0
5,water_gsolv_eV,12,1.0000001192092896,0.0,0.6802667846625017,0.6802667846625017,,,,1.0
5,water_gsolv_eV,13,1.0000001192092896,0.0,0.6802667846625017,0.6802667846625017,,,,1.0
5,water_gsolv_eV,14,1.0000001192092896,0.0,0.6802667846625017,0.6802667846625017,,,,1.0
5,water_gsolv_eV,15,1.0000001192092896,0.0,0.6802667846625017,0.6802667846625017,,,,1.0
5,water_gsolv_eV,16,1.0000001192092896,0.0,0.6802667846625017,0.6802667846625017,,,,1.0
5,water_gsolv_eV,17,1.0000001192092896,0.0,0.6802667846625017,0.6802667846625017,,,,1.0
5,water_gsolv_eV,18,1.0000001192092896,0.0,0.6802667846625017,0.6802667846625017,,,,1.0
5,water_gsolv_eV,19,1.0000001192092896,0.0,0.6802667846625017,0.6802667846625017,,,,1.0
5,water_gsolv_eV,20,1.0000001192092896,0.0,0.6802667846625017,0.6802667846625017,,,,1.0
5,water_gsolv_eV,21,1.0000001192092896,0.0,0.6802667846625017,0.6802667846625017,,,,1.0
5,water_gsolv_eV,22,1.0000001192092896,0.0,0.6802667846625017,0.6802667846625017,,,,1.0
5,water_gsolv_eV,23,1.0000001192092896,0.0,0.6802667846625017,0.6802667846625017,,,,1.0
5,water_gsolv_eV,24,1.0000001192092896,0.0,0.6802667846625017,0.6802667846625017,,,,1.0
5,water_gsolv_eV,25,1.0000001192092896,0.0,0.6802667846625017,0.6802667846625017,,,,1.0
5,water_gsolv_eV,26,1.0000001192092896,0.0,0.6802667846625017,0.6802667846625017,,,,1.0
5,water_gsolv_eV,27,1.0000001192092896,0.0,0.6802667846625017,0.6802667846625017,,,,1.0
5,water_gsolv_eV,28,1.0000001192092896,0.0,0.6802667846625017,0.6802667846625017,,,,1.0
5,water_gsolv_eV,29,1.0000001192092896,0.0,0.6802667846625017,0.6802667846625017,,,,1.0
5,water_gsolv_eV,30,1.0000001192092896,0.0,0.6802667846625017,0.6802667846625017,,,,1.0
5,water_gsolv_eV,31,1.0000001192092896,0.0,0.6802667846625017,0.6802667846625017,,,,1.0
5,water_gsolv_eV,32,1.0000001192092896,0.0,0.6802667846625017,0.6802667846625017,,,,1.0
5,water_gsolv_eV,33,1.0000001192092896,0.0,0.6802667846625017,0.6802667846625017,,,,1.0
5,water_gsolv_eV,34,1.0000001192092896,0.0,0.6802667846625017,0.6802667846625017,,,,1.0
5,water_gsolv_eV,35,1.0000001192092896,0.0,0.6802667846625017,0.6802667846625017,,,,1.0
5,water_gsolv_eV,36,1.0000001192092896,0.0,0.6802667846625017,0.6802667846625017,,,,1.0
5,water_gsolv_eV,37,1.0000001192092896,0.0,0.6802667846625017,0.6802667846625017,,,,1.0
5,water_gsolv_eV,38,1.0000001192092896,0.0,0.6802667846625017,0.6802667846625017,,,,1.0
5,water_gsolv_eV,39,1.0000001192092896,0.0,0.6802667846625017,0.6802667846625017,,,,1.0
5,water_gsolv_eV,40,1.0000001192092896,0.0,0.6802667846625017,0.6802667846625017,,,,1.0
5,water_gsolv_eV,41,1.0000001192092896,0.0,0.6802667846625017,0.6802667846625017,,,,1.0
5,water_gsolv_eV,42,1.0000001192092896,0.0,0.6802667846625017,0.6802667846625017,,,,1.0
5,water_gsolv_eV,43,1.0000001192092896,0.0,0.6802667846625017,0.6802667846625017,,,,1.0
5,water_gsolv_eV,44,1.0000001192092896,0.0,0.6802667846625017,0.6802667846625017,,,,1.0
5,water_gsolv_eV,45,1.0000001192092896,0.0,0.6802667846625017,0.6802667846625017,,,,1.0
5,water_gsolv_eV,46,1.0000001192092896,0.0,0.6802667846625017,0.6802667846625017,,,,1.0
5,water_gsolv_eV,47,1.0000001192092896,0.0,0.6802667846625017,0.6802667846625017,,,,1.0
5,water_gsolv_eV,48,1.0000001192092896,0.0,0.6802667846625017,0.6802667846625017,,,,1.0
5,water_gsolv_eV,49,1.0000001192092896,0.0,0.6802667846625017,0.6802667846625017,,,,1.0
5,water_gsolv_eV,50,1.0000001192092896,0.0,0.6802667846625017,0.6802667846625017,,,,1.0
5,water_gsolv_eV,51,1.0000001192092896,0.0,0.6802667846625017,0.6802667846625017,,,,1.0
5,water_gsolv_eV,52,1.0000001192092896,0.0,0.6802667846625017,0.6802667846625017,,,,1.0
5,water_gsolv_eV,53,1.0000001192092896,0.0,0.6802667846625017,0.6802667846625017,,,,1.0
5,water_gsolv_eV,54,1.0000001192092896,0.0,0.6802667846625017,0.6802667846625017,,,,1.0
5,water_gsolv_eV,55,1.0000001192092896,0.0,0.6802667846625017,0.6802667846625017,,,,1.0
5,water_gsolv_eV,56,1.0000001192092896,0.0,0.6802667846625017,0.6802667846625017,,,,1.0
5,water_gsolv_eV,57,1.0000001192092896,0.0,0.6802667846625017,0.6802667846625017,,,,1.0
5,water_gsolv_eV,58,1.0000001192092896,0.0,0.6802667846625017,0.6802667846625017,,,,1.0
5,water_gsolv_eV,59,1.0000001192092896,0.0,0.6802667846625017,0.6802667846625017,,,,1.0
5,water_gsolv_eV,60,1.0000001192092896,0.0,0.6802667846625017,0.6802667846625017,,,,1.0
5,water_gsolv_eV,61,1.0000001192092896,0.0,0.6802667846625017,0.6802667846625017,,,,1.0
5,water_gsolv_eV,62,1.0000001192092896,0.0,0.6802667846625017,0.6802667846625017,,,,1.0
5,water_gsolv_eV,63,1.0000001192092896,0.0,0.6802667846625017,0.6802667846625017,,,,1.0
5,water_gsolv_eV,64,1.0000001192092896,0.0,0.6802667846625017,0.6802667846625017,,,,1.0
5,water_gsolv_eV,65,1.0000001192092896,0.0,0.6802667846625017,0.6802667846625017,,,,1.0
5,water_gsolv_eV,66,1.0000001192092896,0.0,0.6802667846625017,0.6802667846625017,,,,1.0
5,water_gsolv_eV,67,1.0000001192092896,0.0,0.6802667846625017,0.6802667846625017,,,,1.0
5,water_gsolv_eV,68,1.0000001192092896,0.0,0.6802667846625017,0.6802667846625017,,,,1.0
5,water_gsolv_eV,69,1.0000001192092896,0.0,0.6802667846625017,0.6802667846625017,,,,1.0
5,water_gsolv_eV,70,1.0000001192092896,0.0,0.6802667846625017,0.6802667846625017,,,,1.0
5,water_gsolv_eV,71,1.0000001192092896,0.0,0.6802667846625017,0.6802667846625017,,,,1.0
5,water_gsolv_eV,72,1.0000001192092896,0.0,0.6802667846625017,0.6802667846625017,,,,1.0
5,water_gsolv_eV,73,1.0000001192092896,0.0,0.6802667846625017,0.6802667846625017,,,,1.0
5,water_gsolv_eV,74,1.0000001192092896,0.0,0.6802667846625017,0.6802667846625017,,,,1.0
5,water_gsolv_eV,75,1.0000001192092896,0.0,0.6802667846625017,0.6802667846625017,,,,1.0
5,water_gsolv_eV,76,1.0000001192092896,0.0,0.6802667846625017,0.6802667846625017,,,,1.0
5,water_gsolv_eV,77,1.0000001192092896,0.0,0.6802667846625017,0.6802667846625017,,,,1.0
5,water_gsolv_eV,78,1.0000001192092896,0.0,0.6802667846625017,0.6802667846625017,,,,1.0
5,water_gsolv_eV,79,1.0000001192092896,0.0,0.6802667846625017,0.6802667846625017,,,,1.0
5,water_gsolv_eV,80,1.0000001192092896,0.0,0.6802667846625017,0.6802667846625017,,,,1.0
5,water_gsolv_eV,81,1.0000001192092896,0.0,0.6802667846625017,0.6802667846625017,,,,1.0
5,water_gsolv_eV,82,1.0000001192092896,0.0,0.6802667846625017,0.6802667846625017,,,,1.0
5,water_gsolv_eV,83,1.0000001192092896,0.0,0.6802667846625017,0.6802667846625017,,,,1.0
5,water_gsolv_eV,84,1.0000001192092896,0.0,0.6802667846625017,0.6802667846625017,,,,1.0
5,water_gsolv_eV,85,1.0000001192092896,0.0,0.6802667846625017,0.6802667846625017,,,,1.0
5,water_gsolv_eV,86,1.0000001192092896,0.0,0.6802667846625017,0.6802667846625017,,,,1.0
5,water_gsolv_eV,87,1.0000001192092896,0.0,0.6802667846625017,0.6802667846625017,,,,1.0
5,water_gsolv_eV,88,1.0000001192092896,0.0,0.6802667846625017,0.6802667846625017,,,,1.0
5,water_gsolv_eV,89,1.0000001192092896,0.0,0.6802667846625017,0.6802667846625017,,,,1.0
5,water_gsolv_eV,90,1.0000001192092896,0.0,0.6802667846625017,0.6802667846625017,,,,1.0
5,water_gsolv_eV,91,1.0000001192092896,0.0,0.6802667846625017,0.6802667846625017,,,,1.0
5,water_gsolv_eV,92,1.0000001192092896,0.0,0.6802667846625017,0.6802667846625017,,,,1.0
5,water_gsolv_eV,93,1.0000001192092896,0.0,0.6802667846625017,0.6802667846625017,,,,1.0
5,water_gsolv_eV,94,1.0000001192092896,0.0,0.6802667846625017,0.6802667846625017,,,,1.0
5,water_gsolv_eV,95,1.0000001192092896,0.0,0.6802667846625017,0.6802667846625017,,,,1.0
5,water_gsolv_eV,96,1.0000001192092896,0.0,0.6802667846625017,0.6802667846625017,,,,1.0
5,water_gsolv_eV,97,1.0000001192092896,0.0,0.6802667846625017,0.6802667846625017,,,,1.0
5,water_gsolv_eV,98,1.0000001192092896,0.0,0.6802667846625017,0.6802667846625017,,,,1.0
5,water_gsolv_eV,99,1.0000001192092896,0.0,0.6802667846625017,0.6802667846625017,,,,1.0
5,water_gsolv_eV,100,1.0000001192092896,0.0,0.6802667846625017,0.6802667846625017,,,,1.0
5,water_gsolv_eV,101,1.0000001192092896,0.0,0.6802667846625017,0.6802667846625017,,,,1.0
5,water_gsolv_eV,102,1.0000001192092896,0.0,0.6802667846625017,0.6802667846625017,,,,1.0
5,water_gsolv_eV,103,1.0000001192092896,0.0,0.6802667846625017,0.6802667846625017,,,,1.0
5,water_gsolv_eV,104,1.0000001192092896,0.0,0.6802667846625017,0.6802667846625017,,,,1.0
5,water_gsolv_eV,105,1.0000001192092896,0.0,0.6802667846625017,0.6802667846625017,,,,1.0
5,water_gsolv_eV,106,1.0000001192092896,0.0,0.6802667846625017,0.6802667846625017,,,,1.0
5,water_gsolv_eV,107,1.0000001192092896,0.0,0.6802667846625017,0.6802667846625017,,,,1.0
5,water_gsolv_eV,108,1.0000001192092896,0.0,0.6802667846625017,0.6802667846625017,,,,1.0
5,water_gsolv_eV,109,1.0000001192092896,0.0,0.6802667846625017,0.6802667846625017,,,,1.0
5,water_gsolv_eV,110,1.0000001192092896,0.0,0.6802667846625017,0.6802667846625017,,,,1.0
5,water_gsolv_eV,111,1.0000001192092896,0.0,0.6802667846625017,0.6802667846625017,,,,1.0
5,water_gsolv_eV,112,1.0000001192092896,0.0,0.6802667846625017,0.6802667846625017,,,,1.0
5,water_gsolv_eV,113,1.0000001192092896,0.0,0.6802667846625017,0.6802667846625017,,,,1.0
5,water_gsolv_eV,114,1.0000001192092896,0.0,0.6802667846625017,0.6802667846625017,,,,1.0
5,water_gsolv_eV,115,1.0000001192092896,0.0,0.6802667846625017,0.6802667846625017,,,,1.0
5,water_gsolv_eV,116,1.0000001192092896,0.0,0.6802667846625017,0.6802667846625017,,,,1.0
5,water_gsolv_eV,117,1.0000001192092896,0.0,0.6802667846625017,0.6802667846625017,,,,1.0
5,water_gsolv_eV,118,1.0000001192092896,0.0,0.6802667846625017,0.6802667846625017,,,,1.0
5,water_gsolv_eV,119,1.0000001192092896,0.0,0.6802667846625017,0.6802667846625017,,,,1.0
5,water_gsolv_eV,120,1.0000001192092896,0.0,0.6802667846625017,0.6802667846625017,,,,1.0
5,water_gsolv_eV,121,1.0000001192092896,0.0,0.6802667846625017,0.6802667846625017,,,,1.0
5,water_gsolv_eV,122,1.0000001192092896,0.0,0.6802667846625017,0.6802667846625017,,,,1.0
5,water_gsolv_eV,123,1.0000001192092896,0.0,0.6802667846625017,0.6802667846625017,,,,1.0
5,water_gsolv_eV,124,1.0000001192092896,0.0,0.6802667846625017,0.6802667846625017,,,,1.0
5,water_gsolv_eV,125,1.0000001192092896,0.0,0.6802667846625017,0.6802667846625017,,,,1.0
5,water_gsolv_eV,126,1.0000001192092896,0.0,0.6802667846625017,0.6802667846625017,,,,1.0
5,water_gsolv_eV,127,1.0000001192092896,0.0,0.6802667846625017,0.6802667846625017,,,,1.0
5,water_gsolv_eV,128,1.0000001192092896,0.0,0.6802667846625017,0.6802667846625017,,,,1.0
5,water_gsolv_eV,129,1.0000001192092896,0.0,0.6802667846625017,0.6802667846625017,,,,1.0
5,water_gsolv_eV,130,1.0000001192092896,0.0,0.6802667846625017,0.6802667846625017,,,,1.0
5,water_gsolv_eV,131,1.0000001192092896,0.0,0.6802667846625017,0.6802667846625017,,,,1.0
5,water_gsolv_eV,132,1.0000001192092896,0.0,0.6802667846625017,0.6802667846625017,,,,1.0
5,water_gsolv_eV,133,1.0000001192092896,0.0,0.6802667846625017,0.6802667846625017,,,,1.0
5,water_gsolv_eV,134,1.0000001192092896,0.0,0.6802667846625017,0.6802667846625017,,,,1.0
5,water_gsolv_eV,135,1.0000001192092896,0.0,0.6802667846625017,0.6802667846625017,,,,1.0
5,water_gsolv_eV,136,1.0000001192092896,0.0,0.6802667846625017,0.6802667846625017,,,,1.0
5,water_gsolv_eV,137,1.0000001192092896,0.0,0.6802667846625017,0.6802667846625017,,,,1.0
5,water_gsolv_eV,138,1.0000001192092896,0.0,0.6802667846625017,0.6802667846625017,,,,1.0
5,water_gsolv_eV,139,1.0000001192092896,0.0,0.6802667846625017,0.6802667846625017,,,,1.0
5,water_gsolv_eV,140,1.0000001192092896,0.0,0.6802667846625017,0.6802667846625017,,,,1.0
5,water_gsolv_eV,141,1.0000001192092896,0.0,0.6802667846625017,0.6802667846625017,,,,1.0
5,water_gsolv_eV,142,1.0000001192092896,0.0,0.6802667846625017,0.6802667846625017,,,,1.0
5,water_gsolv_eV,143,1.0000001192092896,0.0,0.6802667846625017,0.6802667846625017,,,,1.0
5,water_gsolv_eV,144,1.0000001192092896,0.0,0.6802667846625017,0.6802667846625017,,,,1.0
5,water_gsolv_eV,145,1.0000001192092896,0.0,0.6802667846625017,0.6802667846625017,,,,1.0
5,water_gsolv_eV,146,1.0000001192092896,0.0,0.6802667846625017,0.6802667846625017,,,,1.0
5,water_gsolv_eV,147,1.0000001192092896,0.0,0.6802667846625017,0.6802667846625017,,,,1.0
5,water_gsolv_eV,148,1.0000001192092896,0.0,0.6802667846625017,0.6802667846625017,,,,1.0
5,water_gsolv_eV,149,1.0000001192092896,0.0,0.6802667846625017,0.6802667846625017,,,,1.0
5,water_gsolv_eV,150,1.0000001192092896,0.0,0.6802667846625017,0.6802667846625017,,,,1.0
5,water_gsolv_eV,151,1.0000001192092896,0.0,0.6802667846625017,0.6802667846625017,,,,1.0
5,water_gsolv_eV,152,1.0000001192092896,0.0,0.6802667846625017,0.6802667846625017,,,,1.0
5,water_gsolv_eV,153,1.0000001192092896,0.0,0.6802667846625017,0.6802667846625017,,,,1.0
5,water_gsolv_eV,154,1.0000001192092896,0.0,0.6802667846625017,0.6802667846625017,,,,1.0
5,water_gsolv_eV,155,1.0000001192092896,0.0,0.6802667846625017,0.6802667846625017,,,,1.0
5,water_gsolv_eV,156,1.0000001192092896,0.0,0.6802667846625017,0.6802667846625017,,,,1.0
5,water_gsolv_eV,157,1.0000001192092896,0.0,0.6802667846625017,0.6802667846625017,,,,1.0
5,water_gsolv_eV,158,1.0000001192092896,0.0,0.6802667846625017,0.6802667846625017,,,,1.0
5,water_gsolv_eV,159,1.0000001192092896,0.0,0.6802667846625017,0.6802667846625017,,,,1.0
5,water_gsolv_eV,160,1.0000001192092896,0.0,0.6802667846625017,0.6802667846625017,,,,1.0
5,water_gsolv_eV,161,1.0000001192092896,0.0,0.6802667846625017,0.6802667846625017,,,,1.0
5,water_gsolv_eV,162,1.0000001192092896,0.0,0.6802667846625017,0.6802667846625017,,,,1.0
5,water_gsolv_eV,163,1.0000001192092896,0.0,0.6802667846625017,0.6802667846625017,,,,1.0
5,water_gsolv_eV,164,1.0000001192092896,0.0,0.6802667846625017,0.6802667846625017,,,,1.0
5,water_gsolv_eV,165,1.0000001192092896,0.0,0.6802667846625017,0.6802667846625017,,,,1.0
5,water_gsolv_eV,166,1.0000001192092896,0.0,0.6802667846625017,0.6802667846625017,,,,1.0
5,water_gsolv_eV,167,1.0000001192092896,0.0,0.6802667846625017,0.6802667846625017,,,,1.0
5,water_gsolv_eV,168,1.0000001192092896,0.0,0.6802667846625017,0.6802667846625017,,,,1.0
5,water_gsolv_eV,169,1.0000001192092896,0.0,0.6802667846625017,0.6802667846625017,,,,1.0
5,water_gsolv_eV,170,1.0000001192092896,0.0,0.6802667846625017,0.6802667846625017,,,,1.0
5,water_gsolv_eV,171,1.0000001192092896,0.0,0.6802667846625017,0.6802667846625017,,,,1.0
5,water_gsolv_eV,172,1.0000001192092896,0.0,0.6802667846625017,0.6802667846625017,,,,1.0
5,water_gsolv_eV,173,1.0000001192092896,0.0,0.6802667846625017,0.6802667846625017,,,,1.0
5,water_gsolv_eV,174,1.0000001192092896,0.0,0.6802667846625017,0.6802667846625017,,,,1.0
5,water_gsolv_eV,175,1.0000001192092896,0.0,0.6802667846625017,0.6802667846625017,,,,1.0
5,water_gsolv_eV,176,1.0000001192092896,0.0,0.6802667846625017,0.6802667846625017,,,,1.0
5,water_gsolv_eV,177,1.0000001192092896,0.0,0.6802667846625017,0.6802667846625017,,,,1.0
5,water_gsolv_eV,178,1.0000001192092896,0.0,0.6802667846625017,0.6802667846625017,,,,1.0
5,water_gsolv_eV,179,1.0000001192092896,0.0,0.6802667846625017,0.6802667846625017,,,,1.0
5,water_gsolv_eV,180,1.0000001192092896,0.0,0.6802667846625017,0.6802667846625017,,,,1.0
5,water_gsolv_eV,181,1.0000001192092896,0.0,0.6802667846625017,0.6802667846625017,,,,1.0
5,water_gsolv_eV,182,1.0000001192092896,0.0,0.6802667846625017,0.6802667846625017,,,,1.0
5,water_gsolv_eV,183,1.0000001192092896,0.0,0.6802667846625017,0.6802667846625017,,,,1.0
5,water_gsolv_eV,184,1.0000001192092896,0.0,0.6802667846625017,0.6802667846625017,,,,1.0
5,water_gsolv_eV,185,1.0000001192092896,0.0,0.6802667846625017,0.6802667846625017,,,,1.0
5,water_gsolv_eV,186,1.0000001192092896,0.0,0.6802667846625017,0.6802667846625017,,,,1.0
5,water_gsolv_eV,187,1.0000001192092896,0.0,0.6802667846625017,0.6802667846625017,,,,1.0
5,water_gsolv_eV,188,1.0000001192092896,0.0,0.6802667846625017,0.6802667846625017,,,,1.0
5,water_gsolv_eV,189,1.0000001192092896,0.0,0.6802667846625017,0.6802667846625017,,,,1.0
5,water_gsolv_eV,190,1.0000001192092896,0.0,0.6802667846625017,0.6802667846625017,,,,1.0
5,water_gsolv_eV,191,1.0000001192092896,0.0,0.6802667846625017,0.6802667846625017,,,,1.0
5,water_gsolv_eV,192,1.0000001192092896,0.0,0.6802667846625017,0.6802667846625017,,,,1.0
5,water_gsolv_eV,193,1.0000001192092896,0.0,0.6802667846625017,0.6802667846625017,,,,1.0
5,water_gsolv_eV,194,1.0000001192092896,0.0,0.6802667846625017,0.6802667846625017,,,,1.0
5,water_gsolv_eV,195,1.0000001192092896,0.0,0.6802667846625017,0.6802667846625017,,,,1.0
5,water_gsolv_eV,196,1.0000001192092896,0.0,0.6802667846625017,0.6802667846625017,,,,1.0
5,water_gsolv_eV,197,1.0000001192092896,0.0,0.6802667846625017,0.6802667846625017,,,,1.0
5,water_gsolv_eV,198,1.0000001192092896,0.0,0.6802667846625017,0.6802667846625017,,,,1.0
5,water_gsolv_eV,199,1.0000001192092896,0.0,0.6802667846625017,0.6802667846625017,,,,1.0
5,water_gsolv_eV,200,1.0000001192092896,0.0,0.6802667846625017,0.6802667846625017,,,,1.0
5,water_gsolv_eV,201,1.0000001192092896,0.0,0.6802667846625017,0.6802667846625017,,,,1.0
5,water_gsolv_eV,202,1.0000001192092896,0.0,0.6802667846625017,0.6802667846625017,,,,1.0
5,water_gsolv_eV,203,1.0000001192092896,0.0,0.6802667846625017,0.6802667846625017,,,,1.0
5,water_gsolv_eV,204,1.0000001192092896,0.0,0.6802667846625017,0.6802667846625017,,,,1.0
5,water_gsolv_eV,205,1.0000001192092896,0.0,0.6802667846625017,0.6802667846625017,,,,1.0
5,water_gsolv_eV,206,1.0000001192092896,0.0,0.6802667846625017,0.6802667846625017,,,,1.0
5,water_gsolv_eV,207,1.0000001192092896,0.0,0.6802667846625017,0.6802667846625017,,,,1.0
5,water_gsolv_eV,208,1.0000001192092896,0.0,0.6802667846625017,0.6802667846625017,,,,1.0
5,water_gsolv_eV,209,1.0000001192092896,0.0,0.6802667846625017,0.6802667846625017,,,,1.0
5,water_gsolv_eV,210,1.0000001192092896,0.0,0.6802667846625017,0.6802667846625017,,,,1.0
5,water_gsolv_eV,211,1.0000001192092896,0.0,0.6802667846625017,0.6802667846625017,,,,1.0
5,water_gsolv_eV,212,1.0000001192092896,0.0,0.6802667846625017,0.6802667846625017,,,,1.0
5,water_gsolv_eV,213,1.0000001192092896,0.0,0.6802667846625017,0.6802667846625017,,,,1.0
5,water_gsolv_eV,214,1.0000001192092896,0.0,0.6802667846625017,0.6802667846625017,,,,1.0
5,water_gsolv_eV,215,1.0000001192092896,0.0,0.6802667846625017,0.6802667846625017,,,,1.0
5,water_gsolv_eV,216,1.0000001192092896,0.0,0.6802667846625017,0.6802667846625017,,,,1.0
5,water_gsolv_eV,217,1.0000001192092896,0.0,0.6802667846625017,0.6802667846625017,,,,1.0
5,water_gsolv_eV,218,1.0000001192092896,0.0,0.6802667846625017,0.6802667846625017,,,,1.0
5,water_gsolv_eV,219,1.0000001192092896,0.0,0.6802667846625017,0.6802667846625017,,,,1.0
5,water_gsolv_eV,220,1.0000001192092896,0.0,0.6802667846625017,0.6802667846625017,,,,1.0
5,water_gsolv_eV,221,1.0000001192092896,0.0,0.6802667846625017,0.6802667846625017,,,,1.0
5,water_gsolv_eV,222,1.0000001192092896,0.0,0.6802667846625017,0.6802667846625017,,,,1.0
5,water_gsolv_eV,223,1.0000001192092896,0.0,0.6802667846625017,0.6802667846625017,,,,1.0
5,water_gsolv_eV,224,1.0000001192092896,0.0,0.6802667846625017,0.6802667846625017,,,,1.0
5,water_gsolv_eV,225,1.0000001192092896,0.0,0.6802667846625017,0.6802667846625017,,,,1.0
5,water_gsolv_eV,226,1.0000001192092896,0.0,0.6802667846625017,0.6802667846625017,,,,1.0
5,water_gsolv_eV,227,1.0000001192092896,0.0,0.6802667846625017,0.6802667846625017,,,,1.0
5,water_gsolv_eV,228,1.0000001192092896,0.0,0.6802667846625017,0.6802667846625017,,,,1.0
5,water_gsolv_eV,229,1.0000001192092896,0.0,0.6802667846625017,0.6802667846625017,,,,1.0
5,water_gsolv_eV,230,1.0000001192092896,0.0,0.6802667846625017,0.6802667846625017,,,,1.0
5,water_gsolv_eV,231,1.0000001192092896,0.0,0.6802667846625017,0.6802667846625017,,,,1.0
5,water_gsolv_eV,232,1.0000001192092896,0.0,0.6802667846625017,0.6802667846625017,,,,1.0
5,water_gsolv_eV,233,1.0000001192092896,0.0,0.6802667846625017,0.6802667846625017,,,,1.0
5,water_gsolv_eV,234,1.0000001192092896,0.0,0.6802667846625017,0.6802667846625017,,,,1.0
5,water_gsolv_eV,235,1.0000001192092896,0.0,0.6802667846625017,0.6802667846625017,,,,1.0
5,water_gsolv_eV,236,1.0000001192092896,0.0,0.6802667846625017,0.6802667846625017,,,,1.0
5,water_gsolv_eV,237,1.0000001192092896,0.0,0.6802667846625017,0.6802667846625017,,,,1.0
5,water_gsolv_eV,238,1.0000001192092896,0.0,0.6802667846625017,0.6802667846625017,,,,1.0
5,water_gsolv_eV,239,1.0000001192092896,0.0,0.6802667846625017,0.6802667846625017,,,,1.0
5,water_gsolv_eV,240,1.0000001192092896,0.0,0.6802667846625017,0.6802667846625017,,,,1.0
5,water_gsolv_eV,241,1.0000001192092896,0.0,0.6802667846625017,0.6802667846625017,,,,1.0
5,water_gsolv_eV,242,1.0000001192092896,0.0,0.6802667846625017,0.6802667846625017,,,,1.0
5,water_gsolv_eV,243,1.0000001192092896,0.0,0.6802667846625017,0.6802667846625017,,,,1.0
5,water_gsolv_eV,244,1.0000001192092896,0.0,0.6802667846625017,0.6802667846625017,,,,1.0
5,water_gsolv_eV,245,1.0000001192092896,0.0,0.6802667846625017,0.6802667846625017,,,,1.0
5,water_gsolv_eV,246,1.0000001192092896,0.0,0.6802667846625017,0.6802667846625017,,,,1.0
5,water_gsolv_eV,247,1.0000001192092896,0.0,0.6802667846625017,0.6802667846625017,,,,1.0
5,water_gsolv_eV,248,1.0000001192092896,0.0,0.6802667846625017,0.6802667846625017,,,,1.0
5,water_gsolv_eV,249,1.0000001192092896,0.0,0.6802667846625017,0.6802667846625017,,,,1.0
5,water_hl_gap_eV,0,1.0,0.0,0.7024696129228727,0.7024696129228727,,,,1.0
5,water_hl_gap_eV,1,1.0,0.0,0.7024696129228727,0.7024696129228727,,,,1.0
5,water_hl_gap_eV,2,1.0,0.0,0.7024696129228727,0.7024696129228727,,,,1.0
5,water_hl_gap_eV,3,1.0,0.0,0.7024696129228727,0.7024696129228727,,,,1.0
5,water_hl_gap_eV,4,1.0,0.0,0.7024696129228727,0.7024696129228727,,,,1.0
5,water_hl_gap_eV,5,1.0,0.0,0.7024696129228727,0.7024696129228727,,,,1.0
5,water_hl_gap_eV,6,1.0,0.0,0.7024696129228727,0.7024696129228727,,,,1.0
5,water_hl_gap_eV,7,1.0,0.0,0.7024696129228727,0.7024696129228727,,,,1.0
5,water_hl_gap_eV,8,1.0,0.0,0.7024696129228727,0.7024696129228727,,,,1.0
5,water_hl_gap_eV,9,1.0,0.0,0.7024696129228727,0.7024696129228727,,,,1.0
5,water_hl_gap_eV,10,1.0,0.0,0.7024696129228727,0.7024696129228727,,,,1.0
5,water_hl_gap_eV,11,1.0,0.0,0.7024696129228727,0.7024696129228727,,,,1.0
5,water_hl_gap_eV,12,1.0,0.0,0.7024696129228727,0.7024696129228727,,,,1.0
5,water_hl_gap_eV,13,1.0,0.0,0.7024696129228727,0.7024696129228727,,,,1.0
5,water_hl_gap_eV,14,1.0,0.0,0.7024696129228727,0.7024696129228727,,,,1.0
5,water_hl_gap_eV,15,1.0,0.0,0.7024696129228727,0.7024696129228727,,,,1.0
5,water_hl_gap_eV,16,1.0,0.0,0.7024696129228727,0.7024696129228727,,,,1.0
5,water_hl_gap_eV,17,1.0,0.0,0.7024696129228727,0.7024696129228727,,,,1.0
5,water_hl_gap_eV,18,1.0,0.0,0.7024696129228727,0.7024696129228727,,,,1.0
5,water_hl_gap_eV,19,1.0,0.0,0.7024696129228727,0.7024696129228727,,,,1.0
5,water_hl_gap_eV,20,1.0,0.0,0.7024696129228727,0.7024696129228727,,,,1.0
5,water_hl_gap_eV,21,1.0,0.0,0.7024696129228727,0.7024696129228727,,,,1.0
5,water_hl_gap_eV,22,1.0,0.0,0.7024696129228727,0.7024696129228727,,,,1.0
5,water_hl_gap_eV,23,1.0,0.0,0.7024696129228727,0.7024696129228727,,,,1.0
5,water_hl_gap_eV,24,1.0,0.0,0.7024696129228727,0.7024696129228727,,,,1.0
5,water_hl_gap_eV,25,1.0,0.0,0.7024696129228727,0.7024696129228727,,,,1.0
5,water_hl_gap_eV,26,1.0,0.0,0.7024696129228727,0.7024696129228727,,,,1.0
5,water_hl_gap_eV,27,1.0,0.0,0.7024696129228727,0.7024696129228727,,,,1.0
5,water_hl_gap_eV,28,1.0,0.0,0.7024696129228727,0.7024696129228727,,,,1.0
5,water_hl_gap_eV,29,1.0,0.0,0.7024696129228727,0.7024696129228727,,,,1.0
5,water_hl_gap_eV,30,1.0,0.0,0.7024696129228727,0.7024696129228727,,,,1.0
5,water_hl_gap_eV,31,1.0,0.0,0.7024696129228727,0.7024696129228727,,,,1.0
5,water_hl_gap_eV,32,1.0,0.0,0.7024696129228727,0.7024696129228727,,,,1.0
5,water_hl_gap_eV,33,1.0,0.0,0.7024696129228727,0.7024696129228727,,,,1.0
5,water_hl_gap_eV,34,1.0,0.0,0.7024696129228727,0.7024696129228727,,,,1.0
5,water_hl_gap_eV,35,1.0,0.0,0.7024696129228727,0.7024696129228727,,,,1.0
5,water_hl_gap_eV,36,1.0,0.0,0.7024696129228727,0.7024696129228727,,,,1.0
5,water_hl_gap_eV,37,1.0,0.0,0.7024696129228727,0.7024696129228727,,,,1.0
5,water_hl_gap_eV,38,1.0,0.0,0.7024696129228727,0.7024696129228727,,,,1.0
5,water_hl_gap_eV,39,1.0,0.0,0.7024696129228727,0.7024696129228727,,,,1.0
5,water_hl_gap_eV,40,1.0,0.0,0.7024696129228727,0.7024696129228727,,,,1.0
5,water_hl_gap_eV,41,1.0,0.0,0.7024696129228727,0.7024696129228727,,,,1.0
5,water_hl_gap_eV,42,1.0,0.0,0.7024696129228727,0.7024696129228727,,,,1.0
5,water_hl_gap_eV,43,1.0,0.0,0.7024696129228727,0.7024696129228727,,,,1.0
5,water_hl_gap_eV,44,1.0,0.0,0.7024696129228727,0.7024696129228727,,,,1.0
5,water_hl_gap_eV,45,1.0,0.0,0.7024696129228727,0.7024696129228727,,,,1.0
5,water_hl_gap_eV,46,1.0,0.0,0.7024696129228727,0.7024696129228727,,,,1.0
5,water_hl_gap_eV,47,1.0,0.0,0.7024696129228727,0.7024696129228727,,,,1.0
5,water_hl_gap_eV,48,1.0,0.0,0.7024696129228727,0.7024696129228727,,,,1.0
5,water_hl_gap_eV,49,1.0,0.0,0.7024696129228727,0.7024696129228727,,,,1.0
5,water_hl_gap_eV,50,1.0,0.0,0.7024696129228727,0.7024696129228727,,,,1.0
5,water_hl_gap_eV,51,1.0,0.0,0.7024696129228727,0.7024696129228727,,,,1.0
5,water_hl_gap_eV,52,1.0,0.0,0.7024696129228727,0.7024696129228727,,,,1.0
5,water_hl_gap_eV,53,1.0,0.0,0.7024696129228727,0.7024696129228727,,,,1.0
5,water_hl_gap_eV,54,1.0,0.0,0.7024696129228727,0.7024696129228727,,,,1.0
5,water_hl_gap_eV,55,1.0,0.0,0.7024696129228727,0.7024696129228727,,,,1.0
5,water_hl_gap_eV,56,1.0,0.0,0.7024696129228727,0.7024696129228727,,,,1.0
5,water_hl_gap_eV,57,1.0,0.0,0.7024696129228727,0.7024696129228727,,,,1.0
5,water_hl_gap_eV,58,1.0,0.0,0.7024696129228727,0.7024696129228727,,,,1.0
5,water_hl_gap_eV,59,1.0,0.0,0.7024696129228727,0.7024696129228727,,,,1.0
5,water_hl_gap_eV,60,1.0,0.0,0.7024696129228727,0.7024696129228727,,,,1.0
5,water_hl_gap_eV,61,1.0,0.0,0.7024696129228727,0.7024696129228727,,,,1.0
5,water_hl_gap_eV,62,1.0,0.0,0.7024696129228727,0.7024696129228727,,,,1.0
5,water_hl_gap_eV,63,1.0,0.0,0.7024696129228727,0.7024696129228727,,,,1.0
5,water_hl_gap_eV,64,1.0,0.0,0.7024696129228727,0.7024696129228727,,,,1.0
5,water_hl_gap_eV,65,1.0,0.0,0.7024696129228727,0.7024696129228727,,,,1.0
5,water_hl_gap_eV,66,1.0,0.0,0.7024696129228727,0.7024696129228727,,,,1.0
5,water_hl_gap_eV,67,1.0,0.0,0.7024696129228727,0.7024696129228727,,,,1.0
5,water_hl_gap_eV,68,1.0,0.0,0.7024696129228727,0.7024696129228727,,,,1.0
5,water_hl_gap_eV,69,1.0,0.0,0.7024696129228727,0.7024696129228727,,,,1.0
5,water_hl_gap_eV,70,1.0,0.0,0.7024696129228727,0.7024696129228727,,,,1.0
5,water_hl_gap_eV,71,1.0,0.0,0.7024696129228727,0.7024696129228727,,,,1.0
5,water_hl_gap_eV,72,1.0,0.0,0.7024696129228727,0.7024696129228727,,,,1.0
5,water_hl_gap_eV,73,1.0,0.0,0.7024696129228727,0.7024696129228727,,,,1.0
5,water_hl_gap_eV,74,1.0,0.0,0.7024696129228727,0.7024696129228727,,,,1.0
5,water_hl_gap_eV,75,1.0,0.0,0.7024696129228727,0.7024696129228727,,,,1.0
5,water_hl_gap_eV,76,1.0,0.0,0.7024696129228727,0.7024696129228727,,,,1.0
5,water_hl_gap_eV,77,1.0,0.0,0.7024696129228727,0.7024696129228727,,,,1.0
5,water_hl_gap_eV,78,1.0,0.0,0.7024696129228727,0.7024696129228727,,,,1.0
5,water_hl_gap_eV,79,1.0,0.0,0.7024696129228727,0.7024696129228727,,,,1.0
5,water_hl_gap_eV,80,1.0,0.0,0.7024696129228727,0.7024696129228727,,,,1.0
5,water_hl_gap_eV,81,1.0,0.0,0.7024696129228727,0.7024696129228727,,,,1.0
5,water_hl_gap_eV,82,1.0,0.0,0.7024696129228727,0.7024696129228727,,,,1.0
5,water_hl_gap_eV,83,1.0,0.0,0.7024696129228727,0.7024696129228727,,,,1.0
5,water_hl_gap_eV,84,1.0,0.0,0.7024696129228727,0.7024696129228727,,,,1.0
5,water_hl_gap_eV,85,1.0,0.0,0.7024696129228727,0.7024696129228727,,,,1.0
5,water_hl_gap_eV,86,1.0,0.0,0.7024696129228727,0.7024696129228727,,,,1.0
5,water_hl_gap_eV,87,1.0,0.0,0.7024696129228727,0.7024696129228727,,,,1.0
5,water_hl_gap_eV,88,1.0,0.0,0.7024696129228727,0.7024696129228727,,,,1.0
5,water_hl_gap_eV,89,1.0,0.0,0.7024696129228727,0.7024696129228727,,,,1.0
5,water_hl_gap_eV,90,1.0,0.0,0.7024696129228727,0.7024696129228727,,,,1.0
5,water_hl_gap_eV,91,1.0,0.0,0.7024696129228727,0.7024696129228727,,,,1.0
5,water_hl_gap_eV,92,1.0,0.0,0.7024696129228727,0.7024696129228727,,,,1.0
5,water_hl_gap_eV,93,1.0,0.0,0.7024696129228727,0.7024696129228727,,,,1.0
5,water_hl_gap_eV,94,1.0,0.0,0.7024696129228727,0.7024696129228727,,,,1.0
5,water_hl_gap_eV,95,1.0,0.0,0.7024696129228727,0.7024696129228727,,,,1.0
5,water_hl_gap_eV,96,1.0,0.0,0.7024696129228727,0.7024696129228727,,,,1.0
5,water_hl_gap_eV,97,1.0,0.0,0.7024696129228727,0.7024696129228727,,,,1.0
5,water_hl_gap_eV,98,1.0,0.0,0.7024696129228727,0.7024696129228727,,,,1.0
5,water_hl_gap_eV,99,1.0,0.0,0.7024696129228727,0.7024696129228727,,,,1.0
5,water_hl_gap_eV,100,1.0,0.0,0.7024696129228727,0.7024696129228727,,,,1.0
5,water_hl_gap_eV,101,1.0,0.0,0.7024696129228727,0.7024696129228727,,,,1.0
5,water_hl_gap_eV,102,1.0,0.0,0.7024696129228727,0.7024696129228727,,,,1.0
5,water_hl_gap_eV,103,1.0,0.0,0.7024696129228727,0.7024696129228727,,,,1.0
5,water_hl_gap_eV,104,1.0,0.0,0.7024696129228727,0.7024696129228727,,,,1.0
5,water_hl_gap_eV,105,1.0,0.0,0.7024696129228727,0.7024696129228727,,,,1.0
5,water_hl_gap_eV,106,1.0,0.0,0.7024696129228727,0.7024696129228727,,,,1.0
5,water_hl_gap_eV,107,1.0,0.0,0.7024696129228727,0.7024696129228727,,,,1.0
5,water_hl_gap_eV,108,1.0,0.0,0.7024696129228727,0.7024696129228727,,,,1.0
5,water_hl_gap_eV,109,1.0,0.0,0.7024696129228727,0.7024696129228727,,,,1.0
5,water_hl_gap_eV,110,1.0,0.0,0.7024696129228727,0.7024696129228727,,,,1.0
5,water_hl_gap_eV,111,1.0,0.0,0.7024696129228727,0.7024696129228727,,,,1.0
5,water_hl_gap_eV,112,1.0,0.0,0.7024696129228727,0.7024696129228727,,,,1.0
5,water_hl_gap_eV,113,1.0,0.0,0.7024696129228727,0.7024696129228727,,,,1.0
5,water_hl_gap_eV,114,1.0,0.0,0.7024696129228727,0.7024696129228727,,,,1.0
5,water_hl_gap_eV,115,1.0,0.0,0.7024696129228727,0.7024696129228727,,,,1.0
5,water_hl_gap_eV,116,1.0,0.0,0.7024696129228727,0.7024696129228727,,,,1.0
5,water_hl_gap_eV,117,1.0,0.0,0.7024696129228727,0.7024696129228727,,,,1.0
5,water_hl_gap_eV,118,1.0,0.0,0.7024696129228727,0.7024696129228727,,,,1.0
5,water_hl_gap_eV,119,1.0,0.0,0.7024696129228727,0.7024696129228727,,,,1.0
5,water_hl_gap_eV,120,1.0,0.0,0.7024696129228727,0.7024696129228727,,,,1.0
5,water_hl_gap_eV,121,1.0,0.0,0.7024696129228727,0.7024696129228727,,,,1.0
5,water_hl_gap_eV,122,1.0,0.0,0.7024696129228727,0.7024696129228727,,,,1.0
5,water_hl_gap_eV,123,1.0,0.0,0.7024696129228727,0.7024696129228727,,,,1.0
5,water_hl_gap_eV,124,1.0,0.0,0.7024696129228727,0.7024696129228727,,,,1.0
5,water_hl_gap_eV,125,1.0,0.0,0.7024696129228727,0.7024696129228727,,,,1.0
5,water_hl_gap_eV,126,1.0,0.0,0.7024696129228727,0.7024696129228727,,,,1.0
5,water_hl_gap_eV,127,1.0,0.0,0.7024696129228727,0.7024696129228727,,,,1.0
5,water_hl_gap_eV,128,1.0,0.0,0.7024696129228727,0.7024696129228727,,,,1.0
5,water_hl_gap_eV,129,1.0,0.0,0.7024696129228727,0.7024696129228727,,,,1.0
5,water_hl_gap_eV,130,1.0,0.0,0.7024696129228727,0.7024696129228727,,,,1.0
5,water_hl_gap_eV,131,1.0,0.0,0.7024696129228727,0.7024696129228727,,,,1.0
5,water_hl_gap_eV,132,1.0,0.0,0.7024696129228727,0.7024696129228727,,,,1.0
5,water_hl_gap_eV,133,1.0,0.0,0.7024696129228727,0.7024696129228727,,,,1.0
5,water_hl_gap_eV,134,1.0,0.0,0.7024696129228727,0.7024696129228727,,,,1.0
5,water_hl_gap_eV,135,1.0,0.0,0.7024696129228727,0.7024696129228727,,,,1.0
5,water_hl_gap_eV,136,1.0,0.0,0.7024696129228727,0.7024696129228727,,,,1.0
5,water_hl_gap_eV,137,1.0,0.0,0.7024696129228727,0.7024696129228727,,,,1.0
5,water_hl_gap_eV,138,1.0,0.0,0.7024696129228727,0.7024696129228727,,,,1.0
5,water_hl_gap_eV,139,1.0,0.0,0.7024696129228727,0.7024696129228727,,,,1.0
5,water_hl_gap_eV,140,1.0,0.0,0.7024696129228727,0.7024696129228727,,,,1.0
5,water_hl_gap_eV,141,1.0,0.0,0.7024696129228727,0.7024696129228727,,,,1.0
5,water_hl_gap_eV,142,1.0,0.0,0.7024696129228727,0.7024696129228727,,,,1.0
5,water_hl_gap_eV,143,1.0,0.0,0.7024696129228727,0.7024696129228727,,,,1.0
5,water_hl_gap_eV,144,1.0,0.0,0.7024696129228727,0.7024696129228727,,,,1.0
5,water_hl_gap_eV,145,1.0,0.0,0.7024696129228727,0.7024696129228727,,,,1.0
5,water_hl_gap_eV,146,1.0,0.0,0.7024696129228727,0.7024696129228727,,,,1.0
5,water_hl_gap_eV,147,1.0,0.0,0.7024696129228727,0.7024696129228727,,,,1.0
5,water_hl_gap_eV,148,1.0,0.0,0.7024696129228727,0.7024696129228727,,,,1.0
5,water_hl_gap_eV,149,1.0,0.0,0.7024696129228727,0.7024696129228727,,,,1.0
5,water_hl_gap_eV,150,1.0,0.0,0.7024696129228727,0.7024696129228727,,,,1.0
5,water_hl_gap_eV,151,1.0,0.0,0.7024696129228727,0.7024696129228727,,,,1.0
5,water_hl_gap_eV,152,1.0,0.0,0.7024696129228727,0.7024696129228727,,,,1.0
5,water_hl_gap_eV,153,1.0,0.0,0.7024696129228727,0.7024696129228727,,,,1.0
5,water_hl_gap_eV,154,1.0,0.0,0.7024696129228727,0.7024696129228727,,,,1.0
5,water_hl_gap_eV,155,1.0,0.0,0.7024696129228727,0.7024696129228727,,,,1.0
5,water_hl_gap_eV,156,1.0,0.0,0.7024696129228727,0.7024696129228727,,,,1.0
5,water_hl_gap_eV,157,1.0,0.0,0.7024696129228727,0.7024696129228727,,,,1.0
5,water_hl_gap_eV,158,1.0,0.0,0.7024696129228727,0.7024696129228727,,,,1.0
5,water_hl_gap_eV,159,1.0,0.0,0.7024696129228727,0.7024696129228727,,,,1.0
5,water_hl_gap_eV,160,1.0,0.0,0.7024696129228727,0.7024696129228727,,,,1.0
5,water_hl_gap_eV,161,1.0,0.0,0.7024696129228727,0.7024696129228727,,,,1.0
5,water_hl_gap_eV,162,1.0,0.0,0.7024696129228727,0.7024696129228727,,,,1.0
5,water_hl_gap_eV,163,1.0,0.0,0.7024696129228727,0.7024696129228727,,,,1.0
5,water_hl_gap_eV,164,1.0,0.0,0.7024696129228727,0.7024696129228727,,,,1.0
5,water_hl_gap_eV,165,1.0,0.0,0.7024696129228727,0.7024696129228727,,,,1.0
5,water_hl_gap_eV,166,1.0,0.0,0.7024696129228727,0.7024696129228727,,,,1.0
5,water_hl_gap_eV,167,1.0,0.0,0.7024696129228727,0.7024696129228727,,,,1.0
5,water_hl_gap_eV,168,1.0,0.0,0.7024696129228727,0.7024696129228727,,,,1.0
5,water_hl_gap_eV,169,1.0,0.0,0.7024696129228727,0.7024696129228727,,,,1.0
5,water_hl_gap_eV,170,1.0,0.0,0.7024696129228727,0.7024696129228727,,,,1.0
5,water_hl_gap_eV,171,1.0,0.0,0.7024696129228727,0.7024696129228727,,,,1.0
5,water_hl_gap_eV,172,1.0,0.0,0.7024696129228727,0.7024696129228727,,,,1.0
5,water_hl_gap_eV,173,1.0,0.0,0.7024696129228727,0.7024696129228727,,,,1.0
5,water_hl_gap_eV,174,1.0,0.0,0.7024696129228727,0.7024696129228727,,,,1.0
5,water_hl_gap_eV,175,1.0,0.0,0.7024696129228727,0.7024696129228727,,,,1.0
5,water_hl_gap_eV,176,1.0,0.0,0.7024696129228727,0.7024696129228727,,,,1.0
5,water_hl_gap_eV,177,1.0,0.0,0.7024696129228727,0.7024696129228727,,,,1.0
5,water_hl_gap_eV,178,1.0,0.0,0.7024696129228727,0.7024696129228727,,,,1.0
5,water_hl_gap_eV,179,1.0,0.0,0.7024696129228727,0.7024696129228727,,,,1.0
5,water_hl_gap_eV,180,1.0,0.0,0.7024696129228727,0.7024696129228727,,,,1.0
5,water_hl_gap_eV,181,1.0,0.0,0.7024696129228727,0.7024696129228727,,,,1.0
5,water_hl_gap_eV,182,1.0,0.0,0.7024696129228727,0.7024696129228727,,,,1.0
5,water_hl_gap_eV,183,1.0,0.0,0.7024696129228727,0.7024696129228727,,,,1.0
5,water_hl_gap_eV,184,1.0,0.0,0.7024696129228727,0.7024696129228727,,,,1.0
5,water_hl_gap_eV,185,1.0,0.0,0.7024696129228727,0.7024696129228727,,,,1.0
5,water_hl_gap_eV,186,1.0,0.0,0.7024696129228727,0.7024696129228727,,,,1.0
5,water_hl_gap_eV,187,1.0,0.0,0.7024696129228727,0.7024696129228727,,,,1.0
5,water_hl_gap_eV,188,1.0,0.0,0.7024696129228727,0.7024696129228727,,,,1.0
5,water_hl_gap_eV,189,1.0,0.0,0.7024696129228727,0.7024696129228727,,,,1.0
5,water_hl_gap_eV,190,1.0,0.0,0.7024696129228727,0.7024696129228727,,,,1.0
5,water_hl_gap_eV,191,1.0,0.0,0.7024696129228727,0.7024696129228727,,,,1.0
5,water_hl_gap_eV,192,1.0,0.0,0.7024696129228727,0.7024696129228727,,,,1.0
5,water_hl_gap_eV,193,1.0,0.0,0.7024696129228727,0.7024696129228727,,,,1.0
5,water_hl_gap_eV,194,1.0,0.0,0.7024696129228727,0.7024696129228727,,,,1.0
5,water_hl_gap_eV,195,1.0,0.0,0.7024696129228727,0.7024696129228727,,,,1.0
5,water_hl_gap_eV,196,1.0,0.0,0.7024696129228727,0.7024696129228727,,,,1.0
5,water_hl_gap_eV,197,1.0,0.0,0.7024696129228727,0.7024696129228727,,,,1.0
5,water_hl_gap_eV,198,1.0,0.0,0.7024696129228727,0.7024696129228727,,,,1.0
5,water_hl_gap_eV,199,1.0,0.0,0.7024696129228727,0.7024696129228727,,,,1.0
5,water_hl_gap_eV,200,1.0,0.0,0.7024696129228727,0.7024696129228727,,,,1.0
5,water_hl_gap_eV,201,1.0,0.0,0.7024696129228727,0.7024696129228727,,,,1.0
5,water_hl_gap_eV,202,1.0,0.0,0.7024696129228727,0.7024696129228727,,,,1.0
5,water_hl_gap_eV,203,1.0,0.0,0.7024696129228727,0.7024696129228727,,,,1.0
5,water_hl_gap_eV,204,1.0,0.0,0.7024696129228727,0.7024696129228727,,,,1.0
5,water_hl_gap_eV,205,1.0,0.0,0.7024696129228727,0.7024696129228727,,,,1.0
5,water_hl_gap_eV,206,1.0,0.0,0.7024696129228727,0.7024696129228727,,,,1.0
5,water_hl_gap_eV,207,1.0,0.0,0.7024696129228727,0.7024696129228727,,,,1.0
5,water_hl_gap_eV,208,1.0,0.0,0.7024696129228727,0.7024696129228727,,,,1.0
5,water_hl_gap_eV,209,1.0,0.0,0.7024696129228727,0.7024696129228727,,,,1.0
5,water_hl_gap_eV,210,1.0,0.0,0.7024696129228727,0.7024696129228727,,,,1.0
5,water_hl_gap_eV,211,1.0,0.0,0.7024696129228727,0.7024696129228727,,,,1.0
5,water_hl_gap_eV,212,1.0,0.0,0.7024696129228727,0.7024696129228727,,,,1.0
5,water_hl_gap_eV,213,1.0,0.0,0.7024696129228727,0.7024696129228727,,,,1.0
5,water_hl_gap_eV,214,1.0,0.0,0.7024696129228727,0.7024696129228727,,,,1.0
5,water_hl_gap_eV,215,1.0,0.0,0.7024696129228727,0.7024696129228727,,,,1.0
5,water_hl_gap_eV,216,1.0,0.0,0.7024696129228727,0.7024696129228727,,,,1.0
5,water_hl_gap_eV,217,1.0,0.0,0.7024696129228727,0.7024696129228727,,,,1.0
5,water_hl_gap_eV,218,1.0,0.0,0.7024696129228727,0.7024696129228727,,,,1.0
5,water_hl_gap_eV,219,1.0,0.0,0.7024696129228727,0.7024696129228727,,,,1.0
5,water_hl_gap_eV,220,1.0,0.0,0.7024696129228727,0.7024696129228727,,,,1.0
5,water_hl_gap_eV,221,1.0,0.0,0.7024696129228727,0.7024696129228727,,,,1.0
5,water_hl_gap_eV,222,1.0,0.0,0.7024696129228727,0.7024696129228727,,,,1.0
5,water_hl_gap_eV,223,1.0,0.0,0.7024696129228727,0.7024696129228727,,,,1.0
5,water_hl_gap_eV,224,1.0,0.0,0.7024696129228727,0.7024696129228727,,,,1.0
5,water_hl_gap_eV,225,1.0,0.0,0.7024696129228727,0.7024696129228727,,,,1.0
5,water_hl_gap_eV,226,1.0,0.0,0.7024696129228727,0.7024696129228727,,,,1.0
5,water_hl_gap_eV,227,1.0,0.0,0.7024696129228727,0.7024696129228727,,,,1.0
5,water_hl_gap_eV,228,1.0,0.0,0.7024696129228727,0.7024696129228727,,,,1.0
5,water_hl_gap_eV,229,1.0,0.0,0.7024696129228727,0.7024696129228727,,,,1.0
5,water_hl_gap_eV,230,1.0,0.0,0.7024696129228727,0.7024696129228727,,,,1.0
5,water_hl_gap_eV,231,1.0,0.0,0.7024696129228727,0.7024696129228727,,,,1.0
5,water_hl_gap_eV,232,1.0,0.0,0.7024696129228727,0.7024696129228727,,,,1.0
5,water_hl_gap_eV,233,1.0,0.0,0.7024696129228727,0.7024696129228727,,,,1.0
5,water_hl_gap_eV,234,1.0,0.0,0.7024696129228727,0.7024696129228727,,,,1.0
5,water_hl_gap_eV,235,1.0,0.0,0.7024696129228727,0.7024696129228727,,,,1.0
5,water_hl_gap_eV,236,1.0,0.0,0.7024696129228727,0.7024696129228727,,,,1.0
5,water_hl_gap_eV,237,1.0,0.0,0.7024696129228727,0.7024696129228727,,,,1.0
5,water_hl_gap_eV,238,1.0,0.0,0.7024696129228727,0.7024696129228727,,,,1.0
5,water_hl_gap_eV,239,1.0,0.0,0.7024696129228727,0.7024696129228727,,,,1.0
5,water_hl_gap_eV,240,1.0,0.0,0.7024696129228727,0.7024696129228727,,,,1.0
5,water_hl_gap_eV,241,1.0,0.0,0.7024696129228727,0.7024696129228727,,,,1.0
5,water_hl_gap_eV,242,1.0,0.0,0.7024696129228727,0.7024696129228727,,,,1.0
5,water_hl_gap_eV,243,1.0,0.0,0.7024696129228727,0.7024696129228727,,,,1.0
5,water_hl_gap_eV,244,1.0,0.0,0.7024696129228727,0.7024696129228727,,,,1.0
5,water_hl_gap_eV,245,1.0,0.0,0.7024696129228727,0.7024696129228727,,,,1.0
5,water_hl_gap_eV,246,1.0,0.0,0.7024696129228727,0.7024696129228727,,,,1.0
5,water_hl_gap_eV,247,1.0,0.0,0.7024696129228727,0.7024696129228727,,,,1.0
5,water_hl_gap_eV,248,1.0,0.0,0.7024696129228727,0.7024696129228727,,,,1.0
5,water_hl_gap_eV,249,1.0,0.0,0.7024696129228727,0.7024696129228727,,,,1.0
5,water_dipole,0,0.9999999403953552,0.0,0.6473080319201194,0.6473080319201194,,,,1.0
5,water_dipole,1,0.9999999403953552,0.0,0.6473080319201194,0.6473080319201194,,,,1.0
5,water_dipole,2,0.9999999403953552,0.0,0.6473080319201194,0.6473080319201194,,,,1.0
5,water_dipole,3,0.9999999403953552,0.0,0.6473080319201194,0.6473080319201194,,,,1.0
5,water_dipole,4,0.9999999403953552,0.0,0.6473080319201194,0.6473080319201194,,,,1.0
5,water_dipole,5,0.9999999403953552,0.0,0.6473080319201194,0.6473080319201194,,,,1.0
5,water_dipole,6,0.9999999403953552,0.0,0.6473080319201194,0.6473080319201194,,,,1.0
5,water_dipole,7,0.9999999403953552,0.0,0.6473080319201194,0.6473080319201194,,,,1.0
5,water_dipole,8,0.9999999403953552,0.0,0.6473080319201194,0.6473080319201194,,,,1.0
5,water_dipole,9,0.9999999403953552,0.0,0.6473080319201194,0.6473080319201194,,,,1.0
5,water_dipole,10,0.9999999403953552,0.0,0.6473080319201194,0.6473080319201194,,,,1.0
5,water_dipole,11,0.9999999403953552,0.0,0.6473080319201194,0.6473080319201194,,,,1.0
5,water_dipole,12,0.9999999403953552,0.0,0.6473080319201194,0.6473080319201194,,,,1.0
5,water_dipole,13,0.9999999403953552,0.0,0.6473080319201194,0.6473080319201194,,,,1.0
5,water_dipole,14,0.9999999403953552,0.0,0.6473080319201194,0.6473080319201194,,,,1.0
5,water_dipole,15,0.9999999403953552,0.0,0.6473080319201194,0.6473080319201194,,,,1.0
5,water_dipole,16,0.9999999403953552,0.0,0.6473080319201194,0.6473080319201194,,,,1.0
5,water_dipole,17,0.9999999403953552,0.0,0.6473080319201194,0.6473080319201194,,,,1.0
5,water_dipole,18,0.9999999403953552,0.0,0.6473080319201194,0.6473080319201194,,,,1.0
5,water_dipole,19,0.9999999403953552,0.0,0.6473080319201194,0.6473080319201194,,,,1.0
5,water_dipole,20,0.9999999403953552,0.0,0.6473080319201194,0.6473080319201194,,,,1.0
5,water_dipole,21,0.9999999403953552,0.0,0.6473080319201194,0.6473080319201194,,,,1.0
5,water_dipole,22,0.9999999403953552,0.0,0.6473080319201194,0.6473080319201194,,,,1.0
5,water_dipole,23,0.9999999403953552,0.0,0.6473080319201194,0.6473080319201194,,,,1.0
5,water_dipole,24,0.9999999403953552,0.0,0.6473080319201194,0.6473080319201194,,,,1.0
5,water_dipole,25,0.9999999403953552,0.0,0.6473080319201194,0.6473080319201194,,,,1.0
5,water_dipole,26,0.9999999403953552,0.0,0.6473080319201194,0.6473080319201194,,,,1.0
5,water_dipole,27,0.9999999403953552,0.0,0.6473080319201194,0.6473080319201194,,,,1.0
5,water_dipole,28,0.9999999403953552,0.0,0.6473080319201194,0.6473080319201194,,,,1.0
5,water_dipole,29,0.9999999403953552,0.0,0.6473080319201194,0.6473080319201194,,,,1.0
5,water_dipole,30,0.9999999403953552,0.0,0.6473080319201194,0.6473080319201194,,,,1.0
5,water_dipole,31,0.9999999403953552,0.0,0.6473080319201194,0.6473080319201194,,,,1.0
5,water_dipole,32,0.9999999403953552,0.0,0.6473080319201194,0.6473080319201194,,,,1.0
5,water_dipole,33,0.9999999403953552,0.0,0.6473080319201194,0.6473080319201194,,,,1.0
5,water_dipole,34,0.9999999403953552,0.0,0.6473080319201194,0.6473080319201194,,,,1.0
5,water_dipole,35,0.9999999403953552,0.0,0.6473080319201194,0.6473080319201194,,,,1.0
5,water_dipole,36,0.9999999403953552,0.0,0.6473080319201194,0.6473080319201194,,,,1.0
5,water_dipole,37,0.9999999403953552,0.0,0.6473080319201194,0.6473080319201194,,,,1.0
5,water_dipole,38,0.9999999403953552,0.0,0.6473080319201194,0.6473080319201194,,,,1.0
5,water_dipole,39,0.9999999403953552,0.0,0.6473080319201194,0.6473080319201194,,,,1.0
5,water_dipole,40,0.9999999403953552,0.0,0.6473080319201194,0.6473080319201194,,,,1.0
5,water_dipole,41,0.9999999403953552,0.0,0.6473080319201194,0.6473080319201194,,,,1.0
5,water_dipole,42,0.9999999403953552,0.0,0.6473080319201194,0.6473080319201194,,,,1.0
5,water_dipole,43,0.9999999403953552,0.0,0.6473080319201194,0.6473080319201194,,,,1.0
5,water_dipole,44,0.9999999403953552,0.0,0.6473080319201194,0.6473080319201194,,,,1.0
5,water_dipole,45,0.9999999403953552,0.0,0.6473080319201194,0.6473080319201194,,,,1.0
5,water_dipole,46,0.9999999403953552,0.0,0.6473080319201194,0.6473080319201194,,,,1.0
5,water_dipole,47,0.9999999403953552,0.0,0.6473080319201194,0.6473080319201194,,,,1.0
5,water_dipole,48,0.9999999403953552,0.0,0.6473080319201194,0.6473080319201194,,,,1.0
5,water_dipole,49,0.9999999403953552,0.0,0.6473080319201194,0.6473080319201194,,,,1.0
5,water_dipole,50,0.9999999403953552,0.0,0.6473080319201194,0.6473080319201194,,,,1.0
5,water_dipole,51,0.9999999403953552,0.0,0.6473080319201194,0.6473080319201194,,,,1.0
5,water_dipole,52,0.9999999403953552,0.0,0.6473080319201194,0.6473080319201194,,,,1.0
5,water_dipole,53,0.9999999403953552,0.0,0.6473080319201194,0.6473080319201194,,,,1.0
5,water_dipole,54,0.9999999403953552,0.0,0.6473080319201194,0.6473080319201194,,,,1.0
5,water_dipole,55,0.9999999403953552,0.0,0.6473080319201194,0.6473080319201194,,,,1.0
5,water_dipole,56,0.9999999403953552,0.0,0.6473080319201194,0.6473080319201194,,,,1.0
5,water_dipole,57,0.9999999403953552,0.0,0.6473080319201194,0.6473080319201194,,,,1.0
5,water_dipole,58,0.9999999403953552,0.0,0.6473080319201194,0.6473080319201194,,,,1.0
5,water_dipole,59,0.9999999403953552,0.0,0.6473080319201194,0.6473080319201194,,,,1.0
5,water_dipole,60,0.9999999403953552,0.0,0.6473080319201194,0.6473080319201194,,,,1.0
5,water_dipole,61,0.9999999403953552,0.0,0.6473080319201194,0.6473080319201194,,,,1.0
5,water_dipole,62,0.9999999403953552,0.0,0.6473080319201194,0.6473080319201194,,,,1.0
5,water_dipole,63,0.9999999403953552,0.0,0.6473080319201194,0.6473080319201194,,,,1.0
5,water_dipole,64,0.9999999403953552,0.0,0.6473080319201194,0.6473080319201194,,,,1.0
5,water_dipole,65,0.9999999403953552,0.0,0.6473080319201194,0.6473080319201194,,,,1.0
5,water_dipole,66,0.9999999403953552,0.0,0.6473080319201194,0.6473080319201194,,,,1.0
5,water_dipole,67,0.9999999403953552,0.0,0.6473080319201194,0.6473080319201194,,,,1.0
5,water_dipole,68,0.9999999403953552,0.0,0.6473080319201194,0.6473080319201194,,,,1.0
5,water_dipole,69,0.9999999403953552,0.0,0.6473080319201194,0.6473080319201194,,,,1.0
5,water_dipole,70,0.9999999403953552,0.0,0.6473080319201194,0.6473080319201194,,,,1.0
5,water_dipole,71,0.9999999403953552,0.0,0.6473080319201194,0.6473080319201194,,,,1.0
5,water_dipole,72,0.9999999403953552,0.0,0.6473080319201194,0.6473080319201194,,,,1.0
5,water_dipole,73,0.9999999403953552,0.0,0.6473080319201194,0.6473080319201194,,,,1.0
5,water_dipole,74,0.9999999403953552,0.0,0.6473080319201194,0.6473080319201194,,,,1.0
5,water_dipole,75,0.9999999403953552,0.0,0.6473080319201194,0.6473080319201194,,,,1.0
5,water_dipole,76,0.9999999403953552,0.0,0.6473080319201194,0.6473080319201194,,,,1.0
5,water_dipole,77,0.9999999403953552,0.0,0.6473080319201194,0.6473080319201194,,,,1.0
5,water_dipole,78,0.9999999403953552,0.0,0.6473080319201194,0.6473080319201194,,,,1.0
5,water_dipole,79,0.9999999403953552,0.0,0.6473080319201194,0.6473080319201194,,,,1.0
5,water_dipole,80,0.9999999403953552,0.0,0.6473080319201194,0.6473080319201194,,,,1.0
5,water_dipole,81,0.9999999403953552,0.0,0.6473080319201194,0.6473080319201194,,,,1.0
5,water_dipole,82,0.9999999403953552,0.0,0.6473080319201194,0.6473080319201194,,,,1.0
5,water_dipole,83,0.9999999403953552,0.0,0.6473080319201194,0.6473080319201194,,,,1.0
5,water_dipole,84,0.9999999403953552,0.0,0.6473080319201194,0.6473080319201194,,,,1.0
5,water_dipole,85,0.9999999403953552,0.0,0.6473080319201194,0.6473080319201194,,,,1.0
5,water_dipole,86,0.9999999403953552,0.0,0.6473080319201194,0.6473080319201194,,,,1.0
5,water_dipole,87,0.9999999403953552,0.0,0.6473080319201194,0.6473080319201194,,,,1.0
5,water_dipole,88,0.9999999403953552,0.0,0.6473080319201194,0.6473080319201194,,,,1.0
5,water_dipole,89,0.9999999403953552,0.0,0.6473080319201194,0.6473080319201194,,,,1.0
5,water_dipole,90,0.9999999403953552,0.0,0.6473080319201194,0.6473080319201194,,,,1.0
5,water_dipole,91,0.9999999403953552,0.0,0.6473080319201194,0.6473080319201194,,,,1.0
5,water_dipole,92,0.9999999403953552,0.0,0.6473080319201194,0.6473080319201194,,,,1.0
5,water_dipole,93,0.9999999403953552,0.0,0.6473080319201194,0.6473080319201194,,,,1.0
5,water_dipole,94,0.9999999403953552,0.0,0.6473080319201194,0.6473080319201194,,,,1.0
5,water_dipole,95,0.9999999403953552,0.0,0.6473080319201194,0.6473080319201194,,,,1.0
5,water_dipole,96,0.9999999403953552,0.0,0.6473080319201194,0.6473080319201194,,,,1.0
5,water_dipole,97,0.9999999403953552,0.0,0.6473080319201194,0.6473080319201194,,,,1.0
5,water_dipole,98,0.9999999403953552,0.0,0.6473080319201194,0.6473080319201194,,,,1.0
5,water_dipole,99,0.9999999403953552,0.0,0.6473080319201194,0.6473080319201194,,,,1.0
5,water_dipole,100,0.9999999403953552,0.0,0.6473080319201194,0.6473080319201194,,,,1.0
5,water_dipole,101,0.9999999403953552,0.0,0.6473080319201194,0.6473080319201194,,,,1.0
5,water_dipole,102,0.9999999403953552,0.0,0.6473080319201194,0.6473080319201194,,,,1.0
5,water_dipole,103,0.9999999403953552,0.0,0.6473080319201194,0.6473080319201194,,,,1.0
5,water_dipole,104,0.9999999403953552,0.0,0.6473080319201194,0.6473080319201194,,,,1.0
5,water_dipole,105,0.9999999403953552,0.0,0.6473080319201194,0.6473080319201194,,,,1.0
5,water_dipole,106,0.9999999403953552,0.0,0.6473080319201194,0.6473080319201194,,,,1.0
5,water_dipole,107,0.9999999403953552,0.0,0.6473080319201194,0.6473080319201194,,,,1.0
5,water_dipole,108,0.9999999403953552,0.0,0.6473080319201194,0.6473080319201194,,,,1.0
5,water_dipole,109,0.9999999403953552,0.0,0.6473080319201194,0.6473080319201194,,,,1.0
5,water_dipole,110,0.9999999403953552,0.0,0.6473080319201194,0.6473080319201194,,,,1.0
5,water_dipole,111,0.9999999403953552,0.0,0.6473080319201194,0.6473080319201194,,,,1.0
5,water_dipole,112,0.9999999403953552,0.0,0.6473080319201194,0.6473080319201194,,,,1.0
5,water_dipole,113,0.9999999403953552,0.0,0.6473080319201194,0.6473080319201194,,,,1.0
5,water_dipole,114,0.9999999403953552,0.0,0.6473080319201194,0.6473080319201194,,,,1.0
5,water_dipole,115,0.9999999403953552,0.0,0.6473080319201194,0.6473080319201194,,,,1.0
5,water_dipole,116,0.9999999403953552,0.0,0.6473080319201194,0.6473080319201194,,,,1.0
5,water_dipole,117,0.9999999403953552,0.0,0.6473080319201194,0.6473080319201194,,,,1.0
5,water_dipole,118,0.9999999403953552,0.0,0.6473080319201194,0.6473080319201194,,,,1.0
5,water_dipole,119,0.9999999403953552,0.0,0.6473080319201194,0.6473080319201194,,,,1.0
5,water_dipole,120,0.9999999403953552,0.0,0.6473080319201194,0.6473080319201194,,,,1.0
5,water_dipole,121,0.9999999403953552,0.0,0.6473080319201194,0.6473080319201194,,,,1.0
5,water_dipole,122,0.9999999403953552,0.0,0.6473080319201194,0.6473080319201194,,,,1.0
5,water_dipole,123,0.9999999403953552,0.0,0.6473080319201194,0.6473080319201194,,,,1.0
5,water_dipole,124,0.9999999403953552,0.0,0.6473080319201194,0.6473080319201194,,,,1.0
5,water_dipole,125,0.9999999403953552,0.0,0.6473080319201194,0.6473080319201194,,,,1.0
5,water_dipole,126,0.9999999403953552,0.0,0.6473080319201194,0.6473080319201194,,,,1.0
5,water_dipole,127,0.9999999403953552,0.0,0.6473080319201194,0.6473080319201194,,,,1.0
5,water_dipole,128,0.9999999403953552,0.0,0.6473080319201194,0.6473080319201194,,,,1.0
5,water_dipole,129,0.9999999403953552,0.0,0.6473080319201194,0.6473080319201194,,,,1.0
5,water_dipole,130,0.9999999403953552,0.0,0.6473080319201194,0.6473080319201194,,,,1.0
5,water_dipole,131,0.9999999403953552,0.0,0.6473080319201194,0.6473080319201194,,,,1.0
5,water_dipole,132,0.9999999403953552,0.0,0.6473080319201194,0.6473080319201194,,,,1.0
5,water_dipole,133,0.9999999403953552,0.0,0.6473080319201194,0.6473080319201194,,,,1.0
5,water_dipole,134,0.9999999403953552,0.0,0.6473080319201194,0.6473080319201194,,,,1.0
5,water_dipole,135,0.9999999403953552,0.0,0.6473080319201194,0.6473080319201194,,,,1.0
5,water_dipole,136,0.9999999403953552,0.0,0.6473080319201194,0.6473080319201194,,,,1.0
5,water_dipole,137,0.9999999403953552,0.0,0.6473080319201194,0.6473080319201194,,,,1.0
5,water_dipole,138,0.9999999403953552,0.0,0.6473080319201194,0.6473080319201194,,,,1.0
5,water_dipole,139,0.9999999403953552,0.0,0.6473080319201194,0.6473080319201194,,,,1.0
5,water_dipole,140,0.9999999403953552,0.0,0.6473080319201194,0.6473080319201194,,,,1.0
5,water_dipole,141,0.9999999403953552,0.0,0.6473080319201194,0.6473080319201194,,,,1.0
5,water_dipole,142,0.9999999403953552,0.0,0.6473080319201194,0.6473080319201194,,,,1.0
5,water_dipole,143,0.9999999403953552,0.0,0.6473080319201194,0.6473080319201194,,,,1.0
5,water_dipole,144,0.9999999403953552,0.0,0.6473080319201194,0.6473080319201194,,,,1.0
5,water_dipole,145,0.9999999403953552,0.0,0.6473080319201194,0.6473080319201194,,,,1.0
5,water_dipole,146,0.9999999403953552,0.0,0.6473080319201194,0.6473080319201194,,,,1.0
5,water_dipole,147,0.9999999403953552,0.0,0.6473080319201194,0.6473080319201194,,,,1.0
5,water_dipole,148,0.9999999403953552,0.0,0.6473080319201194,0.6473080319201194,,,,1.0
5,water_dipole,149,0.9999999403953552,0.0,0.6473080319201194,0.6473080319201194,,,,1.0
5,water_dipole,150,0.9999999403953552,0.0,0.6473080319201194,0.6473080319201194,,,,1.0
5,water_dipole,151,0.9999999403953552,0.0,0.6473080319201194,0.6473080319201194,,,,1.0
5,water_dipole,152,0.9999999403953552,0.0,0.6473080319201194,0.6473080319201194,,,,1.0
5,water_dipole,153,0.9999999403953552,0.0,0.6473080319201194,0.6473080319201194,,,,1.0
5,water_dipole,154,0.9999999403953552,0.0,0.6473080319201194,0.6473080319201194,,,,1.0
5,water_dipole,155,0.9999999403953552,0.0,0.6473080319201194,0.6473080319201194,,,,1.0
5,water_dipole,156,0.9999999403953552,0.0,0.6473080319201194,0.6473080319201194,,,,1.0
5,water_dipole,157,0.9999999403953552,0.0,0.6473080319201194,0.6473080319201194,,,,1.0
5,water_dipole,158,0.9999999403953552,0.0,0.6473080319201194,0.6473080319201194,,,,1.0
5,water_dipole,159,0.9999999403953552,0.0,0.6473080319201194,0.6473080319201194,,,,1.0
5,water_dipole,160,0.9999999403953552,0.0,0.6473080319201194,0.6473080319201194,,,,1.0
5,water_dipole,161,0.9999999403953552,0.0,0.6473080319201194,0.6473080319201194,,,,1.0
5,water_dipole,162,0.9999999403953552,0.0,0.6473080319201194,0.6473080319201194,,,,1.0
5,water_dipole,163,0.9999999403953552,0.0,0.6473080319201194,0.6473080319201194,,,,1.0
5,water_dipole,164,0.9999999403953552,0.0,0.6473080319201194,0.6473080319201194,,,,1.0
5,water_dipole,165,0.9999999403953552,0.0,0.6473080319201194,0.6473080319201194,,,,1.0
5,water_dipole,166,0.9999999403953552,0.0,0.6473080319201194,0.6473080319201194,,,,1.0
5,water_dipole,167,0.9999999403953552,0.0,0.6473080319201194,0.6473080319201194,,,,1.0
5,water_dipole,168,0.9999999403953552,0.0,0.6473080319201194,0.6473080319201194,,,,1.0
5,water_dipole,169,0.9999999403953552,0.0,0.6473080319201194,0.6473080319201194,,,,1.0
5,water_dipole,170,0.9999999403953552,0.0,0.6473080319201194,0.6473080319201194,,,,1.0
5,water_dipole,171,0.9999999403953552,0.0,0.6473080319201194,0.6473080319201194,,,,1.0
5,water_dipole,172,0.9999999403953552,0.0,0.6473080319201194,0.6473080319201194,,,,1.0
5,water_dipole,173,0.9999999403953552,0.0,0.6473080319201194,0.6473080319201194,,,,1.0
5,water_dipole,174,0.9999999403953552,0.0,0.6473080319201194,0.6473080319201194,,,,1.0
5,water_dipole,175,0.9999999403953552,0.0,0.6473080319201194,0.6473080319201194,,,,1.0
5,water_dipole,176,0.9999999403953552,0.0,0.6473080319201194,0.6473080319201194,,,,1.0
5,water_dipole,177,0.9999999403953552,0.0,0.6473080319201194,0.6473080319201194,,,,1.0
5,water_dipole,178,0.9999999403953552,0.0,0.6473080319201194,0.6473080319201194,,,,1.0
5,water_dipole,179,0.9999999403953552,0.0,0.6473080319201194,0.6473080319201194,,,,1.0
5,water_dipole,180,0.9999999403953552,0.0,0.6473080319201194,0.6473080319201194,,,,1.0
5,water_dipole,181,0.9999999403953552,0.0,0.6473080319201194,0.6473080319201194,,,,1.0
5,water_dipole,182,0.9999999403953552,0.0,0.6473080319201194,0.6473080319201194,,,,1.0
5,water_dipole,183,0.9999999403953552,0.0,0.6473080319201194,0.6473080319201194,,,,1.0
5,water_dipole,184,0.9999999403953552,0.0,0.6473080319201194,0.6473080319201194,,,,1.0
5,water_dipole,185,0.9999999403953552,0.0,0.6473080319201194,0.6473080319201194,,,,1.0
5,water_dipole,186,0.9999999403953552,0.0,0.6473080319201194,0.6473080319201194,,,,1.0
5,water_dipole,187,0.9999999403953552,0.0,0.6473080319201194,0.6473080319201194,,,,1.0
5,water_dipole,188,0.9999999403953552,0.0,0.6473080319201194,0.6473080319201194,,,,1.0
5,water_dipole,189,0.9999999403953552,0.0,0.6473080319201194,0.6473080319201194,,,,1.0
5,water_dipole,190,0.9999999403953552,0.0,0.6473080319201194,0.6473080319201194,,,,1.0
5,water_dipole,191,0.9999999403953552,0.0,0.6473080319201194,0.6473080319201194,,,,1.0
5,water_dipole,192,0.9999999403953552,0.0,0.6473080319201194,0.6473080319201194,,,,1.0
5,water_dipole,193,0.9999999403953552,0.0,0.6473080319201194,0.6473080319201194,,,,1.0
5,water_dipole,194,0.9999999403953552,0.0,0.6473080319201194,0.6473080319201194,,,,1.0
5,water_dipole,195,0.9999999403953552,0.0,0.6473080319201194,0.6473080319201194,,,,1.0
5,water_dipole,196,0.9999999403953552,0.0,0.6473080319201194,0.6473080319201194,,,,1.0
5,water_dipole,197,0.9999999403953552,0.0,0.6473080319201194,0.6473080319201194,,,,1.0
5,water_dipole,198,0.9999999403953552,0.0,0.6473080319201194,0.6473080319201194,,,,1.0
5,water_dipole,199,0.9999999403953552,0.0,0.6473080319201194,0.6473080319201194,,,,1.0
5,water_dipole,200,0.9999999403953552,0.0,0.6473080319201194,0.6473080319201194,,,,1.0
5,water_dipole,201,0.9999999403953552,0.0,0.6473080319201194,0.6473080319201194,,,,1.0
5,water_dipole,202,0.9999999403953552,0.0,0.6473080319201194,0.6473080319201194,,,,1.0
5,water_dipole,203,0.9999999403953552,0.0,0.6473080319201194,0.6473080319201194,,,,1.0
5,water_dipole,204,0.9999999403953552,0.0,0.6473080319201194,0.6473080319201194,,,,1.0
5,water_dipole,205,0.9999999403953552,0.0,0.6473080319201194,0.6473080319201194,,,,1.0
5,water_dipole,206,0.9999999403953552,0.0,0.6473080319201194,0.6473080319201194,,,,1.0
5,water_dipole,207,0.9999999403953552,0.0,0.6473080319201194,0.6473080319201194,,,,1.0
5,water_dipole,208,0.9999999403953552,0.0,0.6473080319201194,0.6473080319201194,,,,1.0
5,water_dipole,209,0.9999999403953552,0.0,0.6473080319201194,0.6473080319201194,,,,1.0
5,water_dipole,210,0.9999999403953552,0.0,0.6473080319201194,0.6473080319201194,,,,1.0
5,water_dipole,211,0.9999999403953552,0.0,0.6473080319201194,0.6473080319201194,,,,1.0
5,water_dipole,212,0.9999999403953552,0.0,0.6473080319201194,0.6473080319201194,,,,1.0
5,water_dipole,213,0.9999999403953552,0.0,0.6473080319201194,0.6473080319201194,,,,1.0
5,water_dipole,214,0.9999999403953552,0.0,0.6473080319201194,0.6473080319201194,,,,1.0
5,water_dipole,215,0.9999999403953552,0.0,0.6473080319201194,0.6473080319201194,,,,1.0
5,water_dipole,216,0.9999999403953552,0.0,0.6473080319201194,0.6473080319201194,,,,1.0
5,water_dipole,217,0.9999999403953552,0.0,0.6473080319201194,0.6473080319201194,,,,1.0
5,water_dipole,218,0.9999999403953552,0.0,0.6473080319201194,0.6473080319201194,,,,1.0
5,water_dipole,219,0.9999999403953552,0.0,0.6473080319201194,0.6473080319201194,,,,1.0
5,water_dipole,220,0.9999999403953552,0.0,0.6473080319201194,0.6473080319201194,,,,1.0
5,water_dipole,221,0.9999999403953552,0.0,0.6473080319201194,0.6473080319201194,,,,1.0
5,water_dipole,222,0.9999999403953552,0.0,0.6473080319201194,0.6473080319201194,,,,1.0
5,water_dipole,223,0.9999999403953552,0.0,0.6473080319201194,0.6473080319201194,,,,1.0
5,water_dipole,224,0.9999999403953552,0.0,0.6473080319201194,0.6473080319201194,,,,1.0
5,water_dipole,225,0.9999999403953552,0.0,0.6473080319201194,0.6473080319201194,,,,1.0
5,water_dipole,226,0.9999999403953552,0.0,0.6473080319201194,0.6473080319201194,,,,1.0
5,water_dipole,227,0.9999999403953552,0.0,0.6473080319201194,0.6473080319201194,,,,1.0
5,water_dipole,228,0.9999999403953552,0.0,0.6473080319201194,0.6473080319201194,,,,1.0
5,water_dipole,229,0.9999999403953552,0.0,0.6473080319201194,0.6473080319201194,,,,1.0
5,water_dipole,230,0.9999999403953552,0.0,0.6473080319201194,0.6473080319201194,,,,1.0
5,water_dipole,231,0.9999999403953552,0.0,0.6473080319201194,0.6473080319201194,,,,1.0
5,water_dipole,232,0.9999999403953552,0.0,0.6473080319201194,0.6473080319201194,,,,1.0
5,water_dipole,233,0.9999999403953552,0.0,0.6473080319201194,0.6473080319201194,,,,1.0
5,water_dipole,234,0.9999999403953552,0.0,0.6473080319201194,0.6473080319201194,,,,1.0
5,water_dipole,235,0.9999999403953552,0.0,0.6473080319201194,0.6473080319201194,,,,1.0
5,water_dipole,236,0.9999999403953552,0.0,0.6473080319201194,0.6473080319201194,,,,1.0
5,water_dipole,237,0.9999999403953552,0.0,0.6473080319201194,0.6473080319201194,,,,1.0
5,water_dipole,238,0.9999999403953552,0.0,0.6473080319201194,0.6473080319201194,,,,1.0
5,water_dipole,239,0.9999999403953552,0.0,0.6473080319201194,0.6473080319201194,,,,1.0
5,water_dipole,240,0.9999999403953552,0.0,0.6473080319201194,0.6473080319201194,,,,1.0
5,water_dipole,241,0.9999999403953552,0.0,0.6473080319201194,0.6473080319201194,,,,1.0
5,water_dipole,242,0.9999999403953552,0.0,0.6473080319201194,0.6473080319201194,,,,1.0
5,water_dipole,243,0.9999999403953552,0.0,0.6473080319201194,0.6473080319201194,,,,1.0
5,water_dipole,244,0.9999999403953552,0.0,0.6473080319201194,0.6473080319201194,,,,1.0
5,water_dipole,245,0.9999999403953552,0.0,0.6473080319201194,0.6473080319201194,,,,1.0
5,water_dipole,246,0.9999999403953552,0.0,0.6473080319201194,0.6473080319201194,,,,1.0
5,water_dipole,247,0.9999999403953552,0.0,0.6473080319201194,0.6473080319201194,,,,1.0
5,water_dipole,248,0.9999999403953552,0.0,0.6473080319201194,0.6473080319201194,,,,1.0
5,water_dipole,249,0.9999999403953552,0.0,0.6473080319201194,0.6473080319201194,,,,1.0
5,acetone_gsolv_eV,0,1.0,0.0,0.67356767642221,0.67356767642221,,,,1.0
5,acetone_gsolv_eV,1,1.0,0.0,0.67356767642221,0.67356767642221,,,,1.0
5,acetone_gsolv_eV,2,1.0,0.0,0.67356767642221,0.67356767642221,,,,1.0
5,acetone_gsolv_eV,3,1.0,0.0,0.67356767642221,0.67356767642221,,,,1.0
5,acetone_gsolv_eV,4,1.0,0.0,0.67356767642221,0.67356767642221,,,,1.0
5,acetone_gsolv_eV,5,1.0,0.0,0.67356767642221,0.67356767642221,,,,1.0
5,acetone_gsolv_eV,6,1.0,0.0,0.67356767642221,0.67356767642221,,,,1.0
5,acetone_gsolv_eV,7,1.0,0.0,0.67356767642221,0.67356767642221,,,,1.0
5,acetone_gsolv_eV,8,1.0,0.0,0.67356767642221,0.67356767642221,,,,1.0
5,acetone_gsolv_eV,9,1.0,0.0,0.67356767642221,0.67356767642221,,,,1.0
5,acetone_gsolv_eV,10,1.0,0.0,0.67356767642221,0.67356767642221,,,,1.0
5,acetone_gsolv_eV,11,1.0,0.0,0.67356767642221,0.67356767642221,,,,1.0
5,acetone_gsolv_eV,12,1.0,0.0,0.67356767642221,0.67356767642221,,,,1.0
5,acetone_gsolv_eV,13,1.0,0.0,0.67356767642221,0.67356767642221,,,,1.0
5,acetone_gsolv_eV,14,1.0,0.0,0.67356767642221,0.67356767642221,,,,1.0
5,acetone_gsolv_eV,15,1.0,0.0,0.67356767642221,0.67356767642221,,,,1.0
5,acetone_gsolv_eV,16,1.0,0.0,0.67356767642221,0.67356767642221,,,,1.0
5,acetone_gsolv_eV,17,1.0,0.0,0.67356767642221,0.67356767642221,,,,1.0
5,acetone_gsolv_eV,18,1.0,0.0,0.67356767642221,0.67356767642221,,,,1.0
5,acetone_gsolv_eV,19,1.0,0.0,0.67356767642221,0.67356767642221,,,,1.0
5,acetone_gsolv_eV,20,1.0,0.0,0.67356767642221,0.67356767642221,,,,1.0
5,acetone_gsolv_eV,21,1.0,0.0,0.67356767642221,0.67356767642221,,,,1.0
5,acetone_gsolv_eV,22,1.0,0.0,0.67356767642221,0.67356767642221,,,,1.0
5,acetone_gsolv_eV,23,1.0,0.0,0.67356767642221,0.67356767642221,,,,1.0
5,acetone_gsolv_eV,24,1.0,0.0,0.67356767642221,0.67356767642221,,,,1.0
5,acetone_gsolv_eV,25,1.0,0.0,0.67356767642221,0.67356767642221,,,,1.0
5,acetone_gsolv_eV,26,1.0,0.0,0.67356767642221,0.67356767642221,,,,1.0
5,acetone_gsolv_eV,27,1.0,0.0,0.67356767642221,0.67356767642221,,,,1.0
5,acetone_gsolv_eV,28,1.0,0.0,0.67356767642221,0.67356767642221,,,,1.0
5,acetone_gsolv_eV,29,1.0,0.0,0.67356767642221,0.67356767642221,,,,1.0
5,acetone_gsolv_eV,30,1.0,0.0,0.67356767642221,0.67356767642221,,,,1.0
5,acetone_gsolv_eV,31,1.0,0.0,0.67356767642221,0.67356767642221,,,,1.0
5,acetone_gsolv_eV,32,1.0,0.0,0.67356767642221,0.67356767642221,,,,1.0
5,acetone_gsolv_eV,33,1.0,0.0,0.67356767642221,0.67356767642221,,,,1.0
5,acetone_gsolv_eV,34,1.0,0.0,0.67356767642221,0.67356767642221,,,,1.0
5,acetone_gsolv_eV,35,1.0,0.0,0.67356767642221,0.67356767642221,,,,1.0
5,acetone_gsolv_eV,36,1.0,0.0,0.67356767642221,0.67356767642221,,,,1.0
5,acetone_gsolv_eV,37,1.0,0.0,0.67356767642221,0.67356767642221,,,,1.0
5,acetone_gsolv_eV,38,1.0,0.0,0.67356767642221,0.67356767642221,,,,1.0
5,acetone_gsolv_eV,39,1.0,0.0,0.67356767642221,0.67356767642221,,,,1.0
5,acetone_gsolv_eV,40,1.0,0.0,0.67356767642221,0.67356767642221,,,,1.0
5,acetone_gsolv_eV,41,1.0,0.0,0.67356767642221,0.67356767642221,,,,1.0
5,acetone_gsolv_eV,42,1.0,0.0,0.67356767642221,0.67356767642221,,,,1.0
5,acetone_gsolv_eV,43,1.0,0.0,0.67356767642221,0.67356767642221,,,,1.0
5,acetone_gsolv_eV,44,1.0,0.0,0.67356767642221,0.67356767642221,,,,1.0
5,acetone_gsolv_eV,45,1.0,0.0,0.67356767642221,0.67356767642221,,,,1.0
5,acetone_gsolv_eV,46,1.0,0.0,0.67356767642221,0.67356767642221,,,,1.0
5,acetone_gsolv_eV,47,1.0,0.0,0.67356767642221,0.67356767642221,,,,1.0
5,acetone_gsolv_eV,48,1.0,0.0,0.67356767642221,0.67356767642221,,,,1.0
5,acetone_gsolv_eV,49,1.0,0.0,0.67356767642221,0.67356767642221,,,,1.0
5,acetone_gsolv_eV,50,1.0,0.0,0.67356767642221,0.67356767642221,,,,1.0
5,acetone_gsolv_eV,51,1.0,0.0,0.67356767642221,0.67356767642221,,,,1.0
5,acetone_gsolv_eV,52,1.0,0.0,0.67356767642221,0.67356767642221,,,,1.0
5,acetone_gsolv_eV,53,1.0,0.0,0.67356767642221,0.67356767642221,,,,1.0
5,acetone_gsolv_eV,54,1.0,0.0,0.67356767642221,0.67356767642221,,,,1.0
5,acetone_gsolv_eV,55,1.0,0.0,0.67356767642221,0.67356767642221,,,,1.0
5,acetone_gsolv_eV,56,1.0,0.0,0.67356767642221,0.67356767642221,,,,1.0
5,acetone_gsolv_eV,57,1.0,0.0,0.67356767642221,0.67356767642221,,,,1.0
5,acetone_gsolv_eV,58,1.0,0.0,0.67356767642221,0.67356767642221,,,,1.0
5,acetone_gsolv_eV,59,1.0,0.0,0.67356767642221,0.67356767642221,,,,1.0
5,acetone_gsolv_eV,60,1.0,0.0,0.67356767642221,0.67356767642221,,,,1.0
5,acetone_gsolv_eV,61,1.0,0.0,0.67356767642221,0.67356767642221,,,,1.0
5,acetone_gsolv_eV,62,1.0,0.0,0.67356767642221,0.67356767642221,,,,1.0
5,acetone_gsolv_eV,63,1.0,0.0,0.67356767642221,0.67356767642221,,,,1.0
5,acetone_gsolv_eV,64,1.0,0.0,0.67356767642221,0.67356767642221,,,,1.0
5,acetone_gsolv_eV,65,1.0,0.0,0.67356767642221,0.67356767642221,,,,1.0
5,acetone_gsolv_eV,66,1.0,0.0,0.67356767642221,0.67356767642221,,,,1.0
5,acetone_gsolv_eV,67,1.0,0.0,0.67356767642221,0.67356767642221,,,,1.0
5,acetone_gsolv_eV,68,1.0,0.0,0.67356767642221,0.67356767642221,,,,1.0
5,acetone_gsolv_eV,69,1.0,0.0,0.67356767642221,0.67356767642221,,,,1.0
5,acetone_gsolv_eV,70,1.0,0.0,0.67356767642221,0.67356767642221,,,,1.0
5,acetone_gsolv_eV,71,1.0,0.0,0.67356767642221,0.67356767642221,,,,1.0
5,acetone_gsolv_eV,72,1.0,0.0,0.67356767642221,0.67356767642221,,,,1.0
5,acetone_gsolv_eV,73,1.0,0.0,0.67356767642221,0.67356767642221,,,,1.0
5,acetone_gsolv_eV,74,1.0,0.0,0.67356767642221,0.67356767642221,,,,1.0
5,acetone_gsolv_eV,75,1.0,0.0,0.67356767642221,0.67356767642221,,,,1.0
5,acetone_gsolv_eV,76,1.0,0.0,0.67356767642221,0.67356767642221,,,,1.0
5,acetone_gsolv_eV,77,1.0,0.0,0.67356767642221,0.67356767642221,,,,1.0
5,acetone_gsolv_eV,78,1.0,0.0,0.67356767642221,0.67356767642221,,,,1.0
5,acetone_gsolv_eV,79,1.0,0.0,0.67356767642221,0.67356767642221,,,,1.0
5,acetone_gsolv_eV,80,1.0,0.0,0.67356767642221,0.67356767642221,,,,1.0
5,acetone_gsolv_eV,81,1.0,0.0,0.67356767642221,0.67356767642221,,,,1.0
5,acetone_gsolv_eV,82,1.0,0.0,0.67356767642221,0.67356767642221,,,,1.0
5,acetone_gsolv_eV,83,1.0,0.0,0.67356767642221,0.67356767642221,,,,1.0
5,acetone_gsolv_eV,84,1.0,0.0,0.67356767642221,0.67356767642221,,,,1.0
5,acetone_gsolv_eV,85,1.0,0.0,0.67356767642221,0.67356767642221,,,,1.0
5,acetone_gsolv_eV,86,1.0,0.0,0.67356767642221,0.67356767642221,,,,1.0
5,acetone_gsolv_eV,87,1.0,0.0,0.67356767642221,0.67356767642221,,,,1.0
5,acetone_gsolv_eV,88,1.0,0.0,0.67356767642221,0.67356767642221,,,,1.0
5,acetone_gsolv_eV,89,1.0,0.0,0.67356767642221,0.67356767642221,,,,1.0
5,acetone_gsolv_eV,90,1.0,0.0,0.67356767642221,0.67356767642221,,,,1.0
5,acetone_gsolv_eV,91,1.0,0.0,0.67356767642221,0.67356767642221,,,,1.0
5,acetone_gsolv_eV,92,1.0,0.0,0.67356767642221,0.67356767642221,,,,1.0
5,acetone_gsolv_eV,93,1.0,0.0,0.67356767642221,0.67356767642221,,,,1.0
5,acetone_gsolv_eV,94,1.0,0.0,0.67356767642221,0.67356767642221,,,,1.0
5,acetone_gsolv_eV,95,1.0,0.0,0.67356767642221,0.67356767642221,,,,1.0
5,acetone_gsolv_eV,96,1.0,0.0,0.67356767642221,0.67356767642221,,,,1.0
5,acetone_gsolv_eV,97,1.0,0.0,0.67356767642221,0.67356767642221,,,,1.0
5,acetone_gsolv_eV,98,1.0,0.0,0.67356767642221,0.67356767642221,,,,1.0
5,acetone_gsolv_eV,99,1.0,0.0,0.67356767642221,0.67356767642221,,,,1.0
5,acetone_gsolv_eV,100,1.0,0.0,0.67356767642221,0.67356767642221,,,,1.0
5,acetone_gsolv_eV,101,1.0,0.0,0.67356767642221,0.67356767642221,,,,1.0
5,acetone_gsolv_eV,102,1.0,0.0,0.67356767642221,0.67356767642221,,,,1.0
5,acetone_gsolv_eV,103,1.0,0.0,0.67356767642221,0.67356767642221,,,,1.0
5,acetone_gsolv_eV,104,1.0,0.0,0.67356767642221,0.67356767642221,,,,1.0
5,acetone_gsolv_eV,105,1.0,0.0,0.67356767642221,0.67356767642221,,,,1.0
5,acetone_gsolv_eV,106,1.0,0.0,0.67356767642221,0.67356767642221,,,,1.0
5,acetone_gsolv_eV,107,1.0,0.0,0.67356767642221,0.67356767642221,,,,1.0
5,acetone_gsolv_eV,108,1.0,0.0,0.67356767642221,0.67356767642221,,,,1.0
5,acetone_gsolv_eV,109,1.0,0.0,0.67356767642221,0.67356767642221,,,,1.0
5,acetone_gsolv_eV,110,1.0,0.0,0.67356767642221,0.67356767642221,,,,1.0
5,acetone_gsolv_eV,111,1.0,0.0,0.67356767642221,0.67356767642221,,,,1.0
5,acetone_gsolv_eV,112,1.0,0.0,0.67356767642221,0.67356767642221,,,,1.0
5,acetone_gsolv_eV,113,1.0,0.0,0.67356767642221,0.67356767642221,,,,1.0
5,acetone_gsolv_eV,114,1.0,0.0,0.67356767642221,0.67356767642221,,,,1.0
5,acetone_gsolv_eV,115,1.0,0.0,0.67356767642221,0.67356767642221,,,,1.0
5,acetone_gsolv_eV,116,1.0,0.0,0.67356767642221,0.67356767642221,,,,1.0
5,acetone_gsolv_eV,117,1.0,0.0,0.67356767642221,0.67356767642221,,,,1.0
5,acetone_gsolv_eV,118,1.0,0.0,0.67356767642221,0.67356767642221,,,,1.0
5,acetone_gsolv_eV,119,1.0,0.0,0.67356767642221,0.67356767642221,,,,1.0
5,acetone_gsolv_eV,120,1.0,0.0,0.67356767642221,0.67356767642221,,,,1.0
5,acetone_gsolv_eV,121,1.0,0.0,0.67356767642221,0.67356767642221,,,,1.0
5,acetone_gsolv_eV,122,1.0,0.0,0.67356767642221,0.67356767642221,,,,1.0
5,acetone_gsolv_eV,123,1.0,0.0,0.67356767642221,0.67356767642221,,,,1.0
5,acetone_gsolv_eV,124,1.0,0.0,0.67356767642221,0.67356767642221,,,,1.0
5,acetone_gsolv_eV,125,1.0,0.0,0.67356767642221,0.67356767642221,,,,1.0
5,acetone_gsolv_eV,126,1.0,0.0,0.67356767642221,0.67356767642221,,,,1.0
5,acetone_gsolv_eV,127,1.0,0.0,0.67356767642221,0.67356767642221,,,,1.0
5,acetone_gsolv_eV,128,1.0,0.0,0.67356767642221,0.67356767642221,,,,1.0
5,acetone_gsolv_eV,129,1.0,0.0,0.67356767642221,0.67356767642221,,,,1.0
5,acetone_gsolv_eV,130,1.0,0.0,0.67356767642221,0.67356767642221,,,,1.0
5,acetone_gsolv_eV,131,1.0,0.0,0.67356767642221,0.67356767642221,,,,1.0
5,acetone_gsolv_eV,132,1.0,0.0,0.67356767642221,0.67356767642221,,,,1.0
5,acetone_gsolv_eV,133,1.0,0.0,0.67356767642221,0.67356767642221,,,,1.0
5,acetone_gsolv_eV,134,1.0,0.0,0.67356767642221,0.67356767642221,,,,1.0
5,acetone_gsolv_eV,135,1.0,0.0,0.67356767642221,0.67356767642221,,,,1.0
5,acetone_gsolv_eV,136,1.0,0.0,0.67356767642221,0.67356767642221,,,,1.0
5,acetone_gsolv_eV,137,1.0,0.0,0.67356767642221,0.67356767642221,,,,1.0
5,acetone_gsolv_eV,138,1.0,0.0,0.67356767642221,0.67356767642221,,,,1.0
5,acetone_gsolv_eV,139,1.0,0.0,0.67356767642221,0.67356767642221,,,,1.0
5,acetone_gsolv_eV,140,1.0,0.0,0.67356767642221,0.67356767642221,,,,1.0
5,acetone_gsolv_eV,141,1.0,0.0,0.67356767642221,0.67356767642221,,,,1.0
5,acetone_gsolv_eV,142,1.0,0.0,0.67356767642221,0.67356767642221,,,,1.0
5,acetone_gsolv_eV,143,1.0,0.0,0.67356767642221,0.67356767642221,,,,1.0
5,acetone_gsolv_eV,144,1.0,0.0,0.67356767642221,0.67356767642221,,,,1.0
5,acetone_gsolv_eV,145,1.0,0.0,0.67356767642221,0.67356767642221,,,,1.0
5,acetone_gsolv_eV,146,1.0,0.0,0.67356767642221,0.67356767642221,,,,1.0
5,acetone_gsolv_eV,147,1.0,0.0,0.67356767642221,0.67356767642221,,,,1.0
5,acetone_gsolv_eV,148,1.0,0.0,0.67356767642221,0.67356767642221,,,,1.0
5,acetone_gsolv_eV,149,1.0,0.0,0.67356767642221,0.67356767642221,,,,1.0
5,acetone_gsolv_eV,150,1.0,0.0,0.67356767642221,0.67356767642221,,,,1.0
5,acetone_gsolv_eV,151,1.0,0.0,0.67356767642221,0.67356767642221,,,,1.0
5,acetone_gsolv_eV,152,1.0,0.0,0.67356767642221,0.67356767642221,,,,1.0
5,acetone_gsolv_eV,153,1.0,0.0,0.67356767642221,0.67356767642221,,,,1.0
5,acetone_gsolv_eV,154,1.0,0.0,0.67356767642221,0.67356767642221,,,,1.0
5,acetone_gsolv_eV,155,1.0,0.0,0.67356767642221,0.67356767642221,,,,1.0
5,acetone_gsolv_eV,156,1.0,0.0,0.67356767642221,0.67356767642221,,,,1.0
5,acetone_gsolv_eV,157,1.0,0.0,0.67356767642221,0.67356767642221,,,,1.0
5,acetone_gsolv_eV,158,1.0,0.0,0.67356767642221,0.67356767642221,,,,1.0
5,acetone_gsolv_eV,159,1.0,0.0,0.67356767642221,0.67356767642221,,,,1.0
5,acetone_gsolv_eV,160,1.0,0.0,0.67356767642221,0.67356767642221,,,,1.0
5,acetone_gsolv_eV,161,1.0,0.0,0.67356767642221,0.67356767642221,,,,1.0
5,acetone_gsolv_eV,162,1.0,0.0,0.67356767642221,0.67356767642221,,,,1.0
5,acetone_gsolv_eV,163,1.0,0.0,0.67356767642221,0.67356767642221,,,,1.0
5,acetone_gsolv_eV,164,1.0,0.0,0.67356767642221,0.67356767642221,,,,1.0
5,acetone_gsolv_eV,165,1.0,0.0,0.67356767642221,0.67356767642221,,,,1.0
5,acetone_gsolv_eV,166,1.0,0.0,0.67356767642221,0.67356767642221,,,,1.0
5,acetone_gsolv_eV,167,1.0,0.0,0.67356767642221,0.67356767642221,,,,1.0
5,acetone_gsolv_eV,168,1.0,0.0,0.67356767642221,0.67356767642221,,,,1.0
5,acetone_gsolv_eV,169,1.0,0.0,0.67356767642221,0.67356767642221,,,,1.0
5,acetone_gsolv_eV,170,1.0,0.0,0.67356767642221,0.67356767642221,,,,1.0
5,acetone_gsolv_eV,171,1.0,0.0,0.67356767642221,0.67356767642221,,,,1.0
5,acetone_gsolv_eV,172,1.0,0.0,0.67356767642221,0.67356767642221,,,,1.0
5,acetone_gsolv_eV,173,1.0,0.0,0.67356767642221,0.67356767642221,,,,1.0
5,acetone_gsolv_eV,174,1.0,0.0,0.67356767642221,0.67356767642221,,,,1.0
5,acetone_gsolv_eV,175,1.0,0.0,0.67356767642221,0.67356767642221,,,,1.0
5,acetone_gsolv_eV,176,1.0,0.0,0.67356767642221,0.67356767642221,,,,1.0
5,acetone_gsolv_eV,177,1.0,0.0,0.67356767642221,0.67356767642221,,,,1.0
5,acetone_gsolv_eV,178,1.0,0.0,0.67356767642221,0.67356767642221,,,,1.0
5,acetone_gsolv_eV,179,1.0,0.0,0.67356767642221,0.67356767642221,,,,1.0
5,acetone_gsolv_eV,180,1.0,0.0,0.67356767642221,0.67356767642221,,,,1.0
5,acetone_gsolv_eV,181,1.0,0.0,0.67356767642221,0.67356767642221,,,,1.0
5,acetone_gsolv_eV,182,1.0,0.0,0.67356767642221,0.67356767642221,,,,1.0
5,acetone_gsolv_eV,183,1.0,0.0,0.67356767642221,0.67356767642221,,,,1.0
5,acetone_gsolv_eV,184,1.0,0.0,0.67356767642221,0.67356767642221,,,,1.0
5,acetone_gsolv_eV,185,1.0,0.0,0.67356767642221,0.67356767642221,,,,1.0
5,acetone_gsolv_eV,186,1.0,0.0,0.67356767642221,0.67356767642221,,,,1.0
5,acetone_gsolv_eV,187,1.0,0.0,0.67356767642221,0.67356767642221,,,,1.0
5,acetone_gsolv_eV,188,1.0,0.0,0.67356767642221,0.67356767642221,,,,1.0
5,acetone_gsolv_eV,189,1.0,0.0,0.67356767642221,0.67356767642221,,,,1.0
5,acetone_gsolv_eV,190,1.0,0.0,0.67356767642221,0.67356767642221,,,,1.0
5,acetone_gsolv_eV,191,1.0,0.0,0.67356767642221,0.67356767642221,,,,1.0
5,acetone_gsolv_eV,192,1.0,0.0,0.67356767642221,0.67356767642221,,,,1.0
5,acetone_gsolv_eV,193,1.0,0.0,0.67356767642221,0.67356767642221,,,,1.0
5,acetone_gsolv_eV,194,1.0,0.0,0.67356767642221,0.67356767642221,,,,1.0
5,acetone_gsolv_eV,195,1.0,0.0,0.67356767642221,0.67356767642221,,,,1.0
5,acetone_gsolv_eV,196,1.0,0.0,0.67356767642221,0.67356767642221,,,,1.0
5,acetone_gsolv_eV,197,1.0,0.0,0.67356767642221,0.67356767642221,,,,1.0
5,acetone_gsolv_eV,198,1.0,0.0,0.67356767642221,0.67356767642221,,,,1.0
5,acetone_gsolv_eV,199,1.0,0.0,0.67356767642221,0.67356767642221,,,,1.0
5,acetone_gsolv_eV,200,1.0,0.0,0.67356767642221,0.67356767642221,,,,1.0
5,acetone_gsolv_eV,201,1.0,0.0,0.67356767642221,0.67356767642221,,,,1.0
5,acetone_gsolv_eV,202,1.0,0.0,0.67356767642221,0.67356767642221,,,,1.0
5,acetone_gsolv_eV,203,1.0,0.0,0.67356767642221,0.67356767642221,,,,1.0
5,acetone_gsolv_eV,204,1.0,0.0,0.67356767642221,0.67356767642221,,,,1.0
5,acetone_gsolv_eV,205,1.0,0.0,0.67356767642221,0.67356767642221,,,,1.0
5,acetone_gsolv_eV,206,1.0,0.0,0.67356767642221,0.67356767642221,,,,1.0
5,acetone_gsolv_eV,207,1.0,0.0,0.67356767642221,0.67356767642221,,,,1.0
5,acetone_gsolv_eV,208,1.0,0.0,0.67356767642221,0.67356767642221,,,,1.0
5,acetone_gsolv_eV,209,1.0,0.0,0.67356767642221,0.67356767642221,,,,1.0
5,acetone_gsolv_eV,210,1.0,0.0,0.67356767642221,0.67356767642221,,,,1.0
5,acetone_gsolv_eV,211,1.0,0.0,0.67356767642221,0.67356767642221,,,,1.0
5,acetone_gsolv_eV,212,1.0,0.0,0.67356767642221,0.67356767642221,,,,1.0
5,acetone_gsolv_eV,213,1.0,0.0,0.67356767642221,0.67356767642221,,,,1.0
5,acetone_gsolv_eV,214,1.0,0.0,0.67356767642221,0.67356767642221,,,,1.0
5,acetone_gsolv_eV,215,1.0,0.0,0.67356767642221,0.67356767642221,,,,1.0
5,acetone_gsolv_eV,216,1.0,0.0,0.67356767642221,0.67356767642221,,,,1.0
5,acetone_gsolv_eV,217,1.0,0.0,0.67356767642221,0.67356767642221,,,,1.0
5,acetone_gsolv_eV,218,1.0,0.0,0.67356767642221,0.67356767642221,,,,1.0
5,acetone_gsolv_eV,219,1.0,0.0,0.67356767642221,0.67356767642221,,,,1.0
5,acetone_gsolv_eV,220,1.0,0.0,0.67356767642221,0.67356767642221,,,,1.0
5,acetone_gsolv_eV,221,1.0,0.0,0.67356767642221,0.67356767642221,,,,1.0
5,acetone_gsolv_eV,222,1.0,0.0,0.67356767642221,0.67356767642221,,,,1.0
5,acetone_gsolv_eV,223,1.0,0.0,0.67356767642221,0.67356767642221,,,,1.0
5,acetone_gsolv_eV,224,1.0,0.0,0.67356767642221,0.67356767642221,,,,1.0
5,acetone_gsolv_eV,225,1.0,0.0,0.67356767642221,0.67356767642221,,,,1.0
5,acetone_gsolv_eV,226,1.0,0.0,0.67356767642221,0.67356767642221,,,,1.0
5,acetone_gsolv_eV,227,1.0,0.0,0.67356767642221,0.67356767642221,,,,1.0
5,acetone_gsolv_eV,228,1.0,0.0,0.67356767642221,0.67356767642221,,,,1.0
5,acetone_gsolv_eV,229,1.0,0.0,0.67356767642221,0.67356767642221,,,,1.0
5,acetone_gsolv_eV,230,1.0,0.0,0.67356767642221,0.67356767642221,,,,1.0
5,acetone_gsolv_eV,231,1.0,0.0,0.67356767642221,0.67356767642221,,,,1.0
5,acetone_gsolv_eV,232,1.0,0.0,0.67356767642221,0.67356767642221,,,,1.0
5,acetone_gsolv_eV,233,1.0,0.0,0.67356767642221,0.67356767642221,,,,1.0
5,acetone_gsolv_eV,234,1.0,0.0,0.67356767642221,0.67356767642221,,,,1.0
5,acetone_gsolv_eV,235,1.0,0.0,0.67356767642221,0.67356767642221,,,,1.0
5,acetone_gsolv_eV,236,1.0,0.0,0.67356767642221,0.67356767642221,,,,1.0
5,acetone_gsolv_eV,237,1.0,0.0,0.67356767642221,0.67356767642221,,,,1.0
5,acetone_gsolv_eV,238,1.0,0.0,0.67356767642221,0.67356767642221,,,,1.0
5,acetone_gsolv_eV,239,1.0,0.0,0.67356767642221,0.67356767642221,,,,1.0
5,acetone_gsolv_eV,240,1.0,0.0,0.67356767642221,0.67356767642221,,,,1.0
5,acetone_gsolv_eV,241,1.0,0.0,0.67356767642221,0.67356767642221,,,,1.0
5,acetone_gsolv_eV,242,1.0,0.0,0.67356767642221,0.67356767642221,,,,1.0
5,acetone_gsolv_eV,243,1.0,0.0,0.67356767642221,0.67356767642221,,,,1.0
5,acetone_gsolv_eV,244,1.0,0.0,0.67356767642221,0.67356767642221,,,,1.0
5,acetone_gsolv_eV,245,1.0,0.0,0.67356767642221,0.67356767642221,,,,1.0
5,acetone_gsolv_eV,246,1.0,0.0,0.67356767642221,0.67356767642221,,,,1.0
5,acetone_gsolv_eV,247,1.0,0.0,0.67356767642221,0.67356767642221,,,,1.0
5,acetone_gsolv_eV,248,1.0,0.0,0.67356767642221,0.67356767642221,,,,1.0
5,acetone_gsolv_eV,249,1.0,0.0,0.67356767642221,0.67356767642221,,,,1.0
5,acetone_hl_gap_eV,0,1.0,0.0,0.7020841479173667,0.7020841479173667,,,,1.0
5,acetone_hl_gap_eV,1,1.0,0.0,0.7020841479173667,0.7020841479173667,,,,1.0
5,acetone_hl_gap_eV,2,1.0,0.0,0.7020841479173667,0.7020841479173667,,,,1.0
5,acetone_hl_gap_eV,3,1.0,0.0,0.7020841479173667,0.7020841479173667,,,,1.0
5,acetone_hl_gap_eV,4,1.0,0.0,0.7020841479173667,0.7020841479173667,,,,1.0
5,acetone_hl_gap_eV,5,1.0,0.0,0.7020841479173667,0.7020841479173667,,,,1.0
5,acetone_hl_gap_eV,6,1.0,0.0,0.7020841479173667,0.7020841479173667,,,,1.0
5,acetone_hl_gap_eV,7,1.0,0.0,0.7020841479173667,0.7020841479173667,,,,1.0
5,acetone_hl_gap_eV,8,1.0,0.0,0.7020841479173667,0.7020841479173667,,,,1.0
5,acetone_hl_gap_eV,9,1.0,0.0,0.7020841479173667,0.7020841479173667,,,,1.0
5,acetone_hl_gap_eV,10,1.0,0.0,0.7020841479173667,0.7020841479173667,,,,1.0
5,acetone_hl_gap_eV,11,1.0,0.0,0.7020841479173667,0.7020841479173667,,,,1.0
5,acetone_hl_gap_eV,12,1.0,0.0,0.7020841479173667,0.7020841479173667,,,,1.0
5,acetone_hl_gap_eV,13,1.0,0.0,0.7020841479173667,0.7020841479173667,,,,1.0
5,acetone_hl_gap_eV,14,1.0,0.0,0.7020841479173667,0.7020841479173667,,,,1.0
5,acetone_hl_gap_eV,15,1.0,0.0,0.7020841479173667,0.7020841479173667,,,,1.0
5,acetone_hl_gap_eV,16,1.0,0.0,0.7020841479173667,0.7020841479173667,,,,1.0
5,acetone_hl_gap_eV,17,1.0,0.0,0.7020841479173667,0.7020841479173667,,,,1.0
5,acetone_hl_gap_eV,18,1.0,0.0,0.7020841479173667,0.7020841479173667,,,,1.0
5,acetone_hl_gap_eV,19,1.0,0.0,0.7020841479173667,0.7020841479173667,,,,1.0
5,acetone_hl_gap_eV,20,1.0,0.0,0.7020841479173667,0.7020841479173667,,,,1.0
5,acetone_hl_gap_eV,21,1.0,0.0,0.7020841479173667,0.7020841479173667,,,,1.0
5,acetone_hl_gap_eV,22,1.0,0.0,0.7020841479173667,0.7020841479173667,,,,1.0
5,acetone_hl_gap_eV,23,1.0,0.0,0.7020841479173667,0.7020841479173667,,,,1.0
5,acetone_hl_gap_eV,24,1.0,0.0,0.7020841479173667,0.7020841479173667,,,,1.0
5,acetone_hl_gap_eV,25,1.0,0.0,0.7020841479173667,0.7020841479173667,,,,1.0
5,acetone_hl_gap_eV,26,1.0,0.0,0.7020841479173667,0.7020841479173667,,,,1.0
5,acetone_hl_gap_eV,27,1.0,0.0,0.7020841479173667,0.7020841479173667,,,,1.0
5,acetone_hl_gap_eV,28,1.0,0.0,0.7020841479173667,0.7020841479173667,,,,1.0
5,acetone_hl_gap_eV,29,1.0,0.0,0.7020841479173667,0.7020841479173667,,,,1.0
5,acetone_hl_gap_eV,30,1.0,0.0,0.7020841479173667,0.7020841479173667,,,,1.0
5,acetone_hl_gap_eV,31,1.0,0.0,0.7020841479173667,0.7020841479173667,,,,1.0
5,acetone_hl_gap_eV,32,1.0,0.0,0.7020841479173667,0.7020841479173667,,,,1.0
5,acetone_hl_gap_eV,33,1.0,0.0,0.7020841479173667,0.7020841479173667,,,,1.0
5,acetone_hl_gap_eV,34,1.0,0.0,0.7020841479173667,0.7020841479173667,,,,1.0
5,acetone_hl_gap_eV,35,1.0,0.0,0.7020841479173667,0.7020841479173667,,,,1.0
5,acetone_hl_gap_eV,36,1.0,0.0,0.7020841479173667,0.7020841479173667,,,,1.0
5,acetone_hl_gap_eV,37,1.0,0.0,0.7020841479173667,0.7020841479173667,,,,1.0
5,acetone_hl_gap_eV,38,1.0,0.0,0.7020841479173667,0.7020841479173667,,,,1.0
5,acetone_hl_gap_eV,39,1.0,0.0,0.7020841479173667,0.7020841479173667,,,,1.0
5,acetone_hl_gap_eV,40,1.0,0.0,0.7020841479173667,0.7020841479173667,,,,1.0
5,acetone_hl_gap_eV,41,1.0,0.0,0.7020841479173667,0.7020841479173667,,,,1.0
5,acetone_hl_gap_eV,42,1.0,0.0,0.7020841479173667,0.7020841479173667,,,,1.0
5,acetone_hl_gap_eV,43,1.0,0.0,0.7020841479173667,0.7020841479173667,,,,1.0
5,acetone_hl_gap_eV,44,1.0,0.0,0.7020841479173667,0.7020841479173667,,,,1.0
5,acetone_hl_gap_eV,45,1.0,0.0,0.7020841479173667,0.7020841479173667,,,,1.0
5,acetone_hl_gap_eV,46,1.0,0.0,0.7020841479173667,0.7020841479173667,,,,1.0
5,acetone_hl_gap_eV,47,1.0,0.0,0.7020841479173667,0.7020841479173667,,,,1.0
5,acetone_hl_gap_eV,48,1.0,0.0,0.7020841479173667,0.7020841479173667,,,,1.0
5,acetone_hl_gap_eV,49,1.0,0.0,0.7020841479173667,0.7020841479173667,,,,1.0
5,acetone_hl_gap_eV,50,1.0,0.0,0.7020841479173667,0.7020841479173667,,,,1.0
5,acetone_hl_gap_eV,51,1.0,0.0,0.7020841479173667,0.7020841479173667,,,,1.0
5,acetone_hl_gap_eV,52,1.0,0.0,0.7020841479173667,0.7020841479173667,,,,1.0
5,acetone_hl_gap_eV,53,1.0,0.0,0.7020841479173667,0.7020841479173667,,,,1.0
5,acetone_hl_gap_eV,54,1.0,0.0,0.7020841479173667,0.7020841479173667,,,,1.0
5,acetone_hl_gap_eV,55,1.0,0.0,0.7020841479173667,0.7020841479173667,,,,1.0
5,acetone_hl_gap_eV,56,1.0,0.0,0.7020841479173667,0.7020841479173667,,,,1.0
5,acetone_hl_gap_eV,57,1.0,0.0,0.7020841479173667,0.7020841479173667,,,,1.0
5,acetone_hl_gap_eV,58,1.0,0.0,0.7020841479173667,0.7020841479173667,,,,1.0
5,acetone_hl_gap_eV,59,1.0,0.0,0.7020841479173667,0.7020841479173667,,,,1.0
5,acetone_hl_gap_eV,60,1.0,0.0,0.7020841479173667,0.7020841479173667,,,,1.0
5,acetone_hl_gap_eV,61,1.0,0.0,0.7020841479173667,0.7020841479173667,,,,1.0
5,acetone_hl_gap_eV,62,1.0,0.0,0.7020841479173667,0.7020841479173667,,,,1.0
5,acetone_hl_gap_eV,63,1.0,0.0,0.7020841479173667,0.7020841479173667,,,,1.0
5,acetone_hl_gap_eV,64,1.0,0.0,0.7020841479173667,0.7020841479173667,,,,1.0
5,acetone_hl_gap_eV,65,1.0,0.0,0.7020841479173667,0.7020841479173667,,,,1.0
5,acetone_hl_gap_eV,66,1.0,0.0,0.7020841479173667,0.7020841479173667,,,,1.0
5,acetone_hl_gap_eV,67,1.0,0.0,0.7020841479173667,0.7020841479173667,,,,1.0
5,acetone_hl_gap_eV,68,1.0,0.0,0.7020841479173667,0.7020841479173667,,,,1.0
5,acetone_hl_gap_eV,69,1.0,0.0,0.7020841479173667,0.7020841479173667,,,,1.0
5,acetone_hl_gap_eV,70,1.0,0.0,0.7020841479173667,0.7020841479173667,,,,1.0
5,acetone_hl_gap_eV,71,1.0,0.0,0.7020841479173667,0.7020841479173667,,,,1.0
5,acetone_hl_gap_eV,72,1.0,0.0,0.7020841479173667,0.7020841479173667,,,,1.0
5,acetone_hl_gap_eV,73,1.0,0.0,0.7020841479173667,0.7020841479173667,,,,1.0
5,acetone_hl_gap_eV,74,1.0,0.0,0.7020841479173667,0.7020841479173667,,,,1.0
5,acetone_hl_gap_eV,75,1.0,0.0,0.7020841479173667,0.7020841479173667,,,,1.0
5,acetone_hl_gap_eV,76,1.0,0.0,0.7020841479173667,0.7020841479173667,,,,1.0
5,acetone_hl_gap_eV,77,1.0,0.0,0.7020841479173667,0.7020841479173667,,,,1.0
5,acetone_hl_gap_eV,78,1.0,0.0,0.7020841479173667,0.7020841479173667,,,,1.0
5,acetone_hl_gap_eV,79,1.0,0.0,0.7020841479173667,0.7020841479173667,,,,1.0
5,acetone_hl_gap_eV,80,1.0,0.0,0.7020841479173667,0.7020841479173667,,,,1.0
5,acetone_hl_gap_eV,81,1.0,0.0,0.7020841479173667,0.7020841479173667,,,,1.0
5,acetone_hl_gap_eV,82,1.0,0.0,0.7020841479173667,0.7020841479173667,,,,1.0
5,acetone_hl_gap_eV,83,1.0,0.0,0.7020841479173667,0.7020841479173667,,,,1.0
5,acetone_hl_gap_eV,84,1.0,0.0,0.7020841479173667,0.7020841479173667,,,,1.0
5,acetone_hl_gap_eV,85,1.0,0.0,0.7020841479173667,0.7020841479173667,,,,1.0
5,acetone_hl_gap_eV,86,1.0,0.0,0.7020841479173667,0.7020841479173667,,,,1.0
5,acetone_hl_gap_eV,87,1.0,0.0,0.7020841479173667,0.7020841479173667,,,,1.0
5,acetone_hl_gap_eV,88,1.0,0.0,0.7020841479173667,0.7020841479173667,,,,1.0
5,acetone_hl_gap_eV,89,1.0,0.0,0.7020841479173667,0.7020841479173667,,,,1.0
5,acetone_hl_gap_eV,90,1.0,0.0,0.7020841479173667,0.7020841479173667,,,,1.0
5,acetone_hl_gap_eV,91,1.0,0.0,0.7020841479173667,0.7020841479173667,,,,1.0
5,acetone_hl_gap_eV,92,1.0,0.0,0.7020841479173667,0.7020841479173667,,,,1.0
5,acetone_hl_gap_eV,93,1.0,0.0,0.7020841479173667,0.7020841479173667,,,,1.0
5,acetone_hl_gap_eV,94,1.0,0.0,0.7020841479173667,0.7020841479173667,,,,1.0
5,acetone_hl_gap_eV,95,1.0,0.0,0.7020841479173667,0.7020841479173667,,,,1.0
5,acetone_hl_gap_eV,96,1.0,0.0,0.7020841479173667,0.7020841479173667,,,,1.0
5,acetone_hl_gap_eV,97,1.0,0.0,0.7020841479173667,0.7020841479173667,,,,1.0
5,acetone_hl_gap_eV,98,1.0,0.0,0.7020841479173667,0.7020841479173667,,,,1.0
5,acetone_hl_gap_eV,99,1.0,0.0,0.7020841479173667,0.7020841479173667,,,,1.0
5,acetone_hl_gap_eV,100,1.0,0.0,0.7020841479173667,0.7020841479173667,,,,1.0
5,acetone_hl_gap_eV,101,1.0,0.0,0.7020841479173667,0.7020841479173667,,,,1.0
5,acetone_hl_gap_eV,102,1.0,0.0,0.7020841479173667,0.7020841479173667,,,,1.0
5,acetone_hl_gap_eV,103,1.0,0.0,0.7020841479173667,0.7020841479173667,,,,1.0
5,acetone_hl_gap_eV,104,1.0,0.0,0.7020841479173667,0.7020841479173667,,,,1.0
5,acetone_hl_gap_eV,105,1.0,0.0,0.7020841479173667,0.7020841479173667,,,,1.0
5,acetone_hl_gap_eV,106,1.0,0.0,0.7020841479173667,0.7020841479173667,,,,1.0
5,acetone_hl_gap_eV,107,1.0,0.0,0.7020841479173667,0.7020841479173667,,,,1.0
5,acetone_hl_gap_eV,108,1.0,0.0,0.7020841479173667,0.7020841479173667,,,,1.0
5,acetone_hl_gap_eV,109,1.0,0.0,0.7020841479173667,0.7020841479173667,,,,1.0
5,acetone_hl_gap_eV,110,1.0,0.0,0.7020841479173667,0.7020841479173667,,,,1.0
5,acetone_hl_gap_eV,111,1.0,0.0,0.7020841479173667,0.7020841479173667,,,,1.0
5,acetone_hl_gap_eV,112,1.0,0.0,0.7020841479173667,0.7020841479173667,,,,1.0
5,acetone_hl_gap_eV,113,1.0,0.0,0.7020841479173667,0.7020841479173667,,,,1.0
5,acetone_hl_gap_eV,114,1.0,0.0,0.7020841479173667,0.7020841479173667,,,,1.0
5,acetone_hl_gap_eV,115,1.0,0.0,0.7020841479173667,0.7020841479173667,,,,1.0
5,acetone_hl_gap_eV,116,1.0,0.0,0.7020841479173667,0.7020841479173667,,,,1.0
5,acetone_hl_gap_eV,117,1.0,0.0,0.7020841479173667,0.7020841479173667,,,,1.0
5,acetone_hl_gap_eV,118,1.0,0.0,0.7020841479173667,0.7020841479173667,,,,1.0
5,acetone_hl_gap_eV,119,1.0,0.0,0.7020841479173667,0.7020841479173667,,,,1.0
5,acetone_hl_gap_eV,120,1.0,0.0,0.7020841479173667,0.7020841479173667,,,,1.0
5,acetone_hl_gap_eV,121,1.0,0.0,0.7020841479173667,0.7020841479173667,,,,1.0
5,acetone_hl_gap_eV,122,1.0,0.0,0.7020841479173667,0.7020841479173667,,,,1.0
5,acetone_hl_gap_eV,123,1.0,0.0,0.7020841479173667,0.7020841479173667,,,,1.0
5,acetone_hl_gap_eV,124,1.0,0.0,0.7020841479173667,0.7020841479173667,,,,1.0
5,acetone_hl_gap_eV,125,1.0,0.0,0.7020841479173667,0.7020841479173667,,,,1.0
5,acetone_hl_gap_eV,126,1.0,0.0,0.7020841479173667,0.7020841479173667,,,,1.0
5,acetone_hl_gap_eV,127,1.0,0.0,0.7020841479173667,0.7020841479173667,,,,1.0
5,acetone_hl_gap_eV,128,1.0,0.0,0.7020841479173667,0.7020841479173667,,,,1.0
5,acetone_hl_gap_eV,129,1.0,0.0,0.7020841479173667,0.7020841479173667,,,,1.0
5,acetone_hl_gap_eV,130,1.0,0.0,0.7020841479173667,0.7020841479173667,,,,1.0
5,acetone_hl_gap_eV,131,1.0,0.0,0.7020841479173667,0.7020841479173667,,,,1.0
5,acetone_hl_gap_eV,132,1.0,0.0,0.7020841479173667,0.7020841479173667,,,,1.0
5,acetone_hl_gap_eV,133,1.0,0.0,0.7020841479173667,0.7020841479173667,,,,1.0
5,acetone_hl_gap_eV,134,1.0,0.0,0.7020841479173667,0.7020841479173667,,,,1.0
5,acetone_hl_gap_eV,135,1.0,0.0,0.7020841479173667,0.7020841479173667,,,,1.0
5,acetone_hl_gap_eV,136,1.0,0.0,0.7020841479173667,0.7020841479173667,,,,1.0
5,acetone_hl_gap_eV,137,1.0,0.0,0.7020841479173667,0.7020841479173667,,,,1.0
5,acetone_hl_gap_eV,138,1.0,0.0,0.7020841479173667,0.7020841479173667,,,,1.0
5,acetone_hl_gap_eV,139,1.0,0.0,0.7020841479173667,0.7020841479173667,,,,1.0
5,acetone_hl_gap_eV,140,1.0,0.0,0.7020841479173667,0.7020841479173667,,,,1.0
5,acetone_hl_gap_eV,141,1.0,0.0,0.7020841479173667,0.7020841479173667,,,,1.0
5,acetone_hl_gap_eV,142,1.0,0.0,0.7020841479173667,0.7020841479173667,,,,1.0
5,acetone_hl_gap_eV,143,1.0,0.0,0.7020841479173667,0.7020841479173667,,,,1.0
5,acetone_hl_gap_eV,144,1.0,0.0,0.7020841479173667,0.7020841479173667,,,,1.0
5,acetone_hl_gap_eV,145,1.0,0.0,0.7020841479173667,0.7020841479173667,,,,1.0
5,acetone_hl_gap_eV,146,1.0,0.0,0.7020841479173667,0.7020841479173667,,,,1.0
5,acetone_hl_gap_eV,147,1.0,0.0,0.7020841479173667,0.7020841479173667,,,,1.0
5,acetone_hl_gap_eV,148,1.0,0.0,0.7020841479173667,0.7020841479173667,,,,1.0
5,acetone_hl_gap_eV,149,1.0,0.0,0.7020841479173667,0.7020841479173667,,,,1.0
5,acetone_hl_gap_eV,150,1.0,0.0,0.7020841479173667,0.7020841479173667,,,,1.0
5,acetone_hl_gap_eV,151,1.0,0.0,0.7020841479173667,0.7020841479173667,,,,1.0
5,acetone_hl_gap_eV,152,1.0,0.0,0.7020841479173667,0.7020841479173667,,,,1.0
5,acetone_hl_gap_eV,153,1.0,0.0,0.7020841479173667,0.7020841479173667,,,,1.0
5,acetone_hl_gap_eV,154,1.0,0.0,0.7020841479173667,0.7020841479173667,,,,1.0
5,acetone_hl_gap_eV,155,1.0,0.0,0.7020841479173667,0.7020841479173667,,,,1.0
5,acetone_hl_gap_eV,156,1.0,0.0,0.7020841479173667,0.7020841479173667,,,,1.0
5,acetone_hl_gap_eV,157,1.0,0.0,0.7020841479173667,0.7020841479173667,,,,1.0
5,acetone_hl_gap_eV,158,1.0,0.0,0.7020841479173667,0.7020841479173667,,,,1.0
5,acetone_hl_gap_eV,159,1.0,0.0,0.7020841479173667,0.7020841479173667,,,,1.0
5,acetone_hl_gap_eV,160,1.0,0.0,0.7020841479173667,0.7020841479173667,,,,1.0
5,acetone_hl_gap_eV,161,1.0,0.0,0.7020841479173667,0.7020841479173667,,,,1.0
5,acetone_hl_gap_eV,162,1.0,0.0,0.7020841479173667,0.7020841479173667,,,,1.0
5,acetone_hl_gap_eV,163,1.0,0.0,0.7020841479173667,0.7020841479173667,,,,1.0
5,acetone_hl_gap_eV,164,1.0,0.0,0.7020841479173667,0.7020841479173667,,,,1.0
5,acetone_hl_gap_eV,165,1.0,0.0,0.7020841479173667,0.7020841479173667,,,,1.0
5,acetone_hl_gap_eV,166,1.0,0.0,0.7020841479173667,0.7020841479173667,,,,1.0
5,acetone_hl_gap_eV,167,1.0,0.0,0.7020841479173667,0.7020841479173667,,,,1.0
5,acetone_hl_gap_eV,168,1.0,0.0,0.7020841479173667,0.7020841479173667,,,,1.0
5,acetone_hl_gap_eV,169,1.0,0.0,0.7020841479173667,0.7020841479173667,,,,1.0
5,acetone_hl_gap_eV,170,1.0,0.0,0.7020841479173667,0.7020841479173667,,,,1.0
5,acetone_hl_gap_eV,171,1.0,0.0,0.7020841479173667,0.7020841479173667,,,,1.0
5,acetone_hl_gap_eV,172,1.0,0.0,0.7020841479173667,0.7020841479173667,,,,1.0
5,acetone_hl_gap_eV,173,1.0,0.0,0.7020841479173667,0.7020841479173667,,,,1.0
5,acetone_hl_gap_eV,174,1.0,0.0,0.7020841479173667,0.7020841479173667,,,,1.0
5,acetone_hl_gap_eV,175,1.0,0.0,0.7020841479173667,0.7020841479173667,,,,1.0
5,acetone_hl_gap_eV,176,1.0,0.0,0.7020841479173667,0.7020841479173667,,,,1.0
5,acetone_hl_gap_eV,177,1.0,0.0,0.7020841479173667,0.7020841479173667,,,,1.0
5,acetone_hl_gap_eV,178,1.0,0.0,0.7020841479173667,0.7020841479173667,,,,1.0
5,acetone_hl_gap_eV,179,1.0,0.0,0.7020841479173667,0.7020841479173667,,,,1.0
5,acetone_hl_gap_eV,180,1.0,0.0,0.7020841479173667,0.7020841479173667,,,,1.0
5,acetone_hl_gap_eV,181,1.0,0.0,0.7020841479173667,0.7020841479173667,,,,1.0
5,acetone_hl_gap_eV,182,1.0,0.0,0.7020841479173667,0.7020841479173667,,,,1.0
5,acetone_hl_gap_eV,183,1.0,0.0,0.7020841479173667,0.7020841479173667,,,,1.0
5,acetone_hl_gap_eV,184,1.0,0.0,0.7020841479173667,0.7020841479173667,,,,1.0
5,acetone_hl_gap_eV,185,1.0,0.0,0.7020841479173667,0.7020841479173667,,,,1.0
5,acetone_hl_gap_eV,186,1.0,0.0,0.7020841479173667,0.7020841479173667,,,,1.0
5,acetone_hl_gap_eV,187,1.0,0.0,0.7020841479173667,0.7020841479173667,,,,1.0
5,acetone_hl_gap_eV,188,1.0,0.0,0.7020841479173667,0.7020841479173667,,,,1.0
5,acetone_hl_gap_eV,189,1.0,0.0,0.7020841479173667,0.7020841479173667,,,,1.0
5,acetone_hl_gap_eV,190,1.0,0.0,0.7020841479173667,0.7020841479173667,,,,1.0
5,acetone_hl_gap_eV,191,1.0,0.0,0.7020841479173667,0.7020841479173667,,,,1.0
5,acetone_hl_gap_eV,192,1.0,0.0,0.7020841479173667,0.7020841479173667,,,,1.0
5,acetone_hl_gap_eV,193,1.0,0.0,0.7020841479173667,0.7020841479173667,,,,1.0
5,acetone_hl_gap_eV,194,1.0,0.0,0.7020841479173667,0.7020841479173667,,,,1.0
5,acetone_hl_gap_eV,195,1.0,0.0,0.7020841479173667,0.7020841479173667,,,,1.0
5,acetone_hl_gap_eV,196,1.0,0.0,0.7020841479173667,0.7020841479173667,,,,1.0
5,acetone_hl_gap_eV,197,1.0,0.0,0.7020841479173667,0.7020841479173667,,,,1.0
5,acetone_hl_gap_eV,198,1.0,0.0,0.7020841479173667,0.7020841479173667,,,,1.0
5,acetone_hl_gap_eV,199,1.0,0.0,0.7020841479173667,0.7020841479173667,,,,1.0
5,acetone_hl_gap_eV,200,1.0,0.0,0.7020841479173667,0.7020841479173667,,,,1.0
5,acetone_hl_gap_eV,201,1.0,0.0,0.7020841479173667,0.7020841479173667,,,,1.0
5,acetone_hl_gap_eV,202,1.0,0.0,0.7020841479173667,0.7020841479173667,,,,1.0
5,acetone_hl_gap_eV,203,1.0,0.0,0.7020841479173667,0.7020841479173667,,,,1.0
5,acetone_hl_gap_eV,204,1.0,0.0,0.7020841479173667,0.7020841479173667,,,,1.0
5,acetone_hl_gap_eV,205,1.0,0.0,0.7020841479173667,0.7020841479173667,,,,1.0
5,acetone_hl_gap_eV,206,1.0,0.0,0.7020841479173667,0.7020841479173667,,,,1.0
5,acetone_hl_gap_eV,207,1.0,0.0,0.7020841479173667,0.7020841479173667,,,,1.0
5,acetone_hl_gap_eV,208,1.0,0.0,0.7020841479173667,0.7020841479173667,,,,1.0
5,acetone_hl_gap_eV,209,1.0,0.0,0.7020841479173667,0.7020841479173667,,,,1.0
5,acetone_hl_gap_eV,210,1.0,0.0,0.7020841479173667,0.7020841479173667,,,,1.0
5,acetone_hl_gap_eV,211,1.0,0.0,0.7020841479173667,0.7020841479173667,,,,1.0
5,acetone_hl_gap_eV,212,1.0,0.0,0.7020841479173667,0.7020841479173667,,,,1.0
5,acetone_hl_gap_eV,213,1.0,0.0,0.7020841479173667,0.7020841479173667,,,,1.0
5,acetone_hl_gap_eV,214,1.0,0.0,0.7020841479173667,0.7020841479173667,,,,1.0
5,acetone_hl_gap_eV,215,1.0,0.0,0.7020841479173667,0.7020841479173667,,,,1.0
5,acetone_hl_gap_eV,216,1.0,0.0,0.7020841479173667,0.7020841479173667,,,,1.0
5,acetone_hl_gap_eV,217,1.0,0.0,0.7020841479173667,0.7020841479173667,,,,1.0
5,acetone_hl_gap_eV,218,1.0,0.0,0.7020841479173667,0.7020841479173667,,,,1.0
5,acetone_hl_gap_eV,219,1.0,0.0,0.7020841479173667,0.7020841479173667,,,,1.0
5,acetone_hl_gap_eV,220,1.0,0.0,0.7020841479173667,0.7020841479173667,,,,1.0
5,acetone_hl_gap_eV,221,1.0,0.0,0.7020841479173667,0.7020841479173667,,,,1.0
5,acetone_hl_gap_eV,222,1.0,0.0,0.7020841479173667,0.7020841479173667,,,,1.0
5,acetone_hl_gap_eV,223,1.0,0.0,0.7020841479173667,0.7020841479173667,,,,1.0
5,acetone_hl_gap_eV,224,1.0,0.0,0.7020841479173667,0.7020841479173667,,,,1.0
5,acetone_hl_gap_eV,225,1.0,0.0,0.7020841479173667,0.7020841479173667,,,,1.0
5,acetone_hl_gap_eV,226,1.0,0.0,0.7020841479173667,0.7020841479173667,,,,1.0
5,acetone_hl_gap_eV,227,1.0,0.0,0.7020841479173667,0.7020841479173667,,,,1.0
5,acetone_hl_gap_eV,228,1.0,0.0,0.7020841479173667,0.7020841479173667,,,,1.0
5,acetone_hl_gap_eV,229,1.0,0.0,0.7020841479173667,0.7020841479173667,,,,1.0
5,acetone_hl_gap_eV,230,1.0,0.0,0.7020841479173667,0.7020841479173667,,,,1.0
5,acetone_hl_gap_eV,231,1.0,0.0,0.7020841479173667,0.7020841479173667,,,,1.0
5,acetone_hl_gap_eV,232,1.0,0.0,0.7020841479173667,0.7020841479173667,,,,1.0
5,acetone_hl_gap_eV,233,1.0,0.0,0.7020841479173667,0.7020841479173667,,,,1.0
5,acetone_hl_gap_eV,234,1.0,0.0,0.7020841479173667,0.7020841479173667,,,,1.0
5,acetone_hl_gap_eV,235,1.0,0.0,0.7020841479173667,0.7020841479173667,,,,1.0
5,acetone_hl_gap_eV,236,1.0,0.0,0.7020841479173667,0.7020841479173667,,,,1.0
5,acetone_hl_gap_eV,237,1.0,0.0,0.7020841479173667,0.7020841479173667,,,,1.0
5,acetone_hl_gap_eV,238,1.0,0.0,0.7020841479173667,0.7020841479173667,,,,1.0
5,acetone_hl_gap_eV,239,1.0,0.0,0.7020841479173667,0.7020841479173667,,,,1.0
5,acetone_hl_gap_eV,240,1.0,0.0,0.7020841479173667,0.7020841479173667,,,,1.0
5,acetone_hl_gap_eV,241,1.0,0.0,0.7020841479173667,0.7020841479173667,,,,1.0
5,acetone_hl_gap_eV,242,1.0,0.0,0.7020841479173667,0.7020841479173667,,,,1.0
5,acetone_hl_gap_eV,243,1.0,0.0,0.7020841479173667,0.7020841479173667,,,,1.0
5,acetone_hl_gap_eV,244,1.0,0.0,0.7020841479173667,0.7020841479173667,,,,1.0
5,acetone_hl_gap_eV,245,1.0,0.0,0.7020841479173667,0.7020841479173667,,,,1.0
5,acetone_hl_gap_eV,246,1.0,0.0,0.7020841479173667,0.7020841479173667,,,,1.0
5,acetone_hl_gap_eV,247,1.0,0.0,0.7020841479173667,0.7020841479173667,,,,1.0
5,acetone_hl_gap_eV,248,1.0,0.0,0.7020841479173667,0.7020841479173667,,,,1.0
5,acetone_hl_gap_eV,249,1.0,0.0,0.7020841479173667,0.7020841479173667,,,,1.0
5,acetone_dipole,0,1.0,0.0,0.6582772449457737,0.6582772449457737,,,,1.0
5,acetone_dipole,1,1.0,0.0,0.6582772449457737,0.6582772449457737,,,,1.0
5,acetone_dipole,2,1.0,0.0,0.6582772449457737,0.6582772449457737,,,,1.0
5,acetone_dipole,3,1.0,0.0,0.6582772449457737,0.6582772449457737,,,,1.0
5,acetone_dipole,4,1.0,0.0,0.6582772449457737,0.6582772449457737,,,,1.0
5,acetone_dipole,5,1.0,0.0,0.6582772449457737,0.6582772449457737,,,,1.0
5,acetone_dipole,6,1.0,0.0,0.6582772449457737,0.6582772449457737,,,,1.0
5,acetone_dipole,7,1.0,0.0,0.6582772449457737,0.6582772449457737,,,,1.0
5,acetone_dipole,8,1.0,0.0,0.6582772449457737,0.6582772449457737,,,,1.0
5,acetone_dipole,9,1.0,0.0,0.6582772449457737,0.6582772449457737,,,,1.0
5,acetone_dipole,10,1.0,0.0,0.6582772449457737,0.6582772449457737,,,,1.0
5,acetone_dipole,11,1.0,0.0,0.6582772449457737,0.6582772449457737,,,,1.0
5,acetone_dipole,12,1.0,0.0,0.6582772449457737,0.6582772449457737,,,,1.0
5,acetone_dipole,13,1.0,0.0,0.6582772449457737,0.6582772449457737,,,,1.0
5,acetone_dipole,14,1.0,0.0,0.6582772449457737,0.6582772449457737,,,,1.0
5,acetone_dipole,15,1.0,0.0,0.6582772449457737,0.6582772449457737,,,,1.0
5,acetone_dipole,16,1.0,0.0,0.6582772449457737,0.6582772449457737,,,,1.0
5,acetone_dipole,17,1.0,0.0,0.6582772449457737,0.6582772449457737,,,,1.0
5,acetone_dipole,18,1.0,0.0,0.6582772449457737,0.6582772449457737,,,,1.0
5,acetone_dipole,19,1.0,0.0,0.6582772449457737,0.6582772449457737,,,,1.0
5,acetone_dipole,20,1.0,0.0,0.6582772449457737,0.6582772449457737,,,,1.0
5,acetone_dipole,21,1.0,0.0,0.6582772449457737,0.6582772449457737,,,,1.0
5,acetone_dipole,22,1.0,0.0,0.6582772449457737,0.6582772449457737,,,,1.0
5,acetone_dipole,23,1.0,0.0,0.6582772449457737,0.6582772449457737,,,,1.0
5,acetone_dipole,24,1.0,0.0,0.6582772449457737,0.6582772449457737,,,,1.0
5,acetone_dipole,25,1.0,0.0,0.6582772449457737,0.6582772449457737,,,,1.0
5,acetone_dipole,26,1.0,0.0,0.6582772449457737,0.6582772449457737,,,,1.0
5,acetone_dipole,27,1.0,0.0,0.6582772449457737,0.6582772449457737,,,,1.0
5,acetone_dipole,28,1.0,0.0,0.6582772449457737,0.6582772449457737,,,,1.0
5,acetone_dipole,29,1.0,0.0,0.6582772449457737,0.6582772449457737,,,,1.0
5,acetone_dipole,30,1.0,0.0,0.6582772449457737,0.6582772449457737,,,,1.0
5,acetone_dipole,31,1.0,0.0,0.6582772449457737,0.6582772449457737,,,,1.0
5,acetone_dipole,32,1.0,0.0,0.6582772449457737,0.6582772449457737,,,,1.0
5,acetone_dipole,33,1.0,0.0,0.6582772449457737,0.6582772449457737,,,,1.0
5,acetone_dipole,34,1.0,0.0,0.6582772449457737,0.6582772449457737,,,,1.0
5,acetone_dipole,35,1.0,0.0,0.6582772449457737,0.6582772449457737,,,,1.0
5,acetone_dipole,36,1.0,0.0,0.6582772449457737,0.6582772449457737,,,,1.0
5,acetone_dipole,37,1.0,0.0,0.6582772449457737,0.6582772449457737,,,,1.0
5,acetone_dipole,38,1.0,0.0,0.6582772449457737,0.6582772449457737,,,,1.0
5,acetone_dipole,39,1.0,0.0,0.6582772449457737,0.6582772449457737,,,,1.0
5,acetone_dipole,40,1.0,0.0,0.6582772449457737,0.6582772449457737,,,,1.0
5,acetone_dipole,41,1.0,0.0,0.6582772449457737,0.6582772449457737,,,,1.0
5,acetone_dipole,42,1.0,0.0,0.6582772449457737,0.6582772449457737,,,,1.0
5,acetone_dipole,43,1.0,0.0,0.6582772449457737,0.6582772449457737,,,,1.0
5,acetone_dipole,44,1.0,0.0,0.6582772449457737,0.6582772449457737,,,,1.0
5,acetone_dipole,45,1.0,0.0,0.6582772449457737,0.6582772449457737,,,,1.0
5,acetone_dipole,46,1.0,0.0,0.6582772449457737,0.6582772449457737,,,,1.0
5,acetone_dipole,47,1.0,0.0,0.6582772449457737,0.6582772449457737,,,,1.0
5,acetone_dipole,48,1.0,0.0,0.6582772449457737,0.6582772449457737,,,,1.0
5,acetone_dipole,49,1.0,0.0,0.6582772449457737,0.6582772449457737,,,,1.0
5,acetone_dipole,50,1.0,0.0,0.6582772449457737,0.6582772449457737,,,,1.0
5,acetone_dipole,51,1.0,0.0,0.6582772449457737,0.6582772449457737,,,,1.0
5,acetone_dipole,52,1.0,0.0,0.6582772449457737,0.6582772449457737,,,,1.0
5,acetone_dipole,53,1.0,0.0,0.6582772449457737,0.6582772449457737,,,,1.0
5,acetone_dipole,54,1.0,0.0,0.6582772449457737,0.6582772449457737,,,,1.0
5,acetone_dipole,55,1.0,0.0,0.6582772449457737,0.6582772449457737,,,,1.0
5,acetone_dipole,56,1.0,0.0,0.6582772449457737,0.6582772449457737,,,,1.0
5,acetone_dipole,57,1.0,0.0,0.6582772449457737,0.6582772449457737,,,,1.0
5,acetone_dipole,58,1.0,0.0,0.6582772449457737,0.6582772449457737,,,,1.0
5,acetone_dipole,59,1.0,0.0,0.6582772449457737,0.6582772449457737,,,,1.0
5,acetone_dipole,60,1.0,0.0,0.6582772449457737,0.6582772449457737,,,,1.0
5,acetone_dipole,61,1.0,0.0,0.6582772449457737,0.6582772449457737,,,,1.0
5,acetone_dipole,62,1.0,0.0,0.6582772449457737,0.6582772449457737,,,,1.0
5,acetone_dipole,63,1.0,0.0,0.6582772449457737,0.6582772449457737,,,,1.0
5,acetone_dipole,64,1.0,0.0,0.6582772449457737,0.6582772449457737,,,,1.0
5,acetone_dipole,65,1.0,0.0,0.6582772449457737,0.6582772449457737,,,,1.0
5,acetone_dipole,66,1.0,0.0,0.6582772449457737,0.6582772449457737,,,,1.0
5,acetone_dipole,67,1.0,0.0,0.6582772449457737,0.6582772449457737,,,,1.0
5,acetone_dipole,68,1.0,0.0,0.6582772449457737,0.6582772449457737,,,,1.0
5,acetone_dipole,69,1.0,0.0,0.6582772449457737,0.6582772449457737,,,,1.0
5,acetone_dipole,70,1.0,0.0,0.6582772449457737,0.6582772449457737,,,,1.0
5,acetone_dipole,71,1.0,0.0,0.6582772449457737,0.6582772449457737,,,,1.0
5,acetone_dipole,72,1.0,0.0,0.6582772449457737,0.6582772449457737,,,,1.0
5,acetone_dipole,73,1.0,0.0,0.6582772449457737,0.6582772449457737,,,,1.0
5,acetone_dipole,74,1.0,0.0,0.6582772449457737,0.6582772449457737,,,,1.0
5,acetone_dipole,75,1.0,0.0,0.6582772449457737,0.6582772449457737,,,,1.0
5,acetone_dipole,76,1.0,0.0,0.6582772449457737,0.6582772449457737,,,,1.0
5,acetone_dipole,77,1.0,0.0,0.6582772449457737,0.6582772449457737,,,,1.0
5,acetone_dipole,78,1.0,0.0,0.6582772449457737,0.6582772449457737,,,,1.0
5,acetone_dipole,79,1.0,0.0,0.6582772449457737,0.6582772449457737,,,,1.0
5,acetone_dipole,80,1.0,0.0,0.6582772449457737,0.6582772449457737,,,,1.0
5,acetone_dipole,81,1.0,0.0,0.6582772449457737,0.6582772449457737,,,,1.0
5,acetone_dipole,82,1.0,0.0,0.6582772449457737,0.6582772449457737,,,,1.0
5,acetone_dipole,83,1.0,0.0,0.6582772449457737,0.6582772449457737,,,,1.0
5,acetone_dipole,84,1.0,0.0,0.6582772449457737,0.6582772449457737,,,,1.0
5,acetone_dipole,85,1.0,0.0,0.6582772449457737,0.6582772449457737,,,,1.0
5,acetone_dipole,86,1.0,0.0,0.6582772449457737,0.6582772449457737,,,,1.0
5,acetone_dipole,87,1.0,0.0,0.6582772449457737,0.6582772449457737,,,,1.0
5,acetone_dipole,88,1.0,0.0,0.6582772449457737,0.6582772449457737,,,,1.0
5,acetone_dipole,89,1.0,0.0,0.6582772449457737,0.6582772449457737,,,,1.0
5,acetone_dipole,90,1.0,0.0,0.6582772449457737,0.6582772449457737,,,,1.0
5,acetone_dipole,91,1.0,0.0,0.6582772449457737,0.6582772449457737,,,,1.0
5,acetone_dipole,92,1.0,0.0,0.6582772449457737,0.6582772449457737,,,,1.0
5,acetone_dipole,93,1.0,0.0,0.6582772449457737,0.6582772449457737,,,,1.0
5,acetone_dipole,94,1.0,0.0,0.6582772449457737,0.6582772449457737,,,,1.0
5,acetone_dipole,95,1.0,0.0,0.6582772449457737,0.6582772449457737,,,,1.0
5,acetone_dipole,96,1.0,0.0,0.6582772449457737,0.6582772449457737,,,,1.0
5,acetone_dipole,97,1.0,0.0,0.6582772449457737,0.6582772449457737,,,,1.0
5,acetone_dipole,98,1.0,0.0,0.6582772449457737,0.6582772449457737,,,,1.0
5,acetone_dipole,99,1.0,0.0,0.6582772449457737,0.6582772449457737,,,,1.0
5,acetone_dipole,100,1.0,0.0,0.6582772449457737,0.6582772449457737,,,,1.0
5,acetone_dipole,101,1.0,0.0,0.6582772449457737,0.6582772449457737,,,,1.0
5,acetone_dipole,102,1.0,0.0,0.6582772449457737,0.6582772449457737,,,,1.0
5,acetone_dipole,103,1.0,0.0,0.6582772449457737,0.6582772449457737,,,,1.0
5,acetone_dipole,104,1.0,0.0,0.6582772449457737,0.6582772449457737,,,,1.0
5,acetone_dipole,105,1.0,0.0,0.6582772449457737,0.6582772449457737,,,,1.0
5,acetone_dipole,106,1.0,0.0,0.6582772449457737,0.6582772449457737,,,,1.0
5,acetone_dipole,107,1.0,0.0,0.6582772449457737,0.6582772449457737,,,,1.0
5,acetone_dipole,108,1.0,0.0,0.6582772449457737,0.6582772449457737,,,,1.0
5,acetone_dipole,109,1.0,0.0,0.6582772449457737,0.6582772449457737,,,,1.0
5,acetone_dipole,110,1.0,0.0,0.6582772449457737,0.6582772449457737,,,,1.0
5,acetone_dipole,111,1.0,0.0,0.6582772449457737,0.6582772449457737,,,,1.0
5,acetone_dipole,112,1.0,0.0,0.6582772449457737,0.6582772449457737,,,,1.0
5,acetone_dipole,113,1.0,0.0,0.6582772449457737,0.6582772449457737,,,,1.0
5,acetone_dipole,114,1.0,0.0,0.6582772449457737,0.6582772449457737,,,,1.0
5,acetone_dipole,115,1.0,0.0,0.6582772449457737,0.6582772449457737,,,,1.0
5,acetone_dipole,116,1.0,0.0,0.6582772449457737,0.6582772449457737,,,,1.0
5,acetone_dipole,117,1.0,0.0,0.6582772449457737,0.6582772449457737,,,,1.0
5,acetone_dipole,118,1.0,0.0,0.6582772449457737,0.6582772449457737,,,,1.0
5,acetone_dipole,119,1.0,0.0,0.6582772449457737,0.6582772449457737,,,,1.0
5,acetone_dipole,120,1.0,0.0,0.6582772449457737,0.6582772449457737,,,,1.0
5,acetone_dipole,121,1.0,0.0,0.6582772449457737,0.6582772449457737,,,,1.0
5,acetone_dipole,122,1.0,0.0,0.6582772449457737,0.6582772449457737,,,,1.0
5,acetone_dipole,123,1.0,0.0,0.6582772449457737,0.6582772449457737,,,,1.0
5,acetone_dipole,124,1.0,0.0,0.6582772449457737,0.6582772449457737,,,,1.0
5,acetone_dipole,125,1.0,0.0,0.6582772449457737,0.6582772449457737,,,,1.0
5,acetone_dipole,126,1.0,0.0,0.6582772449457737,0.6582772449457737,,,,1.0
5,acetone_dipole,127,1.0,0.0,0.6582772449457737,0.6582772449457737,,,,1.0
5,acetone_dipole,128,1.0,0.0,0.6582772449457737,0.6582772449457737,,,,1.0
5,acetone_dipole,129,1.0,0.0,0.6582772449457737,0.6582772449457737,,,,1.0
5,acetone_dipole,130,1.0,0.0,0.6582772449457737,0.6582772449457737,,,,1.0
5,acetone_dipole,131,1.0,0.0,0.6582772449457737,0.6582772449457737,,,,1.0
5,acetone_dipole,132,1.0,0.0,0.6582772449457737,0.6582772449457737,,,,1.0
5,acetone_dipole,133,1.0,0.0,0.6582772449457737,0.6582772449457737,,,,1.0
5,acetone_dipole,134,1.0,0.0,0.6582772449457737,0.6582772449457737,,,,1.0
5,acetone_dipole,135,1.0,0.0,0.6582772449457737,0.6582772449457737,,,,1.0
5,acetone_dipole,136,1.0,0.0,0.6582772449457737,0.6582772449457737,,,,1.0
5,acetone_dipole,137,1.0,0.0,0.6582772449457737,0.6582772449457737,,,,1.0
5,acetone_dipole,138,1.0,0.0,0.6582772449457737,0.6582772449457737,,,,1.0
5,acetone_dipole,139,1.0,0.0,0.6582772449457737,0.6582772449457737,,,,1.0
5,acetone_dipole,140,1.0,0.0,0.6582772449457737,0.6582772449457737,,,,1.0
5,acetone_dipole,141,1.0,0.0,0.6582772449457737,0.6582772449457737,,,,1.0
5,acetone_dipole,142,1.0,0.0,0.6582772449457737,0.6582772449457737,,,,1.0
5,acetone_dipole,143,1.0,0.0,0.6582772449457737,0.6582772449457737,,,,1.0
5,acetone_dipole,144,1.0,0.0,0.6582772449457737,0.6582772449457737,,,,1.0
5,acetone_dipole,145,1.0,0.0,0.6582772449457737,0.6582772449457737,,,,1.0
5,acetone_dipole,146,1.0,0.0,0.6582772449457737,0.6582772449457737,,,,1.0
5,acetone_dipole,147,1.0,0.0,0.6582772449457737,0.6582772449457737,,,,1.0
5,acetone_dipole,148,1.0,0.0,0.6582772449457737,0.6582772449457737,,,,1.0
5,acetone_dipole,149,1.0,0.0,0.6582772449457737,0.6582772449457737,,,,1.0
5,acetone_dipole,150,1.0,0.0,0.6582772449457737,0.6582772449457737,,,,1.0
5,acetone_dipole,151,1.0,0.0,0.6582772449457737,0.6582772449457737,,,,1.0
5,acetone_dipole,152,1.0,0.0,0.6582772449457737,0.6582772449457737,,,,1.0
5,acetone_dipole,153,1.0,0.0,0.6582772449457737,0.6582772449457737,,,,1.0
5,acetone_dipole,154,1.0,0.0,0.6582772449457737,0.6582772449457737,,,,1.0
5,acetone_dipole,155,1.0,0.0,0.6582772449457737,0.6582772449457737,,,,1.0
5,acetone_dipole,156,1.0,0.0,0.6582772449457737,0.6582772449457737,,,,1.0
5,acetone_dipole,157,1.0,0.0,0.6582772449457737,0.6582772449457737,,,,1.0
5,acetone_dipole,158,1.0,0.0,0.6582772449457737,0.6582772449457737,,,,1.0
5,acetone_dipole,159,1.0,0.0,0.6582772449457737,0.6582772449457737,,,,1.0
5,acetone_dipole,160,1.0,0.0,0.6582772449457737,0.6582772449457737,,,,1.0
5,acetone_dipole,161,1.0,0.0,0.6582772449457737,0.6582772449457737,,,,1.0
5,acetone_dipole,162,1.0,0.0,0.6582772449457737,0.6582772449457737,,,,1.0
5,acetone_dipole,163,1.0,0.0,0.6582772449457737,0.6582772449457737,,,,1.0
5,acetone_dipole,164,1.0,0.0,0.6582772449457737,0.6582772449457737,,,,1.0
5,acetone_dipole,165,1.0,0.0,0.6582772449457737,0.6582772449457737,,,,1.0
5,acetone_dipole,166,1.0,0.0,0.6582772449457737,0.6582772449457737,,,,1.0
5,acetone_dipole,167,1.0,0.0,0.6582772449457737,0.6582772449457737,,,,1.0
5,acetone_dipole,168,1.0,0.0,0.6582772449457737,0.6582772449457737,,,,1.0
5,acetone_dipole,169,1.0,0.0,0.6582772449457737,0.6582772449457737,,,,1.0
5,acetone_dipole,170,1.0,0.0,0.6582772449457737,0.6582772449457737,,,,1.0
5,acetone_dipole,171,1.0,0.0,0.6582772449457737,0.6582772449457737,,,,1.0
5,acetone_dipole,172,1.0,0.0,0.6582772449457737,0.6582772449457737,,,,1.0
5,acetone_dipole,173,1.0,0.0,0.6582772449457737,0.6582772449457737,,,,1.0
5,acetone_dipole,174,1.0,0.0,0.6582772449457737,0.6582772449457737,,,,1.0
5,acetone_dipole,175,1.0,0.0,0.6582772449457737,0.6582772449457737,,,,1.0
5,acetone_dipole,176,1.0,0.0,0.6582772449457737,0.6582772449457737,,,,1.0
5,acetone_dipole,177,1.0,0.0,0.6582772449457737,0.6582772449457737,,,,1.0
5,acetone_dipole,178,1.0,0.0,0.6582772449457737,0.6582772449457737,,,,1.0
5,acetone_dipole,179,1.0,0.0,0.6582772449457737,0.6582772449457737,,,,1.0
5,acetone_dipole,180,1.0,0.0,0.6582772449457737,0.6582772449457737,,,,1.0
5,acetone_dipole,181,1.0,0.0,0.6582772449457737,0.6582772449457737,,,,1.0
5,acetone_dipole,182,1.0,0.0,0.6582772449457737,0.6582772449457737,,,,1.0
5,acetone_dipole,183,1.0,0.0,0.6582772449457737,0.6582772449457737,,,,1.0
5,acetone_dipole,184,1.0,0.0,0.6582772449457737,0.6582772449457737,,,,1.0
5,acetone_dipole,185,1.0,0.0,0.6582772449457737,0.6582772449457737,,,,1.0
5,acetone_dipole,186,1.0,0.0,0.6582772449457737,0.6582772449457737,,,,1.0
5,acetone_dipole,187,1.0,0.0,0.6582772449457737,0.6582772449457737,,,,1.0
5,acetone_dipole,188,1.0,0.0,0.6582772449457737,0.6582772449457737,,,,1.0
5,acetone_dipole,189,1.0,0.0,0.6582772449457737,0.6582772449457737,,,,1.0
5,acetone_dipole,190,1.0,0.0,0.6582772449457737,0.6582772449457737,,,,1.0
5,acetone_dipole,191,1.0,0.0,0.6582772449457737,0.6582772449457737,,,,1.0
5,acetone_dipole,192,1.0,0.0,0.6582772449457737,0.6582772449457737,,,,1.0
5,acetone_dipole,193,1.0,0.0,0.6582772449457737,0.6582772449457737,,,,1.0
5,acetone_dipole,194,1.0,0.0,0.6582772449457737,0.6582772449457737,,,,1.0
5,acetone_dipole,195,1.0,0.0,0.6582772449457737,0.6582772449457737,,,,1.0
5,acetone_dipole,196,1.0,0.0,0.6582772449457737,0.6582772449457737,,,,1.0
5,acetone_dipole,197,1.0,0.0,0.6582772449457737,0.6582772449457737,,,,1.0
5,acetone_dipole,198,1.0,0.0,0.6582772449457737,0.6582772449457737,,,,1.0
5,acetone_dipole,199,1.0,0.0,0.6582772449457737,0.6582772449457737,,,,1.0
5,acetone_dipole,200,1.0,0.0,0.6582772449457737,0.6582772449457737,,,,1.0
5,acetone_dipole,201,1.0,0.0,0.6582772449457737,0.6582772449457737,,,,1.0
5,acetone_dipole,202,1.0,0.0,0.6582772449457737,0.6582772449457737,,,,1.0
5,acetone_dipole,203,1.0,0.0,0.6582772449457737,0.6582772449457737,,,,1.0
5,acetone_dipole,204,1.0,0.0,0.6582772449457737,0.6582772449457737,,,,1.0
5,acetone_dipole,205,1.0,0.0,0.6582772449457737,0.6582772449457737,,,,1.0
5,acetone_dipole,206,1.0,0.0,0.6582772449457737,0.6582772449457737,,,,1.0
5,acetone_dipole,207,1.0,0.0,0.6582772449457737,0.6582772449457737,,,,1.0
5,acetone_dipole,208,1.0,0.0,0.6582772449457737,0.6582772449457737,,,,1.0
5,acetone_dipole,209,1.0,0.0,0.6582772449457737,0.6582772449457737,,,,1.0
5,acetone_dipole,210,1.0,0.0,0.6582772449457737,0.6582772449457737,,,,1.0
5,acetone_dipole,211,1.0,0.0,0.6582772449457737,0.6582772449457737,,,,1.0
5,acetone_dipole,212,1.0,0.0,0.6582772449457737,0.6582772449457737,,,,1.0
5,acetone_dipole,213,1.0,0.0,0.6582772449457737,0.6582772449457737,,,,1.0
5,acetone_dipole,214,1.0,0.0,0.6582772449457737,0.6582772449457737,,,,1.0
5,acetone_dipole,215,1.0,0.0,0.6582772449457737,0.6582772449457737,,,,1.0
5,acetone_dipole,216,1.0,0.0,0.6582772449457737,0.6582772449457737,,,,1.0
5,acetone_dipole,217,1.0,0.0,0.6582772449457737,0.6582772449457737,,,,1.0
5,acetone_dipole,218,1.0,0.0,0.6582772449457737,0.6582772449457737,,,,1.0
5,acetone_dipole,219,1.0,0.0,0.6582772449457737,0.6582772449457737,,,,1.0
5,acetone_dipole,220,1.0,0.0,0.6582772449457737,0.6582772449457737,,,,1.0
5,acetone_dipole,221,1.0,0.0,0.6582772449457737,0.6582772449457737,,,,1.0
5,acetone_dipole,222,1.0,0.0,0.6582772449457737,0.6582772449457737,,,,1.0
5,acetone_dipole,223,1.0,0.0,0.6582772449457737,0.6582772449457737,,,,1.0
5,acetone_dipole,224,1.0,0.0,0.6582772449457737,0.6582772449457737,,,,1.0
5,acetone_dipole,225,1.0,0.0,0.6582772449457737,0.6582772449457737,,,,1.0
5,acetone_dipole,226,1.0,0.0,0.6582772449457737,0.6582772449457737,,,,1.0
5,acetone_dipole,227,1.0,0.0,0.6582772449457737,0.6582772449457737,,,,1.0
5,acetone_dipole,228,1.0,0.0,0.6582772449457737,0.6582772449457737,,,,1.0
5,acetone_dipole,229,1.0,0.0,0.6582772449457737,0.6582772449457737,,,,1.0
5,acetone_dipole,230,1.0,0.0,0.6582772449457737,0.6582772449457737,,,,1.0
5,acetone_dipole,231,1.0,0.0,0.6582772449457737,0.6582772449457737,,,,1.0
5,acetone_dipole,232,1.0,0.0,0.6582772449457737,0.6582772449457737,,,,1.0
5,acetone_dipole,233,1.0,0.0,0.6582772449457737,0.6582772449457737,,,,1.0
5,acetone_dipole,234,1.0,0.0,0.6582772449457737,0.6582772449457737,,,,1.0
5,acetone_dipole,235,1.0,0.0,0.6582772449457737,0.6582772449457737,,,,1.0
5,acetone_dipole,236,1.0,0.0,0.6582772449457737,0.6582772449457737,,,,1.0
5,acetone_dipole,237,1.0,0.0,0.6582772449457737,0.6582772449457737,,,,1.0
5,acetone_dipole,238,1.0,0.0,0.6582772449457737,0.6582772449457737,,,,1.0
5,acetone_dipole,239,1.0,0.0,0.6582772449457737,0.6582772449457737,,,,1.0
5,acetone_dipole,240,1.0,0.0,0.6582772449457737,0.6582772449457737,,,,1.0
5,acetone_dipole,241,1.0,0.0,0.6582772449457737,0.6582772449457737,,,,1.0
5,acetone_dipole,242,1.0,0.0,0.6582772449457737,0.6582772449457737,,,,1.0
5,acetone_dipole,243,1.0,0.0,0.6582772449457737,0.6582772449457737,,,,1.0
5,acetone_dipole,244,1.0,0.0,0.6582772449457737,0.6582772449457737,,,,1.0
5,acetone_dipole,245,1.0,0.0,0.6582772449457737,0.6582772449457737,,,,1.0
5,acetone_dipole,246,1.0,0.0,0.6582772449457737,0.6582772449457737,,,,1.0
5,acetone_dipole,247,1.0,0.0,0.6582772449457737,0.6582772449457737,,,,1.0
5,acetone_dipole,248,1.0,0.0,0.6582772449457737,0.6582772449457737,,,,1.0
5,acetone_dipole,249,1.0,0.0,0.6582772449457737,0.6582772449457737,,,,1.0
5,octanol_gsolv_eV,0,0.17830413579940796,0.006212902255356312,0.6757234602122018,0.9751055948612606,1.237429141998291,0.07797656208276749,0.06301497147290813,0.22
5,octanol_gsolv_eV,1,0.3930763304233551,0.0062908087857067585,0.6774346048394433,0.9337272695010528,1.269007682800293,0.2867198586463928,0.22594020708660648,0.32
5,octanol_gsolv_eV,2,0.5268589854240417,0.004852750804275274,0.6820946874428129,0.9294178140204123,0.9526180028915405,0.3395949602127075,0.35648597778113983,0.38
5,octanol_gsolv_eV,3,0.29513052105903625,0.008932400494813919,0.6731136098381509,0.9672347058849216,1.81494140625,0.029218144714832306,0.016098671072363884,0.2
5,octanol_gsolv_eV,4,0.13042210042476654,0.003910181578248739,0.674710129276971,0.967922827808243,0.6890122890472412,0.021184461191296577,0.030746129681649397,0.12
5,octanol_gsolv_eV,5,0.10970215499401093,0.005712641403079033,0.6633311704656724,0.9784729566646702,1.063572883605957,0.01920168474316597,0.01805394349474596,0.12
5,octanol_gsolv_eV,6,0.49343404173851013,0.010525300167500973,0.6772343352422361,0.9291761578638722,2.2402849197387695,0.5247484445571899,0.23423290490139026,0.28
5,octanol_gsolv_eV,7,0.44281017780303955,0.006187771912664175,0.6771301899664313,0.9141941043189228,1.2138872146606445,0.4087955951690674,0.3367657145012032,0.26
5,octanol_gsolv_eV,8,0.189873605966568,0.00893857516348362,0.6745789367208737,0.9652606398821186,1.8113174438476562,0.05818679556250572,0.03212401876884901,0.18
5,octanol_gsolv_eV,9,0.17023159563541412,0.005160811357200146,0.6694664374704979,0.968614270193481,0.9907357692718506,0.037820059806108475,0.03817370986201966,0.12
5,octanol_gsolv_eV,10,0.346411794424057,0.009183183312416077,0.6715684580262193,0.9234312053970395,1.8988606929779053,0.3820341229438782,0.20119123238300843,0.24
5,octanol_gsolv_eV,11,0.43315988779067993,0.008178229443728924,0.6764158176353863,0.9317987885987176,1.6108739376068115,0.6175713539123535,0.38337658800901947,0.3
5,octanol_gsolv_eV,12,0.20840120315551758,0.010494835674762726,0.6699427741153747,0.9760227368601724,2.1637496948242188,0.028140829876065254,0.013005584677090568,0.2
5,octanol_gsolv_eV,13,0.6678206920623779,0.007846209220588207,0.6893432013384966,0.9311780349494201,1.6162363290786743,0.5851048231124878,0.3620168737612916,0.46
5,octanol_gsolv_eV,14,0.18469136953353882,0.011777685955166817,0.682037369184133,0.9598745269552362,2.5431137084960938,0.011529723182320595,0.004533703366782943,0.14
5,octanol_gsolv_eV,15,0.30444201827049255,0.009276201017200947,0.668440413220299,0.9595294558702985,1.8730090856552124,0.27937445044517517,0.14915808608981998,0.26
5,octanol_gsolv_eV,16,0.35443753004074097,0.009981743060052395,0.668447967015084,0.9161245665173479,2.061697483062744,0.17037062346935272,0.08263609228268519,0.16
5,octanol_gsolv_eV,17,0.22658410668373108,0.006795282009989023,0.6702178192372208,0.9202887253024994,1.3493808507919312,0.175834521651268,0.130307556645756,0.16
5,octanol_gsolv_eV,18,0.6000581383705139,0.007744889240711927,0.6913783164190141,0.9304018879342335,1.6022663116455078,0.4761466383934021,0.29717072307686815,0.42
5,octanol_gsolv_eV,19,0.3676595091819763,0.0074814860709011555,0.676425205888008,0.9377504001393395,1.473373532295227,0.4461394250392914,0.30280130276556116,0.24
5,octanol_gsolv_eV,20,0.34028908610343933,0.0035193294752389193,0.6674383929599874,0.954532251780758,0.6289336681365967,0.11452167481184006,0.18208863766372158,0.22
5,octanol_gsolv_eV,21,0.6058650016784668,0.014297430403530598,0.6685444819241217,0.9260816395070248,3.1617326736450195,0.2970573604106903,0.09395397747787014,0.48
5,octanol_gsolv_eV,22,0.22795556485652924,0.005890569183975458,0.6866391298941721,0.975139094849506,1.2256646156311035,0.05400676280260086,0.04406324708557601,0.22
5,octanol_gsolv_eV,23,0.4699612259864807,0.006680157035589218,0.675818533021707,0.9030336809005031,1.3553045988082886,0.4042942225933075,0.29830506216004954,0.34
5,octanol_gsolv_eV,24,0.32445311546325684,0.0026804727967828512,0.667020034559672,0.9704242214953669,0.41256436705589294,0.10288261622190475,0.24937349038669288,0.2
5,octanol_gsolv_eV,25,0.39485135674476624,0.006696887314319611,0.6765509033469901,0.9387669286794054,1.3281421661376953,0.3142726719379425,0.23662577693159412,0.26
5,octanol_gsolv_eV,26,0.1761545091867447,0.005109178368002176,0.6685226008012992,0.9641222448303364,0.9911022782325745,0.01779516413807869,0.017954922038735173,0.14
5,octanol_gsolv_eV,27,0.568066418170929,0.005167743191123009,0.6783570318644443,0.8939314704248769,1.028704047203064,0.4915631115436554,0.4778469695731856,0.36
5,octanol_gsolv_eV,28,0.29267627000808716,0.007937762886285782,0.6641165688882329,0.9087804901754024,1.5787736177444458,0.3574541509151459,0.22641254382362408,0.08
5,octanol_gsolv_eV,29,0.8812205791473389,0.005960620939731598,0.7302125827809063,0.9392134594497379,1.2751166820526123,1.3340741395950317,1.046236911784036,0.6
5,octanol_gsolv_eV,30,0.5093980431556702,0.0035574976354837418,0.6811982630539459,0.9487798332423605,0.6801462173461914,0.14232559502124786,0.2092573499512749,0.48
5,octanol_gsolv_eV,31,0.297585129737854,0.0064105140045285225,0.6779567813064273,0.9468961131448839,1.2910304069519043,0.16287128627300262,0.12615604202347047,0.2
5,octanol_gsolv_eV,32,0.5114579200744629,0.00791958812624216,0.6792802125284898,0.931172416671153,1.6390550136566162,0.41156938672065735,0.25110163069052516,0.34
5,octanol_gsolv_eV,33,0.17993898689746857,0.010891607962548733,0.6548518961456589,0.9765207123372863,2.07079815864563,0.006642163265496492,0.003207537749521994,0.24
5,octanol_gsolv_eV,34,0.7195910811424255,0.009647263213992119,0.6947808048212434,0.934796890224443,2.0116333961486816,0.9210153818130493,0.4578445474092618,0.62
5,octanol_gsolv_eV,35,0.25972774624824524,0.004006936214864254,0.663748297141344,0.9411501638027822,0.7917439341545105,0.09258250892162323,0.1169349140899835,0.2
5,octanol_gsolv_eV,36,0.7583646178245544,0.0023596184328198433,0.6922054296943223,0.9277354973056877,0.6109811067581177,0.4960930347442627,0.8119613344126888,0.6
5,octanol_gsolv_eV,37,0.8360058665275574,0.0029182755388319492,0.7020363469963145,0.9503204010550093,0.8146978616714478,0.341096431016922,0.41867844149869604,0.52
5,octanol_gsolv_eV,38,0.07028111070394516,0.015124683268368244,0.674543547537348,0.9547900966631144,3.1018240451812744,0.00985011551529169,0.0031755880964924425,0.04
5,octanol_gsolv_eV,39,0.4010820686817169,0.0065199933014810085,0.6599038299007669,0.92560661893789,1.218269944190979,0.3426964581012726,0.28129763829054183,0.18
5,octanol_gsolv_eV,40,0.26693809032440186,0.007825539447367191,0.6779796875271502,0.9533712825651517,1.5959023237228394,0.10336631536483765,0.06476982571446477,0.18
5,octanol_gsolv_eV,41,0.509000837802887,0.006423234939575195,0.6934860302789478,0.9430216896382344,1.3059098720550537,0.5766910314559937,0.44160094337021893,0.28
5,octanol_gsolv_eV,42,0.6395381689071655,0.004183310549706221,0.6986784938185393,0.8972401238300449,0.8152596950531006,0.5409289002418518,0.6635050199637543,0.5
5,octanol_gsolv_eV,43,0.6054885387420654,0.004211971070617437,0.6896514267626872,0.9128689798221694,0.8270033001899719,0.48874399065971375,0.5909819108913396,0.26
5,octanol_gsolv_eV,44,0.2552185356616974,0.011395742185413837,0.6688746810617843,0.9489900152132926,2.3682010173797607,0.21187454462051392,0.08946645283301898,0.2
5,octanol_gsolv_eV,45,0.172689750790596,0.013090160675346851,0.6653434806652689,0.9745400010431782,2.620595693588257,0.0009582815691828728,0.00036567318321077734,0.26
5,octanol_gsolv_eV,46,0.4215104281902313,0.01130977738648653,0.6770323895925991,0.9787555563742645,2.3820388317108154,0.17297165095806122,0.07261495852014739,0.38
5,octanol_gsolv_eV,47,0.1634879857301712,0.011276226490736008,0.6729636304725188,0.9564023016307901,2.308077812194824,0.0036812254693359137,0.0015949312669988884,0.16
5,octanol_gsolv_eV,48,0.42539501190185547,0.007635794579982758,0.6785166957459945,0.9479669405811437,1.5448716878890991,0.08958659321069717,0.057989666011102586,0.32
5,octanol_gsolv_eV,49,0.18112635612487793,0.004603593144565821,0.6692143658669774,0.9607661343653915,0.8672374486923218,0.02502458170056343,0.028855513260292388,0.2
5,octanol_gsolv_eV,50,0.14920246601104736,0.009259330108761787,0.6670408884291479,0.9581209209336512,1.9058738946914673,0.03556643798947334,0.01866148546792023,0.1
5,octanol_gsolv_eV,51,0.24412082135677338,0.010828281752765179,0.6730631453626561,0.9591026321750291,2.2398650646209717,0.0953335165977478,0.04256216952688624,0.14
5,octanol_gsolv_eV,52,0.24725429713726044,0.006573390681296587,0.6693069354068981,0.9582656826313518,1.2841724157333374,0.08247527480125427,0.06422445599266051,0.12
5,octanol_gsolv_eV,53,0.10384705662727356,0.004621540661901236,0.6726304139316623,0.9651061882391421,0.8717758059501648,0.023511355742812157,0.02696949787128663,0.16
5,octanol_gsolv_eV,54,0.25899219512939453,0.0067340536043047905,0.676342779564906,0.9630481121198355,1.3473252058029175,0.14394986629486084,0.1068412181965201,0.16
5,octanol_gsolv_eV,55,0.3331080377101898,0.005302705802023411,0.679677811331111,0.9576320261929261,1.0487163066864014,0.1317199021577835,0.1256010813581941,0.18
5,octanol_gsolv_eV,56,0.17011362314224243,0.006696945987641811,0.6732132421518346,0.9405036810891587,1.3324710130691528,0.04043791815638542,0.030348065931462605,0.2
5,octanol_gsolv_eV,57,0.24079443514347076,0.0025882991030812263,0.6674817726250026,0.9465213531946464,0.38121849298477173,0.06092993542551994,0.159829432587243,0.26
5,octanol_gsolv_eV,58,0.47245675325393677,0.01364616584032774,0.6659768665347519,0.8949018610744495,2.878992795944214,0.5102211236953735,0.17722209114734447,0.26
5,octanol_gsolv_eV,59,0.3511756956577301,0.007503303233534098,0.6565169297179883,0.930809397780054,1.4224145412445068,0.20334972441196442,0.14296094318190009,0.22
5,octanol_gsolv_eV,60,0.1679234802722931,0.008770294487476349,0.6710711476287781,0.9684850953333162,1.766201138496399,0.0276422668248415,0.01565069018604183,0.16
5,octanol_gsolv_eV,61,0.1428365707397461,0.0072023142129182816,0.6644734130393899,0.9621501097991705,1.3911993503570557,0.014849734492599964,0.010674052204516005,0.12
5,octanol_gsolv_eV,62,0.1550372987985611,0.006252915598452091,0.6687580609002299,0.9678781198043527,1.219691276550293,0.027748268097639084,0.022750239040915946,0.16
5,octanol_gsolv_eV,63,0.5861282348632812,0.00426753843203187,0.6900963330712175,0.9194006585939583,0.8044977188110352,0.5186564326286316,0.6446959643280934,0.36
5,octanol_gsolv_eV,64,0.19032487273216248,0.008937017992138863,0.6736546104844916,0.9567326450707732,1.814815878868103,0.04851585254073143,0.02673320919529901,0.2
5,octanol_gsolv_eV,65,0.262506365776062,0.005816575605422258,0.6777097955347202,0.9526702374725109,1.1346828937530518,0.05592545121908188,0.04928729561975162,0.2
5,octanol_gsolv_eV,66,0.43828845024108887,0.009916440583765507,0.6738855892290165,0.9258990591244336,2.0163450241088867,0.2440708726644516,0.12104618492676741,0.4
5,octanol_gsolv_eV,67,0.30989718437194824,0.007308271713554859,0.6756258774707329,0.9562389219758336,1.4719557762145996,0.06494764983654022,0.0441233703389954,0.24
5,octanol_gsolv_eV,68,0.7559494376182556,0.005457885563373566,0.704186880107684,0.9496230699954253,1.1293023824691772,0.5894684791564941,0.5219757686755636,0.52
5,octanol_gsolv_eV,69,0.2878447473049164,0.00714827561751008,0.6786728791224361,0.9741836153046715,1.4330416917800903,0.12497914582490921,0.08721249810231486,0.26
5,octanol_gsolv_eV,70,0.44387751817703247,0.008728619664907455,0.675571943794794,0.9065018333828998,1.8254576921463013,0.4267100989818573,0.2337551293671169,0.3
5,octanol_gsolv_eV,71,0.5201413035392761,0.006335610058158636,0.680775368216036,0.9050319440480379,1.264229416847229,0.6616578102111816,0.5233684657182258,0.36
5,octanol_gsolv_eV,72,0.5712724924087524,0.003561783814802766,0.6588190448334916,0.9013454333938427,0.5819820165634155,0.2426828294992447,0.41699369154442045,0.4
5,octanol_gsolv_eV,73,0.5271819233894348,0.0076600052416324615,0.6873413737876994,0.9111263898969784,1.5846295356750488,0.7958891987800598,0.5022556887032985,0.1
5,octanol_gsolv_eV,74,0.5697439908981323,0.008895483799278736,0.6815771804066033,0.9282432339537432,1.8446866273880005,0.42201802134513855,0.22877491226935304,0.54
5,octanol_gsolv_eV,75,0.20637646317481995,0.003981056623160839,0.6749306119465397,0.9539202457169653,0.7502696514129639,0.024279946461319923,0.03236162680390192,0.16
5,octanol_gsolv_eV,76,0.26820263266563416,0.010067503899335861,0.6596943790442205,0.9544288943101924,1.8777977228164673,0.03548697382211685,0.0188981876966443,0.3
5,octanol_gsolv_eV,77,0.5679957270622253,0.004755938425660133,0.6889176843611746,0.9125776967101904,0.9662180542945862,0.48258551955223083,0.4994581889742844,0.3
5,octanol_gsolv_eV,78,0.1933325082063675,0.009699181653559208,0.6731731246151482,0.9728945527964168,1.985142707824707,0.03938404843211174,0.019839404127911922,0.18
5,octanol_gsolv_eV,79,0.14288295805454254,0.011203552596271038,0.669212062058802,0.9483567796784953,2.258596420288086,0.008830904960632324,0.00390990833125731,0.08
5,octanol_gsolv_eV,80,0.15372903645038605,0.006224638782441616,0.6730778563572293,0.9568447066717243,1.254626989364624,0.007156975567340851,0.0057044648552996065,0.08
5,octanol_gsolv_eV,81,0.6155791282653809,0.00491328677162528,0.6922667242223284,0.9078944919069043,0.9805877208709717,0.5595911145210266,0.5706691024276644,0.44
5,octanol_gsolv_eV,82,0.3657388985157013,0.008443810977041721,0.669007239491012,0.9265665336855613,1.7432588338851929,0.3949089050292969,0.2265348652495655,0.28
5,octanol_gsolv_eV,83,0.19512149691581726,0.007138936780393124,0.6694757698971319,0.9625125715050706,1.405601143836975,0.025671569630503654,0.018263765466514946,0.18
5,octanol_gsolv_eV,84,0.22732175886631012,0.006077897269278765,0.6755956651951436,0.9618341948048528,1.2162450551986694,0.060846418142318726,0.05002809087053568,0.24
5,octanol_gsolv_eV,85,0.19882036745548248,0.010648482479155064,0.670263872468625,0.9531480020880989,2.203857421875,0.003161261323839426,0.0014344218879413192,0.18
5,octanol_gsolv_eV,86,0.4832400679588318,0.008472047746181488,0.6771880406460631,0.9233066955838451,1.7657697200775146,0.3921804428100586,0.22210169216903464,0.32
5,octanol_gsolv_eV,87,0.3970971703529358,0.007764249574393034,0.6744508286145539,0.9204544489123776,1.5892562866210938,0.39629462361335754,0.24935853766916138,0.3
5,octanol_gsolv_eV,88,0.48319780826568604,0.0075009968131780624,0.6737268857791991,0.9281118775400332,1.5232915878295898,0.45306456089019775,0.2974247114012698,0.36
5,octanol_gsolv_eV,89,0.38818371295928955,0.005611649714410305,0.6745712605884473,0.9371012395877265,1.1345186233520508,0.2202918380498886,0.19417207749222656,0.22
5,octanol_gsolv_eV,90,0.29987841844558716,0.008169964887201786,0.6680189504657434,0.9373295884486446,1.599190592765808,0.27466267347335815,0.17175105626298595,0.22
5,octanol_gsolv_eV,91,0.18098893761634827,0.007881960831582546,0.6756591506859582,0.9579924544130372,1.5832927227020264,0.042140886187553406,0.026615979207961195,0.18
5,octanol_gsolv_eV,92,0.4214986264705658,0.009841649793088436,0.6803588474473301,0.9192771726466518,1.9867135286331177,0.4878530204296112,0.24555780861131993,0.22
5,octanol_gsolv_eV,93,0.24341964721679688,0.012691578827798367,0.6692742908169131,0.9095934536717105,2.6089351177215576,0.2850339412689209,0.10925298192844578,0.22
5,octanol_gsolv_eV,94,0.31205567717552185,0.008967406116425991,0.6595420977932003,0.9238532520078482,1.7424064874649048,0.3490113615989685,0.20030421380418456,0.24
5,octanol_gsolv_eV,95,0.4136594235897064,0.00693010538816452,0.6726677888241721,0.9405775178220077,1.4075019359588623,0.28109127283096313,0.19970933300313323,0.34
5,octanol_gsolv_eV,96,0.12743191421031952,0.005844656843692064,0.6666242678899452,0.961393300818578,1.037286400794983,0.004240137524902821,0.004087721116996379,0.1
5,octanol_gsolv_eV,97,0.22698840498924255,0.011207337491214275,0.6758894132403539,0.9673954121337329,2.3113057613372803,0.032638534903526306,0.014121253643499868,0.12
5,octanol_gsolv_eV,98,0.18824340403079987,0.009785784408450127,0.6709182331254384,0.9574403954251003,1.9882237911224365,0.08440183848142624,0.042450874422832366,0.22
5,octanol_gsolv_eV,99,0.25359034538269043,0.005915975198149681,0.6759933381427643,0.9687979833884801,1.167441725730896,0.13195139169692993,0.11302610553372126,0.24
5,octanol_gsolv_eV,100,0.3542672097682953,0.01753845624625683,0.6675871840182159,0.9843191051707598,3.658806085586548,0.012209928594529629,0.0033371346578407804,0.44
5,octanol_gsolv_eV,101,0.6576105356216431,0.006355585064738989,0.6870156574496034,0.9191896225033116,1.2840462923049927,0.6254338026046753,0.48708041630022425,0.44
5,octanol_gsolv_eV,102,0.30121710896492004,0.009919196367263794,0.6676016302538319,0.9249149150124243,2.0585036277770996,0.2714112401008606,0.13184880339217442,0.26
5,octanol_gsolv_eV,103,0.3584602475166321,0.006908677984029055,0.6744779976067317,0.9469325588060091,1.3978986740112305,0.1721045821905136,0.12311663598382593,0.3
5,octanol_gsolv_eV,104,0.0871744230389595,0.0146557055413723,0.6734339985583515,0.9572179815471458,3.0118157863616943,0.06644769757986069,0.022062337902853685,0.14
5,octanol_gsolv_eV,105,0.14270536601543427,0.004488571081310511,0.6697611376466173,0.9650362945667246,0.8430681228637695,0.04338642954826355,0.051462543027824,0.16
5,octanol_gsolv_eV,106,0.17506034672260284,0.003793643554672599,0.6763744956920763,0.9476420480843721,0.7086241245269775,0.007180056069046259,0.01013239010715181,0.12
5,octanol_gsolv_eV,107,0.8688037395477295,0.0030606987420469522,0.7346447657152815,0.9240274548575707,0.6512216329574585,0.8254187703132629,1.2674928604025413,0.7
5,octanol_gsolv_eV,108,0.2141539603471756,0.012702171690762043,0.6671192997553355,0.909387467168975,2.5946028232574463,0.22625093162059784,0.08720060334188126,0.22
5,octanol_gsolv_eV,109,0.5915000438690186,0.005672569386661053,0.6816712128254878,0.9092693924100315,1.0717333555221558,0.519507646560669,0.4847359129804832,0.36
5,octanol_gsolv_eV,110,0.48153531551361084,0.011628080159425735,0.6677717261998724,0.9112368099428849,2.4321484565734863,0.6185213923454285,0.25431070651699755,0.32
5,octanol_gsolv_eV,111,0.13372603058815002,0.007043108344078064,0.6730825630107757,0.9560559792221917,1.3993133306503296,0.05968134105205536,0.0426504484341034,0.1
5,octanol_gsolv_eV,112,0.3702983558177948,0.005295517388731241,0.6803970057321571,0.9542420941255931,1.0333219766616821,0.16983023285865784,0.16435364455067775,0.36
5,octanol_gsolv_eV,113,0.3027139902114868,0.008972503244876862,0.6688703115105903,0.926464579362728,1.8469765186309814,0.2685581147670746,0.14540418465424543,0.14
5,octanol_gsolv_eV,114,0.3665299713611603,0.007574491202831268,0.6815333392024088,0.9506250778687557,1.5706475973129272,0.294010192155838,0.18719042556639204,0.16
5,octanol_gsolv_eV,115,0.20275312662124634,0.005541573744267225,0.6751190482624732,0.956096315859045,1.0801030397415161,0.061990316957235336,0.05739296592672352,0.2
5,octanol_gsolv_eV,116,0.2908886671066284,0.00620366632938385,0.6720047725090772,0.9470821670135214,1.249205470085144,0.09145067632198334,0.07320707322531192,0.22
5,octanol_gsolv_eV,117,0.26132479310035706,0.012178082950413227,0.6683148368166931,0.9148440376537199,2.534935235977173,0.30668601393699646,0.12098376699504688,0.18
5,octanol_gsolv_eV,118,0.39362913370132446,0.006913904566317797,0.6635582709009511,0.9122790418826956,1.390910267829895,0.33440524339675903,0.24042186698247597,0.26
5,octanol_gsolv_eV,119,0.43795648217201233,0.008091622963547707,0.6786652093567416,0.9185950253538473,1.678338646888733,0.31115496158599854,0.18539462352416822,0.26
5,octanol_gsolv_eV,120,0.22937040030956268,0.010731972754001617,0.6620370796207422,0.9424350900724223,2.1311519145965576,0.13427743315696716,0.06300697394553727,0.18
5,octanol_gsolv_eV,121,0.6038844585418701,0.019701724871993065,0.683572139433102,0.9257005221877441,4.320127964019775,1.8634984493255615,0.4313526045630419,0.42
5,octanol_gsolv_eV,122,0.22905638813972473,0.006445962004363537,0.6742081764271752,0.9501133558592496,1.2782586812973022,0.07205582410097122,0.05637029902886473,0.24
5,octanol_gsolv_eV,123,0.31371843814849854,0.011667804792523384,0.6801776672291513,0.9236421128301526,2.4509336948394775,0.14847560226917267,0.06057919991136153,0.26
5,octanol_gsolv_eV,124,0.3323482275009155,0.004867423791438341,0.6540096904849211,0.9376287697298074,0.8668203353881836,0.13329346477985382,0.15377288618887985,0.24
5,octanol_gsolv_eV,125,0.3900943696498871,0.008959564380347729,0.6442132764338582,0.9168624876058395,1.7903621196746826,0.27454450726509094,0.15334579761717534,0.32
5,octanol_gsolv_eV,126,0.27289509773254395,0.0053948452696204185,0.6646281284368121,0.9487944736398963,1.0530924797058105,0.12027619779109955,0.11421237935788851,0.2
5,octanol_gsolv_eV,127,0.547536313533783,0.010043377056717873,0.6779085220486252,0.91492487663528,2.116276741027832,0.5414355397224426,0.2558434486500468,0.42
5,octanol_gsolv_eV,128,0.7314571142196655,0.010076702572405338,0.6955039334527138,0.9421786232958718,2.2127840518951416,0.8306818008422852,0.37540120561283274,0.7
5,octanol_gsolv_eV,129,0.5664019584655762,0.012094945646822453,0.6815543775433484,0.9084632663949477,2.545600652694702,1.3519433736801147,0.531090126901478,0.22
5,octanol_gsolv_eV,130,0.26855963468551636,0.007271857932209969,0.6760981802229094,0.9442347663676798,1.4541091918945312,0.054979778826236725,0.03780993829947847,0.28
5,octanol_gsolv_eV,131,0.39945220947265625,0.010599781759083271,0.6593564676539183,0.9108710621473732,1.9821723699569702,0.6479337811470032,0.3268806441697443,0.18
5,octanol_gsolv_eV,132,0.6871820688247681,0.00761332968249917,0.6951599251454652,0.9592607654544749,1.6008609533309937,0.574278712272644,0.35873116342660044,0.7
5,octanol_gsolv_eV,133,0.5344973206520081,0.008779920637607574,0.6765682184897044,0.9132336456618049,1.7981209754943848,0.5611217617988586,0.3120600724011803,0.42
5,octanol_gsolv_eV,134,0.4519751965999603,0.011771979741752148,0.6721041655550724,0.9380858497993592,2.4574832916259766,0.21251986920833588,0.08647866292011434,0.38
5,octanol_gsolv_eV,135,0.5281528234481812,0.007116910070180893,0.6848721800091448,0.9221491092029896,1.5464928150177002,0.4494647681713104,0.29063488934875276,0.44
5,octanol_gsolv_eV,136,0.7288565635681152,0.0036863430868834257,0.70675413763108,0.9487442281355107,0.7068255543708801,0.4857054650783539,0.6871645515287895,0.52
5,octanol_gsolv_eV,137,0.7745987176895142,0.0034462611656636,0.7028832636158207,0.9196053143685008,0.6415360569953918,0.5513125658035278,0.8593633355318763,0.6
5,octanol_gsolv_eV,138,0.20383648574352264,0.008250931277871132,0.671654633789367,0.9686972855119165,1.6683260202407837,0.039082594215869904,0.023426233087360977,0.2
5,octanol_gsolv_eV,139,0.4183938801288605,0.005932122468948364,0.6739919972805535,0.9196387041279739,1.1734185218811035,0.33922529220581055,0.2890914757864905,0.28
5,octanol_gsolv_eV,140,0.24978390336036682,0.0060590109787881374,0.6788165419855092,0.9711105894050382,1.1887346506118774,0.13241994380950928,0.11139571286270553,0.26
5,octanol_gsolv_eV,141,0.3953329026699066,0.005699578672647476,0.6771920361564039,0.9420701469607802,1.116654634475708,0.2710455358028412,0.24272996093380525,0.22
5,octanol_gsolv_eV,142,0.4580751359462738,0.005371165927499533,0.6759829979493102,0.9151007678380401,1.0412449836730957,0.3601298928260803,0.3458647085680895,0.3
5,octanol_gsolv_eV,143,0.87336665391922,0.003950166516005993,0.7305660727086978,0.9195293899678094,0.7324510216712952,1.0850692987442017,1.4814223294662183,0.78
5,octanol_gsolv_eV,144,0.3780836760997772,0.004331478849053383,0.6773182148663452,0.9407746956307075,0.8192831873893738,0.08570718765258789,0.10461240871510105,0.36
5,octanol_gsolv_eV,145,0.16352982819080353,0.0066078538075089455,0.6699461381257101,0.9614716645005859,1.321541428565979,0.01895667053759098,0.01434436342881895,0.16
5,octanol_gsolv_eV,146,0.5487344264984131,0.004817440640181303,0.6686345554230293,0.9049092486635748,0.8844956159591675,0.42405036091804504,0.4794261873849935,0.34
5,octanol_gsolv_eV,147,0.1510482281446457,0.008550477214157581,0.6746074117274017,0.9665177885383343,1.7252529859542847,0.020014464855194092,0.011600886952891458,0.14
5,octanol_gsolv_eV,148,0.3551635146141052,0.00885199848562479,0.6656718953698879,0.8984910220531761,1.8257633447647095,0.4235822856426239,0.2320028424588686,0.3
5,octanol_gsolv_eV,149,0.36187344789505005,0.017251871526241302,0.6756700542731222,0.9786488005534693,3.647604465484619,0.015809711068868637,0.004334272319947981,0.46
5,octanol_gsolv_eV,150,0.45260894298553467,0.005448051728308201,0.6845921284236978,0.9538028570910435,1.0410237312316895,0.2574816942214966,0.2473350861241718,0.38
5,octanol_gsolv_eV,151,0.3236849904060364,0.009382635354995728,0.6693687910121895,0.9206435761967282,1.954466462135315,0.2584693729877472,0.13224548898391503,0.26
5,octanol_gsolv_eV,152,0.24255076050758362,0.00589862372726202,0.6792271857956169,0.9659007590307742,1.1692752838134766,0.02668645977973938,0.022823076951309626,0.18
5,octanol_gsolv_eV,153,0.08344287425279617,0.00938750896602869,0.6748831577811825,0.9636688561854403,1.8905466794967651,0.010922342538833618,0.005777346128126802,0.14
5,octanol_gsolv_eV,154,0.3400188982486725,0.005337045062333345,0.6819048748269305,0.9595656418830132,1.0351128578186035,0.16634996235370636,0.1607070775879185,0.2
5,octanol_gsolv_eV,155,0.3198772072792053,0.011100354604423046,0.6679629885997602,0.9085878174460438,2.38185977935791,0.3917528986930847,0.1644735353811178,0.3
5,octanol_gsolv_eV,156,0.3096853494644165,0.014277772977948189,0.6579892994222853,0.8870909285092488,2.9124233722686768,0.4592994153499603,0.15770351924905135,0.2
5,octanol_gsolv_eV,157,0.2730254530906677,0.014279785566031933,0.6838834515734995,0.9005457129537724,3.3038041591644287,0.3902546167373657,0.11812280569198924,0.14
5,octanol_gsolv_eV,158,0.2961285412311554,0.009932649321854115,0.6643679415447048,0.9372865622550768,1.9561249017715454,0.15506812930107117,0.079273122672604,0.18
5,octanol_gsolv_eV,159,0.17640230059623718,0.012227016501128674,0.6640642945286095,0.9800006549558227,2.352184295654297,0.002051770919933915,0.0008722832321109358,0.22
5,octanol_gsolv_eV,160,0.6456050872802734,0.007506116759032011,0.6848310157291153,0.9425592172111927,1.5667802095413208,0.47451624274253845,0.3028607585498252,0.52
5,octanol_gsolv_eV,161,0.3914090394973755,0.002532854676246643,0.6657573855819887,0.9410849428489327,0.423989862203598,0.06984608620405197,0.16473527419038192,0.22
5,octanol_gsolv_eV,162,0.17421174049377441,0.007157051470130682,0.6749625433083473,0.9670961701644916,1.4373979568481445,0.037032607942819595,0.02576364309298371,0.18
5,octanol_gsolv_eV,163,0.5251369476318359,0.005936784669756889,0.6766383409432215,0.9021187376714928,1.2561438083648682,0.5436033606529236,0.43275567417757377,0.4
5,octanol_gsolv_eV,164,0.0742219015955925,0.014168699271976948,0.6792545328721655,0.9667349210498011,2.944643259048462,0.008254298008978367,0.0028031572189989758,0.1
5,octanol_gsolv_eV,165,0.596085250377655,0.003629338461905718,0.6928413563682339,0.9353187080911871,0.673255980014801,0.3850241005420685,0.5718836697649593,0.42
5,octanol_gsolv_eV,166,0.3771882951259613,0.006482997909188271,0.6797493882083747,0.9486457765818774,1.3152673244476318,0.2934431731700897,0.22310534726719985,0.3
5,octanol_gsolv_eV,167,0.505617082118988,0.008884157054126263,0.6743924335348002,0.942937024354908,1.849746584892273,0.17338557541370392,0.09373477255199349,0.34
5,octanol_gsolv_eV,168,0.19197644293308258,0.011575429700314999,0.6714508604687695,0.9702274378337461,2.382572889328003,0.03384757786989212,0.01420631369621549,0.2
5,octanol_gsolv_eV,169,0.2005624920129776,0.008864770643413067,0.6710440108484446,0.978743266555538,1.8047358989715576,0.043700847774744034,0.024214538980272565,0.22
5,octanol_gsolv_eV,170,0.2753411531448364,0.002502220682799816,0.665779334911258,0.9727649109132122,0.3709288239479065,0.1016274020075798,0.27398087030802554,0.28
5,octanol_gsolv_eV,171,0.4417340159416199,0.01196383684873581,0.6615363245736172,0.8796132083738974,2.593029260635376,0.2902449071407318,0.11193275430668007,0.32
5,octanol_gsolv_eV,172,0.11709892004728317,0.005359061993658543,0.6699937846384525,0.9689658040261822,1.0354979038238525,0.027703898027539253,0.02675418069436472,0.1
5,octanol_gsolv_eV,173,0.23317334055900574,0.007593294605612755,0.6741055355218808,0.9832521739421269,1.5450912714004517,0.05352815240621567,0.03464400673087643,0.32
5,octanol_gsolv_eV,174,0.13331526517868042,0.007461464032530785,0.6733701009836583,0.9493122617632195,1.4886125326156616,0.034292109310626984,0.023036289537595015,0.12
5,octanol_gsolv_eV,175,0.5394943356513977,0.004580652341246605,0.675678540581693,0.9090833123577218,0.8805317282676697,0.4055103361606598,0.46052893171543974,0.3
5,octanol_gsolv_eV,176,0.7511416673660278,0.0059026856906712055,0.6910355386945857,0.9265436872188302,1.2431559562683105,0.5922403335571289,0.4764006724746815,0.6
5,octanol_gsolv_eV,177,0.3907661437988281,0.010566223412752151,0.6698180612521467,0.9134574214390776,2.1962835788726807,0.5561063885688782,0.25320336313506436,0.28
5,octanol_gsolv_eV,178,0.24849532544612885,0.005657660774886608,0.6607870837698011,0.9520852318094988,1.058650016784668,0.04672875255346298,0.04413994409161543,0.16
5,octanol_gsolv_eV,179,0.20148561894893646,0.009169193916022778,0.6706454989930475,0.9801541613175959,1.8565317392349243,0.01370949950069189,0.007384468151533766,0.3
5,octanol_gsolv_eV,180,0.36191293597221375,0.007166796829551458,0.6722287375189668,0.9087407366226739,1.4432117938995361,0.2855040729045868,0.19782548487437118,0.26
5,octanol_gsolv_eV,181,0.20549318194389343,0.0033417462836951017,0.6775641135545885,0.9643811077637772,0.5879378914833069,0.042354706674814224,0.07203942336146706,0.1
5,octanol_gsolv_eV,182,0.1454053670167923,0.004948845133185387,0.6683583031873868,0.9603463245026669,0.9361268877983093,0.01596204936504364,0.01705116002231815,0.14
5,octanol_gsolv_eV,183,0.1411290168762207,0.006909230258315802,0.6756095496557355,0.9623543138236901,1.3992582559585571,0.007956083863973618,0.005685929548811795,0.14
5,octanol_gsolv_eV,184,0.18829455971717834,0.004537948407232761,0.669000419074331,0.9430750168410482,0.8633460998535156,0.07707685977220535,0.08927689577248686,0.14
5,octanol_gsolv_eV,185,0.6780609488487244,0.012276598252356052,0.6817475074317045,0.9387478044787152,2.6880719661712646,0.6338789463043213,0.2358117469627058,0.58
5,octanol_gsolv_eV,186,0.27185383439064026,0.011012985371053219,0.6526339069442633,0.9163670856479433,2.1688621044158936,0.28235557675361633,0.13018604372252557,0.08
5,octanol_gsolv_eV,187,0.48054516315460205,0.008150785230100155,0.6820709771985705,0.9299122282775933,1.6958833932876587,0.5731212496757507,0.33794850043592406,0.32
5,octanol_gsolv_eV,188,0.6267364621162415,0.0023599262349307537,0.6862410806260908,0.9301039276523864,0.3472633361816406,0.3340812921524048,0.9620402079465689,0.3
5,octanol_gsolv_eV,189,0.27847763895988464,0.011050979606807232,0.6692768703531202,0.9211762686252671,2.2776193618774414,0.37353095412254333,0.1640006053577986,0.26
5,octanol_gsolv_eV,190,0.3071264922618866,0.005087779834866524,0.6463405263989364,0.9302720389173755,0.8902861475944519,0.19238299131393433,0.21609118802280824,0.16
5,octanol_gsolv_eV,191,0.22678372263908386,0.008545693010091782,0.6742954288076612,0.9688386434285909,1.747940182685852,0.07060985267162323,0.040396034927880346,0.24
5,octanol_gsolv_eV,192,0.32948100566864014,0.004971448797732592,0.6729586939874757,0.9345532257247349,0.949063241481781,0.16164085268974304,0.17031620826170837,0.1
5,octanol_gsolv_eV,193,0.18470066785812378,0.009883611463010311,0.6751111135398054,0.9443434444001684,2.026644468307495,0.12292327731847763,0.060653597234612215,0.1
5,octanol_gsolv_eV,194,0.15366682410240173,0.009940755553543568,0.6571198216004199,0.9536612124018047,1.8898980617523193,0.022953633219003677,0.012145434552020757,0.12
5,octanol_gsolv_eV,195,0.7125532627105713,0.008276959881186485,0.702342891909691,0.9614618499747196,1.7435413599014282,0.9062814116477966,0.5197934689080353,0.52
5,octanol_gsolv_eV,196,0.11042362451553345,0.014500793069601059,0.6747069681939846,0.9579633451252667,2.982543468475342,0.01220075786113739,0.004090722562838068,0.06
5,octanol_gsolv_eV,197,0.07093927264213562,0.0065134447067976,0.6528613782343593,0.9793207603468266,1.2373936176300049,0.0029675988480448723,0.0023982658434336768,0.1
5,octanol_gsolv_eV,198,0.4461766481399536,0.002649324480444193,0.6712413504630008,0.9404137815298383,0.45563650131225586,0.07709153741598129,0.16919526243826782,0.38
5,octanol_gsolv_eV,199,0.6613500714302063,0.005930494051426649,0.7045457347154223,0.9360760109613577,1.20176362991333,0.8958032131195068,0.7454071589636235,0.42
5,octanol_gsolv_eV,200,0.16816572844982147,0.006308875046670437,0.6622068979782127,0.9485960508177402,1.1901556253433228,0.05022357404232025,0.04219916536363244,0.18
5,octanol_gsolv_eV,201,0.4120118021965027,0.007500891108065844,0.6736745288980277,0.9185065204018712,1.4797236919403076,0.4065576195716858,0.2747523891021719,0.34
5,octanol_gsolv_eV,202,0.32617616653442383,0.008606023155152798,0.6681309511542217,0.9158927969840811,1.8047322034835815,0.2391095906496048,0.13249034410094965,0.32
5,octanol_gsolv_eV,203,0.20434075593948364,0.008690575137734413,0.6668712669461847,0.9293196450219512,1.787124752998352,0.07862554490566254,0.04399555474442866,0.18
5,octanol_gsolv_eV,204,0.2391710877418518,0.008430601097643375,0.6746191101463119,0.9564378416220469,1.7032371759414673,0.013660731725394726,0.008020451830405671,0.22
5,octanol_gsolv_eV,205,0.4445514380931854,0.005274124443531036,0.6852908819674619,0.9707722965358621,1.0574454069137573,0.11724071204662323,0.1108716452689506,0.36
5,octanol_gsolv_eV,206,0.1645703762769699,0.0048589278012514114,0.6729284340183064,0.9542306278704162,0.9503627419471741,0.03204996883869171,0.03372393237241745,0.1
5,octanol_gsolv_eV,207,0.28033098578453064,0.012079776264727116,0.6671305944825245,0.9258186997192568,2.4094176292419434,0.2995474338531494,0.12432358351565384,0.1
5,octanol_gsolv_eV,208,0.19780482351779938,0.01221876498311758,0.6740935497163698,0.9497251774291238,2.5222620964050293,0.028472326695919037,0.011288409216671232,0.16
5,octanol_gsolv_eV,209,0.28995227813720703,0.0069560641422867775,0.6672144424238626,0.920887168643961,1.3700830936431885,0.14422449469566345,0.10526696910926478,0.06
5,octanol_gsolv_eV,210,0.18327030539512634,0.008549021556973457,0.6664336232258936,0.9623057016248202,1.6401448249816895,0.027455808594822884,0.01673986844126975,0.2
5,octanol_gsolv_eV,211,0.22765202820301056,0.014477618969976902,0.6680126987654509,0.9100960184746607,3.0393242835998535,0.3134588301181793,0.10313438148393651,0.16
5,octanol_gsolv_eV,212,0.34673622250556946,0.007193838246166706,0.6723578622726774,0.939304418444527,1.445157766342163,0.23130497336387634,0.16005517096540403,0.22
5,octanol_gsolv_eV,213,0.17325818538665771,0.0036924174055457115,0.6640362772393187,0.9654131324617172,0.6801647543907166,0.024515705183148384,0.03604377472500653,0.16
5,octanol_gsolv_eV,214,0.19748641550540924,0.0051838671788573265,0.6797622123183424,0.9502410296037829,1.0153868198394775,0.08452466875314713,0.0832438112270451,0.08
5,octanol_gsolv_eV,215,0.22556716203689575,0.010283864103257656,0.6642729165607277,0.957647812617,2.09698748588562,0.05823688581585884,0.027771689725303094,0.2
5,octanol_gsolv_eV,216,0.25789034366607666,0.011143611744046211,0.6749495028893713,0.9566012543071665,2.315415382385254,0.02337285876274109,0.010094456027437828,0.26
5,octanol_gsolv_eV,217,0.22262506186962128,0.010835966095328331,0.6697440205609657,0.9510263511308068,2.295795202255249,0.047443799674510956,0.02066551913163032,0.24
5,octanol_gsolv_eV,218,0.2298974096775055,0.006915786769241095,0.6772368200248697,0.9604865673694192,1.3926068544387817,0.03160736337304115,0.022696544449925797,0.2
5,octanol_gsolv_eV,219,0.2718868553638458,0.004950615577399731,0.6675805457206692,0.9576396979850115,0.9296013712882996,0.05696522817015648,0.061279199804977175,0.3
5,octanol_gsolv_eV,220,0.155074343085289,0.007864064536988735,0.6724398654077446,0.9553339142564929,1.5791095495224,0.010897466912865639,0.006901020208611598,0.08
5,octanol_gsolv_eV,221,0.44715598225593567,0.010098632425069809,0.6641143064640533,0.9143109580097524,2.112945795059204,0.6319405436515808,0.29908033851567595,0.38
5,octanol_gsolv_eV,222,0.4671980142593384,0.0052073923870921135,0.6586275057825479,0.8992172660879947,1.038602590560913,0.23107820749282837,0.22248953506656582,0.36
5,octanol_gsolv_eV,223,0.5162570476531982,0.004330079536885023,0.6747340150418746,0.9165941595025986,0.843213677406311,0.29789361357688904,0.35328365936045647,0.28
5,octanol_gsolv_eV,224,0.23965781927108765,0.005579924210906029,0.6695641420727916,0.9513151745848782,1.0972790718078613,0.07534408569335938,0.06866446980458994,0.24
5,octanol_gsolv_eV,225,0.36210528016090393,0.008081858977675438,0.675296744689565,0.9232345222605769,1.6525710821151733,0.25192081928253174,0.15244174487193074,0.2
5,octanol_gsolv_eV,226,0.2500167489051819,0.005448799580335617,0.679237565846712,0.9764939755378215,1.0655725002288818,0.11943942308425903,0.11208943836163546,0.26
5,octanol_gsolv_eV,227,0.19972902536392212,0.007533102296292782,0.6655980794068848,0.966611294528924,1.4273064136505127,0.026316912844777107,0.01843816618007646,0.12
5,octanol_gsolv_eV,228,0.25238797068595886,0.002436887240037322,0.6436069049735391,0.9477836817177829,0.5475056767463684,0.08645980060100555,0.15791580667218907,0.16
5,octanol_gsolv_eV,229,0.17374233901500702,0.00897707138210535,0.673339210734655,0.9461665521218792,1.8193336725234985,0.011611349880695343,0.006382199184270509,0.08
5,octanol_gsolv_eV,230,0.27267420291900635,0.011150424368679523,0.6723411426493862,0.9379426046229873,2.32680344581604,0.2619759738445282,0.11259050450333584,0.18
5,octanol_gsolv_eV,231,0.3676961362361908,0.0070736464112997055,0.6748951426497951,0.9466434787242337,1.435968041419983,0.34694236516952515,0.24160869543199925,0.28
5,octanol_gsolv_eV,232,0.23458115756511688,0.005696405656635761,0.6775959669489369,0.9664379166365136,1.1213785409927368,0.12608571350574493,0.11243813654051509,0.24
5,octanol_gsolv_eV,233,0.25063595175743103,0.007692683022469282,0.6753963900148905,0.9505522701042575,1.5514808893203735,0.042927905917167664,0.02766898787646185,0.2
5,octanol_gsolv_eV,234,0.09914889186620712,0.009466198273003101,0.6736122630016121,0.953536360834675,1.9154831171035767,0.012864388525485992,0.00671600204179214,0.06
5,octanol_gsolv_eV,235,0.48499882221221924,0.006734821479767561,0.6786451408697307,0.9149204693777235,1.3718767166137695,0.40134158730506897,0.2925493103314038,0.36
5,octanol_gsolv_eV,236,0.14435113966464996,0.005654971580952406,0.6676355329203554,0.9517346917100731,1.0838738679885864,0.03491346165537834,0.03221173854866477,0.08
5,octanol_gsolv_eV,237,0.2626246213912964,0.017726998776197433,0.6690357436422967,0.9613299750854398,3.6378660202026367,0.06478466838598251,0.017808426155940145,0.26
5,octanol_gsolv_eV,238,0.384479284286499,0.009410843253135681,0.6721302782908287,0.9404150033905099,1.9414528608322144,0.2906961143016815,0.14973122457223764,0.24
5,octanol_gsolv_eV,239,0.31583505868911743,0.004398088436573744,0.681311572577938,0.9694154139918989,0.8644489645957947,0.10872374475002289,0.1257723118459176,0.3
5,octanol_gsolv_eV,240,0.31071650981903076,0.004359908401966095,0.671181812102829,0.9409225533839816,0.8344353437423706,0.16104303300380707,0.19299641872975196,0.14
5,octanol_gsolv_eV,241,0.3743005096912384,0.009072606451809406,0.673176182021276,0.9251065203904423,1.8885302543640137,0.38466304540634155,0.2036838141816699,0.3
5,octanol_gsolv_eV,242,0.30686017870903015,0.010195750743150711,0.657250385286849,0.9093504177793743,1.9792838096618652,0.2265569269657135,0.11446409345631832,0.28
5,octanol_gsolv_eV,243,0.30063506960868835,0.011836501769721508,0.6761980796640621,0.955163813515864,2.496774435043335,0.14402341842651367,0.057683792498465704,0.22
5,octanol_gsolv_eV,244,0.2006842941045761,0.010782632045447826,0.6717939400717212,0.9429298007254627,2.2094993591308594,0.04421456158161163,0.020011122157104454,0.16
5,octanol_gsolv_eV,245,0.317376971244812,0.010196948423981667,0.668440538978669,0.9020729826229337,2.1709842681884766,0.7496646046638489,0.34531093368511034,0.22
5,octanol_gsolv_eV,246,0.3608946204185486,0.00591736426576972,0.670549461351833,0.9043523256725887,1.1573840379714966,0.3388991951942444,0.2928148169281998,0.22
5,octanol_gsolv_eV,247,0.1331547498703003,0.003168458119034767,0.6616098664746564,0.9812219235318744,0.5113942623138428,0.03378525748848915,0.066064991295806,0.14
5,octanol_gsolv_eV,248,0.3274405598640442,0.005377181340008974,0.664873219745677,0.9406735057212308,1.0114567279815674,0.21429407596588135,0.2118667759455416,0.16
5,octanol_gsolv_eV,249,0.3640157878398895,0.009289409033954144,0.6730488774882271,0.9281006585581797,1.9033029079437256,0.3023076057434082,0.15883315497584816,0.26
5,octanol_hl_gap_eV,0,0.04688150808215141,0.0011308296816423535,0.6624900085425698,0.9738376656867096,0.32152262330055237,0.00036212895065546036,0.001126293841901601,0.06
5,octanol_hl_gap_eV,1,0.21786633133888245,0.001500735990703106,0.6579720105596831,0.926216672091478,0.3911359906196594,0.03534180298447609,0.09035681663680613,0.14
5,octanol_hl_gap_eV,2,0.12718471884727478,0.0014251598622649908,0.6590923951083374,0.9680379491398432,0.39449524879455566,0.0020601549185812473,0.00522225533736182,0.08
5,octanol_hl_gap_eV,3,0.06951168924570084,0.0007857572636567056,0.6430188871045863,0.9691048936235314,0.27794888615608215,0.0016897760797291994,0.006079449006247522,0.18
5,octanol_hl_gap_eV,4,0.11390858143568039,0.0010238188551738858,0.6512016082026755,0.9563517791997813,0.337678462266922,0.001332854968495667,0.003947112763863796,0.02
5,octanol_hl_gap_eV,5,0.07505620270967484,0.0012699962826445699,0.6750599080237794,0.9834432283600612,0.3941470682621002,0.0015369816683232784,0.0038995131312285066,0.12
5,octanol_hl_gap_eV,6,0.04722199961543083,0.0007342781173065305,0.6424964894651519,0.9764469657397974,0.24392016232013702,0.00039095571264624596,0.001602801953424128,0.02
5,octanol_hl_gap_eV,7,0.09925498813390732,0.0007134476327337325,0.6633762803714816,0.9620417675876161,0.250108927488327,0.001648642006330192,0.006591695957782782,0.04
5,octanol_hl_gap_eV,8,0.15421850979328156,0.0016770828515291214,0.6325858945708529,0.9150579703222081,0.3669295608997345,0.040937475860118866,0.11156766917262699,0.14
5,octanol_hl_gap_eV,9,0.44571635127067566,0.0004973244504071772,0.6878090365182556,0.9219978346445183,0.28072524070739746,0.028303062543272972,0.10082122459652111,0.26
5,octanol_hl_gap_eV,10,0.0674099251627922,0.001468256814405322,0.6575050901526518,0.956084342336603,0.3788713216781616,0.0014658328145742416,0.003868946343263788,0.18
5,octanol_hl_gap_eV,11,0.13153789937496185,0.0012477473355829716,0.6653295568313811,0.951399022643862,0.28095901012420654,0.009882993064820766,0.03517592498796065,0.0
5,octanol_hl_gap_eV,12,0.09275338053703308,0.0019615190103650093,0.6350292244094871,0.9773798274138152,0.34161126613616943,0.0029450710862874985,0.008621118148701704,0.06
5,octanol_hl_gap_eV,13,0.07922137528657913,0.0011266755172982812,0.6531041792464698,0.9683672886415575,0.27047425508499146,0.0010785401100292802,0.003987588799127552,0.0
5,octanol_hl_gap_eV,14,0.3212239444255829,0.0012259422801434994,0.6481473834411573,0.9060344054590583,0.3142077624797821,0.05396272987127304,0.171742191998663,0.12
5,octanol_hl_gap_eV,15,0.06345571577548981,0.0019708266481757164,0.6417651028003704,0.9727734997577415,0.27137625217437744,0.0009303541155532002,0.003428281244577677,0.08
5,octanol_hl_gap_eV,16,0.13242226839065552,0.0015972787514328957,0.6386573110635976,0.9766988841850539,0.31506651639938354,0.00947733037173748,0.030080411209815323,0.18
5,octanol_hl_gap_eV,17,0.025469087064266205,0.0007362288888543844,0.6721914128379132,0.983789954179793,0.2926282584667206,0.0007714712992310524,0.002636352699747173,0.12
5,octanol_hl_gap_eV,18,0.06349428743124008,0.0017183860763907433,0.6515465932006268,0.9463083686308869,0.3979872167110443,0.007793516851961613,0.019582329594319704,0.02
5,octanol_hl_gap_eV,19,0.07236349582672119,0.0011077142553403974,0.6487937415512959,0.9796791856040818,0.2700561583042145,0.001507180160842836,0.005580987933424642,0.06
5,octanol_hl_gap_eV,20,0.03716026991605759,0.000813418417237699,0.6781818422024262,0.965774766295495,0.2501235902309418,0.0006860439898446202,0.0027428200163414755,0.1
5,octanol_hl_gap_eV,21,0.02477651834487915,0.0017460170201957226,0.6474343357298618,0.9620991593823052,0.23876874148845673,0.00044351769611239433,0.001857519930571968,0.1
5,octanol_hl_gap_eV,22,0.6282411813735962,0.0013860160252079368,0.6953222934401375,0.9848678086182068,0.3575454354286194,0.005144092720001936,0.014387242040540345,0.48
5,octanol_hl_gap_eV,23,0.045351844280958176,0.0006887142662890255,0.6793415987702232,0.9663356186407341,0.27221065759658813,0.000256641476880759,0.0009428046614585443,0.02
5,octanol_hl_gap_eV,24,0.40713539719581604,0.0006253612809814513,0.6771521960459932,0.9312363483140422,0.3023819923400879,0.03266999125480652,0.10804211918169618,0.26
5,octanol_hl_gap_eV,25,0.09023080766201019,0.0011242915643379092,0.645545845832806,0.9720035334959778,0.19772198796272278,0.0090861264616251,0.04595405172305944,0.06
5,octanol_hl_gap_eV,26,0.015767542645335197,0.001216972479596734,0.6527971917743305,0.9713579865593989,0.22929617762565613,0.000529932789504528,0.0023111278826884094,0.0
5,octanol_hl_gap_eV,27,0.04768316075205803,0.0009626139071770012,0.6853305231452038,0.957546816317935,0.3040957748889923,0.0005094022490084171,0.001675137542421858,0.1
5,octanol_hl_gap_eV,28,0.032976169139146805,0.0013664711732417345,0.6433472753999996,0.9704763772187364,0.26506978273391724,0.0006664334796369076,0.002514181257340403,0.04
5,octanol_hl_gap_eV,29,0.28584378957748413,0.0015597339952364564,0.6299813175785105,0.9137925721710847,0.36814895272254944,0.04950132220983505,0.13446003810077675,0.18
5,octanol_hl_gap_eV,30,0.0649767592549324,0.0010722920997068286,0.6724886733690456,0.9625972104766376,0.32834717631340027,0.0006986152729950845,0.0021276725472073846,0.1
5,octanol_hl_gap_eV,31,0.20686867833137512,0.0014703236520290375,0.6362754730699351,0.9850639712788538,0.3164269030094147,0.001275022397749126,0.004029437401254059,0.12
5,octanol_hl_gap_eV,32,0.2210124433040619,0.0007536100456491113,0.6642008605851621,0.9719481001118357,0.2507488429546356,0.0018400033004581928,0.00733803306438817,0.1
5,octanol_hl_gap_eV,33,0.3939797580242157,0.0012397303944453597,0.629500743770482,0.9057569278765385,0.3144413232803345,0.0721396803855896,0.22942175549005298,0.24
5,octanol_hl_gap_eV,34,0.10228468477725983,0.0007972237071953714,0.6613117290930652,0.9554884852177958,0.27593794465065,0.004427359905093908,0.016044766553215968,0.14
5,octanol_hl_gap_eV,35,0.06804152578115463,0.0007959074573591352,0.6413837227262995,0.9595755799043315,0.26068177819252014,0.00030115447589196265,0.0011552571030475033,0.12
5,octanol_hl_gap_eV,36,0.27372992038726807,0.0015778123633936048,0.6426731391698188,0.9170753426421641,0.29829657077789307,0.043716978281736374,0.14655541687164533,0.08
5,octanol_hl_gap_eV,37,0.03300636634230614,0.0008518723188899457,0.660946029370951,0.9709825127437424,0.26200947165489197,0.0007835174328647554,0.0029904164453137486,0.02
5,octanol_hl_gap_eV,38,0.07040760666131973,0.0005883480771444738,0.6628998725558974,0.96135634463222,0.2760733366012573,0.0004339606093708426,0.0015719033743473298,0.02
5,octanol_hl_gap_eV,39,0.05060502141714096,0.0015414360677823424,0.6525931292147924,0.9829405559499031,0.2961896061897278,0.0009158742032013834,0.003092188868419337,0.02
5,octanol_hl_gap_eV,40,0.06157677620649338,0.0016381526365876198,0.6430533394500741,0.9721657420159779,0.2922018766403198,0.005083244759589434,0.017396345355600005,0.12
5,octanol_hl_gap_eV,41,0.05891280621290207,0.0019539727363735437,0.6742852927086067,0.9671266541610015,0.40338218212127686,0.0006702122045680881,0.001661481925264088,0.0
5,octanol_hl_gap_eV,42,0.2298521101474762,0.0019834060221910477,0.6472974719488429,0.9162600944912851,0.38277602195739746,0.05908902734518051,0.15436972003370958,0.22
5,octanol_hl_gap_eV,43,0.12093953043222427,0.00118975096847862,0.6529307539374678,0.980809156122922,0.2707052230834961,0.001293860492296517,0.0047795919028035885,0.08
5,octanol_hl_gap_eV,44,0.10200680792331696,0.0012041727313771844,0.6462505876360707,0.9729033982793307,0.29819828271865845,0.0008633356774225831,0.0028951732033853316,0.12
5,octanol_hl_gap_eV,45,0.12274771928787231,0.0015131658874452114,0.6411433858544866,0.9750157377080604,0.2977323830127716,0.0012414469383656979,0.004169673872231911,0.02
5,octanol_hl_gap_eV,46,0.1086268350481987,0.0009589511319063604,0.6710427660980289,0.9774058133816788,0.32313549518585205,0.0005517875542864203,0.0017076042790317993,0.1
5,octanol_hl_gap_eV,47,0.09255269914865494,0.0013575294287875295,0.646608950132564,0.9724280003002481,0.3195185959339142,0.001961692236363888,0.006139524463764304,0.06
5,octanol_hl_gap_eV,48,0.22160542011260986,0.0009835450910031796,0.6653458852143557,0.9232573811250904,0.32534801959991455,0.021466262638568878,0.06597938621223597,0.04
5,octanol_hl_gap_eV,49,0.13930746912956238,0.000646875414531678,0.6572817505495332,0.9649545930493983,0.31719914078712463,0.0034284789580851793,0.010808601024509283,0.18
5,octanol_hl_gap_eV,50,0.08311665803194046,0.0004571418685372919,0.673581570746105,0.9384082373004594,0.278260737657547,0.00782066211104393,0.028105517784793446,0.06
5,octanol_hl_gap_eV,51,0.15233226120471954,0.0007363815675489604,0.6725307510184706,0.968332121299365,0.314606636762619,0.0008398758945986629,0.0026696064114895856,0.22
5,octanol_hl_gap_eV,52,0.028810229152441025,0.0005617084098048508,0.6795896882058803,0.9547444238970033,0.264293909072876,0.000482327479403466,0.0018249663077572846,0.04
5,octanol_hl_gap_eV,53,0.06342081725597382,0.0016441697953268886,0.659963931000932,0.9654714136360893,0.3539147973060608,0.0007640818948857486,0.002158943058334407,0.08
5,octanol_hl_gap_eV,54,0.22880585491657257,0.0015694329049438238,0.6603134455632664,0.9811962765266875,0.40104684233665466,0.0026520509272813797,0.006612820866085121,0.1
5,octanol_hl_gap_eV,55,0.036736443638801575,0.0005566981271840632,0.6682260726397211,0.9744473980753365,0.2647305130958557,0.000275143189355731,0.0010393331170559285,0.04
5,octanol_hl_gap_eV,56,0.06903479993343353,0.0013431761180981994,0.6371339361810024,0.941077490779078,0.3171565532684326,0.0015298547223210335,0.00482365792715059,0.08
5,octanol_hl_gap_eV,57,0.521514356136322,0.0005315681337378919,0.7031697768584635,0.9358479164115361,0.2824099659919739,0.04878033325076103,0.1727287954566992,0.26
5,octanol_hl_gap_eV,58,0.19286692142486572,0.0016357061685994267,0.6596324671971354,0.9101385076989428,0.4466650187969208,0.06440962851047516,0.14420119284013022,0.04
5,octanol_hl_gap_eV,59,0.07349860668182373,0.0010127776768058538,0.6381184759841327,0.9686485946233778,0.25762370228767395,0.0012636876199394464,0.00490516830834283,0.06
5,octanol_hl_gap_eV,60,0.07210501283407211,0.0013454259606078267,0.6599579053514757,0.972107474287822,0.36489665508270264,0.0012660820502787828,0.0034697003456823396,0.04
5,octanol_hl_gap_eV,61,0.46251341700553894,0.0005697588203474879,0.6960850129528067,0.9174994025193641,0.26735919713974,0.047352924942970276,0.17711350665906,0.2
5,octanol_hl_gap_eV,62,0.029249543324112892,0.0006996956653892994,0.6752005655699302,0.9621238956301963,0.2598375082015991,0.0004968608263880014,0.0019121982419970868,0.02
5,octanol_hl_gap_eV,63,0.18524883687496185,0.0014083472779020667,0.6383292069607986,0.9164865562810849,0.13893279433250427,0.13574089109897614,0.9770255593802495,0.14
5,octanol_hl_gap_eV,64,0.21951428055763245,0.0007354767876677215,0.6601629641457818,0.9817414665457984,0.28676483035087585,0.0006176747847348452,0.0021539419041696254,0.1
5,octanol_hl_gap_eV,65,0.1328532099723816,0.0006858932902105153,0.6729549999837254,0.9705329019465465,0.28867852687835693,0.0003096250002272427,0.001072559859492813,0.24
5,octanol_hl_gap_eV,66,0.13192014396190643,0.001954334322363138,0.6540386456110228,0.9383193244288015,0.31471115350723267,0.020688794553279877,0.06573899374940459,0.06
5,octanol_hl_gap_eV,67,0.2137044221162796,0.0013932277215644717,0.6582633386799053,0.9683434333870353,0.177260160446167,0.027728278189897537,0.15642701732924627,0.32
5,octanol_hl_gap_eV,68,0.14870479702949524,0.0012617335887625813,0.6535388085922467,0.9652470882028878,0.22992892563343048,0.0013094155583530664,0.005694870946514283,0.1
5,octanol_hl_gap_eV,69,0.40912097692489624,0.00047329041990451515,0.6865949930464013,0.9108378714036449,0.27297115325927734,0.028583817183971405,0.10471369169481992,0.18
5,octanol_hl_gap_eV,70,0.12236464768648148,0.0014212350361049175,0.637887210918568,0.9554836516412626,0.2788609266281128,0.0009569068788550794,0.003431484254268453,0.16
5,octanol_hl_gap_eV,71,0.10996288806200027,0.0020355009473860264,0.6488704859822272,0.9589011443577502,0.3565358519554138,0.0013101258082315326,0.0036745976626086085,0.16
5,octanol_hl_gap_eV,72,0.0018495122203603387,0.001500588026829064,0.6464057266352978,0.9431150177019569,0.15876999497413635,0.02700679935514927,0.17010014618661845,0.04
5,octanol_hl_gap_eV,73,0.03536476939916611,0.0015620895428583026,0.6581249412838659,0.9672924955708717,0.4185938537120819,0.0003896592534147203,0.0009308766718842856,0.02
5,octanol_hl_gap_eV,74,0.3520776927471161,0.0015039477730169892,0.6463403902804963,0.9128857701574833,0.40598008036613464,0.060312505811452866,0.1485602588113678,0.18
5,octanol_hl_gap_eV,75,0.05190310999751091,0.0008030711906030774,0.6669283627686347,0.9625161232455879,0.28383660316467285,0.00035985265276394784,0.00126781623212695,0.04
5,octanol_hl_gap_eV,76,0.16431936621665955,0.0008092401549220085,0.661296229358433,0.9557356089293472,0.2912401258945465,0.0010795731795951724,0.0037068146989679197,0.14
5,octanol_hl_gap_eV,77,0.020809713751077652,0.0015150310937315226,0.6520720959037389,0.9430221104226768,0.24742022156715393,0.004623519256711006,0.018686909369920304,0.0
5,octanol_hl_gap_eV,78,0.2636188864707947,0.0010309739736840129,0.6186513617722382,0.9243624785690201,0.30174723267555237,0.06696946918964386,0.221938967246972,0.24
5,octanol_hl_gap_eV,79,0.1912819743156433,0.0007094384636729956,0.6456063247234909,0.9727831794068547,0.26832616329193115,0.0004402732301969081,0.0016408136455851438,0.06
5,octanol_hl_gap_eV,80,0.19899587333202362,0.001008354825899005,0.6548511204862031,0.9600087448986643,0.3197559416294098,0.0010744259925559163,0.003360143949416123,0.2
5,octanol_hl_gap_eV,81,0.14923271536827087,0.0009158698958344758,0.6668833003722365,0.9743690259704694,0.2778422236442566,0.0017514287028461695,0.006303680844019815,0.2
5,octanol_hl_gap_eV,82,0.26472941040992737,0.0007732342928647995,0.6630151083371418,0.9176071764727542,0.3040737509727478,0.01923615112900734,0.06326146557363103,0.2
5,octanol_hl_gap_eV,83,0.12834645807743073,0.0011401479132473469,0.6753235281936827,0.974440039513871,0.35562098026275635,0.001021966221742332,0.00287375120834332,0.28
5,octanol_hl_gap_eV,84,-0.009011071175336838,0.0015448351623490453,0.64779588291714,0.9608522002549889,0.1759103238582611,0.01140058133751154,0.06480905206392265,0.08
5,octanol_hl_gap_eV,85,0.16796110570430756,0.0010988684371113777,0.6664301474954759,0.9622884019087972,0.2613268196582794,0.0015727789141237736,0.006018436669379734,0.12
5,octanol_hl_gap_eV,86,0.11396847665309906,0.0010311665246263146,0.655231672118872,0.9776236400848943,0.3545677363872528,0.0008357703336514533,0.002357152802923499,0.22
5,octanol_hl_gap_eV,87,0.24779625236988068,0.000713624176569283,0.667526466077742,0.9313578596599159,0.2698402404785156,0.010352916084229946,0.038366835375890626,0.08
5,octanol_hl_gap_eV,88,0.23687821626663208,0.0030591455288231373,0.6628686970056814,0.9821348563661172,0.4448365569114685,0.0020516193471848965,0.004612074514355191,0.2
5,octanol_hl_gap_eV,89,0.010746118612587452,0.001574469031766057,0.6599507497525852,0.9493929696996046,0.3458026647567749,0.00994042120873928,0.028745935823632284,0.04
5,octanol_hl_gap_eV,90,0.045669231563806534,0.0008481299737468362,0.6732527461476565,0.9377313811785304,0.27120494842529297,0.010595106519758701,0.03906678908802162,0.02
5,octanol_hl_gap_eV,91,0.11701130121946335,0.0010992835741490126,0.6391253319198045,0.9122442706944573,0.333073228597641,0.03745841979980469,0.11246301588848258,0.12
5,octanol_hl_gap_eV,92,0.06384177505970001,0.0010452346177771688,0.6442481106294009,0.9584543480271415,0.2251063585281372,0.0002369308494962752,0.001052528462747355,0.04
5,octanol_hl_gap_eV,93,0.15467223525047302,0.0014234386617317796,0.6440277762819826,0.9204440190435792,0.29490014910697937,0.01624312251806259,0.05508007563661882,0.18
5,octanol_hl_gap_eV,94,0.07401437312364578,0.002353849122300744,0.6310177924815235,0.9774128148350743,0.46501103043556213,0.0037653131876140833,0.008097255637328054,0.1
5,octanol_hl_gap_eV,95,0.3584272563457489,0.0013685700250789523,0.6530663529543301,0.9913601107757735,0.2563468813896179,0.004256168846040964,0.016603162179968458,0.22
5,octanol_hl_gap_eV,96,0.06495220214128494,0.0006866824114695191,0.6744010611796127,0.9752035847571661,0.3002671003341675,0.0011585730826482177,0.00385847494233914,0.06
5,octanol_hl_gap_eV,97,0.06474939733743668,0.0013590058078989387,0.6352908531352783,0.9783382358902044,0.26302897930145264,0.0012922064634039998,0.004912791232493914,0.08
5,octanol_hl_gap_eV,98,0.07525105029344559,0.000954791612457484,0.6736106179576056,0.9698118764044132,0.3324129283428192,0.001138642430305481,0.0034253855166884273,0.24
5,octanol_hl_gap_eV,99,0.1432749330997467,0.0010429957183077931,0.6503218029348075,0.9706293933974179,0.23496127128601074,0.001758942031301558,0.007486093438609526,0.24
5,octanol_hl_gap_eV,100,0.21842896938323975,0.0015245007816702127,0.6677512992438119,0.9855844974178265,0.013407993130385876,0.02237847074866295,1.6690395446241482,0.2
5,octanol_hl_gap_eV,101,0.10465919226408005,0.0011639897711575031,0.6382424762739867,0.9859175330417387,0.21121971309185028,0.0062204161658883095,0.029449979241205203,0.02
5,octanol_hl_gap_eV,102,0.11601056158542633,0.0006537770968861878,0.6863346218189195,0.9791248794897167,0.2872946262359619,0.0007713488303124905,0.0026848703730328856,0.26
5,octanol_hl_gap_eV,103,0.09225703775882721,0.001873806118965149,0.6829706526377759,0.9732020482337007,0.4123365581035614,0.0016229350585490465,0.003935947532795368,0.2
5,octanol_hl_gap_eV,104,0.03934703394770622,0.00062241789419204,0.684200810762654,0.9685352384879709,0.2895146310329437,0.00023086543660610914,0.0007974223471277314,0.06
5,octanol_hl_gap_eV,105,0.014846899546682835,0.0011811091098934412,0.624618808311042,0.9736276853265247,0.310489296913147,0.001974628306925297,0.006359730678502772,0.02
5,octanol_hl_gap_eV,106,0.10156403481960297,0.0016608164878562093,0.6504420751546769,0.956985730051418,0.4115457236766815,0.001986899645999074,0.00482789525365114,0.1
5,octanol_hl_gap_eV,107,0.17935411632061005,0.0018079110886901617,0.6294972815459459,0.911741079130505,0.37083694338798523,0.04507565498352051,0.12155114474762688,0.06
5,octanol_hl_gap_eV,108,0.06889885663986206,0.004336695186793804,0.6599001772550426,0.9739981156313211,0.9863650798797607,0.0011486969888210297,0.0011645758880282516,0.08
5,octanol_hl_gap_eV,109,-0.014845207333564758,0.0011701483745127916,0.659729688643999,0.9717412528346978,0.2351662665605545,0.009376163594424725,0.03987035951863613,0.04
5,octanol_hl_gap_eV,110,0.17920535802841187,0.0005305982776917517,0.6638554532980743,0.902867329941484,0.25192195177078247,0.02096184343099594,0.08320768906263716,0.12
5,octanol_hl_gap_eV,111,0.02267211303114891,0.0006347648450173438,0.6700249162461243,0.965555197290622,0.2912597954273224,0.0002856868377421051,0.0009808660248592125,0.18
5,octanol_hl_gap_eV,112,0.32426100969314575,0.0007418725290335715,0.6685455842278294,0.9357655937073113,0.3071534335613251,0.02776387333869934,0.09039089362208322,0.12
5,octanol_hl_gap_eV,113,0.03582150861620903,0.0006005584727972746,0.6541452332071869,0.9480945740497528,0.23536767065525055,0.008669129572808743,0.0368322869010615,0.0
5,octanol_hl_gap_eV,114,0.022682087495923042,0.0006219793576747179,0.6866260875996388,0.973193725362667,0.2687259912490845,0.0003126748197246343,0.0011635451348463472,0.14
5,octanol_hl_gap_eV,115,0.2372591495513916,0.0015024555614218116,0.667114188883184,0.9731275231005816,0.04539218544960022,0.022380247712135315,0.4930418637142844,0.2
5,octanol_hl_gap_eV,116,0.126009002327919,0.0012085615890100598,0.6514581701984339,0.9663036003908363,0.3228163719177246,0.007224125321954489,0.02237843539049402,0.14
5,octanol_hl_gap_eV,117,0.05613536387681961,0.0015907221240922809,0.6620920161021884,0.9761366022187514,0.37485578656196594,0.000607533729635179,0.0016207132220293205,0.06
5,octanol_hl_gap_eV,118,0.08648835122585297,0.001727604423649609,0.6925960122385333,0.9781243714884758,0.4742695987224579,0.001450088107958436,0.0030575185756467308,0.2
5,octanol_hl_gap_eV,119,0.21133628487586975,0.0015777689404785633,0.6412586099951723,0.9114826572325203,0.19498354196548462,0.12299894541501999,0.6308170637129614,0.16
5,octanol_hl_gap_eV,120,0.08692029118537903,0.0017851151060312986,0.6347203616566186,0.9847498435437403,0.35719871520996094,0.0012135256547480822,0.003397340480451542,0.2
5,octanol_hl_gap_eV,121,0.06325642764568329,0.002235352760180831,0.6471795560479607,0.9746003254937285,0.5531585216522217,0.0005653213011100888,0.0010219878732438909,0.16
5,octanol_hl_gap_eV,122,0.039838939905166626,0.0019356474513188004,0.6399210789293868,0.9583609183353465,0.3897450566291809,0.0024759992957115173,0.006352869019368429,0.1
5,octanol_hl_gap_eV,123,0.10790600627660751,0.0018514296971261501,0.6615409135744614,0.981934594874194,0.34618470072746277,0.0014258123701438308,0.004118646396411132,0.06
5,octanol_hl_gap_eV,124,0.09198034554719925,0.0010901730274781585,0.657942254649581,0.9661831421081442,0.31396061182022095,0.00026203657034784555,0.0008346160648262848,0.06
5,octanol_hl_gap_eV,125,0.10006851702928543,0.0015273356111720204,0.647783187565234,0.9560192994701386,0.010531691834330559,0.12573735415935516,11.93895113313934,0.14
5,octanol_hl_gap_eV,126,0.03266464173793793,0.000598828075453639,0.6721073981588608,0.9641943113683886,0.26522159576416016,0.0004626682202797383,0.001744459077499674,0.08
5,octanol_hl_gap_eV,127,0.13647301495075226,0.0007484420202672482,0.6698867818301923,0.9678091122533532,0.3314480185508728,0.0010556880151852965,0.003185078673273959,0.16
5,octanol_hl_gap_eV,128,0.13194455206394196,0.003190022660419345,0.6451573494822542,0.9635901060688246,0.6332606673240662,0.02597859688103199,0.04102354404989067,0.1
5,octanol_hl_gap_eV,129,0.1293777972459793,0.0011069567408412695,0.6424080032871804,0.9643632706207568,0.3150976002216339,0.00133256905246526,0.004229067601682638,0.14
5,octanol_hl_gap_eV,130,0.044231805950403214,0.0008385704713873565,0.6672661828676878,0.9519874799623662,0.3060285449028015,0.0015128465602174401,0.004943481859504116,0.1
5,octanol_hl_gap_eV,131,0.13535279035568237,0.0009059600997716188,0.6432435731563302,0.9592188378493764,0.23818324506282806,0.0011849715374410152,0.004975041536311436,0.08
5,octanol_hl_gap_eV,132,0.015360437333583832,0.0008440966485068202,0.6729680649963781,0.9767604307100071,0.3018004894256592,0.0002901336411014199,0.0009613425135709957,0.02
5,octanol_hl_gap_eV,133,0.03295115754008293,0.0009080467862077057,0.6892528734832284,0.9665583780354596,0.2602238953113556,0.00047855955199338496,0.0018390300069130573,0.04
5,octanol_hl_gap_eV,134,0.06191983446478844,0.0016282559372484684,0.6684586669815775,0.9821835846592699,0.3713621199131012,0.0009381153504364192,0.002526147121994937,0.08
5,octanol_hl_gap_eV,135,0.10703502595424652,0.0009479206637479365,0.6584934118271004,0.9679781959843321,0.3040478229522705,0.00040685629937797785,0.001338132585286908,0.16
5,octanol_hl_gap_eV,136,0.4393468499183655,0.0017098376993089914,0.6684119555746881,0.9697816132627168,0.24510730803012848,0.005029317922890186,0.020518841169239983,0.36
5,octanol_hl_gap_eV,137,0.5145972967147827,0.0006948578520677984,0.6922419345506967,0.9231195644604022,0.29895374178886414,0.0377962626516819,0.12642846490403015,0.26
5,octanol_hl_gap_eV,138,0.15532338619232178,0.0012968137161806226,0.6634639151063391,0.9340682616360882,0.27484580874443054,0.03366716206073761,0.12249472609583623,0.04
5,octanol_hl_gap_eV,139,0.3609501123428345,0.0007410583784803748,0.6623944634620988,0.9189856360596682,0.2969553768634796,0.026896538212895393,0.09057434317904484,0.22
5,octanol_hl_gap_eV,140,0.39542528986930847,0.0010414371499791741,0.6544864130898647,0.9434666083504408,0.34541401267051697,0.03990349546074867,0.1155236730329518,0.24
5,octanol_hl_gap_eV,141,-0.1655682772397995,0.0016496048774570227,0.6619047867548038,0.9767556544433109,0.12047282606363297,0.021633034572005272,0.17956775215498674,0.14
5,octanol_hl_gap_eV,142,0.17835518717765808,0.002084350446239114,0.6263740670709212,0.984842394330242,0.2705792784690857,0.0024239225313067436,0.00895827110272852,0.12
5,octanol_hl_gap_eV,143,0.500128984451294,0.0012850407510995865,0.6539510382338749,0.9200193243544843,0.04574476182460785,0.18047110736370087,3.945175363589249,0.52
5,octanol_hl_gap_eV,144,0.03151648864150047,0.0007829926908016205,0.6761916510911474,0.9579110730350304,0.2758784592151642,0.0007819000747986138,0.002834219376978582,0.04
5,octanol_hl_gap_eV,145,0.14913061261177063,0.0007721811416558921,0.6492092633100823,0.9611847310403752,0.32975006103515625,0.0013164570555090904,0.003992287526426679,0.1
5,octanol_hl_gap_eV,146,0.0713939294219017,0.0007991321617737412,0.6684361239949612,0.9697806287054727,0.23586462438106537,0.0013481348287314177,0.005715714394513681,0.02
5,octanol_hl_gap_eV,147,0.13353700935840607,0.0009082197211682796,0.6581810147291653,0.9760928249628853,0.3388839066028595,0.0004237450484652072,0.0012504136083446333,0.04
5,octanol_hl_gap_eV,148,0.0922081246972084,0.0014857567148283124,0.6657201974896421,0.9638042331415708,0.40501102805137634,0.0014644104521721601,0.003615729821525742,0.02
5,octanol_hl_gap_eV,149,0.10939143598079681,0.001262184465304017,0.6594795519348609,0.962885482480329,0.2613832652568817,0.0012175015872344375,0.004657917124257759,0.08
5,octanol_hl_gap_eV,150,0.05145104601979256,0.0007244435255415738,0.6737154707637245,0.9763355021393212,0.25884854793548584,0.00034029167727567255,0.0013146362225701386,0.08
5,octanol_hl_gap_eV,151,0.07077258825302124,0.0018481037113815546,0.6365086085503946,0.9727519612497779,0.29401761293411255,0.001326677855104208,0.004512239392275822,0.04
5,octanol_hl_gap_eV,152,0.2266380488872528,0.0006771882763132453,0.6463604627327033,0.9354694744458836,0.3391433656215668,0.014894573949277401,0.04391822296738517,0.2
5,octanol_hl_gap_eV,153,0.05277680978178978,0.0007865168154239655,0.6716229553019457,0.9651881369997655,0.31015545129776,0.000764384341891855,0.002464520093693338,0.1
5,octanol_hl_gap_eV,154,0.1764838844537735,0.001510137808509171,0.6666451547580865,0.9385740380624172,0.39638492465019226,0.029932349920272827,0.07551334084334306,0.04
5,octanol_hl_gap_eV,155,0.0783393606543541,0.0017714297864586115,0.6466590719636072,0.9661997388352503,0.39160579442977905,0.002828337484970689,0.0072224096915855344,0.06
5,octanol_hl_gap_eV,156,0.04917021095752716,0.0007747822091914713,0.6706044610418618,0.967213735516788,0.26057904958724976,0.0008210517116822302,0.003150873844166498,0.02
5,octanol_hl_gap_eV,157,0.06723547726869583,0.0014468688750639558,0.6522681545079774,0.9699533757221821,0.2765369415283203,0.0005409467266872525,0.001956146342320973,0.08
5,octanol_hl_gap_eV,158,0.16626198589801788,0.0011461389949545264,0.6659483043637173,0.9781152762676337,0.32168999314308167,0.0012833940563723445,0.003989536770581219,0.18
5,octanol_hl_gap_eV,159,0.12134107947349548,0.000932093826122582,0.6644555417123608,0.9800521421166202,0.3384043574333191,0.0002215378190157935,0.0006546541560400753,0.16
5,octanol_hl_gap_eV,160,0.3669012784957886,0.0010204858845099807,0.636242119088138,0.911376367286151,0.30426764488220215,0.04750160872936249,0.15611784403745207,0.18
5,octanol_hl_gap_eV,161,0.3069390058517456,0.0016621151007711887,0.6368581057730482,0.9234450071054163,0.31401994824409485,0.057438015937805176,0.1829119973395999,0.22
5,octanol_hl_gap_eV,162,0.17039673030376434,0.0008283420465886593,0.6652278268418874,0.9696714492975336,0.3283417820930481,0.001608246355317533,0.004898086210855052,0.14
5,octanol_hl_gap_eV,163,0.20530502498149872,0.0008013969054445624,0.6699011321248076,0.9571326796861788,0.2331048995256424,0.012008477933704853,0.05151533905182407,0.18
5,octanol_hl_gap_eV,164,0.14562402665615082,0.000667473126668483,0.6632359082631039,0.9699001895751787,0.29270070791244507,0.0010381604079157114,0.0035468325830843362,0.04
5,octanol_hl_gap_eV,165,0.05343317613005638,0.00106152449734509,0.6664782556575228,0.9748978020554784,0.26876360177993774,0.00046320000546984375,0.0017234476781908493,0.06
5,octanol_hl_gap_eV,166,0.060596123337745667,0.001872004708275199,0.647681172101588,0.9736356708220468,0.22826577723026276,0.0010293247178196907,0.004509325621691249,0.12
5,octanol_hl_gap_eV,167,0.035607799887657166,0.0009159646579064429,0.6395606301260353,0.9735923467586476,0.28972452878952026,0.0005576359108090401,0.0019247107351899524,0.04
5,octanol_hl_gap_eV,168,0.18400949239730835,0.0022404096089303493,0.6723638613495597,0.9494206218857444,0.438588410615921,0.08284348249435425,0.18888662009562682,0.08
5,octanol_hl_gap_eV,169,0.33856984972953796,0.0009044964681379497,0.6593893690741717,0.9384986462860281,0.21512004733085632,0.058222558349370956,0.2706514761026628,0.2
5,octanol_hl_gap_eV,170,0.14209596812725067,0.0009213339653797448,0.667265198291314,0.9708094561567795,0.3036975860595703,0.0006310502649284899,0.0020778902892060174,0.22
5,octanol_hl_gap_eV,171,0.6766659617424011,0.0007852967246435583,0.6711884642236814,0.9055842452641816,0.24295440316200256,0.11246779561042786,0.4629172970182148,0.42
5,octanol_hl_gap_eV,172,0.158344104886055,0.0032123588025569916,0.6688160253457291,0.9755283341910452,0.6309916377067566,0.0029590690974146128,0.0046895535861123305,0.16
5,octanol_hl_gap_eV,173,0.12161885201931,0.0008145886822603643,0.6814535304441927,0.9754129496110593,0.3124479055404663,0.0010569790611043572,0.0033828969321334237,0.26
5,octanol_hl_gap_eV,174,0.1331184357404709,0.0007805475615896285,0.6459925075375936,0.9510752139224117,0.3025888502597809,0.002638378879055381,0.008719352602682683,0.14
5,octanol_hl_gap_eV,175,0.06522110104560852,0.0019845359493047,0.6649991817310443,0.9860240028219704,0.21667635440826416,0.039125632494688034,0.18057176844025655,0.04
5,octanol_hl_gap_eV,176,0.11763463169336319,0.0009890568908303976,0.6609113681313152,0.9692808112204427,0.3358492851257324,0.0005423832917585969,0.0016149603878285583,0.24
5,octanol_hl_gap_eV,177,0.07254030555486679,0.0014692220138385892,0.6390067321159736,0.9676938588574067,0.28720712661743164,0.0003455975092947483,0.0012033040870712598,0.08
5,octanol_hl_gap_eV,178,0.1252346932888031,0.0006284764967858791,0.6764063841519947,0.9701243941880879,0.2713041305541992,0.0004953628522343934,0.001825858129113273,0.1
5,octanol_hl_gap_eV,179,0.05746394023299217,0.0014071943005546927,0.6725104078782318,0.9705292363528983,0.36665666103363037,0.0004288314958103001,0.0011695723585148968,0.02
5,octanol_hl_gap_eV,180,0.01922645792365074,0.0008508145692758262,0.6720330295574086,0.9280426428332924,0.32124578952789307,0.012726845219731331,0.03961715805967408,0.06
5,octanol_hl_gap_eV,181,0.16723547875881195,0.0015783898998051882,0.6697585145595693,0.9916386963146828,0.3553192615509033,0.0022561042569577694,0.006349512962259036,0.12
5,octanol_hl_gap_eV,182,0.16360460221767426,0.0008099041297100484,0.6780549322180169,0.9627971458517641,0.2754177153110504,0.0003344409342389554,0.00121430436622875,0.08
5,octanol_hl_gap_eV,183,0.13611255586147308,0.0011574072996154428,0.6685807718540671,0.9393656081344368,0.3246817886829376,0.004337543621659279,0.013359368381129106,0.04
5,octanol_hl_gap_eV,184,0.015759844332933426,0.0007371965330094099,0.6831318583663932,0.9518171118160115,0.2522255480289459,0.0004007896641269326,0.0015890129578821936,0.06
5,octanol_hl_gap_eV,185,0.019577018916606903,0.0012800766853615642,0.6455031309734163,0.961739637009301,0.34073585271835327,0.00021926680346950889,0.0006435096328144584,0.08
5,octanol_hl_gap_eV,186,0.04524091258645058,0.0011578915873542428,0.6643986240018742,0.9716721300617095,0.2658100128173828,0.0037398359272629023,0.014069582585033205,0.0
5,octanol_hl_gap_eV,187,0.09715767949819565,0.0012162498896941543,0.6631764748174247,0.9733906409358675,0.2291262298822403,0.0010656560771167278,0.004650956277089808,0.18
5,octanol_hl_gap_eV,188,0.11792139708995819,0.0008268068777397275,0.6693398219431059,0.9475915125651257,0.2531245946884155,0.011273244395852089,0.04453634546942751,0.04
5,octanol_hl_gap_eV,189,0.1272226870059967,0.001202615792863071,0.6659185827731342,0.9722656274352479,0.3203759789466858,0.0036726160906255245,0.011463456476044635,0.14
5,octanol_hl_gap_eV,190,0.05593123659491539,0.0011742357164621353,0.6483105119095085,0.9774763552376724,0.26641231775283813,0.0011560798157006502,0.004339438301697423,0.06
5,octanol_hl_gap_eV,191,0.04512091353535652,0.0015160166658461094,0.6560765342765473,0.9633746912692918,0.3371163010597229,0.0034277241211384535,0.01016777922148358,0.08
5,octanol_hl_gap_eV,192,0.13004426658153534,0.00128915102686733,0.6573632645418477,0.9590582440573563,0.3484382629394531,0.0026997013483196497,0.007748004841789626,0.02
5,octanol_hl_gap_eV,193,0.032184284180402756,0.001155789359472692,0.6374818391561095,0.9594464231957325,0.21728339791297913,0.001335222041234374,0.006145071616420154,0.06
5,octanol_hl_gap_eV,194,0.0655919760465622,0.0010667371097952127,0.6567979060165186,0.9626903172030652,0.2388242781162262,0.003776554949581623,0.0158131115453167,0.02
5,octanol_hl_gap_eV,195,0.15142829716205597,0.0021420372650027275,0.6211669612087072,0.969331839676371,0.3395625948905945,0.0007306929328478873,0.0021518652049508373,0.14
5,octanol_hl_gap_eV,196,0.02477223612368107,0.0007017129682935774,0.6788443424125365,0.9592800817963394,0.2793915569782257,0.0007436760351993144,0.002661769894704701,0.22
5,octanol_hl_gap_eV,197,0.0809345468878746,0.000993427005596459,0.6633126840718091,0.9563780710953742,0.33592212200164795,0.0003723171539604664,0.0011083436593635233,0.04
5,octanol_hl_gap_eV,198,0.08454684913158417,0.0015413349028676748,0.6298452588047225,0.9608012980026741,0.2867771089076996,0.00159180024638772,0.005550653092398835,0.02
5,octanol_hl_gap_eV,199,0.1855432391166687,0.0013574162730947137,0.6454961632595788,0.946351959063984,0.3705272674560547,0.04433621093630791,0.1196570801407113,0.26
5,octanol_hl_gap_eV,200,0.06838542968034744,0.001402653637342155,0.6546090496276056,0.9716026662292108,0.3031035363674164,0.0006679436191916466,0.002203681379625931,0.04
5,octanol_hl_gap_eV,201,0.12879537045955658,0.0009473225218243897,0.6499240218419415,0.9661144194446456,0.2986859083175659,0.0014761004131287336,0.004941982102347221,0.04
5,octanol_hl_gap_eV,202,0.02905651181936264,0.0018034485401585698,0.6503431382879838,0.977699959149555,0.1452038437128067,0.031032774597406387,0.2137186854280866,0.18
5,octanol_hl_gap_eV,203,0.1343914419412613,0.0009184328373521566,0.6626371096070676,0.966434963096086,0.2268168181180954,0.0036064537707716227,0.01590029258277431,0.12
5,octanol_hl_gap_eV,204,-0.0899241492152214,0.0013516407925635576,0.6418536684170943,0.9668043597716525,0.20817074179649353,0.014153089374303818,0.06798788942271144,0.14
5,octanol_hl_gap_eV,205,0.15534228086471558,0.000875535886734724,0.6650344320836732,0.9794349625046308,0.2547467052936554,0.004507905803620815,0.017695639275979627,0.18
5,octanol_hl_gap_eV,206,0.10125172883272171,0.0018116445280611515,0.6520294587182287,0.9918495742775622,0.2135089784860611,0.011433619074523449,0.05355099891159795,0.16
5,octanol_hl_gap_eV,207,0.04891858249902725,0.0021113886032253504,0.6628070751444599,0.9749188467358507,0.37730929255485535,0.0006313776248134673,0.0016733688707697917,0.08
5,octanol_hl_gap_eV,208,0.07675392925739288,0.0017709129024297,0.6470374421508036,0.9469049355267856,0.3435472846031189,0.0024219604674726725,0.007049860604401601,0.14
5,octanol_hl_gap_eV,209,0.07367487251758575,0.0006676223711110651,0.6805151839741386,0.9687155652475357,0.2620446979999542,0.00030790615710429847,0.0011750138791373382,0.02
5,octanol_hl_gap_eV,210,0.02480022981762886,0.001293014152906835,0.6400950079881653,0.9745296392196232,0.3236141800880432,0.0003537132579367608,0.0010930091439149197,0.02
5,octanol_hl_gap_eV,211,0.1575610339641571,0.001384348957799375,0.652173623480077,0.9338726759703009,0.40529802441596985,0.021924279630184174,0.05409421785802393,0.12
5,octanol_hl_gap_eV,212,0.07464715838432312,0.0013946606777608395,0.6517342060119817,0.9689406288031659,0.19457796216011047,0.0004754577821586281,0.0024435335681406347,0.16
5,octanol_hl_gap_eV,213,0.03850715979933739,0.0012484090402722359,0.6854870619130793,0.9785299365643505,0.35812002420425415,0.0003752581251319498,0.0010478557460331258,0.0
5,octanol_hl_gap_eV,214,0.08156009763479233,0.00069333182182163,0.6797125309595575,0.9719642062279006,0.27856290340423584,0.00048764271195977926,0.0017505658721977699,0.06
5,octanol_hl_gap_eV,215,0.14403828978538513,0.0006583924987353384,0.6668496569340618,0.9584336861175857,0.2564551532268524,0.0034340277779847383,0.013390363713795612,0.22
5,octanol_hl_gap_eV,216,0.3008730709552765,0.0006803264259360731,0.6866257654866579,0.911045757649902,0.2812286615371704,0.025301149114966393,0.08996646706161669,0.1
5,octanol_hl_gap_eV,217,0.08667363971471786,0.0008464734419248998,0.6592039786159827,0.9661752095805218,0.312507688999176,0.0026747642550617456,0.008559035022875224,0.2
5,octanol_hl_gap_eV,218,0.12434232234954834,0.0008967982139438391,0.6883376534121948,0.9559323943932063,0.25363847613334656,0.0010700070997700095,0.004218630848450098,0.24
5,octanol_hl_gap_eV,219,0.15502074360847473,0.0007687762263230979,0.6585149512656756,0.9677674510201124,0.29280924797058105,0.0007862350903451443,0.002685144324485743,0.22
5,octanol_hl_gap_eV,220,0.04844193533062935,0.0004493065644055605,0.669123449578698,0.9570082411853096,0.26465755701065063,0.0004644419241230935,0.0017548787549051656,0.06
5,octanol_hl_gap_eV,221,0.08794626593589783,0.0011578588746488094,0.6618599503275009,0.9714378943745634,0.21926282346248627,0.0006199835916049778,0.002827581902916848,0.14
5,octanol_hl_gap_eV,222,0.0490773506462574,0.0007825088105164468,0.6742853259999824,0.9356566975876226,0.31891050934791565,0.004701585974544287,0.014742649855464902,0.1
5,octanol_hl_gap_eV,223,0.07605843991041183,0.0013517442857846618,0.6545322957526396,0.9499323158313402,0.31603237986564636,0.011060112155973911,0.03499676887753038,0.12
5,octanol_hl_gap_eV,224,0.06700927764177322,0.0013453394640237093,0.6379959679921978,0.9675510410381281,0.2802010774612427,0.0013408866943791509,0.004785444461985061,0.06
5,octanol_hl_gap_eV,225,-0.01225225254893303,0.0016035883454605937,0.662333627267726,0.9671572312706602,0.09576859325170517,0.0068226647563278675,0.07124115040925892,0.22
5,octanol_hl_gap_eV,226,0.1146923378109932,0.0014359417837113142,0.6602204352734133,0.967869553021504,0.3843928575515747,0.0011411895975470543,0.002968810619468752,0.22
5,octanol_hl_gap_eV,227,0.07965994626283646,0.0006020390428602695,0.6766544082348116,0.9562427458023266,0.2736924886703491,0.0006549718673340976,0.0023930940542653445,0.08
5,octanol_hl_gap_eV,228,0.15007725358009338,0.0005051764892414212,0.6715710521181588,0.9599217836337881,0.2576318681240082,0.002179201692342758,0.008458587472935701,0.08
5,octanol_hl_gap_eV,229,0.2677510380744934,0.0005103508592583239,0.6640415826501147,0.9658403567217346,0.3018883764743805,0.000749199534766376,0.002481710437201799,0.3
5,octanol_hl_gap_eV,230,0.15935619175434113,0.0010923747904598713,0.6457945551098296,0.944827157891093,0.34516650438308716,0.010760677978396416,0.031175325072833687,0.1
5,octanol_hl_gap_eV,231,0.2761901915073395,0.0018287713173776865,0.6167288744787751,0.9531821848338673,0.29525935649871826,0.03354409709572792,0.11360892163928271,0.18
5,octanol_hl_gap_eV,232,0.12470540404319763,0.0009845911990851164,0.6755942254068767,0.9578129000134339,0.3340136408805847,0.0006702684331685305,0.002006709760120732,0.22
5,octanol_hl_gap_eV,233,0.11707650870084763,0.0011997929541394114,0.6730591026358828,0.9605109904225735,0.3229227066040039,0.0008726557134650648,0.0027023671473656746,0.26
5,octanol_hl_gap_eV,234,0.16485951840877533,0.0007705521420575678,0.6835068822808956,0.98211778448243,0.28209617733955383,0.001393409096635878,0.004939482377170457,0.04
5,octanol_hl_gap_eV,235,0.14197026193141937,0.001102989655919373,0.6498236921589644,0.968046980655958,0.22763898968696594,0.0007670134073123336,0.003369428973336596,0.2
5,octanol_hl_gap_eV,236,0.2182399332523346,0.0011944373836740851,0.6521323854965002,0.9698306541724384,0.3444288372993469,0.00343060283921659,0.009960266004774202,0.12
5,octanol_hl_gap_eV,237,0.1544516682624817,0.0008204214973375201,0.6787124578488812,0.9649877418276587,0.3113628327846527,0.0007942246156744659,0.0025508009693108553,0.22
5,octanol_hl_gap_eV,238,0.12777841091156006,0.0007853705901652575,0.6832372602338066,0.9556443562337622,0.28563806414604187,0.0015775698702782393,0.0055229679384455384,0.26
5,octanol_hl_gap_eV,239,0.21603287756443024,0.0014900886453688145,0.6491455660278425,0.9920902658642772,0.3087310791015625,0.002227501943707466,0.00721502334714637,0.16
5,octanol_hl_gap_eV,240,0.10584241151809692,0.0025539209600538015,0.6375248833642533,0.9688950947998543,0.4491964280605316,0.0010335770202800632,0.0023009466587761537,0.1
5,octanol_hl_gap_eV,241,0.07434972375631332,0.0014323822688311338,0.6653230539560715,0.9680931484688542,0.3814414143562317,0.0010706919711083174,0.002806963090034026,0.1
5,octanol_hl_gap_eV,242,0.18204843997955322,0.0014088699826970696,0.6450338777940376,0.9188304797522406,0.03517035022377968,0.16406302154064178,4.664810571880916,0.18
5,octanol_hl_gap_eV,243,0.07931449264287949,0.0019004263449460268,0.655161801318122,0.982800341985705,0.25034385919570923,0.0004529759753495455,0.0018094151652245092,0.08
5,octanol_hl_gap_eV,244,0.03936115279793739,0.0008637961582280695,0.6681505980581013,0.9575758072562788,0.30376628041267395,0.0013922424986958504,0.004583268744656105,0.08
5,octanol_hl_gap_eV,245,0.39761778712272644,0.000808387587312609,0.6652259956509414,0.9002169710098478,0.24935992062091827,0.04827466234564781,0.19359431229141222,0.2
5,octanol_hl_gap_eV,246,0.09221652150154114,0.002808577613905072,0.6574078544233128,0.9849711536055421,0.4857368469238281,0.020981935784220695,0.04319609664594999,0.06
5,octanol_hl_gap_eV,247,0.15171776711940765,0.0007920308271422982,0.6622911029624869,0.9467252580431431,0.29478558897972107,0.008552705869078636,0.029013310652940348,0.04
5,octanol_hl_gap_eV,248,0.2246197760105133,0.0015107133658602834,0.641018286213441,0.9834992453774658,0.21199648082256317,0.009427916258573532,0.04447204133763197,0.06
5,octanol_hl_gap_eV,249,0.1364607810974121,0.0029161577112972736,0.6535554477070455,0.9233431919134583,0.6258480548858643,0.03967874124646187,0.06339995936185831,0.04
5,octanol_dipole,0,0.17923222482204437,0.005606113001704216,0.649610781184943,0.9631297932608816,0.9592828154563904,0.022423114627599716,0.023374873672610978,0.12
5,octanol_dipole,1,0.059128012508153915,0.010707637295126915,0.6548629789970681,0.9529660815566199,1.9208433628082275,0.005330943036824465,0.0027753137710462513,0.1
5,octanol_dipole,2,0.44320550560951233,0.005289456341415644,0.6576563509052751,0.924894857496273,0.9028261303901672,0.14586134254932404,0.16156083396288973,0.28
5,octanol_dipole,3,0.05261329188942909,0.00788608007133007,0.6663457338632146,0.9720044836734771,1.8378667831420898,0.008438948541879654,0.0045917085064522975,0.06
5,octanol_dipole,4,0.29967203736305237,0.0026331599801778793,0.658056428602894,0.9536675661868674,0.3919391334056854,0.053777530789375305,0.13720888323165134,0.26
5,octanol_dipole,5,0.11553553491830826,0.009404965676367283,0.6547338471715916,0.9770671223432323,1.6412965059280396,0.0012752999318763614,0.0007770076444263601,0.04
5,octanol_dipole,6,0.19876646995544434,0.0039365277625620365,0.6525986217271078,0.9621369747712463,0.6339019536972046,0.01229860633611679,0.019401433083437784,0.16
5,octanol_dipole,7,0.2177603542804718,0.0023842162918299437,0.6614547313858519,0.9668556861950999,0.31974104046821594,0.047908276319503784,0.1498346169429762,0.2
5,octanol_dipole,8,0.3785269856452942,0.007172214332967997,0.6508310664681676,0.9047357239663147,1.2144124507904053,0.2901408076286316,0.23891455282741236,0.32
5,octanol_dipole,9,0.2115529477596283,0.004241944756358862,0.654215142300272,0.9780567851996451,0.7365732192993164,0.0076384576968848705,0.010370262584554925,0.2
5,octanol_dipole,10,0.5806247591972351,0.00396193191409111,0.6842011224383795,0.9276190876497372,0.7301346659660339,0.4255247116088867,0.5828030518806817,0.38
5,octanol_dipole,11,0.29777419567108154,0.006610640790313482,0.6525751277642613,0.9432696969827183,1.1879875659942627,0.044709209352731705,0.03763440850099573,0.18
5,octanol_dipole,12,0.5452921986579895,0.005136178340762854,0.6541696261339858,0.88729708405681,0.855431079864502,0.318812757730484,0.3726925116877716,0.26
5,octanol_dipole,13,0.4368927478790283,0.004111278336495161,0.6465177338167276,0.9161853355905265,0.6467373967170715,0.2969283163547516,0.4591172829374036,0.2
5,octanol_dipole,14,0.40988337993621826,0.0020186009351164103,0.6469833249090537,0.9243580943995953,0.31598982214927673,0.07923224568367004,0.25074303072407167,0.22
5,octanol_dipole,15,0.44669055938720703,0.0038364706560969353,0.6523314626783376,0.9091839303971843,0.6166372895240784,0.22019287943840027,0.35708654533096024,0.22
5,octanol_dipole,16,0.4803796708583832,0.001703635323792696,0.6711991267676876,0.9444209196934696,0.15334028005599976,0.1228446289896965,0.8011243291380042,0.36
5,octanol_dipole,17,0.14897777140140533,0.008249975740909576,0.6573737247994698,0.968085133888946,1.395591139793396,0.007385946810245514,0.005292342864357059,0.12
5,octanol_dipole,18,0.4111419916152954,0.002446514554321766,0.6670454323464972,0.9582106905797092,0.3595314025878906,0.03879116475582123,0.10789367625916456,0.34
5,octanol_dipole,19,0.28881317377090454,0.0035034571774303913,0.6524832176868816,0.9564091197145124,0.5926647186279297,0.07739432156085968,0.13058702353673804,0.2
5,octanol_dipole,20,0.3751731812953949,0.007510066498070955,0.659696245457688,0.915207396789925,1.3617827892303467,0.15492717921733856,0.11376790810001382,0.26
5,octanol_dipole,21,0.3823176324367523,0.0058280713856220245,0.6514120259095939,0.9215917156544853,0.997601330280304,0.21174299716949463,0.2122521199024459,0.24
5,octanol_dipole,22,0.31680765748023987,0.0024926834739744663,0.6527917715616232,0.9524058062407594,0.4370228946208954,0.07383953779935837,0.16896034214274291,0.14
5,octanol_dipole,23,0.20698301494121552,0.0028556697070598602,0.656975609145874,0.9428744223997261,0.41881969571113586,0.041522908955812454,0.09914268450367057,0.08
5,octanol_dipole,24,0.20108836889266968,0.003416072577238083,0.6497476092580359,0.9689073168122999,0.5469740033149719,0.02739657275378704,0.05008752260207672,0.18
5,octanol_dipole,25,0.12585552036762238,0.008458249270915985,0.650071433419805,0.9745790961969409,1.4497658014297485,0.007479443680495024,0.005159070294746124,0.08
5,octanol_dipole,26,0.2656885087490082,0.007663586642593145,0.6486535192088252,0.9493603501828953,1.2788313627243042,0.10964339971542358,0.08573718389409016,0.24
5,octanol_dipole,27,0.17217347025871277,0.0033575426787137985,0.6555735734279278,0.9387232356088455,0.5448006987571716,0.05091671645641327,0.0934593449908695,0.14
5,octanol_dipole,28,0.506980299949646,0.008092863485217094,0.6523925090816907,0.9153426285729314,1.4706320762634277,0.48201727867126465,0.32776197830253434,0.28
5,octanol_dipole,29,0.1914614737033844,0.006271305028349161,0.6440185776495855,0.9727662359879186,1.0646560192108154,0.01843971572816372,0.017319881159205113,0.12
5,octanol_dipole,30,0.2518574595451355,0.005068807862699032,0.6508067014804122,0.9435234255826879,0.8285489082336426,0.03843802213668823,0.046391977292726205,0.18
5,octanol_dipole,31,0.32042941451072693,0.0021186131052672863,0.6570125601992274,0.9366157693551145,0.2776290476322174,0.08445414155721664,0.30419778577742806,0.22
5,octanol_dipole,32,0.21081575751304626,0.0031261765398085117,0.6741679886127796,0.9630737799643498,0.5602062940597534,0.03871631994843483,0.06911082642049934,0.16
5,octanol_dipole,33,0.5812903642654419,0.010480004362761974,0.6565170039883004,0.9114406910733046,1.8858412504196167,0.5387316346168518,0.28567178414247707,0.44
5,octanol_dipole,34,0.20442861318588257,0.005299766082316637,0.645529547504095,0.9375376197118788,0.8732715845108032,0.09071412682533264,0.10387848228927506,0.16
5,octanol_dipole,35,0.4441062808036804,0.008256002329289913,0.6525682504232186,0.9171933625002116,1.430169939994812,0.3533421456813812,0.2470630488029017,0.22
5,octanol_dipole,36,0.20326274633407593,0.009068378247320652,0.6505097722585504,0.9760587165148311,1.601824402809143,0.08316615968942642,0.05191964833572063,0.04
5,octanol_dipole,37,0.5576431751251221,0.0017791856080293655,0.688004149775419,0.9547803250005997,0.3230331242084503,0.1509077548980713,0.4671587635721589,0.32
5,octanol_dipole,38,0.12992672622203827,0.0045736064203083515,0.6674126029389718,0.9670619066666872,0.8344878554344177,0.027142584323883057,0.03252603875193986,0.12
5,octanol_dipole,39,0.22451786696910858,0.003839153563603759,0.6566976407227787,0.9554439022478631,0.6774301528930664,0.06322117149829865,0.09332500366023451,0.18
5,octanol_dipole,40,0.6340956687927246,0.003287306521087885,0.667907879490578,0.9122249192643137,0.5292110443115234,0.29740673303604126,0.5619813422884102,0.52
5,octanol_dipole,41,0.9035823345184326,0.0018554844427853823,0.7256047233749479,0.9068419991635059,0.2121962457895279,0.5974845886230469,2.8157170566329284,0.82
5,octanol_dipole,42,0.322497695684433,0.00535970414057374,0.6526562171611074,0.9530306528169208,0.9011335968971252,0.03199136629700661,0.03550124688188581,0.24
5,octanol_dipole,43,0.24162594974040985,0.011883999221026897,0.6620008155217376,0.9635372168164722,2.131787061691284,0.005789707414805889,0.0027158938708505627,0.2
5,octanol_dipole,44,0.19821017980575562,0.0072419894859194756,0.6669395835625418,0.9297822419171238,1.4623416662216187,0.14809554815292358,0.10127287731298194,0.06
5,octanol_dipole,45,0.8692119717597961,0.002264736918732524,0.7043705010363832,0.9134034541706444,0.3352510929107666,0.5153552889823914,1.5372218014500638,0.72
5,octanol_dipole,46,0.26842939853668213,0.01047500129789114,0.6481646382683146,0.913577996076238,2.119447946548462,0.11768941581249237,0.05552833510450235,0.16
5,octanol_dipole,47,0.27949005365371704,0.009808260016143322,0.6562346113756732,0.9424027157557173,1.6683311462402344,0.2067294865846634,0.12391394061697569,0.26
5,octanol_dipole,48,0.2840052545070648,0.0046466318890452385,0.6538320018977124,0.9217969368955867,0.7908568978309631,0.10372377932071686,0.13115366333048872,0.18
5,octanol_dipole,49,0.3734963536262512,0.0038891697768121958,0.6525355478807975,0.9360726502878765,0.6353354454040527,0.1028241366147995,0.16184227931656903,0.24
5,octanol_dipole,50,0.20488332211971283,0.006887231953442097,0.6393609126719475,0.9779731140415389,1.1450175046920776,0.007256092503666878,0.006337101811922267,0.22
5,octanol_dipole,51,0.33774346113204956,0.003314866218715906,0.651286759240487,0.9557131084540289,0.5221341848373413,0.08436239510774612,0.16157225011809417,0.22
5,octanol_dipole,52,0.5468201637268066,0.00551219517365098,0.6531885620298945,0.9094485358440336,0.925950825214386,0.3598746061325073,0.38865412323509224,0.36
5,octanol_dipole,53,0.6287978887557983,0.0044546895660459995,0.6638707002929616,0.9247342405368739,0.7192745208740234,0.4926120936870575,0.6848735488203613,0.5
5,octanol_dipole,54,0.5536309480667114,0.004357162397354841,0.6614124924568039,0.9002078940156242,0.777266800403595,0.4225371479988098,0.5436191894204253,0.3
5,octanol_dipole,55,0.26234278082847595,0.003336564404889941,0.6553332152344211,0.9369582559072214,0.5328444838523865,0.03633500263094902,0.06819063297465773,0.3
5,octanol_dipole,56,0.28160399198532104,0.008008845150470734,0.6433546302365454,0.8850908644900026,1.3718725442886353,0.14945688843727112,0.10894371278110959,0.08
5,octanol_dipole,57,0.15817038714885712,0.003577470313757658,0.6600249560787652,0.9596543510007824,0.611289918422699,0.03432299941778183,0.05614847944220131,0.12
5,octanol_dipole,58,0.1546335369348526,0.00784253515303135,0.6451685587166962,0.9517207338971834,1.2801876068115234,0.008905136026442051,0.00695611797759976,0.16
5,octanol_dipole,59,0.12356516718864441,0.0029892732854932547,0.665371991155117,0.9620355721195188,0.4976445734500885,0.02206534519791603,0.04433956758523578,0.18
5,octanol_dipole,60,0.585610032081604,0.0020970399491488934,0.6647662742629041,0.936549559810989,0.39486390352249146,0.12045533210039139,0.3050553140609629,0.5
5,octanol_dipole,61,0.3040737509727478,0.001587912905961275,0.6694500128127476,0.9485380848652039,0.019999153912067413,0.06618127971887589,3.309203979821484,0.18
5,octanol_dipole,62,0.8991670608520508,0.0015836508246138692,0.7414052037366896,0.9230844317939928,0.1280660480260849,0.5240828394889832,4.092285563323046,0.8
5,octanol_dipole,63,0.27677804231643677,0.004978404846042395,0.6532494385574907,0.9568254474400955,0.8527828454971313,0.06053480505943298,0.07098501732189993,0.2
5,octanol_dipole,64,0.16693542897701263,0.0018162531778216362,0.6599259061642482,0.9656119467807645,0.16398875415325165,0.07350368052721024,0.4482239096622393,0.14
5,octanol_dipole,65,0.16992734372615814,0.005895047914236784,0.6526635641494192,0.9559314644837109,0.9653246998786926,0.0070670307613909245,0.007320884633200624,0.12
5,octanol_dipole,66,0.297547847032547,0.011588381603360176,0.6476382852267435,0.9259374058904108,1.982533574104309,0.36466702818870544,0.18393990041427608,0.22
5,octanol_dipole,67,0.19010667502880096,0.004950429778546095,0.6524484251754201,0.9567499514122157,0.8240495324134827,0.03064974769949913,0.03719405993682432,0.18
5,octanol_dipole,68,0.11293301731348038,0.01227953378111124,0.6471454592433443,0.9485768139325381,2.1416075229644775,0.058375757187604904,0.02725791563656791,0.06
5,octanol_dipole,69,0.1343526691198349,0.009583580307662487,0.6499697555056583,0.9644124932571942,1.6697723865509033,0.014055020175874233,0.008417326989642229,0.08
5,octanol_dipole,70,0.3981902003288269,0.007457697298377752,0.6539647797504411,0.9144085340705579,1.3039129972457886,0.20088545978069305,0.15406354580790024,0.26
5,octanol_dipole,71,0.16908909380435944,0.008498665876686573,0.678936820223601,0.948068119203731,2.0650382041931152,0.0884169489145279,0.042816132280262376,0.06
5,octanol_dipole,72,0.39289891719818115,0.005665541626513004,0.6598827495233845,0.9097756922642457,1.1596335172653198,0.27990418672561646,0.24137297047578818,0.24
5,octanol_dipole,73,0.2797616124153137,0.004460461437702179,0.665749849873589,0.9647882964791397,0.7993167042732239,0.06003351882100105,0.07510604807838507,0.2
5,octanol_dipole,74,0.5110827684402466,0.003141587134450674,0.6578824450714726,0.898651976593962,0.47350630164146423,0.2183154970407486,0.4610614394865131,0.3
5,octanol_dipole,75,0.24208948016166687,0.008226245641708374,0.6486037237274194,0.9647136790604975,1.4159711599349976,0.006196724250912666,0.004376306824778223,0.16
5,octanol_dipole,76,0.10836215317249298,0.007190173026174307,0.644805418197913,0.9482614492626329,1.2515162229537964,0.006387471687048674,0.005103786566963652,0.14
5,octanol_dipole,77,0.4777904748916626,0.0043054320849478245,0.6602890062147382,0.9202830197935732,0.7567287683486938,0.25430071353912354,0.33605265740596774,0.34
5,octanol_dipole,78,0.09785041213035583,0.007476474158465862,0.651924602583783,0.9595355367607954,1.2440825700759888,0.0013916990719735622,0.0011186549071968406,0.2
5,octanol_dipole,79,0.14579597115516663,0.0027285385876893997,0.6620407420879617,0.9713748284779606,0.40808069705963135,0.06532085686922073,0.16006847993517231,0.14
5,octanol_dipole,80,0.6258455514907837,0.00537084648385644,0.6567028750469373,0.8986117469793466,0.9023849964141846,0.34845709800720215,0.3861512540566047,0.44
5,octanol_dipole,81,0.2894652783870697,0.0031648757867515087,0.6572856614217462,0.9544646243959274,0.4689076244831085,0.0645989403128624,0.13776474712705264,0.2
5,octanol_dipole,82,0.31131109595298767,0.007215960416942835,0.6566552864044419,0.9436835548807949,1.2145851850509644,0.16126009821891785,0.13276968977038142,0.22
5,octanol_dipole,83,0.1746136099100113,0.0076396348886191845,0.6498809302552107,0.9751404214086281,1.3037333488464355,0.007472219876945019,0.0057314019646399015,0.18
5,octanol_dipole,84,0.3060775399208069,0.007614192087203264,0.6498321990811704,0.9173911391985736,1.4272313117980957,0.07110203057527542,0.04981815490419532,0.16
5,octanol_dipole,85,0.16974890232086182,0.007929963991045952,0.6507071512586626,0.9572781506972536,1.2942993640899658,0.008766072802245617,0.006772832503405521,0.14
5,octanol_dipole,86,0.42323020100593567,0.00489421933889389,0.6569421922528638,0.943811379887785,0.8361919522285461,0.18144717812538147,0.21699225595487281,0.26
5,octanol_dipole,87,0.3997347056865692,0.0024990432430058718,0.6608518879619056,0.9685736943809586,0.33096304535865784,0.08435806632041931,0.2548866633403201,0.26
5,octanol_dipole,88,0.3160274028778076,0.01102064922451973,0.6542709158547508,0.9101106461496609,2.007371425628662,0.38480743765830994,0.1916971780834218,0.06
5,octanol_dipole,89,0.4062487781047821,0.008906403556466103,0.664640001769863,0.9459493486142097,1.7577879428863525,0.30385005474090576,0.17285933492180677,0.24
5,octanol_dipole,90,0.4201376438140869,0.005808030255138874,0.6745612303093687,0.9270480650026356,1.0916624069213867,0.4437166154384613,0.4064595543688209,0.24
5,octanol_dipole,91,0.1585925668478012,0.0036389289889484644,0.6497286381577532,0.9603934620701933,0.5944910645484924,0.012649914249777794,0.021278560779353722,0.12
5,octanol_dipole,92,0.38660314679145813,0.005520399659872055,0.6550572327256798,0.9085346967591024,0.9249343276023865,0.2820579707622528,0.304949186493492,0.2
5,octanol_dipole,93,0.6189480423927307,0.0037788625340908766,0.6613888398744172,0.8993056086874718,0.6118499636650085,0.4039152264595032,0.6601540417523816,0.36
5,octanol_dipole,94,0.374408483505249,0.0027307698037475348,0.6687610886125346,0.9441789224684585,0.4427473843097687,0.06532666832208633,0.14754840036814415,0.34
5,octanol_dipole,95,0.1510048359632492,0.011888401582837105,0.657027526798303,0.9588397895599792,2.1545116901397705,0.004015542101114988,0.001863782925612479,0.04
5,octanol_dipole,96,0.181867316365242,0.0016617396613582969,0.657773183249591,0.9655557355344246,0.059526268392801285,0.07809843868017197,1.3119995724377824,0.22
5,octanol_dipole,97,0.536140501499176,0.005807648412883282,0.6680195356047973,0.933011721489073,1.0294268131256104,0.34262189269065857,0.33282783032469154,0.42
5,octanol_dipole,98,0.6959385871887207,0.005288776010274887,0.682054493185541,0.9265026313784823,0.9576132893562317,0.6383896470069885,0.6666466036996568,0.44
5,octanol_dipole,99,0.6307948231697083,0.002272669691592455,0.6681906016521368,0.9457282277371537,0.38856202363967896,0.20276802778244019,0.5218421138615206,0.34
5,octanol_dipole,100,0.21033209562301636,0.00726373540237546,0.6279845962979771,0.9641817554933301,1.2291886806488037,0.0058679599314928055,0.004773848005495393,0.12
5,octanol_dipole,101,0.19691920280456543,0.0031662932597100735,0.6667178274895897,0.9699161374271967,0.5055854916572571,0.02696656435728073,0.053337298641397156,0.16
5,octanol_dipole,102,0.2762942910194397,0.006718418560922146,0.6521652955245154,0.9614683779115891,1.1524062156677246,0.017237063497304916,0.01495745446610374,0.3
5,octanol_dipole,103,0.5709226131439209,0.006228557787835598,0.6547789425225277,0.883622172262823,1.1294654607772827,0.4349808394908905,0.38512097500665726,0.26
5,octanol_dipole,104,0.3373488485813141,0.0033541752491146326,0.6688051984455232,0.9674533055392776,0.5683384537696838,0.12325292825698853,0.2168653685835872,0.26
5,octanol_dipole,105,0.5644864439964294,0.0015974006382748485,0.6714544815592685,0.9591927481539653,0.052071619778871536,0.19817954301834106,3.8059031745110787,0.32
5,octanol_dipole,106,0.3995656967163086,0.008615560829639435,0.645324651695907,0.9090460338618638,1.4853254556655884,0.334953248500824,0.22550832022920408,0.22
5,octanol_dipole,107,0.4836191236972809,0.006766044534742832,0.653759647841248,0.9359207138966956,1.1999787092208862,0.25289666652679443,0.21075096131579985,0.38
5,octanol_dipole,108,0.4164121448993683,0.001824907143600285,0.6727613124521115,0.9657594944145904,0.20463579893112183,0.044014282524585724,0.2150859368423628,0.28
5,octanol_dipole,109,0.12386935204267502,0.006461555138230324,0.6528273888346157,0.9617270855101909,1.0959395170211792,0.02536703832447529,0.02314638529818162,0.08
5,octanol_dipole,110,-4.999711018172093e-05,0.0016706374008208513,0.6515915665943095,0.9582864109645881,0.031050361692905426,0.026338569819927216,0.8482532371255826,0.2
5,octanol_dipole,111,0.19609014689922333,0.0033751733135432005,0.6627151124744832,0.9730708041259963,0.571577787399292,0.01840529963374138,0.032200865813009336,0.16
5,octanol_dipole,112,0.10063271224498749,0.01038672961294651,0.6554717763985263,0.9800124277762623,1.7492561340332031,0.0016084157396107912,0.0009194855506393562,0.1
5,octanol_dipole,113,0.1415749490261078,0.009305952116847038,0.6573481481691552,0.9654284172261796,1.6355764865875244,0.0017449809238314629,0.001066890443914488,0.06
5,octanol_dipole,114,0.3167838454246521,0.005332608707249165,0.6572817014023442,0.9534489312524983,0.9320525527000427,0.03100561909377575,0.03326595587765545,0.22
5,octanol_dipole,115,0.16502141952514648,0.006101717706769705,0.654121015077691,0.946218185231662,1.0150601863861084,0.01662648841738701,0.016379805493683928,0.16
5,octanol_dipole,116,0.3286032974720001,0.0044141365215182304,0.641959953231461,0.9375132000376134,0.6400303244590759,0.16778607666492462,0.26215332344874387,0.18
5,octanol_dipole,117,0.5810959339141846,0.002110467990860343,0.6741796973489866,0.9249749263037284,0.2639428377151489,0.2558899223804474,0.9694899266658928,0.4
5,octanol_dipole,118,0.22664125263690948,0.005045420024544001,0.652587252951196,0.9677616229252166,0.8416946530342102,0.014235320501029491,0.016912689714390885,0.22
5,octanol_dipole,119,0.1304389238357544,0.007444731891155243,0.6487869747514996,0.9516294115293349,1.2239657640457153,0.008480794727802277,0.006928947669066925,0.22
5,octanol_dipole,120,0.32997533679008484,0.009028484113514423,0.6860899899737538,0.92397402447321,2.123131513595581,0.36917349696159363,0.17388159640491996,0.26
5,octanol_dipole,121,0.16603073477745056,0.0052733831107616425,0.6561066556943758,0.965946441086105,0.9267091751098633,0.009059404954314232,0.009775887837994289,0.1
5,octanol_dipole,122,0.6597597599029541,0.002732453867793083,0.6808403576486182,0.9168616214097429,0.43567895889282227,0.36248651146888733,0.8320037129864231,0.48
5,octanol_dipole,123,0.206009641289711,0.004532839171588421,0.6546589912098437,0.9667219008895629,0.7648264169692993,0.029583878815174103,0.03868051385097701,0.08
5,octanol_dipole,124,0.3335062265396118,0.002697331365197897,0.6464215860336682,0.9509476894031368,0.39627334475517273,0.10358905792236328,0.26140808937417453,0.16
5,octanol_dipole,125,0.336582750082016,0.0056460401974618435,0.6469280487641016,0.8952911656777738,0.94919353723526,0.1372188925743103,0.1445636608251582,0.22
5,octanol_dipole,126,0.11561962217092514,0.0043622152879834175,0.6637734484927906,0.9757916937895352,0.7861891984939575,0.009897727519273758,0.012589498225406908,0.1
5,octanol_dipole,127,0.3094836473464966,0.0037805766332894564,0.6507850075988391,0.9470215889290268,0.6154595017433167,0.07563765347003937,0.12289623160547904,0.28
5,octanol_dipole,128,0.18517382442951202,0.0020526021253317595,0.6645314606334463,0.9743810190667987,0.25899800658226013,0.05425158888101578,0.20946720631915358,0.12
5,octanol_dipole,129,0.1572057008743286,0.00614541070535779,0.653908672208593,0.958858063426204,1.057113528251648,0.014457305893301964,0.013676209325608379,0.16
5,octanol_dipole,130,0.21075734496116638,0.007887141779065132,0.6570309992328944,0.9546210959993622,1.3510805368423462,0.011318824253976345,0.008377608843681468,0.16
5,octanol_dipole,131,0.27829816937446594,0.0034261217806488276,0.6519593237483163,0.9607644953441035,0.5337663888931274,0.04207230731844902,0.07882157474488878,0.2
5,octanol_dipole,132,0.221634641289711,0.003677606815472245,0.65011562344789,0.971690799750103,0.5854328870773315,0.014987769536674023,0.025601174562463972,0.16
5,octanol_dipole,133,0.40770280361175537,0.00591434258967638,0.6546802534822189,0.927974462257009,1.0333530902862549,0.17079679667949677,0.1652840624226356,0.28
5,octanol_dipole,134,0.6278901100158691,0.002354315249249339,0.6741811290333206,0.9175849434131227,0.36326131224632263,0.349752277135849,0.9628117978572038,0.52
5,octanol_dipole,135,0.6043537855148315,0.0036211011465638876,0.7218294343318414,0.9675374984949379,1.073131799697876,0.01209399662911892,0.011269814791178308,0.64
5,octanol_dipole,136,0.20832273364067078,0.009023504331707954,0.6462931394380049,0.9290215334761323,1.6343375444412231,0.1133873239159584,0.06937815526640509,0.08
5,octanol_dipole,137,0.1550307422876358,0.011325277388095856,0.6611709693796788,0.9632599528519705,1.9988523721694946,0.0034138024784624577,0.0017078812452553554,0.18
5,octanol_dipole,138,0.24899710714817047,0.0062904139049351215,0.6479862312944207,0.9530900185856557,1.075522780418396,0.10502026975154877,0.09764578832137256,0.08
5,octanol_dipole,139,0.17853763699531555,0.010571526363492012,0.6485172677669979,0.9645044829673743,1.8877331018447876,0.0017241109162569046,0.0009133234537085867,0.2
5,octanol_dipole,140,0.1961214691400528,0.002321716398000717,0.6458501008664708,0.9667869492855405,0.41107067465782166,0.011446624994277954,0.027845880769301317,0.14
5,octanol_dipole,141,0.17100153863430023,0.0090792216360569,0.6453268689915661,0.9619581030159694,1.5854963064193726,0.019930589944124222,0.012570568511215737,0.08
5,octanol_dipole,142,0.27905720472335815,0.007050049491226673,0.6460848872684744,0.9323032656632162,1.226975679397583,0.16187028586864471,0.13192623830010985,0.08
5,octanol_dipole,143,0.36104753613471985,0.004913623444736004,0.6572794253630292,0.9641765693929443,0.8322436213493347,0.044894371181726456,0.05394378524516443,0.28
5,octanol_dipole,144,0.6431810855865479,0.0036798445507884026,0.6712453911360807,0.9008342629932098,0.6275933384895325,0.48075729608535767,0.7660331405722468,0.32
5,octanol_dipole,145,0.2128305435180664,0.003440019441768527,0.668031510842152,0.9702875438199776,0.590472400188446,0.04770125821232796,0.08078490746917953,0.2
5,octanol_dipole,146,0.34536582231521606,0.005685944575816393,0.6688056620175493,0.9017895128626725,1.1082565784454346,0.26703426241874695,0.2409498554868217,0.06
5,octanol_dipole,147,0.2434500902891159,0.0031643006950616837,0.6497901210942729,0.9585782868476802,0.5243136882781982,0.04643271863460541,0.08855904332211223,0.16
5,octanol_dipole,148,0.2751029133796692,0.012031099759042263,0.644354682795135,0.9121541717377541,2.3095550537109375,0.36123141646385193,0.15640736335054406,0.06
5,octanol_dipole,149,0.784529983997345,0.0021273470483720303,0.6936948103004938,0.9382113567174792,0.31236764788627625,0.43400147557258606,1.3893931670241122,0.74
5,octanol_dipole,150,0.19345219433307648,0.008358709514141083,0.6559944903727872,0.9734510182820286,1.4411346912384033,0.007992720231413841,0.005546129921100918,0.18
5,octanol_dipole,151,0.7212883830070496,0.006056383717805147,0.6666241357249352,0.8842492990957573,1.1716532707214355,0.6059365272521973,0.5171636886048182,0.56
5,octanol_dipole,152,0.43669888377189636,0.001966381911188364,0.6584562782755137,0.9370367750882986,0.24375858902931213,0.06717602163553238,0.275584224141757,0.24
5,octanol_dipole,153,0.1740722358226776,0.004258211236447096,0.6666818277035846,0.9671705740088903,0.7591239809989929,0.03865137696266174,0.050915763340524764,0.18
5,octanol_dipole,154,0.2656020224094391,0.00559427123516798,0.6627946406426717,0.954779197665059,1.0265450477600098,0.08123548328876495,0.07913484504749814,0.16
5,octanol_dipole,155,0.1434585005044937,0.01185669656842947,0.6617797473173479,0.9421581475522041,2.438647508621216,0.08902806788682938,0.03650714897175314,0.14
5,octanol_dipole,156,0.22340618073940277,0.014110269024968147,0.6528214260585936,0.8996683719955363,2.708005428314209,0.4462285041809082,0.16478124434879546,0.04
5,octanol_dipole,157,0.44809702038764954,0.006834541447460651,0.6608675010307601,0.9114704823473556,1.2084673643112183,0.3615116477012634,0.29914887102252175,0.3
5,octanol_dipole,158,0.3307682275772095,0.0026818690821528435,0.6706653268869609,0.9524613217305766,0.4186665117740631,0.05795302242040634,0.13842287546437718,0.18
5,octanol_dipole,159,0.21544095873832703,0.0017556458478793502,0.655584169414007,0.9717812603029055,0.12711717188358307,0.07162319868803024,0.5634423550079015,0.2
5,octanol_dipole,160,0.6820260286331177,0.006028047297149897,0.675126469780013,0.9365196974350858,1.0796310901641846,0.6993803381919861,0.6477956633183174,0.56
5,octanol_dipole,161,0.7036271691322327,0.0017841460648924112,0.6836814363811992,0.9214870197088876,0.16280314326286316,0.2507358491420746,1.5401167576797619,0.48
5,octanol_dipole,162,0.16245487332344055,0.00929515715688467,0.6523486677197758,0.948901929807153,1.62209951877594,0.04622236639261246,0.028495394923421548,0.08
5,octanol_dipole,163,0.15683133900165558,0.0036362812388688326,0.6579811538331701,0.9468686618748972,0.6117770671844482,0.02104269154369831,0.03439601232609464,0.12
5,octanol_dipole,164,0.29611754417419434,0.003945174161344767,0.656632798379982,0.9479276000267227,0.6544462442398071,0.07878599315881729,0.12038573657082205,0.18
5,octanol_dipole,165,0.268423855304718,0.00423977617174387,0.6634584141853905,0.9614198109850518,0.7557697892189026,0.04684325307607651,0.061980848856752514,0.18
5,octanol_dipole,166,0.46839287877082825,0.006933992262929678,0.6951953917479925,0.932133505863268,1.7244348526000977,0.3233293294906616,0.18749872110456747,0.32
5,octanol_dipole,167,0.1106591522693634,0.005260934121906757,0.6524928738476481,0.9687601295407919,0.8563647866249084,0.0049372101202607155,0.005765311929416401,0.08
5,octanol_dipole,168,0.6349740028381348,0.0015446238685399294,0.6713130542663706,0.936070877724003,0.10210996121168137,0.1962795853614807,1.9222373902833914,0.54
5,octanol_dipole,169,0.23164471983909607,0.00305883283726871,0.6649561028218967,0.959543172621534,0.5040172338485718,0.06733012199401855,0.13358694400169535,0.2
5,octanol_dipole,170,0.23724395036697388,0.009517135098576546,0.6528368520659056,0.9439527269780505,1.6352519989013672,0.065914086997509,0.04030821368314665,0.1
5,octanol_dipole,171,0.32346561551094055,0.0066510713659226894,0.657454095375088,0.9586684328003625,1.1534076929092407,0.10461857169866562,0.0907038962387932,0.26
5,octanol_dipole,172,0.23325295746326447,0.010508805513381958,0.6475399015737486,0.9664524574165227,1.846437692642212,0.006422664970159531,0.00347840871953217,0.2
5,octanol_dipole,173,0.1955999732017517,0.009257138706743717,0.6508018764559624,0.9269127195881324,1.5804697275161743,0.13492551445960999,0.08537051492384828,0.1
5,octanol_dipole,174,0.09353195130825043,0.006864966358989477,0.6468108855446795,0.9697705053161279,1.1915925741195679,0.0025832054670900106,0.002167859655384865,0.06
5,octanol_dipole,175,0.2766590416431427,0.004876379854977131,0.6513724052647751,0.9595985383807595,0.8126628994941711,0.0455423966050148,0.05604094469350321,0.12
5,octanol_dipole,176,0.26715952157974243,0.0031808812636882067,0.6633064967409001,0.9677179139707357,0.5416602492332458,0.054098714143037796,0.09987573247181776,0.16
5,octanol_dipole,177,0.5407124161720276,0.0031651367899030447,0.6560592659364213,0.9027085720797394,0.4995375871658325,0.2622327506542206,0.5249509894581098,0.38
5,octanol_dipole,178,0.2914589047431946,0.003078967100009322,0.6516184279216788,0.9333542342573533,0.506894588470459,0.08186759054660797,0.1615081170892774,0.1
5,octanol_dipole,179,0.25415942072868347,0.006841933820396662,0.6470369484452181,0.9425426014709988,1.1675688028335571,0.08533571660518646,0.07308838365506713,0.14
5,octanol_dipole,180,0.08805351704359055,0.018760981038212776,0.6517423395513786,0.956292277623989,3.376720905303955,0.019262468442320824,0.005704489350027262,0.04
5,octanol_dipole,181,0.2744511365890503,0.0034088091924786568,0.6703383075792446,0.9457278020547779,0.6257921457290649,0.0442119799554348,0.07064962425171802,0.16
5,octanol_dipole,182,0.44765302538871765,0.00722721591591835,0.6478052902647773,0.910580020553877,1.304221749305725,0.3368055522441864,0.2582425514859553,0.4
5,octanol_dipole,183,0.3126564025878906,0.00879428256303072,0.6442480615580966,0.9186302007827698,1.5474083423614502,0.17988790571689606,0.11625108951033242,0.24
5,octanol_dipole,184,0.562146008014679,0.00365496170707047,0.6567465296700388,0.9032534305091393,0.5904728770256042,0.27490684390068054,0.465570654634421,0.42
5,octanol_dipole,185,0.2396838366985321,0.005633264314383268,0.6446518865922595,0.961857169337101,0.9507665634155273,0.05110383778810501,0.05375014199544411,0.08
5,octanol_dipole,186,0.6339371204376221,0.0021174647845327854,0.6858299752307724,0.9255130344422635,0.2774081826210022,0.2630515694618225,0.9482473335013559,0.42
5,octanol_dipole,187,0.8040130734443665,0.0026727840304374695,0.7008139042383443,0.9304745339637188,0.41252952814102173,0.4981756806373596,1.2076121747751838,0.64
5,octanol_dipole,188,0.5578991770744324,0.0022488345857709646,0.6671312638067028,0.9642171392049166,0.28883543610572815,0.12230484187602997,0.4234412630424624,0.4
5,octanol_dipole,189,0.2081652730703354,0.0032512866891920567,0.6459114385585552,0.945854054717568,0.5161205530166626,0.055003758519887924,0.10657153294593204,0.22
5,octanol_dipole,190,0.3430045247077942,0.007976863533258438,0.6511514927884483,0.9459107938926274,1.37994384765625,0.0899762511253357,0.06520283508503251,0.26
5,octanol_dipole,191,0.7577964663505554,0.0031112937722355127,0.6872228761900387,0.9370433996340148,0.5387268662452698,0.5139074325561523,0.9539294673345329,0.72
5,octanol_dipole,192,0.43049192428588867,0.004821865353733301,0.6523325365144286,0.9119003139068131,0.8703851699829102,0.21953652799129486,0.25222916883522434,0.22
5,octanol_dipole,193,0.4920322000980377,0.0045289224945008755,0.6520597565306088,0.912766550400562,0.7537297010421753,0.29346415400505066,0.3893493298715447,0.2
5,octanol_dipole,194,0.16565681993961334,0.0033205330837517977,0.6519555140907232,0.9684180645848752,0.5333152413368225,0.017539987340569496,0.032888591926612275,0.16
5,octanol_dipole,195,0.7071979641914368,0.004851814825087786,0.6738072887812288,0.9125321497654957,0.88573157787323,0.6086180210113525,0.687135963327324,0.46
5,octanol_dipole,196,0.6069574952125549,0.003636110806837678,0.6615730245932887,0.9224225396907555,0.6181250810623169,0.2715376913547516,0.4392924663210297,0.4
5,octanol_dipole,197,0.2875521183013916,0.01137595996260643,0.6514155547539202,0.9180232083358466,2.0526890754699707,0.2696525752544403,0.13136552363279974,0.24
5,octanol_dipole,198,0.4513322710990906,0.006188610568642616,0.6485263452177203,0.9044479392777156,1.0196332931518555,0.2715966999530792,0.26636703781369164,0.22
5,octanol_dipole,199,0.11598862707614899,0.009300081059336662,0.6406884673044941,0.9369755818989036,1.5673028230667114,0.17707785964012146,0.1129825436629002,0.14
5,octanol_dipole,200,0.1756470799446106,0.0032357973977923393,0.6694272196404363,0.9668336167705829,0.5571154952049255,0.039282239973545074,0.07051004739887151,0.26
5,octanol_dipole,201,0.07756299525499344,0.004667992703616619,0.6533787395657584,0.9530064646403673,0.7909421324729919,0.007116054650396109,0.008996934615364037,0.1
5,octanol_dipole,202,0.1836850792169571,0.0021105592604726553,0.6512354130780504,0.9567920165099257,0.2396279275417328,0.05960072949528694,0.24872196703744842,0.18
5,octanol_dipole,203,0.449283242225647,0.004662406165152788,0.657549912839072,0.9359070607897999,0.7774816751480103,0.186728373169899,0.24017077075720306,0.26
5,octanol_dipole,204,0.31948086619377136,0.0019234413048252463,0.654702802824483,0.9421891354742216,0.228581503033638,0.1427888572216034,0.6246737173680699,0.16
5,octanol_dipole,205,0.4628688395023346,0.0017158578848466277,0.6662530598858105,0.9662792854232949,0.13837984204292297,0.029326312243938446,0.21192618672625702,0.4
5,octanol_dipole,206,0.45496147871017456,0.01028466783463955,0.6533741860242035,0.9203691483628516,1.8237887620925903,0.446181058883667,0.2446451410149742,0.3
5,octanol_dipole,207,0.494611531496048,0.003526960965245962,0.6737392223745662,0.906559407863244,0.653113067150116,0.3072493374347687,0.47043820264607933,0.22
5,octanol_dipole,208,0.5791110396385193,0.005060118157416582,0.6626344654588292,0.9047906904104308,0.9347077012062073,0.3456977307796478,0.3698458141871915,0.48
5,octanol_dipole,209,0.24373458325862885,0.002914723474532366,0.6693447114251134,0.9555883757311108,0.48119452595710754,0.03318773955106735,0.06896948689317721,0.14
5,octanol_dipole,210,0.17160619795322418,0.0026059895753860474,0.6472756240853397,0.9762844764690721,0.438082218170166,0.0030754567123949528,0.007020272873071376,0.14
5,octanol_dipole,211,0.32026416063308716,0.002816135063767433,0.661022451618694,0.9728638291428424,0.41387152671813965,0.12753824889659882,0.3081590316394407,0.22
5,octanol_dipole,212,0.8401567935943604,0.0021525435149669647,0.7252312972695338,0.9167201043378319,0.2896614074707031,0.5705075860023499,1.9695671266116181,0.7
5,octanol_dipole,213,0.18729858100414276,0.0031110974960029125,0.665359694200893,0.9753528726661378,0.5255231261253357,0.012876315973699093,0.024501901692958284,0.26
5,octanol_dipole,214,0.24163058400154114,0.0033144927583634853,0.6563973089901982,0.9617447901812823,0.5130566358566284,0.05882821977138519,0.1146622334845397,0.16
5,octanol_dipole,215,0.21286484599113464,0.006679137237370014,0.650401017889255,0.9437015248664145,1.1020797491073608,0.04318046569824219,0.039180890251559915,0.14
5,octanol_dipole,216,0.21870958805084229,0.004951362032443285,0.652942049359696,0.9541232826883663,0.8221712112426758,0.021456480026245117,0.02609733803962144,0.14
5,octanol_dipole,217,0.1194591149687767,0.005242167506366968,0.6564239256356625,0.9673623582605357,0.9086228013038635,0.005927727557718754,0.006523859569903519,0.08
5,octanol_dipole,218,0.32822534441947937,0.008241089060902596,0.6578072214156938,0.9608751554182158,1.4359289407730103,0.026022179052233696,0.018122191365698818,0.28
5,octanol_dipole,219,0.12137115001678467,0.009987611323595047,0.6415176465795795,0.9599556327280041,1.6339884996414185,0.010205144062638283,0.006245542159493668,0.12
5,octanol_dipole,220,0.14839760959148407,0.0031017959117889404,0.6617178342626657,0.9639014872919669,0.5014278888702393,0.0303275715559721,0.06048241876673984,0.12
5,octanol_dipole,221,0.12222585827112198,0.008415339514613152,0.6585378906900174,0.9682045962148598,1.4742684364318848,0.008467547595500946,0.005743558897587624,0.06
5,octanol_dipole,222,0.4081014394760132,0.004126774147152901,0.6718087557760359,0.921484423237203,0.7965110540390015,0.2900918126106262,0.36420312202776006,0.26
5,octanol_dipole,223,0.6073848009109497,0.0038447463884949684,0.6841757181130244,0.928190073222561,0.6996258497238159,0.36786070466041565,0.5257963307182435,0.38
5,octanol_dipole,224,0.3050291836261749,0.0064118471927940845,0.6635497930042387,0.9284764468022504,1.3594971895217896,0.21459370851516724,0.15784785005009958,0.18
5,octanol_dipole,225,0.7234495878219604,0.005427572876214981,0.6775757475360618,0.9158382726919556,0.9272938966751099,0.5830585360527039,0.6287742625539855,0.5
5,octanol_dipole,226,0.40264758467674255,0.008200808428227901,0.6444934960440265,0.9041310331884218,1.5729730129241943,0.26319169998168945,0.1673211795874424,0.16
5,octanol_dipole,227,0.7568777799606323,0.003459642408415675,0.7040183681214207,0.9205193526067692,0.6206622123718262,0.6707237362861633,1.080658243592807,0.5
5,octanol_dipole,228,0.27531352639198303,0.006208508275449276,0.6538645631199889,0.9712732885952944,1.0647944211959839,0.021664569154381752,0.02034624592608963,0.34
5,octanol_dipole,229,0.1347874104976654,0.008364718407392502,0.6568892733676381,0.9545131912027145,1.4359639883041382,0.007321890443563461,0.005098937371131817,0.14
5,octanol_dipole,230,0.19363811612129211,0.0023517808876931667,0.6496393771008089,0.9682568030173151,0.31164586544036865,0.024187205359339714,0.0776111864187968,0.24
5,octanol_dipole,231,0.4888633191585541,0.006123330909758806,0.6614601539746441,0.9299752071296932,1.0846829414367676,0.2638200521469116,0.24322319644619506,0.26
5,octanol_dipole,232,0.1678072214126587,0.004411859437823296,0.6519825967004551,0.9671054928168759,0.7769564986228943,0.01589602790772915,0.020459353819555975,0.12
5,octanol_dipole,233,0.2675621807575226,0.007752070669084787,0.6526749548970079,0.9692487568039598,1.317577838897705,0.003285298589617014,0.0024934379530590148,0.3
5,octanol_dipole,234,0.15531206130981445,0.006778550334274769,0.6453293675393919,0.9686944967394495,1.1392179727554321,0.01109063345938921,0.009735304151289186,0.06
5,octanol_dipole,235,0.6405354142189026,0.005227839108556509,0.6640732768083739,0.9013863181277233,0.9025378227233887,0.43616724014282227,0.48326754753246454,0.58
5,octanol_dipole,236,0.34723690152168274,0.007162615656852722,0.637817253110764,0.9323285066977975,1.2062640190124512,0.17921142280101776,0.1485673285254212,0.3
5,octanol_dipole,237,0.19075138866901398,0.004141469020396471,0.6491961135469149,0.9628341317324889,0.6862822771072388,0.016341369599103928,0.023811440487702437,0.2
5,octanol_dipole,238,0.16934233903884888,0.007811908144503832,0.6508083271627021,0.9614467654659253,1.300542950630188,0.004264353308826685,0.0032789023282624847,0.22
5,octanol_dipole,239,0.12078133970499039,0.007577838376164436,0.6488735354064672,0.9581104337347388,1.2423609495162964,0.008512484841048717,0.006851861243999167,0.14
5,octanol_dipole,240,0.37869513034820557,0.008457374759018421,0.6396438708151044,0.9179942183957572,1.5458964109420776,0.29281023144721985,0.18941128873491575,0.3
5,octanol_dipole,241,0.4297470152378082,0.006931882351636887,0.6524313438805986,0.929618099986063,1.1927666664123535,0.13527430593967438,0.11341221191782405,0.24
5,octanol_dipole,242,0.40513724088668823,0.004624367691576481,0.6568281359948982,0.96448445514139,0.8419708609580994,0.04642726480960846,0.0551411776374039,0.34
5,octanol_dipole,243,0.926876425743103,0.002182470867410302,0.7335213702559893,0.9624992976382705,0.3310658037662506,0.7665572166442871,2.3154225169855227,0.94
5,octanol_dipole,244,0.14462341368198395,0.004688085988163948,0.6653987794473899,0.9678708378716274,0.8405269384384155,0.02562844380736351,0.030490924960689142,0.14
5,octanol_dipole,245,0.32764649391174316,0.002041475847363472,0.6596290458487826,0.965616499241573,0.20008060336112976,0.07674898207187653,0.3835903170151414,0.16
5,octanol_dipole,246,0.15552367269992828,0.0055377427488565445,0.6473073119940145,0.9671275729110305,1.0723949670791626,0.0161639004945755,0.015072712005167688,0.08
5,octanol_dipole,247,0.11199764162302017,0.0023010671138763428,0.6637564493817611,0.9579244189554434,0.35816285014152527,0.02447511814534664,0.06833516690990003,0.06
5,octanol_dipole,248,0.17499199509620667,0.0030225568916648626,0.6681815071204118,0.9749989127078438,0.5157465934753418,0.05851365998387337,0.11345428302217365,0.14
5,octanol_dipole,249,0.20100338757038116,0.007618498057126999,0.6470176187639234,0.9470196467185668,1.314111590385437,0.06266697496175766,0.04768771192663863,0.18
5,hexane_gsolv_eV,0,0.9999998807907104,0.0,0.674653050582094,0.674653050582094,,,,1.0
5,hexane_gsolv_eV,1,0.9999998807907104,0.0,0.674653050582094,0.674653050582094,,,,1.0
5,hexane_gsolv_eV,2,0.9999998807907104,0.0,0.674653050582094,0.674653050582094,,,,1.0
5,hexane_gsolv_eV,3,0.9999998807907104,0.0,0.674653050582094,0.674653050582094,,,,1.0
5,hexane_gsolv_eV,4,0.9999998807907104,0.0,0.674653050582094,0.674653050582094,,,,1.0
5,hexane_gsolv_eV,5,0.9999998807907104,0.0,0.674653050582094,0.674653050582094,,,,1.0
5,hexane_gsolv_eV,6,0.9999998807907104,0.0,0.674653050582094,0.674653050582094,,,,1.0
5,hexane_gsolv_eV,7,0.9999998807907104,0.0,0.674653050582094,0.674653050582094,,,,1.0
5,hexane_gsolv_eV,8,0.9999998807907104,0.0,0.674653050582094,0.674653050582094,,,,1.0
5,hexane_gsolv_eV,9,0.9999998807907104,0.0,0.674653050582094,0.674653050582094,,,,1.0
5,hexane_gsolv_eV,10,0.9999998807907104,0.0,0.674653050582094,0.674653050582094,,,,1.0
5,hexane_gsolv_eV,11,0.9999998807907104,0.0,0.674653050582094,0.674653050582094,,,,1.0
5,hexane_gsolv_eV,12,0.9999998807907104,0.0,0.674653050582094,0.674653050582094,,,,1.0
5,hexane_gsolv_eV,13,0.9999998807907104,0.0,0.674653050582094,0.674653050582094,,,,1.0
5,hexane_gsolv_eV,14,0.9999998807907104,0.0,0.674653050582094,0.674653050582094,,,,1.0
5,hexane_gsolv_eV,15,0.9999998807907104,0.0,0.674653050582094,0.674653050582094,,,,1.0
5,hexane_gsolv_eV,16,0.9999998807907104,0.0,0.674653050582094,0.674653050582094,,,,1.0
5,hexane_gsolv_eV,17,0.9999998807907104,0.0,0.674653050582094,0.674653050582094,,,,1.0
5,hexane_gsolv_eV,18,0.9999998807907104,0.0,0.674653050582094,0.674653050582094,,,,1.0
5,hexane_gsolv_eV,19,0.9999998807907104,0.0,0.674653050582094,0.674653050582094,,,,1.0
5,hexane_gsolv_eV,20,0.9999998807907104,0.0,0.674653050582094,0.674653050582094,,,,1.0
5,hexane_gsolv_eV,21,0.9999998807907104,0.0,0.674653050582094,0.674653050582094,,,,1.0
5,hexane_gsolv_eV,22,0.9999998807907104,0.0,0.674653050582094,0.674653050582094,,,,1.0
5,hexane_gsolv_eV,23,0.9999998807907104,0.0,0.674653050582094,0.674653050582094,,,,1.0
5,hexane_gsolv_eV,24,0.9999998807907104,0.0,0.674653050582094,0.674653050582094,,,,1.0
5,hexane_gsolv_eV,25,0.9999998807907104,0.0,0.674653050582094,0.674653050582094,,,,1.0
5,hexane_gsolv_eV,26,0.9999998807907104,0.0,0.674653050582094,0.674653050582094,,,,1.0
5,hexane_gsolv_eV,27,0.9999998807907104,0.0,0.674653050582094,0.674653050582094,,,,1.0
5,hexane_gsolv_eV,28,0.9999998807907104,0.0,0.674653050582094,0.674653050582094,,,,1.0
5,hexane_gsolv_eV,29,0.9999998807907104,0.0,0.674653050582094,0.674653050582094,,,,1.0
5,hexane_gsolv_eV,30,0.9999998807907104,0.0,0.674653050582094,0.674653050582094,,,,1.0
5,hexane_gsolv_eV,31,0.9999998807907104,0.0,0.674653050582094,0.674653050582094,,,,1.0
5,hexane_gsolv_eV,32,0.9999998807907104,0.0,0.674653050582094,0.674653050582094,,,,1.0
5,hexane_gsolv_eV,33,0.9999998807907104,0.0,0.674653050582094,0.674653050582094,,,,1.0
5,hexane_gsolv_eV,34,0.9999998807907104,0.0,0.674653050582094,0.674653050582094,,,,1.0
5,hexane_gsolv_eV,35,0.9999998807907104,0.0,0.674653050582094,0.674653050582094,,,,1.0
5,hexane_gsolv_eV,36,0.9999998807907104,0.0,0.674653050582094,0.674653050582094,,,,1.0
5,hexane_gsolv_eV,37,0.9999998807907104,0.0,0.674653050582094,0.674653050582094,,,,1.0
5,hexane_gsolv_eV,38,0.9999998807907104,0.0,0.674653050582094,0.674653050582094,,,,1.0
5,hexane_gsolv_eV,39,0.9999998807907104,0.0,0.674653050582094,0.674653050582094,,,,1.0
5,hexane_gsolv_eV,40,0.9999998807907104,0.0,0.674653050582094,0.674653050582094,,,,1.0
5,hexane_gsolv_eV,41,0.9999998807907104,0.0,0.674653050582094,0.674653050582094,,,,1.0
5,hexane_gsolv_eV,42,0.9999998807907104,0.0,0.674653050582094,0.674653050582094,,,,1.0
5,hexane_gsolv_eV,43,0.9999998807907104,0.0,0.674653050582094,0.674653050582094,,,,1.0
5,hexane_gsolv_eV,44,0.9999998807907104,0.0,0.674653050582094,0.674653050582094,,,,1.0
5,hexane_gsolv_eV,45,0.9999998807907104,0.0,0.674653050582094,0.674653050582094,,,,1.0
5,hexane_gsolv_eV,46,0.9999998807907104,0.0,0.674653050582094,0.674653050582094,,,,1.0
5,hexane_gsolv_eV,47,0.9999998807907104,0.0,0.674653050582094,0.674653050582094,,,,1.0
5,hexane_gsolv_eV,48,0.9999998807907104,0.0,0.674653050582094,0.674653050582094,,,,1.0
5,hexane_gsolv_eV,49,0.9999998807907104,0.0,0.674653050582094,0.674653050582094,,,,1.0
5,hexane_gsolv_eV,50,0.9999998807907104,0.0,0.674653050582094,0.674653050582094,,,,1.0
5,hexane_gsolv_eV,51,0.9999998807907104,0.0,0.674653050582094,0.674653050582094,,,,1.0
5,hexane_gsolv_eV,52,0.9999998807907104,0.0,0.674653050582094,0.674653050582094,,,,1.0
5,hexane_gsolv_eV,53,0.9999998807907104,0.0,0.674653050582094,0.674653050582094,,,,1.0
5,hexane_gsolv_eV,54,0.9999998807907104,0.0,0.674653050582094,0.674653050582094,,,,1.0
5,hexane_gsolv_eV,55,0.9999998807907104,0.0,0.674653050582094,0.674653050582094,,,,1.0
5,hexane_gsolv_eV,56,0.9999998807907104,0.0,0.674653050582094,0.674653050582094,,,,1.0
5,hexane_gsolv_eV,57,0.9999998807907104,0.0,0.674653050582094,0.674653050582094,,,,1.0
5,hexane_gsolv_eV,58,0.9999998807907104,0.0,0.674653050582094,0.674653050582094,,,,1.0
5,hexane_gsolv_eV,59,0.9999998807907104,0.0,0.674653050582094,0.674653050582094,,,,1.0
5,hexane_gsolv_eV,60,0.9999998807907104,0.0,0.674653050582094,0.674653050582094,,,,1.0
5,hexane_gsolv_eV,61,0.9999998807907104,0.0,0.674653050582094,0.674653050582094,,,,1.0
5,hexane_gsolv_eV,62,0.9999998807907104,0.0,0.674653050582094,0.674653050582094,,,,1.0
5,hexane_gsolv_eV,63,0.9999998807907104,0.0,0.674653050582094,0.674653050582094,,,,1.0
5,hexane_gsolv_eV,64,0.9999998807907104,0.0,0.674653050582094,0.674653050582094,,,,1.0
5,hexane_gsolv_eV,65,0.9999998807907104,0.0,0.674653050582094,0.674653050582094,,,,1.0
5,hexane_gsolv_eV,66,0.9999998807907104,0.0,0.674653050582094,0.674653050582094,,,,1.0
5,hexane_gsolv_eV,67,0.9999998807907104,0.0,0.674653050582094,0.674653050582094,,,,1.0
5,hexane_gsolv_eV,68,0.9999998807907104,0.0,0.674653050582094,0.674653050582094,,,,1.0
5,hexane_gsolv_eV,69,0.9999998807907104,0.0,0.674653050582094,0.674653050582094,,,,1.0
5,hexane_gsolv_eV,70,0.9999998807907104,0.0,0.674653050582094,0.674653050582094,,,,1.0
5,hexane_gsolv_eV,71,0.9999998807907104,0.0,0.674653050582094,0.674653050582094,,,,1.0
5,hexane_gsolv_eV,72,0.9999998807907104,0.0,0.674653050582094,0.674653050582094,,,,1.0
5,hexane_gsolv_eV,73,0.9999998807907104,0.0,0.674653050582094,0.674653050582094,,,,1.0
5,hexane_gsolv_eV,74,0.9999998807907104,0.0,0.674653050582094,0.674653050582094,,,,1.0
5,hexane_gsolv_eV,75,0.9999998807907104,0.0,0.674653050582094,0.674653050582094,,,,1.0
5,hexane_gsolv_eV,76,0.9999998807907104,0.0,0.674653050582094,0.674653050582094,,,,1.0
5,hexane_gsolv_eV,77,0.9999998807907104,0.0,0.674653050582094,0.674653050582094,,,,1.0
5,hexane_gsolv_eV,78,0.9999998807907104,0.0,0.674653050582094,0.674653050582094,,,,1.0
5,hexane_gsolv_eV,79,0.9999998807907104,0.0,0.674653050582094,0.674653050582094,,,,1.0
5,hexane_gsolv_eV,80,0.9999998807907104,0.0,0.674653050582094,0.674653050582094,,,,1.0
5,hexane_gsolv_eV,81,0.9999998807907104,0.0,0.674653050582094,0.674653050582094,,,,1.0
5,hexane_gsolv_eV,82,0.9999998807907104,0.0,0.674653050582094,0.674653050582094,,,,1.0
5,hexane_gsolv_eV,83,0.9999998807907104,0.0,0.674653050582094,0.674653050582094,,,,1.0
5,hexane_gsolv_eV,84,0.9999998807907104,0.0,0.674653050582094,0.674653050582094,,,,1.0
5,hexane_gsolv_eV,85,0.9999998807907104,0.0,0.674653050582094,0.674653050582094,,,,1.0
5,hexane_gsolv_eV,86,0.9999998807907104,0.0,0.674653050582094,0.674653050582094,,,,1.0
5,hexane_gsolv_eV,87,0.9999998807907104,0.0,0.674653050582094,0.674653050582094,,,,1.0
5,hexane_gsolv_eV,88,0.9999998807907104,0.0,0.674653050582094,0.674653050582094,,,,1.0
5,hexane_gsolv_eV,89,0.9999998807907104,0.0,0.674653050582094,0.674653050582094,,,,1.0
5,hexane_gsolv_eV,90,0.9999998807907104,0.0,0.674653050582094,0.674653050582094,,,,1.0
5,hexane_gsolv_eV,91,0.9999998807907104,0.0,0.674653050582094,0.674653050582094,,,,1.0
5,hexane_gsolv_eV,92,0.9999998807907104,0.0,0.674653050582094,0.674653050582094,,,,1.0
5,hexane_gsolv_eV,93,0.9999998807907104,0.0,0.674653050582094,0.674653050582094,,,,1.0
5,hexane_gsolv_eV,94,0.9999998807907104,0.0,0.674653050582094,0.674653050582094,,,,1.0
5,hexane_gsolv_eV,95,0.9999998807907104,0.0,0.674653050582094,0.674653050582094,,,,1.0
5,hexane_gsolv_eV,96,0.9999998807907104,0.0,0.674653050582094,0.674653050582094,,,,1.0
5,hexane_gsolv_eV,97,0.9999998807907104,0.0,0.674653050582094,0.674653050582094,,,,1.0
5,hexane_gsolv_eV,98,0.9999998807907104,0.0,0.674653050582094,0.674653050582094,,,,1.0
5,hexane_gsolv_eV,99,0.9999998807907104,0.0,0.674653050582094,0.674653050582094,,,,1.0
5,hexane_gsolv_eV,100,0.9999998807907104,0.0,0.674653050582094,0.674653050582094,,,,1.0
5,hexane_gsolv_eV,101,0.9999998807907104,0.0,0.674653050582094,0.674653050582094,,,,1.0
5,hexane_gsolv_eV,102,0.9999998807907104,0.0,0.674653050582094,0.674653050582094,,,,1.0
5,hexane_gsolv_eV,103,0.9999998807907104,0.0,0.674653050582094,0.674653050582094,,,,1.0
5,hexane_gsolv_eV,104,0.9999998807907104,0.0,0.674653050582094,0.674653050582094,,,,1.0
5,hexane_gsolv_eV,105,0.9999998807907104,0.0,0.674653050582094,0.674653050582094,,,,1.0
5,hexane_gsolv_eV,106,0.9999998807907104,0.0,0.674653050582094,0.674653050582094,,,,1.0
5,hexane_gsolv_eV,107,0.9999998807907104,0.0,0.674653050582094,0.674653050582094,,,,1.0
5,hexane_gsolv_eV,108,0.9999998807907104,0.0,0.674653050582094,0.674653050582094,,,,1.0
5,hexane_gsolv_eV,109,0.9999998807907104,0.0,0.674653050582094,0.674653050582094,,,,1.0
5,hexane_gsolv_eV,110,0.9999998807907104,0.0,0.674653050582094,0.674653050582094,,,,1.0
5,hexane_gsolv_eV,111,0.9999998807907104,0.0,0.674653050582094,0.674653050582094,,,,1.0
5,hexane_gsolv_eV,112,0.9999998807907104,0.0,0.674653050582094,0.674653050582094,,,,1.0
5,hexane_gsolv_eV,113,0.9999998807907104,0.0,0.674653050582094,0.674653050582094,,,,1.0
5,hexane_gsolv_eV,114,0.9999998807907104,0.0,0.674653050582094,0.674653050582094,,,,1.0
5,hexane_gsolv_eV,115,0.9999998807907104,0.0,0.674653050582094,0.674653050582094,,,,1.0
5,hexane_gsolv_eV,116,0.9999998807907104,0.0,0.674653050582094,0.674653050582094,,,,1.0
5,hexane_gsolv_eV,117,0.9999998807907104,0.0,0.674653050582094,0.674653050582094,,,,1.0
5,hexane_gsolv_eV,118,0.9999998807907104,0.0,0.674653050582094,0.674653050582094,,,,1.0
5,hexane_gsolv_eV,119,0.9999998807907104,0.0,0.674653050582094,0.674653050582094,,,,1.0
5,hexane_gsolv_eV,120,0.9999998807907104,0.0,0.674653050582094,0.674653050582094,,,,1.0
5,hexane_gsolv_eV,121,0.9999998807907104,0.0,0.674653050582094,0.674653050582094,,,,1.0
5,hexane_gsolv_eV,122,0.9999998807907104,0.0,0.674653050582094,0.674653050582094,,,,1.0
5,hexane_gsolv_eV,123,0.9999998807907104,0.0,0.674653050582094,0.674653050582094,,,,1.0
5,hexane_gsolv_eV,124,0.9999998807907104,0.0,0.674653050582094,0.674653050582094,,,,1.0
5,hexane_gsolv_eV,125,0.9999998807907104,0.0,0.674653050582094,0.674653050582094,,,,1.0
5,hexane_gsolv_eV,126,0.9999998807907104,0.0,0.674653050582094,0.674653050582094,,,,1.0
5,hexane_gsolv_eV,127,0.9999998807907104,0.0,0.674653050582094,0.674653050582094,,,,1.0
5,hexane_gsolv_eV,128,0.9999998807907104,0.0,0.674653050582094,0.674653050582094,,,,1.0
5,hexane_gsolv_eV,129,0.9999998807907104,0.0,0.674653050582094,0.674653050582094,,,,1.0
5,hexane_gsolv_eV,130,0.9999998807907104,0.0,0.674653050582094,0.674653050582094,,,,1.0
5,hexane_gsolv_eV,131,0.9999998807907104,0.0,0.674653050582094,0.674653050582094,,,,1.0
5,hexane_gsolv_eV,132,0.9999998807907104,0.0,0.674653050582094,0.674653050582094,,,,1.0
5,hexane_gsolv_eV,133,0.9999998807907104,0.0,0.674653050582094,0.674653050582094,,,,1.0
5,hexane_gsolv_eV,134,0.9999998807907104,0.0,0.674653050582094,0.674653050582094,,,,1.0
5,hexane_gsolv_eV,135,0.9999998807907104,0.0,0.674653050582094,0.674653050582094,,,,1.0
5,hexane_gsolv_eV,136,0.9999998807907104,0.0,0.674653050582094,0.674653050582094,,,,1.0
5,hexane_gsolv_eV,137,0.9999998807907104,0.0,0.674653050582094,0.674653050582094,,,,1.0
5,hexane_gsolv_eV,138,0.9999998807907104,0.0,0.674653050582094,0.674653050582094,,,,1.0
5,hexane_gsolv_eV,139,0.9999998807907104,0.0,0.674653050582094,0.674653050582094,,,,1.0
5,hexane_gsolv_eV,140,0.9999998807907104,0.0,0.674653050582094,0.674653050582094,,,,1.0
5,hexane_gsolv_eV,141,0.9999998807907104,0.0,0.674653050582094,0.674653050582094,,,,1.0
5,hexane_gsolv_eV,142,0.9999998807907104,0.0,0.674653050582094,0.674653050582094,,,,1.0
5,hexane_gsolv_eV,143,0.9999998807907104,0.0,0.674653050582094,0.674653050582094,,,,1.0
5,hexane_gsolv_eV,144,0.9999998807907104,0.0,0.674653050582094,0.674653050582094,,,,1.0
5,hexane_gsolv_eV,145,0.9999998807907104,0.0,0.674653050582094,0.674653050582094,,,,1.0
5,hexane_gsolv_eV,146,0.9999998807907104,0.0,0.674653050582094,0.674653050582094,,,,1.0
5,hexane_gsolv_eV,147,0.9999998807907104,0.0,0.674653050582094,0.674653050582094,,,,1.0
5,hexane_gsolv_eV,148,0.9999998807907104,0.0,0.674653050582094,0.674653050582094,,,,1.0
5,hexane_gsolv_eV,149,0.9999998807907104,0.0,0.674653050582094,0.674653050582094,,,,1.0
5,hexane_gsolv_eV,150,0.9999998807907104,0.0,0.674653050582094,0.674653050582094,,,,1.0
5,hexane_gsolv_eV,151,0.9999998807907104,0.0,0.674653050582094,0.674653050582094,,,,1.0
5,hexane_gsolv_eV,152,0.9999998807907104,0.0,0.674653050582094,0.674653050582094,,,,1.0
5,hexane_gsolv_eV,153,0.9999998807907104,0.0,0.674653050582094,0.674653050582094,,,,1.0
5,hexane_gsolv_eV,154,0.9999998807907104,0.0,0.674653050582094,0.674653050582094,,,,1.0
5,hexane_gsolv_eV,155,0.9999998807907104,0.0,0.674653050582094,0.674653050582094,,,,1.0
5,hexane_gsolv_eV,156,0.9999998807907104,0.0,0.674653050582094,0.674653050582094,,,,1.0
5,hexane_gsolv_eV,157,0.9999998807907104,0.0,0.674653050582094,0.674653050582094,,,,1.0
5,hexane_gsolv_eV,158,0.9999998807907104,0.0,0.674653050582094,0.674653050582094,,,,1.0
5,hexane_gsolv_eV,159,0.9999998807907104,0.0,0.674653050582094,0.674653050582094,,,,1.0
5,hexane_gsolv_eV,160,0.9999998807907104,0.0,0.674653050582094,0.674653050582094,,,,1.0
5,hexane_gsolv_eV,161,0.9999998807907104,0.0,0.674653050582094,0.674653050582094,,,,1.0
5,hexane_gsolv_eV,162,0.9999998807907104,0.0,0.674653050582094,0.674653050582094,,,,1.0
5,hexane_gsolv_eV,163,0.9999998807907104,0.0,0.674653050582094,0.674653050582094,,,,1.0
5,hexane_gsolv_eV,164,0.9999998807907104,0.0,0.674653050582094,0.674653050582094,,,,1.0
5,hexane_gsolv_eV,165,0.9999998807907104,0.0,0.674653050582094,0.674653050582094,,,,1.0
5,hexane_gsolv_eV,166,0.9999998807907104,0.0,0.674653050582094,0.674653050582094,,,,1.0
5,hexane_gsolv_eV,167,0.9999998807907104,0.0,0.674653050582094,0.674653050582094,,,,1.0
5,hexane_gsolv_eV,168,0.9999998807907104,0.0,0.674653050582094,0.674653050582094,,,,1.0
5,hexane_gsolv_eV,169,0.9999998807907104,0.0,0.674653050582094,0.674653050582094,,,,1.0
5,hexane_gsolv_eV,170,0.9999998807907104,0.0,0.674653050582094,0.674653050582094,,,,1.0
5,hexane_gsolv_eV,171,0.9999998807907104,0.0,0.674653050582094,0.674653050582094,,,,1.0
5,hexane_gsolv_eV,172,0.9999998807907104,0.0,0.674653050582094,0.674653050582094,,,,1.0
5,hexane_gsolv_eV,173,0.9999998807907104,0.0,0.674653050582094,0.674653050582094,,,,1.0
5,hexane_gsolv_eV,174,0.9999998807907104,0.0,0.674653050582094,0.674653050582094,,,,1.0
5,hexane_gsolv_eV,175,0.9999998807907104,0.0,0.674653050582094,0.674653050582094,,,,1.0
5,hexane_gsolv_eV,176,0.9999998807907104,0.0,0.674653050582094,0.674653050582094,,,,1.0
5,hexane_gsolv_eV,177,0.9999998807907104,0.0,0.674653050582094,0.674653050582094,,,,1.0
5,hexane_gsolv_eV,178,0.9999998807907104,0.0,0.674653050582094,0.674653050582094,,,,1.0
5,hexane_gsolv_eV,179,0.9999998807907104,0.0,0.674653050582094,0.674653050582094,,,,1.0
5,hexane_gsolv_eV,180,0.9999998807907104,0.0,0.674653050582094,0.674653050582094,,,,1.0
5,hexane_gsolv_eV,181,0.9999998807907104,0.0,0.674653050582094,0.674653050582094,,,,1.0
5,hexane_gsolv_eV,182,0.9999998807907104,0.0,0.674653050582094,0.674653050582094,,,,1.0
5,hexane_gsolv_eV,183,0.9999998807907104,0.0,0.674653050582094,0.674653050582094,,,,1.0
5,hexane_gsolv_eV,184,0.9999998807907104,0.0,0.674653050582094,0.674653050582094,,,,1.0
5,hexane_gsolv_eV,185,0.9999998807907104,0.0,0.674653050582094,0.674653050582094,,,,1.0
5,hexane_gsolv_eV,186,0.9999998807907104,0.0,0.674653050582094,0.674653050582094,,,,1.0
5,hexane_gsolv_eV,187,0.9999998807907104,0.0,0.674653050582094,0.674653050582094,,,,1.0
5,hexane_gsolv_eV,188,0.9999998807907104,0.0,0.674653050582094,0.674653050582094,,,,1.0
5,hexane_gsolv_eV,189,0.9999998807907104,0.0,0.674653050582094,0.674653050582094,,,,1.0
5,hexane_gsolv_eV,190,0.9999998807907104,0.0,0.674653050582094,0.674653050582094,,,,1.0
5,hexane_gsolv_eV,191,0.9999998807907104,0.0,0.674653050582094,0.674653050582094,,,,1.0
5,hexane_gsolv_eV,192,0.9999998807907104,0.0,0.674653050582094,0.674653050582094,,,,1.0
5,hexane_gsolv_eV,193,0.9999998807907104,0.0,0.674653050582094,0.674653050582094,,,,1.0
5,hexane_gsolv_eV,194,0.9999998807907104,0.0,0.674653050582094,0.674653050582094,,,,1.0
5,hexane_gsolv_eV,195,0.9999998807907104,0.0,0.674653050582094,0.674653050582094,,,,1.0
5,hexane_gsolv_eV,196,0.9999998807907104,0.0,0.674653050582094,0.674653050582094,,,,1.0
5,hexane_gsolv_eV,197,0.9999998807907104,0.0,0.674653050582094,0.674653050582094,,,,1.0
5,hexane_gsolv_eV,198,0.9999998807907104,0.0,0.674653050582094,0.674653050582094,,,,1.0
5,hexane_gsolv_eV,199,0.9999998807907104,0.0,0.674653050582094,0.674653050582094,,,,1.0
5,hexane_gsolv_eV,200,0.9999998807907104,0.0,0.674653050582094,0.674653050582094,,,,1.0
5,hexane_gsolv_eV,201,0.9999998807907104,0.0,0.674653050582094,0.674653050582094,,,,1.0
5,hexane_gsolv_eV,202,0.9999998807907104,0.0,0.674653050582094,0.674653050582094,,,,1.0
5,hexane_gsolv_eV,203,0.9999998807907104,0.0,0.674653050582094,0.674653050582094,,,,1.0
5,hexane_gsolv_eV,204,0.9999998807907104,0.0,0.674653050582094,0.674653050582094,,,,1.0
5,hexane_gsolv_eV,205,0.9999998807907104,0.0,0.674653050582094,0.674653050582094,,,,1.0
5,hexane_gsolv_eV,206,0.9999998807907104,0.0,0.674653050582094,0.674653050582094,,,,1.0
5,hexane_gsolv_eV,207,0.9999998807907104,0.0,0.674653050582094,0.674653050582094,,,,1.0
5,hexane_gsolv_eV,208,0.9999998807907104,0.0,0.674653050582094,0.674653050582094,,,,1.0
5,hexane_gsolv_eV,209,0.9999998807907104,0.0,0.674653050582094,0.674653050582094,,,,1.0
5,hexane_gsolv_eV,210,0.9999998807907104,0.0,0.674653050582094,0.674653050582094,,,,1.0
5,hexane_gsolv_eV,211,0.9999998807907104,0.0,0.674653050582094,0.674653050582094,,,,1.0
5,hexane_gsolv_eV,212,0.9999998807907104,0.0,0.674653050582094,0.674653050582094,,,,1.0
5,hexane_gsolv_eV,213,0.9999998807907104,0.0,0.674653050582094,0.674653050582094,,,,1.0
5,hexane_gsolv_eV,214,0.9999998807907104,0.0,0.674653050582094,0.674653050582094,,,,1.0
5,hexane_gsolv_eV,215,0.9999998807907104,0.0,0.674653050582094,0.674653050582094,,,,1.0
5,hexane_gsolv_eV,216,0.9999998807907104,0.0,0.674653050582094,0.674653050582094,,,,1.0
5,hexane_gsolv_eV,217,0.9999998807907104,0.0,0.674653050582094,0.674653050582094,,,,1.0
5,hexane_gsolv_eV,218,0.9999998807907104,0.0,0.674653050582094,0.674653050582094,,,,1.0
5,hexane_gsolv_eV,219,0.9999998807907104,0.0,0.674653050582094,0.674653050582094,,,,1.0
5,hexane_gsolv_eV,220,0.9999998807907104,0.0,0.674653050582094,0.674653050582094,,,,1.0
5,hexane_gsolv_eV,221,0.9999998807907104,0.0,0.674653050582094,0.674653050582094,,,,1.0
5,hexane_gsolv_eV,222,0.9999998807907104,0.0,0.674653050582094,0.674653050582094,,,,1.0
5,hexane_gsolv_eV,223,0.9999998807907104,0.0,0.674653050582094,0.674653050582094,,,,1.0
5,hexane_gsolv_eV,224,0.9999998807907104,0.0,0.674653050582094,0.674653050582094,,,,1.0
5,hexane_gsolv_eV,225,0.9999998807907104,0.0,0.674653050582094,0.674653050582094,,,,1.0
5,hexane_gsolv_eV,226,0.9999998807907104,0.0,0.674653050582094,0.674653050582094,,,,1.0
5,hexane_gsolv_eV,227,0.9999998807907104,0.0,0.674653050582094,0.674653050582094,,,,1.0
5,hexane_gsolv_eV,228,0.9999998807907104,0.0,0.674653050582094,0.674653050582094,,,,1.0
5,hexane_gsolv_eV,229,0.9999998807907104,0.0,0.674653050582094,0.674653050582094,,,,1.0
5,hexane_gsolv_eV,230,0.9999998807907104,0.0,0.674653050582094,0.674653050582094,,,,1.0
5,hexane_gsolv_eV,231,0.9999998807907104,0.0,0.674653050582094,0.674653050582094,,,,1.0
5,hexane_gsolv_eV,232,0.9999998807907104,0.0,0.674653050582094,0.674653050582094,,,,1.0
5,hexane_gsolv_eV,233,0.9999998807907104,0.0,0.674653050582094,0.674653050582094,,,,1.0
5,hexane_gsolv_eV,234,0.9999998807907104,0.0,0.674653050582094,0.674653050582094,,,,1.0
5,hexane_gsolv_eV,235,0.9999998807907104,0.0,0.674653050582094,0.674653050582094,,,,1.0
5,hexane_gsolv_eV,236,0.9999998807907104,0.0,0.674653050582094,0.674653050582094,,,,1.0
5,hexane_gsolv_eV,237,0.9999998807907104,0.0,0.674653050582094,0.674653050582094,,,,1.0
5,hexane_gsolv_eV,238,0.9999998807907104,0.0,0.674653050582094,0.674653050582094,,,,1.0
5,hexane_gsolv_eV,239,0.9999998807907104,0.0,0.674653050582094,0.674653050582094,,,,1.0
5,hexane_gsolv_eV,240,0.9999998807907104,0.0,0.674653050582094,0.674653050582094,,,,1.0
5,hexane_gsolv_eV,241,0.9999998807907104,0.0,0.674653050582094,0.674653050582094,,,,1.0
5,hexane_gsolv_eV,242,0.9999998807907104,0.0,0.674653050582094,0.674653050582094,,,,1.0
5,hexane_gsolv_eV,243,0.9999998807907104,0.0,0.674653050582094,0.674653050582094,,,,1.0
5,hexane_gsolv_eV,244,0.9999998807907104,0.0,0.674653050582094,0.674653050582094,,,,1.0
5,hexane_gsolv_eV,245,0.9999998807907104,0.0,0.674653050582094,0.674653050582094,,,,1.0
5,hexane_gsolv_eV,246,0.9999998807907104,0.0,0.674653050582094,0.674653050582094,,,,1.0
5,hexane_gsolv_eV,247,0.9999998807907104,0.0,0.674653050582094,0.674653050582094,,,,1.0
5,hexane_gsolv_eV,248,0.9999998807907104,0.0,0.674653050582094,0.674653050582094,,,,1.0
5,hexane_gsolv_eV,249,0.9999998807907104,0.0,0.674653050582094,0.674653050582094,,,,1.0
5,hexane_hl_gap_eV,0,1.0,0.0,0.6993320967045256,0.6993320967045256,,,,1.0
5,hexane_hl_gap_eV,1,1.0,0.0,0.6993320967045256,0.6993320967045256,,,,1.0
5,hexane_hl_gap_eV,2,1.0,0.0,0.6993320967045256,0.6993320967045256,,,,1.0
5,hexane_hl_gap_eV,3,1.0,0.0,0.6993320967045256,0.6993320967045256,,,,1.0
5,hexane_hl_gap_eV,4,1.0,0.0,0.6993320967045256,0.6993320967045256,,,,1.0
5,hexane_hl_gap_eV,5,1.0,0.0,0.6993320967045256,0.6993320967045256,,,,1.0
5,hexane_hl_gap_eV,6,1.0,0.0,0.6993320967045256,0.6993320967045256,,,,1.0
5,hexane_hl_gap_eV,7,1.0,0.0,0.6993320967045256,0.6993320967045256,,,,1.0
5,hexane_hl_gap_eV,8,1.0,0.0,0.6993320967045256,0.6993320967045256,,,,1.0
5,hexane_hl_gap_eV,9,1.0,0.0,0.6993320967045256,0.6993320967045256,,,,1.0
5,hexane_hl_gap_eV,10,1.0,0.0,0.6993320967045256,0.6993320967045256,,,,1.0
5,hexane_hl_gap_eV,11,1.0,0.0,0.6993320967045256,0.6993320967045256,,,,1.0
5,hexane_hl_gap_eV,12,1.0,0.0,0.6993320967045256,0.6993320967045256,,,,1.0
5,hexane_hl_gap_eV,13,1.0,0.0,0.6993320967045256,0.6993320967045256,,,,1.0
5,hexane_hl_gap_eV,14,1.0,0.0,0.6993320967045256,0.6993320967045256,,,,1.0
5,hexane_hl_gap_eV,15,1.0,0.0,0.6993320967045256,0.6993320967045256,,,,1.0
5,hexane_hl_gap_eV,16,1.0,0.0,0.6993320967045256,0.6993320967045256,,,,1.0
5,hexane_hl_gap_eV,17,1.0,0.0,0.6993320967045256,0.6993320967045256,,,,1.0
5,hexane_hl_gap_eV,18,1.0,0.0,0.6993320967045256,0.6993320967045256,,,,1.0
5,hexane_hl_gap_eV,19,1.0,0.0,0.6993320967045256,0.6993320967045256,,,,1.0
5,hexane_hl_gap_eV,20,1.0,0.0,0.6993320967045256,0.6993320967045256,,,,1.0
5,hexane_hl_gap_eV,21,1.0,0.0,0.6993320967045256,0.6993320967045256,,,,1.0
5,hexane_hl_gap_eV,22,1.0,0.0,0.6993320967045256,0.6993320967045256,,,,1.0
5,hexane_hl_gap_eV,23,1.0,0.0,0.6993320967045256,0.6993320967045256,,,,1.0
5,hexane_hl_gap_eV,24,1.0,0.0,0.6993320967045256,0.6993320967045256,,,,1.0
5,hexane_hl_gap_eV,25,1.0,0.0,0.6993320967045256,0.6993320967045256,,,,1.0
5,hexane_hl_gap_eV,26,1.0,0.0,0.6993320967045256,0.6993320967045256,,,,1.0
5,hexane_hl_gap_eV,27,1.0,0.0,0.6993320967045256,0.6993320967045256,,,,1.0
5,hexane_hl_gap_eV,28,1.0,0.0,0.6993320967045256,0.6993320967045256,,,,1.0
5,hexane_hl_gap_eV,29,1.0,0.0,0.6993320967045256,0.6993320967045256,,,,1.0
5,hexane_hl_gap_eV,30,1.0,0.0,0.6993320967045256,0.6993320967045256,,,,1.0
5,hexane_hl_gap_eV,31,1.0,0.0,0.6993320967045256,0.6993320967045256,,,,1.0
5,hexane_hl_gap_eV,32,1.0,0.0,0.6993320967045256,0.6993320967045256,,,,1.0
5,hexane_hl_gap_eV,33,1.0,0.0,0.6993320967045256,0.6993320967045256,,,,1.0
5,hexane_hl_gap_eV,34,1.0,0.0,0.6993320967045256,0.6993320967045256,,,,1.0
5,hexane_hl_gap_eV,35,1.0,0.0,0.6993320967045256,0.6993320967045256,,,,1.0
5,hexane_hl_gap_eV,36,1.0,0.0,0.6993320967045256,0.6993320967045256,,,,1.0
5,hexane_hl_gap_eV,37,1.0,0.0,0.6993320967045256,0.6993320967045256,,,,1.0
5,hexane_hl_gap_eV,38,1.0,0.0,0.6993320967045256,0.6993320967045256,,,,1.0
5,hexane_hl_gap_eV,39,1.0,0.0,0.6993320967045256,0.6993320967045256,,,,1.0
5,hexane_hl_gap_eV,40,1.0,0.0,0.6993320967045256,0.6993320967045256,,,,1.0
5,hexane_hl_gap_eV,41,1.0,0.0,0.6993320967045256,0.6993320967045256,,,,1.0
5,hexane_hl_gap_eV,42,1.0,0.0,0.6993320967045256,0.6993320967045256,,,,1.0
5,hexane_hl_gap_eV,43,1.0,0.0,0.6993320967045256,0.6993320967045256,,,,1.0
5,hexane_hl_gap_eV,44,1.0,0.0,0.6993320967045256,0.6993320967045256,,,,1.0
5,hexane_hl_gap_eV,45,1.0,0.0,0.6993320967045256,0.6993320967045256,,,,1.0
5,hexane_hl_gap_eV,46,1.0,0.0,0.6993320967045256,0.6993320967045256,,,,1.0
5,hexane_hl_gap_eV,47,1.0,0.0,0.6993320967045256,0.6993320967045256,,,,1.0
5,hexane_hl_gap_eV,48,1.0,0.0,0.6993320967045256,0.6993320967045256,,,,1.0
5,hexane_hl_gap_eV,49,1.0,0.0,0.6993320967045256,0.6993320967045256,,,,1.0
5,hexane_hl_gap_eV,50,1.0,0.0,0.6993320967045256,0.6993320967045256,,,,1.0
5,hexane_hl_gap_eV,51,1.0,0.0,0.6993320967045256,0.6993320967045256,,,,1.0
5,hexane_hl_gap_eV,52,1.0,0.0,0.6993320967045256,0.6993320967045256,,,,1.0
5,hexane_hl_gap_eV,53,1.0,0.0,0.6993320967045256,0.6993320967045256,,,,1.0
5,hexane_hl_gap_eV,54,1.0,0.0,0.6993320967045256,0.6993320967045256,,,,1.0
5,hexane_hl_gap_eV,55,1.0,0.0,0.6993320967045256,0.6993320967045256,,,,1.0
5,hexane_hl_gap_eV,56,1.0,0.0,0.6993320967045256,0.6993320967045256,,,,1.0
5,hexane_hl_gap_eV,57,1.0,0.0,0.6993320967045256,0.6993320967045256,,,,1.0
5,hexane_hl_gap_eV,58,1.0,0.0,0.6993320967045256,0.6993320967045256,,,,1.0
5,hexane_hl_gap_eV,59,1.0,0.0,0.6993320967045256,0.6993320967045256,,,,1.0
5,hexane_hl_gap_eV,60,1.0,0.0,0.6993320967045256,0.6993320967045256,,,,1.0
5,hexane_hl_gap_eV,61,1.0,0.0,0.6993320967045256,0.6993320967045256,,,,1.0
5,hexane_hl_gap_eV,62,1.0,0.0,0.6993320967045256,0.6993320967045256,,,,1.0
5,hexane_hl_gap_eV,63,1.0,0.0,0.6993320967045256,0.6993320967045256,,,,1.0
5,hexane_hl_gap_eV,64,1.0,0.0,0.6993320967045256,0.6993320967045256,,,,1.0
5,hexane_hl_gap_eV,65,1.0,0.0,0.6993320967045256,0.6993320967045256,,,,1.0
5,hexane_hl_gap_eV,66,1.0,0.0,0.6993320967045256,0.6993320967045256,,,,1.0
5,hexane_hl_gap_eV,67,1.0,0.0,0.6993320967045256,0.6993320967045256,,,,1.0
5,hexane_hl_gap_eV,68,1.0,0.0,0.6993320967045256,0.6993320967045256,,,,1.0
5,hexane_hl_gap_eV,69,1.0,0.0,0.6993320967045256,0.6993320967045256,,,,1.0
5,hexane_hl_gap_eV,70,1.0,0.0,0.6993320967045256,0.6993320967045256,,,,1.0
5,hexane_hl_gap_eV,71,1.0,0.0,0.6993320967045256,0.6993320967045256,,,,1.0
5,hexane_hl_gap_eV,72,1.0,0.0,0.6993320967045256,0.6993320967045256,,,,1.0
5,hexane_hl_gap_eV,73,1.0,0.0,0.6993320967045256,0.6993320967045256,,,,1.0
5,hexane_hl_gap_eV,74,1.0,0.0,0.6993320967045256,0.6993320967045256,,,,1.0
5,hexane_hl_gap_eV,75,1.0,0.0,0.6993320967045256,0.6993320967045256,,,,1.0
5,hexane_hl_gap_eV,76,1.0,0.0,0.6993320967045256,0.6993320967045256,,,,1.0
5,hexane_hl_gap_eV,77,1.0,0.0,0.6993320967045256,0.6993320967045256,,,,1.0
5,hexane_hl_gap_eV,78,1.0,0.0,0.6993320967045256,0.6993320967045256,,,,1.0
5,hexane_hl_gap_eV,79,1.0,0.0,0.6993320967045256,0.6993320967045256,,,,1.0
5,hexane_hl_gap_eV,80,1.0,0.0,0.6993320967045256,0.6993320967045256,,,,1.0
5,hexane_hl_gap_eV,81,1.0,0.0,0.6993320967045256,0.6993320967045256,,,,1.0
5,hexane_hl_gap_eV,82,1.0,0.0,0.6993320967045256,0.6993320967045256,,,,1.0
5,hexane_hl_gap_eV,83,1.0,0.0,0.6993320967045256,0.6993320967045256,,,,1.0
5,hexane_hl_gap_eV,84,1.0,0.0,0.6993320967045256,0.6993320967045256,,,,1.0
5,hexane_hl_gap_eV,85,1.0,0.0,0.6993320967045256,0.6993320967045256,,,,1.0
5,hexane_hl_gap_eV,86,1.0,0.0,0.6993320967045256,0.6993320967045256,,,,1.0
5,hexane_hl_gap_eV,87,1.0,0.0,0.6993320967045256,0.6993320967045256,,,,1.0
5,hexane_hl_gap_eV,88,1.0,0.0,0.6993320967045256,0.6993320967045256,,,,1.0
5,hexane_hl_gap_eV,89,1.0,0.0,0.6993320967045256,0.6993320967045256,,,,1.0
5,hexane_hl_gap_eV,90,1.0,0.0,0.6993320967045256,0.6993320967045256,,,,1.0
5,hexane_hl_gap_eV,91,1.0,0.0,0.6993320967045256,0.6993320967045256,,,,1.0
5,hexane_hl_gap_eV,92,1.0,0.0,0.6993320967045256,0.6993320967045256,,,,1.0
5,hexane_hl_gap_eV,93,1.0,0.0,0.6993320967045256,0.6993320967045256,,,,1.0
5,hexane_hl_gap_eV,94,1.0,0.0,0.6993320967045256,0.6993320967045256,,,,1.0
5,hexane_hl_gap_eV,95,1.0,0.0,0.6993320967045256,0.6993320967045256,,,,1.0
5,hexane_hl_gap_eV,96,1.0,0.0,0.6993320967045256,0.6993320967045256,,,,1.0
5,hexane_hl_gap_eV,97,1.0,0.0,0.6993320967045256,0.6993320967045256,,,,1.0
5,hexane_hl_gap_eV,98,1.0,0.0,0.6993320967045256,0.6993320967045256,,,,1.0
5,hexane_hl_gap_eV,99,1.0,0.0,0.6993320967045256,0.6993320967045256,,,,1.0
5,hexane_hl_gap_eV,100,1.0,0.0,0.6993320967045256,0.6993320967045256,,,,1.0
5,hexane_hl_gap_eV,101,1.0,0.0,0.6993320967045256,0.6993320967045256,,,,1.0
5,hexane_hl_gap_eV,102,1.0,0.0,0.6993320967045256,0.6993320967045256,,,,1.0
5,hexane_hl_gap_eV,103,1.0,0.0,0.6993320967045256,0.6993320967045256,,,,1.0
5,hexane_hl_gap_eV,104,1.0,0.0,0.6993320967045256,0.6993320967045256,,,,1.0
5,hexane_hl_gap_eV,105,1.0,0.0,0.6993320967045256,0.6993320967045256,,,,1.0
5,hexane_hl_gap_eV,106,1.0,0.0,0.6993320967045256,0.6993320967045256,,,,1.0
5,hexane_hl_gap_eV,107,1.0,0.0,0.6993320967045256,0.6993320967045256,,,,1.0
5,hexane_hl_gap_eV,108,1.0,0.0,0.6993320967045256,0.6993320967045256,,,,1.0
5,hexane_hl_gap_eV,109,1.0,0.0,0.6993320967045256,0.6993320967045256,,,,1.0
5,hexane_hl_gap_eV,110,1.0,0.0,0.6993320967045256,0.6993320967045256,,,,1.0
5,hexane_hl_gap_eV,111,1.0,0.0,0.6993320967045256,0.6993320967045256,,,,1.0
5,hexane_hl_gap_eV,112,1.0,0.0,0.6993320967045256,0.6993320967045256,,,,1.0
5,hexane_hl_gap_eV,113,1.0,0.0,0.6993320967045256,0.6993320967045256,,,,1.0
5,hexane_hl_gap_eV,114,1.0,0.0,0.6993320967045256,0.6993320967045256,,,,1.0
5,hexane_hl_gap_eV,115,1.0,0.0,0.6993320967045256,0.6993320967045256,,,,1.0
5,hexane_hl_gap_eV,116,1.0,0.0,0.6993320967045256,0.6993320967045256,,,,1.0
5,hexane_hl_gap_eV,117,1.0,0.0,0.6993320967045256,0.6993320967045256,,,,1.0
5,hexane_hl_gap_eV,118,1.0,0.0,0.6993320967045256,0.6993320967045256,,,,1.0
5,hexane_hl_gap_eV,119,1.0,0.0,0.6993320967045256,0.6993320967045256,,,,1.0
5,hexane_hl_gap_eV,120,1.0,0.0,0.6993320967045256,0.6993320967045256,,,,1.0
5,hexane_hl_gap_eV,121,1.0,0.0,0.6993320967045256,0.6993320967045256,,,,1.0
5,hexane_hl_gap_eV,122,1.0,0.0,0.6993320967045256,0.6993320967045256,,,,1.0
5,hexane_hl_gap_eV,123,1.0,0.0,0.6993320967045256,0.6993320967045256,,,,1.0
5,hexane_hl_gap_eV,124,1.0,0.0,0.6993320967045256,0.6993320967045256,,,,1.0
5,hexane_hl_gap_eV,125,1.0,0.0,0.6993320967045256,0.6993320967045256,,,,1.0
5,hexane_hl_gap_eV,126,1.0,0.0,0.6993320967045256,0.6993320967045256,,,,1.0
5,hexane_hl_gap_eV,127,1.0,0.0,0.6993320967045256,0.6993320967045256,,,,1.0
5,hexane_hl_gap_eV,128,1.0,0.0,0.6993320967045256,0.6993320967045256,,,,1.0
5,hexane_hl_gap_eV,129,1.0,0.0,0.6993320967045256,0.6993320967045256,,,,1.0
5,hexane_hl_gap_eV,130,1.0,0.0,0.6993320967045256,0.6993320967045256,,,,1.0
5,hexane_hl_gap_eV,131,1.0,0.0,0.6993320967045256,0.6993320967045256,,,,1.0
5,hexane_hl_gap_eV,132,1.0,0.0,0.6993320967045256,0.6993320967045256,,,,1.0
5,hexane_hl_gap_eV,133,1.0,0.0,0.6993320967045256,0.6993320967045256,,,,1.0
5,hexane_hl_gap_eV,134,1.0,0.0,0.6993320967045256,0.6993320967045256,,,,1.0
5,hexane_hl_gap_eV,135,1.0,0.0,0.6993320967045256,0.6993320967045256,,,,1.0
5,hexane_hl_gap_eV,136,1.0,0.0,0.6993320967045256,0.6993320967045256,,,,1.0
5,hexane_hl_gap_eV,137,1.0,0.0,0.6993320967045256,0.6993320967045256,,,,1.0
5,hexane_hl_gap_eV,138,1.0,0.0,0.6993320967045256,0.6993320967045256,,,,1.0
5,hexane_hl_gap_eV,139,1.0,0.0,0.6993320967045256,0.6993320967045256,,,,1.0
5,hexane_hl_gap_eV,140,1.0,0.0,0.6993320967045256,0.6993320967045256,,,,1.0
5,hexane_hl_gap_eV,141,1.0,0.0,0.6993320967045256,0.6993320967045256,,,,1.0
5,hexane_hl_gap_eV,142,1.0,0.0,0.6993320967045256,0.6993320967045256,,,,1.0
5,hexane_hl_gap_eV,143,1.0,0.0,0.6993320967045256,0.6993320967045256,,,,1.0
5,hexane_hl_gap_eV,144,1.0,0.0,0.6993320967045256,0.6993320967045256,,,,1.0
5,hexane_hl_gap_eV,145,1.0,0.0,0.6993320967045256,0.6993320967045256,,,,1.0
5,hexane_hl_gap_eV,146,1.0,0.0,0.6993320967045256,0.6993320967045256,,,,1.0
5,hexane_hl_gap_eV,147,1.0,0.0,0.6993320967045256,0.6993320967045256,,,,1.0
5,hexane_hl_gap_eV,148,1.0,0.0,0.6993320967045256,0.6993320967045256,,,,1.0
5,hexane_hl_gap_eV,149,1.0,0.0,0.6993320967045256,0.6993320967045256,,,,1.0
5,hexane_hl_gap_eV,150,1.0,0.0,0.6993320967045256,0.6993320967045256,,,,1.0
5,hexane_hl_gap_eV,151,1.0,0.0,0.6993320967045256,0.6993320967045256,,,,1.0
5,hexane_hl_gap_eV,152,1.0,0.0,0.6993320967045256,0.6993320967045256,,,,1.0
5,hexane_hl_gap_eV,153,1.0,0.0,0.6993320967045256,0.6993320967045256,,,,1.0
5,hexane_hl_gap_eV,154,1.0,0.0,0.6993320967045256,0.6993320967045256,,,,1.0
5,hexane_hl_gap_eV,155,1.0,0.0,0.6993320967045256,0.6993320967045256,,,,1.0
5,hexane_hl_gap_eV,156,1.0,0.0,0.6993320967045256,0.6993320967045256,,,,1.0
5,hexane_hl_gap_eV,157,1.0,0.0,0.6993320967045256,0.6993320967045256,,,,1.0
5,hexane_hl_gap_eV,158,1.0,0.0,0.6993320967045256,0.6993320967045256,,,,1.0
5,hexane_hl_gap_eV,159,1.0,0.0,0.6993320967045256,0.6993320967045256,,,,1.0
5,hexane_hl_gap_eV,160,1.0,0.0,0.6993320967045256,0.6993320967045256,,,,1.0
5,hexane_hl_gap_eV,161,1.0,0.0,0.6993320967045256,0.6993320967045256,,,,1.0
5,hexane_hl_gap_eV,162,1.0,0.0,0.6993320967045256,0.6993320967045256,,,,1.0
5,hexane_hl_gap_eV,163,1.0,0.0,0.6993320967045256,0.6993320967045256,,,,1.0
5,hexane_hl_gap_eV,164,1.0,0.0,0.6993320967045256,0.6993320967045256,,,,1.0
5,hexane_hl_gap_eV,165,1.0,0.0,0.6993320967045256,0.6993320967045256,,,,1.0
5,hexane_hl_gap_eV,166,1.0,0.0,0.6993320967045256,0.6993320967045256,,,,1.0
5,hexane_hl_gap_eV,167,1.0,0.0,0.6993320967045256,0.6993320967045256,,,,1.0
5,hexane_hl_gap_eV,168,1.0,0.0,0.6993320967045256,0.6993320967045256,,,,1.0
5,hexane_hl_gap_eV,169,1.0,0.0,0.6993320967045256,0.6993320967045256,,,,1.0
5,hexane_hl_gap_eV,170,1.0,0.0,0.6993320967045256,0.6993320967045256,,,,1.0
5,hexane_hl_gap_eV,171,1.0,0.0,0.6993320967045256,0.6993320967045256,,,,1.0
5,hexane_hl_gap_eV,172,1.0,0.0,0.6993320967045256,0.6993320967045256,,,,1.0
5,hexane_hl_gap_eV,173,1.0,0.0,0.6993320967045256,0.6993320967045256,,,,1.0
5,hexane_hl_gap_eV,174,1.0,0.0,0.6993320967045256,0.6993320967045256,,,,1.0
5,hexane_hl_gap_eV,175,1.0,0.0,0.6993320967045256,0.6993320967045256,,,,1.0
5,hexane_hl_gap_eV,176,1.0,0.0,0.6993320967045256,0.6993320967045256,,,,1.0
5,hexane_hl_gap_eV,177,1.0,0.0,0.6993320967045256,0.6993320967045256,,,,1.0
5,hexane_hl_gap_eV,178,1.0,0.0,0.6993320967045256,0.6993320967045256,,,,1.0
5,hexane_hl_gap_eV,179,1.0,0.0,0.6993320967045256,0.6993320967045256,,,,1.0
5,hexane_hl_gap_eV,180,1.0,0.0,0.6993320967045256,0.6993320967045256,,,,1.0
5,hexane_hl_gap_eV,181,1.0,0.0,0.6993320967045256,0.6993320967045256,,,,1.0
5,hexane_hl_gap_eV,182,1.0,0.0,0.6993320967045256,0.6993320967045256,,,,1.0
5,hexane_hl_gap_eV,183,1.0,0.0,0.6993320967045256,0.6993320967045256,,,,1.0
5,hexane_hl_gap_eV,184,1.0,0.0,0.6993320967045256,0.6993320967045256,,,,1.0
5,hexane_hl_gap_eV,185,1.0,0.0,0.6993320967045256,0.6993320967045256,,,,1.0
5,hexane_hl_gap_eV,186,1.0,0.0,0.6993320967045256,0.6993320967045256,,,,1.0
5,hexane_hl_gap_eV,187,1.0,0.0,0.6993320967045256,0.6993320967045256,,,,1.0
5,hexane_hl_gap_eV,188,1.0,0.0,0.6993320967045256,0.6993320967045256,,,,1.0
5,hexane_hl_gap_eV,189,1.0,0.0,0.6993320967045256,0.6993320967045256,,,,1.0
5,hexane_hl_gap_eV,190,1.0,0.0,0.6993320967045256,0.6993320967045256,,,,1.0
5,hexane_hl_gap_eV,191,1.0,0.0,0.6993320967045256,0.6993320967045256,,,,1.0
5,hexane_hl_gap_eV,192,1.0,0.0,0.6993320967045256,0.6993320967045256,,,,1.0
5,hexane_hl_gap_eV,193,1.0,0.0,0.6993320967045256,0.6993320967045256,,,,1.0
5,hexane_hl_gap_eV,194,1.0,0.0,0.6993320967045256,0.6993320967045256,,,,1.0
5,hexane_hl_gap_eV,195,1.0,0.0,0.6993320967045256,0.6993320967045256,,,,1.0
5,hexane_hl_gap_eV,196,1.0,0.0,0.6993320967045256,0.6993320967045256,,,,1.0
5,hexane_hl_gap_eV,197,1.0,0.0,0.6993320967045256,0.6993320967045256,,,,1.0
5,hexane_hl_gap_eV,198,1.0,0.0,0.6993320967045256,0.6993320967045256,,,,1.0
5,hexane_hl_gap_eV,199,1.0,0.0,0.6993320967045256,0.6993320967045256,,,,1.0
5,hexane_hl_gap_eV,200,1.0,0.0,0.6993320967045256,0.6993320967045256,,,,1.0
5,hexane_hl_gap_eV,201,1.0,0.0,0.6993320967045256,0.6993320967045256,,,,1.0
5,hexane_hl_gap_eV,202,1.0,0.0,0.6993320967045256,0.6993320967045256,,,,1.0
5,hexane_hl_gap_eV,203,1.0,0.0,0.6993320967045256,0.6993320967045256,,,,1.0
5,hexane_hl_gap_eV,204,1.0,0.0,0.6993320967045256,0.6993320967045256,,,,1.0
5,hexane_hl_gap_eV,205,1.0,0.0,0.6993320967045256,0.6993320967045256,,,,1.0
5,hexane_hl_gap_eV,206,1.0,0.0,0.6993320967045256,0.6993320967045256,,,,1.0
5,hexane_hl_gap_eV,207,1.0,0.0,0.6993320967045256,0.6993320967045256,,,,1.0
5,hexane_hl_gap_eV,208,1.0,0.0,0.6993320967045256,0.6993320967045256,,,,1.0
5,hexane_hl_gap_eV,209,1.0,0.0,0.6993320967045256,0.6993320967045256,,,,1.0
5,hexane_hl_gap_eV,210,1.0,0.0,0.6993320967045256,0.6993320967045256,,,,1.0
5,hexane_hl_gap_eV,211,1.0,0.0,0.6993320967045256,0.6993320967045256,,,,1.0
5,hexane_hl_gap_eV,212,1.0,0.0,0.6993320967045256,0.6993320967045256,,,,1.0
5,hexane_hl_gap_eV,213,1.0,0.0,0.6993320967045256,0.6993320967045256,,,,1.0
5,hexane_hl_gap_eV,214,1.0,0.0,0.6993320967045256,0.6993320967045256,,,,1.0
5,hexane_hl_gap_eV,215,1.0,0.0,0.6993320967045256,0.6993320967045256,,,,1.0
5,hexane_hl_gap_eV,216,1.0,0.0,0.6993320967045256,0.6993320967045256,,,,1.0
5,hexane_hl_gap_eV,217,1.0,0.0,0.6993320967045256,0.6993320967045256,,,,1.0
5,hexane_hl_gap_eV,218,1.0,0.0,0.6993320967045256,0.6993320967045256,,,,1.0
5,hexane_hl_gap_eV,219,1.0,0.0,0.6993320967045256,0.6993320967045256,,,,1.0
5,hexane_hl_gap_eV,220,1.0,0.0,0.6993320967045256,0.6993320967045256,,,,1.0
5,hexane_hl_gap_eV,221,1.0,0.0,0.6993320967045256,0.6993320967045256,,,,1.0
5,hexane_hl_gap_eV,222,1.0,0.0,0.6993320967045256,0.6993320967045256,,,,1.0
5,hexane_hl_gap_eV,223,1.0,0.0,0.6993320967045256,0.6993320967045256,,,,1.0
5,hexane_hl_gap_eV,224,1.0,0.0,0.6993320967045256,0.6993320967045256,,,,1.0
5,hexane_hl_gap_eV,225,1.0,0.0,0.6993320967045256,0.6993320967045256,,,,1.0
5,hexane_hl_gap_eV,226,1.0,0.0,0.6993320967045256,0.6993320967045256,,,,1.0
5,hexane_hl_gap_eV,227,1.0,0.0,0.6993320967045256,0.6993320967045256,,,,1.0
5,hexane_hl_gap_eV,228,1.0,0.0,0.6993320967045256,0.6993320967045256,,,,1.0
5,hexane_hl_gap_eV,229,1.0,0.0,0.6993320967045256,0.6993320967045256,,,,1.0
5,hexane_hl_gap_eV,230,1.0,0.0,0.6993320967045256,0.6993320967045256,,,,1.0
5,hexane_hl_gap_eV,231,1.0,0.0,0.6993320967045256,0.6993320967045256,,,,1.0
5,hexane_hl_gap_eV,232,1.0,0.0,0.6993320967045256,0.6993320967045256,,,,1.0
5,hexane_hl_gap_eV,233,1.0,0.0,0.6993320967045256,0.6993320967045256,,,,1.0
5,hexane_hl_gap_eV,234,1.0,0.0,0.6993320967045256,0.6993320967045256,,,,1.0
5,hexane_hl_gap_eV,235,1.0,0.0,0.6993320967045256,0.6993320967045256,,,,1.0
5,hexane_hl_gap_eV,236,1.0,0.0,0.6993320967045256,0.6993320967045256,,,,1.0
5,hexane_hl_gap_eV,237,1.0,0.0,0.6993320967045256,0.6993320967045256,,,,1.0
5,hexane_hl_gap_eV,238,1.0,0.0,0.6993320967045256,0.6993320967045256,,,,1.0
5,hexane_hl_gap_eV,239,1.0,0.0,0.6993320967045256,0.6993320967045256,,,,1.0
5,hexane_hl_gap_eV,240,1.0,0.0,0.6993320967045256,0.6993320967045256,,,,1.0
5,hexane_hl_gap_eV,241,1.0,0.0,0.6993320967045256,0.6993320967045256,,,,1.0
5,hexane_hl_gap_eV,242,1.0,0.0,0.6993320967045256,0.6993320967045256,,,,1.0
5,hexane_hl_gap_eV,243,1.0,0.0,0.6993320967045256,0.6993320967045256,,,,1.0
5,hexane_hl_gap_eV,244,1.0,0.0,0.6993320967045256,0.6993320967045256,,,,1.0
5,hexane_hl_gap_eV,245,1.0,0.0,0.6993320967045256,0.6993320967045256,,,,1.0
5,hexane_hl_gap_eV,246,1.0,0.0,0.6993320967045256,0.6993320967045256,,,,1.0
5,hexane_hl_gap_eV,247,1.0,0.0,0.6993320967045256,0.6993320967045256,,,,1.0
5,hexane_hl_gap_eV,248,1.0,0.0,0.6993320967045256,0.6993320967045256,,,,1.0
5,hexane_hl_gap_eV,249,1.0,0.0,0.6993320967045256,0.6993320967045256,,,,1.0
5,hexane_dipole,0,0.9999999403953552,0.0,0.6485210114950368,0.6485210114950368,,,,1.0
5,hexane_dipole,1,0.9999999403953552,0.0,0.6485210114950368,0.6485210114950368,,,,1.0
5,hexane_dipole,2,0.9999999403953552,0.0,0.6485210114950368,0.6485210114950368,,,,1.0
5,hexane_dipole,3,0.9999999403953552,0.0,0.6485210114950368,0.6485210114950368,,,,1.0
5,hexane_dipole,4,0.9999999403953552,0.0,0.6485210114950368,0.6485210114950368,,,,1.0
5,hexane_dipole,5,0.9999999403953552,0.0,0.6485210114950368,0.6485210114950368,,,,1.0
5,hexane_dipole,6,0.9999999403953552,0.0,0.6485210114950368,0.6485210114950368,,,,1.0
5,hexane_dipole,7,0.9999999403953552,0.0,0.6485210114950368,0.6485210114950368,,,,1.0
5,hexane_dipole,8,0.9999999403953552,0.0,0.6485210114950368,0.6485210114950368,,,,1.0
5,hexane_dipole,9,0.9999999403953552,0.0,0.6485210114950368,0.6485210114950368,,,,1.0
5,hexane_dipole,10,0.9999999403953552,0.0,0.6485210114950368,0.6485210114950368,,,,1.0
5,hexane_dipole,11,0.9999999403953552,0.0,0.6485210114950368,0.6485210114950368,,,,1.0
5,hexane_dipole,12,0.9999999403953552,0.0,0.6485210114950368,0.6485210114950368,,,,1.0
5,hexane_dipole,13,0.9999999403953552,0.0,0.6485210114950368,0.6485210114950368,,,,1.0
5,hexane_dipole,14,0.9999999403953552,0.0,0.6485210114950368,0.6485210114950368,,,,1.0
5,hexane_dipole,15,0.9999999403953552,0.0,0.6485210114950368,0.6485210114950368,,,,1.0
5,hexane_dipole,16,0.9999999403953552,0.0,0.6485210114950368,0.6485210114950368,,,,1.0
5,hexane_dipole,17,0.9999999403953552,0.0,0.6485210114950368,0.6485210114950368,,,,1.0
5,hexane_dipole,18,0.9999999403953552,0.0,0.6485210114950368,0.6485210114950368,,,,1.0
5,hexane_dipole,19,0.9999999403953552,0.0,0.6485210114950368,0.6485210114950368,,,,1.0
5,hexane_dipole,20,0.9999999403953552,0.0,0.6485210114950368,0.6485210114950368,,,,1.0
5,hexane_dipole,21,0.9999999403953552,0.0,0.6485210114950368,0.6485210114950368,,,,1.0
5,hexane_dipole,22,0.9999999403953552,0.0,0.6485210114950368,0.6485210114950368,,,,1.0
5,hexane_dipole,23,0.9999999403953552,0.0,0.6485210114950368,0.6485210114950368,,,,1.0
5,hexane_dipole,24,0.9999999403953552,0.0,0.6485210114950368,0.6485210114950368,,,,1.0
5,hexane_dipole,25,0.9999999403953552,0.0,0.6485210114950368,0.6485210114950368,,,,1.0
5,hexane_dipole,26,0.9999999403953552,0.0,0.6485210114950368,0.6485210114950368,,,,1.0
5,hexane_dipole,27,0.9999999403953552,0.0,0.6485210114950368,0.6485210114950368,,,,1.0
5,hexane_dipole,28,0.9999999403953552,0.0,0.6485210114950368,0.6485210114950368,,,,1.0
5,hexane_dipole,29,0.9999999403953552,0.0,0.6485210114950368,0.6485210114950368,,,,1.0
5,hexane_dipole,30,0.9999999403953552,0.0,0.6485210114950368,0.6485210114950368,,,,1.0
5,hexane_dipole,31,0.9999999403953552,0.0,0.6485210114950368,0.6485210114950368,,,,1.0
5,hexane_dipole,32,0.9999999403953552,0.0,0.6485210114950368,0.6485210114950368,,,,1.0
5,hexane_dipole,33,0.9999999403953552,0.0,0.6485210114950368,0.6485210114950368,,,,1.0
5,hexane_dipole,34,0.9999999403953552,0.0,0.6485210114950368,0.6485210114950368,,,,1.0
5,hexane_dipole,35,0.9999999403953552,0.0,0.6485210114950368,0.6485210114950368,,,,1.0
5,hexane_dipole,36,0.9999999403953552,0.0,0.6485210114950368,0.6485210114950368,,,,1.0
5,hexane_dipole,37,0.9999999403953552,0.0,0.6485210114950368,0.6485210114950368,,,,1.0
5,hexane_dipole,38,0.9999999403953552,0.0,0.6485210114950368,0.6485210114950368,,,,1.0
5,hexane_dipole,39,0.9999999403953552,0.0,0.6485210114950368,0.6485210114950368,,,,1.0
5,hexane_dipole,40,0.9999999403953552,0.0,0.6485210114950368,0.6485210114950368,,,,1.0
5,hexane_dipole,41,0.9999999403953552,0.0,0.6485210114950368,0.6485210114950368,,,,1.0
5,hexane_dipole,42,0.9999999403953552,0.0,0.6485210114950368,0.6485210114950368,,,,1.0
5,hexane_dipole,43,0.9999999403953552,0.0,0.6485210114950368,0.6485210114950368,,,,1.0
5,hexane_dipole,44,0.9999999403953552,0.0,0.6485210114950368,0.6485210114950368,,,,1.0
5,hexane_dipole,45,0.9999999403953552,0.0,0.6485210114950368,0.6485210114950368,,,,1.0
5,hexane_dipole,46,0.9999999403953552,0.0,0.6485210114950368,0.6485210114950368,,,,1.0
5,hexane_dipole,47,0.9999999403953552,0.0,0.6485210114950368,0.6485210114950368,,,,1.0
5,hexane_dipole,48,0.9999999403953552,0.0,0.6485210114950368,0.6485210114950368,,,,1.0
5,hexane_dipole,49,0.9999999403953552,0.0,0.6485210114950368,0.6485210114950368,,,,1.0
5,hexane_dipole,50,0.9999999403953552,0.0,0.6485210114950368,0.6485210114950368,,,,1.0
5,hexane_dipole,51,0.9999999403953552,0.0,0.6485210114950368,0.6485210114950368,,,,1.0
5,hexane_dipole,52,0.9999999403953552,0.0,0.6485210114950368,0.6485210114950368,,,,1.0
5,hexane_dipole,53,0.9999999403953552,0.0,0.6485210114950368,0.6485210114950368,,,,1.0
5,hexane_dipole,54,0.9999999403953552,0.0,0.6485210114950368,0.6485210114950368,,,,1.0
5,hexane_dipole,55,0.9999999403953552,0.0,0.6485210114950368,0.6485210114950368,,,,1.0
5,hexane_dipole,56,0.9999999403953552,0.0,0.6485210114950368,0.6485210114950368,,,,1.0
5,hexane_dipole,57,0.9999999403953552,0.0,0.6485210114950368,0.6485210114950368,,,,1.0
5,hexane_dipole,58,0.9999999403953552,0.0,0.6485210114950368,0.6485210114950368,,,,1.0
5,hexane_dipole,59,0.9999999403953552,0.0,0.6485210114950368,0.6485210114950368,,,,1.0
5,hexane_dipole,60,0.9999999403953552,0.0,0.6485210114950368,0.6485210114950368,,,,1.0
5,hexane_dipole,61,0.9999999403953552,0.0,0.6485210114950368,0.6485210114950368,,,,1.0
5,hexane_dipole,62,0.9999999403953552,0.0,0.6485210114950368,0.6485210114950368,,,,1.0
5,hexane_dipole,63,0.9999999403953552,0.0,0.6485210114950368,0.6485210114950368,,,,1.0
5,hexane_dipole,64,0.9999999403953552,0.0,0.6485210114950368,0.6485210114950368,,,,1.0
5,hexane_dipole,65,0.9999999403953552,0.0,0.6485210114950368,0.6485210114950368,,,,1.0
5,hexane_dipole,66,0.9999999403953552,0.0,0.6485210114950368,0.6485210114950368,,,,1.0
5,hexane_dipole,67,0.9999999403953552,0.0,0.6485210114950368,0.6485210114950368,,,,1.0
5,hexane_dipole,68,0.9999999403953552,0.0,0.6485210114950368,0.6485210114950368,,,,1.0
5,hexane_dipole,69,0.9999999403953552,0.0,0.6485210114950368,0.6485210114950368,,,,1.0
5,hexane_dipole,70,0.9999999403953552,0.0,0.6485210114950368,0.6485210114950368,,,,1.0
5,hexane_dipole,71,0.9999999403953552,0.0,0.6485210114950368,0.6485210114950368,,,,1.0
5,hexane_dipole,72,0.9999999403953552,0.0,0.6485210114950368,0.6485210114950368,,,,1.0
5,hexane_dipole,73,0.9999999403953552,0.0,0.6485210114950368,0.6485210114950368,,,,1.0
5,hexane_dipole,74,0.9999999403953552,0.0,0.6485210114950368,0.6485210114950368,,,,1.0
5,hexane_dipole,75,0.9999999403953552,0.0,0.6485210114950368,0.6485210114950368,,,,1.0
5,hexane_dipole,76,0.9999999403953552,0.0,0.6485210114950368,0.6485210114950368,,,,1.0
5,hexane_dipole,77,0.9999999403953552,0.0,0.6485210114950368,0.6485210114950368,,,,1.0
5,hexane_dipole,78,0.9999999403953552,0.0,0.6485210114950368,0.6485210114950368,,,,1.0
5,hexane_dipole,79,0.9999999403953552,0.0,0.6485210114950368,0.6485210114950368,,,,1.0
5,hexane_dipole,80,0.9999999403953552,0.0,0.6485210114950368,0.6485210114950368,,,,1.0
5,hexane_dipole,81,0.9999999403953552,0.0,0.6485210114950368,0.6485210114950368,,,,1.0
5,hexane_dipole,82,0.9999999403953552,0.0,0.6485210114950368,0.6485210114950368,,,,1.0
5,hexane_dipole,83,0.9999999403953552,0.0,0.6485210114950368,0.6485210114950368,,,,1.0
5,hexane_dipole,84,0.9999999403953552,0.0,0.6485210114950368,0.6485210114950368,,,,1.0
5,hexane_dipole,85,0.9999999403953552,0.0,0.6485210114950368,0.6485210114950368,,,,1.0
5,hexane_dipole,86,0.9999999403953552,0.0,0.6485210114950368,0.6485210114950368,,,,1.0
5,hexane_dipole,87,0.9999999403953552,0.0,0.6485210114950368,0.6485210114950368,,,,1.0
5,hexane_dipole,88,0.9999999403953552,0.0,0.6485210114950368,0.6485210114950368,,,,1.0
5,hexane_dipole,89,0.9999999403953552,0.0,0.6485210114950368,0.6485210114950368,,,,1.0
5,hexane_dipole,90,0.9999999403953552,0.0,0.6485210114950368,0.6485210114950368,,,,1.0
5,hexane_dipole,91,0.9999999403953552,0.0,0.6485210114950368,0.6485210114950368,,,,1.0
5,hexane_dipole,92,0.9999999403953552,0.0,0.6485210114950368,0.6485210114950368,,,,1.0
5,hexane_dipole,93,0.9999999403953552,0.0,0.6485210114950368,0.6485210114950368,,,,1.0
5,hexane_dipole,94,0.9999999403953552,0.0,0.6485210114950368,0.6485210114950368,,,,1.0
5,hexane_dipole,95,0.9999999403953552,0.0,0.6485210114950368,0.6485210114950368,,,,1.0
5,hexane_dipole,96,0.9999999403953552,0.0,0.6485210114950368,0.6485210114950368,,,,1.0
5,hexane_dipole,97,0.9999999403953552,0.0,0.6485210114950368,0.6485210114950368,,,,1.0
5,hexane_dipole,98,0.9999999403953552,0.0,0.6485210114950368,0.6485210114950368,,,,1.0
5,hexane_dipole,99,0.9999999403953552,0.0,0.6485210114950368,0.6485210114950368,,,,1.0
5,hexane_dipole,100,0.9999999403953552,0.0,0.6485210114950368,0.6485210114950368,,,,1.0
5,hexane_dipole,101,0.9999999403953552,0.0,0.6485210114950368,0.6485210114950368,,,,1.0
5,hexane_dipole,102,0.9999999403953552,0.0,0.6485210114950368,0.6485210114950368,,,,1.0
5,hexane_dipole,103,0.9999999403953552,0.0,0.6485210114950368,0.6485210114950368,,,,1.0
5,hexane_dipole,104,0.9999999403953552,0.0,0.6485210114950368,0.6485210114950368,,,,1.0
5,hexane_dipole,105,0.9999999403953552,0.0,0.6485210114950368,0.6485210114950368,,,,1.0
5,hexane_dipole,106,0.9999999403953552,0.0,0.6485210114950368,0.6485210114950368,,,,1.0
5,hexane_dipole,107,0.9999999403953552,0.0,0.6485210114950368,0.6485210114950368,,,,1.0
5,hexane_dipole,108,0.9999999403953552,0.0,0.6485210114950368,0.6485210114950368,,,,1.0
5,hexane_dipole,109,0.9999999403953552,0.0,0.6485210114950368,0.6485210114950368,,,,1.0
5,hexane_dipole,110,0.9999999403953552,0.0,0.6485210114950368,0.6485210114950368,,,,1.0
5,hexane_dipole,111,0.9999999403953552,0.0,0.6485210114950368,0.6485210114950368,,,,1.0
5,hexane_dipole,112,0.9999999403953552,0.0,0.6485210114950368,0.6485210114950368,,,,1.0
5,hexane_dipole,113,0.9999999403953552,0.0,0.6485210114950368,0.6485210114950368,,,,1.0
5,hexane_dipole,114,0.9999999403953552,0.0,0.6485210114950368,0.6485210114950368,,,,1.0
5,hexane_dipole,115,0.9999999403953552,0.0,0.6485210114950368,0.6485210114950368,,,,1.0
5,hexane_dipole,116,0.9999999403953552,0.0,0.6485210114950368,0.6485210114950368,,,,1.0
5,hexane_dipole,117,0.9999999403953552,0.0,0.6485210114950368,0.6485210114950368,,,,1.0
5,hexane_dipole,118,0.9999999403953552,0.0,0.6485210114950368,0.6485210114950368,,,,1.0
5,hexane_dipole,119,0.9999999403953552,0.0,0.6485210114950368,0.6485210114950368,,,,1.0
5,hexane_dipole,120,0.9999999403953552,0.0,0.6485210114950368,0.6485210114950368,,,,1.0
5,hexane_dipole,121,0.9999999403953552,0.0,0.6485210114950368,0.6485210114950368,,,,1.0
5,hexane_dipole,122,0.9999999403953552,0.0,0.6485210114950368,0.6485210114950368,,,,1.0
5,hexane_dipole,123,0.9999999403953552,0.0,0.6485210114950368,0.6485210114950368,,,,1.0
5,hexane_dipole,124,0.9999999403953552,0.0,0.6485210114950368,0.6485210114950368,,,,1.0
5,hexane_dipole,125,0.9999999403953552,0.0,0.6485210114950368,0.6485210114950368,,,,1.0
5,hexane_dipole,126,0.9999999403953552,0.0,0.6485210114950368,0.6485210114950368,,,,1.0
5,hexane_dipole,127,0.9999999403953552,0.0,0.6485210114950368,0.6485210114950368,,,,1.0
5,hexane_dipole,128,0.9999999403953552,0.0,0.6485210114950368,0.6485210114950368,,,,1.0
5,hexane_dipole,129,0.9999999403953552,0.0,0.6485210114950368,0.6485210114950368,,,,1.0
5,hexane_dipole,130,0.9999999403953552,0.0,0.6485210114950368,0.6485210114950368,,,,1.0
5,hexane_dipole,131,0.9999999403953552,0.0,0.6485210114950368,0.6485210114950368,,,,1.0
5,hexane_dipole,132,0.9999999403953552,0.0,0.6485210114950368,0.6485210114950368,,,,1.0
5,hexane_dipole,133,0.9999999403953552,0.0,0.6485210114950368,0.6485210114950368,,,,1.0
5,hexane_dipole,134,0.9999999403953552,0.0,0.6485210114950368,0.6485210114950368,,,,1.0
5,hexane_dipole,135,0.9999999403953552,0.0,0.6485210114950368,0.6485210114950368,,,,1.0
5,hexane_dipole,136,0.9999999403953552,0.0,0.6485210114950368,0.6485210114950368,,,,1.0
5,hexane_dipole,137,0.9999999403953552,0.0,0.6485210114950368,0.6485210114950368,,,,1.0
5,hexane_dipole,138,0.9999999403953552,0.0,0.6485210114950368,0.6485210114950368,,,,1.0
5,hexane_dipole,139,0.9999999403953552,0.0,0.6485210114950368,0.6485210114950368,,,,1.0
5,hexane_dipole,140,0.9999999403953552,0.0,0.6485210114950368,0.6485210114950368,,,,1.0
5,hexane_dipole,141,0.9999999403953552,0.0,0.6485210114950368,0.6485210114950368,,,,1.0
5,hexane_dipole,142,0.9999999403953552,0.0,0.6485210114950368,0.6485210114950368,,,,1.0
5,hexane_dipole,143,0.9999999403953552,0.0,0.6485210114950368,0.6485210114950368,,,,1.0
5,hexane_dipole,144,0.9999999403953552,0.0,0.6485210114950368,0.6485210114950368,,,,1.0
5,hexane_dipole,145,0.9999999403953552,0.0,0.6485210114950368,0.6485210114950368,,,,1.0
5,hexane_dipole,146,0.9999999403953552,0.0,0.6485210114950368,0.6485210114950368,,,,1.0
5,hexane_dipole,147,0.9999999403953552,0.0,0.6485210114950368,0.6485210114950368,,,,1.0
5,hexane_dipole,148,0.9999999403953552,0.0,0.6485210114950368,0.6485210114950368,,,,1.0
5,hexane_dipole,149,0.9999999403953552,0.0,0.6485210114950368,0.6485210114950368,,,,1.0
5,hexane_dipole,150,0.9999999403953552,0.0,0.6485210114950368,0.6485210114950368,,,,1.0
5,hexane_dipole,151,0.9999999403953552,0.0,0.6485210114950368,0.6485210114950368,,,,1.0
5,hexane_dipole,152,0.9999999403953552,0.0,0.6485210114950368,0.6485210114950368,,,,1.0
5,hexane_dipole,153,0.9999999403953552,0.0,0.6485210114950368,0.6485210114950368,,,,1.0
5,hexane_dipole,154,0.9999999403953552,0.0,0.6485210114950368,0.6485210114950368,,,,1.0
5,hexane_dipole,155,0.9999999403953552,0.0,0.6485210114950368,0.6485210114950368,,,,1.0
5,hexane_dipole,156,0.9999999403953552,0.0,0.6485210114950368,0.6485210114950368,,,,1.0
5,hexane_dipole,157,0.9999999403953552,0.0,0.6485210114950368,0.6485210114950368,,,,1.0
5,hexane_dipole,158,0.9999999403953552,0.0,0.6485210114950368,0.6485210114950368,,,,1.0
5,hexane_dipole,159,0.9999999403953552,0.0,0.6485210114950368,0.6485210114950368,,,,1.0
5,hexane_dipole,160,0.9999999403953552,0.0,0.6485210114950368,0.6485210114950368,,,,1.0
5,hexane_dipole,161,0.9999999403953552,0.0,0.6485210114950368,0.6485210114950368,,,,1.0
5,hexane_dipole,162,0.9999999403953552,0.0,0.6485210114950368,0.6485210114950368,,,,1.0
5,hexane_dipole,163,0.9999999403953552,0.0,0.6485210114950368,0.6485210114950368,,,,1.0
5,hexane_dipole,164,0.9999999403953552,0.0,0.6485210114950368,0.6485210114950368,,,,1.0
5,hexane_dipole,165,0.9999999403953552,0.0,0.6485210114950368,0.6485210114950368,,,,1.0
5,hexane_dipole,166,0.9999999403953552,0.0,0.6485210114950368,0.6485210114950368,,,,1.0
5,hexane_dipole,167,0.9999999403953552,0.0,0.6485210114950368,0.6485210114950368,,,,1.0
5,hexane_dipole,168,0.9999999403953552,0.0,0.6485210114950368,0.6485210114950368,,,,1.0
5,hexane_dipole,169,0.9999999403953552,0.0,0.6485210114950368,0.6485210114950368,,,,1.0
5,hexane_dipole,170,0.9999999403953552,0.0,0.6485210114950368,0.6485210114950368,,,,1.0
5,hexane_dipole,171,0.9999999403953552,0.0,0.6485210114950368,0.6485210114950368,,,,1.0
5,hexane_dipole,172,0.9999999403953552,0.0,0.6485210114950368,0.6485210114950368,,,,1.0
5,hexane_dipole,173,0.9999999403953552,0.0,0.6485210114950368,0.6485210114950368,,,,1.0
5,hexane_dipole,174,0.9999999403953552,0.0,0.6485210114950368,0.6485210114950368,,,,1.0
5,hexane_dipole,175,0.9999999403953552,0.0,0.6485210114950368,0.6485210114950368,,,,1.0
5,hexane_dipole,176,0.9999999403953552,0.0,0.6485210114950368,0.6485210114950368,,,,1.0
5,hexane_dipole,177,0.9999999403953552,0.0,0.6485210114950368,0.6485210114950368,,,,1.0
5,hexane_dipole,178,0.9999999403953552,0.0,0.6485210114950368,0.6485210114950368,,,,1.0
5,hexane_dipole,179,0.9999999403953552,0.0,0.6485210114950368,0.6485210114950368,,,,1.0
5,hexane_dipole,180,0.9999999403953552,0.0,0.6485210114950368,0.6485210114950368,,,,1.0
5,hexane_dipole,181,0.9999999403953552,0.0,0.6485210114950368,0.6485210114950368,,,,1.0
5,hexane_dipole,182,0.9999999403953552,0.0,0.6485210114950368,0.6485210114950368,,,,1.0
5,hexane_dipole,183,0.9999999403953552,0.0,0.6485210114950368,0.6485210114950368,,,,1.0
5,hexane_dipole,184,0.9999999403953552,0.0,0.6485210114950368,0.6485210114950368,,,,1.0
5,hexane_dipole,185,0.9999999403953552,0.0,0.6485210114950368,0.6485210114950368,,,,1.0
5,hexane_dipole,186,0.9999999403953552,0.0,0.6485210114950368,0.6485210114950368,,,,1.0
5,hexane_dipole,187,0.9999999403953552,0.0,0.6485210114950368,0.6485210114950368,,,,1.0
5,hexane_dipole,188,0.9999999403953552,0.0,0.6485210114950368,0.6485210114950368,,,,1.0
5,hexane_dipole,189,0.9999999403953552,0.0,0.6485210114950368,0.6485210114950368,,,,1.0
5,hexane_dipole,190,0.9999999403953552,0.0,0.6485210114950368,0.6485210114950368,,,,1.0
5,hexane_dipole,191,0.9999999403953552,0.0,0.6485210114950368,0.6485210114950368,,,,1.0
5,hexane_dipole,192,0.9999999403953552,0.0,0.6485210114950368,0.6485210114950368,,,,1.0
5,hexane_dipole,193,0.9999999403953552,0.0,0.6485210114950368,0.6485210114950368,,,,1.0
5,hexane_dipole,194,0.9999999403953552,0.0,0.6485210114950368,0.6485210114950368,,,,1.0
5,hexane_dipole,195,0.9999999403953552,0.0,0.6485210114950368,0.6485210114950368,,,,1.0
5,hexane_dipole,196,0.9999999403953552,0.0,0.6485210114950368,0.6485210114950368,,,,1.0
5,hexane_dipole,197,0.9999999403953552,0.0,0.6485210114950368,0.6485210114950368,,,,1.0
5,hexane_dipole,198,0.9999999403953552,0.0,0.6485210114950368,0.6485210114950368,,,,1.0
5,hexane_dipole,199,0.9999999403953552,0.0,0.6485210114950368,0.6485210114950368,,,,1.0
5,hexane_dipole,200,0.9999999403953552,0.0,0.6485210114950368,0.6485210114950368,,,,1.0
5,hexane_dipole,201,0.9999999403953552,0.0,0.6485210114950368,0.6485210114950368,,,,1.0
5,hexane_dipole,202,0.9999999403953552,0.0,0.6485210114950368,0.6485210114950368,,,,1.0
5,hexane_dipole,203,0.9999999403953552,0.0,0.6485210114950368,0.6485210114950368,,,,1.0
5,hexane_dipole,204,0.9999999403953552,0.0,0.6485210114950368,0.6485210114950368,,,,1.0
5,hexane_dipole,205,0.9999999403953552,0.0,0.6485210114950368,0.6485210114950368,,,,1.0
5,hexane_dipole,206,0.9999999403953552,0.0,0.6485210114950368,0.6485210114950368,,,,1.0
5,hexane_dipole,207,0.9999999403953552,0.0,0.6485210114950368,0.6485210114950368,,,,1.0
5,hexane_dipole,208,0.9999999403953552,0.0,0.6485210114950368,0.6485210114950368,,,,1.0
5,hexane_dipole,209,0.9999999403953552,0.0,0.6485210114950368,0.6485210114950368,,,,1.0
5,hexane_dipole,210,0.9999999403953552,0.0,0.6485210114950368,0.6485210114950368,,,,1.0
5,hexane_dipole,211,0.9999999403953552,0.0,0.6485210114950368,0.6485210114950368,,,,1.0
5,hexane_dipole,212,0.9999999403953552,0.0,0.6485210114950368,0.6485210114950368,,,,1.0
5,hexane_dipole,213,0.9999999403953552,0.0,0.6485210114950368,0.6485210114950368,,,,1.0
5,hexane_dipole,214,0.9999999403953552,0.0,0.6485210114950368,0.6485210114950368,,,,1.0
5,hexane_dipole,215,0.9999999403953552,0.0,0.6485210114950368,0.6485210114950368,,,,1.0
5,hexane_dipole,216,0.9999999403953552,0.0,0.6485210114950368,0.6485210114950368,,,,1.0
5,hexane_dipole,217,0.9999999403953552,0.0,0.6485210114950368,0.6485210114950368,,,,1.0
5,hexane_dipole,218,0.9999999403953552,0.0,0.6485210114950368,0.6485210114950368,,,,1.0
5,hexane_dipole,219,0.9999999403953552,0.0,0.6485210114950368,0.6485210114950368,,,,1.0
5,hexane_dipole,220,0.9999999403953552,0.0,0.6485210114950368,0.6485210114950368,,,,1.0
5,hexane_dipole,221,0.9999999403953552,0.0,0.6485210114950368,0.6485210114950368,,,,1.0
5,hexane_dipole,222,0.9999999403953552,0.0,0.6485210114950368,0.6485210114950368,,,,1.0
5,hexane_dipole,223,0.9999999403953552,0.0,0.6485210114950368,0.6485210114950368,,,,1.0
5,hexane_dipole,224,0.9999999403953552,0.0,0.6485210114950368,0.6485210114950368,,,,1.0
5,hexane_dipole,225,0.9999999403953552,0.0,0.6485210114950368,0.6485210114950368,,,,1.0
5,hexane_dipole,226,0.9999999403953552,0.0,0.6485210114950368,0.6485210114950368,,,,1.0
5,hexane_dipole,227,0.9999999403953552,0.0,0.6485210114950368,0.6485210114950368,,,,1.0
5,hexane_dipole,228,0.9999999403953552,0.0,0.6485210114950368,0.6485210114950368,,,,1.0
5,hexane_dipole,229,0.9999999403953552,0.0,0.6485210114950368,0.6485210114950368,,,,1.0
5,hexane_dipole,230,0.9999999403953552,0.0,0.6485210114950368,0.6485210114950368,,,,1.0
5,hexane_dipole,231,0.9999999403953552,0.0,0.6485210114950368,0.6485210114950368,,,,1.0
5,hexane_dipole,232,0.9999999403953552,0.0,0.6485210114950368,0.6485210114950368,,,,1.0
5,hexane_dipole,233,0.9999999403953552,0.0,0.6485210114950368,0.6485210114950368,,,,1.0
5,hexane_dipole,234,0.9999999403953552,0.0,0.6485210114950368,0.6485210114950368,,,,1.0
5,hexane_dipole,235,0.9999999403953552,0.0,0.6485210114950368,0.6485210114950368,,,,1.0
5,hexane_dipole,236,0.9999999403953552,0.0,0.6485210114950368,0.6485210114950368,,,,1.0
5,hexane_dipole,237,0.9999999403953552,0.0,0.6485210114950368,0.6485210114950368,,,,1.0
5,hexane_dipole,238,0.9999999403953552,0.0,0.6485210114950368,0.6485210114950368,,,,1.0
5,hexane_dipole,239,0.9999999403953552,0.0,0.6485210114950368,0.6485210114950368,,,,1.0
5,hexane_dipole,240,0.9999999403953552,0.0,0.6485210114950368,0.6485210114950368,,,,1.0
5,hexane_dipole,241,0.9999999403953552,0.0,0.6485210114950368,0.6485210114950368,,,,1.0
5,hexane_dipole,242,0.9999999403953552,0.0,0.6485210114950368,0.6485210114950368,,,,1.0
5,hexane_dipole,243,0.9999999403953552,0.0,0.6485210114950368,0.6485210114950368,,,,1.0
5,hexane_dipole,244,0.9999999403953552,0.0,0.6485210114950368,0.6485210114950368,,,,1.0
5,hexane_dipole,245,0.9999999403953552,0.0,0.6485210114950368,0.6485210114950368,,,,1.0
5,hexane_dipole,246,0.9999999403953552,0.0,0.6485210114950368,0.6485210114950368,,,,1.0
5,hexane_dipole,247,0.9999999403953552,0.0,0.6485210114950368,0.6485210114950368,,,,1.0
5,hexane_dipole,248,0.9999999403953552,0.0,0.6485210114950368,0.6485210114950368,,,,1.0
5,hexane_dipole,249,0.9999999403953552,0.0,0.6485210114950368,0.6485210114950368,,,,1.0
6,sco_kcal,0,0.5390521287918091,0.014532437548041344,0.6574548569884835,0.9295512136121227,2.9130733013153076,1.3114286661148071,0.45018732124683314,0.3
6,sco_kcal,1,0.7598585486412048,0.01671881042420864,0.6890894686698681,0.9276459164504498,3.47043776512146,3.2053494453430176,0.9236153080044746,0.6
6,sco_kcal,2,0.3874031603336334,0.0020585977472364902,0.6494307206932697,0.9629098682627375,0.35622912645339966,0.14222095906734467,0.39924011964796313,0.26
6,sco_kcal,3,0.26718834042549133,0.010294969193637371,0.6324767244472842,0.9605249263259754,1.8703593015670776,0.1527290791273117,0.08165761466224584,0.18
6,sco_kcal,4,0.36905577778816223,0.02999161370098591,0.6316837235773147,0.9373179876447022,5.654831886291504,1.6999512910842896,0.3006192447922859,0.22
6,sco_kcal,5,0.18196886777877808,0.06244225800037384,0.6216037531247238,0.9265845442706615,11.695829391479492,1.850891351699829,0.1582522529824365,0.04
6,sco_kcal,6,0.26595762372016907,0.011066267266869545,0.6712324700263317,0.9492749535598446,2.4460549354553223,0.33303332328796387,0.13615120349943047,0.28
6,sco_kcal,7,0.5397512316703796,0.006948734167963266,0.6606050554533227,0.9395541501347893,1.4108184576034546,0.7176972031593323,0.508709819673382,0.38
6,sco_kcal,8,0.11720263212919235,0.020688356831669807,0.6572121171369656,0.9529941482822262,4.003582000732422,0.1706332415342331,0.042620144036769364,0.1
6,sco_kcal,9,0.9471359252929688,0.002806413918733597,0.7620218734694004,0.9177019492027645,0.5261269807815552,1.4797734022140503,2.81257843879412,0.88
6,sco_kcal,10,0.6731042265892029,0.005185648798942566,0.6784299636732081,0.9382990049923539,1.3883675336837769,0.3056972026824951,0.22018463790447768,0.44
6,sco_kcal,11,0.8143743872642517,0.007105081807821989,0.6626147296670271,0.947747047273793,1.4423786401748657,1.3400075435638428,0.9290261975880258,0.58
6,sco_kcal,12,0.14934983849525452,0.011289319023489952,0.6400908259592026,0.9519696288531463,2.172957181930542,0.11632788181304932,0.05353436449663448,0.06
6,sco_kcal,13,0.17260003089904785,0.012185437604784966,0.6504494267401129,0.9732552770055172,2.257686138153076,0.10760309547185898,0.0476607858167056,0.14
6,sco_kcal,14,0.18479950726032257,0.03942067548632622,0.6864908543180348,0.9499665847004719,9.386175155639648,0.2813303768634796,0.0299728454027883,0.08
6,sco_kcal,15,0.5286712050437927,0.00938531756401062,0.6520634621842079,0.9496070850049976,1.7482290267944336,0.8008646965026855,0.45810056018298545,0.34
6,sco_kcal,16,0.5566044449806213,0.004626758862286806,0.6929114889949464,0.9340500031040209,1.1191301345825195,0.48737552762031555,0.4354949550189051,0.46
6,sco_kcal,17,0.26984551548957825,0.010611695237457752,0.6354199601897865,0.9590803778145272,2.0314831733703613,0.3431576192378998,0.16891974481313532,0.16
6,sco_kcal,18,0.16321368515491486,0.007163776084780693,0.6514232966593336,0.9644652119631403,1.496786117553711,0.22219420969486237,0.14844753508137018,0.1
6,sco_kcal,19,0.15992958843708038,0.010357492603361607,0.651478370733608,0.9745195624133687,2.1289584636688232,0.18126174807548523,0.08514104486713084,0.16
6,sco_kcal,20,0.8378497362136841,0.015621001832187176,0.7235752983712846,0.9271827656396818,3.4914591312408447,4.145085334777832,1.187207175844757,0.7
6,sco_kcal,21,0.5815297365188599,0.012644091621041298,0.6683706598351669,0.9512811862358044,2.4744889736175537,1.042794942855835,0.4214183025157439,0.5
6,sco_kcal,22,0.21615755558013916,0.0035595428198575974,0.6432183174088184,0.9748930324021978,0.6588445901870728,0.12240973860025406,0.18579455674895495,0.18
6,sco_kcal,23,0.343425452709198,0.004321372136473656,0.6440501952413358,0.9757838122290392,0.7982660531997681,0.18800680339336395,0.23551897596015495,0.26
6,sco_kcal,24,0.249395951628685,0.03403787687420845,0.6516914281156732,0.9477863658194683,6.643889427185059,0.9885076880455017,0.14878448819463894,0.16
6,sco_kcal,25,0.11266539245843887,0.01153735350817442,0.6517982488016107,0.9524073991382278,2.2799720764160156,0.034633856266736984,0.015190473876846512,0.16
6,sco_kcal,26,0.21030762791633606,0.03418440744280815,0.6253628508396474,0.927384609234686,5.972474098205566,0.6328493356704712,0.10596100129770528,0.14
6,sco_kcal,27,0.37617361545562744,0.00889633223414421,0.6553202331820493,0.9463046133935225,1.8907556533813477,0.5079140067100525,0.268630166886832,0.18
6,sco_kcal,28,0.2985668480396271,0.023101776838302612,0.6539062296145379,0.9610171006899644,4.220698833465576,0.822681725025177,0.1949159979153691,0.12
6,sco_kcal,29,0.1168346256017685,0.045127518475055695,0.6361039351783915,0.9387641891328253,8.815716743469238,0.5400484204292297,0.06125972920231386,0.02
6,sco_kcal,30,0.47541865706443787,0.01391749456524849,0.6461231539271164,0.9138302479733911,2.965939521789551,1.2780250310897827,0.4309005701905426,0.26
6,sco_kcal,31,0.29276928305625916,0.02360294945538044,0.6400547147410853,0.9710463117796393,4.197439670562744,0.07476487755775452,0.017812019570428016,0.34
6,sco_kcal,32,0.2710851728916168,0.010316507890820503,0.6337339577659478,0.9361580767656499,1.9568721055984497,0.4539441168308258,0.23197434085351268,0.18
6,sco_kcal,33,0.47469213604927063,0.007867594249546528,0.6558969817068045,0.9483849295573805,1.5532008409500122,0.7131630182266235,0.4591569869292749,0.4
6,sco_kcal,34,0.47916871309280396,0.03945086523890495,0.6312402886067048,0.922963880027857,7.469429969787598,2.9635818004608154,0.39676144129444035,0.28
6,sco_kcal,35,0.3836175203323364,0.009583762846887112,0.6365864783491662,0.9184805583250271,1.9050694704055786,0.4479149878025055,0.23511740372761677,0.28
6,sco_kcal,36,0.9721417427062988,0.004001454915851355,0.7911147174952167,0.9095392780468772,0.8587355017662048,2.723098039627075,3.1710556207660465,0.94
6,sco_kcal,37,0.08183815330266953,0.011172041296958923,0.6397682721478464,0.9630150100557242,2.1856791973114014,0.0514560341835022,0.023542354361426023,0.08
6,sco_kcal,38,0.727604329586029,0.004398049786686897,0.681906937523379,0.955655231464567,1.2072856426239014,0.5287466049194336,0.4379631350293055,0.62
6,sco_kcal,39,0.3783179223537445,0.02695668675005436,0.6320694610817288,0.9185758136082618,5.00154447555542,1.6237870454788208,0.3246571240973519,0.22
6,sco_kcal,40,0.6110659837722778,0.019424429163336754,0.6716895539223673,0.9290080615974683,3.647040367126465,2.5140504837036133,0.689339911442893,0.48
6,sco_kcal,41,0.3149726688861847,0.015011622570455074,0.6448974756002435,0.9617668968876558,2.7383289337158203,0.5197378396987915,0.1898010985092009,0.14
6,sco_kcal,42,0.9714428186416626,0.003540955949574709,0.7910687829258143,0.9063185929352708,1.0124832391738892,2.351370334625244,2.3223795156784885,0.92
6,sco_kcal,43,0.06763520836830139,0.022210298106074333,0.6384907946186085,0.9737183178302657,4.215960502624512,0.03495340794324875,0.0082907342043384,0.06
6,sco_kcal,44,0.30966657400131226,0.00436356570571661,0.6588116654716885,0.9495925701676708,0.907768189907074,0.20689596235752106,0.22791717605647813,0.24
6,sco_kcal,45,0.3406428098678589,0.0054136053659021854,0.6472430645836513,0.9412324276334423,1.1136871576309204,0.3433757424354553,0.3083233384552066,0.26
6,sco_kcal,46,0.18130911886692047,0.02008158527314663,0.6339898548622855,0.9490438829746974,3.7511491775512695,0.411312460899353,0.10964972104038145,0.06
6,sco_kcal,47,0.09954944252967834,0.02558620646595955,0.6487399357995263,0.9496742811017369,5.20373010635376,0.699301540851593,0.13438466764403195,0.04
6,sco_kcal,48,0.07066664844751358,0.012863567098975182,0.6537436620847854,0.9761301598071341,2.6688201427459717,0.07074494659900665,0.02650794838734115,0.06
6,sco_kcal,49,0.26090988516807556,0.02756948582828045,0.6417355369003404,0.9240795348636708,5.355782985687256,0.7952590584754944,0.14848604967765447,0.08
6,sco_kcal,50,0.13094575703144073,0.010475530289113522,0.6375778375075458,0.95339495970695,2.0267293453216553,0.07508104294538498,0.03704542154022501,0.12
6,sco_kcal,51,0.5600091814994812,0.011691000312566757,0.6561290614209672,0.9276235472880601,2.3140077590942383,1.2615020275115967,0.5451589444995555,0.28
6,sco_kcal,52,0.22219103574752808,0.019098002463579178,0.6577858116677591,0.9329512154397208,4.1835479736328125,0.5104877352714539,0.1220226799092179,0.08
6,sco_kcal,53,0.3594897985458374,0.04275248944759369,0.6362009862844609,0.9127369948450872,7.600709915161133,1.8529551029205322,0.2437871098362067,0.14
6,sco_kcal,54,0.29052069783210754,0.047693826258182526,0.6325997572599085,0.9391169135331785,9.310912132263184,1.3120874166488647,0.140919321115958,0.08
6,sco_kcal,55,0.065455362200737,0.019351374357938766,0.6469427797875713,0.9670841790564708,3.8803865909576416,0.05932789295911789,0.015289170696901193,0.04
6,sco_kcal,56,0.1453285813331604,0.017647815868258476,0.6398163841586693,0.9723487327208822,3.4289441108703613,0.11989785730838776,0.03496640756794206,0.1
6,sco_kcal,57,0.43930938839912415,0.005161334294825792,0.6468164271230741,0.9428595265708837,1.0382100343704224,0.4062551259994507,0.3913034092815396,0.3
6,sco_kcal,58,0.2407623827457428,0.005813438445329666,0.6688881713481467,0.9473718474492878,1.3100121021270752,0.1520295888185501,0.11605204911595754,0.16
6,sco_kcal,59,0.30644384026527405,0.006644601467996836,0.637310620296379,0.9140744064951276,1.4756031036376953,0.1811780333518982,0.12278236126316987,0.14
6,sco_kcal,60,0.17046041786670685,0.07254479080438614,0.6217419925022933,0.9077649051235133,13.87743854522705,2.110060453414917,0.15204970618591876,0.0
6,sco_kcal,61,0.415957510471344,0.010585375130176544,0.6759767734384861,0.9144683795461599,2.398250102996826,0.8197405338287354,0.34180777592979017,0.22
6,sco_kcal,62,0.29469025135040283,0.011027601547539234,0.6355255059299452,0.974700914597681,2.0632877349853516,0.31642991304397583,0.15336199003103285,0.2
6,sco_kcal,63,0.8954989910125732,0.004976531956344843,0.7246411697525368,0.8970940213412866,1.1478074789047241,1.8436863422393799,1.606267929181544,0.76
6,sco_kcal,64,0.40789929032325745,0.010702167637646198,0.6373151882414725,0.9170088275986494,1.9571890830993652,0.5378409028053284,0.2748027298178132,0.28
6,sco_kcal,65,0.2905874252319336,0.03937949985265732,0.6418979657445776,0.9393308478950071,6.912010192871094,1.8210605382919312,0.26346323102505487,0.22
6,sco_kcal,66,0.11516301333904266,0.011513829231262207,0.6426540220755192,0.9701597553675281,2.2242753505706787,0.1288270503282547,0.057918661147416735,0.08
6,sco_kcal,67,0.06754089891910553,0.0402752123773098,0.6343944045625312,0.9469704840632345,8.153520584106445,0.10145094245672226,0.01244259352879777,0.0
6,sco_kcal,68,0.6625658869743347,0.010101430118083954,0.6660594204437562,0.9207439000806696,2.0061066150665283,1.6743547916412354,0.8346290167562749,0.66
6,sco_kcal,69,0.19409096240997314,0.009656867012381554,0.634796648945035,0.9564079617967423,1.7248271703720093,0.039607394486665726,0.022963109096967225,0.16
6,sco_kcal,70,0.14389783143997192,0.009727786295115948,0.6519831258777153,0.9558674055984371,2.01203989982605,0.174657940864563,0.08680640025064264,0.06
6,sco_kcal,71,0.9005860686302185,0.003510005073621869,0.7152612397303588,0.899730785763196,0.8087940216064453,1.2547166347503662,1.5513426178129002,0.78
6,sco_kcal,72,0.1193474754691124,0.025877222418785095,0.6231086443925435,0.9657744653287283,4.5905537605285645,0.050477880984544754,0.010996033075262937,0.1
6,sco_kcal,73,0.19251030683517456,0.00626281276345253,0.6505024104037473,0.9574138771468907,1.3687283992767334,0.07875410467386246,0.05753815345358355,0.18
6,sco_kcal,74,0.18765416741371155,0.011431512422859669,0.6250817086297045,0.9489572706955496,2.2229745388031006,0.14897695183753967,0.06701694024698646,0.1
6,sco_kcal,75,0.22830776870250702,0.006678082048892975,0.6367371012824239,0.9709635299839277,1.1721779108047485,0.12604489922523499,0.10753051909901626,0.18
6,sco_kcal,76,0.9210453629493713,0.0032096877694129944,0.7988328486244776,0.9344358571876181,0.9020242094993591,1.6418063640594482,1.820135587015655,0.82
6,sco_kcal,77,0.30525916814804077,0.00425645150244236,0.6309198648417893,0.9580511684501309,0.9081477522850037,0.01903103105723858,0.020955875307023916,0.28
6,sco_kcal,78,0.9040645360946655,0.007155537139624357,0.7413271310534257,0.9285708955707699,1.8420263528823853,2.4634506702423096,1.3373590808771685,0.8
6,sco_kcal,79,0.556311845779419,0.016912061721086502,0.6556458465554378,0.9276686544601189,3.324744701385498,2.0693864822387695,0.6224196646967836,0.34
6,sco_kcal,80,0.06196893751621246,0.05703200027346611,0.6301648017044787,0.9430059034483083,10.786130905151367,0.20316492021083832,0.01883575510045112,0.04
6,sco_kcal,81,0.13477200269699097,0.0683087408542633,0.6203947409844845,0.9098743605448081,13.039609909057617,1.8063637018203735,0.1385289678463181,0.02
6,sco_kcal,82,0.08577246218919754,0.007842297665774822,0.648110191797802,0.9778070321877237,1.624669075012207,0.09114179015159607,0.05609867975785239,0.04
6,sco_kcal,83,0.22211331129074097,0.004531008657068014,0.6450802654475194,0.9730963850132128,0.8808459043502808,0.1358962506055832,0.1542792558090185,0.16
6,sco_kcal,84,0.3094642162322998,0.01144476793706417,0.6424648285851231,0.9351060140379182,2.3259246349334717,0.4740931987762451,0.20382999158947623,0.24
6,sco_kcal,85,0.6061687469482422,0.0031913870479911566,0.681153840434469,0.9466045990964906,0.707556426525116,0.28736042976379395,0.4061307607296442,0.48
6,sco_kcal,86,0.1065531075000763,0.021476374939084053,0.6303840364125359,0.9731385972239113,3.984748125076294,0.05118190124630928,0.012844450800846874,0.04
6,sco_kcal,87,0.2562120258808136,0.004121388308703899,0.6354376221298759,0.9532533345954093,0.8034485578536987,0.06106211617588997,0.07600003208545042,0.14
6,sco_kcal,88,0.17271681129932404,0.0069891782477498055,0.6455114772579873,0.967557419431367,1.456282377243042,0.11846277862787247,0.08134602222691181,0.12
6,sco_kcal,89,0.4833526611328125,0.0015025415923446417,0.6594853829342495,0.9710157627709395,0.05738108232617378,0.10805298388004303,1.8830767824460464,0.38
6,sco_kcal,90,0.451820969581604,0.011664175428450108,0.6685541724411703,0.9368879557531264,2.5069823265075684,1.13590407371521,0.45309616334536246,0.26
6,sco_kcal,91,0.5594490170478821,0.03531402349472046,0.6588646034104959,0.9829141083529687,7.643939018249512,0.16174057126045227,0.02115932255271856,0.34
6,sco_kcal,92,0.10365772992372513,0.014896630309522152,0.6556305227078782,0.9789973968123662,3.0798165798187256,0.08744402974843979,0.02839260958637564,0.06
6,sco_kcal,93,0.9275690317153931,0.0031174144241958857,0.7463445863784886,0.920441949656194,0.6501501798629761,1.3144505023956299,2.021764421679711,0.84
6,sco_kcal,94,0.25996601581573486,0.00849963165819645,0.6915624676057119,0.9579906904577089,2.023902177810669,0.29113662242889404,0.14384915714840896,0.12
6,sco_kcal,95,0.7456406950950623,0.005733058322221041,0.6926500175287535,0.9564871603358527,1.1992290019989014,0.9665617346763611,0.8059859568650146,0.54
6,sco_kcal,96,0.28032398223876953,0.01629660464823246,0.6504114623742121,0.9133675684704334,3.4038970470428467,1.1258563995361328,0.33075512683740727,0.16
6,sco_kcal,97,0.37029722332954407,0.03148023784160614,0.6824610674654572,0.9190141136261771,7.450115203857422,2.628058910369873,0.35275413043400344,0.18
6,sco_kcal,98,0.41623643040657043,0.0039006182923913,0.6503588443997725,0.9648045615884997,0.8010187149047852,0.2293533831834793,0.28632712184601317,0.22
6,sco_kcal,99,0.2173662781715393,0.013514561578631401,0.6447067728342883,0.9534051930387699,2.551750421524048,0.4879152774810791,0.19120807166935583,0.12
6,sco_kcal,100,0.41119128465652466,0.024242721498012543,0.6557172153427524,0.9346137485464314,4.991446018218994,2.165163278579712,0.43377475598789855,0.2
6,sco_kcal,101,0.23349116742610931,0.01708165928721428,0.6498798914538899,0.9796660554697996,3.4122533798217773,0.4886472225189209,0.1432036745596082,0.1
6,sco_kcal,102,0.7351598143577576,0.004367143847048283,0.6902762700628928,0.9115234143866229,1.0540703535079956,0.8588148951530457,0.8147605065400705,0.48
6,sco_kcal,103,0.27331700921058655,0.028460117056965828,0.6310148673379277,0.906897108200116,5.494936466217041,1.5452327728271484,0.2812103074034185,0.1
6,sco_kcal,104,0.3767198920249939,0.003960651345551014,0.6294817252342026,0.9546141294667974,0.902895450592041,0.09460699558258057,0.10478178345072561,0.18
6,sco_kcal,105,0.17947876453399658,0.016779610887169838,0.6513779216502511,0.9733135810939724,3.409635066986084,0.2303621619939804,0.0675621166102116,0.14
6,sco_kcal,106,0.33446046710014343,0.006781667470932007,0.6430447722282668,0.9364647658720535,1.4706979990005493,0.17869782447814941,0.12150545156081542,0.22
6,sco_kcal,107,0.6181049942970276,0.011478426866233349,0.6624303803874556,0.8944947158439411,2.4035377502441406,1.5078275203704834,0.6273367332039304,0.44
6,sco_kcal,108,0.6280327439308167,0.01263804454356432,0.6553980102036872,0.9387127047349688,2.484978675842285,1.3171786069869995,0.5300563018073147,0.64
6,sco_kcal,109,0.29407909512519836,0.007040552329272032,0.6375859576823122,0.9563731486459879,1.2660913467407227,0.17436981201171875,0.13772293165149257,0.16
6,sco_kcal,110,0.9231610298156738,0.006464035715907812,0.7451806516088448,0.933434321947473,1.7596701383590698,2.379828453063965,1.3524287314912362,0.86
6,sco_kcal,111,0.1541905403137207,0.0068083154037594795,0.6503112372924176,0.9522831410763126,1.400959849357605,0.19998428225517273,0.14274804688148154,0.12
6,sco_kcal,112,0.14248982071876526,0.01401816587895155,0.6613024481873866,0.9606611103896088,2.989400625228882,0.12158069014549255,0.04067059099386647,0.14
6,sco_kcal,113,0.2849576473236084,0.02968541905283928,0.6235942656617932,0.9176455167033195,5.5433173179626465,1.6201114654541016,0.292263886861441,0.18
6,sco_kcal,114,0.24639399349689484,0.008982698433101177,0.6439871927657859,0.9499054352841931,1.8175379037857056,0.19139724969863892,0.10530578168410257,0.16
6,sco_kcal,115,0.4159853458404541,0.0025097928009927273,0.652859736578159,0.972507437236606,0.5644145011901855,0.22606243193149567,0.4005255560493147,0.3
6,sco_kcal,116,0.6167471408843994,0.012142443098127842,0.6572553518101245,0.9459296499563266,2.4391255378723145,1.4552232027053833,0.5966167710969056,0.42
6,sco_kcal,117,0.09621519595384598,0.03041011281311512,0.6914774424164505,0.9472157604044174,7.042730808258057,0.14279668033123016,0.02027575442238852,0.1
6,sco_kcal,118,0.945885419845581,0.01049435418099165,0.7016298340326956,0.9324497305945982,2.164137840270996,5.669045925140381,2.6195401326333703,0.7
6,sco_kcal,119,0.3622858226299286,0.020377980545163155,0.6554264621685095,0.9594461031313632,4.076553821563721,1.4159481525421143,0.3473394966729453,0.16
6,sco_kcal,120,0.23137041926383972,0.0043146261014044285,0.6454072845432894,0.9614784336275832,0.8857117891311646,0.13951225578784943,0.15751428116893806,0.14
6,sco_kcal,121,0.21414582431316376,0.009043867699801922,0.6285288084868339,0.9723617907852444,1.5964637994766235,0.03251703083515167,0.020368160459267468,0.12
6,sco_kcal,122,0.3318256437778473,0.003241976723074913,0.6514338534554032,0.9648686629825223,0.7426208257675171,0.2062467634677887,0.2777282245682075,0.24
6,sco_kcal,123,0.44377267360687256,0.0022489847615361214,0.6671240868671664,0.9720020502144546,0.5308889150619507,0.21553994715213776,0.4059982060973827,0.32
6,sco_kcal,124,0.26456373929977417,0.028788192197680473,0.6462494920221469,0.9336615510881101,5.853359699249268,1.8449733257293701,0.3151990344905679,0.06
6,sco_kcal,125,0.20414528250694275,0.012292490340769291,0.6427718729519583,0.967013397374888,2.2908530235290527,0.11029285192489624,0.04814488349627529,0.1
6,sco_kcal,126,0.9073396921157837,0.0022298842668533325,0.7175837887469831,0.9404255048164578,0.37952789664268494,0.7800235152244568,2.0552468530628922,0.84
6,sco_kcal,127,0.11186587810516357,0.02422657422721386,0.6480724374997227,0.9575265193045681,4.6860198974609375,0.11766491085290909,0.02510977619123307,0.08
6,sco_kcal,128,0.619297981262207,0.008579292334616184,0.6535546835061572,0.9202059077031051,1.6093175411224365,1.1267482042312622,0.7001403858715161,0.58
6,sco_kcal,129,0.42716091871261597,0.01159900426864624,0.636166210958131,0.9374154893477278,2.0831053256988525,1.0541982650756836,0.5060705534522192,0.24
6,sco_kcal,130,0.6751786470413208,0.007217151578515768,0.6732257404619453,0.9141119181410993,1.4619919061660767,1.1175239086151123,0.7643844701888287,0.54
6,sco_kcal,131,0.0696122869849205,0.04925627261400223,0.6309178460302773,0.9360755343545435,9.312478065490723,0.13515903055667877,0.014513755587520575,0.04
6,sco_kcal,132,0.5938854217529297,0.011012227274477482,0.7204264731627514,0.9165425788105475,2.7107019424438477,1.7554038763046265,0.6475827713916908,0.42
6,sco_kcal,133,0.24812762439250946,0.0066343871876597404,0.6444442557774317,0.965179315281202,1.3404936790466309,0.3042122423648834,0.22694045270041216,0.24
6,sco_kcal,134,0.24706439673900604,0.004737567622214556,0.6431836534839275,0.97304507159793,0.9110357165336609,0.1129927933216095,0.1240267437060846,0.26
6,sco_kcal,135,0.23224565386772156,0.05571495369076729,0.6238092775259945,0.9250368994770677,10.393661499023438,2.3836581707000732,0.22933767574824673,0.1
6,sco_kcal,136,0.1867251992225647,0.019714845344424248,0.6544709037949374,0.9452651304546285,3.8114075660705566,0.268955796957016,0.07056600279415962,0.14
6,sco_kcal,137,0.6521700620651245,0.019295737147331238,0.6729728250032436,0.9571699091320942,3.9352571964263916,2.622400999069214,0.6663861771094954,0.46
6,sco_kcal,138,0.31879231333732605,0.03325970098376274,0.6396889941749986,0.9193513259519124,6.195046424865723,2.0219452381134033,0.32638096625034235,0.14
6,sco_kcal,139,0.21184378862380981,0.010888995602726936,0.6551903674292345,0.939643672786382,2.2838034629821777,0.2694077789783478,0.1179645198657141,0.04
6,sco_kcal,140,0.08464872092008591,0.017395205795764923,0.6639469356363026,0.9538954883592412,3.70605206489563,0.1320178061723709,0.03562222112928918,0.06
6,sco_kcal,141,0.21922609210014343,0.014010359533131123,0.6417310472989246,0.9650480555704872,2.664477825164795,0.4981295168399811,0.18695202194417676,0.12
6,sco_kcal,142,0.10515005141496658,0.026346594095230103,0.6303138215771644,0.9570702375333693,5.071611404418945,0.066138856112957,0.013040994437257074,0.26
6,sco_kcal,143,0.41344231367111206,0.002843772526830435,0.6490802091443661,0.9752420955699983,0.6650928258895874,0.14967739582061768,0.22504737683859147,0.32
6,sco_kcal,144,0.24453520774841309,0.00968358013778925,0.6414220626704095,0.9429391180940263,1.8981951475143433,0.24774938821792603,0.13051839719554123,0.16
6,sco_kcal,145,0.1269414871931076,0.022442538291215897,0.6530592359517315,0.9786762972247394,4.535317897796631,0.1633777767419815,0.03602344541743247,0.26
6,sco_kcal,146,0.9059461951255798,0.004285929724574089,0.7326839888953158,0.9153167708413787,0.8577232956886292,1.6231080293655396,1.8923445795679548,0.82
6,sco_kcal,147,0.20568685233592987,0.011074492707848549,0.6390642046651405,0.9595123867210056,2.3074660301208496,0.12897932529449463,0.055896521816938535,0.18
6,sco_kcal,148,0.19869422912597656,0.009775922633707523,0.6432298409772783,0.9531389807350887,1.8411113023757935,0.08604861795902252,0.04673732535777945,0.14
6,sco_kcal,149,0.4013630747795105,0.01420415099710226,0.6936968279962394,0.9135381757441834,3.6293141841888428,1.0884472131729126,0.2999043780543299,0.38
6,sco_kcal,150,0.19181492924690247,0.009842121042311192,0.6407485704076497,0.9478112434539747,1.9492982625961304,0.34348756074905396,0.1762108792379405,0.14
6,sco_kcal,151,0.6950888633728027,0.01203440222889185,0.6583564066674767,0.9216156496620056,2.474750280380249,2.270423650741577,0.9174354555049179,0.4
6,sco_kcal,152,0.9374416470527649,0.008455677889287472,0.735603923210961,0.9122627560569216,2.0321085453033447,3.68583607673645,1.8137988176149538,0.82
6,sco_kcal,153,0.43605923652648926,0.008895971812307835,0.6409557775279178,0.9389508403313422,1.8474394083023071,0.5451885461807251,0.2951049673026747,0.22
6,sco_kcal,154,0.5086801648139954,0.005797981284558773,0.6530315458868101,0.9407043123150778,1.172783374786377,0.5026311278343201,0.42857968371684546,0.3
6,sco_kcal,155,0.16392487287521362,0.01926368661224842,0.667601759254326,0.9511926537428637,4.326121807098389,0.21156634390354156,0.0489043890434151,0.06
6,sco_kcal,156,0.1624794602394104,0.025705263018608093,0.625549021789447,0.9436749473241568,4.619405746459961,0.5002161860466003,0.1082858301481606,0.1
6,sco_kcal,157,0.7636231184005737,0.012001197785139084,0.7005669985308005,0.92041286803511,2.442864179611206,2.5170111656188965,1.0303524799399577,0.58
6,sco_kcal,158,0.19838854670524597,0.06003627926111221,0.6219805346107696,0.9165987730630083,10.421272277832031,1.334364652633667,0.128042394158735,0.08
6,sco_kcal,159,0.14951518177986145,0.015819190070033073,0.662807874918004,0.9546858161279657,3.1725780963897705,0.23641297221183777,0.07451762101013794,0.12
6,sco_kcal,160,0.31028011441230774,0.007308791391551495,0.6597074614877703,0.9255488297675343,1.6163798570632935,0.531311571598053,0.32870464778208885,0.2
6,sco_kcal,161,0.6357123255729675,0.013349799439311028,0.6689365708784041,0.8997495179260531,2.7650370597839355,1.9419050216674805,0.7023070503869572,0.34
6,sco_kcal,162,0.847359836101532,0.008820097893476486,0.7123261925188644,0.9134958962944812,1.9122469425201416,2.631690263748169,1.3762292961388534,0.72
6,sco_kcal,163,0.4173040986061096,0.0142669677734375,0.6651443243165618,0.9408821557987166,2.9238924980163574,0.21842581033706665,0.07470377604007405,0.18
6,sco_kcal,164,0.2977166771888733,0.017620643600821495,0.6552467338665435,0.9721955005328364,3.5396041870117188,0.7654528021812439,0.21625378481300506,0.08
6,sco_kcal,165,0.7208106517791748,0.01332494243979454,0.6930343271495858,0.9073785167141859,2.665688991546631,2.5302159786224365,0.9491789877387036,0.56
6,sco_kcal,166,0.6705275774002075,0.024149110540747643,0.6645579074765304,0.9662438813617702,4.755740642547607,3.1998040676116943,0.6728298088807442,0.44
6,sco_kcal,167,0.5193079113960266,0.010810858570039272,0.6581244390448766,0.9189111379880628,2.1811234951019287,1.1902999877929688,0.5457279197927045,0.22
6,sco_kcal,168,0.20528501272201538,0.011883031576871872,0.6488582183756306,0.9582139082880194,2.419736385345459,0.06456738710403442,0.026683645166916115,0.1
6,sco_kcal,169,0.36990439891815186,0.006096554454416037,0.6477638564815804,0.9303493047711116,1.1525856256484985,0.3467007875442505,0.3008026300425016,0.2
6,sco_kcal,170,0.15853554010391235,0.04497973248362541,0.6216285441321101,0.930348997751401,8.084708213806152,0.9671752452850342,0.11963019811072481,0.04
6,sco_kcal,171,0.48634544014930725,0.00670875608921051,0.6458040547108788,0.9091808006631943,1.2501516342163086,0.5918294191360474,0.4734061076575336,0.22
6,sco_kcal,172,0.19841189682483673,0.04894840344786644,0.642232292351963,0.9092528547411032,10.269052505493164,3.2544467449188232,0.3169179184913059,0.12
6,sco_kcal,173,0.23650285601615906,0.01563505083322525,0.6525530064997316,0.9655818973999815,2.937443733215332,0.12647248804569244,0.04305528872454534,0.28
6,sco_kcal,174,0.2037629634141922,0.02928062155842781,0.640679765042228,0.9504826428462041,5.902352809906006,0.9287373423576355,0.15735036048657103,0.02
6,sco_kcal,175,0.05746765807271004,0.033704012632369995,0.6334301135687936,0.9666752096018083,6.7990617752075195,0.08986187726259232,0.013216805529002503,0.0
6,sco_kcal,176,0.07687529176473618,0.09288103133440018,0.6204936616698595,0.9054156247099334,17.481128692626953,1.2759099006652832,0.07298784438349373,0.0
6,sco_kcal,177,0.5624439716339111,0.008046234957873821,0.6548524009006382,0.938253123213326,1.7078509330749512,0.7906830906867981,0.4629696160092785,0.38
6,sco_kcal,178,0.10092426836490631,0.1716897189617157,0.627974009410164,0.9514225993872139,32.96458435058594,1.7623976469039917,0.05346336626485222,0.0
6,sco_kcal,179,0.6472294926643372,0.015550793148577213,0.6666248340302359,0.914243440510693,3.0968706607818604,2.398573398590088,0.7745151997999572,0.5
6,sco_kcal,180,0.7226097583770752,0.007881749421358109,0.7010806042974684,0.8995046619418818,1.8845118284225464,1.4541053771972656,0.7716085169995681,0.46
6,sco_kcal,181,0.2872559726238251,0.021881980821490288,0.6424807757699531,0.9320978470594405,4.358211517333984,1.386566400527954,0.31815032267551524,0.18
6,sco_kcal,182,0.17999859154224396,0.00546760531142354,0.6364730221063248,0.9623202837291138,1.0737128257751465,0.10834680497646332,0.1009085505691379,0.08
6,sco_kcal,183,0.29657045006752014,0.009922056458890438,0.6337213384240556,0.9482139563351983,1.81540846824646,0.09873373061418533,0.054386509890831485,0.16
6,sco_kcal,184,0.34535300731658936,0.010210428386926651,0.6519742016804768,0.9403836203196634,2.0517489910125732,0.7842712998390198,0.38224524699386764,0.18
6,sco_kcal,185,0.7088808417320251,0.013037225231528282,0.6608718539751,0.9130000965447724,2.3707833290100098,1.975311517715454,0.8331893908416774,0.5
6,sco_kcal,186,0.827572762966156,0.004732443485409021,0.7489397205906996,0.9047358603162268,1.2569035291671753,1.5065031051635742,1.1985829223996083,0.68
6,sco_kcal,187,0.9332363605499268,0.00463124318048358,0.7382099817630645,0.9454560151436737,1.0827572345733643,1.9731855392456055,1.8223711430781566,0.96
6,sco_kcal,188,0.32164275646209717,0.011720688082277775,0.637505847182928,0.9380128306613249,2.288966417312622,0.27676478028297424,0.12091255607319568,0.22
6,sco_kcal,189,0.23741163313388824,0.008112280629575253,0.6688094835047129,0.9599773913771967,1.765679121017456,0.30963030457496643,0.1753604609633402,0.24
6,sco_kcal,190,0.33323934674263,0.005681286100298166,0.6419402128835312,0.9654154314660712,1.0123755931854248,0.21756337583065033,0.21490381365881253,0.3
6,sco_kcal,191,0.6638608574867249,0.003267413005232811,0.661072369344385,0.9532432320995872,0.630512535572052,0.4082147777080536,0.6474332462520956,0.54
6,sco_kcal,192,0.23520873486995697,0.007579117082059383,0.6423455024253275,0.9778879238666938,1.443788766860962,0.08542151004076004,0.05916482521642046,0.14
6,sco_kcal,193,0.1726822704076767,0.0039464496076107025,0.6425950734561185,0.9752145032115687,0.7949770092964172,0.15893062949180603,0.19991852296768337,0.14
6,sco_kcal,194,0.06449581682682037,0.07131797820329666,0.6310321063567785,0.9520264786261117,14.012121200561523,0.25736770033836365,0.0183675045808232,0.0
6,sco_kcal,195,0.26860740780830383,0.012897875159978867,0.6498382609425122,0.9527254744128197,2.4277002811431885,0.4620613157749176,0.1903288142131515,0.16
6,sco_kcal,196,0.8550392985343933,0.004688529763370752,0.7094925598949524,0.9202231433335089,0.933800220489502,1.3520265817642212,1.4478756291741752,0.62
6,sco_kcal,197,0.10183576494455338,0.014623436145484447,0.6687471063280697,0.9553611233956805,3.188775062561035,0.17715609073638916,0.05555615785395283,0.08
6,sco_kcal,198,0.15295186638832092,0.013471229001879692,0.6594671287461624,0.9453670051287977,2.6299030780792236,0.1510126143693924,0.057421361124717185,0.18
6,sco_kcal,199,0.35921499133110046,0.008717186748981476,0.644116151910425,0.9599408134094529,1.7133948802947998,0.3403172194957733,0.19862159237759583,0.32
6,sco_kcal,200,0.1653471142053604,0.028385348618030548,0.6494205941086229,0.9319380455674608,6.097848892211914,0.7106942534446716,0.11654835434711415,0.06
6,sco_kcal,201,0.52471923828125,0.020945176482200623,0.6667763017056461,0.9110146327102187,4.001506805419922,2.1122138500213623,0.5278546189551475,0.42
6,sco_kcal,202,0.22012078762054443,0.008298180066049099,0.6313693574139809,0.964207378248078,1.5279765129089355,0.1863078474998474,0.12193109378700967,0.14
6,sco_kcal,203,0.4514112174510956,0.017257826402783394,0.6303565960994384,0.8970001222947479,3.091444969177246,1.235504388809204,0.3996527194006691,0.28
6,sco_kcal,204,0.2541775405406952,0.07254617661237717,0.620670241248414,0.9291748393563268,13.683151245117188,2.3981542587280273,0.17526330125041958,0.08
6,sco_kcal,205,0.9635303020477295,0.02612365409731865,0.6821014139098347,0.9472725495533931,4.795572280883789,16.136566162109375,3.3648885298702083,0.3
6,sco_kcal,206,0.20651760697364807,0.01241947989910841,0.6516710110891872,0.9798573488593205,2.5346875190734863,0.24497666954994202,0.0966496531452087,0.1
6,sco_kcal,207,0.10982707142829895,0.021527865901589394,0.6421248243498172,0.9482652479024647,4.197101593017578,0.05751369893550873,0.013703194373753119,0.06
6,sco_kcal,208,0.1028859093785286,0.011942550539970398,0.6432553541040675,0.9712983952555507,2.3594579696655273,0.12487874925136566,0.05292688018047986,0.08
6,sco_kcal,209,0.26419565081596375,0.01048306468874216,0.6283908929554209,0.9477780970833862,1.894668459892273,0.3035261034965515,0.16020011412118476,0.16
6,sco_kcal,210,0.26949670910835266,0.0053895325399935246,0.6347738292357654,0.9470022686447472,1.0671228170394897,0.2386271208524704,0.2236172978800057,0.24
6,sco_kcal,211,0.9393379092216492,0.0046850224025547504,0.7585208173866624,0.9062158752165042,0.9876827597618103,2.4183247089385986,2.448483265539435,0.9
6,sco_kcal,212,0.2337992787361145,0.0035664851311594248,0.6364916936506204,0.9626345260476206,0.6852690577507019,0.047386787831783295,0.06915063112191827,0.22
6,sco_kcal,213,0.1350664496421814,0.012173525057733059,0.6615287013119127,0.9572817755775391,2.5869810581207275,0.18265148997306824,0.07060410798127474,0.06
6,sco_kcal,214,0.9971108436584473,0.0023461501114070415,0.8521418683696922,0.9553364158774127,0.42184627056121826,4.966297626495361,11.772766462740726,0.98
6,sco_kcal,215,0.2164003551006317,0.007936496287584305,0.6433345874333349,0.9568631059591222,1.5848050117492676,0.25009679794311523,0.1578091917232548,0.06
6,sco_kcal,216,0.33397457003593445,0.0047415196895599365,0.6661544950567109,0.9510609873923015,0.9831713438034058,0.21274080872535706,0.21638223089616063,0.24
6,sco_kcal,217,0.4683941900730133,0.004586626309901476,0.6412645701734379,0.9422922975201913,0.892827570438385,0.36330994963645935,0.406920621255089,0.44
6,sco_kcal,218,0.8341304659843445,0.00792218279093504,0.7048410915527574,0.9127207165608353,1.6715224981307983,2.1066408157348633,1.2603125701811622,0.66
6,sco_kcal,219,0.2805872857570648,0.03294207155704498,0.6319116854870366,0.898160412420296,6.3045573234558105,1.4210213422775269,0.22539589528208165,0.06
6,sco_kcal,220,0.13037165999412537,0.05275148153305054,0.6151962726801561,0.946255414351846,9.598048210144043,0.5013531446456909,0.05223490585469427,0.04
6,sco_kcal,221,0.17542481422424316,0.014042995870113373,0.6525937645345936,0.958759200780785,2.9101085662841797,0.43733105063438416,0.150279977764815,0.08
6,sco_kcal,222,0.4598778188228607,0.004624697379767895,0.6735158939434627,0.936482001134272,1.0392729043960571,0.34903645515441895,0.3358467767975258,0.36
6,sco_kcal,223,0.2648244798183441,0.009050866588950157,0.6694151890757383,0.957186474254847,2.2597060203552246,0.05873554199934006,0.02599255897459921,0.14
6,sco_kcal,224,0.9014772772789001,0.012670466676354408,0.7275522516404189,0.9287686322329403,2.6971545219421387,4.7787184715271,1.771762957090827,0.76
6,sco_kcal,225,0.11655669659376144,0.02335478365421295,0.6358238060474799,0.9618490063362797,4.289639949798584,0.3677641749382019,0.08573311029413318,0.0
6,sco_kcal,226,0.19050201773643494,0.014641847461462021,0.633500142372029,0.9510708709723488,2.652941942214966,0.2771967947483063,0.10448656653106857,0.1
6,sco_kcal,227,0.1042560487985611,0.0284104160964489,0.6364449345241243,0.9443668372885616,5.387168884277344,0.2080107033252716,0.038612248435789476,0.08
6,sco_kcal,228,0.20383089780807495,0.014561775140464306,0.6660249325770073,0.9308099107142065,3.303257703781128,0.3587779700756073,0.10861337571843888,0.04
6,sco_kcal,229,0.38546353578567505,0.0242950227111578,0.6596701034090271,0.8839217727815776,5.653695583343506,2.9952614307403564,0.5297882396719008,0.24
6,sco_kcal,230,0.8250629305839539,0.0036618015728890896,0.7160911977108746,0.9503662126667314,0.7643190026283264,1.0344069004058838,1.3533706434731885,0.76
6,sco_kcal,231,0.3254581391811371,0.01594831608235836,0.6545277183308738,0.9708454722761934,3.243328332901001,0.7632887363433838,0.23534118596641088,0.34
6,sco_kcal,232,0.5877704620361328,0.0089577566832304,0.6558138282769317,0.9082306622075651,1.6675562858581543,1.2088208198547363,0.7249055579750074,0.44
6,sco_kcal,233,0.28414279222488403,0.0035322303883731365,0.6446029657844419,0.9588859978606816,0.6695825457572937,0.16593118011951447,0.24781288157959275,0.14
6,sco_kcal,234,0.10305485874414444,0.00845890399068594,0.6482220245427657,0.97258075742727,1.7383419275283813,0.15394504368305206,0.08855855182756538,0.08
6,sco_kcal,235,0.6811432242393494,0.010869685560464859,0.6666448694757796,0.9048630397331079,2.0420944690704346,1.7623273134231567,0.8629998955069751,0.4
6,sco_kcal,236,0.3473113179206848,0.03795713186264038,0.6735756812403926,0.9006309669373169,8.414875984191895,2.335615634918213,0.2775579389768641,0.2
6,sco_kcal,237,0.6080637574195862,0.014070721343159676,0.6714593278560026,0.9179425127541792,2.874107837677002,1.9798718690872192,0.6888648516012019,0.4
6,sco_kcal,238,0.26917892694473267,0.004712942987680435,0.6457678455979123,0.9583843824065292,0.9148642420768738,0.15572857856750488,0.17022042332092743,0.26
6,sco_kcal,239,0.4482993185520172,0.00523573299869895,0.6373464400601159,0.939483834211412,0.9266997575759888,0.38620293140411377,0.41675087130088667,0.3
6,sco_kcal,240,0.49007704854011536,0.01768752932548523,0.6180252134865158,0.8965059262592523,3.0235002040863037,1.5786612033843994,0.5221303445757391,0.36
6,sco_kcal,241,0.3451654016971588,0.0075392951257526875,0.6500618933250633,0.9426070962670883,1.4187231063842773,0.1928749978542328,0.13594971209413037,0.28
6,sco_kcal,242,0.987142026424408,0.001973065547645092,0.8416241465529293,0.9327759229699204,0.6922746896743774,2.048022508621216,2.9583957627925646,0.92
6,sco_kcal,243,0.2852902412414551,0.012249606661498547,0.6697003431727844,0.9175666331557855,2.7620718479156494,0.7562827467918396,0.27380994718242235,0.14
6,sco_kcal,244,0.4434119462966919,0.0017042820109054446,0.6925370160114435,0.9682223504479521,0.49568402767181396,0.17717041075229645,0.3574261038517842,0.42
6,sco_kcal,245,0.8264962434768677,0.0022897215094417334,0.690182662092401,0.938906422306365,0.4053637981414795,0.5682640075683594,1.4018617601614851,0.72
6,sco_kcal,246,0.6863852739334106,0.012197732925415039,0.6709131232287646,0.9457414796579355,2.4511828422546387,1.702026128768921,0.6943693058831013,0.72
6,sco_kcal,247,0.1890982836484909,0.008661884814500809,0.6433263580436033,0.9671125483220218,1.5348179340362549,0.11265109479427338,0.0733970409754232,0.08
6,sco_kcal,248,0.4573732316493988,0.02054593898355961,0.6486583313067944,0.9049635076570499,4.1672282218933105,1.939672589302063,0.46545869005005086,0.24
6,sco_kcal,249,0.19267679750919342,0.04165218770503998,0.6484105966051974,0.9290325782821076,8.740706443786621,1.2279894351959229,0.14049086799715665,0.04
6,water_gsolv_eV,0,1.0,0.0,0.6829445368710447,0.6829445368710447,,,,1.0
6,water_gsolv_eV,1,1.0,0.0,0.6829445368710447,0.6829445368710447,,,,1.0
6,water_gsolv_eV,2,1.0,0.0,0.6829445368710447,0.6829445368710447,,,,1.0
6,water_gsolv_eV,3,1.0,0.0,0.6829445368710447,0.6829445368710447,,,,1.0
6,water_gsolv_eV,4,1.0,0.0,0.6829445368710447,0.6829445368710447,,,,1.0
6,water_gsolv_eV,5,1.0,0.0,0.6829445368710447,0.6829445368710447,,,,1.0
6,water_gsolv_eV,6,1.0,0.0,0.6829445368710447,0.6829445368710447,,,,1.0
6,water_gsolv_eV,7,1.0,0.0,0.6829445368710447,0.6829445368710447,,,,1.0
6,water_gsolv_eV,8,1.0,0.0,0.6829445368710447,0.6829445368710447,,,,1.0
6,water_gsolv_eV,9,1.0,0.0,0.6829445368710447,0.6829445368710447,,,,1.0
6,water_gsolv_eV,10,1.0,0.0,0.6829445368710447,0.6829445368710447,,,,1.0
6,water_gsolv_eV,11,1.0,0.0,0.6829445368710447,0.6829445368710447,,,,1.0
6,water_gsolv_eV,12,1.0,0.0,0.6829445368710447,0.6829445368710447,,,,1.0
6,water_gsolv_eV,13,1.0,0.0,0.6829445368710447,0.6829445368710447,,,,1.0
6,water_gsolv_eV,14,1.0,0.0,0.6829445368710447,0.6829445368710447,,,,1.0
6,water_gsolv_eV,15,1.0,0.0,0.6829445368710447,0.6829445368710447,,,,1.0
6,water_gsolv_eV,16,1.0,0.0,0.6829445368710447,0.6829445368710447,,,,1.0
6,water_gsolv_eV,17,1.0,0.0,0.6829445368710447,0.6829445368710447,,,,1.0
6,water_gsolv_eV,18,1.0,0.0,0.6829445368710447,0.6829445368710447,,,,1.0
6,water_gsolv_eV,19,1.0,0.0,0.6829445368710447,0.6829445368710447,,,,1.0
6,water_gsolv_eV,20,1.0,0.0,0.6829445368710447,0.6829445368710447,,,,1.0
6,water_gsolv_eV,21,1.0,0.0,0.6829445368710447,0.6829445368710447,,,,1.0
6,water_gsolv_eV,22,1.0,0.0,0.6829445368710447,0.6829445368710447,,,,1.0
6,water_gsolv_eV,23,1.0,0.0,0.6829445368710447,0.6829445368710447,,,,1.0
6,water_gsolv_eV,24,1.0,0.0,0.6829445368710447,0.6829445368710447,,,,1.0
6,water_gsolv_eV,25,1.0,0.0,0.6829445368710447,0.6829445368710447,,,,1.0
6,water_gsolv_eV,26,1.0,0.0,0.6829445368710447,0.6829445368710447,,,,1.0
6,water_gsolv_eV,27,1.0,0.0,0.6829445368710447,0.6829445368710447,,,,1.0
6,water_gsolv_eV,28,1.0,0.0,0.6829445368710447,0.6829445368710447,,,,1.0
6,water_gsolv_eV,29,1.0,0.0,0.6829445368710447,0.6829445368710447,,,,1.0
6,water_gsolv_eV,30,1.0,0.0,0.6829445368710447,0.6829445368710447,,,,1.0
6,water_gsolv_eV,31,1.0,0.0,0.6829445368710447,0.6829445368710447,,,,1.0
6,water_gsolv_eV,32,1.0,0.0,0.6829445368710447,0.6829445368710447,,,,1.0
6,water_gsolv_eV,33,1.0,0.0,0.6829445368710447,0.6829445368710447,,,,1.0
6,water_gsolv_eV,34,1.0,0.0,0.6829445368710447,0.6829445368710447,,,,1.0
6,water_gsolv_eV,35,1.0,0.0,0.6829445368710447,0.6829445368710447,,,,1.0
6,water_gsolv_eV,36,1.0,0.0,0.6829445368710447,0.6829445368710447,,,,1.0
6,water_gsolv_eV,37,1.0,0.0,0.6829445368710447,0.6829445368710447,,,,1.0
6,water_gsolv_eV,38,1.0,0.0,0.6829445368710447,0.6829445368710447,,,,1.0
6,water_gsolv_eV,39,1.0,0.0,0.6829445368710447,0.6829445368710447,,,,1.0
6,water_gsolv_eV,40,1.0,0.0,0.6829445368710447,0.6829445368710447,,,,1.0
6,water_gsolv_eV,41,1.0,0.0,0.6829445368710447,0.6829445368710447,,,,1.0
6,water_gsolv_eV,42,1.0,0.0,0.6829445368710447,0.6829445368710447,,,,1.0
6,water_gsolv_eV,43,1.0,0.0,0.6829445368710447,0.6829445368710447,,,,1.0
6,water_gsolv_eV,44,1.0,0.0,0.6829445368710447,0.6829445368710447,,,,1.0
6,water_gsolv_eV,45,1.0,0.0,0.6829445368710447,0.6829445368710447,,,,1.0
6,water_gsolv_eV,46,1.0,0.0,0.6829445368710447,0.6829445368710447,,,,1.0
6,water_gsolv_eV,47,1.0,0.0,0.6829445368710447,0.6829445368710447,,,,1.0
6,water_gsolv_eV,48,1.0,0.0,0.6829445368710447,0.6829445368710447,,,,1.0
6,water_gsolv_eV,49,1.0,0.0,0.6829445368710447,0.6829445368710447,,,,1.0
6,water_gsolv_eV,50,1.0,0.0,0.6829445368710447,0.6829445368710447,,,,1.0
6,water_gsolv_eV,51,1.0,0.0,0.6829445368710447,0.6829445368710447,,,,1.0
6,water_gsolv_eV,52,1.0,0.0,0.6829445368710447,0.6829445368710447,,,,1.0
6,water_gsolv_eV,53,1.0,0.0,0.6829445368710447,0.6829445368710447,,,,1.0
6,water_gsolv_eV,54,1.0,0.0,0.6829445368710447,0.6829445368710447,,,,1.0
6,water_gsolv_eV,55,1.0,0.0,0.6829445368710447,0.6829445368710447,,,,1.0
6,water_gsolv_eV,56,1.0,0.0,0.6829445368710447,0.6829445368710447,,,,1.0
6,water_gsolv_eV,57,1.0,0.0,0.6829445368710447,0.6829445368710447,,,,1.0
6,water_gsolv_eV,58,1.0,0.0,0.6829445368710447,0.6829445368710447,,,,1.0
6,water_gsolv_eV,59,1.0,0.0,0.6829445368710447,0.6829445368710447,,,,1.0
6,water_gsolv_eV,60,1.0,0.0,0.6829445368710447,0.6829445368710447,,,,1.0
6,water_gsolv_eV,61,1.0,0.0,0.6829445368710447,0.6829445368710447,,,,1.0
6,water_gsolv_eV,62,1.0,0.0,0.6829445368710447,0.6829445368710447,,,,1.0
6,water_gsolv_eV,63,1.0,0.0,0.6829445368710447,0.6829445368710447,,,,1.0
6,water_gsolv_eV,64,1.0,0.0,0.6829445368710447,0.6829445368710447,,,,1.0
6,water_gsolv_eV,65,1.0,0.0,0.6829445368710447,0.6829445368710447,,,,1.0
6,water_gsolv_eV,66,1.0,0.0,0.6829445368710447,0.6829445368710447,,,,1.0
6,water_gsolv_eV,67,1.0,0.0,0.6829445368710447,0.6829445368710447,,,,1.0
6,water_gsolv_eV,68,1.0,0.0,0.6829445368710447,0.6829445368710447,,,,1.0
6,water_gsolv_eV,69,1.0,0.0,0.6829445368710447,0.6829445368710447,,,,1.0
6,water_gsolv_eV,70,1.0,0.0,0.6829445368710447,0.6829445368710447,,,,1.0
6,water_gsolv_eV,71,1.0,0.0,0.6829445368710447,0.6829445368710447,,,,1.0
6,water_gsolv_eV,72,1.0,0.0,0.6829445368710447,0.6829445368710447,,,,1.0
6,water_gsolv_eV,73,1.0,0.0,0.6829445368710447,0.6829445368710447,,,,1.0
6,water_gsolv_eV,74,1.0,0.0,0.6829445368710447,0.6829445368710447,,,,1.0
6,water_gsolv_eV,75,1.0,0.0,0.6829445368710447,0.6829445368710447,,,,1.0
6,water_gsolv_eV,76,1.0,0.0,0.6829445368710447,0.6829445368710447,,,,1.0
6,water_gsolv_eV,77,1.0,0.0,0.6829445368710447,0.6829445368710447,,,,1.0
6,water_gsolv_eV,78,1.0,0.0,0.6829445368710447,0.6829445368710447,,,,1.0
6,water_gsolv_eV,79,1.0,0.0,0.6829445368710447,0.6829445368710447,,,,1.0
6,water_gsolv_eV,80,1.0,0.0,0.6829445368710447,0.6829445368710447,,,,1.0
6,water_gsolv_eV,81,1.0,0.0,0.6829445368710447,0.6829445368710447,,,,1.0
6,water_gsolv_eV,82,1.0,0.0,0.6829445368710447,0.6829445368710447,,,,1.0
6,water_gsolv_eV,83,1.0,0.0,0.6829445368710447,0.6829445368710447,,,,1.0
6,water_gsolv_eV,84,1.0,0.0,0.6829445368710447,0.6829445368710447,,,,1.0
6,water_gsolv_eV,85,1.0,0.0,0.6829445368710447,0.6829445368710447,,,,1.0
6,water_gsolv_eV,86,1.0,0.0,0.6829445368710447,0.6829445368710447,,,,1.0
6,water_gsolv_eV,87,1.0,0.0,0.6829445368710447,0.6829445368710447,,,,1.0
6,water_gsolv_eV,88,1.0,0.0,0.6829445368710447,0.6829445368710447,,,,1.0
6,water_gsolv_eV,89,1.0,0.0,0.6829445368710447,0.6829445368710447,,,,1.0
6,water_gsolv_eV,90,1.0,0.0,0.6829445368710447,0.6829445368710447,,,,1.0
6,water_gsolv_eV,91,1.0,0.0,0.6829445368710447,0.6829445368710447,,,,1.0
6,water_gsolv_eV,92,1.0,0.0,0.6829445368710447,0.6829445368710447,,,,1.0
6,water_gsolv_eV,93,1.0,0.0,0.6829445368710447,0.6829445368710447,,,,1.0
6,water_gsolv_eV,94,1.0,0.0,0.6829445368710447,0.6829445368710447,,,,1.0
6,water_gsolv_eV,95,1.0,0.0,0.6829445368710447,0.6829445368710447,,,,1.0
6,water_gsolv_eV,96,1.0,0.0,0.6829445368710447,0.6829445368710447,,,,1.0
6,water_gsolv_eV,97,1.0,0.0,0.6829445368710447,0.6829445368710447,,,,1.0
6,water_gsolv_eV,98,1.0,0.0,0.6829445368710447,0.6829445368710447,,,,1.0
6,water_gsolv_eV,99,1.0,0.0,0.6829445368710447,0.6829445368710447,,,,1.0
6,water_gsolv_eV,100,1.0,0.0,0.6829445368710447,0.6829445368710447,,,,1.0
6,water_gsolv_eV,101,1.0,0.0,0.6829445368710447,0.6829445368710447,,,,1.0
6,water_gsolv_eV,102,1.0,0.0,0.6829445368710447,0.6829445368710447,,,,1.0
6,water_gsolv_eV,103,1.0,0.0,0.6829445368710447,0.6829445368710447,,,,1.0
6,water_gsolv_eV,104,1.0,0.0,0.6829445368710447,0.6829445368710447,,,,1.0
6,water_gsolv_eV,105,1.0,0.0,0.6829445368710447,0.6829445368710447,,,,1.0
6,water_gsolv_eV,106,1.0,0.0,0.6829445368710447,0.6829445368710447,,,,1.0
6,water_gsolv_eV,107,1.0,0.0,0.6829445368710447,0.6829445368710447,,,,1.0
6,water_gsolv_eV,108,1.0,0.0,0.6829445368710447,0.6829445368710447,,,,1.0
6,water_gsolv_eV,109,1.0,0.0,0.6829445368710447,0.6829445368710447,,,,1.0
6,water_gsolv_eV,110,1.0,0.0,0.6829445368710447,0.6829445368710447,,,,1.0
6,water_gsolv_eV,111,1.0,0.0,0.6829445368710447,0.6829445368710447,,,,1.0
6,water_gsolv_eV,112,1.0,0.0,0.6829445368710447,0.6829445368710447,,,,1.0
6,water_gsolv_eV,113,1.0,0.0,0.6829445368710447,0.6829445368710447,,,,1.0
6,water_gsolv_eV,114,1.0,0.0,0.6829445368710447,0.6829445368710447,,,,1.0
6,water_gsolv_eV,115,1.0,0.0,0.6829445368710447,0.6829445368710447,,,,1.0
6,water_gsolv_eV,116,1.0,0.0,0.6829445368710447,0.6829445368710447,,,,1.0
6,water_gsolv_eV,117,1.0,0.0,0.6829445368710447,0.6829445368710447,,,,1.0
6,water_gsolv_eV,118,1.0,0.0,0.6829445368710447,0.6829445368710447,,,,1.0
6,water_gsolv_eV,119,1.0,0.0,0.6829445368710447,0.6829445368710447,,,,1.0
6,water_gsolv_eV,120,1.0,0.0,0.6829445368710447,0.6829445368710447,,,,1.0
6,water_gsolv_eV,121,1.0,0.0,0.6829445368710447,0.6829445368710447,,,,1.0
6,water_gsolv_eV,122,1.0,0.0,0.6829445368710447,0.6829445368710447,,,,1.0
6,water_gsolv_eV,123,1.0,0.0,0.6829445368710447,0.6829445368710447,,,,1.0
6,water_gsolv_eV,124,1.0,0.0,0.6829445368710447,0.6829445368710447,,,,1.0
6,water_gsolv_eV,125,1.0,0.0,0.6829445368710447,0.6829445368710447,,,,1.0
6,water_gsolv_eV,126,1.0,0.0,0.6829445368710447,0.6829445368710447,,,,1.0
6,water_gsolv_eV,127,1.0,0.0,0.6829445368710447,0.6829445368710447,,,,1.0
6,water_gsolv_eV,128,1.0,0.0,0.6829445368710447,0.6829445368710447,,,,1.0
6,water_gsolv_eV,129,1.0,0.0,0.6829445368710447,0.6829445368710447,,,,1.0
6,water_gsolv_eV,130,1.0,0.0,0.6829445368710447,0.6829445368710447,,,,1.0
6,water_gsolv_eV,131,1.0,0.0,0.6829445368710447,0.6829445368710447,,,,1.0
6,water_gsolv_eV,132,1.0,0.0,0.6829445368710447,0.6829445368710447,,,,1.0
6,water_gsolv_eV,133,1.0,0.0,0.6829445368710447,0.6829445368710447,,,,1.0
6,water_gsolv_eV,134,1.0,0.0,0.6829445368710447,0.6829445368710447,,,,1.0
6,water_gsolv_eV,135,1.0,0.0,0.6829445368710447,0.6829445368710447,,,,1.0
6,water_gsolv_eV,136,1.0,0.0,0.6829445368710447,0.6829445368710447,,,,1.0
6,water_gsolv_eV,137,1.0,0.0,0.6829445368710447,0.6829445368710447,,,,1.0
6,water_gsolv_eV,138,1.0,0.0,0.6829445368710447,0.6829445368710447,,,,1.0
6,water_gsolv_eV,139,1.0,0.0,0.6829445368710447,0.6829445368710447,,,,1.0
6,water_gsolv_eV,140,1.0,0.0,0.6829445368710447,0.6829445368710447,,,,1.0
6,water_gsolv_eV,141,1.0,0.0,0.6829445368710447,0.6829445368710447,,,,1.0
6,water_gsolv_eV,142,1.0,0.0,0.6829445368710447,0.6829445368710447,,,,1.0
6,water_gsolv_eV,143,1.0,0.0,0.6829445368710447,0.6829445368710447,,,,1.0
6,water_gsolv_eV,144,1.0,0.0,0.6829445368710447,0.6829445368710447,,,,1.0
6,water_gsolv_eV,145,1.0,0.0,0.6829445368710447,0.6829445368710447,,,,1.0
6,water_gsolv_eV,146,1.0,0.0,0.6829445368710447,0.6829445368710447,,,,1.0
6,water_gsolv_eV,147,1.0,0.0,0.6829445368710447,0.6829445368710447,,,,1.0
6,water_gsolv_eV,148,1.0,0.0,0.6829445368710447,0.6829445368710447,,,,1.0
6,water_gsolv_eV,149,1.0,0.0,0.6829445368710447,0.6829445368710447,,,,1.0
6,water_gsolv_eV,150,1.0,0.0,0.6829445368710447,0.6829445368710447,,,,1.0
6,water_gsolv_eV,151,1.0,0.0,0.6829445368710447,0.6829445368710447,,,,1.0
6,water_gsolv_eV,152,1.0,0.0,0.6829445368710447,0.6829445368710447,,,,1.0
6,water_gsolv_eV,153,1.0,0.0,0.6829445368710447,0.6829445368710447,,,,1.0
6,water_gsolv_eV,154,1.0,0.0,0.6829445368710447,0.6829445368710447,,,,1.0
6,water_gsolv_eV,155,1.0,0.0,0.6829445368710447,0.6829445368710447,,,,1.0
6,water_gsolv_eV,156,1.0,0.0,0.6829445368710447,0.6829445368710447,,,,1.0
6,water_gsolv_eV,157,1.0,0.0,0.6829445368710447,0.6829445368710447,,,,1.0
6,water_gsolv_eV,158,1.0,0.0,0.6829445368710447,0.6829445368710447,,,,1.0
6,water_gsolv_eV,159,1.0,0.0,0.6829445368710447,0.6829445368710447,,,,1.0
6,water_gsolv_eV,160,1.0,0.0,0.6829445368710447,0.6829445368710447,,,,1.0
6,water_gsolv_eV,161,1.0,0.0,0.6829445368710447,0.6829445368710447,,,,1.0
6,water_gsolv_eV,162,1.0,0.0,0.6829445368710447,0.6829445368710447,,,,1.0
6,water_gsolv_eV,163,1.0,0.0,0.6829445368710447,0.6829445368710447,,,,1.0
6,water_gsolv_eV,164,1.0,0.0,0.6829445368710447,0.6829445368710447,,,,1.0
6,water_gsolv_eV,165,1.0,0.0,0.6829445368710447,0.6829445368710447,,,,1.0
6,water_gsolv_eV,166,1.0,0.0,0.6829445368710447,0.6829445368710447,,,,1.0
6,water_gsolv_eV,167,1.0,0.0,0.6829445368710447,0.6829445368710447,,,,1.0
6,water_gsolv_eV,168,1.0,0.0,0.6829445368710447,0.6829445368710447,,,,1.0
6,water_gsolv_eV,169,1.0,0.0,0.6829445368710447,0.6829445368710447,,,,1.0
6,water_gsolv_eV,170,1.0,0.0,0.6829445368710447,0.6829445368710447,,,,1.0
6,water_gsolv_eV,171,1.0,0.0,0.6829445368710447,0.6829445368710447,,,,1.0
6,water_gsolv_eV,172,1.0,0.0,0.6829445368710447,0.6829445368710447,,,,1.0
6,water_gsolv_eV,173,1.0,0.0,0.6829445368710447,0.6829445368710447,,,,1.0
6,water_gsolv_eV,174,1.0,0.0,0.6829445368710447,0.6829445368710447,,,,1.0
6,water_gsolv_eV,175,1.0,0.0,0.6829445368710447,0.6829445368710447,,,,1.0
6,water_gsolv_eV,176,1.0,0.0,0.6829445368710447,0.6829445368710447,,,,1.0
6,water_gsolv_eV,177,1.0,0.0,0.6829445368710447,0.6829445368710447,,,,1.0
6,water_gsolv_eV,178,1.0,0.0,0.6829445368710447,0.6829445368710447,,,,1.0
6,water_gsolv_eV,179,1.0,0.0,0.6829445368710447,0.6829445368710447,,,,1.0
6,water_gsolv_eV,180,1.0,0.0,0.6829445368710447,0.6829445368710447,,,,1.0
6,water_gsolv_eV,181,1.0,0.0,0.6829445368710447,0.6829445368710447,,,,1.0
6,water_gsolv_eV,182,1.0,0.0,0.6829445368710447,0.6829445368710447,,,,1.0
6,water_gsolv_eV,183,1.0,0.0,0.6829445368710447,0.6829445368710447,,,,1.0
6,water_gsolv_eV,184,1.0,0.0,0.6829445368710447,0.6829445368710447,,,,1.0
6,water_gsolv_eV,185,1.0,0.0,0.6829445368710447,0.6829445368710447,,,,1.0
6,water_gsolv_eV,186,1.0,0.0,0.6829445368710447,0.6829445368710447,,,,1.0
6,water_gsolv_eV,187,1.0,0.0,0.6829445368710447,0.6829445368710447,,,,1.0
6,water_gsolv_eV,188,1.0,0.0,0.6829445368710447,0.6829445368710447,,,,1.0
6,water_gsolv_eV,189,1.0,0.0,0.6829445368710447,0.6829445368710447,,,,1.0
6,water_gsolv_eV,190,1.0,0.0,0.6829445368710447,0.6829445368710447,,,,1.0
6,water_gsolv_eV,191,1.0,0.0,0.6829445368710447,0.6829445368710447,,,,1.0
6,water_gsolv_eV,192,1.0,0.0,0.6829445368710447,0.6829445368710447,,,,1.0
6,water_gsolv_eV,193,1.0,0.0,0.6829445368710447,0.6829445368710447,,,,1.0
6,water_gsolv_eV,194,1.0,0.0,0.6829445368710447,0.6829445368710447,,,,1.0
6,water_gsolv_eV,195,1.0,0.0,0.6829445368710447,0.6829445368710447,,,,1.0
6,water_gsolv_eV,196,1.0,0.0,0.6829445368710447,0.6829445368710447,,,,1.0
6,water_gsolv_eV,197,1.0,0.0,0.6829445368710447,0.6829445368710447,,,,1.0
6,water_gsolv_eV,198,1.0,0.0,0.6829445368710447,0.6829445368710447,,,,1.0
6,water_gsolv_eV,199,1.0,0.0,0.6829445368710447,0.6829445368710447,,,,1.0
6,water_gsolv_eV,200,1.0,0.0,0.6829445368710447,0.6829445368710447,,,,1.0
6,water_gsolv_eV,201,1.0,0.0,0.6829445368710447,0.6829445368710447,,,,1.0
6,water_gsolv_eV,202,1.0,0.0,0.6829445368710447,0.6829445368710447,,,,1.0
6,water_gsolv_eV,203,1.0,0.0,0.6829445368710447,0.6829445368710447,,,,1.0
6,water_gsolv_eV,204,1.0,0.0,0.6829445368710447,0.6829445368710447,,,,1.0
6,water_gsolv_eV,205,1.0,0.0,0.6829445368710447,0.6829445368710447,,,,1.0
6,water_gsolv_eV,206,1.0,0.0,0.6829445368710447,0.6829445368710447,,,,1.0
6,water_gsolv_eV,207,1.0,0.0,0.6829445368710447,0.6829445368710447,,,,1.0
6,water_gsolv_eV,208,1.0,0.0,0.6829445368710447,0.6829445368710447,,,,1.0
6,water_gsolv_eV,209,1.0,0.0,0.6829445368710447,0.6829445368710447,,,,1.0
6,water_gsolv_eV,210,1.0,0.0,0.6829445368710447,0.6829445368710447,,,,1.0
6,water_gsolv_eV,211,1.0,0.0,0.6829445368710447,0.6829445368710447,,,,1.0
6,water_gsolv_eV,212,1.0,0.0,0.6829445368710447,0.6829445368710447,,,,1.0
6,water_gsolv_eV,213,1.0,0.0,0.6829445368710447,0.6829445368710447,,,,1.0
6,water_gsolv_eV,214,1.0,0.0,0.6829445368710447,0.6829445368710447,,,,1.0
6,water_gsolv_eV,215,1.0,0.0,0.6829445368710447,0.6829445368710447,,,,1.0
6,water_gsolv_eV,216,1.0,0.0,0.6829445368710447,0.6829445368710447,,,,1.0
6,water_gsolv_eV,217,1.0,0.0,0.6829445368710447,0.6829445368710447,,,,1.0
6,water_gsolv_eV,218,1.0,0.0,0.6829445368710447,0.6829445368710447,,,,1.0
6,water_gsolv_eV,219,1.0,0.0,0.6829445368710447,0.6829445368710447,,,,1.0
6,water_gsolv_eV,220,1.0,0.0,0.6829445368710447,0.6829445368710447,,,,1.0
6,water_gsolv_eV,221,1.0,0.0,0.6829445368710447,0.6829445368710447,,,,1.0
6,water_gsolv_eV,222,1.0,0.0,0.6829445368710447,0.6829445368710447,,,,1.0
6,water_gsolv_eV,223,1.0,0.0,0.6829445368710447,0.6829445368710447,,,,1.0
6,water_gsolv_eV,224,1.0,0.0,0.6829445368710447,0.6829445368710447,,,,1.0
6,water_gsolv_eV,225,1.0,0.0,0.6829445368710447,0.6829445368710447,,,,1.0
6,water_gsolv_eV,226,1.0,0.0,0.6829445368710447,0.6829445368710447,,,,1.0
6,water_gsolv_eV,227,1.0,0.0,0.6829445368710447,0.6829445368710447,,,,1.0
6,water_gsolv_eV,228,1.0,0.0,0.6829445368710447,0.6829445368710447,,,,1.0
6,water_gsolv_eV,229,1.0,0.0,0.6829445368710447,0.6829445368710447,,,,1.0
6,water_gsolv_eV,230,1.0,0.0,0.6829445368710447,0.6829445368710447,,,,1.0
6,water_gsolv_eV,231,1.0,0.0,0.6829445368710447,0.6829445368710447,,,,1.0
6,water_gsolv_eV,232,1.0,0.0,0.6829445368710447,0.6829445368710447,,,,1.0
6,water_gsolv_eV,233,1.0,0.0,0.6829445368710447,0.6829445368710447,,,,1.0
6,water_gsolv_eV,234,1.0,0.0,0.6829445368710447,0.6829445368710447,,,,1.0
6,water_gsolv_eV,235,1.0,0.0,0.6829445368710447,0.6829445368710447,,,,1.0
6,water_gsolv_eV,236,1.0,0.0,0.6829445368710447,0.6829445368710447,,,,1.0
6,water_gsolv_eV,237,1.0,0.0,0.6829445368710447,0.6829445368710447,,,,1.0
6,water_gsolv_eV,238,1.0,0.0,0.6829445368710447,0.6829445368710447,,,,1.0
6,water_gsolv_eV,239,1.0,0.0,0.6829445368710447,0.6829445368710447,,,,1.0
6,water_gsolv_eV,240,1.0,0.0,0.6829445368710447,0.6829445368710447,,,,1.0
6,water_gsolv_eV,241,1.0,0.0,0.6829445368710447,0.6829445368710447,,,,1.0
6,water_gsolv_eV,242,1.0,0.0,0.6829445368710447,0.6829445368710447,,,,1.0
6,water_gsolv_eV,243,1.0,0.0,0.6829445368710447,0.6829445368710447,,,,1.0
6,water_gsolv_eV,244,1.0,0.0,0.6829445368710447,0.6829445368710447,,,,1.0
6,water_gsolv_eV,245,1.0,0.0,0.6829445368710447,0.6829445368710447,,,,1.0
6,water_gsolv_eV,246,1.0,0.0,0.6829445368710447,0.6829445368710447,,,,1.0
6,water_gsolv_eV,247,1.0,0.0,0.6829445368710447,0.6829445368710447,,,,1.0
6,water_gsolv_eV,248,1.0,0.0,0.6829445368710447,0.6829445368710447,,,,1.0
6,water_gsolv_eV,249,1.0,0.0,0.6829445368710447,0.6829445368710447,,,,1.0
6,water_hl_gap_eV,0,1.0000001192092896,0.0,0.696003793225056,0.696003793225056,,,,1.0
6,water_hl_gap_eV,1,1.0000001192092896,0.0,0.696003793225056,0.696003793225056,,,,1.0
6,water_hl_gap_eV,2,1.0000001192092896,0.0,0.696003793225056,0.696003793225056,,,,1.0
6,water_hl_gap_eV,3,1.0000001192092896,0.0,0.696003793225056,0.696003793225056,,,,1.0
6,water_hl_gap_eV,4,1.0000001192092896,0.0,0.696003793225056,0.696003793225056,,,,1.0
6,water_hl_gap_eV,5,1.0000001192092896,0.0,0.696003793225056,0.696003793225056,,,,1.0
6,water_hl_gap_eV,6,1.0000001192092896,0.0,0.696003793225056,0.696003793225056,,,,1.0
6,water_hl_gap_eV,7,1.0000001192092896,0.0,0.696003793225056,0.696003793225056,,,,1.0
6,water_hl_gap_eV,8,1.0000001192092896,0.0,0.696003793225056,0.696003793225056,,,,1.0
6,water_hl_gap_eV,9,1.0000001192092896,0.0,0.696003793225056,0.696003793225056,,,,1.0
6,water_hl_gap_eV,10,1.0000001192092896,0.0,0.696003793225056,0.696003793225056,,,,1.0
6,water_hl_gap_eV,11,1.0000001192092896,0.0,0.696003793225056,0.696003793225056,,,,1.0
6,water_hl_gap_eV,12,1.0000001192092896,0.0,0.696003793225056,0.696003793225056,,,,1.0
6,water_hl_gap_eV,13,1.0000001192092896,0.0,0.696003793225056,0.696003793225056,,,,1.0
6,water_hl_gap_eV,14,1.0000001192092896,0.0,0.696003793225056,0.696003793225056,,,,1.0
6,water_hl_gap_eV,15,1.0000001192092896,0.0,0.696003793225056,0.696003793225056,,,,1.0
6,water_hl_gap_eV,16,1.0000001192092896,0.0,0.696003793225056,0.696003793225056,,,,1.0
6,water_hl_gap_eV,17,1.0000001192092896,0.0,0.696003793225056,0.696003793225056,,,,1.0
6,water_hl_gap_eV,18,1.0000001192092896,0.0,0.696003793225056,0.696003793225056,,,,1.0
6,water_hl_gap_eV,19,1.0000001192092896,0.0,0.696003793225056,0.696003793225056,,,,1.0
6,water_hl_gap_eV,20,1.0000001192092896,0.0,0.696003793225056,0.696003793225056,,,,1.0
6,water_hl_gap_eV,21,1.0000001192092896,0.0,0.696003793225056,0.696003793225056,,,,1.0
6,water_hl_gap_eV,22,1.0000001192092896,0.0,0.696003793225056,0.696003793225056,,,,1.0
6,water_hl_gap_eV,23,1.0000001192092896,0.0,0.696003793225056,0.696003793225056,,,,1.0
6,water_hl_gap_eV,24,1.0000001192092896,0.0,0.696003793225056,0.696003793225056,,,,1.0
6,water_hl_gap_eV,25,1.0000001192092896,0.0,0.696003793225056,0.696003793225056,,,,1.0
6,water_hl_gap_eV,26,1.0000001192092896,0.0,0.696003793225056,0.696003793225056,,,,1.0
6,water_hl_gap_eV,27,1.0000001192092896,0.0,0.696003793225056,0.696003793225056,,,,1.0
6,water_hl_gap_eV,28,1.0000001192092896,0.0,0.696003793225056,0.696003793225056,,,,1.0
6,water_hl_gap_eV,29,1.0000001192092896,0.0,0.696003793225056,0.696003793225056,,,,1.0
6,water_hl_gap_eV,30,1.0000001192092896,0.0,0.696003793225056,0.696003793225056,,,,1.0
6,water_hl_gap_eV,31,1.0000001192092896,0.0,0.696003793225056,0.696003793225056,,,,1.0
6,water_hl_gap_eV,32,1.0000001192092896,0.0,0.696003793225056,0.696003793225056,,,,1.0
6,water_hl_gap_eV,33,1.0000001192092896,0.0,0.696003793225056,0.696003793225056,,,,1.0
6,water_hl_gap_eV,34,1.0000001192092896,0.0,0.696003793225056,0.696003793225056,,,,1.0
6,water_hl_gap_eV,35,1.0000001192092896,0.0,0.696003793225056,0.696003793225056,,,,1.0
6,water_hl_gap_eV,36,1.0000001192092896,0.0,0.696003793225056,0.696003793225056,,,,1.0
6,water_hl_gap_eV,37,1.0000001192092896,0.0,0.696003793225056,0.696003793225056,,,,1.0
6,water_hl_gap_eV,38,1.0000001192092896,0.0,0.696003793225056,0.696003793225056,,,,1.0
6,water_hl_gap_eV,39,1.0000001192092896,0.0,0.696003793225056,0.696003793225056,,,,1.0
6,water_hl_gap_eV,40,1.0000001192092896,0.0,0.696003793225056,0.696003793225056,,,,1.0
6,water_hl_gap_eV,41,1.0000001192092896,0.0,0.696003793225056,0.696003793225056,,,,1.0
6,water_hl_gap_eV,42,1.0000001192092896,0.0,0.696003793225056,0.696003793225056,,,,1.0
6,water_hl_gap_eV,43,1.0000001192092896,0.0,0.696003793225056,0.696003793225056,,,,1.0
6,water_hl_gap_eV,44,1.0000001192092896,0.0,0.696003793225056,0.696003793225056,,,,1.0
6,water_hl_gap_eV,45,1.0000001192092896,0.0,0.696003793225056,0.696003793225056,,,,1.0
6,water_hl_gap_eV,46,1.0000001192092896,0.0,0.696003793225056,0.696003793225056,,,,1.0
6,water_hl_gap_eV,47,1.0000001192092896,0.0,0.696003793225056,0.696003793225056,,,,1.0
6,water_hl_gap_eV,48,1.0000001192092896,0.0,0.696003793225056,0.696003793225056,,,,1.0
6,water_hl_gap_eV,49,1.0000001192092896,0.0,0.696003793225056,0.696003793225056,,,,1.0
6,water_hl_gap_eV,50,1.0000001192092896,0.0,0.696003793225056,0.696003793225056,,,,1.0
6,water_hl_gap_eV,51,1.0000001192092896,0.0,0.696003793225056,0.696003793225056,,,,1.0
6,water_hl_gap_eV,52,1.0000001192092896,0.0,0.696003793225056,0.696003793225056,,,,1.0
6,water_hl_gap_eV,53,1.0000001192092896,0.0,0.696003793225056,0.696003793225056,,,,1.0
6,water_hl_gap_eV,54,1.0000001192092896,0.0,0.696003793225056,0.696003793225056,,,,1.0
6,water_hl_gap_eV,55,1.0000001192092896,0.0,0.696003793225056,0.696003793225056,,,,1.0
6,water_hl_gap_eV,56,1.0000001192092896,0.0,0.696003793225056,0.696003793225056,,,,1.0
6,water_hl_gap_eV,57,1.0000001192092896,0.0,0.696003793225056,0.696003793225056,,,,1.0
6,water_hl_gap_eV,58,1.0000001192092896,0.0,0.696003793225056,0.696003793225056,,,,1.0
6,water_hl_gap_eV,59,1.0000001192092896,0.0,0.696003793225056,0.696003793225056,,,,1.0
6,water_hl_gap_eV,60,1.0000001192092896,0.0,0.696003793225056,0.696003793225056,,,,1.0
6,water_hl_gap_eV,61,1.0000001192092896,0.0,0.696003793225056,0.696003793225056,,,,1.0
6,water_hl_gap_eV,62,1.0000001192092896,0.0,0.696003793225056,0.696003793225056,,,,1.0
6,water_hl_gap_eV,63,1.0000001192092896,0.0,0.696003793225056,0.696003793225056,,,,1.0
6,water_hl_gap_eV,64,1.0000001192092896,0.0,0.696003793225056,0.696003793225056,,,,1.0
6,water_hl_gap_eV,65,1.0000001192092896,0.0,0.696003793225056,0.696003793225056,,,,1.0
6,water_hl_gap_eV,66,1.0000001192092896,0.0,0.696003793225056,0.696003793225056,,,,1.0
6,water_hl_gap_eV,67,1.0000001192092896,0.0,0.696003793225056,0.696003793225056,,,,1.0
6,water_hl_gap_eV,68,1.0000001192092896,0.0,0.696003793225056,0.696003793225056,,,,1.0
6,water_hl_gap_eV,69,1.0000001192092896,0.0,0.696003793225056,0.696003793225056,,,,1.0
6,water_hl_gap_eV,70,1.0000001192092896,0.0,0.696003793225056,0.696003793225056,,,,1.0
6,water_hl_gap_eV,71,1.0000001192092896,0.0,0.696003793225056,0.696003793225056,,,,1.0
6,water_hl_gap_eV,72,1.0000001192092896,0.0,0.696003793225056,0.696003793225056,,,,1.0
6,water_hl_gap_eV,73,1.0000001192092896,0.0,0.696003793225056,0.696003793225056,,,,1.0
6,water_hl_gap_eV,74,1.0000001192092896,0.0,0.696003793225056,0.696003793225056,,,,1.0
6,water_hl_gap_eV,75,1.0000001192092896,0.0,0.696003793225056,0.696003793225056,,,,1.0
6,water_hl_gap_eV,76,1.0000001192092896,0.0,0.696003793225056,0.696003793225056,,,,1.0
6,water_hl_gap_eV,77,1.0000001192092896,0.0,0.696003793225056,0.696003793225056,,,,1.0
6,water_hl_gap_eV,78,1.0000001192092896,0.0,0.696003793225056,0.696003793225056,,,,1.0
6,water_hl_gap_eV,79,1.0000001192092896,0.0,0.696003793225056,0.696003793225056,,,,1.0
6,water_hl_gap_eV,80,1.0000001192092896,0.0,0.696003793225056,0.696003793225056,,,,1.0
6,water_hl_gap_eV,81,1.0000001192092896,0.0,0.696003793225056,0.696003793225056,,,,1.0
6,water_hl_gap_eV,82,1.0000001192092896,0.0,0.696003793225056,0.696003793225056,,,,1.0
6,water_hl_gap_eV,83,1.0000001192092896,0.0,0.696003793225056,0.696003793225056,,,,1.0
6,water_hl_gap_eV,84,1.0000001192092896,0.0,0.696003793225056,0.696003793225056,,,,1.0
6,water_hl_gap_eV,85,1.0000001192092896,0.0,0.696003793225056,0.696003793225056,,,,1.0
6,water_hl_gap_eV,86,1.0000001192092896,0.0,0.696003793225056,0.696003793225056,,,,1.0
6,water_hl_gap_eV,87,1.0000001192092896,0.0,0.696003793225056,0.696003793225056,,,,1.0
6,water_hl_gap_eV,88,1.0000001192092896,0.0,0.696003793225056,0.696003793225056,,,,1.0
6,water_hl_gap_eV,89,1.0000001192092896,0.0,0.696003793225056,0.696003793225056,,,,1.0
6,water_hl_gap_eV,90,1.0000001192092896,0.0,0.696003793225056,0.696003793225056,,,,1.0
6,water_hl_gap_eV,91,1.0000001192092896,0.0,0.696003793225056,0.696003793225056,,,,1.0
6,water_hl_gap_eV,92,1.0000001192092896,0.0,0.696003793225056,0.696003793225056,,,,1.0
6,water_hl_gap_eV,93,1.0000001192092896,0.0,0.696003793225056,0.696003793225056,,,,1.0
6,water_hl_gap_eV,94,1.0000001192092896,0.0,0.696003793225056,0.696003793225056,,,,1.0
6,water_hl_gap_eV,95,1.0000001192092896,0.0,0.696003793225056,0.696003793225056,,,,1.0
6,water_hl_gap_eV,96,1.0000001192092896,0.0,0.696003793225056,0.696003793225056,,,,1.0
6,water_hl_gap_eV,97,1.0000001192092896,0.0,0.696003793225056,0.696003793225056,,,,1.0
6,water_hl_gap_eV,98,1.0000001192092896,0.0,0.696003793225056,0.696003793225056,,,,1.0
6,water_hl_gap_eV,99,1.0000001192092896,0.0,0.696003793225056,0.696003793225056,,,,1.0
6,water_hl_gap_eV,100,1.0000001192092896,0.0,0.696003793225056,0.696003793225056,,,,1.0
6,water_hl_gap_eV,101,1.0000001192092896,0.0,0.696003793225056,0.696003793225056,,,,1.0
6,water_hl_gap_eV,102,1.0000001192092896,0.0,0.696003793225056,0.696003793225056,,,,1.0
6,water_hl_gap_eV,103,1.0000001192092896,0.0,0.696003793225056,0.696003793225056,,,,1.0
6,water_hl_gap_eV,104,1.0000001192092896,0.0,0.696003793225056,0.696003793225056,,,,1.0
6,water_hl_gap_eV,105,1.0000001192092896,0.0,0.696003793225056,0.696003793225056,,,,1.0
6,water_hl_gap_eV,106,1.0000001192092896,0.0,0.696003793225056,0.696003793225056,,,,1.0
6,water_hl_gap_eV,107,1.0000001192092896,0.0,0.696003793225056,0.696003793225056,,,,1.0
6,water_hl_gap_eV,108,1.0000001192092896,0.0,0.696003793225056,0.696003793225056,,,,1.0
6,water_hl_gap_eV,109,1.0000001192092896,0.0,0.696003793225056,0.696003793225056,,,,1.0
6,water_hl_gap_eV,110,1.0000001192092896,0.0,0.696003793225056,0.696003793225056,,,,1.0
6,water_hl_gap_eV,111,1.0000001192092896,0.0,0.696003793225056,0.696003793225056,,,,1.0
6,water_hl_gap_eV,112,1.0000001192092896,0.0,0.696003793225056,0.696003793225056,,,,1.0
6,water_hl_gap_eV,113,1.0000001192092896,0.0,0.696003793225056,0.696003793225056,,,,1.0
6,water_hl_gap_eV,114,1.0000001192092896,0.0,0.696003793225056,0.696003793225056,,,,1.0
6,water_hl_gap_eV,115,1.0000001192092896,0.0,0.696003793225056,0.696003793225056,,,,1.0
6,water_hl_gap_eV,116,1.0000001192092896,0.0,0.696003793225056,0.696003793225056,,,,1.0
6,water_hl_gap_eV,117,1.0000001192092896,0.0,0.696003793225056,0.696003793225056,,,,1.0
6,water_hl_gap_eV,118,1.0000001192092896,0.0,0.696003793225056,0.696003793225056,,,,1.0
6,water_hl_gap_eV,119,1.0000001192092896,0.0,0.696003793225056,0.696003793225056,,,,1.0
6,water_hl_gap_eV,120,1.0000001192092896,0.0,0.696003793225056,0.696003793225056,,,,1.0
6,water_hl_gap_eV,121,1.0000001192092896,0.0,0.696003793225056,0.696003793225056,,,,1.0
6,water_hl_gap_eV,122,1.0000001192092896,0.0,0.696003793225056,0.696003793225056,,,,1.0
6,water_hl_gap_eV,123,1.0000001192092896,0.0,0.696003793225056,0.696003793225056,,,,1.0
6,water_hl_gap_eV,124,1.0000001192092896,0.0,0.696003793225056,0.696003793225056,,,,1.0
6,water_hl_gap_eV,125,1.0000001192092896,0.0,0.696003793225056,0.696003793225056,,,,1.0
6,water_hl_gap_eV,126,1.0000001192092896,0.0,0.696003793225056,0.696003793225056,,,,1.0
6,water_hl_gap_eV,127,1.0000001192092896,0.0,0.696003793225056,0.696003793225056,,,,1.0
6,water_hl_gap_eV,128,1.0000001192092896,0.0,0.696003793225056,0.696003793225056,,,,1.0
6,water_hl_gap_eV,129,1.0000001192092896,0.0,0.696003793225056,0.696003793225056,,,,1.0
6,water_hl_gap_eV,130,1.0000001192092896,0.0,0.696003793225056,0.696003793225056,,,,1.0
6,water_hl_gap_eV,131,1.0000001192092896,0.0,0.696003793225056,0.696003793225056,,,,1.0
6,water_hl_gap_eV,132,1.0000001192092896,0.0,0.696003793225056,0.696003793225056,,,,1.0
6,water_hl_gap_eV,133,1.0000001192092896,0.0,0.696003793225056,0.696003793225056,,,,1.0
6,water_hl_gap_eV,134,1.0000001192092896,0.0,0.696003793225056,0.696003793225056,,,,1.0
6,water_hl_gap_eV,135,1.0000001192092896,0.0,0.696003793225056,0.696003793225056,,,,1.0
6,water_hl_gap_eV,136,1.0000001192092896,0.0,0.696003793225056,0.696003793225056,,,,1.0
6,water_hl_gap_eV,137,1.0000001192092896,0.0,0.696003793225056,0.696003793225056,,,,1.0
6,water_hl_gap_eV,138,1.0000001192092896,0.0,0.696003793225056,0.696003793225056,,,,1.0
6,water_hl_gap_eV,139,1.0000001192092896,0.0,0.696003793225056,0.696003793225056,,,,1.0
6,water_hl_gap_eV,140,1.0000001192092896,0.0,0.696003793225056,0.696003793225056,,,,1.0
6,water_hl_gap_eV,141,1.0000001192092896,0.0,0.696003793225056,0.696003793225056,,,,1.0
6,water_hl_gap_eV,142,1.0000001192092896,0.0,0.696003793225056,0.696003793225056,,,,1.0
6,water_hl_gap_eV,143,1.0000001192092896,0.0,0.696003793225056,0.696003793225056,,,,1.0
6,water_hl_gap_eV,144,1.0000001192092896,0.0,0.696003793225056,0.696003793225056,,,,1.0
6,water_hl_gap_eV,145,1.0000001192092896,0.0,0.696003793225056,0.696003793225056,,,,1.0
6,water_hl_gap_eV,146,1.0000001192092896,0.0,0.696003793225056,0.696003793225056,,,,1.0
6,water_hl_gap_eV,147,1.0000001192092896,0.0,0.696003793225056,0.696003793225056,,,,1.0
6,water_hl_gap_eV,148,1.0000001192092896,0.0,0.696003793225056,0.696003793225056,,,,1.0
6,water_hl_gap_eV,149,1.0000001192092896,0.0,0.696003793225056,0.696003793225056,,,,1.0
6,water_hl_gap_eV,150,1.0000001192092896,0.0,0.696003793225056,0.696003793225056,,,,1.0
6,water_hl_gap_eV,151,1.0000001192092896,0.0,0.696003793225056,0.696003793225056,,,,1.0
6,water_hl_gap_eV,152,1.0000001192092896,0.0,0.696003793225056,0.696003793225056,,,,1.0
6,water_hl_gap_eV,153,1.0000001192092896,0.0,0.696003793225056,0.696003793225056,,,,1.0
6,water_hl_gap_eV,154,1.0000001192092896,0.0,0.696003793225056,0.696003793225056,,,,1.0
6,water_hl_gap_eV,155,1.0000001192092896,0.0,0.696003793225056,0.696003793225056,,,,1.0
6,water_hl_gap_eV,156,1.0000001192092896,0.0,0.696003793225056,0.696003793225056,,,,1.0
6,water_hl_gap_eV,157,1.0000001192092896,0.0,0.696003793225056,0.696003793225056,,,,1.0
6,water_hl_gap_eV,158,1.0000001192092896,0.0,0.696003793225056,0.696003793225056,,,,1.0
6,water_hl_gap_eV,159,1.0000001192092896,0.0,0.696003793225056,0.696003793225056,,,,1.0
6,water_hl_gap_eV,160,1.0000001192092896,0.0,0.696003793225056,0.696003793225056,,,,1.0
6,water_hl_gap_eV,161,1.0000001192092896,0.0,0.696003793225056,0.696003793225056,,,,1.0
6,water_hl_gap_eV,162,1.0000001192092896,0.0,0.696003793225056,0.696003793225056,,,,1.0
6,water_hl_gap_eV,163,1.0000001192092896,0.0,0.696003793225056,0.696003793225056,,,,1.0
6,water_hl_gap_eV,164,1.0000001192092896,0.0,0.696003793225056,0.696003793225056,,,,1.0
6,water_hl_gap_eV,165,1.0000001192092896,0.0,0.696003793225056,0.696003793225056,,,,1.0
6,water_hl_gap_eV,166,1.0000001192092896,0.0,0.696003793225056,0.696003793225056,,,,1.0
6,water_hl_gap_eV,167,1.0000001192092896,0.0,0.696003793225056,0.696003793225056,,,,1.0
6,water_hl_gap_eV,168,1.0000001192092896,0.0,0.696003793225056,0.696003793225056,,,,1.0
6,water_hl_gap_eV,169,1.0000001192092896,0.0,0.696003793225056,0.696003793225056,,,,1.0
6,water_hl_gap_eV,170,1.0000001192092896,0.0,0.696003793225056,0.696003793225056,,,,1.0
6,water_hl_gap_eV,171,1.0000001192092896,0.0,0.696003793225056,0.696003793225056,,,,1.0
6,water_hl_gap_eV,172,1.0000001192092896,0.0,0.696003793225056,0.696003793225056,,,,1.0
6,water_hl_gap_eV,173,1.0000001192092896,0.0,0.696003793225056,0.696003793225056,,,,1.0
6,water_hl_gap_eV,174,1.0000001192092896,0.0,0.696003793225056,0.696003793225056,,,,1.0
6,water_hl_gap_eV,175,1.0000001192092896,0.0,0.696003793225056,0.696003793225056,,,,1.0
6,water_hl_gap_eV,176,1.0000001192092896,0.0,0.696003793225056,0.696003793225056,,,,1.0
6,water_hl_gap_eV,177,1.0000001192092896,0.0,0.696003793225056,0.696003793225056,,,,1.0
6,water_hl_gap_eV,178,1.0000001192092896,0.0,0.696003793225056,0.696003793225056,,,,1.0
6,water_hl_gap_eV,179,1.0000001192092896,0.0,0.696003793225056,0.696003793225056,,,,1.0
6,water_hl_gap_eV,180,1.0000001192092896,0.0,0.696003793225056,0.696003793225056,,,,1.0
6,water_hl_gap_eV,181,1.0000001192092896,0.0,0.696003793225056,0.696003793225056,,,,1.0
6,water_hl_gap_eV,182,1.0000001192092896,0.0,0.696003793225056,0.696003793225056,,,,1.0
6,water_hl_gap_eV,183,1.0000001192092896,0.0,0.696003793225056,0.696003793225056,,,,1.0
6,water_hl_gap_eV,184,1.0000001192092896,0.0,0.696003793225056,0.696003793225056,,,,1.0
6,water_hl_gap_eV,185,1.0000001192092896,0.0,0.696003793225056,0.696003793225056,,,,1.0
6,water_hl_gap_eV,186,1.0000001192092896,0.0,0.696003793225056,0.696003793225056,,,,1.0
6,water_hl_gap_eV,187,1.0000001192092896,0.0,0.696003793225056,0.696003793225056,,,,1.0
6,water_hl_gap_eV,188,1.0000001192092896,0.0,0.696003793225056,0.696003793225056,,,,1.0
6,water_hl_gap_eV,189,1.0000001192092896,0.0,0.696003793225056,0.696003793225056,,,,1.0
6,water_hl_gap_eV,190,1.0000001192092896,0.0,0.696003793225056,0.696003793225056,,,,1.0
6,water_hl_gap_eV,191,1.0000001192092896,0.0,0.696003793225056,0.696003793225056,,,,1.0
6,water_hl_gap_eV,192,1.0000001192092896,0.0,0.696003793225056,0.696003793225056,,,,1.0
6,water_hl_gap_eV,193,1.0000001192092896,0.0,0.696003793225056,0.696003793225056,,,,1.0
6,water_hl_gap_eV,194,1.0000001192092896,0.0,0.696003793225056,0.696003793225056,,,,1.0
6,water_hl_gap_eV,195,1.0000001192092896,0.0,0.696003793225056,0.696003793225056,,,,1.0
6,water_hl_gap_eV,196,1.0000001192092896,0.0,0.696003793225056,0.696003793225056,,,,1.0
6,water_hl_gap_eV,197,1.0000001192092896,0.0,0.696003793225056,0.696003793225056,,,,1.0
6,water_hl_gap_eV,198,1.0000001192092896,0.0,0.696003793225056,0.696003793225056,,,,1.0
6,water_hl_gap_eV,199,1.0000001192092896,0.0,0.696003793225056,0.696003793225056,,,,1.0
6,water_hl_gap_eV,200,1.0000001192092896,0.0,0.696003793225056,0.696003793225056,,,,1.0
6,water_hl_gap_eV,201,1.0000001192092896,0.0,0.696003793225056,0.696003793225056,,,,1.0
6,water_hl_gap_eV,202,1.0000001192092896,0.0,0.696003793225056,0.696003793225056,,,,1.0
6,water_hl_gap_eV,203,1.0000001192092896,0.0,0.696003793225056,0.696003793225056,,,,1.0
6,water_hl_gap_eV,204,1.0000001192092896,0.0,0.696003793225056,0.696003793225056,,,,1.0
6,water_hl_gap_eV,205,1.0000001192092896,0.0,0.696003793225056,0.696003793225056,,,,1.0
6,water_hl_gap_eV,206,1.0000001192092896,0.0,0.696003793225056,0.696003793225056,,,,1.0
6,water_hl_gap_eV,207,1.0000001192092896,0.0,0.696003793225056,0.696003793225056,,,,1.0
6,water_hl_gap_eV,208,1.0000001192092896,0.0,0.696003793225056,0.696003793225056,,,,1.0
6,water_hl_gap_eV,209,1.0000001192092896,0.0,0.696003793225056,0.696003793225056,,,,1.0
6,water_hl_gap_eV,210,1.0000001192092896,0.0,0.696003793225056,0.696003793225056,,,,1.0
6,water_hl_gap_eV,211,1.0000001192092896,0.0,0.696003793225056,0.696003793225056,,,,1.0
6,water_hl_gap_eV,212,1.0000001192092896,0.0,0.696003793225056,0.696003793225056,,,,1.0
6,water_hl_gap_eV,213,1.0000001192092896,0.0,0.696003793225056,0.696003793225056,,,,1.0
6,water_hl_gap_eV,214,1.0000001192092896,0.0,0.696003793225056,0.696003793225056,,,,1.0
6,water_hl_gap_eV,215,1.0000001192092896,0.0,0.696003793225056,0.696003793225056,,,,1.0
6,water_hl_gap_eV,216,1.0000001192092896,0.0,0.696003793225056,0.696003793225056,,,,1.0
6,water_hl_gap_eV,217,1.0000001192092896,0.0,0.696003793225056,0.696003793225056,,,,1.0
6,water_hl_gap_eV,218,1.0000001192092896,0.0,0.696003793225056,0.696003793225056,,,,1.0
6,water_hl_gap_eV,219,1.0000001192092896,0.0,0.696003793225056,0.696003793225056,,,,1.0
6,water_hl_gap_eV,220,1.0000001192092896,0.0,0.696003793225056,0.696003793225056,,,,1.0
6,water_hl_gap_eV,221,1.0000001192092896,0.0,0.696003793225056,0.696003793225056,,,,1.0
6,water_hl_gap_eV,222,1.0000001192092896,0.0,0.696003793225056,0.696003793225056,,,,1.0
6,water_hl_gap_eV,223,1.0000001192092896,0.0,0.696003793225056,0.696003793225056,,,,1.0
6,water_hl_gap_eV,224,1.0000001192092896,0.0,0.696003793225056,0.696003793225056,,,,1.0
6,water_hl_gap_eV,225,1.0000001192092896,0.0,0.696003793225056,0.696003793225056,,,,1.0
6,water_hl_gap_eV,226,1.0000001192092896,0.0,0.696003793225056,0.696003793225056,,,,1.0
6,water_hl_gap_eV,227,1.0000001192092896,0.0,0.696003793225056,0.696003793225056,,,,1.0
6,water_hl_gap_eV,228,1.0000001192092896,0.0,0.696003793225056,0.696003793225056,,,,1.0
6,water_hl_gap_eV,229,1.0000001192092896,0.0,0.696003793225056,0.696003793225056,,,,1.0
6,water_hl_gap_eV,230,1.0000001192092896,0.0,0.696003793225056,0.696003793225056,,,,1.0
6,water_hl_gap_eV,231,1.0000001192092896,0.0,0.696003793225056,0.696003793225056,,,,1.0
6,water_hl_gap_eV,232,1.0000001192092896,0.0,0.696003793225056,0.696003793225056,,,,1.0
6,water_hl_gap_eV,233,1.0000001192092896,0.0,0.696003793225056,0.696003793225056,,,,1.0
6,water_hl_gap_eV,234,1.0000001192092896,0.0,0.696003793225056,0.696003793225056,,,,1.0
6,water_hl_gap_eV,235,1.0000001192092896,0.0,0.696003793225056,0.696003793225056,,,,1.0
6,water_hl_gap_eV,236,1.0000001192092896,0.0,0.696003793225056,0.696003793225056,,,,1.0
6,water_hl_gap_eV,237,1.0000001192092896,0.0,0.696003793225056,0.696003793225056,,,,1.0
6,water_hl_gap_eV,238,1.0000001192092896,0.0,0.696003793225056,0.696003793225056,,,,1.0
6,water_hl_gap_eV,239,1.0000001192092896,0.0,0.696003793225056,0.696003793225056,,,,1.0
6,water_hl_gap_eV,240,1.0000001192092896,0.0,0.696003793225056,0.696003793225056,,,,1.0
6,water_hl_gap_eV,241,1.0000001192092896,0.0,0.696003793225056,0.696003793225056,,,,1.0
6,water_hl_gap_eV,242,1.0000001192092896,0.0,0.696003793225056,0.696003793225056,,,,1.0
6,water_hl_gap_eV,243,1.0000001192092896,0.0,0.696003793225056,0.696003793225056,,,,1.0
6,water_hl_gap_eV,244,1.0000001192092896,0.0,0.696003793225056,0.696003793225056,,,,1.0
6,water_hl_gap_eV,245,1.0000001192092896,0.0,0.696003793225056,0.696003793225056,,,,1.0
6,water_hl_gap_eV,246,1.0000001192092896,0.0,0.696003793225056,0.696003793225056,,,,1.0
6,water_hl_gap_eV,247,1.0000001192092896,0.0,0.696003793225056,0.696003793225056,,,,1.0
6,water_hl_gap_eV,248,1.0000001192092896,0.0,0.696003793225056,0.696003793225056,,,,1.0
6,water_hl_gap_eV,249,1.0000001192092896,0.0,0.696003793225056,0.696003793225056,,,,1.0
6,water_dipole,0,0.9999999403953552,0.0,0.6517084492221112,0.6517084492221112,,,,1.0
6,water_dipole,1,0.9999999403953552,0.0,0.6517084492221112,0.6517084492221112,,,,1.0
6,water_dipole,2,0.9999999403953552,0.0,0.6517084492221112,0.6517084492221112,,,,1.0
6,water_dipole,3,0.9999999403953552,0.0,0.6517084492221112,0.6517084492221112,,,,1.0
6,water_dipole,4,0.9999999403953552,0.0,0.6517084492221112,0.6517084492221112,,,,1.0
6,water_dipole,5,0.9999999403953552,0.0,0.6517084492221112,0.6517084492221112,,,,1.0
6,water_dipole,6,0.9999999403953552,0.0,0.6517084492221112,0.6517084492221112,,,,1.0
6,water_dipole,7,0.9999999403953552,0.0,0.6517084492221112,0.6517084492221112,,,,1.0
6,water_dipole,8,0.9999999403953552,0.0,0.6517084492221112,0.6517084492221112,,,,1.0
6,water_dipole,9,0.9999999403953552,0.0,0.6517084492221112,0.6517084492221112,,,,1.0
6,water_dipole,10,0.9999999403953552,0.0,0.6517084492221112,0.6517084492221112,,,,1.0
6,water_dipole,11,0.9999999403953552,0.0,0.6517084492221112,0.6517084492221112,,,,1.0
6,water_dipole,12,0.9999999403953552,0.0,0.6517084492221112,0.6517084492221112,,,,1.0
6,water_dipole,13,0.9999999403953552,0.0,0.6517084492221112,0.6517084492221112,,,,1.0
6,water_dipole,14,0.9999999403953552,0.0,0.6517084492221112,0.6517084492221112,,,,1.0
6,water_dipole,15,0.9999999403953552,0.0,0.6517084492221112,0.6517084492221112,,,,1.0
6,water_dipole,16,0.9999999403953552,0.0,0.6517084492221112,0.6517084492221112,,,,1.0
6,water_dipole,17,0.9999999403953552,0.0,0.6517084492221112,0.6517084492221112,,,,1.0
6,water_dipole,18,0.9999999403953552,0.0,0.6517084492221112,0.6517084492221112,,,,1.0
6,water_dipole,19,0.9999999403953552,0.0,0.6517084492221112,0.6517084492221112,,,,1.0
6,water_dipole,20,0.9999999403953552,0.0,0.6517084492221112,0.6517084492221112,,,,1.0
6,water_dipole,21,0.9999999403953552,0.0,0.6517084492221112,0.6517084492221112,,,,1.0
6,water_dipole,22,0.9999999403953552,0.0,0.6517084492221112,0.6517084492221112,,,,1.0
6,water_dipole,23,0.9999999403953552,0.0,0.6517084492221112,0.6517084492221112,,,,1.0
6,water_dipole,24,0.9999999403953552,0.0,0.6517084492221112,0.6517084492221112,,,,1.0
6,water_dipole,25,0.9999999403953552,0.0,0.6517084492221112,0.6517084492221112,,,,1.0
6,water_dipole,26,0.9999999403953552,0.0,0.6517084492221112,0.6517084492221112,,,,1.0
6,water_dipole,27,0.9999999403953552,0.0,0.6517084492221112,0.6517084492221112,,,,1.0
6,water_dipole,28,0.9999999403953552,0.0,0.6517084492221112,0.6517084492221112,,,,1.0
6,water_dipole,29,0.9999999403953552,0.0,0.6517084492221112,0.6517084492221112,,,,1.0
6,water_dipole,30,0.9999999403953552,0.0,0.6517084492221112,0.6517084492221112,,,,1.0
6,water_dipole,31,0.9999999403953552,0.0,0.6517084492221112,0.6517084492221112,,,,1.0
6,water_dipole,32,0.9999999403953552,0.0,0.6517084492221112,0.6517084492221112,,,,1.0
6,water_dipole,33,0.9999999403953552,0.0,0.6517084492221112,0.6517084492221112,,,,1.0
6,water_dipole,34,0.9999999403953552,0.0,0.6517084492221112,0.6517084492221112,,,,1.0
6,water_dipole,35,0.9999999403953552,0.0,0.6517084492221112,0.6517084492221112,,,,1.0
6,water_dipole,36,0.9999999403953552,0.0,0.6517084492221112,0.6517084492221112,,,,1.0
6,water_dipole,37,0.9999999403953552,0.0,0.6517084492221112,0.6517084492221112,,,,1.0
6,water_dipole,38,0.9999999403953552,0.0,0.6517084492221112,0.6517084492221112,,,,1.0
6,water_dipole,39,0.9999999403953552,0.0,0.6517084492221112,0.6517084492221112,,,,1.0
6,water_dipole,40,0.9999999403953552,0.0,0.6517084492221112,0.6517084492221112,,,,1.0
6,water_dipole,41,0.9999999403953552,0.0,0.6517084492221112,0.6517084492221112,,,,1.0
6,water_dipole,42,0.9999999403953552,0.0,0.6517084492221112,0.6517084492221112,,,,1.0
6,water_dipole,43,0.9999999403953552,0.0,0.6517084492221112,0.6517084492221112,,,,1.0
6,water_dipole,44,0.9999999403953552,0.0,0.6517084492221112,0.6517084492221112,,,,1.0
6,water_dipole,45,0.9999999403953552,0.0,0.6517084492221112,0.6517084492221112,,,,1.0
6,water_dipole,46,0.9999999403953552,0.0,0.6517084492221112,0.6517084492221112,,,,1.0
6,water_dipole,47,0.9999999403953552,0.0,0.6517084492221112,0.6517084492221112,,,,1.0
6,water_dipole,48,0.9999999403953552,0.0,0.6517084492221112,0.6517084492221112,,,,1.0
6,water_dipole,49,0.9999999403953552,0.0,0.6517084492221112,0.6517084492221112,,,,1.0
6,water_dipole,50,0.9999999403953552,0.0,0.6517084492221112,0.6517084492221112,,,,1.0
6,water_dipole,51,0.9999999403953552,0.0,0.6517084492221112,0.6517084492221112,,,,1.0
6,water_dipole,52,0.9999999403953552,0.0,0.6517084492221112,0.6517084492221112,,,,1.0
6,water_dipole,53,0.9999999403953552,0.0,0.6517084492221112,0.6517084492221112,,,,1.0
6,water_dipole,54,0.9999999403953552,0.0,0.6517084492221112,0.6517084492221112,,,,1.0
6,water_dipole,55,0.9999999403953552,0.0,0.6517084492221112,0.6517084492221112,,,,1.0
6,water_dipole,56,0.9999999403953552,0.0,0.6517084492221112,0.6517084492221112,,,,1.0
6,water_dipole,57,0.9999999403953552,0.0,0.6517084492221112,0.6517084492221112,,,,1.0
6,water_dipole,58,0.9999999403953552,0.0,0.6517084492221112,0.6517084492221112,,,,1.0
6,water_dipole,59,0.9999999403953552,0.0,0.6517084492221112,0.6517084492221112,,,,1.0
6,water_dipole,60,0.9999999403953552,0.0,0.6517084492221112,0.6517084492221112,,,,1.0
6,water_dipole,61,0.9999999403953552,0.0,0.6517084492221112,0.6517084492221112,,,,1.0
6,water_dipole,62,0.9999999403953552,0.0,0.6517084492221112,0.6517084492221112,,,,1.0
6,water_dipole,63,0.9999999403953552,0.0,0.6517084492221112,0.6517084492221112,,,,1.0
6,water_dipole,64,0.9999999403953552,0.0,0.6517084492221112,0.6517084492221112,,,,1.0
6,water_dipole,65,0.9999999403953552,0.0,0.6517084492221112,0.6517084492221112,,,,1.0
6,water_dipole,66,0.9999999403953552,0.0,0.6517084492221112,0.6517084492221112,,,,1.0
6,water_dipole,67,0.9999999403953552,0.0,0.6517084492221112,0.6517084492221112,,,,1.0
6,water_dipole,68,0.9999999403953552,0.0,0.6517084492221112,0.6517084492221112,,,,1.0
6,water_dipole,69,0.9999999403953552,0.0,0.6517084492221112,0.6517084492221112,,,,1.0
6,water_dipole,70,0.9999999403953552,0.0,0.6517084492221112,0.6517084492221112,,,,1.0
6,water_dipole,71,0.9999999403953552,0.0,0.6517084492221112,0.6517084492221112,,,,1.0
6,water_dipole,72,0.9999999403953552,0.0,0.6517084492221112,0.6517084492221112,,,,1.0
6,water_dipole,73,0.9999999403953552,0.0,0.6517084492221112,0.6517084492221112,,,,1.0
6,water_dipole,74,0.9999999403953552,0.0,0.6517084492221112,0.6517084492221112,,,,1.0
6,water_dipole,75,0.9999999403953552,0.0,0.6517084492221112,0.6517084492221112,,,,1.0
6,water_dipole,76,0.9999999403953552,0.0,0.6517084492221112,0.6517084492221112,,,,1.0
6,water_dipole,77,0.9999999403953552,0.0,0.6517084492221112,0.6517084492221112,,,,1.0
6,water_dipole,78,0.9999999403953552,0.0,0.6517084492221112,0.6517084492221112,,,,1.0
6,water_dipole,79,0.9999999403953552,0.0,0.6517084492221112,0.6517084492221112,,,,1.0
6,water_dipole,80,0.9999999403953552,0.0,0.6517084492221112,0.6517084492221112,,,,1.0
6,water_dipole,81,0.9999999403953552,0.0,0.6517084492221112,0.6517084492221112,,,,1.0
6,water_dipole,82,0.9999999403953552,0.0,0.6517084492221112,0.6517084492221112,,,,1.0
6,water_dipole,83,0.9999999403953552,0.0,0.6517084492221112,0.6517084492221112,,,,1.0
6,water_dipole,84,0.9999999403953552,0.0,0.6517084492221112,0.6517084492221112,,,,1.0
6,water_dipole,85,0.9999999403953552,0.0,0.6517084492221112,0.6517084492221112,,,,1.0
6,water_dipole,86,0.9999999403953552,0.0,0.6517084492221112,0.6517084492221112,,,,1.0
6,water_dipole,87,0.9999999403953552,0.0,0.6517084492221112,0.6517084492221112,,,,1.0
6,water_dipole,88,0.9999999403953552,0.0,0.6517084492221112,0.6517084492221112,,,,1.0
6,water_dipole,89,0.9999999403953552,0.0,0.6517084492221112,0.6517084492221112,,,,1.0
6,water_dipole,90,0.9999999403953552,0.0,0.6517084492221112,0.6517084492221112,,,,1.0
6,water_dipole,91,0.9999999403953552,0.0,0.6517084492221112,0.6517084492221112,,,,1.0
6,water_dipole,92,0.9999999403953552,0.0,0.6517084492221112,0.6517084492221112,,,,1.0
6,water_dipole,93,0.9999999403953552,0.0,0.6517084492221112,0.6517084492221112,,,,1.0
6,water_dipole,94,0.9999999403953552,0.0,0.6517084492221112,0.6517084492221112,,,,1.0
6,water_dipole,95,0.9999999403953552,0.0,0.6517084492221112,0.6517084492221112,,,,1.0
6,water_dipole,96,0.9999999403953552,0.0,0.6517084492221112,0.6517084492221112,,,,1.0
6,water_dipole,97,0.9999999403953552,0.0,0.6517084492221112,0.6517084492221112,,,,1.0
6,water_dipole,98,0.9999999403953552,0.0,0.6517084492221112,0.6517084492221112,,,,1.0
6,water_dipole,99,0.9999999403953552,0.0,0.6517084492221112,0.6517084492221112,,,,1.0
6,water_dipole,100,0.9999999403953552,0.0,0.6517084492221112,0.6517084492221112,,,,1.0
6,water_dipole,101,0.9999999403953552,0.0,0.6517084492221112,0.6517084492221112,,,,1.0
6,water_dipole,102,0.9999999403953552,0.0,0.6517084492221112,0.6517084492221112,,,,1.0
6,water_dipole,103,0.9999999403953552,0.0,0.6517084492221112,0.6517084492221112,,,,1.0
6,water_dipole,104,0.9999999403953552,0.0,0.6517084492221112,0.6517084492221112,,,,1.0
6,water_dipole,105,0.9999999403953552,0.0,0.6517084492221112,0.6517084492221112,,,,1.0
6,water_dipole,106,0.9999999403953552,0.0,0.6517084492221112,0.6517084492221112,,,,1.0
6,water_dipole,107,0.9999999403953552,0.0,0.6517084492221112,0.6517084492221112,,,,1.0
6,water_dipole,108,0.9999999403953552,0.0,0.6517084492221112,0.6517084492221112,,,,1.0
6,water_dipole,109,0.9999999403953552,0.0,0.6517084492221112,0.6517084492221112,,,,1.0
6,water_dipole,110,0.9999999403953552,0.0,0.6517084492221112,0.6517084492221112,,,,1.0
6,water_dipole,111,0.9999999403953552,0.0,0.6517084492221112,0.6517084492221112,,,,1.0
6,water_dipole,112,0.9999999403953552,0.0,0.6517084492221112,0.6517084492221112,,,,1.0
6,water_dipole,113,0.9999999403953552,0.0,0.6517084492221112,0.6517084492221112,,,,1.0
6,water_dipole,114,0.9999999403953552,0.0,0.6517084492221112,0.6517084492221112,,,,1.0
6,water_dipole,115,0.9999999403953552,0.0,0.6517084492221112,0.6517084492221112,,,,1.0
6,water_dipole,116,0.9999999403953552,0.0,0.6517084492221112,0.6517084492221112,,,,1.0
6,water_dipole,117,0.9999999403953552,0.0,0.6517084492221112,0.6517084492221112,,,,1.0
6,water_dipole,118,0.9999999403953552,0.0,0.6517084492221112,0.6517084492221112,,,,1.0
6,water_dipole,119,0.9999999403953552,0.0,0.6517084492221112,0.6517084492221112,,,,1.0
6,water_dipole,120,0.9999999403953552,0.0,0.6517084492221112,0.6517084492221112,,,,1.0
6,water_dipole,121,0.9999999403953552,0.0,0.6517084492221112,0.6517084492221112,,,,1.0
6,water_dipole,122,0.9999999403953552,0.0,0.6517084492221112,0.6517084492221112,,,,1.0
6,water_dipole,123,0.9999999403953552,0.0,0.6517084492221112,0.6517084492221112,,,,1.0
6,water_dipole,124,0.9999999403953552,0.0,0.6517084492221112,0.6517084492221112,,,,1.0
6,water_dipole,125,0.9999999403953552,0.0,0.6517084492221112,0.6517084492221112,,,,1.0
6,water_dipole,126,0.9999999403953552,0.0,0.6517084492221112,0.6517084492221112,,,,1.0
6,water_dipole,127,0.9999999403953552,0.0,0.6517084492221112,0.6517084492221112,,,,1.0
6,water_dipole,128,0.9999999403953552,0.0,0.6517084492221112,0.6517084492221112,,,,1.0
6,water_dipole,129,0.9999999403953552,0.0,0.6517084492221112,0.6517084492221112,,,,1.0
6,water_dipole,130,0.9999999403953552,0.0,0.6517084492221112,0.6517084492221112,,,,1.0
6,water_dipole,131,0.9999999403953552,0.0,0.6517084492221112,0.6517084492221112,,,,1.0
6,water_dipole,132,0.9999999403953552,0.0,0.6517084492221112,0.6517084492221112,,,,1.0
6,water_dipole,133,0.9999999403953552,0.0,0.6517084492221112,0.6517084492221112,,,,1.0
6,water_dipole,134,0.9999999403953552,0.0,0.6517084492221112,0.6517084492221112,,,,1.0
6,water_dipole,135,0.9999999403953552,0.0,0.6517084492221112,0.6517084492221112,,,,1.0
6,water_dipole,136,0.9999999403953552,0.0,0.6517084492221112,0.6517084492221112,,,,1.0
6,water_dipole,137,0.9999999403953552,0.0,0.6517084492221112,0.6517084492221112,,,,1.0
6,water_dipole,138,0.9999999403953552,0.0,0.6517084492221112,0.6517084492221112,,,,1.0
6,water_dipole,139,0.9999999403953552,0.0,0.6517084492221112,0.6517084492221112,,,,1.0
6,water_dipole,140,0.9999999403953552,0.0,0.6517084492221112,0.6517084492221112,,,,1.0
6,water_dipole,141,0.9999999403953552,0.0,0.6517084492221112,0.6517084492221112,,,,1.0
6,water_dipole,142,0.9999999403953552,0.0,0.6517084492221112,0.6517084492221112,,,,1.0
6,water_dipole,143,0.9999999403953552,0.0,0.6517084492221112,0.6517084492221112,,,,1.0
6,water_dipole,144,0.9999999403953552,0.0,0.6517084492221112,0.6517084492221112,,,,1.0
6,water_dipole,145,0.9999999403953552,0.0,0.6517084492221112,0.6517084492221112,,,,1.0
6,water_dipole,146,0.9999999403953552,0.0,0.6517084492221112,0.6517084492221112,,,,1.0
6,water_dipole,147,0.9999999403953552,0.0,0.6517084492221112,0.6517084492221112,,,,1.0
6,water_dipole,148,0.9999999403953552,0.0,0.6517084492221112,0.6517084492221112,,,,1.0
6,water_dipole,149,0.9999999403953552,0.0,0.6517084492221112,0.6517084492221112,,,,1.0
6,water_dipole,150,0.9999999403953552,0.0,0.6517084492221112,0.6517084492221112,,,,1.0
6,water_dipole,151,0.9999999403953552,0.0,0.6517084492221112,0.6517084492221112,,,,1.0
6,water_dipole,152,0.9999999403953552,0.0,0.6517084492221112,0.6517084492221112,,,,1.0
6,water_dipole,153,0.9999999403953552,0.0,0.6517084492221112,0.6517084492221112,,,,1.0
6,water_dipole,154,0.9999999403953552,0.0,0.6517084492221112,0.6517084492221112,,,,1.0
6,water_dipole,155,0.9999999403953552,0.0,0.6517084492221112,0.6517084492221112,,,,1.0
6,water_dipole,156,0.9999999403953552,0.0,0.6517084492221112,0.6517084492221112,,,,1.0
6,water_dipole,157,0.9999999403953552,0.0,0.6517084492221112,0.6517084492221112,,,,1.0
6,water_dipole,158,0.9999999403953552,0.0,0.6517084492221112,0.6517084492221112,,,,1.0
6,water_dipole,159,0.9999999403953552,0.0,0.6517084492221112,0.6517084492221112,,,,1.0
6,water_dipole,160,0.9999999403953552,0.0,0.6517084492221112,0.6517084492221112,,,,1.0
6,water_dipole,161,0.9999999403953552,0.0,0.6517084492221112,0.6517084492221112,,,,1.0
6,water_dipole,162,0.9999999403953552,0.0,0.6517084492221112,0.6517084492221112,,,,1.0
6,water_dipole,163,0.9999999403953552,0.0,0.6517084492221112,0.6517084492221112,,,,1.0
6,water_dipole,164,0.9999999403953552,0.0,0.6517084492221112,0.6517084492221112,,,,1.0
6,water_dipole,165,0.9999999403953552,0.0,0.6517084492221112,0.6517084492221112,,,,1.0
6,water_dipole,166,0.9999999403953552,0.0,0.6517084492221112,0.6517084492221112,,,,1.0
6,water_dipole,167,0.9999999403953552,0.0,0.6517084492221112,0.6517084492221112,,,,1.0
6,water_dipole,168,0.9999999403953552,0.0,0.6517084492221112,0.6517084492221112,,,,1.0
6,water_dipole,169,0.9999999403953552,0.0,0.6517084492221112,0.6517084492221112,,,,1.0
6,water_dipole,170,0.9999999403953552,0.0,0.6517084492221112,0.6517084492221112,,,,1.0
6,water_dipole,171,0.9999999403953552,0.0,0.6517084492221112,0.6517084492221112,,,,1.0
6,water_dipole,172,0.9999999403953552,0.0,0.6517084492221112,0.6517084492221112,,,,1.0
6,water_dipole,173,0.9999999403953552,0.0,0.6517084492221112,0.6517084492221112,,,,1.0
6,water_dipole,174,0.9999999403953552,0.0,0.6517084492221112,0.6517084492221112,,,,1.0
6,water_dipole,175,0.9999999403953552,0.0,0.6517084492221112,0.6517084492221112,,,,1.0
6,water_dipole,176,0.9999999403953552,0.0,0.6517084492221112,0.6517084492221112,,,,1.0
6,water_dipole,177,0.9999999403953552,0.0,0.6517084492221112,0.6517084492221112,,,,1.0
6,water_dipole,178,0.9999999403953552,0.0,0.6517084492221112,0.6517084492221112,,,,1.0
6,water_dipole,179,0.9999999403953552,0.0,0.6517084492221112,0.6517084492221112,,,,1.0
6,water_dipole,180,0.9999999403953552,0.0,0.6517084492221112,0.6517084492221112,,,,1.0
6,water_dipole,181,0.9999999403953552,0.0,0.6517084492221112,0.6517084492221112,,,,1.0
6,water_dipole,182,0.9999999403953552,0.0,0.6517084492221112,0.6517084492221112,,,,1.0
6,water_dipole,183,0.9999999403953552,0.0,0.6517084492221112,0.6517084492221112,,,,1.0
6,water_dipole,184,0.9999999403953552,0.0,0.6517084492221112,0.6517084492221112,,,,1.0
6,water_dipole,185,0.9999999403953552,0.0,0.6517084492221112,0.6517084492221112,,,,1.0
6,water_dipole,186,0.9999999403953552,0.0,0.6517084492221112,0.6517084492221112,,,,1.0
6,water_dipole,187,0.9999999403953552,0.0,0.6517084492221112,0.6517084492221112,,,,1.0
6,water_dipole,188,0.9999999403953552,0.0,0.6517084492221112,0.6517084492221112,,,,1.0
6,water_dipole,189,0.9999999403953552,0.0,0.6517084492221112,0.6517084492221112,,,,1.0
6,water_dipole,190,0.9999999403953552,0.0,0.6517084492221112,0.6517084492221112,,,,1.0
6,water_dipole,191,0.9999999403953552,0.0,0.6517084492221112,0.6517084492221112,,,,1.0
6,water_dipole,192,0.9999999403953552,0.0,0.6517084492221112,0.6517084492221112,,,,1.0
6,water_dipole,193,0.9999999403953552,0.0,0.6517084492221112,0.6517084492221112,,,,1.0
6,water_dipole,194,0.9999999403953552,0.0,0.6517084492221112,0.6517084492221112,,,,1.0
6,water_dipole,195,0.9999999403953552,0.0,0.6517084492221112,0.6517084492221112,,,,1.0
6,water_dipole,196,0.9999999403953552,0.0,0.6517084492221112,0.6517084492221112,,,,1.0
6,water_dipole,197,0.9999999403953552,0.0,0.6517084492221112,0.6517084492221112,,,,1.0
6,water_dipole,198,0.9999999403953552,0.0,0.6517084492221112,0.6517084492221112,,,,1.0
6,water_dipole,199,0.9999999403953552,0.0,0.6517084492221112,0.6517084492221112,,,,1.0
6,water_dipole,200,0.9999999403953552,0.0,0.6517084492221112,0.6517084492221112,,,,1.0
6,water_dipole,201,0.9999999403953552,0.0,0.6517084492221112,0.6517084492221112,,,,1.0
6,water_dipole,202,0.9999999403953552,0.0,0.6517084492221112,0.6517084492221112,,,,1.0
6,water_dipole,203,0.9999999403953552,0.0,0.6517084492221112,0.6517084492221112,,,,1.0
6,water_dipole,204,0.9999999403953552,0.0,0.6517084492221112,0.6517084492221112,,,,1.0
6,water_dipole,205,0.9999999403953552,0.0,0.6517084492221112,0.6517084492221112,,,,1.0
6,water_dipole,206,0.9999999403953552,0.0,0.6517084492221112,0.6517084492221112,,,,1.0
6,water_dipole,207,0.9999999403953552,0.0,0.6517084492221112,0.6517084492221112,,,,1.0
6,water_dipole,208,0.9999999403953552,0.0,0.6517084492221112,0.6517084492221112,,,,1.0
6,water_dipole,209,0.9999999403953552,0.0,0.6517084492221112,0.6517084492221112,,,,1.0
6,water_dipole,210,0.9999999403953552,0.0,0.6517084492221112,0.6517084492221112,,,,1.0
6,water_dipole,211,0.9999999403953552,0.0,0.6517084492221112,0.6517084492221112,,,,1.0
6,water_dipole,212,0.9999999403953552,0.0,0.6517084492221112,0.6517084492221112,,,,1.0
6,water_dipole,213,0.9999999403953552,0.0,0.6517084492221112,0.6517084492221112,,,,1.0
6,water_dipole,214,0.9999999403953552,0.0,0.6517084492221112,0.6517084492221112,,,,1.0
6,water_dipole,215,0.9999999403953552,0.0,0.6517084492221112,0.6517084492221112,,,,1.0
6,water_dipole,216,0.9999999403953552,0.0,0.6517084492221112,0.6517084492221112,,,,1.0
6,water_dipole,217,0.9999999403953552,0.0,0.6517084492221112,0.6517084492221112,,,,1.0
6,water_dipole,218,0.9999999403953552,0.0,0.6517084492221112,0.6517084492221112,,,,1.0
6,water_dipole,219,0.9999999403953552,0.0,0.6517084492221112,0.6517084492221112,,,,1.0
6,water_dipole,220,0.9999999403953552,0.0,0.6517084492221112,0.6517084492221112,,,,1.0
6,water_dipole,221,0.9999999403953552,0.0,0.6517084492221112,0.6517084492221112,,,,1.0
6,water_dipole,222,0.9999999403953552,0.0,0.6517084492221112,0.6517084492221112,,,,1.0
6,water_dipole,223,0.9999999403953552,0.0,0.6517084492221112,0.6517084492221112,,,,1.0
6,water_dipole,224,0.9999999403953552,0.0,0.6517084492221112,0.6517084492221112,,,,1.0
6,water_dipole,225,0.9999999403953552,0.0,0.6517084492221112,0.6517084492221112,,,,1.0
6,water_dipole,226,0.9999999403953552,0.0,0.6517084492221112,0.6517084492221112,,,,1.0
6,water_dipole,227,0.9999999403953552,0.0,0.6517084492221112,0.6517084492221112,,,,1.0
6,water_dipole,228,0.9999999403953552,0.0,0.6517084492221112,0.6517084492221112,,,,1.0
6,water_dipole,229,0.9999999403953552,0.0,0.6517084492221112,0.6517084492221112,,,,1.0
6,water_dipole,230,0.9999999403953552,0.0,0.6517084492221112,0.6517084492221112,,,,1.0
6,water_dipole,231,0.9999999403953552,0.0,0.6517084492221112,0.6517084492221112,,,,1.0
6,water_dipole,232,0.9999999403953552,0.0,0.6517084492221112,0.6517084492221112,,,,1.0
6,water_dipole,233,0.9999999403953552,0.0,0.6517084492221112,0.6517084492221112,,,,1.0
6,water_dipole,234,0.9999999403953552,0.0,0.6517084492221112,0.6517084492221112,,,,1.0
6,water_dipole,235,0.9999999403953552,0.0,0.6517084492221112,0.6517084492221112,,,,1.0
6,water_dipole,236,0.9999999403953552,0.0,0.6517084492221112,0.6517084492221112,,,,1.0
6,water_dipole,237,0.9999999403953552,0.0,0.6517084492221112,0.6517084492221112,,,,1.0
6,water_dipole,238,0.9999999403953552,0.0,0.6517084492221112,0.6517084492221112,,,,1.0
6,water_dipole,239,0.9999999403953552,0.0,0.6517084492221112,0.6517084492221112,,,,1.0
6,water_dipole,240,0.9999999403953552,0.0,0.6517084492221112,0.6517084492221112,,,,1.0
6,water_dipole,241,0.9999999403953552,0.0,0.6517084492221112,0.6517084492221112,,,,1.0
6,water_dipole,242,0.9999999403953552,0.0,0.6517084492221112,0.6517084492221112,,,,1.0
6,water_dipole,243,0.9999999403953552,0.0,0.6517084492221112,0.6517084492221112,,,,1.0
6,water_dipole,244,0.9999999403953552,0.0,0.6517084492221112,0.6517084492221112,,,,1.0
6,water_dipole,245,0.9999999403953552,0.0,0.6517084492221112,0.6517084492221112,,,,1.0
6,water_dipole,246,0.9999999403953552,0.0,0.6517084492221112,0.6517084492221112,,,,1.0
6,water_dipole,247,0.9999999403953552,0.0,0.6517084492221112,0.6517084492221112,,,,1.0
6,water_dipole,248,0.9999999403953552,0.0,0.6517084492221112,0.6517084492221112,,,,1.0
6,water_dipole,249,0.9999999403953552,0.0,0.6517084492221112,0.6517084492221112,,,,1.0
6,acetone_gsolv_eV,0,1.0000001192092896,0.0,0.6362999369244833,0.6362999369244833,,,,1.0
6,acetone_gsolv_eV,1,1.0000001192092896,0.0,0.6362999369244833,0.6362999369244833,,,,1.0
6,acetone_gsolv_eV,2,1.0000001192092896,0.0,0.6362999369244833,0.6362999369244833,,,,1.0
6,acetone_gsolv_eV,3,1.0000001192092896,0.0,0.6362999369244833,0.6362999369244833,,,,1.0
6,acetone_gsolv_eV,4,1.0000001192092896,0.0,0.6362999369244833,0.6362999369244833,,,,1.0
6,acetone_gsolv_eV,5,1.0000001192092896,0.0,0.6362999369244833,0.6362999369244833,,,,1.0
6,acetone_gsolv_eV,6,1.0000001192092896,0.0,0.6362999369244833,0.6362999369244833,,,,1.0
6,acetone_gsolv_eV,7,1.0000001192092896,0.0,0.6362999369244833,0.6362999369244833,,,,1.0
6,acetone_gsolv_eV,8,1.0000001192092896,0.0,0.6362999369244833,0.6362999369244833,,,,1.0
6,acetone_gsolv_eV,9,1.0000001192092896,0.0,0.6362999369244833,0.6362999369244833,,,,1.0
6,acetone_gsolv_eV,10,1.0000001192092896,0.0,0.6362999369244833,0.6362999369244833,,,,1.0
6,acetone_gsolv_eV,11,1.0000001192092896,0.0,0.6362999369244833,0.6362999369244833,,,,1.0
6,acetone_gsolv_eV,12,1.0000001192092896,0.0,0.6362999369244833,0.6362999369244833,,,,1.0
6,acetone_gsolv_eV,13,1.0000001192092896,0.0,0.6362999369244833,0.6362999369244833,,,,1.0
6,acetone_gsolv_eV,14,1.0000001192092896,0.0,0.6362999369244833,0.6362999369244833,,,,1.0
6,acetone_gsolv_eV,15,1.0000001192092896,0.0,0.6362999369244833,0.6362999369244833,,,,1.0
6,acetone_gsolv_eV,16,1.0000001192092896,0.0,0.6362999369244833,0.6362999369244833,,,,1.0
6,acetone_gsolv_eV,17,1.0000001192092896,0.0,0.6362999369244833,0.6362999369244833,,,,1.0
6,acetone_gsolv_eV,18,1.0000001192092896,0.0,0.6362999369244833,0.6362999369244833,,,,1.0
6,acetone_gsolv_eV,19,1.0000001192092896,0.0,0.6362999369244833,0.6362999369244833,,,,1.0
6,acetone_gsolv_eV,20,1.0000001192092896,0.0,0.6362999369244833,0.6362999369244833,,,,1.0
6,acetone_gsolv_eV,21,1.0000001192092896,0.0,0.6362999369244833,0.6362999369244833,,,,1.0
6,acetone_gsolv_eV,22,1.0000001192092896,0.0,0.6362999369244833,0.6362999369244833,,,,1.0
6,acetone_gsolv_eV,23,1.0000001192092896,0.0,0.6362999369244833,0.6362999369244833,,,,1.0
6,acetone_gsolv_eV,24,1.0000001192092896,0.0,0.6362999369244833,0.6362999369244833,,,,1.0
6,acetone_gsolv_eV,25,1.0000001192092896,0.0,0.6362999369244833,0.6362999369244833,,,,1.0
6,acetone_gsolv_eV,26,1.0000001192092896,0.0,0.6362999369244833,0.6362999369244833,,,,1.0
6,acetone_gsolv_eV,27,1.0000001192092896,0.0,0.6362999369244833,0.6362999369244833,,,,1.0
6,acetone_gsolv_eV,28,1.0000001192092896,0.0,0.6362999369244833,0.6362999369244833,,,,1.0
6,acetone_gsolv_eV,29,1.0000001192092896,0.0,0.6362999369244833,0.6362999369244833,,,,1.0
6,acetone_gsolv_eV,30,1.0000001192092896,0.0,0.6362999369244833,0.6362999369244833,,,,1.0
6,acetone_gsolv_eV,31,1.0000001192092896,0.0,0.6362999369244833,0.6362999369244833,,,,1.0
6,acetone_gsolv_eV,32,1.0000001192092896,0.0,0.6362999369244833,0.6362999369244833,,,,1.0
6,acetone_gsolv_eV,33,1.0000001192092896,0.0,0.6362999369244833,0.6362999369244833,,,,1.0
6,acetone_gsolv_eV,34,1.0000001192092896,0.0,0.6362999369244833,0.6362999369244833,,,,1.0
6,acetone_gsolv_eV,35,1.0000001192092896,0.0,0.6362999369244833,0.6362999369244833,,,,1.0
6,acetone_gsolv_eV,36,1.0000001192092896,0.0,0.6362999369244833,0.6362999369244833,,,,1.0
6,acetone_gsolv_eV,37,1.0000001192092896,0.0,0.6362999369244833,0.6362999369244833,,,,1.0
6,acetone_gsolv_eV,38,1.0000001192092896,0.0,0.6362999369244833,0.6362999369244833,,,,1.0
6,acetone_gsolv_eV,39,1.0000001192092896,0.0,0.6362999369244833,0.6362999369244833,,,,1.0
6,acetone_gsolv_eV,40,1.0000001192092896,0.0,0.6362999369244833,0.6362999369244833,,,,1.0
6,acetone_gsolv_eV,41,1.0000001192092896,0.0,0.6362999369244833,0.6362999369244833,,,,1.0
6,acetone_gsolv_eV,42,1.0000001192092896,0.0,0.6362999369244833,0.6362999369244833,,,,1.0
6,acetone_gsolv_eV,43,1.0000001192092896,0.0,0.6362999369244833,0.6362999369244833,,,,1.0
6,acetone_gsolv_eV,44,1.0000001192092896,0.0,0.6362999369244833,0.6362999369244833,,,,1.0
6,acetone_gsolv_eV,45,1.0000001192092896,0.0,0.6362999369244833,0.6362999369244833,,,,1.0
6,acetone_gsolv_eV,46,1.0000001192092896,0.0,0.6362999369244833,0.6362999369244833,,,,1.0
6,acetone_gsolv_eV,47,1.0000001192092896,0.0,0.6362999369244833,0.6362999369244833,,,,1.0
6,acetone_gsolv_eV,48,1.0000001192092896,0.0,0.6362999369244833,0.6362999369244833,,,,1.0
6,acetone_gsolv_eV,49,1.0000001192092896,0.0,0.6362999369244833,0.6362999369244833,,,,1.0
6,acetone_gsolv_eV,50,1.0000001192092896,0.0,0.6362999369244833,0.6362999369244833,,,,1.0
6,acetone_gsolv_eV,51,1.0000001192092896,0.0,0.6362999369244833,0.6362999369244833,,,,1.0
6,acetone_gsolv_eV,52,1.0000001192092896,0.0,0.6362999369244833,0.6362999369244833,,,,1.0
6,acetone_gsolv_eV,53,1.0000001192092896,0.0,0.6362999369244833,0.6362999369244833,,,,1.0
6,acetone_gsolv_eV,54,1.0000001192092896,0.0,0.6362999369244833,0.6362999369244833,,,,1.0
6,acetone_gsolv_eV,55,1.0000001192092896,0.0,0.6362999369244833,0.6362999369244833,,,,1.0
6,acetone_gsolv_eV,56,1.0000001192092896,0.0,0.6362999369244833,0.6362999369244833,,,,1.0
6,acetone_gsolv_eV,57,1.0000001192092896,0.0,0.6362999369244833,0.6362999369244833,,,,1.0
6,acetone_gsolv_eV,58,1.0000001192092896,0.0,0.6362999369244833,0.6362999369244833,,,,1.0
6,acetone_gsolv_eV,59,1.0000001192092896,0.0,0.6362999369244833,0.6362999369244833,,,,1.0
6,acetone_gsolv_eV,60,1.0000001192092896,0.0,0.6362999369244833,0.6362999369244833,,,,1.0
6,acetone_gsolv_eV,61,1.0000001192092896,0.0,0.6362999369244833,0.6362999369244833,,,,1.0
6,acetone_gsolv_eV,62,1.0000001192092896,0.0,0.6362999369244833,0.6362999369244833,,,,1.0
6,acetone_gsolv_eV,63,1.0000001192092896,0.0,0.6362999369244833,0.6362999369244833,,,,1.0
6,acetone_gsolv_eV,64,1.0000001192092896,0.0,0.6362999369244833,0.6362999369244833,,,,1.0
6,acetone_gsolv_eV,65,1.0000001192092896,0.0,0.6362999369244833,0.6362999369244833,,,,1.0
6,acetone_gsolv_eV,66,1.0000001192092896,0.0,0.6362999369244833,0.6362999369244833,,,,1.0
6,acetone_gsolv_eV,67,1.0000001192092896,0.0,0.6362999369244833,0.6362999369244833,,,,1.0
6,acetone_gsolv_eV,68,1.0000001192092896,0.0,0.6362999369244833,0.6362999369244833,,,,1.0
6,acetone_gsolv_eV,69,1.0000001192092896,0.0,0.6362999369244833,0.6362999369244833,,,,1.0
6,acetone_gsolv_eV,70,1.0000001192092896,0.0,0.6362999369244833,0.6362999369244833,,,,1.0
6,acetone_gsolv_eV,71,1.0000001192092896,0.0,0.6362999369244833,0.6362999369244833,,,,1.0
6,acetone_gsolv_eV,72,1.0000001192092896,0.0,0.6362999369244833,0.6362999369244833,,,,1.0
6,acetone_gsolv_eV,73,1.0000001192092896,0.0,0.6362999369244833,0.6362999369244833,,,,1.0
6,acetone_gsolv_eV,74,1.0000001192092896,0.0,0.6362999369244833,0.6362999369244833,,,,1.0
6,acetone_gsolv_eV,75,1.0000001192092896,0.0,0.6362999369244833,0.6362999369244833,,,,1.0
6,acetone_gsolv_eV,76,1.0000001192092896,0.0,0.6362999369244833,0.6362999369244833,,,,1.0
6,acetone_gsolv_eV,77,1.0000001192092896,0.0,0.6362999369244833,0.6362999369244833,,,,1.0
6,acetone_gsolv_eV,78,1.0000001192092896,0.0,0.6362999369244833,0.6362999369244833,,,,1.0
6,acetone_gsolv_eV,79,1.0000001192092896,0.0,0.6362999369244833,0.6362999369244833,,,,1.0
6,acetone_gsolv_eV,80,1.0000001192092896,0.0,0.6362999369244833,0.6362999369244833,,,,1.0
6,acetone_gsolv_eV,81,1.0000001192092896,0.0,0.6362999369244833,0.6362999369244833,,,,1.0
6,acetone_gsolv_eV,82,1.0000001192092896,0.0,0.6362999369244833,0.6362999369244833,,,,1.0
6,acetone_gsolv_eV,83,1.0000001192092896,0.0,0.6362999369244833,0.6362999369244833,,,,1.0
6,acetone_gsolv_eV,84,1.0000001192092896,0.0,0.6362999369244833,0.6362999369244833,,,,1.0
6,acetone_gsolv_eV,85,1.0000001192092896,0.0,0.6362999369244833,0.6362999369244833,,,,1.0
6,acetone_gsolv_eV,86,1.0000001192092896,0.0,0.6362999369244833,0.6362999369244833,,,,1.0
6,acetone_gsolv_eV,87,1.0000001192092896,0.0,0.6362999369244833,0.6362999369244833,,,,1.0
6,acetone_gsolv_eV,88,1.0000001192092896,0.0,0.6362999369244833,0.6362999369244833,,,,1.0
6,acetone_gsolv_eV,89,1.0000001192092896,0.0,0.6362999369244833,0.6362999369244833,,,,1.0
6,acetone_gsolv_eV,90,1.0000001192092896,0.0,0.6362999369244833,0.6362999369244833,,,,1.0
6,acetone_gsolv_eV,91,1.0000001192092896,0.0,0.6362999369244833,0.6362999369244833,,,,1.0
6,acetone_gsolv_eV,92,1.0000001192092896,0.0,0.6362999369244833,0.6362999369244833,,,,1.0
6,acetone_gsolv_eV,93,1.0000001192092896,0.0,0.6362999369244833,0.6362999369244833,,,,1.0
6,acetone_gsolv_eV,94,1.0000001192092896,0.0,0.6362999369244833,0.6362999369244833,,,,1.0
6,acetone_gsolv_eV,95,1.0000001192092896,0.0,0.6362999369244833,0.6362999369244833,,,,1.0
6,acetone_gsolv_eV,96,1.0000001192092896,0.0,0.6362999369244833,0.6362999369244833,,,,1.0
6,acetone_gsolv_eV,97,1.0000001192092896,0.0,0.6362999369244833,0.6362999369244833,,,,1.0
6,acetone_gsolv_eV,98,1.0000001192092896,0.0,0.6362999369244833,0.6362999369244833,,,,1.0
6,acetone_gsolv_eV,99,1.0000001192092896,0.0,0.6362999369244833,0.6362999369244833,,,,1.0
6,acetone_gsolv_eV,100,1.0000001192092896,0.0,0.6362999369244833,0.6362999369244833,,,,1.0
6,acetone_gsolv_eV,101,1.0000001192092896,0.0,0.6362999369244833,0.6362999369244833,,,,1.0
6,acetone_gsolv_eV,102,1.0000001192092896,0.0,0.6362999369244833,0.6362999369244833,,,,1.0
6,acetone_gsolv_eV,103,1.0000001192092896,0.0,0.6362999369244833,0.6362999369244833,,,,1.0
6,acetone_gsolv_eV,104,1.0000001192092896,0.0,0.6362999369244833,0.6362999369244833,,,,1.0
6,acetone_gsolv_eV,105,1.0000001192092896,0.0,0.6362999369244833,0.6362999369244833,,,,1.0
6,acetone_gsolv_eV,106,1.0000001192092896,0.0,0.6362999369244833,0.6362999369244833,,,,1.0
6,acetone_gsolv_eV,107,1.0000001192092896,0.0,0.6362999369244833,0.6362999369244833,,,,1.0
6,acetone_gsolv_eV,108,1.0000001192092896,0.0,0.6362999369244833,0.6362999369244833,,,,1.0
6,acetone_gsolv_eV,109,1.0000001192092896,0.0,0.6362999369244833,0.6362999369244833,,,,1.0
6,acetone_gsolv_eV,110,1.0000001192092896,0.0,0.6362999369244833,0.6362999369244833,,,,1.0
6,acetone_gsolv_eV,111,1.0000001192092896,0.0,0.6362999369244833,0.6362999369244833,,,,1.0
6,acetone_gsolv_eV,112,1.0000001192092896,0.0,0.6362999369244833,0.6362999369244833,,,,1.0
6,acetone_gsolv_eV,113,1.0000001192092896,0.0,0.6362999369244833,0.6362999369244833,,,,1.0
6,acetone_gsolv_eV,114,1.0000001192092896,0.0,0.6362999369244833,0.6362999369244833,,,,1.0
6,acetone_gsolv_eV,115,1.0000001192092896,0.0,0.6362999369244833,0.6362999369244833,,,,1.0
6,acetone_gsolv_eV,116,1.0000001192092896,0.0,0.6362999369244833,0.6362999369244833,,,,1.0
6,acetone_gsolv_eV,117,1.0000001192092896,0.0,0.6362999369244833,0.6362999369244833,,,,1.0
6,acetone_gsolv_eV,118,1.0000001192092896,0.0,0.6362999369244833,0.6362999369244833,,,,1.0
6,acetone_gsolv_eV,119,1.0000001192092896,0.0,0.6362999369244833,0.6362999369244833,,,,1.0
6,acetone_gsolv_eV,120,1.0000001192092896,0.0,0.6362999369244833,0.6362999369244833,,,,1.0
6,acetone_gsolv_eV,121,1.0000001192092896,0.0,0.6362999369244833,0.6362999369244833,,,,1.0
6,acetone_gsolv_eV,122,1.0000001192092896,0.0,0.6362999369244833,0.6362999369244833,,,,1.0
6,acetone_gsolv_eV,123,1.0000001192092896,0.0,0.6362999369244833,0.6362999369244833,,,,1.0
6,acetone_gsolv_eV,124,1.0000001192092896,0.0,0.6362999369244833,0.6362999369244833,,,,1.0
6,acetone_gsolv_eV,125,1.0000001192092896,0.0,0.6362999369244833,0.6362999369244833,,,,1.0
6,acetone_gsolv_eV,126,1.0000001192092896,0.0,0.6362999369244833,0.6362999369244833,,,,1.0
6,acetone_gsolv_eV,127,1.0000001192092896,0.0,0.6362999369244833,0.6362999369244833,,,,1.0
6,acetone_gsolv_eV,128,1.0000001192092896,0.0,0.6362999369244833,0.6362999369244833,,,,1.0
6,acetone_gsolv_eV,129,1.0000001192092896,0.0,0.6362999369244833,0.6362999369244833,,,,1.0
6,acetone_gsolv_eV,130,1.0000001192092896,0.0,0.6362999369244833,0.6362999369244833,,,,1.0
6,acetone_gsolv_eV,131,1.0000001192092896,0.0,0.6362999369244833,0.6362999369244833,,,,1.0
6,acetone_gsolv_eV,132,1.0000001192092896,0.0,0.6362999369244833,0.6362999369244833,,,,1.0
6,acetone_gsolv_eV,133,1.0000001192092896,0.0,0.6362999369244833,0.6362999369244833,,,,1.0
6,acetone_gsolv_eV,134,1.0000001192092896,0.0,0.6362999369244833,0.6362999369244833,,,,1.0
6,acetone_gsolv_eV,135,1.0000001192092896,0.0,0.6362999369244833,0.6362999369244833,,,,1.0
6,acetone_gsolv_eV,136,1.0000001192092896,0.0,0.6362999369244833,0.6362999369244833,,,,1.0
6,acetone_gsolv_eV,137,1.0000001192092896,0.0,0.6362999369244833,0.6362999369244833,,,,1.0
6,acetone_gsolv_eV,138,1.0000001192092896,0.0,0.6362999369244833,0.6362999369244833,,,,1.0
6,acetone_gsolv_eV,139,1.0000001192092896,0.0,0.6362999369244833,0.6362999369244833,,,,1.0
6,acetone_gsolv_eV,140,1.0000001192092896,0.0,0.6362999369244833,0.6362999369244833,,,,1.0
6,acetone_gsolv_eV,141,1.0000001192092896,0.0,0.6362999369244833,0.6362999369244833,,,,1.0
6,acetone_gsolv_eV,142,1.0000001192092896,0.0,0.6362999369244833,0.6362999369244833,,,,1.0
6,acetone_gsolv_eV,143,1.0000001192092896,0.0,0.6362999369244833,0.6362999369244833,,,,1.0
6,acetone_gsolv_eV,144,1.0000001192092896,0.0,0.6362999369244833,0.6362999369244833,,,,1.0
6,acetone_gsolv_eV,145,1.0000001192092896,0.0,0.6362999369244833,0.6362999369244833,,,,1.0
6,acetone_gsolv_eV,146,1.0000001192092896,0.0,0.6362999369244833,0.6362999369244833,,,,1.0
6,acetone_gsolv_eV,147,1.0000001192092896,0.0,0.6362999369244833,0.6362999369244833,,,,1.0
6,acetone_gsolv_eV,148,1.0000001192092896,0.0,0.6362999369244833,0.6362999369244833,,,,1.0
6,acetone_gsolv_eV,149,1.0000001192092896,0.0,0.6362999369244833,0.6362999369244833,,,,1.0
6,acetone_gsolv_eV,150,1.0000001192092896,0.0,0.6362999369244833,0.6362999369244833,,,,1.0
6,acetone_gsolv_eV,151,1.0000001192092896,0.0,0.6362999369244833,0.6362999369244833,,,,1.0
6,acetone_gsolv_eV,152,1.0000001192092896,0.0,0.6362999369244833,0.6362999369244833,,,,1.0
6,acetone_gsolv_eV,153,1.0000001192092896,0.0,0.6362999369244833,0.6362999369244833,,,,1.0
6,acetone_gsolv_eV,154,1.0000001192092896,0.0,0.6362999369244833,0.6362999369244833,,,,1.0
6,acetone_gsolv_eV,155,1.0000001192092896,0.0,0.6362999369244833,0.6362999369244833,,,,1.0
6,acetone_gsolv_eV,156,1.0000001192092896,0.0,0.6362999369244833,0.6362999369244833,,,,1.0
6,acetone_gsolv_eV,157,1.0000001192092896,0.0,0.6362999369244833,0.6362999369244833,,,,1.0
6,acetone_gsolv_eV,158,1.0000001192092896,0.0,0.6362999369244833,0.6362999369244833,,,,1.0
6,acetone_gsolv_eV,159,1.0000001192092896,0.0,0.6362999369244833,0.6362999369244833,,,,1.0
6,acetone_gsolv_eV,160,1.0000001192092896,0.0,0.6362999369244833,0.6362999369244833,,,,1.0
6,acetone_gsolv_eV,161,1.0000001192092896,0.0,0.6362999369244833,0.6362999369244833,,,,1.0
6,acetone_gsolv_eV,162,1.0000001192092896,0.0,0.6362999369244833,0.6362999369244833,,,,1.0
6,acetone_gsolv_eV,163,1.0000001192092896,0.0,0.6362999369244833,0.6362999369244833,,,,1.0
6,acetone_gsolv_eV,164,1.0000001192092896,0.0,0.6362999369244833,0.6362999369244833,,,,1.0
6,acetone_gsolv_eV,165,1.0000001192092896,0.0,0.6362999369244833,0.6362999369244833,,,,1.0
6,acetone_gsolv_eV,166,1.0000001192092896,0.0,0.6362999369244833,0.6362999369244833,,,,1.0
6,acetone_gsolv_eV,167,1.0000001192092896,0.0,0.6362999369244833,0.6362999369244833,,,,1.0
6,acetone_gsolv_eV,168,1.0000001192092896,0.0,0.6362999369244833,0.6362999369244833,,,,1.0
6,acetone_gsolv_eV,169,1.0000001192092896,0.0,0.6362999369244833,0.6362999369244833,,,,1.0
6,acetone_gsolv_eV,170,1.0000001192092896,0.0,0.6362999369244833,0.6362999369244833,,,,1.0
6,acetone_gsolv_eV,171,1.0000001192092896,0.0,0.6362999369244833,0.6362999369244833,,,,1.0
6,acetone_gsolv_eV,172,1.0000001192092896,0.0,0.6362999369244833,0.6362999369244833,,,,1.0
6,acetone_gsolv_eV,173,1.0000001192092896,0.0,0.6362999369244833,0.6362999369244833,,,,1.0
6,acetone_gsolv_eV,174,1.0000001192092896,0.0,0.6362999369244833,0.6362999369244833,,,,1.0
6,acetone_gsolv_eV,175,1.0000001192092896,0.0,0.6362999369244833,0.6362999369244833,,,,1.0
6,acetone_gsolv_eV,176,1.0000001192092896,0.0,0.6362999369244833,0.6362999369244833,,,,1.0
6,acetone_gsolv_eV,177,1.0000001192092896,0.0,0.6362999369244833,0.6362999369244833,,,,1.0
6,acetone_gsolv_eV,178,1.0000001192092896,0.0,0.6362999369244833,0.6362999369244833,,,,1.0
6,acetone_gsolv_eV,179,1.0000001192092896,0.0,0.6362999369244833,0.6362999369244833,,,,1.0
6,acetone_gsolv_eV,180,1.0000001192092896,0.0,0.6362999369244833,0.6362999369244833,,,,1.0
6,acetone_gsolv_eV,181,1.0000001192092896,0.0,0.6362999369244833,0.6362999369244833,,,,1.0
6,acetone_gsolv_eV,182,1.0000001192092896,0.0,0.6362999369244833,0.6362999369244833,,,,1.0
6,acetone_gsolv_eV,183,1.0000001192092896,0.0,0.6362999369244833,0.6362999369244833,,,,1.0
6,acetone_gsolv_eV,184,1.0000001192092896,0.0,0.6362999369244833,0.6362999369244833,,,,1.0
6,acetone_gsolv_eV,185,1.0000001192092896,0.0,0.6362999369244833,0.6362999369244833,,,,1.0
6,acetone_gsolv_eV,186,1.0000001192092896,0.0,0.6362999369244833,0.6362999369244833,,,,1.0
6,acetone_gsolv_eV,187,1.0000001192092896,0.0,0.6362999369244833,0.6362999369244833,,,,1.0
6,acetone_gsolv_eV,188,1.0000001192092896,0.0,0.6362999369244833,0.6362999369244833,,,,1.0
6,acetone_gsolv_eV,189,1.0000001192092896,0.0,0.6362999369244833,0.6362999369244833,,,,1.0
6,acetone_gsolv_eV,190,1.0000001192092896,0.0,0.6362999369244833,0.6362999369244833,,,,1.0
6,acetone_gsolv_eV,191,1.0000001192092896,0.0,0.6362999369244833,0.6362999369244833,,,,1.0
6,acetone_gsolv_eV,192,1.0000001192092896,0.0,0.6362999369244833,0.6362999369244833,,,,1.0
6,acetone_gsolv_eV,193,1.0000001192092896,0.0,0.6362999369244833,0.6362999369244833,,,,1.0
6,acetone_gsolv_eV,194,1.0000001192092896,0.0,0.6362999369244833,0.6362999369244833,,,,1.0
6,acetone_gsolv_eV,195,1.0000001192092896,0.0,0.6362999369244833,0.6362999369244833,,,,1.0
6,acetone_gsolv_eV,196,1.0000001192092896,0.0,0.6362999369244833,0.6362999369244833,,,,1.0
6,acetone_gsolv_eV,197,1.0000001192092896,0.0,0.6362999369244833,0.6362999369244833,,,,1.0
6,acetone_gsolv_eV,198,1.0000001192092896,0.0,0.6362999369244833,0.6362999369244833,,,,1.0
6,acetone_gsolv_eV,199,1.0000001192092896,0.0,0.6362999369244833,0.6362999369244833,,,,1.0
6,acetone_gsolv_eV,200,1.0000001192092896,0.0,0.6362999369244833,0.6362999369244833,,,,1.0
6,acetone_gsolv_eV,201,1.0000001192092896,0.0,0.6362999369244833,0.6362999369244833,,,,1.0
6,acetone_gsolv_eV,202,1.0000001192092896,0.0,0.6362999369244833,0.6362999369244833,,,,1.0
6,acetone_gsolv_eV,203,1.0000001192092896,0.0,0.6362999369244833,0.6362999369244833,,,,1.0
6,acetone_gsolv_eV,204,1.0000001192092896,0.0,0.6362999369244833,0.6362999369244833,,,,1.0
6,acetone_gsolv_eV,205,1.0000001192092896,0.0,0.6362999369244833,0.6362999369244833,,,,1.0
6,acetone_gsolv_eV,206,1.0000001192092896,0.0,0.6362999369244833,0.6362999369244833,,,,1.0
6,acetone_gsolv_eV,207,1.0000001192092896,0.0,0.6362999369244833,0.6362999369244833,,,,1.0
6,acetone_gsolv_eV,208,1.0000001192092896,0.0,0.6362999369244833,0.6362999369244833,,,,1.0
6,acetone_gsolv_eV,209,1.0000001192092896,0.0,0.6362999369244833,0.6362999369244833,,,,1.0
6,acetone_gsolv_eV,210,1.0000001192092896,0.0,0.6362999369244833,0.6362999369244833,,,,1.0
6,acetone_gsolv_eV,211,1.0000001192092896,0.0,0.6362999369244833,0.6362999369244833,,,,1.0
6,acetone_gsolv_eV,212,1.0000001192092896,0.0,0.6362999369244833,0.6362999369244833,,,,1.0
6,acetone_gsolv_eV,213,1.0000001192092896,0.0,0.6362999369244833,0.6362999369244833,,,,1.0
6,acetone_gsolv_eV,214,1.0000001192092896,0.0,0.6362999369244833,0.6362999369244833,,,,1.0
6,acetone_gsolv_eV,215,1.0000001192092896,0.0,0.6362999369244833,0.6362999369244833,,,,1.0
6,acetone_gsolv_eV,216,1.0000001192092896,0.0,0.6362999369244833,0.6362999369244833,,,,1.0
6,acetone_gsolv_eV,217,1.0000001192092896,0.0,0.6362999369244833,0.6362999369244833,,,,1.0
6,acetone_gsolv_eV,218,1.0000001192092896,0.0,0.6362999369244833,0.6362999369244833,,,,1.0
6,acetone_gsolv_eV,219,1.0000001192092896,0.0,0.6362999369244833,0.6362999369244833,,,,1.0
6,acetone_gsolv_eV,220,1.0000001192092896,0.0,0.6362999369244833,0.6362999369244833,,,,1.0
6,acetone_gsolv_eV,221,1.0000001192092896,0.0,0.6362999369244833,0.6362999369244833,,,,1.0
6,acetone_gsolv_eV,222,1.0000001192092896,0.0,0.6362999369244833,0.6362999369244833,,,,1.0
6,acetone_gsolv_eV,223,1.0000001192092896,0.0,0.6362999369244833,0.6362999369244833,,,,1.0
6,acetone_gsolv_eV,224,1.0000001192092896,0.0,0.6362999369244833,0.6362999369244833,,,,1.0
6,acetone_gsolv_eV,225,1.0000001192092896,0.0,0.6362999369244833,0.6362999369244833,,,,1.0
6,acetone_gsolv_eV,226,1.0000001192092896,0.0,0.6362999369244833,0.6362999369244833,,,,1.0
6,acetone_gsolv_eV,227,1.0000001192092896,0.0,0.6362999369244833,0.6362999369244833,,,,1.0
6,acetone_gsolv_eV,228,1.0000001192092896,0.0,0.6362999369244833,0.6362999369244833,,,,1.0
6,acetone_gsolv_eV,229,1.0000001192092896,0.0,0.6362999369244833,0.6362999369244833,,,,1.0
6,acetone_gsolv_eV,230,1.0000001192092896,0.0,0.6362999369244833,0.6362999369244833,,,,1.0
6,acetone_gsolv_eV,231,1.0000001192092896,0.0,0.6362999369244833,0.6362999369244833,,,,1.0
6,acetone_gsolv_eV,232,1.0000001192092896,0.0,0.6362999369244833,0.6362999369244833,,,,1.0
6,acetone_gsolv_eV,233,1.0000001192092896,0.0,0.6362999369244833,0.6362999369244833,,,,1.0
6,acetone_gsolv_eV,234,1.0000001192092896,0.0,0.6362999369244833,0.6362999369244833,,,,1.0
6,acetone_gsolv_eV,235,1.0000001192092896,0.0,0.6362999369244833,0.6362999369244833,,,,1.0
6,acetone_gsolv_eV,236,1.0000001192092896,0.0,0.6362999369244833,0.6362999369244833,,,,1.0
6,acetone_gsolv_eV,237,1.0000001192092896,0.0,0.6362999369244833,0.6362999369244833,,,,1.0
6,acetone_gsolv_eV,238,1.0000001192092896,0.0,0.6362999369244833,0.6362999369244833,,,,1.0
6,acetone_gsolv_eV,239,1.0000001192092896,0.0,0.6362999369244833,0.6362999369244833,,,,1.0
6,acetone_gsolv_eV,240,1.0000001192092896,0.0,0.6362999369244833,0.6362999369244833,,,,1.0
6,acetone_gsolv_eV,241,1.0000001192092896,0.0,0.6362999369244833,0.6362999369244833,,,,1.0
6,acetone_gsolv_eV,242,1.0000001192092896,0.0,0.6362999369244833,0.6362999369244833,,,,1.0
6,acetone_gsolv_eV,243,1.0000001192092896,0.0,0.6362999369244833,0.6362999369244833,,,,1.0
6,acetone_gsolv_eV,244,1.0000001192092896,0.0,0.6362999369244833,0.6362999369244833,,,,1.0
6,acetone_gsolv_eV,245,1.0000001192092896,0.0,0.6362999369244833,0.6362999369244833,,,,1.0
6,acetone_gsolv_eV,246,1.0000001192092896,0.0,0.6362999369244833,0.6362999369244833,,,,1.0
6,acetone_gsolv_eV,247,1.0000001192092896,0.0,0.6362999369244833,0.6362999369244833,,,,1.0
6,acetone_gsolv_eV,248,1.0000001192092896,0.0,0.6362999369244833,0.6362999369244833,,,,1.0
6,acetone_gsolv_eV,249,1.0000001192092896,0.0,0.6362999369244833,0.6362999369244833,,,,1.0
6,acetone_hl_gap_eV,0,0.9999999403953552,0.0,0.6982651669467157,0.6982651669467157,,,,1.0
6,acetone_hl_gap_eV,1,0.9999999403953552,0.0,0.6982651669467157,0.6982651669467157,,,,1.0
6,acetone_hl_gap_eV,2,0.9999999403953552,0.0,0.6982651669467157,0.6982651669467157,,,,1.0
6,acetone_hl_gap_eV,3,0.9999999403953552,0.0,0.6982651669467157,0.6982651669467157,,,,1.0
6,acetone_hl_gap_eV,4,0.9999999403953552,0.0,0.6982651669467157,0.6982651669467157,,,,1.0
6,acetone_hl_gap_eV,5,0.9999999403953552,0.0,0.6982651669467157,0.6982651669467157,,,,1.0
6,acetone_hl_gap_eV,6,0.9999999403953552,0.0,0.6982651669467157,0.6982651669467157,,,,1.0
6,acetone_hl_gap_eV,7,0.9999999403953552,0.0,0.6982651669467157,0.6982651669467157,,,,1.0
6,acetone_hl_gap_eV,8,0.9999999403953552,0.0,0.6982651669467157,0.6982651669467157,,,,1.0
6,acetone_hl_gap_eV,9,0.9999999403953552,0.0,0.6982651669467157,0.6982651669467157,,,,1.0
6,acetone_hl_gap_eV,10,0.9999999403953552,0.0,0.6982651669467157,0.6982651669467157,,,,1.0
6,acetone_hl_gap_eV,11,0.9999999403953552,0.0,0.6982651669467157,0.6982651669467157,,,,1.0
6,acetone_hl_gap_eV,12,0.9999999403953552,0.0,0.6982651669467157,0.6982651669467157,,,,1.0
6,acetone_hl_gap_eV,13,0.9999999403953552,0.0,0.6982651669467157,0.6982651669467157,,,,1.0
6,acetone_hl_gap_eV,14,0.9999999403953552,0.0,0.6982651669467157,0.6982651669467157,,,,1.0
6,acetone_hl_gap_eV,15,0.9999999403953552,0.0,0.6982651669467157,0.6982651669467157,,,,1.0
6,acetone_hl_gap_eV,16,0.9999999403953552,0.0,0.6982651669467157,0.6982651669467157,,,,1.0
6,acetone_hl_gap_eV,17,0.9999999403953552,0.0,0.6982651669467157,0.6982651669467157,,,,1.0
6,acetone_hl_gap_eV,18,0.9999999403953552,0.0,0.6982651669467157,0.6982651669467157,,,,1.0
6,acetone_hl_gap_eV,19,0.9999999403953552,0.0,0.6982651669467157,0.6982651669467157,,,,1.0
6,acetone_hl_gap_eV,20,0.9999999403953552,0.0,0.6982651669467157,0.6982651669467157,,,,1.0
6,acetone_hl_gap_eV,21,0.9999999403953552,0.0,0.6982651669467157,0.6982651669467157,,,,1.0
6,acetone_hl_gap_eV,22,0.9999999403953552,0.0,0.6982651669467157,0.6982651669467157,,,,1.0
6,acetone_hl_gap_eV,23,0.9999999403953552,0.0,0.6982651669467157,0.6982651669467157,,,,1.0
6,acetone_hl_gap_eV,24,0.9999999403953552,0.0,0.6982651669467157,0.6982651669467157,,,,1.0
6,acetone_hl_gap_eV,25,0.9999999403953552,0.0,0.6982651669467157,0.6982651669467157,,,,1.0
6,acetone_hl_gap_eV,26,0.9999999403953552,0.0,0.6982651669467157,0.6982651669467157,,,,1.0
6,acetone_hl_gap_eV,27,0.9999999403953552,0.0,0.6982651669467157,0.6982651669467157,,,,1.0
6,acetone_hl_gap_eV,28,0.9999999403953552,0.0,0.6982651669467157,0.6982651669467157,,,,1.0
6,acetone_hl_gap_eV,29,0.9999999403953552,0.0,0.6982651669467157,0.6982651669467157,,,,1.0
6,acetone_hl_gap_eV,30,0.9999999403953552,0.0,0.6982651669467157,0.6982651669467157,,,,1.0
6,acetone_hl_gap_eV,31,0.9999999403953552,0.0,0.6982651669467157,0.6982651669467157,,,,1.0
6,acetone_hl_gap_eV,32,0.9999999403953552,0.0,0.6982651669467157,0.6982651669467157,,,,1.0
6,acetone_hl_gap_eV,33,0.9999999403953552,0.0,0.6982651669467157,0.6982651669467157,,,,1.0
6,acetone_hl_gap_eV,34,0.9999999403953552,0.0,0.6982651669467157,0.6982651669467157,,,,1.0
6,acetone_hl_gap_eV,35,0.9999999403953552,0.0,0.6982651669467157,0.6982651669467157,,,,1.0
6,acetone_hl_gap_eV,36,0.9999999403953552,0.0,0.6982651669467157,0.6982651669467157,,,,1.0
6,acetone_hl_gap_eV,37,0.9999999403953552,0.0,0.6982651669467157,0.6982651669467157,,,,1.0
6,acetone_hl_gap_eV,38,0.9999999403953552,0.0,0.6982651669467157,0.6982651669467157,,,,1.0
6,acetone_hl_gap_eV,39,0.9999999403953552,0.0,0.6982651669467157,0.6982651669467157,,,,1.0
6,acetone_hl_gap_eV,40,0.9999999403953552,0.0,0.6982651669467157,0.6982651669467157,,,,1.0
6,acetone_hl_gap_eV,41,0.9999999403953552,0.0,0.6982651669467157,0.6982651669467157,,,,1.0
6,acetone_hl_gap_eV,42,0.9999999403953552,0.0,0.6982651669467157,0.6982651669467157,,,,1.0
6,acetone_hl_gap_eV,43,0.9999999403953552,0.0,0.6982651669467157,0.6982651669467157,,,,1.0
6,acetone_hl_gap_eV,44,0.9999999403953552,0.0,0.6982651669467157,0.6982651669467157,,,,1.0
6,acetone_hl_gap_eV,45,0.9999999403953552,0.0,0.6982651669467157,0.6982651669467157,,,,1.0
6,acetone_hl_gap_eV,46,0.9999999403953552,0.0,0.6982651669467157,0.6982651669467157,,,,1.0
6,acetone_hl_gap_eV,47,0.9999999403953552,0.0,0.6982651669467157,0.6982651669467157,,,,1.0
6,acetone_hl_gap_eV,48,0.9999999403953552,0.0,0.6982651669467157,0.6982651669467157,,,,1.0
6,acetone_hl_gap_eV,49,0.9999999403953552,0.0,0.6982651669467157,0.6982651669467157,,,,1.0
6,acetone_hl_gap_eV,50,0.9999999403953552,0.0,0.6982651669467157,0.6982651669467157,,,,1.0
6,acetone_hl_gap_eV,51,0.9999999403953552,0.0,0.6982651669467157,0.6982651669467157,,,,1.0
6,acetone_hl_gap_eV,52,0.9999999403953552,0.0,0.6982651669467157,0.6982651669467157,,,,1.0
6,acetone_hl_gap_eV,53,0.9999999403953552,0.0,0.6982651669467157,0.6982651669467157,,,,1.0
6,acetone_hl_gap_eV,54,0.9999999403953552,0.0,0.6982651669467157,0.6982651669467157,,,,1.0
6,acetone_hl_gap_eV,55,0.9999999403953552,0.0,0.6982651669467157,0.6982651669467157,,,,1.0
6,acetone_hl_gap_eV,56,0.9999999403953552,0.0,0.6982651669467157,0.6982651669467157,,,,1.0
6,acetone_hl_gap_eV,57,0.9999999403953552,0.0,0.6982651669467157,0.6982651669467157,,,,1.0
6,acetone_hl_gap_eV,58,0.9999999403953552,0.0,0.6982651669467157,0.6982651669467157,,,,1.0
6,acetone_hl_gap_eV,59,0.9999999403953552,0.0,0.6982651669467157,0.6982651669467157,,,,1.0
6,acetone_hl_gap_eV,60,0.9999999403953552,0.0,0.6982651669467157,0.6982651669467157,,,,1.0
6,acetone_hl_gap_eV,61,0.9999999403953552,0.0,0.6982651669467157,0.6982651669467157,,,,1.0
6,acetone_hl_gap_eV,62,0.9999999403953552,0.0,0.6982651669467157,0.6982651669467157,,,,1.0
6,acetone_hl_gap_eV,63,0.9999999403953552,0.0,0.6982651669467157,0.6982651669467157,,,,1.0
6,acetone_hl_gap_eV,64,0.9999999403953552,0.0,0.6982651669467157,0.6982651669467157,,,,1.0
6,acetone_hl_gap_eV,65,0.9999999403953552,0.0,0.6982651669467157,0.6982651669467157,,,,1.0
6,acetone_hl_gap_eV,66,0.9999999403953552,0.0,0.6982651669467157,0.6982651669467157,,,,1.0
6,acetone_hl_gap_eV,67,0.9999999403953552,0.0,0.6982651669467157,0.6982651669467157,,,,1.0
6,acetone_hl_gap_eV,68,0.9999999403953552,0.0,0.6982651669467157,0.6982651669467157,,,,1.0
6,acetone_hl_gap_eV,69,0.9999999403953552,0.0,0.6982651669467157,0.6982651669467157,,,,1.0
6,acetone_hl_gap_eV,70,0.9999999403953552,0.0,0.6982651669467157,0.6982651669467157,,,,1.0
6,acetone_hl_gap_eV,71,0.9999999403953552,0.0,0.6982651669467157,0.6982651669467157,,,,1.0
6,acetone_hl_gap_eV,72,0.9999999403953552,0.0,0.6982651669467157,0.6982651669467157,,,,1.0
6,acetone_hl_gap_eV,73,0.9999999403953552,0.0,0.6982651669467157,0.6982651669467157,,,,1.0
6,acetone_hl_gap_eV,74,0.9999999403953552,0.0,0.6982651669467157,0.6982651669467157,,,,1.0
6,acetone_hl_gap_eV,75,0.9999999403953552,0.0,0.6982651669467157,0.6982651669467157,,,,1.0
6,acetone_hl_gap_eV,76,0.9999999403953552,0.0,0.6982651669467157,0.6982651669467157,,,,1.0
6,acetone_hl_gap_eV,77,0.9999999403953552,0.0,0.6982651669467157,0.6982651669467157,,,,1.0
6,acetone_hl_gap_eV,78,0.9999999403953552,0.0,0.6982651669467157,0.6982651669467157,,,,1.0
6,acetone_hl_gap_eV,79,0.9999999403953552,0.0,0.6982651669467157,0.6982651669467157,,,,1.0
6,acetone_hl_gap_eV,80,0.9999999403953552,0.0,0.6982651669467157,0.6982651669467157,,,,1.0
6,acetone_hl_gap_eV,81,0.9999999403953552,0.0,0.6982651669467157,0.6982651669467157,,,,1.0
6,acetone_hl_gap_eV,82,0.9999999403953552,0.0,0.6982651669467157,0.6982651669467157,,,,1.0
6,acetone_hl_gap_eV,83,0.9999999403953552,0.0,0.6982651669467157,0.6982651669467157,,,,1.0
6,acetone_hl_gap_eV,84,0.9999999403953552,0.0,0.6982651669467157,0.6982651669467157,,,,1.0
6,acetone_hl_gap_eV,85,0.9999999403953552,0.0,0.6982651669467157,0.6982651669467157,,,,1.0
6,acetone_hl_gap_eV,86,0.9999999403953552,0.0,0.6982651669467157,0.6982651669467157,,,,1.0
6,acetone_hl_gap_eV,87,0.9999999403953552,0.0,0.6982651669467157,0.6982651669467157,,,,1.0
6,acetone_hl_gap_eV,88,0.9999999403953552,0.0,0.6982651669467157,0.6982651669467157,,,,1.0
6,acetone_hl_gap_eV,89,0.9999999403953552,0.0,0.6982651669467157,0.6982651669467157,,,,1.0
6,acetone_hl_gap_eV,90,0.9999999403953552,0.0,0.6982651669467157,0.6982651669467157,,,,1.0
6,acetone_hl_gap_eV,91,0.9999999403953552,0.0,0.6982651669467157,0.6982651669467157,,,,1.0
6,acetone_hl_gap_eV,92,0.9999999403953552,0.0,0.6982651669467157,0.6982651669467157,,,,1.0
6,acetone_hl_gap_eV,93,0.9999999403953552,0.0,0.6982651669467157,0.6982651669467157,,,,1.0
6,acetone_hl_gap_eV,94,0.9999999403953552,0.0,0.6982651669467157,0.6982651669467157,,,,1.0
6,acetone_hl_gap_eV,95,0.9999999403953552,0.0,0.6982651669467157,0.6982651669467157,,,,1.0
6,acetone_hl_gap_eV,96,0.9999999403953552,0.0,0.6982651669467157,0.6982651669467157,,,,1.0
6,acetone_hl_gap_eV,97,0.9999999403953552,0.0,0.6982651669467157,0.6982651669467157,,,,1.0
6,acetone_hl_gap_eV,98,0.9999999403953552,0.0,0.6982651669467157,0.6982651669467157,,,,1.0
6,acetone_hl_gap_eV,99,0.9999999403953552,0.0,0.6982651669467157,0.6982651669467157,,,,1.0
6,acetone_hl_gap_eV,100,0.9999999403953552,0.0,0.6982651669467157,0.6982651669467157,,,,1.0
6,acetone_hl_gap_eV,101,0.9999999403953552,0.0,0.6982651669467157,0.6982651669467157,,,,1.0
6,acetone_hl_gap_eV,102,0.9999999403953552,0.0,0.6982651669467157,0.6982651669467157,,,,1.0
6,acetone_hl_gap_eV,103,0.9999999403953552,0.0,0.6982651669467157,0.6982651669467157,,,,1.0
6,acetone_hl_gap_eV,104,0.9999999403953552,0.0,0.6982651669467157,0.6982651669467157,,,,1.0
6,acetone_hl_gap_eV,105,0.9999999403953552,0.0,0.6982651669467157,0.6982651669467157,,,,1.0
6,acetone_hl_gap_eV,106,0.9999999403953552,0.0,0.6982651669467157,0.6982651669467157,,,,1.0
6,acetone_hl_gap_eV,107,0.9999999403953552,0.0,0.6982651669467157,0.6982651669467157,,,,1.0
6,acetone_hl_gap_eV,108,0.9999999403953552,0.0,0.6982651669467157,0.6982651669467157,,,,1.0
6,acetone_hl_gap_eV,109,0.9999999403953552,0.0,0.6982651669467157,0.6982651669467157,,,,1.0
6,acetone_hl_gap_eV,110,0.9999999403953552,0.0,0.6982651669467157,0.6982651669467157,,,,1.0
6,acetone_hl_gap_eV,111,0.9999999403953552,0.0,0.6982651669467157,0.6982651669467157,,,,1.0
6,acetone_hl_gap_eV,112,0.9999999403953552,0.0,0.6982651669467157,0.6982651669467157,,,,1.0
6,acetone_hl_gap_eV,113,0.9999999403953552,0.0,0.6982651669467157,0.6982651669467157,,,,1.0
6,acetone_hl_gap_eV,114,0.9999999403953552,0.0,0.6982651669467157,0.6982651669467157,,,,1.0
6,acetone_hl_gap_eV,115,0.9999999403953552,0.0,0.6982651669467157,0.6982651669467157,,,,1.0
6,acetone_hl_gap_eV,116,0.9999999403953552,0.0,0.6982651669467157,0.6982651669467157,,,,1.0
6,acetone_hl_gap_eV,117,0.9999999403953552,0.0,0.6982651669467157,0.6982651669467157,,,,1.0
6,acetone_hl_gap_eV,118,0.9999999403953552,0.0,0.6982651669467157,0.6982651669467157,,,,1.0
6,acetone_hl_gap_eV,119,0.9999999403953552,0.0,0.6982651669467157,0.6982651669467157,,,,1.0
6,acetone_hl_gap_eV,120,0.9999999403953552,0.0,0.6982651669467157,0.6982651669467157,,,,1.0
6,acetone_hl_gap_eV,121,0.9999999403953552,0.0,0.6982651669467157,0.6982651669467157,,,,1.0
6,acetone_hl_gap_eV,122,0.9999999403953552,0.0,0.6982651669467157,0.6982651669467157,,,,1.0
6,acetone_hl_gap_eV,123,0.9999999403953552,0.0,0.6982651669467157,0.6982651669467157,,,,1.0
6,acetone_hl_gap_eV,124,0.9999999403953552,0.0,0.6982651669467157,0.6982651669467157,,,,1.0
6,acetone_hl_gap_eV,125,0.9999999403953552,0.0,0.6982651669467157,0.6982651669467157,,,,1.0
6,acetone_hl_gap_eV,126,0.9999999403953552,0.0,0.6982651669467157,0.6982651669467157,,,,1.0
6,acetone_hl_gap_eV,127,0.9999999403953552,0.0,0.6982651669467157,0.6982651669467157,,,,1.0
6,acetone_hl_gap_eV,128,0.9999999403953552,0.0,0.6982651669467157,0.6982651669467157,,,,1.0
6,acetone_hl_gap_eV,129,0.9999999403953552,0.0,0.6982651669467157,0.6982651669467157,,,,1.0
6,acetone_hl_gap_eV,130,0.9999999403953552,0.0,0.6982651669467157,0.6982651669467157,,,,1.0
6,acetone_hl_gap_eV,131,0.9999999403953552,0.0,0.6982651669467157,0.6982651669467157,,,,1.0
6,acetone_hl_gap_eV,132,0.9999999403953552,0.0,0.6982651669467157,0.6982651669467157,,,,1.0
6,acetone_hl_gap_eV,133,0.9999999403953552,0.0,0.6982651669467157,0.6982651669467157,,,,1.0
6,acetone_hl_gap_eV,134,0.9999999403953552,0.0,0.6982651669467157,0.6982651669467157,,,,1.0
6,acetone_hl_gap_eV,135,0.9999999403953552,0.0,0.6982651669467157,0.6982651669467157,,,,1.0
6,acetone_hl_gap_eV,136,0.9999999403953552,0.0,0.6982651669467157,0.6982651669467157,,,,1.0
6,acetone_hl_gap_eV,137,0.9999999403953552,0.0,0.6982651669467157,0.6982651669467157,,,,1.0
6,acetone_hl_gap_eV,138,0.9999999403953552,0.0,0.6982651669467157,0.6982651669467157,,,,1.0
6,acetone_hl_gap_eV,139,0.9999999403953552,0.0,0.6982651669467157,0.6982651669467157,,,,1.0
6,acetone_hl_gap_eV,140,0.9999999403953552,0.0,0.6982651669467157,0.6982651669467157,,,,1.0
6,acetone_hl_gap_eV,141,0.9999999403953552,0.0,0.6982651669467157,0.6982651669467157,,,,1.0
6,acetone_hl_gap_eV,142,0.9999999403953552,0.0,0.6982651669467157,0.6982651669467157,,,,1.0
6,acetone_hl_gap_eV,143,0.9999999403953552,0.0,0.6982651669467157,0.6982651669467157,,,,1.0
6,acetone_hl_gap_eV,144,0.9999999403953552,0.0,0.6982651669467157,0.6982651669467157,,,,1.0
6,acetone_hl_gap_eV,145,0.9999999403953552,0.0,0.6982651669467157,0.6982651669467157,,,,1.0
6,acetone_hl_gap_eV,146,0.9999999403953552,0.0,0.6982651669467157,0.6982651669467157,,,,1.0
6,acetone_hl_gap_eV,147,0.9999999403953552,0.0,0.6982651669467157,0.6982651669467157,,,,1.0
6,acetone_hl_gap_eV,148,0.9999999403953552,0.0,0.6982651669467157,0.6982651669467157,,,,1.0
6,acetone_hl_gap_eV,149,0.9999999403953552,0.0,0.6982651669467157,0.6982651669467157,,,,1.0
6,acetone_hl_gap_eV,150,0.9999999403953552,0.0,0.6982651669467157,0.6982651669467157,,,,1.0
6,acetone_hl_gap_eV,151,0.9999999403953552,0.0,0.6982651669467157,0.6982651669467157,,,,1.0
6,acetone_hl_gap_eV,152,0.9999999403953552,0.0,0.6982651669467157,0.6982651669467157,,,,1.0
6,acetone_hl_gap_eV,153,0.9999999403953552,0.0,0.6982651669467157,0.6982651669467157,,,,1.0
6,acetone_hl_gap_eV,154,0.9999999403953552,0.0,0.6982651669467157,0.6982651669467157,,,,1.0
6,acetone_hl_gap_eV,155,0.9999999403953552,0.0,0.6982651669467157,0.6982651669467157,,,,1.0
6,acetone_hl_gap_eV,156,0.9999999403953552,0.0,0.6982651669467157,0.6982651669467157,,,,1.0
6,acetone_hl_gap_eV,157,0.9999999403953552,0.0,0.6982651669467157,0.6982651669467157,,,,1.0
6,acetone_hl_gap_eV,158,0.9999999403953552,0.0,0.6982651669467157,0.6982651669467157,,,,1.0
6,acetone_hl_gap_eV,159,0.9999999403953552,0.0,0.6982651669467157,0.6982651669467157,,,,1.0
6,acetone_hl_gap_eV,160,0.9999999403953552,0.0,0.6982651669467157,0.6982651669467157,,,,1.0
6,acetone_hl_gap_eV,161,0.9999999403953552,0.0,0.6982651669467157,0.6982651669467157,,,,1.0
6,acetone_hl_gap_eV,162,0.9999999403953552,0.0,0.6982651669467157,0.6982651669467157,,,,1.0
6,acetone_hl_gap_eV,163,0.9999999403953552,0.0,0.6982651669467157,0.6982651669467157,,,,1.0
6,acetone_hl_gap_eV,164,0.9999999403953552,0.0,0.6982651669467157,0.6982651669467157,,,,1.0
6,acetone_hl_gap_eV,165,0.9999999403953552,0.0,0.6982651669467157,0.6982651669467157,,,,1.0
6,acetone_hl_gap_eV,166,0.9999999403953552,0.0,0.6982651669467157,0.6982651669467157,,,,1.0
6,acetone_hl_gap_eV,167,0.9999999403953552,0.0,0.6982651669467157,0.6982651669467157,,,,1.0
6,acetone_hl_gap_eV,168,0.9999999403953552,0.0,0.6982651669467157,0.6982651669467157,,,,1.0
6,acetone_hl_gap_eV,169,0.9999999403953552,0.0,0.6982651669467157,0.6982651669467157,,,,1.0
6,acetone_hl_gap_eV,170,0.9999999403953552,0.0,0.6982651669467157,0.6982651669467157,,,,1.0
6,acetone_hl_gap_eV,171,0.9999999403953552,0.0,0.6982651669467157,0.6982651669467157,,,,1.0
6,acetone_hl_gap_eV,172,0.9999999403953552,0.0,0.6982651669467157,0.6982651669467157,,,,1.0
6,acetone_hl_gap_eV,173,0.9999999403953552,0.0,0.6982651669467157,0.6982651669467157,,,,1.0
6,acetone_hl_gap_eV,174,0.9999999403953552,0.0,0.6982651669467157,0.6982651669467157,,,,1.0
6,acetone_hl_gap_eV,175,0.9999999403953552,0.0,0.6982651669467157,0.6982651669467157,,,,1.0
6,acetone_hl_gap_eV,176,0.9999999403953552,0.0,0.6982651669467157,0.6982651669467157,,,,1.0
6,acetone_hl_gap_eV,177,0.9999999403953552,0.0,0.6982651669467157,0.6982651669467157,,,,1.0
6,acetone_hl_gap_eV,178,0.9999999403953552,0.0,0.6982651669467157,0.6982651669467157,,,,1.0
6,acetone_hl_gap_eV,179,0.9999999403953552,0.0,0.6982651669467157,0.6982651669467157,,,,1.0
6,acetone_hl_gap_eV,180,0.9999999403953552,0.0,0.6982651669467157,0.6982651669467157,,,,1.0
6,acetone_hl_gap_eV,181,0.9999999403953552,0.0,0.6982651669467157,0.6982651669467157,,,,1.0
6,acetone_hl_gap_eV,182,0.9999999403953552,0.0,0.6982651669467157,0.6982651669467157,,,,1.0
6,acetone_hl_gap_eV,183,0.9999999403953552,0.0,0.6982651669467157,0.6982651669467157,,,,1.0
6,acetone_hl_gap_eV,184,0.9999999403953552,0.0,0.6982651669467157,0.6982651669467157,,,,1.0
6,acetone_hl_gap_eV,185,0.9999999403953552,0.0,0.6982651669467157,0.6982651669467157,,,,1.0
6,acetone_hl_gap_eV,186,0.9999999403953552,0.0,0.6982651669467157,0.6982651669467157,,,,1.0
6,acetone_hl_gap_eV,187,0.9999999403953552,0.0,0.6982651669467157,0.6982651669467157,,,,1.0
6,acetone_hl_gap_eV,188,0.9999999403953552,0.0,0.6982651669467157,0.6982651669467157,,,,1.0
6,acetone_hl_gap_eV,189,0.9999999403953552,0.0,0.6982651669467157,0.6982651669467157,,,,1.0
6,acetone_hl_gap_eV,190,0.9999999403953552,0.0,0.6982651669467157,0.6982651669467157,,,,1.0
6,acetone_hl_gap_eV,191,0.9999999403953552,0.0,0.6982651669467157,0.6982651669467157,,,,1.0
6,acetone_hl_gap_eV,192,0.9999999403953552,0.0,0.6982651669467157,0.6982651669467157,,,,1.0
6,acetone_hl_gap_eV,193,0.9999999403953552,0.0,0.6982651669467157,0.6982651669467157,,,,1.0
6,acetone_hl_gap_eV,194,0.9999999403953552,0.0,0.6982651669467157,0.6982651669467157,,,,1.0
6,acetone_hl_gap_eV,195,0.9999999403953552,0.0,0.6982651669467157,0.6982651669467157,,,,1.0
6,acetone_hl_gap_eV,196,0.9999999403953552,0.0,0.6982651669467157,0.6982651669467157,,,,1.0
6,acetone_hl_gap_eV,197,0.9999999403953552,0.0,0.6982651669467157,0.6982651669467157,,,,1.0
6,acetone_hl_gap_eV,198,0.9999999403953552,0.0,0.6982651669467157,0.6982651669467157,,,,1.0
6,acetone_hl_gap_eV,199,0.9999999403953552,0.0,0.6982651669467157,0.6982651669467157,,,,1.0
6,acetone_hl_gap_eV,200,0.9999999403953552,0.0,0.6982651669467157,0.6982651669467157,,,,1.0
6,acetone_hl_gap_eV,201,0.9999999403953552,0.0,0.6982651669467157,0.6982651669467157,,,,1.0
6,acetone_hl_gap_eV,202,0.9999999403953552,0.0,0.6982651669467157,0.6982651669467157,,,,1.0
6,acetone_hl_gap_eV,203,0.9999999403953552,0.0,0.6982651669467157,0.6982651669467157,,,,1.0
6,acetone_hl_gap_eV,204,0.9999999403953552,0.0,0.6982651669467157,0.6982651669467157,,,,1.0
6,acetone_hl_gap_eV,205,0.9999999403953552,0.0,0.6982651669467157,0.6982651669467157,,,,1.0
6,acetone_hl_gap_eV,206,0.9999999403953552,0.0,0.6982651669467157,0.6982651669467157,,,,1.0
6,acetone_hl_gap_eV,207,0.9999999403953552,0.0,0.6982651669467157,0.6982651669467157,,,,1.0
6,acetone_hl_gap_eV,208,0.9999999403953552,0.0,0.6982651669467157,0.6982651669467157,,,,1.0
6,acetone_hl_gap_eV,209,0.9999999403953552,0.0,0.6982651669467157,0.6982651669467157,,,,1.0
6,acetone_hl_gap_eV,210,0.9999999403953552,0.0,0.6982651669467157,0.6982651669467157,,,,1.0
6,acetone_hl_gap_eV,211,0.9999999403953552,0.0,0.6982651669467157,0.6982651669467157,,,,1.0
6,acetone_hl_gap_eV,212,0.9999999403953552,0.0,0.6982651669467157,0.6982651669467157,,,,1.0
6,acetone_hl_gap_eV,213,0.9999999403953552,0.0,0.6982651669467157,0.6982651669467157,,,,1.0
6,acetone_hl_gap_eV,214,0.9999999403953552,0.0,0.6982651669467157,0.6982651669467157,,,,1.0
6,acetone_hl_gap_eV,215,0.9999999403953552,0.0,0.6982651669467157,0.6982651669467157,,,,1.0
6,acetone_hl_gap_eV,216,0.9999999403953552,0.0,0.6982651669467157,0.6982651669467157,,,,1.0
6,acetone_hl_gap_eV,217,0.9999999403953552,0.0,0.6982651669467157,0.6982651669467157,,,,1.0
6,acetone_hl_gap_eV,218,0.9999999403953552,0.0,0.6982651669467157,0.6982651669467157,,,,1.0
6,acetone_hl_gap_eV,219,0.9999999403953552,0.0,0.6982651669467157,0.6982651669467157,,,,1.0
6,acetone_hl_gap_eV,220,0.9999999403953552,0.0,0.6982651669467157,0.6982651669467157,,,,1.0
6,acetone_hl_gap_eV,221,0.9999999403953552,0.0,0.6982651669467157,0.6982651669467157,,,,1.0
6,acetone_hl_gap_eV,222,0.9999999403953552,0.0,0.6982651669467157,0.6982651669467157,,,,1.0
6,acetone_hl_gap_eV,223,0.9999999403953552,0.0,0.6982651669467157,0.6982651669467157,,,,1.0
6,acetone_hl_gap_eV,224,0.9999999403953552,0.0,0.6982651669467157,0.6982651669467157,,,,1.0
6,acetone_hl_gap_eV,225,0.9999999403953552,0.0,0.6982651669467157,0.6982651669467157,,,,1.0
6,acetone_hl_gap_eV,226,0.9999999403953552,0.0,0.6982651669467157,0.6982651669467157,,,,1.0
6,acetone_hl_gap_eV,227,0.9999999403953552,0.0,0.6982651669467157,0.6982651669467157,,,,1.0
6,acetone_hl_gap_eV,228,0.9999999403953552,0.0,0.6982651669467157,0.6982651669467157,,,,1.0
6,acetone_hl_gap_eV,229,0.9999999403953552,0.0,0.6982651669467157,0.6982651669467157,,,,1.0
6,acetone_hl_gap_eV,230,0.9999999403953552,0.0,0.6982651669467157,0.6982651669467157,,,,1.0
6,acetone_hl_gap_eV,231,0.9999999403953552,0.0,0.6982651669467157,0.6982651669467157,,,,1.0
6,acetone_hl_gap_eV,232,0.9999999403953552,0.0,0.6982651669467157,0.6982651669467157,,,,1.0
6,acetone_hl_gap_eV,233,0.9999999403953552,0.0,0.6982651669467157,0.6982651669467157,,,,1.0
6,acetone_hl_gap_eV,234,0.9999999403953552,0.0,0.6982651669467157,0.6982651669467157,,,,1.0
6,acetone_hl_gap_eV,235,0.9999999403953552,0.0,0.6982651669467157,0.6982651669467157,,,,1.0
6,acetone_hl_gap_eV,236,0.9999999403953552,0.0,0.6982651669467157,0.6982651669467157,,,,1.0
6,acetone_hl_gap_eV,237,0.9999999403953552,0.0,0.6982651669467157,0.6982651669467157,,,,1.0
6,acetone_hl_gap_eV,238,0.9999999403953552,0.0,0.6982651669467157,0.6982651669467157,,,,1.0
6,acetone_hl_gap_eV,239,0.9999999403953552,0.0,0.6982651669467157,0.6982651669467157,,,,1.0
6,acetone_hl_gap_eV,240,0.9999999403953552,0.0,0.6982651669467157,0.6982651669467157,,,,1.0
6,acetone_hl_gap_eV,241,0.9999999403953552,0.0,0.6982651669467157,0.6982651669467157,,,,1.0
6,acetone_hl_gap_eV,242,0.9999999403953552,0.0,0.6982651669467157,0.6982651669467157,,,,1.0
6,acetone_hl_gap_eV,243,0.9999999403953552,0.0,0.6982651669467157,0.6982651669467157,,,,1.0
6,acetone_hl_gap_eV,244,0.9999999403953552,0.0,0.6982651669467157,0.6982651669467157,,,,1.0
6,acetone_hl_gap_eV,245,0.9999999403953552,0.0,0.6982651669467157,0.6982651669467157,,,,1.0
6,acetone_hl_gap_eV,246,0.9999999403953552,0.0,0.6982651669467157,0.6982651669467157,,,,1.0
6,acetone_hl_gap_eV,247,0.9999999403953552,0.0,0.6982651669467157,0.6982651669467157,,,,1.0
6,acetone_hl_gap_eV,248,0.9999999403953552,0.0,0.6982651669467157,0.6982651669467157,,,,1.0
6,acetone_hl_gap_eV,249,0.9999999403953552,0.0,0.6982651669467157,0.6982651669467157,,,,1.0
6,acetone_dipole,0,0.9999999403953552,0.0,0.660030537951108,0.660030537951108,,,,1.0
6,acetone_dipole,1,0.9999999403953552,0.0,0.660030537951108,0.660030537951108,,,,1.0
6,acetone_dipole,2,0.9999999403953552,0.0,0.660030537951108,0.660030537951108,,,,1.0
6,acetone_dipole,3,0.9999999403953552,0.0,0.660030537951108,0.660030537951108,,,,1.0
6,acetone_dipole,4,0.9999999403953552,0.0,0.660030537951108,0.660030537951108,,,,1.0
6,acetone_dipole,5,0.9999999403953552,0.0,0.660030537951108,0.660030537951108,,,,1.0
6,acetone_dipole,6,0.9999999403953552,0.0,0.660030537951108,0.660030537951108,,,,1.0
6,acetone_dipole,7,0.9999999403953552,0.0,0.660030537951108,0.660030537951108,,,,1.0
6,acetone_dipole,8,0.9999999403953552,0.0,0.660030537951108,0.660030537951108,,,,1.0
6,acetone_dipole,9,0.9999999403953552,0.0,0.660030537951108,0.660030537951108,,,,1.0
6,acetone_dipole,10,0.9999999403953552,0.0,0.660030537951108,0.660030537951108,,,,1.0
6,acetone_dipole,11,0.9999999403953552,0.0,0.660030537951108,0.660030537951108,,,,1.0
6,acetone_dipole,12,0.9999999403953552,0.0,0.660030537951108,0.660030537951108,,,,1.0
6,acetone_dipole,13,0.9999999403953552,0.0,0.660030537951108,0.660030537951108,,,,1.0
6,acetone_dipole,14,0.9999999403953552,0.0,0.660030537951108,0.660030537951108,,,,1.0
6,acetone_dipole,15,0.9999999403953552,0.0,0.660030537951108,0.660030537951108,,,,1.0
6,acetone_dipole,16,0.9999999403953552,0.0,0.660030537951108,0.660030537951108,,,,1.0
6,acetone_dipole,17,0.9999999403953552,0.0,0.660030537951108,0.660030537951108,,,,1.0
6,acetone_dipole,18,0.9999999403953552,0.0,0.660030537951108,0.660030537951108,,,,1.0
6,acetone_dipole,19,0.9999999403953552,0.0,0.660030537951108,0.660030537951108,,,,1.0
6,acetone_dipole,20,0.9999999403953552,0.0,0.660030537951108,0.660030537951108,,,,1.0
6,acetone_dipole,21,0.9999999403953552,0.0,0.660030537951108,0.660030537951108,,,,1.0
6,acetone_dipole,22,0.9999999403953552,0.0,0.660030537951108,0.660030537951108,,,,1.0
6,acetone_dipole,23,0.9999999403953552,0.0,0.660030537951108,0.660030537951108,,,,1.0
6,acetone_dipole,24,0.9999999403953552,0.0,0.660030537951108,0.660030537951108,,,,1.0
6,acetone_dipole,25,0.9999999403953552,0.0,0.660030537951108,0.660030537951108,,,,1.0
6,acetone_dipole,26,0.9999999403953552,0.0,0.660030537951108,0.660030537951108,,,,1.0
6,acetone_dipole,27,0.9999999403953552,0.0,0.660030537951108,0.660030537951108,,,,1.0
6,acetone_dipole,28,0.9999999403953552,0.0,0.660030537951108,0.660030537951108,,,,1.0
6,acetone_dipole,29,0.9999999403953552,0.0,0.660030537951108,0.660030537951108,,,,1.0
6,acetone_dipole,30,0.9999999403953552,0.0,0.660030537951108,0.660030537951108,,,,1.0
6,acetone_dipole,31,0.9999999403953552,0.0,0.660030537951108,0.660030537951108,,,,1.0
6,acetone_dipole,32,0.9999999403953552,0.0,0.660030537951108,0.660030537951108,,,,1.0
6,acetone_dipole,33,0.9999999403953552,0.0,0.660030537951108,0.660030537951108,,,,1.0
6,acetone_dipole,34,0.9999999403953552,0.0,0.660030537951108,0.660030537951108,,,,1.0
6,acetone_dipole,35,0.9999999403953552,0.0,0.660030537951108,0.660030537951108,,,,1.0
6,acetone_dipole,36,0.9999999403953552,0.0,0.660030537951108,0.660030537951108,,,,1.0
6,acetone_dipole,37,0.9999999403953552,0.0,0.660030537951108,0.660030537951108,,,,1.0
6,acetone_dipole,38,0.9999999403953552,0.0,0.660030537951108,0.660030537951108,,,,1.0
6,acetone_dipole,39,0.9999999403953552,0.0,0.660030537951108,0.660030537951108,,,,1.0
6,acetone_dipole,40,0.9999999403953552,0.0,0.660030537951108,0.660030537951108,,,,1.0
6,acetone_dipole,41,0.9999999403953552,0.0,0.660030537951108,0.660030537951108,,,,1.0
6,acetone_dipole,42,0.9999999403953552,0.0,0.660030537951108,0.660030537951108,,,,1.0
6,acetone_dipole,43,0.9999999403953552,0.0,0.660030537951108,0.660030537951108,,,,1.0
6,acetone_dipole,44,0.9999999403953552,0.0,0.660030537951108,0.660030537951108,,,,1.0
6,acetone_dipole,45,0.9999999403953552,0.0,0.660030537951108,0.660030537951108,,,,1.0
6,acetone_dipole,46,0.9999999403953552,0.0,0.660030537951108,0.660030537951108,,,,1.0
6,acetone_dipole,47,0.9999999403953552,0.0,0.660030537951108,0.660030537951108,,,,1.0
6,acetone_dipole,48,0.9999999403953552,0.0,0.660030537951108,0.660030537951108,,,,1.0
6,acetone_dipole,49,0.9999999403953552,0.0,0.660030537951108,0.660030537951108,,,,1.0
6,acetone_dipole,50,0.9999999403953552,0.0,0.660030537951108,0.660030537951108,,,,1.0
6,acetone_dipole,51,0.9999999403953552,0.0,0.660030537951108,0.660030537951108,,,,1.0
6,acetone_dipole,52,0.9999999403953552,0.0,0.660030537951108,0.660030537951108,,,,1.0
6,acetone_dipole,53,0.9999999403953552,0.0,0.660030537951108,0.660030537951108,,,,1.0
6,acetone_dipole,54,0.9999999403953552,0.0,0.660030537951108,0.660030537951108,,,,1.0
6,acetone_dipole,55,0.9999999403953552,0.0,0.660030537951108,0.660030537951108,,,,1.0
6,acetone_dipole,56,0.9999999403953552,0.0,0.660030537951108,0.660030537951108,,,,1.0
6,acetone_dipole,57,0.9999999403953552,0.0,0.660030537951108,0.660030537951108,,,,1.0
6,acetone_dipole,58,0.9999999403953552,0.0,0.660030537951108,0.660030537951108,,,,1.0
6,acetone_dipole,59,0.9999999403953552,0.0,0.660030537951108,0.660030537951108,,,,1.0
6,acetone_dipole,60,0.9999999403953552,0.0,0.660030537951108,0.660030537951108,,,,1.0
6,acetone_dipole,61,0.9999999403953552,0.0,0.660030537951108,0.660030537951108,,,,1.0
6,acetone_dipole,62,0.9999999403953552,0.0,0.660030537951108,0.660030537951108,,,,1.0
6,acetone_dipole,63,0.9999999403953552,0.0,0.660030537951108,0.660030537951108,,,,1.0
6,acetone_dipole,64,0.9999999403953552,0.0,0.660030537951108,0.660030537951108,,,,1.0
6,acetone_dipole,65,0.9999999403953552,0.0,0.660030537951108,0.660030537951108,,,,1.0
6,acetone_dipole,66,0.9999999403953552,0.0,0.660030537951108,0.660030537951108,,,,1.0
6,acetone_dipole,67,0.9999999403953552,0.0,0.660030537951108,0.660030537951108,,,,1.0
6,acetone_dipole,68,0.9999999403953552,0.0,0.660030537951108,0.660030537951108,,,,1.0
6,acetone_dipole,69,0.9999999403953552,0.0,0.660030537951108,0.660030537951108,,,,1.0
6,acetone_dipole,70,0.9999999403953552,0.0,0.660030537951108,0.660030537951108,,,,1.0
6,acetone_dipole,71,0.9999999403953552,0.0,0.660030537951108,0.660030537951108,,,,1.0
6,acetone_dipole,72,0.9999999403953552,0.0,0.660030537951108,0.660030537951108,,,,1.0
6,acetone_dipole,73,0.9999999403953552,0.0,0.660030537951108,0.660030537951108,,,,1.0
6,acetone_dipole,74,0.9999999403953552,0.0,0.660030537951108,0.660030537951108,,,,1.0
6,acetone_dipole,75,0.9999999403953552,0.0,0.660030537951108,0.660030537951108,,,,1.0
6,acetone_dipole,76,0.9999999403953552,0.0,0.660030537951108,0.660030537951108,,,,1.0
6,acetone_dipole,77,0.9999999403953552,0.0,0.660030537951108,0.660030537951108,,,,1.0
6,acetone_dipole,78,0.9999999403953552,0.0,0.660030537951108,0.660030537951108,,,,1.0
6,acetone_dipole,79,0.9999999403953552,0.0,0.660030537951108,0.660030537951108,,,,1.0
6,acetone_dipole,80,0.9999999403953552,0.0,0.660030537951108,0.660030537951108,,,,1.0
6,acetone_dipole,81,0.9999999403953552,0.0,0.660030537951108,0.660030537951108,,,,1.0
6,acetone_dipole,82,0.9999999403953552,0.0,0.660030537951108,0.660030537951108,,,,1.0
6,acetone_dipole,83,0.9999999403953552,0.0,0.660030537951108,0.660030537951108,,,,1.0
6,acetone_dipole,84,0.9999999403953552,0.0,0.660030537951108,0.660030537951108,,,,1.0
6,acetone_dipole,85,0.9999999403953552,0.0,0.660030537951108,0.660030537951108,,,,1.0
6,acetone_dipole,86,0.9999999403953552,0.0,0.660030537951108,0.660030537951108,,,,1.0
6,acetone_dipole,87,0.9999999403953552,0.0,0.660030537951108,0.660030537951108,,,,1.0
6,acetone_dipole,88,0.9999999403953552,0.0,0.660030537951108,0.660030537951108,,,,1.0
6,acetone_dipole,89,0.9999999403953552,0.0,0.660030537951108,0.660030537951108,,,,1.0
6,acetone_dipole,90,0.9999999403953552,0.0,0.660030537951108,0.660030537951108,,,,1.0
6,acetone_dipole,91,0.9999999403953552,0.0,0.660030537951108,0.660030537951108,,,,1.0
6,acetone_dipole,92,0.9999999403953552,0.0,0.660030537951108,0.660030537951108,,,,1.0
6,acetone_dipole,93,0.9999999403953552,0.0,0.660030537951108,0.660030537951108,,,,1.0
6,acetone_dipole,94,0.9999999403953552,0.0,0.660030537951108,0.660030537951108,,,,1.0
6,acetone_dipole,95,0.9999999403953552,0.0,0.660030537951108,0.660030537951108,,,,1.0
6,acetone_dipole,96,0.9999999403953552,0.0,0.660030537951108,0.660030537951108,,,,1.0
6,acetone_dipole,97,0.9999999403953552,0.0,0.660030537951108,0.660030537951108,,,,1.0
6,acetone_dipole,98,0.9999999403953552,0.0,0.660030537951108,0.660030537951108,,,,1.0
6,acetone_dipole,99,0.9999999403953552,0.0,0.660030537951108,0.660030537951108,,,,1.0
6,acetone_dipole,100,0.9999999403953552,0.0,0.660030537951108,0.660030537951108,,,,1.0
6,acetone_dipole,101,0.9999999403953552,0.0,0.660030537951108,0.660030537951108,,,,1.0
6,acetone_dipole,102,0.9999999403953552,0.0,0.660030537951108,0.660030537951108,,,,1.0
6,acetone_dipole,103,0.9999999403953552,0.0,0.660030537951108,0.660030537951108,,,,1.0
6,acetone_dipole,104,0.9999999403953552,0.0,0.660030537951108,0.660030537951108,,,,1.0
6,acetone_dipole,105,0.9999999403953552,0.0,0.660030537951108,0.660030537951108,,,,1.0
6,acetone_dipole,106,0.9999999403953552,0.0,0.660030537951108,0.660030537951108,,,,1.0
6,acetone_dipole,107,0.9999999403953552,0.0,0.660030537951108,0.660030537951108,,,,1.0
6,acetone_dipole,108,0.9999999403953552,0.0,0.660030537951108,0.660030537951108,,,,1.0
6,acetone_dipole,109,0.9999999403953552,0.0,0.660030537951108,0.660030537951108,,,,1.0
6,acetone_dipole,110,0.9999999403953552,0.0,0.660030537951108,0.660030537951108,,,,1.0
6,acetone_dipole,111,0.9999999403953552,0.0,0.660030537951108,0.660030537951108,,,,1.0
6,acetone_dipole,112,0.9999999403953552,0.0,0.660030537951108,0.660030537951108,,,,1.0
6,acetone_dipole,113,0.9999999403953552,0.0,0.660030537951108,0.660030537951108,,,,1.0
6,acetone_dipole,114,0.9999999403953552,0.0,0.660030537951108,0.660030537951108,,,,1.0
6,acetone_dipole,115,0.9999999403953552,0.0,0.660030537951108,0.660030537951108,,,,1.0
6,acetone_dipole,116,0.9999999403953552,0.0,0.660030537951108,0.660030537951108,,,,1.0
6,acetone_dipole,117,0.9999999403953552,0.0,0.660030537951108,0.660030537951108,,,,1.0
6,acetone_dipole,118,0.9999999403953552,0.0,0.660030537951108,0.660030537951108,,,,1.0
6,acetone_dipole,119,0.9999999403953552,0.0,0.660030537951108,0.660030537951108,,,,1.0
6,acetone_dipole,120,0.9999999403953552,0.0,0.660030537951108,0.660030537951108,,,,1.0
6,acetone_dipole,121,0.9999999403953552,0.0,0.660030537951108,0.660030537951108,,,,1.0
6,acetone_dipole,122,0.9999999403953552,0.0,0.660030537951108,0.660030537951108,,,,1.0
6,acetone_dipole,123,0.9999999403953552,0.0,0.660030537951108,0.660030537951108,,,,1.0
6,acetone_dipole,124,0.9999999403953552,0.0,0.660030537951108,0.660030537951108,,,,1.0
6,acetone_dipole,125,0.9999999403953552,0.0,0.660030537951108,0.660030537951108,,,,1.0
6,acetone_dipole,126,0.9999999403953552,0.0,0.660030537951108,0.660030537951108,,,,1.0
6,acetone_dipole,127,0.9999999403953552,0.0,0.660030537951108,0.660030537951108,,,,1.0
6,acetone_dipole,128,0.9999999403953552,0.0,0.660030537951108,0.660030537951108,,,,1.0
6,acetone_dipole,129,0.9999999403953552,0.0,0.660030537951108,0.660030537951108,,,,1.0
6,acetone_dipole,130,0.9999999403953552,0.0,0.660030537951108,0.660030537951108,,,,1.0
6,acetone_dipole,131,0.9999999403953552,0.0,0.660030537951108,0.660030537951108,,,,1.0
6,acetone_dipole,132,0.9999999403953552,0.0,0.660030537951108,0.660030537951108,,,,1.0
6,acetone_dipole,133,0.9999999403953552,0.0,0.660030537951108,0.660030537951108,,,,1.0
6,acetone_dipole,134,0.9999999403953552,0.0,0.660030537951108,0.660030537951108,,,,1.0
6,acetone_dipole,135,0.9999999403953552,0.0,0.660030537951108,0.660030537951108,,,,1.0
6,acetone_dipole,136,0.9999999403953552,0.0,0.660030537951108,0.660030537951108,,,,1.0
6,acetone_dipole,137,0.9999999403953552,0.0,0.660030537951108,0.660030537951108,,,,1.0
6,acetone_dipole,138,0.9999999403953552,0.0,0.660030537951108,0.660030537951108,,,,1.0
6,acetone_dipole,139,0.9999999403953552,0.0,0.660030537951108,0.660030537951108,,,,1.0
6,acetone_dipole,140,0.9999999403953552,0.0,0.660030537951108,0.660030537951108,,,,1.0
6,acetone_dipole,141,0.9999999403953552,0.0,0.660030537951108,0.660030537951108,,,,1.0
6,acetone_dipole,142,0.9999999403953552,0.0,0.660030537951108,0.660030537951108,,,,1.0
6,acetone_dipole,143,0.9999999403953552,0.0,0.660030537951108,0.660030537951108,,,,1.0
6,acetone_dipole,144,0.9999999403953552,0.0,0.660030537951108,0.660030537951108,,,,1.0
6,acetone_dipole,145,0.9999999403953552,0.0,0.660030537951108,0.660030537951108,,,,1.0
6,acetone_dipole,146,0.9999999403953552,0.0,0.660030537951108,0.660030537951108,,,,1.0
6,acetone_dipole,147,0.9999999403953552,0.0,0.660030537951108,0.660030537951108,,,,1.0
6,acetone_dipole,148,0.9999999403953552,0.0,0.660030537951108,0.660030537951108,,,,1.0
6,acetone_dipole,149,0.9999999403953552,0.0,0.660030537951108,0.660030537951108,,,,1.0
6,acetone_dipole,150,0.9999999403953552,0.0,0.660030537951108,0.660030537951108,,,,1.0
6,acetone_dipole,151,0.9999999403953552,0.0,0.660030537951108,0.660030537951108,,,,1.0
6,acetone_dipole,152,0.9999999403953552,0.0,0.660030537951108,0.660030537951108,,,,1.0
6,acetone_dipole,153,0.9999999403953552,0.0,0.660030537951108,0.660030537951108,,,,1.0
6,acetone_dipole,154,0.9999999403953552,0.0,0.660030537951108,0.660030537951108,,,,1.0
6,acetone_dipole,155,0.9999999403953552,0.0,0.660030537951108,0.660030537951108,,,,1.0
6,acetone_dipole,156,0.9999999403953552,0.0,0.660030537951108,0.660030537951108,,,,1.0
6,acetone_dipole,157,0.9999999403953552,0.0,0.660030537951108,0.660030537951108,,,,1.0
6,acetone_dipole,158,0.9999999403953552,0.0,0.660030537951108,0.660030537951108,,,,1.0
6,acetone_dipole,159,0.9999999403953552,0.0,0.660030537951108,0.660030537951108,,,,1.0
6,acetone_dipole,160,0.9999999403953552,0.0,0.660030537951108,0.660030537951108,,,,1.0
6,acetone_dipole,161,0.9999999403953552,0.0,0.660030537951108,0.660030537951108,,,,1.0
6,acetone_dipole,162,0.9999999403953552,0.0,0.660030537951108,0.660030537951108,,,,1.0
6,acetone_dipole,163,0.9999999403953552,0.0,0.660030537951108,0.660030537951108,,,,1.0
6,acetone_dipole,164,0.9999999403953552,0.0,0.660030537951108,0.660030537951108,,,,1.0
6,acetone_dipole,165,0.9999999403953552,0.0,0.660030537951108,0.660030537951108,,,,1.0
6,acetone_dipole,166,0.9999999403953552,0.0,0.660030537951108,0.660030537951108,,,,1.0
6,acetone_dipole,167,0.9999999403953552,0.0,0.660030537951108,0.660030537951108,,,,1.0
6,acetone_dipole,168,0.9999999403953552,0.0,0.660030537951108,0.660030537951108,,,,1.0
6,acetone_dipole,169,0.9999999403953552,0.0,0.660030537951108,0.660030537951108,,,,1.0
6,acetone_dipole,170,0.9999999403953552,0.0,0.660030537951108,0.660030537951108,,,,1.0
6,acetone_dipole,171,0.9999999403953552,0.0,0.660030537951108,0.660030537951108,,,,1.0
6,acetone_dipole,172,0.9999999403953552,0.0,0.660030537951108,0.660030537951108,,,,1.0
6,acetone_dipole,173,0.9999999403953552,0.0,0.660030537951108,0.660030537951108,,,,1.0
6,acetone_dipole,174,0.9999999403953552,0.0,0.660030537951108,0.660030537951108,,,,1.0
6,acetone_dipole,175,0.9999999403953552,0.0,0.660030537951108,0.660030537951108,,,,1.0
6,acetone_dipole,176,0.9999999403953552,0.0,0.660030537951108,0.660030537951108,,,,1.0
6,acetone_dipole,177,0.9999999403953552,0.0,0.660030537951108,0.660030537951108,,,,1.0
6,acetone_dipole,178,0.9999999403953552,0.0,0.660030537951108,0.660030537951108,,,,1.0
6,acetone_dipole,179,0.9999999403953552,0.0,0.660030537951108,0.660030537951108,,,,1.0
6,acetone_dipole,180,0.9999999403953552,0.0,0.660030537951108,0.660030537951108,,,,1.0
6,acetone_dipole,181,0.9999999403953552,0.0,0.660030537951108,0.660030537951108,,,,1.0
6,acetone_dipole,182,0.9999999403953552,0.0,0.660030537951108,0.660030537951108,,,,1.0
6,acetone_dipole,183,0.9999999403953552,0.0,0.660030537951108,0.660030537951108,,,,1.0
6,acetone_dipole,184,0.9999999403953552,0.0,0.660030537951108,0.660030537951108,,,,1.0
6,acetone_dipole,185,0.9999999403953552,0.0,0.660030537951108,0.660030537951108,,,,1.0
6,acetone_dipole,186,0.9999999403953552,0.0,0.660030537951108,0.660030537951108,,,,1.0
6,acetone_dipole,187,0.9999999403953552,0.0,0.660030537951108,0.660030537951108,,,,1.0
6,acetone_dipole,188,0.9999999403953552,0.0,0.660030537951108,0.660030537951108,,,,1.0
6,acetone_dipole,189,0.9999999403953552,0.0,0.660030537951108,0.660030537951108,,,,1.0
6,acetone_dipole,190,0.9999999403953552,0.0,0.660030537951108,0.660030537951108,,,,1.0
6,acetone_dipole,191,0.9999999403953552,0.0,0.660030537951108,0.660030537951108,,,,1.0
6,acetone_dipole,192,0.9999999403953552,0.0,0.660030537951108,0.660030537951108,,,,1.0
6,acetone_dipole,193,0.9999999403953552,0.0,0.660030537951108,0.660030537951108,,,,1.0
6,acetone_dipole,194,0.9999999403953552,0.0,0.660030537951108,0.660030537951108,,,,1.0
6,acetone_dipole,195,0.9999999403953552,0.0,0.660030537951108,0.660030537951108,,,,1.0
6,acetone_dipole,196,0.9999999403953552,0.0,0.660030537951108,0.660030537951108,,,,1.0
6,acetone_dipole,197,0.9999999403953552,0.0,0.660030537951108,0.660030537951108,,,,1.0
6,acetone_dipole,198,0.9999999403953552,0.0,0.660030537951108,0.660030537951108,,,,1.0
6,acetone_dipole,199,0.9999999403953552,0.0,0.660030537951108,0.660030537951108,,,,1.0
6,acetone_dipole,200,0.9999999403953552,0.0,0.660030537951108,0.660030537951108,,,,1.0
6,acetone_dipole,201,0.9999999403953552,0.0,0.660030537951108,0.660030537951108,,,,1.0
6,acetone_dipole,202,0.9999999403953552,0.0,0.660030537951108,0.660030537951108,,,,1.0
6,acetone_dipole,203,0.9999999403953552,0.0,0.660030537951108,0.660030537951108,,,,1.0
6,acetone_dipole,204,0.9999999403953552,0.0,0.660030537951108,0.660030537951108,,,,1.0
6,acetone_dipole,205,0.9999999403953552,0.0,0.660030537951108,0.660030537951108,,,,1.0
6,acetone_dipole,206,0.9999999403953552,0.0,0.660030537951108,0.660030537951108,,,,1.0
6,acetone_dipole,207,0.9999999403953552,0.0,0.660030537951108,0.660030537951108,,,,1.0
6,acetone_dipole,208,0.9999999403953552,0.0,0.660030537951108,0.660030537951108,,,,1.0
6,acetone_dipole,209,0.9999999403953552,0.0,0.660030537951108,0.660030537951108,,,,1.0
6,acetone_dipole,210,0.9999999403953552,0.0,0.660030537951108,0.660030537951108,,,,1.0
6,acetone_dipole,211,0.9999999403953552,0.0,0.660030537951108,0.660030537951108,,,,1.0
6,acetone_dipole,212,0.9999999403953552,0.0,0.660030537951108,0.660030537951108,,,,1.0
6,acetone_dipole,213,0.9999999403953552,0.0,0.660030537951108,0.660030537951108,,,,1.0
6,acetone_dipole,214,0.9999999403953552,0.0,0.660030537951108,0.660030537951108,,,,1.0
6,acetone_dipole,215,0.9999999403953552,0.0,0.660030537951108,0.660030537951108,,,,1.0
6,acetone_dipole,216,0.9999999403953552,0.0,0.660030537951108,0.660030537951108,,,,1.0
6,acetone_dipole,217,0.9999999403953552,0.0,0.660030537951108,0.660030537951108,,,,1.0
6,acetone_dipole,218,0.9999999403953552,0.0,0.660030537951108,0.660030537951108,,,,1.0
6,acetone_dipole,219,0.9999999403953552,0.0,0.660030537951108,0.660030537951108,,,,1.0
6,acetone_dipole,220,0.9999999403953552,0.0,0.660030537951108,0.660030537951108,,,,1.0
6,acetone_dipole,221,0.9999999403953552,0.0,0.660030537951108,0.660030537951108,,,,1.0
6,acetone_dipole,222,0.9999999403953552,0.0,0.660030537951108,0.660030537951108,,,,1.0
6,acetone_dipole,223,0.9999999403953552,0.0,0.660030537951108,0.660030537951108,,,,1.0
6,acetone_dipole,224,0.9999999403953552,0.0,0.660030537951108,0.660030537951108,,,,1.0
6,acetone_dipole,225,0.9999999403953552,0.0,0.660030537951108,0.660030537951108,,,,1.0
6,acetone_dipole,226,0.9999999403953552,0.0,0.660030537951108,0.660030537951108,,,,1.0
6,acetone_dipole,227,0.9999999403953552,0.0,0.660030537951108,0.660030537951108,,,,1.0
6,acetone_dipole,228,0.9999999403953552,0.0,0.660030537951108,0.660030537951108,,,,1.0
6,acetone_dipole,229,0.9999999403953552,0.0,0.660030537951108,0.660030537951108,,,,1.0
6,acetone_dipole,230,0.9999999403953552,0.0,0.660030537951108,0.660030537951108,,,,1.0
6,acetone_dipole,231,0.9999999403953552,0.0,0.660030537951108,0.660030537951108,,,,1.0
6,acetone_dipole,232,0.9999999403953552,0.0,0.660030537951108,0.660030537951108,,,,1.0
6,acetone_dipole,233,0.9999999403953552,0.0,0.660030537951108,0.660030537951108,,,,1.0
6,acetone_dipole,234,0.9999999403953552,0.0,0.660030537951108,0.660030537951108,,,,1.0
6,acetone_dipole,235,0.9999999403953552,0.0,0.660030537951108,0.660030537951108,,,,1.0
6,acetone_dipole,236,0.9999999403953552,0.0,0.660030537951108,0.660030537951108,,,,1.0
6,acetone_dipole,237,0.9999999403953552,0.0,0.660030537951108,0.660030537951108,,,,1.0
6,acetone_dipole,238,0.9999999403953552,0.0,0.660030537951108,0.660030537951108,,,,1.0
6,acetone_dipole,239,0.9999999403953552,0.0,0.660030537951108,0.660030537951108,,,,1.0
6,acetone_dipole,240,0.9999999403953552,0.0,0.660030537951108,0.660030537951108,,,,1.0
6,acetone_dipole,241,0.9999999403953552,0.0,0.660030537951108,0.660030537951108,,,,1.0
6,acetone_dipole,242,0.9999999403953552,0.0,0.660030537951108,0.660030537951108,,,,1.0
6,acetone_dipole,243,0.9999999403953552,0.0,0.660030537951108,0.660030537951108,,,,1.0
6,acetone_dipole,244,0.9999999403953552,0.0,0.660030537951108,0.660030537951108,,,,1.0
6,acetone_dipole,245,0.9999999403953552,0.0,0.660030537951108,0.660030537951108,,,,1.0
6,acetone_dipole,246,0.9999999403953552,0.0,0.660030537951108,0.660030537951108,,,,1.0
6,acetone_dipole,247,0.9999999403953552,0.0,0.660030537951108,0.660030537951108,,,,1.0
6,acetone_dipole,248,0.9999999403953552,0.0,0.660030537951108,0.660030537951108,,,,1.0
6,acetone_dipole,249,0.9999999403953552,0.0,0.660030537951108,0.660030537951108,,,,1.0
6,octanol_gsolv_eV,0,0.3662467896938324,0.009193738922476768,0.6495154886478445,0.9231108537306514,1.7361570596694946,0.24081377685070038,0.13870506444649838,0.14
6,octanol_gsolv_eV,1,0.5933164358139038,0.0057466900907456875,0.6770911586697417,0.9144457103693,1.0933512449264526,0.6148316860198975,0.5623368417724314,0.42
6,octanol_gsolv_eV,2,0.4088897109031677,0.02017413079738617,0.6353511444736968,0.9171210596554167,3.8449254035949707,1.4222332239151,0.36989878206358046,0.18
6,octanol_gsolv_eV,3,0.24122576415538788,0.015817517414689064,0.6276039227429602,0.9052192237016563,2.9113121032714844,0.42844632267951965,0.1471660569123002,0.1
6,octanol_gsolv_eV,4,0.4635281264781952,0.002928755711764097,0.6601450065165324,0.9505119185152702,0.5489522218704224,0.12157464772462845,0.22146671947221955,0.32
6,octanol_gsolv_eV,5,0.18521840870380402,0.006324873771518469,0.6551923059164957,0.9694150939174053,1.160007357597351,0.12172435969114304,0.10493412726559158,0.18
6,octanol_gsolv_eV,6,0.09287707507610321,0.01633918657898903,0.6287760442305175,0.9573166067067649,3.047546863555908,0.012950328178703785,0.0042494270829992135,0.06
6,octanol_gsolv_eV,7,0.5365560054779053,0.018069226294755936,0.6515435978074897,0.9381125912195594,3.6077823638916016,0.38166671991348267,0.10578984024462905,0.48
6,octanol_gsolv_eV,8,0.06845493614673615,0.012084586545825005,0.6457631486861897,0.9692510855366168,2.257153034210205,0.012127215974032879,0.005372792978689761,0.06
6,octanol_gsolv_eV,9,0.10157185047864914,0.025049488991498947,0.6229301140352639,0.959038039986295,4.545624732971191,0.04118550941348076,0.009060472835504034,0.04
6,octanol_gsolv_eV,10,0.3063982427120209,0.025978248566389084,0.6220581288453155,0.9621398347740671,4.884176731109619,0.009175349958240986,0.0018785868045680793,0.28
6,octanol_gsolv_eV,11,0.6608123779296875,0.006237643305212259,0.6656722954368794,0.9347570657070186,1.1639349460601807,0.913126528263092,0.7845168077081511,0.24
6,octanol_gsolv_eV,12,0.3166442811489105,0.02099299244582653,0.6339421680798274,0.9078369180162333,4.026816368103027,0.9513750076293945,0.2362598441700417,0.26
6,octanol_gsolv_eV,13,0.1437387764453888,0.009237402118742466,0.6538642713922629,0.9656664547413465,1.7572778463363647,0.03189476206898689,0.018150096261375072,0.12
6,octanol_gsolv_eV,14,0.17482757568359375,0.009867227636277676,0.6470281260348278,0.9542934854674208,1.8626751899719238,0.08350129425525665,0.04482869300283925,0.12
6,octanol_gsolv_eV,15,0.2744702994823456,0.021136783063411713,0.6272259840164047,0.9073946630981633,4.028375625610352,0.19594921171665192,0.04864223943539601,0.22
6,octanol_gsolv_eV,16,0.2516021132469177,0.012520601972937584,0.6521068329160642,0.9472186092566359,2.447766065597534,0.20467983186244965,0.08361903318260294,0.16
6,octanol_gsolv_eV,17,0.3015632629394531,0.008768241852521896,0.6524948859262467,0.8998470781099519,1.6468780040740967,0.32023659348487854,0.19445070775896428,0.12
6,octanol_gsolv_eV,18,0.08649196475744247,0.011432962492108345,0.6470652236081174,0.9610463961062043,2.135519027709961,0.01819736883044243,0.00852128620457974,0.06
6,octanol_gsolv_eV,19,0.14192834496498108,0.020970476791262627,0.6247867125960895,0.9472855325208407,3.919898271560669,0.09271935373544693,0.023653510196460184,0.14
6,octanol_gsolv_eV,20,0.24749180674552917,0.017798522487282753,0.6426519713139658,0.912157592913694,3.4853105545043945,0.4494021236896515,0.12894177338339244,0.14
6,octanol_gsolv_eV,21,0.3145070970058441,0.015406360849738121,0.6479215329170205,0.9225916080112522,2.9353091716766357,0.6670143604278564,0.22723819584798993,0.24
6,octanol_gsolv_eV,22,0.12397591769695282,0.010845963843166828,0.6243172927720291,0.953678486565088,1.983055830001831,0.07594258338212967,0.038295736425161334,0.04
6,octanol_gsolv_eV,23,0.42461472749710083,0.011038335971534252,0.6530605484496799,0.9622670658346617,2.1203246116638184,0.11851722002029419,0.055895790374896295,0.38
6,octanol_gsolv_eV,24,0.08844044804573059,0.03491421788930893,0.6213345877900738,0.9635446261728717,6.506734371185303,0.01594863459467888,0.0024510966154245493,0.1
6,octanol_gsolv_eV,25,0.17908503115177155,0.00855063833296299,0.6531431767051357,0.9610328986751184,1.617083191871643,0.06365569680929184,0.039364515770902,0.14
6,octanol_gsolv_eV,26,0.06848913431167603,0.01729174703359604,0.6382960951650727,0.959347207637369,3.234828472137451,0.008913235738873482,0.0027553967128847346,0.04
6,octanol_gsolv_eV,27,0.3757394254207611,0.006746789440512657,0.6529168632849012,0.9522858662495066,1.2563886642456055,0.08645868301391602,0.06881523645856026,0.24
6,octanol_gsolv_eV,28,0.10039103031158447,0.011516387574374676,0.6505266169864969,0.9702090496100513,2.175882577896118,0.015793463215231895,0.007258417055989642,0.06
6,octanol_gsolv_eV,29,0.07957761734724045,0.009667228907346725,0.6518908422652232,0.9653689046170248,1.8438520431518555,0.0060259196907281876,0.003268114550247515,0.08
6,octanol_gsolv_eV,30,0.1152128279209137,0.011318751610815525,0.6415029453504384,0.9524205181755239,2.114539861679077,0.1023409515619278,0.048398686360380395,0.06
6,octanol_gsolv_eV,31,0.17674767971038818,0.011791368015110493,0.6545441707731039,0.9591673904667448,2.296665906906128,0.1568375825881958,0.06828924577866617,0.06
6,octanol_gsolv_eV,32,0.11679273843765259,0.024568283930420876,0.6235725076533165,0.9369749036473443,4.548835754394531,0.047151245176792145,0.010365563349092204,0.12
6,octanol_gsolv_eV,33,0.15032558143138885,0.02157331258058548,0.6242050335346971,0.9135627117631331,4.082218647003174,0.14376193284988403,0.03521661755070912,0.14
6,octanol_gsolv_eV,34,0.29046401381492615,0.015939855948090553,0.6474232283031649,0.9296923649135969,3.107360363006592,0.569705069065094,0.18334052137868678,0.18
6,octanol_gsolv_eV,35,0.2688194513320923,0.009504572488367558,0.65482884297717,0.9553879850755214,1.834276795387268,0.04747391119599342,0.025881541605595207,0.24
6,octanol_gsolv_eV,36,0.1753438413143158,0.019197067245841026,0.6238490559413294,0.9636198687187751,3.5651562213897705,0.012112189084291458,0.0033973796187730253,0.16
6,octanol_gsolv_eV,37,0.05563279241323471,0.023133285343647003,0.6231167986818671,0.9582723328999867,4.309206008911133,0.010704729706048965,0.0024841536199272773,0.02
6,octanol_gsolv_eV,38,0.17506249248981476,0.003834786592051387,0.6495264880800524,0.9678750981345783,0.6551271080970764,0.0595644973218441,0.09092051998101391,0.16
6,octanol_gsolv_eV,39,0.158029243350029,0.009837014600634575,0.6500185728772259,0.9650627670082004,1.8531005382537842,0.03584739565849304,0.019344549806387085,0.04
6,octanol_gsolv_eV,40,0.14400067925453186,0.013292733579874039,0.6472858454602493,0.9750731357562488,2.5225722789764404,0.013170246034860611,0.0052209588381763134,0.14
6,octanol_gsolv_eV,41,0.2076517790555954,0.012153791263699532,0.651316731880897,0.9741458368307205,2.3358359336853027,0.02043476328253746,0.008748372686559822,0.3
6,octanol_gsolv_eV,42,0.10748089104890823,0.016774829477071762,0.6435922065106667,0.9639477137256425,3.186293840408325,0.006508217193186283,0.0020425665425610126,0.08
6,octanol_gsolv_eV,43,0.12873683869838715,0.013499102555215359,0.639779436305258,0.9647461749834985,2.5353808403015137,0.023856304585933685,0.009409357445131057,0.08
6,octanol_gsolv_eV,44,0.6320618391036987,0.012178297154605389,0.6624731712805649,0.9291027251891966,2.3824291229248047,1.1617012023925781,0.48761207257507333,0.58
6,octanol_gsolv_eV,45,0.3848903775215149,0.010109197348356247,0.652524747691315,0.9158259834023745,1.9357454776763916,0.539063572883606,0.27847853919859394,0.24
6,octanol_gsolv_eV,46,0.16645672917366028,0.009131996892392635,0.6378825182078178,0.9682887622038849,1.6345888376235962,0.05478385463356972,0.03351537302384603,0.14
6,octanol_gsolv_eV,47,0.12121011316776276,0.021363770589232445,0.6432012061647243,0.962223801105444,4.051927089691162,0.005805875174701214,0.001432867632162586,0.08
6,octanol_gsolv_eV,48,0.12949834764003754,0.021463459357619286,0.6252805540366368,0.949930499638161,4.034126281738281,0.15744470059871674,0.0390282032844234,0.08
6,octanol_gsolv_eV,49,0.4388083815574646,0.0064777713268995285,0.6641528923663989,0.9192075247431952,1.2029045820236206,0.4843355417251587,0.4026383712915711,0.28
6,octanol_gsolv_eV,50,0.08896365761756897,0.01993037760257721,0.6234223009452138,0.9481076394749748,3.68265700340271,0.03884495422244072,0.010548078245285582,0.1
6,octanol_gsolv_eV,51,0.12252708524465561,0.01554812677204609,0.6269848589231468,0.9506296700552934,2.845391035079956,0.03737986832857132,0.013136988156540297,0.02
6,octanol_gsolv_eV,52,0.3108358681201935,0.02092604711651802,0.6232586690646684,0.9015969246757785,3.9971253871917725,0.35848066210746765,0.08968461766452678,0.26
6,octanol_gsolv_eV,53,0.37493255734443665,0.018081773072481155,0.6349700109077006,0.9117182785965354,3.4298102855682373,0.3903151750564575,0.11380080603839919,0.38
6,octanol_gsolv_eV,54,0.3647969365119934,0.006700287573039532,0.6559463465602315,0.9422584627522244,1.2289292812347412,0.315016508102417,0.2563341218348306,0.22
6,octanol_gsolv_eV,55,0.10557572543621063,0.007226752582937479,0.6516052030095911,0.9716379621651308,1.3385796546936035,0.0345458909869194,0.025807870951711755,0.06
6,octanol_gsolv_eV,56,0.23737812042236328,0.01499995682388544,0.644735171974455,0.9119766578025899,2.873450994491577,0.25947025418281555,0.0902991749920989,0.08
6,octanol_gsolv_eV,57,0.2580692172050476,0.01904512569308281,0.6327277309651755,0.9186741620775236,3.6452958583831787,0.4863317310810089,0.13341351428652343,0.16
6,octanol_gsolv_eV,58,0.10987327247858047,0.022992849349975586,0.627024152436817,0.9670826003784909,4.327868938446045,0.005509681534022093,0.0012730703291584395,0.1
6,octanol_gsolv_eV,59,0.2043370008468628,0.005663805641233921,0.6541600475999938,0.9575874257166193,1.0257817506790161,0.11293564736843109,0.1100971500942314,0.18
6,octanol_gsolv_eV,60,0.40014010667800903,0.010920451954007149,0.653731671928758,0.9199601008160598,2.14921236038208,0.3583812713623047,0.16675005130651344,0.34
6,octanol_gsolv_eV,61,0.09408587217330933,0.021211907267570496,0.6206592693419619,0.921185085145152,3.890091896057129,0.1444856971502304,0.03714197530826365,0.02
6,octanol_gsolv_eV,62,0.240508034825325,0.01564737595617771,0.6350884234554859,0.9490351086044964,2.9342591762542725,0.2612103223800659,0.0890208760336958,0.14
6,octanol_gsolv_eV,63,0.6283493638038635,0.004298181738704443,0.6760620056237567,0.901169188720996,0.7346661686897278,0.5627556443214417,0.7660018499628377,0.52
6,octanol_gsolv_eV,64,0.23203395307064056,0.005916271824389696,0.6545689712991076,0.9556889542735691,1.0845533609390259,0.10281482338905334,0.09479922988762343,0.14
6,octanol_gsolv_eV,65,0.3222239911556244,0.02086801454424858,0.6302007195093984,0.9222157533835007,3.961629629135132,0.28837719559669495,0.07279256836022072,0.32
6,octanol_gsolv_eV,66,0.2085835188627243,0.027268515899777412,0.6243451784747913,0.9188342692036211,5.144120216369629,0.7120673060417175,0.1384235352384992,0.12
6,octanol_gsolv_eV,67,0.10981959104537964,0.00635687867179513,0.6521843063159982,0.9478216882611259,1.1581240892410278,0.03197550028562546,0.027609735936483696,0.1
6,octanol_gsolv_eV,68,0.09667849540710449,0.027726998552680016,0.634411763786979,0.9618133413080261,5.279184341430664,0.004145941697061062,0.0007853375500688631,0.12
6,octanol_gsolv_eV,69,0.16023723781108856,0.021372651681303978,0.6258821797949004,0.9030353914994542,4.047848701477051,0.2675182521343231,0.06608899488676696,0.06
6,octanol_gsolv_eV,70,0.23286816477775574,0.005010997410863638,0.6527411973472568,0.9612633684289413,0.882567286491394,0.09467347711324692,0.1072705487301903,0.18
6,octanol_gsolv_eV,71,0.11763230711221695,0.019174454733729362,0.6278649386035999,0.9638854848277216,3.5896663665771484,0.0031412607058882713,0.000875084307315043,0.12
6,octanol_gsolv_eV,72,0.09936138987541199,0.012544866651296616,0.6480089926188486,0.9650954260841145,2.3935155868530273,0.010571151040494442,0.004416579151838028,0.04
6,octanol_gsolv_eV,73,0.2264072448015213,0.018377114087343216,0.6247378097860763,0.9071259960182094,3.4796714782714844,0.2238146811723709,0.06432063560309151,0.16
6,octanol_gsolv_eV,74,0.2852818965911865,0.010156655684113503,0.6479270201423779,0.9056671858179377,1.9555360078811646,0.3282366693019867,0.1678499746254395,0.16
6,octanol_gsolv_eV,75,0.24583151936531067,0.017409419640898705,0.6273508594139032,0.9107786508204985,3.2402615547180176,0.2104012817144394,0.064933425330459,0.14
6,octanol_gsolv_eV,76,0.28226855397224426,0.011938072741031647,0.6410878227643355,0.9194605610265829,2.2281837463378906,0.20522311329841614,0.09210331671959665,0.14
6,octanol_gsolv_eV,77,0.291740357875824,0.005943207070231438,0.6503868067831027,0.9345673393224405,1.080541968345642,0.11990543454885483,0.11096786433241033,0.1
6,octanol_gsolv_eV,78,0.43611326813697815,0.02445257268846035,0.6285812410112332,0.9323713452033153,4.695769786834717,0.3206140100955963,0.06827719940498041,0.38
6,octanol_gsolv_eV,79,0.19332264363765717,0.011827866546809673,0.6404542905200405,0.9105741282733772,2.220752716064453,0.3328670263290405,0.1498892802972394,0.08
6,octanol_gsolv_eV,80,0.11814824491739273,0.011226003058254719,0.6505792168275537,0.9362678046334549,2.1519129276275635,0.020485106855630875,0.009519486868000394,0.08
6,octanol_gsolv_eV,81,0.42050597071647644,0.007106769364327192,0.659654917507527,0.9174092606699935,1.3466960191726685,0.5051991939544678,0.37513973960124475,0.26
6,octanol_gsolv_eV,82,0.2919010818004608,0.014800519682466984,0.6505722425706844,0.9199046141496137,2.898728609085083,0.27972492575645447,0.09649917721850587,0.12
6,octanol_gsolv_eV,83,0.32538914680480957,0.006187374237924814,0.6490667457233339,0.9088643952246203,1.1331074237823486,0.2943238615989685,0.2597493012767546,0.12
6,octanol_gsolv_eV,84,0.6986516714096069,0.007586338557302952,0.6656371925749949,0.9219534501325071,1.3949099779129028,1.3420172929763794,0.9620816498741641,0.28
6,octanol_gsolv_eV,85,0.046015262603759766,0.02032073587179184,0.6222762422119019,0.9638204376058235,3.7201292514801025,0.005335328634828329,0.0014341782970862095,0.04
6,octanol_gsolv_eV,86,0.15635895729064941,0.008471300825476646,0.650635009556011,0.949861432928649,1.5906777381896973,0.0839586853981018,0.05278170642763422,0.08
6,octanol_gsolv_eV,87,0.33761832118034363,0.016980480402708054,0.6272152627977159,0.9100666682177394,3.167539596557617,0.29536938667297363,0.09324883799210335,0.3
6,octanol_gsolv_eV,88,0.17330226302146912,0.009879056364297867,0.6513904181839092,0.9581460992076645,1.8787004947662354,0.06114935502409935,0.03254875122162998,0.18
6,octanol_gsolv_eV,89,0.628524124622345,0.00540858693420887,0.6715467562436344,0.909392247832016,0.9821900129318237,0.5957281589508057,0.6065304585744721,0.34
6,octanol_gsolv_eV,90,0.16827157139778137,0.0051462529227137566,0.6488397785298814,0.9563027000168469,0.8994351029396057,0.0639873817563057,0.07114174390923483,0.12
6,octanol_gsolv_eV,91,0.29653266072273254,0.00956774316728115,0.6336371003221226,0.9168524996960421,1.8149983882904053,0.16428600251674652,0.09051578424347353,0.2
6,octanol_gsolv_eV,92,0.21557489037513733,0.009202960878610611,0.6329896674413877,0.9729558527061994,1.6660863161087036,0.144015371799469,0.08643932214498347,0.16
6,octanol_gsolv_eV,93,0.30759894847869873,0.0183443333953619,0.6327282546298969,0.9054607526275953,3.477499008178711,0.4342189133167267,0.12486528746535645,0.2
6,octanol_gsolv_eV,94,0.2616558074951172,0.013297373428940773,0.6468453054319805,0.9229595477925276,2.553952693939209,0.30763840675354004,0.12045579680610273,0.14
6,octanol_gsolv_eV,95,0.37373992800712585,0.00732121616601944,0.6475595585311344,0.9385803811625437,1.3615500926971436,0.22324077785015106,0.16396075256248954,0.32
6,octanol_gsolv_eV,96,0.2624633312225342,0.021376093849539757,0.628487946313538,0.9234005453472047,4.045721054077148,0.45720863342285156,0.11301041948062418,0.08
6,octanol_gsolv_eV,97,0.07914980500936508,0.009709776379168034,0.6508237829849792,0.9737100999238999,1.8194934129714966,0.009245248511433601,0.005081221204497118,0.06
6,octanol_gsolv_eV,98,0.5178032517433167,0.024520238861441612,0.6293640210840052,0.9370014522644705,4.806079864501953,0.33197760581970215,0.06907450878453192,0.44
6,octanol_gsolv_eV,99,0.1916900873184204,0.022721359506249428,0.621689317700026,0.9089560183657457,4.2865519523620605,0.33887284994125366,0.07905487993783004,0.1
6,octanol_gsolv_eV,100,0.12576177716255188,0.018573211506009102,0.6289975651443225,0.9469518921719924,3.4854466915130615,0.08848890662193298,0.025388110751313545,0.04
6,octanol_gsolv_eV,101,0.47227969765663147,0.014187433756887913,0.6494204060077573,0.9540917921816225,2.711076259613037,0.7448664903640747,0.2747493685295273,0.52
6,octanol_gsolv_eV,102,0.16064713895320892,0.01060459390282631,0.6522262642766461,0.9698294731175012,2.0238053798675537,0.07114730030298233,0.03515520860392144,0.14
6,octanol_gsolv_eV,103,0.22328878939151764,0.0036198438610881567,0.6532216466209917,0.9632805801090869,0.5874446630477905,0.05633556842803955,0.09589936205353945,0.3
6,octanol_gsolv_eV,104,0.08481502532958984,0.0240975059568882,0.6222247337812532,0.9687738894747955,4.468022346496582,0.0028379259165376425,0.0006351637696626308,0.12
6,octanol_gsolv_eV,105,0.19648335874080658,0.006986072286963463,0.6552811091065553,0.9742805257659346,1.2994204759597778,0.11948657780885696,0.09195374401084591,0.16
6,octanol_gsolv_eV,106,0.2594163119792938,0.00654248520731926,0.6442009043396693,0.9226014642990259,1.1686358451843262,0.1796637922525406,0.1537380467943824,0.12
6,octanol_gsolv_eV,107,0.323691725730896,0.004709742963314056,0.6471190180991988,0.9409206513242512,0.8282325863838196,0.1843978464603424,0.222640173173395,0.26
6,octanol_gsolv_eV,108,0.48515692353248596,0.01169267576187849,0.6563257969859506,0.978160060790777,2.3206658363342285,0.13017398118972778,0.0560933759404815,0.46
6,octanol_gsolv_eV,109,0.23142291605472565,0.009503313340246677,0.6529958741735356,0.945272568053827,1.8143362998962402,0.06471143662929535,0.03566672652307961,0.14
6,octanol_gsolv_eV,110,0.5388085842132568,0.020999552682042122,0.6310746325916625,0.9465244372889612,4.119815826416016,0.5203632712364197,0.1263074110983023,0.5
6,octanol_gsolv_eV,111,0.13894931972026825,0.020200179889798164,0.6303409678725047,0.9280655151282013,3.7816054821014404,0.18500061333179474,0.048921182869924806,0.16
6,octanol_gsolv_eV,112,0.2707899808883667,0.009542777203023434,0.6526814690782061,0.9514867302840189,1.814048409461975,0.06870141625404358,0.03787187590788693,0.12
6,octanol_gsolv_eV,113,0.22420674562454224,0.016537057235836983,0.6368605687889721,0.9201328881879816,3.1525726318359375,0.40065377950668335,0.12708788227770598,0.16
6,octanol_gsolv_eV,114,0.10834533721208572,0.014174789190292358,0.6287728558768935,0.9354260382665411,2.6448099613189697,0.05262916162610054,0.019899033350530154,0.1
6,octanol_gsolv_eV,115,0.101463682949543,0.00841499399393797,0.6518932234280359,0.972270403760489,1.572838544845581,0.033268846571445465,0.02115210533240826,0.08
6,octanol_gsolv_eV,116,0.1553698480129242,0.029906779527664185,0.6205465168992521,0.9648479699758707,5.549936771392822,0.004576101433485746,0.000824532174325532,0.1
6,octanol_gsolv_eV,117,0.05995407700538635,0.0210696030408144,0.626143866936574,0.9509510948768696,3.935837984085083,0.040440041571855545,0.010274823744112057,0.02
6,octanol_gsolv_eV,118,0.1517062932252884,0.004610206466168165,0.655467219868848,0.9540196466087267,0.8563055396080017,0.05450593680143356,0.06365243978964005,0.1
6,octanol_gsolv_eV,119,0.41056564450263977,0.004299076274037361,0.6577200809716686,0.9299655012989267,0.7834780216217041,0.22823473811149597,0.29130968809958174,0.28
6,octanol_gsolv_eV,120,0.09525947272777557,0.01914980635046959,0.6252359929999307,0.9452946311861272,3.58128023147583,0.03147943690419197,0.008789995440043918,0.14
6,octanol_gsolv_eV,121,0.13955044746398926,0.010864847339689732,0.6525378881761554,0.9751797062654317,2.089242935180664,0.019479505717754364,0.00932371501166278,0.16
6,octanol_gsolv_eV,122,0.38594433665275574,0.012623234651982784,0.6444277101454643,0.9184523942541232,2.3928062915802,0.3836536705493927,0.16033628459578703,0.24
6,octanol_gsolv_eV,123,0.2648578882217407,0.01717008650302887,0.6301206319030146,0.9131371214062183,3.271780490875244,0.36117789149284363,0.11039184703868193,0.18
6,octanol_gsolv_eV,124,0.09149377048015594,0.018688300624489784,0.6297351129530009,0.9491839434367924,3.4959652423858643,0.01769065111875534,0.0050603052067766385,0.06
6,octanol_gsolv_eV,125,0.07420839369297028,0.013446884229779243,0.6409280762948393,0.9740000598967118,2.5297653675079346,0.008374843746423721,0.0033105219377217417,0.06
6,octanol_gsolv_eV,126,0.5044671297073364,0.009502299129962921,0.6609140563096159,0.9138658177104368,1.8667986392974854,0.5559990406036377,0.2978355720319528,0.16
6,octanol_gsolv_eV,127,0.2051059901714325,0.020632702857255936,0.6240119421408996,0.943239296540217,3.856476306915283,0.09428446739912033,0.02444834607956831,0.16
6,octanol_gsolv_eV,128,0.15639621019363403,0.016050711274147034,0.6460615810374302,0.9628493109545637,3.08394455909729,0.01771574467420578,0.005744508156590015,0.12
6,octanol_gsolv_eV,129,0.430886447429657,0.007994980551302433,0.6619375327698471,0.9053981048375288,1.5254576206207275,0.5082499384880066,0.33317866823543313,0.3
6,octanol_gsolv_eV,130,0.1870737373828888,0.02874811179935932,0.6217779699256547,0.9114534167498423,5.319918155670166,0.2296661138534546,0.04317098630712353,0.18
6,octanol_gsolv_eV,131,0.12860515713691711,0.008025648072361946,0.6429580007954643,0.949492027166001,1.4402151107788086,0.032203640788793564,0.022360299199596072,0.08
6,octanol_gsolv_eV,132,0.20326314866542816,0.014101706445217133,0.6500598193944331,0.9066086148746999,2.7304110527038574,0.28211191296577454,0.10332213997097843,0.06
6,octanol_gsolv_eV,133,0.22602128982543945,0.02011842094361782,0.6278215549548831,0.8961568040510066,3.8171868324279785,0.3049865961074829,0.07989826264634044,0.16
6,octanol_gsolv_eV,134,0.1488804668188095,0.028928866609930992,0.6277768471235714,0.9308191395933345,5.441556930541992,0.20142009854316711,0.037015159652681456,0.1
6,octanol_gsolv_eV,135,0.3368418514728546,0.020801087841391563,0.6306978181186313,0.9197887798852582,3.966585397720337,0.41413232684135437,0.10440524665859033,0.32
6,octanol_gsolv_eV,136,0.38917726278305054,0.012014947831630707,0.6270390795152185,0.9104161343217829,2.0204803943634033,0.5281961560249329,0.26142107466049064,0.32
6,octanol_gsolv_eV,137,0.6066374182701111,0.010280483402311802,0.6579158727353329,0.9409690836208913,1.9122542142868042,1.2089779376983643,0.6322265777561722,0.3
6,octanol_gsolv_eV,138,0.10540101677179337,0.014759881421923637,0.6423212256620212,0.9603868884842912,2.790268898010254,0.006333291996270418,0.002269778371821691,0.06
6,octanol_gsolv_eV,139,0.10472000390291214,0.015394499525427818,0.6222808619471429,0.9508419712698055,2.8154690265655518,0.03652200102806091,0.012971906521952492,0.04
6,octanol_gsolv_eV,140,0.1089819073677063,0.015752069652080536,0.6408742295637135,0.9617424306999087,2.973383903503418,0.0339135080575943,0.011405694373214096,0.02
6,octanol_gsolv_eV,141,0.16832423210144043,0.017312750220298767,0.6358435796199762,0.9274792370167142,3.234703540802002,0.10626822710037231,0.03285253988809884,0.1
6,octanol_gsolv_eV,142,0.061883166432380676,0.025423960760235786,0.622780982282144,0.9582540978154015,4.718412399291992,0.007886677049100399,0.0016714683630205387,0.22
6,octanol_gsolv_eV,143,0.09526751935482025,0.011422311887145042,0.644009989378622,0.9535439269304748,2.0698232650756836,0.1214638501405716,0.05868319879771486,0.06
6,octanol_gsolv_eV,144,0.397749125957489,0.010062754154205322,0.6477180719071856,0.8960801814887687,1.899454951286316,0.454572856426239,0.2393175242815846,0.26
6,octanol_gsolv_eV,145,0.19546838104724884,0.012937533669173717,0.6263707260450269,0.9369604018206645,2.3369405269622803,0.10529852658510208,0.045058282557997535,0.12
6,octanol_gsolv_eV,146,0.061135340481996536,0.026573076844215393,0.6269445519103569,0.982530677063945,4.996715545654297,0.004696530755609274,0.0009399235783381551,0.12
6,octanol_gsolv_eV,147,0.17659920454025269,0.011166520416736603,0.6512505703076263,0.9602676669278174,2.1356406211853027,0.02176661603152752,0.010192078112583765,0.1
6,octanol_gsolv_eV,148,0.08111371099948883,0.03245124965906143,0.6194582678676379,0.940969778363729,5.985407829284668,0.023034751415252686,0.003848484860555547,0.02
6,octanol_gsolv_eV,149,0.18913349509239197,0.03305643051862717,0.6207263052397749,0.9684032076651716,6.099482536315918,0.004933178890496492,0.0008087864603471966,0.24
6,octanol_gsolv_eV,150,0.2302674949169159,0.010658339597284794,0.63792291606388,0.8975784496740395,1.9869773387908936,0.28764617443084717,0.1447657045781329,0.02
6,octanol_gsolv_eV,151,0.1467515379190445,0.020811764523386955,0.6471883985278957,0.9733478534036162,4.019664287567139,0.03762885183095932,0.009361192661622447,0.16
6,octanol_gsolv_eV,152,0.5904821753501892,0.020558970049023628,0.645828519255965,0.9201413192343373,4.188849925994873,0.4681335687637329,0.11175706388014099,0.48
6,octanol_gsolv_eV,153,0.3675401508808136,0.010196700692176819,0.6521051458955311,0.8999704005493447,1.9442527294158936,0.5726624131202698,0.2945411388427435,0.16
6,octanol_gsolv_eV,154,0.11237693578004837,0.027993423864245415,0.6291363813682791,0.9728410150077469,5.3008270263671875,0.01034366525709629,0.0019513304632739748,0.12
6,octanol_gsolv_eV,155,0.1499795913696289,0.012368062511086464,0.6494893821881558,0.9391205658464843,2.350599527359009,0.06165216863155365,0.026228274069646517,0.1
6,octanol_gsolv_eV,156,0.307841956615448,0.010322815738618374,0.654494670965289,0.9271749941356213,1.9770936965942383,0.38997575640678406,0.19724697776264233,0.16
6,octanol_gsolv_eV,157,0.22681285440921783,0.016129828989505768,0.6472199289629676,0.9136768214184303,3.132305860519409,0.3475230038166046,0.11094797867503821,0.18
6,octanol_gsolv_eV,158,0.3994987905025482,0.013636558316648006,0.6509404834063941,0.9134621565860419,2.687725067138672,0.5361555814743042,0.19948304535667805,0.18
6,octanol_gsolv_eV,159,0.26554930210113525,0.012086671777069569,0.6531928061632812,0.9564686467110681,2.3406178951263428,0.20979835093021393,0.08963374644236383,0.14
6,octanol_gsolv_eV,160,0.1431579440832138,0.01431431993842125,0.6510265799936259,0.9689968809941427,2.7681570053100586,0.021349269896745682,0.0077124490611595094,0.14
6,octanol_gsolv_eV,161,0.6985121965408325,0.0038779866881668568,0.6765435444539105,0.9041216162404522,0.6586930751800537,0.5721560120582581,0.8686230865594864,0.56
6,octanol_gsolv_eV,162,0.267245888710022,0.00448433356359601,0.6512772075380018,0.9528287058334115,0.762271523475647,0.04721153527498245,0.061935325958022314,0.26
6,octanol_gsolv_eV,163,0.31662052869796753,0.007316427771002054,0.6566780259913441,0.9501543395154348,1.3704813718795776,0.23552289605140686,0.17185413890623968,0.22
6,octanol_gsolv_eV,164,0.3585825264453888,0.020196063444018364,0.6356748573751436,0.947878940144101,3.8098175525665283,1.2158358097076416,0.31913229253946285,0.24
6,octanol_gsolv_eV,165,0.21729932725429535,0.01671643927693367,0.6389909744462503,0.9180613330465617,3.166256904602051,0.191299170255661,0.06041808230330708,0.16
6,octanol_gsolv_eV,166,0.5109130144119263,0.00863312091678381,0.6422330158705745,0.9269356070629318,1.6421133279800415,0.6837138533592224,0.4163621607043752,0.36
6,octanol_gsolv_eV,167,0.22634124755859375,0.012099047191441059,0.6514306435785853,0.9604904047583909,2.328091859817505,0.05244738236069679,0.022528055385584337,0.24
6,octanol_gsolv_eV,168,0.24655382335186005,0.024130484089255333,0.6356112581367532,0.9697106990420465,4.590775966644287,0.004447271581739187,0.0009687407126926307,0.2
6,octanol_gsolv_eV,169,0.1322946399450302,0.021398020908236504,0.6304928539256316,0.9502592968201486,4.048271179199219,0.043809521943330765,0.010821785400254892,0.12
6,octanol_gsolv_eV,170,0.7790629863739014,0.004866481758654118,0.7012965800866702,0.9298440719929,0.894557774066925,0.8021249175071716,0.8966720101939015,0.62
6,octanol_gsolv_eV,171,0.19868113100528717,0.01956266537308693,0.6258782222560215,0.90299097229529,3.7034242153167725,0.21856889128684998,0.05901805425986142,0.14
6,octanol_gsolv_eV,172,0.6530062556266785,0.0055559249594807625,0.6792530348554884,0.9187350792888513,1.0088059902191162,0.7488399744033813,0.7423032591635689,0.56
6,octanol_gsolv_eV,173,0.44642722606658936,0.02540978044271469,0.6217456318011298,0.9199025108602763,4.79517936706543,0.3355940878391266,0.06998572152359435,0.38
6,octanol_gsolv_eV,174,0.12249476462602615,0.016722701489925385,0.6377782593118337,0.9736269056943594,3.1555235385894775,0.008642474189400673,0.002738840031997945,0.18
6,octanol_gsolv_eV,175,0.11120006442070007,0.019950024783611298,0.6296639871890468,0.9634384288144426,3.6598289012908936,0.006834655534476042,0.0018674795239923168,0.12
6,octanol_gsolv_eV,176,0.29399803280830383,0.01973707042634487,0.6221725418937039,0.9026359055388513,3.6867997646331787,0.31622669100761414,0.08577267852762743,0.1
6,octanol_gsolv_eV,177,0.052891045808792114,0.015371790155768394,0.6240930073827364,0.9633378728449529,2.7789077758789062,0.004896802362054586,0.0017621320162400271,0.22
6,octanol_gsolv_eV,178,0.4320657551288605,0.006379424594342709,0.6538869618175578,0.9447126639275796,1.2024048566818237,0.35839006304740906,0.29806105743487116,0.2
6,octanol_gsolv_eV,179,0.4285573363304138,0.006614431273192167,0.6496509796591399,0.9026124598898555,1.1940948963165283,0.36988046765327454,0.3097580173856026,0.18
6,octanol_gsolv_eV,180,0.09659796208143234,0.014935849234461784,0.6272778978744225,0.9495173793395693,2.783435821533203,0.02418818697333336,0.008690046591413684,0.12
6,octanol_gsolv_eV,181,0.4463251829147339,0.01387646235525608,0.6495800720054867,0.9470506819218212,2.580812454223633,0.6866784691810608,0.26607065850805084,0.44
6,octanol_gsolv_eV,182,0.46523115038871765,0.016498884186148643,0.6552027228706603,0.9361460307316534,3.251660108566284,1.054471731185913,0.32428719361164987,0.44
6,octanol_gsolv_eV,183,0.16926392912864685,0.025097884237766266,0.6254015352110598,0.9330096282212004,4.712817192077637,0.469139963388443,0.09954554659516159,0.06
6,octanol_gsolv_eV,184,0.4535621404647827,0.014344051480293274,0.6474926791041411,0.901622435977484,2.7474215030670166,0.5181888341903687,0.1886091499290885,0.3
6,octanol_gsolv_eV,185,0.638918399810791,0.008639109320938587,0.6729017829026003,0.8944082875692354,1.6870250701904297,0.897620439529419,0.5320729699814695,0.52
6,octanol_gsolv_eV,186,0.41376233100891113,0.010382098145782948,0.6602752391246791,0.9299091193722169,2.0366909503936768,0.4836792051792145,0.23748286655161058,0.2
6,octanol_gsolv_eV,187,0.16818611323833466,0.011873101815581322,0.6527903104159856,0.9730231152684228,2.285244941711426,0.06631141155958176,0.029017200891349952,0.14
6,octanol_gsolv_eV,188,0.20248907804489136,0.0048472280614078045,0.6493713904828173,0.9612336336748106,0.8527068495750427,0.03315897285938263,0.038886720419693856,0.16
6,octanol_gsolv_eV,189,0.34923821687698364,0.014173951931297779,0.6482572578269685,0.9262024153409032,2.6585288047790527,0.7241501212120056,0.27238754002223003,0.18
6,octanol_gsolv_eV,190,0.19238142669200897,0.010292920283973217,0.652410056133305,0.9695317562326271,1.9634140729904175,0.11563131213188171,0.05889298325939322,0.14
6,octanol_gsolv_eV,191,0.4466613233089447,0.012490939348936081,0.6464200159925599,0.921676859230917,2.4196388721466064,0.5536425709724426,0.22881206668715534,0.34
6,octanol_gsolv_eV,192,0.42190781235694885,0.010256143286824226,0.646520382018531,0.9364811718903379,1.9089289903640747,0.8205740451812744,0.42986095832971394,0.1
6,octanol_gsolv_eV,193,0.5111790299415588,0.009779366664588451,0.6489392173502548,0.9270548195926782,1.8140027523040771,0.9175116419792175,0.5057939635504021,0.22
6,octanol_gsolv_eV,194,0.07307702302932739,0.019695213064551353,0.625629004249989,0.9560400855432725,3.676574468612671,0.008146068081259727,0.0022156679133806824,0.04
6,octanol_gsolv_eV,195,0.1693439781665802,0.008419702760875225,0.6532351529243612,0.9639017920178321,1.579759955406189,0.034978583455085754,0.022141707881240754,0.16
6,octanol_gsolv_eV,196,0.13804513216018677,0.03758933022618294,0.6213784408052616,0.9328826226173093,7.07162618637085,0.48423221707344055,0.0684753696408192,0.1
6,octanol_gsolv_eV,197,0.2829655706882477,0.008912320248782635,0.6518542928749222,0.9320665967686217,1.6818602085113525,0.26865899562835693,0.1597391948919181,0.1
6,octanol_gsolv_eV,198,0.10278548300266266,0.024743545800447464,0.6218056176710278,0.971661443615701,4.569087982177734,0.004849220160394907,0.0010613103051002435,0.12
6,octanol_gsolv_eV,199,0.5722997784614563,0.020693913102149963,0.6343969896622572,0.9177542529484033,4.0711846351623535,0.5189127326011658,0.12745988676597375,0.48
6,octanol_gsolv_eV,200,0.1172780692577362,0.008568747900426388,0.652896365542994,0.9579244413245038,1.6135783195495605,0.019067957997322083,0.011817187778430866,0.1
6,octanol_gsolv_eV,201,0.20532339811325073,0.020421860739588737,0.6271660604946772,0.9103066897856344,3.887620210647583,0.3812169134616852,0.09805919632210774,0.16
6,octanol_gsolv_eV,202,0.29602310061454773,0.020176513120532036,0.6265009652538658,0.9137375681842399,3.8240106105804443,0.2533609867095947,0.0662553043154703,0.32
6,octanol_gsolv_eV,203,0.19102022051811218,0.004922699648886919,0.652024044294816,0.938834016625254,0.8709414601325989,0.0722794309258461,0.08298999902340362,0.16
6,octanol_gsolv_eV,204,0.10679979622364044,0.012957350350916386,0.6364664597354186,0.9576205165388643,2.371788263320923,0.00940052978694439,0.00396347765621455,0.06
6,octanol_gsolv_eV,205,0.12056697905063629,0.011312068440020084,0.6556804939657923,0.9563875398599908,2.304676055908203,0.017974279820919037,0.0077990482761517285,0.14
6,octanol_gsolv_eV,206,0.36141878366470337,0.022022653371095657,0.6351685798606976,0.9790268373889655,4.1832051277160645,0.023620741441845894,0.005646565425478498,0.26
6,octanol_gsolv_eV,207,0.15886124968528748,0.009207397699356079,0.6501276419641286,0.9639923848536387,1.7362523078918457,0.059290677309036255,0.034148652842412565,0.08
6,octanol_gsolv_eV,208,0.5658426880836487,0.005690006539225578,0.6619362768935262,0.9227275728227791,1.008070707321167,0.5029730200767517,0.4989461715570976,0.36
6,octanol_gsolv_eV,209,0.29104965925216675,0.0049446141347289085,0.6553813312116736,0.9686271961808981,0.8802506327629089,0.10542763024568558,0.11977001358666671,0.28
6,octanol_gsolv_eV,210,0.20722053945064545,0.01844877190887928,0.628820360200083,0.9210892791409782,3.4722630977630615,0.3766957223415375,0.1084870909074305,0.16
6,octanol_gsolv_eV,211,0.4552326500415802,0.009427892975509167,0.6566167176657853,0.9077052463530282,1.7986656427383423,0.6212434768676758,0.34539130681446506,0.36
6,octanol_gsolv_eV,212,0.23445141315460205,0.017124801874160767,0.6389542467846447,0.9062932683358096,3.2618751525878906,0.30130237340927124,0.09237090915948314,0.08
6,octanol_gsolv_eV,213,0.1718509942293167,0.0050806873477995396,0.6512722612770387,0.9590768255580486,0.8973855972290039,0.07013779133558273,0.07815791957454858,0.12
6,octanol_gsolv_eV,214,0.3496210277080536,0.013345291838049889,0.6578822839854834,0.9642818517572365,2.7091808319091797,0.19995824992656708,0.07380764235868856,0.28
6,octanol_gsolv_eV,215,0.41851386427879333,0.008451907895505428,0.6551317956331832,0.9095627906738961,1.5854876041412354,0.4773961305618286,0.30110366635152963,0.24
6,octanol_gsolv_eV,216,0.13283322751522064,0.017093881964683533,0.6275803099210246,0.9403071799190226,3.1299638748168945,0.06270737946033478,0.020034537767309922,0.1
6,octanol_gsolv_eV,217,0.34454545378685,0.016545873135328293,0.6349190568928875,0.9232480841440633,3.1321167945861816,0.278628408908844,0.08895849905420167,0.18
6,octanol_gsolv_eV,218,0.13547483086585999,0.02383768931031227,0.6261220579678386,0.9640872025816771,4.4855546951293945,0.008080468513071537,0.0018014424217913678,0.12
6,octanol_gsolv_eV,219,0.4039643108844757,0.007714403793215752,0.6565133650246997,0.8841606026391431,1.4865691661834717,0.3350137174129486,0.22536032969999148,0.26
6,octanol_gsolv_eV,220,0.1939343363046646,0.020901378244161606,0.6223647064378979,0.9026283833343147,3.914475202560425,0.2302066832780838,0.058809079471881076,0.1
6,octanol_gsolv_eV,221,0.04483286291360855,0.02701929211616516,0.6207826152634792,0.9591502009442914,5.001113414764404,0.013810516335070133,0.002761488330638214,0.04
6,octanol_gsolv_eV,222,0.1672852337360382,0.019036615267395973,0.6293349867046496,0.9359293679659335,3.6023917198181152,0.1704181581735611,0.04730694811339548,0.16
6,octanol_gsolv_eV,223,0.6308888792991638,0.01820155419409275,0.633455368923109,0.9249856586661922,3.539001226425171,0.7361759543418884,0.2080179992154219,0.5
6,octanol_gsolv_eV,224,0.2893534302711487,0.019934039562940598,0.6292737211271846,0.9196720823477758,3.8115811347961426,0.2385822981595993,0.06259404948292135,0.2
6,octanol_gsolv_eV,225,0.10623126477003098,0.02308603934943676,0.6255461262267468,0.9713275365144123,4.181314945220947,0.00577592384070158,0.0013813654116878228,0.1
6,octanol_gsolv_eV,226,0.35325366258621216,0.008204970508813858,0.6501558052892127,0.9012495351933831,1.5464879274368286,0.3714850842952728,0.24021208164940386,0.24
6,octanol_gsolv_eV,227,0.1253768652677536,0.019645381718873978,0.627464175941691,0.940970055843773,3.6932973861694336,0.02494441717863083,0.006753969304514186,0.1
6,octanol_gsolv_eV,228,0.32405659556388855,0.00867824349552393,0.6566599089969607,0.9463794954728149,1.6368809938430786,0.3233996033668518,0.19757062644338752,0.26
6,octanol_gsolv_eV,229,0.16888070106506348,0.03635525330901146,0.622605625395577,0.953214014655863,6.774755001068115,0.029492629691958427,0.004353313099486046,0.16
6,octanol_gsolv_eV,230,0.38177424669265747,0.017020246013998985,0.6335144495131029,0.912620552560675,3.2036311626434326,1.0969338417053223,0.3424032873997275,0.28
6,octanol_gsolv_eV,231,0.37433764338493347,0.008260835893452168,0.6490142236854246,0.9345937575168182,1.5383816957473755,0.37726837396621704,0.24523717033888184,0.26
6,octanol_gsolv_eV,232,0.41229504346847534,0.008351900614798069,0.6543192956575032,0.9034142845980933,1.6460484266281128,0.405396968126297,0.2462849583087553,0.28
6,octanol_gsolv_eV,233,0.17902237176895142,0.01895669288933277,0.6249998853278615,0.9405430727645956,3.583819627761841,0.11616463214159012,0.03241363801953867,0.12
6,octanol_gsolv_eV,234,0.17186671495437622,0.021611737087368965,0.6246648979198495,0.9421750886806557,4.070684909820557,0.10014065355062485,0.024600443357587026,0.12
6,octanol_gsolv_eV,235,0.23600128293037415,0.01804751716554165,0.6282946435763477,0.9198246652552464,3.3746016025543213,0.3702019155025482,0.1097024061217576,0.18
6,octanol_gsolv_eV,236,0.36774346232414246,0.01248890720307827,0.6523310833756699,0.8919359953463921,2.4481983184814453,0.5111436247825623,0.2087835862495043,0.18
6,octanol_gsolv_eV,237,0.5260984897613525,0.005664425436407328,0.6693955597579759,0.930621121023089,1.0353196859359741,0.5583518147468567,0.5393037747969434,0.28
6,octanol_gsolv_eV,238,0.3402758240699768,0.010185728780925274,0.6505294454431532,0.9156828529780077,1.9747300148010254,0.34581974148750305,0.17512254277572623,0.2
6,octanol_gsolv_eV,239,0.39022600650787354,0.005443669389933348,0.6468272719710557,0.9271558318850699,0.9584270715713501,0.22769884765148163,0.23757555937789535,0.3
6,octanol_gsolv_eV,240,0.19497646391391754,0.005580407567322254,0.6483456708142552,0.956341661212762,0.9841682314872742,0.06328964978456497,0.06430775527972662,0.16
6,octanol_gsolv_eV,241,0.2735167145729065,0.018867382779717445,0.6243025034054939,0.9003357989485994,3.4873034954071045,0.2953856289386749,0.08470316085987574,0.3
6,octanol_gsolv_eV,242,0.21136492490768433,0.017667077481746674,0.6265438903558651,0.9323438906539636,3.314892053604126,0.18443556129932404,0.055638481831948625,0.22
6,octanol_gsolv_eV,243,0.5138230919837952,0.006788813509047031,0.656912283800527,0.9047697301622595,1.2617217302322388,0.5593666434288025,0.4433359829079291,0.4
6,octanol_gsolv_eV,244,0.14403991401195526,0.009089548140764236,0.6538606652651051,0.9679501248101925,1.7130135297775269,0.025995006784796715,0.015175015452547388,0.08
6,octanol_gsolv_eV,245,0.7392309904098511,0.012782358564436436,0.6569311772097912,0.9340071625663784,2.5097529888153076,1.0689752101898193,0.42592845389713574,0.56
6,octanol_gsolv_eV,246,0.4117231070995331,0.01162360142916441,0.6582772837014315,0.9788599899838244,2.306124210357666,0.12234897166490555,0.05305393834182503,0.44
6,octanol_gsolv_eV,247,0.6962971091270447,0.00724186934530735,0.6778724229835518,0.923895739378499,1.3853262662887573,1.238769292831421,0.8942076122977458,0.38
6,octanol_gsolv_eV,248,0.13314025104045868,0.020053239539265633,0.6343272278598036,0.9436896572151032,3.806504726409912,0.0791570246219635,0.02079519935250943,0.02
6,octanol_gsolv_eV,249,0.14661180973052979,0.013905243016779423,0.6445125623961059,0.9430956468357512,2.6415512561798096,0.036075200885534286,0.013656824110884737,0.1
6,octanol_hl_gap_eV,0,0.15852706134319305,0.0012997890589758754,0.6372549467039204,0.9385177885118507,0.08673865348100662,0.18186400830745697,2.096689319108236,0.1
6,octanol_hl_gap_eV,1,0.08655007928609848,0.0010040613124147058,0.6394743083312746,0.9724163339279634,0.2724708914756775,0.0011731524718925357,0.004305606611916778,0.02
6,octanol_hl_gap_eV,2,0.06377305835485458,0.00166230124887079,0.6324947583230127,0.9774876111884905,0.3379044234752655,0.0007522461237385869,0.002226209754823322,0.1
6,octanol_hl_gap_eV,3,0.13862960040569305,0.0012406399473547935,0.6347853198052653,0.9516726683369112,0.19012494385242462,0.0060648187063634396,0.03189912161694556,0.04
6,octanol_hl_gap_eV,4,0.042849089950323105,0.0012634354643523693,0.6298141873700833,0.9645653364708842,0.24305708706378937,0.0013624089770019054,0.005605304471720039,0.0
6,octanol_hl_gap_eV,5,0.10373687744140625,0.0011606654152274132,0.6413279482428349,0.9634068764592947,0.3498561680316925,0.0005909444880671799,0.001689106958987923,0.12
6,octanol_hl_gap_eV,6,0.18656009435653687,0.0016063567018136382,0.6550422938802671,0.9477850235355947,0.37380194664001465,0.005389557685703039,0.014418217278288778,0.16
6,octanol_hl_gap_eV,7,0.4996977150440216,0.0009907318744808435,0.6662337544504136,0.9172539478575132,0.23573139309883118,0.07908540964126587,0.3354895103347947,0.34
6,octanol_hl_gap_eV,8,0.21675385534763336,0.00268397550098598,0.623705428763113,0.9713661988489448,0.6218571066856384,0.09144327789545059,0.14704869802457216,0.14
6,octanol_hl_gap_eV,9,0.006400780752301216,0.000713294604793191,0.6384087198193578,0.9524419388262653,0.2582376003265381,0.0002434675261611119,0.0009428043238213582,0.08
6,octanol_hl_gap_eV,10,0.11584041267633438,0.001319422386586666,0.6568500857638091,0.9646743670623377,0.31426024436950684,0.0022955257445573807,0.007304537515277637,0.1
6,octanol_hl_gap_eV,11,0.04566490277647972,0.002067593391984701,0.6373450201739155,0.9697947053456277,0.291657954454422,0.0013418385060504079,0.004600726589338059,0.02
6,octanol_hl_gap_eV,12,0.13158933818340302,0.0018624518997967243,0.6186822152605143,0.938102450614613,0.4616963863372803,0.017759820446372032,0.0384664488870356,0.12
6,octanol_hl_gap_eV,13,0.1946219801902771,0.0023407188709825277,0.6505134546237383,0.94856363275806,0.47922027111053467,0.10091924667358398,0.21059052122255995,0.16
6,octanol_hl_gap_eV,14,0.06096017733216286,0.0012242718366906047,0.6765416500382986,0.9609530556289712,0.1546860635280609,0.01387717667967081,0.08971187425138279,0.08
6,octanol_hl_gap_eV,15,0.07579898834228516,0.0012480998411774635,0.6443304152005314,0.9369838743761263,0.1824624091386795,0.0019952759612351656,0.0109352713835904,0.04
6,octanol_hl_gap_eV,16,0.16774499416351318,0.0007508468115702271,0.6448829273424106,0.9641429509672037,0.2548890709877014,0.0025673569180071354,0.010072448018499044,0.22
6,octanol_hl_gap_eV,17,0.22368034720420837,0.0011662137694656849,0.63926996613321,0.9685626273539287,0.2397061437368393,0.0019745202735066414,0.00823725350850566,0.16
6,octanol_hl_gap_eV,18,0.24719645082950592,0.0009952835971489549,0.6353836610297519,0.9377275983211426,0.21808849275112152,0.016253650188446045,0.0745277753237279,0.14
6,octanol_hl_gap_eV,19,0.07439593970775604,0.0024201201740652323,0.6368441447054765,0.9778052620132149,0.41688644886016846,0.001291745575144887,0.0030985549630522117,0.06
6,octanol_hl_gap_eV,20,0.4510837197303772,0.0023908489383757114,0.6531982160057395,0.9497633573953317,0.4147283136844635,0.010184966959059238,0.024558166450164856,0.42
6,octanol_hl_gap_eV,21,0.041659582406282425,0.001083202427253127,0.6444587596635869,0.9636411598692987,0.20464633405208588,0.0030691206920892,0.014997193603810455,0.08
6,octanol_hl_gap_eV,22,0.11352798342704773,0.0010173030896112323,0.6409519474215941,0.9762650043013685,0.3022380769252777,0.000772931962274015,0.0025573613031726204,0.08
6,octanol_hl_gap_eV,23,0.07650601863861084,0.0008410335867665708,0.6677395091830449,0.9594890226944446,0.30303826928138733,0.002121908823028207,0.007002115039991534,0.2
6,octanol_hl_gap_eV,24,0.11070307344198227,0.0012051500380039215,0.6395683299804826,0.9689710842674031,0.2479366511106491,0.0008846768760122359,0.0035681569144749904,0.08
6,octanol_hl_gap_eV,25,0.10554760694503784,0.0010294904932379723,0.6280477676742373,0.9593637016914898,0.3155139684677124,0.000955087598413229,0.0030270849910436414,0.12
6,octanol_hl_gap_eV,26,0.2786463797092438,0.0013915621675550938,0.6439309866839913,0.9570218492397022,0.17714381217956543,0.0036618923768401146,0.020671861646107983,0.16
6,octanol_hl_gap_eV,27,0.3138316571712494,0.0010032312711700797,0.6711861973666713,0.9853249182158197,0.22650322318077087,0.001767824636772275,0.0078048542177317475,0.24
6,octanol_hl_gap_eV,28,0.03836561739444733,0.0017785937525331974,0.6440703786347866,0.9711585385202111,0.423816978931427,0.001646919292397797,0.0038859209853984314,0.04
6,octanol_hl_gap_eV,29,0.09654220938682556,0.0013487243559211493,0.6527463155087319,0.9568566376191063,0.32882440090179443,0.0006553987041115761,0.0019931571450116175,0.08
6,octanol_hl_gap_eV,30,0.043001893907785416,0.0016239408869296312,0.6324215674596978,0.975239520860834,0.29974856972694397,0.0014291895786300302,0.0047679612948010085,0.02
6,octanol_hl_gap_eV,31,0.140249565243721,0.0006360102561302483,0.6425142683102676,0.9404139574155752,0.25013256072998047,0.003718061139807105,0.014864362836075442,0.12
6,octanol_hl_gap_eV,32,0.08846484124660492,0.001110612414777279,0.6437075661302023,0.9493713942151285,0.23789946734905243,0.00205215229652822,0.008626132371777225,0.12
6,octanol_hl_gap_eV,33,0.3514101803302765,0.0014971033670008183,0.655258582393687,0.9341970804508029,0.20028142631053925,0.07553756237030029,0.37715710219268267,0.26
6,octanol_hl_gap_eV,34,0.11635901778936386,0.0023766274098306894,0.6401949926292989,0.971586901560475,0.5373063087463379,0.0017935262294486165,0.003337995851255377,0.22
6,octanol_hl_gap_eV,35,0.15301132202148438,0.0009537364239804447,0.6472608223646961,0.9610715379695824,0.2212885171175003,0.0014291180996224284,0.006458166552146906,0.18
6,octanol_hl_gap_eV,36,0.32659366726875305,0.0010846212971955538,0.6622906768483681,0.9117293422647226,0.22944064438343048,0.039768412709236145,0.17332767180856165,0.12
6,octanol_hl_gap_eV,37,0.05897262692451477,0.0010038894833996892,0.6652123625637325,0.9687471203317204,0.30496037006378174,0.000646642642095685,0.002120415324654942,0.02
6,octanol_hl_gap_eV,38,0.09595496207475662,0.0006872023805044591,0.6494679810842232,0.9786143559939791,0.24015618860721588,0.00034659303491935134,0.0014431984323594375,0.06
6,octanol_hl_gap_eV,39,0.0661672055721283,0.0013522650115191936,0.6330306941041703,0.9741477627839823,0.24349845945835114,0.001109420321881771,0.004556169777622476,0.06
6,octanol_hl_gap_eV,40,0.0912613570690155,0.0014040692476555705,0.6149460618519247,0.971642274002531,0.3480214476585388,0.0019367634085938334,0.005565069111757987,0.12
6,octanol_hl_gap_eV,41,0.1360139399766922,0.002089620102196932,0.6309441293946023,0.9677383325602635,0.46314772963523865,0.0014899041270837188,0.003216909058924078,0.06
6,octanol_hl_gap_eV,42,0.1532164216041565,0.0009765962604433298,0.6472316282974948,0.9515222877028331,0.29559046030044556,0.003378746099770069,0.011430497778364792,0.18
6,octanol_hl_gap_eV,43,0.048294827342033386,0.0006852489896118641,0.6712828706111849,0.9702147433974295,0.30695539712905884,0.0003221736988052726,0.0010495782182641188,0.04
6,octanol_hl_gap_eV,44,0.40346071124076843,0.0015007680049166083,0.6305359365859524,0.927876479025425,0.35157570242881775,0.0712333396077156,0.2026116683138476,0.18
6,octanol_hl_gap_eV,45,0.12589770555496216,0.001081080874428153,0.6375974732995144,0.9613187110582315,0.27062150835990906,0.0025268523022532463,0.009337219046509403,0.16
6,octanol_hl_gap_eV,46,0.10963471233844757,0.0012559606693685055,0.6424753819549271,0.9729254595695289,0.322316437959671,0.0007148344884626567,0.0022178033890784634,0.16
6,octanol_hl_gap_eV,47,0.09074115008115768,0.0007226609159260988,0.6583425437386812,0.9653729829530491,0.25797003507614136,0.000673640810418874,0.002611314179261343,0.16
6,octanol_hl_gap_eV,48,0.15431539714336395,0.0026212772354483604,0.627141699874852,0.9362306359247246,0.642521321773529,0.0271703340113163,0.04228705428221274,0.06
6,octanol_hl_gap_eV,49,0.2364465445280075,0.0014783048536628485,0.6339036796896922,0.9498752839999167,0.21819449961185455,0.014999404549598694,0.06874327527174647,0.28
6,octanol_hl_gap_eV,50,0.07664809376001358,0.0006301882094703615,0.643283143692887,0.9741463782009057,0.28452661633491516,0.0010676064994186163,0.003752220137331338,0.04
6,octanol_hl_gap_eV,51,0.02151607535779476,0.002089420333504677,0.621168321443144,0.970847489551629,0.3031899631023407,0.0018929641228169203,0.006243492045209811,0.0
6,octanol_hl_gap_eV,52,0.02494921162724495,0.0027796528302133083,0.6382569179937905,0.9631255911933652,0.5212210416793823,0.004883372224867344,0.009369100313243384,0.08
6,octanol_hl_gap_eV,53,0.11071682721376419,0.0020811473950743675,0.6369908107947624,0.9527546676455723,0.23175323009490967,0.008022207766771317,0.03461530078129219,0.06
6,octanol_hl_gap_eV,54,0.04317755997180939,0.0017699088202789426,0.6291103674073746,0.9674173647588054,0.3008333444595337,0.0012788408203050494,0.00425099425930516,0.0
6,octanol_hl_gap_eV,55,0.09445083886384964,0.0007541751838289201,0.664303145605883,0.9632363445051007,0.2648780345916748,0.0025069343391805887,0.00946448558124186,0.06
6,octanol_hl_gap_eV,56,0.05477079004049301,0.0009203047957271338,0.6433443525770641,0.9589252491542342,0.2581958770751953,0.0019390563247725368,0.007510020480334077,0.0
6,octanol_hl_gap_eV,57,0.11935244500637054,0.001708693103864789,0.6430507103581207,0.9365564407780578,0.2783334255218506,0.07033799588680267,0.25271127876547755,0.04
6,octanol_hl_gap_eV,58,0.2005452662706375,0.0008086124435067177,0.6587638836913796,0.9432298301967039,0.2666538953781128,0.011565180495381355,0.043371504020153294,0.14
6,octanol_hl_gap_eV,59,0.13470084965229034,0.0007872007554396987,0.6525255946736623,0.9665280278155344,0.27097681164741516,0.0006534004933200777,0.0024112782542081786,0.24
6,octanol_hl_gap_eV,60,0.141148641705513,0.0011617311974987388,0.638170815598643,0.9602840235684806,0.23541776835918427,0.0013660904951393604,0.005802835124386505,0.12
6,octanol_hl_gap_eV,61,0.05264144390821457,0.001262079575099051,0.6287810155894542,0.931873289847905,0.2703930139541626,0.01322847604751587,0.04892314285071869,0.0
6,octanol_hl_gap_eV,62,0.10269913822412491,0.0014328614342957735,0.6303477568817921,0.9667103573707279,0.22611793875694275,0.002704943297430873,0.011962532969745728,0.14
6,octanol_hl_gap_eV,63,0.12301664054393768,0.0018952618120238185,0.6167340613841896,0.9298491097838877,0.4456294775009155,0.017543505877256393,0.03936792057751689,0.1
6,octanol_hl_gap_eV,64,0.13951319456100464,0.0012532116379588842,0.6655577314104497,0.9517543635145971,0.34177887439727783,0.0023730420507490635,0.0069432086899282154,0.1
6,octanol_hl_gap_eV,65,0.12461110949516296,0.0017877566860988736,0.6149973998316434,0.9422545965933145,0.29310286045074463,0.07387106865644455,0.25203121028175174,0.12
6,octanol_hl_gap_eV,66,0.5927495360374451,0.0006852417718619108,0.64823145313409,0.9281051254586636,0.2724071145057678,0.06030666083097458,0.2213843090713318,0.3
6,octanol_hl_gap_eV,67,0.04737159609794617,0.0012245456455275416,0.6659652462057235,0.9701240834645877,0.35838353633880615,0.0006042124005034566,0.0016859379386564522,0.06
6,octanol_hl_gap_eV,68,0.0616457425057888,0.00215231254696846,0.6263780936786281,0.9692715242637653,0.4780157506465912,0.000589088536798954,0.0012323621889072055,0.06
6,octanol_hl_gap_eV,69,0.053119443356990814,0.0028391475789248943,0.6206520003396028,0.9669383836517769,0.6525354385375977,0.001306800520978868,0.00200265065129267,0.04
6,octanol_hl_gap_eV,70,0.3622835576534271,0.0009256108896806836,0.6731420077354096,0.9154352126736185,0.33016306161880493,0.05880626291036606,0.1781127865183834,0.24
6,octanol_hl_gap_eV,71,0.10161784291267395,0.0012258952483534813,0.6324514783991972,0.9681761872746912,0.3629360496997833,0.0013634648639708757,0.0037567633887532494,0.1
6,octanol_hl_gap_eV,72,0.18444965779781342,0.0016614682972431183,0.6444878155600617,0.9592366927701361,0.08120640367269516,0.09505070745944977,1.1704829072662113,0.2
6,octanol_hl_gap_eV,73,0.2940223217010498,0.0011326809180900455,0.6361598133132897,0.9205270628973441,0.2674475312232971,0.026364454999566078,0.09857804586557908,0.18
6,octanol_hl_gap_eV,74,0.026066064834594727,0.0008432333124801517,0.637321584715205,0.9739728082451098,0.2471921592950821,0.00045566930202767253,0.0018433808876750165,0.0
6,octanol_hl_gap_eV,75,0.03616635873913765,0.0014365802053362131,0.6474527198315494,0.9715619604631929,0.27883633971214294,0.004191411659121513,0.01503179845011781,0.06
6,octanol_hl_gap_eV,76,0.06380728632211685,0.001011754386126995,0.6296204718619833,0.9889789136165759,0.23349034786224365,0.000882081629242748,0.0037778076794984477,0.02
6,octanol_hl_gap_eV,77,0.11041847616434097,0.0005660311435349286,0.686146460244752,0.9775888468492353,0.26742151379585266,0.000391815003240481,0.0014651588710233288,0.12
6,octanol_hl_gap_eV,78,0.18274526298046112,0.005421059671789408,0.63008627965771,0.9690284761300005,0.9315592646598816,0.057798609137535095,0.06204501563154734,0.08
6,octanol_hl_gap_eV,79,0.13635799288749695,0.001690821023657918,0.6375416425526284,0.9894422903514171,0.17771901190280914,0.0043516396544873714,0.024486067123010977,0.08
6,octanol_hl_gap_eV,80,0.03227001428604126,0.0014521845150738955,0.6467637956542718,0.9576287850767315,0.35437387228012085,0.0008543655858375132,0.0024109158509354363,0.02
6,octanol_hl_gap_eV,81,0.17357724905014038,0.002274819416925311,0.6378569692053571,0.9348770238204425,0.4275571405887604,0.05428094416856766,0.12695599959767015,0.06
6,octanol_hl_gap_eV,82,0.2858593165874481,0.0007719025597907603,0.6662672444065003,0.9546687318409997,0.300113707780838,0.014870657585561275,0.04955007785389386,0.24
6,octanol_hl_gap_eV,83,0.03148045390844345,0.001470165210776031,0.6351905787473975,0.967135659410481,0.2899584472179413,0.00040294459904544055,0.0013896632531714987,0.06
6,octanol_hl_gap_eV,84,0.04420667514204979,0.002341736573725939,0.6394968227922944,0.9741563371948976,0.38031503558158875,0.0015062628081068397,0.0039605660233848474,0.04
6,octanol_hl_gap_eV,85,0.06511270999908447,0.0012565093347802758,0.6325368739072306,0.9714493182202233,0.33211421966552734,0.0007318354910239577,0.0022035656641290163,0.04
6,octanol_hl_gap_eV,86,0.051086705178022385,0.0010075505124405026,0.6240389890794755,0.9692237575442182,0.35739514231681824,0.0016976784681901336,0.004750144216244555,0.02
6,octanol_hl_gap_eV,87,0.06711383908987045,0.000678746378980577,0.6379224991390338,0.9560088063349736,0.2616156041622162,0.00138528598472476,0.005295119873147192,0.12
6,octanol_hl_gap_eV,88,0.24580718576908112,0.000698065385222435,0.6507549793698892,0.9189890622843151,0.29279690980911255,0.012946861796081066,0.044217890839495906,0.22
6,octanol_hl_gap_eV,89,0.03975989297032356,0.0006387236644513905,0.6529116170948153,0.9747137757167443,0.2784278094768524,0.0005897121736779809,0.002118007446116864,0.06
6,octanol_hl_gap_eV,90,0.005631383042782545,0.0012442206498235464,0.6316043089400545,0.9662350110949862,0.2823076844215393,0.0005865627899765968,0.002077742910819057,0.02
6,octanol_hl_gap_eV,91,0.6681548953056335,0.001679183216765523,0.6416219966104835,0.9912416671834856,0.22419241070747375,0.007936550304293633,0.03540061984814126,0.54
6,octanol_hl_gap_eV,92,0.08663934469223022,0.0007830467075109482,0.6625642558470501,0.9794636422878418,0.2569129168987274,0.0023855778854340315,0.009285550583563703,0.02
6,octanol_hl_gap_eV,93,0.07252805680036545,0.0014839405193924904,0.6353189585639045,0.9671424686334629,0.26101064682006836,0.0006966579239815474,0.0026690785700469876,0.06
6,octanol_hl_gap_eV,94,0.06740221381187439,0.001538371667265892,0.6269570848208712,0.9133300423189747,0.029030730947852135,0.12452420592308044,4.289392717901699,0.04
6,octanol_hl_gap_eV,95,0.13222751021385193,0.000983194331638515,0.6642766499323494,0.9726963665181243,0.2635978162288666,0.0010273864027112722,0.0038975527848047597,0.08
6,octanol_hl_gap_eV,96,0.07762883603572845,0.001328603713773191,0.6401462403909428,0.9606945862092313,0.28543761372566223,0.0003170342242810875,0.001110695328982792,0.06
6,octanol_hl_gap_eV,97,0.30745795369148254,0.001014422858133912,0.6272252272545495,0.9563425398739669,0.2289632111787796,0.045506320893764496,0.19874948756825453,0.2
6,octanol_hl_gap_eV,98,0.04225829988718033,0.0011705290526151657,0.631022949367408,0.9623486563865968,0.2547267973423004,0.0006974066491238773,0.0027378613337909093,0.08
6,octanol_hl_gap_eV,99,0.1243448257446289,0.00336960656568408,0.6480261728196539,0.972222428568216,0.6970885396003723,0.0053217592649161816,0.007634265896792745,0.04
6,octanol_hl_gap_eV,100,0.15368720889091492,0.0013176754582673311,0.6252584939243775,0.9757264173369078,0.3791828453540802,0.0010558064095675945,0.0027844255680440516,0.04
6,octanol_hl_gap_eV,101,0.5550690293312073,0.0007182325352914631,0.6561787734245152,0.9213790028107642,0.22514694929122925,0.05787288025021553,0.25704492302650095,0.36
6,octanol_hl_gap_eV,102,0.0785670056939125,0.0015164169017225504,0.628637884660004,0.9706894046466801,0.3390779197216034,0.0006699071382172406,0.0019756731395758863,0.16
6,octanol_hl_gap_eV,103,0.06747199594974518,0.0012678205966949463,0.6315064576353517,0.9687866720619878,0.3432396948337555,0.0008955519879236817,0.0026091154414917914,0.04
6,octanol_hl_gap_eV,104,0.06291603296995163,0.001561633194796741,0.6174355888618059,0.9677741279125249,0.44271352887153625,0.0002839665685314685,0.0006414228389525185,0.14
6,octanol_hl_gap_eV,105,0.19150738418102264,0.0009686334524303675,0.634086021759414,0.96725542877135,0.32329145073890686,0.0008387070265598595,0.0025942753037326897,0.2
6,octanol_hl_gap_eV,106,0.3533236086368561,0.0009686416597105563,0.6431138825659308,0.9708259646308532,0.2371566891670227,0.008073628880083561,0.034043437309067566,0.32
6,octanol_hl_gap_eV,107,0.10114026814699173,0.0013891690177842975,0.6292829441747299,0.9476244673290264,0.3211733400821686,0.000615114695392549,0.0019152109425868875,0.08
6,octanol_hl_gap_eV,108,0.07045647501945496,0.0010804433841258287,0.6399761111444291,0.9798503588163803,0.2493647038936615,0.0002512467617634684,0.0010075474108421113,0.12
6,octanol_hl_gap_eV,109,0.13530991971492767,0.0009501409949734807,0.6431420178970042,0.9559403732125566,0.3214765787124634,0.0007825240027159452,0.0024341555638361266,0.14
6,octanol_hl_gap_eV,110,0.12772785127162933,0.003057317342609167,0.6329744157593014,0.9832136327182459,0.5761246681213379,0.01598072238266468,0.027738306076661473,0.04
6,octanol_hl_gap_eV,111,0.09904125332832336,0.0026158876717090607,0.6784523426012004,0.9811067690807429,0.5481362342834473,0.007982302457094193,0.014562625051651769,0.12
6,octanol_hl_gap_eV,112,0.07270289957523346,0.0005839383811689913,0.6433624562712668,0.9596266232791717,0.26753100752830505,0.0005057361559011042,0.0018903833263050707,0.12
6,octanol_hl_gap_eV,113,0.10560383647680283,0.0020497452933341265,0.6706933293762574,0.9673017531646855,0.395325243473053,0.018251357600092888,0.046167953859331465,0.22
6,octanol_hl_gap_eV,114,0.10770262032747269,0.000901762570720166,0.6447027516631081,0.9675903318400549,0.3093995451927185,0.001036952598951757,0.003351500075107935,0.02
6,octanol_hl_gap_eV,115,0.11979934573173523,0.0007834642310626805,0.6515654802076383,0.9761959493279087,0.30431222915649414,0.0022144706454128027,0.007276968958989814,0.1
6,octanol_hl_gap_eV,116,0.1420234888792038,0.001962432637810707,0.6621849396246793,0.9790599781663363,0.4239964485168457,0.004200782626867294,0.009907589182790983,0.1
6,octanol_hl_gap_eV,117,0.0546744167804718,0.0011101742275059223,0.6289407073236952,0.9228011085936989,0.26110929250717163,0.009096549823880196,0.03483809303198334,0.0
6,octanol_hl_gap_eV,118,-0.05267294868826866,0.0017766968812793493,0.6765227322576692,0.9740286520559553,0.46273329854011536,0.025078274309635162,0.05419595777687711,0.2
6,octanol_hl_gap_eV,119,0.18711349368095398,0.0013878806494176388,0.6299468381386066,0.9548475007360333,0.35190898180007935,0.007912283763289452,0.0224838926327389,0.12
6,octanol_hl_gap_eV,120,0.09922436624765396,0.000680687022395432,0.6486054686293039,0.9527528032408281,0.31441619992256165,0.00026708742370828986,0.0008494709362115295,0.06
6,octanol_hl_gap_eV,121,0.025985481217503548,0.0005550096393562853,0.6404191889713526,0.9716683362797669,0.2606249749660492,0.0005491486517712474,0.002107045389041412,0.02
6,octanol_hl_gap_eV,122,0.07507213205099106,0.0007263341685757041,0.667062027702213,0.9718096975649615,0.2759428918361664,0.001497137825936079,0.005425535029998033,0.22
6,octanol_hl_gap_eV,123,0.17798490822315216,0.0009777543600648642,0.6579341955018418,0.9558523834265484,0.26733338832855225,0.01143823005259037,0.04278638790352968,0.12
6,octanol_hl_gap_eV,124,0.1321832835674286,0.0008565159514546394,0.6400955760740854,0.9556680560968358,0.31557178497314453,0.0029229989740997553,0.009262548533445426,0.06
6,octanol_hl_gap_eV,125,0.36019936203956604,0.0008269214304164052,0.6476261717159715,0.9258685409257279,0.34838932752609253,0.04275516793131828,0.12272238140852965,0.08
6,octanol_hl_gap_eV,126,0.1157844066619873,0.002165628597140312,0.6207206484160177,0.9714888625926414,0.3412095606327057,0.00019939886988140643,0.0005843882847586704,0.04
6,octanol_hl_gap_eV,127,0.06699918955564499,0.0005727836978621781,0.6797281771567107,0.9605390448228812,0.29069504141807556,0.00047463388182222843,0.0016327553421856046,0.18
6,octanol_hl_gap_eV,128,0.10447917878627777,0.0015192481223493814,0.6268658654908268,0.9587015547143214,0.30217280983924866,0.0010447625536471605,0.003457500210568113,0.1
6,octanol_hl_gap_eV,129,0.18041324615478516,0.0011948223691433668,0.6423771092131729,0.9257575912819027,0.24896873533725739,0.020256558433175087,0.08136185616131761,0.18
6,octanol_hl_gap_eV,130,0.03926805779337883,0.0013189716264605522,0.631896172300733,0.9555017469778524,0.25997814536094666,0.0008676762226969004,0.0033374967787859326,0.02
6,octanol_hl_gap_eV,131,0.10091834515333176,0.0008098245598375797,0.6433488319693956,0.9556459452121167,0.28216615319252014,0.0025134095922112465,0.008907551681070562,0.14
6,octanol_hl_gap_eV,132,0.016984988003969193,0.0016772442031651735,0.6338226828837024,0.9672538065097056,0.22729358077049255,0.00031836089328862727,0.001400659412419082,0.0
6,octanol_hl_gap_eV,133,0.2326890528202057,0.0023566726595163345,0.6213012650732708,0.9205750377305217,0.4310457110404968,0.06176567077636719,0.14329262348364785,0.12
6,octanol_hl_gap_eV,134,-0.02417759969830513,0.0017122721765190363,0.6519405662093118,0.9699289115794216,0.059717655181884766,0.023492496460676193,0.39339281472328463,0.06
6,octanol_hl_gap_eV,135,0.10345188528299332,0.002925418084487319,0.6287731448994702,0.9830537845976286,0.5681632161140442,0.002058508573099971,0.0036230937074370156,0.04
6,octanol_hl_gap_eV,136,0.0755559504032135,0.001570529886521399,0.6584132092752792,0.9680940327761711,0.24682648479938507,0.002965593244880438,0.012014890733021638,0.24
6,octanol_hl_gap_eV,137,0.36222031712532043,0.0028256813529878855,0.6319954687712046,0.9474575305561324,0.7430383563041687,0.18368035554885864,0.24720171440741562,0.3
6,octanol_hl_gap_eV,138,0.1275397092103958,0.0007730444776825607,0.6127812133755937,0.9263182361679478,0.2632071375846863,0.016908803954720497,0.06424143398953279,0.02
6,octanol_hl_gap_eV,139,0.08393211662769318,0.0006005189497955143,0.6507644305612192,0.9524468224260394,0.27782484889030457,0.0014649723889306188,0.005273007057439429,0.14
6,octanol_hl_gap_eV,140,0.11661475151777267,0.0017263982445001602,0.651889060920716,0.9785284995913559,0.3806958794593811,0.0069534811191260815,0.018265186187464352,0.1
6,octanol_hl_gap_eV,141,0.043569114059209824,0.0019547459669411182,0.6314994421439251,0.9787192225692278,0.3355012834072113,0.004916801117360592,0.0146550888492217,0.0
6,octanol_hl_gap_eV,142,0.19843918085098267,0.0009406229946762323,0.6215057291827459,0.9624219167986949,0.32028642296791077,0.0017870166338980198,0.005579432987944854,0.12
6,octanol_hl_gap_eV,143,0.026862042024731636,0.0008788021514192224,0.631191973040861,0.9645895886133258,0.2538068890571594,0.005109483376145363,0.020131381756917813,0.0
6,octanol_hl_gap_eV,144,0.053836092352867126,0.0018770202295854688,0.6531979104379582,0.9557338868000638,0.36757877469062805,0.0020067535806447268,0.005459383726205918,0.1
6,octanol_hl_gap_eV,145,0.03470391035079956,0.00147808319889009,0.6326924819382511,0.9686108510195297,0.288904070854187,0.0014210856752470136,0.004918884220098964,0.04
6,octanol_hl_gap_eV,146,0.062052492052316666,0.002818178851157427,0.6442906839089324,0.988453146198923,0.5178927183151245,0.05558958277106285,0.10733802736581055,0.12
6,octanol_hl_gap_eV,147,0.09806197136640549,0.0012924395268782973,0.6535122920776457,0.9648099394043093,0.33129560947418213,0.000798019056674093,0.00240878247055756,0.14
6,octanol_hl_gap_eV,148,0.10305043309926987,0.000987945357337594,0.6289659873274174,0.9497975487030015,0.3369201719760895,0.002940356032922864,0.008727159361451159,0.02
6,octanol_hl_gap_eV,149,0.12782353162765503,0.0008345133974216878,0.6694236234613518,0.9532069198113571,0.3034397065639496,0.0012112505501136184,0.003991733856552319,0.14
6,octanol_hl_gap_eV,150,0.07444228231906891,0.001041517942212522,0.6443055664919224,0.9693562439970873,0.257665753364563,0.0014170350041240454,0.0054995085129498295,0.12
6,octanol_hl_gap_eV,151,0.03209809586405754,0.0022387297358363867,0.6291560252298274,0.9673583883497789,0.3725540041923523,0.0016144969267770648,0.004333591663514878,0.0
6,octanol_hl_gap_eV,152,0.11193236708641052,0.0019462750060483813,0.6272496030639312,0.9602484762346821,0.3577287197113037,0.0008894201018847525,0.0024862977247187127,0.1
6,octanol_hl_gap_eV,153,0.15538647770881653,0.0012461800361052155,0.6444254132819422,0.9797247621693694,0.24665623903274536,0.006043661385774612,0.02450236576003364,0.14
6,octanol_hl_gap_eV,154,0.20507672429084778,0.0006375475786626339,0.6860249896034254,0.973008839160481,0.26505690813064575,0.0012536683352664113,0.004729808191411038,0.18
6,octanol_hl_gap_eV,155,0.17676320672035217,0.0007147673750296235,0.6589127972760944,0.9355980785635301,0.28833842277526855,0.007341118063777685,0.02546007567468511,0.06
6,octanol_hl_gap_eV,156,0.08836399763822556,0.0007743751048110425,0.6426737251965049,0.9613949318420771,0.24629315733909607,0.0015739260707050562,0.006390457971749808,0.1
6,octanol_hl_gap_eV,157,0.127642422914505,0.0017339327605441213,0.6315462317942901,0.9325373463055,0.3411623537540436,0.012041660025715828,0.03529598120429519,0.06
6,octanol_hl_gap_eV,158,0.05474071577191353,0.002369177294895053,0.6229884475636431,0.9780420525430722,0.45167768001556396,0.0006141341873444617,0.0013596735338423183,0.08
6,octanol_hl_gap_eV,159,0.03919145092368126,0.001277703675441444,0.6365284256176382,0.9364288424640292,0.2722738981246948,0.0058459267020225525,0.02147075699245052,0.1
6,octanol_hl_gap_eV,160,0.1758972704410553,0.001756790792569518,0.641434174049978,0.8972059882292476,0.37463417649269104,0.045586783438920975,0.12168346162569169,0.14
6,octanol_hl_gap_eV,161,0.04740525409579277,0.002065798966214061,0.6503283094613825,0.9658064284691241,0.2855664789676666,0.03445904329419136,0.12066907649231827,0.06
6,octanol_hl_gap_eV,162,0.23225434124469757,0.0008807327249087393,0.685628644880869,0.9569261224409971,0.26280897855758667,0.0018791394541040063,0.007150210256961406,0.12
6,octanol_hl_gap_eV,163,0.06167934462428093,0.0019916542805731297,0.6311168310693669,0.9746534974048078,0.4870550334453583,0.0008414778858423233,0.001727685431951761,0.16
6,octanol_hl_gap_eV,164,0.17290931940078735,0.0019166881684213877,0.6370862082873239,0.9939712861261816,0.36515066027641296,0.004607064183801413,0.012616885809035486,0.1
6,octanol_hl_gap_eV,165,0.15265849232673645,0.0015558518934994936,0.6468865290737489,0.9336845219796337,0.27275344729423523,0.036722954362630844,0.13463791100324987,0.1
6,octanol_hl_gap_eV,166,0.36551132798194885,0.0030959562864154577,0.6795543676399627,0.9917159292789963,0.5744677186012268,0.0026920270174741745,0.004686124094194534,0.32
6,octanol_hl_gap_eV,167,0.07930457592010498,0.0009823914151638746,0.6526952431119828,0.9715930733165972,0.2820318341255188,0.0010109248105436563,0.003584435117681582,0.02
6,octanol_hl_gap_eV,168,0.07421646267175674,0.000648566463496536,0.6285110627474264,0.9792296765444064,0.2643367350101471,0.0002723593497648835,0.0010303499805066007,0.18
6,octanol_hl_gap_eV,169,0.17215286195278168,0.0011093466309830546,0.6427970074015796,0.9399106033572202,0.32008665800094604,0.019201237708330154,0.05998762281517339,0.16
6,octanol_hl_gap_eV,170,0.13529206812381744,0.00131658383179456,0.6441586539052011,0.9717403257787163,0.24736781418323517,0.004190744832158089,0.016941350458204062,0.16
6,octanol_hl_gap_eV,171,0.16891685128211975,0.0007525626569986343,0.6558509394909064,0.9651311554864308,0.2680301070213318,0.001027540653012693,0.0038336762404490394,0.22
6,octanol_hl_gap_eV,172,0.1382223516702652,0.001638376503251493,0.6351782880295893,0.9699179139556835,0.17651525139808655,0.002005796879529953,0.01136330636385846,0.08
6,octanol_hl_gap_eV,173,0.05296412855386734,0.0009054843685589731,0.6348766256762526,0.9639288702072699,0.30636200308799744,0.00046345978626050055,0.0015127848153133382,0.08
6,octanol_hl_gap_eV,174,0.18812860548496246,0.0011419361690059304,0.6562227457678083,0.9643557313228974,0.28813406825065613,0.0010356432758271694,0.0035943103920853727,0.06
6,octanol_hl_gap_eV,175,0.26723116636276245,0.0010323402239009738,0.6818028116824031,0.9177312561076796,0.3760700523853302,0.04345874860882759,0.11556024823880083,0.12
6,octanol_hl_gap_eV,176,0.1157916784286499,0.0018485637847334146,0.6397960439565491,0.9793114152342854,0.2724055349826813,0.0015205541858449578,0.005581950403253114,0.28
6,octanol_hl_gap_eV,177,-0.1249084323644638,0.001598414033651352,0.6627449605594105,0.9768397613544217,0.23253318667411804,0.007653327658772469,0.03291284039167351,0.14
6,octanol_hl_gap_eV,178,0.2542273700237274,0.0019263917347416282,0.6261629667981812,0.9318226343690237,0.27592211961746216,0.06641656160354614,0.24070763770453027,0.12
6,octanol_hl_gap_eV,179,0.06085769459605217,0.0027559201698750257,0.6271882133193201,0.9785709353419447,0.4142085611820221,0.000683022488374263,0.0016489820645549426,0.08
6,octanol_hl_gap_eV,180,0.1493028700351715,0.0009509719093330204,0.657202918493262,0.9844668476042289,0.2553870379924774,0.0014574757078662515,0.0057069290568661606,0.08
6,octanol_hl_gap_eV,181,0.10455702245235443,0.0012186919339001179,0.6513011310186905,0.9765778143752106,0.24500297009944916,0.002211968181654811,0.009028332108614647,0.26
6,octanol_hl_gap_eV,182,0.3596208691596985,0.0018421594286337495,0.6259621761421312,0.9532735823184171,0.2963135242462158,0.10743938386440277,0.3625868381732322,0.2
6,octanol_hl_gap_eV,183,0.032233867794275284,0.001467907801270485,0.6345241440931058,0.9553478665551542,0.25081685185432434,0.0007720733410678804,0.003078235514718542,0.04
6,octanol_hl_gap_eV,184,0.13250292837619781,0.0013961548684164882,0.626378265298352,0.8958906544433305,0.04387457296252251,0.15548346936702728,3.5438172697393697,0.02
6,octanol_hl_gap_eV,185,0.08089948445558548,0.001326284371316433,0.6380330785942989,0.9350510697907475,0.27706122398376465,0.006118547637015581,0.022083738565213725,0.0
6,octanol_hl_gap_eV,186,0.2420511096715927,0.001614394597709179,0.641763635195532,0.9147487441828372,0.3993223011493683,0.06760922819375992,0.16930992333551234,0.14
6,octanol_hl_gap_eV,187,0.12300419062376022,0.0009113367996178567,0.6427004752057872,0.9602716315438662,0.307839035987854,0.0021467087790369987,0.006973478110559372,0.16
6,octanol_hl_gap_eV,188,0.5754396915435791,0.0007119496585801244,0.6612611952337424,0.9048365293516591,0.28207579255104065,0.06678000837564468,0.23674491090390562,0.36
6,octanol_hl_gap_eV,189,0.18824158608913422,0.0007382538169622421,0.6905106712798905,0.9761149376489495,0.2924787998199463,0.00040109187830239534,0.0013713536794780089,0.22
6,octanol_hl_gap_eV,190,0.27094948291778564,0.0009774819482117891,0.6405931158227773,0.9712677225423405,0.23464831709861755,0.0045641567558050156,0.019451052588997687,0.44
6,octanol_hl_gap_eV,191,0.06575405597686768,0.0020899518858641386,0.6321824741799011,0.9811982325187993,0.3255479335784912,0.0004248484328854829,0.00130502573988248,0.1
6,octanol_hl_gap_eV,192,0.06920679658651352,0.0010528493439778686,0.6361106901426854,0.9716101731116846,0.27079933881759644,0.0002835503255482763,0.0010470864766005527,0.0
6,octanol_hl_gap_eV,193,0.8020275831222534,0.0008921695989556611,0.6646009994159745,0.9429765624777169,0.2922377288341522,0.1842307448387146,0.630413963226724,0.3
6,octanol_hl_gap_eV,194,0.06848286837339401,0.0016534413443878293,0.6221936533585486,0.9646243554734844,0.3970814347267151,0.0007936488837003708,0.0019987055910750066,0.04
6,octanol_hl_gap_eV,195,0.09209387749433517,0.002360709710046649,0.6361713477573021,0.9734221893608763,0.5443834662437439,0.001632274012081325,0.002998390129928167,0.06
6,octanol_hl_gap_eV,196,0.044034287333488464,0.002080146223306656,0.627006276512823,0.9628766505615596,0.2905104458332062,0.0005894674686715007,0.00202907495109466,0.0
6,octanol_hl_gap_eV,197,0.38118383288383484,0.000827738200314343,0.6611068194021208,0.919503396080309,0.33858099579811096,0.05166061595082283,0.15257978620166565,0.12
6,octanol_hl_gap_eV,198,0.11256476491689682,0.0017633904935792089,0.616063257990721,0.9626343230237737,0.4558475613594055,0.0017968673491850495,0.003941816303297802,0.16
6,octanol_hl_gap_eV,199,0.13608293235301971,0.0017595968674868345,0.6273400896056067,0.9736755080789425,0.34258851408958435,0.00260158465243876,0.007593905065242394,0.06
6,octanol_hl_gap_eV,200,0.08767826855182648,0.0011910235043615103,0.6413880124258486,0.9201136277610129,0.2742116153240204,0.007451032754033804,0.027172564317632347,0.08
6,octanol_hl_gap_eV,201,0.11263368278741837,0.0011259516468271613,0.6422748173550592,0.968385908989815,0.24536699056625366,0.00080775999231264,0.0032920483331865687,0.18
6,octanol_hl_gap_eV,202,0.05797818675637245,0.0018062996678054333,0.6208331205027708,0.955183350781065,0.4461115598678589,0.0012182515347376466,0.002730822611049354,0.1
6,octanol_hl_gap_eV,203,0.11528348922729492,0.0009111276012845337,0.6519826905884369,0.9502799980824272,0.3037905693054199,0.0012601540656760335,0.004148101333616847,0.04
6,octanol_hl_gap_eV,204,0.05948338285088539,0.0014438788639381528,0.6362796534170707,0.9602722915894277,0.283996045589447,0.0014359757769852877,0.005056323140010112,0.04
6,octanol_hl_gap_eV,205,0.08300024271011353,0.0014958109240978956,0.6788289389259023,0.9581322099684193,0.42934203147888184,0.001643090508878231,0.003826996633007384,0.12
6,octanol_hl_gap_eV,206,0.12599676847457886,0.0008630787488073111,0.6676490547922473,0.9828837670404051,0.2808787226676941,0.007717479486018419,0.027476198313351498,0.16
6,octanol_hl_gap_eV,207,0.0969531387090683,0.0008597476407885551,0.633438935811701,0.9617044457912725,0.31821581721305847,0.0009500557789579034,0.0029855705705596723,0.06
6,octanol_hl_gap_eV,208,0.326336532831192,0.0019131507724523544,0.6414419347612137,0.9852925347350909,0.2987203001976013,0.0034920694306492805,0.011690097486977958,0.28
6,octanol_hl_gap_eV,209,0.08428128808736801,0.0015697820344939828,0.6443884645164522,0.9431868471540104,0.34774962067604065,0.008449769578874111,0.0242984293194839,0.04
6,octanol_hl_gap_eV,210,0.1949804276227951,0.0014682274777442217,0.6623423920666358,0.9793657147427082,0.18255043029785156,0.004404410719871521,0.0241270903206595,0.14
6,octanol_hl_gap_eV,211,0.2105710804462433,0.0009892365196719766,0.6434220990219883,0.9471793855778838,0.24395667016506195,0.00797880906611681,0.032705845102404124,0.1
6,octanol_hl_gap_eV,212,0.054581888020038605,0.00556822307407856,0.6286675445986327,0.981428977118648,0.9314895868301392,0.002803261624649167,0.0030094395732202135,0.04
6,octanol_hl_gap_eV,213,0.06720701605081558,0.0005802427767775953,0.6255744546705733,0.9761254494664688,0.2699628472328186,0.0003477110876701772,0.0012879960751425465,0.02
6,octanol_hl_gap_eV,214,0.06150003895163536,0.0015615071170032024,0.6424086193837855,0.9739180359893935,0.32369837164878845,0.0012884699972346425,0.003980464871267958,0.04
6,octanol_hl_gap_eV,215,0.22497664391994476,0.0011757458560168743,0.6430734581367341,0.921199222392576,0.18555299937725067,0.02575027197599411,0.13877583257838283,0.08
6,octanol_hl_gap_eV,216,0.22375838458538055,0.000848044641315937,0.63438783181918,0.9398137138545071,0.24045498669147491,0.014566091820597649,0.06057720832085398,0.12
6,octanol_hl_gap_eV,217,0.08070670813322067,0.001428985851816833,0.634680481371509,0.9587688050697829,0.27991607785224915,0.0006829460617154837,0.00243982434648134,0.1
6,octanol_hl_gap_eV,218,0.10121101886034012,0.0011786603135988116,0.6429096744815315,0.9769712511756903,0.2549482583999634,0.00038129783933982253,0.001495589111817511,0.1
6,octanol_hl_gap_eV,219,0.028478749096393585,0.0016844082856550813,0.6261928749532124,0.9630364909862883,0.2508634626865387,0.0002762715448625386,0.0011012825140173882,0.1
6,octanol_hl_gap_eV,220,0.03693760186433792,0.0015682473313063383,0.6271612335781127,0.9543403490672406,0.26516038179397583,0.000584505673032254,0.0022043476822506724,0.04
6,octanol_hl_gap_eV,221,0.07736172527074814,0.0020140656270086765,0.639496625310013,0.9293342221339345,0.3832974433898926,0.027089130133390427,0.07067391291163712,0.02
6,octanol_hl_gap_eV,222,0.18097800016403198,0.001064748503267765,0.6531502482288594,0.9695400862158967,0.1865825206041336,0.009134478867053986,0.04895677707363772,0.2
6,octanol_hl_gap_eV,223,0.13250407576560974,0.0009525182540528476,0.6541642256771796,0.9725125621492179,0.3059162497520447,0.0008608385687693954,0.0028139681022735265,0.2
6,octanol_hl_gap_eV,224,0.44169601798057556,0.0008466637227684259,0.6623469549843284,0.9460941775961336,0.22991545498371124,0.026664679870009422,0.11597602202034886,0.28
6,octanol_hl_gap_eV,225,0.20769736170768738,0.0030175321735441685,0.6393386493304776,0.9346152638378986,0.532310962677002,0.07517827302217484,0.14122999204093387,0.08
6,octanol_hl_gap_eV,226,0.07536757737398148,0.0008458004449494183,0.6589426874554811,0.9591390871362657,0.28776082396507263,0.0004822778282687068,0.0016759676373711105,0.02
6,octanol_hl_gap_eV,227,0.06269677728414536,0.0012693289900198579,0.6267764607610162,0.9564270201253031,0.37756630778312683,0.00026247763889841735,0.0006951828949980989,0.08
6,octanol_hl_gap_eV,228,0.1595034897327423,0.000860425818245858,0.6412942779956796,0.9658112631899427,0.2584722936153412,0.0015893203672021627,0.00614890031334419,0.1
6,octanol_hl_gap_eV,229,0.11766640096902847,0.002308772411197424,0.6425340125409869,0.9828800029903499,0.4763529300689697,0.00426195515319705,0.00894705350627312,0.14
6,octanol_hl_gap_eV,230,0.0633937194943428,0.002004052512347698,0.6418370109119118,0.9726624155991517,0.32087135314941406,0.0018539013108238578,0.005777709018357232,0.04
6,octanol_hl_gap_eV,231,0.019180895760655403,0.0015564915956929326,0.6687925633862286,0.9778949072165322,0.38117653131484985,0.0007712467922829092,0.002023332311731079,0.08
6,octanol_hl_gap_eV,232,0.007961775176227093,0.0016242361161857843,0.6208670710735555,0.9482783059950062,0.39918753504753113,0.0009493656107224524,0.002378244627827399,0.04
6,octanol_hl_gap_eV,233,0.08886714279651642,0.0010809724917635322,0.642642127942594,0.9749684245664099,0.2486671507358551,0.0011354684829711914,0.0045662182544462205,0.12
6,octanol_hl_gap_eV,234,0.044628944247961044,0.0007089630817063153,0.6566153308516243,0.9550536148395725,0.29476454854011536,0.0007083381642587483,0.002403064302566048,0.12
6,octanol_hl_gap_eV,235,0.02544219233095646,0.0010375998681411147,0.6391609452055442,0.9608939286138873,0.24865946173667908,0.0004408216627780348,0.0017727926365611142,0.06
6,octanol_hl_gap_eV,236,0.1287013292312622,0.001025244826450944,0.6586547501230593,0.9625314624916814,0.3666800856590271,0.001251300680451095,0.003412513330802125,0.18
6,octanol_hl_gap_eV,237,0.22368744015693665,0.0017714016139507294,0.6460363784966086,0.911540617063427,0.2369336038827896,0.05628031864762306,0.23753624528272815,0.08
6,octanol_hl_gap_eV,238,0.0895613357424736,0.0012405936140567064,0.6350747538795476,0.9749125369673761,0.3690767288208008,0.0009504088084213436,0.002575098168497096,0.18
6,octanol_hl_gap_eV,239,0.07273367792367935,0.0017744016367942095,0.6267681067751523,0.9622377254605001,0.24006955325603485,0.0008711439440958202,0.003628714813188921,0.06
6,octanol_hl_gap_eV,240,0.08550349622964859,0.0009545750799588859,0.6340991560044418,0.9763067270973145,0.33302396535873413,0.0007106824195943773,0.0021340278584120174,0.08
6,octanol_hl_gap_eV,241,0.05678166449069977,0.0015570055693387985,0.632811252238507,0.9647343800985035,0.32194235920906067,0.0009604605729691684,0.0029833308525439215,0.08
6,octanol_hl_gap_eV,242,0.11165034025907516,0.0014082049019634724,0.6280007636529878,0.9597727594935632,0.35599932074546814,0.004252079874277115,0.011944067380165763,0.14
6,octanol_hl_gap_eV,243,0.11533971130847931,0.0023034263867884874,0.6283448479793237,0.915742591647501,0.5221832990646362,0.04608352109789848,0.08825161812039153,0.06
6,octanol_hl_gap_eV,244,0.32282528281211853,0.000992186483927071,0.6553000631361245,0.9517170817478682,0.3205522894859314,0.015811525285243988,0.04932588474286325,0.3
6,octanol_hl_gap_eV,245,0.12408063560724258,0.0010012844577431679,0.6577337554957263,0.9511871604000892,0.23312106728553772,0.009769673459231853,0.04190815344571795,0.16
6,octanol_hl_gap_eV,246,0.11505351215600967,0.0017459186492487788,0.6718952029188339,0.982541074579754,0.2254541665315628,0.024414731189608574,0.10829132841149154,0.2
6,octanol_hl_gap_eV,247,0.06072831153869629,0.0018173028947785497,0.6340248294060022,0.9547395918453603,0.32160764932632446,0.004915366880595684,0.015283737469839303,0.0
6,octanol_hl_gap_eV,248,0.06979190558195114,0.0009412714280188084,0.645524211189006,0.9633428854538302,0.24409331381320953,0.00043075159192085266,0.0017647004958541465,0.12
6,octanol_hl_gap_eV,249,0.18990443646907806,0.0014648069627583027,0.6332332896232702,0.9483893364709688,0.334311842918396,0.007693359162658453,0.023012523563325775,0.14
6,octanol_dipole,0,0.3149328827857971,0.0022749868221580982,0.655934539886238,0.9801616359439813,0.2747667133808136,0.07665582746267319,0.2789851307659376,0.12
6,octanol_dipole,1,0.09700857847929001,0.00207264325581491,0.6393666992491505,0.9738197037109069,0.19161953032016754,0.05451900511980057,0.28451695413670763,0.14
6,octanol_dipole,2,0.6036093831062317,0.0040283468551933765,0.6604061440063267,0.912730872030765,0.6482688784599304,0.4203544557094574,0.6484260924388021,0.4
6,octanol_dipole,3,0.44844236969947815,0.005653715692460537,0.6610864064017532,0.9218184165531251,1.0321767330169678,0.2390364110469818,0.23158476974025372,0.2
6,octanol_dipole,4,0.17762254178524017,0.004458175040781498,0.6426948124864102,0.9764915527642146,0.7040072679519653,0.021776024252176285,0.03093153330011086,0.12
6,octanol_dipole,5,0.36027956008911133,0.0015080091543495655,0.6453360504771923,0.95110307035816,0.029239969328045845,0.11673663556575775,3.9923651853419866,0.26
6,octanol_dipole,6,0.1525368094444275,0.003264770144596696,0.6490717476989303,0.9536041969305409,0.5735609531402588,0.01041793916374445,0.018163612963375566,0.12
6,octanol_dipole,7,0.62159663438797,0.0028317382093518972,0.6578454206603159,0.9058087244231308,0.4415309429168701,0.3981963098049164,0.9018536892891953,0.32
6,octanol_dipole,8,0.18779553472995758,0.009206628426909447,0.6556851080896022,0.973242496693767,1.622463583946228,0.011915166862308979,0.007343873218607706,0.16
6,octanol_dipole,9,0.08930565416812897,0.002633086172863841,0.6401854754609553,0.9792413274331335,0.3506092429161072,0.036980077624320984,0.10547376708254516,0.08
6,octanol_dipole,10,0.41743171215057373,0.01077217236161232,0.6355599842449189,0.9040284816614399,1.950982928276062,0.6131542325019836,0.3142796503318367,0.24
6,octanol_dipole,11,0.4960312843322754,0.006200236734002829,0.6518885144459796,0.9101039690230994,1.0951120853424072,0.41911694407463074,0.3827160248565662,0.34
6,octanol_dipole,12,0.13942301273345947,0.004468515515327454,0.6516664481257026,0.9625919191013668,0.7413428425788879,0.012792576104402542,0.017255951456820406,0.14
6,octanol_dipole,13,0.38664698600769043,0.0077795227989554405,0.6601433086464603,0.9574224316010194,1.3773248195648193,0.2233436107635498,0.16215754453195552,0.32
6,octanol_dipole,14,0.2166953831911087,0.005937305744737387,0.652843907036754,0.9410386564778666,1.06246018409729,0.011275955475866795,0.010613061688939723,0.06
6,octanol_dipole,15,0.6967281103134155,0.0027417896781116724,0.6753767380855105,0.930155088326593,0.3721018433570862,0.3753281533718109,1.0086705026387859,0.56
6,octanol_dipole,16,0.20381733775138855,0.0030084250029176474,0.639935142425698,0.9641764826320434,0.4175696074962616,0.06175408139824867,0.14788931064337948,0.16
6,octanol_dipole,17,0.03145381435751915,0.017156042158603668,0.6362370385937575,0.9478672446443894,3.2225754261016846,0.005787647794932127,0.0017959696918353851,0.04
6,octanol_dipole,18,0.09613344818353653,0.0038339996244758368,0.6306982465688582,0.9642330741698186,0.6379767656326294,0.01711338944733143,0.026824471311837635,0.06
6,octanol_dipole,19,0.2071782946586609,0.00469950633123517,0.648119210915997,0.9524900414249715,0.8017327785491943,0.031120924279093742,0.03881707859744712,0.22
6,octanol_dipole,20,0.3384547531604767,0.006583567708730698,0.6569667845945915,0.9574764754558593,1.1858760118484497,0.04400230571627617,0.037105317315331184,0.22
6,octanol_dipole,21,0.5470775961875916,0.003944263327866793,0.6600332919675989,0.9140946514185013,0.6792399287223816,0.3083855211734772,0.45401559615839404,0.28
6,octanol_dipole,22,0.23745179176330566,0.006876015104353428,0.6665709834995721,0.9534913214527154,1.445708990097046,0.09094862639904022,0.06290935936763811,0.16
6,octanol_dipole,23,0.34988290071487427,0.0025412498507648706,0.6373027104059872,0.9338739340530358,0.3921121656894684,0.18284417688846588,0.4663057994310449,0.22
6,octanol_dipole,24,0.09086126834154129,0.011754018254578114,0.6218350315100494,0.9520680211375336,2.0329413414001465,0.02235530875623226,0.010996534086337929,0.06
6,octanol_dipole,25,0.17896433174610138,0.00720851169899106,0.6571793646847082,0.9600398395971621,1.2545344829559326,0.028082316741347313,0.02238465113783066,0.18
6,octanol_dipole,26,0.17903858423233032,0.005888558924198151,0.6411685264957006,0.9648144154535123,1.0743498802185059,0.023908546194434166,0.022253966454179288,0.14
6,octanol_dipole,27,0.2233462631702423,0.0017783580115064979,0.6479944194539555,0.9557260303035324,0.11128244549036026,0.03766827657818794,0.3384925305352938,0.12
6,octanol_dipole,28,0.1308905929327011,0.006229098420590162,0.6291526789601118,0.9653032143106166,1.0144561529159546,0.01038933265954256,0.010241283104922222,0.12
6,octanol_dipole,29,0.11595934629440308,0.009043799713253975,0.6627962510958776,0.9608796946099425,1.7779592275619507,0.0040496764704585075,0.002277710538959703,0.12
6,octanol_dipole,30,0.10339856147766113,0.005725728813558817,0.656772607667897,0.9569058082372142,1.0227200984954834,0.0016174903139472008,0.0015815571790626583,0.12
6,octanol_dipole,31,0.17656980454921722,0.0035859064664691687,0.6414433574006531,0.962013215019812,0.5716756582260132,0.012605544179677963,0.022050167780091723,0.14
6,octanol_dipole,32,0.4313744604587555,0.00855173822492361,0.6482219217771719,0.9020473240237783,1.5922651290893555,0.3180294334888458,0.19973396872085775,0.26
6,octanol_dipole,33,0.6894813179969788,0.0036779942456632853,0.6790066907715422,0.918149559824647,0.6197376847267151,0.438046932220459,0.706826360597426,0.4
6,octanol_dipole,34,0.39066314697265625,0.0036626034416258335,0.6422993604419971,0.9431404371897893,0.6214975714683533,0.05414849519729614,0.08712583553522926,0.46
6,octanol_dipole,35,0.4417273700237274,0.008677080273628235,0.6545585564223848,0.8960225748435069,1.6452877521514893,0.5635944604873657,0.3425506934883406,0.2
6,octanol_dipole,36,0.8996438980102539,0.0015267858980223536,0.7266504884729756,0.9213128028066631,0.09313860535621643,0.5218911170959473,5.6033812735323965,0.84
6,octanol_dipole,37,0.12441050261259079,0.0033724878448992968,0.6457103936529005,0.9647614811761249,0.543779194355011,0.014224056154489517,0.026157779301138943,0.08
6,octanol_dipole,38,0.25580698251724243,0.0037885094061493874,0.6509937651504931,0.9483864870840577,0.626454770565033,0.14981898665428162,0.2391537165869962,0.14
6,octanol_dipole,39,0.1620120257139206,0.004985088482499123,0.6534420748764036,0.9687863944300654,0.8645700812339783,0.013112721964716911,0.01516675426242077,0.12
6,octanol_dipole,40,0.36543911695480347,0.0019084325758740306,0.6464100528525769,0.9649889707824475,0.2878832519054413,0.05707575008273125,0.19826005752317424,0.24
6,octanol_dipole,41,0.1705293357372284,0.0015167535748332739,0.6368232946716814,0.9622819572184447,0.08321091532707214,0.11309871822595596,1.359181277857666,0.08
6,octanol_dipole,42,0.7764481902122498,0.003160391701385379,0.6835322248982454,0.8964889033110406,0.5726591348648071,0.5596286654472351,0.9772456796299106,0.64
6,octanol_dipole,43,0.3052671551704407,0.003466530004516244,0.6463057888520556,0.9542634852534573,0.5200782418251038,0.07796589285135269,0.14991185283535033,0.22
6,octanol_dipole,44,0.16529957950115204,0.02482246421277523,0.6272882312314334,0.9103606020553716,4.660123825073242,0.5694187879562378,0.12218962614095095,0.02
6,octanol_dipole,45,0.19345538318157196,0.004024598281830549,0.6497511499447652,0.9542808740250788,0.669236421585083,0.021797558292746544,0.032570789021193945,0.14
6,octanol_dipole,46,0.6355721950531006,0.001981128705665469,0.6574802265173332,0.9441650611405443,0.1836855262517929,0.1997058242559433,1.0872158973603072,0.42
6,octanol_dipole,47,0.17830993235111237,0.0035091000609099865,0.6458051818363042,0.9556657521651026,0.5419020056724548,0.025316547602415085,0.04671794408843233,0.12
6,octanol_dipole,48,0.12547238171100616,0.003959106281399727,0.6468514726375438,0.9664029215693191,0.6389101147651672,0.03945522755384445,0.06175395668660889,0.12
6,octanol_dipole,49,0.29117441177368164,0.006388808134943247,0.6520172818819603,0.9502945170438102,1.0792156457901,0.06592410802841187,0.06108520413466434,0.2
6,octanol_dipole,50,0.2072996199131012,0.00574483023956418,0.6547693558021008,0.9656805829841444,0.998384952545166,0.013277656398713589,0.013299135133061734,0.2
6,octanol_dipole,51,0.6258159875869751,0.0081596365198493,0.6743852895549332,0.9254887138497983,1.5684311389923096,0.6693845391273499,0.4267860554958237,0.42
6,octanol_dipole,52,0.36394840478897095,0.005331539548933506,0.6574995385838414,0.9369406287620015,0.9497153759002686,0.21292857825756073,0.22420251757608772,0.22
6,octanol_dipole,53,0.2079947143793106,0.021497733891010284,0.6289815180525336,0.905949666892157,3.9863438606262207,0.41296520829200745,0.10359497894071139,0.06
6,octanol_dipole,54,0.11530915647745132,0.006134860683232546,0.6525293914015555,0.9670425832743692,1.110013723373413,0.012700646184384823,0.011441882128976413,0.02
6,octanol_dipole,55,0.33688077330589294,0.005497314967215061,0.6496315248657696,0.9223889809211976,0.9286061525344849,0.2004965990781784,0.21591134037929255,0.18
6,octanol_dipole,56,0.2457481175661087,0.003837568685412407,0.6452762505286747,0.9583544541186493,0.5906087160110474,0.046671703457832336,0.07902305230618936,0.18
6,octanol_dipole,57,0.17500610649585724,0.014467076398432255,0.6332572216517323,0.9226025052327349,2.718313217163086,0.20243890583515167,0.07447225159962363,0.04
6,octanol_dipole,58,0.3709392845630646,0.004946533590555191,0.6613587465234128,0.9359487106342494,0.8768100738525391,0.14049619436264038,0.1602356069488646,0.22
6,octanol_dipole,59,0.2202373743057251,0.008255203254520893,0.6423778302753018,0.935427163412117,1.382709264755249,0.03021671436727047,0.021853266726045317,0.12
6,octanol_dipole,60,0.26660487055778503,0.007245962508022785,0.653309030016684,0.9522762265779154,1.2911103963851929,0.016370926052331924,0.012679725992577155,0.14
6,octanol_dipole,61,0.3674948215484619,0.003179234219714999,0.6505611727648382,0.9586618459374496,0.4722225069999695,0.03264109045267105,0.06912226750910277,0.3
6,octanol_dipole,62,0.40579724311828613,0.006382435094565153,0.6532530705685675,0.9245559669640191,1.2473434209823608,0.13201987743377686,0.10584084159421225,0.28
6,octanol_dipole,63,0.18552368879318237,0.0025397981517016888,0.6418037734819606,0.9571935515193302,0.36832648515701294,0.005809875205159187,0.015773710116671384,0.22
6,octanol_dipole,64,0.5465584993362427,0.003187865484505892,0.654125703939882,0.9089213651087833,0.5174829363822937,0.26555296778678894,0.5131627520769304,0.4
6,octanol_dipole,65,0.2917587161064148,0.0074724238365888596,0.6579729822771783,0.9448113250914014,1.3349206447601318,0.09494338929653168,0.07112287136258334,0.18
6,octanol_dipole,66,0.3809793293476105,0.002637815661728382,0.6386898477204148,0.9235187162505276,0.38406136631965637,0.11552471667528152,0.3007975464502453,0.28
6,octanol_dipole,67,0.15319275856018066,0.004494854249060154,0.6435761793657391,0.9591458501236922,0.7269625067710876,0.04099598154425621,0.056393529463226344,0.12
6,octanol_dipole,68,0.7613471746444702,0.001860500080510974,0.6927127511175573,0.9605245120031378,0.16991330683231354,0.2852262854576111,1.6786577271378706,0.8
6,octanol_dipole,69,0.23595133423805237,0.005595892667770386,0.6477635585262811,0.9700845607550246,0.9525107145309448,0.08411045372486115,0.08830394497586368,0.14
6,octanol_dipole,70,0.20443853735923767,0.002951076254248619,0.645023532035891,0.9406152645073584,0.4170279800891876,0.053689781576395035,0.12874383528153838,0.1
6,octanol_dipole,71,0.251769095659256,0.0031550691928714514,0.6414596041698095,0.9672069926790898,0.4643334150314331,0.023400358855724335,0.05039559527315139,0.12
6,octanol_dipole,72,0.2717079222202301,0.005944205913692713,0.6454985085341989,0.9146690541429294,1.0849006175994873,0.22060656547546387,0.20334264899174864,0.12
6,octanol_dipole,73,0.07560859620571136,0.005064965225756168,0.6466213793133124,0.9652254056402763,0.8691784143447876,0.02503448911011219,0.028802474494242853,0.14
6,octanol_dipole,74,0.1985340416431427,0.01116332970559597,0.6538328301795773,0.9599638562040906,1.9868955612182617,0.011232997290790081,0.0056535418922082584,0.2
6,octanol_dipole,75,0.08887564390897751,0.0026478429790586233,0.6388692424136198,0.9586275397896884,0.3847496807575226,0.004363767337054014,0.011341834848211748,0.1
6,octanol_dipole,76,0.22541850805282593,0.0024323093239217997,0.6496039876394686,0.962414695886429,0.3247990906238556,0.04077960550785065,0.12555332414731674,0.12
6,octanol_dipole,77,0.27961668372154236,0.0055732945911586285,0.6500868520760426,0.961417662664265,0.9203591346740723,0.025990406051278114,0.028239417714349218,0.16
6,octanol_dipole,78,0.1023096963763237,0.01025024987757206,0.6422735561386506,0.9642568189644618,1.7992377281188965,0.004366339650005102,0.0024267719500135824,0.04
6,octanol_dipole,79,0.6818162202835083,0.0052806357853114605,0.6866259387123594,0.9230253210149346,0.9713857769966125,0.7097275853157043,0.7306341127518684,0.5
6,octanol_dipole,80,0.26481133699417114,0.006556615233421326,0.6554034079724693,0.9534434905833307,1.14578378200531,0.018446849659085274,0.01609976502442743,0.18
6,octanol_dipole,81,0.21787218749523163,0.006446419283747673,0.6487031970972341,0.9684843423955116,1.1008939743041992,0.02292497269809246,0.020823960556766413,0.16
6,octanol_dipole,82,0.04682467132806778,0.005314887501299381,0.640596205678728,0.9677229893667807,0.9402405023574829,0.01996898464858532,0.021238166829142868,0.06
6,octanol_dipole,83,0.12236400693655014,0.005972361657768488,0.6459177483641076,0.970210846890939,1.0320714712142944,0.01602303236722946,0.015525118961361654,0.1
6,octanol_dipole,84,0.5492175221443176,0.00508094672113657,0.6615506466563907,0.9153984389114591,0.8763981461524963,0.4832974970340729,0.5514588308473868,0.3
6,octanol_dipole,85,0.5557729601860046,0.007307831197977066,0.6482754252327259,0.9241333383203711,1.2167901992797852,0.4706352949142456,0.3867842584471944,0.4
6,octanol_dipole,86,0.1503072828054428,0.005888169631361961,0.649030764202335,0.9719101458692074,1.035669207572937,0.04283513128757477,0.041359857929886466,0.12
6,octanol_dipole,87,0.6039997339248657,0.00221611256711185,0.6653116185521146,0.9321458878985664,0.3754270374774933,0.23961801826953888,0.6382545590736892,0.52
6,octanol_dipole,88,0.5376937389373779,0.003009929321706295,0.6595888577607356,0.9127181028703524,0.49884065985679626,0.19144214689731598,0.38377414333521626,0.34
6,octanol_dipole,89,0.1292109340429306,0.004600913263857365,0.6562929950192455,0.9769429199738615,0.7869383096694946,0.006081031169742346,0.007727456008967604,0.22
6,octanol_dipole,90,0.11541452258825302,0.011371811851859093,0.6416002550217916,0.9673377070883564,2.062117338180542,0.01368941180408001,0.006638522236643683,0.02
6,octanol_dipole,91,0.4018999934196472,0.0055732629261910915,0.6530656614190025,0.955646784244496,0.9496387839317322,0.06989747285842896,0.07360427358393754,0.32
6,octanol_dipole,92,0.16080892086029053,0.011240421794354916,0.6479454764829724,0.9550498288862621,1.9816741943359375,0.04755952209234238,0.02399966766902349,0.04
6,octanol_dipole,93,0.16591458022594452,0.008908700197935104,0.6405162617372586,0.9510136811334926,1.4850512742996216,0.06417428702116013,0.04321351601238546,0.1
6,octanol_dipole,94,0.3025404214859009,0.009520962834358215,0.6449543511583307,0.9114141740791928,1.7422699928283691,0.21007953584194183,0.12057806006341334,0.06
6,octanol_dipole,95,0.1451646238565445,0.007261034566909075,0.6529179422497076,0.9784352523386557,1.2895221710205078,0.006483422126621008,0.005027770962239547,0.06
6,octanol_dipole,96,0.11690659075975418,0.0033575582783669233,0.6461243660185365,0.9729574416958562,0.5284320712089539,0.003927896730601788,0.007433115710815004,0.3
6,octanol_dipole,97,0.15969054400920868,0.01201235968619585,0.638404035333727,0.9379352017487608,2.15868878364563,0.11328322440385818,0.05247779358567082,0.1
6,octanol_dipole,98,0.6421237587928772,0.0033054326195269823,0.6393083377968314,0.9373376921475005,0.61672043800354,0.30021801590919495,0.48679757862584677,0.5
6,octanol_dipole,99,0.1524122804403305,0.003257256932556629,0.6400854988902207,0.9372664141080118,0.48157998919487,0.031850192695856094,0.06613686907777226,0.08
6,octanol_dipole,100,0.12987534701824188,0.005847655236721039,0.6417652996593985,0.9617131238838343,0.9260056018829346,0.005887157283723354,0.006357582796208189,0.1
6,octanol_dipole,101,0.24354518949985504,0.003487654495984316,0.6432096331931492,0.9410383956901929,0.5716744065284729,0.03092910163104534,0.05410265227520708,0.14
6,octanol_dipole,102,0.6518040299415588,0.008019205182790756,0.6698073303647587,0.8888520694664155,1.5717861652374268,0.7351692914962769,0.46772856750856157,0.48
6,octanol_dipole,103,0.39152413606643677,0.00940607488155365,0.6368778713535155,0.9134114419516481,1.6116019487380981,0.2887873947620392,0.1791927559954633,0.14
6,octanol_dipole,104,0.12179912626743317,0.009310766123235226,0.6360584402068816,0.969429646791562,1.5303009748458862,0.004904030356556177,0.003204618200710519,0.14
6,octanol_dipole,105,0.4174650311470032,0.009512574411928654,0.6478555786963069,0.9135449323935705,1.7558337450027466,0.287519633769989,0.16375105820143537,0.16
6,octanol_dipole,106,0.1787112057209015,0.004414553754031658,0.6435118107866034,0.9637847646928996,0.6851003170013428,0.018967481330037117,0.027685699246290003,0.16
6,octanol_dipole,107,0.18821929395198822,0.013937277719378471,0.6555475264832937,0.9711986706988815,2.5217416286468506,0.012343468144536018,0.004894818725405837,0.2
6,octanol_dipole,108,0.47148236632347107,0.00757550448179245,0.658910347088528,0.8956120879308229,1.4256961345672607,0.34653759002685547,0.24306553242640266,0.26
6,octanol_dipole,109,0.20218706130981445,0.003612059634178877,0.6438604550780564,0.9471946701671521,0.5700826644897461,0.045694172382354736,0.08015359039772489,0.16
6,octanol_dipole,110,0.11148679256439209,0.0033190154936164618,0.6515169689349529,0.9701905152922106,0.5338886976242065,0.010391626507043839,0.019464031647956508,0.12
6,octanol_dipole,111,0.10282028466463089,0.004186538979411125,0.6557697201004136,0.9686271665129853,0.7170194983482361,0.005961040500551462,0.008313637933534066,0.2
6,octanol_dipole,112,0.19208234548568726,0.00744522362947464,0.6443043787999101,0.9652728918736375,1.2330784797668457,0.0028946688398718834,0.002347513874720461,0.14
6,octanol_dipole,113,0.2061082422733307,0.00694808317348361,0.657851967436242,0.961571978634072,1.2318979501724243,0.01829300820827484,0.014849450967683187,0.2
6,octanol_dipole,114,0.45801693201065063,0.004880952648818493,0.6563603312778972,0.9611678521696014,0.804577112197876,0.14493496716022491,0.18013806876049926,0.36
6,octanol_dipole,115,0.14121052622795105,0.004734719637781382,0.6430880994345984,0.9637932851884763,0.766025722026825,0.029829271137714386,0.03894029962700105,0.14
6,octanol_dipole,116,0.21284213662147522,0.009359050542116165,0.6454230798248639,0.9549921270822319,1.6236869096755981,0.022327328100800514,0.013751005792897206,0.08
6,octanol_dipole,117,0.3408606946468353,0.002670186571776867,0.644928136545641,0.9582652198571051,0.3316880166530609,0.09261965751647949,0.27923727378236224,0.2
6,octanol_dipole,118,0.44121527671813965,0.003081275848671794,0.6542281898082416,0.9332315087090597,0.5323112607002258,0.29072806239128113,0.5461617738629924,0.24
6,octanol_dipole,119,0.3772874176502228,0.0040704552084207535,0.6531319165123362,0.9485185703149046,0.6823229789733887,0.09899561107158661,0.14508614559710958,0.24
6,octanol_dipole,120,0.18942928314208984,0.00543427187949419,0.643188234428772,0.9704699246919977,0.9543710350990295,0.0016697477549314499,0.0017495792448879066,0.12
6,octanol_dipole,121,0.21194468438625336,0.009975194931030273,0.645553308142607,0.9573038439717589,1.6914904117584229,0.004132645670324564,0.0024431978104022412,0.16
6,octanol_dipole,122,0.073713518679142,0.003562378464266658,0.6482439066191086,0.9553909803575598,0.5564602017402649,0.03873981162905693,0.0696182970640176,0.12
6,octanol_dipole,123,0.17331770062446594,0.008954323828220367,0.6595505459818727,0.952827738473593,1.5848491191864014,0.012813796289265156,0.008085183715055002,0.22
6,octanol_dipole,124,0.12543633580207825,0.0035832212306559086,0.6413888668047476,0.9592517092177046,0.533532440662384,0.016612786799669266,0.031137350859198706,0.14
6,octanol_dipole,125,0.19305597245693207,0.005402432754635811,0.6503142559800048,0.9565504890043917,0.9301236867904663,0.0047106631100177765,0.00506455558214267,0.16
6,octanol_dipole,126,0.5805398225784302,0.004692472983151674,0.6561327385932056,0.9274388525027291,0.7641228437423706,0.32780566811561584,0.4289960322481052,0.42
6,octanol_dipole,127,0.20057249069213867,0.004752739332616329,0.6474385311977706,0.9635425294513933,0.8119217753410339,0.06862673908472061,0.08452383119777163,0.12
6,octanol_dipole,128,0.3332328796386719,0.008755210787057877,0.6511614436411859,0.9250147879381372,1.5453423261642456,0.0953306183218956,0.06168899712888823,0.26
6,octanol_dipole,129,0.21670041978359222,0.02002129890024662,0.6308254461482063,0.906694366557141,3.9119150638580322,0.39074334502220154,0.0998854368368725,0.14
6,octanol_dipole,130,0.10383016616106033,0.010488316416740417,0.6315618874889477,0.9561792616459868,1.9826443195343018,0.031055714935064316,0.015663785293752997,0.08
6,octanol_dipole,131,0.15101280808448792,0.006022668443620205,0.6538602529622253,0.9542751145714987,1.036800742149353,0.025257663801312447,0.024361155209969974,0.18
6,octanol_dipole,132,0.35848134756088257,0.010287074372172356,0.6377319359215141,0.9103296973764441,1.969663381576538,0.26961076259613037,0.1368816444058229,0.24
6,octanol_dipole,133,0.2044537514448166,0.00965165439993143,0.6467319759799492,0.9581231039336149,1.7369955778121948,0.019061323255300522,0.010973731596547246,0.14
6,octanol_dipole,134,0.25780826807022095,0.004414400085806847,0.6528633559457353,0.9469525829528707,0.762710690498352,0.06901230663061142,0.09048294129130281,0.18
6,octanol_dipole,135,0.1418677419424057,0.01050543412566185,0.6398189801352083,0.9694494508264044,1.8472455739974976,0.0064667826518416405,0.0035007704134579786,0.04
6,octanol_dipole,136,0.5610031485557556,0.009259493090212345,0.6522932926285991,0.9106737424816649,1.6053829193115234,0.7465657591819763,0.4650390571628511,0.36
6,octanol_dipole,137,0.21976184844970703,0.002125937957316637,0.6479235832242849,0.9743319869019107,0.23845994472503662,0.04365834593772888,0.1830846098201962,0.14
6,octanol_dipole,138,0.46621134877204895,0.001838892581872642,0.6512610433070574,0.9722095259705683,0.1223740428686142,0.05701147019863129,0.46587878329590815,0.28
6,octanol_dipole,139,0.18590113520622253,0.007586553692817688,0.6490586289901725,0.9709862147825012,1.3038767576217651,0.012719972059130669,0.0097555018024338,0.32
6,octanol_dipole,140,0.14580728113651276,0.004153004381805658,0.6482787624057862,0.9487206206280254,0.7052688002586365,0.03606830909848213,0.051141223155278026,0.06
6,octanol_dipole,141,0.18047384917736053,0.008435904048383236,0.648311892308095,0.9603096971659075,1.403892159461975,0.03991122171282768,0.028428979707474954,0.1
6,octanol_dipole,142,0.17600564658641815,0.005346672609448433,0.6517468034340577,0.9495403451033713,0.9253204464912415,0.06086798012256622,0.06578043352805385,0.08
6,octanol_dipole,143,0.20892326533794403,0.002702458528801799,0.6408227594982738,0.9587171727598973,0.37905174493789673,0.11622493714094162,0.30662024035790614,0.1
6,octanol_dipole,144,0.33701762557029724,0.005017515271902084,0.6496681626525536,0.9302039043713495,0.8662864565849304,0.17048147320747375,0.1967957272234693,0.24
6,octanol_dipole,145,0.10722053050994873,0.004350907169282436,0.6456134011500445,0.9662770492723944,0.7297596335411072,0.025593452155590057,0.03507107132166195,0.08
6,octanol_dipole,146,0.2767521142959595,0.004339195322245359,0.6585442837130564,0.9857968233263112,0.7479476928710938,0.07613115757703781,0.10178674030639567,0.22
6,octanol_dipole,147,0.3808806538581848,0.006678951904177666,0.6586681319312813,0.9344248869434082,1.2212436199188232,0.14373545348644257,0.11769597084650214,0.28
6,octanol_dipole,148,0.39639824628829956,0.005599542520940304,0.652351907496858,0.929282444593936,0.9748020768165588,0.11526425182819366,0.11824374872550096,0.22
6,octanol_dipole,149,0.21608100831508636,0.005940140690654516,0.6571298748396577,0.9541560576975947,1.0324515104293823,0.016027437523007393,0.015523670953168351,0.2
6,octanol_dipole,150,0.30211085081100464,0.005494114477187395,0.650756588096179,0.9444255210814005,1.0349754095077515,0.04953725263476372,0.04786321701916021,0.2
6,octanol_dipole,151,0.48603540658950806,0.0027236766181886196,0.6569775071355841,0.9370108556482828,0.4116320312023163,0.17799727618694305,0.4324184288259573,0.34
6,octanol_dipole,152,0.2150135189294815,0.011883593164384365,0.6215276926310171,0.9046260126404428,1.9539518356323242,0.33923256397247314,0.17361357521010393,0.1
6,octanol_dipole,153,0.1847841739654541,0.00432022986933589,0.6506391922991834,0.9550198108287711,0.7097208499908447,0.02494816854596138,0.03515208626924685,0.14
6,octanol_dipole,154,0.09881716966629028,0.005562674254179001,0.6551191864651265,0.9659533401248375,0.9667441248893738,0.0037215454503893852,0.003849566141211614,0.22
6,octanol_dipole,155,0.13502535223960876,0.00378327164798975,0.6485351287715599,0.959241985926752,0.6515040993690491,0.015541404485702515,0.023854653410091558,0.02
6,octanol_dipole,156,0.15801210701465607,0.008915851823985577,0.6561783442124198,0.9750114276698731,1.5978046655654907,0.0030742373783141375,0.0019240383036596728,0.08
6,octanol_dipole,157,0.10988013446331024,0.007190914358943701,0.6498141108768822,0.9695729932834452,1.2515674829483032,0.01717987097799778,0.01372668370827864,0.1
6,octanol_dipole,158,0.48943984508514404,0.006568473763763905,0.6574615505031283,0.9116073584042708,1.1516844034194946,0.3786375820636749,0.32876852455364747,0.34
6,octanol_dipole,159,0.1479833722114563,0.00741284666582942,0.6572298979396667,0.9645799099571335,1.422520637512207,0.005391282960772514,0.0037899506120354968,0.1
6,octanol_dipole,160,0.18843364715576172,0.003038465976715088,0.6401588636171367,0.9541985998748477,0.4607718884944916,0.01622188463807106,0.035205890470171315,0.16
6,octanol_dipole,161,0.24458768963813782,0.00548380333930254,0.6502351689640808,0.9394984343699442,0.9240997433662415,0.025938019156455994,0.028068419391580952,0.14
6,octanol_dipole,162,0.5782106518745422,0.00572532694786787,0.6471851525184475,0.9060798689712486,0.9546392560005188,0.43720072507858276,0.4579748028697713,0.26
6,octanol_dipole,163,0.4536701738834381,0.0061774300411343575,0.651326335686758,0.9187888654639518,1.1503371000289917,0.2544676661491394,0.22121138763822024,0.28
6,octanol_dipole,164,0.3056681454181671,0.0036091122310608625,0.6546779012022113,0.9389017599560621,0.6021108031272888,0.22490949928760529,0.3735350671661316,0.14
6,octanol_dipole,165,0.16475926339626312,0.015185127034783363,0.6288604615290119,0.9368821988767475,2.4752495288848877,0.11947506666183472,0.048267887850344866,0.08
6,octanol_dipole,166,0.4761548340320587,0.004737168084830046,0.652428165674765,0.9100938942193124,0.8931893110275269,0.3114965260028839,0.3487463655879823,0.22
6,octanol_dipole,167,0.24851775169372559,0.0029931373428553343,0.6439246754769745,0.9613559243449705,0.4208340346813202,0.03827396035194397,0.09094787302772986,0.14
6,octanol_dipole,168,0.13560034334659576,0.010081848129630089,0.6559345923740647,0.9670203171894485,1.7916194200515747,0.007188994437456131,0.004012567823834586,0.08
6,octanol_dipole,169,0.2697693109512329,0.0019078882178291678,0.6453621185857712,0.970081125738774,0.13079197704792023,0.04923813417553902,0.37646142589846243,0.34
6,octanol_dipole,170,0.1720743626356125,0.005975173786282539,0.6453618188581487,0.9737470585027383,0.9665564298629761,0.02716834656894207,0.02810839153260156,0.12
6,octanol_dipole,171,0.36321011185646057,0.004048982169479132,0.6533212005577753,0.9619338270363478,0.640141487121582,0.09838804602622986,0.15369734348672676,0.26
6,octanol_dipole,172,0.5685002207756042,0.005300567951053381,0.6520967171214813,0.9073030962544171,0.9769226312637329,0.2989119291305542,0.305972980423113,0.34
6,octanol_dipole,173,0.1101079210639,0.015522572211921215,0.6369711975682883,0.9667694447044024,2.6889638900756836,0.009564659558236599,0.003557005578816974,0.22
6,octanol_dipole,174,0.40006497502326965,0.006257244385778904,0.6513743750144356,0.9220666680870995,1.2483539581298828,0.16800259053707123,0.13457929094785767,0.24
6,octanol_dipole,175,0.08767854422330856,0.013528714887797832,0.6452672386240266,0.9618993372173994,2.2941930294036865,0.006821528542786837,0.002973389098196288,0.12
6,octanol_dipole,176,0.4732758402824402,0.0056733638048172,0.6576933195873165,0.9047232455929881,1.0614062547683716,0.4263945519924164,0.4017260592509581,0.32
6,octanol_dipole,177,0.1062311977148056,0.007222302258014679,0.6577355063918349,0.965784801265174,1.2711119651794434,0.0021063056774437428,0.0016570575489362142,0.14
6,octanol_dipole,178,0.15373258292675018,0.01300764363259077,0.635497523362107,0.9473659695941996,2.4626808166503906,0.14862482249736786,0.06035082642155777,0.02
6,octanol_dipole,179,0.4410139322280884,0.008473527617752552,0.6404473951563512,0.8926408446652689,1.43741774559021,0.4524701237678528,0.3147798370765672,0.16
6,octanol_dipole,180,0.36674103140830994,0.003452494041994214,0.6556643573777292,0.9486982508453166,0.605660617351532,0.12416683882474899,0.20501058722905408,0.22
6,octanol_dipole,181,0.11744912713766098,0.009536109864711761,0.62981329568414,0.9656315174612446,1.5733178853988647,0.02782830037176609,0.017687652717881048,0.08
6,octanol_dipole,182,0.509994387626648,0.0059639569371938705,0.6595536962627182,0.9174299552254752,1.0630146265029907,0.25653380155563354,0.2413266903011064,0.34
6,octanol_dipole,183,0.6252438426017761,0.00549268489703536,0.6547343755354307,0.9143250429438068,0.9586450457572937,0.3979146182537079,0.41508024269751503,0.44
6,octanol_dipole,184,0.4325532019138336,0.007234637625515461,0.6636944581015385,0.9078874570597515,1.3157871961593628,0.251817911863327,0.19138194428275002,0.28
6,octanol_dipole,185,0.5847717523574829,0.006734098773449659,0.6672929344980822,0.8813273472033702,1.284017562866211,0.4109971523284912,0.3200868619047973,0.34
6,octanol_dipole,186,0.15125058591365814,0.007673035375773907,0.6501019915438979,0.9495830661871667,1.3390567302703857,0.007809549104422331,0.005832127144340932,0.16
6,octanol_dipole,187,0.10851798206567764,0.006365182809531689,0.6586351944520039,0.9575066047479825,1.1032358407974243,0.004528413992375135,0.004104665407807976,0.22
6,octanol_dipole,188,0.8260552287101746,0.003591342596337199,0.6962527869274282,0.9031137346498503,0.6103428602218628,0.7728829383850098,1.2663094610528627,0.58
6,octanol_dipole,189,0.19352546334266663,0.0066998424008488655,0.65832211953336,0.9728007614034204,1.2393362522125244,0.06529930979013443,0.05268893706091375,0.22
6,octanol_dipole,190,0.2676275670528412,0.007015531416982412,0.6535256933752873,0.9496805619165585,1.2649890184402466,0.04376956820487976,0.03460074954551653,0.14
6,octanol_dipole,191,0.2482261061668396,0.005372664425522089,0.6471749410741288,0.9535046291431513,0.9718531370162964,0.05084672197699547,0.05231934748196718,0.1
6,octanol_dipole,192,0.12222372740507126,0.009483006782829762,0.6553794870353948,0.9714808250171894,1.6665102243423462,0.004828246776014566,0.0028972200143086036,0.08
6,octanol_dipole,193,0.16024667024612427,0.008943053893744946,0.6576004472704613,0.9834794998583709,1.5859625339508057,0.004588697105646133,0.0028933199917498607,0.16
6,octanol_dipole,194,0.3877921998500824,0.009402230381965637,0.652638268215582,0.905767954822913,1.6974862813949585,0.47982874512672424,0.28267017553297163,0.06
6,octanol_dipole,195,0.218431293964386,0.0029117665253579617,0.6433844702707388,0.9625559956901271,0.3812185227870941,0.03462609648704529,0.0908300473804195,0.14
6,octanol_dipole,196,0.4608997106552124,0.00802982971072197,0.6547765404214527,0.924497740075894,1.5321853160858154,0.32851535081863403,0.2144096718390913,0.34
6,octanol_dipole,197,0.10418413579463959,0.007212125230580568,0.6261503376193065,0.9683554963177308,1.2164870500564575,0.017455067485570908,0.014348749117190201,0.08
6,octanol_dipole,198,0.15724919736385345,0.004731874912977219,0.6498774786188808,0.9588555050027789,0.8141502737998962,0.025693785399198532,0.03155902076809178,0.1
6,octanol_dipole,199,0.2766779065132141,0.005880807992070913,0.6522752278651758,0.9717163198719043,1.0342183113098145,0.042006973177194595,0.040617123790811345,0.22
6,octanol_dipole,200,0.4372607171535492,0.003086577635258436,0.6501520549738704,0.9617184041347249,0.44551923871040344,0.06187844276428223,0.1388906188280333,0.24
6,octanol_dipole,201,0.1225498840212822,0.010921170003712177,0.643344054644605,0.9615062701643176,1.824629306793213,0.008558607660233974,0.004690600785797819,0.16
6,octanol_dipole,202,0.16140834987163544,0.0039702183566987514,0.6392327826727016,0.9504233279141403,0.5793654918670654,0.021402055397629738,0.036940507672728995,0.14
6,octanol_dipole,203,0.4067942798137665,0.0022582176607102156,0.639439527084644,0.9386344755367078,0.2945385277271271,0.056950293481349945,0.19335430892800246,0.2
6,octanol_dipole,204,0.3464494049549103,0.002487677615135908,0.6353982370631661,0.936382255772126,0.44574758410453796,0.07542549818754196,0.16921123271832017,0.22
6,octanol_dipole,205,0.17992326617240906,0.0030728161800652742,0.6562444930324369,0.9575989883312954,0.876299262046814,0.03870299085974693,0.04416640813932276,0.18
6,octanol_dipole,206,0.18615059554576874,0.0048823608085513115,0.6552271126101876,0.9522528860825756,0.8454160690307617,0.00829875748604536,0.00981618139286089,0.08
6,octanol_dipole,207,0.3002150058746338,0.010752967558801174,0.6318886758587599,0.9391850914566788,1.7811700105667114,0.07110471278429031,0.03992022791898852,0.18
6,octanol_dipole,208,0.5659084916114807,0.004567539785057306,0.6680195386340095,0.9323146288591888,0.8085147142410278,0.5345247983932495,0.6611194440598657,0.42
6,octanol_dipole,209,0.38245734572410583,0.003150952747091651,0.6437298114560188,0.9342390427282534,0.4882481098175049,0.1304272562265396,0.26713315137111354,0.22
6,octanol_dipole,210,0.424302339553833,0.009941866621375084,0.637345708609572,0.9331054542761821,1.7091403007507324,0.4447428286075592,0.26021434777016716,0.24
6,octanol_dipole,211,0.4375436305999756,0.0031898077577352524,0.6534769357271035,0.9611420907272252,0.4949597716331482,0.0867975726723671,0.1753628833025632,0.38
6,octanol_dipole,212,0.3234146535396576,0.009404256939888,0.6483227557839404,0.9194418407854965,1.6740715503692627,0.15014967322349548,0.08969131169475751,0.18
6,octanol_dipole,213,0.23634067177772522,0.004253772087395191,0.6512678990735841,0.9595120783134379,0.7011451125144958,0.08016162365674973,0.11432957632588849,0.22
6,octanol_dipole,214,0.0793241560459137,0.006281520705670118,0.6485256199402378,0.9611561737727659,1.2618740797042847,0.019234728068113327,0.015242985316427857,0.04
6,octanol_dipole,215,0.5789729356765747,0.003718052990734577,0.6657495874673063,0.9169908086910687,0.6110637784004211,0.36908799409866333,0.6040089547850852,0.24
6,octanol_dipole,216,0.16682863235473633,0.004840639419853687,0.6426757747223186,0.9665193517166573,0.778509795665741,0.026792900636792183,0.03441562429395033,0.18
6,octanol_dipole,217,0.10773371160030365,0.00844213180243969,0.6541525038857487,0.971465529750589,1.543635368347168,0.004104410298168659,0.002658924757964969,0.08
6,octanol_dipole,218,0.6781752109527588,0.0016355047700926661,0.6559004398038693,0.940545501260136,0.091435506939888,0.2177635133266449,2.3816077650207386,0.46
6,octanol_dipole,219,0.3247947096824646,0.005870953667908907,0.652225351459907,0.9222215306579762,0.9886346459388733,0.13439986109733582,0.1359449232832628,0.26
6,octanol_dipole,220,0.4152509868144989,0.004546469543129206,0.6508440034513372,0.9403222840511172,0.752912163734436,0.19567328691482544,0.2598885983516166,0.18
6,octanol_dipole,221,0.3447200655937195,0.0022391362581402063,0.6464097534670128,0.9709513568254604,0.18846924602985382,0.038514044135808945,0.20435187674973912,0.24
6,octanol_dipole,222,0.15017901360988617,0.008778833784162998,0.6531315180350596,0.9584164165182498,1.5598809719085693,0.015921778976917267,0.010207047373259774,0.06
6,octanol_dipole,223,0.1357252448797226,0.0036673930007964373,0.6518368551189715,0.9583073708395329,0.6329419016838074,0.005346094258129597,0.008446421770951567,0.18
6,octanol_dipole,224,0.2531731128692627,0.003627257188782096,0.6539056729168296,0.95353698942206,0.5707122683525085,0.015966372564435005,0.027976221030828006,0.26
6,octanol_dipole,225,0.1339004784822464,0.00588770117610693,0.6502325691286195,0.9612829128854046,0.9924643635749817,0.03778325393795967,0.03807013664637754,0.1
6,octanol_dipole,226,0.2764497399330139,0.007167242933064699,0.6534279987342766,0.967750718965841,1.2663401365280151,0.011637520976364613,0.00918988559288009,0.2
6,octanol_dipole,227,0.14110831916332245,0.003663782263174653,0.6470081475712006,0.9459746237961946,0.5716322660446167,0.01671000011265278,0.029232079966858518,0.06
6,octanol_dipole,228,0.23808185756206512,0.011087320744991302,0.6491784490712051,0.9465145605364509,1.9396215677261353,0.021854320541024208,0.011267311574929821,0.18
6,octanol_dipole,229,0.4196253716945648,0.0021933470852673054,0.6553275908424987,0.9623342282708665,0.28396233916282654,0.0879017785191536,0.3095543542087457,0.18
6,octanol_dipole,230,0.3937690258026123,0.003780514234676957,0.6489050525033908,0.926938539691905,0.5866659879684448,0.14519111812114716,0.24748514674240257,0.14
6,octanol_dipole,231,0.20045000314712524,0.006692153867334127,0.6582509971821515,0.9609493646730354,1.2244160175323486,0.032544638961553574,0.02657972330935613,0.14
6,octanol_dipole,232,0.1634414792060852,0.00821902509778738,0.6418361096084715,0.9435536661669934,1.3789339065551758,0.04534503445029259,0.032884124637686675,0.12
6,octanol_dipole,233,0.5235875248908997,0.005855360068380833,0.6595829527376305,0.9163205017993625,1.0312201976776123,0.4098607301712036,0.3974521941038798,0.28
6,octanol_dipole,234,0.11468920111656189,0.004675429314374924,0.6306434920172455,0.9686556481156026,0.7144495248794556,0.01706407591700554,0.023884228798227068,0.1
6,octanol_dipole,235,0.3339167833328247,0.0037169991992413998,0.6513467693402535,0.9627809571259773,0.5998773574829102,0.11621834337711334,0.1937368395846217,0.18
6,octanol_dipole,236,0.1616966277360916,0.0054687922820448875,0.6453075956579071,0.9509275904735845,0.9179290533065796,0.029217565432190895,0.031829873264107814,0.08
6,octanol_dipole,237,0.34993717074394226,0.010835965164005756,0.6478607611118303,0.9101427682365781,1.9309990406036377,0.30643054842948914,0.15869016088878934,0.22
6,octanol_dipole,238,0.3387250602245331,0.011302785016596317,0.6447338757353029,0.9412753561345708,2.000093698501587,0.11196393519639969,0.055979345007826316,0.18
6,octanol_dipole,239,0.365166574716568,0.010367480106651783,0.6577430669617463,0.9216912126036181,1.9245308637619019,0.21427413821220398,0.11133837458618873,0.24
6,octanol_dipole,240,0.2831825613975525,0.005188867449760437,0.6527345706974934,0.9477099656916226,0.9223703145980835,0.05031713470816612,0.05455198840618745,0.24
6,octanol_dipole,241,0.22150804102420807,0.007119710091501474,0.6581529547234495,0.9559616808791005,1.2618601322174072,0.01047743670642376,0.008303168028624738,0.12
6,octanol_dipole,242,0.10698103904724121,0.006668939720839262,0.6497741712168472,0.967441711540147,1.155227541923523,0.006552265491336584,0.005671839748926579,0.2
6,octanol_dipole,243,0.11929868161678314,0.005139162298291922,0.6427283560132577,0.9529813829177813,0.7957003712654114,0.017034931108355522,0.021408725851496935,0.16
6,octanol_dipole,244,0.13564886152744293,0.008912203833460808,0.6446496083776323,0.9756084960473044,1.7514526844024658,0.006745330058038235,0.003851277352856098,0.2
6,octanol_dipole,245,0.7735562324523926,0.0030356450006365776,0.6876392541312375,0.9206771323516394,0.5891126990318298,0.7599027752876282,1.289910702207712,0.68
6,octanol_dipole,246,0.2983403205871582,0.0038295213598757982,0.6543201474317719,0.9487749646288259,0.7151573300361633,0.05029045417904854,0.0703208260153126,0.2
6,octanol_dipole,247,0.25534746050834656,0.009005989879369736,0.6479515435517509,0.9401592946580422,1.5012120008468628,0.13787458837032318,0.09184218371059215,0.14
6,octanol_dipole,248,0.24009014666080475,0.005362080875784159,0.6419920060856084,0.9284939671938484,1.0193034410476685,0.07583131641149521,0.07439523242809194,0.1
6,octanol_dipole,249,0.7214110493659973,0.003307674778625369,0.6824068614078977,0.905357138153619,0.5497300028800964,0.5988379120826721,1.0893309605538972,0.5
6,hexane_gsolv_eV,0,1.0,0.0,0.636010430051005,0.636010430051005,,,,1.0
6,hexane_gsolv_eV,1,1.0,0.0,0.636010430051005,0.636010430051005,,,,1.0
6,hexane_gsolv_eV,2,1.0,0.0,0.636010430051005,0.636010430051005,,,,1.0
6,hexane_gsolv_eV,3,1.0,0.0,0.636010430051005,0.636010430051005,,,,1.0
6,hexane_gsolv_eV,4,1.0,0.0,0.636010430051005,0.636010430051005,,,,1.0
6,hexane_gsolv_eV,5,1.0,0.0,0.636010430051005,0.636010430051005,,,,1.0
6,hexane_gsolv_eV,6,1.0,0.0,0.636010430051005,0.636010430051005,,,,1.0
6,hexane_gsolv_eV,7,1.0,0.0,0.636010430051005,0.636010430051005,,,,1.0
6,hexane_gsolv_eV,8,1.0,0.0,0.636010430051005,0.636010430051005,,,,1.0
6,hexane_gsolv_eV,9,1.0,0.0,0.636010430051005,0.636010430051005,,,,1.0
6,hexane_gsolv_eV,10,1.0,0.0,0.636010430051005,0.636010430051005,,,,1.0
6,hexane_gsolv_eV,11,1.0,0.0,0.636010430051005,0.636010430051005,,,,1.0
6,hexane_gsolv_eV,12,1.0,0.0,0.636010430051005,0.636010430051005,,,,1.0
6,hexane_gsolv_eV,13,1.0,0.0,0.636010430051005,0.636010430051005,,,,1.0
6,hexane_gsolv_eV,14,1.0,0.0,0.636010430051005,0.636010430051005,,,,1.0
6,hexane_gsolv_eV,15,1.0,0.0,0.636010430051005,0.636010430051005,,,,1.0
6,hexane_gsolv_eV,16,1.0,0.0,0.636010430051005,0.636010430051005,,,,1.0
6,hexane_gsolv_eV,17,1.0,0.0,0.636010430051005,0.636010430051005,,,,1.0
6,hexane_gsolv_eV,18,1.0,0.0,0.636010430051005,0.636010430051005,,,,1.0
6,hexane_gsolv_eV,19,1.0,0.0,0.636010430051005,0.636010430051005,,,,1.0
6,hexane_gsolv_eV,20,1.0,0.0,0.636010430051005,0.636010430051005,,,,1.0
6,hexane_gsolv_eV,21,1.0,0.0,0.636010430051005,0.636010430051005,,,,1.0
6,hexane_gsolv_eV,22,1.0,0.0,0.636010430051005,0.636010430051005,,,,1.0
6,hexane_gsolv_eV,23,1.0,0.0,0.636010430051005,0.636010430051005,,,,1.0
6,hexane_gsolv_eV,24,1.0,0.0,0.636010430051005,0.636010430051005,,,,1.0
6,hexane_gsolv_eV,25,1.0,0.0,0.636010430051005,0.636010430051005,,,,1.0
6,hexane_gsolv_eV,26,1.0,0.0,0.636010430051005,0.636010430051005,,,,1.0
6,hexane_gsolv_eV,27,1.0,0.0,0.636010430051005,0.636010430051005,,,,1.0
6,hexane_gsolv_eV,28,1.0,0.0,0.636010430051005,0.636010430051005,,,,1.0
6,hexane_gsolv_eV,29,1.0,0.0,0.636010430051005,0.636010430051005,,,,1.0
6,hexane_gsolv_eV,30,1.0,0.0,0.636010430051005,0.636010430051005,,,,1.0
6,hexane_gsolv_eV,31,1.0,0.0,0.636010430051005,0.636010430051005,,,,1.0
6,hexane_gsolv_eV,32,1.0,0.0,0.636010430051005,0.636010430051005,,,,1.0
6,hexane_gsolv_eV,33,1.0,0.0,0.636010430051005,0.636010430051005,,,,1.0
6,hexane_gsolv_eV,34,1.0,0.0,0.636010430051005,0.636010430051005,,,,1.0
6,hexane_gsolv_eV,35,1.0,0.0,0.636010430051005,0.636010430051005,,,,1.0
6,hexane_gsolv_eV,36,1.0,0.0,0.636010430051005,0.636010430051005,,,,1.0
6,hexane_gsolv_eV,37,1.0,0.0,0.636010430051005,0.636010430051005,,,,1.0
6,hexane_gsolv_eV,38,1.0,0.0,0.636010430051005,0.636010430051005,,,,1.0
6,hexane_gsolv_eV,39,1.0,0.0,0.636010430051005,0.636010430051005,,,,1.0
6,hexane_gsolv_eV,40,1.0,0.0,0.636010430051005,0.636010430051005,,,,1.0
6,hexane_gsolv_eV,41,1.0,0.0,0.636010430051005,0.636010430051005,,,,1.0
6,hexane_gsolv_eV,42,1.0,0.0,0.636010430051005,0.636010430051005,,,,1.0
6,hexane_gsolv_eV,43,1.0,0.0,0.636010430051005,0.636010430051005,,,,1.0
6,hexane_gsolv_eV,44,1.0,0.0,0.636010430051005,0.636010430051005,,,,1.0
6,hexane_gsolv_eV,45,1.0,0.0,0.636010430051005,0.636010430051005,,,,1.0
6,hexane_gsolv_eV,46,1.0,0.0,0.636010430051005,0.636010430051005,,,,1.0
6,hexane_gsolv_eV,47,1.0,0.0,0.636010430051005,0.636010430051005,,,,1.0
6,hexane_gsolv_eV,48,1.0,0.0,0.636010430051005,0.636010430051005,,,,1.0
6,hexane_gsolv_eV,49,1.0,0.0,0.636010430051005,0.636010430051005,,,,1.0
6,hexane_gsolv_eV,50,1.0,0.0,0.636010430051005,0.636010430051005,,,,1.0
6,hexane_gsolv_eV,51,1.0,0.0,0.636010430051005,0.636010430051005,,,,1.0
6,hexane_gsolv_eV,52,1.0,0.0,0.636010430051005,0.636010430051005,,,,1.0
6,hexane_gsolv_eV,53,1.0,0.0,0.636010430051005,0.636010430051005,,,,1.0
6,hexane_gsolv_eV,54,1.0,0.0,0.636010430051005,0.636010430051005,,,,1.0
6,hexane_gsolv_eV,55,1.0,0.0,0.636010430051005,0.636010430051005,,,,1.0
6,hexane_gsolv_eV,56,1.0,0.0,0.636010430051005,0.636010430051005,,,,1.0
6,hexane_gsolv_eV,57,1.0,0.0,0.636010430051005,0.636010430051005,,,,1.0
6,hexane_gsolv_eV,58,1.0,0.0,0.636010430051005,0.636010430051005,,,,1.0
6,hexane_gsolv_eV,59,1.0,0.0,0.636010430051005,0.636010430051005,,,,1.0
6,hexane_gsolv_eV,60,1.0,0.0,0.636010430051005,0.636010430051005,,,,1.0
6,hexane_gsolv_eV,61,1.0,0.0,0.636010430051005,0.636010430051005,,,,1.0
6,hexane_gsolv_eV,62,1.0,0.0,0.636010430051005,0.636010430051005,,,,1.0
6,hexane_gsolv_eV,63,1.0,0.0,0.636010430051005,0.636010430051005,,,,1.0
6,hexane_gsolv_eV,64,1.0,0.0,0.636010430051005,0.636010430051005,,,,1.0
6,hexane_gsolv_eV,65,1.0,0.0,0.636010430051005,0.636010430051005,,,,1.0
6,hexane_gsolv_eV,66,1.0,0.0,0.636010430051005,0.636010430051005,,,,1.0
6,hexane_gsolv_eV,67,1.0,0.0,0.636010430051005,0.636010430051005,,,,1.0
6,hexane_gsolv_eV,68,1.0,0.0,0.636010430051005,0.636010430051005,,,,1.0
6,hexane_gsolv_eV,69,1.0,0.0,0.636010430051005,0.636010430051005,,,,1.0
6,hexane_gsolv_eV,70,1.0,0.0,0.636010430051005,0.636010430051005,,,,1.0
6,hexane_gsolv_eV,71,1.0,0.0,0.636010430051005,0.636010430051005,,,,1.0
6,hexane_gsolv_eV,72,1.0,0.0,0.636010430051005,0.636010430051005,,,,1.0
6,hexane_gsolv_eV,73,1.0,0.0,0.636010430051005,0.636010430051005,,,,1.0
6,hexane_gsolv_eV,74,1.0,0.0,0.636010430051005,0.636010430051005,,,,1.0
6,hexane_gsolv_eV,75,1.0,0.0,0.636010430051005,0.636010430051005,,,,1.0
6,hexane_gsolv_eV,76,1.0,0.0,0.636010430051005,0.636010430051005,,,,1.0
6,hexane_gsolv_eV,77,1.0,0.0,0.636010430051005,0.636010430051005,,,,1.0
6,hexane_gsolv_eV,78,1.0,0.0,0.636010430051005,0.636010430051005,,,,1.0
6,hexane_gsolv_eV,79,1.0,0.0,0.636010430051005,0.636010430051005,,,,1.0
6,hexane_gsolv_eV,80,1.0,0.0,0.636010430051005,0.636010430051005,,,,1.0
6,hexane_gsolv_eV,81,1.0,0.0,0.636010430051005,0.636010430051005,,,,1.0
6,hexane_gsolv_eV,82,1.0,0.0,0.636010430051005,0.636010430051005,,,,1.0
6,hexane_gsolv_eV,83,1.0,0.0,0.636010430051005,0.636010430051005,,,,1.0
6,hexane_gsolv_eV,84,1.0,0.0,0.636010430051005,0.636010430051005,,,,1.0
6,hexane_gsolv_eV,85,1.0,0.0,0.636010430051005,0.636010430051005,,,,1.0
6,hexane_gsolv_eV,86,1.0,0.0,0.636010430051005,0.636010430051005,,,,1.0
6,hexane_gsolv_eV,87,1.0,0.0,0.636010430051005,0.636010430051005,,,,1.0
6,hexane_gsolv_eV,88,1.0,0.0,0.636010430051005,0.636010430051005,,,,1.0
6,hexane_gsolv_eV,89,1.0,0.0,0.636010430051005,0.636010430051005,,,,1.0
6,hexane_gsolv_eV,90,1.0,0.0,0.636010430051005,0.636010430051005,,,,1.0
6,hexane_gsolv_eV,91,1.0,0.0,0.636010430051005,0.636010430051005,,,,1.0
6,hexane_gsolv_eV,92,1.0,0.0,0.636010430051005,0.636010430051005,,,,1.0
6,hexane_gsolv_eV,93,1.0,0.0,0.636010430051005,0.636010430051005,,,,1.0
6,hexane_gsolv_eV,94,1.0,0.0,0.636010430051005,0.636010430051005,,,,1.0
6,hexane_gsolv_eV,95,1.0,0.0,0.636010430051005,0.636010430051005,,,,1.0
6,hexane_gsolv_eV,96,1.0,0.0,0.636010430051005,0.636010430051005,,,,1.0
6,hexane_gsolv_eV,97,1.0,0.0,0.636010430051005,0.636010430051005,,,,1.0
6,hexane_gsolv_eV,98,1.0,0.0,0.636010430051005,0.636010430051005,,,,1.0
6,hexane_gsolv_eV,99,1.0,0.0,0.636010430051005,0.636010430051005,,,,1.0
6,hexane_gsolv_eV,100,1.0,0.0,0.636010430051005,0.636010430051005,,,,1.0
6,hexane_gsolv_eV,101,1.0,0.0,0.636010430051005,0.636010430051005,,,,1.0
6,hexane_gsolv_eV,102,1.0,0.0,0.636010430051005,0.636010430051005,,,,1.0
6,hexane_gsolv_eV,103,1.0,0.0,0.636010430051005,0.636010430051005,,,,1.0
6,hexane_gsolv_eV,104,1.0,0.0,0.636010430051005,0.636010430051005,,,,1.0
6,hexane_gsolv_eV,105,1.0,0.0,0.636010430051005,0.636010430051005,,,,1.0
6,hexane_gsolv_eV,106,1.0,0.0,0.636010430051005,0.636010430051005,,,,1.0
6,hexane_gsolv_eV,107,1.0,0.0,0.636010430051005,0.636010430051005,,,,1.0
6,hexane_gsolv_eV,108,1.0,0.0,0.636010430051005,0.636010430051005,,,,1.0
6,hexane_gsolv_eV,109,1.0,0.0,0.636010430051005,0.636010430051005,,,,1.0
6,hexane_gsolv_eV,110,1.0,0.0,0.636010430051005,0.636010430051005,,,,1.0
6,hexane_gsolv_eV,111,1.0,0.0,0.636010430051005,0.636010430051005,,,,1.0
6,hexane_gsolv_eV,112,1.0,0.0,0.636010430051005,0.636010430051005,,,,1.0
6,hexane_gsolv_eV,113,1.0,0.0,0.636010430051005,0.636010430051005,,,,1.0
6,hexane_gsolv_eV,114,1.0,0.0,0.636010430051005,0.636010430051005,,,,1.0
6,hexane_gsolv_eV,115,1.0,0.0,0.636010430051005,0.636010430051005,,,,1.0
6,hexane_gsolv_eV,116,1.0,0.0,0.636010430051005,0.636010430051005,,,,1.0
6,hexane_gsolv_eV,117,1.0,0.0,0.636010430051005,0.636010430051005,,,,1.0
6,hexane_gsolv_eV,118,1.0,0.0,0.636010430051005,0.636010430051005,,,,1.0
6,hexane_gsolv_eV,119,1.0,0.0,0.636010430051005,0.636010430051005,,,,1.0
6,hexane_gsolv_eV,120,1.0,0.0,0.636010430051005,0.636010430051005,,,,1.0
6,hexane_gsolv_eV,121,1.0,0.0,0.636010430051005,0.636010430051005,,,,1.0
6,hexane_gsolv_eV,122,1.0,0.0,0.636010430051005,0.636010430051005,,,,1.0
6,hexane_gsolv_eV,123,1.0,0.0,0.636010430051005,0.636010430051005,,,,1.0
6,hexane_gsolv_eV,124,1.0,0.0,0.636010430051005,0.636010430051005,,,,1.0
6,hexane_gsolv_eV,125,1.0,0.0,0.636010430051005,0.636010430051005,,,,1.0
6,hexane_gsolv_eV,126,1.0,0.0,0.636010430051005,0.636010430051005,,,,1.0
6,hexane_gsolv_eV,127,1.0,0.0,0.636010430051005,0.636010430051005,,,,1.0
6,hexane_gsolv_eV,128,1.0,0.0,0.636010430051005,0.636010430051005,,,,1.0
6,hexane_gsolv_eV,129,1.0,0.0,0.636010430051005,0.636010430051005,,,,1.0
6,hexane_gsolv_eV,130,1.0,0.0,0.636010430051005,0.636010430051005,,,,1.0
6,hexane_gsolv_eV,131,1.0,0.0,0.636010430051005,0.636010430051005,,,,1.0
6,hexane_gsolv_eV,132,1.0,0.0,0.636010430051005,0.636010430051005,,,,1.0
6,hexane_gsolv_eV,133,1.0,0.0,0.636010430051005,0.636010430051005,,,,1.0
6,hexane_gsolv_eV,134,1.0,0.0,0.636010430051005,0.636010430051005,,,,1.0
6,hexane_gsolv_eV,135,1.0,0.0,0.636010430051005,0.636010430051005,,,,1.0
6,hexane_gsolv_eV,136,1.0,0.0,0.636010430051005,0.636010430051005,,,,1.0
6,hexane_gsolv_eV,137,1.0,0.0,0.636010430051005,0.636010430051005,,,,1.0
6,hexane_gsolv_eV,138,1.0,0.0,0.636010430051005,0.636010430051005,,,,1.0
6,hexane_gsolv_eV,139,1.0,0.0,0.636010430051005,0.636010430051005,,,,1.0
6,hexane_gsolv_eV,140,1.0,0.0,0.636010430051005,0.636010430051005,,,,1.0
6,hexane_gsolv_eV,141,1.0,0.0,0.636010430051005,0.636010430051005,,,,1.0
6,hexane_gsolv_eV,142,1.0,0.0,0.636010430051005,0.636010430051005,,,,1.0
6,hexane_gsolv_eV,143,1.0,0.0,0.636010430051005,0.636010430051005,,,,1.0
6,hexane_gsolv_eV,144,1.0,0.0,0.636010430051005,0.636010430051005,,,,1.0
6,hexane_gsolv_eV,145,1.0,0.0,0.636010430051005,0.636010430051005,,,,1.0
6,hexane_gsolv_eV,146,1.0,0.0,0.636010430051005,0.636010430051005,,,,1.0
6,hexane_gsolv_eV,147,1.0,0.0,0.636010430051005,0.636010430051005,,,,1.0
6,hexane_gsolv_eV,148,1.0,0.0,0.636010430051005,0.636010430051005,,,,1.0
6,hexane_gsolv_eV,149,1.0,0.0,0.636010430051005,0.636010430051005,,,,1.0
6,hexane_gsolv_eV,150,1.0,0.0,0.636010430051005,0.636010430051005,,,,1.0
6,hexane_gsolv_eV,151,1.0,0.0,0.636010430051005,0.636010430051005,,,,1.0
6,hexane_gsolv_eV,152,1.0,0.0,0.636010430051005,0.636010430051005,,,,1.0
6,hexane_gsolv_eV,153,1.0,0.0,0.636010430051005,0.636010430051005,,,,1.0
6,hexane_gsolv_eV,154,1.0,0.0,0.636010430051005,0.636010430051005,,,,1.0
6,hexane_gsolv_eV,155,1.0,0.0,0.636010430051005,0.636010430051005,,,,1.0
6,hexane_gsolv_eV,156,1.0,0.0,0.636010430051005,0.636010430051005,,,,1.0
6,hexane_gsolv_eV,157,1.0,0.0,0.636010430051005,0.636010430051005,,,,1.0
6,hexane_gsolv_eV,158,1.0,0.0,0.636010430051005,0.636010430051005,,,,1.0
6,hexane_gsolv_eV,159,1.0,0.0,0.636010430051005,0.636010430051005,,,,1.0
6,hexane_gsolv_eV,160,1.0,0.0,0.636010430051005,0.636010430051005,,,,1.0
6,hexane_gsolv_eV,161,1.0,0.0,0.636010430051005,0.636010430051005,,,,1.0
6,hexane_gsolv_eV,162,1.0,0.0,0.636010430051005,0.636010430051005,,,,1.0
6,hexane_gsolv_eV,163,1.0,0.0,0.636010430051005,0.636010430051005,,,,1.0
6,hexane_gsolv_eV,164,1.0,0.0,0.636010430051005,0.636010430051005,,,,1.0
6,hexane_gsolv_eV,165,1.0,0.0,0.636010430051005,0.636010430051005,,,,1.0
6,hexane_gsolv_eV,166,1.0,0.0,0.636010430051005,0.636010430051005,,,,1.0
6,hexane_gsolv_eV,167,1.0,0.0,0.636010430051005,0.636010430051005,,,,1.0
6,hexane_gsolv_eV,168,1.0,0.0,0.636010430051005,0.636010430051005,,,,1.0
6,hexane_gsolv_eV,169,1.0,0.0,0.636010430051005,0.636010430051005,,,,1.0
6,hexane_gsolv_eV,170,1.0,0.0,0.636010430051005,0.636010430051005,,,,1.0
6,hexane_gsolv_eV,171,1.0,0.0,0.636010430051005,0.636010430051005,,,,1.0
6,hexane_gsolv_eV,172,1.0,0.0,0.636010430051005,0.636010430051005,,,,1.0
6,hexane_gsolv_eV,173,1.0,0.0,0.636010430051005,0.636010430051005,,,,1.0
6,hexane_gsolv_eV,174,1.0,0.0,0.636010430051005,0.636010430051005,,,,1.0
6,hexane_gsolv_eV,175,1.0,0.0,0.636010430051005,0.636010430051005,,,,1.0
6,hexane_gsolv_eV,176,1.0,0.0,0.636010430051005,0.636010430051005,,,,1.0
6,hexane_gsolv_eV,177,1.0,0.0,0.636010430051005,0.636010430051005,,,,1.0
6,hexane_gsolv_eV,178,1.0,0.0,0.636010430051005,0.636010430051005,,,,1.0
6,hexane_gsolv_eV,179,1.0,0.0,0.636010430051005,0.636010430051005,,,,1.0
6,hexane_gsolv_eV,180,1.0,0.0,0.636010430051005,0.636010430051005,,,,1.0
6,hexane_gsolv_eV,181,1.0,0.0,0.636010430051005,0.636010430051005,,,,1.0
6,hexane_gsolv_eV,182,1.0,0.0,0.636010430051005,0.636010430051005,,,,1.0
6,hexane_gsolv_eV,183,1.0,0.0,0.636010430051005,0.636010430051005,,,,1.0
6,hexane_gsolv_eV,184,1.0,0.0,0.636010430051005,0.636010430051005,,,,1.0
6,hexane_gsolv_eV,185,1.0,0.0,0.636010430051005,0.636010430051005,,,,1.0
6,hexane_gsolv_eV,186,1.0,0.0,0.636010430051005,0.636010430051005,,,,1.0
6,hexane_gsolv_eV,187,1.0,0.0,0.636010430051005,0.636010430051005,,,,1.0
6,hexane_gsolv_eV,188,1.0,0.0,0.636010430051005,0.636010430051005,,,,1.0
6,hexane_gsolv_eV,189,1.0,0.0,0.636010430051005,0.636010430051005,,,,1.0
6,hexane_gsolv_eV,190,1.0,0.0,0.636010430051005,0.636010430051005,,,,1.0
6,hexane_gsolv_eV,191,1.0,0.0,0.636010430051005,0.636010430051005,,,,1.0
6,hexane_gsolv_eV,192,1.0,0.0,0.636010430051005,0.636010430051005,,,,1.0
6,hexane_gsolv_eV,193,1.0,0.0,0.636010430051005,0.636010430051005,,,,1.0
6,hexane_gsolv_eV,194,1.0,0.0,0.636010430051005,0.636010430051005,,,,1.0
6,hexane_gsolv_eV,195,1.0,0.0,0.636010430051005,0.636010430051005,,,,1.0
6,hexane_gsolv_eV,196,1.0,0.0,0.636010430051005,0.636010430051005,,,,1.0
6,hexane_gsolv_eV,197,1.0,0.0,0.636010430051005,0.636010430051005,,,,1.0
6,hexane_gsolv_eV,198,1.0,0.0,0.636010430051005,0.636010430051005,,,,1.0
6,hexane_gsolv_eV,199,1.0,0.0,0.636010430051005,0.636010430051005,,,,1.0
6,hexane_gsolv_eV,200,1.0,0.0,0.636010430051005,0.636010430051005,,,,1.0
6,hexane_gsolv_eV,201,1.0,0.0,0.636010430051005,0.636010430051005,,,,1.0
6,hexane_gsolv_eV,202,1.0,0.0,0.636010430051005,0.636010430051005,,,,1.0
6,hexane_gsolv_eV,203,1.0,0.0,0.636010430051005,0.636010430051005,,,,1.0
6,hexane_gsolv_eV,204,1.0,0.0,0.636010430051005,0.636010430051005,,,,1.0
6,hexane_gsolv_eV,205,1.0,0.0,0.636010430051005,0.636010430051005,,,,1.0
6,hexane_gsolv_eV,206,1.0,0.0,0.636010430051005,0.636010430051005,,,,1.0
6,hexane_gsolv_eV,207,1.0,0.0,0.636010430051005,0.636010430051005,,,,1.0
6,hexane_gsolv_eV,208,1.0,0.0,0.636010430051005,0.636010430051005,,,,1.0
6,hexane_gsolv_eV,209,1.0,0.0,0.636010430051005,0.636010430051005,,,,1.0
6,hexane_gsolv_eV,210,1.0,0.0,0.636010430051005,0.636010430051005,,,,1.0
6,hexane_gsolv_eV,211,1.0,0.0,0.636010430051005,0.636010430051005,,,,1.0
6,hexane_gsolv_eV,212,1.0,0.0,0.636010430051005,0.636010430051005,,,,1.0
6,hexane_gsolv_eV,213,1.0,0.0,0.636010430051005,0.636010430051005,,,,1.0
6,hexane_gsolv_eV,214,1.0,0.0,0.636010430051005,0.636010430051005,,,,1.0
6,hexane_gsolv_eV,215,1.0,0.0,0.636010430051005,0.636010430051005,,,,1.0
6,hexane_gsolv_eV,216,1.0,0.0,0.636010430051005,0.636010430051005,,,,1.0
6,hexane_gsolv_eV,217,1.0,0.0,0.636010430051005,0.636010430051005,,,,1.0
6,hexane_gsolv_eV,218,1.0,0.0,0.636010430051005,0.636010430051005,,,,1.0
6,hexane_gsolv_eV,219,1.0,0.0,0.636010430051005,0.636010430051005,,,,1.0
6,hexane_gsolv_eV,220,1.0,0.0,0.636010430051005,0.636010430051005,,,,1.0
6,hexane_gsolv_eV,221,1.0,0.0,0.636010430051005,0.636010430051005,,,,1.0
6,hexane_gsolv_eV,222,1.0,0.0,0.636010430051005,0.636010430051005,,,,1.0
6,hexane_gsolv_eV,223,1.0,0.0,0.636010430051005,0.636010430051005,,,,1.0
6,hexane_gsolv_eV,224,1.0,0.0,0.636010430051005,0.636010430051005,,,,1.0
6,hexane_gsolv_eV,225,1.0,0.0,0.636010430051005,0.636010430051005,,,,1.0
6,hexane_gsolv_eV,226,1.0,0.0,0.636010430051005,0.636010430051005,,,,1.0
6,hexane_gsolv_eV,227,1.0,0.0,0.636010430051005,0.636010430051005,,,,1.0
6,hexane_gsolv_eV,228,1.0,0.0,0.636010430051005,0.636010430051005,,,,1.0
6,hexane_gsolv_eV,229,1.0,0.0,0.636010430051005,0.636010430051005,,,,1.0
6,hexane_gsolv_eV,230,1.0,0.0,0.636010430051005,0.636010430051005,,,,1.0
6,hexane_gsolv_eV,231,1.0,0.0,0.636010430051005,0.636010430051005,,,,1.0
6,hexane_gsolv_eV,232,1.0,0.0,0.636010430051005,0.636010430051005,,,,1.0
6,hexane_gsolv_eV,233,1.0,0.0,0.636010430051005,0.636010430051005,,,,1.0
6,hexane_gsolv_eV,234,1.0,0.0,0.636010430051005,0.636010430051005,,,,1.0
6,hexane_gsolv_eV,235,1.0,0.0,0.636010430051005,0.636010430051005,,,,1.0
6,hexane_gsolv_eV,236,1.0,0.0,0.636010430051005,0.636010430051005,,,,1.0
6,hexane_gsolv_eV,237,1.0,0.0,0.636010430051005,0.636010430051005,,,,1.0
6,hexane_gsolv_eV,238,1.0,0.0,0.636010430051005,0.636010430051005,,,,1.0
6,hexane_gsolv_eV,239,1.0,0.0,0.636010430051005,0.636010430051005,,,,1.0
6,hexane_gsolv_eV,240,1.0,0.0,0.636010430051005,0.636010430051005,,,,1.0
6,hexane_gsolv_eV,241,1.0,0.0,0.636010430051005,0.636010430051005,,,,1.0
6,hexane_gsolv_eV,242,1.0,0.0,0.636010430051005,0.636010430051005,,,,1.0
6,hexane_gsolv_eV,243,1.0,0.0,0.636010430051005,0.636010430051005,,,,1.0
6,hexane_gsolv_eV,244,1.0,0.0,0.636010430051005,0.636010430051005,,,,1.0
6,hexane_gsolv_eV,245,1.0,0.0,0.636010430051005,0.636010430051005,,,,1.0
6,hexane_gsolv_eV,246,1.0,0.0,0.636010430051005,0.636010430051005,,,,1.0
6,hexane_gsolv_eV,247,1.0,0.0,0.636010430051005,0.636010430051005,,,,1.0
6,hexane_gsolv_eV,248,1.0,0.0,0.636010430051005,0.636010430051005,,,,1.0
6,hexane_gsolv_eV,249,1.0,0.0,0.636010430051005,0.636010430051005,,,,1.0
6,hexane_hl_gap_eV,0,0.9999999403953552,0.0,0.6918158821277194,0.6918158821277194,,,,1.0
6,hexane_hl_gap_eV,1,0.9999999403953552,0.0,0.6918158821277194,0.6918158821277194,,,,1.0
6,hexane_hl_gap_eV,2,0.9999999403953552,0.0,0.6918158821277194,0.6918158821277194,,,,1.0
6,hexane_hl_gap_eV,3,0.9999999403953552,0.0,0.6918158821277194,0.6918158821277194,,,,1.0
6,hexane_hl_gap_eV,4,0.9999999403953552,0.0,0.6918158821277194,0.6918158821277194,,,,1.0
6,hexane_hl_gap_eV,5,0.9999999403953552,0.0,0.6918158821277194,0.6918158821277194,,,,1.0
6,hexane_hl_gap_eV,6,0.9999999403953552,0.0,0.6918158821277194,0.6918158821277194,,,,1.0
6,hexane_hl_gap_eV,7,0.9999999403953552,0.0,0.6918158821277194,0.6918158821277194,,,,1.0
6,hexane_hl_gap_eV,8,0.9999999403953552,0.0,0.6918158821277194,0.6918158821277194,,,,1.0
6,hexane_hl_gap_eV,9,0.9999999403953552,0.0,0.6918158821277194,0.6918158821277194,,,,1.0
6,hexane_hl_gap_eV,10,0.9999999403953552,0.0,0.6918158821277194,0.6918158821277194,,,,1.0
6,hexane_hl_gap_eV,11,0.9999999403953552,0.0,0.6918158821277194,0.6918158821277194,,,,1.0
6,hexane_hl_gap_eV,12,0.9999999403953552,0.0,0.6918158821277194,0.6918158821277194,,,,1.0
6,hexane_hl_gap_eV,13,0.9999999403953552,0.0,0.6918158821277194,0.6918158821277194,,,,1.0
6,hexane_hl_gap_eV,14,0.9999999403953552,0.0,0.6918158821277194,0.6918158821277194,,,,1.0
6,hexane_hl_gap_eV,15,0.9999999403953552,0.0,0.6918158821277194,0.6918158821277194,,,,1.0
6,hexane_hl_gap_eV,16,0.9999999403953552,0.0,0.6918158821277194,0.6918158821277194,,,,1.0
6,hexane_hl_gap_eV,17,0.9999999403953552,0.0,0.6918158821277194,0.6918158821277194,,,,1.0
6,hexane_hl_gap_eV,18,0.9999999403953552,0.0,0.6918158821277194,0.6918158821277194,,,,1.0
6,hexane_hl_gap_eV,19,0.9999999403953552,0.0,0.6918158821277194,0.6918158821277194,,,,1.0
6,hexane_hl_gap_eV,20,0.9999999403953552,0.0,0.6918158821277194,0.6918158821277194,,,,1.0
6,hexane_hl_gap_eV,21,0.9999999403953552,0.0,0.6918158821277194,0.6918158821277194,,,,1.0
6,hexane_hl_gap_eV,22,0.9999999403953552,0.0,0.6918158821277194,0.6918158821277194,,,,1.0
6,hexane_hl_gap_eV,23,0.9999999403953552,0.0,0.6918158821277194,0.6918158821277194,,,,1.0
6,hexane_hl_gap_eV,24,0.9999999403953552,0.0,0.6918158821277194,0.6918158821277194,,,,1.0
6,hexane_hl_gap_eV,25,0.9999999403953552,0.0,0.6918158821277194,0.6918158821277194,,,,1.0
6,hexane_hl_gap_eV,26,0.9999999403953552,0.0,0.6918158821277194,0.6918158821277194,,,,1.0
6,hexane_hl_gap_eV,27,0.9999999403953552,0.0,0.6918158821277194,0.6918158821277194,,,,1.0
6,hexane_hl_gap_eV,28,0.9999999403953552,0.0,0.6918158821277194,0.6918158821277194,,,,1.0
6,hexane_hl_gap_eV,29,0.9999999403953552,0.0,0.6918158821277194,0.6918158821277194,,,,1.0
6,hexane_hl_gap_eV,30,0.9999999403953552,0.0,0.6918158821277194,0.6918158821277194,,,,1.0
6,hexane_hl_gap_eV,31,0.9999999403953552,0.0,0.6918158821277194,0.6918158821277194,,,,1.0
6,hexane_hl_gap_eV,32,0.9999999403953552,0.0,0.6918158821277194,0.6918158821277194,,,,1.0
6,hexane_hl_gap_eV,33,0.9999999403953552,0.0,0.6918158821277194,0.6918158821277194,,,,1.0
6,hexane_hl_gap_eV,34,0.9999999403953552,0.0,0.6918158821277194,0.6918158821277194,,,,1.0
6,hexane_hl_gap_eV,35,0.9999999403953552,0.0,0.6918158821277194,0.6918158821277194,,,,1.0
6,hexane_hl_gap_eV,36,0.9999999403953552,0.0,0.6918158821277194,0.6918158821277194,,,,1.0
6,hexane_hl_gap_eV,37,0.9999999403953552,0.0,0.6918158821277194,0.6918158821277194,,,,1.0
6,hexane_hl_gap_eV,38,0.9999999403953552,0.0,0.6918158821277194,0.6918158821277194,,,,1.0
6,hexane_hl_gap_eV,39,0.9999999403953552,0.0,0.6918158821277194,0.6918158821277194,,,,1.0
6,hexane_hl_gap_eV,40,0.9999999403953552,0.0,0.6918158821277194,0.6918158821277194,,,,1.0
6,hexane_hl_gap_eV,41,0.9999999403953552,0.0,0.6918158821277194,0.6918158821277194,,,,1.0
6,hexane_hl_gap_eV,42,0.9999999403953552,0.0,0.6918158821277194,0.6918158821277194,,,,1.0
6,hexane_hl_gap_eV,43,0.9999999403953552,0.0,0.6918158821277194,0.6918158821277194,,,,1.0
6,hexane_hl_gap_eV,44,0.9999999403953552,0.0,0.6918158821277194,0.6918158821277194,,,,1.0
6,hexane_hl_gap_eV,45,0.9999999403953552,0.0,0.6918158821277194,0.6918158821277194,,,,1.0
6,hexane_hl_gap_eV,46,0.9999999403953552,0.0,0.6918158821277194,0.6918158821277194,,,,1.0
6,hexane_hl_gap_eV,47,0.9999999403953552,0.0,0.6918158821277194,0.6918158821277194,,,,1.0
6,hexane_hl_gap_eV,48,0.9999999403953552,0.0,0.6918158821277194,0.6918158821277194,,,,1.0
6,hexane_hl_gap_eV,49,0.9999999403953552,0.0,0.6918158821277194,0.6918158821277194,,,,1.0
6,hexane_hl_gap_eV,50,0.9999999403953552,0.0,0.6918158821277194,0.6918158821277194,,,,1.0
6,hexane_hl_gap_eV,51,0.9999999403953552,0.0,0.6918158821277194,0.6918158821277194,,,,1.0
6,hexane_hl_gap_eV,52,0.9999999403953552,0.0,0.6918158821277194,0.6918158821277194,,,,1.0
6,hexane_hl_gap_eV,53,0.9999999403953552,0.0,0.6918158821277194,0.6918158821277194,,,,1.0
6,hexane_hl_gap_eV,54,0.9999999403953552,0.0,0.6918158821277194,0.6918158821277194,,,,1.0
6,hexane_hl_gap_eV,55,0.9999999403953552,0.0,0.6918158821277194,0.6918158821277194,,,,1.0
6,hexane_hl_gap_eV,56,0.9999999403953552,0.0,0.6918158821277194,0.6918158821277194,,,,1.0
6,hexane_hl_gap_eV,57,0.9999999403953552,0.0,0.6918158821277194,0.6918158821277194,,,,1.0
6,hexane_hl_gap_eV,58,0.9999999403953552,0.0,0.6918158821277194,0.6918158821277194,,,,1.0
6,hexane_hl_gap_eV,59,0.9999999403953552,0.0,0.6918158821277194,0.6918158821277194,,,,1.0
6,hexane_hl_gap_eV,60,0.9999999403953552,0.0,0.6918158821277194,0.6918158821277194,,,,1.0
6,hexane_hl_gap_eV,61,0.9999999403953552,0.0,0.6918158821277194,0.6918158821277194,,,,1.0
6,hexane_hl_gap_eV,62,0.9999999403953552,0.0,0.6918158821277194,0.6918158821277194,,,,1.0
6,hexane_hl_gap_eV,63,0.9999999403953552,0.0,0.6918158821277194,0.6918158821277194,,,,1.0
6,hexane_hl_gap_eV,64,0.9999999403953552,0.0,0.6918158821277194,0.6918158821277194,,,,1.0
6,hexane_hl_gap_eV,65,0.9999999403953552,0.0,0.6918158821277194,0.6918158821277194,,,,1.0
6,hexane_hl_gap_eV,66,0.9999999403953552,0.0,0.6918158821277194,0.6918158821277194,,,,1.0
6,hexane_hl_gap_eV,67,0.9999999403953552,0.0,0.6918158821277194,0.6918158821277194,,,,1.0
6,hexane_hl_gap_eV,68,0.9999999403953552,0.0,0.6918158821277194,0.6918158821277194,,,,1.0
6,hexane_hl_gap_eV,69,0.9999999403953552,0.0,0.6918158821277194,0.6918158821277194,,,,1.0
6,hexane_hl_gap_eV,70,0.9999999403953552,0.0,0.6918158821277194,0.6918158821277194,,,,1.0
6,hexane_hl_gap_eV,71,0.9999999403953552,0.0,0.6918158821277194,0.6918158821277194,,,,1.0
6,hexane_hl_gap_eV,72,0.9999999403953552,0.0,0.6918158821277194,0.6918158821277194,,,,1.0
6,hexane_hl_gap_eV,73,0.9999999403953552,0.0,0.6918158821277194,0.6918158821277194,,,,1.0
6,hexane_hl_gap_eV,74,0.9999999403953552,0.0,0.6918158821277194,0.6918158821277194,,,,1.0
6,hexane_hl_gap_eV,75,0.9999999403953552,0.0,0.6918158821277194,0.6918158821277194,,,,1.0
6,hexane_hl_gap_eV,76,0.9999999403953552,0.0,0.6918158821277194,0.6918158821277194,,,,1.0
6,hexane_hl_gap_eV,77,0.9999999403953552,0.0,0.6918158821277194,0.6918158821277194,,,,1.0
6,hexane_hl_gap_eV,78,0.9999999403953552,0.0,0.6918158821277194,0.6918158821277194,,,,1.0
6,hexane_hl_gap_eV,79,0.9999999403953552,0.0,0.6918158821277194,0.6918158821277194,,,,1.0
6,hexane_hl_gap_eV,80,0.9999999403953552,0.0,0.6918158821277194,0.6918158821277194,,,,1.0
6,hexane_hl_gap_eV,81,0.9999999403953552,0.0,0.6918158821277194,0.6918158821277194,,,,1.0
6,hexane_hl_gap_eV,82,0.9999999403953552,0.0,0.6918158821277194,0.6918158821277194,,,,1.0
6,hexane_hl_gap_eV,83,0.9999999403953552,0.0,0.6918158821277194,0.6918158821277194,,,,1.0
6,hexane_hl_gap_eV,84,0.9999999403953552,0.0,0.6918158821277194,0.6918158821277194,,,,1.0
6,hexane_hl_gap_eV,85,0.9999999403953552,0.0,0.6918158821277194,0.6918158821277194,,,,1.0
6,hexane_hl_gap_eV,86,0.9999999403953552,0.0,0.6918158821277194,0.6918158821277194,,,,1.0
6,hexane_hl_gap_eV,87,0.9999999403953552,0.0,0.6918158821277194,0.6918158821277194,,,,1.0
6,hexane_hl_gap_eV,88,0.9999999403953552,0.0,0.6918158821277194,0.6918158821277194,,,,1.0
6,hexane_hl_gap_eV,89,0.9999999403953552,0.0,0.6918158821277194,0.6918158821277194,,,,1.0
6,hexane_hl_gap_eV,90,0.9999999403953552,0.0,0.6918158821277194,0.6918158821277194,,,,1.0
6,hexane_hl_gap_eV,91,0.9999999403953552,0.0,0.6918158821277194,0.6918158821277194,,,,1.0
6,hexane_hl_gap_eV,92,0.9999999403953552,0.0,0.6918158821277194,0.6918158821277194,,,,1.0
6,hexane_hl_gap_eV,93,0.9999999403953552,0.0,0.6918158821277194,0.6918158821277194,,,,1.0
6,hexane_hl_gap_eV,94,0.9999999403953552,0.0,0.6918158821277194,0.6918158821277194,,,,1.0
6,hexane_hl_gap_eV,95,0.9999999403953552,0.0,0.6918158821277194,0.6918158821277194,,,,1.0
6,hexane_hl_gap_eV,96,0.9999999403953552,0.0,0.6918158821277194,0.6918158821277194,,,,1.0
6,hexane_hl_gap_eV,97,0.9999999403953552,0.0,0.6918158821277194,0.6918158821277194,,,,1.0
6,hexane_hl_gap_eV,98,0.9999999403953552,0.0,0.6918158821277194,0.6918158821277194,,,,1.0
6,hexane_hl_gap_eV,99,0.9999999403953552,0.0,0.6918158821277194,0.6918158821277194,,,,1.0
6,hexane_hl_gap_eV,100,0.9999999403953552,0.0,0.6918158821277194,0.6918158821277194,,,,1.0
6,hexane_hl_gap_eV,101,0.9999999403953552,0.0,0.6918158821277194,0.6918158821277194,,,,1.0
6,hexane_hl_gap_eV,102,0.9999999403953552,0.0,0.6918158821277194,0.6918158821277194,,,,1.0
6,hexane_hl_gap_eV,103,0.9999999403953552,0.0,0.6918158821277194,0.6918158821277194,,,,1.0
6,hexane_hl_gap_eV,104,0.9999999403953552,0.0,0.6918158821277194,0.6918158821277194,,,,1.0
6,hexane_hl_gap_eV,105,0.9999999403953552,0.0,0.6918158821277194,0.6918158821277194,,,,1.0
6,hexane_hl_gap_eV,106,0.9999999403953552,0.0,0.6918158821277194,0.6918158821277194,,,,1.0
6,hexane_hl_gap_eV,107,0.9999999403953552,0.0,0.6918158821277194,0.6918158821277194,,,,1.0
6,hexane_hl_gap_eV,108,0.9999999403953552,0.0,0.6918158821277194,0.6918158821277194,,,,1.0
6,hexane_hl_gap_eV,109,0.9999999403953552,0.0,0.6918158821277194,0.6918158821277194,,,,1.0
6,hexane_hl_gap_eV,110,0.9999999403953552,0.0,0.6918158821277194,0.6918158821277194,,,,1.0
6,hexane_hl_gap_eV,111,0.9999999403953552,0.0,0.6918158821277194,0.6918158821277194,,,,1.0
6,hexane_hl_gap_eV,112,0.9999999403953552,0.0,0.6918158821277194,0.6918158821277194,,,,1.0
6,hexane_hl_gap_eV,113,0.9999999403953552,0.0,0.6918158821277194,0.6918158821277194,,,,1.0
6,hexane_hl_gap_eV,114,0.9999999403953552,0.0,0.6918158821277194,0.6918158821277194,,,,1.0
6,hexane_hl_gap_eV,115,0.9999999403953552,0.0,0.6918158821277194,0.6918158821277194,,,,1.0
6,hexane_hl_gap_eV,116,0.9999999403953552,0.0,0.6918158821277194,0.6918158821277194,,,,1.0
6,hexane_hl_gap_eV,117,0.9999999403953552,0.0,0.6918158821277194,0.6918158821277194,,,,1.0
6,hexane_hl_gap_eV,118,0.9999999403953552,0.0,0.6918158821277194,0.6918158821277194,,,,1.0
6,hexane_hl_gap_eV,119,0.9999999403953552,0.0,0.6918158821277194,0.6918158821277194,,,,1.0
6,hexane_hl_gap_eV,120,0.9999999403953552,0.0,0.6918158821277194,0.6918158821277194,,,,1.0
6,hexane_hl_gap_eV,121,0.9999999403953552,0.0,0.6918158821277194,0.6918158821277194,,,,1.0
6,hexane_hl_gap_eV,122,0.9999999403953552,0.0,0.6918158821277194,0.6918158821277194,,,,1.0
6,hexane_hl_gap_eV,123,0.9999999403953552,0.0,0.6918158821277194,0.6918158821277194,,,,1.0
6,hexane_hl_gap_eV,124,0.9999999403953552,0.0,0.6918158821277194,0.6918158821277194,,,,1.0
6,hexane_hl_gap_eV,125,0.9999999403953552,0.0,0.6918158821277194,0.6918158821277194,,,,1.0
6,hexane_hl_gap_eV,126,0.9999999403953552,0.0,0.6918158821277194,0.6918158821277194,,,,1.0
6,hexane_hl_gap_eV,127,0.9999999403953552,0.0,0.6918158821277194,0.6918158821277194,,,,1.0
6,hexane_hl_gap_eV,128,0.9999999403953552,0.0,0.6918158821277194,0.6918158821277194,,,,1.0
6,hexane_hl_gap_eV,129,0.9999999403953552,0.0,0.6918158821277194,0.6918158821277194,,,,1.0
6,hexane_hl_gap_eV,130,0.9999999403953552,0.0,0.6918158821277194,0.6918158821277194,,,,1.0
6,hexane_hl_gap_eV,131,0.9999999403953552,0.0,0.6918158821277194,0.6918158821277194,,,,1.0
6,hexane_hl_gap_eV,132,0.9999999403953552,0.0,0.6918158821277194,0.6918158821277194,,,,1.0
6,hexane_hl_gap_eV,133,0.9999999403953552,0.0,0.6918158821277194,0.6918158821277194,,,,1.0
6,hexane_hl_gap_eV,134,0.9999999403953552,0.0,0.6918158821277194,0.6918158821277194,,,,1.0
6,hexane_hl_gap_eV,135,0.9999999403953552,0.0,0.6918158821277194,0.6918158821277194,,,,1.0
6,hexane_hl_gap_eV,136,0.9999999403953552,0.0,0.6918158821277194,0.6918158821277194,,,,1.0
6,hexane_hl_gap_eV,137,0.9999999403953552,0.0,0.6918158821277194,0.6918158821277194,,,,1.0
6,hexane_hl_gap_eV,138,0.9999999403953552,0.0,0.6918158821277194,0.6918158821277194,,,,1.0
6,hexane_hl_gap_eV,139,0.9999999403953552,0.0,0.6918158821277194,0.6918158821277194,,,,1.0
6,hexane_hl_gap_eV,140,0.9999999403953552,0.0,0.6918158821277194,0.6918158821277194,,,,1.0
6,hexane_hl_gap_eV,141,0.9999999403953552,0.0,0.6918158821277194,0.6918158821277194,,,,1.0
6,hexane_hl_gap_eV,142,0.9999999403953552,0.0,0.6918158821277194,0.6918158821277194,,,,1.0
6,hexane_hl_gap_eV,143,0.9999999403953552,0.0,0.6918158821277194,0.6918158821277194,,,,1.0
6,hexane_hl_gap_eV,144,0.9999999403953552,0.0,0.6918158821277194,0.6918158821277194,,,,1.0
6,hexane_hl_gap_eV,145,0.9999999403953552,0.0,0.6918158821277194,0.6918158821277194,,,,1.0
6,hexane_hl_gap_eV,146,0.9999999403953552,0.0,0.6918158821277194,0.6918158821277194,,,,1.0
6,hexane_hl_gap_eV,147,0.9999999403953552,0.0,0.6918158821277194,0.6918158821277194,,,,1.0
6,hexane_hl_gap_eV,148,0.9999999403953552,0.0,0.6918158821277194,0.6918158821277194,,,,1.0
6,hexane_hl_gap_eV,149,0.9999999403953552,0.0,0.6918158821277194,0.6918158821277194,,,,1.0
6,hexane_hl_gap_eV,150,0.9999999403953552,0.0,0.6918158821277194,0.6918158821277194,,,,1.0
6,hexane_hl_gap_eV,151,0.9999999403953552,0.0,0.6918158821277194,0.6918158821277194,,,,1.0
6,hexane_hl_gap_eV,152,0.9999999403953552,0.0,0.6918158821277194,0.6918158821277194,,,,1.0
6,hexane_hl_gap_eV,153,0.9999999403953552,0.0,0.6918158821277194,0.6918158821277194,,,,1.0
6,hexane_hl_gap_eV,154,0.9999999403953552,0.0,0.6918158821277194,0.6918158821277194,,,,1.0
6,hexane_hl_gap_eV,155,0.9999999403953552,0.0,0.6918158821277194,0.6918158821277194,,,,1.0
6,hexane_hl_gap_eV,156,0.9999999403953552,0.0,0.6918158821277194,0.6918158821277194,,,,1.0
6,hexane_hl_gap_eV,157,0.9999999403953552,0.0,0.6918158821277194,0.6918158821277194,,,,1.0
6,hexane_hl_gap_eV,158,0.9999999403953552,0.0,0.6918158821277194,0.6918158821277194,,,,1.0
6,hexane_hl_gap_eV,159,0.9999999403953552,0.0,0.6918158821277194,0.6918158821277194,,,,1.0
6,hexane_hl_gap_eV,160,0.9999999403953552,0.0,0.6918158821277194,0.6918158821277194,,,,1.0
6,hexane_hl_gap_eV,161,0.9999999403953552,0.0,0.6918158821277194,0.6918158821277194,,,,1.0
6,hexane_hl_gap_eV,162,0.9999999403953552,0.0,0.6918158821277194,0.6918158821277194,,,,1.0
6,hexane_hl_gap_eV,163,0.9999999403953552,0.0,0.6918158821277194,0.6918158821277194,,,,1.0
6,hexane_hl_gap_eV,164,0.9999999403953552,0.0,0.6918158821277194,0.6918158821277194,,,,1.0
6,hexane_hl_gap_eV,165,0.9999999403953552,0.0,0.6918158821277194,0.6918158821277194,,,,1.0
6,hexane_hl_gap_eV,166,0.9999999403953552,0.0,0.6918158821277194,0.6918158821277194,,,,1.0
6,hexane_hl_gap_eV,167,0.9999999403953552,0.0,0.6918158821277194,0.6918158821277194,,,,1.0
6,hexane_hl_gap_eV,168,0.9999999403953552,0.0,0.6918158821277194,0.6918158821277194,,,,1.0
6,hexane_hl_gap_eV,169,0.9999999403953552,0.0,0.6918158821277194,0.6918158821277194,,,,1.0
6,hexane_hl_gap_eV,170,0.9999999403953552,0.0,0.6918158821277194,0.6918158821277194,,,,1.0
6,hexane_hl_gap_eV,171,0.9999999403953552,0.0,0.6918158821277194,0.6918158821277194,,,,1.0
6,hexane_hl_gap_eV,172,0.9999999403953552,0.0,0.6918158821277194,0.6918158821277194,,,,1.0
6,hexane_hl_gap_eV,173,0.9999999403953552,0.0,0.6918158821277194,0.6918158821277194,,,,1.0
6,hexane_hl_gap_eV,174,0.9999999403953552,0.0,0.6918158821277194,0.6918158821277194,,,,1.0
6,hexane_hl_gap_eV,175,0.9999999403953552,0.0,0.6918158821277194,0.6918158821277194,,,,1.0
6,hexane_hl_gap_eV,176,0.9999999403953552,0.0,0.6918158821277194,0.6918158821277194,,,,1.0
6,hexane_hl_gap_eV,177,0.9999999403953552,0.0,0.6918158821277194,0.6918158821277194,,,,1.0
6,hexane_hl_gap_eV,178,0.9999999403953552,0.0,0.6918158821277194,0.6918158821277194,,,,1.0
6,hexane_hl_gap_eV,179,0.9999999403953552,0.0,0.6918158821277194,0.6918158821277194,,,,1.0
6,hexane_hl_gap_eV,180,0.9999999403953552,0.0,0.6918158821277194,0.6918158821277194,,,,1.0
6,hexane_hl_gap_eV,181,0.9999999403953552,0.0,0.6918158821277194,0.6918158821277194,,,,1.0
6,hexane_hl_gap_eV,182,0.9999999403953552,0.0,0.6918158821277194,0.6918158821277194,,,,1.0
6,hexane_hl_gap_eV,183,0.9999999403953552,0.0,0.6918158821277194,0.6918158821277194,,,,1.0
6,hexane_hl_gap_eV,184,0.9999999403953552,0.0,0.6918158821277194,0.6918158821277194,,,,1.0
6,hexane_hl_gap_eV,185,0.9999999403953552,0.0,0.6918158821277194,0.6918158821277194,,,,1.0
6,hexane_hl_gap_eV,186,0.9999999403953552,0.0,0.6918158821277194,0.6918158821277194,,,,1.0
6,hexane_hl_gap_eV,187,0.9999999403953552,0.0,0.6918158821277194,0.6918158821277194,,,,1.0
6,hexane_hl_gap_eV,188,0.9999999403953552,0.0,0.6918158821277194,0.6918158821277194,,,,1.0
6,hexane_hl_gap_eV,189,0.9999999403953552,0.0,0.6918158821277194,0.6918158821277194,,,,1.0
6,hexane_hl_gap_eV,190,0.9999999403953552,0.0,0.6918158821277194,0.6918158821277194,,,,1.0
6,hexane_hl_gap_eV,191,0.9999999403953552,0.0,0.6918158821277194,0.6918158821277194,,,,1.0
6,hexane_hl_gap_eV,192,0.9999999403953552,0.0,0.6918158821277194,0.6918158821277194,,,,1.0
6,hexane_hl_gap_eV,193,0.9999999403953552,0.0,0.6918158821277194,0.6918158821277194,,,,1.0
6,hexane_hl_gap_eV,194,0.9999999403953552,0.0,0.6918158821277194,0.6918158821277194,,,,1.0
6,hexane_hl_gap_eV,195,0.9999999403953552,0.0,0.6918158821277194,0.6918158821277194,,,,1.0
6,hexane_hl_gap_eV,196,0.9999999403953552,0.0,0.6918158821277194,0.6918158821277194,,,,1.0
6,hexane_hl_gap_eV,197,0.9999999403953552,0.0,0.6918158821277194,0.6918158821277194,,,,1.0
6,hexane_hl_gap_eV,198,0.9999999403953552,0.0,0.6918158821277194,0.6918158821277194,,,,1.0
6,hexane_hl_gap_eV,199,0.9999999403953552,0.0,0.6918158821277194,0.6918158821277194,,,,1.0
6,hexane_hl_gap_eV,200,0.9999999403953552,0.0,0.6918158821277194,0.6918158821277194,,,,1.0
6,hexane_hl_gap_eV,201,0.9999999403953552,0.0,0.6918158821277194,0.6918158821277194,,,,1.0
6,hexane_hl_gap_eV,202,0.9999999403953552,0.0,0.6918158821277194,0.6918158821277194,,,,1.0
6,hexane_hl_gap_eV,203,0.9999999403953552,0.0,0.6918158821277194,0.6918158821277194,,,,1.0
6,hexane_hl_gap_eV,204,0.9999999403953552,0.0,0.6918158821277194,0.6918158821277194,,,,1.0
6,hexane_hl_gap_eV,205,0.9999999403953552,0.0,0.6918158821277194,0.6918158821277194,,,,1.0
6,hexane_hl_gap_eV,206,0.9999999403953552,0.0,0.6918158821277194,0.6918158821277194,,,,1.0
6,hexane_hl_gap_eV,207,0.9999999403953552,0.0,0.6918158821277194,0.6918158821277194,,,,1.0
6,hexane_hl_gap_eV,208,0.9999999403953552,0.0,0.6918158821277194,0.6918158821277194,,,,1.0
6,hexane_hl_gap_eV,209,0.9999999403953552,0.0,0.6918158821277194,0.6918158821277194,,,,1.0
6,hexane_hl_gap_eV,210,0.9999999403953552,0.0,0.6918158821277194,0.6918158821277194,,,,1.0
6,hexane_hl_gap_eV,211,0.9999999403953552,0.0,0.6918158821277194,0.6918158821277194,,,,1.0
6,hexane_hl_gap_eV,212,0.9999999403953552,0.0,0.6918158821277194,0.6918158821277194,,,,1.0
6,hexane_hl_gap_eV,213,0.9999999403953552,0.0,0.6918158821277194,0.6918158821277194,,,,1.0
6,hexane_hl_gap_eV,214,0.9999999403953552,0.0,0.6918158821277194,0.6918158821277194,,,,1.0
6,hexane_hl_gap_eV,215,0.9999999403953552,0.0,0.6918158821277194,0.6918158821277194,,,,1.0
6,hexane_hl_gap_eV,216,0.9999999403953552,0.0,0.6918158821277194,0.6918158821277194,,,,1.0
6,hexane_hl_gap_eV,217,0.9999999403953552,0.0,0.6918158821277194,0.6918158821277194,,,,1.0
6,hexane_hl_gap_eV,218,0.9999999403953552,0.0,0.6918158821277194,0.6918158821277194,,,,1.0
6,hexane_hl_gap_eV,219,0.9999999403953552,0.0,0.6918158821277194,0.6918158821277194,,,,1.0
6,hexane_hl_gap_eV,220,0.9999999403953552,0.0,0.6918158821277194,0.6918158821277194,,,,1.0
6,hexane_hl_gap_eV,221,0.9999999403953552,0.0,0.6918158821277194,0.6918158821277194,,,,1.0
6,hexane_hl_gap_eV,222,0.9999999403953552,0.0,0.6918158821277194,0.6918158821277194,,,,1.0
6,hexane_hl_gap_eV,223,0.9999999403953552,0.0,0.6918158821277194,0.6918158821277194,,,,1.0
6,hexane_hl_gap_eV,224,0.9999999403953552,0.0,0.6918158821277194,0.6918158821277194,,,,1.0
6,hexane_hl_gap_eV,225,0.9999999403953552,0.0,0.6918158821277194,0.6918158821277194,,,,1.0
6,hexane_hl_gap_eV,226,0.9999999403953552,0.0,0.6918158821277194,0.6918158821277194,,,,1.0
6,hexane_hl_gap_eV,227,0.9999999403953552,0.0,0.6918158821277194,0.6918158821277194,,,,1.0
6,hexane_hl_gap_eV,228,0.9999999403953552,0.0,0.6918158821277194,0.6918158821277194,,,,1.0
6,hexane_hl_gap_eV,229,0.9999999403953552,0.0,0.6918158821277194,0.6918158821277194,,,,1.0
6,hexane_hl_gap_eV,230,0.9999999403953552,0.0,0.6918158821277194,0.6918158821277194,,,,1.0
6,hexane_hl_gap_eV,231,0.9999999403953552,0.0,0.6918158821277194,0.6918158821277194,,,,1.0
6,hexane_hl_gap_eV,232,0.9999999403953552,0.0,0.6918158821277194,0.6918158821277194,,,,1.0
6,hexane_hl_gap_eV,233,0.9999999403953552,0.0,0.6918158821277194,0.6918158821277194,,,,1.0
6,hexane_hl_gap_eV,234,0.9999999403953552,0.0,0.6918158821277194,0.6918158821277194,,,,1.0
6,hexane_hl_gap_eV,235,0.9999999403953552,0.0,0.6918158821277194,0.6918158821277194,,,,1.0
6,hexane_hl_gap_eV,236,0.9999999403953552,0.0,0.6918158821277194,0.6918158821277194,,,,1.0
6,hexane_hl_gap_eV,237,0.9999999403953552,0.0,0.6918158821277194,0.6918158821277194,,,,1.0
6,hexane_hl_gap_eV,238,0.9999999403953552,0.0,0.6918158821277194,0.6918158821277194,,,,1.0
6,hexane_hl_gap_eV,239,0.9999999403953552,0.0,0.6918158821277194,0.6918158821277194,,,,1.0
6,hexane_hl_gap_eV,240,0.9999999403953552,0.0,0.6918158821277194,0.6918158821277194,,,,1.0
6,hexane_hl_gap_eV,241,0.9999999403953552,0.0,0.6918158821277194,0.6918158821277194,,,,1.0
6,hexane_hl_gap_eV,242,0.9999999403953552,0.0,0.6918158821277194,0.6918158821277194,,,,1.0
6,hexane_hl_gap_eV,243,0.9999999403953552,0.0,0.6918158821277194,0.6918158821277194,,,,1.0
6,hexane_hl_gap_eV,244,0.9999999403953552,0.0,0.6918158821277194,0.6918158821277194,,,,1.0
6,hexane_hl_gap_eV,245,0.9999999403953552,0.0,0.6918158821277194,0.6918158821277194,,,,1.0
6,hexane_hl_gap_eV,246,0.9999999403953552,0.0,0.6918158821277194,0.6918158821277194,,,,1.0
6,hexane_hl_gap_eV,247,0.9999999403953552,0.0,0.6918158821277194,0.6918158821277194,,,,1.0
6,hexane_hl_gap_eV,248,0.9999999403953552,0.0,0.6918158821277194,0.6918158821277194,,,,1.0
6,hexane_hl_gap_eV,249,0.9999999403953552,0.0,0.6918158821277194,0.6918158821277194,,,,1.0
6,hexane_dipole,0,1.0000001192092896,0.0,0.6542984715420193,0.6542984715420193,,,,1.0
6,hexane_dipole,1,1.0000001192092896,0.0,0.6542984715420193,0.6542984715420193,,,,1.0
6,hexane_dipole,2,1.0000001192092896,0.0,0.6542984715420193,0.6542984715420193,,,,1.0
6,hexane_dipole,3,1.0000001192092896,0.0,0.6542984715420193,0.6542984715420193,,,,1.0
6,hexane_dipole,4,1.0000001192092896,0.0,0.6542984715420193,0.6542984715420193,,,,1.0
6,hexane_dipole,5,1.0000001192092896,0.0,0.6542984715420193,0.6542984715420193,,,,1.0
6,hexane_dipole,6,1.0000001192092896,0.0,0.6542984715420193,0.6542984715420193,,,,1.0
6,hexane_dipole,7,1.0000001192092896,0.0,0.6542984715420193,0.6542984715420193,,,,1.0
6,hexane_dipole,8,1.0000001192092896,0.0,0.6542984715420193,0.6542984715420193,,,,1.0
6,hexane_dipole,9,1.0000001192092896,0.0,0.6542984715420193,0.6542984715420193,,,,1.0
6,hexane_dipole,10,1.0000001192092896,0.0,0.6542984715420193,0.6542984715420193,,,,1.0
6,hexane_dipole,11,1.0000001192092896,0.0,0.6542984715420193,0.6542984715420193,,,,1.0
6,hexane_dipole,12,1.0000001192092896,0.0,0.6542984715420193,0.6542984715420193,,,,1.0
6,hexane_dipole,13,1.0000001192092896,0.0,0.6542984715420193,0.6542984715420193,,,,1.0
6,hexane_dipole,14,1.0000001192092896,0.0,0.6542984715420193,0.6542984715420193,,,,1.0
6,hexane_dipole,15,1.0000001192092896,0.0,0.6542984715420193,0.6542984715420193,,,,1.0
6,hexane_dipole,16,1.0000001192092896,0.0,0.6542984715420193,0.6542984715420193,,,,1.0
6,hexane_dipole,17,1.0000001192092896,0.0,0.6542984715420193,0.6542984715420193,,,,1.0
6,hexane_dipole,18,1.0000001192092896,0.0,0.6542984715420193,0.6542984715420193,,,,1.0
6,hexane_dipole,19,1.0000001192092896,0.0,0.6542984715420193,0.6542984715420193,,,,1.0
6,hexane_dipole,20,1.0000001192092896,0.0,0.6542984715420193,0.6542984715420193,,,,1.0
6,hexane_dipole,21,1.0000001192092896,0.0,0.6542984715420193,0.6542984715420193,,,,1.0
6,hexane_dipole,22,1.0000001192092896,0.0,0.6542984715420193,0.6542984715420193,,,,1.0
6,hexane_dipole,23,1.0000001192092896,0.0,0.6542984715420193,0.6542984715420193,,,,1.0
6,hexane_dipole,24,1.0000001192092896,0.0,0.6542984715420193,0.6542984715420193,,,,1.0
6,hexane_dipole,25,1.0000001192092896,0.0,0.6542984715420193,0.6542984715420193,,,,1.0
6,hexane_dipole,26,1.0000001192092896,0.0,0.6542984715420193,0.6542984715420193,,,,1.0
6,hexane_dipole,27,1.0000001192092896,0.0,0.6542984715420193,0.6542984715420193,,,,1.0
6,hexane_dipole,28,1.0000001192092896,0.0,0.6542984715420193,0.6542984715420193,,,,1.0
6,hexane_dipole,29,1.0000001192092896,0.0,0.6542984715420193,0.6542984715420193,,,,1.0
6,hexane_dipole,30,1.0000001192092896,0.0,0.6542984715420193,0.6542984715420193,,,,1.0
6,hexane_dipole,31,1.0000001192092896,0.0,0.6542984715420193,0.6542984715420193,,,,1.0
6,hexane_dipole,32,1.0000001192092896,0.0,0.6542984715420193,0.6542984715420193,,,,1.0
6,hexane_dipole,33,1.0000001192092896,0.0,0.6542984715420193,0.6542984715420193,,,,1.0
6,hexane_dipole,34,1.0000001192092896,0.0,0.6542984715420193,0.6542984715420193,,,,1.0
6,hexane_dipole,35,1.0000001192092896,0.0,0.6542984715420193,0.6542984715420193,,,,1.0
6,hexane_dipole,36,1.0000001192092896,0.0,0.6542984715420193,0.6542984715420193,,,,1.0
6,hexane_dipole,37,1.0000001192092896,0.0,0.6542984715420193,0.6542984715420193,,,,1.0
6,hexane_dipole,38,1.0000001192092896,0.0,0.6542984715420193,0.6542984715420193,,,,1.0
6,hexane_dipole,39,1.0000001192092896,0.0,0.6542984715420193,0.6542984715420193,,,,1.0
6,hexane_dipole,40,1.0000001192092896,0.0,0.6542984715420193,0.6542984715420193,,,,1.0
6,hexane_dipole,41,1.0000001192092896,0.0,0.6542984715420193,0.6542984715420193,,,,1.0
6,hexane_dipole,42,1.0000001192092896,0.0,0.6542984715420193,0.6542984715420193,,,,1.0
6,hexane_dipole,43,1.0000001192092896,0.0,0.6542984715420193,0.6542984715420193,,,,1.0
6,hexane_dipole,44,1.0000001192092896,0.0,0.6542984715420193,0.6542984715420193,,,,1.0
6,hexane_dipole,45,1.0000001192092896,0.0,0.6542984715420193,0.6542984715420193,,,,1.0
6,hexane_dipole,46,1.0000001192092896,0.0,0.6542984715420193,0.6542984715420193,,,,1.0
6,hexane_dipole,47,1.0000001192092896,0.0,0.6542984715420193,0.6542984715420193,,,,1.0
6,hexane_dipole,48,1.0000001192092896,0.0,0.6542984715420193,0.6542984715420193,,,,1.0
6,hexane_dipole,49,1.0000001192092896,0.0,0.6542984715420193,0.6542984715420193,,,,1.0
6,hexane_dipole,50,1.0000001192092896,0.0,0.6542984715420193,0.6542984715420193,,,,1.0
6,hexane_dipole,51,1.0000001192092896,0.0,0.6542984715420193,0.6542984715420193,,,,1.0
6,hexane_dipole,52,1.0000001192092896,0.0,0.6542984715420193,0.6542984715420193,,,,1.0
6,hexane_dipole,53,1.0000001192092896,0.0,0.6542984715420193,0.6542984715420193,,,,1.0
6,hexane_dipole,54,1.0000001192092896,0.0,0.6542984715420193,0.6542984715420193,,,,1.0
6,hexane_dipole,55,1.0000001192092896,0.0,0.6542984715420193,0.6542984715420193,,,,1.0
6,hexane_dipole,56,1.0000001192092896,0.0,0.6542984715420193,0.6542984715420193,,,,1.0
6,hexane_dipole,57,1.0000001192092896,0.0,0.6542984715420193,0.6542984715420193,,,,1.0
6,hexane_dipole,58,1.0000001192092896,0.0,0.6542984715420193,0.6542984715420193,,,,1.0
6,hexane_dipole,59,1.0000001192092896,0.0,0.6542984715420193,0.6542984715420193,,,,1.0
6,hexane_dipole,60,1.0000001192092896,0.0,0.6542984715420193,0.6542984715420193,,,,1.0
6,hexane_dipole,61,1.0000001192092896,0.0,0.6542984715420193,0.6542984715420193,,,,1.0
6,hexane_dipole,62,1.0000001192092896,0.0,0.6542984715420193,0.6542984715420193,,,,1.0
6,hexane_dipole,63,1.0000001192092896,0.0,0.6542984715420193,0.6542984715420193,,,,1.0
6,hexane_dipole,64,1.0000001192092896,0.0,0.6542984715420193,0.6542984715420193,,,,1.0
6,hexane_dipole,65,1.0000001192092896,0.0,0.6542984715420193,0.6542984715420193,,,,1.0
6,hexane_dipole,66,1.0000001192092896,0.0,0.6542984715420193,0.6542984715420193,,,,1.0
6,hexane_dipole,67,1.0000001192092896,0.0,0.6542984715420193,0.6542984715420193,,,,1.0
6,hexane_dipole,68,1.0000001192092896,0.0,0.6542984715420193,0.6542984715420193,,,,1.0
6,hexane_dipole,69,1.0000001192092896,0.0,0.6542984715420193,0.6542984715420193,,,,1.0
6,hexane_dipole,70,1.0000001192092896,0.0,0.6542984715420193,0.6542984715420193,,,,1.0
6,hexane_dipole,71,1.0000001192092896,0.0,0.6542984715420193,0.6542984715420193,,,,1.0
6,hexane_dipole,72,1.0000001192092896,0.0,0.6542984715420193,0.6542984715420193,,,,1.0
6,hexane_dipole,73,1.0000001192092896,0.0,0.6542984715420193,0.6542984715420193,,,,1.0
6,hexane_dipole,74,1.0000001192092896,0.0,0.6542984715420193,0.6542984715420193,,,,1.0
6,hexane_dipole,75,1.0000001192092896,0.0,0.6542984715420193,0.6542984715420193,,,,1.0
6,hexane_dipole,76,1.0000001192092896,0.0,0.6542984715420193,0.6542984715420193,,,,1.0
6,hexane_dipole,77,1.0000001192092896,0.0,0.6542984715420193,0.6542984715420193,,,,1.0
6,hexane_dipole,78,1.0000001192092896,0.0,0.6542984715420193,0.6542984715420193,,,,1.0
6,hexane_dipole,79,1.0000001192092896,0.0,0.6542984715420193,0.6542984715420193,,,,1.0
6,hexane_dipole,80,1.0000001192092896,0.0,0.6542984715420193,0.6542984715420193,,,,1.0
6,hexane_dipole,81,1.0000001192092896,0.0,0.6542984715420193,0.6542984715420193,,,,1.0
6,hexane_dipole,82,1.0000001192092896,0.0,0.6542984715420193,0.6542984715420193,,,,1.0
6,hexane_dipole,83,1.0000001192092896,0.0,0.6542984715420193,0.6542984715420193,,,,1.0
6,hexane_dipole,84,1.0000001192092896,0.0,0.6542984715420193,0.6542984715420193,,,,1.0
6,hexane_dipole,85,1.0000001192092896,0.0,0.6542984715420193,0.6542984715420193,,,,1.0
6,hexane_dipole,86,1.0000001192092896,0.0,0.6542984715420193,0.6542984715420193,,,,1.0
6,hexane_dipole,87,1.0000001192092896,0.0,0.6542984715420193,0.6542984715420193,,,,1.0
6,hexane_dipole,88,1.0000001192092896,0.0,0.6542984715420193,0.6542984715420193,,,,1.0
6,hexane_dipole,89,1.0000001192092896,0.0,0.6542984715420193,0.6542984715420193,,,,1.0
6,hexane_dipole,90,1.0000001192092896,0.0,0.6542984715420193,0.6542984715420193,,,,1.0
6,hexane_dipole,91,1.0000001192092896,0.0,0.6542984715420193,0.6542984715420193,,,,1.0
6,hexane_dipole,92,1.0000001192092896,0.0,0.6542984715420193,0.6542984715420193,,,,1.0
6,hexane_dipole,93,1.0000001192092896,0.0,0.6542984715420193,0.6542984715420193,,,,1.0
6,hexane_dipole,94,1.0000001192092896,0.0,0.6542984715420193,0.6542984715420193,,,,1.0
6,hexane_dipole,95,1.0000001192092896,0.0,0.6542984715420193,0.6542984715420193,,,,1.0
6,hexane_dipole,96,1.0000001192092896,0.0,0.6542984715420193,0.6542984715420193,,,,1.0
6,hexane_dipole,97,1.0000001192092896,0.0,0.6542984715420193,0.6542984715420193,,,,1.0
6,hexane_dipole,98,1.0000001192092896,0.0,0.6542984715420193,0.6542984715420193,,,,1.0
6,hexane_dipole,99,1.0000001192092896,0.0,0.6542984715420193,0.6542984715420193,,,,1.0
6,hexane_dipole,100,1.0000001192092896,0.0,0.6542984715420193,0.6542984715420193,,,,1.0
6,hexane_dipole,101,1.0000001192092896,0.0,0.6542984715420193,0.6542984715420193,,,,1.0
6,hexane_dipole,102,1.0000001192092896,0.0,0.6542984715420193,0.6542984715420193,,,,1.0
6,hexane_dipole,103,1.0000001192092896,0.0,0.6542984715420193,0.6542984715420193,,,,1.0
6,hexane_dipole,104,1.0000001192092896,0.0,0.6542984715420193,0.6542984715420193,,,,1.0
6,hexane_dipole,105,1.0000001192092896,0.0,0.6542984715420193,0.6542984715420193,,,,1.0
6,hexane_dipole,106,1.0000001192092896,0.0,0.6542984715420193,0.6542984715420193,,,,1.0
6,hexane_dipole,107,1.0000001192092896,0.0,0.6542984715420193,0.6542984715420193,,,,1.0
6,hexane_dipole,108,1.0000001192092896,0.0,0.6542984715420193,0.6542984715420193,,,,1.0
6,hexane_dipole,109,1.0000001192092896,0.0,0.6542984715420193,0.6542984715420193,,,,1.0
6,hexane_dipole,110,1.0000001192092896,0.0,0.6542984715420193,0.6542984715420193,,,,1.0
6,hexane_dipole,111,1.0000001192092896,0.0,0.6542984715420193,0.6542984715420193,,,,1.0
6,hexane_dipole,112,1.0000001192092896,0.0,0.6542984715420193,0.6542984715420193,,,,1.0
6,hexane_dipole,113,1.0000001192092896,0.0,0.6542984715420193,0.6542984715420193,,,,1.0
6,hexane_dipole,114,1.0000001192092896,0.0,0.6542984715420193,0.6542984715420193,,,,1.0
6,hexane_dipole,115,1.0000001192092896,0.0,0.6542984715420193,0.6542984715420193,,,,1.0
6,hexane_dipole,116,1.0000001192092896,0.0,0.6542984715420193,0.6542984715420193,,,,1.0
6,hexane_dipole,117,1.0000001192092896,0.0,0.6542984715420193,0.6542984715420193,,,,1.0
6,hexane_dipole,118,1.0000001192092896,0.0,0.6542984715420193,0.6542984715420193,,,,1.0
6,hexane_dipole,119,1.0000001192092896,0.0,0.6542984715420193,0.6542984715420193,,,,1.0
6,hexane_dipole,120,1.0000001192092896,0.0,0.6542984715420193,0.6542984715420193,,,,1.0
6,hexane_dipole,121,1.0000001192092896,0.0,0.6542984715420193,0.6542984715420193,,,,1.0
6,hexane_dipole,122,1.0000001192092896,0.0,0.6542984715420193,0.6542984715420193,,,,1.0
6,hexane_dipole,123,1.0000001192092896,0.0,0.6542984715420193,0.6542984715420193,,,,1.0
6,hexane_dipole,124,1.0000001192092896,0.0,0.6542984715420193,0.6542984715420193,,,,1.0
6,hexane_dipole,125,1.0000001192092896,0.0,0.6542984715420193,0.6542984715420193,,,,1.0
6,hexane_dipole,126,1.0000001192092896,0.0,0.6542984715420193,0.6542984715420193,,,,1.0
6,hexane_dipole,127,1.0000001192092896,0.0,0.6542984715420193,0.6542984715420193,,,,1.0
6,hexane_dipole,128,1.0000001192092896,0.0,0.6542984715420193,0.6542984715420193,,,,1.0
6,hexane_dipole,129,1.0000001192092896,0.0,0.6542984715420193,0.6542984715420193,,,,1.0
6,hexane_dipole,130,1.0000001192092896,0.0,0.6542984715420193,0.6542984715420193,,,,1.0
6,hexane_dipole,131,1.0000001192092896,0.0,0.6542984715420193,0.6542984715420193,,,,1.0
6,hexane_dipole,132,1.0000001192092896,0.0,0.6542984715420193,0.6542984715420193,,,,1.0
6,hexane_dipole,133,1.0000001192092896,0.0,0.6542984715420193,0.6542984715420193,,,,1.0
6,hexane_dipole,134,1.0000001192092896,0.0,0.6542984715420193,0.6542984715420193,,,,1.0
6,hexane_dipole,135,1.0000001192092896,0.0,0.6542984715420193,0.6542984715420193,,,,1.0
6,hexane_dipole,136,1.0000001192092896,0.0,0.6542984715420193,0.6542984715420193,,,,1.0
6,hexane_dipole,137,1.0000001192092896,0.0,0.6542984715420193,0.6542984715420193,,,,1.0
6,hexane_dipole,138,1.0000001192092896,0.0,0.6542984715420193,0.6542984715420193,,,,1.0
6,hexane_dipole,139,1.0000001192092896,0.0,0.6542984715420193,0.6542984715420193,,,,1.0
6,hexane_dipole,140,1.0000001192092896,0.0,0.6542984715420193,0.6542984715420193,,,,1.0
6,hexane_dipole,141,1.0000001192092896,0.0,0.6542984715420193,0.6542984715420193,,,,1.0
6,hexane_dipole,142,1.0000001192092896,0.0,0.6542984715420193,0.6542984715420193,,,,1.0
6,hexane_dipole,143,1.0000001192092896,0.0,0.6542984715420193,0.6542984715420193,,,,1.0
6,hexane_dipole,144,1.0000001192092896,0.0,0.6542984715420193,0.6542984715420193,,,,1.0
6,hexane_dipole,145,1.0000001192092896,0.0,0.6542984715420193,0.6542984715420193,,,,1.0
6,hexane_dipole,146,1.0000001192092896,0.0,0.6542984715420193,0.6542984715420193,,,,1.0
6,hexane_dipole,147,1.0000001192092896,0.0,0.6542984715420193,0.6542984715420193,,,,1.0
6,hexane_dipole,148,1.0000001192092896,0.0,0.6542984715420193,0.6542984715420193,,,,1.0
6,hexane_dipole,149,1.0000001192092896,0.0,0.6542984715420193,0.6542984715420193,,,,1.0
6,hexane_dipole,150,1.0000001192092896,0.0,0.6542984715420193,0.6542984715420193,,,,1.0
6,hexane_dipole,151,1.0000001192092896,0.0,0.6542984715420193,0.6542984715420193,,,,1.0
6,hexane_dipole,152,1.0000001192092896,0.0,0.6542984715420193,0.6542984715420193,,,,1.0
6,hexane_dipole,153,1.0000001192092896,0.0,0.6542984715420193,0.6542984715420193,,,,1.0
6,hexane_dipole,154,1.0000001192092896,0.0,0.6542984715420193,0.6542984715420193,,,,1.0
6,hexane_dipole,155,1.0000001192092896,0.0,0.6542984715420193,0.6542984715420193,,,,1.0
6,hexane_dipole,156,1.0000001192092896,0.0,0.6542984715420193,0.6542984715420193,,,,1.0
6,hexane_dipole,157,1.0000001192092896,0.0,0.6542984715420193,0.6542984715420193,,,,1.0
6,hexane_dipole,158,1.0000001192092896,0.0,0.6542984715420193,0.6542984715420193,,,,1.0
6,hexane_dipole,159,1.0000001192092896,0.0,0.6542984715420193,0.6542984715420193,,,,1.0
6,hexane_dipole,160,1.0000001192092896,0.0,0.6542984715420193,0.6542984715420193,,,,1.0
6,hexane_dipole,161,1.0000001192092896,0.0,0.6542984715420193,0.6542984715420193,,,,1.0
6,hexane_dipole,162,1.0000001192092896,0.0,0.6542984715420193,0.6542984715420193,,,,1.0
6,hexane_dipole,163,1.0000001192092896,0.0,0.6542984715420193,0.6542984715420193,,,,1.0
6,hexane_dipole,164,1.0000001192092896,0.0,0.6542984715420193,0.6542984715420193,,,,1.0
6,hexane_dipole,165,1.0000001192092896,0.0,0.6542984715420193,0.6542984715420193,,,,1.0
6,hexane_dipole,166,1.0000001192092896,0.0,0.6542984715420193,0.6542984715420193,,,,1.0
6,hexane_dipole,167,1.0000001192092896,0.0,0.6542984715420193,0.6542984715420193,,,,1.0
6,hexane_dipole,168,1.0000001192092896,0.0,0.6542984715420193,0.6542984715420193,,,,1.0
6,hexane_dipole,169,1.0000001192092896,0.0,0.6542984715420193,0.6542984715420193,,,,1.0
6,hexane_dipole,170,1.0000001192092896,0.0,0.6542984715420193,0.6542984715420193,,,,1.0
6,hexane_dipole,171,1.0000001192092896,0.0,0.6542984715420193,0.6542984715420193,,,,1.0
6,hexane_dipole,172,1.0000001192092896,0.0,0.6542984715420193,0.6542984715420193,,,,1.0
6,hexane_dipole,173,1.0000001192092896,0.0,0.6542984715420193,0.6542984715420193,,,,1.0
6,hexane_dipole,174,1.0000001192092896,0.0,0.6542984715420193,0.6542984715420193,,,,1.0
6,hexane_dipole,175,1.0000001192092896,0.0,0.6542984715420193,0.6542984715420193,,,,1.0
6,hexane_dipole,176,1.0000001192092896,0.0,0.6542984715420193,0.6542984715420193,,,,1.0
6,hexane_dipole,177,1.0000001192092896,0.0,0.6542984715420193,0.6542984715420193,,,,1.0
6,hexane_dipole,178,1.0000001192092896,0.0,0.6542984715420193,0.6542984715420193,,,,1.0
6,hexane_dipole,179,1.0000001192092896,0.0,0.6542984715420193,0.6542984715420193,,,,1.0
6,hexane_dipole,180,1.0000001192092896,0.0,0.6542984715420193,0.6542984715420193,,,,1.0
6,hexane_dipole,181,1.0000001192092896,0.0,0.6542984715420193,0.6542984715420193,,,,1.0
6,hexane_dipole,182,1.0000001192092896,0.0,0.6542984715420193,0.6542984715420193,,,,1.0
6,hexane_dipole,183,1.0000001192092896,0.0,0.6542984715420193,0.6542984715420193,,,,1.0
6,hexane_dipole,184,1.0000001192092896,0.0,0.6542984715420193,0.6542984715420193,,,,1.0
6,hexane_dipole,185,1.0000001192092896,0.0,0.6542984715420193,0.6542984715420193,,,,1.0
6,hexane_dipole,186,1.0000001192092896,0.0,0.6542984715420193,0.6542984715420193,,,,1.0
6,hexane_dipole,187,1.0000001192092896,0.0,0.6542984715420193,0.6542984715420193,,,,1.0
6,hexane_dipole,188,1.0000001192092896,0.0,0.6542984715420193,0.6542984715420193,,,,1.0
6,hexane_dipole,189,1.0000001192092896,0.0,0.6542984715420193,0.6542984715420193,,,,1.0
6,hexane_dipole,190,1.0000001192092896,0.0,0.6542984715420193,0.6542984715420193,,,,1.0
6,hexane_dipole,191,1.0000001192092896,0.0,0.6542984715420193,0.6542984715420193,,,,1.0
6,hexane_dipole,192,1.0000001192092896,0.0,0.6542984715420193,0.6542984715420193,,,,1.0
6,hexane_dipole,193,1.0000001192092896,0.0,0.6542984715420193,0.6542984715420193,,,,1.0
6,hexane_dipole,194,1.0000001192092896,0.0,0.6542984715420193,0.6542984715420193,,,,1.0
6,hexane_dipole,195,1.0000001192092896,0.0,0.6542984715420193,0.6542984715420193,,,,1.0
6,hexane_dipole,196,1.0000001192092896,0.0,0.6542984715420193,0.6542984715420193,,,,1.0
6,hexane_dipole,197,1.0000001192092896,0.0,0.6542984715420193,0.6542984715420193,,,,1.0
6,hexane_dipole,198,1.0000001192092896,0.0,0.6542984715420193,0.6542984715420193,,,,1.0
6,hexane_dipole,199,1.0000001192092896,0.0,0.6542984715420193,0.6542984715420193,,,,1.0
6,hexane_dipole,200,1.0000001192092896,0.0,0.6542984715420193,0.6542984715420193,,,,1.0
6,hexane_dipole,201,1.0000001192092896,0.0,0.6542984715420193,0.6542984715420193,,,,1.0
6,hexane_dipole,202,1.0000001192092896,0.0,0.6542984715420193,0.6542984715420193,,,,1.0
6,hexane_dipole,203,1.0000001192092896,0.0,0.6542984715420193,0.6542984715420193,,,,1.0
6,hexane_dipole,204,1.0000001192092896,0.0,0.6542984715420193,0.6542984715420193,,,,1.0
6,hexane_dipole,205,1.0000001192092896,0.0,0.6542984715420193,0.6542984715420193,,,,1.0
6,hexane_dipole,206,1.0000001192092896,0.0,0.6542984715420193,0.6542984715420193,,,,1.0
6,hexane_dipole,207,1.0000001192092896,0.0,0.6542984715420193,0.6542984715420193,,,,1.0
6,hexane_dipole,208,1.0000001192092896,0.0,0.6542984715420193,0.6542984715420193,,,,1.0
6,hexane_dipole,209,1.0000001192092896,0.0,0.6542984715420193,0.6542984715420193,,,,1.0
6,hexane_dipole,210,1.0000001192092896,0.0,0.6542984715420193,0.6542984715420193,,,,1.0
6,hexane_dipole,211,1.0000001192092896,0.0,0.6542984715420193,0.6542984715420193,,,,1.0
6,hexane_dipole,212,1.0000001192092896,0.0,0.6542984715420193,0.6542984715420193,,,,1.0
6,hexane_dipole,213,1.0000001192092896,0.0,0.6542984715420193,0.6542984715420193,,,,1.0
6,hexane_dipole,214,1.0000001192092896,0.0,0.6542984715420193,0.6542984715420193,,,,1.0
6,hexane_dipole,215,1.0000001192092896,0.0,0.6542984715420193,0.6542984715420193,,,,1.0
6,hexane_dipole,216,1.0000001192092896,0.0,0.6542984715420193,0.6542984715420193,,,,1.0
6,hexane_dipole,217,1.0000001192092896,0.0,0.6542984715420193,0.6542984715420193,,,,1.0
6,hexane_dipole,218,1.0000001192092896,0.0,0.6542984715420193,0.6542984715420193,,,,1.0
6,hexane_dipole,219,1.0000001192092896,0.0,0.6542984715420193,0.6542984715420193,,,,1.0
6,hexane_dipole,220,1.0000001192092896,0.0,0.6542984715420193,0.6542984715420193,,,,1.0
6,hexane_dipole,221,1.0000001192092896,0.0,0.6542984715420193,0.6542984715420193,,,,1.0
6,hexane_dipole,222,1.0000001192092896,0.0,0.6542984715420193,0.6542984715420193,,,,1.0
6,hexane_dipole,223,1.0000001192092896,0.0,0.6542984715420193,0.6542984715420193,,,,1.0
6,hexane_dipole,224,1.0000001192092896,0.0,0.6542984715420193,0.6542984715420193,,,,1.0
6,hexane_dipole,225,1.0000001192092896,0.0,0.6542984715420193,0.6542984715420193,,,,1.0
6,hexane_dipole,226,1.0000001192092896,0.0,0.6542984715420193,0.6542984715420193,,,,1.0
6,hexane_dipole,227,1.0000001192092896,0.0,0.6542984715420193,0.6542984715420193,,,,1.0
6,hexane_dipole,228,1.0000001192092896,0.0,0.6542984715420193,0.6542984715420193,,,,1.0
6,hexane_dipole,229,1.0000001192092896,0.0,0.6542984715420193,0.6542984715420193,,,,1.0
6,hexane_dipole,230,1.0000001192092896,0.0,0.6542984715420193,0.6542984715420193,,,,1.0
6,hexane_dipole,231,1.0000001192092896,0.0,0.6542984715420193,0.6542984715420193,,,,1.0
6,hexane_dipole,232,1.0000001192092896,0.0,0.6542984715420193,0.6542984715420193,,,,1.0
6,hexane_dipole,233,1.0000001192092896,0.0,0.6542984715420193,0.6542984715420193,,,,1.0
6,hexane_dipole,234,1.0000001192092896,0.0,0.6542984715420193,0.6542984715420193,,,,1.0
6,hexane_dipole,235,1.0000001192092896,0.0,0.6542984715420193,0.6542984715420193,,,,1.0
6,hexane_dipole,236,1.0000001192092896,0.0,0.6542984715420193,0.6542984715420193,,,,1.0
6,hexane_dipole,237,1.0000001192092896,0.0,0.6542984715420193,0.6542984715420193,,,,1.0
6,hexane_dipole,238,1.0000001192092896,0.0,0.6542984715420193,0.6542984715420193,,,,1.0
6,hexane_dipole,239,1.0000001192092896,0.0,0.6542984715420193,0.6542984715420193,,,,1.0
6,hexane_dipole,240,1.0000001192092896,0.0,0.6542984715420193,0.6542984715420193,,,,1.0
6,hexane_dipole,241,1.0000001192092896,0.0,0.6542984715420193,0.6542984715420193,,,,1.0
6,hexane_dipole,242,1.0000001192092896,0.0,0.6542984715420193,0.6542984715420193,,,,1.0
6,hexane_dipole,243,1.0000001192092896,0.0,0.6542984715420193,0.6542984715420193,,,,1.0
6,hexane_dipole,244,1.0000001192092896,0.0,0.6542984715420193,0.6542984715420193,,,,1.0
6,hexane_dipole,245,1.0000001192092896,0.0,0.6542984715420193,0.6542984715420193,,,,1.0
6,hexane_dipole,246,1.0000001192092896,0.0,0.6542984715420193,0.6542984715420193,,,,1.0
6,hexane_dipole,247,1.0000001192092896,0.0,0.6542984715420193,0.6542984715420193,,,,1.0
6,hexane_dipole,248,1.0000001192092896,0.0,0.6542984715420193,0.6542984715420193,,,,1.0
6,hexane_dipole,249,1.0000001192092896,0.0,0.6542984715420193,0.6542984715420193,,,,1.0
7,sco_kcal,0,0.18139979243278503,0.006099276710301638,0.6162928676870774,0.9683417034427884,1.1309959888458252,0.09218098223209381,0.0815042521292794,0.14
7,sco_kcal,1,0.35992148518562317,0.030281204730272293,0.6265493513963087,0.9074251356879741,5.277181625366211,1.5627202987670898,0.2961278215734416,0.16
7,sco_kcal,2,0.2862735986709595,0.027519166469573975,0.6179860270509985,0.9441240373639603,4.940201282501221,0.9304888248443604,0.1883503872889273,0.16
7,sco_kcal,3,0.29631471633911133,0.004871695302426815,0.6516200124756912,0.963053243351047,1.111572265625,0.13756753504276276,0.12375941654626757,0.2
7,sco_kcal,4,0.4557228684425354,0.02504594437777996,0.6562965872197029,0.9282277701162325,4.796825885772705,1.469732403755188,0.30639686299942354,0.38
7,sco_kcal,5,0.16352064907550812,0.007027445361018181,0.6209455753461215,0.9647813199940289,1.2996681928634644,0.14201779663562775,0.10927234921609512,0.02
7,sco_kcal,6,0.5549126267433167,0.016758061945438385,0.6453597114193776,0.8989198622282053,3.1795239448547363,1.8593209981918335,0.584779680996169,0.38
7,sco_kcal,7,0.31405556201934814,0.0026544928550720215,0.623727171381502,0.9669519661052837,0.44715484976768494,0.1086447536945343,0.24296897093027092,0.26
7,sco_kcal,8,0.11905751377344131,0.011756778694689274,0.6216034360947464,0.9741494711328402,2.172762155532837,0.21637532114982605,0.09958536906528699,0.02
7,sco_kcal,9,0.6743161082267761,0.021374071016907692,0.6491814765536377,0.9190949378812281,4.069636344909668,3.3584330081939697,0.8252415507333286,0.56
7,sco_kcal,10,0.5066965818405151,0.00926048494875431,0.6333345002834359,0.926500424408309,1.6341453790664673,0.6165299415588379,0.3772797386674623,0.34
7,sco_kcal,11,0.22326578199863434,0.03411826491355896,0.6531815235439715,0.9154375569904614,6.912802219390869,1.1292593479156494,0.16335768217814794,0.04
7,sco_kcal,12,0.5554254055023193,0.016886042430996895,0.645731344452557,0.9176709272154522,3.174638509750366,1.8351080417633057,0.578052599099734,0.38
7,sco_kcal,13,0.034579548984766006,0.05869438499212265,0.6030444018381524,0.9676388878515403,10.75222110748291,0.033329762518405914,0.00309980256034824,0.04
7,sco_kcal,14,0.03780888393521309,0.061564020812511444,0.6201597596841282,0.9723757954040131,11.477484703063965,0.14593884348869324,0.012715228751272848,0.02
7,sco_kcal,15,0.7053241729736328,0.0066627743653953075,0.6610585068174859,0.9307191546214433,1.2800028324127197,1.0782843828201294,0.8424078099793229,0.52
7,sco_kcal,16,0.8656938672065735,0.012884199619293213,0.6790314928064951,0.9537684461012481,2.687446355819702,3.109675168991089,1.1571115316430576,0.52
7,sco_kcal,17,0.3109757602214813,0.059960536658763885,0.6194604139823023,0.9000149431268387,10.597816467285156,2.803680658340454,0.2645526714861739,0.16
7,sco_kcal,18,0.2871747612953186,0.02809193730354309,0.6446021289833173,0.9230531897647805,5.1432366371154785,0.9499933123588562,0.18470729219483248,0.16
7,sco_kcal,19,0.16128042340278625,0.039225220680236816,0.6141959123599745,0.9657297672396319,6.744940280914307,0.2710146903991699,0.040180443282209856,0.08
7,sco_kcal,20,0.07267945259809494,0.038348037749528885,0.6312069003781817,0.9749922722719107,7.2418742179870605,0.10033947974443436,0.01385545740289377,0.02
7,sco_kcal,21,0.5302299857139587,0.010444261133670807,0.6512122740644215,0.9679441799691684,2.000249147415161,1.1370866298675537,0.5684724982070176,0.44
7,sco_kcal,22,0.16822801530361176,0.008250917308032513,0.6249120032372606,0.9506453559824275,1.590989351272583,0.09732143580913544,0.06117038792955531,0.06
7,sco_kcal,23,0.08690738677978516,0.018165813758969307,0.6338514070045074,0.9566718176215223,3.4178850650787354,0.10458504408597946,0.03059934494420169,0.16
7,sco_kcal,24,0.11156580597162247,0.023375678807497025,0.6380775338238387,0.9501002692113556,4.453550815582275,0.11111558228731155,0.02494988535856278,0.1
7,sco_kcal,25,0.8315675258636475,0.005928561091423035,0.6840956578987902,0.8990249993421584,1.0955146551132202,1.4483789205551147,1.3220990826502694,0.76
7,sco_kcal,26,0.25306910276412964,0.011497505940496922,0.6202269587632352,0.9588147181698521,2.155116319656372,0.11750375479459763,0.05452316133605879,0.24
7,sco_kcal,27,0.24888108670711517,0.0052473475225269794,0.6424845613009029,0.9459463820664527,0.8918443918228149,0.08590797334909439,0.09632619113465475,0.1
7,sco_kcal,28,0.1709943562746048,0.00786598864942789,0.6141518179539709,0.9687811793575802,1.610720157623291,0.08670850098133087,0.053832132522184474,0.04
7,sco_kcal,29,0.15731482207775116,0.007643046788871288,0.6230947235210356,0.9717014832003623,1.4237383604049683,0.1871892362833023,0.13147727243231558,0.06
7,sco_kcal,30,0.5107592344284058,0.026261119171977043,0.6321832899758888,0.9545067064323627,4.947173118591309,2.3313663005828857,0.4712522171139899,0.34
7,sco_kcal,31,0.11697642505168915,0.06415405124425888,0.6246773658247129,0.9370856251930988,11.376381874084473,0.4312015175819397,0.03790322110795363,0.04
7,sco_kcal,32,0.5569893717765808,0.013961312361061573,0.636711117230194,0.9191020155697625,2.8606066703796387,1.0118775367736816,0.3537283008010999,0.38
7,sco_kcal,33,0.5013110637664795,0.0057859355583786964,0.6420049560122472,0.9805670993277147,1.0774341821670532,0.5659869909286499,0.5253100377698015,0.46
7,sco_kcal,34,0.15949609875679016,0.03281011804938316,0.653758994449984,0.9416788602301316,6.505782604217529,0.4904148280620575,0.07538137344831264,0.08
7,sco_kcal,35,0.07733304798603058,0.016145968809723854,0.632242216451802,0.9659849915704504,3.09006667137146,0.10137970745563507,0.03280825892686641,0.12
7,sco_kcal,36,0.4994151294231415,0.014154803939163685,0.6437936394705059,0.9265246736461215,2.6150214672088623,1.3097563982009888,0.5008587557022828,0.22
7,sco_kcal,37,0.1171625405550003,0.04382787644863129,0.6178716709208605,0.9334434393482502,8.2239351272583,0.5846807360649109,0.07109500829195281,0.04
7,sco_kcal,38,0.7468423843383789,0.01353458035737276,0.6805761284154279,0.9054671975823034,2.5679752826690674,2.438821792602539,0.9497061007797978,0.5
7,sco_kcal,39,0.07184742391109467,0.022766156122088432,0.6256573745820375,0.9711314619277476,4.254034996032715,0.180997833609581,0.04254733065862843,0.04
7,sco_kcal,40,0.22849783301353455,0.036234479397535324,0.6307325024088517,0.9239447565088568,6.828289031982422,1.4506750106811523,0.21245073310260643,0.16
7,sco_kcal,41,0.08298445492982864,0.019813839346170425,0.6274282701705975,0.9720838262409808,3.6833417415618896,0.2075367122888565,0.056344680143866406,0.04
7,sco_kcal,42,0.40082210302352905,0.00825284980237484,0.6322678131018584,0.9331063370894599,1.5845799446105957,0.6445133090019226,0.4067407966344729,0.24
7,sco_kcal,43,0.41237151622772217,0.005929361097514629,0.6425767195961465,0.95657730296161,1.2403767108917236,0.45109015703201294,0.36367190150459866,0.2
7,sco_kcal,44,0.1783749908208847,0.011867866851389408,0.622862493896414,0.9673905062885426,2.3038501739501953,0.10412850975990295,0.045197604834416635,0.14
7,sco_kcal,45,0.034796930849552155,0.03720724955201149,0.6272379225386584,0.9670337136019318,6.969552516937256,0.04683810845017433,0.0067203896285090575,0.02
7,sco_kcal,46,0.1862693428993225,0.03649690002202988,0.6168299478020358,0.9311814047670985,6.613178730010986,0.6877434253692627,0.10399589266327301,0.1
7,sco_kcal,47,0.4239528477191925,0.006750824861228466,0.6503813928124602,0.9331960367304315,1.394909381866455,0.4176637828350067,0.29942001126707796,0.4
7,sco_kcal,48,0.21860307455062866,0.033572811633348465,0.6244315483518315,0.944702135028155,6.32196044921875,1.2303165197372437,0.19460996784459206,0.06
7,sco_kcal,49,0.830273449420929,0.008109319023787975,0.6805911128768334,0.9226086551242685,1.6769001483917236,1.713668704032898,1.0219265027058637,0.78
7,sco_kcal,50,0.48681169748306274,0.026375211775302887,0.645121333728039,0.9194633069726708,4.8431596755981445,2.375986099243164,0.4905859518145502,0.3
7,sco_kcal,51,0.08912722021341324,0.03773112595081329,0.6171955604107369,0.9537393772557614,6.949760913848877,0.24019940197467804,0.03456225400445498,0.02
7,sco_kcal,52,0.25338906049728394,0.04428424313664436,0.6429031445209155,0.944496011607195,8.611274719238281,0.4325655698776245,0.05023246661858763,0.24
7,sco_kcal,53,0.10108371824026108,0.017118854448199272,0.6426954726184682,0.9558647621751237,3.3740994930267334,0.06886979937553406,0.020411312564394612,0.1
7,sco_kcal,54,0.43014827370643616,0.010503023862838745,0.60592570826558,0.9369928798896598,1.849947214126587,0.947309672832489,0.5120738935676827,0.28
7,sco_kcal,55,0.36385321617126465,0.015172453597187996,0.651460943012476,0.9157401204588849,3.0348453521728516,0.7661718726158142,0.2524582915130288,0.12
7,sco_kcal,56,0.0454360768198967,0.037924036383628845,0.621727607577307,0.9640336750107905,6.505823135375977,0.01292850635945797,0.0019872206929755125,0.04
7,sco_kcal,57,0.721763014793396,0.00769013399258256,0.6438829374684891,0.8828634671542648,1.5713098049163818,1.4310145378112793,0.9107144455751879,0.5
7,sco_kcal,58,0.13341349363327026,0.025587204843759537,0.667675178678331,0.929340506417393,5.4865641593933105,0.5284004211425781,0.09630807291990316,0.04
7,sco_kcal,59,0.48303109407424927,0.023504020646214485,0.6343364667089271,0.91970237514323,4.323791980743408,2.521496057510376,0.5831677538466696,0.34
7,sco_kcal,60,0.10228203237056732,0.10036114603281021,0.6132935714278571,0.913115292559793,18.437950134277344,1.0040010213851929,0.054452963267250076,0.0
7,sco_kcal,61,0.2915442883968353,0.004868397489190102,0.6269256583785228,0.967838179094276,0.9028002023696899,0.23022069036960602,0.25500735352663595,0.2
7,sco_kcal,62,0.7420424818992615,0.01489216461777687,0.672231582550217,0.9274851302726812,2.812574863433838,2.673360586166382,0.9505029078239393,0.6
7,sco_kcal,63,0.1494154930114746,0.02989589236676693,0.6369991680676297,0.9634258898489463,5.300886154174805,0.3864615261554718,0.07290507943678574,0.04
7,sco_kcal,64,0.10104886442422867,0.03716615214943886,0.6148368090511571,0.9691545643840109,6.721588611602783,0.04127048701047897,0.006139990022483375,0.04
7,sco_kcal,65,0.6384711265563965,0.00972058903425932,0.6558801878221738,0.9265765588680233,2.0033204555511475,1.3964923620224,0.6970888547325301,0.4
7,sco_kcal,66,0.6827637553215027,0.015306525863707066,0.6625121906102165,0.9374846600757802,2.8868985176086426,2.3372373580932617,0.8096014958050234,0.54
7,sco_kcal,67,0.8754850625991821,0.0039630066603422165,0.712307846175197,0.928948114733881,0.7673002481460571,1.2573683261871338,1.6386914108592745,0.76
7,sco_kcal,68,0.15775689482688904,0.027712851762771606,0.6298418011551499,0.9613608169653056,5.142492771148682,0.4042605757713318,0.0786117927164401,0.22
7,sco_kcal,69,0.13809409737586975,0.010394214652478695,0.617498934057231,0.9374069050155329,1.882165789604187,0.10236285626888275,0.05438567464899535,0.04
7,sco_kcal,70,0.5756378769874573,0.027202514931559563,0.6489763218037425,0.9259681990274256,5.152231693267822,2.9907126426696777,0.5804693617675425,0.42
7,sco_kcal,71,0.07394731044769287,0.030534841120243073,0.6604545929274341,0.9637161657214715,6.265907287597656,0.013037721626460552,0.002080739632433854,0.02
7,sco_kcal,72,0.528365969657898,0.031723637133836746,0.638731841332252,0.9205704950164453,6.031576156616211,3.2154667377471924,0.5331055522228719,0.44
7,sco_kcal,73,0.017683079466223717,0.15215051174163818,0.598727219129618,0.9537619256252576,26.209476470947266,0.08789531141519547,0.003353569901048037,0.02
7,sco_kcal,74,0.913360595703125,0.009311601519584656,0.7237354851813083,0.9313920857463682,1.931894302368164,3.340803861618042,1.72928915289144,0.84
7,sco_kcal,75,0.462848961353302,0.01706974022090435,0.6255591487022065,0.915088957345892,3.222456693649292,1.358404278755188,0.4215430672605422,0.28
7,sco_kcal,76,0.22351370751857758,0.00439723115414381,0.620424771911968,0.9621194778292601,0.7888049483299255,0.16737712919712067,0.21219076978598456,0.2
7,sco_kcal,77,0.2195160835981369,0.07947716861963272,0.5950704400616842,0.9112414010583316,14.252432823181152,2.5651357173919678,0.17997879724925642,0.06
7,sco_kcal,78,0.22625742852687836,0.016857417300343513,0.6604968320189804,0.963845290539874,3.235947608947754,0.4278547763824463,0.1322193150468136,0.08
7,sco_kcal,79,0.7546830177307129,0.0161963552236557,0.6654425664787922,0.9352209730223628,3.049698829650879,3.2677230834960938,1.071490421193549,0.58
7,sco_kcal,80,0.8781266808509827,0.00549693638458848,0.704819131536967,0.9335934081709687,1.0276986360549927,1.7850338220596313,1.736923412598665,0.8
7,sco_kcal,81,0.7315995097160339,0.009930158965289593,0.6740452783535462,0.8986888032816682,2.2603979110717773,1.639251470565796,0.7252048245738016,0.52
7,sco_kcal,82,0.24386367201805115,0.02911416068673134,0.6363871292812824,0.92252739255803,5.502159595489502,1.3417837619781494,0.24386492952296435,0.06
7,sco_kcal,83,0.14946845173835754,0.05542529374361038,0.6452880342832257,0.9589445692536629,10.87455940246582,0.2876605987548828,0.026452621031216712,0.0
7,sco_kcal,84,0.5883508324623108,0.004819344729185104,0.667694277150171,0.9569691460445335,1.0195645093917847,0.6369497179985046,0.6247272361201287,0.48
7,sco_kcal,85,0.2822987139225006,0.010314390994608402,0.6422452603749016,0.9588007751276171,1.9734554290771484,0.24094054102897644,0.12209069304476161,0.22
7,sco_kcal,86,0.18595443665981293,0.006404119543731213,0.6262466850244239,0.9497757757243568,1.2101763486862183,0.17863377928733826,0.14760970951156432,0.08
7,sco_kcal,87,0.17298652231693268,0.013311737217009068,0.6332019992041091,0.9462412353862055,2.5486795902252197,0.08460076153278351,0.033193957317054344,0.04
7,sco_kcal,88,0.16083239018917084,0.013098766095936298,0.6234783974289249,0.9654064978895045,2.395987033843994,0.08011035621166229,0.03343522109263567,0.12
7,sco_kcal,89,0.6513109803199768,0.021290689706802368,0.6637985466538356,0.9056452447566268,4.010595798492432,2.434201717376709,0.6069426687904367,0.3
7,sco_kcal,90,0.3996768593788147,0.0028252960182726383,0.6385038461963302,0.9674622789063303,0.5029610395431519,0.16383548080921173,0.3257418923700856,0.32
7,sco_kcal,91,0.057126205414533615,0.09231580793857574,0.6122631957135334,0.9369851210484417,16.887298583984375,0.3741950988769531,0.02215837524373693,0.02
7,sco_kcal,92,0.7482033371925354,0.008864857256412506,0.6761267149494619,0.8968488703958208,1.812267541885376,1.6594274044036865,0.9156635905299702,0.48
7,sco_kcal,93,0.4515206515789032,0.020222797989845276,0.641419450129479,0.924904154696987,3.959200143814087,2.0321249961853027,0.5132665493964292,0.26
7,sco_kcal,94,0.4496942162513733,0.03156100586056709,0.6060046617755639,0.8962001615543698,5.963778018951416,2.559842824935913,0.4292317414902707,0.22
7,sco_kcal,95,0.14427872002124786,0.005929358769208193,0.6307412727262538,0.9825498054820627,1.2645630836486816,0.015336078591644764,0.01212757100847442,0.04
7,sco_kcal,96,0.24410396814346313,0.008400863036513329,0.6261517373497925,0.9562012833641733,1.570533275604248,0.3949860632419586,0.2514980544363133,0.14
7,sco_kcal,97,0.15899430215358734,0.06570076197385788,0.6252858024372621,0.9182536889280168,12.580817222595215,1.763432502746582,0.14016835882326054,0.02
7,sco_kcal,98,0.14357367157936096,0.02248832955956459,0.6234721013056626,0.9543654355743145,4.1559882164001465,0.19104839861392975,0.04596942740598359,0.06
7,sco_kcal,99,0.26750847697257996,0.0034229608718305826,0.6211761776966171,0.9738442032429622,0.6202618479728699,0.17410144209861755,0.28069023214568684,0.12
7,sco_kcal,100,0.432890385389328,0.012623770162463188,0.6821662912147299,0.9342540449367607,2.941026210784912,1.0011882781982422,0.34042140614960426,0.28
7,sco_kcal,101,0.03100283071398735,0.1701996773481369,0.5854410836887232,0.9642369921359173,27.510412216186523,0.04327094554901123,0.0015728933906541595,0.0
7,sco_kcal,102,0.15728120505809784,0.009310876950621605,0.649485038577063,0.9478774533597811,1.8810755014419556,0.03887440264225006,0.02066605120977363,0.1
7,sco_kcal,103,0.6682494282722473,0.016794303432106972,0.6537165151019222,0.8956575270833382,3.1769516468048096,2.6275529861450195,0.8270673520598455,0.54
7,sco_kcal,104,0.5965420603752136,0.006568252574652433,0.6467539204413442,0.9123146946651699,1.260026216506958,0.7110598683357239,0.5643214871408966,0.38
7,sco_kcal,105,0.3254346251487732,0.008035991340875626,0.6490301275092469,0.9597623738194843,1.5060291290283203,0.3327527642250061,0.22094709711205646,0.16
7,sco_kcal,106,0.16076907515525818,0.012305861338973045,0.6342969001790091,0.9676432953439797,2.217742681503296,0.12399887293577194,0.05591220026108681,0.08
7,sco_kcal,107,0.0701121985912323,0.054922930896282196,0.5917097220169651,0.9417206757120664,9.570487976074219,0.4478978216648102,0.046799893880493264,0.02
7,sco_kcal,108,0.2884606122970581,0.052603308111429214,0.5895251122865575,0.9169477830542141,8.220575332641602,2.086857557296753,0.25385784727383087,0.12
7,sco_kcal,109,0.3086394667625427,0.015025290660560131,0.6305349527392998,0.9581629556672104,2.9178988933563232,0.2572370171546936,0.08815830381936429,0.14
7,sco_kcal,110,0.19166408479213715,0.01105491816997528,0.6224150156440029,0.9727808373288518,2.060086965560913,0.2555890381336212,0.12406711095520685,0.02
7,sco_kcal,111,0.1390836536884308,0.014271817170083523,0.6334069355477305,0.9553559503435443,2.6163265705108643,0.1733318269252777,0.0662500732435068,0.08
7,sco_kcal,112,0.07182423770427704,0.02926403097808361,0.6203534795434726,0.9797788579042903,5.395946502685547,0.18806590139865875,0.03485318123614808,0.02
7,sco_kcal,113,0.11834796518087387,0.01954319141805172,0.6247949237576735,0.9624286258568007,3.5657660961151123,0.17257896065711975,0.04839884501822591,0.08
7,sco_kcal,114,0.06422664225101471,0.025044197216629982,0.6269388778281071,0.9680697979436046,4.646993160247803,0.20071637630462646,0.04319274192646395,0.02
7,sco_kcal,115,0.6932716965675354,0.0068581076338887215,0.6458957644570023,0.9655307619806119,1.2802417278289795,0.9773591160774231,0.7634176381165285,0.46
7,sco_kcal,116,0.128401517868042,0.030364030972123146,0.6488912108164442,0.949607929358419,5.777117729187012,0.18515832722187042,0.0320502949570195,0.08
7,sco_kcal,117,0.7033622860908508,0.01011878065764904,0.6522648454229198,0.9255646529373618,2.2295732498168945,1.5521878004074097,0.6961815677214841,0.58
7,sco_kcal,118,0.2612626850605011,0.05478412285447121,0.6204602198130618,0.9164597507679912,9.711539268493652,2.5581231117248535,0.2634106747654269,0.14
7,sco_kcal,119,0.4244675636291504,0.04328719526529312,0.6486920131178566,0.9143832853828324,7.998420715332031,3.061797618865967,0.3828002711831426,0.32
7,sco_kcal,120,0.09301704168319702,0.013333490118384361,0.6336808565534482,0.9541121875931275,2.537809371948242,0.13161200284957886,0.051860476324327734,0.08
7,sco_kcal,121,0.24348726868629456,0.09595521539449692,0.6359095273725957,0.9166617411397253,18.364912033081055,4.321588039398193,0.23531765529906362,0.06
7,sco_kcal,122,0.0778878852725029,0.026846278458833694,0.6165041766504202,0.9665731185426141,4.986800193786621,0.04827423021197319,0.009680401928298872,0.0
7,sco_kcal,123,0.6351225972175598,0.013257945887744427,0.6798261188963477,0.928769630066302,2.6196775436401367,1.6092615127563477,0.614297556072577,0.42
7,sco_kcal,124,0.16030512750148773,0.012548364698886871,0.6274961152925713,0.9547605546925151,2.366952419281006,0.13822533190250397,0.058398018809559256,0.04
7,sco_kcal,125,0.11678893864154816,0.03207828849554062,0.6198759842000423,0.9572498960863136,6.081980228424072,0.4003715217113495,0.06582913897684463,0.02
7,sco_kcal,126,0.40433797240257263,0.014442197047173977,0.6428518644521477,0.9254069434932695,2.774087429046631,1.0783264636993408,0.38871394333448556,0.18
7,sco_kcal,127,0.14080612361431122,0.008510160259902477,0.624277920125692,0.9569013044559198,1.6200162172317505,0.13845132291316986,0.08546292403773127,0.04
7,sco_kcal,128,0.5268822312355042,0.015194582752883434,0.6313642378782265,0.9174930188218426,2.908867359161377,1.435438632965088,0.4934699509223835,0.36
7,sco_kcal,129,0.2845008969306946,0.0344950295984745,0.6068847304582392,0.9086696330049393,6.368258953094482,1.8073854446411133,0.283811550056843,0.1
7,sco_kcal,130,0.9393699765205383,0.02352435328066349,0.664944228858025,0.9123586286903025,4.573090076446533,10.748518943786621,2.3503842618684287,0.4
7,sco_kcal,131,0.15246424078941345,0.009932141751050949,0.6196431326567517,0.9643172725074733,1.9228086471557617,0.1021781712770462,0.05314006228762763,0.1
7,sco_kcal,132,0.5501412749290466,0.007360953371971846,0.6463310399988618,0.9360236874844856,1.521008014678955,0.8456801772117615,0.5559998166020594,0.46
7,sco_kcal,133,0.1908106952905655,0.022897958755493164,0.6212754582781057,0.9560971983782169,4.118465423583984,0.3016878068447113,0.07325248018767523,0.1
7,sco_kcal,134,0.13692329823970795,0.012154876254498959,0.6240956125187489,0.9630826563880477,2.2801036834716797,0.17417700588703156,0.07638994978589313,0.22
7,sco_kcal,135,0.24793991446495056,0.040072254836559296,0.6439936701736977,0.9074407757396667,7.586557865142822,1.5019140243530273,0.1979704170258448,0.08
7,sco_kcal,136,0.6807456612586975,0.016076598316431046,0.6666204380639491,0.9015347290070044,3.1054797172546387,2.3234920501708984,0.748191024163234,0.32
7,sco_kcal,137,0.6378636956214905,0.008821169845759869,0.6500632686927259,0.9133342309056143,1.7344822883605957,0.970862865447998,0.5597421616600315,0.46
7,sco_kcal,138,0.4668165445327759,0.012833785265684128,0.6362056820461093,0.9371736250689076,2.422545909881592,1.0167702436447144,0.4197114446819345,0.26
7,sco_kcal,139,0.33216509222984314,0.00525490939617157,0.6377314009357506,0.9664288008601642,0.9339052438735962,0.06300188601016998,0.06746068342956779,0.22
7,sco_kcal,140,0.14149409532546997,0.02995089255273342,0.6362068941160341,0.9639196647569559,5.652045249938965,0.585155725479126,0.10352990813112208,0.06
7,sco_kcal,141,0.3722529411315918,0.015504318289458752,0.6388670177441567,0.9537890276996455,3.0320565700531006,0.6713379621505737,0.2214134026327934,0.26
7,sco_kcal,142,0.10553762316703796,0.02068174257874489,0.6228529471420445,0.9713932341471239,3.879757881164551,0.12941031157970428,0.03335525451419675,0.14
7,sco_kcal,143,0.6631901264190674,0.010027979500591755,0.6596458831639562,0.9311592720862829,1.8141194581985474,1.3651738166809082,0.7525269686686178,0.5
7,sco_kcal,144,0.30017900466918945,0.006213171873241663,0.6365765269109,0.9643036970605552,1.3906911611557007,0.05695275589823723,0.04095284236286366,0.22
7,sco_kcal,145,0.3442113697528839,0.005072276573628187,0.6286370394896472,0.9607927762909998,0.9347810745239258,0.3065184950828552,0.3279040445261067,0.22
7,sco_kcal,146,0.6816709637641907,0.008805295452475548,0.6565885509380545,0.9304473362269996,1.5753239393234253,1.3078533411026,0.8302123191654796,0.7
7,sco_kcal,147,0.20859703421592712,0.06355216354131699,0.6489094707521257,0.9234419147050243,12.27845287322998,2.0384738445281982,0.166020415240797,0.06
7,sco_kcal,148,0.4923950433731079,0.023047633469104767,0.6427505869447858,0.918224187046226,4.288470268249512,2.164041757583618,0.5046185754406424,0.26
7,sco_kcal,149,0.19242532551288605,0.0776432603597641,0.6394912823683829,0.9143733636979106,15.396424293518066,2.5803210735321045,0.16759222949048153,0.02
7,sco_kcal,150,0.5195781588554382,0.012970201671123505,0.6308739666456946,0.9492013902951075,2.575892448425293,0.7734550833702087,0.300266839107759,0.4
7,sco_kcal,151,0.15530277788639069,0.02062165178358555,0.623773367857617,0.9506692541473878,3.8178200721740723,0.5453203916549683,0.14283554000606255,0.04
7,sco_kcal,152,0.131194606423378,0.018977930769324303,0.6291232339207025,0.9489463444363757,3.567389726638794,0.40271657705307007,0.11288830430997258,0.04
7,sco_kcal,153,0.15654869377613068,0.030782796442508698,0.6493656759658286,0.9543331346944228,5.69416618347168,0.06032273918390274,0.01059377918386016,0.26
7,sco_kcal,154,0.4726957380771637,0.022515758872032166,0.6602286792709875,0.9352247962836708,4.235456466674805,2.278730869293213,0.5380130541353932,0.36
7,sco_kcal,155,0.18803763389587402,0.007870582863688469,0.620529358854379,0.9594596813770937,1.47935950756073,0.291130006313324,0.1967946295849068,0.04
7,sco_kcal,156,0.17592942714691162,0.04436371475458145,0.641572474248046,0.9549747321314708,7.959110260009766,0.3118777275085449,0.03918499899110108,0.12
7,sco_kcal,157,0.03821248188614845,0.0796346515417099,0.6381371737191757,0.9627783416674445,14.386920928955078,0.08695425093173981,0.006043979205914444,0.14
7,sco_kcal,158,0.9737668037414551,0.0030717928893864155,0.7827376455836472,0.9103276938502931,0.5756164193153381,2.209165573120117,3.8379127123367844,0.94
7,sco_kcal,159,0.18002556264400482,0.011549542658030987,0.6193824124011695,0.9643105486546866,2.1322224140167236,0.20145770907402039,0.09448250227072244,0.04
7,sco_kcal,160,0.22945354878902435,0.007809584029018879,0.6211268110064343,0.9727711806350381,1.4593991041183472,0.21422426402568817,0.14678936243085158,0.04
7,sco_kcal,161,0.15264518558979034,0.008460618555545807,0.6286704033454802,0.9661134037678378,1.6876355409622192,0.13414722681045532,0.07948826838167332,0.08
7,sco_kcal,162,0.2197125405073166,0.05239930376410484,0.6055548394971608,0.8970293432468457,9.382308006286621,2.4044082164764404,0.2562704416509632,0.06
7,sco_kcal,163,0.22057676315307617,0.018399300053715706,0.6231861716877756,0.9585409318627582,3.4251651763916016,0.23816224932670593,0.06953306981171896,0.22
7,sco_kcal,164,0.06513010710477829,0.02577461674809456,0.6359838113554364,0.9655506536584775,4.70081901550293,0.11477107554674149,0.024415123230278713,0.0
7,sco_kcal,165,0.2249617874622345,0.02755512110888958,0.6067775252929724,0.9387561271130203,5.098837375640869,1.0511713027954102,0.2061590173119199,0.02
7,sco_kcal,166,0.4784557819366455,0.023256970569491386,0.6483446356359988,0.8974588292363401,4.478729248046875,1.8607035875320435,0.4154534655881411,0.18
7,sco_kcal,167,0.1790824681520462,0.043483659625053406,0.6261643156431569,0.9464231628453836,8.091873168945312,1.168776512145996,0.14443831332298718,0.02
7,sco_kcal,168,0.05283563211560249,0.10011375695466995,0.6495730295418654,0.9424177912616567,20.512414932250977,0.21584132313728333,0.010522472553825114,0.0
7,sco_kcal,169,0.6670461893081665,0.011707370169460773,0.6541490545124169,0.9258537487766789,2.18221378326416,1.5730761289596558,0.7208625209060154,0.6
7,sco_kcal,170,0.05904692783951759,0.03413878381252289,0.6528424341993957,0.9682653165598727,6.299250602722168,0.020408552139997482,0.003239838105691191,0.0
7,sco_kcal,171,0.32079529762268066,0.007503684610128403,0.6574619757709015,0.9598192417280209,1.6728034019470215,0.2503420412540436,0.149654191857013,0.16
7,sco_kcal,172,0.12805944681167603,0.014083254151046276,0.6294856298156759,0.9565725893449772,2.668853998184204,0.1247735545039177,0.04675173486028434,0.14
7,sco_kcal,173,0.08101877570152283,0.022875197231769562,0.629650047334724,0.9567079290993143,4.263363361358643,0.15765874087810516,0.03697989768056333,0.04
7,sco_kcal,174,0.35222920775413513,0.04861060529947281,0.6277081769369883,0.9249660269419278,9.289410591125488,1.3503472805023193,0.14536415063753938,0.28
7,sco_kcal,175,0.42564502358436584,0.02236982062458992,0.6150075402257402,0.9050368640416899,4.267983436584473,1.612343668937683,0.37777645881118715,0.18
7,sco_kcal,176,0.1981125771999359,0.017620518803596497,0.6428802503760165,0.9586771583616913,3.5008585453033447,0.2183658629655838,0.062374946071025186,0.16
7,sco_kcal,177,0.20905381441116333,0.015971217304468155,0.6229517437854222,0.9669538045467538,3.0672051906585693,0.106879822909832,0.03484599701231058,0.06
7,sco_kcal,178,0.2565307021141052,0.05748835206031799,0.5847482865881497,0.9192278411768224,8.947508811950684,2.251375675201416,0.25162039205755016,0.16
7,sco_kcal,179,0.29837027192115784,0.005005780607461929,0.6208387384109249,0.9767655429578284,0.8995863199234009,0.18741600215435028,0.20833576278739835,0.18
7,sco_kcal,180,0.1360052227973938,0.028369443491101265,0.631088261662929,0.959223916176781,4.864259243011475,0.13422490656375885,0.027594110399564126,0.14
7,sco_kcal,181,0.1164388358592987,0.017997078597545624,0.6274550242753751,0.9502529252454188,3.43493914604187,0.14678364992141724,0.042732532857403936,0.1
7,sco_kcal,182,0.08698637038469315,0.01216413825750351,0.6235493909163494,0.9564477060243388,2.271975040435791,0.09130110591650009,0.04018578738390871,0.08
7,sco_kcal,183,0.6556239724159241,0.011040828190743923,0.6565809854240823,0.9391361589182479,2.0273940563201904,1.689503788948059,0.8333376452797652,0.54
7,sco_kcal,184,0.20603430271148682,0.05617935210466385,0.6168086299793003,0.9665326458447261,10.271024703979492,0.18029877543449402,0.01755411759107517,0.14
7,sco_kcal,185,0.48049455881118774,0.013462385162711143,0.6459700702296343,0.928426521512635,2.565823793411255,1.3428181409835815,0.5233477623957602,0.16
7,sco_kcal,186,0.8581987619400024,0.006972144357860088,0.7061565934624066,0.9408214274125677,1.3322036266326904,2.0836260318756104,1.5640447077465425,0.72
7,sco_kcal,187,0.16262544691562653,0.008280247449874878,0.6195549902055515,0.960320356307734,1.5329042673110962,0.13408713042736053,0.08747260561976643,0.02
7,sco_kcal,188,0.18589192628860474,0.029994849115610123,0.6661748322583148,0.9742477371089739,5.925573825836182,0.5315736532211304,0.08970838417427326,0.04
7,sco_kcal,189,0.09538942575454712,0.023400725796818733,0.6426063308230832,0.9714095184449683,4.537833213806152,0.2103305160999298,0.046350428980071086,0.02
7,sco_kcal,190,0.0737411230802536,0.055668506771326065,0.5858029729767669,0.9606865727560909,8.806346893310547,0.03883028402924538,0.004409352084317906,0.06
7,sco_kcal,191,0.43491441011428833,0.02694600634276867,0.6281420356712231,0.8913527427993726,5.161350727081299,2.359832525253296,0.4572122008433559,0.24
7,sco_kcal,192,0.33260366320610046,0.0019289921037852764,0.6402434929577512,0.9699472305620886,0.3108358681201935,0.15293428301811218,0.4920097669004396,0.26
7,sco_kcal,193,0.6528435945510864,0.013766516931355,0.6919053004863218,0.9743188997204146,3.132423162460327,0.6157933473587036,0.19658689628480322,0.52
7,sco_kcal,194,0.13082382082939148,0.011975315399467945,0.6290376014920815,0.9626347513208777,2.2664895057678223,0.10027514398097992,0.044242492067930204,0.04
7,sco_kcal,195,0.21925565600395203,0.015448602847754955,0.6289564415047939,0.9518279343136047,2.9429874420166016,0.5330488085746765,0.18112507072385584,0.14
7,sco_kcal,196,0.44594043493270874,0.017232898622751236,0.6548048832111919,0.9127684373521252,3.41176176071167,1.7471284866333008,0.512089826069468,0.28
7,sco_kcal,197,0.49646106362342834,0.030387241393327713,0.6446500157217725,0.8991968260810239,5.861497402191162,2.880549669265747,0.49143580072029575,0.2
7,sco_kcal,198,0.5688868761062622,0.012814563699066639,0.6724777666685322,0.8952456313296371,2.8104724884033203,1.711748480796814,0.6090607496995243,0.24
7,sco_kcal,199,0.6886805295944214,0.015148276463150978,0.657338977873025,0.9177620915928919,2.7845070362091064,2.5130631923675537,0.9025163735225813,0.5
7,sco_kcal,200,0.4806654155254364,0.01247669942677021,0.6747434233206844,0.9298929129131372,2.579068660736084,1.137642502784729,0.4411059387849093,0.34
7,sco_kcal,201,0.41452863812446594,0.004777612630277872,0.6348927502694233,0.96792652894017,0.867767870426178,0.30195778608322144,0.34797069167232936,0.26
7,sco_kcal,202,0.057269059121608734,0.035978905856609344,0.6288576299930961,0.9688045242696917,6.6498122215271,0.20938733220100403,0.031487706002158236,0.04
7,sco_kcal,203,0.20058780908584595,0.017017792910337448,0.6274070526776725,0.9518725042011058,3.3077170848846436,0.26199662685394287,0.07920768920993737,0.04
7,sco_kcal,204,0.06369416415691376,0.04375223070383072,0.6215445485758717,0.9591976155075561,7.995262145996094,0.28356489539146423,0.035466616380235794,0.04
7,sco_kcal,205,0.7264330387115479,0.013850230723619461,0.6842356334206636,0.9566709920035474,3.7566275596618652,0.8719787001609802,0.23211742082823542,0.58
7,sco_kcal,206,0.06159253790974617,0.12441497296094894,0.6037903761914998,0.9496871714342947,22.706865310668945,0.570902407169342,0.02514228183231881,0.02
7,sco_kcal,207,0.4202412962913513,0.031176770105957985,0.6296765743382358,0.8975258079201025,5.9745965003967285,2.631777763366699,0.44049464481692485,0.16
7,sco_kcal,208,0.2065303921699524,0.022553185001015663,0.6260004034972408,0.936598051671037,4.15865421295166,0.5276054739952087,0.12686928197878075,0.06
7,sco_kcal,209,0.7407838702201843,0.00968791265040636,0.666497537470284,0.908460814499378,1.819700837135315,1.7960832118988037,0.9870211494359196,0.56
7,sco_kcal,210,0.2711119055747986,0.008561758324503899,0.6489755999768965,0.9729853826885597,1.6437708139419556,0.17236098647117615,0.10485706706145624,0.18
7,sco_kcal,211,0.24153658747673035,0.003600507043302059,0.6340619948214967,0.9413316544863939,0.8015497922897339,0.08698060363531113,0.10851553387199993,0.06
7,sco_kcal,212,0.11616426706314087,0.03546331077814102,0.6188265087999114,0.9650653598861956,6.619607448577881,0.19182687997817993,0.028978588453820012,0.1
7,sco_kcal,213,0.08411115407943726,0.08434104174375534,0.5890316466852377,0.9330394650137022,14.421934127807617,0.1857970654964447,0.012882950639623332,0.04
7,sco_kcal,214,0.2606087625026703,0.018283739686012268,0.6317154505227194,0.9621227355707058,3.310828924179077,0.5364164710044861,0.1620187823922346,0.12
7,sco_kcal,215,0.1138586699962616,0.01505047082901001,0.6308459953507353,0.9532198685747681,2.867258310317993,0.14062197506427765,0.049044055276862016,0.02
7,sco_kcal,216,0.07948248833417892,0.03241459280252457,0.6358875670468322,0.957088829817119,6.188088893890381,0.1291666179895401,0.02087342638485184,0.06
7,sco_kcal,217,0.1509491354227066,0.035864993929862976,0.6509382574556088,0.9422572428155342,6.883830547332764,0.6113510727882385,0.08880972135857049,0.06
7,sco_kcal,218,0.9866300821304321,0.00186512665823102,0.8025437416481846,0.8930756426673605,0.31103619933128357,1.840350866317749,5.916838201709113,0.96
7,sco_kcal,219,0.28084877133369446,0.03860359638929367,0.6310919478077319,0.9315801381807682,7.147533893585205,1.7870341539382935,0.2500210814728878,0.14
7,sco_kcal,220,0.26340049505233765,0.014524068683385849,0.625580227425026,0.985426184487451,2.781663656234741,0.03204459697008133,0.01151993947875671,0.26
7,sco_kcal,221,0.13699878752231598,0.02280183881521225,0.6031900381001956,0.9704499734154057,3.9145901203155518,0.2910795211791992,0.07435759868410835,0.02
7,sco_kcal,222,0.04388180002570152,0.07256509363651276,0.6054844261045249,0.9435522473431566,13.237841606140137,0.1301441192626953,0.009831218950552353,0.04
7,sco_kcal,223,0.06379619985818863,0.04986971989274025,0.629218361777544,0.9634876484231845,9.344413757324219,0.30694636702537537,0.0328481138567723,0.02
7,sco_kcal,224,0.16810019314289093,0.019801044836640358,0.6268171049601563,0.9564968128962479,3.5358874797821045,0.32001936435699463,0.09050609392601924,0.12
7,sco_kcal,225,0.1824554204940796,0.016678350046277046,0.63086954766328,0.9508113187460905,3.187117576599121,0.2557162940502167,0.08023434589541688,0.08
7,sco_kcal,226,0.407776415348053,0.009014002978801727,0.6285526711482379,0.940427063004952,1.6388849020004272,0.6463342905044556,0.3943744247784199,0.2
7,sco_kcal,227,0.39959266781806946,0.06331901252269745,0.5987650478183717,0.9406749054671859,11.1692533493042,4.449901580810547,0.39840636089499737,0.18
7,sco_kcal,228,0.11443134397268295,0.07916281372308731,0.6340993995313384,0.9546375391434558,15.061285018920898,0.4932734966278076,0.03275108969839742,0.04
7,sco_kcal,229,0.07351063191890717,0.00958222895860672,0.6190693209727334,0.973618597825131,1.7854580879211426,0.1220625564455986,0.06836483996536674,0.02
7,sco_kcal,230,0.089029960334301,0.01326629240065813,0.6247438965647718,0.969036932754529,2.488401412963867,0.2272418588399887,0.09132041866562321,0.04
7,sco_kcal,231,0.12405462563037872,0.07144761085510254,0.6558014244419494,0.9378643001664588,14.583714485168457,0.9423812627792358,0.06461874056418421,0.02
7,sco_kcal,232,0.3419378995895386,0.011335829272866249,0.6616971494914194,0.9589303138841903,2.1752359867095947,0.21213750541210175,0.09752390393880662,0.2
7,sco_kcal,233,0.07507136464118958,0.1445893496274948,0.6099454720060988,0.9186034736984208,25.995397567749023,2.335484504699707,0.08984223067229434,0.0
7,sco_kcal,234,0.6717116832733154,0.016331380233168602,0.671453088052048,0.9268211472451147,3.201230525970459,2.504936695098877,0.7824918183108668,0.64
7,sco_kcal,235,0.35013529658317566,0.0174905713647604,0.6310344149052558,0.9466879254977327,3.288543939590454,0.7367343902587891,0.2240305751701587,0.14
7,sco_kcal,236,0.12264935672283173,0.01448907796293497,0.6259854256242188,0.9777443133647954,2.7639169692993164,0.1663500964641571,0.06018635809683121,0.12
7,sco_kcal,237,0.5273075103759766,0.025360096246004105,0.6163648696257855,0.9375018042907537,4.187909126281738,2.413959264755249,0.576411567673747,0.32
7,sco_kcal,238,0.4056585729122162,0.02132278122007847,0.6463456888217529,0.9063588942277117,4.089633464813232,1.7960360050201416,0.43916796467777436,0.1
7,sco_kcal,239,0.13479313254356384,0.07540801912546158,0.6015839854093696,0.9251334883593072,13.867094039916992,1.2905478477478027,0.09306548610926763,0.08
7,sco_kcal,240,0.2416030913591385,0.011517604812979698,0.623228477963002,0.9686898105245494,2.124849319458008,0.43436023592948914,0.2044193119728051,0.12
7,sco_kcal,241,0.055383939296007156,0.035154540091753006,0.6245986099757825,0.9666218364666692,6.609516620635986,0.0748336985707283,0.011322113683334318,0.1
7,sco_kcal,242,0.3369833827018738,0.0577438659965992,0.6225587385359159,0.9367034625274415,10.494502067565918,3.09130597114563,0.2945643300885664,0.16
7,sco_kcal,243,0.5085421204566956,0.01922217197716236,0.6323819231788346,0.9171507590192152,3.597996711730957,1.9002816677093506,0.5281499178455741,0.32
7,sco_kcal,244,0.16384750604629517,0.013499241322278976,0.622887539271118,0.9703370510562599,2.4913227558135986,0.2952365279197693,0.11850593313564987,0.08
7,sco_kcal,245,0.1704089492559433,0.016186045482754707,0.6223837576628939,0.9583806824622192,2.913006544113159,0.15265515446662903,0.05240467268263677,0.02
7,sco_kcal,246,0.5677003860473633,0.020800698548555374,0.6608967086234043,0.9146114736389366,4.036048412322998,2.2215969562530518,0.550438629395524,0.4
7,sco_kcal,247,0.09332174062728882,0.023224756121635437,0.6330723950716626,0.9547561191288965,4.37810754776001,0.17627017199993134,0.04026172725933085,0.02
7,sco_kcal,248,0.8625417351722717,0.005659622140228748,0.7010601207709828,0.9083240597448383,1.103130578994751,1.6507060527801514,1.4963831881846563,0.8
7,sco_kcal,249,0.1225881278514862,0.029990635812282562,0.6276347593402789,0.9627679398253217,5.566588878631592,0.3955351710319519,0.07105521525943631,0.04
7,water_gsolv_eV,0,0.9999999403953552,0.0,0.6437582365898831,0.6437582365898831,,,,1.0
7,water_gsolv_eV,1,0.9999999403953552,0.0,0.6437582365898831,0.6437582365898831,,,,1.0
7,water_gsolv_eV,2,0.9999999403953552,0.0,0.6437582365898831,0.6437582365898831,,,,1.0
7,water_gsolv_eV,3,0.9999999403953552,0.0,0.6437582365898831,0.6437582365898831,,,,1.0
7,water_gsolv_eV,4,0.9999999403953552,0.0,0.6437582365898831,0.6437582365898831,,,,1.0
7,water_gsolv_eV,5,0.9999999403953552,0.0,0.6437582365898831,0.6437582365898831,,,,1.0
7,water_gsolv_eV,6,0.9999999403953552,0.0,0.6437582365898831,0.6437582365898831,,,,1.0
7,water_gsolv_eV,7,0.9999999403953552,0.0,0.6437582365898831,0.6437582365898831,,,,1.0
7,water_gsolv_eV,8,0.9999999403953552,0.0,0.6437582365898831,0.6437582365898831,,,,1.0
7,water_gsolv_eV,9,0.9999999403953552,0.0,0.6437582365898831,0.6437582365898831,,,,1.0
7,water_gsolv_eV,10,0.9999999403953552,0.0,0.6437582365898831,0.6437582365898831,,,,1.0
7,water_gsolv_eV,11,0.9999999403953552,0.0,0.6437582365898831,0.6437582365898831,,,,1.0
7,water_gsolv_eV,12,0.9999999403953552,0.0,0.6437582365898831,0.6437582365898831,,,,1.0
7,water_gsolv_eV,13,0.9999999403953552,0.0,0.6437582365898831,0.6437582365898831,,,,1.0
7,water_gsolv_eV,14,0.9999999403953552,0.0,0.6437582365898831,0.6437582365898831,,,,1.0
7,water_gsolv_eV,15,0.9999999403953552,0.0,0.6437582365898831,0.6437582365898831,,,,1.0
7,water_gsolv_eV,16,0.9999999403953552,0.0,0.6437582365898831,0.6437582365898831,,,,1.0
7,water_gsolv_eV,17,0.9999999403953552,0.0,0.6437582365898831,0.6437582365898831,,,,1.0
7,water_gsolv_eV,18,0.9999999403953552,0.0,0.6437582365898831,0.6437582365898831,,,,1.0
7,water_gsolv_eV,19,0.9999999403953552,0.0,0.6437582365898831,0.6437582365898831,,,,1.0
7,water_gsolv_eV,20,0.9999999403953552,0.0,0.6437582365898831,0.6437582365898831,,,,1.0
7,water_gsolv_eV,21,0.9999999403953552,0.0,0.6437582365898831,0.6437582365898831,,,,1.0
7,water_gsolv_eV,22,0.9999999403953552,0.0,0.6437582365898831,0.6437582365898831,,,,1.0
7,water_gsolv_eV,23,0.9999999403953552,0.0,0.6437582365898831,0.6437582365898831,,,,1.0
7,water_gsolv_eV,24,0.9999999403953552,0.0,0.6437582365898831,0.6437582365898831,,,,1.0
7,water_gsolv_eV,25,0.9999999403953552,0.0,0.6437582365898831,0.6437582365898831,,,,1.0
7,water_gsolv_eV,26,0.9999999403953552,0.0,0.6437582365898831,0.6437582365898831,,,,1.0
7,water_gsolv_eV,27,0.9999999403953552,0.0,0.6437582365898831,0.6437582365898831,,,,1.0
7,water_gsolv_eV,28,0.9999999403953552,0.0,0.6437582365898831,0.6437582365898831,,,,1.0
7,water_gsolv_eV,29,0.9999999403953552,0.0,0.6437582365898831,0.6437582365898831,,,,1.0
7,water_gsolv_eV,30,0.9999999403953552,0.0,0.6437582365898831,0.6437582365898831,,,,1.0
7,water_gsolv_eV,31,0.9999999403953552,0.0,0.6437582365898831,0.6437582365898831,,,,1.0
7,water_gsolv_eV,32,0.9999999403953552,0.0,0.6437582365898831,0.6437582365898831,,,,1.0
7,water_gsolv_eV,33,0.9999999403953552,0.0,0.6437582365898831,0.6437582365898831,,,,1.0
7,water_gsolv_eV,34,0.9999999403953552,0.0,0.6437582365898831,0.6437582365898831,,,,1.0
7,water_gsolv_eV,35,0.9999999403953552,0.0,0.6437582365898831,0.6437582365898831,,,,1.0
7,water_gsolv_eV,36,0.9999999403953552,0.0,0.6437582365898831,0.6437582365898831,,,,1.0
7,water_gsolv_eV,37,0.9999999403953552,0.0,0.6437582365898831,0.6437582365898831,,,,1.0
7,water_gsolv_eV,38,0.9999999403953552,0.0,0.6437582365898831,0.6437582365898831,,,,1.0
7,water_gsolv_eV,39,0.9999999403953552,0.0,0.6437582365898831,0.6437582365898831,,,,1.0
7,water_gsolv_eV,40,0.9999999403953552,0.0,0.6437582365898831,0.6437582365898831,,,,1.0
7,water_gsolv_eV,41,0.9999999403953552,0.0,0.6437582365898831,0.6437582365898831,,,,1.0
7,water_gsolv_eV,42,0.9999999403953552,0.0,0.6437582365898831,0.6437582365898831,,,,1.0
7,water_gsolv_eV,43,0.9999999403953552,0.0,0.6437582365898831,0.6437582365898831,,,,1.0
7,water_gsolv_eV,44,0.9999999403953552,0.0,0.6437582365898831,0.6437582365898831,,,,1.0
7,water_gsolv_eV,45,0.9999999403953552,0.0,0.6437582365898831,0.6437582365898831,,,,1.0
7,water_gsolv_eV,46,0.9999999403953552,0.0,0.6437582365898831,0.6437582365898831,,,,1.0
7,water_gsolv_eV,47,0.9999999403953552,0.0,0.6437582365898831,0.6437582365898831,,,,1.0
7,water_gsolv_eV,48,0.9999999403953552,0.0,0.6437582365898831,0.6437582365898831,,,,1.0
7,water_gsolv_eV,49,0.9999999403953552,0.0,0.6437582365898831,0.6437582365898831,,,,1.0
7,water_gsolv_eV,50,0.9999999403953552,0.0,0.6437582365898831,0.6437582365898831,,,,1.0
7,water_gsolv_eV,51,0.9999999403953552,0.0,0.6437582365898831,0.6437582365898831,,,,1.0
7,water_gsolv_eV,52,0.9999999403953552,0.0,0.6437582365898831,0.6437582365898831,,,,1.0
7,water_gsolv_eV,53,0.9999999403953552,0.0,0.6437582365898831,0.6437582365898831,,,,1.0
7,water_gsolv_eV,54,0.9999999403953552,0.0,0.6437582365898831,0.6437582365898831,,,,1.0
7,water_gsolv_eV,55,0.9999999403953552,0.0,0.6437582365898831,0.6437582365898831,,,,1.0
7,water_gsolv_eV,56,0.9999999403953552,0.0,0.6437582365898831,0.6437582365898831,,,,1.0
7,water_gsolv_eV,57,0.9999999403953552,0.0,0.6437582365898831,0.6437582365898831,,,,1.0
7,water_gsolv_eV,58,0.9999999403953552,0.0,0.6437582365898831,0.6437582365898831,,,,1.0
7,water_gsolv_eV,59,0.9999999403953552,0.0,0.6437582365898831,0.6437582365898831,,,,1.0
7,water_gsolv_eV,60,0.9999999403953552,0.0,0.6437582365898831,0.6437582365898831,,,,1.0
7,water_gsolv_eV,61,0.9999999403953552,0.0,0.6437582365898831,0.6437582365898831,,,,1.0
7,water_gsolv_eV,62,0.9999999403953552,0.0,0.6437582365898831,0.6437582365898831,,,,1.0
7,water_gsolv_eV,63,0.9999999403953552,0.0,0.6437582365898831,0.6437582365898831,,,,1.0
7,water_gsolv_eV,64,0.9999999403953552,0.0,0.6437582365898831,0.6437582365898831,,,,1.0
7,water_gsolv_eV,65,0.9999999403953552,0.0,0.6437582365898831,0.6437582365898831,,,,1.0
7,water_gsolv_eV,66,0.9999999403953552,0.0,0.6437582365898831,0.6437582365898831,,,,1.0
7,water_gsolv_eV,67,0.9999999403953552,0.0,0.6437582365898831,0.6437582365898831,,,,1.0
7,water_gsolv_eV,68,0.9999999403953552,0.0,0.6437582365898831,0.6437582365898831,,,,1.0
7,water_gsolv_eV,69,0.9999999403953552,0.0,0.6437582365898831,0.6437582365898831,,,,1.0
7,water_gsolv_eV,70,0.9999999403953552,0.0,0.6437582365898831,0.6437582365898831,,,,1.0
7,water_gsolv_eV,71,0.9999999403953552,0.0,0.6437582365898831,0.6437582365898831,,,,1.0
7,water_gsolv_eV,72,0.9999999403953552,0.0,0.6437582365898831,0.6437582365898831,,,,1.0
7,water_gsolv_eV,73,0.9999999403953552,0.0,0.6437582365898831,0.6437582365898831,,,,1.0
7,water_gsolv_eV,74,0.9999999403953552,0.0,0.6437582365898831,0.6437582365898831,,,,1.0
7,water_gsolv_eV,75,0.9999999403953552,0.0,0.6437582365898831,0.6437582365898831,,,,1.0
7,water_gsolv_eV,76,0.9999999403953552,0.0,0.6437582365898831,0.6437582365898831,,,,1.0
7,water_gsolv_eV,77,0.9999999403953552,0.0,0.6437582365898831,0.6437582365898831,,,,1.0
7,water_gsolv_eV,78,0.9999999403953552,0.0,0.6437582365898831,0.6437582365898831,,,,1.0
7,water_gsolv_eV,79,0.9999999403953552,0.0,0.6437582365898831,0.6437582365898831,,,,1.0
7,water_gsolv_eV,80,0.9999999403953552,0.0,0.6437582365898831,0.6437582365898831,,,,1.0
7,water_gsolv_eV,81,0.9999999403953552,0.0,0.6437582365898831,0.6437582365898831,,,,1.0
7,water_gsolv_eV,82,0.9999999403953552,0.0,0.6437582365898831,0.6437582365898831,,,,1.0
7,water_gsolv_eV,83,0.9999999403953552,0.0,0.6437582365898831,0.6437582365898831,,,,1.0
7,water_gsolv_eV,84,0.9999999403953552,0.0,0.6437582365898831,0.6437582365898831,,,,1.0
7,water_gsolv_eV,85,0.9999999403953552,0.0,0.6437582365898831,0.6437582365898831,,,,1.0
7,water_gsolv_eV,86,0.9999999403953552,0.0,0.6437582365898831,0.6437582365898831,,,,1.0
7,water_gsolv_eV,87,0.9999999403953552,0.0,0.6437582365898831,0.6437582365898831,,,,1.0
7,water_gsolv_eV,88,0.9999999403953552,0.0,0.6437582365898831,0.6437582365898831,,,,1.0
7,water_gsolv_eV,89,0.9999999403953552,0.0,0.6437582365898831,0.6437582365898831,,,,1.0
7,water_gsolv_eV,90,0.9999999403953552,0.0,0.6437582365898831,0.6437582365898831,,,,1.0
7,water_gsolv_eV,91,0.9999999403953552,0.0,0.6437582365898831,0.6437582365898831,,,,1.0
7,water_gsolv_eV,92,0.9999999403953552,0.0,0.6437582365898831,0.6437582365898831,,,,1.0
7,water_gsolv_eV,93,0.9999999403953552,0.0,0.6437582365898831,0.6437582365898831,,,,1.0
7,water_gsolv_eV,94,0.9999999403953552,0.0,0.6437582365898831,0.6437582365898831,,,,1.0
7,water_gsolv_eV,95,0.9999999403953552,0.0,0.6437582365898831,0.6437582365898831,,,,1.0
7,water_gsolv_eV,96,0.9999999403953552,0.0,0.6437582365898831,0.6437582365898831,,,,1.0
7,water_gsolv_eV,97,0.9999999403953552,0.0,0.6437582365898831,0.6437582365898831,,,,1.0
7,water_gsolv_eV,98,0.9999999403953552,0.0,0.6437582365898831,0.6437582365898831,,,,1.0
7,water_gsolv_eV,99,0.9999999403953552,0.0,0.6437582365898831,0.6437582365898831,,,,1.0
7,water_gsolv_eV,100,0.9999999403953552,0.0,0.6437582365898831,0.6437582365898831,,,,1.0
7,water_gsolv_eV,101,0.9999999403953552,0.0,0.6437582365898831,0.6437582365898831,,,,1.0
7,water_gsolv_eV,102,0.9999999403953552,0.0,0.6437582365898831,0.6437582365898831,,,,1.0
7,water_gsolv_eV,103,0.9999999403953552,0.0,0.6437582365898831,0.6437582365898831,,,,1.0
7,water_gsolv_eV,104,0.9999999403953552,0.0,0.6437582365898831,0.6437582365898831,,,,1.0
7,water_gsolv_eV,105,0.9999999403953552,0.0,0.6437582365898831,0.6437582365898831,,,,1.0
7,water_gsolv_eV,106,0.9999999403953552,0.0,0.6437582365898831,0.6437582365898831,,,,1.0
7,water_gsolv_eV,107,0.9999999403953552,0.0,0.6437582365898831,0.6437582365898831,,,,1.0
7,water_gsolv_eV,108,0.9999999403953552,0.0,0.6437582365898831,0.6437582365898831,,,,1.0
7,water_gsolv_eV,109,0.9999999403953552,0.0,0.6437582365898831,0.6437582365898831,,,,1.0
7,water_gsolv_eV,110,0.9999999403953552,0.0,0.6437582365898831,0.6437582365898831,,,,1.0
7,water_gsolv_eV,111,0.9999999403953552,0.0,0.6437582365898831,0.6437582365898831,,,,1.0
7,water_gsolv_eV,112,0.9999999403953552,0.0,0.6437582365898831,0.6437582365898831,,,,1.0
7,water_gsolv_eV,113,0.9999999403953552,0.0,0.6437582365898831,0.6437582365898831,,,,1.0
7,water_gsolv_eV,114,0.9999999403953552,0.0,0.6437582365898831,0.6437582365898831,,,,1.0
7,water_gsolv_eV,115,0.9999999403953552,0.0,0.6437582365898831,0.6437582365898831,,,,1.0
7,water_gsolv_eV,116,0.9999999403953552,0.0,0.6437582365898831,0.6437582365898831,,,,1.0
7,water_gsolv_eV,117,0.9999999403953552,0.0,0.6437582365898831,0.6437582365898831,,,,1.0
7,water_gsolv_eV,118,0.9999999403953552,0.0,0.6437582365898831,0.6437582365898831,,,,1.0
7,water_gsolv_eV,119,0.9999999403953552,0.0,0.6437582365898831,0.6437582365898831,,,,1.0
7,water_gsolv_eV,120,0.9999999403953552,0.0,0.6437582365898831,0.6437582365898831,,,,1.0
7,water_gsolv_eV,121,0.9999999403953552,0.0,0.6437582365898831,0.6437582365898831,,,,1.0
7,water_gsolv_eV,122,0.9999999403953552,0.0,0.6437582365898831,0.6437582365898831,,,,1.0
7,water_gsolv_eV,123,0.9999999403953552,0.0,0.6437582365898831,0.6437582365898831,,,,1.0
7,water_gsolv_eV,124,0.9999999403953552,0.0,0.6437582365898831,0.6437582365898831,,,,1.0
7,water_gsolv_eV,125,0.9999999403953552,0.0,0.6437582365898831,0.6437582365898831,,,,1.0
7,water_gsolv_eV,126,0.9999999403953552,0.0,0.6437582365898831,0.6437582365898831,,,,1.0
7,water_gsolv_eV,127,0.9999999403953552,0.0,0.6437582365898831,0.6437582365898831,,,,1.0
7,water_gsolv_eV,128,0.9999999403953552,0.0,0.6437582365898831,0.6437582365898831,,,,1.0
7,water_gsolv_eV,129,0.9999999403953552,0.0,0.6437582365898831,0.6437582365898831,,,,1.0
7,water_gsolv_eV,130,0.9999999403953552,0.0,0.6437582365898831,0.6437582365898831,,,,1.0
7,water_gsolv_eV,131,0.9999999403953552,0.0,0.6437582365898831,0.6437582365898831,,,,1.0
7,water_gsolv_eV,132,0.9999999403953552,0.0,0.6437582365898831,0.6437582365898831,,,,1.0
7,water_gsolv_eV,133,0.9999999403953552,0.0,0.6437582365898831,0.6437582365898831,,,,1.0
7,water_gsolv_eV,134,0.9999999403953552,0.0,0.6437582365898831,0.6437582365898831,,,,1.0
7,water_gsolv_eV,135,0.9999999403953552,0.0,0.6437582365898831,0.6437582365898831,,,,1.0
7,water_gsolv_eV,136,0.9999999403953552,0.0,0.6437582365898831,0.6437582365898831,,,,1.0
7,water_gsolv_eV,137,0.9999999403953552,0.0,0.6437582365898831,0.6437582365898831,,,,1.0
7,water_gsolv_eV,138,0.9999999403953552,0.0,0.6437582365898831,0.6437582365898831,,,,1.0
7,water_gsolv_eV,139,0.9999999403953552,0.0,0.6437582365898831,0.6437582365898831,,,,1.0
7,water_gsolv_eV,140,0.9999999403953552,0.0,0.6437582365898831,0.6437582365898831,,,,1.0
7,water_gsolv_eV,141,0.9999999403953552,0.0,0.6437582365898831,0.6437582365898831,,,,1.0
7,water_gsolv_eV,142,0.9999999403953552,0.0,0.6437582365898831,0.6437582365898831,,,,1.0
7,water_gsolv_eV,143,0.9999999403953552,0.0,0.6437582365898831,0.6437582365898831,,,,1.0
7,water_gsolv_eV,144,0.9999999403953552,0.0,0.6437582365898831,0.6437582365898831,,,,1.0
7,water_gsolv_eV,145,0.9999999403953552,0.0,0.6437582365898831,0.6437582365898831,,,,1.0
7,water_gsolv_eV,146,0.9999999403953552,0.0,0.6437582365898831,0.6437582365898831,,,,1.0
7,water_gsolv_eV,147,0.9999999403953552,0.0,0.6437582365898831,0.6437582365898831,,,,1.0
7,water_gsolv_eV,148,0.9999999403953552,0.0,0.6437582365898831,0.6437582365898831,,,,1.0
7,water_gsolv_eV,149,0.9999999403953552,0.0,0.6437582365898831,0.6437582365898831,,,,1.0
7,water_gsolv_eV,150,0.9999999403953552,0.0,0.6437582365898831,0.6437582365898831,,,,1.0
7,water_gsolv_eV,151,0.9999999403953552,0.0,0.6437582365898831,0.6437582365898831,,,,1.0
7,water_gsolv_eV,152,0.9999999403953552,0.0,0.6437582365898831,0.6437582365898831,,,,1.0
7,water_gsolv_eV,153,0.9999999403953552,0.0,0.6437582365898831,0.6437582365898831,,,,1.0
7,water_gsolv_eV,154,0.9999999403953552,0.0,0.6437582365898831,0.6437582365898831,,,,1.0
7,water_gsolv_eV,155,0.9999999403953552,0.0,0.6437582365898831,0.6437582365898831,,,,1.0
7,water_gsolv_eV,156,0.9999999403953552,0.0,0.6437582365898831,0.6437582365898831,,,,1.0
7,water_gsolv_eV,157,0.9999999403953552,0.0,0.6437582365898831,0.6437582365898831,,,,1.0
7,water_gsolv_eV,158,0.9999999403953552,0.0,0.6437582365898831,0.6437582365898831,,,,1.0
7,water_gsolv_eV,159,0.9999999403953552,0.0,0.6437582365898831,0.6437582365898831,,,,1.0
7,water_gsolv_eV,160,0.9999999403953552,0.0,0.6437582365898831,0.6437582365898831,,,,1.0
7,water_gsolv_eV,161,0.9999999403953552,0.0,0.6437582365898831,0.6437582365898831,,,,1.0
7,water_gsolv_eV,162,0.9999999403953552,0.0,0.6437582365898831,0.6437582365898831,,,,1.0
7,water_gsolv_eV,163,0.9999999403953552,0.0,0.6437582365898831,0.6437582365898831,,,,1.0
7,water_gsolv_eV,164,0.9999999403953552,0.0,0.6437582365898831,0.6437582365898831,,,,1.0
7,water_gsolv_eV,165,0.9999999403953552,0.0,0.6437582365898831,0.6437582365898831,,,,1.0
7,water_gsolv_eV,166,0.9999999403953552,0.0,0.6437582365898831,0.6437582365898831,,,,1.0
7,water_gsolv_eV,167,0.9999999403953552,0.0,0.6437582365898831,0.6437582365898831,,,,1.0
7,water_gsolv_eV,168,0.9999999403953552,0.0,0.6437582365898831,0.6437582365898831,,,,1.0
7,water_gsolv_eV,169,0.9999999403953552,0.0,0.6437582365898831,0.6437582365898831,,,,1.0
7,water_gsolv_eV,170,0.9999999403953552,0.0,0.6437582365898831,0.6437582365898831,,,,1.0
7,water_gsolv_eV,171,0.9999999403953552,0.0,0.6437582365898831,0.6437582365898831,,,,1.0
7,water_gsolv_eV,172,0.9999999403953552,0.0,0.6437582365898831,0.6437582365898831,,,,1.0
7,water_gsolv_eV,173,0.9999999403953552,0.0,0.6437582365898831,0.6437582365898831,,,,1.0
7,water_gsolv_eV,174,0.9999999403953552,0.0,0.6437582365898831,0.6437582365898831,,,,1.0
7,water_gsolv_eV,175,0.9999999403953552,0.0,0.6437582365898831,0.6437582365898831,,,,1.0
7,water_gsolv_eV,176,0.9999999403953552,0.0,0.6437582365898831,0.6437582365898831,,,,1.0
7,water_gsolv_eV,177,0.9999999403953552,0.0,0.6437582365898831,0.6437582365898831,,,,1.0
7,water_gsolv_eV,178,0.9999999403953552,0.0,0.6437582365898831,0.6437582365898831,,,,1.0
7,water_gsolv_eV,179,0.9999999403953552,0.0,0.6437582365898831,0.6437582365898831,,,,1.0
7,water_gsolv_eV,180,0.9999999403953552,0.0,0.6437582365898831,0.6437582365898831,,,,1.0
7,water_gsolv_eV,181,0.9999999403953552,0.0,0.6437582365898831,0.6437582365898831,,,,1.0
7,water_gsolv_eV,182,0.9999999403953552,0.0,0.6437582365898831,0.6437582365898831,,,,1.0
7,water_gsolv_eV,183,0.9999999403953552,0.0,0.6437582365898831,0.6437582365898831,,,,1.0
7,water_gsolv_eV,184,0.9999999403953552,0.0,0.6437582365898831,0.6437582365898831,,,,1.0
7,water_gsolv_eV,185,0.9999999403953552,0.0,0.6437582365898831,0.6437582365898831,,,,1.0
7,water_gsolv_eV,186,0.9999999403953552,0.0,0.6437582365898831,0.6437582365898831,,,,1.0
7,water_gsolv_eV,187,0.9999999403953552,0.0,0.6437582365898831,0.6437582365898831,,,,1.0
7,water_gsolv_eV,188,0.9999999403953552,0.0,0.6437582365898831,0.6437582365898831,,,,1.0
7,water_gsolv_eV,189,0.9999999403953552,0.0,0.6437582365898831,0.6437582365898831,,,,1.0
7,water_gsolv_eV,190,0.9999999403953552,0.0,0.6437582365898831,0.6437582365898831,,,,1.0
7,water_gsolv_eV,191,0.9999999403953552,0.0,0.6437582365898831,0.6437582365898831,,,,1.0
7,water_gsolv_eV,192,0.9999999403953552,0.0,0.6437582365898831,0.6437582365898831,,,,1.0
7,water_gsolv_eV,193,0.9999999403953552,0.0,0.6437582365898831,0.6437582365898831,,,,1.0
7,water_gsolv_eV,194,0.9999999403953552,0.0,0.6437582365898831,0.6437582365898831,,,,1.0
7,water_gsolv_eV,195,0.9999999403953552,0.0,0.6437582365898831,0.6437582365898831,,,,1.0
7,water_gsolv_eV,196,0.9999999403953552,0.0,0.6437582365898831,0.6437582365898831,,,,1.0
7,water_gsolv_eV,197,0.9999999403953552,0.0,0.6437582365898831,0.6437582365898831,,,,1.0
7,water_gsolv_eV,198,0.9999999403953552,0.0,0.6437582365898831,0.6437582365898831,,,,1.0
7,water_gsolv_eV,199,0.9999999403953552,0.0,0.6437582365898831,0.6437582365898831,,,,1.0
7,water_gsolv_eV,200,0.9999999403953552,0.0,0.6437582365898831,0.6437582365898831,,,,1.0
7,water_gsolv_eV,201,0.9999999403953552,0.0,0.6437582365898831,0.6437582365898831,,,,1.0
7,water_gsolv_eV,202,0.9999999403953552,0.0,0.6437582365898831,0.6437582365898831,,,,1.0
7,water_gsolv_eV,203,0.9999999403953552,0.0,0.6437582365898831,0.6437582365898831,,,,1.0
7,water_gsolv_eV,204,0.9999999403953552,0.0,0.6437582365898831,0.6437582365898831,,,,1.0
7,water_gsolv_eV,205,0.9999999403953552,0.0,0.6437582365898831,0.6437582365898831,,,,1.0
7,water_gsolv_eV,206,0.9999999403953552,0.0,0.6437582365898831,0.6437582365898831,,,,1.0
7,water_gsolv_eV,207,0.9999999403953552,0.0,0.6437582365898831,0.6437582365898831,,,,1.0
7,water_gsolv_eV,208,0.9999999403953552,0.0,0.6437582365898831,0.6437582365898831,,,,1.0
7,water_gsolv_eV,209,0.9999999403953552,0.0,0.6437582365898831,0.6437582365898831,,,,1.0
7,water_gsolv_eV,210,0.9999999403953552,0.0,0.6437582365898831,0.6437582365898831,,,,1.0
7,water_gsolv_eV,211,0.9999999403953552,0.0,0.6437582365898831,0.6437582365898831,,,,1.0
7,water_gsolv_eV,212,0.9999999403953552,0.0,0.6437582365898831,0.6437582365898831,,,,1.0
7,water_gsolv_eV,213,0.9999999403953552,0.0,0.6437582365898831,0.6437582365898831,,,,1.0
7,water_gsolv_eV,214,0.9999999403953552,0.0,0.6437582365898831,0.6437582365898831,,,,1.0
7,water_gsolv_eV,215,0.9999999403953552,0.0,0.6437582365898831,0.6437582365898831,,,,1.0
7,water_gsolv_eV,216,0.9999999403953552,0.0,0.6437582365898831,0.6437582365898831,,,,1.0
7,water_gsolv_eV,217,0.9999999403953552,0.0,0.6437582365898831,0.6437582365898831,,,,1.0
7,water_gsolv_eV,218,0.9999999403953552,0.0,0.6437582365898831,0.6437582365898831,,,,1.0
7,water_gsolv_eV,219,0.9999999403953552,0.0,0.6437582365898831,0.6437582365898831,,,,1.0
7,water_gsolv_eV,220,0.9999999403953552,0.0,0.6437582365898831,0.6437582365898831,,,,1.0
7,water_gsolv_eV,221,0.9999999403953552,0.0,0.6437582365898831,0.6437582365898831,,,,1.0
7,water_gsolv_eV,222,0.9999999403953552,0.0,0.6437582365898831,0.6437582365898831,,,,1.0
7,water_gsolv_eV,223,0.9999999403953552,0.0,0.6437582365898831,0.6437582365898831,,,,1.0
7,water_gsolv_eV,224,0.9999999403953552,0.0,0.6437582365898831,0.6437582365898831,,,,1.0
7,water_gsolv_eV,225,0.9999999403953552,0.0,0.6437582365898831,0.6437582365898831,,,,1.0
7,water_gsolv_eV,226,0.9999999403953552,0.0,0.6437582365898831,0.6437582365898831,,,,1.0
7,water_gsolv_eV,227,0.9999999403953552,0.0,0.6437582365898831,0.6437582365898831,,,,1.0
7,water_gsolv_eV,228,0.9999999403953552,0.0,0.6437582365898831,0.6437582365898831,,,,1.0
7,water_gsolv_eV,229,0.9999999403953552,0.0,0.6437582365898831,0.6437582365898831,,,,1.0
7,water_gsolv_eV,230,0.9999999403953552,0.0,0.6437582365898831,0.6437582365898831,,,,1.0
7,water_gsolv_eV,231,0.9999999403953552,0.0,0.6437582365898831,0.6437582365898831,,,,1.0
7,water_gsolv_eV,232,0.9999999403953552,0.0,0.6437582365898831,0.6437582365898831,,,,1.0
7,water_gsolv_eV,233,0.9999999403953552,0.0,0.6437582365898831,0.6437582365898831,,,,1.0
7,water_gsolv_eV,234,0.9999999403953552,0.0,0.6437582365898831,0.6437582365898831,,,,1.0
7,water_gsolv_eV,235,0.9999999403953552,0.0,0.6437582365898831,0.6437582365898831,,,,1.0
7,water_gsolv_eV,236,0.9999999403953552,0.0,0.6437582365898831,0.6437582365898831,,,,1.0
7,water_gsolv_eV,237,0.9999999403953552,0.0,0.6437582365898831,0.6437582365898831,,,,1.0
7,water_gsolv_eV,238,0.9999999403953552,0.0,0.6437582365898831,0.6437582365898831,,,,1.0
7,water_gsolv_eV,239,0.9999999403953552,0.0,0.6437582365898831,0.6437582365898831,,,,1.0
7,water_gsolv_eV,240,0.9999999403953552,0.0,0.6437582365898831,0.6437582365898831,,,,1.0
7,water_gsolv_eV,241,0.9999999403953552,0.0,0.6437582365898831,0.6437582365898831,,,,1.0
7,water_gsolv_eV,242,0.9999999403953552,0.0,0.6437582365898831,0.6437582365898831,,,,1.0
7,water_gsolv_eV,243,0.9999999403953552,0.0,0.6437582365898831,0.6437582365898831,,,,1.0
7,water_gsolv_eV,244,0.9999999403953552,0.0,0.6437582365898831,0.6437582365898831,,,,1.0
7,water_gsolv_eV,245,0.9999999403953552,0.0,0.6437582365898831,0.6437582365898831,,,,1.0
7,water_gsolv_eV,246,0.9999999403953552,0.0,0.6437582365898831,0.6437582365898831,,,,1.0
7,water_gsolv_eV,247,0.9999999403953552,0.0,0.6437582365898831,0.6437582365898831,,,,1.0
7,water_gsolv_eV,248,0.9999999403953552,0.0,0.6437582365898831,0.6437582365898831,,,,1.0
7,water_gsolv_eV,249,0.9999999403953552,0.0,0.6437582365898831,0.6437582365898831,,,,1.0
7,water_hl_gap_eV,0,1.0,0.0,0.6954426232347677,0.6954426232347677,,,,1.0
7,water_hl_gap_eV,1,1.0,0.0,0.6954426232347677,0.6954426232347677,,,,1.0
7,water_hl_gap_eV,2,1.0,0.0,0.6954426232347677,0.6954426232347677,,,,1.0
7,water_hl_gap_eV,3,1.0,0.0,0.6954426232347677,0.6954426232347677,,,,1.0
7,water_hl_gap_eV,4,1.0,0.0,0.6954426232347677,0.6954426232347677,,,,1.0
7,water_hl_gap_eV,5,1.0,0.0,0.6954426232347677,0.6954426232347677,,,,1.0
7,water_hl_gap_eV,6,1.0,0.0,0.6954426232347677,0.6954426232347677,,,,1.0
7,water_hl_gap_eV,7,1.0,0.0,0.6954426232347677,0.6954426232347677,,,,1.0
7,water_hl_gap_eV,8,1.0,0.0,0.6954426232347677,0.6954426232347677,,,,1.0
7,water_hl_gap_eV,9,1.0,0.0,0.6954426232347677,0.6954426232347677,,,,1.0
7,water_hl_gap_eV,10,1.0,0.0,0.6954426232347677,0.6954426232347677,,,,1.0
7,water_hl_gap_eV,11,1.0,0.0,0.6954426232347677,0.6954426232347677,,,,1.0
7,water_hl_gap_eV,12,1.0,0.0,0.6954426232347677,0.6954426232347677,,,,1.0
7,water_hl_gap_eV,13,1.0,0.0,0.6954426232347677,0.6954426232347677,,,,1.0
7,water_hl_gap_eV,14,1.0,0.0,0.6954426232347677,0.6954426232347677,,,,1.0
7,water_hl_gap_eV,15,1.0,0.0,0.6954426232347677,0.6954426232347677,,,,1.0
7,water_hl_gap_eV,16,1.0,0.0,0.6954426232347677,0.6954426232347677,,,,1.0
7,water_hl_gap_eV,17,1.0,0.0,0.6954426232347677,0.6954426232347677,,,,1.0
7,water_hl_gap_eV,18,1.0,0.0,0.6954426232347677,0.6954426232347677,,,,1.0
7,water_hl_gap_eV,19,1.0,0.0,0.6954426232347677,0.6954426232347677,,,,1.0
7,water_hl_gap_eV,20,1.0,0.0,0.6954426232347677,0.6954426232347677,,,,1.0
7,water_hl_gap_eV,21,1.0,0.0,0.6954426232347677,0.6954426232347677,,,,1.0
7,water_hl_gap_eV,22,1.0,0.0,0.6954426232347677,0.6954426232347677,,,,1.0
7,water_hl_gap_eV,23,1.0,0.0,0.6954426232347677,0.6954426232347677,,,,1.0
7,water_hl_gap_eV,24,1.0,0.0,0.6954426232347677,0.6954426232347677,,,,1.0
7,water_hl_gap_eV,25,1.0,0.0,0.6954426232347677,0.6954426232347677,,,,1.0
7,water_hl_gap_eV,26,1.0,0.0,0.6954426232347677,0.6954426232347677,,,,1.0
7,water_hl_gap_eV,27,1.0,0.0,0.6954426232347677,0.6954426232347677,,,,1.0
7,water_hl_gap_eV,28,1.0,0.0,0.6954426232347677,0.6954426232347677,,,,1.0
7,water_hl_gap_eV,29,1.0,0.0,0.6954426232347677,0.6954426232347677,,,,1.0
7,water_hl_gap_eV,30,1.0,0.0,0.6954426232347677,0.6954426232347677,,,,1.0
7,water_hl_gap_eV,31,1.0,0.0,0.6954426232347677,0.6954426232347677,,,,1.0
7,water_hl_gap_eV,32,1.0,0.0,0.6954426232347677,0.6954426232347677,,,,1.0
7,water_hl_gap_eV,33,1.0,0.0,0.6954426232347677,0.6954426232347677,,,,1.0
7,water_hl_gap_eV,34,1.0,0.0,0.6954426232347677,0.6954426232347677,,,,1.0
7,water_hl_gap_eV,35,1.0,0.0,0.6954426232347677,0.6954426232347677,,,,1.0
7,water_hl_gap_eV,36,1.0,0.0,0.6954426232347677,0.6954426232347677,,,,1.0
7,water_hl_gap_eV,37,1.0,0.0,0.6954426232347677,0.6954426232347677,,,,1.0
7,water_hl_gap_eV,38,1.0,0.0,0.6954426232347677,0.6954426232347677,,,,1.0
7,water_hl_gap_eV,39,1.0,0.0,0.6954426232347677,0.6954426232347677,,,,1.0
7,water_hl_gap_eV,40,1.0,0.0,0.6954426232347677,0.6954426232347677,,,,1.0
7,water_hl_gap_eV,41,1.0,0.0,0.6954426232347677,0.6954426232347677,,,,1.0
7,water_hl_gap_eV,42,1.0,0.0,0.6954426232347677,0.6954426232347677,,,,1.0
7,water_hl_gap_eV,43,1.0,0.0,0.6954426232347677,0.6954426232347677,,,,1.0
7,water_hl_gap_eV,44,1.0,0.0,0.6954426232347677,0.6954426232347677,,,,1.0
7,water_hl_gap_eV,45,1.0,0.0,0.6954426232347677,0.6954426232347677,,,,1.0
7,water_hl_gap_eV,46,1.0,0.0,0.6954426232347677,0.6954426232347677,,,,1.0
7,water_hl_gap_eV,47,1.0,0.0,0.6954426232347677,0.6954426232347677,,,,1.0
7,water_hl_gap_eV,48,1.0,0.0,0.6954426232347677,0.6954426232347677,,,,1.0
7,water_hl_gap_eV,49,1.0,0.0,0.6954426232347677,0.6954426232347677,,,,1.0
7,water_hl_gap_eV,50,1.0,0.0,0.6954426232347677,0.6954426232347677,,,,1.0
7,water_hl_gap_eV,51,1.0,0.0,0.6954426232347677,0.6954426232347677,,,,1.0
7,water_hl_gap_eV,52,1.0,0.0,0.6954426232347677,0.6954426232347677,,,,1.0
7,water_hl_gap_eV,53,1.0,0.0,0.6954426232347677,0.6954426232347677,,,,1.0
7,water_hl_gap_eV,54,1.0,0.0,0.6954426232347677,0.6954426232347677,,,,1.0
7,water_hl_gap_eV,55,1.0,0.0,0.6954426232347677,0.6954426232347677,,,,1.0
7,water_hl_gap_eV,56,1.0,0.0,0.6954426232347677,0.6954426232347677,,,,1.0
7,water_hl_gap_eV,57,1.0,0.0,0.6954426232347677,0.6954426232347677,,,,1.0
7,water_hl_gap_eV,58,1.0,0.0,0.6954426232347677,0.6954426232347677,,,,1.0
7,water_hl_gap_eV,59,1.0,0.0,0.6954426232347677,0.6954426232347677,,,,1.0
7,water_hl_gap_eV,60,1.0,0.0,0.6954426232347677,0.6954426232347677,,,,1.0
7,water_hl_gap_eV,61,1.0,0.0,0.6954426232347677,0.6954426232347677,,,,1.0
7,water_hl_gap_eV,62,1.0,0.0,0.6954426232347677,0.6954426232347677,,,,1.0
7,water_hl_gap_eV,63,1.0,0.0,0.6954426232347677,0.6954426232347677,,,,1.0
7,water_hl_gap_eV,64,1.0,0.0,0.6954426232347677,0.6954426232347677,,,,1.0
7,water_hl_gap_eV,65,1.0,0.0,0.6954426232347677,0.6954426232347677,,,,1.0
7,water_hl_gap_eV,66,1.0,0.0,0.6954426232347677,0.6954426232347677,,,,1.0
7,water_hl_gap_eV,67,1.0,0.0,0.6954426232347677,0.6954426232347677,,,,1.0
7,water_hl_gap_eV,68,1.0,0.0,0.6954426232347677,0.6954426232347677,,,,1.0
7,water_hl_gap_eV,69,1.0,0.0,0.6954426232347677,0.6954426232347677,,,,1.0
7,water_hl_gap_eV,70,1.0,0.0,0.6954426232347677,0.6954426232347677,,,,1.0
7,water_hl_gap_eV,71,1.0,0.0,0.6954426232347677,0.6954426232347677,,,,1.0
7,water_hl_gap_eV,72,1.0,0.0,0.6954426232347677,0.6954426232347677,,,,1.0
7,water_hl_gap_eV,73,1.0,0.0,0.6954426232347677,0.6954426232347677,,,,1.0
7,water_hl_gap_eV,74,1.0,0.0,0.6954426232347677,0.6954426232347677,,,,1.0
7,water_hl_gap_eV,75,1.0,0.0,0.6954426232347677,0.6954426232347677,,,,1.0
7,water_hl_gap_eV,76,1.0,0.0,0.6954426232347677,0.6954426232347677,,,,1.0
7,water_hl_gap_eV,77,1.0,0.0,0.6954426232347677,0.6954426232347677,,,,1.0
7,water_hl_gap_eV,78,1.0,0.0,0.6954426232347677,0.6954426232347677,,,,1.0
7,water_hl_gap_eV,79,1.0,0.0,0.6954426232347677,0.6954426232347677,,,,1.0
7,water_hl_gap_eV,80,1.0,0.0,0.6954426232347677,0.6954426232347677,,,,1.0
7,water_hl_gap_eV,81,1.0,0.0,0.6954426232347677,0.6954426232347677,,,,1.0
7,water_hl_gap_eV,82,1.0,0.0,0.6954426232347677,0.6954426232347677,,,,1.0
7,water_hl_gap_eV,83,1.0,0.0,0.6954426232347677,0.6954426232347677,,,,1.0
7,water_hl_gap_eV,84,1.0,0.0,0.6954426232347677,0.6954426232347677,,,,1.0
7,water_hl_gap_eV,85,1.0,0.0,0.6954426232347677,0.6954426232347677,,,,1.0
7,water_hl_gap_eV,86,1.0,0.0,0.6954426232347677,0.6954426232347677,,,,1.0
7,water_hl_gap_eV,87,1.0,0.0,0.6954426232347677,0.6954426232347677,,,,1.0
7,water_hl_gap_eV,88,1.0,0.0,0.6954426232347677,0.6954426232347677,,,,1.0
7,water_hl_gap_eV,89,1.0,0.0,0.6954426232347677,0.6954426232347677,,,,1.0
7,water_hl_gap_eV,90,1.0,0.0,0.6954426232347677,0.6954426232347677,,,,1.0
7,water_hl_gap_eV,91,1.0,0.0,0.6954426232347677,0.6954426232347677,,,,1.0
7,water_hl_gap_eV,92,1.0,0.0,0.6954426232347677,0.6954426232347677,,,,1.0
7,water_hl_gap_eV,93,1.0,0.0,0.6954426232347677,0.6954426232347677,,,,1.0
7,water_hl_gap_eV,94,1.0,0.0,0.6954426232347677,0.6954426232347677,,,,1.0
7,water_hl_gap_eV,95,1.0,0.0,0.6954426232347677,0.6954426232347677,,,,1.0
7,water_hl_gap_eV,96,1.0,0.0,0.6954426232347677,0.6954426232347677,,,,1.0
7,water_hl_gap_eV,97,1.0,0.0,0.6954426232347677,0.6954426232347677,,,,1.0
7,water_hl_gap_eV,98,1.0,0.0,0.6954426232347677,0.6954426232347677,,,,1.0
7,water_hl_gap_eV,99,1.0,0.0,0.6954426232347677,0.6954426232347677,,,,1.0
7,water_hl_gap_eV,100,1.0,0.0,0.6954426232347677,0.6954426232347677,,,,1.0
7,water_hl_gap_eV,101,1.0,0.0,0.6954426232347677,0.6954426232347677,,,,1.0
7,water_hl_gap_eV,102,1.0,0.0,0.6954426232347677,0.6954426232347677,,,,1.0
7,water_hl_gap_eV,103,1.0,0.0,0.6954426232347677,0.6954426232347677,,,,1.0
7,water_hl_gap_eV,104,1.0,0.0,0.6954426232347677,0.6954426232347677,,,,1.0
7,water_hl_gap_eV,105,1.0,0.0,0.6954426232347677,0.6954426232347677,,,,1.0
7,water_hl_gap_eV,106,1.0,0.0,0.6954426232347677,0.6954426232347677,,,,1.0
7,water_hl_gap_eV,107,1.0,0.0,0.6954426232347677,0.6954426232347677,,,,1.0
7,water_hl_gap_eV,108,1.0,0.0,0.6954426232347677,0.6954426232347677,,,,1.0
7,water_hl_gap_eV,109,1.0,0.0,0.6954426232347677,0.6954426232347677,,,,1.0
7,water_hl_gap_eV,110,1.0,0.0,0.6954426232347677,0.6954426232347677,,,,1.0
7,water_hl_gap_eV,111,1.0,0.0,0.6954426232347677,0.6954426232347677,,,,1.0
7,water_hl_gap_eV,112,1.0,0.0,0.6954426232347677,0.6954426232347677,,,,1.0
7,water_hl_gap_eV,113,1.0,0.0,0.6954426232347677,0.6954426232347677,,,,1.0
7,water_hl_gap_eV,114,1.0,0.0,0.6954426232347677,0.6954426232347677,,,,1.0
7,water_hl_gap_eV,115,1.0,0.0,0.6954426232347677,0.6954426232347677,,,,1.0
7,water_hl_gap_eV,116,1.0,0.0,0.6954426232347677,0.6954426232347677,,,,1.0
7,water_hl_gap_eV,117,1.0,0.0,0.6954426232347677,0.6954426232347677,,,,1.0
7,water_hl_gap_eV,118,1.0,0.0,0.6954426232347677,0.6954426232347677,,,,1.0
7,water_hl_gap_eV,119,1.0,0.0,0.6954426232347677,0.6954426232347677,,,,1.0
7,water_hl_gap_eV,120,1.0,0.0,0.6954426232347677,0.6954426232347677,,,,1.0
7,water_hl_gap_eV,121,1.0,0.0,0.6954426232347677,0.6954426232347677,,,,1.0
7,water_hl_gap_eV,122,1.0,0.0,0.6954426232347677,0.6954426232347677,,,,1.0
7,water_hl_gap_eV,123,1.0,0.0,0.6954426232347677,0.6954426232347677,,,,1.0
7,water_hl_gap_eV,124,1.0,0.0,0.6954426232347677,0.6954426232347677,,,,1.0
7,water_hl_gap_eV,125,1.0,0.0,0.6954426232347677,0.6954426232347677,,,,1.0
7,water_hl_gap_eV,126,1.0,0.0,0.6954426232347677,0.6954426232347677,,,,1.0
7,water_hl_gap_eV,127,1.0,0.0,0.6954426232347677,0.6954426232347677,,,,1.0
7,water_hl_gap_eV,128,1.0,0.0,0.6954426232347677,0.6954426232347677,,,,1.0
7,water_hl_gap_eV,129,1.0,0.0,0.6954426232347677,0.6954426232347677,,,,1.0
7,water_hl_gap_eV,130,1.0,0.0,0.6954426232347677,0.6954426232347677,,,,1.0
7,water_hl_gap_eV,131,1.0,0.0,0.6954426232347677,0.6954426232347677,,,,1.0
7,water_hl_gap_eV,132,1.0,0.0,0.6954426232347677,0.6954426232347677,,,,1.0
7,water_hl_gap_eV,133,1.0,0.0,0.6954426232347677,0.6954426232347677,,,,1.0
7,water_hl_gap_eV,134,1.0,0.0,0.6954426232347677,0.6954426232347677,,,,1.0
7,water_hl_gap_eV,135,1.0,0.0,0.6954426232347677,0.6954426232347677,,,,1.0
7,water_hl_gap_eV,136,1.0,0.0,0.6954426232347677,0.6954426232347677,,,,1.0
7,water_hl_gap_eV,137,1.0,0.0,0.6954426232347677,0.6954426232347677,,,,1.0
7,water_hl_gap_eV,138,1.0,0.0,0.6954426232347677,0.6954426232347677,,,,1.0
7,water_hl_gap_eV,139,1.0,0.0,0.6954426232347677,0.6954426232347677,,,,1.0
7,water_hl_gap_eV,140,1.0,0.0,0.6954426232347677,0.6954426232347677,,,,1.0
7,water_hl_gap_eV,141,1.0,0.0,0.6954426232347677,0.6954426232347677,,,,1.0
7,water_hl_gap_eV,142,1.0,0.0,0.6954426232347677,0.6954426232347677,,,,1.0
7,water_hl_gap_eV,143,1.0,0.0,0.6954426232347677,0.6954426232347677,,,,1.0
7,water_hl_gap_eV,144,1.0,0.0,0.6954426232347677,0.6954426232347677,,,,1.0
7,water_hl_gap_eV,145,1.0,0.0,0.6954426232347677,0.6954426232347677,,,,1.0
7,water_hl_gap_eV,146,1.0,0.0,0.6954426232347677,0.6954426232347677,,,,1.0
7,water_hl_gap_eV,147,1.0,0.0,0.6954426232347677,0.6954426232347677,,,,1.0
7,water_hl_gap_eV,148,1.0,0.0,0.6954426232347677,0.6954426232347677,,,,1.0
7,water_hl_gap_eV,149,1.0,0.0,0.6954426232347677,0.6954426232347677,,,,1.0
7,water_hl_gap_eV,150,1.0,0.0,0.6954426232347677,0.6954426232347677,,,,1.0
7,water_hl_gap_eV,151,1.0,0.0,0.6954426232347677,0.6954426232347677,,,,1.0
7,water_hl_gap_eV,152,1.0,0.0,0.6954426232347677,0.6954426232347677,,,,1.0
7,water_hl_gap_eV,153,1.0,0.0,0.6954426232347677,0.6954426232347677,,,,1.0
7,water_hl_gap_eV,154,1.0,0.0,0.6954426232347677,0.6954426232347677,,,,1.0
7,water_hl_gap_eV,155,1.0,0.0,0.6954426232347677,0.6954426232347677,,,,1.0
7,water_hl_gap_eV,156,1.0,0.0,0.6954426232347677,0.6954426232347677,,,,1.0
7,water_hl_gap_eV,157,1.0,0.0,0.6954426232347677,0.6954426232347677,,,,1.0
7,water_hl_gap_eV,158,1.0,0.0,0.6954426232347677,0.6954426232347677,,,,1.0
7,water_hl_gap_eV,159,1.0,0.0,0.6954426232347677,0.6954426232347677,,,,1.0
7,water_hl_gap_eV,160,1.0,0.0,0.6954426232347677,0.6954426232347677,,,,1.0
7,water_hl_gap_eV,161,1.0,0.0,0.6954426232347677,0.6954426232347677,,,,1.0
7,water_hl_gap_eV,162,1.0,0.0,0.6954426232347677,0.6954426232347677,,,,1.0
7,water_hl_gap_eV,163,1.0,0.0,0.6954426232347677,0.6954426232347677,,,,1.0
7,water_hl_gap_eV,164,1.0,0.0,0.6954426232347677,0.6954426232347677,,,,1.0
7,water_hl_gap_eV,165,1.0,0.0,0.6954426232347677,0.6954426232347677,,,,1.0
7,water_hl_gap_eV,166,1.0,0.0,0.6954426232347677,0.6954426232347677,,,,1.0
7,water_hl_gap_eV,167,1.0,0.0,0.6954426232347677,0.6954426232347677,,,,1.0
7,water_hl_gap_eV,168,1.0,0.0,0.6954426232347677,0.6954426232347677,,,,1.0
7,water_hl_gap_eV,169,1.0,0.0,0.6954426232347677,0.6954426232347677,,,,1.0
7,water_hl_gap_eV,170,1.0,0.0,0.6954426232347677,0.6954426232347677,,,,1.0
7,water_hl_gap_eV,171,1.0,0.0,0.6954426232347677,0.6954426232347677,,,,1.0
7,water_hl_gap_eV,172,1.0,0.0,0.6954426232347677,0.6954426232347677,,,,1.0
7,water_hl_gap_eV,173,1.0,0.0,0.6954426232347677,0.6954426232347677,,,,1.0
7,water_hl_gap_eV,174,1.0,0.0,0.6954426232347677,0.6954426232347677,,,,1.0
7,water_hl_gap_eV,175,1.0,0.0,0.6954426232347677,0.6954426232347677,,,,1.0
7,water_hl_gap_eV,176,1.0,0.0,0.6954426232347677,0.6954426232347677,,,,1.0
7,water_hl_gap_eV,177,1.0,0.0,0.6954426232347677,0.6954426232347677,,,,1.0
7,water_hl_gap_eV,178,1.0,0.0,0.6954426232347677,0.6954426232347677,,,,1.0
7,water_hl_gap_eV,179,1.0,0.0,0.6954426232347677,0.6954426232347677,,,,1.0
7,water_hl_gap_eV,180,1.0,0.0,0.6954426232347677,0.6954426232347677,,,,1.0
7,water_hl_gap_eV,181,1.0,0.0,0.6954426232347677,0.6954426232347677,,,,1.0
7,water_hl_gap_eV,182,1.0,0.0,0.6954426232347677,0.6954426232347677,,,,1.0
7,water_hl_gap_eV,183,1.0,0.0,0.6954426232347677,0.6954426232347677,,,,1.0
7,water_hl_gap_eV,184,1.0,0.0,0.6954426232347677,0.6954426232347677,,,,1.0
7,water_hl_gap_eV,185,1.0,0.0,0.6954426232347677,0.6954426232347677,,,,1.0
7,water_hl_gap_eV,186,1.0,0.0,0.6954426232347677,0.6954426232347677,,,,1.0
7,water_hl_gap_eV,187,1.0,0.0,0.6954426232347677,0.6954426232347677,,,,1.0
7,water_hl_gap_eV,188,1.0,0.0,0.6954426232347677,0.6954426232347677,,,,1.0
7,water_hl_gap_eV,189,1.0,0.0,0.6954426232347677,0.6954426232347677,,,,1.0
7,water_hl_gap_eV,190,1.0,0.0,0.6954426232347677,0.6954426232347677,,,,1.0
7,water_hl_gap_eV,191,1.0,0.0,0.6954426232347677,0.6954426232347677,,,,1.0
7,water_hl_gap_eV,192,1.0,0.0,0.6954426232347677,0.6954426232347677,,,,1.0
7,water_hl_gap_eV,193,1.0,0.0,0.6954426232347677,0.6954426232347677,,,,1.0
7,water_hl_gap_eV,194,1.0,0.0,0.6954426232347677,0.6954426232347677,,,,1.0
7,water_hl_gap_eV,195,1.0,0.0,0.6954426232347677,0.6954426232347677,,,,1.0
7,water_hl_gap_eV,196,1.0,0.0,0.6954426232347677,0.6954426232347677,,,,1.0
7,water_hl_gap_eV,197,1.0,0.0,0.6954426232347677,0.6954426232347677,,,,1.0
7,water_hl_gap_eV,198,1.0,0.0,0.6954426232347677,0.6954426232347677,,,,1.0
7,water_hl_gap_eV,199,1.0,0.0,0.6954426232347677,0.6954426232347677,,,,1.0
7,water_hl_gap_eV,200,1.0,0.0,0.6954426232347677,0.6954426232347677,,,,1.0
7,water_hl_gap_eV,201,1.0,0.0,0.6954426232347677,0.6954426232347677,,,,1.0
7,water_hl_gap_eV,202,1.0,0.0,0.6954426232347677,0.6954426232347677,,,,1.0
7,water_hl_gap_eV,203,1.0,0.0,0.6954426232347677,0.6954426232347677,,,,1.0
7,water_hl_gap_eV,204,1.0,0.0,0.6954426232347677,0.6954426232347677,,,,1.0
7,water_hl_gap_eV,205,1.0,0.0,0.6954426232347677,0.6954426232347677,,,,1.0
7,water_hl_gap_eV,206,1.0,0.0,0.6954426232347677,0.6954426232347677,,,,1.0
7,water_hl_gap_eV,207,1.0,0.0,0.6954426232347677,0.6954426232347677,,,,1.0
7,water_hl_gap_eV,208,1.0,0.0,0.6954426232347677,0.6954426232347677,,,,1.0
7,water_hl_gap_eV,209,1.0,0.0,0.6954426232347677,0.6954426232347677,,,,1.0
7,water_hl_gap_eV,210,1.0,0.0,0.6954426232347677,0.6954426232347677,,,,1.0
7,water_hl_gap_eV,211,1.0,0.0,0.6954426232347677,0.6954426232347677,,,,1.0
7,water_hl_gap_eV,212,1.0,0.0,0.6954426232347677,0.6954426232347677,,,,1.0
7,water_hl_gap_eV,213,1.0,0.0,0.6954426232347677,0.6954426232347677,,,,1.0
7,water_hl_gap_eV,214,1.0,0.0,0.6954426232347677,0.6954426232347677,,,,1.0
7,water_hl_gap_eV,215,1.0,0.0,0.6954426232347677,0.6954426232347677,,,,1.0
7,water_hl_gap_eV,216,1.0,0.0,0.6954426232347677,0.6954426232347677,,,,1.0
7,water_hl_gap_eV,217,1.0,0.0,0.6954426232347677,0.6954426232347677,,,,1.0
7,water_hl_gap_eV,218,1.0,0.0,0.6954426232347677,0.6954426232347677,,,,1.0
7,water_hl_gap_eV,219,1.0,0.0,0.6954426232347677,0.6954426232347677,,,,1.0
7,water_hl_gap_eV,220,1.0,0.0,0.6954426232347677,0.6954426232347677,,,,1.0
7,water_hl_gap_eV,221,1.0,0.0,0.6954426232347677,0.6954426232347677,,,,1.0
7,water_hl_gap_eV,222,1.0,0.0,0.6954426232347677,0.6954426232347677,,,,1.0
7,water_hl_gap_eV,223,1.0,0.0,0.6954426232347677,0.6954426232347677,,,,1.0
7,water_hl_gap_eV,224,1.0,0.0,0.6954426232347677,0.6954426232347677,,,,1.0
7,water_hl_gap_eV,225,1.0,0.0,0.6954426232347677,0.6954426232347677,,,,1.0
7,water_hl_gap_eV,226,1.0,0.0,0.6954426232347677,0.6954426232347677,,,,1.0
7,water_hl_gap_eV,227,1.0,0.0,0.6954426232347677,0.6954426232347677,,,,1.0
7,water_hl_gap_eV,228,1.0,0.0,0.6954426232347677,0.6954426232347677,,,,1.0
7,water_hl_gap_eV,229,1.0,0.0,0.6954426232347677,0.6954426232347677,,,,1.0
7,water_hl_gap_eV,230,1.0,0.0,0.6954426232347677,0.6954426232347677,,,,1.0
7,water_hl_gap_eV,231,1.0,0.0,0.6954426232347677,0.6954426232347677,,,,1.0
7,water_hl_gap_eV,232,1.0,0.0,0.6954426232347677,0.6954426232347677,,,,1.0
7,water_hl_gap_eV,233,1.0,0.0,0.6954426232347677,0.6954426232347677,,,,1.0
7,water_hl_gap_eV,234,1.0,0.0,0.6954426232347677,0.6954426232347677,,,,1.0
7,water_hl_gap_eV,235,1.0,0.0,0.6954426232347677,0.6954426232347677,,,,1.0
7,water_hl_gap_eV,236,1.0,0.0,0.6954426232347677,0.6954426232347677,,,,1.0
7,water_hl_gap_eV,237,1.0,0.0,0.6954426232347677,0.6954426232347677,,,,1.0
7,water_hl_gap_eV,238,1.0,0.0,0.6954426232347677,0.6954426232347677,,,,1.0
7,water_hl_gap_eV,239,1.0,0.0,0.6954426232347677,0.6954426232347677,,,,1.0
7,water_hl_gap_eV,240,1.0,0.0,0.6954426232347677,0.6954426232347677,,,,1.0
7,water_hl_gap_eV,241,1.0,0.0,0.6954426232347677,0.6954426232347677,,,,1.0
7,water_hl_gap_eV,242,1.0,0.0,0.6954426232347677,0.6954426232347677,,,,1.0
7,water_hl_gap_eV,243,1.0,0.0,0.6954426232347677,0.6954426232347677,,,,1.0
7,water_hl_gap_eV,244,1.0,0.0,0.6954426232347677,0.6954426232347677,,,,1.0
7,water_hl_gap_eV,245,1.0,0.0,0.6954426232347677,0.6954426232347677,,,,1.0
7,water_hl_gap_eV,246,1.0,0.0,0.6954426232347677,0.6954426232347677,,,,1.0
7,water_hl_gap_eV,247,1.0,0.0,0.6954426232347677,0.6954426232347677,,,,1.0
7,water_hl_gap_eV,248,1.0,0.0,0.6954426232347677,0.6954426232347677,,,,1.0
7,water_hl_gap_eV,249,1.0,0.0,0.6954426232347677,0.6954426232347677,,,,1.0
7,water_dipole,0,1.0000001192092896,0.0,0.6533741919065901,0.6533741919065901,,,,1.0
7,water_dipole,1,1.0000001192092896,0.0,0.6533741919065901,0.6533741919065901,,,,1.0
7,water_dipole,2,1.0000001192092896,0.0,0.6533741919065901,0.6533741919065901,,,,1.0
7,water_dipole,3,1.0000001192092896,0.0,0.6533741919065901,0.6533741919065901,,,,1.0
7,water_dipole,4,1.0000001192092896,0.0,0.6533741919065901,0.6533741919065901,,,,1.0
7,water_dipole,5,1.0000001192092896,0.0,0.6533741919065901,0.6533741919065901,,,,1.0
7,water_dipole,6,1.0000001192092896,0.0,0.6533741919065901,0.6533741919065901,,,,1.0
7,water_dipole,7,1.0000001192092896,0.0,0.6533741919065901,0.6533741919065901,,,,1.0
7,water_dipole,8,1.0000001192092896,0.0,0.6533741919065901,0.6533741919065901,,,,1.0
7,water_dipole,9,1.0000001192092896,0.0,0.6533741919065901,0.6533741919065901,,,,1.0
7,water_dipole,10,1.0000001192092896,0.0,0.6533741919065901,0.6533741919065901,,,,1.0
7,water_dipole,11,1.0000001192092896,0.0,0.6533741919065901,0.6533741919065901,,,,1.0
7,water_dipole,12,1.0000001192092896,0.0,0.6533741919065901,0.6533741919065901,,,,1.0
7,water_dipole,13,1.0000001192092896,0.0,0.6533741919065901,0.6533741919065901,,,,1.0
7,water_dipole,14,1.0000001192092896,0.0,0.6533741919065901,0.6533741919065901,,,,1.0
7,water_dipole,15,1.0000001192092896,0.0,0.6533741919065901,0.6533741919065901,,,,1.0
7,water_dipole,16,1.0000001192092896,0.0,0.6533741919065901,0.6533741919065901,,,,1.0
7,water_dipole,17,1.0000001192092896,0.0,0.6533741919065901,0.6533741919065901,,,,1.0
7,water_dipole,18,1.0000001192092896,0.0,0.6533741919065901,0.6533741919065901,,,,1.0
7,water_dipole,19,1.0000001192092896,0.0,0.6533741919065901,0.6533741919065901,,,,1.0
7,water_dipole,20,1.0000001192092896,0.0,0.6533741919065901,0.6533741919065901,,,,1.0
7,water_dipole,21,1.0000001192092896,0.0,0.6533741919065901,0.6533741919065901,,,,1.0
7,water_dipole,22,1.0000001192092896,0.0,0.6533741919065901,0.6533741919065901,,,,1.0
7,water_dipole,23,1.0000001192092896,0.0,0.6533741919065901,0.6533741919065901,,,,1.0
7,water_dipole,24,1.0000001192092896,0.0,0.6533741919065901,0.6533741919065901,,,,1.0
7,water_dipole,25,1.0000001192092896,0.0,0.6533741919065901,0.6533741919065901,,,,1.0
7,water_dipole,26,1.0000001192092896,0.0,0.6533741919065901,0.6533741919065901,,,,1.0
7,water_dipole,27,1.0000001192092896,0.0,0.6533741919065901,0.6533741919065901,,,,1.0
7,water_dipole,28,1.0000001192092896,0.0,0.6533741919065901,0.6533741919065901,,,,1.0
7,water_dipole,29,1.0000001192092896,0.0,0.6533741919065901,0.6533741919065901,,,,1.0
7,water_dipole,30,1.0000001192092896,0.0,0.6533741919065901,0.6533741919065901,,,,1.0
7,water_dipole,31,1.0000001192092896,0.0,0.6533741919065901,0.6533741919065901,,,,1.0
7,water_dipole,32,1.0000001192092896,0.0,0.6533741919065901,0.6533741919065901,,,,1.0
7,water_dipole,33,1.0000001192092896,0.0,0.6533741919065901,0.6533741919065901,,,,1.0
7,water_dipole,34,1.0000001192092896,0.0,0.6533741919065901,0.6533741919065901,,,,1.0
7,water_dipole,35,1.0000001192092896,0.0,0.6533741919065901,0.6533741919065901,,,,1.0
7,water_dipole,36,1.0000001192092896,0.0,0.6533741919065901,0.6533741919065901,,,,1.0
7,water_dipole,37,1.0000001192092896,0.0,0.6533741919065901,0.6533741919065901,,,,1.0
7,water_dipole,38,1.0000001192092896,0.0,0.6533741919065901,0.6533741919065901,,,,1.0
7,water_dipole,39,1.0000001192092896,0.0,0.6533741919065901,0.6533741919065901,,,,1.0
7,water_dipole,40,1.0000001192092896,0.0,0.6533741919065901,0.6533741919065901,,,,1.0
7,water_dipole,41,1.0000001192092896,0.0,0.6533741919065901,0.6533741919065901,,,,1.0
7,water_dipole,42,1.0000001192092896,0.0,0.6533741919065901,0.6533741919065901,,,,1.0
7,water_dipole,43,1.0000001192092896,0.0,0.6533741919065901,0.6533741919065901,,,,1.0
7,water_dipole,44,1.0000001192092896,0.0,0.6533741919065901,0.6533741919065901,,,,1.0
7,water_dipole,45,1.0000001192092896,0.0,0.6533741919065901,0.6533741919065901,,,,1.0
7,water_dipole,46,1.0000001192092896,0.0,0.6533741919065901,0.6533741919065901,,,,1.0
7,water_dipole,47,1.0000001192092896,0.0,0.6533741919065901,0.6533741919065901,,,,1.0
7,water_dipole,48,1.0000001192092896,0.0,0.6533741919065901,0.6533741919065901,,,,1.0
7,water_dipole,49,1.0000001192092896,0.0,0.6533741919065901,0.6533741919065901,,,,1.0
7,water_dipole,50,1.0000001192092896,0.0,0.6533741919065901,0.6533741919065901,,,,1.0
7,water_dipole,51,1.0000001192092896,0.0,0.6533741919065901,0.6533741919065901,,,,1.0
7,water_dipole,52,1.0000001192092896,0.0,0.6533741919065901,0.6533741919065901,,,,1.0
7,water_dipole,53,1.0000001192092896,0.0,0.6533741919065901,0.6533741919065901,,,,1.0
7,water_dipole,54,1.0000001192092896,0.0,0.6533741919065901,0.6533741919065901,,,,1.0
7,water_dipole,55,1.0000001192092896,0.0,0.6533741919065901,0.6533741919065901,,,,1.0
7,water_dipole,56,1.0000001192092896,0.0,0.6533741919065901,0.6533741919065901,,,,1.0
7,water_dipole,57,1.0000001192092896,0.0,0.6533741919065901,0.6533741919065901,,,,1.0
7,water_dipole,58,1.0000001192092896,0.0,0.6533741919065901,0.6533741919065901,,,,1.0
7,water_dipole,59,1.0000001192092896,0.0,0.6533741919065901,0.6533741919065901,,,,1.0
7,water_dipole,60,1.0000001192092896,0.0,0.6533741919065901,0.6533741919065901,,,,1.0
7,water_dipole,61,1.0000001192092896,0.0,0.6533741919065901,0.6533741919065901,,,,1.0
7,water_dipole,62,1.0000001192092896,0.0,0.6533741919065901,0.6533741919065901,,,,1.0
7,water_dipole,63,1.0000001192092896,0.0,0.6533741919065901,0.6533741919065901,,,,1.0
7,water_dipole,64,1.0000001192092896,0.0,0.6533741919065901,0.6533741919065901,,,,1.0
7,water_dipole,65,1.0000001192092896,0.0,0.6533741919065901,0.6533741919065901,,,,1.0
7,water_dipole,66,1.0000001192092896,0.0,0.6533741919065901,0.6533741919065901,,,,1.0
7,water_dipole,67,1.0000001192092896,0.0,0.6533741919065901,0.6533741919065901,,,,1.0
7,water_dipole,68,1.0000001192092896,0.0,0.6533741919065901,0.6533741919065901,,,,1.0
7,water_dipole,69,1.0000001192092896,0.0,0.6533741919065901,0.6533741919065901,,,,1.0
7,water_dipole,70,1.0000001192092896,0.0,0.6533741919065901,0.6533741919065901,,,,1.0
7,water_dipole,71,1.0000001192092896,0.0,0.6533741919065901,0.6533741919065901,,,,1.0
7,water_dipole,72,1.0000001192092896,0.0,0.6533741919065901,0.6533741919065901,,,,1.0
7,water_dipole,73,1.0000001192092896,0.0,0.6533741919065901,0.6533741919065901,,,,1.0
7,water_dipole,74,1.0000001192092896,0.0,0.6533741919065901,0.6533741919065901,,,,1.0
7,water_dipole,75,1.0000001192092896,0.0,0.6533741919065901,0.6533741919065901,,,,1.0
7,water_dipole,76,1.0000001192092896,0.0,0.6533741919065901,0.6533741919065901,,,,1.0
7,water_dipole,77,1.0000001192092896,0.0,0.6533741919065901,0.6533741919065901,,,,1.0
7,water_dipole,78,1.0000001192092896,0.0,0.6533741919065901,0.6533741919065901,,,,1.0
7,water_dipole,79,1.0000001192092896,0.0,0.6533741919065901,0.6533741919065901,,,,1.0
7,water_dipole,80,1.0000001192092896,0.0,0.6533741919065901,0.6533741919065901,,,,1.0
7,water_dipole,81,1.0000001192092896,0.0,0.6533741919065901,0.6533741919065901,,,,1.0
7,water_dipole,82,1.0000001192092896,0.0,0.6533741919065901,0.6533741919065901,,,,1.0
7,water_dipole,83,1.0000001192092896,0.0,0.6533741919065901,0.6533741919065901,,,,1.0
7,water_dipole,84,1.0000001192092896,0.0,0.6533741919065901,0.6533741919065901,,,,1.0
7,water_dipole,85,1.0000001192092896,0.0,0.6533741919065901,0.6533741919065901,,,,1.0
7,water_dipole,86,1.0000001192092896,0.0,0.6533741919065901,0.6533741919065901,,,,1.0
7,water_dipole,87,1.0000001192092896,0.0,0.6533741919065901,0.6533741919065901,,,,1.0
7,water_dipole,88,1.0000001192092896,0.0,0.6533741919065901,0.6533741919065901,,,,1.0
7,water_dipole,89,1.0000001192092896,0.0,0.6533741919065901,0.6533741919065901,,,,1.0
7,water_dipole,90,1.0000001192092896,0.0,0.6533741919065901,0.6533741919065901,,,,1.0
7,water_dipole,91,1.0000001192092896,0.0,0.6533741919065901,0.6533741919065901,,,,1.0
7,water_dipole,92,1.0000001192092896,0.0,0.6533741919065901,0.6533741919065901,,,,1.0
7,water_dipole,93,1.0000001192092896,0.0,0.6533741919065901,0.6533741919065901,,,,1.0
7,water_dipole,94,1.0000001192092896,0.0,0.6533741919065901,0.6533741919065901,,,,1.0
7,water_dipole,95,1.0000001192092896,0.0,0.6533741919065901,0.6533741919065901,,,,1.0
7,water_dipole,96,1.0000001192092896,0.0,0.6533741919065901,0.6533741919065901,,,,1.0
7,water_dipole,97,1.0000001192092896,0.0,0.6533741919065901,0.6533741919065901,,,,1.0
7,water_dipole,98,1.0000001192092896,0.0,0.6533741919065901,0.6533741919065901,,,,1.0
7,water_dipole,99,1.0000001192092896,0.0,0.6533741919065901,0.6533741919065901,,,,1.0
7,water_dipole,100,1.0000001192092896,0.0,0.6533741919065901,0.6533741919065901,,,,1.0
7,water_dipole,101,1.0000001192092896,0.0,0.6533741919065901,0.6533741919065901,,,,1.0
7,water_dipole,102,1.0000001192092896,0.0,0.6533741919065901,0.6533741919065901,,,,1.0
7,water_dipole,103,1.0000001192092896,0.0,0.6533741919065901,0.6533741919065901,,,,1.0
7,water_dipole,104,1.0000001192092896,0.0,0.6533741919065901,0.6533741919065901,,,,1.0
7,water_dipole,105,1.0000001192092896,0.0,0.6533741919065901,0.6533741919065901,,,,1.0
7,water_dipole,106,1.0000001192092896,0.0,0.6533741919065901,0.6533741919065901,,,,1.0
7,water_dipole,107,1.0000001192092896,0.0,0.6533741919065901,0.6533741919065901,,,,1.0
7,water_dipole,108,1.0000001192092896,0.0,0.6533741919065901,0.6533741919065901,,,,1.0
7,water_dipole,109,1.0000001192092896,0.0,0.6533741919065901,0.6533741919065901,,,,1.0
7,water_dipole,110,1.0000001192092896,0.0,0.6533741919065901,0.6533741919065901,,,,1.0
7,water_dipole,111,1.0000001192092896,0.0,0.6533741919065901,0.6533741919065901,,,,1.0
7,water_dipole,112,1.0000001192092896,0.0,0.6533741919065901,0.6533741919065901,,,,1.0
7,water_dipole,113,1.0000001192092896,0.0,0.6533741919065901,0.6533741919065901,,,,1.0
7,water_dipole,114,1.0000001192092896,0.0,0.6533741919065901,0.6533741919065901,,,,1.0
7,water_dipole,115,1.0000001192092896,0.0,0.6533741919065901,0.6533741919065901,,,,1.0
7,water_dipole,116,1.0000001192092896,0.0,0.6533741919065901,0.6533741919065901,,,,1.0
7,water_dipole,117,1.0000001192092896,0.0,0.6533741919065901,0.6533741919065901,,,,1.0
7,water_dipole,118,1.0000001192092896,0.0,0.6533741919065901,0.6533741919065901,,,,1.0
7,water_dipole,119,1.0000001192092896,0.0,0.6533741919065901,0.6533741919065901,,,,1.0
7,water_dipole,120,1.0000001192092896,0.0,0.6533741919065901,0.6533741919065901,,,,1.0
7,water_dipole,121,1.0000001192092896,0.0,0.6533741919065901,0.6533741919065901,,,,1.0
7,water_dipole,122,1.0000001192092896,0.0,0.6533741919065901,0.6533741919065901,,,,1.0
7,water_dipole,123,1.0000001192092896,0.0,0.6533741919065901,0.6533741919065901,,,,1.0
7,water_dipole,124,1.0000001192092896,0.0,0.6533741919065901,0.6533741919065901,,,,1.0
7,water_dipole,125,1.0000001192092896,0.0,0.6533741919065901,0.6533741919065901,,,,1.0
7,water_dipole,126,1.0000001192092896,0.0,0.6533741919065901,0.6533741919065901,,,,1.0
7,water_dipole,127,1.0000001192092896,0.0,0.6533741919065901,0.6533741919065901,,,,1.0
7,water_dipole,128,1.0000001192092896,0.0,0.6533741919065901,0.6533741919065901,,,,1.0
7,water_dipole,129,1.0000001192092896,0.0,0.6533741919065901,0.6533741919065901,,,,1.0
7,water_dipole,130,1.0000001192092896,0.0,0.6533741919065901,0.6533741919065901,,,,1.0
7,water_dipole,131,1.0000001192092896,0.0,0.6533741919065901,0.6533741919065901,,,,1.0
7,water_dipole,132,1.0000001192092896,0.0,0.6533741919065901,0.6533741919065901,,,,1.0
7,water_dipole,133,1.0000001192092896,0.0,0.6533741919065901,0.6533741919065901,,,,1.0
7,water_dipole,134,1.0000001192092896,0.0,0.6533741919065901,0.6533741919065901,,,,1.0
7,water_dipole,135,1.0000001192092896,0.0,0.6533741919065901,0.6533741919065901,,,,1.0
7,water_dipole,136,1.0000001192092896,0.0,0.6533741919065901,0.6533741919065901,,,,1.0
7,water_dipole,137,1.0000001192092896,0.0,0.6533741919065901,0.6533741919065901,,,,1.0
7,water_dipole,138,1.0000001192092896,0.0,0.6533741919065901,0.6533741919065901,,,,1.0
7,water_dipole,139,1.0000001192092896,0.0,0.6533741919065901,0.6533741919065901,,,,1.0
7,water_dipole,140,1.0000001192092896,0.0,0.6533741919065901,0.6533741919065901,,,,1.0
7,water_dipole,141,1.0000001192092896,0.0,0.6533741919065901,0.6533741919065901,,,,1.0
7,water_dipole,142,1.0000001192092896,0.0,0.6533741919065901,0.6533741919065901,,,,1.0
7,water_dipole,143,1.0000001192092896,0.0,0.6533741919065901,0.6533741919065901,,,,1.0
7,water_dipole,144,1.0000001192092896,0.0,0.6533741919065901,0.6533741919065901,,,,1.0
7,water_dipole,145,1.0000001192092896,0.0,0.6533741919065901,0.6533741919065901,,,,1.0
7,water_dipole,146,1.0000001192092896,0.0,0.6533741919065901,0.6533741919065901,,,,1.0
7,water_dipole,147,1.0000001192092896,0.0,0.6533741919065901,0.6533741919065901,,,,1.0
7,water_dipole,148,1.0000001192092896,0.0,0.6533741919065901,0.6533741919065901,,,,1.0
7,water_dipole,149,1.0000001192092896,0.0,0.6533741919065901,0.6533741919065901,,,,1.0
7,water_dipole,150,1.0000001192092896,0.0,0.6533741919065901,0.6533741919065901,,,,1.0
7,water_dipole,151,1.0000001192092896,0.0,0.6533741919065901,0.6533741919065901,,,,1.0
7,water_dipole,152,1.0000001192092896,0.0,0.6533741919065901,0.6533741919065901,,,,1.0
7,water_dipole,153,1.0000001192092896,0.0,0.6533741919065901,0.6533741919065901,,,,1.0
7,water_dipole,154,1.0000001192092896,0.0,0.6533741919065901,0.6533741919065901,,,,1.0
7,water_dipole,155,1.0000001192092896,0.0,0.6533741919065901,0.6533741919065901,,,,1.0
7,water_dipole,156,1.0000001192092896,0.0,0.6533741919065901,0.6533741919065901,,,,1.0
7,water_dipole,157,1.0000001192092896,0.0,0.6533741919065901,0.6533741919065901,,,,1.0
7,water_dipole,158,1.0000001192092896,0.0,0.6533741919065901,0.6533741919065901,,,,1.0
7,water_dipole,159,1.0000001192092896,0.0,0.6533741919065901,0.6533741919065901,,,,1.0
7,water_dipole,160,1.0000001192092896,0.0,0.6533741919065901,0.6533741919065901,,,,1.0
7,water_dipole,161,1.0000001192092896,0.0,0.6533741919065901,0.6533741919065901,,,,1.0
7,water_dipole,162,1.0000001192092896,0.0,0.6533741919065901,0.6533741919065901,,,,1.0
7,water_dipole,163,1.0000001192092896,0.0,0.6533741919065901,0.6533741919065901,,,,1.0
7,water_dipole,164,1.0000001192092896,0.0,0.6533741919065901,0.6533741919065901,,,,1.0
7,water_dipole,165,1.0000001192092896,0.0,0.6533741919065901,0.6533741919065901,,,,1.0
7,water_dipole,166,1.0000001192092896,0.0,0.6533741919065901,0.6533741919065901,,,,1.0
7,water_dipole,167,1.0000001192092896,0.0,0.6533741919065901,0.6533741919065901,,,,1.0
7,water_dipole,168,1.0000001192092896,0.0,0.6533741919065901,0.6533741919065901,,,,1.0
7,water_dipole,169,1.0000001192092896,0.0,0.6533741919065901,0.6533741919065901,,,,1.0
7,water_dipole,170,1.0000001192092896,0.0,0.6533741919065901,0.6533741919065901,,,,1.0
7,water_dipole,171,1.0000001192092896,0.0,0.6533741919065901,0.6533741919065901,,,,1.0
7,water_dipole,172,1.0000001192092896,0.0,0.6533741919065901,0.6533741919065901,,,,1.0
7,water_dipole,173,1.0000001192092896,0.0,0.6533741919065901,0.6533741919065901,,,,1.0
7,water_dipole,174,1.0000001192092896,0.0,0.6533741919065901,0.6533741919065901,,,,1.0
7,water_dipole,175,1.0000001192092896,0.0,0.6533741919065901,0.6533741919065901,,,,1.0
7,water_dipole,176,1.0000001192092896,0.0,0.6533741919065901,0.6533741919065901,,,,1.0
7,water_dipole,177,1.0000001192092896,0.0,0.6533741919065901,0.6533741919065901,,,,1.0
7,water_dipole,178,1.0000001192092896,0.0,0.6533741919065901,0.6533741919065901,,,,1.0
7,water_dipole,179,1.0000001192092896,0.0,0.6533741919065901,0.6533741919065901,,,,1.0
7,water_dipole,180,1.0000001192092896,0.0,0.6533741919065901,0.6533741919065901,,,,1.0
7,water_dipole,181,1.0000001192092896,0.0,0.6533741919065901,0.6533741919065901,,,,1.0
7,water_dipole,182,1.0000001192092896,0.0,0.6533741919065901,0.6533741919065901,,,,1.0
7,water_dipole,183,1.0000001192092896,0.0,0.6533741919065901,0.6533741919065901,,,,1.0
7,water_dipole,184,1.0000001192092896,0.0,0.6533741919065901,0.6533741919065901,,,,1.0
7,water_dipole,185,1.0000001192092896,0.0,0.6533741919065901,0.6533741919065901,,,,1.0
7,water_dipole,186,1.0000001192092896,0.0,0.6533741919065901,0.6533741919065901,,,,1.0
7,water_dipole,187,1.0000001192092896,0.0,0.6533741919065901,0.6533741919065901,,,,1.0
7,water_dipole,188,1.0000001192092896,0.0,0.6533741919065901,0.6533741919065901,,,,1.0
7,water_dipole,189,1.0000001192092896,0.0,0.6533741919065901,0.6533741919065901,,,,1.0
7,water_dipole,190,1.0000001192092896,0.0,0.6533741919065901,0.6533741919065901,,,,1.0
7,water_dipole,191,1.0000001192092896,0.0,0.6533741919065901,0.6533741919065901,,,,1.0
7,water_dipole,192,1.0000001192092896,0.0,0.6533741919065901,0.6533741919065901,,,,1.0
7,water_dipole,193,1.0000001192092896,0.0,0.6533741919065901,0.6533741919065901,,,,1.0
7,water_dipole,194,1.0000001192092896,0.0,0.6533741919065901,0.6533741919065901,,,,1.0
7,water_dipole,195,1.0000001192092896,0.0,0.6533741919065901,0.6533741919065901,,,,1.0
7,water_dipole,196,1.0000001192092896,0.0,0.6533741919065901,0.6533741919065901,,,,1.0
7,water_dipole,197,1.0000001192092896,0.0,0.6533741919065901,0.6533741919065901,,,,1.0
7,water_dipole,198,1.0000001192092896,0.0,0.6533741919065901,0.6533741919065901,,,,1.0
7,water_dipole,199,1.0000001192092896,0.0,0.6533741919065901,0.6533741919065901,,,,1.0
7,water_dipole,200,1.0000001192092896,0.0,0.6533741919065901,0.6533741919065901,,,,1.0
7,water_dipole,201,1.0000001192092896,0.0,0.6533741919065901,0.6533741919065901,,,,1.0
7,water_dipole,202,1.0000001192092896,0.0,0.6533741919065901,0.6533741919065901,,,,1.0
7,water_dipole,203,1.0000001192092896,0.0,0.6533741919065901,0.6533741919065901,,,,1.0
7,water_dipole,204,1.0000001192092896,0.0,0.6533741919065901,0.6533741919065901,,,,1.0
7,water_dipole,205,1.0000001192092896,0.0,0.6533741919065901,0.6533741919065901,,,,1.0
7,water_dipole,206,1.0000001192092896,0.0,0.6533741919065901,0.6533741919065901,,,,1.0
7,water_dipole,207,1.0000001192092896,0.0,0.6533741919065901,0.6533741919065901,,,,1.0
7,water_dipole,208,1.0000001192092896,0.0,0.6533741919065901,0.6533741919065901,,,,1.0
7,water_dipole,209,1.0000001192092896,0.0,0.6533741919065901,0.6533741919065901,,,,1.0
7,water_dipole,210,1.0000001192092896,0.0,0.6533741919065901,0.6533741919065901,,,,1.0
7,water_dipole,211,1.0000001192092896,0.0,0.6533741919065901,0.6533741919065901,,,,1.0
7,water_dipole,212,1.0000001192092896,0.0,0.6533741919065901,0.6533741919065901,,,,1.0
7,water_dipole,213,1.0000001192092896,0.0,0.6533741919065901,0.6533741919065901,,,,1.0
7,water_dipole,214,1.0000001192092896,0.0,0.6533741919065901,0.6533741919065901,,,,1.0
7,water_dipole,215,1.0000001192092896,0.0,0.6533741919065901,0.6533741919065901,,,,1.0
7,water_dipole,216,1.0000001192092896,0.0,0.6533741919065901,0.6533741919065901,,,,1.0
7,water_dipole,217,1.0000001192092896,0.0,0.6533741919065901,0.6533741919065901,,,,1.0
7,water_dipole,218,1.0000001192092896,0.0,0.6533741919065901,0.6533741919065901,,,,1.0
7,water_dipole,219,1.0000001192092896,0.0,0.6533741919065901,0.6533741919065901,,,,1.0
7,water_dipole,220,1.0000001192092896,0.0,0.6533741919065901,0.6533741919065901,,,,1.0
7,water_dipole,221,1.0000001192092896,0.0,0.6533741919065901,0.6533741919065901,,,,1.0
7,water_dipole,222,1.0000001192092896,0.0,0.6533741919065901,0.6533741919065901,,,,1.0
7,water_dipole,223,1.0000001192092896,0.0,0.6533741919065901,0.6533741919065901,,,,1.0
7,water_dipole,224,1.0000001192092896,0.0,0.6533741919065901,0.6533741919065901,,,,1.0
7,water_dipole,225,1.0000001192092896,0.0,0.6533741919065901,0.6533741919065901,,,,1.0
7,water_dipole,226,1.0000001192092896,0.0,0.6533741919065901,0.6533741919065901,,,,1.0
7,water_dipole,227,1.0000001192092896,0.0,0.6533741919065901,0.6533741919065901,,,,1.0
7,water_dipole,228,1.0000001192092896,0.0,0.6533741919065901,0.6533741919065901,,,,1.0
7,water_dipole,229,1.0000001192092896,0.0,0.6533741919065901,0.6533741919065901,,,,1.0
7,water_dipole,230,1.0000001192092896,0.0,0.6533741919065901,0.6533741919065901,,,,1.0
7,water_dipole,231,1.0000001192092896,0.0,0.6533741919065901,0.6533741919065901,,,,1.0
7,water_dipole,232,1.0000001192092896,0.0,0.6533741919065901,0.6533741919065901,,,,1.0
7,water_dipole,233,1.0000001192092896,0.0,0.6533741919065901,0.6533741919065901,,,,1.0
7,water_dipole,234,1.0000001192092896,0.0,0.6533741919065901,0.6533741919065901,,,,1.0
7,water_dipole,235,1.0000001192092896,0.0,0.6533741919065901,0.6533741919065901,,,,1.0
7,water_dipole,236,1.0000001192092896,0.0,0.6533741919065901,0.6533741919065901,,,,1.0
7,water_dipole,237,1.0000001192092896,0.0,0.6533741919065901,0.6533741919065901,,,,1.0
7,water_dipole,238,1.0000001192092896,0.0,0.6533741919065901,0.6533741919065901,,,,1.0
7,water_dipole,239,1.0000001192092896,0.0,0.6533741919065901,0.6533741919065901,,,,1.0
7,water_dipole,240,1.0000001192092896,0.0,0.6533741919065901,0.6533741919065901,,,,1.0
7,water_dipole,241,1.0000001192092896,0.0,0.6533741919065901,0.6533741919065901,,,,1.0
7,water_dipole,242,1.0000001192092896,0.0,0.6533741919065901,0.6533741919065901,,,,1.0
7,water_dipole,243,1.0000001192092896,0.0,0.6533741919065901,0.6533741919065901,,,,1.0
7,water_dipole,244,1.0000001192092896,0.0,0.6533741919065901,0.6533741919065901,,,,1.0
7,water_dipole,245,1.0000001192092896,0.0,0.6533741919065901,0.6533741919065901,,,,1.0
7,water_dipole,246,1.0000001192092896,0.0,0.6533741919065901,0.6533741919065901,,,,1.0
7,water_dipole,247,1.0000001192092896,0.0,0.6533741919065901,0.6533741919065901,,,,1.0
7,water_dipole,248,1.0000001192092896,0.0,0.6533741919065901,0.6533741919065901,,,,1.0
7,water_dipole,249,1.0000001192092896,0.0,0.6533741919065901,0.6533741919065901,,,,1.0
7,acetone_gsolv_eV,0,1.0,0.0,0.6135985954105994,0.6135985954105994,,,,1.0
7,acetone_gsolv_eV,1,1.0,0.0,0.6135985954105994,0.6135985954105994,,,,1.0
7,acetone_gsolv_eV,2,1.0,0.0,0.6135985954105994,0.6135985954105994,,,,1.0
7,acetone_gsolv_eV,3,1.0,0.0,0.6135985954105994,0.6135985954105994,,,,1.0
7,acetone_gsolv_eV,4,1.0,0.0,0.6135985954105994,0.6135985954105994,,,,1.0
7,acetone_gsolv_eV,5,1.0,0.0,0.6135985954105994,0.6135985954105994,,,,1.0
7,acetone_gsolv_eV,6,1.0,0.0,0.6135985954105994,0.6135985954105994,,,,1.0
7,acetone_gsolv_eV,7,1.0,0.0,0.6135985954105994,0.6135985954105994,,,,1.0
7,acetone_gsolv_eV,8,1.0,0.0,0.6135985954105994,0.6135985954105994,,,,1.0
7,acetone_gsolv_eV,9,1.0,0.0,0.6135985954105994,0.6135985954105994,,,,1.0
7,acetone_gsolv_eV,10,1.0,0.0,0.6135985954105994,0.6135985954105994,,,,1.0
7,acetone_gsolv_eV,11,1.0,0.0,0.6135985954105994,0.6135985954105994,,,,1.0
7,acetone_gsolv_eV,12,1.0,0.0,0.6135985954105994,0.6135985954105994,,,,1.0
7,acetone_gsolv_eV,13,1.0,0.0,0.6135985954105994,0.6135985954105994,,,,1.0
7,acetone_gsolv_eV,14,1.0,0.0,0.6135985954105994,0.6135985954105994,,,,1.0
7,acetone_gsolv_eV,15,1.0,0.0,0.6135985954105994,0.6135985954105994,,,,1.0
7,acetone_gsolv_eV,16,1.0,0.0,0.6135985954105994,0.6135985954105994,,,,1.0
7,acetone_gsolv_eV,17,1.0,0.0,0.6135985954105994,0.6135985954105994,,,,1.0
7,acetone_gsolv_eV,18,1.0,0.0,0.6135985954105994,0.6135985954105994,,,,1.0
7,acetone_gsolv_eV,19,1.0,0.0,0.6135985954105994,0.6135985954105994,,,,1.0
7,acetone_gsolv_eV,20,1.0,0.0,0.6135985954105994,0.6135985954105994,,,,1.0
7,acetone_gsolv_eV,21,1.0,0.0,0.6135985954105994,0.6135985954105994,,,,1.0
7,acetone_gsolv_eV,22,1.0,0.0,0.6135985954105994,0.6135985954105994,,,,1.0
7,acetone_gsolv_eV,23,1.0,0.0,0.6135985954105994,0.6135985954105994,,,,1.0
7,acetone_gsolv_eV,24,1.0,0.0,0.6135985954105994,0.6135985954105994,,,,1.0
7,acetone_gsolv_eV,25,1.0,0.0,0.6135985954105994,0.6135985954105994,,,,1.0
7,acetone_gsolv_eV,26,1.0,0.0,0.6135985954105994,0.6135985954105994,,,,1.0
7,acetone_gsolv_eV,27,1.0,0.0,0.6135985954105994,0.6135985954105994,,,,1.0
7,acetone_gsolv_eV,28,1.0,0.0,0.6135985954105994,0.6135985954105994,,,,1.0
7,acetone_gsolv_eV,29,1.0,0.0,0.6135985954105994,0.6135985954105994,,,,1.0
7,acetone_gsolv_eV,30,1.0,0.0,0.6135985954105994,0.6135985954105994,,,,1.0
7,acetone_gsolv_eV,31,1.0,0.0,0.6135985954105994,0.6135985954105994,,,,1.0
7,acetone_gsolv_eV,32,1.0,0.0,0.6135985954105994,0.6135985954105994,,,,1.0
7,acetone_gsolv_eV,33,1.0,0.0,0.6135985954105994,0.6135985954105994,,,,1.0
7,acetone_gsolv_eV,34,1.0,0.0,0.6135985954105994,0.6135985954105994,,,,1.0
7,acetone_gsolv_eV,35,1.0,0.0,0.6135985954105994,0.6135985954105994,,,,1.0
7,acetone_gsolv_eV,36,1.0,0.0,0.6135985954105994,0.6135985954105994,,,,1.0
7,acetone_gsolv_eV,37,1.0,0.0,0.6135985954105994,0.6135985954105994,,,,1.0
7,acetone_gsolv_eV,38,1.0,0.0,0.6135985954105994,0.6135985954105994,,,,1.0
7,acetone_gsolv_eV,39,1.0,0.0,0.6135985954105994,0.6135985954105994,,,,1.0
7,acetone_gsolv_eV,40,1.0,0.0,0.6135985954105994,0.6135985954105994,,,,1.0
7,acetone_gsolv_eV,41,1.0,0.0,0.6135985954105994,0.6135985954105994,,,,1.0
7,acetone_gsolv_eV,42,1.0,0.0,0.6135985954105994,0.6135985954105994,,,,1.0
7,acetone_gsolv_eV,43,1.0,0.0,0.6135985954105994,0.6135985954105994,,,,1.0
7,acetone_gsolv_eV,44,1.0,0.0,0.6135985954105994,0.6135985954105994,,,,1.0
7,acetone_gsolv_eV,45,1.0,0.0,0.6135985954105994,0.6135985954105994,,,,1.0
7,acetone_gsolv_eV,46,1.0,0.0,0.6135985954105994,0.6135985954105994,,,,1.0
7,acetone_gsolv_eV,47,1.0,0.0,0.6135985954105994,0.6135985954105994,,,,1.0
7,acetone_gsolv_eV,48,1.0,0.0,0.6135985954105994,0.6135985954105994,,,,1.0
7,acetone_gsolv_eV,49,1.0,0.0,0.6135985954105994,0.6135985954105994,,,,1.0
7,acetone_gsolv_eV,50,1.0,0.0,0.6135985954105994,0.6135985954105994,,,,1.0
7,acetone_gsolv_eV,51,1.0,0.0,0.6135985954105994,0.6135985954105994,,,,1.0
7,acetone_gsolv_eV,52,1.0,0.0,0.6135985954105994,0.6135985954105994,,,,1.0
7,acetone_gsolv_eV,53,1.0,0.0,0.6135985954105994,0.6135985954105994,,,,1.0
7,acetone_gsolv_eV,54,1.0,0.0,0.6135985954105994,0.6135985954105994,,,,1.0
7,acetone_gsolv_eV,55,1.0,0.0,0.6135985954105994,0.6135985954105994,,,,1.0
7,acetone_gsolv_eV,56,1.0,0.0,0.6135985954105994,0.6135985954105994,,,,1.0
7,acetone_gsolv_eV,57,1.0,0.0,0.6135985954105994,0.6135985954105994,,,,1.0
7,acetone_gsolv_eV,58,1.0,0.0,0.6135985954105994,0.6135985954105994,,,,1.0
7,acetone_gsolv_eV,59,1.0,0.0,0.6135985954105994,0.6135985954105994,,,,1.0
7,acetone_gsolv_eV,60,1.0,0.0,0.6135985954105994,0.6135985954105994,,,,1.0
7,acetone_gsolv_eV,61,1.0,0.0,0.6135985954105994,0.6135985954105994,,,,1.0
7,acetone_gsolv_eV,62,1.0,0.0,0.6135985954105994,0.6135985954105994,,,,1.0
7,acetone_gsolv_eV,63,1.0,0.0,0.6135985954105994,0.6135985954105994,,,,1.0
7,acetone_gsolv_eV,64,1.0,0.0,0.6135985954105994,0.6135985954105994,,,,1.0
7,acetone_gsolv_eV,65,1.0,0.0,0.6135985954105994,0.6135985954105994,,,,1.0
7,acetone_gsolv_eV,66,1.0,0.0,0.6135985954105994,0.6135985954105994,,,,1.0
7,acetone_gsolv_eV,67,1.0,0.0,0.6135985954105994,0.6135985954105994,,,,1.0
7,acetone_gsolv_eV,68,1.0,0.0,0.6135985954105994,0.6135985954105994,,,,1.0
7,acetone_gsolv_eV,69,1.0,0.0,0.6135985954105994,0.6135985954105994,,,,1.0
7,acetone_gsolv_eV,70,1.0,0.0,0.6135985954105994,0.6135985954105994,,,,1.0
7,acetone_gsolv_eV,71,1.0,0.0,0.6135985954105994,0.6135985954105994,,,,1.0
7,acetone_gsolv_eV,72,1.0,0.0,0.6135985954105994,0.6135985954105994,,,,1.0
7,acetone_gsolv_eV,73,1.0,0.0,0.6135985954105994,0.6135985954105994,,,,1.0
7,acetone_gsolv_eV,74,1.0,0.0,0.6135985954105994,0.6135985954105994,,,,1.0
7,acetone_gsolv_eV,75,1.0,0.0,0.6135985954105994,0.6135985954105994,,,,1.0
7,acetone_gsolv_eV,76,1.0,0.0,0.6135985954105994,0.6135985954105994,,,,1.0
7,acetone_gsolv_eV,77,1.0,0.0,0.6135985954105994,0.6135985954105994,,,,1.0
7,acetone_gsolv_eV,78,1.0,0.0,0.6135985954105994,0.6135985954105994,,,,1.0
7,acetone_gsolv_eV,79,1.0,0.0,0.6135985954105994,0.6135985954105994,,,,1.0
7,acetone_gsolv_eV,80,1.0,0.0,0.6135985954105994,0.6135985954105994,,,,1.0
7,acetone_gsolv_eV,81,1.0,0.0,0.6135985954105994,0.6135985954105994,,,,1.0
7,acetone_gsolv_eV,82,1.0,0.0,0.6135985954105994,0.6135985954105994,,,,1.0
7,acetone_gsolv_eV,83,1.0,0.0,0.6135985954105994,0.6135985954105994,,,,1.0
7,acetone_gsolv_eV,84,1.0,0.0,0.6135985954105994,0.6135985954105994,,,,1.0
7,acetone_gsolv_eV,85,1.0,0.0,0.6135985954105994,0.6135985954105994,,,,1.0
7,acetone_gsolv_eV,86,1.0,0.0,0.6135985954105994,0.6135985954105994,,,,1.0
7,acetone_gsolv_eV,87,1.0,0.0,0.6135985954105994,0.6135985954105994,,,,1.0
7,acetone_gsolv_eV,88,1.0,0.0,0.6135985954105994,0.6135985954105994,,,,1.0
7,acetone_gsolv_eV,89,1.0,0.0,0.6135985954105994,0.6135985954105994,,,,1.0
7,acetone_gsolv_eV,90,1.0,0.0,0.6135985954105994,0.6135985954105994,,,,1.0
7,acetone_gsolv_eV,91,1.0,0.0,0.6135985954105994,0.6135985954105994,,,,1.0
7,acetone_gsolv_eV,92,1.0,0.0,0.6135985954105994,0.6135985954105994,,,,1.0
7,acetone_gsolv_eV,93,1.0,0.0,0.6135985954105994,0.6135985954105994,,,,1.0
7,acetone_gsolv_eV,94,1.0,0.0,0.6135985954105994,0.6135985954105994,,,,1.0
7,acetone_gsolv_eV,95,1.0,0.0,0.6135985954105994,0.6135985954105994,,,,1.0
7,acetone_gsolv_eV,96,1.0,0.0,0.6135985954105994,0.6135985954105994,,,,1.0
7,acetone_gsolv_eV,97,1.0,0.0,0.6135985954105994,0.6135985954105994,,,,1.0
7,acetone_gsolv_eV,98,1.0,0.0,0.6135985954105994,0.6135985954105994,,,,1.0
7,acetone_gsolv_eV,99,1.0,0.0,0.6135985954105994,0.6135985954105994,,,,1.0
7,acetone_gsolv_eV,100,1.0,0.0,0.6135985954105994,0.6135985954105994,,,,1.0
7,acetone_gsolv_eV,101,1.0,0.0,0.6135985954105994,0.6135985954105994,,,,1.0
7,acetone_gsolv_eV,102,1.0,0.0,0.6135985954105994,0.6135985954105994,,,,1.0
7,acetone_gsolv_eV,103,1.0,0.0,0.6135985954105994,0.6135985954105994,,,,1.0
7,acetone_gsolv_eV,104,1.0,0.0,0.6135985954105994,0.6135985954105994,,,,1.0
7,acetone_gsolv_eV,105,1.0,0.0,0.6135985954105994,0.6135985954105994,,,,1.0
7,acetone_gsolv_eV,106,1.0,0.0,0.6135985954105994,0.6135985954105994,,,,1.0
7,acetone_gsolv_eV,107,1.0,0.0,0.6135985954105994,0.6135985954105994,,,,1.0
7,acetone_gsolv_eV,108,1.0,0.0,0.6135985954105994,0.6135985954105994,,,,1.0
7,acetone_gsolv_eV,109,1.0,0.0,0.6135985954105994,0.6135985954105994,,,,1.0
7,acetone_gsolv_eV,110,1.0,0.0,0.6135985954105994,0.6135985954105994,,,,1.0
7,acetone_gsolv_eV,111,1.0,0.0,0.6135985954105994,0.6135985954105994,,,,1.0
7,acetone_gsolv_eV,112,1.0,0.0,0.6135985954105994,0.6135985954105994,,,,1.0
7,acetone_gsolv_eV,113,1.0,0.0,0.6135985954105994,0.6135985954105994,,,,1.0
7,acetone_gsolv_eV,114,1.0,0.0,0.6135985954105994,0.6135985954105994,,,,1.0
7,acetone_gsolv_eV,115,1.0,0.0,0.6135985954105994,0.6135985954105994,,,,1.0
7,acetone_gsolv_eV,116,1.0,0.0,0.6135985954105994,0.6135985954105994,,,,1.0
7,acetone_gsolv_eV,117,1.0,0.0,0.6135985954105994,0.6135985954105994,,,,1.0
7,acetone_gsolv_eV,118,1.0,0.0,0.6135985954105994,0.6135985954105994,,,,1.0
7,acetone_gsolv_eV,119,1.0,0.0,0.6135985954105994,0.6135985954105994,,,,1.0
7,acetone_gsolv_eV,120,1.0,0.0,0.6135985954105994,0.6135985954105994,,,,1.0
7,acetone_gsolv_eV,121,1.0,0.0,0.6135985954105994,0.6135985954105994,,,,1.0
7,acetone_gsolv_eV,122,1.0,0.0,0.6135985954105994,0.6135985954105994,,,,1.0
7,acetone_gsolv_eV,123,1.0,0.0,0.6135985954105994,0.6135985954105994,,,,1.0
7,acetone_gsolv_eV,124,1.0,0.0,0.6135985954105994,0.6135985954105994,,,,1.0
7,acetone_gsolv_eV,125,1.0,0.0,0.6135985954105994,0.6135985954105994,,,,1.0
7,acetone_gsolv_eV,126,1.0,0.0,0.6135985954105994,0.6135985954105994,,,,1.0
7,acetone_gsolv_eV,127,1.0,0.0,0.6135985954105994,0.6135985954105994,,,,1.0
7,acetone_gsolv_eV,128,1.0,0.0,0.6135985954105994,0.6135985954105994,,,,1.0
7,acetone_gsolv_eV,129,1.0,0.0,0.6135985954105994,0.6135985954105994,,,,1.0
7,acetone_gsolv_eV,130,1.0,0.0,0.6135985954105994,0.6135985954105994,,,,1.0
7,acetone_gsolv_eV,131,1.0,0.0,0.6135985954105994,0.6135985954105994,,,,1.0
7,acetone_gsolv_eV,132,1.0,0.0,0.6135985954105994,0.6135985954105994,,,,1.0
7,acetone_gsolv_eV,133,1.0,0.0,0.6135985954105994,0.6135985954105994,,,,1.0
7,acetone_gsolv_eV,134,1.0,0.0,0.6135985954105994,0.6135985954105994,,,,1.0
7,acetone_gsolv_eV,135,1.0,0.0,0.6135985954105994,0.6135985954105994,,,,1.0
7,acetone_gsolv_eV,136,1.0,0.0,0.6135985954105994,0.6135985954105994,,,,1.0
7,acetone_gsolv_eV,137,1.0,0.0,0.6135985954105994,0.6135985954105994,,,,1.0
7,acetone_gsolv_eV,138,1.0,0.0,0.6135985954105994,0.6135985954105994,,,,1.0
7,acetone_gsolv_eV,139,1.0,0.0,0.6135985954105994,0.6135985954105994,,,,1.0
7,acetone_gsolv_eV,140,1.0,0.0,0.6135985954105994,0.6135985954105994,,,,1.0
7,acetone_gsolv_eV,141,1.0,0.0,0.6135985954105994,0.6135985954105994,,,,1.0
7,acetone_gsolv_eV,142,1.0,0.0,0.6135985954105994,0.6135985954105994,,,,1.0
7,acetone_gsolv_eV,143,1.0,0.0,0.6135985954105994,0.6135985954105994,,,,1.0
7,acetone_gsolv_eV,144,1.0,0.0,0.6135985954105994,0.6135985954105994,,,,1.0
7,acetone_gsolv_eV,145,1.0,0.0,0.6135985954105994,0.6135985954105994,,,,1.0
7,acetone_gsolv_eV,146,1.0,0.0,0.6135985954105994,0.6135985954105994,,,,1.0
7,acetone_gsolv_eV,147,1.0,0.0,0.6135985954105994,0.6135985954105994,,,,1.0
7,acetone_gsolv_eV,148,1.0,0.0,0.6135985954105994,0.6135985954105994,,,,1.0
7,acetone_gsolv_eV,149,1.0,0.0,0.6135985954105994,0.6135985954105994,,,,1.0
7,acetone_gsolv_eV,150,1.0,0.0,0.6135985954105994,0.6135985954105994,,,,1.0
7,acetone_gsolv_eV,151,1.0,0.0,0.6135985954105994,0.6135985954105994,,,,1.0
7,acetone_gsolv_eV,152,1.0,0.0,0.6135985954105994,0.6135985954105994,,,,1.0
7,acetone_gsolv_eV,153,1.0,0.0,0.6135985954105994,0.6135985954105994,,,,1.0
7,acetone_gsolv_eV,154,1.0,0.0,0.6135985954105994,0.6135985954105994,,,,1.0
7,acetone_gsolv_eV,155,1.0,0.0,0.6135985954105994,0.6135985954105994,,,,1.0
7,acetone_gsolv_eV,156,1.0,0.0,0.6135985954105994,0.6135985954105994,,,,1.0
7,acetone_gsolv_eV,157,1.0,0.0,0.6135985954105994,0.6135985954105994,,,,1.0
7,acetone_gsolv_eV,158,1.0,0.0,0.6135985954105994,0.6135985954105994,,,,1.0
7,acetone_gsolv_eV,159,1.0,0.0,0.6135985954105994,0.6135985954105994,,,,1.0
7,acetone_gsolv_eV,160,1.0,0.0,0.6135985954105994,0.6135985954105994,,,,1.0
7,acetone_gsolv_eV,161,1.0,0.0,0.6135985954105994,0.6135985954105994,,,,1.0
7,acetone_gsolv_eV,162,1.0,0.0,0.6135985954105994,0.6135985954105994,,,,1.0
7,acetone_gsolv_eV,163,1.0,0.0,0.6135985954105994,0.6135985954105994,,,,1.0
7,acetone_gsolv_eV,164,1.0,0.0,0.6135985954105994,0.6135985954105994,,,,1.0
7,acetone_gsolv_eV,165,1.0,0.0,0.6135985954105994,0.6135985954105994,,,,1.0
7,acetone_gsolv_eV,166,1.0,0.0,0.6135985954105994,0.6135985954105994,,,,1.0
7,acetone_gsolv_eV,167,1.0,0.0,0.6135985954105994,0.6135985954105994,,,,1.0
7,acetone_gsolv_eV,168,1.0,0.0,0.6135985954105994,0.6135985954105994,,,,1.0
7,acetone_gsolv_eV,169,1.0,0.0,0.6135985954105994,0.6135985954105994,,,,1.0
7,acetone_gsolv_eV,170,1.0,0.0,0.6135985954105994,0.6135985954105994,,,,1.0
7,acetone_gsolv_eV,171,1.0,0.0,0.6135985954105994,0.6135985954105994,,,,1.0
7,acetone_gsolv_eV,172,1.0,0.0,0.6135985954105994,0.6135985954105994,,,,1.0
7,acetone_gsolv_eV,173,1.0,0.0,0.6135985954105994,0.6135985954105994,,,,1.0
7,acetone_gsolv_eV,174,1.0,0.0,0.6135985954105994,0.6135985954105994,,,,1.0
7,acetone_gsolv_eV,175,1.0,0.0,0.6135985954105994,0.6135985954105994,,,,1.0
7,acetone_gsolv_eV,176,1.0,0.0,0.6135985954105994,0.6135985954105994,,,,1.0
7,acetone_gsolv_eV,177,1.0,0.0,0.6135985954105994,0.6135985954105994,,,,1.0
7,acetone_gsolv_eV,178,1.0,0.0,0.6135985954105994,0.6135985954105994,,,,1.0
7,acetone_gsolv_eV,179,1.0,0.0,0.6135985954105994,0.6135985954105994,,,,1.0
7,acetone_gsolv_eV,180,1.0,0.0,0.6135985954105994,0.6135985954105994,,,,1.0
7,acetone_gsolv_eV,181,1.0,0.0,0.6135985954105994,0.6135985954105994,,,,1.0
7,acetone_gsolv_eV,182,1.0,0.0,0.6135985954105994,0.6135985954105994,,,,1.0
7,acetone_gsolv_eV,183,1.0,0.0,0.6135985954105994,0.6135985954105994,,,,1.0
7,acetone_gsolv_eV,184,1.0,0.0,0.6135985954105994,0.6135985954105994,,,,1.0
7,acetone_gsolv_eV,185,1.0,0.0,0.6135985954105994,0.6135985954105994,,,,1.0
7,acetone_gsolv_eV,186,1.0,0.0,0.6135985954105994,0.6135985954105994,,,,1.0
7,acetone_gsolv_eV,187,1.0,0.0,0.6135985954105994,0.6135985954105994,,,,1.0
7,acetone_gsolv_eV,188,1.0,0.0,0.6135985954105994,0.6135985954105994,,,,1.0
7,acetone_gsolv_eV,189,1.0,0.0,0.6135985954105994,0.6135985954105994,,,,1.0
7,acetone_gsolv_eV,190,1.0,0.0,0.6135985954105994,0.6135985954105994,,,,1.0
7,acetone_gsolv_eV,191,1.0,0.0,0.6135985954105994,0.6135985954105994,,,,1.0
7,acetone_gsolv_eV,192,1.0,0.0,0.6135985954105994,0.6135985954105994,,,,1.0
7,acetone_gsolv_eV,193,1.0,0.0,0.6135985954105994,0.6135985954105994,,,,1.0
7,acetone_gsolv_eV,194,1.0,0.0,0.6135985954105994,0.6135985954105994,,,,1.0
7,acetone_gsolv_eV,195,1.0,0.0,0.6135985954105994,0.6135985954105994,,,,1.0
7,acetone_gsolv_eV,196,1.0,0.0,0.6135985954105994,0.6135985954105994,,,,1.0
7,acetone_gsolv_eV,197,1.0,0.0,0.6135985954105994,0.6135985954105994,,,,1.0
7,acetone_gsolv_eV,198,1.0,0.0,0.6135985954105994,0.6135985954105994,,,,1.0
7,acetone_gsolv_eV,199,1.0,0.0,0.6135985954105994,0.6135985954105994,,,,1.0
7,acetone_gsolv_eV,200,1.0,0.0,0.6135985954105994,0.6135985954105994,,,,1.0
7,acetone_gsolv_eV,201,1.0,0.0,0.6135985954105994,0.6135985954105994,,,,1.0
7,acetone_gsolv_eV,202,1.0,0.0,0.6135985954105994,0.6135985954105994,,,,1.0
7,acetone_gsolv_eV,203,1.0,0.0,0.6135985954105994,0.6135985954105994,,,,1.0
7,acetone_gsolv_eV,204,1.0,0.0,0.6135985954105994,0.6135985954105994,,,,1.0
7,acetone_gsolv_eV,205,1.0,0.0,0.6135985954105994,0.6135985954105994,,,,1.0
7,acetone_gsolv_eV,206,1.0,0.0,0.6135985954105994,0.6135985954105994,,,,1.0
7,acetone_gsolv_eV,207,1.0,0.0,0.6135985954105994,0.6135985954105994,,,,1.0
7,acetone_gsolv_eV,208,1.0,0.0,0.6135985954105994,0.6135985954105994,,,,1.0
7,acetone_gsolv_eV,209,1.0,0.0,0.6135985954105994,0.6135985954105994,,,,1.0
7,acetone_gsolv_eV,210,1.0,0.0,0.6135985954105994,0.6135985954105994,,,,1.0
7,acetone_gsolv_eV,211,1.0,0.0,0.6135985954105994,0.6135985954105994,,,,1.0
7,acetone_gsolv_eV,212,1.0,0.0,0.6135985954105994,0.6135985954105994,,,,1.0
7,acetone_gsolv_eV,213,1.0,0.0,0.6135985954105994,0.6135985954105994,,,,1.0
7,acetone_gsolv_eV,214,1.0,0.0,0.6135985954105994,0.6135985954105994,,,,1.0
7,acetone_gsolv_eV,215,1.0,0.0,0.6135985954105994,0.6135985954105994,,,,1.0
7,acetone_gsolv_eV,216,1.0,0.0,0.6135985954105994,0.6135985954105994,,,,1.0
7,acetone_gsolv_eV,217,1.0,0.0,0.6135985954105994,0.6135985954105994,,,,1.0
7,acetone_gsolv_eV,218,1.0,0.0,0.6135985954105994,0.6135985954105994,,,,1.0
7,acetone_gsolv_eV,219,1.0,0.0,0.6135985954105994,0.6135985954105994,,,,1.0
7,acetone_gsolv_eV,220,1.0,0.0,0.6135985954105994,0.6135985954105994,,,,1.0
7,acetone_gsolv_eV,221,1.0,0.0,0.6135985954105994,0.6135985954105994,,,,1.0
7,acetone_gsolv_eV,222,1.0,0.0,0.6135985954105994,0.6135985954105994,,,,1.0
7,acetone_gsolv_eV,223,1.0,0.0,0.6135985954105994,0.6135985954105994,,,,1.0
7,acetone_gsolv_eV,224,1.0,0.0,0.6135985954105994,0.6135985954105994,,,,1.0
7,acetone_gsolv_eV,225,1.0,0.0,0.6135985954105994,0.6135985954105994,,,,1.0
7,acetone_gsolv_eV,226,1.0,0.0,0.6135985954105994,0.6135985954105994,,,,1.0
7,acetone_gsolv_eV,227,1.0,0.0,0.6135985954105994,0.6135985954105994,,,,1.0
7,acetone_gsolv_eV,228,1.0,0.0,0.6135985954105994,0.6135985954105994,,,,1.0
7,acetone_gsolv_eV,229,1.0,0.0,0.6135985954105994,0.6135985954105994,,,,1.0
7,acetone_gsolv_eV,230,1.0,0.0,0.6135985954105994,0.6135985954105994,,,,1.0
7,acetone_gsolv_eV,231,1.0,0.0,0.6135985954105994,0.6135985954105994,,,,1.0
7,acetone_gsolv_eV,232,1.0,0.0,0.6135985954105994,0.6135985954105994,,,,1.0
7,acetone_gsolv_eV,233,1.0,0.0,0.6135985954105994,0.6135985954105994,,,,1.0
7,acetone_gsolv_eV,234,1.0,0.0,0.6135985954105994,0.6135985954105994,,,,1.0
7,acetone_gsolv_eV,235,1.0,0.0,0.6135985954105994,0.6135985954105994,,,,1.0
7,acetone_gsolv_eV,236,1.0,0.0,0.6135985954105994,0.6135985954105994,,,,1.0
7,acetone_gsolv_eV,237,1.0,0.0,0.6135985954105994,0.6135985954105994,,,,1.0
7,acetone_gsolv_eV,238,1.0,0.0,0.6135985954105994,0.6135985954105994,,,,1.0
7,acetone_gsolv_eV,239,1.0,0.0,0.6135985954105994,0.6135985954105994,,,,1.0
7,acetone_gsolv_eV,240,1.0,0.0,0.6135985954105994,0.6135985954105994,,,,1.0
7,acetone_gsolv_eV,241,1.0,0.0,0.6135985954105994,0.6135985954105994,,,,1.0
7,acetone_gsolv_eV,242,1.0,0.0,0.6135985954105994,0.6135985954105994,,,,1.0
7,acetone_gsolv_eV,243,1.0,0.0,0.6135985954105994,0.6135985954105994,,,,1.0
7,acetone_gsolv_eV,244,1.0,0.0,0.6135985954105994,0.6135985954105994,,,,1.0
7,acetone_gsolv_eV,245,1.0,0.0,0.6135985954105994,0.6135985954105994,,,,1.0
7,acetone_gsolv_eV,246,1.0,0.0,0.6135985954105994,0.6135985954105994,,,,1.0
7,acetone_gsolv_eV,247,1.0,0.0,0.6135985954105994,0.6135985954105994,,,,1.0
7,acetone_gsolv_eV,248,1.0,0.0,0.6135985954105994,0.6135985954105994,,,,1.0
7,acetone_gsolv_eV,249,1.0,0.0,0.6135985954105994,0.6135985954105994,,,,1.0
7,acetone_hl_gap_eV,0,1.0,0.0,0.6995218550960065,0.6995218550960065,,,,1.0
7,acetone_hl_gap_eV,1,1.0,0.0,0.6995218550960065,0.6995218550960065,,,,1.0
7,acetone_hl_gap_eV,2,1.0,0.0,0.6995218550960065,0.6995218550960065,,,,1.0
7,acetone_hl_gap_eV,3,1.0,0.0,0.6995218550960065,0.6995218550960065,,,,1.0
7,acetone_hl_gap_eV,4,1.0,0.0,0.6995218550960065,0.6995218550960065,,,,1.0
7,acetone_hl_gap_eV,5,1.0,0.0,0.6995218550960065,0.6995218550960065,,,,1.0
7,acetone_hl_gap_eV,6,1.0,0.0,0.6995218550960065,0.6995218550960065,,,,1.0
7,acetone_hl_gap_eV,7,1.0,0.0,0.6995218550960065,0.6995218550960065,,,,1.0
7,acetone_hl_gap_eV,8,1.0,0.0,0.6995218550960065,0.6995218550960065,,,,1.0
7,acetone_hl_gap_eV,9,1.0,0.0,0.6995218550960065,0.6995218550960065,,,,1.0
7,acetone_hl_gap_eV,10,1.0,0.0,0.6995218550960065,0.6995218550960065,,,,1.0
7,acetone_hl_gap_eV,11,1.0,0.0,0.6995218550960065,0.6995218550960065,,,,1.0
7,acetone_hl_gap_eV,12,1.0,0.0,0.6995218550960065,0.6995218550960065,,,,1.0
7,acetone_hl_gap_eV,13,1.0,0.0,0.6995218550960065,0.6995218550960065,,,,1.0
7,acetone_hl_gap_eV,14,1.0,0.0,0.6995218550960065,0.6995218550960065,,,,1.0
7,acetone_hl_gap_eV,15,1.0,0.0,0.6995218550960065,0.6995218550960065,,,,1.0
7,acetone_hl_gap_eV,16,1.0,0.0,0.6995218550960065,0.6995218550960065,,,,1.0
7,acetone_hl_gap_eV,17,1.0,0.0,0.6995218550960065,0.6995218550960065,,,,1.0
7,acetone_hl_gap_eV,18,1.0,0.0,0.6995218550960065,0.6995218550960065,,,,1.0
7,acetone_hl_gap_eV,19,1.0,0.0,0.6995218550960065,0.6995218550960065,,,,1.0
7,acetone_hl_gap_eV,20,1.0,0.0,0.6995218550960065,0.6995218550960065,,,,1.0
7,acetone_hl_gap_eV,21,1.0,0.0,0.6995218550960065,0.6995218550960065,,,,1.0
7,acetone_hl_gap_eV,22,1.0,0.0,0.6995218550960065,0.6995218550960065,,,,1.0
7,acetone_hl_gap_eV,23,1.0,0.0,0.6995218550960065,0.6995218550960065,,,,1.0
7,acetone_hl_gap_eV,24,1.0,0.0,0.6995218550960065,0.6995218550960065,,,,1.0
7,acetone_hl_gap_eV,25,1.0,0.0,0.6995218550960065,0.6995218550960065,,,,1.0
7,acetone_hl_gap_eV,26,1.0,0.0,0.6995218550960065,0.6995218550960065,,,,1.0
7,acetone_hl_gap_eV,27,1.0,0.0,0.6995218550960065,0.6995218550960065,,,,1.0
7,acetone_hl_gap_eV,28,1.0,0.0,0.6995218550960065,0.6995218550960065,,,,1.0
7,acetone_hl_gap_eV,29,1.0,0.0,0.6995218550960065,0.6995218550960065,,,,1.0
7,acetone_hl_gap_eV,30,1.0,0.0,0.6995218550960065,0.6995218550960065,,,,1.0
7,acetone_hl_gap_eV,31,1.0,0.0,0.6995218550960065,0.6995218550960065,,,,1.0
7,acetone_hl_gap_eV,32,1.0,0.0,0.6995218550960065,0.6995218550960065,,,,1.0
7,acetone_hl_gap_eV,33,1.0,0.0,0.6995218550960065,0.6995218550960065,,,,1.0
7,acetone_hl_gap_eV,34,1.0,0.0,0.6995218550960065,0.6995218550960065,,,,1.0
7,acetone_hl_gap_eV,35,1.0,0.0,0.6995218550960065,0.6995218550960065,,,,1.0
7,acetone_hl_gap_eV,36,1.0,0.0,0.6995218550960065,0.6995218550960065,,,,1.0
7,acetone_hl_gap_eV,37,1.0,0.0,0.6995218550960065,0.6995218550960065,,,,1.0
7,acetone_hl_gap_eV,38,1.0,0.0,0.6995218550960065,0.6995218550960065,,,,1.0
7,acetone_hl_gap_eV,39,1.0,0.0,0.6995218550960065,0.6995218550960065,,,,1.0
7,acetone_hl_gap_eV,40,1.0,0.0,0.6995218550960065,0.6995218550960065,,,,1.0
7,acetone_hl_gap_eV,41,1.0,0.0,0.6995218550960065,0.6995218550960065,,,,1.0
7,acetone_hl_gap_eV,42,1.0,0.0,0.6995218550960065,0.6995218550960065,,,,1.0
7,acetone_hl_gap_eV,43,1.0,0.0,0.6995218550960065,0.6995218550960065,,,,1.0
7,acetone_hl_gap_eV,44,1.0,0.0,0.6995218550960065,0.6995218550960065,,,,1.0
7,acetone_hl_gap_eV,45,1.0,0.0,0.6995218550960065,0.6995218550960065,,,,1.0
7,acetone_hl_gap_eV,46,1.0,0.0,0.6995218550960065,0.6995218550960065,,,,1.0
7,acetone_hl_gap_eV,47,1.0,0.0,0.6995218550960065,0.6995218550960065,,,,1.0
7,acetone_hl_gap_eV,48,1.0,0.0,0.6995218550960065,0.6995218550960065,,,,1.0
7,acetone_hl_gap_eV,49,1.0,0.0,0.6995218550960065,0.6995218550960065,,,,1.0
7,acetone_hl_gap_eV,50,1.0,0.0,0.6995218550960065,0.6995218550960065,,,,1.0
7,acetone_hl_gap_eV,51,1.0,0.0,0.6995218550960065,0.6995218550960065,,,,1.0
7,acetone_hl_gap_eV,52,1.0,0.0,0.6995218550960065,0.6995218550960065,,,,1.0
7,acetone_hl_gap_eV,53,1.0,0.0,0.6995218550960065,0.6995218550960065,,,,1.0
7,acetone_hl_gap_eV,54,1.0,0.0,0.6995218550960065,0.6995218550960065,,,,1.0
7,acetone_hl_gap_eV,55,1.0,0.0,0.6995218550960065,0.6995218550960065,,,,1.0
7,acetone_hl_gap_eV,56,1.0,0.0,0.6995218550960065,0.6995218550960065,,,,1.0
7,acetone_hl_gap_eV,57,1.0,0.0,0.6995218550960065,0.6995218550960065,,,,1.0
7,acetone_hl_gap_eV,58,1.0,0.0,0.6995218550960065,0.6995218550960065,,,,1.0
7,acetone_hl_gap_eV,59,1.0,0.0,0.6995218550960065,0.6995218550960065,,,,1.0
7,acetone_hl_gap_eV,60,1.0,0.0,0.6995218550960065,0.6995218550960065,,,,1.0
7,acetone_hl_gap_eV,61,1.0,0.0,0.6995218550960065,0.6995218550960065,,,,1.0
7,acetone_hl_gap_eV,62,1.0,0.0,0.6995218550960065,0.6995218550960065,,,,1.0
7,acetone_hl_gap_eV,63,1.0,0.0,0.6995218550960065,0.6995218550960065,,,,1.0
7,acetone_hl_gap_eV,64,1.0,0.0,0.6995218550960065,0.6995218550960065,,,,1.0
7,acetone_hl_gap_eV,65,1.0,0.0,0.6995218550960065,0.6995218550960065,,,,1.0
7,acetone_hl_gap_eV,66,1.0,0.0,0.6995218550960065,0.6995218550960065,,,,1.0
7,acetone_hl_gap_eV,67,1.0,0.0,0.6995218550960065,0.6995218550960065,,,,1.0
7,acetone_hl_gap_eV,68,1.0,0.0,0.6995218550960065,0.6995218550960065,,,,1.0
7,acetone_hl_gap_eV,69,1.0,0.0,0.6995218550960065,0.6995218550960065,,,,1.0
7,acetone_hl_gap_eV,70,1.0,0.0,0.6995218550960065,0.6995218550960065,,,,1.0
7,acetone_hl_gap_eV,71,1.0,0.0,0.6995218550960065,0.6995218550960065,,,,1.0
7,acetone_hl_gap_eV,72,1.0,0.0,0.6995218550960065,0.6995218550960065,,,,1.0
7,acetone_hl_gap_eV,73,1.0,0.0,0.6995218550960065,0.6995218550960065,,,,1.0
7,acetone_hl_gap_eV,74,1.0,0.0,0.6995218550960065,0.6995218550960065,,,,1.0
7,acetone_hl_gap_eV,75,1.0,0.0,0.6995218550960065,0.6995218550960065,,,,1.0
7,acetone_hl_gap_eV,76,1.0,0.0,0.6995218550960065,0.6995218550960065,,,,1.0
7,acetone_hl_gap_eV,77,1.0,0.0,0.6995218550960065,0.6995218550960065,,,,1.0
7,acetone_hl_gap_eV,78,1.0,0.0,0.6995218550960065,0.6995218550960065,,,,1.0
7,acetone_hl_gap_eV,79,1.0,0.0,0.6995218550960065,0.6995218550960065,,,,1.0
7,acetone_hl_gap_eV,80,1.0,0.0,0.6995218550960065,0.6995218550960065,,,,1.0
7,acetone_hl_gap_eV,81,1.0,0.0,0.6995218550960065,0.6995218550960065,,,,1.0
7,acetone_hl_gap_eV,82,1.0,0.0,0.6995218550960065,0.6995218550960065,,,,1.0
7,acetone_hl_gap_eV,83,1.0,0.0,0.6995218550960065,0.6995218550960065,,,,1.0
7,acetone_hl_gap_eV,84,1.0,0.0,0.6995218550960065,0.6995218550960065,,,,1.0
7,acetone_hl_gap_eV,85,1.0,0.0,0.6995218550960065,0.6995218550960065,,,,1.0
7,acetone_hl_gap_eV,86,1.0,0.0,0.6995218550960065,0.6995218550960065,,,,1.0
7,acetone_hl_gap_eV,87,1.0,0.0,0.6995218550960065,0.6995218550960065,,,,1.0
7,acetone_hl_gap_eV,88,1.0,0.0,0.6995218550960065,0.6995218550960065,,,,1.0
7,acetone_hl_gap_eV,89,1.0,0.0,0.6995218550960065,0.6995218550960065,,,,1.0
7,acetone_hl_gap_eV,90,1.0,0.0,0.6995218550960065,0.6995218550960065,,,,1.0
7,acetone_hl_gap_eV,91,1.0,0.0,0.6995218550960065,0.6995218550960065,,,,1.0
7,acetone_hl_gap_eV,92,1.0,0.0,0.6995218550960065,0.6995218550960065,,,,1.0
7,acetone_hl_gap_eV,93,1.0,0.0,0.6995218550960065,0.6995218550960065,,,,1.0
7,acetone_hl_gap_eV,94,1.0,0.0,0.6995218550960065,0.6995218550960065,,,,1.0
7,acetone_hl_gap_eV,95,1.0,0.0,0.6995218550960065,0.6995218550960065,,,,1.0
7,acetone_hl_gap_eV,96,1.0,0.0,0.6995218550960065,0.6995218550960065,,,,1.0
7,acetone_hl_gap_eV,97,1.0,0.0,0.6995218550960065,0.6995218550960065,,,,1.0
7,acetone_hl_gap_eV,98,1.0,0.0,0.6995218550960065,0.6995218550960065,,,,1.0
7,acetone_hl_gap_eV,99,1.0,0.0,0.6995218550960065,0.6995218550960065,,,,1.0
7,acetone_hl_gap_eV,100,1.0,0.0,0.6995218550960065,0.6995218550960065,,,,1.0
7,acetone_hl_gap_eV,101,1.0,0.0,0.6995218550960065,0.6995218550960065,,,,1.0
7,acetone_hl_gap_eV,102,1.0,0.0,0.6995218550960065,0.6995218550960065,,,,1.0
7,acetone_hl_gap_eV,103,1.0,0.0,0.6995218550960065,0.6995218550960065,,,,1.0
7,acetone_hl_gap_eV,104,1.0,0.0,0.6995218550960065,0.6995218550960065,,,,1.0
7,acetone_hl_gap_eV,105,1.0,0.0,0.6995218550960065,0.6995218550960065,,,,1.0
7,acetone_hl_gap_eV,106,1.0,0.0,0.6995218550960065,0.6995218550960065,,,,1.0
7,acetone_hl_gap_eV,107,1.0,0.0,0.6995218550960065,0.6995218550960065,,,,1.0
7,acetone_hl_gap_eV,108,1.0,0.0,0.6995218550960065,0.6995218550960065,,,,1.0
7,acetone_hl_gap_eV,109,1.0,0.0,0.6995218550960065,0.6995218550960065,,,,1.0
7,acetone_hl_gap_eV,110,1.0,0.0,0.6995218550960065,0.6995218550960065,,,,1.0
7,acetone_hl_gap_eV,111,1.0,0.0,0.6995218550960065,0.6995218550960065,,,,1.0
7,acetone_hl_gap_eV,112,1.0,0.0,0.6995218550960065,0.6995218550960065,,,,1.0
7,acetone_hl_gap_eV,113,1.0,0.0,0.6995218550960065,0.6995218550960065,,,,1.0
7,acetone_hl_gap_eV,114,1.0,0.0,0.6995218550960065,0.6995218550960065,,,,1.0
7,acetone_hl_gap_eV,115,1.0,0.0,0.6995218550960065,0.6995218550960065,,,,1.0
7,acetone_hl_gap_eV,116,1.0,0.0,0.6995218550960065,0.6995218550960065,,,,1.0
7,acetone_hl_gap_eV,117,1.0,0.0,0.6995218550960065,0.6995218550960065,,,,1.0
7,acetone_hl_gap_eV,118,1.0,0.0,0.6995218550960065,0.6995218550960065,,,,1.0
7,acetone_hl_gap_eV,119,1.0,0.0,0.6995218550960065,0.6995218550960065,,,,1.0
7,acetone_hl_gap_eV,120,1.0,0.0,0.6995218550960065,0.6995218550960065,,,,1.0
7,acetone_hl_gap_eV,121,1.0,0.0,0.6995218550960065,0.6995218550960065,,,,1.0
7,acetone_hl_gap_eV,122,1.0,0.0,0.6995218550960065,0.6995218550960065,,,,1.0
7,acetone_hl_gap_eV,123,1.0,0.0,0.6995218550960065,0.6995218550960065,,,,1.0
7,acetone_hl_gap_eV,124,1.0,0.0,0.6995218550960065,0.6995218550960065,,,,1.0
7,acetone_hl_gap_eV,125,1.0,0.0,0.6995218550960065,0.6995218550960065,,,,1.0
7,acetone_hl_gap_eV,126,1.0,0.0,0.6995218550960065,0.6995218550960065,,,,1.0
7,acetone_hl_gap_eV,127,1.0,0.0,0.6995218550960065,0.6995218550960065,,,,1.0
7,acetone_hl_gap_eV,128,1.0,0.0,0.6995218550960065,0.6995218550960065,,,,1.0
7,acetone_hl_gap_eV,129,1.0,0.0,0.6995218550960065,0.6995218550960065,,,,1.0
7,acetone_hl_gap_eV,130,1.0,0.0,0.6995218550960065,0.6995218550960065,,,,1.0
7,acetone_hl_gap_eV,131,1.0,0.0,0.6995218550960065,0.6995218550960065,,,,1.0
7,acetone_hl_gap_eV,132,1.0,0.0,0.6995218550960065,0.6995218550960065,,,,1.0
7,acetone_hl_gap_eV,133,1.0,0.0,0.6995218550960065,0.6995218550960065,,,,1.0
7,acetone_hl_gap_eV,134,1.0,0.0,0.6995218550960065,0.6995218550960065,,,,1.0
7,acetone_hl_gap_eV,135,1.0,0.0,0.6995218550960065,0.6995218550960065,,,,1.0
7,acetone_hl_gap_eV,136,1.0,0.0,0.6995218550960065,0.6995218550960065,,,,1.0
7,acetone_hl_gap_eV,137,1.0,0.0,0.6995218550960065,0.6995218550960065,,,,1.0
7,acetone_hl_gap_eV,138,1.0,0.0,0.6995218550960065,0.6995218550960065,,,,1.0
7,acetone_hl_gap_eV,139,1.0,0.0,0.6995218550960065,0.6995218550960065,,,,1.0
7,acetone_hl_gap_eV,140,1.0,0.0,0.6995218550960065,0.6995218550960065,,,,1.0
7,acetone_hl_gap_eV,141,1.0,0.0,0.6995218550960065,0.6995218550960065,,,,1.0
7,acetone_hl_gap_eV,142,1.0,0.0,0.6995218550960065,0.6995218550960065,,,,1.0
7,acetone_hl_gap_eV,143,1.0,0.0,0.6995218550960065,0.6995218550960065,,,,1.0
7,acetone_hl_gap_eV,144,1.0,0.0,0.6995218550960065,0.6995218550960065,,,,1.0
7,acetone_hl_gap_eV,145,1.0,0.0,0.6995218550960065,0.6995218550960065,,,,1.0
7,acetone_hl_gap_eV,146,1.0,0.0,0.6995218550960065,0.6995218550960065,,,,1.0
7,acetone_hl_gap_eV,147,1.0,0.0,0.6995218550960065,0.6995218550960065,,,,1.0
7,acetone_hl_gap_eV,148,1.0,0.0,0.6995218550960065,0.6995218550960065,,,,1.0
7,acetone_hl_gap_eV,149,1.0,0.0,0.6995218550960065,0.6995218550960065,,,,1.0
7,acetone_hl_gap_eV,150,1.0,0.0,0.6995218550960065,0.6995218550960065,,,,1.0
7,acetone_hl_gap_eV,151,1.0,0.0,0.6995218550960065,0.6995218550960065,,,,1.0
7,acetone_hl_gap_eV,152,1.0,0.0,0.6995218550960065,0.6995218550960065,,,,1.0
7,acetone_hl_gap_eV,153,1.0,0.0,0.6995218550960065,0.6995218550960065,,,,1.0
7,acetone_hl_gap_eV,154,1.0,0.0,0.6995218550960065,0.6995218550960065,,,,1.0
7,acetone_hl_gap_eV,155,1.0,0.0,0.6995218550960065,0.6995218550960065,,,,1.0
7,acetone_hl_gap_eV,156,1.0,0.0,0.6995218550960065,0.6995218550960065,,,,1.0
7,acetone_hl_gap_eV,157,1.0,0.0,0.6995218550960065,0.6995218550960065,,,,1.0
7,acetone_hl_gap_eV,158,1.0,0.0,0.6995218550960065,0.6995218550960065,,,,1.0
7,acetone_hl_gap_eV,159,1.0,0.0,0.6995218550960065,0.6995218550960065,,,,1.0
7,acetone_hl_gap_eV,160,1.0,0.0,0.6995218550960065,0.6995218550960065,,,,1.0
7,acetone_hl_gap_eV,161,1.0,0.0,0.6995218550960065,0.6995218550960065,,,,1.0
7,acetone_hl_gap_eV,162,1.0,0.0,0.6995218550960065,0.6995218550960065,,,,1.0
7,acetone_hl_gap_eV,163,1.0,0.0,0.6995218550960065,0.6995218550960065,,,,1.0
7,acetone_hl_gap_eV,164,1.0,0.0,0.6995218550960065,0.6995218550960065,,,,1.0
7,acetone_hl_gap_eV,165,1.0,0.0,0.6995218550960065,0.6995218550960065,,,,1.0
7,acetone_hl_gap_eV,166,1.0,0.0,0.6995218550960065,0.6995218550960065,,,,1.0
7,acetone_hl_gap_eV,167,1.0,0.0,0.6995218550960065,0.6995218550960065,,,,1.0
7,acetone_hl_gap_eV,168,1.0,0.0,0.6995218550960065,0.6995218550960065,,,,1.0
7,acetone_hl_gap_eV,169,1.0,0.0,0.6995218550960065,0.6995218550960065,,,,1.0
7,acetone_hl_gap_eV,170,1.0,0.0,0.6995218550960065,0.6995218550960065,,,,1.0
7,acetone_hl_gap_eV,171,1.0,0.0,0.6995218550960065,0.6995218550960065,,,,1.0
7,acetone_hl_gap_eV,172,1.0,0.0,0.6995218550960065,0.6995218550960065,,,,1.0
7,acetone_hl_gap_eV,173,1.0,0.0,0.6995218550960065,0.6995218550960065,,,,1.0
7,acetone_hl_gap_eV,174,1.0,0.0,0.6995218550960065,0.6995218550960065,,,,1.0
7,acetone_hl_gap_eV,175,1.0,0.0,0.6995218550960065,0.6995218550960065,,,,1.0
7,acetone_hl_gap_eV,176,1.0,0.0,0.6995218550960065,0.6995218550960065,,,,1.0
7,acetone_hl_gap_eV,177,1.0,0.0,0.6995218550960065,0.6995218550960065,,,,1.0
7,acetone_hl_gap_eV,178,1.0,0.0,0.6995218550960065,0.6995218550960065,,,,1.0
7,acetone_hl_gap_eV,179,1.0,0.0,0.6995218550960065,0.6995218550960065,,,,1.0
7,acetone_hl_gap_eV,180,1.0,0.0,0.6995218550960065,0.6995218550960065,,,,1.0
7,acetone_hl_gap_eV,181,1.0,0.0,0.6995218550960065,0.6995218550960065,,,,1.0
7,acetone_hl_gap_eV,182,1.0,0.0,0.6995218550960065,0.6995218550960065,,,,1.0
7,acetone_hl_gap_eV,183,1.0,0.0,0.6995218550960065,0.6995218550960065,,,,1.0
7,acetone_hl_gap_eV,184,1.0,0.0,0.6995218550960065,0.6995218550960065,,,,1.0
7,acetone_hl_gap_eV,185,1.0,0.0,0.6995218550960065,0.6995218550960065,,,,1.0
7,acetone_hl_gap_eV,186,1.0,0.0,0.6995218550960065,0.6995218550960065,,,,1.0
7,acetone_hl_gap_eV,187,1.0,0.0,0.6995218550960065,0.6995218550960065,,,,1.0
7,acetone_hl_gap_eV,188,1.0,0.0,0.6995218550960065,0.6995218550960065,,,,1.0
7,acetone_hl_gap_eV,189,1.0,0.0,0.6995218550960065,0.6995218550960065,,,,1.0
7,acetone_hl_gap_eV,190,1.0,0.0,0.6995218550960065,0.6995218550960065,,,,1.0
7,acetone_hl_gap_eV,191,1.0,0.0,0.6995218550960065,0.6995218550960065,,,,1.0
7,acetone_hl_gap_eV,192,1.0,0.0,0.6995218550960065,0.6995218550960065,,,,1.0
7,acetone_hl_gap_eV,193,1.0,0.0,0.6995218550960065,0.6995218550960065,,,,1.0
7,acetone_hl_gap_eV,194,1.0,0.0,0.6995218550960065,0.6995218550960065,,,,1.0
7,acetone_hl_gap_eV,195,1.0,0.0,0.6995218550960065,0.6995218550960065,,,,1.0
7,acetone_hl_gap_eV,196,1.0,0.0,0.6995218550960065,0.6995218550960065,,,,1.0
7,acetone_hl_gap_eV,197,1.0,0.0,0.6995218550960065,0.6995218550960065,,,,1.0
7,acetone_hl_gap_eV,198,1.0,0.0,0.6995218550960065,0.6995218550960065,,,,1.0
7,acetone_hl_gap_eV,199,1.0,0.0,0.6995218550960065,0.6995218550960065,,,,1.0
7,acetone_hl_gap_eV,200,1.0,0.0,0.6995218550960065,0.6995218550960065,,,,1.0
7,acetone_hl_gap_eV,201,1.0,0.0,0.6995218550960065,0.6995218550960065,,,,1.0
7,acetone_hl_gap_eV,202,1.0,0.0,0.6995218550960065,0.6995218550960065,,,,1.0
7,acetone_hl_gap_eV,203,1.0,0.0,0.6995218550960065,0.6995218550960065,,,,1.0
7,acetone_hl_gap_eV,204,1.0,0.0,0.6995218550960065,0.6995218550960065,,,,1.0
7,acetone_hl_gap_eV,205,1.0,0.0,0.6995218550960065,0.6995218550960065,,,,1.0
7,acetone_hl_gap_eV,206,1.0,0.0,0.6995218550960065,0.6995218550960065,,,,1.0
7,acetone_hl_gap_eV,207,1.0,0.0,0.6995218550960065,0.6995218550960065,,,,1.0
7,acetone_hl_gap_eV,208,1.0,0.0,0.6995218550960065,0.6995218550960065,,,,1.0
7,acetone_hl_gap_eV,209,1.0,0.0,0.6995218550960065,0.6995218550960065,,,,1.0
7,acetone_hl_gap_eV,210,1.0,0.0,0.6995218550960065,0.6995218550960065,,,,1.0
7,acetone_hl_gap_eV,211,1.0,0.0,0.6995218550960065,0.6995218550960065,,,,1.0
7,acetone_hl_gap_eV,212,1.0,0.0,0.6995218550960065,0.6995218550960065,,,,1.0
7,acetone_hl_gap_eV,213,1.0,0.0,0.6995218550960065,0.6995218550960065,,,,1.0
7,acetone_hl_gap_eV,214,1.0,0.0,0.6995218550960065,0.6995218550960065,,,,1.0
7,acetone_hl_gap_eV,215,1.0,0.0,0.6995218550960065,0.6995218550960065,,,,1.0
7,acetone_hl_gap_eV,216,1.0,0.0,0.6995218550960065,0.6995218550960065,,,,1.0
7,acetone_hl_gap_eV,217,1.0,0.0,0.6995218550960065,0.6995218550960065,,,,1.0
7,acetone_hl_gap_eV,218,1.0,0.0,0.6995218550960065,0.6995218550960065,,,,1.0
7,acetone_hl_gap_eV,219,1.0,0.0,0.6995218550960065,0.6995218550960065,,,,1.0
7,acetone_hl_gap_eV,220,1.0,0.0,0.6995218550960065,0.6995218550960065,,,,1.0
7,acetone_hl_gap_eV,221,1.0,0.0,0.6995218550960065,0.6995218550960065,,,,1.0
7,acetone_hl_gap_eV,222,1.0,0.0,0.6995218550960065,0.6995218550960065,,,,1.0
7,acetone_hl_gap_eV,223,1.0,0.0,0.6995218550960065,0.6995218550960065,,,,1.0
7,acetone_hl_gap_eV,224,1.0,0.0,0.6995218550960065,0.6995218550960065,,,,1.0
7,acetone_hl_gap_eV,225,1.0,0.0,0.6995218550960065,0.6995218550960065,,,,1.0
7,acetone_hl_gap_eV,226,1.0,0.0,0.6995218550960065,0.6995218550960065,,,,1.0
7,acetone_hl_gap_eV,227,1.0,0.0,0.6995218550960065,0.6995218550960065,,,,1.0
7,acetone_hl_gap_eV,228,1.0,0.0,0.6995218550960065,0.6995218550960065,,,,1.0
7,acetone_hl_gap_eV,229,1.0,0.0,0.6995218550960065,0.6995218550960065,,,,1.0
7,acetone_hl_gap_eV,230,1.0,0.0,0.6995218550960065,0.6995218550960065,,,,1.0
7,acetone_hl_gap_eV,231,1.0,0.0,0.6995218550960065,0.6995218550960065,,,,1.0
7,acetone_hl_gap_eV,232,1.0,0.0,0.6995218550960065,0.6995218550960065,,,,1.0
7,acetone_hl_gap_eV,233,1.0,0.0,0.6995218550960065,0.6995218550960065,,,,1.0
7,acetone_hl_gap_eV,234,1.0,0.0,0.6995218550960065,0.6995218550960065,,,,1.0
7,acetone_hl_gap_eV,235,1.0,0.0,0.6995218550960065,0.6995218550960065,,,,1.0
7,acetone_hl_gap_eV,236,1.0,0.0,0.6995218550960065,0.6995218550960065,,,,1.0
7,acetone_hl_gap_eV,237,1.0,0.0,0.6995218550960065,0.6995218550960065,,,,1.0
7,acetone_hl_gap_eV,238,1.0,0.0,0.6995218550960065,0.6995218550960065,,,,1.0
7,acetone_hl_gap_eV,239,1.0,0.0,0.6995218550960065,0.6995218550960065,,,,1.0
7,acetone_hl_gap_eV,240,1.0,0.0,0.6995218550960065,0.6995218550960065,,,,1.0
7,acetone_hl_gap_eV,241,1.0,0.0,0.6995218550960065,0.6995218550960065,,,,1.0
7,acetone_hl_gap_eV,242,1.0,0.0,0.6995218550960065,0.6995218550960065,,,,1.0
7,acetone_hl_gap_eV,243,1.0,0.0,0.6995218550960065,0.6995218550960065,,,,1.0
7,acetone_hl_gap_eV,244,1.0,0.0,0.6995218550960065,0.6995218550960065,,,,1.0
7,acetone_hl_gap_eV,245,1.0,0.0,0.6995218550960065,0.6995218550960065,,,,1.0
7,acetone_hl_gap_eV,246,1.0,0.0,0.6995218550960065,0.6995218550960065,,,,1.0
7,acetone_hl_gap_eV,247,1.0,0.0,0.6995218550960065,0.6995218550960065,,,,1.0
7,acetone_hl_gap_eV,248,1.0,0.0,0.6995218550960065,0.6995218550960065,,,,1.0
7,acetone_hl_gap_eV,249,1.0,0.0,0.6995218550960065,0.6995218550960065,,,,1.0
7,acetone_dipole,0,1.0000001192092896,0.0,0.6617463246012671,0.6617463246012671,,,,1.0
7,acetone_dipole,1,1.0000001192092896,0.0,0.6617463246012671,0.6617463246012671,,,,1.0
7,acetone_dipole,2,1.0000001192092896,0.0,0.6617463246012671,0.6617463246012671,,,,1.0
7,acetone_dipole,3,1.0000001192092896,0.0,0.6617463246012671,0.6617463246012671,,,,1.0
7,acetone_dipole,4,1.0000001192092896,0.0,0.6617463246012671,0.6617463246012671,,,,1.0
7,acetone_dipole,5,1.0000001192092896,0.0,0.6617463246012671,0.6617463246012671,,,,1.0
7,acetone_dipole,6,1.0000001192092896,0.0,0.6617463246012671,0.6617463246012671,,,,1.0
7,acetone_dipole,7,1.0000001192092896,0.0,0.6617463246012671,0.6617463246012671,,,,1.0
7,acetone_dipole,8,1.0000001192092896,0.0,0.6617463246012671,0.6617463246012671,,,,1.0
7,acetone_dipole,9,1.0000001192092896,0.0,0.6617463246012671,0.6617463246012671,,,,1.0
7,acetone_dipole,10,1.0000001192092896,0.0,0.6617463246012671,0.6617463246012671,,,,1.0
7,acetone_dipole,11,1.0000001192092896,0.0,0.6617463246012671,0.6617463246012671,,,,1.0
7,acetone_dipole,12,1.0000001192092896,0.0,0.6617463246012671,0.6617463246012671,,,,1.0
7,acetone_dipole,13,1.0000001192092896,0.0,0.6617463246012671,0.6617463246012671,,,,1.0
7,acetone_dipole,14,1.0000001192092896,0.0,0.6617463246012671,0.6617463246012671,,,,1.0
7,acetone_dipole,15,1.0000001192092896,0.0,0.6617463246012671,0.6617463246012671,,,,1.0
7,acetone_dipole,16,1.0000001192092896,0.0,0.6617463246012671,0.6617463246012671,,,,1.0
7,acetone_dipole,17,1.0000001192092896,0.0,0.6617463246012671,0.6617463246012671,,,,1.0
7,acetone_dipole,18,1.0000001192092896,0.0,0.6617463246012671,0.6617463246012671,,,,1.0
7,acetone_dipole,19,1.0000001192092896,0.0,0.6617463246012671,0.6617463246012671,,,,1.0
7,acetone_dipole,20,1.0000001192092896,0.0,0.6617463246012671,0.6617463246012671,,,,1.0
7,acetone_dipole,21,1.0000001192092896,0.0,0.6617463246012671,0.6617463246012671,,,,1.0
7,acetone_dipole,22,1.0000001192092896,0.0,0.6617463246012671,0.6617463246012671,,,,1.0
7,acetone_dipole,23,1.0000001192092896,0.0,0.6617463246012671,0.6617463246012671,,,,1.0
7,acetone_dipole,24,1.0000001192092896,0.0,0.6617463246012671,0.6617463246012671,,,,1.0
7,acetone_dipole,25,1.0000001192092896,0.0,0.6617463246012671,0.6617463246012671,,,,1.0
7,acetone_dipole,26,1.0000001192092896,0.0,0.6617463246012671,0.6617463246012671,,,,1.0
7,acetone_dipole,27,1.0000001192092896,0.0,0.6617463246012671,0.6617463246012671,,,,1.0
7,acetone_dipole,28,1.0000001192092896,0.0,0.6617463246012671,0.6617463246012671,,,,1.0
7,acetone_dipole,29,1.0000001192092896,0.0,0.6617463246012671,0.6617463246012671,,,,1.0
7,acetone_dipole,30,1.0000001192092896,0.0,0.6617463246012671,0.6617463246012671,,,,1.0
7,acetone_dipole,31,1.0000001192092896,0.0,0.6617463246012671,0.6617463246012671,,,,1.0
7,acetone_dipole,32,1.0000001192092896,0.0,0.6617463246012671,0.6617463246012671,,,,1.0
7,acetone_dipole,33,1.0000001192092896,0.0,0.6617463246012671,0.6617463246012671,,,,1.0
7,acetone_dipole,34,1.0000001192092896,0.0,0.6617463246012671,0.6617463246012671,,,,1.0
7,acetone_dipole,35,1.0000001192092896,0.0,0.6617463246012671,0.6617463246012671,,,,1.0
7,acetone_dipole,36,1.0000001192092896,0.0,0.6617463246012671,0.6617463246012671,,,,1.0
7,acetone_dipole,37,1.0000001192092896,0.0,0.6617463246012671,0.6617463246012671,,,,1.0
7,acetone_dipole,38,1.0000001192092896,0.0,0.6617463246012671,0.6617463246012671,,,,1.0
7,acetone_dipole,39,1.0000001192092896,0.0,0.6617463246012671,0.6617463246012671,,,,1.0
7,acetone_dipole,40,1.0000001192092896,0.0,0.6617463246012671,0.6617463246012671,,,,1.0
7,acetone_dipole,41,1.0000001192092896,0.0,0.6617463246012671,0.6617463246012671,,,,1.0
7,acetone_dipole,42,1.0000001192092896,0.0,0.6617463246012671,0.6617463246012671,,,,1.0
7,acetone_dipole,43,1.0000001192092896,0.0,0.6617463246012671,0.6617463246012671,,,,1.0
7,acetone_dipole,44,1.0000001192092896,0.0,0.6617463246012671,0.6617463246012671,,,,1.0
7,acetone_dipole,45,1.0000001192092896,0.0,0.6617463246012671,0.6617463246012671,,,,1.0
7,acetone_dipole,46,1.0000001192092896,0.0,0.6617463246012671,0.6617463246012671,,,,1.0
7,acetone_dipole,47,1.0000001192092896,0.0,0.6617463246012671,0.6617463246012671,,,,1.0
7,acetone_dipole,48,1.0000001192092896,0.0,0.6617463246012671,0.6617463246012671,,,,1.0
7,acetone_dipole,49,1.0000001192092896,0.0,0.6617463246012671,0.6617463246012671,,,,1.0
7,acetone_dipole,50,1.0000001192092896,0.0,0.6617463246012671,0.6617463246012671,,,,1.0
7,acetone_dipole,51,1.0000001192092896,0.0,0.6617463246012671,0.6617463246012671,,,,1.0
7,acetone_dipole,52,1.0000001192092896,0.0,0.6617463246012671,0.6617463246012671,,,,1.0
7,acetone_dipole,53,1.0000001192092896,0.0,0.6617463246012671,0.6617463246012671,,,,1.0
7,acetone_dipole,54,1.0000001192092896,0.0,0.6617463246012671,0.6617463246012671,,,,1.0
7,acetone_dipole,55,1.0000001192092896,0.0,0.6617463246012671,0.6617463246012671,,,,1.0
7,acetone_dipole,56,1.0000001192092896,0.0,0.6617463246012671,0.6617463246012671,,,,1.0
7,acetone_dipole,57,1.0000001192092896,0.0,0.6617463246012671,0.6617463246012671,,,,1.0
7,acetone_dipole,58,1.0000001192092896,0.0,0.6617463246012671,0.6617463246012671,,,,1.0
7,acetone_dipole,59,1.0000001192092896,0.0,0.6617463246012671,0.6617463246012671,,,,1.0
7,acetone_dipole,60,1.0000001192092896,0.0,0.6617463246012671,0.6617463246012671,,,,1.0
7,acetone_dipole,61,1.0000001192092896,0.0,0.6617463246012671,0.6617463246012671,,,,1.0
7,acetone_dipole,62,1.0000001192092896,0.0,0.6617463246012671,0.6617463246012671,,,,1.0
7,acetone_dipole,63,1.0000001192092896,0.0,0.6617463246012671,0.6617463246012671,,,,1.0
7,acetone_dipole,64,1.0000001192092896,0.0,0.6617463246012671,0.6617463246012671,,,,1.0
7,acetone_dipole,65,1.0000001192092896,0.0,0.6617463246012671,0.6617463246012671,,,,1.0
7,acetone_dipole,66,1.0000001192092896,0.0,0.6617463246012671,0.6617463246012671,,,,1.0
7,acetone_dipole,67,1.0000001192092896,0.0,0.6617463246012671,0.6617463246012671,,,,1.0
7,acetone_dipole,68,1.0000001192092896,0.0,0.6617463246012671,0.6617463246012671,,,,1.0
7,acetone_dipole,69,1.0000001192092896,0.0,0.6617463246012671,0.6617463246012671,,,,1.0
7,acetone_dipole,70,1.0000001192092896,0.0,0.6617463246012671,0.6617463246012671,,,,1.0
7,acetone_dipole,71,1.0000001192092896,0.0,0.6617463246012671,0.6617463246012671,,,,1.0
7,acetone_dipole,72,1.0000001192092896,0.0,0.6617463246012671,0.6617463246012671,,,,1.0
7,acetone_dipole,73,1.0000001192092896,0.0,0.6617463246012671,0.6617463246012671,,,,1.0
7,acetone_dipole,74,1.0000001192092896,0.0,0.6617463246012671,0.6617463246012671,,,,1.0
7,acetone_dipole,75,1.0000001192092896,0.0,0.6617463246012671,0.6617463246012671,,,,1.0
7,acetone_dipole,76,1.0000001192092896,0.0,0.6617463246012671,0.6617463246012671,,,,1.0
7,acetone_dipole,77,1.0000001192092896,0.0,0.6617463246012671,0.6617463246012671,,,,1.0
7,acetone_dipole,78,1.0000001192092896,0.0,0.6617463246012671,0.6617463246012671,,,,1.0
7,acetone_dipole,79,1.0000001192092896,0.0,0.6617463246012671,0.6617463246012671,,,,1.0
7,acetone_dipole,80,1.0000001192092896,0.0,0.6617463246012671,0.6617463246012671,,,,1.0
7,acetone_dipole,81,1.0000001192092896,0.0,0.6617463246012671,0.6617463246012671,,,,1.0
7,acetone_dipole,82,1.0000001192092896,0.0,0.6617463246012671,0.6617463246012671,,,,1.0
7,acetone_dipole,83,1.0000001192092896,0.0,0.6617463246012671,0.6617463246012671,,,,1.0
7,acetone_dipole,84,1.0000001192092896,0.0,0.6617463246012671,0.6617463246012671,,,,1.0
7,acetone_dipole,85,1.0000001192092896,0.0,0.6617463246012671,0.6617463246012671,,,,1.0
7,acetone_dipole,86,1.0000001192092896,0.0,0.6617463246012671,0.6617463246012671,,,,1.0
7,acetone_dipole,87,1.0000001192092896,0.0,0.6617463246012671,0.6617463246012671,,,,1.0
7,acetone_dipole,88,1.0000001192092896,0.0,0.6617463246012671,0.6617463246012671,,,,1.0
7,acetone_dipole,89,1.0000001192092896,0.0,0.6617463246012671,0.6617463246012671,,,,1.0
7,acetone_dipole,90,1.0000001192092896,0.0,0.6617463246012671,0.6617463246012671,,,,1.0
7,acetone_dipole,91,1.0000001192092896,0.0,0.6617463246012671,0.6617463246012671,,,,1.0
7,acetone_dipole,92,1.0000001192092896,0.0,0.6617463246012671,0.6617463246012671,,,,1.0
7,acetone_dipole,93,1.0000001192092896,0.0,0.6617463246012671,0.6617463246012671,,,,1.0
7,acetone_dipole,94,1.0000001192092896,0.0,0.6617463246012671,0.6617463246012671,,,,1.0
7,acetone_dipole,95,1.0000001192092896,0.0,0.6617463246012671,0.6617463246012671,,,,1.0
7,acetone_dipole,96,1.0000001192092896,0.0,0.6617463246012671,0.6617463246012671,,,,1.0
7,acetone_dipole,97,1.0000001192092896,0.0,0.6617463246012671,0.6617463246012671,,,,1.0
7,acetone_dipole,98,1.0000001192092896,0.0,0.6617463246012671,0.6617463246012671,,,,1.0
7,acetone_dipole,99,1.0000001192092896,0.0,0.6617463246012671,0.6617463246012671,,,,1.0
7,acetone_dipole,100,1.0000001192092896,0.0,0.6617463246012671,0.6617463246012671,,,,1.0
7,acetone_dipole,101,1.0000001192092896,0.0,0.6617463246012671,0.6617463246012671,,,,1.0
7,acetone_dipole,102,1.0000001192092896,0.0,0.6617463246012671,0.6617463246012671,,,,1.0
7,acetone_dipole,103,1.0000001192092896,0.0,0.6617463246012671,0.6617463246012671,,,,1.0
7,acetone_dipole,104,1.0000001192092896,0.0,0.6617463246012671,0.6617463246012671,,,,1.0
7,acetone_dipole,105,1.0000001192092896,0.0,0.6617463246012671,0.6617463246012671,,,,1.0
7,acetone_dipole,106,1.0000001192092896,0.0,0.6617463246012671,0.6617463246012671,,,,1.0
7,acetone_dipole,107,1.0000001192092896,0.0,0.6617463246012671,0.6617463246012671,,,,1.0
7,acetone_dipole,108,1.0000001192092896,0.0,0.6617463246012671,0.6617463246012671,,,,1.0
7,acetone_dipole,109,1.0000001192092896,0.0,0.6617463246012671,0.6617463246012671,,,,1.0
7,acetone_dipole,110,1.0000001192092896,0.0,0.6617463246012671,0.6617463246012671,,,,1.0
7,acetone_dipole,111,1.0000001192092896,0.0,0.6617463246012671,0.6617463246012671,,,,1.0
7,acetone_dipole,112,1.0000001192092896,0.0,0.6617463246012671,0.6617463246012671,,,,1.0
7,acetone_dipole,113,1.0000001192092896,0.0,0.6617463246012671,0.6617463246012671,,,,1.0
7,acetone_dipole,114,1.0000001192092896,0.0,0.6617463246012671,0.6617463246012671,,,,1.0
7,acetone_dipole,115,1.0000001192092896,0.0,0.6617463246012671,0.6617463246012671,,,,1.0
7,acetone_dipole,116,1.0000001192092896,0.0,0.6617463246012671,0.6617463246012671,,,,1.0
7,acetone_dipole,117,1.0000001192092896,0.0,0.6617463246012671,0.6617463246012671,,,,1.0
7,acetone_dipole,118,1.0000001192092896,0.0,0.6617463246012671,0.6617463246012671,,,,1.0
7,acetone_dipole,119,1.0000001192092896,0.0,0.6617463246012671,0.6617463246012671,,,,1.0
7,acetone_dipole,120,1.0000001192092896,0.0,0.6617463246012671,0.6617463246012671,,,,1.0
7,acetone_dipole,121,1.0000001192092896,0.0,0.6617463246012671,0.6617463246012671,,,,1.0
7,acetone_dipole,122,1.0000001192092896,0.0,0.6617463246012671,0.6617463246012671,,,,1.0
7,acetone_dipole,123,1.0000001192092896,0.0,0.6617463246012671,0.6617463246012671,,,,1.0
7,acetone_dipole,124,1.0000001192092896,0.0,0.6617463246012671,0.6617463246012671,,,,1.0
7,acetone_dipole,125,1.0000001192092896,0.0,0.6617463246012671,0.6617463246012671,,,,1.0
7,acetone_dipole,126,1.0000001192092896,0.0,0.6617463246012671,0.6617463246012671,,,,1.0
7,acetone_dipole,127,1.0000001192092896,0.0,0.6617463246012671,0.6617463246012671,,,,1.0
7,acetone_dipole,128,1.0000001192092896,0.0,0.6617463246012671,0.6617463246012671,,,,1.0
7,acetone_dipole,129,1.0000001192092896,0.0,0.6617463246012671,0.6617463246012671,,,,1.0
7,acetone_dipole,130,1.0000001192092896,0.0,0.6617463246012671,0.6617463246012671,,,,1.0
7,acetone_dipole,131,1.0000001192092896,0.0,0.6617463246012671,0.6617463246012671,,,,1.0
7,acetone_dipole,132,1.0000001192092896,0.0,0.6617463246012671,0.6617463246012671,,,,1.0
7,acetone_dipole,133,1.0000001192092896,0.0,0.6617463246012671,0.6617463246012671,,,,1.0
7,acetone_dipole,134,1.0000001192092896,0.0,0.6617463246012671,0.6617463246012671,,,,1.0
7,acetone_dipole,135,1.0000001192092896,0.0,0.6617463246012671,0.6617463246012671,,,,1.0
7,acetone_dipole,136,1.0000001192092896,0.0,0.6617463246012671,0.6617463246012671,,,,1.0
7,acetone_dipole,137,1.0000001192092896,0.0,0.6617463246012671,0.6617463246012671,,,,1.0
7,acetone_dipole,138,1.0000001192092896,0.0,0.6617463246012671,0.6617463246012671,,,,1.0
7,acetone_dipole,139,1.0000001192092896,0.0,0.6617463246012671,0.6617463246012671,,,,1.0
7,acetone_dipole,140,1.0000001192092896,0.0,0.6617463246012671,0.6617463246012671,,,,1.0
7,acetone_dipole,141,1.0000001192092896,0.0,0.6617463246012671,0.6617463246012671,,,,1.0
7,acetone_dipole,142,1.0000001192092896,0.0,0.6617463246012671,0.6617463246012671,,,,1.0
7,acetone_dipole,143,1.0000001192092896,0.0,0.6617463246012671,0.6617463246012671,,,,1.0
7,acetone_dipole,144,1.0000001192092896,0.0,0.6617463246012671,0.6617463246012671,,,,1.0
7,acetone_dipole,145,1.0000001192092896,0.0,0.6617463246012671,0.6617463246012671,,,,1.0
7,acetone_dipole,146,1.0000001192092896,0.0,0.6617463246012671,0.6617463246012671,,,,1.0
7,acetone_dipole,147,1.0000001192092896,0.0,0.6617463246012671,0.6617463246012671,,,,1.0
7,acetone_dipole,148,1.0000001192092896,0.0,0.6617463246012671,0.6617463246012671,,,,1.0
7,acetone_dipole,149,1.0000001192092896,0.0,0.6617463246012671,0.6617463246012671,,,,1.0
7,acetone_dipole,150,1.0000001192092896,0.0,0.6617463246012671,0.6617463246012671,,,,1.0
7,acetone_dipole,151,1.0000001192092896,0.0,0.6617463246012671,0.6617463246012671,,,,1.0
7,acetone_dipole,152,1.0000001192092896,0.0,0.6617463246012671,0.6617463246012671,,,,1.0
7,acetone_dipole,153,1.0000001192092896,0.0,0.6617463246012671,0.6617463246012671,,,,1.0
7,acetone_dipole,154,1.0000001192092896,0.0,0.6617463246012671,0.6617463246012671,,,,1.0
7,acetone_dipole,155,1.0000001192092896,0.0,0.6617463246012671,0.6617463246012671,,,,1.0
7,acetone_dipole,156,1.0000001192092896,0.0,0.6617463246012671,0.6617463246012671,,,,1.0
7,acetone_dipole,157,1.0000001192092896,0.0,0.6617463246012671,0.6617463246012671,,,,1.0
7,acetone_dipole,158,1.0000001192092896,0.0,0.6617463246012671,0.6617463246012671,,,,1.0
7,acetone_dipole,159,1.0000001192092896,0.0,0.6617463246012671,0.6617463246012671,,,,1.0
7,acetone_dipole,160,1.0000001192092896,0.0,0.6617463246012671,0.6617463246012671,,,,1.0
7,acetone_dipole,161,1.0000001192092896,0.0,0.6617463246012671,0.6617463246012671,,,,1.0
7,acetone_dipole,162,1.0000001192092896,0.0,0.6617463246012671,0.6617463246012671,,,,1.0
7,acetone_dipole,163,1.0000001192092896,0.0,0.6617463246012671,0.6617463246012671,,,,1.0
7,acetone_dipole,164,1.0000001192092896,0.0,0.6617463246012671,0.6617463246012671,,,,1.0
7,acetone_dipole,165,1.0000001192092896,0.0,0.6617463246012671,0.6617463246012671,,,,1.0
7,acetone_dipole,166,1.0000001192092896,0.0,0.6617463246012671,0.6617463246012671,,,,1.0
7,acetone_dipole,167,1.0000001192092896,0.0,0.6617463246012671,0.6617463246012671,,,,1.0
7,acetone_dipole,168,1.0000001192092896,0.0,0.6617463246012671,0.6617463246012671,,,,1.0
7,acetone_dipole,169,1.0000001192092896,0.0,0.6617463246012671,0.6617463246012671,,,,1.0
7,acetone_dipole,170,1.0000001192092896,0.0,0.6617463246012671,0.6617463246012671,,,,1.0
7,acetone_dipole,171,1.0000001192092896,0.0,0.6617463246012671,0.6617463246012671,,,,1.0
7,acetone_dipole,172,1.0000001192092896,0.0,0.6617463246012671,0.6617463246012671,,,,1.0
7,acetone_dipole,173,1.0000001192092896,0.0,0.6617463246012671,0.6617463246012671,,,,1.0
7,acetone_dipole,174,1.0000001192092896,0.0,0.6617463246012671,0.6617463246012671,,,,1.0
7,acetone_dipole,175,1.0000001192092896,0.0,0.6617463246012671,0.6617463246012671,,,,1.0
7,acetone_dipole,176,1.0000001192092896,0.0,0.6617463246012671,0.6617463246012671,,,,1.0
7,acetone_dipole,177,1.0000001192092896,0.0,0.6617463246012671,0.6617463246012671,,,,1.0
7,acetone_dipole,178,1.0000001192092896,0.0,0.6617463246012671,0.6617463246012671,,,,1.0
7,acetone_dipole,179,1.0000001192092896,0.0,0.6617463246012671,0.6617463246012671,,,,1.0
7,acetone_dipole,180,1.0000001192092896,0.0,0.6617463246012671,0.6617463246012671,,,,1.0
7,acetone_dipole,181,1.0000001192092896,0.0,0.6617463246012671,0.6617463246012671,,,,1.0
7,acetone_dipole,182,1.0000001192092896,0.0,0.6617463246012671,0.6617463246012671,,,,1.0
7,acetone_dipole,183,1.0000001192092896,0.0,0.6617463246012671,0.6617463246012671,,,,1.0
7,acetone_dipole,184,1.0000001192092896,0.0,0.6617463246012671,0.6617463246012671,,,,1.0
7,acetone_dipole,185,1.0000001192092896,0.0,0.6617463246012671,0.6617463246012671,,,,1.0
7,acetone_dipole,186,1.0000001192092896,0.0,0.6617463246012671,0.6617463246012671,,,,1.0
7,acetone_dipole,187,1.0000001192092896,0.0,0.6617463246012671,0.6617463246012671,,,,1.0
7,acetone_dipole,188,1.0000001192092896,0.0,0.6617463246012671,0.6617463246012671,,,,1.0
7,acetone_dipole,189,1.0000001192092896,0.0,0.6617463246012671,0.6617463246012671,,,,1.0
7,acetone_dipole,190,1.0000001192092896,0.0,0.6617463246012671,0.6617463246012671,,,,1.0
7,acetone_dipole,191,1.0000001192092896,0.0,0.6617463246012671,0.6617463246012671,,,,1.0
7,acetone_dipole,192,1.0000001192092896,0.0,0.6617463246012671,0.6617463246012671,,,,1.0
7,acetone_dipole,193,1.0000001192092896,0.0,0.6617463246012671,0.6617463246012671,,,,1.0
7,acetone_dipole,194,1.0000001192092896,0.0,0.6617463246012671,0.6617463246012671,,,,1.0
7,acetone_dipole,195,1.0000001192092896,0.0,0.6617463246012671,0.6617463246012671,,,,1.0
7,acetone_dipole,196,1.0000001192092896,0.0,0.6617463246012671,0.6617463246012671,,,,1.0
7,acetone_dipole,197,1.0000001192092896,0.0,0.6617463246012671,0.6617463246012671,,,,1.0
7,acetone_dipole,198,1.0000001192092896,0.0,0.6617463246012671,0.6617463246012671,,,,1.0
7,acetone_dipole,199,1.0000001192092896,0.0,0.6617463246012671,0.6617463246012671,,,,1.0
7,acetone_dipole,200,1.0000001192092896,0.0,0.6617463246012671,0.6617463246012671,,,,1.0
7,acetone_dipole,201,1.0000001192092896,0.0,0.6617463246012671,0.6617463246012671,,,,1.0
7,acetone_dipole,202,1.0000001192092896,0.0,0.6617463246012671,0.6617463246012671,,,,1.0
7,acetone_dipole,203,1.0000001192092896,0.0,0.6617463246012671,0.6617463246012671,,,,1.0
7,acetone_dipole,204,1.0000001192092896,0.0,0.6617463246012671,0.6617463246012671,,,,1.0
7,acetone_dipole,205,1.0000001192092896,0.0,0.6617463246012671,0.6617463246012671,,,,1.0
7,acetone_dipole,206,1.0000001192092896,0.0,0.6617463246012671,0.6617463246012671,,,,1.0
7,acetone_dipole,207,1.0000001192092896,0.0,0.6617463246012671,0.6617463246012671,,,,1.0
7,acetone_dipole,208,1.0000001192092896,0.0,0.6617463246012671,0.6617463246012671,,,,1.0
7,acetone_dipole,209,1.0000001192092896,0.0,0.6617463246012671,0.6617463246012671,,,,1.0
7,acetone_dipole,210,1.0000001192092896,0.0,0.6617463246012671,0.6617463246012671,,,,1.0
7,acetone_dipole,211,1.0000001192092896,0.0,0.6617463246012671,0.6617463246012671,,,,1.0
7,acetone_dipole,212,1.0000001192092896,0.0,0.6617463246012671,0.6617463246012671,,,,1.0
7,acetone_dipole,213,1.0000001192092896,0.0,0.6617463246012671,0.6617463246012671,,,,1.0
7,acetone_dipole,214,1.0000001192092896,0.0,0.6617463246012671,0.6617463246012671,,,,1.0
7,acetone_dipole,215,1.0000001192092896,0.0,0.6617463246012671,0.6617463246012671,,,,1.0
7,acetone_dipole,216,1.0000001192092896,0.0,0.6617463246012671,0.6617463246012671,,,,1.0
7,acetone_dipole,217,1.0000001192092896,0.0,0.6617463246012671,0.6617463246012671,,,,1.0
7,acetone_dipole,218,1.0000001192092896,0.0,0.6617463246012671,0.6617463246012671,,,,1.0
7,acetone_dipole,219,1.0000001192092896,0.0,0.6617463246012671,0.6617463246012671,,,,1.0
7,acetone_dipole,220,1.0000001192092896,0.0,0.6617463246012671,0.6617463246012671,,,,1.0
7,acetone_dipole,221,1.0000001192092896,0.0,0.6617463246012671,0.6617463246012671,,,,1.0
7,acetone_dipole,222,1.0000001192092896,0.0,0.6617463246012671,0.6617463246012671,,,,1.0
7,acetone_dipole,223,1.0000001192092896,0.0,0.6617463246012671,0.6617463246012671,,,,1.0
7,acetone_dipole,224,1.0000001192092896,0.0,0.6617463246012671,0.6617463246012671,,,,1.0
7,acetone_dipole,225,1.0000001192092896,0.0,0.6617463246012671,0.6617463246012671,,,,1.0
7,acetone_dipole,226,1.0000001192092896,0.0,0.6617463246012671,0.6617463246012671,,,,1.0
7,acetone_dipole,227,1.0000001192092896,0.0,0.6617463246012671,0.6617463246012671,,,,1.0
7,acetone_dipole,228,1.0000001192092896,0.0,0.6617463246012671,0.6617463246012671,,,,1.0
7,acetone_dipole,229,1.0000001192092896,0.0,0.6617463246012671,0.6617463246012671,,,,1.0
7,acetone_dipole,230,1.0000001192092896,0.0,0.6617463246012671,0.6617463246012671,,,,1.0
7,acetone_dipole,231,1.0000001192092896,0.0,0.6617463246012671,0.6617463246012671,,,,1.0
7,acetone_dipole,232,1.0000001192092896,0.0,0.6617463246012671,0.6617463246012671,,,,1.0
7,acetone_dipole,233,1.0000001192092896,0.0,0.6617463246012671,0.6617463246012671,,,,1.0
7,acetone_dipole,234,1.0000001192092896,0.0,0.6617463246012671,0.6617463246012671,,,,1.0
7,acetone_dipole,235,1.0000001192092896,0.0,0.6617463246012671,0.6617463246012671,,,,1.0
7,acetone_dipole,236,1.0000001192092896,0.0,0.6617463246012671,0.6617463246012671,,,,1.0
7,acetone_dipole,237,1.0000001192092896,0.0,0.6617463246012671,0.6617463246012671,,,,1.0
7,acetone_dipole,238,1.0000001192092896,0.0,0.6617463246012671,0.6617463246012671,,,,1.0
7,acetone_dipole,239,1.0000001192092896,0.0,0.6617463246012671,0.6617463246012671,,,,1.0
7,acetone_dipole,240,1.0000001192092896,0.0,0.6617463246012671,0.6617463246012671,,,,1.0
7,acetone_dipole,241,1.0000001192092896,0.0,0.6617463246012671,0.6617463246012671,,,,1.0
7,acetone_dipole,242,1.0000001192092896,0.0,0.6617463246012671,0.6617463246012671,,,,1.0
7,acetone_dipole,243,1.0000001192092896,0.0,0.6617463246012671,0.6617463246012671,,,,1.0
7,acetone_dipole,244,1.0000001192092896,0.0,0.6617463246012671,0.6617463246012671,,,,1.0
7,acetone_dipole,245,1.0000001192092896,0.0,0.6617463246012671,0.6617463246012671,,,,1.0
7,acetone_dipole,246,1.0000001192092896,0.0,0.6617463246012671,0.6617463246012671,,,,1.0
7,acetone_dipole,247,1.0000001192092896,0.0,0.6617463246012671,0.6617463246012671,,,,1.0
7,acetone_dipole,248,1.0000001192092896,0.0,0.6617463246012671,0.6617463246012671,,,,1.0
7,acetone_dipole,249,1.0000001192092896,0.0,0.6617463246012671,0.6617463246012671,,,,1.0
7,octanol_gsolv_eV,0,0.3634375035762787,0.018624747171998024,0.6290042176639048,0.9689592931153801,3.392801523208618,0.409493625164032,0.12069483651279676,0.42
7,octanol_gsolv_eV,1,0.16775967180728912,0.027775777503848076,0.6154935637477339,0.9288397912412212,5.11867094039917,0.1661478877067566,0.032459185136405715,0.16
7,octanol_gsolv_eV,2,0.38385865092277527,0.04657488316297531,0.5960416567032853,0.926795595196009,8.247011184692383,0.7228173017501831,0.08764597083266167,0.34
7,octanol_gsolv_eV,3,0.1193264052271843,0.039659284055233,0.6054298140331309,0.9543218036948793,7.16288948059082,0.005934670567512512,0.0008285302437785204,0.14
7,octanol_gsolv_eV,4,0.14732369780540466,0.04328026995062828,0.6084794359656636,0.9602917235263106,7.883812427520752,0.04949571564793587,0.006278144755848909,0.04
7,octanol_gsolv_eV,5,0.11474121361970901,0.024884521961212158,0.6137457787350289,0.9495039920412705,4.477055072784424,0.06422325223684311,0.014344977042442458,0.08
7,octanol_gsolv_eV,6,0.5987118482589722,0.006598267238587141,0.6487608237759126,0.8955477467502531,1.1788657903671265,0.7667255401611328,0.6503925607361603,0.48
7,octanol_gsolv_eV,7,0.43394362926483154,0.017221443355083466,0.6273122007095362,0.9380615252358422,3.1531639099121094,0.3161529302597046,0.10026530154866481,0.4
7,octanol_gsolv_eV,8,0.16545292735099792,0.014685548841953278,0.6265582509607182,0.913758380940922,2.628922700881958,0.23661252856254578,0.09000360812555135,0.12
7,octanol_gsolv_eV,9,0.07965468615293503,0.030847376212477684,0.6072366021586619,0.9508424954282202,5.527677536010742,0.03813030570745468,0.006898069841999658,0.06
7,octanol_gsolv_eV,10,0.19267989695072174,0.0307815782725811,0.6074437654484206,0.9157830505266917,5.590176582336426,0.24176333844661713,0.043247889379832725,0.04
7,octanol_gsolv_eV,11,0.07428111881017685,0.0207362100481987,0.62419544422106,0.9479433342113572,3.74108624458313,0.06971865147352219,0.01863593804459083,0.04
7,octanol_gsolv_eV,12,0.20580218732357025,0.00852343812584877,0.6310371893620186,0.954161677772801,1.482017159461975,0.08517760783433914,0.057474103650231444,0.3
7,octanol_gsolv_eV,13,0.05670919641852379,0.01539568230509758,0.6178998187513514,0.9702945053158767,2.741217851638794,0.002554934471845627,0.000932043569728761,0.06
7,octanol_gsolv_eV,14,0.06866248697042465,0.01480579748749733,0.6280022670238492,0.9651745336605757,2.6587393283843994,0.06059802696108818,0.022792015115641658,0.04
7,octanol_gsolv_eV,15,0.345091313123703,0.03469185158610344,0.6162386796598862,0.9326106546735551,6.360753536224365,0.39051347970962524,0.061394216500554336,0.32
7,octanol_gsolv_eV,16,0.5934170484542847,0.01314824540168047,0.6389523734652254,0.9423619332444275,2.393489360809326,1.5255718231201172,0.6373840001545967,0.16
7,octanol_gsolv_eV,17,0.20196492969989777,0.0292840376496315,0.6110460439157841,0.9110589843328731,5.435357093811035,0.3467375338077545,0.06379296296881155,0.12
7,octanol_gsolv_eV,18,0.032961826771497726,0.039260223507881165,0.6057781136280391,0.9327108637644719,7.108839511871338,0.025461498647928238,0.0035816673882437568,0.02
7,octanol_gsolv_eV,19,0.24445733428001404,0.02370893955230713,0.626049164386193,0.9694909132095577,4.329611778259277,0.05169923976063728,0.01194084883550991,0.28
7,octanol_gsolv_eV,20,0.10737374424934387,0.010972948744893074,0.6279250662165288,0.9677033819523091,1.9460017681121826,0.053385794162750244,0.027433579474359798,0.12
7,octanol_gsolv_eV,21,0.6095176339149475,0.009817338548600674,0.6454709795253062,0.9126076018858653,1.7813414335250854,0.769720733165741,0.4321017401153385,0.42
7,octanol_gsolv_eV,22,0.049600325524806976,0.02245643362402916,0.618188009113332,0.952082185583399,4.0210862159729,0.012064667418599129,0.0030003503458032885,0.04
7,octanol_gsolv_eV,23,0.1295599788427353,0.03491109237074852,0.6026613678176114,0.9187059818307237,6.290746212005615,0.1464582085609436,0.02328153189226335,0.08
7,octanol_gsolv_eV,24,0.07958146184682846,0.036929044872522354,0.6058827272418938,0.965589581744787,6.687579154968262,0.010792577639222145,0.0016138242836653744,0.06
7,octanol_gsolv_eV,25,0.1463301032781601,0.022410383448004723,0.6172139014389402,0.8890395466554486,4.082272052764893,0.32881268858909607,0.08054649086074352,0.06
7,octanol_gsolv_eV,26,0.28877294063568115,0.0360567644238472,0.6044819659742786,0.9576141117092918,6.561213493347168,0.024271290749311447,0.003699207589254892,0.24
7,octanol_gsolv_eV,27,0.19522735476493835,0.0204877108335495,0.6275253638019103,0.9008962996997674,3.734063148498535,0.4904669225215912,0.1313493915384928,0.2
7,octanol_gsolv_eV,28,0.0968737006187439,0.011647449806332588,0.6269850574290343,0.9497450810964823,2.0613200664520264,0.03713072091341019,0.018013078860344145,0.04
7,octanol_gsolv_eV,29,0.11120428144931793,0.013653120957314968,0.6211518460847545,0.9673222314991006,2.4273533821105957,0.03528061881661415,0.014534603439544299,0.08
7,octanol_gsolv_eV,30,0.6004640460014343,0.010119825601577759,0.6430389477611445,0.8990311231715662,1.8358551263809204,0.8632662892341614,0.4702257148884867,0.44
7,octanol_gsolv_eV,31,0.2102624624967575,0.030892055481672287,0.62369616739404,0.9001083676108323,5.710788249969482,0.48355764150619507,0.08467441276758583,0.18
7,octanol_gsolv_eV,32,0.3637755811214447,0.014345871284604073,0.6293706284406211,0.9653291549489618,2.6232848167419434,0.18820707499980927,0.07174481161887634,0.3
7,octanol_gsolv_eV,33,0.23630912601947784,0.009935921058058739,0.630058217051636,0.9221411534140465,1.7638713121414185,0.3395107686519623,0.1924804640310075,0.08
7,octanol_gsolv_eV,34,0.09896382689476013,0.031767744570970535,0.61222659322018,0.9224048971277989,5.799463748931885,0.12123586237430573,0.020904667676668265,0.1
7,octanol_gsolv_eV,35,0.07553238421678543,0.01927982270717621,0.6224803675191364,0.9662061598862499,3.4651036262512207,0.030842354521155357,0.008900846222172774,0.06
7,octanol_gsolv_eV,36,0.15067440271377563,0.03248553350567818,0.6096558939465633,0.9190942074941457,5.920701026916504,0.4457845389842987,0.07529252650280552,0.1
7,octanol_gsolv_eV,37,0.0934794694185257,0.036232031881809235,0.6244267877064575,0.9552823223448397,6.621806621551514,0.015566558577120304,0.002350802351499809,0.12
7,octanol_gsolv_eV,38,0.3452858626842499,0.021762391552329063,0.6215918916749381,0.9064476630034419,3.997129440307617,0.4817889630794525,0.12053374059419358,0.32
7,octanol_gsolv_eV,39,0.06527248024940491,0.008897645398974419,0.6295785899098765,0.9656295692690144,1.5556292533874512,0.020314600318670273,0.01305876723161019,0.04
7,octanol_gsolv_eV,40,0.12914791703224182,0.03429999575018883,0.6216341132821543,0.9149957319849968,6.303456783294678,0.29974794387817383,0.0475529466105901,0.14
7,octanol_gsolv_eV,41,0.06154102087020874,0.028486020863056183,0.6236740279046806,0.957402169462934,5.196151256561279,0.0029836285393685102,0.0005741997089867285,0.06
7,octanol_gsolv_eV,42,0.05733684077858925,0.03750266134738922,0.6008877774192078,0.9772953473828101,6.670827865600586,0.007496140897274017,0.0011237197313888607,0.08
7,octanol_gsolv_eV,43,0.07497061043977737,0.035079289227724075,0.611773676472773,0.9708675608302262,6.3713202476501465,0.008433790877461433,0.0013237116562414143,0.1
7,octanol_gsolv_eV,44,0.47211650013923645,0.008510839194059372,0.6368287838855355,0.9141274246173492,1.511905312538147,0.7054070234298706,0.4665682550223015,0.28
7,octanol_gsolv_eV,45,0.03852052986621857,0.022969909012317657,0.6243856982426059,0.9691832163884504,4.163971424102783,0.01503052655607462,0.0036096613125324866,0.02
7,octanol_gsolv_eV,46,0.20376692712306976,0.0365675613284111,0.6061125182519709,0.9888940446285672,6.614975929260254,0.00395735539495945,0.0005982418435499881,0.22
7,octanol_gsolv_eV,47,0.19950176775455475,0.014916705898940563,0.6282178769861149,0.9633584894975884,2.686352014541626,0.11707504838705063,0.04358142482939907,0.18
7,octanol_gsolv_eV,48,0.0639086365699768,0.013222046196460724,0.6290061638640065,0.9723184055451739,2.350266218185425,0.005467708222568035,0.00232642080299716,0.04
7,octanol_gsolv_eV,49,0.5294561982154846,0.01644999347627163,0.6383068708092501,0.928946876089392,3.0281944274902344,0.8754714131355286,0.2891067380574763,0.38
7,octanol_gsolv_eV,50,0.07715234905481339,0.04051101952791214,0.6038742865186322,0.9228830118763813,7.32072114944458,0.10646194964647293,0.014542549493850091,0.08
7,octanol_gsolv_eV,51,0.17123396694660187,0.011372490786015987,0.6273494728320175,0.9534773610849825,2.021505355834961,0.10428518801927567,0.051587886086110216,0.02
7,octanol_gsolv_eV,52,0.15641652047634125,0.027463221922516823,0.6244188592567974,0.9675924149966777,5.002778053283691,0.04024941474199295,0.008045412831291666,0.22
7,octanol_gsolv_eV,53,0.061672914773225784,0.0387328639626503,0.5957994193440928,0.9539533703790326,6.7834391593933105,0.01300386618822813,0.0019170019635572518,0.06
7,octanol_gsolv_eV,54,0.06999606639146805,0.03396472707390785,0.610318389768213,0.9714153475362133,6.179433822631836,0.004588874522596598,0.000742604363815678,0.1
7,octanol_gsolv_eV,55,0.19261197745800018,0.020495150238275528,0.6216908442619618,0.9364427504131863,3.732553005218506,0.27630361914634705,0.07402537050647244,0.1
7,octanol_gsolv_eV,56,0.14771196246147156,0.020236089825630188,0.6248141624821071,0.963884789962131,3.660167932510376,0.08071919530630112,0.022053413065924208,0.1
7,octanol_gsolv_eV,57,0.31860587000846863,0.012741286307573318,0.6263379659793937,0.9025314976931125,2.309490919113159,0.4994034767150879,0.21623963644198177,0.26
7,octanol_gsolv_eV,58,0.05146431177854538,0.006069657392799854,0.6316604071228447,0.9812683691804811,1.028067946434021,0.053618744015693665,0.05215486408430184,0.04
7,octanol_gsolv_eV,59,0.21685750782489777,0.0147109879180789,0.6261605837380413,0.9456402178967516,2.6111252307891846,0.2596517503261566,0.0994405581411657,0.12
7,octanol_gsolv_eV,60,0.28546929359436035,0.03640485554933548,0.603469416589181,0.9283953033323493,6.60205078125,0.12540632486343384,0.01899505608463224,0.24
7,octanol_gsolv_eV,61,0.2892303168773651,0.035855524241924286,0.6087666079794649,0.9079860859576643,6.6138081550598145,0.5311141610145569,0.08030383533399504,0.32
7,octanol_gsolv_eV,62,0.17705169320106506,0.027829786762595177,0.6221635128587759,0.929213657375509,5.10753059387207,0.4401065707206726,0.08616817121931783,0.1
7,octanol_gsolv_eV,63,0.306194931268692,0.029683666303753853,0.608986929115485,0.9379556138101834,5.471573829650879,0.19423677027225494,0.03549925054829215,0.22
7,octanol_gsolv_eV,64,0.29260095953941345,0.026195023208856583,0.6253949217665562,0.9453919909671866,4.801055908203125,0.21002982556819916,0.04374659024681225,0.28
7,octanol_gsolv_eV,65,0.11882814019918442,0.0443725660443306,0.606103051281331,0.9666123639785975,7.927290916442871,0.035036683082580566,0.004419754926605141,0.06
7,octanol_gsolv_eV,66,0.09444679319858551,0.023091977462172508,0.6211853993377712,0.9759914870891246,4.1930460929870605,0.008102992549538612,0.0019324835381826597,0.16
7,octanol_gsolv_eV,67,0.09373721480369568,0.024877766147255898,0.6253664471795359,0.9756250395473174,4.513614654541016,0.04143350571393967,0.00917967280885501,0.16
7,octanol_gsolv_eV,68,0.24866604804992676,0.04483157396316528,0.6043986592405839,0.9333157022698748,8.117358207702637,0.925054669380188,0.1139600650495373,0.28
7,octanol_gsolv_eV,69,0.11787764728069305,0.020928630605340004,0.6248245129070831,0.9398784776817961,3.7989423274993896,0.11833667755126953,0.031149901038156402,0.16
7,octanol_gsolv_eV,70,0.07580940425395966,0.016588250175118446,0.6273508432867345,0.9716179976212371,2.9970815181732178,0.01437605731189251,0.0047966854504027665,0.02
7,octanol_gsolv_eV,71,0.1362398862838745,0.016517095267772675,0.6239454925545853,0.9677211045545631,2.9767489433288574,0.07022076845169067,0.02358975170178905,0.18
7,octanol_gsolv_eV,72,0.1451796591281891,0.01878722943365574,0.6277894036308336,0.9600021562937959,3.4163198471069336,0.07116375118494034,0.02083052944975408,0.06
7,octanol_gsolv_eV,73,0.14328405261039734,0.03253011405467987,0.6143418634871749,0.9157266116613658,5.99535608291626,0.35107341408729553,0.05855755842220575,0.1
7,octanol_gsolv_eV,74,0.06898650527000427,0.03999198228120804,0.604559470669024,0.9689032947069642,7.216512680053711,0.0062040300108492374,0.0008596991768610129,0.08
7,octanol_gsolv_eV,75,0.12655717134475708,0.03437620773911476,0.6029369041943786,0.9094473229369862,6.137294769287109,0.12285391241312027,0.020017600104189005,0.06
7,octanol_gsolv_eV,76,0.370439738035202,0.032210808247327805,0.6035631875345353,0.9231920622559975,5.7916741371154785,0.3816477954387665,0.06589593723738828,0.3
7,octanol_gsolv_eV,77,0.27874675393104553,0.01689732074737549,0.6256370949413026,0.9169053469183135,3.0880157947540283,0.4349921643733978,0.14086461769799546,0.16
7,octanol_gsolv_eV,78,0.06870995461940765,0.01823415234684944,0.627350623665391,0.9647764222948361,3.2994446754455566,0.024681074544787407,0.0074803722967273206,0.02
7,octanol_gsolv_eV,79,0.06763739138841629,0.046860188245773315,0.5992278210376347,0.9823387093502216,8.299331665039062,0.005255246069282293,0.0006332131647925362,0.06
7,octanol_gsolv_eV,80,0.2900642156600952,0.01388867013156414,0.6276394194832575,0.9166711093739563,2.549525022506714,0.45383238792419434,0.17800664198933125,0.08
7,octanol_gsolv_eV,81,0.12832820415496826,0.0335099995136261,0.611759127077893,0.8963102269852208,6.146753787994385,0.364875853061676,0.059360739936312114,0.06
7,octanol_gsolv_eV,82,0.07284843921661377,0.03835194557905197,0.605505802174982,0.9329710172497621,6.878177165985107,0.08120548725128174,0.011806251175510585,0.08
7,octanol_gsolv_eV,83,0.09297260642051697,0.029576357454061508,0.621129165763262,0.9390898549905011,5.387990474700928,0.07291286438703537,0.013532478338518696,0.02
7,octanol_gsolv_eV,84,0.12028732895851135,0.010546348989009857,0.6265329959895438,0.9298432790016984,1.8754976987838745,0.15650713443756104,0.08344832123176939,0.06
7,octanol_gsolv_eV,85,0.1255694329738617,0.03813757002353668,0.6053921888324079,0.9366832357468893,6.919036865234375,0.2983783483505249,0.0431242605238551,0.06
7,octanol_gsolv_eV,86,0.1364661604166031,0.039102207869291306,0.6042891771085095,0.9209264730617566,7.085483551025391,0.15335069596767426,0.02164294008494054,0.12
7,octanol_gsolv_eV,87,0.03828524798154831,0.044838011264801025,0.6011177471933347,0.9653091274068424,7.983273506164551,0.008450819179415703,0.001058565658923012,0.02
7,octanol_gsolv_eV,88,0.08655957132577896,0.04093903303146362,0.5978722486771295,0.9687215806551066,7.253749847412109,0.013144057244062424,0.0018120361910125388,0.04
7,octanol_gsolv_eV,89,0.430213063955307,0.027858778834342957,0.6211228992231508,0.9414500994304387,5.368496894836426,0.09878776967525482,0.018401383405897417,0.36
7,octanol_gsolv_eV,90,0.10668086260557175,0.022418994456529617,0.6250391397552766,0.9703824145197224,4.062798023223877,0.03741339221596718,0.009208774839926505,0.16
7,octanol_gsolv_eV,91,0.12060920149087906,0.03670604154467583,0.6012110653708123,0.9038310956183768,6.615079402923584,0.20441342890262604,0.03090113004724992,0.06
7,octanol_gsolv_eV,92,0.08983373641967773,0.02034047618508339,0.6286140960390214,0.9627430817535434,3.691746234893799,0.024412905797362328,0.006612834210167379,0.08
7,octanol_gsolv_eV,93,0.17637677490711212,0.04181336238980293,0.604350556756688,0.9383917753116686,7.574215888977051,0.29696792364120483,0.03920774480080371,0.1
7,octanol_gsolv_eV,94,0.07534187287092209,0.039576467126607895,0.6086569741647978,0.9702290423489344,7.03472900390625,0.009365418925881386,0.0013313119696126102,0.08
7,octanol_gsolv_eV,95,0.07034362107515335,0.008526270277798176,0.6301941144902299,0.968221071479983,1.488288164138794,0.07521749287843704,0.05053960294172067,0.06
7,octanol_gsolv_eV,96,0.09608052670955658,0.03075353428721428,0.6178112439425902,0.9513977889407974,5.484925746917725,0.08636584877967834,0.015746037916413356,0.1
7,octanol_gsolv_eV,97,0.06552750617265701,0.03835446015000343,0.603520442063066,0.9533402766774126,6.927541732788086,0.028927234932780266,0.004175685408846768,0.02
7,octanol_gsolv_eV,98,0.12025941908359528,0.0261582899838686,0.6212816575657829,0.9449367200581633,4.743804454803467,0.175286203622818,0.03695055420029534,0.14
7,octanol_gsolv_eV,99,0.16068194806575775,0.02356071211397648,0.6050077373684366,0.9281373813736771,4.217721939086914,0.45248323678970337,0.10728142900943834,0.08
7,octanol_gsolv_eV,100,0.2672573924064636,0.03024224005639553,0.6224317718913561,0.9640690417409667,5.5292863845825195,0.017503445968031883,0.003165588604134755,0.34
7,octanol_gsolv_eV,101,0.04890547692775726,0.01922803372144699,0.6111576606126798,0.9521148957810306,3.4387121200561523,0.025931645184755325,0.007541092211095553,0.02
7,octanol_gsolv_eV,102,0.1913072019815445,0.03247317299246788,0.6130994501557867,0.9130375523672467,5.941913604736328,0.40914061665534973,0.06885670911290628,0.12
7,octanol_gsolv_eV,103,0.09046516567468643,0.02474522963166237,0.6227244769148288,0.9475250064136296,4.4864325523376465,0.042147789150476456,0.00939449967402618,0.1
7,octanol_gsolv_eV,104,0.2939945161342621,0.014662900008261204,0.6244594518602145,0.8904221860567125,2.651136636734009,0.5121191143989563,0.19316964176914195,0.18
7,octanol_gsolv_eV,105,0.20590069890022278,0.021828586235642433,0.6155114155784764,0.9363685735301197,4.013997554779053,0.05077289044857025,0.012648958988059225,0.16
7,octanol_gsolv_eV,106,0.10276392102241516,0.014977007173001766,0.6271375849975886,0.959152953570376,2.6879420280456543,0.021685965359210968,0.008067869445450196,0.1
7,octanol_gsolv_eV,107,0.03864622488617897,0.02009732276201248,0.6203097153763333,0.9594449286925828,3.6016011238098145,0.001960122724995017,0.000544236481946001,0.02
7,octanol_gsolv_eV,108,0.08701730519533157,0.02356736920773983,0.6185871437847055,0.9342527715833564,4.266077041625977,0.04764352738857269,0.011167995074560068,0.04
7,octanol_gsolv_eV,109,0.5485555529594421,0.02411639876663685,0.6315458572376556,0.9301975779307359,4.617058753967285,0.6105299592018127,0.13223352609000366,0.42
7,octanol_gsolv_eV,110,0.27523136138916016,0.019980520009994507,0.6253459448634018,0.9034306379370529,3.6676840782165527,0.5871323347091675,0.16008258132054448,0.16
7,octanol_gsolv_eV,111,0.2556442320346832,0.03236180171370506,0.6060763865280936,0.8976296433479829,5.850779056549072,0.4631117582321167,0.07915386203376323,0.18
7,octanol_gsolv_eV,112,0.06269808113574982,0.029819196090102196,0.6138777361334322,0.9748508950063788,5.37058687210083,0.005944737698882818,0.0011069065337653491,0.02
7,octanol_gsolv_eV,113,0.10513310134410858,0.016290483996272087,0.6261035345544481,0.9615880118921285,2.9304420948028564,0.05459107086062431,0.018628953957985268,0.12
7,octanol_gsolv_eV,114,0.05781088396906853,0.03360132873058319,0.5997899976095624,0.9501894968156457,5.972222328186035,0.022208962589502335,0.0037187099490061924,0.04
7,octanol_gsolv_eV,115,0.1973186433315277,0.028450975194573402,0.6088195533781346,0.8927631749865685,5.203258991241455,0.36289891600608826,0.0697445421450189,0.1
7,octanol_gsolv_eV,116,0.6004893183708191,0.01918136700987816,0.6354987326638906,0.9279560634253528,3.5866665840148926,0.925292432308197,0.25798116736918164,0.48
7,octanol_gsolv_eV,117,0.20554101467132568,0.035147737711668015,0.6052298811844716,0.9712544996293293,6.309566020965576,0.007743083406239748,0.0012271974618398233,0.18
7,octanol_gsolv_eV,118,0.28625479340553284,0.0390438511967659,0.603461425964765,0.927201759204157,7.130914688110352,0.6684084534645081,0.0937339012874423,0.26
7,octanol_gsolv_eV,119,0.08479820936918259,0.04332645982503891,0.599526696722712,0.9732343043043901,7.6862382888793945,0.007986221462488174,0.0010390286070161006,0.12
7,octanol_gsolv_eV,120,0.09825369715690613,0.022920845076441765,0.6249347281318622,0.9715325012362523,4.156606197357178,0.08369031548500061,0.020134290214505277,0.16
7,octanol_gsolv_eV,121,0.14208607375621796,0.037594716995954514,0.6014447407647501,0.908541638954677,6.788506031036377,0.3787921667098999,0.05579904694465905,0.06
7,octanol_gsolv_eV,122,0.2034817785024643,0.016190296038985252,0.6266682175453708,0.9510673624823431,2.92448353767395,0.05132366344332695,0.01754965031676954,0.24
7,octanol_gsolv_eV,123,0.04936191812157631,0.043075766414403915,0.5974898165203439,0.94683067334396,7.589374542236328,0.03440328687429428,0.004533085919377595,0.04
7,octanol_gsolv_eV,124,0.13903234899044037,0.03070315718650818,0.6152039301055499,0.9371239681960695,5.620445728302002,0.25445544719696045,0.04527317929886572,0.12
7,octanol_gsolv_eV,125,0.042572010308504105,0.025344694033265114,0.6123790721832489,0.9754381281587019,4.575855255126953,0.0071233417838811874,0.0015567235820888212,0.02
7,octanol_gsolv_eV,126,0.14073094725608826,0.034253183752298355,0.6075170787673048,0.9225244281562772,6.25001335144043,0.09693704545497894,0.015509894140088201,0.1
7,octanol_gsolv_eV,127,0.113930344581604,0.021901674568653107,0.6208215984550549,0.9504550282331432,3.964792251586914,0.1985529214143753,0.05007902276213948,0.12
7,octanol_gsolv_eV,128,0.3036879301071167,0.020220395177602768,0.6220520053591923,0.969552373544504,3.7174689769744873,0.0972684770822525,0.026165242449828263,0.26
7,octanol_gsolv_eV,129,0.06559036672115326,0.03195389732718468,0.6126445878399811,0.9500990769380844,5.8127641677856445,0.018696827813982964,0.0032165123638768687,0.1
7,octanol_gsolv_eV,130,0.3370438516139984,0.03159133344888687,0.617392641313427,0.9153429682469683,5.969137668609619,0.23921649158000946,0.040075552761665446,0.34
7,octanol_gsolv_eV,131,0.09679650515317917,0.03203757479786873,0.6144900170690542,0.9636690537162107,5.80466890335083,0.015640370547771454,0.002694446627049274,0.1
7,octanol_gsolv_eV,132,0.14747291803359985,0.02391761727631092,0.6238822065990304,0.9649235085559087,4.328043460845947,0.019788945093750954,0.004572261178237582,0.16
7,octanol_gsolv_eV,133,0.23709996044635773,0.010892290621995926,0.6262530826104793,0.9570051752845883,1.9323430061340332,0.12096217274665833,0.06259870652501952,0.1
7,octanol_gsolv_eV,134,0.13536688685417175,0.013387083075940609,0.6274619903277876,0.9686386326697549,2.3987057209014893,0.11374139040708542,0.047417817623888754,0.18
7,octanol_gsolv_eV,135,0.12712997198104858,0.024044986814260483,0.6109871642901685,0.9191976456453177,4.349612236022949,0.12272699922323227,0.028215618442219394,0.1
7,octanol_gsolv_eV,136,0.46673667430877686,0.02254464663565159,0.6285636651123023,0.9222134356861067,4.23271369934082,0.5998058319091797,0.1417071586964623,0.34
7,octanol_gsolv_eV,137,0.1859520971775055,0.01697971671819687,0.629648534556533,0.9741793706543409,3.0996854305267334,0.049577053636312485,0.015994220945151776,0.24
7,octanol_gsolv_eV,138,0.14115987718105316,0.032874688506126404,0.6164963334741218,0.9759869397489824,5.791689395904541,0.0053430236876010895,0.0009225328435912473,0.16
7,octanol_gsolv_eV,139,0.16832664608955383,0.03608069568872452,0.5982228226274702,0.9145992394338394,6.394327640533447,0.30928176641464233,0.048368144987459616,0.06
7,octanol_gsolv_eV,140,0.07065476477146149,0.015403121709823608,0.6263571617201784,0.9548096386685143,2.7653541564941406,0.032952308654785156,0.0119161260330436,0.04
7,octanol_gsolv_eV,141,0.3544366955757141,0.04131114110350609,0.5985461381011803,0.9227226203339116,7.38240909576416,0.30786973237991333,0.04170315250567206,0.22
7,octanol_gsolv_eV,142,0.19211068749427795,0.02868286706507206,0.6195078747138218,0.9169624805002727,5.2412190437316895,0.4577828049659729,0.08734281111823876,0.18
7,octanol_gsolv_eV,143,0.2604931592941284,0.013180489651858807,0.6309230091871743,0.9283052765748703,2.3825018405914307,0.30907559394836426,0.12972732641064383,0.06
7,octanol_gsolv_eV,144,0.07350660860538483,0.02815861627459526,0.6242718372279292,0.9652434515783068,5.11687707901001,0.01023986004292965,0.0020011932834843107,0.12
7,octanol_gsolv_eV,145,0.12594230473041534,0.010750879533588886,0.6278804819449746,0.9544460543655706,1.9029496908187866,0.040765516459941864,0.02142227756026571,0.04
7,octanol_gsolv_eV,146,0.1478995829820633,0.03647701442241669,0.612002489576732,0.9111643102902176,6.659754276275635,0.21877464652061462,0.03285025804930463,0.1
7,octanol_gsolv_eV,147,0.1226501539349556,0.03441498801112175,0.6028876403702106,0.9367440855827944,6.1070475578308105,0.22093959152698517,0.03617780759602627,0.1
7,octanol_gsolv_eV,148,0.17023460566997528,0.02041119709610939,0.6095409112096652,0.9281636353836118,3.6440980434417725,0.2697811722755432,0.07403235836671965,0.1
7,octanol_gsolv_eV,149,0.11887525022029877,0.01908515766263008,0.6266365956691418,0.9539801098890033,3.4541432857513428,0.06858345866203308,0.019855417968601977,0.16
7,octanol_gsolv_eV,150,0.498257040977478,0.02112848125398159,0.6326341448099972,0.9407336484937323,3.974114179611206,0.5248426198959351,0.1320653096955763,0.44
7,octanol_gsolv_eV,151,0.08271210640668869,0.029124360531568527,0.5996608942216222,0.9253803225933999,5.170445919036865,0.11029773205518723,0.021332344208279265,0.02
7,octanol_gsolv_eV,152,0.07081037759780884,0.03153592348098755,0.6143449213685197,0.9724759248007642,5.851663112640381,0.00551972258836031,0.0009432741567840713,0.08
7,octanol_gsolv_eV,153,0.17678533494472504,0.033915698528289795,0.6035855123409355,0.9230614475831092,6.12648344039917,0.11670927703380585,0.01904996204906116,0.12
7,octanol_gsolv_eV,154,0.06543715298175812,0.040189217776060104,0.5994159174405576,0.9507788380316053,7.162938117980957,0.07316301017999649,0.010214106135628492,0.02
7,octanol_gsolv_eV,155,0.26766324043273926,0.015146109275519848,0.6302840422582858,0.9149902153088452,2.711395740509033,0.4805457890033722,0.1772318890318664,0.14
7,octanol_gsolv_eV,156,0.11540276557207108,0.03669411689043045,0.623153706343313,0.9601660097296645,6.770505905151367,0.013401536270976067,0.0019793995395202967,0.1
7,octanol_gsolv_eV,157,0.23700469732284546,0.04426764324307442,0.595567382962986,0.9593734583741507,7.810976505279541,0.06797641515731812,0.008702678226131133,0.2
7,octanol_gsolv_eV,158,0.2070733606815338,0.0268629789352417,0.6204942712221613,0.9336797240866348,4.936209201812744,0.26334211230278015,0.0533490582623751,0.12
7,octanol_gsolv_eV,159,0.14636971056461334,0.04655349627137184,0.6067563870592734,0.9299803521977841,8.43786907196045,0.6910157799720764,0.08189458429360605,0.12
7,octanol_gsolv_eV,160,0.20753228664398193,0.019504813477396965,0.6225577397778124,0.9489411898745805,3.520519971847534,0.27311667799949646,0.07757850550018823,0.14
7,octanol_gsolv_eV,161,0.21363739669322968,0.02652597799897194,0.6264263948898496,0.9531424103608459,4.838869094848633,0.3668556809425354,0.07581434292840923,0.14
7,octanol_gsolv_eV,162,0.15019556879997253,0.020501958206295967,0.6269119978321636,0.9747552719429968,3.7211415767669678,0.06484512239694595,0.017426136861281482,0.1
7,octanol_gsolv_eV,163,0.2029232680797577,0.03956492990255356,0.6016759654905646,0.9632241473966965,7.063323497772217,0.0032899032812565565,0.0004657727035005826,0.16
7,octanol_gsolv_eV,164,0.1564108282327652,0.0430840365588665,0.5962076279595843,0.9026360279508601,7.6437883377075195,0.27887481451034546,0.03648384834711213,0.08
7,octanol_gsolv_eV,165,0.5870465636253357,0.004983677063137293,0.6593363637030158,0.9430380332556876,0.8305990099906921,0.6162388920783997,0.7419210529582805,0.46
7,octanol_gsolv_eV,166,0.15953844785690308,0.017480244860053062,0.6233659521927821,0.9340078163598595,3.1643733978271484,0.2344064861536026,0.07407674654153026,0.18
7,octanol_gsolv_eV,167,0.1489327996969223,0.01937001198530197,0.624928286684632,0.9381782717407428,3.5156548023223877,0.14947596192359924,0.042517246523992545,0.12
7,octanol_gsolv_eV,168,0.08634574711322784,0.01081470400094986,0.6277951658979051,0.9425322773003966,1.9137028455734253,0.026311121881008148,0.013748802193542351,0.08
7,octanol_gsolv_eV,169,0.22836600244045258,0.033607035875320435,0.6120598691747394,0.9054278336804393,6.235138893127441,0.15406228601932526,0.024708717585928578,0.12
7,octanol_gsolv_eV,170,0.10286771506071091,0.008350096642971039,0.6296841434163991,0.96396857169606,1.4531396627426147,0.075873963534832,0.0522138136341483,0.12
7,octanol_gsolv_eV,171,0.044785674661397934,0.026711074635386467,0.6093095430898936,0.9491386916226672,4.731273651123047,0.01325731910765171,0.002802061365548971,0.04
7,octanol_gsolv_eV,172,0.2675926387310028,0.030580706894397736,0.6178735006014318,0.9333235847148855,5.6118388175964355,0.26647713780403137,0.047484816735731586,0.24
7,octanol_gsolv_eV,173,0.08218406140804291,0.01323136780411005,0.6274892248563124,0.9443894173793905,2.3623206615448,0.023003898561000824,0.009737839123820646,0.1
7,octanol_gsolv_eV,174,0.1261456310749054,0.0429365448653698,0.6068471872518391,0.9398681892406426,7.819498062133789,0.029406540095806122,0.0037606685061037856,0.1
7,octanol_gsolv_eV,175,0.30773425102233887,0.035858601331710815,0.6070447487988457,0.9176864646075551,6.527953147888184,0.36235594749450684,0.05550835603220135,0.34
7,octanol_gsolv_eV,176,0.287148654460907,0.03682172670960426,0.6071151730814026,0.9579824663972034,6.712862014770508,0.026626884937286377,0.003966547335353901,0.28
7,octanol_gsolv_eV,177,0.21790215373039246,0.039716362953186035,0.6026614982208216,0.97379127165793,7.102273464202881,0.013207634910941124,0.001859634802505239,0.26
7,octanol_gsolv_eV,178,0.09392452985048294,0.024062015116214752,0.6265639392771181,0.9720083489474491,4.3803019523620605,0.03502112999558449,0.007995140603651646,0.16
7,octanol_gsolv_eV,179,0.2872481942176819,0.013964234851300716,0.6271964786463768,0.9110896594976317,2.503012180328369,0.48348575830459595,0.19316156833130857,0.16
7,octanol_gsolv_eV,180,0.2459326535463333,0.017773307859897614,0.6242011302074228,0.9207094686247217,3.22922945022583,0.46824562549591064,0.1450022776991473,0.18
7,octanol_gsolv_eV,181,0.15759563446044922,0.030528249219059944,0.6154597555978301,0.916844523879091,5.669403553009033,0.29176875948905945,0.05146374865733509,0.08
7,octanol_gsolv_eV,182,0.21164672076702118,0.05054619908332825,0.5977881450895697,0.9333449084280887,9.078232765197754,0.1808786392211914,0.019924432860391774,0.22
7,octanol_gsolv_eV,183,0.09694734215736389,0.016873810440301895,0.6252476049987079,0.9561230334487107,3.052314043045044,0.054721247404813766,0.01792779072962717,0.04
7,octanol_gsolv_eV,184,0.1562470644712448,0.02188020385801792,0.6271622218557791,0.9751624088930373,3.9948930740356445,0.05102048069238663,0.012771425854671422,0.18
7,octanol_gsolv_eV,185,0.2676044702529907,0.013817633502185345,0.6304121257623243,0.9308622384248553,2.5030570030212402,0.4160272777080536,0.16620767214086626,0.18
7,octanol_gsolv_eV,186,0.16368064284324646,0.013335376046597958,0.6271044289925258,0.9564790045999119,2.3896851539611816,0.09190601110458374,0.038459464399416304,0.04
7,octanol_gsolv_eV,187,0.3312537670135498,0.014620697125792503,0.6311936683833865,0.896027942282799,2.6508777141571045,0.584376335144043,0.2204463570775675,0.12
7,octanol_gsolv_eV,188,0.06536392867565155,0.016602078452706337,0.5912220819272298,0.9575890443920769,2.760899305343628,0.03506975620985031,0.012702294553797734,0.04
7,octanol_gsolv_eV,189,0.09934569150209427,0.018969638273119926,0.6263823388225311,0.970347195885336,3.4289653301239014,0.03073873743414879,0.008964435179354259,0.16
7,octanol_gsolv_eV,190,0.09300137311220169,0.03258066624403,0.6082807753549,0.9527817815143738,5.87846040725708,0.054062895476818085,0.009196778022027048,0.08
7,octanol_gsolv_eV,191,0.13541845977306366,0.03298747166991234,0.6071837294528744,0.952084960533468,5.927607536315918,0.12585407495498657,0.021231850149311074,0.04
7,octanol_gsolv_eV,192,0.153776153922081,0.035927534103393555,0.6234842735116917,0.920168763762452,6.734760284423828,0.3634810447692871,0.05397089568428249,0.06
7,octanol_gsolv_eV,193,0.13538897037506104,0.03164774551987648,0.6047476118275346,0.9331630197637877,5.629971981048584,0.1961195170879364,0.034834901087981804,0.08
7,octanol_gsolv_eV,194,0.06724120676517487,0.031723860651254654,0.614583622289617,0.9519614366444911,5.695255279541016,0.030790148302912712,0.005406280630390656,0.02
7,octanol_gsolv_eV,195,0.36398929357528687,0.028516877442598343,0.606006736557581,0.9219450456603091,5.121616363525391,0.22497408092021942,0.043926382796340833,0.32
7,octanol_gsolv_eV,196,0.07764244079589844,0.02337401732802391,0.614252463976054,0.9572881518010352,4.27143669128418,0.038059383630752563,0.008910206654452428,0.08
7,octanol_gsolv_eV,197,0.14679400622844696,0.016705196350812912,0.6280599031084413,0.9535490162347209,3.016566514968872,0.06830070912837982,0.022641870745914786,0.04
7,octanol_gsolv_eV,198,0.17087143659591675,0.022182539105415344,0.6213361726954401,0.9242758651995635,4.017248153686523,0.11316154897212982,0.028168921770064026,0.12
7,octanol_gsolv_eV,199,0.07994040846824646,0.03552896901965141,0.6074037509608379,0.9512079642214559,6.431647777557373,0.023721138015389442,0.0036881898443136317,0.04
7,octanol_gsolv_eV,200,0.08814698457717896,0.018221627920866013,0.6248270882396565,0.9644761848058407,3.2372066974639893,0.012853870168328285,0.0039706671119882275,0.08
7,octanol_gsolv_eV,201,0.1865915060043335,0.0246641393750906,0.6250844675880178,0.9201287652983334,4.488773345947266,0.27438852190971375,0.0611277292843151,0.24
7,octanol_gsolv_eV,202,0.15409845113754272,0.015611551702022552,0.6258069716671939,0.904037189254083,2.8185160160064697,0.2549874186515808,0.09046867827023038,0.04
7,octanol_gsolv_eV,203,0.16521961987018585,0.0169990211725235,0.6259375026245564,0.9562551247974636,3.0693016052246094,0.061455126851797104,0.02002251155350367,0.16
7,octanol_gsolv_eV,204,0.10740188509225845,0.022336594760417938,0.6236096584327189,0.9317000346422835,4.0515456199646,0.24557101726531982,0.0606116875631936,0.06
7,octanol_gsolv_eV,205,0.7501199841499329,0.012917861342430115,0.664933592646503,0.927556018608862,2.5641331672668457,1.1788593530654907,0.45974966047573007,0.62
7,octanol_gsolv_eV,206,0.4038935601711273,0.010236892849206924,0.6365517963127292,0.9243093371156919,1.8245991468429565,0.5710189342498779,0.3129558266197225,0.28
7,octanol_gsolv_eV,207,0.04340295493602753,0.04077308252453804,0.610551386881663,0.9487326254460082,7.424184322357178,0.011885499581694603,0.0016009165540115467,0.04
7,octanol_gsolv_eV,208,0.31759339570999146,0.014585510827600956,0.6262996334544024,0.8967483909652187,2.6719954013824463,0.5921956896781921,0.22163050481741095,0.26
7,octanol_gsolv_eV,209,0.2323475182056427,0.02057051658630371,0.6246378713215681,0.9052267702060421,3.7953062057495117,0.41888323426246643,0.11036875855442177,0.22
7,octanol_gsolv_eV,210,0.1464950293302536,0.03126028925180435,0.6111707540050579,0.9478489729559094,5.679532527923584,0.1651746928691864,0.02908244508805968,0.1
7,octanol_gsolv_eV,211,0.11879932880401611,0.018384411931037903,0.625516262200837,0.9633878779175602,3.3191330432891846,0.06953412294387817,0.02094948350578061,0.12
7,octanol_gsolv_eV,212,0.06992653012275696,0.042223308235406876,0.6064324145335995,0.9655245721729353,7.522487163543701,0.008222226053476334,0.001093019619006302,0.06
7,octanol_gsolv_eV,213,0.07923458516597748,0.04012817144393921,0.6031387668470911,0.9623379392435167,7.13193941116333,0.015774797648191452,0.0022118524483676644,0.04
7,octanol_gsolv_eV,214,0.15059491991996765,0.029903028160333633,0.613707566703174,0.9741980915821629,5.432233810424805,0.021718746051192284,0.0039981243092873904,0.2
7,octanol_gsolv_eV,215,0.03553832694888115,0.035217899829149246,0.6073467642155861,0.9570739569937556,6.404601097106934,0.0030773459002375603,0.0004804898624564845,0.02
7,octanol_gsolv_eV,216,0.028500813990831375,0.043263621628284454,0.5992568925353814,0.9682573480183334,7.621652126312256,0.005579758435487747,0.0007320930348191474,0.02
7,octanol_gsolv_eV,217,0.17449648678302765,0.028939414769411087,0.619961389057597,0.9118470874884756,5.2982025146484375,0.3721984922885895,0.07024995576509908,0.14
7,octanol_gsolv_eV,218,0.2711852788925171,0.02216590940952301,0.6252115672680305,0.9215111679058814,4.057534217834473,0.4155904948711395,0.10242439682811655,0.24
7,octanol_gsolv_eV,219,0.07840427756309509,0.0273986104875803,0.6244418772047515,0.9745389061792771,4.9892897605896,0.07571244239807129,0.015174994043465641,0.04
7,octanol_gsolv_eV,220,0.25276118516921997,0.020109020173549652,0.6265839500619084,0.9892717167730469,3.664012908935547,0.12377720326185226,0.0337818687701653,0.3
7,octanol_gsolv_eV,221,0.0933433249592781,0.025679219514131546,0.6248976963882158,0.9646389140943181,4.664641857147217,0.04434990510344505,0.009507676357937669,0.16
7,octanol_gsolv_eV,222,0.039624329656362534,0.036224037408828735,0.5955578404613879,0.943890271966837,6.343820571899414,0.050548844039440155,0.007968202042685649,0.02
7,octanol_gsolv_eV,223,0.03257165849208832,0.02496270276606083,0.5986846254697189,0.9461324859469982,4.166539669036865,0.011831763200461864,0.0028397097208477766,0.02
7,octanol_gsolv_eV,224,0.13802757859230042,0.025399664416909218,0.6219595903300974,0.9523052241914007,4.5879621505737305,0.20871900022029877,0.04549274675123425,0.14
7,octanol_gsolv_eV,225,0.3504272997379303,0.012084975838661194,0.632935979357133,0.9144098253105182,2.169792413711548,0.5948256850242615,0.27413944360086495,0.1
7,octanol_gsolv_eV,226,0.17951197922229767,0.01820751093327999,0.6254202438208456,0.9157229076348194,3.295229911804199,0.36314311623573303,0.11020266444380067,0.16
7,octanol_gsolv_eV,227,0.09414122998714447,0.02503224089741707,0.6285704727397854,0.9686695011142825,4.608757019042969,0.015054237097501755,0.0032664419137956296,0.1
7,octanol_gsolv_eV,228,0.12786325812339783,0.021302882581949234,0.6131404056158405,0.9270636950455569,3.8929522037506104,0.15788359940052032,0.040556264535796145,0.1
7,octanol_gsolv_eV,229,0.13944649696350098,0.01945551298558712,0.6260651455183732,0.9691088385786264,3.513620376586914,0.08836682885885239,0.025149794055068293,0.04
7,octanol_gsolv_eV,230,0.09036523103713989,0.04447982460260391,0.6049123006276937,0.916005178305908,8.003412246704102,0.2122587263584137,0.026521028758180527,0.04
7,octanol_gsolv_eV,231,0.15116682648658752,0.02260514535009861,0.6159743701329907,0.9071685670251,4.070998668670654,0.22656132280826569,0.055652517047431786,0.04
7,octanol_gsolv_eV,232,0.17352768778800964,0.020294366404414177,0.6263557151574883,0.9438999661325507,3.697841167449951,0.2330274134874344,0.06301715053059762,0.18
7,octanol_gsolv_eV,233,0.10217981785535812,0.034272730350494385,0.6019306200895624,0.9299673136474946,6.1151652336120605,0.08440762013196945,0.01380299908627525,0.08
7,octanol_gsolv_eV,234,0.12338598817586899,0.0077109793201088905,0.6286473512491408,0.9574687195691773,1.3509643077850342,0.05807105079293251,0.04298488898507065,0.12
7,octanol_gsolv_eV,235,0.19515185058116913,0.03298281505703926,0.6113724737531079,0.9599157057012511,6.004445552825928,0.002092684619128704,0.0003485225406272199,0.2
7,octanol_gsolv_eV,236,0.07273417711257935,0.017634045332670212,0.6120476959969605,0.9319555328401314,3.125786304473877,0.05907624587416649,0.018899643200052354,0.02
7,octanol_gsolv_eV,237,0.1498056948184967,0.027243969962000847,0.6190643673879632,0.9477149515450061,4.947261810302734,0.026880033314228058,0.005433315305498903,0.18
7,octanol_gsolv_eV,238,0.25246769189834595,0.01761171966791153,0.6118274385768816,0.9099576741451363,3.1438043117523193,0.5270326137542725,0.16764167279244893,0.06
7,octanol_gsolv_eV,239,0.11663321405649185,0.019397487863898277,0.6253206771229349,0.9758946402891495,3.526515483856201,0.01867697574198246,0.005296155887442586,0.16
7,octanol_gsolv_eV,240,0.3167504072189331,0.02303343452513218,0.6180055612229725,0.9320569350192922,4.19736385345459,0.15120913088321686,0.03602478511810836,0.26
7,octanol_gsolv_eV,241,0.07527399063110352,0.0321134515106678,0.6122254661982893,0.9510193748390643,5.823195457458496,0.011738325469195843,0.002015787646997337,0.1
7,octanol_gsolv_eV,242,0.29444172978401184,0.02509176917374134,0.6228384171058137,0.9303058100278669,4.672436714172363,0.37215447425842285,0.07964890634679109,0.2
7,octanol_gsolv_eV,243,0.2988690137863159,0.01874893344938755,0.6139797858071954,0.9340664875368725,3.365217924118042,0.45019271969795227,0.13377817717880455,0.1
7,octanol_gsolv_eV,244,0.30791175365448,0.03560294583439827,0.6014560423944244,0.9449852571776971,6.39769172668457,0.1174410805106163,0.01835678953094493,0.28
7,octanol_gsolv_eV,245,0.09287073463201523,0.03360346704721451,0.6091282312165114,0.9492167021849056,5.994396209716797,0.08822121471166611,0.014717281211519065,0.04
7,octanol_gsolv_eV,246,0.12110649049282074,0.0218088049441576,0.6295909837983151,0.9701813766604934,4.1839423179626465,0.03226599842309952,0.007711865023705995,0.12
7,octanol_gsolv_eV,247,0.059890083968639374,0.03365878760814667,0.6179461035505387,0.9680053735894985,6.064727306365967,0.007965217344462872,0.0013133677644668403,0.04
7,octanol_gsolv_eV,248,0.13183757662773132,0.019406212493777275,0.6267237696474401,0.9727621019961181,3.522369623184204,0.12312258780002594,0.03495447694916349,0.16
7,octanol_gsolv_eV,249,0.2188170999288559,0.021893981844186783,0.6237693547274212,0.9218983308490398,3.9610745906829834,0.2737438380718231,0.06910847847089473,0.14
7,octanol_hl_gap_eV,0,0.03445906937122345,0.0009636793984100223,0.6002961996765122,0.9655423035179496,0.2706238329410553,0.0014458769001066685,0.0053427552347970605,0.06
7,octanol_hl_gap_eV,1,0.07926539331674576,0.0009478731080889702,0.6661809369685239,0.9595496900642864,0.24109280109405518,0.0005800115177407861,0.0024057604171868734,0.08
7,octanol_hl_gap_eV,2,0.11143839359283447,0.0015298674115911126,0.6708957163078908,0.9838604901654386,0.08377473801374435,0.013929528184235096,0.16627361081033487,0.22
7,octanol_hl_gap_eV,3,0.10907949507236481,0.005952141713351011,0.5855929111002218,0.9226158156046016,1.1265236139297485,0.08925002813339233,0.07922606062562136,0.06
7,octanol_hl_gap_eV,4,-0.14356927573680878,0.0015748918522149324,0.6679486150508938,0.9716473387992972,0.013205851428210735,0.01120737660676241,0.848667476511274,0.12
7,octanol_hl_gap_eV,5,0.03852435573935509,0.0015868748305365443,0.5987324033043664,0.9641472111826233,0.44040483236312866,0.0003704111441038549,0.0008410696633738079,0.04
7,octanol_hl_gap_eV,6,0.06870903819799423,0.003083170624449849,0.6263708320711174,0.9716638520145184,0.5162475109100342,0.000647551438305527,0.001254342974291599,0.02
7,octanol_hl_gap_eV,7,0.014574864879250526,0.0020302296616137028,0.6338973496391109,0.9612581532501085,0.4288063943386078,0.002736922586336732,0.006382653389668242,0.12
7,octanol_hl_gap_eV,8,0.02439900115132332,0.0009724166011437774,0.6452691461517228,0.9720914040173896,0.2982304096221924,0.00046828537597320974,0.0015702133681352224,0.06
7,octanol_hl_gap_eV,9,0.05734693631529808,0.0016426785150542855,0.6194066670069993,0.9775372213692275,0.28336676955223083,0.001642311573959887,0.005795709837660313,0.06
7,octanol_hl_gap_eV,10,0.023081272840499878,0.0016854077111929655,0.6512091572889467,0.9721654143872343,0.3610920310020447,0.0017259202431887388,0.004779723990028918,0.12
7,octanol_hl_gap_eV,11,0.14149801433086395,0.001016902970150113,0.5887765276866364,0.9751046841979174,0.304046094417572,0.00031215744093060493,0.0010266780158073431,0.12
7,octanol_hl_gap_eV,12,0.024663129821419716,0.0032585447188466787,0.5864915287140728,0.9657994572605635,0.6631709933280945,0.0009146613883785903,0.0013792240577176066,0.06
7,octanol_hl_gap_eV,13,0.06226874142885208,0.0012204174418002367,0.6288131756826847,0.96726784857191,0.27497899532318115,0.0010587038705125451,0.0038501263315340027,0.02
7,octanol_hl_gap_eV,14,0.023618120700120926,0.0008442195248790085,0.6442872603288878,0.9704477673494201,0.2727580964565277,0.00046654260950163007,0.001710462917737761,0.06
7,octanol_hl_gap_eV,15,0.1984429955482483,0.0013385280035436153,0.6558386135373218,0.9392198105105727,0.2347467690706253,0.028138337656855583,0.11986677289854394,0.12
7,octanol_hl_gap_eV,16,0.08063748478889465,0.0038332976400852203,0.6396443825788001,0.9750449397292797,0.6355155110359192,0.001038721646182239,0.0016344552227986937,0.06
7,octanol_hl_gap_eV,17,0.06871675699949265,0.0019036881858482957,0.6417316510668685,0.9791721330990699,0.36059585213661194,0.0009944067569449544,0.0027576766373014817,0.2
7,octanol_hl_gap_eV,18,0.02745722234249115,0.0022394913248717785,0.6032843258604421,0.9704152081180895,0.49379539489746094,0.0004199716786388308,0.0008504973577690816,0.02
7,octanol_hl_gap_eV,19,0.45598602294921875,0.0011203333269804716,0.6297462737571149,0.912663063163027,0.35343316197395325,0.06443928927183151,0.18232383433386043,0.28
7,octanol_hl_gap_eV,20,0.07522738724946976,0.0007094490574672818,0.6617580904471956,0.949983643437591,0.28776368498802185,0.0015545038040727377,0.005402015213064303,0.08
7,octanol_hl_gap_eV,21,0.2583153247833252,0.001103362301364541,0.6381045391972153,0.9085345462763372,0.25282567739486694,0.040430698543787,0.1599153177809615,0.06
7,octanol_hl_gap_eV,22,0.07438047230243683,0.003649606369435787,0.5972911532765612,0.968531117551167,0.7578854560852051,0.0034509310498833656,0.004553367559932956,0.04
7,octanol_hl_gap_eV,23,0.09442522376775742,0.002871547359973192,0.6179042361289955,0.9176540793411843,0.482284277677536,0.029930274933576584,0.06205940421219475,0.02
7,octanol_hl_gap_eV,24,0.120324045419693,0.002141018630936742,0.5967538249024533,0.9759874374600324,0.422780305147171,0.0040546683594584465,0.009590485436749483,0.06
7,octanol_hl_gap_eV,25,0.04861804097890854,0.0012234118767082691,0.6578988951113527,0.9830303403398877,0.21400903165340424,0.001585280755534768,0.0074075413700398895,0.08
7,octanol_hl_gap_eV,26,0.09054466336965561,0.0019518162589520216,0.6252414436882276,0.9619741781361268,0.46799027919769287,0.0014132052892819047,0.0030197321442331183,0.1
7,octanol_hl_gap_eV,27,0.03982837125658989,0.002621978987008333,0.6033341190050707,0.9664021565623846,0.5853590369224548,0.001090158591978252,0.0018623759491436197,0.1
7,octanol_hl_gap_eV,28,0.05667571350932121,0.0008550217607989907,0.6366187041796716,0.9706490049136123,0.2701118290424347,0.0021783204283565283,0.008064513265038507,0.04
7,octanol_hl_gap_eV,29,0.06375706940889359,0.003361686132848263,0.5947866359576859,0.9665408652655549,0.6987990140914917,0.0012223185040056705,0.0017491703327526963,0.1
7,octanol_hl_gap_eV,30,0.3387567698955536,0.003064516233280301,0.6630221509728282,0.9739320141684025,0.4593358039855957,0.002342096995562315,0.005098877499294091,0.3
7,octanol_hl_gap_eV,31,0.07740234583616257,0.002111588604748249,0.6302912776436489,0.981590806292153,0.41442447900772095,0.0014540909323841333,0.0035086994278565355,0.1
7,octanol_hl_gap_eV,32,0.34146466851234436,0.0010836678557097912,0.6704218368597001,0.9226014706085028,0.26141732931137085,0.05812269076704979,0.22233679351004537,0.08
7,octanol_hl_gap_eV,33,0.03178945556282997,0.004078338388353586,0.596252667331788,0.9778340022287242,0.7805461883544922,0.00035313775879330933,0.00045242391041301015,0.02
7,octanol_hl_gap_eV,34,0.11529087275266647,0.0012756040086969733,0.5857554205771702,0.9741865679535027,0.3050151467323303,0.0010521955555304885,0.0034496501790248968,0.18
7,octanol_hl_gap_eV,35,0.062017831951379776,0.0008001501555554569,0.6514456787894654,0.9795684798764492,0.2709530293941498,0.00038367745582945645,0.0014160294006948665,0.16
7,octanol_hl_gap_eV,36,0.056550923734903336,0.0024783029220998287,0.6129740148629708,0.964370428198194,0.42638325691223145,0.001182472100481391,0.002773261100927319,0.08
7,octanol_hl_gap_eV,37,0.0474616102874279,0.0023033288307487965,0.6177701073989739,0.9733590588018659,0.42886245250701904,0.0011129090562462807,0.0025950256305733973,0.08
7,octanol_hl_gap_eV,38,0.09448443353176117,0.001284787431359291,0.616143201930003,0.9657329781860942,0.33898529410362244,0.0014895054046064615,0.004394011865751154,0.14
7,octanol_hl_gap_eV,39,0.08129651099443436,0.0022818760480731726,0.6425679141788103,0.9710221009178663,0.4289136826992035,0.001909320242702961,0.0044515256092726805,0.0
7,octanol_hl_gap_eV,40,0.11066491156816483,0.0016612664330750704,0.6354966862821498,0.9777915208873214,0.21278290450572968,0.004458506125956774,0.020953309836207815,0.18
7,octanol_hl_gap_eV,41,0.06131543219089508,0.0030610263347625732,0.6293585653546154,0.9661216747631616,0.5966983437538147,0.0032789921388030052,0.005495225809032661,0.04
7,octanol_hl_gap_eV,42,0.0485149584710598,0.0029658533167093992,0.5815471537663648,0.9332258675979981,0.6077635288238525,0.01798451505601406,0.029591303530203263,0.1
7,octanol_hl_gap_eV,43,0.12489823997020721,0.001078275265172124,0.6440574396731011,0.9642921453110551,0.2889583706855774,0.0024663021322339773,0.008535146866943061,0.16
7,octanol_hl_gap_eV,44,0.07810647040605545,0.0023874167818576097,0.6045282102823291,0.9301233010938448,0.5612623691558838,0.01863887347280979,0.033208842240469306,0.1
7,octanol_hl_gap_eV,45,0.019782405346632004,0.0011667198268696666,0.6335282997917984,0.9712664629542556,0.20820890367031097,0.0005074522341601551,0.0024372263876077166,0.08
7,octanol_hl_gap_eV,46,-0.10647838562726974,0.0016496852040290833,0.6570228695233025,0.9587187696527548,0.14845526218414307,0.012651276774704456,0.08521945661321108,0.08
7,octanol_hl_gap_eV,47,0.07083222270011902,0.0019386587664484978,0.6093960388496324,0.9680123765410855,0.4313447177410126,0.0008885275456123054,0.002059901301830231,0.06
7,octanol_hl_gap_eV,48,0.03550105169415474,0.002269394462928176,0.5930211106435987,0.9689190447442049,0.5316014885902405,0.0007985401898622513,0.0015021406203731828,0.04
7,octanol_hl_gap_eV,49,0.11168617755174637,0.0016243914142251015,0.6595272073241722,0.9514208151598713,0.40103015303611755,0.013646856881678104,0.03402950321406142,0.02
7,octanol_hl_gap_eV,50,0.11222472786903381,0.0019632529001682997,0.6027478196120073,0.9202296759399067,0.4040323495864868,0.023567454889416695,0.05833061365887452,0.08
7,octanol_hl_gap_eV,51,0.28295350074768066,0.0015328606823459268,0.6647903696707844,0.9759498804170825,0.012171793729066849,0.026315974071621895,2.162045681794462,0.14
7,octanol_hl_gap_eV,52,0.09514542669057846,0.002079667756333947,0.5925577871863741,0.9746421076311693,0.4712013304233551,0.00148849340621382,0.0031589329446002827,0.1
7,octanol_hl_gap_eV,53,0.07980255037546158,0.0013150752056390047,0.6219451589338758,0.9643350088992564,0.3920195400714874,0.0021987291984260082,0.005608723478490524,0.18
7,octanol_hl_gap_eV,54,0.20880500972270966,0.001368198310956359,0.6440207319048463,0.9360975825962976,0.32556697726249695,0.039754316210746765,0.12210795009069302,0.12
7,octanol_hl_gap_eV,55,0.19190648198127747,0.0007376701687462628,0.6611303814971694,0.9407396483530834,0.25518712401390076,0.00500959437340498,0.019631062471365496,0.12
7,octanol_hl_gap_eV,56,0.03330746293067932,0.0017128248000517488,0.6485492725787003,0.9664093285008879,0.39583516120910645,0.0034844111651182175,0.008802682294505718,0.06
7,octanol_hl_gap_eV,57,0.23788075149059296,0.0020574580412358046,0.6135145145842984,0.9225127836425824,0.3231339454650879,0.05928587168455124,0.18347150621771063,0.14
7,octanol_hl_gap_eV,58,-0.009932815097272396,0.0010064508533105254,0.6438631076116983,0.9587353563093226,0.2574952244758606,0.0016708801267668605,0.006488975203978979,0.12
7,octanol_hl_gap_eV,59,0.08290361613035202,0.0023580705747008324,0.6326344025565913,0.9674131507822872,0.3875744342803955,0.0008006285061128438,0.002065741275219457,0.02
7,octanol_hl_gap_eV,60,0.08992279320955276,0.0033247650135308504,0.6466237127509864,0.9847347041291821,0.6445326209068298,0.0027337486390024424,0.004241443412369377,0.02
7,octanol_hl_gap_eV,61,0.1260911375284195,0.0013854572316631675,0.6205430581606874,0.9700755689603024,0.30783700942993164,0.0005571959191001952,0.0018100355124032654,0.16
7,octanol_hl_gap_eV,62,0.054054439067840576,0.002500596921890974,0.6201652831974036,0.9430015008310444,0.3502586781978607,0.010057077743113041,0.028713286405517152,0.02
7,octanol_hl_gap_eV,63,0.16681386530399323,0.0024292052257806063,0.5935033213883298,0.9380601232275991,0.4900592863559723,0.02508552372455597,0.0511887529182218,0.1
7,octanol_hl_gap_eV,64,0.3919757306575775,0.0006395574891939759,0.6388210617253445,0.9140177560673028,0.25010988116264343,0.03657551854848862,0.14623779907641474,0.24
7,octanol_hl_gap_eV,65,0.1250237077474594,0.0010037923930212855,0.6415205119002305,0.9830275792040264,0.22341352701187134,0.0006536925211548805,0.002925930805971949,0.22
7,octanol_hl_gap_eV,66,0.10207536071538925,0.0015915551921352744,0.5974488861724645,0.9755028545413604,0.35860130190849304,0.0009081682073883712,0.0025325290303048462,0.12
7,octanol_hl_gap_eV,67,0.11570752412080765,0.0039529032073915005,0.6439500384074994,0.9528961250459369,0.8130348920822144,0.11067653447389603,0.13612765645327848,0.24
7,octanol_hl_gap_eV,68,0.0941954255104065,0.0061729722656309605,0.6102404897574378,0.9774263688354246,1.0163387060165405,0.0023975169751793146,0.0023589743861829227,0.02
7,octanol_hl_gap_eV,69,0.05197837948799133,0.0028284252621233463,0.5906535280225724,0.9500689257941317,0.6087600588798523,0.0008577152038924396,0.0014089544663470148,0.08
7,octanol_hl_gap_eV,70,0.14397920668125153,0.0009849360212683678,0.6062683933152482,0.973075819704684,0.2935916483402252,0.0006602912326343358,0.002249012314782078,0.04
7,octanol_hl_gap_eV,71,0.10811402648687363,0.0009753705817274749,0.6106811794680718,0.9723249270781948,0.328860342502594,0.00042168042273260653,0.001282247715013799,0.1
7,octanol_hl_gap_eV,72,0.026222258806228638,0.0020663561299443245,0.6306316379373424,0.9394856356335624,0.3492093086242676,0.11952710151672363,0.3422792536304611,0.12
7,octanol_hl_gap_eV,73,0.32736310362815857,0.0007842017221264541,0.6186999122717936,0.9197946932686614,0.29468515515327454,0.03425299748778343,0.1162359110691118,0.14
7,octanol_hl_gap_eV,74,0.06567847728729248,0.0028586459811776876,0.5976720608881694,0.9681852206306272,0.5420572757720947,0.0007051096181385219,0.001300802792719974,0.04
7,octanol_hl_gap_eV,75,0.04550652951002121,0.002770233666524291,0.6155304135934876,0.9675300510516394,0.4829000234603882,0.005351504776626825,0.011082013908963507,0.06
7,octanol_hl_gap_eV,76,0.07787427306175232,0.00223620911128819,0.6505824256286912,0.9745728133922176,0.25315970182418823,0.04250158742070198,0.16788448996601382,0.06
7,octanol_hl_gap_eV,77,0.16125202178955078,0.0024080725852400064,0.6091568549027422,0.906142924133136,0.3958699107170105,0.06827572733163834,0.17247011071888604,0.0
7,octanol_hl_gap_eV,78,0.052895016968250275,0.0017025842098519206,0.6336944259451449,0.9525387990550473,0.38731175661087036,0.011558770202100277,0.0298435820880937,0.02
7,octanol_hl_gap_eV,79,0.28950950503349304,0.0009262487874366343,0.6442112180593527,0.9402174408711723,0.2750667333602905,0.04568692296743393,0.166093959852251,0.06
7,octanol_hl_gap_eV,80,0.006067213136702776,0.0027319476939737797,0.6394122097135984,0.9769753805238017,0.5511400103569031,0.0008384488173760474,0.0015212991283886123,0.04
7,octanol_hl_gap_eV,81,0.08874530345201492,0.0011178641580045223,0.639868974869567,0.9724434397130803,0.3022899925708771,0.001193626900203526,0.003948615334739074,0.1
7,octanol_hl_gap_eV,82,0.07380146533250809,0.0016356935957446694,0.6513887639760123,0.9821267233517401,0.35729432106018066,0.0011934882495552301,0.0033403504595702926,0.0
7,octanol_hl_gap_eV,83,0.025495631620287895,0.0010028027463704348,0.6366680199992463,0.9714030874624979,0.3131785988807678,0.000307495123706758,0.0009818522874988223,0.04
7,octanol_hl_gap_eV,84,0.08863284438848495,0.00387070095166564,0.5961440378608556,0.9838509800314965,0.8061689734458923,0.022031057626008987,0.02732808921166903,0.02
7,octanol_hl_gap_eV,85,0.1672777533531189,0.0011755912564694881,0.6262549925733492,0.9446548526393468,0.24277013540267944,0.020198240876197815,0.08319903452166913,0.1
7,octanol_hl_gap_eV,86,0.0384954959154129,0.0034021949395537376,0.5974241713119288,0.9658923823797563,0.5349134802818298,0.001578821917064488,0.002951546325272368,0.06
7,octanol_hl_gap_eV,87,0.15841642022132874,0.0007304539903998375,0.6016791482308081,0.9673984412886107,0.289676308631897,0.0020415226463228464,0.0070475996327234655,0.2
7,octanol_hl_gap_eV,88,0.1700720638036728,0.0006694084731861949,0.6475076634427039,0.984842059179849,0.28128916025161743,0.0020184041932225227,0.007175549144577876,0.1
7,octanol_hl_gap_eV,89,0.1404355764389038,0.000806008989457041,0.6590291433135365,0.9674713959473014,0.2665638327598572,0.00024001683050300926,0.0009004103370588775,0.1
7,octanol_hl_gap_eV,90,0.08654235303401947,0.002068959642201662,0.6017851342764555,0.9783592608906304,0.49091359972953796,0.0011567657347768545,0.0023563530026753355,0.1
7,octanol_hl_gap_eV,91,0.08945179730653763,0.0010985813569277525,0.6336775512819568,0.9602504147348028,0.23679788410663605,0.003109122859314084,0.013129859124560285,0.08
7,octanol_hl_gap_eV,92,0.11919321864843369,0.0024550561793148518,0.617434351186599,0.9811750072816399,0.40929678082466125,0.007499998435378075,0.018324108047629628,0.16
7,octanol_hl_gap_eV,93,0.035284772515296936,0.0025962814688682556,0.6629523317916624,0.975484273481602,0.5041868090629578,0.001632498111575842,0.0032378834238243467,0.22
7,octanol_hl_gap_eV,94,0.2877173125743866,0.0017076279036700726,0.6073948317538811,0.9161495958004726,0.3433389663696289,0.04940203204751015,0.14388705298985882,0.14
7,octanol_hl_gap_eV,95,0.06232697516679764,0.0010488490806892514,0.6197183553146082,0.9736760538569704,0.3358997702598572,0.0002823800896294415,0.0008406677069501654,0.14
7,octanol_hl_gap_eV,96,0.08104784786701202,0.001443163026124239,0.6365204839248491,0.9757357738729844,0.34781134128570557,0.0004787140351254493,0.0013763612001720647,0.18
7,octanol_hl_gap_eV,97,0.054686274379491806,0.001896610134281218,0.602934159571225,0.96130711245154,0.47562175989151,0.0009198873885907233,0.0019340733880648163,0.02
7,octanol_hl_gap_eV,98,0.11249126493930817,0.005945665296167135,0.5938540402659052,0.9604485300001762,1.112005352973938,0.008717160671949387,0.00783913552991115,0.06
7,octanol_hl_gap_eV,99,0.046936701983213425,0.0018587945960462093,0.6099726866157162,0.9799616159017368,0.34236377477645874,0.00042426196159794927,0.0012392139380837377,0.1
7,octanol_hl_gap_eV,100,0.06937085092067719,0.0012044912436977029,0.6207729019068118,0.9562716995365985,0.34137967228889465,0.0010813716799020767,0.003167651057403791,0.12
7,octanol_hl_gap_eV,101,0.16994567215442657,0.002418788382783532,0.6342132547860082,0.9870252906260844,0.4169635772705078,0.001987822586670518,0.004767377044496395,0.16
7,octanol_hl_gap_eV,102,0.07457773387432098,0.0013320110738277435,0.6449916285665178,0.9689646763345072,0.29698076844215393,0.0006070311646908522,0.0020440083304892184,0.06
7,octanol_hl_gap_eV,103,0.04262816160917282,0.0038333176635205746,0.6210732454370067,0.9618315821578323,0.6752669811248779,0.0017993198707699776,0.002664605142950455,0.1
7,octanol_hl_gap_eV,104,0.11572985351085663,0.0013989569852128625,0.6572608419314556,0.9776119352132233,0.35866427421569824,0.002829464850947261,0.007888895143332955,0.1
7,octanol_hl_gap_eV,105,0.2913346290588379,0.0015031135408207774,0.6531902835012862,0.9685867561347612,0.17912517488002777,0.031109392642974854,0.17367403919527735,0.26
7,octanol_hl_gap_eV,106,0.10073452442884445,0.0008960833074524999,0.6478845761620746,0.9648726854783116,0.31724342703819275,0.0005435151397250593,0.0017132431861531549,0.14
7,octanol_hl_gap_eV,107,0.06684716790914536,0.0029587617609649897,0.6357480055022411,0.9903032553822,0.5995205044746399,0.013900235295295715,0.023185587801498965,0.04
7,octanol_hl_gap_eV,108,0.05469531565904617,0.0020240931771695614,0.6141954191980492,0.9567987163158447,0.3368723690509796,0.0009918637806549668,0.0029443310635692593,0.02
7,octanol_hl_gap_eV,109,0.09541389346122742,0.003791648428887129,0.6084657145502583,0.9670621978119565,0.6056007742881775,0.0016564629040658474,0.0027352390789342237,0.18
7,octanol_hl_gap_eV,110,0.04520560801029205,0.007954376749694347,0.6096066290805902,0.9306469549043126,1.3463996648788452,0.026503480970859528,0.019684705561215675,0.0
7,octanol_hl_gap_eV,111,0.09115011245012283,0.0010997906792908907,0.6382793313074377,0.9612814488896444,0.23011267185211182,0.0011863320833072066,0.005155440044908241,0.08
7,octanol_hl_gap_eV,112,0.15840262174606323,0.002277999883517623,0.5934691684247875,0.988079647618842,0.5197644829750061,0.0004477814363781363,0.000861508338959876,0.06
7,octanol_hl_gap_eV,113,0.2947067618370056,0.0013884165091440082,0.6580759335830497,0.9320329587128608,0.35995644330978394,0.04172101244330406,0.11590572475847677,0.22
7,octanol_hl_gap_eV,114,0.09153727442026138,0.002002344001084566,0.6150503512887551,0.9218254939566632,0.3932974636554718,0.02753882110118866,0.07002033739356285,0.1
7,octanol_hl_gap_eV,115,0.6791141033172607,0.0018212836002930999,0.6501644196618279,0.9218260310317579,0.2945871651172638,0.22792696952819824,0.7737165651377558,0.48
7,octanol_hl_gap_eV,116,0.13198751211166382,0.001258348231203854,0.6439380456388764,0.9455634640244359,0.2254083901643753,0.0033447968307882547,0.014838830215455234,0.2
7,octanol_hl_gap_eV,117,0.10038262605667114,0.0016262094723060727,0.5909965397560155,0.9838393580814646,0.38461121916770935,0.000832662801258266,0.0021649467299995327,0.06
7,octanol_hl_gap_eV,118,0.02654816024005413,0.0012345934519544244,0.6477760450695602,0.9677543018846362,0.33443915843963623,0.0008810082799755037,0.0026342856622590116,0.02
7,octanol_hl_gap_eV,119,0.06451679766178131,0.0015457670670002699,0.6326378406064173,0.958057835662552,0.2496458739042282,0.0006626265239901841,0.0026542658752068456,0.08
7,octanol_hl_gap_eV,120,0.039471741765737534,0.0029960963875055313,0.594823112465598,0.9816712427168137,0.646574854850769,0.0007618836825713515,0.001178337940078409,0.08
7,octanol_hl_gap_eV,121,0.32465654611587524,0.001093376660719514,0.6538703877105969,0.9188361636001423,0.22268787026405334,0.05044352263212204,0.22652119566417497,0.2
7,octanol_hl_gap_eV,122,0.021388595923781395,0.001562977209687233,0.5878972259274786,0.9671543377407876,0.4206724464893341,0.00031507405219599605,0.0007489771550892021,0.08
7,octanol_hl_gap_eV,123,0.077814020216465,0.00144844816531986,0.6523237625870788,0.9735584173943259,0.3577060401439667,0.004620368126779795,0.012916662309980077,0.06
7,octanol_hl_gap_eV,124,0.21988338232040405,0.0011835616314783692,0.6579889452242285,0.9803870212734356,0.1924988180398941,0.005044359713792801,0.026204626943462015,0.26
7,octanol_hl_gap_eV,125,0.23663119971752167,0.0016969486605376005,0.5936285992870929,0.9535056853295354,0.35385948419570923,0.0350596122443676,0.0990777803343464,0.18
7,octanol_hl_gap_eV,126,0.090707927942276,0.001343938522040844,0.6378598949690235,0.9599117912242581,0.19034118950366974,0.0019711824133992195,0.010356047571937737,0.06
7,octanol_hl_gap_eV,127,0.24051348865032196,0.001680878922343254,0.6234115214114502,0.9678878451289403,0.27814242243766785,0.013654434122145176,0.04909151938232348,0.34
7,octanol_hl_gap_eV,128,0.27872470021247864,0.001001235912553966,0.6693435315075076,0.9221997366764156,0.28619953989982605,0.04087584838271141,0.14282290040374818,0.14
7,octanol_hl_gap_eV,129,0.12601114809513092,0.001424203859642148,0.5887902993820433,0.9207108802465349,0.2947285771369934,0.02308664284646511,0.0783318776575037,0.12
7,octanol_hl_gap_eV,130,0.04336749389767647,0.0015652651200070977,0.61527394423659,0.9674092756047172,0.2487260401248932,0.001843119622208178,0.007410239881930696,0.0
7,octanol_hl_gap_eV,131,0.14602923393249512,0.0007156479987315834,0.6730372591131271,0.9741200282711284,0.2661566138267517,0.0005536122480407357,0.0020800243889528007,0.16
7,octanol_hl_gap_eV,132,0.09486278146505356,0.0013909527333453298,0.6235210402381881,0.9634755991582378,0.36096397042274475,0.000775615859311074,0.0021487348402188387,0.06
7,octanol_hl_gap_eV,133,0.1972699910402298,0.0013201944530010223,0.6041722962968188,0.9732683291376716,0.2630656063556671,0.010886510834097862,0.04138325410498246,0.16
7,octanol_hl_gap_eV,134,0.027482977136969566,0.00072525255382061,0.6351866244887818,0.9763357324312187,0.25198450684547424,0.00028264778666198254,0.00112168716323227,0.1
7,octanol_hl_gap_eV,135,0.0599009171128273,0.0016998781356960535,0.628639679120091,0.9484981853791552,0.39740750193595886,0.0007820999599061906,0.0019680050227945216,0.06
7,octanol_hl_gap_eV,136,0.026614302769303322,0.005343098659068346,0.5924885706143563,0.9792383620260461,0.8689395785331726,0.002203584648668766,0.0025359469209453693,0.0
7,octanol_hl_gap_eV,137,0.18499301373958588,0.0008147280314005911,0.6519315172578763,0.9256221737835466,0.2547951340675354,0.024543842300772667,0.09632775127592168,0.18
7,octanol_hl_gap_eV,138,0.05382900312542915,0.0009523110347799957,0.6651799656948458,0.9704164677695006,0.25094202160835266,0.0003445112088229507,0.0013728717359288364,0.08
7,octanol_hl_gap_eV,139,0.053122397512197495,0.0010647001909092069,0.652863080193262,0.9499252112002476,0.23649680614471436,0.0002681938640307635,0.0011340274247367782,0.0
7,octanol_hl_gap_eV,140,0.009442753158509731,0.0015003262087702751,0.6131286001714991,0.9621025206085088,0.3715279698371887,0.0015851942589506507,0.004266688883868732,0.08
7,octanol_hl_gap_eV,141,0.09070701152086258,0.0032451555598527193,0.5981405640470938,0.896830314052266,0.5146475434303284,0.028260162100195885,0.05491168171488935,0.04
7,octanol_hl_gap_eV,142,0.06098469719290733,0.0025310490746051073,0.6205928621755177,0.9861550966692321,0.44008684158325195,0.00043399783316999674,0.0009861640752735314,0.14
7,octanol_hl_gap_eV,143,0.09138461947441101,0.0017856430495157838,0.6099206544930038,0.9422898845270846,0.3568517863750458,0.028282994404435158,0.07925697862336091,0.04
7,octanol_hl_gap_eV,144,0.07308480143547058,0.002650014590471983,0.60239271203456,0.96561539532684,0.5971260070800781,0.004663040861487389,0.007809140459799212,0.08
7,octanol_hl_gap_eV,145,0.04977693036198616,0.004286939278244972,0.625050433066324,0.9197587832559957,0.7400344610214233,0.31086811423301697,0.42007248392722835,0.0
7,octanol_hl_gap_eV,146,0.12314651161432266,0.0017542047426104546,0.6393755218487696,0.9566797498957378,0.24422557651996613,0.0013066689716652036,0.005350254425782386,0.1
7,octanol_hl_gap_eV,147,0.02746332436800003,0.0016276314854621887,0.5950606071475142,0.9602250616111856,0.3480181097984314,0.0019952626898884773,0.0057332151221788814,0.04
7,octanol_hl_gap_eV,148,0.02585453726351261,0.0012880387948825955,0.6441312468037466,0.9713576954870533,0.28008389472961426,0.0017409285064786673,0.0062157394239298,0.02
7,octanol_hl_gap_eV,149,0.0639720931649208,0.0032514133490622044,0.6074714025709129,0.9654901252417663,0.6167801022529602,0.0024013675283640623,0.0038933933173142293,0.06
7,octanol_hl_gap_eV,150,0.09631722420454025,0.0021342651452869177,0.6247133375188443,0.9565790500764737,0.23787233233451843,0.0021973762195557356,0.009237628428621024,0.0
7,octanol_hl_gap_eV,151,0.05974506586790085,0.0021036225371062756,0.6536850654756599,0.9692612074043709,0.40049466490745544,0.0008809238788671792,0.002199589547767732,0.0
7,octanol_hl_gap_eV,152,0.11316563189029694,0.0011845235712826252,0.6549525338586288,0.9556205286396291,0.34483614563941956,0.006570341996848583,0.01905351883766532,0.16
7,octanol_hl_gap_eV,153,0.12758870422840118,0.001040204893797636,0.6478354049293045,0.9728996228814473,0.19707953929901123,0.0037260977551341057,0.01890656822310118,0.1
7,octanol_hl_gap_eV,154,0.14808891713619232,0.0009547057561576366,0.6460692645557014,0.9753078375556812,0.21909497678279877,0.0007366048521362245,0.003362034415177225,0.08
7,octanol_hl_gap_eV,155,0.10073193162679672,0.0016426494112238288,0.6174190061578373,0.9304784696967423,0.24706852436065674,0.015773987397551537,0.06384458497240854,0.12
7,octanol_hl_gap_eV,156,0.134536474943161,0.002581884851679206,0.5865741033853851,0.9579972567826383,0.5365381836891174,0.004030607640743256,0.007512247521750814,0.1
7,octanol_hl_gap_eV,157,0.09113776683807373,0.00106569763738662,0.6141844464192272,0.973170473498258,0.30562612414360046,0.0011379586067050695,0.0037233682490126143,0.12
7,octanol_hl_gap_eV,158,0.09083757549524307,0.0018999155145138502,0.6708113418408608,0.9718094742613397,0.49682116508483887,0.0008509772596880794,0.0017128442173810442,0.18
7,octanol_hl_gap_eV,159,0.05463961884379387,0.003581581637263298,0.6290467826047998,0.9815740183752104,0.763894259929657,0.001176070305518806,0.0015395721203967472,0.02
7,octanol_hl_gap_eV,160,0.04038193076848984,0.0016704497393220663,0.6017794857680896,0.9682269239546553,0.4307504892349243,0.0012817519018426538,0.002975624947331417,0.02
7,octanol_hl_gap_eV,161,0.11338077485561371,0.0011715027503669262,0.6371238784296864,0.979845453177576,0.2515009939670563,0.0033926183823496103,0.013489482998997626,0.1
7,octanol_hl_gap_eV,162,0.08015163987874985,0.0016847032820805907,0.5881814645889822,0.9734734164350964,0.3463350534439087,0.0006271742167882621,0.001810888648295132,0.12
7,octanol_hl_gap_eV,163,0.06745671480894089,0.0010994417825713754,0.663651219720234,0.9683964879979337,0.27264922857284546,0.0010937383631244302,0.004011521942862233,0.14
7,octanol_hl_gap_eV,164,0.04439690709114075,0.0014566557947546244,0.6194796652899226,0.9661677769515189,0.2818378806114197,0.0009136925800703466,0.0032419083555701596,0.08
7,octanol_hl_gap_eV,165,0.09343920648097992,0.0022709588520228863,0.6302363272294682,0.9407330179417215,0.2980104982852936,0.017283642664551735,0.057996757711554284,0.08
7,octanol_hl_gap_eV,166,0.10267983376979828,0.0015344454441219568,0.6452682945839494,0.9593494604051516,0.20925340056419373,0.0013495266903191805,0.006449246161259775,0.12
7,octanol_hl_gap_eV,167,0.039151836186647415,0.002092034090310335,0.6441371308706487,0.9415653252188643,0.4935641288757324,0.0016020446782931685,0.0032458693502349823,0.1
7,octanol_hl_gap_eV,168,0.2042151540517807,0.0011204596376046538,0.6391480883920726,0.9545968281600155,0.3515138328075409,0.014873683452606201,0.042313223732363806,0.04
7,octanol_hl_gap_eV,169,0.1203993558883667,0.0016576554626226425,0.6648264698672881,0.9701015051392143,0.338851660490036,0.0018870001658797264,0.00556880896835745,0.14
7,octanol_hl_gap_eV,170,0.04748501628637314,0.0023046755231916904,0.6100611419384239,0.9627457047616983,0.5329120755195618,0.0009539069142192602,0.001789989302248875,0.1
7,octanol_hl_gap_eV,171,0.10185839980840683,0.000629264279268682,0.6410993570735428,0.9552178707392431,0.23220138251781464,0.0032429422717541456,0.0139660765004504,0.04
7,octanol_hl_gap_eV,172,0.03404451161623001,0.002461650874465704,0.6321790444816093,0.9671409967282445,0.4045388698577881,0.003855970920994878,0.009531768658844596,0.12
7,octanol_hl_gap_eV,173,0.09351049363613129,0.0018628531834110618,0.6235737642864385,0.9585599784556982,0.4054615795612335,0.0020586885511875153,0.0050773948876125475,0.06
7,octanol_hl_gap_eV,174,0.09545568376779556,0.0019599772058427334,0.5906556417754729,0.9586566697747914,0.45750609040260315,0.0016259577823802829,0.003553958770143252,0.06
7,octanol_hl_gap_eV,175,0.10614347457885742,0.0014900920214131474,0.6313980612940175,0.9242190827620009,0.2679007649421692,0.02625841274857521,0.09801544521249696,0.06
7,octanol_hl_gap_eV,176,0.3022819757461548,0.0008233031840063632,0.6583383347243259,0.9737001009737993,0.35342711210250854,0.0011152683291584253,0.0031555822713311005,0.16
7,octanol_hl_gap_eV,177,0.569438636302948,0.0011311674024909735,0.6506887068325415,0.9576508290735368,0.2895820736885071,0.13713161647319794,0.4735500879819841,0.34
7,octanol_hl_gap_eV,178,0.023598648607730865,0.0008694981224834919,0.6081729470827637,0.951709939567476,0.28829053044319153,0.0013965730322524905,0.004844325029009891,0.08
7,octanol_hl_gap_eV,179,0.07548989355564117,0.0016378978034481406,0.600201739350011,0.97042662958793,0.3404340147972107,0.0004948180285282433,0.0014534917400160377,0.04
7,octanol_hl_gap_eV,180,0.11231251060962677,0.0017354754963889718,0.6658245597222301,0.9701281715896504,0.3383210599422455,0.0026151416823267937,0.007729763210050307,0.14
7,octanol_hl_gap_eV,181,0.11114461719989777,0.0017102428246289492,0.6160072123723439,0.9769406292885465,0.38799601793289185,0.0034192404709756374,0.008812565884547383,0.16
7,octanol_hl_gap_eV,182,0.0960935652256012,0.0017722554039210081,0.6324313198157296,0.9418114680991532,0.2791157066822052,0.019497960805892944,0.06985619346779678,0.12
7,octanol_hl_gap_eV,183,0.020174207165837288,0.0012582940980792046,0.6207794885528517,0.96495265322938,0.29449042677879333,0.000567744777072221,0.0019278887374450473,0.04
7,octanol_hl_gap_eV,184,0.09121576696634293,0.0025120493955910206,0.618715683184943,0.9783135763763127,0.5317361354827881,0.000913860450964421,0.0017186352214612693,0.18
7,octanol_hl_gap_eV,185,0.0780743733048439,0.005924968048930168,0.6080704179701668,0.9403339914078168,1.002835988998413,0.04506815969944,0.04494070834499271,0.0
7,octanol_hl_gap_eV,186,0.018720731139183044,0.0021137024741619825,0.631720115750025,0.9706091464308229,0.4131615459918976,0.0019373956602066755,0.004689196463227169,0.06
7,octanol_hl_gap_eV,187,0.08528528362512589,0.0009573237621225417,0.6262350663632079,0.96763130531505,0.24505898356437683,0.00256114243529737,0.010451126492265726,0.04
7,octanol_hl_gap_eV,188,0.1036147028207779,0.0006934487028047442,0.6542077724579363,0.9733265087490388,0.2626997232437134,0.0006325290305539966,0.0024078024245468388,0.06
7,octanol_hl_gap_eV,189,0.034383490681648254,0.001729237730614841,0.6488793598178526,0.9811198660384277,0.12293305993080139,0.033897340297698975,0.2757381970055872,0.08
7,octanol_hl_gap_eV,190,0.1815003901720047,0.000750700244680047,0.6628262401846088,0.9465504642453701,0.32206061482429504,0.0026543366257101297,0.008241729983525748,0.14
7,octanol_hl_gap_eV,191,0.1249769777059555,0.0018674304010346532,0.5951226894123642,0.9708928302349134,0.3980710804462433,0.0025578720960766077,0.006425666725674212,0.12
7,octanol_hl_gap_eV,192,0.10046865791082382,0.0018542271573096514,0.6430801615855513,0.9651861128846853,0.4015309512615204,0.007302204146981239,0.018185906028014398,0.24
7,octanol_hl_gap_eV,193,0.027414530515670776,0.001749094924889505,0.6186265012651433,0.9580223068886731,0.3029787838459015,0.001785632106475532,0.0058935879397539765,0.0
7,octanol_hl_gap_eV,194,0.10928501933813095,0.0009920767042785883,0.6042914203098102,0.9680162501444367,0.3261517882347107,0.002614532597362995,0.008016306185270652,0.1
7,octanol_hl_gap_eV,195,0.16737058758735657,0.0008624315378256142,0.6131137271384679,0.9908974821115808,0.2576882839202881,0.0011753105791285634,0.004560977942994597,0.14
7,octanol_hl_gap_eV,196,0.05866653099656105,0.0025718596298247576,0.5986650120220063,0.9596007361075312,0.5692368149757385,0.001176792779006064,0.0020673167090505557,0.08
7,octanol_hl_gap_eV,197,0.035757821053266525,0.0014929070603102446,0.6010332036230284,0.9650043841538221,0.3734680414199829,0.000570091709960252,0.0015264805732578234,0.06
7,octanol_hl_gap_eV,198,0.08933927863836288,0.00099536357447505,0.6518531492007895,0.962480260669254,0.3229783773422241,0.0005669808597303927,0.0017554762160738283,0.16
7,octanol_hl_gap_eV,199,0.04614131152629852,0.0019035488367080688,0.6202965429332321,0.9698742078282316,0.3901800215244293,0.0008762490469962358,0.0022457558015726684,0.02
7,octanol_hl_gap_eV,200,0.08551550656557083,0.0008550523198209703,0.6313850938096595,0.97030255982601,0.3068549633026123,0.0003445862967055291,0.001122961457089769,0.12
7,octanol_hl_gap_eV,201,0.1368192583322525,0.0017075202194973826,0.5986117417275292,0.9131566787960657,0.38906317949295044,0.026906827464699745,0.06915798996904891,0.06
7,octanol_hl_gap_eV,202,0.027636762708425522,0.0024415727239102125,0.6306139802505644,0.9824235837371449,0.4057276248931885,0.0007335208938457072,0.001807914593044566,0.02
7,octanol_hl_gap_eV,203,0.07086511701345444,0.001705526257865131,0.6204845387124549,0.9737935605355412,0.42544418573379517,0.0006079958402551711,0.0014290848497706355,0.04
7,octanol_hl_gap_eV,204,0.07752536237239838,0.0025049226824194193,0.6221972052868932,0.9756724914241452,0.4435153305530548,0.02968025766313076,0.06692047741871757,0.02
7,octanol_hl_gap_eV,205,0.2098897397518158,0.0019232487538829446,0.632619801299638,0.9836700315962255,0.3073779046535492,0.0007178806117735803,0.0023354984236186906,0.2
7,octanol_hl_gap_eV,206,0.22580009698867798,0.002967200940474868,0.6193727313789865,0.9474351339108309,0.6004642248153687,0.020865021273493767,0.0347481505328804,0.16
7,octanol_hl_gap_eV,207,0.07282553613185883,0.0019952289294451475,0.5958807067827809,0.9668514052963133,0.4479754567146301,0.0005861715762875974,0.001308490381563473,0.1
7,octanol_hl_gap_eV,208,0.37989887595176697,0.0014080601977184415,0.6453636278732184,0.904895169439732,0.19944925606250763,0.06443283706903458,0.3230537849127963,0.22
7,octanol_hl_gap_eV,209,0.05349470302462578,0.0012851615902036428,0.6588253916803328,0.969618769881486,0.23311197757720947,0.0005228035151958466,0.0022427140837183615,0.02
7,octanol_hl_gap_eV,210,0.1771911084651947,0.0009293862385675311,0.6553066533396137,0.9782318286168712,0.24800466001033783,0.000736028712708503,0.0029678019464546446,0.18
7,octanol_hl_gap_eV,211,0.11261661350727081,0.0014816980110481381,0.6290994574417652,0.9636254840602234,0.295714408159256,0.0012701117666438222,0.004295062166736928,0.22
7,octanol_hl_gap_eV,212,0.1223936453461647,0.0015163040952757,0.598160129616778,0.9737438851569022,0.4024091064929962,0.0007958118803799152,0.001977618964231283,0.08
7,octanol_hl_gap_eV,213,0.17646461725234985,0.0012802421115338802,0.6075407448268608,0.9444240210708839,0.3818046450614929,0.007726737763732672,0.02023741162836878,0.1
7,octanol_hl_gap_eV,214,0.014169941656291485,0.001179321319796145,0.5834978395056656,0.9718965297037012,0.3148961067199707,0.0003230065922252834,0.0010257560678974197,0.06
7,octanol_hl_gap_eV,215,0.040058258920907974,0.0022796387784183025,0.6350887020563298,0.9711873074903417,0.3980223536491394,0.0036034381482750177,0.009053356212881157,0.02
7,octanol_hl_gap_eV,216,0.06781941652297974,0.0005732106510549784,0.6156890317692651,0.9628307060518599,0.2754060924053192,0.0006069968221709132,0.002204006515867438,0.02
7,octanol_hl_gap_eV,217,0.13663288950920105,0.004575483035296202,0.6224843470344732,0.9008232035610222,0.8624129891395569,0.11026915162801743,0.12786119065534335,0.14
7,octanol_hl_gap_eV,218,0.036753833293914795,0.002516967710107565,0.6137961789746165,0.962547680193881,0.42758673429489136,0.003940584138035774,0.009215870891163087,0.06
7,octanol_hl_gap_eV,219,0.0024068490602076054,0.0015945261111482978,0.6287224315780837,0.9496919461214373,0.26454979181289673,0.004300709348171949,0.016256710385973892,0.0
7,octanol_hl_gap_eV,220,0.067559152841568,0.005076301284134388,0.6034003727042769,0.9785129211283172,0.9777228832244873,0.0011480569373816252,0.001174215063470115,0.04
7,octanol_hl_gap_eV,221,0.12667371332645416,0.003470942610874772,0.6009405267309347,0.9326995017285606,0.7436174154281616,0.033442895859479904,0.04497325528642183,0.06
7,octanol_hl_gap_eV,222,0.34096649289131165,0.0008937872480601072,0.6465937870401537,0.91734565009316,0.24769875407218933,0.059304144233465195,0.23942043816732964,0.22
7,octanol_hl_gap_eV,223,0.06720205396413803,0.001176382414996624,0.5839521334212352,0.9592669542543621,0.3177381753921509,0.0010995185002684593,0.0034604545044404533,0.02
7,octanol_hl_gap_eV,224,0.12077677994966507,0.0013227927265688777,0.5845429066204388,0.9801705024967906,0.3274516463279724,0.000782345945481211,0.0023891953338894523,0.16
7,octanol_hl_gap_eV,225,0.031681641936302185,0.0011433586478233337,0.6447107948908517,0.9618960974229729,0.26519542932510376,0.0009763285634107888,0.003681543704940348,0.16
7,octanol_hl_gap_eV,226,0.06665500998497009,0.0014221115270629525,0.6401988593270058,0.9691412974564364,0.2092336267232895,0.000560441636480391,0.0026785447695822457,0.04
7,octanol_hl_gap_eV,227,0.09119097143411636,0.0012669586576521397,0.6585469485570818,0.9620192223195854,0.35486602783203125,0.000636463169939816,0.0017935308539623667,0.22
7,octanol_hl_gap_eV,228,0.030194416642189026,0.001595150912180543,0.6295006043068005,0.9831874892350061,0.28693240880966187,0.0005188927170820534,0.0018084144598188756,0.04
7,octanol_hl_gap_eV,229,0.04742272570729256,0.0010406861547380686,0.6226382352994597,0.9774716430707244,0.27920061349868774,0.001351758255623281,0.004841530391657375,0.02
7,octanol_hl_gap_eV,230,0.31437161564826965,0.0007753917016088963,0.6720755463435883,0.9383740996362233,0.3177376985549927,0.028364526107907295,0.0892702573125678,0.22
7,octanol_hl_gap_eV,231,0.018819568678736687,0.0016717860708013177,0.6422893998531565,0.968517824482422,0.2958909571170807,0.001175789744593203,0.003973726524288326,0.02
7,octanol_hl_gap_eV,232,0.05679681524634361,0.0021295740734785795,0.6295598264605371,0.980170609040089,0.40074846148490906,0.005663434974849224,0.014132144023371358,0.12
7,octanol_hl_gap_eV,233,0.08137163519859314,0.0012390243355184793,0.6326563359378377,0.9785939808083022,0.24408212304115295,0.00017958930402528495,0.0007357740984373758,0.02
7,octanol_hl_gap_eV,234,0.24574995040893555,0.001385350595228374,0.6150941962979648,0.9088107398911143,0.3049461245536804,0.0380050390958786,0.12462870007448965,0.08
7,octanol_hl_gap_eV,235,0.05678179860115051,0.0007552344468422234,0.6407910620192427,0.962681987241875,0.2783606946468353,0.0010432398412376642,0.003747798670215471,0.12
7,octanol_hl_gap_eV,236,0.07236780226230621,0.0028689990285784006,0.6024976270997553,0.9545889092805178,0.6281237006187439,0.0015016596298664808,0.002390706843870476,0.02
7,octanol_hl_gap_eV,237,0.08761922270059586,0.0011676389258354902,0.6001999676348642,0.9546213156919308,0.32567527890205383,0.0005506364395841956,0.0016907529531886834,0.06
7,octanol_hl_gap_eV,238,0.09700196981430054,0.005169777199625969,0.6132857122613877,0.9829406233723377,0.9554364085197449,0.01294682826846838,0.013550695946920075,0.06
7,octanol_hl_gap_eV,239,0.17677417397499084,0.0014846756821498275,0.626649646417025,0.9295477073702134,0.29780396819114685,0.034020520746707916,0.11423796987443663,0.22
7,octanol_hl_gap_eV,240,0.049451153725385666,0.0013863500207662582,0.5954853792903096,0.9757285856279259,0.30670347809791565,0.00044444226659834385,0.0014490943153127687,0.14
7,octanol_hl_gap_eV,241,0.06859370321035385,0.000820909917820245,0.6190465116265074,0.9814232735712054,0.2666703760623932,0.00046738769742660224,0.0017526794851680375,0.16
7,octanol_hl_gap_eV,242,-0.019022349268198013,0.0018554760608822107,0.6366848944247454,0.9673754112466177,0.35933321714401245,0.0024202775675803423,0.006735468506966199,0.04
7,octanol_hl_gap_eV,243,0.04846266657114029,0.002689332701265812,0.5936155845874285,0.9623569040232125,0.43199411034584045,0.0009666167898103595,0.0022375693711113734,0.0
7,octanol_hl_gap_eV,244,0.035347167402505875,0.0012132152915000916,0.6547415646692434,0.9620576802397516,0.32088056206703186,0.00033275934401899576,0.0010370193254320042,0.02
7,octanol_hl_gap_eV,245,0.0770861804485321,0.002964505460113287,0.6035661020160239,0.9782745552705776,0.6107480525970459,0.0008845178526826203,0.0014482532509460164,0.0
7,octanol_hl_gap_eV,246,0.14127402007579803,0.001014239271171391,0.6598428512148002,0.9667957740723938,0.253935843706131,0.003184257773682475,0.012539615231977568,0.08
7,octanol_hl_gap_eV,247,0.08394819498062134,0.001348821446299553,0.5996448089595041,0.962633990793635,0.2968392074108124,0.0011941917473450303,0.004023025656756728,0.12
7,octanol_hl_gap_eV,248,0.22822822630405426,0.0010660253465175629,0.6639325671067939,0.9266141057713646,0.29429271817207336,0.017886368557810783,0.06077747580336867,0.18
7,octanol_hl_gap_eV,249,0.06950144469738007,0.0013119146460667253,0.6219436035108112,0.9640095286432013,0.29331791400909424,0.0007007542299106717,0.0023890604577562384,0.06
7,octanol_dipole,0,0.38280588388442993,0.007738621439784765,0.6468178609639743,0.9117915356148201,1.3717646598815918,0.2711372673511505,0.19765581901968124,0.2
7,octanol_dipole,1,0.3710385859012604,0.0029924889095127583,0.6505032914709994,0.9312285680996679,0.46156543493270874,0.12082914263010025,0.26178117659030475,0.14
7,octanol_dipole,2,0.02064533531665802,0.0019254907965660095,0.6493305690280604,0.9595928908299014,0.17406140267848969,0.04992196336388588,0.2868066245340856,0.08
7,octanol_dipole,3,0.20200079679489136,0.007539340760558844,0.6400615493809507,0.9575318005823203,1.2257864475250244,0.006292467936873436,0.005133412879199723,0.08
7,octanol_dipole,4,0.2428770214319229,0.014278225600719452,0.6158283713486872,0.9427129772021656,2.265261173248291,0.16237731277942657,0.07168149734654403,0.12
7,octanol_dipole,5,0.15518531203269958,0.00519693223759532,0.6349848438522225,0.9463632123631118,0.8535147309303284,0.03811907395720482,0.044661295904823047,0.04
7,octanol_dipole,6,0.2556341886520386,0.006123461294919252,0.6360049305339539,0.9520853357311485,1.0505626201629639,0.10489030927419662,0.09984203441192871,0.24
7,octanol_dipole,7,0.3225095272064209,0.009990793652832508,0.6278956360631076,0.9362227146915341,1.8844091892242432,0.22787980735301971,0.12092904696926852,0.14
7,octanol_dipole,8,0.13269378244876862,0.0064336261712014675,0.6372471043474981,0.9541481887729857,1.0577512979507446,0.013996436260640621,0.013232256285345046,0.04
7,octanol_dipole,9,0.6450756788253784,0.0075314221903681755,0.6570168486518213,0.9155601618357743,1.3155300617218018,0.7246593832969666,0.5508497330334758,0.66
7,octanol_dipole,10,0.7478322386741638,0.003764463122934103,0.6849936818038671,0.9115982709537336,0.6000372171401978,0.7379323840141296,1.229811023274766,0.6
7,octanol_dipole,11,0.2205682396888733,0.001640522270463407,0.656255411781199,0.9798176217876489,0.08138183504343033,0.04659581556916237,0.5725579368454397,0.14
7,octanol_dipole,12,0.17645205557346344,0.0043680923990905285,0.6364224106702367,0.9522025623448434,0.6860297322273254,0.061557307839393616,0.08972979587857827,0.16
7,octanol_dipole,13,0.6191012859344482,0.0055038658902049065,0.6626577067835282,0.9105442124758829,0.9198958873748779,0.5959368348121643,0.6478307414905388,0.4
7,octanol_dipole,14,0.21482275426387787,0.0063006156124174595,0.6425342967899852,0.9561401177798834,1.0280649662017822,0.031216708943247795,0.03036452945048686,0.12
7,octanol_dipole,15,0.34064435958862305,0.008246185258030891,0.6528769828893379,0.9191239100876805,1.4888347387313843,0.41868826746940613,0.28121876564094994,0.12
7,octanol_dipole,16,0.480107843875885,0.006706917192786932,0.6549140670054092,0.9104894097636052,1.264174222946167,0.2957054376602173,0.23391193420403214,0.28
7,octanol_dipole,17,0.20031766593456268,0.008761945180594921,0.6535065257081225,0.951435302294634,1.5612244606018066,0.05676579475402832,0.0363597907837972,0.1
7,octanol_dipole,18,0.17257067561149597,0.0035726691130548716,0.6405844193325196,0.9719575100580373,0.5428642630577087,0.02374899573624134,0.04374757624028149,0.1
7,octanol_dipole,19,0.3165369927883148,0.0031829094514250755,0.6243118862792485,0.9402900836152996,0.6743738651275635,0.07459951937198639,0.11062041877597861,0.26
7,octanol_dipole,20,0.0995582863688469,0.01980460062623024,0.6072656243130559,0.952884988282283,3.1922919750213623,0.019336579367518425,0.00605727155248355,0.1
7,octanol_dipole,21,0.16921858489513397,0.010966450907289982,0.6159458738760801,0.944800680610044,1.7405977249145508,0.01800481602549553,0.010344042030951994,0.08
7,octanol_dipole,22,0.1750723272562027,0.010895086452364922,0.6347839293069146,0.9629155692646674,1.9388861656188965,0.006788593716919422,0.0035012853448012967,0.14
7,octanol_dipole,23,0.3998810648918152,0.005865433719009161,0.6460177684008017,0.9367327395482345,0.9980242848396301,0.197418674826622,0.1978094900349491,0.24
7,octanol_dipole,24,0.6706717014312744,0.0060480027459561825,0.6766808984026658,0.9061104063673433,1.1734051704406738,0.508943498134613,0.4337321080181355,0.44
7,octanol_dipole,25,0.615945041179657,0.005839820019900799,0.6578830616863862,0.9009432844999394,1.090436577796936,0.46714669466018677,0.42840336079333174,0.32
7,octanol_dipole,26,0.22287091612815857,0.009077894501388073,0.6401720859203253,0.9402693253806298,1.6574264764785767,0.21962742507457733,0.1325111117696183,0.04
7,octanol_dipole,27,0.5972261428833008,0.006798436399549246,0.6590021118507967,0.9020300210265269,1.3207870721817017,0.3598399758338928,0.27244359322771244,0.34
7,octanol_dipole,28,0.08213117718696594,0.030320031568408012,0.5953726288893608,0.9710243820755371,5.077213764190674,0.005722022149711847,0.0011270004406883504,0.02
7,octanol_dipole,29,0.3942161500453949,0.004141731187701225,0.6390268759733759,0.9253996190575178,0.6199421286582947,0.1863574981689453,0.3006046686523276,0.26
7,octanol_dipole,30,0.12146338075399399,0.008321207016706467,0.6212971747671514,0.9626291052551548,1.3505723476409912,0.004654247313737869,0.0034461295774841825,0.04
7,octanol_dipole,31,0.2343486100435257,0.0057398490607738495,0.6350776392997894,0.9539673337666135,0.9778820872306824,0.07301483303308487,0.0746662956470136,0.14
7,octanol_dipole,32,0.255082905292511,0.005753131117671728,0.6399936913053652,0.9492730038778374,1.0563511848449707,0.06485704332590103,0.061397236313432454,0.06
7,octanol_dipole,33,0.28183281421661377,0.008965781889855862,0.6359892442220108,0.9435518147552988,1.5728673934936523,0.26408472657203674,0.16790018514240534,0.14
7,octanol_dipole,34,0.3149142563343048,0.004022545646876097,0.6413009111457231,0.9586855974899096,0.6477560997009277,0.1461912840604782,0.22568878028007064,0.16
7,octanol_dipole,35,0.35248520970344543,0.0032723231706768274,0.6529539284528911,0.9385145714062431,0.5970942974090576,0.169259175658226,0.28347143222215343,0.14
7,octanol_dipole,36,0.16584844887256622,0.0027584556955844164,0.6419847054940955,0.9535025816124436,0.34930258989334106,0.0758865624666214,0.21725164559986007,0.12
7,octanol_dipole,37,0.39000076055526733,0.010195361450314522,0.6476591621386378,0.9235536019749435,1.854590654373169,0.5534990429878235,0.2984480924039273,0.22
7,octanol_dipole,38,0.21914704144001007,0.008562198840081692,0.6316070878345494,0.9537527191348985,1.4086452722549438,0.04407528415322304,0.03128912936517212,0.14
7,octanol_dipole,39,0.34705814719200134,0.006794177461415529,0.6550637842423008,0.9340913303505869,1.197242021560669,0.14379951357841492,0.12010897628782238,0.26
7,octanol_dipole,40,0.32174137234687805,0.010733811184763908,0.6088346653390035,0.905522119144011,1.9127308130264282,0.4302440583705902,0.2249370666486176,0.12
7,octanol_dipole,41,0.735502302646637,0.004637794103473425,0.6825690514962075,0.9009158088271416,0.8695300221443176,0.5770209431648254,0.6636009435785256,0.38
7,octanol_dipole,42,0.6069960594177246,0.00468585966154933,0.656525133767988,0.8987810188442193,0.8656808137893677,0.4365937113761902,0.504335667860163,0.26
7,octanol_dipole,43,0.222795307636261,0.0031863993499428034,0.6389590213422545,0.9606603462329393,0.4606042504310608,0.06528841704130173,0.1417451466854701,0.16
7,octanol_dipole,44,0.10618346929550171,0.004478673916310072,0.6293463487515853,0.961925431697116,0.6628522276878357,0.020336251705884933,0.030679917568991123,0.14
7,octanol_dipole,45,0.2573903799057007,0.01785222999751568,0.6285356725674587,0.9230965660761798,3.444434881210327,0.3794882595539093,0.11017431672871758,0.18
7,octanol_dipole,46,0.6728881597518921,0.0015480895526707172,0.6668935691181594,0.9337430087167355,0.07470846176147461,0.2635987102985382,3.5283648476144887,0.52
7,octanol_dipole,47,0.3165692985057831,0.01601903885602951,0.6232806014571564,0.89334385743683,2.7193503379821777,0.5218862891197205,0.19191579761913738,0.12
7,octanol_dipole,48,0.1383412629365921,0.004007690120488405,0.6570575110248451,0.9618967130324034,0.695370614528656,0.0022611774038523436,0.003251758640081506,0.16
7,octanol_dipole,49,0.29530298709869385,0.003213796764612198,0.6555594652778247,0.9762590944776988,0.7172555327415466,0.003950778394937515,0.005508188106735909,0.16
7,octanol_dipole,50,0.0986531600356102,0.01582871936261654,0.6039505314328741,0.9236193746680377,2.8847591876983643,0.08942718058824539,0.03099987720624813,0.02
7,octanol_dipole,51,0.41721025109291077,0.004617650061845779,0.6580479623590962,0.9492661459482472,0.8168483376502991,0.11445528268814087,0.14011815585911166,0.18
7,octanol_dipole,52,0.2512935400009155,0.002461649477481842,0.6431715040194554,0.9518132835563393,0.2980029881000519,0.0962836891412735,0.32309638824476183,0.08
7,octanol_dipole,53,0.18707741796970367,0.0035173045471310616,0.6363773078198858,0.9486213043563039,0.5382705926895142,0.017659436911344528,0.03280773118796565,0.14
7,octanol_dipole,54,0.2544524073600769,0.0021269680000841618,0.6385623473529183,0.953781028309715,0.3130083382129669,0.041227541863918304,0.13171387733405238,0.18
7,octanol_dipole,55,0.2311602085828781,0.006976718083024025,0.6485780744570142,0.9600869371389262,1.274044156074524,0.012179560028016567,0.009559762877876373,0.16
7,octanol_dipole,56,0.7052212953567505,0.004661381244659424,0.676579991155839,0.9016378431509642,0.8498299717903137,0.52396559715271,0.6165534454484888,0.42
7,octanol_dipole,57,0.21532773971557617,0.004959286190569401,0.6415876447634234,0.9500268469153128,0.8055800795555115,0.06094304472208023,0.07565113173566344,0.12
7,octanol_dipole,58,0.036750756204128265,0.03452688455581665,0.5922737268081959,0.9721436188315797,6.079154968261719,0.009524557739496231,0.0015667568583499518,0.02
7,octanol_dipole,59,0.2773016095161438,0.004546853713691235,0.6452462996708808,0.9555450569823676,0.6956377625465393,0.04146655276417732,0.059609404487156695,0.18
7,octanol_dipole,60,0.2190333902835846,0.005600228440016508,0.6548938306666696,0.9462498773518886,0.9836164712905884,0.06552395224571228,0.06661534669070689,0.12
7,octanol_dipole,61,0.5537223219871521,0.005510102491825819,0.6555403806744635,0.9058600964857211,0.9639014005661011,0.6332826018333435,0.6569993585043195,0.38
7,octanol_dipole,62,0.12612693011760712,0.016957446932792664,0.6273915748710239,0.932625983370778,2.9890024662017822,0.1343587338924408,0.044951028114464754,0.04
7,octanol_dipole,63,0.5478699803352356,0.004146197345107794,0.656706991175219,0.9315898373135028,0.6800987124443054,0.37252452969551086,0.5477506763049748,0.34
7,octanol_dipole,64,0.20116880536079407,0.004696359392255545,0.6510904498651464,0.966927549820181,0.7863581776618958,0.020356550812721252,0.02588712293073373,0.12
7,octanol_dipole,65,0.26167070865631104,0.0018084169132634997,0.6464077669754333,0.9637708912446918,0.13972952961921692,0.08701527863740921,0.6227407969849922,0.18
7,octanol_dipole,66,0.12261887639760971,0.010364552959799767,0.6338485122467672,0.9715499717460367,1.884637475013733,0.014830201864242554,0.007868994467561721,0.1
7,octanol_dipole,67,0.06159187853336334,0.006982177030295134,0.6426110050144245,0.9691534446657817,1.2166695594787598,0.0012580457841977477,0.0010340077750747,0.06
7,octanol_dipole,68,0.3827233910560608,0.006786645390093327,0.6279174643168557,0.9036188316260354,1.227725863456726,0.31586939096450806,0.25728006582443524,0.14
7,octanol_dipole,69,0.1825174242258072,0.013924874365329742,0.6332362240430298,0.9577629851326221,2.3914451599121094,0.03800751268863678,0.015893114893771446,0.04
7,octanol_dipole,70,0.08062928915023804,0.020094221457839012,0.6226767155387174,0.9709817147838189,3.2952992916107178,0.008417596109211445,0.002554425369082936,0.04
7,octanol_dipole,71,0.05600779131054878,0.027618810534477234,0.6149063530896353,0.9711162864094618,5.2632222175598145,0.0030709481798112392,0.0005834730233440574,0.1
7,octanol_dipole,72,0.1906629353761673,0.017103180289268494,0.613707842974673,0.9748109180210731,2.939953327178955,0.02962157130241394,0.010075524338625283,0.14
7,octanol_dipole,73,0.19289009273052216,0.005460964981466532,0.6564300467670159,0.9621517390677485,0.9190406203269958,0.02024182118475437,0.022024947251572304,0.16
7,octanol_dipole,74,0.874758780002594,0.0019144538091495633,0.7342130454805464,0.9248542258118575,0.30406033992767334,0.5788123607635498,1.90361018770561,0.76
7,octanol_dipole,75,0.45992425084114075,0.004096779506653547,0.6554692877892505,0.8983928132501169,0.7915461659431458,0.2753538191318512,0.34786830001729674,0.24
7,octanol_dipole,76,0.3249216377735138,0.006389424204826355,0.6420242760957007,0.913690935886148,1.1617217063903809,0.16843001544475555,0.14498310095977232,0.08
7,octanol_dipole,77,0.055777356028556824,0.01392112672328949,0.6234865539579151,0.9538435338008726,2.381882667541504,0.009370729327201843,0.003934169157406054,0.04
7,octanol_dipole,78,0.12464922666549683,0.004245914053171873,0.6401405475962025,0.9714872843283469,0.63857102394104,0.011861265636980534,0.01857470068681929,0.1
7,octanol_dipole,79,0.48851338028907776,0.0018020011484622955,0.6691071584802752,0.9757078923729035,0.2891378104686737,0.06186098977923393,0.21394984515847743,0.26
7,octanol_dipole,80,0.18618659675121307,0.019023697823286057,0.6130032681171167,0.9244054535458857,3.4936094284057617,0.47697606682777405,0.13652815994529546,0.04
7,octanol_dipole,81,0.42342159152030945,0.011608736589550972,0.6350891281044713,0.8996704694558135,2.223675489425659,0.5163090229034424,0.23218721677630982,0.22
7,octanol_dipole,82,0.16014932096004486,0.0025624746922403574,0.638706161205542,0.9462947077966681,0.41756442189216614,0.03320480138063431,0.07952018811892282,0.1
7,octanol_dipole,83,0.09028130024671555,0.007631334476172924,0.6338780658748251,0.9640369554697139,1.3179984092712402,0.059362370520830154,0.04503978920100013,0.02
7,octanol_dipole,84,0.07563754171133041,0.004664233420044184,0.6328581010348804,0.9617988666849453,0.7202486395835876,0.006087486166507006,0.008451923172012502,0.08
7,octanol_dipole,85,0.11478467285633087,0.004857518244534731,0.6464403897677307,0.9698619001878013,0.8427566885948181,0.0033923080191016197,0.0040252519677510135,0.16
7,octanol_dipole,86,0.1437918096780777,0.004579266998916864,0.6396966811365299,0.9400073796696753,0.7302703261375427,0.05101046711206436,0.06985148552024939,0.14
7,octanol_dipole,87,0.1792953461408615,0.005961442831903696,0.639977488253016,0.9571496249827549,0.9717251658439636,0.01787460222840309,0.018394709591449787,0.12
7,octanol_dipole,88,0.053420472890138626,0.0028345463797450066,0.6387913752659984,0.9687904697944003,0.38275444507598877,0.06799109280109406,0.17763632447846736,0.1
7,octanol_dipole,89,0.1872127205133438,0.005019060801714659,0.6590145526316242,0.9695794584397124,0.8922055959701538,0.011890599504113197,0.013327196733375974,0.18
7,octanol_dipole,90,0.12115837633609772,0.005636753048747778,0.6493199506420071,0.9523556297699272,0.9451884031295776,0.008450947701931,0.008941019244363755,0.24
7,octanol_dipole,91,0.13742366433143616,0.005178289487957954,0.6383120361899488,0.9636640306407795,0.841573178768158,0.032820217311382294,0.03899864936216536,0.12
7,octanol_dipole,92,0.7496399283409119,0.0036158673465251923,0.678328867846159,0.8956920824816526,0.6471219062805176,0.5665052533149719,0.8754227724588889,0.56
7,octanol_dipole,93,0.6980152130126953,0.0034921630285680294,0.6775126684109354,0.9329348750148838,0.6569101214408875,0.3955185115337372,0.6020892335563264,0.6
7,octanol_dipole,94,0.09796459972858429,0.019297217950224876,0.5877094064308501,0.9633200091800103,2.9828543663024902,0.013377480208873749,0.004484791600957813,0.02
7,octanol_dipole,95,0.4568212926387787,0.006783568300306797,0.6576480644589691,0.9084979451440642,1.2722327709197998,0.269866019487381,0.2121200032383013,0.28
7,octanol_dipole,96,0.12067998945713043,0.011174659244716167,0.6351043407764159,0.9316692346289259,2.0853657722473145,0.11772343516349792,0.05645217579102784,0.12
7,octanol_dipole,97,0.23063938319683075,0.002217741683125496,0.6435391243218407,0.9609160325040735,0.25421443581581116,0.09317950159311295,0.366538986246341,0.1
7,octanol_dipole,98,0.107149638235569,0.005805592518299818,0.6364518730362754,0.9558358327419245,0.975123941898346,0.011814947240054607,0.01211635437547926,0.1
7,octanol_dipole,99,0.0858798399567604,0.005470240488648415,0.6329144612543958,0.9627688674895145,0.9017251133918762,0.04730839282274246,0.052464317695212,0.08
7,octanol_dipole,100,0.16695880889892578,0.007955441251397133,0.6506667929665082,0.9600049623323277,1.43543541431427,0.015702232718467712,0.010939003289095327,0.16
7,octanol_dipole,101,0.18269135057926178,0.013337621465325356,0.6212342671842634,0.9426669080753183,2.4173202514648438,0.09200717508792877,0.038061640790943777,0.08
7,octanol_dipole,102,0.2219412475824356,0.013964842073619366,0.6381439999081802,0.9556001152428797,2.370323657989502,0.014170373789966106,0.005978244254620213,0.2
7,octanol_dipole,103,0.8184208273887634,0.004140261560678482,0.6933697005468968,0.8851464689284971,0.7324892282485962,0.8972994089126587,1.2250001424022694,0.54
7,octanol_dipole,104,0.3317674696445465,0.0050183008424937725,0.6549262206092585,0.9579140094536629,0.9320573210716248,0.0560101643204689,0.06009304691268527,0.16
7,octanol_dipole,105,0.16018734872341156,0.005261294078081846,0.6369222456170267,0.9628414355687518,0.8726181387901306,0.08531385660171509,0.09776768647051186,0.08
7,octanol_dipole,106,0.48830416798591614,0.006333863362669945,0.6500211959450322,0.9168564859538035,1.051506519317627,0.402744859457016,0.38301698758689245,0.34
7,octanol_dipole,107,0.5335476398468018,0.006625197362154722,0.6557580787237764,0.918229504569569,1.2297714948654175,0.29312264919281006,0.2383553777402269,0.24
7,octanol_dipole,108,0.47218433022499084,0.008359125815331936,0.6555381882825375,0.9104643176206366,1.613022804260254,0.5097497701644897,0.31602142810266426,0.3
7,octanol_dipole,109,0.28821030259132385,0.004180168267339468,0.6520335224757314,0.958677358586254,0.714463472366333,0.03352067247033119,0.04691726556615878,0.22
7,octanol_dipole,110,0.3641902804374695,0.007435718085616827,0.6516904249421365,0.9343585791420934,1.33651864528656,0.09791753441095352,0.07326312637408754,0.16
7,octanol_dipole,111,0.19177767634391785,0.015071023255586624,0.6369406577588426,0.9166083492641908,2.5398805141448975,0.10486703366041183,0.04128817598953763,0.12
7,octanol_dipole,112,0.06694494932889938,0.013754342682659626,0.6436385618134728,0.9590239336784776,2.4544529914855957,0.0019812581595033407,0.0008072096578652148,0.08
7,octanol_dipole,113,0.35498690605163574,0.007760693784803152,0.6525441027722569,0.9403171763718903,1.4625778198242188,0.07817493379116058,0.05345010209477682,0.18
7,octanol_dipole,114,0.13534845411777496,0.013523821718990803,0.6556967125613724,0.933489592637879,2.643195629119873,0.21836185455322266,0.08261282371518314,0.02
7,octanol_dipole,115,0.23563092947006226,0.016283920034766197,0.6165777141438726,0.9120108322581217,3.025282144546509,0.2971910238265991,0.098235804009992,0.22
7,octanol_dipole,116,0.5203611850738525,0.0063958968967199326,0.6210160282906503,0.9199452790982299,1.007094383239746,0.449300616979599,0.4461355603376846,0.38
7,octanol_dipole,117,0.07490261644124985,0.014559607952833176,0.639963983556538,0.9674142072902812,2.532630443572998,0.003541288897395134,0.001398265154074013,0.08
7,octanol_dipole,118,0.1228199154138565,0.006209417246282101,0.6421995243376721,0.9690460478610115,1.0726211071014404,0.05159002169966698,0.04809715318681304,0.06
7,octanol_dipole,119,0.5072258114814758,0.005725922528654337,0.6432680857489668,0.9015914833701022,0.9609986543655396,0.37246498465538025,0.387581171902145,0.3
7,octanol_dipole,120,0.5695017576217651,0.0050773415714502335,0.6528695245201293,0.9048709057204052,0.8429195284843445,0.5265631675720215,0.6246897239631355,0.3
7,octanol_dipole,121,0.3270930349826813,0.0032896518241614103,0.6572096813171837,0.9691142328209963,0.5437480807304382,0.10297287255525589,0.18937606624179412,0.18
7,octanol_dipole,122,0.18286198377609253,0.011029156856238842,0.6176742337771215,0.9481894301016218,1.7434508800506592,0.06825290620326996,0.03914816699698861,0.08
7,octanol_dipole,123,0.3033740222454071,0.0041821603663265705,0.6664814709356792,0.959613041836161,0.7515409588813782,0.021827850490808487,0.029044126248684944,0.4
7,octanol_dipole,124,0.20485496520996094,0.00493118679150939,0.6494274136806941,0.9579534597123371,0.8533045649528503,0.014117217622697353,0.016544172154378905,0.12
7,octanol_dipole,125,0.7115244269371033,0.0017145603196695447,0.6792614462486022,0.929744725388228,0.12489726394414902,0.3337920904159546,2.6725332475274897,0.56
7,octanol_dipole,126,0.42400532960891724,0.007188035175204277,0.6444132525992783,0.9115753210387492,1.3573522567749023,0.26732975244522095,0.19694942938423524,0.22
7,octanol_dipole,127,0.24423791468143463,0.004122506361454725,0.6427709777635855,0.9694987824335126,0.6152912378311157,0.08457352221012115,0.13745283048112378,0.14
7,octanol_dipole,128,0.2955535054206848,0.0066662016324698925,0.6547676719025126,0.9664273130814223,1.215255618095398,0.01374574564397335,0.011310991234515984,0.24
7,octanol_dipole,129,0.739733874797821,0.0034155454486608505,0.6813525316257816,0.9163757108424029,0.6108577847480774,0.45772895216941833,0.7493216319706713,0.48
7,octanol_dipole,130,0.23213385045528412,0.0086574861779809,0.6577153606557282,0.9514546958601766,1.6167298555374146,0.009534257464110851,0.00589724834452419,0.26
7,octanol_dipole,131,0.1409437358379364,0.010324377566576004,0.6588545859872021,0.9624384293244848,1.8638105392456055,0.01261536031961441,0.006768585139947,0.1
7,octanol_dipole,132,0.3213690221309662,0.004799263086169958,0.6577866995735719,0.9482034197136813,0.8451381325721741,0.08795123547315598,0.10406729040314013,0.22
7,octanol_dipole,133,0.19766131043434143,0.006605269853025675,0.593397485985546,0.954109024099268,1.0728081464767456,0.03631952777504921,0.033854634581521124,0.14
7,octanol_dipole,134,0.10441432893276215,0.00517509039491415,0.6336664162760983,0.9671728964835888,0.8428255319595337,0.06058105453848839,0.07187852318336868,0.1
7,octanol_dipole,135,0.35087263584136963,0.00734142679721117,0.657990793365774,0.9470455121934527,1.3551355600357056,0.05419905483722687,0.03999530116071842,0.3
7,octanol_dipole,136,0.1632062941789627,0.0046487064100801945,0.6435788421723818,0.9545700783013611,0.8538775444030762,0.03551653400063515,0.041594411556359456,0.12
7,octanol_dipole,137,0.09108906984329224,0.0124467508867383,0.6410683654620646,0.9664517332703084,2.3312745094299316,0.005815617274492979,0.0024946085289265555,0.06
7,octanol_dipole,138,0.30793941020965576,0.004656355362385511,0.6375718654701477,0.9426634150308666,0.766393780708313,0.14778652787208557,0.19283367322670467,0.14
7,octanol_dipole,139,0.36390161514282227,0.011643716134130955,0.6403064104633744,0.9356496867740507,2.211050271987915,0.2091914564371109,0.09461180466468122,0.26
7,octanol_dipole,140,0.10993606597185135,0.005686046555638313,0.6441795114979583,0.9548531095352053,1.0386087894439697,0.013789874501526356,0.01327725573062877,0.08
7,octanol_dipole,141,0.18546399474143982,0.004628268536180258,0.6568644344896337,0.959286461125948,0.8184323310852051,0.028527846559882164,0.034856695509640365,0.16
7,octanol_dipole,142,0.20896869897842407,0.008953683078289032,0.6327714721197737,0.9574474078253956,1.5662450790405273,0.1276070922613144,0.08147325981671129,0.08
7,octanol_dipole,143,0.45927900075912476,0.004141937009990215,0.6506877254671735,0.9246000404239587,0.6818677186965942,0.3616667687892914,0.530406058055697,0.18
7,octanol_dipole,144,0.21999847888946533,0.006838669069111347,0.6533426151058062,0.9593788531409606,1.1833027601242065,0.02328094094991684,0.019674542927182164,0.2
7,octanol_dipole,145,0.28495651483535767,0.008600355125963688,0.6609557741841052,0.9553691861149447,1.5799601078033447,0.07952755689620972,0.05033516764342787,0.16
7,octanol_dipole,146,0.6992951035499573,0.0036297221668064594,0.6764677787529523,0.9119552072569219,0.5809544324874878,0.5022584199905396,0.8645401289736383,0.56
7,octanol_dipole,147,0.3529582619667053,0.006359886843711138,0.6512843655467198,0.9481105323143011,1.0683242082595825,0.14494583010673523,0.13567588283229853,0.26
7,octanol_dipole,148,0.16892299056053162,0.008002729155123234,0.6505914524249528,0.9643948284691319,1.4585821628570557,0.013380500487983227,0.00917363507433386,0.1
7,octanol_dipole,149,0.7226930856704712,0.004312701057642698,0.6810137906444691,0.9046520233941753,0.7214285135269165,0.8113370537757874,1.124625709357295,0.5
7,octanol_dipole,150,0.35459795594215393,0.008173014968633652,0.6515614682344759,0.9332880366471423,1.5346920490264893,0.1503724604845047,0.09798217211061425,0.24
7,octanol_dipole,151,0.25607895851135254,0.013518055900931358,0.6365650206380045,0.908282176256588,2.6840996742248535,0.37527742981910706,0.13981501261777254,0.02
7,octanol_dipole,152,0.21412530541419983,0.004429814871400595,0.6418349998819537,0.954143135707034,0.730094313621521,0.10201774537563324,0.13973228317529257,0.14
7,octanol_dipole,153,0.6020175814628601,0.005594882182776928,0.6432697251401269,0.874597772385606,1.0781807899475098,0.4858112037181854,0.4505841768353494,0.36
7,octanol_dipole,154,0.26389631628990173,0.004731121007353067,0.6449555674196505,0.9553625233541185,0.7616612911224365,0.05649298429489136,0.0741707435488016,0.22
7,octanol_dipole,155,0.10968936234712601,0.01478434819728136,0.597993633498739,0.9140149124605279,2.675461769104004,0.3315978944301605,0.12394043460438257,0.04
7,octanol_dipole,156,0.4681210517883301,0.004548358730971813,0.6431978178564086,0.9356285736938796,0.7032855153083801,0.17866647243499756,0.25404543182814593,0.28
7,octanol_dipole,157,0.22248515486717224,0.01044512540102005,0.6344560289285752,0.9375452712367673,1.8409788608551025,0.09315566718578339,0.05060116070127726,0.14
7,octanol_dipole,158,0.15167470276355743,0.014484884217381477,0.6317445100679082,0.9682129870733476,2.7260303497314453,0.009814174845814705,0.0036001707929559728,0.06
7,octanol_dipole,159,0.39586830139160156,0.007718211505562067,0.6404009191600311,0.9032048628032143,1.2895981073379517,0.3049856722354889,0.23649668102030214,0.16
7,octanol_dipole,160,0.10281582921743393,0.0047059692442417145,0.6361709241857727,0.966522902453226,0.7450492978096008,0.04442659020423889,0.059629061237760156,0.04
7,octanol_dipole,161,0.10340616852045059,0.00536332419142127,0.6360230217589689,0.9660688538645144,0.8907632231712341,0.040384143590927124,0.045336563679800636,0.16
7,octanol_dipole,162,0.6656306982040405,0.0015828324249014258,0.6736050762780481,0.9290520461147045,0.2218140810728073,0.20714432001113892,0.9338646086365759,0.4
7,octanol_dipole,163,0.5967478156089783,0.0063251955434679985,0.663524790463569,0.9244812426281441,1.185133934020996,0.5160693526268005,0.43545234661862087,0.5
7,octanol_dipole,164,0.027185829356312752,0.03835253417491913,0.6012750340391051,0.9669096296401365,7.016297340393066,0.0058433362282812595,0.0008328233461032176,0.04
7,octanol_dipole,165,0.46428626775741577,0.006161845754832029,0.6360573237166527,0.9091194324557359,1.0315536260604858,0.3907927870750427,0.37883904161869364,0.24
7,octanol_dipole,166,0.4413919746875763,0.005804867949336767,0.6580789320512543,0.9262568722799902,1.051832914352417,0.16997402906417847,0.16159793703434974,0.28
7,octanol_dipole,167,0.17878802120685577,0.006038113031536341,0.6415784297872245,0.9572472978656004,0.9982898831367493,0.012001299299299717,0.012021858081532553,0.12
7,octanol_dipole,168,0.07978980243206024,0.005543320905417204,0.6404013068644434,0.9549980008228671,0.9120498895645142,0.005296874325722456,0.005807658535271145,0.08
7,octanol_dipole,169,0.31840506196022034,0.005904273129999638,0.6523357066944255,0.9133588333670253,1.0680241584777832,0.11128756403923035,0.10419948196475681,0.16
7,octanol_dipole,170,0.36498621106147766,0.00811169482767582,0.6467796513376791,0.9058098844749023,1.468355655670166,0.22052107751369476,0.15018233264000858,0.16
7,octanol_dipole,171,0.10573456436395645,0.006811823230236769,0.6422410438260862,0.9547847462005812,1.1741958856582642,0.0064774975180625916,0.005516539103210408,0.06
7,octanol_dipole,172,0.18767128884792328,0.004580989480018616,0.6484761173545937,0.9574545593005999,0.7726476192474365,0.016095152124762535,0.020831167693804987,0.18
7,octanol_dipole,173,0.24810339510440826,0.004930195398628712,0.6495842964412817,0.9577902754402785,0.8250895142555237,0.027498824521899223,0.033328292320756674,0.16
7,octanol_dipole,174,0.25678712129592896,0.0034700417891144753,0.6604545338036418,0.9518372523734768,0.601295530796051,0.01450325082987547,0.02412000436902419,0.14
7,octanol_dipole,175,0.15650638937950134,0.009208249859511852,0.6490832592312965,0.9703653926935132,1.6527947187423706,0.005886794999241829,0.003561721811236882,0.08
7,octanol_dipole,176,0.26714012026786804,0.005369362886995077,0.6337675238163432,0.9712442732768887,0.9412643909454346,0.0019736536778509617,0.002096811158306503,0.18
7,octanol_dipole,177,0.22932006418704987,0.006349196191877127,0.6456502049520569,0.9644979261173652,1.1765486001968384,0.030183034017682076,0.02565387780210049,0.18
7,octanol_dipole,178,0.24177905917167664,0.0029963222332298756,0.6525079832836387,0.9613412446881919,0.4698207378387451,0.030045760795474052,0.06395154231311635,0.26
7,octanol_dipole,179,0.47992581129074097,0.005840770434588194,0.6443023454748198,0.8894934837161999,0.9589911103248596,0.38656771183013916,0.40309832663536244,0.28
7,octanol_dipole,180,0.23598170280456543,0.0053160530515015125,0.6366409508007893,0.956952110720857,0.8638337254524231,0.07883653789758682,0.09126355637052383,0.12
7,octanol_dipole,181,0.12518852949142456,0.004932980984449387,0.635602925105829,0.964655071738741,0.7710050344467163,0.03298688307404518,0.0427842641750284,0.06
7,octanol_dipole,182,0.2642720639705658,0.015399043448269367,0.604407203639717,0.8936470573077404,2.933501720428467,0.8342441916465759,0.28438510393125876,0.04
7,octanol_dipole,183,0.34249088168144226,0.007259047124534845,0.6488206332789623,0.9306542543976541,1.3254361152648926,0.35966360569000244,0.2713549159765596,0.12
7,octanol_dipole,184,0.2861066162586212,0.005827402696013451,0.647649363892882,0.9144681275576227,1.057544231414795,0.17409969866275787,0.16462639905835927,0.16
7,octanol_dipole,185,0.15359625220298767,0.012418852187693119,0.6209688987404174,0.9677880233657981,2.0149104595184326,0.009922468103468418,0.00492452061906508,0.18
7,octanol_dipole,186,0.16320499777793884,0.005730058066546917,0.6320060412981932,0.9650094858307079,0.9687939882278442,0.0201597660779953,0.02080913622809771,0.04
7,octanol_dipole,187,0.21426545083522797,0.005066289566457272,0.645154160792734,0.9433462940920916,0.8248100280761719,0.012983937747776508,0.015741731193619084,0.14
7,octanol_dipole,188,0.19804173707962036,0.0039029610343277454,0.6388442000602554,0.9740429330348028,0.6061325073242188,0.04302411153912544,0.07098136301756203,0.08
7,octanol_dipole,189,0.4531679153442383,0.0040554748848080635,0.6523009471532142,0.9270583889299211,0.6452845931053162,0.2322797179222107,0.3599647665604509,0.18
7,octanol_dipole,190,0.2536680996417999,0.005192090291529894,0.6522212016371172,0.9247073790250289,0.8964409828186035,0.05277256295084953,0.05886897627652099,0.16
7,octanol_dipole,191,0.05518694594502449,0.02643146924674511,0.6001800343077164,0.9693157423021737,4.472373962402344,0.004794672597199678,0.001072064330377286,0.04
7,octanol_dipole,192,0.11885625123977661,0.011503161862492561,0.6471867887023071,0.9818367906435734,2.201482057571411,0.01086047850549221,0.004933257787925405,0.22
7,octanol_dipole,193,0.5859068632125854,0.0048216707073152065,0.6584119131684527,0.9747354287598753,0.8929620385169983,0.2055608630180359,0.23020112182979754,0.5
7,octanol_dipole,194,0.09526807069778442,0.013630836270749569,0.6253718120989491,0.9655646272425438,2.374108076095581,0.07905576378107071,0.0332991427715812,0.04
7,octanol_dipole,195,0.14775341749191284,0.005452067591249943,0.6209807498284718,0.9553375543024007,0.9984151721000671,0.017261149361729622,0.017288548736115968,0.04
7,octanol_dipole,196,0.6857789754867554,0.005057681351900101,0.6657483372292297,0.8917233869934633,1.0076743364334106,0.5304319858551025,0.5263922744450629,0.44
7,octanol_dipole,197,0.1637774407863617,0.008377385325729847,0.6360860599112226,0.962866003048948,1.4438953399658203,0.040210068225860596,0.027848326061369826,0.08
7,octanol_dipole,198,0.11571282893419266,0.004470808897167444,0.6390987713066978,0.9571003826654962,0.721912682056427,0.05453573539853096,0.0755433956959746,0.1
7,octanol_dipole,199,0.32182377576828003,0.008366160094738007,0.6426785525325016,0.9325402697570366,1.6210812330245972,0.26352357864379883,0.16256037839147588,0.12
7,octanol_dipole,200,0.7084513306617737,0.0013991858577355742,0.6874561098457832,0.9346761739745617,0.026905247941613197,0.26089951395988464,9.696974899694663,0.58
7,octanol_dipole,201,0.7805339097976685,0.004525139462202787,0.6913908911639695,0.916016640630253,0.7352706789970398,0.8494149446487427,1.1552411498407682,0.64
7,octanol_dipole,202,0.2746403217315674,0.006773361004889011,0.6446087619818679,0.9650127866464988,1.1266882419586182,0.07750605046749115,0.0687910351604946,0.22
7,octanol_dipole,203,0.22119636833667755,0.0044280956499278545,0.6403173984257555,0.9544338250126989,0.702111005783081,0.052873216569423676,0.07530606433159799,0.1
7,octanol_dipole,204,0.1049836054444313,0.015763185918331146,0.6544716558218442,0.9613935095047614,2.9633677005767822,0.0061220149509608746,0.002065897846483682,0.04
7,octanol_dipole,205,0.4914800524711609,0.0039291693829,0.6629586038074917,0.918522885155167,0.7335498332977295,0.2582727372646332,0.352086150852967,0.3
7,octanol_dipole,206,0.20184022188186646,0.005759851541370153,0.6583151550537845,0.9599980543055315,1.0425212383270264,0.011572896502912045,0.01110087361048252,0.08
7,octanol_dipole,207,0.4311237633228302,0.003085203468799591,0.6473228068677215,0.9307287780046731,0.4903981685638428,0.12158597260713577,0.24793317023023717,0.2
7,octanol_dipole,208,0.44606754183769226,0.004101925063878298,0.6440854154041955,0.9176252181879474,0.6637706756591797,0.3386726379394531,0.5102253690299333,0.36
7,octanol_dipole,209,0.22631503641605377,0.005384527146816254,0.6333864155160298,0.9297765086713645,0.8929744958877563,0.12023015320301056,0.13464007511601211,0.16
7,octanol_dipole,210,0.1610649675130844,0.006859187968075275,0.6411380944022653,0.9727178425210781,1.1304279565811157,0.020599190145730972,0.018222470548261642,0.12
7,octanol_dipole,211,0.6089981198310852,0.004399382509291172,0.665671727657497,0.8960840528389968,0.7581242322921753,0.4662192761898041,0.6149642187009354,0.32
7,octanol_dipole,212,0.1882196068763733,0.007909998297691345,0.6493641845710207,0.9581691912519357,1.4474496841430664,0.008640101179480553,0.005969189308708683,0.14
7,octanol_dipole,213,0.26767855882644653,0.003775948192924261,0.6534446201443969,0.9527874077813745,0.6236924529075623,0.05936826020479202,0.09518835754389195,0.12
7,octanol_dipole,214,0.3596865236759186,0.007088123820722103,0.6582623510342425,0.9344096897653664,1.3018274307250977,0.13735075294971466,0.10550611371985949,0.22
7,octanol_dipole,215,0.2627418339252472,0.004713425412774086,0.6558932367769574,0.9307000850411273,0.8395909070968628,0.11591147631406784,0.13805708867770675,0.2
7,octanol_dipole,216,0.15939360857009888,0.006769268307834864,0.6465537052503783,0.9531230090475364,1.1464383602142334,0.007597647607326508,0.006627174971628431,0.08
7,octanol_dipole,217,0.4286182224750519,0.012895395047962666,0.6541507017982171,0.9030977154815072,2.5541470050811768,0.36341503262519836,0.14228430544609477,0.22
7,octanol_dipole,218,0.5090208649635315,0.004868199583142996,0.6456478158866334,0.9078760248395195,0.7993935346603394,0.3370862305164337,0.42167745409607416,0.24
7,octanol_dipole,219,0.31330782175064087,0.007852757349610329,0.6491714457719395,0.9500652669432181,1.4420843124389648,0.19672302901744843,0.13641576107622666,0.2
7,octanol_dipole,220,0.17229412496089935,0.0048177060671150684,0.6542392468817955,0.9705649498401978,0.8350844383239746,0.00664080586284399,0.007952256751631217,0.12
7,octanol_dipole,221,0.46145913004875183,0.0033250402193516493,0.6449356111601898,0.9197935667795272,0.5128064751625061,0.1666782647371292,0.32503151346579545,0.2
7,octanol_dipole,222,0.23226189613342285,0.005172493401914835,0.6475984422383514,0.9527300826280942,0.8385338187217712,0.061827924102544785,0.07373336974863208,0.14
7,octanol_dipole,223,0.24749568104743958,0.011273844167590141,0.6275215518330572,0.9412517489580257,1.823905348777771,0.21708014607429504,0.11901941414874627,0.26
7,octanol_dipole,224,0.4041280150413513,0.0026528825983405113,0.6477099104745092,0.9222802034097584,0.47641146183013916,0.11060456186532974,0.23216184060820297,0.2
7,octanol_dipole,225,0.11752048134803772,0.007123416289687157,0.6327710029189877,0.9639202691905575,1.2850394248962402,0.01582210883498192,0.012312547403951801,0.02
7,octanol_dipole,226,0.32923761010169983,0.010480760596692562,0.6434279630200572,0.9220242008957864,1.9432843923568726,0.3141344487667084,0.16165130024315014,0.1
7,octanol_dipole,227,0.3480835258960724,0.0024473746307194233,0.6595648142405117,0.9680552488098546,0.36242854595184326,0.08900891989469528,0.24559025741455284,0.28
7,octanol_dipole,228,0.051577456295490265,0.007110869977623224,0.6352941931972762,0.9667815291635207,1.2379475831985474,0.008481286466121674,0.006851086896755473,0.08
7,octanol_dipole,229,0.13523618876934052,0.012270350009202957,0.6280519059676364,0.9623062102170961,2.0908541679382324,0.030486347153782845,0.01458080990117311,0.06
7,octanol_dipole,230,0.21723422408103943,0.009866137057542801,0.6226976552965398,0.9713885420497699,1.7813431024551392,0.0026845266111195087,0.0015070238896816427,0.18
7,octanol_dipole,231,0.3022081255912781,0.005692752078175545,0.6391142579363611,0.9385429627477471,0.9448253512382507,0.20597830414772034,0.21800675000704978,0.12
7,octanol_dipole,232,0.6342843174934387,0.0043946607038378716,0.6649662472909528,0.9244221299052318,0.8083739876747131,0.4139443039894104,0.5120702920935404,0.4
7,octanol_dipole,233,0.12468784302473068,0.004554030951112509,0.6316320087468212,0.9574851926311654,0.7334444522857666,0.041460055857896805,0.05652787437233628,0.16
7,octanol_dipole,234,0.2684435546398163,0.0016163196414709091,0.6569319747114375,0.9533204181124759,0.016413452103734016,0.020903000608086586,1.2735285956895812,0.18
7,octanol_dipole,235,0.30941736698150635,0.006714181043207645,0.6450392357283301,0.9627321180437092,1.1637182235717773,0.02098754607141018,0.018034903678824862,0.26
7,octanol_dipole,236,0.7372225522994995,0.003285718848928809,0.6770478314190946,0.9029434471842783,0.6086736917495728,0.4547654390335083,0.7471416050960404,0.36
7,octanol_dipole,237,0.2555706202983856,0.002696968149393797,0.644506129902217,0.9469059362175094,0.3655993938446045,0.07186175137758255,0.19655872681267872,0.1
7,octanol_dipole,238,0.17833121120929718,0.013203718699514866,0.6275314771757965,0.9632386335970917,2.1716432571411133,0.017168613150715828,0.007905816525923167,0.04
7,octanol_dipole,239,0.1879410445690155,0.007579744327813387,0.6228973860857987,0.9710434982516387,1.39492928981781,0.0218518003821373,0.01566516707451984,0.12
7,octanol_dipole,240,0.4234072268009186,0.0057212598621845245,0.645384937950245,0.9316350903621899,1.0085967779159546,0.0720396563410759,0.0714256260960204,0.28
7,octanol_dipole,241,0.16210362315177917,0.007381264120340347,0.6355153439216614,0.9354061678161585,1.187406063079834,0.018273497000336647,0.015389425377313446,0.12
7,octanol_dipole,242,0.511320948600769,0.005287201143801212,0.6645781451672186,0.9495283821550455,1.024156928062439,0.11899806559085846,0.11619124211363398,0.46
7,octanol_dipole,243,0.09214071929454803,0.007924326695501804,0.6395075815411233,0.9645061795764005,1.4046579599380493,0.026026476174592972,0.018528693046199543,0.02
7,octanol_dipole,244,0.21223177015781403,0.006062835454940796,0.6394552866659355,0.9565033863778003,1.0170955657958984,0.12708427011966705,0.12494820977832202,0.1
7,octanol_dipole,245,0.6081754565238953,0.006368359550833702,0.6726276237368349,0.9330136092257779,1.2264995574951172,0.4270123243331909,0.34815530240000997,0.38
7,octanol_dipole,246,0.41009190678596497,0.003566051833331585,0.6441214420195107,0.9343072341458576,0.5778738260269165,0.11512032896280289,0.1992136064619766,0.34
7,octanol_dipole,247,0.38272589445114136,0.010677781887352467,0.6442022537652932,0.9130671722365638,1.9811524152755737,0.35527363419532776,0.1793267552036929,0.16
7,octanol_dipole,248,0.32384535670280457,0.0018000970594584942,0.6535309717980728,0.9585069820187697,0.13474467396736145,0.05056026577949524,0.3752301615405015,0.24
7,octanol_dipole,249,0.13435471057891846,0.00481397146359086,0.6421199178383401,0.9630181650105436,0.7752825617790222,0.003643728094175458,0.004699871084181595,0.08
7,hexane_gsolv_eV,0,1.0000001192092896,0.0,0.6546422518073105,0.6546422518073105,,,,1.0
7,hexane_gsolv_eV,1,1.0000001192092896,0.0,0.6546422518073105,0.6546422518073105,,,,1.0
7,hexane_gsolv_eV,2,1.0000001192092896,0.0,0.6546422518073105,0.6546422518073105,,,,1.0
7,hexane_gsolv_eV,3,1.0000001192092896,0.0,0.6546422518073105,0.6546422518073105,,,,1.0
7,hexane_gsolv_eV,4,1.0000001192092896,0.0,0.6546422518073105,0.6546422518073105,,,,1.0
7,hexane_gsolv_eV,5,1.0000001192092896,0.0,0.6546422518073105,0.6546422518073105,,,,1.0
7,hexane_gsolv_eV,6,1.0000001192092896,0.0,0.6546422518073105,0.6546422518073105,,,,1.0
7,hexane_gsolv_eV,7,1.0000001192092896,0.0,0.6546422518073105,0.6546422518073105,,,,1.0
7,hexane_gsolv_eV,8,1.0000001192092896,0.0,0.6546422518073105,0.6546422518073105,,,,1.0
7,hexane_gsolv_eV,9,1.0000001192092896,0.0,0.6546422518073105,0.6546422518073105,,,,1.0
7,hexane_gsolv_eV,10,1.0000001192092896,0.0,0.6546422518073105,0.6546422518073105,,,,1.0
7,hexane_gsolv_eV,11,1.0000001192092896,0.0,0.6546422518073105,0.6546422518073105,,,,1.0
7,hexane_gsolv_eV,12,1.0000001192092896,0.0,0.6546422518073105,0.6546422518073105,,,,1.0
7,hexane_gsolv_eV,13,1.0000001192092896,0.0,0.6546422518073105,0.6546422518073105,,,,1.0
7,hexane_gsolv_eV,14,1.0000001192092896,0.0,0.6546422518073105,0.6546422518073105,,,,1.0
7,hexane_gsolv_eV,15,1.0000001192092896,0.0,0.6546422518073105,0.6546422518073105,,,,1.0
7,hexane_gsolv_eV,16,1.0000001192092896,0.0,0.6546422518073105,0.6546422518073105,,,,1.0
7,hexane_gsolv_eV,17,1.0000001192092896,0.0,0.6546422518073105,0.6546422518073105,,,,1.0
7,hexane_gsolv_eV,18,1.0000001192092896,0.0,0.6546422518073105,0.6546422518073105,,,,1.0
7,hexane_gsolv_eV,19,1.0000001192092896,0.0,0.6546422518073105,0.6546422518073105,,,,1.0
7,hexane_gsolv_eV,20,1.0000001192092896,0.0,0.6546422518073105,0.6546422518073105,,,,1.0
7,hexane_gsolv_eV,21,1.0000001192092896,0.0,0.6546422518073105,0.6546422518073105,,,,1.0
7,hexane_gsolv_eV,22,1.0000001192092896,0.0,0.6546422518073105,0.6546422518073105,,,,1.0
7,hexane_gsolv_eV,23,1.0000001192092896,0.0,0.6546422518073105,0.6546422518073105,,,,1.0
7,hexane_gsolv_eV,24,1.0000001192092896,0.0,0.6546422518073105,0.6546422518073105,,,,1.0
7,hexane_gsolv_eV,25,1.0000001192092896,0.0,0.6546422518073105,0.6546422518073105,,,,1.0
7,hexane_gsolv_eV,26,1.0000001192092896,0.0,0.6546422518073105,0.6546422518073105,,,,1.0
7,hexane_gsolv_eV,27,1.0000001192092896,0.0,0.6546422518073105,0.6546422518073105,,,,1.0
7,hexane_gsolv_eV,28,1.0000001192092896,0.0,0.6546422518073105,0.6546422518073105,,,,1.0
7,hexane_gsolv_eV,29,1.0000001192092896,0.0,0.6546422518073105,0.6546422518073105,,,,1.0
7,hexane_gsolv_eV,30,1.0000001192092896,0.0,0.6546422518073105,0.6546422518073105,,,,1.0
7,hexane_gsolv_eV,31,1.0000001192092896,0.0,0.6546422518073105,0.6546422518073105,,,,1.0
7,hexane_gsolv_eV,32,1.0000001192092896,0.0,0.6546422518073105,0.6546422518073105,,,,1.0
7,hexane_gsolv_eV,33,1.0000001192092896,0.0,0.6546422518073105,0.6546422518073105,,,,1.0
7,hexane_gsolv_eV,34,1.0000001192092896,0.0,0.6546422518073105,0.6546422518073105,,,,1.0
7,hexane_gsolv_eV,35,1.0000001192092896,0.0,0.6546422518073105,0.6546422518073105,,,,1.0
7,hexane_gsolv_eV,36,1.0000001192092896,0.0,0.6546422518073105,0.6546422518073105,,,,1.0
7,hexane_gsolv_eV,37,1.0000001192092896,0.0,0.6546422518073105,0.6546422518073105,,,,1.0
7,hexane_gsolv_eV,38,1.0000001192092896,0.0,0.6546422518073105,0.6546422518073105,,,,1.0
7,hexane_gsolv_eV,39,1.0000001192092896,0.0,0.6546422518073105,0.6546422518073105,,,,1.0
7,hexane_gsolv_eV,40,1.0000001192092896,0.0,0.6546422518073105,0.6546422518073105,,,,1.0
7,hexane_gsolv_eV,41,1.0000001192092896,0.0,0.6546422518073105,0.6546422518073105,,,,1.0
7,hexane_gsolv_eV,42,1.0000001192092896,0.0,0.6546422518073105,0.6546422518073105,,,,1.0
7,hexane_gsolv_eV,43,1.0000001192092896,0.0,0.6546422518073105,0.6546422518073105,,,,1.0
7,hexane_gsolv_eV,44,1.0000001192092896,0.0,0.6546422518073105,0.6546422518073105,,,,1.0
7,hexane_gsolv_eV,45,1.0000001192092896,0.0,0.6546422518073105,0.6546422518073105,,,,1.0
7,hexane_gsolv_eV,46,1.0000001192092896,0.0,0.6546422518073105,0.6546422518073105,,,,1.0
7,hexane_gsolv_eV,47,1.0000001192092896,0.0,0.6546422518073105,0.6546422518073105,,,,1.0
7,hexane_gsolv_eV,48,1.0000001192092896,0.0,0.6546422518073105,0.6546422518073105,,,,1.0
7,hexane_gsolv_eV,49,1.0000001192092896,0.0,0.6546422518073105,0.6546422518073105,,,,1.0
7,hexane_gsolv_eV,50,1.0000001192092896,0.0,0.6546422518073105,0.6546422518073105,,,,1.0
7,hexane_gsolv_eV,51,1.0000001192092896,0.0,0.6546422518073105,0.6546422518073105,,,,1.0
7,hexane_gsolv_eV,52,1.0000001192092896,0.0,0.6546422518073105,0.6546422518073105,,,,1.0
7,hexane_gsolv_eV,53,1.0000001192092896,0.0,0.6546422518073105,0.6546422518073105,,,,1.0
7,hexane_gsolv_eV,54,1.0000001192092896,0.0,0.6546422518073105,0.6546422518073105,,,,1.0
7,hexane_gsolv_eV,55,1.0000001192092896,0.0,0.6546422518073105,0.6546422518073105,,,,1.0
7,hexane_gsolv_eV,56,1.0000001192092896,0.0,0.6546422518073105,0.6546422518073105,,,,1.0
7,hexane_gsolv_eV,57,1.0000001192092896,0.0,0.6546422518073105,0.6546422518073105,,,,1.0
7,hexane_gsolv_eV,58,1.0000001192092896,0.0,0.6546422518073105,0.6546422518073105,,,,1.0
7,hexane_gsolv_eV,59,1.0000001192092896,0.0,0.6546422518073105,0.6546422518073105,,,,1.0
7,hexane_gsolv_eV,60,1.0000001192092896,0.0,0.6546422518073105,0.6546422518073105,,,,1.0
7,hexane_gsolv_eV,61,1.0000001192092896,0.0,0.6546422518073105,0.6546422518073105,,,,1.0
7,hexane_gsolv_eV,62,1.0000001192092896,0.0,0.6546422518073105,0.6546422518073105,,,,1.0
7,hexane_gsolv_eV,63,1.0000001192092896,0.0,0.6546422518073105,0.6546422518073105,,,,1.0
7,hexane_gsolv_eV,64,1.0000001192092896,0.0,0.6546422518073105,0.6546422518073105,,,,1.0
7,hexane_gsolv_eV,65,1.0000001192092896,0.0,0.6546422518073105,0.6546422518073105,,,,1.0
7,hexane_gsolv_eV,66,1.0000001192092896,0.0,0.6546422518073105,0.6546422518073105,,,,1.0
7,hexane_gsolv_eV,67,1.0000001192092896,0.0,0.6546422518073105,0.6546422518073105,,,,1.0
7,hexane_gsolv_eV,68,1.0000001192092896,0.0,0.6546422518073105,0.6546422518073105,,,,1.0
7,hexane_gsolv_eV,69,1.0000001192092896,0.0,0.6546422518073105,0.6546422518073105,,,,1.0
7,hexane_gsolv_eV,70,1.0000001192092896,0.0,0.6546422518073105,0.6546422518073105,,,,1.0
7,hexane_gsolv_eV,71,1.0000001192092896,0.0,0.6546422518073105,0.6546422518073105,,,,1.0
7,hexane_gsolv_eV,72,1.0000001192092896,0.0,0.6546422518073105,0.6546422518073105,,,,1.0
7,hexane_gsolv_eV,73,1.0000001192092896,0.0,0.6546422518073105,0.6546422518073105,,,,1.0
7,hexane_gsolv_eV,74,1.0000001192092896,0.0,0.6546422518073105,0.6546422518073105,,,,1.0
7,hexane_gsolv_eV,75,1.0000001192092896,0.0,0.6546422518073105,0.6546422518073105,,,,1.0
7,hexane_gsolv_eV,76,1.0000001192092896,0.0,0.6546422518073105,0.6546422518073105,,,,1.0
7,hexane_gsolv_eV,77,1.0000001192092896,0.0,0.6546422518073105,0.6546422518073105,,,,1.0
7,hexane_gsolv_eV,78,1.0000001192092896,0.0,0.6546422518073105,0.6546422518073105,,,,1.0
7,hexane_gsolv_eV,79,1.0000001192092896,0.0,0.6546422518073105,0.6546422518073105,,,,1.0
7,hexane_gsolv_eV,80,1.0000001192092896,0.0,0.6546422518073105,0.6546422518073105,,,,1.0
7,hexane_gsolv_eV,81,1.0000001192092896,0.0,0.6546422518073105,0.6546422518073105,,,,1.0
7,hexane_gsolv_eV,82,1.0000001192092896,0.0,0.6546422518073105,0.6546422518073105,,,,1.0
7,hexane_gsolv_eV,83,1.0000001192092896,0.0,0.6546422518073105,0.6546422518073105,,,,1.0
7,hexane_gsolv_eV,84,1.0000001192092896,0.0,0.6546422518073105,0.6546422518073105,,,,1.0
7,hexane_gsolv_eV,85,1.0000001192092896,0.0,0.6546422518073105,0.6546422518073105,,,,1.0
7,hexane_gsolv_eV,86,1.0000001192092896,0.0,0.6546422518073105,0.6546422518073105,,,,1.0
7,hexane_gsolv_eV,87,1.0000001192092896,0.0,0.6546422518073105,0.6546422518073105,,,,1.0
7,hexane_gsolv_eV,88,1.0000001192092896,0.0,0.6546422518073105,0.6546422518073105,,,,1.0
7,hexane_gsolv_eV,89,1.0000001192092896,0.0,0.6546422518073105,0.6546422518073105,,,,1.0
7,hexane_gsolv_eV,90,1.0000001192092896,0.0,0.6546422518073105,0.6546422518073105,,,,1.0
7,hexane_gsolv_eV,91,1.0000001192092896,0.0,0.6546422518073105,0.6546422518073105,,,,1.0
7,hexane_gsolv_eV,92,1.0000001192092896,0.0,0.6546422518073105,0.6546422518073105,,,,1.0
7,hexane_gsolv_eV,93,1.0000001192092896,0.0,0.6546422518073105,0.6546422518073105,,,,1.0
7,hexane_gsolv_eV,94,1.0000001192092896,0.0,0.6546422518073105,0.6546422518073105,,,,1.0
7,hexane_gsolv_eV,95,1.0000001192092896,0.0,0.6546422518073105,0.6546422518073105,,,,1.0
7,hexane_gsolv_eV,96,1.0000001192092896,0.0,0.6546422518073105,0.6546422518073105,,,,1.0
7,hexane_gsolv_eV,97,1.0000001192092896,0.0,0.6546422518073105,0.6546422518073105,,,,1.0
7,hexane_gsolv_eV,98,1.0000001192092896,0.0,0.6546422518073105,0.6546422518073105,,,,1.0
7,hexane_gsolv_eV,99,1.0000001192092896,0.0,0.6546422518073105,0.6546422518073105,,,,1.0
7,hexane_gsolv_eV,100,1.0000001192092896,0.0,0.6546422518073105,0.6546422518073105,,,,1.0
7,hexane_gsolv_eV,101,1.0000001192092896,0.0,0.6546422518073105,0.6546422518073105,,,,1.0
7,hexane_gsolv_eV,102,1.0000001192092896,0.0,0.6546422518073105,0.6546422518073105,,,,1.0
7,hexane_gsolv_eV,103,1.0000001192092896,0.0,0.6546422518073105,0.6546422518073105,,,,1.0
7,hexane_gsolv_eV,104,1.0000001192092896,0.0,0.6546422518073105,0.6546422518073105,,,,1.0
7,hexane_gsolv_eV,105,1.0000001192092896,0.0,0.6546422518073105,0.6546422518073105,,,,1.0
7,hexane_gsolv_eV,106,1.0000001192092896,0.0,0.6546422518073105,0.6546422518073105,,,,1.0
7,hexane_gsolv_eV,107,1.0000001192092896,0.0,0.6546422518073105,0.6546422518073105,,,,1.0
7,hexane_gsolv_eV,108,1.0000001192092896,0.0,0.6546422518073105,0.6546422518073105,,,,1.0
7,hexane_gsolv_eV,109,1.0000001192092896,0.0,0.6546422518073105,0.6546422518073105,,,,1.0
7,hexane_gsolv_eV,110,1.0000001192092896,0.0,0.6546422518073105,0.6546422518073105,,,,1.0
7,hexane_gsolv_eV,111,1.0000001192092896,0.0,0.6546422518073105,0.6546422518073105,,,,1.0
7,hexane_gsolv_eV,112,1.0000001192092896,0.0,0.6546422518073105,0.6546422518073105,,,,1.0
7,hexane_gsolv_eV,113,1.0000001192092896,0.0,0.6546422518073105,0.6546422518073105,,,,1.0
7,hexane_gsolv_eV,114,1.0000001192092896,0.0,0.6546422518073105,0.6546422518073105,,,,1.0
7,hexane_gsolv_eV,115,1.0000001192092896,0.0,0.6546422518073105,0.6546422518073105,,,,1.0
7,hexane_gsolv_eV,116,1.0000001192092896,0.0,0.6546422518073105,0.6546422518073105,,,,1.0
7,hexane_gsolv_eV,117,1.0000001192092896,0.0,0.6546422518073105,0.6546422518073105,,,,1.0
7,hexane_gsolv_eV,118,1.0000001192092896,0.0,0.6546422518073105,0.6546422518073105,,,,1.0
7,hexane_gsolv_eV,119,1.0000001192092896,0.0,0.6546422518073105,0.6546422518073105,,,,1.0
7,hexane_gsolv_eV,120,1.0000001192092896,0.0,0.6546422518073105,0.6546422518073105,,,,1.0
7,hexane_gsolv_eV,121,1.0000001192092896,0.0,0.6546422518073105,0.6546422518073105,,,,1.0
7,hexane_gsolv_eV,122,1.0000001192092896,0.0,0.6546422518073105,0.6546422518073105,,,,1.0
7,hexane_gsolv_eV,123,1.0000001192092896,0.0,0.6546422518073105,0.6546422518073105,,,,1.0
7,hexane_gsolv_eV,124,1.0000001192092896,0.0,0.6546422518073105,0.6546422518073105,,,,1.0
7,hexane_gsolv_eV,125,1.0000001192092896,0.0,0.6546422518073105,0.6546422518073105,,,,1.0
7,hexane_gsolv_eV,126,1.0000001192092896,0.0,0.6546422518073105,0.6546422518073105,,,,1.0
7,hexane_gsolv_eV,127,1.0000001192092896,0.0,0.6546422518073105,0.6546422518073105,,,,1.0
7,hexane_gsolv_eV,128,1.0000001192092896,0.0,0.6546422518073105,0.6546422518073105,,,,1.0
7,hexane_gsolv_eV,129,1.0000001192092896,0.0,0.6546422518073105,0.6546422518073105,,,,1.0
7,hexane_gsolv_eV,130,1.0000001192092896,0.0,0.6546422518073105,0.6546422518073105,,,,1.0
7,hexane_gsolv_eV,131,1.0000001192092896,0.0,0.6546422518073105,0.6546422518073105,,,,1.0
7,hexane_gsolv_eV,132,1.0000001192092896,0.0,0.6546422518073105,0.6546422518073105,,,,1.0
7,hexane_gsolv_eV,133,1.0000001192092896,0.0,0.6546422518073105,0.6546422518073105,,,,1.0
7,hexane_gsolv_eV,134,1.0000001192092896,0.0,0.6546422518073105,0.6546422518073105,,,,1.0
7,hexane_gsolv_eV,135,1.0000001192092896,0.0,0.6546422518073105,0.6546422518073105,,,,1.0
7,hexane_gsolv_eV,136,1.0000001192092896,0.0,0.6546422518073105,0.6546422518073105,,,,1.0
7,hexane_gsolv_eV,137,1.0000001192092896,0.0,0.6546422518073105,0.6546422518073105,,,,1.0
7,hexane_gsolv_eV,138,1.0000001192092896,0.0,0.6546422518073105,0.6546422518073105,,,,1.0
7,hexane_gsolv_eV,139,1.0000001192092896,0.0,0.6546422518073105,0.6546422518073105,,,,1.0
7,hexane_gsolv_eV,140,1.0000001192092896,0.0,0.6546422518073105,0.6546422518073105,,,,1.0
7,hexane_gsolv_eV,141,1.0000001192092896,0.0,0.6546422518073105,0.6546422518073105,,,,1.0
7,hexane_gsolv_eV,142,1.0000001192092896,0.0,0.6546422518073105,0.6546422518073105,,,,1.0
7,hexane_gsolv_eV,143,1.0000001192092896,0.0,0.6546422518073105,0.6546422518073105,,,,1.0
7,hexane_gsolv_eV,144,1.0000001192092896,0.0,0.6546422518073105,0.6546422518073105,,,,1.0
7,hexane_gsolv_eV,145,1.0000001192092896,0.0,0.6546422518073105,0.6546422518073105,,,,1.0
7,hexane_gsolv_eV,146,1.0000001192092896,0.0,0.6546422518073105,0.6546422518073105,,,,1.0
7,hexane_gsolv_eV,147,1.0000001192092896,0.0,0.6546422518073105,0.6546422518073105,,,,1.0
7,hexane_gsolv_eV,148,1.0000001192092896,0.0,0.6546422518073105,0.6546422518073105,,,,1.0
7,hexane_gsolv_eV,149,1.0000001192092896,0.0,0.6546422518073105,0.6546422518073105,,,,1.0
7,hexane_gsolv_eV,150,1.0000001192092896,0.0,0.6546422518073105,0.6546422518073105,,,,1.0
7,hexane_gsolv_eV,151,1.0000001192092896,0.0,0.6546422518073105,0.6546422518073105,,,,1.0
7,hexane_gsolv_eV,152,1.0000001192092896,0.0,0.6546422518073105,0.6546422518073105,,,,1.0
7,hexane_gsolv_eV,153,1.0000001192092896,0.0,0.6546422518073105,0.6546422518073105,,,,1.0
7,hexane_gsolv_eV,154,1.0000001192092896,0.0,0.6546422518073105,0.6546422518073105,,,,1.0
7,hexane_gsolv_eV,155,1.0000001192092896,0.0,0.6546422518073105,0.6546422518073105,,,,1.0
7,hexane_gsolv_eV,156,1.0000001192092896,0.0,0.6546422518073105,0.6546422518073105,,,,1.0
7,hexane_gsolv_eV,157,1.0000001192092896,0.0,0.6546422518073105,0.6546422518073105,,,,1.0
7,hexane_gsolv_eV,158,1.0000001192092896,0.0,0.6546422518073105,0.6546422518073105,,,,1.0
7,hexane_gsolv_eV,159,1.0000001192092896,0.0,0.6546422518073105,0.6546422518073105,,,,1.0
7,hexane_gsolv_eV,160,1.0000001192092896,0.0,0.6546422518073105,0.6546422518073105,,,,1.0
7,hexane_gsolv_eV,161,1.0000001192092896,0.0,0.6546422518073105,0.6546422518073105,,,,1.0
7,hexane_gsolv_eV,162,1.0000001192092896,0.0,0.6546422518073105,0.6546422518073105,,,,1.0
7,hexane_gsolv_eV,163,1.0000001192092896,0.0,0.6546422518073105,0.6546422518073105,,,,1.0
7,hexane_gsolv_eV,164,1.0000001192092896,0.0,0.6546422518073105,0.6546422518073105,,,,1.0
7,hexane_gsolv_eV,165,1.0000001192092896,0.0,0.6546422518073105,0.6546422518073105,,,,1.0
7,hexane_gsolv_eV,166,1.0000001192092896,0.0,0.6546422518073105,0.6546422518073105,,,,1.0
7,hexane_gsolv_eV,167,1.0000001192092896,0.0,0.6546422518073105,0.6546422518073105,,,,1.0
7,hexane_gsolv_eV,168,1.0000001192092896,0.0,0.6546422518073105,0.6546422518073105,,,,1.0
7,hexane_gsolv_eV,169,1.0000001192092896,0.0,0.6546422518073105,0.6546422518073105,,,,1.0
7,hexane_gsolv_eV,170,1.0000001192092896,0.0,0.6546422518073105,0.6546422518073105,,,,1.0
7,hexane_gsolv_eV,171,1.0000001192092896,0.0,0.6546422518073105,0.6546422518073105,,,,1.0
7,hexane_gsolv_eV,172,1.0000001192092896,0.0,0.6546422518073105,0.6546422518073105,,,,1.0
7,hexane_gsolv_eV,173,1.0000001192092896,0.0,0.6546422518073105,0.6546422518073105,,,,1.0
7,hexane_gsolv_eV,174,1.0000001192092896,0.0,0.6546422518073105,0.6546422518073105,,,,1.0
7,hexane_gsolv_eV,175,1.0000001192092896,0.0,0.6546422518073105,0.6546422518073105,,,,1.0
7,hexane_gsolv_eV,176,1.0000001192092896,0.0,0.6546422518073105,0.6546422518073105,,,,1.0
7,hexane_gsolv_eV,177,1.0000001192092896,0.0,0.6546422518073105,0.6546422518073105,,,,1.0
7,hexane_gsolv_eV,178,1.0000001192092896,0.0,0.6546422518073105,0.6546422518073105,,,,1.0
7,hexane_gsolv_eV,179,1.0000001192092896,0.0,0.6546422518073105,0.6546422518073105,,,,1.0
7,hexane_gsolv_eV,180,1.0000001192092896,0.0,0.6546422518073105,0.6546422518073105,,,,1.0
7,hexane_gsolv_eV,181,1.0000001192092896,0.0,0.6546422518073105,0.6546422518073105,,,,1.0
7,hexane_gsolv_eV,182,1.0000001192092896,0.0,0.6546422518073105,0.6546422518073105,,,,1.0
7,hexane_gsolv_eV,183,1.0000001192092896,0.0,0.6546422518073105,0.6546422518073105,,,,1.0
7,hexane_gsolv_eV,184,1.0000001192092896,0.0,0.6546422518073105,0.6546422518073105,,,,1.0
7,hexane_gsolv_eV,185,1.0000001192092896,0.0,0.6546422518073105,0.6546422518073105,,,,1.0
7,hexane_gsolv_eV,186,1.0000001192092896,0.0,0.6546422518073105,0.6546422518073105,,,,1.0
7,hexane_gsolv_eV,187,1.0000001192092896,0.0,0.6546422518073105,0.6546422518073105,,,,1.0
7,hexane_gsolv_eV,188,1.0000001192092896,0.0,0.6546422518073105,0.6546422518073105,,,,1.0
7,hexane_gsolv_eV,189,1.0000001192092896,0.0,0.6546422518073105,0.6546422518073105,,,,1.0
7,hexane_gsolv_eV,190,1.0000001192092896,0.0,0.6546422518073105,0.6546422518073105,,,,1.0
7,hexane_gsolv_eV,191,1.0000001192092896,0.0,0.6546422518073105,0.6546422518073105,,,,1.0
7,hexane_gsolv_eV,192,1.0000001192092896,0.0,0.6546422518073105,0.6546422518073105,,,,1.0
7,hexane_gsolv_eV,193,1.0000001192092896,0.0,0.6546422518073105,0.6546422518073105,,,,1.0
7,hexane_gsolv_eV,194,1.0000001192092896,0.0,0.6546422518073105,0.6546422518073105,,,,1.0
7,hexane_gsolv_eV,195,1.0000001192092896,0.0,0.6546422518073105,0.6546422518073105,,,,1.0
7,hexane_gsolv_eV,196,1.0000001192092896,0.0,0.6546422518073105,0.6546422518073105,,,,1.0
7,hexane_gsolv_eV,197,1.0000001192092896,0.0,0.6546422518073105,0.6546422518073105,,,,1.0
7,hexane_gsolv_eV,198,1.0000001192092896,0.0,0.6546422518073105,0.6546422518073105,,,,1.0
7,hexane_gsolv_eV,199,1.0000001192092896,0.0,0.6546422518073105,0.6546422518073105,,,,1.0
7,hexane_gsolv_eV,200,1.0000001192092896,0.0,0.6546422518073105,0.6546422518073105,,,,1.0
7,hexane_gsolv_eV,201,1.0000001192092896,0.0,0.6546422518073105,0.6546422518073105,,,,1.0
7,hexane_gsolv_eV,202,1.0000001192092896,0.0,0.6546422518073105,0.6546422518073105,,,,1.0
7,hexane_gsolv_eV,203,1.0000001192092896,0.0,0.6546422518073105,0.6546422518073105,,,,1.0
7,hexane_gsolv_eV,204,1.0000001192092896,0.0,0.6546422518073105,0.6546422518073105,,,,1.0
7,hexane_gsolv_eV,205,1.0000001192092896,0.0,0.6546422518073105,0.6546422518073105,,,,1.0
7,hexane_gsolv_eV,206,1.0000001192092896,0.0,0.6546422518073105,0.6546422518073105,,,,1.0
7,hexane_gsolv_eV,207,1.0000001192092896,0.0,0.6546422518073105,0.6546422518073105,,,,1.0
7,hexane_gsolv_eV,208,1.0000001192092896,0.0,0.6546422518073105,0.6546422518073105,,,,1.0
7,hexane_gsolv_eV,209,1.0000001192092896,0.0,0.6546422518073105,0.6546422518073105,,,,1.0
7,hexane_gsolv_eV,210,1.0000001192092896,0.0,0.6546422518073105,0.6546422518073105,,,,1.0
7,hexane_gsolv_eV,211,1.0000001192092896,0.0,0.6546422518073105,0.6546422518073105,,,,1.0
7,hexane_gsolv_eV,212,1.0000001192092896,0.0,0.6546422518073105,0.6546422518073105,,,,1.0
7,hexane_gsolv_eV,213,1.0000001192092896,0.0,0.6546422518073105,0.6546422518073105,,,,1.0
7,hexane_gsolv_eV,214,1.0000001192092896,0.0,0.6546422518073105,0.6546422518073105,,,,1.0
7,hexane_gsolv_eV,215,1.0000001192092896,0.0,0.6546422518073105,0.6546422518073105,,,,1.0
7,hexane_gsolv_eV,216,1.0000001192092896,0.0,0.6546422518073105,0.6546422518073105,,,,1.0
7,hexane_gsolv_eV,217,1.0000001192092896,0.0,0.6546422518073105,0.6546422518073105,,,,1.0
7,hexane_gsolv_eV,218,1.0000001192092896,0.0,0.6546422518073105,0.6546422518073105,,,,1.0
7,hexane_gsolv_eV,219,1.0000001192092896,0.0,0.6546422518073105,0.6546422518073105,,,,1.0
7,hexane_gsolv_eV,220,1.0000001192092896,0.0,0.6546422518073105,0.6546422518073105,,,,1.0
7,hexane_gsolv_eV,221,1.0000001192092896,0.0,0.6546422518073105,0.6546422518073105,,,,1.0
7,hexane_gsolv_eV,222,1.0000001192092896,0.0,0.6546422518073105,0.6546422518073105,,,,1.0
7,hexane_gsolv_eV,223,1.0000001192092896,0.0,0.6546422518073105,0.6546422518073105,,,,1.0
7,hexane_gsolv_eV,224,1.0000001192092896,0.0,0.6546422518073105,0.6546422518073105,,,,1.0
7,hexane_gsolv_eV,225,1.0000001192092896,0.0,0.6546422518073105,0.6546422518073105,,,,1.0
7,hexane_gsolv_eV,226,1.0000001192092896,0.0,0.6546422518073105,0.6546422518073105,,,,1.0
7,hexane_gsolv_eV,227,1.0000001192092896,0.0,0.6546422518073105,0.6546422518073105,,,,1.0
7,hexane_gsolv_eV,228,1.0000001192092896,0.0,0.6546422518073105,0.6546422518073105,,,,1.0
7,hexane_gsolv_eV,229,1.0000001192092896,0.0,0.6546422518073105,0.6546422518073105,,,,1.0
7,hexane_gsolv_eV,230,1.0000001192092896,0.0,0.6546422518073105,0.6546422518073105,,,,1.0
7,hexane_gsolv_eV,231,1.0000001192092896,0.0,0.6546422518073105,0.6546422518073105,,,,1.0
7,hexane_gsolv_eV,232,1.0000001192092896,0.0,0.6546422518073105,0.6546422518073105,,,,1.0
7,hexane_gsolv_eV,233,1.0000001192092896,0.0,0.6546422518073105,0.6546422518073105,,,,1.0
7,hexane_gsolv_eV,234,1.0000001192092896,0.0,0.6546422518073105,0.6546422518073105,,,,1.0
7,hexane_gsolv_eV,235,1.0000001192092896,0.0,0.6546422518073105,0.6546422518073105,,,,1.0
7,hexane_gsolv_eV,236,1.0000001192092896,0.0,0.6546422518073105,0.6546422518073105,,,,1.0
7,hexane_gsolv_eV,237,1.0000001192092896,0.0,0.6546422518073105,0.6546422518073105,,,,1.0
7,hexane_gsolv_eV,238,1.0000001192092896,0.0,0.6546422518073105,0.6546422518073105,,,,1.0
7,hexane_gsolv_eV,239,1.0000001192092896,0.0,0.6546422518073105,0.6546422518073105,,,,1.0
7,hexane_gsolv_eV,240,1.0000001192092896,0.0,0.6546422518073105,0.6546422518073105,,,,1.0
7,hexane_gsolv_eV,241,1.0000001192092896,0.0,0.6546422518073105,0.6546422518073105,,,,1.0
7,hexane_gsolv_eV,242,1.0000001192092896,0.0,0.6546422518073105,0.6546422518073105,,,,1.0
7,hexane_gsolv_eV,243,1.0000001192092896,0.0,0.6546422518073105,0.6546422518073105,,,,1.0
7,hexane_gsolv_eV,244,1.0000001192092896,0.0,0.6546422518073105,0.6546422518073105,,,,1.0
7,hexane_gsolv_eV,245,1.0000001192092896,0.0,0.6546422518073105,0.6546422518073105,,,,1.0
7,hexane_gsolv_eV,246,1.0000001192092896,0.0,0.6546422518073105,0.6546422518073105,,,,1.0
7,hexane_gsolv_eV,247,1.0000001192092896,0.0,0.6546422518073105,0.6546422518073105,,,,1.0
7,hexane_gsolv_eV,248,1.0000001192092896,0.0,0.6546422518073105,0.6546422518073105,,,,1.0
7,hexane_gsolv_eV,249,1.0000001192092896,0.0,0.6546422518073105,0.6546422518073105,,,,1.0
7,hexane_hl_gap_eV,0,1.0,0.0,0.6944654966201169,0.6944654966201169,,,,1.0
7,hexane_hl_gap_eV,1,1.0,0.0,0.6944654966201169,0.6944654966201169,,,,1.0
7,hexane_hl_gap_eV,2,1.0,0.0,0.6944654966201169,0.6944654966201169,,,,1.0
7,hexane_hl_gap_eV,3,1.0,0.0,0.6944654966201169,0.6944654966201169,,,,1.0
7,hexane_hl_gap_eV,4,1.0,0.0,0.6944654966201169,0.6944654966201169,,,,1.0
7,hexane_hl_gap_eV,5,1.0,0.0,0.6944654966201169,0.6944654966201169,,,,1.0
7,hexane_hl_gap_eV,6,1.0,0.0,0.6944654966201169,0.6944654966201169,,,,1.0
7,hexane_hl_gap_eV,7,1.0,0.0,0.6944654966201169,0.6944654966201169,,,,1.0
7,hexane_hl_gap_eV,8,1.0,0.0,0.6944654966201169,0.6944654966201169,,,,1.0
7,hexane_hl_gap_eV,9,1.0,0.0,0.6944654966201169,0.6944654966201169,,,,1.0
7,hexane_hl_gap_eV,10,1.0,0.0,0.6944654966201169,0.6944654966201169,,,,1.0
7,hexane_hl_gap_eV,11,1.0,0.0,0.6944654966201169,0.6944654966201169,,,,1.0
7,hexane_hl_gap_eV,12,1.0,0.0,0.6944654966201169,0.6944654966201169,,,,1.0
7,hexane_hl_gap_eV,13,1.0,0.0,0.6944654966201169,0.6944654966201169,,,,1.0
7,hexane_hl_gap_eV,14,1.0,0.0,0.6944654966201169,0.6944654966201169,,,,1.0
7,hexane_hl_gap_eV,15,1.0,0.0,0.6944654966201169,0.6944654966201169,,,,1.0
7,hexane_hl_gap_eV,16,1.0,0.0,0.6944654966201169,0.6944654966201169,,,,1.0
7,hexane_hl_gap_eV,17,1.0,0.0,0.6944654966201169,0.6944654966201169,,,,1.0
7,hexane_hl_gap_eV,18,1.0,0.0,0.6944654966201169,0.6944654966201169,,,,1.0
7,hexane_hl_gap_eV,19,1.0,0.0,0.6944654966201169,0.6944654966201169,,,,1.0
7,hexane_hl_gap_eV,20,1.0,0.0,0.6944654966201169,0.6944654966201169,,,,1.0
7,hexane_hl_gap_eV,21,1.0,0.0,0.6944654966201169,0.6944654966201169,,,,1.0
7,hexane_hl_gap_eV,22,1.0,0.0,0.6944654966201169,0.6944654966201169,,,,1.0
7,hexane_hl_gap_eV,23,1.0,0.0,0.6944654966201169,0.6944654966201169,,,,1.0
7,hexane_hl_gap_eV,24,1.0,0.0,0.6944654966201169,0.6944654966201169,,,,1.0
7,hexane_hl_gap_eV,25,1.0,0.0,0.6944654966201169,0.6944654966201169,,,,1.0
7,hexane_hl_gap_eV,26,1.0,0.0,0.6944654966201169,0.6944654966201169,,,,1.0
7,hexane_hl_gap_eV,27,1.0,0.0,0.6944654966201169,0.6944654966201169,,,,1.0
7,hexane_hl_gap_eV,28,1.0,0.0,0.6944654966201169,0.6944654966201169,,,,1.0
7,hexane_hl_gap_eV,29,1.0,0.0,0.6944654966201169,0.6944654966201169,,,,1.0
7,hexane_hl_gap_eV,30,1.0,0.0,0.6944654966201169,0.6944654966201169,,,,1.0
7,hexane_hl_gap_eV,31,1.0,0.0,0.6944654966201169,0.6944654966201169,,,,1.0
7,hexane_hl_gap_eV,32,1.0,0.0,0.6944654966201169,0.6944654966201169,,,,1.0
7,hexane_hl_gap_eV,33,1.0,0.0,0.6944654966201169,0.6944654966201169,,,,1.0
7,hexane_hl_gap_eV,34,1.0,0.0,0.6944654966201169,0.6944654966201169,,,,1.0
7,hexane_hl_gap_eV,35,1.0,0.0,0.6944654966201169,0.6944654966201169,,,,1.0
7,hexane_hl_gap_eV,36,1.0,0.0,0.6944654966201169,0.6944654966201169,,,,1.0
7,hexane_hl_gap_eV,37,1.0,0.0,0.6944654966201169,0.6944654966201169,,,,1.0
7,hexane_hl_gap_eV,38,1.0,0.0,0.6944654966201169,0.6944654966201169,,,,1.0
7,hexane_hl_gap_eV,39,1.0,0.0,0.6944654966201169,0.6944654966201169,,,,1.0
7,hexane_hl_gap_eV,40,1.0,0.0,0.6944654966201169,0.6944654966201169,,,,1.0
7,hexane_hl_gap_eV,41,1.0,0.0,0.6944654966201169,0.6944654966201169,,,,1.0
7,hexane_hl_gap_eV,42,1.0,0.0,0.6944654966201169,0.6944654966201169,,,,1.0
7,hexane_hl_gap_eV,43,1.0,0.0,0.6944654966201169,0.6944654966201169,,,,1.0
7,hexane_hl_gap_eV,44,1.0,0.0,0.6944654966201169,0.6944654966201169,,,,1.0
7,hexane_hl_gap_eV,45,1.0,0.0,0.6944654966201169,0.6944654966201169,,,,1.0
7,hexane_hl_gap_eV,46,1.0,0.0,0.6944654966201169,0.6944654966201169,,,,1.0
7,hexane_hl_gap_eV,47,1.0,0.0,0.6944654966201169,0.6944654966201169,,,,1.0
7,hexane_hl_gap_eV,48,1.0,0.0,0.6944654966201169,0.6944654966201169,,,,1.0
7,hexane_hl_gap_eV,49,1.0,0.0,0.6944654966201169,0.6944654966201169,,,,1.0
7,hexane_hl_gap_eV,50,1.0,0.0,0.6944654966201169,0.6944654966201169,,,,1.0
7,hexane_hl_gap_eV,51,1.0,0.0,0.6944654966201169,0.6944654966201169,,,,1.0
7,hexane_hl_gap_eV,52,1.0,0.0,0.6944654966201169,0.6944654966201169,,,,1.0
7,hexane_hl_gap_eV,53,1.0,0.0,0.6944654966201169,0.6944654966201169,,,,1.0
7,hexane_hl_gap_eV,54,1.0,0.0,0.6944654966201169,0.6944654966201169,,,,1.0
7,hexane_hl_gap_eV,55,1.0,0.0,0.6944654966201169,0.6944654966201169,,,,1.0
7,hexane_hl_gap_eV,56,1.0,0.0,0.6944654966201169,0.6944654966201169,,,,1.0
7,hexane_hl_gap_eV,57,1.0,0.0,0.6944654966201169,0.6944654966201169,,,,1.0
7,hexane_hl_gap_eV,58,1.0,0.0,0.6944654966201169,0.6944654966201169,,,,1.0
7,hexane_hl_gap_eV,59,1.0,0.0,0.6944654966201169,0.6944654966201169,,,,1.0
7,hexane_hl_gap_eV,60,1.0,0.0,0.6944654966201169,0.6944654966201169,,,,1.0
7,hexane_hl_gap_eV,61,1.0,0.0,0.6944654966201169,0.6944654966201169,,,,1.0
7,hexane_hl_gap_eV,62,1.0,0.0,0.6944654966201169,0.6944654966201169,,,,1.0
7,hexane_hl_gap_eV,63,1.0,0.0,0.6944654966201169,0.6944654966201169,,,,1.0
7,hexane_hl_gap_eV,64,1.0,0.0,0.6944654966201169,0.6944654966201169,,,,1.0
7,hexane_hl_gap_eV,65,1.0,0.0,0.6944654966201169,0.6944654966201169,,,,1.0
7,hexane_hl_gap_eV,66,1.0,0.0,0.6944654966201169,0.6944654966201169,,,,1.0
7,hexane_hl_gap_eV,67,1.0,0.0,0.6944654966201169,0.6944654966201169,,,,1.0
7,hexane_hl_gap_eV,68,1.0,0.0,0.6944654966201169,0.6944654966201169,,,,1.0
7,hexane_hl_gap_eV,69,1.0,0.0,0.6944654966201169,0.6944654966201169,,,,1.0
7,hexane_hl_gap_eV,70,1.0,0.0,0.6944654966201169,0.6944654966201169,,,,1.0
7,hexane_hl_gap_eV,71,1.0,0.0,0.6944654966201169,0.6944654966201169,,,,1.0
7,hexane_hl_gap_eV,72,1.0,0.0,0.6944654966201169,0.6944654966201169,,,,1.0
7,hexane_hl_gap_eV,73,1.0,0.0,0.6944654966201169,0.6944654966201169,,,,1.0
7,hexane_hl_gap_eV,74,1.0,0.0,0.6944654966201169,0.6944654966201169,,,,1.0
7,hexane_hl_gap_eV,75,1.0,0.0,0.6944654966201169,0.6944654966201169,,,,1.0
7,hexane_hl_gap_eV,76,1.0,0.0,0.6944654966201169,0.6944654966201169,,,,1.0
7,hexane_hl_gap_eV,77,1.0,0.0,0.6944654966201169,0.6944654966201169,,,,1.0
7,hexane_hl_gap_eV,78,1.0,0.0,0.6944654966201169,0.6944654966201169,,,,1.0
7,hexane_hl_gap_eV,79,1.0,0.0,0.6944654966201169,0.6944654966201169,,,,1.0
7,hexane_hl_gap_eV,80,1.0,0.0,0.6944654966201169,0.6944654966201169,,,,1.0
7,hexane_hl_gap_eV,81,1.0,0.0,0.6944654966201169,0.6944654966201169,,,,1.0
7,hexane_hl_gap_eV,82,1.0,0.0,0.6944654966201169,0.6944654966201169,,,,1.0
7,hexane_hl_gap_eV,83,1.0,0.0,0.6944654966201169,0.6944654966201169,,,,1.0
7,hexane_hl_gap_eV,84,1.0,0.0,0.6944654966201169,0.6944654966201169,,,,1.0
7,hexane_hl_gap_eV,85,1.0,0.0,0.6944654966201169,0.6944654966201169,,,,1.0
7,hexane_hl_gap_eV,86,1.0,0.0,0.6944654966201169,0.6944654966201169,,,,1.0
7,hexane_hl_gap_eV,87,1.0,0.0,0.6944654966201169,0.6944654966201169,,,,1.0
7,hexane_hl_gap_eV,88,1.0,0.0,0.6944654966201169,0.6944654966201169,,,,1.0
7,hexane_hl_gap_eV,89,1.0,0.0,0.6944654966201169,0.6944654966201169,,,,1.0
7,hexane_hl_gap_eV,90,1.0,0.0,0.6944654966201169,0.6944654966201169,,,,1.0
7,hexane_hl_gap_eV,91,1.0,0.0,0.6944654966201169,0.6944654966201169,,,,1.0
7,hexane_hl_gap_eV,92,1.0,0.0,0.6944654966201169,0.6944654966201169,,,,1.0
7,hexane_hl_gap_eV,93,1.0,0.0,0.6944654966201169,0.6944654966201169,,,,1.0
7,hexane_hl_gap_eV,94,1.0,0.0,0.6944654966201169,0.6944654966201169,,,,1.0
7,hexane_hl_gap_eV,95,1.0,0.0,0.6944654966201169,0.6944654966201169,,,,1.0
7,hexane_hl_gap_eV,96,1.0,0.0,0.6944654966201169,0.6944654966201169,,,,1.0
7,hexane_hl_gap_eV,97,1.0,0.0,0.6944654966201169,0.6944654966201169,,,,1.0
7,hexane_hl_gap_eV,98,1.0,0.0,0.6944654966201169,0.6944654966201169,,,,1.0
7,hexane_hl_gap_eV,99,1.0,0.0,0.6944654966201169,0.6944654966201169,,,,1.0
7,hexane_hl_gap_eV,100,1.0,0.0,0.6944654966201169,0.6944654966201169,,,,1.0
7,hexane_hl_gap_eV,101,1.0,0.0,0.6944654966201169,0.6944654966201169,,,,1.0
7,hexane_hl_gap_eV,102,1.0,0.0,0.6944654966201169,0.6944654966201169,,,,1.0
7,hexane_hl_gap_eV,103,1.0,0.0,0.6944654966201169,0.6944654966201169,,,,1.0
7,hexane_hl_gap_eV,104,1.0,0.0,0.6944654966201169,0.6944654966201169,,,,1.0
7,hexane_hl_gap_eV,105,1.0,0.0,0.6944654966201169,0.6944654966201169,,,,1.0
7,hexane_hl_gap_eV,106,1.0,0.0,0.6944654966201169,0.6944654966201169,,,,1.0
7,hexane_hl_gap_eV,107,1.0,0.0,0.6944654966201169,0.6944654966201169,,,,1.0
7,hexane_hl_gap_eV,108,1.0,0.0,0.6944654966201169,0.6944654966201169,,,,1.0
7,hexane_hl_gap_eV,109,1.0,0.0,0.6944654966201169,0.6944654966201169,,,,1.0
7,hexane_hl_gap_eV,110,1.0,0.0,0.6944654966201169,0.6944654966201169,,,,1.0
7,hexane_hl_gap_eV,111,1.0,0.0,0.6944654966201169,0.6944654966201169,,,,1.0
7,hexane_hl_gap_eV,112,1.0,0.0,0.6944654966201169,0.6944654966201169,,,,1.0
7,hexane_hl_gap_eV,113,1.0,0.0,0.6944654966201169,0.6944654966201169,,,,1.0
7,hexane_hl_gap_eV,114,1.0,0.0,0.6944654966201169,0.6944654966201169,,,,1.0
7,hexane_hl_gap_eV,115,1.0,0.0,0.6944654966201169,0.6944654966201169,,,,1.0
7,hexane_hl_gap_eV,116,1.0,0.0,0.6944654966201169,0.6944654966201169,,,,1.0
7,hexane_hl_gap_eV,117,1.0,0.0,0.6944654966201169,0.6944654966201169,,,,1.0
7,hexane_hl_gap_eV,118,1.0,0.0,0.6944654966201169,0.6944654966201169,,,,1.0
7,hexane_hl_gap_eV,119,1.0,0.0,0.6944654966201169,0.6944654966201169,,,,1.0
7,hexane_hl_gap_eV,120,1.0,0.0,0.6944654966201169,0.6944654966201169,,,,1.0
7,hexane_hl_gap_eV,121,1.0,0.0,0.6944654966201169,0.6944654966201169,,,,1.0
7,hexane_hl_gap_eV,122,1.0,0.0,0.6944654966201169,0.6944654966201169,,,,1.0
7,hexane_hl_gap_eV,123,1.0,0.0,0.6944654966201169,0.6944654966201169,,,,1.0
7,hexane_hl_gap_eV,124,1.0,0.0,0.6944654966201169,0.6944654966201169,,,,1.0
7,hexane_hl_gap_eV,125,1.0,0.0,0.6944654966201169,0.6944654966201169,,,,1.0
7,hexane_hl_gap_eV,126,1.0,0.0,0.6944654966201169,0.6944654966201169,,,,1.0
7,hexane_hl_gap_eV,127,1.0,0.0,0.6944654966201169,0.6944654966201169,,,,1.0
7,hexane_hl_gap_eV,128,1.0,0.0,0.6944654966201169,0.6944654966201169,,,,1.0
7,hexane_hl_gap_eV,129,1.0,0.0,0.6944654966201169,0.6944654966201169,,,,1.0
7,hexane_hl_gap_eV,130,1.0,0.0,0.6944654966201169,0.6944654966201169,,,,1.0
7,hexane_hl_gap_eV,131,1.0,0.0,0.6944654966201169,0.6944654966201169,,,,1.0
7,hexane_hl_gap_eV,132,1.0,0.0,0.6944654966201169,0.6944654966201169,,,,1.0
7,hexane_hl_gap_eV,133,1.0,0.0,0.6944654966201169,0.6944654966201169,,,,1.0
7,hexane_hl_gap_eV,134,1.0,0.0,0.6944654966201169,0.6944654966201169,,,,1.0
7,hexane_hl_gap_eV,135,1.0,0.0,0.6944654966201169,0.6944654966201169,,,,1.0
7,hexane_hl_gap_eV,136,1.0,0.0,0.6944654966201169,0.6944654966201169,,,,1.0
7,hexane_hl_gap_eV,137,1.0,0.0,0.6944654966201169,0.6944654966201169,,,,1.0
7,hexane_hl_gap_eV,138,1.0,0.0,0.6944654966201169,0.6944654966201169,,,,1.0
7,hexane_hl_gap_eV,139,1.0,0.0,0.6944654966201169,0.6944654966201169,,,,1.0
7,hexane_hl_gap_eV,140,1.0,0.0,0.6944654966201169,0.6944654966201169,,,,1.0
7,hexane_hl_gap_eV,141,1.0,0.0,0.6944654966201169,0.6944654966201169,,,,1.0
7,hexane_hl_gap_eV,142,1.0,0.0,0.6944654966201169,0.6944654966201169,,,,1.0
7,hexane_hl_gap_eV,143,1.0,0.0,0.6944654966201169,0.6944654966201169,,,,1.0
7,hexane_hl_gap_eV,144,1.0,0.0,0.6944654966201169,0.6944654966201169,,,,1.0
7,hexane_hl_gap_eV,145,1.0,0.0,0.6944654966201169,0.6944654966201169,,,,1.0
7,hexane_hl_gap_eV,146,1.0,0.0,0.6944654966201169,0.6944654966201169,,,,1.0
7,hexane_hl_gap_eV,147,1.0,0.0,0.6944654966201169,0.6944654966201169,,,,1.0
7,hexane_hl_gap_eV,148,1.0,0.0,0.6944654966201169,0.6944654966201169,,,,1.0
7,hexane_hl_gap_eV,149,1.0,0.0,0.6944654966201169,0.6944654966201169,,,,1.0
7,hexane_hl_gap_eV,150,1.0,0.0,0.6944654966201169,0.6944654966201169,,,,1.0
7,hexane_hl_gap_eV,151,1.0,0.0,0.6944654966201169,0.6944654966201169,,,,1.0
7,hexane_hl_gap_eV,152,1.0,0.0,0.6944654966201169,0.6944654966201169,,,,1.0
7,hexane_hl_gap_eV,153,1.0,0.0,0.6944654966201169,0.6944654966201169,,,,1.0
7,hexane_hl_gap_eV,154,1.0,0.0,0.6944654966201169,0.6944654966201169,,,,1.0
7,hexane_hl_gap_eV,155,1.0,0.0,0.6944654966201169,0.6944654966201169,,,,1.0
7,hexane_hl_gap_eV,156,1.0,0.0,0.6944654966201169,0.6944654966201169,,,,1.0
7,hexane_hl_gap_eV,157,1.0,0.0,0.6944654966201169,0.6944654966201169,,,,1.0
7,hexane_hl_gap_eV,158,1.0,0.0,0.6944654966201169,0.6944654966201169,,,,1.0
7,hexane_hl_gap_eV,159,1.0,0.0,0.6944654966201169,0.6944654966201169,,,,1.0
7,hexane_hl_gap_eV,160,1.0,0.0,0.6944654966201169,0.6944654966201169,,,,1.0
7,hexane_hl_gap_eV,161,1.0,0.0,0.6944654966201169,0.6944654966201169,,,,1.0
7,hexane_hl_gap_eV,162,1.0,0.0,0.6944654966201169,0.6944654966201169,,,,1.0
7,hexane_hl_gap_eV,163,1.0,0.0,0.6944654966201169,0.6944654966201169,,,,1.0
7,hexane_hl_gap_eV,164,1.0,0.0,0.6944654966201169,0.6944654966201169,,,,1.0
7,hexane_hl_gap_eV,165,1.0,0.0,0.6944654966201169,0.6944654966201169,,,,1.0
7,hexane_hl_gap_eV,166,1.0,0.0,0.6944654966201169,0.6944654966201169,,,,1.0
7,hexane_hl_gap_eV,167,1.0,0.0,0.6944654966201169,0.6944654966201169,,,,1.0
7,hexane_hl_gap_eV,168,1.0,0.0,0.6944654966201169,0.6944654966201169,,,,1.0
7,hexane_hl_gap_eV,169,1.0,0.0,0.6944654966201169,0.6944654966201169,,,,1.0
7,hexane_hl_gap_eV,170,1.0,0.0,0.6944654966201169,0.6944654966201169,,,,1.0
7,hexane_hl_gap_eV,171,1.0,0.0,0.6944654966201169,0.6944654966201169,,,,1.0
7,hexane_hl_gap_eV,172,1.0,0.0,0.6944654966201169,0.6944654966201169,,,,1.0
7,hexane_hl_gap_eV,173,1.0,0.0,0.6944654966201169,0.6944654966201169,,,,1.0
7,hexane_hl_gap_eV,174,1.0,0.0,0.6944654966201169,0.6944654966201169,,,,1.0
7,hexane_hl_gap_eV,175,1.0,0.0,0.6944654966201169,0.6944654966201169,,,,1.0
7,hexane_hl_gap_eV,176,1.0,0.0,0.6944654966201169,0.6944654966201169,,,,1.0
7,hexane_hl_gap_eV,177,1.0,0.0,0.6944654966201169,0.6944654966201169,,,,1.0
7,hexane_hl_gap_eV,178,1.0,0.0,0.6944654966201169,0.6944654966201169,,,,1.0
7,hexane_hl_gap_eV,179,1.0,0.0,0.6944654966201169,0.6944654966201169,,,,1.0
7,hexane_hl_gap_eV,180,1.0,0.0,0.6944654966201169,0.6944654966201169,,,,1.0
7,hexane_hl_gap_eV,181,1.0,0.0,0.6944654966201169,0.6944654966201169,,,,1.0
7,hexane_hl_gap_eV,182,1.0,0.0,0.6944654966201169,0.6944654966201169,,,,1.0
7,hexane_hl_gap_eV,183,1.0,0.0,0.6944654966201169,0.6944654966201169,,,,1.0
7,hexane_hl_gap_eV,184,1.0,0.0,0.6944654966201169,0.6944654966201169,,,,1.0
7,hexane_hl_gap_eV,185,1.0,0.0,0.6944654966201169,0.6944654966201169,,,,1.0
7,hexane_hl_gap_eV,186,1.0,0.0,0.6944654966201169,0.6944654966201169,,,,1.0
7,hexane_hl_gap_eV,187,1.0,0.0,0.6944654966201169,0.6944654966201169,,,,1.0
7,hexane_hl_gap_eV,188,1.0,0.0,0.6944654966201169,0.6944654966201169,,,,1.0
7,hexane_hl_gap_eV,189,1.0,0.0,0.6944654966201169,0.6944654966201169,,,,1.0
7,hexane_hl_gap_eV,190,1.0,0.0,0.6944654966201169,0.6944654966201169,,,,1.0
7,hexane_hl_gap_eV,191,1.0,0.0,0.6944654966201169,0.6944654966201169,,,,1.0
7,hexane_hl_gap_eV,192,1.0,0.0,0.6944654966201169,0.6944654966201169,,,,1.0
7,hexane_hl_gap_eV,193,1.0,0.0,0.6944654966201169,0.6944654966201169,,,,1.0
7,hexane_hl_gap_eV,194,1.0,0.0,0.6944654966201169,0.6944654966201169,,,,1.0
7,hexane_hl_gap_eV,195,1.0,0.0,0.6944654966201169,0.6944654966201169,,,,1.0
7,hexane_hl_gap_eV,196,1.0,0.0,0.6944654966201169,0.6944654966201169,,,,1.0
7,hexane_hl_gap_eV,197,1.0,0.0,0.6944654966201169,0.6944654966201169,,,,1.0
7,hexane_hl_gap_eV,198,1.0,0.0,0.6944654966201169,0.6944654966201169,,,,1.0
7,hexane_hl_gap_eV,199,1.0,0.0,0.6944654966201169,0.6944654966201169,,,,1.0
7,hexane_hl_gap_eV,200,1.0,0.0,0.6944654966201169,0.6944654966201169,,,,1.0
7,hexane_hl_gap_eV,201,1.0,0.0,0.6944654966201169,0.6944654966201169,,,,1.0
7,hexane_hl_gap_eV,202,1.0,0.0,0.6944654966201169,0.6944654966201169,,,,1.0
7,hexane_hl_gap_eV,203,1.0,0.0,0.6944654966201169,0.6944654966201169,,,,1.0
7,hexane_hl_gap_eV,204,1.0,0.0,0.6944654966201169,0.6944654966201169,,,,1.0
7,hexane_hl_gap_eV,205,1.0,0.0,0.6944654966201169,0.6944654966201169,,,,1.0
7,hexane_hl_gap_eV,206,1.0,0.0,0.6944654966201169,0.6944654966201169,,,,1.0
7,hexane_hl_gap_eV,207,1.0,0.0,0.6944654966201169,0.6944654966201169,,,,1.0
7,hexane_hl_gap_eV,208,1.0,0.0,0.6944654966201169,0.6944654966201169,,,,1.0
7,hexane_hl_gap_eV,209,1.0,0.0,0.6944654966201169,0.6944654966201169,,,,1.0
7,hexane_hl_gap_eV,210,1.0,0.0,0.6944654966201169,0.6944654966201169,,,,1.0
7,hexane_hl_gap_eV,211,1.0,0.0,0.6944654966201169,0.6944654966201169,,,,1.0
7,hexane_hl_gap_eV,212,1.0,0.0,0.6944654966201169,0.6944654966201169,,,,1.0
7,hexane_hl_gap_eV,213,1.0,0.0,0.6944654966201169,0.6944654966201169,,,,1.0
7,hexane_hl_gap_eV,214,1.0,0.0,0.6944654966201169,0.6944654966201169,,,,1.0
7,hexane_hl_gap_eV,215,1.0,0.0,0.6944654966201169,0.6944654966201169,,,,1.0
7,hexane_hl_gap_eV,216,1.0,0.0,0.6944654966201169,0.6944654966201169,,,,1.0
7,hexane_hl_gap_eV,217,1.0,0.0,0.6944654966201169,0.6944654966201169,,,,1.0
7,hexane_hl_gap_eV,218,1.0,0.0,0.6944654966201169,0.6944654966201169,,,,1.0
7,hexane_hl_gap_eV,219,1.0,0.0,0.6944654966201169,0.6944654966201169,,,,1.0
7,hexane_hl_gap_eV,220,1.0,0.0,0.6944654966201169,0.6944654966201169,,,,1.0
7,hexane_hl_gap_eV,221,1.0,0.0,0.6944654966201169,0.6944654966201169,,,,1.0
7,hexane_hl_gap_eV,222,1.0,0.0,0.6944654966201169,0.6944654966201169,,,,1.0
7,hexane_hl_gap_eV,223,1.0,0.0,0.6944654966201169,0.6944654966201169,,,,1.0
7,hexane_hl_gap_eV,224,1.0,0.0,0.6944654966201169,0.6944654966201169,,,,1.0
7,hexane_hl_gap_eV,225,1.0,0.0,0.6944654966201169,0.6944654966201169,,,,1.0
7,hexane_hl_gap_eV,226,1.0,0.0,0.6944654966201169,0.6944654966201169,,,,1.0
7,hexane_hl_gap_eV,227,1.0,0.0,0.6944654966201169,0.6944654966201169,,,,1.0
7,hexane_hl_gap_eV,228,1.0,0.0,0.6944654966201169,0.6944654966201169,,,,1.0
7,hexane_hl_gap_eV,229,1.0,0.0,0.6944654966201169,0.6944654966201169,,,,1.0
7,hexane_hl_gap_eV,230,1.0,0.0,0.6944654966201169,0.6944654966201169,,,,1.0
7,hexane_hl_gap_eV,231,1.0,0.0,0.6944654966201169,0.6944654966201169,,,,1.0
7,hexane_hl_gap_eV,232,1.0,0.0,0.6944654966201169,0.6944654966201169,,,,1.0
7,hexane_hl_gap_eV,233,1.0,0.0,0.6944654966201169,0.6944654966201169,,,,1.0
7,hexane_hl_gap_eV,234,1.0,0.0,0.6944654966201169,0.6944654966201169,,,,1.0
7,hexane_hl_gap_eV,235,1.0,0.0,0.6944654966201169,0.6944654966201169,,,,1.0
7,hexane_hl_gap_eV,236,1.0,0.0,0.6944654966201169,0.6944654966201169,,,,1.0
7,hexane_hl_gap_eV,237,1.0,0.0,0.6944654966201169,0.6944654966201169,,,,1.0
7,hexane_hl_gap_eV,238,1.0,0.0,0.6944654966201169,0.6944654966201169,,,,1.0
7,hexane_hl_gap_eV,239,1.0,0.0,0.6944654966201169,0.6944654966201169,,,,1.0
7,hexane_hl_gap_eV,240,1.0,0.0,0.6944654966201169,0.6944654966201169,,,,1.0
7,hexane_hl_gap_eV,241,1.0,0.0,0.6944654966201169,0.6944654966201169,,,,1.0
7,hexane_hl_gap_eV,242,1.0,0.0,0.6944654966201169,0.6944654966201169,,,,1.0
7,hexane_hl_gap_eV,243,1.0,0.0,0.6944654966201169,0.6944654966201169,,,,1.0
7,hexane_hl_gap_eV,244,1.0,0.0,0.6944654966201169,0.6944654966201169,,,,1.0
7,hexane_hl_gap_eV,245,1.0,0.0,0.6944654966201169,0.6944654966201169,,,,1.0
7,hexane_hl_gap_eV,246,1.0,0.0,0.6944654966201169,0.6944654966201169,,,,1.0
7,hexane_hl_gap_eV,247,1.0,0.0,0.6944654966201169,0.6944654966201169,,,,1.0
7,hexane_hl_gap_eV,248,1.0,0.0,0.6944654966201169,0.6944654966201169,,,,1.0
7,hexane_hl_gap_eV,249,1.0,0.0,0.6944654966201169,0.6944654966201169,,,,1.0
7,hexane_dipole,0,1.0000001192092896,0.0,0.6576083978961798,0.6576083978961798,,,,1.0
7,hexane_dipole,1,1.0000001192092896,0.0,0.6576083978961798,0.6576083978961798,,,,1.0
7,hexane_dipole,2,1.0000001192092896,0.0,0.6576083978961798,0.6576083978961798,,,,1.0
7,hexane_dipole,3,1.0000001192092896,0.0,0.6576083978961798,0.6576083978961798,,,,1.0
7,hexane_dipole,4,1.0000001192092896,0.0,0.6576083978961798,0.6576083978961798,,,,1.0
7,hexane_dipole,5,1.0000001192092896,0.0,0.6576083978961798,0.6576083978961798,,,,1.0
7,hexane_dipole,6,1.0000001192092896,0.0,0.6576083978961798,0.6576083978961798,,,,1.0
7,hexane_dipole,7,1.0000001192092896,0.0,0.6576083978961798,0.6576083978961798,,,,1.0
7,hexane_dipole,8,1.0000001192092896,0.0,0.6576083978961798,0.6576083978961798,,,,1.0
7,hexane_dipole,9,1.0000001192092896,0.0,0.6576083978961798,0.6576083978961798,,,,1.0
7,hexane_dipole,10,1.0000001192092896,0.0,0.6576083978961798,0.6576083978961798,,,,1.0
7,hexane_dipole,11,1.0000001192092896,0.0,0.6576083978961798,0.6576083978961798,,,,1.0
7,hexane_dipole,12,1.0000001192092896,0.0,0.6576083978961798,0.6576083978961798,,,,1.0
7,hexane_dipole,13,1.0000001192092896,0.0,0.6576083978961798,0.6576083978961798,,,,1.0
7,hexane_dipole,14,1.0000001192092896,0.0,0.6576083978961798,0.6576083978961798,,,,1.0
7,hexane_dipole,15,1.0000001192092896,0.0,0.6576083978961798,0.6576083978961798,,,,1.0
7,hexane_dipole,16,1.0000001192092896,0.0,0.6576083978961798,0.6576083978961798,,,,1.0
7,hexane_dipole,17,1.0000001192092896,0.0,0.6576083978961798,0.6576083978961798,,,,1.0
7,hexane_dipole,18,1.0000001192092896,0.0,0.6576083978961798,0.6576083978961798,,,,1.0
7,hexane_dipole,19,1.0000001192092896,0.0,0.6576083978961798,0.6576083978961798,,,,1.0
7,hexane_dipole,20,1.0000001192092896,0.0,0.6576083978961798,0.6576083978961798,,,,1.0
7,hexane_dipole,21,1.0000001192092896,0.0,0.6576083978961798,0.6576083978961798,,,,1.0
7,hexane_dipole,22,1.0000001192092896,0.0,0.6576083978961798,0.6576083978961798,,,,1.0
7,hexane_dipole,23,1.0000001192092896,0.0,0.6576083978961798,0.6576083978961798,,,,1.0
7,hexane_dipole,24,1.0000001192092896,0.0,0.6576083978961798,0.6576083978961798,,,,1.0
7,hexane_dipole,25,1.0000001192092896,0.0,0.6576083978961798,0.6576083978961798,,,,1.0
7,hexane_dipole,26,1.0000001192092896,0.0,0.6576083978961798,0.6576083978961798,,,,1.0
7,hexane_dipole,27,1.0000001192092896,0.0,0.6576083978961798,0.6576083978961798,,,,1.0
7,hexane_dipole,28,1.0000001192092896,0.0,0.6576083978961798,0.6576083978961798,,,,1.0
7,hexane_dipole,29,1.0000001192092896,0.0,0.6576083978961798,0.6576083978961798,,,,1.0
7,hexane_dipole,30,1.0000001192092896,0.0,0.6576083978961798,0.6576083978961798,,,,1.0
7,hexane_dipole,31,1.0000001192092896,0.0,0.6576083978961798,0.6576083978961798,,,,1.0
7,hexane_dipole,32,1.0000001192092896,0.0,0.6576083978961798,0.6576083978961798,,,,1.0
7,hexane_dipole,33,1.0000001192092896,0.0,0.6576083978961798,0.6576083978961798,,,,1.0
7,hexane_dipole,34,1.0000001192092896,0.0,0.6576083978961798,0.6576083978961798,,,,1.0
7,hexane_dipole,35,1.0000001192092896,0.0,0.6576083978961798,0.6576083978961798,,,,1.0
7,hexane_dipole,36,1.0000001192092896,0.0,0.6576083978961798,0.6576083978961798,,,,1.0
7,hexane_dipole,37,1.0000001192092896,0.0,0.6576083978961798,0.6576083978961798,,,,1.0
7,hexane_dipole,38,1.0000001192092896,0.0,0.6576083978961798,0.6576083978961798,,,,1.0
7,hexane_dipole,39,1.0000001192092896,0.0,0.6576083978961798,0.6576083978961798,,,,1.0
7,hexane_dipole,40,1.0000001192092896,0.0,0.6576083978961798,0.6576083978961798,,,,1.0
7,hexane_dipole,41,1.0000001192092896,0.0,0.6576083978961798,0.6576083978961798,,,,1.0
7,hexane_dipole,42,1.0000001192092896,0.0,0.6576083978961798,0.6576083978961798,,,,1.0
7,hexane_dipole,43,1.0000001192092896,0.0,0.6576083978961798,0.6576083978961798,,,,1.0
7,hexane_dipole,44,1.0000001192092896,0.0,0.6576083978961798,0.6576083978961798,,,,1.0
7,hexane_dipole,45,1.0000001192092896,0.0,0.6576083978961798,0.6576083978961798,,,,1.0
7,hexane_dipole,46,1.0000001192092896,0.0,0.6576083978961798,0.6576083978961798,,,,1.0
7,hexane_dipole,47,1.0000001192092896,0.0,0.6576083978961798,0.6576083978961798,,,,1.0
7,hexane_dipole,48,1.0000001192092896,0.0,0.6576083978961798,0.6576083978961798,,,,1.0
7,hexane_dipole,49,1.0000001192092896,0.0,0.6576083978961798,0.6576083978961798,,,,1.0
7,hexane_dipole,50,1.0000001192092896,0.0,0.6576083978961798,0.6576083978961798,,,,1.0
7,hexane_dipole,51,1.0000001192092896,0.0,0.6576083978961798,0.6576083978961798,,,,1.0
7,hexane_dipole,52,1.0000001192092896,0.0,0.6576083978961798,0.6576083978961798,,,,1.0
7,hexane_dipole,53,1.0000001192092896,0.0,0.6576083978961798,0.6576083978961798,,,,1.0
7,hexane_dipole,54,1.0000001192092896,0.0,0.6576083978961798,0.6576083978961798,,,,1.0
7,hexane_dipole,55,1.0000001192092896,0.0,0.6576083978961798,0.6576083978961798,,,,1.0
7,hexane_dipole,56,1.0000001192092896,0.0,0.6576083978961798,0.6576083978961798,,,,1.0
7,hexane_dipole,57,1.0000001192092896,0.0,0.6576083978961798,0.6576083978961798,,,,1.0
7,hexane_dipole,58,1.0000001192092896,0.0,0.6576083978961798,0.6576083978961798,,,,1.0
7,hexane_dipole,59,1.0000001192092896,0.0,0.6576083978961798,0.6576083978961798,,,,1.0
7,hexane_dipole,60,1.0000001192092896,0.0,0.6576083978961798,0.6576083978961798,,,,1.0
7,hexane_dipole,61,1.0000001192092896,0.0,0.6576083978961798,0.6576083978961798,,,,1.0
7,hexane_dipole,62,1.0000001192092896,0.0,0.6576083978961798,0.6576083978961798,,,,1.0
7,hexane_dipole,63,1.0000001192092896,0.0,0.6576083978961798,0.6576083978961798,,,,1.0
7,hexane_dipole,64,1.0000001192092896,0.0,0.6576083978961798,0.6576083978961798,,,,1.0
7,hexane_dipole,65,1.0000001192092896,0.0,0.6576083978961798,0.6576083978961798,,,,1.0
7,hexane_dipole,66,1.0000001192092896,0.0,0.6576083978961798,0.6576083978961798,,,,1.0
7,hexane_dipole,67,1.0000001192092896,0.0,0.6576083978961798,0.6576083978961798,,,,1.0
7,hexane_dipole,68,1.0000001192092896,0.0,0.6576083978961798,0.6576083978961798,,,,1.0
7,hexane_dipole,69,1.0000001192092896,0.0,0.6576083978961798,0.6576083978961798,,,,1.0
7,hexane_dipole,70,1.0000001192092896,0.0,0.6576083978961798,0.6576083978961798,,,,1.0
7,hexane_dipole,71,1.0000001192092896,0.0,0.6576083978961798,0.6576083978961798,,,,1.0
7,hexane_dipole,72,1.0000001192092896,0.0,0.6576083978961798,0.6576083978961798,,,,1.0
7,hexane_dipole,73,1.0000001192092896,0.0,0.6576083978961798,0.6576083978961798,,,,1.0
7,hexane_dipole,74,1.0000001192092896,0.0,0.6576083978961798,0.6576083978961798,,,,1.0
7,hexane_dipole,75,1.0000001192092896,0.0,0.6576083978961798,0.6576083978961798,,,,1.0
7,hexane_dipole,76,1.0000001192092896,0.0,0.6576083978961798,0.6576083978961798,,,,1.0
7,hexane_dipole,77,1.0000001192092896,0.0,0.6576083978961798,0.6576083978961798,,,,1.0
7,hexane_dipole,78,1.0000001192092896,0.0,0.6576083978961798,0.6576083978961798,,,,1.0
7,hexane_dipole,79,1.0000001192092896,0.0,0.6576083978961798,0.6576083978961798,,,,1.0
7,hexane_dipole,80,1.0000001192092896,0.0,0.6576083978961798,0.6576083978961798,,,,1.0
7,hexane_dipole,81,1.0000001192092896,0.0,0.6576083978961798,0.6576083978961798,,,,1.0
7,hexane_dipole,82,1.0000001192092896,0.0,0.6576083978961798,0.6576083978961798,,,,1.0
7,hexane_dipole,83,1.0000001192092896,0.0,0.6576083978961798,0.6576083978961798,,,,1.0
7,hexane_dipole,84,1.0000001192092896,0.0,0.6576083978961798,0.6576083978961798,,,,1.0
7,hexane_dipole,85,1.0000001192092896,0.0,0.6576083978961798,0.6576083978961798,,,,1.0
7,hexane_dipole,86,1.0000001192092896,0.0,0.6576083978961798,0.6576083978961798,,,,1.0
7,hexane_dipole,87,1.0000001192092896,0.0,0.6576083978961798,0.6576083978961798,,,,1.0
7,hexane_dipole,88,1.0000001192092896,0.0,0.6576083978961798,0.6576083978961798,,,,1.0
7,hexane_dipole,89,1.0000001192092896,0.0,0.6576083978961798,0.6576083978961798,,,,1.0
7,hexane_dipole,90,1.0000001192092896,0.0,0.6576083978961798,0.6576083978961798,,,,1.0
7,hexane_dipole,91,1.0000001192092896,0.0,0.6576083978961798,0.6576083978961798,,,,1.0
7,hexane_dipole,92,1.0000001192092896,0.0,0.6576083978961798,0.6576083978961798,,,,1.0
7,hexane_dipole,93,1.0000001192092896,0.0,0.6576083978961798,0.6576083978961798,,,,1.0
7,hexane_dipole,94,1.0000001192092896,0.0,0.6576083978961798,0.6576083978961798,,,,1.0
7,hexane_dipole,95,1.0000001192092896,0.0,0.6576083978961798,0.6576083978961798,,,,1.0
7,hexane_dipole,96,1.0000001192092896,0.0,0.6576083978961798,0.6576083978961798,,,,1.0
7,hexane_dipole,97,1.0000001192092896,0.0,0.6576083978961798,0.6576083978961798,,,,1.0
7,hexane_dipole,98,1.0000001192092896,0.0,0.6576083978961798,0.6576083978961798,,,,1.0
7,hexane_dipole,99,1.0000001192092896,0.0,0.6576083978961798,0.6576083978961798,,,,1.0
7,hexane_dipole,100,1.0000001192092896,0.0,0.6576083978961798,0.6576083978961798,,,,1.0
7,hexane_dipole,101,1.0000001192092896,0.0,0.6576083978961798,0.6576083978961798,,,,1.0
7,hexane_dipole,102,1.0000001192092896,0.0,0.6576083978961798,0.6576083978961798,,,,1.0
7,hexane_dipole,103,1.0000001192092896,0.0,0.6576083978961798,0.6576083978961798,,,,1.0
7,hexane_dipole,104,1.0000001192092896,0.0,0.6576083978961798,0.6576083978961798,,,,1.0
7,hexane_dipole,105,1.0000001192092896,0.0,0.6576083978961798,0.6576083978961798,,,,1.0
7,hexane_dipole,106,1.0000001192092896,0.0,0.6576083978961798,0.6576083978961798,,,,1.0
7,hexane_dipole,107,1.0000001192092896,0.0,0.6576083978961798,0.6576083978961798,,,,1.0
7,hexane_dipole,108,1.0000001192092896,0.0,0.6576083978961798,0.6576083978961798,,,,1.0
7,hexane_dipole,109,1.0000001192092896,0.0,0.6576083978961798,0.6576083978961798,,,,1.0
7,hexane_dipole,110,1.0000001192092896,0.0,0.6576083978961798,0.6576083978961798,,,,1.0
7,hexane_dipole,111,1.0000001192092896,0.0,0.6576083978961798,0.6576083978961798,,,,1.0
7,hexane_dipole,112,1.0000001192092896,0.0,0.6576083978961798,0.6576083978961798,,,,1.0
7,hexane_dipole,113,1.0000001192092896,0.0,0.6576083978961798,0.6576083978961798,,,,1.0
7,hexane_dipole,114,1.0000001192092896,0.0,0.6576083978961798,0.6576083978961798,,,,1.0
7,hexane_dipole,115,1.0000001192092896,0.0,0.6576083978961798,0.6576083978961798,,,,1.0
7,hexane_dipole,116,1.0000001192092896,0.0,0.6576083978961798,0.6576083978961798,,,,1.0
7,hexane_dipole,117,1.0000001192092896,0.0,0.6576083978961798,0.6576083978961798,,,,1.0
7,hexane_dipole,118,1.0000001192092896,0.0,0.6576083978961798,0.6576083978961798,,,,1.0
7,hexane_dipole,119,1.0000001192092896,0.0,0.6576083978961798,0.6576083978961798,,,,1.0
7,hexane_dipole,120,1.0000001192092896,0.0,0.6576083978961798,0.6576083978961798,,,,1.0
7,hexane_dipole,121,1.0000001192092896,0.0,0.6576083978961798,0.6576083978961798,,,,1.0
7,hexane_dipole,122,1.0000001192092896,0.0,0.6576083978961798,0.6576083978961798,,,,1.0
7,hexane_dipole,123,1.0000001192092896,0.0,0.6576083978961798,0.6576083978961798,,,,1.0
7,hexane_dipole,124,1.0000001192092896,0.0,0.6576083978961798,0.6576083978961798,,,,1.0
7,hexane_dipole,125,1.0000001192092896,0.0,0.6576083978961798,0.6576083978961798,,,,1.0
7,hexane_dipole,126,1.0000001192092896,0.0,0.6576083978961798,0.6576083978961798,,,,1.0
7,hexane_dipole,127,1.0000001192092896,0.0,0.6576083978961798,0.6576083978961798,,,,1.0
7,hexane_dipole,128,1.0000001192092896,0.0,0.6576083978961798,0.6576083978961798,,,,1.0
7,hexane_dipole,129,1.0000001192092896,0.0,0.6576083978961798,0.6576083978961798,,,,1.0
7,hexane_dipole,130,1.0000001192092896,0.0,0.6576083978961798,0.6576083978961798,,,,1.0
7,hexane_dipole,131,1.0000001192092896,0.0,0.6576083978961798,0.6576083978961798,,,,1.0
7,hexane_dipole,132,1.0000001192092896,0.0,0.6576083978961798,0.6576083978961798,,,,1.0
7,hexane_dipole,133,1.0000001192092896,0.0,0.6576083978961798,0.6576083978961798,,,,1.0
7,hexane_dipole,134,1.0000001192092896,0.0,0.6576083978961798,0.6576083978961798,,,,1.0
7,hexane_dipole,135,1.0000001192092896,0.0,0.6576083978961798,0.6576083978961798,,,,1.0
7,hexane_dipole,136,1.0000001192092896,0.0,0.6576083978961798,0.6576083978961798,,,,1.0
7,hexane_dipole,137,1.0000001192092896,0.0,0.6576083978961798,0.6576083978961798,,,,1.0
7,hexane_dipole,138,1.0000001192092896,0.0,0.6576083978961798,0.6576083978961798,,,,1.0
7,hexane_dipole,139,1.0000001192092896,0.0,0.6576083978961798,0.6576083978961798,,,,1.0
7,hexane_dipole,140,1.0000001192092896,0.0,0.6576083978961798,0.6576083978961798,,,,1.0
7,hexane_dipole,141,1.0000001192092896,0.0,0.6576083978961798,0.6576083978961798,,,,1.0
7,hexane_dipole,142,1.0000001192092896,0.0,0.6576083978961798,0.6576083978961798,,,,1.0
7,hexane_dipole,143,1.0000001192092896,0.0,0.6576083978961798,0.6576083978961798,,,,1.0
7,hexane_dipole,144,1.0000001192092896,0.0,0.6576083978961798,0.6576083978961798,,,,1.0
7,hexane_dipole,145,1.0000001192092896,0.0,0.6576083978961798,0.6576083978961798,,,,1.0
7,hexane_dipole,146,1.0000001192092896,0.0,0.6576083978961798,0.6576083978961798,,,,1.0
7,hexane_dipole,147,1.0000001192092896,0.0,0.6576083978961798,0.6576083978961798,,,,1.0
7,hexane_dipole,148,1.0000001192092896,0.0,0.6576083978961798,0.6576083978961798,,,,1.0
7,hexane_dipole,149,1.0000001192092896,0.0,0.6576083978961798,0.6576083978961798,,,,1.0
7,hexane_dipole,150,1.0000001192092896,0.0,0.6576083978961798,0.6576083978961798,,,,1.0
7,hexane_dipole,151,1.0000001192092896,0.0,0.6576083978961798,0.6576083978961798,,,,1.0
7,hexane_dipole,152,1.0000001192092896,0.0,0.6576083978961798,0.6576083978961798,,,,1.0
7,hexane_dipole,153,1.0000001192092896,0.0,0.6576083978961798,0.6576083978961798,,,,1.0
7,hexane_dipole,154,1.0000001192092896,0.0,0.6576083978961798,0.6576083978961798,,,,1.0
7,hexane_dipole,155,1.0000001192092896,0.0,0.6576083978961798,0.6576083978961798,,,,1.0
7,hexane_dipole,156,1.0000001192092896,0.0,0.6576083978961798,0.6576083978961798,,,,1.0
7,hexane_dipole,157,1.0000001192092896,0.0,0.6576083978961798,0.6576083978961798,,,,1.0
7,hexane_dipole,158,1.0000001192092896,0.0,0.6576083978961798,0.6576083978961798,,,,1.0
7,hexane_dipole,159,1.0000001192092896,0.0,0.6576083978961798,0.6576083978961798,,,,1.0
7,hexane_dipole,160,1.0000001192092896,0.0,0.6576083978961798,0.6576083978961798,,,,1.0
7,hexane_dipole,161,1.0000001192092896,0.0,0.6576083978961798,0.6576083978961798,,,,1.0
7,hexane_dipole,162,1.0000001192092896,0.0,0.6576083978961798,0.6576083978961798,,,,1.0
7,hexane_dipole,163,1.0000001192092896,0.0,0.6576083978961798,0.6576083978961798,,,,1.0
7,hexane_dipole,164,1.0000001192092896,0.0,0.6576083978961798,0.6576083978961798,,,,1.0
7,hexane_dipole,165,1.0000001192092896,0.0,0.6576083978961798,0.6576083978961798,,,,1.0
7,hexane_dipole,166,1.0000001192092896,0.0,0.6576083978961798,0.6576083978961798,,,,1.0
7,hexane_dipole,167,1.0000001192092896,0.0,0.6576083978961798,0.6576083978961798,,,,1.0
7,hexane_dipole,168,1.0000001192092896,0.0,0.6576083978961798,0.6576083978961798,,,,1.0
7,hexane_dipole,169,1.0000001192092896,0.0,0.6576083978961798,0.6576083978961798,,,,1.0
7,hexane_dipole,170,1.0000001192092896,0.0,0.6576083978961798,0.6576083978961798,,,,1.0
7,hexane_dipole,171,1.0000001192092896,0.0,0.6576083978961798,0.6576083978961798,,,,1.0
7,hexane_dipole,172,1.0000001192092896,0.0,0.6576083978961798,0.6576083978961798,,,,1.0
7,hexane_dipole,173,1.0000001192092896,0.0,0.6576083978961798,0.6576083978961798,,,,1.0
7,hexane_dipole,174,1.0000001192092896,0.0,0.6576083978961798,0.6576083978961798,,,,1.0
7,hexane_dipole,175,1.0000001192092896,0.0,0.6576083978961798,0.6576083978961798,,,,1.0
7,hexane_dipole,176,1.0000001192092896,0.0,0.6576083978961798,0.6576083978961798,,,,1.0
7,hexane_dipole,177,1.0000001192092896,0.0,0.6576083978961798,0.6576083978961798,,,,1.0
7,hexane_dipole,178,1.0000001192092896,0.0,0.6576083978961798,0.6576083978961798,,,,1.0
7,hexane_dipole,179,1.0000001192092896,0.0,0.6576083978961798,0.6576083978961798,,,,1.0
7,hexane_dipole,180,1.0000001192092896,0.0,0.6576083978961798,0.6576083978961798,,,,1.0
7,hexane_dipole,181,1.0000001192092896,0.0,0.6576083978961798,0.6576083978961798,,,,1.0
7,hexane_dipole,182,1.0000001192092896,0.0,0.6576083978961798,0.6576083978961798,,,,1.0
7,hexane_dipole,183,1.0000001192092896,0.0,0.6576083978961798,0.6576083978961798,,,,1.0
7,hexane_dipole,184,1.0000001192092896,0.0,0.6576083978961798,0.6576083978961798,,,,1.0
7,hexane_dipole,185,1.0000001192092896,0.0,0.6576083978961798,0.6576083978961798,,,,1.0
7,hexane_dipole,186,1.0000001192092896,0.0,0.6576083978961798,0.6576083978961798,,,,1.0
7,hexane_dipole,187,1.0000001192092896,0.0,0.6576083978961798,0.6576083978961798,,,,1.0
7,hexane_dipole,188,1.0000001192092896,0.0,0.6576083978961798,0.6576083978961798,,,,1.0
7,hexane_dipole,189,1.0000001192092896,0.0,0.6576083978961798,0.6576083978961798,,,,1.0
7,hexane_dipole,190,1.0000001192092896,0.0,0.6576083978961798,0.6576083978961798,,,,1.0
7,hexane_dipole,191,1.0000001192092896,0.0,0.6576083978961798,0.6576083978961798,,,,1.0
7,hexane_dipole,192,1.0000001192092896,0.0,0.6576083978961798,0.6576083978961798,,,,1.0
7,hexane_dipole,193,1.0000001192092896,0.0,0.6576083978961798,0.6576083978961798,,,,1.0
7,hexane_dipole,194,1.0000001192092896,0.0,0.6576083978961798,0.6576083978961798,,,,1.0
7,hexane_dipole,195,1.0000001192092896,0.0,0.6576083978961798,0.6576083978961798,,,,1.0
7,hexane_dipole,196,1.0000001192092896,0.0,0.6576083978961798,0.6576083978961798,,,,1.0
7,hexane_dipole,197,1.0000001192092896,0.0,0.6576083978961798,0.6576083978961798,,,,1.0
7,hexane_dipole,198,1.0000001192092896,0.0,0.6576083978961798,0.6576083978961798,,,,1.0
7,hexane_dipole,199,1.0000001192092896,0.0,0.6576083978961798,0.6576083978961798,,,,1.0
7,hexane_dipole,200,1.0000001192092896,0.0,0.6576083978961798,0.6576083978961798,,,,1.0
7,hexane_dipole,201,1.0000001192092896,0.0,0.6576083978961798,0.6576083978961798,,,,1.0
7,hexane_dipole,202,1.0000001192092896,0.0,0.6576083978961798,0.6576083978961798,,,,1.0
7,hexane_dipole,203,1.0000001192092896,0.0,0.6576083978961798,0.6576083978961798,,,,1.0
7,hexane_dipole,204,1.0000001192092896,0.0,0.6576083978961798,0.6576083978961798,,,,1.0
7,hexane_dipole,205,1.0000001192092896,0.0,0.6576083978961798,0.6576083978961798,,,,1.0
7,hexane_dipole,206,1.0000001192092896,0.0,0.6576083978961798,0.6576083978961798,,,,1.0
7,hexane_dipole,207,1.0000001192092896,0.0,0.6576083978961798,0.6576083978961798,,,,1.0
7,hexane_dipole,208,1.0000001192092896,0.0,0.6576083978961798,0.6576083978961798,,,,1.0
7,hexane_dipole,209,1.0000001192092896,0.0,0.6576083978961798,0.6576083978961798,,,,1.0
7,hexane_dipole,210,1.0000001192092896,0.0,0.6576083978961798,0.6576083978961798,,,,1.0
7,hexane_dipole,211,1.0000001192092896,0.0,0.6576083978961798,0.6576083978961798,,,,1.0
7,hexane_dipole,212,1.0000001192092896,0.0,0.6576083978961798,0.6576083978961798,,,,1.0
7,hexane_dipole,213,1.0000001192092896,0.0,0.6576083978961798,0.6576083978961798,,,,1.0
7,hexane_dipole,214,1.0000001192092896,0.0,0.6576083978961798,0.6576083978961798,,,,1.0
7,hexane_dipole,215,1.0000001192092896,0.0,0.6576083978961798,0.6576083978961798,,,,1.0
7,hexane_dipole,216,1.0000001192092896,0.0,0.6576083978961798,0.6576083978961798,,,,1.0
7,hexane_dipole,217,1.0000001192092896,0.0,0.6576083978961798,0.6576083978961798,,,,1.0
7,hexane_dipole,218,1.0000001192092896,0.0,0.6576083978961798,0.6576083978961798,,,,1.0
7,hexane_dipole,219,1.0000001192092896,0.0,0.6576083978961798,0.6576083978961798,,,,1.0
7,hexane_dipole,220,1.0000001192092896,0.0,0.6576083978961798,0.6576083978961798,,,,1.0
7,hexane_dipole,221,1.0000001192092896,0.0,0.6576083978961798,0.6576083978961798,,,,1.0
7,hexane_dipole,222,1.0000001192092896,0.0,0.6576083978961798,0.6576083978961798,,,,1.0
7,hexane_dipole,223,1.0000001192092896,0.0,0.6576083978961798,0.6576083978961798,,,,1.0
7,hexane_dipole,224,1.0000001192092896,0.0,0.6576083978961798,0.6576083978961798,,,,1.0
7,hexane_dipole,225,1.0000001192092896,0.0,0.6576083978961798,0.6576083978961798,,,,1.0
7,hexane_dipole,226,1.0000001192092896,0.0,0.6576083978961798,0.6576083978961798,,,,1.0
7,hexane_dipole,227,1.0000001192092896,0.0,0.6576083978961798,0.6576083978961798,,,,1.0
7,hexane_dipole,228,1.0000001192092896,0.0,0.6576083978961798,0.6576083978961798,,,,1.0
7,hexane_dipole,229,1.0000001192092896,0.0,0.6576083978961798,0.6576083978961798,,,,1.0
7,hexane_dipole,230,1.0000001192092896,0.0,0.6576083978961798,0.6576083978961798,,,,1.0
7,hexane_dipole,231,1.0000001192092896,0.0,0.6576083978961798,0.6576083978961798,,,,1.0
7,hexane_dipole,232,1.0000001192092896,0.0,0.6576083978961798,0.6576083978961798,,,,1.0
7,hexane_dipole,233,1.0000001192092896,0.0,0.6576083978961798,0.6576083978961798,,,,1.0
7,hexane_dipole,234,1.0000001192092896,0.0,0.6576083978961798,0.6576083978961798,,,,1.0
7,hexane_dipole,235,1.0000001192092896,0.0,0.6576083978961798,0.6576083978961798,,,,1.0
7,hexane_dipole,236,1.0000001192092896,0.0,0.6576083978961798,0.6576083978961798,,,,1.0
7,hexane_dipole,237,1.0000001192092896,0.0,0.6576083978961798,0.6576083978961798,,,,1.0
7,hexane_dipole,238,1.0000001192092896,0.0,0.6576083978961798,0.6576083978961798,,,,1.0
7,hexane_dipole,239,1.0000001192092896,0.0,0.6576083978961798,0.6576083978961798,,,,1.0
7,hexane_dipole,240,1.0000001192092896,0.0,0.6576083978961798,0.6576083978961798,,,,1.0
7,hexane_dipole,241,1.0000001192092896,0.0,0.6576083978961798,0.6576083978961798,,,,1.0
7,hexane_dipole,242,1.0000001192092896,0.0,0.6576083978961798,0.6576083978961798,,,,1.0
7,hexane_dipole,243,1.0000001192092896,0.0,0.6576083978961798,0.6576083978961798,,,,1.0
7,hexane_dipole,244,1.0000001192092896,0.0,0.6576083978961798,0.6576083978961798,,,,1.0
7,hexane_dipole,245,1.0000001192092896,0.0,0.6576083978961798,0.6576083978961798,,,,1.0
7,hexane_dipole,246,1.0000001192092896,0.0,0.6576083978961798,0.6576083978961798,,,,1.0
7,hexane_dipole,247,1.0000001192092896,0.0,0.6576083978961798,0.6576083978961798,,,,1.0
7,hexane_dipole,248,1.0000001192092896,0.0,0.6576083978961798,0.6576083978961798,,,,1.0
7,hexane_dipole,249,1.0000001192092896,0.0,0.6576083978961798,0.6576083978961798,,,,1.0
8,sco_kcal,0,0.19065900146961212,0.06362317502498627,0.607590744846602,0.903432537014945,11.76180362701416,2.3130149841308594,0.19665478675552747,0.02
8,sco_kcal,1,0.4060455560684204,0.06548424810171127,0.6121400303171887,0.9229661613973019,10.883959770202637,4.0568413734436035,0.3727357927718685,0.26
8,sco_kcal,2,0.3051513731479645,0.013596201315522194,0.6365575565605557,0.9521869094710564,2.6175572872161865,0.5567821860313416,0.21271060188466331,0.1
8,sco_kcal,3,0.5818174481391907,0.00347715406678617,0.6519129051803167,0.9522577067898172,0.6658010482788086,0.39303353428840637,0.5903167850282822,0.4
8,sco_kcal,4,0.1414431929588318,0.00907998625189066,0.6753309095078524,0.9520296932556049,2.040673017501831,0.12663540244102478,0.06205570483606943,0.06
8,sco_kcal,5,0.0967504233121872,0.022548777982592583,0.6535458325648529,0.962890647091301,4.374366760253906,0.1821821630001068,0.04164766536163333,0.02
8,sco_kcal,6,0.5698835849761963,0.016631780192255974,0.6406025995102014,0.900681322933627,3.2287979125976562,1.8507518768310547,0.5732015217211517,0.4
8,sco_kcal,7,0.8332858085632324,0.01094185933470726,0.6876736892674806,0.9116765478411883,2.11635684967041,2.562283754348755,1.2107049691302254,0.78
8,sco_kcal,8,0.09598810970783234,0.035815369337797165,0.6191709099246603,0.9439037394035958,6.647446155548096,0.17434529960155487,0.026227410575720526,0.04
8,sco_kcal,9,0.5768365859985352,0.027728060260415077,0.6474199401988927,0.9535847007685694,5.216001033782959,2.1827778816223145,0.4184772716655756,0.46
8,sco_kcal,10,0.3285236358642578,0.034017954021692276,0.6345208145946837,0.9316562914241333,6.412805557250977,1.8539469242095947,0.28910075436691385,0.14
8,sco_kcal,11,0.3481961488723755,0.4066118896007538,0.6284134174036178,0.9788908089835544,76.12474060058594,2.7758145332336426,0.03646402616723369,0.24
8,sco_kcal,12,0.2564874291419983,2.111250638961792,0.5988093264026617,0.9734213913541316,385.5428466796875,2.4080657958984375,0.006245909674208222,0.3
8,sco_kcal,13,0.15438033640384674,0.014840730465948582,0.6317572786402268,0.9372606750356356,2.7743375301361084,0.15401649475097656,0.055514692454677834,0.04
8,sco_kcal,14,0.059739693999290466,0.020399363711476326,0.630936950946499,0.9558751623109609,3.6694517135620117,0.08990343660116196,0.02450050950905983,0.1
8,sco_kcal,15,0.19390736520290375,0.006352970842272043,0.6304234372963771,0.9570222689259671,1.2133897542953491,0.10910247266292572,0.08991543918737364,0.08
8,sco_kcal,16,0.09184236824512482,0.014357331208884716,0.6347045160772271,0.9727278182349473,2.575451374053955,0.16761977970600128,0.06508365150849464,0.02
8,sco_kcal,17,0.07370469719171524,0.041025564074516296,0.591792525231333,0.9678926369236918,6.592624664306641,0.10478555411100388,0.01589436066007625,0.1
8,sco_kcal,18,0.10855681449174881,0.02546530030667782,0.625536551046274,0.9767396328225364,4.774771690368652,0.3297979533672333,0.0690709367387093,0.02
8,sco_kcal,19,0.7797210812568665,0.009694698266685009,0.6790573821160797,0.9192442634400937,1.7720210552215576,2.083068609237671,1.1755326513189894,0.64
8,sco_kcal,20,0.1281171441078186,0.01628212444484234,0.6403546701850109,0.9498010237629595,3.1400766372680664,0.25804048776626587,0.0821764936255717,0.06
8,sco_kcal,21,0.17873436212539673,0.00430459575727582,0.6412091299202987,0.9460698723552821,0.9071677327156067,0.07634490728378296,0.08415743255687068,0.08
8,sco_kcal,22,0.019586138427257538,0.09226061403751373,0.6116639351544435,0.9583518727232956,16.971118927001953,0.02682453952729702,0.0015805993489691331,0.06
8,sco_kcal,23,0.4218353033065796,0.023742832243442535,0.6259711122855405,0.9275354369995583,4.488306522369385,1.5699585676193237,0.34978862512949316,0.24
8,sco_kcal,24,0.27259209752082825,0.05563000962138176,0.6072322560249406,0.9165692624833786,10.344171524047852,2.3811850547790527,0.2301958208294727,0.04
8,sco_kcal,25,0.16364018619060516,0.015652280300855637,0.6297109385260125,0.9711893424254365,2.8965184688568115,0.09092406928539276,0.03139081288899165,0.06
8,sco_kcal,26,0.42589980363845825,0.15753082931041718,0.6458234564191585,0.9797465656191231,30.925186157226562,1.3328943252563477,0.04310060797952152,0.46
8,sco_kcal,27,0.03991997614502907,0.03215426579117775,0.6081113668573839,0.9712973647649992,5.412601470947266,0.09035146981477737,0.016692799257390156,0.08
8,sco_kcal,28,0.8054227828979492,0.011908741667866707,0.6937291516410775,0.909205727341752,2.5505881309509277,2.7360355854034424,1.0727077226629196,0.7
8,sco_kcal,29,0.1981745809316635,0.02515806257724762,0.6324438777151729,0.9756499237201548,4.502179145812988,0.2657833695411682,0.05903438333597762,0.14
8,sco_kcal,30,0.2734748423099518,0.04370548576116562,0.6027541781585224,0.9229698874101617,7.614950656890869,1.3118103742599487,0.17226774451557006,0.1
8,sco_kcal,31,0.05739856883883476,0.034547626972198486,0.6290354697097804,0.9773611570878582,6.452657222747803,0.15117856860160828,0.023428885710626717,0.04
8,sco_kcal,32,0.12906497716903687,0.05934583768248558,0.607534459744393,0.9112916245446805,10.839794158935547,1.158156156539917,0.10684300269532483,0.02
8,sco_kcal,33,0.2709030210971832,0.04550548270344734,0.6000216394498195,0.905165189804779,8.329497337341309,2.0064802169799805,0.24088851172145626,0.04
8,sco_kcal,34,0.22158093750476837,0.05981554463505745,0.6234983930218729,0.964862002050733,11.261395454406738,0.20411665737628937,0.018125343187057313,0.16
8,sco_kcal,35,0.5359194874763489,0.02811037190258503,0.6439214124738091,0.9288357313532976,4.98227071762085,2.557455539703369,0.5133112359106439,0.56
8,sco_kcal,36,0.11632145196199417,0.0140610933303833,0.6340128960715159,0.9584185713440081,2.694855213165283,0.25175759196281433,0.09342156518572611,0.02
8,sco_kcal,37,0.11530158668756485,0.005724282003939152,0.6255635330649931,0.9617328651535348,1.0843639373779297,0.11349650472402573,0.10466643237736997,0.06
8,sco_kcal,38,0.40637660026550293,0.016199618577957153,0.622895842793195,0.914931919185241,2.938732385635376,1.1265593767166138,0.3833487466307835,0.26
8,sco_kcal,39,0.1061798557639122,0.026935484260320663,0.628495060773741,0.9578362294104639,4.988626003265381,0.24697396159172058,0.04950741174625238,0.04
8,sco_kcal,40,0.11124859005212784,0.041908539831638336,0.6084435171334934,0.9665537097595676,7.448347568511963,0.3352363109588623,0.045008145481298494,0.0
8,sco_kcal,41,0.17862513661384583,0.010667608119547367,0.6299213573186853,0.9565615849801106,1.8583388328552246,0.06406884640455246,0.034476407247065154,0.18
8,sco_kcal,42,0.35801583528518677,1.3897135257720947,0.6650930059144813,0.966250120603072,289.6986389160156,13.587060928344727,0.04690067229581859,0.22
8,sco_kcal,43,0.48965537548065186,0.02442343346774578,0.6314453178348418,0.8911345525689807,4.423787593841553,1.9318528175354004,0.4366965584479628,0.28
8,sco_kcal,44,0.6316613554954529,0.017029235139489174,0.6533142949551947,0.9182317857001439,3.040252923965454,2.482445001602173,0.816525816662739,0.44
8,sco_kcal,45,0.14233271777629852,0.013398096896708012,0.6294369412940564,0.9750876169636709,2.339860677719116,0.06588983535766602,0.028159725912354352,0.1
8,sco_kcal,46,0.20840135216712952,0.013645036146044731,0.628607808935647,0.9724594739110861,2.574633836746216,0.21916311979293823,0.08512399575619395,0.08
8,sco_kcal,47,0.1556795984506607,0.02210341766476631,0.6193076619228048,0.943548638602711,3.9896204471588135,0.08510971814393997,0.02133278573016899,0.1
8,sco_kcal,48,0.5559072494506836,0.0118565047159791,0.6452423402641076,0.9337151260224485,2.3925881385803223,0.9135212898254395,0.38181301457403816,0.36
8,sco_kcal,49,0.9733807444572449,0.027309611439704895,0.6443981081861772,0.9422404205634725,5.0499186515808105,20.130783081054688,3.9863578940530084,0.04
8,sco_kcal,50,0.3381136655807495,0.015388683415949345,0.654941547337081,0.9395011294629774,3.1791465282440186,0.5467827320098877,0.17199041539991541,0.28
8,sco_kcal,51,0.8033676147460938,0.009818213060498238,0.6805919842689041,0.9013373149718651,1.859939694404602,2.0721547603607178,1.1140978208027597,0.74
8,sco_kcal,52,0.19479069113731384,0.10817684978246689,0.6049821840988017,0.9217909681952203,19.271133422851562,3.2363979816436768,0.16794019898206822,0.0
8,sco_kcal,53,0.23330916464328766,0.005051621235907078,0.6301344574077616,0.9692272765066259,0.9674798250198364,0.2170320600271225,0.22432722049028014,0.08
8,sco_kcal,54,0.11557014286518097,0.015771370381116867,0.6263209407335042,0.9614798306909471,2.9969260692596436,0.24608594179153442,0.08211278360040665,0.06
8,sco_kcal,55,0.3406868577003479,0.003994874190539122,0.6409930970275601,0.9788814011550051,0.7478627562522888,0.22067891061306,0.2950794230199836,0.26
8,sco_kcal,56,0.11334339529275894,0.012101207859814167,0.6269228294395934,0.9650187512433341,2.356137275695801,0.12231016904115677,0.05191130852298784,0.02
8,sco_kcal,57,0.11886042356491089,0.014433874748647213,0.6176800329962169,0.9700996291980455,2.6980931758880615,0.08245828747749329,0.03056169009076294,0.04
8,sco_kcal,58,0.22212441265583038,0.028286611661314964,0.6278238833045937,0.9465573441358823,5.361792087554932,1.015641212463379,0.18942196860276403,0.04
8,sco_kcal,59,0.5246809720993042,0.024957431480288506,0.6473768918097762,0.9305018662175606,4.712749004364014,2.527883529663086,0.5363925656389215,0.26
8,sco_kcal,60,0.16593974828720093,0.04729366675019264,0.612885259612824,0.9063999016613489,8.563215255737305,1.0359283685684204,0.12097422961245245,0.02
8,sco_kcal,61,0.10978733748197556,0.013145248405635357,0.6341070987919595,0.9675805825781221,2.3551318645477295,0.18216122686862946,0.07734650853769116,0.1
8,sco_kcal,62,0.17466120421886444,0.014488383196294308,0.6326332068261189,0.9511001984456218,2.6069231033325195,0.21926194429397583,0.08410756113737522,0.04
8,sco_kcal,63,0.13352246582508087,0.0163764338940382,0.636628536911547,0.9523779241125165,2.955132007598877,0.053343433886766434,0.01805111709040348,0.08
8,sco_kcal,64,0.22048746049404144,0.020938297733664513,0.6176845164065223,0.9629574548723392,3.8744759559631348,0.044998347759246826,0.011614047492020359,0.24
8,sco_kcal,65,0.1079280897974968,0.025420095771551132,0.6125366864385351,0.954781872021097,4.455904960632324,0.1616019457578659,0.03626691933190008,0.06
8,sco_kcal,66,0.10198163986206055,0.017625873908400536,0.6264121709251897,0.9744577359381836,3.2665135860443115,0.09978876262903214,0.0305490119665703,0.04
8,sco_kcal,67,0.717141330242157,0.01107538491487503,0.6708988025315408,0.9317580943730994,2.2036917209625244,1.923622488975525,0.8729090692119715,0.66
8,sco_kcal,68,0.11095543205738068,0.025655051693320274,0.6128809469312317,0.9458934147127729,4.360813617706299,0.09760544449090958,0.02238239306871549,0.08
8,sco_kcal,69,0.04052644222974777,0.05119955912232399,0.6249714745387989,0.9466151549476249,9.504782676696777,0.100348100066185,0.010557642765700693,0.02
8,sco_kcal,70,0.7194006443023682,0.026873435825109482,0.6565998778699862,0.906357852156606,5.097935199737549,4.6560444831848145,0.9133196678185546,0.52
8,sco_kcal,71,0.2639804482460022,0.014856347814202309,0.6292792037339345,0.932676636235918,2.794950008392334,0.7049624919891357,0.2522272276328237,0.14
8,sco_kcal,72,0.2500321567058563,0.030634334310889244,0.6293175331829277,0.9630811273100677,5.778412818908691,0.36512917280197144,0.0631884886464255,0.2
8,sco_kcal,73,0.17827260494232178,0.07146424800157547,0.6324152619231194,0.9321988622717037,12.798995018005371,1.2932164669036865,0.10104046959034013,0.08
8,sco_kcal,74,0.11537815630435944,0.023206815123558044,0.6282228738575095,0.9428269663221946,4.3877339363098145,0.3091105818748474,0.07044879802689599,0.06
8,sco_kcal,75,0.9477545022964478,0.003972460050135851,0.7571506998094304,0.9213033509830137,0.9058604836463928,1.9570037126541138,2.1603809283925446,0.92
8,sco_kcal,76,0.12350761145353317,0.02594173699617386,0.6269057349416312,0.9635700496659487,4.757782459259033,0.2376904934644699,0.04995825166447129,0.06
8,sco_kcal,77,0.9663352370262146,0.0050588808953762054,0.7703094239487684,0.9029355221551825,1.709553837776184,2.951718807220459,1.7266018431218895,0.8
8,sco_kcal,78,0.2420395463705063,0.019216466695070267,0.6352144739731354,0.9627977995687682,3.758735179901123,0.5974149107933044,0.15894041005810364,0.12
8,sco_kcal,79,0.27884840965270996,0.012173810973763466,0.6300494527874165,0.9393836102337401,2.1234936714172363,0.5183848142623901,0.24411884115313423,0.16
8,sco_kcal,80,0.3705967962741852,0.03153970092535019,0.6173498671908484,0.9156230026129695,5.537742614746094,1.4547383785247803,0.26269519544860254,0.18
8,sco_kcal,81,0.1538834422826767,0.1098819300532341,0.6134718045015874,0.9082621759858154,18.991056442260742,2.356452703475952,0.1240822336893352,0.04
8,sco_kcal,82,0.1269749104976654,0.017894677817821503,0.6338618047926015,0.933784806396426,3.3794422149658203,0.36179277300834656,0.1070569490450677,0.16
8,sco_kcal,83,0.9437936544418335,0.0029442827217280865,0.7551614831761293,0.9056260880994844,0.5512560606002808,1.4368470907211304,2.606496678070987,0.96
8,sco_kcal,84,0.23479832708835602,0.03474043682217598,0.5943004845936037,0.9137984794871634,5.76984167098999,1.1234698295593262,0.1947141522458035,0.08
8,sco_kcal,85,0.12716136872768402,0.01155135314911604,0.6222626669132305,0.9675021199886247,2.1698732376098633,0.09619428217411041,0.044331751969100906,0.04
8,sco_kcal,86,0.09215045720338821,0.028406327590346336,0.6307106932568505,0.9472547107164677,5.31815242767334,0.46367380023002625,0.08718700837104076,0.02
8,sco_kcal,87,0.06770878285169601,0.07844570279121399,0.619399501592105,0.9215128827699324,14.36890983581543,0.5072147846221924,0.03529946185325257,0.04
8,sco_kcal,88,0.20508182048797607,0.015193711034953594,0.6320646923166469,0.9647777240594706,2.9362313747406006,0.15579786896705627,0.05306048777604256,0.16
8,sco_kcal,89,0.3875953257083893,0.017519354820251465,0.6541772935754129,0.8983603224553194,3.4051449298858643,1.1359288692474365,0.333591930046135,0.16
8,sco_kcal,90,0.4353935718536377,0.009892743080854416,0.6496029865579374,0.9430786834061256,1.9974524974822998,0.6294100284576416,0.3151063813787737,0.22
8,sco_kcal,91,0.13983483612537384,0.0049490476958453655,0.6327904500749661,0.9661069733172796,1.0512182712554932,0.06709768623113632,0.0638285007651171,0.04
8,sco_kcal,92,0.10078740864992142,0.08344615995883942,0.6198811703388822,0.9589574269133871,15.452254295349121,0.198716938495636,0.012860061366932499,0.02
8,sco_kcal,93,0.14655530452728271,0.008375360630452633,0.6289854242740684,0.96909677901423,1.604362964630127,0.203046053647995,0.12655867663637177,0.04
8,sco_kcal,94,0.09410585463047028,0.07009568810462952,0.6124050071597376,0.9748709704845611,11.714335441589355,0.11530601233243942,0.009843154390394949,0.1
8,sco_kcal,95,0.3920882046222687,0.020158350467681885,0.6252361146550893,0.9093683737788125,3.917221784591675,0.9171895384788513,0.23414286678548576,0.22
8,sco_kcal,96,0.3587767779827118,0.004277126397937536,0.6466735674818114,0.9632159455182592,0.9542633891105652,0.13537198305130005,0.1418601872355969,0.2
8,sco_kcal,97,0.12961573898792267,0.08704123646020889,0.6134336940843284,0.9432262755277006,16.286611557006836,1.0548877716064453,0.06477024198152567,0.02
8,sco_kcal,98,0.20893818140029907,0.06931755691766739,0.6140226995294726,0.8863633601224605,12.777913093566895,2.848860025405884,0.22295190181252342,0.0
8,sco_kcal,99,0.07706737518310547,0.05434069409966469,0.606194818725319,0.9522984170872366,9.856795310974121,0.1516457498073578,0.015384893875042946,0.0
8,sco_kcal,100,0.04786497354507446,0.08729957044124603,0.6144295924740855,0.9498243979740713,16.008947372436523,0.043236445635557175,0.0027007675538992474,0.02
8,sco_kcal,101,0.3205515444278717,0.016456685960292816,0.6261803166531057,0.9328471156155989,3.1556832790374756,0.7701810002326965,0.24406156516049726,0.3
8,sco_kcal,102,0.055124666541814804,0.05457475036382675,0.6067270149273589,0.9622906776302182,9.954617500305176,0.0357888862490654,0.003595204561899865,0.02
8,sco_kcal,103,0.28554007411003113,0.01444934867322445,0.6447522242386401,0.940029446617338,2.938605308532715,0.23158462345600128,0.0788076652497557,0.14
8,sco_kcal,104,0.10512244701385498,0.1258714348077774,0.6033293955028458,0.8996724769337521,22.43307113647461,2.405618667602539,0.10723536928883405,0.0
8,sco_kcal,105,0.1279110163450241,0.051707569509744644,0.6003416214286481,0.9348827014832717,8.487677574157715,0.35541585087776184,0.04187433461891747,0.04
8,sco_kcal,106,0.15137740969657898,0.013416728936135769,0.6212489339090264,0.9780500206649139,2.5504024028778076,0.24707749485969543,0.09687784742552769,0.06
8,sco_kcal,107,0.19396428763866425,0.017361819744110107,0.6179594482424737,0.9652545689795504,3.203613758087158,0.16181398928165436,0.05050983092864218,0.14
8,sco_kcal,108,0.7218596935272217,0.020179763436317444,0.6528415027631269,0.920820124462367,3.7112486362457275,3.2913811206817627,0.8868662391780089,0.42
8,sco_kcal,109,0.1130838394165039,0.029170377179980278,0.6044256130282735,0.9451785351533935,5.152637958526611,0.21596510708332062,0.04191350310687761,0.04
8,sco_kcal,110,0.07952222973108292,0.029049094766378403,0.6276556436711414,0.9523879096782593,5.164180755615234,0.10024759918451309,0.01941210114992772,0.02
8,sco_kcal,111,0.274133563041687,0.021543648093938828,0.6355055926146733,0.8999145117140581,4.131143093109131,1.0990351438522339,0.2660365712544446,0.06
8,sco_kcal,112,0.1364458054304123,0.008800114504992962,0.6276385436342478,0.9658525077527373,1.6547969579696655,0.10164692997932434,0.06142562052086372,0.04
8,sco_kcal,113,0.10682287812232971,0.024736907333135605,0.63087179251119,0.9535065989158691,4.532799243927002,0.05911074951291084,0.013040672293639923,0.08
8,sco_kcal,114,0.5715253353118896,0.007563642226159573,0.6535203436061796,0.9399970191684839,1.4676696062088013,0.9882686138153076,0.673359051406771,0.44
8,sco_kcal,115,0.4832702577114105,0.010289209894835949,0.6406941248109561,0.9563778773234155,1.8710540533065796,0.9463571310043335,0.5057882370270941,0.3
8,sco_kcal,116,0.14368119835853577,0.09850969910621643,0.6309564490440498,0.9169792668406016,18.85790252685547,2.735196828842163,0.14504247357027006,0.12
8,sco_kcal,117,0.13535542786121368,0.03823913261294365,0.6136377299320914,0.9585953451189912,6.452089309692383,0.16580744087696075,0.02569825569957369,0.04
8,sco_kcal,118,0.09975645691156387,0.09995748102664948,0.6049408054627732,0.9469848822289817,17.942031860351562,0.9456375241279602,0.05270515243134961,0.02
8,sco_kcal,119,0.4683874547481537,0.009732388891279697,0.6729280884210873,0.9376458936518717,2.02943754196167,1.0622438192367554,0.5234178422707123,0.34
8,sco_kcal,120,0.29389283061027527,0.0064571755938231945,0.6283997072436769,0.9528740876536554,1.239695429801941,0.2577916979789734,0.20794760695387843,0.2
8,sco_kcal,121,0.05473241209983826,0.0380680114030838,0.6309469453951906,0.9649058365210113,7.019332408905029,0.09574983268976212,0.013640874532211885,0.02
8,sco_kcal,122,0.3543814420700073,0.026050647720694542,0.6275064093744678,0.9673584822235515,4.91798734664917,0.26327648758888245,0.0535333804321932,0.42
8,sco_kcal,123,0.13359588384628296,0.015232964418828487,0.6759396585142532,0.9621749234512584,3.3431315422058105,0.11641377210617065,0.034821774326403085,0.12
8,sco_kcal,124,0.1647985726594925,0.024630581960082054,0.6249507138786847,0.9500222895997035,4.67404317855835,0.5494616627693176,0.11755596638257677,0.04
8,sco_kcal,125,0.3780629336833954,0.026517624035477638,0.629356096284073,0.9535426375504077,4.956583499908447,1.6754343509674072,0.33802201677795884,0.26
8,sco_kcal,126,0.12117653340101242,0.030991818755865097,0.6067444203226842,0.9581602025066649,5.637839317321777,0.11797875165939331,0.020926235215131747,0.14
8,sco_kcal,127,0.21041180193424225,0.013638276606798172,0.6364321304087674,0.967318027062986,2.4511661529541016,0.03087223507463932,0.012594917336563519,0.22
8,sco_kcal,128,0.42542070150375366,0.027298638597130775,0.6354239749752619,0.9115678731700354,5.122584819793701,2.193955659866333,0.4282907432569733,0.16
8,sco_kcal,129,0.3238442540168762,0.028941217809915543,0.6338827788093238,0.9537500444676958,5.198275566101074,1.2708334922790527,0.24447212852015682,0.22
8,sco_kcal,130,0.37381884455680847,0.02659609168767929,0.6253576922748203,0.9100313486417508,4.644746780395508,1.4504016637802124,0.3122671121495903,0.18
8,sco_kcal,131,0.19255758821964264,0.004094305448234081,0.6578301209955484,0.956522969818739,0.9319422245025635,0.11221206933259964,0.12040668013781039,0.12
8,sco_kcal,132,0.08152016997337341,0.030007466673851013,0.6266910978166156,0.9604674108176525,5.616547107696533,0.14947167038917542,0.026612733325845274,0.04
8,sco_kcal,133,0.17872992157936096,0.011457599699497223,0.6092691920251105,0.9425856924460645,2.1482162475585938,0.06520286202430725,0.030352094254202315,0.12
8,sco_kcal,134,0.12815776467323303,0.019114799797534943,0.627207613986857,0.9583939697392228,3.467014789581299,0.17980912327766418,0.05186280826317998,0.04
8,sco_kcal,135,0.2214677929878235,0.009752037934958935,0.6526910959909145,0.933690152632155,2.016885757446289,0.19832035899162292,0.09832999130438072,0.14
8,sco_kcal,136,0.18444351851940155,0.015777507796883583,0.6269724558508414,0.9439974785395937,2.9175829887390137,0.2946788966655731,0.10100103332208352,0.1
8,sco_kcal,137,0.4770895540714264,0.0100309569388628,0.6491326635503183,0.9617870780528601,2.103137731552124,0.09499402344226837,0.04516776149138003,0.32
8,sco_kcal,138,0.15791265666484833,0.00832070130854845,0.6249368223837461,0.9716676791099088,1.5900121927261353,0.203885018825531,0.1282285882826864,0.04
8,sco_kcal,139,0.2507297694683075,1.0086010694503784,0.6066895057644348,0.9773591972774283,184.1671600341797,2.3271663188934326,0.01263616335540784,0.38
8,sco_kcal,140,0.05900264158844948,0.06594083458185196,0.6187664011353808,0.9576850443046567,12.180781364440918,0.2457781881093979,0.020177538760107184,0.02
8,sco_kcal,141,0.3051689863204956,0.0057270159013569355,0.6349609888871959,0.9673115602952198,1.1047312021255493,0.2757696211338043,0.24962599101320934,0.16
8,sco_kcal,142,0.10483755171298981,0.017401164397597313,0.6238173657523962,0.9733710458846101,3.3171253204345703,0.23177161812782288,0.06987122756563774,0.02
8,sco_kcal,143,0.20974700152873993,0.009462244808673859,0.6270879134189602,0.9683202732571254,1.778979778289795,0.278947651386261,0.15680203608296472,0.1
8,sco_kcal,144,0.16948184370994568,0.01567710191011429,0.630832588707934,0.9671608190852621,2.9198148250579834,0.2507057189941406,0.08586356807376028,0.06
8,sco_kcal,145,0.061625462025403976,0.07859545201063156,0.647383552330419,0.9528740763229682,14.979738235473633,0.2756779193878174,0.01840338696539986,0.0
8,sco_kcal,146,0.1283513903617859,0.036016833037137985,0.6180855508029042,0.9649249024835285,6.097738265991211,0.09660234302282333,0.0158423236303207,0.2
8,sco_kcal,147,0.11126603931188583,0.010123341344296932,0.6534676286059511,0.9495863859864202,2.0469586849212646,0.12223384529352188,0.05971485706768114,0.16
8,sco_kcal,148,0.05858603119850159,0.06379484385251999,0.6173413937370871,0.9286556654979654,11.422904968261719,0.4952723979949951,0.043357832300198434,0.0
8,sco_kcal,149,0.5896894335746765,0.015246420167386532,0.6727238032433962,0.9023597178157587,3.2917118072509766,1.9555103778839111,0.5940709552933269,0.3
8,sco_kcal,150,0.07720821350812912,0.05069122090935707,0.6252604518814981,0.9685075710400168,9.417740821838379,0.3868553340435028,0.04107729670649263,0.02
8,sco_kcal,151,0.5233779549598694,0.02316349558532238,0.6319859418271931,0.8925282549389624,4.257102012634277,2.4693222045898438,0.5800476937741591,0.34
8,sco_kcal,152,0.5982847809791565,0.02967950329184532,0.6442548072904506,0.9293168689819364,5.964672088623047,2.556558609008789,0.42861679083501375,0.44
8,sco_kcal,153,0.1725681722164154,0.014606921933591366,0.6247297796579769,0.965488991467861,2.517890214920044,0.19778087735176086,0.07855023867990266,0.08
8,sco_kcal,154,0.05662430450320244,0.04676477238535881,0.6062558547092713,0.9595743370477212,8.577445030212402,0.08530137687921524,0.009944846813795661,0.04
8,sco_kcal,155,0.8217930197715759,0.007969620637595654,0.6895528752820874,0.9027199734820375,1.5297297239303589,2.048387050628662,1.3390516106111272,0.7
8,sco_kcal,156,0.07686797529459,0.045127224177122116,0.6021036053363702,0.9614510298289858,8.185742378234863,0.12078654021024704,0.014755722160449045,0.0
8,sco_kcal,157,0.44043755531311035,0.013394039124250412,0.6404165657251422,0.9476178595762916,2.3729496002197266,0.8935990333557129,0.37657733365806373,0.3
8,sco_kcal,158,0.9575169086456299,0.0077169411815702915,0.7487560271099296,0.9065195846695211,1.5886281728744507,3.8584144115448,2.428771236357603,0.84
8,sco_kcal,159,0.08715765178203583,0.022835517302155495,0.6265865895616827,0.9571900456599878,4.302145004272461,0.123609758913517,0.028732122880739754,0.04
8,sco_kcal,160,0.4665433168411255,0.023431384935975075,0.6105206790271629,0.8911789923392353,4.136218070983887,1.8978519439697266,0.45883749633110676,0.3
8,sco_kcal,161,0.3132331669330597,0.012619569897651672,0.6005447552064318,0.935289886251486,2.407972812652588,0.5564323663711548,0.23107917309008028,0.06
8,sco_kcal,162,0.1721382588148117,0.0190989188849926,0.6286580719272412,0.9726545877156432,3.460603952407837,0.17651087045669556,0.05100579924318757,0.06
8,sco_kcal,163,0.6931564211845398,0.014369082637131214,0.6586132680095447,0.9348659365997951,2.8349835872650146,2.1584525108337402,0.7613633181263169,0.52
8,sco_kcal,164,0.2985078990459442,0.011544215492904186,0.6213899426876464,0.9356453063644907,2.0945024490356445,0.32487767934799194,0.15510971567379778,0.12
8,sco_kcal,165,0.12386762350797653,0.10321056842803955,0.5960330238982241,0.9158925596443923,17.911121368408203,1.6678038835525513,0.09311554811382378,0.02
8,sco_kcal,166,0.18058940768241882,0.04964132606983185,0.5989364915362037,0.9332490174448673,8.80357837677002,1.2528795003890991,0.14231480050147213,0.1
8,sco_kcal,167,0.7160642743110657,0.011468872427940369,0.6583259431889183,0.913170222263892,2.2282538414001465,1.9282453060150146,0.8653615984808004,0.66
8,sco_kcal,168,0.05669276416301727,0.06349888443946838,0.6106463075036401,0.9546367633425741,11.561759948730469,0.1881585568189621,0.016274214103504433,0.06
8,sco_kcal,169,0.15362437069416046,0.13971365988254547,0.6108569877060936,0.9235867064962606,25.206296920776367,2.4089365005493164,0.09556883774402193,0.0
8,sco_kcal,170,0.5569376349449158,0.0028887942899018526,0.6456085434578664,0.9684102573971278,0.5191267728805542,0.3394264578819275,0.6538411725492457,0.46
8,sco_kcal,171,0.15896838903427124,0.032450415194034576,0.6225498121999209,0.9403630460671495,5.993447303771973,0.2525117099285126,0.042131297253517934,0.04
8,sco_kcal,172,0.1510496884584427,0.012388266623020172,0.6353417583464656,0.952984442899429,2.230905294418335,0.10160626471042633,0.045544857939349766,0.08
8,sco_kcal,173,0.19571077823638916,0.010100499726831913,0.6257209944672488,0.9673274476222338,1.9100538492202759,0.3464602828025818,0.18138770430164267,0.08
8,sco_kcal,174,0.07584404200315475,0.015677010640501976,0.6287124573737819,0.9689064960309506,3.0108094215393066,0.1149199828505516,0.03816913220359115,0.02
8,sco_kcal,175,0.21698012948036194,0.00812147743999958,0.6293655511224749,0.9655952460175108,1.604052186012268,0.08060909062623978,0.050253409040660266,0.08
8,sco_kcal,176,0.053326793015003204,0.07767414301633835,0.5892770048720508,0.9594866568841189,13.55454158782959,0.10444702208042145,0.007705684578385358,0.02
8,sco_kcal,177,0.2357317954301834,0.01527666300535202,0.6317821020162242,0.9581513499698406,2.9404501914978027,0.1812487542629242,0.061639797466047176,0.2
8,sco_kcal,178,0.13194093108177185,0.01168860588222742,0.6351269577868841,0.9699093907282159,2.081744909286499,0.188489630818367,0.09054405752478592,0.02
8,sco_kcal,179,0.2761763632297516,0.008339795283973217,0.6495652532990264,0.9549233836451947,1.7553085088729858,0.09475356340408325,0.05398114515203983,0.12
8,sco_kcal,180,0.9244362115859985,0.004680952988564968,0.7453590495847331,0.9185757493130744,0.9138301610946655,1.987414836883545,2.1748186057930567,0.92
8,sco_kcal,181,0.5455213189125061,0.03335896134376526,0.6314959386321177,0.924993924249043,6.319523334503174,3.784090757369995,0.5987936996307478,0.24
8,sco_kcal,182,0.20771823823451996,0.011435012333095074,0.6457012381398073,0.9687963004042093,2.2862720489501953,0.3975377380847931,0.17388032988783356,0.06
8,sco_kcal,183,0.4306260347366333,0.008913794532418251,0.6378133970794395,0.9422730529443224,1.7066959142684937,0.830837070941925,0.48681025365788716,0.26
8,sco_kcal,184,0.8536094427108765,0.02139725536108017,0.7971728373907119,0.9785525007382168,7.0612382888793945,1.7947373390197754,0.25416750796333726,0.72
8,sco_kcal,185,0.39249372482299805,0.011749234050512314,0.6386538544653371,0.9219534432505789,2.310694932937622,0.6784565448760986,0.2936158015517723,0.18
8,sco_kcal,186,0.3748970627784729,0.03266637772321701,0.640639120363311,0.913354827034931,6.006157875061035,1.8322218656539917,0.30505722689405207,0.18
8,sco_kcal,187,0.757579505443573,0.013754919171333313,0.6668014016789221,0.88825724455767,2.634467601776123,2.6248130798339844,0.9963353043568918,0.6
8,sco_kcal,188,0.9028654098510742,0.006291085388511419,0.7393915763563865,0.9251280970538089,1.229358196258545,2.275346279144287,1.8508407769754371,0.86
8,sco_kcal,189,0.4186843931674957,0.00873185321688652,0.6392536787516461,0.9358050727068077,1.6446524858474731,0.6443130373954773,0.39176241968434394,0.3
8,sco_kcal,190,0.06376134604215622,0.023522797971963882,0.6299061613428787,0.9645267483870517,4.429369926452637,0.11517549306154251,0.026002680962297377,0.04
8,sco_kcal,191,0.1505313217639923,0.01854703202843666,0.629732532638394,0.958753653109631,3.431086540222168,0.040589675307273865,0.011829977131572328,0.2
8,sco_kcal,192,0.22594256699085236,0.013313460163772106,0.6267519081647497,0.9244946697526613,2.5216684341430664,0.5141262412071228,0.2038833631915757,0.06
8,sco_kcal,193,0.2270008772611618,0.01961762085556984,0.6422611355893906,0.9444848003350281,3.8270840644836426,0.2952507436275482,0.07714770270335936,0.1
8,sco_kcal,194,0.16040067374706268,0.018379835411906242,0.6280188262278132,0.9659562684847145,3.4071707725524902,0.13996799290180206,0.04108041605350609,0.08
8,sco_kcal,195,0.6276552081108093,0.012096306309103966,0.643401239375853,0.9370157997841753,2.3333659172058105,1.27750563621521,0.5474947700209035,0.5
8,sco_kcal,196,0.39507225155830383,0.02405320480465889,0.589502719111497,0.9013879679948817,3.66084623336792,1.5897518396377563,0.43425802076784037,0.28
8,sco_kcal,197,0.6981168389320374,0.010580183938145638,0.6914015353307128,0.9305833845089431,2.2332065105438232,1.850523591041565,0.8286397081078415,0.52
8,sco_kcal,198,0.01745239458978176,0.06446541100740433,0.6276859168425275,0.9587308229021936,12.039321899414062,0.08727392554283142,0.007249073184684839,0.02
8,sco_kcal,199,0.08714963495731354,0.015501187182962894,0.6077015269032311,0.9607089624164868,2.7017297744750977,0.12027187645435333,0.04451661953413539,0.04
8,sco_kcal,200,0.10715329647064209,0.017822986468672752,0.6291126412336034,0.9616546371565173,3.3166654109954834,0.12029090523719788,0.03626862837547821,0.04
8,sco_kcal,201,0.34839457273483276,0.021494781598448753,0.6508453722894287,0.9238034272752063,4.0232696533203125,0.9344896078109741,0.2322711844680262,0.1
8,sco_kcal,202,0.10052323341369629,0.03384058550000191,0.6299052796165077,0.9787809744165687,6.408476829528809,0.32797330617904663,0.05117804353568386,0.02
8,sco_kcal,203,0.10279755294322968,0.020428910851478577,0.6373100672389123,0.9684130910182451,3.9109535217285156,0.11369998008012772,0.02907218903227364,0.06
8,sco_kcal,204,0.04097840562462807,0.06351997703313828,0.6039610534841218,0.9599879354099004,11.194050788879395,0.05588974058628082,0.004992807486795027,0.02
8,sco_kcal,205,0.06543691456317902,0.04793800041079521,0.6093389281298567,0.9636712168609789,8.844578742980957,0.13009048998355865,0.01470850040051916,0.02
8,sco_kcal,206,0.3368144631385803,0.3474251925945282,0.6248130498518443,0.9791233407579842,64.1444091796875,4.4239068031311035,0.06896792502583396,0.24
8,sco_kcal,207,0.04752309247851372,0.15312494337558746,0.6137474004946704,0.9571283452217811,27.739641189575195,0.26368334889411926,0.009505651031752127,0.0
8,sco_kcal,208,0.25035974383354187,0.009666194207966328,0.6276124566708312,0.9650936923214595,1.8144973516464233,0.2809786796569824,0.1548520748195253,0.1
8,sco_kcal,209,0.2244672328233719,0.05619451776146889,0.6326366394461664,0.9197384621501541,9.880829811096191,1.7800832986831665,0.18015524330599536,0.12
8,sco_kcal,210,0.47574231028556824,0.01509743183851242,0.6438125887162278,0.9130501510496496,2.8778316974639893,1.5864876508712769,0.5512788160160046,0.26
8,sco_kcal,211,0.32229143381118774,0.015568645671010017,0.6379205804883807,0.9375687567085951,2.9298384189605713,0.7175818085670471,0.24492197382735736,0.1
8,sco_kcal,212,0.6912044882774353,0.010592788457870483,0.6957885450349666,0.9162220720526213,2.5056257247924805,1.6971279382705688,0.6773269932049119,0.6
8,sco_kcal,213,0.17391027510166168,0.011477388441562653,0.6286686359316134,0.9668350920089244,2.081723690032959,0.07236244529485703,0.03476083096009314,0.1
8,sco_kcal,214,0.10512392222881317,0.020228726789355278,0.6283222852105779,0.9367837807535255,3.807866096496582,0.3391098082065582,0.08905507694153306,0.02
8,sco_kcal,215,0.10001454502344131,0.025314226746559143,0.6295197469842293,0.9613986151478466,4.566662311553955,0.03489247336983681,0.0076406948859688096,0.04
8,sco_kcal,216,0.34438520669937134,0.020921481773257256,0.6445710720419033,0.8949809233072399,4.1819939613342285,1.441922903060913,0.3447931576163444,0.1
8,sco_kcal,217,0.16924931108951569,0.011124307289719582,0.6251646036006309,0.9631982420822855,2.088688373565674,0.3303675949573517,0.15816988265864165,0.04
8,sco_kcal,218,0.15225566923618317,0.0873638466000557,0.5973281923872422,0.9583710130919558,15.191241264343262,0.053329918533563614,0.003510570176957106,0.12
8,sco_kcal,219,0.1861133873462677,0.05795977637171745,0.6112069866458778,0.9102676682065467,10.67562484741211,1.8787338733673096,0.17598350449929268,0.04
8,sco_kcal,220,0.5240663886070251,0.12326046824455261,0.6262460651615496,0.9571538226862273,23.565601348876953,2.919466972351074,0.12388680132239464,0.52
8,sco_kcal,221,0.4707334041595459,0.01926570013165474,0.6324506930040446,0.9085821852957534,3.5882251262664795,1.2272309064865112,0.34201613981880663,0.34
8,sco_kcal,222,0.9236041307449341,0.014989299699664116,0.7148615330042798,0.9232901050247511,3.0681443214416504,5.685561180114746,1.8530944390005852,0.84
8,sco_kcal,223,0.1668912172317505,0.012578717432916164,0.626689841832601,0.9621168304000502,2.393380880355835,0.23799370229244232,0.0994382900965845,0.04
8,sco_kcal,224,0.3770959675312042,0.057052724063396454,0.6322793526087189,0.9765115571035123,10.862663269042969,0.37409284710884094,0.034438409609451104,0.36
8,sco_kcal,225,0.18104392290115356,0.016767261549830437,0.6322161785388045,0.9670349689488722,3.091644287109375,0.23155173659324646,0.07489598255488268,0.1
8,sco_kcal,226,0.1458524912595749,0.051047347486019135,0.6040631076410561,0.9409213634131739,8.46418285369873,0.38678205013275146,0.0456963249516441,0.08
8,sco_kcal,227,0.10637199133634567,0.025755785405635834,0.6072337779165076,0.9278502369265795,4.38820219039917,0.25951892137527466,0.059140146719553886,0.04
8,sco_kcal,228,0.19207921624183655,0.014326246455311775,0.6302392228373057,0.9664090732251824,2.8017542362213135,0.18557243049144745,0.06623437134219394,0.18
8,sco_kcal,229,0.08362562954425812,0.017621342092752457,0.6673735996055381,0.9733365485077379,3.7437005043029785,0.04671499878168106,0.012478294865731708,0.06
8,sco_kcal,230,0.14562635123729706,0.10426922142505646,0.600624937472187,0.9210009853194392,18.957111358642578,2.119215965270996,0.11179002566257765,0.04
8,sco_kcal,231,0.2592809796333313,0.016012176871299744,0.6249861110782082,0.9635295713733989,3.0565285682678223,0.17107468843460083,0.05597025665346595,0.3
8,sco_kcal,232,0.15633776783943176,0.011081365868449211,0.6683701149651362,0.9626933429472502,2.2973618507385254,0.3003352880477905,0.1307305107165607,0.06
8,sco_kcal,233,0.6005085706710815,0.019151650369167328,0.6434657685792629,0.9187002814408882,3.3813257217407227,2.1716039180755615,0.642234465645507,0.5
8,sco_kcal,234,0.1799107939004898,0.019991867244243622,0.6258870214007888,0.952528273704623,3.6241202354431152,0.10737340152263641,0.029627439087850253,0.06
8,sco_kcal,235,0.259060800075531,0.008694239892065525,0.6346240789420039,0.9679764355447942,1.4282993078231812,0.31308290362358093,0.21919978670348805,0.18
8,sco_kcal,236,0.20715539157390594,0.029897963628172874,0.6278099147187923,0.9695694589621966,5.615719795227051,0.5483722686767578,0.09764950686158415,0.22
8,sco_kcal,237,0.2776176631450653,0.1069406270980835,0.6282441556807064,0.9379580417726952,19.861284255981445,4.493234634399414,0.22623082054959395,0.1
8,sco_kcal,238,0.23934820294380188,0.005670485086739063,0.6263157255774299,0.9612785917588107,1.025612235069275,0.10661131143569946,0.1039489465806718,0.14
8,sco_kcal,239,0.043586645275354385,0.16466696560382843,0.6273115342782218,0.9698239645965301,31.130958557128906,0.24387209117412567,0.007833748219689162,0.0
8,sco_kcal,240,0.1527441293001175,0.06056844815611839,0.6241253665257069,0.913887607056014,11.317244529724121,1.789239525794983,0.1580985125041386,0.04
8,sco_kcal,241,0.4854568541049957,0.017108796164393425,0.6554307992528825,0.9201775103948622,3.385443925857544,1.5272878408432007,0.45113369894506045,0.22
8,sco_kcal,242,0.7912511229515076,0.011066238395869732,0.684649858442991,0.9189326308424879,2.151057720184326,2.374919891357422,1.1040707411393464,0.54
8,sco_kcal,243,0.4073384702205658,0.01052130851894617,0.6291230121123403,0.9347721286612269,1.9722380638122559,0.38804614543914795,0.19675421165387638,0.24
8,sco_kcal,244,0.21829161047935486,0.011506935581564903,0.6501181277355794,0.9663864124015229,2.225626230239868,0.25863176584243774,0.11620628941570461,0.12
8,sco_kcal,245,0.10120943933725357,0.064674973487854,0.6103791655846618,0.9457561772436116,11.69614315032959,0.5681400895118713,0.048574994526795055,0.04
8,sco_kcal,246,0.4094676971435547,0.02543790265917778,0.6296952519104722,0.9609456267768808,4.525427341461182,0.930099368095398,0.2055274116488378,0.3
8,sco_kcal,247,0.13348200917243958,0.020333832129836082,0.6263452380755381,0.9710137263369691,3.8405635356903076,0.23138360679149628,0.060247306063615766,0.06
8,sco_kcal,248,0.17274925112724304,0.057286739349365234,0.6309991263893411,0.9314546234122083,10.143600463867188,1.2364554405212402,0.12189512441126343,0.16
8,sco_kcal,249,0.14463810622692108,0.03624006733298302,0.6374984164169784,0.9615310053758064,6.731980323791504,0.2101815640926361,0.031221357458493016,0.04
8,water_gsolv_eV,0,0.9999999403953552,0.0,0.6457007798063366,0.6457007798063366,,,,1.0
8,water_gsolv_eV,1,0.9999999403953552,0.0,0.6457007798063366,0.6457007798063366,,,,1.0
8,water_gsolv_eV,2,0.9999999403953552,0.0,0.6457007798063366,0.6457007798063366,,,,1.0
8,water_gsolv_eV,3,0.9999999403953552,0.0,0.6457007798063366,0.6457007798063366,,,,1.0
8,water_gsolv_eV,4,0.9999999403953552,0.0,0.6457007798063366,0.6457007798063366,,,,1.0
8,water_gsolv_eV,5,0.9999999403953552,0.0,0.6457007798063366,0.6457007798063366,,,,1.0
8,water_gsolv_eV,6,0.9999999403953552,0.0,0.6457007798063366,0.6457007798063366,,,,1.0
8,water_gsolv_eV,7,0.9999999403953552,0.0,0.6457007798063366,0.6457007798063366,,,,1.0
8,water_gsolv_eV,8,0.9999999403953552,0.0,0.6457007798063366,0.6457007798063366,,,,1.0
8,water_gsolv_eV,9,0.9999999403953552,0.0,0.6457007798063366,0.6457007798063366,,,,1.0
8,water_gsolv_eV,10,0.9999999403953552,0.0,0.6457007798063366,0.6457007798063366,,,,1.0
8,water_gsolv_eV,11,0.9999999403953552,0.0,0.6457007798063366,0.6457007798063366,,,,1.0
8,water_gsolv_eV,12,0.9999999403953552,0.0,0.6457007798063366,0.6457007798063366,,,,1.0
8,water_gsolv_eV,13,0.9999999403953552,0.0,0.6457007798063366,0.6457007798063366,,,,1.0
8,water_gsolv_eV,14,0.9999999403953552,0.0,0.6457007798063366,0.6457007798063366,,,,1.0
8,water_gsolv_eV,15,0.9999999403953552,0.0,0.6457007798063366,0.6457007798063366,,,,1.0
8,water_gsolv_eV,16,0.9999999403953552,0.0,0.6457007798063366,0.6457007798063366,,,,1.0
8,water_gsolv_eV,17,0.9999999403953552,0.0,0.6457007798063366,0.6457007798063366,,,,1.0
8,water_gsolv_eV,18,0.9999999403953552,0.0,0.6457007798063366,0.6457007798063366,,,,1.0
8,water_gsolv_eV,19,0.9999999403953552,0.0,0.6457007798063366,0.6457007798063366,,,,1.0
8,water_gsolv_eV,20,0.9999999403953552,0.0,0.6457007798063366,0.6457007798063366,,,,1.0
8,water_gsolv_eV,21,0.9999999403953552,0.0,0.6457007798063366,0.6457007798063366,,,,1.0
8,water_gsolv_eV,22,0.9999999403953552,0.0,0.6457007798063366,0.6457007798063366,,,,1.0
8,water_gsolv_eV,23,0.9999999403953552,0.0,0.6457007798063366,0.6457007798063366,,,,1.0
8,water_gsolv_eV,24,0.9999999403953552,0.0,0.6457007798063366,0.6457007798063366,,,,1.0
8,water_gsolv_eV,25,0.9999999403953552,0.0,0.6457007798063366,0.6457007798063366,,,,1.0
8,water_gsolv_eV,26,0.9999999403953552,0.0,0.6457007798063366,0.6457007798063366,,,,1.0
8,water_gsolv_eV,27,0.9999999403953552,0.0,0.6457007798063366,0.6457007798063366,,,,1.0
8,water_gsolv_eV,28,0.9999999403953552,0.0,0.6457007798063366,0.6457007798063366,,,,1.0
8,water_gsolv_eV,29,0.9999999403953552,0.0,0.6457007798063366,0.6457007798063366,,,,1.0
8,water_gsolv_eV,30,0.9999999403953552,0.0,0.6457007798063366,0.6457007798063366,,,,1.0
8,water_gsolv_eV,31,0.9999999403953552,0.0,0.6457007798063366,0.6457007798063366,,,,1.0
8,water_gsolv_eV,32,0.9999999403953552,0.0,0.6457007798063366,0.6457007798063366,,,,1.0
8,water_gsolv_eV,33,0.9999999403953552,0.0,0.6457007798063366,0.6457007798063366,,,,1.0
8,water_gsolv_eV,34,0.9999999403953552,0.0,0.6457007798063366,0.6457007798063366,,,,1.0
8,water_gsolv_eV,35,0.9999999403953552,0.0,0.6457007798063366,0.6457007798063366,,,,1.0
8,water_gsolv_eV,36,0.9999999403953552,0.0,0.6457007798063366,0.6457007798063366,,,,1.0
8,water_gsolv_eV,37,0.9999999403953552,0.0,0.6457007798063366,0.6457007798063366,,,,1.0
8,water_gsolv_eV,38,0.9999999403953552,0.0,0.6457007798063366,0.6457007798063366,,,,1.0
8,water_gsolv_eV,39,0.9999999403953552,0.0,0.6457007798063366,0.6457007798063366,,,,1.0
8,water_gsolv_eV,40,0.9999999403953552,0.0,0.6457007798063366,0.6457007798063366,,,,1.0
8,water_gsolv_eV,41,0.9999999403953552,0.0,0.6457007798063366,0.6457007798063366,,,,1.0
8,water_gsolv_eV,42,0.9999999403953552,0.0,0.6457007798063366,0.6457007798063366,,,,1.0
8,water_gsolv_eV,43,0.9999999403953552,0.0,0.6457007798063366,0.6457007798063366,,,,1.0
8,water_gsolv_eV,44,0.9999999403953552,0.0,0.6457007798063366,0.6457007798063366,,,,1.0
8,water_gsolv_eV,45,0.9999999403953552,0.0,0.6457007798063366,0.6457007798063366,,,,1.0
8,water_gsolv_eV,46,0.9999999403953552,0.0,0.6457007798063366,0.6457007798063366,,,,1.0
8,water_gsolv_eV,47,0.9999999403953552,0.0,0.6457007798063366,0.6457007798063366,,,,1.0
8,water_gsolv_eV,48,0.9999999403953552,0.0,0.6457007798063366,0.6457007798063366,,,,1.0
8,water_gsolv_eV,49,0.9999999403953552,0.0,0.6457007798063366,0.6457007798063366,,,,1.0
8,water_gsolv_eV,50,0.9999999403953552,0.0,0.6457007798063366,0.6457007798063366,,,,1.0
8,water_gsolv_eV,51,0.9999999403953552,0.0,0.6457007798063366,0.6457007798063366,,,,1.0
8,water_gsolv_eV,52,0.9999999403953552,0.0,0.6457007798063366,0.6457007798063366,,,,1.0
8,water_gsolv_eV,53,0.9999999403953552,0.0,0.6457007798063366,0.6457007798063366,,,,1.0
8,water_gsolv_eV,54,0.9999999403953552,0.0,0.6457007798063366,0.6457007798063366,,,,1.0
8,water_gsolv_eV,55,0.9999999403953552,0.0,0.6457007798063366,0.6457007798063366,,,,1.0
8,water_gsolv_eV,56,0.9999999403953552,0.0,0.6457007798063366,0.6457007798063366,,,,1.0
8,water_gsolv_eV,57,0.9999999403953552,0.0,0.6457007798063366,0.6457007798063366,,,,1.0
8,water_gsolv_eV,58,0.9999999403953552,0.0,0.6457007798063366,0.6457007798063366,,,,1.0
8,water_gsolv_eV,59,0.9999999403953552,0.0,0.6457007798063366,0.6457007798063366,,,,1.0
8,water_gsolv_eV,60,0.9999999403953552,0.0,0.6457007798063366,0.6457007798063366,,,,1.0
8,water_gsolv_eV,61,0.9999999403953552,0.0,0.6457007798063366,0.6457007798063366,,,,1.0
8,water_gsolv_eV,62,0.9999999403953552,0.0,0.6457007798063366,0.6457007798063366,,,,1.0
8,water_gsolv_eV,63,0.9999999403953552,0.0,0.6457007798063366,0.6457007798063366,,,,1.0
8,water_gsolv_eV,64,0.9999999403953552,0.0,0.6457007798063366,0.6457007798063366,,,,1.0
8,water_gsolv_eV,65,0.9999999403953552,0.0,0.6457007798063366,0.6457007798063366,,,,1.0
8,water_gsolv_eV,66,0.9999999403953552,0.0,0.6457007798063366,0.6457007798063366,,,,1.0
8,water_gsolv_eV,67,0.9999999403953552,0.0,0.6457007798063366,0.6457007798063366,,,,1.0
8,water_gsolv_eV,68,0.9999999403953552,0.0,0.6457007798063366,0.6457007798063366,,,,1.0
8,water_gsolv_eV,69,0.9999999403953552,0.0,0.6457007798063366,0.6457007798063366,,,,1.0
8,water_gsolv_eV,70,0.9999999403953552,0.0,0.6457007798063366,0.6457007798063366,,,,1.0
8,water_gsolv_eV,71,0.9999999403953552,0.0,0.6457007798063366,0.6457007798063366,,,,1.0
8,water_gsolv_eV,72,0.9999999403953552,0.0,0.6457007798063366,0.6457007798063366,,,,1.0
8,water_gsolv_eV,73,0.9999999403953552,0.0,0.6457007798063366,0.6457007798063366,,,,1.0
8,water_gsolv_eV,74,0.9999999403953552,0.0,0.6457007798063366,0.6457007798063366,,,,1.0
8,water_gsolv_eV,75,0.9999999403953552,0.0,0.6457007798063366,0.6457007798063366,,,,1.0
8,water_gsolv_eV,76,0.9999999403953552,0.0,0.6457007798063366,0.6457007798063366,,,,1.0
8,water_gsolv_eV,77,0.9999999403953552,0.0,0.6457007798063366,0.6457007798063366,,,,1.0
8,water_gsolv_eV,78,0.9999999403953552,0.0,0.6457007798063366,0.6457007798063366,,,,1.0
8,water_gsolv_eV,79,0.9999999403953552,0.0,0.6457007798063366,0.6457007798063366,,,,1.0
8,water_gsolv_eV,80,0.9999999403953552,0.0,0.6457007798063366,0.6457007798063366,,,,1.0
8,water_gsolv_eV,81,0.9999999403953552,0.0,0.6457007798063366,0.6457007798063366,,,,1.0
8,water_gsolv_eV,82,0.9999999403953552,0.0,0.6457007798063366,0.6457007798063366,,,,1.0
8,water_gsolv_eV,83,0.9999999403953552,0.0,0.6457007798063366,0.6457007798063366,,,,1.0
8,water_gsolv_eV,84,0.9999999403953552,0.0,0.6457007798063366,0.6457007798063366,,,,1.0
8,water_gsolv_eV,85,0.9999999403953552,0.0,0.6457007798063366,0.6457007798063366,,,,1.0
8,water_gsolv_eV,86,0.9999999403953552,0.0,0.6457007798063366,0.6457007798063366,,,,1.0
8,water_gsolv_eV,87,0.9999999403953552,0.0,0.6457007798063366,0.6457007798063366,,,,1.0
8,water_gsolv_eV,88,0.9999999403953552,0.0,0.6457007798063366,0.6457007798063366,,,,1.0
8,water_gsolv_eV,89,0.9999999403953552,0.0,0.6457007798063366,0.6457007798063366,,,,1.0
8,water_gsolv_eV,90,0.9999999403953552,0.0,0.6457007798063366,0.6457007798063366,,,,1.0
8,water_gsolv_eV,91,0.9999999403953552,0.0,0.6457007798063366,0.6457007798063366,,,,1.0
8,water_gsolv_eV,92,0.9999999403953552,0.0,0.6457007798063366,0.6457007798063366,,,,1.0
8,water_gsolv_eV,93,0.9999999403953552,0.0,0.6457007798063366,0.6457007798063366,,,,1.0
8,water_gsolv_eV,94,0.9999999403953552,0.0,0.6457007798063366,0.6457007798063366,,,,1.0
8,water_gsolv_eV,95,0.9999999403953552,0.0,0.6457007798063366,0.6457007798063366,,,,1.0
8,water_gsolv_eV,96,0.9999999403953552,0.0,0.6457007798063366,0.6457007798063366,,,,1.0
8,water_gsolv_eV,97,0.9999999403953552,0.0,0.6457007798063366,0.6457007798063366,,,,1.0
8,water_gsolv_eV,98,0.9999999403953552,0.0,0.6457007798063366,0.6457007798063366,,,,1.0
8,water_gsolv_eV,99,0.9999999403953552,0.0,0.6457007798063366,0.6457007798063366,,,,1.0
8,water_gsolv_eV,100,0.9999999403953552,0.0,0.6457007798063366,0.6457007798063366,,,,1.0
8,water_gsolv_eV,101,0.9999999403953552,0.0,0.6457007798063366,0.6457007798063366,,,,1.0
8,water_gsolv_eV,102,0.9999999403953552,0.0,0.6457007798063366,0.6457007798063366,,,,1.0
8,water_gsolv_eV,103,0.9999999403953552,0.0,0.6457007798063366,0.6457007798063366,,,,1.0
8,water_gsolv_eV,104,0.9999999403953552,0.0,0.6457007798063366,0.6457007798063366,,,,1.0
8,water_gsolv_eV,105,0.9999999403953552,0.0,0.6457007798063366,0.6457007798063366,,,,1.0
8,water_gsolv_eV,106,0.9999999403953552,0.0,0.6457007798063366,0.6457007798063366,,,,1.0
8,water_gsolv_eV,107,0.9999999403953552,0.0,0.6457007798063366,0.6457007798063366,,,,1.0
8,water_gsolv_eV,108,0.9999999403953552,0.0,0.6457007798063366,0.6457007798063366,,,,1.0
8,water_gsolv_eV,109,0.9999999403953552,0.0,0.6457007798063366,0.6457007798063366,,,,1.0
8,water_gsolv_eV,110,0.9999999403953552,0.0,0.6457007798063366,0.6457007798063366,,,,1.0
8,water_gsolv_eV,111,0.9999999403953552,0.0,0.6457007798063366,0.6457007798063366,,,,1.0
8,water_gsolv_eV,112,0.9999999403953552,0.0,0.6457007798063366,0.6457007798063366,,,,1.0
8,water_gsolv_eV,113,0.9999999403953552,0.0,0.6457007798063366,0.6457007798063366,,,,1.0
8,water_gsolv_eV,114,0.9999999403953552,0.0,0.6457007798063366,0.6457007798063366,,,,1.0
8,water_gsolv_eV,115,0.9999999403953552,0.0,0.6457007798063366,0.6457007798063366,,,,1.0
8,water_gsolv_eV,116,0.9999999403953552,0.0,0.6457007798063366,0.6457007798063366,,,,1.0
8,water_gsolv_eV,117,0.9999999403953552,0.0,0.6457007798063366,0.6457007798063366,,,,1.0
8,water_gsolv_eV,118,0.9999999403953552,0.0,0.6457007798063366,0.6457007798063366,,,,1.0
8,water_gsolv_eV,119,0.9999999403953552,0.0,0.6457007798063366,0.6457007798063366,,,,1.0
8,water_gsolv_eV,120,0.9999999403953552,0.0,0.6457007798063366,0.6457007798063366,,,,1.0
8,water_gsolv_eV,121,0.9999999403953552,0.0,0.6457007798063366,0.6457007798063366,,,,1.0
8,water_gsolv_eV,122,0.9999999403953552,0.0,0.6457007798063366,0.6457007798063366,,,,1.0
8,water_gsolv_eV,123,0.9999999403953552,0.0,0.6457007798063366,0.6457007798063366,,,,1.0
8,water_gsolv_eV,124,0.9999999403953552,0.0,0.6457007798063366,0.6457007798063366,,,,1.0
8,water_gsolv_eV,125,0.9999999403953552,0.0,0.6457007798063366,0.6457007798063366,,,,1.0
8,water_gsolv_eV,126,0.9999999403953552,0.0,0.6457007798063366,0.6457007798063366,,,,1.0
8,water_gsolv_eV,127,0.9999999403953552,0.0,0.6457007798063366,0.6457007798063366,,,,1.0
8,water_gsolv_eV,128,0.9999999403953552,0.0,0.6457007798063366,0.6457007798063366,,,,1.0
8,water_gsolv_eV,129,0.9999999403953552,0.0,0.6457007798063366,0.6457007798063366,,,,1.0
8,water_gsolv_eV,130,0.9999999403953552,0.0,0.6457007798063366,0.6457007798063366,,,,1.0
8,water_gsolv_eV,131,0.9999999403953552,0.0,0.6457007798063366,0.6457007798063366,,,,1.0
8,water_gsolv_eV,132,0.9999999403953552,0.0,0.6457007798063366,0.6457007798063366,,,,1.0
8,water_gsolv_eV,133,0.9999999403953552,0.0,0.6457007798063366,0.6457007798063366,,,,1.0
8,water_gsolv_eV,134,0.9999999403953552,0.0,0.6457007798063366,0.6457007798063366,,,,1.0
8,water_gsolv_eV,135,0.9999999403953552,0.0,0.6457007798063366,0.6457007798063366,,,,1.0
8,water_gsolv_eV,136,0.9999999403953552,0.0,0.6457007798063366,0.6457007798063366,,,,1.0
8,water_gsolv_eV,137,0.9999999403953552,0.0,0.6457007798063366,0.6457007798063366,,,,1.0
8,water_gsolv_eV,138,0.9999999403953552,0.0,0.6457007798063366,0.6457007798063366,,,,1.0
8,water_gsolv_eV,139,0.9999999403953552,0.0,0.6457007798063366,0.6457007798063366,,,,1.0
8,water_gsolv_eV,140,0.9999999403953552,0.0,0.6457007798063366,0.6457007798063366,,,,1.0
8,water_gsolv_eV,141,0.9999999403953552,0.0,0.6457007798063366,0.6457007798063366,,,,1.0
8,water_gsolv_eV,142,0.9999999403953552,0.0,0.6457007798063366,0.6457007798063366,,,,1.0
8,water_gsolv_eV,143,0.9999999403953552,0.0,0.6457007798063366,0.6457007798063366,,,,1.0
8,water_gsolv_eV,144,0.9999999403953552,0.0,0.6457007798063366,0.6457007798063366,,,,1.0
8,water_gsolv_eV,145,0.9999999403953552,0.0,0.6457007798063366,0.6457007798063366,,,,1.0
8,water_gsolv_eV,146,0.9999999403953552,0.0,0.6457007798063366,0.6457007798063366,,,,1.0
8,water_gsolv_eV,147,0.9999999403953552,0.0,0.6457007798063366,0.6457007798063366,,,,1.0
8,water_gsolv_eV,148,0.9999999403953552,0.0,0.6457007798063366,0.6457007798063366,,,,1.0
8,water_gsolv_eV,149,0.9999999403953552,0.0,0.6457007798063366,0.6457007798063366,,,,1.0
8,water_gsolv_eV,150,0.9999999403953552,0.0,0.6457007798063366,0.6457007798063366,,,,1.0
8,water_gsolv_eV,151,0.9999999403953552,0.0,0.6457007798063366,0.6457007798063366,,,,1.0
8,water_gsolv_eV,152,0.9999999403953552,0.0,0.6457007798063366,0.6457007798063366,,,,1.0
8,water_gsolv_eV,153,0.9999999403953552,0.0,0.6457007798063366,0.6457007798063366,,,,1.0
8,water_gsolv_eV,154,0.9999999403953552,0.0,0.6457007798063366,0.6457007798063366,,,,1.0
8,water_gsolv_eV,155,0.9999999403953552,0.0,0.6457007798063366,0.6457007798063366,,,,1.0
8,water_gsolv_eV,156,0.9999999403953552,0.0,0.6457007798063366,0.6457007798063366,,,,1.0
8,water_gsolv_eV,157,0.9999999403953552,0.0,0.6457007798063366,0.6457007798063366,,,,1.0
8,water_gsolv_eV,158,0.9999999403953552,0.0,0.6457007798063366,0.6457007798063366,,,,1.0
8,water_gsolv_eV,159,0.9999999403953552,0.0,0.6457007798063366,0.6457007798063366,,,,1.0
8,water_gsolv_eV,160,0.9999999403953552,0.0,0.6457007798063366,0.6457007798063366,,,,1.0
8,water_gsolv_eV,161,0.9999999403953552,0.0,0.6457007798063366,0.6457007798063366,,,,1.0
8,water_gsolv_eV,162,0.9999999403953552,0.0,0.6457007798063366,0.6457007798063366,,,,1.0
8,water_gsolv_eV,163,0.9999999403953552,0.0,0.6457007798063366,0.6457007798063366,,,,1.0
8,water_gsolv_eV,164,0.9999999403953552,0.0,0.6457007798063366,0.6457007798063366,,,,1.0
8,water_gsolv_eV,165,0.9999999403953552,0.0,0.6457007798063366,0.6457007798063366,,,,1.0
8,water_gsolv_eV,166,0.9999999403953552,0.0,0.6457007798063366,0.6457007798063366,,,,1.0
8,water_gsolv_eV,167,0.9999999403953552,0.0,0.6457007798063366,0.6457007798063366,,,,1.0
8,water_gsolv_eV,168,0.9999999403953552,0.0,0.6457007798063366,0.6457007798063366,,,,1.0
8,water_gsolv_eV,169,0.9999999403953552,0.0,0.6457007798063366,0.6457007798063366,,,,1.0
8,water_gsolv_eV,170,0.9999999403953552,0.0,0.6457007798063366,0.6457007798063366,,,,1.0
8,water_gsolv_eV,171,0.9999999403953552,0.0,0.6457007798063366,0.6457007798063366,,,,1.0
8,water_gsolv_eV,172,0.9999999403953552,0.0,0.6457007798063366,0.6457007798063366,,,,1.0
8,water_gsolv_eV,173,0.9999999403953552,0.0,0.6457007798063366,0.6457007798063366,,,,1.0
8,water_gsolv_eV,174,0.9999999403953552,0.0,0.6457007798063366,0.6457007798063366,,,,1.0
8,water_gsolv_eV,175,0.9999999403953552,0.0,0.6457007798063366,0.6457007798063366,,,,1.0
8,water_gsolv_eV,176,0.9999999403953552,0.0,0.6457007798063366,0.6457007798063366,,,,1.0
8,water_gsolv_eV,177,0.9999999403953552,0.0,0.6457007798063366,0.6457007798063366,,,,1.0
8,water_gsolv_eV,178,0.9999999403953552,0.0,0.6457007798063366,0.6457007798063366,,,,1.0
8,water_gsolv_eV,179,0.9999999403953552,0.0,0.6457007798063366,0.6457007798063366,,,,1.0
8,water_gsolv_eV,180,0.9999999403953552,0.0,0.6457007798063366,0.6457007798063366,,,,1.0
8,water_gsolv_eV,181,0.9999999403953552,0.0,0.6457007798063366,0.6457007798063366,,,,1.0
8,water_gsolv_eV,182,0.9999999403953552,0.0,0.6457007798063366,0.6457007798063366,,,,1.0
8,water_gsolv_eV,183,0.9999999403953552,0.0,0.6457007798063366,0.6457007798063366,,,,1.0
8,water_gsolv_eV,184,0.9999999403953552,0.0,0.6457007798063366,0.6457007798063366,,,,1.0
8,water_gsolv_eV,185,0.9999999403953552,0.0,0.6457007798063366,0.6457007798063366,,,,1.0
8,water_gsolv_eV,186,0.9999999403953552,0.0,0.6457007798063366,0.6457007798063366,,,,1.0
8,water_gsolv_eV,187,0.9999999403953552,0.0,0.6457007798063366,0.6457007798063366,,,,1.0
8,water_gsolv_eV,188,0.9999999403953552,0.0,0.6457007798063366,0.6457007798063366,,,,1.0
8,water_gsolv_eV,189,0.9999999403953552,0.0,0.6457007798063366,0.6457007798063366,,,,1.0
8,water_gsolv_eV,190,0.9999999403953552,0.0,0.6457007798063366,0.6457007798063366,,,,1.0
8,water_gsolv_eV,191,0.9999999403953552,0.0,0.6457007798063366,0.6457007798063366,,,,1.0
8,water_gsolv_eV,192,0.9999999403953552,0.0,0.6457007798063366,0.6457007798063366,,,,1.0
8,water_gsolv_eV,193,0.9999999403953552,0.0,0.6457007798063366,0.6457007798063366,,,,1.0
8,water_gsolv_eV,194,0.9999999403953552,0.0,0.6457007798063366,0.6457007798063366,,,,1.0
8,water_gsolv_eV,195,0.9999999403953552,0.0,0.6457007798063366,0.6457007798063366,,,,1.0
8,water_gsolv_eV,196,0.9999999403953552,0.0,0.6457007798063366,0.6457007798063366,,,,1.0
8,water_gsolv_eV,197,0.9999999403953552,0.0,0.6457007798063366,0.6457007798063366,,,,1.0
8,water_gsolv_eV,198,0.9999999403953552,0.0,0.6457007798063366,0.6457007798063366,,,,1.0
8,water_gsolv_eV,199,0.9999999403953552,0.0,0.6457007798063366,0.6457007798063366,,,,1.0
8,water_gsolv_eV,200,0.9999999403953552,0.0,0.6457007798063366,0.6457007798063366,,,,1.0
8,water_gsolv_eV,201,0.9999999403953552,0.0,0.6457007798063366,0.6457007798063366,,,,1.0
8,water_gsolv_eV,202,0.9999999403953552,0.0,0.6457007798063366,0.6457007798063366,,,,1.0
8,water_gsolv_eV,203,0.9999999403953552,0.0,0.6457007798063366,0.6457007798063366,,,,1.0
8,water_gsolv_eV,204,0.9999999403953552,0.0,0.6457007798063366,0.6457007798063366,,,,1.0
8,water_gsolv_eV,205,0.9999999403953552,0.0,0.6457007798063366,0.6457007798063366,,,,1.0
8,water_gsolv_eV,206,0.9999999403953552,0.0,0.6457007798063366,0.6457007798063366,,,,1.0
8,water_gsolv_eV,207,0.9999999403953552,0.0,0.6457007798063366,0.6457007798063366,,,,1.0
8,water_gsolv_eV,208,0.9999999403953552,0.0,0.6457007798063366,0.6457007798063366,,,,1.0
8,water_gsolv_eV,209,0.9999999403953552,0.0,0.6457007798063366,0.6457007798063366,,,,1.0
8,water_gsolv_eV,210,0.9999999403953552,0.0,0.6457007798063366,0.6457007798063366,,,,1.0
8,water_gsolv_eV,211,0.9999999403953552,0.0,0.6457007798063366,0.6457007798063366,,,,1.0
8,water_gsolv_eV,212,0.9999999403953552,0.0,0.6457007798063366,0.6457007798063366,,,,1.0
8,water_gsolv_eV,213,0.9999999403953552,0.0,0.6457007798063366,0.6457007798063366,,,,1.0
8,water_gsolv_eV,214,0.9999999403953552,0.0,0.6457007798063366,0.6457007798063366,,,,1.0
8,water_gsolv_eV,215,0.9999999403953552,0.0,0.6457007798063366,0.6457007798063366,,,,1.0
8,water_gsolv_eV,216,0.9999999403953552,0.0,0.6457007798063366,0.6457007798063366,,,,1.0
8,water_gsolv_eV,217,0.9999999403953552,0.0,0.6457007798063366,0.6457007798063366,,,,1.0
8,water_gsolv_eV,218,0.9999999403953552,0.0,0.6457007798063366,0.6457007798063366,,,,1.0
8,water_gsolv_eV,219,0.9999999403953552,0.0,0.6457007798063366,0.6457007798063366,,,,1.0
8,water_gsolv_eV,220,0.9999999403953552,0.0,0.6457007798063366,0.6457007798063366,,,,1.0
8,water_gsolv_eV,221,0.9999999403953552,0.0,0.6457007798063366,0.6457007798063366,,,,1.0
8,water_gsolv_eV,222,0.9999999403953552,0.0,0.6457007798063366,0.6457007798063366,,,,1.0
8,water_gsolv_eV,223,0.9999999403953552,0.0,0.6457007798063366,0.6457007798063366,,,,1.0
8,water_gsolv_eV,224,0.9999999403953552,0.0,0.6457007798063366,0.6457007798063366,,,,1.0
8,water_gsolv_eV,225,0.9999999403953552,0.0,0.6457007798063366,0.6457007798063366,,,,1.0
8,water_gsolv_eV,226,0.9999999403953552,0.0,0.6457007798063366,0.6457007798063366,,,,1.0
8,water_gsolv_eV,227,0.9999999403953552,0.0,0.6457007798063366,0.6457007798063366,,,,1.0
8,water_gsolv_eV,228,0.9999999403953552,0.0,0.6457007798063366,0.6457007798063366,,,,1.0
8,water_gsolv_eV,229,0.9999999403953552,0.0,0.6457007798063366,0.6457007798063366,,,,1.0
8,water_gsolv_eV,230,0.9999999403953552,0.0,0.6457007798063366,0.6457007798063366,,,,1.0
8,water_gsolv_eV,231,0.9999999403953552,0.0,0.6457007798063366,0.6457007798063366,,,,1.0
8,water_gsolv_eV,232,0.9999999403953552,0.0,0.6457007798063366,0.6457007798063366,,,,1.0
8,water_gsolv_eV,233,0.9999999403953552,0.0,0.6457007798063366,0.6457007798063366,,,,1.0
8,water_gsolv_eV,234,0.9999999403953552,0.0,0.6457007798063366,0.6457007798063366,,,,1.0
8,water_gsolv_eV,235,0.9999999403953552,0.0,0.6457007798063366,0.6457007798063366,,,,1.0
8,water_gsolv_eV,236,0.9999999403953552,0.0,0.6457007798063366,0.6457007798063366,,,,1.0
8,water_gsolv_eV,237,0.9999999403953552,0.0,0.6457007798063366,0.6457007798063366,,,,1.0
8,water_gsolv_eV,238,0.9999999403953552,0.0,0.6457007798063366,0.6457007798063366,,,,1.0
8,water_gsolv_eV,239,0.9999999403953552,0.0,0.6457007798063366,0.6457007798063366,,,,1.0
8,water_gsolv_eV,240,0.9999999403953552,0.0,0.6457007798063366,0.6457007798063366,,,,1.0
8,water_gsolv_eV,241,0.9999999403953552,0.0,0.6457007798063366,0.6457007798063366,,,,1.0
8,water_gsolv_eV,242,0.9999999403953552,0.0,0.6457007798063366,0.6457007798063366,,,,1.0
8,water_gsolv_eV,243,0.9999999403953552,0.0,0.6457007798063366,0.6457007798063366,,,,1.0
8,water_gsolv_eV,244,0.9999999403953552,0.0,0.6457007798063366,0.6457007798063366,,,,1.0
8,water_gsolv_eV,245,0.9999999403953552,0.0,0.6457007798063366,0.6457007798063366,,,,1.0
8,water_gsolv_eV,246,0.9999999403953552,0.0,0.6457007798063366,0.6457007798063366,,,,1.0
8,water_gsolv_eV,247,0.9999999403953552,0.0,0.6457007798063366,0.6457007798063366,,,,1.0
8,water_gsolv_eV,248,0.9999999403953552,0.0,0.6457007798063366,0.6457007798063366,,,,1.0
8,water_gsolv_eV,249,0.9999999403953552,0.0,0.6457007798063366,0.6457007798063366,,,,1.0
8,water_hl_gap_eV,0,1.0,0.0,0.6938186006019296,0.6938186006019296,,,,1.0
8,water_hl_gap_eV,1,1.0,0.0,0.6938186006019296,0.6938186006019296,,,,1.0
8,water_hl_gap_eV,2,1.0,0.0,0.6938186006019296,0.6938186006019296,,,,1.0
8,water_hl_gap_eV,3,1.0,0.0,0.6938186006019296,0.6938186006019296,,,,1.0
8,water_hl_gap_eV,4,1.0,0.0,0.6938186006019296,0.6938186006019296,,,,1.0
8,water_hl_gap_eV,5,1.0,0.0,0.6938186006019296,0.6938186006019296,,,,1.0
8,water_hl_gap_eV,6,1.0,0.0,0.6938186006019296,0.6938186006019296,,,,1.0
8,water_hl_gap_eV,7,1.0,0.0,0.6938186006019296,0.6938186006019296,,,,1.0
8,water_hl_gap_eV,8,1.0,0.0,0.6938186006019296,0.6938186006019296,,,,1.0
8,water_hl_gap_eV,9,1.0,0.0,0.6938186006019296,0.6938186006019296,,,,1.0
8,water_hl_gap_eV,10,1.0,0.0,0.6938186006019296,0.6938186006019296,,,,1.0
8,water_hl_gap_eV,11,1.0,0.0,0.6938186006019296,0.6938186006019296,,,,1.0
8,water_hl_gap_eV,12,1.0,0.0,0.6938186006019296,0.6938186006019296,,,,1.0
8,water_hl_gap_eV,13,1.0,0.0,0.6938186006019296,0.6938186006019296,,,,1.0
8,water_hl_gap_eV,14,1.0,0.0,0.6938186006019296,0.6938186006019296,,,,1.0
8,water_hl_gap_eV,15,1.0,0.0,0.6938186006019296,0.6938186006019296,,,,1.0
8,water_hl_gap_eV,16,1.0,0.0,0.6938186006019296,0.6938186006019296,,,,1.0
8,water_hl_gap_eV,17,1.0,0.0,0.6938186006019296,0.6938186006019296,,,,1.0
8,water_hl_gap_eV,18,1.0,0.0,0.6938186006019296,0.6938186006019296,,,,1.0
8,water_hl_gap_eV,19,1.0,0.0,0.6938186006019296,0.6938186006019296,,,,1.0
8,water_hl_gap_eV,20,1.0,0.0,0.6938186006019296,0.6938186006019296,,,,1.0
8,water_hl_gap_eV,21,1.0,0.0,0.6938186006019296,0.6938186006019296,,,,1.0
8,water_hl_gap_eV,22,1.0,0.0,0.6938186006019296,0.6938186006019296,,,,1.0
8,water_hl_gap_eV,23,1.0,0.0,0.6938186006019296,0.6938186006019296,,,,1.0
8,water_hl_gap_eV,24,1.0,0.0,0.6938186006019296,0.6938186006019296,,,,1.0
8,water_hl_gap_eV,25,1.0,0.0,0.6938186006019296,0.6938186006019296,,,,1.0
8,water_hl_gap_eV,26,1.0,0.0,0.6938186006019296,0.6938186006019296,,,,1.0
8,water_hl_gap_eV,27,1.0,0.0,0.6938186006019296,0.6938186006019296,,,,1.0
8,water_hl_gap_eV,28,1.0,0.0,0.6938186006019296,0.6938186006019296,,,,1.0
8,water_hl_gap_eV,29,1.0,0.0,0.6938186006019296,0.6938186006019296,,,,1.0
8,water_hl_gap_eV,30,1.0,0.0,0.6938186006019296,0.6938186006019296,,,,1.0
8,water_hl_gap_eV,31,1.0,0.0,0.6938186006019296,0.6938186006019296,,,,1.0
8,water_hl_gap_eV,32,1.0,0.0,0.6938186006019296,0.6938186006019296,,,,1.0
8,water_hl_gap_eV,33,1.0,0.0,0.6938186006019296,0.6938186006019296,,,,1.0
8,water_hl_gap_eV,34,1.0,0.0,0.6938186006019296,0.6938186006019296,,,,1.0
8,water_hl_gap_eV,35,1.0,0.0,0.6938186006019296,0.6938186006019296,,,,1.0
8,water_hl_gap_eV,36,1.0,0.0,0.6938186006019296,0.6938186006019296,,,,1.0
8,water_hl_gap_eV,37,1.0,0.0,0.6938186006019296,0.6938186006019296,,,,1.0
8,water_hl_gap_eV,38,1.0,0.0,0.6938186006019296,0.6938186006019296,,,,1.0
8,water_hl_gap_eV,39,1.0,0.0,0.6938186006019296,0.6938186006019296,,,,1.0
8,water_hl_gap_eV,40,1.0,0.0,0.6938186006019296,0.6938186006019296,,,,1.0
8,water_hl_gap_eV,41,1.0,0.0,0.6938186006019296,0.6938186006019296,,,,1.0
8,water_hl_gap_eV,42,1.0,0.0,0.6938186006019296,0.6938186006019296,,,,1.0
8,water_hl_gap_eV,43,1.0,0.0,0.6938186006019296,0.6938186006019296,,,,1.0
8,water_hl_gap_eV,44,1.0,0.0,0.6938186006019296,0.6938186006019296,,,,1.0
8,water_hl_gap_eV,45,1.0,0.0,0.6938186006019296,0.6938186006019296,,,,1.0
8,water_hl_gap_eV,46,1.0,0.0,0.6938186006019296,0.6938186006019296,,,,1.0
8,water_hl_gap_eV,47,1.0,0.0,0.6938186006019296,0.6938186006019296,,,,1.0
8,water_hl_gap_eV,48,1.0,0.0,0.6938186006019296,0.6938186006019296,,,,1.0
8,water_hl_gap_eV,49,1.0,0.0,0.6938186006019296,0.6938186006019296,,,,1.0
8,water_hl_gap_eV,50,1.0,0.0,0.6938186006019296,0.6938186006019296,,,,1.0
8,water_hl_gap_eV,51,1.0,0.0,0.6938186006019296,0.6938186006019296,,,,1.0
8,water_hl_gap_eV,52,1.0,0.0,0.6938186006019296,0.6938186006019296,,,,1.0
8,water_hl_gap_eV,53,1.0,0.0,0.6938186006019296,0.6938186006019296,,,,1.0
8,water_hl_gap_eV,54,1.0,0.0,0.6938186006019296,0.6938186006019296,,,,1.0
8,water_hl_gap_eV,55,1.0,0.0,0.6938186006019296,0.6938186006019296,,,,1.0
8,water_hl_gap_eV,56,1.0,0.0,0.6938186006019296,0.6938186006019296,,,,1.0
8,water_hl_gap_eV,57,1.0,0.0,0.6938186006019296,0.6938186006019296,,,,1.0
8,water_hl_gap_eV,58,1.0,0.0,0.6938186006019296,0.6938186006019296,,,,1.0
8,water_hl_gap_eV,59,1.0,0.0,0.6938186006019296,0.6938186006019296,,,,1.0
8,water_hl_gap_eV,60,1.0,0.0,0.6938186006019296,0.6938186006019296,,,,1.0
8,water_hl_gap_eV,61,1.0,0.0,0.6938186006019296,0.6938186006019296,,,,1.0
8,water_hl_gap_eV,62,1.0,0.0,0.6938186006019296,0.6938186006019296,,,,1.0
8,water_hl_gap_eV,63,1.0,0.0,0.6938186006019296,0.6938186006019296,,,,1.0
8,water_hl_gap_eV,64,1.0,0.0,0.6938186006019296,0.6938186006019296,,,,1.0
8,water_hl_gap_eV,65,1.0,0.0,0.6938186006019296,0.6938186006019296,,,,1.0
8,water_hl_gap_eV,66,1.0,0.0,0.6938186006019296,0.6938186006019296,,,,1.0
8,water_hl_gap_eV,67,1.0,0.0,0.6938186006019296,0.6938186006019296,,,,1.0
8,water_hl_gap_eV,68,1.0,0.0,0.6938186006019296,0.6938186006019296,,,,1.0
8,water_hl_gap_eV,69,1.0,0.0,0.6938186006019296,0.6938186006019296,,,,1.0
8,water_hl_gap_eV,70,1.0,0.0,0.6938186006019296,0.6938186006019296,,,,1.0
8,water_hl_gap_eV,71,1.0,0.0,0.6938186006019296,0.6938186006019296,,,,1.0
8,water_hl_gap_eV,72,1.0,0.0,0.6938186006019296,0.6938186006019296,,,,1.0
8,water_hl_gap_eV,73,1.0,0.0,0.6938186006019296,0.6938186006019296,,,,1.0
8,water_hl_gap_eV,74,1.0,0.0,0.6938186006019296,0.6938186006019296,,,,1.0
8,water_hl_gap_eV,75,1.0,0.0,0.6938186006019296,0.6938186006019296,,,,1.0
8,water_hl_gap_eV,76,1.0,0.0,0.6938186006019296,0.6938186006019296,,,,1.0
8,water_hl_gap_eV,77,1.0,0.0,0.6938186006019296,0.6938186006019296,,,,1.0
8,water_hl_gap_eV,78,1.0,0.0,0.6938186006019296,0.6938186006019296,,,,1.0
8,water_hl_gap_eV,79,1.0,0.0,0.6938186006019296,0.6938186006019296,,,,1.0
8,water_hl_gap_eV,80,1.0,0.0,0.6938186006019296,0.6938186006019296,,,,1.0
8,water_hl_gap_eV,81,1.0,0.0,0.6938186006019296,0.6938186006019296,,,,1.0
8,water_hl_gap_eV,82,1.0,0.0,0.6938186006019296,0.6938186006019296,,,,1.0
8,water_hl_gap_eV,83,1.0,0.0,0.6938186006019296,0.6938186006019296,,,,1.0
8,water_hl_gap_eV,84,1.0,0.0,0.6938186006019296,0.6938186006019296,,,,1.0
8,water_hl_gap_eV,85,1.0,0.0,0.6938186006019296,0.6938186006019296,,,,1.0
8,water_hl_gap_eV,86,1.0,0.0,0.6938186006019296,0.6938186006019296,,,,1.0
8,water_hl_gap_eV,87,1.0,0.0,0.6938186006019296,0.6938186006019296,,,,1.0
8,water_hl_gap_eV,88,1.0,0.0,0.6938186006019296,0.6938186006019296,,,,1.0
8,water_hl_gap_eV,89,1.0,0.0,0.6938186006019296,0.6938186006019296,,,,1.0
8,water_hl_gap_eV,90,1.0,0.0,0.6938186006019296,0.6938186006019296,,,,1.0
8,water_hl_gap_eV,91,1.0,0.0,0.6938186006019296,0.6938186006019296,,,,1.0
8,water_hl_gap_eV,92,1.0,0.0,0.6938186006019296,0.6938186006019296,,,,1.0
8,water_hl_gap_eV,93,1.0,0.0,0.6938186006019296,0.6938186006019296,,,,1.0
8,water_hl_gap_eV,94,1.0,0.0,0.6938186006019296,0.6938186006019296,,,,1.0
8,water_hl_gap_eV,95,1.0,0.0,0.6938186006019296,0.6938186006019296,,,,1.0
8,water_hl_gap_eV,96,1.0,0.0,0.6938186006019296,0.6938186006019296,,,,1.0
8,water_hl_gap_eV,97,1.0,0.0,0.6938186006019296,0.6938186006019296,,,,1.0
8,water_hl_gap_eV,98,1.0,0.0,0.6938186006019296,0.6938186006019296,,,,1.0
8,water_hl_gap_eV,99,1.0,0.0,0.6938186006019296,0.6938186006019296,,,,1.0
8,water_hl_gap_eV,100,1.0,0.0,0.6938186006019296,0.6938186006019296,,,,1.0
8,water_hl_gap_eV,101,1.0,0.0,0.6938186006019296,0.6938186006019296,,,,1.0
8,water_hl_gap_eV,102,1.0,0.0,0.6938186006019296,0.6938186006019296,,,,1.0
8,water_hl_gap_eV,103,1.0,0.0,0.6938186006019296,0.6938186006019296,,,,1.0
8,water_hl_gap_eV,104,1.0,0.0,0.6938186006019296,0.6938186006019296,,,,1.0
8,water_hl_gap_eV,105,1.0,0.0,0.6938186006019296,0.6938186006019296,,,,1.0
8,water_hl_gap_eV,106,1.0,0.0,0.6938186006019296,0.6938186006019296,,,,1.0
8,water_hl_gap_eV,107,1.0,0.0,0.6938186006019296,0.6938186006019296,,,,1.0
8,water_hl_gap_eV,108,1.0,0.0,0.6938186006019296,0.6938186006019296,,,,1.0
8,water_hl_gap_eV,109,1.0,0.0,0.6938186006019296,0.6938186006019296,,,,1.0
8,water_hl_gap_eV,110,1.0,0.0,0.6938186006019296,0.6938186006019296,,,,1.0
8,water_hl_gap_eV,111,1.0,0.0,0.6938186006019296,0.6938186006019296,,,,1.0
8,water_hl_gap_eV,112,1.0,0.0,0.6938186006019296,0.6938186006019296,,,,1.0
8,water_hl_gap_eV,113,1.0,0.0,0.6938186006019296,0.6938186006019296,,,,1.0
8,water_hl_gap_eV,114,1.0,0.0,0.6938186006019296,0.6938186006019296,,,,1.0
8,water_hl_gap_eV,115,1.0,0.0,0.6938186006019296,0.6938186006019296,,,,1.0
8,water_hl_gap_eV,116,1.0,0.0,0.6938186006019296,0.6938186006019296,,,,1.0
8,water_hl_gap_eV,117,1.0,0.0,0.6938186006019296,0.6938186006019296,,,,1.0
8,water_hl_gap_eV,118,1.0,0.0,0.6938186006019296,0.6938186006019296,,,,1.0
8,water_hl_gap_eV,119,1.0,0.0,0.6938186006019296,0.6938186006019296,,,,1.0
8,water_hl_gap_eV,120,1.0,0.0,0.6938186006019296,0.6938186006019296,,,,1.0
8,water_hl_gap_eV,121,1.0,0.0,0.6938186006019296,0.6938186006019296,,,,1.0
8,water_hl_gap_eV,122,1.0,0.0,0.6938186006019296,0.6938186006019296,,,,1.0
8,water_hl_gap_eV,123,1.0,0.0,0.6938186006019296,0.6938186006019296,,,,1.0
8,water_hl_gap_eV,124,1.0,0.0,0.6938186006019296,0.6938186006019296,,,,1.0
8,water_hl_gap_eV,125,1.0,0.0,0.6938186006019296,0.6938186006019296,,,,1.0
8,water_hl_gap_eV,126,1.0,0.0,0.6938186006019296,0.6938186006019296,,,,1.0
8,water_hl_gap_eV,127,1.0,0.0,0.6938186006019296,0.6938186006019296,,,,1.0
8,water_hl_gap_eV,128,1.0,0.0,0.6938186006019296,0.6938186006019296,,,,1.0
8,water_hl_gap_eV,129,1.0,0.0,0.6938186006019296,0.6938186006019296,,,,1.0
8,water_hl_gap_eV,130,1.0,0.0,0.6938186006019296,0.6938186006019296,,,,1.0
8,water_hl_gap_eV,131,1.0,0.0,0.6938186006019296,0.6938186006019296,,,,1.0
8,water_hl_gap_eV,132,1.0,0.0,0.6938186006019296,0.6938186006019296,,,,1.0
8,water_hl_gap_eV,133,1.0,0.0,0.6938186006019296,0.6938186006019296,,,,1.0
8,water_hl_gap_eV,134,1.0,0.0,0.6938186006019296,0.6938186006019296,,,,1.0
8,water_hl_gap_eV,135,1.0,0.0,0.6938186006019296,0.6938186006019296,,,,1.0
8,water_hl_gap_eV,136,1.0,0.0,0.6938186006019296,0.6938186006019296,,,,1.0
8,water_hl_gap_eV,137,1.0,0.0,0.6938186006019296,0.6938186006019296,,,,1.0
8,water_hl_gap_eV,138,1.0,0.0,0.6938186006019296,0.6938186006019296,,,,1.0
8,water_hl_gap_eV,139,1.0,0.0,0.6938186006019296,0.6938186006019296,,,,1.0
8,water_hl_gap_eV,140,1.0,0.0,0.6938186006019296,0.6938186006019296,,,,1.0
8,water_hl_gap_eV,141,1.0,0.0,0.6938186006019296,0.6938186006019296,,,,1.0
8,water_hl_gap_eV,142,1.0,0.0,0.6938186006019296,0.6938186006019296,,,,1.0
8,water_hl_gap_eV,143,1.0,0.0,0.6938186006019296,0.6938186006019296,,,,1.0
8,water_hl_gap_eV,144,1.0,0.0,0.6938186006019296,0.6938186006019296,,,,1.0
8,water_hl_gap_eV,145,1.0,0.0,0.6938186006019296,0.6938186006019296,,,,1.0
8,water_hl_gap_eV,146,1.0,0.0,0.6938186006019296,0.6938186006019296,,,,1.0
8,water_hl_gap_eV,147,1.0,0.0,0.6938186006019296,0.6938186006019296,,,,1.0
8,water_hl_gap_eV,148,1.0,0.0,0.6938186006019296,0.6938186006019296,,,,1.0
8,water_hl_gap_eV,149,1.0,0.0,0.6938186006019296,0.6938186006019296,,,,1.0
8,water_hl_gap_eV,150,1.0,0.0,0.6938186006019296,0.6938186006019296,,,,1.0
8,water_hl_gap_eV,151,1.0,0.0,0.6938186006019296,0.6938186006019296,,,,1.0
8,water_hl_gap_eV,152,1.0,0.0,0.6938186006019296,0.6938186006019296,,,,1.0
8,water_hl_gap_eV,153,1.0,0.0,0.6938186006019296,0.6938186006019296,,,,1.0
8,water_hl_gap_eV,154,1.0,0.0,0.6938186006019296,0.6938186006019296,,,,1.0
8,water_hl_gap_eV,155,1.0,0.0,0.6938186006019296,0.6938186006019296,,,,1.0
8,water_hl_gap_eV,156,1.0,0.0,0.6938186006019296,0.6938186006019296,,,,1.0
8,water_hl_gap_eV,157,1.0,0.0,0.6938186006019296,0.6938186006019296,,,,1.0
8,water_hl_gap_eV,158,1.0,0.0,0.6938186006019296,0.6938186006019296,,,,1.0
8,water_hl_gap_eV,159,1.0,0.0,0.6938186006019296,0.6938186006019296,,,,1.0
8,water_hl_gap_eV,160,1.0,0.0,0.6938186006019296,0.6938186006019296,,,,1.0
8,water_hl_gap_eV,161,1.0,0.0,0.6938186006019296,0.6938186006019296,,,,1.0
8,water_hl_gap_eV,162,1.0,0.0,0.6938186006019296,0.6938186006019296,,,,1.0
8,water_hl_gap_eV,163,1.0,0.0,0.6938186006019296,0.6938186006019296,,,,1.0
8,water_hl_gap_eV,164,1.0,0.0,0.6938186006019296,0.6938186006019296,,,,1.0
8,water_hl_gap_eV,165,1.0,0.0,0.6938186006019296,0.6938186006019296,,,,1.0
8,water_hl_gap_eV,166,1.0,0.0,0.6938186006019296,0.6938186006019296,,,,1.0
8,water_hl_gap_eV,167,1.0,0.0,0.6938186006019296,0.6938186006019296,,,,1.0
8,water_hl_gap_eV,168,1.0,0.0,0.6938186006019296,0.6938186006019296,,,,1.0
8,water_hl_gap_eV,169,1.0,0.0,0.6938186006019296,0.6938186006019296,,,,1.0
8,water_hl_gap_eV,170,1.0,0.0,0.6938186006019296,0.6938186006019296,,,,1.0
8,water_hl_gap_eV,171,1.0,0.0,0.6938186006019296,0.6938186006019296,,,,1.0
8,water_hl_gap_eV,172,1.0,0.0,0.6938186006019296,0.6938186006019296,,,,1.0
8,water_hl_gap_eV,173,1.0,0.0,0.6938186006019296,0.6938186006019296,,,,1.0
8,water_hl_gap_eV,174,1.0,0.0,0.6938186006019296,0.6938186006019296,,,,1.0
8,water_hl_gap_eV,175,1.0,0.0,0.6938186006019296,0.6938186006019296,,,,1.0
8,water_hl_gap_eV,176,1.0,0.0,0.6938186006019296,0.6938186006019296,,,,1.0
8,water_hl_gap_eV,177,1.0,0.0,0.6938186006019296,0.6938186006019296,,,,1.0
8,water_hl_gap_eV,178,1.0,0.0,0.6938186006019296,0.6938186006019296,,,,1.0
8,water_hl_gap_eV,179,1.0,0.0,0.6938186006019296,0.6938186006019296,,,,1.0
8,water_hl_gap_eV,180,1.0,0.0,0.6938186006019296,0.6938186006019296,,,,1.0
8,water_hl_gap_eV,181,1.0,0.0,0.6938186006019296,0.6938186006019296,,,,1.0
8,water_hl_gap_eV,182,1.0,0.0,0.6938186006019296,0.6938186006019296,,,,1.0
8,water_hl_gap_eV,183,1.0,0.0,0.6938186006019296,0.6938186006019296,,,,1.0
8,water_hl_gap_eV,184,1.0,0.0,0.6938186006019296,0.6938186006019296,,,,1.0
8,water_hl_gap_eV,185,1.0,0.0,0.6938186006019296,0.6938186006019296,,,,1.0
8,water_hl_gap_eV,186,1.0,0.0,0.6938186006019296,0.6938186006019296,,,,1.0
8,water_hl_gap_eV,187,1.0,0.0,0.6938186006019296,0.6938186006019296,,,,1.0
8,water_hl_gap_eV,188,1.0,0.0,0.6938186006019296,0.6938186006019296,,,,1.0
8,water_hl_gap_eV,189,1.0,0.0,0.6938186006019296,0.6938186006019296,,,,1.0
8,water_hl_gap_eV,190,1.0,0.0,0.6938186006019296,0.6938186006019296,,,,1.0
8,water_hl_gap_eV,191,1.0,0.0,0.6938186006019296,0.6938186006019296,,,,1.0
8,water_hl_gap_eV,192,1.0,0.0,0.6938186006019296,0.6938186006019296,,,,1.0
8,water_hl_gap_eV,193,1.0,0.0,0.6938186006019296,0.6938186006019296,,,,1.0
8,water_hl_gap_eV,194,1.0,0.0,0.6938186006019296,0.6938186006019296,,,,1.0
8,water_hl_gap_eV,195,1.0,0.0,0.6938186006019296,0.6938186006019296,,,,1.0
8,water_hl_gap_eV,196,1.0,0.0,0.6938186006019296,0.6938186006019296,,,,1.0
8,water_hl_gap_eV,197,1.0,0.0,0.6938186006019296,0.6938186006019296,,,,1.0
8,water_hl_gap_eV,198,1.0,0.0,0.6938186006019296,0.6938186006019296,,,,1.0
8,water_hl_gap_eV,199,1.0,0.0,0.6938186006019296,0.6938186006019296,,,,1.0
8,water_hl_gap_eV,200,1.0,0.0,0.6938186006019296,0.6938186006019296,,,,1.0
8,water_hl_gap_eV,201,1.0,0.0,0.6938186006019296,0.6938186006019296,,,,1.0
8,water_hl_gap_eV,202,1.0,0.0,0.6938186006019296,0.6938186006019296,,,,1.0
8,water_hl_gap_eV,203,1.0,0.0,0.6938186006019296,0.6938186006019296,,,,1.0
8,water_hl_gap_eV,204,1.0,0.0,0.6938186006019296,0.6938186006019296,,,,1.0
8,water_hl_gap_eV,205,1.0,0.0,0.6938186006019296,0.6938186006019296,,,,1.0
8,water_hl_gap_eV,206,1.0,0.0,0.6938186006019296,0.6938186006019296,,,,1.0
8,water_hl_gap_eV,207,1.0,0.0,0.6938186006019296,0.6938186006019296,,,,1.0
8,water_hl_gap_eV,208,1.0,0.0,0.6938186006019296,0.6938186006019296,,,,1.0
8,water_hl_gap_eV,209,1.0,0.0,0.6938186006019296,0.6938186006019296,,,,1.0
8,water_hl_gap_eV,210,1.0,0.0,0.6938186006019296,0.6938186006019296,,,,1.0
8,water_hl_gap_eV,211,1.0,0.0,0.6938186006019296,0.6938186006019296,,,,1.0
8,water_hl_gap_eV,212,1.0,0.0,0.6938186006019296,0.6938186006019296,,,,1.0
8,water_hl_gap_eV,213,1.0,0.0,0.6938186006019296,0.6938186006019296,,,,1.0
8,water_hl_gap_eV,214,1.0,0.0,0.6938186006019296,0.6938186006019296,,,,1.0
8,water_hl_gap_eV,215,1.0,0.0,0.6938186006019296,0.6938186006019296,,,,1.0
8,water_hl_gap_eV,216,1.0,0.0,0.6938186006019296,0.6938186006019296,,,,1.0
8,water_hl_gap_eV,217,1.0,0.0,0.6938186006019296,0.6938186006019296,,,,1.0
8,water_hl_gap_eV,218,1.0,0.0,0.6938186006019296,0.6938186006019296,,,,1.0
8,water_hl_gap_eV,219,1.0,0.0,0.6938186006019296,0.6938186006019296,,,,1.0
8,water_hl_gap_eV,220,1.0,0.0,0.6938186006019296,0.6938186006019296,,,,1.0
8,water_hl_gap_eV,221,1.0,0.0,0.6938186006019296,0.6938186006019296,,,,1.0
8,water_hl_gap_eV,222,1.0,0.0,0.6938186006019296,0.6938186006019296,,,,1.0
8,water_hl_gap_eV,223,1.0,0.0,0.6938186006019296,0.6938186006019296,,,,1.0
8,water_hl_gap_eV,224,1.0,0.0,0.6938186006019296,0.6938186006019296,,,,1.0
8,water_hl_gap_eV,225,1.0,0.0,0.6938186006019296,0.6938186006019296,,,,1.0
8,water_hl_gap_eV,226,1.0,0.0,0.6938186006019296,0.6938186006019296,,,,1.0
8,water_hl_gap_eV,227,1.0,0.0,0.6938186006019296,0.6938186006019296,,,,1.0
8,water_hl_gap_eV,228,1.0,0.0,0.6938186006019296,0.6938186006019296,,,,1.0
8,water_hl_gap_eV,229,1.0,0.0,0.6938186006019296,0.6938186006019296,,,,1.0
8,water_hl_gap_eV,230,1.0,0.0,0.6938186006019296,0.6938186006019296,,,,1.0
8,water_hl_gap_eV,231,1.0,0.0,0.6938186006019296,0.6938186006019296,,,,1.0
8,water_hl_gap_eV,232,1.0,0.0,0.6938186006019296,0.6938186006019296,,,,1.0
8,water_hl_gap_eV,233,1.0,0.0,0.6938186006019296,0.6938186006019296,,,,1.0
8,water_hl_gap_eV,234,1.0,0.0,0.6938186006019296,0.6938186006019296,,,,1.0
8,water_hl_gap_eV,235,1.0,0.0,0.6938186006019296,0.6938186006019296,,,,1.0
8,water_hl_gap_eV,236,1.0,0.0,0.6938186006019296,0.6938186006019296,,,,1.0
8,water_hl_gap_eV,237,1.0,0.0,0.6938186006019296,0.6938186006019296,,,,1.0
8,water_hl_gap_eV,238,1.0,0.0,0.6938186006019296,0.6938186006019296,,,,1.0
8,water_hl_gap_eV,239,1.0,0.0,0.6938186006019296,0.6938186006019296,,,,1.0
8,water_hl_gap_eV,240,1.0,0.0,0.6938186006019296,0.6938186006019296,,,,1.0
8,water_hl_gap_eV,241,1.0,0.0,0.6938186006019296,0.6938186006019296,,,,1.0
8,water_hl_gap_eV,242,1.0,0.0,0.6938186006019296,0.6938186006019296,,,,1.0
8,water_hl_gap_eV,243,1.0,0.0,0.6938186006019296,0.6938186006019296,,,,1.0
8,water_hl_gap_eV,244,1.0,0.0,0.6938186006019296,0.6938186006019296,,,,1.0
8,water_hl_gap_eV,245,1.0,0.0,0.6938186006019296,0.6938186006019296,,,,1.0
8,water_hl_gap_eV,246,1.0,0.0,0.6938186006019296,0.6938186006019296,,,,1.0
8,water_hl_gap_eV,247,1.0,0.0,0.6938186006019296,0.6938186006019296,,,,1.0
8,water_hl_gap_eV,248,1.0,0.0,0.6938186006019296,0.6938186006019296,,,,1.0
8,water_hl_gap_eV,249,1.0,0.0,0.6938186006019296,0.6938186006019296,,,,1.0
8,water_dipole,0,1.0000001192092896,0.0,0.6538972203001148,0.6538972203001148,,,,1.0
8,water_dipole,1,1.0000001192092896,0.0,0.6538972203001148,0.6538972203001148,,,,1.0
8,water_dipole,2,1.0000001192092896,0.0,0.6538972203001148,0.6538972203001148,,,,1.0
8,water_dipole,3,1.0000001192092896,0.0,0.6538972203001148,0.6538972203001148,,,,1.0
8,water_dipole,4,1.0000001192092896,0.0,0.6538972203001148,0.6538972203001148,,,,1.0
8,water_dipole,5,1.0000001192092896,0.0,0.6538972203001148,0.6538972203001148,,,,1.0
8,water_dipole,6,1.0000001192092896,0.0,0.6538972203001148,0.6538972203001148,,,,1.0
8,water_dipole,7,1.0000001192092896,0.0,0.6538972203001148,0.6538972203001148,,,,1.0
8,water_dipole,8,1.0000001192092896,0.0,0.6538972203001148,0.6538972203001148,,,,1.0
8,water_dipole,9,1.0000001192092896,0.0,0.6538972203001148,0.6538972203001148,,,,1.0
8,water_dipole,10,1.0000001192092896,0.0,0.6538972203001148,0.6538972203001148,,,,1.0
8,water_dipole,11,1.0000001192092896,0.0,0.6538972203001148,0.6538972203001148,,,,1.0
8,water_dipole,12,1.0000001192092896,0.0,0.6538972203001148,0.6538972203001148,,,,1.0
8,water_dipole,13,1.0000001192092896,0.0,0.6538972203001148,0.6538972203001148,,,,1.0
8,water_dipole,14,1.0000001192092896,0.0,0.6538972203001148,0.6538972203001148,,,,1.0
8,water_dipole,15,1.0000001192092896,0.0,0.6538972203001148,0.6538972203001148,,,,1.0
8,water_dipole,16,1.0000001192092896,0.0,0.6538972203001148,0.6538972203001148,,,,1.0
8,water_dipole,17,1.0000001192092896,0.0,0.6538972203001148,0.6538972203001148,,,,1.0
8,water_dipole,18,1.0000001192092896,0.0,0.6538972203001148,0.6538972203001148,,,,1.0
8,water_dipole,19,1.0000001192092896,0.0,0.6538972203001148,0.6538972203001148,,,,1.0
8,water_dipole,20,1.0000001192092896,0.0,0.6538972203001148,0.6538972203001148,,,,1.0
8,water_dipole,21,1.0000001192092896,0.0,0.6538972203001148,0.6538972203001148,,,,1.0
8,water_dipole,22,1.0000001192092896,0.0,0.6538972203001148,0.6538972203001148,,,,1.0
8,water_dipole,23,1.0000001192092896,0.0,0.6538972203001148,0.6538972203001148,,,,1.0
8,water_dipole,24,1.0000001192092896,0.0,0.6538972203001148,0.6538972203001148,,,,1.0
8,water_dipole,25,1.0000001192092896,0.0,0.6538972203001148,0.6538972203001148,,,,1.0
8,water_dipole,26,1.0000001192092896,0.0,0.6538972203001148,0.6538972203001148,,,,1.0
8,water_dipole,27,1.0000001192092896,0.0,0.6538972203001148,0.6538972203001148,,,,1.0
8,water_dipole,28,1.0000001192092896,0.0,0.6538972203001148,0.6538972203001148,,,,1.0
8,water_dipole,29,1.0000001192092896,0.0,0.6538972203001148,0.6538972203001148,,,,1.0
8,water_dipole,30,1.0000001192092896,0.0,0.6538972203001148,0.6538972203001148,,,,1.0
8,water_dipole,31,1.0000001192092896,0.0,0.6538972203001148,0.6538972203001148,,,,1.0
8,water_dipole,32,1.0000001192092896,0.0,0.6538972203001148,0.6538972203001148,,,,1.0
8,water_dipole,33,1.0000001192092896,0.0,0.6538972203001148,0.6538972203001148,,,,1.0
8,water_dipole,34,1.0000001192092896,0.0,0.6538972203001148,0.6538972203001148,,,,1.0
8,water_dipole,35,1.0000001192092896,0.0,0.6538972203001148,0.6538972203001148,,,,1.0
8,water_dipole,36,1.0000001192092896,0.0,0.6538972203001148,0.6538972203001148,,,,1.0
8,water_dipole,37,1.0000001192092896,0.0,0.6538972203001148,0.6538972203001148,,,,1.0
8,water_dipole,38,1.0000001192092896,0.0,0.6538972203001148,0.6538972203001148,,,,1.0
8,water_dipole,39,1.0000001192092896,0.0,0.6538972203001148,0.6538972203001148,,,,1.0
8,water_dipole,40,1.0000001192092896,0.0,0.6538972203001148,0.6538972203001148,,,,1.0
8,water_dipole,41,1.0000001192092896,0.0,0.6538972203001148,0.6538972203001148,,,,1.0
8,water_dipole,42,1.0000001192092896,0.0,0.6538972203001148,0.6538972203001148,,,,1.0
8,water_dipole,43,1.0000001192092896,0.0,0.6538972203001148,0.6538972203001148,,,,1.0
8,water_dipole,44,1.0000001192092896,0.0,0.6538972203001148,0.6538972203001148,,,,1.0
8,water_dipole,45,1.0000001192092896,0.0,0.6538972203001148,0.6538972203001148,,,,1.0
8,water_dipole,46,1.0000001192092896,0.0,0.6538972203001148,0.6538972203001148,,,,1.0
8,water_dipole,47,1.0000001192092896,0.0,0.6538972203001148,0.6538972203001148,,,,1.0
8,water_dipole,48,1.0000001192092896,0.0,0.6538972203001148,0.6538972203001148,,,,1.0
8,water_dipole,49,1.0000001192092896,0.0,0.6538972203001148,0.6538972203001148,,,,1.0
8,water_dipole,50,1.0000001192092896,0.0,0.6538972203001148,0.6538972203001148,,,,1.0
8,water_dipole,51,1.0000001192092896,0.0,0.6538972203001148,0.6538972203001148,,,,1.0
8,water_dipole,52,1.0000001192092896,0.0,0.6538972203001148,0.6538972203001148,,,,1.0
8,water_dipole,53,1.0000001192092896,0.0,0.6538972203001148,0.6538972203001148,,,,1.0
8,water_dipole,54,1.0000001192092896,0.0,0.6538972203001148,0.6538972203001148,,,,1.0
8,water_dipole,55,1.0000001192092896,0.0,0.6538972203001148,0.6538972203001148,,,,1.0
8,water_dipole,56,1.0000001192092896,0.0,0.6538972203001148,0.6538972203001148,,,,1.0
8,water_dipole,57,1.0000001192092896,0.0,0.6538972203001148,0.6538972203001148,,,,1.0
8,water_dipole,58,1.0000001192092896,0.0,0.6538972203001148,0.6538972203001148,,,,1.0
8,water_dipole,59,1.0000001192092896,0.0,0.6538972203001148,0.6538972203001148,,,,1.0
8,water_dipole,60,1.0000001192092896,0.0,0.6538972203001148,0.6538972203001148,,,,1.0
8,water_dipole,61,1.0000001192092896,0.0,0.6538972203001148,0.6538972203001148,,,,1.0
8,water_dipole,62,1.0000001192092896,0.0,0.6538972203001148,0.6538972203001148,,,,1.0
8,water_dipole,63,1.0000001192092896,0.0,0.6538972203001148,0.6538972203001148,,,,1.0
8,water_dipole,64,1.0000001192092896,0.0,0.6538972203001148,0.6538972203001148,,,,1.0
8,water_dipole,65,1.0000001192092896,0.0,0.6538972203001148,0.6538972203001148,,,,1.0
8,water_dipole,66,1.0000001192092896,0.0,0.6538972203001148,0.6538972203001148,,,,1.0
8,water_dipole,67,1.0000001192092896,0.0,0.6538972203001148,0.6538972203001148,,,,1.0
8,water_dipole,68,1.0000001192092896,0.0,0.6538972203001148,0.6538972203001148,,,,1.0
8,water_dipole,69,1.0000001192092896,0.0,0.6538972203001148,0.6538972203001148,,,,1.0
8,water_dipole,70,1.0000001192092896,0.0,0.6538972203001148,0.6538972203001148,,,,1.0
8,water_dipole,71,1.0000001192092896,0.0,0.6538972203001148,0.6538972203001148,,,,1.0
8,water_dipole,72,1.0000001192092896,0.0,0.6538972203001148,0.6538972203001148,,,,1.0
8,water_dipole,73,1.0000001192092896,0.0,0.6538972203001148,0.6538972203001148,,,,1.0
8,water_dipole,74,1.0000001192092896,0.0,0.6538972203001148,0.6538972203001148,,,,1.0
8,water_dipole,75,1.0000001192092896,0.0,0.6538972203001148,0.6538972203001148,,,,1.0
8,water_dipole,76,1.0000001192092896,0.0,0.6538972203001148,0.6538972203001148,,,,1.0
8,water_dipole,77,1.0000001192092896,0.0,0.6538972203001148,0.6538972203001148,,,,1.0
8,water_dipole,78,1.0000001192092896,0.0,0.6538972203001148,0.6538972203001148,,,,1.0
8,water_dipole,79,1.0000001192092896,0.0,0.6538972203001148,0.6538972203001148,,,,1.0
8,water_dipole,80,1.0000001192092896,0.0,0.6538972203001148,0.6538972203001148,,,,1.0
8,water_dipole,81,1.0000001192092896,0.0,0.6538972203001148,0.6538972203001148,,,,1.0
8,water_dipole,82,1.0000001192092896,0.0,0.6538972203001148,0.6538972203001148,,,,1.0
8,water_dipole,83,1.0000001192092896,0.0,0.6538972203001148,0.6538972203001148,,,,1.0
8,water_dipole,84,1.0000001192092896,0.0,0.6538972203001148,0.6538972203001148,,,,1.0
8,water_dipole,85,1.0000001192092896,0.0,0.6538972203001148,0.6538972203001148,,,,1.0
8,water_dipole,86,1.0000001192092896,0.0,0.6538972203001148,0.6538972203001148,,,,1.0
8,water_dipole,87,1.0000001192092896,0.0,0.6538972203001148,0.6538972203001148,,,,1.0
8,water_dipole,88,1.0000001192092896,0.0,0.6538972203001148,0.6538972203001148,,,,1.0
8,water_dipole,89,1.0000001192092896,0.0,0.6538972203001148,0.6538972203001148,,,,1.0
8,water_dipole,90,1.0000001192092896,0.0,0.6538972203001148,0.6538972203001148,,,,1.0
8,water_dipole,91,1.0000001192092896,0.0,0.6538972203001148,0.6538972203001148,,,,1.0
8,water_dipole,92,1.0000001192092896,0.0,0.6538972203001148,0.6538972203001148,,,,1.0
8,water_dipole,93,1.0000001192092896,0.0,0.6538972203001148,0.6538972203001148,,,,1.0
8,water_dipole,94,1.0000001192092896,0.0,0.6538972203001148,0.6538972203001148,,,,1.0
8,water_dipole,95,1.0000001192092896,0.0,0.6538972203001148,0.6538972203001148,,,,1.0
8,water_dipole,96,1.0000001192092896,0.0,0.6538972203001148,0.6538972203001148,,,,1.0
8,water_dipole,97,1.0000001192092896,0.0,0.6538972203001148,0.6538972203001148,,,,1.0
8,water_dipole,98,1.0000001192092896,0.0,0.6538972203001148,0.6538972203001148,,,,1.0
8,water_dipole,99,1.0000001192092896,0.0,0.6538972203001148,0.6538972203001148,,,,1.0
8,water_dipole,100,1.0000001192092896,0.0,0.6538972203001148,0.6538972203001148,,,,1.0
8,water_dipole,101,1.0000001192092896,0.0,0.6538972203001148,0.6538972203001148,,,,1.0
8,water_dipole,102,1.0000001192092896,0.0,0.6538972203001148,0.6538972203001148,,,,1.0
8,water_dipole,103,1.0000001192092896,0.0,0.6538972203001148,0.6538972203001148,,,,1.0
8,water_dipole,104,1.0000001192092896,0.0,0.6538972203001148,0.6538972203001148,,,,1.0
8,water_dipole,105,1.0000001192092896,0.0,0.6538972203001148,0.6538972203001148,,,,1.0
8,water_dipole,106,1.0000001192092896,0.0,0.6538972203001148,0.6538972203001148,,,,1.0
8,water_dipole,107,1.0000001192092896,0.0,0.6538972203001148,0.6538972203001148,,,,1.0
8,water_dipole,108,1.0000001192092896,0.0,0.6538972203001148,0.6538972203001148,,,,1.0
8,water_dipole,109,1.0000001192092896,0.0,0.6538972203001148,0.6538972203001148,,,,1.0
8,water_dipole,110,1.0000001192092896,0.0,0.6538972203001148,0.6538972203001148,,,,1.0
8,water_dipole,111,1.0000001192092896,0.0,0.6538972203001148,0.6538972203001148,,,,1.0
8,water_dipole,112,1.0000001192092896,0.0,0.6538972203001148,0.6538972203001148,,,,1.0
8,water_dipole,113,1.0000001192092896,0.0,0.6538972203001148,0.6538972203001148,,,,1.0
8,water_dipole,114,1.0000001192092896,0.0,0.6538972203001148,0.6538972203001148,,,,1.0
8,water_dipole,115,1.0000001192092896,0.0,0.6538972203001148,0.6538972203001148,,,,1.0
8,water_dipole,116,1.0000001192092896,0.0,0.6538972203001148,0.6538972203001148,,,,1.0
8,water_dipole,117,1.0000001192092896,0.0,0.6538972203001148,0.6538972203001148,,,,1.0
8,water_dipole,118,1.0000001192092896,0.0,0.6538972203001148,0.6538972203001148,,,,1.0
8,water_dipole,119,1.0000001192092896,0.0,0.6538972203001148,0.6538972203001148,,,,1.0
8,water_dipole,120,1.0000001192092896,0.0,0.6538972203001148,0.6538972203001148,,,,1.0
8,water_dipole,121,1.0000001192092896,0.0,0.6538972203001148,0.6538972203001148,,,,1.0
8,water_dipole,122,1.0000001192092896,0.0,0.6538972203001148,0.6538972203001148,,,,1.0
8,water_dipole,123,1.0000001192092896,0.0,0.6538972203001148,0.6538972203001148,,,,1.0
8,water_dipole,124,1.0000001192092896,0.0,0.6538972203001148,0.6538972203001148,,,,1.0
8,water_dipole,125,1.0000001192092896,0.0,0.6538972203001148,0.6538972203001148,,,,1.0
8,water_dipole,126,1.0000001192092896,0.0,0.6538972203001148,0.6538972203001148,,,,1.0
8,water_dipole,127,1.0000001192092896,0.0,0.6538972203001148,0.6538972203001148,,,,1.0
8,water_dipole,128,1.0000001192092896,0.0,0.6538972203001148,0.6538972203001148,,,,1.0
8,water_dipole,129,1.0000001192092896,0.0,0.6538972203001148,0.6538972203001148,,,,1.0
8,water_dipole,130,1.0000001192092896,0.0,0.6538972203001148,0.6538972203001148,,,,1.0
8,water_dipole,131,1.0000001192092896,0.0,0.6538972203001148,0.6538972203001148,,,,1.0
8,water_dipole,132,1.0000001192092896,0.0,0.6538972203001148,0.6538972203001148,,,,1.0
8,water_dipole,133,1.0000001192092896,0.0,0.6538972203001148,0.6538972203001148,,,,1.0
8,water_dipole,134,1.0000001192092896,0.0,0.6538972203001148,0.6538972203001148,,,,1.0
8,water_dipole,135,1.0000001192092896,0.0,0.6538972203001148,0.6538972203001148,,,,1.0
8,water_dipole,136,1.0000001192092896,0.0,0.6538972203001148,0.6538972203001148,,,,1.0
8,water_dipole,137,1.0000001192092896,0.0,0.6538972203001148,0.6538972203001148,,,,1.0
8,water_dipole,138,1.0000001192092896,0.0,0.6538972203001148,0.6538972203001148,,,,1.0
8,water_dipole,139,1.0000001192092896,0.0,0.6538972203001148,0.6538972203001148,,,,1.0
8,water_dipole,140,1.0000001192092896,0.0,0.6538972203001148,0.6538972203001148,,,,1.0
8,water_dipole,141,1.0000001192092896,0.0,0.6538972203001148,0.6538972203001148,,,,1.0
8,water_dipole,142,1.0000001192092896,0.0,0.6538972203001148,0.6538972203001148,,,,1.0
8,water_dipole,143,1.0000001192092896,0.0,0.6538972203001148,0.6538972203001148,,,,1.0
8,water_dipole,144,1.0000001192092896,0.0,0.6538972203001148,0.6538972203001148,,,,1.0
8,water_dipole,145,1.0000001192092896,0.0,0.6538972203001148,0.6538972203001148,,,,1.0
8,water_dipole,146,1.0000001192092896,0.0,0.6538972203001148,0.6538972203001148,,,,1.0
8,water_dipole,147,1.0000001192092896,0.0,0.6538972203001148,0.6538972203001148,,,,1.0
8,water_dipole,148,1.0000001192092896,0.0,0.6538972203001148,0.6538972203001148,,,,1.0
8,water_dipole,149,1.0000001192092896,0.0,0.6538972203001148,0.6538972203001148,,,,1.0
8,water_dipole,150,1.0000001192092896,0.0,0.6538972203001148,0.6538972203001148,,,,1.0
8,water_dipole,151,1.0000001192092896,0.0,0.6538972203001148,0.6538972203001148,,,,1.0
8,water_dipole,152,1.0000001192092896,0.0,0.6538972203001148,0.6538972203001148,,,,1.0
8,water_dipole,153,1.0000001192092896,0.0,0.6538972203001148,0.6538972203001148,,,,1.0
8,water_dipole,154,1.0000001192092896,0.0,0.6538972203001148,0.6538972203001148,,,,1.0
8,water_dipole,155,1.0000001192092896,0.0,0.6538972203001148,0.6538972203001148,,,,1.0
8,water_dipole,156,1.0000001192092896,0.0,0.6538972203001148,0.6538972203001148,,,,1.0
8,water_dipole,157,1.0000001192092896,0.0,0.6538972203001148,0.6538972203001148,,,,1.0
8,water_dipole,158,1.0000001192092896,0.0,0.6538972203001148,0.6538972203001148,,,,1.0
8,water_dipole,159,1.0000001192092896,0.0,0.6538972203001148,0.6538972203001148,,,,1.0
8,water_dipole,160,1.0000001192092896,0.0,0.6538972203001148,0.6538972203001148,,,,1.0
8,water_dipole,161,1.0000001192092896,0.0,0.6538972203001148,0.6538972203001148,,,,1.0
8,water_dipole,162,1.0000001192092896,0.0,0.6538972203001148,0.6538972203001148,,,,1.0
8,water_dipole,163,1.0000001192092896,0.0,0.6538972203001148,0.6538972203001148,,,,1.0
8,water_dipole,164,1.0000001192092896,0.0,0.6538972203001148,0.6538972203001148,,,,1.0
8,water_dipole,165,1.0000001192092896,0.0,0.6538972203001148,0.6538972203001148,,,,1.0
8,water_dipole,166,1.0000001192092896,0.0,0.6538972203001148,0.6538972203001148,,,,1.0
8,water_dipole,167,1.0000001192092896,0.0,0.6538972203001148,0.6538972203001148,,,,1.0
8,water_dipole,168,1.0000001192092896,0.0,0.6538972203001148,0.6538972203001148,,,,1.0
8,water_dipole,169,1.0000001192092896,0.0,0.6538972203001148,0.6538972203001148,,,,1.0
8,water_dipole,170,1.0000001192092896,0.0,0.6538972203001148,0.6538972203001148,,,,1.0
8,water_dipole,171,1.0000001192092896,0.0,0.6538972203001148,0.6538972203001148,,,,1.0
8,water_dipole,172,1.0000001192092896,0.0,0.6538972203001148,0.6538972203001148,,,,1.0
8,water_dipole,173,1.0000001192092896,0.0,0.6538972203001148,0.6538972203001148,,,,1.0
8,water_dipole,174,1.0000001192092896,0.0,0.6538972203001148,0.6538972203001148,,,,1.0
8,water_dipole,175,1.0000001192092896,0.0,0.6538972203001148,0.6538972203001148,,,,1.0
8,water_dipole,176,1.0000001192092896,0.0,0.6538972203001148,0.6538972203001148,,,,1.0
8,water_dipole,177,1.0000001192092896,0.0,0.6538972203001148,0.6538972203001148,,,,1.0
8,water_dipole,178,1.0000001192092896,0.0,0.6538972203001148,0.6538972203001148,,,,1.0
8,water_dipole,179,1.0000001192092896,0.0,0.6538972203001148,0.6538972203001148,,,,1.0
8,water_dipole,180,1.0000001192092896,0.0,0.6538972203001148,0.6538972203001148,,,,1.0
8,water_dipole,181,1.0000001192092896,0.0,0.6538972203001148,0.6538972203001148,,,,1.0
8,water_dipole,182,1.0000001192092896,0.0,0.6538972203001148,0.6538972203001148,,,,1.0
8,water_dipole,183,1.0000001192092896,0.0,0.6538972203001148,0.6538972203001148,,,,1.0
8,water_dipole,184,1.0000001192092896,0.0,0.6538972203001148,0.6538972203001148,,,,1.0
8,water_dipole,185,1.0000001192092896,0.0,0.6538972203001148,0.6538972203001148,,,,1.0
8,water_dipole,186,1.0000001192092896,0.0,0.6538972203001148,0.6538972203001148,,,,1.0
8,water_dipole,187,1.0000001192092896,0.0,0.6538972203001148,0.6538972203001148,,,,1.0
8,water_dipole,188,1.0000001192092896,0.0,0.6538972203001148,0.6538972203001148,,,,1.0
8,water_dipole,189,1.0000001192092896,0.0,0.6538972203001148,0.6538972203001148,,,,1.0
8,water_dipole,190,1.0000001192092896,0.0,0.6538972203001148,0.6538972203001148,,,,1.0
8,water_dipole,191,1.0000001192092896,0.0,0.6538972203001148,0.6538972203001148,,,,1.0
8,water_dipole,192,1.0000001192092896,0.0,0.6538972203001148,0.6538972203001148,,,,1.0
8,water_dipole,193,1.0000001192092896,0.0,0.6538972203001148,0.6538972203001148,,,,1.0
8,water_dipole,194,1.0000001192092896,0.0,0.6538972203001148,0.6538972203001148,,,,1.0
8,water_dipole,195,1.0000001192092896,0.0,0.6538972203001148,0.6538972203001148,,,,1.0
8,water_dipole,196,1.0000001192092896,0.0,0.6538972203001148,0.6538972203001148,,,,1.0
8,water_dipole,197,1.0000001192092896,0.0,0.6538972203001148,0.6538972203001148,,,,1.0
8,water_dipole,198,1.0000001192092896,0.0,0.6538972203001148,0.6538972203001148,,,,1.0
8,water_dipole,199,1.0000001192092896,0.0,0.6538972203001148,0.6538972203001148,,,,1.0
8,water_dipole,200,1.0000001192092896,0.0,0.6538972203001148,0.6538972203001148,,,,1.0
8,water_dipole,201,1.0000001192092896,0.0,0.6538972203001148,0.6538972203001148,,,,1.0
8,water_dipole,202,1.0000001192092896,0.0,0.6538972203001148,0.6538972203001148,,,,1.0
8,water_dipole,203,1.0000001192092896,0.0,0.6538972203001148,0.6538972203001148,,,,1.0
8,water_dipole,204,1.0000001192092896,0.0,0.6538972203001148,0.6538972203001148,,,,1.0
8,water_dipole,205,1.0000001192092896,0.0,0.6538972203001148,0.6538972203001148,,,,1.0
8,water_dipole,206,1.0000001192092896,0.0,0.6538972203001148,0.6538972203001148,,,,1.0
8,water_dipole,207,1.0000001192092896,0.0,0.6538972203001148,0.6538972203001148,,,,1.0
8,water_dipole,208,1.0000001192092896,0.0,0.6538972203001148,0.6538972203001148,,,,1.0
8,water_dipole,209,1.0000001192092896,0.0,0.6538972203001148,0.6538972203001148,,,,1.0
8,water_dipole,210,1.0000001192092896,0.0,0.6538972203001148,0.6538972203001148,,,,1.0
8,water_dipole,211,1.0000001192092896,0.0,0.6538972203001148,0.6538972203001148,,,,1.0
8,water_dipole,212,1.0000001192092896,0.0,0.6538972203001148,0.6538972203001148,,,,1.0
8,water_dipole,213,1.0000001192092896,0.0,0.6538972203001148,0.6538972203001148,,,,1.0
8,water_dipole,214,1.0000001192092896,0.0,0.6538972203001148,0.6538972203001148,,,,1.0
8,water_dipole,215,1.0000001192092896,0.0,0.6538972203001148,0.6538972203001148,,,,1.0
8,water_dipole,216,1.0000001192092896,0.0,0.6538972203001148,0.6538972203001148,,,,1.0
8,water_dipole,217,1.0000001192092896,0.0,0.6538972203001148,0.6538972203001148,,,,1.0
8,water_dipole,218,1.0000001192092896,0.0,0.6538972203001148,0.6538972203001148,,,,1.0
8,water_dipole,219,1.0000001192092896,0.0,0.6538972203001148,0.6538972203001148,,,,1.0
8,water_dipole,220,1.0000001192092896,0.0,0.6538972203001148,0.6538972203001148,,,,1.0
8,water_dipole,221,1.0000001192092896,0.0,0.6538972203001148,0.6538972203001148,,,,1.0
8,water_dipole,222,1.0000001192092896,0.0,0.6538972203001148,0.6538972203001148,,,,1.0
8,water_dipole,223,1.0000001192092896,0.0,0.6538972203001148,0.6538972203001148,,,,1.0
8,water_dipole,224,1.0000001192092896,0.0,0.6538972203001148,0.6538972203001148,,,,1.0
8,water_dipole,225,1.0000001192092896,0.0,0.6538972203001148,0.6538972203001148,,,,1.0
8,water_dipole,226,1.0000001192092896,0.0,0.6538972203001148,0.6538972203001148,,,,1.0
8,water_dipole,227,1.0000001192092896,0.0,0.6538972203001148,0.6538972203001148,,,,1.0
8,water_dipole,228,1.0000001192092896,0.0,0.6538972203001148,0.6538972203001148,,,,1.0
8,water_dipole,229,1.0000001192092896,0.0,0.6538972203001148,0.6538972203001148,,,,1.0
8,water_dipole,230,1.0000001192092896,0.0,0.6538972203001148,0.6538972203001148,,,,1.0
8,water_dipole,231,1.0000001192092896,0.0,0.6538972203001148,0.6538972203001148,,,,1.0
8,water_dipole,232,1.0000001192092896,0.0,0.6538972203001148,0.6538972203001148,,,,1.0
8,water_dipole,233,1.0000001192092896,0.0,0.6538972203001148,0.6538972203001148,,,,1.0
8,water_dipole,234,1.0000001192092896,0.0,0.6538972203001148,0.6538972203001148,,,,1.0
8,water_dipole,235,1.0000001192092896,0.0,0.6538972203001148,0.6538972203001148,,,,1.0
8,water_dipole,236,1.0000001192092896,0.0,0.6538972203001148,0.6538972203001148,,,,1.0
8,water_dipole,237,1.0000001192092896,0.0,0.6538972203001148,0.6538972203001148,,,,1.0
8,water_dipole,238,1.0000001192092896,0.0,0.6538972203001148,0.6538972203001148,,,,1.0
8,water_dipole,239,1.0000001192092896,0.0,0.6538972203001148,0.6538972203001148,,,,1.0
8,water_dipole,240,1.0000001192092896,0.0,0.6538972203001148,0.6538972203001148,,,,1.0
8,water_dipole,241,1.0000001192092896,0.0,0.6538972203001148,0.6538972203001148,,,,1.0
8,water_dipole,242,1.0000001192092896,0.0,0.6538972203001148,0.6538972203001148,,,,1.0
8,water_dipole,243,1.0000001192092896,0.0,0.6538972203001148,0.6538972203001148,,,,1.0
8,water_dipole,244,1.0000001192092896,0.0,0.6538972203001148,0.6538972203001148,,,,1.0
8,water_dipole,245,1.0000001192092896,0.0,0.6538972203001148,0.6538972203001148,,,,1.0
8,water_dipole,246,1.0000001192092896,0.0,0.6538972203001148,0.6538972203001148,,,,1.0
8,water_dipole,247,1.0000001192092896,0.0,0.6538972203001148,0.6538972203001148,,,,1.0
8,water_dipole,248,1.0000001192092896,0.0,0.6538972203001148,0.6538972203001148,,,,1.0
8,water_dipole,249,1.0000001192092896,0.0,0.6538972203001148,0.6538972203001148,,,,1.0
8,acetone_gsolv_eV,0,1.0,0.0,0.619910186277983,0.619910186277983,,,,1.0
8,acetone_gsolv_eV,1,1.0,0.0,0.619910186277983,0.619910186277983,,,,1.0
8,acetone_gsolv_eV,2,1.0,0.0,0.619910186277983,0.619910186277983,,,,1.0
8,acetone_gsolv_eV,3,1.0,0.0,0.619910186277983,0.619910186277983,,,,1.0
8,acetone_gsolv_eV,4,1.0,0.0,0.619910186277983,0.619910186277983,,,,1.0
8,acetone_gsolv_eV,5,1.0,0.0,0.619910186277983,0.619910186277983,,,,1.0
8,acetone_gsolv_eV,6,1.0,0.0,0.619910186277983,0.619910186277983,,,,1.0
8,acetone_gsolv_eV,7,1.0,0.0,0.619910186277983,0.619910186277983,,,,1.0
8,acetone_gsolv_eV,8,1.0,0.0,0.619910186277983,0.619910186277983,,,,1.0
8,acetone_gsolv_eV,9,1.0,0.0,0.619910186277983,0.619910186277983,,,,1.0
8,acetone_gsolv_eV,10,1.0,0.0,0.619910186277983,0.619910186277983,,,,1.0
8,acetone_gsolv_eV,11,1.0,0.0,0.619910186277983,0.619910186277983,,,,1.0
8,acetone_gsolv_eV,12,1.0,0.0,0.619910186277983,0.619910186277983,,,,1.0
8,acetone_gsolv_eV,13,1.0,0.0,0.619910186277983,0.619910186277983,,,,1.0
8,acetone_gsolv_eV,14,1.0,0.0,0.619910186277983,0.619910186277983,,,,1.0
8,acetone_gsolv_eV,15,1.0,0.0,0.619910186277983,0.619910186277983,,,,1.0
8,acetone_gsolv_eV,16,1.0,0.0,0.619910186277983,0.619910186277983,,,,1.0
8,acetone_gsolv_eV,17,1.0,0.0,0.619910186277983,0.619910186277983,,,,1.0
8,acetone_gsolv_eV,18,1.0,0.0,0.619910186277983,0.619910186277983,,,,1.0
8,acetone_gsolv_eV,19,1.0,0.0,0.619910186277983,0.619910186277983,,,,1.0
8,acetone_gsolv_eV,20,1.0,0.0,0.619910186277983,0.619910186277983,,,,1.0
8,acetone_gsolv_eV,21,1.0,0.0,0.619910186277983,0.619910186277983,,,,1.0
8,acetone_gsolv_eV,22,1.0,0.0,0.619910186277983,0.619910186277983,,,,1.0
8,acetone_gsolv_eV,23,1.0,0.0,0.619910186277983,0.619910186277983,,,,1.0
8,acetone_gsolv_eV,24,1.0,0.0,0.619910186277983,0.619910186277983,,,,1.0
8,acetone_gsolv_eV,25,1.0,0.0,0.619910186277983,0.619910186277983,,,,1.0
8,acetone_gsolv_eV,26,1.0,0.0,0.619910186277983,0.619910186277983,,,,1.0
8,acetone_gsolv_eV,27,1.0,0.0,0.619910186277983,0.619910186277983,,,,1.0
8,acetone_gsolv_eV,28,1.0,0.0,0.619910186277983,0.619910186277983,,,,1.0
8,acetone_gsolv_eV,29,1.0,0.0,0.619910186277983,0.619910186277983,,,,1.0
8,acetone_gsolv_eV,30,1.0,0.0,0.619910186277983,0.619910186277983,,,,1.0
8,acetone_gsolv_eV,31,1.0,0.0,0.619910186277983,0.619910186277983,,,,1.0
8,acetone_gsolv_eV,32,1.0,0.0,0.619910186277983,0.619910186277983,,,,1.0
8,acetone_gsolv_eV,33,1.0,0.0,0.619910186277983,0.619910186277983,,,,1.0
8,acetone_gsolv_eV,34,1.0,0.0,0.619910186277983,0.619910186277983,,,,1.0
8,acetone_gsolv_eV,35,1.0,0.0,0.619910186277983,0.619910186277983,,,,1.0
8,acetone_gsolv_eV,36,1.0,0.0,0.619910186277983,0.619910186277983,,,,1.0
8,acetone_gsolv_eV,37,1.0,0.0,0.619910186277983,0.619910186277983,,,,1.0
8,acetone_gsolv_eV,38,1.0,0.0,0.619910186277983,0.619910186277983,,,,1.0
8,acetone_gsolv_eV,39,1.0,0.0,0.619910186277983,0.619910186277983,,,,1.0
8,acetone_gsolv_eV,40,1.0,0.0,0.619910186277983,0.619910186277983,,,,1.0
8,acetone_gsolv_eV,41,1.0,0.0,0.619910186277983,0.619910186277983,,,,1.0
8,acetone_gsolv_eV,42,1.0,0.0,0.619910186277983,0.619910186277983,,,,1.0
8,acetone_gsolv_eV,43,1.0,0.0,0.619910186277983,0.619910186277983,,,,1.0
8,acetone_gsolv_eV,44,1.0,0.0,0.619910186277983,0.619910186277983,,,,1.0
8,acetone_gsolv_eV,45,1.0,0.0,0.619910186277983,0.619910186277983,,,,1.0
8,acetone_gsolv_eV,46,1.0,0.0,0.619910186277983,0.619910186277983,,,,1.0
8,acetone_gsolv_eV,47,1.0,0.0,0.619910186277983,0.619910186277983,,,,1.0
8,acetone_gsolv_eV,48,1.0,0.0,0.619910186277983,0.619910186277983,,,,1.0
8,acetone_gsolv_eV,49,1.0,0.0,0.619910186277983,0.619910186277983,,,,1.0
8,acetone_gsolv_eV,50,1.0,0.0,0.619910186277983,0.619910186277983,,,,1.0
8,acetone_gsolv_eV,51,1.0,0.0,0.619910186277983,0.619910186277983,,,,1.0
8,acetone_gsolv_eV,52,1.0,0.0,0.619910186277983,0.619910186277983,,,,1.0
8,acetone_gsolv_eV,53,1.0,0.0,0.619910186277983,0.619910186277983,,,,1.0
8,acetone_gsolv_eV,54,1.0,0.0,0.619910186277983,0.619910186277983,,,,1.0
8,acetone_gsolv_eV,55,1.0,0.0,0.619910186277983,0.619910186277983,,,,1.0
8,acetone_gsolv_eV,56,1.0,0.0,0.619910186277983,0.619910186277983,,,,1.0
8,acetone_gsolv_eV,57,1.0,0.0,0.619910186277983,0.619910186277983,,,,1.0
8,acetone_gsolv_eV,58,1.0,0.0,0.619910186277983,0.619910186277983,,,,1.0
8,acetone_gsolv_eV,59,1.0,0.0,0.619910186277983,0.619910186277983,,,,1.0
8,acetone_gsolv_eV,60,1.0,0.0,0.619910186277983,0.619910186277983,,,,1.0
8,acetone_gsolv_eV,61,1.0,0.0,0.619910186277983,0.619910186277983,,,,1.0
8,acetone_gsolv_eV,62,1.0,0.0,0.619910186277983,0.619910186277983,,,,1.0
8,acetone_gsolv_eV,63,1.0,0.0,0.619910186277983,0.619910186277983,,,,1.0
8,acetone_gsolv_eV,64,1.0,0.0,0.619910186277983,0.619910186277983,,,,1.0
8,acetone_gsolv_eV,65,1.0,0.0,0.619910186277983,0.619910186277983,,,,1.0
8,acetone_gsolv_eV,66,1.0,0.0,0.619910186277983,0.619910186277983,,,,1.0
8,acetone_gsolv_eV,67,1.0,0.0,0.619910186277983,0.619910186277983,,,,1.0
8,acetone_gsolv_eV,68,1.0,0.0,0.619910186277983,0.619910186277983,,,,1.0
8,acetone_gsolv_eV,69,1.0,0.0,0.619910186277983,0.619910186277983,,,,1.0
8,acetone_gsolv_eV,70,1.0,0.0,0.619910186277983,0.619910186277983,,,,1.0
8,acetone_gsolv_eV,71,1.0,0.0,0.619910186277983,0.619910186277983,,,,1.0
8,acetone_gsolv_eV,72,1.0,0.0,0.619910186277983,0.619910186277983,,,,1.0
8,acetone_gsolv_eV,73,1.0,0.0,0.619910186277983,0.619910186277983,,,,1.0
8,acetone_gsolv_eV,74,1.0,0.0,0.619910186277983,0.619910186277983,,,,1.0
8,acetone_gsolv_eV,75,1.0,0.0,0.619910186277983,0.619910186277983,,,,1.0
8,acetone_gsolv_eV,76,1.0,0.0,0.619910186277983,0.619910186277983,,,,1.0
8,acetone_gsolv_eV,77,1.0,0.0,0.619910186277983,0.619910186277983,,,,1.0
8,acetone_gsolv_eV,78,1.0,0.0,0.619910186277983,0.619910186277983,,,,1.0
8,acetone_gsolv_eV,79,1.0,0.0,0.619910186277983,0.619910186277983,,,,1.0
8,acetone_gsolv_eV,80,1.0,0.0,0.619910186277983,0.619910186277983,,,,1.0
8,acetone_gsolv_eV,81,1.0,0.0,0.619910186277983,0.619910186277983,,,,1.0
8,acetone_gsolv_eV,82,1.0,0.0,0.619910186277983,0.619910186277983,,,,1.0
8,acetone_gsolv_eV,83,1.0,0.0,0.619910186277983,0.619910186277983,,,,1.0
8,acetone_gsolv_eV,84,1.0,0.0,0.619910186277983,0.619910186277983,,,,1.0
8,acetone_gsolv_eV,85,1.0,0.0,0.619910186277983,0.619910186277983,,,,1.0
8,acetone_gsolv_eV,86,1.0,0.0,0.619910186277983,0.619910186277983,,,,1.0
8,acetone_gsolv_eV,87,1.0,0.0,0.619910186277983,0.619910186277983,,,,1.0
8,acetone_gsolv_eV,88,1.0,0.0,0.619910186277983,0.619910186277983,,,,1.0
8,acetone_gsolv_eV,89,1.0,0.0,0.619910186277983,0.619910186277983,,,,1.0
8,acetone_gsolv_eV,90,1.0,0.0,0.619910186277983,0.619910186277983,,,,1.0
8,acetone_gsolv_eV,91,1.0,0.0,0.619910186277983,0.619910186277983,,,,1.0
8,acetone_gsolv_eV,92,1.0,0.0,0.619910186277983,0.619910186277983,,,,1.0
8,acetone_gsolv_eV,93,1.0,0.0,0.619910186277983,0.619910186277983,,,,1.0
8,acetone_gsolv_eV,94,1.0,0.0,0.619910186277983,0.619910186277983,,,,1.0
8,acetone_gsolv_eV,95,1.0,0.0,0.619910186277983,0.619910186277983,,,,1.0
8,acetone_gsolv_eV,96,1.0,0.0,0.619910186277983,0.619910186277983,,,,1.0
8,acetone_gsolv_eV,97,1.0,0.0,0.619910186277983,0.619910186277983,,,,1.0
8,acetone_gsolv_eV,98,1.0,0.0,0.619910186277983,0.619910186277983,,,,1.0
8,acetone_gsolv_eV,99,1.0,0.0,0.619910186277983,0.619910186277983,,,,1.0
8,acetone_gsolv_eV,100,1.0,0.0,0.619910186277983,0.619910186277983,,,,1.0
8,acetone_gsolv_eV,101,1.0,0.0,0.619910186277983,0.619910186277983,,,,1.0
8,acetone_gsolv_eV,102,1.0,0.0,0.619910186277983,0.619910186277983,,,,1.0
8,acetone_gsolv_eV,103,1.0,0.0,0.619910186277983,0.619910186277983,,,,1.0
8,acetone_gsolv_eV,104,1.0,0.0,0.619910186277983,0.619910186277983,,,,1.0
8,acetone_gsolv_eV,105,1.0,0.0,0.619910186277983,0.619910186277983,,,,1.0
8,acetone_gsolv_eV,106,1.0,0.0,0.619910186277983,0.619910186277983,,,,1.0
8,acetone_gsolv_eV,107,1.0,0.0,0.619910186277983,0.619910186277983,,,,1.0
8,acetone_gsolv_eV,108,1.0,0.0,0.619910186277983,0.619910186277983,,,,1.0
8,acetone_gsolv_eV,109,1.0,0.0,0.619910186277983,0.619910186277983,,,,1.0
8,acetone_gsolv_eV,110,1.0,0.0,0.619910186277983,0.619910186277983,,,,1.0
8,acetone_gsolv_eV,111,1.0,0.0,0.619910186277983,0.619910186277983,,,,1.0
8,acetone_gsolv_eV,112,1.0,0.0,0.619910186277983,0.619910186277983,,,,1.0
8,acetone_gsolv_eV,113,1.0,0.0,0.619910186277983,0.619910186277983,,,,1.0
8,acetone_gsolv_eV,114,1.0,0.0,0.619910186277983,0.619910186277983,,,,1.0
8,acetone_gsolv_eV,115,1.0,0.0,0.619910186277983,0.619910186277983,,,,1.0
8,acetone_gsolv_eV,116,1.0,0.0,0.619910186277983,0.619910186277983,,,,1.0
8,acetone_gsolv_eV,117,1.0,0.0,0.619910186277983,0.619910186277983,,,,1.0
8,acetone_gsolv_eV,118,1.0,0.0,0.619910186277983,0.619910186277983,,,,1.0
8,acetone_gsolv_eV,119,1.0,0.0,0.619910186277983,0.619910186277983,,,,1.0
8,acetone_gsolv_eV,120,1.0,0.0,0.619910186277983,0.619910186277983,,,,1.0
8,acetone_gsolv_eV,121,1.0,0.0,0.619910186277983,0.619910186277983,,,,1.0
8,acetone_gsolv_eV,122,1.0,0.0,0.619910186277983,0.619910186277983,,,,1.0
8,acetone_gsolv_eV,123,1.0,0.0,0.619910186277983,0.619910186277983,,,,1.0
8,acetone_gsolv_eV,124,1.0,0.0,0.619910186277983,0.619910186277983,,,,1.0
8,acetone_gsolv_eV,125,1.0,0.0,0.619910186277983,0.619910186277983,,,,1.0
8,acetone_gsolv_eV,126,1.0,0.0,0.619910186277983,0.619910186277983,,,,1.0
8,acetone_gsolv_eV,127,1.0,0.0,0.619910186277983,0.619910186277983,,,,1.0
8,acetone_gsolv_eV,128,1.0,0.0,0.619910186277983,0.619910186277983,,,,1.0
8,acetone_gsolv_eV,129,1.0,0.0,0.619910186277983,0.619910186277983,,,,1.0
8,acetone_gsolv_eV,130,1.0,0.0,0.619910186277983,0.619910186277983,,,,1.0
8,acetone_gsolv_eV,131,1.0,0.0,0.619910186277983,0.619910186277983,,,,1.0
8,acetone_gsolv_eV,132,1.0,0.0,0.619910186277983,0.619910186277983,,,,1.0
8,acetone_gsolv_eV,133,1.0,0.0,0.619910186277983,0.619910186277983,,,,1.0
8,acetone_gsolv_eV,134,1.0,0.0,0.619910186277983,0.619910186277983,,,,1.0
8,acetone_gsolv_eV,135,1.0,0.0,0.619910186277983,0.619910186277983,,,,1.0
8,acetone_gsolv_eV,136,1.0,0.0,0.619910186277983,0.619910186277983,,,,1.0
8,acetone_gsolv_eV,137,1.0,0.0,0.619910186277983,0.619910186277983,,,,1.0
8,acetone_gsolv_eV,138,1.0,0.0,0.619910186277983,0.619910186277983,,,,1.0
8,acetone_gsolv_eV,139,1.0,0.0,0.619910186277983,0.619910186277983,,,,1.0
8,acetone_gsolv_eV,140,1.0,0.0,0.619910186277983,0.619910186277983,,,,1.0
8,acetone_gsolv_eV,141,1.0,0.0,0.619910186277983,0.619910186277983,,,,1.0
8,acetone_gsolv_eV,142,1.0,0.0,0.619910186277983,0.619910186277983,,,,1.0
8,acetone_gsolv_eV,143,1.0,0.0,0.619910186277983,0.619910186277983,,,,1.0
8,acetone_gsolv_eV,144,1.0,0.0,0.619910186277983,0.619910186277983,,,,1.0
8,acetone_gsolv_eV,145,1.0,0.0,0.619910186277983,0.619910186277983,,,,1.0
8,acetone_gsolv_eV,146,1.0,0.0,0.619910186277983,0.619910186277983,,,,1.0
8,acetone_gsolv_eV,147,1.0,0.0,0.619910186277983,0.619910186277983,,,,1.0
8,acetone_gsolv_eV,148,1.0,0.0,0.619910186277983,0.619910186277983,,,,1.0
8,acetone_gsolv_eV,149,1.0,0.0,0.619910186277983,0.619910186277983,,,,1.0
8,acetone_gsolv_eV,150,1.0,0.0,0.619910186277983,0.619910186277983,,,,1.0
8,acetone_gsolv_eV,151,1.0,0.0,0.619910186277983,0.619910186277983,,,,1.0
8,acetone_gsolv_eV,152,1.0,0.0,0.619910186277983,0.619910186277983,,,,1.0
8,acetone_gsolv_eV,153,1.0,0.0,0.619910186277983,0.619910186277983,,,,1.0
8,acetone_gsolv_eV,154,1.0,0.0,0.619910186277983,0.619910186277983,,,,1.0
8,acetone_gsolv_eV,155,1.0,0.0,0.619910186277983,0.619910186277983,,,,1.0
8,acetone_gsolv_eV,156,1.0,0.0,0.619910186277983,0.619910186277983,,,,1.0
8,acetone_gsolv_eV,157,1.0,0.0,0.619910186277983,0.619910186277983,,,,1.0
8,acetone_gsolv_eV,158,1.0,0.0,0.619910186277983,0.619910186277983,,,,1.0
8,acetone_gsolv_eV,159,1.0,0.0,0.619910186277983,0.619910186277983,,,,1.0
8,acetone_gsolv_eV,160,1.0,0.0,0.619910186277983,0.619910186277983,,,,1.0
8,acetone_gsolv_eV,161,1.0,0.0,0.619910186277983,0.619910186277983,,,,1.0
8,acetone_gsolv_eV,162,1.0,0.0,0.619910186277983,0.619910186277983,,,,1.0
8,acetone_gsolv_eV,163,1.0,0.0,0.619910186277983,0.619910186277983,,,,1.0
8,acetone_gsolv_eV,164,1.0,0.0,0.619910186277983,0.619910186277983,,,,1.0
8,acetone_gsolv_eV,165,1.0,0.0,0.619910186277983,0.619910186277983,,,,1.0
8,acetone_gsolv_eV,166,1.0,0.0,0.619910186277983,0.619910186277983,,,,1.0
8,acetone_gsolv_eV,167,1.0,0.0,0.619910186277983,0.619910186277983,,,,1.0
8,acetone_gsolv_eV,168,1.0,0.0,0.619910186277983,0.619910186277983,,,,1.0
8,acetone_gsolv_eV,169,1.0,0.0,0.619910186277983,0.619910186277983,,,,1.0
8,acetone_gsolv_eV,170,1.0,0.0,0.619910186277983,0.619910186277983,,,,1.0
8,acetone_gsolv_eV,171,1.0,0.0,0.619910186277983,0.619910186277983,,,,1.0
8,acetone_gsolv_eV,172,1.0,0.0,0.619910186277983,0.619910186277983,,,,1.0
8,acetone_gsolv_eV,173,1.0,0.0,0.619910186277983,0.619910186277983,,,,1.0
8,acetone_gsolv_eV,174,1.0,0.0,0.619910186277983,0.619910186277983,,,,1.0
8,acetone_gsolv_eV,175,1.0,0.0,0.619910186277983,0.619910186277983,,,,1.0
8,acetone_gsolv_eV,176,1.0,0.0,0.619910186277983,0.619910186277983,,,,1.0
8,acetone_gsolv_eV,177,1.0,0.0,0.619910186277983,0.619910186277983,,,,1.0
8,acetone_gsolv_eV,178,1.0,0.0,0.619910186277983,0.619910186277983,,,,1.0
8,acetone_gsolv_eV,179,1.0,0.0,0.619910186277983,0.619910186277983,,,,1.0
8,acetone_gsolv_eV,180,1.0,0.0,0.619910186277983,0.619910186277983,,,,1.0
8,acetone_gsolv_eV,181,1.0,0.0,0.619910186277983,0.619910186277983,,,,1.0
8,acetone_gsolv_eV,182,1.0,0.0,0.619910186277983,0.619910186277983,,,,1.0
8,acetone_gsolv_eV,183,1.0,0.0,0.619910186277983,0.619910186277983,,,,1.0
8,acetone_gsolv_eV,184,1.0,0.0,0.619910186277983,0.619910186277983,,,,1.0
8,acetone_gsolv_eV,185,1.0,0.0,0.619910186277983,0.619910186277983,,,,1.0
8,acetone_gsolv_eV,186,1.0,0.0,0.619910186277983,0.619910186277983,,,,1.0
8,acetone_gsolv_eV,187,1.0,0.0,0.619910186277983,0.619910186277983,,,,1.0
8,acetone_gsolv_eV,188,1.0,0.0,0.619910186277983,0.619910186277983,,,,1.0
8,acetone_gsolv_eV,189,1.0,0.0,0.619910186277983,0.619910186277983,,,,1.0
8,acetone_gsolv_eV,190,1.0,0.0,0.619910186277983,0.619910186277983,,,,1.0
8,acetone_gsolv_eV,191,1.0,0.0,0.619910186277983,0.619910186277983,,,,1.0
8,acetone_gsolv_eV,192,1.0,0.0,0.619910186277983,0.619910186277983,,,,1.0
8,acetone_gsolv_eV,193,1.0,0.0,0.619910186277983,0.619910186277983,,,,1.0
8,acetone_gsolv_eV,194,1.0,0.0,0.619910186277983,0.619910186277983,,,,1.0
8,acetone_gsolv_eV,195,1.0,0.0,0.619910186277983,0.619910186277983,,,,1.0
8,acetone_gsolv_eV,196,1.0,0.0,0.619910186277983,0.619910186277983,,,,1.0
8,acetone_gsolv_eV,197,1.0,0.0,0.619910186277983,0.619910186277983,,,,1.0
8,acetone_gsolv_eV,198,1.0,0.0,0.619910186277983,0.619910186277983,,,,1.0
8,acetone_gsolv_eV,199,1.0,0.0,0.619910186277983,0.619910186277983,,,,1.0
8,acetone_gsolv_eV,200,1.0,0.0,0.619910186277983,0.619910186277983,,,,1.0
8,acetone_gsolv_eV,201,1.0,0.0,0.619910186277983,0.619910186277983,,,,1.0
8,acetone_gsolv_eV,202,1.0,0.0,0.619910186277983,0.619910186277983,,,,1.0
8,acetone_gsolv_eV,203,1.0,0.0,0.619910186277983,0.619910186277983,,,,1.0
8,acetone_gsolv_eV,204,1.0,0.0,0.619910186277983,0.619910186277983,,,,1.0
8,acetone_gsolv_eV,205,1.0,0.0,0.619910186277983,0.619910186277983,,,,1.0
8,acetone_gsolv_eV,206,1.0,0.0,0.619910186277983,0.619910186277983,,,,1.0
8,acetone_gsolv_eV,207,1.0,0.0,0.619910186277983,0.619910186277983,,,,1.0
8,acetone_gsolv_eV,208,1.0,0.0,0.619910186277983,0.619910186277983,,,,1.0
8,acetone_gsolv_eV,209,1.0,0.0,0.619910186277983,0.619910186277983,,,,1.0
8,acetone_gsolv_eV,210,1.0,0.0,0.619910186277983,0.619910186277983,,,,1.0
8,acetone_gsolv_eV,211,1.0,0.0,0.619910186277983,0.619910186277983,,,,1.0
8,acetone_gsolv_eV,212,1.0,0.0,0.619910186277983,0.619910186277983,,,,1.0
8,acetone_gsolv_eV,213,1.0,0.0,0.619910186277983,0.619910186277983,,,,1.0
8,acetone_gsolv_eV,214,1.0,0.0,0.619910186277983,0.619910186277983,,,,1.0
8,acetone_gsolv_eV,215,1.0,0.0,0.619910186277983,0.619910186277983,,,,1.0
8,acetone_gsolv_eV,216,1.0,0.0,0.619910186277983,0.619910186277983,,,,1.0
8,acetone_gsolv_eV,217,1.0,0.0,0.619910186277983,0.619910186277983,,,,1.0
8,acetone_gsolv_eV,218,1.0,0.0,0.619910186277983,0.619910186277983,,,,1.0
8,acetone_gsolv_eV,219,1.0,0.0,0.619910186277983,0.619910186277983,,,,1.0
8,acetone_gsolv_eV,220,1.0,0.0,0.619910186277983,0.619910186277983,,,,1.0
8,acetone_gsolv_eV,221,1.0,0.0,0.619910186277983,0.619910186277983,,,,1.0
8,acetone_gsolv_eV,222,1.0,0.0,0.619910186277983,0.619910186277983,,,,1.0
8,acetone_gsolv_eV,223,1.0,0.0,0.619910186277983,0.619910186277983,,,,1.0
8,acetone_gsolv_eV,224,1.0,0.0,0.619910186277983,0.619910186277983,,,,1.0
8,acetone_gsolv_eV,225,1.0,0.0,0.619910186277983,0.619910186277983,,,,1.0
8,acetone_gsolv_eV,226,1.0,0.0,0.619910186277983,0.619910186277983,,,,1.0
8,acetone_gsolv_eV,227,1.0,0.0,0.619910186277983,0.619910186277983,,,,1.0
8,acetone_gsolv_eV,228,1.0,0.0,0.619910186277983,0.619910186277983,,,,1.0
8,acetone_gsolv_eV,229,1.0,0.0,0.619910186277983,0.619910186277983,,,,1.0
8,acetone_gsolv_eV,230,1.0,0.0,0.619910186277983,0.619910186277983,,,,1.0
8,acetone_gsolv_eV,231,1.0,0.0,0.619910186277983,0.619910186277983,,,,1.0
8,acetone_gsolv_eV,232,1.0,0.0,0.619910186277983,0.619910186277983,,,,1.0
8,acetone_gsolv_eV,233,1.0,0.0,0.619910186277983,0.619910186277983,,,,1.0
8,acetone_gsolv_eV,234,1.0,0.0,0.619910186277983,0.619910186277983,,,,1.0
8,acetone_gsolv_eV,235,1.0,0.0,0.619910186277983,0.619910186277983,,,,1.0
8,acetone_gsolv_eV,236,1.0,0.0,0.619910186277983,0.619910186277983,,,,1.0
8,acetone_gsolv_eV,237,1.0,0.0,0.619910186277983,0.619910186277983,,,,1.0
8,acetone_gsolv_eV,238,1.0,0.0,0.619910186277983,0.619910186277983,,,,1.0
8,acetone_gsolv_eV,239,1.0,0.0,0.619910186277983,0.619910186277983,,,,1.0
8,acetone_gsolv_eV,240,1.0,0.0,0.619910186277983,0.619910186277983,,,,1.0
8,acetone_gsolv_eV,241,1.0,0.0,0.619910186277983,0.619910186277983,,,,1.0
8,acetone_gsolv_eV,242,1.0,0.0,0.619910186277983,0.619910186277983,,,,1.0
8,acetone_gsolv_eV,243,1.0,0.0,0.619910186277983,0.619910186277983,,,,1.0
8,acetone_gsolv_eV,244,1.0,0.0,0.619910186277983,0.619910186277983,,,,1.0
8,acetone_gsolv_eV,245,1.0,0.0,0.619910186277983,0.619910186277983,,,,1.0
8,acetone_gsolv_eV,246,1.0,0.0,0.619910186277983,0.619910186277983,,,,1.0
8,acetone_gsolv_eV,247,1.0,0.0,0.619910186277983,0.619910186277983,,,,1.0
8,acetone_gsolv_eV,248,1.0,0.0,0.619910186277983,0.619910186277983,,,,1.0
8,acetone_gsolv_eV,249,1.0,0.0,0.619910186277983,0.619910186277983,,,,1.0
8,acetone_hl_gap_eV,0,1.0,0.0,0.6995405221475373,0.6995405221475373,,,,1.0
8,acetone_hl_gap_eV,1,1.0,0.0,0.6995405221475373,0.6995405221475373,,,,1.0
8,acetone_hl_gap_eV,2,1.0,0.0,0.6995405221475373,0.6995405221475373,,,,1.0
8,acetone_hl_gap_eV,3,1.0,0.0,0.6995405221475373,0.6995405221475373,,,,1.0
8,acetone_hl_gap_eV,4,1.0,0.0,0.6995405221475373,0.6995405221475373,,,,1.0
8,acetone_hl_gap_eV,5,1.0,0.0,0.6995405221475373,0.6995405221475373,,,,1.0
8,acetone_hl_gap_eV,6,1.0,0.0,0.6995405221475373,0.6995405221475373,,,,1.0
8,acetone_hl_gap_eV,7,1.0,0.0,0.6995405221475373,0.6995405221475373,,,,1.0
8,acetone_hl_gap_eV,8,1.0,0.0,0.6995405221475373,0.6995405221475373,,,,1.0
8,acetone_hl_gap_eV,9,1.0,0.0,0.6995405221475373,0.6995405221475373,,,,1.0
8,acetone_hl_gap_eV,10,1.0,0.0,0.6995405221475373,0.6995405221475373,,,,1.0
8,acetone_hl_gap_eV,11,1.0,0.0,0.6995405221475373,0.6995405221475373,,,,1.0
8,acetone_hl_gap_eV,12,1.0,0.0,0.6995405221475373,0.6995405221475373,,,,1.0
8,acetone_hl_gap_eV,13,1.0,0.0,0.6995405221475373,0.6995405221475373,,,,1.0
8,acetone_hl_gap_eV,14,1.0,0.0,0.6995405221475373,0.6995405221475373,,,,1.0
8,acetone_hl_gap_eV,15,1.0,0.0,0.6995405221475373,0.6995405221475373,,,,1.0
8,acetone_hl_gap_eV,16,1.0,0.0,0.6995405221475373,0.6995405221475373,,,,1.0
8,acetone_hl_gap_eV,17,1.0,0.0,0.6995405221475373,0.6995405221475373,,,,1.0
8,acetone_hl_gap_eV,18,1.0,0.0,0.6995405221475373,0.6995405221475373,,,,1.0
8,acetone_hl_gap_eV,19,1.0,0.0,0.6995405221475373,0.6995405221475373,,,,1.0
8,acetone_hl_gap_eV,20,1.0,0.0,0.6995405221475373,0.6995405221475373,,,,1.0
8,acetone_hl_gap_eV,21,1.0,0.0,0.6995405221475373,0.6995405221475373,,,,1.0
8,acetone_hl_gap_eV,22,1.0,0.0,0.6995405221475373,0.6995405221475373,,,,1.0
8,acetone_hl_gap_eV,23,1.0,0.0,0.6995405221475373,0.6995405221475373,,,,1.0
8,acetone_hl_gap_eV,24,1.0,0.0,0.6995405221475373,0.6995405221475373,,,,1.0
8,acetone_hl_gap_eV,25,1.0,0.0,0.6995405221475373,0.6995405221475373,,,,1.0
8,acetone_hl_gap_eV,26,1.0,0.0,0.6995405221475373,0.6995405221475373,,,,1.0
8,acetone_hl_gap_eV,27,1.0,0.0,0.6995405221475373,0.6995405221475373,,,,1.0
8,acetone_hl_gap_eV,28,1.0,0.0,0.6995405221475373,0.6995405221475373,,,,1.0
8,acetone_hl_gap_eV,29,1.0,0.0,0.6995405221475373,0.6995405221475373,,,,1.0
8,acetone_hl_gap_eV,30,1.0,0.0,0.6995405221475373,0.6995405221475373,,,,1.0
8,acetone_hl_gap_eV,31,1.0,0.0,0.6995405221475373,0.6995405221475373,,,,1.0
8,acetone_hl_gap_eV,32,1.0,0.0,0.6995405221475373,0.6995405221475373,,,,1.0
8,acetone_hl_gap_eV,33,1.0,0.0,0.6995405221475373,0.6995405221475373,,,,1.0
8,acetone_hl_gap_eV,34,1.0,0.0,0.6995405221475373,0.6995405221475373,,,,1.0
8,acetone_hl_gap_eV,35,1.0,0.0,0.6995405221475373,0.6995405221475373,,,,1.0
8,acetone_hl_gap_eV,36,1.0,0.0,0.6995405221475373,0.6995405221475373,,,,1.0
8,acetone_hl_gap_eV,37,1.0,0.0,0.6995405221475373,0.6995405221475373,,,,1.0
8,acetone_hl_gap_eV,38,1.0,0.0,0.6995405221475373,0.6995405221475373,,,,1.0
8,acetone_hl_gap_eV,39,1.0,0.0,0.6995405221475373,0.6995405221475373,,,,1.0
8,acetone_hl_gap_eV,40,1.0,0.0,0.6995405221475373,0.6995405221475373,,,,1.0
8,acetone_hl_gap_eV,41,1.0,0.0,0.6995405221475373,0.6995405221475373,,,,1.0
8,acetone_hl_gap_eV,42,1.0,0.0,0.6995405221475373,0.6995405221475373,,,,1.0
8,acetone_hl_gap_eV,43,1.0,0.0,0.6995405221475373,0.6995405221475373,,,,1.0
8,acetone_hl_gap_eV,44,1.0,0.0,0.6995405221475373,0.6995405221475373,,,,1.0
8,acetone_hl_gap_eV,45,1.0,0.0,0.6995405221475373,0.6995405221475373,,,,1.0
8,acetone_hl_gap_eV,46,1.0,0.0,0.6995405221475373,0.6995405221475373,,,,1.0
8,acetone_hl_gap_eV,47,1.0,0.0,0.6995405221475373,0.6995405221475373,,,,1.0
8,acetone_hl_gap_eV,48,1.0,0.0,0.6995405221475373,0.6995405221475373,,,,1.0
8,acetone_hl_gap_eV,49,1.0,0.0,0.6995405221475373,0.6995405221475373,,,,1.0
8,acetone_hl_gap_eV,50,1.0,0.0,0.6995405221475373,0.6995405221475373,,,,1.0
8,acetone_hl_gap_eV,51,1.0,0.0,0.6995405221475373,0.6995405221475373,,,,1.0
8,acetone_hl_gap_eV,52,1.0,0.0,0.6995405221475373,0.6995405221475373,,,,1.0
8,acetone_hl_gap_eV,53,1.0,0.0,0.6995405221475373,0.6995405221475373,,,,1.0
8,acetone_hl_gap_eV,54,1.0,0.0,0.6995405221475373,0.6995405221475373,,,,1.0
8,acetone_hl_gap_eV,55,1.0,0.0,0.6995405221475373,0.6995405221475373,,,,1.0
8,acetone_hl_gap_eV,56,1.0,0.0,0.6995405221475373,0.6995405221475373,,,,1.0
8,acetone_hl_gap_eV,57,1.0,0.0,0.6995405221475373,0.6995405221475373,,,,1.0
8,acetone_hl_gap_eV,58,1.0,0.0,0.6995405221475373,0.6995405221475373,,,,1.0
8,acetone_hl_gap_eV,59,1.0,0.0,0.6995405221475373,0.6995405221475373,,,,1.0
8,acetone_hl_gap_eV,60,1.0,0.0,0.6995405221475373,0.6995405221475373,,,,1.0
8,acetone_hl_gap_eV,61,1.0,0.0,0.6995405221475373,0.6995405221475373,,,,1.0
8,acetone_hl_gap_eV,62,1.0,0.0,0.6995405221475373,0.6995405221475373,,,,1.0
8,acetone_hl_gap_eV,63,1.0,0.0,0.6995405221475373,0.6995405221475373,,,,1.0
8,acetone_hl_gap_eV,64,1.0,0.0,0.6995405221475373,0.6995405221475373,,,,1.0
8,acetone_hl_gap_eV,65,1.0,0.0,0.6995405221475373,0.6995405221475373,,,,1.0
8,acetone_hl_gap_eV,66,1.0,0.0,0.6995405221475373,0.6995405221475373,,,,1.0
8,acetone_hl_gap_eV,67,1.0,0.0,0.6995405221475373,0.6995405221475373,,,,1.0
8,acetone_hl_gap_eV,68,1.0,0.0,0.6995405221475373,0.6995405221475373,,,,1.0
8,acetone_hl_gap_eV,69,1.0,0.0,0.6995405221475373,0.6995405221475373,,,,1.0
8,acetone_hl_gap_eV,70,1.0,0.0,0.6995405221475373,0.6995405221475373,,,,1.0
8,acetone_hl_gap_eV,71,1.0,0.0,0.6995405221475373,0.6995405221475373,,,,1.0
8,acetone_hl_gap_eV,72,1.0,0.0,0.6995405221475373,0.6995405221475373,,,,1.0
8,acetone_hl_gap_eV,73,1.0,0.0,0.6995405221475373,0.6995405221475373,,,,1.0
8,acetone_hl_gap_eV,74,1.0,0.0,0.6995405221475373,0.6995405221475373,,,,1.0
8,acetone_hl_gap_eV,75,1.0,0.0,0.6995405221475373,0.6995405221475373,,,,1.0
8,acetone_hl_gap_eV,76,1.0,0.0,0.6995405221475373,0.6995405221475373,,,,1.0
8,acetone_hl_gap_eV,77,1.0,0.0,0.6995405221475373,0.6995405221475373,,,,1.0
8,acetone_hl_gap_eV,78,1.0,0.0,0.6995405221475373,0.6995405221475373,,,,1.0
8,acetone_hl_gap_eV,79,1.0,0.0,0.6995405221475373,0.6995405221475373,,,,1.0
8,acetone_hl_gap_eV,80,1.0,0.0,0.6995405221475373,0.6995405221475373,,,,1.0
8,acetone_hl_gap_eV,81,1.0,0.0,0.6995405221475373,0.6995405221475373,,,,1.0
8,acetone_hl_gap_eV,82,1.0,0.0,0.6995405221475373,0.6995405221475373,,,,1.0
8,acetone_hl_gap_eV,83,1.0,0.0,0.6995405221475373,0.6995405221475373,,,,1.0
8,acetone_hl_gap_eV,84,1.0,0.0,0.6995405221475373,0.6995405221475373,,,,1.0
8,acetone_hl_gap_eV,85,1.0,0.0,0.6995405221475373,0.6995405221475373,,,,1.0
8,acetone_hl_gap_eV,86,1.0,0.0,0.6995405221475373,0.6995405221475373,,,,1.0
8,acetone_hl_gap_eV,87,1.0,0.0,0.6995405221475373,0.6995405221475373,,,,1.0
8,acetone_hl_gap_eV,88,1.0,0.0,0.6995405221475373,0.6995405221475373,,,,1.0
8,acetone_hl_gap_eV,89,1.0,0.0,0.6995405221475373,0.6995405221475373,,,,1.0
8,acetone_hl_gap_eV,90,1.0,0.0,0.6995405221475373,0.6995405221475373,,,,1.0
8,acetone_hl_gap_eV,91,1.0,0.0,0.6995405221475373,0.6995405221475373,,,,1.0
8,acetone_hl_gap_eV,92,1.0,0.0,0.6995405221475373,0.6995405221475373,,,,1.0
8,acetone_hl_gap_eV,93,1.0,0.0,0.6995405221475373,0.6995405221475373,,,,1.0
8,acetone_hl_gap_eV,94,1.0,0.0,0.6995405221475373,0.6995405221475373,,,,1.0
8,acetone_hl_gap_eV,95,1.0,0.0,0.6995405221475373,0.6995405221475373,,,,1.0
8,acetone_hl_gap_eV,96,1.0,0.0,0.6995405221475373,0.6995405221475373,,,,1.0
8,acetone_hl_gap_eV,97,1.0,0.0,0.6995405221475373,0.6995405221475373,,,,1.0
8,acetone_hl_gap_eV,98,1.0,0.0,0.6995405221475373,0.6995405221475373,,,,1.0
8,acetone_hl_gap_eV,99,1.0,0.0,0.6995405221475373,0.6995405221475373,,,,1.0
8,acetone_hl_gap_eV,100,1.0,0.0,0.6995405221475373,0.6995405221475373,,,,1.0
8,acetone_hl_gap_eV,101,1.0,0.0,0.6995405221475373,0.6995405221475373,,,,1.0
8,acetone_hl_gap_eV,102,1.0,0.0,0.6995405221475373,0.6995405221475373,,,,1.0
8,acetone_hl_gap_eV,103,1.0,0.0,0.6995405221475373,0.6995405221475373,,,,1.0
8,acetone_hl_gap_eV,104,1.0,0.0,0.6995405221475373,0.6995405221475373,,,,1.0
8,acetone_hl_gap_eV,105,1.0,0.0,0.6995405221475373,0.6995405221475373,,,,1.0
8,acetone_hl_gap_eV,106,1.0,0.0,0.6995405221475373,0.6995405221475373,,,,1.0
8,acetone_hl_gap_eV,107,1.0,0.0,0.6995405221475373,0.6995405221475373,,,,1.0
8,acetone_hl_gap_eV,108,1.0,0.0,0.6995405221475373,0.6995405221475373,,,,1.0
8,acetone_hl_gap_eV,109,1.0,0.0,0.6995405221475373,0.6995405221475373,,,,1.0
8,acetone_hl_gap_eV,110,1.0,0.0,0.6995405221475373,0.6995405221475373,,,,1.0
8,acetone_hl_gap_eV,111,1.0,0.0,0.6995405221475373,0.6995405221475373,,,,1.0
8,acetone_hl_gap_eV,112,1.0,0.0,0.6995405221475373,0.6995405221475373,,,,1.0
8,acetone_hl_gap_eV,113,1.0,0.0,0.6995405221475373,0.6995405221475373,,,,1.0
8,acetone_hl_gap_eV,114,1.0,0.0,0.6995405221475373,0.6995405221475373,,,,1.0
8,acetone_hl_gap_eV,115,1.0,0.0,0.6995405221475373,0.6995405221475373,,,,1.0
8,acetone_hl_gap_eV,116,1.0,0.0,0.6995405221475373,0.6995405221475373,,,,1.0
8,acetone_hl_gap_eV,117,1.0,0.0,0.6995405221475373,0.6995405221475373,,,,1.0
8,acetone_hl_gap_eV,118,1.0,0.0,0.6995405221475373,0.6995405221475373,,,,1.0
8,acetone_hl_gap_eV,119,1.0,0.0,0.6995405221475373,0.6995405221475373,,,,1.0
8,acetone_hl_gap_eV,120,1.0,0.0,0.6995405221475373,0.6995405221475373,,,,1.0
8,acetone_hl_gap_eV,121,1.0,0.0,0.6995405221475373,0.6995405221475373,,,,1.0
8,acetone_hl_gap_eV,122,1.0,0.0,0.6995405221475373,0.6995405221475373,,,,1.0
8,acetone_hl_gap_eV,123,1.0,0.0,0.6995405221475373,0.6995405221475373,,,,1.0
8,acetone_hl_gap_eV,124,1.0,0.0,0.6995405221475373,0.6995405221475373,,,,1.0
8,acetone_hl_gap_eV,125,1.0,0.0,0.6995405221475373,0.6995405221475373,,,,1.0
8,acetone_hl_gap_eV,126,1.0,0.0,0.6995405221475373,0.6995405221475373,,,,1.0
8,acetone_hl_gap_eV,127,1.0,0.0,0.6995405221475373,0.6995405221475373,,,,1.0
8,acetone_hl_gap_eV,128,1.0,0.0,0.6995405221475373,0.6995405221475373,,,,1.0
8,acetone_hl_gap_eV,129,1.0,0.0,0.6995405221475373,0.6995405221475373,,,,1.0
8,acetone_hl_gap_eV,130,1.0,0.0,0.6995405221475373,0.6995405221475373,,,,1.0
8,acetone_hl_gap_eV,131,1.0,0.0,0.6995405221475373,0.6995405221475373,,,,1.0
8,acetone_hl_gap_eV,132,1.0,0.0,0.6995405221475373,0.6995405221475373,,,,1.0
8,acetone_hl_gap_eV,133,1.0,0.0,0.6995405221475373,0.6995405221475373,,,,1.0
8,acetone_hl_gap_eV,134,1.0,0.0,0.6995405221475373,0.6995405221475373,,,,1.0
8,acetone_hl_gap_eV,135,1.0,0.0,0.6995405221475373,0.6995405221475373,,,,1.0
8,acetone_hl_gap_eV,136,1.0,0.0,0.6995405221475373,0.6995405221475373,,,,1.0
8,acetone_hl_gap_eV,137,1.0,0.0,0.6995405221475373,0.6995405221475373,,,,1.0
8,acetone_hl_gap_eV,138,1.0,0.0,0.6995405221475373,0.6995405221475373,,,,1.0
8,acetone_hl_gap_eV,139,1.0,0.0,0.6995405221475373,0.6995405221475373,,,,1.0
8,acetone_hl_gap_eV,140,1.0,0.0,0.6995405221475373,0.6995405221475373,,,,1.0
8,acetone_hl_gap_eV,141,1.0,0.0,0.6995405221475373,0.6995405221475373,,,,1.0
8,acetone_hl_gap_eV,142,1.0,0.0,0.6995405221475373,0.6995405221475373,,,,1.0
8,acetone_hl_gap_eV,143,1.0,0.0,0.6995405221475373,0.6995405221475373,,,,1.0
8,acetone_hl_gap_eV,144,1.0,0.0,0.6995405221475373,0.6995405221475373,,,,1.0
8,acetone_hl_gap_eV,145,1.0,0.0,0.6995405221475373,0.6995405221475373,,,,1.0
8,acetone_hl_gap_eV,146,1.0,0.0,0.6995405221475373,0.6995405221475373,,,,1.0
8,acetone_hl_gap_eV,147,1.0,0.0,0.6995405221475373,0.6995405221475373,,,,1.0
8,acetone_hl_gap_eV,148,1.0,0.0,0.6995405221475373,0.6995405221475373,,,,1.0
8,acetone_hl_gap_eV,149,1.0,0.0,0.6995405221475373,0.6995405221475373,,,,1.0
8,acetone_hl_gap_eV,150,1.0,0.0,0.6995405221475373,0.6995405221475373,,,,1.0
8,acetone_hl_gap_eV,151,1.0,0.0,0.6995405221475373,0.6995405221475373,,,,1.0
8,acetone_hl_gap_eV,152,1.0,0.0,0.6995405221475373,0.6995405221475373,,,,1.0
8,acetone_hl_gap_eV,153,1.0,0.0,0.6995405221475373,0.6995405221475373,,,,1.0
8,acetone_hl_gap_eV,154,1.0,0.0,0.6995405221475373,0.6995405221475373,,,,1.0
8,acetone_hl_gap_eV,155,1.0,0.0,0.6995405221475373,0.6995405221475373,,,,1.0
8,acetone_hl_gap_eV,156,1.0,0.0,0.6995405221475373,0.6995405221475373,,,,1.0
8,acetone_hl_gap_eV,157,1.0,0.0,0.6995405221475373,0.6995405221475373,,,,1.0
8,acetone_hl_gap_eV,158,1.0,0.0,0.6995405221475373,0.6995405221475373,,,,1.0
8,acetone_hl_gap_eV,159,1.0,0.0,0.6995405221475373,0.6995405221475373,,,,1.0
8,acetone_hl_gap_eV,160,1.0,0.0,0.6995405221475373,0.6995405221475373,,,,1.0
8,acetone_hl_gap_eV,161,1.0,0.0,0.6995405221475373,0.6995405221475373,,,,1.0
8,acetone_hl_gap_eV,162,1.0,0.0,0.6995405221475373,0.6995405221475373,,,,1.0
8,acetone_hl_gap_eV,163,1.0,0.0,0.6995405221475373,0.6995405221475373,,,,1.0
8,acetone_hl_gap_eV,164,1.0,0.0,0.6995405221475373,0.6995405221475373,,,,1.0
8,acetone_hl_gap_eV,165,1.0,0.0,0.6995405221475373,0.6995405221475373,,,,1.0
8,acetone_hl_gap_eV,166,1.0,0.0,0.6995405221475373,0.6995405221475373,,,,1.0
8,acetone_hl_gap_eV,167,1.0,0.0,0.6995405221475373,0.6995405221475373,,,,1.0
8,acetone_hl_gap_eV,168,1.0,0.0,0.6995405221475373,0.6995405221475373,,,,1.0
8,acetone_hl_gap_eV,169,1.0,0.0,0.6995405221475373,0.6995405221475373,,,,1.0
8,acetone_hl_gap_eV,170,1.0,0.0,0.6995405221475373,0.6995405221475373,,,,1.0
8,acetone_hl_gap_eV,171,1.0,0.0,0.6995405221475373,0.6995405221475373,,,,1.0
8,acetone_hl_gap_eV,172,1.0,0.0,0.6995405221475373,0.6995405221475373,,,,1.0
8,acetone_hl_gap_eV,173,1.0,0.0,0.6995405221475373,0.6995405221475373,,,,1.0
8,acetone_hl_gap_eV,174,1.0,0.0,0.6995405221475373,0.6995405221475373,,,,1.0
8,acetone_hl_gap_eV,175,1.0,0.0,0.6995405221475373,0.6995405221475373,,,,1.0
8,acetone_hl_gap_eV,176,1.0,0.0,0.6995405221475373,0.6995405221475373,,,,1.0
8,acetone_hl_gap_eV,177,1.0,0.0,0.6995405221475373,0.6995405221475373,,,,1.0
8,acetone_hl_gap_eV,178,1.0,0.0,0.6995405221475373,0.6995405221475373,,,,1.0
8,acetone_hl_gap_eV,179,1.0,0.0,0.6995405221475373,0.6995405221475373,,,,1.0
8,acetone_hl_gap_eV,180,1.0,0.0,0.6995405221475373,0.6995405221475373,,,,1.0
8,acetone_hl_gap_eV,181,1.0,0.0,0.6995405221475373,0.6995405221475373,,,,1.0
8,acetone_hl_gap_eV,182,1.0,0.0,0.6995405221475373,0.6995405221475373,,,,1.0
8,acetone_hl_gap_eV,183,1.0,0.0,0.6995405221475373,0.6995405221475373,,,,1.0
8,acetone_hl_gap_eV,184,1.0,0.0,0.6995405221475373,0.6995405221475373,,,,1.0
8,acetone_hl_gap_eV,185,1.0,0.0,0.6995405221475373,0.6995405221475373,,,,1.0
8,acetone_hl_gap_eV,186,1.0,0.0,0.6995405221475373,0.6995405221475373,,,,1.0
8,acetone_hl_gap_eV,187,1.0,0.0,0.6995405221475373,0.6995405221475373,,,,1.0
8,acetone_hl_gap_eV,188,1.0,0.0,0.6995405221475373,0.6995405221475373,,,,1.0
8,acetone_hl_gap_eV,189,1.0,0.0,0.6995405221475373,0.6995405221475373,,,,1.0
8,acetone_hl_gap_eV,190,1.0,0.0,0.6995405221475373,0.6995405221475373,,,,1.0
8,acetone_hl_gap_eV,191,1.0,0.0,0.6995405221475373,0.6995405221475373,,,,1.0
8,acetone_hl_gap_eV,192,1.0,0.0,0.6995405221475373,0.6995405221475373,,,,1.0
8,acetone_hl_gap_eV,193,1.0,0.0,0.6995405221475373,0.6995405221475373,,,,1.0
8,acetone_hl_gap_eV,194,1.0,0.0,0.6995405221475373,0.6995405221475373,,,,1.0
8,acetone_hl_gap_eV,195,1.0,0.0,0.6995405221475373,0.6995405221475373,,,,1.0
8,acetone_hl_gap_eV,196,1.0,0.0,0.6995405221475373,0.6995405221475373,,,,1.0
8,acetone_hl_gap_eV,197,1.0,0.0,0.6995405221475373,0.6995405221475373,,,,1.0
8,acetone_hl_gap_eV,198,1.0,0.0,0.6995405221475373,0.6995405221475373,,,,1.0
8,acetone_hl_gap_eV,199,1.0,0.0,0.6995405221475373,0.6995405221475373,,,,1.0
8,acetone_hl_gap_eV,200,1.0,0.0,0.6995405221475373,0.6995405221475373,,,,1.0
8,acetone_hl_gap_eV,201,1.0,0.0,0.6995405221475373,0.6995405221475373,,,,1.0
8,acetone_hl_gap_eV,202,1.0,0.0,0.6995405221475373,0.6995405221475373,,,,1.0
8,acetone_hl_gap_eV,203,1.0,0.0,0.6995405221475373,0.6995405221475373,,,,1.0
8,acetone_hl_gap_eV,204,1.0,0.0,0.6995405221475373,0.6995405221475373,,,,1.0
8,acetone_hl_gap_eV,205,1.0,0.0,0.6995405221475373,0.6995405221475373,,,,1.0
8,acetone_hl_gap_eV,206,1.0,0.0,0.6995405221475373,0.6995405221475373,,,,1.0
8,acetone_hl_gap_eV,207,1.0,0.0,0.6995405221475373,0.6995405221475373,,,,1.0
8,acetone_hl_gap_eV,208,1.0,0.0,0.6995405221475373,0.6995405221475373,,,,1.0
8,acetone_hl_gap_eV,209,1.0,0.0,0.6995405221475373,0.6995405221475373,,,,1.0
8,acetone_hl_gap_eV,210,1.0,0.0,0.6995405221475373,0.6995405221475373,,,,1.0
8,acetone_hl_gap_eV,211,1.0,0.0,0.6995405221475373,0.6995405221475373,,,,1.0
8,acetone_hl_gap_eV,212,1.0,0.0,0.6995405221475373,0.6995405221475373,,,,1.0
8,acetone_hl_gap_eV,213,1.0,0.0,0.6995405221475373,0.6995405221475373,,,,1.0
8,acetone_hl_gap_eV,214,1.0,0.0,0.6995405221475373,0.6995405221475373,,,,1.0
8,acetone_hl_gap_eV,215,1.0,0.0,0.6995405221475373,0.6995405221475373,,,,1.0
8,acetone_hl_gap_eV,216,1.0,0.0,0.6995405221475373,0.6995405221475373,,,,1.0
8,acetone_hl_gap_eV,217,1.0,0.0,0.6995405221475373,0.6995405221475373,,,,1.0
8,acetone_hl_gap_eV,218,1.0,0.0,0.6995405221475373,0.6995405221475373,,,,1.0
8,acetone_hl_gap_eV,219,1.0,0.0,0.6995405221475373,0.6995405221475373,,,,1.0
8,acetone_hl_gap_eV,220,1.0,0.0,0.6995405221475373,0.6995405221475373,,,,1.0
8,acetone_hl_gap_eV,221,1.0,0.0,0.6995405221475373,0.6995405221475373,,,,1.0
8,acetone_hl_gap_eV,222,1.0,0.0,0.6995405221475373,0.6995405221475373,,,,1.0
8,acetone_hl_gap_eV,223,1.0,0.0,0.6995405221475373,0.6995405221475373,,,,1.0
8,acetone_hl_gap_eV,224,1.0,0.0,0.6995405221475373,0.6995405221475373,,,,1.0
8,acetone_hl_gap_eV,225,1.0,0.0,0.6995405221475373,0.6995405221475373,,,,1.0
8,acetone_hl_gap_eV,226,1.0,0.0,0.6995405221475373,0.6995405221475373,,,,1.0
8,acetone_hl_gap_eV,227,1.0,0.0,0.6995405221475373,0.6995405221475373,,,,1.0
8,acetone_hl_gap_eV,228,1.0,0.0,0.6995405221475373,0.6995405221475373,,,,1.0
8,acetone_hl_gap_eV,229,1.0,0.0,0.6995405221475373,0.6995405221475373,,,,1.0
8,acetone_hl_gap_eV,230,1.0,0.0,0.6995405221475373,0.6995405221475373,,,,1.0
8,acetone_hl_gap_eV,231,1.0,0.0,0.6995405221475373,0.6995405221475373,,,,1.0
8,acetone_hl_gap_eV,232,1.0,0.0,0.6995405221475373,0.6995405221475373,,,,1.0
8,acetone_hl_gap_eV,233,1.0,0.0,0.6995405221475373,0.6995405221475373,,,,1.0
8,acetone_hl_gap_eV,234,1.0,0.0,0.6995405221475373,0.6995405221475373,,,,1.0
8,acetone_hl_gap_eV,235,1.0,0.0,0.6995405221475373,0.6995405221475373,,,,1.0
8,acetone_hl_gap_eV,236,1.0,0.0,0.6995405221475373,0.6995405221475373,,,,1.0
8,acetone_hl_gap_eV,237,1.0,0.0,0.6995405221475373,0.6995405221475373,,,,1.0
8,acetone_hl_gap_eV,238,1.0,0.0,0.6995405221475373,0.6995405221475373,,,,1.0
8,acetone_hl_gap_eV,239,1.0,0.0,0.6995405221475373,0.6995405221475373,,,,1.0
8,acetone_hl_gap_eV,240,1.0,0.0,0.6995405221475373,0.6995405221475373,,,,1.0
8,acetone_hl_gap_eV,241,1.0,0.0,0.6995405221475373,0.6995405221475373,,,,1.0
8,acetone_hl_gap_eV,242,1.0,0.0,0.6995405221475373,0.6995405221475373,,,,1.0
8,acetone_hl_gap_eV,243,1.0,0.0,0.6995405221475373,0.6995405221475373,,,,1.0
8,acetone_hl_gap_eV,244,1.0,0.0,0.6995405221475373,0.6995405221475373,,,,1.0
8,acetone_hl_gap_eV,245,1.0,0.0,0.6995405221475373,0.6995405221475373,,,,1.0
8,acetone_hl_gap_eV,246,1.0,0.0,0.6995405221475373,0.6995405221475373,,,,1.0
8,acetone_hl_gap_eV,247,1.0,0.0,0.6995405221475373,0.6995405221475373,,,,1.0
8,acetone_hl_gap_eV,248,1.0,0.0,0.6995405221475373,0.6995405221475373,,,,1.0
8,acetone_hl_gap_eV,249,1.0,0.0,0.6995405221475373,0.6995405221475373,,,,1.0
8,acetone_dipole,0,0.9999998807907104,0.0,0.6198333678274446,0.6198333678274446,,,,1.0
8,acetone_dipole,1,0.9999998807907104,0.0,0.6198333678274446,0.6198333678274446,,,,1.0
8,acetone_dipole,2,0.9999998807907104,0.0,0.6198333678274446,0.6198333678274446,,,,1.0
8,acetone_dipole,3,0.9999998807907104,0.0,0.6198333678274446,0.6198333678274446,,,,1.0
8,acetone_dipole,4,0.9999998807907104,0.0,0.6198333678274446,0.6198333678274446,,,,1.0
8,acetone_dipole,5,0.9999998807907104,0.0,0.6198333678274446,0.6198333678274446,,,,1.0
8,acetone_dipole,6,0.9999998807907104,0.0,0.6198333678274446,0.6198333678274446,,,,1.0
8,acetone_dipole,7,0.9999998807907104,0.0,0.6198333678274446,0.6198333678274446,,,,1.0
8,acetone_dipole,8,0.9999998807907104,0.0,0.6198333678274446,0.6198333678274446,,,,1.0
8,acetone_dipole,9,0.9999998807907104,0.0,0.6198333678274446,0.6198333678274446,,,,1.0
8,acetone_dipole,10,0.9999998807907104,0.0,0.6198333678274446,0.6198333678274446,,,,1.0
8,acetone_dipole,11,0.9999998807907104,0.0,0.6198333678274446,0.6198333678274446,,,,1.0
8,acetone_dipole,12,0.9999998807907104,0.0,0.6198333678274446,0.6198333678274446,,,,1.0
8,acetone_dipole,13,0.9999998807907104,0.0,0.6198333678274446,0.6198333678274446,,,,1.0
8,acetone_dipole,14,0.9999998807907104,0.0,0.6198333678274446,0.6198333678274446,,,,1.0
8,acetone_dipole,15,0.9999998807907104,0.0,0.6198333678274446,0.6198333678274446,,,,1.0
8,acetone_dipole,16,0.9999998807907104,0.0,0.6198333678274446,0.6198333678274446,,,,1.0
8,acetone_dipole,17,0.9999998807907104,0.0,0.6198333678274446,0.6198333678274446,,,,1.0
8,acetone_dipole,18,0.9999998807907104,0.0,0.6198333678274446,0.6198333678274446,,,,1.0
8,acetone_dipole,19,0.9999998807907104,0.0,0.6198333678274446,0.6198333678274446,,,,1.0
8,acetone_dipole,20,0.9999998807907104,0.0,0.6198333678274446,0.6198333678274446,,,,1.0
8,acetone_dipole,21,0.9999998807907104,0.0,0.6198333678274446,0.6198333678274446,,,,1.0
8,acetone_dipole,22,0.9999998807907104,0.0,0.6198333678274446,0.6198333678274446,,,,1.0
8,acetone_dipole,23,0.9999998807907104,0.0,0.6198333678274446,0.6198333678274446,,,,1.0
8,acetone_dipole,24,0.9999998807907104,0.0,0.6198333678274446,0.6198333678274446,,,,1.0
8,acetone_dipole,25,0.9999998807907104,0.0,0.6198333678274446,0.6198333678274446,,,,1.0
8,acetone_dipole,26,0.9999998807907104,0.0,0.6198333678274446,0.6198333678274446,,,,1.0
8,acetone_dipole,27,0.9999998807907104,0.0,0.6198333678274446,0.6198333678274446,,,,1.0
8,acetone_dipole,28,0.9999998807907104,0.0,0.6198333678274446,0.6198333678274446,,,,1.0
8,acetone_dipole,29,0.9999998807907104,0.0,0.6198333678274446,0.6198333678274446,,,,1.0
8,acetone_dipole,30,0.9999998807907104,0.0,0.6198333678274446,0.6198333678274446,,,,1.0
8,acetone_dipole,31,0.9999998807907104,0.0,0.6198333678274446,0.6198333678274446,,,,1.0
8,acetone_dipole,32,0.9999998807907104,0.0,0.6198333678274446,0.6198333678274446,,,,1.0
8,acetone_dipole,33,0.9999998807907104,0.0,0.6198333678274446,0.6198333678274446,,,,1.0
8,acetone_dipole,34,0.9999998807907104,0.0,0.6198333678274446,0.6198333678274446,,,,1.0
8,acetone_dipole,35,0.9999998807907104,0.0,0.6198333678274446,0.6198333678274446,,,,1.0
8,acetone_dipole,36,0.9999998807907104,0.0,0.6198333678274446,0.6198333678274446,,,,1.0
8,acetone_dipole,37,0.9999998807907104,0.0,0.6198333678274446,0.6198333678274446,,,,1.0
8,acetone_dipole,38,0.9999998807907104,0.0,0.6198333678274446,0.6198333678274446,,,,1.0
8,acetone_dipole,39,0.9999998807907104,0.0,0.6198333678274446,0.6198333678274446,,,,1.0
8,acetone_dipole,40,0.9999998807907104,0.0,0.6198333678274446,0.6198333678274446,,,,1.0
8,acetone_dipole,41,0.9999998807907104,0.0,0.6198333678274446,0.6198333678274446,,,,1.0
8,acetone_dipole,42,0.9999998807907104,0.0,0.6198333678274446,0.6198333678274446,,,,1.0
8,acetone_dipole,43,0.9999998807907104,0.0,0.6198333678274446,0.6198333678274446,,,,1.0
8,acetone_dipole,44,0.9999998807907104,0.0,0.6198333678274446,0.6198333678274446,,,,1.0
8,acetone_dipole,45,0.9999998807907104,0.0,0.6198333678274446,0.6198333678274446,,,,1.0
8,acetone_dipole,46,0.9999998807907104,0.0,0.6198333678274446,0.6198333678274446,,,,1.0
8,acetone_dipole,47,0.9999998807907104,0.0,0.6198333678274446,0.6198333678274446,,,,1.0
8,acetone_dipole,48,0.9999998807907104,0.0,0.6198333678274446,0.6198333678274446,,,,1.0
8,acetone_dipole,49,0.9999998807907104,0.0,0.6198333678274446,0.6198333678274446,,,,1.0
8,acetone_dipole,50,0.9999998807907104,0.0,0.6198333678274446,0.6198333678274446,,,,1.0
8,acetone_dipole,51,0.9999998807907104,0.0,0.6198333678274446,0.6198333678274446,,,,1.0
8,acetone_dipole,52,0.9999998807907104,0.0,0.6198333678274446,0.6198333678274446,,,,1.0
8,acetone_dipole,53,0.9999998807907104,0.0,0.6198333678274446,0.6198333678274446,,,,1.0
8,acetone_dipole,54,0.9999998807907104,0.0,0.6198333678274446,0.6198333678274446,,,,1.0
8,acetone_dipole,55,0.9999998807907104,0.0,0.6198333678274446,0.6198333678274446,,,,1.0
8,acetone_dipole,56,0.9999998807907104,0.0,0.6198333678274446,0.6198333678274446,,,,1.0
8,acetone_dipole,57,0.9999998807907104,0.0,0.6198333678274446,0.6198333678274446,,,,1.0
8,acetone_dipole,58,0.9999998807907104,0.0,0.6198333678274446,0.6198333678274446,,,,1.0
8,acetone_dipole,59,0.9999998807907104,0.0,0.6198333678274446,0.6198333678274446,,,,1.0
8,acetone_dipole,60,0.9999998807907104,0.0,0.6198333678274446,0.6198333678274446,,,,1.0
8,acetone_dipole,61,0.9999998807907104,0.0,0.6198333678274446,0.6198333678274446,,,,1.0
8,acetone_dipole,62,0.9999998807907104,0.0,0.6198333678274446,0.6198333678274446,,,,1.0
8,acetone_dipole,63,0.9999998807907104,0.0,0.6198333678274446,0.6198333678274446,,,,1.0
8,acetone_dipole,64,0.9999998807907104,0.0,0.6198333678274446,0.6198333678274446,,,,1.0
8,acetone_dipole,65,0.9999998807907104,0.0,0.6198333678274446,0.6198333678274446,,,,1.0
8,acetone_dipole,66,0.9999998807907104,0.0,0.6198333678274446,0.6198333678274446,,,,1.0
8,acetone_dipole,67,0.9999998807907104,0.0,0.6198333678274446,0.6198333678274446,,,,1.0
8,acetone_dipole,68,0.9999998807907104,0.0,0.6198333678274446,0.6198333678274446,,,,1.0
8,acetone_dipole,69,0.9999998807907104,0.0,0.6198333678274446,0.6198333678274446,,,,1.0
8,acetone_dipole,70,0.9999998807907104,0.0,0.6198333678274446,0.6198333678274446,,,,1.0
8,acetone_dipole,71,0.9999998807907104,0.0,0.6198333678274446,0.6198333678274446,,,,1.0
8,acetone_dipole,72,0.9999998807907104,0.0,0.6198333678274446,0.6198333678274446,,,,1.0
8,acetone_dipole,73,0.9999998807907104,0.0,0.6198333678274446,0.6198333678274446,,,,1.0
8,acetone_dipole,74,0.9999998807907104,0.0,0.6198333678274446,0.6198333678274446,,,,1.0
8,acetone_dipole,75,0.9999998807907104,0.0,0.6198333678274446,0.6198333678274446,,,,1.0
8,acetone_dipole,76,0.9999998807907104,0.0,0.6198333678274446,0.6198333678274446,,,,1.0
8,acetone_dipole,77,0.9999998807907104,0.0,0.6198333678274446,0.6198333678274446,,,,1.0
8,acetone_dipole,78,0.9999998807907104,0.0,0.6198333678274446,0.6198333678274446,,,,1.0
8,acetone_dipole,79,0.9999998807907104,0.0,0.6198333678274446,0.6198333678274446,,,,1.0
8,acetone_dipole,80,0.9999998807907104,0.0,0.6198333678274446,0.6198333678274446,,,,1.0
8,acetone_dipole,81,0.9999998807907104,0.0,0.6198333678274446,0.6198333678274446,,,,1.0
8,acetone_dipole,82,0.9999998807907104,0.0,0.6198333678274446,0.6198333678274446,,,,1.0
8,acetone_dipole,83,0.9999998807907104,0.0,0.6198333678274446,0.6198333678274446,,,,1.0
8,acetone_dipole,84,0.9999998807907104,0.0,0.6198333678274446,0.6198333678274446,,,,1.0
8,acetone_dipole,85,0.9999998807907104,0.0,0.6198333678274446,0.6198333678274446,,,,1.0
8,acetone_dipole,86,0.9999998807907104,0.0,0.6198333678274446,0.6198333678274446,,,,1.0
8,acetone_dipole,87,0.9999998807907104,0.0,0.6198333678274446,0.6198333678274446,,,,1.0
8,acetone_dipole,88,0.9999998807907104,0.0,0.6198333678274446,0.6198333678274446,,,,1.0
8,acetone_dipole,89,0.9999998807907104,0.0,0.6198333678274446,0.6198333678274446,,,,1.0
8,acetone_dipole,90,0.9999998807907104,0.0,0.6198333678274446,0.6198333678274446,,,,1.0
8,acetone_dipole,91,0.9999998807907104,0.0,0.6198333678274446,0.6198333678274446,,,,1.0
8,acetone_dipole,92,0.9999998807907104,0.0,0.6198333678274446,0.6198333678274446,,,,1.0
8,acetone_dipole,93,0.9999998807907104,0.0,0.6198333678274446,0.6198333678274446,,,,1.0
8,acetone_dipole,94,0.9999998807907104,0.0,0.6198333678274446,0.6198333678274446,,,,1.0
8,acetone_dipole,95,0.9999998807907104,0.0,0.6198333678274446,0.6198333678274446,,,,1.0
8,acetone_dipole,96,0.9999998807907104,0.0,0.6198333678274446,0.6198333678274446,,,,1.0
8,acetone_dipole,97,0.9999998807907104,0.0,0.6198333678274446,0.6198333678274446,,,,1.0
8,acetone_dipole,98,0.9999998807907104,0.0,0.6198333678274446,0.6198333678274446,,,,1.0
8,acetone_dipole,99,0.9999998807907104,0.0,0.6198333678274446,0.6198333678274446,,,,1.0
8,acetone_dipole,100,0.9999998807907104,0.0,0.6198333678274446,0.6198333678274446,,,,1.0
8,acetone_dipole,101,0.9999998807907104,0.0,0.6198333678274446,0.6198333678274446,,,,1.0
8,acetone_dipole,102,0.9999998807907104,0.0,0.6198333678274446,0.6198333678274446,,,,1.0
8,acetone_dipole,103,0.9999998807907104,0.0,0.6198333678274446,0.6198333678274446,,,,1.0
8,acetone_dipole,104,0.9999998807907104,0.0,0.6198333678274446,0.6198333678274446,,,,1.0
8,acetone_dipole,105,0.9999998807907104,0.0,0.6198333678274446,0.6198333678274446,,,,1.0
8,acetone_dipole,106,0.9999998807907104,0.0,0.6198333678274446,0.6198333678274446,,,,1.0
8,acetone_dipole,107,0.9999998807907104,0.0,0.6198333678274446,0.6198333678274446,,,,1.0
8,acetone_dipole,108,0.9999998807907104,0.0,0.6198333678274446,0.6198333678274446,,,,1.0
8,acetone_dipole,109,0.9999998807907104,0.0,0.6198333678274446,0.6198333678274446,,,,1.0
8,acetone_dipole,110,0.9999998807907104,0.0,0.6198333678274446,0.6198333678274446,,,,1.0
8,acetone_dipole,111,0.9999998807907104,0.0,0.6198333678274446,0.6198333678274446,,,,1.0
8,acetone_dipole,112,0.9999998807907104,0.0,0.6198333678274446,0.6198333678274446,,,,1.0
8,acetone_dipole,113,0.9999998807907104,0.0,0.6198333678274446,0.6198333678274446,,,,1.0
8,acetone_dipole,114,0.9999998807907104,0.0,0.6198333678274446,0.6198333678274446,,,,1.0
8,acetone_dipole,115,0.9999998807907104,0.0,0.6198333678274446,0.6198333678274446,,,,1.0
8,acetone_dipole,116,0.9999998807907104,0.0,0.6198333678274446,0.6198333678274446,,,,1.0
8,acetone_dipole,117,0.9999998807907104,0.0,0.6198333678274446,0.6198333678274446,,,,1.0
8,acetone_dipole,118,0.9999998807907104,0.0,0.6198333678274446,0.6198333678274446,,,,1.0
8,acetone_dipole,119,0.9999998807907104,0.0,0.6198333678274446,0.6198333678274446,,,,1.0
8,acetone_dipole,120,0.9999998807907104,0.0,0.6198333678274446,0.6198333678274446,,,,1.0
8,acetone_dipole,121,0.9999998807907104,0.0,0.6198333678274446,0.6198333678274446,,,,1.0
8,acetone_dipole,122,0.9999998807907104,0.0,0.6198333678274446,0.6198333678274446,,,,1.0
8,acetone_dipole,123,0.9999998807907104,0.0,0.6198333678274446,0.6198333678274446,,,,1.0
8,acetone_dipole,124,0.9999998807907104,0.0,0.6198333678274446,0.6198333678274446,,,,1.0
8,acetone_dipole,125,0.9999998807907104,0.0,0.6198333678274446,0.6198333678274446,,,,1.0
8,acetone_dipole,126,0.9999998807907104,0.0,0.6198333678274446,0.6198333678274446,,,,1.0
8,acetone_dipole,127,0.9999998807907104,0.0,0.6198333678274446,0.6198333678274446,,,,1.0
8,acetone_dipole,128,0.9999998807907104,0.0,0.6198333678274446,0.6198333678274446,,,,1.0
8,acetone_dipole,129,0.9999998807907104,0.0,0.6198333678274446,0.6198333678274446,,,,1.0
8,acetone_dipole,130,0.9999998807907104,0.0,0.6198333678274446,0.6198333678274446,,,,1.0
8,acetone_dipole,131,0.9999998807907104,0.0,0.6198333678274446,0.6198333678274446,,,,1.0
8,acetone_dipole,132,0.9999998807907104,0.0,0.6198333678274446,0.6198333678274446,,,,1.0
8,acetone_dipole,133,0.9999998807907104,0.0,0.6198333678274446,0.6198333678274446,,,,1.0
8,acetone_dipole,134,0.9999998807907104,0.0,0.6198333678274446,0.6198333678274446,,,,1.0
8,acetone_dipole,135,0.9999998807907104,0.0,0.6198333678274446,0.6198333678274446,,,,1.0
8,acetone_dipole,136,0.9999998807907104,0.0,0.6198333678274446,0.6198333678274446,,,,1.0
8,acetone_dipole,137,0.9999998807907104,0.0,0.6198333678274446,0.6198333678274446,,,,1.0
8,acetone_dipole,138,0.9999998807907104,0.0,0.6198333678274446,0.6198333678274446,,,,1.0
8,acetone_dipole,139,0.9999998807907104,0.0,0.6198333678274446,0.6198333678274446,,,,1.0
8,acetone_dipole,140,0.9999998807907104,0.0,0.6198333678274446,0.6198333678274446,,,,1.0
8,acetone_dipole,141,0.9999998807907104,0.0,0.6198333678274446,0.6198333678274446,,,,1.0
8,acetone_dipole,142,0.9999998807907104,0.0,0.6198333678274446,0.6198333678274446,,,,1.0
8,acetone_dipole,143,0.9999998807907104,0.0,0.6198333678274446,0.6198333678274446,,,,1.0
8,acetone_dipole,144,0.9999998807907104,0.0,0.6198333678274446,0.6198333678274446,,,,1.0
8,acetone_dipole,145,0.9999998807907104,0.0,0.6198333678274446,0.6198333678274446,,,,1.0
8,acetone_dipole,146,0.9999998807907104,0.0,0.6198333678274446,0.6198333678274446,,,,1.0
8,acetone_dipole,147,0.9999998807907104,0.0,0.6198333678274446,0.6198333678274446,,,,1.0
8,acetone_dipole,148,0.9999998807907104,0.0,0.6198333678274446,0.6198333678274446,,,,1.0
8,acetone_dipole,149,0.9999998807907104,0.0,0.6198333678274446,0.6198333678274446,,,,1.0
8,acetone_dipole,150,0.9999998807907104,0.0,0.6198333678274446,0.6198333678274446,,,,1.0
8,acetone_dipole,151,0.9999998807907104,0.0,0.6198333678274446,0.6198333678274446,,,,1.0
8,acetone_dipole,152,0.9999998807907104,0.0,0.6198333678274446,0.6198333678274446,,,,1.0
8,acetone_dipole,153,0.9999998807907104,0.0,0.6198333678274446,0.6198333678274446,,,,1.0
8,acetone_dipole,154,0.9999998807907104,0.0,0.6198333678274446,0.6198333678274446,,,,1.0
8,acetone_dipole,155,0.9999998807907104,0.0,0.6198333678274446,0.6198333678274446,,,,1.0
8,acetone_dipole,156,0.9999998807907104,0.0,0.6198333678274446,0.6198333678274446,,,,1.0
8,acetone_dipole,157,0.9999998807907104,0.0,0.6198333678274446,0.6198333678274446,,,,1.0
8,acetone_dipole,158,0.9999998807907104,0.0,0.6198333678274446,0.6198333678274446,,,,1.0
8,acetone_dipole,159,0.9999998807907104,0.0,0.6198333678274446,0.6198333678274446,,,,1.0
8,acetone_dipole,160,0.9999998807907104,0.0,0.6198333678274446,0.6198333678274446,,,,1.0
8,acetone_dipole,161,0.9999998807907104,0.0,0.6198333678274446,0.6198333678274446,,,,1.0
8,acetone_dipole,162,0.9999998807907104,0.0,0.6198333678274446,0.6198333678274446,,,,1.0
8,acetone_dipole,163,0.9999998807907104,0.0,0.6198333678274446,0.6198333678274446,,,,1.0
8,acetone_dipole,164,0.9999998807907104,0.0,0.6198333678274446,0.6198333678274446,,,,1.0
8,acetone_dipole,165,0.9999998807907104,0.0,0.6198333678274446,0.6198333678274446,,,,1.0
8,acetone_dipole,166,0.9999998807907104,0.0,0.6198333678274446,0.6198333678274446,,,,1.0
8,acetone_dipole,167,0.9999998807907104,0.0,0.6198333678274446,0.6198333678274446,,,,1.0
8,acetone_dipole,168,0.9999998807907104,0.0,0.6198333678274446,0.6198333678274446,,,,1.0
8,acetone_dipole,169,0.9999998807907104,0.0,0.6198333678274446,0.6198333678274446,,,,1.0
8,acetone_dipole,170,0.9999998807907104,0.0,0.6198333678274446,0.6198333678274446,,,,1.0
8,acetone_dipole,171,0.9999998807907104,0.0,0.6198333678274446,0.6198333678274446,,,,1.0
8,acetone_dipole,172,0.9999998807907104,0.0,0.6198333678274446,0.6198333678274446,,,,1.0
8,acetone_dipole,173,0.9999998807907104,0.0,0.6198333678274446,0.6198333678274446,,,,1.0
8,acetone_dipole,174,0.9999998807907104,0.0,0.6198333678274446,0.6198333678274446,,,,1.0
8,acetone_dipole,175,0.9999998807907104,0.0,0.6198333678274446,0.6198333678274446,,,,1.0
8,acetone_dipole,176,0.9999998807907104,0.0,0.6198333678274446,0.6198333678274446,,,,1.0
8,acetone_dipole,177,0.9999998807907104,0.0,0.6198333678274446,0.6198333678274446,,,,1.0
8,acetone_dipole,178,0.9999998807907104,0.0,0.6198333678274446,0.6198333678274446,,,,1.0
8,acetone_dipole,179,0.9999998807907104,0.0,0.6198333678274446,0.6198333678274446,,,,1.0
8,acetone_dipole,180,0.9999998807907104,0.0,0.6198333678274446,0.6198333678274446,,,,1.0
8,acetone_dipole,181,0.9999998807907104,0.0,0.6198333678274446,0.6198333678274446,,,,1.0
8,acetone_dipole,182,0.9999998807907104,0.0,0.6198333678274446,0.6198333678274446,,,,1.0
8,acetone_dipole,183,0.9999998807907104,0.0,0.6198333678274446,0.6198333678274446,,,,1.0
8,acetone_dipole,184,0.9999998807907104,0.0,0.6198333678274446,0.6198333678274446,,,,1.0
8,acetone_dipole,185,0.9999998807907104,0.0,0.6198333678274446,0.6198333678274446,,,,1.0
8,acetone_dipole,186,0.9999998807907104,0.0,0.6198333678274446,0.6198333678274446,,,,1.0
8,acetone_dipole,187,0.9999998807907104,0.0,0.6198333678274446,0.6198333678274446,,,,1.0
8,acetone_dipole,188,0.9999998807907104,0.0,0.6198333678274446,0.6198333678274446,,,,1.0
8,acetone_dipole,189,0.9999998807907104,0.0,0.6198333678274446,0.6198333678274446,,,,1.0
8,acetone_dipole,190,0.9999998807907104,0.0,0.6198333678274446,0.6198333678274446,,,,1.0
8,acetone_dipole,191,0.9999998807907104,0.0,0.6198333678274446,0.6198333678274446,,,,1.0
8,acetone_dipole,192,0.9999998807907104,0.0,0.6198333678274446,0.6198333678274446,,,,1.0
8,acetone_dipole,193,0.9999998807907104,0.0,0.6198333678274446,0.6198333678274446,,,,1.0
8,acetone_dipole,194,0.9999998807907104,0.0,0.6198333678274446,0.6198333678274446,,,,1.0
8,acetone_dipole,195,0.9999998807907104,0.0,0.6198333678274446,0.6198333678274446,,,,1.0
8,acetone_dipole,196,0.9999998807907104,0.0,0.6198333678274446,0.6198333678274446,,,,1.0
8,acetone_dipole,197,0.9999998807907104,0.0,0.6198333678274446,0.6198333678274446,,,,1.0
8,acetone_dipole,198,0.9999998807907104,0.0,0.6198333678274446,0.6198333678274446,,,,1.0
8,acetone_dipole,199,0.9999998807907104,0.0,0.6198333678274446,0.6198333678274446,,,,1.0
8,acetone_dipole,200,0.9999998807907104,0.0,0.6198333678274446,0.6198333678274446,,,,1.0
8,acetone_dipole,201,0.9999998807907104,0.0,0.6198333678274446,0.6198333678274446,,,,1.0
8,acetone_dipole,202,0.9999998807907104,0.0,0.6198333678274446,0.6198333678274446,,,,1.0
8,acetone_dipole,203,0.9999998807907104,0.0,0.6198333678274446,0.6198333678274446,,,,1.0
8,acetone_dipole,204,0.9999998807907104,0.0,0.6198333678274446,0.6198333678274446,,,,1.0
8,acetone_dipole,205,0.9999998807907104,0.0,0.6198333678274446,0.6198333678274446,,,,1.0
8,acetone_dipole,206,0.9999998807907104,0.0,0.6198333678274446,0.6198333678274446,,,,1.0
8,acetone_dipole,207,0.9999998807907104,0.0,0.6198333678274446,0.6198333678274446,,,,1.0
8,acetone_dipole,208,0.9999998807907104,0.0,0.6198333678274446,0.6198333678274446,,,,1.0
8,acetone_dipole,209,0.9999998807907104,0.0,0.6198333678274446,0.6198333678274446,,,,1.0
8,acetone_dipole,210,0.9999998807907104,0.0,0.6198333678274446,0.6198333678274446,,,,1.0
8,acetone_dipole,211,0.9999998807907104,0.0,0.6198333678274446,0.6198333678274446,,,,1.0
8,acetone_dipole,212,0.9999998807907104,0.0,0.6198333678274446,0.6198333678274446,,,,1.0
8,acetone_dipole,213,0.9999998807907104,0.0,0.6198333678274446,0.6198333678274446,,,,1.0
8,acetone_dipole,214,0.9999998807907104,0.0,0.6198333678274446,0.6198333678274446,,,,1.0
8,acetone_dipole,215,0.9999998807907104,0.0,0.6198333678274446,0.6198333678274446,,,,1.0
8,acetone_dipole,216,0.9999998807907104,0.0,0.6198333678274446,0.6198333678274446,,,,1.0
8,acetone_dipole,217,0.9999998807907104,0.0,0.6198333678274446,0.6198333678274446,,,,1.0
8,acetone_dipole,218,0.9999998807907104,0.0,0.6198333678274446,0.6198333678274446,,,,1.0
8,acetone_dipole,219,0.9999998807907104,0.0,0.6198333678274446,0.6198333678274446,,,,1.0
8,acetone_dipole,220,0.9999998807907104,0.0,0.6198333678274446,0.6198333678274446,,,,1.0
8,acetone_dipole,221,0.9999998807907104,0.0,0.6198333678274446,0.6198333678274446,,,,1.0
8,acetone_dipole,222,0.9999998807907104,0.0,0.6198333678274446,0.6198333678274446,,,,1.0
8,acetone_dipole,223,0.9999998807907104,0.0,0.6198333678274446,0.6198333678274446,,,,1.0
8,acetone_dipole,224,0.9999998807907104,0.0,0.6198333678274446,0.6198333678274446,,,,1.0
8,acetone_dipole,225,0.9999998807907104,0.0,0.6198333678274446,0.6198333678274446,,,,1.0
8,acetone_dipole,226,0.9999998807907104,0.0,0.6198333678274446,0.6198333678274446,,,,1.0
8,acetone_dipole,227,0.9999998807907104,0.0,0.6198333678274446,0.6198333678274446,,,,1.0
8,acetone_dipole,228,0.9999998807907104,0.0,0.6198333678274446,0.6198333678274446,,,,1.0
8,acetone_dipole,229,0.9999998807907104,0.0,0.6198333678274446,0.6198333678274446,,,,1.0
8,acetone_dipole,230,0.9999998807907104,0.0,0.6198333678274446,0.6198333678274446,,,,1.0
8,acetone_dipole,231,0.9999998807907104,0.0,0.6198333678274446,0.6198333678274446,,,,1.0
8,acetone_dipole,232,0.9999998807907104,0.0,0.6198333678274446,0.6198333678274446,,,,1.0
8,acetone_dipole,233,0.9999998807907104,0.0,0.6198333678274446,0.6198333678274446,,,,1.0
8,acetone_dipole,234,0.9999998807907104,0.0,0.6198333678274446,0.6198333678274446,,,,1.0
8,acetone_dipole,235,0.9999998807907104,0.0,0.6198333678274446,0.6198333678274446,,,,1.0
8,acetone_dipole,236,0.9999998807907104,0.0,0.6198333678274446,0.6198333678274446,,,,1.0
8,acetone_dipole,237,0.9999998807907104,0.0,0.6198333678274446,0.6198333678274446,,,,1.0
8,acetone_dipole,238,0.9999998807907104,0.0,0.6198333678274446,0.6198333678274446,,,,1.0
8,acetone_dipole,239,0.9999998807907104,0.0,0.6198333678274446,0.6198333678274446,,,,1.0
8,acetone_dipole,240,0.9999998807907104,0.0,0.6198333678274446,0.6198333678274446,,,,1.0
8,acetone_dipole,241,0.9999998807907104,0.0,0.6198333678274446,0.6198333678274446,,,,1.0
8,acetone_dipole,242,0.9999998807907104,0.0,0.6198333678274446,0.6198333678274446,,,,1.0
8,acetone_dipole,243,0.9999998807907104,0.0,0.6198333678274446,0.6198333678274446,,,,1.0
8,acetone_dipole,244,0.9999998807907104,0.0,0.6198333678274446,0.6198333678274446,,,,1.0
8,acetone_dipole,245,0.9999998807907104,0.0,0.6198333678274446,0.6198333678274446,,,,1.0
8,acetone_dipole,246,0.9999998807907104,0.0,0.6198333678274446,0.6198333678274446,,,,1.0
8,acetone_dipole,247,0.9999998807907104,0.0,0.6198333678274446,0.6198333678274446,,,,1.0
8,acetone_dipole,248,0.9999998807907104,0.0,0.6198333678274446,0.6198333678274446,,,,1.0
8,acetone_dipole,249,0.9999998807907104,0.0,0.6198333678274446,0.6198333678274446,,,,1.0
8,octanol_gsolv_eV,0,0.06168433278799057,0.027168240398168564,0.5995169814631345,0.9362603691547591,4.718773365020752,0.04890807345509529,0.010364573517694297,0.02
8,octanol_gsolv_eV,1,0.4645281136035919,0.010986127890646458,0.6366831736371532,0.9137825749125839,2.050051689147949,0.5995692014694214,0.2924654069179186,0.16
8,octanol_gsolv_eV,2,0.24016940593719482,0.034004829823970795,0.6214631079644766,0.9152851839857661,6.2276787757873535,0.33022624254226685,0.053025574123404744,0.24
8,octanol_gsolv_eV,3,0.31756752729415894,0.03505546599626541,0.614936329797642,0.9585194828074446,6.407081127166748,0.14522814750671387,0.022666818887454088,0.2
8,octanol_gsolv_eV,4,0.05144291743636131,0.04342376068234444,0.6147567541430934,0.9663634564248897,7.811258792877197,0.0052441866137087345,0.000671362548951869,0.04
8,octanol_gsolv_eV,5,0.09146635234355927,0.0234348364174366,0.6261357665362652,0.9703409860203349,4.244976043701172,0.06814694404602051,0.01605355209180487,0.16
8,octanol_gsolv_eV,6,0.268251895904541,0.024656806141138077,0.6278456960272614,0.9728032069429975,4.542372226715088,0.09936204552650452,0.02187448332440168,0.34
8,octanol_gsolv_eV,7,0.1055406853556633,0.036468759179115295,0.6169298303737862,0.9586938518368451,6.448890209197998,0.037007469683885574,0.005738579582437631,0.08
8,octanol_gsolv_eV,8,0.14537815749645233,0.021945679560303688,0.6257744678957127,0.9462054414822041,3.966806411743164,0.07382223010063171,0.018609990616656146,0.16
8,octanol_gsolv_eV,9,0.29060637950897217,0.0483982115983963,0.6051468141350178,0.9395360055116857,8.789005279541016,0.215690016746521,0.024540890565693786,0.28
8,octanol_gsolv_eV,10,0.11912223696708679,0.030110647901892662,0.6088803829550404,0.9199873396592908,5.447226524353027,0.13947845995426178,0.02560540842770033,0.04
8,octanol_gsolv_eV,11,0.32352232933044434,0.045696623623371124,0.6184076724770469,0.9619067495645623,8.561339378356934,0.18256451189517975,0.02132429329418979,0.32
8,octanol_gsolv_eV,12,0.29372310638427734,0.04853086918592453,0.6073151031663584,0.9810393042201677,8.887084007263184,0.004417050164192915,0.0004970190627862834,0.32
8,octanol_gsolv_eV,13,0.06769253313541412,0.02754182182252407,0.6117098268656225,0.9406685210153083,4.976356029510498,0.06532277166843414,0.013126627452107693,0.02
8,octanol_gsolv_eV,14,0.06345812976360321,0.03863868489861488,0.614014656253284,0.9738859021134172,7.003025054931641,0.007481059990823269,0.0010682612059991115,0.1
8,octanol_gsolv_eV,15,0.08070049434900284,0.04190555587410927,0.6117407757935327,0.9541928127596344,7.5849809646606445,0.007910061627626419,0.0010428584678696447,0.06
8,octanol_gsolv_eV,16,0.36321234703063965,0.020555751398205757,0.6319800719259772,0.9377830271749992,3.7867612838745117,1.042603850364685,0.2753286442439596,0.3
8,octanol_gsolv_eV,17,0.07111622393131256,0.03151770308613777,0.6242915925887074,0.9623381322632294,5.737072467803955,0.00882937666028738,0.0015390038577754103,0.02
8,octanol_gsolv_eV,18,0.07685565948486328,0.028546808287501335,0.6234033859739623,0.9634335978603434,5.174034595489502,0.008981943130493164,0.001735965031684023,0.06
8,octanol_gsolv_eV,19,0.2943989336490631,0.022798728197813034,0.6235796173806079,0.9067476503941796,4.133046627044678,0.3610132336616516,0.08734797021145464,0.32
8,octanol_gsolv_eV,20,0.3379575312137604,0.04225989058613777,0.613862825915676,0.921586521510458,7.839818000793457,0.6668330430984497,0.0850572096228459,0.24
8,octanol_gsolv_eV,21,0.09825266897678375,0.0413641482591629,0.6112601884206739,0.9643929185673557,7.483694076538086,0.0045659239403903484,0.0006101163267355951,0.04
8,octanol_gsolv_eV,22,0.16677974164485931,0.039384763687849045,0.6165747810400342,0.9261142154390796,7.1973161697387695,0.24189695715904236,0.03360932762355251,0.28
8,octanol_gsolv_eV,23,0.148551344871521,0.053030241280794144,0.597503939771177,0.9774102980913264,9.403664588928223,0.007919586263597012,0.000842180852868939,0.18
8,octanol_gsolv_eV,24,0.062476057559251785,0.025736527517437935,0.623304645003876,0.9430138775981411,4.630252838134766,0.014502234756946564,0.0031320610912445534,0.04
8,octanol_gsolv_eV,25,0.04846879839897156,0.04451122507452965,0.6070495637300379,0.9564482764232851,7.969164848327637,0.00305784004740417,0.0003837089714671759,0.08
8,octanol_gsolv_eV,26,0.31350263953208923,0.058213185518980026,0.6010014852002019,0.9353279966301482,10.53443431854248,0.5487076640129089,0.052087055405251874,0.36
8,octanol_gsolv_eV,27,0.35821351408958435,0.025556271895766258,0.6252881533222516,0.942926163544354,4.697175025939941,0.29530397057533264,0.06286841962339694,0.38
8,octanol_gsolv_eV,28,0.16336950659751892,0.039549607783555984,0.6183525097306899,0.9534598337517266,6.977690696716309,0.02346697822213173,0.0033631439457720955,0.14
8,octanol_gsolv_eV,29,0.23756924271583557,0.03668069466948509,0.6214100748769484,0.9790182838142554,6.694180488586426,0.005539724137634039,0.0008275432888430877,0.28
8,octanol_gsolv_eV,30,0.16630268096923828,0.03644580394029617,0.6168726278245278,0.9712162723604147,6.65179443359375,0.005906523671001196,0.0008879594416164319,0.16
8,octanol_gsolv_eV,31,0.11305052787065506,0.043119028210639954,0.601043778773976,0.9553725406756592,7.676056861877441,0.07531852275133133,0.009812137156695008,0.08
8,octanol_gsolv_eV,32,0.24719615280628204,0.014344820752739906,0.6248538333816578,0.9094282212584421,2.566519021987915,0.49339133501052856,0.19224144874187174,0.14
8,octanol_gsolv_eV,33,0.1632327139377594,0.011527162976562977,0.6197088771015278,0.9248115833865043,1.9963752031326294,0.14568382501602173,0.07297417078083353,0.06
8,octanol_gsolv_eV,34,0.24023720622062683,0.03440035134553909,0.6227538433544548,0.966547379940639,6.32962703704834,0.12304160743951797,0.019438998019841513,0.14
8,octanol_gsolv_eV,35,0.10528269410133362,0.0295936930924654,0.6105971629986968,0.9554357200801284,5.320235252380371,0.0869598239660263,0.01634510878576636,0.06
8,octanol_gsolv_eV,36,0.059862758964300156,0.035994935780763626,0.6181326760831536,0.9612583043512217,6.520581245422363,0.01410975307226181,0.002163879651398756,0.1
8,octanol_gsolv_eV,37,0.07747740298509598,0.03469099849462509,0.6061472347890828,0.969216712045615,6.243674278259277,0.013255414552986622,0.0021230150648861527,0.12
8,octanol_gsolv_eV,38,0.1305442452430725,0.03823085501790047,0.6188102120554928,0.9647407817388873,6.976346969604492,0.014561166055500507,0.0020872193024433273,0.1
8,octanol_gsolv_eV,39,0.12161886692047119,0.021783245727419853,0.6242796432001994,0.9449619349961009,3.9539754390716553,0.2495160698890686,0.06310511376055788,0.02
8,octanol_gsolv_eV,40,0.09265155345201492,0.016310181468725204,0.6249982822093407,0.95375160337331,2.8858423233032227,0.041054617613554,0.014226216478300741,0.06
8,octanol_gsolv_eV,41,0.4462173581123352,0.02076799049973488,0.6310167245998537,0.9128826855747019,3.8239190578460693,0.7288598418235779,0.19060545759410735,0.32
8,octanol_gsolv_eV,42,0.5880991816520691,0.024817468598484993,0.639838393154087,0.9345024525004229,5.220152854919434,0.662994921207428,0.1270068022208634,0.4
8,octanol_gsolv_eV,43,0.045099835842847824,0.03332661837339401,0.6119089813664091,0.960528304125871,5.965736389160156,0.007957085967063904,0.0013337977825373015,0.06
8,octanol_gsolv_eV,44,0.06177941709756851,0.018138857558369637,0.6210712195760668,0.965084508478393,3.2591943740844727,0.025228356942534447,0.007740672708304255,0.06
8,octanol_gsolv_eV,45,0.1659955233335495,0.03538498654961586,0.6134464320571271,0.9221687061939117,6.479490280151367,0.20140963792800903,0.031084179344320877,0.2
8,octanol_gsolv_eV,46,0.22724170982837677,0.04359186440706253,0.6138386176928392,0.8945863321352436,8.016558647155762,0.36935821175575256,0.046074410231726946,0.16
8,octanol_gsolv_eV,47,0.13500353693962097,0.021107345819473267,0.6262583627254112,0.9543069107544324,3.814816951751709,0.08962464332580566,0.023493825381228663,0.12
8,octanol_gsolv_eV,48,0.25561848282814026,0.04065188020467758,0.613053787490327,0.9582592258353471,7.254598617553711,0.061333637684583664,0.008454449504094783,0.26
8,octanol_gsolv_eV,49,0.0727781131863594,0.03775368258357048,0.6191402970518955,0.9701444114994291,7.243143081665039,0.003994749393314123,0.0005515215353713292,0.04
8,octanol_gsolv_eV,50,0.2673660218715668,0.031313151121139526,0.6232940054622977,0.9671149757711042,5.738433361053467,0.030250830575823784,0.00527161834467488,0.28
8,octanol_gsolv_eV,51,0.3401379883289337,0.02605624310672283,0.6246975108017634,0.9311740397501811,4.805227756500244,0.36622416973114014,0.07621369647582937,0.36
8,octanol_gsolv_eV,52,0.43773600459098816,0.002618682337924838,0.6392534639607075,0.9552800727292232,0.3488456904888153,0.18852320313453674,0.5404200432299197,0.36
8,octanol_gsolv_eV,53,0.0696898028254509,0.03549110144376755,0.6202711545823163,0.9687793960897013,6.45098876953125,0.00756737869232893,0.0011730571797102663,0.12
8,octanol_gsolv_eV,54,0.6431416273117065,0.01467589009553194,0.6542701157195152,0.9268574611559948,2.663736581802368,1.6816692352294922,0.6313196457630288,0.54
8,octanol_gsolv_eV,55,0.05316121131181717,0.02073231153190136,0.6263449310596829,0.949145674007271,3.7498204708099365,0.01837686449289322,0.00490073181794859,0.02
8,octanol_gsolv_eV,56,0.06941504031419754,0.0372808463871479,0.6046100764403539,0.8964298651575839,6.695263862609863,0.19621163606643677,0.029306034846840526,0.02
8,octanol_gsolv_eV,57,0.038551200181245804,0.012223498895764351,0.6270740667792312,0.9809026754012842,2.152369737625122,0.021635031327605247,0.010051726220364383,0.02
8,octanol_gsolv_eV,58,0.15240348875522614,0.015742339193820953,0.6233813462162843,0.9744099584080508,2.800468921661377,0.15197791159152985,0.05426873707327879,0.04
8,octanol_gsolv_eV,59,0.4981171786785126,0.016139337792992592,0.6339818310826906,0.9041522444443828,2.9257779121398926,0.7854035496711731,0.2684426409852601,0.34
8,octanol_gsolv_eV,60,0.11613239347934723,0.03849346935749054,0.6165109356289007,0.9053070947815716,7.031701564788818,0.2388407289981842,0.033966277834397436,0.12
8,octanol_gsolv_eV,61,0.12384478002786636,0.045727189630270004,0.6000600693022407,0.9222531859493275,8.17061996459961,0.25071048736572266,0.03068438973443411,0.12
8,octanol_gsolv_eV,62,0.0489027164876461,0.03411326929926872,0.6123009078915063,0.9796044152797758,6.159778594970703,0.0021088295616209507,0.00034235476634545835,0.02
8,octanol_gsolv_eV,63,0.2310708463191986,0.04670656844973564,0.601592559239061,0.9232983731182349,8.416701316833496,0.24347354471683502,0.028927430777409818,0.18
8,octanol_gsolv_eV,64,0.26489007472991943,0.03492501378059387,0.6133983342821776,0.9593277268317586,6.353625297546387,0.02697455883026123,0.0042455381875727135,0.18
8,octanol_gsolv_eV,65,0.2422706037759781,0.029152611270546913,0.6226475976390504,0.965833023475843,5.316854953765869,0.01099895965307951,0.0020686965788466864,0.22
8,octanol_gsolv_eV,66,0.07936152815818787,0.043261244893074036,0.6044047699364357,0.9124156898687159,7.716428279876709,0.3146078288555145,0.040771172548310294,0.04
8,octanol_gsolv_eV,67,0.1481604278087616,0.031515080481767654,0.6166403220985888,0.9590636229691198,5.728204250335693,0.025471534579992294,0.004446687559805426,0.08
8,octanol_gsolv_eV,68,0.09185492247343063,0.03932558372616768,0.6205993438259743,0.9732012905933212,7.156681060791016,0.003828660352155566,0.0005349770822024576,0.2
8,octanol_gsolv_eV,69,0.12576426565647125,0.03550472855567932,0.6029132487315632,0.911473741175477,6.341439723968506,0.30272433161735535,0.047737476786723895,0.06
8,octanol_gsolv_eV,70,0.15646721422672272,0.02240203507244587,0.6203430015457447,0.9132828749822983,4.052170276641846,0.1743457317352295,0.043025272837180724,0.12
8,octanol_gsolv_eV,71,0.0830608382821083,0.030989376828074455,0.6122583151577197,0.9448013062292362,5.616946220397949,0.12408412247896194,0.02209102911264314,0.06
8,octanol_gsolv_eV,72,0.2175956815481186,0.012757731601595879,0.6264507727188526,0.9736916145886583,2.2797539234161377,0.09571429342031479,0.04198448456967233,0.2
8,octanol_gsolv_eV,73,0.1937781423330307,0.019239287823438644,0.6267936660309679,0.942628687575485,3.5015244483947754,0.27700403332710266,0.07910955282750953,0.1
8,octanol_gsolv_eV,74,0.05810524895787239,0.03211710602045059,0.6223384512887296,0.9731064930086397,5.835592746734619,0.009981459006667137,0.001710444755119759,0.06
8,octanol_gsolv_eV,75,0.21246464550495148,0.014410053379833698,0.6278053562253816,0.9507047979589038,2.5887115001678467,0.19537115097045898,0.07547042262445681,0.2
8,octanol_gsolv_eV,76,0.09983055293560028,0.017647482454776764,0.6140302530221646,0.9559225951344374,3.137446165084839,0.04549286141991615,0.014499965585444871,0.04
8,octanol_gsolv_eV,77,0.7039932608604431,0.01630704663693905,0.6502006403497576,0.9194962165551108,3.0998592376708984,1.727579951286316,0.5573091611038267,0.66
8,octanol_gsolv_eV,78,0.1489313244819641,0.04361942782998085,0.6055233004289231,0.9703801250530142,7.848229885101318,0.004523811396211386,0.0005764116829451135,0.16
8,octanol_gsolv_eV,79,0.13421282172203064,0.03874640539288521,0.6139699798887364,0.924343077826701,7.02717399597168,0.356679230928421,0.05075713667156769,0.06
8,octanol_gsolv_eV,80,0.17518220841884613,0.00981145165860653,0.6273402200662042,0.935583324006845,1.718336820602417,0.09328325092792511,0.054286941773861154,0.12
8,octanol_gsolv_eV,81,0.1347442865371704,0.028779998421669006,0.62206671763155,0.9384316683090868,5.166335105895996,0.21024586260318756,0.04069535914603137,0.1
8,octanol_gsolv_eV,82,0.11775373667478561,0.03679812699556351,0.6065725090930596,0.9006230014221568,6.668875217437744,0.3655896484851837,0.05482028626495238,0.06
8,octanol_gsolv_eV,83,0.1097530797123909,0.025582361966371536,0.6222486793658484,0.9316521972173162,4.625391960144043,0.12786416709423065,0.027643963624273852,0.1
8,octanol_gsolv_eV,84,0.0917801484465599,0.032247986644506454,0.6238020618432458,0.9502040266874068,5.880041599273682,0.07813238352537155,0.013287726320681587,0.1
8,octanol_gsolv_eV,85,0.28510764241218567,0.03832782804965973,0.6164148836615646,0.9208428338073953,7.004875183105469,0.3967365324497223,0.05663720224545632,0.18
8,octanol_gsolv_eV,86,0.1230580136179924,0.04607782140374184,0.6072111512314944,0.9421841357296465,8.304168701171875,0.03655323386192322,0.004401793265202436,0.08
8,octanol_gsolv_eV,87,0.2930886149406433,0.035388827323913574,0.6170119592853485,0.9108394216984783,6.50423526763916,0.39225777983665466,0.0603080552433695,0.2
8,octanol_gsolv_eV,88,0.4148126542568207,0.039207037538290024,0.6084092564719814,0.9301717414464008,7.310274600982666,0.6993968486785889,0.09567312951343498,0.32
8,octanol_gsolv_eV,89,0.3310670852661133,0.0322529599070549,0.6069324755281928,0.914039776164586,5.839777946472168,0.4069198966026306,0.06968071394708637,0.16
8,octanol_gsolv_eV,90,0.06986294686794281,0.036532655358314514,0.6106878045279678,0.9556918132965411,6.603468894958496,0.037300195544958115,0.005648575943688541,0.06
8,octanol_gsolv_eV,91,0.035629160702228546,0.016077520325779915,0.6264094349200673,0.9597539933718839,2.8768017292022705,0.011846357956528664,0.004117891697671368,0.04
8,octanol_gsolv_eV,92,0.15632440149784088,0.015098629519343376,0.6256543969253832,0.9409578225145616,2.6873223781585693,0.13817588984966278,0.051417682884903775,0.08
8,octanol_gsolv_eV,93,0.35267630219459534,0.04634568840265274,0.6029299219463349,0.9140619029938453,8.410911560058594,2.077864408493042,0.24704390168127827,0.22
8,octanol_gsolv_eV,94,0.14568044245243073,0.053999196738004684,0.5989983704632429,0.9629380510136214,9.527606010437012,0.008302055299282074,0.0008713684518637306,0.12
8,octanol_gsolv_eV,95,0.4896928369998932,0.013459215871989727,0.63524373209183,0.9253912610732324,2.4479739665985107,0.5606014728546143,0.2290063050113138,0.38
8,octanol_gsolv_eV,96,0.05269172042608261,0.04081917181611061,0.6036151176525775,0.9733010110962383,7.3259501457214355,0.00482041435316205,0.0006579916949035355,0.06
8,octanol_gsolv_eV,97,0.664070725440979,0.01097986288368702,0.6478050205483876,0.9330980182280826,1.9420278072357178,1.4122949838638306,0.7272269627663526,0.5
8,octanol_gsolv_eV,98,0.16349126398563385,0.016625268384814262,0.628838898621144,0.9567951319595707,3.0197908878326416,0.04215068370103836,0.013958146529573333,0.08
8,octanol_gsolv_eV,99,0.17608381807804108,0.016544213518500328,0.6283424482329025,0.9812130582290581,2.9765093326568604,0.17896418273448944,0.060125523804336375,0.26
8,octanol_gsolv_eV,100,0.21785324811935425,0.01989702694118023,0.6123404619367752,0.9220886430150144,3.562356472015381,0.38877952098846436,0.10913549052223703,0.06
8,octanol_gsolv_eV,101,0.133998841047287,0.0480777882039547,0.6003118256849844,0.9719714712011553,8.588794708251953,0.005129401572048664,0.000597220185868505,0.1
8,octanol_gsolv_eV,102,0.3681948184967041,0.020401250571012497,0.6245100276089932,0.8987075568181799,3.760979175567627,0.5184234976768494,0.13784269294673937,0.24
8,octanol_gsolv_eV,103,0.12747636437416077,0.03470132127404213,0.6102725586285482,0.9582956397151337,6.283892631530762,0.004227637778967619,0.0006727737131844919,0.1
8,octanol_gsolv_eV,104,0.07592234015464783,0.016727343201637268,0.6263640377361093,0.9626473099093666,3.0061488151550293,0.013872724026441574,0.004614782859885181,0.02
8,octanol_gsolv_eV,105,0.11756725609302521,0.03757801279425621,0.60459877087952,0.9428098723345326,6.745112895965576,0.04777006059885025,0.007082173617497602,0.02
8,octanol_gsolv_eV,106,0.39625084400177,0.020470602437853813,0.625520109746575,0.9151362934942644,3.6589739322662354,1.2870774269104004,0.3517591135483251,0.3
8,octanol_gsolv_eV,107,0.29779380559921265,0.04037797078490257,0.61320973882856,0.9357884866309623,7.238922595977783,0.33641713857650757,0.04647337143284742,0.14
8,octanol_gsolv_eV,108,0.19615581631660461,0.04513448849320412,0.6039473404861606,0.8974875114090801,8.18524169921875,0.4899097681045532,0.05985281633788691,0.1
8,octanol_gsolv_eV,109,0.0733940601348877,0.04354724660515785,0.6016263405300342,0.9615493943738425,7.806978225708008,0.029730765148997307,0.0038082295466247505,0.04
8,octanol_gsolv_eV,110,0.24536685645580292,0.022666778415441513,0.6241575185318111,0.90823964136364,4.145719051361084,0.47531625628471375,0.11465230769283855,0.12
8,octanol_gsolv_eV,111,0.059018298983573914,0.02177896536886692,0.6272524094731284,0.9661559799419179,3.802905321121216,0.0102656539529562,0.0026994240156180283,0.06
8,octanol_gsolv_eV,112,0.3677753806114197,0.023684095591306686,0.626091733686408,0.9229897518408452,4.350757122039795,0.4719387888908386,0.10847279580377411,0.24
8,octanol_gsolv_eV,113,0.09857523441314697,0.03131642937660217,0.6198357946239492,0.9247183396874596,5.669233798980713,0.07157981395721436,0.012626011996556552,0.1
8,octanol_gsolv_eV,114,0.1163717582821846,0.03601190075278282,0.6214237595950656,0.9146544754196906,6.589699745178223,0.23029069602489471,0.034947069658735466,0.1
8,octanol_gsolv_eV,115,0.14990118145942688,0.038433004170656204,0.6173677565991771,0.9348848244825068,6.998896598815918,0.23054184019565582,0.03293974084924461,0.12
8,octanol_gsolv_eV,116,0.24945122003555298,0.007925907149910927,0.6335582606783021,0.9282145607588337,1.3900938034057617,0.1979025900363922,0.14236635653761373,0.14
8,octanol_gsolv_eV,117,0.3232853412628174,0.04354429990053177,0.6115981568467392,0.9282104962592674,7.877099514007568,0.33111104369163513,0.04203464017470289,0.24
8,octanol_gsolv_eV,118,0.09863325953483582,0.030727941542863846,0.6254754644032494,0.9644656492960593,5.6119771003723145,0.01389868650585413,0.002476611407578989,0.12
8,octanol_gsolv_eV,119,0.16075018048286438,0.010619968175888062,0.6286700582630049,0.9626901803716863,1.8607087135314941,0.1894933134317398,0.10183932178836033,0.18
8,octanol_gsolv_eV,120,0.08198843151330948,0.033345289528369904,0.6137392365479868,0.9448156957873515,6.061460971832275,0.08941931277513504,0.014752105670673834,0.1
8,octanol_gsolv_eV,121,0.2201959490776062,0.015129431150853634,0.6261034576232074,0.9117848032110782,2.717473268508911,0.38402026891708374,0.14131519649788396,0.04
8,octanol_gsolv_eV,122,0.3758792579174042,0.02646225318312645,0.626965405988527,0.968551777824175,4.882939338684082,0.08870729804039001,0.018166782728104916,0.46
8,octanol_gsolv_eV,123,0.10970644652843475,0.04317860305309296,0.6054848689207806,0.9281854447418787,7.77641487121582,0.08329332619905472,0.010711018840746604,0.06
8,octanol_gsolv_eV,124,0.06833426654338837,0.037066780030727386,0.6153084546958947,0.9517397224892417,6.5490288734436035,0.011858326382935047,0.001810699969734553,0.06
8,octanol_gsolv_eV,125,0.07409721612930298,0.032835397869348526,0.6045131431629995,0.9293727104679643,5.856217861175537,0.11532589793205261,0.019692897475112527,0.04
8,octanol_gsolv_eV,126,0.46891775727272034,0.0223955400288105,0.6314399906585626,0.9243003863368755,4.140902042388916,0.7145443558692932,0.172557657378697,0.32
8,octanol_gsolv_eV,127,0.2991984486579895,0.028323648497462273,0.6276262357409537,0.9180946966588055,5.2494378089904785,0.35863402485847473,0.06831855865484457,0.3
8,octanol_gsolv_eV,128,0.06673967093229294,0.03510327637195587,0.6179325334951238,0.963756769340335,6.357019424438477,0.014913535676896572,0.0023459949830519676,0.06
8,octanol_gsolv_eV,129,0.059304364025592804,0.04005718603730202,0.6086931371813513,0.974090679352946,7.251763343811035,0.004825907293707132,0.0006654805272742068,0.08
8,octanol_gsolv_eV,130,0.09785009920597076,0.018905317410826683,0.6252391953076697,0.9419729884327108,3.3780651092529297,0.09962192922830582,0.029490825666867487,0.04
8,octanol_gsolv_eV,131,0.07569389790296555,0.014460988342761993,0.630330087745177,0.9568285742610159,2.540419578552246,0.011499465443193913,0.004526600857700568,0.04
8,octanol_gsolv_eV,132,0.05545627698302269,0.039400096982717514,0.613648979889726,0.9679306744951224,7.17310905456543,0.0025845388881862164,0.00036030943744557305,0.04
8,octanol_gsolv_eV,133,0.05883714556694031,0.048628125339746475,0.6070122865114342,0.9616873431623054,8.771291732788086,0.0088652353733778,0.001010710354124757,0.06
8,octanol_gsolv_eV,134,0.12308215349912643,0.036526139825582504,0.6077789566831826,0.9119087987661123,6.535660743713379,0.33369481563568115,0.051057548535801925,0.08
8,octanol_gsolv_eV,135,0.10250809043645859,0.04177938774228096,0.6084751363199123,0.9683125496401468,7.552624225616455,0.00834447331726551,0.001104844232679195,0.12
8,octanol_gsolv_eV,136,0.2004130780696869,0.023146795108914375,0.6184278414958229,0.9211572327665525,4.1036057472229,0.27184203267097473,0.06624467588167864,0.12
8,octanol_gsolv_eV,137,0.31101512908935547,0.04288290813565254,0.6051169531291061,0.9523292347639425,7.8204240798950195,0.27242231369018555,0.034834723911013596,0.18
8,octanol_gsolv_eV,138,0.24553675949573517,0.03808315843343735,0.6187345032608771,0.9297271267247149,7.017488479614258,0.8044474124908447,0.1146346609371369,0.24
8,octanol_gsolv_eV,139,0.2622339725494385,0.050012633204460144,0.6072496480030813,0.9685726000169543,9.170113563537598,0.02039334736764431,0.0022238925642898005,0.16
8,octanol_gsolv_eV,140,0.18702039122581482,0.024970347061753273,0.6202092309292282,0.9281964389953681,4.5208516120910645,0.5116890668869019,0.11318422076017362,0.12
8,octanol_gsolv_eV,141,0.5614829063415527,0.015371998772025108,0.6447427289546495,0.9231426474995068,2.8292112350463867,1.2728163003921509,0.44988379963480607,0.5
8,octanol_gsolv_eV,142,0.08859682828187943,0.010230286046862602,0.627004933304562,0.9591427824134355,1.7704623937606812,0.060976237058639526,0.03444085413704747,0.04
8,octanol_gsolv_eV,143,0.16416212916374207,0.024119442328810692,0.6247743057509407,0.9177138322482263,4.388009548187256,0.3360365033149719,0.07658062263191588,0.16
8,octanol_gsolv_eV,144,0.02898789756000042,0.03644463047385216,0.607533255009528,0.9742368555879399,6.539482593536377,0.0028388381469994783,0.00043410745519919044,0.02
8,octanol_gsolv_eV,145,0.0997781753540039,0.048543017357587814,0.6093060133944137,0.9272055609267496,8.908132553100586,0.22235530614852905,0.024960933711200284,0.02
8,octanol_gsolv_eV,146,0.4446869194507599,0.025304926559329033,0.6286983760108713,0.9161095458888224,4.7287397384643555,0.6129953861236572,0.12963187234379825,0.32
8,octanol_gsolv_eV,147,0.264116495847702,0.04175550863146782,0.6060329211577682,0.9279210931356181,7.385047435760498,1.5221598148345947,0.20611374917700115,0.08
8,octanol_gsolv_eV,148,0.07428652048110962,0.02860557846724987,0.6219602045159278,0.9658067267379862,5.175923824310303,0.008356860838830471,0.0016145641092281786,0.1
8,octanol_gsolv_eV,149,0.1572592556476593,0.038031045347452164,0.6049860418940132,0.9568930413157399,6.817183017730713,0.07099288702011108,0.010413815623765229,0.12
8,octanol_gsolv_eV,150,0.25188764929771423,0.02075708657503128,0.6235738902477712,0.9307553459828943,3.745232582092285,0.2673708498477936,0.07138965177388959,0.14
8,octanol_gsolv_eV,151,0.3454299569129944,0.012233445420861244,0.6265987822975645,0.9026199717712526,2.1678457260131836,0.5532584190368652,0.255211158431622,0.18
8,octanol_gsolv_eV,152,0.356716126203537,0.03945769742131233,0.6201454484443751,0.9351754942627637,7.402337551116943,0.47894883155822754,0.06470237654671107,0.3
8,octanol_gsolv_eV,153,0.30770349502563477,0.021511806175112724,0.6262520986410851,0.8968525975404984,3.979717493057251,0.48352277278900146,0.12149675790618882,0.18
8,octanol_gsolv_eV,154,0.3479360342025757,0.01162002608180046,0.6352658904355275,0.926144867093444,2.0613763332366943,0.485323429107666,0.2354365970359375,0.08
8,octanol_gsolv_eV,155,0.17221646010875702,0.0398792065680027,0.6124615113938516,0.8953016123378257,7.332569122314453,0.2903415858745575,0.03959616077685389,0.1
8,octanol_gsolv_eV,156,0.17185232043266296,0.0191196259111166,0.6264988625864047,0.9669796280072023,3.450889825820923,0.041128598153591156,0.01191825883453326,0.22
8,octanol_gsolv_eV,157,0.14838716387748718,0.014204725623130798,0.6237420557908524,0.9273550564528159,2.532135009765625,0.2340284138917923,0.09242335538556216,0.04
8,octanol_gsolv_eV,158,0.5553805828094482,0.024425456300377846,0.6328272950719018,0.9248365592897925,4.683091163635254,0.7523152828216553,0.16064502195974117,0.42
8,octanol_gsolv_eV,159,0.07403500378131866,0.050507817417383194,0.6022083920114223,0.9561955118999925,9.065743446350098,0.020313233137130737,0.0022406582821741907,0.02
8,octanol_gsolv_eV,160,0.07102418690919876,0.03386267274618149,0.6136587362956603,0.9462752038302731,6.114902019500732,0.053809553384780884,0.00879974089743049,0.06
8,octanol_gsolv_eV,161,0.2334592491388321,0.016003739088773727,0.6273655137190581,0.9566099095360523,2.8857333660125732,0.09244680404663086,0.03203580938400116,0.24
8,octanol_gsolv_eV,162,0.25829610228538513,0.0206530150026083,0.6265106599937571,0.9761879492494485,3.7553722858428955,0.10572375357151031,0.028152669169464396,0.32
8,octanol_gsolv_eV,163,0.20245246589183807,0.039394911378622055,0.6161104723850994,0.9771781123256533,7.018234729766846,0.007340472191572189,0.0010459143180889376,0.18
8,octanol_gsolv_eV,164,0.051232073456048965,0.04443599283695221,0.6040865310187613,0.9630112428382926,7.990885257720947,0.004448182415217161,0.0005566570250673092,0.08
8,octanol_gsolv_eV,165,0.3458102345466614,0.032778285443782806,0.622311284876905,0.9240162073106584,5.989444732666016,0.34771308302879333,0.058054310298981525,0.34
8,octanol_gsolv_eV,166,0.1271338164806366,0.04296056926250458,0.6043496274818658,0.9259898647382918,7.714452266693115,0.22742637991905212,0.029480560907863513,0.04
8,octanol_gsolv_eV,167,0.08963072299957275,0.03389864042401314,0.6258228325849238,0.9456386666469414,6.061864852905273,0.015443308278918266,0.0025476167241697484,0.08
8,octanol_gsolv_eV,168,0.3194843828678131,0.019856110215187073,0.6269169226947127,0.9242513309621172,3.638124465942383,0.8556304574012756,0.235184492837202,0.16
8,octanol_gsolv_eV,169,0.24229392409324646,0.015201845206320286,0.6282627484435666,0.9571619207303275,2.7908437252044678,0.1404227316379547,0.050315512248062834,0.06
8,octanol_gsolv_eV,170,0.1910402625799179,0.009494349360466003,0.6273625461498775,0.9414073094516691,1.6394697427749634,0.23415815830230713,0.1428255442555295,0.08
8,octanol_gsolv_eV,171,0.09381068497896194,0.02299361303448677,0.6259672784708454,0.9647461042647902,4.161049842834473,0.08655853569507599,0.020802090569555166,0.16
8,octanol_gsolv_eV,172,0.19534815847873688,0.04598912596702576,0.6048017401136403,0.9356352915882309,8.302170753479004,0.130094975233078,0.015669995124896946,0.1
8,octanol_gsolv_eV,173,0.08926299214363098,0.041703347116708755,0.6141991679310963,0.9223202337457896,7.570775032043457,0.2398635298013687,0.03168282359284769,0.1
8,octanol_gsolv_eV,174,0.0994851291179657,0.0341530404984951,0.6133215053080661,0.9030459027407058,6.204948902130127,0.20435135066509247,0.03293360733316268,0.02
8,octanol_gsolv_eV,175,0.09519526362419128,0.030414758250117302,0.623398215535174,0.9665618711928659,5.519586086273193,0.006268288008868694,0.0011356445774905962,0.06
8,octanol_gsolv_eV,176,0.12810592353343964,0.022490449249744415,0.6267352166718183,0.9747560273956861,4.08916711807251,0.06662961095571518,0.016294176547893707,0.14
8,octanol_gsolv_eV,177,0.37595245242118835,0.032162949442863464,0.6196337148702613,0.9096595656845559,5.992901802062988,0.29571330547332764,0.049343926404989934,0.26
8,octanol_gsolv_eV,178,0.22050346434116364,0.02025022730231285,0.6277461047136095,0.9673911608937185,3.6851563453674316,0.27256518602371216,0.07396299111334877,0.12
8,octanol_gsolv_eV,179,0.4711726903915405,0.01973341405391693,0.6295647082083828,0.9204151280193869,3.625836133956909,0.5997014045715332,0.16539672020893934,0.36
8,octanol_gsolv_eV,180,0.1431545913219452,0.03985045105218887,0.6077934248978125,0.9363631742540488,7.214803218841553,0.21142429113388062,0.029304235295252865,0.1
8,octanol_gsolv_eV,181,0.11804471164941788,0.027793381363153458,0.6169655506684677,0.9415241589542125,5.028932094573975,0.03506803140044212,0.006973256099098889,0.06
8,octanol_gsolv_eV,182,0.11691488325595856,0.02368437685072422,0.6221255483904939,0.9680473504014997,4.266943454742432,0.06248879432678223,0.014644861125902658,0.1
8,octanol_gsolv_eV,183,0.1500752866268158,0.023699406534433365,0.6262864231332441,0.9387744575198755,4.2965168952941895,0.30367016792297363,0.07067822036393524,0.16
8,octanol_gsolv_eV,184,0.5050009489059448,0.03192577511072159,0.6221708843476652,0.9360454388485382,6.041725158691406,0.9250814914703369,0.15311545414136363,0.34
8,octanol_gsolv_eV,185,0.031134046614170074,0.05108724161982536,0.6015754185911293,0.9631563228658395,9.042417526245117,0.005551159381866455,0.0006139021302383485,0.02
8,octanol_gsolv_eV,186,0.2225646674633026,0.019529161974787712,0.6244375122489234,0.9016269602451312,3.559113025665283,0.5791784524917603,0.16273112101673085,0.18
8,octanol_gsolv_eV,187,0.24484340846538544,0.04005299136042595,0.6082792522325848,0.9415391009387593,7.235154151916504,0.10577917098999023,0.01462016824644581,0.18
8,octanol_gsolv_eV,188,0.09521180391311646,0.02236059494316578,0.6263374653583016,0.9805906386994856,4.053391933441162,0.002686167135834694,0.0006626961270814612,0.08
8,octanol_gsolv_eV,189,0.09872978180646896,0.04218592494726181,0.6067926026214041,0.8946709411698477,7.673967361450195,0.25573840737342834,0.033325448927254746,0.06
8,octanol_gsolv_eV,190,0.039409007877111435,0.025203771889209747,0.6233079273104938,0.9563026781353303,4.566309452056885,0.006980296224355698,0.0015286515943879883,0.04
8,octanol_gsolv_eV,191,0.18877016007900238,0.03049095720052719,0.6249887737395814,0.974147094790611,5.568630218505859,0.021484440192580223,0.0038581193847604402,0.28
8,octanol_gsolv_eV,192,0.2936752736568451,0.01869153045117855,0.6254308670832809,0.886265854290123,3.3925130367279053,0.5456111431121826,0.16082801663701995,0.12
8,octanol_gsolv_eV,193,0.10590247064828873,0.03911297768354416,0.6119570682846704,0.9584529720093418,6.978967189788818,0.0026468702126294374,0.000379263885421638,0.06
8,octanol_gsolv_eV,194,0.140257328748703,0.050565771758556366,0.5973985755018949,0.9808700654280944,8.99032974243164,0.004881061147898436,0.0005429234842033993,0.14
8,octanol_gsolv_eV,195,0.14940565824508667,0.04705046862363815,0.6030435009943171,0.9720722078511372,8.407740592956543,0.00452168146148324,0.0005377998299889521,0.1
8,octanol_gsolv_eV,196,0.22829288244247437,0.02329692617058754,0.6277027096929095,0.9402842643124458,4.24897575378418,0.23623955249786377,0.055599176410330534,0.26
8,octanol_gsolv_eV,197,0.0638304129242897,0.009109165519475937,0.6289501249031919,0.9664603214513658,1.5816402435302734,0.05260982736945152,0.033262827994326095,0.02
8,octanol_gsolv_eV,198,0.02934393100440502,0.027492385357618332,0.6123314537649969,0.9608611230940505,4.953627586364746,0.004568596836179495,0.0009222729719841922,0.04
8,octanol_gsolv_eV,199,0.07073643803596497,0.029901476576924324,0.6071904275682867,0.9278075096891558,5.387856483459473,0.07059212774038315,0.0131020801977741,0.02
8,octanol_gsolv_eV,200,0.1069876104593277,0.02814606949687004,0.6215227294732966,0.9389148816274553,5.108685493469238,0.037339285016059875,0.007308980962674858,0.12
8,octanol_gsolv_eV,201,0.07253813743591309,0.03582209348678589,0.6214226278285295,0.9684865073156168,6.505091667175293,0.003186650574207306,0.0004898702027962421,0.04
8,octanol_gsolv_eV,202,0.0627545565366745,0.020433416590094566,0.6253333755579589,0.9618756785940474,3.680414915084839,0.01708262786269188,0.004641495118573635,0.08
8,octanol_gsolv_eV,203,0.2872905731201172,0.04900726303458214,0.5973487136494318,0.9357541494945991,8.721986770629883,0.31785255670547485,0.03644267814940979,0.26
8,octanol_gsolv_eV,204,0.07656557112932205,0.011662095785140991,0.6277540683321128,0.9685553229503561,2.0417563915252686,0.018578922376036644,0.009099480453766325,0.06
8,octanol_gsolv_eV,205,0.3054609000682831,0.025238558650016785,0.6156760716527263,0.935970668063075,4.561276435852051,0.287855327129364,0.0631085028889709,0.24
8,octanol_gsolv_eV,206,0.15467874705791473,0.05174800753593445,0.6101409752088709,0.9719037667939787,9.480929374694824,0.011070268228650093,0.0011676353436612776,0.12
8,octanol_gsolv_eV,207,0.11690349131822586,0.020815392956137657,0.6253117734549265,0.9588715741907698,3.7632477283477783,0.019744466990232468,0.005246656190476492,0.06
8,octanol_gsolv_eV,208,0.10083930194377899,0.035934098064899445,0.6171398956189271,0.9340038003854423,6.556467056274414,0.05522135645151138,0.008422425671866313,0.08
8,octanol_gsolv_eV,209,0.1222439855337143,0.031885307282209396,0.6265319576561739,0.9158811430294405,5.861157417297363,0.2817431390285492,0.048069539677790075,0.14
8,octanol_gsolv_eV,210,0.12369225174188614,0.03682224825024605,0.6175334562614052,0.9175514852123519,6.647313117980957,0.242157980799675,0.0364294529987821,0.06
8,octanol_gsolv_eV,211,0.3238382637500763,0.013320722617208958,0.6282773573286446,0.9565545031821805,2.372292995452881,0.36259111762046814,0.15284415471253707,0.3
8,octanol_gsolv_eV,212,0.4380049407482147,0.026567401364445686,0.6306520982921819,0.9178765811895251,4.90631103515625,1.0897128582000732,0.22210431633700317,0.38
8,octanol_gsolv_eV,213,0.1478540003299713,0.03439656272530556,0.6245005144994746,0.9100350161809398,6.198211193084717,0.3113337755203247,0.05022961719466364,0.1
8,octanol_gsolv_eV,214,0.16091200709342957,0.029512127861380577,0.6077561027892946,0.9061972605607127,5.280964374542236,0.42307138442993164,0.08011252385443411,0.08
8,octanol_gsolv_eV,215,0.36954185366630554,0.01031899731606245,0.6304979197972822,0.9384178306321915,1.8203027248382568,0.25975993275642395,0.14270150190513226,0.32
8,octanol_gsolv_eV,216,0.17447161674499512,0.018632756546139717,0.623398541356313,0.9142973632734095,3.383263111114502,0.3620615005493164,0.10701547253593513,0.02
8,octanol_gsolv_eV,217,0.20473851263523102,0.01921386830508709,0.6238432319315705,0.9163394801421108,3.471837043762207,0.47484517097473145,0.1367705813923145,0.14
8,octanol_gsolv_eV,218,0.4845416843891144,0.01510698813945055,0.6369008933188871,0.95839975459167,2.756132125854492,0.7515552043914795,0.27268475170016476,0.42
8,octanol_gsolv_eV,219,0.08705232292413712,0.035138942301273346,0.6156249260209157,0.9617878843632088,6.343998432159424,0.02635118179023266,0.004153718206588998,0.08
8,octanol_gsolv_eV,220,0.46377038955688477,0.029145462438464165,0.6206412481411487,0.9364161236793918,5.445133686065674,0.6393302083015442,0.11741313348056395,0.44
8,octanol_gsolv_eV,221,0.1605176031589508,0.02429409697651863,0.6271902505792062,0.9635491730529422,4.4489569664001465,0.026256900280714035,0.00590181035218232,0.2
8,octanol_gsolv_eV,222,0.4332800805568695,0.03598017618060112,0.6170425984865591,0.9407068257384996,6.691593647003174,0.5377134084701538,0.08035655433305763,0.36
8,octanol_gsolv_eV,223,0.08519712090492249,0.04103182628750801,0.6179917601236407,0.967844745002727,7.265771389007568,0.004131175111979246,0.0005685803875180173,0.1
8,octanol_gsolv_eV,224,0.5125113129615784,0.02474934048950672,0.636488491973686,0.9626456991980819,4.6237874031066895,1.1938267946243286,0.2581924060397338,0.56
8,octanol_gsolv_eV,225,0.2497701495885849,0.03866684064269066,0.6125824321736353,0.9653938815327958,7.046721458435059,0.036081958562135696,0.0051203894995657745,0.24
8,octanol_gsolv_eV,226,0.06949132680892944,0.04144665226340294,0.6166715594533438,0.9663784963246707,7.4539408683776855,0.011225452646613121,0.0015059755429823107,0.04
8,octanol_gsolv_eV,227,0.15291757881641388,0.03864869102835655,0.6112520658281186,0.9154128733702231,7.055027484893799,0.13962329924106598,0.019790610247802282,0.08
8,octanol_gsolv_eV,228,0.4310382008552551,0.033646803349256516,0.6224280883637878,0.9213039675228631,6.23986291885376,1.088348388671875,0.1744186375286271,0.34
8,octanol_gsolv_eV,229,0.4872041344642639,0.02224065363407135,0.6334292920115949,0.9163204320031759,4.116201400756836,1.2780815362930298,0.3105002432723608,0.44
8,octanol_gsolv_eV,230,0.21873970329761505,0.040675126016139984,0.611463998892321,0.9156362482262095,7.407881259918213,0.2802393138408661,0.03782988738725546,0.16
8,octanol_gsolv_eV,231,0.23051311075687408,0.0369047075510025,0.6119284650938175,0.9695269372694719,6.698407173156738,0.005835774354636669,0.0008712182170745021,0.2
8,octanol_gsolv_eV,232,0.7910750508308411,0.010567707940936089,0.6405947206440392,0.923809490744397,1.8593928813934326,2.4188830852508545,1.3008994007969628,0.22
8,octanol_gsolv_eV,233,0.10563594847917557,0.03058844804763794,0.6148679498708625,0.9357678613626392,5.470460414886475,0.13000395894050598,0.023764719800683152,0.06
8,octanol_gsolv_eV,234,0.08136096596717834,0.013732044957578182,0.6275877446408946,0.9666165770049409,2.4352753162384033,0.052623722702264786,0.021608941852023906,0.04
8,octanol_gsolv_eV,235,0.12455909699201584,0.01205284334719181,0.627340433661806,0.9362177207474451,2.066046714782715,0.11976645141839981,0.05796889807063031,0.04
8,octanol_gsolv_eV,236,0.314668744802475,0.018705299124121666,0.6250976344705506,0.9303189105365428,3.3457295894622803,0.6013818979263306,0.17974611571133686,0.2
8,octanol_gsolv_eV,237,0.1422256976366043,0.011327674612402916,0.6313146260655473,0.9621648449884197,2.0063729286193848,0.14121058583259583,0.07038102628795183,0.1
8,octanol_gsolv_eV,238,0.0966336652636528,0.05028357356786728,0.5994225739587329,0.9823795208982669,8.9788236618042,0.011911384761333466,0.0013266086082082604,0.04
8,octanol_gsolv_eV,239,0.10012559592723846,0.042204927653074265,0.6103763124686996,0.9319531745605658,7.637898921966553,0.09495703876018524,0.01243235079834447,0.04
8,octanol_gsolv_eV,240,0.11807060241699219,0.015348510816693306,0.6284508316654587,0.9430498090612289,2.7264294624328613,0.17869819700717926,0.06554293792281807,0.06
8,octanol_gsolv_eV,241,0.259141206741333,0.039968010038137436,0.6120380140357189,0.9032992078074984,7.372885227203369,0.38061660528182983,0.05162383429996816,0.16
8,octanol_gsolv_eV,242,0.1773701012134552,0.03422950580716133,0.6111032591303052,0.9667831941663696,6.233223915100098,0.025597965344786644,0.004106697544231503,0.16
8,octanol_gsolv_eV,243,0.11982008814811707,0.02454359456896782,0.6241698155725435,0.9498526994465417,4.450099945068359,0.05183229595422745,0.011647445359439278,0.08
8,octanol_gsolv_eV,244,0.04063224047422409,0.029333598911762238,0.612923325200887,0.9730632224361524,5.290096282958984,0.00827544741332531,0.0015643283166665706,0.02
8,octanol_gsolv_eV,245,0.0519556850194931,0.04087505862116814,0.6048483884118869,0.952612046902023,7.343557357788086,0.0205681249499321,0.002800839422615651,0.02
8,octanol_gsolv_eV,246,0.48105859756469727,0.009570611640810966,0.6398498525347118,0.9257395769622576,1.6995432376861572,0.6492809057235718,0.38203259047856597,0.28
8,octanol_gsolv_eV,247,0.15093961358070374,0.03814675286412239,0.5995465440889352,0.94307155465403,6.76287317276001,0.6986021995544434,0.10329961566754259,0.04
8,octanol_gsolv_eV,248,0.06996861100196838,0.034231338649988174,0.6141488043200303,0.950547880677926,6.240254878997803,0.054608337581157684,0.008750978708409405,0.02
8,octanol_gsolv_eV,249,0.1525692194700241,0.0325794443488121,0.6173186813359997,0.9553910138727382,5.894466876983643,0.02218574285507202,0.003763825180136573,0.12
8,octanol_hl_gap_eV,0,0.016841741278767586,0.0010724784806370735,0.6428055669003483,0.9777775615286259,0.24483512341976166,0.00031633718754164875,0.001292041693704621,0.12
8,octanol_hl_gap_eV,1,0.02518814243376255,0.0017336622113361955,0.6237136890722237,0.9758114895031282,0.3206994831562042,0.0004696674586739391,0.0014645095590789478,0.02
8,octanol_hl_gap_eV,2,0.015892688184976578,0.0012503154575824738,0.6104427433431139,0.9720470571028792,0.21799655258655548,0.000391961308196187,0.0017980160857844706,0.02
8,octanol_hl_gap_eV,3,0.09141194075345993,0.0015517047140747309,0.6321841869128975,0.9773883716844878,0.27095556259155273,0.008005280047655106,0.029544623373252265,0.18
8,octanol_hl_gap_eV,4,0.20593813061714172,0.0014045897405594587,0.6260526120399197,0.9383028068729231,0.3624161183834076,0.01615898683667183,0.04458683269593683,0.12
8,octanol_hl_gap_eV,5,0.0692315325140953,0.0011996094835922122,0.622681440847058,0.979175913964119,0.3130236864089966,0.0001943596580531448,0.0006209103863124102,0.16
8,octanol_hl_gap_eV,6,0.09273035824298859,0.0019675621297210455,0.62907427420939,0.9453388896992527,0.3899590075016022,0.021279238164424896,0.054567884713722044,0.12
8,octanol_hl_gap_eV,7,0.07766572386026382,0.004642413929104805,0.6149591348677435,0.9537012553065305,0.896174967288971,0.01560181938111782,0.017409345217837383,0.04
8,octanol_hl_gap_eV,8,0.1625083088874817,0.0009921020828187466,0.6273307965454644,0.9738763411283804,0.32912153005599976,0.0006783312419429421,0.002061035757300729,0.22
8,octanol_hl_gap_eV,9,0.06293729692697525,0.0021196126472204924,0.6136643596060163,0.982446731519272,0.29685190320014954,0.0028860592283308506,0.009722219050032342,0.1
8,octanol_hl_gap_eV,10,0.12349756062030792,0.0015623846556991339,0.6324874771299505,0.9477821671188407,0.2398766130208969,0.014215724542737007,0.059262653260401844,0.08
8,octanol_hl_gap_eV,11,0.07370474189519882,0.0016533524030819535,0.6093864596619556,0.9612310308275209,0.41625627875328064,0.0012586521916091442,0.0030237434384867506,0.02
8,octanol_hl_gap_eV,12,0.13732074201107025,0.0008286654483526945,0.6500484867358531,0.979071463027738,0.2596045732498169,0.00036003763671033084,0.001386869392180805,0.02
8,octanol_hl_gap_eV,13,0.028017619624733925,0.002468173624947667,0.603666892890308,0.9788172038019829,0.5065046548843384,0.0002959680277854204,0.0005843342700433928,0.02
8,octanol_hl_gap_eV,14,0.03287508711218834,0.002890634583309293,0.6414735299260423,0.9738547022190198,0.5929781794548035,0.0019075548043474555,0.0032169055632052116,0.16
8,octanol_hl_gap_eV,15,0.03339971974492073,0.0008812895393930376,0.639727304573739,0.9700813654140088,0.30726999044418335,0.001613606233149767,0.005251428005765125,0.1
8,octanol_hl_gap_eV,16,0.0860837921500206,0.0013684938894584775,0.6391533211306333,0.9513493121551639,0.1998462975025177,0.004910966381430626,0.0245737171156186,0.1
8,octanol_hl_gap_eV,17,0.12067760527133942,0.00431092269718647,0.6062660019166148,0.96783188927911,0.8132063150405884,0.003510936861857772,0.0043173998983056785,0.02
8,octanol_hl_gap_eV,18,0.04068449139595032,0.006846964824944735,0.6034555343270902,0.9766075491717736,1.3257652521133423,0.0020330450497567654,0.0015334879583817575,0.0
8,octanol_hl_gap_eV,19,0.03827054426074028,0.003356075147166848,0.6437256404378262,0.9732641488418938,0.5441888570785522,0.0004967558197677135,0.0009128371764804587,0.26
8,octanol_hl_gap_eV,20,0.10779953747987747,0.0033172674011439085,0.6072847207171304,0.9698630198967693,0.6552514433860779,0.0030262013897299767,0.004618381875042924,0.04
8,octanol_hl_gap_eV,21,0.08340264856815338,0.0006921931053511798,0.639774016352735,0.9484160067017644,0.3185625672340393,0.0012061430606991053,0.0037862046102013756,0.12
8,octanol_hl_gap_eV,22,0.20749039947986603,0.0026960372924804688,0.598432445107161,0.9273780642945708,0.5337421894073486,0.07224315404891968,0.1353521521863136,0.08
8,octanol_hl_gap_eV,23,0.10064432770013809,0.0017929592868313193,0.6303492118071568,0.9662544518032681,0.29188281297683716,0.0005840989761054516,0.0020011420684499285,0.16
8,octanol_hl_gap_eV,24,0.14001213014125824,0.0011174281826242805,0.6202214026048734,0.9911790510415572,0.24075420200824738,0.0004800813621841371,0.001994072619208911,0.02
8,octanol_hl_gap_eV,25,0.061113350093364716,0.0013815766433253884,0.5982573603821142,0.9732924328578267,0.3968825936317444,0.0004318541323300451,0.001088115576897156,0.06
8,octanol_hl_gap_eV,26,0.10628742724657059,0.0032500100787729025,0.6026995064336942,0.9755161035308633,0.6422401070594788,0.002086299704387784,0.0032484730888888086,0.1
8,octanol_hl_gap_eV,27,0.15132763981819153,0.0024766300339251757,0.6129799250812293,0.9245148984102127,0.35775983333587646,0.06739781051874161,0.18838842217221846,0.08
8,octanol_hl_gap_eV,28,0.09883987903594971,0.0010058912448585033,0.6183499264508359,0.9723364152192013,0.23396843671798706,0.0004504551470745355,0.001925281689245502,0.1
8,octanol_hl_gap_eV,29,0.3588443100452423,0.0007381078321486712,0.6516361403836428,0.9293339270728671,0.27816057205200195,0.028568247333168983,0.10270415797041202,0.28
8,octanol_hl_gap_eV,30,0.1048770323395729,0.002676988486200571,0.6097636643275441,0.993630594309378,0.3899170160293579,0.005244813859462738,0.013451102783028688,0.0
8,octanol_hl_gap_eV,31,0.08541389554738998,0.001854933681897819,0.6163328263732837,0.9844053179103291,0.45395544171333313,0.0036506610922515392,0.008041893007104613,0.04
8,octanol_hl_gap_eV,32,0.23886623978614807,0.0019580961670726538,0.672474835610887,0.9884817501045151,0.248277947306633,0.010571440681815147,0.04257905624118522,0.2
8,octanol_hl_gap_eV,33,0.056802671402692795,0.0017411860171705484,0.6239158648129473,0.9401914083852128,0.278312623500824,0.005020305514335632,0.018038367973347673,0.16
8,octanol_hl_gap_eV,34,0.24716797471046448,0.0016141358064487576,0.619298509337701,0.9831216735762422,0.2259942591190338,0.004826409742236137,0.021356337816059348,0.24
8,octanol_hl_gap_eV,35,0.11720487475395203,0.001991247059777379,0.6217131999141867,0.9360278992173814,0.29779115319252014,0.02703152783215046,0.09077344152891857,0.08
8,octanol_hl_gap_eV,36,0.09514857828617096,0.0012545426143333316,0.6249156503747815,0.9557016788013053,0.3584083020687103,0.0007517601479776204,0.0020974964687997116,0.1
8,octanol_hl_gap_eV,37,0.05327850207686424,0.0021122079342603683,0.6225985105721139,0.9732029251398271,0.3531043231487274,0.0012703872052952647,0.003597767350925857,0.02
8,octanol_hl_gap_eV,38,0.09250221401453018,0.001582029857672751,0.6184170216407268,0.9664195826549451,0.3739354908466339,0.001036904752254486,0.0027729508902907605,0.08
8,octanol_hl_gap_eV,39,0.10795571655035019,0.001291113905608654,0.6080390866394969,0.9670595063610363,0.32948845624923706,0.0003271816822234541,0.0009929989230820335,0.08
8,octanol_hl_gap_eV,40,0.04281280189752579,0.0008821607916615903,0.6316269958658145,0.9667564531984505,0.3210621774196625,0.00035831041168421507,0.0011160156408453717,0.02
8,octanol_hl_gap_eV,41,0.10224587470293045,0.0032531404867768288,0.6111213685824866,0.9215547897295304,0.5382207036018372,0.05131959915161133,0.0953504739007148,0.1
8,octanol_hl_gap_eV,42,0.2759520709514618,0.001364520750939846,0.6237350062837441,0.9172815854822411,0.09513211250305176,0.12182468175888062,1.280584216554348,0.18
8,octanol_hl_gap_eV,43,0.12354956567287445,0.0010335249826312065,0.6631172550211646,0.9505803160952828,0.3055934011936188,0.000941696111112833,0.003081532871569404,0.1
8,octanol_hl_gap_eV,44,0.08642824739217758,0.0009614141890779138,0.6347828332284546,0.9573058286223839,0.27135607600212097,0.0026461631059646606,0.009751626515796086,0.12
8,octanol_hl_gap_eV,45,0.04984753206372261,0.0015918409917503595,0.6297542595283971,0.9772169951792822,0.221126988530159,0.0006753802881576121,0.0030542643964307347,0.0
8,octanol_hl_gap_eV,46,0.06971851736307144,0.0010407913941890001,0.6761347676742637,0.9567093927968144,0.2551789879798889,0.0005875436472706497,0.002302476594651888,0.02
8,octanol_hl_gap_eV,47,0.14266611635684967,0.0008378230850212276,0.6451516903301902,0.9603257843978517,0.26409247517585754,0.0006861943984404206,0.0025983110574562492,0.14
8,octanol_hl_gap_eV,48,0.08666498959064484,0.0010132938623428345,0.6395097584368186,0.9674822544240784,0.23957961797714233,0.00045640350435860455,0.0019050180821398122,0.16
8,octanol_hl_gap_eV,49,0.13804151117801666,0.0023615544196218252,0.6280680839135926,0.9731906082752124,0.7279188632965088,0.002258085645735264,0.003102111731943757,0.08
8,octanol_hl_gap_eV,50,0.06679811328649521,0.0016706854803487659,0.6102937712829986,0.9733668420278574,0.2610590159893036,0.006453614216297865,0.02472090148597775,0.0
8,octanol_hl_gap_eV,51,0.29109054803848267,0.0011338036274537444,0.6391638194211144,0.9312598361477853,0.2942754924297333,0.03447462618350983,0.11715085717422301,0.36
8,octanol_hl_gap_eV,52,0.11877337098121643,0.0018736913334578276,0.6075133239204431,0.9787699037932307,0.45012766122817993,0.0016187430592253804,0.0035961865902855565,0.12
8,octanol_hl_gap_eV,53,0.04272567853331566,0.0028459015302360058,0.5873957140429766,0.9730187970696702,0.6525185704231262,0.0014452295145019889,0.002214848097832417,0.04
8,octanol_hl_gap_eV,54,0.053283289074897766,0.0017295051366090775,0.622546891194155,0.9680577012771416,0.32383236289024353,0.0012191347777843475,0.003764709514834837,0.06
8,octanol_hl_gap_eV,55,0.038367860019207,0.0009166522067971528,0.6398254588086965,0.9579946329859477,0.32320934534072876,0.0008406149572692811,0.002600837411997172,0.04
8,octanol_hl_gap_eV,56,0.035799503326416016,0.0014728341484442353,0.6226164474491376,0.957517286838224,0.24435392022132874,0.0007210661424323916,0.002950908836573077,0.12
8,octanol_hl_gap_eV,57,0.023808762431144714,0.003597597125917673,0.6185090571018039,0.978272741932984,0.6219573616981506,0.00024451036006212234,0.00039313042198669,0.0
8,octanol_hl_gap_eV,58,0.05835882946848869,0.004293625708669424,0.6120864312913477,0.9766988455822072,0.8813490867614746,0.006789379753172398,0.007703394551777476,0.02
8,octanol_hl_gap_eV,59,0.11430463939905167,0.003696964355185628,0.6598711697220274,0.9876534385863052,0.6994553208351135,0.015820082277059555,0.022617716680132183,0.04
8,octanol_hl_gap_eV,60,0.017778616398572922,0.007815328426659107,0.6149634852850008,0.95749397669847,1.3144373893737793,0.0016789790242910385,0.0012773366292409966,0.04
8,octanol_hl_gap_eV,61,0.050754427909851074,0.0018000929849222302,0.6175700027310524,0.9500837089834215,0.30992263555526733,0.0011992043582722545,0.003869366805440724,0.0
8,octanol_hl_gap_eV,62,0.14470458030700684,0.002323896624147892,0.6199935688732339,0.9775834364940852,0.3075585663318634,0.009147553704679012,0.029742477388220664,0.12
8,octanol_hl_gap_eV,63,0.18610002100467682,0.0020484470296651125,0.6088484353023205,0.8870301689006743,0.3304015100002289,0.0311143696308136,0.09417139053266446,0.06
8,octanol_hl_gap_eV,64,0.07889224588871002,0.0015186109812930226,0.622842480955434,0.9629047568782982,0.30217602849006653,0.0009090399253182113,0.003008312505331952,0.16
8,octanol_hl_gap_eV,65,0.039655689150094986,0.0015215507009997964,0.6293656579253086,0.9613897970060539,0.328991562128067,0.0013765288749709725,0.004184085652735158,0.02
8,octanol_hl_gap_eV,66,0.01752595044672489,0.00506634870544076,0.6049869395968155,0.9475332124968681,0.8133940696716309,0.003976144827902317,0.004888337616608757,0.0
8,octanol_hl_gap_eV,67,0.11951177567243576,0.001708641299046576,0.639278436857271,0.9682356176741302,0.27144667506217957,0.0011222371831536293,0.004134282296501003,0.16
8,octanol_hl_gap_eV,68,0.02245154418051243,0.0006769839092157781,0.6540952052187115,0.9639075474577827,0.2579841911792755,0.0006558836321346462,0.0025423404013111286,0.06
8,octanol_hl_gap_eV,69,0.06853456050157547,0.002699356060475111,0.6080359237863575,0.9497063620517923,0.42832493782043457,0.0063185738399624825,0.014751823398644606,0.0
8,octanol_hl_gap_eV,70,0.4641247093677521,0.0027252607978880405,0.6199736127254083,0.9355976686000333,0.5189226865768433,0.16400428116321564,0.3160476221324918,0.38
8,octanol_hl_gap_eV,71,0.023899324238300323,0.002563958987593651,0.6060447818520467,0.9697084829119542,0.39745044708251953,0.002435815753415227,0.006128602373692883,0.0
8,octanol_hl_gap_eV,72,0.17265382409095764,0.0012541814940050244,0.6230481047088428,0.9727704619149564,0.36829137802124023,0.003356766887009144,0.00911443245031805,0.14
8,octanol_hl_gap_eV,73,0.011300774291157722,0.001379279769025743,0.6422906291894261,0.9518770612318175,0.23731856048107147,0.0032478258945047855,0.013685511524766863,0.02
8,octanol_hl_gap_eV,74,0.13903425633907318,0.0008751160930842161,0.6298224093015414,0.9661558053831865,0.2971057891845703,0.0048239207826554775,0.01623637424196647,0.24
8,octanol_hl_gap_eV,75,0.11405058205127716,0.001399643369950354,0.6272952019652442,0.9323808786813024,0.2702817916870117,0.017365233972668648,0.06424862682861639,0.18
8,octanol_hl_gap_eV,76,0.112246572971344,0.00308932620100677,0.5920559837389963,0.9830879861505415,0.48594439029693604,0.0026015937328338623,0.005353686110553021,0.12
8,octanol_hl_gap_eV,77,0.10816311091184616,0.001294270041398704,0.6309048183057133,0.9634407890184005,0.32353225350379944,0.0011976583627983928,0.003701820606223818,0.02
8,octanol_hl_gap_eV,78,0.041055697947740555,0.000970382709056139,0.6429333924549399,0.9758572153170466,0.2684648334980011,0.00036955755786038935,0.0013765585348560782,0.2
8,octanol_hl_gap_eV,79,0.019436165690422058,0.0011324527440592647,0.6090704000510581,0.9759735697514142,0.24516509473323822,0.001488375011831522,0.006070909129421578,0.06
8,octanol_hl_gap_eV,80,0.10679417103528976,0.0029514916241168976,0.6188181735693261,0.9799469285877975,0.5322117805480957,0.008949209935963154,0.016815129358367178,0.14
8,octanol_hl_gap_eV,81,0.039374832063913345,0.0019976883195340633,0.6439121325802566,0.8980754363633021,0.45897454023361206,0.0653756856918335,0.14243858855124758,0.04
8,octanol_hl_gap_eV,82,0.06471771746873856,0.0012328741140663624,0.6377456198289233,0.9725579650025644,0.23178954422473907,0.0005805788678117096,0.0025047672868660138,0.08
8,octanol_hl_gap_eV,83,0.058906104415655136,0.001718999119475484,0.6103376847625224,0.9561323364385039,0.3652574121952057,0.0009876807453110814,0.002704067631030666,0.08
8,octanol_hl_gap_eV,84,0.04103409871459007,0.003218991681933403,0.6077872104752284,0.9410919566170908,0.4656504988670349,0.020842183381319046,0.04475928498311449,0.0
8,octanol_hl_gap_eV,85,0.03036242350935936,0.0031069195829331875,0.6139445568790685,0.9623871799120411,0.4868645668029785,0.00110271864105016,0.0022649391971389893,0.0
8,octanol_hl_gap_eV,86,0.12806229293346405,0.0009808914037421346,0.6397458454920195,0.9685193728283874,0.26779505610466003,0.0005071806372143328,0.0018939133701412164,0.14
8,octanol_hl_gap_eV,87,0.2243838757276535,0.0016661336412653327,0.6155779309400218,0.9064702529064563,0.42179831862449646,0.04932316765189171,0.11693542973982639,0.08
8,octanol_hl_gap_eV,88,0.08571331202983856,0.0022306551691144705,0.6261552104969326,0.9879690981599201,0.3145942687988281,0.002082356484606862,0.006619181247508534,0.02
8,octanol_hl_gap_eV,89,0.03860684111714363,0.0023829105775803328,0.6252561206670502,0.9622747601159973,0.4515775740146637,0.0006047175847925246,0.0013391222673358179,0.0
8,octanol_hl_gap_eV,90,0.16820751130580902,0.0009564629872329533,0.6400059945475391,0.9734772599288632,0.2752501666545868,0.0009021168807521462,0.003277443540603623,0.2
8,octanol_hl_gap_eV,91,0.06665398180484772,0.0011996087851002812,0.6323137674649202,0.9806804965920743,0.35381484031677246,0.0003183418302796781,0.0008997413166577887,0.06
8,octanol_hl_gap_eV,92,0.0034032491967082024,0.001242631347849965,0.626055802355916,0.9747791941032207,0.30105695128440857,0.0003580330521799624,0.0011892535636612107,0.14
8,octanol_hl_gap_eV,93,0.09187087416648865,0.007739429362118244,0.6081399727737455,0.9591993113375277,1.3919910192489624,0.0015865351306274533,0.0011397596023884232,0.04
8,octanol_hl_gap_eV,94,0.12724409997463226,0.0007015240844339132,0.6453259874106407,0.961349061886001,0.2949182987213135,0.0016019124304875731,0.005431715961447747,0.16
8,octanol_hl_gap_eV,95,0.3163178563117981,0.0014753249706700444,0.6460259139283644,0.9653307718512689,0.13641810417175293,0.07834374159574509,0.5742913821548851,0.44
8,octanol_hl_gap_eV,96,0.08428265899419785,0.0018458644626662135,0.5971912924466216,0.9699073889706122,0.4577799439430237,0.00025438854936510324,0.0005557005122897325,0.06
8,octanol_hl_gap_eV,97,0.288072407245636,0.0026810618583112955,0.6077593508158741,0.9685417269862642,0.45871394872665405,0.010529749095439911,0.022954935477042904,0.12
8,octanol_hl_gap_eV,98,0.09411879628896713,0.0013915810268372297,0.6487763805837206,0.9555005200239979,0.2770445644855499,0.001411707722581923,0.005095597977904218,0.08
8,octanol_hl_gap_eV,99,0.06071361154317856,0.0015398673713207245,0.5985557527263665,0.9694057158790244,0.3673313856124878,0.0007922181393951178,0.002156685136158933,0.04
8,octanol_hl_gap_eV,100,0.06151168420910835,0.002292244927957654,0.6072095461416303,0.9702475917270612,0.39246419072151184,0.0013532062293961644,0.0034479737550282244,0.0
8,octanol_hl_gap_eV,101,0.09073296934366226,0.0019197501242160797,0.6390789746872503,0.9758214125698483,0.32876643538475037,0.0021548273507505655,0.006554280239188054,0.2
8,octanol_hl_gap_eV,102,0.19280381500720978,0.001885920879431069,0.5982200389958239,0.9017672465435196,0.4776862859725952,0.042906250804662704,0.08982098097562766,0.06
8,octanol_hl_gap_eV,103,0.13872312009334564,0.0008880362147465348,0.6579995307883182,0.974010194533995,0.2492782324552536,0.0010363674955442548,0.004157472898201357,0.06
8,octanol_hl_gap_eV,104,0.07073128968477249,0.0010006069205701351,0.6588252246359614,0.95685629071195,0.31886836886405945,0.001088870340026915,0.0034147957161944913,0.06
8,octanol_hl_gap_eV,105,0.10461829602718353,0.0009740954847075045,0.631445356914283,0.9712782813294476,0.2858438193798065,0.0005877307266928256,0.002056125362332553,0.1
8,octanol_hl_gap_eV,106,0.07538869976997375,0.0013530646683648229,0.6179608597465258,0.9678500014864031,0.29043200612068176,0.0008831737795844674,0.0030408968742153255,0.06
8,octanol_hl_gap_eV,107,0.0027337167412042618,0.002638250356540084,0.6067506349829039,0.9688884376897542,0.40661850571632385,0.0019258965039625764,0.004736371997063439,0.0
8,octanol_hl_gap_eV,108,0.24590277671813965,0.0023012154269963503,0.6128578799151188,0.9131314188103521,0.4637767970561981,0.08848115801811218,0.19078392575855943,0.06
8,octanol_hl_gap_eV,109,0.03855820745229721,0.0020891439635306597,0.6006045315422552,0.975140230659695,0.49605607986450195,0.0007686748285777867,0.001549572437027182,0.06
8,octanol_hl_gap_eV,110,0.03295144811272621,0.0030546076595783234,0.6240271126395549,0.9660694177893927,0.46739453077316284,0.0015625980449840426,0.003343209948133533,0.1
8,octanol_hl_gap_eV,111,0.07534121721982956,0.0022698144894093275,0.5947862689550554,0.9708612275848976,0.5308851003646851,0.001819872879423201,0.0034279976555624966,0.04
8,octanol_hl_gap_eV,112,0.04089765250682831,0.0018497878918424249,0.6238403267625992,0.9602860343748088,0.313837468624115,0.0010217699455097318,0.0032557296297004985,0.1
8,octanol_hl_gap_eV,113,0.07421816885471344,0.0009818526450544596,0.6054516596596311,0.9733342040311281,0.3321644067764282,0.0007445183000527322,0.002241415048885263,0.02
8,octanol_hl_gap_eV,114,0.13913139700889587,0.0021664502564817667,0.6289760817211021,0.9734192846464242,0.31977981328964233,0.008786901831626892,0.02747797536446776,0.14
8,octanol_hl_gap_eV,115,0.1111588254570961,0.0013555730693042278,0.6290377878525963,0.975003417941189,0.26221609115600586,0.00029688654467463493,0.0011322209226969288,0.14
8,octanol_hl_gap_eV,116,-0.01359223946928978,0.0019145661499351263,0.6222405540016398,0.9473141777929164,0.3167896568775177,0.00512267230078578,0.016170579403627403,0.0
8,octanol_hl_gap_eV,117,0.009665806777775288,0.0022717176470905542,0.6354507896840542,0.9721674974606938,0.2127053588628769,0.02216462232172489,0.1042034034319445,0.06
8,octanol_hl_gap_eV,118,0.167025625705719,0.001673122402280569,0.6306346541424492,0.9670643731716744,0.3074113130569458,0.0045601120218634605,0.01483391088153848,0.26
8,octanol_hl_gap_eV,119,0.08325687050819397,0.003399371402338147,0.6186440194421781,0.973246282160269,0.3904862105846405,0.0019187136786058545,0.004913652842524539,0.08
8,octanol_hl_gap_eV,120,0.00884118489921093,0.0020764945074915886,0.6297127925200068,0.9633696510359944,0.20392687618732452,0.027418959885835648,0.1344548614604823,0.26
8,octanol_hl_gap_eV,121,0.05796746164560318,0.0021806969307363033,0.6082377037365783,0.9700472063410364,0.5037659406661987,0.0009278297075070441,0.0018417872916935347,0.0
8,octanol_hl_gap_eV,122,0.2390390932559967,0.0016232469351962209,0.6352233395626006,0.979386788646087,0.3360922634601593,0.004272077232599258,0.012711025206641434,0.28
8,octanol_hl_gap_eV,123,0.050590671598911285,0.003186318790540099,0.608383971957339,0.9719328800767628,0.5263046026229858,0.0011222180910408497,0.0021322596941922276,0.02
8,octanol_hl_gap_eV,124,0.08863279223442078,0.001207131426781416,0.6388719729282706,0.9636779961855604,0.3603258728981018,0.0008864636183716357,0.0024601719861019325,0.16
8,octanol_hl_gap_eV,125,0.04719935730099678,0.0009806315647438169,0.6626757725260743,0.9549388701156025,0.28161242604255676,0.0007739078137092292,0.0027481309137696846,0.16
8,octanol_hl_gap_eV,126,0.09657951444387436,0.0016697393730282784,0.6336890195738758,0.9276574041257584,0.26109981536865234,0.017529243603348732,0.06713617770506204,0.14
8,octanol_hl_gap_eV,127,0.09740836918354034,0.0012816459638997912,0.6330523756983772,0.9805723455893363,0.3327772617340088,0.0011383714154362679,0.003420820910372705,0.2
8,octanol_hl_gap_eV,128,0.11353158950805664,0.0012252696324139833,0.620802643558994,0.9709481987190538,0.2860150933265686,0.000500817084684968,0.0017510162798056992,0.06
8,octanol_hl_gap_eV,129,0.10767418146133423,0.0048342132940888405,0.6165710517371614,0.9795598991441807,0.8317535519599915,0.0038302959874272346,0.004605085218333371,0.1
8,octanol_hl_gap_eV,130,0.31901440024375916,0.0010300028370693326,0.6248659703204735,0.9290863503402094,0.21479596197605133,0.043804094195365906,0.20393350876982427,0.1
8,octanol_hl_gap_eV,131,0.04834279045462608,0.002862675813958049,0.6049976474867886,0.9481695083412001,0.47959017753601074,0.01724822446703911,0.03596450735429001,0.0
8,octanol_hl_gap_eV,132,0.1114361584186554,0.002307291841134429,0.6274110234251191,0.9734012643333352,0.404877245426178,0.001939239795319736,0.00478969815475422,0.04
8,octanol_hl_gap_eV,133,0.07906541228294373,0.002114988397806883,0.6026766734365154,0.9720186503875179,0.5148227214813232,0.0006990276160649955,0.0013578025733861378,0.06
8,octanol_hl_gap_eV,134,0.10731487721204758,0.0016623035771772265,0.6515525063896821,0.960427383462138,0.3620659410953522,0.001088941004127264,0.003007576467515582,0.02
8,octanol_hl_gap_eV,135,0.10855086147785187,0.0016026034718379378,0.6248233269033918,0.962456769287745,0.379636287689209,0.022381067276000977,0.058953972530474595,0.02
8,octanol_hl_gap_eV,136,0.04125618562102318,0.0030315550975501537,0.607080544069942,0.967582863906697,0.4615602195262909,0.0006365462904796004,0.0013791186145394017,0.02
8,octanol_hl_gap_eV,137,0.1087847650051117,0.0021393545903265476,0.6069480174808037,0.9816681636168798,0.4466213881969452,0.0016718291444703937,0.0037432805249648557,0.14
8,octanol_hl_gap_eV,138,0.014499517157673836,0.001105500035919249,0.6168620974564882,0.9675971968581993,0.2399304062128067,0.00025801395531743765,0.0010753699766114333,0.06
8,octanol_hl_gap_eV,139,0.11374887079000473,0.0017550423508509994,0.6097152754766966,0.9314373274125367,0.38631805777549744,0.02113746851682663,0.05471519669191941,0.08
8,octanol_hl_gap_eV,140,0.06479636579751968,0.001833292655646801,0.6145338919550463,0.9682564408227483,0.40003901720046997,0.0012921214802190661,0.0032299886377621773,0.06
8,octanol_hl_gap_eV,141,0.048143595457077026,0.000969387823715806,0.6203911835383094,0.9641906342342628,0.27325257658958435,0.0006107360241003335,0.002235060440134979,0.02
8,octanol_hl_gap_eV,142,-0.021798817440867424,0.002199403941631317,0.6261206188406141,0.9662937684424047,0.18450084328651428,0.0157026257365942,0.08510869358038296,0.14
8,octanol_hl_gap_eV,143,0.061079490929841995,0.001303744618780911,0.6375720720642466,0.9619699303478928,0.25899115204811096,0.00040155055467039347,0.0015504412081066006,0.1
8,octanol_hl_gap_eV,144,0.20123834908008575,0.002561763860285282,0.6030399084092444,0.9405937828746387,0.5749287009239197,0.0566406212747097,0.0985176443334405,0.02
8,octanol_hl_gap_eV,145,0.09093151241540909,0.0013855701545253396,0.6119370952151963,0.9504775603481057,0.25795796513557434,0.018942974507808685,0.07343434616509271,0.0
8,octanol_hl_gap_eV,146,0.10440415143966675,0.0011220778105780482,0.6414907445474232,0.9656060275258531,0.3285755515098572,0.003175833262503147,0.009665458211694953,0.16
8,octanol_hl_gap_eV,147,0.10336169600486755,0.004134839866310358,0.6213742868888956,0.9209061122536881,0.6837737560272217,0.055719710886478424,0.08148851925849604,0.0
8,octanol_hl_gap_eV,148,0.0808001458644867,0.001765210647135973,0.6147801001705135,0.9602177475251097,0.4497878849506378,0.00082611502148211,0.0018366769073221534,0.14
8,octanol_hl_gap_eV,149,0.07593980431556702,0.006627090275287628,0.61506512537522,0.9771090742101822,1.1832972764968872,0.0041055018082261086,0.003469543866762131,0.04
8,octanol_hl_gap_eV,150,0.09328559041023254,0.0011483397101983428,0.6449119827876097,0.9710407838061512,0.21630243957042694,0.0026494450867176056,0.012248798913129966,0.02
8,octanol_hl_gap_eV,151,0.07663075625896454,0.003616038477048278,0.6061740030205096,0.9648966573416211,0.7078292965888977,0.0016893299762159586,0.00238663472161581,0.02
8,octanol_hl_gap_eV,152,0.05106516554951668,0.0016486361855641007,0.6443158706285772,0.9717489230273233,0.07240334153175354,0.013410781510174274,0.18522324006679694,0.14
8,octanol_hl_gap_eV,153,0.08706600964069366,0.0029124850407242775,0.6272153263159201,0.9439681532245725,0.3956875801086426,0.016135137528181076,0.040777467727824326,0.12
8,octanol_hl_gap_eV,154,0.07404110580682755,0.002246210351586342,0.6010010169995121,0.9773920269928305,0.47204312682151794,0.0011605470208451152,0.0024585614214099644,0.04
8,octanol_hl_gap_eV,155,0.053768131881952286,0.006130375899374485,0.607127040991547,0.9014516527130776,1.031887412071228,0.05700427666306496,0.05524272899951814,0.0
8,octanol_hl_gap_eV,156,0.1081007570028305,0.001678914180956781,0.6238434085845506,0.9708534087264671,0.31558340787887573,0.001530519686639309,0.004849810377948446,0.08
8,octanol_hl_gap_eV,157,0.020088091492652893,0.0015579479513689876,0.6179256024187987,0.959989463459219,0.2868391275405884,0.0004028954717796296,0.00140460429939991,0.06
8,octanol_hl_gap_eV,158,0.2431807816028595,0.0014475923962891102,0.6094332838747765,0.9686303827316822,0.27308711409568787,0.0009774155914783478,0.0035791347926283626,0.34
8,octanol_hl_gap_eV,159,0.058046117424964905,0.0022800550796091557,0.6061277874758528,0.9717767969266409,0.522914707660675,0.00110727793071419,0.002117511545367958,0.0
8,octanol_hl_gap_eV,160,0.35261544585227966,0.0011037500808015466,0.616709858821952,0.884130529906203,0.22069750726222992,0.09918257594108582,0.4494050574990789,0.18
8,octanol_hl_gap_eV,161,0.20525594055652618,0.0011456842767074704,0.6123565646573195,0.9693304141602004,0.3551988899707794,0.0007956119370646775,0.0022399054713547356,0.22
8,octanol_hl_gap_eV,162,0.1695632040500641,0.0024407776072621346,0.6341881099803965,0.9119310941045242,0.46237900853157043,0.050155188888311386,0.10847202827739719,0.1
8,octanol_hl_gap_eV,163,0.10560102760791779,0.0011925905710086226,0.6319494963343015,0.9782779850873409,0.2558630704879761,0.0020429627038538456,0.007984593868734378,0.12
8,octanol_hl_gap_eV,164,0.16319788992404938,0.002700645476579666,0.6022912650017063,0.9107170721866902,0.583369255065918,0.05646523833274841,0.09679159099045785,0.06
8,octanol_hl_gap_eV,165,0.1869942992925644,0.0019897189922630787,0.6265476261481568,0.9118213780274527,0.33974552154541016,0.04291696473956108,0.1263209137955475,0.18
8,octanol_hl_gap_eV,166,0.12439150363206863,0.001713633886538446,0.602389204868728,0.932822432820472,0.29191601276397705,0.01823064498603344,0.06245167852704767,0.12
8,octanol_hl_gap_eV,167,0.0431608110666275,0.0017614070093259215,0.6316553671537555,0.9704102874518938,0.4120524227619171,0.0005746757378801703,0.001394666567006734,0.08
8,octanol_hl_gap_eV,168,0.02898562140762806,0.0023620794527232647,0.6075301183225967,0.9674625833697195,0.34316855669021606,0.002343116095289588,0.006827886907496475,0.0
8,octanol_hl_gap_eV,169,0.02886688895523548,0.0038326492067426443,0.6139973291846552,0.9879765083738983,0.7281267642974854,0.0009473563404753804,0.0013010871003889181,0.04
8,octanol_hl_gap_eV,170,0.06726434081792831,0.003407175187021494,0.6032729224193276,0.9812168188350077,0.6911918520927429,0.0011467277072370052,0.0016590584853756918,0.02
8,octanol_hl_gap_eV,171,0.0664990097284317,0.0018421165877953172,0.6262741367247169,0.9681379473608132,0.26329800486564636,0.0035699508152902126,0.013558594251832099,0.26
8,octanol_hl_gap_eV,172,0.10935454070568085,0.001711745047941804,0.6121858109891065,0.9208080894252184,0.2628852128982544,0.01890813186764717,0.07192542957889864,0.08
8,octanol_hl_gap_eV,173,0.11947309970855713,0.0019513048464432359,0.6153864452215028,0.9407413172000099,0.3401019275188446,0.015670908614993095,0.04607709438554943,0.12
8,octanol_hl_gap_eV,174,0.14389033615589142,0.0029020123183727264,0.6215629544408456,0.911647685073641,0.6469598412513733,0.05563080683350563,0.08598803710273964,0.02
8,octanol_hl_gap_eV,175,0.09976532310247421,0.006425776984542608,0.6067204037777134,0.965084939125443,1.2193641662597656,0.020200854167342186,0.016566711345393698,0.1
8,octanol_hl_gap_eV,176,0.09759511798620224,0.0013642237754538655,0.6219031731449578,0.9648043303240581,0.37015771865844727,0.0009862912120297551,0.0026645161300548966,0.02
8,octanol_hl_gap_eV,177,0.11250083148479462,0.001046663266606629,0.6148774821548828,0.9794751437981943,0.24934464693069458,0.0015882186125963926,0.006369571723903254,0.22
8,octanol_hl_gap_eV,178,0.09183850139379501,0.0007803770713508129,0.653312459075724,0.9625365630404101,0.25108739733695984,0.0010290846694260836,0.004098511834287922,0.14
8,octanol_hl_gap_eV,179,0.28617995977401733,0.0028052055276930332,0.6209344264980556,0.9573564882370544,0.5896095633506775,0.10355342924594879,0.17563051158374635,0.24
8,octanol_hl_gap_eV,180,0.2508619725704193,0.0014853185275569558,0.6356346945886633,0.9599187747246634,0.25340139865875244,0.02689104899764061,0.10612036531753294,0.26
8,octanol_hl_gap_eV,181,0.07115917652845383,0.0016700859414413571,0.6145598277970141,0.9744901698892008,0.25515782833099365,0.00451655825600028,0.017701037375742787,0.08
8,octanol_hl_gap_eV,182,0.138717383146286,0.0013602571561932564,0.6419654780209938,0.9723850230662172,0.3326532244682312,0.0010012256680056453,0.0030098180157615262,0.22
8,octanol_hl_gap_eV,183,0.04998023435473442,0.0020068467129021883,0.6119873044010855,0.9770091572213264,0.3320213556289673,0.0009854281088337302,0.0029679660423257313,0.08
8,octanol_hl_gap_eV,184,0.0452767051756382,0.002555846469476819,0.605741651839083,0.9614530249719957,0.39042481780052185,0.002007089788094163,0.005140784336921013,0.04
8,octanol_hl_gap_eV,185,0.15332064032554626,0.0008141460712067783,0.641371927504103,0.9580242469250264,0.2548736035823822,0.0011767458636313677,0.004616978169145754,0.14
8,octanol_hl_gap_eV,186,0.05526107922196388,0.0015107776271179318,0.642346268986538,0.9422041517830693,0.19592396914958954,0.01543392799794674,0.07877508844342986,0.1
8,octanol_hl_gap_eV,187,0.10148056596517563,0.0014730877010151744,0.6386229745260064,0.9636946531392667,0.20170603692531586,0.002127033658325672,0.010545215655162728,0.14
8,octanol_hl_gap_eV,188,0.10261494666337967,0.001937231281772256,0.6420146570157845,0.985839834403833,0.34252744913101196,0.0005652223480865359,0.0016501519791202084,0.18
8,octanol_hl_gap_eV,189,0.05210461840033531,0.0025462680496275425,0.6140401200106325,0.9675471116102556,0.46924975514411926,0.0026685786433517933,0.005686904711398732,0.04
8,octanol_hl_gap_eV,190,0.019136426970362663,0.0012767740990966558,0.6375342563160522,0.9604535545712807,0.3061182200908661,0.00030326942214742303,0.0009906937981587719,0.08
8,octanol_hl_gap_eV,191,0.28075110912323,0.0007332814275287092,0.6043086209890434,0.9089881310717036,0.2725650668144226,0.021419692784547806,0.07858561273052471,0.14
8,octanol_hl_gap_eV,192,0.04114406555891037,0.003150520147755742,0.6058146505604134,0.9531444742263149,0.4738541841506958,0.0005124276503920555,0.001081403662838804,0.02
8,octanol_hl_gap_eV,193,0.08535894751548767,0.0013959314674139023,0.6164267281263762,0.9753039252789237,0.37144652009010315,0.0007960430230014026,0.0021430891930507346,0.08
8,octanol_hl_gap_eV,194,0.18070408701896667,0.0018470693612471223,0.6248290983581613,0.9678542273186943,0.11143352091312408,0.04179520905017853,0.37506854946065066,0.2
8,octanol_hl_gap_eV,195,0.07749904692173004,0.0013578865909948945,0.6397620924485437,0.9788484675717095,0.33304205536842346,0.0011033839546144009,0.0033130469165336992,0.16
8,octanol_hl_gap_eV,196,0.05709439516067505,0.004191438667476177,0.6184064580094077,0.9363845317924739,0.8065748810768127,0.19675303995609283,0.24393648323565312,0.12
8,octanol_hl_gap_eV,197,0.021043509244918823,0.00169164570979774,0.6414862710253417,0.978392335983002,0.3886854350566864,0.0013543869135901332,0.0034845321986212516,0.08
8,octanol_hl_gap_eV,198,0.06184510141611099,0.0011274917051196098,0.6104751813797427,0.9198454945628107,0.3373742401599884,0.015763936564326286,0.04672537108005273,0.0
8,octanol_hl_gap_eV,199,0.040004629641771317,0.0019498178735375404,0.61998609964581,0.9664198001774231,0.3215629458427429,0.00038787818630225956,0.001206227867099922,0.0
8,octanol_hl_gap_eV,200,0.10259585082530975,0.0013698161346837878,0.6212208959418168,0.9634573625570353,0.358512818813324,0.0007688826881349087,0.0021446448991138097,0.12
8,octanol_hl_gap_eV,201,0.055971141904592514,0.0016716921236366034,0.6024986002197426,0.969772071406815,0.43530917167663574,0.0007144421688281,0.0016412293039366854,0.04
8,octanol_hl_gap_eV,202,0.15471835434436798,0.0013127411948516965,0.6432497184418389,0.9589719396130902,0.29848647117614746,0.00686254259198904,0.022991134455602212,0.26
8,octanol_hl_gap_eV,203,0.01054575014859438,0.0011626060586422682,0.6277233018281791,0.968801440801204,0.25925159454345703,0.0010346592171117663,0.003990946396815051,0.02
8,octanol_hl_gap_eV,204,0.049895960837602615,0.0013763965107500553,0.6026605095843762,0.9644861170085757,0.37381184101104736,0.00043126766104251146,0.0011537025148161803,0.04
8,octanol_hl_gap_eV,205,0.07383225858211517,0.0016398826846852899,0.6241584066355923,0.9566206769039485,0.2561693787574768,0.003604154335334897,0.014069419041481368,0.0
8,octanol_hl_gap_eV,206,0.43556806445121765,0.0011076659429818392,0.6247234501744006,0.9379084689559569,0.2491389960050583,0.05079326406121254,0.20387520571119777,0.26
8,octanol_hl_gap_eV,207,0.13298960030078888,0.0009526149369776249,0.6812093723320911,0.9548413147615549,0.2828653156757355,0.0008323921356350183,0.00294271545327684,0.08
8,octanol_hl_gap_eV,208,0.2785377502441406,0.001115199993364513,0.6240378150990664,0.9802033893645139,0.2387738823890686,0.007855999283492565,0.03290141788075321,0.2
8,octanol_hl_gap_eV,209,0.1098993569612503,0.0032056523486971855,0.6070264260827276,0.9281058266421924,0.518284797668457,0.03238197788596153,0.06247911964934006,0.02
8,octanol_hl_gap_eV,210,0.040297795087099075,0.0027777226641774178,0.607575658172463,0.9671105279731593,0.5283886194229126,0.0003160939959343523,0.0005982225663368355,0.04
8,octanol_hl_gap_eV,211,0.051909323781728745,0.0013862241758033633,0.6237037993680392,0.9676887966317829,0.21970215439796448,0.0008322544163092971,0.003788103118924208,0.1
8,octanol_hl_gap_eV,212,0.013238796032965183,0.0018277433700859547,0.6189727956609676,0.955712472103053,0.19660931825637817,0.0004988842410966754,0.0025374394536383637,0.06
8,octanol_hl_gap_eV,213,0.08421219140291214,0.0018875348614528775,0.607466109236029,0.9647468616658488,0.32071787118911743,0.001094650011509657,0.00341312446185506,0.02
8,octanol_hl_gap_eV,214,0.1046401858329773,0.0018875632667914033,0.6095611758451878,0.9756558770177621,0.25722625851631165,0.004386412911117077,0.017052741568524266,0.1
8,octanol_hl_gap_eV,215,0.4808548390865326,0.0011151329381391406,0.6344370171664961,0.9460591376247431,0.27510207891464233,0.08086566627025604,0.2939478559714801,0.44
8,octanol_hl_gap_eV,216,0.0497988685965538,0.0038137417286634445,0.6160109872136914,0.9771638517490084,0.7921122312545776,0.00106674968264997,0.0013467153271455121,0.02
8,octanol_hl_gap_eV,217,0.1206340491771698,0.0028951072599738836,0.6133319183865871,0.9097240610018122,0.3770650327205658,0.05703458935022354,0.1512592905757203,0.04
8,octanol_hl_gap_eV,218,0.1730537712574005,0.0038178060203790665,0.6001383584296616,0.9430331694301115,0.7983328104019165,0.024003401398658752,0.030066910799487704,0.14
8,octanol_hl_gap_eV,219,0.22976446151733398,0.0017628950299695134,0.6225334389475545,0.9303960170774244,0.2540913224220276,0.03698922321200371,0.1455745235981229,0.16
8,octanol_hl_gap_eV,220,0.05261737480759621,0.0010949785355478525,0.6256186880469747,0.965054305376559,0.2914462983608246,0.00038668783963657916,0.00132678933241362,0.02
8,octanol_hl_gap_eV,221,0.13658635318279266,0.0011445250129327178,0.6559027372054977,0.96620675281052,0.271878719329834,0.0009125974611379206,0.0033566343970849316,0.02
8,octanol_hl_gap_eV,222,0.16836410760879517,0.0016609615413472056,0.651378527470102,0.9709765732696707,0.1841067373752594,0.01993633434176445,0.10828682657674173,0.36
8,octanol_hl_gap_eV,223,0.19272589683532715,0.001128103118389845,0.634078550515194,0.9661025035430262,0.3330370783805847,0.0037189647555351257,0.011166818942860186,0.22
8,octanol_hl_gap_eV,224,0.07790814340114594,0.0056619467213749886,0.6076820479480507,0.9194713937224641,0.938623309135437,0.07384970784187317,0.07867874910319018,0.04
8,octanol_hl_gap_eV,225,0.008140591904520988,0.0010383736807852983,0.6097426960495775,0.9697739216298973,0.32683315873146057,0.00019484081713017076,0.000596147642688421,0.06
8,octanol_hl_gap_eV,226,0.1841346025466919,0.0009137408924289048,0.6247241021871839,0.9304446370496602,0.2859135568141937,0.004977441858500242,0.017408904684204696,0.06
8,octanol_hl_gap_eV,227,0.024288661777973175,0.0026282486505806446,0.610655418774114,0.9538121522131631,0.4241694509983063,0.0009096182184293866,0.0021444689528879314,0.0
8,octanol_hl_gap_eV,228,0.11878418177366257,0.005302226636558771,0.6040177757878356,0.9157206372968403,0.8783438801765442,0.12103704363107681,0.13780143103717962,0.0
8,octanol_hl_gap_eV,229,0.09317103028297424,0.005673554725944996,0.5965838147916755,0.9402002183113358,1.095792293548584,0.034032855182886124,0.031057761022095755,0.0
8,octanol_hl_gap_eV,230,0.10885394364595413,0.0013938193442299962,0.6174899090054853,0.9567498401410142,0.36913901567459106,0.0005372056039050221,0.0014552934831970935,0.08
8,octanol_hl_gap_eV,231,0.1851886361837387,0.0015959769953042269,0.6051154676467936,0.9267529599406288,0.4080226719379425,0.04237144812941551,0.10384581799871141,0.08
8,octanol_hl_gap_eV,232,0.07149049639701843,0.00249431561678648,0.6393384542355647,0.9733613960444578,0.45034706592559814,0.0028493148274719715,0.006326931033992141,0.18
8,octanol_hl_gap_eV,233,0.08162043243646622,0.0010397578589618206,0.6312358036840382,0.9429012798722016,0.3249097466468811,0.0014389653224498034,0.004428815501228105,0.04
8,octanol_hl_gap_eV,234,0.09350994229316711,0.0027679617051035166,0.6047558584118948,0.9627985358946098,0.5567623972892761,0.0014588376507163048,0.0026202158368075616,0.02
8,octanol_hl_gap_eV,235,0.12154867500066757,0.005123679526150227,0.6038371078945002,0.9201909306258569,0.988709032535553,0.04529004171490669,0.045807249882971114,0.02
8,octanol_hl_gap_eV,236,0.08462093770503998,0.0016960659995675087,0.6309358873092785,0.973325638236449,0.2316429316997528,0.009090634062886238,0.03924416772046897,0.1
8,octanol_hl_gap_eV,237,0.048094604164361954,0.0032985738944262266,0.6122569654581382,0.9788856466809386,0.5152696371078491,0.0024558750446885824,0.004766193984324663,0.0
8,octanol_hl_gap_eV,238,0.06157347932457924,0.001292427652515471,0.6210147397835248,0.9735390803796462,0.22110627591609955,0.0005139362183399498,0.002324385484810783,0.06
8,octanol_hl_gap_eV,239,0.032633282244205475,0.006620363332331181,0.613736804679043,0.9737447264760093,1.149000644683838,0.0012848866172134876,0.001118264487629631,0.12
8,octanol_hl_gap_eV,240,0.03556917607784271,0.0021004704758524895,0.6073445248363953,0.9673399358569841,0.3315064311027527,0.002464710269123316,0.007434879199551221,0.02
8,octanol_hl_gap_eV,241,0.15302908420562744,0.0013322519371286035,0.6222314972969192,0.9388223109547278,0.3471040725708008,0.009602107107639313,0.027663481550423804,0.12
8,octanol_hl_gap_eV,242,0.30516281723976135,0.0010369723895564675,0.6645937312634098,0.9315190389243164,0.23963895440101624,0.05798909440636635,0.24198525882952374,0.04
8,octanol_hl_gap_eV,243,-0.06314115971326828,0.0015899166464805603,0.6318765992035478,0.9701136369526917,0.05342632159590721,0.023191262036561966,0.43407933287959244,0.14
8,octanol_hl_gap_eV,244,0.04473905637860298,0.004783038981258869,0.6132595707514592,0.9879810987612918,0.7542847990989685,0.0031448856461793184,0.004169361029064942,0.02
8,octanol_hl_gap_eV,245,0.009007067419588566,0.00235664751380682,0.6143509209293108,0.9696525986514251,0.31802016496658325,0.005692651029676199,0.017900283242335807,0.0
8,octanol_hl_gap_eV,246,0.052212633192539215,0.008299507200717926,0.5955941018295903,0.9544483090100662,1.5696306228637695,0.03851557895541191,0.024537988998418473,0.02
8,octanol_hl_gap_eV,247,0.2600150406360626,0.001672810991294682,0.6334916541574058,0.9791170023189968,0.07247017323970795,0.07963178306818008,1.098821480732271,0.24
8,octanol_hl_gap_eV,248,0.03468145430088043,0.007058265153318644,0.6258355429097362,0.98449218551266,1.3396100997924805,0.011357022449374199,0.008477856692132673,0.02
8,octanol_hl_gap_eV,249,0.021847527474164963,0.0006676033954136074,0.6233756907814401,0.9673039331485713,0.29496657848358154,0.00032231168006546795,0.0010927057625391566,0.06
8,octanol_dipole,0,0.0684814453125,0.019923575222492218,0.6329246648619782,0.9741394293447396,3.4755427837371826,0.008350804448127747,0.0024027338944590092,0.04
8,octanol_dipole,1,0.16867153346538544,0.02395940013229847,0.5984683677698168,0.9216974767328718,4.016942977905273,0.22763890027999878,0.05666968675734259,0.04
8,octanol_dipole,2,0.20839588344097137,0.006545142270624638,0.6298514158957711,0.9564194383170808,0.9948163032531738,0.042895570397377014,0.04311908666665708,0.06
8,octanol_dipole,3,0.5211794376373291,0.011070444248616695,0.627264553011109,0.8944956273837379,1.95378577709198,0.599876344203949,0.30703281354458756,0.36
8,octanol_dipole,4,0.12418098002672195,0.0064832353964447975,0.6336382698843048,0.9700395139399107,1.0058248043060303,0.0405467264354229,0.04031191740533596,0.04
8,octanol_dipole,5,0.28238430619239807,0.007711200043559074,0.6364389248691602,0.9374436111534576,1.2612433433532715,0.29166123270988464,0.23124897685044984,0.12
8,octanol_dipole,6,0.10399691015481949,0.005350614432245493,0.624812891949847,0.9643156072247892,0.8382534980773926,0.011144878342747688,0.013295355603417627,0.1
8,octanol_dipole,7,0.2727239727973938,0.01797901652753353,0.6117167985459908,0.9060783560069035,3.1948976516723633,0.39523786306381226,0.12370908434482267,0.08
8,octanol_dipole,8,0.18096792697906494,0.007018354721367359,0.6335183430214946,0.9610663100362637,1.159250020980835,0.02429318055510521,0.020955945754092705,0.22
8,octanol_dipole,9,0.08894955366849899,0.012335174717009068,0.6192414054319075,0.9681600659180516,2.162645101547241,0.009434795007109642,0.004362618258705333,0.06
8,octanol_dipole,10,0.3405565619468689,0.01190152671188116,0.6354488053481431,0.9063444622501462,2.1188809871673584,0.26231250166893005,0.12379765699800084,0.22
8,octanol_dipole,11,0.1140105128288269,0.00560013996437192,0.6244384278383226,0.9644291258328501,0.9966263771057129,0.010595245286822319,0.010631110645086282,0.04
8,octanol_dipole,12,0.12413182109594345,0.01532879937440157,0.633299668023648,0.9693592303740528,2.6214599609375,0.0030514318495988846,0.0011640200098679424,0.14
8,octanol_dipole,13,0.2207910418510437,0.017750531435012817,0.6176471530175796,0.9093328723630767,3.2732434272766113,0.3333281874656677,0.10183421883260356,0.04
8,octanol_dipole,14,0.42699918150901794,0.004925544373691082,0.6386530485273552,0.903445397376478,0.784530520439148,0.363765686750412,0.46367308507869254,0.14
8,octanol_dipole,15,0.1455618441104889,0.006989889312535524,0.6351664711182918,0.9547807350002195,1.1365571022033691,0.00989049393683672,0.008702153123378195,0.14
8,octanol_dipole,16,0.6066591143608093,0.003002131823450327,0.645805595954333,0.9178826124476072,0.46645256876945496,0.2817119359970093,0.603945513131574,0.46
8,octanol_dipole,17,0.07730087637901306,0.011079022660851479,0.620799624778859,0.9530822844655824,1.8599156141281128,0.006516576744616032,0.0035036948424516873,0.1
8,octanol_dipole,18,0.12247166782617569,0.015872828662395477,0.6220268312360839,0.9716895020935818,2.735468626022339,0.01654132641851902,0.006046980857744971,0.02
8,octanol_dipole,19,0.40856173634529114,0.00583605794236064,0.6410565463241487,0.9167076877635889,0.9814338088035583,0.4562683403491974,0.46489975814611767,0.12
8,octanol_dipole,20,0.19100633263587952,0.008270452730357647,0.6324327080778256,0.9494917410248371,1.391156554222107,0.010756929405033588,0.0077323643930560645,0.1
8,octanol_dipole,21,0.04415528476238251,0.025043468922376633,0.6062596270347018,0.9554939539639331,4.022276878356934,0.007155746221542358,0.0017790287536012242,0.02
8,octanol_dipole,22,0.16009804606437683,0.006673318799585104,0.6062075961042701,0.9451594916378745,1.196523666381836,0.019168850034475327,0.016020452058787896,0.18
8,octanol_dipole,23,0.21100974082946777,0.014781948179006577,0.611169628164393,0.9417758133795577,2.3260302543640137,0.07207872718572617,0.030987871740057838,0.04
8,octanol_dipole,24,0.11984875798225403,0.012394427321851254,0.6194622330635577,0.9577698912833685,1.9415565729141235,0.016113223508000374,0.008299126449772048,0.06
8,octanol_dipole,25,0.16084833443164825,0.007628133986145258,0.6309878877906678,0.9458150390942912,1.2523967027664185,0.09244447201490402,0.07381404934291465,0.04
8,octanol_dipole,26,0.2137511521577835,0.006107256282120943,0.6253034653517879,0.939799342565437,0.9509872198104858,0.07995788007974625,0.08407881663823029,0.12
8,octanol_dipole,27,0.3299020826816559,0.010479924269020557,0.6241588474807183,0.9252203634400786,1.822991132736206,0.19595694541931152,0.10749199044385438,0.22
8,octanol_dipole,28,0.1959008276462555,0.014967646449804306,0.6199849321844539,0.9443319703805688,2.4218637943267822,0.009313900023698807,0.0038457571583986783,0.14
8,octanol_dipole,29,0.14371077716350555,0.014393622055649757,0.6209525334287744,0.9610598096495926,2.3135595321655273,0.00535579351708293,0.002314958159762513,0.12
8,octanol_dipole,30,0.16389347612857819,0.0069857328198850155,0.6393631973715204,0.9606471473829428,1.1871833801269531,0.005325715988874435,0.004486009556758554,0.08
8,octanol_dipole,31,0.14277109503746033,0.013269218616187572,0.612750644238947,0.9671272501786354,2.031674861907959,0.00743725523352623,0.0036606522888912724,0.12
8,octanol_dipole,32,0.0954674556851387,0.006071851123124361,0.6321729126958207,0.9705386011630392,1.014180064201355,0.011188712902367115,0.01103227454108752,0.06
8,octanol_dipole,33,0.3767353892326355,0.010422728955745697,0.6355100184646831,0.8986586063838595,1.8600776195526123,0.535388171672821,0.2878310915872388,0.14
8,octanol_dipole,34,0.1751565933227539,0.0065420628525316715,0.6259705190918501,0.9589531735836572,1.1374633312225342,0.03628469258546829,0.0318996591709641,0.12
8,octanol_dipole,35,0.9306400418281555,0.0015273718163371086,0.7405691876796856,0.9191600952922783,0.1318599134683609,0.6191070675849915,4.6951878800795885,0.86
8,octanol_dipole,36,0.35176336765289307,0.01718122325837612,0.6121770525884569,0.919096178949453,2.77195143699646,0.5630965232849121,0.20314083276114453,0.14
8,octanol_dipole,37,0.23873576521873474,0.017444109544157982,0.6093423499859842,0.9233711176336681,2.743601083755493,0.3797057271003723,0.13839684251058246,0.08
8,octanol_dipole,38,0.23947592079639435,0.008766152895987034,0.6372949280435616,0.9513235913664377,1.5167584419250488,0.019106470048427582,0.012596910305755684,0.18
8,octanol_dipole,39,0.11518444120883942,0.005977516062557697,0.6305502761253734,0.9734823282215037,0.991848349571228,0.009978457354009151,0.010060466762204925,0.08
8,octanol_dipole,40,0.24018462002277374,0.008770981803536415,0.6364890171518949,0.9491615106174869,1.472470760345459,0.04197884351015091,0.028509118578559874,0.18
8,octanol_dipole,41,0.14795687794685364,0.01693274825811386,0.6083235984208601,0.9195742276471854,2.7411649227142334,0.06833776086568832,0.02493018946048017,0.08
8,octanol_dipole,42,0.27570927143096924,0.013966488651931286,0.6226180833272856,0.930459258035707,2.3377559185028076,0.1598358154296875,0.06837147290040987,0.2
8,octanol_dipole,43,0.13947829604148865,0.0181238055229187,0.6088888369673149,0.9651216522130728,2.8959622383117676,0.003905397607013583,0.0013485664817543604,0.08
8,octanol_dipole,44,0.13767269253730774,0.008474166505038738,0.6277640311167032,0.9635807117575341,1.3596965074539185,0.00995886791497469,0.007324331466897003,0.1
8,octanol_dipole,45,0.4729534983634949,0.007820406928658485,0.635249446944659,0.9006494996031846,1.3171827793121338,0.35791945457458496,0.27173104613582905,0.3
8,octanol_dipole,46,0.1550118774175644,0.01643422804772854,0.6171918461561938,0.9160751857069196,2.721323251724243,0.07443759590387344,0.027353456027948694,0.04
8,octanol_dipole,47,0.11681316047906876,0.006255260668694973,0.6325106776827838,0.945475837424397,0.9883270859718323,0.025408880785107613,0.025708979492475203,0.08
8,octanol_dipole,48,0.13143353164196014,0.011640110053122044,0.6358574152992846,0.9572661700595162,1.9378821849822998,0.015614878386259079,0.00805770263397189,0.18
8,octanol_dipole,49,0.12126736342906952,0.0031849569641053677,0.6227004341030897,0.955046519489309,0.4670257270336151,0.01848381944000721,0.03957773281016016,0.2
8,octanol_dipole,50,0.09401378035545349,0.01809154637157917,0.624877757802184,0.9638819378324321,3.2299442291259766,0.007595928851515055,0.0023517213650374744,0.04
8,octanol_dipole,51,0.31217053532600403,0.008228654973208904,0.6303326429123932,0.9248624403519168,1.3841707706451416,0.1730763018131256,0.1250397028196581,0.14
8,octanol_dipole,52,0.1484634280204773,0.0033691374119371176,0.6293338738884235,0.9638041465767664,0.4779491722583771,0.05607602000236511,0.1173263251767924,0.08
8,octanol_dipole,53,0.27921122312545776,0.01111361850053072,0.6304637421886856,0.958079952213821,1.9025821685791016,0.2137659788131714,0.11235571443036148,0.2
8,octanol_dipole,54,0.12351273745298386,0.008806371130049229,0.6328238947202407,0.9574501550939454,1.4654574394226074,0.015735363587737083,0.01073750977983833,0.12
8,octanol_dipole,55,0.18418361246585846,0.006199994124472141,0.6310464631996353,0.9492308113718475,0.9507958292961121,0.028963148593902588,0.030462006354555034,0.06
8,octanol_dipole,56,0.088020458817482,0.010130468755960464,0.6145463305391243,0.9572343213303465,1.6088305711746216,0.014022910967469215,0.008716213639097473,0.06
8,octanol_dipole,57,0.1057184487581253,0.008880994282662868,0.6303999580266573,0.9619485843594411,1.5114864110946655,0.00643143942579627,0.004255042836368223,0.08
8,octanol_dipole,58,0.20845650136470795,0.0050637428648769855,0.6300165423377726,0.9625009516952312,0.7350689172744751,0.040388450026512146,0.05494512021575669,0.12
8,octanol_dipole,59,0.07379993796348572,0.010195584036409855,0.6320601819559661,0.9662718005947906,1.7083740234375,0.003991850186139345,0.0023366371364668464,0.06
8,octanol_dipole,60,0.16361691057682037,0.004918172024190426,0.6321523471086181,0.9535418433471934,0.832831621170044,0.024490807205438614,0.029406673069199165,0.18
8,octanol_dipole,61,0.02793489582836628,0.02624671719968319,0.609644531824707,0.9666641199824055,4.596583843231201,0.0052096424624323845,0.0011333726611130908,0.04
8,octanol_dipole,62,0.08193959295749664,0.003921167459338903,0.6296903784476193,0.9683534003346557,0.5747621059417725,0.006052155513316393,0.010529844349080174,0.08
8,octanol_dipole,63,0.2200542539358139,0.009385563433170319,0.6385428968021247,0.9362752200375746,1.6032477617263794,0.043748218566179276,0.02728724755497,0.1
8,octanol_dipole,64,0.6021196842193604,0.005840953439474106,0.6541854338341389,0.9317617665463012,1.0271846055984497,0.4568084478378296,0.4447189388821571,0.44
8,octanol_dipole,65,0.06606879085302353,0.01800469681620598,0.6112304894472134,0.9605687654615425,2.8145792484283447,0.011257114820182323,0.003999572876289866,0.08
8,octanol_dipole,66,0.23049558699131012,0.01233313512057066,0.6184112274989342,0.9214989378979672,2.0274574756622314,0.1814027726650238,0.08947303449892183,0.14
8,octanol_dipole,67,0.7973143458366394,0.0027819061651825905,0.675338274621702,0.9180996862827722,0.4077815115451813,0.4483320116996765,1.0994417329045638,0.62
8,octanol_dipole,68,0.32281365990638733,0.011603806167840958,0.6125203639490548,0.906298723935395,1.9476932287216187,0.35365232825279236,0.18157496418720642,0.12
8,octanol_dipole,69,0.07334818691015244,0.02065856195986271,0.6009702628313793,0.9532436221105776,3.246049404144287,0.02169858105480671,0.006684612078640503,0.04
8,octanol_dipole,70,0.1974603235721588,0.012846545316278934,0.6354288555904228,0.9693912867177414,2.159963369369507,0.012958800420165062,0.005999546383023956,0.16
8,octanol_dipole,71,0.1342833936214447,0.014796044677495956,0.6315390725073067,0.9694858576965699,2.4203710556030273,0.005462417379021645,0.0022568512238553035,0.06
8,octanol_dipole,72,0.10927912592887878,0.0061539472080767155,0.631002500444209,0.9599584726858506,1.0461143255233765,0.0062338728457689285,0.005959074160130719,0.14
8,octanol_dipole,73,0.5670824646949768,0.005855123046785593,0.6508697312181069,0.9084818750184569,0.9793608784675598,0.5177859663963318,0.5286978250617174,0.2
8,octanol_dipole,74,0.11588118970394135,0.009859558194875717,0.6319396363419134,0.9726688793005758,1.6171128749847412,0.005247543565928936,0.0032450075978638477,0.16
8,octanol_dipole,75,0.20233996212482452,0.009286915883421898,0.6317293073983907,0.9695351957018925,1.6249845027923584,0.006391643546521664,0.0039333566169636215,0.14
8,octanol_dipole,76,0.09476730972528458,0.0019504467491060495,0.6316373496565957,0.9606153783424172,0.12428589165210724,0.03787704557180405,0.30475740301905657,0.04
8,octanol_dipole,77,0.14652730524539948,0.018242018297314644,0.6170006704531212,0.9653659160747725,3.246107339859009,0.00888348463922739,0.0027366576977128658,0.1
8,octanol_dipole,78,0.06342565268278122,0.02238117717206478,0.604336826926215,0.9706738467556917,3.4952337741851807,0.0038008822593837976,0.0010874472224021326,0.06
8,octanol_dipole,79,0.16356590390205383,0.01279660128057003,0.6223175046456753,0.9519446564307006,2.289682388305664,0.06141236051917076,0.026821344668949972,0.04
8,octanol_dipole,80,0.4249679744243622,0.009965854696929455,0.6235427964195199,0.9159668259366764,1.5982319116592407,0.32884278893470764,0.20575411273906552,0.14
8,octanol_dipole,81,0.18378019332885742,0.0020966085139662027,0.6363105821828496,0.9613974039182538,0.15817049145698547,0.04175017029047012,0.2639567589750083,0.06
8,octanol_dipole,82,0.24429699778556824,0.011527146212756634,0.6140243166669683,0.9355478135754025,1.7815430164337158,0.057431019842624664,0.03223667310463814,0.1
8,octanol_dipole,83,0.2725996971130371,0.016121646389365196,0.6097403891593971,0.8832311454948278,2.567974805831909,0.3165310323238373,0.1232609570798711,0.08
8,octanol_dipole,84,0.08958578109741211,0.013653268106281757,0.6285501969410168,0.955419388902065,2.348999261856079,0.01022627204656601,0.004353459029393498,0.18
8,octanol_dipole,85,0.15851719677448273,0.01767205446958542,0.6173837284222683,0.916183784042967,2.8199350833892822,0.15360262989997864,0.05447027160475039,0.04
8,octanol_dipole,86,0.08322723954916,0.017151592299342155,0.6075642087700885,0.9563205209617891,2.879821300506592,0.006833965890109539,0.002373052067122141,0.08
8,octanol_dipole,87,0.11676642298698425,0.013824629597365856,0.617031230885384,0.95396144606456,2.2884480953216553,0.018537569791078568,0.00810049824987313,0.04
8,octanol_dipole,88,0.10695075243711472,0.003244565799832344,0.6307597400958418,0.9565684024486452,0.5546439290046692,0.0035137012600898743,0.006335057640305109,0.1
8,octanol_dipole,89,0.08637004345655441,0.004679013974964619,0.6292551946369493,0.9547908847141409,0.7409418225288391,0.0705147534608841,0.09516908253365533,0.04
8,octanol_dipole,90,0.12533313035964966,0.025786228477954865,0.6027463009130509,0.9591803407078321,4.4781928062438965,0.005989162251353264,0.0013374060721554103,0.06
8,octanol_dipole,91,0.1352730691432953,0.007592195179313421,0.6338228542301776,0.9655239972663421,1.2756459712982178,0.011491279117763042,0.00900820398160191,0.14
8,octanol_dipole,92,0.10428353399038315,0.009700179100036621,0.6240962231432083,0.9717769088887755,1.7025483846664429,0.004429279360920191,0.002601558581718639,0.08
8,octanol_dipole,93,0.10452268272638321,0.01300534326583147,0.6284130175586149,0.9724775046852336,2.132117509841919,0.0073226396925747395,0.003434444705215924,0.06
8,octanol_dipole,94,0.08940157294273376,0.011144649237394333,0.6046118659384785,0.9503395014631655,1.864405632019043,0.015656728297472,0.008397704892425514,0.12
8,octanol_dipole,95,0.3724360764026642,0.009814881719648838,0.6324760609566644,0.9296999115103,1.7151373624801636,0.28320446610450745,0.16512057418828624,0.32
8,octanol_dipole,96,0.06906647235155106,0.014187057502567768,0.596622835633128,0.9599211333338731,2.384136438369751,0.020076947286725044,0.008421056347116386,0.04
8,octanol_dipole,97,0.1924574226140976,0.0023248749785125256,0.6398588811531702,0.9673824212339672,0.2279382199048996,0.04712619259953499,0.20674984923194092,0.04
8,octanol_dipole,98,0.20266760885715485,0.010114475153386593,0.6376297724860724,0.9660609499252761,1.749245285987854,0.00587928993627429,0.0033610437503360595,0.22
8,octanol_dipole,99,0.14546801149845123,0.012251860462129116,0.627964523807313,0.9723991558312213,2.170039653778076,0.054557863622903824,0.025141413212388837,0.12
8,octanol_dipole,100,0.24712976813316345,0.00776103138923645,0.6350907874460725,0.9465364056941097,1.3041945695877075,0.01910732313990593,0.014650669145130923,0.1
8,octanol_dipole,101,0.14207160472869873,0.015403012745082378,0.6087046568694319,0.9599540639932858,2.7135424613952637,0.03702813759446144,0.013645682026815278,0.1
8,octanol_dipole,102,0.10731376707553864,0.016130389645695686,0.6144038410674122,0.9415334925238166,2.5081067085266113,0.0066378917545080185,0.0026465746979351815,0.08
8,octanol_dipole,103,0.2413838654756546,0.011893348768353462,0.6171514962160709,0.9357650003108948,1.962955117225647,0.0950726568698883,0.04843343387507492,0.16
8,octanol_dipole,104,0.191049724817276,0.010020426474511623,0.6374750471424653,0.9611200602107721,1.6998671293258667,0.007860777899622917,0.004624348435245256,0.12
8,octanol_dipole,105,0.12456630170345306,0.007096685469150543,0.6435074936056258,0.9673634329262721,1.3054594993591309,0.008372802287340164,0.006413682149044452,0.12
8,octanol_dipole,106,0.11506598442792892,0.010717462748289108,0.6248489409021085,0.9567175426059396,1.6911576986312866,0.009043184109032154,0.005347333436941523,0.06
8,octanol_dipole,107,0.09441286325454712,0.012807315215468407,0.6008123746342451,0.9466112573281538,2.2284164428710938,0.026214830577373505,0.01176388312033737,0.04
8,octanol_dipole,108,0.6824730634689331,0.0038513101171702147,0.6682306359705914,0.9490593833671188,0.570486307144165,0.6428432464599609,1.1268337879624355,0.7
8,octanol_dipole,109,0.11468543112277985,0.007789408788084984,0.6342943989138952,0.9744977480859125,1.2306437492370605,0.01049781497567892,0.008530344368292657,0.16
8,octanol_dipole,110,0.44861334562301636,0.0072174989618361,0.6381815425232362,0.9071921778423646,1.2078568935394287,0.4120738208293915,0.34116112846934704,0.18
8,octanol_dipole,111,0.15389150381088257,0.005475388374179602,0.6200076873104725,0.9602242368050349,0.8278405070304871,0.021867912262678146,0.026415610346393465,0.14
8,octanol_dipole,112,0.12951375544071198,0.02158431150019169,0.6155666245529621,0.9671231523806629,3.4211409091949463,0.01120253000408411,0.0032745011975318667,0.1
8,octanol_dipole,113,0.1911608874797821,0.007084814831614494,0.6341386351313656,0.9691142553047591,1.1781880855560303,0.11068971455097198,0.09394910363461488,0.18
8,octanol_dipole,114,0.14314788579940796,0.005800288170576096,0.6357687021789922,0.9605214538119493,0.9133275747299194,0.006201558746397495,0.00679007063619136,0.22
8,octanol_dipole,115,0.1411266326904297,0.014159541577100754,0.6162764682074116,0.9753516321887286,2.2029290199279785,0.002352337120100856,0.0010678224758134795,0.08
8,octanol_dipole,116,0.4801447093486786,0.005039689596742392,0.6490632014614772,0.9259424604298583,0.8384577631950378,0.37054741382598877,0.44193927242557346,0.34
8,octanol_dipole,117,0.05013840273022652,0.033424679189920425,0.6159109223637962,0.9531836165712311,5.442102909088135,0.044912680983543396,0.008252817290268562,0.04
8,octanol_dipole,118,0.4087863862514496,0.010004548355937004,0.6289462639573717,0.909684877070674,1.7646403312683105,0.42556971311569214,0.2411651289925012,0.1
8,octanol_dipole,119,0.3992334306240082,0.012272867374122143,0.6372969113368248,0.9221560835038902,2.1582021713256836,0.5148298740386963,0.2385457122038109,0.12
8,octanol_dipole,120,0.29797840118408203,0.015140892937779427,0.6132310757741666,0.9124290107923381,2.7127089500427246,0.41877540946006775,0.15437535584253229,0.1
8,octanol_dipole,121,0.06485188752412796,0.00943739153444767,0.6307686362642142,0.963648252030108,1.6038132905960083,0.0316833071410656,0.019754984777119202,0.06
8,octanol_dipole,122,0.22435712814331055,0.010205036960542202,0.636246659248656,0.9631008847722049,1.7385362386703491,0.010209252126514912,0.005872326327993632,0.18
8,octanol_dipole,123,0.16789153218269348,0.006142240017652512,0.6285496303937395,0.9620258258436343,0.9305203557014465,0.020229725167155266,0.021740228511073954,0.12
8,octanol_dipole,124,0.16775022447109222,0.00865084771066904,0.625023470021745,0.9394423309490834,1.4119657278060913,0.056422971189022064,0.03996058125057464,0.08
8,octanol_dipole,125,0.07354914397001266,0.010690378956496716,0.6342910190092157,0.9575803817745387,1.8057398796081543,0.014982602559030056,0.00829720976328068,0.06
8,octanol_dipole,126,0.2053246647119522,0.015363499522209167,0.6157119368824151,0.9293109906623496,2.6962356567382812,0.16731174290180206,0.062053827707406035,0.06
8,octanol_dipole,127,0.14416484534740448,0.032027892768383026,0.6092494377144648,0.931509705503397,5.4987568855285645,0.22784672677516937,0.04143604300361203,0.04
8,octanol_dipole,128,0.7030131220817566,0.004400039557367563,0.665152631958779,0.9072969085683491,0.6731637716293335,0.6549158096313477,0.972892239946576,0.58
8,octanol_dipole,129,0.42639270424842834,0.003816233016550541,0.627780432323737,0.9405094303965498,0.711819589138031,0.18484367430210114,0.25967770081452135,0.26
8,octanol_dipole,130,0.13276833295822144,0.0071676322259008884,0.6337322702854309,0.9424292227973725,1.1398872137069702,0.03428654745221138,0.030078894683544886,0.08
8,octanol_dipole,131,0.07347326725721359,0.015357130207121372,0.6061574688186948,0.9650772981184934,2.323570489883423,0.0037863615434616804,0.001629544513474884,0.06
8,octanol_dipole,132,0.2444477528333664,0.011671693995594978,0.6226143218871529,0.899017964872521,1.9972586631774902,0.21550992131233215,0.10790285969743742,0.08
8,octanol_dipole,133,0.13888034224510193,0.014087586663663387,0.6046257027214188,0.933779697812759,2.1669209003448486,0.025506149977445602,0.01177068806405739,0.04
8,octanol_dipole,134,0.14266616106033325,0.00472007691860199,0.635825383198557,0.9459782789442017,0.7026404142379761,0.03857072442770004,0.05489397371133365,0.06
8,octanol_dipole,135,0.12176746129989624,0.008754380978643894,0.6361147548486825,0.9725421670126759,1.4440760612487793,0.023826953023672104,0.01649979087879035,0.08
8,octanol_dipole,136,0.16152355074882507,0.011816652491688728,0.6130661659255496,0.9566699656619415,1.9545968770980835,0.02378022111952305,0.012166304672925012,0.1
8,octanol_dipole,137,0.15817862749099731,0.011302955448627472,0.6271541183979088,0.9771499762938156,1.9504917860031128,0.007943015545606613,0.0040723142761258145,0.18
8,octanol_dipole,138,0.14219136536121368,0.007224577944725752,0.6294948101938589,0.9638188889957697,1.1143969297409058,0.03128943592309952,0.028077460631890136,0.08
8,octanol_dipole,139,0.5147992372512817,0.005468050949275494,0.6142896277289773,0.8934395105627504,0.8561772704124451,0.37405842542648315,0.4368936648438337,0.22
8,octanol_dipole,140,0.3349505662918091,0.008027766831219196,0.6346545633103184,0.9397570055626672,1.419045090675354,0.13407081365585327,0.09447960078001898,0.28
8,octanol_dipole,141,0.07729562371969223,0.01587037555873394,0.6293232669927198,0.955022791712361,2.626298427581787,0.004252710845321417,0.0016192793631747246,0.02
8,octanol_dipole,142,0.1688453108072281,0.009314998053014278,0.6106330228437735,0.9311908258238659,1.383556842803955,0.07486207783222198,0.05410842223186465,0.1
8,octanol_dipole,143,0.27419430017471313,0.01280368585139513,0.6264331925329485,0.9283325421985276,2.2377116680145264,0.1816592663526535,0.08118081920439547,0.18
8,octanol_dipole,144,0.3720032870769501,0.0021036826074123383,0.630138956625897,0.9643249993432286,0.14383691549301147,0.07539024204015732,0.5241369490005524,0.24
8,octanol_dipole,145,0.04587626829743385,0.01547488197684288,0.6462910550916423,0.9544721404423229,2.894623279571533,0.01613006927073002,0.005572424358142251,0.04
8,octanol_dipole,146,0.10620776563882828,0.008456320501863956,0.6282320416276572,0.9642721604807096,1.442257285118103,0.023462075740098953,0.01626760771617645,0.04
8,octanol_dipole,147,0.23362277448177338,0.005460382904857397,0.6339251665549797,0.9561402764675775,0.9567186236381531,0.06635013222694397,0.06935177238907675,0.1
8,octanol_dipole,148,0.053589142858982086,0.03201333433389664,0.5954741759172935,0.9321511014928658,5.667689800262451,0.17272979021072388,0.030476225110754183,0.0
8,octanol_dipole,149,0.1808239370584488,0.01723855920135975,0.6058442869269214,0.9635210341587728,2.8197596073150635,0.006668873596936464,0.002365050403458497,0.12
8,octanol_dipole,150,0.12921786308288574,0.005653867498040199,0.6214969141022573,0.9449116376265572,1.027733325958252,0.04595691338181496,0.044716768660746725,0.04
8,octanol_dipole,151,0.1012684777379036,0.01719828136265278,0.6231630427498622,0.967762383115178,3.0010695457458496,0.005228146910667419,0.0017420945536162438,0.1
8,octanol_dipole,152,0.3320145905017853,0.006430373527109623,0.630266257491769,0.9217367325065198,1.0267013311386108,0.32016047835350037,0.3118340929766232,0.26
8,octanol_dipole,153,0.5815080404281616,0.005589008331298828,0.6532112996401005,0.9003971445966472,0.9216808080673218,0.6348592042922974,0.6888059279692907,0.34
8,octanol_dipole,154,0.20505495369434357,0.009101849049329758,0.6307832796774393,0.9603866695403556,1.4548813104629517,0.030645644292235374,0.021064016749575094,0.12
8,octanol_dipole,155,0.2795199751853943,0.003440071363002062,0.6319715578768126,0.9269407499344191,0.49513742327690125,0.13747785985469818,0.2776559665897338,0.06
8,octanol_dipole,156,0.1965966522693634,0.022900618612766266,0.6157435458949081,0.9038693481217492,3.8504765033721924,0.2900218069553375,0.07532101720432278,0.1
8,octanol_dipole,157,0.17002363502979279,0.01714993827044964,0.6214496673726349,0.9156232376855347,3.091029405593872,0.1732875257730484,0.05606142906937344,0.04
8,octanol_dipole,158,0.5161486268043518,0.008444281294941902,0.6400766942115612,0.8962868330279081,1.5032882690429688,0.5842617750167847,0.388655846685174,0.36
8,octanol_dipole,159,0.09289828687906265,0.02078491821885109,0.6066417704474081,0.9454746777678638,3.2653093338012695,0.00780230388045311,0.00238945321341735,0.06
8,octanol_dipole,160,0.3386940658092499,0.001978302141651511,0.6261453487932007,0.958327380075541,0.14467136561870575,0.022414429113268852,0.1549334176629263,0.28
8,octanol_dipole,161,0.1295277178287506,0.013526638969779015,0.6149989896751316,0.9543002523188873,2.16744065284729,0.0038228421472012997,0.0017637586257226315,0.18
8,octanol_dipole,162,0.2530597448348999,0.006928705144673586,0.6326829226852047,0.9204050422571897,1.1308872699737549,0.1323702484369278,0.11704990581421947,0.12
8,octanol_dipole,163,0.14977622032165527,0.00922944862395525,0.6311172672018153,0.9636959136679175,1.5283259153366089,0.013152563944458961,0.008605863325665162,0.14
8,octanol_dipole,164,0.18271629512310028,0.009068563580513,0.6298916482252888,0.9578998054248358,1.4971307516098022,0.009738808497786522,0.006504981937826598,0.16
8,octanol_dipole,165,0.09457037597894669,0.011078596115112305,0.6190796536412839,0.9473352662561436,1.7417532205581665,0.023206528276205063,0.013323660322424002,0.12
8,octanol_dipole,166,0.5694990158081055,0.008643963374197483,0.6416643888761189,0.9077706070640832,1.5799553394317627,0.5708107352256775,0.3612828293178033,0.28
8,octanol_dipole,167,0.3105902373790741,0.008991902694106102,0.6253691891694086,0.9215437652892233,1.4849741458892822,0.29522138833999634,0.1988057429533239,0.16
8,octanol_dipole,168,0.23967625200748444,0.011782043613493443,0.631061794356643,0.9773074275320319,2.05796217918396,0.009692955762147903,0.004709977598320798,0.26
8,octanol_dipole,169,0.2893635332584381,0.027717184275388718,0.599481200898913,0.921836638591309,4.658046722412109,0.6227564811706543,0.13369476913451137,0.14
8,octanol_dipole,170,0.16021203994750977,0.012559204362332821,0.6306999974411434,0.9217694627351076,2.150648593902588,0.20736245810985565,0.09641856819275794,0.04
8,octanol_dipole,171,0.23942196369171143,0.0034293816424906254,0.6311247922161114,0.9632169988410488,0.48881781101226807,0.033676180988550186,0.06889311360977597,0.1
8,octanol_dipole,172,0.4307718575000763,0.0063067288137972355,0.6425138853237935,0.9105872693952184,1.0187054872512817,0.42826536297798157,0.4204015471964787,0.14
8,octanol_dipole,173,0.2879144847393036,0.009028006345033646,0.6362213789567683,0.9052605628701618,1.5418128967285156,0.431087851524353,0.2795980319266064,0.04
8,octanol_dipole,174,0.042109113186597824,0.01905117928981781,0.6219338253173867,0.9709719482185153,3.4055376052856445,0.00488320691511035,0.0014339019212506283,0.02
8,octanol_dipole,175,0.13337311148643494,0.004765485413372517,0.6353196619138639,0.964673389828246,0.7619516849517822,0.027846770361065865,0.03654663531957156,0.08
8,octanol_dipole,176,0.08712933212518692,0.029122959822416306,0.6011822571301186,0.9656670227783348,4.5623369216918945,0.006289870478212833,0.0013786510260360826,0.04
8,octanol_dipole,177,0.14082832634449005,0.010106259025633335,0.6333192953073514,0.9643193915984636,1.6559182405471802,0.008882683701813221,0.005364204273079349,0.12
8,octanol_dipole,178,0.1283172070980072,0.006412164308130741,0.6257441814113216,0.9578294397834135,1.0188673734664917,0.016734711825847626,0.016424818638476103,0.08
8,octanol_dipole,179,0.11559487879276276,0.007014043629169464,0.6330469414426787,0.9454128949668559,1.0981963872909546,0.02078862115740776,0.01892978468877448,0.08
8,octanol_dipole,180,0.2044380009174347,0.00633991090580821,0.6378293056691604,0.9623855998231889,1.0380510091781616,0.12483696639537811,0.12026091713374774,0.12
8,octanol_dipole,181,0.08670318871736526,0.0019327473128214478,0.6285746780277013,0.9525769053478248,0.12838158011436462,0.03646231070160866,0.28401512638438764,0.12
8,octanol_dipole,182,0.11945867538452148,0.016052762046456337,0.6071612756149269,0.9402160481056909,2.534348964691162,0.04058851674199104,0.016015362251795184,0.06
8,octanol_dipole,183,0.09833665937185287,0.0043604387901723385,0.6317162705352037,0.9687756597332826,0.6502411365509033,0.01321008987724781,0.020315678499392625,0.16
8,octanol_dipole,184,0.044270314276218414,0.017876217141747475,0.6162093470438323,0.9595767853186203,2.8984873294830322,0.005405907053500414,0.0018650787252068475,0.1
8,octanol_dipole,185,0.27494245767593384,0.0033619788009673357,0.6304954291739358,0.9719843031280038,0.43333572149276733,0.11424192041158676,0.26363374802807144,0.12
8,octanol_dipole,186,0.44002455472946167,0.008466357365250587,0.63456020797243,0.9080750320551663,1.4757360219955444,0.34350162744522095,0.23276630937064574,0.28
8,octanol_dipole,187,0.4113105237483978,0.0061219679191708565,0.6308070195152611,0.9188881927717782,0.9812501072883606,0.26310139894485474,0.2681287848945294,0.22
8,octanol_dipole,188,0.34989991784095764,0.01615877076983452,0.6179725924907482,0.9219291736664434,2.7698121070861816,0.41644370555877686,0.15035088643499073,0.16
8,octanol_dipole,189,0.49116000533103943,0.006963770836591721,0.642951336177237,0.9086663277799187,1.233816385269165,0.44834354519844055,0.3633794708445467,0.34
8,octanol_dipole,190,0.42033064365386963,0.010603582486510277,0.6345653291278539,0.9105216929070896,1.890893816947937,0.2550617754459381,0.13488952851812136,0.22
8,octanol_dipole,191,0.14325407147407532,0.0047804005444049835,0.6328907075901551,0.9590765143377027,0.7143473625183105,0.0572734996676445,0.08017597974427523,0.06
8,octanol_dipole,192,0.14392586052417755,0.020146530121564865,0.6271787864834781,0.9284696600930011,3.2879979610443115,0.06900042295455933,0.020985543109231092,0.06
8,octanol_dipole,193,0.11471618711948395,0.005729747004806995,0.6141786100816045,0.9505930579453323,0.8863794803619385,0.006578425876796246,0.007421681145089295,0.14
8,octanol_dipole,194,0.19208841025829315,0.01287909410893917,0.617490059347156,0.9425245423604653,2.099245548248291,0.032016828656196594,0.015251588211256628,0.12
8,octanol_dipole,195,0.14460328221321106,0.01763852685689926,0.6119162255986825,0.9616418519512109,2.8000705242156982,0.005742883775383234,0.0020509782613392638,0.1
8,octanol_dipole,196,0.17125853896141052,0.003522199112921953,0.6308551104985745,0.9601855863743614,0.49150019884109497,0.023710252717137337,0.04824057604258062,0.18
8,octanol_dipole,197,0.2527579665184021,0.006414956413209438,0.6246344870482916,0.9664603014692013,1.1361820697784424,0.183007150888443,0.16107202864425568,0.16
8,octanol_dipole,198,0.08482298254966736,0.009285989217460155,0.63396808998445,0.9597904143420664,1.594102382659912,0.02813676930963993,0.017650540903584276,0.04
8,octanol_dipole,199,0.05910632014274597,0.015222661197185516,0.6264819693762189,0.9700332176169466,2.454040050506592,0.009971888735890388,0.004063458024587608,0.06
8,octanol_dipole,200,0.3269460201263428,0.013009924441576004,0.6220505185454666,0.9072881027787998,2.17022442817688,0.2430901676416397,0.11201153414619436,0.18
8,octanol_dipole,201,0.0934867411851883,0.013595102354884148,0.6137609555197634,0.958364972889505,2.2478768825531006,0.002530602039769292,0.0011257743070408183,0.06
8,octanol_dipole,202,0.06648935377597809,0.01499085035175085,0.6316980941062518,0.972037571142957,2.44368052482605,0.012274960055947304,0.00502314436410262,0.12
8,octanol_dipole,203,0.11793617159128189,0.009921644814312458,0.6319901552099421,0.9660901874086547,1.6581950187683105,0.020614324137568474,0.01243178510624195,0.1
8,octanol_dipole,204,0.2903061509132385,0.015798425301909447,0.6053887960341755,0.8981416924649879,2.5311238765716553,0.2843470573425293,0.1123402374630792,0.14
8,octanol_dipole,205,0.24046027660369873,0.019737759605050087,0.6075660192066299,0.9104117043796829,3.1889376640319824,0.2590649127960205,0.0812386255517042,0.12
8,octanol_dipole,206,0.21137109398841858,0.0017864610999822617,0.6332687852464471,0.964666607143283,0.22770807147026062,0.013744806870818138,0.06036152685353208,0.26
8,octanol_dipole,207,0.8781613707542419,0.0026719479355961084,0.6828075635646078,0.8858594617651172,0.3181954324245453,0.6905036568641663,2.1700614983777546,0.74
8,octanol_dipole,208,0.08099719136953354,0.015787843614816666,0.6184132960630513,0.975793653116092,2.609042167663574,0.006406016647815704,0.00245531357339171,0.16
8,octanol_dipole,209,0.16353709995746613,0.002457097638398409,0.6226575590628971,0.9742063376178871,0.2403530478477478,0.04394843801856041,0.1828495141297299,0.24
8,octanol_dipole,210,0.20534878969192505,0.014562210999429226,0.6288327408739425,0.9390046199598809,2.4109199047088623,0.059092529118061066,0.024510365940670666,0.1
8,octanol_dipole,211,0.2704457640647888,0.009951764717698097,0.6408341938946935,0.9187632065478815,1.823156476020813,0.6455337405204773,0.3540747867837472,0.08
8,octanol_dipole,212,0.2293275147676468,0.022181114181876183,0.6092471501197596,0.9168592932738593,3.978304147720337,0.2712388336658478,0.06817951156933894,0.14
8,octanol_dipole,213,0.10243666917085648,0.007958139292895794,0.6320092100327159,0.9682126046017447,1.326465129852295,0.071511410176754,0.05391126277455704,0.06
8,octanol_dipole,214,0.23496229946613312,0.015414878726005554,0.6085171667652929,0.9102621841556,2.3845393657684326,0.23418040573596954,0.09820781703073435,0.08
8,octanol_dipole,215,0.2804015576839447,0.013941546902060509,0.6125270921254324,0.9061634246830534,2.469592571258545,0.4169948399066925,0.16885167406143642,0.12
8,octanol_dipole,216,0.1782228648662567,0.01226808875799179,0.621222837639908,0.9517982403594285,2.0514914989471436,0.021151941269636154,0.010310518605849282,0.12
8,octanol_dipole,217,0.32330602407455444,0.011460581794381142,0.6237736308606032,0.9118191306319703,1.8225589990615845,0.48585978150367737,0.2665810992971098,0.08
8,octanol_dipole,218,0.26737600564956665,0.008004831150174141,0.6358846779398686,0.9346424282031551,1.4093691110610962,0.08774103969335556,0.0622555432815584,0.16
8,octanol_dipole,219,0.40377897024154663,0.0017372660804539919,0.6305218201872516,0.9535423227781059,0.14186836779117584,0.06655454635620117,0.4691288649642224,0.32
8,octanol_dipole,220,0.20269237458705902,0.006146642845124006,0.6554606838991877,0.9650065829109071,1.0593293905258179,0.0186606515198946,0.017615532700959082,0.1
8,octanol_dipole,221,0.23495493829250336,0.020360825583338737,0.6021109735653039,0.9058925444295192,3.3591017723083496,0.38558700680732727,0.114788724172044,0.1
8,octanol_dipole,222,0.22127528488636017,0.008324969559907913,0.6119652682454377,0.9293924957044719,1.4195795059204102,0.05106838420033455,0.03597430364932145,0.12
8,octanol_dipole,223,0.12506729364395142,0.00709259370341897,0.6349962211329883,0.9619946049641035,1.1794804334640503,0.009404216893017292,0.007973186011571022,0.22
8,octanol_dipole,224,0.08766264468431473,0.004534742794930935,0.6391156455182365,0.9729803918316162,0.7265053987503052,0.02329486422240734,0.03206426856906761,0.08
8,octanol_dipole,225,0.16337913274765015,0.00386170856654644,0.5976638764106288,0.9599704988857034,0.5635403990745544,0.014237743802368641,0.025264814777698017,0.08
8,octanol_dipole,226,0.45552363991737366,0.00630422355607152,0.6401786783237151,0.9105578373116752,1.0506001710891724,0.2977854907512665,0.28344321555035346,0.28
8,octanol_dipole,227,0.12197592854499817,0.007972480729222298,0.628911888965096,0.9486975286541532,1.3389601707458496,0.015203811228275299,0.011354939123996662,0.06
8,octanol_dipole,228,0.06758305430412292,0.011437488719820976,0.6257669864041506,0.9514312644429119,1.8021175861358643,0.006185627542436123,0.0034324217187733383,0.1
8,octanol_dipole,229,0.0840010866522789,0.009614900685846806,0.6344004683811661,0.9749584578076558,1.6615378856658936,0.05244573950767517,0.03156457638439976,0.08
8,octanol_dipole,230,0.09245353192090988,0.014710616320371628,0.6073203769422721,0.9444555426261503,2.4613568782806396,0.006626727059483528,0.0026923064745135914,0.04
8,octanol_dipole,231,0.05391097441315651,0.018283706158399582,0.6110458240610079,0.9493892048405752,2.9042928218841553,0.00405059615150094,0.001394692753078914,0.14
8,octanol_dipole,232,0.3054378628730774,0.01184922270476818,0.6399682298549534,0.9225991867820953,2.042778253555298,0.4892428517341614,0.2394987565990934,0.14
8,octanol_dipole,233,0.042586613446474075,0.026835298165678978,0.6084403940804626,0.9628403782402393,4.693153381347656,0.014625218696892262,0.0031162882412959997,0.0
8,octanol_dipole,234,0.2987739145755768,0.01046402845531702,0.6339959076876676,0.9269489749499338,1.7794586420059204,0.38474640250205994,0.21621542272449165,0.06
8,octanol_dipole,235,0.10343343019485474,0.010919982567429543,0.636894389993266,0.950545203349211,1.8246599435806274,0.013785972259938717,0.007555365211166837,0.06
8,octanol_dipole,236,0.445142924785614,0.0112333158031106,0.6394712443835646,0.9185853553025889,1.9876848459243774,0.5149570107460022,0.259073772083079,0.22
8,octanol_dipole,237,0.20034803450107574,0.007293823640793562,0.6346361083141543,0.9518520656198806,1.1836190223693848,0.09209724515676498,0.07780987244730442,0.2
8,octanol_dipole,238,0.2657112777233124,0.009677763096988201,0.6235330973492124,0.9105468795322533,1.677430272102356,0.2560160160064697,0.15262393928637039,0.08
8,octanol_dipole,239,0.13507142663002014,0.012677433900535107,0.6301091700420247,0.9575300626613104,2.195544958114624,0.03337335214018822,0.015200486793423191,0.02
8,octanol_dipole,240,0.13381586968898773,0.01663372851908207,0.6265846435214317,0.9434431894736406,2.737574577331543,0.14396168291568756,0.05258730998883491,0.04
8,octanol_dipole,241,0.082469642162323,0.015711627900600433,0.6341238188610128,0.9526178544625832,2.697350025177002,0.008839991874992847,0.003277287631371743,0.1
8,octanol_dipole,242,0.18399833142757416,0.006941864266991615,0.6356665331457785,0.9392284521009291,1.193320870399475,0.06604519486427307,0.055345713380646595,0.2
8,octanol_dipole,243,0.2491387575864792,0.013416503556072712,0.6291137689473507,0.9395019097101645,2.3274614810943604,0.24407228827476501,0.10486630616976032,0.08
8,octanol_dipole,244,0.09604992717504501,0.016788508743047714,0.6163402373526483,0.9596061528448188,2.8829126358032227,0.020070480182766914,0.006961875963048383,0.04
8,octanol_dipole,245,0.25015318393707275,0.009357965551316738,0.6348485923624652,0.9363343623725191,1.630872368812561,0.09029190987348557,0.05536417907382118,0.14
8,octanol_dipole,246,0.0566740445792675,0.02644726261496544,0.6030437829457875,0.9605211302959431,4.480600357055664,0.004146696999669075,0.0009254779871494705,0.0
8,octanol_dipole,247,0.06340627372264862,0.006921304389834404,0.6298256802940612,0.951620709901078,1.1595656871795654,0.04325781390070915,0.037305186225306465,0.04
8,octanol_dipole,248,0.04438702389597893,0.017491228878498077,0.6062864454691106,0.9705965085816348,2.8322155475616455,0.01785912550985813,0.006305708449780132,0.0
8,octanol_dipole,249,0.24689427018165588,0.013750557787716389,0.6250346889744847,0.9585165625131353,2.217792510986328,0.08556399494409561,0.03858070334363352,0.18
8,hexane_gsolv_eV,0,1.0,0.0,0.6182145052372217,0.6182145052372217,,,,1.0
8,hexane_gsolv_eV,1,1.0,0.0,0.6182145052372217,0.6182145052372217,,,,1.0
8,hexane_gsolv_eV,2,1.0,0.0,0.6182145052372217,0.6182145052372217,,,,1.0
8,hexane_gsolv_eV,3,1.0,0.0,0.6182145052372217,0.6182145052372217,,,,1.0
8,hexane_gsolv_eV,4,1.0,0.0,0.6182145052372217,0.6182145052372217,,,,1.0
8,hexane_gsolv_eV,5,1.0,0.0,0.6182145052372217,0.6182145052372217,,,,1.0
8,hexane_gsolv_eV,6,1.0,0.0,0.6182145052372217,0.6182145052372217,,,,1.0
8,hexane_gsolv_eV,7,1.0,0.0,0.6182145052372217,0.6182145052372217,,,,1.0
8,hexane_gsolv_eV,8,1.0,0.0,0.6182145052372217,0.6182145052372217,,,,1.0
8,hexane_gsolv_eV,9,1.0,0.0,0.6182145052372217,0.6182145052372217,,,,1.0
8,hexane_gsolv_eV,10,1.0,0.0,0.6182145052372217,0.6182145052372217,,,,1.0
8,hexane_gsolv_eV,11,1.0,0.0,0.6182145052372217,0.6182145052372217,,,,1.0
8,hexane_gsolv_eV,12,1.0,0.0,0.6182145052372217,0.6182145052372217,,,,1.0
8,hexane_gsolv_eV,13,1.0,0.0,0.6182145052372217,0.6182145052372217,,,,1.0
8,hexane_gsolv_eV,14,1.0,0.0,0.6182145052372217,0.6182145052372217,,,,1.0
8,hexane_gsolv_eV,15,1.0,0.0,0.6182145052372217,0.6182145052372217,,,,1.0
8,hexane_gsolv_eV,16,1.0,0.0,0.6182145052372217,0.6182145052372217,,,,1.0
8,hexane_gsolv_eV,17,1.0,0.0,0.6182145052372217,0.6182145052372217,,,,1.0
8,hexane_gsolv_eV,18,1.0,0.0,0.6182145052372217,0.6182145052372217,,,,1.0
8,hexane_gsolv_eV,19,1.0,0.0,0.6182145052372217,0.6182145052372217,,,,1.0
8,hexane_gsolv_eV,20,1.0,0.0,0.6182145052372217,0.6182145052372217,,,,1.0
8,hexane_gsolv_eV,21,1.0,0.0,0.6182145052372217,0.6182145052372217,,,,1.0
8,hexane_gsolv_eV,22,1.0,0.0,0.6182145052372217,0.6182145052372217,,,,1.0
8,hexane_gsolv_eV,23,1.0,0.0,0.6182145052372217,0.6182145052372217,,,,1.0
8,hexane_gsolv_eV,24,1.0,0.0,0.6182145052372217,0.6182145052372217,,,,1.0
8,hexane_gsolv_eV,25,1.0,0.0,0.6182145052372217,0.6182145052372217,,,,1.0
8,hexane_gsolv_eV,26,1.0,0.0,0.6182145052372217,0.6182145052372217,,,,1.0
8,hexane_gsolv_eV,27,1.0,0.0,0.6182145052372217,0.6182145052372217,,,,1.0
8,hexane_gsolv_eV,28,1.0,0.0,0.6182145052372217,0.6182145052372217,,,,1.0
8,hexane_gsolv_eV,29,1.0,0.0,0.6182145052372217,0.6182145052372217,,,,1.0
8,hexane_gsolv_eV,30,1.0,0.0,0.6182145052372217,0.6182145052372217,,,,1.0
8,hexane_gsolv_eV,31,1.0,0.0,0.6182145052372217,0.6182145052372217,,,,1.0
8,hexane_gsolv_eV,32,1.0,0.0,0.6182145052372217,0.6182145052372217,,,,1.0
8,hexane_gsolv_eV,33,1.0,0.0,0.6182145052372217,0.6182145052372217,,,,1.0
8,hexane_gsolv_eV,34,1.0,0.0,0.6182145052372217,0.6182145052372217,,,,1.0
8,hexane_gsolv_eV,35,1.0,0.0,0.6182145052372217,0.6182145052372217,,,,1.0
8,hexane_gsolv_eV,36,1.0,0.0,0.6182145052372217,0.6182145052372217,,,,1.0
8,hexane_gsolv_eV,37,1.0,0.0,0.6182145052372217,0.6182145052372217,,,,1.0
8,hexane_gsolv_eV,38,1.0,0.0,0.6182145052372217,0.6182145052372217,,,,1.0
8,hexane_gsolv_eV,39,1.0,0.0,0.6182145052372217,0.6182145052372217,,,,1.0
8,hexane_gsolv_eV,40,1.0,0.0,0.6182145052372217,0.6182145052372217,,,,1.0
8,hexane_gsolv_eV,41,1.0,0.0,0.6182145052372217,0.6182145052372217,,,,1.0
8,hexane_gsolv_eV,42,1.0,0.0,0.6182145052372217,0.6182145052372217,,,,1.0
8,hexane_gsolv_eV,43,1.0,0.0,0.6182145052372217,0.6182145052372217,,,,1.0
8,hexane_gsolv_eV,44,1.0,0.0,0.6182145052372217,0.6182145052372217,,,,1.0
8,hexane_gsolv_eV,45,1.0,0.0,0.6182145052372217,0.6182145052372217,,,,1.0
8,hexane_gsolv_eV,46,1.0,0.0,0.6182145052372217,0.6182145052372217,,,,1.0
8,hexane_gsolv_eV,47,1.0,0.0,0.6182145052372217,0.6182145052372217,,,,1.0
8,hexane_gsolv_eV,48,1.0,0.0,0.6182145052372217,0.6182145052372217,,,,1.0
8,hexane_gsolv_eV,49,1.0,0.0,0.6182145052372217,0.6182145052372217,,,,1.0
8,hexane_gsolv_eV,50,1.0,0.0,0.6182145052372217,0.6182145052372217,,,,1.0
8,hexane_gsolv_eV,51,1.0,0.0,0.6182145052372217,0.6182145052372217,,,,1.0
8,hexane_gsolv_eV,52,1.0,0.0,0.6182145052372217,0.6182145052372217,,,,1.0
8,hexane_gsolv_eV,53,1.0,0.0,0.6182145052372217,0.6182145052372217,,,,1.0
8,hexane_gsolv_eV,54,1.0,0.0,0.6182145052372217,0.6182145052372217,,,,1.0
8,hexane_gsolv_eV,55,1.0,0.0,0.6182145052372217,0.6182145052372217,,,,1.0
8,hexane_gsolv_eV,56,1.0,0.0,0.6182145052372217,0.6182145052372217,,,,1.0
8,hexane_gsolv_eV,57,1.0,0.0,0.6182145052372217,0.6182145052372217,,,,1.0
8,hexane_gsolv_eV,58,1.0,0.0,0.6182145052372217,0.6182145052372217,,,,1.0
8,hexane_gsolv_eV,59,1.0,0.0,0.6182145052372217,0.6182145052372217,,,,1.0
8,hexane_gsolv_eV,60,1.0,0.0,0.6182145052372217,0.6182145052372217,,,,1.0
8,hexane_gsolv_eV,61,1.0,0.0,0.6182145052372217,0.6182145052372217,,,,1.0
8,hexane_gsolv_eV,62,1.0,0.0,0.6182145052372217,0.6182145052372217,,,,1.0
8,hexane_gsolv_eV,63,1.0,0.0,0.6182145052372217,0.6182145052372217,,,,1.0
8,hexane_gsolv_eV,64,1.0,0.0,0.6182145052372217,0.6182145052372217,,,,1.0
8,hexane_gsolv_eV,65,1.0,0.0,0.6182145052372217,0.6182145052372217,,,,1.0
8,hexane_gsolv_eV,66,1.0,0.0,0.6182145052372217,0.6182145052372217,,,,1.0
8,hexane_gsolv_eV,67,1.0,0.0,0.6182145052372217,0.6182145052372217,,,,1.0
8,hexane_gsolv_eV,68,1.0,0.0,0.6182145052372217,0.6182145052372217,,,,1.0
8,hexane_gsolv_eV,69,1.0,0.0,0.6182145052372217,0.6182145052372217,,,,1.0
8,hexane_gsolv_eV,70,1.0,0.0,0.6182145052372217,0.6182145052372217,,,,1.0
8,hexane_gsolv_eV,71,1.0,0.0,0.6182145052372217,0.6182145052372217,,,,1.0
8,hexane_gsolv_eV,72,1.0,0.0,0.6182145052372217,0.6182145052372217,,,,1.0
8,hexane_gsolv_eV,73,1.0,0.0,0.6182145052372217,0.6182145052372217,,,,1.0
8,hexane_gsolv_eV,74,1.0,0.0,0.6182145052372217,0.6182145052372217,,,,1.0
8,hexane_gsolv_eV,75,1.0,0.0,0.6182145052372217,0.6182145052372217,,,,1.0
8,hexane_gsolv_eV,76,1.0,0.0,0.6182145052372217,0.6182145052372217,,,,1.0
8,hexane_gsolv_eV,77,1.0,0.0,0.6182145052372217,0.6182145052372217,,,,1.0
8,hexane_gsolv_eV,78,1.0,0.0,0.6182145052372217,0.6182145052372217,,,,1.0
8,hexane_gsolv_eV,79,1.0,0.0,0.6182145052372217,0.6182145052372217,,,,1.0
8,hexane_gsolv_eV,80,1.0,0.0,0.6182145052372217,0.6182145052372217,,,,1.0
8,hexane_gsolv_eV,81,1.0,0.0,0.6182145052372217,0.6182145052372217,,,,1.0
8,hexane_gsolv_eV,82,1.0,0.0,0.6182145052372217,0.6182145052372217,,,,1.0
8,hexane_gsolv_eV,83,1.0,0.0,0.6182145052372217,0.6182145052372217,,,,1.0
8,hexane_gsolv_eV,84,1.0,0.0,0.6182145052372217,0.6182145052372217,,,,1.0
8,hexane_gsolv_eV,85,1.0,0.0,0.6182145052372217,0.6182145052372217,,,,1.0
8,hexane_gsolv_eV,86,1.0,0.0,0.6182145052372217,0.6182145052372217,,,,1.0
8,hexane_gsolv_eV,87,1.0,0.0,0.6182145052372217,0.6182145052372217,,,,1.0
8,hexane_gsolv_eV,88,1.0,0.0,0.6182145052372217,0.6182145052372217,,,,1.0
8,hexane_gsolv_eV,89,1.0,0.0,0.6182145052372217,0.6182145052372217,,,,1.0
8,hexane_gsolv_eV,90,1.0,0.0,0.6182145052372217,0.6182145052372217,,,,1.0
8,hexane_gsolv_eV,91,1.0,0.0,0.6182145052372217,0.6182145052372217,,,,1.0
8,hexane_gsolv_eV,92,1.0,0.0,0.6182145052372217,0.6182145052372217,,,,1.0
8,hexane_gsolv_eV,93,1.0,0.0,0.6182145052372217,0.6182145052372217,,,,1.0
8,hexane_gsolv_eV,94,1.0,0.0,0.6182145052372217,0.6182145052372217,,,,1.0
8,hexane_gsolv_eV,95,1.0,0.0,0.6182145052372217,0.6182145052372217,,,,1.0
8,hexane_gsolv_eV,96,1.0,0.0,0.6182145052372217,0.6182145052372217,,,,1.0
8,hexane_gsolv_eV,97,1.0,0.0,0.6182145052372217,0.6182145052372217,,,,1.0
8,hexane_gsolv_eV,98,1.0,0.0,0.6182145052372217,0.6182145052372217,,,,1.0
8,hexane_gsolv_eV,99,1.0,0.0,0.6182145052372217,0.6182145052372217,,,,1.0
8,hexane_gsolv_eV,100,1.0,0.0,0.6182145052372217,0.6182145052372217,,,,1.0
8,hexane_gsolv_eV,101,1.0,0.0,0.6182145052372217,0.6182145052372217,,,,1.0
8,hexane_gsolv_eV,102,1.0,0.0,0.6182145052372217,0.6182145052372217,,,,1.0
8,hexane_gsolv_eV,103,1.0,0.0,0.6182145052372217,0.6182145052372217,,,,1.0
8,hexane_gsolv_eV,104,1.0,0.0,0.6182145052372217,0.6182145052372217,,,,1.0
8,hexane_gsolv_eV,105,1.0,0.0,0.6182145052372217,0.6182145052372217,,,,1.0
8,hexane_gsolv_eV,106,1.0,0.0,0.6182145052372217,0.6182145052372217,,,,1.0
8,hexane_gsolv_eV,107,1.0,0.0,0.6182145052372217,0.6182145052372217,,,,1.0
8,hexane_gsolv_eV,108,1.0,0.0,0.6182145052372217,0.6182145052372217,,,,1.0
8,hexane_gsolv_eV,109,1.0,0.0,0.6182145052372217,0.6182145052372217,,,,1.0
8,hexane_gsolv_eV,110,1.0,0.0,0.6182145052372217,0.6182145052372217,,,,1.0
8,hexane_gsolv_eV,111,1.0,0.0,0.6182145052372217,0.6182145052372217,,,,1.0
8,hexane_gsolv_eV,112,1.0,0.0,0.6182145052372217,0.6182145052372217,,,,1.0
8,hexane_gsolv_eV,113,1.0,0.0,0.6182145052372217,0.6182145052372217,,,,1.0
8,hexane_gsolv_eV,114,1.0,0.0,0.6182145052372217,0.6182145052372217,,,,1.0
8,hexane_gsolv_eV,115,1.0,0.0,0.6182145052372217,0.6182145052372217,,,,1.0
8,hexane_gsolv_eV,116,1.0,0.0,0.6182145052372217,0.6182145052372217,,,,1.0
8,hexane_gsolv_eV,117,1.0,0.0,0.6182145052372217,0.6182145052372217,,,,1.0
8,hexane_gsolv_eV,118,1.0,0.0,0.6182145052372217,0.6182145052372217,,,,1.0
8,hexane_gsolv_eV,119,1.0,0.0,0.6182145052372217,0.6182145052372217,,,,1.0
8,hexane_gsolv_eV,120,1.0,0.0,0.6182145052372217,0.6182145052372217,,,,1.0
8,hexane_gsolv_eV,121,1.0,0.0,0.6182145052372217,0.6182145052372217,,,,1.0
8,hexane_gsolv_eV,122,1.0,0.0,0.6182145052372217,0.6182145052372217,,,,1.0
8,hexane_gsolv_eV,123,1.0,0.0,0.6182145052372217,0.6182145052372217,,,,1.0
8,hexane_gsolv_eV,124,1.0,0.0,0.6182145052372217,0.6182145052372217,,,,1.0
8,hexane_gsolv_eV,125,1.0,0.0,0.6182145052372217,0.6182145052372217,,,,1.0
8,hexane_gsolv_eV,126,1.0,0.0,0.6182145052372217,0.6182145052372217,,,,1.0
8,hexane_gsolv_eV,127,1.0,0.0,0.6182145052372217,0.6182145052372217,,,,1.0
8,hexane_gsolv_eV,128,1.0,0.0,0.6182145052372217,0.6182145052372217,,,,1.0
8,hexane_gsolv_eV,129,1.0,0.0,0.6182145052372217,0.6182145052372217,,,,1.0
8,hexane_gsolv_eV,130,1.0,0.0,0.6182145052372217,0.6182145052372217,,,,1.0
8,hexane_gsolv_eV,131,1.0,0.0,0.6182145052372217,0.6182145052372217,,,,1.0
8,hexane_gsolv_eV,132,1.0,0.0,0.6182145052372217,0.6182145052372217,,,,1.0
8,hexane_gsolv_eV,133,1.0,0.0,0.6182145052372217,0.6182145052372217,,,,1.0
8,hexane_gsolv_eV,134,1.0,0.0,0.6182145052372217,0.6182145052372217,,,,1.0
8,hexane_gsolv_eV,135,1.0,0.0,0.6182145052372217,0.6182145052372217,,,,1.0
8,hexane_gsolv_eV,136,1.0,0.0,0.6182145052372217,0.6182145052372217,,,,1.0
8,hexane_gsolv_eV,137,1.0,0.0,0.6182145052372217,0.6182145052372217,,,,1.0
8,hexane_gsolv_eV,138,1.0,0.0,0.6182145052372217,0.6182145052372217,,,,1.0
8,hexane_gsolv_eV,139,1.0,0.0,0.6182145052372217,0.6182145052372217,,,,1.0
8,hexane_gsolv_eV,140,1.0,0.0,0.6182145052372217,0.6182145052372217,,,,1.0
8,hexane_gsolv_eV,141,1.0,0.0,0.6182145052372217,0.6182145052372217,,,,1.0
8,hexane_gsolv_eV,142,1.0,0.0,0.6182145052372217,0.6182145052372217,,,,1.0
8,hexane_gsolv_eV,143,1.0,0.0,0.6182145052372217,0.6182145052372217,,,,1.0
8,hexane_gsolv_eV,144,1.0,0.0,0.6182145052372217,0.6182145052372217,,,,1.0
8,hexane_gsolv_eV,145,1.0,0.0,0.6182145052372217,0.6182145052372217,,,,1.0
8,hexane_gsolv_eV,146,1.0,0.0,0.6182145052372217,0.6182145052372217,,,,1.0
8,hexane_gsolv_eV,147,1.0,0.0,0.6182145052372217,0.6182145052372217,,,,1.0
8,hexane_gsolv_eV,148,1.0,0.0,0.6182145052372217,0.6182145052372217,,,,1.0
8,hexane_gsolv_eV,149,1.0,0.0,0.6182145052372217,0.6182145052372217,,,,1.0
8,hexane_gsolv_eV,150,1.0,0.0,0.6182145052372217,0.6182145052372217,,,,1.0
8,hexane_gsolv_eV,151,1.0,0.0,0.6182145052372217,0.6182145052372217,,,,1.0
8,hexane_gsolv_eV,152,1.0,0.0,0.6182145052372217,0.6182145052372217,,,,1.0
8,hexane_gsolv_eV,153,1.0,0.0,0.6182145052372217,0.6182145052372217,,,,1.0
8,hexane_gsolv_eV,154,1.0,0.0,0.6182145052372217,0.6182145052372217,,,,1.0
8,hexane_gsolv_eV,155,1.0,0.0,0.6182145052372217,0.6182145052372217,,,,1.0
8,hexane_gsolv_eV,156,1.0,0.0,0.6182145052372217,0.6182145052372217,,,,1.0
8,hexane_gsolv_eV,157,1.0,0.0,0.6182145052372217,0.6182145052372217,,,,1.0
8,hexane_gsolv_eV,158,1.0,0.0,0.6182145052372217,0.6182145052372217,,,,1.0
8,hexane_gsolv_eV,159,1.0,0.0,0.6182145052372217,0.6182145052372217,,,,1.0
8,hexane_gsolv_eV,160,1.0,0.0,0.6182145052372217,0.6182145052372217,,,,1.0
8,hexane_gsolv_eV,161,1.0,0.0,0.6182145052372217,0.6182145052372217,,,,1.0
8,hexane_gsolv_eV,162,1.0,0.0,0.6182145052372217,0.6182145052372217,,,,1.0
8,hexane_gsolv_eV,163,1.0,0.0,0.6182145052372217,0.6182145052372217,,,,1.0
8,hexane_gsolv_eV,164,1.0,0.0,0.6182145052372217,0.6182145052372217,,,,1.0
8,hexane_gsolv_eV,165,1.0,0.0,0.6182145052372217,0.6182145052372217,,,,1.0
8,hexane_gsolv_eV,166,1.0,0.0,0.6182145052372217,0.6182145052372217,,,,1.0
8,hexane_gsolv_eV,167,1.0,0.0,0.6182145052372217,0.6182145052372217,,,,1.0
8,hexane_gsolv_eV,168,1.0,0.0,0.6182145052372217,0.6182145052372217,,,,1.0
8,hexane_gsolv_eV,169,1.0,0.0,0.6182145052372217,0.6182145052372217,,,,1.0
8,hexane_gsolv_eV,170,1.0,0.0,0.6182145052372217,0.6182145052372217,,,,1.0
8,hexane_gsolv_eV,171,1.0,0.0,0.6182145052372217,0.6182145052372217,,,,1.0
8,hexane_gsolv_eV,172,1.0,0.0,0.6182145052372217,0.6182145052372217,,,,1.0
8,hexane_gsolv_eV,173,1.0,0.0,0.6182145052372217,0.6182145052372217,,,,1.0
8,hexane_gsolv_eV,174,1.0,0.0,0.6182145052372217,0.6182145052372217,,,,1.0
8,hexane_gsolv_eV,175,1.0,0.0,0.6182145052372217,0.6182145052372217,,,,1.0
8,hexane_gsolv_eV,176,1.0,0.0,0.6182145052372217,0.6182145052372217,,,,1.0
8,hexane_gsolv_eV,177,1.0,0.0,0.6182145052372217,0.6182145052372217,,,,1.0
8,hexane_gsolv_eV,178,1.0,0.0,0.6182145052372217,0.6182145052372217,,,,1.0
8,hexane_gsolv_eV,179,1.0,0.0,0.6182145052372217,0.6182145052372217,,,,1.0
8,hexane_gsolv_eV,180,1.0,0.0,0.6182145052372217,0.6182145052372217,,,,1.0
8,hexane_gsolv_eV,181,1.0,0.0,0.6182145052372217,0.6182145052372217,,,,1.0
8,hexane_gsolv_eV,182,1.0,0.0,0.6182145052372217,0.6182145052372217,,,,1.0
8,hexane_gsolv_eV,183,1.0,0.0,0.6182145052372217,0.6182145052372217,,,,1.0
8,hexane_gsolv_eV,184,1.0,0.0,0.6182145052372217,0.6182145052372217,,,,1.0
8,hexane_gsolv_eV,185,1.0,0.0,0.6182145052372217,0.6182145052372217,,,,1.0
8,hexane_gsolv_eV,186,1.0,0.0,0.6182145052372217,0.6182145052372217,,,,1.0
8,hexane_gsolv_eV,187,1.0,0.0,0.6182145052372217,0.6182145052372217,,,,1.0
8,hexane_gsolv_eV,188,1.0,0.0,0.6182145052372217,0.6182145052372217,,,,1.0
8,hexane_gsolv_eV,189,1.0,0.0,0.6182145052372217,0.6182145052372217,,,,1.0
8,hexane_gsolv_eV,190,1.0,0.0,0.6182145052372217,0.6182145052372217,,,,1.0
8,hexane_gsolv_eV,191,1.0,0.0,0.6182145052372217,0.6182145052372217,,,,1.0
8,hexane_gsolv_eV,192,1.0,0.0,0.6182145052372217,0.6182145052372217,,,,1.0
8,hexane_gsolv_eV,193,1.0,0.0,0.6182145052372217,0.6182145052372217,,,,1.0
8,hexane_gsolv_eV,194,1.0,0.0,0.6182145052372217,0.6182145052372217,,,,1.0
8,hexane_gsolv_eV,195,1.0,0.0,0.6182145052372217,0.6182145052372217,,,,1.0
8,hexane_gsolv_eV,196,1.0,0.0,0.6182145052372217,0.6182145052372217,,,,1.0
8,hexane_gsolv_eV,197,1.0,0.0,0.6182145052372217,0.6182145052372217,,,,1.0
8,hexane_gsolv_eV,198,1.0,0.0,0.6182145052372217,0.6182145052372217,,,,1.0
8,hexane_gsolv_eV,199,1.0,0.0,0.6182145052372217,0.6182145052372217,,,,1.0
8,hexane_gsolv_eV,200,1.0,0.0,0.6182145052372217,0.6182145052372217,,,,1.0
8,hexane_gsolv_eV,201,1.0,0.0,0.6182145052372217,0.6182145052372217,,,,1.0
8,hexane_gsolv_eV,202,1.0,0.0,0.6182145052372217,0.6182145052372217,,,,1.0
8,hexane_gsolv_eV,203,1.0,0.0,0.6182145052372217,0.6182145052372217,,,,1.0
8,hexane_gsolv_eV,204,1.0,0.0,0.6182145052372217,0.6182145052372217,,,,1.0
8,hexane_gsolv_eV,205,1.0,0.0,0.6182145052372217,0.6182145052372217,,,,1.0
8,hexane_gsolv_eV,206,1.0,0.0,0.6182145052372217,0.6182145052372217,,,,1.0
8,hexane_gsolv_eV,207,1.0,0.0,0.6182145052372217,0.6182145052372217,,,,1.0
8,hexane_gsolv_eV,208,1.0,0.0,0.6182145052372217,0.6182145052372217,,,,1.0
8,hexane_gsolv_eV,209,1.0,0.0,0.6182145052372217,0.6182145052372217,,,,1.0
8,hexane_gsolv_eV,210,1.0,0.0,0.6182145052372217,0.6182145052372217,,,,1.0
8,hexane_gsolv_eV,211,1.0,0.0,0.6182145052372217,0.6182145052372217,,,,1.0
8,hexane_gsolv_eV,212,1.0,0.0,0.6182145052372217,0.6182145052372217,,,,1.0
8,hexane_gsolv_eV,213,1.0,0.0,0.6182145052372217,0.6182145052372217,,,,1.0
8,hexane_gsolv_eV,214,1.0,0.0,0.6182145052372217,0.6182145052372217,,,,1.0
8,hexane_gsolv_eV,215,1.0,0.0,0.6182145052372217,0.6182145052372217,,,,1.0
8,hexane_gsolv_eV,216,1.0,0.0,0.6182145052372217,0.6182145052372217,,,,1.0
8,hexane_gsolv_eV,217,1.0,0.0,0.6182145052372217,0.6182145052372217,,,,1.0
8,hexane_gsolv_eV,218,1.0,0.0,0.6182145052372217,0.6182145052372217,,,,1.0
8,hexane_gsolv_eV,219,1.0,0.0,0.6182145052372217,0.6182145052372217,,,,1.0
8,hexane_gsolv_eV,220,1.0,0.0,0.6182145052372217,0.6182145052372217,,,,1.0
8,hexane_gsolv_eV,221,1.0,0.0,0.6182145052372217,0.6182145052372217,,,,1.0
8,hexane_gsolv_eV,222,1.0,0.0,0.6182145052372217,0.6182145052372217,,,,1.0
8,hexane_gsolv_eV,223,1.0,0.0,0.6182145052372217,0.6182145052372217,,,,1.0
8,hexane_gsolv_eV,224,1.0,0.0,0.6182145052372217,0.6182145052372217,,,,1.0
8,hexane_gsolv_eV,225,1.0,0.0,0.6182145052372217,0.6182145052372217,,,,1.0
8,hexane_gsolv_eV,226,1.0,0.0,0.6182145052372217,0.6182145052372217,,,,1.0
8,hexane_gsolv_eV,227,1.0,0.0,0.6182145052372217,0.6182145052372217,,,,1.0
8,hexane_gsolv_eV,228,1.0,0.0,0.6182145052372217,0.6182145052372217,,,,1.0
8,hexane_gsolv_eV,229,1.0,0.0,0.6182145052372217,0.6182145052372217,,,,1.0
8,hexane_gsolv_eV,230,1.0,0.0,0.6182145052372217,0.6182145052372217,,,,1.0
8,hexane_gsolv_eV,231,1.0,0.0,0.6182145052372217,0.6182145052372217,,,,1.0
8,hexane_gsolv_eV,232,1.0,0.0,0.6182145052372217,0.6182145052372217,,,,1.0
8,hexane_gsolv_eV,233,1.0,0.0,0.6182145052372217,0.6182145052372217,,,,1.0
8,hexane_gsolv_eV,234,1.0,0.0,0.6182145052372217,0.6182145052372217,,,,1.0
8,hexane_gsolv_eV,235,1.0,0.0,0.6182145052372217,0.6182145052372217,,,,1.0
8,hexane_gsolv_eV,236,1.0,0.0,0.6182145052372217,0.6182145052372217,,,,1.0
8,hexane_gsolv_eV,237,1.0,0.0,0.6182145052372217,0.6182145052372217,,,,1.0
8,hexane_gsolv_eV,238,1.0,0.0,0.6182145052372217,0.6182145052372217,,,,1.0
8,hexane_gsolv_eV,239,1.0,0.0,0.6182145052372217,0.6182145052372217,,,,1.0
8,hexane_gsolv_eV,240,1.0,0.0,0.6182145052372217,0.6182145052372217,,,,1.0
8,hexane_gsolv_eV,241,1.0,0.0,0.6182145052372217,0.6182145052372217,,,,1.0
8,hexane_gsolv_eV,242,1.0,0.0,0.6182145052372217,0.6182145052372217,,,,1.0
8,hexane_gsolv_eV,243,1.0,0.0,0.6182145052372217,0.6182145052372217,,,,1.0
8,hexane_gsolv_eV,244,1.0,0.0,0.6182145052372217,0.6182145052372217,,,,1.0
8,hexane_gsolv_eV,245,1.0,0.0,0.6182145052372217,0.6182145052372217,,,,1.0
8,hexane_gsolv_eV,246,1.0,0.0,0.6182145052372217,0.6182145052372217,,,,1.0
8,hexane_gsolv_eV,247,1.0,0.0,0.6182145052372217,0.6182145052372217,,,,1.0
8,hexane_gsolv_eV,248,1.0,0.0,0.6182145052372217,0.6182145052372217,,,,1.0
8,hexane_gsolv_eV,249,1.0,0.0,0.6182145052372217,0.6182145052372217,,,,1.0
8,hexane_hl_gap_eV,0,1.0,0.0,0.6962385813633951,0.6962385813633951,,,,1.0
8,hexane_hl_gap_eV,1,1.0,0.0,0.6962385813633951,0.6962385813633951,,,,1.0
8,hexane_hl_gap_eV,2,1.0,0.0,0.6962385813633951,0.6962385813633951,,,,1.0
8,hexane_hl_gap_eV,3,1.0,0.0,0.6962385813633951,0.6962385813633951,,,,1.0
8,hexane_hl_gap_eV,4,1.0,0.0,0.6962385813633951,0.6962385813633951,,,,1.0
8,hexane_hl_gap_eV,5,1.0,0.0,0.6962385813633951,0.6962385813633951,,,,1.0
8,hexane_hl_gap_eV,6,1.0,0.0,0.6962385813633951,0.6962385813633951,,,,1.0
8,hexane_hl_gap_eV,7,1.0,0.0,0.6962385813633951,0.6962385813633951,,,,1.0
8,hexane_hl_gap_eV,8,1.0,0.0,0.6962385813633951,0.6962385813633951,,,,1.0
8,hexane_hl_gap_eV,9,1.0,0.0,0.6962385813633951,0.6962385813633951,,,,1.0
8,hexane_hl_gap_eV,10,1.0,0.0,0.6962385813633951,0.6962385813633951,,,,1.0
8,hexane_hl_gap_eV,11,1.0,0.0,0.6962385813633951,0.6962385813633951,,,,1.0
8,hexane_hl_gap_eV,12,1.0,0.0,0.6962385813633951,0.6962385813633951,,,,1.0
8,hexane_hl_gap_eV,13,1.0,0.0,0.6962385813633951,0.6962385813633951,,,,1.0
8,hexane_hl_gap_eV,14,1.0,0.0,0.6962385813633951,0.6962385813633951,,,,1.0
8,hexane_hl_gap_eV,15,1.0,0.0,0.6962385813633951,0.6962385813633951,,,,1.0
8,hexane_hl_gap_eV,16,1.0,0.0,0.6962385813633951,0.6962385813633951,,,,1.0
8,hexane_hl_gap_eV,17,1.0,0.0,0.6962385813633951,0.6962385813633951,,,,1.0
8,hexane_hl_gap_eV,18,1.0,0.0,0.6962385813633951,0.6962385813633951,,,,1.0
8,hexane_hl_gap_eV,19,1.0,0.0,0.6962385813633951,0.6962385813633951,,,,1.0
8,hexane_hl_gap_eV,20,1.0,0.0,0.6962385813633951,0.6962385813633951,,,,1.0
8,hexane_hl_gap_eV,21,1.0,0.0,0.6962385813633951,0.6962385813633951,,,,1.0
8,hexane_hl_gap_eV,22,1.0,0.0,0.6962385813633951,0.6962385813633951,,,,1.0
8,hexane_hl_gap_eV,23,1.0,0.0,0.6962385813633951,0.6962385813633951,,,,1.0
8,hexane_hl_gap_eV,24,1.0,0.0,0.6962385813633951,0.6962385813633951,,,,1.0
8,hexane_hl_gap_eV,25,1.0,0.0,0.6962385813633951,0.6962385813633951,,,,1.0
8,hexane_hl_gap_eV,26,1.0,0.0,0.6962385813633951,0.6962385813633951,,,,1.0
8,hexane_hl_gap_eV,27,1.0,0.0,0.6962385813633951,0.6962385813633951,,,,1.0
8,hexane_hl_gap_eV,28,1.0,0.0,0.6962385813633951,0.6962385813633951,,,,1.0
8,hexane_hl_gap_eV,29,1.0,0.0,0.6962385813633951,0.6962385813633951,,,,1.0
8,hexane_hl_gap_eV,30,1.0,0.0,0.6962385813633951,0.6962385813633951,,,,1.0
8,hexane_hl_gap_eV,31,1.0,0.0,0.6962385813633951,0.6962385813633951,,,,1.0
8,hexane_hl_gap_eV,32,1.0,0.0,0.6962385813633951,0.6962385813633951,,,,1.0
8,hexane_hl_gap_eV,33,1.0,0.0,0.6962385813633951,0.6962385813633951,,,,1.0
8,hexane_hl_gap_eV,34,1.0,0.0,0.6962385813633951,0.6962385813633951,,,,1.0
8,hexane_hl_gap_eV,35,1.0,0.0,0.6962385813633951,0.6962385813633951,,,,1.0
8,hexane_hl_gap_eV,36,1.0,0.0,0.6962385813633951,0.6962385813633951,,,,1.0
8,hexane_hl_gap_eV,37,1.0,0.0,0.6962385813633951,0.6962385813633951,,,,1.0
8,hexane_hl_gap_eV,38,1.0,0.0,0.6962385813633951,0.6962385813633951,,,,1.0
8,hexane_hl_gap_eV,39,1.0,0.0,0.6962385813633951,0.6962385813633951,,,,1.0
8,hexane_hl_gap_eV,40,1.0,0.0,0.6962385813633951,0.6962385813633951,,,,1.0
8,hexane_hl_gap_eV,41,1.0,0.0,0.6962385813633951,0.6962385813633951,,,,1.0
8,hexane_hl_gap_eV,42,1.0,0.0,0.6962385813633951,0.6962385813633951,,,,1.0
8,hexane_hl_gap_eV,43,1.0,0.0,0.6962385813633951,0.6962385813633951,,,,1.0
8,hexane_hl_gap_eV,44,1.0,0.0,0.6962385813633951,0.6962385813633951,,,,1.0
8,hexane_hl_gap_eV,45,1.0,0.0,0.6962385813633951,0.6962385813633951,,,,1.0
8,hexane_hl_gap_eV,46,1.0,0.0,0.6962385813633951,0.6962385813633951,,,,1.0
8,hexane_hl_gap_eV,47,1.0,0.0,0.6962385813633951,0.6962385813633951,,,,1.0
8,hexane_hl_gap_eV,48,1.0,0.0,0.6962385813633951,0.6962385813633951,,,,1.0
8,hexane_hl_gap_eV,49,1.0,0.0,0.6962385813633951,0.6962385813633951,,,,1.0
8,hexane_hl_gap_eV,50,1.0,0.0,0.6962385813633951,0.6962385813633951,,,,1.0
8,hexane_hl_gap_eV,51,1.0,0.0,0.6962385813633951,0.6962385813633951,,,,1.0
8,hexane_hl_gap_eV,52,1.0,0.0,0.6962385813633951,0.6962385813633951,,,,1.0
8,hexane_hl_gap_eV,53,1.0,0.0,0.6962385813633951,0.6962385813633951,,,,1.0
8,hexane_hl_gap_eV,54,1.0,0.0,0.6962385813633951,0.6962385813633951,,,,1.0
8,hexane_hl_gap_eV,55,1.0,0.0,0.6962385813633951,0.6962385813633951,,,,1.0
8,hexane_hl_gap_eV,56,1.0,0.0,0.6962385813633951,0.6962385813633951,,,,1.0
8,hexane_hl_gap_eV,57,1.0,0.0,0.6962385813633951,0.6962385813633951,,,,1.0
8,hexane_hl_gap_eV,58,1.0,0.0,0.6962385813633951,0.6962385813633951,,,,1.0
8,hexane_hl_gap_eV,59,1.0,0.0,0.6962385813633951,0.6962385813633951,,,,1.0
8,hexane_hl_gap_eV,60,1.0,0.0,0.6962385813633951,0.6962385813633951,,,,1.0
8,hexane_hl_gap_eV,61,1.0,0.0,0.6962385813633951,0.6962385813633951,,,,1.0
8,hexane_hl_gap_eV,62,1.0,0.0,0.6962385813633951,0.6962385813633951,,,,1.0
8,hexane_hl_gap_eV,63,1.0,0.0,0.6962385813633951,0.6962385813633951,,,,1.0
8,hexane_hl_gap_eV,64,1.0,0.0,0.6962385813633951,0.6962385813633951,,,,1.0
8,hexane_hl_gap_eV,65,1.0,0.0,0.6962385813633951,0.6962385813633951,,,,1.0
8,hexane_hl_gap_eV,66,1.0,0.0,0.6962385813633951,0.6962385813633951,,,,1.0
8,hexane_hl_gap_eV,67,1.0,0.0,0.6962385813633951,0.6962385813633951,,,,1.0
8,hexane_hl_gap_eV,68,1.0,0.0,0.6962385813633951,0.6962385813633951,,,,1.0
8,hexane_hl_gap_eV,69,1.0,0.0,0.6962385813633951,0.6962385813633951,,,,1.0
8,hexane_hl_gap_eV,70,1.0,0.0,0.6962385813633951,0.6962385813633951,,,,1.0
8,hexane_hl_gap_eV,71,1.0,0.0,0.6962385813633951,0.6962385813633951,,,,1.0
8,hexane_hl_gap_eV,72,1.0,0.0,0.6962385813633951,0.6962385813633951,,,,1.0
8,hexane_hl_gap_eV,73,1.0,0.0,0.6962385813633951,0.6962385813633951,,,,1.0
8,hexane_hl_gap_eV,74,1.0,0.0,0.6962385813633951,0.6962385813633951,,,,1.0
8,hexane_hl_gap_eV,75,1.0,0.0,0.6962385813633951,0.6962385813633951,,,,1.0
8,hexane_hl_gap_eV,76,1.0,0.0,0.6962385813633951,0.6962385813633951,,,,1.0
8,hexane_hl_gap_eV,77,1.0,0.0,0.6962385813633951,0.6962385813633951,,,,1.0
8,hexane_hl_gap_eV,78,1.0,0.0,0.6962385813633951,0.6962385813633951,,,,1.0
8,hexane_hl_gap_eV,79,1.0,0.0,0.6962385813633951,0.6962385813633951,,,,1.0
8,hexane_hl_gap_eV,80,1.0,0.0,0.6962385813633951,0.6962385813633951,,,,1.0
8,hexane_hl_gap_eV,81,1.0,0.0,0.6962385813633951,0.6962385813633951,,,,1.0
8,hexane_hl_gap_eV,82,1.0,0.0,0.6962385813633951,0.6962385813633951,,,,1.0
8,hexane_hl_gap_eV,83,1.0,0.0,0.6962385813633951,0.6962385813633951,,,,1.0
8,hexane_hl_gap_eV,84,1.0,0.0,0.6962385813633951,0.6962385813633951,,,,1.0
8,hexane_hl_gap_eV,85,1.0,0.0,0.6962385813633951,0.6962385813633951,,,,1.0
8,hexane_hl_gap_eV,86,1.0,0.0,0.6962385813633951,0.6962385813633951,,,,1.0
8,hexane_hl_gap_eV,87,1.0,0.0,0.6962385813633951,0.6962385813633951,,,,1.0
8,hexane_hl_gap_eV,88,1.0,0.0,0.6962385813633951,0.6962385813633951,,,,1.0
8,hexane_hl_gap_eV,89,1.0,0.0,0.6962385813633951,0.6962385813633951,,,,1.0
8,hexane_hl_gap_eV,90,1.0,0.0,0.6962385813633951,0.6962385813633951,,,,1.0
8,hexane_hl_gap_eV,91,1.0,0.0,0.6962385813633951,0.6962385813633951,,,,1.0
8,hexane_hl_gap_eV,92,1.0,0.0,0.6962385813633951,0.6962385813633951,,,,1.0
8,hexane_hl_gap_eV,93,1.0,0.0,0.6962385813633951,0.6962385813633951,,,,1.0
8,hexane_hl_gap_eV,94,1.0,0.0,0.6962385813633951,0.6962385813633951,,,,1.0
8,hexane_hl_gap_eV,95,1.0,0.0,0.6962385813633951,0.6962385813633951,,,,1.0
8,hexane_hl_gap_eV,96,1.0,0.0,0.6962385813633951,0.6962385813633951,,,,1.0
8,hexane_hl_gap_eV,97,1.0,0.0,0.6962385813633951,0.6962385813633951,,,,1.0
8,hexane_hl_gap_eV,98,1.0,0.0,0.6962385813633951,0.6962385813633951,,,,1.0
8,hexane_hl_gap_eV,99,1.0,0.0,0.6962385813633951,0.6962385813633951,,,,1.0
8,hexane_hl_gap_eV,100,1.0,0.0,0.6962385813633951,0.6962385813633951,,,,1.0
8,hexane_hl_gap_eV,101,1.0,0.0,0.6962385813633951,0.6962385813633951,,,,1.0
8,hexane_hl_gap_eV,102,1.0,0.0,0.6962385813633951,0.6962385813633951,,,,1.0
8,hexane_hl_gap_eV,103,1.0,0.0,0.6962385813633951,0.6962385813633951,,,,1.0
8,hexane_hl_gap_eV,104,1.0,0.0,0.6962385813633951,0.6962385813633951,,,,1.0
8,hexane_hl_gap_eV,105,1.0,0.0,0.6962385813633951,0.6962385813633951,,,,1.0
8,hexane_hl_gap_eV,106,1.0,0.0,0.6962385813633951,0.6962385813633951,,,,1.0
8,hexane_hl_gap_eV,107,1.0,0.0,0.6962385813633951,0.6962385813633951,,,,1.0
8,hexane_hl_gap_eV,108,1.0,0.0,0.6962385813633951,0.6962385813633951,,,,1.0
8,hexane_hl_gap_eV,109,1.0,0.0,0.6962385813633951,0.6962385813633951,,,,1.0
8,hexane_hl_gap_eV,110,1.0,0.0,0.6962385813633951,0.6962385813633951,,,,1.0
8,hexane_hl_gap_eV,111,1.0,0.0,0.6962385813633951,0.6962385813633951,,,,1.0
8,hexane_hl_gap_eV,112,1.0,0.0,0.6962385813633951,0.6962385813633951,,,,1.0
8,hexane_hl_gap_eV,113,1.0,0.0,0.6962385813633951,0.6962385813633951,,,,1.0
8,hexane_hl_gap_eV,114,1.0,0.0,0.6962385813633951,0.6962385813633951,,,,1.0
8,hexane_hl_gap_eV,115,1.0,0.0,0.6962385813633951,0.6962385813633951,,,,1.0
8,hexane_hl_gap_eV,116,1.0,0.0,0.6962385813633951,0.6962385813633951,,,,1.0
8,hexane_hl_gap_eV,117,1.0,0.0,0.6962385813633951,0.6962385813633951,,,,1.0
8,hexane_hl_gap_eV,118,1.0,0.0,0.6962385813633951,0.6962385813633951,,,,1.0
8,hexane_hl_gap_eV,119,1.0,0.0,0.6962385813633951,0.6962385813633951,,,,1.0
8,hexane_hl_gap_eV,120,1.0,0.0,0.6962385813633951,0.6962385813633951,,,,1.0
8,hexane_hl_gap_eV,121,1.0,0.0,0.6962385813633951,0.6962385813633951,,,,1.0
8,hexane_hl_gap_eV,122,1.0,0.0,0.6962385813633951,0.6962385813633951,,,,1.0
8,hexane_hl_gap_eV,123,1.0,0.0,0.6962385813633951,0.6962385813633951,,,,1.0
8,hexane_hl_gap_eV,124,1.0,0.0,0.6962385813633951,0.6962385813633951,,,,1.0
8,hexane_hl_gap_eV,125,1.0,0.0,0.6962385813633951,0.6962385813633951,,,,1.0
8,hexane_hl_gap_eV,126,1.0,0.0,0.6962385813633951,0.6962385813633951,,,,1.0
8,hexane_hl_gap_eV,127,1.0,0.0,0.6962385813633951,0.6962385813633951,,,,1.0
8,hexane_hl_gap_eV,128,1.0,0.0,0.6962385813633951,0.6962385813633951,,,,1.0
8,hexane_hl_gap_eV,129,1.0,0.0,0.6962385813633951,0.6962385813633951,,,,1.0
8,hexane_hl_gap_eV,130,1.0,0.0,0.6962385813633951,0.6962385813633951,,,,1.0
8,hexane_hl_gap_eV,131,1.0,0.0,0.6962385813633951,0.6962385813633951,,,,1.0
8,hexane_hl_gap_eV,132,1.0,0.0,0.6962385813633951,0.6962385813633951,,,,1.0
8,hexane_hl_gap_eV,133,1.0,0.0,0.6962385813633951,0.6962385813633951,,,,1.0
8,hexane_hl_gap_eV,134,1.0,0.0,0.6962385813633951,0.6962385813633951,,,,1.0
8,hexane_hl_gap_eV,135,1.0,0.0,0.6962385813633951,0.6962385813633951,,,,1.0
8,hexane_hl_gap_eV,136,1.0,0.0,0.6962385813633951,0.6962385813633951,,,,1.0
8,hexane_hl_gap_eV,137,1.0,0.0,0.6962385813633951,0.6962385813633951,,,,1.0
8,hexane_hl_gap_eV,138,1.0,0.0,0.6962385813633951,0.6962385813633951,,,,1.0
8,hexane_hl_gap_eV,139,1.0,0.0,0.6962385813633951,0.6962385813633951,,,,1.0
8,hexane_hl_gap_eV,140,1.0,0.0,0.6962385813633951,0.6962385813633951,,,,1.0
8,hexane_hl_gap_eV,141,1.0,0.0,0.6962385813633951,0.6962385813633951,,,,1.0
8,hexane_hl_gap_eV,142,1.0,0.0,0.6962385813633951,0.6962385813633951,,,,1.0
8,hexane_hl_gap_eV,143,1.0,0.0,0.6962385813633951,0.6962385813633951,,,,1.0
8,hexane_hl_gap_eV,144,1.0,0.0,0.6962385813633951,0.6962385813633951,,,,1.0
8,hexane_hl_gap_eV,145,1.0,0.0,0.6962385813633951,0.6962385813633951,,,,1.0
8,hexane_hl_gap_eV,146,1.0,0.0,0.6962385813633951,0.6962385813633951,,,,1.0
8,hexane_hl_gap_eV,147,1.0,0.0,0.6962385813633951,0.6962385813633951,,,,1.0
8,hexane_hl_gap_eV,148,1.0,0.0,0.6962385813633951,0.6962385813633951,,,,1.0
8,hexane_hl_gap_eV,149,1.0,0.0,0.6962385813633951,0.6962385813633951,,,,1.0
8,hexane_hl_gap_eV,150,1.0,0.0,0.6962385813633951,0.6962385813633951,,,,1.0
8,hexane_hl_gap_eV,151,1.0,0.0,0.6962385813633951,0.6962385813633951,,,,1.0
8,hexane_hl_gap_eV,152,1.0,0.0,0.6962385813633951,0.6962385813633951,,,,1.0
8,hexane_hl_gap_eV,153,1.0,0.0,0.6962385813633951,0.6962385813633951,,,,1.0
8,hexane_hl_gap_eV,154,1.0,0.0,0.6962385813633951,0.6962385813633951,,,,1.0
8,hexane_hl_gap_eV,155,1.0,0.0,0.6962385813633951,0.6962385813633951,,,,1.0
8,hexane_hl_gap_eV,156,1.0,0.0,0.6962385813633951,0.6962385813633951,,,,1.0
8,hexane_hl_gap_eV,157,1.0,0.0,0.6962385813633951,0.6962385813633951,,,,1.0
8,hexane_hl_gap_eV,158,1.0,0.0,0.6962385813633951,0.6962385813633951,,,,1.0
8,hexane_hl_gap_eV,159,1.0,0.0,0.6962385813633951,0.6962385813633951,,,,1.0
8,hexane_hl_gap_eV,160,1.0,0.0,0.6962385813633951,0.6962385813633951,,,,1.0
8,hexane_hl_gap_eV,161,1.0,0.0,0.6962385813633951,0.6962385813633951,,,,1.0
8,hexane_hl_gap_eV,162,1.0,0.0,0.6962385813633951,0.6962385813633951,,,,1.0
8,hexane_hl_gap_eV,163,1.0,0.0,0.6962385813633951,0.6962385813633951,,,,1.0
8,hexane_hl_gap_eV,164,1.0,0.0,0.6962385813633951,0.6962385813633951,,,,1.0
8,hexane_hl_gap_eV,165,1.0,0.0,0.6962385813633951,0.6962385813633951,,,,1.0
8,hexane_hl_gap_eV,166,1.0,0.0,0.6962385813633951,0.6962385813633951,,,,1.0
8,hexane_hl_gap_eV,167,1.0,0.0,0.6962385813633951,0.6962385813633951,,,,1.0
8,hexane_hl_gap_eV,168,1.0,0.0,0.6962385813633951,0.6962385813633951,,,,1.0
8,hexane_hl_gap_eV,169,1.0,0.0,0.6962385813633951,0.6962385813633951,,,,1.0
8,hexane_hl_gap_eV,170,1.0,0.0,0.6962385813633951,0.6962385813633951,,,,1.0
8,hexane_hl_gap_eV,171,1.0,0.0,0.6962385813633951,0.6962385813633951,,,,1.0
8,hexane_hl_gap_eV,172,1.0,0.0,0.6962385813633951,0.6962385813633951,,,,1.0
8,hexane_hl_gap_eV,173,1.0,0.0,0.6962385813633951,0.6962385813633951,,,,1.0
8,hexane_hl_gap_eV,174,1.0,0.0,0.6962385813633951,0.6962385813633951,,,,1.0
8,hexane_hl_gap_eV,175,1.0,0.0,0.6962385813633951,0.6962385813633951,,,,1.0
8,hexane_hl_gap_eV,176,1.0,0.0,0.6962385813633951,0.6962385813633951,,,,1.0
8,hexane_hl_gap_eV,177,1.0,0.0,0.6962385813633951,0.6962385813633951,,,,1.0
8,hexane_hl_gap_eV,178,1.0,0.0,0.6962385813633951,0.6962385813633951,,,,1.0
8,hexane_hl_gap_eV,179,1.0,0.0,0.6962385813633951,0.6962385813633951,,,,1.0
8,hexane_hl_gap_eV,180,1.0,0.0,0.6962385813633951,0.6962385813633951,,,,1.0
8,hexane_hl_gap_eV,181,1.0,0.0,0.6962385813633951,0.6962385813633951,,,,1.0
8,hexane_hl_gap_eV,182,1.0,0.0,0.6962385813633951,0.6962385813633951,,,,1.0
8,hexane_hl_gap_eV,183,1.0,0.0,0.6962385813633951,0.6962385813633951,,,,1.0
8,hexane_hl_gap_eV,184,1.0,0.0,0.6962385813633951,0.6962385813633951,,,,1.0
8,hexane_hl_gap_eV,185,1.0,0.0,0.6962385813633951,0.6962385813633951,,,,1.0
8,hexane_hl_gap_eV,186,1.0,0.0,0.6962385813633951,0.6962385813633951,,,,1.0
8,hexane_hl_gap_eV,187,1.0,0.0,0.6962385813633951,0.6962385813633951,,,,1.0
8,hexane_hl_gap_eV,188,1.0,0.0,0.6962385813633951,0.6962385813633951,,,,1.0
8,hexane_hl_gap_eV,189,1.0,0.0,0.6962385813633951,0.6962385813633951,,,,1.0
8,hexane_hl_gap_eV,190,1.0,0.0,0.6962385813633951,0.6962385813633951,,,,1.0
8,hexane_hl_gap_eV,191,1.0,0.0,0.6962385813633951,0.6962385813633951,,,,1.0
8,hexane_hl_gap_eV,192,1.0,0.0,0.6962385813633951,0.6962385813633951,,,,1.0
8,hexane_hl_gap_eV,193,1.0,0.0,0.6962385813633951,0.6962385813633951,,,,1.0
8,hexane_hl_gap_eV,194,1.0,0.0,0.6962385813633951,0.6962385813633951,,,,1.0
8,hexane_hl_gap_eV,195,1.0,0.0,0.6962385813633951,0.6962385813633951,,,,1.0
8,hexane_hl_gap_eV,196,1.0,0.0,0.6962385813633951,0.6962385813633951,,,,1.0
8,hexane_hl_gap_eV,197,1.0,0.0,0.6962385813633951,0.6962385813633951,,,,1.0
8,hexane_hl_gap_eV,198,1.0,0.0,0.6962385813633951,0.6962385813633951,,,,1.0
8,hexane_hl_gap_eV,199,1.0,0.0,0.6962385813633951,0.6962385813633951,,,,1.0
8,hexane_hl_gap_eV,200,1.0,0.0,0.6962385813633951,0.6962385813633951,,,,1.0
8,hexane_hl_gap_eV,201,1.0,0.0,0.6962385813633951,0.6962385813633951,,,,1.0
8,hexane_hl_gap_eV,202,1.0,0.0,0.6962385813633951,0.6962385813633951,,,,1.0
8,hexane_hl_gap_eV,203,1.0,0.0,0.6962385813633951,0.6962385813633951,,,,1.0
8,hexane_hl_gap_eV,204,1.0,0.0,0.6962385813633951,0.6962385813633951,,,,1.0
8,hexane_hl_gap_eV,205,1.0,0.0,0.6962385813633951,0.6962385813633951,,,,1.0
8,hexane_hl_gap_eV,206,1.0,0.0,0.6962385813633951,0.6962385813633951,,,,1.0
8,hexane_hl_gap_eV,207,1.0,0.0,0.6962385813633951,0.6962385813633951,,,,1.0
8,hexane_hl_gap_eV,208,1.0,0.0,0.6962385813633951,0.6962385813633951,,,,1.0
8,hexane_hl_gap_eV,209,1.0,0.0,0.6962385813633951,0.6962385813633951,,,,1.0
8,hexane_hl_gap_eV,210,1.0,0.0,0.6962385813633951,0.6962385813633951,,,,1.0
8,hexane_hl_gap_eV,211,1.0,0.0,0.6962385813633951,0.6962385813633951,,,,1.0
8,hexane_hl_gap_eV,212,1.0,0.0,0.6962385813633951,0.6962385813633951,,,,1.0
8,hexane_hl_gap_eV,213,1.0,0.0,0.6962385813633951,0.6962385813633951,,,,1.0
8,hexane_hl_gap_eV,214,1.0,0.0,0.6962385813633951,0.6962385813633951,,,,1.0
8,hexane_hl_gap_eV,215,1.0,0.0,0.6962385813633951,0.6962385813633951,,,,1.0
8,hexane_hl_gap_eV,216,1.0,0.0,0.6962385813633951,0.6962385813633951,,,,1.0
8,hexane_hl_gap_eV,217,1.0,0.0,0.6962385813633951,0.6962385813633951,,,,1.0
8,hexane_hl_gap_eV,218,1.0,0.0,0.6962385813633951,0.6962385813633951,,,,1.0
8,hexane_hl_gap_eV,219,1.0,0.0,0.6962385813633951,0.6962385813633951,,,,1.0
8,hexane_hl_gap_eV,220,1.0,0.0,0.6962385813633951,0.6962385813633951,,,,1.0
8,hexane_hl_gap_eV,221,1.0,0.0,0.6962385813633951,0.6962385813633951,,,,1.0
8,hexane_hl_gap_eV,222,1.0,0.0,0.6962385813633951,0.6962385813633951,,,,1.0
8,hexane_hl_gap_eV,223,1.0,0.0,0.6962385813633951,0.6962385813633951,,,,1.0
8,hexane_hl_gap_eV,224,1.0,0.0,0.6962385813633951,0.6962385813633951,,,,1.0
8,hexane_hl_gap_eV,225,1.0,0.0,0.6962385813633951,0.6962385813633951,,,,1.0
8,hexane_hl_gap_eV,226,1.0,0.0,0.6962385813633951,0.6962385813633951,,,,1.0
8,hexane_hl_gap_eV,227,1.0,0.0,0.6962385813633951,0.6962385813633951,,,,1.0
8,hexane_hl_gap_eV,228,1.0,0.0,0.6962385813633951,0.6962385813633951,,,,1.0
8,hexane_hl_gap_eV,229,1.0,0.0,0.6962385813633951,0.6962385813633951,,,,1.0
8,hexane_hl_gap_eV,230,1.0,0.0,0.6962385813633951,0.6962385813633951,,,,1.0
8,hexane_hl_gap_eV,231,1.0,0.0,0.6962385813633951,0.6962385813633951,,,,1.0
8,hexane_hl_gap_eV,232,1.0,0.0,0.6962385813633951,0.6962385813633951,,,,1.0
8,hexane_hl_gap_eV,233,1.0,0.0,0.6962385813633951,0.6962385813633951,,,,1.0
8,hexane_hl_gap_eV,234,1.0,0.0,0.6962385813633951,0.6962385813633951,,,,1.0
8,hexane_hl_gap_eV,235,1.0,0.0,0.6962385813633951,0.6962385813633951,,,,1.0
8,hexane_hl_gap_eV,236,1.0,0.0,0.6962385813633951,0.6962385813633951,,,,1.0
8,hexane_hl_gap_eV,237,1.0,0.0,0.6962385813633951,0.6962385813633951,,,,1.0
8,hexane_hl_gap_eV,238,1.0,0.0,0.6962385813633951,0.6962385813633951,,,,1.0
8,hexane_hl_gap_eV,239,1.0,0.0,0.6962385813633951,0.6962385813633951,,,,1.0
8,hexane_hl_gap_eV,240,1.0,0.0,0.6962385813633951,0.6962385813633951,,,,1.0
8,hexane_hl_gap_eV,241,1.0,0.0,0.6962385813633951,0.6962385813633951,,,,1.0
8,hexane_hl_gap_eV,242,1.0,0.0,0.6962385813633951,0.6962385813633951,,,,1.0
8,hexane_hl_gap_eV,243,1.0,0.0,0.6962385813633951,0.6962385813633951,,,,1.0
8,hexane_hl_gap_eV,244,1.0,0.0,0.6962385813633951,0.6962385813633951,,,,1.0
8,hexane_hl_gap_eV,245,1.0,0.0,0.6962385813633951,0.6962385813633951,,,,1.0
8,hexane_hl_gap_eV,246,1.0,0.0,0.6962385813633951,0.6962385813633951,,,,1.0
8,hexane_hl_gap_eV,247,1.0,0.0,0.6962385813633951,0.6962385813633951,,,,1.0
8,hexane_hl_gap_eV,248,1.0,0.0,0.6962385813633951,0.6962385813633951,,,,1.0
8,hexane_hl_gap_eV,249,1.0,0.0,0.6962385813633951,0.6962385813633951,,,,1.0
8,hexane_dipole,0,0.9999998807907104,0.0,0.6585342440648629,0.6585342440648629,,,,1.0
8,hexane_dipole,1,0.9999998807907104,0.0,0.6585342440648629,0.6585342440648629,,,,1.0
8,hexane_dipole,2,0.9999998807907104,0.0,0.6585342440648629,0.6585342440648629,,,,1.0
8,hexane_dipole,3,0.9999998807907104,0.0,0.6585342440648629,0.6585342440648629,,,,1.0
8,hexane_dipole,4,0.9999998807907104,0.0,0.6585342440648629,0.6585342440648629,,,,1.0
8,hexane_dipole,5,0.9999998807907104,0.0,0.6585342440648629,0.6585342440648629,,,,1.0
8,hexane_dipole,6,0.9999998807907104,0.0,0.6585342440648629,0.6585342440648629,,,,1.0
8,hexane_dipole,7,0.9999998807907104,0.0,0.6585342440648629,0.6585342440648629,,,,1.0
8,hexane_dipole,8,0.9999998807907104,0.0,0.6585342440648629,0.6585342440648629,,,,1.0
8,hexane_dipole,9,0.9999998807907104,0.0,0.6585342440648629,0.6585342440648629,,,,1.0
8,hexane_dipole,10,0.9999998807907104,0.0,0.6585342440648629,0.6585342440648629,,,,1.0
8,hexane_dipole,11,0.9999998807907104,0.0,0.6585342440648629,0.6585342440648629,,,,1.0
8,hexane_dipole,12,0.9999998807907104,0.0,0.6585342440648629,0.6585342440648629,,,,1.0
8,hexane_dipole,13,0.9999998807907104,0.0,0.6585342440648629,0.6585342440648629,,,,1.0
8,hexane_dipole,14,0.9999998807907104,0.0,0.6585342440648629,0.6585342440648629,,,,1.0
8,hexane_dipole,15,0.9999998807907104,0.0,0.6585342440648629,0.6585342440648629,,,,1.0
8,hexane_dipole,16,0.9999998807907104,0.0,0.6585342440648629,0.6585342440648629,,,,1.0
8,hexane_dipole,17,0.9999998807907104,0.0,0.6585342440648629,0.6585342440648629,,,,1.0
8,hexane_dipole,18,0.9999998807907104,0.0,0.6585342440648629,0.6585342440648629,,,,1.0
8,hexane_dipole,19,0.9999998807907104,0.0,0.6585342440648629,0.6585342440648629,,,,1.0
8,hexane_dipole,20,0.9999998807907104,0.0,0.6585342440648629,0.6585342440648629,,,,1.0
8,hexane_dipole,21,0.9999998807907104,0.0,0.6585342440648629,0.6585342440648629,,,,1.0
8,hexane_dipole,22,0.9999998807907104,0.0,0.6585342440648629,0.6585342440648629,,,,1.0
8,hexane_dipole,23,0.9999998807907104,0.0,0.6585342440648629,0.6585342440648629,,,,1.0
8,hexane_dipole,24,0.9999998807907104,0.0,0.6585342440648629,0.6585342440648629,,,,1.0
8,hexane_dipole,25,0.9999998807907104,0.0,0.6585342440648629,0.6585342440648629,,,,1.0
8,hexane_dipole,26,0.9999998807907104,0.0,0.6585342440648629,0.6585342440648629,,,,1.0
8,hexane_dipole,27,0.9999998807907104,0.0,0.6585342440648629,0.6585342440648629,,,,1.0
8,hexane_dipole,28,0.9999998807907104,0.0,0.6585342440648629,0.6585342440648629,,,,1.0
8,hexane_dipole,29,0.9999998807907104,0.0,0.6585342440648629,0.6585342440648629,,,,1.0
8,hexane_dipole,30,0.9999998807907104,0.0,0.6585342440648629,0.6585342440648629,,,,1.0
8,hexane_dipole,31,0.9999998807907104,0.0,0.6585342440648629,0.6585342440648629,,,,1.0
8,hexane_dipole,32,0.9999998807907104,0.0,0.6585342440648629,0.6585342440648629,,,,1.0
8,hexane_dipole,33,0.9999998807907104,0.0,0.6585342440648629,0.6585342440648629,,,,1.0
8,hexane_dipole,34,0.9999998807907104,0.0,0.6585342440648629,0.6585342440648629,,,,1.0
8,hexane_dipole,35,0.9999998807907104,0.0,0.6585342440648629,0.6585342440648629,,,,1.0
8,hexane_dipole,36,0.9999998807907104,0.0,0.6585342440648629,0.6585342440648629,,,,1.0
8,hexane_dipole,37,0.9999998807907104,0.0,0.6585342440648629,0.6585342440648629,,,,1.0
8,hexane_dipole,38,0.9999998807907104,0.0,0.6585342440648629,0.6585342440648629,,,,1.0
8,hexane_dipole,39,0.9999998807907104,0.0,0.6585342440648629,0.6585342440648629,,,,1.0
8,hexane_dipole,40,0.9999998807907104,0.0,0.6585342440648629,0.6585342440648629,,,,1.0
8,hexane_dipole,41,0.9999998807907104,0.0,0.6585342440648629,0.6585342440648629,,,,1.0
8,hexane_dipole,42,0.9999998807907104,0.0,0.6585342440648629,0.6585342440648629,,,,1.0
8,hexane_dipole,43,0.9999998807907104,0.0,0.6585342440648629,0.6585342440648629,,,,1.0
8,hexane_dipole,44,0.9999998807907104,0.0,0.6585342440648629,0.6585342440648629,,,,1.0
8,hexane_dipole,45,0.9999998807907104,0.0,0.6585342440648629,0.6585342440648629,,,,1.0
8,hexane_dipole,46,0.9999998807907104,0.0,0.6585342440648629,0.6585342440648629,,,,1.0
8,hexane_dipole,47,0.9999998807907104,0.0,0.6585342440648629,0.6585342440648629,,,,1.0
8,hexane_dipole,48,0.9999998807907104,0.0,0.6585342440648629,0.6585342440648629,,,,1.0
8,hexane_dipole,49,0.9999998807907104,0.0,0.6585342440648629,0.6585342440648629,,,,1.0
8,hexane_dipole,50,0.9999998807907104,0.0,0.6585342440648629,0.6585342440648629,,,,1.0
8,hexane_dipole,51,0.9999998807907104,0.0,0.6585342440648629,0.6585342440648629,,,,1.0
8,hexane_dipole,52,0.9999998807907104,0.0,0.6585342440648629,0.6585342440648629,,,,1.0
8,hexane_dipole,53,0.9999998807907104,0.0,0.6585342440648629,0.6585342440648629,,,,1.0
8,hexane_dipole,54,0.9999998807907104,0.0,0.6585342440648629,0.6585342440648629,,,,1.0
8,hexane_dipole,55,0.9999998807907104,0.0,0.6585342440648629,0.6585342440648629,,,,1.0
8,hexane_dipole,56,0.9999998807907104,0.0,0.6585342440648629,0.6585342440648629,,,,1.0
8,hexane_dipole,57,0.9999998807907104,0.0,0.6585342440648629,0.6585342440648629,,,,1.0
8,hexane_dipole,58,0.9999998807907104,0.0,0.6585342440648629,0.6585342440648629,,,,1.0
8,hexane_dipole,59,0.9999998807907104,0.0,0.6585342440648629,0.6585342440648629,,,,1.0
8,hexane_dipole,60,0.9999998807907104,0.0,0.6585342440648629,0.6585342440648629,,,,1.0
8,hexane_dipole,61,0.9999998807907104,0.0,0.6585342440648629,0.6585342440648629,,,,1.0
8,hexane_dipole,62,0.9999998807907104,0.0,0.6585342440648629,0.6585342440648629,,,,1.0
8,hexane_dipole,63,0.9999998807907104,0.0,0.6585342440648629,0.6585342440648629,,,,1.0
8,hexane_dipole,64,0.9999998807907104,0.0,0.6585342440648629,0.6585342440648629,,,,1.0
8,hexane_dipole,65,0.9999998807907104,0.0,0.6585342440648629,0.6585342440648629,,,,1.0
8,hexane_dipole,66,0.9999998807907104,0.0,0.6585342440648629,0.6585342440648629,,,,1.0
8,hexane_dipole,67,0.9999998807907104,0.0,0.6585342440648629,0.6585342440648629,,,,1.0
8,hexane_dipole,68,0.9999998807907104,0.0,0.6585342440648629,0.6585342440648629,,,,1.0
8,hexane_dipole,69,0.9999998807907104,0.0,0.6585342440648629,0.6585342440648629,,,,1.0
8,hexane_dipole,70,0.9999998807907104,0.0,0.6585342440648629,0.6585342440648629,,,,1.0
8,hexane_dipole,71,0.9999998807907104,0.0,0.6585342440648629,0.6585342440648629,,,,1.0
8,hexane_dipole,72,0.9999998807907104,0.0,0.6585342440648629,0.6585342440648629,,,,1.0
8,hexane_dipole,73,0.9999998807907104,0.0,0.6585342440648629,0.6585342440648629,,,,1.0
8,hexane_dipole,74,0.9999998807907104,0.0,0.6585342440648629,0.6585342440648629,,,,1.0
8,hexane_dipole,75,0.9999998807907104,0.0,0.6585342440648629,0.6585342440648629,,,,1.0
8,hexane_dipole,76,0.9999998807907104,0.0,0.6585342440648629,0.6585342440648629,,,,1.0
8,hexane_dipole,77,0.9999998807907104,0.0,0.6585342440648629,0.6585342440648629,,,,1.0
8,hexane_dipole,78,0.9999998807907104,0.0,0.6585342440648629,0.6585342440648629,,,,1.0
8,hexane_dipole,79,0.9999998807907104,0.0,0.6585342440648629,0.6585342440648629,,,,1.0
8,hexane_dipole,80,0.9999998807907104,0.0,0.6585342440648629,0.6585342440648629,,,,1.0
8,hexane_dipole,81,0.9999998807907104,0.0,0.6585342440648629,0.6585342440648629,,,,1.0
8,hexane_dipole,82,0.9999998807907104,0.0,0.6585342440648629,0.6585342440648629,,,,1.0
8,hexane_dipole,83,0.9999998807907104,0.0,0.6585342440648629,0.6585342440648629,,,,1.0
8,hexane_dipole,84,0.9999998807907104,0.0,0.6585342440648629,0.6585342440648629,,,,1.0
8,hexane_dipole,85,0.9999998807907104,0.0,0.6585342440648629,0.6585342440648629,,,,1.0
8,hexane_dipole,86,0.9999998807907104,0.0,0.6585342440648629,0.6585342440648629,,,,1.0
8,hexane_dipole,87,0.9999998807907104,0.0,0.6585342440648629,0.6585342440648629,,,,1.0
8,hexane_dipole,88,0.9999998807907104,0.0,0.6585342440648629,0.6585342440648629,,,,1.0
8,hexane_dipole,89,0.9999998807907104,0.0,0.6585342440648629,0.6585342440648629,,,,1.0
8,hexane_dipole,90,0.9999998807907104,0.0,0.6585342440648629,0.6585342440648629,,,,1.0
8,hexane_dipole,91,0.9999998807907104,0.0,0.6585342440648629,0.6585342440648629,,,,1.0
8,hexane_dipole,92,0.9999998807907104,0.0,0.6585342440648629,0.6585342440648629,,,,1.0
8,hexane_dipole,93,0.9999998807907104,0.0,0.6585342440648629,0.6585342440648629,,,,1.0
8,hexane_dipole,94,0.9999998807907104,0.0,0.6585342440648629,0.6585342440648629,,,,1.0
8,hexane_dipole,95,0.9999998807907104,0.0,0.6585342440648629,0.6585342440648629,,,,1.0
8,hexane_dipole,96,0.9999998807907104,0.0,0.6585342440648629,0.6585342440648629,,,,1.0
8,hexane_dipole,97,0.9999998807907104,0.0,0.6585342440648629,0.6585342440648629,,,,1.0
8,hexane_dipole,98,0.9999998807907104,0.0,0.6585342440648629,0.6585342440648629,,,,1.0
8,hexane_dipole,99,0.9999998807907104,0.0,0.6585342440648629,0.6585342440648629,,,,1.0
8,hexane_dipole,100,0.9999998807907104,0.0,0.6585342440648629,0.6585342440648629,,,,1.0
8,hexane_dipole,101,0.9999998807907104,0.0,0.6585342440648629,0.6585342440648629,,,,1.0
8,hexane_dipole,102,0.9999998807907104,0.0,0.6585342440648629,0.6585342440648629,,,,1.0
8,hexane_dipole,103,0.9999998807907104,0.0,0.6585342440648629,0.6585342440648629,,,,1.0
8,hexane_dipole,104,0.9999998807907104,0.0,0.6585342440648629,0.6585342440648629,,,,1.0
8,hexane_dipole,105,0.9999998807907104,0.0,0.6585342440648629,0.6585342440648629,,,,1.0
8,hexane_dipole,106,0.9999998807907104,0.0,0.6585342440648629,0.6585342440648629,,,,1.0
8,hexane_dipole,107,0.9999998807907104,0.0,0.6585342440648629,0.6585342440648629,,,,1.0
8,hexane_dipole,108,0.9999998807907104,0.0,0.6585342440648629,0.6585342440648629,,,,1.0
8,hexane_dipole,109,0.9999998807907104,0.0,0.6585342440648629,0.6585342440648629,,,,1.0
8,hexane_dipole,110,0.9999998807907104,0.0,0.6585342440648629,0.6585342440648629,,,,1.0
8,hexane_dipole,111,0.9999998807907104,0.0,0.6585342440648629,0.6585342440648629,,,,1.0
8,hexane_dipole,112,0.9999998807907104,0.0,0.6585342440648629,0.6585342440648629,,,,1.0
8,hexane_dipole,113,0.9999998807907104,0.0,0.6585342440648629,0.6585342440648629,,,,1.0
8,hexane_dipole,114,0.9999998807907104,0.0,0.6585342440648629,0.6585342440648629,,,,1.0
8,hexane_dipole,115,0.9999998807907104,0.0,0.6585342440648629,0.6585342440648629,,,,1.0
8,hexane_dipole,116,0.9999998807907104,0.0,0.6585342440648629,0.6585342440648629,,,,1.0
8,hexane_dipole,117,0.9999998807907104,0.0,0.6585342440648629,0.6585342440648629,,,,1.0
8,hexane_dipole,118,0.9999998807907104,0.0,0.6585342440648629,0.6585342440648629,,,,1.0
8,hexane_dipole,119,0.9999998807907104,0.0,0.6585342440648629,0.6585342440648629,,,,1.0
8,hexane_dipole,120,0.9999998807907104,0.0,0.6585342440648629,0.6585342440648629,,,,1.0
8,hexane_dipole,121,0.9999998807907104,0.0,0.6585342440648629,0.6585342440648629,,,,1.0
8,hexane_dipole,122,0.9999998807907104,0.0,0.6585342440648629,0.6585342440648629,,,,1.0
8,hexane_dipole,123,0.9999998807907104,0.0,0.6585342440648629,0.6585342440648629,,,,1.0
8,hexane_dipole,124,0.9999998807907104,0.0,0.6585342440648629,0.6585342440648629,,,,1.0
8,hexane_dipole,125,0.9999998807907104,0.0,0.6585342440648629,0.6585342440648629,,,,1.0
8,hexane_dipole,126,0.9999998807907104,0.0,0.6585342440648629,0.6585342440648629,,,,1.0
8,hexane_dipole,127,0.9999998807907104,0.0,0.6585342440648629,0.6585342440648629,,,,1.0
8,hexane_dipole,128,0.9999998807907104,0.0,0.6585342440648629,0.6585342440648629,,,,1.0
8,hexane_dipole,129,0.9999998807907104,0.0,0.6585342440648629,0.6585342440648629,,,,1.0
8,hexane_dipole,130,0.9999998807907104,0.0,0.6585342440648629,0.6585342440648629,,,,1.0
8,hexane_dipole,131,0.9999998807907104,0.0,0.6585342440648629,0.6585342440648629,,,,1.0
8,hexane_dipole,132,0.9999998807907104,0.0,0.6585342440648629,0.6585342440648629,,,,1.0
8,hexane_dipole,133,0.9999998807907104,0.0,0.6585342440648629,0.6585342440648629,,,,1.0
8,hexane_dipole,134,0.9999998807907104,0.0,0.6585342440648629,0.6585342440648629,,,,1.0
8,hexane_dipole,135,0.9999998807907104,0.0,0.6585342440648629,0.6585342440648629,,,,1.0
8,hexane_dipole,136,0.9999998807907104,0.0,0.6585342440648629,0.6585342440648629,,,,1.0
8,hexane_dipole,137,0.9999998807907104,0.0,0.6585342440648629,0.6585342440648629,,,,1.0
8,hexane_dipole,138,0.9999998807907104,0.0,0.6585342440648629,0.6585342440648629,,,,1.0
8,hexane_dipole,139,0.9999998807907104,0.0,0.6585342440648629,0.6585342440648629,,,,1.0
8,hexane_dipole,140,0.9999998807907104,0.0,0.6585342440648629,0.6585342440648629,,,,1.0
8,hexane_dipole,141,0.9999998807907104,0.0,0.6585342440648629,0.6585342440648629,,,,1.0
8,hexane_dipole,142,0.9999998807907104,0.0,0.6585342440648629,0.6585342440648629,,,,1.0
8,hexane_dipole,143,0.9999998807907104,0.0,0.6585342440648629,0.6585342440648629,,,,1.0
8,hexane_dipole,144,0.9999998807907104,0.0,0.6585342440648629,0.6585342440648629,,,,1.0
8,hexane_dipole,145,0.9999998807907104,0.0,0.6585342440648629,0.6585342440648629,,,,1.0
8,hexane_dipole,146,0.9999998807907104,0.0,0.6585342440648629,0.6585342440648629,,,,1.0
8,hexane_dipole,147,0.9999998807907104,0.0,0.6585342440648629,0.6585342440648629,,,,1.0
8,hexane_dipole,148,0.9999998807907104,0.0,0.6585342440648629,0.6585342440648629,,,,1.0
8,hexane_dipole,149,0.9999998807907104,0.0,0.6585342440648629,0.6585342440648629,,,,1.0
8,hexane_dipole,150,0.9999998807907104,0.0,0.6585342440648629,0.6585342440648629,,,,1.0
8,hexane_dipole,151,0.9999998807907104,0.0,0.6585342440648629,0.6585342440648629,,,,1.0
8,hexane_dipole,152,0.9999998807907104,0.0,0.6585342440648629,0.6585342440648629,,,,1.0
8,hexane_dipole,153,0.9999998807907104,0.0,0.6585342440648629,0.6585342440648629,,,,1.0
8,hexane_dipole,154,0.9999998807907104,0.0,0.6585342440648629,0.6585342440648629,,,,1.0
8,hexane_dipole,155,0.9999998807907104,0.0,0.6585342440648629,0.6585342440648629,,,,1.0
8,hexane_dipole,156,0.9999998807907104,0.0,0.6585342440648629,0.6585342440648629,,,,1.0
8,hexane_dipole,157,0.9999998807907104,0.0,0.6585342440648629,0.6585342440648629,,,,1.0
8,hexane_dipole,158,0.9999998807907104,0.0,0.6585342440648629,0.6585342440648629,,,,1.0
8,hexane_dipole,159,0.9999998807907104,0.0,0.6585342440648629,0.6585342440648629,,,,1.0
8,hexane_dipole,160,0.9999998807907104,0.0,0.6585342440648629,0.6585342440648629,,,,1.0
8,hexane_dipole,161,0.9999998807907104,0.0,0.6585342440648629,0.6585342440648629,,,,1.0
8,hexane_dipole,162,0.9999998807907104,0.0,0.6585342440648629,0.6585342440648629,,,,1.0
8,hexane_dipole,163,0.9999998807907104,0.0,0.6585342440648629,0.6585342440648629,,,,1.0
8,hexane_dipole,164,0.9999998807907104,0.0,0.6585342440648629,0.6585342440648629,,,,1.0
8,hexane_dipole,165,0.9999998807907104,0.0,0.6585342440648629,0.6585342440648629,,,,1.0
8,hexane_dipole,166,0.9999998807907104,0.0,0.6585342440648629,0.6585342440648629,,,,1.0
8,hexane_dipole,167,0.9999998807907104,0.0,0.6585342440648629,0.6585342440648629,,,,1.0
8,hexane_dipole,168,0.9999998807907104,0.0,0.6585342440648629,0.6585342440648629,,,,1.0
8,hexane_dipole,169,0.9999998807907104,0.0,0.6585342440648629,0.6585342440648629,,,,1.0
8,hexane_dipole,170,0.9999998807907104,0.0,0.6585342440648629,0.6585342440648629,,,,1.0
8,hexane_dipole,171,0.9999998807907104,0.0,0.6585342440648629,0.6585342440648629,,,,1.0
8,hexane_dipole,172,0.9999998807907104,0.0,0.6585342440648629,0.6585342440648629,,,,1.0
8,hexane_dipole,173,0.9999998807907104,0.0,0.6585342440648629,0.6585342440648629,,,,1.0
8,hexane_dipole,174,0.9999998807907104,0.0,0.6585342440648629,0.6585342440648629,,,,1.0
8,hexane_dipole,175,0.9999998807907104,0.0,0.6585342440648629,0.6585342440648629,,,,1.0
8,hexane_dipole,176,0.9999998807907104,0.0,0.6585342440648629,0.6585342440648629,,,,1.0
8,hexane_dipole,177,0.9999998807907104,0.0,0.6585342440648629,0.6585342440648629,,,,1.0
8,hexane_dipole,178,0.9999998807907104,0.0,0.6585342440648629,0.6585342440648629,,,,1.0
8,hexane_dipole,179,0.9999998807907104,0.0,0.6585342440648629,0.6585342440648629,,,,1.0
8,hexane_dipole,180,0.9999998807907104,0.0,0.6585342440648629,0.6585342440648629,,,,1.0
8,hexane_dipole,181,0.9999998807907104,0.0,0.6585342440648629,0.6585342440648629,,,,1.0
8,hexane_dipole,182,0.9999998807907104,0.0,0.6585342440648629,0.6585342440648629,,,,1.0
8,hexane_dipole,183,0.9999998807907104,0.0,0.6585342440648629,0.6585342440648629,,,,1.0
8,hexane_dipole,184,0.9999998807907104,0.0,0.6585342440648629,0.6585342440648629,,,,1.0
8,hexane_dipole,185,0.9999998807907104,0.0,0.6585342440648629,0.6585342440648629,,,,1.0
8,hexane_dipole,186,0.9999998807907104,0.0,0.6585342440648629,0.6585342440648629,,,,1.0
8,hexane_dipole,187,0.9999998807907104,0.0,0.6585342440648629,0.6585342440648629,,,,1.0
8,hexane_dipole,188,0.9999998807907104,0.0,0.6585342440648629,0.6585342440648629,,,,1.0
8,hexane_dipole,189,0.9999998807907104,0.0,0.6585342440648629,0.6585342440648629,,,,1.0
8,hexane_dipole,190,0.9999998807907104,0.0,0.6585342440648629,0.6585342440648629,,,,1.0
8,hexane_dipole,191,0.9999998807907104,0.0,0.6585342440648629,0.6585342440648629,,,,1.0
8,hexane_dipole,192,0.9999998807907104,0.0,0.6585342440648629,0.6585342440648629,,,,1.0
8,hexane_dipole,193,0.9999998807907104,0.0,0.6585342440648629,0.6585342440648629,,,,1.0
8,hexane_dipole,194,0.9999998807907104,0.0,0.6585342440648629,0.6585342440648629,,,,1.0
8,hexane_dipole,195,0.9999998807907104,0.0,0.6585342440648629,0.6585342440648629,,,,1.0
8,hexane_dipole,196,0.9999998807907104,0.0,0.6585342440648629,0.6585342440648629,,,,1.0
8,hexane_dipole,197,0.9999998807907104,0.0,0.6585342440648629,0.6585342440648629,,,,1.0
8,hexane_dipole,198,0.9999998807907104,0.0,0.6585342440648629,0.6585342440648629,,,,1.0
8,hexane_dipole,199,0.9999998807907104,0.0,0.6585342440648629,0.6585342440648629,,,,1.0
8,hexane_dipole,200,0.9999998807907104,0.0,0.6585342440648629,0.6585342440648629,,,,1.0
8,hexane_dipole,201,0.9999998807907104,0.0,0.6585342440648629,0.6585342440648629,,,,1.0
8,hexane_dipole,202,0.9999998807907104,0.0,0.6585342440648629,0.6585342440648629,,,,1.0
8,hexane_dipole,203,0.9999998807907104,0.0,0.6585342440648629,0.6585342440648629,,,,1.0
8,hexane_dipole,204,0.9999998807907104,0.0,0.6585342440648629,0.6585342440648629,,,,1.0
8,hexane_dipole,205,0.9999998807907104,0.0,0.6585342440648629,0.6585342440648629,,,,1.0
8,hexane_dipole,206,0.9999998807907104,0.0,0.6585342440648629,0.6585342440648629,,,,1.0
8,hexane_dipole,207,0.9999998807907104,0.0,0.6585342440648629,0.6585342440648629,,,,1.0
8,hexane_dipole,208,0.9999998807907104,0.0,0.6585342440648629,0.6585342440648629,,,,1.0
8,hexane_dipole,209,0.9999998807907104,0.0,0.6585342440648629,0.6585342440648629,,,,1.0
8,hexane_dipole,210,0.9999998807907104,0.0,0.6585342440648629,0.6585342440648629,,,,1.0
8,hexane_dipole,211,0.9999998807907104,0.0,0.6585342440648629,0.6585342440648629,,,,1.0
8,hexane_dipole,212,0.9999998807907104,0.0,0.6585342440648629,0.6585342440648629,,,,1.0
8,hexane_dipole,213,0.9999998807907104,0.0,0.6585342440648629,0.6585342440648629,,,,1.0
8,hexane_dipole,214,0.9999998807907104,0.0,0.6585342440648629,0.6585342440648629,,,,1.0
8,hexane_dipole,215,0.9999998807907104,0.0,0.6585342440648629,0.6585342440648629,,,,1.0
8,hexane_dipole,216,0.9999998807907104,0.0,0.6585342440648629,0.6585342440648629,,,,1.0
8,hexane_dipole,217,0.9999998807907104,0.0,0.6585342440648629,0.6585342440648629,,,,1.0
8,hexane_dipole,218,0.9999998807907104,0.0,0.6585342440648629,0.6585342440648629,,,,1.0
8,hexane_dipole,219,0.9999998807907104,0.0,0.6585342440648629,0.6585342440648629,,,,1.0
8,hexane_dipole,220,0.9999998807907104,0.0,0.6585342440648629,0.6585342440648629,,,,1.0
8,hexane_dipole,221,0.9999998807907104,0.0,0.6585342440648629,0.6585342440648629,,,,1.0
8,hexane_dipole,222,0.9999998807907104,0.0,0.6585342440648629,0.6585342440648629,,,,1.0
8,hexane_dipole,223,0.9999998807907104,0.0,0.6585342440648629,0.6585342440648629,,,,1.0
8,hexane_dipole,224,0.9999998807907104,0.0,0.6585342440648629,0.6585342440648629,,,,1.0
8,hexane_dipole,225,0.9999998807907104,0.0,0.6585342440648629,0.6585342440648629,,,,1.0
8,hexane_dipole,226,0.9999998807907104,0.0,0.6585342440648629,0.6585342440648629,,,,1.0
8,hexane_dipole,227,0.9999998807907104,0.0,0.6585342440648629,0.6585342440648629,,,,1.0
8,hexane_dipole,228,0.9999998807907104,0.0,0.6585342440648629,0.6585342440648629,,,,1.0
8,hexane_dipole,229,0.9999998807907104,0.0,0.6585342440648629,0.6585342440648629,,,,1.0
8,hexane_dipole,230,0.9999998807907104,0.0,0.6585342440648629,0.6585342440648629,,,,1.0
8,hexane_dipole,231,0.9999998807907104,0.0,0.6585342440648629,0.6585342440648629,,,,1.0
8,hexane_dipole,232,0.9999998807907104,0.0,0.6585342440648629,0.6585342440648629,,,,1.0
8,hexane_dipole,233,0.9999998807907104,0.0,0.6585342440648629,0.6585342440648629,,,,1.0
8,hexane_dipole,234,0.9999998807907104,0.0,0.6585342440648629,0.6585342440648629,,,,1.0
8,hexane_dipole,235,0.9999998807907104,0.0,0.6585342440648629,0.6585342440648629,,,,1.0
8,hexane_dipole,236,0.9999998807907104,0.0,0.6585342440648629,0.6585342440648629,,,,1.0
8,hexane_dipole,237,0.9999998807907104,0.0,0.6585342440648629,0.6585342440648629,,,,1.0
8,hexane_dipole,238,0.9999998807907104,0.0,0.6585342440648629,0.6585342440648629,,,,1.0
8,hexane_dipole,239,0.9999998807907104,0.0,0.6585342440648629,0.6585342440648629,,,,1.0
8,hexane_dipole,240,0.9999998807907104,0.0,0.6585342440648629,0.6585342440648629,,,,1.0
8,hexane_dipole,241,0.9999998807907104,0.0,0.6585342440648629,0.6585342440648629,,,,1.0
8,hexane_dipole,242,0.9999998807907104,0.0,0.6585342440648629,0.6585342440648629,,,,1.0
8,hexane_dipole,243,0.9999998807907104,0.0,0.6585342440648629,0.6585342440648629,,,,1.0
8,hexane_dipole,244,0.9999998807907104,0.0,0.6585342440648629,0.6585342440648629,,,,1.0
8,hexane_dipole,245,0.9999998807907104,0.0,0.6585342440648629,0.6585342440648629,,,,1.0
8,hexane_dipole,246,0.9999998807907104,0.0,0.6585342440648629,0.6585342440648629,,,,1.0
8,hexane_dipole,247,0.9999998807907104,0.0,0.6585342440648629,0.6585342440648629,,,,1.0
8,hexane_dipole,248,0.9999998807907104,0.0,0.6585342440648629,0.6585342440648629,,,,1.0
8,hexane_dipole,249,0.9999998807907104,0.0,0.6585342440648629,0.6585342440648629,,,,1.0
9,sco_kcal,0,0.9549461603164673,0.004918665159493685,0.7640962852368707,0.9059575365752961,0.986913800239563,2.7154645919799805,2.7514708896773254,0.82
9,sco_kcal,1,0.7789891958236694,0.012360334396362305,0.6740882540220723,0.916916336644148,2.641597032546997,2.3327040672302246,0.8830658266529996,0.62
9,sco_kcal,2,0.3762880563735962,0.04604802280664444,0.618969628378317,0.931269875925685,8.764649391174316,2.0574827194213867,0.23474786355894592,0.18
9,sco_kcal,3,0.3185538053512573,0.005290045402944088,0.6187669142182954,0.9471336719271399,1.0980782508850098,0.2536206841468811,0.2309677693210592,0.26
9,sco_kcal,4,0.0864245668053627,0.06970144063234329,0.5847418900662011,0.9433308292456277,11.316190719604492,0.18913774192333221,0.016713905466056223,0.04
9,sco_kcal,5,0.042835865169763565,0.12381334602832794,0.6189771351186131,0.9347794096414495,22.893346786499023,0.2380286455154419,0.01039728475418087,0.0
9,sco_kcal,6,0.2201663702726364,0.00656215101480484,0.6306749578185629,0.9577573480875712,1.2516454458236694,0.17041757702827454,0.13615483330115738,0.06
9,sco_kcal,7,0.4563501179218292,0.020276281982660294,0.645011874009843,0.9246855814406745,3.834686756134033,1.7933260202407837,0.46765906429570747,0.2
9,sco_kcal,8,0.09071759879589081,0.018534578382968903,0.6267998029347435,0.9580891519268933,3.535799980163574,0.1611568182706833,0.04557860149748284,0.06
9,sco_kcal,9,0.19145996868610382,0.05882534757256508,0.6566329794700998,0.9525903783501877,11.806105613708496,1.2466845512390137,0.1055965948493162,0.02
9,sco_kcal,10,0.7420041561126709,0.020988333970308304,0.6655648811719725,0.9249140702870104,4.263576507568359,2.965756416320801,0.6956029547156543,0.56
9,sco_kcal,11,0.11817015707492828,0.033458951860666275,0.6509914892331214,0.9444527807123455,6.543376445770264,0.26031216979026794,0.039782545287996934,0.02
9,sco_kcal,12,0.25625690817832947,0.04117841646075249,0.6094968267337408,0.9101482860008685,7.403674602508545,1.6423848867416382,0.22183374809383954,0.14
9,sco_kcal,13,0.5644450187683105,0.01529279351234436,0.6529421779654583,0.9007622481777067,3.060669422149658,1.184017300605774,0.38684912916017583,0.24
9,sco_kcal,14,0.08702640980482101,0.012783304788172245,0.6343686393997796,0.9625644099487214,2.478569984436035,0.12323915958404541,0.04972188009937787,0.08
9,sco_kcal,15,0.22248490154743195,0.014054793864488602,0.6134490318963042,0.9635071760553457,2.498466968536377,0.13083910942077637,0.052367756335567256,0.06
9,sco_kcal,16,0.1320326179265976,0.030388182029128075,0.6205778262847181,0.9553589726424796,5.172743320465088,0.10875272750854492,0.02102418789625286,0.06
9,sco_kcal,17,0.28743743896484375,0.18977676331996918,0.627204950833053,0.9748023757565016,35.49775314331055,1.4908527135849,0.041998509245530856,0.22
9,sco_kcal,18,0.14344081282615662,0.02103375643491745,0.6235355182665827,0.947046631673645,3.948512554168701,0.2872124910354614,0.07273941442385248,0.1
9,sco_kcal,19,0.1136837974190712,0.09500404447317123,0.6072214373976348,0.9402363107941514,16.465707778930664,1.1568247079849243,0.07025660381664153,0.0
9,sco_kcal,20,0.6130757331848145,0.02501262165606022,0.6250922534863268,0.8940117293084533,4.28580379486084,2.8436062335968018,0.6634942637846849,0.4
9,sco_kcal,21,0.3332263231277466,0.014453244395554066,0.6161193424007483,0.9184802346610856,2.658447265625,0.8325618505477905,0.31317598859801177,0.1
9,sco_kcal,22,0.1266455203294754,0.07312247902154922,0.6157608277240874,0.937409795215489,13.32739543914795,0.8276494145393372,0.062101362439370277,0.16
9,sco_kcal,23,0.36879557371139526,0.021062122657895088,0.6255048527458467,0.9325544740763028,3.775765895843506,1.0716460943222046,0.28382217644952773,0.22
9,sco_kcal,24,0.4801517724990845,0.009790634736418724,0.6524865444994505,0.9473704943028103,1.9615579843521118,0.9738978743553162,0.49649201406451793,0.36
9,sco_kcal,25,0.09275417029857635,0.024756036698818207,0.6338286579572097,0.9721380708769776,4.786240100860596,0.06239526718854904,0.013036384693139398,0.08
9,sco_kcal,26,0.10925182700157166,0.08471222966909409,0.595899437569144,0.9227156445209721,13.943001747131348,0.47886356711387634,0.03434436685862127,0.04
9,sco_kcal,27,0.39576077461242676,0.03675100952386856,0.6081569677289007,0.9027923748289166,6.261751651763916,2.398838758468628,0.3830938836088912,0.16
9,sco_kcal,28,0.3610241413116455,0.01478655356913805,0.6196879410463685,0.9089870832553986,2.616494655609131,0.6922850608825684,0.2645849321337144,0.12
9,sco_kcal,29,0.8566616177558899,0.010546215809881687,0.6822365290408625,0.9408824423587074,2.382254123687744,2.818532705307007,1.183136877498149,0.66
9,sco_kcal,30,0.12800782918930054,0.012595905922353268,0.6321228979885478,0.9570450413211269,2.4048519134521484,0.06796754151582718,0.02826267228166255,0.06
9,sco_kcal,31,0.2259828895330429,0.03913377225399017,0.6310997355451056,0.9772246049286601,7.44239616394043,0.1907147914171219,0.025625455460321342,0.18
9,sco_kcal,32,0.24083636701107025,0.0388367585837841,0.6125501515184604,0.936758382155052,7.321964263916016,1.3957574367523193,0.19062609245866827,0.04
9,sco_kcal,33,0.07780686765909195,0.022343138232827187,0.6282690847653993,0.9654189404672819,4.127967834472656,0.2071956992149353,0.05019314769961243,0.02
9,sco_kcal,34,0.7039424777030945,0.0060027544386684895,0.6631979419203515,0.9418957221451112,1.1638469696044922,0.9283235669136047,0.7976337019883938,0.66
9,sco_kcal,35,0.07410882413387299,0.017134498804807663,0.6295541614001783,0.9610340337960908,3.230800151824951,0.1780836582183838,0.055120604757242994,0.04
9,sco_kcal,36,0.12307217717170715,0.01784301921725273,0.615511250826192,0.9538986435769867,3.4018640518188477,0.2833876311779022,0.0833036320267959,0.08
9,sco_kcal,37,0.39657512307167053,0.013337671756744385,0.6577328942018896,0.9472761883764795,2.7241475582122803,0.8829817175865173,0.32413138375146366,0.26
9,sco_kcal,38,0.05376725643873215,0.2006431221961975,0.607999870793047,0.936875472071055,36.19169235229492,1.9395830631256104,0.05359194160487002,0.0
9,sco_kcal,39,0.06495271623134613,0.05637495592236519,0.6056919047526144,0.9599746850324542,9.536802291870117,0.04880213737487793,0.005117243273091707,0.06
9,sco_kcal,40,0.2227136343717575,0.008537202142179012,0.6467283226188301,0.9492807808663561,1.80158269405365,0.18103185296058655,0.10048489783905282,0.1
9,sco_kcal,41,0.14930614829063416,0.03205621615052223,0.5937035143184555,0.9275739943435084,5.344042778015137,0.6150035262107849,0.1150820739573509,0.04
9,sco_kcal,42,0.1341831088066101,0.12349055707454681,0.6178896992743168,0.9080013478558429,22.067338943481445,1.9081722497940063,0.08647042829591688,0.06
9,sco_kcal,43,0.8656067252159119,0.004212439525872469,0.7039554791271894,0.9186088874296965,0.8496723771095276,1.3230639696121216,1.5571460309360758,0.8
9,sco_kcal,44,0.15058860182762146,0.01541459932923317,0.6357401022185141,0.9593776381176122,2.979641914367676,0.15075857937335968,0.05059620709670171,0.08
9,sco_kcal,45,0.09790871292352676,0.03969317302107811,0.6185486672400886,0.9406770504019091,7.071976184844971,0.3998078405857086,0.05653410449012606,0.04
9,sco_kcal,46,0.23601001501083374,0.027191748842597008,0.6275299519344717,0.9624705349655553,4.596329689025879,0.856946587562561,0.18644149692059572,0.14
9,sco_kcal,47,0.1729768067598343,0.029832176864147186,0.6351327347475626,0.9183512570791046,5.607435703277588,0.9541958570480347,0.17016616998217207,0.14
9,sco_kcal,48,0.1341429203748703,0.04851280152797699,0.6300335170585101,0.9609736700080915,9.227230072021484,0.199690043926239,0.02164138559108143,0.16
9,sco_kcal,49,0.0565960519015789,0.03362446278333664,0.6300759708417341,0.9769600710099295,6.319212913513184,0.13556960225105286,0.021453558236841013,0.02
9,sco_kcal,50,0.08896192163228989,0.017126327380537987,0.6302147519699115,0.9724283682160386,3.2876718044281006,0.2115272432565689,0.06433952530531394,0.04
9,sco_kcal,51,0.37771517038345337,0.041481249034404755,0.6190489105494943,0.9134189052513464,7.052755355834961,2.189314365386963,0.31041972320444605,0.26
9,sco_kcal,52,0.2107248306274414,0.024289706721901894,0.6271307442013416,0.9524946696237548,4.3532891273498535,0.5480988621711731,0.12590453933502885,0.12
9,sco_kcal,53,0.19412454962730408,0.05051067844033241,0.6092933178224691,0.9172541042383835,8.679277420043945,1.7726008892059326,0.20423369405295003,0.04
9,sco_kcal,54,0.7054833173751831,0.028650663793087006,0.6470919494612177,0.9109587211237609,5.055020809173584,4.8407206535339355,0.9576064740919072,0.52
9,sco_kcal,55,0.2543472349643707,0.05672357231378555,0.6088299432865918,0.9090487803124061,9.581646919250488,2.4089975357055664,0.25141789882339005,0.04
9,sco_kcal,56,0.16965831816196442,0.008883409202098846,0.6216808075801628,0.9637313878049008,1.6017009019851685,0.09734714031219482,0.0607773524954263,0.06
9,sco_kcal,57,0.1460551917552948,0.026984894648194313,0.6211726565250659,0.9684987678527928,4.654304504394531,0.17202484607696533,0.03696037633862198,0.02
9,sco_kcal,58,0.30326688289642334,0.02544855885207653,0.6365394410960779,0.9396403794076205,4.883715629577637,1.4783999919891357,0.3027203269239068,0.08
9,sco_kcal,59,0.6272027492523193,0.0023906519636511803,0.6511893170658534,0.9569095943200516,0.4285620152950287,0.33580678701400757,0.7835663801954846,0.54
9,sco_kcal,60,0.12335267663002014,0.010005670599639416,0.6237012064369103,0.9691976791755581,1.899463415145874,0.09700571000576019,0.051070059698049196,0.02
9,sco_kcal,61,0.07338747382164001,0.16218629479408264,0.6027030159412614,0.9069590626275221,28.007152557373047,1.8927242755889893,0.06758003234037151,0.02
9,sco_kcal,62,0.1959356814622879,0.06327177584171295,0.6267483761251418,0.9631384241229253,11.926607131958008,0.19231048226356506,0.016124492081931535,0.24
9,sco_kcal,63,0.054577816277742386,0.11660046130418777,0.6059657027112246,0.8928547858249098,21.154741287231445,1.1697133779525757,0.05529320174946266,0.06
9,sco_kcal,64,0.11583299189805984,0.019306495785713196,0.6128865230741964,0.9678802700819193,3.3287601470947266,0.058575574308633804,0.017596814345352388,0.06
9,sco_kcal,65,0.16280439496040344,0.020295701920986176,0.6256126973935416,0.9542944379360738,3.7188923358917236,0.06725051999092102,0.018083481294113763,0.16
9,sco_kcal,66,0.20633724331855774,0.37271976470947266,0.6043423659804021,0.9587774050582227,66.89862823486328,0.8599473834037781,0.0128544845551202,0.12
9,sco_kcal,67,0.13253650069236755,0.01605146750807762,0.6296232903898911,0.9585972218934657,2.992060422897339,0.19378113746643066,0.06476511503025871,0.06
9,sco_kcal,68,0.08058318495750427,0.020455053076148033,0.6290995892326692,0.9760328652993837,3.891599178314209,0.20418541133403778,0.0524682532753767,0.02
9,sco_kcal,69,0.05799398571252823,0.07726173847913742,0.6177339529541237,0.970516655496596,13.502028465270996,0.24349354207515717,0.01803384896583908,0.04
9,sco_kcal,70,0.26714009046554565,0.028197068721055984,0.624805189209743,0.9278594159651592,5.071283340454102,0.6917272806167603,0.13640083469578343,0.12
9,sco_kcal,71,0.24476024508476257,0.006061328109353781,0.6350425118172454,0.9550675769709438,1.179485559463501,0.28889724612236023,0.2449349581301933,0.12
9,sco_kcal,72,0.2887173891067505,0.5607518553733826,0.6281101713466328,0.9841871274651541,105.23930358886719,3.3651671409606934,0.03197633418506087,0.26
9,sco_kcal,73,0.1898386925458908,0.015616274438798428,0.626817334821872,0.9524471857293222,2.9217753410339355,0.16925738751888275,0.05792963789576896,0.12
9,sco_kcal,74,0.08304515480995178,0.09001491218805313,0.61645988414937,0.9336500698132155,16.290746688842773,0.6122749447822571,0.03758421614901131,0.0
9,sco_kcal,75,0.52972811460495,0.020795699208974838,0.6312997980804238,0.9114349363615513,3.7632644176483154,1.9499620199203491,0.5181570582114161,0.34
9,sco_kcal,76,0.4050951898097992,0.05297194793820381,0.63666875478227,0.953161834808784,10.055126190185547,1.6477006673812866,0.16386673187548348,0.36
9,sco_kcal,77,0.5490337610244751,0.010513214394450188,0.6539691101587808,0.9496378933525484,2.0384445190429688,1.2854114770889282,0.6305844800193126,0.4
9,sco_kcal,78,0.2732984721660614,0.03371450677514076,0.6268077935118599,0.9774107206798375,6.381710529327393,0.5269957184791565,0.08257906968003761,0.28
9,sco_kcal,79,0.05972679331898689,0.07895903289318085,0.6026637894200739,0.9245161026233495,13.762088775634766,0.19176563620567322,0.013934340878921425,0.02
9,sco_kcal,80,0.11962638795375824,0.031936243176460266,0.6081051886434163,0.9506130495101823,5.644105911254883,0.37899744510650635,0.06714924401945567,0.02
9,sco_kcal,81,0.6000967621803284,0.012299767695367336,0.6752949411758438,0.8906368511271547,2.6153664588928223,1.6320679187774658,0.624030301080017,0.28
9,sco_kcal,82,0.08601494133472443,0.030277911573648453,0.606803086267778,0.9632057800684066,4.949041366577148,0.15617786347866058,0.03155719500212547,0.04
9,sco_kcal,83,0.09086068719625473,0.04434766620397568,0.59879808937416,0.9575228727937883,7.480875015258789,0.1552276909351349,0.020749937757082688,0.04
9,sco_kcal,84,0.0459308847784996,0.0745849609375,0.6010208025732573,0.952652344487557,12.561389923095703,0.05513817444443703,0.004389496288389115,0.0
9,sco_kcal,85,0.4524531364440918,0.04936916381120682,0.6165412161186115,0.9115676268763178,8.458487510681152,3.7991232872009277,0.44914924593829525,0.22
9,sco_kcal,86,0.2259933352470398,0.01150741521269083,0.631363283660638,0.9573018311840642,2.167038917541504,0.26749786734580994,0.12343934628053893,0.06
9,sco_kcal,87,0.10279548168182373,0.04364347457885742,0.5988197883779063,0.9574871216848049,7.318837642669678,0.043258246034383774,0.0059105349983695704,0.08
9,sco_kcal,88,0.2407900094985962,0.11721314489841461,0.6221278697709165,0.9203477921273799,21.783777236938477,1.8783411979675293,0.08622660696247159,0.18
9,sco_kcal,89,0.8398571610450745,0.008021303452551365,0.686894769337034,0.9076650814732581,1.5103464126586914,2.1303317546844482,1.4104921472514276,0.7
9,sco_kcal,90,0.19619137048721313,0.060608383268117905,0.6286078924671539,0.9517350931510022,11.467863082885742,0.29216986894607544,0.025477272167828725,0.16
9,sco_kcal,91,0.14861918985843658,0.01683090627193451,0.6237494767753669,0.9476451776101305,3.012852668762207,0.08824741840362549,0.029290319874778623,0.04
9,sco_kcal,92,0.2107383757829666,0.04453705623745918,0.6085539890374976,0.9257049080993995,7.945052146911621,1.3495373725891113,0.16985884392385012,0.04
9,sco_kcal,93,0.13739818334579468,0.009569001384079456,0.634577471561167,0.9599369039432861,1.9086236953735352,0.13055571913719177,0.06840306942309067,0.08
9,sco_kcal,94,0.33776652812957764,0.023815635591745377,0.6318895892380516,0.9269442069554477,4.63109016418457,1.1967768669128418,0.2584222773653484,0.18
9,sco_kcal,95,0.2577129304409027,0.043142762035131454,0.6286577390194532,0.9643123634994031,8.158980369567871,0.38156959414482117,0.04676682340945876,0.26
9,sco_kcal,96,0.25857511162757874,0.020850975066423416,0.6315415830492093,0.9489617936775931,4.031907558441162,0.8905937671661377,0.2208864549241957,0.1
9,sco_kcal,97,0.11150578409433365,0.022652925923466682,0.6150036755448616,0.9504149967778504,3.8836352825164795,0.15468533337116241,0.039830036066345276,0.08
9,sco_kcal,98,0.565396785736084,0.014406951144337654,0.621169004391585,0.9153334427216899,2.438845634460449,1.6055374145507812,0.6583185880503575,0.36
9,sco_kcal,99,0.2171006202697754,0.028853239491581917,0.6384023176262059,0.9216030151272132,5.6041035652160645,1.203903317451477,0.21482531567117122,0.02
9,sco_kcal,100,0.32110586762428284,0.03892987594008446,0.6092430423136863,0.940814194025978,6.7413225173950195,1.0079824924468994,0.14952295930745704,0.12
9,sco_kcal,101,0.05950039625167847,0.1699913889169693,0.6038943119520559,0.9457682431081325,30.159955978393555,0.13183461129665375,0.004371180494795795,0.06
9,sco_kcal,102,0.05966755375266075,0.040004879236221313,0.6168553291532533,0.9648486120705417,6.836962699890137,0.056539252400398254,0.008269644706604408,0.04
9,sco_kcal,103,0.2758319675922394,0.025791311636567116,0.6281850815664034,0.9327787096853006,4.595125198364258,1.1526110172271729,0.2508334305314405,0.14
9,sco_kcal,104,0.28366342186927795,0.03819573298096657,0.6188878521830414,0.9241401221096033,6.650181770324707,1.2251585721969604,0.18422933605574812,0.16
9,sco_kcal,105,0.6485196352005005,0.006960026454180479,0.6827739382553581,0.9257609462620517,1.45997154712677,0.9890837669372559,0.677467837564216,0.56
9,sco_kcal,106,0.35765179991722107,0.014422241598367691,0.6345915982138417,0.937793368911954,2.802800416946411,0.4996989071369171,0.17828558327436242,0.34
9,sco_kcal,107,0.2545311748981476,0.04328734427690506,0.6351325541678334,0.9143983248646472,8.573657035827637,1.6394832134246826,0.19122332588924454,0.08
9,sco_kcal,108,0.3319542407989502,0.011218205094337463,0.6359666324681574,0.973165250030485,2.2189786434173584,0.09313788264989853,0.0419733118776036,0.3
9,sco_kcal,109,0.7598579525947571,0.011874133720993996,0.6625829012948619,0.9601506428806847,2.3771157264709473,2.2826833724975586,0.9602743976989364,0.48
9,sco_kcal,110,0.2705690860748291,0.04787236079573631,0.5932295351789028,0.8905097351664415,8.10518741607666,1.7545075416564941,0.21646723901490839,0.06
9,sco_kcal,111,0.34276145696640015,0.020178597420454025,0.6320531530908851,0.9506476748213895,3.8800241947174072,0.6699350476264954,0.17266259538757556,0.24
9,sco_kcal,112,0.14580930769443512,0.0526730976998806,0.6188956320019265,0.9115313344125828,9.36672306060791,1.4109946489334106,0.1506390911531696,0.04
9,sco_kcal,113,0.3606884181499481,0.014270687475800514,0.6428535133824156,0.9746361265770886,2.945338487625122,0.28311386704444885,0.09612269293799522,0.3
9,sco_kcal,114,0.18464764952659607,0.04165264964103699,0.6225924888147736,0.9221155866123403,7.862886905670166,1.3791629076004028,0.1754015953867843,0.04
9,sco_kcal,115,0.15246838331222534,0.01598390005528927,0.6260651200163796,0.9632778387049965,3.0968949794769287,0.18795788288116455,0.060692365781454746,0.02
9,sco_kcal,116,0.1413990706205368,0.019995469599962234,0.6266912665655995,0.9174079173519238,3.6229593753814697,0.33693021535873413,0.09299861810436612,0.04
9,sco_kcal,117,0.13897061347961426,0.043371930718421936,0.6082638963197993,0.9383553160097986,7.342190265655518,0.19373458623886108,0.026386484036662904,0.08
9,sco_kcal,118,0.1311604231595993,0.01892057992517948,0.6033673192425293,0.9726320857943245,3.3316521644592285,0.04300764575600624,0.012908804290794551,0.12
9,sco_kcal,119,0.9919641017913818,0.02151750773191452,0.6966733420069149,0.9342154328171954,4.004253387451172,28.935392379760742,7.22616417593368,0.48
9,sco_kcal,120,0.7421253323554993,0.013437633402645588,0.6552184864122272,0.8736575160440943,2.710613489151001,2.2590599060058594,0.8334127735464881,0.54
9,sco_kcal,121,0.11248908936977386,0.03233008086681366,0.646413283572876,0.9406263908389061,6.362216949462891,0.3852962851524353,0.060560067066710556,0.02
9,sco_kcal,122,0.04815470427274704,0.1787394881248474,0.6048503892963941,0.9360051264789633,31.76852798461914,1.431867003440857,0.045071871259949506,0.0
9,sco_kcal,123,0.2757735848426819,0.014845705591142178,0.6317316048317145,0.9815616804039153,2.921841859817505,0.0953352227807045,0.03262846771134254,0.3
9,sco_kcal,124,0.05455987527966499,0.1024576872587204,0.6091815174662776,0.9604810535831869,17.30695152282715,0.2058938592672348,0.011896598831727782,0.02
9,sco_kcal,125,0.09512364864349365,0.03578300029039383,0.6288005444028417,0.9696992698625906,6.79408597946167,0.2399689257144928,0.03532026624919262,0.1
9,sco_kcal,126,0.14538416266441345,0.07859672605991364,0.6164718644318896,0.9321260098781592,14.721733093261719,0.5337367057800293,0.03625501850895027,0.08
9,sco_kcal,127,0.0823320597410202,0.017163556069135666,0.6274298843618347,0.9609261370246136,3.2363595962524414,0.09064846485853195,0.02800939208470492,0.02
9,sco_kcal,128,0.11599860340356827,0.04457924887537956,0.6284177446192858,0.9669383823516351,8.41613483428955,0.11405067145824432,0.013551431114621862,0.04
9,sco_kcal,129,0.10652968287467957,0.026086172088980675,0.6455375585799255,0.9658948062751829,5.202335834503174,0.22076889872550964,0.042436495018509934,0.02
9,sco_kcal,130,0.10288501530885696,0.041365399956703186,0.6218762700469924,0.9520043372964497,7.435410499572754,0.4792726933956146,0.06445813495074067,0.04
9,sco_kcal,131,0.08556785434484482,0.07910662144422531,0.6114629367134785,0.9431857197168694,14.132047653198242,0.32575932145118713,0.02305110550469055,0.02
9,sco_kcal,132,0.30683815479278564,0.028241055086255074,0.617302418289176,0.9405457016375969,4.840717792510986,1.2210115194320679,0.25223769940091934,0.24
9,sco_kcal,133,0.6915775537490845,0.010744591243565083,0.6733264376905035,0.9107663208905508,2.2598912715911865,2.0941662788391113,0.9266668291367007,0.54
9,sco_kcal,134,0.1618221402168274,0.05143037438392639,0.634095537373973,0.9764692802414803,9.730791091918945,1.121171474456787,0.11521894405768075,0.04
9,sco_kcal,135,0.32851096987724304,0.014495880343019962,0.5967106835816323,0.960856526630173,2.489206075668335,0.5806496739387512,0.23326701618420673,0.14
9,sco_kcal,136,0.19289667904376984,0.10740558058023453,0.6095983880362181,0.9139371077721496,18.749778747558594,2.909900188446045,0.15519650805612534,0.02
9,sco_kcal,137,0.15291908383369446,0.00641667889431119,0.6342516236655249,0.9478897677916973,1.241123914718628,0.20191100239753723,0.16268399956124605,0.02
9,sco_kcal,138,0.08632534742355347,0.018727710470557213,0.6469331127991995,0.955496478544736,3.7112817764282227,0.09029830992221832,0.02433076100438873,0.1
9,sco_kcal,139,0.12680165469646454,0.02420319803059101,0.6212295215809509,0.9630854319918829,4.4395647048950195,0.151738241314888,0.034178630429146116,0.14
9,sco_kcal,140,0.11063499748706818,0.10991669446229935,0.6136180742131172,0.8902241448301869,19.489065170288086,2.1056532859802246,0.10804280593152221,0.0
9,sco_kcal,141,0.3243227005004883,0.008464825339615345,0.6283426158063812,0.9384959454142465,1.6394927501678467,0.4113070070743561,0.250874550700055,0.12
9,sco_kcal,142,0.7946605682373047,0.01174518559128046,0.6829216491323711,0.9149480400471395,2.326353073120117,2.369386672973633,1.0184983098011855,0.76
9,sco_kcal,143,0.9263395071029663,0.010552670806646347,0.6961400546846406,0.9265997126590839,2.0692057609558105,4.368741512298584,2.111313236572746,0.82
9,sco_kcal,144,0.03251037746667862,0.03768365457653999,0.6641189794811877,0.9582581960761771,7.739373683929443,0.13805913925170898,0.017838541578420523,0.04
9,sco_kcal,145,0.2704427242279053,0.020389290526509285,0.6216394676841563,0.928933565007009,3.7205700874328613,0.32608091831207275,0.0876427296487415,0.18
9,sco_kcal,146,0.13021054863929749,0.016493164002895355,0.6288861234935563,0.9622149349200859,3.033886671066284,0.14501582086086273,0.04779869407906912,0.04
9,sco_kcal,147,0.06381100416183472,0.047878410667181015,0.6027913598801855,0.9523802289978833,8.058460235595703,0.030788982287049294,0.00382070288701664,0.02
9,sco_kcal,148,0.4723798632621765,0.02154936082661152,0.6204472475455853,0.9031693441794062,3.894941568374634,1.7918628454208374,0.4600487103503802,0.32
9,sco_kcal,149,0.285629004240036,0.03712276369333267,0.6165705327689921,0.9220384876149779,6.371564865112305,0.8756213188171387,0.13742641522989582,0.12
9,sco_kcal,150,0.11863719671964645,0.021261140704154968,0.6206315537924296,0.9685445661551211,3.6699466705322266,0.08752160519361496,0.023848195369259226,0.06
9,sco_kcal,151,0.16911815106868744,0.010586079210042953,0.6397144317033769,0.9585737014367914,2.0815138816833496,0.14166423678398132,0.06805827144876664,0.14
9,sco_kcal,152,0.19499146938323975,0.027746310457587242,0.6027227593662297,0.965992937551504,5.053156852722168,0.7542073130607605,0.14925468079512794,0.04
9,sco_kcal,153,0.09609632194042206,0.008870302699506283,0.6273356747085561,0.9645825921464302,1.6730854511260986,0.10341860353946686,0.06181310313221552,0.02
9,sco_kcal,154,0.11704966425895691,0.01386940199881792,0.6380327871821194,0.9640196080808656,2.750075340270996,0.2535912096500397,0.09221245903214072,0.04
9,sco_kcal,155,0.09173587709665298,0.06094089895486832,0.6094811064400376,0.9274099667850426,10.98208999633789,0.6666365265846252,0.06070215476352162,0.02
9,sco_kcal,156,0.07001680135726929,0.10598329454660416,0.6132359846451463,0.9277849805347989,19.0869140625,0.8687723875045776,0.04551665002838002,0.02
9,sco_kcal,157,0.2883898615837097,0.02655748277902603,0.6208500682148876,0.9494265749335613,4.532349109649658,1.0709198713302612,0.23628362366222078,0.14
9,sco_kcal,158,0.18373402953147888,0.018182123079895973,0.632337196213602,0.9643111942809861,3.4542043209075928,0.4399909973144531,0.12737839352793276,0.02
9,sco_kcal,159,0.21611328423023224,0.030294053256511688,0.609003994294385,0.9486785106194675,5.461689472198486,1.0148817300796509,0.1858182775212103,0.06
9,sco_kcal,160,0.48737508058547974,0.018499646335840225,0.6227952581642144,0.9151345412532386,3.4449987411499023,1.6886751651763916,0.4901816494170127,0.28
9,sco_kcal,161,0.7199875116348267,0.010372105985879898,0.6664701110375837,0.8969603068723158,1.9383472204208374,2.027972936630249,1.046238215354395,0.64
9,sco_kcal,162,0.5838375091552734,0.01493808627128601,0.6509466366031473,0.9096006441487257,2.8487448692321777,1.7492181062698364,0.6140311563742468,0.28
9,sco_kcal,163,0.12429774552583694,0.10033620148897171,0.6242554846144657,0.9565370110469122,17.83434295654297,0.8706703782081604,0.04881987412318622,0.1
9,sco_kcal,164,0.03844368830323219,0.06297830492258072,0.6069260794081837,0.9648876492473328,11.304722785949707,0.04437948390841484,0.003925747207492141,0.02
9,sco_kcal,165,0.4525688886642456,0.016414692625403404,0.6149875647768714,0.9122453744828622,2.864673376083374,1.2250311374664307,0.42763379158475384,0.28
9,sco_kcal,166,0.09389559924602509,0.04745563119649887,0.6154356559556988,0.9459657116561002,7.909947395324707,0.17365899682044983,0.021954507171955857,0.02
9,sco_kcal,167,0.8993129730224609,0.013112989254295826,0.7160985029926656,0.9109241354272093,2.5406389236450195,4.572759628295898,1.7998463243786818,0.9
9,sco_kcal,168,0.1927667111158371,0.020924942567944527,0.6220491910251309,0.9364296215117145,3.97810435295105,0.7688155174255371,0.19326177727218544,0.08
9,sco_kcal,169,0.45386114716529846,0.011883179657161236,0.6835371737930498,0.9788016609623078,2.707334041595459,0.02944389544427395,0.010875604927909954,0.52
9,sco_kcal,170,0.053312987089157104,0.0327799916267395,0.6067761718150835,0.955218491903683,6.014511585235596,0.16713154315948486,0.02778804908610682,0.02
9,sco_kcal,171,0.08629560470581055,0.013234775513410568,0.6261389043209749,0.9511704901937283,2.5932936668395996,0.15743422508239746,0.06070821330245244,0.04
9,sco_kcal,172,0.3396070599555969,0.015643049031496048,0.629829467887173,0.9319965765468661,2.878772497177124,0.8964769244194031,0.3114094376330444,0.22
9,sco_kcal,173,0.20514097809791565,0.03368321806192398,0.6286122789408872,0.9051031800096601,6.259896755218506,0.7460158467292786,0.11917382600717324,0.08
9,sco_kcal,174,0.39553168416023254,0.029809853062033653,0.6217075924978488,0.9277728145668036,5.3262739181518555,1.888062596321106,0.35448094208722897,0.14
9,sco_kcal,175,0.2687737047672272,0.0138282161206007,0.6395173354785328,0.9505028079434643,2.7545230388641357,0.2828243672847748,0.10267634842560662,0.04
9,sco_kcal,176,0.6608422994613647,0.015333788469433784,0.6569358041886644,0.8742767107538596,3.157076835632324,2.1836209297180176,0.6916591022025806,0.42
9,sco_kcal,177,0.6893461346626282,0.0053718844428658485,0.6596787642313378,0.9353910464413251,1.0241631269454956,0.8494172096252441,0.8293768710054807,0.58
9,sco_kcal,178,0.19358062744140625,0.03169983997941017,0.6081776158557852,0.9349854270584481,5.578346252441406,0.3055118918418884,0.05476746656021555,0.18
9,sco_kcal,179,0.1746891736984253,0.013430663384497166,0.6401466104590994,0.9596174705464031,2.7039670944213867,0.05475856736302376,0.020251195909890083,0.18
9,sco_kcal,180,0.06569337844848633,0.06509674340486526,0.6056021453196954,0.9506945052293851,11.434043884277344,0.3503650724887848,0.03064227110152714,0.02
9,sco_kcal,181,0.4811522662639618,0.01933067850768566,0.6272540902763128,0.9090994926023721,3.5798165798187256,1.8066174983978271,0.5046676158165931,0.28
9,sco_kcal,182,0.1797342300415039,0.01024012453854084,0.627992352577516,0.9500630384370885,1.9652233123779297,0.2195911705493927,0.11173853330881076,0.06
9,sco_kcal,183,0.0782964751124382,0.06684257090091705,0.603819524204871,0.959529276787308,10.93062686920166,0.1683545559644699,0.01540209523013075,0.06
9,sco_kcal,184,0.09512730687856674,0.04953331872820854,0.5827730205746022,0.9453556321889733,7.894202709197998,0.2904200255870819,0.036789025603395836,0.08
9,sco_kcal,185,0.1699351966381073,0.028089098632335663,0.6277514970626012,0.9698286809443017,5.3158369064331055,0.17961782217025757,0.03378918979867274,0.2
9,sco_kcal,186,0.4076649248600006,0.00500915665179491,0.6381100239722406,0.9597577717931509,0.9609992504119873,0.40906980633735657,0.4256713063636474,0.24
9,sco_kcal,187,0.16298075020313263,0.011011525988578796,0.6172496127192322,0.9586687201564237,2.0110723972320557,0.21823503077030182,0.10851674513094114,0.08
9,sco_kcal,188,0.07801870256662369,0.10614022612571716,0.620176679967055,0.9397371776006702,18.27987289428711,0.8874548673629761,0.0485481968334871,0.02
9,sco_kcal,189,0.1382567435503006,0.02272981032729149,0.6316522717164124,0.9362013806461731,4.341503620147705,0.464226633310318,0.10692761631154053,0.04
9,sco_kcal,190,0.2948697507381439,0.0331588052213192,0.6252819100576279,0.9369648414606573,5.890537738800049,0.9719368815422058,0.16499968672472973,0.14
9,sco_kcal,191,0.1517513394355774,0.02429301105439663,0.6296061289688066,0.9664444985962846,4.635214805603027,0.16863486170768738,0.03638123987346655,0.14
9,sco_kcal,192,0.08728054910898209,0.04728522151708603,0.6076553259654855,0.9687828455343823,7.891514778137207,0.035256609320640564,0.00446766055844134,0.02
9,sco_kcal,193,0.3175618052482605,0.02968793362379074,0.6171217638459998,0.9736766174998603,5.589683532714844,0.05742247775197029,0.01027293896262511,0.12
9,sco_kcal,194,0.910858154296875,0.0048141563311219215,0.703457104318068,0.9475369133458484,0.9535230398178101,1.832517147064209,1.921838351608524,0.66
9,sco_kcal,195,0.5045068860054016,0.017722265794873238,0.6459029279710375,0.9331526360315747,3.4113259315490723,1.8182300329208374,0.5329980392976361,0.3
9,sco_kcal,196,0.11742982268333435,0.05151146650314331,0.6094677809553062,0.9346922980444097,9.220869064331055,0.399636447429657,0.04334043186618542,0.04
9,sco_kcal,197,0.41389089822769165,0.04046136140823364,0.6070904099111201,0.9157897965803783,7.013777256011963,2.9619266986846924,0.42230122094992867,0.3
9,sco_kcal,198,0.33497926592826843,0.0267974603921175,0.6327131522093701,0.9101447699467526,5.118114948272705,1.9125710725784302,0.37368661937221576,0.14
9,sco_kcal,199,0.4230988621711731,0.016833361238241196,0.6372551642012458,0.9252597261417581,3.30924916267395,1.139265537261963,0.344267077291155,0.16
9,sco_kcal,200,0.09382849186658859,0.021272767335176468,0.6288609084487511,0.9565087353442772,4.027979373931885,0.25360673666000366,0.06296127986684479,0.04
9,sco_kcal,201,0.11974278092384338,0.15418928861618042,0.605177244657142,0.9126916240375529,27.174034118652344,1.953438639640808,0.0718862216449475,0.04
9,sco_kcal,202,0.34298908710479736,0.05138981714844704,0.6120851450123257,0.9222695996496906,8.659191131591797,1.8211166858673096,0.21031025394776548,0.14
9,sco_kcal,203,0.17972782254219055,0.010788907296955585,0.6259915292236993,0.9567549397525397,2.0310328006744385,0.12953932583332062,0.06378002649209058,0.14
9,sco_kcal,204,0.5263723134994507,0.017678452655673027,0.6505640634770198,0.9571785581251209,3.627849578857422,0.7359368205070496,0.2028575894645638,0.4
9,sco_kcal,205,0.8712819218635559,0.017007607966661453,0.6970759008231924,0.9122923401467624,3.3487768173217773,5.177703380584717,1.546147642268273,0.7
9,sco_kcal,206,0.06577859818935394,0.015750952064990997,0.6326980708385297,0.9791416590717352,3.0024948120117188,0.08886653929948807,0.02959756631184521,0.02
9,sco_kcal,207,0.8522757887840271,0.009693920612335205,0.6875175984051418,0.9062707450820746,2.042025566101074,2.4554452896118164,1.2024557039704953,0.8
9,sco_kcal,208,0.45482489466667175,0.00806022435426712,0.6420472880989421,0.9554025946078162,1.5839258432388306,0.6182295083999634,0.39031467984372314,0.36
9,sco_kcal,209,0.1571343094110489,0.019967999309301376,0.6295720276685548,0.9539384707079424,3.6390774250030518,0.10499823093414307,0.028852980761753102,0.04
9,sco_kcal,210,0.14728720486164093,0.01314858254045248,0.6217575434699454,0.9656746680813726,2.3720450401306152,0.21657346189022064,0.09130242395325476,0.06
9,sco_kcal,211,0.40144822001457214,0.016089627519249916,0.6353933483528498,0.9551589882499933,2.9860236644744873,0.7414934635162354,0.24832136206352917,0.26
9,sco_kcal,212,0.7139052748680115,0.010365058667957783,0.6733685855900111,0.9221468042855712,1.9858038425445557,1.8735929727554321,0.9434934773591034,0.52
9,sco_kcal,213,0.17388994991779327,0.016222553327679634,0.6290412535033971,0.9430244099976444,3.0246214866638184,0.33659398555755615,0.11128466389651355,0.06
9,sco_kcal,214,0.6370798349380493,0.018877750262618065,0.6502079051848602,0.9767245945294505,3.66599178314209,2.565171241760254,0.6997209468815743,0.54
9,sco_kcal,215,0.2873085141181946,0.01697441004216671,0.6636899085873229,0.9583266782547404,3.6661603450775146,0.45026689767837524,0.12281702252410762,0.28
9,sco_kcal,216,0.2796172797679901,0.008777777664363384,0.6322411605112053,0.9655591645195576,1.7378605604171753,0.14669831097126007,0.08441316542452922,0.2
9,sco_kcal,217,0.3541267514228821,0.026529459282755852,0.6238655773434181,0.9404816165550955,4.6661529541015625,1.173113465309143,0.2514091322870102,0.12
9,sco_kcal,218,0.1417987048625946,0.07486467063426971,0.6231467072265928,0.9134927904269616,13.881789207458496,2.5941593647003174,0.18687500047231023,0.04
9,sco_kcal,219,0.12200906127691269,0.014641091227531433,0.6319915184312466,0.9636555341220574,2.8673624992370605,0.15565314888954163,0.05428443349278557,0.02
9,sco_kcal,220,0.5888513326644897,0.016981234773993492,0.6471596852717392,0.9254878263338713,3.1969363689422607,1.9718598127365112,0.6167967032102429,0.34
9,sco_kcal,221,0.09461602568626404,0.03421735763549805,0.6137444882213279,0.9414649249277474,5.724557876586914,0.12442667037248611,0.021735594792636034,0.04
9,sco_kcal,222,0.09116023033857346,0.04430752620100975,0.587152919539355,0.9554993847737461,7.053891181945801,0.23998184502124786,0.03402120033202006,0.06
9,sco_kcal,223,0.45320260524749756,0.03416989743709564,0.620740764921166,0.9131351463135748,5.844352722167969,2.417680263519287,0.41367802021067035,0.3
9,sco_kcal,224,0.048037249594926834,0.05893777310848236,0.6101003995027785,0.9637092317115408,9.910950660705566,0.015280244871973991,0.0015417537020496258,0.02
9,sco_kcal,225,0.7069296836853027,0.013787874951958656,0.6647047953921923,0.8966833090433022,2.7420923709869385,2.3368947505950928,0.8522304993518485,0.64
9,sco_kcal,226,0.8122948408126831,0.009915636852383614,0.6680981826189747,0.9261075191338173,1.8353945016860962,2.231757164001465,1.215955023266795,0.78
9,sco_kcal,227,0.2754395008087158,0.002557588741183281,0.6345651701473922,0.9672071756660567,0.456944078207016,0.1526532918214798,0.3340743410451225,0.24
9,sco_kcal,228,0.1186208575963974,0.026428762823343277,0.614191031020805,0.9613425264083717,4.616819381713867,0.15104007720947266,0.03271518002365585,0.06
9,sco_kcal,229,0.12722958624362946,0.09645432978868484,0.5947295727542863,0.9109964657421004,16.292070388793945,1.2093735933303833,0.07423081072386097,0.04
9,sco_kcal,230,0.093889020383358,0.023154016584157944,0.6040045663430798,0.9627671581119643,3.8528330326080322,0.049872126430273056,0.012944273994794416,0.06
9,sco_kcal,231,0.28563013672828674,0.019767960533499718,0.6285717193759499,0.9484630504412002,3.585360288619995,0.8344794511795044,0.23274633063465303,0.16
9,sco_kcal,232,0.11092925816774368,0.02741624042391777,0.60742776468485,0.9662959120415058,4.705053806304932,0.08270607143640518,0.01757813509498579,0.02
9,sco_kcal,233,0.13100895285606384,0.027198197320103645,0.61760669297434,0.9580181826338001,4.763530731201172,0.2791709005832672,0.058605877937281926,0.08
9,sco_kcal,234,0.012996743433177471,0.08934539556503296,0.6416853067532069,0.961410278465924,17.234560012817383,0.16686749458312988,0.009682144160282022,0.04
9,sco_kcal,235,0.027256404981017113,0.11222639679908752,0.6195037725969099,0.9479719440448167,20.507747650146484,0.2909572124481201,0.014187672747477066,0.02
9,sco_kcal,236,0.18368683755397797,0.06921105086803436,0.630514367813348,0.915653108803425,12.694375991821289,2.1147944927215576,0.1665930246657318,0.04
9,sco_kcal,237,0.3617323637008667,0.01989606022834778,0.63929167000859,0.9722784112942122,3.781933069229126,1.210078239440918,0.31996289127548444,0.22
9,sco_kcal,238,0.11594514548778534,0.019192064180970192,0.6304240391867524,0.9613913668436096,3.6722025871276855,0.18058565258979797,0.04917638618926196,0.06
9,sco_kcal,239,0.4519121050834656,0.028322461992502213,0.6452729729382987,0.9476824988976094,5.415658950805664,2.471050500869751,0.4562788246667829,0.2
9,sco_kcal,240,0.12543094158172607,0.0070394594222307205,0.6301102058051946,0.9645477533040683,1.3717809915542603,0.09736001491546631,0.07097343928432417,0.02
9,sco_kcal,241,0.32462358474731445,0.029444469138979912,0.6378910389862982,0.921384215568521,5.438846588134766,1.7717320919036865,0.3257551142863355,0.2
9,sco_kcal,242,0.055695999413728714,0.07047824561595917,0.6150344403954917,0.9700960581388516,11.449049949645996,0.11183744668960571,0.009768273104011021,0.02
9,sco_kcal,243,0.6887644529342651,0.01038774847984314,0.6482576990397113,0.9003653805616947,1.9327276945114136,1.644781231880188,0.8510155034002256,0.5
9,sco_kcal,244,0.4565483629703522,0.03480345010757446,0.6262392641638477,0.92211045046712,6.190826416015625,2.575540065765381,0.4160252432700223,0.24
9,sco_kcal,245,0.14079225063323975,0.08304735273122787,0.6008923091952088,0.8847651203318869,13.835967063903809,1.8424783945083618,0.13316585577275203,0.06
9,sco_kcal,246,0.0756855458021164,0.025305649265646935,0.6331071460112172,0.97092656304856,4.794768810272217,0.2093830406665802,0.043669058707898945,0.04
9,sco_kcal,247,0.08582481741905212,0.04079364612698555,0.6261387712852091,0.949428466113974,7.592050075531006,0.2648701071739197,0.03488782404473195,0.08
9,sco_kcal,248,0.10389432311058044,0.014512467198073864,0.6308135849577148,0.9680609812563734,2.7799975872039795,0.21473637223243713,0.07724336640464899,0.02
9,sco_kcal,249,0.44161367416381836,0.031653616577386856,0.6154929329828411,0.9095097848987639,5.482760906219482,2.0476882457733154,0.37347757467418985,0.24
9,water_gsolv_eV,0,1.0,0.0,0.6515087230308012,0.6515087230308012,,,,1.0
9,water_gsolv_eV,1,1.0,0.0,0.6515087230308012,0.6515087230308012,,,,1.0
9,water_gsolv_eV,2,1.0,0.0,0.6515087230308012,0.6515087230308012,,,,1.0
9,water_gsolv_eV,3,1.0,0.0,0.6515087230308012,0.6515087230308012,,,,1.0
9,water_gsolv_eV,4,1.0,0.0,0.6515087230308012,0.6515087230308012,,,,1.0
9,water_gsolv_eV,5,1.0,0.0,0.6515087230308012,0.6515087230308012,,,,1.0
9,water_gsolv_eV,6,1.0,0.0,0.6515087230308012,0.6515087230308012,,,,1.0
9,water_gsolv_eV,7,1.0,0.0,0.6515087230308012,0.6515087230308012,,,,1.0
9,water_gsolv_eV,8,1.0,0.0,0.6515087230308012,0.6515087230308012,,,,1.0
9,water_gsolv_eV,9,1.0,0.0,0.6515087230308012,0.6515087230308012,,,,1.0
9,water_gsolv_eV,10,1.0,0.0,0.6515087230308012,0.6515087230308012,,,,1.0
9,water_gsolv_eV,11,1.0,0.0,0.6515087230308012,0.6515087230308012,,,,1.0
9,water_gsolv_eV,12,1.0,0.0,0.6515087230308012,0.6515087230308012,,,,1.0
9,water_gsolv_eV,13,1.0,0.0,0.6515087230308012,0.6515087230308012,,,,1.0
9,water_gsolv_eV,14,1.0,0.0,0.6515087230308012,0.6515087230308012,,,,1.0
9,water_gsolv_eV,15,1.0,0.0,0.6515087230308012,0.6515087230308012,,,,1.0
9,water_gsolv_eV,16,1.0,0.0,0.6515087230308012,0.6515087230308012,,,,1.0
9,water_gsolv_eV,17,1.0,0.0,0.6515087230308012,0.6515087230308012,,,,1.0
9,water_gsolv_eV,18,1.0,0.0,0.6515087230308012,0.6515087230308012,,,,1.0
9,water_gsolv_eV,19,1.0,0.0,0.6515087230308012,0.6515087230308012,,,,1.0
9,water_gsolv_eV,20,1.0,0.0,0.6515087230308012,0.6515087230308012,,,,1.0
9,water_gsolv_eV,21,1.0,0.0,0.6515087230308012,0.6515087230308012,,,,1.0
9,water_gsolv_eV,22,1.0,0.0,0.6515087230308012,0.6515087230308012,,,,1.0
9,water_gsolv_eV,23,1.0,0.0,0.6515087230308012,0.6515087230308012,,,,1.0
9,water_gsolv_eV,24,1.0,0.0,0.6515087230308012,0.6515087230308012,,,,1.0
9,water_gsolv_eV,25,1.0,0.0,0.6515087230308012,0.6515087230308012,,,,1.0
9,water_gsolv_eV,26,1.0,0.0,0.6515087230308012,0.6515087230308012,,,,1.0
9,water_gsolv_eV,27,1.0,0.0,0.6515087230308012,0.6515087230308012,,,,1.0
9,water_gsolv_eV,28,1.0,0.0,0.6515087230308012,0.6515087230308012,,,,1.0
9,water_gsolv_eV,29,1.0,0.0,0.6515087230308012,0.6515087230308012,,,,1.0
9,water_gsolv_eV,30,1.0,0.0,0.6515087230308012,0.6515087230308012,,,,1.0
9,water_gsolv_eV,31,1.0,0.0,0.6515087230308012,0.6515087230308012,,,,1.0
9,water_gsolv_eV,32,1.0,0.0,0.6515087230308012,0.6515087230308012,,,,1.0
9,water_gsolv_eV,33,1.0,0.0,0.6515087230308012,0.6515087230308012,,,,1.0
9,water_gsolv_eV,34,1.0,0.0,0.6515087230308012,0.6515087230308012,,,,1.0
9,water_gsolv_eV,35,1.0,0.0,0.6515087230308012,0.6515087230308012,,,,1.0
9,water_gsolv_eV,36,1.0,0.0,0.6515087230308012,0.6515087230308012,,,,1.0
9,water_gsolv_eV,37,1.0,0.0,0.6515087230308012,0.6515087230308012,,,,1.0
9,water_gsolv_eV,38,1.0,0.0,0.6515087230308012,0.6515087230308012,,,,1.0
9,water_gsolv_eV,39,1.0,0.0,0.6515087230308012,0.6515087230308012,,,,1.0
9,water_gsolv_eV,40,1.0,0.0,0.6515087230308012,0.6515087230308012,,,,1.0
9,water_gsolv_eV,41,1.0,0.0,0.6515087230308012,0.6515087230308012,,,,1.0
9,water_gsolv_eV,42,1.0,0.0,0.6515087230308012,0.6515087230308012,,,,1.0
9,water_gsolv_eV,43,1.0,0.0,0.6515087230308012,0.6515087230308012,,,,1.0
9,water_gsolv_eV,44,1.0,0.0,0.6515087230308012,0.6515087230308012,,,,1.0
9,water_gsolv_eV,45,1.0,0.0,0.6515087230308012,0.6515087230308012,,,,1.0
9,water_gsolv_eV,46,1.0,0.0,0.6515087230308012,0.6515087230308012,,,,1.0
9,water_gsolv_eV,47,1.0,0.0,0.6515087230308012,0.6515087230308012,,,,1.0
9,water_gsolv_eV,48,1.0,0.0,0.6515087230308012,0.6515087230308012,,,,1.0
9,water_gsolv_eV,49,1.0,0.0,0.6515087230308012,0.6515087230308012,,,,1.0
9,water_gsolv_eV,50,1.0,0.0,0.6515087230308012,0.6515087230308012,,,,1.0
9,water_gsolv_eV,51,1.0,0.0,0.6515087230308012,0.6515087230308012,,,,1.0
9,water_gsolv_eV,52,1.0,0.0,0.6515087230308012,0.6515087230308012,,,,1.0
9,water_gsolv_eV,53,1.0,0.0,0.6515087230308012,0.6515087230308012,,,,1.0
9,water_gsolv_eV,54,1.0,0.0,0.6515087230308012,0.6515087230308012,,,,1.0
9,water_gsolv_eV,55,1.0,0.0,0.6515087230308012,0.6515087230308012,,,,1.0
9,water_gsolv_eV,56,1.0,0.0,0.6515087230308012,0.6515087230308012,,,,1.0
9,water_gsolv_eV,57,1.0,0.0,0.6515087230308012,0.6515087230308012,,,,1.0
9,water_gsolv_eV,58,1.0,0.0,0.6515087230308012,0.6515087230308012,,,,1.0
9,water_gsolv_eV,59,1.0,0.0,0.6515087230308012,0.6515087230308012,,,,1.0
9,water_gsolv_eV,60,1.0,0.0,0.6515087230308012,0.6515087230308012,,,,1.0
9,water_gsolv_eV,61,1.0,0.0,0.6515087230308012,0.6515087230308012,,,,1.0
9,water_gsolv_eV,62,1.0,0.0,0.6515087230308012,0.6515087230308012,,,,1.0
9,water_gsolv_eV,63,1.0,0.0,0.6515087230308012,0.6515087230308012,,,,1.0
9,water_gsolv_eV,64,1.0,0.0,0.6515087230308012,0.6515087230308012,,,,1.0
9,water_gsolv_eV,65,1.0,0.0,0.6515087230308012,0.6515087230308012,,,,1.0
9,water_gsolv_eV,66,1.0,0.0,0.6515087230308012,0.6515087230308012,,,,1.0
9,water_gsolv_eV,67,1.0,0.0,0.6515087230308012,0.6515087230308012,,,,1.0
9,water_gsolv_eV,68,1.0,0.0,0.6515087230308012,0.6515087230308012,,,,1.0
9,water_gsolv_eV,69,1.0,0.0,0.6515087230308012,0.6515087230308012,,,,1.0
9,water_gsolv_eV,70,1.0,0.0,0.6515087230308012,0.6515087230308012,,,,1.0
9,water_gsolv_eV,71,1.0,0.0,0.6515087230308012,0.6515087230308012,,,,1.0
9,water_gsolv_eV,72,1.0,0.0,0.6515087230308012,0.6515087230308012,,,,1.0
9,water_gsolv_eV,73,1.0,0.0,0.6515087230308012,0.6515087230308012,,,,1.0
9,water_gsolv_eV,74,1.0,0.0,0.6515087230308012,0.6515087230308012,,,,1.0
9,water_gsolv_eV,75,1.0,0.0,0.6515087230308012,0.6515087230308012,,,,1.0
9,water_gsolv_eV,76,1.0,0.0,0.6515087230308012,0.6515087230308012,,,,1.0
9,water_gsolv_eV,77,1.0,0.0,0.6515087230308012,0.6515087230308012,,,,1.0
9,water_gsolv_eV,78,1.0,0.0,0.6515087230308012,0.6515087230308012,,,,1.0
9,water_gsolv_eV,79,1.0,0.0,0.6515087230308012,0.6515087230308012,,,,1.0
9,water_gsolv_eV,80,1.0,0.0,0.6515087230308012,0.6515087230308012,,,,1.0
9,water_gsolv_eV,81,1.0,0.0,0.6515087230308012,0.6515087230308012,,,,1.0
9,water_gsolv_eV,82,1.0,0.0,0.6515087230308012,0.6515087230308012,,,,1.0
9,water_gsolv_eV,83,1.0,0.0,0.6515087230308012,0.6515087230308012,,,,1.0
9,water_gsolv_eV,84,1.0,0.0,0.6515087230308012,0.6515087230308012,,,,1.0
9,water_gsolv_eV,85,1.0,0.0,0.6515087230308012,0.6515087230308012,,,,1.0
9,water_gsolv_eV,86,1.0,0.0,0.6515087230308012,0.6515087230308012,,,,1.0
9,water_gsolv_eV,87,1.0,0.0,0.6515087230308012,0.6515087230308012,,,,1.0
9,water_gsolv_eV,88,1.0,0.0,0.6515087230308012,0.6515087230308012,,,,1.0
9,water_gsolv_eV,89,1.0,0.0,0.6515087230308012,0.6515087230308012,,,,1.0
9,water_gsolv_eV,90,1.0,0.0,0.6515087230308012,0.6515087230308012,,,,1.0
9,water_gsolv_eV,91,1.0,0.0,0.6515087230308012,0.6515087230308012,,,,1.0
9,water_gsolv_eV,92,1.0,0.0,0.6515087230308012,0.6515087230308012,,,,1.0
9,water_gsolv_eV,93,1.0,0.0,0.6515087230308012,0.6515087230308012,,,,1.0
9,water_gsolv_eV,94,1.0,0.0,0.6515087230308012,0.6515087230308012,,,,1.0
9,water_gsolv_eV,95,1.0,0.0,0.6515087230308012,0.6515087230308012,,,,1.0
9,water_gsolv_eV,96,1.0,0.0,0.6515087230308012,0.6515087230308012,,,,1.0
9,water_gsolv_eV,97,1.0,0.0,0.6515087230308012,0.6515087230308012,,,,1.0
9,water_gsolv_eV,98,1.0,0.0,0.6515087230308012,0.6515087230308012,,,,1.0
9,water_gsolv_eV,99,1.0,0.0,0.6515087230308012,0.6515087230308012,,,,1.0
9,water_gsolv_eV,100,1.0,0.0,0.6515087230308012,0.6515087230308012,,,,1.0
9,water_gsolv_eV,101,1.0,0.0,0.6515087230308012,0.6515087230308012,,,,1.0
9,water_gsolv_eV,102,1.0,0.0,0.6515087230308012,0.6515087230308012,,,,1.0
9,water_gsolv_eV,103,1.0,0.0,0.6515087230308012,0.6515087230308012,,,,1.0
9,water_gsolv_eV,104,1.0,0.0,0.6515087230308012,0.6515087230308012,,,,1.0
9,water_gsolv_eV,105,1.0,0.0,0.6515087230308012,0.6515087230308012,,,,1.0
9,water_gsolv_eV,106,1.0,0.0,0.6515087230308012,0.6515087230308012,,,,1.0
9,water_gsolv_eV,107,1.0,0.0,0.6515087230308012,0.6515087230308012,,,,1.0
9,water_gsolv_eV,108,1.0,0.0,0.6515087230308012,0.6515087230308012,,,,1.0
9,water_gsolv_eV,109,1.0,0.0,0.6515087230308012,0.6515087230308012,,,,1.0
9,water_gsolv_eV,110,1.0,0.0,0.6515087230308012,0.6515087230308012,,,,1.0
9,water_gsolv_eV,111,1.0,0.0,0.6515087230308012,0.6515087230308012,,,,1.0
9,water_gsolv_eV,112,1.0,0.0,0.6515087230308012,0.6515087230308012,,,,1.0
9,water_gsolv_eV,113,1.0,0.0,0.6515087230308012,0.6515087230308012,,,,1.0
9,water_gsolv_eV,114,1.0,0.0,0.6515087230308012,0.6515087230308012,,,,1.0
9,water_gsolv_eV,115,1.0,0.0,0.6515087230308012,0.6515087230308012,,,,1.0
9,water_gsolv_eV,116,1.0,0.0,0.6515087230308012,0.6515087230308012,,,,1.0
9,water_gsolv_eV,117,1.0,0.0,0.6515087230308012,0.6515087230308012,,,,1.0
9,water_gsolv_eV,118,1.0,0.0,0.6515087230308012,0.6515087230308012,,,,1.0
9,water_gsolv_eV,119,1.0,0.0,0.6515087230308012,0.6515087230308012,,,,1.0
9,water_gsolv_eV,120,1.0,0.0,0.6515087230308012,0.6515087230308012,,,,1.0
9,water_gsolv_eV,121,1.0,0.0,0.6515087230308012,0.6515087230308012,,,,1.0
9,water_gsolv_eV,122,1.0,0.0,0.6515087230308012,0.6515087230308012,,,,1.0
9,water_gsolv_eV,123,1.0,0.0,0.6515087230308012,0.6515087230308012,,,,1.0
9,water_gsolv_eV,124,1.0,0.0,0.6515087230308012,0.6515087230308012,,,,1.0
9,water_gsolv_eV,125,1.0,0.0,0.6515087230308012,0.6515087230308012,,,,1.0
9,water_gsolv_eV,126,1.0,0.0,0.6515087230308012,0.6515087230308012,,,,1.0
9,water_gsolv_eV,127,1.0,0.0,0.6515087230308012,0.6515087230308012,,,,1.0
9,water_gsolv_eV,128,1.0,0.0,0.6515087230308012,0.6515087230308012,,,,1.0
9,water_gsolv_eV,129,1.0,0.0,0.6515087230308012,0.6515087230308012,,,,1.0
9,water_gsolv_eV,130,1.0,0.0,0.6515087230308012,0.6515087230308012,,,,1.0
9,water_gsolv_eV,131,1.0,0.0,0.6515087230308012,0.6515087230308012,,,,1.0
9,water_gsolv_eV,132,1.0,0.0,0.6515087230308012,0.6515087230308012,,,,1.0
9,water_gsolv_eV,133,1.0,0.0,0.6515087230308012,0.6515087230308012,,,,1.0
9,water_gsolv_eV,134,1.0,0.0,0.6515087230308012,0.6515087230308012,,,,1.0
9,water_gsolv_eV,135,1.0,0.0,0.6515087230308012,0.6515087230308012,,,,1.0
9,water_gsolv_eV,136,1.0,0.0,0.6515087230308012,0.6515087230308012,,,,1.0
9,water_gsolv_eV,137,1.0,0.0,0.6515087230308012,0.6515087230308012,,,,1.0
9,water_gsolv_eV,138,1.0,0.0,0.6515087230308012,0.6515087230308012,,,,1.0
9,water_gsolv_eV,139,1.0,0.0,0.6515087230308012,0.6515087230308012,,,,1.0
9,water_gsolv_eV,140,1.0,0.0,0.6515087230308012,0.6515087230308012,,,,1.0
9,water_gsolv_eV,141,1.0,0.0,0.6515087230308012,0.6515087230308012,,,,1.0
9,water_gsolv_eV,142,1.0,0.0,0.6515087230308012,0.6515087230308012,,,,1.0
9,water_gsolv_eV,143,1.0,0.0,0.6515087230308012,0.6515087230308012,,,,1.0
9,water_gsolv_eV,144,1.0,0.0,0.6515087230308012,0.6515087230308012,,,,1.0
9,water_gsolv_eV,145,1.0,0.0,0.6515087230308012,0.6515087230308012,,,,1.0
9,water_gsolv_eV,146,1.0,0.0,0.6515087230308012,0.6515087230308012,,,,1.0
9,water_gsolv_eV,147,1.0,0.0,0.6515087230308012,0.6515087230308012,,,,1.0
9,water_gsolv_eV,148,1.0,0.0,0.6515087230308012,0.6515087230308012,,,,1.0
9,water_gsolv_eV,149,1.0,0.0,0.6515087230308012,0.6515087230308012,,,,1.0
9,water_gsolv_eV,150,1.0,0.0,0.6515087230308012,0.6515087230308012,,,,1.0
9,water_gsolv_eV,151,1.0,0.0,0.6515087230308012,0.6515087230308012,,,,1.0
9,water_gsolv_eV,152,1.0,0.0,0.6515087230308012,0.6515087230308012,,,,1.0
9,water_gsolv_eV,153,1.0,0.0,0.6515087230308012,0.6515087230308012,,,,1.0
9,water_gsolv_eV,154,1.0,0.0,0.6515087230308012,0.6515087230308012,,,,1.0
9,water_gsolv_eV,155,1.0,0.0,0.6515087230308012,0.6515087230308012,,,,1.0
9,water_gsolv_eV,156,1.0,0.0,0.6515087230308012,0.6515087230308012,,,,1.0
9,water_gsolv_eV,157,1.0,0.0,0.6515087230308012,0.6515087230308012,,,,1.0
9,water_gsolv_eV,158,1.0,0.0,0.6515087230308012,0.6515087230308012,,,,1.0
9,water_gsolv_eV,159,1.0,0.0,0.6515087230308012,0.6515087230308012,,,,1.0
9,water_gsolv_eV,160,1.0,0.0,0.6515087230308012,0.6515087230308012,,,,1.0
9,water_gsolv_eV,161,1.0,0.0,0.6515087230308012,0.6515087230308012,,,,1.0
9,water_gsolv_eV,162,1.0,0.0,0.6515087230308012,0.6515087230308012,,,,1.0
9,water_gsolv_eV,163,1.0,0.0,0.6515087230308012,0.6515087230308012,,,,1.0
9,water_gsolv_eV,164,1.0,0.0,0.6515087230308012,0.6515087230308012,,,,1.0
9,water_gsolv_eV,165,1.0,0.0,0.6515087230308012,0.6515087230308012,,,,1.0
9,water_gsolv_eV,166,1.0,0.0,0.6515087230308012,0.6515087230308012,,,,1.0
9,water_gsolv_eV,167,1.0,0.0,0.6515087230308012,0.6515087230308012,,,,1.0
9,water_gsolv_eV,168,1.0,0.0,0.6515087230308012,0.6515087230308012,,,,1.0
9,water_gsolv_eV,169,1.0,0.0,0.6515087230308012,0.6515087230308012,,,,1.0
9,water_gsolv_eV,170,1.0,0.0,0.6515087230308012,0.6515087230308012,,,,1.0
9,water_gsolv_eV,171,1.0,0.0,0.6515087230308012,0.6515087230308012,,,,1.0
9,water_gsolv_eV,172,1.0,0.0,0.6515087230308012,0.6515087230308012,,,,1.0
9,water_gsolv_eV,173,1.0,0.0,0.6515087230308012,0.6515087230308012,,,,1.0
9,water_gsolv_eV,174,1.0,0.0,0.6515087230308012,0.6515087230308012,,,,1.0
9,water_gsolv_eV,175,1.0,0.0,0.6515087230308012,0.6515087230308012,,,,1.0
9,water_gsolv_eV,176,1.0,0.0,0.6515087230308012,0.6515087230308012,,,,1.0
9,water_gsolv_eV,177,1.0,0.0,0.6515087230308012,0.6515087230308012,,,,1.0
9,water_gsolv_eV,178,1.0,0.0,0.6515087230308012,0.6515087230308012,,,,1.0
9,water_gsolv_eV,179,1.0,0.0,0.6515087230308012,0.6515087230308012,,,,1.0
9,water_gsolv_eV,180,1.0,0.0,0.6515087230308012,0.6515087230308012,,,,1.0
9,water_gsolv_eV,181,1.0,0.0,0.6515087230308012,0.6515087230308012,,,,1.0
9,water_gsolv_eV,182,1.0,0.0,0.6515087230308012,0.6515087230308012,,,,1.0
9,water_gsolv_eV,183,1.0,0.0,0.6515087230308012,0.6515087230308012,,,,1.0
9,water_gsolv_eV,184,1.0,0.0,0.6515087230308012,0.6515087230308012,,,,1.0
9,water_gsolv_eV,185,1.0,0.0,0.6515087230308012,0.6515087230308012,,,,1.0
9,water_gsolv_eV,186,1.0,0.0,0.6515087230308012,0.6515087230308012,,,,1.0
9,water_gsolv_eV,187,1.0,0.0,0.6515087230308012,0.6515087230308012,,,,1.0
9,water_gsolv_eV,188,1.0,0.0,0.6515087230308012,0.6515087230308012,,,,1.0
9,water_gsolv_eV,189,1.0,0.0,0.6515087230308012,0.6515087230308012,,,,1.0
9,water_gsolv_eV,190,1.0,0.0,0.6515087230308012,0.6515087230308012,,,,1.0
9,water_gsolv_eV,191,1.0,0.0,0.6515087230308012,0.6515087230308012,,,,1.0
9,water_gsolv_eV,192,1.0,0.0,0.6515087230308012,0.6515087230308012,,,,1.0
9,water_gsolv_eV,193,1.0,0.0,0.6515087230308012,0.6515087230308012,,,,1.0
9,water_gsolv_eV,194,1.0,0.0,0.6515087230308012,0.6515087230308012,,,,1.0
9,water_gsolv_eV,195,1.0,0.0,0.6515087230308012,0.6515087230308012,,,,1.0
9,water_gsolv_eV,196,1.0,0.0,0.6515087230308012,0.6515087230308012,,,,1.0
9,water_gsolv_eV,197,1.0,0.0,0.6515087230308012,0.6515087230308012,,,,1.0
9,water_gsolv_eV,198,1.0,0.0,0.6515087230308012,0.6515087230308012,,,,1.0
9,water_gsolv_eV,199,1.0,0.0,0.6515087230308012,0.6515087230308012,,,,1.0
9,water_gsolv_eV,200,1.0,0.0,0.6515087230308012,0.6515087230308012,,,,1.0
9,water_gsolv_eV,201,1.0,0.0,0.6515087230308012,0.6515087230308012,,,,1.0
9,water_gsolv_eV,202,1.0,0.0,0.6515087230308012,0.6515087230308012,,,,1.0
9,water_gsolv_eV,203,1.0,0.0,0.6515087230308012,0.6515087230308012,,,,1.0
9,water_gsolv_eV,204,1.0,0.0,0.6515087230308012,0.6515087230308012,,,,1.0
9,water_gsolv_eV,205,1.0,0.0,0.6515087230308012,0.6515087230308012,,,,1.0
9,water_gsolv_eV,206,1.0,0.0,0.6515087230308012,0.6515087230308012,,,,1.0
9,water_gsolv_eV,207,1.0,0.0,0.6515087230308012,0.6515087230308012,,,,1.0
9,water_gsolv_eV,208,1.0,0.0,0.6515087230308012,0.6515087230308012,,,,1.0
9,water_gsolv_eV,209,1.0,0.0,0.6515087230308012,0.6515087230308012,,,,1.0
9,water_gsolv_eV,210,1.0,0.0,0.6515087230308012,0.6515087230308012,,,,1.0
9,water_gsolv_eV,211,1.0,0.0,0.6515087230308012,0.6515087230308012,,,,1.0
9,water_gsolv_eV,212,1.0,0.0,0.6515087230308012,0.6515087230308012,,,,1.0
9,water_gsolv_eV,213,1.0,0.0,0.6515087230308012,0.6515087230308012,,,,1.0
9,water_gsolv_eV,214,1.0,0.0,0.6515087230308012,0.6515087230308012,,,,1.0
9,water_gsolv_eV,215,1.0,0.0,0.6515087230308012,0.6515087230308012,,,,1.0
9,water_gsolv_eV,216,1.0,0.0,0.6515087230308012,0.6515087230308012,,,,1.0
9,water_gsolv_eV,217,1.0,0.0,0.6515087230308012,0.6515087230308012,,,,1.0
9,water_gsolv_eV,218,1.0,0.0,0.6515087230308012,0.6515087230308012,,,,1.0
9,water_gsolv_eV,219,1.0,0.0,0.6515087230308012,0.6515087230308012,,,,1.0
9,water_gsolv_eV,220,1.0,0.0,0.6515087230308012,0.6515087230308012,,,,1.0
9,water_gsolv_eV,221,1.0,0.0,0.6515087230308012,0.6515087230308012,,,,1.0
9,water_gsolv_eV,222,1.0,0.0,0.6515087230308012,0.6515087230308012,,,,1.0
9,water_gsolv_eV,223,1.0,0.0,0.6515087230308012,0.6515087230308012,,,,1.0
9,water_gsolv_eV,224,1.0,0.0,0.6515087230308012,0.6515087230308012,,,,1.0
9,water_gsolv_eV,225,1.0,0.0,0.6515087230308012,0.6515087230308012,,,,1.0
9,water_gsolv_eV,226,1.0,0.0,0.6515087230308012,0.6515087230308012,,,,1.0
9,water_gsolv_eV,227,1.0,0.0,0.6515087230308012,0.6515087230308012,,,,1.0
9,water_gsolv_eV,228,1.0,0.0,0.6515087230308012,0.6515087230308012,,,,1.0
9,water_gsolv_eV,229,1.0,0.0,0.6515087230308012,0.6515087230308012,,,,1.0
9,water_gsolv_eV,230,1.0,0.0,0.6515087230308012,0.6515087230308012,,,,1.0
9,water_gsolv_eV,231,1.0,0.0,0.6515087230308012,0.6515087230308012,,,,1.0
9,water_gsolv_eV,232,1.0,0.0,0.6515087230308012,0.6515087230308012,,,,1.0
9,water_gsolv_eV,233,1.0,0.0,0.6515087230308012,0.6515087230308012,,,,1.0
9,water_gsolv_eV,234,1.0,0.0,0.6515087230308012,0.6515087230308012,,,,1.0
9,water_gsolv_eV,235,1.0,0.0,0.6515087230308012,0.6515087230308012,,,,1.0
9,water_gsolv_eV,236,1.0,0.0,0.6515087230308012,0.6515087230308012,,,,1.0
9,water_gsolv_eV,237,1.0,0.0,0.6515087230308012,0.6515087230308012,,,,1.0
9,water_gsolv_eV,238,1.0,0.0,0.6515087230308012,0.6515087230308012,,,,1.0
9,water_gsolv_eV,239,1.0,0.0,0.6515087230308012,0.6515087230308012,,,,1.0
9,water_gsolv_eV,240,1.0,0.0,0.6515087230308012,0.6515087230308012,,,,1.0
9,water_gsolv_eV,241,1.0,0.0,0.6515087230308012,0.6515087230308012,,,,1.0
9,water_gsolv_eV,242,1.0,0.0,0.6515087230308012,0.6515087230308012,,,,1.0
9,water_gsolv_eV,243,1.0,0.0,0.6515087230308012,0.6515087230308012,,,,1.0
9,water_gsolv_eV,244,1.0,0.0,0.6515087230308012,0.6515087230308012,,,,1.0
9,water_gsolv_eV,245,1.0,0.0,0.6515087230308012,0.6515087230308012,,,,1.0
9,water_gsolv_eV,246,1.0,0.0,0.6515087230308012,0.6515087230308012,,,,1.0
9,water_gsolv_eV,247,1.0,0.0,0.6515087230308012,0.6515087230308012,,,,1.0
9,water_gsolv_eV,248,1.0,0.0,0.6515087230308012,0.6515087230308012,,,,1.0
9,water_gsolv_eV,249,1.0,0.0,0.6515087230308012,0.6515087230308012,,,,1.0
9,water_hl_gap_eV,0,0.9999999403953552,0.0,0.6930223133123279,0.6930223133123279,,,,1.0
9,water_hl_gap_eV,1,0.9999999403953552,0.0,0.6930223133123279,0.6930223133123279,,,,1.0
9,water_hl_gap_eV,2,0.9999999403953552,0.0,0.6930223133123279,0.6930223133123279,,,,1.0
9,water_hl_gap_eV,3,0.9999999403953552,0.0,0.6930223133123279,0.6930223133123279,,,,1.0
9,water_hl_gap_eV,4,0.9999999403953552,0.0,0.6930223133123279,0.6930223133123279,,,,1.0
9,water_hl_gap_eV,5,0.9999999403953552,0.0,0.6930223133123279,0.6930223133123279,,,,1.0
9,water_hl_gap_eV,6,0.9999999403953552,0.0,0.6930223133123279,0.6930223133123279,,,,1.0
9,water_hl_gap_eV,7,0.9999999403953552,0.0,0.6930223133123279,0.6930223133123279,,,,1.0
9,water_hl_gap_eV,8,0.9999999403953552,0.0,0.6930223133123279,0.6930223133123279,,,,1.0
9,water_hl_gap_eV,9,0.9999999403953552,0.0,0.6930223133123279,0.6930223133123279,,,,1.0
9,water_hl_gap_eV,10,0.9999999403953552,0.0,0.6930223133123279,0.6930223133123279,,,,1.0
9,water_hl_gap_eV,11,0.9999999403953552,0.0,0.6930223133123279,0.6930223133123279,,,,1.0
9,water_hl_gap_eV,12,0.9999999403953552,0.0,0.6930223133123279,0.6930223133123279,,,,1.0
9,water_hl_gap_eV,13,0.9999999403953552,0.0,0.6930223133123279,0.6930223133123279,,,,1.0
9,water_hl_gap_eV,14,0.9999999403953552,0.0,0.6930223133123279,0.6930223133123279,,,,1.0
9,water_hl_gap_eV,15,0.9999999403953552,0.0,0.6930223133123279,0.6930223133123279,,,,1.0
9,water_hl_gap_eV,16,0.9999999403953552,0.0,0.6930223133123279,0.6930223133123279,,,,1.0
9,water_hl_gap_eV,17,0.9999999403953552,0.0,0.6930223133123279,0.6930223133123279,,,,1.0
9,water_hl_gap_eV,18,0.9999999403953552,0.0,0.6930223133123279,0.6930223133123279,,,,1.0
9,water_hl_gap_eV,19,0.9999999403953552,0.0,0.6930223133123279,0.6930223133123279,,,,1.0
9,water_hl_gap_eV,20,0.9999999403953552,0.0,0.6930223133123279,0.6930223133123279,,,,1.0
9,water_hl_gap_eV,21,0.9999999403953552,0.0,0.6930223133123279,0.6930223133123279,,,,1.0
9,water_hl_gap_eV,22,0.9999999403953552,0.0,0.6930223133123279,0.6930223133123279,,,,1.0
9,water_hl_gap_eV,23,0.9999999403953552,0.0,0.6930223133123279,0.6930223133123279,,,,1.0
9,water_hl_gap_eV,24,0.9999999403953552,0.0,0.6930223133123279,0.6930223133123279,,,,1.0
9,water_hl_gap_eV,25,0.9999999403953552,0.0,0.6930223133123279,0.6930223133123279,,,,1.0
9,water_hl_gap_eV,26,0.9999999403953552,0.0,0.6930223133123279,0.6930223133123279,,,,1.0
9,water_hl_gap_eV,27,0.9999999403953552,0.0,0.6930223133123279,0.6930223133123279,,,,1.0
9,water_hl_gap_eV,28,0.9999999403953552,0.0,0.6930223133123279,0.6930223133123279,,,,1.0
9,water_hl_gap_eV,29,0.9999999403953552,0.0,0.6930223133123279,0.6930223133123279,,,,1.0
9,water_hl_gap_eV,30,0.9999999403953552,0.0,0.6930223133123279,0.6930223133123279,,,,1.0
9,water_hl_gap_eV,31,0.9999999403953552,0.0,0.6930223133123279,0.6930223133123279,,,,1.0
9,water_hl_gap_eV,32,0.9999999403953552,0.0,0.6930223133123279,0.6930223133123279,,,,1.0
9,water_hl_gap_eV,33,0.9999999403953552,0.0,0.6930223133123279,0.6930223133123279,,,,1.0
9,water_hl_gap_eV,34,0.9999999403953552,0.0,0.6930223133123279,0.6930223133123279,,,,1.0
9,water_hl_gap_eV,35,0.9999999403953552,0.0,0.6930223133123279,0.6930223133123279,,,,1.0
9,water_hl_gap_eV,36,0.9999999403953552,0.0,0.6930223133123279,0.6930223133123279,,,,1.0
9,water_hl_gap_eV,37,0.9999999403953552,0.0,0.6930223133123279,0.6930223133123279,,,,1.0
9,water_hl_gap_eV,38,0.9999999403953552,0.0,0.6930223133123279,0.6930223133123279,,,,1.0
9,water_hl_gap_eV,39,0.9999999403953552,0.0,0.6930223133123279,0.6930223133123279,,,,1.0
9,water_hl_gap_eV,40,0.9999999403953552,0.0,0.6930223133123279,0.6930223133123279,,,,1.0
9,water_hl_gap_eV,41,0.9999999403953552,0.0,0.6930223133123279,0.6930223133123279,,,,1.0
9,water_hl_gap_eV,42,0.9999999403953552,0.0,0.6930223133123279,0.6930223133123279,,,,1.0
9,water_hl_gap_eV,43,0.9999999403953552,0.0,0.6930223133123279,0.6930223133123279,,,,1.0
9,water_hl_gap_eV,44,0.9999999403953552,0.0,0.6930223133123279,0.6930223133123279,,,,1.0
9,water_hl_gap_eV,45,0.9999999403953552,0.0,0.6930223133123279,0.6930223133123279,,,,1.0
9,water_hl_gap_eV,46,0.9999999403953552,0.0,0.6930223133123279,0.6930223133123279,,,,1.0
9,water_hl_gap_eV,47,0.9999999403953552,0.0,0.6930223133123279,0.6930223133123279,,,,1.0
9,water_hl_gap_eV,48,0.9999999403953552,0.0,0.6930223133123279,0.6930223133123279,,,,1.0
9,water_hl_gap_eV,49,0.9999999403953552,0.0,0.6930223133123279,0.6930223133123279,,,,1.0
9,water_hl_gap_eV,50,0.9999999403953552,0.0,0.6930223133123279,0.6930223133123279,,,,1.0
9,water_hl_gap_eV,51,0.9999999403953552,0.0,0.6930223133123279,0.6930223133123279,,,,1.0
9,water_hl_gap_eV,52,0.9999999403953552,0.0,0.6930223133123279,0.6930223133123279,,,,1.0
9,water_hl_gap_eV,53,0.9999999403953552,0.0,0.6930223133123279,0.6930223133123279,,,,1.0
9,water_hl_gap_eV,54,0.9999999403953552,0.0,0.6930223133123279,0.6930223133123279,,,,1.0
9,water_hl_gap_eV,55,0.9999999403953552,0.0,0.6930223133123279,0.6930223133123279,,,,1.0
9,water_hl_gap_eV,56,0.9999999403953552,0.0,0.6930223133123279,0.6930223133123279,,,,1.0
9,water_hl_gap_eV,57,0.9999999403953552,0.0,0.6930223133123279,0.6930223133123279,,,,1.0
9,water_hl_gap_eV,58,0.9999999403953552,0.0,0.6930223133123279,0.6930223133123279,,,,1.0
9,water_hl_gap_eV,59,0.9999999403953552,0.0,0.6930223133123279,0.6930223133123279,,,,1.0
9,water_hl_gap_eV,60,0.9999999403953552,0.0,0.6930223133123279,0.6930223133123279,,,,1.0
9,water_hl_gap_eV,61,0.9999999403953552,0.0,0.6930223133123279,0.6930223133123279,,,,1.0
9,water_hl_gap_eV,62,0.9999999403953552,0.0,0.6930223133123279,0.6930223133123279,,,,1.0
9,water_hl_gap_eV,63,0.9999999403953552,0.0,0.6930223133123279,0.6930223133123279,,,,1.0
9,water_hl_gap_eV,64,0.9999999403953552,0.0,0.6930223133123279,0.6930223133123279,,,,1.0
9,water_hl_gap_eV,65,0.9999999403953552,0.0,0.6930223133123279,0.6930223133123279,,,,1.0
9,water_hl_gap_eV,66,0.9999999403953552,0.0,0.6930223133123279,0.6930223133123279,,,,1.0
9,water_hl_gap_eV,67,0.9999999403953552,0.0,0.6930223133123279,0.6930223133123279,,,,1.0
9,water_hl_gap_eV,68,0.9999999403953552,0.0,0.6930223133123279,0.6930223133123279,,,,1.0
9,water_hl_gap_eV,69,0.9999999403953552,0.0,0.6930223133123279,0.6930223133123279,,,,1.0
9,water_hl_gap_eV,70,0.9999999403953552,0.0,0.6930223133123279,0.6930223133123279,,,,1.0
9,water_hl_gap_eV,71,0.9999999403953552,0.0,0.6930223133123279,0.6930223133123279,,,,1.0
9,water_hl_gap_eV,72,0.9999999403953552,0.0,0.6930223133123279,0.6930223133123279,,,,1.0
9,water_hl_gap_eV,73,0.9999999403953552,0.0,0.6930223133123279,0.6930223133123279,,,,1.0
9,water_hl_gap_eV,74,0.9999999403953552,0.0,0.6930223133123279,0.6930223133123279,,,,1.0
9,water_hl_gap_eV,75,0.9999999403953552,0.0,0.6930223133123279,0.6930223133123279,,,,1.0
9,water_hl_gap_eV,76,0.9999999403953552,0.0,0.6930223133123279,0.6930223133123279,,,,1.0
9,water_hl_gap_eV,77,0.9999999403953552,0.0,0.6930223133123279,0.6930223133123279,,,,1.0
9,water_hl_gap_eV,78,0.9999999403953552,0.0,0.6930223133123279,0.6930223133123279,,,,1.0
9,water_hl_gap_eV,79,0.9999999403953552,0.0,0.6930223133123279,0.6930223133123279,,,,1.0
9,water_hl_gap_eV,80,0.9999999403953552,0.0,0.6930223133123279,0.6930223133123279,,,,1.0
9,water_hl_gap_eV,81,0.9999999403953552,0.0,0.6930223133123279,0.6930223133123279,,,,1.0
9,water_hl_gap_eV,82,0.9999999403953552,0.0,0.6930223133123279,0.6930223133123279,,,,1.0
9,water_hl_gap_eV,83,0.9999999403953552,0.0,0.6930223133123279,0.6930223133123279,,,,1.0
9,water_hl_gap_eV,84,0.9999999403953552,0.0,0.6930223133123279,0.6930223133123279,,,,1.0
9,water_hl_gap_eV,85,0.9999999403953552,0.0,0.6930223133123279,0.6930223133123279,,,,1.0
9,water_hl_gap_eV,86,0.9999999403953552,0.0,0.6930223133123279,0.6930223133123279,,,,1.0
9,water_hl_gap_eV,87,0.9999999403953552,0.0,0.6930223133123279,0.6930223133123279,,,,1.0
9,water_hl_gap_eV,88,0.9999999403953552,0.0,0.6930223133123279,0.6930223133123279,,,,1.0
9,water_hl_gap_eV,89,0.9999999403953552,0.0,0.6930223133123279,0.6930223133123279,,,,1.0
9,water_hl_gap_eV,90,0.9999999403953552,0.0,0.6930223133123279,0.6930223133123279,,,,1.0
9,water_hl_gap_eV,91,0.9999999403953552,0.0,0.6930223133123279,0.6930223133123279,,,,1.0
9,water_hl_gap_eV,92,0.9999999403953552,0.0,0.6930223133123279,0.6930223133123279,,,,1.0
9,water_hl_gap_eV,93,0.9999999403953552,0.0,0.6930223133123279,0.6930223133123279,,,,1.0
9,water_hl_gap_eV,94,0.9999999403953552,0.0,0.6930223133123279,0.6930223133123279,,,,1.0
9,water_hl_gap_eV,95,0.9999999403953552,0.0,0.6930223133123279,0.6930223133123279,,,,1.0
9,water_hl_gap_eV,96,0.9999999403953552,0.0,0.6930223133123279,0.6930223133123279,,,,1.0
9,water_hl_gap_eV,97,0.9999999403953552,0.0,0.6930223133123279,0.6930223133123279,,,,1.0
9,water_hl_gap_eV,98,0.9999999403953552,0.0,0.6930223133123279,0.6930223133123279,,,,1.0
9,water_hl_gap_eV,99,0.9999999403953552,0.0,0.6930223133123279,0.6930223133123279,,,,1.0
9,water_hl_gap_eV,100,0.9999999403953552,0.0,0.6930223133123279,0.6930223133123279,,,,1.0
9,water_hl_gap_eV,101,0.9999999403953552,0.0,0.6930223133123279,0.6930223133123279,,,,1.0
9,water_hl_gap_eV,102,0.9999999403953552,0.0,0.6930223133123279,0.6930223133123279,,,,1.0
9,water_hl_gap_eV,103,0.9999999403953552,0.0,0.6930223133123279,0.6930223133123279,,,,1.0
9,water_hl_gap_eV,104,0.9999999403953552,0.0,0.6930223133123279,0.6930223133123279,,,,1.0
9,water_hl_gap_eV,105,0.9999999403953552,0.0,0.6930223133123279,0.6930223133123279,,,,1.0
9,water_hl_gap_eV,106,0.9999999403953552,0.0,0.6930223133123279,0.6930223133123279,,,,1.0
9,water_hl_gap_eV,107,0.9999999403953552,0.0,0.6930223133123279,0.6930223133123279,,,,1.0
9,water_hl_gap_eV,108,0.9999999403953552,0.0,0.6930223133123279,0.6930223133123279,,,,1.0
9,water_hl_gap_eV,109,0.9999999403953552,0.0,0.6930223133123279,0.6930223133123279,,,,1.0
9,water_hl_gap_eV,110,0.9999999403953552,0.0,0.6930223133123279,0.6930223133123279,,,,1.0
9,water_hl_gap_eV,111,0.9999999403953552,0.0,0.6930223133123279,0.6930223133123279,,,,1.0
9,water_hl_gap_eV,112,0.9999999403953552,0.0,0.6930223133123279,0.6930223133123279,,,,1.0
9,water_hl_gap_eV,113,0.9999999403953552,0.0,0.6930223133123279,0.6930223133123279,,,,1.0
9,water_hl_gap_eV,114,0.9999999403953552,0.0,0.6930223133123279,0.6930223133123279,,,,1.0
9,water_hl_gap_eV,115,0.9999999403953552,0.0,0.6930223133123279,0.6930223133123279,,,,1.0
9,water_hl_gap_eV,116,0.9999999403953552,0.0,0.6930223133123279,0.6930223133123279,,,,1.0
9,water_hl_gap_eV,117,0.9999999403953552,0.0,0.6930223133123279,0.6930223133123279,,,,1.0
9,water_hl_gap_eV,118,0.9999999403953552,0.0,0.6930223133123279,0.6930223133123279,,,,1.0
9,water_hl_gap_eV,119,0.9999999403953552,0.0,0.6930223133123279,0.6930223133123279,,,,1.0
9,water_hl_gap_eV,120,0.9999999403953552,0.0,0.6930223133123279,0.6930223133123279,,,,1.0
9,water_hl_gap_eV,121,0.9999999403953552,0.0,0.6930223133123279,0.6930223133123279,,,,1.0
9,water_hl_gap_eV,122,0.9999999403953552,0.0,0.6930223133123279,0.6930223133123279,,,,1.0
9,water_hl_gap_eV,123,0.9999999403953552,0.0,0.6930223133123279,0.6930223133123279,,,,1.0
9,water_hl_gap_eV,124,0.9999999403953552,0.0,0.6930223133123279,0.6930223133123279,,,,1.0
9,water_hl_gap_eV,125,0.9999999403953552,0.0,0.6930223133123279,0.6930223133123279,,,,1.0
9,water_hl_gap_eV,126,0.9999999403953552,0.0,0.6930223133123279,0.6930223133123279,,,,1.0
9,water_hl_gap_eV,127,0.9999999403953552,0.0,0.6930223133123279,0.6930223133123279,,,,1.0
9,water_hl_gap_eV,128,0.9999999403953552,0.0,0.6930223133123279,0.6930223133123279,,,,1.0
9,water_hl_gap_eV,129,0.9999999403953552,0.0,0.6930223133123279,0.6930223133123279,,,,1.0
9,water_hl_gap_eV,130,0.9999999403953552,0.0,0.6930223133123279,0.6930223133123279,,,,1.0
9,water_hl_gap_eV,131,0.9999999403953552,0.0,0.6930223133123279,0.6930223133123279,,,,1.0
9,water_hl_gap_eV,132,0.9999999403953552,0.0,0.6930223133123279,0.6930223133123279,,,,1.0
9,water_hl_gap_eV,133,0.9999999403953552,0.0,0.6930223133123279,0.6930223133123279,,,,1.0
9,water_hl_gap_eV,134,0.9999999403953552,0.0,0.6930223133123279,0.6930223133123279,,,,1.0
9,water_hl_gap_eV,135,0.9999999403953552,0.0,0.6930223133123279,0.6930223133123279,,,,1.0
9,water_hl_gap_eV,136,0.9999999403953552,0.0,0.6930223133123279,0.6930223133123279,,,,1.0
9,water_hl_gap_eV,137,0.9999999403953552,0.0,0.6930223133123279,0.6930223133123279,,,,1.0
9,water_hl_gap_eV,138,0.9999999403953552,0.0,0.6930223133123279,0.6930223133123279,,,,1.0
9,water_hl_gap_eV,139,0.9999999403953552,0.0,0.6930223133123279,0.6930223133123279,,,,1.0
9,water_hl_gap_eV,140,0.9999999403953552,0.0,0.6930223133123279,0.6930223133123279,,,,1.0
9,water_hl_gap_eV,141,0.9999999403953552,0.0,0.6930223133123279,0.6930223133123279,,,,1.0
9,water_hl_gap_eV,142,0.9999999403953552,0.0,0.6930223133123279,0.6930223133123279,,,,1.0
9,water_hl_gap_eV,143,0.9999999403953552,0.0,0.6930223133123279,0.6930223133123279,,,,1.0
9,water_hl_gap_eV,144,0.9999999403953552,0.0,0.6930223133123279,0.6930223133123279,,,,1.0
9,water_hl_gap_eV,145,0.9999999403953552,0.0,0.6930223133123279,0.6930223133123279,,,,1.0
9,water_hl_gap_eV,146,0.9999999403953552,0.0,0.6930223133123279,0.6930223133123279,,,,1.0
9,water_hl_gap_eV,147,0.9999999403953552,0.0,0.6930223133123279,0.6930223133123279,,,,1.0
9,water_hl_gap_eV,148,0.9999999403953552,0.0,0.6930223133123279,0.6930223133123279,,,,1.0
9,water_hl_gap_eV,149,0.9999999403953552,0.0,0.6930223133123279,0.6930223133123279,,,,1.0
9,water_hl_gap_eV,150,0.9999999403953552,0.0,0.6930223133123279,0.6930223133123279,,,,1.0
9,water_hl_gap_eV,151,0.9999999403953552,0.0,0.6930223133123279,0.6930223133123279,,,,1.0
9,water_hl_gap_eV,152,0.9999999403953552,0.0,0.6930223133123279,0.6930223133123279,,,,1.0
9,water_hl_gap_eV,153,0.9999999403953552,0.0,0.6930223133123279,0.6930223133123279,,,,1.0
9,water_hl_gap_eV,154,0.9999999403953552,0.0,0.6930223133123279,0.6930223133123279,,,,1.0
9,water_hl_gap_eV,155,0.9999999403953552,0.0,0.6930223133123279,0.6930223133123279,,,,1.0
9,water_hl_gap_eV,156,0.9999999403953552,0.0,0.6930223133123279,0.6930223133123279,,,,1.0
9,water_hl_gap_eV,157,0.9999999403953552,0.0,0.6930223133123279,0.6930223133123279,,,,1.0
9,water_hl_gap_eV,158,0.9999999403953552,0.0,0.6930223133123279,0.6930223133123279,,,,1.0
9,water_hl_gap_eV,159,0.9999999403953552,0.0,0.6930223133123279,0.6930223133123279,,,,1.0
9,water_hl_gap_eV,160,0.9999999403953552,0.0,0.6930223133123279,0.6930223133123279,,,,1.0
9,water_hl_gap_eV,161,0.9999999403953552,0.0,0.6930223133123279,0.6930223133123279,,,,1.0
9,water_hl_gap_eV,162,0.9999999403953552,0.0,0.6930223133123279,0.6930223133123279,,,,1.0
9,water_hl_gap_eV,163,0.9999999403953552,0.0,0.6930223133123279,0.6930223133123279,,,,1.0
9,water_hl_gap_eV,164,0.9999999403953552,0.0,0.6930223133123279,0.6930223133123279,,,,1.0
9,water_hl_gap_eV,165,0.9999999403953552,0.0,0.6930223133123279,0.6930223133123279,,,,1.0
9,water_hl_gap_eV,166,0.9999999403953552,0.0,0.6930223133123279,0.6930223133123279,,,,1.0
9,water_hl_gap_eV,167,0.9999999403953552,0.0,0.6930223133123279,0.6930223133123279,,,,1.0
9,water_hl_gap_eV,168,0.9999999403953552,0.0,0.6930223133123279,0.6930223133123279,,,,1.0
9,water_hl_gap_eV,169,0.9999999403953552,0.0,0.6930223133123279,0.6930223133123279,,,,1.0
9,water_hl_gap_eV,170,0.9999999403953552,0.0,0.6930223133123279,0.6930223133123279,,,,1.0
9,water_hl_gap_eV,171,0.9999999403953552,0.0,0.6930223133123279,0.6930223133123279,,,,1.0
9,water_hl_gap_eV,172,0.9999999403953552,0.0,0.6930223133123279,0.6930223133123279,,,,1.0
9,water_hl_gap_eV,173,0.9999999403953552,0.0,0.6930223133123279,0.6930223133123279,,,,1.0
9,water_hl_gap_eV,174,0.9999999403953552,0.0,0.6930223133123279,0.6930223133123279,,,,1.0
9,water_hl_gap_eV,175,0.9999999403953552,0.0,0.6930223133123279,0.6930223133123279,,,,1.0
9,water_hl_gap_eV,176,0.9999999403953552,0.0,0.6930223133123279,0.6930223133123279,,,,1.0
9,water_hl_gap_eV,177,0.9999999403953552,0.0,0.6930223133123279,0.6930223133123279,,,,1.0
9,water_hl_gap_eV,178,0.9999999403953552,0.0,0.6930223133123279,0.6930223133123279,,,,1.0
9,water_hl_gap_eV,179,0.9999999403953552,0.0,0.6930223133123279,0.6930223133123279,,,,1.0
9,water_hl_gap_eV,180,0.9999999403953552,0.0,0.6930223133123279,0.6930223133123279,,,,1.0
9,water_hl_gap_eV,181,0.9999999403953552,0.0,0.6930223133123279,0.6930223133123279,,,,1.0
9,water_hl_gap_eV,182,0.9999999403953552,0.0,0.6930223133123279,0.6930223133123279,,,,1.0
9,water_hl_gap_eV,183,0.9999999403953552,0.0,0.6930223133123279,0.6930223133123279,,,,1.0
9,water_hl_gap_eV,184,0.9999999403953552,0.0,0.6930223133123279,0.6930223133123279,,,,1.0
9,water_hl_gap_eV,185,0.9999999403953552,0.0,0.6930223133123279,0.6930223133123279,,,,1.0
9,water_hl_gap_eV,186,0.9999999403953552,0.0,0.6930223133123279,0.6930223133123279,,,,1.0
9,water_hl_gap_eV,187,0.9999999403953552,0.0,0.6930223133123279,0.6930223133123279,,,,1.0
9,water_hl_gap_eV,188,0.9999999403953552,0.0,0.6930223133123279,0.6930223133123279,,,,1.0
9,water_hl_gap_eV,189,0.9999999403953552,0.0,0.6930223133123279,0.6930223133123279,,,,1.0
9,water_hl_gap_eV,190,0.9999999403953552,0.0,0.6930223133123279,0.6930223133123279,,,,1.0
9,water_hl_gap_eV,191,0.9999999403953552,0.0,0.6930223133123279,0.6930223133123279,,,,1.0
9,water_hl_gap_eV,192,0.9999999403953552,0.0,0.6930223133123279,0.6930223133123279,,,,1.0
9,water_hl_gap_eV,193,0.9999999403953552,0.0,0.6930223133123279,0.6930223133123279,,,,1.0
9,water_hl_gap_eV,194,0.9999999403953552,0.0,0.6930223133123279,0.6930223133123279,,,,1.0
9,water_hl_gap_eV,195,0.9999999403953552,0.0,0.6930223133123279,0.6930223133123279,,,,1.0
9,water_hl_gap_eV,196,0.9999999403953552,0.0,0.6930223133123279,0.6930223133123279,,,,1.0
9,water_hl_gap_eV,197,0.9999999403953552,0.0,0.6930223133123279,0.6930223133123279,,,,1.0
9,water_hl_gap_eV,198,0.9999999403953552,0.0,0.6930223133123279,0.6930223133123279,,,,1.0
9,water_hl_gap_eV,199,0.9999999403953552,0.0,0.6930223133123279,0.6930223133123279,,,,1.0
9,water_hl_gap_eV,200,0.9999999403953552,0.0,0.6930223133123279,0.6930223133123279,,,,1.0
9,water_hl_gap_eV,201,0.9999999403953552,0.0,0.6930223133123279,0.6930223133123279,,,,1.0
9,water_hl_gap_eV,202,0.9999999403953552,0.0,0.6930223133123279,0.6930223133123279,,,,1.0
9,water_hl_gap_eV,203,0.9999999403953552,0.0,0.6930223133123279,0.6930223133123279,,,,1.0
9,water_hl_gap_eV,204,0.9999999403953552,0.0,0.6930223133123279,0.6930223133123279,,,,1.0
9,water_hl_gap_eV,205,0.9999999403953552,0.0,0.6930223133123279,0.6930223133123279,,,,1.0
9,water_hl_gap_eV,206,0.9999999403953552,0.0,0.6930223133123279,0.6930223133123279,,,,1.0
9,water_hl_gap_eV,207,0.9999999403953552,0.0,0.6930223133123279,0.6930223133123279,,,,1.0
9,water_hl_gap_eV,208,0.9999999403953552,0.0,0.6930223133123279,0.6930223133123279,,,,1.0
9,water_hl_gap_eV,209,0.9999999403953552,0.0,0.6930223133123279,0.6930223133123279,,,,1.0
9,water_hl_gap_eV,210,0.9999999403953552,0.0,0.6930223133123279,0.6930223133123279,,,,1.0
9,water_hl_gap_eV,211,0.9999999403953552,0.0,0.6930223133123279,0.6930223133123279,,,,1.0
9,water_hl_gap_eV,212,0.9999999403953552,0.0,0.6930223133123279,0.6930223133123279,,,,1.0
9,water_hl_gap_eV,213,0.9999999403953552,0.0,0.6930223133123279,0.6930223133123279,,,,1.0
9,water_hl_gap_eV,214,0.9999999403953552,0.0,0.6930223133123279,0.6930223133123279,,,,1.0
9,water_hl_gap_eV,215,0.9999999403953552,0.0,0.6930223133123279,0.6930223133123279,,,,1.0
9,water_hl_gap_eV,216,0.9999999403953552,0.0,0.6930223133123279,0.6930223133123279,,,,1.0
9,water_hl_gap_eV,217,0.9999999403953552,0.0,0.6930223133123279,0.6930223133123279,,,,1.0
9,water_hl_gap_eV,218,0.9999999403953552,0.0,0.6930223133123279,0.6930223133123279,,,,1.0
9,water_hl_gap_eV,219,0.9999999403953552,0.0,0.6930223133123279,0.6930223133123279,,,,1.0
9,water_hl_gap_eV,220,0.9999999403953552,0.0,0.6930223133123279,0.6930223133123279,,,,1.0
9,water_hl_gap_eV,221,0.9999999403953552,0.0,0.6930223133123279,0.6930223133123279,,,,1.0
9,water_hl_gap_eV,222,0.9999999403953552,0.0,0.6930223133123279,0.6930223133123279,,,,1.0
9,water_hl_gap_eV,223,0.9999999403953552,0.0,0.6930223133123279,0.6930223133123279,,,,1.0
9,water_hl_gap_eV,224,0.9999999403953552,0.0,0.6930223133123279,0.6930223133123279,,,,1.0
9,water_hl_gap_eV,225,0.9999999403953552,0.0,0.6930223133123279,0.6930223133123279,,,,1.0
9,water_hl_gap_eV,226,0.9999999403953552,0.0,0.6930223133123279,0.6930223133123279,,,,1.0
9,water_hl_gap_eV,227,0.9999999403953552,0.0,0.6930223133123279,0.6930223133123279,,,,1.0
9,water_hl_gap_eV,228,0.9999999403953552,0.0,0.6930223133123279,0.6930223133123279,,,,1.0
9,water_hl_gap_eV,229,0.9999999403953552,0.0,0.6930223133123279,0.6930223133123279,,,,1.0
9,water_hl_gap_eV,230,0.9999999403953552,0.0,0.6930223133123279,0.6930223133123279,,,,1.0
9,water_hl_gap_eV,231,0.9999999403953552,0.0,0.6930223133123279,0.6930223133123279,,,,1.0
9,water_hl_gap_eV,232,0.9999999403953552,0.0,0.6930223133123279,0.6930223133123279,,,,1.0
9,water_hl_gap_eV,233,0.9999999403953552,0.0,0.6930223133123279,0.6930223133123279,,,,1.0
9,water_hl_gap_eV,234,0.9999999403953552,0.0,0.6930223133123279,0.6930223133123279,,,,1.0
9,water_hl_gap_eV,235,0.9999999403953552,0.0,0.6930223133123279,0.6930223133123279,,,,1.0
9,water_hl_gap_eV,236,0.9999999403953552,0.0,0.6930223133123279,0.6930223133123279,,,,1.0
9,water_hl_gap_eV,237,0.9999999403953552,0.0,0.6930223133123279,0.6930223133123279,,,,1.0
9,water_hl_gap_eV,238,0.9999999403953552,0.0,0.6930223133123279,0.6930223133123279,,,,1.0
9,water_hl_gap_eV,239,0.9999999403953552,0.0,0.6930223133123279,0.6930223133123279,,,,1.0
9,water_hl_gap_eV,240,0.9999999403953552,0.0,0.6930223133123279,0.6930223133123279,,,,1.0
9,water_hl_gap_eV,241,0.9999999403953552,0.0,0.6930223133123279,0.6930223133123279,,,,1.0
9,water_hl_gap_eV,242,0.9999999403953552,0.0,0.6930223133123279,0.6930223133123279,,,,1.0
9,water_hl_gap_eV,243,0.9999999403953552,0.0,0.6930223133123279,0.6930223133123279,,,,1.0
9,water_hl_gap_eV,244,0.9999999403953552,0.0,0.6930223133123279,0.6930223133123279,,,,1.0
9,water_hl_gap_eV,245,0.9999999403953552,0.0,0.6930223133123279,0.6930223133123279,,,,1.0
9,water_hl_gap_eV,246,0.9999999403953552,0.0,0.6930223133123279,0.6930223133123279,,,,1.0
9,water_hl_gap_eV,247,0.9999999403953552,0.0,0.6930223133123279,0.6930223133123279,,,,1.0
9,water_hl_gap_eV,248,0.9999999403953552,0.0,0.6930223133123279,0.6930223133123279,,,,1.0
9,water_hl_gap_eV,249,0.9999999403953552,0.0,0.6930223133123279,0.6930223133123279,,,,1.0
9,water_dipole,0,1.0000001192092896,0.0,0.6106233279430457,0.6106233279430457,,,,1.0
9,water_dipole,1,1.0000001192092896,0.0,0.6106233279430457,0.6106233279430457,,,,1.0
9,water_dipole,2,1.0000001192092896,0.0,0.6106233279430457,0.6106233279430457,,,,1.0
9,water_dipole,3,1.0000001192092896,0.0,0.6106233279430457,0.6106233279430457,,,,1.0
9,water_dipole,4,1.0000001192092896,0.0,0.6106233279430457,0.6106233279430457,,,,1.0
9,water_dipole,5,1.0000001192092896,0.0,0.6106233279430457,0.6106233279430457,,,,1.0
9,water_dipole,6,1.0000001192092896,0.0,0.6106233279430457,0.6106233279430457,,,,1.0
9,water_dipole,7,1.0000001192092896,0.0,0.6106233279430457,0.6106233279430457,,,,1.0
9,water_dipole,8,1.0000001192092896,0.0,0.6106233279430457,0.6106233279430457,,,,1.0
9,water_dipole,9,1.0000001192092896,0.0,0.6106233279430457,0.6106233279430457,,,,1.0
9,water_dipole,10,1.0000001192092896,0.0,0.6106233279430457,0.6106233279430457,,,,1.0
9,water_dipole,11,1.0000001192092896,0.0,0.6106233279430457,0.6106233279430457,,,,1.0
9,water_dipole,12,1.0000001192092896,0.0,0.6106233279430457,0.6106233279430457,,,,1.0
9,water_dipole,13,1.0000001192092896,0.0,0.6106233279430457,0.6106233279430457,,,,1.0
9,water_dipole,14,1.0000001192092896,0.0,0.6106233279430457,0.6106233279430457,,,,1.0
9,water_dipole,15,1.0000001192092896,0.0,0.6106233279430457,0.6106233279430457,,,,1.0
9,water_dipole,16,1.0000001192092896,0.0,0.6106233279430457,0.6106233279430457,,,,1.0
9,water_dipole,17,1.0000001192092896,0.0,0.6106233279430457,0.6106233279430457,,,,1.0
9,water_dipole,18,1.0000001192092896,0.0,0.6106233279430457,0.6106233279430457,,,,1.0
9,water_dipole,19,1.0000001192092896,0.0,0.6106233279430457,0.6106233279430457,,,,1.0
9,water_dipole,20,1.0000001192092896,0.0,0.6106233279430457,0.6106233279430457,,,,1.0
9,water_dipole,21,1.0000001192092896,0.0,0.6106233279430457,0.6106233279430457,,,,1.0
9,water_dipole,22,1.0000001192092896,0.0,0.6106233279430457,0.6106233279430457,,,,1.0
9,water_dipole,23,1.0000001192092896,0.0,0.6106233279430457,0.6106233279430457,,,,1.0
9,water_dipole,24,1.0000001192092896,0.0,0.6106233279430457,0.6106233279430457,,,,1.0
9,water_dipole,25,1.0000001192092896,0.0,0.6106233279430457,0.6106233279430457,,,,1.0
9,water_dipole,26,1.0000001192092896,0.0,0.6106233279430457,0.6106233279430457,,,,1.0
9,water_dipole,27,1.0000001192092896,0.0,0.6106233279430457,0.6106233279430457,,,,1.0
9,water_dipole,28,1.0000001192092896,0.0,0.6106233279430457,0.6106233279430457,,,,1.0
9,water_dipole,29,1.0000001192092896,0.0,0.6106233279430457,0.6106233279430457,,,,1.0
9,water_dipole,30,1.0000001192092896,0.0,0.6106233279430457,0.6106233279430457,,,,1.0
9,water_dipole,31,1.0000001192092896,0.0,0.6106233279430457,0.6106233279430457,,,,1.0
9,water_dipole,32,1.0000001192092896,0.0,0.6106233279430457,0.6106233279430457,,,,1.0
9,water_dipole,33,1.0000001192092896,0.0,0.6106233279430457,0.6106233279430457,,,,1.0
9,water_dipole,34,1.0000001192092896,0.0,0.6106233279430457,0.6106233279430457,,,,1.0
9,water_dipole,35,1.0000001192092896,0.0,0.6106233279430457,0.6106233279430457,,,,1.0
9,water_dipole,36,1.0000001192092896,0.0,0.6106233279430457,0.6106233279430457,,,,1.0
9,water_dipole,37,1.0000001192092896,0.0,0.6106233279430457,0.6106233279430457,,,,1.0
9,water_dipole,38,1.0000001192092896,0.0,0.6106233279430457,0.6106233279430457,,,,1.0
9,water_dipole,39,1.0000001192092896,0.0,0.6106233279430457,0.6106233279430457,,,,1.0
9,water_dipole,40,1.0000001192092896,0.0,0.6106233279430457,0.6106233279430457,,,,1.0
9,water_dipole,41,1.0000001192092896,0.0,0.6106233279430457,0.6106233279430457,,,,1.0
9,water_dipole,42,1.0000001192092896,0.0,0.6106233279430457,0.6106233279430457,,,,1.0
9,water_dipole,43,1.0000001192092896,0.0,0.6106233279430457,0.6106233279430457,,,,1.0
9,water_dipole,44,1.0000001192092896,0.0,0.6106233279430457,0.6106233279430457,,,,1.0
9,water_dipole,45,1.0000001192092896,0.0,0.6106233279430457,0.6106233279430457,,,,1.0
9,water_dipole,46,1.0000001192092896,0.0,0.6106233279430457,0.6106233279430457,,,,1.0
9,water_dipole,47,1.0000001192092896,0.0,0.6106233279430457,0.6106233279430457,,,,1.0
9,water_dipole,48,1.0000001192092896,0.0,0.6106233279430457,0.6106233279430457,,,,1.0
9,water_dipole,49,1.0000001192092896,0.0,0.6106233279430457,0.6106233279430457,,,,1.0
9,water_dipole,50,1.0000001192092896,0.0,0.6106233279430457,0.6106233279430457,,,,1.0
9,water_dipole,51,1.0000001192092896,0.0,0.6106233279430457,0.6106233279430457,,,,1.0
9,water_dipole,52,1.0000001192092896,0.0,0.6106233279430457,0.6106233279430457,,,,1.0
9,water_dipole,53,1.0000001192092896,0.0,0.6106233279430457,0.6106233279430457,,,,1.0
9,water_dipole,54,1.0000001192092896,0.0,0.6106233279430457,0.6106233279430457,,,,1.0
9,water_dipole,55,1.0000001192092896,0.0,0.6106233279430457,0.6106233279430457,,,,1.0
9,water_dipole,56,1.0000001192092896,0.0,0.6106233279430457,0.6106233279430457,,,,1.0
9,water_dipole,57,1.0000001192092896,0.0,0.6106233279430457,0.6106233279430457,,,,1.0
9,water_dipole,58,1.0000001192092896,0.0,0.6106233279430457,0.6106233279430457,,,,1.0
9,water_dipole,59,1.0000001192092896,0.0,0.6106233279430457,0.6106233279430457,,,,1.0
9,water_dipole,60,1.0000001192092896,0.0,0.6106233279430457,0.6106233279430457,,,,1.0
9,water_dipole,61,1.0000001192092896,0.0,0.6106233279430457,0.6106233279430457,,,,1.0
9,water_dipole,62,1.0000001192092896,0.0,0.6106233279430457,0.6106233279430457,,,,1.0
9,water_dipole,63,1.0000001192092896,0.0,0.6106233279430457,0.6106233279430457,,,,1.0
9,water_dipole,64,1.0000001192092896,0.0,0.6106233279430457,0.6106233279430457,,,,1.0
9,water_dipole,65,1.0000001192092896,0.0,0.6106233279430457,0.6106233279430457,,,,1.0
9,water_dipole,66,1.0000001192092896,0.0,0.6106233279430457,0.6106233279430457,,,,1.0
9,water_dipole,67,1.0000001192092896,0.0,0.6106233279430457,0.6106233279430457,,,,1.0
9,water_dipole,68,1.0000001192092896,0.0,0.6106233279430457,0.6106233279430457,,,,1.0
9,water_dipole,69,1.0000001192092896,0.0,0.6106233279430457,0.6106233279430457,,,,1.0
9,water_dipole,70,1.0000001192092896,0.0,0.6106233279430457,0.6106233279430457,,,,1.0
9,water_dipole,71,1.0000001192092896,0.0,0.6106233279430457,0.6106233279430457,,,,1.0
9,water_dipole,72,1.0000001192092896,0.0,0.6106233279430457,0.6106233279430457,,,,1.0
9,water_dipole,73,1.0000001192092896,0.0,0.6106233279430457,0.6106233279430457,,,,1.0
9,water_dipole,74,1.0000001192092896,0.0,0.6106233279430457,0.6106233279430457,,,,1.0
9,water_dipole,75,1.0000001192092896,0.0,0.6106233279430457,0.6106233279430457,,,,1.0
9,water_dipole,76,1.0000001192092896,0.0,0.6106233279430457,0.6106233279430457,,,,1.0
9,water_dipole,77,1.0000001192092896,0.0,0.6106233279430457,0.6106233279430457,,,,1.0
9,water_dipole,78,1.0000001192092896,0.0,0.6106233279430457,0.6106233279430457,,,,1.0
9,water_dipole,79,1.0000001192092896,0.0,0.6106233279430457,0.6106233279430457,,,,1.0
9,water_dipole,80,1.0000001192092896,0.0,0.6106233279430457,0.6106233279430457,,,,1.0
9,water_dipole,81,1.0000001192092896,0.0,0.6106233279430457,0.6106233279430457,,,,1.0
9,water_dipole,82,1.0000001192092896,0.0,0.6106233279430457,0.6106233279430457,,,,1.0
9,water_dipole,83,1.0000001192092896,0.0,0.6106233279430457,0.6106233279430457,,,,1.0
9,water_dipole,84,1.0000001192092896,0.0,0.6106233279430457,0.6106233279430457,,,,1.0
9,water_dipole,85,1.0000001192092896,0.0,0.6106233279430457,0.6106233279430457,,,,1.0
9,water_dipole,86,1.0000001192092896,0.0,0.6106233279430457,0.6106233279430457,,,,1.0
9,water_dipole,87,1.0000001192092896,0.0,0.6106233279430457,0.6106233279430457,,,,1.0
9,water_dipole,88,1.0000001192092896,0.0,0.6106233279430457,0.6106233279430457,,,,1.0
9,water_dipole,89,1.0000001192092896,0.0,0.6106233279430457,0.6106233279430457,,,,1.0
9,water_dipole,90,1.0000001192092896,0.0,0.6106233279430457,0.6106233279430457,,,,1.0
9,water_dipole,91,1.0000001192092896,0.0,0.6106233279430457,0.6106233279430457,,,,1.0
9,water_dipole,92,1.0000001192092896,0.0,0.6106233279430457,0.6106233279430457,,,,1.0
9,water_dipole,93,1.0000001192092896,0.0,0.6106233279430457,0.6106233279430457,,,,1.0
9,water_dipole,94,1.0000001192092896,0.0,0.6106233279430457,0.6106233279430457,,,,1.0
9,water_dipole,95,1.0000001192092896,0.0,0.6106233279430457,0.6106233279430457,,,,1.0
9,water_dipole,96,1.0000001192092896,0.0,0.6106233279430457,0.6106233279430457,,,,1.0
9,water_dipole,97,1.0000001192092896,0.0,0.6106233279430457,0.6106233279430457,,,,1.0
9,water_dipole,98,1.0000001192092896,0.0,0.6106233279430457,0.6106233279430457,,,,1.0
9,water_dipole,99,1.0000001192092896,0.0,0.6106233279430457,0.6106233279430457,,,,1.0
9,water_dipole,100,1.0000001192092896,0.0,0.6106233279430457,0.6106233279430457,,,,1.0
9,water_dipole,101,1.0000001192092896,0.0,0.6106233279430457,0.6106233279430457,,,,1.0
9,water_dipole,102,1.0000001192092896,0.0,0.6106233279430457,0.6106233279430457,,,,1.0
9,water_dipole,103,1.0000001192092896,0.0,0.6106233279430457,0.6106233279430457,,,,1.0
9,water_dipole,104,1.0000001192092896,0.0,0.6106233279430457,0.6106233279430457,,,,1.0
9,water_dipole,105,1.0000001192092896,0.0,0.6106233279430457,0.6106233279430457,,,,1.0
9,water_dipole,106,1.0000001192092896,0.0,0.6106233279430457,0.6106233279430457,,,,1.0
9,water_dipole,107,1.0000001192092896,0.0,0.6106233279430457,0.6106233279430457,,,,1.0
9,water_dipole,108,1.0000001192092896,0.0,0.6106233279430457,0.6106233279430457,,,,1.0
9,water_dipole,109,1.0000001192092896,0.0,0.6106233279430457,0.6106233279430457,,,,1.0
9,water_dipole,110,1.0000001192092896,0.0,0.6106233279430457,0.6106233279430457,,,,1.0
9,water_dipole,111,1.0000001192092896,0.0,0.6106233279430457,0.6106233279430457,,,,1.0
9,water_dipole,112,1.0000001192092896,0.0,0.6106233279430457,0.6106233279430457,,,,1.0
9,water_dipole,113,1.0000001192092896,0.0,0.6106233279430457,0.6106233279430457,,,,1.0
9,water_dipole,114,1.0000001192092896,0.0,0.6106233279430457,0.6106233279430457,,,,1.0
9,water_dipole,115,1.0000001192092896,0.0,0.6106233279430457,0.6106233279430457,,,,1.0
9,water_dipole,116,1.0000001192092896,0.0,0.6106233279430457,0.6106233279430457,,,,1.0
9,water_dipole,117,1.0000001192092896,0.0,0.6106233279430457,0.6106233279430457,,,,1.0
9,water_dipole,118,1.0000001192092896,0.0,0.6106233279430457,0.6106233279430457,,,,1.0
9,water_dipole,119,1.0000001192092896,0.0,0.6106233279430457,0.6106233279430457,,,,1.0
9,water_dipole,120,1.0000001192092896,0.0,0.6106233279430457,0.6106233279430457,,,,1.0
9,water_dipole,121,1.0000001192092896,0.0,0.6106233279430457,0.6106233279430457,,,,1.0
9,water_dipole,122,1.0000001192092896,0.0,0.6106233279430457,0.6106233279430457,,,,1.0
9,water_dipole,123,1.0000001192092896,0.0,0.6106233279430457,0.6106233279430457,,,,1.0
9,water_dipole,124,1.0000001192092896,0.0,0.6106233279430457,0.6106233279430457,,,,1.0
9,water_dipole,125,1.0000001192092896,0.0,0.6106233279430457,0.6106233279430457,,,,1.0
9,water_dipole,126,1.0000001192092896,0.0,0.6106233279430457,0.6106233279430457,,,,1.0
9,water_dipole,127,1.0000001192092896,0.0,0.6106233279430457,0.6106233279430457,,,,1.0
9,water_dipole,128,1.0000001192092896,0.0,0.6106233279430457,0.6106233279430457,,,,1.0
9,water_dipole,129,1.0000001192092896,0.0,0.6106233279430457,0.6106233279430457,,,,1.0
9,water_dipole,130,1.0000001192092896,0.0,0.6106233279430457,0.6106233279430457,,,,1.0
9,water_dipole,131,1.0000001192092896,0.0,0.6106233279430457,0.6106233279430457,,,,1.0
9,water_dipole,132,1.0000001192092896,0.0,0.6106233279430457,0.6106233279430457,,,,1.0
9,water_dipole,133,1.0000001192092896,0.0,0.6106233279430457,0.6106233279430457,,,,1.0
9,water_dipole,134,1.0000001192092896,0.0,0.6106233279430457,0.6106233279430457,,,,1.0
9,water_dipole,135,1.0000001192092896,0.0,0.6106233279430457,0.6106233279430457,,,,1.0
9,water_dipole,136,1.0000001192092896,0.0,0.6106233279430457,0.6106233279430457,,,,1.0
9,water_dipole,137,1.0000001192092896,0.0,0.6106233279430457,0.6106233279430457,,,,1.0
9,water_dipole,138,1.0000001192092896,0.0,0.6106233279430457,0.6106233279430457,,,,1.0
9,water_dipole,139,1.0000001192092896,0.0,0.6106233279430457,0.6106233279430457,,,,1.0
9,water_dipole,140,1.0000001192092896,0.0,0.6106233279430457,0.6106233279430457,,,,1.0
9,water_dipole,141,1.0000001192092896,0.0,0.6106233279430457,0.6106233279430457,,,,1.0
9,water_dipole,142,1.0000001192092896,0.0,0.6106233279430457,0.6106233279430457,,,,1.0
9,water_dipole,143,1.0000001192092896,0.0,0.6106233279430457,0.6106233279430457,,,,1.0
9,water_dipole,144,1.0000001192092896,0.0,0.6106233279430457,0.6106233279430457,,,,1.0
9,water_dipole,145,1.0000001192092896,0.0,0.6106233279430457,0.6106233279430457,,,,1.0
9,water_dipole,146,1.0000001192092896,0.0,0.6106233279430457,0.6106233279430457,,,,1.0
9,water_dipole,147,1.0000001192092896,0.0,0.6106233279430457,0.6106233279430457,,,,1.0
9,water_dipole,148,1.0000001192092896,0.0,0.6106233279430457,0.6106233279430457,,,,1.0
9,water_dipole,149,1.0000001192092896,0.0,0.6106233279430457,0.6106233279430457,,,,1.0
9,water_dipole,150,1.0000001192092896,0.0,0.6106233279430457,0.6106233279430457,,,,1.0
9,water_dipole,151,1.0000001192092896,0.0,0.6106233279430457,0.6106233279430457,,,,1.0
9,water_dipole,152,1.0000001192092896,0.0,0.6106233279430457,0.6106233279430457,,,,1.0
9,water_dipole,153,1.0000001192092896,0.0,0.6106233279430457,0.6106233279430457,,,,1.0
9,water_dipole,154,1.0000001192092896,0.0,0.6106233279430457,0.6106233279430457,,,,1.0
9,water_dipole,155,1.0000001192092896,0.0,0.6106233279430457,0.6106233279430457,,,,1.0
9,water_dipole,156,1.0000001192092896,0.0,0.6106233279430457,0.6106233279430457,,,,1.0
9,water_dipole,157,1.0000001192092896,0.0,0.6106233279430457,0.6106233279430457,,,,1.0
9,water_dipole,158,1.0000001192092896,0.0,0.6106233279430457,0.6106233279430457,,,,1.0
9,water_dipole,159,1.0000001192092896,0.0,0.6106233279430457,0.6106233279430457,,,,1.0
9,water_dipole,160,1.0000001192092896,0.0,0.6106233279430457,0.6106233279430457,,,,1.0
9,water_dipole,161,1.0000001192092896,0.0,0.6106233279430457,0.6106233279430457,,,,1.0
9,water_dipole,162,1.0000001192092896,0.0,0.6106233279430457,0.6106233279430457,,,,1.0
9,water_dipole,163,1.0000001192092896,0.0,0.6106233279430457,0.6106233279430457,,,,1.0
9,water_dipole,164,1.0000001192092896,0.0,0.6106233279430457,0.6106233279430457,,,,1.0
9,water_dipole,165,1.0000001192092896,0.0,0.6106233279430457,0.6106233279430457,,,,1.0
9,water_dipole,166,1.0000001192092896,0.0,0.6106233279430457,0.6106233279430457,,,,1.0
9,water_dipole,167,1.0000001192092896,0.0,0.6106233279430457,0.6106233279430457,,,,1.0
9,water_dipole,168,1.0000001192092896,0.0,0.6106233279430457,0.6106233279430457,,,,1.0
9,water_dipole,169,1.0000001192092896,0.0,0.6106233279430457,0.6106233279430457,,,,1.0
9,water_dipole,170,1.0000001192092896,0.0,0.6106233279430457,0.6106233279430457,,,,1.0
9,water_dipole,171,1.0000001192092896,0.0,0.6106233279430457,0.6106233279430457,,,,1.0
9,water_dipole,172,1.0000001192092896,0.0,0.6106233279430457,0.6106233279430457,,,,1.0
9,water_dipole,173,1.0000001192092896,0.0,0.6106233279430457,0.6106233279430457,,,,1.0
9,water_dipole,174,1.0000001192092896,0.0,0.6106233279430457,0.6106233279430457,,,,1.0
9,water_dipole,175,1.0000001192092896,0.0,0.6106233279430457,0.6106233279430457,,,,1.0
9,water_dipole,176,1.0000001192092896,0.0,0.6106233279430457,0.6106233279430457,,,,1.0
9,water_dipole,177,1.0000001192092896,0.0,0.6106233279430457,0.6106233279430457,,,,1.0
9,water_dipole,178,1.0000001192092896,0.0,0.6106233279430457,0.6106233279430457,,,,1.0
9,water_dipole,179,1.0000001192092896,0.0,0.6106233279430457,0.6106233279430457,,,,1.0
9,water_dipole,180,1.0000001192092896,0.0,0.6106233279430457,0.6106233279430457,,,,1.0
9,water_dipole,181,1.0000001192092896,0.0,0.6106233279430457,0.6106233279430457,,,,1.0
9,water_dipole,182,1.0000001192092896,0.0,0.6106233279430457,0.6106233279430457,,,,1.0
9,water_dipole,183,1.0000001192092896,0.0,0.6106233279430457,0.6106233279430457,,,,1.0
9,water_dipole,184,1.0000001192092896,0.0,0.6106233279430457,0.6106233279430457,,,,1.0
9,water_dipole,185,1.0000001192092896,0.0,0.6106233279430457,0.6106233279430457,,,,1.0
9,water_dipole,186,1.0000001192092896,0.0,0.6106233279430457,0.6106233279430457,,,,1.0
9,water_dipole,187,1.0000001192092896,0.0,0.6106233279430457,0.6106233279430457,,,,1.0
9,water_dipole,188,1.0000001192092896,0.0,0.6106233279430457,0.6106233279430457,,,,1.0
9,water_dipole,189,1.0000001192092896,0.0,0.6106233279430457,0.6106233279430457,,,,1.0
9,water_dipole,190,1.0000001192092896,0.0,0.6106233279430457,0.6106233279430457,,,,1.0
9,water_dipole,191,1.0000001192092896,0.0,0.6106233279430457,0.6106233279430457,,,,1.0
9,water_dipole,192,1.0000001192092896,0.0,0.6106233279430457,0.6106233279430457,,,,1.0
9,water_dipole,193,1.0000001192092896,0.0,0.6106233279430457,0.6106233279430457,,,,1.0
9,water_dipole,194,1.0000001192092896,0.0,0.6106233279430457,0.6106233279430457,,,,1.0
9,water_dipole,195,1.0000001192092896,0.0,0.6106233279430457,0.6106233279430457,,,,1.0
9,water_dipole,196,1.0000001192092896,0.0,0.6106233279430457,0.6106233279430457,,,,1.0
9,water_dipole,197,1.0000001192092896,0.0,0.6106233279430457,0.6106233279430457,,,,1.0
9,water_dipole,198,1.0000001192092896,0.0,0.6106233279430457,0.6106233279430457,,,,1.0
9,water_dipole,199,1.0000001192092896,0.0,0.6106233279430457,0.6106233279430457,,,,1.0
9,water_dipole,200,1.0000001192092896,0.0,0.6106233279430457,0.6106233279430457,,,,1.0
9,water_dipole,201,1.0000001192092896,0.0,0.6106233279430457,0.6106233279430457,,,,1.0
9,water_dipole,202,1.0000001192092896,0.0,0.6106233279430457,0.6106233279430457,,,,1.0
9,water_dipole,203,1.0000001192092896,0.0,0.6106233279430457,0.6106233279430457,,,,1.0
9,water_dipole,204,1.0000001192092896,0.0,0.6106233279430457,0.6106233279430457,,,,1.0
9,water_dipole,205,1.0000001192092896,0.0,0.6106233279430457,0.6106233279430457,,,,1.0
9,water_dipole,206,1.0000001192092896,0.0,0.6106233279430457,0.6106233279430457,,,,1.0
9,water_dipole,207,1.0000001192092896,0.0,0.6106233279430457,0.6106233279430457,,,,1.0
9,water_dipole,208,1.0000001192092896,0.0,0.6106233279430457,0.6106233279430457,,,,1.0
9,water_dipole,209,1.0000001192092896,0.0,0.6106233279430457,0.6106233279430457,,,,1.0
9,water_dipole,210,1.0000001192092896,0.0,0.6106233279430457,0.6106233279430457,,,,1.0
9,water_dipole,211,1.0000001192092896,0.0,0.6106233279430457,0.6106233279430457,,,,1.0
9,water_dipole,212,1.0000001192092896,0.0,0.6106233279430457,0.6106233279430457,,,,1.0
9,water_dipole,213,1.0000001192092896,0.0,0.6106233279430457,0.6106233279430457,,,,1.0
9,water_dipole,214,1.0000001192092896,0.0,0.6106233279430457,0.6106233279430457,,,,1.0
9,water_dipole,215,1.0000001192092896,0.0,0.6106233279430457,0.6106233279430457,,,,1.0
9,water_dipole,216,1.0000001192092896,0.0,0.6106233279430457,0.6106233279430457,,,,1.0
9,water_dipole,217,1.0000001192092896,0.0,0.6106233279430457,0.6106233279430457,,,,1.0
9,water_dipole,218,1.0000001192092896,0.0,0.6106233279430457,0.6106233279430457,,,,1.0
9,water_dipole,219,1.0000001192092896,0.0,0.6106233279430457,0.6106233279430457,,,,1.0
9,water_dipole,220,1.0000001192092896,0.0,0.6106233279430457,0.6106233279430457,,,,1.0
9,water_dipole,221,1.0000001192092896,0.0,0.6106233279430457,0.6106233279430457,,,,1.0
9,water_dipole,222,1.0000001192092896,0.0,0.6106233279430457,0.6106233279430457,,,,1.0
9,water_dipole,223,1.0000001192092896,0.0,0.6106233279430457,0.6106233279430457,,,,1.0
9,water_dipole,224,1.0000001192092896,0.0,0.6106233279430457,0.6106233279430457,,,,1.0
9,water_dipole,225,1.0000001192092896,0.0,0.6106233279430457,0.6106233279430457,,,,1.0
9,water_dipole,226,1.0000001192092896,0.0,0.6106233279430457,0.6106233279430457,,,,1.0
9,water_dipole,227,1.0000001192092896,0.0,0.6106233279430457,0.6106233279430457,,,,1.0
9,water_dipole,228,1.0000001192092896,0.0,0.6106233279430457,0.6106233279430457,,,,1.0
9,water_dipole,229,1.0000001192092896,0.0,0.6106233279430457,0.6106233279430457,,,,1.0
9,water_dipole,230,1.0000001192092896,0.0,0.6106233279430457,0.6106233279430457,,,,1.0
9,water_dipole,231,1.0000001192092896,0.0,0.6106233279430457,0.6106233279430457,,,,1.0
9,water_dipole,232,1.0000001192092896,0.0,0.6106233279430457,0.6106233279430457,,,,1.0
9,water_dipole,233,1.0000001192092896,0.0,0.6106233279430457,0.6106233279430457,,,,1.0
9,water_dipole,234,1.0000001192092896,0.0,0.6106233279430457,0.6106233279430457,,,,1.0
9,water_dipole,235,1.0000001192092896,0.0,0.6106233279430457,0.6106233279430457,,,,1.0
9,water_dipole,236,1.0000001192092896,0.0,0.6106233279430457,0.6106233279430457,,,,1.0
9,water_dipole,237,1.0000001192092896,0.0,0.6106233279430457,0.6106233279430457,,,,1.0
9,water_dipole,238,1.0000001192092896,0.0,0.6106233279430457,0.6106233279430457,,,,1.0
9,water_dipole,239,1.0000001192092896,0.0,0.6106233279430457,0.6106233279430457,,,,1.0
9,water_dipole,240,1.0000001192092896,0.0,0.6106233279430457,0.6106233279430457,,,,1.0
9,water_dipole,241,1.0000001192092896,0.0,0.6106233279430457,0.6106233279430457,,,,1.0
9,water_dipole,242,1.0000001192092896,0.0,0.6106233279430457,0.6106233279430457,,,,1.0
9,water_dipole,243,1.0000001192092896,0.0,0.6106233279430457,0.6106233279430457,,,,1.0
9,water_dipole,244,1.0000001192092896,0.0,0.6106233279430457,0.6106233279430457,,,,1.0
9,water_dipole,245,1.0000001192092896,0.0,0.6106233279430457,0.6106233279430457,,,,1.0
9,water_dipole,246,1.0000001192092896,0.0,0.6106233279430457,0.6106233279430457,,,,1.0
9,water_dipole,247,1.0000001192092896,0.0,0.6106233279430457,0.6106233279430457,,,,1.0
9,water_dipole,248,1.0000001192092896,0.0,0.6106233279430457,0.6106233279430457,,,,1.0
9,water_dipole,249,1.0000001192092896,0.0,0.6106233279430457,0.6106233279430457,,,,1.0
9,acetone_gsolv_eV,0,1.0,0.0,0.6195525243059152,0.6195525243059152,,,,1.0
9,acetone_gsolv_eV,1,1.0,0.0,0.6195525243059152,0.6195525243059152,,,,1.0
9,acetone_gsolv_eV,2,1.0,0.0,0.6195525243059152,0.6195525243059152,,,,1.0
9,acetone_gsolv_eV,3,1.0,0.0,0.6195525243059152,0.6195525243059152,,,,1.0
9,acetone_gsolv_eV,4,1.0,0.0,0.6195525243059152,0.6195525243059152,,,,1.0
9,acetone_gsolv_eV,5,1.0,0.0,0.6195525243059152,0.6195525243059152,,,,1.0
9,acetone_gsolv_eV,6,1.0,0.0,0.6195525243059152,0.6195525243059152,,,,1.0
9,acetone_gsolv_eV,7,1.0,0.0,0.6195525243059152,0.6195525243059152,,,,1.0
9,acetone_gsolv_eV,8,1.0,0.0,0.6195525243059152,0.6195525243059152,,,,1.0
9,acetone_gsolv_eV,9,1.0,0.0,0.6195525243059152,0.6195525243059152,,,,1.0
9,acetone_gsolv_eV,10,1.0,0.0,0.6195525243059152,0.6195525243059152,,,,1.0
9,acetone_gsolv_eV,11,1.0,0.0,0.6195525243059152,0.6195525243059152,,,,1.0
9,acetone_gsolv_eV,12,1.0,0.0,0.6195525243059152,0.6195525243059152,,,,1.0
9,acetone_gsolv_eV,13,1.0,0.0,0.6195525243059152,0.6195525243059152,,,,1.0
9,acetone_gsolv_eV,14,1.0,0.0,0.6195525243059152,0.6195525243059152,,,,1.0
9,acetone_gsolv_eV,15,1.0,0.0,0.6195525243059152,0.6195525243059152,,,,1.0
9,acetone_gsolv_eV,16,1.0,0.0,0.6195525243059152,0.6195525243059152,,,,1.0
9,acetone_gsolv_eV,17,1.0,0.0,0.6195525243059152,0.6195525243059152,,,,1.0
9,acetone_gsolv_eV,18,1.0,0.0,0.6195525243059152,0.6195525243059152,,,,1.0
9,acetone_gsolv_eV,19,1.0,0.0,0.6195525243059152,0.6195525243059152,,,,1.0
9,acetone_gsolv_eV,20,1.0,0.0,0.6195525243059152,0.6195525243059152,,,,1.0
9,acetone_gsolv_eV,21,1.0,0.0,0.6195525243059152,0.6195525243059152,,,,1.0
9,acetone_gsolv_eV,22,1.0,0.0,0.6195525243059152,0.6195525243059152,,,,1.0
9,acetone_gsolv_eV,23,1.0,0.0,0.6195525243059152,0.6195525243059152,,,,1.0
9,acetone_gsolv_eV,24,1.0,0.0,0.6195525243059152,0.6195525243059152,,,,1.0
9,acetone_gsolv_eV,25,1.0,0.0,0.6195525243059152,0.6195525243059152,,,,1.0
9,acetone_gsolv_eV,26,1.0,0.0,0.6195525243059152,0.6195525243059152,,,,1.0
9,acetone_gsolv_eV,27,1.0,0.0,0.6195525243059152,0.6195525243059152,,,,1.0
9,acetone_gsolv_eV,28,1.0,0.0,0.6195525243059152,0.6195525243059152,,,,1.0
9,acetone_gsolv_eV,29,1.0,0.0,0.6195525243059152,0.6195525243059152,,,,1.0
9,acetone_gsolv_eV,30,1.0,0.0,0.6195525243059152,0.6195525243059152,,,,1.0
9,acetone_gsolv_eV,31,1.0,0.0,0.6195525243059152,0.6195525243059152,,,,1.0
9,acetone_gsolv_eV,32,1.0,0.0,0.6195525243059152,0.6195525243059152,,,,1.0
9,acetone_gsolv_eV,33,1.0,0.0,0.6195525243059152,0.6195525243059152,,,,1.0
9,acetone_gsolv_eV,34,1.0,0.0,0.6195525243059152,0.6195525243059152,,,,1.0
9,acetone_gsolv_eV,35,1.0,0.0,0.6195525243059152,0.6195525243059152,,,,1.0
9,acetone_gsolv_eV,36,1.0,0.0,0.6195525243059152,0.6195525243059152,,,,1.0
9,acetone_gsolv_eV,37,1.0,0.0,0.6195525243059152,0.6195525243059152,,,,1.0
9,acetone_gsolv_eV,38,1.0,0.0,0.6195525243059152,0.6195525243059152,,,,1.0
9,acetone_gsolv_eV,39,1.0,0.0,0.6195525243059152,0.6195525243059152,,,,1.0
9,acetone_gsolv_eV,40,1.0,0.0,0.6195525243059152,0.6195525243059152,,,,1.0
9,acetone_gsolv_eV,41,1.0,0.0,0.6195525243059152,0.6195525243059152,,,,1.0
9,acetone_gsolv_eV,42,1.0,0.0,0.6195525243059152,0.6195525243059152,,,,1.0
9,acetone_gsolv_eV,43,1.0,0.0,0.6195525243059152,0.6195525243059152,,,,1.0
9,acetone_gsolv_eV,44,1.0,0.0,0.6195525243059152,0.6195525243059152,,,,1.0
9,acetone_gsolv_eV,45,1.0,0.0,0.6195525243059152,0.6195525243059152,,,,1.0
9,acetone_gsolv_eV,46,1.0,0.0,0.6195525243059152,0.6195525243059152,,,,1.0
9,acetone_gsolv_eV,47,1.0,0.0,0.6195525243059152,0.6195525243059152,,,,1.0
9,acetone_gsolv_eV,48,1.0,0.0,0.6195525243059152,0.6195525243059152,,,,1.0
9,acetone_gsolv_eV,49,1.0,0.0,0.6195525243059152,0.6195525243059152,,,,1.0
9,acetone_gsolv_eV,50,1.0,0.0,0.6195525243059152,0.6195525243059152,,,,1.0
9,acetone_gsolv_eV,51,1.0,0.0,0.6195525243059152,0.6195525243059152,,,,1.0
9,acetone_gsolv_eV,52,1.0,0.0,0.6195525243059152,0.6195525243059152,,,,1.0
9,acetone_gsolv_eV,53,1.0,0.0,0.6195525243059152,0.6195525243059152,,,,1.0
9,acetone_gsolv_eV,54,1.0,0.0,0.6195525243059152,0.6195525243059152,,,,1.0
9,acetone_gsolv_eV,55,1.0,0.0,0.6195525243059152,0.6195525243059152,,,,1.0
9,acetone_gsolv_eV,56,1.0,0.0,0.6195525243059152,0.6195525243059152,,,,1.0
9,acetone_gsolv_eV,57,1.0,0.0,0.6195525243059152,0.6195525243059152,,,,1.0
9,acetone_gsolv_eV,58,1.0,0.0,0.6195525243059152,0.6195525243059152,,,,1.0
9,acetone_gsolv_eV,59,1.0,0.0,0.6195525243059152,0.6195525243059152,,,,1.0
9,acetone_gsolv_eV,60,1.0,0.0,0.6195525243059152,0.6195525243059152,,,,1.0
9,acetone_gsolv_eV,61,1.0,0.0,0.6195525243059152,0.6195525243059152,,,,1.0
9,acetone_gsolv_eV,62,1.0,0.0,0.6195525243059152,0.6195525243059152,,,,1.0
9,acetone_gsolv_eV,63,1.0,0.0,0.6195525243059152,0.6195525243059152,,,,1.0
9,acetone_gsolv_eV,64,1.0,0.0,0.6195525243059152,0.6195525243059152,,,,1.0
9,acetone_gsolv_eV,65,1.0,0.0,0.6195525243059152,0.6195525243059152,,,,1.0
9,acetone_gsolv_eV,66,1.0,0.0,0.6195525243059152,0.6195525243059152,,,,1.0
9,acetone_gsolv_eV,67,1.0,0.0,0.6195525243059152,0.6195525243059152,,,,1.0
9,acetone_gsolv_eV,68,1.0,0.0,0.6195525243059152,0.6195525243059152,,,,1.0
9,acetone_gsolv_eV,69,1.0,0.0,0.6195525243059152,0.6195525243059152,,,,1.0
9,acetone_gsolv_eV,70,1.0,0.0,0.6195525243059152,0.6195525243059152,,,,1.0
9,acetone_gsolv_eV,71,1.0,0.0,0.6195525243059152,0.6195525243059152,,,,1.0
9,acetone_gsolv_eV,72,1.0,0.0,0.6195525243059152,0.6195525243059152,,,,1.0
9,acetone_gsolv_eV,73,1.0,0.0,0.6195525243059152,0.6195525243059152,,,,1.0
9,acetone_gsolv_eV,74,1.0,0.0,0.6195525243059152,0.6195525243059152,,,,1.0
9,acetone_gsolv_eV,75,1.0,0.0,0.6195525243059152,0.6195525243059152,,,,1.0
9,acetone_gsolv_eV,76,1.0,0.0,0.6195525243059152,0.6195525243059152,,,,1.0
9,acetone_gsolv_eV,77,1.0,0.0,0.6195525243059152,0.6195525243059152,,,,1.0
9,acetone_gsolv_eV,78,1.0,0.0,0.6195525243059152,0.6195525243059152,,,,1.0
9,acetone_gsolv_eV,79,1.0,0.0,0.6195525243059152,0.6195525243059152,,,,1.0
9,acetone_gsolv_eV,80,1.0,0.0,0.6195525243059152,0.6195525243059152,,,,1.0
9,acetone_gsolv_eV,81,1.0,0.0,0.6195525243059152,0.6195525243059152,,,,1.0
9,acetone_gsolv_eV,82,1.0,0.0,0.6195525243059152,0.6195525243059152,,,,1.0
9,acetone_gsolv_eV,83,1.0,0.0,0.6195525243059152,0.6195525243059152,,,,1.0
9,acetone_gsolv_eV,84,1.0,0.0,0.6195525243059152,0.6195525243059152,,,,1.0
9,acetone_gsolv_eV,85,1.0,0.0,0.6195525243059152,0.6195525243059152,,,,1.0
9,acetone_gsolv_eV,86,1.0,0.0,0.6195525243059152,0.6195525243059152,,,,1.0
9,acetone_gsolv_eV,87,1.0,0.0,0.6195525243059152,0.6195525243059152,,,,1.0
9,acetone_gsolv_eV,88,1.0,0.0,0.6195525243059152,0.6195525243059152,,,,1.0
9,acetone_gsolv_eV,89,1.0,0.0,0.6195525243059152,0.6195525243059152,,,,1.0
9,acetone_gsolv_eV,90,1.0,0.0,0.6195525243059152,0.6195525243059152,,,,1.0
9,acetone_gsolv_eV,91,1.0,0.0,0.6195525243059152,0.6195525243059152,,,,1.0
9,acetone_gsolv_eV,92,1.0,0.0,0.6195525243059152,0.6195525243059152,,,,1.0
9,acetone_gsolv_eV,93,1.0,0.0,0.6195525243059152,0.6195525243059152,,,,1.0
9,acetone_gsolv_eV,94,1.0,0.0,0.6195525243059152,0.6195525243059152,,,,1.0
9,acetone_gsolv_eV,95,1.0,0.0,0.6195525243059152,0.6195525243059152,,,,1.0
9,acetone_gsolv_eV,96,1.0,0.0,0.6195525243059152,0.6195525243059152,,,,1.0
9,acetone_gsolv_eV,97,1.0,0.0,0.6195525243059152,0.6195525243059152,,,,1.0
9,acetone_gsolv_eV,98,1.0,0.0,0.6195525243059152,0.6195525243059152,,,,1.0
9,acetone_gsolv_eV,99,1.0,0.0,0.6195525243059152,0.6195525243059152,,,,1.0
9,acetone_gsolv_eV,100,1.0,0.0,0.6195525243059152,0.6195525243059152,,,,1.0
9,acetone_gsolv_eV,101,1.0,0.0,0.6195525243059152,0.6195525243059152,,,,1.0
9,acetone_gsolv_eV,102,1.0,0.0,0.6195525243059152,0.6195525243059152,,,,1.0
9,acetone_gsolv_eV,103,1.0,0.0,0.6195525243059152,0.6195525243059152,,,,1.0
9,acetone_gsolv_eV,104,1.0,0.0,0.6195525243059152,0.6195525243059152,,,,1.0
9,acetone_gsolv_eV,105,1.0,0.0,0.6195525243059152,0.6195525243059152,,,,1.0
9,acetone_gsolv_eV,106,1.0,0.0,0.6195525243059152,0.6195525243059152,,,,1.0
9,acetone_gsolv_eV,107,1.0,0.0,0.6195525243059152,0.6195525243059152,,,,1.0
9,acetone_gsolv_eV,108,1.0,0.0,0.6195525243059152,0.6195525243059152,,,,1.0
9,acetone_gsolv_eV,109,1.0,0.0,0.6195525243059152,0.6195525243059152,,,,1.0
9,acetone_gsolv_eV,110,1.0,0.0,0.6195525243059152,0.6195525243059152,,,,1.0
9,acetone_gsolv_eV,111,1.0,0.0,0.6195525243059152,0.6195525243059152,,,,1.0
9,acetone_gsolv_eV,112,1.0,0.0,0.6195525243059152,0.6195525243059152,,,,1.0
9,acetone_gsolv_eV,113,1.0,0.0,0.6195525243059152,0.6195525243059152,,,,1.0
9,acetone_gsolv_eV,114,1.0,0.0,0.6195525243059152,0.6195525243059152,,,,1.0
9,acetone_gsolv_eV,115,1.0,0.0,0.6195525243059152,0.6195525243059152,,,,1.0
9,acetone_gsolv_eV,116,1.0,0.0,0.6195525243059152,0.6195525243059152,,,,1.0
9,acetone_gsolv_eV,117,1.0,0.0,0.6195525243059152,0.6195525243059152,,,,1.0
9,acetone_gsolv_eV,118,1.0,0.0,0.6195525243059152,0.6195525243059152,,,,1.0
9,acetone_gsolv_eV,119,1.0,0.0,0.6195525243059152,0.6195525243059152,,,,1.0
9,acetone_gsolv_eV,120,1.0,0.0,0.6195525243059152,0.6195525243059152,,,,1.0
9,acetone_gsolv_eV,121,1.0,0.0,0.6195525243059152,0.6195525243059152,,,,1.0
9,acetone_gsolv_eV,122,1.0,0.0,0.6195525243059152,0.6195525243059152,,,,1.0
9,acetone_gsolv_eV,123,1.0,0.0,0.6195525243059152,0.6195525243059152,,,,1.0
9,acetone_gsolv_eV,124,1.0,0.0,0.6195525243059152,0.6195525243059152,,,,1.0
9,acetone_gsolv_eV,125,1.0,0.0,0.6195525243059152,0.6195525243059152,,,,1.0
9,acetone_gsolv_eV,126,1.0,0.0,0.6195525243059152,0.6195525243059152,,,,1.0
9,acetone_gsolv_eV,127,1.0,0.0,0.6195525243059152,0.6195525243059152,,,,1.0
9,acetone_gsolv_eV,128,1.0,0.0,0.6195525243059152,0.6195525243059152,,,,1.0
9,acetone_gsolv_eV,129,1.0,0.0,0.6195525243059152,0.6195525243059152,,,,1.0
9,acetone_gsolv_eV,130,1.0,0.0,0.6195525243059152,0.6195525243059152,,,,1.0
9,acetone_gsolv_eV,131,1.0,0.0,0.6195525243059152,0.6195525243059152,,,,1.0
9,acetone_gsolv_eV,132,1.0,0.0,0.6195525243059152,0.6195525243059152,,,,1.0
9,acetone_gsolv_eV,133,1.0,0.0,0.6195525243059152,0.6195525243059152,,,,1.0
9,acetone_gsolv_eV,134,1.0,0.0,0.6195525243059152,0.6195525243059152,,,,1.0
9,acetone_gsolv_eV,135,1.0,0.0,0.6195525243059152,0.6195525243059152,,,,1.0
9,acetone_gsolv_eV,136,1.0,0.0,0.6195525243059152,0.6195525243059152,,,,1.0
9,acetone_gsolv_eV,137,1.0,0.0,0.6195525243059152,0.6195525243059152,,,,1.0
9,acetone_gsolv_eV,138,1.0,0.0,0.6195525243059152,0.6195525243059152,,,,1.0
9,acetone_gsolv_eV,139,1.0,0.0,0.6195525243059152,0.6195525243059152,,,,1.0
9,acetone_gsolv_eV,140,1.0,0.0,0.6195525243059152,0.6195525243059152,,,,1.0
9,acetone_gsolv_eV,141,1.0,0.0,0.6195525243059152,0.6195525243059152,,,,1.0
9,acetone_gsolv_eV,142,1.0,0.0,0.6195525243059152,0.6195525243059152,,,,1.0
9,acetone_gsolv_eV,143,1.0,0.0,0.6195525243059152,0.6195525243059152,,,,1.0
9,acetone_gsolv_eV,144,1.0,0.0,0.6195525243059152,0.6195525243059152,,,,1.0
9,acetone_gsolv_eV,145,1.0,0.0,0.6195525243059152,0.6195525243059152,,,,1.0
9,acetone_gsolv_eV,146,1.0,0.0,0.6195525243059152,0.6195525243059152,,,,1.0
9,acetone_gsolv_eV,147,1.0,0.0,0.6195525243059152,0.6195525243059152,,,,1.0
9,acetone_gsolv_eV,148,1.0,0.0,0.6195525243059152,0.6195525243059152,,,,1.0
9,acetone_gsolv_eV,149,1.0,0.0,0.6195525243059152,0.6195525243059152,,,,1.0
9,acetone_gsolv_eV,150,1.0,0.0,0.6195525243059152,0.6195525243059152,,,,1.0
9,acetone_gsolv_eV,151,1.0,0.0,0.6195525243059152,0.6195525243059152,,,,1.0
9,acetone_gsolv_eV,152,1.0,0.0,0.6195525243059152,0.6195525243059152,,,,1.0
9,acetone_gsolv_eV,153,1.0,0.0,0.6195525243059152,0.6195525243059152,,,,1.0
9,acetone_gsolv_eV,154,1.0,0.0,0.6195525243059152,0.6195525243059152,,,,1.0
9,acetone_gsolv_eV,155,1.0,0.0,0.6195525243059152,0.6195525243059152,,,,1.0
9,acetone_gsolv_eV,156,1.0,0.0,0.6195525243059152,0.6195525243059152,,,,1.0
9,acetone_gsolv_eV,157,1.0,0.0,0.6195525243059152,0.6195525243059152,,,,1.0
9,acetone_gsolv_eV,158,1.0,0.0,0.6195525243059152,0.6195525243059152,,,,1.0
9,acetone_gsolv_eV,159,1.0,0.0,0.6195525243059152,0.6195525243059152,,,,1.0
9,acetone_gsolv_eV,160,1.0,0.0,0.6195525243059152,0.6195525243059152,,,,1.0
9,acetone_gsolv_eV,161,1.0,0.0,0.6195525243059152,0.6195525243059152,,,,1.0
9,acetone_gsolv_eV,162,1.0,0.0,0.6195525243059152,0.6195525243059152,,,,1.0
9,acetone_gsolv_eV,163,1.0,0.0,0.6195525243059152,0.6195525243059152,,,,1.0
9,acetone_gsolv_eV,164,1.0,0.0,0.6195525243059152,0.6195525243059152,,,,1.0
9,acetone_gsolv_eV,165,1.0,0.0,0.6195525243059152,0.6195525243059152,,,,1.0
9,acetone_gsolv_eV,166,1.0,0.0,0.6195525243059152,0.6195525243059152,,,,1.0
9,acetone_gsolv_eV,167,1.0,0.0,0.6195525243059152,0.6195525243059152,,,,1.0
9,acetone_gsolv_eV,168,1.0,0.0,0.6195525243059152,0.6195525243059152,,,,1.0
9,acetone_gsolv_eV,169,1.0,0.0,0.6195525243059152,0.6195525243059152,,,,1.0
9,acetone_gsolv_eV,170,1.0,0.0,0.6195525243059152,0.6195525243059152,,,,1.0
9,acetone_gsolv_eV,171,1.0,0.0,0.6195525243059152,0.6195525243059152,,,,1.0
9,acetone_gsolv_eV,172,1.0,0.0,0.6195525243059152,0.6195525243059152,,,,1.0
9,acetone_gsolv_eV,173,1.0,0.0,0.6195525243059152,0.6195525243059152,,,,1.0
9,acetone_gsolv_eV,174,1.0,0.0,0.6195525243059152,0.6195525243059152,,,,1.0
9,acetone_gsolv_eV,175,1.0,0.0,0.6195525243059152,0.6195525243059152,,,,1.0
9,acetone_gsolv_eV,176,1.0,0.0,0.6195525243059152,0.6195525243059152,,,,1.0
9,acetone_gsolv_eV,177,1.0,0.0,0.6195525243059152,0.6195525243059152,,,,1.0
9,acetone_gsolv_eV,178,1.0,0.0,0.6195525243059152,0.6195525243059152,,,,1.0
9,acetone_gsolv_eV,179,1.0,0.0,0.6195525243059152,0.6195525243059152,,,,1.0
9,acetone_gsolv_eV,180,1.0,0.0,0.6195525243059152,0.6195525243059152,,,,1.0
9,acetone_gsolv_eV,181,1.0,0.0,0.6195525243059152,0.6195525243059152,,,,1.0
9,acetone_gsolv_eV,182,1.0,0.0,0.6195525243059152,0.6195525243059152,,,,1.0
9,acetone_gsolv_eV,183,1.0,0.0,0.6195525243059152,0.6195525243059152,,,,1.0
9,acetone_gsolv_eV,184,1.0,0.0,0.6195525243059152,0.6195525243059152,,,,1.0
9,acetone_gsolv_eV,185,1.0,0.0,0.6195525243059152,0.6195525243059152,,,,1.0
9,acetone_gsolv_eV,186,1.0,0.0,0.6195525243059152,0.6195525243059152,,,,1.0
9,acetone_gsolv_eV,187,1.0,0.0,0.6195525243059152,0.6195525243059152,,,,1.0
9,acetone_gsolv_eV,188,1.0,0.0,0.6195525243059152,0.6195525243059152,,,,1.0
9,acetone_gsolv_eV,189,1.0,0.0,0.6195525243059152,0.6195525243059152,,,,1.0
9,acetone_gsolv_eV,190,1.0,0.0,0.6195525243059152,0.6195525243059152,,,,1.0
9,acetone_gsolv_eV,191,1.0,0.0,0.6195525243059152,0.6195525243059152,,,,1.0
9,acetone_gsolv_eV,192,1.0,0.0,0.6195525243059152,0.6195525243059152,,,,1.0
9,acetone_gsolv_eV,193,1.0,0.0,0.6195525243059152,0.6195525243059152,,,,1.0
9,acetone_gsolv_eV,194,1.0,0.0,0.6195525243059152,0.6195525243059152,,,,1.0
9,acetone_gsolv_eV,195,1.0,0.0,0.6195525243059152,0.6195525243059152,,,,1.0
9,acetone_gsolv_eV,196,1.0,0.0,0.6195525243059152,0.6195525243059152,,,,1.0
9,acetone_gsolv_eV,197,1.0,0.0,0.6195525243059152,0.6195525243059152,,,,1.0
9,acetone_gsolv_eV,198,1.0,0.0,0.6195525243059152,0.6195525243059152,,,,1.0
9,acetone_gsolv_eV,199,1.0,0.0,0.6195525243059152,0.6195525243059152,,,,1.0
9,acetone_gsolv_eV,200,1.0,0.0,0.6195525243059152,0.6195525243059152,,,,1.0
9,acetone_gsolv_eV,201,1.0,0.0,0.6195525243059152,0.6195525243059152,,,,1.0
9,acetone_gsolv_eV,202,1.0,0.0,0.6195525243059152,0.6195525243059152,,,,1.0
9,acetone_gsolv_eV,203,1.0,0.0,0.6195525243059152,0.6195525243059152,,,,1.0
9,acetone_gsolv_eV,204,1.0,0.0,0.6195525243059152,0.6195525243059152,,,,1.0
9,acetone_gsolv_eV,205,1.0,0.0,0.6195525243059152,0.6195525243059152,,,,1.0
9,acetone_gsolv_eV,206,1.0,0.0,0.6195525243059152,0.6195525243059152,,,,1.0
9,acetone_gsolv_eV,207,1.0,0.0,0.6195525243059152,0.6195525243059152,,,,1.0
9,acetone_gsolv_eV,208,1.0,0.0,0.6195525243059152,0.6195525243059152,,,,1.0
9,acetone_gsolv_eV,209,1.0,0.0,0.6195525243059152,0.6195525243059152,,,,1.0
9,acetone_gsolv_eV,210,1.0,0.0,0.6195525243059152,0.6195525243059152,,,,1.0
9,acetone_gsolv_eV,211,1.0,0.0,0.6195525243059152,0.6195525243059152,,,,1.0
9,acetone_gsolv_eV,212,1.0,0.0,0.6195525243059152,0.6195525243059152,,,,1.0
9,acetone_gsolv_eV,213,1.0,0.0,0.6195525243059152,0.6195525243059152,,,,1.0
9,acetone_gsolv_eV,214,1.0,0.0,0.6195525243059152,0.6195525243059152,,,,1.0
9,acetone_gsolv_eV,215,1.0,0.0,0.6195525243059152,0.6195525243059152,,,,1.0
9,acetone_gsolv_eV,216,1.0,0.0,0.6195525243059152,0.6195525243059152,,,,1.0
9,acetone_gsolv_eV,217,1.0,0.0,0.6195525243059152,0.6195525243059152,,,,1.0
9,acetone_gsolv_eV,218,1.0,0.0,0.6195525243059152,0.6195525243059152,,,,1.0
9,acetone_gsolv_eV,219,1.0,0.0,0.6195525243059152,0.6195525243059152,,,,1.0
9,acetone_gsolv_eV,220,1.0,0.0,0.6195525243059152,0.6195525243059152,,,,1.0
9,acetone_gsolv_eV,221,1.0,0.0,0.6195525243059152,0.6195525243059152,,,,1.0
9,acetone_gsolv_eV,222,1.0,0.0,0.6195525243059152,0.6195525243059152,,,,1.0
9,acetone_gsolv_eV,223,1.0,0.0,0.6195525243059152,0.6195525243059152,,,,1.0
9,acetone_gsolv_eV,224,1.0,0.0,0.6195525243059152,0.6195525243059152,,,,1.0
9,acetone_gsolv_eV,225,1.0,0.0,0.6195525243059152,0.6195525243059152,,,,1.0
9,acetone_gsolv_eV,226,1.0,0.0,0.6195525243059152,0.6195525243059152,,,,1.0
9,acetone_gsolv_eV,227,1.0,0.0,0.6195525243059152,0.6195525243059152,,,,1.0
9,acetone_gsolv_eV,228,1.0,0.0,0.6195525243059152,0.6195525243059152,,,,1.0
9,acetone_gsolv_eV,229,1.0,0.0,0.6195525243059152,0.6195525243059152,,,,1.0
9,acetone_gsolv_eV,230,1.0,0.0,0.6195525243059152,0.6195525243059152,,,,1.0
9,acetone_gsolv_eV,231,1.0,0.0,0.6195525243059152,0.6195525243059152,,,,1.0
9,acetone_gsolv_eV,232,1.0,0.0,0.6195525243059152,0.6195525243059152,,,,1.0
9,acetone_gsolv_eV,233,1.0,0.0,0.6195525243059152,0.6195525243059152,,,,1.0
9,acetone_gsolv_eV,234,1.0,0.0,0.6195525243059152,0.6195525243059152,,,,1.0
9,acetone_gsolv_eV,235,1.0,0.0,0.6195525243059152,0.6195525243059152,,,,1.0
9,acetone_gsolv_eV,236,1.0,0.0,0.6195525243059152,0.6195525243059152,,,,1.0
9,acetone_gsolv_eV,237,1.0,0.0,0.6195525243059152,0.6195525243059152,,,,1.0
9,acetone_gsolv_eV,238,1.0,0.0,0.6195525243059152,0.6195525243059152,,,,1.0
9,acetone_gsolv_eV,239,1.0,0.0,0.6195525243059152,0.6195525243059152,,,,1.0
9,acetone_gsolv_eV,240,1.0,0.0,0.6195525243059152,0.6195525243059152,,,,1.0
9,acetone_gsolv_eV,241,1.0,0.0,0.6195525243059152,0.6195525243059152,,,,1.0
9,acetone_gsolv_eV,242,1.0,0.0,0.6195525243059152,0.6195525243059152,,,,1.0
9,acetone_gsolv_eV,243,1.0,0.0,0.6195525243059152,0.6195525243059152,,,,1.0
9,acetone_gsolv_eV,244,1.0,0.0,0.6195525243059152,0.6195525243059152,,,,1.0
9,acetone_gsolv_eV,245,1.0,0.0,0.6195525243059152,0.6195525243059152,,,,1.0
9,acetone_gsolv_eV,246,1.0,0.0,0.6195525243059152,0.6195525243059152,,,,1.0
9,acetone_gsolv_eV,247,1.0,0.0,0.6195525243059152,0.6195525243059152,,,,1.0
9,acetone_gsolv_eV,248,1.0,0.0,0.6195525243059152,0.6195525243059152,,,,1.0
9,acetone_gsolv_eV,249,1.0,0.0,0.6195525243059152,0.6195525243059152,,,,1.0
9,acetone_hl_gap_eV,0,1.0,0.0,0.699264884024323,0.699264884024323,,,,1.0
9,acetone_hl_gap_eV,1,1.0,0.0,0.699264884024323,0.699264884024323,,,,1.0
9,acetone_hl_gap_eV,2,1.0,0.0,0.699264884024323,0.699264884024323,,,,1.0
9,acetone_hl_gap_eV,3,1.0,0.0,0.699264884024323,0.699264884024323,,,,1.0
9,acetone_hl_gap_eV,4,1.0,0.0,0.699264884024323,0.699264884024323,,,,1.0
9,acetone_hl_gap_eV,5,1.0,0.0,0.699264884024323,0.699264884024323,,,,1.0
9,acetone_hl_gap_eV,6,1.0,0.0,0.699264884024323,0.699264884024323,,,,1.0
9,acetone_hl_gap_eV,7,1.0,0.0,0.699264884024323,0.699264884024323,,,,1.0
9,acetone_hl_gap_eV,8,1.0,0.0,0.699264884024323,0.699264884024323,,,,1.0
9,acetone_hl_gap_eV,9,1.0,0.0,0.699264884024323,0.699264884024323,,,,1.0
9,acetone_hl_gap_eV,10,1.0,0.0,0.699264884024323,0.699264884024323,,,,1.0
9,acetone_hl_gap_eV,11,1.0,0.0,0.699264884024323,0.699264884024323,,,,1.0
9,acetone_hl_gap_eV,12,1.0,0.0,0.699264884024323,0.699264884024323,,,,1.0
9,acetone_hl_gap_eV,13,1.0,0.0,0.699264884024323,0.699264884024323,,,,1.0
9,acetone_hl_gap_eV,14,1.0,0.0,0.699264884024323,0.699264884024323,,,,1.0
9,acetone_hl_gap_eV,15,1.0,0.0,0.699264884024323,0.699264884024323,,,,1.0
9,acetone_hl_gap_eV,16,1.0,0.0,0.699264884024323,0.699264884024323,,,,1.0
9,acetone_hl_gap_eV,17,1.0,0.0,0.699264884024323,0.699264884024323,,,,1.0
9,acetone_hl_gap_eV,18,1.0,0.0,0.699264884024323,0.699264884024323,,,,1.0
9,acetone_hl_gap_eV,19,1.0,0.0,0.699264884024323,0.699264884024323,,,,1.0
9,acetone_hl_gap_eV,20,1.0,0.0,0.699264884024323,0.699264884024323,,,,1.0
9,acetone_hl_gap_eV,21,1.0,0.0,0.699264884024323,0.699264884024323,,,,1.0
9,acetone_hl_gap_eV,22,1.0,0.0,0.699264884024323,0.699264884024323,,,,1.0
9,acetone_hl_gap_eV,23,1.0,0.0,0.699264884024323,0.699264884024323,,,,1.0
9,acetone_hl_gap_eV,24,1.0,0.0,0.699264884024323,0.699264884024323,,,,1.0
9,acetone_hl_gap_eV,25,1.0,0.0,0.699264884024323,0.699264884024323,,,,1.0
9,acetone_hl_gap_eV,26,1.0,0.0,0.699264884024323,0.699264884024323,,,,1.0
9,acetone_hl_gap_eV,27,1.0,0.0,0.699264884024323,0.699264884024323,,,,1.0
9,acetone_hl_gap_eV,28,1.0,0.0,0.699264884024323,0.699264884024323,,,,1.0
9,acetone_hl_gap_eV,29,1.0,0.0,0.699264884024323,0.699264884024323,,,,1.0
9,acetone_hl_gap_eV,30,1.0,0.0,0.699264884024323,0.699264884024323,,,,1.0
9,acetone_hl_gap_eV,31,1.0,0.0,0.699264884024323,0.699264884024323,,,,1.0
9,acetone_hl_gap_eV,32,1.0,0.0,0.699264884024323,0.699264884024323,,,,1.0
9,acetone_hl_gap_eV,33,1.0,0.0,0.699264884024323,0.699264884024323,,,,1.0
9,acetone_hl_gap_eV,34,1.0,0.0,0.699264884024323,0.699264884024323,,,,1.0
9,acetone_hl_gap_eV,35,1.0,0.0,0.699264884024323,0.699264884024323,,,,1.0
9,acetone_hl_gap_eV,36,1.0,0.0,0.699264884024323,0.699264884024323,,,,1.0
9,acetone_hl_gap_eV,37,1.0,0.0,0.699264884024323,0.699264884024323,,,,1.0
9,acetone_hl_gap_eV,38,1.0,0.0,0.699264884024323,0.699264884024323,,,,1.0
9,acetone_hl_gap_eV,39,1.0,0.0,0.699264884024323,0.699264884024323,,,,1.0
9,acetone_hl_gap_eV,40,1.0,0.0,0.699264884024323,0.699264884024323,,,,1.0
9,acetone_hl_gap_eV,41,1.0,0.0,0.699264884024323,0.699264884024323,,,,1.0
9,acetone_hl_gap_eV,42,1.0,0.0,0.699264884024323,0.699264884024323,,,,1.0
9,acetone_hl_gap_eV,43,1.0,0.0,0.699264884024323,0.699264884024323,,,,1.0
9,acetone_hl_gap_eV,44,1.0,0.0,0.699264884024323,0.699264884024323,,,,1.0
9,acetone_hl_gap_eV,45,1.0,0.0,0.699264884024323,0.699264884024323,,,,1.0
9,acetone_hl_gap_eV,46,1.0,0.0,0.699264884024323,0.699264884024323,,,,1.0
9,acetone_hl_gap_eV,47,1.0,0.0,0.699264884024323,0.699264884024323,,,,1.0
9,acetone_hl_gap_eV,48,1.0,0.0,0.699264884024323,0.699264884024323,,,,1.0
9,acetone_hl_gap_eV,49,1.0,0.0,0.699264884024323,0.699264884024323,,,,1.0
9,acetone_hl_gap_eV,50,1.0,0.0,0.699264884024323,0.699264884024323,,,,1.0
9,acetone_hl_gap_eV,51,1.0,0.0,0.699264884024323,0.699264884024323,,,,1.0
9,acetone_hl_gap_eV,52,1.0,0.0,0.699264884024323,0.699264884024323,,,,1.0
9,acetone_hl_gap_eV,53,1.0,0.0,0.699264884024323,0.699264884024323,,,,1.0
9,acetone_hl_gap_eV,54,1.0,0.0,0.699264884024323,0.699264884024323,,,,1.0
9,acetone_hl_gap_eV,55,1.0,0.0,0.699264884024323,0.699264884024323,,,,1.0
9,acetone_hl_gap_eV,56,1.0,0.0,0.699264884024323,0.699264884024323,,,,1.0
9,acetone_hl_gap_eV,57,1.0,0.0,0.699264884024323,0.699264884024323,,,,1.0
9,acetone_hl_gap_eV,58,1.0,0.0,0.699264884024323,0.699264884024323,,,,1.0
9,acetone_hl_gap_eV,59,1.0,0.0,0.699264884024323,0.699264884024323,,,,1.0
9,acetone_hl_gap_eV,60,1.0,0.0,0.699264884024323,0.699264884024323,,,,1.0
9,acetone_hl_gap_eV,61,1.0,0.0,0.699264884024323,0.699264884024323,,,,1.0
9,acetone_hl_gap_eV,62,1.0,0.0,0.699264884024323,0.699264884024323,,,,1.0
9,acetone_hl_gap_eV,63,1.0,0.0,0.699264884024323,0.699264884024323,,,,1.0
9,acetone_hl_gap_eV,64,1.0,0.0,0.699264884024323,0.699264884024323,,,,1.0
9,acetone_hl_gap_eV,65,1.0,0.0,0.699264884024323,0.699264884024323,,,,1.0
9,acetone_hl_gap_eV,66,1.0,0.0,0.699264884024323,0.699264884024323,,,,1.0
9,acetone_hl_gap_eV,67,1.0,0.0,0.699264884024323,0.699264884024323,,,,1.0
9,acetone_hl_gap_eV,68,1.0,0.0,0.699264884024323,0.699264884024323,,,,1.0
9,acetone_hl_gap_eV,69,1.0,0.0,0.699264884024323,0.699264884024323,,,,1.0
9,acetone_hl_gap_eV,70,1.0,0.0,0.699264884024323,0.699264884024323,,,,1.0
9,acetone_hl_gap_eV,71,1.0,0.0,0.699264884024323,0.699264884024323,,,,1.0
9,acetone_hl_gap_eV,72,1.0,0.0,0.699264884024323,0.699264884024323,,,,1.0
9,acetone_hl_gap_eV,73,1.0,0.0,0.699264884024323,0.699264884024323,,,,1.0
9,acetone_hl_gap_eV,74,1.0,0.0,0.699264884024323,0.699264884024323,,,,1.0
9,acetone_hl_gap_eV,75,1.0,0.0,0.699264884024323,0.699264884024323,,,,1.0
9,acetone_hl_gap_eV,76,1.0,0.0,0.699264884024323,0.699264884024323,,,,1.0
9,acetone_hl_gap_eV,77,1.0,0.0,0.699264884024323,0.699264884024323,,,,1.0
9,acetone_hl_gap_eV,78,1.0,0.0,0.699264884024323,0.699264884024323,,,,1.0
9,acetone_hl_gap_eV,79,1.0,0.0,0.699264884024323,0.699264884024323,,,,1.0
9,acetone_hl_gap_eV,80,1.0,0.0,0.699264884024323,0.699264884024323,,,,1.0
9,acetone_hl_gap_eV,81,1.0,0.0,0.699264884024323,0.699264884024323,,,,1.0
9,acetone_hl_gap_eV,82,1.0,0.0,0.699264884024323,0.699264884024323,,,,1.0
9,acetone_hl_gap_eV,83,1.0,0.0,0.699264884024323,0.699264884024323,,,,1.0
9,acetone_hl_gap_eV,84,1.0,0.0,0.699264884024323,0.699264884024323,,,,1.0
9,acetone_hl_gap_eV,85,1.0,0.0,0.699264884024323,0.699264884024323,,,,1.0
9,acetone_hl_gap_eV,86,1.0,0.0,0.699264884024323,0.699264884024323,,,,1.0
9,acetone_hl_gap_eV,87,1.0,0.0,0.699264884024323,0.699264884024323,,,,1.0
9,acetone_hl_gap_eV,88,1.0,0.0,0.699264884024323,0.699264884024323,,,,1.0
9,acetone_hl_gap_eV,89,1.0,0.0,0.699264884024323,0.699264884024323,,,,1.0
9,acetone_hl_gap_eV,90,1.0,0.0,0.699264884024323,0.699264884024323,,,,1.0
9,acetone_hl_gap_eV,91,1.0,0.0,0.699264884024323,0.699264884024323,,,,1.0
9,acetone_hl_gap_eV,92,1.0,0.0,0.699264884024323,0.699264884024323,,,,1.0
9,acetone_hl_gap_eV,93,1.0,0.0,0.699264884024323,0.699264884024323,,,,1.0
9,acetone_hl_gap_eV,94,1.0,0.0,0.699264884024323,0.699264884024323,,,,1.0
9,acetone_hl_gap_eV,95,1.0,0.0,0.699264884024323,0.699264884024323,,,,1.0
9,acetone_hl_gap_eV,96,1.0,0.0,0.699264884024323,0.699264884024323,,,,1.0
9,acetone_hl_gap_eV,97,1.0,0.0,0.699264884024323,0.699264884024323,,,,1.0
9,acetone_hl_gap_eV,98,1.0,0.0,0.699264884024323,0.699264884024323,,,,1.0
9,acetone_hl_gap_eV,99,1.0,0.0,0.699264884024323,0.699264884024323,,,,1.0
9,acetone_hl_gap_eV,100,1.0,0.0,0.699264884024323,0.699264884024323,,,,1.0
9,acetone_hl_gap_eV,101,1.0,0.0,0.699264884024323,0.699264884024323,,,,1.0
9,acetone_hl_gap_eV,102,1.0,0.0,0.699264884024323,0.699264884024323,,,,1.0
9,acetone_hl_gap_eV,103,1.0,0.0,0.699264884024323,0.699264884024323,,,,1.0
9,acetone_hl_gap_eV,104,1.0,0.0,0.699264884024323,0.699264884024323,,,,1.0
9,acetone_hl_gap_eV,105,1.0,0.0,0.699264884024323,0.699264884024323,,,,1.0
9,acetone_hl_gap_eV,106,1.0,0.0,0.699264884024323,0.699264884024323,,,,1.0
9,acetone_hl_gap_eV,107,1.0,0.0,0.699264884024323,0.699264884024323,,,,1.0
9,acetone_hl_gap_eV,108,1.0,0.0,0.699264884024323,0.699264884024323,,,,1.0
9,acetone_hl_gap_eV,109,1.0,0.0,0.699264884024323,0.699264884024323,,,,1.0
9,acetone_hl_gap_eV,110,1.0,0.0,0.699264884024323,0.699264884024323,,,,1.0
9,acetone_hl_gap_eV,111,1.0,0.0,0.699264884024323,0.699264884024323,,,,1.0
9,acetone_hl_gap_eV,112,1.0,0.0,0.699264884024323,0.699264884024323,,,,1.0
9,acetone_hl_gap_eV,113,1.0,0.0,0.699264884024323,0.699264884024323,,,,1.0
9,acetone_hl_gap_eV,114,1.0,0.0,0.699264884024323,0.699264884024323,,,,1.0
9,acetone_hl_gap_eV,115,1.0,0.0,0.699264884024323,0.699264884024323,,,,1.0
9,acetone_hl_gap_eV,116,1.0,0.0,0.699264884024323,0.699264884024323,,,,1.0
9,acetone_hl_gap_eV,117,1.0,0.0,0.699264884024323,0.699264884024323,,,,1.0
9,acetone_hl_gap_eV,118,1.0,0.0,0.699264884024323,0.699264884024323,,,,1.0
9,acetone_hl_gap_eV,119,1.0,0.0,0.699264884024323,0.699264884024323,,,,1.0
9,acetone_hl_gap_eV,120,1.0,0.0,0.699264884024323,0.699264884024323,,,,1.0
9,acetone_hl_gap_eV,121,1.0,0.0,0.699264884024323,0.699264884024323,,,,1.0
9,acetone_hl_gap_eV,122,1.0,0.0,0.699264884024323,0.699264884024323,,,,1.0
9,acetone_hl_gap_eV,123,1.0,0.0,0.699264884024323,0.699264884024323,,,,1.0
9,acetone_hl_gap_eV,124,1.0,0.0,0.699264884024323,0.699264884024323,,,,1.0
9,acetone_hl_gap_eV,125,1.0,0.0,0.699264884024323,0.699264884024323,,,,1.0
9,acetone_hl_gap_eV,126,1.0,0.0,0.699264884024323,0.699264884024323,,,,1.0
9,acetone_hl_gap_eV,127,1.0,0.0,0.699264884024323,0.699264884024323,,,,1.0
9,acetone_hl_gap_eV,128,1.0,0.0,0.699264884024323,0.699264884024323,,,,1.0
9,acetone_hl_gap_eV,129,1.0,0.0,0.699264884024323,0.699264884024323,,,,1.0
9,acetone_hl_gap_eV,130,1.0,0.0,0.699264884024323,0.699264884024323,,,,1.0
9,acetone_hl_gap_eV,131,1.0,0.0,0.699264884024323,0.699264884024323,,,,1.0
9,acetone_hl_gap_eV,132,1.0,0.0,0.699264884024323,0.699264884024323,,,,1.0
9,acetone_hl_gap_eV,133,1.0,0.0,0.699264884024323,0.699264884024323,,,,1.0
9,acetone_hl_gap_eV,134,1.0,0.0,0.699264884024323,0.699264884024323,,,,1.0
9,acetone_hl_gap_eV,135,1.0,0.0,0.699264884024323,0.699264884024323,,,,1.0
9,acetone_hl_gap_eV,136,1.0,0.0,0.699264884024323,0.699264884024323,,,,1.0
9,acetone_hl_gap_eV,137,1.0,0.0,0.699264884024323,0.699264884024323,,,,1.0
9,acetone_hl_gap_eV,138,1.0,0.0,0.699264884024323,0.699264884024323,,,,1.0
9,acetone_hl_gap_eV,139,1.0,0.0,0.699264884024323,0.699264884024323,,,,1.0
9,acetone_hl_gap_eV,140,1.0,0.0,0.699264884024323,0.699264884024323,,,,1.0
9,acetone_hl_gap_eV,141,1.0,0.0,0.699264884024323,0.699264884024323,,,,1.0
9,acetone_hl_gap_eV,142,1.0,0.0,0.699264884024323,0.699264884024323,,,,1.0
9,acetone_hl_gap_eV,143,1.0,0.0,0.699264884024323,0.699264884024323,,,,1.0
9,acetone_hl_gap_eV,144,1.0,0.0,0.699264884024323,0.699264884024323,,,,1.0
9,acetone_hl_gap_eV,145,1.0,0.0,0.699264884024323,0.699264884024323,,,,1.0
9,acetone_hl_gap_eV,146,1.0,0.0,0.699264884024323,0.699264884024323,,,,1.0
9,acetone_hl_gap_eV,147,1.0,0.0,0.699264884024323,0.699264884024323,,,,1.0
9,acetone_hl_gap_eV,148,1.0,0.0,0.699264884024323,0.699264884024323,,,,1.0
9,acetone_hl_gap_eV,149,1.0,0.0,0.699264884024323,0.699264884024323,,,,1.0
9,acetone_hl_gap_eV,150,1.0,0.0,0.699264884024323,0.699264884024323,,,,1.0
9,acetone_hl_gap_eV,151,1.0,0.0,0.699264884024323,0.699264884024323,,,,1.0
9,acetone_hl_gap_eV,152,1.0,0.0,0.699264884024323,0.699264884024323,,,,1.0
9,acetone_hl_gap_eV,153,1.0,0.0,0.699264884024323,0.699264884024323,,,,1.0
9,acetone_hl_gap_eV,154,1.0,0.0,0.699264884024323,0.699264884024323,,,,1.0
9,acetone_hl_gap_eV,155,1.0,0.0,0.699264884024323,0.699264884024323,,,,1.0
9,acetone_hl_gap_eV,156,1.0,0.0,0.699264884024323,0.699264884024323,,,,1.0
9,acetone_hl_gap_eV,157,1.0,0.0,0.699264884024323,0.699264884024323,,,,1.0
9,acetone_hl_gap_eV,158,1.0,0.0,0.699264884024323,0.699264884024323,,,,1.0
9,acetone_hl_gap_eV,159,1.0,0.0,0.699264884024323,0.699264884024323,,,,1.0
9,acetone_hl_gap_eV,160,1.0,0.0,0.699264884024323,0.699264884024323,,,,1.0
9,acetone_hl_gap_eV,161,1.0,0.0,0.699264884024323,0.699264884024323,,,,1.0
9,acetone_hl_gap_eV,162,1.0,0.0,0.699264884024323,0.699264884024323,,,,1.0
9,acetone_hl_gap_eV,163,1.0,0.0,0.699264884024323,0.699264884024323,,,,1.0
9,acetone_hl_gap_eV,164,1.0,0.0,0.699264884024323,0.699264884024323,,,,1.0
9,acetone_hl_gap_eV,165,1.0,0.0,0.699264884024323,0.699264884024323,,,,1.0
9,acetone_hl_gap_eV,166,1.0,0.0,0.699264884024323,0.699264884024323,,,,1.0
9,acetone_hl_gap_eV,167,1.0,0.0,0.699264884024323,0.699264884024323,,,,1.0
9,acetone_hl_gap_eV,168,1.0,0.0,0.699264884024323,0.699264884024323,,,,1.0
9,acetone_hl_gap_eV,169,1.0,0.0,0.699264884024323,0.699264884024323,,,,1.0
9,acetone_hl_gap_eV,170,1.0,0.0,0.699264884024323,0.699264884024323,,,,1.0
9,acetone_hl_gap_eV,171,1.0,0.0,0.699264884024323,0.699264884024323,,,,1.0
9,acetone_hl_gap_eV,172,1.0,0.0,0.699264884024323,0.699264884024323,,,,1.0
9,acetone_hl_gap_eV,173,1.0,0.0,0.699264884024323,0.699264884024323,,,,1.0
9,acetone_hl_gap_eV,174,1.0,0.0,0.699264884024323,0.699264884024323,,,,1.0
9,acetone_hl_gap_eV,175,1.0,0.0,0.699264884024323,0.699264884024323,,,,1.0
9,acetone_hl_gap_eV,176,1.0,0.0,0.699264884024323,0.699264884024323,,,,1.0
9,acetone_hl_gap_eV,177,1.0,0.0,0.699264884024323,0.699264884024323,,,,1.0
9,acetone_hl_gap_eV,178,1.0,0.0,0.699264884024323,0.699264884024323,,,,1.0
9,acetone_hl_gap_eV,179,1.0,0.0,0.699264884024323,0.699264884024323,,,,1.0
9,acetone_hl_gap_eV,180,1.0,0.0,0.699264884024323,0.699264884024323,,,,1.0
9,acetone_hl_gap_eV,181,1.0,0.0,0.699264884024323,0.699264884024323,,,,1.0
9,acetone_hl_gap_eV,182,1.0,0.0,0.699264884024323,0.699264884024323,,,,1.0
9,acetone_hl_gap_eV,183,1.0,0.0,0.699264884024323,0.699264884024323,,,,1.0
9,acetone_hl_gap_eV,184,1.0,0.0,0.699264884024323,0.699264884024323,,,,1.0
9,acetone_hl_gap_eV,185,1.0,0.0,0.699264884024323,0.699264884024323,,,,1.0
9,acetone_hl_gap_eV,186,1.0,0.0,0.699264884024323,0.699264884024323,,,,1.0
9,acetone_hl_gap_eV,187,1.0,0.0,0.699264884024323,0.699264884024323,,,,1.0
9,acetone_hl_gap_eV,188,1.0,0.0,0.699264884024323,0.699264884024323,,,,1.0
9,acetone_hl_gap_eV,189,1.0,0.0,0.699264884024323,0.699264884024323,,,,1.0
9,acetone_hl_gap_eV,190,1.0,0.0,0.699264884024323,0.699264884024323,,,,1.0
9,acetone_hl_gap_eV,191,1.0,0.0,0.699264884024323,0.699264884024323,,,,1.0
9,acetone_hl_gap_eV,192,1.0,0.0,0.699264884024323,0.699264884024323,,,,1.0
9,acetone_hl_gap_eV,193,1.0,0.0,0.699264884024323,0.699264884024323,,,,1.0
9,acetone_hl_gap_eV,194,1.0,0.0,0.699264884024323,0.699264884024323,,,,1.0
9,acetone_hl_gap_eV,195,1.0,0.0,0.699264884024323,0.699264884024323,,,,1.0
9,acetone_hl_gap_eV,196,1.0,0.0,0.699264884024323,0.699264884024323,,,,1.0
9,acetone_hl_gap_eV,197,1.0,0.0,0.699264884024323,0.699264884024323,,,,1.0
9,acetone_hl_gap_eV,198,1.0,0.0,0.699264884024323,0.699264884024323,,,,1.0
9,acetone_hl_gap_eV,199,1.0,0.0,0.699264884024323,0.699264884024323,,,,1.0
9,acetone_hl_gap_eV,200,1.0,0.0,0.699264884024323,0.699264884024323,,,,1.0
9,acetone_hl_gap_eV,201,1.0,0.0,0.699264884024323,0.699264884024323,,,,1.0
9,acetone_hl_gap_eV,202,1.0,0.0,0.699264884024323,0.699264884024323,,,,1.0
9,acetone_hl_gap_eV,203,1.0,0.0,0.699264884024323,0.699264884024323,,,,1.0
9,acetone_hl_gap_eV,204,1.0,0.0,0.699264884024323,0.699264884024323,,,,1.0
9,acetone_hl_gap_eV,205,1.0,0.0,0.699264884024323,0.699264884024323,,,,1.0
9,acetone_hl_gap_eV,206,1.0,0.0,0.699264884024323,0.699264884024323,,,,1.0
9,acetone_hl_gap_eV,207,1.0,0.0,0.699264884024323,0.699264884024323,,,,1.0
9,acetone_hl_gap_eV,208,1.0,0.0,0.699264884024323,0.699264884024323,,,,1.0
9,acetone_hl_gap_eV,209,1.0,0.0,0.699264884024323,0.699264884024323,,,,1.0
9,acetone_hl_gap_eV,210,1.0,0.0,0.699264884024323,0.699264884024323,,,,1.0
9,acetone_hl_gap_eV,211,1.0,0.0,0.699264884024323,0.699264884024323,,,,1.0
9,acetone_hl_gap_eV,212,1.0,0.0,0.699264884024323,0.699264884024323,,,,1.0
9,acetone_hl_gap_eV,213,1.0,0.0,0.699264884024323,0.699264884024323,,,,1.0
9,acetone_hl_gap_eV,214,1.0,0.0,0.699264884024323,0.699264884024323,,,,1.0
9,acetone_hl_gap_eV,215,1.0,0.0,0.699264884024323,0.699264884024323,,,,1.0
9,acetone_hl_gap_eV,216,1.0,0.0,0.699264884024323,0.699264884024323,,,,1.0
9,acetone_hl_gap_eV,217,1.0,0.0,0.699264884024323,0.699264884024323,,,,1.0
9,acetone_hl_gap_eV,218,1.0,0.0,0.699264884024323,0.699264884024323,,,,1.0
9,acetone_hl_gap_eV,219,1.0,0.0,0.699264884024323,0.699264884024323,,,,1.0
9,acetone_hl_gap_eV,220,1.0,0.0,0.699264884024323,0.699264884024323,,,,1.0
9,acetone_hl_gap_eV,221,1.0,0.0,0.699264884024323,0.699264884024323,,,,1.0
9,acetone_hl_gap_eV,222,1.0,0.0,0.699264884024323,0.699264884024323,,,,1.0
9,acetone_hl_gap_eV,223,1.0,0.0,0.699264884024323,0.699264884024323,,,,1.0
9,acetone_hl_gap_eV,224,1.0,0.0,0.699264884024323,0.699264884024323,,,,1.0
9,acetone_hl_gap_eV,225,1.0,0.0,0.699264884024323,0.699264884024323,,,,1.0
9,acetone_hl_gap_eV,226,1.0,0.0,0.699264884024323,0.699264884024323,,,,1.0
9,acetone_hl_gap_eV,227,1.0,0.0,0.699264884024323,0.699264884024323,,,,1.0
9,acetone_hl_gap_eV,228,1.0,0.0,0.699264884024323,0.699264884024323,,,,1.0
9,acetone_hl_gap_eV,229,1.0,0.0,0.699264884024323,0.699264884024323,,,,1.0
9,acetone_hl_gap_eV,230,1.0,0.0,0.699264884024323,0.699264884024323,,,,1.0
9,acetone_hl_gap_eV,231,1.0,0.0,0.699264884024323,0.699264884024323,,,,1.0
9,acetone_hl_gap_eV,232,1.0,0.0,0.699264884024323,0.699264884024323,,,,1.0
9,acetone_hl_gap_eV,233,1.0,0.0,0.699264884024323,0.699264884024323,,,,1.0
9,acetone_hl_gap_eV,234,1.0,0.0,0.699264884024323,0.699264884024323,,,,1.0
9,acetone_hl_gap_eV,235,1.0,0.0,0.699264884024323,0.699264884024323,,,,1.0
9,acetone_hl_gap_eV,236,1.0,0.0,0.699264884024323,0.699264884024323,,,,1.0
9,acetone_hl_gap_eV,237,1.0,0.0,0.699264884024323,0.699264884024323,,,,1.0
9,acetone_hl_gap_eV,238,1.0,0.0,0.699264884024323,0.699264884024323,,,,1.0
9,acetone_hl_gap_eV,239,1.0,0.0,0.699264884024323,0.699264884024323,,,,1.0
9,acetone_hl_gap_eV,240,1.0,0.0,0.699264884024323,0.699264884024323,,,,1.0
9,acetone_hl_gap_eV,241,1.0,0.0,0.699264884024323,0.699264884024323,,,,1.0
9,acetone_hl_gap_eV,242,1.0,0.0,0.699264884024323,0.699264884024323,,,,1.0
9,acetone_hl_gap_eV,243,1.0,0.0,0.699264884024323,0.699264884024323,,,,1.0
9,acetone_hl_gap_eV,244,1.0,0.0,0.699264884024323,0.699264884024323,,,,1.0
9,acetone_hl_gap_eV,245,1.0,0.0,0.699264884024323,0.699264884024323,,,,1.0
9,acetone_hl_gap_eV,246,1.0,0.0,0.699264884024323,0.699264884024323,,,,1.0
9,acetone_hl_gap_eV,247,1.0,0.0,0.699264884024323,0.699264884024323,,,,1.0
9,acetone_hl_gap_eV,248,1.0,0.0,0.699264884024323,0.699264884024323,,,,1.0
9,acetone_hl_gap_eV,249,1.0,0.0,0.699264884024323,0.699264884024323,,,,1.0
9,acetone_dipole,0,1.0,0.0,0.6197280584440144,0.6197280584440144,,,,1.0
9,acetone_dipole,1,1.0,0.0,0.6197280584440144,0.6197280584440144,,,,1.0
9,acetone_dipole,2,1.0,0.0,0.6197280584440144,0.6197280584440144,,,,1.0
9,acetone_dipole,3,1.0,0.0,0.6197280584440144,0.6197280584440144,,,,1.0
9,acetone_dipole,4,1.0,0.0,0.6197280584440144,0.6197280584440144,,,,1.0
9,acetone_dipole,5,1.0,0.0,0.6197280584440144,0.6197280584440144,,,,1.0
9,acetone_dipole,6,1.0,0.0,0.6197280584440144,0.6197280584440144,,,,1.0
9,acetone_dipole,7,1.0,0.0,0.6197280584440144,0.6197280584440144,,,,1.0
9,acetone_dipole,8,1.0,0.0,0.6197280584440144,0.6197280584440144,,,,1.0
9,acetone_dipole,9,1.0,0.0,0.6197280584440144,0.6197280584440144,,,,1.0
9,acetone_dipole,10,1.0,0.0,0.6197280584440144,0.6197280584440144,,,,1.0
9,acetone_dipole,11,1.0,0.0,0.6197280584440144,0.6197280584440144,,,,1.0
9,acetone_dipole,12,1.0,0.0,0.6197280584440144,0.6197280584440144,,,,1.0
9,acetone_dipole,13,1.0,0.0,0.6197280584440144,0.6197280584440144,,,,1.0
9,acetone_dipole,14,1.0,0.0,0.6197280584440144,0.6197280584440144,,,,1.0
9,acetone_dipole,15,1.0,0.0,0.6197280584440144,0.6197280584440144,,,,1.0
9,acetone_dipole,16,1.0,0.0,0.6197280584440144,0.6197280584440144,,,,1.0
9,acetone_dipole,17,1.0,0.0,0.6197280584440144,0.6197280584440144,,,,1.0
9,acetone_dipole,18,1.0,0.0,0.6197280584440144,0.6197280584440144,,,,1.0
9,acetone_dipole,19,1.0,0.0,0.6197280584440144,0.6197280584440144,,,,1.0
9,acetone_dipole,20,1.0,0.0,0.6197280584440144,0.6197280584440144,,,,1.0
9,acetone_dipole,21,1.0,0.0,0.6197280584440144,0.6197280584440144,,,,1.0
9,acetone_dipole,22,1.0,0.0,0.6197280584440144,0.6197280584440144,,,,1.0
9,acetone_dipole,23,1.0,0.0,0.6197280584440144,0.6197280584440144,,,,1.0
9,acetone_dipole,24,1.0,0.0,0.6197280584440144,0.6197280584440144,,,,1.0
9,acetone_dipole,25,1.0,0.0,0.6197280584440144,0.6197280584440144,,,,1.0
9,acetone_dipole,26,1.0,0.0,0.6197280584440144,0.6197280584440144,,,,1.0
9,acetone_dipole,27,1.0,0.0,0.6197280584440144,0.6197280584440144,,,,1.0
9,acetone_dipole,28,1.0,0.0,0.6197280584440144,0.6197280584440144,,,,1.0
9,acetone_dipole,29,1.0,0.0,0.6197280584440144,0.6197280584440144,,,,1.0
9,acetone_dipole,30,1.0,0.0,0.6197280584440144,0.6197280584440144,,,,1.0
9,acetone_dipole,31,1.0,0.0,0.6197280584440144,0.6197280584440144,,,,1.0
9,acetone_dipole,32,1.0,0.0,0.6197280584440144,0.6197280584440144,,,,1.0
9,acetone_dipole,33,1.0,0.0,0.6197280584440144,0.6197280584440144,,,,1.0
9,acetone_dipole,34,1.0,0.0,0.6197280584440144,0.6197280584440144,,,,1.0
9,acetone_dipole,35,1.0,0.0,0.6197280584440144,0.6197280584440144,,,,1.0
9,acetone_dipole,36,1.0,0.0,0.6197280584440144,0.6197280584440144,,,,1.0
9,acetone_dipole,37,1.0,0.0,0.6197280584440144,0.6197280584440144,,,,1.0
9,acetone_dipole,38,1.0,0.0,0.6197280584440144,0.6197280584440144,,,,1.0
9,acetone_dipole,39,1.0,0.0,0.6197280584440144,0.6197280584440144,,,,1.0
9,acetone_dipole,40,1.0,0.0,0.6197280584440144,0.6197280584440144,,,,1.0
9,acetone_dipole,41,1.0,0.0,0.6197280584440144,0.6197280584440144,,,,1.0
9,acetone_dipole,42,1.0,0.0,0.6197280584440144,0.6197280584440144,,,,1.0
9,acetone_dipole,43,1.0,0.0,0.6197280584440144,0.6197280584440144,,,,1.0
9,acetone_dipole,44,1.0,0.0,0.6197280584440144,0.6197280584440144,,,,1.0
9,acetone_dipole,45,1.0,0.0,0.6197280584440144,0.6197280584440144,,,,1.0
9,acetone_dipole,46,1.0,0.0,0.6197280584440144,0.6197280584440144,,,,1.0
9,acetone_dipole,47,1.0,0.0,0.6197280584440144,0.6197280584440144,,,,1.0
9,acetone_dipole,48,1.0,0.0,0.6197280584440144,0.6197280584440144,,,,1.0
9,acetone_dipole,49,1.0,0.0,0.6197280584440144,0.6197280584440144,,,,1.0
9,acetone_dipole,50,1.0,0.0,0.6197280584440144,0.6197280584440144,,,,1.0
9,acetone_dipole,51,1.0,0.0,0.6197280584440144,0.6197280584440144,,,,1.0
9,acetone_dipole,52,1.0,0.0,0.6197280584440144,0.6197280584440144,,,,1.0
9,acetone_dipole,53,1.0,0.0,0.6197280584440144,0.6197280584440144,,,,1.0
9,acetone_dipole,54,1.0,0.0,0.6197280584440144,0.6197280584440144,,,,1.0
9,acetone_dipole,55,1.0,0.0,0.6197280584440144,0.6197280584440144,,,,1.0
9,acetone_dipole,56,1.0,0.0,0.6197280584440144,0.6197280584440144,,,,1.0
9,acetone_dipole,57,1.0,0.0,0.6197280584440144,0.6197280584440144,,,,1.0
9,acetone_dipole,58,1.0,0.0,0.6197280584440144,0.6197280584440144,,,,1.0
9,acetone_dipole,59,1.0,0.0,0.6197280584440144,0.6197280584440144,,,,1.0
9,acetone_dipole,60,1.0,0.0,0.6197280584440144,0.6197280584440144,,,,1.0
9,acetone_dipole,61,1.0,0.0,0.6197280584440144,0.6197280584440144,,,,1.0
9,acetone_dipole,62,1.0,0.0,0.6197280584440144,0.6197280584440144,,,,1.0
9,acetone_dipole,63,1.0,0.0,0.6197280584440144,0.6197280584440144,,,,1.0
9,acetone_dipole,64,1.0,0.0,0.6197280584440144,0.6197280584440144,,,,1.0
9,acetone_dipole,65,1.0,0.0,0.6197280584440144,0.6197280584440144,,,,1.0
9,acetone_dipole,66,1.0,0.0,0.6197280584440144,0.6197280584440144,,,,1.0
9,acetone_dipole,67,1.0,0.0,0.6197280584440144,0.6197280584440144,,,,1.0
9,acetone_dipole,68,1.0,0.0,0.6197280584440144,0.6197280584440144,,,,1.0
9,acetone_dipole,69,1.0,0.0,0.6197280584440144,0.6197280584440144,,,,1.0
9,acetone_dipole,70,1.0,0.0,0.6197280584440144,0.6197280584440144,,,,1.0
9,acetone_dipole,71,1.0,0.0,0.6197280584440144,0.6197280584440144,,,,1.0
9,acetone_dipole,72,1.0,0.0,0.6197280584440144,0.6197280584440144,,,,1.0
9,acetone_dipole,73,1.0,0.0,0.6197280584440144,0.6197280584440144,,,,1.0
9,acetone_dipole,74,1.0,0.0,0.6197280584440144,0.6197280584440144,,,,1.0
9,acetone_dipole,75,1.0,0.0,0.6197280584440144,0.6197280584440144,,,,1.0
9,acetone_dipole,76,1.0,0.0,0.6197280584440144,0.6197280584440144,,,,1.0
9,acetone_dipole,77,1.0,0.0,0.6197280584440144,0.6197280584440144,,,,1.0
9,acetone_dipole,78,1.0,0.0,0.6197280584440144,0.6197280584440144,,,,1.0
9,acetone_dipole,79,1.0,0.0,0.6197280584440144,0.6197280584440144,,,,1.0
9,acetone_dipole,80,1.0,0.0,0.6197280584440144,0.6197280584440144,,,,1.0
9,acetone_dipole,81,1.0,0.0,0.6197280584440144,0.6197280584440144,,,,1.0
9,acetone_dipole,82,1.0,0.0,0.6197280584440144,0.6197280584440144,,,,1.0
9,acetone_dipole,83,1.0,0.0,0.6197280584440144,0.6197280584440144,,,,1.0
9,acetone_dipole,84,1.0,0.0,0.6197280584440144,0.6197280584440144,,,,1.0
9,acetone_dipole,85,1.0,0.0,0.6197280584440144,0.6197280584440144,,,,1.0
9,acetone_dipole,86,1.0,0.0,0.6197280584440144,0.6197280584440144,,,,1.0
9,acetone_dipole,87,1.0,0.0,0.6197280584440144,0.6197280584440144,,,,1.0
9,acetone_dipole,88,1.0,0.0,0.6197280584440144,0.6197280584440144,,,,1.0
9,acetone_dipole,89,1.0,0.0,0.6197280584440144,0.6197280584440144,,,,1.0
9,acetone_dipole,90,1.0,0.0,0.6197280584440144,0.6197280584440144,,,,1.0
9,acetone_dipole,91,1.0,0.0,0.6197280584440144,0.6197280584440144,,,,1.0
9,acetone_dipole,92,1.0,0.0,0.6197280584440144,0.6197280584440144,,,,1.0
9,acetone_dipole,93,1.0,0.0,0.6197280584440144,0.6197280584440144,,,,1.0
9,acetone_dipole,94,1.0,0.0,0.6197280584440144,0.6197280584440144,,,,1.0
9,acetone_dipole,95,1.0,0.0,0.6197280584440144,0.6197280584440144,,,,1.0
9,acetone_dipole,96,1.0,0.0,0.6197280584440144,0.6197280584440144,,,,1.0
9,acetone_dipole,97,1.0,0.0,0.6197280584440144,0.6197280584440144,,,,1.0
9,acetone_dipole,98,1.0,0.0,0.6197280584440144,0.6197280584440144,,,,1.0
9,acetone_dipole,99,1.0,0.0,0.6197280584440144,0.6197280584440144,,,,1.0
9,acetone_dipole,100,1.0,0.0,0.6197280584440144,0.6197280584440144,,,,1.0
9,acetone_dipole,101,1.0,0.0,0.6197280584440144,0.6197280584440144,,,,1.0
9,acetone_dipole,102,1.0,0.0,0.6197280584440144,0.6197280584440144,,,,1.0
9,acetone_dipole,103,1.0,0.0,0.6197280584440144,0.6197280584440144,,,,1.0
9,acetone_dipole,104,1.0,0.0,0.6197280584440144,0.6197280584440144,,,,1.0
9,acetone_dipole,105,1.0,0.0,0.6197280584440144,0.6197280584440144,,,,1.0
9,acetone_dipole,106,1.0,0.0,0.6197280584440144,0.6197280584440144,,,,1.0
9,acetone_dipole,107,1.0,0.0,0.6197280584440144,0.6197280584440144,,,,1.0
9,acetone_dipole,108,1.0,0.0,0.6197280584440144,0.6197280584440144,,,,1.0
9,acetone_dipole,109,1.0,0.0,0.6197280584440144,0.6197280584440144,,,,1.0
9,acetone_dipole,110,1.0,0.0,0.6197280584440144,0.6197280584440144,,,,1.0
9,acetone_dipole,111,1.0,0.0,0.6197280584440144,0.6197280584440144,,,,1.0
9,acetone_dipole,112,1.0,0.0,0.6197280584440144,0.6197280584440144,,,,1.0
9,acetone_dipole,113,1.0,0.0,0.6197280584440144,0.6197280584440144,,,,1.0
9,acetone_dipole,114,1.0,0.0,0.6197280584440144,0.6197280584440144,,,,1.0
9,acetone_dipole,115,1.0,0.0,0.6197280584440144,0.6197280584440144,,,,1.0
9,acetone_dipole,116,1.0,0.0,0.6197280584440144,0.6197280584440144,,,,1.0
9,acetone_dipole,117,1.0,0.0,0.6197280584440144,0.6197280584440144,,,,1.0
9,acetone_dipole,118,1.0,0.0,0.6197280584440144,0.6197280584440144,,,,1.0
9,acetone_dipole,119,1.0,0.0,0.6197280584440144,0.6197280584440144,,,,1.0
9,acetone_dipole,120,1.0,0.0,0.6197280584440144,0.6197280584440144,,,,1.0
9,acetone_dipole,121,1.0,0.0,0.6197280584440144,0.6197280584440144,,,,1.0
9,acetone_dipole,122,1.0,0.0,0.6197280584440144,0.6197280584440144,,,,1.0
9,acetone_dipole,123,1.0,0.0,0.6197280584440144,0.6197280584440144,,,,1.0
9,acetone_dipole,124,1.0,0.0,0.6197280584440144,0.6197280584440144,,,,1.0
9,acetone_dipole,125,1.0,0.0,0.6197280584440144,0.6197280584440144,,,,1.0
9,acetone_dipole,126,1.0,0.0,0.6197280584440144,0.6197280584440144,,,,1.0
9,acetone_dipole,127,1.0,0.0,0.6197280584440144,0.6197280584440144,,,,1.0
9,acetone_dipole,128,1.0,0.0,0.6197280584440144,0.6197280584440144,,,,1.0
9,acetone_dipole,129,1.0,0.0,0.6197280584440144,0.6197280584440144,,,,1.0
9,acetone_dipole,130,1.0,0.0,0.6197280584440144,0.6197280584440144,,,,1.0
9,acetone_dipole,131,1.0,0.0,0.6197280584440144,0.6197280584440144,,,,1.0
9,acetone_dipole,132,1.0,0.0,0.6197280584440144,0.6197280584440144,,,,1.0
9,acetone_dipole,133,1.0,0.0,0.6197280584440144,0.6197280584440144,,,,1.0
9,acetone_dipole,134,1.0,0.0,0.6197280584440144,0.6197280584440144,,,,1.0
9,acetone_dipole,135,1.0,0.0,0.6197280584440144,0.6197280584440144,,,,1.0
9,acetone_dipole,136,1.0,0.0,0.6197280584440144,0.6197280584440144,,,,1.0
9,acetone_dipole,137,1.0,0.0,0.6197280584440144,0.6197280584440144,,,,1.0
9,acetone_dipole,138,1.0,0.0,0.6197280584440144,0.6197280584440144,,,,1.0
9,acetone_dipole,139,1.0,0.0,0.6197280584440144,0.6197280584440144,,,,1.0
9,acetone_dipole,140,1.0,0.0,0.6197280584440144,0.6197280584440144,,,,1.0
9,acetone_dipole,141,1.0,0.0,0.6197280584440144,0.6197280584440144,,,,1.0
9,acetone_dipole,142,1.0,0.0,0.6197280584440144,0.6197280584440144,,,,1.0
9,acetone_dipole,143,1.0,0.0,0.6197280584440144,0.6197280584440144,,,,1.0
9,acetone_dipole,144,1.0,0.0,0.6197280584440144,0.6197280584440144,,,,1.0
9,acetone_dipole,145,1.0,0.0,0.6197280584440144,0.6197280584440144,,,,1.0
9,acetone_dipole,146,1.0,0.0,0.6197280584440144,0.6197280584440144,,,,1.0
9,acetone_dipole,147,1.0,0.0,0.6197280584440144,0.6197280584440144,,,,1.0
9,acetone_dipole,148,1.0,0.0,0.6197280584440144,0.6197280584440144,,,,1.0
9,acetone_dipole,149,1.0,0.0,0.6197280584440144,0.6197280584440144,,,,1.0
9,acetone_dipole,150,1.0,0.0,0.6197280584440144,0.6197280584440144,,,,1.0
9,acetone_dipole,151,1.0,0.0,0.6197280584440144,0.6197280584440144,,,,1.0
9,acetone_dipole,152,1.0,0.0,0.6197280584440144,0.6197280584440144,,,,1.0
9,acetone_dipole,153,1.0,0.0,0.6197280584440144,0.6197280584440144,,,,1.0
9,acetone_dipole,154,1.0,0.0,0.6197280584440144,0.6197280584440144,,,,1.0
9,acetone_dipole,155,1.0,0.0,0.6197280584440144,0.6197280584440144,,,,1.0
9,acetone_dipole,156,1.0,0.0,0.6197280584440144,0.6197280584440144,,,,1.0
9,acetone_dipole,157,1.0,0.0,0.6197280584440144,0.6197280584440144,,,,1.0
9,acetone_dipole,158,1.0,0.0,0.6197280584440144,0.6197280584440144,,,,1.0
9,acetone_dipole,159,1.0,0.0,0.6197280584440144,0.6197280584440144,,,,1.0
9,acetone_dipole,160,1.0,0.0,0.6197280584440144,0.6197280584440144,,,,1.0
9,acetone_dipole,161,1.0,0.0,0.6197280584440144,0.6197280584440144,,,,1.0
9,acetone_dipole,162,1.0,0.0,0.6197280584440144,0.6197280584440144,,,,1.0
9,acetone_dipole,163,1.0,0.0,0.6197280584440144,0.6197280584440144,,,,1.0
9,acetone_dipole,164,1.0,0.0,0.6197280584440144,0.6197280584440144,,,,1.0
9,acetone_dipole,165,1.0,0.0,0.6197280584440144,0.6197280584440144,,,,1.0
9,acetone_dipole,166,1.0,0.0,0.6197280584440144,0.6197280584440144,,,,1.0
9,acetone_dipole,167,1.0,0.0,0.6197280584440144,0.6197280584440144,,,,1.0
9,acetone_dipole,168,1.0,0.0,0.6197280584440144,0.6197280584440144,,,,1.0
9,acetone_dipole,169,1.0,0.0,0.6197280584440144,0.6197280584440144,,,,1.0
9,acetone_dipole,170,1.0,0.0,0.6197280584440144,0.6197280584440144,,,,1.0
9,acetone_dipole,171,1.0,0.0,0.6197280584440144,0.6197280584440144,,,,1.0
9,acetone_dipole,172,1.0,0.0,0.6197280584440144,0.6197280584440144,,,,1.0
9,acetone_dipole,173,1.0,0.0,0.6197280584440144,0.6197280584440144,,,,1.0
9,acetone_dipole,174,1.0,0.0,0.6197280584440144,0.6197280584440144,,,,1.0
9,acetone_dipole,175,1.0,0.0,0.6197280584440144,0.6197280584440144,,,,1.0
9,acetone_dipole,176,1.0,0.0,0.6197280584440144,0.6197280584440144,,,,1.0
9,acetone_dipole,177,1.0,0.0,0.6197280584440144,0.6197280584440144,,,,1.0
9,acetone_dipole,178,1.0,0.0,0.6197280584440144,0.6197280584440144,,,,1.0
9,acetone_dipole,179,1.0,0.0,0.6197280584440144,0.6197280584440144,,,,1.0
9,acetone_dipole,180,1.0,0.0,0.6197280584440144,0.6197280584440144,,,,1.0
9,acetone_dipole,181,1.0,0.0,0.6197280584440144,0.6197280584440144,,,,1.0
9,acetone_dipole,182,1.0,0.0,0.6197280584440144,0.6197280584440144,,,,1.0
9,acetone_dipole,183,1.0,0.0,0.6197280584440144,0.6197280584440144,,,,1.0
9,acetone_dipole,184,1.0,0.0,0.6197280584440144,0.6197280584440144,,,,1.0
9,acetone_dipole,185,1.0,0.0,0.6197280584440144,0.6197280584440144,,,,1.0
9,acetone_dipole,186,1.0,0.0,0.6197280584440144,0.6197280584440144,,,,1.0
9,acetone_dipole,187,1.0,0.0,0.6197280584440144,0.6197280584440144,,,,1.0
9,acetone_dipole,188,1.0,0.0,0.6197280584440144,0.6197280584440144,,,,1.0
9,acetone_dipole,189,1.0,0.0,0.6197280584440144,0.6197280584440144,,,,1.0
9,acetone_dipole,190,1.0,0.0,0.6197280584440144,0.6197280584440144,,,,1.0
9,acetone_dipole,191,1.0,0.0,0.6197280584440144,0.6197280584440144,,,,1.0
9,acetone_dipole,192,1.0,0.0,0.6197280584440144,0.6197280584440144,,,,1.0
9,acetone_dipole,193,1.0,0.0,0.6197280584440144,0.6197280584440144,,,,1.0
9,acetone_dipole,194,1.0,0.0,0.6197280584440144,0.6197280584440144,,,,1.0
9,acetone_dipole,195,1.0,0.0,0.6197280584440144,0.6197280584440144,,,,1.0
9,acetone_dipole,196,1.0,0.0,0.6197280584440144,0.6197280584440144,,,,1.0
9,acetone_dipole,197,1.0,0.0,0.6197280584440144,0.6197280584440144,,,,1.0
9,acetone_dipole,198,1.0,0.0,0.6197280584440144,0.6197280584440144,,,,1.0
9,acetone_dipole,199,1.0,0.0,0.6197280584440144,0.6197280584440144,,,,1.0
9,acetone_dipole,200,1.0,0.0,0.6197280584440144,0.6197280584440144,,,,1.0
9,acetone_dipole,201,1.0,0.0,0.6197280584440144,0.6197280584440144,,,,1.0
9,acetone_dipole,202,1.0,0.0,0.6197280584440144,0.6197280584440144,,,,1.0
9,acetone_dipole,203,1.0,0.0,0.6197280584440144,0.6197280584440144,,,,1.0
9,acetone_dipole,204,1.0,0.0,0.6197280584440144,0.6197280584440144,,,,1.0
9,acetone_dipole,205,1.0,0.0,0.6197280584440144,0.6197280584440144,,,,1.0
9,acetone_dipole,206,1.0,0.0,0.6197280584440144,0.6197280584440144,,,,1.0
9,acetone_dipole,207,1.0,0.0,0.6197280584440144,0.6197280584440144,,,,1.0
9,acetone_dipole,208,1.0,0.0,0.6197280584440144,0.6197280584440144,,,,1.0
9,acetone_dipole,209,1.0,0.0,0.6197280584440144,0.6197280584440144,,,,1.0
9,acetone_dipole,210,1.0,0.0,0.6197280584440144,0.6197280584440144,,,,1.0
9,acetone_dipole,211,1.0,0.0,0.6197280584440144,0.6197280584440144,,,,1.0
9,acetone_dipole,212,1.0,0.0,0.6197280584440144,0.6197280584440144,,,,1.0
9,acetone_dipole,213,1.0,0.0,0.6197280584440144,0.6197280584440144,,,,1.0
9,acetone_dipole,214,1.0,0.0,0.6197280584440144,0.6197280584440144,,,,1.0
9,acetone_dipole,215,1.0,0.0,0.6197280584440144,0.6197280584440144,,,,1.0
9,acetone_dipole,216,1.0,0.0,0.6197280584440144,0.6197280584440144,,,,1.0
9,acetone_dipole,217,1.0,0.0,0.6197280584440144,0.6197280584440144,,,,1.0
9,acetone_dipole,218,1.0,0.0,0.6197280584440144,0.6197280584440144,,,,1.0
9,acetone_dipole,219,1.0,0.0,0.6197280584440144,0.6197280584440144,,,,1.0
9,acetone_dipole,220,1.0,0.0,0.6197280584440144,0.6197280584440144,,,,1.0
9,acetone_dipole,221,1.0,0.0,0.6197280584440144,0.6197280584440144,,,,1.0
9,acetone_dipole,222,1.0,0.0,0.6197280584440144,0.6197280584440144,,,,1.0
9,acetone_dipole,223,1.0,0.0,0.6197280584440144,0.6197280584440144,,,,1.0
9,acetone_dipole,224,1.0,0.0,0.6197280584440144,0.6197280584440144,,,,1.0
9,acetone_dipole,225,1.0,0.0,0.6197280584440144,0.6197280584440144,,,,1.0
9,acetone_dipole,226,1.0,0.0,0.6197280584440144,0.6197280584440144,,,,1.0
9,acetone_dipole,227,1.0,0.0,0.6197280584440144,0.6197280584440144,,,,1.0
9,acetone_dipole,228,1.0,0.0,0.6197280584440144,0.6197280584440144,,,,1.0
9,acetone_dipole,229,1.0,0.0,0.6197280584440144,0.6197280584440144,,,,1.0
9,acetone_dipole,230,1.0,0.0,0.6197280584440144,0.6197280584440144,,,,1.0
9,acetone_dipole,231,1.0,0.0,0.6197280584440144,0.6197280584440144,,,,1.0
9,acetone_dipole,232,1.0,0.0,0.6197280584440144,0.6197280584440144,,,,1.0
9,acetone_dipole,233,1.0,0.0,0.6197280584440144,0.6197280584440144,,,,1.0
9,acetone_dipole,234,1.0,0.0,0.6197280584440144,0.6197280584440144,,,,1.0
9,acetone_dipole,235,1.0,0.0,0.6197280584440144,0.6197280584440144,,,,1.0
9,acetone_dipole,236,1.0,0.0,0.6197280584440144,0.6197280584440144,,,,1.0
9,acetone_dipole,237,1.0,0.0,0.6197280584440144,0.6197280584440144,,,,1.0
9,acetone_dipole,238,1.0,0.0,0.6197280584440144,0.6197280584440144,,,,1.0
9,acetone_dipole,239,1.0,0.0,0.6197280584440144,0.6197280584440144,,,,1.0
9,acetone_dipole,240,1.0,0.0,0.6197280584440144,0.6197280584440144,,,,1.0
9,acetone_dipole,241,1.0,0.0,0.6197280584440144,0.6197280584440144,,,,1.0
9,acetone_dipole,242,1.0,0.0,0.6197280584440144,0.6197280584440144,,,,1.0
9,acetone_dipole,243,1.0,0.0,0.6197280584440144,0.6197280584440144,,,,1.0
9,acetone_dipole,244,1.0,0.0,0.6197280584440144,0.6197280584440144,,,,1.0
9,acetone_dipole,245,1.0,0.0,0.6197280584440144,0.6197280584440144,,,,1.0
9,acetone_dipole,246,1.0,0.0,0.6197280584440144,0.6197280584440144,,,,1.0
9,acetone_dipole,247,1.0,0.0,0.6197280584440144,0.6197280584440144,,,,1.0
9,acetone_dipole,248,1.0,0.0,0.6197280584440144,0.6197280584440144,,,,1.0
9,acetone_dipole,249,1.0,0.0,0.6197280584440144,0.6197280584440144,,,,1.0
9,octanol_gsolv_eV,0,0.10131142288446426,0.08741965144872665,0.6018274757997979,0.9648903404301024,15.496929168701172,0.06375496089458466,0.004114038349181413,0.06
9,octanol_gsolv_eV,1,0.4953194558620453,0.029275821521878242,0.6324607858393987,0.9097569902826799,5.565365791320801,1.0693777799606323,0.19214869607103438,0.34
9,octanol_gsolv_eV,2,0.16164326667785645,0.04235566407442093,0.6169120447279521,0.9491445806031216,7.7695183753967285,0.043071117252111435,0.005543601954595047,0.08
9,octanol_gsolv_eV,3,0.08258365094661713,0.01829272136092186,0.6296307649668611,0.9646666402163226,3.3215086460113525,0.10066334158182144,0.030306511982951912,0.04
9,octanol_gsolv_eV,4,0.2058158665895462,0.033555589616298676,0.6267926788306986,0.9227523680315195,6.235979080200195,0.15904992818832397,0.02550520554075014,0.22
9,octanol_gsolv_eV,5,0.134480819106102,0.04123556986451149,0.6120684533308574,0.9753403928490496,7.49390983581543,0.003809035522863269,0.0005082841408978333,0.12
9,octanol_gsolv_eV,6,0.2063380479812622,0.034295421093702316,0.6191697053273284,0.9198306557649905,6.17107629776001,0.15501195192337036,0.02511911122856104,0.14
9,octanol_gsolv_eV,7,0.17765744030475616,0.019239526242017746,0.6281561331730647,0.9177423210729272,3.4968979358673096,0.3811558187007904,0.1089982680910746,0.06
9,octanol_gsolv_eV,8,0.27761879563331604,0.02781304530799389,0.6270165521355722,0.9561550728007193,5.142742156982422,0.08628316223621368,0.01677765666689414,0.28
9,octanol_gsolv_eV,9,0.4462924897670746,0.012585639953613281,0.6334536414574998,0.8941683507074607,2.3017265796661377,0.6903261542320251,0.2999166627046363,0.22
9,octanol_gsolv_eV,10,0.20114709436893463,0.04776277765631676,0.6068588644591624,0.958895825933068,8.511144638061523,0.07857351005077362,0.009231838183009579,0.18
9,octanol_gsolv_eV,11,0.16200023889541626,0.014129891991615295,0.6293002837506685,0.950785982990358,2.5431599617004395,0.07669799029827118,0.030158539554463733,0.06
9,octanol_gsolv_eV,12,0.34664419293403625,0.043974846601486206,0.6137983919312329,0.9277020754118652,8.069994926452637,0.16737444698810577,0.02074034104277675,0.28
9,octanol_gsolv_eV,13,0.06287731975317001,0.04123522713780403,0.6107385832349606,0.946335976032793,7.437179088592529,0.03535720333456993,0.004754114821411569,0.02
9,octanol_gsolv_eV,14,0.0724681168794632,0.04104319214820862,0.6178478674247274,0.9753045185897053,7.396674156188965,0.003954161889851093,0.0005345864649915065,0.06
9,octanol_gsolv_eV,15,0.14359544217586517,0.03351851552724838,0.625497648721427,0.972742225249073,6.201220989227295,0.028819996863603592,0.00464747134696045,0.18
9,octanol_gsolv_eV,16,0.1393154412508011,0.019724752753973007,0.6301833342699221,0.939832972282008,3.5546066761016846,0.2227255403995514,0.06265827999957878,0.08
9,octanol_gsolv_eV,17,0.3102203607559204,0.036000702530145645,0.6230296251567056,0.958809361380365,6.656589508056641,0.15362626314163208,0.023078824817978377,0.24
9,octanol_gsolv_eV,18,0.20617932081222534,0.040558185428380966,0.6157313258895978,0.9267309812823779,7.445765495300293,0.6471567749977112,0.08691608343107117,0.18
9,octanol_gsolv_eV,19,0.4075187146663666,0.02409786731004715,0.6296918393172075,0.9442906608023702,4.527618408203125,0.40530216693878174,0.08951773987941575,0.32
9,octanol_gsolv_eV,20,0.3794112205505371,0.008786899037659168,0.6373567387886683,0.9400923871874924,1.5653316974639893,0.23165148496627808,0.14798875237854006,0.22
9,octanol_gsolv_eV,21,0.07893762737512589,0.013660004362463951,0.6294722952897567,0.9687445371456096,2.4559998512268066,0.050359468907117844,0.020504670992533888,0.1
9,octanol_gsolv_eV,22,0.34259846806526184,0.023937730118632317,0.633473177220454,0.9290773263675072,4.434768199920654,0.624992847442627,0.14093021760501692,0.22
9,octanol_gsolv_eV,23,0.2617209553718567,0.02323983423411846,0.6296343480234419,0.9825300601322817,4.318850517272949,0.15889005362987518,0.0367898942078234,0.3
9,octanol_gsolv_eV,24,0.06535525619983673,0.05368078127503395,0.6074641884377896,0.9723698448428673,9.344615936279297,0.005687660071998835,0.0006086563761189167,0.04
9,octanol_gsolv_eV,25,0.10352867096662521,0.009529238566756248,0.6331212012766043,0.9622334708335958,1.685469388961792,0.037953101098537445,0.022517822837420754,0.08
9,octanol_gsolv_eV,26,0.46246466040611267,0.024469662457704544,0.6328690485086639,0.9214274861670804,4.574729919433594,0.6739658117294312,0.14732362862917953,0.44
9,octanol_gsolv_eV,27,0.08472438156604767,0.03211567550897598,0.6277565533560003,0.9776861603006832,5.92724609375,0.03323706239461899,0.0056075050485360975,0.1
9,octanol_gsolv_eV,28,0.05189969763159752,0.03428597375750542,0.618925568185134,0.975626892561479,6.254811763763428,0.015508735552430153,0.0024794887741112093,0.06
9,octanol_gsolv_eV,29,0.45671531558036804,0.02805390954017639,0.6303139658450274,0.9366535648909728,5.432657241821289,0.43927809596061707,0.08085879090235956,0.42
9,octanol_gsolv_eV,30,0.049997422844171524,0.029633887112140656,0.6279689431599467,0.9627833456509869,5.464379787445068,0.014074159786105156,0.0025756188869671677,0.02
9,octanol_gsolv_eV,31,0.2670535743236542,0.028065895661711693,0.6292473686590465,0.9766445684339977,5.2136101722717285,0.05078226700425148,0.009740326822732914,0.18
9,octanol_gsolv_eV,32,0.20707763731479645,0.01828819513320923,0.6263044236929514,0.9391236626618733,3.3534460067749023,0.18760444223880768,0.05594377898430273,0.04
9,octanol_gsolv_eV,33,0.07874152809381485,0.02717394009232521,0.6237009449690758,0.9351140827309223,4.947750568389893,0.04771948233246803,0.009644682300142104,0.06
9,octanol_gsolv_eV,34,0.29269668459892273,0.04524283856153488,0.6128904039193404,0.9403826468446927,8.265999794006348,0.09364508092403412,0.011328947889877265,0.2
9,octanol_gsolv_eV,35,0.1573314368724823,0.03244476020336151,0.6243692239618264,0.9069985435817414,5.951565265655518,0.31008458137512207,0.05210134939870625,0.12
9,octanol_gsolv_eV,36,0.050283730030059814,0.04501618072390556,0.6089401341990117,0.9625802635595255,8.055953979492188,0.00971543975174427,0.0012059949419369312,0.02
9,octanol_gsolv_eV,37,0.09082937240600586,0.01580491103231907,0.6283394234243556,0.9715812369959171,2.853973388671875,0.06564486026763916,0.023001216664528062,0.12
9,octanol_gsolv_eV,38,0.1467951536178589,0.031298670917749405,0.6103921918086481,0.9378778463556605,5.609775543212891,0.09421000629663467,0.01679389942982954,0.12
9,octanol_gsolv_eV,39,0.18742412328720093,0.0397498793900013,0.6137720119028713,0.970100900682727,7.237779140472412,0.011460656300187111,0.0015834492981557143,0.2
9,octanol_gsolv_eV,40,0.05666234716773033,0.05378786846995354,0.6097009740057768,0.9677464092357424,9.690108299255371,0.005455500911921263,0.0005629968978097475,0.04
9,octanol_gsolv_eV,41,0.20183296501636505,0.01948990859091282,0.6285323241944543,0.921915458651698,3.542165756225586,0.4890657067298889,0.13806968402602962,0.18
9,octanol_gsolv_eV,42,0.47257161140441895,0.02571788989007473,0.6333244468785575,0.9072867598039451,4.873945236206055,1.0612179040908813,0.21773283298458804,0.4
9,octanol_gsolv_eV,43,0.17006132006645203,0.06347756832838058,0.6057329570693493,0.9263183569550304,11.462787628173828,0.911582887172699,0.07952541011334484,0.14
9,octanol_gsolv_eV,44,0.31778955459594727,0.05042538791894913,0.6080178969216024,0.9140369909589505,9.037172317504883,0.8924693465232849,0.09875537559404324,0.26
9,octanol_gsolv_eV,45,0.1022794172167778,0.027800915762782097,0.6216047829520759,0.945799220301615,4.971079349517822,0.0717361569404602,0.014430700436801188,0.12
9,octanol_gsolv_eV,46,0.3625670373439789,0.035443659871816635,0.6232547439678253,0.919345220604791,6.672695159912109,0.3691330552101135,0.055319933904334935,0.38
9,octanol_gsolv_eV,47,0.3142300546169281,0.055111873894929886,0.6080814401035741,0.9258575189691003,9.942261695861816,1.3582613468170166,0.13661492609698198,0.2
9,octanol_gsolv_eV,48,0.13692022860050201,0.04875681921839714,0.6178160333125402,0.9685585667187353,8.946412086486816,0.008403537794947624,0.0009393193286547596,0.08
9,octanol_gsolv_eV,49,0.3744199275970459,0.030376315116882324,0.6310878629182757,0.934686964672631,5.682826519012451,0.48233750462532043,0.08487633803559078,0.3
9,octanol_gsolv_eV,50,0.11131345480680466,0.04770443215966225,0.6159935460892041,0.9048244487543524,8.765946388244629,0.20677414536476135,0.023588342456902438,0.04
9,octanol_gsolv_eV,51,0.2712881863117218,0.014635739848017693,0.6292903947337005,0.9771877472322874,2.6740615367889404,0.06656140834093094,0.024891502093425655,0.28
9,octanol_gsolv_eV,52,0.24829056859016418,0.044885143637657166,0.6103460663689027,0.9240539302648481,8.118269920349121,0.4437025785446167,0.05465481967191546,0.24
9,octanol_gsolv_eV,53,0.022487811744213104,0.03550633043050766,0.6140987610939379,0.9583950619239225,6.449552536010742,0.006987167056649923,0.0010833568712926111,0.02
9,octanol_gsolv_eV,54,0.40290817618370056,0.015999039635062218,0.631442413672122,0.9113554566192734,2.945664405822754,0.6469272971153259,0.21962016305609416,0.3
9,octanol_gsolv_eV,55,0.0541146919131279,0.022900573909282684,0.6192144018523236,0.9540406304135691,4.15753173828125,0.023815060034394264,0.0057281727557513635,0.02
9,octanol_gsolv_eV,56,0.08628971129655838,0.025256775319576263,0.621583456831897,0.9509273450260582,4.573705196380615,0.05495424196124077,0.012015256690511799,0.04
9,octanol_gsolv_eV,57,0.11260796338319778,0.04921900853514671,0.6058552448426069,0.9611522448811951,8.813678741455078,0.0024777313228696585,0.00028112339870248117,0.1
9,octanol_gsolv_eV,58,0.06548047065734863,0.013786843046545982,0.6300401797590216,0.9607809885147953,2.497434377670288,0.05583483725786209,0.022356878625955,0.02
9,octanol_gsolv_eV,59,0.19901983439922333,0.02424025721848011,0.6283572696420094,0.9159265192258572,4.500300407409668,0.5662606954574585,0.12582731022247312,0.1
9,octanol_gsolv_eV,60,0.08353311568498611,0.02191285789012909,0.6297290858410658,0.972016069680459,3.997330665588379,0.03378782421350479,0.008452596755222766,0.1
9,octanol_gsolv_eV,61,0.18912391364574432,0.018128730356693268,0.6237025049356009,0.9036349508416528,3.2763607501983643,0.30718278884887695,0.0937573155917824,0.18
9,octanol_gsolv_eV,62,0.12098639458417892,0.052206188440322876,0.6042118568113017,0.9515864654561286,9.266534805297852,0.029925910755991936,0.0032294607838609457,0.12
9,octanol_gsolv_eV,63,0.12514764070510864,0.050267577171325684,0.6045534464212086,0.9183445219141126,8.747870445251465,0.5748282074928284,0.06571064478953934,0.06
9,octanol_gsolv_eV,64,0.06251053512096405,0.03542717918753624,0.611436076370069,0.9374310871300664,6.363799571990967,0.020000124350190163,0.003142796080224909,0.02
9,octanol_gsolv_eV,65,0.1942627876996994,0.04156728461384773,0.6132677100153838,0.972088252861584,7.57175350189209,0.005961582530289888,0.0007873450355720324,0.16
9,octanol_gsolv_eV,66,0.07832547277212143,0.028762515634298325,0.6211287051180088,0.9700059395391456,5.201244831085205,0.012193124741315842,0.0023442704847200643,0.1
9,octanol_gsolv_eV,67,0.05890943109989166,0.009417269378900528,0.6320214509890008,0.9593483342219287,1.6228768825531006,0.04784239083528519,0.029479987884244066,0.04
9,octanol_gsolv_eV,68,0.05596202611923218,0.02025228925049305,0.6259671034982834,0.9653376246954188,3.6906042098999023,0.056762199848890305,0.015380191594814721,0.04
9,octanol_gsolv_eV,69,0.04332480952143669,0.024632330983877182,0.6202084767465916,0.9682785945767383,4.438232898712158,0.007431264966726303,0.0016743747199212174,0.02
9,octanol_gsolv_eV,70,0.2522139549255371,0.04465450718998909,0.6102935660954689,0.9068240618932997,8.095586776733398,0.422059029340744,0.05213445806717009,0.18
9,octanol_gsolv_eV,71,0.10786610841751099,0.032857250422239304,0.6251761888598535,0.9608720552044285,6.0494866371154785,0.11712194234132767,0.019360641549771875,0.12
9,octanol_gsolv_eV,72,0.21901896595954895,0.06185585632920265,0.6081334430121836,0.9813638946553029,11.188227653503418,0.0013218828244134784,0.0001181494393349738,0.14
9,octanol_gsolv_eV,73,0.23231101036071777,0.04551251232624054,0.6071837557878224,0.9250062948978279,8.197074890136719,0.5812170505523682,0.07090542154881715,0.2
9,octanol_gsolv_eV,74,0.2514737844467163,0.026831451803445816,0.6284734826696716,0.9818771996542186,4.982957363128662,0.035893455147743225,0.007203243482141037,0.3
9,octanol_gsolv_eV,75,0.15853334963321686,0.0455416664481163,0.6090253890357784,0.9555885410605482,8.262112617492676,0.031910210847854614,0.0038622338287054828,0.1
9,octanol_gsolv_eV,76,0.30909043550491333,0.04933415353298187,0.6121114569882082,0.9287608089451731,9.162123680114746,0.3928145170211792,0.04287374092905277,0.34
9,octanol_gsolv_eV,77,0.1223897933959961,0.04564952477812767,0.6109297342312054,0.9177531107402499,8.288609504699707,0.19378815591335297,0.023380056184752526,0.04
9,octanol_gsolv_eV,78,0.23641513288021088,0.044395431876182556,0.6125995052711737,0.9558556783425576,7.994793891906738,0.1269489824771881,0.015878956254982465,0.18
9,octanol_gsolv_eV,79,0.048450760543346405,0.057846926152706146,0.606835684024783,0.9684604690354504,10.310714721679688,0.008515430614352226,0.0008258817011440894,0.02
9,octanol_gsolv_eV,80,0.07184244692325592,0.01682615838944912,0.6190242888097015,0.9747253601336279,3.0150163173675537,0.002164177130907774,0.000717799475393003,0.02
9,octanol_gsolv_eV,81,0.2611980438232422,0.03028014674782753,0.6261994604944896,0.915835588998781,5.668558597564697,0.5384836196899414,0.09499480519109083,0.2
9,octanol_gsolv_eV,82,0.1322166919708252,0.04381227120757103,0.6121174666468183,0.9550154610249135,7.827369213104248,0.017048949375748634,0.0021781199930119574,0.1
9,octanol_gsolv_eV,83,0.10670773684978485,0.025763247162103653,0.6290788826067539,0.9667939276854289,4.72641658782959,0.05401865392923355,0.011429092828662267,0.12
9,octanol_gsolv_eV,84,0.08362986892461777,0.025414444506168365,0.628455174419422,0.9634286386213056,4.676707744598389,0.0171952061355114,0.003676775859122673,0.08
9,octanol_gsolv_eV,85,0.1158677339553833,0.019808799028396606,0.6291917600535923,0.9549177007470115,3.6244757175445557,0.07415631413459778,0.02045987334820272,0.12
9,octanol_gsolv_eV,86,0.3305768370628357,0.04259157180786133,0.6112879429131131,0.9119329809931687,7.795395851135254,0.3765690326690674,0.048306595310901,0.26
9,octanol_gsolv_eV,87,0.20028994977474213,0.03279125317931175,0.6238438109583431,0.9702733902857188,6.050338268280029,0.008466921746730804,0.0013994129536723827,0.2
9,octanol_gsolv_eV,88,0.20238421857357025,0.04419265687465668,0.616952197380574,0.9254394474570269,8.172931671142578,0.1827654093503952,0.022362282801863257,0.06
9,octanol_gsolv_eV,89,0.08180591464042664,0.014872785657644272,0.6290079777100257,0.9711405203502763,2.689105987548828,0.06518159061670303,0.02423913037214175,0.12
9,octanol_gsolv_eV,90,0.19278794527053833,0.02066567726433277,0.6302999150777544,0.9564232157891381,3.79814076423645,0.05505690351128578,0.014495751192189953,0.2
9,octanol_gsolv_eV,91,0.22393912076950073,0.05000516399741173,0.6081884120546139,0.9033826978791657,9.095405578613281,0.41800597310066223,0.045957925623850295,0.16
9,octanol_gsolv_eV,92,0.19143693149089813,0.008001171052455902,0.6322964582244714,0.9317447705234287,1.347983479499817,0.14206023514270782,0.10538722269461398,0.12
9,octanol_gsolv_eV,93,0.22881576418876648,0.0255813580006361,0.6260215035306662,0.8994788097846713,4.633859634399414,0.5972983241081238,0.12889866574163905,0.12
9,octanol_gsolv_eV,94,0.1566106528043747,0.009515614248812199,0.6316802760950369,0.9696620636037949,1.6743661165237427,0.10899846255779266,0.06509834467033486,0.1
9,octanol_gsolv_eV,95,0.10813628137111664,0.035266634076833725,0.624550356631637,0.9627659166490048,6.512938499450684,0.013260499574244022,0.0020360240735211063,0.12
9,octanol_gsolv_eV,96,0.17206966876983643,0.04333694279193878,0.6178395457290635,0.9706963559054429,7.893367290496826,0.010008306242525578,0.0012679387483431842,0.16
9,octanol_gsolv_eV,97,0.20379871129989624,0.04133394733071327,0.6170551351018632,0.8992120160746659,7.680361747741699,0.4399885833263397,0.057287481732968125,0.2
9,octanol_gsolv_eV,98,0.16727827489376068,0.006693179719150066,0.6346183577837117,0.9649296492212069,1.1244750022888184,0.07090935111045837,0.06305996217445971,0.2
9,octanol_gsolv_eV,99,0.068155936896801,0.022798096761107445,0.6256953989826695,0.9605623572210296,4.167818069458008,0.035883381962776184,0.008609632513888145,0.08
9,octanol_gsolv_eV,100,0.1515667885541916,0.017388170585036278,0.629069122584178,0.9642738673348179,3.1868650913238525,0.049951933324337006,0.015674316889136505,0.1
9,octanol_gsolv_eV,101,0.17940029501914978,0.04220140352845192,0.6224802181620572,0.9529710994647298,7.78377628326416,0.08243239670991898,0.010590283393313379,0.14
9,octanol_gsolv_eV,102,0.14188142120838165,0.04025832191109657,0.6170832901446404,0.966628916885758,7.38860559463501,0.007801422383636236,0.001055872083536436,0.14
9,octanol_gsolv_eV,103,0.09154562652111053,0.02793833427131176,0.6176226364134458,0.8957089783277481,5.042595386505127,0.3354969620704651,0.06653259608500695,0.08
9,octanol_gsolv_eV,104,0.2385675460100174,0.018733540549874306,0.6289134494366717,0.9653088064065791,3.4418485164642334,0.10120365768671036,0.029403867486496926,0.26
9,octanol_gsolv_eV,105,0.06581968814134598,0.013143673539161682,0.6294609432737666,0.9707419588863393,2.3604776859283447,0.059793997555971146,0.02533131234937091,0.08
9,octanol_gsolv_eV,106,0.20266525447368622,0.044735442847013474,0.610063849749457,0.9634183929760654,8.121187210083008,0.006240618880838156,0.0007684367715461603,0.16
9,octanol_gsolv_eV,107,0.34290146827697754,0.03555401414632797,0.6182271334985097,0.9186941763898897,6.467421054840088,0.36732572317123413,0.056796321138908215,0.32
9,octanol_gsolv_eV,108,0.2672072649002075,0.020380515605211258,0.6287772188289567,0.9831981170634869,3.7621665000915527,0.08687928318977356,0.02309288628976398,0.3
9,octanol_gsolv_eV,109,0.3002595007419586,0.024328263476490974,0.6312856142805454,0.9209451468126171,4.517266750335693,0.4560525417327881,0.10095762923429245,0.12
9,octanol_gsolv_eV,110,0.03604450076818466,0.04075651988387108,0.6149096963980596,0.9393166058140849,7.411120891571045,0.008951380848884583,0.0012078309043730936,0.02
9,octanol_gsolv_eV,111,0.10376668721437454,0.018947886303067207,0.6296632370788808,0.9655344577750002,3.466449499130249,0.05709844082593918,0.016471735947766002,0.1
9,octanol_gsolv_eV,112,0.12408847361803055,0.0680079534649849,0.6144383728124203,0.9511227931985986,12.543168067932129,0.1416037380695343,0.011289312022499205,0.12
9,octanol_gsolv_eV,113,0.43517327308654785,0.038535796105861664,0.6225395570595,0.9345552228425322,7.236094951629639,0.9990978240966797,0.1380714087881991,0.36
9,octanol_gsolv_eV,114,0.1036413162946701,0.012136192992329597,0.6313865125456815,0.9412696614065594,2.138754367828369,0.038856226950883865,0.018167690285227744,0.1
9,octanol_gsolv_eV,115,0.23410877585411072,0.028654173016548157,0.6280650116220758,0.9721119258034872,5.311008930206299,0.016630185768008232,0.003131266768056866,0.24
9,octanol_gsolv_eV,116,0.11208833754062653,0.019806282594799995,0.6269024578728659,0.9432753437688124,3.6084773540496826,0.09650038182735443,0.026742687388367572,0.06
9,octanol_gsolv_eV,117,0.17519482970237732,0.01979336328804493,0.6283749684494295,0.973598242534937,3.6314234733581543,0.050951242446899414,0.014030652943866751,0.16
9,octanol_gsolv_eV,118,0.09053903073072433,0.03318203240633011,0.6158525859120683,0.9640187792664654,6.027322769165039,0.022460727021098137,0.003726484855930423,0.08
9,octanol_gsolv_eV,119,0.16675439476966858,0.037500955164432526,0.6217711885926172,0.9734631372910567,8.440484046936035,0.005359028000384569,0.000634919510609103,0.2
9,octanol_gsolv_eV,120,0.18640707433223724,0.03789440914988518,0.6163849227782832,0.9492508209132524,6.921106338500977,0.024231508374214172,0.0035011033191931,0.12
9,octanol_gsolv_eV,121,0.051968418061733246,0.021040916442871094,0.6264519495741103,0.9648412833700224,3.8311872482299805,0.019779164344072342,0.0051626723160582595,0.04
9,octanol_gsolv_eV,122,0.2604665458202362,0.03740540146827698,0.6173644187671226,0.9350032462326512,6.838283538818359,0.361245334148407,0.052826901970027026,0.22
9,octanol_gsolv_eV,123,0.2660865783691406,0.044639069586992264,0.6099473354928142,0.940730446970206,8.101749420166016,0.13331887125968933,0.0164555658717173,0.24
9,octanol_gsolv_eV,124,0.108303003013134,0.034067556262016296,0.6154470435016839,0.923218422078655,6.190342426300049,0.3341141939163208,0.053973459125106905,0.04
9,octanol_gsolv_eV,125,0.08254862576723099,0.04096279293298721,0.6144332713858944,0.970350421017925,7.37775993347168,0.013350479304790497,0.001809557294514501,0.04
9,octanol_gsolv_eV,126,0.2955440580844879,0.01102919690310955,0.6284631339339131,0.9549670657498317,1.9668340682983398,0.20121163129806519,0.1023022910479423,0.22
9,octanol_gsolv_eV,127,0.15406079590320587,0.03521158546209335,0.6277430937599866,0.9252401553206078,6.376448154449463,0.1790291965007782,0.028076633286173942,0.08
9,octanol_gsolv_eV,128,0.25158220529556274,0.016179995611310005,0.6325723680594384,0.9430473897366021,2.920666217803955,0.2658761739730835,0.09103271450614286,0.14
9,octanol_gsolv_eV,129,0.12601317465305328,0.052433308213949203,0.6051300477792967,0.9304430759633131,9.373200416564941,0.20819750428199768,0.022211997506642156,0.1
9,octanol_gsolv_eV,130,0.05109795555472374,0.03824256360530853,0.609794801814197,0.9319866948385964,6.8612589836120605,0.07929188013076782,0.011556462206156979,0.04
9,octanol_gsolv_eV,131,0.210789754986763,0.011826206929981709,0.6306416188332906,0.9801865714845721,2.118861198425293,0.12901954352855682,0.06089098409298461,0.26
9,octanol_gsolv_eV,132,0.1993815004825592,0.03677677735686302,0.6150790385243214,0.968548740017551,6.712115287780762,0.005214745178818703,0.0007769153173384873,0.16
9,octanol_gsolv_eV,133,0.20530997216701508,0.04763038083910942,0.6062115352200461,0.9198506423065849,8.537285804748535,0.20619800686836243,0.024152641903316948,0.14
9,octanol_gsolv_eV,134,0.18659667670726776,0.029424520209431648,0.6229383895570515,0.9594933075671663,5.414583683013916,0.07024375349283218,0.012973066371324869,0.12
9,octanol_gsolv_eV,135,0.2346917986869812,0.03608261048793793,0.6207191220849568,0.9235250169568368,6.604702949523926,0.25088804960250854,0.037986273042089326,0.16
9,octanol_gsolv_eV,136,0.23788969218730927,0.01165056973695755,0.6335338761015878,0.9228864837227517,2.0951201915740967,0.29313772916793823,0.13991451676464406,0.1
9,octanol_gsolv_eV,137,0.3149925768375397,0.0245356485247612,0.62598751251753,0.899282390250357,4.557812690734863,0.4850923418998718,0.10643095160228264,0.32
9,octanol_gsolv_eV,138,0.09226124733686447,0.021261967718601227,0.6272623923459673,0.9719487406213834,3.8768510818481445,0.12426432967185974,0.03205290248410092,0.12
9,octanol_gsolv_eV,139,0.21674469113349915,0.023258209228515625,0.6256692256157166,0.9700042553863764,4.269842624664307,0.07031550258398056,0.01646793775906641,0.28
9,octanol_gsolv_eV,140,0.3604048192501068,0.03403722867369652,0.627470303977562,0.9097223840596114,6.271912097930908,0.642428994178772,0.10242952773376847,0.26
9,octanol_gsolv_eV,141,0.29581794142723083,0.044776324182748795,0.6082035423662215,0.9088791062141497,8.047246932983398,0.4617723524570465,0.0573826497810539,0.24
9,octanol_gsolv_eV,142,0.4191932678222656,0.031606197357177734,0.6245414027529372,0.9313861929660712,5.919373989105225,0.38085538148880005,0.06434048299529227,0.32
9,octanol_gsolv_eV,143,0.21087180078029633,0.028279529884457588,0.6228269243237141,0.9148325038461564,5.192739963531494,0.35863035917282104,0.06906380093967245,0.1
9,octanol_gsolv_eV,144,0.056987740099430084,0.012756280601024628,0.629613653073595,0.9664500918888637,2.2110912799835205,0.03031196817755699,0.013709053286023953,0.04
9,octanol_gsolv_eV,145,0.15579606592655182,0.0395759679377079,0.615049583162776,0.9673318428126692,7.20919942855835,0.0074553219601511955,0.001034140064237627,0.16
9,octanol_gsolv_eV,146,0.24944482743740082,0.027088116854429245,0.6285126243176069,0.9679347472460949,5.0020365715026855,0.031840257346630096,0.006365458726957051,0.28
9,octanol_gsolv_eV,147,0.07863353937864304,0.042967796325683594,0.6104171373412932,0.9614209556396816,7.752650260925293,0.005236086435616016,0.0006753930926056092,0.02
9,octanol_gsolv_eV,148,0.10677865147590637,0.048409752547740936,0.613414573992983,0.9484272412044936,8.843842506408691,0.054991986602544785,0.006218110121555742,0.04
9,octanol_gsolv_eV,149,0.12656646966934204,0.034958790987730026,0.6167845629199225,0.9588112882975499,6.382656097412109,0.029981834813952446,0.004697391549281307,0.1
9,octanol_gsolv_eV,150,0.06877730786800385,0.02074071578681469,0.627207578540329,0.9529165069785908,3.7928812503814697,0.008441595360636711,0.0022256418810337646,0.04
9,octanol_gsolv_eV,151,0.19177381694316864,0.036166299134492874,0.6202174959528695,0.9137761943077412,6.590241432189941,0.20269374549388885,0.030756649445926838,0.1
9,octanol_gsolv_eV,152,0.11837346106767654,0.022028354927897453,0.6282326501297895,0.9702043285333732,4.032060146331787,0.05509321764111519,0.013663788644432021,0.14
9,octanol_gsolv_eV,153,0.16953720152378082,0.022078726440668106,0.6248096628475968,0.9427145920857418,4.03018856048584,0.11719341576099396,0.02907889147173458,0.22
9,octanol_gsolv_eV,154,0.14149163663387299,0.026595810428261757,0.6234471643799182,0.960480173187463,4.863887786865234,0.022374533116817474,0.00460013349346569,0.18
9,octanol_gsolv_eV,155,0.325906366109848,0.015140900388360023,0.6315720272796754,0.9219695566074075,2.7596993446350098,0.6031771302223206,0.21856624758596488,0.16
9,octanol_gsolv_eV,156,0.1360781490802765,0.030045591294765472,0.6272028464784636,0.9326123637178836,5.561213970184326,0.35409143567085266,0.06367160795633194,0.14
9,octanol_gsolv_eV,157,0.2218315154314041,0.013642939738929272,0.629273954849912,0.9388342787168489,2.4780657291412354,0.3297504782676697,0.13306768839499003,0.2
9,octanol_gsolv_eV,158,0.18172794580459595,0.04639593884348869,0.6054077930604091,0.9665973205441047,8.306363105773926,0.05753623694181442,0.006926766408973837,0.12
9,octanol_gsolv_eV,159,0.05575357377529144,0.01741035282611847,0.6298321595542316,0.9727237877166,3.124023199081421,0.022738495841622353,0.0072785937851896606,0.04
9,octanol_gsolv_eV,160,0.05490605905652046,0.047140419483184814,0.611653410901783,0.967661924915779,8.499916076660156,0.0031731475610285997,0.0003733151636334054,0.04
9,octanol_gsolv_eV,161,0.10038454085588455,0.01907762698829174,0.6249567293102665,0.9707821510806829,3.4708175659179688,0.10171610116958618,0.029306092653326798,0.14
9,octanol_gsolv_eV,162,0.19171100854873657,0.03535284847021103,0.622570891237874,0.9429448871562405,6.416143894195557,0.07468608766794205,0.011640338636343199,0.16
9,octanol_gsolv_eV,163,0.3416186273097992,0.007437138352543116,0.6380994638715836,0.9458570939991306,1.3176170587539673,0.32762688398361206,0.2486510642883141,0.22
9,octanol_gsolv_eV,164,0.07760687917470932,0.04589679837226868,0.6123447748801438,0.9452674158275278,8.268994331359863,0.12369982898235321,0.014959476814880144,0.04
9,octanol_gsolv_eV,165,0.2143838256597519,0.027583371847867966,0.6201142774675259,0.9074112191468182,5.02435302734375,0.2658648192882538,0.05291523462649874,0.18
9,octanol_gsolv_eV,166,0.07770778238773346,0.012635823339223862,0.6317745039451095,0.941643381037834,2.235377788543701,0.024235209450125694,0.010841661563575968,0.06
9,octanol_gsolv_eV,167,0.20416264235973358,0.026337137445807457,0.6260058567114359,0.8968674368957343,4.90041446685791,0.39061906933784485,0.07971143501833332,0.1
9,octanol_gsolv_eV,168,0.053210511803627014,0.0423881821334362,0.6066151328867262,0.9539885932279613,7.603013038635254,0.034239962697029114,0.004503472836760413,0.02
9,octanol_gsolv_eV,169,0.3874779939651489,0.03869135305285454,0.6147054458755792,0.9384978767691456,7.281390190124512,0.48803871870040894,0.06702548633670509,0.26
9,octanol_gsolv_eV,170,0.0359283946454525,0.02937251515686512,0.6217671755980072,0.9619117779057853,5.3525261878967285,0.007683474104851484,0.0014354855698278611,0.02
9,octanol_gsolv_eV,171,0.03729671612381935,0.03773653879761696,0.6150062728360186,0.9512589736476174,6.800783157348633,0.010515742935240269,0.0015462547021334464,0.02
9,octanol_gsolv_eV,172,0.08635035902261734,0.041386157274246216,0.6142992427470908,0.9332184392340483,7.577591896057129,0.229032963514328,0.03022503278825314,0.06
9,octanol_gsolv_eV,173,0.04591626673936844,0.02853998728096485,0.6244291227612699,0.9619074057275017,5.2205047607421875,0.005612293723970652,0.0010750480999796588,0.08
9,octanol_gsolv_eV,174,0.29104629158973694,0.015575163997709751,0.6297536018394227,0.9657187238034595,2.8578174114227295,0.08310887962579727,0.02908124196234865,0.3
9,octanol_gsolv_eV,175,0.388579398393631,0.03903605788946152,0.6227281831496443,0.9288162318125028,7.370259761810303,0.883655846118927,0.11989480353157608,0.36
9,octanol_gsolv_eV,176,0.2992687225341797,0.03445655480027199,0.6219078194574041,0.9468161694885364,6.358734130859375,0.07456070184707642,0.011725714633236227,0.24
9,octanol_gsolv_eV,177,0.2903211712837219,0.03442484885454178,0.6191753986280637,0.895113832877142,6.406586170196533,0.44821837544441223,0.06996212390454155,0.22
9,octanol_gsolv_eV,178,0.18967504799365997,0.037653908133506775,0.615099017782617,0.9674528271437397,6.857813835144043,0.007684813346713781,0.0011205922953655635,0.18
9,octanol_gsolv_eV,179,0.1623544692993164,0.03900697082281113,0.613458659270671,0.9680159314851466,7.084291458129883,0.0069235279224812984,0.0009773070409936208,0.18
9,octanol_gsolv_eV,180,0.1774628907442093,0.040307316929101944,0.6196149388946617,0.9659769388155026,7.218311309814453,0.04378918930888176,0.006066403543629841,0.16
9,octanol_gsolv_eV,181,0.40714073181152344,0.01808791793882847,0.627901954307035,0.9094782169260356,3.3772120475769043,0.5402684807777405,0.15997469900220643,0.3
9,octanol_gsolv_eV,182,0.2965189814567566,0.03112851083278656,0.6256532847431622,0.9525544238174726,5.765276908874512,0.055674437433481216,0.009656854009524044,0.32
9,octanol_gsolv_eV,183,0.04608771204948425,0.04744911566376686,0.6142213353918475,0.9730008124175689,8.641453742980957,0.00623656902462244,0.0007217036866844435,0.04
9,octanol_gsolv_eV,184,0.22311018407344818,0.020793046802282333,0.6295073626121903,0.9041604338167581,3.8055787086486816,0.33960655331611633,0.089239135310568,0.08
9,octanol_gsolv_eV,185,0.09048794209957123,0.04493069648742676,0.6148181080926609,0.9469316269707397,8.20211124420166,0.0153877018019557,0.001876065971774495,0.04
9,octanol_gsolv_eV,186,0.32693853974342346,0.03147583454847336,0.6265240964294918,0.9461702749497913,5.843760013580322,0.09513706713914871,0.01628011193444966,0.28
9,octanol_gsolv_eV,187,0.054794054478406906,0.047289252281188965,0.6144160366180653,0.9734308403174676,8.586064338684082,0.004928434733301401,0.0005740039369489215,0.02
9,octanol_gsolv_eV,188,0.37074553966522217,0.03277391195297241,0.6302570932727556,0.9440712977041443,6.119709014892578,0.2728870213031769,0.04459150273960648,0.38
9,octanol_gsolv_eV,189,0.05924639105796814,0.044069718569517136,0.6138264190047171,0.9599059021898431,8.019351959228516,0.007036265451461077,0.0008774107293500041,0.02
9,octanol_gsolv_eV,190,0.07227134704589844,0.04115696996450424,0.6238389807953928,0.9678318172803666,7.532963275909424,0.005934539716690779,0.0007878094581543444,0.08
9,octanol_gsolv_eV,191,0.10287238657474518,0.04996083676815033,0.6160745199289139,0.9731743208980588,9.166648864746094,0.023950563743710518,0.002612793846159168,0.12
9,octanol_gsolv_eV,192,0.05496829003095627,0.04417409375309944,0.6133802427844524,0.9689385923046276,8.002025604248047,0.002413505222648382,0.00030161178456703777,0.02
9,octanol_gsolv_eV,193,0.17991240322589874,0.05038754642009735,0.6172774220024095,0.9750295308803474,9.353861808776855,0.03564192354679108,0.00381039663354314,0.04
9,octanol_gsolv_eV,194,0.36345812678337097,0.029661986976861954,0.6258661381430404,0.919794345900945,5.546968460083008,0.8268221020698547,0.1490583745012824,0.26
9,octanol_gsolv_eV,195,0.02390321157872677,0.043529171496629715,0.6146197566404608,0.9620030373567905,7.900286674499512,0.010212501510977745,0.0012926748017817612,0.02
9,octanol_gsolv_eV,196,0.14538638293743134,0.04354391247034073,0.6065751530071186,0.951773369422414,7.806675910949707,0.016566680744290352,0.0021221171383653563,0.1
9,octanol_gsolv_eV,197,0.2811296284198761,0.023155929520726204,0.6275523527332307,0.9440284173412303,4.285353660583496,0.13809427618980408,0.032224709353626854,0.22
9,octanol_gsolv_eV,198,0.025915630161762238,0.03477814048528671,0.6115847404113197,0.9604992224009012,6.253399848937988,0.009457237087190151,0.001512335260121943,0.02
9,octanol_gsolv_eV,199,0.11766082793474197,0.01794430986046791,0.6283673334322124,0.9625035098605494,3.279367208480835,0.05268126353621483,0.01606446005801814,0.06
9,octanol_gsolv_eV,200,0.4698405861854553,0.01582568697631359,0.6372309045564133,0.9220147098564206,2.8992793560028076,0.5989480018615723,0.20658512972248827,0.26
9,octanol_gsolv_eV,201,0.16009521484375,0.05227315425872803,0.611681855866711,0.9396680945170224,9.617286682128906,0.2295459806919098,0.02386806053296281,0.04
9,octanol_gsolv_eV,202,0.26385223865509033,0.02615536004304886,0.6188342669990099,0.9092770605066256,4.812633991241455,0.3709280490875244,0.07707381233698196,0.16
9,octanol_gsolv_eV,203,0.32780882716178894,0.03372546285390854,0.6177478138117745,0.906648197396305,6.21171236038208,0.3344436287879944,0.05384081061464715,0.2
9,octanol_gsolv_eV,204,0.4277535676956177,0.0394965261220932,0.6186858087877998,0.918928302465337,7.400249004364014,1.0214955806732178,0.13803529855155278,0.3
9,octanol_gsolv_eV,205,0.19687101244926453,0.028908001258969307,0.628060259217025,0.9663160783707478,5.356265068054199,0.007940701209008694,0.0014825071403520658,0.28
9,octanol_gsolv_eV,206,0.541068434715271,0.015113282017409801,0.6368179098197551,0.9365270009611484,2.743931293487549,0.7285183668136597,0.2655016794854618,0.42
9,octanol_gsolv_eV,207,0.17913101613521576,0.042141057550907135,0.6101012303420028,0.9787901696538293,7.592199802398682,0.009159860201179981,0.001206483027262535,0.16
9,octanol_gsolv_eV,208,0.3064689338207245,0.04123612865805626,0.6167268854483314,0.9254189103653201,7.535487651824951,0.5137724876403809,0.06818039009273076,0.22
9,octanol_gsolv_eV,209,0.19829294085502625,0.03840184584259987,0.6139380354270514,0.9674130892363073,6.99294376373291,0.006343128625303507,0.0009070755950019931,0.18
9,octanol_gsolv_eV,210,0.4523826837539673,0.022872034460306168,0.6324258710093436,0.908403676672171,4.261106491088867,0.7423028349876404,0.1742042440244095,0.36
9,octanol_gsolv_eV,211,0.2775382399559021,0.03201662003993988,0.6297728749648264,0.9558904664702548,6.024523735046387,0.20048756897449493,0.033278575667019306,0.2
9,octanol_gsolv_eV,212,0.12093251198530197,0.04356986656785011,0.6142290237530637,0.9323391581141076,7.94951057434082,0.09642862528562546,0.012130133595503946,0.1
9,octanol_gsolv_eV,213,0.06065351143479347,0.045042917132377625,0.6161400424665298,0.9646372068588105,8.174295425415039,0.0076973289251327515,0.000941650445028041,0.04
9,octanol_gsolv_eV,214,0.5839996933937073,0.008183571510016918,0.6467984554313304,0.9588059668539832,1.4607878923416138,0.5697149634361267,0.3900052611490947,0.44
9,octanol_gsolv_eV,215,0.19317518174648285,0.02123386226594448,0.6272800906181006,0.9647119565962075,3.8890340328216553,0.06603498756885529,0.01697979164274481,0.22
9,octanol_gsolv_eV,216,0.2597867548465729,0.04992528259754181,0.6071855639035937,0.9236209177478916,8.930113792419434,0.481131374835968,0.05387740694238289,0.22
9,octanol_gsolv_eV,217,0.13230958580970764,0.024344148114323616,0.6284714193516439,0.9678246589727029,4.5023579597473145,0.017621299251914024,0.003913793485425797,0.14
9,octanol_gsolv_eV,218,0.08112622052431107,0.013665392063558102,0.6330110069303827,0.9661351670850853,2.4741077423095703,0.013363768346607685,0.005401449628920629,0.08
9,octanol_gsolv_eV,219,0.06359048187732697,0.025576164945960045,0.6296063942618471,0.9780335258717658,4.687741756439209,0.013048670254647732,0.0027835727590419684,0.04
9,octanol_gsolv_eV,220,0.14208480715751648,0.03685150295495987,0.6186950111183798,0.963383491074822,6.722269058227539,0.012215357273817062,0.0018171479255009002,0.1
9,octanol_gsolv_eV,221,0.13126812875270844,0.025429321452975273,0.6289169353413819,0.955844379324595,4.664260387420654,0.12189704924821854,0.026134271915215234,0.12
9,octanol_gsolv_eV,222,0.07032903283834457,0.03126322105526924,0.6213081002692029,0.959756025033204,5.597033500671387,0.026362089440226555,0.004710011015132269,0.04
9,octanol_gsolv_eV,223,0.11676296591758728,0.03868239372968674,0.6179905708712707,0.9617160958356374,7.073163986206055,0.0049278694204986095,0.0006966994445638252,0.1
9,octanol_gsolv_eV,224,0.053074002265930176,0.0202738456428051,0.6307624811318866,0.9621342464336016,3.652672052383423,0.030388040468096733,0.00831940016303081,0.04
9,octanol_gsolv_eV,225,0.11863873153924942,0.012129416689276695,0.6292067056585673,0.9680745051487167,2.1811184883117676,0.10461603105068207,0.04796439607077794,0.12
9,octanol_gsolv_eV,226,0.12402757257223129,0.043829578906297684,0.6183008130297163,0.9207916976369592,8.070219993591309,0.35212790966033936,0.04363300008425666,0.1
9,octanol_gsolv_eV,227,0.12052267789840698,0.018121790140867233,0.6269387930301435,0.9357111092549883,3.1884403228759766,0.08958297967910767,0.028096175749748303,0.06
9,octanol_gsolv_eV,228,0.30586835741996765,0.02991585247218609,0.6266343153885581,0.9184689422754206,5.503432273864746,0.25606536865234375,0.0465283037766037,0.26
9,octanol_gsolv_eV,229,0.0991654247045517,0.019737061113119125,0.6228448412488599,0.9205651641050809,3.472109079360962,0.157162606716156,0.04526430567817346,0.04
9,octanol_gsolv_eV,230,0.16447284817695618,0.02256654016673565,0.6281066982873049,0.955299693421922,4.142122745513916,0.17841753363609314,0.04307393686711154,0.16
9,octanol_gsolv_eV,231,0.505296528339386,0.016206571832299232,0.6386559750323257,0.9153324938300327,2.990363121032715,0.8609136343002319,0.2878960177929553,0.38
9,octanol_gsolv_eV,232,0.07495126128196716,0.014664797112345695,0.6299212899921829,0.9622935698208541,2.625567674636841,0.022337764501571655,0.008507784703992188,0.12
9,octanol_gsolv_eV,233,0.049947336316108704,0.04404481500387192,0.6075168835301838,0.956828145453946,7.846757888793945,0.006025019101798534,0.0007678354789565944,0.02
9,octanol_gsolv_eV,234,0.03536752983927727,0.03629276901483536,0.6220370100255341,0.9703257676728267,6.659628868103027,0.016429061070084572,0.002466963459296244,0.04
9,octanol_gsolv_eV,235,0.06535438448190689,0.03140496835112572,0.6266054215140233,0.9598446222270047,5.796877861022949,0.013869701884686947,0.002392615855846137,0.06
9,octanol_gsolv_eV,236,0.18006478250026703,0.023293711245059967,0.6277237097805726,0.9127799493199937,4.27625036239624,0.5391294956207275,0.1260752879114919,0.14
9,octanol_gsolv_eV,237,0.23893676698207855,0.009701932780444622,0.6313405936743457,0.9624712849686463,1.6924067735671997,0.10751787573099136,0.06352957067429404,0.1
9,octanol_gsolv_eV,238,0.06379317492246628,0.042955879122018814,0.6154207607699318,0.9661883218523892,7.867323398590088,0.007388196419924498,0.0009390991123167181,0.06
9,octanol_gsolv_eV,239,0.09153252094984055,0.03413272276520729,0.6183315998695611,0.9519037038424365,6.1824951171875,0.0910184234380722,0.014721956380529696,0.04
9,octanol_gsolv_eV,240,0.15811826288700104,0.0258750319480896,0.6278895516112102,0.946068948213709,4.758299350738525,0.2653138339519501,0.05575812163031973,0.12
9,octanol_gsolv_eV,241,0.04864523559808731,0.040081243962049484,0.6124397030735711,0.9385946051532492,7.2773590087890625,0.07845937460660934,0.010781297791115134,0.02
9,octanol_gsolv_eV,242,0.3920227587223053,0.010461154393851757,0.6398787044689656,0.9487425199363191,1.8440479040145874,0.3994884192943573,0.21663668195639083,0.34
9,octanol_gsolv_eV,243,0.31675657629966736,0.018305646255612373,0.6225626201445589,0.9037343483594604,3.299558162689209,0.6763299703598022,0.20497592011185498,0.22
9,octanol_gsolv_eV,244,0.10700419545173645,0.03924987092614174,0.615631124226603,0.9736443800564121,7.159663200378418,0.010705368593335152,0.001495233545730102,0.1
9,octanol_gsolv_eV,245,0.23822957277297974,0.0422232560813427,0.6144934096949677,0.8928483707409873,7.745349407196045,0.5025798082351685,0.06488794524469509,0.12
9,octanol_gsolv_eV,246,0.1835537850856781,0.04081159457564354,0.6098027964049781,0.9131773778685845,7.3639726638793945,0.41807082295417786,0.05677245720979294,0.14
9,octanol_gsolv_eV,247,0.05785408616065979,0.02246744930744171,0.6157296145017246,0.9646308313932548,3.995673179626465,0.01296798326075077,0.003245506496095129,0.1
9,octanol_gsolv_eV,248,0.1300296038389206,0.03521428257226944,0.6222842234088155,0.917641868310471,6.433391571044922,0.45789575576782227,0.07117486176788865,0.08
9,octanol_gsolv_eV,249,0.26605135202407837,0.024170836433768272,0.6280167711720455,0.9706255647116593,4.472204208374023,0.051116377115249634,0.011429794958722202,0.26
9,octanol_hl_gap_eV,0,0.06597890704870224,0.0018270643195137382,0.608393481406786,0.9420131898199937,0.3967260420322418,0.0057718693278729916,0.014548753336953648,0.06
9,octanol_hl_gap_eV,1,0.22383128106594086,0.0022586118429899216,0.6244532614343168,0.9139087104918056,0.4375738203525543,0.1789226531982422,0.4088970703368034,0.06
9,octanol_hl_gap_eV,2,0.12630420923233032,0.0026601054705679417,0.6083551311114062,0.9671728452102992,0.6023445129394531,0.0011842130916193128,0.001966006274117663,0.06
9,octanol_hl_gap_eV,3,0.025931503623723984,0.001140284352004528,0.6207101462477043,0.9668575741734113,0.22251373529434204,0.00025116739561781287,0.001128772546492771,0.0
9,octanol_hl_gap_eV,4,0.24000458419322968,0.0011014932533726096,0.6118445261251024,0.931293467030436,0.24531874060630798,0.03277871385216713,0.13361683567734847,0.1
9,octanol_hl_gap_eV,5,0.06406229734420776,0.0011793263256549835,0.6186211232779564,0.9393873950319316,0.23753586411476135,0.0015745139680802822,0.006628531543849661,0.04
9,octanol_hl_gap_eV,6,0.01249696221202612,0.0014272710541263223,0.5944997129905449,0.9566867697814583,0.23273338377475739,0.0013869213871657848,0.005959271354504374,0.06
9,octanol_hl_gap_eV,7,0.019581636413931847,0.0017849050927907228,0.6203048688580544,0.9704219655591564,0.2485046088695526,0.0008299080072902143,0.0033396081105516134,0.02
9,octanol_hl_gap_eV,8,0.05624144524335861,0.0018824564758688211,0.6079644977708194,0.9590945031203406,0.46951785683631897,0.006774323061108589,0.014428254351719409,0.0
9,octanol_hl_gap_eV,9,0.15791375935077667,0.002159672789275646,0.6152147542203859,0.9783220094046723,0.4762556850910187,0.0028843695763498545,0.0060563467621360025,0.12
9,octanol_hl_gap_eV,10,0.32885807752609253,0.0014345796080306172,0.6216772094436325,0.9412009160056471,0.3819243013858795,0.04421196132898331,0.11576105832635532,0.2
9,octanol_hl_gap_eV,11,0.11039024591445923,0.0016352508682757616,0.6020027098530984,0.9752936576423001,0.20704317092895508,0.001113485312089324,0.005378034479926923,0.1
9,octanol_hl_gap_eV,12,0.06484977900981903,0.003661999711766839,0.6042170487319547,0.9644228750884234,0.6059423089027405,0.0023190020583570004,0.003827100409206155,0.1
9,octanol_hl_gap_eV,13,0.05681628733873367,0.000960514706093818,0.6352984498593985,0.9625567347033424,0.26277831196784973,0.00013835362915415317,0.0005265032266859237,0.16
9,octanol_hl_gap_eV,14,0.24315038323402405,0.0015915376134216785,0.6185695115047845,0.9229551954709134,0.3694038987159729,0.054530251771211624,0.14761688211942456,0.16
9,octanol_hl_gap_eV,15,0.14896345138549805,0.0008249375969171524,0.6473455175693037,0.9746304946910527,0.29653775691986084,0.0021047431509941816,0.007097723989201777,0.24
9,octanol_hl_gap_eV,16,0.055787861347198486,0.003189204493537545,0.6126363826228347,0.967834775012961,0.4999352693557739,0.0005293230060487986,0.001058783083519781,0.02
9,octanol_hl_gap_eV,17,0.12300089001655579,0.0009190949494950473,0.6366980099989825,0.9501525743415458,0.29111555218696594,0.002216111868619919,0.007612481888967045,0.04
9,octanol_hl_gap_eV,18,0.4905796945095062,0.0016585409175604582,0.651654857458354,0.9308829265907186,0.2607339918613434,0.10269708931446075,0.3938768726751761,0.42
9,octanol_hl_gap_eV,19,0.0030268554110080004,0.0018967745127156377,0.5900033059977909,0.9707553616636384,0.2711227238178253,0.002934884512796998,0.010824930022350418,0.02
9,octanol_hl_gap_eV,20,0.12692996859550476,0.0022169945295900106,0.5985382949929958,0.9698783010053083,0.2874169647693634,0.003961713053286076,0.013783852517074405,0.12
9,octanol_hl_gap_eV,21,0.12937387824058533,0.0019860577303916216,0.6418032294852976,0.9610823353106892,0.438172847032547,0.01269511878490448,0.028972855965128986,0.2
9,octanol_hl_gap_eV,22,0.04844958707690239,0.0017081801779568195,0.603124863428095,0.9700707890245628,0.4148796498775482,0.0007326586055569351,0.001765954550369437,0.04
9,octanol_hl_gap_eV,23,0.022601483389735222,0.001726672169752419,0.6147463999666882,0.9636703157522617,0.1760813444852829,0.012413159012794495,0.07049673007143584,0.04
9,octanol_hl_gap_eV,24,0.2598821222782135,0.0018741502426564693,0.6183003493223089,0.9389622037209255,0.33034753799438477,0.057105302810668945,0.172864320882693,0.12
9,octanol_hl_gap_eV,25,0.08429823070764542,0.0017977261450141668,0.6370194676024894,0.9836174815530276,0.4574767053127289,0.00031427538488060236,0.0006869757109616439,0.12
9,octanol_hl_gap_eV,26,0.050802260637283325,0.0022288046311587095,0.6093546123638898,0.9614217725051382,0.3339608311653137,0.0013573826290667057,0.004064496498976518,0.08
9,octanol_hl_gap_eV,27,0.12460729479789734,0.0014343531802296638,0.6282277391806836,0.9811277576251469,0.3375614881515503,0.0010078088380396366,0.0029855563309614712,0.12
9,octanol_hl_gap_eV,28,0.09897170215845108,0.0014976903330534697,0.6079356392987774,0.9477576755341603,0.37459132075309753,0.010051270946860313,0.026832631697532992,0.14
9,octanol_hl_gap_eV,29,0.07211316376924515,0.0032735399436205626,0.6058775929194391,0.9543685773770674,0.5006968975067139,0.011438035406172276,0.022844230637596278,0.04
9,octanol_hl_gap_eV,30,0.0724770799279213,0.0015093841357156634,0.6087405538967892,0.9652517511269763,0.39281901717185974,0.0010377690196037292,0.0026418502522491203,0.06
9,octanol_hl_gap_eV,31,0.17592117190361023,0.0020156176760792732,0.6347048106060023,0.9853895867461673,0.4510318636894226,0.0014621283626183867,0.0032417407290434765,0.18
9,octanol_hl_gap_eV,32,0.12042828649282455,0.001963369082659483,0.6051376969150142,0.9773972809368114,0.24218717217445374,0.0006828045006841421,0.0028193256255219837,0.08
9,octanol_hl_gap_eV,33,0.008730647154152393,0.0027248277328908443,0.6096084146937366,0.9579207751211318,0.40033331513404846,0.0014864073600620031,0.003712924465365295,0.0
9,octanol_hl_gap_eV,34,0.1649261713027954,0.0017413838068023324,0.5996127072586654,0.892200356406436,0.3127213418483734,0.03933987021446228,0.12579848238671434,0.1
9,octanol_hl_gap_eV,35,0.07234486192464828,0.0022265943698585033,0.6059464633503231,0.9187225461949562,0.3213968276977539,0.03242696449160576,0.1008938536322472,0.0
9,octanol_hl_gap_eV,36,0.05540067330002785,0.0015004122396931052,0.6389454109873653,0.965470245630452,0.33762431144714355,0.0048224711790680885,0.014283542433297389,0.14
9,octanol_hl_gap_eV,37,0.0868343785405159,0.0012919518630951643,0.6352173788352984,0.9731681699988306,0.3436529338359833,0.00047838149475865066,0.001392048336147684,0.1
9,octanol_hl_gap_eV,38,0.13109873235225677,0.0009057577699422836,0.6432338238789859,0.9635555161591414,0.26963335275650024,0.0006676001939922571,0.0024759555417283694,0.14
9,octanol_hl_gap_eV,39,0.06539871543645859,0.0009514340199530125,0.6172283629371855,0.96409559041939,0.2551056146621704,0.0006144776125438511,0.0024087184962886354,0.16
9,octanol_hl_gap_eV,40,0.30351030826568604,0.0011266791261732578,0.6187268292825823,0.9127232712900903,0.3330307900905609,0.022606173530220985,0.06788013061517134,0.18
9,octanol_hl_gap_eV,41,0.059559859335422516,0.0035051796585321426,0.6089501970783835,0.937047900501853,0.4856150448322296,0.02105601131916046,0.0433594707232246,0.06
9,octanol_hl_gap_eV,42,0.10708598792552948,0.0014065379509702325,0.6284670824017993,0.9132448595018821,0.24002571403980255,0.01939138025045395,0.08078876185423346,0.08
9,octanol_hl_gap_eV,43,0.1009739339351654,0.0023728020023554564,0.639076907314096,0.9681753122650809,0.43221166729927063,0.002394946990534663,0.005541143776843862,0.2
9,octanol_hl_gap_eV,44,0.15856602787971497,0.0016513234004378319,0.6085449302742636,0.9586955701904087,0.35964465141296387,0.002774628112092614,0.0077149155456412806,0.14
9,octanol_hl_gap_eV,45,0.13521721959114075,0.0025600537192076445,0.6007784381182515,0.9556036700114161,0.5011953711509705,0.007005229126662016,0.013977042745975192,0.08
9,octanol_hl_gap_eV,46,0.10217133909463882,0.0021041277796030045,0.6139518894176665,0.977536950205856,0.4880303740501404,0.002895265119150281,0.0059325510728412585,0.12
9,octanol_hl_gap_eV,47,0.08153729140758514,0.0014583624433726072,0.6100632126418193,0.9697476875081361,0.39144250750541687,0.0006166090606711805,0.0015752225393218127,0.16
9,octanol_hl_gap_eV,48,0.1907774806022644,0.0020450360607355833,0.6220384813987911,0.9705781466383312,0.5051811933517456,0.0011688752565532923,0.0023137742891775315,0.1
9,octanol_hl_gap_eV,49,0.05620967596769333,0.0012553789420053363,0.6080210118887655,0.9848618336010926,0.31215009093284607,0.003741312073543668,0.011985619041029046,0.06
9,octanol_hl_gap_eV,50,0.06429313123226166,0.002283457200974226,0.6239848201308449,0.9622754021972462,0.5325974822044373,0.0012737029464915395,0.002391492616937737,0.08
9,octanol_hl_gap_eV,51,0.05660847947001457,0.0008103570435196161,0.6505753636831906,0.9806093749675833,0.2444414645433426,0.00029589253244921565,0.0012104842073417954,0.14
9,octanol_hl_gap_eV,52,0.016762299463152885,0.002315538004040718,0.6159840905832872,0.9591891216489119,0.3839341998100281,0.0003512899565976113,0.0009149743804314144,0.04
9,octanol_hl_gap_eV,53,0.01587674207985401,0.0017603985033929348,0.6102243679007502,0.9559261733389153,0.31197863817214966,0.0004663161525968462,0.0014947053917824117,0.0
9,octanol_hl_gap_eV,54,0.05628957226872444,0.0028191423043608665,0.6078730167891346,0.9611558347552451,0.6050373315811157,0.0007135854684747756,0.0011794073377422779,0.1
9,octanol_hl_gap_eV,55,0.03857915848493576,0.0028034315910190344,0.6309239611813304,0.9749788170067093,0.5647212862968445,0.0021950535010546446,0.003886967880117803,0.04
9,octanol_hl_gap_eV,56,0.015069405548274517,0.000918497855309397,0.6268771696944195,0.9691132151664934,0.2173255980014801,0.0013386113569140434,0.006159473937832794,0.02
9,octanol_hl_gap_eV,57,0.1453661322593689,0.0016523583326488733,0.6031636437176917,0.9351897985243611,0.048833973705768585,0.11898507922887802,2.4365225722932053,0.12
9,octanol_hl_gap_eV,58,0.01256162952631712,0.003512348048388958,0.6161888766170489,0.9817709290634204,0.5642262697219849,0.00045997879351489246,0.0008152381734043348,0.02
9,octanol_hl_gap_eV,59,0.020681107416749,0.004984817933291197,0.613669809262753,0.9722122539459748,0.8234353065490723,0.0012987683294340968,0.001577256062625118,0.0
9,octanol_hl_gap_eV,60,0.05356651917099953,0.0019849101081490517,0.5959532622831716,0.9790806231765306,0.4775942862033844,0.000558793602976948,0.001170017353890588,0.04
9,octanol_hl_gap_eV,61,0.05287621170282364,0.0016538327326998115,0.615014655275574,0.9749458495454837,0.25531890988349915,0.0005933215725235641,0.0023238450015092655,0.0
9,octanol_hl_gap_eV,62,0.17406253516674042,0.00216625421307981,0.6066013942883977,0.9385494709328679,0.4617621600627899,0.032692357897758484,0.070799127181216,0.08
9,octanol_hl_gap_eV,63,0.02552848681807518,0.0016880283365026116,0.6289625854716387,0.9605709038604893,0.17303098738193512,0.02326902374625206,0.1344789398611581,0.04
9,octanol_hl_gap_eV,64,0.07545307278633118,0.0005786247202195227,0.6431888587674068,0.9612432922153664,0.29253971576690674,0.0009573177085258067,0.003272436722023035,0.12
9,octanol_hl_gap_eV,65,0.25377559661865234,0.00045847927685827017,0.6660434012619945,0.9384889887017829,0.2634521722793579,0.008022141642868519,0.030450087290842476,0.16
9,octanol_hl_gap_eV,66,0.07720764726400375,0.0018917418783530593,0.6096699894236894,0.9761199800258014,0.3967595398426056,0.0009219435742124915,0.0023236834445826463,0.16
9,octanol_hl_gap_eV,67,0.028604580089449883,0.002280488843098283,0.612238321018483,0.9625333009748616,0.38330549001693726,0.0006272688624449074,0.0016364724189501959,0.0
9,octanol_hl_gap_eV,68,0.039418842643499374,0.0032525586429983377,0.6199993565505497,0.9775945520277065,0.7018077373504639,0.0034351542126387358,0.004894722628176601,0.02
9,octanol_hl_gap_eV,69,0.06475260108709335,0.001404652837663889,0.623360793208908,0.9736535293943629,0.37840735912323,0.0010848157107830048,0.0028667933765784133,0.02
9,octanol_hl_gap_eV,70,0.13936901092529297,0.0020926264114677906,0.6047041898597916,0.9625895364854204,0.4529612064361572,0.0011058824602514505,0.0024414507126391616,0.06
9,octanol_hl_gap_eV,71,0.07470899820327759,0.0019656624644994736,0.6290278889063647,0.9730437444971229,0.3600943982601166,0.005721758119761944,0.015889606023887087,0.16
9,octanol_hl_gap_eV,72,0.26964154839515686,0.0008160639554262161,0.65914855908789,0.9219143189534675,0.28648635745048523,0.029058773070573807,0.10143161206409687,0.1
9,octanol_hl_gap_eV,73,0.038188423961400986,0.0021896413527429104,0.6135740495346362,0.961952940467897,0.34677788615226746,0.000641405291389674,0.0018496141680384944,0.0
9,octanol_hl_gap_eV,74,0.011592191644012928,0.0011659914162009954,0.6438399353959985,0.9587781876120756,0.2628457546234131,0.0005412625032477081,0.0020592400437404474,0.02
9,octanol_hl_gap_eV,75,0.024104375392198563,0.001547877211123705,0.6281722472994196,0.9626173972909327,0.32028213143348694,0.0011148623889312148,0.0034808760137239768,0.04
9,octanol_hl_gap_eV,76,0.30861538648605347,0.002423694357275963,0.6251901344586708,0.9117992143772755,0.36267128586769104,0.09378589689731598,0.25859752495412813,0.22
9,octanol_hl_gap_eV,77,0.0805831030011177,0.0014020914677530527,0.6301297957199583,0.970266304049975,0.24355556070804596,0.0005321066128090024,0.002184744258197608,0.12
9,octanol_hl_gap_eV,78,0.057345639914274216,0.0029304136987775564,0.6269323676932776,0.9698481704811741,0.5657082796096802,0.005204344168305397,0.009199695949113951,0.02
9,octanol_hl_gap_eV,79,0.3537365794181824,0.0009418242843821645,0.6472382510290164,0.907161568693192,0.27737149596214294,0.04695795476436615,0.16929625231128728,0.28
9,octanol_hl_gap_eV,80,0.04847942665219307,0.0010357233695685863,0.6122561706677092,0.9479616500920651,0.22760380804538727,0.002069314708933234,0.009091740277564183,0.02
9,octanol_hl_gap_eV,81,0.01267591118812561,0.0021659533958882093,0.5945385238717515,0.9593128527595727,0.5033420920372009,0.0005555045208893716,0.0011036321612624353,0.02
9,octanol_hl_gap_eV,82,0.0702396035194397,0.001039033057168126,0.5902370537570405,0.965483218059086,0.27206018567085266,0.00271982210688293,0.009997133906882867,0.04
9,octanol_hl_gap_eV,83,0.12027771770954132,0.001124841975979507,0.6295687625107422,0.9777978147910213,0.2426673322916031,0.00041107035940513015,0.0016939666148023758,0.12
9,octanol_hl_gap_eV,84,0.04478524252772331,0.0013531011063605547,0.611965472928204,0.9638950602375391,0.26346150040626526,0.004028619732707739,0.015291113602919177,0.06
9,octanol_hl_gap_eV,85,0.12933339178562164,0.0010467037791386247,0.6462532367861296,0.9661049026164972,0.26474234461784363,0.0011786852264776826,0.004452197581686897,0.14
9,octanol_hl_gap_eV,86,0.14598892629146576,0.003571202512830496,0.6028961796131802,0.9063592440152974,0.5374746322631836,0.057581089437007904,0.10713266446557118,0.0
9,octanol_hl_gap_eV,87,0.16613595187664032,0.0017488849116489291,0.6425023448464671,0.9785598397505062,0.3901664614677429,0.0026514737401157618,0.006795750024595522,0.3
9,octanol_hl_gap_eV,88,0.42925432324409485,0.0012842407450079918,0.6224496723456898,0.9275688812534679,0.16145482659339905,0.16381436586380005,1.0146142380515089,0.36
9,octanol_hl_gap_eV,89,0.05546937137842178,0.001651264727115631,0.6201307071887205,0.9781274136111311,0.3508269190788269,0.0012380924308672547,0.0035290690751956497,0.1
9,octanol_hl_gap_eV,90,0.06100695952773094,0.003425393020734191,0.6007806783815035,0.9629367956913308,0.7021723985671997,0.0013077743351459503,0.0018624690144678094,0.02
9,octanol_hl_gap_eV,91,0.05378537252545357,0.004763087723404169,0.6028677730802932,0.9455328264871636,0.955207884311676,0.007951396517455578,0.008324257628155324,0.04
9,octanol_hl_gap_eV,92,0.10264680534601212,0.003281350713223219,0.6110872525839464,0.962599370199726,0.602816641330719,0.0009359722025692463,0.0015526648376910858,0.08
9,octanol_hl_gap_eV,93,0.044326238334178925,0.003378070192411542,0.6010117068208369,0.9773307301123966,0.7357578873634338,0.0005798303755000234,0.0007880722523788742,0.04
9,octanol_hl_gap_eV,94,0.06654587388038635,0.002042739186435938,0.6040018981287538,0.9741323267059709,0.3642820417881012,0.0007674618973396719,0.002106779388773976,0.1
9,octanol_hl_gap_eV,95,0.06239518150687218,0.0015588358510285616,0.6031993245994531,0.9739521342160746,0.377760112285614,0.0013665874721482396,0.0036176065913359336,0.1
9,octanol_hl_gap_eV,96,0.04155200347304344,0.0009295019553974271,0.6121830687330252,0.9612156673596521,0.23365221917629242,0.002736578229814768,0.011712185912302412,0.14
9,octanol_hl_gap_eV,97,0.07511831074953079,0.0013659887481480837,0.6031571254923469,0.9535187881662044,0.38047680258750916,0.0012300889939069748,0.0032330196888259856,0.04
9,octanol_hl_gap_eV,98,0.017240870743989944,0.0025663324631750584,0.6134192513869796,0.9714205432970815,0.34359127283096313,0.00622974568977952,0.018131268697398995,0.14
9,octanol_hl_gap_eV,99,0.06820006668567657,0.0019568621646612883,0.6295496498231334,0.9683722684691181,0.40486693382263184,0.0017336042365059257,0.004281911145812171,0.08
9,octanol_hl_gap_eV,100,0.15590693056583405,0.0014514259528368711,0.6420492607664099,0.9679304828087925,0.34317871928215027,0.0011863908730447292,0.003457064224513635,0.18
9,octanol_hl_gap_eV,101,0.080329030752182,0.0018758549122139812,0.6503885364714896,0.9709979366587658,0.446830689907074,0.0009930492378771305,0.0022224284506591344,0.18
9,octanol_hl_gap_eV,102,0.08551598340272903,0.0013182074762880802,0.6107319159834927,0.9488443980006724,0.33112937211990356,0.010194636881351471,0.030787473838654045,0.0
9,octanol_hl_gap_eV,103,0.05297781527042389,0.0016130887670442462,0.6186029025124067,0.980548377966977,0.2532743811607361,0.0022771027870476246,0.008990655812134832,0.0
9,octanol_hl_gap_eV,104,0.07066725939512253,0.004336895886808634,0.6127674199765758,0.9733730042288264,0.8155578374862671,0.004890130832791328,0.005996056451206223,0.06
9,octanol_hl_gap_eV,105,0.07043258100748062,0.0012648217380046844,0.6129510650742707,0.9731822399638588,0.37990617752075195,0.0004133700567763299,0.0010880845883422098,0.08
9,octanol_hl_gap_eV,106,0.2175569087266922,0.002029893919825554,0.6028193742762145,0.9055891931651732,0.5048336386680603,0.04708578437566757,0.09326990273448786,0.12
9,octanol_hl_gap_eV,107,0.07334379106760025,0.0026513072662055492,0.6177854958011615,0.9703628290278754,0.418794721364975,0.0010204106802120805,0.0024365414083689077,0.14
9,octanol_hl_gap_eV,108,0.030539607629179955,0.0006029958603903651,0.619790873127313,0.9670469751109216,0.25081533193588257,0.0005282958736643195,0.0021063141140006984,0.04
9,octanol_hl_gap_eV,109,0.06625968217849731,0.0028589603025466204,0.6048232312339747,0.9720038880376289,0.5113186836242676,0.0009832818759605289,0.001923031384245435,0.14
9,octanol_hl_gap_eV,110,0.030757443979382515,0.0011417893692851067,0.6430236015388204,0.9598112759960447,0.3267629146575928,0.0007006239611655474,0.0021441354870387138,0.04
9,octanol_hl_gap_eV,111,0.04996533319354057,0.0016741618746891618,0.602204719127966,0.9790925551230896,0.42931947112083435,0.0007854187279008329,0.0018294505158368939,0.04
9,octanol_hl_gap_eV,112,0.15479262173175812,0.0018163551576435566,0.601182402314218,0.9115037061459486,0.11977602541446686,0.15636171400547028,1.3054508484849465,0.06
9,octanol_hl_gap_eV,113,0.06244563311338425,0.003175077261403203,0.6082991615853612,0.9714742741614812,0.6362233757972717,0.002025268506258726,0.0031832664175861156,0.06
9,octanol_hl_gap_eV,114,0.10657323896884918,0.0024012932553887367,0.6161118245247694,0.948042515875827,0.5200926065444946,0.0018831880297511816,0.0036208706027626874,0.02
9,octanol_hl_gap_eV,115,0.07672460377216339,0.0018125961069017649,0.6280956300986988,0.9648454591284716,0.33429649472236633,0.0012798961251974106,0.0038286256224743425,0.14
9,octanol_hl_gap_eV,116,0.12007905542850494,0.00596269965171814,0.597938194238983,0.9707076366780174,1.0131560564041138,0.0011378125054761767,0.0011230377573959265,0.08
9,octanol_hl_gap_eV,117,0.16681520640850067,0.0006370709161274135,0.6837124163130675,0.9611424858001347,0.28589296340942383,0.0003815716481767595,0.0013346661058961265,0.12
9,octanol_hl_gap_eV,118,0.03732304275035858,0.0010085075628012419,0.6148502658292447,0.9737321466297459,0.25417688488960266,0.0029936139471828938,0.011777679738592745,0.04
9,octanol_hl_gap_eV,119,0.08581644296646118,0.0015283419052138925,0.6323120836275604,0.9572922763927241,0.3698873817920685,0.001869391417130828,0.005053947523361862,0.02
9,octanol_hl_gap_eV,120,0.128059521317482,0.0008799677598290145,0.6569229672937777,0.9717016844294277,0.28117635846138,0.0014245720813050866,0.005066471765622335,0.14
9,octanol_hl_gap_eV,121,0.027761409059166908,0.00128919817507267,0.6223838922436653,0.9620530824159046,0.2475627362728119,0.0006650311406701803,0.002686313581286814,0.02
9,octanol_hl_gap_eV,122,0.04095044359564781,0.000923292653169483,0.6422522183928994,0.9645204015488349,0.26950502395629883,0.0033389092423021793,0.012389042672702069,0.0
9,octanol_hl_gap_eV,123,0.03688475117087364,0.0054008071310818195,0.602732473336453,0.9672557562381754,0.8445738554000854,0.0017809427808970213,0.0021086880318517153,0.0
9,octanol_hl_gap_eV,124,0.12767784297466278,0.0037095153238624334,0.6092986248728054,0.9367774541117069,0.5875304937362671,0.06898234039545059,0.11741065549938187,0.0
9,octanol_hl_gap_eV,125,0.1617947667837143,0.0009818768594413996,0.6392256972332071,0.9743495115058276,0.3233732283115387,0.0011173946550115943,0.0034554334038286345,0.16
9,octanol_hl_gap_eV,126,0.3008568286895752,0.0016831872053444386,0.6129279418938194,0.9402568022850781,0.4340156614780426,0.03219136223196983,0.07417096913586478,0.1
9,octanol_hl_gap_eV,127,0.09598860144615173,0.0015378554817289114,0.6489201946094527,0.9738559213854492,0.2853727340698242,0.0018525804625824094,0.00649179210698218,0.04
9,octanol_hl_gap_eV,128,0.12549327313899994,0.0015558779705315828,0.6408882096718214,0.9566079378477348,0.36341556906700134,0.0006819791742600501,0.0018765821618784762,0.02
9,octanol_hl_gap_eV,129,0.12587574124336243,0.0009185596718452871,0.6253164140094647,0.9770081274833047,0.3041638135910034,0.0007204289431683719,0.002368555728779437,0.14
9,octanol_hl_gap_eV,130,0.040751054883003235,0.0008941079140640795,0.637843684772113,0.9661349777723052,0.2319639027118683,0.0006551619153469801,0.0028244132284702206,0.04
9,octanol_hl_gap_eV,131,0.08978328853845596,0.0019163253018632531,0.6148164043435622,0.9859309470599613,0.3752231001853943,0.002936104778200388,0.007824957410004036,0.02
9,octanol_hl_gap_eV,132,0.13293780386447906,0.0010259348200634122,0.6105834063541657,0.9730989639328647,0.24783916771411896,0.0011910374742001295,0.004805687031575188,0.1
9,octanol_hl_gap_eV,133,0.11099209636449814,0.0076885218732059,0.6180499276439892,0.9575535832928113,1.4971740245819092,0.06197264418005943,0.041393080004420664,0.06
9,octanol_hl_gap_eV,134,0.028939159587025642,0.0015277268830686808,0.6033496927264408,0.9825102069323977,0.24699907004833221,0.0007302626618184149,0.002956540126549945,0.02
9,octanol_hl_gap_eV,135,0.08118626475334167,0.0006683095125481486,0.6373544018607937,0.9249627819903816,0.29531294107437134,0.008542407304048538,0.028926627031550325,0.1
9,octanol_hl_gap_eV,136,0.01057110633701086,0.001848282990977168,0.5880140244477965,0.9751803710551363,0.2537003755569458,0.0012235251488164067,0.004822717136821002,0.06
9,octanol_hl_gap_eV,137,0.085995152592659,0.004287546966224909,0.6127167359234811,0.9203942400437255,0.6825082898139954,0.033029910176992416,0.04839488497054606,0.02
9,octanol_hl_gap_eV,138,0.1538863480091095,0.0020095256622880697,0.6019785121306416,0.9607697225230807,0.43888458609580994,0.006724001839756966,0.01532066072215417,0.06
9,octanol_hl_gap_eV,139,0.12663321197032928,0.0006575938896276057,0.6684370328086406,0.9742665665228196,0.2658122181892395,0.0007329840445891023,0.0027575257811033706,0.18
9,octanol_hl_gap_eV,140,0.22588036954402924,0.0016190718160942197,0.6201810289099245,0.9039104524987578,0.30509552359580994,0.043924808502197266,0.14397067510039505,0.12
9,octanol_hl_gap_eV,141,0.16383826732635498,0.0027764374390244484,0.6058703869350317,0.9038171040089882,0.4420666992664337,0.07848146557807922,0.1775330865417176,0.04
9,octanol_hl_gap_eV,142,0.045561641454696655,0.0019411970861256123,0.614041929362422,0.9763647684921339,0.29633307456970215,0.0008539169793948531,0.0028816121205329664,0.08
9,octanol_hl_gap_eV,143,0.12703226506710052,0.0031201024539768696,0.6378399728016395,0.9648020048278092,0.5769109725952148,0.033365439623594284,0.057834642099977684,0.18
9,octanol_hl_gap_eV,144,0.06265462934970856,0.00297220959328115,0.6019154036478247,0.9622071807755759,0.6427590250968933,0.0031319952104240656,0.004872736263721742,0.02
9,octanol_hl_gap_eV,145,0.05208979919552803,0.0007319250144064426,0.6301160890280333,0.9653271430111383,0.2306477278470993,0.0019254977814853191,0.008348219162868873,0.06
9,octanol_hl_gap_eV,146,0.07948525995016098,0.0012870210921391845,0.6242302899074847,0.9711105648819287,0.2663763165473938,0.0030259755440056324,0.011359776962255761,0.0
9,octanol_hl_gap_eV,147,0.04298427700996399,0.0007618198287673295,0.6111198215078057,0.9705446222864693,0.24090804159641266,0.00040939555037766695,0.0016993851581904322,0.06
9,octanol_hl_gap_eV,148,0.1491224765777588,0.0018553434638306499,0.6297905014108987,0.9745208077819298,0.313477098941803,0.0021505611948668957,0.00686034546742487,0.04
9,octanol_hl_gap_eV,149,0.1203269362449646,0.0007179691456258297,0.6604677913159005,0.9518392920233658,0.27824896574020386,0.00294263893738389,0.010575561097076566,0.04
9,octanol_hl_gap_eV,150,0.06635710597038269,0.0014473735354840755,0.6317450841452052,0.967926306265035,0.3310415744781494,0.0016326536424458027,0.004931868889940792,0.02
9,octanol_hl_gap_eV,151,0.17321154475212097,0.002262251917272806,0.598205789196512,0.9185210152339038,0.34871622920036316,0.05202459916472435,0.1491889244272379,0.12
9,octanol_hl_gap_eV,152,0.04677277430891991,0.002459351671859622,0.6408639807546677,0.9708793878407584,0.4841243326663971,0.002279351931065321,0.0047081953483135265,0.12
9,octanol_hl_gap_eV,153,0.054016921669244766,0.000875841302331537,0.6401837946585796,0.9645271954094434,0.3151174485683441,0.0008495711372233927,0.0026960460015248372,0.04
9,octanol_hl_gap_eV,154,0.06249776482582092,0.0008555755484849215,0.6377811029164442,0.9596455223852081,0.29420530796051025,0.0013341271551325917,0.004534680779150542,0.1
9,octanol_hl_gap_eV,155,0.04815978556871414,0.0033544450998306274,0.6240435498698722,0.9570041979998059,0.5694006085395813,0.0024930944200605154,0.004378454084295574,0.02
9,octanol_hl_gap_eV,156,0.03985293582081795,0.0033634649589657784,0.6020737353549699,0.9736333056672892,0.44937998056411743,0.0028721923008561134,0.006391455839333523,0.04
9,octanol_hl_gap_eV,157,0.23518012464046478,0.002788534853607416,0.6059209286587943,0.9364955460745366,0.5618984699249268,0.04364006593823433,0.07766539379269874,0.16
9,octanol_hl_gap_eV,158,0.0374174602329731,0.0011135677341371775,0.6106475570103145,0.969119271218627,0.2627755105495453,0.0013898443430662155,0.005289093873929191,0.04
9,octanol_hl_gap_eV,159,0.017448004335165024,0.002269335091114044,0.5992623911926902,0.9795123748147427,0.5283588171005249,0.0007710160571150482,0.00145926599909159,0.02
9,octanol_hl_gap_eV,160,0.15801970660686493,0.0029734084382653236,0.5983961252962846,0.9277157174018449,0.6508777737617493,0.05140265077352524,0.07897435255231336,0.02
9,octanol_hl_gap_eV,161,0.6072744131088257,0.001731083495542407,0.6267226799159302,0.9339459713156648,0.31148314476013184,0.167772576212883,0.538624895231753,0.54
9,octanol_hl_gap_eV,162,0.03315841034054756,0.002785026328638196,0.596675968529838,0.9688323316922967,0.48743900656700134,0.0021942348685115576,0.004501557813284989,0.1
9,octanol_hl_gap_eV,163,0.023152805864810944,0.0014111081836745143,0.6135817004481963,0.9803326709698583,0.19649800658226013,0.00030395141220651567,0.0015468422173497839,0.0
9,octanol_hl_gap_eV,164,0.09411244094371796,0.0015409121988341212,0.6315680105753598,0.9271917957540876,0.2843962609767914,0.02706599049270153,0.09516999414739244,0.0
9,octanol_hl_gap_eV,165,0.010554535314440727,0.002490447601303458,0.6149891271995849,0.9536614870437472,0.38509759306907654,0.0008215372217819095,0.0021333221411086486,0.02
9,octanol_hl_gap_eV,166,0.04474034905433655,0.0009206472313962877,0.6109405567412836,0.9713403775242744,0.32065486907958984,0.00035579450195655227,0.0011095870865077693,0.06
9,octanol_hl_gap_eV,167,0.04289228469133377,0.0032731713727116585,0.6024294310397034,0.9672903415818532,0.47179114818573,0.0025325738824903965,0.005367997878360784,0.0
9,octanol_hl_gap_eV,168,0.050122834742069244,0.002586933085694909,0.6032489441404312,0.9496608273040179,0.5900349020957947,0.007321100682020187,0.012407911220193506,0.1
9,octanol_hl_gap_eV,169,0.05462757125496864,0.0007603672565892339,0.6500945949207295,0.964640187654958,0.2705978751182556,0.0006431769579648972,0.0023768736457513515,0.06
9,octanol_hl_gap_eV,170,0.17913022637367249,0.005690006073564291,0.5930561488231854,0.9230797607471397,1.051562786102295,0.11003728210926056,0.10464166625477772,0.14
9,octanol_hl_gap_eV,171,0.049742624163627625,0.002106138039380312,0.6184006292888191,0.9588847206431355,0.4483914375305176,0.0020438246428966522,0.004558125940479292,0.02
9,octanol_hl_gap_eV,172,0.057462144643068314,0.0021680225618183613,0.599320328084193,0.9670954964617036,0.2784692049026489,0.0008954411023296416,0.0032155839373430254,0.1
9,octanol_hl_gap_eV,173,0.0021990437526255846,0.002273635705932975,0.6068977368860304,0.9646628827904373,0.31842201948165894,0.0014139082049950957,0.0044403593925342105,0.0
9,octanol_hl_gap_eV,174,0.05260142311453819,0.0008632420212961733,0.6280860354979034,0.9727647125852026,0.22706343233585358,0.0005124783492647111,0.0022569831874411873,0.08
9,octanol_hl_gap_eV,175,0.07364761829376221,0.002208248246461153,0.6131971913424115,0.9567311743915086,0.3209235668182373,0.004086188971996307,0.01273259241291749,0.06
9,octanol_hl_gap_eV,176,0.10138672590255737,0.001310813706368208,0.6398537361013452,0.9765326719240179,0.25695881247520447,0.0007334653637371957,0.002854408286962224,0.16
9,octanol_hl_gap_eV,177,0.039515361189842224,0.004143529571592808,0.6158798732886419,0.9584903453919242,0.669585645198822,0.00750456377863884,0.011207772795682452,0.06
9,octanol_hl_gap_eV,178,0.08536674827337265,0.0007216219673864543,0.6852505390146308,0.9490769306233289,0.276496559381485,0.0006052284152247012,0.0021889184320361167,0.06
9,octanol_hl_gap_eV,179,0.10616001486778259,0.0012986802030354738,0.6223470124118704,0.9807109610331874,0.3089514374732971,0.0012966996291652322,0.004197098546522564,0.22
9,octanol_hl_gap_eV,180,0.057889971882104874,0.0020400022622197866,0.6132109814202553,0.9681582897499932,0.3460502624511719,0.00046343854046426713,0.0013392232018019604,0.0
9,octanol_hl_gap_eV,181,0.04698731377720833,0.0009520798339508474,0.633753592165176,0.9687414442671962,0.2526671290397644,0.0007789164665155113,0.0030827772076079058,0.06
9,octanol_hl_gap_eV,182,0.14756089448928833,0.0010306761832907796,0.6388066522405837,0.9329339645499122,0.26027342677116394,0.015885351225733757,0.06103331954706379,0.14
9,octanol_hl_gap_eV,183,0.23713116347789764,0.00260532577522099,0.6076539374228489,0.9218225535344864,0.40122783184051514,0.11246386915445328,0.280299271958673,0.14
9,octanol_hl_gap_eV,184,0.04983729496598244,0.0010555547196418047,0.6095736068602993,0.9651517726467262,0.33378326892852783,0.00036623526830226183,0.0010972247634757357,0.04
9,octanol_hl_gap_eV,185,0.07834043353796005,0.0007539314683526754,0.6340130877951153,0.9659391733416667,0.3012571334838867,0.0005608836654573679,0.0018618104041920314,0.08
9,octanol_hl_gap_eV,186,0.07336930930614471,0.0009908321080729365,0.6531989167708883,0.9677505634243864,0.2839913070201874,0.0007026887033134699,0.002474331734610171,0.06
9,octanol_hl_gap_eV,187,0.036237455904483795,0.0011569052003324032,0.6233815562087244,0.9660587806450236,0.31088435649871826,0.0016042407369241118,0.005160249151779774,0.12
9,octanol_hl_gap_eV,188,0.010901384986937046,0.0015034690732136369,0.6086304036676773,0.9810330694039013,0.2517140507698059,0.00033573564724065363,0.0013337978003766108,0.0
9,octanol_hl_gap_eV,189,0.13445591926574707,0.002568245632573962,0.6221293283262095,0.9657239563330569,0.4364676773548126,0.004799857269972563,0.010997050913510532,0.12
9,octanol_hl_gap_eV,190,0.047873832285404205,0.0031189043074846268,0.601189907854558,0.9708239267302592,0.6132359504699707,0.0011987828183919191,0.0019548475875773397,0.04
9,octanol_hl_gap_eV,191,0.12357456982135773,0.0026221852749586105,0.6213893732592988,0.9810027800618348,0.5483598113059998,0.0036517782136797905,0.00665945632482173,0.18
9,octanol_hl_gap_eV,192,0.2184356153011322,0.0014734662836417556,0.6485293202524436,0.9865633411161618,0.30583423376083374,0.0008363323868252337,0.0027345937586544227,0.16
9,octanol_hl_gap_eV,193,0.13360898196697235,0.0008914401405490935,0.6398600320294068,0.9813930640827297,0.2639675438404083,0.00048393174074590206,0.0018333001614716752,0.04
9,octanol_hl_gap_eV,194,0.03447709232568741,0.004361594095826149,0.602650905380923,0.9756211956653784,0.7986525893211365,0.0017106347950175405,0.0021419010191547727,0.02
9,octanol_hl_gap_eV,195,0.015161355026066303,0.0015433762455359101,0.6041451779036824,0.9769768869863902,0.25867530703544617,0.0004717300762422383,0.0018236378324955357,0.04
9,octanol_hl_gap_eV,196,0.21668066084384918,0.0012444128515198827,0.6588743935575645,0.9723394866777659,0.2822040915489197,0.0012039090506732464,0.004266093535587702,0.14
9,octanol_hl_gap_eV,197,0.025655243545770645,0.0009264910477213562,0.6212744597807365,0.9785933840574172,0.2908478379249573,0.0007108021527528763,0.0024438969800293755,0.06
9,octanol_hl_gap_eV,198,0.025818346068263054,0.0009057799470610917,0.621644957765723,0.9676546028631787,0.275374174118042,0.0006773695931769907,0.0024598152508180714,0.04
9,octanol_hl_gap_eV,199,0.14187724888324738,0.0018178854370489717,0.6189869919760624,0.971045330617885,0.4069526791572571,0.0019073552684858441,0.004686921517351143,0.14
9,octanol_hl_gap_eV,200,0.26495811343193054,0.0023597367107868195,0.613203304179126,0.9221322236612073,0.3444836735725403,0.09246806800365448,0.26842511009214154,0.14
9,octanol_hl_gap_eV,201,0.05479301139712334,0.002345359418541193,0.6474372603953766,0.9710720856774582,0.5104108452796936,0.0027757505886256695,0.005438267259201009,0.12
9,octanol_hl_gap_eV,202,0.02848178893327713,0.002989244880154729,0.6105993204397024,0.9681647214757025,0.5964783430099487,0.0015312255127355456,0.002567109989289261,0.02
9,octanol_hl_gap_eV,203,0.023701997473835945,0.0011687001679092646,0.6259534849231014,0.9706829965067316,0.251975417137146,0.0009825826855376363,0.003899518043074944,0.12
9,octanol_hl_gap_eV,204,0.03873395547270775,0.00436082249507308,0.6130994633982116,0.9679308136937947,0.6966679692268372,0.002268130425363779,0.003255683518622153,0.04
9,octanol_hl_gap_eV,205,0.39586159586906433,0.0032535011414438486,0.6218817251409596,0.9700309962298244,0.4490569829940796,0.013756870292127132,0.0306350214184477,0.4
9,octanol_hl_gap_eV,206,0.1355750411748886,0.0009270255104638636,0.6101086573710359,0.9658362039800827,0.23586063086986542,0.0011689652455970645,0.004956169417871326,0.08
9,octanol_hl_gap_eV,207,0.1822044998407364,0.0012639003107324243,0.6683656186082694,0.9760781104704626,0.27557629346847534,0.0019761205185204744,0.0071708654385633265,0.26
9,octanol_hl_gap_eV,208,0.09947318583726883,0.002242723247036338,0.6209579604374762,0.9576339321946739,0.2748580276966095,0.012590406462550163,0.045806944654523805,0.1
9,octanol_hl_gap_eV,209,0.033965520560741425,0.0027995917480438948,0.6081384219742763,0.9652510340209004,0.4284292459487915,0.0029296374414116144,0.006838089297390736,0.0
9,octanol_hl_gap_eV,210,0.12480299174785614,0.001517323195002973,0.623158733625288,0.9497079047616508,0.23162421584129333,0.015156070701777935,0.06543387808882094,0.12
9,octanol_hl_gap_eV,211,0.08781131356954575,0.00245255627669394,0.6242398765781205,0.9725694554987228,0.44222137331962585,0.0014289236860349774,0.0032312406686914913,0.14
9,octanol_hl_gap_eV,212,0.019678276032209396,0.002289737341925502,0.6102643874361735,0.9645755870200188,0.4375394880771637,0.003668765304610133,0.00838499245115704,0.02
9,octanol_hl_gap_eV,213,0.12715600430965424,0.0032026239205151796,0.6050863211330499,0.952601317137427,0.5675594806671143,0.0028622043319046497,0.005043003296395279,0.1
9,octanol_hl_gap_eV,214,0.12732386589050293,0.0010511849541217089,0.6452454542996444,0.9817691569051685,0.3039114773273468,0.0005747635150328279,0.0018912201674231046,0.22
9,octanol_hl_gap_eV,215,0.11080604791641235,0.0010981124360114336,0.6283051835890527,0.9707953689236481,0.32065388560295105,0.0010044171940535307,0.0031324030025859347,0.18
9,octanol_hl_gap_eV,216,0.014116061851382256,0.003956618718802929,0.6077842563695577,0.9668350593300523,0.5815392136573792,0.0023358804173767567,0.004016720390506579,0.0
9,octanol_hl_gap_eV,217,0.10878431051969528,0.001431833952665329,0.637126091400402,0.9637425449307049,0.2592826187610626,0.0006632663425989449,0.002558082550107867,0.12
9,octanol_hl_gap_eV,218,0.02643527463078499,0.002178942086175084,0.5964517591929157,0.9646355637652801,0.3811088800430298,0.0005562654696404934,0.0014595972404990597,0.1
9,octanol_hl_gap_eV,219,0.08564816415309906,0.0013761593727394938,0.6108382391524765,0.9847994134246585,0.3493135869503021,0.0025485395453870296,0.007295850034455195,0.08
9,octanol_hl_gap_eV,220,0.09457623213529587,0.0014352292055264115,0.6163526155400032,0.961814097821307,0.37120321393013,0.0031159832142293453,0.008394278651951147,0.12
9,octanol_hl_gap_eV,221,0.33601972460746765,0.0014092129422351718,0.6262674309711678,0.9193423807169747,0.3131498098373413,0.07392949610948563,0.23608347757862813,0.26
9,octanol_hl_gap_eV,222,0.08031833171844482,0.0013095276663079858,0.6094693134892228,0.9769178573366526,0.27900460362434387,0.0019538337364792824,0.007002872752271695,0.18
9,octanol_hl_gap_eV,223,0.025358133018016815,0.0009554990101605654,0.6328112035749518,0.9630473957134953,0.2812800705432892,0.0007021209457889199,0.0024961631459803797,0.02
9,octanol_hl_gap_eV,224,0.1029704213142395,0.0019482156494632363,0.6139482740912265,0.9130961475629091,0.3408169448375702,0.04146820679306984,0.12167296087004464,0.02
9,octanol_hl_gap_eV,225,0.10710246115922928,0.0012853218941017985,0.6401156638013006,0.9737327013537358,0.2804736793041229,0.0007033117581158876,0.002507585595414368,0.1
9,octanol_hl_gap_eV,226,0.07713949680328369,0.002540182089433074,0.609396396292782,0.9235263755037364,0.5844556093215942,0.030436528846621513,0.05207671611185434,0.06
9,octanol_hl_gap_eV,227,0.043679043650627136,0.0008798283524811268,0.63727952185192,0.9633866289164053,0.28808358311653137,0.0003580009797587991,0.0012426983026449852,0.1
9,octanol_hl_gap_eV,228,0.0701928585767746,0.0033302835654467344,0.6162532410530988,0.9494766796865415,0.5252257585525513,0.019999368116259575,0.03807766049284223,0.06
9,octanol_hl_gap_eV,229,0.05227204039692879,0.0015075899427756667,0.5968629253106297,0.9718274606126676,0.23758675158023834,0.001832575653679669,0.007713290583295707,0.1
9,octanol_hl_gap_eV,230,0.2852919101715088,0.0008052391349337995,0.6410232406346636,0.9336524849648857,0.3227287232875824,0.022271331399679184,0.0690094490902605,0.12
9,octanol_hl_gap_eV,231,0.05749331787228584,0.002482183277606964,0.6051487987944553,0.9710703014027431,0.38406649231910706,0.0005801322404295206,0.001510499489102813,0.02
9,octanol_hl_gap_eV,232,0.35247963666915894,0.0019931874703615904,0.6089474858650024,0.9346461408251352,0.22826199233531952,0.1871650367975235,0.819957080382335,0.2
9,octanol_hl_gap_eV,233,0.10038052499294281,0.0010202450212091208,0.6513364688277863,0.9619920375142941,0.2968234419822693,0.0006857707630842924,0.002310365914850003,0.14
9,octanol_hl_gap_eV,234,0.06017013266682625,0.001713229576125741,0.6189373087331584,0.9698442691016744,0.33356407284736633,0.0013490336714312434,0.004044301473823711,0.0
9,octanol_hl_gap_eV,235,0.04442537948489189,0.0016177415382117033,0.6248001840540478,0.9690070213959874,0.35074546933174133,0.0002898262464441359,0.0008263150112710738,0.12
9,octanol_hl_gap_eV,236,0.08073992282152176,0.001154397614300251,0.6170573311609429,0.9700213326443277,0.31697484850883484,0.0005793770542368293,0.001827832892617285,0.1
9,octanol_hl_gap_eV,237,0.0909135490655899,0.0011290103429928422,0.6367051130934018,0.9718993887587635,0.1915397197008133,0.0023114969953894615,0.012067977331281678,0.04
9,octanol_hl_gap_eV,238,0.1228586807847023,0.0029687860514968634,0.6064761433212571,0.9682298732280681,0.541256844997406,0.00557930301874876,0.010308050734721885,0.08
9,octanol_hl_gap_eV,239,0.19316887855529785,0.0012837720569223166,0.6203812166801215,0.9019220309340186,0.23752829432487488,0.03328932449221611,0.14014888031269765,0.14
9,octanol_hl_gap_eV,240,0.1512821763753891,0.0008517586393281817,0.6212961471094787,0.9562597603882499,0.2507726550102234,0.0007621179101988673,0.003039079002325025,0.12
9,octanol_hl_gap_eV,241,0.07622180879116058,0.0011405727127566934,0.6289247706213537,0.9430346581883402,0.24457770586013794,0.001424192450940609,0.005823067339404333,0.0
9,octanol_hl_gap_eV,242,0.10770712792873383,0.0030613637063652277,0.6384510426277985,0.9290846801877668,0.6529460549354553,0.09755325317382812,0.14940476695807803,0.04
9,octanol_hl_gap_eV,243,0.016082169488072395,0.0015907582128420472,0.6299946096399607,0.9829564510880235,0.12267802655696869,0.030989062041044235,0.25260482998276523,0.02
9,octanol_hl_gap_eV,244,0.04740997776389122,0.0017695786664262414,0.6122583854337813,0.9870222189103861,0.42206713557243347,0.0013821509201079607,0.0032747181754234486,0.02
9,octanol_hl_gap_eV,245,0.0551808662712574,0.002046466339379549,0.611259638967719,0.9663394212990004,0.4197476804256439,0.0011299514444544911,0.0026919778170272843,0.14
9,octanol_hl_gap_eV,246,0.10087863355875015,0.002716996241360903,0.6006563747913782,0.9667636235987249,0.5885262489318848,0.00866170134395361,0.014717612612306955,0.04
9,octanol_hl_gap_eV,247,0.04474557563662529,0.00539605226367712,0.6279425138058452,0.9814771857621005,0.8908960819244385,0.020015832036733627,0.022467078307828132,0.06
9,octanol_hl_gap_eV,248,0.15881995856761932,0.0028574601747095585,0.5949321356649282,0.9177093100144802,0.3627173900604248,0.07253474742174149,0.1999759300475171,0.06
9,octanol_hl_gap_eV,249,0.05745372176170349,0.0009091472602449358,0.6424830344239807,0.9610914147093987,0.2258555293083191,0.001136286067776382,0.0050310305497334945,0.08
9,octanol_dipole,0,0.07905462384223938,0.03737861290574074,0.6046331314575888,0.9565148119507998,6.017531394958496,0.024865647777915,0.004132200755736399,0.04
9,octanol_dipole,1,0.1218748390674591,0.010486680082976818,0.6138678313497063,0.9632377046416434,1.7350789308547974,0.007089460734277964,0.004085958631740919,0.06
9,octanol_dipole,2,0.0822625681757927,0.011574292555451393,0.6159995727206034,0.9421688297324244,1.8229742050170898,0.007396543398499489,0.004057404311121423,0.08
9,octanol_dipole,3,0.06576835364103317,0.004901321604847908,0.6080307793288726,0.967152208564195,0.830324113368988,0.00850974302738905,0.010248700345292034,0.02
9,octanol_dipole,4,0.1793023943901062,0.014029762707650661,0.6165822257223479,0.9463576610049063,2.2750649452209473,0.022949300706386566,0.010087316739943791,0.04
9,octanol_dipole,5,0.4547286629676819,0.014683661051094532,0.6222941789460157,0.9031272940594932,2.5213799476623535,0.6047211289405823,0.2398373674309726,0.22
9,octanol_dipole,6,0.21488897502422333,0.016086997464299202,0.6064601550253332,0.9228398423525432,2.5541610717773438,0.21178193390369415,0.08291643633747935,0.08
9,octanol_dipole,7,0.11462090909481049,0.012424817308783531,0.6159762644444784,0.9754931467409704,1.950291633605957,0.0282006673514843,0.014459718159864726,0.08
9,octanol_dipole,8,0.09186293184757233,0.01923997886478901,0.60814724419382,0.9616169977815836,3.210294723510742,0.020191319286823273,0.006289553148796966,0.06
9,octanol_dipole,9,0.10835297405719757,0.01395910233259201,0.6163705088419305,0.9599126368283999,2.257565498352051,0.0059110368601977825,0.0026183235279386785,0.02
9,octanol_dipole,10,0.16210335493087769,0.01715340092778206,0.6079057478191958,0.9595340784164497,2.7388229370117188,0.03811623156070709,0.013917011956346122,0.12
9,octanol_dipole,11,0.14669054746627808,0.01788485050201416,0.6098038706708626,0.9668898636254466,2.9680283069610596,0.04753055050969124,0.016014183691649957,0.08
9,octanol_dipole,12,0.08278733491897583,0.011898192577064037,0.6124348615613469,0.9530884328546492,1.9266656637191772,0.016890691593289375,0.008766799508267612,0.12
9,octanol_dipole,13,0.11721464991569519,0.01773892343044281,0.607632765995535,0.9730674711002716,2.850038528442383,0.0016827993094921112,0.0005904479159486321,0.06
9,octanol_dipole,14,0.4033624827861786,0.01609916053712368,0.619207506231612,0.9048722544692445,2.645667791366577,0.6023479104042053,0.2276732975960947,0.16
9,octanol_dipole,15,0.13366222381591797,0.015947990119457245,0.6059408237388979,0.9707359588614215,2.501948595046997,0.003136666491627693,0.001253689423450674,0.08
9,octanol_dipole,16,0.06465916335582733,0.011308841407299042,0.6147344662066687,0.9559018379151492,1.7415027618408203,0.010764885693788528,0.006181377330926379,0.06
9,octanol_dipole,17,0.10896855592727661,0.012350700795650482,0.6101461414203224,0.9558488497475133,2.0489988327026367,0.005379870999604464,0.0026256095971066975,0.08
9,octanol_dipole,18,0.10640286654233932,0.01280513871461153,0.6149101405310704,0.9544018059840915,2.0490915775299072,0.018586162477731705,0.009070440131395461,0.08
9,octanol_dipole,19,0.20157285034656525,0.008227028883993626,0.6092877608535789,0.9391798480811304,1.310880184173584,0.14924387633800507,0.11385012767745256,0.06
9,octanol_dipole,20,0.11697519570589066,0.015022058971226215,0.6086396344535743,0.9699563997079148,2.385209083557129,0.012453211471438408,0.005221014609279697,0.12
9,octanol_dipole,21,0.3797149956226349,0.006871999241411686,0.6135070349272105,0.9186874734106714,1.0932868719100952,0.23504994809627533,0.2149938448319759,0.2
9,octanol_dipole,22,0.09103982150554657,0.014706975780427456,0.6144765494176141,0.9712248281984004,2.3805274963378906,0.006527225486934185,0.002741924005068377,0.02
9,octanol_dipole,23,0.36455386877059937,0.003441079519689083,0.6105106441699475,0.9818563944297503,0.4790322780609131,0.07415024936199188,0.15479175988337687,0.38
9,octanol_dipole,24,0.15717625617980957,0.0020284096244722605,0.6183873215599669,0.9721745218274962,0.11888311803340912,0.0402437224984169,0.3385150319417717,0.12
9,octanol_dipole,25,0.1969301998615265,0.009158719331026077,0.6169229192981953,0.9635725387930933,1.4052594900131226,0.04076121374964714,0.029006182871795804,0.08
9,octanol_dipole,26,0.1590268909931183,0.011197999119758606,0.6114908146588556,0.9226842333484024,1.857168197631836,0.15198706090450287,0.08183806997034994,0.1
9,octanol_dipole,27,0.7921951413154602,0.004154634661972523,0.6611077589861338,0.9233713172200018,0.6530808210372925,0.6786637902259827,1.0391727461052318,0.84
9,octanol_dipole,28,0.4164271950721741,0.0023652082309126854,0.6107383476021533,0.9724742668187456,0.23363816738128662,0.07752753049135208,0.331827335235132,0.4
9,octanol_dipole,29,0.10971879214048386,0.010827460326254368,0.6158855962832572,0.9586178094299385,1.785570502281189,0.06581707298755646,0.0368605288357254,0.12
9,octanol_dipole,30,0.1301877200603485,0.010758408345282078,0.6248224003225971,0.9654027879129254,1.7362104654312134,0.027909090742468834,0.01607471634237454,0.04
9,octanol_dipole,31,0.33807286620140076,0.013000567443668842,0.6177477868568935,0.9148873388010077,2.1454522609710693,0.508440375328064,0.23698517304595484,0.1
9,octanol_dipole,32,0.2437484860420227,0.015841346234083176,0.6137392079703714,0.9254775072662007,2.704756259918213,0.2477857917547226,0.09161113532729755,0.18
9,octanol_dipole,33,0.1813555657863617,0.021686891093850136,0.5989746163389533,0.9245384493640689,3.7757413387298584,0.23250317573547363,0.061578152441365754,0.08
9,octanol_dipole,34,0.18666158616542816,0.013689693063497543,0.6072020783522829,0.9039920769965437,2.1570537090301514,0.10792358219623566,0.05003286739891143,0.06
9,octanol_dipole,35,0.20593279600143433,0.012905229814350605,0.6355000754164681,0.9412754315035659,2.302795648574829,0.27719295024871826,0.12037236149037778,0.04
9,octanol_dipole,36,0.17736563086509705,0.01418315153568983,0.5822436245598357,0.9396906768198359,2.2604546546936035,0.07291987538337708,0.03225894190443785,0.18
9,octanol_dipole,37,0.1580415517091751,0.01563093811273575,0.6140658587777525,0.9650034686703857,2.6564531326293945,0.01261396985501051,0.004748425522766527,0.18
9,octanol_dipole,38,0.19367201626300812,0.004353451542556286,0.6213904075887382,0.972666905940627,0.597679615020752,0.05364672467112541,0.08975833092327024,0.02
9,octanol_dipole,39,0.06372704356908798,0.014379001222550869,0.6139311494088284,0.9436425991204842,2.3321189880371094,0.008369671180844307,0.0035888697033803004,0.12
9,octanol_dipole,40,0.2383023053407669,0.004960055463016033,0.6307206414317599,0.9486870660257758,0.7442296743392944,0.16418392956256866,0.22060922215756368,0.14
9,octanol_dipole,41,0.4139346778392792,0.010564865544438362,0.6206136261556721,0.9196402662017567,1.7404512166976929,0.3394858241081238,0.19505621349862326,0.22
9,octanol_dipole,42,0.13390539586544037,0.016522666439414024,0.6161381848443184,0.9132707660525414,2.78269100189209,0.08572231233119965,0.030805544802823163,0.06
9,octanol_dipole,43,0.0816638171672821,0.01422208547592163,0.609098593457958,0.9507073964241186,2.361114978790283,0.004416882526129484,0.0018706765938152122,0.04
9,octanol_dipole,44,0.22193056344985962,0.013892934657633305,0.6156377000954372,0.9485618182575342,2.2994627952575684,0.051889024674892426,0.02256571612374368,0.16
9,octanol_dipole,45,0.2632927894592285,0.006870737299323082,0.6175609521762402,0.94174950474638,1.0193184614181519,0.1427721083164215,0.14006624398599266,0.2
9,octanol_dipole,46,0.2387387752532959,0.023051105439662933,0.6121521174985762,0.9286437497733799,3.9370412826538086,0.44884952902793884,0.11400681293475963,0.1
9,octanol_dipole,47,0.09787309169769287,0.011088102124631405,0.6095725356053645,0.9446369601896651,1.827705979347229,0.033706218004226685,0.01844181634524442,0.08
9,octanol_dipole,48,0.2501368820667267,0.012334542348980904,0.6080436167870591,0.9336672236357986,1.9686145782470703,0.11837302148342133,0.06013011525538188,0.12
9,octanol_dipole,49,0.10802009701728821,0.008186077699065208,0.609395009042081,0.9496400049477647,1.2353971004486084,0.019903192296624184,0.016110764943026625,0.08
9,octanol_dipole,50,0.08943932503461838,0.009145052172243595,0.6164010495609462,0.9596045182627653,1.41512930393219,0.007153416983783245,0.005054956436776623,0.08
9,octanol_dipole,51,0.07478068768978119,0.008622421883046627,0.6077510309761938,0.9659885441457163,1.3530882596969604,0.006497309077531099,0.004801836857993466,0.06
9,octanol_dipole,52,0.1138671413064003,0.003961168695241213,0.6199964912344118,0.9720691223903488,0.5309220552444458,0.0853997990489006,0.1608518580181813,0.06
9,octanol_dipole,53,0.08491328358650208,0.025627439841628075,0.604122109539307,0.9611000404040659,4.092514991760254,0.009881305508315563,0.002414482421740735,0.06
9,octanol_dipole,54,0.06770087033510208,0.00571599742397666,0.6281496897052001,0.967119794005582,0.8919488191604614,0.02158922702074051,0.02420455810576796,0.08
9,octanol_dipole,55,0.13839206099510193,0.0018712540622800589,0.6077677489876689,0.9546232273493409,0.08534426987171173,0.08625494688749313,1.0106706287036062,0.08
9,octanol_dipole,56,0.09120669215917587,0.00947815552353859,0.6205196271596929,0.9640271149731883,1.4705981016159058,0.01639203540980816,0.01114650929563723,0.04
9,octanol_dipole,57,0.2989475429058075,0.01413917075842619,0.6056996740627054,0.9057458333152992,2.2659802436828613,0.27695682644844055,0.12222384869442068,0.14
9,octanol_dipole,58,0.33897364139556885,0.012665371410548687,0.6224124906144513,0.9282934135762213,2.1087474822998047,0.37085986137390137,0.17586736415184276,0.2
9,octanol_dipole,59,0.45431026816368103,0.01207356434315443,0.6141992999793764,0.9095474863452537,1.9942983388900757,0.4844670295715332,0.24292605580826124,0.2
9,octanol_dipole,60,0.04959830641746521,0.018624091520905495,0.6054943604787204,0.960521161268066,2.9657206535339355,0.00629707844927907,0.0021232877890152964,0.1
9,octanol_dipole,61,0.04776732996106148,0.01108389999717474,0.6112184936397234,0.9750539716954594,1.759035587310791,0.0017889002338051796,0.0010169778523583172,0.08
9,octanol_dipole,62,0.07451990991830826,0.005696072708815336,0.616681380207357,0.9604158527309365,0.8533130884170532,0.017257237806916237,0.020223805354877944,0.06
9,octanol_dipole,63,0.09146635979413986,0.005951292347162962,0.6308163123441184,0.9688277021247329,0.9375899434089661,0.04654951021075249,0.04964804767583575,0.04
9,octanol_dipole,64,0.08824111521244049,0.007621681783348322,0.6245046270467667,0.962145205922925,1.1875474452972412,0.037506166845560074,0.031582878641259124,0.04
9,octanol_dipole,65,0.07919906824827194,0.01835688203573227,0.615901639397795,0.9448379288870166,3.053114175796509,0.020768193528056145,0.00680229835251348,0.02
9,octanol_dipole,66,0.5427121520042419,0.003010448534041643,0.6253299037904849,0.9184874852277372,0.3794556260108948,0.2546921372413635,0.671204008539462,0.38
9,octanol_dipole,67,0.2646018862724304,0.010206365957856178,0.6102003671360712,0.9108543342270403,1.5793360471725464,0.17348486185073853,0.10984670562121658,0.16
9,octanol_dipole,68,0.22656244039535522,0.007635968271642923,0.6194412461805401,0.9356617474153262,1.3694474697113037,0.2209206223487854,0.1613209905710061,0.06
9,octanol_dipole,69,0.05486262962222099,0.007287362590432167,0.6123996876604194,0.9672536029419163,1.0779410600662231,0.0036383061669766903,0.003375236644898907,0.04
9,octanol_dipole,70,0.18659961223602295,0.008458591997623444,0.6160858058270695,0.9344132279069817,1.3321561813354492,0.06916157156229019,0.05191701433457874,0.18
9,octanol_dipole,71,0.40090110898017883,0.010714361444115639,0.6351959397634586,0.9421092531324382,1.928244709968567,0.43151336908340454,0.22378558429466083,0.4
9,octanol_dipole,72,0.06362485885620117,0.020413462072610855,0.6112761270267564,0.9798016693855149,3.415048360824585,0.0020013251341879368,0.0005860312718103659,0.02
9,octanol_dipole,73,0.12356285750865936,0.01692473329603672,0.6024460271612444,0.9479276345563306,2.617123603820801,0.014664639718830585,0.005603342424263543,0.02
9,octanol_dipole,74,0.4505726099014282,0.009822595864534378,0.6206514117022,0.9400192093600539,1.554115653038025,0.5737724304199219,0.36919545163726836,0.3
9,octanol_dipole,75,0.3451872766017914,0.01201509591192007,0.6151948229188715,0.8969308354082821,2.0115065574645996,0.29217272996902466,0.14525069723724557,0.16
9,octanol_dipole,76,0.13218779861927032,0.020677737891674042,0.6136695293938315,0.9441955808504765,3.6006290912628174,0.08210790902376175,0.0228037676035564,0.06
9,octanol_dipole,77,0.17787660658359528,0.012426977977156639,0.6120466536547675,0.9545955881181176,2.033400297164917,0.03647439181804657,0.017937634743587505,0.12
9,octanol_dipole,78,0.13927561044692993,0.008009601384401321,0.6078918888396874,0.9296680798606445,1.23444402217865,0.03493069112300873,0.028296699158022676,0.06
9,octanol_dipole,79,0.1807137429714203,0.013806934468448162,0.6162850166346341,0.9611519332814957,2.275057554244995,0.014197248965501785,0.006240391122858125,0.14
9,octanol_dipole,80,0.6617706418037415,0.002814473584294319,0.6240257246127872,0.9182396472954144,0.30090537667274475,0.35182034969329834,1.169205926406317,0.58
9,octanol_dipole,81,0.11106613278388977,0.010108433663845062,0.6168238883550461,0.9563362990584263,1.58423912525177,0.026825333014130592,0.016932628784728104,0.1
9,octanol_dipole,82,0.11868426948785782,0.012701584957540035,0.6080769511199478,0.9293961542272089,2.0495808124542236,0.04949597269296646,0.02414931501710276,0.06
9,octanol_dipole,83,0.06706960499286652,0.018210966140031815,0.613070042306725,0.9714623494542689,2.984565258026123,0.0050999438390135765,0.0017087727685962824,0.04
9,octanol_dipole,84,0.10473331809043884,0.010204139165580273,0.608414447967534,0.9545607442648951,1.5842456817626953,0.09436282515525818,0.05956325224144926,0.1
9,octanol_dipole,85,0.3681310713291168,0.003245306434109807,0.6390264715776053,0.956534229949431,0.49878954887390137,0.07672350853681564,0.15381939880262419,0.16
9,octanol_dipole,86,0.3752795457839966,0.010868682526051998,0.6135313586416826,0.9098987801654264,1.8084697723388672,0.326824814081192,0.1807189808091259,0.14
9,octanol_dipole,87,0.17046503722667694,0.013307996094226837,0.6078949856802267,0.9597007696372033,2.261169195175171,0.0036966840270906687,0.0016348551160959405,0.1
9,octanol_dipole,88,0.14405688643455505,0.013157381676137447,0.6134702266911152,0.9532930790522463,2.161310911178589,0.0037922633346170187,0.0017546125895182068,0.08
9,octanol_dipole,89,0.10992419719696045,0.005391506943851709,0.6196795808488045,0.9653018435989289,0.7738118171691895,0.011308390647172928,0.014613876909430053,0.06
9,octanol_dipole,90,0.5626417398452759,0.0069348569959402084,0.6454520023740273,0.9003531419306945,1.1583154201507568,0.6763485074043274,0.5839070219028073,0.32
9,octanol_dipole,91,0.13836780190467834,0.008328180760145187,0.6206724728468853,0.9593500427720723,1.289753794670105,0.01752697490155697,0.01358939587849016,0.02
9,octanol_dipole,92,0.29454782605171204,0.015184642747044563,0.6157074017073887,0.9076784360917081,2.432284116744995,0.4551013112068176,0.18710861452150462,0.14
9,octanol_dipole,93,0.05969290807843208,0.013881990686058998,0.615093241197521,0.9691278799643155,2.257077217102051,0.006525413133203983,0.002891089894382176,0.18
9,octanol_dipole,94,0.11333832144737244,0.015926970168948174,0.6142450953793932,0.9834490328614809,2.6770761013031006,0.002543804468587041,0.0009502174657451134,0.14
9,octanol_dipole,95,0.30607131123542786,0.015561254695057869,0.6102206188337131,0.9001544470824667,2.635812997817993,0.3009902834892273,0.11419257881283547,0.1
9,octanol_dipole,96,0.19373416900634766,0.004103180021047592,0.6125583867338791,0.9524562566861394,0.5733816623687744,0.08370207995176315,0.14597969458243604,0.14
9,octanol_dipole,97,0.14595016837120056,0.01282016932964325,0.615736173259696,0.9580238780097563,2.0681254863739014,0.009622382000088692,0.0046527070351808615,0.1
9,octanol_dipole,98,0.141341432929039,0.01470994483679533,0.6134889962765628,0.9715759284797953,2.401325225830078,0.009531287476420403,0.003969178091287354,0.06
9,octanol_dipole,99,0.13912811875343323,0.009664421901106834,0.6146365256084361,0.9463965790170661,1.556875228881836,0.004932442680001259,0.0031681682568382766,0.1
9,octanol_dipole,100,0.29942765831947327,0.008991548791527748,0.6293535493704949,0.9535397601335145,1.4811961650848389,0.09726687520742416,0.06566778763017725,0.1
9,octanol_dipole,101,0.06741973012685776,0.007104523479938507,0.6065109007150324,0.963154404243378,1.0596942901611328,0.019026145339012146,0.017954371855791643,0.12
9,octanol_dipole,102,0.04894888401031494,0.006043820176273584,0.6113766788037756,0.9662372074852539,0.9379310607910156,0.008241078816354275,0.008786444079806954,0.04
9,octanol_dipole,103,0.2030402272939682,0.009599556215107441,0.6125785063864455,0.9587623818293254,1.5353097915649414,0.021991023793816566,0.014323509114991778,0.12
9,octanol_dipole,104,0.2717773914337158,0.006747610867023468,0.6166325287556653,0.9215464556815507,1.0866737365722656,0.11589235067367554,0.10664870859880997,0.08
9,octanol_dipole,105,0.15036053955554962,0.009020686149597168,0.6108487018001625,0.9450410105891149,1.4754929542541504,0.10394909232854843,0.07045041592970117,0.06
9,octanol_dipole,106,0.2219184786081314,0.004083732143044472,0.6150966479819622,0.9593052234813522,0.5723923444747925,0.05473344027996063,0.09562224374293851,0.22
9,octanol_dipole,107,0.0741724818944931,0.009763340465724468,0.6171281158166089,0.9553948030791739,1.5141394138336182,0.011320014484226704,0.007476203565407358,0.1
9,octanol_dipole,108,0.08108507841825485,0.009984747506678104,0.6071768191389311,0.9709914999263116,1.5668214559555054,0.007691270671784878,0.004908836704112185,0.1
9,octanol_dipole,109,0.26864102482795715,0.017922664061188698,0.6056918388465748,0.9067157044318117,2.912444591522217,0.35035446286201477,0.12029566635597304,0.22
9,octanol_dipole,110,0.19772754609584808,0.011008535511791706,0.6068102729146216,0.9359176012289012,1.7512861490249634,0.03875983878970146,0.02213221340857471,0.12
9,octanol_dipole,111,0.0979614406824112,0.011631615459918976,0.6163935218098047,0.9597796622750554,1.9315294027328491,0.007584600243717432,0.00392673299872436,0.08
9,octanol_dipole,112,0.33392053842544556,0.015346650965511799,0.6144723666181331,0.9272601566698206,2.5856893062591553,0.16330096125602722,0.0631556780084622,0.12
9,octanol_dipole,113,0.11114618927240372,0.011472146958112717,0.6095964458371836,0.9806805140801762,1.880279302597046,0.034470319747924805,0.01833255288207147,0.1
9,octanol_dipole,114,0.2410908192396164,0.011238118633627892,0.6089899616053136,0.9191261802449655,1.7368773221969604,0.1387510746717453,0.0798853625978836,0.12
9,octanol_dipole,115,0.09783057868480682,0.01797928288578987,0.6041056866405987,0.9632141539056649,3.016225814819336,0.008861157111823559,0.0029378294782462498,0.06
9,octanol_dipole,116,0.2512925863265991,0.016693338751792908,0.6127504423202792,0.9221961304551878,2.7944540977478027,0.16028642654418945,0.057358761653438034,0.14
9,octanol_dipole,117,0.13732792437076569,0.007179334759712219,0.6137476142176916,0.9430123027230319,1.1404365301132202,0.03995918110013008,0.03503849626437608,0.1
9,octanol_dipole,118,0.10335836559534073,0.007280009798705578,0.6136473580430306,0.9669545023503487,1.113159418106079,0.04647079110145569,0.041746752842032935,0.06
9,octanol_dipole,119,0.1565086394548416,0.014987623319029808,0.6158878393549438,0.9708812158861881,2.4547417163848877,0.007907637394964695,0.003221372473601955,0.12
9,octanol_dipole,120,0.201639324426651,0.010266371071338654,0.6166837579383286,0.9697234493906659,1.6837211847305298,0.010218589566648006,0.006069050897095789,0.2
9,octanol_dipole,121,0.2628268599510193,0.010247365571558475,0.6288730068932706,0.9420069402235252,1.6699620485305786,0.18757139146327972,0.11232075101845951,0.08
9,octanol_dipole,122,0.08278399705886841,0.017749272286891937,0.6162383770211257,0.9560794991007284,2.8076398372650146,0.0234743133187294,0.008360870581461852,0.04
9,octanol_dipole,123,0.2788601517677307,0.011633715592324734,0.6162851336346662,0.9175036591043872,1.9261974096298218,0.2098376750946045,0.10893882114343165,0.16
9,octanol_dipole,124,0.2309112399816513,0.009964805096387863,0.6331150567564179,0.9443907692940823,1.7152155637741089,0.26137039065361023,0.15238340659555272,0.12
9,octanol_dipole,125,0.08509214222431183,0.01211482658982277,0.6118147702766628,0.9648536853820944,1.9302582740783691,0.005301056429743767,0.002746293851414695,0.08
9,octanol_dipole,126,0.17431947588920593,0.009930158965289593,0.6126548038633877,0.9526886106019126,1.5758168697357178,0.04508868604898453,0.028612897167769505,0.1
9,octanol_dipole,127,0.2042779177427292,0.014635572209954262,0.6205250340835087,0.913971745929576,2.459165334701538,0.15960991382598877,0.06490410041720931,0.06
9,octanol_dipole,128,0.15700705349445343,0.010867967270314693,0.613917900440792,0.9512563229679529,1.679129958152771,0.08987694978713989,0.05352590450236174,0.06
9,octanol_dipole,129,0.06933937221765518,0.016395140439271927,0.6030706641575396,0.9562344494301798,2.516024351119995,0.011418947950005531,0.004538488645756726,0.04
9,octanol_dipole,130,0.07898606359958649,0.015792349353432655,0.6172682876415301,0.9569248401103969,2.6642487049102783,0.011518087238073349,0.004323202716339965,0.04
9,octanol_dipole,131,0.11432963609695435,0.024089355021715164,0.6239341036833714,0.9778996543019605,4.170624256134033,0.009353232569992542,0.002242645703754319,0.18
9,octanol_dipole,132,0.32044366002082825,0.002414026763290167,0.60985895992875,0.9462682805624274,0.2425258606672287,0.14961916208267212,0.6169204458074907,0.14
9,octanol_dipole,133,0.07954217493534088,0.013330940157175064,0.6154977728649145,0.9556015509661171,2.17482852935791,0.00893236044794321,0.004107156186046711,0.14
9,octanol_dipole,134,0.07873478531837463,0.00979653000831604,0.6302989875593807,0.973228239574657,1.6449135541915894,0.0322750061750412,0.019621095645298577,0.04
9,octanol_dipole,135,0.06531596183776855,0.015820464119315147,0.6152829567729663,0.9596780669604386,2.7307724952697754,0.009207752533257008,0.003371849009467691,0.08
9,octanol_dipole,136,0.1847320795059204,0.017451681196689606,0.6172323536955351,0.9590911393124599,2.8240203857421875,0.02438655123114586,0.00863540198019384,0.1
9,octanol_dipole,137,0.18895858526229858,0.015413151122629642,0.6068944020931091,0.9390143384267822,2.428415536880493,0.0795888900756836,0.03277399969937695,0.12
9,octanol_dipole,138,0.13095253705978394,0.014343666844069958,0.6162482974106804,0.956143768533664,2.3938443660736084,0.007027403451502323,0.0029356141740445284,0.08
9,octanol_dipole,139,0.136928990483284,0.0101734958589077,0.6109169632767233,0.9390996173904835,1.5836598873138428,0.06610503792762756,0.04174194121930624,0.12
9,octanol_dipole,140,0.04408244788646698,0.01943855546414852,0.5932449029983138,0.9567588847895572,3.274014472961426,0.007803820073604584,0.0023835630960256076,0.08
9,octanol_dipole,141,0.08117074519395828,0.009858714416623116,0.6149176306658308,0.9585976681650756,1.5495128631591797,0.006404693704098463,0.004133359494054433,0.14
9,octanol_dipole,142,0.15313825011253357,0.02483353391289711,0.6174595806401695,0.9200008790993908,4.068467140197754,0.22710493206977844,0.05582076104926822,0.08
9,octanol_dipole,143,0.1901552528142929,0.013066654093563557,0.6133437493493059,0.915573184717615,2.142540693283081,0.11059863120317459,0.05162031766766628,0.04
9,octanol_dipole,144,0.12347327172756195,0.008653468452394009,0.6158972319189366,0.9692345739531916,1.3425959348678589,0.03080589696764946,0.02294502475957626,0.06
9,octanol_dipole,145,0.07593028247356415,0.017962224781513214,0.6093537459043543,0.9555883242960348,2.8822524547576904,0.005460998974740505,0.0018946983515361804,0.1
9,octanol_dipole,146,0.06632958352565765,0.027413995936512947,0.6087655453104168,0.9670986600410794,4.414846897125244,0.007131124380975962,0.0016152597240958546,0.06
9,octanol_dipole,147,0.11602660268545151,0.015010377392172813,0.6087121180589605,0.9514581016328225,2.353532314300537,0.0035388872493058443,0.0015036493137582398,0.04
9,octanol_dipole,148,0.1578298956155777,0.004511568695306778,0.6182566879068974,0.9475502364025292,0.6744280457496643,0.02285713702440262,0.03389114252951275,0.18
9,octanol_dipole,149,0.09001217037439346,0.01610739715397358,0.6090736714032496,0.9727107968011908,2.6115903854370117,0.008043141104280949,0.0030797866116875927,0.02
9,octanol_dipole,150,0.21987418830394745,0.012777147814631462,0.6153643841870413,0.9409358157931038,2.1252944469451904,0.1283583641052246,0.06039556744230032,0.1
9,octanol_dipole,151,0.39564719796180725,0.01210048608481884,0.6183091963282259,0.9010757710149329,1.9832403659820557,0.45746442675590515,0.2306651450841054,0.22
9,octanol_dipole,152,0.2127702236175537,0.009094862267374992,0.6188821278548098,0.9463399168425426,1.432337760925293,0.08959702402353287,0.06255300004494262,0.16
9,octanol_dipole,153,0.12050501257181168,0.019862331449985504,0.6150824766451737,0.9344727868649572,3.147244930267334,0.07569251954555511,0.0240504063784847,0.06
9,octanol_dipole,154,0.09649843722581863,0.009213224053382874,0.6087808942026223,0.9592958952082904,1.420599102973938,0.014203202910721302,0.009998037363945788,0.06
9,octanol_dipole,155,0.14465059340000153,0.009299126453697681,0.6221464200084865,0.9491755046547243,1.4567642211914062,0.013653754256665707,0.00937265897805965,0.04
9,octanol_dipole,156,0.10277649015188217,0.012547163292765617,0.6173712877558852,0.9495962580486728,1.9814695119857788,0.061027027666568756,0.030798872905901543,0.12
9,octanol_dipole,157,0.05243613198399544,0.011120162904262543,0.6217016931355726,0.9579849337457718,1.827361822128296,0.027326837182044983,0.01495425637721702,0.1
9,octanol_dipole,158,0.1961556226015091,0.004773150663822889,0.6082850836664442,0.9597196970087123,0.7003154158592224,0.057526566088199615,0.08214379518922887,0.16
9,octanol_dipole,159,0.16295716166496277,0.004350094124674797,0.6220650715678524,0.9670801195537941,0.6183013319969177,0.019225405529141426,0.03109390928699676,0.06
9,octanol_dipole,160,0.11999388039112091,0.0073140156455338,0.6122096666074777,0.9508117461713215,1.1195374727249146,0.007074904628098011,0.006319488896497537,0.06
9,octanol_dipole,161,0.11087331920862198,0.004255583509802818,0.6104213169277279,0.9684175457218722,0.6585004329681396,0.008019774220883846,0.012178844263982237,0.14
9,octanol_dipole,162,0.2041367143392563,0.01575097069144249,0.6044766876951413,0.9246429151506181,2.4479918479919434,0.15684862434864044,0.06407236383458605,0.08
9,octanol_dipole,163,0.14653527736663818,0.0211294274777174,0.6075856009083416,0.9718533955652908,3.401404619216919,0.0023159082047641277,0.0006808681894767646,0.14
9,octanol_dipole,164,0.39116954803466797,0.01243707723915577,0.6224761553756786,0.9100191963364916,2.0615901947021484,0.4030601680278778,0.19550935441178238,0.28
9,octanol_dipole,165,0.17530588805675507,0.015317925252020359,0.6130787962840072,0.9585813732592894,2.5014727115631104,0.012889078818261623,0.005152596212096012,0.14
9,octanol_dipole,166,0.07637856155633926,0.016623878851532936,0.6079305401765143,0.9516075682032508,2.634075880050659,0.0030397670343518257,0.0011540165024757616,0.06
9,octanol_dipole,167,0.6008729934692383,0.009394237771630287,0.6291364468269107,0.90919359760681,1.703705072402954,0.5969282984733582,0.3503706763233577,0.42
9,octanol_dipole,168,0.08321046829223633,0.013712050393223763,0.6110075612866013,0.9495982090859068,2.1894896030426025,0.0011330976849421859,0.0005175168145889288,0.08
9,octanol_dipole,169,0.12881512939929962,0.014745873399078846,0.6173408254676105,0.9560873373676562,2.4474616050720215,0.0034966282546520233,0.0014286754273920993,0.06
9,octanol_dipole,170,0.09132371097803116,0.014917764812707901,0.609925771820043,0.956175583063942,2.461453914642334,0.03137834370136261,0.01274788998270646,0.08
9,octanol_dipole,171,0.04995813965797424,0.013128590770065784,0.6165579198904356,0.9627447209385962,2.1765336990356445,0.016101395711302757,0.007397724059331952,0.02
9,octanol_dipole,172,0.21323518455028534,0.007665539160370827,0.6081226157930448,0.9331698425757922,1.146549940109253,0.1945173442363739,0.16965448902979197,0.08
9,octanol_dipole,173,0.1775461882352829,0.014144803397357464,0.6119358144157221,0.9780283824295948,2.4546570777893066,0.0020922247786074877,0.0008523491112215846,0.14
9,octanol_dipole,174,0.10889057070016861,0.015910973772406578,0.6162226807258371,0.9655371944986111,2.592958927154541,0.004774399101734161,0.0018412937635589497,0.14
9,octanol_dipole,175,0.20764149725437164,0.02434447407722473,0.6131809315657959,0.8990629707521209,4.37980318069458,0.4823412001132965,0.11012851039502726,0.02
9,octanol_dipole,176,0.2636435031890869,0.008142813108861446,0.6123680613632903,0.9081320586718313,1.3217114210128784,0.17613761126995087,0.1332648023385996,0.06
9,octanol_dipole,177,0.06260636448860168,0.02981071174144745,0.6024123817305722,0.9522785593686292,5.3372955322265625,0.012347550131380558,0.002313446961448193,0.02
9,octanol_dipole,178,0.2167840152978897,0.011466005817055702,0.6146864199176154,0.9287494899530095,1.933680772781372,0.08363182842731476,0.043250069817377466,0.14
9,octanol_dipole,179,0.15313246846199036,0.007419307250529528,0.6164080513355741,0.9650514913886972,1.1330586671829224,0.03314802423119545,0.029255346780595246,0.1
9,octanol_dipole,180,0.08770758658647537,0.008913146331906319,0.6131654383229006,0.9726190745731345,1.4115873575210571,0.009699475951492786,0.006871325320259605,0.08
9,octanol_dipole,181,0.14546041190624237,0.017121704295277596,0.6178460816902873,0.962976148554127,2.9947609901428223,0.017223626375198364,0.005751252414429559,0.08
9,octanol_dipole,182,0.21348819136619568,0.015382258221507072,0.6120571611690817,0.9219503194368242,2.5543224811553955,0.14431604743003845,0.05649875788775113,0.06
9,octanol_dipole,183,0.04910524934530258,0.015900984406471252,0.6094696922756129,0.9606599621454777,2.4836394786834717,0.0044193873181939125,0.001779399689900461,0.04
9,octanol_dipole,184,0.19077318906784058,0.011707959696650505,0.610963502096965,0.9551099179664464,1.923204779624939,0.023592503741383553,0.012267286350018605,0.1
9,octanol_dipole,185,0.07158178091049194,0.011576729826629162,0.6150018253904779,0.9746524268916845,1.8571127653121948,0.0053651160560548306,0.0028889554561609583,0.06
9,octanol_dipole,186,0.1204906478524208,0.014255236834287643,0.6060190601417308,0.9641175929262433,2.215545654296875,0.04015902057290077,0.018126018073703665,0.04
9,octanol_dipole,187,0.14889660477638245,0.006971180904656649,0.6145979725541433,0.9509424521610572,1.0532962083816528,0.02971293404698372,0.028209475939001475,0.06
9,octanol_dipole,188,0.0689304992556572,0.013326453045010567,0.6161932270229564,0.9752741351978207,2.2298693656921387,0.002993695205077529,0.0013425428642311085,0.0
9,octanol_dipole,189,0.09485975652933121,0.011592446826398373,0.6099874936750513,0.9548239434699719,1.8069207668304443,0.02327543869614601,0.012881272451682494,0.12
9,octanol_dipole,190,0.35046321153640747,0.01028291042894125,0.6164113927213022,0.928844471277332,1.6978305578231812,0.06249774992465973,0.036810357568772475,0.18
9,octanol_dipole,191,0.4417203366756439,0.007883226498961449,0.6193728003056651,0.9101806974565025,1.275791049003601,0.38302406668663025,0.3002247640675751,0.12
9,octanol_dipole,192,0.09016069024801254,0.007456688210368156,0.6272573966658108,0.9562871037383742,1.1895605325698853,0.013165702112019062,0.011067702526727527,0.08
9,octanol_dipole,193,0.296453058719635,0.007767706178128719,0.6299393114653329,0.9694833529533002,1.2962528467178345,0.056828923523426056,0.043840924760411695,0.2
9,octanol_dipole,194,0.30683887004852295,0.009305574931204319,0.6133076146428591,0.9268476733383031,1.5129420757293701,0.15585432946681976,0.10301407566557653,0.1
9,octanol_dipole,195,0.3794204294681549,0.011192443780601025,0.6186134488783506,0.9084080313802736,1.783625602722168,0.39859744906425476,0.2234759629240103,0.24
9,octanol_dipole,196,0.14486253261566162,0.012281786650419235,0.6138932034799789,0.9673380550916324,1.9918535947799683,0.009259067475795746,0.004648467889437706,0.14
9,octanol_dipole,197,0.10772961378097534,0.006228679791092873,0.6205807268027135,0.9488467836899566,0.9465523362159729,0.03647937253117561,0.038539202889730326,0.1
9,octanol_dipole,198,0.09409657120704651,0.016431232914328575,0.6229018961423569,0.9546083640383478,2.8763277530670166,0.008407820016145706,0.002923109164864985,0.06
9,octanol_dipole,199,0.12724141776561737,0.008640541695058346,0.6100752268182694,0.9466116479411617,1.3793801069259644,0.02938862144947052,0.02130567296273753,0.08
9,octanol_dipole,200,0.3910501003265381,0.016369232907891273,0.6106569656351457,0.8911179857920697,2.841917037963867,0.49940159916877747,0.17572701542567937,0.22
9,octanol_dipole,201,0.26866427063941956,0.00601919274777174,0.6356319224750839,0.9474438142973407,1.0164787769317627,0.04718621075153351,0.04642124540363243,0.28
9,octanol_dipole,202,0.26440829038619995,0.011619433760643005,0.6181330141292758,0.9369476837016257,1.931183934211731,0.2264639437198639,0.11726689504192761,0.12
9,octanol_dipole,203,0.18751977384090424,0.011907605454325676,0.6132393841663264,0.9631665554506796,1.9435925483703613,0.0074730790220201015,0.0038449823386522207,0.12
9,octanol_dipole,204,0.14931482076644897,0.011279054917395115,0.6150931124318149,0.9545780327761468,1.8129676580429077,0.012502821162343025,0.006896328848932571,0.1
9,octanol_dipole,205,0.1542583405971527,0.007839033380150795,0.6144720885142749,0.9366172680501825,1.2830190658569336,0.1160854920744896,0.09047838427635183,0.08
9,octanol_dipole,206,0.11503962427377701,0.0120922876521945,0.6142211633427421,0.9551073348316408,1.975847601890564,0.04365851730108261,0.022096095498108523,0.06
9,octanol_dipole,207,0.11616504937410355,0.013417460955679417,0.6167244297371963,0.9570890940366139,2.199105978012085,0.010563964955508709,0.00480375437160976,0.12
9,octanol_dipole,208,0.19658280909061432,0.012829980812966824,0.6147687005701306,0.9387862925508605,2.063382625579834,0.10006965696811676,0.0484978673986828,0.14
9,octanol_dipole,209,0.08199245482683182,0.02202647551894188,0.6143116787629443,0.963961455774651,3.8618321418762207,0.009459971450269222,0.0024496071042780275,0.06
9,octanol_dipole,210,0.34012147784233093,0.012500335462391376,0.6108609144445492,0.8996342164329476,2.0202505588531494,0.30572912096977234,0.1513322788750163,0.22
9,octanol_dipole,211,0.42934542894363403,0.012489842250943184,0.619714877846939,0.9116209916101552,2.163283109664917,0.5432339906692505,0.25111553279468585,0.14
9,octanol_dipole,212,0.5223413705825806,0.006923513021320105,0.6315065881670476,0.9269422068490543,1.1059356927871704,0.4212011396884918,0.3808550012767777,0.36
9,octanol_dipole,213,0.18792960047721863,0.012474377639591694,0.613877803256476,0.9485257983782935,2.0484535694122314,0.0348883792757988,0.01703156947111543,0.14
9,octanol_dipole,214,0.13743340969085693,0.0070059350691735744,0.6087243455831619,0.9609540317539629,1.1034895181655884,0.005507602356374264,0.0049910780897402226,0.12
9,octanol_dipole,215,0.0778600424528122,0.014606463722884655,0.6134854941654566,0.9668883581391581,2.3775386810302734,0.00956843700259924,0.004024513703580583,0.04
9,octanol_dipole,216,0.09253805130720139,0.01648622751235962,0.6067916033534073,0.9457741702156726,2.767420530319214,0.03912799805402756,0.014138797347692675,0.06
9,octanol_dipole,217,0.2194802463054657,0.01562365610152483,0.6070213989547937,0.9352569275372442,2.4933888912200928,0.10815762728452682,0.04337776095232458,0.12
9,octanol_dipole,218,0.16613800823688507,0.021000731736421585,0.6050939053201971,0.9697812175119249,3.2974252700805664,0.01039034966379404,0.003151049322655361,0.1
9,octanol_dipole,219,0.14064756035804749,0.00562727777287364,0.6122092505643846,0.9476773359466009,0.9164366722106934,0.07193450629711151,0.07849370117804867,0.04
9,octanol_dipole,220,0.06460966914892197,0.010336087085306644,0.6150102275984779,0.9653909545077151,1.661511778831482,0.006280333269387484,0.003779890909834148,0.14
9,octanol_dipole,221,0.37674838304519653,0.011621343903243542,0.6176395671284522,0.9155078516793627,1.9501011371612549,0.42031407356262207,0.21553450000776347,0.12
9,octanol_dipole,222,0.0471373088657856,0.019062260165810585,0.61169440307356,0.9693948929714087,3.4187052249908447,0.005954768043011427,0.001741819680586054,0.06
9,octanol_dipole,223,0.1845243275165558,0.011087344959378242,0.6100149294981172,0.9711114219672989,1.7610585689544678,0.008389371447265148,0.004763823075030309,0.12
9,octanol_dipole,224,0.28437909483909607,0.01303866133093834,0.6107332221565207,0.8967159215262064,2.1044108867645264,0.2981210947036743,0.14166487000170735,0.1
9,octanol_dipole,225,0.43876805901527405,0.0032411429565399885,0.6300227770298747,0.9324439872364725,0.41076716780662537,0.27503371238708496,0.6695610894504623,0.32
9,octanol_dipole,226,0.12298641353845596,0.004620401654392481,0.6285361239592373,0.9659457378447398,0.7060089707374573,0.029854565858840942,0.0422863831711041,0.18
9,octanol_dipole,227,0.199961319565773,0.009340246208012104,0.6089082240245216,0.9440174624787565,1.4616824388504028,0.11683936417102814,0.07993484840860578,0.12
9,octanol_dipole,228,0.15874849259853363,0.011767684482038021,0.6164744229849117,0.9500759960158065,1.862379789352417,0.046574629843235016,0.025008126757770418,0.06
9,octanol_dipole,229,0.08075682818889618,0.011081253178417683,0.6243173315125898,0.9550215935164579,1.7774035930633545,0.011912981048226357,0.0067024625665881195,0.04
9,octanol_dipole,230,0.11424020677804947,0.006867020856589079,0.6160957817263624,0.9514361181345021,1.0427567958831787,0.02251346781849861,0.021590334301710774,0.08
9,octanol_dipole,231,0.03928108140826225,0.011407793499529362,0.6198122646775421,0.9698980801444776,1.8137184381484985,0.003318775910884142,0.001829818697918765,0.04
9,octanol_dipole,232,0.21184958517551422,0.017672298476099968,0.607672542554194,0.931052339640493,2.8395419120788574,0.38731929659843445,0.13640203546595095,0.08
9,octanol_dipole,233,0.11682064086198807,0.013860977254807949,0.6160420816589567,0.9643968345590463,2.297792434692383,0.009513392113149166,0.0041402312800384745,0.1
9,octanol_dipole,234,0.08338338136672974,0.029433323070406914,0.6200276664820414,0.9336936661897652,5.253296852111816,0.2007562667131424,0.03821529077163015,0.02
9,octanol_dipole,235,0.23442219197750092,0.012051742523908615,0.6149684169067262,0.921202036095764,2.05328369140625,0.29044535756111145,0.14145408098098303,0.12
9,octanol_dipole,236,0.0804448351264,0.005388375837355852,0.6273867361398053,0.9545351112956191,0.8301298022270203,0.0175169724971056,0.021101486117125492,0.08
9,octanol_dipole,237,0.4070117175579071,0.006691593676805496,0.6227986847519125,0.9522547462237567,1.0984580516815186,0.3219832181930542,0.2931229077889343,0.24
9,octanol_dipole,238,0.2127254456281662,0.012667217291891575,0.6156606579288728,0.911808529831033,2.0568106174468994,0.14706091582775116,0.07149949274877652,0.1
9,octanol_dipole,239,0.06014307215809822,0.013288716785609722,0.6143950290931977,0.9660897163689777,2.0808634757995605,0.005099558737128973,0.002450693568529043,0.08
9,octanol_dipole,240,0.06239543482661247,0.007560825441032648,0.6279186320865333,0.9605594104581379,1.2117176055908203,0.021427281200885773,0.01768339512607648,0.02
9,octanol_dipole,241,0.14094845950603485,0.011485382914543152,0.6149362029085892,0.9469303131544393,1.7868068218231201,0.06258943676948547,0.03502865335247827,0.04
9,octanol_dipole,242,0.4414904713630676,0.012896288186311722,0.62127196186554,0.9313080704531089,2.1456806659698486,0.5260624289512634,0.24517274974535083,0.28
9,octanol_dipole,243,0.09634482860565186,0.004266057163476944,0.6295931100568797,0.9656973028906943,0.63445645570755,0.019734546542167664,0.031104650862381983,0.1
9,octanol_dipole,244,0.782326877117157,0.0016064842930063605,0.6588212713677524,0.9356470979780922,0.05396953597664833,0.3202715814113617,5.934303039958276,0.7
9,octanol_dipole,245,0.24326765537261963,0.009260419756174088,0.6169013638213101,0.9100807521471748,1.4565536975860596,0.11207161098718643,0.07694299988591032,0.12
9,octanol_dipole,246,0.1265508085489273,0.010121908970177174,0.6126594141597417,0.9547715465295341,1.5726932287216187,0.007979528978466988,0.005073798775717523,0.04
9,octanol_dipole,247,0.1348489224910736,0.02265002951025963,0.6189245872188509,0.9680341807245025,3.9787778854370117,0.01733366772532463,0.004356530629359517,0.12
9,octanol_dipole,248,0.1671897917985916,0.018179621547460556,0.6171296506455131,0.9433766351441477,3.0263235569000244,0.16342805325984955,0.054002174647596164,0.06
9,octanol_dipole,249,0.49370697140693665,0.002080123405903578,0.6180993766944767,0.9386666023379426,0.22097890079021454,0.19555020332336426,0.8849270343190325,0.34
9,hexane_gsolv_eV,0,1.0,0.0,0.6215230989365803,0.6215230989365803,,,,1.0
9,hexane_gsolv_eV,1,1.0,0.0,0.6215230989365803,0.6215230989365803,,,,1.0
9,hexane_gsolv_eV,2,1.0,0.0,0.6215230989365803,0.6215230989365803,,,,1.0
9,hexane_gsolv_eV,3,1.0,0.0,0.6215230989365803,0.6215230989365803,,,,1.0
9,hexane_gsolv_eV,4,1.0,0.0,0.6215230989365803,0.6215230989365803,,,,1.0
9,hexane_gsolv_eV,5,1.0,0.0,0.6215230989365803,0.6215230989365803,,,,1.0
9,hexane_gsolv_eV,6,1.0,0.0,0.6215230989365803,0.6215230989365803,,,,1.0
9,hexane_gsolv_eV,7,1.0,0.0,0.6215230989365803,0.6215230989365803,,,,1.0
9,hexane_gsolv_eV,8,1.0,0.0,0.6215230989365803,0.6215230989365803,,,,1.0
9,hexane_gsolv_eV,9,1.0,0.0,0.6215230989365803,0.6215230989365803,,,,1.0
9,hexane_gsolv_eV,10,1.0,0.0,0.6215230989365803,0.6215230989365803,,,,1.0
9,hexane_gsolv_eV,11,1.0,0.0,0.6215230989365803,0.6215230989365803,,,,1.0
9,hexane_gsolv_eV,12,1.0,0.0,0.6215230989365803,0.6215230989365803,,,,1.0
9,hexane_gsolv_eV,13,1.0,0.0,0.6215230989365803,0.6215230989365803,,,,1.0
9,hexane_gsolv_eV,14,1.0,0.0,0.6215230989365803,0.6215230989365803,,,,1.0
9,hexane_gsolv_eV,15,1.0,0.0,0.6215230989365803,0.6215230989365803,,,,1.0
9,hexane_gsolv_eV,16,1.0,0.0,0.6215230989365803,0.6215230989365803,,,,1.0
9,hexane_gsolv_eV,17,1.0,0.0,0.6215230989365803,0.6215230989365803,,,,1.0
9,hexane_gsolv_eV,18,1.0,0.0,0.6215230989365803,0.6215230989365803,,,,1.0
9,hexane_gsolv_eV,19,1.0,0.0,0.6215230989365803,0.6215230989365803,,,,1.0
9,hexane_gsolv_eV,20,1.0,0.0,0.6215230989365803,0.6215230989365803,,,,1.0
9,hexane_gsolv_eV,21,1.0,0.0,0.6215230989365803,0.6215230989365803,,,,1.0
9,hexane_gsolv_eV,22,1.0,0.0,0.6215230989365803,0.6215230989365803,,,,1.0
9,hexane_gsolv_eV,23,1.0,0.0,0.6215230989365803,0.6215230989365803,,,,1.0
9,hexane_gsolv_eV,24,1.0,0.0,0.6215230989365803,0.6215230989365803,,,,1.0
9,hexane_gsolv_eV,25,1.0,0.0,0.6215230989365803,0.6215230989365803,,,,1.0
9,hexane_gsolv_eV,26,1.0,0.0,0.6215230989365803,0.6215230989365803,,,,1.0
9,hexane_gsolv_eV,27,1.0,0.0,0.6215230989365803,0.6215230989365803,,,,1.0
9,hexane_gsolv_eV,28,1.0,0.0,0.6215230989365803,0.6215230989365803,,,,1.0
9,hexane_gsolv_eV,29,1.0,0.0,0.6215230989365803,0.6215230989365803,,,,1.0
9,hexane_gsolv_eV,30,1.0,0.0,0.6215230989365803,0.6215230989365803,,,,1.0
9,hexane_gsolv_eV,31,1.0,0.0,0.6215230989365803,0.6215230989365803,,,,1.0
9,hexane_gsolv_eV,32,1.0,0.0,0.6215230989365803,0.6215230989365803,,,,1.0
9,hexane_gsolv_eV,33,1.0,0.0,0.6215230989365803,0.6215230989365803,,,,1.0
9,hexane_gsolv_eV,34,1.0,0.0,0.6215230989365803,0.6215230989365803,,,,1.0
9,hexane_gsolv_eV,35,1.0,0.0,0.6215230989365803,0.6215230989365803,,,,1.0
9,hexane_gsolv_eV,36,1.0,0.0,0.6215230989365803,0.6215230989365803,,,,1.0
9,hexane_gsolv_eV,37,1.0,0.0,0.6215230989365803,0.6215230989365803,,,,1.0
9,hexane_gsolv_eV,38,1.0,0.0,0.6215230989365803,0.6215230989365803,,,,1.0
9,hexane_gsolv_eV,39,1.0,0.0,0.6215230989365803,0.6215230989365803,,,,1.0
9,hexane_gsolv_eV,40,1.0,0.0,0.6215230989365803,0.6215230989365803,,,,1.0
9,hexane_gsolv_eV,41,1.0,0.0,0.6215230989365803,0.6215230989365803,,,,1.0
9,hexane_gsolv_eV,42,1.0,0.0,0.6215230989365803,0.6215230989365803,,,,1.0
9,hexane_gsolv_eV,43,1.0,0.0,0.6215230989365803,0.6215230989365803,,,,1.0
9,hexane_gsolv_eV,44,1.0,0.0,0.6215230989365803,0.6215230989365803,,,,1.0
9,hexane_gsolv_eV,45,1.0,0.0,0.6215230989365803,0.6215230989365803,,,,1.0
9,hexane_gsolv_eV,46,1.0,0.0,0.6215230989365803,0.6215230989365803,,,,1.0
9,hexane_gsolv_eV,47,1.0,0.0,0.6215230989365803,0.6215230989365803,,,,1.0
9,hexane_gsolv_eV,48,1.0,0.0,0.6215230989365803,0.6215230989365803,,,,1.0
9,hexane_gsolv_eV,49,1.0,0.0,0.6215230989365803,0.6215230989365803,,,,1.0
9,hexane_gsolv_eV,50,1.0,0.0,0.6215230989365803,0.6215230989365803,,,,1.0
9,hexane_gsolv_eV,51,1.0,0.0,0.6215230989365803,0.6215230989365803,,,,1.0
9,hexane_gsolv_eV,52,1.0,0.0,0.6215230989365803,0.6215230989365803,,,,1.0
9,hexane_gsolv_eV,53,1.0,0.0,0.6215230989365803,0.6215230989365803,,,,1.0
9,hexane_gsolv_eV,54,1.0,0.0,0.6215230989365803,0.6215230989365803,,,,1.0
9,hexane_gsolv_eV,55,1.0,0.0,0.6215230989365803,0.6215230989365803,,,,1.0
9,hexane_gsolv_eV,56,1.0,0.0,0.6215230989365803,0.6215230989365803,,,,1.0
9,hexane_gsolv_eV,57,1.0,0.0,0.6215230989365803,0.6215230989365803,,,,1.0
9,hexane_gsolv_eV,58,1.0,0.0,0.6215230989365803,0.6215230989365803,,,,1.0
9,hexane_gsolv_eV,59,1.0,0.0,0.6215230989365803,0.6215230989365803,,,,1.0
9,hexane_gsolv_eV,60,1.0,0.0,0.6215230989365803,0.6215230989365803,,,,1.0
9,hexane_gsolv_eV,61,1.0,0.0,0.6215230989365803,0.6215230989365803,,,,1.0
9,hexane_gsolv_eV,62,1.0,0.0,0.6215230989365803,0.6215230989365803,,,,1.0
9,hexane_gsolv_eV,63,1.0,0.0,0.6215230989365803,0.6215230989365803,,,,1.0
9,hexane_gsolv_eV,64,1.0,0.0,0.6215230989365803,0.6215230989365803,,,,1.0
9,hexane_gsolv_eV,65,1.0,0.0,0.6215230989365803,0.6215230989365803,,,,1.0
9,hexane_gsolv_eV,66,1.0,0.0,0.6215230989365803,0.6215230989365803,,,,1.0
9,hexane_gsolv_eV,67,1.0,0.0,0.6215230989365803,0.6215230989365803,,,,1.0
9,hexane_gsolv_eV,68,1.0,0.0,0.6215230989365803,0.6215230989365803,,,,1.0
9,hexane_gsolv_eV,69,1.0,0.0,0.6215230989365803,0.6215230989365803,,,,1.0
9,hexane_gsolv_eV,70,1.0,0.0,0.6215230989365803,0.6215230989365803,,,,1.0
9,hexane_gsolv_eV,71,1.0,0.0,0.6215230989365803,0.6215230989365803,,,,1.0
9,hexane_gsolv_eV,72,1.0,0.0,0.6215230989365803,0.6215230989365803,,,,1.0
9,hexane_gsolv_eV,73,1.0,0.0,0.6215230989365803,0.6215230989365803,,,,1.0
9,hexane_gsolv_eV,74,1.0,0.0,0.6215230989365803,0.6215230989365803,,,,1.0
9,hexane_gsolv_eV,75,1.0,0.0,0.6215230989365803,0.6215230989365803,,,,1.0
9,hexane_gsolv_eV,76,1.0,0.0,0.6215230989365803,0.6215230989365803,,,,1.0
9,hexane_gsolv_eV,77,1.0,0.0,0.6215230989365803,0.6215230989365803,,,,1.0
9,hexane_gsolv_eV,78,1.0,0.0,0.6215230989365803,0.6215230989365803,,,,1.0
9,hexane_gsolv_eV,79,1.0,0.0,0.6215230989365803,0.6215230989365803,,,,1.0
9,hexane_gsolv_eV,80,1.0,0.0,0.6215230989365803,0.6215230989365803,,,,1.0
9,hexane_gsolv_eV,81,1.0,0.0,0.6215230989365803,0.6215230989365803,,,,1.0
9,hexane_gsolv_eV,82,1.0,0.0,0.6215230989365803,0.6215230989365803,,,,1.0
9,hexane_gsolv_eV,83,1.0,0.0,0.6215230989365803,0.6215230989365803,,,,1.0
9,hexane_gsolv_eV,84,1.0,0.0,0.6215230989365803,0.6215230989365803,,,,1.0
9,hexane_gsolv_eV,85,1.0,0.0,0.6215230989365803,0.6215230989365803,,,,1.0
9,hexane_gsolv_eV,86,1.0,0.0,0.6215230989365803,0.6215230989365803,,,,1.0
9,hexane_gsolv_eV,87,1.0,0.0,0.6215230989365803,0.6215230989365803,,,,1.0
9,hexane_gsolv_eV,88,1.0,0.0,0.6215230989365803,0.6215230989365803,,,,1.0
9,hexane_gsolv_eV,89,1.0,0.0,0.6215230989365803,0.6215230989365803,,,,1.0
9,hexane_gsolv_eV,90,1.0,0.0,0.6215230989365803,0.6215230989365803,,,,1.0
9,hexane_gsolv_eV,91,1.0,0.0,0.6215230989365803,0.6215230989365803,,,,1.0
9,hexane_gsolv_eV,92,1.0,0.0,0.6215230989365803,0.6215230989365803,,,,1.0
9,hexane_gsolv_eV,93,1.0,0.0,0.6215230989365803,0.6215230989365803,,,,1.0
9,hexane_gsolv_eV,94,1.0,0.0,0.6215230989365803,0.6215230989365803,,,,1.0
9,hexane_gsolv_eV,95,1.0,0.0,0.6215230989365803,0.6215230989365803,,,,1.0
9,hexane_gsolv_eV,96,1.0,0.0,0.6215230989365803,0.6215230989365803,,,,1.0
9,hexane_gsolv_eV,97,1.0,0.0,0.6215230989365803,0.6215230989365803,,,,1.0
9,hexane_gsolv_eV,98,1.0,0.0,0.6215230989365803,0.6215230989365803,,,,1.0
9,hexane_gsolv_eV,99,1.0,0.0,0.6215230989365803,0.6215230989365803,,,,1.0
9,hexane_gsolv_eV,100,1.0,0.0,0.6215230989365803,0.6215230989365803,,,,1.0
9,hexane_gsolv_eV,101,1.0,0.0,0.6215230989365803,0.6215230989365803,,,,1.0
9,hexane_gsolv_eV,102,1.0,0.0,0.6215230989365803,0.6215230989365803,,,,1.0
9,hexane_gsolv_eV,103,1.0,0.0,0.6215230989365803,0.6215230989365803,,,,1.0
9,hexane_gsolv_eV,104,1.0,0.0,0.6215230989365803,0.6215230989365803,,,,1.0
9,hexane_gsolv_eV,105,1.0,0.0,0.6215230989365803,0.6215230989365803,,,,1.0
9,hexane_gsolv_eV,106,1.0,0.0,0.6215230989365803,0.6215230989365803,,,,1.0
9,hexane_gsolv_eV,107,1.0,0.0,0.6215230989365803,0.6215230989365803,,,,1.0
9,hexane_gsolv_eV,108,1.0,0.0,0.6215230989365803,0.6215230989365803,,,,1.0
9,hexane_gsolv_eV,109,1.0,0.0,0.6215230989365803,0.6215230989365803,,,,1.0
9,hexane_gsolv_eV,110,1.0,0.0,0.6215230989365803,0.6215230989365803,,,,1.0
9,hexane_gsolv_eV,111,1.0,0.0,0.6215230989365803,0.6215230989365803,,,,1.0
9,hexane_gsolv_eV,112,1.0,0.0,0.6215230989365803,0.6215230989365803,,,,1.0
9,hexane_gsolv_eV,113,1.0,0.0,0.6215230989365803,0.6215230989365803,,,,1.0
9,hexane_gsolv_eV,114,1.0,0.0,0.6215230989365803,0.6215230989365803,,,,1.0
9,hexane_gsolv_eV,115,1.0,0.0,0.6215230989365803,0.6215230989365803,,,,1.0
9,hexane_gsolv_eV,116,1.0,0.0,0.6215230989365803,0.6215230989365803,,,,1.0
9,hexane_gsolv_eV,117,1.0,0.0,0.6215230989365803,0.6215230989365803,,,,1.0
9,hexane_gsolv_eV,118,1.0,0.0,0.6215230989365803,0.6215230989365803,,,,1.0
9,hexane_gsolv_eV,119,1.0,0.0,0.6215230989365803,0.6215230989365803,,,,1.0
9,hexane_gsolv_eV,120,1.0,0.0,0.6215230989365803,0.6215230989365803,,,,1.0
9,hexane_gsolv_eV,121,1.0,0.0,0.6215230989365803,0.6215230989365803,,,,1.0
9,hexane_gsolv_eV,122,1.0,0.0,0.6215230989365803,0.6215230989365803,,,,1.0
9,hexane_gsolv_eV,123,1.0,0.0,0.6215230989365803,0.6215230989365803,,,,1.0
9,hexane_gsolv_eV,124,1.0,0.0,0.6215230989365803,0.6215230989365803,,,,1.0
9,hexane_gsolv_eV,125,1.0,0.0,0.6215230989365803,0.6215230989365803,,,,1.0
9,hexane_gsolv_eV,126,1.0,0.0,0.6215230989365803,0.6215230989365803,,,,1.0
9,hexane_gsolv_eV,127,1.0,0.0,0.6215230989365803,0.6215230989365803,,,,1.0
9,hexane_gsolv_eV,128,1.0,0.0,0.6215230989365803,0.6215230989365803,,,,1.0
9,hexane_gsolv_eV,129,1.0,0.0,0.6215230989365803,0.6215230989365803,,,,1.0
9,hexane_gsolv_eV,130,1.0,0.0,0.6215230989365803,0.6215230989365803,,,,1.0
9,hexane_gsolv_eV,131,1.0,0.0,0.6215230989365803,0.6215230989365803,,,,1.0
9,hexane_gsolv_eV,132,1.0,0.0,0.6215230989365803,0.6215230989365803,,,,1.0
9,hexane_gsolv_eV,133,1.0,0.0,0.6215230989365803,0.6215230989365803,,,,1.0
9,hexane_gsolv_eV,134,1.0,0.0,0.6215230989365803,0.6215230989365803,,,,1.0
9,hexane_gsolv_eV,135,1.0,0.0,0.6215230989365803,0.6215230989365803,,,,1.0
9,hexane_gsolv_eV,136,1.0,0.0,0.6215230989365803,0.6215230989365803,,,,1.0
9,hexane_gsolv_eV,137,1.0,0.0,0.6215230989365803,0.6215230989365803,,,,1.0
9,hexane_gsolv_eV,138,1.0,0.0,0.6215230989365803,0.6215230989365803,,,,1.0
9,hexane_gsolv_eV,139,1.0,0.0,0.6215230989365803,0.6215230989365803,,,,1.0
9,hexane_gsolv_eV,140,1.0,0.0,0.6215230989365803,0.6215230989365803,,,,1.0
9,hexane_gsolv_eV,141,1.0,0.0,0.6215230989365803,0.6215230989365803,,,,1.0
9,hexane_gsolv_eV,142,1.0,0.0,0.6215230989365803,0.6215230989365803,,,,1.0
9,hexane_gsolv_eV,143,1.0,0.0,0.6215230989365803,0.6215230989365803,,,,1.0
9,hexane_gsolv_eV,144,1.0,0.0,0.6215230989365803,0.6215230989365803,,,,1.0
9,hexane_gsolv_eV,145,1.0,0.0,0.6215230989365803,0.6215230989365803,,,,1.0
9,hexane_gsolv_eV,146,1.0,0.0,0.6215230989365803,0.6215230989365803,,,,1.0
9,hexane_gsolv_eV,147,1.0,0.0,0.6215230989365803,0.6215230989365803,,,,1.0
9,hexane_gsolv_eV,148,1.0,0.0,0.6215230989365803,0.6215230989365803,,,,1.0
9,hexane_gsolv_eV,149,1.0,0.0,0.6215230989365803,0.6215230989365803,,,,1.0
9,hexane_gsolv_eV,150,1.0,0.0,0.6215230989365803,0.6215230989365803,,,,1.0
9,hexane_gsolv_eV,151,1.0,0.0,0.6215230989365803,0.6215230989365803,,,,1.0
9,hexane_gsolv_eV,152,1.0,0.0,0.6215230989365803,0.6215230989365803,,,,1.0
9,hexane_gsolv_eV,153,1.0,0.0,0.6215230989365803,0.6215230989365803,,,,1.0
9,hexane_gsolv_eV,154,1.0,0.0,0.6215230989365803,0.6215230989365803,,,,1.0
9,hexane_gsolv_eV,155,1.0,0.0,0.6215230989365803,0.6215230989365803,,,,1.0
9,hexane_gsolv_eV,156,1.0,0.0,0.6215230989365803,0.6215230989365803,,,,1.0
9,hexane_gsolv_eV,157,1.0,0.0,0.6215230989365803,0.6215230989365803,,,,1.0
9,hexane_gsolv_eV,158,1.0,0.0,0.6215230989365803,0.6215230989365803,,,,1.0
9,hexane_gsolv_eV,159,1.0,0.0,0.6215230989365803,0.6215230989365803,,,,1.0
9,hexane_gsolv_eV,160,1.0,0.0,0.6215230989365803,0.6215230989365803,,,,1.0
9,hexane_gsolv_eV,161,1.0,0.0,0.6215230989365803,0.6215230989365803,,,,1.0
9,hexane_gsolv_eV,162,1.0,0.0,0.6215230989365803,0.6215230989365803,,,,1.0
9,hexane_gsolv_eV,163,1.0,0.0,0.6215230989365803,0.6215230989365803,,,,1.0
9,hexane_gsolv_eV,164,1.0,0.0,0.6215230989365803,0.6215230989365803,,,,1.0
9,hexane_gsolv_eV,165,1.0,0.0,0.6215230989365803,0.6215230989365803,,,,1.0
9,hexane_gsolv_eV,166,1.0,0.0,0.6215230989365803,0.6215230989365803,,,,1.0
9,hexane_gsolv_eV,167,1.0,0.0,0.6215230989365803,0.6215230989365803,,,,1.0
9,hexane_gsolv_eV,168,1.0,0.0,0.6215230989365803,0.6215230989365803,,,,1.0
9,hexane_gsolv_eV,169,1.0,0.0,0.6215230989365803,0.6215230989365803,,,,1.0
9,hexane_gsolv_eV,170,1.0,0.0,0.6215230989365803,0.6215230989365803,,,,1.0
9,hexane_gsolv_eV,171,1.0,0.0,0.6215230989365803,0.6215230989365803,,,,1.0
9,hexane_gsolv_eV,172,1.0,0.0,0.6215230989365803,0.6215230989365803,,,,1.0
9,hexane_gsolv_eV,173,1.0,0.0,0.6215230989365803,0.6215230989365803,,,,1.0
9,hexane_gsolv_eV,174,1.0,0.0,0.6215230989365803,0.6215230989365803,,,,1.0
9,hexane_gsolv_eV,175,1.0,0.0,0.6215230989365803,0.6215230989365803,,,,1.0
9,hexane_gsolv_eV,176,1.0,0.0,0.6215230989365803,0.6215230989365803,,,,1.0
9,hexane_gsolv_eV,177,1.0,0.0,0.6215230989365803,0.6215230989365803,,,,1.0
9,hexane_gsolv_eV,178,1.0,0.0,0.6215230989365803,0.6215230989365803,,,,1.0
9,hexane_gsolv_eV,179,1.0,0.0,0.6215230989365803,0.6215230989365803,,,,1.0
9,hexane_gsolv_eV,180,1.0,0.0,0.6215230989365803,0.6215230989365803,,,,1.0
9,hexane_gsolv_eV,181,1.0,0.0,0.6215230989365803,0.6215230989365803,,,,1.0
9,hexane_gsolv_eV,182,1.0,0.0,0.6215230989365803,0.6215230989365803,,,,1.0
9,hexane_gsolv_eV,183,1.0,0.0,0.6215230989365803,0.6215230989365803,,,,1.0
9,hexane_gsolv_eV,184,1.0,0.0,0.6215230989365803,0.6215230989365803,,,,1.0
9,hexane_gsolv_eV,185,1.0,0.0,0.6215230989365803,0.6215230989365803,,,,1.0
9,hexane_gsolv_eV,186,1.0,0.0,0.6215230989365803,0.6215230989365803,,,,1.0
9,hexane_gsolv_eV,187,1.0,0.0,0.6215230989365803,0.6215230989365803,,,,1.0
9,hexane_gsolv_eV,188,1.0,0.0,0.6215230989365803,0.6215230989365803,,,,1.0
9,hexane_gsolv_eV,189,1.0,0.0,0.6215230989365803,0.6215230989365803,,,,1.0
9,hexane_gsolv_eV,190,1.0,0.0,0.6215230989365803,0.6215230989365803,,,,1.0
9,hexane_gsolv_eV,191,1.0,0.0,0.6215230989365803,0.6215230989365803,,,,1.0
9,hexane_gsolv_eV,192,1.0,0.0,0.6215230989365803,0.6215230989365803,,,,1.0
9,hexane_gsolv_eV,193,1.0,0.0,0.6215230989365803,0.6215230989365803,,,,1.0
9,hexane_gsolv_eV,194,1.0,0.0,0.6215230989365803,0.6215230989365803,,,,1.0
9,hexane_gsolv_eV,195,1.0,0.0,0.6215230989365803,0.6215230989365803,,,,1.0
9,hexane_gsolv_eV,196,1.0,0.0,0.6215230989365803,0.6215230989365803,,,,1.0
9,hexane_gsolv_eV,197,1.0,0.0,0.6215230989365803,0.6215230989365803,,,,1.0
9,hexane_gsolv_eV,198,1.0,0.0,0.6215230989365803,0.6215230989365803,,,,1.0
9,hexane_gsolv_eV,199,1.0,0.0,0.6215230989365803,0.6215230989365803,,,,1.0
9,hexane_gsolv_eV,200,1.0,0.0,0.6215230989365803,0.6215230989365803,,,,1.0
9,hexane_gsolv_eV,201,1.0,0.0,0.6215230989365803,0.6215230989365803,,,,1.0
9,hexane_gsolv_eV,202,1.0,0.0,0.6215230989365803,0.6215230989365803,,,,1.0
9,hexane_gsolv_eV,203,1.0,0.0,0.6215230989365803,0.6215230989365803,,,,1.0
9,hexane_gsolv_eV,204,1.0,0.0,0.6215230989365803,0.6215230989365803,,,,1.0
9,hexane_gsolv_eV,205,1.0,0.0,0.6215230989365803,0.6215230989365803,,,,1.0
9,hexane_gsolv_eV,206,1.0,0.0,0.6215230989365803,0.6215230989365803,,,,1.0
9,hexane_gsolv_eV,207,1.0,0.0,0.6215230989365803,0.6215230989365803,,,,1.0
9,hexane_gsolv_eV,208,1.0,0.0,0.6215230989365803,0.6215230989365803,,,,1.0
9,hexane_gsolv_eV,209,1.0,0.0,0.6215230989365803,0.6215230989365803,,,,1.0
9,hexane_gsolv_eV,210,1.0,0.0,0.6215230989365803,0.6215230989365803,,,,1.0
9,hexane_gsolv_eV,211,1.0,0.0,0.6215230989365803,0.6215230989365803,,,,1.0
9,hexane_gsolv_eV,212,1.0,0.0,0.6215230989365803,0.6215230989365803,,,,1.0
9,hexane_gsolv_eV,213,1.0,0.0,0.6215230989365803,0.6215230989365803,,,,1.0
9,hexane_gsolv_eV,214,1.0,0.0,0.6215230989365803,0.6215230989365803,,,,1.0
9,hexane_gsolv_eV,215,1.0,0.0,0.6215230989365803,0.6215230989365803,,,,1.0
9,hexane_gsolv_eV,216,1.0,0.0,0.6215230989365803,0.6215230989365803,,,,1.0
9,hexane_gsolv_eV,217,1.0,0.0,0.6215230989365803,0.6215230989365803,,,,1.0
9,hexane_gsolv_eV,218,1.0,0.0,0.6215230989365803,0.6215230989365803,,,,1.0
9,hexane_gsolv_eV,219,1.0,0.0,0.6215230989365803,0.6215230989365803,,,,1.0
9,hexane_gsolv_eV,220,1.0,0.0,0.6215230989365803,0.6215230989365803,,,,1.0
9,hexane_gsolv_eV,221,1.0,0.0,0.6215230989365803,0.6215230989365803,,,,1.0
9,hexane_gsolv_eV,222,1.0,0.0,0.6215230989365803,0.6215230989365803,,,,1.0
9,hexane_gsolv_eV,223,1.0,0.0,0.6215230989365803,0.6215230989365803,,,,1.0
9,hexane_gsolv_eV,224,1.0,0.0,0.6215230989365803,0.6215230989365803,,,,1.0
9,hexane_gsolv_eV,225,1.0,0.0,0.6215230989365803,0.6215230989365803,,,,1.0
9,hexane_gsolv_eV,226,1.0,0.0,0.6215230989365803,0.6215230989365803,,,,1.0
9,hexane_gsolv_eV,227,1.0,0.0,0.6215230989365803,0.6215230989365803,,,,1.0
9,hexane_gsolv_eV,228,1.0,0.0,0.6215230989365803,0.6215230989365803,,,,1.0
9,hexane_gsolv_eV,229,1.0,0.0,0.6215230989365803,0.6215230989365803,,,,1.0
9,hexane_gsolv_eV,230,1.0,0.0,0.6215230989365803,0.6215230989365803,,,,1.0
9,hexane_gsolv_eV,231,1.0,0.0,0.6215230989365803,0.6215230989365803,,,,1.0
9,hexane_gsolv_eV,232,1.0,0.0,0.6215230989365803,0.6215230989365803,,,,1.0
9,hexane_gsolv_eV,233,1.0,0.0,0.6215230989365803,0.6215230989365803,,,,1.0
9,hexane_gsolv_eV,234,1.0,0.0,0.6215230989365803,0.6215230989365803,,,,1.0
9,hexane_gsolv_eV,235,1.0,0.0,0.6215230989365803,0.6215230989365803,,,,1.0
9,hexane_gsolv_eV,236,1.0,0.0,0.6215230989365803,0.6215230989365803,,,,1.0
9,hexane_gsolv_eV,237,1.0,0.0,0.6215230989365803,0.6215230989365803,,,,1.0
9,hexane_gsolv_eV,238,1.0,0.0,0.6215230989365803,0.6215230989365803,,,,1.0
9,hexane_gsolv_eV,239,1.0,0.0,0.6215230989365803,0.6215230989365803,,,,1.0
9,hexane_gsolv_eV,240,1.0,0.0,0.6215230989365803,0.6215230989365803,,,,1.0
9,hexane_gsolv_eV,241,1.0,0.0,0.6215230989365803,0.6215230989365803,,,,1.0
9,hexane_gsolv_eV,242,1.0,0.0,0.6215230989365803,0.6215230989365803,,,,1.0
9,hexane_gsolv_eV,243,1.0,0.0,0.6215230989365803,0.6215230989365803,,,,1.0
9,hexane_gsolv_eV,244,1.0,0.0,0.6215230989365803,0.6215230989365803,,,,1.0
9,hexane_gsolv_eV,245,1.0,0.0,0.6215230989365803,0.6215230989365803,,,,1.0
9,hexane_gsolv_eV,246,1.0,0.0,0.6215230989365803,0.6215230989365803,,,,1.0
9,hexane_gsolv_eV,247,1.0,0.0,0.6215230989365803,0.6215230989365803,,,,1.0
9,hexane_gsolv_eV,248,1.0,0.0,0.6215230989365803,0.6215230989365803,,,,1.0
9,hexane_gsolv_eV,249,1.0,0.0,0.6215230989365803,0.6215230989365803,,,,1.0
9,hexane_hl_gap_eV,0,1.0,0.0,0.6955337556347589,0.6955337556347589,,,,1.0
9,hexane_hl_gap_eV,1,1.0,0.0,0.6955337556347589,0.6955337556347589,,,,1.0
9,hexane_hl_gap_eV,2,1.0,0.0,0.6955337556347589,0.6955337556347589,,,,1.0
9,hexane_hl_gap_eV,3,1.0,0.0,0.6955337556347589,0.6955337556347589,,,,1.0
9,hexane_hl_gap_eV,4,1.0,0.0,0.6955337556347589,0.6955337556347589,,,,1.0
9,hexane_hl_gap_eV,5,1.0,0.0,0.6955337556347589,0.6955337556347589,,,,1.0
9,hexane_hl_gap_eV,6,1.0,0.0,0.6955337556347589,0.6955337556347589,,,,1.0
9,hexane_hl_gap_eV,7,1.0,0.0,0.6955337556347589,0.6955337556347589,,,,1.0
9,hexane_hl_gap_eV,8,1.0,0.0,0.6955337556347589,0.6955337556347589,,,,1.0
9,hexane_hl_gap_eV,9,1.0,0.0,0.6955337556347589,0.6955337556347589,,,,1.0
9,hexane_hl_gap_eV,10,1.0,0.0,0.6955337556347589,0.6955337556347589,,,,1.0
9,hexane_hl_gap_eV,11,1.0,0.0,0.6955337556347589,0.6955337556347589,,,,1.0
9,hexane_hl_gap_eV,12,1.0,0.0,0.6955337556347589,0.6955337556347589,,,,1.0
9,hexane_hl_gap_eV,13,1.0,0.0,0.6955337556347589,0.6955337556347589,,,,1.0
9,hexane_hl_gap_eV,14,1.0,0.0,0.6955337556347589,0.6955337556347589,,,,1.0
9,hexane_hl_gap_eV,15,1.0,0.0,0.6955337556347589,0.6955337556347589,,,,1.0
9,hexane_hl_gap_eV,16,1.0,0.0,0.6955337556347589,0.6955337556347589,,,,1.0
9,hexane_hl_gap_eV,17,1.0,0.0,0.6955337556347589,0.6955337556347589,,,,1.0
9,hexane_hl_gap_eV,18,1.0,0.0,0.6955337556347589,0.6955337556347589,,,,1.0
9,hexane_hl_gap_eV,19,1.0,0.0,0.6955337556347589,0.6955337556347589,,,,1.0
9,hexane_hl_gap_eV,20,1.0,0.0,0.6955337556347589,0.6955337556347589,,,,1.0
9,hexane_hl_gap_eV,21,1.0,0.0,0.6955337556347589,0.6955337556347589,,,,1.0
9,hexane_hl_gap_eV,22,1.0,0.0,0.6955337556347589,0.6955337556347589,,,,1.0
9,hexane_hl_gap_eV,23,1.0,0.0,0.6955337556347589,0.6955337556347589,,,,1.0
9,hexane_hl_gap_eV,24,1.0,0.0,0.6955337556347589,0.6955337556347589,,,,1.0
9,hexane_hl_gap_eV,25,1.0,0.0,0.6955337556347589,0.6955337556347589,,,,1.0
9,hexane_hl_gap_eV,26,1.0,0.0,0.6955337556347589,0.6955337556347589,,,,1.0
9,hexane_hl_gap_eV,27,1.0,0.0,0.6955337556347589,0.6955337556347589,,,,1.0
9,hexane_hl_gap_eV,28,1.0,0.0,0.6955337556347589,0.6955337556347589,,,,1.0
9,hexane_hl_gap_eV,29,1.0,0.0,0.6955337556347589,0.6955337556347589,,,,1.0
9,hexane_hl_gap_eV,30,1.0,0.0,0.6955337556347589,0.6955337556347589,,,,1.0
9,hexane_hl_gap_eV,31,1.0,0.0,0.6955337556347589,0.6955337556347589,,,,1.0
9,hexane_hl_gap_eV,32,1.0,0.0,0.6955337556347589,0.6955337556347589,,,,1.0
9,hexane_hl_gap_eV,33,1.0,0.0,0.6955337556347589,0.6955337556347589,,,,1.0
9,hexane_hl_gap_eV,34,1.0,0.0,0.6955337556347589,0.6955337556347589,,,,1.0
9,hexane_hl_gap_eV,35,1.0,0.0,0.6955337556347589,0.6955337556347589,,,,1.0
9,hexane_hl_gap_eV,36,1.0,0.0,0.6955337556347589,0.6955337556347589,,,,1.0
9,hexane_hl_gap_eV,37,1.0,0.0,0.6955337556347589,0.6955337556347589,,,,1.0
9,hexane_hl_gap_eV,38,1.0,0.0,0.6955337556347589,0.6955337556347589,,,,1.0
9,hexane_hl_gap_eV,39,1.0,0.0,0.6955337556347589,0.6955337556347589,,,,1.0
9,hexane_hl_gap_eV,40,1.0,0.0,0.6955337556347589,0.6955337556347589,,,,1.0
9,hexane_hl_gap_eV,41,1.0,0.0,0.6955337556347589,0.6955337556347589,,,,1.0
9,hexane_hl_gap_eV,42,1.0,0.0,0.6955337556347589,0.6955337556347589,,,,1.0
9,hexane_hl_gap_eV,43,1.0,0.0,0.6955337556347589,0.6955337556347589,,,,1.0
9,hexane_hl_gap_eV,44,1.0,0.0,0.6955337556347589,0.6955337556347589,,,,1.0
9,hexane_hl_gap_eV,45,1.0,0.0,0.6955337556347589,0.6955337556347589,,,,1.0
9,hexane_hl_gap_eV,46,1.0,0.0,0.6955337556347589,0.6955337556347589,,,,1.0
9,hexane_hl_gap_eV,47,1.0,0.0,0.6955337556347589,0.6955337556347589,,,,1.0
9,hexane_hl_gap_eV,48,1.0,0.0,0.6955337556347589,0.6955337556347589,,,,1.0
9,hexane_hl_gap_eV,49,1.0,0.0,0.6955337556347589,0.6955337556347589,,,,1.0
9,hexane_hl_gap_eV,50,1.0,0.0,0.6955337556347589,0.6955337556347589,,,,1.0
9,hexane_hl_gap_eV,51,1.0,0.0,0.6955337556347589,0.6955337556347589,,,,1.0
9,hexane_hl_gap_eV,52,1.0,0.0,0.6955337556347589,0.6955337556347589,,,,1.0
9,hexane_hl_gap_eV,53,1.0,0.0,0.6955337556347589,0.6955337556347589,,,,1.0
9,hexane_hl_gap_eV,54,1.0,0.0,0.6955337556347589,0.6955337556347589,,,,1.0
9,hexane_hl_gap_eV,55,1.0,0.0,0.6955337556347589,0.6955337556347589,,,,1.0
9,hexane_hl_gap_eV,56,1.0,0.0,0.6955337556347589,0.6955337556347589,,,,1.0
9,hexane_hl_gap_eV,57,1.0,0.0,0.6955337556347589,0.6955337556347589,,,,1.0
9,hexane_hl_gap_eV,58,1.0,0.0,0.6955337556347589,0.6955337556347589,,,,1.0
9,hexane_hl_gap_eV,59,1.0,0.0,0.6955337556347589,0.6955337556347589,,,,1.0
9,hexane_hl_gap_eV,60,1.0,0.0,0.6955337556347589,0.6955337556347589,,,,1.0
9,hexane_hl_gap_eV,61,1.0,0.0,0.6955337556347589,0.6955337556347589,,,,1.0
9,hexane_hl_gap_eV,62,1.0,0.0,0.6955337556347589,0.6955337556347589,,,,1.0
9,hexane_hl_gap_eV,63,1.0,0.0,0.6955337556347589,0.6955337556347589,,,,1.0
9,hexane_hl_gap_eV,64,1.0,0.0,0.6955337556347589,0.6955337556347589,,,,1.0
9,hexane_hl_gap_eV,65,1.0,0.0,0.6955337556347589,0.6955337556347589,,,,1.0
9,hexane_hl_gap_eV,66,1.0,0.0,0.6955337556347589,0.6955337556347589,,,,1.0
9,hexane_hl_gap_eV,67,1.0,0.0,0.6955337556347589,0.6955337556347589,,,,1.0
9,hexane_hl_gap_eV,68,1.0,0.0,0.6955337556347589,0.6955337556347589,,,,1.0
9,hexane_hl_gap_eV,69,1.0,0.0,0.6955337556347589,0.6955337556347589,,,,1.0
9,hexane_hl_gap_eV,70,1.0,0.0,0.6955337556347589,0.6955337556347589,,,,1.0
9,hexane_hl_gap_eV,71,1.0,0.0,0.6955337556347589,0.6955337556347589,,,,1.0
9,hexane_hl_gap_eV,72,1.0,0.0,0.6955337556347589,0.6955337556347589,,,,1.0
9,hexane_hl_gap_eV,73,1.0,0.0,0.6955337556347589,0.6955337556347589,,,,1.0
9,hexane_hl_gap_eV,74,1.0,0.0,0.6955337556347589,0.6955337556347589,,,,1.0
9,hexane_hl_gap_eV,75,1.0,0.0,0.6955337556347589,0.6955337556347589,,,,1.0
9,hexane_hl_gap_eV,76,1.0,0.0,0.6955337556347589,0.6955337556347589,,,,1.0
9,hexane_hl_gap_eV,77,1.0,0.0,0.6955337556347589,0.6955337556347589,,,,1.0
9,hexane_hl_gap_eV,78,1.0,0.0,0.6955337556347589,0.6955337556347589,,,,1.0
9,hexane_hl_gap_eV,79,1.0,0.0,0.6955337556347589,0.6955337556347589,,,,1.0
9,hexane_hl_gap_eV,80,1.0,0.0,0.6955337556347589,0.6955337556347589,,,,1.0
9,hexane_hl_gap_eV,81,1.0,0.0,0.6955337556347589,0.6955337556347589,,,,1.0
9,hexane_hl_gap_eV,82,1.0,0.0,0.6955337556347589,0.6955337556347589,,,,1.0
9,hexane_hl_gap_eV,83,1.0,0.0,0.6955337556347589,0.6955337556347589,,,,1.0
9,hexane_hl_gap_eV,84,1.0,0.0,0.6955337556347589,0.6955337556347589,,,,1.0
9,hexane_hl_gap_eV,85,1.0,0.0,0.6955337556347589,0.6955337556347589,,,,1.0
9,hexane_hl_gap_eV,86,1.0,0.0,0.6955337556347589,0.6955337556347589,,,,1.0
9,hexane_hl_gap_eV,87,1.0,0.0,0.6955337556347589,0.6955337556347589,,,,1.0
9,hexane_hl_gap_eV,88,1.0,0.0,0.6955337556347589,0.6955337556347589,,,,1.0
9,hexane_hl_gap_eV,89,1.0,0.0,0.6955337556347589,0.6955337556347589,,,,1.0
9,hexane_hl_gap_eV,90,1.0,0.0,0.6955337556347589,0.6955337556347589,,,,1.0
9,hexane_hl_gap_eV,91,1.0,0.0,0.6955337556347589,0.6955337556347589,,,,1.0
9,hexane_hl_gap_eV,92,1.0,0.0,0.6955337556347589,0.6955337556347589,,,,1.0
9,hexane_hl_gap_eV,93,1.0,0.0,0.6955337556347589,0.6955337556347589,,,,1.0
9,hexane_hl_gap_eV,94,1.0,0.0,0.6955337556347589,0.6955337556347589,,,,1.0
9,hexane_hl_gap_eV,95,1.0,0.0,0.6955337556347589,0.6955337556347589,,,,1.0
9,hexane_hl_gap_eV,96,1.0,0.0,0.6955337556347589,0.6955337556347589,,,,1.0
9,hexane_hl_gap_eV,97,1.0,0.0,0.6955337556347589,0.6955337556347589,,,,1.0
9,hexane_hl_gap_eV,98,1.0,0.0,0.6955337556347589,0.6955337556347589,,,,1.0
9,hexane_hl_gap_eV,99,1.0,0.0,0.6955337556347589,0.6955337556347589,,,,1.0
9,hexane_hl_gap_eV,100,1.0,0.0,0.6955337556347589,0.6955337556347589,,,,1.0
9,hexane_hl_gap_eV,101,1.0,0.0,0.6955337556347589,0.6955337556347589,,,,1.0
9,hexane_hl_gap_eV,102,1.0,0.0,0.6955337556347589,0.6955337556347589,,,,1.0
9,hexane_hl_gap_eV,103,1.0,0.0,0.6955337556347589,0.6955337556347589,,,,1.0
9,hexane_hl_gap_eV,104,1.0,0.0,0.6955337556347589,0.6955337556347589,,,,1.0
9,hexane_hl_gap_eV,105,1.0,0.0,0.6955337556347589,0.6955337556347589,,,,1.0
9,hexane_hl_gap_eV,106,1.0,0.0,0.6955337556347589,0.6955337556347589,,,,1.0
9,hexane_hl_gap_eV,107,1.0,0.0,0.6955337556347589,0.6955337556347589,,,,1.0
9,hexane_hl_gap_eV,108,1.0,0.0,0.6955337556347589,0.6955337556347589,,,,1.0
9,hexane_hl_gap_eV,109,1.0,0.0,0.6955337556347589,0.6955337556347589,,,,1.0
9,hexane_hl_gap_eV,110,1.0,0.0,0.6955337556347589,0.6955337556347589,,,,1.0
9,hexane_hl_gap_eV,111,1.0,0.0,0.6955337556347589,0.6955337556347589,,,,1.0
9,hexane_hl_gap_eV,112,1.0,0.0,0.6955337556347589,0.6955337556347589,,,,1.0
9,hexane_hl_gap_eV,113,1.0,0.0,0.6955337556347589,0.6955337556347589,,,,1.0
9,hexane_hl_gap_eV,114,1.0,0.0,0.6955337556347589,0.6955337556347589,,,,1.0
9,hexane_hl_gap_eV,115,1.0,0.0,0.6955337556347589,0.6955337556347589,,,,1.0
9,hexane_hl_gap_eV,116,1.0,0.0,0.6955337556347589,0.6955337556347589,,,,1.0
9,hexane_hl_gap_eV,117,1.0,0.0,0.6955337556347589,0.6955337556347589,,,,1.0
9,hexane_hl_gap_eV,118,1.0,0.0,0.6955337556347589,0.6955337556347589,,,,1.0
9,hexane_hl_gap_eV,119,1.0,0.0,0.6955337556347589,0.6955337556347589,,,,1.0
9,hexane_hl_gap_eV,120,1.0,0.0,0.6955337556347589,0.6955337556347589,,,,1.0
9,hexane_hl_gap_eV,121,1.0,0.0,0.6955337556347589,0.6955337556347589,,,,1.0
9,hexane_hl_gap_eV,122,1.0,0.0,0.6955337556347589,0.6955337556347589,,,,1.0
9,hexane_hl_gap_eV,123,1.0,0.0,0.6955337556347589,0.6955337556347589,,,,1.0
9,hexane_hl_gap_eV,124,1.0,0.0,0.6955337556347589,0.6955337556347589,,,,1.0
9,hexane_hl_gap_eV,125,1.0,0.0,0.6955337556347589,0.6955337556347589,,,,1.0
9,hexane_hl_gap_eV,126,1.0,0.0,0.6955337556347589,0.6955337556347589,,,,1.0
9,hexane_hl_gap_eV,127,1.0,0.0,0.6955337556347589,0.6955337556347589,,,,1.0
9,hexane_hl_gap_eV,128,1.0,0.0,0.6955337556347589,0.6955337556347589,,,,1.0
9,hexane_hl_gap_eV,129,1.0,0.0,0.6955337556347589,0.6955337556347589,,,,1.0
9,hexane_hl_gap_eV,130,1.0,0.0,0.6955337556347589,0.6955337556347589,,,,1.0
9,hexane_hl_gap_eV,131,1.0,0.0,0.6955337556347589,0.6955337556347589,,,,1.0
9,hexane_hl_gap_eV,132,1.0,0.0,0.6955337556347589,0.6955337556347589,,,,1.0
9,hexane_hl_gap_eV,133,1.0,0.0,0.6955337556347589,0.6955337556347589,,,,1.0
9,hexane_hl_gap_eV,134,1.0,0.0,0.6955337556347589,0.6955337556347589,,,,1.0
9,hexane_hl_gap_eV,135,1.0,0.0,0.6955337556347589,0.6955337556347589,,,,1.0
9,hexane_hl_gap_eV,136,1.0,0.0,0.6955337556347589,0.6955337556347589,,,,1.0
9,hexane_hl_gap_eV,137,1.0,0.0,0.6955337556347589,0.6955337556347589,,,,1.0
9,hexane_hl_gap_eV,138,1.0,0.0,0.6955337556347589,0.6955337556347589,,,,1.0
9,hexane_hl_gap_eV,139,1.0,0.0,0.6955337556347589,0.6955337556347589,,,,1.0
9,hexane_hl_gap_eV,140,1.0,0.0,0.6955337556347589,0.6955337556347589,,,,1.0
9,hexane_hl_gap_eV,141,1.0,0.0,0.6955337556347589,0.6955337556347589,,,,1.0
9,hexane_hl_gap_eV,142,1.0,0.0,0.6955337556347589,0.6955337556347589,,,,1.0
9,hexane_hl_gap_eV,143,1.0,0.0,0.6955337556347589,0.6955337556347589,,,,1.0
9,hexane_hl_gap_eV,144,1.0,0.0,0.6955337556347589,0.6955337556347589,,,,1.0
9,hexane_hl_gap_eV,145,1.0,0.0,0.6955337556347589,0.6955337556347589,,,,1.0
9,hexane_hl_gap_eV,146,1.0,0.0,0.6955337556347589,0.6955337556347589,,,,1.0
9,hexane_hl_gap_eV,147,1.0,0.0,0.6955337556347589,0.6955337556347589,,,,1.0
9,hexane_hl_gap_eV,148,1.0,0.0,0.6955337556347589,0.6955337556347589,,,,1.0
9,hexane_hl_gap_eV,149,1.0,0.0,0.6955337556347589,0.6955337556347589,,,,1.0
9,hexane_hl_gap_eV,150,1.0,0.0,0.6955337556347589,0.6955337556347589,,,,1.0
9,hexane_hl_gap_eV,151,1.0,0.0,0.6955337556347589,0.6955337556347589,,,,1.0
9,hexane_hl_gap_eV,152,1.0,0.0,0.6955337556347589,0.6955337556347589,,,,1.0
9,hexane_hl_gap_eV,153,1.0,0.0,0.6955337556347589,0.6955337556347589,,,,1.0
9,hexane_hl_gap_eV,154,1.0,0.0,0.6955337556347589,0.6955337556347589,,,,1.0
9,hexane_hl_gap_eV,155,1.0,0.0,0.6955337556347589,0.6955337556347589,,,,1.0
9,hexane_hl_gap_eV,156,1.0,0.0,0.6955337556347589,0.6955337556347589,,,,1.0
9,hexane_hl_gap_eV,157,1.0,0.0,0.6955337556347589,0.6955337556347589,,,,1.0
9,hexane_hl_gap_eV,158,1.0,0.0,0.6955337556347589,0.6955337556347589,,,,1.0
9,hexane_hl_gap_eV,159,1.0,0.0,0.6955337556347589,0.6955337556347589,,,,1.0
9,hexane_hl_gap_eV,160,1.0,0.0,0.6955337556347589,0.6955337556347589,,,,1.0
9,hexane_hl_gap_eV,161,1.0,0.0,0.6955337556347589,0.6955337556347589,,,,1.0
9,hexane_hl_gap_eV,162,1.0,0.0,0.6955337556347589,0.6955337556347589,,,,1.0
9,hexane_hl_gap_eV,163,1.0,0.0,0.6955337556347589,0.6955337556347589,,,,1.0
9,hexane_hl_gap_eV,164,1.0,0.0,0.6955337556347589,0.6955337556347589,,,,1.0
9,hexane_hl_gap_eV,165,1.0,0.0,0.6955337556347589,0.6955337556347589,,,,1.0
9,hexane_hl_gap_eV,166,1.0,0.0,0.6955337556347589,0.6955337556347589,,,,1.0
9,hexane_hl_gap_eV,167,1.0,0.0,0.6955337556347589,0.6955337556347589,,,,1.0
9,hexane_hl_gap_eV,168,1.0,0.0,0.6955337556347589,0.6955337556347589,,,,1.0
9,hexane_hl_gap_eV,169,1.0,0.0,0.6955337556347589,0.6955337556347589,,,,1.0
9,hexane_hl_gap_eV,170,1.0,0.0,0.6955337556347589,0.6955337556347589,,,,1.0
9,hexane_hl_gap_eV,171,1.0,0.0,0.6955337556347589,0.6955337556347589,,,,1.0
9,hexane_hl_gap_eV,172,1.0,0.0,0.6955337556347589,0.6955337556347589,,,,1.0
9,hexane_hl_gap_eV,173,1.0,0.0,0.6955337556347589,0.6955337556347589,,,,1.0
9,hexane_hl_gap_eV,174,1.0,0.0,0.6955337556347589,0.6955337556347589,,,,1.0
9,hexane_hl_gap_eV,175,1.0,0.0,0.6955337556347589,0.6955337556347589,,,,1.0
9,hexane_hl_gap_eV,176,1.0,0.0,0.6955337556347589,0.6955337556347589,,,,1.0
9,hexane_hl_gap_eV,177,1.0,0.0,0.6955337556347589,0.6955337556347589,,,,1.0
9,hexane_hl_gap_eV,178,1.0,0.0,0.6955337556347589,0.6955337556347589,,,,1.0
9,hexane_hl_gap_eV,179,1.0,0.0,0.6955337556347589,0.6955337556347589,,,,1.0
9,hexane_hl_gap_eV,180,1.0,0.0,0.6955337556347589,0.6955337556347589,,,,1.0
9,hexane_hl_gap_eV,181,1.0,0.0,0.6955337556347589,0.6955337556347589,,,,1.0
9,hexane_hl_gap_eV,182,1.0,0.0,0.6955337556347589,0.6955337556347589,,,,1.0
9,hexane_hl_gap_eV,183,1.0,0.0,0.6955337556347589,0.6955337556347589,,,,1.0
9,hexane_hl_gap_eV,184,1.0,0.0,0.6955337556347589,0.6955337556347589,,,,1.0
9,hexane_hl_gap_eV,185,1.0,0.0,0.6955337556347589,0.6955337556347589,,,,1.0
9,hexane_hl_gap_eV,186,1.0,0.0,0.6955337556347589,0.6955337556347589,,,,1.0
9,hexane_hl_gap_eV,187,1.0,0.0,0.6955337556347589,0.6955337556347589,,,,1.0
9,hexane_hl_gap_eV,188,1.0,0.0,0.6955337556347589,0.6955337556347589,,,,1.0
9,hexane_hl_gap_eV,189,1.0,0.0,0.6955337556347589,0.6955337556347589,,,,1.0
9,hexane_hl_gap_eV,190,1.0,0.0,0.6955337556347589,0.6955337556347589,,,,1.0
9,hexane_hl_gap_eV,191,1.0,0.0,0.6955337556347589,0.6955337556347589,,,,1.0
9,hexane_hl_gap_eV,192,1.0,0.0,0.6955337556347589,0.6955337556347589,,,,1.0
9,hexane_hl_gap_eV,193,1.0,0.0,0.6955337556347589,0.6955337556347589,,,,1.0
9,hexane_hl_gap_eV,194,1.0,0.0,0.6955337556347589,0.6955337556347589,,,,1.0
9,hexane_hl_gap_eV,195,1.0,0.0,0.6955337556347589,0.6955337556347589,,,,1.0
9,hexane_hl_gap_eV,196,1.0,0.0,0.6955337556347589,0.6955337556347589,,,,1.0
9,hexane_hl_gap_eV,197,1.0,0.0,0.6955337556347589,0.6955337556347589,,,,1.0
9,hexane_hl_gap_eV,198,1.0,0.0,0.6955337556347589,0.6955337556347589,,,,1.0
9,hexane_hl_gap_eV,199,1.0,0.0,0.6955337556347589,0.6955337556347589,,,,1.0
9,hexane_hl_gap_eV,200,1.0,0.0,0.6955337556347589,0.6955337556347589,,,,1.0
9,hexane_hl_gap_eV,201,1.0,0.0,0.6955337556347589,0.6955337556347589,,,,1.0
9,hexane_hl_gap_eV,202,1.0,0.0,0.6955337556347589,0.6955337556347589,,,,1.0
9,hexane_hl_gap_eV,203,1.0,0.0,0.6955337556347589,0.6955337556347589,,,,1.0
9,hexane_hl_gap_eV,204,1.0,0.0,0.6955337556347589,0.6955337556347589,,,,1.0
9,hexane_hl_gap_eV,205,1.0,0.0,0.6955337556347589,0.6955337556347589,,,,1.0
9,hexane_hl_gap_eV,206,1.0,0.0,0.6955337556347589,0.6955337556347589,,,,1.0
9,hexane_hl_gap_eV,207,1.0,0.0,0.6955337556347589,0.6955337556347589,,,,1.0
9,hexane_hl_gap_eV,208,1.0,0.0,0.6955337556347589,0.6955337556347589,,,,1.0
9,hexane_hl_gap_eV,209,1.0,0.0,0.6955337556347589,0.6955337556347589,,,,1.0
9,hexane_hl_gap_eV,210,1.0,0.0,0.6955337556347589,0.6955337556347589,,,,1.0
9,hexane_hl_gap_eV,211,1.0,0.0,0.6955337556347589,0.6955337556347589,,,,1.0
9,hexane_hl_gap_eV,212,1.0,0.0,0.6955337556347589,0.6955337556347589,,,,1.0
9,hexane_hl_gap_eV,213,1.0,0.0,0.6955337556347589,0.6955337556347589,,,,1.0
9,hexane_hl_gap_eV,214,1.0,0.0,0.6955337556347589,0.6955337556347589,,,,1.0
9,hexane_hl_gap_eV,215,1.0,0.0,0.6955337556347589,0.6955337556347589,,,,1.0
9,hexane_hl_gap_eV,216,1.0,0.0,0.6955337556347589,0.6955337556347589,,,,1.0
9,hexane_hl_gap_eV,217,1.0,0.0,0.6955337556347589,0.6955337556347589,,,,1.0
9,hexane_hl_gap_eV,218,1.0,0.0,0.6955337556347589,0.6955337556347589,,,,1.0
9,hexane_hl_gap_eV,219,1.0,0.0,0.6955337556347589,0.6955337556347589,,,,1.0
9,hexane_hl_gap_eV,220,1.0,0.0,0.6955337556347589,0.6955337556347589,,,,1.0
9,hexane_hl_gap_eV,221,1.0,0.0,0.6955337556347589,0.6955337556347589,,,,1.0
9,hexane_hl_gap_eV,222,1.0,0.0,0.6955337556347589,0.6955337556347589,,,,1.0
9,hexane_hl_gap_eV,223,1.0,0.0,0.6955337556347589,0.6955337556347589,,,,1.0
9,hexane_hl_gap_eV,224,1.0,0.0,0.6955337556347589,0.6955337556347589,,,,1.0
9,hexane_hl_gap_eV,225,1.0,0.0,0.6955337556347589,0.6955337556347589,,,,1.0
9,hexane_hl_gap_eV,226,1.0,0.0,0.6955337556347589,0.6955337556347589,,,,1.0
9,hexane_hl_gap_eV,227,1.0,0.0,0.6955337556347589,0.6955337556347589,,,,1.0
9,hexane_hl_gap_eV,228,1.0,0.0,0.6955337556347589,0.6955337556347589,,,,1.0
9,hexane_hl_gap_eV,229,1.0,0.0,0.6955337556347589,0.6955337556347589,,,,1.0
9,hexane_hl_gap_eV,230,1.0,0.0,0.6955337556347589,0.6955337556347589,,,,1.0
9,hexane_hl_gap_eV,231,1.0,0.0,0.6955337556347589,0.6955337556347589,,,,1.0
9,hexane_hl_gap_eV,232,1.0,0.0,0.6955337556347589,0.6955337556347589,,,,1.0
9,hexane_hl_gap_eV,233,1.0,0.0,0.6955337556347589,0.6955337556347589,,,,1.0
9,hexane_hl_gap_eV,234,1.0,0.0,0.6955337556347589,0.6955337556347589,,,,1.0
9,hexane_hl_gap_eV,235,1.0,0.0,0.6955337556347589,0.6955337556347589,,,,1.0
9,hexane_hl_gap_eV,236,1.0,0.0,0.6955337556347589,0.6955337556347589,,,,1.0
9,hexane_hl_gap_eV,237,1.0,0.0,0.6955337556347589,0.6955337556347589,,,,1.0
9,hexane_hl_gap_eV,238,1.0,0.0,0.6955337556347589,0.6955337556347589,,,,1.0
9,hexane_hl_gap_eV,239,1.0,0.0,0.6955337556347589,0.6955337556347589,,,,1.0
9,hexane_hl_gap_eV,240,1.0,0.0,0.6955337556347589,0.6955337556347589,,,,1.0
9,hexane_hl_gap_eV,241,1.0,0.0,0.6955337556347589,0.6955337556347589,,,,1.0
9,hexane_hl_gap_eV,242,1.0,0.0,0.6955337556347589,0.6955337556347589,,,,1.0
9,hexane_hl_gap_eV,243,1.0,0.0,0.6955337556347589,0.6955337556347589,,,,1.0
9,hexane_hl_gap_eV,244,1.0,0.0,0.6955337556347589,0.6955337556347589,,,,1.0
9,hexane_hl_gap_eV,245,1.0,0.0,0.6955337556347589,0.6955337556347589,,,,1.0
9,hexane_hl_gap_eV,246,1.0,0.0,0.6955337556347589,0.6955337556347589,,,,1.0
9,hexane_hl_gap_eV,247,1.0,0.0,0.6955337556347589,0.6955337556347589,,,,1.0
9,hexane_hl_gap_eV,248,1.0,0.0,0.6955337556347589,0.6955337556347589,,,,1.0
9,hexane_hl_gap_eV,249,1.0,0.0,0.6955337556347589,0.6955337556347589,,,,1.0
9,hexane_dipole,0,1.0000001192092896,0.0,0.616520882581385,0.616520882581385,,,,1.0
9,hexane_dipole,1,1.0000001192092896,0.0,0.616520882581385,0.616520882581385,,,,1.0
9,hexane_dipole,2,1.0000001192092896,0.0,0.616520882581385,0.616520882581385,,,,1.0
9,hexane_dipole,3,1.0000001192092896,0.0,0.616520882581385,0.616520882581385,,,,1.0
9,hexane_dipole,4,1.0000001192092896,0.0,0.616520882581385,0.616520882581385,,,,1.0
9,hexane_dipole,5,1.0000001192092896,0.0,0.616520882581385,0.616520882581385,,,,1.0
9,hexane_dipole,6,1.0000001192092896,0.0,0.616520882581385,0.616520882581385,,,,1.0
9,hexane_dipole,7,1.0000001192092896,0.0,0.616520882581385,0.616520882581385,,,,1.0
9,hexane_dipole,8,1.0000001192092896,0.0,0.616520882581385,0.616520882581385,,,,1.0
9,hexane_dipole,9,1.0000001192092896,0.0,0.616520882581385,0.616520882581385,,,,1.0
9,hexane_dipole,10,1.0000001192092896,0.0,0.616520882581385,0.616520882581385,,,,1.0
9,hexane_dipole,11,1.0000001192092896,0.0,0.616520882581385,0.616520882581385,,,,1.0
9,hexane_dipole,12,1.0000001192092896,0.0,0.616520882581385,0.616520882581385,,,,1.0
9,hexane_dipole,13,1.0000001192092896,0.0,0.616520882581385,0.616520882581385,,,,1.0
9,hexane_dipole,14,1.0000001192092896,0.0,0.616520882581385,0.616520882581385,,,,1.0
9,hexane_dipole,15,1.0000001192092896,0.0,0.616520882581385,0.616520882581385,,,,1.0
9,hexane_dipole,16,1.0000001192092896,0.0,0.616520882581385,0.616520882581385,,,,1.0
9,hexane_dipole,17,1.0000001192092896,0.0,0.616520882581385,0.616520882581385,,,,1.0
9,hexane_dipole,18,1.0000001192092896,0.0,0.616520882581385,0.616520882581385,,,,1.0
9,hexane_dipole,19,1.0000001192092896,0.0,0.616520882581385,0.616520882581385,,,,1.0
9,hexane_dipole,20,1.0000001192092896,0.0,0.616520882581385,0.616520882581385,,,,1.0
9,hexane_dipole,21,1.0000001192092896,0.0,0.616520882581385,0.616520882581385,,,,1.0
9,hexane_dipole,22,1.0000001192092896,0.0,0.616520882581385,0.616520882581385,,,,1.0
9,hexane_dipole,23,1.0000001192092896,0.0,0.616520882581385,0.616520882581385,,,,1.0
9,hexane_dipole,24,1.0000001192092896,0.0,0.616520882581385,0.616520882581385,,,,1.0
9,hexane_dipole,25,1.0000001192092896,0.0,0.616520882581385,0.616520882581385,,,,1.0
9,hexane_dipole,26,1.0000001192092896,0.0,0.616520882581385,0.616520882581385,,,,1.0
9,hexane_dipole,27,1.0000001192092896,0.0,0.616520882581385,0.616520882581385,,,,1.0
9,hexane_dipole,28,1.0000001192092896,0.0,0.616520882581385,0.616520882581385,,,,1.0
9,hexane_dipole,29,1.0000001192092896,0.0,0.616520882581385,0.616520882581385,,,,1.0
9,hexane_dipole,30,1.0000001192092896,0.0,0.616520882581385,0.616520882581385,,,,1.0
9,hexane_dipole,31,1.0000001192092896,0.0,0.616520882581385,0.616520882581385,,,,1.0
9,hexane_dipole,32,1.0000001192092896,0.0,0.616520882581385,0.616520882581385,,,,1.0
9,hexane_dipole,33,1.0000001192092896,0.0,0.616520882581385,0.616520882581385,,,,1.0
9,hexane_dipole,34,1.0000001192092896,0.0,0.616520882581385,0.616520882581385,,,,1.0
9,hexane_dipole,35,1.0000001192092896,0.0,0.616520882581385,0.616520882581385,,,,1.0
9,hexane_dipole,36,1.0000001192092896,0.0,0.616520882581385,0.616520882581385,,,,1.0
9,hexane_dipole,37,1.0000001192092896,0.0,0.616520882581385,0.616520882581385,,,,1.0
9,hexane_dipole,38,1.0000001192092896,0.0,0.616520882581385,0.616520882581385,,,,1.0
9,hexane_dipole,39,1.0000001192092896,0.0,0.616520882581385,0.616520882581385,,,,1.0
9,hexane_dipole,40,1.0000001192092896,0.0,0.616520882581385,0.616520882581385,,,,1.0
9,hexane_dipole,41,1.0000001192092896,0.0,0.616520882581385,0.616520882581385,,,,1.0
9,hexane_dipole,42,1.0000001192092896,0.0,0.616520882581385,0.616520882581385,,,,1.0
9,hexane_dipole,43,1.0000001192092896,0.0,0.616520882581385,0.616520882581385,,,,1.0
9,hexane_dipole,44,1.0000001192092896,0.0,0.616520882581385,0.616520882581385,,,,1.0
9,hexane_dipole,45,1.0000001192092896,0.0,0.616520882581385,0.616520882581385,,,,1.0
9,hexane_dipole,46,1.0000001192092896,0.0,0.616520882581385,0.616520882581385,,,,1.0
9,hexane_dipole,47,1.0000001192092896,0.0,0.616520882581385,0.616520882581385,,,,1.0
9,hexane_dipole,48,1.0000001192092896,0.0,0.616520882581385,0.616520882581385,,,,1.0
9,hexane_dipole,49,1.0000001192092896,0.0,0.616520882581385,0.616520882581385,,,,1.0
9,hexane_dipole,50,1.0000001192092896,0.0,0.616520882581385,0.616520882581385,,,,1.0
9,hexane_dipole,51,1.0000001192092896,0.0,0.616520882581385,0.616520882581385,,,,1.0
9,hexane_dipole,52,1.0000001192092896,0.0,0.616520882581385,0.616520882581385,,,,1.0
9,hexane_dipole,53,1.0000001192092896,0.0,0.616520882581385,0.616520882581385,,,,1.0
9,hexane_dipole,54,1.0000001192092896,0.0,0.616520882581385,0.616520882581385,,,,1.0
9,hexane_dipole,55,1.0000001192092896,0.0,0.616520882581385,0.616520882581385,,,,1.0
9,hexane_dipole,56,1.0000001192092896,0.0,0.616520882581385,0.616520882581385,,,,1.0
9,hexane_dipole,57,1.0000001192092896,0.0,0.616520882581385,0.616520882581385,,,,1.0
9,hexane_dipole,58,1.0000001192092896,0.0,0.616520882581385,0.616520882581385,,,,1.0
9,hexane_dipole,59,1.0000001192092896,0.0,0.616520882581385,0.616520882581385,,,,1.0
9,hexane_dipole,60,1.0000001192092896,0.0,0.616520882581385,0.616520882581385,,,,1.0
9,hexane_dipole,61,1.0000001192092896,0.0,0.616520882581385,0.616520882581385,,,,1.0
9,hexane_dipole,62,1.0000001192092896,0.0,0.616520882581385,0.616520882581385,,,,1.0
9,hexane_dipole,63,1.0000001192092896,0.0,0.616520882581385,0.616520882581385,,,,1.0
9,hexane_dipole,64,1.0000001192092896,0.0,0.616520882581385,0.616520882581385,,,,1.0
9,hexane_dipole,65,1.0000001192092896,0.0,0.616520882581385,0.616520882581385,,,,1.0
9,hexane_dipole,66,1.0000001192092896,0.0,0.616520882581385,0.616520882581385,,,,1.0
9,hexane_dipole,67,1.0000001192092896,0.0,0.616520882581385,0.616520882581385,,,,1.0
9,hexane_dipole,68,1.0000001192092896,0.0,0.616520882581385,0.616520882581385,,,,1.0
9,hexane_dipole,69,1.0000001192092896,0.0,0.616520882581385,0.616520882581385,,,,1.0
9,hexane_dipole,70,1.0000001192092896,0.0,0.616520882581385,0.616520882581385,,,,1.0
9,hexane_dipole,71,1.0000001192092896,0.0,0.616520882581385,0.616520882581385,,,,1.0
9,hexane_dipole,72,1.0000001192092896,0.0,0.616520882581385,0.616520882581385,,,,1.0
9,hexane_dipole,73,1.0000001192092896,0.0,0.616520882581385,0.616520882581385,,,,1.0
9,hexane_dipole,74,1.0000001192092896,0.0,0.616520882581385,0.616520882581385,,,,1.0
9,hexane_dipole,75,1.0000001192092896,0.0,0.616520882581385,0.616520882581385,,,,1.0
9,hexane_dipole,76,1.0000001192092896,0.0,0.616520882581385,0.616520882581385,,,,1.0
9,hexane_dipole,77,1.0000001192092896,0.0,0.616520882581385,0.616520882581385,,,,1.0
9,hexane_dipole,78,1.0000001192092896,0.0,0.616520882581385,0.616520882581385,,,,1.0
9,hexane_dipole,79,1.0000001192092896,0.0,0.616520882581385,0.616520882581385,,,,1.0
9,hexane_dipole,80,1.0000001192092896,0.0,0.616520882581385,0.616520882581385,,,,1.0
9,hexane_dipole,81,1.0000001192092896,0.0,0.616520882581385,0.616520882581385,,,,1.0
9,hexane_dipole,82,1.0000001192092896,0.0,0.616520882581385,0.616520882581385,,,,1.0
9,hexane_dipole,83,1.0000001192092896,0.0,0.616520882581385,0.616520882581385,,,,1.0
9,hexane_dipole,84,1.0000001192092896,0.0,0.616520882581385,0.616520882581385,,,,1.0
9,hexane_dipole,85,1.0000001192092896,0.0,0.616520882581385,0.616520882581385,,,,1.0
9,hexane_dipole,86,1.0000001192092896,0.0,0.616520882581385,0.616520882581385,,,,1.0
9,hexane_dipole,87,1.0000001192092896,0.0,0.616520882581385,0.616520882581385,,,,1.0
9,hexane_dipole,88,1.0000001192092896,0.0,0.616520882581385,0.616520882581385,,,,1.0
9,hexane_dipole,89,1.0000001192092896,0.0,0.616520882581385,0.616520882581385,,,,1.0
9,hexane_dipole,90,1.0000001192092896,0.0,0.616520882581385,0.616520882581385,,,,1.0
9,hexane_dipole,91,1.0000001192092896,0.0,0.616520882581385,0.616520882581385,,,,1.0
9,hexane_dipole,92,1.0000001192092896,0.0,0.616520882581385,0.616520882581385,,,,1.0
9,hexane_dipole,93,1.0000001192092896,0.0,0.616520882581385,0.616520882581385,,,,1.0
9,hexane_dipole,94,1.0000001192092896,0.0,0.616520882581385,0.616520882581385,,,,1.0
9,hexane_dipole,95,1.0000001192092896,0.0,0.616520882581385,0.616520882581385,,,,1.0
9,hexane_dipole,96,1.0000001192092896,0.0,0.616520882581385,0.616520882581385,,,,1.0
9,hexane_dipole,97,1.0000001192092896,0.0,0.616520882581385,0.616520882581385,,,,1.0
9,hexane_dipole,98,1.0000001192092896,0.0,0.616520882581385,0.616520882581385,,,,1.0
9,hexane_dipole,99,1.0000001192092896,0.0,0.616520882581385,0.616520882581385,,,,1.0
9,hexane_dipole,100,1.0000001192092896,0.0,0.616520882581385,0.616520882581385,,,,1.0
9,hexane_dipole,101,1.0000001192092896,0.0,0.616520882581385,0.616520882581385,,,,1.0
9,hexane_dipole,102,1.0000001192092896,0.0,0.616520882581385,0.616520882581385,,,,1.0
9,hexane_dipole,103,1.0000001192092896,0.0,0.616520882581385,0.616520882581385,,,,1.0
9,hexane_dipole,104,1.0000001192092896,0.0,0.616520882581385,0.616520882581385,,,,1.0
9,hexane_dipole,105,1.0000001192092896,0.0,0.616520882581385,0.616520882581385,,,,1.0
9,hexane_dipole,106,1.0000001192092896,0.0,0.616520882581385,0.616520882581385,,,,1.0
9,hexane_dipole,107,1.0000001192092896,0.0,0.616520882581385,0.616520882581385,,,,1.0
9,hexane_dipole,108,1.0000001192092896,0.0,0.616520882581385,0.616520882581385,,,,1.0
9,hexane_dipole,109,1.0000001192092896,0.0,0.616520882581385,0.616520882581385,,,,1.0
9,hexane_dipole,110,1.0000001192092896,0.0,0.616520882581385,0.616520882581385,,,,1.0
9,hexane_dipole,111,1.0000001192092896,0.0,0.616520882581385,0.616520882581385,,,,1.0
9,hexane_dipole,112,1.0000001192092896,0.0,0.616520882581385,0.616520882581385,,,,1.0
9,hexane_dipole,113,1.0000001192092896,0.0,0.616520882581385,0.616520882581385,,,,1.0
9,hexane_dipole,114,1.0000001192092896,0.0,0.616520882581385,0.616520882581385,,,,1.0
9,hexane_dipole,115,1.0000001192092896,0.0,0.616520882581385,0.616520882581385,,,,1.0
9,hexane_dipole,116,1.0000001192092896,0.0,0.616520882581385,0.616520882581385,,,,1.0
9,hexane_dipole,117,1.0000001192092896,0.0,0.616520882581385,0.616520882581385,,,,1.0
9,hexane_dipole,118,1.0000001192092896,0.0,0.616520882581385,0.616520882581385,,,,1.0
9,hexane_dipole,119,1.0000001192092896,0.0,0.616520882581385,0.616520882581385,,,,1.0
9,hexane_dipole,120,1.0000001192092896,0.0,0.616520882581385,0.616520882581385,,,,1.0
9,hexane_dipole,121,1.0000001192092896,0.0,0.616520882581385,0.616520882581385,,,,1.0
9,hexane_dipole,122,1.0000001192092896,0.0,0.616520882581385,0.616520882581385,,,,1.0
9,hexane_dipole,123,1.0000001192092896,0.0,0.616520882581385,0.616520882581385,,,,1.0
9,hexane_dipole,124,1.0000001192092896,0.0,0.616520882581385,0.616520882581385,,,,1.0
9,hexane_dipole,125,1.0000001192092896,0.0,0.616520882581385,0.616520882581385,,,,1.0
9,hexane_dipole,126,1.0000001192092896,0.0,0.616520882581385,0.616520882581385,,,,1.0
9,hexane_dipole,127,1.0000001192092896,0.0,0.616520882581385,0.616520882581385,,,,1.0
9,hexane_dipole,128,1.0000001192092896,0.0,0.616520882581385,0.616520882581385,,,,1.0
9,hexane_dipole,129,1.0000001192092896,0.0,0.616520882581385,0.616520882581385,,,,1.0
9,hexane_dipole,130,1.0000001192092896,0.0,0.616520882581385,0.616520882581385,,,,1.0
9,hexane_dipole,131,1.0000001192092896,0.0,0.616520882581385,0.616520882581385,,,,1.0
9,hexane_dipole,132,1.0000001192092896,0.0,0.616520882581385,0.616520882581385,,,,1.0
9,hexane_dipole,133,1.0000001192092896,0.0,0.616520882581385,0.616520882581385,,,,1.0
9,hexane_dipole,134,1.0000001192092896,0.0,0.616520882581385,0.616520882581385,,,,1.0
9,hexane_dipole,135,1.0000001192092896,0.0,0.616520882581385,0.616520882581385,,,,1.0
9,hexane_dipole,136,1.0000001192092896,0.0,0.616520882581385,0.616520882581385,,,,1.0
9,hexane_dipole,137,1.0000001192092896,0.0,0.616520882581385,0.616520882581385,,,,1.0
9,hexane_dipole,138,1.0000001192092896,0.0,0.616520882581385,0.616520882581385,,,,1.0
9,hexane_dipole,139,1.0000001192092896,0.0,0.616520882581385,0.616520882581385,,,,1.0
9,hexane_dipole,140,1.0000001192092896,0.0,0.616520882581385,0.616520882581385,,,,1.0
9,hexane_dipole,141,1.0000001192092896,0.0,0.616520882581385,0.616520882581385,,,,1.0
9,hexane_dipole,142,1.0000001192092896,0.0,0.616520882581385,0.616520882581385,,,,1.0
9,hexane_dipole,143,1.0000001192092896,0.0,0.616520882581385,0.616520882581385,,,,1.0
9,hexane_dipole,144,1.0000001192092896,0.0,0.616520882581385,0.616520882581385,,,,1.0
9,hexane_dipole,145,1.0000001192092896,0.0,0.616520882581385,0.616520882581385,,,,1.0
9,hexane_dipole,146,1.0000001192092896,0.0,0.616520882581385,0.616520882581385,,,,1.0
9,hexane_dipole,147,1.0000001192092896,0.0,0.616520882581385,0.616520882581385,,,,1.0
9,hexane_dipole,148,1.0000001192092896,0.0,0.616520882581385,0.616520882581385,,,,1.0
9,hexane_dipole,149,1.0000001192092896,0.0,0.616520882581385,0.616520882581385,,,,1.0
9,hexane_dipole,150,1.0000001192092896,0.0,0.616520882581385,0.616520882581385,,,,1.0
9,hexane_dipole,151,1.0000001192092896,0.0,0.616520882581385,0.616520882581385,,,,1.0
9,hexane_dipole,152,1.0000001192092896,0.0,0.616520882581385,0.616520882581385,,,,1.0
9,hexane_dipole,153,1.0000001192092896,0.0,0.616520882581385,0.616520882581385,,,,1.0
9,hexane_dipole,154,1.0000001192092896,0.0,0.616520882581385,0.616520882581385,,,,1.0
9,hexane_dipole,155,1.0000001192092896,0.0,0.616520882581385,0.616520882581385,,,,1.0
9,hexane_dipole,156,1.0000001192092896,0.0,0.616520882581385,0.616520882581385,,,,1.0
9,hexane_dipole,157,1.0000001192092896,0.0,0.616520882581385,0.616520882581385,,,,1.0
9,hexane_dipole,158,1.0000001192092896,0.0,0.616520882581385,0.616520882581385,,,,1.0
9,hexane_dipole,159,1.0000001192092896,0.0,0.616520882581385,0.616520882581385,,,,1.0
9,hexane_dipole,160,1.0000001192092896,0.0,0.616520882581385,0.616520882581385,,,,1.0
9,hexane_dipole,161,1.0000001192092896,0.0,0.616520882581385,0.616520882581385,,,,1.0
9,hexane_dipole,162,1.0000001192092896,0.0,0.616520882581385,0.616520882581385,,,,1.0
9,hexane_dipole,163,1.0000001192092896,0.0,0.616520882581385,0.616520882581385,,,,1.0
9,hexane_dipole,164,1.0000001192092896,0.0,0.616520882581385,0.616520882581385,,,,1.0
9,hexane_dipole,165,1.0000001192092896,0.0,0.616520882581385,0.616520882581385,,,,1.0
9,hexane_dipole,166,1.0000001192092896,0.0,0.616520882581385,0.616520882581385,,,,1.0
9,hexane_dipole,167,1.0000001192092896,0.0,0.616520882581385,0.616520882581385,,,,1.0
9,hexane_dipole,168,1.0000001192092896,0.0,0.616520882581385,0.616520882581385,,,,1.0
9,hexane_dipole,169,1.0000001192092896,0.0,0.616520882581385,0.616520882581385,,,,1.0
9,hexane_dipole,170,1.0000001192092896,0.0,0.616520882581385,0.616520882581385,,,,1.0
9,hexane_dipole,171,1.0000001192092896,0.0,0.616520882581385,0.616520882581385,,,,1.0
9,hexane_dipole,172,1.0000001192092896,0.0,0.616520882581385,0.616520882581385,,,,1.0
9,hexane_dipole,173,1.0000001192092896,0.0,0.616520882581385,0.616520882581385,,,,1.0
9,hexane_dipole,174,1.0000001192092896,0.0,0.616520882581385,0.616520882581385,,,,1.0
9,hexane_dipole,175,1.0000001192092896,0.0,0.616520882581385,0.616520882581385,,,,1.0
9,hexane_dipole,176,1.0000001192092896,0.0,0.616520882581385,0.616520882581385,,,,1.0
9,hexane_dipole,177,1.0000001192092896,0.0,0.616520882581385,0.616520882581385,,,,1.0
9,hexane_dipole,178,1.0000001192092896,0.0,0.616520882581385,0.616520882581385,,,,1.0
9,hexane_dipole,179,1.0000001192092896,0.0,0.616520882581385,0.616520882581385,,,,1.0
9,hexane_dipole,180,1.0000001192092896,0.0,0.616520882581385,0.616520882581385,,,,1.0
9,hexane_dipole,181,1.0000001192092896,0.0,0.616520882581385,0.616520882581385,,,,1.0
9,hexane_dipole,182,1.0000001192092896,0.0,0.616520882581385,0.616520882581385,,,,1.0
9,hexane_dipole,183,1.0000001192092896,0.0,0.616520882581385,0.616520882581385,,,,1.0
9,hexane_dipole,184,1.0000001192092896,0.0,0.616520882581385,0.616520882581385,,,,1.0
9,hexane_dipole,185,1.0000001192092896,0.0,0.616520882581385,0.616520882581385,,,,1.0
9,hexane_dipole,186,1.0000001192092896,0.0,0.616520882581385,0.616520882581385,,,,1.0
9,hexane_dipole,187,1.0000001192092896,0.0,0.616520882581385,0.616520882581385,,,,1.0
9,hexane_dipole,188,1.0000001192092896,0.0,0.616520882581385,0.616520882581385,,,,1.0
9,hexane_dipole,189,1.0000001192092896,0.0,0.616520882581385,0.616520882581385,,,,1.0
9,hexane_dipole,190,1.0000001192092896,0.0,0.616520882581385,0.616520882581385,,,,1.0
9,hexane_dipole,191,1.0000001192092896,0.0,0.616520882581385,0.616520882581385,,,,1.0
9,hexane_dipole,192,1.0000001192092896,0.0,0.616520882581385,0.616520882581385,,,,1.0
9,hexane_dipole,193,1.0000001192092896,0.0,0.616520882581385,0.616520882581385,,,,1.0
9,hexane_dipole,194,1.0000001192092896,0.0,0.616520882581385,0.616520882581385,,,,1.0
9,hexane_dipole,195,1.0000001192092896,0.0,0.616520882581385,0.616520882581385,,,,1.0
9,hexane_dipole,196,1.0000001192092896,0.0,0.616520882581385,0.616520882581385,,,,1.0
9,hexane_dipole,197,1.0000001192092896,0.0,0.616520882581385,0.616520882581385,,,,1.0
9,hexane_dipole,198,1.0000001192092896,0.0,0.616520882581385,0.616520882581385,,,,1.0
9,hexane_dipole,199,1.0000001192092896,0.0,0.616520882581385,0.616520882581385,,,,1.0
9,hexane_dipole,200,1.0000001192092896,0.0,0.616520882581385,0.616520882581385,,,,1.0
9,hexane_dipole,201,1.0000001192092896,0.0,0.616520882581385,0.616520882581385,,,,1.0
9,hexane_dipole,202,1.0000001192092896,0.0,0.616520882581385,0.616520882581385,,,,1.0
9,hexane_dipole,203,1.0000001192092896,0.0,0.616520882581385,0.616520882581385,,,,1.0
9,hexane_dipole,204,1.0000001192092896,0.0,0.616520882581385,0.616520882581385,,,,1.0
9,hexane_dipole,205,1.0000001192092896,0.0,0.616520882581385,0.616520882581385,,,,1.0
9,hexane_dipole,206,1.0000001192092896,0.0,0.616520882581385,0.616520882581385,,,,1.0
9,hexane_dipole,207,1.0000001192092896,0.0,0.616520882581385,0.616520882581385,,,,1.0
9,hexane_dipole,208,1.0000001192092896,0.0,0.616520882581385,0.616520882581385,,,,1.0
9,hexane_dipole,209,1.0000001192092896,0.0,0.616520882581385,0.616520882581385,,,,1.0
9,hexane_dipole,210,1.0000001192092896,0.0,0.616520882581385,0.616520882581385,,,,1.0
9,hexane_dipole,211,1.0000001192092896,0.0,0.616520882581385,0.616520882581385,,,,1.0
9,hexane_dipole,212,1.0000001192092896,0.0,0.616520882581385,0.616520882581385,,,,1.0
9,hexane_dipole,213,1.0000001192092896,0.0,0.616520882581385,0.616520882581385,,,,1.0
9,hexane_dipole,214,1.0000001192092896,0.0,0.616520882581385,0.616520882581385,,,,1.0
9,hexane_dipole,215,1.0000001192092896,0.0,0.616520882581385,0.616520882581385,,,,1.0
9,hexane_dipole,216,1.0000001192092896,0.0,0.616520882581385,0.616520882581385,,,,1.0
9,hexane_dipole,217,1.0000001192092896,0.0,0.616520882581385,0.616520882581385,,,,1.0
9,hexane_dipole,218,1.0000001192092896,0.0,0.616520882581385,0.616520882581385,,,,1.0
9,hexane_dipole,219,1.0000001192092896,0.0,0.616520882581385,0.616520882581385,,,,1.0
9,hexane_dipole,220,1.0000001192092896,0.0,0.616520882581385,0.616520882581385,,,,1.0
9,hexane_dipole,221,1.0000001192092896,0.0,0.616520882581385,0.616520882581385,,,,1.0
9,hexane_dipole,222,1.0000001192092896,0.0,0.616520882581385,0.616520882581385,,,,1.0
9,hexane_dipole,223,1.0000001192092896,0.0,0.616520882581385,0.616520882581385,,,,1.0
9,hexane_dipole,224,1.0000001192092896,0.0,0.616520882581385,0.616520882581385,,,,1.0
9,hexane_dipole,225,1.0000001192092896,0.0,0.616520882581385,0.616520882581385,,,,1.0
9,hexane_dipole,226,1.0000001192092896,0.0,0.616520882581385,0.616520882581385,,,,1.0
9,hexane_dipole,227,1.0000001192092896,0.0,0.616520882581385,0.616520882581385,,,,1.0
9,hexane_dipole,228,1.0000001192092896,0.0,0.616520882581385,0.616520882581385,,,,1.0
9,hexane_dipole,229,1.0000001192092896,0.0,0.616520882581385,0.616520882581385,,,,1.0
9,hexane_dipole,230,1.0000001192092896,0.0,0.616520882581385,0.616520882581385,,,,1.0
9,hexane_dipole,231,1.0000001192092896,0.0,0.616520882581385,0.616520882581385,,,,1.0
9,hexane_dipole,232,1.0000001192092896,0.0,0.616520882581385,0.616520882581385,,,,1.0
9,hexane_dipole,233,1.0000001192092896,0.0,0.616520882581385,0.616520882581385,,,,1.0
9,hexane_dipole,234,1.0000001192092896,0.0,0.616520882581385,0.616520882581385,,,,1.0
9,hexane_dipole,235,1.0000001192092896,0.0,0.616520882581385,0.616520882581385,,,,1.0
9,hexane_dipole,236,1.0000001192092896,0.0,0.616520882581385,0.616520882581385,,,,1.0
9,hexane_dipole,237,1.0000001192092896,0.0,0.616520882581385,0.616520882581385,,,,1.0
9,hexane_dipole,238,1.0000001192092896,0.0,0.616520882581385,0.616520882581385,,,,1.0
9,hexane_dipole,239,1.0000001192092896,0.0,0.616520882581385,0.616520882581385,,,,1.0
9,hexane_dipole,240,1.0000001192092896,0.0,0.616520882581385,0.616520882581385,,,,1.0
9,hexane_dipole,241,1.0000001192092896,0.0,0.616520882581385,0.616520882581385,,,,1.0
9,hexane_dipole,242,1.0000001192092896,0.0,0.616520882581385,0.616520882581385,,,,1.0
9,hexane_dipole,243,1.0000001192092896,0.0,0.616520882581385,0.616520882581385,,,,1.0
9,hexane_dipole,244,1.0000001192092896,0.0,0.616520882581385,0.616520882581385,,,,1.0
9,hexane_dipole,245,1.0000001192092896,0.0,0.616520882581385,0.616520882581385,,,,1.0
9,hexane_dipole,246,1.0000001192092896,0.0,0.616520882581385,0.616520882581385,,,,1.0
9,hexane_dipole,247,1.0000001192092896,0.0,0.616520882581385,0.616520882581385,,,,1.0
9,hexane_dipole,248,1.0000001192092896,0.0,0.616520882581385,0.616520882581385,,,,1.0
9,hexane_dipole,249,1.0000001192092896,0.0,0.616520882581385,0.616520882581385,,,,1.0
10,sco_kcal,0,0.07112438976764679,0.14948908984661102,0.6189399825024033,0.9292267446806934,26.71698760986328,1.1643729209899902,0.04358174424425496,0.02
10,sco_kcal,1,0.19022896885871887,0.01296963356435299,0.6395530591845211,0.9551949681223442,2.5645768642425537,0.22973527014255524,0.08958018507681087,0.08
10,sco_kcal,2,0.09430895745754242,0.020030943676829338,0.612626966422197,0.9602169493720372,3.5275933742523193,0.05899777635931969,0.016724653354306854,0.08
10,sco_kcal,3,0.45116251707077026,0.005199179984629154,0.6420577931379603,0.9475265198418334,1.0287243127822876,0.4067566692829132,0.39539910180872384,0.22
10,sco_kcal,4,0.6007839441299438,0.015233810991048813,0.6365851693656495,0.9174559401150684,2.9038236141204834,1.3473162651062012,0.4639800635805076,0.38
10,sco_kcal,5,0.09299738705158234,0.03712020069360733,0.6310683544207372,0.9634515007640851,6.962850093841553,0.1110679879784584,0.01595151216549886,0.02
10,sco_kcal,6,0.20499473810195923,0.014879853464663029,0.6339309919311575,0.9420934252242026,2.8907766342163086,0.5431417226791382,0.18788782095797735,0.04
10,sco_kcal,7,0.07721979171037674,0.03531120344996452,0.600942273099381,0.9551786147940824,6.113297462463379,0.1782105267047882,0.029151293193081025,0.02
10,sco_kcal,8,0.07358473539352417,0.06883895397186279,0.605757875316691,0.9529985580430709,12.514328002929688,0.10587972402572632,0.008460679950288914,0.04
10,sco_kcal,9,0.046665534377098083,0.11896984279155731,0.6211028935234535,0.9282250834328254,22.247411727905273,0.4782131314277649,0.021495225479552516,0.02
10,sco_kcal,10,0.29733937978744507,0.0292233694344759,0.6447322900417061,0.9453369634573083,5.658332347869873,1.6333808898925781,0.28866824878313807,0.08
10,sco_kcal,11,0.1904629021883011,0.056548990309238434,0.6349139240478281,0.9598203246186505,10.84943962097168,0.07919955998659134,0.00729987563906072,0.16
10,sco_kcal,12,0.3932846486568451,0.025735177099704742,0.6361695510507037,0.9060788270771385,4.909186840057373,1.9326567649841309,0.3936816478880531,0.14
10,sco_kcal,13,0.44026124477386475,0.02185065858066082,0.6456546397481537,0.95804330117004,4.365296840667725,0.8915602564811707,0.2042381741775883,0.28
10,sco_kcal,14,0.09817707538604736,0.14207816123962402,0.6138223343965805,0.9253004550289639,26.123390197753906,2.3642983436584473,0.09050503498055662,0.0
10,sco_kcal,15,0.49889427423477173,0.016304420307278633,0.6470882256268198,0.9249699978742612,3.0408935546875,1.653865933418274,0.5438749840055598,0.34
10,sco_kcal,16,0.18213523924350739,0.02306041680276394,0.6534328425239357,0.9650238587526563,4.377574920654297,0.15643158555030823,0.03573475917276296,0.06
10,sco_kcal,17,0.41367343068122864,0.010898259468376637,0.6352331141794925,0.9557388533986422,2.1446874141693115,0.5053355693817139,0.23562201467827532,0.28
10,sco_kcal,18,0.09064684808254242,0.01855689287185669,0.6197558010883906,0.9646301569747235,3.575340747833252,0.1008894219994545,0.028218127757639905,0.0
10,sco_kcal,19,0.18261253833770752,0.062499985098838806,0.6268793412910558,0.9159716245529679,12.34260082244873,1.8337196111679077,0.14856833154911217,0.14
10,sco_kcal,20,0.5405800938606262,0.013710410334169865,0.6298152216959054,0.9268518904195568,2.475700616836548,1.4014712572097778,0.5660907654498947,0.52
10,sco_kcal,21,0.06023893505334854,0.011377595365047455,0.6365837785748552,0.9548237108290041,2.223001718521118,0.1360262781381607,0.061190361215129434,0.06
10,sco_kcal,22,0.8638316988945007,0.00795755349099636,0.7021249216217522,0.9020712654976326,1.9175349473953247,2.207925319671631,1.151439415834771,0.62
10,sco_kcal,23,0.0978858545422554,0.029143158346414566,0.6398904255930906,0.9435078374198154,5.661950588226318,0.2415177822113037,0.0426562857530981,0.1
10,sco_kcal,24,0.5910900831222534,0.01630399562418461,0.6502957052690048,0.9066385439218789,3.0577404499053955,1.9849960803985596,0.6491708871038986,0.34
10,sco_kcal,25,0.5165549516677856,0.017087873071432114,0.6502119815211131,0.9140986354297103,3.3520219326019287,1.6903997659683228,0.5042925732458408,0.32
10,sco_kcal,26,0.31069380044937134,0.01451356615871191,0.643477520221603,0.9717100927086317,2.983238458633423,0.11646852642297745,0.03904097109164044,0.24
10,sco_kcal,27,0.050825558602809906,0.054234348237514496,0.6110419266707072,0.942648831420082,9.724278450012207,0.1509171426296234,0.01551962373408116,0.0
10,sco_kcal,28,0.6962721347808838,0.010277236811816692,0.6601027222830946,0.9320234266578893,1.9702610969543457,1.7086873054504395,0.8672390213113124,0.68
10,sco_kcal,29,0.06449943035840988,0.06746435910463333,0.6165213992719301,0.9586185176825677,12.627374649047852,0.13780827820301056,0.010913454461684305,0.02
10,sco_kcal,30,0.11650194227695465,0.018739929422736168,0.6379981427068726,0.9444122044171461,3.664490222930908,0.33401137590408325,0.09114811490394331,0.02
10,sco_kcal,31,0.25376662611961365,0.02484373189508915,0.6347256925412883,0.9428098614225837,4.748677730560303,0.8801896572113037,0.18535468337781874,0.06
10,sco_kcal,32,0.13743220269680023,0.027898551896214485,0.6410610657329787,0.9625636928302332,5.447757720947266,0.18827274441719055,0.03455967648731144,0.1
10,sco_kcal,33,0.31132209300994873,2.028759717941284,0.6317635375820827,0.9462996870930473,420.666748046875,124.48828125,0.2959308807458398,0.22
10,sco_kcal,34,0.3412463366985321,0.02961357682943344,0.6390758709369999,0.9069505857097269,5.767463207244873,2.2817134857177734,0.3956182126747804,0.16
10,sco_kcal,35,0.9254940152168274,0.03451388701796532,0.7303023633186558,0.9462569779553247,6.706587791442871,12.799944877624512,1.9085629347842625,0.8
10,sco_kcal,36,0.5184550881385803,0.022694462910294533,0.6514373900618042,0.9465620408223512,4.423191070556641,1.5787478685379028,0.35692508945565943,0.36
10,sco_kcal,37,0.1263861507177353,0.11133561283349991,0.6189252714665019,0.9050453144051944,20.353553771972656,2.4578449726104736,0.12075753453900451,0.06
10,sco_kcal,38,0.19787833094596863,0.011247668415307999,0.6355830828808382,0.9489284637431017,2.250455856323242,0.20581120252609253,0.09145311690865311,0.14
10,sco_kcal,39,0.04885632544755936,0.09442495554685593,0.6350464840414272,0.9523432750259941,18.438533782958984,0.23571234941482544,0.012783681836604187,0.02
10,sco_kcal,40,0.912375807762146,0.0026520800311118364,0.7270518118525777,0.9211958091056025,0.49725067615509033,1.065140724182129,2.1420598809802645,0.84
10,sco_kcal,41,0.09351079910993576,0.017411047592759132,0.6726364343382245,0.9580359597828447,3.780299663543701,0.13177132606506348,0.034857375814894884,0.04
10,sco_kcal,42,0.36469006538391113,0.010336353443562984,0.6331851565557041,0.9645451195417953,2.0519585609436035,0.30598339438438416,0.14911772596600398,0.3
10,sco_kcal,43,0.7843134999275208,0.013218720443546772,0.7144117651999997,0.9073903409602118,3.0864295959472656,3.3943488597869873,1.099765523323145,0.6
10,sco_kcal,44,0.36874136328697205,0.025654399767518044,0.6416053892308522,0.9254676610883255,5.0343017578125,2.043926477432251,0.4059999928014597,0.16
10,sco_kcal,45,0.3546779155731201,0.03409533575177193,0.6339635549542022,0.9691830475001753,6.529393672943115,0.6704644560813904,0.10268403004396875,0.34
10,sco_kcal,46,0.1593516319990158,0.04971904680132866,0.6270687828239243,0.9260767473398257,8.965437889099121,1.4103949069976807,0.15731467045380448,0.06
10,sco_kcal,47,0.15347465872764587,0.027943812310695648,0.6388414376330713,0.9559036462567272,5.405747890472412,0.43625423312187195,0.08070191987509565,0.04
10,sco_kcal,48,0.20348551869392395,0.010832290165126324,0.6334318885338548,0.9625889531676965,2.161104440689087,0.22038568556308746,0.10197826695169604,0.16
10,sco_kcal,49,0.5673397183418274,0.013514166697859764,0.6489743254207057,0.9541390974151325,2.7318620681762695,1.231884479522705,0.45093216596586216,0.46
10,sco_kcal,50,0.44351184368133545,0.015300129540264606,0.6441641095308785,0.922000978640654,3.023744821548462,1.5115635395050049,0.4998978514102695,0.16
10,sco_kcal,51,0.08231621980667114,0.05665312334895134,0.6203180110433322,0.9737306119293427,10.10373306274414,0.25833219289779663,0.025567994650447987,0.02
10,sco_kcal,52,0.1534210592508316,0.006663508713245392,0.6582506283369374,0.9761859807462516,1.3659781217575073,0.052770208567380905,0.038631810954252485,0.08
10,sco_kcal,53,0.8446498513221741,0.008866162039339542,0.7024316030535742,0.9001619429702692,1.7495195865631104,2.610578775405884,1.4921689333780501,0.7
10,sco_kcal,54,0.15088413655757904,0.08447068929672241,0.6609006923032541,0.9195210704730581,18.173492431640625,3.004904270172119,0.16534544922914682,0.04
10,sco_kcal,55,0.2399781048297882,0.016799457371234894,0.6392002958811518,0.9384269744262983,3.21732759475708,0.4864784777164459,0.15120576422158738,0.04
10,sco_kcal,56,0.32870349287986755,0.0036095050163567066,0.6717818139451408,0.9692594002413686,0.8752734065055847,0.2007163017988205,0.22931840531994938,0.2
10,sco_kcal,57,0.11065357178449631,0.02671079710125923,0.6052319204760386,0.9705638384673609,4.425081729888916,0.17951510846614838,0.04056763680851942,0.04
10,sco_kcal,58,0.5095487236976624,0.023935336619615555,0.6334317079923126,0.8960301074752417,4.736215114593506,2.30078125,0.48578478686719634,0.26
10,sco_kcal,59,0.5704768896102905,0.017077771946787834,0.6496676524374021,0.9062620943766073,3.211061716079712,2.035386085510254,0.6338670089453139,0.3
10,sco_kcal,60,0.8523021340370178,0.008355661295354366,0.700746023154524,0.9237727620963365,1.7262567281723022,2.322610855102539,1.3454608559652856,0.72
10,sco_kcal,61,0.17526526749134064,0.02188550867140293,0.6288303775622803,0.9479725218326565,3.979851245880127,0.08039851486682892,0.0202013869111455,0.14
10,sco_kcal,62,0.12481138110160828,0.013903136365115643,0.63002544256082,0.969906962767423,2.506512403488159,0.1349065750837326,0.05382242469496318,0.08
10,sco_kcal,63,0.1426311880350113,0.02131170779466629,0.6450559751475007,0.948105852172739,4.194926738739014,0.2981012463569641,0.0710623247848597,0.04
10,sco_kcal,64,0.6372536420822144,0.03348919376730919,0.6516759856612757,0.9335895468801836,6.174205303192139,4.736941814422607,0.7672148206625963,0.48
10,sco_kcal,65,0.15323857963085175,0.020829131826758385,0.5912196103045169,0.9444567829493355,3.5943708419799805,0.32407864928245544,0.09016283058426292,0.08
10,sco_kcal,66,0.08942726254463196,0.013799925334751606,0.6379082366156492,0.9580311001038435,2.660482406616211,0.09320227056741714,0.03503209430576854,0.04
10,sco_kcal,67,0.28449252247810364,0.01705404371023178,0.6886812289641291,0.947879993338046,3.8913331031799316,0.17904189229011536,0.046010425615788414,0.24
10,sco_kcal,68,0.923653781414032,0.009047123603522778,0.7297005066563313,0.9145142330526246,1.919484257698059,3.6041648387908936,1.8776735596223055,0.92
10,sco_kcal,69,0.7485499382019043,0.009970094077289104,0.6877089848196791,0.9327350809796982,2.214174270629883,1.8588589429855347,0.8395269368100511,0.58
10,sco_kcal,70,0.6440767049789429,0.0286862850189209,0.6419013382293011,0.9217346642728748,5.404597282409668,4.077304363250732,0.7544140941862822,0.52
10,sco_kcal,71,0.18858112394809723,0.008943109773099422,0.6380194663456054,0.9659156511000064,1.7918379306793213,0.21769453585147858,0.12149231363181728,0.04
10,sco_kcal,72,0.18769599497318268,0.015867972746491432,0.6304605770967171,0.9547010645425578,3.0983054637908936,0.20469509065151215,0.06606678813426614,0.2
10,sco_kcal,73,0.1852789968252182,0.022979918867349625,0.6272640190963163,0.963780868904631,4.298989295959473,0.17039485275745392,0.039636026290552615,0.1
10,sco_kcal,74,0.23226381838321686,0.043918389827013016,0.6465118642542838,0.9060310102120968,8.605932235717773,2.241361141204834,0.2604437357643096,0.06
10,sco_kcal,75,0.43333330750465393,0.012983454391360283,0.6445178731286125,0.9256158540061339,2.607590436935425,0.7833375334739685,0.30040665987201093,0.26
10,sco_kcal,76,0.8639693260192871,0.012216439470648766,0.6928992559751324,0.9180182767973815,2.381035566329956,3.547358751296997,1.489838623773592,0.72
10,sco_kcal,77,0.818122148513794,0.008507795631885529,0.6941911144975863,0.9251049733114289,1.7074933052062988,1.919996738433838,1.1244534503178414,0.68
10,sco_kcal,78,0.08825130760669708,0.09290482848882675,0.609458349574896,0.9276340536940295,16.922122955322266,1.3660908937454224,0.08072810352177272,0.12
10,sco_kcal,79,0.15768954157829285,0.025774572044610977,0.6240033066063504,0.9518718660868273,4.883872032165527,0.6969796419143677,0.142710463608385,0.04
10,sco_kcal,80,0.18918246030807495,0.008574344217777252,0.6238419330868681,0.974200742394516,1.598684549331665,0.20834852755069733,0.13032497726821596,0.12
10,sco_kcal,81,0.05261799693107605,0.05507748946547508,0.6377320777519901,0.9642815084609511,10.626374244689941,0.0934903621673584,0.008797954976418797,0.04
10,sco_kcal,82,0.2550162971019745,0.03360942378640175,0.6373668553237504,0.9071935722242213,6.55150032043457,1.6985740661621094,0.2592648985857701,0.04
10,sco_kcal,83,0.18037961423397064,0.013230185024440289,0.6153824635555358,0.9642077279409138,2.297396659851074,0.1506136655807495,0.065558407136586,0.18
10,sco_kcal,84,0.10350199043750763,0.05874588340520859,0.6351316058491121,0.9656799052255076,11.280420303344727,0.24656152725219727,0.02185747699304165,0.04
10,sco_kcal,85,0.0683324933052063,0.03229372948408127,0.6687652209565433,0.956798034190629,6.772555351257324,0.08316809684038162,0.012280164949104694,0.04
10,sco_kcal,86,0.2227189689874649,0.04740091413259506,0.641398332993407,0.9676138915752182,9.139680862426758,0.2239827960729599,0.02450663206346225,0.2
10,sco_kcal,87,0.3067770302295685,0.03561981022357941,0.6455472527510737,0.924920337244111,6.646332263946533,1.4021004438400269,0.21095852391337896,0.16
10,sco_kcal,88,0.05781659483909607,0.04444728419184685,0.633310461200395,0.9756641611745442,8.518674850463867,0.23589466512203217,0.027691474233129933,0.02
10,sco_kcal,89,0.07624547928571701,0.015086880885064602,0.635368283651705,0.9701069742537023,2.9227447509765625,0.1484154462814331,0.05077947577592733,0.04
10,sco_kcal,90,0.09368585050106049,0.019553035497665405,0.6358563842553291,0.9627479512988468,3.662477731704712,0.0973309576511383,0.026575167081175754,0.04
10,sco_kcal,91,0.2505234181880951,0.03654138743877411,0.6346722538084644,0.9187359878519226,6.879578113555908,1.6886610984802246,0.24545997888341317,0.06
10,sco_kcal,92,0.3309953808784485,0.014531138353049755,0.6393948451722995,0.9294161680759265,2.799778938293457,0.8553793430328369,0.30551674324481287,0.14
10,sco_kcal,93,0.7456203103065491,0.008428039960563183,0.6795035415151054,0.8926543167444463,1.7495536804199219,1.5490212440490723,0.8853808039072465,0.5
10,sco_kcal,94,0.36167651414871216,0.4332742691040039,0.6316708987954991,0.9800045894185485,82.05357360839844,3.885651111602783,0.04735505037412624,0.3
10,sco_kcal,95,0.10941798985004425,0.09145005792379379,0.6290202787281354,0.9570141420043579,17.349355697631836,0.7813118100166321,0.045034053346619675,0.04
10,sco_kcal,96,0.1354542374610901,0.013402976095676422,0.6415331965200124,0.9654536268844316,2.64052414894104,0.2974524199962616,0.11264900573454417,0.02
10,sco_kcal,97,0.42417216300964355,0.019277703016996384,0.6398085911412301,0.9177377029399931,3.723188877105713,1.4079251289367676,0.3781503370925526,0.36
10,sco_kcal,98,0.11365257948637009,0.026558401063084602,0.6397394962445637,0.967363493827025,5.01611852645874,0.14013804495334625,0.027937546573940382,0.02
10,sco_kcal,99,0.09566503018140793,0.04778316617012024,0.6353874023178208,0.9373655716099858,8.938880920410156,0.34550634026527405,0.03865207997976336,0.06
10,sco_kcal,100,0.5574000477790833,0.01839689165353775,0.6526603311764754,0.9102462565458569,3.623507261276245,1.9512174129486084,0.5384886167611446,0.32
10,sco_kcal,101,0.14012300968170166,0.028560061007738113,0.6204498946740267,0.9489090903039488,5.231496810913086,0.304141104221344,0.05813653629433453,0.04
10,sco_kcal,102,0.11792048066854477,0.010105832479894161,0.6399823127357909,0.9647825052856551,1.9874521493911743,0.1385950893163681,0.06973505719814417,0.06
10,sco_kcal,103,0.30097758769989014,0.01743795908987522,0.6415652284099131,0.9561176664943438,3.4009361267089844,0.47932571172714233,0.1409393454827909,0.22
10,sco_kcal,104,0.30840080976486206,0.00817118026316166,0.639437465059427,0.9511744994345273,1.6128464937210083,0.3551153242588043,0.22017924560167876,0.14
10,sco_kcal,105,0.293393611907959,0.015373989008367062,0.6352400692042159,0.9415627973575318,3.0494954586029053,0.3840447664260864,0.12593714981363918,0.16
10,sco_kcal,106,0.9494249224662781,0.004102800507098436,0.7834593896439908,0.9151616254321346,1.2988545894622803,2.1286792755126953,1.6388895976369138,0.88
10,sco_kcal,107,0.8676344156265259,0.004959746729582548,0.6811601664797724,0.9425451138011474,0.966594398021698,1.5424199104309082,1.5957261014420696,0.68
10,sco_kcal,108,0.14736877381801605,0.0757017731666565,0.6161883409140985,0.9158049350807118,13.247085571289062,1.1025195121765137,0.08322732621023059,0.04
10,sco_kcal,109,0.22716067731380463,0.012089060619473457,0.6290019157180631,0.9709307543897134,2.3869519233703613,0.3116573393344879,0.13056707857543678,0.1
10,sco_kcal,110,0.8934931755065918,0.003553597955033183,0.7371526657140102,0.9249087069339903,0.8151375651359558,1.1578410863876343,1.4204241540438876,0.72
10,sco_kcal,111,0.13006269931793213,0.014266202226281166,0.6320505969401629,0.9566252066377403,2.790499687194824,0.17123986780643463,0.061365306218175965,0.08
10,sco_kcal,112,0.0992262065410614,0.030160199850797653,0.6348260376424539,0.9603912755274704,5.7998528480529785,0.21883486211299896,0.03773110591701689,0.04
10,sco_kcal,113,0.6441985368728638,0.015159486792981625,0.6509122918236967,0.8999498021706869,3.0172340869903564,1.962025761604309,0.6502729669083777,0.5
10,sco_kcal,114,0.4484574794769287,0.01643615961074829,0.6449999849637038,0.944859578262341,3.090557336807251,1.446718454360962,0.46810924266997006,0.26
10,sco_kcal,115,0.07439464330673218,0.02293916791677475,0.6277904774331873,0.9645262743955196,4.301983833312988,0.07074864208698273,0.01644558529930567,0.04
10,sco_kcal,116,0.5638585090637207,0.013904477469623089,0.6378911567275749,0.9008102371824154,2.827866315841675,1.3901869058609009,0.49160276710150325,0.34
10,sco_kcal,117,0.08046350628137589,0.026312630623579025,0.6184239002444791,0.9504117509985481,4.79741096496582,0.18292807042598724,0.03813058163285591,0.06
10,sco_kcal,118,0.20742246508598328,0.005933688022196293,0.6296794840754447,0.9820269316065628,1.1526832580566406,0.20684415102005005,0.17944578406454667,0.1
10,sco_kcal,119,0.24348154664039612,0.020907312631607056,0.6322849723635844,0.9653069718385237,4.033397674560547,0.1776360720396042,0.044041298769023136,0.24
10,sco_kcal,120,0.1351321041584015,0.04819641262292862,0.6609359345858439,0.9520995559165886,9.832257270812988,0.19872188568115234,0.0202112170387422,0.06
10,sco_kcal,121,0.3467903137207031,0.027423519641160965,0.6396825440706619,0.9384894063739626,5.255791664123535,0.8955034613609314,0.1703841245218511,0.1
10,sco_kcal,122,0.6912938356399536,0.030141443014144897,0.6586862733607268,0.9453655121755413,7.017715930938721,3.2892820835113525,0.46871120402722877,0.48
10,sco_kcal,123,0.07499801367521286,0.03993958979845047,0.6368511332747473,0.9638501208970764,7.741278171539307,0.3383178114891052,0.04370309450097344,0.04
10,sco_kcal,124,0.3320213854312897,0.04792087897658348,0.6132683616407419,0.9037499033065066,8.322346687316895,2.9861505031585693,0.3588111160653051,0.08
10,sco_kcal,125,0.15808972716331482,0.016092227771878242,0.6381235004309513,0.9677900299715938,3.1342761516571045,0.2866010367870331,0.09144090147752487,0.02
10,sco_kcal,126,0.2512536942958832,1.8487197160720825,0.6381258706898734,0.9765444613608818,357.3119812011719,1.7756597995758057,0.004969494147961647,0.18
10,sco_kcal,127,0.15620900690555573,0.031069474294781685,0.6326842109966588,0.9432746940221624,5.865391731262207,0.69048672914505,0.11772218477152936,0.0
10,sco_kcal,128,0.04917598143219948,0.01946515217423439,0.6317985109911901,0.9724184676466028,3.7924134731292725,0.07072054594755173,0.018647899668280992,0.02
10,sco_kcal,129,0.26882755756378174,0.024401690810918808,0.6302305424065144,0.9326954097271247,4.4385905265808105,0.8685979843139648,0.19569229896569754,0.1
10,sco_kcal,130,0.4455288052558899,0.0081675099208951,0.6429823439419644,0.9449301550528735,1.6773217916488647,0.5059505701065063,0.3016419226325913,0.2
10,sco_kcal,131,0.3830697536468506,0.01732225902378559,0.6177978318117905,0.9219759706854644,3.2404325008392334,0.8552901744842529,0.26394321568578977,0.3
10,sco_kcal,132,0.10728596895933151,0.039329417049884796,0.6280131088785805,0.95443033527822,7.1532697677612305,0.26231372356414795,0.03667046428842354,0.0
10,sco_kcal,133,0.6626453995704651,0.013713172636926174,0.6541129362262506,0.8961047602026049,2.876603603363037,1.750498652458191,0.6085296738179995,0.56
10,sco_kcal,134,0.3250976502895355,0.020253319293260574,0.6368462707699551,0.9329163296946079,3.9640495777130127,1.4625200033187866,0.3689459414285533,0.08
10,sco_kcal,135,0.5216733813285828,0.017604529857635498,0.664047985223567,0.9384787067509155,3.834132432937622,1.4239277839660645,0.3713820033271737,0.24
10,sco_kcal,136,0.35949206352233887,0.050563324242830276,0.6337728537188314,0.9721552706521466,9.650044441223145,0.7385847568511963,0.07653692802658021,0.32
10,sco_kcal,137,0.08410558104515076,0.1209646612405777,0.6644277839439059,0.9299545568675047,25.172517776489258,1.861869215965271,0.07396436194810152,0.02
10,sco_kcal,138,0.1729189157485962,0.01793576031923294,0.6515608424849526,0.9573943696358216,3.692802906036377,0.17193296551704407,0.04655893365876548,0.02
10,sco_kcal,139,0.8165876865386963,0.010470138862729073,0.6785105905488629,0.8956905265588617,2.1328279972076416,2.324566602706909,1.0898987662156991,0.56
10,sco_kcal,140,0.47336849570274353,0.02106168121099472,0.637954737834945,0.934188696979696,3.854231119155884,1.859574317932129,0.48247607900052314,0.28
10,sco_kcal,141,0.08620259910821915,0.058279719203710556,0.6389304619357821,0.9428916191471743,11.022992134094238,0.4304230511188507,0.039047750908534844,0.06
10,sco_kcal,142,0.5386382341384888,0.014445289969444275,0.6353186618400883,0.8948868245506099,2.734449625015259,1.5441906452178955,0.5647171668811704,0.32
10,sco_kcal,143,0.16785229742527008,0.059199318289756775,0.6116261440401078,0.9168697583542753,10.40035629272461,1.5649173259735107,0.15046766494607708,0.04
10,sco_kcal,144,0.6194161176681519,0.023734766989946365,0.6642895681428023,0.9104984329225223,4.652720928192139,3.3386001586914062,0.7175586522849229,0.52
10,sco_kcal,145,0.8186683654785156,0.010503461584448814,0.7279223225355154,0.9025099877687466,2.5066542625427246,3.120290756225586,1.2448030040889624,0.68
10,sco_kcal,146,0.1491178274154663,0.008371010422706604,0.6672051142352884,0.9531232021494798,1.836998462677002,0.18348634243011475,0.09988377571243347,0.04
10,sco_kcal,147,0.46534106135368347,0.012242904864251614,0.6466279076701917,0.9495555937908109,2.450383186340332,0.9638195037841797,0.39333419734390695,0.36
10,sco_kcal,148,0.1895449459552765,0.04351525008678436,0.5926235433488412,0.9267601227766342,6.945738792419434,0.6889109015464783,0.09918468317558304,0.02
10,sco_kcal,149,0.472101628780365,0.015191222541034222,0.6442808227924692,0.9154885286664387,2.984459161758423,1.2912803888320923,0.43266813812633265,0.24
10,sco_kcal,150,0.13073566555976868,0.03031361848115921,0.6359909657910898,0.9545649243475773,5.938206672668457,0.5774473547935486,0.09724271764594218,0.04
10,sco_kcal,151,0.2083968222141266,0.011238216422498226,0.6383525972667767,0.9533618645062374,2.205941915512085,0.32278963923454285,0.1463273520325719,0.04
10,sco_kcal,152,0.1415044516324997,0.020960628986358643,0.6393370210270557,0.9448303915664051,4.062170505523682,0.12868048250675201,0.03167776496131172,0.04
10,sco_kcal,153,0.1361684501171112,0.012268658727407455,0.6351207397612866,0.9546069060151272,2.378358840942383,0.19388514757156372,0.08152056125169915,0.06
10,sco_kcal,154,0.08099768310785294,0.018131235614418983,0.6347267700819756,0.9658601949509835,3.541386365890503,0.21221311390399933,0.05992373945638012,0.04
10,sco_kcal,155,0.8865154385566711,0.006190251559019089,0.7196601533855096,0.9150746232762481,1.2414158582687378,2.025953531265259,1.6319700749518593,0.82
10,sco_kcal,156,0.1281835436820984,0.013009398244321346,0.6327873009169795,0.9676635366317667,2.4780547618865967,0.17004555463790894,0.06862057984079802,0.02
10,sco_kcal,157,0.16245459020137787,0.022873787209391594,0.6218854064000039,0.9284135699014204,4.09072208404541,0.4887203574180603,0.11947043758464114,0.08
10,sco_kcal,158,0.7722328901290894,0.025730784982442856,0.6711749160064746,0.9082458373881055,5.826364517211914,4.111665725708008,0.7057000490720344,0.64
10,sco_kcal,159,0.22110794484615326,0.01763102598488331,0.6345784971960913,0.9539669032153466,3.4841158390045166,0.17285890877246857,0.04961342181488946,0.24
10,sco_kcal,160,0.1282634437084198,0.01627296954393387,0.6364640269341384,0.9419543024416412,3.124314308166504,0.13704726099967957,0.043864748383815905,0.08
10,sco_kcal,161,0.3239235579967499,0.02279953472316265,0.642718781290154,0.9277100779575767,4.490113735198975,1.4921777248382568,0.3323251509512448,0.06
10,sco_kcal,162,0.12148012220859528,0.011207801289856434,0.6356279686369195,0.9687769602214085,2.1663336753845215,0.10171223431825638,0.046951324015310145,0.02
10,sco_kcal,163,0.10254548490047455,0.027160827070474625,0.6327834716132603,0.9586255966635111,5.050448894500732,0.17565330862998962,0.03477974182082166,0.02
10,sco_kcal,164,0.1460355669260025,0.03950986638665199,0.6397855259323819,0.959918290825299,7.597752571105957,0.1369398683309555,0.01802373360403102,0.14
10,sco_kcal,165,0.21266469359397888,0.08502496033906937,0.6374969894524307,0.9252121715481878,16.882713317871094,3.591006278991699,0.2127031485626461,0.1
10,sco_kcal,166,0.9348119497299194,0.008295053616166115,0.7434099804792,0.9282513964382182,1.7537115812301636,3.6394193172454834,2.075266740664714,0.88
10,sco_kcal,167,0.258630633354187,0.013902708888053894,0.634236278931835,0.9753523465186631,2.7409322261810303,0.3381790220737457,0.1233810230123545,0.18
10,sco_kcal,168,0.6258937120437622,0.018898021429777145,0.6633470155995085,0.9400997156649702,3.7768678665161133,2.1667563915252686,0.5736913411069221,0.46
10,sco_kcal,169,0.13526684045791626,0.05527728050947189,0.6284360963663467,0.9568109068131472,9.914566040039062,0.8912510871887207,0.08989310107870432,0.08
10,sco_kcal,170,0.10027119517326355,0.09959326684474945,0.6042321428967765,0.931589861626493,17.582500457763672,1.06182062625885,0.06039076346447618,0.04
10,sco_kcal,171,0.05962071940302849,0.0307936854660511,0.6337963088752192,0.955337689925619,5.994205951690674,0.10724552720785141,0.01789153193470149,0.08
10,sco_kcal,172,0.06653031706809998,0.10517492145299911,0.602645626496022,0.9110567789291635,17.92070198059082,3.330436944961548,0.1858429959143681,0.12
10,sco_kcal,173,0.4100416302680969,0.023011840879917145,0.6389206945467503,0.920329390019442,4.526141166687012,1.3544416427612305,0.29924865197093214,0.26
10,sco_kcal,174,0.16124863922595978,0.013851359486579895,0.6358607741757536,0.964658045277694,2.739806890487671,0.13003122806549072,0.047459997460750185,0.06
10,sco_kcal,175,0.1744183599948883,0.009865375235676765,0.6348055161356694,0.9673373496787887,1.9166004657745361,0.3502606451511383,0.18275099657225172,0.04
10,sco_kcal,176,0.2045123279094696,0.017650695517659187,0.6291941923530262,0.9458996041641898,3.246753454208374,0.41623446345329285,0.1282002065521108,0.06
10,sco_kcal,177,0.8149598240852356,0.02216748706996441,0.684484103749021,0.9244605286061658,4.358968257904053,4.714224338531494,1.0815000384513607,0.6
10,sco_kcal,178,0.43357759714126587,0.005380671937018633,0.6718766189328078,0.9280253022887666,1.2358769178390503,0.51922208070755,0.42012442599495897,0.26
10,sco_kcal,179,0.2957957983016968,0.017331134527921677,0.6618007594016364,0.9215423910869049,3.5706567764282227,0.32730594277381897,0.09166547312375053,0.18
10,sco_kcal,180,0.09147381782531738,0.03777078166604042,0.6392217665427218,0.9478399319993702,7.33510684967041,0.3675764799118042,0.050111946212251915,0.06
10,sco_kcal,181,0.6452847719192505,0.0038785929791629314,0.6578891551327148,0.9608139304851384,0.7554147839546204,0.5322269797325134,0.7045493297685919,0.48
10,sco_kcal,182,0.4820195734500885,0.026366598904132843,0.6293843792330651,0.9122168128921957,4.699499607086182,2.1627278327941895,0.4602038543706018,0.3
10,sco_kcal,183,0.8982900977134705,0.029277853667736053,0.6640706155215101,0.9367184167625042,5.768866539001465,11.098090171813965,1.9237904182361163,0.2
10,sco_kcal,184,0.1504090130329132,0.02074701339006424,0.6244661038171595,0.9392758543639061,3.710935592651367,0.38189926743507385,0.102911855487693,0.1
10,sco_kcal,185,0.07035520672798157,0.04864644259214401,0.620255539741156,0.966825706700559,8.823779106140137,0.019298654049634933,0.002187118899679359,0.18
10,sco_kcal,186,0.12667426466941833,0.02903512679040432,0.6484998246902673,0.9287796378728861,5.78060245513916,0.5416178107261658,0.09369573758607952,0.04
10,sco_kcal,187,0.5885599255561829,0.010290902107954025,0.6567518415269105,0.9387053454059735,2.0822629928588867,1.1886168718338013,0.5708293697338706,0.34
10,sco_kcal,188,0.14369507133960724,0.011369219981133938,0.6318489189528946,0.9564600677585373,2.3566806316375732,0.13822004199028015,0.05865030676398269,0.04
10,sco_kcal,189,0.23432470858097076,0.04435073584318161,0.623407191550875,0.9072677123049602,8.348676681518555,1.5260412693023682,0.18278840198477947,0.08
10,sco_kcal,190,0.5758317708969116,0.020302312448620796,0.6491373276939028,0.9145804026276292,3.8123934268951416,2.247589111328125,0.5895480501755529,0.28
10,sco_kcal,191,0.14514820277690887,0.021612267941236496,0.6157345137245513,0.9567572786096976,3.7693989276885986,0.12574225664138794,0.033358702290100475,0.16
10,sco_kcal,192,0.07140674442052841,0.029995379969477654,0.6178299235814539,0.945676226039921,5.721139430999756,0.18232105672359467,0.031867962478889365,0.02
10,sco_kcal,193,0.07907313853502274,0.07723286747932434,0.6239760691784741,0.9490663643454231,14.379517555236816,0.4518100321292877,0.03142038878520962,0.0
10,sco_kcal,194,0.06858082860708237,0.012720754370093346,0.6361596365370614,0.957805237172489,2.486086368560791,0.09516816586256027,0.038280313615030856,0.02
10,sco_kcal,195,0.21935634315013885,0.014037000015377998,0.6666255432052985,0.9625103513796494,3.003716230392456,0.4351394772529602,0.1448670393195253,0.04
10,sco_kcal,196,0.2888510525226593,0.03165452927350998,0.6350653552985033,0.935627709636345,5.725565433502197,0.7630805969238281,0.13327602413881928,0.14
10,sco_kcal,197,0.038235142827034,0.04341866821050644,0.6318290376717735,0.975820264590106,8.332568168640137,0.15638363361358643,0.018767759284843394,0.02
10,sco_kcal,198,0.6585192084312439,0.013738984242081642,0.6555931474253507,0.8974531554560026,2.832235813140869,1.975219488143921,0.6974064373380896,0.32
10,sco_kcal,199,0.15752094984054565,0.07861096411943436,0.6377731197297083,0.9017361073531789,15.566638946533203,2.330997943878174,0.14974317525346748,0.0
10,sco_kcal,200,0.24566735327243805,0.06284265220165253,0.6564574995258201,0.907062845999824,13.248894691467285,3.1617486476898193,0.23864244688472672,0.08
10,sco_kcal,201,0.05649784579873085,0.05617205798625946,0.6022113556914468,0.968778358022452,9.94721794128418,0.03652859479188919,0.0036722423302181484,0.0
10,sco_kcal,202,0.3111625611782074,0.007690148893743753,0.6370781864508757,0.9414710933806292,1.5086668729782104,0.4704589545726776,0.31183753219420784,0.12
10,sco_kcal,203,0.4367005527019501,0.014045600779354572,0.6384996376605174,0.9514467806628348,2.7775979042053223,0.6068359613418579,0.21847509332545928,0.32
10,sco_kcal,204,0.1554599553346634,0.044791072607040405,0.6615091048013093,0.8973986889641772,9.649044036865234,1.3149429559707642,0.13627701883698323,0.16
10,sco_kcal,205,0.08247998356819153,0.022929590195417404,0.6358433397163499,0.9632743745413752,4.438926696777344,0.16371864080429077,0.03688248353439815,0.02
10,sco_kcal,206,0.1820811927318573,0.008569981902837753,0.622999103174914,0.9631675049220678,1.6347419023513794,0.12700249254703522,0.077689629393091,0.02
10,sco_kcal,207,0.049010537564754486,0.039458017796278,0.6300297595061732,0.9626233295269775,7.465627670288086,0.06900405883789062,0.009242901184653892,0.04
10,sco_kcal,208,0.34452754259109497,0.015000233426690102,0.6366474954746779,0.9453923166978075,2.7507541179656982,0.8290124535560608,0.30137642915505347,0.14
10,sco_kcal,209,0.16500945389270782,0.02545023523271084,0.6439788858838824,0.9398388478377793,4.984527587890625,0.6968263387680054,0.13979786980432612,0.04
10,sco_kcal,210,0.22104354202747345,0.009734836407005787,0.6354251918512728,0.971609102619158,1.9256848096847534,0.3600199520587921,0.18695684270248236,0.06
10,sco_kcal,211,0.038700103759765625,0.10821080952882767,0.6157677817279372,0.9577853281173647,19.456087112426758,0.33829203248023987,0.017387464937087482,0.02
10,sco_kcal,212,0.08483603596687317,0.19288480281829834,0.6093122761819838,0.9567600799049905,34.46726989746094,0.9862031936645508,0.02861274468788723,0.0
10,sco_kcal,213,0.06679532676935196,0.022916698828339577,0.6438548136501281,0.971963266153459,4.589316368103027,0.08935000002384186,0.019469130662869132,0.16
10,sco_kcal,214,0.23721356689929962,0.02180551365017891,0.643112542736439,0.9529250675362881,4.211036205291748,0.2997775375843048,0.07118854433205608,0.1
10,sco_kcal,215,0.06908105313777924,0.030008593574166298,0.6365374064401916,0.9667394952731809,5.822068214416504,0.1565779745578766,0.026893874958414422,0.04
10,sco_kcal,216,0.8362822532653809,0.001133967307396233,0.7203465811717018,0.9647518802548287,0.3131212592124939,0.31007829308509827,0.9902818284039584,0.74
10,sco_kcal,217,0.2435842752456665,0.01394124049693346,0.630413578216042,0.9555806356637728,2.78637957572937,0.22483856976032257,0.08069201042053584,0.1
10,sco_kcal,218,0.25478655099868774,0.02888398990035057,0.6159256175793342,0.9409521715090734,5.123867511749268,0.6471993327140808,0.12631070792326743,0.14
10,sco_kcal,219,0.1632772982120514,0.014271365478634834,0.6280317286524557,0.9637980268735413,2.7549140453338623,0.15156592428684235,0.055016571040957606,0.1
10,sco_kcal,220,0.27213793992996216,0.01900545321404934,0.6278332413412531,0.9332100425158218,3.533967971801758,0.43300557136535645,0.1225267390141606,0.18
10,sco_kcal,221,0.33575117588043213,0.03470630198717117,0.6221404839111382,0.9123609121977392,6.362918376922607,1.7217999696731567,0.27059909740754784,0.08
10,sco_kcal,222,0.09576140344142914,0.05015065148472786,0.6271066385583752,0.9559528663527004,9.566184997558594,0.22720813751220703,0.023751175371393433,0.06
10,sco_kcal,223,0.06495644897222519,0.09228608757257462,0.6212219984311775,0.9540845010680112,16.344608306884766,0.31700992584228516,0.0193953822502282,0.02
10,sco_kcal,224,0.9194042682647705,0.034901391714811325,0.6446402270810438,0.9253544102837583,6.363460063934326,13.172642707824707,2.0700440602247574,0.38
10,sco_kcal,225,0.26488593220710754,0.03085559420287609,0.6310923505712314,0.9668833723834227,5.909155368804932,0.2254580557346344,0.03815402399551919,0.24
10,sco_kcal,226,0.05284053832292557,0.07245103269815445,0.6361366695763788,0.9527296822460245,14.072866439819336,0.2143505960702896,0.015231480877540495,0.02
10,sco_kcal,227,0.16901187598705292,0.009518803097307682,0.6364594531012251,0.9691536464791097,2.0025880336761475,0.33439937233924866,0.1669836065710391,0.1
10,sco_kcal,228,0.536919355392456,0.01761416159570217,0.6456529555973043,0.9246155540460173,3.5059759616851807,1.4434421062469482,0.4117090710322908,0.44
10,sco_kcal,229,0.5851545333862305,0.013743862509727478,0.644491130849566,0.9102614800859528,2.6325488090515137,1.3150020837783813,0.49951669623636197,0.48
10,sco_kcal,230,0.4163445234298706,0.01228373683989048,0.6401384191539807,0.9315414619473525,2.349534511566162,0.9341071248054504,0.39757114449993314,0.16
10,sco_kcal,231,0.4393766224384308,0.015714548528194427,0.6264491749983747,0.9369229581010832,3.0955135822296143,0.8383890986442566,0.2708400646203554,0.26
10,sco_kcal,232,0.18539516627788544,0.02107132226228714,0.631419228125617,0.9409190086322206,4.0947465896606445,0.6965141892433167,0.17009946134445425,0.04
10,sco_kcal,233,0.08222072571516037,0.028451036661863327,0.6162272016822743,0.9480333331790876,5.295892238616943,0.18742884695529938,0.035391363439873855,0.02
10,sco_kcal,234,0.3624318540096283,0.04224685952067375,0.6245739439647735,0.9090843434551632,7.701369285583496,2.5838418006896973,0.3355042077421862,0.06
10,sco_kcal,235,0.08960845321416855,0.04376117140054703,0.6352142334683781,0.9612639332193831,8.300874710083008,0.20160692930221558,0.02428743190851022,0.02
10,sco_kcal,236,0.056550975888967514,0.20045489072799683,0.6056344601890196,0.9684204049510383,35.226417541503906,0.09092239290475845,0.0025810854253809183,0.04
10,sco_kcal,237,0.9056456685066223,0.029469124972820282,0.7281248540641363,0.9411641435527771,5.716937065124512,9.393085479736328,1.6430276164902564,0.78
10,sco_kcal,238,0.1607690453529358,0.016169287264347076,0.6333493672487247,0.9588126808574702,3.182225465774536,0.1416485607624054,0.04451242134973265,0.04
10,sco_kcal,239,0.46931588649749756,0.016898775473237038,0.6681781192959402,0.9342754394511594,3.4710521697998047,1.214922547340393,0.35001564018856696,0.26
10,sco_kcal,240,0.5147538185119629,0.01751422882080078,0.6441436164671812,0.9002226778834708,3.251875400543213,1.5157848596572876,0.4661263649290135,0.34
10,sco_kcal,241,0.11941849440336227,0.008265195414423943,0.6324738685126536,0.9747112821899413,1.661413311958313,0.19347095489501953,0.11644962364420611,0.02
10,sco_kcal,242,0.0884069949388504,0.013522961176931858,0.6359569435249335,0.9703040937819993,2.6185200214385986,0.13948415219783783,0.053268316092999014,0.02
10,sco_kcal,243,0.5782304406166077,0.01897098869085312,0.6465849712547211,0.8978109914675425,3.686148166656494,1.867922067642212,0.5067409076332662,0.4
10,sco_kcal,244,0.31065526604652405,0.03347889333963394,0.6364880581163197,0.926269779492477,6.274235248565674,1.5579930543899536,0.24831600867151415,0.22
10,sco_kcal,245,0.8279939889907837,0.00564821669831872,0.6866706438997903,0.921312482442219,1.0837388038635254,1.3581464290618896,1.253204576804025,0.78
10,sco_kcal,246,0.2917044758796692,0.01496956218034029,0.6341426515757094,0.960459294796451,2.907822608947754,0.41472405195236206,0.14262357362385222,0.12
10,sco_kcal,247,0.21937641501426697,0.02260413020849228,0.6536535615063446,0.9325903118720309,4.600687026977539,0.6499397158622742,0.14127014336144872,0.16
10,sco_kcal,248,0.47647160291671753,0.015696795657277107,0.651286428000476,0.9435001433043266,3.0693981647491455,1.5291134119033813,0.4981802066166128,0.28
10,sco_kcal,249,0.15047331154346466,0.012797335162758827,0.6378599621736798,0.9641337615248098,2.524595022201538,0.0840204507112503,0.03328076383434419,0.06
10,water_gsolv_eV,0,0.9999998807907104,0.0,0.6515118347989595,0.6515118347989595,,,,1.0
10,water_gsolv_eV,1,0.9999998807907104,0.0,0.6515118347989595,0.6515118347989595,,,,1.0
10,water_gsolv_eV,2,0.9999998807907104,0.0,0.6515118347989595,0.6515118347989595,,,,1.0
10,water_gsolv_eV,3,0.9999998807907104,0.0,0.6515118347989595,0.6515118347989595,,,,1.0
10,water_gsolv_eV,4,0.9999998807907104,0.0,0.6515118347989595,0.6515118347989595,,,,1.0
10,water_gsolv_eV,5,0.9999998807907104,0.0,0.6515118347989595,0.6515118347989595,,,,1.0
10,water_gsolv_eV,6,0.9999998807907104,0.0,0.6515118347989595,0.6515118347989595,,,,1.0
10,water_gsolv_eV,7,0.9999998807907104,0.0,0.6515118347989595,0.6515118347989595,,,,1.0
10,water_gsolv_eV,8,0.9999998807907104,0.0,0.6515118347989595,0.6515118347989595,,,,1.0
10,water_gsolv_eV,9,0.9999998807907104,0.0,0.6515118347989595,0.6515118347989595,,,,1.0
10,water_gsolv_eV,10,0.9999998807907104,0.0,0.6515118347989595,0.6515118347989595,,,,1.0
10,water_gsolv_eV,11,0.9999998807907104,0.0,0.6515118347989595,0.6515118347989595,,,,1.0
10,water_gsolv_eV,12,0.9999998807907104,0.0,0.6515118347989595,0.6515118347989595,,,,1.0
10,water_gsolv_eV,13,0.9999998807907104,0.0,0.6515118347989595,0.6515118347989595,,,,1.0
10,water_gsolv_eV,14,0.9999998807907104,0.0,0.6515118347989595,0.6515118347989595,,,,1.0
10,water_gsolv_eV,15,0.9999998807907104,0.0,0.6515118347989595,0.6515118347989595,,,,1.0
10,water_gsolv_eV,16,0.9999998807907104,0.0,0.6515118347989595,0.6515118347989595,,,,1.0
10,water_gsolv_eV,17,0.9999998807907104,0.0,0.6515118347989595,0.6515118347989595,,,,1.0
10,water_gsolv_eV,18,0.9999998807907104,0.0,0.6515118347989595,0.6515118347989595,,,,1.0
10,water_gsolv_eV,19,0.9999998807907104,0.0,0.6515118347989595,0.6515118347989595,,,,1.0
10,water_gsolv_eV,20,0.9999998807907104,0.0,0.6515118347989595,0.6515118347989595,,,,1.0
10,water_gsolv_eV,21,0.9999998807907104,0.0,0.6515118347989595,0.6515118347989595,,,,1.0
10,water_gsolv_eV,22,0.9999998807907104,0.0,0.6515118347989595,0.6515118347989595,,,,1.0
10,water_gsolv_eV,23,0.9999998807907104,0.0,0.6515118347989595,0.6515118347989595,,,,1.0
10,water_gsolv_eV,24,0.9999998807907104,0.0,0.6515118347989595,0.6515118347989595,,,,1.0
10,water_gsolv_eV,25,0.9999998807907104,0.0,0.6515118347989595,0.6515118347989595,,,,1.0
10,water_gsolv_eV,26,0.9999998807907104,0.0,0.6515118347989595,0.6515118347989595,,,,1.0
10,water_gsolv_eV,27,0.9999998807907104,0.0,0.6515118347989595,0.6515118347989595,,,,1.0
10,water_gsolv_eV,28,0.9999998807907104,0.0,0.6515118347989595,0.6515118347989595,,,,1.0
10,water_gsolv_eV,29,0.9999998807907104,0.0,0.6515118347989595,0.6515118347989595,,,,1.0
10,water_gsolv_eV,30,0.9999998807907104,0.0,0.6515118347989595,0.6515118347989595,,,,1.0
10,water_gsolv_eV,31,0.9999998807907104,0.0,0.6515118347989595,0.6515118347989595,,,,1.0
10,water_gsolv_eV,32,0.9999998807907104,0.0,0.6515118347989595,0.6515118347989595,,,,1.0
10,water_gsolv_eV,33,0.9999998807907104,0.0,0.6515118347989595,0.6515118347989595,,,,1.0
10,water_gsolv_eV,34,0.9999998807907104,0.0,0.6515118347989595,0.6515118347989595,,,,1.0
10,water_gsolv_eV,35,0.9999998807907104,0.0,0.6515118347989595,0.6515118347989595,,,,1.0
10,water_gsolv_eV,36,0.9999998807907104,0.0,0.6515118347989595,0.6515118347989595,,,,1.0
10,water_gsolv_eV,37,0.9999998807907104,0.0,0.6515118347989595,0.6515118347989595,,,,1.0
10,water_gsolv_eV,38,0.9999998807907104,0.0,0.6515118347989595,0.6515118347989595,,,,1.0
10,water_gsolv_eV,39,0.9999998807907104,0.0,0.6515118347989595,0.6515118347989595,,,,1.0
10,water_gsolv_eV,40,0.9999998807907104,0.0,0.6515118347989595,0.6515118347989595,,,,1.0
10,water_gsolv_eV,41,0.9999998807907104,0.0,0.6515118347989595,0.6515118347989595,,,,1.0
10,water_gsolv_eV,42,0.9999998807907104,0.0,0.6515118347989595,0.6515118347989595,,,,1.0
10,water_gsolv_eV,43,0.9999998807907104,0.0,0.6515118347989595,0.6515118347989595,,,,1.0
10,water_gsolv_eV,44,0.9999998807907104,0.0,0.6515118347989595,0.6515118347989595,,,,1.0
10,water_gsolv_eV,45,0.9999998807907104,0.0,0.6515118347989595,0.6515118347989595,,,,1.0
10,water_gsolv_eV,46,0.9999998807907104,0.0,0.6515118347989595,0.6515118347989595,,,,1.0
10,water_gsolv_eV,47,0.9999998807907104,0.0,0.6515118347989595,0.6515118347989595,,,,1.0
10,water_gsolv_eV,48,0.9999998807907104,0.0,0.6515118347989595,0.6515118347989595,,,,1.0
10,water_gsolv_eV,49,0.9999998807907104,0.0,0.6515118347989595,0.6515118347989595,,,,1.0
10,water_gsolv_eV,50,0.9999998807907104,0.0,0.6515118347989595,0.6515118347989595,,,,1.0
10,water_gsolv_eV,51,0.9999998807907104,0.0,0.6515118347989595,0.6515118347989595,,,,1.0
10,water_gsolv_eV,52,0.9999998807907104,0.0,0.6515118347989595,0.6515118347989595,,,,1.0
10,water_gsolv_eV,53,0.9999998807907104,0.0,0.6515118347989595,0.6515118347989595,,,,1.0
10,water_gsolv_eV,54,0.9999998807907104,0.0,0.6515118347989595,0.6515118347989595,,,,1.0
10,water_gsolv_eV,55,0.9999998807907104,0.0,0.6515118347989595,0.6515118347989595,,,,1.0
10,water_gsolv_eV,56,0.9999998807907104,0.0,0.6515118347989595,0.6515118347989595,,,,1.0
10,water_gsolv_eV,57,0.9999998807907104,0.0,0.6515118347989595,0.6515118347989595,,,,1.0
10,water_gsolv_eV,58,0.9999998807907104,0.0,0.6515118347989595,0.6515118347989595,,,,1.0
10,water_gsolv_eV,59,0.9999998807907104,0.0,0.6515118347989595,0.6515118347989595,,,,1.0
10,water_gsolv_eV,60,0.9999998807907104,0.0,0.6515118347989595,0.6515118347989595,,,,1.0
10,water_gsolv_eV,61,0.9999998807907104,0.0,0.6515118347989595,0.6515118347989595,,,,1.0
10,water_gsolv_eV,62,0.9999998807907104,0.0,0.6515118347989595,0.6515118347989595,,,,1.0
10,water_gsolv_eV,63,0.9999998807907104,0.0,0.6515118347989595,0.6515118347989595,,,,1.0
10,water_gsolv_eV,64,0.9999998807907104,0.0,0.6515118347989595,0.6515118347989595,,,,1.0
10,water_gsolv_eV,65,0.9999998807907104,0.0,0.6515118347989595,0.6515118347989595,,,,1.0
10,water_gsolv_eV,66,0.9999998807907104,0.0,0.6515118347989595,0.6515118347989595,,,,1.0
10,water_gsolv_eV,67,0.9999998807907104,0.0,0.6515118347989595,0.6515118347989595,,,,1.0
10,water_gsolv_eV,68,0.9999998807907104,0.0,0.6515118347989595,0.6515118347989595,,,,1.0
10,water_gsolv_eV,69,0.9999998807907104,0.0,0.6515118347989595,0.6515118347989595,,,,1.0
10,water_gsolv_eV,70,0.9999998807907104,0.0,0.6515118347989595,0.6515118347989595,,,,1.0
10,water_gsolv_eV,71,0.9999998807907104,0.0,0.6515118347989595,0.6515118347989595,,,,1.0
10,water_gsolv_eV,72,0.9999998807907104,0.0,0.6515118347989595,0.6515118347989595,,,,1.0
10,water_gsolv_eV,73,0.9999998807907104,0.0,0.6515118347989595,0.6515118347989595,,,,1.0
10,water_gsolv_eV,74,0.9999998807907104,0.0,0.6515118347989595,0.6515118347989595,,,,1.0
10,water_gsolv_eV,75,0.9999998807907104,0.0,0.6515118347989595,0.6515118347989595,,,,1.0
10,water_gsolv_eV,76,0.9999998807907104,0.0,0.6515118347989595,0.6515118347989595,,,,1.0
10,water_gsolv_eV,77,0.9999998807907104,0.0,0.6515118347989595,0.6515118347989595,,,,1.0
10,water_gsolv_eV,78,0.9999998807907104,0.0,0.6515118347989595,0.6515118347989595,,,,1.0
10,water_gsolv_eV,79,0.9999998807907104,0.0,0.6515118347989595,0.6515118347989595,,,,1.0
10,water_gsolv_eV,80,0.9999998807907104,0.0,0.6515118347989595,0.6515118347989595,,,,1.0
10,water_gsolv_eV,81,0.9999998807907104,0.0,0.6515118347989595,0.6515118347989595,,,,1.0
10,water_gsolv_eV,82,0.9999998807907104,0.0,0.6515118347989595,0.6515118347989595,,,,1.0
10,water_gsolv_eV,83,0.9999998807907104,0.0,0.6515118347989595,0.6515118347989595,,,,1.0
10,water_gsolv_eV,84,0.9999998807907104,0.0,0.6515118347989595,0.6515118347989595,,,,1.0
10,water_gsolv_eV,85,0.9999998807907104,0.0,0.6515118347989595,0.6515118347989595,,,,1.0
10,water_gsolv_eV,86,0.9999998807907104,0.0,0.6515118347989595,0.6515118347989595,,,,1.0
10,water_gsolv_eV,87,0.9999998807907104,0.0,0.6515118347989595,0.6515118347989595,,,,1.0
10,water_gsolv_eV,88,0.9999998807907104,0.0,0.6515118347989595,0.6515118347989595,,,,1.0
10,water_gsolv_eV,89,0.9999998807907104,0.0,0.6515118347989595,0.6515118347989595,,,,1.0
10,water_gsolv_eV,90,0.9999998807907104,0.0,0.6515118347989595,0.6515118347989595,,,,1.0
10,water_gsolv_eV,91,0.9999998807907104,0.0,0.6515118347989595,0.6515118347989595,,,,1.0
10,water_gsolv_eV,92,0.9999998807907104,0.0,0.6515118347989595,0.6515118347989595,,,,1.0
10,water_gsolv_eV,93,0.9999998807907104,0.0,0.6515118347989595,0.6515118347989595,,,,1.0
10,water_gsolv_eV,94,0.9999998807907104,0.0,0.6515118347989595,0.6515118347989595,,,,1.0
10,water_gsolv_eV,95,0.9999998807907104,0.0,0.6515118347989595,0.6515118347989595,,,,1.0
10,water_gsolv_eV,96,0.9999998807907104,0.0,0.6515118347989595,0.6515118347989595,,,,1.0
10,water_gsolv_eV,97,0.9999998807907104,0.0,0.6515118347989595,0.6515118347989595,,,,1.0
10,water_gsolv_eV,98,0.9999998807907104,0.0,0.6515118347989595,0.6515118347989595,,,,1.0
10,water_gsolv_eV,99,0.9999998807907104,0.0,0.6515118347989595,0.6515118347989595,,,,1.0
10,water_gsolv_eV,100,0.9999998807907104,0.0,0.6515118347989595,0.6515118347989595,,,,1.0
10,water_gsolv_eV,101,0.9999998807907104,0.0,0.6515118347989595,0.6515118347989595,,,,1.0
10,water_gsolv_eV,102,0.9999998807907104,0.0,0.6515118347989595,0.6515118347989595,,,,1.0
10,water_gsolv_eV,103,0.9999998807907104,0.0,0.6515118347989595,0.6515118347989595,,,,1.0
10,water_gsolv_eV,104,0.9999998807907104,0.0,0.6515118347989595,0.6515118347989595,,,,1.0
10,water_gsolv_eV,105,0.9999998807907104,0.0,0.6515118347989595,0.6515118347989595,,,,1.0
10,water_gsolv_eV,106,0.9999998807907104,0.0,0.6515118347989595,0.6515118347989595,,,,1.0
10,water_gsolv_eV,107,0.9999998807907104,0.0,0.6515118347989595,0.6515118347989595,,,,1.0
10,water_gsolv_eV,108,0.9999998807907104,0.0,0.6515118347989595,0.6515118347989595,,,,1.0
10,water_gsolv_eV,109,0.9999998807907104,0.0,0.6515118347989595,0.6515118347989595,,,,1.0
10,water_gsolv_eV,110,0.9999998807907104,0.0,0.6515118347989595,0.6515118347989595,,,,1.0
10,water_gsolv_eV,111,0.9999998807907104,0.0,0.6515118347989595,0.6515118347989595,,,,1.0
10,water_gsolv_eV,112,0.9999998807907104,0.0,0.6515118347989595,0.6515118347989595,,,,1.0
10,water_gsolv_eV,113,0.9999998807907104,0.0,0.6515118347989595,0.6515118347989595,,,,1.0
10,water_gsolv_eV,114,0.9999998807907104,0.0,0.6515118347989595,0.6515118347989595,,,,1.0
10,water_gsolv_eV,115,0.9999998807907104,0.0,0.6515118347989595,0.6515118347989595,,,,1.0
10,water_gsolv_eV,116,0.9999998807907104,0.0,0.6515118347989595,0.6515118347989595,,,,1.0
10,water_gsolv_eV,117,0.9999998807907104,0.0,0.6515118347989595,0.6515118347989595,,,,1.0
10,water_gsolv_eV,118,0.9999998807907104,0.0,0.6515118347989595,0.6515118347989595,,,,1.0
10,water_gsolv_eV,119,0.9999998807907104,0.0,0.6515118347989595,0.6515118347989595,,,,1.0
10,water_gsolv_eV,120,0.9999998807907104,0.0,0.6515118347989595,0.6515118347989595,,,,1.0
10,water_gsolv_eV,121,0.9999998807907104,0.0,0.6515118347989595,0.6515118347989595,,,,1.0
10,water_gsolv_eV,122,0.9999998807907104,0.0,0.6515118347989595,0.6515118347989595,,,,1.0
10,water_gsolv_eV,123,0.9999998807907104,0.0,0.6515118347989595,0.6515118347989595,,,,1.0
10,water_gsolv_eV,124,0.9999998807907104,0.0,0.6515118347989595,0.6515118347989595,,,,1.0
10,water_gsolv_eV,125,0.9999998807907104,0.0,0.6515118347989595,0.6515118347989595,,,,1.0
10,water_gsolv_eV,126,0.9999998807907104,0.0,0.6515118347989595,0.6515118347989595,,,,1.0
10,water_gsolv_eV,127,0.9999998807907104,0.0,0.6515118347989595,0.6515118347989595,,,,1.0
10,water_gsolv_eV,128,0.9999998807907104,0.0,0.6515118347989595,0.6515118347989595,,,,1.0
10,water_gsolv_eV,129,0.9999998807907104,0.0,0.6515118347989595,0.6515118347989595,,,,1.0
10,water_gsolv_eV,130,0.9999998807907104,0.0,0.6515118347989595,0.6515118347989595,,,,1.0
10,water_gsolv_eV,131,0.9999998807907104,0.0,0.6515118347989595,0.6515118347989595,,,,1.0
10,water_gsolv_eV,132,0.9999998807907104,0.0,0.6515118347989595,0.6515118347989595,,,,1.0
10,water_gsolv_eV,133,0.9999998807907104,0.0,0.6515118347989595,0.6515118347989595,,,,1.0
10,water_gsolv_eV,134,0.9999998807907104,0.0,0.6515118347989595,0.6515118347989595,,,,1.0
10,water_gsolv_eV,135,0.9999998807907104,0.0,0.6515118347989595,0.6515118347989595,,,,1.0
10,water_gsolv_eV,136,0.9999998807907104,0.0,0.6515118347989595,0.6515118347989595,,,,1.0
10,water_gsolv_eV,137,0.9999998807907104,0.0,0.6515118347989595,0.6515118347989595,,,,1.0
10,water_gsolv_eV,138,0.9999998807907104,0.0,0.6515118347989595,0.6515118347989595,,,,1.0
10,water_gsolv_eV,139,0.9999998807907104,0.0,0.6515118347989595,0.6515118347989595,,,,1.0
10,water_gsolv_eV,140,0.9999998807907104,0.0,0.6515118347989595,0.6515118347989595,,,,1.0
10,water_gsolv_eV,141,0.9999998807907104,0.0,0.6515118347989595,0.6515118347989595,,,,1.0
10,water_gsolv_eV,142,0.9999998807907104,0.0,0.6515118347989595,0.6515118347989595,,,,1.0
10,water_gsolv_eV,143,0.9999998807907104,0.0,0.6515118347989595,0.6515118347989595,,,,1.0
10,water_gsolv_eV,144,0.9999998807907104,0.0,0.6515118347989595,0.6515118347989595,,,,1.0
10,water_gsolv_eV,145,0.9999998807907104,0.0,0.6515118347989595,0.6515118347989595,,,,1.0
10,water_gsolv_eV,146,0.9999998807907104,0.0,0.6515118347989595,0.6515118347989595,,,,1.0
10,water_gsolv_eV,147,0.9999998807907104,0.0,0.6515118347989595,0.6515118347989595,,,,1.0
10,water_gsolv_eV,148,0.9999998807907104,0.0,0.6515118347989595,0.6515118347989595,,,,1.0
10,water_gsolv_eV,149,0.9999998807907104,0.0,0.6515118347989595,0.6515118347989595,,,,1.0
10,water_gsolv_eV,150,0.9999998807907104,0.0,0.6515118347989595,0.6515118347989595,,,,1.0
10,water_gsolv_eV,151,0.9999998807907104,0.0,0.6515118347989595,0.6515118347989595,,,,1.0
10,water_gsolv_eV,152,0.9999998807907104,0.0,0.6515118347989595,0.6515118347989595,,,,1.0
10,water_gsolv_eV,153,0.9999998807907104,0.0,0.6515118347989595,0.6515118347989595,,,,1.0
10,water_gsolv_eV,154,0.9999998807907104,0.0,0.6515118347989595,0.6515118347989595,,,,1.0
10,water_gsolv_eV,155,0.9999998807907104,0.0,0.6515118347989595,0.6515118347989595,,,,1.0
10,water_gsolv_eV,156,0.9999998807907104,0.0,0.6515118347989595,0.6515118347989595,,,,1.0
10,water_gsolv_eV,157,0.9999998807907104,0.0,0.6515118347989595,0.6515118347989595,,,,1.0
10,water_gsolv_eV,158,0.9999998807907104,0.0,0.6515118347989595,0.6515118347989595,,,,1.0
10,water_gsolv_eV,159,0.9999998807907104,0.0,0.6515118347989595,0.6515118347989595,,,,1.0
10,water_gsolv_eV,160,0.9999998807907104,0.0,0.6515118347989595,0.6515118347989595,,,,1.0
10,water_gsolv_eV,161,0.9999998807907104,0.0,0.6515118347989595,0.6515118347989595,,,,1.0
10,water_gsolv_eV,162,0.9999998807907104,0.0,0.6515118347989595,0.6515118347989595,,,,1.0
10,water_gsolv_eV,163,0.9999998807907104,0.0,0.6515118347989595,0.6515118347989595,,,,1.0
10,water_gsolv_eV,164,0.9999998807907104,0.0,0.6515118347989595,0.6515118347989595,,,,1.0
10,water_gsolv_eV,165,0.9999998807907104,0.0,0.6515118347989595,0.6515118347989595,,,,1.0
10,water_gsolv_eV,166,0.9999998807907104,0.0,0.6515118347989595,0.6515118347989595,,,,1.0
10,water_gsolv_eV,167,0.9999998807907104,0.0,0.6515118347989595,0.6515118347989595,,,,1.0
10,water_gsolv_eV,168,0.9999998807907104,0.0,0.6515118347989595,0.6515118347989595,,,,1.0
10,water_gsolv_eV,169,0.9999998807907104,0.0,0.6515118347989595,0.6515118347989595,,,,1.0
10,water_gsolv_eV,170,0.9999998807907104,0.0,0.6515118347989595,0.6515118347989595,,,,1.0
10,water_gsolv_eV,171,0.9999998807907104,0.0,0.6515118347989595,0.6515118347989595,,,,1.0
10,water_gsolv_eV,172,0.9999998807907104,0.0,0.6515118347989595,0.6515118347989595,,,,1.0
10,water_gsolv_eV,173,0.9999998807907104,0.0,0.6515118347989595,0.6515118347989595,,,,1.0
10,water_gsolv_eV,174,0.9999998807907104,0.0,0.6515118347989595,0.6515118347989595,,,,1.0
10,water_gsolv_eV,175,0.9999998807907104,0.0,0.6515118347989595,0.6515118347989595,,,,1.0
10,water_gsolv_eV,176,0.9999998807907104,0.0,0.6515118347989595,0.6515118347989595,,,,1.0
10,water_gsolv_eV,177,0.9999998807907104,0.0,0.6515118347989595,0.6515118347989595,,,,1.0
10,water_gsolv_eV,178,0.9999998807907104,0.0,0.6515118347989595,0.6515118347989595,,,,1.0
10,water_gsolv_eV,179,0.9999998807907104,0.0,0.6515118347989595,0.6515118347989595,,,,1.0
10,water_gsolv_eV,180,0.9999998807907104,0.0,0.6515118347989595,0.6515118347989595,,,,1.0
10,water_gsolv_eV,181,0.9999998807907104,0.0,0.6515118347989595,0.6515118347989595,,,,1.0
10,water_gsolv_eV,182,0.9999998807907104,0.0,0.6515118347989595,0.6515118347989595,,,,1.0
10,water_gsolv_eV,183,0.9999998807907104,0.0,0.6515118347989595,0.6515118347989595,,,,1.0
10,water_gsolv_eV,184,0.9999998807907104,0.0,0.6515118347989595,0.6515118347989595,,,,1.0
10,water_gsolv_eV,185,0.9999998807907104,0.0,0.6515118347989595,0.6515118347989595,,,,1.0
10,water_gsolv_eV,186,0.9999998807907104,0.0,0.6515118347989595,0.6515118347989595,,,,1.0
10,water_gsolv_eV,187,0.9999998807907104,0.0,0.6515118347989595,0.6515118347989595,,,,1.0
10,water_gsolv_eV,188,0.9999998807907104,0.0,0.6515118347989595,0.6515118347989595,,,,1.0
10,water_gsolv_eV,189,0.9999998807907104,0.0,0.6515118347989595,0.6515118347989595,,,,1.0
10,water_gsolv_eV,190,0.9999998807907104,0.0,0.6515118347989595,0.6515118347989595,,,,1.0
10,water_gsolv_eV,191,0.9999998807907104,0.0,0.6515118347989595,0.6515118347989595,,,,1.0
10,water_gsolv_eV,192,0.9999998807907104,0.0,0.6515118347989595,0.6515118347989595,,,,1.0
10,water_gsolv_eV,193,0.9999998807907104,0.0,0.6515118347989595,0.6515118347989595,,,,1.0
10,water_gsolv_eV,194,0.9999998807907104,0.0,0.6515118347989595,0.6515118347989595,,,,1.0
10,water_gsolv_eV,195,0.9999998807907104,0.0,0.6515118347989595,0.6515118347989595,,,,1.0
10,water_gsolv_eV,196,0.9999998807907104,0.0,0.6515118347989595,0.6515118347989595,,,,1.0
10,water_gsolv_eV,197,0.9999998807907104,0.0,0.6515118347989595,0.6515118347989595,,,,1.0
10,water_gsolv_eV,198,0.9999998807907104,0.0,0.6515118347989595,0.6515118347989595,,,,1.0
10,water_gsolv_eV,199,0.9999998807907104,0.0,0.6515118347989595,0.6515118347989595,,,,1.0
10,water_gsolv_eV,200,0.9999998807907104,0.0,0.6515118347989595,0.6515118347989595,,,,1.0
10,water_gsolv_eV,201,0.9999998807907104,0.0,0.6515118347989595,0.6515118347989595,,,,1.0
10,water_gsolv_eV,202,0.9999998807907104,0.0,0.6515118347989595,0.6515118347989595,,,,1.0
10,water_gsolv_eV,203,0.9999998807907104,0.0,0.6515118347989595,0.6515118347989595,,,,1.0
10,water_gsolv_eV,204,0.9999998807907104,0.0,0.6515118347989595,0.6515118347989595,,,,1.0
10,water_gsolv_eV,205,0.9999998807907104,0.0,0.6515118347989595,0.6515118347989595,,,,1.0
10,water_gsolv_eV,206,0.9999998807907104,0.0,0.6515118347989595,0.6515118347989595,,,,1.0
10,water_gsolv_eV,207,0.9999998807907104,0.0,0.6515118347989595,0.6515118347989595,,,,1.0
10,water_gsolv_eV,208,0.9999998807907104,0.0,0.6515118347989595,0.6515118347989595,,,,1.0
10,water_gsolv_eV,209,0.9999998807907104,0.0,0.6515118347989595,0.6515118347989595,,,,1.0
10,water_gsolv_eV,210,0.9999998807907104,0.0,0.6515118347989595,0.6515118347989595,,,,1.0
10,water_gsolv_eV,211,0.9999998807907104,0.0,0.6515118347989595,0.6515118347989595,,,,1.0
10,water_gsolv_eV,212,0.9999998807907104,0.0,0.6515118347989595,0.6515118347989595,,,,1.0
10,water_gsolv_eV,213,0.9999998807907104,0.0,0.6515118347989595,0.6515118347989595,,,,1.0
10,water_gsolv_eV,214,0.9999998807907104,0.0,0.6515118347989595,0.6515118347989595,,,,1.0
10,water_gsolv_eV,215,0.9999998807907104,0.0,0.6515118347989595,0.6515118347989595,,,,1.0
10,water_gsolv_eV,216,0.9999998807907104,0.0,0.6515118347989595,0.6515118347989595,,,,1.0
10,water_gsolv_eV,217,0.9999998807907104,0.0,0.6515118347989595,0.6515118347989595,,,,1.0
10,water_gsolv_eV,218,0.9999998807907104,0.0,0.6515118347989595,0.6515118347989595,,,,1.0
10,water_gsolv_eV,219,0.9999998807907104,0.0,0.6515118347989595,0.6515118347989595,,,,1.0
10,water_gsolv_eV,220,0.9999998807907104,0.0,0.6515118347989595,0.6515118347989595,,,,1.0
10,water_gsolv_eV,221,0.9999998807907104,0.0,0.6515118347989595,0.6515118347989595,,,,1.0
10,water_gsolv_eV,222,0.9999998807907104,0.0,0.6515118347989595,0.6515118347989595,,,,1.0
10,water_gsolv_eV,223,0.9999998807907104,0.0,0.6515118347989595,0.6515118347989595,,,,1.0
10,water_gsolv_eV,224,0.9999998807907104,0.0,0.6515118347989595,0.6515118347989595,,,,1.0
10,water_gsolv_eV,225,0.9999998807907104,0.0,0.6515118347989595,0.6515118347989595,,,,1.0
10,water_gsolv_eV,226,0.9999998807907104,0.0,0.6515118347989595,0.6515118347989595,,,,1.0
10,water_gsolv_eV,227,0.9999998807907104,0.0,0.6515118347989595,0.6515118347989595,,,,1.0
10,water_gsolv_eV,228,0.9999998807907104,0.0,0.6515118347989595,0.6515118347989595,,,,1.0
10,water_gsolv_eV,229,0.9999998807907104,0.0,0.6515118347989595,0.6515118347989595,,,,1.0
10,water_gsolv_eV,230,0.9999998807907104,0.0,0.6515118347989595,0.6515118347989595,,,,1.0
10,water_gsolv_eV,231,0.9999998807907104,0.0,0.6515118347989595,0.6515118347989595,,,,1.0
10,water_gsolv_eV,232,0.9999998807907104,0.0,0.6515118347989595,0.6515118347989595,,,,1.0
10,water_gsolv_eV,233,0.9999998807907104,0.0,0.6515118347989595,0.6515118347989595,,,,1.0
10,water_gsolv_eV,234,0.9999998807907104,0.0,0.6515118347989595,0.6515118347989595,,,,1.0
10,water_gsolv_eV,235,0.9999998807907104,0.0,0.6515118347989595,0.6515118347989595,,,,1.0
10,water_gsolv_eV,236,0.9999998807907104,0.0,0.6515118347989595,0.6515118347989595,,,,1.0
10,water_gsolv_eV,237,0.9999998807907104,0.0,0.6515118347989595,0.6515118347989595,,,,1.0
10,water_gsolv_eV,238,0.9999998807907104,0.0,0.6515118347989595,0.6515118347989595,,,,1.0
10,water_gsolv_eV,239,0.9999998807907104,0.0,0.6515118347989595,0.6515118347989595,,,,1.0
10,water_gsolv_eV,240,0.9999998807907104,0.0,0.6515118347989595,0.6515118347989595,,,,1.0
10,water_gsolv_eV,241,0.9999998807907104,0.0,0.6515118347989595,0.6515118347989595,,,,1.0
10,water_gsolv_eV,242,0.9999998807907104,0.0,0.6515118347989595,0.6515118347989595,,,,1.0
10,water_gsolv_eV,243,0.9999998807907104,0.0,0.6515118347989595,0.6515118347989595,,,,1.0
10,water_gsolv_eV,244,0.9999998807907104,0.0,0.6515118347989595,0.6515118347989595,,,,1.0
10,water_gsolv_eV,245,0.9999998807907104,0.0,0.6515118347989595,0.6515118347989595,,,,1.0
10,water_gsolv_eV,246,0.9999998807907104,0.0,0.6515118347989595,0.6515118347989595,,,,1.0
10,water_gsolv_eV,247,0.9999998807907104,0.0,0.6515118347989595,0.6515118347989595,,,,1.0
10,water_gsolv_eV,248,0.9999998807907104,0.0,0.6515118347989595,0.6515118347989595,,,,1.0
10,water_gsolv_eV,249,0.9999998807907104,0.0,0.6515118347989595,0.6515118347989595,,,,1.0
10,water_hl_gap_eV,0,1.0,0.0,0.6901804107661917,0.6901804107661917,,,,1.0
10,water_hl_gap_eV,1,1.0,0.0,0.6901804107661917,0.6901804107661917,,,,1.0
10,water_hl_gap_eV,2,1.0,0.0,0.6901804107661917,0.6901804107661917,,,,1.0
10,water_hl_gap_eV,3,1.0,0.0,0.6901804107661917,0.6901804107661917,,,,1.0
10,water_hl_gap_eV,4,1.0,0.0,0.6901804107661917,0.6901804107661917,,,,1.0
10,water_hl_gap_eV,5,1.0,0.0,0.6901804107661917,0.6901804107661917,,,,1.0
10,water_hl_gap_eV,6,1.0,0.0,0.6901804107661917,0.6901804107661917,,,,1.0
10,water_hl_gap_eV,7,1.0,0.0,0.6901804107661917,0.6901804107661917,,,,1.0
10,water_hl_gap_eV,8,1.0,0.0,0.6901804107661917,0.6901804107661917,,,,1.0
10,water_hl_gap_eV,9,1.0,0.0,0.6901804107661917,0.6901804107661917,,,,1.0
10,water_hl_gap_eV,10,1.0,0.0,0.6901804107661917,0.6901804107661917,,,,1.0
10,water_hl_gap_eV,11,1.0,0.0,0.6901804107661917,0.6901804107661917,,,,1.0
10,water_hl_gap_eV,12,1.0,0.0,0.6901804107661917,0.6901804107661917,,,,1.0
10,water_hl_gap_eV,13,1.0,0.0,0.6901804107661917,0.6901804107661917,,,,1.0
10,water_hl_gap_eV,14,1.0,0.0,0.6901804107661917,0.6901804107661917,,,,1.0
10,water_hl_gap_eV,15,1.0,0.0,0.6901804107661917,0.6901804107661917,,,,1.0
10,water_hl_gap_eV,16,1.0,0.0,0.6901804107661917,0.6901804107661917,,,,1.0
10,water_hl_gap_eV,17,1.0,0.0,0.6901804107661917,0.6901804107661917,,,,1.0
10,water_hl_gap_eV,18,1.0,0.0,0.6901804107661917,0.6901804107661917,,,,1.0
10,water_hl_gap_eV,19,1.0,0.0,0.6901804107661917,0.6901804107661917,,,,1.0
10,water_hl_gap_eV,20,1.0,0.0,0.6901804107661917,0.6901804107661917,,,,1.0
10,water_hl_gap_eV,21,1.0,0.0,0.6901804107661917,0.6901804107661917,,,,1.0
10,water_hl_gap_eV,22,1.0,0.0,0.6901804107661917,0.6901804107661917,,,,1.0
10,water_hl_gap_eV,23,1.0,0.0,0.6901804107661917,0.6901804107661917,,,,1.0
10,water_hl_gap_eV,24,1.0,0.0,0.6901804107661917,0.6901804107661917,,,,1.0
10,water_hl_gap_eV,25,1.0,0.0,0.6901804107661917,0.6901804107661917,,,,1.0
10,water_hl_gap_eV,26,1.0,0.0,0.6901804107661917,0.6901804107661917,,,,1.0
10,water_hl_gap_eV,27,1.0,0.0,0.6901804107661917,0.6901804107661917,,,,1.0
10,water_hl_gap_eV,28,1.0,0.0,0.6901804107661917,0.6901804107661917,,,,1.0
10,water_hl_gap_eV,29,1.0,0.0,0.6901804107661917,0.6901804107661917,,,,1.0
10,water_hl_gap_eV,30,1.0,0.0,0.6901804107661917,0.6901804107661917,,,,1.0
10,water_hl_gap_eV,31,1.0,0.0,0.6901804107661917,0.6901804107661917,,,,1.0
10,water_hl_gap_eV,32,1.0,0.0,0.6901804107661917,0.6901804107661917,,,,1.0
10,water_hl_gap_eV,33,1.0,0.0,0.6901804107661917,0.6901804107661917,,,,1.0
10,water_hl_gap_eV,34,1.0,0.0,0.6901804107661917,0.6901804107661917,,,,1.0
10,water_hl_gap_eV,35,1.0,0.0,0.6901804107661917,0.6901804107661917,,,,1.0
10,water_hl_gap_eV,36,1.0,0.0,0.6901804107661917,0.6901804107661917,,,,1.0
10,water_hl_gap_eV,37,1.0,0.0,0.6901804107661917,0.6901804107661917,,,,1.0
10,water_hl_gap_eV,38,1.0,0.0,0.6901804107661917,0.6901804107661917,,,,1.0
10,water_hl_gap_eV,39,1.0,0.0,0.6901804107661917,0.6901804107661917,,,,1.0
10,water_hl_gap_eV,40,1.0,0.0,0.6901804107661917,0.6901804107661917,,,,1.0
10,water_hl_gap_eV,41,1.0,0.0,0.6901804107661917,0.6901804107661917,,,,1.0
10,water_hl_gap_eV,42,1.0,0.0,0.6901804107661917,0.6901804107661917,,,,1.0
10,water_hl_gap_eV,43,1.0,0.0,0.6901804107661917,0.6901804107661917,,,,1.0
10,water_hl_gap_eV,44,1.0,0.0,0.6901804107661917,0.6901804107661917,,,,1.0
10,water_hl_gap_eV,45,1.0,0.0,0.6901804107661917,0.6901804107661917,,,,1.0
10,water_hl_gap_eV,46,1.0,0.0,0.6901804107661917,0.6901804107661917,,,,1.0
10,water_hl_gap_eV,47,1.0,0.0,0.6901804107661917,0.6901804107661917,,,,1.0
10,water_hl_gap_eV,48,1.0,0.0,0.6901804107661917,0.6901804107661917,,,,1.0
10,water_hl_gap_eV,49,1.0,0.0,0.6901804107661917,0.6901804107661917,,,,1.0
10,water_hl_gap_eV,50,1.0,0.0,0.6901804107661917,0.6901804107661917,,,,1.0
10,water_hl_gap_eV,51,1.0,0.0,0.6901804107661917,0.6901804107661917,,,,1.0
10,water_hl_gap_eV,52,1.0,0.0,0.6901804107661917,0.6901804107661917,,,,1.0
10,water_hl_gap_eV,53,1.0,0.0,0.6901804107661917,0.6901804107661917,,,,1.0
10,water_hl_gap_eV,54,1.0,0.0,0.6901804107661917,0.6901804107661917,,,,1.0
10,water_hl_gap_eV,55,1.0,0.0,0.6901804107661917,0.6901804107661917,,,,1.0
10,water_hl_gap_eV,56,1.0,0.0,0.6901804107661917,0.6901804107661917,,,,1.0
10,water_hl_gap_eV,57,1.0,0.0,0.6901804107661917,0.6901804107661917,,,,1.0
10,water_hl_gap_eV,58,1.0,0.0,0.6901804107661917,0.6901804107661917,,,,1.0
10,water_hl_gap_eV,59,1.0,0.0,0.6901804107661917,0.6901804107661917,,,,1.0
10,water_hl_gap_eV,60,1.0,0.0,0.6901804107661917,0.6901804107661917,,,,1.0
10,water_hl_gap_eV,61,1.0,0.0,0.6901804107661917,0.6901804107661917,,,,1.0
10,water_hl_gap_eV,62,1.0,0.0,0.6901804107661917,0.6901804107661917,,,,1.0
10,water_hl_gap_eV,63,1.0,0.0,0.6901804107661917,0.6901804107661917,,,,1.0
10,water_hl_gap_eV,64,1.0,0.0,0.6901804107661917,0.6901804107661917,,,,1.0
10,water_hl_gap_eV,65,1.0,0.0,0.6901804107661917,0.6901804107661917,,,,1.0
10,water_hl_gap_eV,66,1.0,0.0,0.6901804107661917,0.6901804107661917,,,,1.0
10,water_hl_gap_eV,67,1.0,0.0,0.6901804107661917,0.6901804107661917,,,,1.0
10,water_hl_gap_eV,68,1.0,0.0,0.6901804107661917,0.6901804107661917,,,,1.0
10,water_hl_gap_eV,69,1.0,0.0,0.6901804107661917,0.6901804107661917,,,,1.0
10,water_hl_gap_eV,70,1.0,0.0,0.6901804107661917,0.6901804107661917,,,,1.0
10,water_hl_gap_eV,71,1.0,0.0,0.6901804107661917,0.6901804107661917,,,,1.0
10,water_hl_gap_eV,72,1.0,0.0,0.6901804107661917,0.6901804107661917,,,,1.0
10,water_hl_gap_eV,73,1.0,0.0,0.6901804107661917,0.6901804107661917,,,,1.0
10,water_hl_gap_eV,74,1.0,0.0,0.6901804107661917,0.6901804107661917,,,,1.0
10,water_hl_gap_eV,75,1.0,0.0,0.6901804107661917,0.6901804107661917,,,,1.0
10,water_hl_gap_eV,76,1.0,0.0,0.6901804107661917,0.6901804107661917,,,,1.0
10,water_hl_gap_eV,77,1.0,0.0,0.6901804107661917,0.6901804107661917,,,,1.0
10,water_hl_gap_eV,78,1.0,0.0,0.6901804107661917,0.6901804107661917,,,,1.0
10,water_hl_gap_eV,79,1.0,0.0,0.6901804107661917,0.6901804107661917,,,,1.0
10,water_hl_gap_eV,80,1.0,0.0,0.6901804107661917,0.6901804107661917,,,,1.0
10,water_hl_gap_eV,81,1.0,0.0,0.6901804107661917,0.6901804107661917,,,,1.0
10,water_hl_gap_eV,82,1.0,0.0,0.6901804107661917,0.6901804107661917,,,,1.0
10,water_hl_gap_eV,83,1.0,0.0,0.6901804107661917,0.6901804107661917,,,,1.0
10,water_hl_gap_eV,84,1.0,0.0,0.6901804107661917,0.6901804107661917,,,,1.0
10,water_hl_gap_eV,85,1.0,0.0,0.6901804107661917,0.6901804107661917,,,,1.0
10,water_hl_gap_eV,86,1.0,0.0,0.6901804107661917,0.6901804107661917,,,,1.0
10,water_hl_gap_eV,87,1.0,0.0,0.6901804107661917,0.6901804107661917,,,,1.0
10,water_hl_gap_eV,88,1.0,0.0,0.6901804107661917,0.6901804107661917,,,,1.0
10,water_hl_gap_eV,89,1.0,0.0,0.6901804107661917,0.6901804107661917,,,,1.0
10,water_hl_gap_eV,90,1.0,0.0,0.6901804107661917,0.6901804107661917,,,,1.0
10,water_hl_gap_eV,91,1.0,0.0,0.6901804107661917,0.6901804107661917,,,,1.0
10,water_hl_gap_eV,92,1.0,0.0,0.6901804107661917,0.6901804107661917,,,,1.0
10,water_hl_gap_eV,93,1.0,0.0,0.6901804107661917,0.6901804107661917,,,,1.0
10,water_hl_gap_eV,94,1.0,0.0,0.6901804107661917,0.6901804107661917,,,,1.0
10,water_hl_gap_eV,95,1.0,0.0,0.6901804107661917,0.6901804107661917,,,,1.0
10,water_hl_gap_eV,96,1.0,0.0,0.6901804107661917,0.6901804107661917,,,,1.0
10,water_hl_gap_eV,97,1.0,0.0,0.6901804107661917,0.6901804107661917,,,,1.0
10,water_hl_gap_eV,98,1.0,0.0,0.6901804107661917,0.6901804107661917,,,,1.0
10,water_hl_gap_eV,99,1.0,0.0,0.6901804107661917,0.6901804107661917,,,,1.0
10,water_hl_gap_eV,100,1.0,0.0,0.6901804107661917,0.6901804107661917,,,,1.0
10,water_hl_gap_eV,101,1.0,0.0,0.6901804107661917,0.6901804107661917,,,,1.0
10,water_hl_gap_eV,102,1.0,0.0,0.6901804107661917,0.6901804107661917,,,,1.0
10,water_hl_gap_eV,103,1.0,0.0,0.6901804107661917,0.6901804107661917,,,,1.0
10,water_hl_gap_eV,104,1.0,0.0,0.6901804107661917,0.6901804107661917,,,,1.0
10,water_hl_gap_eV,105,1.0,0.0,0.6901804107661917,0.6901804107661917,,,,1.0
10,water_hl_gap_eV,106,1.0,0.0,0.6901804107661917,0.6901804107661917,,,,1.0
10,water_hl_gap_eV,107,1.0,0.0,0.6901804107661917,0.6901804107661917,,,,1.0
10,water_hl_gap_eV,108,1.0,0.0,0.6901804107661917,0.6901804107661917,,,,1.0
10,water_hl_gap_eV,109,1.0,0.0,0.6901804107661917,0.6901804107661917,,,,1.0
10,water_hl_gap_eV,110,1.0,0.0,0.6901804107661917,0.6901804107661917,,,,1.0
10,water_hl_gap_eV,111,1.0,0.0,0.6901804107661917,0.6901804107661917,,,,1.0
10,water_hl_gap_eV,112,1.0,0.0,0.6901804107661917,0.6901804107661917,,,,1.0
10,water_hl_gap_eV,113,1.0,0.0,0.6901804107661917,0.6901804107661917,,,,1.0
10,water_hl_gap_eV,114,1.0,0.0,0.6901804107661917,0.6901804107661917,,,,1.0
10,water_hl_gap_eV,115,1.0,0.0,0.6901804107661917,0.6901804107661917,,,,1.0
10,water_hl_gap_eV,116,1.0,0.0,0.6901804107661917,0.6901804107661917,,,,1.0
10,water_hl_gap_eV,117,1.0,0.0,0.6901804107661917,0.6901804107661917,,,,1.0
10,water_hl_gap_eV,118,1.0,0.0,0.6901804107661917,0.6901804107661917,,,,1.0
10,water_hl_gap_eV,119,1.0,0.0,0.6901804107661917,0.6901804107661917,,,,1.0
10,water_hl_gap_eV,120,1.0,0.0,0.6901804107661917,0.6901804107661917,,,,1.0
10,water_hl_gap_eV,121,1.0,0.0,0.6901804107661917,0.6901804107661917,,,,1.0
10,water_hl_gap_eV,122,1.0,0.0,0.6901804107661917,0.6901804107661917,,,,1.0
10,water_hl_gap_eV,123,1.0,0.0,0.6901804107661917,0.6901804107661917,,,,1.0
10,water_hl_gap_eV,124,1.0,0.0,0.6901804107661917,0.6901804107661917,,,,1.0
10,water_hl_gap_eV,125,1.0,0.0,0.6901804107661917,0.6901804107661917,,,,1.0
10,water_hl_gap_eV,126,1.0,0.0,0.6901804107661917,0.6901804107661917,,,,1.0
10,water_hl_gap_eV,127,1.0,0.0,0.6901804107661917,0.6901804107661917,,,,1.0
10,water_hl_gap_eV,128,1.0,0.0,0.6901804107661917,0.6901804107661917,,,,1.0
10,water_hl_gap_eV,129,1.0,0.0,0.6901804107661917,0.6901804107661917,,,,1.0
10,water_hl_gap_eV,130,1.0,0.0,0.6901804107661917,0.6901804107661917,,,,1.0
10,water_hl_gap_eV,131,1.0,0.0,0.6901804107661917,0.6901804107661917,,,,1.0
10,water_hl_gap_eV,132,1.0,0.0,0.6901804107661917,0.6901804107661917,,,,1.0
10,water_hl_gap_eV,133,1.0,0.0,0.6901804107661917,0.6901804107661917,,,,1.0
10,water_hl_gap_eV,134,1.0,0.0,0.6901804107661917,0.6901804107661917,,,,1.0
10,water_hl_gap_eV,135,1.0,0.0,0.6901804107661917,0.6901804107661917,,,,1.0
10,water_hl_gap_eV,136,1.0,0.0,0.6901804107661917,0.6901804107661917,,,,1.0
10,water_hl_gap_eV,137,1.0,0.0,0.6901804107661917,0.6901804107661917,,,,1.0
10,water_hl_gap_eV,138,1.0,0.0,0.6901804107661917,0.6901804107661917,,,,1.0
10,water_hl_gap_eV,139,1.0,0.0,0.6901804107661917,0.6901804107661917,,,,1.0
10,water_hl_gap_eV,140,1.0,0.0,0.6901804107661917,0.6901804107661917,,,,1.0
10,water_hl_gap_eV,141,1.0,0.0,0.6901804107661917,0.6901804107661917,,,,1.0
10,water_hl_gap_eV,142,1.0,0.0,0.6901804107661917,0.6901804107661917,,,,1.0
10,water_hl_gap_eV,143,1.0,0.0,0.6901804107661917,0.6901804107661917,,,,1.0
10,water_hl_gap_eV,144,1.0,0.0,0.6901804107661917,0.6901804107661917,,,,1.0
10,water_hl_gap_eV,145,1.0,0.0,0.6901804107661917,0.6901804107661917,,,,1.0
10,water_hl_gap_eV,146,1.0,0.0,0.6901804107661917,0.6901804107661917,,,,1.0
10,water_hl_gap_eV,147,1.0,0.0,0.6901804107661917,0.6901804107661917,,,,1.0
10,water_hl_gap_eV,148,1.0,0.0,0.6901804107661917,0.6901804107661917,,,,1.0
10,water_hl_gap_eV,149,1.0,0.0,0.6901804107661917,0.6901804107661917,,,,1.0
10,water_hl_gap_eV,150,1.0,0.0,0.6901804107661917,0.6901804107661917,,,,1.0
10,water_hl_gap_eV,151,1.0,0.0,0.6901804107661917,0.6901804107661917,,,,1.0
10,water_hl_gap_eV,152,1.0,0.0,0.6901804107661917,0.6901804107661917,,,,1.0
10,water_hl_gap_eV,153,1.0,0.0,0.6901804107661917,0.6901804107661917,,,,1.0
10,water_hl_gap_eV,154,1.0,0.0,0.6901804107661917,0.6901804107661917,,,,1.0
10,water_hl_gap_eV,155,1.0,0.0,0.6901804107661917,0.6901804107661917,,,,1.0
10,water_hl_gap_eV,156,1.0,0.0,0.6901804107661917,0.6901804107661917,,,,1.0
10,water_hl_gap_eV,157,1.0,0.0,0.6901804107661917,0.6901804107661917,,,,1.0
10,water_hl_gap_eV,158,1.0,0.0,0.6901804107661917,0.6901804107661917,,,,1.0
10,water_hl_gap_eV,159,1.0,0.0,0.6901804107661917,0.6901804107661917,,,,1.0
10,water_hl_gap_eV,160,1.0,0.0,0.6901804107661917,0.6901804107661917,,,,1.0
10,water_hl_gap_eV,161,1.0,0.0,0.6901804107661917,0.6901804107661917,,,,1.0
10,water_hl_gap_eV,162,1.0,0.0,0.6901804107661917,0.6901804107661917,,,,1.0
10,water_hl_gap_eV,163,1.0,0.0,0.6901804107661917,0.6901804107661917,,,,1.0
10,water_hl_gap_eV,164,1.0,0.0,0.6901804107661917,0.6901804107661917,,,,1.0
10,water_hl_gap_eV,165,1.0,0.0,0.6901804107661917,0.6901804107661917,,,,1.0
10,water_hl_gap_eV,166,1.0,0.0,0.6901804107661917,0.6901804107661917,,,,1.0
10,water_hl_gap_eV,167,1.0,0.0,0.6901804107661917,0.6901804107661917,,,,1.0
10,water_hl_gap_eV,168,1.0,0.0,0.6901804107661917,0.6901804107661917,,,,1.0
10,water_hl_gap_eV,169,1.0,0.0,0.6901804107661917,0.6901804107661917,,,,1.0
10,water_hl_gap_eV,170,1.0,0.0,0.6901804107661917,0.6901804107661917,,,,1.0
10,water_hl_gap_eV,171,1.0,0.0,0.6901804107661917,0.6901804107661917,,,,1.0
10,water_hl_gap_eV,172,1.0,0.0,0.6901804107661917,0.6901804107661917,,,,1.0
10,water_hl_gap_eV,173,1.0,0.0,0.6901804107661917,0.6901804107661917,,,,1.0
10,water_hl_gap_eV,174,1.0,0.0,0.6901804107661917,0.6901804107661917,,,,1.0
10,water_hl_gap_eV,175,1.0,0.0,0.6901804107661917,0.6901804107661917,,,,1.0
10,water_hl_gap_eV,176,1.0,0.0,0.6901804107661917,0.6901804107661917,,,,1.0
10,water_hl_gap_eV,177,1.0,0.0,0.6901804107661917,0.6901804107661917,,,,1.0
10,water_hl_gap_eV,178,1.0,0.0,0.6901804107661917,0.6901804107661917,,,,1.0
10,water_hl_gap_eV,179,1.0,0.0,0.6901804107661917,0.6901804107661917,,,,1.0
10,water_hl_gap_eV,180,1.0,0.0,0.6901804107661917,0.6901804107661917,,,,1.0
10,water_hl_gap_eV,181,1.0,0.0,0.6901804107661917,0.6901804107661917,,,,1.0
10,water_hl_gap_eV,182,1.0,0.0,0.6901804107661917,0.6901804107661917,,,,1.0
10,water_hl_gap_eV,183,1.0,0.0,0.6901804107661917,0.6901804107661917,,,,1.0
10,water_hl_gap_eV,184,1.0,0.0,0.6901804107661917,0.6901804107661917,,,,1.0
10,water_hl_gap_eV,185,1.0,0.0,0.6901804107661917,0.6901804107661917,,,,1.0
10,water_hl_gap_eV,186,1.0,0.0,0.6901804107661917,0.6901804107661917,,,,1.0
10,water_hl_gap_eV,187,1.0,0.0,0.6901804107661917,0.6901804107661917,,,,1.0
10,water_hl_gap_eV,188,1.0,0.0,0.6901804107661917,0.6901804107661917,,,,1.0
10,water_hl_gap_eV,189,1.0,0.0,0.6901804107661917,0.6901804107661917,,,,1.0
10,water_hl_gap_eV,190,1.0,0.0,0.6901804107661917,0.6901804107661917,,,,1.0
10,water_hl_gap_eV,191,1.0,0.0,0.6901804107661917,0.6901804107661917,,,,1.0
10,water_hl_gap_eV,192,1.0,0.0,0.6901804107661917,0.6901804107661917,,,,1.0
10,water_hl_gap_eV,193,1.0,0.0,0.6901804107661917,0.6901804107661917,,,,1.0
10,water_hl_gap_eV,194,1.0,0.0,0.6901804107661917,0.6901804107661917,,,,1.0
10,water_hl_gap_eV,195,1.0,0.0,0.6901804107661917,0.6901804107661917,,,,1.0
10,water_hl_gap_eV,196,1.0,0.0,0.6901804107661917,0.6901804107661917,,,,1.0
10,water_hl_gap_eV,197,1.0,0.0,0.6901804107661917,0.6901804107661917,,,,1.0
10,water_hl_gap_eV,198,1.0,0.0,0.6901804107661917,0.6901804107661917,,,,1.0
10,water_hl_gap_eV,199,1.0,0.0,0.6901804107661917,0.6901804107661917,,,,1.0
10,water_hl_gap_eV,200,1.0,0.0,0.6901804107661917,0.6901804107661917,,,,1.0
10,water_hl_gap_eV,201,1.0,0.0,0.6901804107661917,0.6901804107661917,,,,1.0
10,water_hl_gap_eV,202,1.0,0.0,0.6901804107661917,0.6901804107661917,,,,1.0
10,water_hl_gap_eV,203,1.0,0.0,0.6901804107661917,0.6901804107661917,,,,1.0
10,water_hl_gap_eV,204,1.0,0.0,0.6901804107661917,0.6901804107661917,,,,1.0
10,water_hl_gap_eV,205,1.0,0.0,0.6901804107661917,0.6901804107661917,,,,1.0
10,water_hl_gap_eV,206,1.0,0.0,0.6901804107661917,0.6901804107661917,,,,1.0
10,water_hl_gap_eV,207,1.0,0.0,0.6901804107661917,0.6901804107661917,,,,1.0
10,water_hl_gap_eV,208,1.0,0.0,0.6901804107661917,0.6901804107661917,,,,1.0
10,water_hl_gap_eV,209,1.0,0.0,0.6901804107661917,0.6901804107661917,,,,1.0
10,water_hl_gap_eV,210,1.0,0.0,0.6901804107661917,0.6901804107661917,,,,1.0
10,water_hl_gap_eV,211,1.0,0.0,0.6901804107661917,0.6901804107661917,,,,1.0
10,water_hl_gap_eV,212,1.0,0.0,0.6901804107661917,0.6901804107661917,,,,1.0
10,water_hl_gap_eV,213,1.0,0.0,0.6901804107661917,0.6901804107661917,,,,1.0
10,water_hl_gap_eV,214,1.0,0.0,0.6901804107661917,0.6901804107661917,,,,1.0
10,water_hl_gap_eV,215,1.0,0.0,0.6901804107661917,0.6901804107661917,,,,1.0
10,water_hl_gap_eV,216,1.0,0.0,0.6901804107661917,0.6901804107661917,,,,1.0
10,water_hl_gap_eV,217,1.0,0.0,0.6901804107661917,0.6901804107661917,,,,1.0
10,water_hl_gap_eV,218,1.0,0.0,0.6901804107661917,0.6901804107661917,,,,1.0
10,water_hl_gap_eV,219,1.0,0.0,0.6901804107661917,0.6901804107661917,,,,1.0
10,water_hl_gap_eV,220,1.0,0.0,0.6901804107661917,0.6901804107661917,,,,1.0
10,water_hl_gap_eV,221,1.0,0.0,0.6901804107661917,0.6901804107661917,,,,1.0
10,water_hl_gap_eV,222,1.0,0.0,0.6901804107661917,0.6901804107661917,,,,1.0
10,water_hl_gap_eV,223,1.0,0.0,0.6901804107661917,0.6901804107661917,,,,1.0
10,water_hl_gap_eV,224,1.0,0.0,0.6901804107661917,0.6901804107661917,,,,1.0
10,water_hl_gap_eV,225,1.0,0.0,0.6901804107661917,0.6901804107661917,,,,1.0
10,water_hl_gap_eV,226,1.0,0.0,0.6901804107661917,0.6901804107661917,,,,1.0
10,water_hl_gap_eV,227,1.0,0.0,0.6901804107661917,0.6901804107661917,,,,1.0
10,water_hl_gap_eV,228,1.0,0.0,0.6901804107661917,0.6901804107661917,,,,1.0
10,water_hl_gap_eV,229,1.0,0.0,0.6901804107661917,0.6901804107661917,,,,1.0
10,water_hl_gap_eV,230,1.0,0.0,0.6901804107661917,0.6901804107661917,,,,1.0
10,water_hl_gap_eV,231,1.0,0.0,0.6901804107661917,0.6901804107661917,,,,1.0
10,water_hl_gap_eV,232,1.0,0.0,0.6901804107661917,0.6901804107661917,,,,1.0
10,water_hl_gap_eV,233,1.0,0.0,0.6901804107661917,0.6901804107661917,,,,1.0
10,water_hl_gap_eV,234,1.0,0.0,0.6901804107661917,0.6901804107661917,,,,1.0
10,water_hl_gap_eV,235,1.0,0.0,0.6901804107661917,0.6901804107661917,,,,1.0
10,water_hl_gap_eV,236,1.0,0.0,0.6901804107661917,0.6901804107661917,,,,1.0
10,water_hl_gap_eV,237,1.0,0.0,0.6901804107661917,0.6901804107661917,,,,1.0
10,water_hl_gap_eV,238,1.0,0.0,0.6901804107661917,0.6901804107661917,,,,1.0
10,water_hl_gap_eV,239,1.0,0.0,0.6901804107661917,0.6901804107661917,,,,1.0
10,water_hl_gap_eV,240,1.0,0.0,0.6901804107661917,0.6901804107661917,,,,1.0
10,water_hl_gap_eV,241,1.0,0.0,0.6901804107661917,0.6901804107661917,,,,1.0
10,water_hl_gap_eV,242,1.0,0.0,0.6901804107661917,0.6901804107661917,,,,1.0
10,water_hl_gap_eV,243,1.0,0.0,0.6901804107661917,0.6901804107661917,,,,1.0
10,water_hl_gap_eV,244,1.0,0.0,0.6901804107661917,0.6901804107661917,,,,1.0
10,water_hl_gap_eV,245,1.0,0.0,0.6901804107661917,0.6901804107661917,,,,1.0
10,water_hl_gap_eV,246,1.0,0.0,0.6901804107661917,0.6901804107661917,,,,1.0
10,water_hl_gap_eV,247,1.0,0.0,0.6901804107661917,0.6901804107661917,,,,1.0
10,water_hl_gap_eV,248,1.0,0.0,0.6901804107661917,0.6901804107661917,,,,1.0
10,water_hl_gap_eV,249,1.0,0.0,0.6901804107661917,0.6901804107661917,,,,1.0
10,water_dipole,0,1.0000001192092896,0.0,0.6561856442093219,0.6561856442093219,,,,1.0
10,water_dipole,1,1.0000001192092896,0.0,0.6561856442093219,0.6561856442093219,,,,1.0
10,water_dipole,2,1.0000001192092896,0.0,0.6561856442093219,0.6561856442093219,,,,1.0
10,water_dipole,3,1.0000001192092896,0.0,0.6561856442093219,0.6561856442093219,,,,1.0
10,water_dipole,4,1.0000001192092896,0.0,0.6561856442093219,0.6561856442093219,,,,1.0
10,water_dipole,5,1.0000001192092896,0.0,0.6561856442093219,0.6561856442093219,,,,1.0
10,water_dipole,6,1.0000001192092896,0.0,0.6561856442093219,0.6561856442093219,,,,1.0
10,water_dipole,7,1.0000001192092896,0.0,0.6561856442093219,0.6561856442093219,,,,1.0
10,water_dipole,8,1.0000001192092896,0.0,0.6561856442093219,0.6561856442093219,,,,1.0
10,water_dipole,9,1.0000001192092896,0.0,0.6561856442093219,0.6561856442093219,,,,1.0
10,water_dipole,10,1.0000001192092896,0.0,0.6561856442093219,0.6561856442093219,,,,1.0
10,water_dipole,11,1.0000001192092896,0.0,0.6561856442093219,0.6561856442093219,,,,1.0
10,water_dipole,12,1.0000001192092896,0.0,0.6561856442093219,0.6561856442093219,,,,1.0
10,water_dipole,13,1.0000001192092896,0.0,0.6561856442093219,0.6561856442093219,,,,1.0
10,water_dipole,14,1.0000001192092896,0.0,0.6561856442093219,0.6561856442093219,,,,1.0
10,water_dipole,15,1.0000001192092896,0.0,0.6561856442093219,0.6561856442093219,,,,1.0
10,water_dipole,16,1.0000001192092896,0.0,0.6561856442093219,0.6561856442093219,,,,1.0
10,water_dipole,17,1.0000001192092896,0.0,0.6561856442093219,0.6561856442093219,,,,1.0
10,water_dipole,18,1.0000001192092896,0.0,0.6561856442093219,0.6561856442093219,,,,1.0
10,water_dipole,19,1.0000001192092896,0.0,0.6561856442093219,0.6561856442093219,,,,1.0
10,water_dipole,20,1.0000001192092896,0.0,0.6561856442093219,0.6561856442093219,,,,1.0
10,water_dipole,21,1.0000001192092896,0.0,0.6561856442093219,0.6561856442093219,,,,1.0
10,water_dipole,22,1.0000001192092896,0.0,0.6561856442093219,0.6561856442093219,,,,1.0
10,water_dipole,23,1.0000001192092896,0.0,0.6561856442093219,0.6561856442093219,,,,1.0
10,water_dipole,24,1.0000001192092896,0.0,0.6561856442093219,0.6561856442093219,,,,1.0
10,water_dipole,25,1.0000001192092896,0.0,0.6561856442093219,0.6561856442093219,,,,1.0
10,water_dipole,26,1.0000001192092896,0.0,0.6561856442093219,0.6561856442093219,,,,1.0
10,water_dipole,27,1.0000001192092896,0.0,0.6561856442093219,0.6561856442093219,,,,1.0
10,water_dipole,28,1.0000001192092896,0.0,0.6561856442093219,0.6561856442093219,,,,1.0
10,water_dipole,29,1.0000001192092896,0.0,0.6561856442093219,0.6561856442093219,,,,1.0
10,water_dipole,30,1.0000001192092896,0.0,0.6561856442093219,0.6561856442093219,,,,1.0
10,water_dipole,31,1.0000001192092896,0.0,0.6561856442093219,0.6561856442093219,,,,1.0
10,water_dipole,32,1.0000001192092896,0.0,0.6561856442093219,0.6561856442093219,,,,1.0
10,water_dipole,33,1.0000001192092896,0.0,0.6561856442093219,0.6561856442093219,,,,1.0
10,water_dipole,34,1.0000001192092896,0.0,0.6561856442093219,0.6561856442093219,,,,1.0
10,water_dipole,35,1.0000001192092896,0.0,0.6561856442093219,0.6561856442093219,,,,1.0
10,water_dipole,36,1.0000001192092896,0.0,0.6561856442093219,0.6561856442093219,,,,1.0
10,water_dipole,37,1.0000001192092896,0.0,0.6561856442093219,0.6561856442093219,,,,1.0
10,water_dipole,38,1.0000001192092896,0.0,0.6561856442093219,0.6561856442093219,,,,1.0
10,water_dipole,39,1.0000001192092896,0.0,0.6561856442093219,0.6561856442093219,,,,1.0
10,water_dipole,40,1.0000001192092896,0.0,0.6561856442093219,0.6561856442093219,,,,1.0
10,water_dipole,41,1.0000001192092896,0.0,0.6561856442093219,0.6561856442093219,,,,1.0
10,water_dipole,42,1.0000001192092896,0.0,0.6561856442093219,0.6561856442093219,,,,1.0
10,water_dipole,43,1.0000001192092896,0.0,0.6561856442093219,0.6561856442093219,,,,1.0
10,water_dipole,44,1.0000001192092896,0.0,0.6561856442093219,0.6561856442093219,,,,1.0
10,water_dipole,45,1.0000001192092896,0.0,0.6561856442093219,0.6561856442093219,,,,1.0
10,water_dipole,46,1.0000001192092896,0.0,0.6561856442093219,0.6561856442093219,,,,1.0
10,water_dipole,47,1.0000001192092896,0.0,0.6561856442093219,0.6561856442093219,,,,1.0
10,water_dipole,48,1.0000001192092896,0.0,0.6561856442093219,0.6561856442093219,,,,1.0
10,water_dipole,49,1.0000001192092896,0.0,0.6561856442093219,0.6561856442093219,,,,1.0
10,water_dipole,50,1.0000001192092896,0.0,0.6561856442093219,0.6561856442093219,,,,1.0
10,water_dipole,51,1.0000001192092896,0.0,0.6561856442093219,0.6561856442093219,,,,1.0
10,water_dipole,52,1.0000001192092896,0.0,0.6561856442093219,0.6561856442093219,,,,1.0
10,water_dipole,53,1.0000001192092896,0.0,0.6561856442093219,0.6561856442093219,,,,1.0
10,water_dipole,54,1.0000001192092896,0.0,0.6561856442093219,0.6561856442093219,,,,1.0
10,water_dipole,55,1.0000001192092896,0.0,0.6561856442093219,0.6561856442093219,,,,1.0
10,water_dipole,56,1.0000001192092896,0.0,0.6561856442093219,0.6561856442093219,,,,1.0
10,water_dipole,57,1.0000001192092896,0.0,0.6561856442093219,0.6561856442093219,,,,1.0
10,water_dipole,58,1.0000001192092896,0.0,0.6561856442093219,0.6561856442093219,,,,1.0
10,water_dipole,59,1.0000001192092896,0.0,0.6561856442093219,0.6561856442093219,,,,1.0
10,water_dipole,60,1.0000001192092896,0.0,0.6561856442093219,0.6561856442093219,,,,1.0
10,water_dipole,61,1.0000001192092896,0.0,0.6561856442093219,0.6561856442093219,,,,1.0
10,water_dipole,62,1.0000001192092896,0.0,0.6561856442093219,0.6561856442093219,,,,1.0
10,water_dipole,63,1.0000001192092896,0.0,0.6561856442093219,0.6561856442093219,,,,1.0
10,water_dipole,64,1.0000001192092896,0.0,0.6561856442093219,0.6561856442093219,,,,1.0
10,water_dipole,65,1.0000001192092896,0.0,0.6561856442093219,0.6561856442093219,,,,1.0
10,water_dipole,66,1.0000001192092896,0.0,0.6561856442093219,0.6561856442093219,,,,1.0
10,water_dipole,67,1.0000001192092896,0.0,0.6561856442093219,0.6561856442093219,,,,1.0
10,water_dipole,68,1.0000001192092896,0.0,0.6561856442093219,0.6561856442093219,,,,1.0
10,water_dipole,69,1.0000001192092896,0.0,0.6561856442093219,0.6561856442093219,,,,1.0
10,water_dipole,70,1.0000001192092896,0.0,0.6561856442093219,0.6561856442093219,,,,1.0
10,water_dipole,71,1.0000001192092896,0.0,0.6561856442093219,0.6561856442093219,,,,1.0
10,water_dipole,72,1.0000001192092896,0.0,0.6561856442093219,0.6561856442093219,,,,1.0
10,water_dipole,73,1.0000001192092896,0.0,0.6561856442093219,0.6561856442093219,,,,1.0
10,water_dipole,74,1.0000001192092896,0.0,0.6561856442093219,0.6561856442093219,,,,1.0
10,water_dipole,75,1.0000001192092896,0.0,0.6561856442093219,0.6561856442093219,,,,1.0
10,water_dipole,76,1.0000001192092896,0.0,0.6561856442093219,0.6561856442093219,,,,1.0
10,water_dipole,77,1.0000001192092896,0.0,0.6561856442093219,0.6561856442093219,,,,1.0
10,water_dipole,78,1.0000001192092896,0.0,0.6561856442093219,0.6561856442093219,,,,1.0
10,water_dipole,79,1.0000001192092896,0.0,0.6561856442093219,0.6561856442093219,,,,1.0
10,water_dipole,80,1.0000001192092896,0.0,0.6561856442093219,0.6561856442093219,,,,1.0
10,water_dipole,81,1.0000001192092896,0.0,0.6561856442093219,0.6561856442093219,,,,1.0
10,water_dipole,82,1.0000001192092896,0.0,0.6561856442093219,0.6561856442093219,,,,1.0
10,water_dipole,83,1.0000001192092896,0.0,0.6561856442093219,0.6561856442093219,,,,1.0
10,water_dipole,84,1.0000001192092896,0.0,0.6561856442093219,0.6561856442093219,,,,1.0
10,water_dipole,85,1.0000001192092896,0.0,0.6561856442093219,0.6561856442093219,,,,1.0
10,water_dipole,86,1.0000001192092896,0.0,0.6561856442093219,0.6561856442093219,,,,1.0
10,water_dipole,87,1.0000001192092896,0.0,0.6561856442093219,0.6561856442093219,,,,1.0
10,water_dipole,88,1.0000001192092896,0.0,0.6561856442093219,0.6561856442093219,,,,1.0
10,water_dipole,89,1.0000001192092896,0.0,0.6561856442093219,0.6561856442093219,,,,1.0
10,water_dipole,90,1.0000001192092896,0.0,0.6561856442093219,0.6561856442093219,,,,1.0
10,water_dipole,91,1.0000001192092896,0.0,0.6561856442093219,0.6561856442093219,,,,1.0
10,water_dipole,92,1.0000001192092896,0.0,0.6561856442093219,0.6561856442093219,,,,1.0
10,water_dipole,93,1.0000001192092896,0.0,0.6561856442093219,0.6561856442093219,,,,1.0
10,water_dipole,94,1.0000001192092896,0.0,0.6561856442093219,0.6561856442093219,,,,1.0
10,water_dipole,95,1.0000001192092896,0.0,0.6561856442093219,0.6561856442093219,,,,1.0
10,water_dipole,96,1.0000001192092896,0.0,0.6561856442093219,0.6561856442093219,,,,1.0
10,water_dipole,97,1.0000001192092896,0.0,0.6561856442093219,0.6561856442093219,,,,1.0
10,water_dipole,98,1.0000001192092896,0.0,0.6561856442093219,0.6561856442093219,,,,1.0
10,water_dipole,99,1.0000001192092896,0.0,0.6561856442093219,0.6561856442093219,,,,1.0
10,water_dipole,100,1.0000001192092896,0.0,0.6561856442093219,0.6561856442093219,,,,1.0
10,water_dipole,101,1.0000001192092896,0.0,0.6561856442093219,0.6561856442093219,,,,1.0
10,water_dipole,102,1.0000001192092896,0.0,0.6561856442093219,0.6561856442093219,,,,1.0
10,water_dipole,103,1.0000001192092896,0.0,0.6561856442093219,0.6561856442093219,,,,1.0
10,water_dipole,104,1.0000001192092896,0.0,0.6561856442093219,0.6561856442093219,,,,1.0
10,water_dipole,105,1.0000001192092896,0.0,0.6561856442093219,0.6561856442093219,,,,1.0
10,water_dipole,106,1.0000001192092896,0.0,0.6561856442093219,0.6561856442093219,,,,1.0
10,water_dipole,107,1.0000001192092896,0.0,0.6561856442093219,0.6561856442093219,,,,1.0
10,water_dipole,108,1.0000001192092896,0.0,0.6561856442093219,0.6561856442093219,,,,1.0
10,water_dipole,109,1.0000001192092896,0.0,0.6561856442093219,0.6561856442093219,,,,1.0
10,water_dipole,110,1.0000001192092896,0.0,0.6561856442093219,0.6561856442093219,,,,1.0
10,water_dipole,111,1.0000001192092896,0.0,0.6561856442093219,0.6561856442093219,,,,1.0
10,water_dipole,112,1.0000001192092896,0.0,0.6561856442093219,0.6561856442093219,,,,1.0
10,water_dipole,113,1.0000001192092896,0.0,0.6561856442093219,0.6561856442093219,,,,1.0
10,water_dipole,114,1.0000001192092896,0.0,0.6561856442093219,0.6561856442093219,,,,1.0
10,water_dipole,115,1.0000001192092896,0.0,0.6561856442093219,0.6561856442093219,,,,1.0
10,water_dipole,116,1.0000001192092896,0.0,0.6561856442093219,0.6561856442093219,,,,1.0
10,water_dipole,117,1.0000001192092896,0.0,0.6561856442093219,0.6561856442093219,,,,1.0
10,water_dipole,118,1.0000001192092896,0.0,0.6561856442093219,0.6561856442093219,,,,1.0
10,water_dipole,119,1.0000001192092896,0.0,0.6561856442093219,0.6561856442093219,,,,1.0
10,water_dipole,120,1.0000001192092896,0.0,0.6561856442093219,0.6561856442093219,,,,1.0
10,water_dipole,121,1.0000001192092896,0.0,0.6561856442093219,0.6561856442093219,,,,1.0
10,water_dipole,122,1.0000001192092896,0.0,0.6561856442093219,0.6561856442093219,,,,1.0
10,water_dipole,123,1.0000001192092896,0.0,0.6561856442093219,0.6561856442093219,,,,1.0
10,water_dipole,124,1.0000001192092896,0.0,0.6561856442093219,0.6561856442093219,,,,1.0
10,water_dipole,125,1.0000001192092896,0.0,0.6561856442093219,0.6561856442093219,,,,1.0
10,water_dipole,126,1.0000001192092896,0.0,0.6561856442093219,0.6561856442093219,,,,1.0
10,water_dipole,127,1.0000001192092896,0.0,0.6561856442093219,0.6561856442093219,,,,1.0
10,water_dipole,128,1.0000001192092896,0.0,0.6561856442093219,0.6561856442093219,,,,1.0
10,water_dipole,129,1.0000001192092896,0.0,0.6561856442093219,0.6561856442093219,,,,1.0
10,water_dipole,130,1.0000001192092896,0.0,0.6561856442093219,0.6561856442093219,,,,1.0
10,water_dipole,131,1.0000001192092896,0.0,0.6561856442093219,0.6561856442093219,,,,1.0
10,water_dipole,132,1.0000001192092896,0.0,0.6561856442093219,0.6561856442093219,,,,1.0
10,water_dipole,133,1.0000001192092896,0.0,0.6561856442093219,0.6561856442093219,,,,1.0
10,water_dipole,134,1.0000001192092896,0.0,0.6561856442093219,0.6561856442093219,,,,1.0
10,water_dipole,135,1.0000001192092896,0.0,0.6561856442093219,0.6561856442093219,,,,1.0
10,water_dipole,136,1.0000001192092896,0.0,0.6561856442093219,0.6561856442093219,,,,1.0
10,water_dipole,137,1.0000001192092896,0.0,0.6561856442093219,0.6561856442093219,,,,1.0
10,water_dipole,138,1.0000001192092896,0.0,0.6561856442093219,0.6561856442093219,,,,1.0
10,water_dipole,139,1.0000001192092896,0.0,0.6561856442093219,0.6561856442093219,,,,1.0
10,water_dipole,140,1.0000001192092896,0.0,0.6561856442093219,0.6561856442093219,,,,1.0
10,water_dipole,141,1.0000001192092896,0.0,0.6561856442093219,0.6561856442093219,,,,1.0
10,water_dipole,142,1.0000001192092896,0.0,0.6561856442093219,0.6561856442093219,,,,1.0
10,water_dipole,143,1.0000001192092896,0.0,0.6561856442093219,0.6561856442093219,,,,1.0
10,water_dipole,144,1.0000001192092896,0.0,0.6561856442093219,0.6561856442093219,,,,1.0
10,water_dipole,145,1.0000001192092896,0.0,0.6561856442093219,0.6561856442093219,,,,1.0
10,water_dipole,146,1.0000001192092896,0.0,0.6561856442093219,0.6561856442093219,,,,1.0
10,water_dipole,147,1.0000001192092896,0.0,0.6561856442093219,0.6561856442093219,,,,1.0
10,water_dipole,148,1.0000001192092896,0.0,0.6561856442093219,0.6561856442093219,,,,1.0
10,water_dipole,149,1.0000001192092896,0.0,0.6561856442093219,0.6561856442093219,,,,1.0
10,water_dipole,150,1.0000001192092896,0.0,0.6561856442093219,0.6561856442093219,,,,1.0
10,water_dipole,151,1.0000001192092896,0.0,0.6561856442093219,0.6561856442093219,,,,1.0
10,water_dipole,152,1.0000001192092896,0.0,0.6561856442093219,0.6561856442093219,,,,1.0
10,water_dipole,153,1.0000001192092896,0.0,0.6561856442093219,0.6561856442093219,,,,1.0
10,water_dipole,154,1.0000001192092896,0.0,0.6561856442093219,0.6561856442093219,,,,1.0
10,water_dipole,155,1.0000001192092896,0.0,0.6561856442093219,0.6561856442093219,,,,1.0
10,water_dipole,156,1.0000001192092896,0.0,0.6561856442093219,0.6561856442093219,,,,1.0
10,water_dipole,157,1.0000001192092896,0.0,0.6561856442093219,0.6561856442093219,,,,1.0
10,water_dipole,158,1.0000001192092896,0.0,0.6561856442093219,0.6561856442093219,,,,1.0
10,water_dipole,159,1.0000001192092896,0.0,0.6561856442093219,0.6561856442093219,,,,1.0
10,water_dipole,160,1.0000001192092896,0.0,0.6561856442093219,0.6561856442093219,,,,1.0
10,water_dipole,161,1.0000001192092896,0.0,0.6561856442093219,0.6561856442093219,,,,1.0
10,water_dipole,162,1.0000001192092896,0.0,0.6561856442093219,0.6561856442093219,,,,1.0
10,water_dipole,163,1.0000001192092896,0.0,0.6561856442093219,0.6561856442093219,,,,1.0
10,water_dipole,164,1.0000001192092896,0.0,0.6561856442093219,0.6561856442093219,,,,1.0
10,water_dipole,165,1.0000001192092896,0.0,0.6561856442093219,0.6561856442093219,,,,1.0
10,water_dipole,166,1.0000001192092896,0.0,0.6561856442093219,0.6561856442093219,,,,1.0
10,water_dipole,167,1.0000001192092896,0.0,0.6561856442093219,0.6561856442093219,,,,1.0
10,water_dipole,168,1.0000001192092896,0.0,0.6561856442093219,0.6561856442093219,,,,1.0
10,water_dipole,169,1.0000001192092896,0.0,0.6561856442093219,0.6561856442093219,,,,1.0
10,water_dipole,170,1.0000001192092896,0.0,0.6561856442093219,0.6561856442093219,,,,1.0
10,water_dipole,171,1.0000001192092896,0.0,0.6561856442093219,0.6561856442093219,,,,1.0
10,water_dipole,172,1.0000001192092896,0.0,0.6561856442093219,0.6561856442093219,,,,1.0
10,water_dipole,173,1.0000001192092896,0.0,0.6561856442093219,0.6561856442093219,,,,1.0
10,water_dipole,174,1.0000001192092896,0.0,0.6561856442093219,0.6561856442093219,,,,1.0
10,water_dipole,175,1.0000001192092896,0.0,0.6561856442093219,0.6561856442093219,,,,1.0
10,water_dipole,176,1.0000001192092896,0.0,0.6561856442093219,0.6561856442093219,,,,1.0
10,water_dipole,177,1.0000001192092896,0.0,0.6561856442093219,0.6561856442093219,,,,1.0
10,water_dipole,178,1.0000001192092896,0.0,0.6561856442093219,0.6561856442093219,,,,1.0
10,water_dipole,179,1.0000001192092896,0.0,0.6561856442093219,0.6561856442093219,,,,1.0
10,water_dipole,180,1.0000001192092896,0.0,0.6561856442093219,0.6561856442093219,,,,1.0
10,water_dipole,181,1.0000001192092896,0.0,0.6561856442093219,0.6561856442093219,,,,1.0
10,water_dipole,182,1.0000001192092896,0.0,0.6561856442093219,0.6561856442093219,,,,1.0
10,water_dipole,183,1.0000001192092896,0.0,0.6561856442093219,0.6561856442093219,,,,1.0
10,water_dipole,184,1.0000001192092896,0.0,0.6561856442093219,0.6561856442093219,,,,1.0
10,water_dipole,185,1.0000001192092896,0.0,0.6561856442093219,0.6561856442093219,,,,1.0
10,water_dipole,186,1.0000001192092896,0.0,0.6561856442093219,0.6561856442093219,,,,1.0
10,water_dipole,187,1.0000001192092896,0.0,0.6561856442093219,0.6561856442093219,,,,1.0
10,water_dipole,188,1.0000001192092896,0.0,0.6561856442093219,0.6561856442093219,,,,1.0
10,water_dipole,189,1.0000001192092896,0.0,0.6561856442093219,0.6561856442093219,,,,1.0
10,water_dipole,190,1.0000001192092896,0.0,0.6561856442093219,0.6561856442093219,,,,1.0
10,water_dipole,191,1.0000001192092896,0.0,0.6561856442093219,0.6561856442093219,,,,1.0
10,water_dipole,192,1.0000001192092896,0.0,0.6561856442093219,0.6561856442093219,,,,1.0
10,water_dipole,193,1.0000001192092896,0.0,0.6561856442093219,0.6561856442093219,,,,1.0
10,water_dipole,194,1.0000001192092896,0.0,0.6561856442093219,0.6561856442093219,,,,1.0
10,water_dipole,195,1.0000001192092896,0.0,0.6561856442093219,0.6561856442093219,,,,1.0
10,water_dipole,196,1.0000001192092896,0.0,0.6561856442093219,0.6561856442093219,,,,1.0
10,water_dipole,197,1.0000001192092896,0.0,0.6561856442093219,0.6561856442093219,,,,1.0
10,water_dipole,198,1.0000001192092896,0.0,0.6561856442093219,0.6561856442093219,,,,1.0
10,water_dipole,199,1.0000001192092896,0.0,0.6561856442093219,0.6561856442093219,,,,1.0
10,water_dipole,200,1.0000001192092896,0.0,0.6561856442093219,0.6561856442093219,,,,1.0
10,water_dipole,201,1.0000001192092896,0.0,0.6561856442093219,0.6561856442093219,,,,1.0
10,water_dipole,202,1.0000001192092896,0.0,0.6561856442093219,0.6561856442093219,,,,1.0
10,water_dipole,203,1.0000001192092896,0.0,0.6561856442093219,0.6561856442093219,,,,1.0
10,water_dipole,204,1.0000001192092896,0.0,0.6561856442093219,0.6561856442093219,,,,1.0
10,water_dipole,205,1.0000001192092896,0.0,0.6561856442093219,0.6561856442093219,,,,1.0
10,water_dipole,206,1.0000001192092896,0.0,0.6561856442093219,0.6561856442093219,,,,1.0
10,water_dipole,207,1.0000001192092896,0.0,0.6561856442093219,0.6561856442093219,,,,1.0
10,water_dipole,208,1.0000001192092896,0.0,0.6561856442093219,0.6561856442093219,,,,1.0
10,water_dipole,209,1.0000001192092896,0.0,0.6561856442093219,0.6561856442093219,,,,1.0
10,water_dipole,210,1.0000001192092896,0.0,0.6561856442093219,0.6561856442093219,,,,1.0
10,water_dipole,211,1.0000001192092896,0.0,0.6561856442093219,0.6561856442093219,,,,1.0
10,water_dipole,212,1.0000001192092896,0.0,0.6561856442093219,0.6561856442093219,,,,1.0
10,water_dipole,213,1.0000001192092896,0.0,0.6561856442093219,0.6561856442093219,,,,1.0
10,water_dipole,214,1.0000001192092896,0.0,0.6561856442093219,0.6561856442093219,,,,1.0
10,water_dipole,215,1.0000001192092896,0.0,0.6561856442093219,0.6561856442093219,,,,1.0
10,water_dipole,216,1.0000001192092896,0.0,0.6561856442093219,0.6561856442093219,,,,1.0
10,water_dipole,217,1.0000001192092896,0.0,0.6561856442093219,0.6561856442093219,,,,1.0
10,water_dipole,218,1.0000001192092896,0.0,0.6561856442093219,0.6561856442093219,,,,1.0
10,water_dipole,219,1.0000001192092896,0.0,0.6561856442093219,0.6561856442093219,,,,1.0
10,water_dipole,220,1.0000001192092896,0.0,0.6561856442093219,0.6561856442093219,,,,1.0
10,water_dipole,221,1.0000001192092896,0.0,0.6561856442093219,0.6561856442093219,,,,1.0
10,water_dipole,222,1.0000001192092896,0.0,0.6561856442093219,0.6561856442093219,,,,1.0
10,water_dipole,223,1.0000001192092896,0.0,0.6561856442093219,0.6561856442093219,,,,1.0
10,water_dipole,224,1.0000001192092896,0.0,0.6561856442093219,0.6561856442093219,,,,1.0
10,water_dipole,225,1.0000001192092896,0.0,0.6561856442093219,0.6561856442093219,,,,1.0
10,water_dipole,226,1.0000001192092896,0.0,0.6561856442093219,0.6561856442093219,,,,1.0
10,water_dipole,227,1.0000001192092896,0.0,0.6561856442093219,0.6561856442093219,,,,1.0
10,water_dipole,228,1.0000001192092896,0.0,0.6561856442093219,0.6561856442093219,,,,1.0
10,water_dipole,229,1.0000001192092896,0.0,0.6561856442093219,0.6561856442093219,,,,1.0
10,water_dipole,230,1.0000001192092896,0.0,0.6561856442093219,0.6561856442093219,,,,1.0
10,water_dipole,231,1.0000001192092896,0.0,0.6561856442093219,0.6561856442093219,,,,1.0
10,water_dipole,232,1.0000001192092896,0.0,0.6561856442093219,0.6561856442093219,,,,1.0
10,water_dipole,233,1.0000001192092896,0.0,0.6561856442093219,0.6561856442093219,,,,1.0
10,water_dipole,234,1.0000001192092896,0.0,0.6561856442093219,0.6561856442093219,,,,1.0
10,water_dipole,235,1.0000001192092896,0.0,0.6561856442093219,0.6561856442093219,,,,1.0
10,water_dipole,236,1.0000001192092896,0.0,0.6561856442093219,0.6561856442093219,,,,1.0
10,water_dipole,237,1.0000001192092896,0.0,0.6561856442093219,0.6561856442093219,,,,1.0
10,water_dipole,238,1.0000001192092896,0.0,0.6561856442093219,0.6561856442093219,,,,1.0
10,water_dipole,239,1.0000001192092896,0.0,0.6561856442093219,0.6561856442093219,,,,1.0
10,water_dipole,240,1.0000001192092896,0.0,0.6561856442093219,0.6561856442093219,,,,1.0
10,water_dipole,241,1.0000001192092896,0.0,0.6561856442093219,0.6561856442093219,,,,1.0
10,water_dipole,242,1.0000001192092896,0.0,0.6561856442093219,0.6561856442093219,,,,1.0
10,water_dipole,243,1.0000001192092896,0.0,0.6561856442093219,0.6561856442093219,,,,1.0
10,water_dipole,244,1.0000001192092896,0.0,0.6561856442093219,0.6561856442093219,,,,1.0
10,water_dipole,245,1.0000001192092896,0.0,0.6561856442093219,0.6561856442093219,,,,1.0
10,water_dipole,246,1.0000001192092896,0.0,0.6561856442093219,0.6561856442093219,,,,1.0
10,water_dipole,247,1.0000001192092896,0.0,0.6561856442093219,0.6561856442093219,,,,1.0
10,water_dipole,248,1.0000001192092896,0.0,0.6561856442093219,0.6561856442093219,,,,1.0
10,water_dipole,249,1.0000001192092896,0.0,0.6561856442093219,0.6561856442093219,,,,1.0
10,acetone_gsolv_eV,0,0.9999998807907104,0.0,0.6287396132397853,0.6287396132397853,,,,1.0
10,acetone_gsolv_eV,1,0.9999998807907104,0.0,0.6287396132397853,0.6287396132397853,,,,1.0
10,acetone_gsolv_eV,2,0.9999998807907104,0.0,0.6287396132397853,0.6287396132397853,,,,1.0
10,acetone_gsolv_eV,3,0.9999998807907104,0.0,0.6287396132397853,0.6287396132397853,,,,1.0
10,acetone_gsolv_eV,4,0.9999998807907104,0.0,0.6287396132397853,0.6287396132397853,,,,1.0
10,acetone_gsolv_eV,5,0.9999998807907104,0.0,0.6287396132397853,0.6287396132397853,,,,1.0
10,acetone_gsolv_eV,6,0.9999998807907104,0.0,0.6287396132397853,0.6287396132397853,,,,1.0
10,acetone_gsolv_eV,7,0.9999998807907104,0.0,0.6287396132397853,0.6287396132397853,,,,1.0
10,acetone_gsolv_eV,8,0.9999998807907104,0.0,0.6287396132397853,0.6287396132397853,,,,1.0
10,acetone_gsolv_eV,9,0.9999998807907104,0.0,0.6287396132397853,0.6287396132397853,,,,1.0
10,acetone_gsolv_eV,10,0.9999998807907104,0.0,0.6287396132397853,0.6287396132397853,,,,1.0
10,acetone_gsolv_eV,11,0.9999998807907104,0.0,0.6287396132397853,0.6287396132397853,,,,1.0
10,acetone_gsolv_eV,12,0.9999998807907104,0.0,0.6287396132397853,0.6287396132397853,,,,1.0
10,acetone_gsolv_eV,13,0.9999998807907104,0.0,0.6287396132397853,0.6287396132397853,,,,1.0
10,acetone_gsolv_eV,14,0.9999998807907104,0.0,0.6287396132397853,0.6287396132397853,,,,1.0
10,acetone_gsolv_eV,15,0.9999998807907104,0.0,0.6287396132397853,0.6287396132397853,,,,1.0
10,acetone_gsolv_eV,16,0.9999998807907104,0.0,0.6287396132397853,0.6287396132397853,,,,1.0
10,acetone_gsolv_eV,17,0.9999998807907104,0.0,0.6287396132397853,0.6287396132397853,,,,1.0
10,acetone_gsolv_eV,18,0.9999998807907104,0.0,0.6287396132397853,0.6287396132397853,,,,1.0
10,acetone_gsolv_eV,19,0.9999998807907104,0.0,0.6287396132397853,0.6287396132397853,,,,1.0
10,acetone_gsolv_eV,20,0.9999998807907104,0.0,0.6287396132397853,0.6287396132397853,,,,1.0
10,acetone_gsolv_eV,21,0.9999998807907104,0.0,0.6287396132397853,0.6287396132397853,,,,1.0
10,acetone_gsolv_eV,22,0.9999998807907104,0.0,0.6287396132397853,0.6287396132397853,,,,1.0
10,acetone_gsolv_eV,23,0.9999998807907104,0.0,0.6287396132397853,0.6287396132397853,,,,1.0
10,acetone_gsolv_eV,24,0.9999998807907104,0.0,0.6287396132397853,0.6287396132397853,,,,1.0
10,acetone_gsolv_eV,25,0.9999998807907104,0.0,0.6287396132397853,0.6287396132397853,,,,1.0
10,acetone_gsolv_eV,26,0.9999998807907104,0.0,0.6287396132397853,0.6287396132397853,,,,1.0
10,acetone_gsolv_eV,27,0.9999998807907104,0.0,0.6287396132397853,0.6287396132397853,,,,1.0
10,acetone_gsolv_eV,28,0.9999998807907104,0.0,0.6287396132397853,0.6287396132397853,,,,1.0
10,acetone_gsolv_eV,29,0.9999998807907104,0.0,0.6287396132397853,0.6287396132397853,,,,1.0
10,acetone_gsolv_eV,30,0.9999998807907104,0.0,0.6287396132397853,0.6287396132397853,,,,1.0
10,acetone_gsolv_eV,31,0.9999998807907104,0.0,0.6287396132397853,0.6287396132397853,,,,1.0
10,acetone_gsolv_eV,32,0.9999998807907104,0.0,0.6287396132397853,0.6287396132397853,,,,1.0
10,acetone_gsolv_eV,33,0.9999998807907104,0.0,0.6287396132397853,0.6287396132397853,,,,1.0
10,acetone_gsolv_eV,34,0.9999998807907104,0.0,0.6287396132397853,0.6287396132397853,,,,1.0
10,acetone_gsolv_eV,35,0.9999998807907104,0.0,0.6287396132397853,0.6287396132397853,,,,1.0
10,acetone_gsolv_eV,36,0.9999998807907104,0.0,0.6287396132397853,0.6287396132397853,,,,1.0
10,acetone_gsolv_eV,37,0.9999998807907104,0.0,0.6287396132397853,0.6287396132397853,,,,1.0
10,acetone_gsolv_eV,38,0.9999998807907104,0.0,0.6287396132397853,0.6287396132397853,,,,1.0
10,acetone_gsolv_eV,39,0.9999998807907104,0.0,0.6287396132397853,0.6287396132397853,,,,1.0
10,acetone_gsolv_eV,40,0.9999998807907104,0.0,0.6287396132397853,0.6287396132397853,,,,1.0
10,acetone_gsolv_eV,41,0.9999998807907104,0.0,0.6287396132397853,0.6287396132397853,,,,1.0
10,acetone_gsolv_eV,42,0.9999998807907104,0.0,0.6287396132397853,0.6287396132397853,,,,1.0
10,acetone_gsolv_eV,43,0.9999998807907104,0.0,0.6287396132397853,0.6287396132397853,,,,1.0
10,acetone_gsolv_eV,44,0.9999998807907104,0.0,0.6287396132397853,0.6287396132397853,,,,1.0
10,acetone_gsolv_eV,45,0.9999998807907104,0.0,0.6287396132397853,0.6287396132397853,,,,1.0
10,acetone_gsolv_eV,46,0.9999998807907104,0.0,0.6287396132397853,0.6287396132397853,,,,1.0
10,acetone_gsolv_eV,47,0.9999998807907104,0.0,0.6287396132397853,0.6287396132397853,,,,1.0
10,acetone_gsolv_eV,48,0.9999998807907104,0.0,0.6287396132397853,0.6287396132397853,,,,1.0
10,acetone_gsolv_eV,49,0.9999998807907104,0.0,0.6287396132397853,0.6287396132397853,,,,1.0
10,acetone_gsolv_eV,50,0.9999998807907104,0.0,0.6287396132397853,0.6287396132397853,,,,1.0
10,acetone_gsolv_eV,51,0.9999998807907104,0.0,0.6287396132397853,0.6287396132397853,,,,1.0
10,acetone_gsolv_eV,52,0.9999998807907104,0.0,0.6287396132397853,0.6287396132397853,,,,1.0
10,acetone_gsolv_eV,53,0.9999998807907104,0.0,0.6287396132397853,0.6287396132397853,,,,1.0
10,acetone_gsolv_eV,54,0.9999998807907104,0.0,0.6287396132397853,0.6287396132397853,,,,1.0
10,acetone_gsolv_eV,55,0.9999998807907104,0.0,0.6287396132397853,0.6287396132397853,,,,1.0
10,acetone_gsolv_eV,56,0.9999998807907104,0.0,0.6287396132397853,0.6287396132397853,,,,1.0
10,acetone_gsolv_eV,57,0.9999998807907104,0.0,0.6287396132397853,0.6287396132397853,,,,1.0
10,acetone_gsolv_eV,58,0.9999998807907104,0.0,0.6287396132397853,0.6287396132397853,,,,1.0
10,acetone_gsolv_eV,59,0.9999998807907104,0.0,0.6287396132397853,0.6287396132397853,,,,1.0
10,acetone_gsolv_eV,60,0.9999998807907104,0.0,0.6287396132397853,0.6287396132397853,,,,1.0
10,acetone_gsolv_eV,61,0.9999998807907104,0.0,0.6287396132397853,0.6287396132397853,,,,1.0
10,acetone_gsolv_eV,62,0.9999998807907104,0.0,0.6287396132397853,0.6287396132397853,,,,1.0
10,acetone_gsolv_eV,63,0.9999998807907104,0.0,0.6287396132397853,0.6287396132397853,,,,1.0
10,acetone_gsolv_eV,64,0.9999998807907104,0.0,0.6287396132397853,0.6287396132397853,,,,1.0
10,acetone_gsolv_eV,65,0.9999998807907104,0.0,0.6287396132397853,0.6287396132397853,,,,1.0
10,acetone_gsolv_eV,66,0.9999998807907104,0.0,0.6287396132397853,0.6287396132397853,,,,1.0
10,acetone_gsolv_eV,67,0.9999998807907104,0.0,0.6287396132397853,0.6287396132397853,,,,1.0
10,acetone_gsolv_eV,68,0.9999998807907104,0.0,0.6287396132397853,0.6287396132397853,,,,1.0
10,acetone_gsolv_eV,69,0.9999998807907104,0.0,0.6287396132397853,0.6287396132397853,,,,1.0
10,acetone_gsolv_eV,70,0.9999998807907104,0.0,0.6287396132397853,0.6287396132397853,,,,1.0
10,acetone_gsolv_eV,71,0.9999998807907104,0.0,0.6287396132397853,0.6287396132397853,,,,1.0
10,acetone_gsolv_eV,72,0.9999998807907104,0.0,0.6287396132397853,0.6287396132397853,,,,1.0
10,acetone_gsolv_eV,73,0.9999998807907104,0.0,0.6287396132397853,0.6287396132397853,,,,1.0
10,acetone_gsolv_eV,74,0.9999998807907104,0.0,0.6287396132397853,0.6287396132397853,,,,1.0
10,acetone_gsolv_eV,75,0.9999998807907104,0.0,0.6287396132397853,0.6287396132397853,,,,1.0
10,acetone_gsolv_eV,76,0.9999998807907104,0.0,0.6287396132397853,0.6287396132397853,,,,1.0
10,acetone_gsolv_eV,77,0.9999998807907104,0.0,0.6287396132397853,0.6287396132397853,,,,1.0
10,acetone_gsolv_eV,78,0.9999998807907104,0.0,0.6287396132397853,0.6287396132397853,,,,1.0
10,acetone_gsolv_eV,79,0.9999998807907104,0.0,0.6287396132397853,0.6287396132397853,,,,1.0
10,acetone_gsolv_eV,80,0.9999998807907104,0.0,0.6287396132397853,0.6287396132397853,,,,1.0
10,acetone_gsolv_eV,81,0.9999998807907104,0.0,0.6287396132397853,0.6287396132397853,,,,1.0
10,acetone_gsolv_eV,82,0.9999998807907104,0.0,0.6287396132397853,0.6287396132397853,,,,1.0
10,acetone_gsolv_eV,83,0.9999998807907104,0.0,0.6287396132397853,0.6287396132397853,,,,1.0
10,acetone_gsolv_eV,84,0.9999998807907104,0.0,0.6287396132397853,0.6287396132397853,,,,1.0
10,acetone_gsolv_eV,85,0.9999998807907104,0.0,0.6287396132397853,0.6287396132397853,,,,1.0
10,acetone_gsolv_eV,86,0.9999998807907104,0.0,0.6287396132397853,0.6287396132397853,,,,1.0
10,acetone_gsolv_eV,87,0.9999998807907104,0.0,0.6287396132397853,0.6287396132397853,,,,1.0
10,acetone_gsolv_eV,88,0.9999998807907104,0.0,0.6287396132397853,0.6287396132397853,,,,1.0
10,acetone_gsolv_eV,89,0.9999998807907104,0.0,0.6287396132397853,0.6287396132397853,,,,1.0
10,acetone_gsolv_eV,90,0.9999998807907104,0.0,0.6287396132397853,0.6287396132397853,,,,1.0
10,acetone_gsolv_eV,91,0.9999998807907104,0.0,0.6287396132397853,0.6287396132397853,,,,1.0
10,acetone_gsolv_eV,92,0.9999998807907104,0.0,0.6287396132397853,0.6287396132397853,,,,1.0
10,acetone_gsolv_eV,93,0.9999998807907104,0.0,0.6287396132397853,0.6287396132397853,,,,1.0
10,acetone_gsolv_eV,94,0.9999998807907104,0.0,0.6287396132397853,0.6287396132397853,,,,1.0
10,acetone_gsolv_eV,95,0.9999998807907104,0.0,0.6287396132397853,0.6287396132397853,,,,1.0
10,acetone_gsolv_eV,96,0.9999998807907104,0.0,0.6287396132397853,0.6287396132397853,,,,1.0
10,acetone_gsolv_eV,97,0.9999998807907104,0.0,0.6287396132397853,0.6287396132397853,,,,1.0
10,acetone_gsolv_eV,98,0.9999998807907104,0.0,0.6287396132397853,0.6287396132397853,,,,1.0
10,acetone_gsolv_eV,99,0.9999998807907104,0.0,0.6287396132397853,0.6287396132397853,,,,1.0
10,acetone_gsolv_eV,100,0.9999998807907104,0.0,0.6287396132397853,0.6287396132397853,,,,1.0
10,acetone_gsolv_eV,101,0.9999998807907104,0.0,0.6287396132397853,0.6287396132397853,,,,1.0
10,acetone_gsolv_eV,102,0.9999998807907104,0.0,0.6287396132397853,0.6287396132397853,,,,1.0
10,acetone_gsolv_eV,103,0.9999998807907104,0.0,0.6287396132397853,0.6287396132397853,,,,1.0
10,acetone_gsolv_eV,104,0.9999998807907104,0.0,0.6287396132397853,0.6287396132397853,,,,1.0
10,acetone_gsolv_eV,105,0.9999998807907104,0.0,0.6287396132397853,0.6287396132397853,,,,1.0
10,acetone_gsolv_eV,106,0.9999998807907104,0.0,0.6287396132397853,0.6287396132397853,,,,1.0
10,acetone_gsolv_eV,107,0.9999998807907104,0.0,0.6287396132397853,0.6287396132397853,,,,1.0
10,acetone_gsolv_eV,108,0.9999998807907104,0.0,0.6287396132397853,0.6287396132397853,,,,1.0
10,acetone_gsolv_eV,109,0.9999998807907104,0.0,0.6287396132397853,0.6287396132397853,,,,1.0
10,acetone_gsolv_eV,110,0.9999998807907104,0.0,0.6287396132397853,0.6287396132397853,,,,1.0
10,acetone_gsolv_eV,111,0.9999998807907104,0.0,0.6287396132397853,0.6287396132397853,,,,1.0
10,acetone_gsolv_eV,112,0.9999998807907104,0.0,0.6287396132397853,0.6287396132397853,,,,1.0
10,acetone_gsolv_eV,113,0.9999998807907104,0.0,0.6287396132397853,0.6287396132397853,,,,1.0
10,acetone_gsolv_eV,114,0.9999998807907104,0.0,0.6287396132397853,0.6287396132397853,,,,1.0
10,acetone_gsolv_eV,115,0.9999998807907104,0.0,0.6287396132397853,0.6287396132397853,,,,1.0
10,acetone_gsolv_eV,116,0.9999998807907104,0.0,0.6287396132397853,0.6287396132397853,,,,1.0
10,acetone_gsolv_eV,117,0.9999998807907104,0.0,0.6287396132397853,0.6287396132397853,,,,1.0
10,acetone_gsolv_eV,118,0.9999998807907104,0.0,0.6287396132397853,0.6287396132397853,,,,1.0
10,acetone_gsolv_eV,119,0.9999998807907104,0.0,0.6287396132397853,0.6287396132397853,,,,1.0
10,acetone_gsolv_eV,120,0.9999998807907104,0.0,0.6287396132397853,0.6287396132397853,,,,1.0
10,acetone_gsolv_eV,121,0.9999998807907104,0.0,0.6287396132397853,0.6287396132397853,,,,1.0
10,acetone_gsolv_eV,122,0.9999998807907104,0.0,0.6287396132397853,0.6287396132397853,,,,1.0
10,acetone_gsolv_eV,123,0.9999998807907104,0.0,0.6287396132397853,0.6287396132397853,,,,1.0
10,acetone_gsolv_eV,124,0.9999998807907104,0.0,0.6287396132397853,0.6287396132397853,,,,1.0
10,acetone_gsolv_eV,125,0.9999998807907104,0.0,0.6287396132397853,0.6287396132397853,,,,1.0
10,acetone_gsolv_eV,126,0.9999998807907104,0.0,0.6287396132397853,0.6287396132397853,,,,1.0
10,acetone_gsolv_eV,127,0.9999998807907104,0.0,0.6287396132397853,0.6287396132397853,,,,1.0
10,acetone_gsolv_eV,128,0.9999998807907104,0.0,0.6287396132397853,0.6287396132397853,,,,1.0
10,acetone_gsolv_eV,129,0.9999998807907104,0.0,0.6287396132397853,0.6287396132397853,,,,1.0
10,acetone_gsolv_eV,130,0.9999998807907104,0.0,0.6287396132397853,0.6287396132397853,,,,1.0
10,acetone_gsolv_eV,131,0.9999998807907104,0.0,0.6287396132397853,0.6287396132397853,,,,1.0
10,acetone_gsolv_eV,132,0.9999998807907104,0.0,0.6287396132397853,0.6287396132397853,,,,1.0
10,acetone_gsolv_eV,133,0.9999998807907104,0.0,0.6287396132397853,0.6287396132397853,,,,1.0
10,acetone_gsolv_eV,134,0.9999998807907104,0.0,0.6287396132397853,0.6287396132397853,,,,1.0
10,acetone_gsolv_eV,135,0.9999998807907104,0.0,0.6287396132397853,0.6287396132397853,,,,1.0
10,acetone_gsolv_eV,136,0.9999998807907104,0.0,0.6287396132397853,0.6287396132397853,,,,1.0
10,acetone_gsolv_eV,137,0.9999998807907104,0.0,0.6287396132397853,0.6287396132397853,,,,1.0
10,acetone_gsolv_eV,138,0.9999998807907104,0.0,0.6287396132397853,0.6287396132397853,,,,1.0
10,acetone_gsolv_eV,139,0.9999998807907104,0.0,0.6287396132397853,0.6287396132397853,,,,1.0
10,acetone_gsolv_eV,140,0.9999998807907104,0.0,0.6287396132397853,0.6287396132397853,,,,1.0
10,acetone_gsolv_eV,141,0.9999998807907104,0.0,0.6287396132397853,0.6287396132397853,,,,1.0
10,acetone_gsolv_eV,142,0.9999998807907104,0.0,0.6287396132397853,0.6287396132397853,,,,1.0
10,acetone_gsolv_eV,143,0.9999998807907104,0.0,0.6287396132397853,0.6287396132397853,,,,1.0
10,acetone_gsolv_eV,144,0.9999998807907104,0.0,0.6287396132397853,0.6287396132397853,,,,1.0
10,acetone_gsolv_eV,145,0.9999998807907104,0.0,0.6287396132397853,0.6287396132397853,,,,1.0
10,acetone_gsolv_eV,146,0.9999998807907104,0.0,0.6287396132397853,0.6287396132397853,,,,1.0
10,acetone_gsolv_eV,147,0.9999998807907104,0.0,0.6287396132397853,0.6287396132397853,,,,1.0
10,acetone_gsolv_eV,148,0.9999998807907104,0.0,0.6287396132397853,0.6287396132397853,,,,1.0
10,acetone_gsolv_eV,149,0.9999998807907104,0.0,0.6287396132397853,0.6287396132397853,,,,1.0
10,acetone_gsolv_eV,150,0.9999998807907104,0.0,0.6287396132397853,0.6287396132397853,,,,1.0
10,acetone_gsolv_eV,151,0.9999998807907104,0.0,0.6287396132397853,0.6287396132397853,,,,1.0
10,acetone_gsolv_eV,152,0.9999998807907104,0.0,0.6287396132397853,0.6287396132397853,,,,1.0
10,acetone_gsolv_eV,153,0.9999998807907104,0.0,0.6287396132397853,0.6287396132397853,,,,1.0
10,acetone_gsolv_eV,154,0.9999998807907104,0.0,0.6287396132397853,0.6287396132397853,,,,1.0
10,acetone_gsolv_eV,155,0.9999998807907104,0.0,0.6287396132397853,0.6287396132397853,,,,1.0
10,acetone_gsolv_eV,156,0.9999998807907104,0.0,0.6287396132397853,0.6287396132397853,,,,1.0
10,acetone_gsolv_eV,157,0.9999998807907104,0.0,0.6287396132397853,0.6287396132397853,,,,1.0
10,acetone_gsolv_eV,158,0.9999998807907104,0.0,0.6287396132397853,0.6287396132397853,,,,1.0
10,acetone_gsolv_eV,159,0.9999998807907104,0.0,0.6287396132397853,0.6287396132397853,,,,1.0
10,acetone_gsolv_eV,160,0.9999998807907104,0.0,0.6287396132397853,0.6287396132397853,,,,1.0
10,acetone_gsolv_eV,161,0.9999998807907104,0.0,0.6287396132397853,0.6287396132397853,,,,1.0
10,acetone_gsolv_eV,162,0.9999998807907104,0.0,0.6287396132397853,0.6287396132397853,,,,1.0
10,acetone_gsolv_eV,163,0.9999998807907104,0.0,0.6287396132397853,0.6287396132397853,,,,1.0
10,acetone_gsolv_eV,164,0.9999998807907104,0.0,0.6287396132397853,0.6287396132397853,,,,1.0
10,acetone_gsolv_eV,165,0.9999998807907104,0.0,0.6287396132397853,0.6287396132397853,,,,1.0
10,acetone_gsolv_eV,166,0.9999998807907104,0.0,0.6287396132397853,0.6287396132397853,,,,1.0
10,acetone_gsolv_eV,167,0.9999998807907104,0.0,0.6287396132397853,0.6287396132397853,,,,1.0
10,acetone_gsolv_eV,168,0.9999998807907104,0.0,0.6287396132397853,0.6287396132397853,,,,1.0
10,acetone_gsolv_eV,169,0.9999998807907104,0.0,0.6287396132397853,0.6287396132397853,,,,1.0
10,acetone_gsolv_eV,170,0.9999998807907104,0.0,0.6287396132397853,0.6287396132397853,,,,1.0
10,acetone_gsolv_eV,171,0.9999998807907104,0.0,0.6287396132397853,0.6287396132397853,,,,1.0
10,acetone_gsolv_eV,172,0.9999998807907104,0.0,0.6287396132397853,0.6287396132397853,,,,1.0
10,acetone_gsolv_eV,173,0.9999998807907104,0.0,0.6287396132397853,0.6287396132397853,,,,1.0
10,acetone_gsolv_eV,174,0.9999998807907104,0.0,0.6287396132397853,0.6287396132397853,,,,1.0
10,acetone_gsolv_eV,175,0.9999998807907104,0.0,0.6287396132397853,0.6287396132397853,,,,1.0
10,acetone_gsolv_eV,176,0.9999998807907104,0.0,0.6287396132397853,0.6287396132397853,,,,1.0
10,acetone_gsolv_eV,177,0.9999998807907104,0.0,0.6287396132397853,0.6287396132397853,,,,1.0
10,acetone_gsolv_eV,178,0.9999998807907104,0.0,0.6287396132397853,0.6287396132397853,,,,1.0
10,acetone_gsolv_eV,179,0.9999998807907104,0.0,0.6287396132397853,0.6287396132397853,,,,1.0
10,acetone_gsolv_eV,180,0.9999998807907104,0.0,0.6287396132397853,0.6287396132397853,,,,1.0
10,acetone_gsolv_eV,181,0.9999998807907104,0.0,0.6287396132397853,0.6287396132397853,,,,1.0
10,acetone_gsolv_eV,182,0.9999998807907104,0.0,0.6287396132397853,0.6287396132397853,,,,1.0
10,acetone_gsolv_eV,183,0.9999998807907104,0.0,0.6287396132397853,0.6287396132397853,,,,1.0
10,acetone_gsolv_eV,184,0.9999998807907104,0.0,0.6287396132397853,0.6287396132397853,,,,1.0
10,acetone_gsolv_eV,185,0.9999998807907104,0.0,0.6287396132397853,0.6287396132397853,,,,1.0
10,acetone_gsolv_eV,186,0.9999998807907104,0.0,0.6287396132397853,0.6287396132397853,,,,1.0
10,acetone_gsolv_eV,187,0.9999998807907104,0.0,0.6287396132397853,0.6287396132397853,,,,1.0
10,acetone_gsolv_eV,188,0.9999998807907104,0.0,0.6287396132397853,0.6287396132397853,,,,1.0
10,acetone_gsolv_eV,189,0.9999998807907104,0.0,0.6287396132397853,0.6287396132397853,,,,1.0
10,acetone_gsolv_eV,190,0.9999998807907104,0.0,0.6287396132397853,0.6287396132397853,,,,1.0
10,acetone_gsolv_eV,191,0.9999998807907104,0.0,0.6287396132397853,0.6287396132397853,,,,1.0
10,acetone_gsolv_eV,192,0.9999998807907104,0.0,0.6287396132397853,0.6287396132397853,,,,1.0
10,acetone_gsolv_eV,193,0.9999998807907104,0.0,0.6287396132397853,0.6287396132397853,,,,1.0
10,acetone_gsolv_eV,194,0.9999998807907104,0.0,0.6287396132397853,0.6287396132397853,,,,1.0
10,acetone_gsolv_eV,195,0.9999998807907104,0.0,0.6287396132397853,0.6287396132397853,,,,1.0
10,acetone_gsolv_eV,196,0.9999998807907104,0.0,0.6287396132397853,0.6287396132397853,,,,1.0
10,acetone_gsolv_eV,197,0.9999998807907104,0.0,0.6287396132397853,0.6287396132397853,,,,1.0
10,acetone_gsolv_eV,198,0.9999998807907104,0.0,0.6287396132397853,0.6287396132397853,,,,1.0
10,acetone_gsolv_eV,199,0.9999998807907104,0.0,0.6287396132397853,0.6287396132397853,,,,1.0
10,acetone_gsolv_eV,200,0.9999998807907104,0.0,0.6287396132397853,0.6287396132397853,,,,1.0
10,acetone_gsolv_eV,201,0.9999998807907104,0.0,0.6287396132397853,0.6287396132397853,,,,1.0
10,acetone_gsolv_eV,202,0.9999998807907104,0.0,0.6287396132397853,0.6287396132397853,,,,1.0
10,acetone_gsolv_eV,203,0.9999998807907104,0.0,0.6287396132397853,0.6287396132397853,,,,1.0
10,acetone_gsolv_eV,204,0.9999998807907104,0.0,0.6287396132397853,0.6287396132397853,,,,1.0
10,acetone_gsolv_eV,205,0.9999998807907104,0.0,0.6287396132397853,0.6287396132397853,,,,1.0
10,acetone_gsolv_eV,206,0.9999998807907104,0.0,0.6287396132397853,0.6287396132397853,,,,1.0
10,acetone_gsolv_eV,207,0.9999998807907104,0.0,0.6287396132397853,0.6287396132397853,,,,1.0
10,acetone_gsolv_eV,208,0.9999998807907104,0.0,0.6287396132397853,0.6287396132397853,,,,1.0
10,acetone_gsolv_eV,209,0.9999998807907104,0.0,0.6287396132397853,0.6287396132397853,,,,1.0
10,acetone_gsolv_eV,210,0.9999998807907104,0.0,0.6287396132397853,0.6287396132397853,,,,1.0
10,acetone_gsolv_eV,211,0.9999998807907104,0.0,0.6287396132397853,0.6287396132397853,,,,1.0
10,acetone_gsolv_eV,212,0.9999998807907104,0.0,0.6287396132397853,0.6287396132397853,,,,1.0
10,acetone_gsolv_eV,213,0.9999998807907104,0.0,0.6287396132397853,0.6287396132397853,,,,1.0
10,acetone_gsolv_eV,214,0.9999998807907104,0.0,0.6287396132397853,0.6287396132397853,,,,1.0
10,acetone_gsolv_eV,215,0.9999998807907104,0.0,0.6287396132397853,0.6287396132397853,,,,1.0
10,acetone_gsolv_eV,216,0.9999998807907104,0.0,0.6287396132397853,0.6287396132397853,,,,1.0
10,acetone_gsolv_eV,217,0.9999998807907104,0.0,0.6287396132397853,0.6287396132397853,,,,1.0
10,acetone_gsolv_eV,218,0.9999998807907104,0.0,0.6287396132397853,0.6287396132397853,,,,1.0
10,acetone_gsolv_eV,219,0.9999998807907104,0.0,0.6287396132397853,0.6287396132397853,,,,1.0
10,acetone_gsolv_eV,220,0.9999998807907104,0.0,0.6287396132397853,0.6287396132397853,,,,1.0
10,acetone_gsolv_eV,221,0.9999998807907104,0.0,0.6287396132397853,0.6287396132397853,,,,1.0
10,acetone_gsolv_eV,222,0.9999998807907104,0.0,0.6287396132397853,0.6287396132397853,,,,1.0
10,acetone_gsolv_eV,223,0.9999998807907104,0.0,0.6287396132397853,0.6287396132397853,,,,1.0
10,acetone_gsolv_eV,224,0.9999998807907104,0.0,0.6287396132397853,0.6287396132397853,,,,1.0
10,acetone_gsolv_eV,225,0.9999998807907104,0.0,0.6287396132397853,0.6287396132397853,,,,1.0
10,acetone_gsolv_eV,226,0.9999998807907104,0.0,0.6287396132397853,0.6287396132397853,,,,1.0
10,acetone_gsolv_eV,227,0.9999998807907104,0.0,0.6287396132397853,0.6287396132397853,,,,1.0
10,acetone_gsolv_eV,228,0.9999998807907104,0.0,0.6287396132397853,0.6287396132397853,,,,1.0
10,acetone_gsolv_eV,229,0.9999998807907104,0.0,0.6287396132397853,0.6287396132397853,,,,1.0
10,acetone_gsolv_eV,230,0.9999998807907104,0.0,0.6287396132397853,0.6287396132397853,,,,1.0
10,acetone_gsolv_eV,231,0.9999998807907104,0.0,0.6287396132397853,0.6287396132397853,,,,1.0
10,acetone_gsolv_eV,232,0.9999998807907104,0.0,0.6287396132397853,0.6287396132397853,,,,1.0
10,acetone_gsolv_eV,233,0.9999998807907104,0.0,0.6287396132397853,0.6287396132397853,,,,1.0
10,acetone_gsolv_eV,234,0.9999998807907104,0.0,0.6287396132397853,0.6287396132397853,,,,1.0
10,acetone_gsolv_eV,235,0.9999998807907104,0.0,0.6287396132397853,0.6287396132397853,,,,1.0
10,acetone_gsolv_eV,236,0.9999998807907104,0.0,0.6287396132397853,0.6287396132397853,,,,1.0
10,acetone_gsolv_eV,237,0.9999998807907104,0.0,0.6287396132397853,0.6287396132397853,,,,1.0
10,acetone_gsolv_eV,238,0.9999998807907104,0.0,0.6287396132397853,0.6287396132397853,,,,1.0
10,acetone_gsolv_eV,239,0.9999998807907104,0.0,0.6287396132397853,0.6287396132397853,,,,1.0
10,acetone_gsolv_eV,240,0.9999998807907104,0.0,0.6287396132397853,0.6287396132397853,,,,1.0
10,acetone_gsolv_eV,241,0.9999998807907104,0.0,0.6287396132397853,0.6287396132397853,,,,1.0
10,acetone_gsolv_eV,242,0.9999998807907104,0.0,0.6287396132397853,0.6287396132397853,,,,1.0
10,acetone_gsolv_eV,243,0.9999998807907104,0.0,0.6287396132397853,0.6287396132397853,,,,1.0
10,acetone_gsolv_eV,244,0.9999998807907104,0.0,0.6287396132397853,0.6287396132397853,,,,1.0
10,acetone_gsolv_eV,245,0.9999998807907104,0.0,0.6287396132397853,0.6287396132397853,,,,1.0
10,acetone_gsolv_eV,246,0.9999998807907104,0.0,0.6287396132397853,0.6287396132397853,,,,1.0
10,acetone_gsolv_eV,247,0.9999998807907104,0.0,0.6287396132397853,0.6287396132397853,,,,1.0
10,acetone_gsolv_eV,248,0.9999998807907104,0.0,0.6287396132397853,0.6287396132397853,,,,1.0
10,acetone_gsolv_eV,249,0.9999998807907104,0.0,0.6287396132397853,0.6287396132397853,,,,1.0
10,acetone_hl_gap_eV,0,1.0,0.0,0.6967765561363561,0.6967765561363561,,,,1.0
10,acetone_hl_gap_eV,1,1.0,0.0,0.6967765561363561,0.6967765561363561,,,,1.0
10,acetone_hl_gap_eV,2,1.0,0.0,0.6967765561363561,0.6967765561363561,,,,1.0
10,acetone_hl_gap_eV,3,1.0,0.0,0.6967765561363561,0.6967765561363561,,,,1.0
10,acetone_hl_gap_eV,4,1.0,0.0,0.6967765561363561,0.6967765561363561,,,,1.0
10,acetone_hl_gap_eV,5,1.0,0.0,0.6967765561363561,0.6967765561363561,,,,1.0
10,acetone_hl_gap_eV,6,1.0,0.0,0.6967765561363561,0.6967765561363561,,,,1.0
10,acetone_hl_gap_eV,7,1.0,0.0,0.6967765561363561,0.6967765561363561,,,,1.0
10,acetone_hl_gap_eV,8,1.0,0.0,0.6967765561363561,0.6967765561363561,,,,1.0
10,acetone_hl_gap_eV,9,1.0,0.0,0.6967765561363561,0.6967765561363561,,,,1.0
10,acetone_hl_gap_eV,10,1.0,0.0,0.6967765561363561,0.6967765561363561,,,,1.0
10,acetone_hl_gap_eV,11,1.0,0.0,0.6967765561363561,0.6967765561363561,,,,1.0
10,acetone_hl_gap_eV,12,1.0,0.0,0.6967765561363561,0.6967765561363561,,,,1.0
10,acetone_hl_gap_eV,13,1.0,0.0,0.6967765561363561,0.6967765561363561,,,,1.0
10,acetone_hl_gap_eV,14,1.0,0.0,0.6967765561363561,0.6967765561363561,,,,1.0
10,acetone_hl_gap_eV,15,1.0,0.0,0.6967765561363561,0.6967765561363561,,,,1.0
10,acetone_hl_gap_eV,16,1.0,0.0,0.6967765561363561,0.6967765561363561,,,,1.0
10,acetone_hl_gap_eV,17,1.0,0.0,0.6967765561363561,0.6967765561363561,,,,1.0
10,acetone_hl_gap_eV,18,1.0,0.0,0.6967765561363561,0.6967765561363561,,,,1.0
10,acetone_hl_gap_eV,19,1.0,0.0,0.6967765561363561,0.6967765561363561,,,,1.0
10,acetone_hl_gap_eV,20,1.0,0.0,0.6967765561363561,0.6967765561363561,,,,1.0
10,acetone_hl_gap_eV,21,1.0,0.0,0.6967765561363561,0.6967765561363561,,,,1.0
10,acetone_hl_gap_eV,22,1.0,0.0,0.6967765561363561,0.6967765561363561,,,,1.0
10,acetone_hl_gap_eV,23,1.0,0.0,0.6967765561363561,0.6967765561363561,,,,1.0
10,acetone_hl_gap_eV,24,1.0,0.0,0.6967765561363561,0.6967765561363561,,,,1.0
10,acetone_hl_gap_eV,25,1.0,0.0,0.6967765561363561,0.6967765561363561,,,,1.0
10,acetone_hl_gap_eV,26,1.0,0.0,0.6967765561363561,0.6967765561363561,,,,1.0
10,acetone_hl_gap_eV,27,1.0,0.0,0.6967765561363561,0.6967765561363561,,,,1.0
10,acetone_hl_gap_eV,28,1.0,0.0,0.6967765561363561,0.6967765561363561,,,,1.0
10,acetone_hl_gap_eV,29,1.0,0.0,0.6967765561363561,0.6967765561363561,,,,1.0
10,acetone_hl_gap_eV,30,1.0,0.0,0.6967765561363561,0.6967765561363561,,,,1.0
10,acetone_hl_gap_eV,31,1.0,0.0,0.6967765561363561,0.6967765561363561,,,,1.0
10,acetone_hl_gap_eV,32,1.0,0.0,0.6967765561363561,0.6967765561363561,,,,1.0
10,acetone_hl_gap_eV,33,1.0,0.0,0.6967765561363561,0.6967765561363561,,,,1.0
10,acetone_hl_gap_eV,34,1.0,0.0,0.6967765561363561,0.6967765561363561,,,,1.0
10,acetone_hl_gap_eV,35,1.0,0.0,0.6967765561363561,0.6967765561363561,,,,1.0
10,acetone_hl_gap_eV,36,1.0,0.0,0.6967765561363561,0.6967765561363561,,,,1.0
10,acetone_hl_gap_eV,37,1.0,0.0,0.6967765561363561,0.6967765561363561,,,,1.0
10,acetone_hl_gap_eV,38,1.0,0.0,0.6967765561363561,0.6967765561363561,,,,1.0
10,acetone_hl_gap_eV,39,1.0,0.0,0.6967765561363561,0.6967765561363561,,,,1.0
10,acetone_hl_gap_eV,40,1.0,0.0,0.6967765561363561,0.6967765561363561,,,,1.0
10,acetone_hl_gap_eV,41,1.0,0.0,0.6967765561363561,0.6967765561363561,,,,1.0
10,acetone_hl_gap_eV,42,1.0,0.0,0.6967765561363561,0.6967765561363561,,,,1.0
10,acetone_hl_gap_eV,43,1.0,0.0,0.6967765561363561,0.6967765561363561,,,,1.0
10,acetone_hl_gap_eV,44,1.0,0.0,0.6967765561363561,0.6967765561363561,,,,1.0
10,acetone_hl_gap_eV,45,1.0,0.0,0.6967765561363561,0.6967765561363561,,,,1.0
10,acetone_hl_gap_eV,46,1.0,0.0,0.6967765561363561,0.6967765561363561,,,,1.0
10,acetone_hl_gap_eV,47,1.0,0.0,0.6967765561363561,0.6967765561363561,,,,1.0
10,acetone_hl_gap_eV,48,1.0,0.0,0.6967765561363561,0.6967765561363561,,,,1.0
10,acetone_hl_gap_eV,49,1.0,0.0,0.6967765561363561,0.6967765561363561,,,,1.0
10,acetone_hl_gap_eV,50,1.0,0.0,0.6967765561363561,0.6967765561363561,,,,1.0
10,acetone_hl_gap_eV,51,1.0,0.0,0.6967765561363561,0.6967765561363561,,,,1.0
10,acetone_hl_gap_eV,52,1.0,0.0,0.6967765561363561,0.6967765561363561,,,,1.0
10,acetone_hl_gap_eV,53,1.0,0.0,0.6967765561363561,0.6967765561363561,,,,1.0
10,acetone_hl_gap_eV,54,1.0,0.0,0.6967765561363561,0.6967765561363561,,,,1.0
10,acetone_hl_gap_eV,55,1.0,0.0,0.6967765561363561,0.6967765561363561,,,,1.0
10,acetone_hl_gap_eV,56,1.0,0.0,0.6967765561363561,0.6967765561363561,,,,1.0
10,acetone_hl_gap_eV,57,1.0,0.0,0.6967765561363561,0.6967765561363561,,,,1.0
10,acetone_hl_gap_eV,58,1.0,0.0,0.6967765561363561,0.6967765561363561,,,,1.0
10,acetone_hl_gap_eV,59,1.0,0.0,0.6967765561363561,0.6967765561363561,,,,1.0
10,acetone_hl_gap_eV,60,1.0,0.0,0.6967765561363561,0.6967765561363561,,,,1.0
10,acetone_hl_gap_eV,61,1.0,0.0,0.6967765561363561,0.6967765561363561,,,,1.0
10,acetone_hl_gap_eV,62,1.0,0.0,0.6967765561363561,0.6967765561363561,,,,1.0
10,acetone_hl_gap_eV,63,1.0,0.0,0.6967765561363561,0.6967765561363561,,,,1.0
10,acetone_hl_gap_eV,64,1.0,0.0,0.6967765561363561,0.6967765561363561,,,,1.0
10,acetone_hl_gap_eV,65,1.0,0.0,0.6967765561363561,0.6967765561363561,,,,1.0
10,acetone_hl_gap_eV,66,1.0,0.0,0.6967765561363561,0.6967765561363561,,,,1.0
10,acetone_hl_gap_eV,67,1.0,0.0,0.6967765561363561,0.6967765561363561,,,,1.0
10,acetone_hl_gap_eV,68,1.0,0.0,0.6967765561363561,0.6967765561363561,,,,1.0
10,acetone_hl_gap_eV,69,1.0,0.0,0.6967765561363561,0.6967765561363561,,,,1.0
10,acetone_hl_gap_eV,70,1.0,0.0,0.6967765561363561,0.6967765561363561,,,,1.0
10,acetone_hl_gap_eV,71,1.0,0.0,0.6967765561363561,0.6967765561363561,,,,1.0
10,acetone_hl_gap_eV,72,1.0,0.0,0.6967765561363561,0.6967765561363561,,,,1.0
10,acetone_hl_gap_eV,73,1.0,0.0,0.6967765561363561,0.6967765561363561,,,,1.0
10,acetone_hl_gap_eV,74,1.0,0.0,0.6967765561363561,0.6967765561363561,,,,1.0
10,acetone_hl_gap_eV,75,1.0,0.0,0.6967765561363561,0.6967765561363561,,,,1.0
10,acetone_hl_gap_eV,76,1.0,0.0,0.6967765561363561,0.6967765561363561,,,,1.0
10,acetone_hl_gap_eV,77,1.0,0.0,0.6967765561363561,0.6967765561363561,,,,1.0
10,acetone_hl_gap_eV,78,1.0,0.0,0.6967765561363561,0.6967765561363561,,,,1.0
10,acetone_hl_gap_eV,79,1.0,0.0,0.6967765561363561,0.6967765561363561,,,,1.0
10,acetone_hl_gap_eV,80,1.0,0.0,0.6967765561363561,0.6967765561363561,,,,1.0
10,acetone_hl_gap_eV,81,1.0,0.0,0.6967765561363561,0.6967765561363561,,,,1.0
10,acetone_hl_gap_eV,82,1.0,0.0,0.6967765561363561,0.6967765561363561,,,,1.0
10,acetone_hl_gap_eV,83,1.0,0.0,0.6967765561363561,0.6967765561363561,,,,1.0
10,acetone_hl_gap_eV,84,1.0,0.0,0.6967765561363561,0.6967765561363561,,,,1.0
10,acetone_hl_gap_eV,85,1.0,0.0,0.6967765561363561,0.6967765561363561,,,,1.0
10,acetone_hl_gap_eV,86,1.0,0.0,0.6967765561363561,0.6967765561363561,,,,1.0
10,acetone_hl_gap_eV,87,1.0,0.0,0.6967765561363561,0.6967765561363561,,,,1.0
10,acetone_hl_gap_eV,88,1.0,0.0,0.6967765561363561,0.6967765561363561,,,,1.0
10,acetone_hl_gap_eV,89,1.0,0.0,0.6967765561363561,0.6967765561363561,,,,1.0
10,acetone_hl_gap_eV,90,1.0,0.0,0.6967765561363561,0.6967765561363561,,,,1.0
10,acetone_hl_gap_eV,91,1.0,0.0,0.6967765561363561,0.6967765561363561,,,,1.0
10,acetone_hl_gap_eV,92,1.0,0.0,0.6967765561363561,0.6967765561363561,,,,1.0
10,acetone_hl_gap_eV,93,1.0,0.0,0.6967765561363561,0.6967765561363561,,,,1.0
10,acetone_hl_gap_eV,94,1.0,0.0,0.6967765561363561,0.6967765561363561,,,,1.0
10,acetone_hl_gap_eV,95,1.0,0.0,0.6967765561363561,0.6967765561363561,,,,1.0
10,acetone_hl_gap_eV,96,1.0,0.0,0.6967765561363561,0.6967765561363561,,,,1.0
10,acetone_hl_gap_eV,97,1.0,0.0,0.6967765561363561,0.6967765561363561,,,,1.0
10,acetone_hl_gap_eV,98,1.0,0.0,0.6967765561363561,0.6967765561363561,,,,1.0
10,acetone_hl_gap_eV,99,1.0,0.0,0.6967765561363561,0.6967765561363561,,,,1.0
10,acetone_hl_gap_eV,100,1.0,0.0,0.6967765561363561,0.6967765561363561,,,,1.0
10,acetone_hl_gap_eV,101,1.0,0.0,0.6967765561363561,0.6967765561363561,,,,1.0
10,acetone_hl_gap_eV,102,1.0,0.0,0.6967765561363561,0.6967765561363561,,,,1.0
10,acetone_hl_gap_eV,103,1.0,0.0,0.6967765561363561,0.6967765561363561,,,,1.0
10,acetone_hl_gap_eV,104,1.0,0.0,0.6967765561363561,0.6967765561363561,,,,1.0
10,acetone_hl_gap_eV,105,1.0,0.0,0.6967765561363561,0.6967765561363561,,,,1.0
10,acetone_hl_gap_eV,106,1.0,0.0,0.6967765561363561,0.6967765561363561,,,,1.0
10,acetone_hl_gap_eV,107,1.0,0.0,0.6967765561363561,0.6967765561363561,,,,1.0
10,acetone_hl_gap_eV,108,1.0,0.0,0.6967765561363561,0.6967765561363561,,,,1.0
10,acetone_hl_gap_eV,109,1.0,0.0,0.6967765561363561,0.6967765561363561,,,,1.0
10,acetone_hl_gap_eV,110,1.0,0.0,0.6967765561363561,0.6967765561363561,,,,1.0
10,acetone_hl_gap_eV,111,1.0,0.0,0.6967765561363561,0.6967765561363561,,,,1.0
10,acetone_hl_gap_eV,112,1.0,0.0,0.6967765561363561,0.6967765561363561,,,,1.0
10,acetone_hl_gap_eV,113,1.0,0.0,0.6967765561363561,0.6967765561363561,,,,1.0
10,acetone_hl_gap_eV,114,1.0,0.0,0.6967765561363561,0.6967765561363561,,,,1.0
10,acetone_hl_gap_eV,115,1.0,0.0,0.6967765561363561,0.6967765561363561,,,,1.0
10,acetone_hl_gap_eV,116,1.0,0.0,0.6967765561363561,0.6967765561363561,,,,1.0
10,acetone_hl_gap_eV,117,1.0,0.0,0.6967765561363561,0.6967765561363561,,,,1.0
10,acetone_hl_gap_eV,118,1.0,0.0,0.6967765561363561,0.6967765561363561,,,,1.0
10,acetone_hl_gap_eV,119,1.0,0.0,0.6967765561363561,0.6967765561363561,,,,1.0
10,acetone_hl_gap_eV,120,1.0,0.0,0.6967765561363561,0.6967765561363561,,,,1.0
10,acetone_hl_gap_eV,121,1.0,0.0,0.6967765561363561,0.6967765561363561,,,,1.0
10,acetone_hl_gap_eV,122,1.0,0.0,0.6967765561363561,0.6967765561363561,,,,1.0
10,acetone_hl_gap_eV,123,1.0,0.0,0.6967765561363561,0.6967765561363561,,,,1.0
10,acetone_hl_gap_eV,124,1.0,0.0,0.6967765561363561,0.6967765561363561,,,,1.0
10,acetone_hl_gap_eV,125,1.0,0.0,0.6967765561363561,0.6967765561363561,,,,1.0
10,acetone_hl_gap_eV,126,1.0,0.0,0.6967765561363561,0.6967765561363561,,,,1.0
10,acetone_hl_gap_eV,127,1.0,0.0,0.6967765561363561,0.6967765561363561,,,,1.0
10,acetone_hl_gap_eV,128,1.0,0.0,0.6967765561363561,0.6967765561363561,,,,1.0
10,acetone_hl_gap_eV,129,1.0,0.0,0.6967765561363561,0.6967765561363561,,,,1.0
10,acetone_hl_gap_eV,130,1.0,0.0,0.6967765561363561,0.6967765561363561,,,,1.0
10,acetone_hl_gap_eV,131,1.0,0.0,0.6967765561363561,0.6967765561363561,,,,1.0
10,acetone_hl_gap_eV,132,1.0,0.0,0.6967765561363561,0.6967765561363561,,,,1.0
10,acetone_hl_gap_eV,133,1.0,0.0,0.6967765561363561,0.6967765561363561,,,,1.0
10,acetone_hl_gap_eV,134,1.0,0.0,0.6967765561363561,0.6967765561363561,,,,1.0
10,acetone_hl_gap_eV,135,1.0,0.0,0.6967765561363561,0.6967765561363561,,,,1.0
10,acetone_hl_gap_eV,136,1.0,0.0,0.6967765561363561,0.6967765561363561,,,,1.0
10,acetone_hl_gap_eV,137,1.0,0.0,0.6967765561363561,0.6967765561363561,,,,1.0
10,acetone_hl_gap_eV,138,1.0,0.0,0.6967765561363561,0.6967765561363561,,,,1.0
10,acetone_hl_gap_eV,139,1.0,0.0,0.6967765561363561,0.6967765561363561,,,,1.0
10,acetone_hl_gap_eV,140,1.0,0.0,0.6967765561363561,0.6967765561363561,,,,1.0
10,acetone_hl_gap_eV,141,1.0,0.0,0.6967765561363561,0.6967765561363561,,,,1.0
10,acetone_hl_gap_eV,142,1.0,0.0,0.6967765561363561,0.6967765561363561,,,,1.0
10,acetone_hl_gap_eV,143,1.0,0.0,0.6967765561363561,0.6967765561363561,,,,1.0
10,acetone_hl_gap_eV,144,1.0,0.0,0.6967765561363561,0.6967765561363561,,,,1.0
10,acetone_hl_gap_eV,145,1.0,0.0,0.6967765561363561,0.6967765561363561,,,,1.0
10,acetone_hl_gap_eV,146,1.0,0.0,0.6967765561363561,0.6967765561363561,,,,1.0
10,acetone_hl_gap_eV,147,1.0,0.0,0.6967765561363561,0.6967765561363561,,,,1.0
10,acetone_hl_gap_eV,148,1.0,0.0,0.6967765561363561,0.6967765561363561,,,,1.0
10,acetone_hl_gap_eV,149,1.0,0.0,0.6967765561363561,0.6967765561363561,,,,1.0
10,acetone_hl_gap_eV,150,1.0,0.0,0.6967765561363561,0.6967765561363561,,,,1.0
10,acetone_hl_gap_eV,151,1.0,0.0,0.6967765561363561,0.6967765561363561,,,,1.0
10,acetone_hl_gap_eV,152,1.0,0.0,0.6967765561363561,0.6967765561363561,,,,1.0
10,acetone_hl_gap_eV,153,1.0,0.0,0.6967765561363561,0.6967765561363561,,,,1.0
10,acetone_hl_gap_eV,154,1.0,0.0,0.6967765561363561,0.6967765561363561,,,,1.0
10,acetone_hl_gap_eV,155,1.0,0.0,0.6967765561363561,0.6967765561363561,,,,1.0
10,acetone_hl_gap_eV,156,1.0,0.0,0.6967765561363561,0.6967765561363561,,,,1.0
10,acetone_hl_gap_eV,157,1.0,0.0,0.6967765561363561,0.6967765561363561,,,,1.0
10,acetone_hl_gap_eV,158,1.0,0.0,0.6967765561363561,0.6967765561363561,,,,1.0
10,acetone_hl_gap_eV,159,1.0,0.0,0.6967765561363561,0.6967765561363561,,,,1.0
10,acetone_hl_gap_eV,160,1.0,0.0,0.6967765561363561,0.6967765561363561,,,,1.0
10,acetone_hl_gap_eV,161,1.0,0.0,0.6967765561363561,0.6967765561363561,,,,1.0
10,acetone_hl_gap_eV,162,1.0,0.0,0.6967765561363561,0.6967765561363561,,,,1.0
10,acetone_hl_gap_eV,163,1.0,0.0,0.6967765561363561,0.6967765561363561,,,,1.0
10,acetone_hl_gap_eV,164,1.0,0.0,0.6967765561363561,0.6967765561363561,,,,1.0
10,acetone_hl_gap_eV,165,1.0,0.0,0.6967765561363561,0.6967765561363561,,,,1.0
10,acetone_hl_gap_eV,166,1.0,0.0,0.6967765561363561,0.6967765561363561,,,,1.0
10,acetone_hl_gap_eV,167,1.0,0.0,0.6967765561363561,0.6967765561363561,,,,1.0
10,acetone_hl_gap_eV,168,1.0,0.0,0.6967765561363561,0.6967765561363561,,,,1.0
10,acetone_hl_gap_eV,169,1.0,0.0,0.6967765561363561,0.6967765561363561,,,,1.0
10,acetone_hl_gap_eV,170,1.0,0.0,0.6967765561363561,0.6967765561363561,,,,1.0
10,acetone_hl_gap_eV,171,1.0,0.0,0.6967765561363561,0.6967765561363561,,,,1.0
10,acetone_hl_gap_eV,172,1.0,0.0,0.6967765561363561,0.6967765561363561,,,,1.0
10,acetone_hl_gap_eV,173,1.0,0.0,0.6967765561363561,0.6967765561363561,,,,1.0
10,acetone_hl_gap_eV,174,1.0,0.0,0.6967765561363561,0.6967765561363561,,,,1.0
10,acetone_hl_gap_eV,175,1.0,0.0,0.6967765561363561,0.6967765561363561,,,,1.0
10,acetone_hl_gap_eV,176,1.0,0.0,0.6967765561363561,0.6967765561363561,,,,1.0
10,acetone_hl_gap_eV,177,1.0,0.0,0.6967765561363561,0.6967765561363561,,,,1.0
10,acetone_hl_gap_eV,178,1.0,0.0,0.6967765561363561,0.6967765561363561,,,,1.0
10,acetone_hl_gap_eV,179,1.0,0.0,0.6967765561363561,0.6967765561363561,,,,1.0
10,acetone_hl_gap_eV,180,1.0,0.0,0.6967765561363561,0.6967765561363561,,,,1.0
10,acetone_hl_gap_eV,181,1.0,0.0,0.6967765561363561,0.6967765561363561,,,,1.0
10,acetone_hl_gap_eV,182,1.0,0.0,0.6967765561363561,0.6967765561363561,,,,1.0
10,acetone_hl_gap_eV,183,1.0,0.0,0.6967765561363561,0.6967765561363561,,,,1.0
10,acetone_hl_gap_eV,184,1.0,0.0,0.6967765561363561,0.6967765561363561,,,,1.0
10,acetone_hl_gap_eV,185,1.0,0.0,0.6967765561363561,0.6967765561363561,,,,1.0
10,acetone_hl_gap_eV,186,1.0,0.0,0.6967765561363561,0.6967765561363561,,,,1.0
10,acetone_hl_gap_eV,187,1.0,0.0,0.6967765561363561,0.6967765561363561,,,,1.0
10,acetone_hl_gap_eV,188,1.0,0.0,0.6967765561363561,0.6967765561363561,,,,1.0
10,acetone_hl_gap_eV,189,1.0,0.0,0.6967765561363561,0.6967765561363561,,,,1.0
10,acetone_hl_gap_eV,190,1.0,0.0,0.6967765561363561,0.6967765561363561,,,,1.0
10,acetone_hl_gap_eV,191,1.0,0.0,0.6967765561363561,0.6967765561363561,,,,1.0
10,acetone_hl_gap_eV,192,1.0,0.0,0.6967765561363561,0.6967765561363561,,,,1.0
10,acetone_hl_gap_eV,193,1.0,0.0,0.6967765561363561,0.6967765561363561,,,,1.0
10,acetone_hl_gap_eV,194,1.0,0.0,0.6967765561363561,0.6967765561363561,,,,1.0
10,acetone_hl_gap_eV,195,1.0,0.0,0.6967765561363561,0.6967765561363561,,,,1.0
10,acetone_hl_gap_eV,196,1.0,0.0,0.6967765561363561,0.6967765561363561,,,,1.0
10,acetone_hl_gap_eV,197,1.0,0.0,0.6967765561363561,0.6967765561363561,,,,1.0
10,acetone_hl_gap_eV,198,1.0,0.0,0.6967765561363561,0.6967765561363561,,,,1.0
10,acetone_hl_gap_eV,199,1.0,0.0,0.6967765561363561,0.6967765561363561,,,,1.0
10,acetone_hl_gap_eV,200,1.0,0.0,0.6967765561363561,0.6967765561363561,,,,1.0
10,acetone_hl_gap_eV,201,1.0,0.0,0.6967765561363561,0.6967765561363561,,,,1.0
10,acetone_hl_gap_eV,202,1.0,0.0,0.6967765561363561,0.6967765561363561,,,,1.0
10,acetone_hl_gap_eV,203,1.0,0.0,0.6967765561363561,0.6967765561363561,,,,1.0
10,acetone_hl_gap_eV,204,1.0,0.0,0.6967765561363561,0.6967765561363561,,,,1.0
10,acetone_hl_gap_eV,205,1.0,0.0,0.6967765561363561,0.6967765561363561,,,,1.0
10,acetone_hl_gap_eV,206,1.0,0.0,0.6967765561363561,0.6967765561363561,,,,1.0
10,acetone_hl_gap_eV,207,1.0,0.0,0.6967765561363561,0.6967765561363561,,,,1.0
10,acetone_hl_gap_eV,208,1.0,0.0,0.6967765561363561,0.6967765561363561,,,,1.0
10,acetone_hl_gap_eV,209,1.0,0.0,0.6967765561363561,0.6967765561363561,,,,1.0
10,acetone_hl_gap_eV,210,1.0,0.0,0.6967765561363561,0.6967765561363561,,,,1.0
10,acetone_hl_gap_eV,211,1.0,0.0,0.6967765561363561,0.6967765561363561,,,,1.0
10,acetone_hl_gap_eV,212,1.0,0.0,0.6967765561363561,0.6967765561363561,,,,1.0
10,acetone_hl_gap_eV,213,1.0,0.0,0.6967765561363561,0.6967765561363561,,,,1.0
10,acetone_hl_gap_eV,214,1.0,0.0,0.6967765561363561,0.6967765561363561,,,,1.0
10,acetone_hl_gap_eV,215,1.0,0.0,0.6967765561363561,0.6967765561363561,,,,1.0
10,acetone_hl_gap_eV,216,1.0,0.0,0.6967765561363561,0.6967765561363561,,,,1.0
10,acetone_hl_gap_eV,217,1.0,0.0,0.6967765561363561,0.6967765561363561,,,,1.0
10,acetone_hl_gap_eV,218,1.0,0.0,0.6967765561363561,0.6967765561363561,,,,1.0
10,acetone_hl_gap_eV,219,1.0,0.0,0.6967765561363561,0.6967765561363561,,,,1.0
10,acetone_hl_gap_eV,220,1.0,0.0,0.6967765561363561,0.6967765561363561,,,,1.0
10,acetone_hl_gap_eV,221,1.0,0.0,0.6967765561363561,0.6967765561363561,,,,1.0
10,acetone_hl_gap_eV,222,1.0,0.0,0.6967765561363561,0.6967765561363561,,,,1.0
10,acetone_hl_gap_eV,223,1.0,0.0,0.6967765561363561,0.6967765561363561,,,,1.0
10,acetone_hl_gap_eV,224,1.0,0.0,0.6967765561363561,0.6967765561363561,,,,1.0
10,acetone_hl_gap_eV,225,1.0,0.0,0.6967765561363561,0.6967765561363561,,,,1.0
10,acetone_hl_gap_eV,226,1.0,0.0,0.6967765561363561,0.6967765561363561,,,,1.0
10,acetone_hl_gap_eV,227,1.0,0.0,0.6967765561363561,0.6967765561363561,,,,1.0
10,acetone_hl_gap_eV,228,1.0,0.0,0.6967765561363561,0.6967765561363561,,,,1.0
10,acetone_hl_gap_eV,229,1.0,0.0,0.6967765561363561,0.6967765561363561,,,,1.0
10,acetone_hl_gap_eV,230,1.0,0.0,0.6967765561363561,0.6967765561363561,,,,1.0
10,acetone_hl_gap_eV,231,1.0,0.0,0.6967765561363561,0.6967765561363561,,,,1.0
10,acetone_hl_gap_eV,232,1.0,0.0,0.6967765561363561,0.6967765561363561,,,,1.0
10,acetone_hl_gap_eV,233,1.0,0.0,0.6967765561363561,0.6967765561363561,,,,1.0
10,acetone_hl_gap_eV,234,1.0,0.0,0.6967765561363561,0.6967765561363561,,,,1.0
10,acetone_hl_gap_eV,235,1.0,0.0,0.6967765561363561,0.6967765561363561,,,,1.0
10,acetone_hl_gap_eV,236,1.0,0.0,0.6967765561363561,0.6967765561363561,,,,1.0
10,acetone_hl_gap_eV,237,1.0,0.0,0.6967765561363561,0.6967765561363561,,,,1.0
10,acetone_hl_gap_eV,238,1.0,0.0,0.6967765561363561,0.6967765561363561,,,,1.0
10,acetone_hl_gap_eV,239,1.0,0.0,0.6967765561363561,0.6967765561363561,,,,1.0
10,acetone_hl_gap_eV,240,1.0,0.0,0.6967765561363561,0.6967765561363561,,,,1.0
10,acetone_hl_gap_eV,241,1.0,0.0,0.6967765561363561,0.6967765561363561,,,,1.0
10,acetone_hl_gap_eV,242,1.0,0.0,0.6967765561363561,0.6967765561363561,,,,1.0
10,acetone_hl_gap_eV,243,1.0,0.0,0.6967765561363561,0.6967765561363561,,,,1.0
10,acetone_hl_gap_eV,244,1.0,0.0,0.6967765561363561,0.6967765561363561,,,,1.0
10,acetone_hl_gap_eV,245,1.0,0.0,0.6967765561363561,0.6967765561363561,,,,1.0
10,acetone_hl_gap_eV,246,1.0,0.0,0.6967765561363561,0.6967765561363561,,,,1.0
10,acetone_hl_gap_eV,247,1.0,0.0,0.6967765561363561,0.6967765561363561,,,,1.0
10,acetone_hl_gap_eV,248,1.0,0.0,0.6967765561363561,0.6967765561363561,,,,1.0
10,acetone_hl_gap_eV,249,1.0,0.0,0.6967765561363561,0.6967765561363561,,,,1.0
10,acetone_dipole,0,1.0,0.0,0.6219090522451136,0.6219090522451136,,,,1.0
10,acetone_dipole,1,1.0,0.0,0.6219090522451136,0.6219090522451136,,,,1.0
10,acetone_dipole,2,1.0,0.0,0.6219090522451136,0.6219090522451136,,,,1.0
10,acetone_dipole,3,1.0,0.0,0.6219090522451136,0.6219090522451136,,,,1.0
10,acetone_dipole,4,1.0,0.0,0.6219090522451136,0.6219090522451136,,,,1.0
10,acetone_dipole,5,1.0,0.0,0.6219090522451136,0.6219090522451136,,,,1.0
10,acetone_dipole,6,1.0,0.0,0.6219090522451136,0.6219090522451136,,,,1.0
10,acetone_dipole,7,1.0,0.0,0.6219090522451136,0.6219090522451136,,,,1.0
10,acetone_dipole,8,1.0,0.0,0.6219090522451136,0.6219090522451136,,,,1.0
10,acetone_dipole,9,1.0,0.0,0.6219090522451136,0.6219090522451136,,,,1.0
10,acetone_dipole,10,1.0,0.0,0.6219090522451136,0.6219090522451136,,,,1.0
10,acetone_dipole,11,1.0,0.0,0.6219090522451136,0.6219090522451136,,,,1.0
10,acetone_dipole,12,1.0,0.0,0.6219090522451136,0.6219090522451136,,,,1.0
10,acetone_dipole,13,1.0,0.0,0.6219090522451136,0.6219090522451136,,,,1.0
10,acetone_dipole,14,1.0,0.0,0.6219090522451136,0.6219090522451136,,,,1.0
10,acetone_dipole,15,1.0,0.0,0.6219090522451136,0.6219090522451136,,,,1.0
10,acetone_dipole,16,1.0,0.0,0.6219090522451136,0.6219090522451136,,,,1.0
10,acetone_dipole,17,1.0,0.0,0.6219090522451136,0.6219090522451136,,,,1.0
10,acetone_dipole,18,1.0,0.0,0.6219090522451136,0.6219090522451136,,,,1.0
10,acetone_dipole,19,1.0,0.0,0.6219090522451136,0.6219090522451136,,,,1.0
10,acetone_dipole,20,1.0,0.0,0.6219090522451136,0.6219090522451136,,,,1.0
10,acetone_dipole,21,1.0,0.0,0.6219090522451136,0.6219090522451136,,,,1.0
10,acetone_dipole,22,1.0,0.0,0.6219090522451136,0.6219090522451136,,,,1.0
10,acetone_dipole,23,1.0,0.0,0.6219090522451136,0.6219090522451136,,,,1.0
10,acetone_dipole,24,1.0,0.0,0.6219090522451136,0.6219090522451136,,,,1.0
10,acetone_dipole,25,1.0,0.0,0.6219090522451136,0.6219090522451136,,,,1.0
10,acetone_dipole,26,1.0,0.0,0.6219090522451136,0.6219090522451136,,,,1.0
10,acetone_dipole,27,1.0,0.0,0.6219090522451136,0.6219090522451136,,,,1.0
10,acetone_dipole,28,1.0,0.0,0.6219090522451136,0.6219090522451136,,,,1.0
10,acetone_dipole,29,1.0,0.0,0.6219090522451136,0.6219090522451136,,,,1.0
10,acetone_dipole,30,1.0,0.0,0.6219090522451136,0.6219090522451136,,,,1.0
10,acetone_dipole,31,1.0,0.0,0.6219090522451136,0.6219090522451136,,,,1.0
10,acetone_dipole,32,1.0,0.0,0.6219090522451136,0.6219090522451136,,,,1.0
10,acetone_dipole,33,1.0,0.0,0.6219090522451136,0.6219090522451136,,,,1.0
10,acetone_dipole,34,1.0,0.0,0.6219090522451136,0.6219090522451136,,,,1.0
10,acetone_dipole,35,1.0,0.0,0.6219090522451136,0.6219090522451136,,,,1.0
10,acetone_dipole,36,1.0,0.0,0.6219090522451136,0.6219090522451136,,,,1.0
10,acetone_dipole,37,1.0,0.0,0.6219090522451136,0.6219090522451136,,,,1.0
10,acetone_dipole,38,1.0,0.0,0.6219090522451136,0.6219090522451136,,,,1.0
10,acetone_dipole,39,1.0,0.0,0.6219090522451136,0.6219090522451136,,,,1.0
10,acetone_dipole,40,1.0,0.0,0.6219090522451136,0.6219090522451136,,,,1.0
10,acetone_dipole,41,1.0,0.0,0.6219090522451136,0.6219090522451136,,,,1.0
10,acetone_dipole,42,1.0,0.0,0.6219090522451136,0.6219090522451136,,,,1.0
10,acetone_dipole,43,1.0,0.0,0.6219090522451136,0.6219090522451136,,,,1.0
10,acetone_dipole,44,1.0,0.0,0.6219090522451136,0.6219090522451136,,,,1.0
10,acetone_dipole,45,1.0,0.0,0.6219090522451136,0.6219090522451136,,,,1.0
10,acetone_dipole,46,1.0,0.0,0.6219090522451136,0.6219090522451136,,,,1.0
10,acetone_dipole,47,1.0,0.0,0.6219090522451136,0.6219090522451136,,,,1.0
10,acetone_dipole,48,1.0,0.0,0.6219090522451136,0.6219090522451136,,,,1.0
10,acetone_dipole,49,1.0,0.0,0.6219090522451136,0.6219090522451136,,,,1.0
10,acetone_dipole,50,1.0,0.0,0.6219090522451136,0.6219090522451136,,,,1.0
10,acetone_dipole,51,1.0,0.0,0.6219090522451136,0.6219090522451136,,,,1.0
10,acetone_dipole,52,1.0,0.0,0.6219090522451136,0.6219090522451136,,,,1.0
10,acetone_dipole,53,1.0,0.0,0.6219090522451136,0.6219090522451136,,,,1.0
10,acetone_dipole,54,1.0,0.0,0.6219090522451136,0.6219090522451136,,,,1.0
10,acetone_dipole,55,1.0,0.0,0.6219090522451136,0.6219090522451136,,,,1.0
10,acetone_dipole,56,1.0,0.0,0.6219090522451136,0.6219090522451136,,,,1.0
10,acetone_dipole,57,1.0,0.0,0.6219090522451136,0.6219090522451136,,,,1.0
10,acetone_dipole,58,1.0,0.0,0.6219090522451136,0.6219090522451136,,,,1.0
10,acetone_dipole,59,1.0,0.0,0.6219090522451136,0.6219090522451136,,,,1.0
10,acetone_dipole,60,1.0,0.0,0.6219090522451136,0.6219090522451136,,,,1.0
10,acetone_dipole,61,1.0,0.0,0.6219090522451136,0.6219090522451136,,,,1.0
10,acetone_dipole,62,1.0,0.0,0.6219090522451136,0.6219090522451136,,,,1.0
10,acetone_dipole,63,1.0,0.0,0.6219090522451136,0.6219090522451136,,,,1.0
10,acetone_dipole,64,1.0,0.0,0.6219090522451136,0.6219090522451136,,,,1.0
10,acetone_dipole,65,1.0,0.0,0.6219090522451136,0.6219090522451136,,,,1.0
10,acetone_dipole,66,1.0,0.0,0.6219090522451136,0.6219090522451136,,,,1.0
10,acetone_dipole,67,1.0,0.0,0.6219090522451136,0.6219090522451136,,,,1.0
10,acetone_dipole,68,1.0,0.0,0.6219090522451136,0.6219090522451136,,,,1.0
10,acetone_dipole,69,1.0,0.0,0.6219090522451136,0.6219090522451136,,,,1.0
10,acetone_dipole,70,1.0,0.0,0.6219090522451136,0.6219090522451136,,,,1.0
10,acetone_dipole,71,1.0,0.0,0.6219090522451136,0.6219090522451136,,,,1.0
10,acetone_dipole,72,1.0,0.0,0.6219090522451136,0.6219090522451136,,,,1.0
10,acetone_dipole,73,1.0,0.0,0.6219090522451136,0.6219090522451136,,,,1.0
10,acetone_dipole,74,1.0,0.0,0.6219090522451136,0.6219090522451136,,,,1.0
10,acetone_dipole,75,1.0,0.0,0.6219090522451136,0.6219090522451136,,,,1.0
10,acetone_dipole,76,1.0,0.0,0.6219090522451136,0.6219090522451136,,,,1.0
10,acetone_dipole,77,1.0,0.0,0.6219090522451136,0.6219090522451136,,,,1.0
10,acetone_dipole,78,1.0,0.0,0.6219090522451136,0.6219090522451136,,,,1.0
10,acetone_dipole,79,1.0,0.0,0.6219090522451136,0.6219090522451136,,,,1.0
10,acetone_dipole,80,1.0,0.0,0.6219090522451136,0.6219090522451136,,,,1.0
10,acetone_dipole,81,1.0,0.0,0.6219090522451136,0.6219090522451136,,,,1.0
10,acetone_dipole,82,1.0,0.0,0.6219090522451136,0.6219090522451136,,,,1.0
10,acetone_dipole,83,1.0,0.0,0.6219090522451136,0.6219090522451136,,,,1.0
10,acetone_dipole,84,1.0,0.0,0.6219090522451136,0.6219090522451136,,,,1.0
10,acetone_dipole,85,1.0,0.0,0.6219090522451136,0.6219090522451136,,,,1.0
10,acetone_dipole,86,1.0,0.0,0.6219090522451136,0.6219090522451136,,,,1.0
10,acetone_dipole,87,1.0,0.0,0.6219090522451136,0.6219090522451136,,,,1.0
10,acetone_dipole,88,1.0,0.0,0.6219090522451136,0.6219090522451136,,,,1.0
10,acetone_dipole,89,1.0,0.0,0.6219090522451136,0.6219090522451136,,,,1.0
10,acetone_dipole,90,1.0,0.0,0.6219090522451136,0.6219090522451136,,,,1.0
10,acetone_dipole,91,1.0,0.0,0.6219090522451136,0.6219090522451136,,,,1.0
10,acetone_dipole,92,1.0,0.0,0.6219090522451136,0.6219090522451136,,,,1.0
10,acetone_dipole,93,1.0,0.0,0.6219090522451136,0.6219090522451136,,,,1.0
10,acetone_dipole,94,1.0,0.0,0.6219090522451136,0.6219090522451136,,,,1.0
10,acetone_dipole,95,1.0,0.0,0.6219090522451136,0.6219090522451136,,,,1.0
10,acetone_dipole,96,1.0,0.0,0.6219090522451136,0.6219090522451136,,,,1.0
10,acetone_dipole,97,1.0,0.0,0.6219090522451136,0.6219090522451136,,,,1.0
10,acetone_dipole,98,1.0,0.0,0.6219090522451136,0.6219090522451136,,,,1.0
10,acetone_dipole,99,1.0,0.0,0.6219090522451136,0.6219090522451136,,,,1.0
10,acetone_dipole,100,1.0,0.0,0.6219090522451136,0.6219090522451136,,,,1.0
10,acetone_dipole,101,1.0,0.0,0.6219090522451136,0.6219090522451136,,,,1.0
10,acetone_dipole,102,1.0,0.0,0.6219090522451136,0.6219090522451136,,,,1.0
10,acetone_dipole,103,1.0,0.0,0.6219090522451136,0.6219090522451136,,,,1.0
10,acetone_dipole,104,1.0,0.0,0.6219090522451136,0.6219090522451136,,,,1.0
10,acetone_dipole,105,1.0,0.0,0.6219090522451136,0.6219090522451136,,,,1.0
10,acetone_dipole,106,1.0,0.0,0.6219090522451136,0.6219090522451136,,,,1.0
10,acetone_dipole,107,1.0,0.0,0.6219090522451136,0.6219090522451136,,,,1.0
10,acetone_dipole,108,1.0,0.0,0.6219090522451136,0.6219090522451136,,,,1.0
10,acetone_dipole,109,1.0,0.0,0.6219090522451136,0.6219090522451136,,,,1.0
10,acetone_dipole,110,1.0,0.0,0.6219090522451136,0.6219090522451136,,,,1.0
10,acetone_dipole,111,1.0,0.0,0.6219090522451136,0.6219090522451136,,,,1.0
10,acetone_dipole,112,1.0,0.0,0.6219090522451136,0.6219090522451136,,,,1.0
10,acetone_dipole,113,1.0,0.0,0.6219090522451136,0.6219090522451136,,,,1.0
10,acetone_dipole,114,1.0,0.0,0.6219090522451136,0.6219090522451136,,,,1.0
10,acetone_dipole,115,1.0,0.0,0.6219090522451136,0.6219090522451136,,,,1.0
10,acetone_dipole,116,1.0,0.0,0.6219090522451136,0.6219090522451136,,,,1.0
10,acetone_dipole,117,1.0,0.0,0.6219090522451136,0.6219090522451136,,,,1.0
10,acetone_dipole,118,1.0,0.0,0.6219090522451136,0.6219090522451136,,,,1.0
10,acetone_dipole,119,1.0,0.0,0.6219090522451136,0.6219090522451136,,,,1.0
10,acetone_dipole,120,1.0,0.0,0.6219090522451136,0.6219090522451136,,,,1.0
10,acetone_dipole,121,1.0,0.0,0.6219090522451136,0.6219090522451136,,,,1.0
10,acetone_dipole,122,1.0,0.0,0.6219090522451136,0.6219090522451136,,,,1.0
10,acetone_dipole,123,1.0,0.0,0.6219090522451136,0.6219090522451136,,,,1.0
10,acetone_dipole,124,1.0,0.0,0.6219090522451136,0.6219090522451136,,,,1.0
10,acetone_dipole,125,1.0,0.0,0.6219090522451136,0.6219090522451136,,,,1.0
10,acetone_dipole,126,1.0,0.0,0.6219090522451136,0.6219090522451136,,,,1.0
10,acetone_dipole,127,1.0,0.0,0.6219090522451136,0.6219090522451136,,,,1.0
10,acetone_dipole,128,1.0,0.0,0.6219090522451136,0.6219090522451136,,,,1.0
10,acetone_dipole,129,1.0,0.0,0.6219090522451136,0.6219090522451136,,,,1.0
10,acetone_dipole,130,1.0,0.0,0.6219090522451136,0.6219090522451136,,,,1.0
10,acetone_dipole,131,1.0,0.0,0.6219090522451136,0.6219090522451136,,,,1.0
10,acetone_dipole,132,1.0,0.0,0.6219090522451136,0.6219090522451136,,,,1.0
10,acetone_dipole,133,1.0,0.0,0.6219090522451136,0.6219090522451136,,,,1.0
10,acetone_dipole,134,1.0,0.0,0.6219090522451136,0.6219090522451136,,,,1.0
10,acetone_dipole,135,1.0,0.0,0.6219090522451136,0.6219090522451136,,,,1.0
10,acetone_dipole,136,1.0,0.0,0.6219090522451136,0.6219090522451136,,,,1.0
10,acetone_dipole,137,1.0,0.0,0.6219090522451136,0.6219090522451136,,,,1.0
10,acetone_dipole,138,1.0,0.0,0.6219090522451136,0.6219090522451136,,,,1.0
10,acetone_dipole,139,1.0,0.0,0.6219090522451136,0.6219090522451136,,,,1.0
10,acetone_dipole,140,1.0,0.0,0.6219090522451136,0.6219090522451136,,,,1.0
10,acetone_dipole,141,1.0,0.0,0.6219090522451136,0.6219090522451136,,,,1.0
10,acetone_dipole,142,1.0,0.0,0.6219090522451136,0.6219090522451136,,,,1.0
10,acetone_dipole,143,1.0,0.0,0.6219090522451136,0.6219090522451136,,,,1.0
10,acetone_dipole,144,1.0,0.0,0.6219090522451136,0.6219090522451136,,,,1.0
10,acetone_dipole,145,1.0,0.0,0.6219090522451136,0.6219090522451136,,,,1.0
10,acetone_dipole,146,1.0,0.0,0.6219090522451136,0.6219090522451136,,,,1.0
10,acetone_dipole,147,1.0,0.0,0.6219090522451136,0.6219090522451136,,,,1.0
10,acetone_dipole,148,1.0,0.0,0.6219090522451136,0.6219090522451136,,,,1.0
10,acetone_dipole,149,1.0,0.0,0.6219090522451136,0.6219090522451136,,,,1.0
10,acetone_dipole,150,1.0,0.0,0.6219090522451136,0.6219090522451136,,,,1.0
10,acetone_dipole,151,1.0,0.0,0.6219090522451136,0.6219090522451136,,,,1.0
10,acetone_dipole,152,1.0,0.0,0.6219090522451136,0.6219090522451136,,,,1.0
10,acetone_dipole,153,1.0,0.0,0.6219090522451136,0.6219090522451136,,,,1.0
10,acetone_dipole,154,1.0,0.0,0.6219090522451136,0.6219090522451136,,,,1.0
10,acetone_dipole,155,1.0,0.0,0.6219090522451136,0.6219090522451136,,,,1.0
10,acetone_dipole,156,1.0,0.0,0.6219090522451136,0.6219090522451136,,,,1.0
10,acetone_dipole,157,1.0,0.0,0.6219090522451136,0.6219090522451136,,,,1.0
10,acetone_dipole,158,1.0,0.0,0.6219090522451136,0.6219090522451136,,,,1.0
10,acetone_dipole,159,1.0,0.0,0.6219090522451136,0.6219090522451136,,,,1.0
10,acetone_dipole,160,1.0,0.0,0.6219090522451136,0.6219090522451136,,,,1.0
10,acetone_dipole,161,1.0,0.0,0.6219090522451136,0.6219090522451136,,,,1.0
10,acetone_dipole,162,1.0,0.0,0.6219090522451136,0.6219090522451136,,,,1.0
10,acetone_dipole,163,1.0,0.0,0.6219090522451136,0.6219090522451136,,,,1.0
10,acetone_dipole,164,1.0,0.0,0.6219090522451136,0.6219090522451136,,,,1.0
10,acetone_dipole,165,1.0,0.0,0.6219090522451136,0.6219090522451136,,,,1.0
10,acetone_dipole,166,1.0,0.0,0.6219090522451136,0.6219090522451136,,,,1.0
10,acetone_dipole,167,1.0,0.0,0.6219090522451136,0.6219090522451136,,,,1.0
10,acetone_dipole,168,1.0,0.0,0.6219090522451136,0.6219090522451136,,,,1.0
10,acetone_dipole,169,1.0,0.0,0.6219090522451136,0.6219090522451136,,,,1.0
10,acetone_dipole,170,1.0,0.0,0.6219090522451136,0.6219090522451136,,,,1.0
10,acetone_dipole,171,1.0,0.0,0.6219090522451136,0.6219090522451136,,,,1.0
10,acetone_dipole,172,1.0,0.0,0.6219090522451136,0.6219090522451136,,,,1.0
10,acetone_dipole,173,1.0,0.0,0.6219090522451136,0.6219090522451136,,,,1.0
10,acetone_dipole,174,1.0,0.0,0.6219090522451136,0.6219090522451136,,,,1.0
10,acetone_dipole,175,1.0,0.0,0.6219090522451136,0.6219090522451136,,,,1.0
10,acetone_dipole,176,1.0,0.0,0.6219090522451136,0.6219090522451136,,,,1.0
10,acetone_dipole,177,1.0,0.0,0.6219090522451136,0.6219090522451136,,,,1.0
10,acetone_dipole,178,1.0,0.0,0.6219090522451136,0.6219090522451136,,,,1.0
10,acetone_dipole,179,1.0,0.0,0.6219090522451136,0.6219090522451136,,,,1.0
10,acetone_dipole,180,1.0,0.0,0.6219090522451136,0.6219090522451136,,,,1.0
10,acetone_dipole,181,1.0,0.0,0.6219090522451136,0.6219090522451136,,,,1.0
10,acetone_dipole,182,1.0,0.0,0.6219090522451136,0.6219090522451136,,,,1.0
10,acetone_dipole,183,1.0,0.0,0.6219090522451136,0.6219090522451136,,,,1.0
10,acetone_dipole,184,1.0,0.0,0.6219090522451136,0.6219090522451136,,,,1.0
10,acetone_dipole,185,1.0,0.0,0.6219090522451136,0.6219090522451136,,,,1.0
10,acetone_dipole,186,1.0,0.0,0.6219090522451136,0.6219090522451136,,,,1.0
10,acetone_dipole,187,1.0,0.0,0.6219090522451136,0.6219090522451136,,,,1.0
10,acetone_dipole,188,1.0,0.0,0.6219090522451136,0.6219090522451136,,,,1.0
10,acetone_dipole,189,1.0,0.0,0.6219090522451136,0.6219090522451136,,,,1.0
10,acetone_dipole,190,1.0,0.0,0.6219090522451136,0.6219090522451136,,,,1.0
10,acetone_dipole,191,1.0,0.0,0.6219090522451136,0.6219090522451136,,,,1.0
10,acetone_dipole,192,1.0,0.0,0.6219090522451136,0.6219090522451136,,,,1.0
10,acetone_dipole,193,1.0,0.0,0.6219090522451136,0.6219090522451136,,,,1.0
10,acetone_dipole,194,1.0,0.0,0.6219090522451136,0.6219090522451136,,,,1.0
10,acetone_dipole,195,1.0,0.0,0.6219090522451136,0.6219090522451136,,,,1.0
10,acetone_dipole,196,1.0,0.0,0.6219090522451136,0.6219090522451136,,,,1.0
10,acetone_dipole,197,1.0,0.0,0.6219090522451136,0.6219090522451136,,,,1.0
10,acetone_dipole,198,1.0,0.0,0.6219090522451136,0.6219090522451136,,,,1.0
10,acetone_dipole,199,1.0,0.0,0.6219090522451136,0.6219090522451136,,,,1.0
10,acetone_dipole,200,1.0,0.0,0.6219090522451136,0.6219090522451136,,,,1.0
10,acetone_dipole,201,1.0,0.0,0.6219090522451136,0.6219090522451136,,,,1.0
10,acetone_dipole,202,1.0,0.0,0.6219090522451136,0.6219090522451136,,,,1.0
10,acetone_dipole,203,1.0,0.0,0.6219090522451136,0.6219090522451136,,,,1.0
10,acetone_dipole,204,1.0,0.0,0.6219090522451136,0.6219090522451136,,,,1.0
10,acetone_dipole,205,1.0,0.0,0.6219090522451136,0.6219090522451136,,,,1.0
10,acetone_dipole,206,1.0,0.0,0.6219090522451136,0.6219090522451136,,,,1.0
10,acetone_dipole,207,1.0,0.0,0.6219090522451136,0.6219090522451136,,,,1.0
10,acetone_dipole,208,1.0,0.0,0.6219090522451136,0.6219090522451136,,,,1.0
10,acetone_dipole,209,1.0,0.0,0.6219090522451136,0.6219090522451136,,,,1.0
10,acetone_dipole,210,1.0,0.0,0.6219090522451136,0.6219090522451136,,,,1.0
10,acetone_dipole,211,1.0,0.0,0.6219090522451136,0.6219090522451136,,,,1.0
10,acetone_dipole,212,1.0,0.0,0.6219090522451136,0.6219090522451136,,,,1.0
10,acetone_dipole,213,1.0,0.0,0.6219090522451136,0.6219090522451136,,,,1.0
10,acetone_dipole,214,1.0,0.0,0.6219090522451136,0.6219090522451136,,,,1.0
10,acetone_dipole,215,1.0,0.0,0.6219090522451136,0.6219090522451136,,,,1.0
10,acetone_dipole,216,1.0,0.0,0.6219090522451136,0.6219090522451136,,,,1.0
10,acetone_dipole,217,1.0,0.0,0.6219090522451136,0.6219090522451136,,,,1.0
10,acetone_dipole,218,1.0,0.0,0.6219090522451136,0.6219090522451136,,,,1.0
10,acetone_dipole,219,1.0,0.0,0.6219090522451136,0.6219090522451136,,,,1.0
10,acetone_dipole,220,1.0,0.0,0.6219090522451136,0.6219090522451136,,,,1.0
10,acetone_dipole,221,1.0,0.0,0.6219090522451136,0.6219090522451136,,,,1.0
10,acetone_dipole,222,1.0,0.0,0.6219090522451136,0.6219090522451136,,,,1.0
10,acetone_dipole,223,1.0,0.0,0.6219090522451136,0.6219090522451136,,,,1.0
10,acetone_dipole,224,1.0,0.0,0.6219090522451136,0.6219090522451136,,,,1.0
10,acetone_dipole,225,1.0,0.0,0.6219090522451136,0.6219090522451136,,,,1.0
10,acetone_dipole,226,1.0,0.0,0.6219090522451136,0.6219090522451136,,,,1.0
10,acetone_dipole,227,1.0,0.0,0.6219090522451136,0.6219090522451136,,,,1.0
10,acetone_dipole,228,1.0,0.0,0.6219090522451136,0.6219090522451136,,,,1.0
10,acetone_dipole,229,1.0,0.0,0.6219090522451136,0.6219090522451136,,,,1.0
10,acetone_dipole,230,1.0,0.0,0.6219090522451136,0.6219090522451136,,,,1.0
10,acetone_dipole,231,1.0,0.0,0.6219090522451136,0.6219090522451136,,,,1.0
10,acetone_dipole,232,1.0,0.0,0.6219090522451136,0.6219090522451136,,,,1.0
10,acetone_dipole,233,1.0,0.0,0.6219090522451136,0.6219090522451136,,,,1.0
10,acetone_dipole,234,1.0,0.0,0.6219090522451136,0.6219090522451136,,,,1.0
10,acetone_dipole,235,1.0,0.0,0.6219090522451136,0.6219090522451136,,,,1.0
10,acetone_dipole,236,1.0,0.0,0.6219090522451136,0.6219090522451136,,,,1.0
10,acetone_dipole,237,1.0,0.0,0.6219090522451136,0.6219090522451136,,,,1.0
10,acetone_dipole,238,1.0,0.0,0.6219090522451136,0.6219090522451136,,,,1.0
10,acetone_dipole,239,1.0,0.0,0.6219090522451136,0.6219090522451136,,,,1.0
10,acetone_dipole,240,1.0,0.0,0.6219090522451136,0.6219090522451136,,,,1.0
10,acetone_dipole,241,1.0,0.0,0.6219090522451136,0.6219090522451136,,,,1.0
10,acetone_dipole,242,1.0,0.0,0.6219090522451136,0.6219090522451136,,,,1.0
10,acetone_dipole,243,1.0,0.0,0.6219090522451136,0.6219090522451136,,,,1.0
10,acetone_dipole,244,1.0,0.0,0.6219090522451136,0.6219090522451136,,,,1.0
10,acetone_dipole,245,1.0,0.0,0.6219090522451136,0.6219090522451136,,,,1.0
10,acetone_dipole,246,1.0,0.0,0.6219090522451136,0.6219090522451136,,,,1.0
10,acetone_dipole,247,1.0,0.0,0.6219090522451136,0.6219090522451136,,,,1.0
10,acetone_dipole,248,1.0,0.0,0.6219090522451136,0.6219090522451136,,,,1.0
10,acetone_dipole,249,1.0,0.0,0.6219090522451136,0.6219090522451136,,,,1.0
10,octanol_gsolv_eV,0,0.08254703134298325,0.03298429772257805,0.6309682228243476,0.9365593082684793,6.140824317932129,0.07987634092569351,0.013007429750504767,0.04
10,octanol_gsolv_eV,1,0.26999250054359436,0.04883885383605957,0.6221579636241592,0.9085789182212369,9.237269401550293,0.39149779081344604,0.04238241560300719,0.18
10,octanol_gsolv_eV,2,0.17989204823970795,0.025971362367272377,0.6370751509605816,0.9113983496480242,4.939903259277344,0.7260423898696899,0.14697502193107773,0.12
10,octanol_gsolv_eV,3,0.28270071744918823,0.043218594044446945,0.6224566055107257,0.9488900669566078,8.094096183776855,0.2151639759540558,0.026582829147164432,0.32
10,octanol_gsolv_eV,4,0.2934626042842865,0.03431663662195206,0.6310747322393284,0.9366345637082849,6.44598388671875,0.5349056124687195,0.08298277219880032,0.26
10,octanol_gsolv_eV,5,0.13447995483875275,0.03608211874961853,0.6296106333418336,0.966142641057461,6.818465232849121,0.010246098972856998,0.0015026987192799145,0.16
10,octanol_gsolv_eV,6,0.21399787068367004,0.04285953566431999,0.6193266694442103,0.9290463626710574,7.952479362487793,0.26830580830574036,0.033738636225999034,0.2
10,octanol_gsolv_eV,7,0.16143986582756042,0.0282305795699358,0.6359575107292466,0.9460398328411497,5.342899799346924,0.1538924276828766,0.028803165595897427,0.08
10,octanol_gsolv_eV,8,0.1168796494603157,0.06682971119880676,0.6138434925433627,0.9558134378358578,12.149833679199219,0.04920074716210365,0.004049499644290309,0.04
10,octanol_gsolv_eV,9,0.2625846266746521,0.01244061067700386,0.6417252955724151,0.9284173655633188,2.2739081382751465,0.33907973766326904,0.14911760592073656,0.14
10,octanol_gsolv_eV,10,0.1826115846633911,0.03636766970157623,0.6278978731806084,0.9255217290044615,6.729300022125244,0.17499202489852905,0.02600449145129112,0.12
10,octanol_gsolv_eV,11,0.2342909872531891,0.014954695478081703,0.6413201735137652,0.9756483894814676,2.7953007221221924,0.08851854503154755,0.03166691309132001,0.18
10,octanol_gsolv_eV,12,0.10051102191209793,0.0502067394554615,0.6229553512645232,0.9413504757760507,9.257332801818848,0.09524212032556534,0.010288289549971944,0.08
10,octanol_gsolv_eV,13,0.37587806582450867,0.03624102845788002,0.633066303083563,0.9293874013861356,6.90142297744751,0.7892892360687256,0.11436615878319113,0.36
10,octanol_gsolv_eV,14,0.05901000648736954,0.010833504609763622,0.6425748047394269,0.9646332901242369,1.9927979707717896,0.021936997771263123,0.011008139356327804,0.06
10,octanol_gsolv_eV,15,0.09406396001577377,0.038224440068006516,0.6301575318684602,0.9366364233487887,7.240321636199951,0.214326411485672,0.029601780453245196,0.02
10,octanol_gsolv_eV,16,0.23925049602985382,0.04268109053373337,0.6285194411797357,0.9372376203254116,7.960081577301025,0.44263437390327454,0.055606763524320035,0.22
10,octanol_gsolv_eV,17,0.1420578956604004,0.041135918349027634,0.62666479717214,0.974687111360828,7.742865085601807,0.00430660555139184,0.0005562030984370579,0.12
10,octanol_gsolv_eV,18,0.08914033323526382,0.03719145432114601,0.6280222050767625,0.9554328927005205,6.976352691650391,0.00828088540583849,0.0011869935153578778,0.02
10,octanol_gsolv_eV,19,0.387874960899353,0.03223646804690361,0.633614002799205,0.9458517037144998,6.077075481414795,0.33128032088279724,0.054513116036806634,0.46
10,octanol_gsolv_eV,20,0.1075986921787262,0.04230014607310295,0.6224487018795621,0.9574878511249159,7.722807884216309,0.05667496100068092,0.007338647011602071,0.04
10,octanol_gsolv_eV,21,0.03991320729255676,0.04691755771636963,0.6229900144012954,0.9513597820287214,8.674108505249023,0.014565638266503811,0.0016792086769135532,0.04
10,octanol_gsolv_eV,22,0.3539500832557678,0.026924725621938705,0.6307381062733524,0.9238481937817851,4.984073638916016,1.0683780908584595,0.2143584080533009,0.34
10,octanol_gsolv_eV,23,0.1920454502105713,0.040523335337638855,0.6317228962276433,0.944472475114408,7.768348693847656,0.26592910289764404,0.03423238494794311,0.04
10,octanol_gsolv_eV,24,0.08288377523422241,0.022033894434571266,0.6395752620269148,0.9534836657641383,4.140507221221924,0.04785418510437012,0.011557565908615335,0.1
10,octanol_gsolv_eV,25,0.24903200566768646,0.03090757504105568,0.6367660481282245,0.970306387983092,5.858752727508545,0.027308393269777298,0.004661127468574747,0.26
10,octanol_gsolv_eV,26,0.6272560358047485,0.03066864237189293,0.6592391386035856,0.9533375743227075,5.992496490478516,2.9582016468048096,0.49365096024755284,0.58
10,octanol_gsolv_eV,27,0.050935693085193634,0.031081195920705795,0.6421958675539354,0.9580361142481493,5.982158184051514,0.005851051304489374,0.0009780836822550645,0.06
10,octanol_gsolv_eV,28,0.23825566470623016,0.024790186434984207,0.6373198789495229,0.9216532022171013,4.65575647354126,0.9666345119476318,0.20762136452819893,0.2
10,octanol_gsolv_eV,29,0.12260868400335312,0.047559112310409546,0.6249998040818607,0.9536662814150965,8.864212989807129,0.048289455473423004,0.005447686729656719,0.04
10,octanol_gsolv_eV,30,0.32159867882728577,0.014625203795731068,0.6432764513851583,0.9260102046461063,2.7418313026428223,0.3880440294742584,0.14152731756334785,0.24
10,octanol_gsolv_eV,31,0.16242873668670654,0.045052655041217804,0.6250408235205676,0.9686099767259384,8.13525676727295,0.0062045264057815075,0.0007626712448390675,0.18
10,octanol_gsolv_eV,32,0.12676866352558136,0.030504094436764717,0.6304382115594742,0.9463474491303585,5.7196760177612305,0.3267240822315216,0.05712283024719405,0.02
10,octanol_gsolv_eV,33,0.6025407314300537,0.03167802095413208,0.6470296891061149,0.9284432408340744,6.605525016784668,2.126314878463745,0.3218994513018677,0.54
10,octanol_gsolv_eV,34,0.05496029928326607,0.047015901654958725,0.6186834341244707,0.9578906749943863,8.605419158935547,0.019641391932964325,0.0022824445352635074,0.02
10,octanol_gsolv_eV,35,0.07869822531938553,0.020544376224279404,0.6544937806353026,0.9468638311202409,4.1396589279174805,0.047136299312114716,0.011386517617244222,0.08
10,octanol_gsolv_eV,36,0.19952675700187683,0.019827619194984436,0.6404891094298317,0.9668509993746957,3.770864248275757,0.0425548180937767,0.011285163106371456,0.26
10,octanol_gsolv_eV,37,0.10048616677522659,0.03706241771578789,0.6282110250889541,0.9408085342045132,6.8807268142700195,0.0785718709230423,0.011419123741418012,0.02
10,octanol_gsolv_eV,38,0.1674075573682785,0.028325427323579788,0.6402011144551312,0.9551436560827116,5.43469762802124,0.05697464197874069,0.010483498048719413,0.06
10,octanol_gsolv_eV,39,0.05762472376227379,0.02726650796830654,0.6288956245983754,0.9393818429127117,5.083221435546875,0.10490219295024872,0.020636951248409047,0.06
10,octanol_gsolv_eV,40,0.1942017525434494,0.04089212045073509,0.6225596280959476,0.9291242388070873,7.6271796226501465,0.13648849725723267,0.017895015459175493,0.16
10,octanol_gsolv_eV,41,0.1834573894739151,0.03279871866106987,0.6337973686346761,0.9438414448114605,6.208983898162842,0.1207401379942894,0.019446038188312077,0.12
10,octanol_gsolv_eV,42,0.32372668385505676,0.021290969103574753,0.632160916746848,0.9253998280117579,3.993368148803711,0.4366054832935333,0.10933264027368145,0.32
10,octanol_gsolv_eV,43,0.13228051364421844,0.022570429369807243,0.6390334304405787,0.9664119043631723,4.268139362335205,0.022058527916669846,0.00516818361446405,0.1
10,octanol_gsolv_eV,44,0.330593079328537,0.019241970032453537,0.6402527939323437,0.9199379048835956,3.590803384780884,0.6432541012763977,0.17913932687117873,0.3
10,octanol_gsolv_eV,45,0.3239317536354065,0.032926928251981735,0.6299445913143367,0.9410940860490802,6.26285982131958,0.22852426767349243,0.03648880450677923,0.2
10,octanol_gsolv_eV,46,0.6208704113960266,0.01194634847342968,0.6997007394614465,0.9245759236802349,2.9449715614318848,0.3922053575515747,0.13317797790919217,0.52
10,octanol_gsolv_eV,47,0.20636074244976044,0.015098553150892258,0.642037746682699,0.9749471530754634,2.8191606998443604,0.13139651715755463,0.046608381411108894,0.24
10,octanol_gsolv_eV,48,0.3524628281593323,0.03707408905029297,0.6296873397224982,0.9323799476644079,7.134588718414307,0.6259272694587708,0.08773137375715272,0.34
10,octanol_gsolv_eV,49,0.39437633752822876,0.031835876405239105,0.6399169473029087,0.9340739614085787,6.181695938110352,0.5685877799987793,0.09197925386355832,0.36
10,octanol_gsolv_eV,50,0.0892183855175972,0.03661412373185158,0.6289117231460846,0.9710159285390902,6.857320308685303,0.030914612114429474,0.004508264266913978,0.26
10,octanol_gsolv_eV,51,0.2188674509525299,0.04177381098270416,0.6245091319601588,0.9528720852257491,7.816359996795654,0.08274917304515839,0.010586663495422642,0.22
10,octanol_gsolv_eV,52,0.22221903502941132,0.012469985522329807,0.6393009395079412,0.9182890735905098,2.2699029445648193,0.3635420799255371,0.16015754365005883,0.12
10,octanol_gsolv_eV,53,0.10575959086418152,0.03612649068236351,0.6277277293278136,0.9090794262223467,6.760072708129883,0.36139747500419617,0.05346058993856203,0.08
10,octanol_gsolv_eV,54,0.03670622408390045,0.04488638788461685,0.6254072434065554,0.9690303847419401,8.264540672302246,0.004070969298481941,0.0004925826443235224,0.02
10,octanol_gsolv_eV,55,0.11068081110715866,0.03451772406697273,0.6324549002517803,0.9685457927860897,6.504261016845703,0.02130114659667015,0.003274952610527356,0.08
10,octanol_gsolv_eV,56,0.04700015112757683,0.05206940695643425,0.6170306427373446,0.961574137560645,9.567713737487793,0.005011070054024458,0.0005237479079657562,0.02
10,octanol_gsolv_eV,57,0.21089062094688416,0.017155859619379044,0.641800979748864,0.943815992623342,3.220207452774048,0.19647210836410522,0.0610122519264572,0.12
10,octanol_gsolv_eV,58,0.13865645229816437,0.033335912972688675,0.6235561176099416,0.9451047247991056,6.147189140319824,0.0887935683131218,0.014444580488132186,0.12
10,octanol_gsolv_eV,59,0.15290798246860504,0.014672908000648022,0.6372232041326584,0.9137969131431813,2.702604293823242,0.2601056396961212,0.09624259100401357,0.08
10,octanol_gsolv_eV,60,0.12717555463314056,0.040127240121364594,0.6236054986043817,0.9631154188669957,7.456984043121338,0.017653193324804306,0.002367336878116082,0.04
10,octanol_gsolv_eV,61,0.147212415933609,0.047219548374414444,0.6199466892039165,0.9617742284829305,8.716554641723633,0.0023326477967202663,0.00026761121711490847,0.2
10,octanol_gsolv_eV,62,0.07381273806095123,0.025385092943906784,0.636583193570504,0.9706301228176457,4.78957462310791,0.016690289601683617,0.0034847123001611035,0.08
10,octanol_gsolv_eV,63,0.1402151882648468,0.012272884137928486,0.6415991665401235,0.9607722557517386,2.267906427383423,0.10509681701660156,0.04634089649715226,0.08
10,octanol_gsolv_eV,64,0.33471378684043884,0.034583307802677155,0.630115965770305,0.9247569226672085,6.553614616394043,0.6621776223182678,0.1010400612605161,0.28
10,octanol_gsolv_eV,65,0.09806375950574875,0.020373350009322166,0.640400545523049,0.9714984079470317,3.8230466842651367,0.07192940264940262,0.01881468069575217,0.1
10,octanol_gsolv_eV,66,0.1284312903881073,0.032456569373607635,0.6238106694610321,0.929300467794584,5.845692157745361,0.16752870380878448,0.028658488898840512,0.04
10,octanol_gsolv_eV,67,0.2579062879085541,0.014110337942838669,0.6405179190272161,0.9765185904070774,2.629559278488159,0.0855972021818161,0.032551919586703296,0.22
10,octanol_gsolv_eV,68,0.3079477846622467,0.041967980563640594,0.6239722021016036,0.9181865678995458,7.809457302093506,0.4739619791507721,0.06069077028229806,0.3
10,octanol_gsolv_eV,69,0.19656120240688324,0.0479741096496582,0.6199865773041335,0.9704532737186986,8.82321834564209,0.03486387059092522,0.003951377969484906,0.18
10,octanol_gsolv_eV,70,0.16230274736881256,0.02294326201081276,0.6375258135980755,0.9508217424225576,4.348307132720947,0.02501874603331089,0.005753674998034337,0.06
10,octanol_gsolv_eV,71,0.28374794125556946,0.052978526800870895,0.6173355272603234,0.9300788412177268,9.725814819335938,0.47584268450737,0.0489257397294204,0.3
10,octanol_gsolv_eV,72,0.06403248012065887,0.0637282058596611,0.6121346165429531,0.9722416253605288,11.506983757019043,0.006499068345874548,0.0005647933883551577,0.02
10,octanol_gsolv_eV,73,0.17854061722755432,0.04515859857201576,0.6223468294604322,0.9687388013534839,8.352973937988281,0.005745141766965389,0.0006877959646009672,0.18
10,octanol_gsolv_eV,74,0.08287803828716278,0.021472424268722534,0.6377257764447226,0.9639495638756859,4.042577266693115,0.011026525869965553,0.002727598050088825,0.08
10,octanol_gsolv_eV,75,0.15201696753501892,0.021520154550671577,0.6409990263149548,0.9725701608748645,4.07500696182251,0.0588814839720726,0.014449419233811172,0.08
10,octanol_gsolv_eV,76,0.11641423404216766,0.009104540571570396,0.6441967557023316,0.9653297724942571,1.6719156503677368,0.01915082335472107,0.011454419575837368,0.1
10,octanol_gsolv_eV,77,0.6761976480484009,0.007806140463799238,0.6722485187169991,0.9407154349047377,1.4157483577728271,0.7571389675140381,0.5347977014115171,0.6
10,octanol_gsolv_eV,78,0.23547691106796265,0.02978135272860527,0.6378003431155277,0.9755591943189965,5.671338081359863,0.007498700171709061,0.0013222100435795279,0.3
10,octanol_gsolv_eV,79,0.14098894596099854,0.025895796716213226,0.6364055099302557,0.9138975973084058,5.015398025512695,0.15976504981517792,0.0318549094214404,0.08
10,octanol_gsolv_eV,80,0.07636776566505432,0.029547439888119698,0.6394731408129084,0.9808290523140193,5.587695121765137,0.010272044688463211,0.0018383330630283748,0.1
10,octanol_gsolv_eV,81,0.06181009113788605,0.016631947830319405,0.6354613326283953,0.9674618985025636,3.0936174392700195,0.024283533915877342,0.007849559421156924,0.04
10,octanol_gsolv_eV,82,0.04666753485798836,0.026247693225741386,0.6304895191709434,0.9600919969715322,4.866176605224609,0.0058221067301929,0.001196443779689777,0.02
10,octanol_gsolv_eV,83,0.2310057431459427,0.04279434680938721,0.6247587429151171,0.9329929706760989,8.01645565032959,0.10960710048675537,0.013672763284388528,0.22
10,octanol_gsolv_eV,84,0.06501270830631256,0.060644496232271194,0.6142936040355196,0.9585123666954614,10.997090339660645,0.00807847362011671,0.0007346010054115825,0.02
10,octanol_gsolv_eV,85,0.18906144797801971,0.034855734556913376,0.6342924614744929,0.9115672065736162,6.616696834564209,0.23950999975204468,0.036197819809560515,0.14
10,octanol_gsolv_eV,86,0.22107921540737152,0.012707988731563091,0.6415068024251833,0.967172172404207,2.3633639812469482,0.07674652338027954,0.032473425163984625,0.18
10,octanol_gsolv_eV,87,0.4644441306591034,0.012720299884676933,0.642730815368628,0.8914231918591091,2.374587059020996,0.8402146697044373,0.3538361192159635,0.22
10,octanol_gsolv_eV,88,0.12711170315742493,0.016307545825839043,0.6400490312726133,0.956014745430904,3.0317180156707764,0.06128137931227684,0.020213416615766013,0.16
10,octanol_gsolv_eV,89,0.19513064622879028,0.032533518970012665,0.6377683759887596,0.9094244320237748,6.252419948577881,0.4988182783126831,0.07978003435711957,0.08
10,octanol_gsolv_eV,90,0.21753691136837006,0.01879206858575344,0.6373754678533103,0.9157801345228525,3.5233817100524902,0.47458717226982117,0.1346964965265574,0.02
10,octanol_gsolv_eV,91,0.07243254035711288,0.03841054067015648,0.6188696084889913,0.9312081873466929,7.013802528381348,0.11193618923425674,0.01595941556399785,0.02
10,octanol_gsolv_eV,92,0.11144649237394333,0.0075069391168653965,0.642885907417476,0.9475863788023522,1.3316394090652466,0.07203075289726257,0.054091785213705154,0.1
10,octanol_gsolv_eV,93,0.06594782322645187,0.03979777544736862,0.6210223714760532,0.9494060150300625,7.381199836730957,0.023858830332756042,0.0032323783206664714,0.02
10,octanol_gsolv_eV,94,0.1823129504919052,0.06300961971282959,0.6220606873560794,0.962412782211663,11.733048439025879,0.005937157664448023,0.0005060200420463744,0.04
10,octanol_gsolv_eV,95,0.044521503150463104,0.028865836560726166,0.6245693002147641,0.9595989886281546,5.266869068145752,0.008369341492652893,0.0015890544048780377,0.04
10,octanol_gsolv_eV,96,0.14845044910907745,0.013576763682067394,0.6407925313403249,0.9675795003035284,2.5219624042510986,0.12270623445510864,0.04865506093519522,0.1
10,octanol_gsolv_eV,97,0.2332342118024826,0.033736035227775574,0.6307187930927014,0.9203034575007292,6.395079612731934,0.3256283402442932,0.05091857489873954,0.12
10,octanol_gsolv_eV,98,0.18786926567554474,0.018680142238736153,0.6394381828930131,0.9723012891220568,3.5178205966949463,0.09092599153518677,0.02584725088613482,0.16
10,octanol_gsolv_eV,99,0.1404394954442978,0.033722054213285446,0.637070857276854,0.9462069380082561,6.414597988128662,0.0977347269654274,0.015236298072973964,0.12
10,octanol_gsolv_eV,100,0.14457888901233673,0.04436710476875305,0.6172535416739173,0.9408577766314243,8.212054252624512,0.15393416583538055,0.018744903662342993,0.04
10,octanol_gsolv_eV,101,0.10205235332250595,0.031228667125105858,0.6354864827971716,0.9706275998548588,5.9062275886535645,0.00461706193163991,0.0007817277377711846,0.08
10,octanol_gsolv_eV,102,0.2363351434469223,0.014625643379986286,0.6402290797094847,0.9373827755401514,2.6680798530578613,0.25530436635017395,0.09568842778733627,0.14
10,octanol_gsolv_eV,103,0.11242572963237762,0.028914880007505417,0.6388695689639736,0.9675823431592923,5.487518310546875,0.03738297149538994,0.006812363873764355,0.1
10,octanol_gsolv_eV,104,0.30465057492256165,0.04061426967382431,0.6284254754744163,0.9372975868732991,7.620872497558594,0.363738477230072,0.04772924325221272,0.26
10,octanol_gsolv_eV,105,0.1662634313106537,0.0428326390683651,0.6252872605228796,0.9583090676960002,7.973441123962402,0.006368581205606461,0.0007987243031703222,0.1
10,octanol_gsolv_eV,106,0.1230500116944313,0.054609280079603195,0.6189339315150009,0.9704483362181935,9.97810173034668,0.007310525979846716,0.0007326569900177514,0.2
10,octanol_gsolv_eV,107,0.3054318130016327,0.021674834191799164,0.6430069432053938,0.9274938428747588,4.119186878204346,0.9890176057815552,0.24010020303150026,0.16
10,octanol_gsolv_eV,108,0.07820635288953781,0.07866872847080231,0.6128668372779222,0.9663306448295941,14.179692268371582,0.010154145769774914,0.0007161048052096431,0.06
10,octanol_gsolv_eV,109,0.11337295174598694,0.049081139266490936,0.6179570598025717,0.9747768594916355,8.987411499023438,0.005034227855503559,0.0005601421339226064,0.14
10,octanol_gsolv_eV,110,0.3939308524131775,0.00990208052098751,0.6488854624725757,0.9520111391284389,1.8353044986724854,0.3735694885253906,0.20354632639739148,0.26
10,octanol_gsolv_eV,111,0.26641690731048584,0.008907921612262726,0.6425997592803059,0.9383921769760522,1.6049370765686035,0.23212294280529022,0.14463055667053004,0.06
10,octanol_gsolv_eV,112,0.10694681107997894,0.01868480071425438,0.6366241825126693,0.9560349021933365,3.466785430908203,0.14545036852359772,0.04195539972760694,0.06
10,octanol_gsolv_eV,113,0.2751621603965759,0.03323465958237648,0.6349052655757221,0.9759329347145933,6.319819927215576,0.017890429124236107,0.00283084475986302,0.3
10,octanol_gsolv_eV,114,0.12606792151927948,0.01429823413491249,0.6417813167139099,0.9491202470560713,2.6367790699005127,0.06601883471012115,0.025037681565263672,0.04
10,octanol_gsolv_eV,115,0.18747791647911072,0.028443189337849617,0.6357678106782911,0.9585168575365606,5.369603633880615,0.026695046573877335,0.0049715115665967344,0.18
10,octanol_gsolv_eV,116,0.3463132083415985,0.03150177001953125,0.6300497599720896,0.9262850790269368,6.0080695152282715,0.28430604934692383,0.04732069904090014,0.34
10,octanol_gsolv_eV,117,0.05402950569987297,0.044573865830898285,0.6185087303649743,0.9686207501444242,8.141868591308594,0.008073781616985798,0.0009916374265244862,0.02
10,octanol_gsolv_eV,118,0.16506850719451904,0.022810978814959526,0.6395194476362613,0.9590514911656209,4.288097858428955,0.2036004215478897,0.04748035802113982,0.22
10,octanol_gsolv_eV,119,0.24267971515655518,0.016791313886642456,0.6406926233174968,0.9577798901354431,3.162407398223877,0.09702525287866592,0.030680820229916878,0.18
10,octanol_gsolv_eV,120,0.22939170897006989,0.021402571350336075,0.6375940658873962,0.974461646266749,4.0385308265686035,0.0384395457804203,0.009518200412767686,0.24
10,octanol_gsolv_eV,121,0.1857881247997284,0.02498353086411953,0.6375984329363875,0.9690964374295836,4.727310657501221,0.026549406349658966,0.005616175511446618,0.26
10,octanol_gsolv_eV,122,0.7531101107597351,0.00878093484789133,0.6789544630985018,0.9268162661508073,1.7590672969818115,1.0867063999176025,0.6177742044219465,0.54
10,octanol_gsolv_eV,123,0.08873115479946136,0.03970790654420853,0.6247166003454392,0.9377068806864002,7.401579856872559,0.01808050461113453,0.0024427899125274333,0.02
10,octanol_gsolv_eV,124,0.28635403513908386,0.04261721670627594,0.6166711623915835,0.9249601222665875,8.029155731201172,0.49346500635147095,0.06145914002313765,0.28
10,octanol_gsolv_eV,125,0.23723596334457397,0.015614740550518036,0.6415658561713868,0.9390361736371742,2.9295060634613037,0.2759219706058502,0.09418719901191798,0.14
10,octanol_gsolv_eV,126,0.280556857585907,0.06660977005958557,0.6189848745454534,0.9306468037028315,12.54836654663086,0.6688686609268188,0.05330324536195549,0.24
10,octanol_gsolv_eV,127,0.45705944299697876,0.0070099118165671825,0.6535214969854739,0.9282079270330543,1.2480450868606567,0.5633382797241211,0.45137654533070354,0.26
10,octanol_gsolv_eV,128,0.0691223070025444,0.02219853550195694,0.6389920884015892,0.9754285963170479,4.157881259918213,0.029568593949079514,0.0071114570380158325,0.04
10,octanol_gsolv_eV,129,0.0634528398513794,0.02300340123474598,0.6399980483398866,0.9627474036365311,4.339146137237549,0.018575405701994896,0.004280889630009245,0.08
10,octanol_gsolv_eV,130,0.045431070029735565,0.04175035282969475,0.6265029105677047,0.9607891779074571,7.809770107269287,0.006227230653166771,0.000797364143583497,0.02
10,octanol_gsolv_eV,131,0.20762448012828827,0.026741541922092438,0.6389620901075015,0.9656511193272255,5.090789318084717,0.02830963023006916,0.005560951055173495,0.14
10,octanol_gsolv_eV,132,0.0459548644721508,0.036073025315999985,0.6323461145878129,0.9632417225024952,6.812348365783691,0.01325673796236515,0.0019459865013582724,0.06
10,octanol_gsolv_eV,133,0.12721098959445953,0.06295845657587051,0.6137286019086767,0.9765014540679808,11.467074394226074,0.005442045629024506,0.00047458012758377986,0.16
10,octanol_gsolv_eV,134,0.11482617259025574,0.013501144014298916,0.6405017888480853,0.9660366003484402,2.508795738220215,0.03585665673017502,0.014292377886297105,0.04
10,octanol_gsolv_eV,135,0.09817929565906525,0.013644754886627197,0.6424979538974944,0.9642116981764897,2.5357494354248047,0.051705751568078995,0.02039071796516714,0.04
10,octanol_gsolv_eV,136,0.22327974438667297,0.027215642854571342,0.6331004063916443,0.9473754644835826,5.138210773468018,0.06906865537166595,0.013442160786457638,0.1
10,octanol_gsolv_eV,137,0.22036048769950867,0.03270427882671356,0.6317684040349474,0.9226767779652638,6.085625648498535,0.20538444817066193,0.03374910979306376,0.18
10,octanol_gsolv_eV,138,0.19643181562423706,0.04180124029517174,0.6251989796354656,0.9567212978057806,7.779345989227295,0.040204305201768875,0.00516808292849336,0.2
10,octanol_gsolv_eV,139,0.07280206680297852,0.06266690045595169,0.6164332684610978,0.9703322133567325,11.394131660461426,0.004270116798579693,0.00037476456528910836,0.1
10,octanol_gsolv_eV,140,0.12374920397996902,0.011629759334027767,0.6406082529786616,0.960222688036708,2.1213936805725098,0.09050573408603668,0.04266333727439572,0.08
10,octanol_gsolv_eV,141,0.04352079704403877,0.032420627772808075,0.6194145846856289,0.9487477764841643,5.842414855957031,0.017182955518364906,0.0029410707630330045,0.04
10,octanol_gsolv_eV,142,0.2358463704586029,0.01065103430300951,0.6423559266337213,0.9529094505238205,1.9508445262908936,0.32971519231796265,0.16901151674287665,0.16
10,octanol_gsolv_eV,143,0.13599765300750732,0.01660774089396,0.6427501506792181,0.9268041946636727,3.114739418029785,0.13555800914764404,0.04352146069201213,0.04
10,octanol_gsolv_eV,144,0.2814452052116394,0.0375901535153389,0.6280853333324967,0.9119336213622515,7.128929615020752,0.43550196290016174,0.0610893901915588,0.22
10,octanol_gsolv_eV,145,0.22076818346977234,0.030731244012713432,0.6367384929904814,0.9745888039120589,5.851025104522705,0.005050963256508112,0.0008632612518794076,0.26
10,octanol_gsolv_eV,146,0.04507104679942131,0.03489833325147629,0.6266098833622169,0.9554106747328168,6.511618614196777,0.025326669216156006,0.003889458323148446,0.02
10,octanol_gsolv_eV,147,0.35396242141723633,0.03038524091243744,0.63626264089375,0.9533452948340346,5.8392839431762695,0.2771817147731781,0.04746844261565495,0.26
10,octanol_gsolv_eV,148,0.19177508354187012,0.012688664719462395,0.6407101973608802,0.9384102704449089,2.3518433570861816,0.09594079852104187,0.04079387270073454,0.2
10,octanol_gsolv_eV,149,0.07117301225662231,0.06651749461889267,0.6118016229265528,0.9654901619565026,11.842973709106445,0.010697660967707634,0.0009032917939758539,0.04
10,octanol_gsolv_eV,150,0.14514023065567017,0.02676953747868538,0.6345623308705173,0.9364126857838597,5.095353126525879,0.19222718477249146,0.037725978945752886,0.02
10,octanol_gsolv_eV,151,0.40691134333610535,0.0211727786809206,0.6428165534546106,0.9490361917328634,4.104562759399414,0.3292231857776642,0.08020907586898163,0.3
10,octanol_gsolv_eV,152,0.1338171660900116,0.02832034043967724,0.6266783090056967,0.9230700187864733,5.276278495788574,0.1587611585855484,0.030089609316920736,0.04
10,octanol_gsolv_eV,153,0.20831996202468872,0.02444063127040863,0.6409533751669045,0.9356531480834858,4.649240493774414,0.391000360250473,0.08409983539764049,0.22
10,octanol_gsolv_eV,154,0.058104176074266434,0.04181240126490593,0.6217382879946698,0.9573014398800297,7.593682289123535,0.019920220598578453,0.0026232623172963497,0.04
10,octanol_gsolv_eV,155,0.7349532842636108,0.003196530509740114,0.6831237642725987,0.9526030046993479,0.49015456438064575,0.4562893211841583,0.9309090526591766,0.62
10,octanol_gsolv_eV,156,0.32592082023620605,0.022622115910053253,0.6419379112375763,0.9060819420014203,4.3339104652404785,0.4307328164577484,0.09938664398177595,0.14
10,octanol_gsolv_eV,157,0.4848642945289612,0.01662747748196125,0.6464258967381693,0.9217316031125908,3.192863941192627,0.660926342010498,0.2070010981312354,0.34
10,octanol_gsolv_eV,158,0.6331749558448792,0.02266397699713707,0.6503624856070787,0.9218720453756095,4.9913787841796875,0.7814967632293701,0.1565693162190667,0.54
10,octanol_gsolv_eV,159,0.1524859517812729,0.04515720158815384,0.6244719268275931,0.974926507365979,8.388808250427246,0.004310727585107088,0.0005138665059947628,0.1
10,octanol_gsolv_eV,160,0.052201684564352036,0.059743307530879974,0.6186410369516548,0.9514184715263401,10.8739652633667,0.037938930094242096,0.0034889692191729317,0.02
10,octanol_gsolv_eV,161,0.447196364402771,0.01742739975452423,0.6491524539078155,0.9262443574200734,3.30871319770813,0.9260587096214294,0.27988485380446065,0.24
10,octanol_gsolv_eV,162,0.26824137568473816,0.02538742497563362,0.6362802904300455,0.927283134195346,4.748287200927734,0.2366505116224289,0.04983913179813374,0.24
10,octanol_gsolv_eV,163,0.1567857265472412,0.033370230346918106,0.6346195136913662,0.9492465544395399,6.321430683135986,0.021368183195590973,0.0033802764384644763,0.08
10,octanol_gsolv_eV,164,0.13418950140476227,0.03970930725336075,0.6289368947325531,0.9635169688152965,7.192678928375244,0.01682697795331478,0.0023394590695452926,0.18
10,octanol_gsolv_eV,165,0.12746956944465637,0.0286086518317461,0.6359116361245039,0.95855662046389,5.408080577850342,0.026406850665807724,0.004882850816602327,0.1
10,octanol_gsolv_eV,166,0.3222106099128723,0.05109398066997528,0.6158486593138728,0.9288997746442456,9.468003273010254,0.5524150133132935,0.0583454607465148,0.32
10,octanol_gsolv_eV,167,0.3401578962802887,0.029736721888184547,0.6342602271190529,0.9360219806043071,5.690778732299805,0.5034812092781067,0.08847316561799191,0.24
10,octanol_gsolv_eV,168,0.5352783799171448,0.032634370028972626,0.645897683172814,0.9257390065489584,6.450193405151367,1.6360832452774048,0.2536487113658898,0.4
10,octanol_gsolv_eV,169,0.40909746289253235,0.030400142073631287,0.633991794248197,0.9377444270702788,5.862180233001709,0.6640607714653015,0.11327880499594799,0.32
10,octanol_gsolv_eV,170,0.16690336167812347,0.020100638270378113,0.6223032519570346,0.9330851617624034,3.688261032104492,0.19870495796203613,0.05387497149263773,0.16
10,octanol_gsolv_eV,171,0.07859876751899719,0.009225920774042606,0.6418025891110204,0.9637571856776301,1.6517226696014404,0.05817433446645737,0.03522040081976643,0.04
10,octanol_gsolv_eV,172,0.22827871143817902,0.028609808534383774,0.637970597599963,0.9693675811078022,5.422016620635986,0.02094072289764881,0.003862165014018811,0.26
10,octanol_gsolv_eV,173,0.15296894311904907,0.01922886073589325,0.641314084591355,0.9595191043074318,3.656367063522339,0.03506925329566002,0.009591283557257588,0.08
10,octanol_gsolv_eV,174,0.21249982714653015,0.031000636518001556,0.6333821697885611,0.9607292695096101,5.785617351531982,0.04060031846165657,0.007017456564234403,0.22
10,octanol_gsolv_eV,175,0.18617087602615356,0.021217772737145424,0.641636818949225,0.9346401595979321,4.119250297546387,0.11662496626377106,0.028312182518561255,0.12
10,octanol_gsolv_eV,176,0.2501421272754669,0.04045334830880165,0.6245796450640264,0.9418559299558797,7.604313850402832,0.06828614324331284,0.008979921737409014,0.2
10,octanol_gsolv_eV,177,0.2814635932445526,0.03717727214097977,0.6241242328474814,0.9114282804748948,7.020170211791992,0.5945119261741638,0.08468625521010077,0.18
10,octanol_gsolv_eV,178,0.08150064945220947,0.016723312437534332,0.641089244947112,0.9579135748514331,3.114140510559082,0.02138141728937626,0.006865912831125803,0.04
10,octanol_gsolv_eV,179,0.24191555380821228,0.02557579055428505,0.636819739708254,0.9663817613878078,4.84576416015625,0.02916385419666767,0.006018422117292496,0.2
10,octanol_gsolv_eV,180,0.41980573534965515,0.012828036211431026,0.6440628378267144,0.9001410657789166,2.3783857822418213,0.4816034734249115,0.20249173915383956,0.3
10,octanol_gsolv_eV,181,0.32296136021614075,0.04329528659582138,0.6179532275970905,0.9198052851515983,8.139241218566895,0.42067593336105347,0.051684907974151845,0.34
10,octanol_gsolv_eV,182,0.30477726459503174,0.01184927485883236,0.6410038667863245,0.9614423369962055,2.220426082611084,0.04991137608885765,0.022478287604226373,0.28
10,octanol_gsolv_eV,183,0.09676700085401535,0.02492842823266983,0.640752324555081,0.9580050661917154,4.704892158508301,0.01954108476638794,0.004153354446403187,0.06
10,octanol_gsolv_eV,184,0.1391703188419342,0.026424465700984,0.6301592435953287,0.9377032224033093,4.960162162780762,0.11867576837539673,0.023925783972527388,0.06
10,octanol_gsolv_eV,185,0.33565595746040344,0.03353111073374748,0.6336259646367646,0.9341200276326209,6.476804733276367,0.45832762122154236,0.07076446490145952,0.3
10,octanol_gsolv_eV,186,0.15188917517662048,0.03615473210811615,0.6274496803093235,0.8838490800098906,6.8510308265686035,0.7546758055686951,0.1101550736922725,0.08
10,octanol_gsolv_eV,187,0.10688088834285736,0.045113783329725266,0.6233954490736102,0.9596925934522513,8.316202163696289,0.005049037281423807,0.0006071325807187532,0.02
10,octanol_gsolv_eV,188,0.35454732179641724,0.040203776210546494,0.6254154187677878,0.9320980842141715,7.609806060791016,0.3269571363925934,0.04296523903246586,0.32
10,octanol_gsolv_eV,189,0.08781063556671143,0.021728036925196648,0.6395981262109931,0.9604863413937574,4.112571716308594,0.013286681845784187,0.0032307477564695675,0.08
10,octanol_gsolv_eV,190,0.04231763631105423,0.04331725835800171,0.6226797451458368,0.9391020051692409,8.017586708068848,0.03838220611214638,0.004787251764114851,0.04
10,octanol_gsolv_eV,191,0.14590173959732056,0.04278028756380081,0.6257850878278035,0.9367773081519519,8.063453674316406,0.1471828818321228,0.01825308208825302,0.06
10,octanol_gsolv_eV,192,0.2173704355955124,0.010263393633067608,0.6430098969268139,0.9341003715274183,1.8665987253189087,0.20423118770122528,0.10941354718129487,0.16
10,octanol_gsolv_eV,193,0.21436361968517303,0.024681996554136276,0.6440378550326233,0.9338183566594298,4.679266929626465,0.11685387790203094,0.024972689025748552,0.12
10,octanol_gsolv_eV,194,0.2385934442281723,0.04693150892853737,0.6204097257463119,0.9411035554416325,8.684969902038574,0.23584964871406555,0.02715606978196964,0.16
10,octanol_gsolv_eV,195,0.13169695436954498,0.03329868242144585,0.631630203211444,0.9731759280776267,6.187294006347656,0.007197186350822449,0.0011632203582759646,0.12
10,octanol_gsolv_eV,196,0.12168389558792114,0.037755582481622696,0.6275660990582101,0.9554383789770933,7.0840959548950195,0.01660320535302162,0.002343729596371294,0.02
10,octanol_gsolv_eV,197,0.08087989687919617,0.021227141842246056,0.6410752589265005,0.9570351929768095,3.971961736679077,0.030513012781739235,0.007682101390848468,0.08
10,octanol_gsolv_eV,198,0.24655914306640625,0.042568475008010864,0.6251602126947962,0.9290334563918712,7.90177059173584,0.21674033999443054,0.027429338460054888,0.24
10,octanol_gsolv_eV,199,0.23890462517738342,0.0331106074154377,0.6359202515313969,0.9571073812639874,6.392996311187744,0.04652147740125656,0.007276944195923275,0.24
10,octanol_gsolv_eV,200,0.1186622828245163,0.017973855137825012,0.6387150406538442,0.9674070900076683,3.3834269046783447,0.019278353080153465,0.005697877809476785,0.08
10,octanol_gsolv_eV,201,0.7605745196342468,0.011651771143078804,0.682359348560821,0.919666357671644,2.209535837173462,1.9032210111618042,0.8613668894352446,0.72
10,octanol_gsolv_eV,202,0.13411161303520203,0.05538307875394821,0.6231318358073472,0.9100382949338481,10.414261817932129,0.45967769622802734,0.04413924906674774,0.06
10,octanol_gsolv_eV,203,0.29899081587791443,0.0371759831905365,0.628956226792311,0.9162363596097616,6.9626851081848145,0.4750729203224182,0.06823128045299044,0.3
10,octanol_gsolv_eV,204,0.3265681862831116,0.025508161634206772,0.6398695453848828,0.9456195968501915,4.889120101928711,0.2208358645439148,0.0451688360972759,0.28
10,octanol_gsolv_eV,205,0.22447825968265533,0.03551214933395386,0.626440121353927,0.9213259651448027,6.696319580078125,0.1421486884355545,0.021227882978950667,0.18
10,octanol_gsolv_eV,206,0.14572513103485107,0.04016714170575142,0.6299303204338449,0.9243972609816209,7.581274032592773,0.18661969900131226,0.02461587566931529,0.1
10,octanol_gsolv_eV,207,0.02388041280210018,0.04529081657528877,0.6240104327761451,0.9570119123153125,8.337313652038574,0.007339079398661852,0.0008802690776623665,0.04
10,octanol_gsolv_eV,208,0.07839244604110718,0.03214510902762413,0.6306562056513112,0.9642916805253556,5.85306453704834,0.035616904497146606,0.006085172010611037,0.04
10,octanol_gsolv_eV,209,0.12084341049194336,0.017324799671769142,0.6396550760359601,0.9407062311485543,3.2214057445526123,0.05993235111236572,0.018604409337045217,0.04
10,octanol_gsolv_eV,210,0.3544451892375946,0.0325205959379673,0.6290389042624756,0.947026713562835,6.291017532348633,0.1868361532688141,0.029698876582062606,0.36
10,octanol_gsolv_eV,211,0.07378383725881577,0.048277053982019424,0.6213407692060262,0.9409706531239888,9.00294303894043,0.0997423529624939,0.011078860827073801,0.02
10,octanol_gsolv_eV,212,0.3317753076553345,0.0359310507774353,0.6347978863448345,0.9351215173291121,6.863048076629639,0.15161654353141785,0.022091721031025465,0.32
10,octanol_gsolv_eV,213,0.21153807640075684,0.03016609326004982,0.6257283161842511,0.9537749176723207,5.586010456085205,0.13195760548114777,0.02362287119197884,0.14
10,octanol_gsolv_eV,214,0.23793400824069977,0.021126432344317436,0.6403726502395757,0.9806084750494923,3.9828922748565674,0.14629890024662018,0.036731824551265,0.28
10,octanol_gsolv_eV,215,0.09121432900428772,0.02077614516019821,0.6393937281488344,0.9580448757170947,3.8673508167266846,0.03222484141588211,0.008332536390675086,0.04
10,octanol_gsolv_eV,216,0.18577967584133148,0.028941897675395012,0.638029690312016,0.9368003179313953,5.520884990692139,0.25085729360580444,0.04543787708469456,0.12
10,octanol_gsolv_eV,217,0.2448013871908188,0.026752227917313576,0.6381339288508736,0.9724062205220942,5.2439374923706055,0.006393104325979948,0.0012191419778136683,0.24
10,octanol_gsolv_eV,218,0.14471706748008728,0.038830678910017014,0.6275383807785013,0.9617344123315823,7.2608819007873535,0.013685102574527264,0.0018847714040140609,0.14
10,octanol_gsolv_eV,219,0.1880865842103958,0.031290773302316666,0.6342648042447507,0.9669833902042662,5.919125080108643,0.010686979629099369,0.0018054998812262327,0.24
10,octanol_gsolv_eV,220,0.16311490535736084,0.04406551644206047,0.6196126360965732,0.9709457553241676,8.155467987060547,0.006493714638054371,0.0007962405895476861,0.2
10,octanol_gsolv_eV,221,0.32741042971611023,0.03792436048388481,0.6219411999121058,0.9263259987708552,7.262399673461914,0.31586191058158875,0.043492774397394254,0.32
10,octanol_gsolv_eV,222,0.1241036131978035,0.04076100513339043,0.6279993840050562,0.8966327626425405,7.7114176750183105,0.3725951015949249,0.048317328576556476,0.02
10,octanol_gsolv_eV,223,0.09406601637601852,0.01795698143541813,0.6371608193000027,0.9677161046516478,3.3597564697265625,0.040794432163238525,0.01214208009741808,0.06
10,octanol_gsolv_eV,224,0.20680305361747742,0.03201402351260185,0.6340721165150336,0.9659975860736936,6.054759502410889,0.01959308795630932,0.0032359812059434777,0.22
10,octanol_gsolv_eV,225,0.22795934975147247,0.03622651472687721,0.625273772952387,0.9417584106727899,6.816701889038086,0.13361606001853943,0.019601276716150216,0.12
10,octanol_gsolv_eV,226,0.07000872492790222,0.02101198211312294,0.6212538861695327,0.9433751507190953,3.7411863803863525,0.0682898610830307,0.01825353086952551,0.04
10,octanol_gsolv_eV,227,0.2714557349681854,0.044229656457901,0.6186540810701835,0.9200369815894156,8.225785255432129,0.3711892366409302,0.04512508230090312,0.28
10,octanol_gsolv_eV,228,0.42332109808921814,0.028725994750857353,0.6443980377488738,0.9631900608521711,5.537623882293701,0.8004812002182007,0.14455319054399896,0.34
10,octanol_gsolv_eV,229,0.09330092370510101,0.05852866172790527,0.6172634477797636,0.9523224544904862,10.687604904174805,0.012948618270456791,0.0012115547296662123,0.02
10,octanol_gsolv_eV,230,0.23730716109275818,0.015568562783300877,0.6388061162423257,0.9400112517187516,2.9169483184814453,0.40145179629325867,0.13762732570532935,0.08
10,octanol_gsolv_eV,231,0.2660578787326813,0.04714876413345337,0.6201601115285764,0.9309762299484365,8.722333908081055,0.45759662985801697,0.052462636110968366,0.22
10,octanol_gsolv_eV,232,0.08828936517238617,0.04257328808307648,0.6229165223583606,0.9183568083590645,7.923198223114014,0.30187541246414185,0.0381001969108249,0.02
10,octanol_gsolv_eV,233,0.27638861536979675,0.023079708218574524,0.6375527887058725,0.9435780305629649,4.327634811401367,0.15244002640247345,0.03522478976295844,0.34
10,octanol_gsolv_eV,234,0.09251438826322556,0.04627507925033569,0.6128346547612142,0.9230312796697493,8.340449333190918,0.49136024713516235,0.05891292273424507,0.02
10,octanol_gsolv_eV,235,0.09045815467834473,0.056832656264305115,0.6259239118458675,0.9599922632279843,10.389513969421387,0.01805131509900093,0.0017374552026331455,0.12
10,octanol_gsolv_eV,236,0.16103635728359222,0.024944404140114784,0.638735962894805,0.9766736372364802,4.715198516845703,0.03177487477660179,0.006738820150006756,0.2
10,octanol_gsolv_eV,237,0.16022351384162903,0.014954999089241028,0.6483815571101523,0.9393277079154796,2.9160845279693604,0.2573288083076477,0.08824463277367366,0.08
10,octanol_gsolv_eV,238,0.28056472539901733,0.03489294648170471,0.6303365971364596,0.9605943756463728,6.712628364562988,0.013460950925946236,0.002005317469533796,0.24
10,octanol_gsolv_eV,239,0.18632028996944427,0.03853558748960495,0.6258945444694817,0.9798061143141603,7.190228462219238,0.014664136804640293,0.0020394535280335527,0.2
10,octanol_gsolv_eV,240,0.07388704270124435,0.01786130852997303,0.6405534642592168,0.958924237257107,3.349236011505127,0.029203252866864204,0.00871937742414887,0.02
10,octanol_gsolv_eV,241,0.05610043182969093,0.020304109901189804,0.6343042809718287,0.962710130270718,3.7881956100463867,0.015014042146503925,0.0039633756257692505,0.02
10,octanol_gsolv_eV,242,0.0706673339009285,0.03541029617190361,0.6253788723813822,0.9371256070669196,6.445294380187988,0.10331879556179047,0.016030112740758475,0.02
10,octanol_gsolv_eV,243,0.32098978757858276,0.0185649823397398,0.6389343104489562,0.9750204207275117,3.545175552368164,0.08862964063882828,0.025000071034458084,0.26
10,octanol_gsolv_eV,244,0.28613296151161194,0.04798074811697006,0.6225401873958025,0.9193952799752567,8.904830932617188,0.7018579840660095,0.07881766530740061,0.28
10,octanol_gsolv_eV,245,0.2950815260410309,0.028141647577285767,0.6375761725503577,0.9094193097816972,5.42826509475708,0.4288434088230133,0.07900192811828849,0.32
10,octanol_gsolv_eV,246,0.1885458528995514,0.052415408194065094,0.6196095103608208,0.9604237097164643,9.712876319885254,0.030352767556905746,0.0031250029916230137,0.1
10,octanol_gsolv_eV,247,0.18913164734840393,0.03411116078495979,0.6311234355059079,0.9608557451162383,6.44561243057251,0.021408000960946083,0.0033213292284538726,0.08
10,octanol_gsolv_eV,248,0.3393780291080475,0.021272866055369377,0.6424689810669508,0.9285475561536074,4.0333170890808105,0.6774961948394775,0.16797493970251626,0.22
10,octanol_gsolv_eV,249,0.41078901290893555,0.0244812723249197,0.638844598311263,0.9131813688567727,4.64794397354126,0.7181382179260254,0.154506642509909,0.34
10,octanol_hl_gap_eV,0,0.14704371988773346,0.00181509368121624,0.6224265550553965,0.9567287213693156,0.3563064634799957,0.00214203679934144,0.006011782044087734,0.1
10,octanol_hl_gap_eV,1,0.09284591674804688,0.0018062408780679107,0.6007810576182211,0.9626236262608592,0.386797696352005,0.0019279801053926349,0.004984466359484411,0.12
10,octanol_hl_gap_eV,2,0.38815972208976746,0.0008252377156168222,0.6520311524449676,0.9125459503625921,0.2282375544309616,0.037049103528261185,0.16232693879248508,0.22
10,octanol_hl_gap_eV,3,0.1697448194026947,0.0010566171258687973,0.6628495588927896,0.9349997293445325,0.26777759194374084,0.009341946803033352,0.03488696247965387,0.24
10,octanol_hl_gap_eV,4,0.07296329736709595,0.0014423663960769773,0.6259509816309343,0.9648234696574554,0.33358070254325867,0.0005309568368829787,0.0015916893058708164,0.04
10,octanol_hl_gap_eV,5,0.05304558575153351,0.0007606665603816509,0.6149523496476228,0.9598483418405539,0.2486213892698288,0.001912460895255208,0.00769226212142035,0.1
10,octanol_hl_gap_eV,6,0.030185077339410782,0.002907130867242813,0.6173028238451457,0.9532957365004784,0.5669078826904297,0.0010863261995837092,0.0019162305424793632,0.04
10,octanol_hl_gap_eV,7,0.10592897236347198,0.005038120783865452,0.5977839561581639,0.9713933292416892,0.9498341679573059,0.00260507152415812,0.002742659310477885,0.12
10,octanol_hl_gap_eV,8,0.09503007680177689,0.002273104852065444,0.5985048263519859,0.9270042004568237,0.5276620388031006,0.012190946377813816,0.02310370176612785,0.04
10,octanol_hl_gap_eV,9,0.08141069114208221,0.0036591386888176203,0.6300968449192716,0.9709716304555949,0.5530799031257629,0.0033442964777350426,0.006046678714656885,0.04
10,octanol_hl_gap_eV,10,0.12343043833971024,0.0037881776224821806,0.6356511879534579,0.9741885597788948,0.7080631852149963,0.0066586509346961975,0.0094040349417042,0.02
10,octanol_hl_gap_eV,11,0.19349850714206696,0.0022300761193037033,0.6138071610089539,0.9724249883646077,0.4569161832332611,0.0026593643706291914,0.005820245524706124,0.14
10,octanol_hl_gap_eV,12,0.06309531629085541,0.0014899962116032839,0.6172704567729668,0.9710571842047955,0.3706853985786438,0.00040550093399360776,0.0010939220577569568,0.08
10,octanol_hl_gap_eV,13,0.04053504392504692,0.0021152503322809935,0.6163117739637705,0.963439394874781,0.3258502781391144,0.0009789187461137772,0.0030041979761510286,0.02
10,octanol_hl_gap_eV,14,0.02045147679746151,0.0023704534396529198,0.6121859185747875,0.971675557195026,0.3229439854621887,0.0009530553361400962,0.002951147502487495,0.04
10,octanol_hl_gap_eV,15,0.06908968091011047,0.002119464334100485,0.6106104199982532,0.9749846511468692,0.4154379963874817,0.0005220829625613987,0.0012567048924298407,0.06
10,octanol_hl_gap_eV,16,0.20662754774093628,0.004226398188620806,0.6203710606847768,0.9284888772088611,0.5966726541519165,0.10652728378772736,0.17853555554534406,0.08
10,octanol_hl_gap_eV,17,0.1253933608531952,0.0010605836287140846,0.66754103544972,0.9575764046591548,0.2924872040748596,0.005974343046545982,0.020425998003717454,0.1
10,octanol_hl_gap_eV,18,0.07899351418018341,0.001421806518919766,0.60522878531637,0.9632314486213072,0.3673277497291565,0.0007251717615872622,0.001974181809356784,0.06
10,octanol_hl_gap_eV,19,0.05122675374150276,0.001997358864173293,0.6370983878381302,0.9712525735307229,0.49263909459114075,0.0007752951933071017,0.00157375896841997,0.16
10,octanol_hl_gap_eV,20,0.025660106912255287,0.0009434609091840684,0.6384692307978765,0.9565990237802411,0.30356284976005554,0.0005484333378262818,0.0018066549917415081,0.1
10,octanol_hl_gap_eV,21,0.03168616071343422,0.0027603351045399904,0.6040044169948944,0.9618565956118781,0.6415107250213623,0.00046227831626310945,0.0007206088662784486,0.02
10,octanol_hl_gap_eV,22,0.058358706533908844,0.003807276487350464,0.6170169929918385,0.9649909965732202,0.5671428442001343,0.0006137541495263577,0.001082186182551525,0.12
10,octanol_hl_gap_eV,23,0.04658399149775505,0.0016822339966893196,0.6101785762352021,0.9641495373195723,0.45442232489585876,0.0008456356008537114,0.0018609024128546238,0.06
10,octanol_hl_gap_eV,24,0.08231128752231598,0.001853128895163536,0.6166121570017795,0.9630809469251438,0.4592995345592499,0.000826367933768779,0.0017991917508947033,0.12
10,octanol_hl_gap_eV,25,0.05469288304448128,0.001611434854567051,0.6409245204905856,0.9635854817739418,0.26902341842651367,0.0002439946256345138,0.0009069642600692894,0.1
10,octanol_hl_gap_eV,26,0.48217543959617615,0.000981405726633966,0.6486867224219675,0.967311818417961,0.32746320962905884,0.051119547337293625,0.1561077575560333,0.46
10,octanol_hl_gap_eV,27,0.0531216524541378,0.004046315792948008,0.6106618722619046,0.9699781229878592,0.8153220415115356,0.004646045621484518,0.005698417784549472,0.02
10,octanol_hl_gap_eV,28,0.03975442424416542,0.002691615605726838,0.6062151341828697,0.9654565801020432,0.5039761662483215,0.0017315744189545512,0.0034358260071000297,0.04
10,octanol_hl_gap_eV,29,0.12182595580816269,0.0011970995692536235,0.6532362032672232,0.9754797648709463,0.34568560123443604,0.0008102327701635659,0.0023438429812241,0.18
10,octanol_hl_gap_eV,30,0.05652517080307007,0.004134076647460461,0.6047918261404557,0.9393569665111152,0.8428096175193787,0.005097968503832817,0.006048778274312466,0.02
10,octanol_hl_gap_eV,31,0.030213147401809692,0.0017180901486426592,0.5996997606050751,0.9741202289118818,0.30433815717697144,0.000634870957583189,0.002086070847876016,0.04
10,octanol_hl_gap_eV,32,0.15142405033111572,0.001473382581025362,0.6097770562509592,0.950578268134125,0.231576606631279,0.01571124605834484,0.06784470282596639,0.14
10,octanol_hl_gap_eV,33,0.23841634392738342,0.012535900808870792,0.6169314578924434,0.9478386833865016,2.2186694145202637,0.18879562616348267,0.08509407707515786,0.04
10,octanol_hl_gap_eV,34,0.023943206295371056,0.0018783186096698046,0.6012220150950864,0.9574736291597774,0.43152937293052673,0.001816752483136952,0.004210032032812368,0.08
10,octanol_hl_gap_eV,35,0.07843738049268723,0.0024648960679769516,0.6391382742366292,0.9545256599525855,0.551054060459137,0.0012913300888612866,0.0023433818594592215,0.08
10,octanol_hl_gap_eV,36,0.02663303352892399,0.0026606854517012835,0.60059680443923,0.9688970863983146,0.5655866265296936,0.001081777154468,0.0019126639558391433,0.04
10,octanol_hl_gap_eV,37,0.033921658992767334,0.002868721028789878,0.6374577074193479,0.9656082375797164,0.44315406680107117,0.004230676684528589,0.009546740065070216,0.04
10,octanol_hl_gap_eV,38,0.09208670258522034,0.001356184366159141,0.6278287745137272,0.9772324563922199,0.2986499071121216,0.0007515226025134325,0.0025163999204971784,0.14
10,octanol_hl_gap_eV,39,0.05663866549730301,0.0016720036510378122,0.616709787991635,0.9700400961530109,0.2562367022037506,0.0007762967725284398,0.0030296080376149832,0.0
10,octanol_hl_gap_eV,40,0.05248580127954483,0.0018523907056078315,0.6091060333937239,0.9776401851593173,0.3143448233604431,0.0015218231128528714,0.004841253934402714,0.06
10,octanol_hl_gap_eV,41,0.2163747102022171,0.002712507266551256,0.6186864537799239,0.9341267454940072,0.5793979167938232,0.14896748960018158,0.2571073959404503,0.1
10,octanol_hl_gap_eV,42,0.1318657398223877,0.0014572812942788005,0.6501791378059683,0.980649835979178,0.24029910564422607,0.0007282422739081085,0.003030565893933475,0.22
10,octanol_hl_gap_eV,43,0.0416935570538044,0.001944947405718267,0.6538766535830958,0.9614466284663816,0.4278658926486969,0.005311762448400259,0.012414549838310035,0.02
10,octanol_hl_gap_eV,44,0.09990938007831573,0.001480302307754755,0.6108841301219428,0.9889793666820519,0.3427882492542267,0.0020302599295973778,0.005922781583133116,0.08
10,octanol_hl_gap_eV,45,0.5210526585578918,0.00142413389403373,0.63899799653629,0.933428580530232,0.19630810618400574,0.2009473741054535,1.0236325845714147,0.48
10,octanol_hl_gap_eV,46,0.12299010157585144,0.0041524008847773075,0.615861997694866,0.9529890685283424,0.5859280824661255,0.058147672563791275,0.09924028955746969,0.08
10,octanol_hl_gap_eV,47,0.1535145342350006,0.0012639324413612485,0.6337774447100062,0.9766916877731877,0.2719629406929016,0.0032327943481504917,0.011886892897664824,0.18
10,octanol_hl_gap_eV,48,0.10568349808454514,0.0016715151723474264,0.6376248133148312,0.9727164483950712,0.3148508369922638,0.0010759778087958694,0.0034174208303670707,0.16
10,octanol_hl_gap_eV,49,0.0959470123052597,0.0014795215101912618,0.6295773772305324,0.9620743400940159,0.2261328399181366,0.00375010771676898,0.01658364931925223,0.08
10,octanol_hl_gap_eV,50,0.032093968242406845,0.0012034842511639,0.6048860330010406,0.9720691573902356,0.27817055583000183,0.0005263065686449409,0.001892028317211913,0.04
10,octanol_hl_gap_eV,51,0.052421197295188904,0.0019497222965583205,0.6148942915186557,0.9698599028030574,0.33914682269096375,0.0009224833338521421,0.0027200117239273808,0.16
10,octanol_hl_gap_eV,52,0.11378385126590729,0.0032001715153455734,0.6011774711019309,0.9687314598416199,0.6543639898300171,0.02400660514831543,0.03668692886745125,0.08
10,octanol_hl_gap_eV,53,0.07674580812454224,0.008900634944438934,0.6062496948085685,0.975732809387835,1.6117826700210571,0.0020131247583776712,0.001249005089719305,0.04
10,octanol_hl_gap_eV,54,0.013350599445402622,0.0019649944733828306,0.6149123702534245,0.9695782484797228,0.44348037242889404,0.0005736128659918904,0.001293434617749315,0.02
10,octanol_hl_gap_eV,55,0.13609983026981354,0.0018375144572928548,0.6094090986064165,0.922133385848146,0.4230649769306183,0.03130136430263519,0.07398713202338313,0.06
10,octanol_hl_gap_eV,56,0.04731117933988571,0.0023648180067539215,0.6170043825809599,0.9625896877851567,0.5258504152297974,0.0023127298336476088,0.004398075510954846,0.06
10,octanol_hl_gap_eV,57,0.11288285255432129,0.003732402576133609,0.6018141371233443,0.9666751448394053,0.6669264435768127,0.008824438787996769,0.013231502323809749,0.04
10,octanol_hl_gap_eV,58,0.04130913317203522,0.000923324259929359,0.6472577812665843,0.9625839786948998,0.31405964493751526,0.0008281228947453201,0.0026368331878808622,0.04
10,octanol_hl_gap_eV,59,0.05588454753160477,0.0016431480180472136,0.6257345670718644,0.959075569260587,0.3852212429046631,0.0009067491046153009,0.0023538398292321295,0.02
10,octanol_hl_gap_eV,60,0.07380980253219604,0.0018559988820925355,0.6090697379774785,0.9669859924871345,0.45387524366378784,0.0013396725989878178,0.002951631792414288,0.1
10,octanol_hl_gap_eV,61,0.0918278619647026,0.002527637407183647,0.649453108300077,0.9533255402969114,0.5865474343299866,0.025663087144494057,0.04375279072494625,0.02
10,octanol_hl_gap_eV,62,0.09735710918903351,0.0009343874990008771,0.6742275422758395,0.9724554374017764,0.31996434926986694,0.0004557268985081464,0.0014243052375931217,0.12
10,octanol_hl_gap_eV,63,-0.038872770965099335,0.0018857175018638372,0.6282765942275623,0.9714819742983518,0.1425088495016098,0.03880983218550682,0.2723327872004778,0.28
10,octanol_hl_gap_eV,64,0.05287966877222061,0.0017679014708846807,0.6209784988586184,0.9662029189130501,0.3213099539279938,0.0006709860172122717,0.002088282697157403,0.0
10,octanol_hl_gap_eV,65,0.11248941719532013,0.0011153516825288534,0.6504894221994317,0.9775181144014422,0.2983521521091461,0.0011713694548234344,0.0039261304017505876,0.18
10,octanol_hl_gap_eV,66,0.06058196723461151,0.0016841769684106112,0.6457507677175085,0.9584907801759097,0.25741806626319885,0.0008959791739471257,0.0034806382743588233,0.06
10,octanol_hl_gap_eV,67,0.08623750507831573,0.001801645033992827,0.6018237848003518,0.9675356758996423,0.3939885199069977,0.0012154653668403625,0.0030850273686331706,0.08
10,octanol_hl_gap_eV,68,0.06941943615674973,0.010685370303690434,0.5941057157429182,0.9797358913823873,1.8715789318084717,0.004230053164064884,0.002260152159320079,0.04
10,octanol_hl_gap_eV,69,-0.009924758225679398,0.0017015030607581139,0.6516153022292783,0.985622844781251,0.19531294703483582,0.03221798688173294,0.16495571528080305,0.02
10,octanol_hl_gap_eV,70,0.046469639986753464,0.0009497247519902885,0.6471485882049854,0.9652111671825809,0.28092461824417114,0.0006827213801443577,0.0024302654014855935,0.06
10,octanol_hl_gap_eV,71,0.04174485057592392,0.0026169135235249996,0.626225355341111,0.9721546836076831,0.4031251072883606,0.004056040663272142,0.010061493541186965,0.02
10,octanol_hl_gap_eV,72,0.1871439516544342,0.0009732235921546817,0.6488762160859489,0.9360303180379375,0.23717674612998962,0.01644570752978325,0.06933946012046999,0.18
10,octanol_hl_gap_eV,73,0.09864373505115509,0.0015755525091663003,0.6132863663014836,0.9823114232282244,0.2793765068054199,0.0016390575328841805,0.005866840958197501,0.02
10,octanol_hl_gap_eV,74,0.1489655077457428,0.001836607581935823,0.6508134135500789,0.9816594906110858,0.41204917430877686,0.0018560938769951463,0.0045045445852641055,0.08
10,octanol_hl_gap_eV,75,0.1134994626045227,0.001062933704815805,0.6287793576475982,0.9789541372849873,0.3083037734031677,0.0009579811012372375,0.0031072636272423725,0.14
10,octanol_hl_gap_eV,76,0.05871587619185448,0.00106469402089715,0.6118635757080495,0.9814908707157561,0.3103063106536865,0.0017080188263207674,0.005504299357375881,0.02
10,octanol_hl_gap_eV,77,0.15334069728851318,0.001301165553741157,0.6799132789851072,0.9804463214447012,0.245187908411026,0.0012356461957097054,0.00503958863109311,0.18
10,octanol_hl_gap_eV,78,0.2993166446685791,0.001385706476867199,0.6217466665851146,0.9193930645511403,0.21863976120948792,0.061304666101932526,0.2803912049793814,0.16
10,octanol_hl_gap_eV,79,0.03217264637351036,0.0013954845489934087,0.6467760003115384,0.9806341319837482,0.22660686075687408,0.0008277299348264933,0.003652713479467696,0.08
10,octanol_hl_gap_eV,80,0.14352279901504517,0.0016421067994087934,0.6501949244078156,0.9514639270488587,0.37863168120384216,0.015669921413064003,0.04138565838770333,0.18
10,octanol_hl_gap_eV,81,0.011260430328547955,0.002309691160917282,0.6290305658552293,0.9683695668575745,0.38254138827323914,0.00039520146674476564,0.0010330946633740027,0.0
10,octanol_hl_gap_eV,82,0.06070728600025177,0.002467223908752203,0.5987618839606821,0.9622214631059367,0.5485184192657471,0.0006425341707654297,0.0011713994429312568,0.02
10,octanol_hl_gap_eV,83,0.04015078395605087,0.0010483108926564455,0.6398123842732166,0.9620831926701223,0.3147992193698883,0.0010646004229784012,0.003381839462973694,0.06
10,octanol_hl_gap_eV,84,0.024986838921904564,0.0015766911674290895,0.6299895003043974,0.9731456103437042,0.3394105136394501,0.0016449892427772284,0.004846606621398511,0.02
10,octanol_hl_gap_eV,85,0.16125144064426422,0.0008146365289576352,0.6398985879572427,0.9637329259117466,0.29971936345100403,0.001708167023025453,0.005699221442877153,0.06
10,octanol_hl_gap_eV,86,0.17807577550411224,0.00202628574334085,0.6213923005534321,0.9765477164579459,0.4579924941062927,0.0016918577020987868,0.003694072989995626,0.16
10,octanol_hl_gap_eV,87,0.04152796417474747,0.006333800498396158,0.6119879656530631,0.9622337043741456,1.1953221559524536,0.010575736872851849,0.008847603819762646,0.06
10,octanol_hl_gap_eV,88,0.08148175477981567,0.0027661968488246202,0.6162488535212944,0.9639519080693668,0.5947741270065308,0.0014645691262558103,0.0024623954872195187,0.02
10,octanol_hl_gap_eV,89,0.1222296953201294,0.0010960515355691314,0.6573501576758418,0.9692522813846502,0.31616008281707764,0.000737758120521903,0.002333495468334475,0.16
10,octanol_hl_gap_eV,90,0.4130469858646393,0.0020730101969093084,0.6118639242583128,0.9506283755892235,0.3649415969848633,0.10363001376390457,0.28396328239941043,0.26
10,octanol_hl_gap_eV,91,0.035438500344753265,0.0016300496645271778,0.6136021574097221,0.9664797571674784,0.37491798400878906,0.004090211354196072,0.010909616312511129,0.12
10,octanol_hl_gap_eV,92,0.030447466298937798,0.0016362594906240702,0.5948156866239818,0.974783648620891,0.3522224724292755,0.0012947778450325131,0.0036760228162117,0.02
10,octanol_hl_gap_eV,93,0.3257248103618622,0.0009312844485975802,0.6287470859482207,0.9210465413683673,0.3188217580318451,0.02732134237885475,0.0856947234326642,0.34
10,octanol_hl_gap_eV,94,0.13967926800251007,0.0019588498398661613,0.65231826553882,0.9100474131477772,0.4743151366710663,0.04109013080596924,0.08663044383182929,0.18
10,octanol_hl_gap_eV,95,0.2895500659942627,0.001454539131373167,0.6373050249853407,0.9784891540092144,0.10375721752643585,0.04478675127029419,0.4316495019624362,0.42
10,octanol_hl_gap_eV,96,0.21437998116016388,0.0011849254369735718,0.6191661203583658,0.9054860776896101,0.2556062936782837,0.03879242017865181,0.15176629503292866,0.14
10,octanol_hl_gap_eV,97,0.20081347227096558,0.00147341622505337,0.6339570602077733,0.9936132990014257,0.20504756271839142,0.003224198939278722,0.015724151492143203,0.1
10,octanol_hl_gap_eV,98,0.03495243564248085,0.0011347003746777773,0.6142974967330688,0.9698088382594925,0.2706466615200043,0.0008637505234219134,0.0031914323959176976,0.04
10,octanol_hl_gap_eV,99,0.11274518072605133,0.0010196762159466743,0.6436880553478286,0.9698927061328753,0.34960269927978516,0.001405738410539925,0.0040209598307904375,0.1
10,octanol_hl_gap_eV,100,0.03960052877664566,0.001579368719831109,0.6393113603770486,0.9698586782058642,0.3290647566318512,0.000405643368139863,0.001232715931939457,0.02
10,octanol_hl_gap_eV,101,0.05628596618771553,0.004495381843298674,0.6069228622405844,0.9184892494794459,0.647708535194397,0.04807467386126518,0.07422269624227897,0.08
10,octanol_hl_gap_eV,102,0.12117819488048553,0.0015455896500498056,0.6023611948388294,0.9769444732155059,0.3882848024368286,0.004824986681342125,0.01242641136367195,0.08
10,octanol_hl_gap_eV,103,0.15361370146274567,0.005042267497628927,0.6048690412687119,0.9421521360085812,1.0093692541122437,0.06439283490180969,0.06379512219088168,0.06
10,octanol_hl_gap_eV,104,0.013795603066682816,0.0018519198056310415,0.6158171980257956,0.9714504389441145,0.45145028829574585,0.0012328021693974733,0.0027307595129718084,0.06
10,octanol_hl_gap_eV,105,0.14016646146774292,0.0012457033153623343,0.6235019024241353,0.9668192773035911,0.2573651969432831,0.0017716948641464114,0.0068839722122057126,0.18
10,octanol_hl_gap_eV,106,0.06228172034025192,0.001809963840059936,0.6273412802388714,0.9682765363381156,0.37036746740341187,0.0007139622466638684,0.0019277131754291098,0.04
10,octanol_hl_gap_eV,107,0.03764033317565918,0.002621373860165477,0.6267568187306283,0.9712138390166309,0.4815700054168701,0.00415089400485158,0.008619502789129,0.1
10,octanol_hl_gap_eV,108,0.23129521310329437,0.0016570170409977436,0.6150703039457595,0.9459239677531628,0.29848167300224304,0.039251118898391724,0.13150260953575116,0.08
10,octanol_hl_gap_eV,109,0.05205794423818588,0.0021778205409646034,0.5995198236473855,0.960021589790778,0.5132954716682434,0.0006271874299272895,0.0012218838165255772,0.02
10,octanol_hl_gap_eV,110,0.4067797362804413,0.0012528639053925872,0.6187358260096922,0.9204097879364863,0.33497047424316406,0.06916653364896774,0.20648546354792421,0.42
10,octanol_hl_gap_eV,111,0.09595987945795059,0.0019106066320091486,0.5970434372742865,0.9550807687954497,0.3700605034828186,0.0065541998483240604,0.017711157463818246,0.06
10,octanol_hl_gap_eV,112,0.06440667808055878,0.006987420376390219,0.6026340176959144,0.9828265774103524,1.358890414237976,0.0011677078437060118,0.0008593097953088634,0.0
10,octanol_hl_gap_eV,113,0.11369562894105911,0.0012549107195809484,0.6249355781876913,0.9783645791532383,0.2803414463996887,0.0005197033169679344,0.0018538226282352214,0.2
10,octanol_hl_gap_eV,114,0.021538347005844116,0.00444182101637125,0.6053956361523649,0.971043057180935,0.881824254989624,0.001155834412202239,0.001310731027936898,0.02
10,octanol_hl_gap_eV,115,0.15029330551624298,0.0014235442504286766,0.611548482418141,0.9212355527551896,0.30572909116744995,0.05492768436670303,0.17966129476575965,0.04
10,octanol_hl_gap_eV,116,0.011408600956201553,0.0018188972026109695,0.6364152266508811,0.9718221483337759,0.23304912447929382,0.001125008100643754,0.004827343175638962,0.0
10,octanol_hl_gap_eV,117,0.03355025872588158,0.002779047004878521,0.6042145734088558,0.9761762889556564,0.5607812404632568,0.0030428168829530478,0.005426031870180609,0.08
10,octanol_hl_gap_eV,118,0.07853115350008011,0.0015482788439840078,0.6086801120505798,0.970278851833281,0.30508387088775635,0.0004709271597675979,0.0015435990057332696,0.06
10,octanol_hl_gap_eV,119,0.4303756058216095,0.0010100796353071928,0.6349691016387453,0.9111105476740531,0.19884245097637177,0.08459846675395966,0.42545475746530803,0.18
10,octanol_hl_gap_eV,120,0.04764900729060173,0.0008217052672989666,0.6371775721756641,0.9699221649007232,0.3045990467071533,0.0008347035036422312,0.0027403352461727475,0.04
10,octanol_hl_gap_eV,121,0.05538295581936836,0.004385626409202814,0.6038165044685431,0.9681820040730136,0.8470780253410339,0.0019313849043101072,0.002280055492565199,0.02
10,octanol_hl_gap_eV,122,0.06285512447357178,0.0026128063909709454,0.6678301271355822,0.9758282705924943,0.43202123045921326,0.013095139525830746,0.030311333338668055,0.04
10,octanol_hl_gap_eV,123,0.11466649174690247,0.0037061634939163923,0.6070402074234647,0.9692005003400144,0.45923176407814026,0.0024486163165420294,0.005331983778294105,0.04
10,octanol_hl_gap_eV,124,0.23693601787090302,0.0009774058125913143,0.6497043680702121,0.9215126901201138,0.3078954517841339,0.03134644404053688,0.10180872714714193,0.16
10,octanol_hl_gap_eV,125,0.040565382689237595,0.0018457252299413085,0.6074545923182342,0.9678728229212685,0.285897433757782,0.0013642302947118878,0.004771747254883341,0.12
10,octanol_hl_gap_eV,126,0.05830555036664009,0.003376928623765707,0.6164068817907726,0.9690327737595508,0.6468388438224792,0.0032666302286088467,0.005050145426184938,0.1
10,octanol_hl_gap_eV,127,0.3399086594581604,0.0018800535472109914,0.6481450820947057,0.9130929614740058,0.2927853763103485,0.1265721321105957,0.4323034630542168,0.08
10,octanol_hl_gap_eV,128,0.03949116915464401,0.0016775724943727255,0.6068720448047225,0.9814686881705033,0.4308255910873413,0.0031177590135484934,0.007236708027672455,0.04
10,octanol_hl_gap_eV,129,0.09661535173654556,0.0034257955849170685,0.607190503163499,0.992113065065267,0.6849667429924011,0.0012508243089541793,0.0018261095472894451,0.04
10,octanol_hl_gap_eV,130,0.07335151731967926,0.0026951944455504417,0.6097176321348277,0.9697948483754,0.6005626320838928,0.004304544534534216,0.007167519763255787,0.06
10,octanol_hl_gap_eV,131,0.06253556162118912,0.0020120537374168634,0.6322656225031611,0.9692197330505072,0.39294254779815674,0.0007988920551724732,0.002033101428310688,0.14
10,octanol_hl_gap_eV,132,0.23076491057872772,0.0018776350189000368,0.6201489196968342,0.9017082419391544,0.37199726700782776,0.051671747118234634,0.13890356650697472,0.12
10,octanol_hl_gap_eV,133,0.07686135172843933,0.0012175753945484757,0.6548601435710122,0.9794679929499228,0.3498905301094055,0.0006258206558413804,0.0017886184448767323,0.12
10,octanol_hl_gap_eV,134,0.09916487336158752,0.001979455118998885,0.6075261184974725,0.967755178716909,0.2867213785648346,0.002792240586131811,0.009738515488828184,0.06
10,octanol_hl_gap_eV,135,0.030298123136162758,0.0013328215572983027,0.6097612179795453,0.983657516205865,0.3651563227176666,0.0010410274844616652,0.002850909103021535,0.04
10,octanol_hl_gap_eV,136,0.04378831386566162,0.0006342650740407407,0.662506857120752,0.9696462652001978,0.27842283248901367,0.00048539743875153363,0.001743382302421936,0.06
10,octanol_hl_gap_eV,137,0.13441938161849976,0.002289055148139596,0.6152494187110138,0.9177140318817691,0.31197673082351685,0.03783920779824257,0.12128855795866376,0.06
10,octanol_hl_gap_eV,138,0.08636599779129028,0.002416412578895688,0.608849413577083,0.9686670389316583,0.5497793555259705,0.0035396513994783163,0.0064383126865357725,0.08
10,octanol_hl_gap_eV,139,0.03779377043247223,0.0011803415836766362,0.6448374941053161,0.9352883956435556,0.2579899728298187,0.014890923164784908,0.05771899970161864,0.04
10,octanol_hl_gap_eV,140,0.17637817561626434,0.0016698040999472141,0.6303986731452491,0.9162572141361776,0.3480457067489624,0.0478602796792984,0.13751147838125455,0.16
10,octanol_hl_gap_eV,141,0.03533462807536125,0.0009407000034116209,0.61204747756967,0.9742452937034101,0.29948723316192627,0.0008302227361127734,0.0027721473377928267,0.04
10,octanol_hl_gap_eV,142,0.057751480489969254,0.0022714396473020315,0.6123021293837703,0.9763556524273989,0.45681828260421753,0.0006978080491535366,0.0015275396710821008,0.08
10,octanol_hl_gap_eV,143,0.018254607915878296,0.001996068749576807,0.6123898066118849,0.9691862288701725,0.41651034355163574,0.0004930108552798629,0.001183670136678714,0.04
10,octanol_hl_gap_eV,144,0.1049555242061615,0.0011430393205955625,0.6218338939826502,0.952769290942366,0.24774765968322754,0.00039026804734021425,0.0015752643146628089,0.08
10,octanol_hl_gap_eV,145,0.13022468984127045,0.0010182459373027086,0.6738250719632248,0.9665448382087258,0.29536500573158264,0.0011297878809273243,0.003825056655337281,0.1
10,octanol_hl_gap_eV,146,0.1405395120382309,0.0049871401861310005,0.6029079570490243,0.9256190970778542,0.9917597770690918,0.0727204978466034,0.07332470980171367,0.02
10,octanol_hl_gap_eV,147,0.07245171815156937,0.0019069610862061381,0.6494447222328967,0.9834288863415024,0.3209758698940277,0.002210496226325631,0.006886798771058526,0.08
10,octanol_hl_gap_eV,148,0.08345752954483032,0.001170909614302218,0.629256372530338,0.9745857121985728,0.35180729627609253,0.0009063982288353145,0.0025764054311255336,0.02
10,octanol_hl_gap_eV,149,0.09251412004232407,0.002456455724313855,0.6134170135568364,0.966827231007245,0.4982117712497711,0.002099603647366166,0.0042142794862098125,0.1
10,octanol_hl_gap_eV,150,0.11686379462480545,0.0016010147519409657,0.6038355647938416,0.9710772549411482,0.4077332317829132,0.0021020444110035896,0.005155440486937713,0.06
10,octanol_hl_gap_eV,151,0.1467909812927246,0.0010917808394879103,0.6600270478181842,0.9738482435251772,0.29155105352401733,0.0011226000497117639,0.0038504407243353917,0.18
10,octanol_hl_gap_eV,152,0.11654338985681534,0.002279542153701186,0.6054606831224683,0.9789169028081024,0.4351825416088104,0.002255488885566592,0.005182857008069207,0.08
10,octanol_hl_gap_eV,153,0.25727537274360657,0.0018547370564192533,0.6181678429033819,0.9305806965001147,0.3163875639438629,0.06122888624668121,0.19352494606123374,0.06
10,octanol_hl_gap_eV,154,0.034669097512960434,0.0010502594523131847,0.6196653582298666,0.9667670308937941,0.3000970184803009,0.00037242492544464767,0.0012410150801584674,0.18
10,octanol_hl_gap_eV,155,0.2527541518211365,0.0017047367291525006,0.6289872207513929,0.9356876554840103,0.36043480038642883,0.04751099273562431,0.13181577551525794,0.16
10,octanol_hl_gap_eV,156,0.08202602714300156,0.0009384485310874879,0.6344778797370771,0.964884113024097,0.23734219372272491,0.0006686067208647728,0.002817057980199984,0.06
10,octanol_hl_gap_eV,157,0.6165603995323181,0.0008159887511283159,0.6925103190905679,0.9169113108590037,0.29480472207069397,0.1128184050321579,0.38268859548696144,0.32
10,octanol_hl_gap_eV,158,0.18683475255966187,0.0024616403970867395,0.6234040342083864,0.982246290456267,0.36832916736602783,0.0016705736052244902,0.004535545249296954,0.12
10,octanol_hl_gap_eV,159,0.10290670394897461,0.0012627540854737163,0.6083108167831568,0.9796149442416437,0.2907276153564453,0.0014120845589786768,0.004857070620028292,0.1
10,octanol_hl_gap_eV,160,0.05217597261071205,0.0029571959748864174,0.6029337620947866,0.9721583643613252,0.6162254214286804,0.002838835120201111,0.004606812736838165,0.02
10,octanol_hl_gap_eV,161,0.011800396256148815,0.001512674381956458,0.6408205778390414,0.974456031539042,0.24361294507980347,0.0011350447311997414,0.004659213535749999,0.06
10,octanol_hl_gap_eV,162,0.03249279409646988,0.001206827349960804,0.6217160536110626,0.9705520094546212,0.3026006817817688,0.0006649690330959857,0.002197513334010105,0.12
10,octanol_hl_gap_eV,163,0.12695690989494324,0.0009517245925962925,0.622418239696737,0.962771440519681,0.2958115041255951,0.0008964317385107279,0.003030415403080884,0.16
10,octanol_hl_gap_eV,164,0.1166350394487381,0.001930532045662403,0.611027784565592,0.9731252036392957,0.28712695837020874,0.03012080118060112,0.10490412099084301,0.1
10,octanol_hl_gap_eV,165,0.03951983153820038,0.00272241048514843,0.5984895403550554,0.9696098157398367,0.5505545735359192,0.0005425840499810874,0.0009855227366405454,0.04
10,octanol_hl_gap_eV,166,0.14239443838596344,0.002889670431613922,0.60859084533778,0.9189470538050171,0.45372241735458374,0.05321861431002617,0.11729333238660734,0.06
10,octanol_hl_gap_eV,167,0.12645843625068665,0.003922414965927601,0.6188188253506393,0.9265050059903153,0.6530970931053162,0.060771118849515915,0.09305066504057487,0.12
10,octanol_hl_gap_eV,168,0.06943979859352112,0.0010141037637367845,0.6512479279729961,0.9700494686710337,0.27766984701156616,0.0006459182477556169,0.0023262095424020296,0.18
10,octanol_hl_gap_eV,169,-0.12771812081336975,0.0015220374334603548,0.6308699078408595,0.9680500501911256,0.17733421921730042,0.04226711019873619,0.238347175098469,0.08
10,octanol_hl_gap_eV,170,0.0559203177690506,0.002931154565885663,0.5991229481313842,0.9703354510226261,0.620834469795227,0.0064995307475328445,0.010469023650823733,0.02
10,octanol_hl_gap_eV,171,0.08578917384147644,0.0015315358759835362,0.6075479301605313,0.9891372253557853,0.37950417399406433,0.000667588843498379,0.0017591080395042518,0.12
10,octanol_hl_gap_eV,172,0.09212735295295715,0.0011068226303905249,0.6232668121794407,0.9703707199302671,0.3181972801685333,0.0013400244060903788,0.0042113006289074325,0.12
10,octanol_hl_gap_eV,173,0.07713278383016586,0.0009014451643452048,0.664518954029564,0.9593425866396426,0.2849416434764862,0.0020953903440386057,0.007353752573591513,0.1
10,octanol_hl_gap_eV,174,0.05721736326813698,0.0014450695598497987,0.6083838706295921,0.9653559434385384,0.39820268750190735,0.0027230032719671726,0.006838234289802803,0.04
10,octanol_hl_gap_eV,175,0.03714299201965332,0.0033253119327127934,0.6030701381445831,0.9820788281592487,0.6602287888526917,0.002209822181612253,0.0033470551707573334,0.02
10,octanol_hl_gap_eV,176,0.06985150277614594,0.0012532428372651339,0.6317141115461511,0.9611985384636272,0.3094882071018219,0.002081402577459812,0.006725304970263467,0.1
10,octanol_hl_gap_eV,177,0.1683976799249649,0.0012373561039566994,0.6225066243970503,0.9597893547840346,0.2420627921819687,0.010087789036333561,0.041674265364790755,0.2
10,octanol_hl_gap_eV,178,0.03757550194859505,0.001549207721836865,0.6061603896767218,0.960986503789921,0.3963916003704071,0.0006536092841997743,0.0016488979170825285,0.04
10,octanol_hl_gap_eV,179,0.09130125492811203,0.0008170599467121065,0.6312215128838772,0.9549394816797201,0.2729800343513489,0.0007664133445359766,0.0028075802186673347,0.1
10,octanol_hl_gap_eV,180,0.038396306335926056,0.0007137827342376113,0.6608051836561766,0.9493374536227042,0.24943041801452637,0.0003863172314595431,0.0015487975946744583,0.04
10,octanol_hl_gap_eV,181,0.06261416524648666,0.0023867262061685324,0.6240452223550943,0.9692322944921496,0.3596707582473755,0.0011135668028146029,0.0030960726644580607,0.02
10,octanol_hl_gap_eV,182,0.08944783359766006,0.001810369431041181,0.6281659289583263,0.9794455983088617,0.41857293248176575,0.003644312033429742,0.008706516237976039,0.08
10,octanol_hl_gap_eV,183,0.017063777893781662,0.003028673818334937,0.6017084301380962,0.9797337671447175,0.6324698328971863,0.0008939316612668335,0.0014133981018066206,0.02
10,octanol_hl_gap_eV,184,0.08323992788791656,0.0022730864584445953,0.6529585499292347,0.9558969288365311,0.49394741654396057,0.014135468751192093,0.02861735536566787,0.0
10,octanol_hl_gap_eV,185,0.09056977182626724,0.001115471008233726,0.6027508882235169,0.9593820912328312,0.3009127080440521,0.0010992715833708644,0.003653124490873734,0.02
10,octanol_hl_gap_eV,186,0.2601780891418457,0.0015203846851363778,0.6177502620268169,0.9436063035363311,0.3808329701423645,0.023179853335022926,0.060866193718358316,0.18
10,octanol_hl_gap_eV,187,0.1824900209903717,0.0013936350587755442,0.6077301463515772,0.9275545852576808,0.2668311595916748,0.02679852582514286,0.10043252019798583,0.14
10,octanol_hl_gap_eV,188,0.02238827385008335,0.006416570395231247,0.6325234756412756,0.9737113206354289,1.0946128368377686,0.001723859808407724,0.001574858023214664,0.04
10,octanol_hl_gap_eV,189,0.06925121694803238,0.0011327830143272877,0.6357076891440678,0.9700972335403641,0.26976799964904785,0.000616805162280798,0.002286428201577744,0.12
10,octanol_hl_gap_eV,190,0.09263715147972107,0.0022708820179104805,0.6330464090352257,0.979869571661647,0.32996752858161926,0.0016674763755872846,0.005053455965061196,0.08
10,octanol_hl_gap_eV,191,0.06842335313558578,0.0013719125417992473,0.6400503368567432,0.9667784676995677,0.28211331367492676,0.001857264549471438,0.00658339915007175,0.02
10,octanol_hl_gap_eV,192,0.08100724965333939,0.0015090920496731997,0.6157675673927037,0.9637077280908661,0.40020108222961426,0.0006649045390076935,0.0016614261393381401,0.04
10,octanol_hl_gap_eV,193,0.06734393537044525,0.0009591008420102298,0.6130707094122672,0.9715361629538859,0.29436737298965454,0.0005358904600143433,0.0018204818508645556,0.12
10,octanol_hl_gap_eV,194,0.22921165823936462,0.0014632830861955881,0.6014704161144431,0.9354242082491788,0.25812774896621704,0.04381561651825905,0.16974392212281486,0.2
10,octanol_hl_gap_eV,195,0.1192166805267334,0.004063792526721954,0.630349887165151,0.9268949809529354,0.8555566668510437,0.0677163153886795,0.07914883725693557,0.02
10,octanol_hl_gap_eV,196,0.059831634163856506,0.001375337946228683,0.61237552513978,0.9571379116030643,0.35219043493270874,0.00048786067054606974,0.0013852183993562541,0.12
10,octanol_hl_gap_eV,197,0.03599473461508751,0.0017129143234342337,0.6049432376332713,0.9692154722082618,0.45353296399116516,0.0004907723050564528,0.0010821094474315058,0.04
10,octanol_hl_gap_eV,198,0.032967451959848404,0.0015712408348917961,0.6307357734894379,0.9571473838888436,0.24561339616775513,0.001055508037097752,0.00429743675860756,0.02
10,octanol_hl_gap_eV,199,0.05834418162703514,0.007385737262666225,0.624590731817158,0.9785885482918526,1.4495971202850342,0.0029346910305321217,0.0020244873485641816,0.0
10,octanol_hl_gap_eV,200,0.12013617157936096,0.001139533007517457,0.6355905911760822,0.9672118678487764,0.25867760181427,0.0013230389449745417,0.005114625061061456,0.08
10,octanol_hl_gap_eV,201,0.2850649058818817,0.0013945155078545213,0.6278571646863373,0.898075798929828,0.3548654615879059,0.06262221932411194,0.17646749572048562,0.12
10,octanol_hl_gap_eV,202,0.03935880586504936,0.0035687792114913464,0.61275956866647,0.9838514721592042,0.557033896446228,0.0007666479796171188,0.001376303999645604,0.02
10,octanol_hl_gap_eV,203,0.08079550415277481,0.0024475869722664356,0.5996704969560864,0.9723673619172886,0.35564687848091125,0.001418869593180716,0.003989546032967281,0.0
10,octanol_hl_gap_eV,204,0.026120293885469437,0.002749175298959017,0.5981190893862209,0.9708186571522743,0.6140188574790955,0.0006846693577244878,0.0011150624274561432,0.06
10,octanol_hl_gap_eV,205,0.08159716427326202,0.00409729452803731,0.6116377258805312,0.980920597461074,0.6528131365776062,0.003781585255637765,0.005792753000441821,0.0
10,octanol_hl_gap_eV,206,0.16418419778347015,0.0017838387284427881,0.616091189992954,0.927511647341638,0.28067073225975037,0.031458400189876556,0.11208293767076138,0.06
10,octanol_hl_gap_eV,207,0.0444955974817276,0.0013490759301930666,0.6167115465202209,0.9678792868951107,0.21483822166919708,0.001273085828870535,0.005925788339613065,0.02
10,octanol_hl_gap_eV,208,0.043623536825180054,0.004040547646582127,0.6169255049344857,0.9622126446490677,0.8303188681602478,0.0024470628704875708,0.002947136292241041,0.04
10,octanol_hl_gap_eV,209,0.041337329894304276,0.0038438281044363976,0.599771041758622,0.9634297471844187,0.7759386301040649,0.0008271543774753809,0.0010660048944391995,0.02
10,octanol_hl_gap_eV,210,0.4925917685031891,0.001156087964773178,0.6750157128778917,0.9201212575349229,0.2659852206707001,0.07797510921955109,0.2931557964872314,0.38
10,octanol_hl_gap_eV,211,0.06316710263490677,0.0017769315745681524,0.639693995490686,0.9768489097506368,0.3013822138309479,0.0007201745756901801,0.002389572252907208,0.02
10,octanol_hl_gap_eV,212,0.04470444098114967,0.0028051231056451797,0.6178265662585183,0.9827283936340636,0.45489898324012756,0.0004078613128513098,0.0008965975477593274,0.06
10,octanol_hl_gap_eV,213,0.06330887973308563,0.00113484391476959,0.6123531730029648,0.9640796668597751,0.3356988728046417,0.0009221627842634916,0.0027469939846957413,0.02
10,octanol_hl_gap_eV,214,0.08237618207931519,0.0010009889956563711,0.6061163252096073,0.9620356794425382,0.31587791442871094,0.005740033462643623,0.018171683427202902,0.02
10,octanol_hl_gap_eV,215,0.21032366156578064,0.0014090853510424495,0.6481310140198631,0.9851998745012527,0.32259121537208557,0.0013536763144657016,0.004196259073280511,0.12
10,octanol_hl_gap_eV,216,0.2007770836353302,0.0016955726314336061,0.6025120132383803,0.9089718957044153,0.4636063277721405,0.04245946556329727,0.09158517263415314,0.12
10,octanol_hl_gap_eV,217,0.09484969079494476,0.0016680015251040459,0.6305217632000835,0.9712429496589043,0.26080816984176636,0.0009747467702254653,0.003737408881082403,0.0
10,octanol_hl_gap_eV,218,0.039436038583517075,0.0007270643254742026,0.6532388852323345,0.9700876967377801,0.2687355875968933,0.00024916211259551346,0.0009271645591251565,0.04
10,octanol_hl_gap_eV,219,-0.015559950843453407,0.00271922186948359,0.6137084221420852,0.9701587793079538,0.4197823107242584,0.01536887139081955,0.03661152697049893,0.08
10,octanol_hl_gap_eV,220,0.1020643562078476,0.0009513853583484888,0.6412002143619095,0.9695941416326286,0.31286150217056274,0.0012408992042765021,0.00396628922276286,0.14
10,octanol_hl_gap_eV,221,0.2221958339214325,0.001475685858167708,0.6238581583434242,0.9387975100317061,0.28090900182724,0.031243903562426567,0.11122428743540827,0.16
10,octanol_hl_gap_eV,222,0.4033198058605194,0.0015789002645760775,0.6187798796556525,0.9158697030674974,0.20102176070213318,0.0861131027340889,0.4283770196485753,0.26
10,octanol_hl_gap_eV,223,0.05511751025915146,0.0032890443690121174,0.6236638276662987,0.9662308799167549,0.6679650545120239,0.003088470781221986,0.0046237011358000474,0.06
10,octanol_hl_gap_eV,224,0.05685492977499962,0.002561881672590971,0.6117841982121479,0.9734731528204372,0.3822561800479889,0.0017462667310610414,0.00456831523519597,0.04
10,octanol_hl_gap_eV,225,0.16785122454166412,0.003564809914678335,0.596607831738247,0.9006116036896419,0.7301667332649231,0.09911471605300903,0.13574257979382318,0.12
10,octanol_hl_gap_eV,226,0.05240405723452568,0.004846393130719662,0.6047314366402707,0.9711684944869798,0.9634358286857605,0.003777037840336561,0.003920383410993635,0.02
10,octanol_hl_gap_eV,227,0.15838532149791718,0.006656958255916834,0.606630008858517,0.9406178284817923,1.2664482593536377,0.08619293570518494,0.06805878966518188,0.12
10,octanol_hl_gap_eV,228,0.05018085241317749,0.0011464376002550125,0.6731078390153784,0.9759913326288752,0.302509605884552,0.0005660938913933933,0.0018713253410188701,0.1
10,octanol_hl_gap_eV,229,0.25231537222862244,0.0010305476607754827,0.6685382103057413,0.9081617773188602,0.27235838770866394,0.02717919647693634,0.09979203029359007,0.16
10,octanol_hl_gap_eV,230,0.4462658762931824,0.0011235984275117517,0.6329850038604812,0.9246171649127328,0.34819111227989197,0.07697510719299316,0.2210714302526971,0.36
10,octanol_hl_gap_eV,231,0.03127356991171837,0.0021466726902872324,0.6031285792486196,0.9660597089692893,0.45374810695648193,0.0018891252111643553,0.004163378716521097,0.04
10,octanol_hl_gap_eV,232,0.06174720451235771,0.0015685332473367453,0.6353574014194221,0.9648702986390894,0.28754380345344543,0.0019349466310814023,0.006729223888125547,0.08
10,octanol_hl_gap_eV,233,0.307550847530365,0.0012269446160644293,0.6058658723834154,0.9467677098317171,0.3738844394683838,0.02874450571835041,0.07688072218041876,0.24
10,octanol_hl_gap_eV,234,0.10659784078598022,0.0030699502676725388,0.6039473366806574,0.9837355481255392,0.5816537737846375,0.002713648835197091,0.004665402267641513,0.02
10,octanol_hl_gap_eV,235,0.17607368528842926,0.002004467649385333,0.6152411803265068,0.9633966940657928,0.466971218585968,0.025451771914958954,0.05450394136073155,0.1
10,octanol_hl_gap_eV,236,0.07504549622535706,0.0034487235825508833,0.631200409380896,0.9762481161285546,0.5910068154335022,0.0016856059664860368,0.002852092264366949,0.1
10,octanol_hl_gap_eV,237,0.048524804413318634,0.002539308276027441,0.6383015868427986,0.9656983103949535,0.5057632923126221,0.0034291953779757023,0.006780237771498945,0.08
10,octanol_hl_gap_eV,238,0.13714367151260376,0.0013605281710624695,0.6102622288027275,0.9479881200894562,0.2500409185886383,0.020581932738423347,0.0823142582206086,0.1
10,octanol_hl_gap_eV,239,0.1234881803393364,0.0017582825385034084,0.6440629847167918,0.9769663597304088,0.26116669178009033,0.009758303873240948,0.03736427416041902,0.06
10,octanol_hl_gap_eV,240,0.0860043466091156,0.003729006741195917,0.6330180301648185,0.9640125982997596,0.7349482774734497,0.008527539670467377,0.011602911295720993,0.04
10,octanol_hl_gap_eV,241,0.0175400972366333,0.0011380651267245412,0.6012355003212033,0.9705094557433733,0.292206346988678,0.0010375336278229952,0.0035506881986488684,0.06
10,octanol_hl_gap_eV,242,0.031625811010599136,0.002773706568405032,0.6051126960319106,0.9631033739765673,0.6271346807479858,0.0007920422358438373,0.0012629539717037583,0.02
10,octanol_hl_gap_eV,243,0.22415170073509216,0.0008969082846306264,0.627947651132563,0.9744247203154976,0.3010998070240021,0.0011203917674720287,0.003720997959267098,0.14
10,octanol_hl_gap_eV,244,0.0399383008480072,0.0014466127613559365,0.6409273636105624,0.9772695459328324,0.18025866150856018,0.005320386029779911,0.029515286451448852,0.0
10,octanol_hl_gap_eV,245,0.05207144096493721,0.002280742395669222,0.6466814247625778,0.9679267485732328,0.3400706946849823,0.0010412666015326977,0.003061912178281796,0.14
10,octanol_hl_gap_eV,246,0.09846804291009903,0.001509693800471723,0.6273948537377538,0.971365007322081,0.3468300402164459,0.0013860146282240748,0.00399623581440381,0.1
10,octanol_hl_gap_eV,247,0.055718425661325455,0.0011695423163473606,0.6308572413378513,0.9716071623834641,0.324916809797287,0.0007633568020537496,0.0023493915335743997,0.18
10,octanol_hl_gap_eV,248,0.08877497911453247,0.002076396020129323,0.6488689993143439,0.9744292013155882,0.4654560983181,0.0014688093215227127,0.003155634498785545,0.08
10,octanol_hl_gap_eV,249,0.06175534054636955,0.0035320597235113382,0.6352776244393366,0.9714124735587735,0.5582543015480042,0.003052846062928438,0.005468558064779953,0.04
10,octanol_dipole,0,0.2464536875486374,0.013238725252449512,0.6255578867278031,0.931808850433895,2.29305100440979,0.12486967444419861,0.05445568991010686,0.12
10,octanol_dipole,1,0.09389125555753708,0.01732132025063038,0.6088765472386011,0.9646007421814073,2.9517903327941895,0.004983304068446159,0.0016882310417111917,0.1
10,octanol_dipole,2,0.15840323269367218,0.009814143180847168,0.6253398974546445,0.961579215056366,1.6833975315093994,0.013234501704573631,0.007861780391650607,0.1
10,octanol_dipole,3,0.24904415011405945,0.011912621557712555,0.6267748839538623,0.9506437142862458,2.119943857192993,0.1029524952173233,0.04856378383229553,0.1
10,octanol_dipole,4,0.13372090458869934,0.011275670491158962,0.6185319293129594,0.948653438828511,1.8688472509384155,0.008263220079243183,0.004421559908170089,0.08
10,octanol_dipole,5,0.1474987119436264,0.007013086229562759,0.6265686407367932,0.9604129289988741,1.1689226627349854,0.010790163651108742,0.009230861882566695,0.12
10,octanol_dipole,6,0.12613123655319214,0.021162234246730804,0.6058566525762341,0.9354369012169721,3.3958137035369873,0.17636969685554504,0.05193738887143401,0.06
10,octanol_dipole,7,0.11199779808521271,0.014180930331349373,0.6089943180658444,0.9494363622238307,2.428192377090454,0.030087213963270187,0.012390786762670653,0.02
10,octanol_dipole,8,0.1460486203432083,0.01619504950940609,0.6062081654858051,0.9408800169308835,2.575568914413452,0.09637530893087387,0.03741903716555064,0.06
10,octanol_dipole,9,0.07753597944974899,0.019763946533203125,0.6198685504053867,0.9587972370361324,3.5238444805145264,0.004052691161632538,0.0011500766234271477,0.02
10,octanol_dipole,10,0.36712315678596497,0.006364673841744661,0.6508018232668875,0.9389217935670873,1.068769097328186,0.32880115509033203,0.3076447063376939,0.24
10,octanol_dipole,11,0.16235411167144775,0.006154089234769344,0.631018299915546,0.9594230981532073,0.9639803171157837,0.022162066772580147,0.022990165233755765,0.12
10,octanol_dipole,12,0.2700422406196594,0.008811712265014648,0.6249913258173967,0.9640735812681198,1.489279866218567,0.008073853328824043,0.005421313691243526,0.14
10,octanol_dipole,13,0.08735080063343048,0.009467121213674545,0.6204070973493525,0.9564842583867059,1.5733836889266968,0.007481931708753109,0.004755312872130384,0.06
10,octanol_dipole,14,0.06454253941774368,0.012852827087044716,0.6311202630768704,0.9725036603852675,2.1847355365753174,0.009227199479937553,0.0042234857837309,0.12
10,octanol_dipole,15,0.22601015865802765,0.015048091299831867,0.613068491686759,0.9423308082188349,2.557647705078125,0.12081475555896759,0.0472366680208122,0.12
10,octanol_dipole,16,0.18871091306209564,0.019797947257757187,0.6175647001148219,0.9416676588217068,3.5194032192230225,0.1085316464304924,0.030838082387858047,0.02
10,octanol_dipole,17,0.10479757189750671,0.014277500100433826,0.607331632619379,0.9492329036609914,2.513462543487549,0.06932175159454346,0.027580180883999262,0.06
10,octanol_dipole,18,0.06527380645275116,0.008726335130631924,0.6241257280670165,0.9491499976622977,1.4664379358291626,0.004110211972147226,0.0028028543668458797,0.14
10,octanol_dipole,19,0.20707088708877563,0.007852176204323769,0.6194457654892729,0.950042741017505,1.2712947130203247,0.024722516536712646,0.019446723315616744,0.1
10,octanol_dipole,20,0.1354673206806183,0.005896306596696377,0.6210531757263518,0.9506787582437981,0.9098513126373291,0.022806400433182716,0.0250660741116867,0.12
10,octanol_dipole,21,0.20301981270313263,0.009596849791705608,0.6281927416604989,0.9679787493387957,1.6376769542694092,0.0072574373334646225,0.004431543910137191,0.14
10,octanol_dipole,22,0.14239630103111267,0.02748425118625164,0.607047008118053,0.920866512380295,4.460973739624023,0.1711079180240631,0.03835662974301308,0.06
10,octanol_dipole,23,0.09150797128677368,0.012521347030997276,0.6183225078250205,0.955852420361168,2.1002821922302246,0.003402076894417405,0.0016198189495692697,0.16
10,octanol_dipole,24,0.1953362375497818,0.011859632097184658,0.6266575995142527,0.9672062902557277,2.077336549758911,0.006650358438491821,0.0032013871027608116,0.18
10,octanol_dipole,25,0.3235780596733093,0.01004907675087452,0.6155838602203798,0.8981854778424163,1.6654129028320312,0.3029894232749939,0.18193051270334282,0.16
10,octanol_dipole,26,0.12369313836097717,0.012590846046805382,0.6281201430902992,0.9729196674383613,2.2839150428771973,0.006035799626260996,0.002642742620871442,0.06
10,octanol_dipole,27,0.14380906522274017,0.0137002719566226,0.6141064084898418,0.9669267310248544,2.306417942047119,0.011133689433336258,0.004827264491124393,0.1
10,octanol_dipole,28,0.05881590396165848,0.005563721060752869,0.6466696890068042,0.960464927257846,0.9430082440376282,0.015710586681962013,0.01666007352671153,0.04
10,octanol_dipole,29,0.18380726873874664,0.011840727180242538,0.6202397934830302,0.9677162122082001,1.9068067073822021,0.00816384144127369,0.004281420560179161,0.12
10,octanol_dipole,30,0.08508341014385223,0.015093904919922352,0.6142637973044935,0.9191761760101504,2.624924659729004,0.012603609822690487,0.004801512979039817,0.02
10,octanol_dipole,31,0.343418687582016,0.010649389587342739,0.6060169774648103,0.9074188280387414,1.9280610084533691,0.26047298312187195,0.13509582009068027,0.1
10,octanol_dipole,32,0.1352251023054123,0.008514381013810635,0.6276997120172458,0.9664836106296728,1.4724464416503906,0.014672969467937946,0.009965027625379541,0.08
10,octanol_dipole,33,0.2137768715620041,0.0015664754901081324,0.6297482437649966,0.9629998895762788,0.19162896275520325,0.026954947039484978,0.1406621768021498,0.14
10,octanol_dipole,34,0.2075977921485901,0.011559948325157166,0.6272181711992715,0.9702248577314552,1.9601218700408936,0.01513433177024126,0.0077211177537269745,0.14
10,octanol_dipole,35,0.19266541302204132,0.008878838270902634,0.6347929144113051,0.9495900784601856,1.6212847232818604,0.034570932388305664,0.021323171613142688,0.08
10,octanol_dipole,36,0.2863004505634308,0.012106562964618206,0.6211470589062451,0.9217865768161673,2.0825469493865967,0.24658331274986267,0.11840468366030955,0.12
10,octanol_dipole,37,0.07233725488185883,0.014874283224344254,0.6231813714987771,0.9479671593994896,2.6857821941375732,0.016723541542887688,0.006226693132224653,0.06
10,octanol_dipole,38,0.08427011221647263,0.0066598569974303246,0.6250496752937154,0.9655804666302794,1.1134185791015625,0.008481085300445557,0.007617158056846058,0.18
10,octanol_dipole,39,0.12211678177118301,0.007180291227996349,0.6296459046707048,0.9665488543295393,1.1727544069290161,0.01508301217108965,0.01286118566852044,0.04
10,octanol_dipole,40,0.42069211602211,0.00843433290719986,0.6275807051963918,0.9088420032427027,1.4606977701187134,0.38763710856437683,0.2653780381501321,0.14
10,octanol_dipole,41,0.1267097145318985,0.008107319474220276,0.6202567811874096,0.9673435312348599,1.3036526441574097,0.006629871670156717,0.005085612106775425,0.16
10,octanol_dipole,42,0.15328356623649597,0.019319286569952965,0.6080575203894902,0.9593589521124519,3.1839120388031006,0.027390949428081512,0.008602922786264644,0.08
10,octanol_dipole,43,0.15493802726268768,0.010653870180249214,0.6258538774772526,0.9699435874507341,1.8261737823486328,0.0181574784219265,0.009942908280379678,0.12
10,octanol_dipole,44,0.07873597741127014,0.004237604793161154,0.6511253348398751,0.9519837881777693,0.6919378042221069,0.022767337039113045,0.03290373339943267,0.02
10,octanol_dipole,45,0.08826334029436111,0.008629025891423225,0.5979362572050924,0.9565208332559574,1.3385658264160156,0.025226563215255737,0.01884596387971399,0.08
10,octanol_dipole,46,0.09415072202682495,0.00899817980825901,0.6247012300755377,0.9510468022032772,1.4839383363723755,0.03569909185171127,0.02405699143738075,0.2
10,octanol_dipole,47,0.36507606506347656,0.014509241096675396,0.6422786349082588,0.9431536520101882,2.650400161743164,0.3713762164115906,0.14012080959402637,0.28
10,octanol_dipole,48,0.10862553119659424,0.013311863876879215,0.618278345727088,0.9522366581175907,2.2403652667999268,0.00619011465460062,0.0027629934932183633,0.1
10,octanol_dipole,49,0.4221363663673401,0.010762536898255348,0.6192066817978628,0.9149689771628919,1.9415041208267212,0.4053373336791992,0.20877490257738962,0.12
10,octanol_dipole,50,0.17476730048656464,0.0034584798850119114,0.6419710146137674,0.9705254770691274,0.4789673388004303,0.05298154801130295,0.11061620223206617,0.06
10,octanol_dipole,51,0.12963956594467163,0.01437223982065916,0.6064064175920798,0.9379273606901546,2.4220829010009766,0.030820332467556,0.012724722368015914,0.12
10,octanol_dipole,52,0.30069559812545776,0.016633689403533936,0.6207952494416555,0.9319610389170752,2.8319616317749023,0.205667182803154,0.07262357670935472,0.2
10,octanol_dipole,53,0.17033302783966064,0.008256573230028152,0.6269027905229412,0.9410187577323739,1.3095346689224243,0.08744495362043381,0.06677559265566414,0.12
10,octanol_dipole,54,0.25575828552246094,0.005035276059061289,0.6244846951686722,0.9586002051724369,0.8126266598701477,0.05840354040265083,0.07187007673607869,0.2
10,octanol_dipole,55,0.204227015376091,0.020302437245845795,0.6111679123235234,0.9525042201758087,3.3504998683929443,0.11672291904687881,0.034837464149152335,0.2
10,octanol_dipole,56,0.1525464653968811,0.006264355033636093,0.6267449959925244,0.9670887277098792,1.0078949928283691,0.0150894271209836,0.01497122937245619,0.1
10,octanol_dipole,57,0.12458386272192001,0.013869857415556908,0.6186504304107341,0.9608427212488477,2.3606011867523193,0.0068948580883443356,0.0029208059908798828,0.06
10,octanol_dipole,58,0.2590000033378601,0.006302064284682274,0.6261951213002039,0.9164674787389921,1.0716431140899658,0.08445698767900467,0.07881074078540143,0.06
10,octanol_dipole,59,0.1689600944519043,0.026202885434031487,0.6108563071669042,0.9218633631969253,4.793062210083008,0.3396887183189392,0.07087091788718018,0.14
10,octanol_dipole,60,0.07110831141471863,0.008721334859728813,0.6175441755617632,0.9655617840620443,1.483229637145996,0.006741910707205534,0.004545426101502528,0.16
10,octanol_dipole,61,0.10633738338947296,0.01953677274286747,0.6049686845755309,0.9475200119448155,3.1164724826812744,0.06115255504846573,0.01962236322903541,0.04
10,octanol_dipole,62,0.21307091414928436,0.008213085122406483,0.6435303636960956,0.9735152680875179,1.3793693780899048,0.10984470695257187,0.07963400427569328,0.1
10,octanol_dipole,63,0.4578514099121094,0.005114408675581217,0.6329668991024131,0.9029033096542312,0.8547597527503967,0.24927036464214325,0.29162623045838953,0.18
10,octanol_dipole,64,0.07983262836933136,0.012926868163049221,0.6274709229534856,0.9625309474199506,2.2405149936676025,0.0024764686822891235,0.0011053122560163177,0.04
10,octanol_dipole,65,0.12754447758197784,0.010090569965541363,0.6186492920954636,0.9559689812588941,1.74800443649292,0.024900343269109726,0.014245011482389668,0.04
10,octanol_dipole,66,0.15845024585723877,0.018056664615869522,0.606374019714105,0.9372573318099013,2.8793230056762695,0.18922701478004456,0.06571927303987925,0.12
10,octanol_dipole,67,0.0934738963842392,0.030158566311001778,0.6046982500409182,0.9675276703206146,4.851754188537598,0.00945042259991169,0.001947836232560704,0.08
10,octanol_dipole,68,0.07757758349180222,0.008531334809958935,0.6207463719380149,0.9594645806596949,1.5043882131576538,0.007400725968182087,0.004919425653201738,0.2
10,octanol_dipole,69,0.06513319164514542,0.011084739118814468,0.6295793506155598,0.9726600302285437,1.9539878368377686,0.0020708045922219753,0.0010597837679344293,0.04
10,octanol_dipole,70,0.17632131278514862,0.014497918076813221,0.6141250300636691,0.9597302389449827,2.3990206718444824,0.00798772368580103,0.003329576847564087,0.1
10,octanol_dipole,71,0.10540347546339035,0.013170759193599224,0.6252769593816625,0.9748583461965672,2.2750039100646973,0.02556530013680458,0.011237475251670027,0.04
10,octanol_dipole,72,0.4894963204860687,0.004078884609043598,0.637024847645767,0.9081259985441126,0.6662333011627197,0.30086079239845276,0.45158474047062236,0.22
10,octanol_dipole,73,0.19473183155059814,0.01734675094485283,0.6141259439442148,0.9092494991963584,2.895310640335083,0.2515576481819153,0.08688451065575532,0.08
10,octanol_dipole,74,0.16874507069587708,0.016078311949968338,0.6134281822257122,0.9698453338750661,2.7189154624938965,0.003491160459816456,0.0012840268511379997,0.14
10,octanol_dipole,75,0.2248336672782898,0.006867941934615374,0.6300290381415388,0.9485890274896662,1.161829948425293,0.04305373877286911,0.03705683334400423,0.12
10,octanol_dipole,76,0.28492802381515503,0.004063108004629612,0.6262232336358651,0.9463185802577541,0.6561647653579712,0.05534227564930916,0.08434204116266002,0.18
10,octanol_dipole,77,0.03798239678144455,0.0306840892881155,0.6172343443904227,0.975926961688431,5.24110221862793,0.003934652544558048,0.000750729976334654,0.0
10,octanol_dipole,78,0.09946782141923904,0.014153066091239452,0.625340717696028,0.9607435613591009,2.4466371536254883,0.00878466758877039,0.0035905069028127237,0.12
10,octanol_dipole,79,0.40253013372421265,0.008824498392641544,0.6252069632123329,0.9328154264556907,1.4914283752441406,0.2164999097585678,0.14516279383723518,0.2
10,octanol_dipole,80,0.06498230248689651,0.014650295488536358,0.6163167125826035,0.950855309842024,2.521850109100342,0.020940253511071205,0.008303528205544914,0.16
10,octanol_dipole,81,0.2753133177757263,0.02486017346382141,0.6494648556135132,0.9338194794741888,4.692322731018066,1.1093823909759521,0.2364249977186151,0.08
10,octanol_dipole,82,0.09809031337499619,0.010540246963500977,0.6277995172065736,0.9536688995110099,1.8417662382125854,0.005480408668518066,0.0029756266320946053,0.1
10,octanol_dipole,83,0.13278646767139435,0.008423436433076859,0.6209598062701636,0.9590212723766334,1.397957444190979,0.014885046519339085,0.010647710759144965,0.08
10,octanol_dipole,84,0.06601547449827194,0.012598006054759026,0.6182744994281155,0.9610643896739968,2.0971169471740723,0.007830998860299587,0.0037341736572450534,0.04
10,octanol_dipole,85,0.08750312030315399,0.01881854049861431,0.6114759823655889,0.9454535521962992,3.29746150970459,0.014151286333799362,0.004291569830959797,0.06
10,octanol_dipole,86,0.17306998372077942,0.006271168123930693,0.6268551876427673,0.9444863473461069,1.0031332969665527,0.018608853220939636,0.018550728280291653,0.18
10,octanol_dipole,87,0.19124411046504974,0.011829146184027195,0.616870388781253,0.94433932801901,1.9249017238616943,0.05451124906539917,0.028318977737751688,0.14
10,octanol_dipole,88,0.34161141514778137,0.007980722934007645,0.6246402694325992,0.8958430029016209,1.3415762186050415,0.2887892723083496,0.21526117435849454,0.14
10,octanol_dipole,89,0.13902050256729126,0.011134039610624313,0.6235974714684696,0.9550407067118789,1.8787765502929688,0.06520131975412369,0.034704137511167285,0.1
10,octanol_dipole,90,0.2542610168457031,0.02017342671751976,0.6074565961300877,0.8978584171611192,3.2733407020568848,0.3620515465736389,0.1106061298007063,0.08
10,octanol_dipole,91,0.35733845829963684,0.016798943281173706,0.6309892886366335,0.9202980625892518,2.847428798675537,0.651840329170227,0.2289224332750397,0.14
10,octanol_dipole,92,0.14959071576595306,0.003207484958693385,0.6467652072500878,0.9674556574549953,0.4522380828857422,0.05973534286022186,0.13208826306499707,0.02
10,octanol_dipole,93,0.13537530601024628,0.014693643897771835,0.6131557000893417,0.9660842447059226,2.3764736652374268,0.006757331546396017,0.002843427909696997,0.08
10,octanol_dipole,94,0.14671915769577026,0.01424776017665863,0.6080507078592601,0.9623960036959129,2.305716037750244,0.001920949318446219,0.0008331248458160297,0.1
10,octanol_dipole,95,0.08415316790342331,0.012317700311541557,0.629587060665326,0.9553462231176841,2.004326581954956,0.005249370820820332,0.002619019708704488,0.1
10,octanol_dipole,96,0.2835860252380371,0.0063927932642400265,0.6215715351577835,0.9375752001038169,1.0485724210739136,0.07947641611099243,0.07579487550282439,0.1
10,octanol_dipole,97,0.7584720849990845,0.003172154538333416,0.6889037539606793,0.9084279844119556,0.5021593570709229,0.7131230235099792,1.4201129849886691,0.7
10,octanol_dipole,98,0.6266943216323853,0.006297489628195763,0.6484130651641451,0.9099385469398595,1.1020619869232178,0.6364607214927673,0.577518078878362,0.26
10,octanol_dipole,99,0.13966181874275208,0.006865574978291988,0.6303481002434954,0.9496486670682729,1.123356580734253,0.02790774032473564,0.024843171619197236,0.12
10,octanol_dipole,100,0.12777218222618103,0.023423049598932266,0.6023157169595248,0.931887851521894,3.7502822875976562,0.10089581459760666,0.02690352535095116,0.06
10,octanol_dipole,101,0.3452124297618866,0.007072610314935446,0.6307312312846833,0.8896814734636866,1.2157179117202759,0.2618044912815094,0.2153497030499851,0.12
10,octanol_dipole,102,0.12701904773712158,0.00914053339511156,0.6204477433893791,0.9677842162238715,1.4858729839324951,0.01825343631207943,0.012284654549522857,0.12
10,octanol_dipole,103,0.24479690194129944,0.004501377232372761,0.6286291108977795,0.9501640819301445,0.7015650868415833,0.06220678612589836,0.08866858869210656,0.14
10,octanol_dipole,104,0.11223148554563522,0.010890750214457512,0.6252294624265844,0.9544543367507401,1.8228530883789062,0.031114252284169197,0.01706898514341582,0.02
10,octanol_dipole,105,0.21777711808681488,0.008101444691419601,0.63033851579076,0.9305456279185926,1.378953456878662,0.02989918552339077,0.02168251972120164,0.12
10,octanol_dipole,106,0.14933066070079803,0.008558881469070911,0.6253758462510677,0.9541765642353957,1.4369969367980957,0.009181619621813297,0.0063894496826636974,0.08
10,octanol_dipole,107,0.410194456577301,0.013081958517432213,0.6278423531793949,0.9182917241505133,2.3842949867248535,0.40741074085235596,0.17087262403381925,0.22
10,octanol_dipole,108,0.1438976377248764,0.01083645224571228,0.6410737617154623,0.9607871661003995,1.9300795793533325,0.017973139882087708,0.009312123745752264,0.1
10,octanol_dipole,109,0.07270705699920654,0.005255098454654217,0.6104222097790144,0.9634764283423534,0.8288018107414246,0.008128151297569275,0.00980711093077613,0.02
10,octanol_dipole,110,0.1274939775466919,0.007831604219973087,0.6244675908131971,0.9689538915685898,1.377446174621582,0.033115703612565994,0.02404137760349415,0.1
10,octanol_dipole,111,0.06291425228118896,0.009629589505493641,0.6189145792977415,0.9660983681314161,1.6969854831695557,0.015184075571596622,0.008947675582490232,0.1
10,octanol_dipole,112,0.1281372457742691,0.008710802532732487,0.642474471747353,0.9677644169989077,1.4705077409744263,0.02975515089929104,0.02023461017592053,0.04
10,octanol_dipole,113,0.1583038717508316,0.00980004109442234,0.619953187124771,0.9714056930176047,1.6456414461135864,0.0033933687955141068,0.0020620341104850173,0.12
10,octanol_dipole,114,0.37952980399131775,0.012309957295656204,0.6271587324260599,0.9123777202171879,2.1667842864990234,0.3418254554271698,0.15775703080230172,0.16
10,octanol_dipole,115,0.23513369262218475,0.005033084191381931,0.6334701961708125,0.9383527490942931,0.8064100742340088,0.09110108762979507,0.11297116757417744,0.1
10,octanol_dipole,116,0.21829810738563538,0.017192840576171875,0.6348795708536696,0.8990499232032962,3.024533987045288,0.4781261682510376,0.15808259067312586,0.08
10,octanol_dipole,117,0.0698055550456047,0.011943232268095016,0.618697782071016,0.9573136168175751,1.919763445854187,0.02443772181868553,0.012729548461535643,0.1
10,octanol_dipole,118,0.08029638975858688,0.012009980157017708,0.6227523993978874,0.9694618104956265,2.0781240463256836,0.0033437730744481087,0.0016090343982883074,0.08
10,octanol_dipole,119,0.38933634757995605,0.009514822624623775,0.632993993553516,0.9217055512517331,1.6679449081420898,0.41250836849212646,0.24731534385725976,0.16
10,octanol_dipole,120,0.16604731976985931,0.01049818005412817,0.6153712458764193,0.972417561321195,1.716870903968811,0.01573764719069004,0.009166470906059418,0.12
10,octanol_dipole,121,0.26015210151672363,0.015093134716153145,0.6122636317912404,0.9103804371822461,2.6494085788726807,0.32235944271087646,0.1216722272591266,0.08
10,octanol_dipole,122,0.058768145740032196,0.004032663535326719,0.6554871243401772,0.9637601411490035,0.6919481158256531,0.029368087649345398,0.04244261524478974,0.04
10,octanol_dipole,123,0.07193678617477417,0.007882300764322281,0.6266299891410898,0.9355783615503175,1.309224247932434,0.0037796380929648876,0.002886929491974965,0.1
10,octanol_dipole,124,0.05889998376369476,0.007045994978398085,0.6198870182849912,0.9702306344220046,1.153735876083374,0.005792024079710245,0.005020234006567105,0.18
10,octanol_dipole,125,0.5688049793243408,0.006095739081501961,0.6362868436374742,0.9079546839064123,1.0117206573486328,0.5394606590270996,0.5332110747257429,0.26
10,octanol_dipole,126,0.22491106390953064,0.01789732277393341,0.6124484094525964,0.8972242804360302,2.9579954147338867,0.35715198516845703,0.12074122339388003,0.06
10,octanol_dipole,127,0.10047123581171036,0.015634331852197647,0.6293060377835729,0.9684977473159866,2.584303617477417,0.007585994433611631,0.0029354114517768817,0.06
10,octanol_dipole,128,0.15400391817092896,0.00829991139471531,0.6293477658574658,0.9800235612235768,1.375095009803772,0.027085497975349426,0.019697182945354857,0.06
10,octanol_dipole,129,0.06099894270300865,0.0078016286715865135,0.6325406013675521,0.9591206624632691,1.25169837474823,0.00794192310422659,0.006344917645054903,0.04
10,octanol_dipole,130,0.15198513865470886,0.009737033396959305,0.6272197191015438,0.9611985742494618,1.6849701404571533,0.01662321761250496,0.009865585872040956,0.1
10,octanol_dipole,131,0.06253984570503235,0.012704597786068916,0.6144881352760765,0.9600932764939814,2.264228105545044,0.004007300827652216,0.0017698308831333848,0.1
10,octanol_dipole,132,0.12842996418476105,0.005343930330127478,0.6313250283996534,0.9735280549918393,0.826695442199707,0.02551320195198059,0.030861670029405215,0.14
10,octanol_dipole,133,0.10831160843372345,0.01015994418412447,0.62969905662453,0.950922292228038,1.7336698770523071,0.005830001085996628,0.0033628092425007443,0.12
10,octanol_dipole,134,0.08651240170001984,0.006346519570797682,0.6230361418595187,0.9716852810881533,1.0770676136016846,0.015166965313255787,0.01408172070325081,0.04
10,octanol_dipole,135,0.40906932950019836,0.017322344705462456,0.6200480185940735,0.9174694916654162,2.9569103717803955,0.591495931148529,0.20003850532418452,0.16
10,octanol_dipole,136,0.08963805437088013,0.017114857211709023,0.6227723142152592,0.9650522453859367,2.959407091140747,0.005708811338990927,0.001929038879470408,0.04
10,octanol_dipole,137,0.27318522334098816,0.003655268345028162,0.6316177730248547,0.9537401832641978,0.5250092148780823,0.0694529339671135,0.13228898083863513,0.16
10,octanol_dipole,138,0.05788017064332962,0.004745680373162031,0.6213890282265873,0.9518593223250567,0.7817615270614624,0.009351572953164577,0.011962181086495643,0.12
10,octanol_dipole,139,0.10336971282958984,0.012142118066549301,0.6296093189289145,0.9513504070889074,2.096019744873047,0.010495751164853573,0.005007467697060882,0.06
10,octanol_dipole,140,0.24802640080451965,0.011453480459749699,0.6181519665314446,0.9277726968895936,1.956734538078308,0.07197483628988266,0.03678313787038712,0.14
10,octanol_dipole,141,0.11885888129472733,0.00852067582309246,0.631257733569133,0.950728672600224,1.3729597330093384,0.025344545021653175,0.01845978757592652,0.04
10,octanol_dipole,142,0.3354586064815521,0.008456536568701267,0.6264426740689621,0.9132590124662958,1.420034408569336,0.17977097630500793,0.1265962114862587,0.12
10,octanol_dipole,143,0.09296631813049316,0.0206039696931839,0.6200476374983328,0.9453540267600196,3.7415733337402344,0.030035607516765594,0.008027534097999554,0.08
10,octanol_dipole,144,0.1426263451576233,0.01285181287676096,0.6339294037601004,0.9529459422953572,2.140601634979248,0.006547966040670872,0.003058937232258234,0.14
10,octanol_dipole,145,0.09791827201843262,0.014373415149748325,0.6168070059678068,0.9572619649892233,2.3963863849639893,0.0036340795923024416,0.0015164831577680038,0.08
10,octanol_dipole,146,0.08168725669384003,0.008206194266676903,0.6335844750455915,0.9595220512562741,1.3145235776901245,0.00891877245157957,0.006784794584857581,0.08
10,octanol_dipole,147,0.3185560703277588,0.004504499491304159,0.6509398664535759,0.9450212317587516,0.7736971378326416,0.28647342324256897,0.3702655848580068,0.18
10,octanol_dipole,148,0.09083002060651779,0.020098427310585976,0.606511433904533,0.9622965073970069,3.2817091941833496,0.0034461941104382277,0.0010501217221033535,0.08
10,octanol_dipole,149,0.2785784602165222,0.007078012451529503,0.6260815391991168,0.9275299148817828,1.2089347839355469,0.13170678913593292,0.10894449467917265,0.2
10,octanol_dipole,150,0.050741951912641525,0.026671309024095535,0.5975655554215751,0.9638020498496336,4.554823875427246,0.01000621635466814,0.002196839357203367,0.0
10,octanol_dipole,151,0.08004625886678696,0.011894209310412407,0.6176778949712485,0.9595522963142298,2.1647112369537354,0.007329679559916258,0.003385984899413588,0.06
10,octanol_dipole,152,0.23282863199710846,0.014508782885968685,0.6310114544732888,0.9264964614975582,2.627965211868286,0.388060063123703,0.14766560126867942,0.1
10,octanol_dipole,153,0.5424880981445312,0.005662897136062384,0.6600888719651448,0.9148129941876921,0.9732078909873962,0.6134053468704224,0.6302922043183129,0.26
10,octanol_dipole,154,0.11202899366617203,0.009377128444612026,0.6275477761189501,0.9698550076925467,1.602599024772644,0.00753352465108037,0.004700816944618526,0.08
10,octanol_dipole,155,0.17322994768619537,0.017209229990839958,0.6074428387222965,0.9473944126869251,2.7557625770568848,0.04339691996574402,0.01574769914035603,0.1
10,octanol_dipole,156,0.09812898188829422,0.005436853505671024,0.6393287357642201,0.9647329684604622,0.8231359720230103,0.028230419382452965,0.03429617990460487,0.12
10,octanol_dipole,157,0.0656832680106163,0.01360905822366476,0.6264672666977777,0.9551860493234023,2.2840359210968018,0.01690981723368168,0.007403481301450604,0.08
10,octanol_dipole,158,0.19762393832206726,0.00681070052087307,0.6273594911878388,0.9622654842046396,1.153664231300354,0.02045462466776371,0.017730136822139538,0.18
10,octanol_dipole,159,0.1489848643541336,0.0037869045045226812,0.6366407896784692,0.9668523870865997,0.5293094515800476,0.05326336249709129,0.10062802078839558,0.04
10,octanol_dipole,160,0.10464394092559814,0.01800823211669922,0.6119429136172838,0.956373859339515,2.89595365524292,0.012230346910655499,0.004223253672762794,0.04
10,octanol_dipole,161,0.04953811317682266,0.007469880860298872,0.6231342647550693,0.9649856389997671,1.1618212461471558,0.013187495060265064,0.011350709159431866,0.08
10,octanol_dipole,162,0.3190665543079376,0.012618751265108585,0.621713741813579,0.9336838273382766,2.2352066040039062,0.17935092747211456,0.0802390826650408,0.14
10,octanol_dipole,163,0.24103300273418427,0.00792317558079958,0.629585136406158,0.9551514688662324,1.3264793157577515,0.03747584670782089,0.02825211540250276,0.1
10,octanol_dipole,164,0.28172019124031067,0.009380752220749855,0.631675692465461,0.9613507854449388,1.6510217189788818,0.022592732682824135,0.013684091749439378,0.14
10,octanol_dipole,165,0.16832731664180756,0.01247683446854353,0.6178842034516314,0.9448613215757906,2.1668736934661865,0.013237119652330875,0.0061088561332600985,0.08
10,octanol_dipole,166,0.13315854966640472,0.03525765985250473,0.6064324506977139,0.9290749771600715,5.824776649475098,0.2574973702430725,0.044207252181296425,0.02
10,octanol_dipole,167,0.03413483500480652,0.03584779426455498,0.6067059026420505,0.9585858224360406,6.398879051208496,0.004615499638020992,0.0007212981525489696,0.06
10,octanol_dipole,168,0.12887024879455566,0.01182995829731226,0.6240208283337765,0.9613046439106627,2.053992748260498,0.013044838793575764,0.00635096633355852,0.1
10,octanol_dipole,169,0.1668732613325119,0.011146200820803642,0.6125337265627757,0.9625469184881634,1.9356517791748047,0.00966537743806839,0.004993345157458474,0.14
10,octanol_dipole,170,0.13952785730361938,0.0028455033898353577,0.652451512296319,0.9661746512718896,0.3915936350822449,0.05424138158559799,0.13851446174350074,0.06
10,octanol_dipole,171,0.1604526937007904,0.006695012096315622,0.6381503012166088,0.9708050462142015,1.0606411695480347,0.047611054033041,0.044888936428263713,0.08
10,octanol_dipole,172,0.3119083642959595,0.002092701615765691,0.6221475974025104,0.9666628114751836,0.20254075527191162,0.0814938098192215,0.40235758827805196,0.2
10,octanol_dipole,173,0.23705360293388367,0.007574079558253288,0.6266593863692551,0.9398785179390445,1.2748258113861084,0.04846854880452156,0.038019742282925754,0.1
10,octanol_dipole,174,0.08183316886425018,0.0077616083435714245,0.624403113443093,0.9683019932031969,1.2962857484817505,0.013029294088482857,0.010051251511283808,0.04
10,octanol_dipole,175,0.24784433841705322,0.007044513709843159,0.6303005725329902,0.9417249483151771,1.1765649318695068,0.06805508583784103,0.0578421844765547,0.1
10,octanol_dipole,176,0.12874791026115417,0.010474177077412605,0.6262273660367501,0.9570851244676226,1.7716037034988403,0.0043315039947628975,0.0024449621471259995,0.08
10,octanol_dipole,177,0.04945291578769684,0.01166530791670084,0.6216817966750037,0.9745190947044289,2.1157641410827637,0.013098328374326229,0.006190826340228561,0.1
10,octanol_dipole,178,0.126020610332489,0.01824476383626461,0.6119315557265714,0.9588522548460934,3.138300895690918,0.01009026262909174,0.0032151992318347478,0.02
10,octanol_dipole,179,0.15845806896686554,0.015314637683331966,0.6133090538251915,0.9499642779893773,2.630570411682129,0.022149715572595596,0.008420118873925854,0.12
10,octanol_dipole,180,0.08411002904176712,0.0061810798943042755,0.6132017869273798,0.9656988981224686,0.931329071521759,0.013491982594132423,0.014486804940048737,0.1
10,octanol_dipole,181,0.5254991054534912,0.0044062258675694466,0.6450331924151302,0.925658641620313,0.722283124923706,0.43956294655799866,0.6085742991772501,0.34
10,octanol_dipole,182,0.05949312448501587,0.029421137645840645,0.608688446673715,0.9569895061480671,5.142211437225342,0.009838705882430077,0.0019133219243390137,0.02
10,octanol_dipole,183,0.17170526087284088,0.009582670405507088,0.6295940155283837,0.9460017696181486,1.533862590789795,0.039167895913124084,0.025535465920031534,0.08
10,octanol_dipole,184,0.1854151487350464,0.01708998903632164,0.6105385175103508,0.9374914588580026,2.8325042724609375,0.1519879251718521,0.053658498117569266,0.14
10,octanol_dipole,185,0.03773689270019531,0.012830407358705997,0.6270639050719837,0.9739504528749596,2.2214629650115967,0.006159213837236166,0.0027725935269886496,0.04
10,octanol_dipole,186,0.0568038672208786,0.019570395350456238,0.613730466805787,0.9504853389626855,3.4698541164398193,0.003920480143278837,0.0011298688681763297,0.0
10,octanol_dipole,187,0.30841320753097534,0.002574659651145339,0.6157609044541439,0.9510971315102255,0.32421961426734924,0.042951200157403946,0.1324756377076764,0.16
10,octanol_dipole,188,0.03160028159618378,0.017609870061278343,0.6105261191200608,0.9620579353765426,3.1402947902679443,0.008119814097881317,0.002585685306693292,0.06
10,octanol_dipole,189,0.12538571655750275,0.00990776065737009,0.6278858929881845,0.9602951984803114,1.6566166877746582,0.01498782355338335,0.009047248928487236,0.1
10,octanol_dipole,190,0.310066282749176,0.008347366005182266,0.6296366785095822,0.9396583414382949,1.3859736919403076,0.12366130948066711,0.0892234175870584,0.18
10,octanol_dipole,191,0.43802741169929504,0.006026494782418013,0.6319963162637889,0.9158872535328433,0.9617738127708435,0.25101327896118164,0.26098992884617994,0.26
10,octanol_dipole,192,0.398313969373703,0.010625108145177364,0.6323415393588538,0.9244666917089575,1.8406580686569214,0.29339519143104553,0.15939690072101664,0.26
10,octanol_dipole,193,0.13552697002887726,0.004138458054512739,0.6414611770062615,0.9390476060596717,0.613120973110199,0.012128432281315327,0.01978146697509144,0.08
10,octanol_dipole,194,0.10134836286306381,0.008375217206776142,0.6283003246847005,0.9588055410143117,1.3786910772323608,0.019889840856194496,0.014426611722273674,0.1
10,octanol_dipole,195,0.1716657280921936,0.01233681384474039,0.6233089002578405,0.9454389684322686,2.14020037651062,0.07595788687467575,0.035491016499360394,0.02
10,octanol_dipole,196,0.0707872211933136,0.02153279259800911,0.6093653777613037,0.9647585302519839,3.504876136779785,0.004450940061360598,0.0012699279197495516,0.1
10,octanol_dipole,197,0.1001012995839119,0.006765944883227348,0.6456261911820922,0.9673891167991369,1.1486551761627197,0.04541923105716705,0.03954122351052107,0.04
10,octanol_dipole,198,0.0969974547624588,0.02527482621371746,0.6057327965302781,0.9628797918396377,4.081631660461426,0.0048530129715800285,0.0011889884671835867,0.08
10,octanol_dipole,199,0.28624409437179565,0.009874580428004265,0.6293124142359057,0.9402880745177304,1.7216112613677979,0.09902802109718323,0.05752054678040776,0.16
10,octanol_dipole,200,0.058993350714445114,0.02713371440768242,0.6134297623770792,0.9663883486188256,4.4033918380737305,0.0027703475207090378,0.0006291394503562803,0.08
10,octanol_dipole,201,0.060187820345163345,0.0205141119658947,0.6182895386661982,0.957964094559246,3.67911958694458,0.007026937324553728,0.0019099507799335846,0.04
10,octanol_dipole,202,0.386650949716568,0.007176706101745367,0.6268615231246062,0.8997127776273692,1.3045454025268555,0.3313896059989929,0.25402688580796323,0.3
10,octanol_dipole,203,0.37855884432792664,0.013970935717225075,0.6310548302516006,0.9055361002482674,2.486330032348633,0.31009501218795776,0.12471997206864623,0.26
10,octanol_dipole,204,0.09817202389240265,0.005336814559996128,0.6351241750374947,0.965894171009029,0.8262230157852173,0.015483951196074486,0.01874064374902339,0.12
10,octanol_dipole,205,0.09829709678888321,0.011828451417386532,0.6137733540483106,0.9548363661732777,2.0771355628967285,0.004694794304668903,0.0022602252777963344,0.06
10,octanol_dipole,206,0.09092482179403305,0.028486056253314018,0.6186182446516031,0.967004764451163,4.713884353637695,0.009385268203914165,0.001990983974112893,0.06
10,octanol_dipole,207,0.47358447313308716,0.012124588713049889,0.6264647237311578,0.8911938212323978,2.1018457412719727,0.5342935919761658,0.2542020955604609,0.2
10,octanol_dipole,208,0.35424885153770447,0.006158764939755201,0.626600573497003,0.90865836043443,0.9693223834037781,0.21683792769908905,0.2237005266892343,0.08
10,octanol_dipole,209,0.49072974920272827,0.005452235694974661,0.65749603538882,0.9181087050147083,0.9207690954208374,0.5738485455513,0.6232274176068242,0.26
10,octanol_dipole,210,0.20248007774353027,0.006002944428473711,0.6283421253626738,0.9413423759899406,0.9811089634895325,0.058701254427433014,0.059831534123028426,0.1
10,octanol_dipole,211,0.2269466519355774,0.008050715550780296,0.6319221318944053,0.9597580782591,1.3025950193405151,0.03155997022986412,0.024228535931177193,0.14
10,octanol_dipole,212,0.12076009809970856,0.021381042897701263,0.6132530221114463,0.9690624213143337,3.5852534770965576,0.02244459092617035,0.006260252188457991,0.1
10,octanol_dipole,213,0.09600816667079926,0.012224149890244007,0.6249758812787982,0.9618918865352966,2.0567338466644287,0.0038080462254583836,0.0018515017057915391,0.06
10,octanol_dipole,214,0.20250147581100464,0.01981203258037567,0.6308465765677878,0.9664228832375192,3.411787986755371,0.04195379465818405,0.012296717973405593,0.16
10,octanol_dipole,215,0.07684780657291412,0.012821046635508537,0.6265027382985884,0.970274541253433,2.1970980167388916,0.004794368986040354,0.0021821370505611484,0.06
10,octanol_dipole,216,0.10060659795999527,0.012797165662050247,0.6208583260254221,0.9689761056616604,2.2550337314605713,0.018692096695303917,0.008289054143415036,0.06
10,octanol_dipole,217,0.09975948184728622,0.011534654535353184,0.6289205235668707,0.9666622748559395,1.984755516052246,0.0038366238586604595,0.0019330460742548532,0.04
10,octanol_dipole,218,0.06251513212919235,0.013650721870362759,0.6205591808850353,0.9516146233087333,2.278582811355591,0.0036977967247366905,0.0016228493896768977,0.06
10,octanol_dipole,219,0.04982595518231392,0.012781735509634018,0.6180072257520377,0.9538831340473555,2.0631682872772217,0.004642217420041561,0.0022500430278365366,0.04
10,octanol_dipole,220,0.041153475642204285,0.023015836253762245,0.5994564009044339,0.9573487812716597,3.644408941268921,0.004011570010334253,0.0011007463967360076,0.06
10,octanol_dipole,221,0.11936962604522705,0.010326026938855648,0.6096914704100438,0.9423822427243009,1.6275355815887451,0.018985547125339508,0.011665211710337207,0.06
10,octanol_dipole,222,0.07282588630914688,0.009673175401985645,0.6248229207009666,0.958148490238653,1.6169911623001099,0.004977538250386715,0.003078271771941135,0.06
10,octanol_dipole,223,0.35585272312164307,0.011151419021189213,0.6251898932524758,0.9146900813796357,1.9333417415618896,0.19700443744659424,0.1018984037904443,0.18
10,octanol_dipole,224,0.27510887384414673,0.014256083406507969,0.6175153069206689,0.9155987746875083,2.4041967391967773,0.1456669569015503,0.06058861761463683,0.12
10,octanol_dipole,225,0.20027019083499908,0.00838976725935936,0.6227940016041129,0.9262990166499359,1.3998408317565918,0.1209489181637764,0.08640190757402291,0.14
10,octanol_dipole,226,0.21850895881652832,0.01340915635228157,0.6158318671960623,0.9222378292517743,2.371934413909912,0.30641570687294006,0.12918388682081744,0.08
10,octanol_dipole,227,0.09683163464069366,0.009159424342215061,0.6215240855114095,0.9644092089925731,1.5178152322769165,0.00819802563637495,0.005401201320187613,0.14
10,octanol_dipole,228,0.2688567042350769,0.008920409716665745,0.6275130133207876,0.9466663328519895,1.4822884798049927,0.10032390058040619,0.06768176501891496,0.14
10,octanol_dipole,229,0.19546163082122803,0.010596648789942265,0.6247481881698014,0.9532515347535566,1.8369001150131226,0.016081150621175766,0.008754504662362049,0.12
10,octanol_dipole,230,0.2077856957912445,0.002740989439189434,0.6396990289263651,0.974622950016204,0.3124902546405792,0.06423570215702057,0.20556065734242926,0.08
10,octanol_dipole,231,0.23372264206409454,0.01187134813517332,0.6296788572356449,0.9696589497534345,2.0510807037353516,0.01253825519233942,0.0061129994395175274,0.14
10,octanol_dipole,232,0.060833439230918884,0.016761228442192078,0.6125480776100505,0.9494891063778368,2.8820297718048096,0.0077104209922254086,0.002675343977240361,0.04
10,octanol_dipole,233,0.09375455975532532,0.02576780878007412,0.6081921859343529,0.9598087217396127,4.15482759475708,0.006375536322593689,0.001534488778942089,0.06
10,octanol_dipole,234,0.17305706441402435,0.015022246167063713,0.6223232692386453,0.9601325864687049,2.4501404762268066,0.014804420992732048,0.006042274366052153,0.06
10,octanol_dipole,235,0.06511307507753372,0.026978719979524612,0.6073235597036135,0.9487801630222967,4.414364337921143,0.03960414230823517,0.008971652377675277,0.04
10,octanol_dipole,236,0.4545993208885193,0.00720844604074955,0.6281602698529127,0.9279315170087328,1.208587408065796,0.4012664258480072,0.3320127474190614,0.24
10,octanol_dipole,237,0.15456528961658478,0.013361317105591297,0.6190145722517695,0.9608419629781513,2.3060624599456787,0.01701277121901512,0.007377411286342986,0.1
10,octanol_dipole,238,0.05955567583441734,0.01433088444173336,0.6036686904961432,0.9566439936474669,2.2615795135498047,0.003311714855954051,0.001464337130802861,0.08
10,octanol_dipole,239,0.41131800413131714,0.015046739019453526,0.6253459802304517,0.9088543956810722,2.6666598320007324,0.6225195527076721,0.23344543058595152,0.24
10,octanol_dipole,240,0.42971810698509216,0.01084557268768549,0.6270826669483507,0.9195204234458949,1.9327195882797241,0.4281577169895172,0.22153121414297458,0.26
10,octanol_dipole,241,0.1042170450091362,0.005967969074845314,0.6345824260704487,0.9640445960658135,0.9465629458427429,0.02028309926390648,0.02142815684153794,0.14
10,octanol_dipole,242,0.08887076377868652,0.010870516300201416,0.6302229894369047,0.9670822535127892,1.857833981513977,0.011712651699781418,0.0063044662851072415,0.14
10,octanol_dipole,243,0.11326302587985992,0.007916368544101715,0.6267845470886395,0.9501694840746588,1.3360416889190674,0.01391278114169836,0.010413433395895438,0.06
10,octanol_dipole,244,0.2334437370300293,0.012365419417619705,0.6274182943107838,0.9380327019812476,2.2044243812561035,0.05939238891005516,0.026942357113748112,0.06
10,octanol_dipole,245,0.28248172998428345,0.00866381824016571,0.6263086822988209,0.9208815145577716,1.456809401512146,0.19509080052375793,0.13391648922725008,0.14
10,octanol_dipole,246,0.3917997479438782,0.012193846516311169,0.6318061254387561,0.9390751376099624,2.0704805850982666,0.38995128870010376,0.18833853913273782,0.18
10,octanol_dipole,247,0.6914061307907104,0.005051378160715103,0.6715362586666402,0.919763646245159,0.8528878092765808,0.7665054798126221,0.8987178283891427,0.54
10,octanol_dipole,248,0.10815628618001938,0.007988465949892998,0.6270417713920471,0.968969844588047,1.3298133611679077,0.014756647869944572,0.011096781173099778,0.06
10,octanol_dipole,249,0.19376656413078308,0.011705943383276463,0.6201689272541429,0.9365101568992817,2.072971820831299,0.19587397575378418,0.0944894541186938,0.1
10,hexane_gsolv_eV,0,1.0000001192092896,0.0,0.7153326312782935,0.7153326312782935,,,,1.0
10,hexane_gsolv_eV,1,1.0000001192092896,0.0,0.7153326312782935,0.7153326312782935,,,,1.0
10,hexane_gsolv_eV,2,1.0000001192092896,0.0,0.7153326312782935,0.7153326312782935,,,,1.0
10,hexane_gsolv_eV,3,1.0000001192092896,0.0,0.7153326312782935,0.7153326312782935,,,,1.0
10,hexane_gsolv_eV,4,1.0000001192092896,0.0,0.7153326312782935,0.7153326312782935,,,,1.0
10,hexane_gsolv_eV,5,1.0000001192092896,0.0,0.7153326312782935,0.7153326312782935,,,,1.0
10,hexane_gsolv_eV,6,1.0000001192092896,0.0,0.7153326312782935,0.7153326312782935,,,,1.0
10,hexane_gsolv_eV,7,1.0000001192092896,0.0,0.7153326312782935,0.7153326312782935,,,,1.0
10,hexane_gsolv_eV,8,1.0000001192092896,0.0,0.7153326312782935,0.7153326312782935,,,,1.0
10,hexane_gsolv_eV,9,1.0000001192092896,0.0,0.7153326312782935,0.7153326312782935,,,,1.0
10,hexane_gsolv_eV,10,1.0000001192092896,0.0,0.7153326312782935,0.7153326312782935,,,,1.0
10,hexane_gsolv_eV,11,1.0000001192092896,0.0,0.7153326312782935,0.7153326312782935,,,,1.0
10,hexane_gsolv_eV,12,1.0000001192092896,0.0,0.7153326312782935,0.7153326312782935,,,,1.0
10,hexane_gsolv_eV,13,1.0000001192092896,0.0,0.7153326312782935,0.7153326312782935,,,,1.0
10,hexane_gsolv_eV,14,1.0000001192092896,0.0,0.7153326312782935,0.7153326312782935,,,,1.0
10,hexane_gsolv_eV,15,1.0000001192092896,0.0,0.7153326312782935,0.7153326312782935,,,,1.0
10,hexane_gsolv_eV,16,1.0000001192092896,0.0,0.7153326312782935,0.7153326312782935,,,,1.0
10,hexane_gsolv_eV,17,1.0000001192092896,0.0,0.7153326312782935,0.7153326312782935,,,,1.0
10,hexane_gsolv_eV,18,1.0000001192092896,0.0,0.7153326312782935,0.7153326312782935,,,,1.0
10,hexane_gsolv_eV,19,1.0000001192092896,0.0,0.7153326312782935,0.7153326312782935,,,,1.0
10,hexane_gsolv_eV,20,1.0000001192092896,0.0,0.7153326312782935,0.7153326312782935,,,,1.0
10,hexane_gsolv_eV,21,1.0000001192092896,0.0,0.7153326312782935,0.7153326312782935,,,,1.0
10,hexane_gsolv_eV,22,1.0000001192092896,0.0,0.7153326312782935,0.7153326312782935,,,,1.0
10,hexane_gsolv_eV,23,1.0000001192092896,0.0,0.7153326312782935,0.7153326312782935,,,,1.0
10,hexane_gsolv_eV,24,1.0000001192092896,0.0,0.7153326312782935,0.7153326312782935,,,,1.0
10,hexane_gsolv_eV,25,1.0000001192092896,0.0,0.7153326312782935,0.7153326312782935,,,,1.0
10,hexane_gsolv_eV,26,1.0000001192092896,0.0,0.7153326312782935,0.7153326312782935,,,,1.0
10,hexane_gsolv_eV,27,1.0000001192092896,0.0,0.7153326312782935,0.7153326312782935,,,,1.0
10,hexane_gsolv_eV,28,1.0000001192092896,0.0,0.7153326312782935,0.7153326312782935,,,,1.0
10,hexane_gsolv_eV,29,1.0000001192092896,0.0,0.7153326312782935,0.7153326312782935,,,,1.0
10,hexane_gsolv_eV,30,1.0000001192092896,0.0,0.7153326312782935,0.7153326312782935,,,,1.0
10,hexane_gsolv_eV,31,1.0000001192092896,0.0,0.7153326312782935,0.7153326312782935,,,,1.0
10,hexane_gsolv_eV,32,1.0000001192092896,0.0,0.7153326312782935,0.7153326312782935,,,,1.0
10,hexane_gsolv_eV,33,1.0000001192092896,0.0,0.7153326312782935,0.7153326312782935,,,,1.0
10,hexane_gsolv_eV,34,1.0000001192092896,0.0,0.7153326312782935,0.7153326312782935,,,,1.0
10,hexane_gsolv_eV,35,1.0000001192092896,0.0,0.7153326312782935,0.7153326312782935,,,,1.0
10,hexane_gsolv_eV,36,1.0000001192092896,0.0,0.7153326312782935,0.7153326312782935,,,,1.0
10,hexane_gsolv_eV,37,1.0000001192092896,0.0,0.7153326312782935,0.7153326312782935,,,,1.0
10,hexane_gsolv_eV,38,1.0000001192092896,0.0,0.7153326312782935,0.7153326312782935,,,,1.0
10,hexane_gsolv_eV,39,1.0000001192092896,0.0,0.7153326312782935,0.7153326312782935,,,,1.0
10,hexane_gsolv_eV,40,1.0000001192092896,0.0,0.7153326312782935,0.7153326312782935,,,,1.0
10,hexane_gsolv_eV,41,1.0000001192092896,0.0,0.7153326312782935,0.7153326312782935,,,,1.0
10,hexane_gsolv_eV,42,1.0000001192092896,0.0,0.7153326312782935,0.7153326312782935,,,,1.0
10,hexane_gsolv_eV,43,1.0000001192092896,0.0,0.7153326312782935,0.7153326312782935,,,,1.0
10,hexane_gsolv_eV,44,1.0000001192092896,0.0,0.7153326312782935,0.7153326312782935,,,,1.0
10,hexane_gsolv_eV,45,1.0000001192092896,0.0,0.7153326312782935,0.7153326312782935,,,,1.0
10,hexane_gsolv_eV,46,1.0000001192092896,0.0,0.7153326312782935,0.7153326312782935,,,,1.0
10,hexane_gsolv_eV,47,1.0000001192092896,0.0,0.7153326312782935,0.7153326312782935,,,,1.0
10,hexane_gsolv_eV,48,1.0000001192092896,0.0,0.7153326312782935,0.7153326312782935,,,,1.0
10,hexane_gsolv_eV,49,1.0000001192092896,0.0,0.7153326312782935,0.7153326312782935,,,,1.0
10,hexane_gsolv_eV,50,1.0000001192092896,0.0,0.7153326312782935,0.7153326312782935,,,,1.0
10,hexane_gsolv_eV,51,1.0000001192092896,0.0,0.7153326312782935,0.7153326312782935,,,,1.0
10,hexane_gsolv_eV,52,1.0000001192092896,0.0,0.7153326312782935,0.7153326312782935,,,,1.0
10,hexane_gsolv_eV,53,1.0000001192092896,0.0,0.7153326312782935,0.7153326312782935,,,,1.0
10,hexane_gsolv_eV,54,1.0000001192092896,0.0,0.7153326312782935,0.7153326312782935,,,,1.0
10,hexane_gsolv_eV,55,1.0000001192092896,0.0,0.7153326312782935,0.7153326312782935,,,,1.0
10,hexane_gsolv_eV,56,1.0000001192092896,0.0,0.7153326312782935,0.7153326312782935,,,,1.0
10,hexane_gsolv_eV,57,1.0000001192092896,0.0,0.7153326312782935,0.7153326312782935,,,,1.0
10,hexane_gsolv_eV,58,1.0000001192092896,0.0,0.7153326312782935,0.7153326312782935,,,,1.0
10,hexane_gsolv_eV,59,1.0000001192092896,0.0,0.7153326312782935,0.7153326312782935,,,,1.0
10,hexane_gsolv_eV,60,1.0000001192092896,0.0,0.7153326312782935,0.7153326312782935,,,,1.0
10,hexane_gsolv_eV,61,1.0000001192092896,0.0,0.7153326312782935,0.7153326312782935,,,,1.0
10,hexane_gsolv_eV,62,1.0000001192092896,0.0,0.7153326312782935,0.7153326312782935,,,,1.0
10,hexane_gsolv_eV,63,1.0000001192092896,0.0,0.7153326312782935,0.7153326312782935,,,,1.0
10,hexane_gsolv_eV,64,1.0000001192092896,0.0,0.7153326312782935,0.7153326312782935,,,,1.0
10,hexane_gsolv_eV,65,1.0000001192092896,0.0,0.7153326312782935,0.7153326312782935,,,,1.0
10,hexane_gsolv_eV,66,1.0000001192092896,0.0,0.7153326312782935,0.7153326312782935,,,,1.0
10,hexane_gsolv_eV,67,1.0000001192092896,0.0,0.7153326312782935,0.7153326312782935,,,,1.0
10,hexane_gsolv_eV,68,1.0000001192092896,0.0,0.7153326312782935,0.7153326312782935,,,,1.0
10,hexane_gsolv_eV,69,1.0000001192092896,0.0,0.7153326312782935,0.7153326312782935,,,,1.0
10,hexane_gsolv_eV,70,1.0000001192092896,0.0,0.7153326312782935,0.7153326312782935,,,,1.0
10,hexane_gsolv_eV,71,1.0000001192092896,0.0,0.7153326312782935,0.7153326312782935,,,,1.0
10,hexane_gsolv_eV,72,1.0000001192092896,0.0,0.7153326312782935,0.7153326312782935,,,,1.0
10,hexane_gsolv_eV,73,1.0000001192092896,0.0,0.7153326312782935,0.7153326312782935,,,,1.0
10,hexane_gsolv_eV,74,1.0000001192092896,0.0,0.7153326312782935,0.7153326312782935,,,,1.0
10,hexane_gsolv_eV,75,1.0000001192092896,0.0,0.7153326312782935,0.7153326312782935,,,,1.0
10,hexane_gsolv_eV,76,1.0000001192092896,0.0,0.7153326312782935,0.7153326312782935,,,,1.0
10,hexane_gsolv_eV,77,1.0000001192092896,0.0,0.7153326312782935,0.7153326312782935,,,,1.0
10,hexane_gsolv_eV,78,1.0000001192092896,0.0,0.7153326312782935,0.7153326312782935,,,,1.0
10,hexane_gsolv_eV,79,1.0000001192092896,0.0,0.7153326312782935,0.7153326312782935,,,,1.0
10,hexane_gsolv_eV,80,1.0000001192092896,0.0,0.7153326312782935,0.7153326312782935,,,,1.0
10,hexane_gsolv_eV,81,1.0000001192092896,0.0,0.7153326312782935,0.7153326312782935,,,,1.0
10,hexane_gsolv_eV,82,1.0000001192092896,0.0,0.7153326312782935,0.7153326312782935,,,,1.0
10,hexane_gsolv_eV,83,1.0000001192092896,0.0,0.7153326312782935,0.7153326312782935,,,,1.0
10,hexane_gsolv_eV,84,1.0000001192092896,0.0,0.7153326312782935,0.7153326312782935,,,,1.0
10,hexane_gsolv_eV,85,1.0000001192092896,0.0,0.7153326312782935,0.7153326312782935,,,,1.0
10,hexane_gsolv_eV,86,1.0000001192092896,0.0,0.7153326312782935,0.7153326312782935,,,,1.0
10,hexane_gsolv_eV,87,1.0000001192092896,0.0,0.7153326312782935,0.7153326312782935,,,,1.0
10,hexane_gsolv_eV,88,1.0000001192092896,0.0,0.7153326312782935,0.7153326312782935,,,,1.0
10,hexane_gsolv_eV,89,1.0000001192092896,0.0,0.7153326312782935,0.7153326312782935,,,,1.0
10,hexane_gsolv_eV,90,1.0000001192092896,0.0,0.7153326312782935,0.7153326312782935,,,,1.0
10,hexane_gsolv_eV,91,1.0000001192092896,0.0,0.7153326312782935,0.7153326312782935,,,,1.0
10,hexane_gsolv_eV,92,1.0000001192092896,0.0,0.7153326312782935,0.7153326312782935,,,,1.0
10,hexane_gsolv_eV,93,1.0000001192092896,0.0,0.7153326312782935,0.7153326312782935,,,,1.0
10,hexane_gsolv_eV,94,1.0000001192092896,0.0,0.7153326312782935,0.7153326312782935,,,,1.0
10,hexane_gsolv_eV,95,1.0000001192092896,0.0,0.7153326312782935,0.7153326312782935,,,,1.0
10,hexane_gsolv_eV,96,1.0000001192092896,0.0,0.7153326312782935,0.7153326312782935,,,,1.0
10,hexane_gsolv_eV,97,1.0000001192092896,0.0,0.7153326312782935,0.7153326312782935,,,,1.0
10,hexane_gsolv_eV,98,1.0000001192092896,0.0,0.7153326312782935,0.7153326312782935,,,,1.0
10,hexane_gsolv_eV,99,1.0000001192092896,0.0,0.7153326312782935,0.7153326312782935,,,,1.0
10,hexane_gsolv_eV,100,1.0000001192092896,0.0,0.7153326312782935,0.7153326312782935,,,,1.0
10,hexane_gsolv_eV,101,1.0000001192092896,0.0,0.7153326312782935,0.7153326312782935,,,,1.0
10,hexane_gsolv_eV,102,1.0000001192092896,0.0,0.7153326312782935,0.7153326312782935,,,,1.0
10,hexane_gsolv_eV,103,1.0000001192092896,0.0,0.7153326312782935,0.7153326312782935,,,,1.0
10,hexane_gsolv_eV,104,1.0000001192092896,0.0,0.7153326312782935,0.7153326312782935,,,,1.0
10,hexane_gsolv_eV,105,1.0000001192092896,0.0,0.7153326312782935,0.7153326312782935,,,,1.0
10,hexane_gsolv_eV,106,1.0000001192092896,0.0,0.7153326312782935,0.7153326312782935,,,,1.0
10,hexane_gsolv_eV,107,1.0000001192092896,0.0,0.7153326312782935,0.7153326312782935,,,,1.0
10,hexane_gsolv_eV,108,1.0000001192092896,0.0,0.7153326312782935,0.7153326312782935,,,,1.0
10,hexane_gsolv_eV,109,1.0000001192092896,0.0,0.7153326312782935,0.7153326312782935,,,,1.0
10,hexane_gsolv_eV,110,1.0000001192092896,0.0,0.7153326312782935,0.7153326312782935,,,,1.0
10,hexane_gsolv_eV,111,1.0000001192092896,0.0,0.7153326312782935,0.7153326312782935,,,,1.0
10,hexane_gsolv_eV,112,1.0000001192092896,0.0,0.7153326312782935,0.7153326312782935,,,,1.0
10,hexane_gsolv_eV,113,1.0000001192092896,0.0,0.7153326312782935,0.7153326312782935,,,,1.0
10,hexane_gsolv_eV,114,1.0000001192092896,0.0,0.7153326312782935,0.7153326312782935,,,,1.0
10,hexane_gsolv_eV,115,1.0000001192092896,0.0,0.7153326312782935,0.7153326312782935,,,,1.0
10,hexane_gsolv_eV,116,1.0000001192092896,0.0,0.7153326312782935,0.7153326312782935,,,,1.0
10,hexane_gsolv_eV,117,1.0000001192092896,0.0,0.7153326312782935,0.7153326312782935,,,,1.0
10,hexane_gsolv_eV,118,1.0000001192092896,0.0,0.7153326312782935,0.7153326312782935,,,,1.0
10,hexane_gsolv_eV,119,1.0000001192092896,0.0,0.7153326312782935,0.7153326312782935,,,,1.0
10,hexane_gsolv_eV,120,1.0000001192092896,0.0,0.7153326312782935,0.7153326312782935,,,,1.0
10,hexane_gsolv_eV,121,1.0000001192092896,0.0,0.7153326312782935,0.7153326312782935,,,,1.0
10,hexane_gsolv_eV,122,1.0000001192092896,0.0,0.7153326312782935,0.7153326312782935,,,,1.0
10,hexane_gsolv_eV,123,1.0000001192092896,0.0,0.7153326312782935,0.7153326312782935,,,,1.0
10,hexane_gsolv_eV,124,1.0000001192092896,0.0,0.7153326312782935,0.7153326312782935,,,,1.0
10,hexane_gsolv_eV,125,1.0000001192092896,0.0,0.7153326312782935,0.7153326312782935,,,,1.0
10,hexane_gsolv_eV,126,1.0000001192092896,0.0,0.7153326312782935,0.7153326312782935,,,,1.0
10,hexane_gsolv_eV,127,1.0000001192092896,0.0,0.7153326312782935,0.7153326312782935,,,,1.0
10,hexane_gsolv_eV,128,1.0000001192092896,0.0,0.7153326312782935,0.7153326312782935,,,,1.0
10,hexane_gsolv_eV,129,1.0000001192092896,0.0,0.7153326312782935,0.7153326312782935,,,,1.0
10,hexane_gsolv_eV,130,1.0000001192092896,0.0,0.7153326312782935,0.7153326312782935,,,,1.0
10,hexane_gsolv_eV,131,1.0000001192092896,0.0,0.7153326312782935,0.7153326312782935,,,,1.0
10,hexane_gsolv_eV,132,1.0000001192092896,0.0,0.7153326312782935,0.7153326312782935,,,,1.0
10,hexane_gsolv_eV,133,1.0000001192092896,0.0,0.7153326312782935,0.7153326312782935,,,,1.0
10,hexane_gsolv_eV,134,1.0000001192092896,0.0,0.7153326312782935,0.7153326312782935,,,,1.0
10,hexane_gsolv_eV,135,1.0000001192092896,0.0,0.7153326312782935,0.7153326312782935,,,,1.0
10,hexane_gsolv_eV,136,1.0000001192092896,0.0,0.7153326312782935,0.7153326312782935,,,,1.0
10,hexane_gsolv_eV,137,1.0000001192092896,0.0,0.7153326312782935,0.7153326312782935,,,,1.0
10,hexane_gsolv_eV,138,1.0000001192092896,0.0,0.7153326312782935,0.7153326312782935,,,,1.0
10,hexane_gsolv_eV,139,1.0000001192092896,0.0,0.7153326312782935,0.7153326312782935,,,,1.0
10,hexane_gsolv_eV,140,1.0000001192092896,0.0,0.7153326312782935,0.7153326312782935,,,,1.0
10,hexane_gsolv_eV,141,1.0000001192092896,0.0,0.7153326312782935,0.7153326312782935,,,,1.0
10,hexane_gsolv_eV,142,1.0000001192092896,0.0,0.7153326312782935,0.7153326312782935,,,,1.0
10,hexane_gsolv_eV,143,1.0000001192092896,0.0,0.7153326312782935,0.7153326312782935,,,,1.0
10,hexane_gsolv_eV,144,1.0000001192092896,0.0,0.7153326312782935,0.7153326312782935,,,,1.0
10,hexane_gsolv_eV,145,1.0000001192092896,0.0,0.7153326312782935,0.7153326312782935,,,,1.0
10,hexane_gsolv_eV,146,1.0000001192092896,0.0,0.7153326312782935,0.7153326312782935,,,,1.0
10,hexane_gsolv_eV,147,1.0000001192092896,0.0,0.7153326312782935,0.7153326312782935,,,,1.0
10,hexane_gsolv_eV,148,1.0000001192092896,0.0,0.7153326312782935,0.7153326312782935,,,,1.0
10,hexane_gsolv_eV,149,1.0000001192092896,0.0,0.7153326312782935,0.7153326312782935,,,,1.0
10,hexane_gsolv_eV,150,1.0000001192092896,0.0,0.7153326312782935,0.7153326312782935,,,,1.0
10,hexane_gsolv_eV,151,1.0000001192092896,0.0,0.7153326312782935,0.7153326312782935,,,,1.0
10,hexane_gsolv_eV,152,1.0000001192092896,0.0,0.7153326312782935,0.7153326312782935,,,,1.0
10,hexane_gsolv_eV,153,1.0000001192092896,0.0,0.7153326312782935,0.7153326312782935,,,,1.0
10,hexane_gsolv_eV,154,1.0000001192092896,0.0,0.7153326312782935,0.7153326312782935,,,,1.0
10,hexane_gsolv_eV,155,1.0000001192092896,0.0,0.7153326312782935,0.7153326312782935,,,,1.0
10,hexane_gsolv_eV,156,1.0000001192092896,0.0,0.7153326312782935,0.7153326312782935,,,,1.0
10,hexane_gsolv_eV,157,1.0000001192092896,0.0,0.7153326312782935,0.7153326312782935,,,,1.0
10,hexane_gsolv_eV,158,1.0000001192092896,0.0,0.7153326312782935,0.7153326312782935,,,,1.0
10,hexane_gsolv_eV,159,1.0000001192092896,0.0,0.7153326312782935,0.7153326312782935,,,,1.0
10,hexane_gsolv_eV,160,1.0000001192092896,0.0,0.7153326312782935,0.7153326312782935,,,,1.0
10,hexane_gsolv_eV,161,1.0000001192092896,0.0,0.7153326312782935,0.7153326312782935,,,,1.0
10,hexane_gsolv_eV,162,1.0000001192092896,0.0,0.7153326312782935,0.7153326312782935,,,,1.0
10,hexane_gsolv_eV,163,1.0000001192092896,0.0,0.7153326312782935,0.7153326312782935,,,,1.0
10,hexane_gsolv_eV,164,1.0000001192092896,0.0,0.7153326312782935,0.7153326312782935,,,,1.0
10,hexane_gsolv_eV,165,1.0000001192092896,0.0,0.7153326312782935,0.7153326312782935,,,,1.0
10,hexane_gsolv_eV,166,1.0000001192092896,0.0,0.7153326312782935,0.7153326312782935,,,,1.0
10,hexane_gsolv_eV,167,1.0000001192092896,0.0,0.7153326312782935,0.7153326312782935,,,,1.0
10,hexane_gsolv_eV,168,1.0000001192092896,0.0,0.7153326312782935,0.7153326312782935,,,,1.0
10,hexane_gsolv_eV,169,1.0000001192092896,0.0,0.7153326312782935,0.7153326312782935,,,,1.0
10,hexane_gsolv_eV,170,1.0000001192092896,0.0,0.7153326312782935,0.7153326312782935,,,,1.0
10,hexane_gsolv_eV,171,1.0000001192092896,0.0,0.7153326312782935,0.7153326312782935,,,,1.0
10,hexane_gsolv_eV,172,1.0000001192092896,0.0,0.7153326312782935,0.7153326312782935,,,,1.0
10,hexane_gsolv_eV,173,1.0000001192092896,0.0,0.7153326312782935,0.7153326312782935,,,,1.0
10,hexane_gsolv_eV,174,1.0000001192092896,0.0,0.7153326312782935,0.7153326312782935,,,,1.0
10,hexane_gsolv_eV,175,1.0000001192092896,0.0,0.7153326312782935,0.7153326312782935,,,,1.0
10,hexane_gsolv_eV,176,1.0000001192092896,0.0,0.7153326312782935,0.7153326312782935,,,,1.0
10,hexane_gsolv_eV,177,1.0000001192092896,0.0,0.7153326312782935,0.7153326312782935,,,,1.0
10,hexane_gsolv_eV,178,1.0000001192092896,0.0,0.7153326312782935,0.7153326312782935,,,,1.0
10,hexane_gsolv_eV,179,1.0000001192092896,0.0,0.7153326312782935,0.7153326312782935,,,,1.0
10,hexane_gsolv_eV,180,1.0000001192092896,0.0,0.7153326312782935,0.7153326312782935,,,,1.0
10,hexane_gsolv_eV,181,1.0000001192092896,0.0,0.7153326312782935,0.7153326312782935,,,,1.0
10,hexane_gsolv_eV,182,1.0000001192092896,0.0,0.7153326312782935,0.7153326312782935,,,,1.0
10,hexane_gsolv_eV,183,1.0000001192092896,0.0,0.7153326312782935,0.7153326312782935,,,,1.0
10,hexane_gsolv_eV,184,1.0000001192092896,0.0,0.7153326312782935,0.7153326312782935,,,,1.0
10,hexane_gsolv_eV,185,1.0000001192092896,0.0,0.7153326312782935,0.7153326312782935,,,,1.0
10,hexane_gsolv_eV,186,1.0000001192092896,0.0,0.7153326312782935,0.7153326312782935,,,,1.0
10,hexane_gsolv_eV,187,1.0000001192092896,0.0,0.7153326312782935,0.7153326312782935,,,,1.0
10,hexane_gsolv_eV,188,1.0000001192092896,0.0,0.7153326312782935,0.7153326312782935,,,,1.0
10,hexane_gsolv_eV,189,1.0000001192092896,0.0,0.7153326312782935,0.7153326312782935,,,,1.0
10,hexane_gsolv_eV,190,1.0000001192092896,0.0,0.7153326312782935,0.7153326312782935,,,,1.0
10,hexane_gsolv_eV,191,1.0000001192092896,0.0,0.7153326312782935,0.7153326312782935,,,,1.0
10,hexane_gsolv_eV,192,1.0000001192092896,0.0,0.7153326312782935,0.7153326312782935,,,,1.0
10,hexane_gsolv_eV,193,1.0000001192092896,0.0,0.7153326312782935,0.7153326312782935,,,,1.0
10,hexane_gsolv_eV,194,1.0000001192092896,0.0,0.7153326312782935,0.7153326312782935,,,,1.0
10,hexane_gsolv_eV,195,1.0000001192092896,0.0,0.7153326312782935,0.7153326312782935,,,,1.0
10,hexane_gsolv_eV,196,1.0000001192092896,0.0,0.7153326312782935,0.7153326312782935,,,,1.0
10,hexane_gsolv_eV,197,1.0000001192092896,0.0,0.7153326312782935,0.7153326312782935,,,,1.0
10,hexane_gsolv_eV,198,1.0000001192092896,0.0,0.7153326312782935,0.7153326312782935,,,,1.0
10,hexane_gsolv_eV,199,1.0000001192092896,0.0,0.7153326312782935,0.7153326312782935,,,,1.0
10,hexane_gsolv_eV,200,1.0000001192092896,0.0,0.7153326312782935,0.7153326312782935,,,,1.0
10,hexane_gsolv_eV,201,1.0000001192092896,0.0,0.7153326312782935,0.7153326312782935,,,,1.0
10,hexane_gsolv_eV,202,1.0000001192092896,0.0,0.7153326312782935,0.7153326312782935,,,,1.0
10,hexane_gsolv_eV,203,1.0000001192092896,0.0,0.7153326312782935,0.7153326312782935,,,,1.0
10,hexane_gsolv_eV,204,1.0000001192092896,0.0,0.7153326312782935,0.7153326312782935,,,,1.0
10,hexane_gsolv_eV,205,1.0000001192092896,0.0,0.7153326312782935,0.7153326312782935,,,,1.0
10,hexane_gsolv_eV,206,1.0000001192092896,0.0,0.7153326312782935,0.7153326312782935,,,,1.0
10,hexane_gsolv_eV,207,1.0000001192092896,0.0,0.7153326312782935,0.7153326312782935,,,,1.0
10,hexane_gsolv_eV,208,1.0000001192092896,0.0,0.7153326312782935,0.7153326312782935,,,,1.0
10,hexane_gsolv_eV,209,1.0000001192092896,0.0,0.7153326312782935,0.7153326312782935,,,,1.0
10,hexane_gsolv_eV,210,1.0000001192092896,0.0,0.7153326312782935,0.7153326312782935,,,,1.0
10,hexane_gsolv_eV,211,1.0000001192092896,0.0,0.7153326312782935,0.7153326312782935,,,,1.0
10,hexane_gsolv_eV,212,1.0000001192092896,0.0,0.7153326312782935,0.7153326312782935,,,,1.0
10,hexane_gsolv_eV,213,1.0000001192092896,0.0,0.7153326312782935,0.7153326312782935,,,,1.0
10,hexane_gsolv_eV,214,1.0000001192092896,0.0,0.7153326312782935,0.7153326312782935,,,,1.0
10,hexane_gsolv_eV,215,1.0000001192092896,0.0,0.7153326312782935,0.7153326312782935,,,,1.0
10,hexane_gsolv_eV,216,1.0000001192092896,0.0,0.7153326312782935,0.7153326312782935,,,,1.0
10,hexane_gsolv_eV,217,1.0000001192092896,0.0,0.7153326312782935,0.7153326312782935,,,,1.0
10,hexane_gsolv_eV,218,1.0000001192092896,0.0,0.7153326312782935,0.7153326312782935,,,,1.0
10,hexane_gsolv_eV,219,1.0000001192092896,0.0,0.7153326312782935,0.7153326312782935,,,,1.0
10,hexane_gsolv_eV,220,1.0000001192092896,0.0,0.7153326312782935,0.7153326312782935,,,,1.0
10,hexane_gsolv_eV,221,1.0000001192092896,0.0,0.7153326312782935,0.7153326312782935,,,,1.0
10,hexane_gsolv_eV,222,1.0000001192092896,0.0,0.7153326312782935,0.7153326312782935,,,,1.0
10,hexane_gsolv_eV,223,1.0000001192092896,0.0,0.7153326312782935,0.7153326312782935,,,,1.0
10,hexane_gsolv_eV,224,1.0000001192092896,0.0,0.7153326312782935,0.7153326312782935,,,,1.0
10,hexane_gsolv_eV,225,1.0000001192092896,0.0,0.7153326312782935,0.7153326312782935,,,,1.0
10,hexane_gsolv_eV,226,1.0000001192092896,0.0,0.7153326312782935,0.7153326312782935,,,,1.0
10,hexane_gsolv_eV,227,1.0000001192092896,0.0,0.7153326312782935,0.7153326312782935,,,,1.0
10,hexane_gsolv_eV,228,1.0000001192092896,0.0,0.7153326312782935,0.7153326312782935,,,,1.0
10,hexane_gsolv_eV,229,1.0000001192092896,0.0,0.7153326312782935,0.7153326312782935,,,,1.0
10,hexane_gsolv_eV,230,1.0000001192092896,0.0,0.7153326312782935,0.7153326312782935,,,,1.0
10,hexane_gsolv_eV,231,1.0000001192092896,0.0,0.7153326312782935,0.7153326312782935,,,,1.0
10,hexane_gsolv_eV,232,1.0000001192092896,0.0,0.7153326312782935,0.7153326312782935,,,,1.0
10,hexane_gsolv_eV,233,1.0000001192092896,0.0,0.7153326312782935,0.7153326312782935,,,,1.0
10,hexane_gsolv_eV,234,1.0000001192092896,0.0,0.7153326312782935,0.7153326312782935,,,,1.0
10,hexane_gsolv_eV,235,1.0000001192092896,0.0,0.7153326312782935,0.7153326312782935,,,,1.0
10,hexane_gsolv_eV,236,1.0000001192092896,0.0,0.7153326312782935,0.7153326312782935,,,,1.0
10,hexane_gsolv_eV,237,1.0000001192092896,0.0,0.7153326312782935,0.7153326312782935,,,,1.0
10,hexane_gsolv_eV,238,1.0000001192092896,0.0,0.7153326312782935,0.7153326312782935,,,,1.0
10,hexane_gsolv_eV,239,1.0000001192092896,0.0,0.7153326312782935,0.7153326312782935,,,,1.0
10,hexane_gsolv_eV,240,1.0000001192092896,0.0,0.7153326312782935,0.7153326312782935,,,,1.0
10,hexane_gsolv_eV,241,1.0000001192092896,0.0,0.7153326312782935,0.7153326312782935,,,,1.0
10,hexane_gsolv_eV,242,1.0000001192092896,0.0,0.7153326312782935,0.7153326312782935,,,,1.0
10,hexane_gsolv_eV,243,1.0000001192092896,0.0,0.7153326312782935,0.7153326312782935,,,,1.0
10,hexane_gsolv_eV,244,1.0000001192092896,0.0,0.7153326312782935,0.7153326312782935,,,,1.0
10,hexane_gsolv_eV,245,1.0000001192092896,0.0,0.7153326312782935,0.7153326312782935,,,,1.0
10,hexane_gsolv_eV,246,1.0000001192092896,0.0,0.7153326312782935,0.7153326312782935,,,,1.0
10,hexane_gsolv_eV,247,1.0000001192092896,0.0,0.7153326312782935,0.7153326312782935,,,,1.0
10,hexane_gsolv_eV,248,1.0000001192092896,0.0,0.7153326312782935,0.7153326312782935,,,,1.0
10,hexane_gsolv_eV,249,1.0000001192092896,0.0,0.7153326312782935,0.7153326312782935,,,,1.0
10,hexane_hl_gap_eV,0,1.0,0.0,0.6930164529135814,0.6930164529135814,,,,1.0
10,hexane_hl_gap_eV,1,1.0,0.0,0.6930164529135814,0.6930164529135814,,,,1.0
10,hexane_hl_gap_eV,2,1.0,0.0,0.6930164529135814,0.6930164529135814,,,,1.0
10,hexane_hl_gap_eV,3,1.0,0.0,0.6930164529135814,0.6930164529135814,,,,1.0
10,hexane_hl_gap_eV,4,1.0,0.0,0.6930164529135814,0.6930164529135814,,,,1.0
10,hexane_hl_gap_eV,5,1.0,0.0,0.6930164529135814,0.6930164529135814,,,,1.0
10,hexane_hl_gap_eV,6,1.0,0.0,0.6930164529135814,0.6930164529135814,,,,1.0
10,hexane_hl_gap_eV,7,1.0,0.0,0.6930164529135814,0.6930164529135814,,,,1.0
10,hexane_hl_gap_eV,8,1.0,0.0,0.6930164529135814,0.6930164529135814,,,,1.0
10,hexane_hl_gap_eV,9,1.0,0.0,0.6930164529135814,0.6930164529135814,,,,1.0
10,hexane_hl_gap_eV,10,1.0,0.0,0.6930164529135814,0.6930164529135814,,,,1.0
10,hexane_hl_gap_eV,11,1.0,0.0,0.6930164529135814,0.6930164529135814,,,,1.0
10,hexane_hl_gap_eV,12,1.0,0.0,0.6930164529135814,0.6930164529135814,,,,1.0
10,hexane_hl_gap_eV,13,1.0,0.0,0.6930164529135814,0.6930164529135814,,,,1.0
10,hexane_hl_gap_eV,14,1.0,0.0,0.6930164529135814,0.6930164529135814,,,,1.0
10,hexane_hl_gap_eV,15,1.0,0.0,0.6930164529135814,0.6930164529135814,,,,1.0
10,hexane_hl_gap_eV,16,1.0,0.0,0.6930164529135814,0.6930164529135814,,,,1.0
10,hexane_hl_gap_eV,17,1.0,0.0,0.6930164529135814,0.6930164529135814,,,,1.0
10,hexane_hl_gap_eV,18,1.0,0.0,0.6930164529135814,0.6930164529135814,,,,1.0
10,hexane_hl_gap_eV,19,1.0,0.0,0.6930164529135814,0.6930164529135814,,,,1.0
10,hexane_hl_gap_eV,20,1.0,0.0,0.6930164529135814,0.6930164529135814,,,,1.0
10,hexane_hl_gap_eV,21,1.0,0.0,0.6930164529135814,0.6930164529135814,,,,1.0
10,hexane_hl_gap_eV,22,1.0,0.0,0.6930164529135814,0.6930164529135814,,,,1.0
10,hexane_hl_gap_eV,23,1.0,0.0,0.6930164529135814,0.6930164529135814,,,,1.0
10,hexane_hl_gap_eV,24,1.0,0.0,0.6930164529135814,0.6930164529135814,,,,1.0
10,hexane_hl_gap_eV,25,1.0,0.0,0.6930164529135814,0.6930164529135814,,,,1.0
10,hexane_hl_gap_eV,26,1.0,0.0,0.6930164529135814,0.6930164529135814,,,,1.0
10,hexane_hl_gap_eV,27,1.0,0.0,0.6930164529135814,0.6930164529135814,,,,1.0
10,hexane_hl_gap_eV,28,1.0,0.0,0.6930164529135814,0.6930164529135814,,,,1.0
10,hexane_hl_gap_eV,29,1.0,0.0,0.6930164529135814,0.6930164529135814,,,,1.0
10,hexane_hl_gap_eV,30,1.0,0.0,0.6930164529135814,0.6930164529135814,,,,1.0
10,hexane_hl_gap_eV,31,1.0,0.0,0.6930164529135814,0.6930164529135814,,,,1.0
10,hexane_hl_gap_eV,32,1.0,0.0,0.6930164529135814,0.6930164529135814,,,,1.0
10,hexane_hl_gap_eV,33,1.0,0.0,0.6930164529135814,0.6930164529135814,,,,1.0
10,hexane_hl_gap_eV,34,1.0,0.0,0.6930164529135814,0.6930164529135814,,,,1.0
10,hexane_hl_gap_eV,35,1.0,0.0,0.6930164529135814,0.6930164529135814,,,,1.0
10,hexane_hl_gap_eV,36,1.0,0.0,0.6930164529135814,0.6930164529135814,,,,1.0
10,hexane_hl_gap_eV,37,1.0,0.0,0.6930164529135814,0.6930164529135814,,,,1.0
10,hexane_hl_gap_eV,38,1.0,0.0,0.6930164529135814,0.6930164529135814,,,,1.0
10,hexane_hl_gap_eV,39,1.0,0.0,0.6930164529135814,0.6930164529135814,,,,1.0
10,hexane_hl_gap_eV,40,1.0,0.0,0.6930164529135814,0.6930164529135814,,,,1.0
10,hexane_hl_gap_eV,41,1.0,0.0,0.6930164529135814,0.6930164529135814,,,,1.0
10,hexane_hl_gap_eV,42,1.0,0.0,0.6930164529135814,0.6930164529135814,,,,1.0
10,hexane_hl_gap_eV,43,1.0,0.0,0.6930164529135814,0.6930164529135814,,,,1.0
10,hexane_hl_gap_eV,44,1.0,0.0,0.6930164529135814,0.6930164529135814,,,,1.0
10,hexane_hl_gap_eV,45,1.0,0.0,0.6930164529135814,0.6930164529135814,,,,1.0
10,hexane_hl_gap_eV,46,1.0,0.0,0.6930164529135814,0.6930164529135814,,,,1.0
10,hexane_hl_gap_eV,47,1.0,0.0,0.6930164529135814,0.6930164529135814,,,,1.0
10,hexane_hl_gap_eV,48,1.0,0.0,0.6930164529135814,0.6930164529135814,,,,1.0
10,hexane_hl_gap_eV,49,1.0,0.0,0.6930164529135814,0.6930164529135814,,,,1.0
10,hexane_hl_gap_eV,50,1.0,0.0,0.6930164529135814,0.6930164529135814,,,,1.0
10,hexane_hl_gap_eV,51,1.0,0.0,0.6930164529135814,0.6930164529135814,,,,1.0
10,hexane_hl_gap_eV,52,1.0,0.0,0.6930164529135814,0.6930164529135814,,,,1.0
10,hexane_hl_gap_eV,53,1.0,0.0,0.6930164529135814,0.6930164529135814,,,,1.0
10,hexane_hl_gap_eV,54,1.0,0.0,0.6930164529135814,0.6930164529135814,,,,1.0
10,hexane_hl_gap_eV,55,1.0,0.0,0.6930164529135814,0.6930164529135814,,,,1.0
10,hexane_hl_gap_eV,56,1.0,0.0,0.6930164529135814,0.6930164529135814,,,,1.0
10,hexane_hl_gap_eV,57,1.0,0.0,0.6930164529135814,0.6930164529135814,,,,1.0
10,hexane_hl_gap_eV,58,1.0,0.0,0.6930164529135814,0.6930164529135814,,,,1.0
10,hexane_hl_gap_eV,59,1.0,0.0,0.6930164529135814,0.6930164529135814,,,,1.0
10,hexane_hl_gap_eV,60,1.0,0.0,0.6930164529135814,0.6930164529135814,,,,1.0
10,hexane_hl_gap_eV,61,1.0,0.0,0.6930164529135814,0.6930164529135814,,,,1.0
10,hexane_hl_gap_eV,62,1.0,0.0,0.6930164529135814,0.6930164529135814,,,,1.0
10,hexane_hl_gap_eV,63,1.0,0.0,0.6930164529135814,0.6930164529135814,,,,1.0
10,hexane_hl_gap_eV,64,1.0,0.0,0.6930164529135814,0.6930164529135814,,,,1.0
10,hexane_hl_gap_eV,65,1.0,0.0,0.6930164529135814,0.6930164529135814,,,,1.0
10,hexane_hl_gap_eV,66,1.0,0.0,0.6930164529135814,0.6930164529135814,,,,1.0
10,hexane_hl_gap_eV,67,1.0,0.0,0.6930164529135814,0.6930164529135814,,,,1.0
10,hexane_hl_gap_eV,68,1.0,0.0,0.6930164529135814,0.6930164529135814,,,,1.0
10,hexane_hl_gap_eV,69,1.0,0.0,0.6930164529135814,0.6930164529135814,,,,1.0
10,hexane_hl_gap_eV,70,1.0,0.0,0.6930164529135814,0.6930164529135814,,,,1.0
10,hexane_hl_gap_eV,71,1.0,0.0,0.6930164529135814,0.6930164529135814,,,,1.0
10,hexane_hl_gap_eV,72,1.0,0.0,0.6930164529135814,0.6930164529135814,,,,1.0
10,hexane_hl_gap_eV,73,1.0,0.0,0.6930164529135814,0.6930164529135814,,,,1.0
10,hexane_hl_gap_eV,74,1.0,0.0,0.6930164529135814,0.6930164529135814,,,,1.0
10,hexane_hl_gap_eV,75,1.0,0.0,0.6930164529135814,0.6930164529135814,,,,1.0
10,hexane_hl_gap_eV,76,1.0,0.0,0.6930164529135814,0.6930164529135814,,,,1.0
10,hexane_hl_gap_eV,77,1.0,0.0,0.6930164529135814,0.6930164529135814,,,,1.0
10,hexane_hl_gap_eV,78,1.0,0.0,0.6930164529135814,0.6930164529135814,,,,1.0
10,hexane_hl_gap_eV,79,1.0,0.0,0.6930164529135814,0.6930164529135814,,,,1.0
10,hexane_hl_gap_eV,80,1.0,0.0,0.6930164529135814,0.6930164529135814,,,,1.0
10,hexane_hl_gap_eV,81,1.0,0.0,0.6930164529135814,0.6930164529135814,,,,1.0
10,hexane_hl_gap_eV,82,1.0,0.0,0.6930164529135814,0.6930164529135814,,,,1.0
10,hexane_hl_gap_eV,83,1.0,0.0,0.6930164529135814,0.6930164529135814,,,,1.0
10,hexane_hl_gap_eV,84,1.0,0.0,0.6930164529135814,0.6930164529135814,,,,1.0
10,hexane_hl_gap_eV,85,1.0,0.0,0.6930164529135814,0.6930164529135814,,,,1.0
10,hexane_hl_gap_eV,86,1.0,0.0,0.6930164529135814,0.6930164529135814,,,,1.0
10,hexane_hl_gap_eV,87,1.0,0.0,0.6930164529135814,0.6930164529135814,,,,1.0
10,hexane_hl_gap_eV,88,1.0,0.0,0.6930164529135814,0.6930164529135814,,,,1.0
10,hexane_hl_gap_eV,89,1.0,0.0,0.6930164529135814,0.6930164529135814,,,,1.0
10,hexane_hl_gap_eV,90,1.0,0.0,0.6930164529135814,0.6930164529135814,,,,1.0
10,hexane_hl_gap_eV,91,1.0,0.0,0.6930164529135814,0.6930164529135814,,,,1.0
10,hexane_hl_gap_eV,92,1.0,0.0,0.6930164529135814,0.6930164529135814,,,,1.0
10,hexane_hl_gap_eV,93,1.0,0.0,0.6930164529135814,0.6930164529135814,,,,1.0
10,hexane_hl_gap_eV,94,1.0,0.0,0.6930164529135814,0.6930164529135814,,,,1.0
10,hexane_hl_gap_eV,95,1.0,0.0,0.6930164529135814,0.6930164529135814,,,,1.0
10,hexane_hl_gap_eV,96,1.0,0.0,0.6930164529135814,0.6930164529135814,,,,1.0
10,hexane_hl_gap_eV,97,1.0,0.0,0.6930164529135814,0.6930164529135814,,,,1.0
10,hexane_hl_gap_eV,98,1.0,0.0,0.6930164529135814,0.6930164529135814,,,,1.0
10,hexane_hl_gap_eV,99,1.0,0.0,0.6930164529135814,0.6930164529135814,,,,1.0
10,hexane_hl_gap_eV,100,1.0,0.0,0.6930164529135814,0.6930164529135814,,,,1.0
10,hexane_hl_gap_eV,101,1.0,0.0,0.6930164529135814,0.6930164529135814,,,,1.0
10,hexane_hl_gap_eV,102,1.0,0.0,0.6930164529135814,0.6930164529135814,,,,1.0
10,hexane_hl_gap_eV,103,1.0,0.0,0.6930164529135814,0.6930164529135814,,,,1.0
10,hexane_hl_gap_eV,104,1.0,0.0,0.6930164529135814,0.6930164529135814,,,,1.0
10,hexane_hl_gap_eV,105,1.0,0.0,0.6930164529135814,0.6930164529135814,,,,1.0
10,hexane_hl_gap_eV,106,1.0,0.0,0.6930164529135814,0.6930164529135814,,,,1.0
10,hexane_hl_gap_eV,107,1.0,0.0,0.6930164529135814,0.6930164529135814,,,,1.0
10,hexane_hl_gap_eV,108,1.0,0.0,0.6930164529135814,0.6930164529135814,,,,1.0
10,hexane_hl_gap_eV,109,1.0,0.0,0.6930164529135814,0.6930164529135814,,,,1.0
10,hexane_hl_gap_eV,110,1.0,0.0,0.6930164529135814,0.6930164529135814,,,,1.0
10,hexane_hl_gap_eV,111,1.0,0.0,0.6930164529135814,0.6930164529135814,,,,1.0
10,hexane_hl_gap_eV,112,1.0,0.0,0.6930164529135814,0.6930164529135814,,,,1.0
10,hexane_hl_gap_eV,113,1.0,0.0,0.6930164529135814,0.6930164529135814,,,,1.0
10,hexane_hl_gap_eV,114,1.0,0.0,0.6930164529135814,0.6930164529135814,,,,1.0
10,hexane_hl_gap_eV,115,1.0,0.0,0.6930164529135814,0.6930164529135814,,,,1.0
10,hexane_hl_gap_eV,116,1.0,0.0,0.6930164529135814,0.6930164529135814,,,,1.0
10,hexane_hl_gap_eV,117,1.0,0.0,0.6930164529135814,0.6930164529135814,,,,1.0
10,hexane_hl_gap_eV,118,1.0,0.0,0.6930164529135814,0.6930164529135814,,,,1.0
10,hexane_hl_gap_eV,119,1.0,0.0,0.6930164529135814,0.6930164529135814,,,,1.0
10,hexane_hl_gap_eV,120,1.0,0.0,0.6930164529135814,0.6930164529135814,,,,1.0
10,hexane_hl_gap_eV,121,1.0,0.0,0.6930164529135814,0.6930164529135814,,,,1.0
10,hexane_hl_gap_eV,122,1.0,0.0,0.6930164529135814,0.6930164529135814,,,,1.0
10,hexane_hl_gap_eV,123,1.0,0.0,0.6930164529135814,0.6930164529135814,,,,1.0
10,hexane_hl_gap_eV,124,1.0,0.0,0.6930164529135814,0.6930164529135814,,,,1.0
10,hexane_hl_gap_eV,125,1.0,0.0,0.6930164529135814,0.6930164529135814,,,,1.0
10,hexane_hl_gap_eV,126,1.0,0.0,0.6930164529135814,0.6930164529135814,,,,1.0
10,hexane_hl_gap_eV,127,1.0,0.0,0.6930164529135814,0.6930164529135814,,,,1.0
10,hexane_hl_gap_eV,128,1.0,0.0,0.6930164529135814,0.6930164529135814,,,,1.0
10,hexane_hl_gap_eV,129,1.0,0.0,0.6930164529135814,0.6930164529135814,,,,1.0
10,hexane_hl_gap_eV,130,1.0,0.0,0.6930164529135814,0.6930164529135814,,,,1.0
10,hexane_hl_gap_eV,131,1.0,0.0,0.6930164529135814,0.6930164529135814,,,,1.0
10,hexane_hl_gap_eV,132,1.0,0.0,0.6930164529135814,0.6930164529135814,,,,1.0
10,hexane_hl_gap_eV,133,1.0,0.0,0.6930164529135814,0.6930164529135814,,,,1.0
10,hexane_hl_gap_eV,134,1.0,0.0,0.6930164529135814,0.6930164529135814,,,,1.0
10,hexane_hl_gap_eV,135,1.0,0.0,0.6930164529135814,0.6930164529135814,,,,1.0
10,hexane_hl_gap_eV,136,1.0,0.0,0.6930164529135814,0.6930164529135814,,,,1.0
10,hexane_hl_gap_eV,137,1.0,0.0,0.6930164529135814,0.6930164529135814,,,,1.0
10,hexane_hl_gap_eV,138,1.0,0.0,0.6930164529135814,0.6930164529135814,,,,1.0
10,hexane_hl_gap_eV,139,1.0,0.0,0.6930164529135814,0.6930164529135814,,,,1.0
10,hexane_hl_gap_eV,140,1.0,0.0,0.6930164529135814,0.6930164529135814,,,,1.0
10,hexane_hl_gap_eV,141,1.0,0.0,0.6930164529135814,0.6930164529135814,,,,1.0
10,hexane_hl_gap_eV,142,1.0,0.0,0.6930164529135814,0.6930164529135814,,,,1.0
10,hexane_hl_gap_eV,143,1.0,0.0,0.6930164529135814,0.6930164529135814,,,,1.0
10,hexane_hl_gap_eV,144,1.0,0.0,0.6930164529135814,0.6930164529135814,,,,1.0
10,hexane_hl_gap_eV,145,1.0,0.0,0.6930164529135814,0.6930164529135814,,,,1.0
10,hexane_hl_gap_eV,146,1.0,0.0,0.6930164529135814,0.6930164529135814,,,,1.0
10,hexane_hl_gap_eV,147,1.0,0.0,0.6930164529135814,0.6930164529135814,,,,1.0
10,hexane_hl_gap_eV,148,1.0,0.0,0.6930164529135814,0.6930164529135814,,,,1.0
10,hexane_hl_gap_eV,149,1.0,0.0,0.6930164529135814,0.6930164529135814,,,,1.0
10,hexane_hl_gap_eV,150,1.0,0.0,0.6930164529135814,0.6930164529135814,,,,1.0
10,hexane_hl_gap_eV,151,1.0,0.0,0.6930164529135814,0.6930164529135814,,,,1.0
10,hexane_hl_gap_eV,152,1.0,0.0,0.6930164529135814,0.6930164529135814,,,,1.0
10,hexane_hl_gap_eV,153,1.0,0.0,0.6930164529135814,0.6930164529135814,,,,1.0
10,hexane_hl_gap_eV,154,1.0,0.0,0.6930164529135814,0.6930164529135814,,,,1.0
10,hexane_hl_gap_eV,155,1.0,0.0,0.6930164529135814,0.6930164529135814,,,,1.0
10,hexane_hl_gap_eV,156,1.0,0.0,0.6930164529135814,0.6930164529135814,,,,1.0
10,hexane_hl_gap_eV,157,1.0,0.0,0.6930164529135814,0.6930164529135814,,,,1.0
10,hexane_hl_gap_eV,158,1.0,0.0,0.6930164529135814,0.6930164529135814,,,,1.0
10,hexane_hl_gap_eV,159,1.0,0.0,0.6930164529135814,0.6930164529135814,,,,1.0
10,hexane_hl_gap_eV,160,1.0,0.0,0.6930164529135814,0.6930164529135814,,,,1.0
10,hexane_hl_gap_eV,161,1.0,0.0,0.6930164529135814,0.6930164529135814,,,,1.0
10,hexane_hl_gap_eV,162,1.0,0.0,0.6930164529135814,0.6930164529135814,,,,1.0
10,hexane_hl_gap_eV,163,1.0,0.0,0.6930164529135814,0.6930164529135814,,,,1.0
10,hexane_hl_gap_eV,164,1.0,0.0,0.6930164529135814,0.6930164529135814,,,,1.0
10,hexane_hl_gap_eV,165,1.0,0.0,0.6930164529135814,0.6930164529135814,,,,1.0
10,hexane_hl_gap_eV,166,1.0,0.0,0.6930164529135814,0.6930164529135814,,,,1.0
10,hexane_hl_gap_eV,167,1.0,0.0,0.6930164529135814,0.6930164529135814,,,,1.0
10,hexane_hl_gap_eV,168,1.0,0.0,0.6930164529135814,0.6930164529135814,,,,1.0
10,hexane_hl_gap_eV,169,1.0,0.0,0.6930164529135814,0.6930164529135814,,,,1.0
10,hexane_hl_gap_eV,170,1.0,0.0,0.6930164529135814,0.6930164529135814,,,,1.0
10,hexane_hl_gap_eV,171,1.0,0.0,0.6930164529135814,0.6930164529135814,,,,1.0
10,hexane_hl_gap_eV,172,1.0,0.0,0.6930164529135814,0.6930164529135814,,,,1.0
10,hexane_hl_gap_eV,173,1.0,0.0,0.6930164529135814,0.6930164529135814,,,,1.0
10,hexane_hl_gap_eV,174,1.0,0.0,0.6930164529135814,0.6930164529135814,,,,1.0
10,hexane_hl_gap_eV,175,1.0,0.0,0.6930164529135814,0.6930164529135814,,,,1.0
10,hexane_hl_gap_eV,176,1.0,0.0,0.6930164529135814,0.6930164529135814,,,,1.0
10,hexane_hl_gap_eV,177,1.0,0.0,0.6930164529135814,0.6930164529135814,,,,1.0
10,hexane_hl_gap_eV,178,1.0,0.0,0.6930164529135814,0.6930164529135814,,,,1.0
10,hexane_hl_gap_eV,179,1.0,0.0,0.6930164529135814,0.6930164529135814,,,,1.0
10,hexane_hl_gap_eV,180,1.0,0.0,0.6930164529135814,0.6930164529135814,,,,1.0
10,hexane_hl_gap_eV,181,1.0,0.0,0.6930164529135814,0.6930164529135814,,,,1.0
10,hexane_hl_gap_eV,182,1.0,0.0,0.6930164529135814,0.6930164529135814,,,,1.0
10,hexane_hl_gap_eV,183,1.0,0.0,0.6930164529135814,0.6930164529135814,,,,1.0
10,hexane_hl_gap_eV,184,1.0,0.0,0.6930164529135814,0.6930164529135814,,,,1.0
10,hexane_hl_gap_eV,185,1.0,0.0,0.6930164529135814,0.6930164529135814,,,,1.0
10,hexane_hl_gap_eV,186,1.0,0.0,0.6930164529135814,0.6930164529135814,,,,1.0
10,hexane_hl_gap_eV,187,1.0,0.0,0.6930164529135814,0.6930164529135814,,,,1.0
10,hexane_hl_gap_eV,188,1.0,0.0,0.6930164529135814,0.6930164529135814,,,,1.0
10,hexane_hl_gap_eV,189,1.0,0.0,0.6930164529135814,0.6930164529135814,,,,1.0
10,hexane_hl_gap_eV,190,1.0,0.0,0.6930164529135814,0.6930164529135814,,,,1.0
10,hexane_hl_gap_eV,191,1.0,0.0,0.6930164529135814,0.6930164529135814,,,,1.0
10,hexane_hl_gap_eV,192,1.0,0.0,0.6930164529135814,0.6930164529135814,,,,1.0
10,hexane_hl_gap_eV,193,1.0,0.0,0.6930164529135814,0.6930164529135814,,,,1.0
10,hexane_hl_gap_eV,194,1.0,0.0,0.6930164529135814,0.6930164529135814,,,,1.0
10,hexane_hl_gap_eV,195,1.0,0.0,0.6930164529135814,0.6930164529135814,,,,1.0
10,hexane_hl_gap_eV,196,1.0,0.0,0.6930164529135814,0.6930164529135814,,,,1.0
10,hexane_hl_gap_eV,197,1.0,0.0,0.6930164529135814,0.6930164529135814,,,,1.0
10,hexane_hl_gap_eV,198,1.0,0.0,0.6930164529135814,0.6930164529135814,,,,1.0
10,hexane_hl_gap_eV,199,1.0,0.0,0.6930164529135814,0.6930164529135814,,,,1.0
10,hexane_hl_gap_eV,200,1.0,0.0,0.6930164529135814,0.6930164529135814,,,,1.0
10,hexane_hl_gap_eV,201,1.0,0.0,0.6930164529135814,0.6930164529135814,,,,1.0
10,hexane_hl_gap_eV,202,1.0,0.0,0.6930164529135814,0.6930164529135814,,,,1.0
10,hexane_hl_gap_eV,203,1.0,0.0,0.6930164529135814,0.6930164529135814,,,,1.0
10,hexane_hl_gap_eV,204,1.0,0.0,0.6930164529135814,0.6930164529135814,,,,1.0
10,hexane_hl_gap_eV,205,1.0,0.0,0.6930164529135814,0.6930164529135814,,,,1.0
10,hexane_hl_gap_eV,206,1.0,0.0,0.6930164529135814,0.6930164529135814,,,,1.0
10,hexane_hl_gap_eV,207,1.0,0.0,0.6930164529135814,0.6930164529135814,,,,1.0
10,hexane_hl_gap_eV,208,1.0,0.0,0.6930164529135814,0.6930164529135814,,,,1.0
10,hexane_hl_gap_eV,209,1.0,0.0,0.6930164529135814,0.6930164529135814,,,,1.0
10,hexane_hl_gap_eV,210,1.0,0.0,0.6930164529135814,0.6930164529135814,,,,1.0
10,hexane_hl_gap_eV,211,1.0,0.0,0.6930164529135814,0.6930164529135814,,,,1.0
10,hexane_hl_gap_eV,212,1.0,0.0,0.6930164529135814,0.6930164529135814,,,,1.0
10,hexane_hl_gap_eV,213,1.0,0.0,0.6930164529135814,0.6930164529135814,,,,1.0
10,hexane_hl_gap_eV,214,1.0,0.0,0.6930164529135814,0.6930164529135814,,,,1.0
10,hexane_hl_gap_eV,215,1.0,0.0,0.6930164529135814,0.6930164529135814,,,,1.0
10,hexane_hl_gap_eV,216,1.0,0.0,0.6930164529135814,0.6930164529135814,,,,1.0
10,hexane_hl_gap_eV,217,1.0,0.0,0.6930164529135814,0.6930164529135814,,,,1.0
10,hexane_hl_gap_eV,218,1.0,0.0,0.6930164529135814,0.6930164529135814,,,,1.0
10,hexane_hl_gap_eV,219,1.0,0.0,0.6930164529135814,0.6930164529135814,,,,1.0
10,hexane_hl_gap_eV,220,1.0,0.0,0.6930164529135814,0.6930164529135814,,,,1.0
10,hexane_hl_gap_eV,221,1.0,0.0,0.6930164529135814,0.6930164529135814,,,,1.0
10,hexane_hl_gap_eV,222,1.0,0.0,0.6930164529135814,0.6930164529135814,,,,1.0
10,hexane_hl_gap_eV,223,1.0,0.0,0.6930164529135814,0.6930164529135814,,,,1.0
10,hexane_hl_gap_eV,224,1.0,0.0,0.6930164529135814,0.6930164529135814,,,,1.0
10,hexane_hl_gap_eV,225,1.0,0.0,0.6930164529135814,0.6930164529135814,,,,1.0
10,hexane_hl_gap_eV,226,1.0,0.0,0.6930164529135814,0.6930164529135814,,,,1.0
10,hexane_hl_gap_eV,227,1.0,0.0,0.6930164529135814,0.6930164529135814,,,,1.0
10,hexane_hl_gap_eV,228,1.0,0.0,0.6930164529135814,0.6930164529135814,,,,1.0
10,hexane_hl_gap_eV,229,1.0,0.0,0.6930164529135814,0.6930164529135814,,,,1.0
10,hexane_hl_gap_eV,230,1.0,0.0,0.6930164529135814,0.6930164529135814,,,,1.0
10,hexane_hl_gap_eV,231,1.0,0.0,0.6930164529135814,0.6930164529135814,,,,1.0
10,hexane_hl_gap_eV,232,1.0,0.0,0.6930164529135814,0.6930164529135814,,,,1.0
10,hexane_hl_gap_eV,233,1.0,0.0,0.6930164529135814,0.6930164529135814,,,,1.0
10,hexane_hl_gap_eV,234,1.0,0.0,0.6930164529135814,0.6930164529135814,,,,1.0
10,hexane_hl_gap_eV,235,1.0,0.0,0.6930164529135814,0.6930164529135814,,,,1.0
10,hexane_hl_gap_eV,236,1.0,0.0,0.6930164529135814,0.6930164529135814,,,,1.0
10,hexane_hl_gap_eV,237,1.0,0.0,0.6930164529135814,0.6930164529135814,,,,1.0
10,hexane_hl_gap_eV,238,1.0,0.0,0.6930164529135814,0.6930164529135814,,,,1.0
10,hexane_hl_gap_eV,239,1.0,0.0,0.6930164529135814,0.6930164529135814,,,,1.0
10,hexane_hl_gap_eV,240,1.0,0.0,0.6930164529135814,0.6930164529135814,,,,1.0
10,hexane_hl_gap_eV,241,1.0,0.0,0.6930164529135814,0.6930164529135814,,,,1.0
10,hexane_hl_gap_eV,242,1.0,0.0,0.6930164529135814,0.6930164529135814,,,,1.0
10,hexane_hl_gap_eV,243,1.0,0.0,0.6930164529135814,0.6930164529135814,,,,1.0
10,hexane_hl_gap_eV,244,1.0,0.0,0.6930164529135814,0.6930164529135814,,,,1.0
10,hexane_hl_gap_eV,245,1.0,0.0,0.6930164529135814,0.6930164529135814,,,,1.0
10,hexane_hl_gap_eV,246,1.0,0.0,0.6930164529135814,0.6930164529135814,,,,1.0
10,hexane_hl_gap_eV,247,1.0,0.0,0.6930164529135814,0.6930164529135814,,,,1.0
10,hexane_hl_gap_eV,248,1.0,0.0,0.6930164529135814,0.6930164529135814,,,,1.0
10,hexane_hl_gap_eV,249,1.0,0.0,0.6930164529135814,0.6930164529135814,,,,1.0
10,hexane_dipole,0,1.0,0.0,0.6182884514800342,0.6182884514800342,,,,1.0
10,hexane_dipole,1,1.0,0.0,0.6182884514800342,0.6182884514800342,,,,1.0
10,hexane_dipole,2,1.0,0.0,0.6182884514800342,0.6182884514800342,,,,1.0
10,hexane_dipole,3,1.0,0.0,0.6182884514800342,0.6182884514800342,,,,1.0
10,hexane_dipole,4,1.0,0.0,0.6182884514800342,0.6182884514800342,,,,1.0
10,hexane_dipole,5,1.0,0.0,0.6182884514800342,0.6182884514800342,,,,1.0
10,hexane_dipole,6,1.0,0.0,0.6182884514800342,0.6182884514800342,,,,1.0
10,hexane_dipole,7,1.0,0.0,0.6182884514800342,0.6182884514800342,,,,1.0
10,hexane_dipole,8,1.0,0.0,0.6182884514800342,0.6182884514800342,,,,1.0
10,hexane_dipole,9,1.0,0.0,0.6182884514800342,0.6182884514800342,,,,1.0
10,hexane_dipole,10,1.0,0.0,0.6182884514800342,0.6182884514800342,,,,1.0
10,hexane_dipole,11,1.0,0.0,0.6182884514800342,0.6182884514800342,,,,1.0
10,hexane_dipole,12,1.0,0.0,0.6182884514800342,0.6182884514800342,,,,1.0
10,hexane_dipole,13,1.0,0.0,0.6182884514800342,0.6182884514800342,,,,1.0
10,hexane_dipole,14,1.0,0.0,0.6182884514800342,0.6182884514800342,,,,1.0
10,hexane_dipole,15,1.0,0.0,0.6182884514800342,0.6182884514800342,,,,1.0
10,hexane_dipole,16,1.0,0.0,0.6182884514800342,0.6182884514800342,,,,1.0
10,hexane_dipole,17,1.0,0.0,0.6182884514800342,0.6182884514800342,,,,1.0
10,hexane_dipole,18,1.0,0.0,0.6182884514800342,0.6182884514800342,,,,1.0
10,hexane_dipole,19,1.0,0.0,0.6182884514800342,0.6182884514800342,,,,1.0
10,hexane_dipole,20,1.0,0.0,0.6182884514800342,0.6182884514800342,,,,1.0
10,hexane_dipole,21,1.0,0.0,0.6182884514800342,0.6182884514800342,,,,1.0
10,hexane_dipole,22,1.0,0.0,0.6182884514800342,0.6182884514800342,,,,1.0
10,hexane_dipole,23,1.0,0.0,0.6182884514800342,0.6182884514800342,,,,1.0
10,hexane_dipole,24,1.0,0.0,0.6182884514800342,0.6182884514800342,,,,1.0
10,hexane_dipole,25,1.0,0.0,0.6182884514800342,0.6182884514800342,,,,1.0
10,hexane_dipole,26,1.0,0.0,0.6182884514800342,0.6182884514800342,,,,1.0
10,hexane_dipole,27,1.0,0.0,0.6182884514800342,0.6182884514800342,,,,1.0
10,hexane_dipole,28,1.0,0.0,0.6182884514800342,0.6182884514800342,,,,1.0
10,hexane_dipole,29,1.0,0.0,0.6182884514800342,0.6182884514800342,,,,1.0
10,hexane_dipole,30,1.0,0.0,0.6182884514800342,0.6182884514800342,,,,1.0
10,hexane_dipole,31,1.0,0.0,0.6182884514800342,0.6182884514800342,,,,1.0
10,hexane_dipole,32,1.0,0.0,0.6182884514800342,0.6182884514800342,,,,1.0
10,hexane_dipole,33,1.0,0.0,0.6182884514800342,0.6182884514800342,,,,1.0
10,hexane_dipole,34,1.0,0.0,0.6182884514800342,0.6182884514800342,,,,1.0
10,hexane_dipole,35,1.0,0.0,0.6182884514800342,0.6182884514800342,,,,1.0
10,hexane_dipole,36,1.0,0.0,0.6182884514800342,0.6182884514800342,,,,1.0
10,hexane_dipole,37,1.0,0.0,0.6182884514800342,0.6182884514800342,,,,1.0
10,hexane_dipole,38,1.0,0.0,0.6182884514800342,0.6182884514800342,,,,1.0
10,hexane_dipole,39,1.0,0.0,0.6182884514800342,0.6182884514800342,,,,1.0
10,hexane_dipole,40,1.0,0.0,0.6182884514800342,0.6182884514800342,,,,1.0
10,hexane_dipole,41,1.0,0.0,0.6182884514800342,0.6182884514800342,,,,1.0
10,hexane_dipole,42,1.0,0.0,0.6182884514800342,0.6182884514800342,,,,1.0
10,hexane_dipole,43,1.0,0.0,0.6182884514800342,0.6182884514800342,,,,1.0
10,hexane_dipole,44,1.0,0.0,0.6182884514800342,0.6182884514800342,,,,1.0
10,hexane_dipole,45,1.0,0.0,0.6182884514800342,0.6182884514800342,,,,1.0
10,hexane_dipole,46,1.0,0.0,0.6182884514800342,0.6182884514800342,,,,1.0
10,hexane_dipole,47,1.0,0.0,0.6182884514800342,0.6182884514800342,,,,1.0
10,hexane_dipole,48,1.0,0.0,0.6182884514800342,0.6182884514800342,,,,1.0
10,hexane_dipole,49,1.0,0.0,0.6182884514800342,0.6182884514800342,,,,1.0
10,hexane_dipole,50,1.0,0.0,0.6182884514800342,0.6182884514800342,,,,1.0
10,hexane_dipole,51,1.0,0.0,0.6182884514800342,0.6182884514800342,,,,1.0
10,hexane_dipole,52,1.0,0.0,0.6182884514800342,0.6182884514800342,,,,1.0
10,hexane_dipole,53,1.0,0.0,0.6182884514800342,0.6182884514800342,,,,1.0
10,hexane_dipole,54,1.0,0.0,0.6182884514800342,0.6182884514800342,,,,1.0
10,hexane_dipole,55,1.0,0.0,0.6182884514800342,0.6182884514800342,,,,1.0
10,hexane_dipole,56,1.0,0.0,0.6182884514800342,0.6182884514800342,,,,1.0
10,hexane_dipole,57,1.0,0.0,0.6182884514800342,0.6182884514800342,,,,1.0
10,hexane_dipole,58,1.0,0.0,0.6182884514800342,0.6182884514800342,,,,1.0
10,hexane_dipole,59,1.0,0.0,0.6182884514800342,0.6182884514800342,,,,1.0
10,hexane_dipole,60,1.0,0.0,0.6182884514800342,0.6182884514800342,,,,1.0
10,hexane_dipole,61,1.0,0.0,0.6182884514800342,0.6182884514800342,,,,1.0
10,hexane_dipole,62,1.0,0.0,0.6182884514800342,0.6182884514800342,,,,1.0
10,hexane_dipole,63,1.0,0.0,0.6182884514800342,0.6182884514800342,,,,1.0
10,hexane_dipole,64,1.0,0.0,0.6182884514800342,0.6182884514800342,,,,1.0
10,hexane_dipole,65,1.0,0.0,0.6182884514800342,0.6182884514800342,,,,1.0
10,hexane_dipole,66,1.0,0.0,0.6182884514800342,0.6182884514800342,,,,1.0
10,hexane_dipole,67,1.0,0.0,0.6182884514800342,0.6182884514800342,,,,1.0
10,hexane_dipole,68,1.0,0.0,0.6182884514800342,0.6182884514800342,,,,1.0
10,hexane_dipole,69,1.0,0.0,0.6182884514800342,0.6182884514800342,,,,1.0
10,hexane_dipole,70,1.0,0.0,0.6182884514800342,0.6182884514800342,,,,1.0
10,hexane_dipole,71,1.0,0.0,0.6182884514800342,0.6182884514800342,,,,1.0
10,hexane_dipole,72,1.0,0.0,0.6182884514800342,0.6182884514800342,,,,1.0
10,hexane_dipole,73,1.0,0.0,0.6182884514800342,0.6182884514800342,,,,1.0
10,hexane_dipole,74,1.0,0.0,0.6182884514800342,0.6182884514800342,,,,1.0
10,hexane_dipole,75,1.0,0.0,0.6182884514800342,0.6182884514800342,,,,1.0
10,hexane_dipole,76,1.0,0.0,0.6182884514800342,0.6182884514800342,,,,1.0
10,hexane_dipole,77,1.0,0.0,0.6182884514800342,0.6182884514800342,,,,1.0
10,hexane_dipole,78,1.0,0.0,0.6182884514800342,0.6182884514800342,,,,1.0
10,hexane_dipole,79,1.0,0.0,0.6182884514800342,0.6182884514800342,,,,1.0
10,hexane_dipole,80,1.0,0.0,0.6182884514800342,0.6182884514800342,,,,1.0
10,hexane_dipole,81,1.0,0.0,0.6182884514800342,0.6182884514800342,,,,1.0
10,hexane_dipole,82,1.0,0.0,0.6182884514800342,0.6182884514800342,,,,1.0
10,hexane_dipole,83,1.0,0.0,0.6182884514800342,0.6182884514800342,,,,1.0
10,hexane_dipole,84,1.0,0.0,0.6182884514800342,0.6182884514800342,,,,1.0
10,hexane_dipole,85,1.0,0.0,0.6182884514800342,0.6182884514800342,,,,1.0
10,hexane_dipole,86,1.0,0.0,0.6182884514800342,0.6182884514800342,,,,1.0
10,hexane_dipole,87,1.0,0.0,0.6182884514800342,0.6182884514800342,,,,1.0
10,hexane_dipole,88,1.0,0.0,0.6182884514800342,0.6182884514800342,,,,1.0
10,hexane_dipole,89,1.0,0.0,0.6182884514800342,0.6182884514800342,,,,1.0
10,hexane_dipole,90,1.0,0.0,0.6182884514800342,0.6182884514800342,,,,1.0
10,hexane_dipole,91,1.0,0.0,0.6182884514800342,0.6182884514800342,,,,1.0
10,hexane_dipole,92,1.0,0.0,0.6182884514800342,0.6182884514800342,,,,1.0
10,hexane_dipole,93,1.0,0.0,0.6182884514800342,0.6182884514800342,,,,1.0
10,hexane_dipole,94,1.0,0.0,0.6182884514800342,0.6182884514800342,,,,1.0
10,hexane_dipole,95,1.0,0.0,0.6182884514800342,0.6182884514800342,,,,1.0
10,hexane_dipole,96,1.0,0.0,0.6182884514800342,0.6182884514800342,,,,1.0
10,hexane_dipole,97,1.0,0.0,0.6182884514800342,0.6182884514800342,,,,1.0
10,hexane_dipole,98,1.0,0.0,0.6182884514800342,0.6182884514800342,,,,1.0
10,hexane_dipole,99,1.0,0.0,0.6182884514800342,0.6182884514800342,,,,1.0
10,hexane_dipole,100,1.0,0.0,0.6182884514800342,0.6182884514800342,,,,1.0
10,hexane_dipole,101,1.0,0.0,0.6182884514800342,0.6182884514800342,,,,1.0
10,hexane_dipole,102,1.0,0.0,0.6182884514800342,0.6182884514800342,,,,1.0
10,hexane_dipole,103,1.0,0.0,0.6182884514800342,0.6182884514800342,,,,1.0
10,hexane_dipole,104,1.0,0.0,0.6182884514800342,0.6182884514800342,,,,1.0
10,hexane_dipole,105,1.0,0.0,0.6182884514800342,0.6182884514800342,,,,1.0
10,hexane_dipole,106,1.0,0.0,0.6182884514800342,0.6182884514800342,,,,1.0
10,hexane_dipole,107,1.0,0.0,0.6182884514800342,0.6182884514800342,,,,1.0
10,hexane_dipole,108,1.0,0.0,0.6182884514800342,0.6182884514800342,,,,1.0
10,hexane_dipole,109,1.0,0.0,0.6182884514800342,0.6182884514800342,,,,1.0
10,hexane_dipole,110,1.0,0.0,0.6182884514800342,0.6182884514800342,,,,1.0
10,hexane_dipole,111,1.0,0.0,0.6182884514800342,0.6182884514800342,,,,1.0
10,hexane_dipole,112,1.0,0.0,0.6182884514800342,0.6182884514800342,,,,1.0
10,hexane_dipole,113,1.0,0.0,0.6182884514800342,0.6182884514800342,,,,1.0
10,hexane_dipole,114,1.0,0.0,0.6182884514800342,0.6182884514800342,,,,1.0
10,hexane_dipole,115,1.0,0.0,0.6182884514800342,0.6182884514800342,,,,1.0
10,hexane_dipole,116,1.0,0.0,0.6182884514800342,0.6182884514800342,,,,1.0
10,hexane_dipole,117,1.0,0.0,0.6182884514800342,0.6182884514800342,,,,1.0
10,hexane_dipole,118,1.0,0.0,0.6182884514800342,0.6182884514800342,,,,1.0
10,hexane_dipole,119,1.0,0.0,0.6182884514800342,0.6182884514800342,,,,1.0
10,hexane_dipole,120,1.0,0.0,0.6182884514800342,0.6182884514800342,,,,1.0
10,hexane_dipole,121,1.0,0.0,0.6182884514800342,0.6182884514800342,,,,1.0
10,hexane_dipole,122,1.0,0.0,0.6182884514800342,0.6182884514800342,,,,1.0
10,hexane_dipole,123,1.0,0.0,0.6182884514800342,0.6182884514800342,,,,1.0
10,hexane_dipole,124,1.0,0.0,0.6182884514800342,0.6182884514800342,,,,1.0
10,hexane_dipole,125,1.0,0.0,0.6182884514800342,0.6182884514800342,,,,1.0
10,hexane_dipole,126,1.0,0.0,0.6182884514800342,0.6182884514800342,,,,1.0
10,hexane_dipole,127,1.0,0.0,0.6182884514800342,0.6182884514800342,,,,1.0
10,hexane_dipole,128,1.0,0.0,0.6182884514800342,0.6182884514800342,,,,1.0
10,hexane_dipole,129,1.0,0.0,0.6182884514800342,0.6182884514800342,,,,1.0
10,hexane_dipole,130,1.0,0.0,0.6182884514800342,0.6182884514800342,,,,1.0
10,hexane_dipole,131,1.0,0.0,0.6182884514800342,0.6182884514800342,,,,1.0
10,hexane_dipole,132,1.0,0.0,0.6182884514800342,0.6182884514800342,,,,1.0
10,hexane_dipole,133,1.0,0.0,0.6182884514800342,0.6182884514800342,,,,1.0
10,hexane_dipole,134,1.0,0.0,0.6182884514800342,0.6182884514800342,,,,1.0
10,hexane_dipole,135,1.0,0.0,0.6182884514800342,0.6182884514800342,,,,1.0
10,hexane_dipole,136,1.0,0.0,0.6182884514800342,0.6182884514800342,,,,1.0
10,hexane_dipole,137,1.0,0.0,0.6182884514800342,0.6182884514800342,,,,1.0
10,hexane_dipole,138,1.0,0.0,0.6182884514800342,0.6182884514800342,,,,1.0
10,hexane_dipole,139,1.0,0.0,0.6182884514800342,0.6182884514800342,,,,1.0
10,hexane_dipole,140,1.0,0.0,0.6182884514800342,0.6182884514800342,,,,1.0
10,hexane_dipole,141,1.0,0.0,0.6182884514800342,0.6182884514800342,,,,1.0
10,hexane_dipole,142,1.0,0.0,0.6182884514800342,0.6182884514800342,,,,1.0
10,hexane_dipole,143,1.0,0.0,0.6182884514800342,0.6182884514800342,,,,1.0
10,hexane_dipole,144,1.0,0.0,0.6182884514800342,0.6182884514800342,,,,1.0
10,hexane_dipole,145,1.0,0.0,0.6182884514800342,0.6182884514800342,,,,1.0
10,hexane_dipole,146,1.0,0.0,0.6182884514800342,0.6182884514800342,,,,1.0
10,hexane_dipole,147,1.0,0.0,0.6182884514800342,0.6182884514800342,,,,1.0
10,hexane_dipole,148,1.0,0.0,0.6182884514800342,0.6182884514800342,,,,1.0
10,hexane_dipole,149,1.0,0.0,0.6182884514800342,0.6182884514800342,,,,1.0
10,hexane_dipole,150,1.0,0.0,0.6182884514800342,0.6182884514800342,,,,1.0
10,hexane_dipole,151,1.0,0.0,0.6182884514800342,0.6182884514800342,,,,1.0
10,hexane_dipole,152,1.0,0.0,0.6182884514800342,0.6182884514800342,,,,1.0
10,hexane_dipole,153,1.0,0.0,0.6182884514800342,0.6182884514800342,,,,1.0
10,hexane_dipole,154,1.0,0.0,0.6182884514800342,0.6182884514800342,,,,1.0
10,hexane_dipole,155,1.0,0.0,0.6182884514800342,0.6182884514800342,,,,1.0
10,hexane_dipole,156,1.0,0.0,0.6182884514800342,0.6182884514800342,,,,1.0
10,hexane_dipole,157,1.0,0.0,0.6182884514800342,0.6182884514800342,,,,1.0
10,hexane_dipole,158,1.0,0.0,0.6182884514800342,0.6182884514800342,,,,1.0
10,hexane_dipole,159,1.0,0.0,0.6182884514800342,0.6182884514800342,,,,1.0
10,hexane_dipole,160,1.0,0.0,0.6182884514800342,0.6182884514800342,,,,1.0
10,hexane_dipole,161,1.0,0.0,0.6182884514800342,0.6182884514800342,,,,1.0
10,hexane_dipole,162,1.0,0.0,0.6182884514800342,0.6182884514800342,,,,1.0
10,hexane_dipole,163,1.0,0.0,0.6182884514800342,0.6182884514800342,,,,1.0
10,hexane_dipole,164,1.0,0.0,0.6182884514800342,0.6182884514800342,,,,1.0
10,hexane_dipole,165,1.0,0.0,0.6182884514800342,0.6182884514800342,,,,1.0
10,hexane_dipole,166,1.0,0.0,0.6182884514800342,0.6182884514800342,,,,1.0
10,hexane_dipole,167,1.0,0.0,0.6182884514800342,0.6182884514800342,,,,1.0
10,hexane_dipole,168,1.0,0.0,0.6182884514800342,0.6182884514800342,,,,1.0
10,hexane_dipole,169,1.0,0.0,0.6182884514800342,0.6182884514800342,,,,1.0
10,hexane_dipole,170,1.0,0.0,0.6182884514800342,0.6182884514800342,,,,1.0
10,hexane_dipole,171,1.0,0.0,0.6182884514800342,0.6182884514800342,,,,1.0
10,hexane_dipole,172,1.0,0.0,0.6182884514800342,0.6182884514800342,,,,1.0
10,hexane_dipole,173,1.0,0.0,0.6182884514800342,0.6182884514800342,,,,1.0
10,hexane_dipole,174,1.0,0.0,0.6182884514800342,0.6182884514800342,,,,1.0
10,hexane_dipole,175,1.0,0.0,0.6182884514800342,0.6182884514800342,,,,1.0
10,hexane_dipole,176,1.0,0.0,0.6182884514800342,0.6182884514800342,,,,1.0
10,hexane_dipole,177,1.0,0.0,0.6182884514800342,0.6182884514800342,,,,1.0
10,hexane_dipole,178,1.0,0.0,0.6182884514800342,0.6182884514800342,,,,1.0
10,hexane_dipole,179,1.0,0.0,0.6182884514800342,0.6182884514800342,,,,1.0
10,hexane_dipole,180,1.0,0.0,0.6182884514800342,0.6182884514800342,,,,1.0
10,hexane_dipole,181,1.0,0.0,0.6182884514800342,0.6182884514800342,,,,1.0
10,hexane_dipole,182,1.0,0.0,0.6182884514800342,0.6182884514800342,,,,1.0
10,hexane_dipole,183,1.0,0.0,0.6182884514800342,0.6182884514800342,,,,1.0
10,hexane_dipole,184,1.0,0.0,0.6182884514800342,0.6182884514800342,,,,1.0
10,hexane_dipole,185,1.0,0.0,0.6182884514800342,0.6182884514800342,,,,1.0
10,hexane_dipole,186,1.0,0.0,0.6182884514800342,0.6182884514800342,,,,1.0
10,hexane_dipole,187,1.0,0.0,0.6182884514800342,0.6182884514800342,,,,1.0
10,hexane_dipole,188,1.0,0.0,0.6182884514800342,0.6182884514800342,,,,1.0
10,hexane_dipole,189,1.0,0.0,0.6182884514800342,0.6182884514800342,,,,1.0
10,hexane_dipole,190,1.0,0.0,0.6182884514800342,0.6182884514800342,,,,1.0
10,hexane_dipole,191,1.0,0.0,0.6182884514800342,0.6182884514800342,,,,1.0
10,hexane_dipole,192,1.0,0.0,0.6182884514800342,0.6182884514800342,,,,1.0
10,hexane_dipole,193,1.0,0.0,0.6182884514800342,0.6182884514800342,,,,1.0
10,hexane_dipole,194,1.0,0.0,0.6182884514800342,0.6182884514800342,,,,1.0
10,hexane_dipole,195,1.0,0.0,0.6182884514800342,0.6182884514800342,,,,1.0
10,hexane_dipole,196,1.0,0.0,0.6182884514800342,0.6182884514800342,,,,1.0
10,hexane_dipole,197,1.0,0.0,0.6182884514800342,0.6182884514800342,,,,1.0
10,hexane_dipole,198,1.0,0.0,0.6182884514800342,0.6182884514800342,,,,1.0
10,hexane_dipole,199,1.0,0.0,0.6182884514800342,0.6182884514800342,,,,1.0
10,hexane_dipole,200,1.0,0.0,0.6182884514800342,0.6182884514800342,,,,1.0
10,hexane_dipole,201,1.0,0.0,0.6182884514800342,0.6182884514800342,,,,1.0
10,hexane_dipole,202,1.0,0.0,0.6182884514800342,0.6182884514800342,,,,1.0
10,hexane_dipole,203,1.0,0.0,0.6182884514800342,0.6182884514800342,,,,1.0
10,hexane_dipole,204,1.0,0.0,0.6182884514800342,0.6182884514800342,,,,1.0
10,hexane_dipole,205,1.0,0.0,0.6182884514800342,0.6182884514800342,,,,1.0
10,hexane_dipole,206,1.0,0.0,0.6182884514800342,0.6182884514800342,,,,1.0
10,hexane_dipole,207,1.0,0.0,0.6182884514800342,0.6182884514800342,,,,1.0
10,hexane_dipole,208,1.0,0.0,0.6182884514800342,0.6182884514800342,,,,1.0
10,hexane_dipole,209,1.0,0.0,0.6182884514800342,0.6182884514800342,,,,1.0
10,hexane_dipole,210,1.0,0.0,0.6182884514800342,0.6182884514800342,,,,1.0
10,hexane_dipole,211,1.0,0.0,0.6182884514800342,0.6182884514800342,,,,1.0
10,hexane_dipole,212,1.0,0.0,0.6182884514800342,0.6182884514800342,,,,1.0
10,hexane_dipole,213,1.0,0.0,0.6182884514800342,0.6182884514800342,,,,1.0
10,hexane_dipole,214,1.0,0.0,0.6182884514800342,0.6182884514800342,,,,1.0
10,hexane_dipole,215,1.0,0.0,0.6182884514800342,0.6182884514800342,,,,1.0
10,hexane_dipole,216,1.0,0.0,0.6182884514800342,0.6182884514800342,,,,1.0
10,hexane_dipole,217,1.0,0.0,0.6182884514800342,0.6182884514800342,,,,1.0
10,hexane_dipole,218,1.0,0.0,0.6182884514800342,0.6182884514800342,,,,1.0
10,hexane_dipole,219,1.0,0.0,0.6182884514800342,0.6182884514800342,,,,1.0
10,hexane_dipole,220,1.0,0.0,0.6182884514800342,0.6182884514800342,,,,1.0
10,hexane_dipole,221,1.0,0.0,0.6182884514800342,0.6182884514800342,,,,1.0
10,hexane_dipole,222,1.0,0.0,0.6182884514800342,0.6182884514800342,,,,1.0
10,hexane_dipole,223,1.0,0.0,0.6182884514800342,0.6182884514800342,,,,1.0
10,hexane_dipole,224,1.0,0.0,0.6182884514800342,0.6182884514800342,,,,1.0
10,hexane_dipole,225,1.0,0.0,0.6182884514800342,0.6182884514800342,,,,1.0
10,hexane_dipole,226,1.0,0.0,0.6182884514800342,0.6182884514800342,,,,1.0
10,hexane_dipole,227,1.0,0.0,0.6182884514800342,0.6182884514800342,,,,1.0
10,hexane_dipole,228,1.0,0.0,0.6182884514800342,0.6182884514800342,,,,1.0
10,hexane_dipole,229,1.0,0.0,0.6182884514800342,0.6182884514800342,,,,1.0
10,hexane_dipole,230,1.0,0.0,0.6182884514800342,0.6182884514800342,,,,1.0
10,hexane_dipole,231,1.0,0.0,0.6182884514800342,0.6182884514800342,,,,1.0
10,hexane_dipole,232,1.0,0.0,0.6182884514800342,0.6182884514800342,,,,1.0
10,hexane_dipole,233,1.0,0.0,0.6182884514800342,0.6182884514800342,,,,1.0
10,hexane_dipole,234,1.0,0.0,0.6182884514800342,0.6182884514800342,,,,1.0
10,hexane_dipole,235,1.0,0.0,0.6182884514800342,0.6182884514800342,,,,1.0
10,hexane_dipole,236,1.0,0.0,0.6182884514800342,0.6182884514800342,,,,1.0
10,hexane_dipole,237,1.0,0.0,0.6182884514800342,0.6182884514800342,,,,1.0
10,hexane_dipole,238,1.0,0.0,0.6182884514800342,0.6182884514800342,,,,1.0
10,hexane_dipole,239,1.0,0.0,0.6182884514800342,0.6182884514800342,,,,1.0
10,hexane_dipole,240,1.0,0.0,0.6182884514800342,0.6182884514800342,,,,1.0
10,hexane_dipole,241,1.0,0.0,0.6182884514800342,0.6182884514800342,,,,1.0
10,hexane_dipole,242,1.0,0.0,0.6182884514800342,0.6182884514800342,,,,1.0
10,hexane_dipole,243,1.0,0.0,0.6182884514800342,0.6182884514800342,,,,1.0
10,hexane_dipole,244,1.0,0.0,0.6182884514800342,0.6182884514800342,,,,1.0
10,hexane_dipole,245,1.0,0.0,0.6182884514800342,0.6182884514800342,,,,1.0
10,hexane_dipole,246,1.0,0.0,0.6182884514800342,0.6182884514800342,,,,1.0
10,hexane_dipole,247,1.0,0.0,0.6182884514800342,0.6182884514800342,,,,1.0
10,hexane_dipole,248,1.0,0.0,0.6182884514800342,0.6182884514800342,,,,1.0
10,hexane_dipole,249,1.0,0.0,0.6182884514800342,0.6182884514800342,,,,1.0
11,sco_kcal,0,0.108906090259552,0.024259474128484726,0.6271035907138875,0.9640544010673051,4.413754463195801,0.07903218269348145,0.017905885647353795,0.04
11,sco_kcal,1,0.33103126287460327,0.03832707926630974,0.6311039666423186,0.898398796247913,7.303169250488281,2.2265284061431885,0.3048715331353337,0.14
11,sco_kcal,2,0.8767507076263428,0.005476757418364286,0.7253247178056559,0.8947651784315243,1.1584864854812622,1.7509007453918457,1.511369159101136,0.76
11,sco_kcal,3,0.4635220170021057,0.04467564448714256,0.654693790786893,0.9161809523682569,9.501385688781738,3.595526933670044,0.37842132205150597,0.28
11,sco_kcal,4,0.6898847222328186,0.025965847074985504,0.6755096566800416,0.8841749345322261,5.65763521194458,4.71437931060791,0.8332773559975662,0.46
11,sco_kcal,5,0.3435388505458832,0.27629217505455017,0.6623683073696949,0.9849743889817624,57.913230895996094,3.489492654800415,0.06025380730470808,0.22
11,sco_kcal,6,0.29171842336654663,0.012429890222847462,0.6340578719776648,0.947518053474609,2.3497679233551025,0.7353450059890747,0.31294367357739594,0.14
11,sco_kcal,7,0.1436840295791626,0.010139556601643562,0.6582933068634071,0.9683846146202943,2.1729631423950195,0.24739623069763184,0.11385201427068571,0.1
11,sco_kcal,8,0.28165575861930847,0.07999873906373978,0.6313518652408849,0.9150677041385344,15.68349552154541,2.652261257171631,0.16911161504321864,0.1
11,sco_kcal,9,0.6291561126708984,0.018771640956401825,0.6373258695573816,0.9176083269820274,3.5827291011810303,2.4453375339508057,0.6825348679431865,0.38
11,sco_kcal,10,0.14785724878311157,0.01484358124434948,0.6474055252748869,0.9661222859427241,3.0134572982788086,0.13516421616077423,0.044853536248207586,0.04
11,sco_kcal,11,0.2011421173810959,0.011527656577527523,0.6567115336892819,0.9456883205783708,2.4198856353759766,0.35952216386795044,0.14856989876386933,0.04
11,sco_kcal,12,0.3402461111545563,0.01631152257323265,0.6315421019784326,0.9787355984391468,3.0644288063049316,0.8241000771522522,0.2689245302278524,0.2
11,sco_kcal,13,0.28051790595054626,0.6399639248847961,0.6652399687263026,0.981420939273757,136.00372314453125,6.579537868499756,0.04837763052639137,0.26
11,sco_kcal,14,0.12510327994823456,0.020596643909811974,0.6100415795647935,0.9542159363221123,3.687664031982422,0.059686630964279175,0.016185485024294014,0.06
11,sco_kcal,15,0.07749084383249283,0.019898254424333572,0.6618358624683163,0.950701474765492,4.24454927444458,0.14571227133274078,0.03432926841255906,0.12
11,sco_kcal,16,0.3030698299407959,0.024178817868232727,0.641906621838144,0.9470128453533742,4.664981842041016,1.1695657968521118,0.2507117576132741,0.12
11,sco_kcal,17,0.11436479538679123,0.01840929687023163,0.650673548104074,0.9459545927787536,3.728955030441284,0.09128858149051666,0.024481008954327234,0.04
11,sco_kcal,18,0.38724976778030396,0.01974090188741684,0.6131036139005461,0.9235442754243297,3.556689739227295,1.3792237043380737,0.3877829682826694,0.28
11,sco_kcal,19,0.4595877528190613,0.011577420867979527,0.6664049814496571,0.9265036891519689,2.451956272125244,1.0351091623306274,0.422156452828354,0.16
11,sco_kcal,20,0.6445252895355225,0.012953486293554306,0.6789526248974991,0.945534917877006,2.7367894649505615,1.6204885244369507,0.5921129649138809,0.44
11,sco_kcal,21,0.5213820338249207,0.019857866689562798,0.6538445404581859,0.9243686595124043,4.049448490142822,2.1940321922302246,0.5418101249024264,0.18
11,sco_kcal,22,0.09041637927293777,0.02357521466910839,0.6378525333613523,0.9577279264319294,4.659396171569824,0.17121952772140503,0.03674714950536573,0.04
11,sco_kcal,23,0.302425742149353,0.024349171668291092,0.6560364864570631,0.8966852908563476,5.132537841796875,1.412937879562378,0.27529029948032796,0.08
11,sco_kcal,24,0.07961366325616837,0.01659596525132656,0.6488236091915223,0.9692334796625464,3.477186918258667,0.16550661623477936,0.0475978485268382,0.02
11,sco_kcal,25,0.15130272507667542,0.027445636689662933,0.6565476147187825,0.9746940731503932,5.676672458648682,0.4703251123428345,0.08285225469126226,0.02
11,sco_kcal,26,0.458660751581192,0.02585713565349579,0.6324567508648495,0.9096117123321501,4.950828552246094,2.532738208770752,0.5115786543692163,0.2
11,sco_kcal,27,0.30404025316238403,0.00550350034609437,0.6510656180659018,0.9539023320697702,1.1711015701293945,0.2623176872730255,0.22399225990623695,0.16
11,sco_kcal,28,0.09165128320455551,0.01937389373779297,0.6638374986238564,0.9699386696737078,4.222630500793457,0.21543817222118378,0.05101989676356993,0.04
11,sco_kcal,29,0.4608432948589325,0.002286616014316678,0.6589815122206315,0.9723213025594588,0.5736948847770691,0.1658388078212738,0.2890714423673426,0.38
11,sco_kcal,30,0.8590813279151917,0.005843770690262318,0.7025292887492443,0.9058460796304135,1.1551311016082764,1.704600214958191,1.4756768409965715,0.78
11,sco_kcal,31,0.5723741054534912,0.031224556267261505,0.6610462267544595,0.929798961795983,6.690387725830078,3.154712438583374,0.4715290903700156,0.4
11,sco_kcal,32,0.20181700587272644,0.017800189554691315,0.6276191741631396,0.945347770201453,3.3159539699554443,0.1577518880367279,0.04757360610733918,0.04
11,sco_kcal,33,0.09610483795404434,0.021133046597242355,0.6675758349912522,0.9664796341980233,4.6669087409973145,0.05381286144256592,0.01153072931763953,0.2
11,sco_kcal,34,0.23628203570842743,0.01394348219037056,0.6091252846698638,0.9475631524584816,2.481928586959839,0.23448149859905243,0.09447552191107692,0.16
11,sco_kcal,35,0.6543505787849426,0.011058472096920013,0.6697103495164469,0.9107243423518148,2.3512113094329834,1.6761382818222046,0.7128828766251644,0.46
11,sco_kcal,36,0.4464264512062073,0.012815570458769798,0.6527500350416879,0.9183079441971136,2.654759645462036,0.6672000885009766,0.2513222203152996,0.24
11,sco_kcal,37,0.07438751310110092,0.021451687440276146,0.6361007310895874,0.973186639061024,4.066151142120361,0.20687244832515717,0.05087672373567504,0.02
11,sco_kcal,38,0.13273818790912628,0.02789929509162903,0.6476984068268701,0.9531631181098108,5.66290283203125,0.12001586705446243,0.021193347407554484,0.14
11,sco_kcal,39,0.18124829232692719,0.07018434256315231,0.6191067522006535,0.910822658275755,12.731807708740234,2.602989912033081,0.2044477871155845,0.08
11,sco_kcal,40,0.711736798286438,0.01769249700009823,0.6476865573867716,0.9124965170213313,3.4283969402313232,2.5277698040008545,0.7373037160132044,0.62
11,sco_kcal,41,0.38569924235343933,0.024624422192573547,0.6256687509055849,0.9529598183868719,4.540060997009277,1.3722535371780396,0.3022544274365474,0.26
11,sco_kcal,42,0.13421916961669922,0.006210817024111748,0.6555051823080504,0.9762481402952607,1.301859974861145,0.14052605628967285,0.10794252761681318,0.02
11,sco_kcal,43,0.07908344268798828,0.020417360588908195,0.6538954262825998,0.9704114374136226,4.202958583831787,0.194706991314888,0.04632617415358301,0.02
11,sco_kcal,44,0.17607931792736053,0.01423465833067894,0.6147018889378353,0.9551591080813078,2.6255195140838623,0.19236546754837036,0.07326758247900265,0.08
11,sco_kcal,45,0.234376922249794,0.006740174256265163,0.6309437568093765,0.9577507319695431,1.3973758220672607,0.12197346985340118,0.08728751988348783,0.12
11,sco_kcal,46,0.5021781921386719,0.025800615549087524,0.6411597030410219,0.9188469561563726,4.978856563568115,2.4609904289245605,0.4942882763348545,0.44
11,sco_kcal,47,0.133546844124794,0.027331694960594177,0.660419015810731,0.9559410215863107,5.809780597686768,0.17320320010185242,0.02981234784852552,0.08
11,sco_kcal,48,0.2056494802236557,0.011499335058033466,0.6522052762555843,0.934769045476826,2.3737339973449707,0.3507579565048218,0.1477663280288127,0.1
11,sco_kcal,49,0.24281863868236542,0.0559421181678772,0.61605653486968,0.9205747256731875,10.19314956665039,2.903801441192627,0.28487774286106704,0.08
11,sco_kcal,50,0.10704829543828964,0.03337568789720535,0.6132281222458962,0.9685617716576644,6.007578372955322,0.08037871867418289,0.013379553904120272,0.06
11,sco_kcal,51,0.3461150825023651,0.030965518206357956,0.6478739388584387,0.9295724835403352,6.064884662628174,2.078810214996338,0.34276170622105456,0.18
11,sco_kcal,52,0.2963049113750458,0.004495046567171812,0.6406150224713185,0.9556868833116192,0.9124881625175476,0.1929493397474289,0.2114540743356968,0.14
11,sco_kcal,53,0.5432447195053101,0.01849985495209694,0.6340536994123529,0.9328209928474409,3.6060702800750732,1.5725525617599487,0.43608483463256587,0.38
11,sco_kcal,54,0.10231411457061768,0.03827542066574097,0.624705131204345,0.9726986458274145,7.252979278564453,0.07458274066448212,0.010283048909970678,0.04
11,sco_kcal,55,0.16192401945590973,0.012404119595885277,0.6141561241389506,0.9688769463830571,2.288409948348999,0.184226393699646,0.08050410453448621,0.12
11,sco_kcal,56,0.16715458035469055,0.016341103240847588,0.6305734061147157,0.9684272417880737,3.1082162857055664,0.0626511201262474,0.020156615359868877,0.1
11,sco_kcal,57,0.8778710961341858,0.011176221072673798,0.7187411159694483,0.8925989533699206,2.352585554122925,3.5881824493408203,1.5252080601500346,0.84
11,sco_kcal,58,0.22649754583835602,0.055004511028528214,0.6304222337492897,0.9077695457961512,10.440425872802734,2.2785274982452393,0.21824085779688296,0.04
11,sco_kcal,59,0.30713558197021484,0.024742351844906807,0.6374952801906919,0.9525738140928941,4.667671203613281,0.8807060718536377,0.18868211436398435,0.16
11,sco_kcal,60,0.21949706971645355,0.018929192796349525,0.6510817565041351,0.9416809022873365,3.8618083000183105,0.33761635422706604,0.08742442089252987,0.04
11,sco_kcal,61,0.34390729665756226,0.016197364777326584,0.6363060834724061,0.9408323885293164,3.081305742263794,0.3301565647125244,0.10714826516045851,0.22
11,sco_kcal,62,0.8834119439125061,0.008458949625492096,0.7339369233937385,0.9150268439482288,1.853788137435913,2.87837290763855,1.5526978782051126,0.54
11,sco_kcal,63,0.14911247789859772,0.01039117295295,0.6268373516667316,0.952247535893346,2.0162417888641357,0.14932134747505188,0.07405924641566582,0.04
11,sco_kcal,64,0.48849865794181824,0.017026567831635475,0.6593626422296845,0.9169841899276554,3.6773672103881836,1.4745497703552246,0.40097974610470594,0.26
11,sco_kcal,65,0.7537602186203003,0.007117791101336479,0.6872253882604689,0.9250605147284614,1.4538657665252686,1.4440381526947021,0.993240356808143,0.6
11,sco_kcal,66,0.24620641767978668,0.01080266386270523,0.6579381503284971,0.9683947992632598,2.332002639770508,0.15103814005851746,0.06476756821912565,0.14
11,sco_kcal,67,0.243325874209404,1.2106655836105347,0.7025255502958536,0.9847693774094415,303.2869567871094,1.9098939895629883,0.006297316606673685,0.2
11,sco_kcal,68,0.3268090486526489,0.028047239407896996,0.6604257447063946,0.9775658446362525,5.886087417602539,0.35456135869026184,0.060237188735922334,0.22
11,sco_kcal,69,0.15953947603702545,0.09811893105506897,0.6100731960215664,0.9117440853225203,17.72442054748535,2.9994735717773438,0.16922830079220239,0.06
11,sco_kcal,70,0.5436409115791321,0.11494667828083038,0.6876868584487681,0.9795730660327893,26.097557067871094,1.2628198862075806,0.04838843279175153,0.38
11,sco_kcal,71,0.22084395587444305,0.007850497961044312,0.6576975028873775,0.9669748659616675,1.718420386314392,0.05357122793793678,0.031174692970696465,0.18
11,sco_kcal,72,0.6557404398918152,0.029911188408732414,0.6815275569962209,0.9421733722878944,6.3428568840026855,4.654301643371582,0.7337863250722545,0.34
11,sco_kcal,73,0.296884685754776,0.014609266072511673,0.6142362134374912,0.9327810683403108,2.712008476257324,0.3504685163497925,0.12922840006512534,0.12
11,sco_kcal,74,0.1090048998594284,0.014602112583816051,0.6984190413861302,0.95456052346651,3.622655153274536,0.08607817441225052,0.023761073237800186,0.04
11,sco_kcal,75,0.9034593105316162,0.004999110940843821,0.7474666091292119,0.9423500874511066,1.6428461074829102,1.386980652809143,0.8442547640291203,0.78
11,sco_kcal,76,0.18872356414794922,0.013796423561871052,0.6487427156252747,0.9463953713026236,2.7827987670898438,0.32047584652900696,0.11516314090657359,0.2
11,sco_kcal,77,0.8762884736061096,0.007772615645080805,0.7270818513340789,0.9087796697312065,1.8924623727798462,2.635284185409546,1.392516027432855,0.78
11,sco_kcal,78,0.18689347803592682,0.009261210449039936,0.6533115082468985,0.9384038480334611,1.953579068183899,0.27393046021461487,0.14021979692343253,0.04
11,sco_kcal,79,0.04311094433069229,0.04096320644021034,0.6281367917699268,0.9570420071206862,7.701300621032715,0.09370791167020798,0.012167803372625923,0.1
11,sco_kcal,80,0.180546373128891,0.06894254684448242,0.6477055541772594,0.9027737639960769,13.536556243896484,1.9595526456832886,0.1447600564262298,0.22
11,sco_kcal,81,0.1217733696103096,0.02244134433567524,0.6287991922802292,0.9661221595007539,4.137413024902344,0.15744100511074066,0.038053006592073745,0.06
11,sco_kcal,82,0.4082791209220886,0.020880647003650665,0.6607760060791152,0.9293016934782907,4.272404670715332,1.6474313735961914,0.38559815854717727,0.2
11,sco_kcal,83,0.07958061248064041,0.16685806214809418,0.6215636546485095,0.9679754720139688,31.091581344604492,0.13794179260730743,0.004436628393983097,0.1
11,sco_kcal,84,0.12017427384853363,0.004972867202013731,0.6566340068266681,0.9520935479832473,1.0938842296600342,0.11309241503477097,0.1033860914787287,0.02
11,sco_kcal,85,0.38082200288772583,0.03480609133839607,0.6281897763499842,0.9189148807408194,6.178545951843262,2.175809383392334,0.35215557193407604,0.22
11,sco_kcal,86,0.1724703162908554,0.010910764336585999,0.6692538086152626,0.9588642932694247,2.460242748260498,0.07850118726491928,0.031907903120707556,0.12
11,sco_kcal,87,0.3203250467777252,0.016207130625844002,0.6611730435047616,0.9684987859238858,3.464186191558838,0.27437084913253784,0.07920210807406822,0.26
11,sco_kcal,88,0.2392500340938568,0.03331576660275459,0.659800971846805,0.9411461252530458,6.956540107727051,1.116671085357666,0.1605210446666313,0.2
11,sco_kcal,89,0.23663575947284698,0.009390418417751789,0.671125878715422,0.9480443873828797,2.1748831272125244,0.2389068603515625,0.10984813729175484,0.08
11,sco_kcal,90,0.09199988842010498,0.027665862813591957,0.6710557255759018,0.9518293568338563,6.104259490966797,0.09456278383731842,0.015491278504338533,0.08
11,sco_kcal,91,0.16148662567138672,0.006798569578677416,0.6689815157731647,0.9560836279318421,1.628591775894165,0.07871119678020477,0.04833083277544432,0.08
11,sco_kcal,92,0.24735458195209503,0.02144024707376957,0.6344304475865739,0.9299001398077542,4.143774032592773,0.7621006369590759,0.18391462250711269,0.04
11,sco_kcal,93,0.30436256527900696,0.06158677116036415,0.6706525968176351,0.9528696548617082,13.697280883789062,0.5534266233444214,0.04040412312778152,0.4
11,sco_kcal,94,0.6632634401321411,0.025813432410359383,0.6846768030503012,0.9590165042604766,5.364552974700928,2.939298391342163,0.5479111503239519,0.62
11,sco_kcal,95,0.24299336969852448,0.009312196634709835,0.5958974970983388,0.9440547054086783,1.6005851030349731,0.24129900336265564,0.15075674695779248,0.14
11,sco_kcal,96,0.5105962753295898,0.006685319822281599,0.6143096330258826,0.9382023499439107,1.23479163646698,0.6761419773101807,0.5475757669081537,0.42
11,sco_kcal,97,0.03201152756810188,0.07549264281988144,0.6296036356058488,0.9665552766942902,14.184005737304688,0.04652371630072594,0.003280012512852141,0.04
11,sco_kcal,98,0.07569175958633423,0.02873312309384346,0.614772247950979,0.9435173771113357,5.172769546508789,0.1178409531712532,0.02278101742436729,0.06
11,sco_kcal,99,0.15693709254264832,0.022788485512137413,0.6577679437603514,0.9503026508232639,4.591711044311523,0.1360011100769043,0.029618830271427973,0.12
11,sco_kcal,100,0.07927292585372925,0.0260423943400383,0.6166481184915649,0.9533438319957732,4.865843296051025,0.2814173400402069,0.0578352657325806,0.02
11,sco_kcal,101,0.159084752202034,0.011692198924720287,0.6089212680928315,0.9598502883254827,2.1368191242218018,0.051080722361803055,0.023905028639429605,0.16
11,sco_kcal,102,0.44690921902656555,0.014154985547065735,0.6340594180918657,0.9287923462719991,2.605741262435913,1.1433465480804443,0.4387797685682787,0.28
11,sco_kcal,103,0.22162966430187225,0.025858009234070778,0.6505829421647693,0.9477514230348827,5.219089984893799,0.3912404775619507,0.07496335159852813,0.2
11,sco_kcal,104,0.14706091582775116,0.015395070426166058,0.683856570254467,0.9596187194582568,3.5988118648529053,0.07979369163513184,0.022172232012020794,0.12
11,sco_kcal,105,0.3235304057598114,0.01949353516101837,0.6545018945726837,0.9488913739235971,3.8824422359466553,1.0518460273742676,0.27092380606090233,0.1
11,sco_kcal,106,0.2292657047510147,0.005561759229749441,0.6728854910122108,0.9538927215125501,1.3024085760116577,0.18764355778694153,0.14407426459180653,0.02
11,sco_kcal,107,0.4743862450122833,0.021485529839992523,0.6660180220907037,0.9328928134801706,4.309480667114258,1.5308717489242554,0.3552334648131436,0.12
11,sco_kcal,108,0.2500482499599457,0.007109091151505709,0.6370221037310044,0.9680794499608636,1.462125301361084,0.2784665822982788,0.19045329565055463,0.08
11,sco_kcal,109,0.3639824688434601,0.027712104842066765,0.6140154948342049,0.9293067725378941,5.1612548828125,1.488395094871521,0.28837852976957734,0.16
11,sco_kcal,110,0.1290092021226883,0.010455016046762466,0.637019164624917,0.9428535272990983,2.05492901802063,0.06229070946574211,0.030312827800612993,0.12
11,sco_kcal,111,0.08080937713384628,0.018794916570186615,0.657647914511418,0.9722503616091438,3.9330320358276367,0.17138995230197906,0.043577054735561824,0.04
11,sco_kcal,112,0.2826368510723114,0.029546212404966354,0.6131270109307161,0.9375265745300585,5.179157257080078,0.9695376753807068,0.18719989126712014,0.16
11,sco_kcal,113,0.9829704761505127,0.0018399553373456001,0.7973288913714172,0.9308143190998803,0.2939454913139343,1.6693471670150757,5.679104515443,1.0
11,sco_kcal,114,0.192121222615242,0.02562946081161499,0.618395814554999,0.9451969120671506,4.553122520446777,0.40673044323921204,0.08933000186414958,0.08
11,sco_kcal,115,0.22789366543293,0.01734333299100399,0.6590009990916756,0.9721986894638635,3.6278233528137207,0.23556682467460632,0.06493337788674355,0.2
11,sco_kcal,116,0.36098361015319824,0.023768234997987747,0.6426247704005514,0.9248671076397015,4.594021320343018,1.3893157243728638,0.3024182143475836,0.12
11,sco_kcal,117,0.6293393969535828,0.02639404498040676,0.6348804039544442,0.918196073540976,4.682557106018066,2.798252820968628,0.5975907517224482,0.56
11,sco_kcal,118,0.08765725791454315,0.022036626935005188,0.6257684843944582,0.9568801178108692,4.2355852127075195,0.06556984782218933,0.01548070562373954,0.08
11,sco_kcal,119,0.28361979126930237,0.021498525515198708,0.6110002365442706,0.946562990899176,3.778312921524048,0.8340726494789124,0.22075266575391927,0.18
11,sco_kcal,120,0.4757825434207916,0.03790586441755295,0.6655901449085186,0.9148351703050555,8.670165061950684,3.2119219303131104,0.3704568375991756,0.32
11,sco_kcal,121,0.2208101451396942,0.01522363442927599,0.6545193819454691,0.9719788791682582,3.165161609649658,0.0930202379822731,0.029388779927913136,0.18
11,sco_kcal,122,0.3399308919906616,0.0369059294462204,0.616004476197803,0.9332717898171161,6.251674175262451,1.3699333667755127,0.2191306405884471,0.18
11,sco_kcal,123,0.19997312128543854,0.006584266200661659,0.6142604206644979,0.9532686443247285,1.2630542516708374,0.11372470110654831,0.09003944284745255,0.16
11,sco_kcal,124,0.5723642110824585,0.016588479280471802,0.6823383542007195,0.9699329749625234,3.8459932804107666,0.4364648461341858,0.11348559768871196,0.5
11,sco_kcal,125,0.28632262349128723,0.01733851060271263,0.6478144864869155,0.9304386624981396,3.5360217094421387,0.4805417060852051,0.1358989693988666,0.16
11,sco_kcal,126,0.1472967565059662,0.03750617802143097,0.6304670578537521,0.9462340799202018,6.655359268188477,0.7499554753303528,0.11268444649036705,0.04
11,sco_kcal,127,0.40656962990760803,0.01808406226336956,0.6384346901160487,0.9522472286918529,3.538846015930176,0.6280521154403687,0.1774737054432946,0.34
11,sco_kcal,128,0.2003595381975174,0.007950290106236935,0.6200599983995476,0.9463236734637495,1.5331039428710938,0.1902443915605545,0.12409099359843641,0.1
11,sco_kcal,129,0.8915913701057434,0.005573914851993322,0.7175640235914422,0.9217030933108967,1.4418870210647583,1.858205795288086,1.2887318965641967,0.84
11,sco_kcal,130,0.5251159071922302,0.012585533782839775,0.6804707003772343,0.9282917560153132,2.765061378479004,1.240993618965149,0.44881232244030356,0.3
11,sco_kcal,131,0.3298032283782959,0.2152780443429947,0.6625089008002616,0.9836643524266595,45.136932373046875,2.2307074069976807,0.049420890825308456,0.2
11,sco_kcal,132,0.8498483300209045,0.009609799832105637,0.6733406562134356,0.9010414138646823,1.9515377283096313,2.3089518547058105,1.1831448714577306,0.72
11,sco_kcal,133,0.26061880588531494,0.012815303169190884,0.657105459248275,0.9255100374933651,2.7021145820617676,0.563515841960907,0.20854624215488785,0.28
11,sco_kcal,134,0.05648655816912651,0.015085561200976372,0.6566376549216206,0.9613420664855714,3.164789915084839,0.10670202970504761,0.0337153594924127,0.04
11,sco_kcal,135,0.5016900897026062,0.018869569525122643,0.6381121095035012,0.9609098375440657,3.902822732925415,0.3458652198314667,0.08861924906648748,0.32
11,sco_kcal,136,0.16546036303043365,0.004214956890791655,0.6480117029368118,0.9672938034486602,0.9131496548652649,0.15388178825378418,0.1685175999726895,0.04
11,sco_kcal,137,0.11802355200052261,0.012664840556681156,0.6283795959153791,0.9739714109920958,2.513856887817383,0.06890646368265152,0.02741065492494224,0.04
11,sco_kcal,138,0.4934530258178711,0.005016269162297249,0.6667037427304994,0.9394271354162247,1.0728363990783691,0.5195942521095276,0.48431825444764015,0.22
11,sco_kcal,139,0.8433517813682556,0.008036204613745213,0.7160853180439779,0.9004328603019012,1.8322222232818604,2.22446346282959,1.2140795120611245,0.7
11,sco_kcal,140,0.06522166728973389,0.01033901795744896,0.6598620394344388,0.9692846124408456,2.220571756362915,0.12903709709644318,0.05810985244079374,0.02
11,sco_kcal,141,0.24172130227088928,0.008989263325929642,0.6644177772356714,0.9512712036650861,1.9741616249084473,0.3069252669811249,0.15547119501695242,0.14
11,sco_kcal,142,0.6362071633338928,0.01870722323656082,0.6310621176628839,0.8954712985254938,3.542606830596924,2.4743804931640625,0.6984631971556192,0.44
11,sco_kcal,143,0.14921031892299652,0.039546653628349304,0.6309082191401836,0.9431307792560069,7.268392086029053,0.6358521580696106,0.087481818611824,0.04
11,sco_kcal,144,0.1589416116476059,0.012117032893002033,0.627389537591821,0.9397006574174702,2.3955235481262207,0.1776697188615799,0.07416738566421241,0.14
11,sco_kcal,145,0.17840774357318878,0.01910010166466236,0.6317404099443549,0.9642509406279056,3.5316460132598877,0.09127121418714523,0.025843817258145104,0.26
11,sco_kcal,146,0.07461639493703842,0.02009313553571701,0.6569830311050082,0.9721841917487959,4.191890239715576,0.19406376779079437,0.04629504989232776,0.04
11,sco_kcal,147,0.9535719156265259,0.0033986112102866173,0.7570313531887112,0.9371797078284698,0.7147215604782104,1.8353989124298096,2.5679915283397485,0.88
11,sco_kcal,148,0.3462359309196472,0.034693218767642975,0.663683050930465,0.9510871740936231,7.016944408416748,1.2347103357315063,0.17596125376887478,0.16
11,sco_kcal,149,0.23721714317798615,0.023454943671822548,0.6196814556776351,0.9495043371475156,4.30806303024292,0.36485177278518677,0.08469044445819396,0.12
11,sco_kcal,150,0.1488540917634964,0.01483833696693182,0.6223218713051717,0.9688870420491578,2.698056221008301,0.21423333883285522,0.07940284459780207,0.08
11,sco_kcal,151,0.262055367231369,0.047403160482645035,0.6968284685834003,0.9097145049349926,11.73128604888916,2.9039413928985596,0.24753819664754784,0.02
11,sco_kcal,152,0.6953755617141724,0.015457699075341225,0.6868595231862775,0.9072585391211212,3.2789387702941895,2.302932024002075,0.7023406612119976,0.4
11,sco_kcal,153,0.928733766078949,0.005089187063276768,0.714469529503515,0.9693586279696877,0.9756590127944946,2.171717643737793,2.225898203428196,0.94
11,sco_kcal,154,0.3301331102848053,0.5123324394226074,0.6622412894496517,0.9824534270586687,107.63562774658203,5.240663528442383,0.04868892984747608,0.2
11,sco_kcal,155,0.12937402725219727,0.017724864184856415,0.6576594482684757,0.9752859263624365,3.7624495029449463,0.31592679023742676,0.08396838017098818,0.02
11,sco_kcal,156,0.5431579947471619,0.006661435589194298,0.6683988815371753,0.942140527456629,1.376610279083252,0.7760629653930664,0.5637492158709453,0.22
11,sco_kcal,157,0.5995301604270935,0.011554105207324028,0.6471693136673695,0.9210663126760181,2.271944522857666,1.3417426347732544,0.5905701575343055,0.44
11,sco_kcal,158,0.9862435460090637,0.010031023994088173,0.8248569572175515,0.9395793833785844,2.220705032348633,10.944144248962402,4.928229589045332,0.92
11,sco_kcal,159,0.31105098128318787,0.01169782318174839,0.6582974480520212,0.9628679134566407,2.575910806655884,0.03852882608771324,0.014957360320147262,0.32
11,sco_kcal,160,0.35232436656951904,0.013079996220767498,0.657425181995958,0.9529022802241107,2.688849449157715,0.680273711681366,0.25299806647577927,0.18
11,sco_kcal,161,0.18045634031295776,0.025900524109601974,0.6367985853352292,0.9499622144183748,4.934582233428955,0.1642741858959198,0.03329039382159987,0.16
11,sco_kcal,162,0.17057901620864868,0.012817652896046638,0.6421410952064177,0.9619078935423289,2.66310453414917,0.11950092762708664,0.04487278891786565,0.14
11,sco_kcal,163,0.1401251256465912,0.030742427334189415,0.6253675947761403,0.9454633975673696,5.577978134155273,0.17340683937072754,0.031087758897604248,0.06
11,sco_kcal,164,0.35935524106025696,0.0033573461696505547,0.7137157034795294,0.9602494163357058,0.872070848941803,0.08553242683410645,0.0980796765972559,0.26
11,sco_kcal,165,0.6868680119514465,0.005448675248771906,0.6563291257689348,0.9220875818577101,1.0302685499191284,0.9295057654380798,0.9021975537456152,0.74
11,sco_kcal,166,0.47379329800605774,0.009113191626966,0.6491634046782759,0.9258868209130533,1.8081345558166504,0.7912535667419434,0.437607679249607,0.18
11,sco_kcal,167,0.4817477762699127,0.023216770961880684,0.6528794685662371,0.9219249529539824,4.701255798339844,2.109793186187744,0.4487722593041579,0.26
11,sco_kcal,168,0.830471932888031,0.005803507752716541,0.6953997919133372,0.9261924719874659,1.116193413734436,1.4485588073730469,1.2977668471690937,0.8
11,sco_kcal,169,0.6601035594940186,0.021179769188165665,0.6307179587325458,0.9072221376493608,3.9337594509124756,2.7645509243011475,0.7027757947069899,0.4
11,sco_kcal,170,0.47493046522140503,0.019877392798662186,0.6539403737128053,0.9159471427760939,4.171671390533447,1.5419511795043945,0.3696243148497896,0.26
11,sco_kcal,171,0.1276436150074005,0.02075190097093582,0.6450611431925173,0.9567785862470377,4.115928649902344,0.07067777216434479,0.017171768068919686,0.04
11,sco_kcal,172,0.4093336760997772,0.032399993389844894,0.6652678207062517,0.9712198524972357,6.784328460693359,1.2374063730239868,0.18239187270976023,0.34
11,sco_kcal,173,0.8238317370414734,0.007158503867685795,0.7090874357235333,0.8761832038694777,1.8309417963027954,1.6858917474746704,0.9207784490358878,0.66
11,sco_kcal,174,0.18600279092788696,0.01819613203406334,0.645205970803659,0.9582531349924734,3.4499599933624268,0.07178079336881638,0.020806268335551572,0.06
11,sco_kcal,175,0.23214440047740936,0.008882954716682434,0.6532476072146918,0.956455266371727,1.8458685874938965,0.3905872702598572,0.21160080024448039,0.1
11,sco_kcal,176,0.7799588441848755,0.010523446835577488,0.669779662633001,0.9215200221228563,1.9330394268035889,2.109734296798706,1.0914077941427682,0.64
11,sco_kcal,177,0.5485209226608276,0.01760236546397209,0.6523666704401705,0.9269225945373027,3.385037422180176,1.9540245532989502,0.5772534567846627,0.46
11,sco_kcal,178,0.10293091833591461,0.040853019803762436,0.6376608388203437,0.9807574625347049,7.692059516906738,0.2110580950975418,0.02743843760356343,0.06
11,sco_kcal,179,0.26406192779541016,0.03812388330698013,0.6597303696061965,0.9776302532612375,8.007415771484375,0.2800027132034302,0.03496792488290197,0.22
11,sco_kcal,180,0.6381964683532715,0.019176775589585304,0.6593158372251482,0.9071320789618895,4.13344669342041,1.722344160079956,0.4166847398374753,0.4
11,sco_kcal,181,0.17533564567565918,0.02636873722076416,0.60449209816608,0.965532067042461,4.568603992462158,0.28414812684059143,0.06219583209869224,0.14
11,sco_kcal,182,0.07333113998174667,0.05054032802581787,0.6371908393335912,0.9578875346294475,9.499756813049316,0.054373327642679214,0.005723654690611599,0.12
11,sco_kcal,183,0.23571637272834778,0.05459316074848175,0.6280989369307122,0.9124786897568271,10.292478561401367,2.299659490585327,0.2234310692867956,0.1
11,sco_kcal,184,0.6703891158103943,0.015267733484506607,0.6813372955738766,0.9205356797885984,3.362238883972168,2.309830665588379,0.6869918364811521,0.38
11,sco_kcal,185,0.05773981288075447,0.027048880234360695,0.6745375933560829,0.974492779758954,6.071765422821045,0.08304557204246521,0.01367733538096418,0.02
11,sco_kcal,186,0.17786866426467896,0.026270151138305664,0.6180081261340009,0.9542574416659844,4.781457901000977,0.1261463463306427,0.026382402384894893,0.2
11,sco_kcal,187,0.8115168809890747,0.009547622874379158,0.7159822524645969,0.9325755839035441,2.1151533126831055,2.4679219722747803,1.1667816027691071,0.6
11,sco_kcal,188,0.08452115207910538,0.06673341244459152,0.6248066252422202,0.9383299556063571,12.697370529174805,0.5831947326660156,0.045930354739668854,0.04
11,sco_kcal,189,0.28350985050201416,0.02331802248954773,0.6483434462789295,0.9234226941985997,4.657646656036377,0.8816666603088379,0.18929444962644068,0.06
11,sco_kcal,190,0.6767748594284058,0.018351318314671516,0.6409052754223594,0.9008219569914562,3.4180855751037598,2.5829079151153564,0.7556592303973986,0.64
11,sco_kcal,191,0.15270060300827026,0.016114288941025734,0.6215430636355548,0.9570164988162246,2.900071382522583,0.16807770729064941,0.057956403522884864,0.04
11,sco_kcal,192,0.44507986307144165,0.009323264472186565,0.6250755194125921,0.9263210599985032,1.8058894872665405,0.647506833076477,0.35855285588741465,0.24
11,sco_kcal,193,0.1962464600801468,0.0069354260340332985,0.640352244357921,0.9663932951625229,1.3722704648971558,0.2678282856941223,0.19517164622077224,0.1
11,sco_kcal,194,0.2125323861837387,0.05265152081847191,0.6335798223936735,0.9136216914454014,10.066105842590332,2.216536521911621,0.22019801466156996,0.06
11,sco_kcal,195,0.83073490858078,0.01076952088624239,0.7072748429167623,0.9204387167928936,2.4188759326934814,2.6889171600341797,1.111639139358421,0.78
11,sco_kcal,196,0.10385864228010178,0.0099492771551013,0.623524698151867,0.9733374072365364,1.9244037866592407,0.15009519457817078,0.07799568656988333,0.04
11,sco_kcal,197,0.5067795515060425,0.015726974233984947,0.6721144046243155,0.9221077539121509,3.597630739212036,1.5526306629180908,0.4315703237676229,0.2
11,sco_kcal,198,0.04418244585394859,0.048895347863435745,0.6224693439373792,0.9648122990526744,9.179237365722656,0.12566886842250824,0.013690556569741202,0.06
11,sco_kcal,199,0.30996739864349365,0.011937051080167294,0.6109270726241427,0.9225396368085066,2.1813573837280273,0.5219727754592896,0.2392880595142173,0.16
11,sco_kcal,200,0.20979024469852448,0.019789602607488632,0.6634126419115971,0.9691101344638273,4.206707954406738,0.3702579736709595,0.08801608708850245,0.2
11,sco_kcal,201,0.5391473770141602,0.01794174313545227,0.6577344218229484,0.9064195568652651,3.8651163578033447,2.1103525161743164,0.5459997373465076,0.32
11,sco_kcal,202,0.4699457883834839,0.015108521096408367,0.6678875276006508,0.9604699388327251,3.3921377658843994,0.50514817237854,0.1489173516061007,0.24
11,sco_kcal,203,0.17573082447052002,0.019839389249682426,0.6674117801370676,0.9228617396626602,4.378098011016846,0.38154900074005127,0.08714948815214707,0.12
11,sco_kcal,204,0.3439854681491852,0.043474916368722916,0.6538408416463231,0.9235338281382337,8.852221488952637,2.8333616256713867,0.3200735125309907,0.2
11,sco_kcal,205,0.13015824556350708,0.0110929599031806,0.673696034594315,0.9602540129667891,2.6009116172790527,0.062469981610774994,0.024018494590803532,0.08
11,sco_kcal,206,0.17259661853313446,0.016316765919327736,0.660155855443171,0.9708002382117411,3.467651128768921,0.10068459808826447,0.029035388610159675,0.18
11,sco_kcal,207,0.5377557873725891,0.038055647164583206,0.6679579619452036,0.963191088681576,7.647048473358154,3.282696008682251,0.42927621292305934,0.4
11,sco_kcal,208,0.3162074089050293,0.015247657895088196,0.6274452813488482,0.9254819838575994,2.9456143379211426,0.6896920800209045,0.23414201619742672,0.1
11,sco_kcal,209,0.19055360555648804,0.012740448117256165,0.6673315304302696,0.9591577418646948,2.8406858444213867,0.10401225835084915,0.03661519226249926,0.04
11,sco_kcal,210,0.2488490492105484,0.007009117864072323,0.6555666763509489,0.9653756243285803,1.4731227159500122,0.18547293543815613,0.1259046062014903,0.06
11,sco_kcal,211,0.17533598840236664,0.02064400352537632,0.6583134931044132,0.955458213015534,4.38958215713501,0.1738743782043457,0.03961069003383911,0.1
11,sco_kcal,212,0.3744174838066101,0.008982899598777294,0.6597206013374688,0.952705983152353,2.032607316970825,0.1812029480934143,0.08914803493055377,0.26
11,sco_kcal,213,0.6464305520057678,0.017536738887429237,0.6432480452725433,0.9262700486716322,3.3616063594818115,2.2666561603546143,0.674277686904429,0.46
11,sco_kcal,214,0.1175064668059349,0.017352409660816193,0.6521960705666174,0.95274441691824,3.574488401412964,0.16400602459907532,0.04588237705128521,0.04
11,sco_kcal,215,0.3218246400356293,0.013572029769420624,0.645444178569929,0.9485343979879803,2.75343656539917,0.332680881023407,0.12082387704297001,0.12
11,sco_kcal,216,0.3215372562408447,0.2148587852716446,0.6682903189934648,0.9767831521606254,45.81949234008789,4.314910888671875,0.09417194884319398,0.22
11,sco_kcal,217,0.5569028258323669,0.008621519431471825,0.6244832283153094,0.9421844755768578,1.7155698537826538,0.5263028144836426,0.30678017180308886,0.54
11,sco_kcal,218,0.10104385763406754,0.025281280279159546,0.6237296549970919,0.9680738111221785,4.758945465087891,0.01363385934382677,0.0028648908553052673,0.08
11,sco_kcal,219,0.21507856249809265,0.019012954086065292,0.6100205064168489,0.946153570341105,3.242218494415283,0.27170124650001526,0.08380102913113976,0.08
11,sco_kcal,220,0.6011055707931519,0.007705805357545614,0.6731569686364112,0.9345202025721091,1.7399107217788696,0.6773374676704407,0.38929438113809467,0.42
11,sco_kcal,221,0.31983187794685364,0.008283096365630627,0.6663180473391339,0.9665055870918857,1.8719923496246338,0.18638016283512115,0.09956245968232377,0.28
11,sco_kcal,222,0.848069965839386,0.017459601163864136,0.7520348381251145,0.9817765975750863,5.538417816162109,1.077298879623413,0.19451383326112726,0.68
11,sco_kcal,223,0.6219213008880615,0.015803545713424683,0.6311305151893438,0.9129778202488308,2.8401107788085938,2.042323112487793,0.7190998068549048,0.58
11,sco_kcal,224,0.30961260199546814,0.02381448820233345,0.6600492654552506,0.9681783669032429,5.030497074127197,0.34905576705932617,0.06938792765720635,0.22
11,sco_kcal,225,0.5499719381332397,0.009298295713961124,0.6556192302415276,0.9457521541995235,2.0272650718688965,0.7599472999572754,0.3748633124018137,0.32
11,sco_kcal,226,0.517029345035553,0.03506745770573616,0.6307886918325314,0.9104056600414316,6.307336807250977,2.8055965900421143,0.44481477298259586,0.46
11,sco_kcal,227,0.7500057220458984,0.011657328344881535,0.7007305068999996,0.9207405447786747,2.6634936332702637,2.4748051166534424,0.9291575116756905,0.54
11,sco_kcal,228,0.8974547386169434,0.010367965325713158,0.7242266573410012,0.9148135239368689,2.3568601608276367,3.8289308547973633,1.6245897480200069,0.72
11,sco_kcal,229,0.3884142339229584,0.0119911665096879,0.6376493812023294,0.9352320406967176,2.26615571975708,0.7172183394432068,0.3164911983718792,0.18
11,sco_kcal,230,0.5941945314407349,0.023107074201107025,0.6325342703517347,0.9197293450093045,4.195958137512207,2.6570165157318115,0.6332323699747783,0.44
11,sco_kcal,231,0.062253765761852264,0.053386807441711426,0.6222052402504878,0.9632121639086837,10.026910781860352,0.028395211324095726,0.0028319002673750124,0.02
11,sco_kcal,232,0.1753837764263153,0.020501546561717987,0.6171595002144001,0.9503049044416267,3.6879544258117676,0.33925431966781616,0.09198983514909943,0.08
11,sco_kcal,233,0.11618321388959885,0.015474953688681126,0.6567183748613687,0.9670348080945896,3.2452898025512695,0.13012540340423584,0.04009669746656781,0.02
11,sco_kcal,234,0.8172120451927185,0.006432211492210627,0.6670393329621127,0.9274313355529713,1.6151138544082642,1.0297921895980835,0.6375972732741945,0.76
11,sco_kcal,235,0.18621009588241577,0.04401770606637001,0.6343889653370935,0.9586081280351917,8.291020393371582,0.4859505593776703,0.05861167097914425,0.08
11,sco_kcal,236,0.723900556564331,0.009746377356350422,0.6891961721985014,0.9431453888195269,2.2154927253723145,1.6413065195083618,0.7408313738572713,0.56
11,sco_kcal,237,0.5643323659896851,0.008322251960635185,0.6846958761606812,0.960006010455964,1.8830974102020264,1.0551646947860718,0.5603346322232313,0.56
11,sco_kcal,238,0.6600193381309509,0.011055356822907925,0.652851353204275,0.9271241465647426,2.082791805267334,1.6134957075119019,0.7746793046868186,0.38
11,sco_kcal,239,0.5399289131164551,0.007910157553851604,0.632352345189855,0.9324995978558666,1.5208228826522827,0.6499684453010559,0.4273794487938824,0.26
11,sco_kcal,240,0.4176669716835022,0.029273342341184616,0.6500433487889714,0.9019087556515042,5.79817008972168,2.8033084869384766,0.48348158877019753,0.18
11,sco_kcal,241,0.2186361402273178,0.021220959722995758,0.6271504149387697,0.9538306080764334,3.910315990447998,0.4998099207878113,0.12781829448278142,0.06
11,sco_kcal,242,0.2227354794740677,0.027948303148150444,0.6155530549411758,0.9358059934209833,5.072060585021973,0.5709369778633118,0.11256509426352572,0.08
11,sco_kcal,243,0.23841732740402222,0.0051950071938335896,0.6469087898772419,0.9511155637157103,1.0835821628570557,0.2840031385421753,0.2620965426316643,0.06
11,sco_kcal,244,0.4229559004306793,0.008428958244621754,0.6633797374568191,0.9668529721318782,1.8082331418991089,0.330140620470047,0.18257635745096157,0.26
11,sco_kcal,245,0.1934431940317154,0.02094908431172371,0.6018910317900397,0.936909952193572,3.692462205886841,0.10006384551525116,0.027099490783066317,0.08
11,sco_kcal,246,0.35007935762405396,0.01978900656104088,0.6228788878790865,0.9451133143639128,3.732264518737793,0.4915054738521576,0.13169095367827222,0.3
11,sco_kcal,247,0.6100574135780334,0.09814158827066422,0.7071733155177724,0.9795782919707996,24.43144989013672,1.9253954887390137,0.07880807309419323,0.44
11,sco_kcal,248,0.4291048049926758,0.08829310536384583,0.6678556789178709,0.9764437407449555,18.570119857788086,2.805441379547119,0.1510728741134404,0.34
11,sco_kcal,249,0.23808342218399048,0.0043603647500276566,0.6513799568802192,0.9649720577356444,0.8920039534568787,0.17791132628917694,0.19945127552372172,0.08
11,water_gsolv_eV,0,1.0,0.0,0.6509225134142258,0.6509225134142258,,,,1.0
11,water_gsolv_eV,1,1.0,0.0,0.6509225134142258,0.6509225134142258,,,,1.0
11,water_gsolv_eV,2,1.0,0.0,0.6509225134142258,0.6509225134142258,,,,1.0
11,water_gsolv_eV,3,1.0,0.0,0.6509225134142258,0.6509225134142258,,,,1.0
11,water_gsolv_eV,4,1.0,0.0,0.6509225134142258,0.6509225134142258,,,,1.0
11,water_gsolv_eV,5,1.0,0.0,0.6509225134142258,0.6509225134142258,,,,1.0
11,water_gsolv_eV,6,1.0,0.0,0.6509225134142258,0.6509225134142258,,,,1.0
11,water_gsolv_eV,7,1.0,0.0,0.6509225134142258,0.6509225134142258,,,,1.0
11,water_gsolv_eV,8,1.0,0.0,0.6509225134142258,0.6509225134142258,,,,1.0
11,water_gsolv_eV,9,1.0,0.0,0.6509225134142258,0.6509225134142258,,,,1.0
11,water_gsolv_eV,10,1.0,0.0,0.6509225134142258,0.6509225134142258,,,,1.0
11,water_gsolv_eV,11,1.0,0.0,0.6509225134142258,0.6509225134142258,,,,1.0
11,water_gsolv_eV,12,1.0,0.0,0.6509225134142258,0.6509225134142258,,,,1.0
11,water_gsolv_eV,13,1.0,0.0,0.6509225134142258,0.6509225134142258,,,,1.0
11,water_gsolv_eV,14,1.0,0.0,0.6509225134142258,0.6509225134142258,,,,1.0
11,water_gsolv_eV,15,1.0,0.0,0.6509225134142258,0.6509225134142258,,,,1.0
11,water_gsolv_eV,16,1.0,0.0,0.6509225134142258,0.6509225134142258,,,,1.0
11,water_gsolv_eV,17,1.0,0.0,0.6509225134142258,0.6509225134142258,,,,1.0
11,water_gsolv_eV,18,1.0,0.0,0.6509225134142258,0.6509225134142258,,,,1.0
11,water_gsolv_eV,19,1.0,0.0,0.6509225134142258,0.6509225134142258,,,,1.0
11,water_gsolv_eV,20,1.0,0.0,0.6509225134142258,0.6509225134142258,,,,1.0
11,water_gsolv_eV,21,1.0,0.0,0.6509225134142258,0.6509225134142258,,,,1.0
11,water_gsolv_eV,22,1.0,0.0,0.6509225134142258,0.6509225134142258,,,,1.0
11,water_gsolv_eV,23,1.0,0.0,0.6509225134142258,0.6509225134142258,,,,1.0
11,water_gsolv_eV,24,1.0,0.0,0.6509225134142258,0.6509225134142258,,,,1.0
11,water_gsolv_eV,25,1.0,0.0,0.6509225134142258,0.6509225134142258,,,,1.0
11,water_gsolv_eV,26,1.0,0.0,0.6509225134142258,0.6509225134142258,,,,1.0
11,water_gsolv_eV,27,1.0,0.0,0.6509225134142258,0.6509225134142258,,,,1.0
11,water_gsolv_eV,28,1.0,0.0,0.6509225134142258,0.6509225134142258,,,,1.0
11,water_gsolv_eV,29,1.0,0.0,0.6509225134142258,0.6509225134142258,,,,1.0
11,water_gsolv_eV,30,1.0,0.0,0.6509225134142258,0.6509225134142258,,,,1.0
11,water_gsolv_eV,31,1.0,0.0,0.6509225134142258,0.6509225134142258,,,,1.0
11,water_gsolv_eV,32,1.0,0.0,0.6509225134142258,0.6509225134142258,,,,1.0
11,water_gsolv_eV,33,1.0,0.0,0.6509225134142258,0.6509225134142258,,,,1.0
11,water_gsolv_eV,34,1.0,0.0,0.6509225134142258,0.6509225134142258,,,,1.0
11,water_gsolv_eV,35,1.0,0.0,0.6509225134142258,0.6509225134142258,,,,1.0
11,water_gsolv_eV,36,1.0,0.0,0.6509225134142258,0.6509225134142258,,,,1.0
11,water_gsolv_eV,37,1.0,0.0,0.6509225134142258,0.6509225134142258,,,,1.0
11,water_gsolv_eV,38,1.0,0.0,0.6509225134142258,0.6509225134142258,,,,1.0
11,water_gsolv_eV,39,1.0,0.0,0.6509225134142258,0.6509225134142258,,,,1.0
11,water_gsolv_eV,40,1.0,0.0,0.6509225134142258,0.6509225134142258,,,,1.0
11,water_gsolv_eV,41,1.0,0.0,0.6509225134142258,0.6509225134142258,,,,1.0
11,water_gsolv_eV,42,1.0,0.0,0.6509225134142258,0.6509225134142258,,,,1.0
11,water_gsolv_eV,43,1.0,0.0,0.6509225134142258,0.6509225134142258,,,,1.0
11,water_gsolv_eV,44,1.0,0.0,0.6509225134142258,0.6509225134142258,,,,1.0
11,water_gsolv_eV,45,1.0,0.0,0.6509225134142258,0.6509225134142258,,,,1.0
11,water_gsolv_eV,46,1.0,0.0,0.6509225134142258,0.6509225134142258,,,,1.0
11,water_gsolv_eV,47,1.0,0.0,0.6509225134142258,0.6509225134142258,,,,1.0
11,water_gsolv_eV,48,1.0,0.0,0.6509225134142258,0.6509225134142258,,,,1.0
11,water_gsolv_eV,49,1.0,0.0,0.6509225134142258,0.6509225134142258,,,,1.0
11,water_gsolv_eV,50,1.0,0.0,0.6509225134142258,0.6509225134142258,,,,1.0
11,water_gsolv_eV,51,1.0,0.0,0.6509225134142258,0.6509225134142258,,,,1.0
11,water_gsolv_eV,52,1.0,0.0,0.6509225134142258,0.6509225134142258,,,,1.0
11,water_gsolv_eV,53,1.0,0.0,0.6509225134142258,0.6509225134142258,,,,1.0
11,water_gsolv_eV,54,1.0,0.0,0.6509225134142258,0.6509225134142258,,,,1.0
11,water_gsolv_eV,55,1.0,0.0,0.6509225134142258,0.6509225134142258,,,,1.0
11,water_gsolv_eV,56,1.0,0.0,0.6509225134142258,0.6509225134142258,,,,1.0
11,water_gsolv_eV,57,1.0,0.0,0.6509225134142258,0.6509225134142258,,,,1.0
11,water_gsolv_eV,58,1.0,0.0,0.6509225134142258,0.6509225134142258,,,,1.0
11,water_gsolv_eV,59,1.0,0.0,0.6509225134142258,0.6509225134142258,,,,1.0
11,water_gsolv_eV,60,1.0,0.0,0.6509225134142258,0.6509225134142258,,,,1.0
11,water_gsolv_eV,61,1.0,0.0,0.6509225134142258,0.6509225134142258,,,,1.0
11,water_gsolv_eV,62,1.0,0.0,0.6509225134142258,0.6509225134142258,,,,1.0
11,water_gsolv_eV,63,1.0,0.0,0.6509225134142258,0.6509225134142258,,,,1.0
11,water_gsolv_eV,64,1.0,0.0,0.6509225134142258,0.6509225134142258,,,,1.0
11,water_gsolv_eV,65,1.0,0.0,0.6509225134142258,0.6509225134142258,,,,1.0
11,water_gsolv_eV,66,1.0,0.0,0.6509225134142258,0.6509225134142258,,,,1.0
11,water_gsolv_eV,67,1.0,0.0,0.6509225134142258,0.6509225134142258,,,,1.0
11,water_gsolv_eV,68,1.0,0.0,0.6509225134142258,0.6509225134142258,,,,1.0
11,water_gsolv_eV,69,1.0,0.0,0.6509225134142258,0.6509225134142258,,,,1.0
11,water_gsolv_eV,70,1.0,0.0,0.6509225134142258,0.6509225134142258,,,,1.0
11,water_gsolv_eV,71,1.0,0.0,0.6509225134142258,0.6509225134142258,,,,1.0
11,water_gsolv_eV,72,1.0,0.0,0.6509225134142258,0.6509225134142258,,,,1.0
11,water_gsolv_eV,73,1.0,0.0,0.6509225134142258,0.6509225134142258,,,,1.0
11,water_gsolv_eV,74,1.0,0.0,0.6509225134142258,0.6509225134142258,,,,1.0
11,water_gsolv_eV,75,1.0,0.0,0.6509225134142258,0.6509225134142258,,,,1.0
11,water_gsolv_eV,76,1.0,0.0,0.6509225134142258,0.6509225134142258,,,,1.0
11,water_gsolv_eV,77,1.0,0.0,0.6509225134142258,0.6509225134142258,,,,1.0
11,water_gsolv_eV,78,1.0,0.0,0.6509225134142258,0.6509225134142258,,,,1.0
11,water_gsolv_eV,79,1.0,0.0,0.6509225134142258,0.6509225134142258,,,,1.0
11,water_gsolv_eV,80,1.0,0.0,0.6509225134142258,0.6509225134142258,,,,1.0
11,water_gsolv_eV,81,1.0,0.0,0.6509225134142258,0.6509225134142258,,,,1.0
11,water_gsolv_eV,82,1.0,0.0,0.6509225134142258,0.6509225134142258,,,,1.0
11,water_gsolv_eV,83,1.0,0.0,0.6509225134142258,0.6509225134142258,,,,1.0
11,water_gsolv_eV,84,1.0,0.0,0.6509225134142258,0.6509225134142258,,,,1.0
11,water_gsolv_eV,85,1.0,0.0,0.6509225134142258,0.6509225134142258,,,,1.0
11,water_gsolv_eV,86,1.0,0.0,0.6509225134142258,0.6509225134142258,,,,1.0
11,water_gsolv_eV,87,1.0,0.0,0.6509225134142258,0.6509225134142258,,,,1.0
11,water_gsolv_eV,88,1.0,0.0,0.6509225134142258,0.6509225134142258,,,,1.0
11,water_gsolv_eV,89,1.0,0.0,0.6509225134142258,0.6509225134142258,,,,1.0
11,water_gsolv_eV,90,1.0,0.0,0.6509225134142258,0.6509225134142258,,,,1.0
11,water_gsolv_eV,91,1.0,0.0,0.6509225134142258,0.6509225134142258,,,,1.0
11,water_gsolv_eV,92,1.0,0.0,0.6509225134142258,0.6509225134142258,,,,1.0
11,water_gsolv_eV,93,1.0,0.0,0.6509225134142258,0.6509225134142258,,,,1.0
11,water_gsolv_eV,94,1.0,0.0,0.6509225134142258,0.6509225134142258,,,,1.0
11,water_gsolv_eV,95,1.0,0.0,0.6509225134142258,0.6509225134142258,,,,1.0
11,water_gsolv_eV,96,1.0,0.0,0.6509225134142258,0.6509225134142258,,,,1.0
11,water_gsolv_eV,97,1.0,0.0,0.6509225134142258,0.6509225134142258,,,,1.0
11,water_gsolv_eV,98,1.0,0.0,0.6509225134142258,0.6509225134142258,,,,1.0
11,water_gsolv_eV,99,1.0,0.0,0.6509225134142258,0.6509225134142258,,,,1.0
11,water_gsolv_eV,100,1.0,0.0,0.6509225134142258,0.6509225134142258,,,,1.0
11,water_gsolv_eV,101,1.0,0.0,0.6509225134142258,0.6509225134142258,,,,1.0
11,water_gsolv_eV,102,1.0,0.0,0.6509225134142258,0.6509225134142258,,,,1.0
11,water_gsolv_eV,103,1.0,0.0,0.6509225134142258,0.6509225134142258,,,,1.0
11,water_gsolv_eV,104,1.0,0.0,0.6509225134142258,0.6509225134142258,,,,1.0
11,water_gsolv_eV,105,1.0,0.0,0.6509225134142258,0.6509225134142258,,,,1.0
11,water_gsolv_eV,106,1.0,0.0,0.6509225134142258,0.6509225134142258,,,,1.0
11,water_gsolv_eV,107,1.0,0.0,0.6509225134142258,0.6509225134142258,,,,1.0
11,water_gsolv_eV,108,1.0,0.0,0.6509225134142258,0.6509225134142258,,,,1.0
11,water_gsolv_eV,109,1.0,0.0,0.6509225134142258,0.6509225134142258,,,,1.0
11,water_gsolv_eV,110,1.0,0.0,0.6509225134142258,0.6509225134142258,,,,1.0
11,water_gsolv_eV,111,1.0,0.0,0.6509225134142258,0.6509225134142258,,,,1.0
11,water_gsolv_eV,112,1.0,0.0,0.6509225134142258,0.6509225134142258,,,,1.0
11,water_gsolv_eV,113,1.0,0.0,0.6509225134142258,0.6509225134142258,,,,1.0
11,water_gsolv_eV,114,1.0,0.0,0.6509225134142258,0.6509225134142258,,,,1.0
11,water_gsolv_eV,115,1.0,0.0,0.6509225134142258,0.6509225134142258,,,,1.0
11,water_gsolv_eV,116,1.0,0.0,0.6509225134142258,0.6509225134142258,,,,1.0
11,water_gsolv_eV,117,1.0,0.0,0.6509225134142258,0.6509225134142258,,,,1.0
11,water_gsolv_eV,118,1.0,0.0,0.6509225134142258,0.6509225134142258,,,,1.0
11,water_gsolv_eV,119,1.0,0.0,0.6509225134142258,0.6509225134142258,,,,1.0
11,water_gsolv_eV,120,1.0,0.0,0.6509225134142258,0.6509225134142258,,,,1.0
11,water_gsolv_eV,121,1.0,0.0,0.6509225134142258,0.6509225134142258,,,,1.0
11,water_gsolv_eV,122,1.0,0.0,0.6509225134142258,0.6509225134142258,,,,1.0
11,water_gsolv_eV,123,1.0,0.0,0.6509225134142258,0.6509225134142258,,,,1.0
11,water_gsolv_eV,124,1.0,0.0,0.6509225134142258,0.6509225134142258,,,,1.0
11,water_gsolv_eV,125,1.0,0.0,0.6509225134142258,0.6509225134142258,,,,1.0
11,water_gsolv_eV,126,1.0,0.0,0.6509225134142258,0.6509225134142258,,,,1.0
11,water_gsolv_eV,127,1.0,0.0,0.6509225134142258,0.6509225134142258,,,,1.0
11,water_gsolv_eV,128,1.0,0.0,0.6509225134142258,0.6509225134142258,,,,1.0
11,water_gsolv_eV,129,1.0,0.0,0.6509225134142258,0.6509225134142258,,,,1.0
11,water_gsolv_eV,130,1.0,0.0,0.6509225134142258,0.6509225134142258,,,,1.0
11,water_gsolv_eV,131,1.0,0.0,0.6509225134142258,0.6509225134142258,,,,1.0
11,water_gsolv_eV,132,1.0,0.0,0.6509225134142258,0.6509225134142258,,,,1.0
11,water_gsolv_eV,133,1.0,0.0,0.6509225134142258,0.6509225134142258,,,,1.0
11,water_gsolv_eV,134,1.0,0.0,0.6509225134142258,0.6509225134142258,,,,1.0
11,water_gsolv_eV,135,1.0,0.0,0.6509225134142258,0.6509225134142258,,,,1.0
11,water_gsolv_eV,136,1.0,0.0,0.6509225134142258,0.6509225134142258,,,,1.0
11,water_gsolv_eV,137,1.0,0.0,0.6509225134142258,0.6509225134142258,,,,1.0
11,water_gsolv_eV,138,1.0,0.0,0.6509225134142258,0.6509225134142258,,,,1.0
11,water_gsolv_eV,139,1.0,0.0,0.6509225134142258,0.6509225134142258,,,,1.0
11,water_gsolv_eV,140,1.0,0.0,0.6509225134142258,0.6509225134142258,,,,1.0
11,water_gsolv_eV,141,1.0,0.0,0.6509225134142258,0.6509225134142258,,,,1.0
11,water_gsolv_eV,142,1.0,0.0,0.6509225134142258,0.6509225134142258,,,,1.0
11,water_gsolv_eV,143,1.0,0.0,0.6509225134142258,0.6509225134142258,,,,1.0
11,water_gsolv_eV,144,1.0,0.0,0.6509225134142258,0.6509225134142258,,,,1.0
11,water_gsolv_eV,145,1.0,0.0,0.6509225134142258,0.6509225134142258,,,,1.0
11,water_gsolv_eV,146,1.0,0.0,0.6509225134142258,0.6509225134142258,,,,1.0
11,water_gsolv_eV,147,1.0,0.0,0.6509225134142258,0.6509225134142258,,,,1.0
11,water_gsolv_eV,148,1.0,0.0,0.6509225134142258,0.6509225134142258,,,,1.0
11,water_gsolv_eV,149,1.0,0.0,0.6509225134142258,0.6509225134142258,,,,1.0
11,water_gsolv_eV,150,1.0,0.0,0.6509225134142258,0.6509225134142258,,,,1.0
11,water_gsolv_eV,151,1.0,0.0,0.6509225134142258,0.6509225134142258,,,,1.0
11,water_gsolv_eV,152,1.0,0.0,0.6509225134142258,0.6509225134142258,,,,1.0
11,water_gsolv_eV,153,1.0,0.0,0.6509225134142258,0.6509225134142258,,,,1.0
11,water_gsolv_eV,154,1.0,0.0,0.6509225134142258,0.6509225134142258,,,,1.0
11,water_gsolv_eV,155,1.0,0.0,0.6509225134142258,0.6509225134142258,,,,1.0
11,water_gsolv_eV,156,1.0,0.0,0.6509225134142258,0.6509225134142258,,,,1.0
11,water_gsolv_eV,157,1.0,0.0,0.6509225134142258,0.6509225134142258,,,,1.0
11,water_gsolv_eV,158,1.0,0.0,0.6509225134142258,0.6509225134142258,,,,1.0
11,water_gsolv_eV,159,1.0,0.0,0.6509225134142258,0.6509225134142258,,,,1.0
11,water_gsolv_eV,160,1.0,0.0,0.6509225134142258,0.6509225134142258,,,,1.0
11,water_gsolv_eV,161,1.0,0.0,0.6509225134142258,0.6509225134142258,,,,1.0
11,water_gsolv_eV,162,1.0,0.0,0.6509225134142258,0.6509225134142258,,,,1.0
11,water_gsolv_eV,163,1.0,0.0,0.6509225134142258,0.6509225134142258,,,,1.0
11,water_gsolv_eV,164,1.0,0.0,0.6509225134142258,0.6509225134142258,,,,1.0
11,water_gsolv_eV,165,1.0,0.0,0.6509225134142258,0.6509225134142258,,,,1.0
11,water_gsolv_eV,166,1.0,0.0,0.6509225134142258,0.6509225134142258,,,,1.0
11,water_gsolv_eV,167,1.0,0.0,0.6509225134142258,0.6509225134142258,,,,1.0
11,water_gsolv_eV,168,1.0,0.0,0.6509225134142258,0.6509225134142258,,,,1.0
11,water_gsolv_eV,169,1.0,0.0,0.6509225134142258,0.6509225134142258,,,,1.0
11,water_gsolv_eV,170,1.0,0.0,0.6509225134142258,0.6509225134142258,,,,1.0
11,water_gsolv_eV,171,1.0,0.0,0.6509225134142258,0.6509225134142258,,,,1.0
11,water_gsolv_eV,172,1.0,0.0,0.6509225134142258,0.6509225134142258,,,,1.0
11,water_gsolv_eV,173,1.0,0.0,0.6509225134142258,0.6509225134142258,,,,1.0
11,water_gsolv_eV,174,1.0,0.0,0.6509225134142258,0.6509225134142258,,,,1.0
11,water_gsolv_eV,175,1.0,0.0,0.6509225134142258,0.6509225134142258,,,,1.0
11,water_gsolv_eV,176,1.0,0.0,0.6509225134142258,0.6509225134142258,,,,1.0
11,water_gsolv_eV,177,1.0,0.0,0.6509225134142258,0.6509225134142258,,,,1.0
11,water_gsolv_eV,178,1.0,0.0,0.6509225134142258,0.6509225134142258,,,,1.0
11,water_gsolv_eV,179,1.0,0.0,0.6509225134142258,0.6509225134142258,,,,1.0
11,water_gsolv_eV,180,1.0,0.0,0.6509225134142258,0.6509225134142258,,,,1.0
11,water_gsolv_eV,181,1.0,0.0,0.6509225134142258,0.6509225134142258,,,,1.0
11,water_gsolv_eV,182,1.0,0.0,0.6509225134142258,0.6509225134142258,,,,1.0
11,water_gsolv_eV,183,1.0,0.0,0.6509225134142258,0.6509225134142258,,,,1.0
11,water_gsolv_eV,184,1.0,0.0,0.6509225134142258,0.6509225134142258,,,,1.0
11,water_gsolv_eV,185,1.0,0.0,0.6509225134142258,0.6509225134142258,,,,1.0
11,water_gsolv_eV,186,1.0,0.0,0.6509225134142258,0.6509225134142258,,,,1.0
11,water_gsolv_eV,187,1.0,0.0,0.6509225134142258,0.6509225134142258,,,,1.0
11,water_gsolv_eV,188,1.0,0.0,0.6509225134142258,0.6509225134142258,,,,1.0
11,water_gsolv_eV,189,1.0,0.0,0.6509225134142258,0.6509225134142258,,,,1.0
11,water_gsolv_eV,190,1.0,0.0,0.6509225134142258,0.6509225134142258,,,,1.0
11,water_gsolv_eV,191,1.0,0.0,0.6509225134142258,0.6509225134142258,,,,1.0
11,water_gsolv_eV,192,1.0,0.0,0.6509225134142258,0.6509225134142258,,,,1.0
11,water_gsolv_eV,193,1.0,0.0,0.6509225134142258,0.6509225134142258,,,,1.0
11,water_gsolv_eV,194,1.0,0.0,0.6509225134142258,0.6509225134142258,,,,1.0
11,water_gsolv_eV,195,1.0,0.0,0.6509225134142258,0.6509225134142258,,,,1.0
11,water_gsolv_eV,196,1.0,0.0,0.6509225134142258,0.6509225134142258,,,,1.0
11,water_gsolv_eV,197,1.0,0.0,0.6509225134142258,0.6509225134142258,,,,1.0
11,water_gsolv_eV,198,1.0,0.0,0.6509225134142258,0.6509225134142258,,,,1.0
11,water_gsolv_eV,199,1.0,0.0,0.6509225134142258,0.6509225134142258,,,,1.0
11,water_gsolv_eV,200,1.0,0.0,0.6509225134142258,0.6509225134142258,,,,1.0
11,water_gsolv_eV,201,1.0,0.0,0.6509225134142258,0.6509225134142258,,,,1.0
11,water_gsolv_eV,202,1.0,0.0,0.6509225134142258,0.6509225134142258,,,,1.0
11,water_gsolv_eV,203,1.0,0.0,0.6509225134142258,0.6509225134142258,,,,1.0
11,water_gsolv_eV,204,1.0,0.0,0.6509225134142258,0.6509225134142258,,,,1.0
11,water_gsolv_eV,205,1.0,0.0,0.6509225134142258,0.6509225134142258,,,,1.0
11,water_gsolv_eV,206,1.0,0.0,0.6509225134142258,0.6509225134142258,,,,1.0
11,water_gsolv_eV,207,1.0,0.0,0.6509225134142258,0.6509225134142258,,,,1.0
11,water_gsolv_eV,208,1.0,0.0,0.6509225134142258,0.6509225134142258,,,,1.0
11,water_gsolv_eV,209,1.0,0.0,0.6509225134142258,0.6509225134142258,,,,1.0
11,water_gsolv_eV,210,1.0,0.0,0.6509225134142258,0.6509225134142258,,,,1.0
11,water_gsolv_eV,211,1.0,0.0,0.6509225134142258,0.6509225134142258,,,,1.0
11,water_gsolv_eV,212,1.0,0.0,0.6509225134142258,0.6509225134142258,,,,1.0
11,water_gsolv_eV,213,1.0,0.0,0.6509225134142258,0.6509225134142258,,,,1.0
11,water_gsolv_eV,214,1.0,0.0,0.6509225134142258,0.6509225134142258,,,,1.0
11,water_gsolv_eV,215,1.0,0.0,0.6509225134142258,0.6509225134142258,,,,1.0
11,water_gsolv_eV,216,1.0,0.0,0.6509225134142258,0.6509225134142258,,,,1.0
11,water_gsolv_eV,217,1.0,0.0,0.6509225134142258,0.6509225134142258,,,,1.0
11,water_gsolv_eV,218,1.0,0.0,0.6509225134142258,0.6509225134142258,,,,1.0
11,water_gsolv_eV,219,1.0,0.0,0.6509225134142258,0.6509225134142258,,,,1.0
11,water_gsolv_eV,220,1.0,0.0,0.6509225134142258,0.6509225134142258,,,,1.0
11,water_gsolv_eV,221,1.0,0.0,0.6509225134142258,0.6509225134142258,,,,1.0
11,water_gsolv_eV,222,1.0,0.0,0.6509225134142258,0.6509225134142258,,,,1.0
11,water_gsolv_eV,223,1.0,0.0,0.6509225134142258,0.6509225134142258,,,,1.0
11,water_gsolv_eV,224,1.0,0.0,0.6509225134142258,0.6509225134142258,,,,1.0
11,water_gsolv_eV,225,1.0,0.0,0.6509225134142258,0.6509225134142258,,,,1.0
11,water_gsolv_eV,226,1.0,0.0,0.6509225134142258,0.6509225134142258,,,,1.0
11,water_gsolv_eV,227,1.0,0.0,0.6509225134142258,0.6509225134142258,,,,1.0
11,water_gsolv_eV,228,1.0,0.0,0.6509225134142258,0.6509225134142258,,,,1.0
11,water_gsolv_eV,229,1.0,0.0,0.6509225134142258,0.6509225134142258,,,,1.0
11,water_gsolv_eV,230,1.0,0.0,0.6509225134142258,0.6509225134142258,,,,1.0
11,water_gsolv_eV,231,1.0,0.0,0.6509225134142258,0.6509225134142258,,,,1.0
11,water_gsolv_eV,232,1.0,0.0,0.6509225134142258,0.6509225134142258,,,,1.0
11,water_gsolv_eV,233,1.0,0.0,0.6509225134142258,0.6509225134142258,,,,1.0
11,water_gsolv_eV,234,1.0,0.0,0.6509225134142258,0.6509225134142258,,,,1.0
11,water_gsolv_eV,235,1.0,0.0,0.6509225134142258,0.6509225134142258,,,,1.0
11,water_gsolv_eV,236,1.0,0.0,0.6509225134142258,0.6509225134142258,,,,1.0
11,water_gsolv_eV,237,1.0,0.0,0.6509225134142258,0.6509225134142258,,,,1.0
11,water_gsolv_eV,238,1.0,0.0,0.6509225134142258,0.6509225134142258,,,,1.0
11,water_gsolv_eV,239,1.0,0.0,0.6509225134142258,0.6509225134142258,,,,1.0
11,water_gsolv_eV,240,1.0,0.0,0.6509225134142258,0.6509225134142258,,,,1.0
11,water_gsolv_eV,241,1.0,0.0,0.6509225134142258,0.6509225134142258,,,,1.0
11,water_gsolv_eV,242,1.0,0.0,0.6509225134142258,0.6509225134142258,,,,1.0
11,water_gsolv_eV,243,1.0,0.0,0.6509225134142258,0.6509225134142258,,,,1.0
11,water_gsolv_eV,244,1.0,0.0,0.6509225134142258,0.6509225134142258,,,,1.0
11,water_gsolv_eV,245,1.0,0.0,0.6509225134142258,0.6509225134142258,,,,1.0
11,water_gsolv_eV,246,1.0,0.0,0.6509225134142258,0.6509225134142258,,,,1.0
11,water_gsolv_eV,247,1.0,0.0,0.6509225134142258,0.6509225134142258,,,,1.0
11,water_gsolv_eV,248,1.0,0.0,0.6509225134142258,0.6509225134142258,,,,1.0
11,water_gsolv_eV,249,1.0,0.0,0.6509225134142258,0.6509225134142258,,,,1.0
11,water_hl_gap_eV,0,1.0,0.0,0.6951225083060213,0.6951225083060213,,,,1.0
11,water_hl_gap_eV,1,1.0,0.0,0.6951225083060213,0.6951225083060213,,,,1.0
11,water_hl_gap_eV,2,1.0,0.0,0.6951225083060213,0.6951225083060213,,,,1.0
11,water_hl_gap_eV,3,1.0,0.0,0.6951225083060213,0.6951225083060213,,,,1.0
11,water_hl_gap_eV,4,1.0,0.0,0.6951225083060213,0.6951225083060213,,,,1.0
11,water_hl_gap_eV,5,1.0,0.0,0.6951225083060213,0.6951225083060213,,,,1.0
11,water_hl_gap_eV,6,1.0,0.0,0.6951225083060213,0.6951225083060213,,,,1.0
11,water_hl_gap_eV,7,1.0,0.0,0.6951225083060213,0.6951225083060213,,,,1.0
11,water_hl_gap_eV,8,1.0,0.0,0.6951225083060213,0.6951225083060213,,,,1.0
11,water_hl_gap_eV,9,1.0,0.0,0.6951225083060213,0.6951225083060213,,,,1.0
11,water_hl_gap_eV,10,1.0,0.0,0.6951225083060213,0.6951225083060213,,,,1.0
11,water_hl_gap_eV,11,1.0,0.0,0.6951225083060213,0.6951225083060213,,,,1.0
11,water_hl_gap_eV,12,1.0,0.0,0.6951225083060213,0.6951225083060213,,,,1.0
11,water_hl_gap_eV,13,1.0,0.0,0.6951225083060213,0.6951225083060213,,,,1.0
11,water_hl_gap_eV,14,1.0,0.0,0.6951225083060213,0.6951225083060213,,,,1.0
11,water_hl_gap_eV,15,1.0,0.0,0.6951225083060213,0.6951225083060213,,,,1.0
11,water_hl_gap_eV,16,1.0,0.0,0.6951225083060213,0.6951225083060213,,,,1.0
11,water_hl_gap_eV,17,1.0,0.0,0.6951225083060213,0.6951225083060213,,,,1.0
11,water_hl_gap_eV,18,1.0,0.0,0.6951225083060213,0.6951225083060213,,,,1.0
11,water_hl_gap_eV,19,1.0,0.0,0.6951225083060213,0.6951225083060213,,,,1.0
11,water_hl_gap_eV,20,1.0,0.0,0.6951225083060213,0.6951225083060213,,,,1.0
11,water_hl_gap_eV,21,1.0,0.0,0.6951225083060213,0.6951225083060213,,,,1.0
11,water_hl_gap_eV,22,1.0,0.0,0.6951225083060213,0.6951225083060213,,,,1.0
11,water_hl_gap_eV,23,1.0,0.0,0.6951225083060213,0.6951225083060213,,,,1.0
11,water_hl_gap_eV,24,1.0,0.0,0.6951225083060213,0.6951225083060213,,,,1.0
11,water_hl_gap_eV,25,1.0,0.0,0.6951225083060213,0.6951225083060213,,,,1.0
11,water_hl_gap_eV,26,1.0,0.0,0.6951225083060213,0.6951225083060213,,,,1.0
11,water_hl_gap_eV,27,1.0,0.0,0.6951225083060213,0.6951225083060213,,,,1.0
11,water_hl_gap_eV,28,1.0,0.0,0.6951225083060213,0.6951225083060213,,,,1.0
11,water_hl_gap_eV,29,1.0,0.0,0.6951225083060213,0.6951225083060213,,,,1.0
11,water_hl_gap_eV,30,1.0,0.0,0.6951225083060213,0.6951225083060213,,,,1.0
11,water_hl_gap_eV,31,1.0,0.0,0.6951225083060213,0.6951225083060213,,,,1.0
11,water_hl_gap_eV,32,1.0,0.0,0.6951225083060213,0.6951225083060213,,,,1.0
11,water_hl_gap_eV,33,1.0,0.0,0.6951225083060213,0.6951225083060213,,,,1.0
11,water_hl_gap_eV,34,1.0,0.0,0.6951225083060213,0.6951225083060213,,,,1.0
11,water_hl_gap_eV,35,1.0,0.0,0.6951225083060213,0.6951225083060213,,,,1.0
11,water_hl_gap_eV,36,1.0,0.0,0.6951225083060213,0.6951225083060213,,,,1.0
11,water_hl_gap_eV,37,1.0,0.0,0.6951225083060213,0.6951225083060213,,,,1.0
11,water_hl_gap_eV,38,1.0,0.0,0.6951225083060213,0.6951225083060213,,,,1.0
11,water_hl_gap_eV,39,1.0,0.0,0.6951225083060213,0.6951225083060213,,,,1.0
11,water_hl_gap_eV,40,1.0,0.0,0.6951225083060213,0.6951225083060213,,,,1.0
11,water_hl_gap_eV,41,1.0,0.0,0.6951225083060213,0.6951225083060213,,,,1.0
11,water_hl_gap_eV,42,1.0,0.0,0.6951225083060213,0.6951225083060213,,,,1.0
11,water_hl_gap_eV,43,1.0,0.0,0.6951225083060213,0.6951225083060213,,,,1.0
11,water_hl_gap_eV,44,1.0,0.0,0.6951225083060213,0.6951225083060213,,,,1.0
11,water_hl_gap_eV,45,1.0,0.0,0.6951225083060213,0.6951225083060213,,,,1.0
11,water_hl_gap_eV,46,1.0,0.0,0.6951225083060213,0.6951225083060213,,,,1.0
11,water_hl_gap_eV,47,1.0,0.0,0.6951225083060213,0.6951225083060213,,,,1.0
11,water_hl_gap_eV,48,1.0,0.0,0.6951225083060213,0.6951225083060213,,,,1.0
11,water_hl_gap_eV,49,1.0,0.0,0.6951225083060213,0.6951225083060213,,,,1.0
11,water_hl_gap_eV,50,1.0,0.0,0.6951225083060213,0.6951225083060213,,,,1.0
11,water_hl_gap_eV,51,1.0,0.0,0.6951225083060213,0.6951225083060213,,,,1.0
11,water_hl_gap_eV,52,1.0,0.0,0.6951225083060213,0.6951225083060213,,,,1.0
11,water_hl_gap_eV,53,1.0,0.0,0.6951225083060213,0.6951225083060213,,,,1.0
11,water_hl_gap_eV,54,1.0,0.0,0.6951225083060213,0.6951225083060213,,,,1.0
11,water_hl_gap_eV,55,1.0,0.0,0.6951225083060213,0.6951225083060213,,,,1.0
11,water_hl_gap_eV,56,1.0,0.0,0.6951225083060213,0.6951225083060213,,,,1.0
11,water_hl_gap_eV,57,1.0,0.0,0.6951225083060213,0.6951225083060213,,,,1.0
11,water_hl_gap_eV,58,1.0,0.0,0.6951225083060213,0.6951225083060213,,,,1.0
11,water_hl_gap_eV,59,1.0,0.0,0.6951225083060213,0.6951225083060213,,,,1.0
11,water_hl_gap_eV,60,1.0,0.0,0.6951225083060213,0.6951225083060213,,,,1.0
11,water_hl_gap_eV,61,1.0,0.0,0.6951225083060213,0.6951225083060213,,,,1.0
11,water_hl_gap_eV,62,1.0,0.0,0.6951225083060213,0.6951225083060213,,,,1.0
11,water_hl_gap_eV,63,1.0,0.0,0.6951225083060213,0.6951225083060213,,,,1.0
11,water_hl_gap_eV,64,1.0,0.0,0.6951225083060213,0.6951225083060213,,,,1.0
11,water_hl_gap_eV,65,1.0,0.0,0.6951225083060213,0.6951225083060213,,,,1.0
11,water_hl_gap_eV,66,1.0,0.0,0.6951225083060213,0.6951225083060213,,,,1.0
11,water_hl_gap_eV,67,1.0,0.0,0.6951225083060213,0.6951225083060213,,,,1.0
11,water_hl_gap_eV,68,1.0,0.0,0.6951225083060213,0.6951225083060213,,,,1.0
11,water_hl_gap_eV,69,1.0,0.0,0.6951225083060213,0.6951225083060213,,,,1.0
11,water_hl_gap_eV,70,1.0,0.0,0.6951225083060213,0.6951225083060213,,,,1.0
11,water_hl_gap_eV,71,1.0,0.0,0.6951225083060213,0.6951225083060213,,,,1.0
11,water_hl_gap_eV,72,1.0,0.0,0.6951225083060213,0.6951225083060213,,,,1.0
11,water_hl_gap_eV,73,1.0,0.0,0.6951225083060213,0.6951225083060213,,,,1.0
11,water_hl_gap_eV,74,1.0,0.0,0.6951225083060213,0.6951225083060213,,,,1.0
11,water_hl_gap_eV,75,1.0,0.0,0.6951225083060213,0.6951225083060213,,,,1.0
11,water_hl_gap_eV,76,1.0,0.0,0.6951225083060213,0.6951225083060213,,,,1.0
11,water_hl_gap_eV,77,1.0,0.0,0.6951225083060213,0.6951225083060213,,,,1.0
11,water_hl_gap_eV,78,1.0,0.0,0.6951225083060213,0.6951225083060213,,,,1.0
11,water_hl_gap_eV,79,1.0,0.0,0.6951225083060213,0.6951225083060213,,,,1.0
11,water_hl_gap_eV,80,1.0,0.0,0.6951225083060213,0.6951225083060213,,,,1.0
11,water_hl_gap_eV,81,1.0,0.0,0.6951225083060213,0.6951225083060213,,,,1.0
11,water_hl_gap_eV,82,1.0,0.0,0.6951225083060213,0.6951225083060213,,,,1.0
11,water_hl_gap_eV,83,1.0,0.0,0.6951225083060213,0.6951225083060213,,,,1.0
11,water_hl_gap_eV,84,1.0,0.0,0.6951225083060213,0.6951225083060213,,,,1.0
11,water_hl_gap_eV,85,1.0,0.0,0.6951225083060213,0.6951225083060213,,,,1.0
11,water_hl_gap_eV,86,1.0,0.0,0.6951225083060213,0.6951225083060213,,,,1.0
11,water_hl_gap_eV,87,1.0,0.0,0.6951225083060213,0.6951225083060213,,,,1.0
11,water_hl_gap_eV,88,1.0,0.0,0.6951225083060213,0.6951225083060213,,,,1.0
11,water_hl_gap_eV,89,1.0,0.0,0.6951225083060213,0.6951225083060213,,,,1.0
11,water_hl_gap_eV,90,1.0,0.0,0.6951225083060213,0.6951225083060213,,,,1.0
11,water_hl_gap_eV,91,1.0,0.0,0.6951225083060213,0.6951225083060213,,,,1.0
11,water_hl_gap_eV,92,1.0,0.0,0.6951225083060213,0.6951225083060213,,,,1.0
11,water_hl_gap_eV,93,1.0,0.0,0.6951225083060213,0.6951225083060213,,,,1.0
11,water_hl_gap_eV,94,1.0,0.0,0.6951225083060213,0.6951225083060213,,,,1.0
11,water_hl_gap_eV,95,1.0,0.0,0.6951225083060213,0.6951225083060213,,,,1.0
11,water_hl_gap_eV,96,1.0,0.0,0.6951225083060213,0.6951225083060213,,,,1.0
11,water_hl_gap_eV,97,1.0,0.0,0.6951225083060213,0.6951225083060213,,,,1.0
11,water_hl_gap_eV,98,1.0,0.0,0.6951225083060213,0.6951225083060213,,,,1.0
11,water_hl_gap_eV,99,1.0,0.0,0.6951225083060213,0.6951225083060213,,,,1.0
11,water_hl_gap_eV,100,1.0,0.0,0.6951225083060213,0.6951225083060213,,,,1.0
11,water_hl_gap_eV,101,1.0,0.0,0.6951225083060213,0.6951225083060213,,,,1.0
11,water_hl_gap_eV,102,1.0,0.0,0.6951225083060213,0.6951225083060213,,,,1.0
11,water_hl_gap_eV,103,1.0,0.0,0.6951225083060213,0.6951225083060213,,,,1.0
11,water_hl_gap_eV,104,1.0,0.0,0.6951225083060213,0.6951225083060213,,,,1.0
11,water_hl_gap_eV,105,1.0,0.0,0.6951225083060213,0.6951225083060213,,,,1.0
11,water_hl_gap_eV,106,1.0,0.0,0.6951225083060213,0.6951225083060213,,,,1.0
11,water_hl_gap_eV,107,1.0,0.0,0.6951225083060213,0.6951225083060213,,,,1.0
11,water_hl_gap_eV,108,1.0,0.0,0.6951225083060213,0.6951225083060213,,,,1.0
11,water_hl_gap_eV,109,1.0,0.0,0.6951225083060213,0.6951225083060213,,,,1.0
11,water_hl_gap_eV,110,1.0,0.0,0.6951225083060213,0.6951225083060213,,,,1.0
11,water_hl_gap_eV,111,1.0,0.0,0.6951225083060213,0.6951225083060213,,,,1.0
11,water_hl_gap_eV,112,1.0,0.0,0.6951225083060213,0.6951225083060213,,,,1.0
11,water_hl_gap_eV,113,1.0,0.0,0.6951225083060213,0.6951225083060213,,,,1.0
11,water_hl_gap_eV,114,1.0,0.0,0.6951225083060213,0.6951225083060213,,,,1.0
11,water_hl_gap_eV,115,1.0,0.0,0.6951225083060213,0.6951225083060213,,,,1.0
11,water_hl_gap_eV,116,1.0,0.0,0.6951225083060213,0.6951225083060213,,,,1.0
11,water_hl_gap_eV,117,1.0,0.0,0.6951225083060213,0.6951225083060213,,,,1.0
11,water_hl_gap_eV,118,1.0,0.0,0.6951225083060213,0.6951225083060213,,,,1.0
11,water_hl_gap_eV,119,1.0,0.0,0.6951225083060213,0.6951225083060213,,,,1.0
11,water_hl_gap_eV,120,1.0,0.0,0.6951225083060213,0.6951225083060213,,,,1.0
11,water_hl_gap_eV,121,1.0,0.0,0.6951225083060213,0.6951225083060213,,,,1.0
11,water_hl_gap_eV,122,1.0,0.0,0.6951225083060213,0.6951225083060213,,,,1.0
11,water_hl_gap_eV,123,1.0,0.0,0.6951225083060213,0.6951225083060213,,,,1.0
11,water_hl_gap_eV,124,1.0,0.0,0.6951225083060213,0.6951225083060213,,,,1.0
11,water_hl_gap_eV,125,1.0,0.0,0.6951225083060213,0.6951225083060213,,,,1.0
11,water_hl_gap_eV,126,1.0,0.0,0.6951225083060213,0.6951225083060213,,,,1.0
11,water_hl_gap_eV,127,1.0,0.0,0.6951225083060213,0.6951225083060213,,,,1.0
11,water_hl_gap_eV,128,1.0,0.0,0.6951225083060213,0.6951225083060213,,,,1.0
11,water_hl_gap_eV,129,1.0,0.0,0.6951225083060213,0.6951225083060213,,,,1.0
11,water_hl_gap_eV,130,1.0,0.0,0.6951225083060213,0.6951225083060213,,,,1.0
11,water_hl_gap_eV,131,1.0,0.0,0.6951225083060213,0.6951225083060213,,,,1.0
11,water_hl_gap_eV,132,1.0,0.0,0.6951225083060213,0.6951225083060213,,,,1.0
11,water_hl_gap_eV,133,1.0,0.0,0.6951225083060213,0.6951225083060213,,,,1.0
11,water_hl_gap_eV,134,1.0,0.0,0.6951225083060213,0.6951225083060213,,,,1.0
11,water_hl_gap_eV,135,1.0,0.0,0.6951225083060213,0.6951225083060213,,,,1.0
11,water_hl_gap_eV,136,1.0,0.0,0.6951225083060213,0.6951225083060213,,,,1.0
11,water_hl_gap_eV,137,1.0,0.0,0.6951225083060213,0.6951225083060213,,,,1.0
11,water_hl_gap_eV,138,1.0,0.0,0.6951225083060213,0.6951225083060213,,,,1.0
11,water_hl_gap_eV,139,1.0,0.0,0.6951225083060213,0.6951225083060213,,,,1.0
11,water_hl_gap_eV,140,1.0,0.0,0.6951225083060213,0.6951225083060213,,,,1.0
11,water_hl_gap_eV,141,1.0,0.0,0.6951225083060213,0.6951225083060213,,,,1.0
11,water_hl_gap_eV,142,1.0,0.0,0.6951225083060213,0.6951225083060213,,,,1.0
11,water_hl_gap_eV,143,1.0,0.0,0.6951225083060213,0.6951225083060213,,,,1.0
11,water_hl_gap_eV,144,1.0,0.0,0.6951225083060213,0.6951225083060213,,,,1.0
11,water_hl_gap_eV,145,1.0,0.0,0.6951225083060213,0.6951225083060213,,,,1.0
11,water_hl_gap_eV,146,1.0,0.0,0.6951225083060213,0.6951225083060213,,,,1.0
11,water_hl_gap_eV,147,1.0,0.0,0.6951225083060213,0.6951225083060213,,,,1.0
11,water_hl_gap_eV,148,1.0,0.0,0.6951225083060213,0.6951225083060213,,,,1.0
11,water_hl_gap_eV,149,1.0,0.0,0.6951225083060213,0.6951225083060213,,,,1.0
11,water_hl_gap_eV,150,1.0,0.0,0.6951225083060213,0.6951225083060213,,,,1.0
11,water_hl_gap_eV,151,1.0,0.0,0.6951225083060213,0.6951225083060213,,,,1.0
11,water_hl_gap_eV,152,1.0,0.0,0.6951225083060213,0.6951225083060213,,,,1.0
11,water_hl_gap_eV,153,1.0,0.0,0.6951225083060213,0.6951225083060213,,,,1.0
11,water_hl_gap_eV,154,1.0,0.0,0.6951225083060213,0.6951225083060213,,,,1.0
11,water_hl_gap_eV,155,1.0,0.0,0.6951225083060213,0.6951225083060213,,,,1.0
11,water_hl_gap_eV,156,1.0,0.0,0.6951225083060213,0.6951225083060213,,,,1.0
11,water_hl_gap_eV,157,1.0,0.0,0.6951225083060213,0.6951225083060213,,,,1.0
11,water_hl_gap_eV,158,1.0,0.0,0.6951225083060213,0.6951225083060213,,,,1.0
11,water_hl_gap_eV,159,1.0,0.0,0.6951225083060213,0.6951225083060213,,,,1.0
11,water_hl_gap_eV,160,1.0,0.0,0.6951225083060213,0.6951225083060213,,,,1.0
11,water_hl_gap_eV,161,1.0,0.0,0.6951225083060213,0.6951225083060213,,,,1.0
11,water_hl_gap_eV,162,1.0,0.0,0.6951225083060213,0.6951225083060213,,,,1.0
11,water_hl_gap_eV,163,1.0,0.0,0.6951225083060213,0.6951225083060213,,,,1.0
11,water_hl_gap_eV,164,1.0,0.0,0.6951225083060213,0.6951225083060213,,,,1.0
11,water_hl_gap_eV,165,1.0,0.0,0.6951225083060213,0.6951225083060213,,,,1.0
11,water_hl_gap_eV,166,1.0,0.0,0.6951225083060213,0.6951225083060213,,,,1.0
11,water_hl_gap_eV,167,1.0,0.0,0.6951225083060213,0.6951225083060213,,,,1.0
11,water_hl_gap_eV,168,1.0,0.0,0.6951225083060213,0.6951225083060213,,,,1.0
11,water_hl_gap_eV,169,1.0,0.0,0.6951225083060213,0.6951225083060213,,,,1.0
11,water_hl_gap_eV,170,1.0,0.0,0.6951225083060213,0.6951225083060213,,,,1.0
11,water_hl_gap_eV,171,1.0,0.0,0.6951225083060213,0.6951225083060213,,,,1.0
11,water_hl_gap_eV,172,1.0,0.0,0.6951225083060213,0.6951225083060213,,,,1.0
11,water_hl_gap_eV,173,1.0,0.0,0.6951225083060213,0.6951225083060213,,,,1.0
11,water_hl_gap_eV,174,1.0,0.0,0.6951225083060213,0.6951225083060213,,,,1.0
11,water_hl_gap_eV,175,1.0,0.0,0.6951225083060213,0.6951225083060213,,,,1.0
11,water_hl_gap_eV,176,1.0,0.0,0.6951225083060213,0.6951225083060213,,,,1.0
11,water_hl_gap_eV,177,1.0,0.0,0.6951225083060213,0.6951225083060213,,,,1.0
11,water_hl_gap_eV,178,1.0,0.0,0.6951225083060213,0.6951225083060213,,,,1.0
11,water_hl_gap_eV,179,1.0,0.0,0.6951225083060213,0.6951225083060213,,,,1.0
11,water_hl_gap_eV,180,1.0,0.0,0.6951225083060213,0.6951225083060213,,,,1.0
11,water_hl_gap_eV,181,1.0,0.0,0.6951225083060213,0.6951225083060213,,,,1.0
11,water_hl_gap_eV,182,1.0,0.0,0.6951225083060213,0.6951225083060213,,,,1.0
11,water_hl_gap_eV,183,1.0,0.0,0.6951225083060213,0.6951225083060213,,,,1.0
11,water_hl_gap_eV,184,1.0,0.0,0.6951225083060213,0.6951225083060213,,,,1.0
11,water_hl_gap_eV,185,1.0,0.0,0.6951225083060213,0.6951225083060213,,,,1.0
11,water_hl_gap_eV,186,1.0,0.0,0.6951225083060213,0.6951225083060213,,,,1.0
11,water_hl_gap_eV,187,1.0,0.0,0.6951225083060213,0.6951225083060213,,,,1.0
11,water_hl_gap_eV,188,1.0,0.0,0.6951225083060213,0.6951225083060213,,,,1.0
11,water_hl_gap_eV,189,1.0,0.0,0.6951225083060213,0.6951225083060213,,,,1.0
11,water_hl_gap_eV,190,1.0,0.0,0.6951225083060213,0.6951225083060213,,,,1.0
11,water_hl_gap_eV,191,1.0,0.0,0.6951225083060213,0.6951225083060213,,,,1.0
11,water_hl_gap_eV,192,1.0,0.0,0.6951225083060213,0.6951225083060213,,,,1.0
11,water_hl_gap_eV,193,1.0,0.0,0.6951225083060213,0.6951225083060213,,,,1.0
11,water_hl_gap_eV,194,1.0,0.0,0.6951225083060213,0.6951225083060213,,,,1.0
11,water_hl_gap_eV,195,1.0,0.0,0.6951225083060213,0.6951225083060213,,,,1.0
11,water_hl_gap_eV,196,1.0,0.0,0.6951225083060213,0.6951225083060213,,,,1.0
11,water_hl_gap_eV,197,1.0,0.0,0.6951225083060213,0.6951225083060213,,,,1.0
11,water_hl_gap_eV,198,1.0,0.0,0.6951225083060213,0.6951225083060213,,,,1.0
11,water_hl_gap_eV,199,1.0,0.0,0.6951225083060213,0.6951225083060213,,,,1.0
11,water_hl_gap_eV,200,1.0,0.0,0.6951225083060213,0.6951225083060213,,,,1.0
11,water_hl_gap_eV,201,1.0,0.0,0.6951225083060213,0.6951225083060213,,,,1.0
11,water_hl_gap_eV,202,1.0,0.0,0.6951225083060213,0.6951225083060213,,,,1.0
11,water_hl_gap_eV,203,1.0,0.0,0.6951225083060213,0.6951225083060213,,,,1.0
11,water_hl_gap_eV,204,1.0,0.0,0.6951225083060213,0.6951225083060213,,,,1.0
11,water_hl_gap_eV,205,1.0,0.0,0.6951225083060213,0.6951225083060213,,,,1.0
11,water_hl_gap_eV,206,1.0,0.0,0.6951225083060213,0.6951225083060213,,,,1.0
11,water_hl_gap_eV,207,1.0,0.0,0.6951225083060213,0.6951225083060213,,,,1.0
11,water_hl_gap_eV,208,1.0,0.0,0.6951225083060213,0.6951225083060213,,,,1.0
11,water_hl_gap_eV,209,1.0,0.0,0.6951225083060213,0.6951225083060213,,,,1.0
11,water_hl_gap_eV,210,1.0,0.0,0.6951225083060213,0.6951225083060213,,,,1.0
11,water_hl_gap_eV,211,1.0,0.0,0.6951225083060213,0.6951225083060213,,,,1.0
11,water_hl_gap_eV,212,1.0,0.0,0.6951225083060213,0.6951225083060213,,,,1.0
11,water_hl_gap_eV,213,1.0,0.0,0.6951225083060213,0.6951225083060213,,,,1.0
11,water_hl_gap_eV,214,1.0,0.0,0.6951225083060213,0.6951225083060213,,,,1.0
11,water_hl_gap_eV,215,1.0,0.0,0.6951225083060213,0.6951225083060213,,,,1.0
11,water_hl_gap_eV,216,1.0,0.0,0.6951225083060213,0.6951225083060213,,,,1.0
11,water_hl_gap_eV,217,1.0,0.0,0.6951225083060213,0.6951225083060213,,,,1.0
11,water_hl_gap_eV,218,1.0,0.0,0.6951225083060213,0.6951225083060213,,,,1.0
11,water_hl_gap_eV,219,1.0,0.0,0.6951225083060213,0.6951225083060213,,,,1.0
11,water_hl_gap_eV,220,1.0,0.0,0.6951225083060213,0.6951225083060213,,,,1.0
11,water_hl_gap_eV,221,1.0,0.0,0.6951225083060213,0.6951225083060213,,,,1.0
11,water_hl_gap_eV,222,1.0,0.0,0.6951225083060213,0.6951225083060213,,,,1.0
11,water_hl_gap_eV,223,1.0,0.0,0.6951225083060213,0.6951225083060213,,,,1.0
11,water_hl_gap_eV,224,1.0,0.0,0.6951225083060213,0.6951225083060213,,,,1.0
11,water_hl_gap_eV,225,1.0,0.0,0.6951225083060213,0.6951225083060213,,,,1.0
11,water_hl_gap_eV,226,1.0,0.0,0.6951225083060213,0.6951225083060213,,,,1.0
11,water_hl_gap_eV,227,1.0,0.0,0.6951225083060213,0.6951225083060213,,,,1.0
11,water_hl_gap_eV,228,1.0,0.0,0.6951225083060213,0.6951225083060213,,,,1.0
11,water_hl_gap_eV,229,1.0,0.0,0.6951225083060213,0.6951225083060213,,,,1.0
11,water_hl_gap_eV,230,1.0,0.0,0.6951225083060213,0.6951225083060213,,,,1.0
11,water_hl_gap_eV,231,1.0,0.0,0.6951225083060213,0.6951225083060213,,,,1.0
11,water_hl_gap_eV,232,1.0,0.0,0.6951225083060213,0.6951225083060213,,,,1.0
11,water_hl_gap_eV,233,1.0,0.0,0.6951225083060213,0.6951225083060213,,,,1.0
11,water_hl_gap_eV,234,1.0,0.0,0.6951225083060213,0.6951225083060213,,,,1.0
11,water_hl_gap_eV,235,1.0,0.0,0.6951225083060213,0.6951225083060213,,,,1.0
11,water_hl_gap_eV,236,1.0,0.0,0.6951225083060213,0.6951225083060213,,,,1.0
11,water_hl_gap_eV,237,1.0,0.0,0.6951225083060213,0.6951225083060213,,,,1.0
11,water_hl_gap_eV,238,1.0,0.0,0.6951225083060213,0.6951225083060213,,,,1.0
11,water_hl_gap_eV,239,1.0,0.0,0.6951225083060213,0.6951225083060213,,,,1.0
11,water_hl_gap_eV,240,1.0,0.0,0.6951225083060213,0.6951225083060213,,,,1.0
11,water_hl_gap_eV,241,1.0,0.0,0.6951225083060213,0.6951225083060213,,,,1.0
11,water_hl_gap_eV,242,1.0,0.0,0.6951225083060213,0.6951225083060213,,,,1.0
11,water_hl_gap_eV,243,1.0,0.0,0.6951225083060213,0.6951225083060213,,,,1.0
11,water_hl_gap_eV,244,1.0,0.0,0.6951225083060213,0.6951225083060213,,,,1.0
11,water_hl_gap_eV,245,1.0,0.0,0.6951225083060213,0.6951225083060213,,,,1.0
11,water_hl_gap_eV,246,1.0,0.0,0.6951225083060213,0.6951225083060213,,,,1.0
11,water_hl_gap_eV,247,1.0,0.0,0.6951225083060213,0.6951225083060213,,,,1.0
11,water_hl_gap_eV,248,1.0,0.0,0.6951225083060213,0.6951225083060213,,,,1.0
11,water_hl_gap_eV,249,1.0,0.0,0.6951225083060213,0.6951225083060213,,,,1.0
11,water_dipole,0,1.0,0.0,0.6024454388003997,0.6024454388003997,,,,1.0
11,water_dipole,1,1.0,0.0,0.6024454388003997,0.6024454388003997,,,,1.0
11,water_dipole,2,1.0,0.0,0.6024454388003997,0.6024454388003997,,,,1.0
11,water_dipole,3,1.0,0.0,0.6024454388003997,0.6024454388003997,,,,1.0
11,water_dipole,4,1.0,0.0,0.6024454388003997,0.6024454388003997,,,,1.0
11,water_dipole,5,1.0,0.0,0.6024454388003997,0.6024454388003997,,,,1.0
11,water_dipole,6,1.0,0.0,0.6024454388003997,0.6024454388003997,,,,1.0
11,water_dipole,7,1.0,0.0,0.6024454388003997,0.6024454388003997,,,,1.0
11,water_dipole,8,1.0,0.0,0.6024454388003997,0.6024454388003997,,,,1.0
11,water_dipole,9,1.0,0.0,0.6024454388003997,0.6024454388003997,,,,1.0
11,water_dipole,10,1.0,0.0,0.6024454388003997,0.6024454388003997,,,,1.0
11,water_dipole,11,1.0,0.0,0.6024454388003997,0.6024454388003997,,,,1.0
11,water_dipole,12,1.0,0.0,0.6024454388003997,0.6024454388003997,,,,1.0
11,water_dipole,13,1.0,0.0,0.6024454388003997,0.6024454388003997,,,,1.0
11,water_dipole,14,1.0,0.0,0.6024454388003997,0.6024454388003997,,,,1.0
11,water_dipole,15,1.0,0.0,0.6024454388003997,0.6024454388003997,,,,1.0
11,water_dipole,16,1.0,0.0,0.6024454388003997,0.6024454388003997,,,,1.0
11,water_dipole,17,1.0,0.0,0.6024454388003997,0.6024454388003997,,,,1.0
11,water_dipole,18,1.0,0.0,0.6024454388003997,0.6024454388003997,,,,1.0
11,water_dipole,19,1.0,0.0,0.6024454388003997,0.6024454388003997,,,,1.0
11,water_dipole,20,1.0,0.0,0.6024454388003997,0.6024454388003997,,,,1.0
11,water_dipole,21,1.0,0.0,0.6024454388003997,0.6024454388003997,,,,1.0
11,water_dipole,22,1.0,0.0,0.6024454388003997,0.6024454388003997,,,,1.0
11,water_dipole,23,1.0,0.0,0.6024454388003997,0.6024454388003997,,,,1.0
11,water_dipole,24,1.0,0.0,0.6024454388003997,0.6024454388003997,,,,1.0
11,water_dipole,25,1.0,0.0,0.6024454388003997,0.6024454388003997,,,,1.0
11,water_dipole,26,1.0,0.0,0.6024454388003997,0.6024454388003997,,,,1.0
11,water_dipole,27,1.0,0.0,0.6024454388003997,0.6024454388003997,,,,1.0
11,water_dipole,28,1.0,0.0,0.6024454388003997,0.6024454388003997,,,,1.0
11,water_dipole,29,1.0,0.0,0.6024454388003997,0.6024454388003997,,,,1.0
11,water_dipole,30,1.0,0.0,0.6024454388003997,0.6024454388003997,,,,1.0
11,water_dipole,31,1.0,0.0,0.6024454388003997,0.6024454388003997,,,,1.0
11,water_dipole,32,1.0,0.0,0.6024454388003997,0.6024454388003997,,,,1.0
11,water_dipole,33,1.0,0.0,0.6024454388003997,0.6024454388003997,,,,1.0
11,water_dipole,34,1.0,0.0,0.6024454388003997,0.6024454388003997,,,,1.0
11,water_dipole,35,1.0,0.0,0.6024454388003997,0.6024454388003997,,,,1.0
11,water_dipole,36,1.0,0.0,0.6024454388003997,0.6024454388003997,,,,1.0
11,water_dipole,37,1.0,0.0,0.6024454388003997,0.6024454388003997,,,,1.0
11,water_dipole,38,1.0,0.0,0.6024454388003997,0.6024454388003997,,,,1.0
11,water_dipole,39,1.0,0.0,0.6024454388003997,0.6024454388003997,,,,1.0
11,water_dipole,40,1.0,0.0,0.6024454388003997,0.6024454388003997,,,,1.0
11,water_dipole,41,1.0,0.0,0.6024454388003997,0.6024454388003997,,,,1.0
11,water_dipole,42,1.0,0.0,0.6024454388003997,0.6024454388003997,,,,1.0
11,water_dipole,43,1.0,0.0,0.6024454388003997,0.6024454388003997,,,,1.0
11,water_dipole,44,1.0,0.0,0.6024454388003997,0.6024454388003997,,,,1.0
11,water_dipole,45,1.0,0.0,0.6024454388003997,0.6024454388003997,,,,1.0
11,water_dipole,46,1.0,0.0,0.6024454388003997,0.6024454388003997,,,,1.0
11,water_dipole,47,1.0,0.0,0.6024454388003997,0.6024454388003997,,,,1.0
11,water_dipole,48,1.0,0.0,0.6024454388003997,0.6024454388003997,,,,1.0
11,water_dipole,49,1.0,0.0,0.6024454388003997,0.6024454388003997,,,,1.0
11,water_dipole,50,1.0,0.0,0.6024454388003997,0.6024454388003997,,,,1.0
11,water_dipole,51,1.0,0.0,0.6024454388003997,0.6024454388003997,,,,1.0
11,water_dipole,52,1.0,0.0,0.6024454388003997,0.6024454388003997,,,,1.0
11,water_dipole,53,1.0,0.0,0.6024454388003997,0.6024454388003997,,,,1.0
11,water_dipole,54,1.0,0.0,0.6024454388003997,0.6024454388003997,,,,1.0
11,water_dipole,55,1.0,0.0,0.6024454388003997,0.6024454388003997,,,,1.0
11,water_dipole,56,1.0,0.0,0.6024454388003997,0.6024454388003997,,,,1.0
11,water_dipole,57,1.0,0.0,0.6024454388003997,0.6024454388003997,,,,1.0
11,water_dipole,58,1.0,0.0,0.6024454388003997,0.6024454388003997,,,,1.0
11,water_dipole,59,1.0,0.0,0.6024454388003997,0.6024454388003997,,,,1.0
11,water_dipole,60,1.0,0.0,0.6024454388003997,0.6024454388003997,,,,1.0
11,water_dipole,61,1.0,0.0,0.6024454388003997,0.6024454388003997,,,,1.0
11,water_dipole,62,1.0,0.0,0.6024454388003997,0.6024454388003997,,,,1.0
11,water_dipole,63,1.0,0.0,0.6024454388003997,0.6024454388003997,,,,1.0
11,water_dipole,64,1.0,0.0,0.6024454388003997,0.6024454388003997,,,,1.0
11,water_dipole,65,1.0,0.0,0.6024454388003997,0.6024454388003997,,,,1.0
11,water_dipole,66,1.0,0.0,0.6024454388003997,0.6024454388003997,,,,1.0
11,water_dipole,67,1.0,0.0,0.6024454388003997,0.6024454388003997,,,,1.0
11,water_dipole,68,1.0,0.0,0.6024454388003997,0.6024454388003997,,,,1.0
11,water_dipole,69,1.0,0.0,0.6024454388003997,0.6024454388003997,,,,1.0
11,water_dipole,70,1.0,0.0,0.6024454388003997,0.6024454388003997,,,,1.0
11,water_dipole,71,1.0,0.0,0.6024454388003997,0.6024454388003997,,,,1.0
11,water_dipole,72,1.0,0.0,0.6024454388003997,0.6024454388003997,,,,1.0
11,water_dipole,73,1.0,0.0,0.6024454388003997,0.6024454388003997,,,,1.0
11,water_dipole,74,1.0,0.0,0.6024454388003997,0.6024454388003997,,,,1.0
11,water_dipole,75,1.0,0.0,0.6024454388003997,0.6024454388003997,,,,1.0
11,water_dipole,76,1.0,0.0,0.6024454388003997,0.6024454388003997,,,,1.0
11,water_dipole,77,1.0,0.0,0.6024454388003997,0.6024454388003997,,,,1.0
11,water_dipole,78,1.0,0.0,0.6024454388003997,0.6024454388003997,,,,1.0
11,water_dipole,79,1.0,0.0,0.6024454388003997,0.6024454388003997,,,,1.0
11,water_dipole,80,1.0,0.0,0.6024454388003997,0.6024454388003997,,,,1.0
11,water_dipole,81,1.0,0.0,0.6024454388003997,0.6024454388003997,,,,1.0
11,water_dipole,82,1.0,0.0,0.6024454388003997,0.6024454388003997,,,,1.0
11,water_dipole,83,1.0,0.0,0.6024454388003997,0.6024454388003997,,,,1.0
11,water_dipole,84,1.0,0.0,0.6024454388003997,0.6024454388003997,,,,1.0
11,water_dipole,85,1.0,0.0,0.6024454388003997,0.6024454388003997,,,,1.0
11,water_dipole,86,1.0,0.0,0.6024454388003997,0.6024454388003997,,,,1.0
11,water_dipole,87,1.0,0.0,0.6024454388003997,0.6024454388003997,,,,1.0
11,water_dipole,88,1.0,0.0,0.6024454388003997,0.6024454388003997,,,,1.0
11,water_dipole,89,1.0,0.0,0.6024454388003997,0.6024454388003997,,,,1.0
11,water_dipole,90,1.0,0.0,0.6024454388003997,0.6024454388003997,,,,1.0
11,water_dipole,91,1.0,0.0,0.6024454388003997,0.6024454388003997,,,,1.0
11,water_dipole,92,1.0,0.0,0.6024454388003997,0.6024454388003997,,,,1.0
11,water_dipole,93,1.0,0.0,0.6024454388003997,0.6024454388003997,,,,1.0
11,water_dipole,94,1.0,0.0,0.6024454388003997,0.6024454388003997,,,,1.0
11,water_dipole,95,1.0,0.0,0.6024454388003997,0.6024454388003997,,,,1.0
11,water_dipole,96,1.0,0.0,0.6024454388003997,0.6024454388003997,,,,1.0
11,water_dipole,97,1.0,0.0,0.6024454388003997,0.6024454388003997,,,,1.0
11,water_dipole,98,1.0,0.0,0.6024454388003997,0.6024454388003997,,,,1.0
11,water_dipole,99,1.0,0.0,0.6024454388003997,0.6024454388003997,,,,1.0
11,water_dipole,100,1.0,0.0,0.6024454388003997,0.6024454388003997,,,,1.0
11,water_dipole,101,1.0,0.0,0.6024454388003997,0.6024454388003997,,,,1.0
11,water_dipole,102,1.0,0.0,0.6024454388003997,0.6024454388003997,,,,1.0
11,water_dipole,103,1.0,0.0,0.6024454388003997,0.6024454388003997,,,,1.0
11,water_dipole,104,1.0,0.0,0.6024454388003997,0.6024454388003997,,,,1.0
11,water_dipole,105,1.0,0.0,0.6024454388003997,0.6024454388003997,,,,1.0
11,water_dipole,106,1.0,0.0,0.6024454388003997,0.6024454388003997,,,,1.0
11,water_dipole,107,1.0,0.0,0.6024454388003997,0.6024454388003997,,,,1.0
11,water_dipole,108,1.0,0.0,0.6024454388003997,0.6024454388003997,,,,1.0
11,water_dipole,109,1.0,0.0,0.6024454388003997,0.6024454388003997,,,,1.0
11,water_dipole,110,1.0,0.0,0.6024454388003997,0.6024454388003997,,,,1.0
11,water_dipole,111,1.0,0.0,0.6024454388003997,0.6024454388003997,,,,1.0
11,water_dipole,112,1.0,0.0,0.6024454388003997,0.6024454388003997,,,,1.0
11,water_dipole,113,1.0,0.0,0.6024454388003997,0.6024454388003997,,,,1.0
11,water_dipole,114,1.0,0.0,0.6024454388003997,0.6024454388003997,,,,1.0
11,water_dipole,115,1.0,0.0,0.6024454388003997,0.6024454388003997,,,,1.0
11,water_dipole,116,1.0,0.0,0.6024454388003997,0.6024454388003997,,,,1.0
11,water_dipole,117,1.0,0.0,0.6024454388003997,0.6024454388003997,,,,1.0
11,water_dipole,118,1.0,0.0,0.6024454388003997,0.6024454388003997,,,,1.0
11,water_dipole,119,1.0,0.0,0.6024454388003997,0.6024454388003997,,,,1.0
11,water_dipole,120,1.0,0.0,0.6024454388003997,0.6024454388003997,,,,1.0
11,water_dipole,121,1.0,0.0,0.6024454388003997,0.6024454388003997,,,,1.0
11,water_dipole,122,1.0,0.0,0.6024454388003997,0.6024454388003997,,,,1.0
11,water_dipole,123,1.0,0.0,0.6024454388003997,0.6024454388003997,,,,1.0
11,water_dipole,124,1.0,0.0,0.6024454388003997,0.6024454388003997,,,,1.0
11,water_dipole,125,1.0,0.0,0.6024454388003997,0.6024454388003997,,,,1.0
11,water_dipole,126,1.0,0.0,0.6024454388003997,0.6024454388003997,,,,1.0
11,water_dipole,127,1.0,0.0,0.6024454388003997,0.6024454388003997,,,,1.0
11,water_dipole,128,1.0,0.0,0.6024454388003997,0.6024454388003997,,,,1.0
11,water_dipole,129,1.0,0.0,0.6024454388003997,0.6024454388003997,,,,1.0
11,water_dipole,130,1.0,0.0,0.6024454388003997,0.6024454388003997,,,,1.0
11,water_dipole,131,1.0,0.0,0.6024454388003997,0.6024454388003997,,,,1.0
11,water_dipole,132,1.0,0.0,0.6024454388003997,0.6024454388003997,,,,1.0
11,water_dipole,133,1.0,0.0,0.6024454388003997,0.6024454388003997,,,,1.0
11,water_dipole,134,1.0,0.0,0.6024454388003997,0.6024454388003997,,,,1.0
11,water_dipole,135,1.0,0.0,0.6024454388003997,0.6024454388003997,,,,1.0
11,water_dipole,136,1.0,0.0,0.6024454388003997,0.6024454388003997,,,,1.0
11,water_dipole,137,1.0,0.0,0.6024454388003997,0.6024454388003997,,,,1.0
11,water_dipole,138,1.0,0.0,0.6024454388003997,0.6024454388003997,,,,1.0
11,water_dipole,139,1.0,0.0,0.6024454388003997,0.6024454388003997,,,,1.0
11,water_dipole,140,1.0,0.0,0.6024454388003997,0.6024454388003997,,,,1.0
11,water_dipole,141,1.0,0.0,0.6024454388003997,0.6024454388003997,,,,1.0
11,water_dipole,142,1.0,0.0,0.6024454388003997,0.6024454388003997,,,,1.0
11,water_dipole,143,1.0,0.0,0.6024454388003997,0.6024454388003997,,,,1.0
11,water_dipole,144,1.0,0.0,0.6024454388003997,0.6024454388003997,,,,1.0
11,water_dipole,145,1.0,0.0,0.6024454388003997,0.6024454388003997,,,,1.0
11,water_dipole,146,1.0,0.0,0.6024454388003997,0.6024454388003997,,,,1.0
11,water_dipole,147,1.0,0.0,0.6024454388003997,0.6024454388003997,,,,1.0
11,water_dipole,148,1.0,0.0,0.6024454388003997,0.6024454388003997,,,,1.0
11,water_dipole,149,1.0,0.0,0.6024454388003997,0.6024454388003997,,,,1.0
11,water_dipole,150,1.0,0.0,0.6024454388003997,0.6024454388003997,,,,1.0
11,water_dipole,151,1.0,0.0,0.6024454388003997,0.6024454388003997,,,,1.0
11,water_dipole,152,1.0,0.0,0.6024454388003997,0.6024454388003997,,,,1.0
11,water_dipole,153,1.0,0.0,0.6024454388003997,0.6024454388003997,,,,1.0
11,water_dipole,154,1.0,0.0,0.6024454388003997,0.6024454388003997,,,,1.0
11,water_dipole,155,1.0,0.0,0.6024454388003997,0.6024454388003997,,,,1.0
11,water_dipole,156,1.0,0.0,0.6024454388003997,0.6024454388003997,,,,1.0
11,water_dipole,157,1.0,0.0,0.6024454388003997,0.6024454388003997,,,,1.0
11,water_dipole,158,1.0,0.0,0.6024454388003997,0.6024454388003997,,,,1.0
11,water_dipole,159,1.0,0.0,0.6024454388003997,0.6024454388003997,,,,1.0
11,water_dipole,160,1.0,0.0,0.6024454388003997,0.6024454388003997,,,,1.0
11,water_dipole,161,1.0,0.0,0.6024454388003997,0.6024454388003997,,,,1.0
11,water_dipole,162,1.0,0.0,0.6024454388003997,0.6024454388003997,,,,1.0
11,water_dipole,163,1.0,0.0,0.6024454388003997,0.6024454388003997,,,,1.0
11,water_dipole,164,1.0,0.0,0.6024454388003997,0.6024454388003997,,,,1.0
11,water_dipole,165,1.0,0.0,0.6024454388003997,0.6024454388003997,,,,1.0
11,water_dipole,166,1.0,0.0,0.6024454388003997,0.6024454388003997,,,,1.0
11,water_dipole,167,1.0,0.0,0.6024454388003997,0.6024454388003997,,,,1.0
11,water_dipole,168,1.0,0.0,0.6024454388003997,0.6024454388003997,,,,1.0
11,water_dipole,169,1.0,0.0,0.6024454388003997,0.6024454388003997,,,,1.0
11,water_dipole,170,1.0,0.0,0.6024454388003997,0.6024454388003997,,,,1.0
11,water_dipole,171,1.0,0.0,0.6024454388003997,0.6024454388003997,,,,1.0
11,water_dipole,172,1.0,0.0,0.6024454388003997,0.6024454388003997,,,,1.0
11,water_dipole,173,1.0,0.0,0.6024454388003997,0.6024454388003997,,,,1.0
11,water_dipole,174,1.0,0.0,0.6024454388003997,0.6024454388003997,,,,1.0
11,water_dipole,175,1.0,0.0,0.6024454388003997,0.6024454388003997,,,,1.0
11,water_dipole,176,1.0,0.0,0.6024454388003997,0.6024454388003997,,,,1.0
11,water_dipole,177,1.0,0.0,0.6024454388003997,0.6024454388003997,,,,1.0
11,water_dipole,178,1.0,0.0,0.6024454388003997,0.6024454388003997,,,,1.0
11,water_dipole,179,1.0,0.0,0.6024454388003997,0.6024454388003997,,,,1.0
11,water_dipole,180,1.0,0.0,0.6024454388003997,0.6024454388003997,,,,1.0
11,water_dipole,181,1.0,0.0,0.6024454388003997,0.6024454388003997,,,,1.0
11,water_dipole,182,1.0,0.0,0.6024454388003997,0.6024454388003997,,,,1.0
11,water_dipole,183,1.0,0.0,0.6024454388003997,0.6024454388003997,,,,1.0
11,water_dipole,184,1.0,0.0,0.6024454388003997,0.6024454388003997,,,,1.0
11,water_dipole,185,1.0,0.0,0.6024454388003997,0.6024454388003997,,,,1.0
11,water_dipole,186,1.0,0.0,0.6024454388003997,0.6024454388003997,,,,1.0
11,water_dipole,187,1.0,0.0,0.6024454388003997,0.6024454388003997,,,,1.0
11,water_dipole,188,1.0,0.0,0.6024454388003997,0.6024454388003997,,,,1.0
11,water_dipole,189,1.0,0.0,0.6024454388003997,0.6024454388003997,,,,1.0
11,water_dipole,190,1.0,0.0,0.6024454388003997,0.6024454388003997,,,,1.0
11,water_dipole,191,1.0,0.0,0.6024454388003997,0.6024454388003997,,,,1.0
11,water_dipole,192,1.0,0.0,0.6024454388003997,0.6024454388003997,,,,1.0
11,water_dipole,193,1.0,0.0,0.6024454388003997,0.6024454388003997,,,,1.0
11,water_dipole,194,1.0,0.0,0.6024454388003997,0.6024454388003997,,,,1.0
11,water_dipole,195,1.0,0.0,0.6024454388003997,0.6024454388003997,,,,1.0
11,water_dipole,196,1.0,0.0,0.6024454388003997,0.6024454388003997,,,,1.0
11,water_dipole,197,1.0,0.0,0.6024454388003997,0.6024454388003997,,,,1.0
11,water_dipole,198,1.0,0.0,0.6024454388003997,0.6024454388003997,,,,1.0
11,water_dipole,199,1.0,0.0,0.6024454388003997,0.6024454388003997,,,,1.0
11,water_dipole,200,1.0,0.0,0.6024454388003997,0.6024454388003997,,,,1.0
11,water_dipole,201,1.0,0.0,0.6024454388003997,0.6024454388003997,,,,1.0
11,water_dipole,202,1.0,0.0,0.6024454388003997,0.6024454388003997,,,,1.0
11,water_dipole,203,1.0,0.0,0.6024454388003997,0.6024454388003997,,,,1.0
11,water_dipole,204,1.0,0.0,0.6024454388003997,0.6024454388003997,,,,1.0
11,water_dipole,205,1.0,0.0,0.6024454388003997,0.6024454388003997,,,,1.0
11,water_dipole,206,1.0,0.0,0.6024454388003997,0.6024454388003997,,,,1.0
11,water_dipole,207,1.0,0.0,0.6024454388003997,0.6024454388003997,,,,1.0
11,water_dipole,208,1.0,0.0,0.6024454388003997,0.6024454388003997,,,,1.0
11,water_dipole,209,1.0,0.0,0.6024454388003997,0.6024454388003997,,,,1.0
11,water_dipole,210,1.0,0.0,0.6024454388003997,0.6024454388003997,,,,1.0
11,water_dipole,211,1.0,0.0,0.6024454388003997,0.6024454388003997,,,,1.0
11,water_dipole,212,1.0,0.0,0.6024454388003997,0.6024454388003997,,,,1.0
11,water_dipole,213,1.0,0.0,0.6024454388003997,0.6024454388003997,,,,1.0
11,water_dipole,214,1.0,0.0,0.6024454388003997,0.6024454388003997,,,,1.0
11,water_dipole,215,1.0,0.0,0.6024454388003997,0.6024454388003997,,,,1.0
11,water_dipole,216,1.0,0.0,0.6024454388003997,0.6024454388003997,,,,1.0
11,water_dipole,217,1.0,0.0,0.6024454388003997,0.6024454388003997,,,,1.0
11,water_dipole,218,1.0,0.0,0.6024454388003997,0.6024454388003997,,,,1.0
11,water_dipole,219,1.0,0.0,0.6024454388003997,0.6024454388003997,,,,1.0
11,water_dipole,220,1.0,0.0,0.6024454388003997,0.6024454388003997,,,,1.0
11,water_dipole,221,1.0,0.0,0.6024454388003997,0.6024454388003997,,,,1.0
11,water_dipole,222,1.0,0.0,0.6024454388003997,0.6024454388003997,,,,1.0
11,water_dipole,223,1.0,0.0,0.6024454388003997,0.6024454388003997,,,,1.0
11,water_dipole,224,1.0,0.0,0.6024454388003997,0.6024454388003997,,,,1.0
11,water_dipole,225,1.0,0.0,0.6024454388003997,0.6024454388003997,,,,1.0
11,water_dipole,226,1.0,0.0,0.6024454388003997,0.6024454388003997,,,,1.0
11,water_dipole,227,1.0,0.0,0.6024454388003997,0.6024454388003997,,,,1.0
11,water_dipole,228,1.0,0.0,0.6024454388003997,0.6024454388003997,,,,1.0
11,water_dipole,229,1.0,0.0,0.6024454388003997,0.6024454388003997,,,,1.0
11,water_dipole,230,1.0,0.0,0.6024454388003997,0.6024454388003997,,,,1.0
11,water_dipole,231,1.0,0.0,0.6024454388003997,0.6024454388003997,,,,1.0
11,water_dipole,232,1.0,0.0,0.6024454388003997,0.6024454388003997,,,,1.0
11,water_dipole,233,1.0,0.0,0.6024454388003997,0.6024454388003997,,,,1.0
11,water_dipole,234,1.0,0.0,0.6024454388003997,0.6024454388003997,,,,1.0
11,water_dipole,235,1.0,0.0,0.6024454388003997,0.6024454388003997,,,,1.0
11,water_dipole,236,1.0,0.0,0.6024454388003997,0.6024454388003997,,,,1.0
11,water_dipole,237,1.0,0.0,0.6024454388003997,0.6024454388003997,,,,1.0
11,water_dipole,238,1.0,0.0,0.6024454388003997,0.6024454388003997,,,,1.0
11,water_dipole,239,1.0,0.0,0.6024454388003997,0.6024454388003997,,,,1.0
11,water_dipole,240,1.0,0.0,0.6024454388003997,0.6024454388003997,,,,1.0
11,water_dipole,241,1.0,0.0,0.6024454388003997,0.6024454388003997,,,,1.0
11,water_dipole,242,1.0,0.0,0.6024454388003997,0.6024454388003997,,,,1.0
11,water_dipole,243,1.0,0.0,0.6024454388003997,0.6024454388003997,,,,1.0
11,water_dipole,244,1.0,0.0,0.6024454388003997,0.6024454388003997,,,,1.0
11,water_dipole,245,1.0,0.0,0.6024454388003997,0.6024454388003997,,,,1.0
11,water_dipole,246,1.0,0.0,0.6024454388003997,0.6024454388003997,,,,1.0
11,water_dipole,247,1.0,0.0,0.6024454388003997,0.6024454388003997,,,,1.0
11,water_dipole,248,1.0,0.0,0.6024454388003997,0.6024454388003997,,,,1.0
11,water_dipole,249,1.0,0.0,0.6024454388003997,0.6024454388003997,,,,1.0
11,acetone_gsolv_eV,0,1.0000001192092896,0.0,0.7115188421405081,0.7115188421405081,,,,1.0
11,acetone_gsolv_eV,1,1.0000001192092896,0.0,0.7115188421405081,0.7115188421405081,,,,1.0
11,acetone_gsolv_eV,2,1.0000001192092896,0.0,0.7115188421405081,0.7115188421405081,,,,1.0
11,acetone_gsolv_eV,3,1.0000001192092896,0.0,0.7115188421405081,0.7115188421405081,,,,1.0
11,acetone_gsolv_eV,4,1.0000001192092896,0.0,0.7115188421405081,0.7115188421405081,,,,1.0
11,acetone_gsolv_eV,5,1.0000001192092896,0.0,0.7115188421405081,0.7115188421405081,,,,1.0
11,acetone_gsolv_eV,6,1.0000001192092896,0.0,0.7115188421405081,0.7115188421405081,,,,1.0
11,acetone_gsolv_eV,7,1.0000001192092896,0.0,0.7115188421405081,0.7115188421405081,,,,1.0
11,acetone_gsolv_eV,8,1.0000001192092896,0.0,0.7115188421405081,0.7115188421405081,,,,1.0
11,acetone_gsolv_eV,9,1.0000001192092896,0.0,0.7115188421405081,0.7115188421405081,,,,1.0
11,acetone_gsolv_eV,10,1.0000001192092896,0.0,0.7115188421405081,0.7115188421405081,,,,1.0
11,acetone_gsolv_eV,11,1.0000001192092896,0.0,0.7115188421405081,0.7115188421405081,,,,1.0
11,acetone_gsolv_eV,12,1.0000001192092896,0.0,0.7115188421405081,0.7115188421405081,,,,1.0
11,acetone_gsolv_eV,13,1.0000001192092896,0.0,0.7115188421405081,0.7115188421405081,,,,1.0
11,acetone_gsolv_eV,14,1.0000001192092896,0.0,0.7115188421405081,0.7115188421405081,,,,1.0
11,acetone_gsolv_eV,15,1.0000001192092896,0.0,0.7115188421405081,0.7115188421405081,,,,1.0
11,acetone_gsolv_eV,16,1.0000001192092896,0.0,0.7115188421405081,0.7115188421405081,,,,1.0
11,acetone_gsolv_eV,17,1.0000001192092896,0.0,0.7115188421405081,0.7115188421405081,,,,1.0
11,acetone_gsolv_eV,18,1.0000001192092896,0.0,0.7115188421405081,0.7115188421405081,,,,1.0
11,acetone_gsolv_eV,19,1.0000001192092896,0.0,0.7115188421405081,0.7115188421405081,,,,1.0
11,acetone_gsolv_eV,20,1.0000001192092896,0.0,0.7115188421405081,0.7115188421405081,,,,1.0
11,acetone_gsolv_eV,21,1.0000001192092896,0.0,0.7115188421405081,0.7115188421405081,,,,1.0
11,acetone_gsolv_eV,22,1.0000001192092896,0.0,0.7115188421405081,0.7115188421405081,,,,1.0
11,acetone_gsolv_eV,23,1.0000001192092896,0.0,0.7115188421405081,0.7115188421405081,,,,1.0
11,acetone_gsolv_eV,24,1.0000001192092896,0.0,0.7115188421405081,0.7115188421405081,,,,1.0
11,acetone_gsolv_eV,25,1.0000001192092896,0.0,0.7115188421405081,0.7115188421405081,,,,1.0
11,acetone_gsolv_eV,26,1.0000001192092896,0.0,0.7115188421405081,0.7115188421405081,,,,1.0
11,acetone_gsolv_eV,27,1.0000001192092896,0.0,0.7115188421405081,0.7115188421405081,,,,1.0
11,acetone_gsolv_eV,28,1.0000001192092896,0.0,0.7115188421405081,0.7115188421405081,,,,1.0
11,acetone_gsolv_eV,29,1.0000001192092896,0.0,0.7115188421405081,0.7115188421405081,,,,1.0
11,acetone_gsolv_eV,30,1.0000001192092896,0.0,0.7115188421405081,0.7115188421405081,,,,1.0
11,acetone_gsolv_eV,31,1.0000001192092896,0.0,0.7115188421405081,0.7115188421405081,,,,1.0
11,acetone_gsolv_eV,32,1.0000001192092896,0.0,0.7115188421405081,0.7115188421405081,,,,1.0
11,acetone_gsolv_eV,33,1.0000001192092896,0.0,0.7115188421405081,0.7115188421405081,,,,1.0
11,acetone_gsolv_eV,34,1.0000001192092896,0.0,0.7115188421405081,0.7115188421405081,,,,1.0
11,acetone_gsolv_eV,35,1.0000001192092896,0.0,0.7115188421405081,0.7115188421405081,,,,1.0
11,acetone_gsolv_eV,36,1.0000001192092896,0.0,0.7115188421405081,0.7115188421405081,,,,1.0
11,acetone_gsolv_eV,37,1.0000001192092896,0.0,0.7115188421405081,0.7115188421405081,,,,1.0
11,acetone_gsolv_eV,38,1.0000001192092896,0.0,0.7115188421405081,0.7115188421405081,,,,1.0
11,acetone_gsolv_eV,39,1.0000001192092896,0.0,0.7115188421405081,0.7115188421405081,,,,1.0
11,acetone_gsolv_eV,40,1.0000001192092896,0.0,0.7115188421405081,0.7115188421405081,,,,1.0
11,acetone_gsolv_eV,41,1.0000001192092896,0.0,0.7115188421405081,0.7115188421405081,,,,1.0
11,acetone_gsolv_eV,42,1.0000001192092896,0.0,0.7115188421405081,0.7115188421405081,,,,1.0
11,acetone_gsolv_eV,43,1.0000001192092896,0.0,0.7115188421405081,0.7115188421405081,,,,1.0
11,acetone_gsolv_eV,44,1.0000001192092896,0.0,0.7115188421405081,0.7115188421405081,,,,1.0
11,acetone_gsolv_eV,45,1.0000001192092896,0.0,0.7115188421405081,0.7115188421405081,,,,1.0
11,acetone_gsolv_eV,46,1.0000001192092896,0.0,0.7115188421405081,0.7115188421405081,,,,1.0
11,acetone_gsolv_eV,47,1.0000001192092896,0.0,0.7115188421405081,0.7115188421405081,,,,1.0
11,acetone_gsolv_eV,48,1.0000001192092896,0.0,0.7115188421405081,0.7115188421405081,,,,1.0
11,acetone_gsolv_eV,49,1.0000001192092896,0.0,0.7115188421405081,0.7115188421405081,,,,1.0
11,acetone_gsolv_eV,50,1.0000001192092896,0.0,0.7115188421405081,0.7115188421405081,,,,1.0
11,acetone_gsolv_eV,51,1.0000001192092896,0.0,0.7115188421405081,0.7115188421405081,,,,1.0
11,acetone_gsolv_eV,52,1.0000001192092896,0.0,0.7115188421405081,0.7115188421405081,,,,1.0
11,acetone_gsolv_eV,53,1.0000001192092896,0.0,0.7115188421405081,0.7115188421405081,,,,1.0
11,acetone_gsolv_eV,54,1.0000001192092896,0.0,0.7115188421405081,0.7115188421405081,,,,1.0
11,acetone_gsolv_eV,55,1.0000001192092896,0.0,0.7115188421405081,0.7115188421405081,,,,1.0
11,acetone_gsolv_eV,56,1.0000001192092896,0.0,0.7115188421405081,0.7115188421405081,,,,1.0
11,acetone_gsolv_eV,57,1.0000001192092896,0.0,0.7115188421405081,0.7115188421405081,,,,1.0
11,acetone_gsolv_eV,58,1.0000001192092896,0.0,0.7115188421405081,0.7115188421405081,,,,1.0
11,acetone_gsolv_eV,59,1.0000001192092896,0.0,0.7115188421405081,0.7115188421405081,,,,1.0
11,acetone_gsolv_eV,60,1.0000001192092896,0.0,0.7115188421405081,0.7115188421405081,,,,1.0
11,acetone_gsolv_eV,61,1.0000001192092896,0.0,0.7115188421405081,0.7115188421405081,,,,1.0
11,acetone_gsolv_eV,62,1.0000001192092896,0.0,0.7115188421405081,0.7115188421405081,,,,1.0
11,acetone_gsolv_eV,63,1.0000001192092896,0.0,0.7115188421405081,0.7115188421405081,,,,1.0
11,acetone_gsolv_eV,64,1.0000001192092896,0.0,0.7115188421405081,0.7115188421405081,,,,1.0
11,acetone_gsolv_eV,65,1.0000001192092896,0.0,0.7115188421405081,0.7115188421405081,,,,1.0
11,acetone_gsolv_eV,66,1.0000001192092896,0.0,0.7115188421405081,0.7115188421405081,,,,1.0
11,acetone_gsolv_eV,67,1.0000001192092896,0.0,0.7115188421405081,0.7115188421405081,,,,1.0
11,acetone_gsolv_eV,68,1.0000001192092896,0.0,0.7115188421405081,0.7115188421405081,,,,1.0
11,acetone_gsolv_eV,69,1.0000001192092896,0.0,0.7115188421405081,0.7115188421405081,,,,1.0
11,acetone_gsolv_eV,70,1.0000001192092896,0.0,0.7115188421405081,0.7115188421405081,,,,1.0
11,acetone_gsolv_eV,71,1.0000001192092896,0.0,0.7115188421405081,0.7115188421405081,,,,1.0
11,acetone_gsolv_eV,72,1.0000001192092896,0.0,0.7115188421405081,0.7115188421405081,,,,1.0
11,acetone_gsolv_eV,73,1.0000001192092896,0.0,0.7115188421405081,0.7115188421405081,,,,1.0
11,acetone_gsolv_eV,74,1.0000001192092896,0.0,0.7115188421405081,0.7115188421405081,,,,1.0
11,acetone_gsolv_eV,75,1.0000001192092896,0.0,0.7115188421405081,0.7115188421405081,,,,1.0
11,acetone_gsolv_eV,76,1.0000001192092896,0.0,0.7115188421405081,0.7115188421405081,,,,1.0
11,acetone_gsolv_eV,77,1.0000001192092896,0.0,0.7115188421405081,0.7115188421405081,,,,1.0
11,acetone_gsolv_eV,78,1.0000001192092896,0.0,0.7115188421405081,0.7115188421405081,,,,1.0
11,acetone_gsolv_eV,79,1.0000001192092896,0.0,0.7115188421405081,0.7115188421405081,,,,1.0
11,acetone_gsolv_eV,80,1.0000001192092896,0.0,0.7115188421405081,0.7115188421405081,,,,1.0
11,acetone_gsolv_eV,81,1.0000001192092896,0.0,0.7115188421405081,0.7115188421405081,,,,1.0
11,acetone_gsolv_eV,82,1.0000001192092896,0.0,0.7115188421405081,0.7115188421405081,,,,1.0
11,acetone_gsolv_eV,83,1.0000001192092896,0.0,0.7115188421405081,0.7115188421405081,,,,1.0
11,acetone_gsolv_eV,84,1.0000001192092896,0.0,0.7115188421405081,0.7115188421405081,,,,1.0
11,acetone_gsolv_eV,85,1.0000001192092896,0.0,0.7115188421405081,0.7115188421405081,,,,1.0
11,acetone_gsolv_eV,86,1.0000001192092896,0.0,0.7115188421405081,0.7115188421405081,,,,1.0
11,acetone_gsolv_eV,87,1.0000001192092896,0.0,0.7115188421405081,0.7115188421405081,,,,1.0
11,acetone_gsolv_eV,88,1.0000001192092896,0.0,0.7115188421405081,0.7115188421405081,,,,1.0
11,acetone_gsolv_eV,89,1.0000001192092896,0.0,0.7115188421405081,0.7115188421405081,,,,1.0
11,acetone_gsolv_eV,90,1.0000001192092896,0.0,0.7115188421405081,0.7115188421405081,,,,1.0
11,acetone_gsolv_eV,91,1.0000001192092896,0.0,0.7115188421405081,0.7115188421405081,,,,1.0
11,acetone_gsolv_eV,92,1.0000001192092896,0.0,0.7115188421405081,0.7115188421405081,,,,1.0
11,acetone_gsolv_eV,93,1.0000001192092896,0.0,0.7115188421405081,0.7115188421405081,,,,1.0
11,acetone_gsolv_eV,94,1.0000001192092896,0.0,0.7115188421405081,0.7115188421405081,,,,1.0
11,acetone_gsolv_eV,95,1.0000001192092896,0.0,0.7115188421405081,0.7115188421405081,,,,1.0
11,acetone_gsolv_eV,96,1.0000001192092896,0.0,0.7115188421405081,0.7115188421405081,,,,1.0
11,acetone_gsolv_eV,97,1.0000001192092896,0.0,0.7115188421405081,0.7115188421405081,,,,1.0
11,acetone_gsolv_eV,98,1.0000001192092896,0.0,0.7115188421405081,0.7115188421405081,,,,1.0
11,acetone_gsolv_eV,99,1.0000001192092896,0.0,0.7115188421405081,0.7115188421405081,,,,1.0
11,acetone_gsolv_eV,100,1.0000001192092896,0.0,0.7115188421405081,0.7115188421405081,,,,1.0
11,acetone_gsolv_eV,101,1.0000001192092896,0.0,0.7115188421405081,0.7115188421405081,,,,1.0
11,acetone_gsolv_eV,102,1.0000001192092896,0.0,0.7115188421405081,0.7115188421405081,,,,1.0
11,acetone_gsolv_eV,103,1.0000001192092896,0.0,0.7115188421405081,0.7115188421405081,,,,1.0
11,acetone_gsolv_eV,104,1.0000001192092896,0.0,0.7115188421405081,0.7115188421405081,,,,1.0
11,acetone_gsolv_eV,105,1.0000001192092896,0.0,0.7115188421405081,0.7115188421405081,,,,1.0
11,acetone_gsolv_eV,106,1.0000001192092896,0.0,0.7115188421405081,0.7115188421405081,,,,1.0
11,acetone_gsolv_eV,107,1.0000001192092896,0.0,0.7115188421405081,0.7115188421405081,,,,1.0
11,acetone_gsolv_eV,108,1.0000001192092896,0.0,0.7115188421405081,0.7115188421405081,,,,1.0
11,acetone_gsolv_eV,109,1.0000001192092896,0.0,0.7115188421405081,0.7115188421405081,,,,1.0
11,acetone_gsolv_eV,110,1.0000001192092896,0.0,0.7115188421405081,0.7115188421405081,,,,1.0
11,acetone_gsolv_eV,111,1.0000001192092896,0.0,0.7115188421405081,0.7115188421405081,,,,1.0
11,acetone_gsolv_eV,112,1.0000001192092896,0.0,0.7115188421405081,0.7115188421405081,,,,1.0
11,acetone_gsolv_eV,113,1.0000001192092896,0.0,0.7115188421405081,0.7115188421405081,,,,1.0
11,acetone_gsolv_eV,114,1.0000001192092896,0.0,0.7115188421405081,0.7115188421405081,,,,1.0
11,acetone_gsolv_eV,115,1.0000001192092896,0.0,0.7115188421405081,0.7115188421405081,,,,1.0
11,acetone_gsolv_eV,116,1.0000001192092896,0.0,0.7115188421405081,0.7115188421405081,,,,1.0
11,acetone_gsolv_eV,117,1.0000001192092896,0.0,0.7115188421405081,0.7115188421405081,,,,1.0
11,acetone_gsolv_eV,118,1.0000001192092896,0.0,0.7115188421405081,0.7115188421405081,,,,1.0
11,acetone_gsolv_eV,119,1.0000001192092896,0.0,0.7115188421405081,0.7115188421405081,,,,1.0
11,acetone_gsolv_eV,120,1.0000001192092896,0.0,0.7115188421405081,0.7115188421405081,,,,1.0
11,acetone_gsolv_eV,121,1.0000001192092896,0.0,0.7115188421405081,0.7115188421405081,,,,1.0
11,acetone_gsolv_eV,122,1.0000001192092896,0.0,0.7115188421405081,0.7115188421405081,,,,1.0
11,acetone_gsolv_eV,123,1.0000001192092896,0.0,0.7115188421405081,0.7115188421405081,,,,1.0
11,acetone_gsolv_eV,124,1.0000001192092896,0.0,0.7115188421405081,0.7115188421405081,,,,1.0
11,acetone_gsolv_eV,125,1.0000001192092896,0.0,0.7115188421405081,0.7115188421405081,,,,1.0
11,acetone_gsolv_eV,126,1.0000001192092896,0.0,0.7115188421405081,0.7115188421405081,,,,1.0
11,acetone_gsolv_eV,127,1.0000001192092896,0.0,0.7115188421405081,0.7115188421405081,,,,1.0
11,acetone_gsolv_eV,128,1.0000001192092896,0.0,0.7115188421405081,0.7115188421405081,,,,1.0
11,acetone_gsolv_eV,129,1.0000001192092896,0.0,0.7115188421405081,0.7115188421405081,,,,1.0
11,acetone_gsolv_eV,130,1.0000001192092896,0.0,0.7115188421405081,0.7115188421405081,,,,1.0
11,acetone_gsolv_eV,131,1.0000001192092896,0.0,0.7115188421405081,0.7115188421405081,,,,1.0
11,acetone_gsolv_eV,132,1.0000001192092896,0.0,0.7115188421405081,0.7115188421405081,,,,1.0
11,acetone_gsolv_eV,133,1.0000001192092896,0.0,0.7115188421405081,0.7115188421405081,,,,1.0
11,acetone_gsolv_eV,134,1.0000001192092896,0.0,0.7115188421405081,0.7115188421405081,,,,1.0
11,acetone_gsolv_eV,135,1.0000001192092896,0.0,0.7115188421405081,0.7115188421405081,,,,1.0
11,acetone_gsolv_eV,136,1.0000001192092896,0.0,0.7115188421405081,0.7115188421405081,,,,1.0
11,acetone_gsolv_eV,137,1.0000001192092896,0.0,0.7115188421405081,0.7115188421405081,,,,1.0
11,acetone_gsolv_eV,138,1.0000001192092896,0.0,0.7115188421405081,0.7115188421405081,,,,1.0
11,acetone_gsolv_eV,139,1.0000001192092896,0.0,0.7115188421405081,0.7115188421405081,,,,1.0
11,acetone_gsolv_eV,140,1.0000001192092896,0.0,0.7115188421405081,0.7115188421405081,,,,1.0
11,acetone_gsolv_eV,141,1.0000001192092896,0.0,0.7115188421405081,0.7115188421405081,,,,1.0
11,acetone_gsolv_eV,142,1.0000001192092896,0.0,0.7115188421405081,0.7115188421405081,,,,1.0
11,acetone_gsolv_eV,143,1.0000001192092896,0.0,0.7115188421405081,0.7115188421405081,,,,1.0
11,acetone_gsolv_eV,144,1.0000001192092896,0.0,0.7115188421405081,0.7115188421405081,,,,1.0
11,acetone_gsolv_eV,145,1.0000001192092896,0.0,0.7115188421405081,0.7115188421405081,,,,1.0
11,acetone_gsolv_eV,146,1.0000001192092896,0.0,0.7115188421405081,0.7115188421405081,,,,1.0
11,acetone_gsolv_eV,147,1.0000001192092896,0.0,0.7115188421405081,0.7115188421405081,,,,1.0
11,acetone_gsolv_eV,148,1.0000001192092896,0.0,0.7115188421405081,0.7115188421405081,,,,1.0
11,acetone_gsolv_eV,149,1.0000001192092896,0.0,0.7115188421405081,0.7115188421405081,,,,1.0
11,acetone_gsolv_eV,150,1.0000001192092896,0.0,0.7115188421405081,0.7115188421405081,,,,1.0
11,acetone_gsolv_eV,151,1.0000001192092896,0.0,0.7115188421405081,0.7115188421405081,,,,1.0
11,acetone_gsolv_eV,152,1.0000001192092896,0.0,0.7115188421405081,0.7115188421405081,,,,1.0
11,acetone_gsolv_eV,153,1.0000001192092896,0.0,0.7115188421405081,0.7115188421405081,,,,1.0
11,acetone_gsolv_eV,154,1.0000001192092896,0.0,0.7115188421405081,0.7115188421405081,,,,1.0
11,acetone_gsolv_eV,155,1.0000001192092896,0.0,0.7115188421405081,0.7115188421405081,,,,1.0
11,acetone_gsolv_eV,156,1.0000001192092896,0.0,0.7115188421405081,0.7115188421405081,,,,1.0
11,acetone_gsolv_eV,157,1.0000001192092896,0.0,0.7115188421405081,0.7115188421405081,,,,1.0
11,acetone_gsolv_eV,158,1.0000001192092896,0.0,0.7115188421405081,0.7115188421405081,,,,1.0
11,acetone_gsolv_eV,159,1.0000001192092896,0.0,0.7115188421405081,0.7115188421405081,,,,1.0
11,acetone_gsolv_eV,160,1.0000001192092896,0.0,0.7115188421405081,0.7115188421405081,,,,1.0
11,acetone_gsolv_eV,161,1.0000001192092896,0.0,0.7115188421405081,0.7115188421405081,,,,1.0
11,acetone_gsolv_eV,162,1.0000001192092896,0.0,0.7115188421405081,0.7115188421405081,,,,1.0
11,acetone_gsolv_eV,163,1.0000001192092896,0.0,0.7115188421405081,0.7115188421405081,,,,1.0
11,acetone_gsolv_eV,164,1.0000001192092896,0.0,0.7115188421405081,0.7115188421405081,,,,1.0
11,acetone_gsolv_eV,165,1.0000001192092896,0.0,0.7115188421405081,0.7115188421405081,,,,1.0
11,acetone_gsolv_eV,166,1.0000001192092896,0.0,0.7115188421405081,0.7115188421405081,,,,1.0
11,acetone_gsolv_eV,167,1.0000001192092896,0.0,0.7115188421405081,0.7115188421405081,,,,1.0
11,acetone_gsolv_eV,168,1.0000001192092896,0.0,0.7115188421405081,0.7115188421405081,,,,1.0
11,acetone_gsolv_eV,169,1.0000001192092896,0.0,0.7115188421405081,0.7115188421405081,,,,1.0
11,acetone_gsolv_eV,170,1.0000001192092896,0.0,0.7115188421405081,0.7115188421405081,,,,1.0
11,acetone_gsolv_eV,171,1.0000001192092896,0.0,0.7115188421405081,0.7115188421405081,,,,1.0
11,acetone_gsolv_eV,172,1.0000001192092896,0.0,0.7115188421405081,0.7115188421405081,,,,1.0
11,acetone_gsolv_eV,173,1.0000001192092896,0.0,0.7115188421405081,0.7115188421405081,,,,1.0
11,acetone_gsolv_eV,174,1.0000001192092896,0.0,0.7115188421405081,0.7115188421405081,,,,1.0
11,acetone_gsolv_eV,175,1.0000001192092896,0.0,0.7115188421405081,0.7115188421405081,,,,1.0
11,acetone_gsolv_eV,176,1.0000001192092896,0.0,0.7115188421405081,0.7115188421405081,,,,1.0
11,acetone_gsolv_eV,177,1.0000001192092896,0.0,0.7115188421405081,0.7115188421405081,,,,1.0
11,acetone_gsolv_eV,178,1.0000001192092896,0.0,0.7115188421405081,0.7115188421405081,,,,1.0
11,acetone_gsolv_eV,179,1.0000001192092896,0.0,0.7115188421405081,0.7115188421405081,,,,1.0
11,acetone_gsolv_eV,180,1.0000001192092896,0.0,0.7115188421405081,0.7115188421405081,,,,1.0
11,acetone_gsolv_eV,181,1.0000001192092896,0.0,0.7115188421405081,0.7115188421405081,,,,1.0
11,acetone_gsolv_eV,182,1.0000001192092896,0.0,0.7115188421405081,0.7115188421405081,,,,1.0
11,acetone_gsolv_eV,183,1.0000001192092896,0.0,0.7115188421405081,0.7115188421405081,,,,1.0
11,acetone_gsolv_eV,184,1.0000001192092896,0.0,0.7115188421405081,0.7115188421405081,,,,1.0
11,acetone_gsolv_eV,185,1.0000001192092896,0.0,0.7115188421405081,0.7115188421405081,,,,1.0
11,acetone_gsolv_eV,186,1.0000001192092896,0.0,0.7115188421405081,0.7115188421405081,,,,1.0
11,acetone_gsolv_eV,187,1.0000001192092896,0.0,0.7115188421405081,0.7115188421405081,,,,1.0
11,acetone_gsolv_eV,188,1.0000001192092896,0.0,0.7115188421405081,0.7115188421405081,,,,1.0
11,acetone_gsolv_eV,189,1.0000001192092896,0.0,0.7115188421405081,0.7115188421405081,,,,1.0
11,acetone_gsolv_eV,190,1.0000001192092896,0.0,0.7115188421405081,0.7115188421405081,,,,1.0
11,acetone_gsolv_eV,191,1.0000001192092896,0.0,0.7115188421405081,0.7115188421405081,,,,1.0
11,acetone_gsolv_eV,192,1.0000001192092896,0.0,0.7115188421405081,0.7115188421405081,,,,1.0
11,acetone_gsolv_eV,193,1.0000001192092896,0.0,0.7115188421405081,0.7115188421405081,,,,1.0
11,acetone_gsolv_eV,194,1.0000001192092896,0.0,0.7115188421405081,0.7115188421405081,,,,1.0
11,acetone_gsolv_eV,195,1.0000001192092896,0.0,0.7115188421405081,0.7115188421405081,,,,1.0
11,acetone_gsolv_eV,196,1.0000001192092896,0.0,0.7115188421405081,0.7115188421405081,,,,1.0
11,acetone_gsolv_eV,197,1.0000001192092896,0.0,0.7115188421405081,0.7115188421405081,,,,1.0
11,acetone_gsolv_eV,198,1.0000001192092896,0.0,0.7115188421405081,0.7115188421405081,,,,1.0
11,acetone_gsolv_eV,199,1.0000001192092896,0.0,0.7115188421405081,0.7115188421405081,,,,1.0
11,acetone_gsolv_eV,200,1.0000001192092896,0.0,0.7115188421405081,0.7115188421405081,,,,1.0
11,acetone_gsolv_eV,201,1.0000001192092896,0.0,0.7115188421405081,0.7115188421405081,,,,1.0
11,acetone_gsolv_eV,202,1.0000001192092896,0.0,0.7115188421405081,0.7115188421405081,,,,1.0
11,acetone_gsolv_eV,203,1.0000001192092896,0.0,0.7115188421405081,0.7115188421405081,,,,1.0
11,acetone_gsolv_eV,204,1.0000001192092896,0.0,0.7115188421405081,0.7115188421405081,,,,1.0
11,acetone_gsolv_eV,205,1.0000001192092896,0.0,0.7115188421405081,0.7115188421405081,,,,1.0
11,acetone_gsolv_eV,206,1.0000001192092896,0.0,0.7115188421405081,0.7115188421405081,,,,1.0
11,acetone_gsolv_eV,207,1.0000001192092896,0.0,0.7115188421405081,0.7115188421405081,,,,1.0
11,acetone_gsolv_eV,208,1.0000001192092896,0.0,0.7115188421405081,0.7115188421405081,,,,1.0
11,acetone_gsolv_eV,209,1.0000001192092896,0.0,0.7115188421405081,0.7115188421405081,,,,1.0
11,acetone_gsolv_eV,210,1.0000001192092896,0.0,0.7115188421405081,0.7115188421405081,,,,1.0
11,acetone_gsolv_eV,211,1.0000001192092896,0.0,0.7115188421405081,0.7115188421405081,,,,1.0
11,acetone_gsolv_eV,212,1.0000001192092896,0.0,0.7115188421405081,0.7115188421405081,,,,1.0
11,acetone_gsolv_eV,213,1.0000001192092896,0.0,0.7115188421405081,0.7115188421405081,,,,1.0
11,acetone_gsolv_eV,214,1.0000001192092896,0.0,0.7115188421405081,0.7115188421405081,,,,1.0
11,acetone_gsolv_eV,215,1.0000001192092896,0.0,0.7115188421405081,0.7115188421405081,,,,1.0
11,acetone_gsolv_eV,216,1.0000001192092896,0.0,0.7115188421405081,0.7115188421405081,,,,1.0
11,acetone_gsolv_eV,217,1.0000001192092896,0.0,0.7115188421405081,0.7115188421405081,,,,1.0
11,acetone_gsolv_eV,218,1.0000001192092896,0.0,0.7115188421405081,0.7115188421405081,,,,1.0
11,acetone_gsolv_eV,219,1.0000001192092896,0.0,0.7115188421405081,0.7115188421405081,,,,1.0
11,acetone_gsolv_eV,220,1.0000001192092896,0.0,0.7115188421405081,0.7115188421405081,,,,1.0
11,acetone_gsolv_eV,221,1.0000001192092896,0.0,0.7115188421405081,0.7115188421405081,,,,1.0
11,acetone_gsolv_eV,222,1.0000001192092896,0.0,0.7115188421405081,0.7115188421405081,,,,1.0
11,acetone_gsolv_eV,223,1.0000001192092896,0.0,0.7115188421405081,0.7115188421405081,,,,1.0
11,acetone_gsolv_eV,224,1.0000001192092896,0.0,0.7115188421405081,0.7115188421405081,,,,1.0
11,acetone_gsolv_eV,225,1.0000001192092896,0.0,0.7115188421405081,0.7115188421405081,,,,1.0
11,acetone_gsolv_eV,226,1.0000001192092896,0.0,0.7115188421405081,0.7115188421405081,,,,1.0
11,acetone_gsolv_eV,227,1.0000001192092896,0.0,0.7115188421405081,0.7115188421405081,,,,1.0
11,acetone_gsolv_eV,228,1.0000001192092896,0.0,0.7115188421405081,0.7115188421405081,,,,1.0
11,acetone_gsolv_eV,229,1.0000001192092896,0.0,0.7115188421405081,0.7115188421405081,,,,1.0
11,acetone_gsolv_eV,230,1.0000001192092896,0.0,0.7115188421405081,0.7115188421405081,,,,1.0
11,acetone_gsolv_eV,231,1.0000001192092896,0.0,0.7115188421405081,0.7115188421405081,,,,1.0
11,acetone_gsolv_eV,232,1.0000001192092896,0.0,0.7115188421405081,0.7115188421405081,,,,1.0
11,acetone_gsolv_eV,233,1.0000001192092896,0.0,0.7115188421405081,0.7115188421405081,,,,1.0
11,acetone_gsolv_eV,234,1.0000001192092896,0.0,0.7115188421405081,0.7115188421405081,,,,1.0
11,acetone_gsolv_eV,235,1.0000001192092896,0.0,0.7115188421405081,0.7115188421405081,,,,1.0
11,acetone_gsolv_eV,236,1.0000001192092896,0.0,0.7115188421405081,0.7115188421405081,,,,1.0
11,acetone_gsolv_eV,237,1.0000001192092896,0.0,0.7115188421405081,0.7115188421405081,,,,1.0
11,acetone_gsolv_eV,238,1.0000001192092896,0.0,0.7115188421405081,0.7115188421405081,,,,1.0
11,acetone_gsolv_eV,239,1.0000001192092896,0.0,0.7115188421405081,0.7115188421405081,,,,1.0
11,acetone_gsolv_eV,240,1.0000001192092896,0.0,0.7115188421405081,0.7115188421405081,,,,1.0
11,acetone_gsolv_eV,241,1.0000001192092896,0.0,0.7115188421405081,0.7115188421405081,,,,1.0
11,acetone_gsolv_eV,242,1.0000001192092896,0.0,0.7115188421405081,0.7115188421405081,,,,1.0
11,acetone_gsolv_eV,243,1.0000001192092896,0.0,0.7115188421405081,0.7115188421405081,,,,1.0
11,acetone_gsolv_eV,244,1.0000001192092896,0.0,0.7115188421405081,0.7115188421405081,,,,1.0
11,acetone_gsolv_eV,245,1.0000001192092896,0.0,0.7115188421405081,0.7115188421405081,,,,1.0
11,acetone_gsolv_eV,246,1.0000001192092896,0.0,0.7115188421405081,0.7115188421405081,,,,1.0
11,acetone_gsolv_eV,247,1.0000001192092896,0.0,0.7115188421405081,0.7115188421405081,,,,1.0
11,acetone_gsolv_eV,248,1.0000001192092896,0.0,0.7115188421405081,0.7115188421405081,,,,1.0
11,acetone_gsolv_eV,249,1.0000001192092896,0.0,0.7115188421405081,0.7115188421405081,,,,1.0
11,acetone_hl_gap_eV,0,1.0,0.0,0.7014132050946125,0.7014132050946125,,,,1.0
11,acetone_hl_gap_eV,1,1.0,0.0,0.7014132050946125,0.7014132050946125,,,,1.0
11,acetone_hl_gap_eV,2,1.0,0.0,0.7014132050946125,0.7014132050946125,,,,1.0
11,acetone_hl_gap_eV,3,1.0,0.0,0.7014132050946125,0.7014132050946125,,,,1.0
11,acetone_hl_gap_eV,4,1.0,0.0,0.7014132050946125,0.7014132050946125,,,,1.0
11,acetone_hl_gap_eV,5,1.0,0.0,0.7014132050946125,0.7014132050946125,,,,1.0
11,acetone_hl_gap_eV,6,1.0,0.0,0.7014132050946125,0.7014132050946125,,,,1.0
11,acetone_hl_gap_eV,7,1.0,0.0,0.7014132050946125,0.7014132050946125,,,,1.0
11,acetone_hl_gap_eV,8,1.0,0.0,0.7014132050946125,0.7014132050946125,,,,1.0
11,acetone_hl_gap_eV,9,1.0,0.0,0.7014132050946125,0.7014132050946125,,,,1.0
11,acetone_hl_gap_eV,10,1.0,0.0,0.7014132050946125,0.7014132050946125,,,,1.0
11,acetone_hl_gap_eV,11,1.0,0.0,0.7014132050946125,0.7014132050946125,,,,1.0
11,acetone_hl_gap_eV,12,1.0,0.0,0.7014132050946125,0.7014132050946125,,,,1.0
11,acetone_hl_gap_eV,13,1.0,0.0,0.7014132050946125,0.7014132050946125,,,,1.0
11,acetone_hl_gap_eV,14,1.0,0.0,0.7014132050946125,0.7014132050946125,,,,1.0
11,acetone_hl_gap_eV,15,1.0,0.0,0.7014132050946125,0.7014132050946125,,,,1.0
11,acetone_hl_gap_eV,16,1.0,0.0,0.7014132050946125,0.7014132050946125,,,,1.0
11,acetone_hl_gap_eV,17,1.0,0.0,0.7014132050946125,0.7014132050946125,,,,1.0
11,acetone_hl_gap_eV,18,1.0,0.0,0.7014132050946125,0.7014132050946125,,,,1.0
11,acetone_hl_gap_eV,19,1.0,0.0,0.7014132050946125,0.7014132050946125,,,,1.0
11,acetone_hl_gap_eV,20,1.0,0.0,0.7014132050946125,0.7014132050946125,,,,1.0
11,acetone_hl_gap_eV,21,1.0,0.0,0.7014132050946125,0.7014132050946125,,,,1.0
11,acetone_hl_gap_eV,22,1.0,0.0,0.7014132050946125,0.7014132050946125,,,,1.0
11,acetone_hl_gap_eV,23,1.0,0.0,0.7014132050946125,0.7014132050946125,,,,1.0
11,acetone_hl_gap_eV,24,1.0,0.0,0.7014132050946125,0.7014132050946125,,,,1.0
11,acetone_hl_gap_eV,25,1.0,0.0,0.7014132050946125,0.7014132050946125,,,,1.0
11,acetone_hl_gap_eV,26,1.0,0.0,0.7014132050946125,0.7014132050946125,,,,1.0
11,acetone_hl_gap_eV,27,1.0,0.0,0.7014132050946125,0.7014132050946125,,,,1.0
11,acetone_hl_gap_eV,28,1.0,0.0,0.7014132050946125,0.7014132050946125,,,,1.0
11,acetone_hl_gap_eV,29,1.0,0.0,0.7014132050946125,0.7014132050946125,,,,1.0
11,acetone_hl_gap_eV,30,1.0,0.0,0.7014132050946125,0.7014132050946125,,,,1.0
11,acetone_hl_gap_eV,31,1.0,0.0,0.7014132050946125,0.7014132050946125,,,,1.0
11,acetone_hl_gap_eV,32,1.0,0.0,0.7014132050946125,0.7014132050946125,,,,1.0
11,acetone_hl_gap_eV,33,1.0,0.0,0.7014132050946125,0.7014132050946125,,,,1.0
11,acetone_hl_gap_eV,34,1.0,0.0,0.7014132050946125,0.7014132050946125,,,,1.0
11,acetone_hl_gap_eV,35,1.0,0.0,0.7014132050946125,0.7014132050946125,,,,1.0
11,acetone_hl_gap_eV,36,1.0,0.0,0.7014132050946125,0.7014132050946125,,,,1.0
11,acetone_hl_gap_eV,37,1.0,0.0,0.7014132050946125,0.7014132050946125,,,,1.0
11,acetone_hl_gap_eV,38,1.0,0.0,0.7014132050946125,0.7014132050946125,,,,1.0
11,acetone_hl_gap_eV,39,1.0,0.0,0.7014132050946125,0.7014132050946125,,,,1.0
11,acetone_hl_gap_eV,40,1.0,0.0,0.7014132050946125,0.7014132050946125,,,,1.0
11,acetone_hl_gap_eV,41,1.0,0.0,0.7014132050946125,0.7014132050946125,,,,1.0
11,acetone_hl_gap_eV,42,1.0,0.0,0.7014132050946125,0.7014132050946125,,,,1.0
11,acetone_hl_gap_eV,43,1.0,0.0,0.7014132050946125,0.7014132050946125,,,,1.0
11,acetone_hl_gap_eV,44,1.0,0.0,0.7014132050946125,0.7014132050946125,,,,1.0
11,acetone_hl_gap_eV,45,1.0,0.0,0.7014132050946125,0.7014132050946125,,,,1.0
11,acetone_hl_gap_eV,46,1.0,0.0,0.7014132050946125,0.7014132050946125,,,,1.0
11,acetone_hl_gap_eV,47,1.0,0.0,0.7014132050946125,0.7014132050946125,,,,1.0
11,acetone_hl_gap_eV,48,1.0,0.0,0.7014132050946125,0.7014132050946125,,,,1.0
11,acetone_hl_gap_eV,49,1.0,0.0,0.7014132050946125,0.7014132050946125,,,,1.0
11,acetone_hl_gap_eV,50,1.0,0.0,0.7014132050946125,0.7014132050946125,,,,1.0
11,acetone_hl_gap_eV,51,1.0,0.0,0.7014132050946125,0.7014132050946125,,,,1.0
11,acetone_hl_gap_eV,52,1.0,0.0,0.7014132050946125,0.7014132050946125,,,,1.0
11,acetone_hl_gap_eV,53,1.0,0.0,0.7014132050946125,0.7014132050946125,,,,1.0
11,acetone_hl_gap_eV,54,1.0,0.0,0.7014132050946125,0.7014132050946125,,,,1.0
11,acetone_hl_gap_eV,55,1.0,0.0,0.7014132050946125,0.7014132050946125,,,,1.0
11,acetone_hl_gap_eV,56,1.0,0.0,0.7014132050946125,0.7014132050946125,,,,1.0
11,acetone_hl_gap_eV,57,1.0,0.0,0.7014132050946125,0.7014132050946125,,,,1.0
11,acetone_hl_gap_eV,58,1.0,0.0,0.7014132050946125,0.7014132050946125,,,,1.0
11,acetone_hl_gap_eV,59,1.0,0.0,0.7014132050946125,0.7014132050946125,,,,1.0
11,acetone_hl_gap_eV,60,1.0,0.0,0.7014132050946125,0.7014132050946125,,,,1.0
11,acetone_hl_gap_eV,61,1.0,0.0,0.7014132050946125,0.7014132050946125,,,,1.0
11,acetone_hl_gap_eV,62,1.0,0.0,0.7014132050946125,0.7014132050946125,,,,1.0
11,acetone_hl_gap_eV,63,1.0,0.0,0.7014132050946125,0.7014132050946125,,,,1.0
11,acetone_hl_gap_eV,64,1.0,0.0,0.7014132050946125,0.7014132050946125,,,,1.0
11,acetone_hl_gap_eV,65,1.0,0.0,0.7014132050946125,0.7014132050946125,,,,1.0
11,acetone_hl_gap_eV,66,1.0,0.0,0.7014132050946125,0.7014132050946125,,,,1.0
11,acetone_hl_gap_eV,67,1.0,0.0,0.7014132050946125,0.7014132050946125,,,,1.0
11,acetone_hl_gap_eV,68,1.0,0.0,0.7014132050946125,0.7014132050946125,,,,1.0
11,acetone_hl_gap_eV,69,1.0,0.0,0.7014132050946125,0.7014132050946125,,,,1.0
11,acetone_hl_gap_eV,70,1.0,0.0,0.7014132050946125,0.7014132050946125,,,,1.0
11,acetone_hl_gap_eV,71,1.0,0.0,0.7014132050946125,0.7014132050946125,,,,1.0
11,acetone_hl_gap_eV,72,1.0,0.0,0.7014132050946125,0.7014132050946125,,,,1.0
11,acetone_hl_gap_eV,73,1.0,0.0,0.7014132050946125,0.7014132050946125,,,,1.0
11,acetone_hl_gap_eV,74,1.0,0.0,0.7014132050946125,0.7014132050946125,,,,1.0
11,acetone_hl_gap_eV,75,1.0,0.0,0.7014132050946125,0.7014132050946125,,,,1.0
11,acetone_hl_gap_eV,76,1.0,0.0,0.7014132050946125,0.7014132050946125,,,,1.0
11,acetone_hl_gap_eV,77,1.0,0.0,0.7014132050946125,0.7014132050946125,,,,1.0
11,acetone_hl_gap_eV,78,1.0,0.0,0.7014132050946125,0.7014132050946125,,,,1.0
11,acetone_hl_gap_eV,79,1.0,0.0,0.7014132050946125,0.7014132050946125,,,,1.0
11,acetone_hl_gap_eV,80,1.0,0.0,0.7014132050946125,0.7014132050946125,,,,1.0
11,acetone_hl_gap_eV,81,1.0,0.0,0.7014132050946125,0.7014132050946125,,,,1.0
11,acetone_hl_gap_eV,82,1.0,0.0,0.7014132050946125,0.7014132050946125,,,,1.0
11,acetone_hl_gap_eV,83,1.0,0.0,0.7014132050946125,0.7014132050946125,,,,1.0
11,acetone_hl_gap_eV,84,1.0,0.0,0.7014132050946125,0.7014132050946125,,,,1.0
11,acetone_hl_gap_eV,85,1.0,0.0,0.7014132050946125,0.7014132050946125,,,,1.0
11,acetone_hl_gap_eV,86,1.0,0.0,0.7014132050946125,0.7014132050946125,,,,1.0
11,acetone_hl_gap_eV,87,1.0,0.0,0.7014132050946125,0.7014132050946125,,,,1.0
11,acetone_hl_gap_eV,88,1.0,0.0,0.7014132050946125,0.7014132050946125,,,,1.0
11,acetone_hl_gap_eV,89,1.0,0.0,0.7014132050946125,0.7014132050946125,,,,1.0
11,acetone_hl_gap_eV,90,1.0,0.0,0.7014132050946125,0.7014132050946125,,,,1.0
11,acetone_hl_gap_eV,91,1.0,0.0,0.7014132050946125,0.7014132050946125,,,,1.0
11,acetone_hl_gap_eV,92,1.0,0.0,0.7014132050946125,0.7014132050946125,,,,1.0
11,acetone_hl_gap_eV,93,1.0,0.0,0.7014132050946125,0.7014132050946125,,,,1.0
11,acetone_hl_gap_eV,94,1.0,0.0,0.7014132050946125,0.7014132050946125,,,,1.0
11,acetone_hl_gap_eV,95,1.0,0.0,0.7014132050946125,0.7014132050946125,,,,1.0
11,acetone_hl_gap_eV,96,1.0,0.0,0.7014132050946125,0.7014132050946125,,,,1.0
11,acetone_hl_gap_eV,97,1.0,0.0,0.7014132050946125,0.7014132050946125,,,,1.0
11,acetone_hl_gap_eV,98,1.0,0.0,0.7014132050946125,0.7014132050946125,,,,1.0
11,acetone_hl_gap_eV,99,1.0,0.0,0.7014132050946125,0.7014132050946125,,,,1.0
11,acetone_hl_gap_eV,100,1.0,0.0,0.7014132050946125,0.7014132050946125,,,,1.0
11,acetone_hl_gap_eV,101,1.0,0.0,0.7014132050946125,0.7014132050946125,,,,1.0
11,acetone_hl_gap_eV,102,1.0,0.0,0.7014132050946125,0.7014132050946125,,,,1.0
11,acetone_hl_gap_eV,103,1.0,0.0,0.7014132050946125,0.7014132050946125,,,,1.0
11,acetone_hl_gap_eV,104,1.0,0.0,0.7014132050946125,0.7014132050946125,,,,1.0
11,acetone_hl_gap_eV,105,1.0,0.0,0.7014132050946125,0.7014132050946125,,,,1.0
11,acetone_hl_gap_eV,106,1.0,0.0,0.7014132050946125,0.7014132050946125,,,,1.0
11,acetone_hl_gap_eV,107,1.0,0.0,0.7014132050946125,0.7014132050946125,,,,1.0
11,acetone_hl_gap_eV,108,1.0,0.0,0.7014132050946125,0.7014132050946125,,,,1.0
11,acetone_hl_gap_eV,109,1.0,0.0,0.7014132050946125,0.7014132050946125,,,,1.0
11,acetone_hl_gap_eV,110,1.0,0.0,0.7014132050946125,0.7014132050946125,,,,1.0
11,acetone_hl_gap_eV,111,1.0,0.0,0.7014132050946125,0.7014132050946125,,,,1.0
11,acetone_hl_gap_eV,112,1.0,0.0,0.7014132050946125,0.7014132050946125,,,,1.0
11,acetone_hl_gap_eV,113,1.0,0.0,0.7014132050946125,0.7014132050946125,,,,1.0
11,acetone_hl_gap_eV,114,1.0,0.0,0.7014132050946125,0.7014132050946125,,,,1.0
11,acetone_hl_gap_eV,115,1.0,0.0,0.7014132050946125,0.7014132050946125,,,,1.0
11,acetone_hl_gap_eV,116,1.0,0.0,0.7014132050946125,0.7014132050946125,,,,1.0
11,acetone_hl_gap_eV,117,1.0,0.0,0.7014132050946125,0.7014132050946125,,,,1.0
11,acetone_hl_gap_eV,118,1.0,0.0,0.7014132050946125,0.7014132050946125,,,,1.0
11,acetone_hl_gap_eV,119,1.0,0.0,0.7014132050946125,0.7014132050946125,,,,1.0
11,acetone_hl_gap_eV,120,1.0,0.0,0.7014132050946125,0.7014132050946125,,,,1.0
11,acetone_hl_gap_eV,121,1.0,0.0,0.7014132050946125,0.7014132050946125,,,,1.0
11,acetone_hl_gap_eV,122,1.0,0.0,0.7014132050946125,0.7014132050946125,,,,1.0
11,acetone_hl_gap_eV,123,1.0,0.0,0.7014132050946125,0.7014132050946125,,,,1.0
11,acetone_hl_gap_eV,124,1.0,0.0,0.7014132050946125,0.7014132050946125,,,,1.0
11,acetone_hl_gap_eV,125,1.0,0.0,0.7014132050946125,0.7014132050946125,,,,1.0
11,acetone_hl_gap_eV,126,1.0,0.0,0.7014132050946125,0.7014132050946125,,,,1.0
11,acetone_hl_gap_eV,127,1.0,0.0,0.7014132050946125,0.7014132050946125,,,,1.0
11,acetone_hl_gap_eV,128,1.0,0.0,0.7014132050946125,0.7014132050946125,,,,1.0
11,acetone_hl_gap_eV,129,1.0,0.0,0.7014132050946125,0.7014132050946125,,,,1.0
11,acetone_hl_gap_eV,130,1.0,0.0,0.7014132050946125,0.7014132050946125,,,,1.0
11,acetone_hl_gap_eV,131,1.0,0.0,0.7014132050946125,0.7014132050946125,,,,1.0
11,acetone_hl_gap_eV,132,1.0,0.0,0.7014132050946125,0.7014132050946125,,,,1.0
11,acetone_hl_gap_eV,133,1.0,0.0,0.7014132050946125,0.7014132050946125,,,,1.0
11,acetone_hl_gap_eV,134,1.0,0.0,0.7014132050946125,0.7014132050946125,,,,1.0
11,acetone_hl_gap_eV,135,1.0,0.0,0.7014132050946125,0.7014132050946125,,,,1.0
11,acetone_hl_gap_eV,136,1.0,0.0,0.7014132050946125,0.7014132050946125,,,,1.0
11,acetone_hl_gap_eV,137,1.0,0.0,0.7014132050946125,0.7014132050946125,,,,1.0
11,acetone_hl_gap_eV,138,1.0,0.0,0.7014132050946125,0.7014132050946125,,,,1.0
11,acetone_hl_gap_eV,139,1.0,0.0,0.7014132050946125,0.7014132050946125,,,,1.0
11,acetone_hl_gap_eV,140,1.0,0.0,0.7014132050946125,0.7014132050946125,,,,1.0
11,acetone_hl_gap_eV,141,1.0,0.0,0.7014132050946125,0.7014132050946125,,,,1.0
11,acetone_hl_gap_eV,142,1.0,0.0,0.7014132050946125,0.7014132050946125,,,,1.0
11,acetone_hl_gap_eV,143,1.0,0.0,0.7014132050946125,0.7014132050946125,,,,1.0
11,acetone_hl_gap_eV,144,1.0,0.0,0.7014132050946125,0.7014132050946125,,,,1.0
11,acetone_hl_gap_eV,145,1.0,0.0,0.7014132050946125,0.7014132050946125,,,,1.0
11,acetone_hl_gap_eV,146,1.0,0.0,0.7014132050946125,0.7014132050946125,,,,1.0
11,acetone_hl_gap_eV,147,1.0,0.0,0.7014132050946125,0.7014132050946125,,,,1.0
11,acetone_hl_gap_eV,148,1.0,0.0,0.7014132050946125,0.7014132050946125,,,,1.0
11,acetone_hl_gap_eV,149,1.0,0.0,0.7014132050946125,0.7014132050946125,,,,1.0
11,acetone_hl_gap_eV,150,1.0,0.0,0.7014132050946125,0.7014132050946125,,,,1.0
11,acetone_hl_gap_eV,151,1.0,0.0,0.7014132050946125,0.7014132050946125,,,,1.0
11,acetone_hl_gap_eV,152,1.0,0.0,0.7014132050946125,0.7014132050946125,,,,1.0
11,acetone_hl_gap_eV,153,1.0,0.0,0.7014132050946125,0.7014132050946125,,,,1.0
11,acetone_hl_gap_eV,154,1.0,0.0,0.7014132050946125,0.7014132050946125,,,,1.0
11,acetone_hl_gap_eV,155,1.0,0.0,0.7014132050946125,0.7014132050946125,,,,1.0
11,acetone_hl_gap_eV,156,1.0,0.0,0.7014132050946125,0.7014132050946125,,,,1.0
11,acetone_hl_gap_eV,157,1.0,0.0,0.7014132050946125,0.7014132050946125,,,,1.0
11,acetone_hl_gap_eV,158,1.0,0.0,0.7014132050946125,0.7014132050946125,,,,1.0
11,acetone_hl_gap_eV,159,1.0,0.0,0.7014132050946125,0.7014132050946125,,,,1.0
11,acetone_hl_gap_eV,160,1.0,0.0,0.7014132050946125,0.7014132050946125,,,,1.0
11,acetone_hl_gap_eV,161,1.0,0.0,0.7014132050946125,0.7014132050946125,,,,1.0
11,acetone_hl_gap_eV,162,1.0,0.0,0.7014132050946125,0.7014132050946125,,,,1.0
11,acetone_hl_gap_eV,163,1.0,0.0,0.7014132050946125,0.7014132050946125,,,,1.0
11,acetone_hl_gap_eV,164,1.0,0.0,0.7014132050946125,0.7014132050946125,,,,1.0
11,acetone_hl_gap_eV,165,1.0,0.0,0.7014132050946125,0.7014132050946125,,,,1.0
11,acetone_hl_gap_eV,166,1.0,0.0,0.7014132050946125,0.7014132050946125,,,,1.0
11,acetone_hl_gap_eV,167,1.0,0.0,0.7014132050946125,0.7014132050946125,,,,1.0
11,acetone_hl_gap_eV,168,1.0,0.0,0.7014132050946125,0.7014132050946125,,,,1.0
11,acetone_hl_gap_eV,169,1.0,0.0,0.7014132050946125,0.7014132050946125,,,,1.0
11,acetone_hl_gap_eV,170,1.0,0.0,0.7014132050946125,0.7014132050946125,,,,1.0
11,acetone_hl_gap_eV,171,1.0,0.0,0.7014132050946125,0.7014132050946125,,,,1.0
11,acetone_hl_gap_eV,172,1.0,0.0,0.7014132050946125,0.7014132050946125,,,,1.0
11,acetone_hl_gap_eV,173,1.0,0.0,0.7014132050946125,0.7014132050946125,,,,1.0
11,acetone_hl_gap_eV,174,1.0,0.0,0.7014132050946125,0.7014132050946125,,,,1.0
11,acetone_hl_gap_eV,175,1.0,0.0,0.7014132050946125,0.7014132050946125,,,,1.0
11,acetone_hl_gap_eV,176,1.0,0.0,0.7014132050946125,0.7014132050946125,,,,1.0
11,acetone_hl_gap_eV,177,1.0,0.0,0.7014132050946125,0.7014132050946125,,,,1.0
11,acetone_hl_gap_eV,178,1.0,0.0,0.7014132050946125,0.7014132050946125,,,,1.0
11,acetone_hl_gap_eV,179,1.0,0.0,0.7014132050946125,0.7014132050946125,,,,1.0
11,acetone_hl_gap_eV,180,1.0,0.0,0.7014132050946125,0.7014132050946125,,,,1.0
11,acetone_hl_gap_eV,181,1.0,0.0,0.7014132050946125,0.7014132050946125,,,,1.0
11,acetone_hl_gap_eV,182,1.0,0.0,0.7014132050946125,0.7014132050946125,,,,1.0
11,acetone_hl_gap_eV,183,1.0,0.0,0.7014132050946125,0.7014132050946125,,,,1.0
11,acetone_hl_gap_eV,184,1.0,0.0,0.7014132050946125,0.7014132050946125,,,,1.0
11,acetone_hl_gap_eV,185,1.0,0.0,0.7014132050946125,0.7014132050946125,,,,1.0
11,acetone_hl_gap_eV,186,1.0,0.0,0.7014132050946125,0.7014132050946125,,,,1.0
11,acetone_hl_gap_eV,187,1.0,0.0,0.7014132050946125,0.7014132050946125,,,,1.0
11,acetone_hl_gap_eV,188,1.0,0.0,0.7014132050946125,0.7014132050946125,,,,1.0
11,acetone_hl_gap_eV,189,1.0,0.0,0.7014132050946125,0.7014132050946125,,,,1.0
11,acetone_hl_gap_eV,190,1.0,0.0,0.7014132050946125,0.7014132050946125,,,,1.0
11,acetone_hl_gap_eV,191,1.0,0.0,0.7014132050946125,0.7014132050946125,,,,1.0
11,acetone_hl_gap_eV,192,1.0,0.0,0.7014132050946125,0.7014132050946125,,,,1.0
11,acetone_hl_gap_eV,193,1.0,0.0,0.7014132050946125,0.7014132050946125,,,,1.0
11,acetone_hl_gap_eV,194,1.0,0.0,0.7014132050946125,0.7014132050946125,,,,1.0
11,acetone_hl_gap_eV,195,1.0,0.0,0.7014132050946125,0.7014132050946125,,,,1.0
11,acetone_hl_gap_eV,196,1.0,0.0,0.7014132050946125,0.7014132050946125,,,,1.0
11,acetone_hl_gap_eV,197,1.0,0.0,0.7014132050946125,0.7014132050946125,,,,1.0
11,acetone_hl_gap_eV,198,1.0,0.0,0.7014132050946125,0.7014132050946125,,,,1.0
11,acetone_hl_gap_eV,199,1.0,0.0,0.7014132050946125,0.7014132050946125,,,,1.0
11,acetone_hl_gap_eV,200,1.0,0.0,0.7014132050946125,0.7014132050946125,,,,1.0
11,acetone_hl_gap_eV,201,1.0,0.0,0.7014132050946125,0.7014132050946125,,,,1.0
11,acetone_hl_gap_eV,202,1.0,0.0,0.7014132050946125,0.7014132050946125,,,,1.0
11,acetone_hl_gap_eV,203,1.0,0.0,0.7014132050946125,0.7014132050946125,,,,1.0
11,acetone_hl_gap_eV,204,1.0,0.0,0.7014132050946125,0.7014132050946125,,,,1.0
11,acetone_hl_gap_eV,205,1.0,0.0,0.7014132050946125,0.7014132050946125,,,,1.0
11,acetone_hl_gap_eV,206,1.0,0.0,0.7014132050946125,0.7014132050946125,,,,1.0
11,acetone_hl_gap_eV,207,1.0,0.0,0.7014132050946125,0.7014132050946125,,,,1.0
11,acetone_hl_gap_eV,208,1.0,0.0,0.7014132050946125,0.7014132050946125,,,,1.0
11,acetone_hl_gap_eV,209,1.0,0.0,0.7014132050946125,0.7014132050946125,,,,1.0
11,acetone_hl_gap_eV,210,1.0,0.0,0.7014132050946125,0.7014132050946125,,,,1.0
11,acetone_hl_gap_eV,211,1.0,0.0,0.7014132050946125,0.7014132050946125,,,,1.0
11,acetone_hl_gap_eV,212,1.0,0.0,0.7014132050946125,0.7014132050946125,,,,1.0
11,acetone_hl_gap_eV,213,1.0,0.0,0.7014132050946125,0.7014132050946125,,,,1.0
11,acetone_hl_gap_eV,214,1.0,0.0,0.7014132050946125,0.7014132050946125,,,,1.0
11,acetone_hl_gap_eV,215,1.0,0.0,0.7014132050946125,0.7014132050946125,,,,1.0
11,acetone_hl_gap_eV,216,1.0,0.0,0.7014132050946125,0.7014132050946125,,,,1.0
11,acetone_hl_gap_eV,217,1.0,0.0,0.7014132050946125,0.7014132050946125,,,,1.0
11,acetone_hl_gap_eV,218,1.0,0.0,0.7014132050946125,0.7014132050946125,,,,1.0
11,acetone_hl_gap_eV,219,1.0,0.0,0.7014132050946125,0.7014132050946125,,,,1.0
11,acetone_hl_gap_eV,220,1.0,0.0,0.7014132050946125,0.7014132050946125,,,,1.0
11,acetone_hl_gap_eV,221,1.0,0.0,0.7014132050946125,0.7014132050946125,,,,1.0
11,acetone_hl_gap_eV,222,1.0,0.0,0.7014132050946125,0.7014132050946125,,,,1.0
11,acetone_hl_gap_eV,223,1.0,0.0,0.7014132050946125,0.7014132050946125,,,,1.0
11,acetone_hl_gap_eV,224,1.0,0.0,0.7014132050946125,0.7014132050946125,,,,1.0
11,acetone_hl_gap_eV,225,1.0,0.0,0.7014132050946125,0.7014132050946125,,,,1.0
11,acetone_hl_gap_eV,226,1.0,0.0,0.7014132050946125,0.7014132050946125,,,,1.0
11,acetone_hl_gap_eV,227,1.0,0.0,0.7014132050946125,0.7014132050946125,,,,1.0
11,acetone_hl_gap_eV,228,1.0,0.0,0.7014132050946125,0.7014132050946125,,,,1.0
11,acetone_hl_gap_eV,229,1.0,0.0,0.7014132050946125,0.7014132050946125,,,,1.0
11,acetone_hl_gap_eV,230,1.0,0.0,0.7014132050946125,0.7014132050946125,,,,1.0
11,acetone_hl_gap_eV,231,1.0,0.0,0.7014132050946125,0.7014132050946125,,,,1.0
11,acetone_hl_gap_eV,232,1.0,0.0,0.7014132050946125,0.7014132050946125,,,,1.0
11,acetone_hl_gap_eV,233,1.0,0.0,0.7014132050946125,0.7014132050946125,,,,1.0
11,acetone_hl_gap_eV,234,1.0,0.0,0.7014132050946125,0.7014132050946125,,,,1.0
11,acetone_hl_gap_eV,235,1.0,0.0,0.7014132050946125,0.7014132050946125,,,,1.0
11,acetone_hl_gap_eV,236,1.0,0.0,0.7014132050946125,0.7014132050946125,,,,1.0
11,acetone_hl_gap_eV,237,1.0,0.0,0.7014132050946125,0.7014132050946125,,,,1.0
11,acetone_hl_gap_eV,238,1.0,0.0,0.7014132050946125,0.7014132050946125,,,,1.0
11,acetone_hl_gap_eV,239,1.0,0.0,0.7014132050946125,0.7014132050946125,,,,1.0
11,acetone_hl_gap_eV,240,1.0,0.0,0.7014132050946125,0.7014132050946125,,,,1.0
11,acetone_hl_gap_eV,241,1.0,0.0,0.7014132050946125,0.7014132050946125,,,,1.0
11,acetone_hl_gap_eV,242,1.0,0.0,0.7014132050946125,0.7014132050946125,,,,1.0
11,acetone_hl_gap_eV,243,1.0,0.0,0.7014132050946125,0.7014132050946125,,,,1.0
11,acetone_hl_gap_eV,244,1.0,0.0,0.7014132050946125,0.7014132050946125,,,,1.0
11,acetone_hl_gap_eV,245,1.0,0.0,0.7014132050946125,0.7014132050946125,,,,1.0
11,acetone_hl_gap_eV,246,1.0,0.0,0.7014132050946125,0.7014132050946125,,,,1.0
11,acetone_hl_gap_eV,247,1.0,0.0,0.7014132050946125,0.7014132050946125,,,,1.0
11,acetone_hl_gap_eV,248,1.0,0.0,0.7014132050946125,0.7014132050946125,,,,1.0
11,acetone_hl_gap_eV,249,1.0,0.0,0.7014132050946125,0.7014132050946125,,,,1.0
11,acetone_dipole,0,1.0,0.0,0.6138682682244376,0.6138682682244376,,,,1.0
11,acetone_dipole,1,1.0,0.0,0.6138682682244376,0.6138682682244376,,,,1.0
11,acetone_dipole,2,1.0,0.0,0.6138682682244376,0.6138682682244376,,,,1.0
11,acetone_dipole,3,1.0,0.0,0.6138682682244376,0.6138682682244376,,,,1.0
11,acetone_dipole,4,1.0,0.0,0.6138682682244376,0.6138682682244376,,,,1.0
11,acetone_dipole,5,1.0,0.0,0.6138682682244376,0.6138682682244376,,,,1.0
11,acetone_dipole,6,1.0,0.0,0.6138682682244376,0.6138682682244376,,,,1.0
11,acetone_dipole,7,1.0,0.0,0.6138682682244376,0.6138682682244376,,,,1.0
11,acetone_dipole,8,1.0,0.0,0.6138682682244376,0.6138682682244376,,,,1.0
11,acetone_dipole,9,1.0,0.0,0.6138682682244376,0.6138682682244376,,,,1.0
11,acetone_dipole,10,1.0,0.0,0.6138682682244376,0.6138682682244376,,,,1.0
11,acetone_dipole,11,1.0,0.0,0.6138682682244376,0.6138682682244376,,,,1.0
11,acetone_dipole,12,1.0,0.0,0.6138682682244376,0.6138682682244376,,,,1.0
11,acetone_dipole,13,1.0,0.0,0.6138682682244376,0.6138682682244376,,,,1.0
11,acetone_dipole,14,1.0,0.0,0.6138682682244376,0.6138682682244376,,,,1.0
11,acetone_dipole,15,1.0,0.0,0.6138682682244376,0.6138682682244376,,,,1.0
11,acetone_dipole,16,1.0,0.0,0.6138682682244376,0.6138682682244376,,,,1.0
11,acetone_dipole,17,1.0,0.0,0.6138682682244376,0.6138682682244376,,,,1.0
11,acetone_dipole,18,1.0,0.0,0.6138682682244376,0.6138682682244376,,,,1.0
11,acetone_dipole,19,1.0,0.0,0.6138682682244376,0.6138682682244376,,,,1.0
11,acetone_dipole,20,1.0,0.0,0.6138682682244376,0.6138682682244376,,,,1.0
11,acetone_dipole,21,1.0,0.0,0.6138682682244376,0.6138682682244376,,,,1.0
11,acetone_dipole,22,1.0,0.0,0.6138682682244376,0.6138682682244376,,,,1.0
11,acetone_dipole,23,1.0,0.0,0.6138682682244376,0.6138682682244376,,,,1.0
11,acetone_dipole,24,1.0,0.0,0.6138682682244376,0.6138682682244376,,,,1.0
11,acetone_dipole,25,1.0,0.0,0.6138682682244376,0.6138682682244376,,,,1.0
11,acetone_dipole,26,1.0,0.0,0.6138682682244376,0.6138682682244376,,,,1.0
11,acetone_dipole,27,1.0,0.0,0.6138682682244376,0.6138682682244376,,,,1.0
11,acetone_dipole,28,1.0,0.0,0.6138682682244376,0.6138682682244376,,,,1.0
11,acetone_dipole,29,1.0,0.0,0.6138682682244376,0.6138682682244376,,,,1.0
11,acetone_dipole,30,1.0,0.0,0.6138682682244376,0.6138682682244376,,,,1.0
11,acetone_dipole,31,1.0,0.0,0.6138682682244376,0.6138682682244376,,,,1.0
11,acetone_dipole,32,1.0,0.0,0.6138682682244376,0.6138682682244376,,,,1.0
11,acetone_dipole,33,1.0,0.0,0.6138682682244376,0.6138682682244376,,,,1.0
11,acetone_dipole,34,1.0,0.0,0.6138682682244376,0.6138682682244376,,,,1.0
11,acetone_dipole,35,1.0,0.0,0.6138682682244376,0.6138682682244376,,,,1.0
11,acetone_dipole,36,1.0,0.0,0.6138682682244376,0.6138682682244376,,,,1.0
11,acetone_dipole,37,1.0,0.0,0.6138682682244376,0.6138682682244376,,,,1.0
11,acetone_dipole,38,1.0,0.0,0.6138682682244376,0.6138682682244376,,,,1.0
11,acetone_dipole,39,1.0,0.0,0.6138682682244376,0.6138682682244376,,,,1.0
11,acetone_dipole,40,1.0,0.0,0.6138682682244376,0.6138682682244376,,,,1.0
11,acetone_dipole,41,1.0,0.0,0.6138682682244376,0.6138682682244376,,,,1.0
11,acetone_dipole,42,1.0,0.0,0.6138682682244376,0.6138682682244376,,,,1.0
11,acetone_dipole,43,1.0,0.0,0.6138682682244376,0.6138682682244376,,,,1.0
11,acetone_dipole,44,1.0,0.0,0.6138682682244376,0.6138682682244376,,,,1.0
11,acetone_dipole,45,1.0,0.0,0.6138682682244376,0.6138682682244376,,,,1.0
11,acetone_dipole,46,1.0,0.0,0.6138682682244376,0.6138682682244376,,,,1.0
11,acetone_dipole,47,1.0,0.0,0.6138682682244376,0.6138682682244376,,,,1.0
11,acetone_dipole,48,1.0,0.0,0.6138682682244376,0.6138682682244376,,,,1.0
11,acetone_dipole,49,1.0,0.0,0.6138682682244376,0.6138682682244376,,,,1.0
11,acetone_dipole,50,1.0,0.0,0.6138682682244376,0.6138682682244376,,,,1.0
11,acetone_dipole,51,1.0,0.0,0.6138682682244376,0.6138682682244376,,,,1.0
11,acetone_dipole,52,1.0,0.0,0.6138682682244376,0.6138682682244376,,,,1.0
11,acetone_dipole,53,1.0,0.0,0.6138682682244376,0.6138682682244376,,,,1.0
11,acetone_dipole,54,1.0,0.0,0.6138682682244376,0.6138682682244376,,,,1.0
11,acetone_dipole,55,1.0,0.0,0.6138682682244376,0.6138682682244376,,,,1.0
11,acetone_dipole,56,1.0,0.0,0.6138682682244376,0.6138682682244376,,,,1.0
11,acetone_dipole,57,1.0,0.0,0.6138682682244376,0.6138682682244376,,,,1.0
11,acetone_dipole,58,1.0,0.0,0.6138682682244376,0.6138682682244376,,,,1.0
11,acetone_dipole,59,1.0,0.0,0.6138682682244376,0.6138682682244376,,,,1.0
11,acetone_dipole,60,1.0,0.0,0.6138682682244376,0.6138682682244376,,,,1.0
11,acetone_dipole,61,1.0,0.0,0.6138682682244376,0.6138682682244376,,,,1.0
11,acetone_dipole,62,1.0,0.0,0.6138682682244376,0.6138682682244376,,,,1.0
11,acetone_dipole,63,1.0,0.0,0.6138682682244376,0.6138682682244376,,,,1.0
11,acetone_dipole,64,1.0,0.0,0.6138682682244376,0.6138682682244376,,,,1.0
11,acetone_dipole,65,1.0,0.0,0.6138682682244376,0.6138682682244376,,,,1.0
11,acetone_dipole,66,1.0,0.0,0.6138682682244376,0.6138682682244376,,,,1.0
11,acetone_dipole,67,1.0,0.0,0.6138682682244376,0.6138682682244376,,,,1.0
11,acetone_dipole,68,1.0,0.0,0.6138682682244376,0.6138682682244376,,,,1.0
11,acetone_dipole,69,1.0,0.0,0.6138682682244376,0.6138682682244376,,,,1.0
11,acetone_dipole,70,1.0,0.0,0.6138682682244376,0.6138682682244376,,,,1.0
11,acetone_dipole,71,1.0,0.0,0.6138682682244376,0.6138682682244376,,,,1.0
11,acetone_dipole,72,1.0,0.0,0.6138682682244376,0.6138682682244376,,,,1.0
11,acetone_dipole,73,1.0,0.0,0.6138682682244376,0.6138682682244376,,,,1.0
11,acetone_dipole,74,1.0,0.0,0.6138682682244376,0.6138682682244376,,,,1.0
11,acetone_dipole,75,1.0,0.0,0.6138682682244376,0.6138682682244376,,,,1.0
11,acetone_dipole,76,1.0,0.0,0.6138682682244376,0.6138682682244376,,,,1.0
11,acetone_dipole,77,1.0,0.0,0.6138682682244376,0.6138682682244376,,,,1.0
11,acetone_dipole,78,1.0,0.0,0.6138682682244376,0.6138682682244376,,,,1.0
11,acetone_dipole,79,1.0,0.0,0.6138682682244376,0.6138682682244376,,,,1.0
11,acetone_dipole,80,1.0,0.0,0.6138682682244376,0.6138682682244376,,,,1.0
11,acetone_dipole,81,1.0,0.0,0.6138682682244376,0.6138682682244376,,,,1.0
11,acetone_dipole,82,1.0,0.0,0.6138682682244376,0.6138682682244376,,,,1.0
11,acetone_dipole,83,1.0,0.0,0.6138682682244376,0.6138682682244376,,,,1.0
11,acetone_dipole,84,1.0,0.0,0.6138682682244376,0.6138682682244376,,,,1.0
11,acetone_dipole,85,1.0,0.0,0.6138682682244376,0.6138682682244376,,,,1.0
11,acetone_dipole,86,1.0,0.0,0.6138682682244376,0.6138682682244376,,,,1.0
11,acetone_dipole,87,1.0,0.0,0.6138682682244376,0.6138682682244376,,,,1.0
11,acetone_dipole,88,1.0,0.0,0.6138682682244376,0.6138682682244376,,,,1.0
11,acetone_dipole,89,1.0,0.0,0.6138682682244376,0.6138682682244376,,,,1.0
11,acetone_dipole,90,1.0,0.0,0.6138682682244376,0.6138682682244376,,,,1.0
11,acetone_dipole,91,1.0,0.0,0.6138682682244376,0.6138682682244376,,,,1.0
11,acetone_dipole,92,1.0,0.0,0.6138682682244376,0.6138682682244376,,,,1.0
11,acetone_dipole,93,1.0,0.0,0.6138682682244376,0.6138682682244376,,,,1.0
11,acetone_dipole,94,1.0,0.0,0.6138682682244376,0.6138682682244376,,,,1.0
11,acetone_dipole,95,1.0,0.0,0.6138682682244376,0.6138682682244376,,,,1.0
11,acetone_dipole,96,1.0,0.0,0.6138682682244376,0.6138682682244376,,,,1.0
11,acetone_dipole,97,1.0,0.0,0.6138682682244376,0.6138682682244376,,,,1.0
11,acetone_dipole,98,1.0,0.0,0.6138682682244376,0.6138682682244376,,,,1.0
11,acetone_dipole,99,1.0,0.0,0.6138682682244376,0.6138682682244376,,,,1.0
11,acetone_dipole,100,1.0,0.0,0.6138682682244376,0.6138682682244376,,,,1.0
11,acetone_dipole,101,1.0,0.0,0.6138682682244376,0.6138682682244376,,,,1.0
11,acetone_dipole,102,1.0,0.0,0.6138682682244376,0.6138682682244376,,,,1.0
11,acetone_dipole,103,1.0,0.0,0.6138682682244376,0.6138682682244376,,,,1.0
11,acetone_dipole,104,1.0,0.0,0.6138682682244376,0.6138682682244376,,,,1.0
11,acetone_dipole,105,1.0,0.0,0.6138682682244376,0.6138682682244376,,,,1.0
11,acetone_dipole,106,1.0,0.0,0.6138682682244376,0.6138682682244376,,,,1.0
11,acetone_dipole,107,1.0,0.0,0.6138682682244376,0.6138682682244376,,,,1.0
11,acetone_dipole,108,1.0,0.0,0.6138682682244376,0.6138682682244376,,,,1.0
11,acetone_dipole,109,1.0,0.0,0.6138682682244376,0.6138682682244376,,,,1.0
11,acetone_dipole,110,1.0,0.0,0.6138682682244376,0.6138682682244376,,,,1.0
11,acetone_dipole,111,1.0,0.0,0.6138682682244376,0.6138682682244376,,,,1.0
11,acetone_dipole,112,1.0,0.0,0.6138682682244376,0.6138682682244376,,,,1.0
11,acetone_dipole,113,1.0,0.0,0.6138682682244376,0.6138682682244376,,,,1.0
11,acetone_dipole,114,1.0,0.0,0.6138682682244376,0.6138682682244376,,,,1.0
11,acetone_dipole,115,1.0,0.0,0.6138682682244376,0.6138682682244376,,,,1.0
11,acetone_dipole,116,1.0,0.0,0.6138682682244376,0.6138682682244376,,,,1.0
11,acetone_dipole,117,1.0,0.0,0.6138682682244376,0.6138682682244376,,,,1.0
11,acetone_dipole,118,1.0,0.0,0.6138682682244376,0.6138682682244376,,,,1.0
11,acetone_dipole,119,1.0,0.0,0.6138682682244376,0.6138682682244376,,,,1.0
11,acetone_dipole,120,1.0,0.0,0.6138682682244376,0.6138682682244376,,,,1.0
11,acetone_dipole,121,1.0,0.0,0.6138682682244376,0.6138682682244376,,,,1.0
11,acetone_dipole,122,1.0,0.0,0.6138682682244376,0.6138682682244376,,,,1.0
11,acetone_dipole,123,1.0,0.0,0.6138682682244376,0.6138682682244376,,,,1.0
11,acetone_dipole,124,1.0,0.0,0.6138682682244376,0.6138682682244376,,,,1.0
11,acetone_dipole,125,1.0,0.0,0.6138682682244376,0.6138682682244376,,,,1.0
11,acetone_dipole,126,1.0,0.0,0.6138682682244376,0.6138682682244376,,,,1.0
11,acetone_dipole,127,1.0,0.0,0.6138682682244376,0.6138682682244376,,,,1.0
11,acetone_dipole,128,1.0,0.0,0.6138682682244376,0.6138682682244376,,,,1.0
11,acetone_dipole,129,1.0,0.0,0.6138682682244376,0.6138682682244376,,,,1.0
11,acetone_dipole,130,1.0,0.0,0.6138682682244376,0.6138682682244376,,,,1.0
11,acetone_dipole,131,1.0,0.0,0.6138682682244376,0.6138682682244376,,,,1.0
11,acetone_dipole,132,1.0,0.0,0.6138682682244376,0.6138682682244376,,,,1.0
11,acetone_dipole,133,1.0,0.0,0.6138682682244376,0.6138682682244376,,,,1.0
11,acetone_dipole,134,1.0,0.0,0.6138682682244376,0.6138682682244376,,,,1.0
11,acetone_dipole,135,1.0,0.0,0.6138682682244376,0.6138682682244376,,,,1.0
11,acetone_dipole,136,1.0,0.0,0.6138682682244376,0.6138682682244376,,,,1.0
11,acetone_dipole,137,1.0,0.0,0.6138682682244376,0.6138682682244376,,,,1.0
11,acetone_dipole,138,1.0,0.0,0.6138682682244376,0.6138682682244376,,,,1.0
11,acetone_dipole,139,1.0,0.0,0.6138682682244376,0.6138682682244376,,,,1.0
11,acetone_dipole,140,1.0,0.0,0.6138682682244376,0.6138682682244376,,,,1.0
11,acetone_dipole,141,1.0,0.0,0.6138682682244376,0.6138682682244376,,,,1.0
11,acetone_dipole,142,1.0,0.0,0.6138682682244376,0.6138682682244376,,,,1.0
11,acetone_dipole,143,1.0,0.0,0.6138682682244376,0.6138682682244376,,,,1.0
11,acetone_dipole,144,1.0,0.0,0.6138682682244376,0.6138682682244376,,,,1.0
11,acetone_dipole,145,1.0,0.0,0.6138682682244376,0.6138682682244376,,,,1.0
11,acetone_dipole,146,1.0,0.0,0.6138682682244376,0.6138682682244376,,,,1.0
11,acetone_dipole,147,1.0,0.0,0.6138682682244376,0.6138682682244376,,,,1.0
11,acetone_dipole,148,1.0,0.0,0.6138682682244376,0.6138682682244376,,,,1.0
11,acetone_dipole,149,1.0,0.0,0.6138682682244376,0.6138682682244376,,,,1.0
11,acetone_dipole,150,1.0,0.0,0.6138682682244376,0.6138682682244376,,,,1.0
11,acetone_dipole,151,1.0,0.0,0.6138682682244376,0.6138682682244376,,,,1.0
11,acetone_dipole,152,1.0,0.0,0.6138682682244376,0.6138682682244376,,,,1.0
11,acetone_dipole,153,1.0,0.0,0.6138682682244376,0.6138682682244376,,,,1.0
11,acetone_dipole,154,1.0,0.0,0.6138682682244376,0.6138682682244376,,,,1.0
11,acetone_dipole,155,1.0,0.0,0.6138682682244376,0.6138682682244376,,,,1.0
11,acetone_dipole,156,1.0,0.0,0.6138682682244376,0.6138682682244376,,,,1.0
11,acetone_dipole,157,1.0,0.0,0.6138682682244376,0.6138682682244376,,,,1.0
11,acetone_dipole,158,1.0,0.0,0.6138682682244376,0.6138682682244376,,,,1.0
11,acetone_dipole,159,1.0,0.0,0.6138682682244376,0.6138682682244376,,,,1.0
11,acetone_dipole,160,1.0,0.0,0.6138682682244376,0.6138682682244376,,,,1.0
11,acetone_dipole,161,1.0,0.0,0.6138682682244376,0.6138682682244376,,,,1.0
11,acetone_dipole,162,1.0,0.0,0.6138682682244376,0.6138682682244376,,,,1.0
11,acetone_dipole,163,1.0,0.0,0.6138682682244376,0.6138682682244376,,,,1.0
11,acetone_dipole,164,1.0,0.0,0.6138682682244376,0.6138682682244376,,,,1.0
11,acetone_dipole,165,1.0,0.0,0.6138682682244376,0.6138682682244376,,,,1.0
11,acetone_dipole,166,1.0,0.0,0.6138682682244376,0.6138682682244376,,,,1.0
11,acetone_dipole,167,1.0,0.0,0.6138682682244376,0.6138682682244376,,,,1.0
11,acetone_dipole,168,1.0,0.0,0.6138682682244376,0.6138682682244376,,,,1.0
11,acetone_dipole,169,1.0,0.0,0.6138682682244376,0.6138682682244376,,,,1.0
11,acetone_dipole,170,1.0,0.0,0.6138682682244376,0.6138682682244376,,,,1.0
11,acetone_dipole,171,1.0,0.0,0.6138682682244376,0.6138682682244376,,,,1.0
11,acetone_dipole,172,1.0,0.0,0.6138682682244376,0.6138682682244376,,,,1.0
11,acetone_dipole,173,1.0,0.0,0.6138682682244376,0.6138682682244376,,,,1.0
11,acetone_dipole,174,1.0,0.0,0.6138682682244376,0.6138682682244376,,,,1.0
11,acetone_dipole,175,1.0,0.0,0.6138682682244376,0.6138682682244376,,,,1.0
11,acetone_dipole,176,1.0,0.0,0.6138682682244376,0.6138682682244376,,,,1.0
11,acetone_dipole,177,1.0,0.0,0.6138682682244376,0.6138682682244376,,,,1.0
11,acetone_dipole,178,1.0,0.0,0.6138682682244376,0.6138682682244376,,,,1.0
11,acetone_dipole,179,1.0,0.0,0.6138682682244376,0.6138682682244376,,,,1.0
11,acetone_dipole,180,1.0,0.0,0.6138682682244376,0.6138682682244376,,,,1.0
11,acetone_dipole,181,1.0,0.0,0.6138682682244376,0.6138682682244376,,,,1.0
11,acetone_dipole,182,1.0,0.0,0.6138682682244376,0.6138682682244376,,,,1.0
11,acetone_dipole,183,1.0,0.0,0.6138682682244376,0.6138682682244376,,,,1.0
11,acetone_dipole,184,1.0,0.0,0.6138682682244376,0.6138682682244376,,,,1.0
11,acetone_dipole,185,1.0,0.0,0.6138682682244376,0.6138682682244376,,,,1.0
11,acetone_dipole,186,1.0,0.0,0.6138682682244376,0.6138682682244376,,,,1.0
11,acetone_dipole,187,1.0,0.0,0.6138682682244376,0.6138682682244376,,,,1.0
11,acetone_dipole,188,1.0,0.0,0.6138682682244376,0.6138682682244376,,,,1.0
11,acetone_dipole,189,1.0,0.0,0.6138682682244376,0.6138682682244376,,,,1.0
11,acetone_dipole,190,1.0,0.0,0.6138682682244376,0.6138682682244376,,,,1.0
11,acetone_dipole,191,1.0,0.0,0.6138682682244376,0.6138682682244376,,,,1.0
11,acetone_dipole,192,1.0,0.0,0.6138682682244376,0.6138682682244376,,,,1.0
11,acetone_dipole,193,1.0,0.0,0.6138682682244376,0.6138682682244376,,,,1.0
11,acetone_dipole,194,1.0,0.0,0.6138682682244376,0.6138682682244376,,,,1.0
11,acetone_dipole,195,1.0,0.0,0.6138682682244376,0.6138682682244376,,,,1.0
11,acetone_dipole,196,1.0,0.0,0.6138682682244376,0.6138682682244376,,,,1.0
11,acetone_dipole,197,1.0,0.0,0.6138682682244376,0.6138682682244376,,,,1.0
11,acetone_dipole,198,1.0,0.0,0.6138682682244376,0.6138682682244376,,,,1.0
11,acetone_dipole,199,1.0,0.0,0.6138682682244376,0.6138682682244376,,,,1.0
11,acetone_dipole,200,1.0,0.0,0.6138682682244376,0.6138682682244376,,,,1.0
11,acetone_dipole,201,1.0,0.0,0.6138682682244376,0.6138682682244376,,,,1.0
11,acetone_dipole,202,1.0,0.0,0.6138682682244376,0.6138682682244376,,,,1.0
11,acetone_dipole,203,1.0,0.0,0.6138682682244376,0.6138682682244376,,,,1.0
11,acetone_dipole,204,1.0,0.0,0.6138682682244376,0.6138682682244376,,,,1.0
11,acetone_dipole,205,1.0,0.0,0.6138682682244376,0.6138682682244376,,,,1.0
11,acetone_dipole,206,1.0,0.0,0.6138682682244376,0.6138682682244376,,,,1.0
11,acetone_dipole,207,1.0,0.0,0.6138682682244376,0.6138682682244376,,,,1.0
11,acetone_dipole,208,1.0,0.0,0.6138682682244376,0.6138682682244376,,,,1.0
11,acetone_dipole,209,1.0,0.0,0.6138682682244376,0.6138682682244376,,,,1.0
11,acetone_dipole,210,1.0,0.0,0.6138682682244376,0.6138682682244376,,,,1.0
11,acetone_dipole,211,1.0,0.0,0.6138682682244376,0.6138682682244376,,,,1.0
11,acetone_dipole,212,1.0,0.0,0.6138682682244376,0.6138682682244376,,,,1.0
11,acetone_dipole,213,1.0,0.0,0.6138682682244376,0.6138682682244376,,,,1.0
11,acetone_dipole,214,1.0,0.0,0.6138682682244376,0.6138682682244376,,,,1.0
11,acetone_dipole,215,1.0,0.0,0.6138682682244376,0.6138682682244376,,,,1.0
11,acetone_dipole,216,1.0,0.0,0.6138682682244376,0.6138682682244376,,,,1.0
11,acetone_dipole,217,1.0,0.0,0.6138682682244376,0.6138682682244376,,,,1.0
11,acetone_dipole,218,1.0,0.0,0.6138682682244376,0.6138682682244376,,,,1.0
11,acetone_dipole,219,1.0,0.0,0.6138682682244376,0.6138682682244376,,,,1.0
11,acetone_dipole,220,1.0,0.0,0.6138682682244376,0.6138682682244376,,,,1.0
11,acetone_dipole,221,1.0,0.0,0.6138682682244376,0.6138682682244376,,,,1.0
11,acetone_dipole,222,1.0,0.0,0.6138682682244376,0.6138682682244376,,,,1.0
11,acetone_dipole,223,1.0,0.0,0.6138682682244376,0.6138682682244376,,,,1.0
11,acetone_dipole,224,1.0,0.0,0.6138682682244376,0.6138682682244376,,,,1.0
11,acetone_dipole,225,1.0,0.0,0.6138682682244376,0.6138682682244376,,,,1.0
11,acetone_dipole,226,1.0,0.0,0.6138682682244376,0.6138682682244376,,,,1.0
11,acetone_dipole,227,1.0,0.0,0.6138682682244376,0.6138682682244376,,,,1.0
11,acetone_dipole,228,1.0,0.0,0.6138682682244376,0.6138682682244376,,,,1.0
11,acetone_dipole,229,1.0,0.0,0.6138682682244376,0.6138682682244376,,,,1.0
11,acetone_dipole,230,1.0,0.0,0.6138682682244376,0.6138682682244376,,,,1.0
11,acetone_dipole,231,1.0,0.0,0.6138682682244376,0.6138682682244376,,,,1.0
11,acetone_dipole,232,1.0,0.0,0.6138682682244376,0.6138682682244376,,,,1.0
11,acetone_dipole,233,1.0,0.0,0.6138682682244376,0.6138682682244376,,,,1.0
11,acetone_dipole,234,1.0,0.0,0.6138682682244376,0.6138682682244376,,,,1.0
11,acetone_dipole,235,1.0,0.0,0.6138682682244376,0.6138682682244376,,,,1.0
11,acetone_dipole,236,1.0,0.0,0.6138682682244376,0.6138682682244376,,,,1.0
11,acetone_dipole,237,1.0,0.0,0.6138682682244376,0.6138682682244376,,,,1.0
11,acetone_dipole,238,1.0,0.0,0.6138682682244376,0.6138682682244376,,,,1.0
11,acetone_dipole,239,1.0,0.0,0.6138682682244376,0.6138682682244376,,,,1.0
11,acetone_dipole,240,1.0,0.0,0.6138682682244376,0.6138682682244376,,,,1.0
11,acetone_dipole,241,1.0,0.0,0.6138682682244376,0.6138682682244376,,,,1.0
11,acetone_dipole,242,1.0,0.0,0.6138682682244376,0.6138682682244376,,,,1.0
11,acetone_dipole,243,1.0,0.0,0.6138682682244376,0.6138682682244376,,,,1.0
11,acetone_dipole,244,1.0,0.0,0.6138682682244376,0.6138682682244376,,,,1.0
11,acetone_dipole,245,1.0,0.0,0.6138682682244376,0.6138682682244376,,,,1.0
11,acetone_dipole,246,1.0,0.0,0.6138682682244376,0.6138682682244376,,,,1.0
11,acetone_dipole,247,1.0,0.0,0.6138682682244376,0.6138682682244376,,,,1.0
11,acetone_dipole,248,1.0,0.0,0.6138682682244376,0.6138682682244376,,,,1.0
11,acetone_dipole,249,1.0,0.0,0.6138682682244376,0.6138682682244376,,,,1.0
11,octanol_gsolv_eV,0,0.23959095776081085,0.01578168384730816,0.665400647183368,0.9658369828877427,3.2647578716278076,0.04639042541384697,0.014209453576021769,0.2
11,octanol_gsolv_eV,1,0.6620568037033081,0.017569025978446007,0.6764898949488969,0.9384131101318549,4.049136161804199,1.1694484949111938,0.2888143169752324,0.58
11,octanol_gsolv_eV,2,0.3977437913417816,0.01264937873929739,0.709534390875566,0.961620072577259,3.1044747829437256,0.017248783260583878,0.005556103517203716,0.32
11,octanol_gsolv_eV,3,0.18903477489948273,0.03922576457262039,0.635190858225019,0.9760492290016118,7.516618728637695,0.03651798889040947,0.0048583000161068375,0.2
11,octanol_gsolv_eV,4,0.1419396698474884,0.021668383851647377,0.6586397707098426,0.9436660266399151,4.465415954589844,0.07244343310594559,0.01622322172058429,0.14
11,octanol_gsolv_eV,5,0.6632664799690247,0.01252396497875452,0.6960194599528478,0.9751931027193061,2.9609084129333496,0.24368810653686523,0.082301804902991,0.64
11,octanol_gsolv_eV,6,0.2571259140968323,0.017080040648579597,0.6685085469158447,0.9516692991125069,3.592095375061035,0.20316952466964722,0.05656016988863918,0.22
11,octanol_gsolv_eV,7,0.5011536478996277,0.013030911795794964,0.7150043226847722,0.917667091551317,3.3403632640838623,0.509438693523407,0.15250996770350578,0.42
11,octanol_gsolv_eV,8,0.062087949365377426,0.02399902231991291,0.6592889898061942,0.9531385066677183,4.939850330352783,0.009700200520455837,0.0019636628382955663,0.06
11,octanol_gsolv_eV,9,0.6839310526847839,0.015970129519701004,0.6788108535573849,0.9311137994417165,3.6375012397766113,1.0546265840530396,0.28993160813817537,0.6
11,octanol_gsolv_eV,10,0.24429717659950256,0.015925627201795578,0.6686865027009647,0.9699451381209643,3.3374617099761963,0.04373883828520775,0.013105420252302971,0.24
11,octanol_gsolv_eV,11,0.43738415837287903,0.01985247991979122,0.6713947373550528,0.9346861641461421,4.332408428192139,0.257781445980072,0.05950072580937183,0.4
11,octanol_gsolv_eV,12,0.15557558834552765,0.00478280708193779,0.674965442089376,0.9627752166610954,0.924807608127594,0.10735565423965454,0.11608431126233001,0.18
11,octanol_gsolv_eV,13,0.22643142938613892,0.04750486835837364,0.6612601192152263,0.9833214470984162,9.956925392150879,0.0314013697206974,0.00315372150377378,0.24
11,octanol_gsolv_eV,14,0.11196042597293854,0.01216211635619402,0.6716740429538217,0.9673030809107857,2.5454671382904053,0.057747386395931244,0.022686360993336464,0.12
11,octanol_gsolv_eV,15,0.1292322427034378,0.013010015711188316,0.666412172967408,0.9556108458809787,2.6646814346313477,0.05915610119700432,0.02220006505400088,0.14
11,octanol_gsolv_eV,16,0.3082190155982971,0.015062781050801277,0.6724995821231268,0.9433064873762373,3.1867616176605225,0.346314013004303,0.10867270745483007,0.12
11,octanol_gsolv_eV,17,0.188371479511261,0.006735555361956358,0.6703672226380106,0.9535083061522949,1.3374156951904297,0.07240641117095947,0.054139046992902076,0.2
11,octanol_gsolv_eV,18,0.08636478334665298,0.012104399502277374,0.6664372600508,0.9589001430168429,2.469169855117798,0.026122456416487694,0.010579448944083055,0.08
11,octanol_gsolv_eV,19,0.3036595284938812,0.022175101563334465,0.6587335363361722,0.9596218268639809,4.623824119567871,0.027279498055577278,0.005899769833400743,0.32
11,octanol_gsolv_eV,20,0.5755545496940613,0.018831739202141762,0.6761267169273502,0.9409405196374052,4.129595756530762,1.2258687019348145,0.29684956451152894,0.38
11,octanol_gsolv_eV,21,0.12936700880527496,0.004893335048109293,0.7050878073205087,0.962419267544611,1.1279276609420776,0.018727019429206848,0.016603032337699303,0.04
11,octanol_gsolv_eV,22,0.23904545605182648,0.019106043502688408,0.6670071841823935,0.9199178787572051,4.055758953094482,0.5473286509513855,0.13495098137767336,0.1
11,octanol_gsolv_eV,23,0.10102080553770065,0.009778323583304882,0.6642308401076062,0.9621771639663488,1.9554178714752197,0.02402200736105442,0.0122848459715322,0.04
11,octanol_gsolv_eV,24,0.403766393661499,0.011078611947596073,0.6688175948956157,0.9522398570883153,2.2519004344940186,0.14835423231124878,0.06587957000176281,0.36
11,octanol_gsolv_eV,25,0.40595781803131104,0.012624555267393589,0.672709875656909,0.9425650685060896,2.6268064975738525,0.9381746053695679,0.35715405997209015,0.2
11,octanol_gsolv_eV,26,0.14510898292064667,0.016044802963733673,0.6653138757501957,0.9580984518992528,3.3107988834381104,0.03546809032559395,0.010712849549097948,0.02
11,octanol_gsolv_eV,27,0.6316943168640137,0.006842922884970903,0.6905279427193125,0.9440276340830123,1.426318883895874,0.5723097920417786,0.4012495371852337,0.4
11,octanol_gsolv_eV,28,0.14330846071243286,0.010549330152571201,0.6559350333776508,0.9559063274620088,1.986965298652649,0.02364199608564377,0.01189854503331049,0.1
11,octanol_gsolv_eV,29,0.31908002495765686,0.013084872625768185,0.6673329874911142,0.9141948850032378,2.71980881690979,0.5324306488037109,0.19576032164225846,0.14
11,octanol_gsolv_eV,30,0.2227170616388321,0.017470885068178177,0.6667061681036635,0.9282337871965018,3.6513912677764893,0.14051833748817444,0.03848350592505605,0.08
11,octanol_gsolv_eV,31,0.06891477853059769,0.01890777051448822,0.6489938735851077,0.9850628850185525,3.6198747158050537,0.027683041989803314,0.007647513840447004,0.02
11,octanol_gsolv_eV,32,0.29616954922676086,0.01998920924961567,0.6949156861748311,0.957995011955497,4.560360431671143,0.07669539749622345,0.01681783680157896,0.22
11,octanol_gsolv_eV,33,0.4700529873371124,0.010264991782605648,0.660079723410252,0.9439041121584568,1.9723050594329834,0.4326994717121124,0.21938770051956816,0.36
11,octanol_gsolv_eV,34,0.18041890859603882,0.0076752109453082085,0.6660441218201716,0.9490641758429528,1.5033714771270752,0.04919891804456711,0.03272572267939102,0.08
11,octanol_gsolv_eV,35,0.1994139701128006,0.01192746963351965,0.7127314649850061,0.9455907289633585,2.9198081493377686,0.03167292848229408,0.010847606028319946,0.08
11,octanol_gsolv_eV,36,0.3810097873210907,0.006593078374862671,0.676506331766209,0.9535612509454681,1.3496215343475342,0.18946947157382965,0.14038711353655708,0.28
11,octanol_gsolv_eV,37,0.16862328350543976,0.011171420104801655,0.6604201014892577,0.9398687576193736,2.197425127029419,0.04948408156633377,0.022519120655195495,0.1
11,octanol_gsolv_eV,38,0.1862753927707672,0.018254123628139496,0.6616215230181866,0.9545555153920207,3.7648401260375977,0.060124099254608154,0.015969894402365313,0.12
11,octanol_gsolv_eV,39,0.59686678647995,0.01722932979464531,0.6785777930795254,0.9261241407065666,3.730292558670044,1.1227121353149414,0.3009716041454991,0.54
11,octanol_gsolv_eV,40,0.6438987851142883,0.015683863312005997,0.6783103200267859,0.9336503487957728,3.5499844551086426,0.7617220878601074,0.21457054178475155,0.58
11,octanol_gsolv_eV,41,0.16669809818267822,0.009831930510699749,0.7120796748133698,0.9693894278183868,2.399252414703369,0.018699748441576958,0.007793989630677894,0.2
11,octanol_gsolv_eV,42,0.45419132709503174,0.01726607047021389,0.6541189340453808,0.9278798796577459,3.5580179691314697,0.5293184518814087,0.1487677848941887,0.34
11,octanol_gsolv_eV,43,0.23533371090888977,0.010524428449571133,0.6597976001186963,0.9226065470363136,2.0816166400909424,0.2131536304950714,0.10239811999473596,0.04
11,octanol_gsolv_eV,44,0.07859225571155548,0.00943935476243496,0.6642709703940366,0.9619555566079299,1.84852933883667,0.014701509848237038,0.007953084400320689,0.06
11,octanol_gsolv_eV,45,0.08290457725524902,0.0163881778717041,0.6727784357857634,0.9683603280085791,3.480438709259033,0.017994489520788193,0.005170178538963303,0.04
11,octanol_gsolv_eV,46,0.46586281061172485,0.0187723096460104,0.667890631775057,0.9296630447138843,4.052918910980225,0.32081782817840576,0.07915722846298297,0.4
11,octanol_gsolv_eV,47,0.14758478105068207,0.019045809283852577,0.661614410279419,0.9628708662362513,3.9222280979156494,0.037680938839912415,0.009607023839316439,0.16
11,octanol_gsolv_eV,48,0.315803200006485,0.013679851777851582,0.6908249012613052,0.9537085420796276,3.2464094161987305,0.14295116066932678,0.04403362063824668,0.36
11,octanol_gsolv_eV,49,0.1654876470565796,0.008846018463373184,0.6641554321320027,0.943102465633737,1.758851408958435,0.18892282247543335,0.10741261115815949,0.16
11,octanol_gsolv_eV,50,0.5180857181549072,0.017587363719940186,0.6638547335826868,0.9143342359260658,3.8842415809631348,0.7137563228607178,0.1837569337496601,0.44
11,octanol_gsolv_eV,51,0.11913968622684479,0.009764593094587326,0.6579198279259473,0.9438299963342498,1.8866006135940552,0.06323809176683426,0.03351959673455368,0.04
11,octanol_gsolv_eV,52,0.36326315999031067,0.015288799069821835,0.6638051306324302,0.891680817746642,3.2179067134857178,1.0795438289642334,0.3354801506333427,0.14
11,octanol_gsolv_eV,53,0.31694167852401733,0.008281084708869457,0.6705659386584777,0.9685332195656235,1.716178297996521,0.07191409915685654,0.04190362926789692,0.26
11,octanol_gsolv_eV,54,0.12929196655750275,0.017832117155194283,0.6589238681105991,0.9724740306285562,3.5654306411743164,0.08052079379558563,0.02258374987461968,0.04
11,octanol_gsolv_eV,55,0.11086277663707733,0.01123416144400835,0.6660889138489869,0.9521017143462149,2.291808605194092,0.06537432968616486,0.02852521346590735,0.08
11,octanol_gsolv_eV,56,0.2371748983860016,0.011368694715201855,0.6776703739010173,0.9714025568276456,2.443190336227417,0.07259555906057358,0.029713427555820293,0.18
11,octanol_gsolv_eV,57,0.2664329409599304,0.013768244534730911,0.6530696580615014,0.9403812772541009,2.9046852588653564,0.09110909700393677,0.0313662544765784,0.18
11,octanol_gsolv_eV,58,0.12091639637947083,0.011412435211241245,0.6642222094520049,0.9712949008484,2.296921491622925,0.0741034597158432,0.03226207773583253,0.12
11,octanol_gsolv_eV,59,0.23743560910224915,0.00908702239394188,0.6704897385587087,0.9696399316254765,1.8852267265319824,0.08107084035873413,0.04300323097364002,0.2
11,octanol_gsolv_eV,60,0.35326310992240906,0.01920294016599655,0.6662347195295157,0.963683421467397,4.088744163513184,0.10857346653938293,0.02655423332872288,0.3
11,octanol_gsolv_eV,61,0.09390240907669067,0.04657387733459473,0.6342272067143817,0.9681221358412349,8.916657447814941,0.011621624231338501,0.0013033610744109523,0.06
11,octanol_gsolv_eV,62,0.7773299813270569,0.005929184146225452,0.7264087809734114,0.9471959065250535,1.3335963487625122,0.944303035736084,0.7080875983293848,0.66
11,octanol_gsolv_eV,63,0.2421642690896988,0.009513717144727707,0.6629361358048373,0.927163222380347,1.8759384155273438,0.14592498540878296,0.07778772703887621,0.2
11,octanol_gsolv_eV,64,0.5087738633155823,0.017995717003941536,0.670365734383672,0.9448653059960901,3.8609097003936768,0.6053780913352966,0.15679674955194353,0.44
11,octanol_gsolv_eV,65,0.6366767883300781,0.00937694776803255,0.6863794166761354,0.932700363018204,1.9455384016036987,0.8997382521629333,0.4624623453442415,0.48
11,octanol_gsolv_eV,66,0.4746817350387573,0.024026019498705864,0.6637784484165743,0.9292232259769713,5.190675735473633,0.4617566168308258,0.08895886400206658,0.44
11,octanol_gsolv_eV,67,0.6412376165390015,0.007612139452248812,0.6947607582522697,0.9670315920315893,1.6349360942840576,0.5455755591392517,0.33369840022900743,0.6
11,octanol_gsolv_eV,68,0.26898887753486633,0.022109568119049072,0.6651463747905524,0.9753641909889568,4.665303707122803,0.022113997489213943,0.004740098153835335,0.24
11,octanol_gsolv_eV,69,0.26547130942344666,0.014506438747048378,0.6679779788034008,0.9622513874096357,2.995253324508667,0.20547738671302795,0.06860100447321393,0.08
11,octanol_gsolv_eV,70,0.8209277391433716,0.010909236036241055,0.720283450519178,0.9340826751076925,2.4611923694610596,2.3451993465423584,0.9528712081355507,0.72
11,octanol_gsolv_eV,71,0.4124546945095062,0.008659012615680695,0.6602115112058953,0.9402468844159304,1.6143568754196167,0.3786585330963135,0.23455689312679978,0.24
11,octanol_gsolv_eV,72,0.2858623266220093,0.004735808353871107,0.6761024417429904,0.9714317743949341,0.9403488636016846,0.08551350980997086,0.09093806896563963,0.26
11,octanol_gsolv_eV,73,0.14592653512954712,0.012582180090248585,0.6665633827846096,0.9661535516954032,2.5943777561187744,0.0650002658367157,0.025054279656620635,0.14
11,octanol_gsolv_eV,74,0.18049295246601105,0.014975073747336864,0.6658133842115772,0.9333156780081762,3.1259586811065674,0.1648070365190506,0.052722077714958814,0.08
11,octanol_gsolv_eV,75,0.7052620649337769,0.01192025188356638,0.7146605208470038,0.9259450134821732,3.2789723873138428,0.6891405582427979,0.21016967416652954,0.54
11,octanol_gsolv_eV,76,0.37271514534950256,0.011246605776250362,0.6717673725388613,0.9305603514699019,2.334468126296997,0.41421273350715637,0.17743344997568802,0.18
11,octanol_gsolv_eV,77,0.6901093125343323,0.011468826793134212,0.7175746392816524,0.9143834129727044,3.024629592895508,0.9227912425994873,0.3050923143670264,0.54
11,octanol_gsolv_eV,78,0.446552038192749,0.012078259140253067,0.7072190998285699,0.9364936307871465,2.976713180541992,0.20023342967033386,0.06726661842303391,0.28
11,octanol_gsolv_eV,79,0.46522700786590576,0.0177267137914896,0.6724099632775618,0.9117150713226465,3.9464452266693115,0.5421180725097656,0.13736870560022899,0.36
11,octanol_gsolv_eV,80,0.22716043889522552,0.02091134525835514,0.660713901840809,0.919658136644065,4.281347274780273,0.3204761743545532,0.07485404798679889,0.16
11,octanol_gsolv_eV,81,0.221461683511734,0.006838575471192598,0.669550423107081,0.9666552268245896,1.3577615022659302,0.09200502932071686,0.06776229048118704,0.18
11,octanol_gsolv_eV,82,0.08356602489948273,0.02872541733086109,0.6362535334204531,0.9561269729841733,5.469192028045654,0.07534979283809662,0.013777134255244261,0.04
11,octanol_gsolv_eV,83,0.19545097649097443,0.03812499716877937,0.6371645453208321,0.9783261473019382,7.387570858001709,0.01939801312983036,0.0026257633940417325,0.2
11,octanol_gsolv_eV,84,0.47403475642204285,0.014699231833219528,0.7131485195542615,0.9417082978600164,3.6564321517944336,0.5236247181892395,0.1432064636922813,0.38
11,octanol_gsolv_eV,85,0.5513162016868591,0.01076138112694025,0.7141346419200716,0.9493440689200408,2.7488324642181396,0.15657056868076324,0.056958934645475814,0.34
11,octanol_gsolv_eV,86,0.9007332921028137,0.01065387949347496,0.7495562043083177,0.9414204967232733,2.254277229309082,3.512638807296753,1.558210659109283,0.86
11,octanol_gsolv_eV,87,0.452743798494339,0.01861146092414856,0.668252570361394,0.960497697029095,4.0159912109375,0.22046659886837006,0.05489718161432528,0.34
11,octanol_gsolv_eV,88,0.1066000759601593,0.015643006190657616,0.6658899463835064,0.9693246527091115,3.2181084156036377,0.03407290577888489,0.010587867585093044,0.12
11,octanol_gsolv_eV,89,0.6946011781692505,0.013286370784044266,0.704703588163528,0.9211234561980868,3.416208028793335,0.7491028904914856,0.21927906151431942,0.6
11,octanol_gsolv_eV,90,0.14583761990070343,0.010216934606432915,0.66874231864907,0.9570156783838066,2.0701487064361572,0.10518287867307663,0.05080933478163176,0.18
11,octanol_gsolv_eV,91,0.12741893529891968,0.012816539965569973,0.6681690139043686,0.973132788703396,2.648064136505127,0.07121476531028748,0.026893142174522856,0.16
11,octanol_gsolv_eV,92,0.11118128150701523,0.007300793193280697,0.6673505646546318,0.9692403358462955,1.4544522762298584,0.02438407577574253,0.01676512607134105,0.02
11,octanol_gsolv_eV,93,0.2577421963214874,0.011743849143385887,0.665578839262347,0.9683314580033486,2.421308994293213,0.1168796494603157,0.04827126555751023,0.22
11,octanol_gsolv_eV,94,0.679137647151947,0.016737809404730797,0.7045857092469154,0.9730497231192896,3.700218915939331,2.160149335861206,0.583789604057206,0.72
11,octanol_gsolv_eV,95,0.36301717162132263,0.029234226793050766,0.6432486586295916,0.9286832592043222,5.866178512573242,0.559611439704895,0.09539625132536537,0.26
11,octanol_gsolv_eV,96,0.09215989708900452,0.005220148712396622,0.6653082760627207,0.9658691090700608,0.9747326374053955,0.05077889934182167,0.05209520784795729,0.02
11,octanol_gsolv_eV,97,0.3285086452960968,0.009599551558494568,0.6628267872797478,0.9086891460699889,1.9018058776855469,0.48314934968948364,0.2540476687754615,0.14
11,octanol_gsolv_eV,98,0.14263032376766205,0.01976131461560726,0.6637148059440832,0.9703257522315709,4.085534572601318,0.037945304065942764,0.009287720711119192,0.08
11,octanol_gsolv_eV,99,0.25031888484954834,0.01709684170782566,0.6666855094241306,0.9709315512170751,3.5751495361328125,0.055249083787202835,0.015453642771811153,0.28
11,octanol_gsolv_eV,100,0.05032772570848465,0.01578766293823719,0.6727969728359624,0.9700448132716126,3.3517866134643555,0.006705206353217363,0.002000487240530794,0.04
11,octanol_gsolv_eV,101,0.1008228063583374,0.02142242155969143,0.6592255120030834,0.9686423114644134,4.286942958831787,0.018547536805272102,0.004326518216684273,0.1
11,octanol_gsolv_eV,102,0.5195688605308533,0.016436923295259476,0.6777334701923146,0.9145444625632029,3.8979856967926025,0.5825734734535217,0.14945500542315568,0.44
11,octanol_gsolv_eV,103,0.37470245361328125,0.02125147171318531,0.6682757093217726,0.9594143661816004,4.573931694030762,0.12149570137262344,0.026562640087341525,0.32
11,octanol_gsolv_eV,104,0.2759428024291992,0.008349127136170864,0.7113795510624825,0.9472791398663674,2.0172152519226074,0.2858760356903076,0.1417181609239962,0.22
11,octanol_gsolv_eV,105,0.15389569103717804,0.007144282106310129,0.6683209588954433,0.961734908160818,1.402492642402649,0.08460547029972076,0.06032507247580336,0.06
11,octanol_gsolv_eV,106,0.3604336977005005,0.01575670950114727,0.6781234366595568,0.9565503322203719,3.4528098106384277,0.16077767312526703,0.04656430036484954,0.32
11,octanol_gsolv_eV,107,0.30798476934432983,0.01200337428599596,0.6703074143892467,0.9179502865055942,2.5114755630493164,0.3630558252334595,0.14455877276888732,0.18
11,octanol_gsolv_eV,108,0.31256869435310364,0.005883720237761736,0.6691138580894442,0.948338907231991,1.1411733627319336,0.13684463500976562,0.11991572838868568,0.22
11,octanol_gsolv_eV,109,0.15169137716293335,0.012923255562782288,0.6703158247429801,0.9593321952992009,2.687998056411743,0.12574660778045654,0.04678076588653414,0.18
11,octanol_gsolv_eV,110,0.1691472977399826,0.013723027892410755,0.6210320955197115,0.9623455168254487,2.3692917823791504,0.011554461903870106,0.004876757683373032,0.3
11,octanol_gsolv_eV,111,0.30232498049736023,0.0064747813157737255,0.6625754006761988,0.9418168028578637,1.2733007669448853,0.23248456418514252,0.18258417038651292,0.16
11,octanol_gsolv_eV,112,0.3122239112854004,0.023390507325530052,0.6675951513979277,0.961909277747452,4.952638149261475,0.038862451910972595,0.007846818350088361,0.28
11,octanol_gsolv_eV,113,0.20859166979789734,0.012785125523805618,0.6324280760397014,0.9295720932189635,2.2951416969299316,0.4467115104198456,0.1946335213278482,0.18
11,octanol_gsolv_eV,114,0.3374842405319214,0.014157784171402454,0.6676510001931752,0.9526501037874027,2.9567196369171143,0.08724044263362885,0.02950582177097857,0.32
11,octanol_gsolv_eV,115,0.307327002286911,0.01101257186383009,0.667675300103705,0.9745886986690593,2.254828453063965,0.25422993302345276,0.11274912407548938,0.24
11,octanol_gsolv_eV,116,0.13157863914966583,0.010080342181026936,0.6701640105871878,0.9675378815856501,2.0737550258636475,0.05791169032454491,0.02792600360325911,0.16
11,octanol_gsolv_eV,117,0.26804277300834656,0.009225952439010143,0.6722107742301942,0.9774200126998387,1.9038233757019043,0.1008913442492485,0.05299406737878284,0.26
11,octanol_gsolv_eV,118,0.5035828351974487,0.012831788510084152,0.7117863280101846,0.9330095092262085,3.233898401260376,0.3107840120792389,0.09610197152703198,0.34
11,octanol_gsolv_eV,119,0.22322018444538116,0.018560564145445824,0.6503318114926797,0.9350545626772835,3.8879404067993164,0.20434099435806274,0.05255764568837184,0.2
11,octanol_gsolv_eV,120,0.6288344860076904,0.009362424723803997,0.6826835748517059,0.9561936491414338,2.064624071121216,0.6820157170295715,0.3303340916001215,0.36
11,octanol_gsolv_eV,121,0.31449824571609497,0.020086709409952164,0.6669761880145713,0.9808460962173167,4.263605117797852,0.030013518407940865,0.007039469551871356,0.28
11,octanol_gsolv_eV,122,0.13586696982383728,0.015144030563533306,0.6679403749646087,0.9524268145473171,3.142280340194702,0.009990532882511616,0.0031793894245261967,0.06
11,octanol_gsolv_eV,123,0.12120907008647919,0.015031924471259117,0.6662904088320478,0.9734006272907632,3.094514846801758,0.10254375636577606,0.03313726430227247,0.16
11,octanol_gsolv_eV,124,0.6551933884620667,0.01807895489037037,0.6876011098787949,0.9567496014608532,3.975287675857544,1.5068681240081787,0.3790588875264528,0.6
11,octanol_gsolv_eV,125,0.3023364841938019,0.028735050931572914,0.6494662796696611,0.956192679883118,5.763667106628418,0.1237034946680069,0.0214626369600256,0.26
11,octanol_gsolv_eV,126,0.5168924331665039,0.017234142869710922,0.6613642849402706,0.9319645543020976,3.520069122314453,0.8679149746894836,0.2465619124316592,0.34
11,octanol_gsolv_eV,127,0.42283082008361816,0.01751655712723732,0.6922909404372832,0.9685332461326184,4.04824686050415,0.021874375641345978,0.005403419404769659,0.36
11,octanol_gsolv_eV,128,0.14569953083992004,0.015470784157514572,0.6672511085633945,0.96329157966493,3.217641592025757,0.021806541830301285,0.006777181735947279,0.18
11,octanol_gsolv_eV,129,0.6622116565704346,0.00666726054623723,0.6920901397226527,0.9538358934079967,1.3890119791030884,0.5701185464859009,0.4104489774480112,0.48
11,octanol_gsolv_eV,130,0.11199686676263809,0.00769728422164917,0.6679871830540685,0.9717838943860055,1.542330265045166,0.01708167791366577,0.01107524004475497,0.06
11,octanol_gsolv_eV,131,0.35860681533813477,0.011502916924655437,0.6760563397235915,0.9600958580828207,2.4508495330810547,0.0699351504445076,0.028535064882824326,0.28
11,octanol_gsolv_eV,132,0.3492264151573181,0.016955861821770668,0.6680895169126109,0.9549271506894126,3.6062424182891846,0.13202333450317383,0.036609667124321114,0.28
11,octanol_gsolv_eV,133,0.2242245227098465,0.016070712357759476,0.6987025853728599,0.9200975952943953,4.016684532165527,1.0676498413085938,0.26580375749175117,0.24
11,octanol_gsolv_eV,134,0.264675110578537,0.012398566119372845,0.6433990168640025,0.9404303540413725,2.265834331512451,0.06677612662315369,0.029470877766504856,0.22
11,octanol_gsolv_eV,135,0.721305251121521,0.008975197561085224,0.6958767930614391,0.9399741160009278,1.8514347076416016,1.1443731784820557,0.6181007484405343,0.56
11,octanol_gsolv_eV,136,0.18959617614746094,0.005959358997642994,0.6695306065113655,0.9606861918502301,1.1525193452835083,0.07872754335403442,0.06830908624329271,0.18
11,octanol_gsolv_eV,137,0.36176934838294983,0.01882796734571457,0.6663257804070066,0.9703303447125111,3.9769625663757324,0.13028179109096527,0.03275911928175203,0.32
11,octanol_gsolv_eV,138,0.44843071699142456,0.015505568124353886,0.6796636419711939,0.949759358053154,3.63883638381958,0.09548010677099228,0.02623918656951803,0.36
11,octanol_gsolv_eV,139,0.5631048083305359,0.01770504005253315,0.6832309052728396,0.9310235527608406,4.033596992492676,0.9987561702728271,0.24760931053144639,0.48
11,octanol_gsolv_eV,140,0.12673676013946533,0.011217580176889896,0.6659729247860227,0.9574362236283087,2.265028238296509,0.0788702517747879,0.03482086909172706,0.1
11,octanol_gsolv_eV,141,0.4611406624317169,0.007146724034100771,0.6806326230794384,0.9449568630726766,1.4593085050582886,0.4160121977329254,0.28507488052795854,0.26
11,octanol_gsolv_eV,142,0.6237896084785461,0.014247069135308266,0.6789847799150157,0.8973869899918876,3.1386139392852783,0.969795286655426,0.3089883959657258,0.44
11,octanol_gsolv_eV,143,0.13986489176750183,0.01160803809762001,0.6599001123896757,0.9452405726396498,2.3398983478546143,0.06306372582912445,0.026951480985037565,0.04
11,octanol_gsolv_eV,144,0.14020752906799316,0.032286662608385086,0.6469734235793585,0.9551599371134676,6.3067545890808105,0.010698814876377583,0.0016964057702357658,0.1
11,octanol_gsolv_eV,145,0.5083115100860596,0.022426152601838112,0.6651316253119852,0.9353835084631643,4.815805435180664,0.7983958125114441,0.1657865591244536,0.44
11,octanol_gsolv_eV,146,0.10770776867866516,0.01345955953001976,0.6689939629519617,0.9639955228774222,2.807802438735962,0.08512625843286514,0.030317752153241926,0.08
11,octanol_gsolv_eV,147,0.3483760356903076,0.012654799036681652,0.6689831512738196,0.9016591888182222,2.6392979621887207,0.6659741997718811,0.25233005492854665,0.16
11,octanol_gsolv_eV,148,0.341586172580719,0.02570897713303566,0.6497753469867933,0.9468004892915691,5.043482780456543,0.5258089303970337,0.10425512553240773,0.3
11,octanol_gsolv_eV,149,0.24996905028820038,0.011936009861528873,0.6690631640545759,0.9679468804711506,2.4832332134246826,0.09197516739368439,0.03703847342909826,0.2
11,octanol_gsolv_eV,150,0.126179039478302,0.012058939784765244,0.6542877185257188,0.9454328225540867,2.3132190704345703,0.09014248847961426,0.03896841835333812,0.14
11,octanol_gsolv_eV,151,0.4337853491306305,0.0076902019791305065,0.6715436180979808,0.909075316440566,1.5714718103408813,0.566309928894043,0.36036912986126035,0.06
11,octanol_gsolv_eV,152,0.3890853524208069,0.008970114402472973,0.6827954472105189,0.8969639917695529,1.9942022562026978,0.8562424778938293,0.42936591573427535,0.2
11,octanol_gsolv_eV,153,0.3402934670448303,0.01699562557041645,0.6763593925479259,0.9411513013044293,3.6439013481140137,0.23683740198612213,0.06499555815601399,0.38
11,octanol_gsolv_eV,154,0.2416921854019165,0.08101162314414978,0.6317624551332004,0.9777669124580386,15.414870262145996,0.049852583557367325,0.003234057939481292,0.16
11,octanol_gsolv_eV,155,0.2611078917980194,0.017234135419130325,0.664036158011269,0.9577693818819435,3.566579580307007,0.07366436719894409,0.020654065201764868,0.26
11,octanol_gsolv_eV,156,0.19875185191631317,0.020656635984778404,0.6735501243325415,0.9485401425750972,4.565807819366455,0.5091667175292969,0.11151733442866374,0.08
11,octanol_gsolv_eV,157,0.21510499715805054,0.010176924988627434,0.7308851991566874,0.9601854513423096,2.5975184440612793,0.018134096637368202,0.006981315831973508,0.08
11,octanol_gsolv_eV,158,0.7504844069480896,0.011361822485923767,0.7104034851092895,0.9374936552203357,2.6806392669677734,1.7931365966796875,0.6689212602290976,0.56
11,octanol_gsolv_eV,159,0.33597618341445923,0.01529098954051733,0.6673408864803383,0.9681134681328218,3.2133548259735107,0.09634244441986084,0.02998188797611952,0.36
11,octanol_gsolv_eV,160,0.2029726207256317,0.008178741671144962,0.6713237287997484,0.9607122533653623,1.6408462524414062,0.13977082073688507,0.08518215556693433,0.16
11,octanol_gsolv_eV,161,0.4822475016117096,0.020530683919787407,0.6640555075211911,0.9138796608472652,4.421494483947754,0.7433368563652039,0.16811891523644099,0.42
11,octanol_gsolv_eV,162,0.572232723236084,0.016932068392634392,0.6739928325249667,0.9319780904724486,3.6769356727600098,0.718047022819519,0.19528408618596613,0.52
11,octanol_gsolv_eV,163,0.5436339974403381,0.020585861057043076,0.6713428689107914,0.9373409050910482,4.526853561401367,0.4953283965587616,0.10942001764365092,0.44
11,octanol_gsolv_eV,164,0.19109956920146942,0.012028208933770657,0.6677392082144653,0.9624288808573533,2.4783453941345215,0.0597228929400444,0.024097889293957998,0.22
11,octanol_gsolv_eV,165,0.323222279548645,0.014202702790498734,0.6647308235506089,0.9137624429558691,2.9558379650115967,0.4686461389064789,0.15854933337140498,0.16
11,octanol_gsolv_eV,166,0.391000360250473,0.008121146820485592,0.6734523044799878,0.9232745125655661,1.6691614389419556,0.4155142903327942,0.24893595109420902,0.22
11,octanol_gsolv_eV,167,0.2677621841430664,0.016905251890420914,0.6670728000670212,0.9483041161777426,3.537564992904663,0.11555160582065582,0.032664164772214524,0.22
11,octanol_gsolv_eV,168,0.28457629680633545,0.021845849230885506,0.6422211427310096,0.9259103495909067,4.291680812835693,0.4522635042667389,0.10538144004421182,0.24
11,octanol_gsolv_eV,169,0.34540531039237976,0.013407769612967968,0.6714819672288799,0.9820324449309865,2.8485724925994873,0.08762092143297195,0.030759589815814302,0.32
11,octanol_gsolv_eV,170,0.7052361369132996,0.013254625722765923,0.6893219756691469,0.9368086108019982,2.8930392265319824,1.5837005376815796,0.5474175818832686,0.6
11,octanol_gsolv_eV,171,0.20179544389247894,0.01497232262045145,0.6665019233305152,0.9768392860912567,3.0716888904571533,0.07841647416353226,0.025528781383801432,0.18
11,octanol_gsolv_eV,172,0.3094269037246704,0.015624091029167175,0.66978707381837,0.9648359698489937,3.3116838932037354,0.11803293228149414,0.03564136435960035,0.24
11,octanol_gsolv_eV,173,0.20047591626644135,0.025634078308939934,0.6704912472833893,0.9412902644393075,5.298709869384766,0.011630888096988201,0.0021950415070260613,0.22
11,octanol_gsolv_eV,174,0.2605222165584564,0.0069480277597904205,0.6691561833558375,0.9611607895185388,1.4021300077438354,0.06309491395950317,0.044999332166800333,0.28
11,octanol_gsolv_eV,175,0.24567276239395142,0.023213578388094902,0.6529279019244352,0.9227103015441436,4.710315704345703,0.5162703990936279,0.10960420309350404,0.12
11,octanol_gsolv_eV,176,0.18834613263607025,0.014760507270693779,0.6673817660644199,0.9437291860693249,3.0629334449768066,0.08858796954154968,0.028922590429391618,0.1
11,octanol_gsolv_eV,177,0.45912596583366394,0.007842005230486393,0.6993567975646924,0.9076918811771202,1.7882106304168701,0.4372082054615021,0.24449480280719477,0.3
11,octanol_gsolv_eV,178,0.06893792003393173,0.024434680119156837,0.6612234349113468,0.9703979668631615,5.021772861480713,0.007831110619008541,0.001559431466738914,0.06
11,octanol_gsolv_eV,179,0.291532963514328,0.020431960001587868,0.6645448377233212,0.979750348962626,4.2930073738098145,0.13080643117427826,0.030469649777981757,0.24
11,octanol_gsolv_eV,180,0.46984386444091797,0.0075745973736047745,0.6781749153038736,0.9647689890036821,1.5573781728744507,0.38459229469299316,0.24694855841157173,0.3
11,octanol_gsolv_eV,181,0.30228954553604126,0.01625298708677292,0.6677953878895528,0.9755710953506094,3.4238924980163574,0.04093238711357117,0.011954927655376292,0.28
11,octanol_gsolv_eV,182,0.2578069865703583,0.014409307390451431,0.669721708202651,0.9312633226679143,2.987328052520752,0.4717271625995636,0.15790939404914475,0.14
11,octanol_gsolv_eV,183,0.09088584035634995,0.008806120604276657,0.6663077220404281,0.9682037531305765,1.761076807975769,0.06245420500636101,0.035463646289310695,0.02
11,octanol_gsolv_eV,184,0.5803313255310059,0.01712353341281414,0.6750886268852934,0.9375139422100438,3.704617738723755,0.719059944152832,0.19409828351158007,0.5
11,octanol_gsolv_eV,185,0.21068210899829865,0.014216436073184013,0.6631020629107622,0.9130988033217633,2.925705671310425,0.22463610768318176,0.0767801456879178,0.04
11,octanol_gsolv_eV,186,0.5955148935317993,0.01983485370874405,0.6659902208066328,0.9382326999715029,4.383488655090332,1.0232012271881104,0.23342166655317256,0.48
11,octanol_gsolv_eV,187,0.7846072316169739,0.004742290358990431,0.7136772603158357,0.943195530747476,0.9500432014465332,0.7999356389045715,0.8419992245474645,0.6
11,octanol_gsolv_eV,188,0.10973061621189117,0.009212627075612545,0.6671954064170453,0.9656420938942469,1.8547042608261108,0.04254579544067383,0.022939395966946958,0.06
11,octanol_gsolv_eV,189,0.36061981320381165,0.006212111562490463,0.6721983366957844,0.9545347073908186,1.189353346824646,0.3234483301639557,0.27195310042007537,0.12
11,octanol_gsolv_eV,190,0.28328320384025574,0.03304719924926758,0.6404962481031458,0.9650847008017882,6.47832727432251,0.0366174653172493,0.005652302479744461,0.24
11,octanol_gsolv_eV,191,0.37777259945869446,0.01780112460255623,0.6694586660815942,0.942678490101033,3.7785394191741943,0.15575654804706573,0.041221363804405296,0.32
11,octanol_gsolv_eV,192,0.19964444637298584,0.007563919294625521,0.6839603150187847,0.9729279559612416,1.6157981157302856,0.16835039854049683,0.10419024313839367,0.18
11,octanol_gsolv_eV,193,0.4297700822353363,0.019895002245903015,0.6703467658710607,0.9353842629255154,4.302452564239502,0.4653312563896179,0.10815488362551406,0.34
11,octanol_gsolv_eV,194,0.2982075810432434,0.007147622294723988,0.6655608550534062,0.9386981766463118,1.4065136909484863,0.22778266668319702,0.16194841767206059,0.16
11,octanol_gsolv_eV,195,0.7558696269989014,0.012260962277650833,0.6913719507284006,0.9214655626904984,2.7349038124084473,1.501145601272583,0.5488842402653366,0.64
11,octanol_gsolv_eV,196,0.16417889297008514,0.014939402230083942,0.6660917556705102,0.9569049282446604,3.0803864002227783,0.028902139514684677,0.0093826344359248,0.16
11,octanol_gsolv_eV,197,0.1890326738357544,0.013033648021519184,0.6825791926593368,0.9504872705117633,2.832029342651367,0.09153036028146744,0.03231970760436261,0.14
11,octanol_gsolv_eV,198,0.39264360070228577,0.019086895510554314,0.6619467237198571,0.9127282927378726,4.002780914306641,0.8736711740493774,0.21826604871796093,0.22
11,octanol_gsolv_eV,199,0.20825642347335815,0.01297798752784729,0.668331729013691,0.9604532569935345,2.6810572147369385,0.2878704369068146,0.10737198569447912,0.16
11,octanol_gsolv_eV,200,0.337184339761734,0.011643718928098679,0.6677326261962984,0.9559407944936327,2.3804616928100586,0.1593022346496582,0.06692073018054201,0.26
11,octanol_gsolv_eV,201,0.2635422646999359,0.021573057398200035,0.6777749619285787,0.975793397977597,4.767123699188232,0.006600372027605772,0.001384560679373542,0.28
11,octanol_gsolv_eV,202,0.5924162864685059,0.015716833993792534,0.6813076881845954,0.9368719624518338,3.3990225791931152,1.3841679096221924,0.40722527649427276,0.56
11,octanol_gsolv_eV,203,0.20831455290317535,0.01597922295331955,0.6617997329001355,0.9074364390324374,3.354597568511963,0.3914436399936676,0.11668870318990446,0.18
11,octanol_gsolv_eV,204,0.2802317142486572,0.01673511601984501,0.6926523918548442,0.9138737146960632,3.8902783393859863,0.7526241540908813,0.19346280354059966,0.2
11,octanol_gsolv_eV,205,0.12660826742649078,0.008152040652930737,0.649836127757127,0.9502282638500761,1.4692909717559814,0.06973396241664886,0.047460961618316005,0.08
11,octanol_gsolv_eV,206,0.14056891202926636,0.046451251953840256,0.6377716528268338,0.9798971283467643,8.944595336914062,0.017825104296207428,0.0019928351842417942,0.18
11,octanol_gsolv_eV,207,0.4769701063632965,0.011082113720476627,0.6855122196225585,0.9335063306307188,2.4106028079986572,0.5837386250495911,0.24215462751170752,0.34
11,octanol_gsolv_eV,208,0.20464855432510376,0.029917726293206215,0.6342806881964698,0.9162616561496908,5.739747047424316,0.5005801320075989,0.0872129255647654,0.16
11,octanol_gsolv_eV,209,0.32345256209373474,0.01252759713679552,0.7111093969132065,0.9700451487440191,3.0656368732452393,0.010573029518127441,0.00344888516001407,0.24
11,octanol_gsolv_eV,210,0.5092288851737976,0.018923133611679077,0.678627010852825,0.9364947382731035,4.100595951080322,1.174696445465088,0.2864696886694258,0.46
11,octanol_gsolv_eV,211,0.25706130266189575,0.011891337111592293,0.6699689553295916,0.9633726220265582,2.469371795654297,0.09806354343891144,0.0397119395351837,0.22
11,octanol_gsolv_eV,212,0.36757680773735046,0.012954268604516983,0.7084527982751767,0.9785320868073046,3.2086212635040283,0.011229023337364197,0.0034996412524865446,0.28
11,octanol_gsolv_eV,213,0.15266859531402588,0.012832350097596645,0.707460916525023,0.968055465206755,3.0884158611297607,0.007785342633724213,0.002520820700252552,0.18
11,octanol_gsolv_eV,214,0.4905567467212677,0.029082950204610825,0.6528648911690764,0.9367946799057403,5.706296443939209,2.1805477142333984,0.3821301146296753,0.36
11,octanol_gsolv_eV,215,0.25971895456314087,0.020809601992368698,0.6666761635949081,0.9759422752398901,4.381445407867432,0.06607375293970108,0.015080355177096905,0.26
11,octanol_gsolv_eV,216,0.2882430851459503,0.0174153670668602,0.6810042098951632,0.964073476948065,3.866237163543701,0.09757856279611588,0.025238638673339347,0.34
11,octanol_gsolv_eV,217,0.36668887734413147,0.006916055455803871,0.6615912656367433,0.9245514962279471,1.295723557472229,0.2509905695915222,0.1937068814903457,0.14
11,octanol_gsolv_eV,218,0.14351561665534973,0.010497575625777245,0.6681014070402933,0.9600629799397575,2.1478989124298096,0.0385873056948185,0.01796514047822047,0.14
11,octanol_gsolv_eV,219,0.11847801506519318,0.012034174054861069,0.6735986269812695,0.9593753293150411,2.5274038314819336,0.02516472525894642,0.009956748876253455,0.08
11,octanol_gsolv_eV,220,0.6393687725067139,0.01579044945538044,0.7057301867919612,0.9296393449237488,4.12524938583374,0.5726059675216675,0.13880517611565926,0.52
11,octanol_gsolv_eV,221,0.7519741654396057,0.012851076200604439,0.6954613535722745,0.9422246756089052,2.959200859069824,1.2614716291427612,0.42628793691932215,0.68
11,octanol_gsolv_eV,222,0.608120322227478,0.017913805320858955,0.686447067099087,0.9535289132510201,3.941279172897339,1.5944820642471313,0.4045595336691121,0.42
11,octanol_gsolv_eV,223,0.32683297991752625,0.02185329794883728,0.663191444359549,0.9327060356589651,4.55848503112793,0.4654570519924164,0.10210783819931639,0.26
11,octanol_gsolv_eV,224,0.35604026913642883,0.015607941895723343,0.6682587261516468,0.9684131310022976,3.299910068511963,0.17607448995113373,0.05335736013876628,0.24
11,octanol_gsolv_eV,225,0.3205036520957947,0.01688537746667862,0.6687509096692381,0.9771699933041385,3.599062442779541,0.1059582382440567,0.02944051122442477,0.34
11,octanol_gsolv_eV,226,0.29054638743400574,0.024362677708268166,0.6638436274335608,0.9674913288464795,5.109004974365234,0.032770559191703796,0.006414274277698341,0.3
11,octanol_gsolv_eV,227,0.5086446404457092,0.019428959116339684,0.6722188099478505,0.9335589936981639,4.253123760223389,0.8249679803848267,0.19396754641851674,0.46
11,octanol_gsolv_eV,228,0.4847394526004791,0.018863972276449203,0.6661399090323703,0.9283618252421046,4.1119890213012695,0.4171648323535919,0.10145086239106178,0.36
11,octanol_gsolv_eV,229,0.28923866152763367,0.014681889675557613,0.656337219269675,0.9028026231196682,2.961235523223877,0.4907159209251404,0.16571323593703932,0.16
11,octanol_gsolv_eV,230,0.4860512912273407,0.005804035346955061,0.705307781491435,0.9147947995187602,1.344590425491333,0.42025578022003174,0.31255300666480956,0.26
11,octanol_gsolv_eV,231,0.41530150175094604,0.014087564311921597,0.6689906997536426,0.954113702599634,2.9227144718170166,0.24847213923931122,0.08501416803976718,0.34
11,octanol_gsolv_eV,232,0.13566553592681885,0.014872819185256958,0.6670042473721578,0.960138003602389,3.0858840942382812,0.02103872410953045,0.006817729852139388,0.06
11,octanol_gsolv_eV,233,0.18038812279701233,0.02090853825211525,0.6646265882976972,0.9707978287207872,4.342526912689209,0.10369889438152313,0.02387985071054061,0.2
11,octanol_gsolv_eV,234,0.5270729660987854,0.02110915817320347,0.6662917354715066,0.9272534279035094,4.604497909545898,0.7264193892478943,0.15776299686050563,0.42
11,octanol_gsolv_eV,235,0.2759472131729126,0.018152981996536255,0.6707803668951868,0.968828478591282,3.862926483154297,0.036682918667793274,0.009496147241673521,0.28
11,octanol_gsolv_eV,236,0.21152934432029724,0.010214780457317829,0.6908072129090392,0.95452921071176,2.3076300621032715,0.01438195165246725,0.006232347155054364,0.1
11,octanol_gsolv_eV,237,0.19091463088989258,0.012098169885575771,0.6968265731063563,0.9598028240497263,2.7644855976104736,0.036006905138492584,0.013024811982965553,0.18
11,octanol_gsolv_eV,238,0.38384780287742615,0.013128134422004223,0.7132061811397206,0.9140944618266678,3.3669116497039795,0.5204185247421265,0.15456851230054758,0.14
11,octanol_gsolv_eV,239,0.5475638508796692,0.01691672019660473,0.6795846116556024,0.939879326093731,3.601078987121582,1.0010281801223755,0.2779800675581732,0.5
11,octanol_gsolv_eV,240,0.5533832907676697,0.006247491110116243,0.6778291383393853,0.8991838653335771,1.2022029161453247,0.6760603785514832,0.5623513048189609,0.32
11,octanol_gsolv_eV,241,0.09844201058149338,0.013731949031352997,0.6679689193908278,0.9806941744988034,2.844064712524414,0.07361958175897598,0.025885339892154094,0.12
11,octanol_gsolv_eV,242,0.13954956829547882,0.047352492809295654,0.6366563992706722,0.9462768452056731,9.06548023223877,0.03964955732226372,0.004373685266144146,0.18
11,octanol_gsolv_eV,243,0.18487653136253357,0.022063616663217545,0.6634984293432522,0.9712739431401509,4.578705310821533,0.017269205302000046,0.0037716350211893243,0.08
11,octanol_gsolv_eV,244,0.3811832070350647,0.020360460504889488,0.6661388568222759,0.9570132951865757,4.302971363067627,0.6194281578063965,0.14395358591575674,0.24
11,octanol_gsolv_eV,245,0.5935751795768738,0.01069954689592123,0.7033201344763451,0.9411577514328835,2.5385172367095947,0.3361988067626953,0.13243904823686503,0.42
11,octanol_gsolv_eV,246,0.31311532855033875,0.017683781683444977,0.6667114288423732,0.970152232391825,3.736591100692749,0.04071006551384926,0.010894974702022326,0.3
11,octanol_gsolv_eV,247,0.878472089767456,0.009495492093265057,0.7287493396352873,0.9231369909547686,2.215580701828003,2.316809892654419,1.0456896879192417,0.78
11,octanol_gsolv_eV,248,0.6621185541152954,0.009720275178551674,0.6951908684359043,0.9730397582805732,2.1586155891418457,0.5749050378799438,0.26633043918139054,0.6
11,octanol_gsolv_eV,249,0.4477454423904419,0.011679190210998058,0.6677423455946814,0.9174389864321915,2.3965706825256348,0.46527355909347534,0.19414138814514126,0.3
11,octanol_hl_gap_eV,0,0.061255764216184616,0.0013449196703732014,0.6226978313571359,0.9624120055909016,0.37575563788414,0.0029511095490306616,0.007853799787671057,0.02
11,octanol_hl_gap_eV,1,0.16629676520824432,0.0008635105914436281,0.6645557146419929,0.9607608253896058,0.2682294547557831,0.001198513782583177,0.004468240759294676,0.08
11,octanol_hl_gap_eV,2,0.1392453908920288,0.0015747672878205776,0.6340496287388326,0.9798953384587188,0.19293434917926788,0.005697635933756828,0.029531475126094747,0.14
11,octanol_hl_gap_eV,3,0.2637285888195038,0.0014286652440205216,0.6372539722567732,0.9710451014268797,0.3376413881778717,0.0017323530046269298,0.005130748377667239,0.24
11,octanol_hl_gap_eV,4,0.047631051391363144,0.0009668751154094934,0.6476119620465768,0.9521716207885158,0.2576642334461212,0.000654042640235275,0.0025383524577230017,0.12
11,octanol_hl_gap_eV,5,0.014530534856021404,0.0007244923035614192,0.6658466670852075,0.9752784090742934,0.271171897649765,0.0006861197180114686,0.002530202148371709,0.04
11,octanol_hl_gap_eV,6,0.05828423798084259,0.001975652063265443,0.6297233997326273,0.9688451602183124,0.3576357960700989,0.010443204082548618,0.029200667822696598,0.1
11,octanol_hl_gap_eV,7,0.05069229379296303,0.00206970889121294,0.620840075370839,0.968887246992449,0.3222331404685974,0.0013733929954469204,0.00426210970556817,0.16
11,octanol_hl_gap_eV,8,0.06406667828559875,0.0011074389331042767,0.6563753811683479,0.9622950989031671,0.3344903886318207,0.0006668636342510581,0.0019936705415625152,0.08
11,octanol_hl_gap_eV,9,0.05224837362766266,0.0012406326131895185,0.6359080838226638,0.9638397120249977,0.3285878300666809,0.0005465461872518063,0.001663318410608496,0.02
11,octanol_hl_gap_eV,10,0.28917431831359863,0.001332945772446692,0.6288293538338046,0.9275788065051789,0.3674517869949341,0.04517160728573799,0.12293206587769501,0.1
11,octanol_hl_gap_eV,11,0.10249557346105576,0.0024742677342146635,0.6161415702748827,0.9132152055118505,0.465814471244812,0.03578225523233414,0.07681653843151756,0.08
11,octanol_hl_gap_eV,12,0.06679834425449371,0.0025296411477029324,0.6257296838355382,0.9685062362756898,0.5330989360809326,0.0007381968316622078,0.0013847276400306644,0.12
11,octanol_hl_gap_eV,13,0.1062333956360817,0.0011336561292409897,0.6363900080463585,0.9736961780505979,0.3280326724052429,0.0005949517944827676,0.001813696758071037,0.08
11,octanol_hl_gap_eV,14,0.4058641195297241,0.0014597238041460514,0.648236674983697,0.9304702681232939,0.32297447323799133,0.1053154468536377,0.3260797851848605,0.38
11,octanol_hl_gap_eV,15,0.113651804625988,0.0019419098971411586,0.6188226764800242,0.9726566253941904,0.4892823398113251,0.002395054791122675,0.004895036252578104,0.16
11,octanol_hl_gap_eV,16,0.09719307720661163,0.0016405016649514437,0.6181954396584257,0.9731279695659043,0.33143192529678345,0.0012546995421871543,0.0037856930682330114,0.14
11,octanol_hl_gap_eV,17,0.07189112901687622,0.0009573212591931224,0.6108086516036291,0.964369156059192,0.3077063262462616,0.0011923903366550803,0.0038750920437716123,0.06
11,octanol_hl_gap_eV,18,0.09719444811344147,0.0008154138340614736,0.6456459563207699,0.9613086338603458,0.2828204035758972,0.0007504335371777415,0.002653392498170156,0.14
11,octanol_hl_gap_eV,19,0.039086222648620605,0.0010380257153883576,0.670234959035541,0.9745060434213926,0.1755036562681198,0.009924503974616528,0.05654870209344642,0.04
11,octanol_hl_gap_eV,20,0.030960697680711746,0.0012808130122721195,0.6447867664946756,0.969027882816232,0.2768718898296356,0.0013343881582841277,0.004819514755019736,0.06
11,octanol_hl_gap_eV,21,0.09973034262657166,0.0010942983208224177,0.6642831932285418,0.9821174265970591,0.24858620762825012,0.003114900551736355,0.012530464105211152,0.1
11,octanol_hl_gap_eV,22,0.2039540410041809,0.0011709152022376657,0.6513667227676736,0.9455906048315867,0.2908395826816559,0.014113109558820724,0.04852540850420798,0.2
11,octanol_hl_gap_eV,23,0.0482485257089138,0.0008984867599792778,0.6474816855706533,0.9637995518636986,0.24893054366111755,0.0006823307485319674,0.002741048721850946,0.04
11,octanol_hl_gap_eV,24,0.10754428803920746,0.0012215847382321954,0.6354775020205177,0.9349434572172575,0.33902302384376526,0.01492798700928688,0.04403236936546901,0.08
11,octanol_hl_gap_eV,25,0.06785375624895096,0.001897317823022604,0.6317990412042933,0.9694778612141457,0.2796904444694519,0.001272218651138246,0.004548666843272149,0.0
11,octanol_hl_gap_eV,26,0.13924849033355713,0.0010029809782281518,0.6538834103621576,0.9709362084728845,0.33098095655441284,0.0007561618112958968,0.002284608211806847,0.26
11,octanol_hl_gap_eV,27,0.08319713175296783,0.0010704861488193274,0.6761422442916041,0.9740159516802627,0.2718445658683777,0.002151820342987776,0.007915627579731166,0.02
11,octanol_hl_gap_eV,28,0.17624583840370178,0.0007794176344759762,0.6586416015581427,0.951817990308589,0.27953416109085083,0.0020392239093780518,0.007295079432940175,0.2
11,octanol_hl_gap_eV,29,0.26974812150001526,0.002281543565914035,0.603631787532735,0.9508365042549198,0.3739304840564728,0.08239603787660599,0.22035121871519345,0.22
11,octanol_hl_gap_eV,30,0.10264069586992264,0.0013655079528689384,0.644213514530473,0.9492734387423347,0.3280011713504791,0.0005885850987397134,0.0017944603560905961,0.06
11,octanol_hl_gap_eV,31,0.034853797405958176,0.001286001643165946,0.6419629990489517,0.9690843755853167,0.3041832745075226,0.00026478900690563023,0.0008704916709649067,0.02
11,octanol_hl_gap_eV,32,0.378073513507843,0.0009779296815395355,0.6471725091640197,0.9196993361921271,0.29397258162498474,0.0314536988735199,0.10699534868066296,0.22
11,octanol_hl_gap_eV,33,0.09063936024904251,0.0010317277628928423,0.6324049562251233,0.9593779226811825,0.29212862253189087,0.0013164520496502519,0.004506412409165893,0.06
11,octanol_hl_gap_eV,34,0.08792013674974442,0.0009258246282115579,0.6848159679087127,0.9644320452680919,0.33987686038017273,0.004643420688807964,0.013662067737162274,0.02
11,octanol_hl_gap_eV,35,0.07234102487564087,0.0008056340157054365,0.6610973476570003,0.9734892634100152,0.28647032380104065,0.003012403380125761,0.010515586187621776,0.04
11,octanol_hl_gap_eV,36,0.15316839516162872,0.0009647678234614432,0.658021394281016,0.9539875577561341,0.2657749056816101,0.005241837352514267,0.019722845311791106,0.14
11,octanol_hl_gap_eV,37,0.054661791771650314,0.001010568579658866,0.6460923018416058,0.9601690345680438,0.3317783772945404,0.0007375964778475463,0.0022231601825960343,0.04
11,octanol_hl_gap_eV,38,0.08637683838605881,0.002258999738842249,0.6070395024116291,0.9852377905654846,0.3271092474460602,0.018670720979571342,0.05707793688299844,0.06
11,octanol_hl_gap_eV,39,0.0706772655248642,0.0016287589678540826,0.6301553797527801,0.9771887730099558,0.33498895168304443,0.0011843283427879214,0.0035354250844323192,0.08
11,octanol_hl_gap_eV,40,0.17702516913414001,0.001129782642237842,0.6587961150947885,0.9801824776924832,0.2621610760688782,0.0007044799858704209,0.0026872028313056334,0.06
11,octanol_hl_gap_eV,41,0.13616278767585754,0.0008871880709193647,0.6763606920101448,0.9758988320562614,0.2694157063961029,0.0011441112728789449,0.004246639099788929,0.26
11,octanol_hl_gap_eV,42,0.1747761219739914,0.0011496794177219272,0.6451751514758315,0.945931779479303,0.33425408601760864,0.015810787677764893,0.04730170352182912,0.08
11,octanol_hl_gap_eV,43,0.02876356802880764,0.001053326646797359,0.6403591109383127,0.9607125165571755,0.32499873638153076,0.0009539691382087767,0.002935301068644369,0.02
11,octanol_hl_gap_eV,44,0.03593186289072037,0.000916585442610085,0.636893243804751,0.9654899090434894,0.33777499198913574,0.0005599661963060498,0.001657808332726008,0.06
11,octanol_hl_gap_eV,45,0.13981568813323975,0.0017453694017603993,0.630232635473418,0.9421691713581153,0.32021990418434143,0.0440792590379715,0.1376530892114574,0.06
11,octanol_hl_gap_eV,46,0.07011586427688599,0.001962988870218396,0.6186843925822227,0.9229594690875624,0.33675116300582886,0.05946674197912216,0.1765895667540511,0.06
11,octanol_hl_gap_eV,47,0.10921808332204819,0.001401833607815206,0.6375894608603816,0.9827593704075588,0.37346434593200684,0.0016026784433051944,0.0042913827270595175,0.2
11,octanol_hl_gap_eV,48,0.07611236721277237,0.0023437533527612686,0.630508228359705,0.9732407214377241,0.3383159637451172,0.0018472628435119987,0.0054601704958377375,0.16
11,octanol_hl_gap_eV,49,0.02773711271584034,0.0015691140433773398,0.6338680469418927,0.9619463109126323,0.31310442090034485,0.0016572846798226237,0.00529307339403587,0.12
11,octanol_hl_gap_eV,50,-0.03754154592752457,0.0022352428641170263,0.6067592022442607,0.9579724942886847,0.4002745747566223,0.008128659799695015,0.020307709538227497,0.04
11,octanol_hl_gap_eV,51,0.0846560001373291,0.0007512270822189748,0.6699469027068499,0.9574592371985851,0.2876279354095459,0.0007388857193291187,0.0025688941454071164,0.08
11,octanol_hl_gap_eV,52,0.13887038826942444,0.0008016563951969147,0.6409020946786981,0.969066065361559,0.26800933480262756,0.0016545471735298634,0.00617346845306092,0.14
11,octanol_hl_gap_eV,53,0.18463365733623505,0.0025541784707456827,0.6402452301742019,0.9887339092203113,0.4855656921863556,0.007372939959168434,0.01518422754698816,0.2
11,octanol_hl_gap_eV,54,0.03228997066617012,0.0027689740527421236,0.6148009328151334,0.9401117446764484,0.5472107529640198,0.036319244652986526,0.06637158435988298,0.02
11,octanol_hl_gap_eV,55,0.0833960697054863,0.0011244764318689704,0.6433255327089862,0.9644567916804534,0.3168119490146637,0.0007363759214058518,0.0023243312750548073,0.18
11,octanol_hl_gap_eV,56,0.11072482168674469,0.0006410714704543352,0.6331915967346307,0.98025410905455,0.27417120337486267,0.0006515727145597339,0.0023765176887262885,0.08
11,octanol_hl_gap_eV,57,0.1329052597284317,0.0028079587500542402,0.6150778351757942,0.9724383763521354,0.5472967028617859,0.002907290356233716,0.005312091852612388,0.12
11,octanol_hl_gap_eV,58,0.059014420956373215,0.0016931992722675204,0.6559538722682481,0.9773918367284489,0.43309274315834045,0.0004993765614926815,0.0011530476309784472,0.12
11,octanol_hl_gap_eV,59,0.7805864810943604,0.0012376558734104037,0.6690624092185657,0.9634553674648532,0.23787596821784973,0.056020621210336685,0.2355034921351631,0.56
11,octanol_hl_gap_eV,60,0.08616677671670914,0.003416043007746339,0.631208421935316,0.9787057649121191,0.585378885269165,0.0016385858180001378,0.0027991884559462614,0.02
11,octanol_hl_gap_eV,61,0.06415475159883499,0.0014215484261512756,0.6361283876150048,0.9793257760101901,0.36423712968826294,0.0004920978099107742,0.0013510369201842286,0.02
11,octanol_hl_gap_eV,62,0.09942930936813354,0.001354021718725562,0.6589140121243773,0.974006780777213,0.29142752289772034,0.003392060985788703,0.011639466828873207,0.24
11,octanol_hl_gap_eV,63,0.17579463124275208,0.0007583071128465235,0.6581013870370329,0.9239473114754662,0.2633380889892578,0.02236025407910347,0.08491082381939666,0.16
11,octanol_hl_gap_eV,64,0.2063639611005783,0.001127587165683508,0.6395044658404858,0.9730734152897502,0.22427155077457428,0.015357592143118382,0.06847766508983125,0.22
11,octanol_hl_gap_eV,65,0.07274239510297775,0.0017376895993947983,0.605399783605836,0.9650168552731895,0.32542651891708374,0.0009387131431140006,0.002884562531159846,0.1
11,octanol_hl_gap_eV,66,0.037844929844141006,0.0009830627823248506,0.6753320051508978,0.9670256024213524,0.27317216992378235,0.00185292586684227,0.006782996479323841,0.02
11,octanol_hl_gap_eV,67,0.2755733132362366,0.0011449223384261131,0.654280739380708,0.9135570776303283,0.2845931351184845,0.04852542281150818,0.17050805807844105,0.12
11,octanol_hl_gap_eV,68,0.020668983459472656,0.0010062201181426644,0.6393959847437618,0.9598797876711951,0.3183862864971161,0.0006660690996795893,0.0020920156675329118,0.1
11,octanol_hl_gap_eV,69,0.06346216797828674,0.0017482391558587551,0.6154753392831371,0.969624212415749,0.3503364622592926,0.0015910955844447017,0.004541621429250755,0.12
11,octanol_hl_gap_eV,70,0.1516604870557785,0.0007093172171153128,0.6632489485664412,0.9419274562357407,0.2605529725551605,0.0036201777402311563,0.013894210089906937,0.08
11,octanol_hl_gap_eV,71,0.026612257584929466,0.001061558024957776,0.6262136076593172,0.9661818108876341,0.2992839217185974,0.0006184023222886026,0.002066273118641025,0.1
11,octanol_hl_gap_eV,72,0.699858546257019,0.0012251482112333179,0.6855184747722556,0.9839611021358383,0.2818586528301239,0.004002436995506287,0.01420015655122908,0.52
11,octanol_hl_gap_eV,73,0.10108611732721329,0.0010332055389881134,0.6578158154961804,0.9603423073848083,0.2866038382053375,0.0011005837004631758,0.003840087094976941,0.22
11,octanol_hl_gap_eV,74,0.07105794548988342,0.0012691153679043055,0.6489476898357336,0.9761665062622518,0.38334921002388,0.0006396812968887389,0.001668664706127583,0.16
11,octanol_hl_gap_eV,75,0.09242413192987442,0.0009519147570244968,0.6659927638936511,0.9602219966885244,0.2745889127254486,0.0017810966819524765,0.006486411502467799,0.16
11,octanol_hl_gap_eV,76,0.2520351707935333,0.0012682070955634117,0.624340464782251,0.9149844151660143,0.23318535089492798,0.0290451031178236,0.12455800935330265,0.18
11,octanol_hl_gap_eV,77,0.07298239320516586,0.0014802854275330901,0.6492509193815947,0.957959614473384,0.10131607949733734,0.03234925493597984,0.31929043342848656,0.08
11,octanol_hl_gap_eV,78,0.2476091980934143,0.0011716214939951897,0.6488619465585017,0.9120021602757147,0.3116723299026489,0.02360128052532673,0.0757246577926844,0.22
11,octanol_hl_gap_eV,79,0.06487106531858444,0.0015085223130881786,0.6245866783534977,0.9700076960169954,0.40794920921325684,0.002255320083349943,0.00552843352166168,0.08
11,octanol_hl_gap_eV,80,0.14458203315734863,0.0011574671370908618,0.6251372251611547,0.9692502828591207,0.2788082957267761,0.0005875002243556082,0.0021071834423870266,0.14
11,octanol_hl_gap_eV,81,0.0715683251619339,0.0008242523181252182,0.6501035290774242,0.9566663657625902,0.28882816433906555,0.0006941030151210725,0.002403169430202245,0.08
11,octanol_hl_gap_eV,82,0.06551064550876617,0.0010381020838394761,0.6470590678132992,0.9781400342548847,0.30215224623680115,0.0009166008676402271,0.003033572905898153,0.1
11,octanol_hl_gap_eV,83,0.14554862678050995,0.003009561914950609,0.6218056521836184,0.9730422212469831,0.6081061363220215,0.0032907440327107906,0.005411463289310047,0.22
11,octanol_hl_gap_eV,84,0.045765895396471024,0.000883332104422152,0.6853394031246827,0.9687292805847307,0.25465238094329834,0.0009596982854418457,0.0037686601707271486,0.04
11,octanol_hl_gap_eV,85,0.16474659740924835,0.0011897548101842403,0.6543494514677155,0.9593365646693051,0.33582815527915955,0.013290910050272942,0.03957652103119459,0.02
11,octanol_hl_gap_eV,86,0.3070513904094696,0.0014631373342126608,0.6268384553702988,0.9568144920163051,0.36743807792663574,0.039925772696733475,0.10865986705032031,0.26
11,octanol_hl_gap_eV,87,0.0795341432094574,0.001545959385111928,0.6265269158777871,0.9826173771805329,0.357334703207016,0.002786078490316868,0.007796831556835382,0.1
11,octanol_hl_gap_eV,88,0.1002960354089737,0.0009950115345418453,0.6672021553882697,0.9686948245418892,0.32783761620521545,0.0007483431254513562,0.0022826640033366953,0.2
11,octanol_hl_gap_eV,89,0.03192760795354843,0.000738274771720171,0.645111473759969,0.9696012993380392,0.30440354347229004,0.0009834710508584976,0.0032308134118288387,0.02
11,octanol_hl_gap_eV,90,0.12275289744138718,0.0011162722948938608,0.6801615344509657,0.9760524277582738,0.2968498170375824,0.0011713809799402952,0.0039460390834332015,0.16
11,octanol_hl_gap_eV,91,0.2717083990573883,0.0014485070714727044,0.6440186796639678,0.9470683953300645,0.369017094373703,0.0487617589533329,0.1321395666943059,0.24
11,octanol_hl_gap_eV,92,0.2618308365345001,0.0008641790482215583,0.6371015734948238,0.9141617180960357,0.2900431156158447,0.029802927747368813,0.10275343955014636,0.04
11,octanol_hl_gap_eV,93,0.2883356809616089,0.0011773352744057775,0.6505111083016388,0.9650500605624455,0.31216734647750854,0.002424373757094145,0.007766263142031799,0.22
11,octanol_hl_gap_eV,94,0.05386173725128174,0.0018265577964484692,0.6032039325202043,0.965568451939776,0.2813904285430908,0.0006313584744930267,0.002243709843870341,0.04
11,octanol_hl_gap_eV,95,0.014904916286468506,0.001039795228280127,0.655955003759964,0.9695002906320445,0.23938678205013275,0.0008743986254557967,0.0036526604266424317,0.02
11,octanol_hl_gap_eV,96,0.06894008070230484,0.0008850754820741713,0.6634910762609718,0.976572517148363,0.3339124321937561,0.0006566559313796461,0.001966551311268982,0.04
11,octanol_hl_gap_eV,97,0.05468133091926575,0.0006245279801078141,0.6878362261013309,0.9638169494903019,0.2790452241897583,0.00031869031954556704,0.0011420740866320972,0.06
11,octanol_hl_gap_eV,98,0.04661409556865692,0.0007878054166212678,0.6530135251949536,0.961046078411506,0.3044784367084503,0.00034989058622159064,0.0011491473419400933,0.08
11,octanol_hl_gap_eV,99,0.032656244933605194,0.0009945997735485435,0.6302861202102956,0.9715456849191146,0.28393471240997314,0.0008565958705730736,0.0030168761800995836,0.04
11,octanol_hl_gap_eV,100,0.04159810394048691,0.000923406274523586,0.6537872963010696,0.9536906017844715,0.26679304242134094,0.0010112154996022582,0.0037902618839859613,0.22
11,octanol_hl_gap_eV,101,0.1208975613117218,0.001005697762593627,0.6429271296396908,0.9666247029214499,0.2761603593826294,0.001090527162887156,0.003948891018700458,0.16
11,octanol_hl_gap_eV,102,0.25225725769996643,0.0017909888410940766,0.6448982584376237,0.9195242823657357,0.19273944199085236,0.06885341554880142,0.35723573150154336,0.18
11,octanol_hl_gap_eV,103,0.32499343156814575,0.001012919470667839,0.6664563922847502,0.9095584872417326,0.2873793840408325,0.04294612258672714,0.1494405130349403,0.12
11,octanol_hl_gap_eV,104,0.09421305358409882,0.0017023234395310283,0.6071193079496837,0.9376159483647226,0.3634757101535797,0.01831780932843685,0.0503962405650078,0.0
11,octanol_hl_gap_eV,105,0.029663462191820145,0.0008690948598086834,0.6644525852391754,0.9530465813951137,0.24612991511821747,0.000551339122466743,0.002240032960649793,0.04
11,octanol_hl_gap_eV,106,0.09217255562543869,0.002106341067701578,0.615773885057284,0.971519921438964,0.3344341218471527,0.0370166040956974,0.11068429229423904,0.06
11,octanol_hl_gap_eV,107,0.07703567296266556,0.0015253834426403046,0.649059675481221,0.963184218146784,0.2541572153568268,0.0008158899145200849,0.003210178052095068,0.02
11,octanol_hl_gap_eV,108,0.1847819685935974,0.0016119293868541718,0.6256324274536569,0.9889148895702087,0.3763139843940735,0.0011347528779879212,0.003015441692434198,0.14
11,octanol_hl_gap_eV,109,0.09928987175226212,0.002747848629951477,0.6120479864471644,0.9744500501047331,0.5007691979408264,0.005393563769757748,0.01077055815720335,0.1
11,octanol_hl_gap_eV,110,0.09048718959093094,0.001487339730374515,0.6160371899740786,0.9646802197151434,0.3380700349807739,0.0014410339063033462,0.004262530710198252,0.2
11,octanol_hl_gap_eV,111,0.07485859841108322,0.0014268666272982955,0.6264516175229726,0.9692221480271266,0.3293169438838959,0.0013446463271975517,0.004083137391411056,0.08
11,octanol_hl_gap_eV,112,0.061183903366327286,0.0011025461135432124,0.6420229181754626,0.9658357963680064,0.2803362309932709,0.0009756931685842574,0.003480439061077616,0.06
11,octanol_hl_gap_eV,113,0.10436639189720154,0.0019034964498132467,0.6420319199598523,0.9657764071219237,0.3149377405643463,0.003386967582628131,0.010754403637236117,0.04
11,octanol_hl_gap_eV,114,0.07358525693416595,0.0008227105718106031,0.6526800305453004,0.958551526816305,0.3010915219783783,0.00043860336882062256,0.0014567111220491924,0.08
11,octanol_hl_gap_eV,115,0.14048683643341064,0.0023226311895996332,0.618939856415887,0.9781312222639038,0.4960395395755768,0.001869671861641109,0.0037691992522226043,0.14
11,octanol_hl_gap_eV,116,0.12681980431079865,0.0012086069909855723,0.6620116999023116,0.9753009346998607,0.33595314621925354,0.0011250037932768464,0.0033486925362581177,0.14
11,octanol_hl_gap_eV,117,0.13039401173591614,0.0009281756356358528,0.6482879499796177,0.9552432148549721,0.2842755615711212,0.00134123710449785,0.004718087960446413,0.08
11,octanol_hl_gap_eV,118,0.16261127591133118,0.0010915823513641953,0.647364103150899,0.9717600376299071,0.3528452515602112,0.0023631537333130836,0.0066974225184091045,0.22
11,octanol_hl_gap_eV,119,0.15348371863365173,0.001442712265998125,0.6486639003183741,0.9509046931060894,0.21557554602622986,0.01738898456096649,0.08066306629626123,0.08
11,octanol_hl_gap_eV,120,0.36331436038017273,0.0012671678559854627,0.6360510522223082,0.9468048515877445,0.3394162356853485,0.03227265551686287,0.09508282787857214,0.28
11,octanol_hl_gap_eV,121,0.09536682814359665,0.000980187556706369,0.6436706069850413,0.9666187239814701,0.3295220732688904,0.001449955627322197,0.0044001775448257495,0.06
11,octanol_hl_gap_eV,122,0.09954844415187836,0.000973047106526792,0.6199354427451265,0.9739118323415381,0.2746887803077698,0.0039875702932477,0.014516684259109175,0.18
11,octanol_hl_gap_eV,123,0.10275145620107651,0.0012223260710015893,0.6387003279484389,0.9670850227968988,0.347332626581192,0.002460859017446637,0.007085021184646442,0.16
11,octanol_hl_gap_eV,124,0.0574154257774353,0.0011953309876844287,0.6350442592000984,0.966567067177537,0.23246096074581146,0.0009928644867613912,0.0042711020533338345,0.08
11,octanol_hl_gap_eV,125,0.04586011916399002,0.002119535580277443,0.6198132803138119,0.9604491213797128,0.47040724754333496,0.0030967991333454847,0.006583230061862941,0.06
11,octanol_hl_gap_eV,126,0.14380574226379395,0.0014819890493527055,0.6451045295357061,0.9760680297804609,0.36672472953796387,0.0006511016981676221,0.0017754507556333725,0.18
11,octanol_hl_gap_eV,127,0.3168535828590393,0.0009873550152406096,0.6778385202970603,0.9402266088891023,0.24376113712787628,0.025396987795829773,0.1041880100128783,0.22
11,octanol_hl_gap_eV,128,0.11331960558891296,0.0010293963132426143,0.6489296177190647,0.9577992544922194,0.30152255296707153,0.001996932551264763,0.006622829806972491,0.06
11,octanol_hl_gap_eV,129,0.19907911121845245,0.002754063345491886,0.6113903579598987,0.9491993282284239,0.514509916305542,0.06102261319756508,0.11860337626870299,0.22
11,octanol_hl_gap_eV,130,0.02581796981394291,0.0009474553517065942,0.6503902875948604,0.9531168953016371,0.2452806681394577,0.0007888925028964877,0.003216284874305512,0.02
11,octanol_hl_gap_eV,131,0.0828414261341095,0.0008799194474704564,0.6715910655255231,0.9624031102775961,0.2743825912475586,0.0003412359510548413,0.0012436501510657613,0.18
11,octanol_hl_gap_eV,132,0.16446802020072937,0.0013305888278409839,0.6307911263139947,0.9086550350398446,0.31919991970062256,0.05307193845510483,0.16626551317707403,0.08
11,octanol_hl_gap_eV,133,0.24618442356586456,0.001566454186104238,0.6315145428110378,0.9203724183851154,0.41919198632240295,0.04175231233239174,0.09960188575809223,0.16
11,octanol_hl_gap_eV,134,0.08378178626298904,0.0010764006292447448,0.6518997938079127,0.9661119789062278,0.2537817060947418,0.0014638124266639352,0.0057679982107042204,0.0
11,octanol_hl_gap_eV,135,0.1401003748178482,0.0018713606987148523,0.6555695946387141,0.9783795002904789,0.1622633934020996,0.013322919607162476,0.08210674834186035,0.1
11,octanol_hl_gap_eV,136,0.12989680469036102,0.0015899920836091042,0.6339380399887495,0.9792333023388253,0.16870130598545074,0.017294161021709442,0.1025134981658111,0.16
11,octanol_hl_gap_eV,137,0.05317045748233795,0.0015446731122210622,0.6155119338154473,0.9828115115494649,0.3605629801750183,0.00461952481418848,0.012811977568928873,0.1
11,octanol_hl_gap_eV,138,0.19410674273967743,0.0013767345808446407,0.6183146491051124,0.9639225172639767,0.3731445372104645,0.0028194349724799395,0.007555878999481896,0.24
11,octanol_hl_gap_eV,139,0.12957815825939178,0.0025755439419299364,0.6274050861254235,0.9325064599912909,0.47862526774406433,0.059658415615558624,0.12464535334030842,0.08
11,octanol_hl_gap_eV,140,0.03317972645163536,0.0015099148731678724,0.6373061965563704,0.969647126544873,0.4039982557296753,0.0005801154766231775,0.0014359355972352178,0.08
11,octanol_hl_gap_eV,141,0.12159246951341629,0.0023100818507373333,0.6249128735830933,0.9803961098123397,0.31861060857772827,0.008162179961800575,0.025618042030164632,0.12
11,octanol_hl_gap_eV,142,0.10710694640874863,0.0009838375262916088,0.650925528078129,0.9630829651261683,0.2838979959487915,0.0018936427077278495,0.006670151726148211,0.14
11,octanol_hl_gap_eV,143,0.05371321737766266,0.0008789468556642532,0.6469138631429792,0.9704495432286409,0.31737852096557617,0.001476698205806315,0.004652798183423641,0.02
11,octanol_hl_gap_eV,144,0.10450416803359985,0.0008945721783675253,0.66546021625067,0.964545071099683,0.29028913378715515,0.001413168734870851,0.004868142036301676,0.2
11,octanol_hl_gap_eV,145,0.05855604633688927,0.0014065215364098549,0.6581992840247546,0.9657079912626181,0.3088056445121765,0.001505012740381062,0.004873656836028844,0.0
11,octanol_hl_gap_eV,146,0.03842639923095703,0.0007539292564615607,0.6269587312449474,0.9739111501921056,0.31210699677467346,0.001021097064949572,0.003271625037252068,0.1
11,octanol_hl_gap_eV,147,0.28516885638237,0.0012816947419196367,0.6910476032739039,0.9093748657230645,0.28707170486450195,0.0647389367222786,0.22551486484129607,0.14
11,octanol_hl_gap_eV,148,0.2053755819797516,0.000770936137996614,0.6620660720227438,0.9510771880129165,0.26261383295059204,0.0061437636613845825,0.02339466886552189,0.16
11,octanol_hl_gap_eV,149,0.11319202184677124,0.001001306576654315,0.6396588454372496,0.9749370001527011,0.28991422057151794,0.0008565025054849684,0.002954330780313278,0.18
11,octanol_hl_gap_eV,150,0.024364013224840164,0.0019781847950071096,0.6306825445078172,0.9770219179499762,0.18706069886684418,0.0180482417345047,0.09648334387626777,0.14
11,octanol_hl_gap_eV,151,0.12326068431138992,0.0013867935631424189,0.6313273863402336,0.9862289693591162,0.1828812062740326,0.0022565810941159725,0.01233905407827784,0.04
11,octanol_hl_gap_eV,152,0.14578981697559357,0.0010324249742552638,0.6597402993707986,0.9579732215769619,0.2833788990974426,0.0077148559503257275,0.02722452509660184,0.2
11,octanol_hl_gap_eV,153,0.050038892775774,0.0013451991835609078,0.6494005547424089,0.9767601959690575,0.310501366853714,0.0019900966435670853,0.0064093007503721435,0.0
11,octanol_hl_gap_eV,154,0.13567408919334412,0.000872912525665015,0.6619366284718478,0.968739802230655,0.2871210277080536,0.0011035606730729342,0.0038435383220870936,0.2
11,octanol_hl_gap_eV,155,0.14899295568466187,0.001726031769067049,0.6349992431844231,0.9744867361932308,0.40610283613204956,0.0006640353240072727,0.0016351408188426272,0.16
11,octanol_hl_gap_eV,156,0.06681668013334274,0.0042147464118897915,0.6055528347512509,0.9896568562039458,0.7057179808616638,0.004338268656283617,0.006147312062230157,0.1
11,octanol_hl_gap_eV,157,0.061687469482421875,0.0008029334712773561,0.6467464386580921,0.9675872667390526,0.2893308997154236,0.0005850637680850923,0.002022126805883996,0.1
11,octanol_hl_gap_eV,158,0.573587954044342,0.0010019137989729643,0.671170966064176,0.9285823239971667,0.2969472408294678,0.04180067405104637,0.14076801634621638,0.42
11,octanol_hl_gap_eV,159,0.15650880336761475,0.0004925464163534343,0.6429484581848799,0.9197073752640874,0.2683800160884857,0.009802632965147495,0.03652519702478718,0.06
11,octanol_hl_gap_eV,160,0.15227021276950836,0.0008768972475081682,0.6689128590232911,0.9693147658272594,0.2975578308105469,0.0016821578610688448,0.005653213214004991,0.1
11,octanol_hl_gap_eV,161,0.1308135837316513,0.001174669829197228,0.6591566976325929,0.9574777401145527,0.27631741762161255,0.0019914351869374514,0.0072070563053122875,0.14
11,octanol_hl_gap_eV,162,0.08332428336143494,0.002196710091084242,0.625306960339298,0.9515709675484381,0.45328372716903687,0.00864176545292139,0.019064804083952336,0.1
11,octanol_hl_gap_eV,163,0.11159511655569077,0.0014948814641684294,0.6532204284244594,0.9713692751264269,0.34528297185897827,0.0026600866112858057,0.007704077026921119,0.14
11,octanol_hl_gap_eV,164,0.24113567173480988,0.0012658764608204365,0.6421848964160153,0.9787054524830903,0.18164071440696716,0.01641285978257656,0.09035892550941771,0.2
11,octanol_hl_gap_eV,165,0.07072675228118896,0.00373413460329175,0.6061995205522672,0.9658502750347484,0.6379099488258362,0.0020053547341376543,0.003143632949805524,0.1
11,octanol_hl_gap_eV,166,0.14770720899105072,0.000905994325876236,0.6561701566100568,0.9540212081704422,0.2575133740901947,0.0015250113792717457,0.005922066706863957,0.14
11,octanol_hl_gap_eV,167,0.08653636276721954,0.0008925468428060412,0.672119489966025,0.9771320868289897,0.28354835510253906,0.0002417630748823285,0.0008526343762244722,0.2
11,octanol_hl_gap_eV,168,-0.008437271229922771,0.0022207973524928093,0.597372191587944,0.9600539981212806,0.3778521418571472,0.001562931458465755,0.004136357281935549,0.02
11,octanol_hl_gap_eV,169,0.040220264345407486,0.0007442218484356999,0.6585441306816471,0.9694880707902347,0.27400463819503784,0.00034692283952608705,0.001266120317566105,0.02
11,octanol_hl_gap_eV,170,0.09954698383808136,0.0019911169074475765,0.6368880843393587,0.9758416051713501,0.3504052758216858,0.002550393808633089,0.007278411555455384,0.06
11,octanol_hl_gap_eV,171,0.11776012182235718,0.000778860121499747,0.628931434368684,0.9496434213086118,0.28015026450157166,0.005743199959397316,0.02050042668928159,0.02
11,octanol_hl_gap_eV,172,0.23046161234378815,0.0012035069521516562,0.6447564693030028,0.9521173684245805,0.2639744281768799,0.02826136350631714,0.10706098958714366,0.3
11,octanol_hl_gap_eV,173,0.09797064960002899,0.0017456109635531902,0.6251694413388205,0.9026901228366544,0.4064021706581116,0.013387328013777733,0.03294108393195544,0.1
11,octanol_hl_gap_eV,174,0.09805083274841309,0.0018005366437137127,0.6360930156919422,0.9702967170500754,0.421673446893692,0.0015933093382045627,0.0037785384636900114,0.04
11,octanol_hl_gap_eV,175,0.05084192007780075,0.0037438112776726484,0.6353796026408907,0.9458996461326952,0.8002801537513733,0.020552797242999077,0.0256820029169239,0.12
11,octanol_hl_gap_eV,176,0.07565242797136307,0.003192234318703413,0.6267805502953903,0.97808850306635,0.5148075819015503,0.0013560294173657894,0.002634050983392686,0.08
11,octanol_hl_gap_eV,177,0.388492226600647,0.0013951652217656374,0.6354859647835964,0.9494631328785983,0.09791869670152664,0.12127528339624405,1.2385304082009219,0.36
11,octanol_hl_gap_eV,178,0.2741907238960266,0.0012892592931166291,0.630408608054347,0.9862288798798275,0.3408777117729187,0.0015416826354339719,0.004522685356621348,0.22
11,octanol_hl_gap_eV,179,0.1874757558107376,0.0024489194620400667,0.6213224744170043,0.9742830047810609,0.42970484495162964,0.011300944723188877,0.026299318837005398,0.14
11,octanol_hl_gap_eV,180,0.08240848779678345,0.0007818342419341207,0.6777345428794468,0.9669985561472874,0.24281160533428192,0.0015867187175899744,0.0065347729792631535,0.24
11,octanol_hl_gap_eV,181,0.10869450122117996,0.0006763908313587308,0.6730610646143151,0.9113429898400285,0.28221815824508667,0.014833291992545128,0.05255966548992731,0.02
11,octanol_hl_gap_eV,182,0.12204629182815552,0.0021663715597242117,0.6466594546631117,0.921636649951195,0.4186619818210602,0.025841854512691498,0.061724865487634686,0.08
11,octanol_hl_gap_eV,183,0.030532896518707275,0.0006437007104977965,0.6941239972990447,0.9609497780392606,0.2730274498462677,0.00036435291985981166,0.0013344918983969054,0.12
11,octanol_hl_gap_eV,184,0.04883100092411041,0.0010000765323638916,0.6477740623672066,0.9686847807183225,0.28818944096565247,0.00046052219113335013,0.0015979842619849385,0.02
11,octanol_hl_gap_eV,185,0.04935262352228165,0.0015147150261327624,0.668705485514316,0.98006329569611,0.4579142928123474,0.0033408324234187603,0.0072957592192647025,0.02
11,octanol_hl_gap_eV,186,0.11772768944501877,0.0012198792537674308,0.6231285573156404,0.976320890728668,0.2740933299064636,0.0013134051114320755,0.004791817122584795,0.24
11,octanol_hl_gap_eV,187,0.08863995969295502,0.001149256364442408,0.6245211080487887,0.9735890568052092,0.25634118914604187,0.0016246872255578637,0.006337987394730592,0.14
11,octanol_hl_gap_eV,188,0.08956951647996902,0.0008882093825377524,0.6451415359253951,0.9605719767491878,0.28925618529319763,0.0008536812965758145,0.0029512983299233545,0.1
11,octanol_hl_gap_eV,189,0.049308549612760544,0.002823420101776719,0.6361305775898889,0.9670915882199336,0.46305182576179504,0.001622290932573378,0.0035034759444138837,0.0
11,octanol_hl_gap_eV,190,0.26591041684150696,0.001725166686810553,0.6328854250810931,0.9845392124069174,0.24720381200313568,0.005944838747382164,0.02404832959172473,0.36
11,octanol_hl_gap_eV,191,0.08649498224258423,0.000920141173992306,0.6622787981008493,0.9704062401496731,0.27020519971847534,0.0005575362010858953,0.002063380725710637,0.1
11,octanol_hl_gap_eV,192,0.19262905418872833,0.0018025916069746017,0.6007868975987394,0.9348056442688197,0.4135200083255768,0.05096764862537384,0.12325316211844693,0.12
11,octanol_hl_gap_eV,193,0.1547735333442688,0.0012312288163229823,0.6265518640562262,0.9527616487610528,0.31916543841362,0.00936910044401884,0.029354996864908122,0.14
11,octanol_hl_gap_eV,194,0.02932427078485489,0.001057564513757825,0.6306545869868201,0.9696787141266994,0.3022306561470032,0.0006038729334250093,0.0019980532124818243,0.06
11,octanol_hl_gap_eV,195,0.37544235587120056,0.002749674255028367,0.6239170051316034,0.9241581208172172,0.49155256152153015,0.15576273202896118,0.3168790974190432,0.36
11,octanol_hl_gap_eV,196,0.05552880838513374,0.0005864558042958379,0.6524236823058127,0.9770380705810164,0.25221091508865356,0.0017966750310733914,0.007123700536282698,0.08
11,octanol_hl_gap_eV,197,0.12349247187376022,0.00304107996635139,0.6262746385410813,0.9859931590031532,0.6328166723251343,0.0028441944159567356,0.004494499813834582,0.14
11,octanol_hl_gap_eV,198,0.13595721125602722,0.0008904832066036761,0.6503013093155838,0.9816100791718709,0.30577465891838074,0.0010204414138570428,0.00333723343022165,0.16
11,octanol_hl_gap_eV,199,0.16608217358589172,0.00144087930675596,0.6203160620192965,0.9468868760914317,0.32873043417930603,0.008285473100841045,0.02520446006627343,0.12
11,octanol_hl_gap_eV,200,0.06265523284673691,0.001029166392982006,0.6263274703879336,0.9804758526798225,0.3529317378997803,0.0010910981800407171,0.003091527518985978,0.08
11,octanol_hl_gap_eV,201,0.03319619968533516,0.0011738769244402647,0.6417845895568264,0.9710847680608801,0.34309154748916626,0.0008309459080919623,0.002421936402027511,0.02
11,octanol_hl_gap_eV,202,0.2575133144855499,0.001580535201355815,0.623359561299357,0.9076576651408179,0.3155050277709961,0.05037674307823181,0.15967017525564411,0.14
11,octanol_hl_gap_eV,203,0.31818726658821106,0.0008760615601204336,0.6582399216134125,0.9246718731963972,0.23108194768428802,0.026080962270498276,0.11286455965885733,0.14
11,octanol_hl_gap_eV,204,0.3181869089603424,0.001395324943587184,0.641234818983416,0.9065564346644608,0.32543492317199707,0.05571458116173744,0.17120037584992523,0.16
11,octanol_hl_gap_eV,205,0.07086320221424103,0.0007707933546043932,0.6300659190731603,0.9703099648861719,0.2572607696056366,0.0009666315163485706,0.0037573996137473717,0.08
11,octanol_hl_gap_eV,206,0.10089895129203796,0.0009845261229202151,0.6462630643679428,0.9810381321870567,0.3317199945449829,0.000687965948600322,0.0020739357286677826,0.04
11,octanol_hl_gap_eV,207,0.21466787159442902,0.004269762896001339,0.6798182035499574,0.9794285367213948,0.8469253182411194,0.0006651981384493411,0.0007854271493864578,0.2
11,octanol_hl_gap_eV,208,0.4464058578014374,0.0014485716819763184,0.6468072751917076,0.8992055520220166,0.2767270505428314,0.09052925556898117,0.3271427762172068,0.4
11,octanol_hl_gap_eV,209,0.15548491477966309,0.0005196714773774147,0.6649183295024332,0.9743925333762504,0.2432461529970169,0.0016552614979445934,0.00680488253380473,0.06
11,octanol_hl_gap_eV,210,0.0906207337975502,0.0023481138050556183,0.6082694189959403,0.9716864872135704,0.3540184199810028,0.018111886456608772,0.05116085896767938,0.12
11,octanol_hl_gap_eV,211,0.22272945940494537,0.001297110691666603,0.623934809857146,0.9277800700581951,0.3444101810455322,0.028210043907165527,0.08190827524763579,0.14
11,octanol_hl_gap_eV,212,0.26330769062042236,0.00048668793169781566,0.6417844239251784,0.9240925090261027,0.2955111265182495,0.019025567919015884,0.06438190041497793,0.08
11,octanol_hl_gap_eV,213,0.12387337535619736,0.0011044690618291497,0.6467842744179066,0.9724084681738023,0.30300411581993103,0.0012152278795838356,0.0040105985897103125,0.2
11,octanol_hl_gap_eV,214,0.11047026515007019,0.0009706509881652892,0.6774029749888446,0.9812669616345586,0.27266648411750793,0.0005451741744764149,0.0019994176264123004,0.1
11,octanol_hl_gap_eV,215,0.10559453070163727,0.0005894868518225849,0.6786021991659754,0.9605754570423661,0.28232285380363464,0.000780185277108103,0.002763450661527915,0.12
11,octanol_hl_gap_eV,216,0.16490954160690308,0.001489729154855013,0.662261486740273,0.9615967896500894,0.3054184317588806,0.0025437709409743547,0.008328806242390085,0.2
11,octanol_hl_gap_eV,217,0.0535297729074955,0.0006914299447089434,0.6662968288275288,0.970129673968648,0.26261505484580994,0.0014513720525428653,0.0055266140526292916,0.02
11,octanol_hl_gap_eV,218,0.1759643852710724,0.0007656382513232529,0.6590281297125866,0.9664694867601684,0.29502126574516296,0.001669434830546379,0.005658693200741752,0.24
11,octanol_hl_gap_eV,219,0.13556508719921112,0.0008793171728029847,0.6359065797610959,0.9659893686705878,0.2896876633167267,0.006744589656591415,0.02328228126586563,0.1
11,octanol_hl_gap_eV,220,0.049095071852207184,0.0015419481787830591,0.6406560932367591,0.9626344563994047,0.21752698719501495,0.00614881282672286,0.028266896471150924,0.02
11,octanol_hl_gap_eV,221,0.16688944399356842,0.0009421486174687743,0.665905848182093,0.9395796198600757,0.3258569538593292,0.018568381667137146,0.05698322974918934,0.12
11,octanol_hl_gap_eV,222,0.1759079247713089,0.0007928847335278988,0.6808093959620931,0.9585746617070916,0.26113277673721313,0.0059983134269714355,0.022970358228939388,0.1
11,octanol_hl_gap_eV,223,0.03692587837576866,0.002653934992849827,0.5933991449827085,0.9613826759696444,0.46119171380996704,0.0015904983738437295,0.003448670750617802,0.08
11,octanol_hl_gap_eV,224,0.6039986610412598,0.0007367725484073162,0.676015880940404,0.9433713064747993,0.2253887802362442,0.06544951349496841,0.29038496692855187,0.5
11,octanol_hl_gap_eV,225,0.09197091311216354,0.0010329954093322158,0.6257614480105445,0.9735164813652426,0.23859867453575134,0.0016721466090530157,0.007008197393831135,0.16
11,octanol_hl_gap_eV,226,0.06797505915164948,0.0009266978595405817,0.6748804610465307,0.9685539668965879,0.23983483016490936,0.0005903239361941814,0.0024613770059514596,0.02
11,octanol_hl_gap_eV,227,0.1977294534444809,0.0012022382579743862,0.6577878336908558,0.9201097616590284,0.2930178940296173,0.04507029429078102,0.1538141363005819,0.08
11,octanol_hl_gap_eV,228,0.12109994143247604,0.00147919706068933,0.6360200996970977,0.9566697550022589,0.3448484539985657,0.0028954206500202417,0.008396211774904128,0.14
11,octanol_hl_gap_eV,229,0.14922192692756653,0.0008217720896936953,0.6588352052599087,0.9456128587359138,0.28729447722435,0.008182746358215809,0.028482087220304805,0.16
11,octanol_hl_gap_eV,230,0.07858391851186752,0.0018939657602459192,0.6056608650414512,0.9713828710748047,0.2937234938144684,0.00111153325997293,0.003784284483130363,0.04
11,octanol_hl_gap_eV,231,0.3544922173023224,0.0009022910962812603,0.6440999743471367,0.9358200543480444,0.32675519585609436,0.019717134535312653,0.06034222189995791,0.3
11,octanol_hl_gap_eV,232,0.07112248241901398,0.0006478668074123561,0.6742994523655073,0.9493174574411831,0.28285491466522217,0.0013149959268048406,0.004649012121147786,0.08
11,octanol_hl_gap_eV,233,0.04480297118425369,0.0005723203648813069,0.6489661471863781,0.9534022822042991,0.2831714153289795,0.0004405215149745345,0.0015556708450348024,0.04
11,octanol_hl_gap_eV,234,0.053219858556985855,0.001239047502167523,0.654336447707258,0.959800341120405,0.2712481617927551,0.0007938043563626707,0.0029264875054496047,0.02
11,octanol_hl_gap_eV,235,0.05981845781207085,0.0012466353364288807,0.6409242934288404,0.9837010183274122,0.3306296169757843,0.0009747014264576137,0.002948016077243927,0.12
11,octanol_hl_gap_eV,236,0.06024573743343353,0.0007738947751931846,0.6817795290562303,0.972243793634679,0.2790907919406891,0.0009821746498346329,0.003519194033615267,0.02
11,octanol_hl_gap_eV,237,0.10162825137376785,0.0010300000431016088,0.6479245192963905,0.97224477908658,0.30037733912467957,0.002129826694726944,0.007090503900638466,0.16
11,octanol_hl_gap_eV,238,0.22600319981575012,0.0011732670245692134,0.6531130194400452,0.9328911448717898,0.3145124018192291,0.03922334313392639,0.1247115945414153,0.12
11,octanol_hl_gap_eV,239,0.05234615132212639,0.0014993010554462671,0.6484226675006397,0.9716552290426099,0.15681204199790955,0.006524312309920788,0.04160593935769144,0.14
11,octanol_hl_gap_eV,240,0.05432828515768051,0.0015122483018785715,0.6363938051258473,0.9700899840348556,0.2264188826084137,0.0007273536757566035,0.00321242498583718,0.08
11,octanol_hl_gap_eV,241,0.178548201918602,0.0014999982668086886,0.6432308893789487,0.9865729232262235,0.17050907015800476,0.008793444372713566,0.05157171031760944,0.16
11,octanol_hl_gap_eV,242,0.030734635889530182,0.0006213999004103243,0.6857657737465752,0.9588405955557222,0.28221166133880615,0.0003590413252823055,0.0012722412801052267,0.12
11,octanol_hl_gap_eV,243,0.06992053985595703,0.001995303900912404,0.6080428257082311,0.972653684313278,0.3434986472129822,0.0005679549067281187,0.0016534414657416834,0.08
11,octanol_hl_gap_eV,244,0.08044970780611038,0.001814138377085328,0.6186854882992052,0.9605629569576759,0.27215856313705444,0.0019834479317069054,0.007287839518421012,0.04
11,octanol_hl_gap_eV,245,0.14839830994606018,0.0017670495435595512,0.6079850886925615,0.9094225226489892,0.2955377399921417,0.020704856142401695,0.07005824752856346,0.1
11,octanol_hl_gap_eV,246,0.07897797971963882,0.0009667187696322799,0.6511517537986087,0.9732883593001536,0.30829179286956787,0.00043651944724842906,0.0014159295101089887,0.12
11,octanol_hl_gap_eV,247,0.3670715093612671,0.001418753177858889,0.6588789204677576,0.9127716709650482,0.3493524193763733,0.062162768095731735,0.17793713353037052,0.28
11,octanol_hl_gap_eV,248,0.05184318497776985,0.0010333068203181028,0.6575036061617467,0.9641570095723908,0.21862441301345825,0.0011038311058655381,0.005048983737226033,0.02
11,octanol_hl_gap_eV,249,0.07863279432058334,0.0010318022686988115,0.6789496303833578,0.9630877419908754,0.24497312307357788,0.0010306256590411067,0.0042070968688738865,0.04
11,octanol_dipole,0,0.14986571669578552,0.01496896706521511,0.6079732917444927,0.9668706321483151,2.527702569961548,0.020638348534703255,0.00816486432381845,0.14
11,octanol_dipole,1,0.06373310089111328,0.007495574187487364,0.6087642443440002,0.9596040735262112,1.22551691532135,0.00979867484420538,0.007995544346799987,0.06
11,octanol_dipole,2,0.10582979023456573,0.006356374826282263,0.612328467578392,0.9534136207701918,1.0698027610778809,0.028070921078324318,0.026239342521458285,0.1
11,octanol_dipole,3,0.12879684567451477,0.012548758648335934,0.609964777947849,0.9694238843063785,2.1632497310638428,0.0065183560363948345,0.0030132240132946823,0.04
11,octanol_dipole,4,0.17364391684532166,0.012641112320125103,0.6095363392836881,0.9466011829979064,2.13039493560791,0.013503646478056908,0.006338564860605825,0.14
11,octanol_dipole,5,0.3384157121181488,0.0042910706251859665,0.6245686544887681,0.9572773488940722,0.7200030088424683,0.055222250521183014,0.07669724965450146,0.24
11,octanol_dipole,6,0.397299587726593,0.01274761650711298,0.6128548231739888,0.9047646522459531,2.1865451335906982,0.43353426456451416,0.1982736408704143,0.18
11,octanol_dipole,7,0.31665393710136414,0.01200917735695839,0.6109887290443239,0.9045863352886481,2.064602851867676,0.313636839389801,0.15191146282980267,0.14
11,octanol_dipole,8,0.09207302331924438,0.015107326209545135,0.6127608389300772,0.954931892876302,2.6284072399139404,0.012588277459144592,0.004789317754107525,0.06
11,octanol_dipole,9,0.12459969520568848,0.013003221713006496,0.6078381062665854,0.9749290152106713,2.1802315711975098,0.004288902971893549,0.0019671777202720877,0.06
11,octanol_dipole,10,0.319032222032547,0.012937348335981369,0.6074222823165527,0.916123716552516,2.215158700942993,0.21044717729091644,0.09500320550456681,0.2
11,octanol_dipole,11,0.3507740795612335,0.013758870773017406,0.6180628450727541,0.9004229928969114,2.384197473526001,0.4265156388282776,0.1788927484255327,0.2
11,octanol_dipole,12,0.09459437429904938,0.0057580797001719475,0.6079389778084814,0.9674753050518985,0.8967593312263489,0.022338196635246277,0.02490991267935627,0.12
11,octanol_dipole,13,0.1432233303785324,0.009671105071902275,0.6097532717588547,0.9472268177094751,1.6137917041778564,0.0683334618806839,0.042343421213393996,0.1
11,octanol_dipole,14,0.10238248109817505,0.01402630377560854,0.6063011300064292,0.958667420412951,2.366947889328003,0.006693796254694462,0.0028280285699888766,0.1
11,octanol_dipole,15,0.18154144287109375,0.011579020880162716,0.6077843967241139,0.9482534743885898,1.9064608812332153,0.0793362408876419,0.04161440796850884,0.04
11,octanol_dipole,16,0.26315218210220337,0.013132508844137192,0.6083758652458184,0.9332743129407788,2.2323060035705566,0.20777378976345062,0.09307585493705522,0.16
11,octanol_dipole,17,0.07200654596090317,0.018055595457553864,0.6017888062666801,0.9614032431331214,3.0368611812591553,0.006302883382886648,0.002075459827331759,0.02
11,octanol_dipole,18,0.0907386764883995,0.020888976752758026,0.6124583246039055,0.9427119046651677,3.600475788116455,0.011348536238074303,0.003151954604313879,0.06
11,octanol_dipole,19,0.15043078362941742,0.017459344118833542,0.6116876975821928,0.9629164056345478,2.9824907779693604,0.011468485929071903,0.003845271212164573,0.14
11,octanol_dipole,20,0.13475152850151062,0.02013927884399891,0.6082072243647942,0.9782206753968399,3.5428121089935303,0.003997651394456625,0.001128383688287751,0.18
11,octanol_dipole,21,0.1314609944820404,0.013301393948495388,0.6156025313518225,0.9565698563704319,2.2813608646392822,0.004868155810981989,0.0021338824060838433,0.1
11,octanol_dipole,22,0.08747094124555588,0.007244248408824205,0.6100694998068066,0.9615591799289274,1.1644749641418457,0.009877488017082214,0.00848235326756156,0.16
11,octanol_dipole,23,0.13367143273353577,0.010459796525537968,0.6130557899611389,0.9574169296253356,1.7081923484802246,0.010079414583742619,0.0059006320878970415,0.12
11,octanol_dipole,24,0.15094861388206482,0.006493232678622007,0.6182007714700759,0.9585612764699714,1.0198328495025635,0.0420098751783371,0.0411929025416547,0.06
11,octanol_dipole,25,0.1463797390460968,0.025251157581806183,0.6189027115874342,0.9228059302340708,4.486940383911133,0.6430976390838623,0.14332653970394257,0.06
11,octanol_dipole,26,0.08370978385210037,0.012940402142703533,0.6142396070837737,0.9643665069596561,2.138291835784912,0.007100024726241827,0.003320418947227374,0.08
11,octanol_dipole,27,0.0700494572520256,0.016522129997611046,0.6088769407913786,0.9610217497072489,2.837019205093384,0.013058214448392391,0.004602793814348734,0.04
11,octanol_dipole,28,0.4291929304599762,0.011655169539153576,0.6082670026915638,0.895135948266023,2.026416778564453,0.4787510633468628,0.2362549838765241,0.26
11,octanol_dipole,29,0.05500808358192444,0.010966761969029903,0.6122812608467263,0.9647732386303396,1.798827052116394,0.00444062240421772,0.002468621093391466,0.14
11,octanol_dipole,30,0.20888644456863403,0.013449853286147118,0.6093143344331937,0.9353656812149935,2.333256244659424,0.07927464693784714,0.033975971185890276,0.16
11,octanol_dipole,31,0.11110103875398636,0.018270473927259445,0.6185116026973108,0.9727183050533328,3.102778196334839,0.016294069588184357,0.005251445174982778,0.06
11,octanol_dipole,32,0.18310002982616425,0.004796850495040417,0.6418802273601962,0.9574791966812626,0.7728824615478516,0.04101816192269325,0.05307166867332736,0.06
11,octanol_dipole,33,0.337833434343338,0.004398444667458534,0.6224411740162277,0.9456581866014555,0.6810515522956848,0.17982585728168488,0.2640414762664131,0.2
11,octanol_dipole,34,0.18435734510421753,0.01237912941724062,0.6102996488153913,0.9648474464186636,2.117563009262085,0.01673988811671734,0.007905260926592569,0.1
11,octanol_dipole,35,0.11716008186340332,0.013839359395205975,0.6131212936371582,0.9619523944818782,2.3607609272003174,0.004394018556922674,0.001861272145898164,0.06
11,octanol_dipole,36,0.1654115468263626,0.011862466111779213,0.6094173144555586,0.9516391062315364,2.0109126567840576,0.038266390562057495,0.01902936481749279,0.14
11,octanol_dipole,37,0.10272551327943802,0.01104072667658329,0.6096469046510729,0.9588041781632772,1.8378236293792725,0.011902323924005032,0.0064763145569224495,0.1
11,octanol_dipole,38,0.1445385217666626,0.011151713319122791,0.6099374758018374,0.9582621583921069,1.8316676616668701,0.01945600099861622,0.010622014793289903,0.08
11,octanol_dipole,39,0.18874062597751617,0.013393402099609375,0.6090215281715397,0.9318394460410606,2.2751071453094482,0.12868021428585052,0.0565600677537972,0.12
11,octanol_dipole,40,0.16725429892539978,0.015598821453750134,0.6078136519069341,0.9739285156097428,2.6523587703704834,0.008807750418782234,0.0033207236204896825,0.16
11,octanol_dipole,41,0.23397432267665863,0.005130039062350988,0.6392914177197528,0.9634523921030991,0.8247140645980835,0.07198381423950195,0.08728335956606073,0.08
11,octanol_dipole,42,0.21256579458713531,0.008240785449743271,0.6130484346293066,0.9327881804598146,1.33684504032135,0.1479617804288864,0.11067982897503172,0.1
11,octanol_dipole,43,0.1347017139196396,0.0150686576962471,0.6095305690361623,0.9550484338463261,2.550415277481079,0.008324932307004929,0.003264147756841803,0.12
11,octanol_dipole,44,0.09702549874782562,0.01855568401515484,0.6161451655332995,0.9595563090660035,3.3124163150787354,0.010464254766702652,0.003159100116451974,0.12
11,octanol_dipole,45,0.18545064330101013,0.004764060024172068,0.6289514707906025,0.9637902362943529,0.7209643125534058,0.054481297731399536,0.07556726010257797,0.08
11,octanol_dipole,46,0.3336552679538727,0.00824736524373293,0.6089194166559071,0.9295822705627899,1.4143528938293457,0.22250896692276,0.1573220996637687,0.18
11,octanol_dipole,47,0.07244788110256195,0.01404030341655016,0.6086299386866529,0.9687026452161818,2.3659212589263916,0.015245295129716396,0.00644370351388381,0.04
11,octanol_dipole,48,0.29588913917541504,0.014878159388899803,0.6138979481282394,0.8940190434518123,2.6209492683410645,0.4418056607246399,0.16856704021756275,0.14
11,octanol_dipole,49,0.3068455755710602,0.014183025807142258,0.6083518253754152,0.9072080117970309,2.500288486480713,0.2820037007331848,0.1127884651143276,0.2
11,octanol_dipole,50,0.09178679436445236,0.013161428272724152,0.6051884192737789,0.9604365762915752,2.2199623584747314,0.015441684983670712,0.0069558318972039795,0.02
11,octanol_dipole,51,0.13871319591999054,0.013697890564799309,0.6080207718297761,0.9495550490544038,2.306434392929077,0.022022122517228127,0.009548124405680983,0.12
11,octanol_dipole,52,0.08778278529644012,0.004193415399640799,0.6642133319502788,0.9609852478400975,0.7240813970565796,0.0680646151304245,0.09400133107563588,0.12
11,octanol_dipole,53,0.07386024296283722,0.011034716852009296,0.5989061416186297,0.9634082021806352,1.8398633003234863,0.005140107125043869,0.002793744037472855,0.08
11,octanol_dipole,54,0.09961004555225372,0.014249852858483791,0.6075293011027287,0.9664386233166176,2.355663537979126,0.02271920256316662,0.009644502364992643,0.04
11,octanol_dipole,55,0.21301805973052979,0.011453389190137386,0.6094782916079051,0.9254235611043453,1.8858731985092163,0.11904605478048325,0.06312516391589276,0.06
11,octanol_dipole,56,0.14557163417339325,0.005341284908354282,0.6106355560470575,0.9499178528347594,0.8379307389259338,0.09260769933462143,0.11051951555486161,0.12
11,octanol_dipole,57,0.20552359521389008,0.014118698425590992,0.6108536371969819,0.9262706487906402,2.417100191116333,0.05808062106370926,0.024029049882654984,0.1
11,octanol_dipole,58,0.20937228202819824,0.005664478056132793,0.6119286408119078,0.9537157028067387,0.8980098962783813,0.04863953962922096,0.054163701124895845,0.12
11,octanol_dipole,59,0.1777184158563614,0.012095927260816097,0.6079857115856888,0.9663452214110966,2.046065330505371,0.009374001994729042,0.004581477362902041,0.14
11,octanol_dipole,60,0.15965023636817932,0.03255777060985565,0.6201438373235777,0.9232205390594836,5.9687957763671875,0.570863664150238,0.09564134635172342,0.02
11,octanol_dipole,61,0.3869099020957947,0.01511643547564745,0.6095451604089575,0.9071615587984363,2.594982624053955,0.49815794825553894,0.1919696662466674,0.12
11,octanol_dipole,62,0.3856664299964905,0.011117290705442429,0.611824615087124,0.9125993587955037,1.893593430519104,0.3854449987411499,0.20355214193760968,0.26
11,octanol_dipole,63,0.13951382040977478,0.007891933433711529,0.6560759474860627,0.9521728937613285,1.4486356973648071,0.05342409387230873,0.036878901969274784,0.04
11,octanol_dipole,64,0.08817096054553986,0.013551153242588043,0.6089321046521052,0.9619330726411319,2.2791266441345215,0.0138753242790699,0.006088000557046243,0.1
11,octanol_dipole,65,0.42008206248283386,0.012326213531196117,0.6122253957839217,0.9081795636575205,2.1541635990142822,0.34595710039138794,0.16059926950287967,0.28
11,octanol_dipole,66,0.19221800565719604,0.011396911926567554,0.6101774830571571,0.9399059230885314,1.9227874279022217,0.10211067646741867,0.05310554613872337,0.08
11,octanol_dipole,67,0.24517568945884705,0.006328511517494917,0.6129599962689183,0.9429288016081974,1.035314917564392,0.015107102692127228,0.014591794666367909,0.18
11,octanol_dipole,68,0.19972005486488342,0.014297569170594215,0.6077804258859529,0.917900059007448,2.4089112281799316,0.062338706105947495,0.025878374170329184,0.08
11,octanol_dipole,69,0.11751534044742584,0.01595974527299404,0.6277678729292955,0.9467971016134165,2.870210647583008,0.05239643156528473,0.018255256494643535,0.1
11,octanol_dipole,70,0.09895683825016022,0.014158482663333416,0.608373099742078,0.9593046609464195,2.3739264011383057,0.0064997500739991665,0.002737974551731054,0.04
11,octanol_dipole,71,0.1084698885679245,0.012835620902478695,0.6164070619596052,0.9308375878695576,2.321725606918335,0.06119970604777336,0.02635957749072887,0.08
11,octanol_dipole,72,0.17805665731430054,0.010733189061284065,0.6421181866955445,0.9676401664575169,1.8866987228393555,0.020674414932727814,0.010957984272981433,0.08
11,octanol_dipole,73,0.21813136339187622,0.013959281146526337,0.6178554425145031,0.9419356742810581,2.3676116466522217,0.08818124979734421,0.03724481163202233,0.1
11,octanol_dipole,74,0.13438987731933594,0.01538981031626463,0.6105005091916871,0.9526771244323309,2.5774147510528564,0.007606471888720989,0.002951202124382115,0.1
11,octanol_dipole,75,0.10489416122436523,0.015373192727565765,0.6168645649260718,0.9399536545742364,2.7020866870880127,0.01765957660973072,0.0065355329620316914,0.06
11,octanol_dipole,76,0.4792608320713043,0.012937610037624836,0.6197250469033975,0.9090970993573777,2.3033859729766846,0.830619752407074,0.36060814911261146,0.28
11,octanol_dipole,77,0.2233613133430481,0.013834997080266476,0.60755489845876,0.9371754544276993,2.3654770851135254,0.22886325418949127,0.0967514146003691,0.16
11,octanol_dipole,78,0.1608055680990219,0.014668210409581661,0.606613437099246,0.9497536895715946,2.4687657356262207,0.019664250314235687,0.007965215180389607,0.18
11,octanol_dipole,79,0.13970020413398743,0.00851400475949049,0.6098018775595531,0.933706363173848,1.3756320476531982,0.07920695096254349,0.05757858803716373,0.06
11,octanol_dipole,80,0.09559167921543121,0.007285361178219318,0.6086289233025972,0.960087660556243,1.1785106658935547,0.01155735645443201,0.009806747438869504,0.1
11,octanol_dipole,81,0.5463159084320068,0.006773126777261496,0.6265138182915104,0.9257101032537243,1.1263312101364136,0.5029672980308533,0.44655363671396203,0.4
11,octanol_dipole,82,0.16428124904632568,0.004717353731393814,0.6369830891032362,0.9620648285772067,0.7485610842704773,0.026356834918260574,0.03520999885259473,0.08
11,octanol_dipole,83,0.11892367154359818,0.008984405547380447,0.6095602639464863,0.9498927619965463,1.489638090133667,0.01659661903977394,0.011141376653630485,0.18
11,octanol_dipole,84,0.08647219836711884,0.011058097705245018,0.6078952068473555,0.9502765746560944,1.8496146202087402,0.00552451703697443,0.0029868476257778253,0.04
11,octanol_dipole,85,0.06668110936880112,0.007591516710817814,0.6293903780810288,0.9773767855895927,1.244956135749817,0.034227222204208374,0.02749271337467153,0.04
11,octanol_dipole,86,0.11982706189155579,0.017500581219792366,0.614547701089307,0.962012683721511,3.0186569690704346,0.006361252628266811,0.00210731218997225,0.08
11,octanol_dipole,87,0.26033902168273926,0.012101057916879654,0.6098870774742882,0.9386572733771357,2.0602383613586426,0.15162613987922668,0.07359640647562521,0.16
11,octanol_dipole,88,0.08656242489814758,0.01589903235435486,0.6056526506298705,0.9650741961784113,2.696820020675659,0.007084058132022619,0.0026268190230387656,0.08
11,octanol_dipole,89,0.057228654623031616,0.008876941166818142,0.6121124781483553,0.9600388819844303,1.496184229850769,0.011735571548342705,0.007843667453648555,0.08
11,octanol_dipole,90,0.3690218925476074,0.007608616258949041,0.6099409819475647,0.9128434055467671,1.2515429258346558,0.3335533142089844,0.26651368269013803,0.1
11,octanol_dipole,91,0.0747203677892685,0.020143689587712288,0.6067267516576096,0.9624456946375801,3.5129098892211914,0.0054815420880913734,0.0015603992874712268,0.08
11,octanol_dipole,92,0.05844791978597641,0.007254405878484249,0.6119917492352356,0.9632157382714663,1.1868925094604492,0.0062220096588134766,0.00524226887373478,0.06
11,octanol_dipole,93,0.18076981604099274,0.004463921766728163,0.6295746027610565,0.9575858948454763,0.7009193301200867,0.025888146832585335,0.03693455968484988,0.12
11,octanol_dipole,94,0.3669016361236572,0.015489350073039532,0.6151528169952063,0.9423530992184888,2.786320686340332,0.2764524221420288,0.09921773308338487,0.2
11,octanol_dipole,95,0.36778905987739563,0.010763943195343018,0.6147086881875481,0.9070578750941976,1.8106757402420044,0.43716368079185486,0.2414367581538515,0.26
11,octanol_dipole,96,0.08895216882228851,0.006610475014895201,0.6086594202895714,0.9649425035974017,1.0866026878356934,0.010619131848216057,0.009772782606830612,0.1
11,octanol_dipole,97,0.1602562516927719,0.011558041907846928,0.6090752100724446,0.953814232302703,1.9336122274398804,0.03908052295446396,0.02021114802641009,0.12
11,octanol_dipole,98,0.1356113851070404,0.0033985022455453873,0.6447660717304009,0.9555521598454315,0.4932481348514557,0.03728128597140312,0.07558322746142888,0.14
11,octanol_dipole,99,0.10687772184610367,0.011815093457698822,0.6091047000453511,0.9637970953705635,1.9663441181182861,0.018390947952866554,0.009352863409516523,0.06
11,octanol_dipole,100,0.09688951820135117,0.01754249632358551,0.606356937644656,0.9668345459062684,2.9603071212768555,0.00209427741356194,0.0007074527499223207,0.0
11,octanol_dipole,101,0.12269504368305206,0.017148086801171303,0.6069681700973297,0.9653429865470688,2.885422706604004,0.003200603649020195,0.0011092321557236039,0.08
11,octanol_dipole,102,0.8588934540748596,0.0033306193072348833,0.6946937469777528,0.9025646729212964,0.4967106580734253,0.8851504325866699,1.7820242392620942,0.76
11,octanol_dipole,103,0.19306127727031708,0.0097276596352458,0.6102146250721019,0.9498606055922252,1.6494847536087036,0.031180232763290405,0.01890301361990466,0.14
11,octanol_dipole,104,0.23687231540679932,0.0070258076302707195,0.6154898702854243,0.9719335473267257,1.1253316402435303,0.07347342371940613,0.06529046291056556,0.18
11,octanol_dipole,105,0.4490398168563843,0.007566563785076141,0.6131051803796037,0.9223043013598595,1.275486946105957,0.3293044865131378,0.2581794251352392,0.38
11,octanol_dipole,106,0.4089919924736023,0.01081530749797821,0.6078610849860326,0.894701604372131,1.876355528831482,0.3707078695297241,0.19756803219514904,0.24
11,octanol_dipole,107,0.15460999310016632,0.01760989986360073,0.6093630222417097,0.9311421839455676,3.0542256832122803,0.21748976409435272,0.07120946081024634,0.04
11,octanol_dipole,108,0.04420103505253792,0.01262273732572794,0.6089077995917413,0.9694137358971686,2.1347198486328125,0.005067698657512665,0.0023739408525939774,0.04
11,octanol_dipole,109,0.8141908645629883,0.0024790281895548105,0.7113657964564661,0.9264328197352218,0.36327776312828064,0.5804092288017273,1.59770095423312,0.7
11,octanol_dipole,110,0.45330125093460083,0.009607318788766861,0.6170067017552108,0.9255457733384493,1.644918441772461,0.42494484782218933,0.25833794371245267,0.3
11,octanol_dipole,111,0.12278885394334793,0.013577834703028202,0.6089002251302491,0.9659123422638605,2.2307958602905273,0.02012585662305355,0.009021828030661875,0.04
11,octanol_dipole,112,0.2965724766254425,0.012833470478653908,0.6115220517847817,0.9440495178075714,2.1906211376190186,0.2327246218919754,0.10623681927260288,0.24
11,octanol_dipole,113,0.17450964450836182,0.014797752723097801,0.6161985317921235,0.9460712320577973,2.468946695327759,0.0639822781085968,0.025914807407416706,0.1
11,octanol_dipole,114,0.10692182928323746,0.013265077024698257,0.6084225927643183,0.9605566183905119,2.2397966384887695,0.007475385908037424,0.003337528853995066,0.06
11,octanol_dipole,115,0.23375043272972107,0.017468353733420372,0.6121456738805819,0.9342065984265102,3.065152406692505,0.21974076330661774,0.07168999584713376,0.06
11,octanol_dipole,116,0.07663702219724655,0.011968830600380898,0.6056302478357796,0.9623595366813462,1.9607027769088745,0.007401326671242714,0.0037748335741693588,0.12
11,octanol_dipole,117,0.08103454113006592,0.01524890586733818,0.6070962292461248,0.9675998380090371,2.5670158863067627,0.005532468669116497,0.0021552140361220024,0.06
11,octanol_dipole,118,0.11926479637622833,0.014728542417287827,0.6191324321310152,0.9608962216014016,2.4737460613250732,0.008933793753385544,0.003611443346209965,0.08
11,octanol_dipole,119,0.6023011803627014,0.005470678210258484,0.6374615271019266,0.920688574609053,0.8842566609382629,0.49353933334350586,0.5581403625728116,0.5
11,octanol_dipole,120,0.07762642949819565,0.014675087295472622,0.602820844121243,0.9594876841383677,2.473522901535034,0.00611199252307415,0.0024709666198283963,0.12
11,octanol_dipole,121,0.15980364382266998,0.011764117516577244,0.6087831920645714,0.9667658516847562,1.9727283716201782,0.002902055624872446,0.0014710872853159315,0.04
11,octanol_dipole,122,0.10861892998218536,0.017118895426392555,0.6073013986536997,0.9584419741524213,2.867276668548584,0.01453747134655714,0.005070132054579864,0.08
11,octanol_dipole,123,0.08630863577127457,0.011736496351659298,0.6236445364788827,0.9451017350960806,1.9197129011154175,0.015788033604621887,0.008224163933809326,0.16
11,octanol_dipole,124,0.4923170208930969,0.008179458789527416,0.6180311203537427,0.8924324589397128,1.4116482734680176,0.3915500044822693,0.277370795432167,0.2
11,octanol_dipole,125,0.09424644708633423,0.016618389636278152,0.6054450173513641,0.9661136887009858,2.7909421920776367,0.0045862686820328236,0.001643268963094756,0.1
11,octanol_dipole,126,0.1516961306333542,0.00813938770443201,0.6428147386974212,0.9710978273282962,1.4112073183059692,0.07269175350666046,0.051510329179642114,0.12
11,octanol_dipole,127,0.16867201030254364,0.011054391041398048,0.6101303925917143,0.9642290175013366,1.8654836416244507,0.02529890649020672,0.013561580453300894,0.1
11,octanol_dipole,128,0.18635620176792145,0.008021463640034199,0.616827209201906,0.949112720269758,1.2925620079040527,0.0479414202272892,0.037090228502869554,0.14
11,octanol_dipole,129,0.11853843182325363,0.01585954800248146,0.6063239249011296,0.9735800743331968,2.667644500732422,0.01120746973901987,0.0042012606012318265,0.08
11,octanol_dipole,130,0.1513938456773758,0.020519884303212166,0.6013897465126266,0.9728103708280365,3.437168836593628,0.0037949709221720695,0.0011040979080716436,0.18
11,octanol_dipole,131,0.16864880919456482,0.012363322079181671,0.6098157139733182,0.964735642907198,2.063541889190674,0.015442194417119026,0.007483344291680695,0.08
11,octanol_dipole,132,0.25656360387802124,0.002717391587793827,0.6357216400548651,0.9643774714600379,0.3945614993572235,0.036066558212041855,0.0914092182607719,0.18
11,octanol_dipole,133,0.5010066628456116,0.005821318831294775,0.6293015028429523,0.9175624058088176,0.9316312074661255,0.40735045075416565,0.43724431673138975,0.32
11,octanol_dipole,134,0.17150072753429413,0.01585874892771244,0.6009370975192327,0.9338362755661291,2.6444993019104004,0.1553584486246109,0.058747774488871723,0.08
11,octanol_dipole,135,0.36224788427352905,0.011946783401072025,0.6109525832000497,0.9180655052520037,2.074686288833618,0.35255879163742065,0.16993354298187802,0.22
11,octanol_dipole,136,0.10616243630647659,0.010434074327349663,0.6074901064716463,0.9603198057213218,1.7278690338134766,0.014438515529036522,0.00835625573841678,0.12
11,octanol_dipole,137,0.06975008547306061,0.011635815724730492,0.6059951740509586,0.9697637517003641,1.938191294670105,0.009223267436027527,0.004758698205585222,0.14
11,octanol_dipole,138,0.15822573006153107,0.004143789876252413,0.6655749155731365,0.9603625365790056,0.7213533520698547,0.05643956735730171,0.07824122144210427,0.12
11,octanol_dipole,139,0.11773759126663208,0.014056382700800896,0.601839444130629,0.9549370219083406,2.353233575820923,0.011133475229144096,0.00473113903504466,0.12
11,octanol_dipole,140,0.1045738160610199,0.007448806427419186,0.6221323425193419,0.9590814853497385,1.2069592475891113,0.014576669782400131,0.012077184719796364,0.04
11,octanol_dipole,141,0.13273009657859802,0.006448951084166765,0.6094123108186409,0.9507239378924108,1.051001787185669,0.04138791188597679,0.03937948763798367,0.24
11,octanol_dipole,142,0.14674623310565948,0.012312797829508781,0.6082833361273985,0.9498278718267168,2.0909955501556396,0.0108799422159791,0.005203235470859453,0.1
11,octanol_dipole,143,0.12990565598011017,0.00518413819372654,0.6514804505945286,0.9520623940017034,0.885334849357605,0.03614629805088043,0.040827826982195524,0.08
11,octanol_dipole,144,0.06901449710130692,0.011764311231672764,0.610288874100511,0.9490774878781261,1.9702332019805908,0.007423728704452515,0.0037679441687358426,0.16
11,octanol_dipole,145,0.13295522332191467,0.012331034056842327,0.6076510947885763,0.9535689306969963,2.0685477256774902,0.0077720689587295055,0.003757258709698854,0.08
11,octanol_dipole,146,0.11347807943820953,0.010281650349497795,0.6049433135969149,0.9623112387722588,1.7359790802001953,0.014250763691961765,0.00820906418429786,0.08
11,octanol_dipole,147,0.10993526875972748,0.014947857707738876,0.6038424063045045,0.9672953279930256,2.4923644065856934,0.013935410417616367,0.005591241144671368,0.02
11,octanol_dipole,148,0.1304158866405487,0.008566316217184067,0.6079221319752819,0.9728247015994615,1.4427815675735474,0.02204282581806183,0.015278006257824037,0.14
11,octanol_dipole,149,0.18506380915641785,0.011032435111701488,0.6078995449078517,0.951702242806294,1.847304105758667,0.027376366779208183,0.014819631859132916,0.08
11,octanol_dipole,150,0.22921808063983917,0.008253965526819229,0.6123337639190938,0.9569282533903498,1.352685809135437,0.14029885828495026,0.10371873301060328,0.16
11,octanol_dipole,151,0.9149171113967896,0.0019090345595031977,0.7368785466494925,0.9083967250128273,0.31095701456069946,0.6341684460639954,2.0394087168604598,0.68
11,octanol_dipole,152,0.48199138045310974,0.0026216108817607164,0.6427761821390177,0.9360390847246782,0.3891129791736603,0.12367784976959229,0.3178456036913514,0.38
11,octanol_dipole,153,0.07484899461269379,0.015163669362664223,0.6067582847563262,0.9760751031386041,2.483989715576172,0.006336397957056761,0.002550895407224746,0.04
11,octanol_dipole,154,0.3319087624549866,0.014178698882460594,0.6065408385331239,0.8924937434427287,2.524437427520752,0.5186645984649658,0.2054574982966981,0.14
11,octanol_dipole,155,0.15072374045848846,0.015729853883385658,0.6064286563802603,0.9568427852661305,2.6651723384857178,0.012537244707345963,0.0047041028177822455,0.1
11,octanol_dipole,156,0.4241107404232025,0.0029693308752030134,0.6710004879340432,0.9331100954285287,0.48355141282081604,0.21944865584373474,0.45382693551358366,0.12
11,octanol_dipole,157,0.13297133147716522,0.012486171908676624,0.6085577928215036,0.964531569389439,2.0810434818267822,0.01970330812036991,0.009467994442419794,0.16
11,octanol_dipole,158,0.290241539478302,0.0018732843454927206,0.6417310793642828,0.9732950949590233,0.18235546350479126,0.07132013887166977,0.39110502916078455,0.16
11,octanol_dipole,159,0.07897161692380905,0.009515723213553429,0.6038937714938024,0.955096182918709,1.5838286876678467,0.005429441574960947,0.003428048511329645,0.02
11,octanol_dipole,160,0.18680264055728912,0.002688283333554864,0.6534658955197794,0.959971643388918,0.367461234331131,0.054651904851198196,0.1487283548444994,0.06
11,octanol_dipole,161,0.35622137784957886,0.012514867819845676,0.6097479669447241,0.9196391447008287,2.173488140106201,0.25774356722831726,0.11858521906437611,0.22
11,octanol_dipole,162,0.15808817744255066,0.014100904576480389,0.6089841306916608,0.9629747257033487,2.3806374073028564,0.009023725055158138,0.0037904659598630643,0.06
11,octanol_dipole,163,0.11046449095010757,0.010066882707178593,0.6060686901758578,0.9443513963978876,1.666804552078247,0.03650858253240585,0.02190333742902568,0.12
11,octanol_dipole,164,0.42417556047439575,0.013263997621834278,0.6101444648639212,0.9089446984223009,2.2888693809509277,0.524580717086792,0.22918770352410894,0.2
11,octanol_dipole,165,0.3290596306324005,0.013523414731025696,0.6076658090488172,0.9107017458320663,2.358891248703003,0.19736918807029724,0.08367032103697761,0.2
11,octanol_dipole,166,0.1818828284740448,0.01601380854845047,0.6141615757145267,0.9601653691411092,2.6837151050567627,0.010338260792195797,0.003852219921822564,0.1
11,octanol_dipole,167,0.1133699044585228,0.013838080689311028,0.6020194910590106,0.9594695776813722,2.2821574211120605,0.01051398552954197,0.00460703781092308,0.1
11,octanol_dipole,168,0.34398144483566284,0.012789350934326649,0.6103758776975807,0.9102966269344019,2.200495481491089,0.32452628016471863,0.14747873053791263,0.18
11,octanol_dipole,169,0.11997789889574051,0.009774747304618359,0.6100689546923586,0.9652902260194753,1.6409763097763062,0.0096147945150733,0.005859191542127725,0.06
11,octanol_dipole,170,0.6568295359611511,0.009157349355518818,0.6502237891149945,0.9098797286594076,1.7375389337539673,1.1083797216415405,0.6379020924998077,0.46
11,octanol_dipole,171,0.4224957525730133,0.015931861475110054,0.6171001525140221,0.9056510561056392,2.7872486114501953,0.6069627404212952,0.21776411975876622,0.18
11,octanol_dipole,172,0.2521379590034485,0.015485615469515324,0.6070152160872233,0.9048127660217595,2.6694540977478027,0.31286895275115967,0.11720334618794334,0.08
11,octanol_dipole,173,0.35860899090766907,0.01166036631911993,0.6117320197890708,0.8886934811157756,2.0074002742767334,0.3170624077320099,0.15794677912268767,0.14
11,octanol_dipole,174,0.14030392467975616,0.009351597167551517,0.6087317314759821,0.9517274796242914,1.5501459836959839,0.017536578699946404,0.011312856262823886,0.12
11,octanol_dipole,175,0.36725595593452454,0.010567055083811283,0.6222099606631253,0.9249680548175261,1.7487605810165405,0.39451804757118225,0.2255986621918548,0.14
11,octanol_dipole,176,0.5378303527832031,0.008161068893969059,0.6521583550534473,0.9276949866437119,1.4704480171203613,0.7627832889556885,0.5187420976971892,0.32
11,octanol_dipole,177,0.3231855630874634,0.012671872973442078,0.6185321275062248,0.9085984556521349,2.2128732204437256,0.33532974123954773,0.15153590279894452,0.14
11,octanol_dipole,178,0.09171780943870544,0.012878188863396645,0.6098748199387607,0.9686027616840889,2.1581549644470215,0.005721868947148323,0.002651278078455512,0.1
11,octanol_dipole,179,0.2903079092502594,0.013616377487778664,0.6045138694237402,0.9409542091605234,2.2978248596191406,0.3142022490501404,0.13673898936850162,0.06
11,octanol_dipole,180,0.36682993173599243,0.006135493516921997,0.618164848993277,0.9531858063620382,1.0329402685165405,0.024273397400975227,0.023499323378916692,0.28
11,octanol_dipole,181,0.23954831063747406,0.020579321309924126,0.6047945149960674,0.9119727859886753,3.558706283569336,0.2437005192041397,0.06848008792670332,0.12
11,octanol_dipole,182,0.3490695357322693,0.009715056046843529,0.6151405711686395,0.9280145372589252,1.7093162536621094,0.2023005187511444,0.11835172006217543,0.22
11,octanol_dipole,183,0.21105366945266724,0.009323918260633945,0.6118395819045561,0.9529269806389242,1.6079508066177368,0.045308057218790054,0.02817751453111543,0.22
11,octanol_dipole,184,0.05815848335623741,0.01126936823129654,0.6225464320788396,0.9705158237803879,2.134922504425049,0.005908341147005558,0.002767473355477472,0.02
11,octanol_dipole,185,0.10999538004398346,0.009046877734363079,0.6191314183303749,0.9512167495069705,1.4584691524505615,0.01969572715461254,0.013504383772203353,0.08
11,octanol_dipole,186,0.05959347262978554,0.008454376831650734,0.6043532122971784,0.9591248169842506,1.378177285194397,0.013148671947419643,0.009540624481824175,0.14
11,octanol_dipole,187,0.0747014582157135,0.008359731175005436,0.6076334587525256,0.9651582622599741,1.372231364250183,0.01099901832640171,0.008015425541896,0.14
11,octanol_dipole,188,0.1763456016778946,0.007730385288596153,0.6078692856682613,0.9621443061691162,1.2683537006378174,0.06349539756774902,0.05006127039785438,0.18
11,octanol_dipole,189,0.23707787692546844,0.020229849964380264,0.6178621503820902,0.9325152400968795,3.7121527194976807,0.42216217517852783,0.11372435540196572,0.2
11,octanol_dipole,190,0.33298593759536743,0.013874644413590431,0.6060009846243872,0.9066809840463019,2.3574154376983643,0.33697521686553955,0.14294265299057407,0.12
11,octanol_dipole,191,0.2614162862300873,0.020770007744431496,0.6065344423123136,0.9142065441490979,3.538242816925049,0.41125157475471497,0.11623045563394034,0.06
11,octanol_dipole,192,0.10035572946071625,0.009531565010547638,0.6095144246426807,0.9730485021767579,1.5893065929412842,0.02597026154398918,0.016340624055379248,0.1
11,octanol_dipole,193,0.21375016868114471,0.012581625953316689,0.6098959833679356,0.9737748765410486,2.1252360343933105,0.02706027962267399,0.012732834934449464,0.2
11,octanol_dipole,194,0.07937521487474442,0.024247169494628906,0.6186090673170019,0.9704055643317389,4.486472129821777,0.005908126011490822,0.0013168756743676727,0.04
11,octanol_dipole,195,0.3079594373703003,0.012490377761423588,0.6073339788024308,0.9075862651094275,2.1371803283691406,0.3087916076183319,0.14448551838111268,0.12
11,octanol_dipole,196,0.07416728883981705,0.008217181079089642,0.6087157614538725,0.9595238426088626,1.352149248123169,0.0033075190149247646,0.0024461197752509334,0.08
11,octanol_dipole,197,0.07311954349279404,0.007975246757268906,0.6076445318405219,0.9650167258231523,1.3427690267562866,0.00709315063431859,0.005282480078836374,0.02
11,octanol_dipole,198,0.09608113020658493,0.016449380666017532,0.6056882966070583,0.9655619045590955,2.7450881004333496,0.00409837206825614,0.0014929838017254003,0.1
11,octanol_dipole,199,0.10756462812423706,0.00926264375448227,0.6091931378809048,0.9552744716872879,1.5752921104431152,0.005297266878187656,0.0033627203761577807,0.16
11,octanol_dipole,200,0.06349876523017883,0.011351208202540874,0.6053770943084373,0.9649857148256291,1.8998961448669434,0.009770955890417099,0.005142889476783161,0.06
11,octanol_dipole,201,0.0792030617594719,0.020065631717443466,0.6008580754438777,0.9677125902279144,3.341412305831909,0.00907167885452509,0.002714923518624715,0.06
11,octanol_dipole,202,0.4139596223831177,0.01441316120326519,0.616693410346538,0.913232116114916,2.714728593826294,0.46822530031204224,0.17247591577915297,0.28
11,octanol_dipole,203,0.18369075655937195,0.003186396323144436,0.655267474652977,0.9544159529371536,0.47431084513664246,0.06839355081319809,0.1441956293314247,0.14
11,octanol_dipole,204,0.14071708917617798,0.012745067477226257,0.6074248883928051,0.9680345797968661,2.1551005840301514,0.008837481960654259,0.004100728302958233,0.1
11,octanol_dipole,205,0.06659147143363953,0.014440526254475117,0.6132706743386813,0.9708254056025345,2.459113359451294,0.021940436214208603,0.008922092236977725,0.1
11,octanol_dipole,206,0.08158594369888306,0.017159685492515564,0.6062216891168248,0.979301486433332,2.892082452774048,0.002427777973935008,0.0008394566937765951,0.02
11,octanol_dipole,207,0.16988380253314972,0.013044014573097229,0.6101996846455491,0.9580738374089068,2.233705759048462,0.010419636964797974,0.00466473120848139,0.16
11,octanol_dipole,208,0.10416128486394882,0.014344250783324242,0.6050081500523015,0.9553197962074924,2.403754472732544,0.008445791900157928,0.0035135834362304513,0.02
11,octanol_dipole,209,0.15635107457637787,0.012103689834475517,0.6087620260946738,0.9592535944870322,2.029527425765991,0.008308240212500095,0.004093682158231674,0.08
11,octanol_dipole,210,0.08470848947763443,0.011705819517374039,0.6105286586262781,0.9753001703348747,1.95084810256958,0.014204643666744232,0.007281265849470513,0.16
11,octanol_dipole,211,0.23209692537784576,0.01657998561859131,0.6080406745581131,0.934792595024307,2.8121283054351807,0.22883541882038116,0.08137445876068182,0.18
11,octanol_dipole,212,0.20244824886322021,0.009193719364702702,0.609968744261284,0.9707989920337108,1.5425691604614258,0.039828669279813766,0.02581969761919776,0.12
11,octanol_dipole,213,0.0651298239827156,0.008474703878164291,0.6069728666643393,0.9615510721868084,1.36538827419281,0.004530452191829681,0.0033180687702243474,0.16
11,octanol_dipole,214,0.46807658672332764,0.015886960551142693,0.6171092714833764,0.9286558612039235,2.710210084915161,1.0946686267852783,0.4039054510490264,0.22
11,octanol_dipole,215,0.09301479905843735,0.016638295724987984,0.6072047468764619,0.9571594564345276,2.8165581226348877,0.00745890848338604,0.002648235242668537,0.04
11,octanol_dipole,216,0.1777765303850174,0.014661651104688644,0.6101596302566481,0.966052810235785,2.494216203689575,0.029062816873192787,0.01165208406159881,0.08
11,octanol_dipole,217,0.11848475784063339,0.012821024283766747,0.6169372769793975,0.9575607092438003,2.126356363296509,0.014478417113423347,0.006809026635110839,0.08
11,octanol_dipole,218,0.1559453159570694,0.01457253098487854,0.6059937488135867,0.966328013766043,2.413196325302124,0.006286206655204296,0.002604929648406159,0.1
11,octanol_dipole,219,0.31897833943367004,0.014996039681136608,0.5987196832373518,0.8965445337508191,2.550833225250244,0.22735829651355743,0.08913099228243467,0.2
11,octanol_dipole,220,0.6274896860122681,0.007665276061743498,0.6333370198265582,0.912917232153436,1.3015848398208618,0.7830933928489685,0.6016460617017837,0.42
11,octanol_dipole,221,0.15696515142917633,0.006946496665477753,0.6119415466816907,0.9636119344941565,1.132558822631836,0.04786563292145729,0.04226326435763161,0.12
11,octanol_dipole,222,0.27836963534355164,0.002943611005321145,0.6005606570241946,0.9450618957853849,0.591947615146637,0.05121270939707756,0.08651561064975517,0.16
11,octanol_dipole,223,0.3163662552833557,0.014979890547692776,0.6095492471868869,0.9167667192954896,2.527906656265259,0.30890581011772156,0.1221982660444039,0.04
11,octanol_dipole,224,0.34418946504592896,0.0037552572321146727,0.6192272494336808,0.930376309917269,0.5655584335327148,0.13544140756130219,0.239482606094791,0.18
11,octanol_dipole,225,0.06044849753379822,0.009663168340921402,0.6085438158771013,0.9640103860033176,1.6114412546157837,0.005073090549558401,0.00314816971144752,0.08
11,octanol_dipole,226,0.374533474445343,0.012285764329135418,0.6204429487713568,0.9626140642293852,2.232560157775879,0.039797093719244,0.01782576544718538,0.34
11,octanol_dipole,227,0.17316535115242004,0.009497839957475662,0.6070017852214551,0.9482357815907969,1.5827441215515137,0.04386842995882034,0.027716691132498104,0.12
11,octanol_dipole,228,0.16209761798381805,0.007796986028552055,0.6086010456889974,0.966308577272385,1.2681413888931274,0.042659562081098557,0.03363943678104626,0.1
11,octanol_dipole,229,0.14970678091049194,0.010200152173638344,0.6228125153055437,0.9636721432903506,1.684089183807373,0.01945323683321476,0.011551191599743587,0.04
11,octanol_dipole,230,0.2510194778442383,0.017740270122885704,0.6090833501284478,0.9249330337380945,3.078756332397461,0.40369144082069397,0.1311215949676456,0.12
11,octanol_dipole,231,0.2313702553510666,0.01229207031428814,0.6146982448526961,0.9508987060115657,2.044006586074829,0.1690107136964798,0.08268599272032506,0.14
11,octanol_dipole,232,0.4122598469257355,0.012448834255337715,0.6141941842465877,0.9020011009733531,2.154705047607422,0.5360766649246216,0.24879352536899635,0.18
11,octanol_dipole,233,0.14981961250305176,0.017204420641064644,0.6120920242883716,0.9599872553857005,2.8542280197143555,0.026092471554875374,0.009141691334628076,0.06
11,octanol_dipole,234,0.3166702091693878,0.01592523790895939,0.6115212730968651,0.8915959748957505,2.8055579662323,0.5066459774971008,0.1805865298792941,0.14
11,octanol_dipole,235,0.1103455200791359,0.0176128838211298,0.6051571011753667,0.9613137537441641,3.023292064666748,0.021411210298538208,0.007082084641696146,0.1
11,octanol_dipole,236,0.17453326284885406,0.01210390031337738,0.6092974406557545,0.9600532565657174,2.052011728286743,0.0067856633104383945,0.003306834564782849,0.16
11,octanol_dipole,237,0.1114109456539154,0.012713048607110977,0.61721946000675,0.9675437310001984,2.126689910888672,0.004764008801430464,0.0022401050463627514,0.18
11,octanol_dipole,238,0.1534622609615326,0.01351227704435587,0.6115738700720357,0.9489062146134613,2.240894317626953,0.021479761227965355,0.009585352177925038,0.14
11,octanol_dipole,239,0.5459946990013123,0.01164244208484888,0.6264798118097548,0.9092388682478816,2.05409836769104,0.7981979846954346,0.38858800398769056,0.32
11,octanol_dipole,240,0.3791727125644684,0.013734394684433937,0.604393812029437,0.893925424804705,2.3982856273651123,0.4425118565559387,0.1845117410148125,0.2
11,octanol_dipole,241,0.21269644796848297,0.01142797339707613,0.616316189186213,0.9353787215255001,2.0375466346740723,0.10797721147537231,0.05299373748696772,0.08
11,octanol_dipole,242,0.1055881530046463,0.018308497965335846,0.6046667724477566,0.9608280851601618,3.145735263824463,0.004104102496057749,0.001304656034871841,0.04
11,octanol_dipole,243,0.2637322247028351,0.013502553105354309,0.6092007633741534,0.9212978724692173,2.2948238849639893,0.18958207964897156,0.08261291025038574,0.12
11,octanol_dipole,244,0.30936160683631897,0.011849544942378998,0.6119662125269052,0.9441479822917167,2.0582592487335205,0.18618996441364288,0.09045991875329044,0.22
11,octanol_dipole,245,0.21109817922115326,0.01421133428812027,0.6011772037209544,0.9196456579037939,2.396167039871216,0.10839458554983139,0.04523665660456508,0.18
11,octanol_dipole,246,0.3484996557235718,0.013459884561598301,0.60941447418724,0.9120448116055522,2.309752941131592,0.4897046685218811,0.21201603851274478,0.24
11,octanol_dipole,247,0.13015927374362946,0.015349229797720909,0.6129704714315709,0.9712401567608102,2.572997808456421,0.012880364432930946,0.0050059756718790465,0.14
11,octanol_dipole,248,0.25132960081100464,0.014484070241451263,0.6077731679972977,0.919838024651801,2.4716897010803223,0.23959632217884064,0.09693624651756175,0.16
11,octanol_dipole,249,0.46896329522132874,0.014451236464083195,0.6125900128616124,0.8794726414345093,2.5540614128112793,0.6728188395500183,0.26343095595710064,0.24
11,hexane_gsolv_eV,0,1.0000001192092896,0.0,0.7139854956454819,0.7139854956454819,,,,1.0
11,hexane_gsolv_eV,1,1.0000001192092896,0.0,0.7139854956454819,0.7139854956454819,,,,1.0
11,hexane_gsolv_eV,2,1.0000001192092896,0.0,0.7139854956454819,0.7139854956454819,,,,1.0
11,hexane_gsolv_eV,3,1.0000001192092896,0.0,0.7139854956454819,0.7139854956454819,,,,1.0
11,hexane_gsolv_eV,4,1.0000001192092896,0.0,0.7139854956454819,0.7139854956454819,,,,1.0
11,hexane_gsolv_eV,5,1.0000001192092896,0.0,0.7139854956454819,0.7139854956454819,,,,1.0
11,hexane_gsolv_eV,6,1.0000001192092896,0.0,0.7139854956454819,0.7139854956454819,,,,1.0
11,hexane_gsolv_eV,7,1.0000001192092896,0.0,0.7139854956454819,0.7139854956454819,,,,1.0
11,hexane_gsolv_eV,8,1.0000001192092896,0.0,0.7139854956454819,0.7139854956454819,,,,1.0
11,hexane_gsolv_eV,9,1.0000001192092896,0.0,0.7139854956454819,0.7139854956454819,,,,1.0
11,hexane_gsolv_eV,10,1.0000001192092896,0.0,0.7139854956454819,0.7139854956454819,,,,1.0
11,hexane_gsolv_eV,11,1.0000001192092896,0.0,0.7139854956454819,0.7139854956454819,,,,1.0
11,hexane_gsolv_eV,12,1.0000001192092896,0.0,0.7139854956454819,0.7139854956454819,,,,1.0
11,hexane_gsolv_eV,13,1.0000001192092896,0.0,0.7139854956454819,0.7139854956454819,,,,1.0
11,hexane_gsolv_eV,14,1.0000001192092896,0.0,0.7139854956454819,0.7139854956454819,,,,1.0
11,hexane_gsolv_eV,15,1.0000001192092896,0.0,0.7139854956454819,0.7139854956454819,,,,1.0
11,hexane_gsolv_eV,16,1.0000001192092896,0.0,0.7139854956454819,0.7139854956454819,,,,1.0
11,hexane_gsolv_eV,17,1.0000001192092896,0.0,0.7139854956454819,0.7139854956454819,,,,1.0
11,hexane_gsolv_eV,18,1.0000001192092896,0.0,0.7139854956454819,0.7139854956454819,,,,1.0
11,hexane_gsolv_eV,19,1.0000001192092896,0.0,0.7139854956454819,0.7139854956454819,,,,1.0
11,hexane_gsolv_eV,20,1.0000001192092896,0.0,0.7139854956454819,0.7139854956454819,,,,1.0
11,hexane_gsolv_eV,21,1.0000001192092896,0.0,0.7139854956454819,0.7139854956454819,,,,1.0
11,hexane_gsolv_eV,22,1.0000001192092896,0.0,0.7139854956454819,0.7139854956454819,,,,1.0
11,hexane_gsolv_eV,23,1.0000001192092896,0.0,0.7139854956454819,0.7139854956454819,,,,1.0
11,hexane_gsolv_eV,24,1.0000001192092896,0.0,0.7139854956454819,0.7139854956454819,,,,1.0
11,hexane_gsolv_eV,25,1.0000001192092896,0.0,0.7139854956454819,0.7139854956454819,,,,1.0
11,hexane_gsolv_eV,26,1.0000001192092896,0.0,0.7139854956454819,0.7139854956454819,,,,1.0
11,hexane_gsolv_eV,27,1.0000001192092896,0.0,0.7139854956454819,0.7139854956454819,,,,1.0
11,hexane_gsolv_eV,28,1.0000001192092896,0.0,0.7139854956454819,0.7139854956454819,,,,1.0
11,hexane_gsolv_eV,29,1.0000001192092896,0.0,0.7139854956454819,0.7139854956454819,,,,1.0
11,hexane_gsolv_eV,30,1.0000001192092896,0.0,0.7139854956454819,0.7139854956454819,,,,1.0
11,hexane_gsolv_eV,31,1.0000001192092896,0.0,0.7139854956454819,0.7139854956454819,,,,1.0
11,hexane_gsolv_eV,32,1.0000001192092896,0.0,0.7139854956454819,0.7139854956454819,,,,1.0
11,hexane_gsolv_eV,33,1.0000001192092896,0.0,0.7139854956454819,0.7139854956454819,,,,1.0
11,hexane_gsolv_eV,34,1.0000001192092896,0.0,0.7139854956454819,0.7139854956454819,,,,1.0
11,hexane_gsolv_eV,35,1.0000001192092896,0.0,0.7139854956454819,0.7139854956454819,,,,1.0
11,hexane_gsolv_eV,36,1.0000001192092896,0.0,0.7139854956454819,0.7139854956454819,,,,1.0
11,hexane_gsolv_eV,37,1.0000001192092896,0.0,0.7139854956454819,0.7139854956454819,,,,1.0
11,hexane_gsolv_eV,38,1.0000001192092896,0.0,0.7139854956454819,0.7139854956454819,,,,1.0
11,hexane_gsolv_eV,39,1.0000001192092896,0.0,0.7139854956454819,0.7139854956454819,,,,1.0
11,hexane_gsolv_eV,40,1.0000001192092896,0.0,0.7139854956454819,0.7139854956454819,,,,1.0
11,hexane_gsolv_eV,41,1.0000001192092896,0.0,0.7139854956454819,0.7139854956454819,,,,1.0
11,hexane_gsolv_eV,42,1.0000001192092896,0.0,0.7139854956454819,0.7139854956454819,,,,1.0
11,hexane_gsolv_eV,43,1.0000001192092896,0.0,0.7139854956454819,0.7139854956454819,,,,1.0
11,hexane_gsolv_eV,44,1.0000001192092896,0.0,0.7139854956454819,0.7139854956454819,,,,1.0
11,hexane_gsolv_eV,45,1.0000001192092896,0.0,0.7139854956454819,0.7139854956454819,,,,1.0
11,hexane_gsolv_eV,46,1.0000001192092896,0.0,0.7139854956454819,0.7139854956454819,,,,1.0
11,hexane_gsolv_eV,47,1.0000001192092896,0.0,0.7139854956454819,0.7139854956454819,,,,1.0
11,hexane_gsolv_eV,48,1.0000001192092896,0.0,0.7139854956454819,0.7139854956454819,,,,1.0
11,hexane_gsolv_eV,49,1.0000001192092896,0.0,0.7139854956454819,0.7139854956454819,,,,1.0
11,hexane_gsolv_eV,50,1.0000001192092896,0.0,0.7139854956454819,0.7139854956454819,,,,1.0
11,hexane_gsolv_eV,51,1.0000001192092896,0.0,0.7139854956454819,0.7139854956454819,,,,1.0
11,hexane_gsolv_eV,52,1.0000001192092896,0.0,0.7139854956454819,0.7139854956454819,,,,1.0
11,hexane_gsolv_eV,53,1.0000001192092896,0.0,0.7139854956454819,0.7139854956454819,,,,1.0
11,hexane_gsolv_eV,54,1.0000001192092896,0.0,0.7139854956454819,0.7139854956454819,,,,1.0
11,hexane_gsolv_eV,55,1.0000001192092896,0.0,0.7139854956454819,0.7139854956454819,,,,1.0
11,hexane_gsolv_eV,56,1.0000001192092896,0.0,0.7139854956454819,0.7139854956454819,,,,1.0
11,hexane_gsolv_eV,57,1.0000001192092896,0.0,0.7139854956454819,0.7139854956454819,,,,1.0
11,hexane_gsolv_eV,58,1.0000001192092896,0.0,0.7139854956454819,0.7139854956454819,,,,1.0
11,hexane_gsolv_eV,59,1.0000001192092896,0.0,0.7139854956454819,0.7139854956454819,,,,1.0
11,hexane_gsolv_eV,60,1.0000001192092896,0.0,0.7139854956454819,0.7139854956454819,,,,1.0
11,hexane_gsolv_eV,61,1.0000001192092896,0.0,0.7139854956454819,0.7139854956454819,,,,1.0
11,hexane_gsolv_eV,62,1.0000001192092896,0.0,0.7139854956454819,0.7139854956454819,,,,1.0
11,hexane_gsolv_eV,63,1.0000001192092896,0.0,0.7139854956454819,0.7139854956454819,,,,1.0
11,hexane_gsolv_eV,64,1.0000001192092896,0.0,0.7139854956454819,0.7139854956454819,,,,1.0
11,hexane_gsolv_eV,65,1.0000001192092896,0.0,0.7139854956454819,0.7139854956454819,,,,1.0
11,hexane_gsolv_eV,66,1.0000001192092896,0.0,0.7139854956454819,0.7139854956454819,,,,1.0
11,hexane_gsolv_eV,67,1.0000001192092896,0.0,0.7139854956454819,0.7139854956454819,,,,1.0
11,hexane_gsolv_eV,68,1.0000001192092896,0.0,0.7139854956454819,0.7139854956454819,,,,1.0
11,hexane_gsolv_eV,69,1.0000001192092896,0.0,0.7139854956454819,0.7139854956454819,,,,1.0
11,hexane_gsolv_eV,70,1.0000001192092896,0.0,0.7139854956454819,0.7139854956454819,,,,1.0
11,hexane_gsolv_eV,71,1.0000001192092896,0.0,0.7139854956454819,0.7139854956454819,,,,1.0
11,hexane_gsolv_eV,72,1.0000001192092896,0.0,0.7139854956454819,0.7139854956454819,,,,1.0
11,hexane_gsolv_eV,73,1.0000001192092896,0.0,0.7139854956454819,0.7139854956454819,,,,1.0
11,hexane_gsolv_eV,74,1.0000001192092896,0.0,0.7139854956454819,0.7139854956454819,,,,1.0
11,hexane_gsolv_eV,75,1.0000001192092896,0.0,0.7139854956454819,0.7139854956454819,,,,1.0
11,hexane_gsolv_eV,76,1.0000001192092896,0.0,0.7139854956454819,0.7139854956454819,,,,1.0
11,hexane_gsolv_eV,77,1.0000001192092896,0.0,0.7139854956454819,0.7139854956454819,,,,1.0
11,hexane_gsolv_eV,78,1.0000001192092896,0.0,0.7139854956454819,0.7139854956454819,,,,1.0
11,hexane_gsolv_eV,79,1.0000001192092896,0.0,0.7139854956454819,0.7139854956454819,,,,1.0
11,hexane_gsolv_eV,80,1.0000001192092896,0.0,0.7139854956454819,0.7139854956454819,,,,1.0
11,hexane_gsolv_eV,81,1.0000001192092896,0.0,0.7139854956454819,0.7139854956454819,,,,1.0
11,hexane_gsolv_eV,82,1.0000001192092896,0.0,0.7139854956454819,0.7139854956454819,,,,1.0
11,hexane_gsolv_eV,83,1.0000001192092896,0.0,0.7139854956454819,0.7139854956454819,,,,1.0
11,hexane_gsolv_eV,84,1.0000001192092896,0.0,0.7139854956454819,0.7139854956454819,,,,1.0
11,hexane_gsolv_eV,85,1.0000001192092896,0.0,0.7139854956454819,0.7139854956454819,,,,1.0
11,hexane_gsolv_eV,86,1.0000001192092896,0.0,0.7139854956454819,0.7139854956454819,,,,1.0
11,hexane_gsolv_eV,87,1.0000001192092896,0.0,0.7139854956454819,0.7139854956454819,,,,1.0
11,hexane_gsolv_eV,88,1.0000001192092896,0.0,0.7139854956454819,0.7139854956454819,,,,1.0
11,hexane_gsolv_eV,89,1.0000001192092896,0.0,0.7139854956454819,0.7139854956454819,,,,1.0
11,hexane_gsolv_eV,90,1.0000001192092896,0.0,0.7139854956454819,0.7139854956454819,,,,1.0
11,hexane_gsolv_eV,91,1.0000001192092896,0.0,0.7139854956454819,0.7139854956454819,,,,1.0
11,hexane_gsolv_eV,92,1.0000001192092896,0.0,0.7139854956454819,0.7139854956454819,,,,1.0
11,hexane_gsolv_eV,93,1.0000001192092896,0.0,0.7139854956454819,0.7139854956454819,,,,1.0
11,hexane_gsolv_eV,94,1.0000001192092896,0.0,0.7139854956454819,0.7139854956454819,,,,1.0
11,hexane_gsolv_eV,95,1.0000001192092896,0.0,0.7139854956454819,0.7139854956454819,,,,1.0
11,hexane_gsolv_eV,96,1.0000001192092896,0.0,0.7139854956454819,0.7139854956454819,,,,1.0
11,hexane_gsolv_eV,97,1.0000001192092896,0.0,0.7139854956454819,0.7139854956454819,,,,1.0
11,hexane_gsolv_eV,98,1.0000001192092896,0.0,0.7139854956454819,0.7139854956454819,,,,1.0
11,hexane_gsolv_eV,99,1.0000001192092896,0.0,0.7139854956454819,0.7139854956454819,,,,1.0
11,hexane_gsolv_eV,100,1.0000001192092896,0.0,0.7139854956454819,0.7139854956454819,,,,1.0
11,hexane_gsolv_eV,101,1.0000001192092896,0.0,0.7139854956454819,0.7139854956454819,,,,1.0
11,hexane_gsolv_eV,102,1.0000001192092896,0.0,0.7139854956454819,0.7139854956454819,,,,1.0
11,hexane_gsolv_eV,103,1.0000001192092896,0.0,0.7139854956454819,0.7139854956454819,,,,1.0
11,hexane_gsolv_eV,104,1.0000001192092896,0.0,0.7139854956454819,0.7139854956454819,,,,1.0
11,hexane_gsolv_eV,105,1.0000001192092896,0.0,0.7139854956454819,0.7139854956454819,,,,1.0
11,hexane_gsolv_eV,106,1.0000001192092896,0.0,0.7139854956454819,0.7139854956454819,,,,1.0
11,hexane_gsolv_eV,107,1.0000001192092896,0.0,0.7139854956454819,0.7139854956454819,,,,1.0
11,hexane_gsolv_eV,108,1.0000001192092896,0.0,0.7139854956454819,0.7139854956454819,,,,1.0
11,hexane_gsolv_eV,109,1.0000001192092896,0.0,0.7139854956454819,0.7139854956454819,,,,1.0
11,hexane_gsolv_eV,110,1.0000001192092896,0.0,0.7139854956454819,0.7139854956454819,,,,1.0
11,hexane_gsolv_eV,111,1.0000001192092896,0.0,0.7139854956454819,0.7139854956454819,,,,1.0
11,hexane_gsolv_eV,112,1.0000001192092896,0.0,0.7139854956454819,0.7139854956454819,,,,1.0
11,hexane_gsolv_eV,113,1.0000001192092896,0.0,0.7139854956454819,0.7139854956454819,,,,1.0
11,hexane_gsolv_eV,114,1.0000001192092896,0.0,0.7139854956454819,0.7139854956454819,,,,1.0
11,hexane_gsolv_eV,115,1.0000001192092896,0.0,0.7139854956454819,0.7139854956454819,,,,1.0
11,hexane_gsolv_eV,116,1.0000001192092896,0.0,0.7139854956454819,0.7139854956454819,,,,1.0
11,hexane_gsolv_eV,117,1.0000001192092896,0.0,0.7139854956454819,0.7139854956454819,,,,1.0
11,hexane_gsolv_eV,118,1.0000001192092896,0.0,0.7139854956454819,0.7139854956454819,,,,1.0
11,hexane_gsolv_eV,119,1.0000001192092896,0.0,0.7139854956454819,0.7139854956454819,,,,1.0
11,hexane_gsolv_eV,120,1.0000001192092896,0.0,0.7139854956454819,0.7139854956454819,,,,1.0
11,hexane_gsolv_eV,121,1.0000001192092896,0.0,0.7139854956454819,0.7139854956454819,,,,1.0
11,hexane_gsolv_eV,122,1.0000001192092896,0.0,0.7139854956454819,0.7139854956454819,,,,1.0
11,hexane_gsolv_eV,123,1.0000001192092896,0.0,0.7139854956454819,0.7139854956454819,,,,1.0
11,hexane_gsolv_eV,124,1.0000001192092896,0.0,0.7139854956454819,0.7139854956454819,,,,1.0
11,hexane_gsolv_eV,125,1.0000001192092896,0.0,0.7139854956454819,0.7139854956454819,,,,1.0
11,hexane_gsolv_eV,126,1.0000001192092896,0.0,0.7139854956454819,0.7139854956454819,,,,1.0
11,hexane_gsolv_eV,127,1.0000001192092896,0.0,0.7139854956454819,0.7139854956454819,,,,1.0
11,hexane_gsolv_eV,128,1.0000001192092896,0.0,0.7139854956454819,0.7139854956454819,,,,1.0
11,hexane_gsolv_eV,129,1.0000001192092896,0.0,0.7139854956454819,0.7139854956454819,,,,1.0
11,hexane_gsolv_eV,130,1.0000001192092896,0.0,0.7139854956454819,0.7139854956454819,,,,1.0
11,hexane_gsolv_eV,131,1.0000001192092896,0.0,0.7139854956454819,0.7139854956454819,,,,1.0
11,hexane_gsolv_eV,132,1.0000001192092896,0.0,0.7139854956454819,0.7139854956454819,,,,1.0
11,hexane_gsolv_eV,133,1.0000001192092896,0.0,0.7139854956454819,0.7139854956454819,,,,1.0
11,hexane_gsolv_eV,134,1.0000001192092896,0.0,0.7139854956454819,0.7139854956454819,,,,1.0
11,hexane_gsolv_eV,135,1.0000001192092896,0.0,0.7139854956454819,0.7139854956454819,,,,1.0
11,hexane_gsolv_eV,136,1.0000001192092896,0.0,0.7139854956454819,0.7139854956454819,,,,1.0
11,hexane_gsolv_eV,137,1.0000001192092896,0.0,0.7139854956454819,0.7139854956454819,,,,1.0
11,hexane_gsolv_eV,138,1.0000001192092896,0.0,0.7139854956454819,0.7139854956454819,,,,1.0
11,hexane_gsolv_eV,139,1.0000001192092896,0.0,0.7139854956454819,0.7139854956454819,,,,1.0
11,hexane_gsolv_eV,140,1.0000001192092896,0.0,0.7139854956454819,0.7139854956454819,,,,1.0
11,hexane_gsolv_eV,141,1.0000001192092896,0.0,0.7139854956454819,0.7139854956454819,,,,1.0
11,hexane_gsolv_eV,142,1.0000001192092896,0.0,0.7139854956454819,0.7139854956454819,,,,1.0
11,hexane_gsolv_eV,143,1.0000001192092896,0.0,0.7139854956454819,0.7139854956454819,,,,1.0
11,hexane_gsolv_eV,144,1.0000001192092896,0.0,0.7139854956454819,0.7139854956454819,,,,1.0
11,hexane_gsolv_eV,145,1.0000001192092896,0.0,0.7139854956454819,0.7139854956454819,,,,1.0
11,hexane_gsolv_eV,146,1.0000001192092896,0.0,0.7139854956454819,0.7139854956454819,,,,1.0
11,hexane_gsolv_eV,147,1.0000001192092896,0.0,0.7139854956454819,0.7139854956454819,,,,1.0
11,hexane_gsolv_eV,148,1.0000001192092896,0.0,0.7139854956454819,0.7139854956454819,,,,1.0
11,hexane_gsolv_eV,149,1.0000001192092896,0.0,0.7139854956454819,0.7139854956454819,,,,1.0
11,hexane_gsolv_eV,150,1.0000001192092896,0.0,0.7139854956454819,0.7139854956454819,,,,1.0
11,hexane_gsolv_eV,151,1.0000001192092896,0.0,0.7139854956454819,0.7139854956454819,,,,1.0
11,hexane_gsolv_eV,152,1.0000001192092896,0.0,0.7139854956454819,0.7139854956454819,,,,1.0
11,hexane_gsolv_eV,153,1.0000001192092896,0.0,0.7139854956454819,0.7139854956454819,,,,1.0
11,hexane_gsolv_eV,154,1.0000001192092896,0.0,0.7139854956454819,0.7139854956454819,,,,1.0
11,hexane_gsolv_eV,155,1.0000001192092896,0.0,0.7139854956454819,0.7139854956454819,,,,1.0
11,hexane_gsolv_eV,156,1.0000001192092896,0.0,0.7139854956454819,0.7139854956454819,,,,1.0
11,hexane_gsolv_eV,157,1.0000001192092896,0.0,0.7139854956454819,0.7139854956454819,,,,1.0
11,hexane_gsolv_eV,158,1.0000001192092896,0.0,0.7139854956454819,0.7139854956454819,,,,1.0
11,hexane_gsolv_eV,159,1.0000001192092896,0.0,0.7139854956454819,0.7139854956454819,,,,1.0
11,hexane_gsolv_eV,160,1.0000001192092896,0.0,0.7139854956454819,0.7139854956454819,,,,1.0
11,hexane_gsolv_eV,161,1.0000001192092896,0.0,0.7139854956454819,0.7139854956454819,,,,1.0
11,hexane_gsolv_eV,162,1.0000001192092896,0.0,0.7139854956454819,0.7139854956454819,,,,1.0
11,hexane_gsolv_eV,163,1.0000001192092896,0.0,0.7139854956454819,0.7139854956454819,,,,1.0
11,hexane_gsolv_eV,164,1.0000001192092896,0.0,0.7139854956454819,0.7139854956454819,,,,1.0
11,hexane_gsolv_eV,165,1.0000001192092896,0.0,0.7139854956454819,0.7139854956454819,,,,1.0
11,hexane_gsolv_eV,166,1.0000001192092896,0.0,0.7139854956454819,0.7139854956454819,,,,1.0
11,hexane_gsolv_eV,167,1.0000001192092896,0.0,0.7139854956454819,0.7139854956454819,,,,1.0
11,hexane_gsolv_eV,168,1.0000001192092896,0.0,0.7139854956454819,0.7139854956454819,,,,1.0
11,hexane_gsolv_eV,169,1.0000001192092896,0.0,0.7139854956454819,0.7139854956454819,,,,1.0
11,hexane_gsolv_eV,170,1.0000001192092896,0.0,0.7139854956454819,0.7139854956454819,,,,1.0
11,hexane_gsolv_eV,171,1.0000001192092896,0.0,0.7139854956454819,0.7139854956454819,,,,1.0
11,hexane_gsolv_eV,172,1.0000001192092896,0.0,0.7139854956454819,0.7139854956454819,,,,1.0
11,hexane_gsolv_eV,173,1.0000001192092896,0.0,0.7139854956454819,0.7139854956454819,,,,1.0
11,hexane_gsolv_eV,174,1.0000001192092896,0.0,0.7139854956454819,0.7139854956454819,,,,1.0
11,hexane_gsolv_eV,175,1.0000001192092896,0.0,0.7139854956454819,0.7139854956454819,,,,1.0
11,hexane_gsolv_eV,176,1.0000001192092896,0.0,0.7139854956454819,0.7139854956454819,,,,1.0
11,hexane_gsolv_eV,177,1.0000001192092896,0.0,0.7139854956454819,0.7139854956454819,,,,1.0
11,hexane_gsolv_eV,178,1.0000001192092896,0.0,0.7139854956454819,0.7139854956454819,,,,1.0
11,hexane_gsolv_eV,179,1.0000001192092896,0.0,0.7139854956454819,0.7139854956454819,,,,1.0
11,hexane_gsolv_eV,180,1.0000001192092896,0.0,0.7139854956454819,0.7139854956454819,,,,1.0
11,hexane_gsolv_eV,181,1.0000001192092896,0.0,0.7139854956454819,0.7139854956454819,,,,1.0
11,hexane_gsolv_eV,182,1.0000001192092896,0.0,0.7139854956454819,0.7139854956454819,,,,1.0
11,hexane_gsolv_eV,183,1.0000001192092896,0.0,0.7139854956454819,0.7139854956454819,,,,1.0
11,hexane_gsolv_eV,184,1.0000001192092896,0.0,0.7139854956454819,0.7139854956454819,,,,1.0
11,hexane_gsolv_eV,185,1.0000001192092896,0.0,0.7139854956454819,0.7139854956454819,,,,1.0
11,hexane_gsolv_eV,186,1.0000001192092896,0.0,0.7139854956454819,0.7139854956454819,,,,1.0
11,hexane_gsolv_eV,187,1.0000001192092896,0.0,0.7139854956454819,0.7139854956454819,,,,1.0
11,hexane_gsolv_eV,188,1.0000001192092896,0.0,0.7139854956454819,0.7139854956454819,,,,1.0
11,hexane_gsolv_eV,189,1.0000001192092896,0.0,0.7139854956454819,0.7139854956454819,,,,1.0
11,hexane_gsolv_eV,190,1.0000001192092896,0.0,0.7139854956454819,0.7139854956454819,,,,1.0
11,hexane_gsolv_eV,191,1.0000001192092896,0.0,0.7139854956454819,0.7139854956454819,,,,1.0
11,hexane_gsolv_eV,192,1.0000001192092896,0.0,0.7139854956454819,0.7139854956454819,,,,1.0
11,hexane_gsolv_eV,193,1.0000001192092896,0.0,0.7139854956454819,0.7139854956454819,,,,1.0
11,hexane_gsolv_eV,194,1.0000001192092896,0.0,0.7139854956454819,0.7139854956454819,,,,1.0
11,hexane_gsolv_eV,195,1.0000001192092896,0.0,0.7139854956454819,0.7139854956454819,,,,1.0
11,hexane_gsolv_eV,196,1.0000001192092896,0.0,0.7139854956454819,0.7139854956454819,,,,1.0
11,hexane_gsolv_eV,197,1.0000001192092896,0.0,0.7139854956454819,0.7139854956454819,,,,1.0
11,hexane_gsolv_eV,198,1.0000001192092896,0.0,0.7139854956454819,0.7139854956454819,,,,1.0
11,hexane_gsolv_eV,199,1.0000001192092896,0.0,0.7139854956454819,0.7139854956454819,,,,1.0
11,hexane_gsolv_eV,200,1.0000001192092896,0.0,0.7139854956454819,0.7139854956454819,,,,1.0
11,hexane_gsolv_eV,201,1.0000001192092896,0.0,0.7139854956454819,0.7139854956454819,,,,1.0
11,hexane_gsolv_eV,202,1.0000001192092896,0.0,0.7139854956454819,0.7139854956454819,,,,1.0
11,hexane_gsolv_eV,203,1.0000001192092896,0.0,0.7139854956454819,0.7139854956454819,,,,1.0
11,hexane_gsolv_eV,204,1.0000001192092896,0.0,0.7139854956454819,0.7139854956454819,,,,1.0
11,hexane_gsolv_eV,205,1.0000001192092896,0.0,0.7139854956454819,0.7139854956454819,,,,1.0
11,hexane_gsolv_eV,206,1.0000001192092896,0.0,0.7139854956454819,0.7139854956454819,,,,1.0
11,hexane_gsolv_eV,207,1.0000001192092896,0.0,0.7139854956454819,0.7139854956454819,,,,1.0
11,hexane_gsolv_eV,208,1.0000001192092896,0.0,0.7139854956454819,0.7139854956454819,,,,1.0
11,hexane_gsolv_eV,209,1.0000001192092896,0.0,0.7139854956454819,0.7139854956454819,,,,1.0
11,hexane_gsolv_eV,210,1.0000001192092896,0.0,0.7139854956454819,0.7139854956454819,,,,1.0
11,hexane_gsolv_eV,211,1.0000001192092896,0.0,0.7139854956454819,0.7139854956454819,,,,1.0
11,hexane_gsolv_eV,212,1.0000001192092896,0.0,0.7139854956454819,0.7139854956454819,,,,1.0
11,hexane_gsolv_eV,213,1.0000001192092896,0.0,0.7139854956454819,0.7139854956454819,,,,1.0
11,hexane_gsolv_eV,214,1.0000001192092896,0.0,0.7139854956454819,0.7139854956454819,,,,1.0
11,hexane_gsolv_eV,215,1.0000001192092896,0.0,0.7139854956454819,0.7139854956454819,,,,1.0
11,hexane_gsolv_eV,216,1.0000001192092896,0.0,0.7139854956454819,0.7139854956454819,,,,1.0
11,hexane_gsolv_eV,217,1.0000001192092896,0.0,0.7139854956454819,0.7139854956454819,,,,1.0
11,hexane_gsolv_eV,218,1.0000001192092896,0.0,0.7139854956454819,0.7139854956454819,,,,1.0
11,hexane_gsolv_eV,219,1.0000001192092896,0.0,0.7139854956454819,0.7139854956454819,,,,1.0
11,hexane_gsolv_eV,220,1.0000001192092896,0.0,0.7139854956454819,0.7139854956454819,,,,1.0
11,hexane_gsolv_eV,221,1.0000001192092896,0.0,0.7139854956454819,0.7139854956454819,,,,1.0
11,hexane_gsolv_eV,222,1.0000001192092896,0.0,0.7139854956454819,0.7139854956454819,,,,1.0
11,hexane_gsolv_eV,223,1.0000001192092896,0.0,0.7139854956454819,0.7139854956454819,,,,1.0
11,hexane_gsolv_eV,224,1.0000001192092896,0.0,0.7139854956454819,0.7139854956454819,,,,1.0
11,hexane_gsolv_eV,225,1.0000001192092896,0.0,0.7139854956454819,0.7139854956454819,,,,1.0
11,hexane_gsolv_eV,226,1.0000001192092896,0.0,0.7139854956454819,0.7139854956454819,,,,1.0
11,hexane_gsolv_eV,227,1.0000001192092896,0.0,0.7139854956454819,0.7139854956454819,,,,1.0
11,hexane_gsolv_eV,228,1.0000001192092896,0.0,0.7139854956454819,0.7139854956454819,,,,1.0
11,hexane_gsolv_eV,229,1.0000001192092896,0.0,0.7139854956454819,0.7139854956454819,,,,1.0
11,hexane_gsolv_eV,230,1.0000001192092896,0.0,0.7139854956454819,0.7139854956454819,,,,1.0
11,hexane_gsolv_eV,231,1.0000001192092896,0.0,0.7139854956454819,0.7139854956454819,,,,1.0
11,hexane_gsolv_eV,232,1.0000001192092896,0.0,0.7139854956454819,0.7139854956454819,,,,1.0
11,hexane_gsolv_eV,233,1.0000001192092896,0.0,0.7139854956454819,0.7139854956454819,,,,1.0
11,hexane_gsolv_eV,234,1.0000001192092896,0.0,0.7139854956454819,0.7139854956454819,,,,1.0
11,hexane_gsolv_eV,235,1.0000001192092896,0.0,0.7139854956454819,0.7139854956454819,,,,1.0
11,hexane_gsolv_eV,236,1.0000001192092896,0.0,0.7139854956454819,0.7139854956454819,,,,1.0
11,hexane_gsolv_eV,237,1.0000001192092896,0.0,0.7139854956454819,0.7139854956454819,,,,1.0
11,hexane_gsolv_eV,238,1.0000001192092896,0.0,0.7139854956454819,0.7139854956454819,,,,1.0
11,hexane_gsolv_eV,239,1.0000001192092896,0.0,0.7139854956454819,0.7139854956454819,,,,1.0
11,hexane_gsolv_eV,240,1.0000001192092896,0.0,0.7139854956454819,0.7139854956454819,,,,1.0
11,hexane_gsolv_eV,241,1.0000001192092896,0.0,0.7139854956454819,0.7139854956454819,,,,1.0
11,hexane_gsolv_eV,242,1.0000001192092896,0.0,0.7139854956454819,0.7139854956454819,,,,1.0
11,hexane_gsolv_eV,243,1.0000001192092896,0.0,0.7139854956454819,0.7139854956454819,,,,1.0
11,hexane_gsolv_eV,244,1.0000001192092896,0.0,0.7139854956454819,0.7139854956454819,,,,1.0
11,hexane_gsolv_eV,245,1.0000001192092896,0.0,0.7139854956454819,0.7139854956454819,,,,1.0
11,hexane_gsolv_eV,246,1.0000001192092896,0.0,0.7139854956454819,0.7139854956454819,,,,1.0
11,hexane_gsolv_eV,247,1.0000001192092896,0.0,0.7139854956454819,0.7139854956454819,,,,1.0
11,hexane_gsolv_eV,248,1.0000001192092896,0.0,0.7139854956454819,0.7139854956454819,,,,1.0
11,hexane_gsolv_eV,249,1.0000001192092896,0.0,0.7139854956454819,0.7139854956454819,,,,1.0
11,hexane_hl_gap_eV,0,1.0,0.0,0.6950249245684319,0.6950249245684319,,,,1.0
11,hexane_hl_gap_eV,1,1.0,0.0,0.6950249245684319,0.6950249245684319,,,,1.0
11,hexane_hl_gap_eV,2,1.0,0.0,0.6950249245684319,0.6950249245684319,,,,1.0
11,hexane_hl_gap_eV,3,1.0,0.0,0.6950249245684319,0.6950249245684319,,,,1.0
11,hexane_hl_gap_eV,4,1.0,0.0,0.6950249245684319,0.6950249245684319,,,,1.0
11,hexane_hl_gap_eV,5,1.0,0.0,0.6950249245684319,0.6950249245684319,,,,1.0
11,hexane_hl_gap_eV,6,1.0,0.0,0.6950249245684319,0.6950249245684319,,,,1.0
11,hexane_hl_gap_eV,7,1.0,0.0,0.6950249245684319,0.6950249245684319,,,,1.0
11,hexane_hl_gap_eV,8,1.0,0.0,0.6950249245684319,0.6950249245684319,,,,1.0
11,hexane_hl_gap_eV,9,1.0,0.0,0.6950249245684319,0.6950249245684319,,,,1.0
11,hexane_hl_gap_eV,10,1.0,0.0,0.6950249245684319,0.6950249245684319,,,,1.0
11,hexane_hl_gap_eV,11,1.0,0.0,0.6950249245684319,0.6950249245684319,,,,1.0
11,hexane_hl_gap_eV,12,1.0,0.0,0.6950249245684319,0.6950249245684319,,,,1.0
11,hexane_hl_gap_eV,13,1.0,0.0,0.6950249245684319,0.6950249245684319,,,,1.0
11,hexane_hl_gap_eV,14,1.0,0.0,0.6950249245684319,0.6950249245684319,,,,1.0
11,hexane_hl_gap_eV,15,1.0,0.0,0.6950249245684319,0.6950249245684319,,,,1.0
11,hexane_hl_gap_eV,16,1.0,0.0,0.6950249245684319,0.6950249245684319,,,,1.0
11,hexane_hl_gap_eV,17,1.0,0.0,0.6950249245684319,0.6950249245684319,,,,1.0
11,hexane_hl_gap_eV,18,1.0,0.0,0.6950249245684319,0.6950249245684319,,,,1.0
11,hexane_hl_gap_eV,19,1.0,0.0,0.6950249245684319,0.6950249245684319,,,,1.0
11,hexane_hl_gap_eV,20,1.0,0.0,0.6950249245684319,0.6950249245684319,,,,1.0
11,hexane_hl_gap_eV,21,1.0,0.0,0.6950249245684319,0.6950249245684319,,,,1.0
11,hexane_hl_gap_eV,22,1.0,0.0,0.6950249245684319,0.6950249245684319,,,,1.0
11,hexane_hl_gap_eV,23,1.0,0.0,0.6950249245684319,0.6950249245684319,,,,1.0
11,hexane_hl_gap_eV,24,1.0,0.0,0.6950249245684319,0.6950249245684319,,,,1.0
11,hexane_hl_gap_eV,25,1.0,0.0,0.6950249245684319,0.6950249245684319,,,,1.0
11,hexane_hl_gap_eV,26,1.0,0.0,0.6950249245684319,0.6950249245684319,,,,1.0
11,hexane_hl_gap_eV,27,1.0,0.0,0.6950249245684319,0.6950249245684319,,,,1.0
11,hexane_hl_gap_eV,28,1.0,0.0,0.6950249245684319,0.6950249245684319,,,,1.0
11,hexane_hl_gap_eV,29,1.0,0.0,0.6950249245684319,0.6950249245684319,,,,1.0
11,hexane_hl_gap_eV,30,1.0,0.0,0.6950249245684319,0.6950249245684319,,,,1.0
11,hexane_hl_gap_eV,31,1.0,0.0,0.6950249245684319,0.6950249245684319,,,,1.0
11,hexane_hl_gap_eV,32,1.0,0.0,0.6950249245684319,0.6950249245684319,,,,1.0
11,hexane_hl_gap_eV,33,1.0,0.0,0.6950249245684319,0.6950249245684319,,,,1.0
11,hexane_hl_gap_eV,34,1.0,0.0,0.6950249245684319,0.6950249245684319,,,,1.0
11,hexane_hl_gap_eV,35,1.0,0.0,0.6950249245684319,0.6950249245684319,,,,1.0
11,hexane_hl_gap_eV,36,1.0,0.0,0.6950249245684319,0.6950249245684319,,,,1.0
11,hexane_hl_gap_eV,37,1.0,0.0,0.6950249245684319,0.6950249245684319,,,,1.0
11,hexane_hl_gap_eV,38,1.0,0.0,0.6950249245684319,0.6950249245684319,,,,1.0
11,hexane_hl_gap_eV,39,1.0,0.0,0.6950249245684319,0.6950249245684319,,,,1.0
11,hexane_hl_gap_eV,40,1.0,0.0,0.6950249245684319,0.6950249245684319,,,,1.0
11,hexane_hl_gap_eV,41,1.0,0.0,0.6950249245684319,0.6950249245684319,,,,1.0
11,hexane_hl_gap_eV,42,1.0,0.0,0.6950249245684319,0.6950249245684319,,,,1.0
11,hexane_hl_gap_eV,43,1.0,0.0,0.6950249245684319,0.6950249245684319,,,,1.0
11,hexane_hl_gap_eV,44,1.0,0.0,0.6950249245684319,0.6950249245684319,,,,1.0
11,hexane_hl_gap_eV,45,1.0,0.0,0.6950249245684319,0.6950249245684319,,,,1.0
11,hexane_hl_gap_eV,46,1.0,0.0,0.6950249245684319,0.6950249245684319,,,,1.0
11,hexane_hl_gap_eV,47,1.0,0.0,0.6950249245684319,0.6950249245684319,,,,1.0
11,hexane_hl_gap_eV,48,1.0,0.0,0.6950249245684319,0.6950249245684319,,,,1.0
11,hexane_hl_gap_eV,49,1.0,0.0,0.6950249245684319,0.6950249245684319,,,,1.0
11,hexane_hl_gap_eV,50,1.0,0.0,0.6950249245684319,0.6950249245684319,,,,1.0
11,hexane_hl_gap_eV,51,1.0,0.0,0.6950249245684319,0.6950249245684319,,,,1.0
11,hexane_hl_gap_eV,52,1.0,0.0,0.6950249245684319,0.6950249245684319,,,,1.0
11,hexane_hl_gap_eV,53,1.0,0.0,0.6950249245684319,0.6950249245684319,,,,1.0
11,hexane_hl_gap_eV,54,1.0,0.0,0.6950249245684319,0.6950249245684319,,,,1.0
11,hexane_hl_gap_eV,55,1.0,0.0,0.6950249245684319,0.6950249245684319,,,,1.0
11,hexane_hl_gap_eV,56,1.0,0.0,0.6950249245684319,0.6950249245684319,,,,1.0
11,hexane_hl_gap_eV,57,1.0,0.0,0.6950249245684319,0.6950249245684319,,,,1.0
11,hexane_hl_gap_eV,58,1.0,0.0,0.6950249245684319,0.6950249245684319,,,,1.0
11,hexane_hl_gap_eV,59,1.0,0.0,0.6950249245684319,0.6950249245684319,,,,1.0
11,hexane_hl_gap_eV,60,1.0,0.0,0.6950249245684319,0.6950249245684319,,,,1.0
11,hexane_hl_gap_eV,61,1.0,0.0,0.6950249245684319,0.6950249245684319,,,,1.0
11,hexane_hl_gap_eV,62,1.0,0.0,0.6950249245684319,0.6950249245684319,,,,1.0
11,hexane_hl_gap_eV,63,1.0,0.0,0.6950249245684319,0.6950249245684319,,,,1.0
11,hexane_hl_gap_eV,64,1.0,0.0,0.6950249245684319,0.6950249245684319,,,,1.0
11,hexane_hl_gap_eV,65,1.0,0.0,0.6950249245684319,0.6950249245684319,,,,1.0
11,hexane_hl_gap_eV,66,1.0,0.0,0.6950249245684319,0.6950249245684319,,,,1.0
11,hexane_hl_gap_eV,67,1.0,0.0,0.6950249245684319,0.6950249245684319,,,,1.0
11,hexane_hl_gap_eV,68,1.0,0.0,0.6950249245684319,0.6950249245684319,,,,1.0
11,hexane_hl_gap_eV,69,1.0,0.0,0.6950249245684319,0.6950249245684319,,,,1.0
11,hexane_hl_gap_eV,70,1.0,0.0,0.6950249245684319,0.6950249245684319,,,,1.0
11,hexane_hl_gap_eV,71,1.0,0.0,0.6950249245684319,0.6950249245684319,,,,1.0
11,hexane_hl_gap_eV,72,1.0,0.0,0.6950249245684319,0.6950249245684319,,,,1.0
11,hexane_hl_gap_eV,73,1.0,0.0,0.6950249245684319,0.6950249245684319,,,,1.0
11,hexane_hl_gap_eV,74,1.0,0.0,0.6950249245684319,0.6950249245684319,,,,1.0
11,hexane_hl_gap_eV,75,1.0,0.0,0.6950249245684319,0.6950249245684319,,,,1.0
11,hexane_hl_gap_eV,76,1.0,0.0,0.6950249245684319,0.6950249245684319,,,,1.0
11,hexane_hl_gap_eV,77,1.0,0.0,0.6950249245684319,0.6950249245684319,,,,1.0
11,hexane_hl_gap_eV,78,1.0,0.0,0.6950249245684319,0.6950249245684319,,,,1.0
11,hexane_hl_gap_eV,79,1.0,0.0,0.6950249245684319,0.6950249245684319,,,,1.0
11,hexane_hl_gap_eV,80,1.0,0.0,0.6950249245684319,0.6950249245684319,,,,1.0
11,hexane_hl_gap_eV,81,1.0,0.0,0.6950249245684319,0.6950249245684319,,,,1.0
11,hexane_hl_gap_eV,82,1.0,0.0,0.6950249245684319,0.6950249245684319,,,,1.0
11,hexane_hl_gap_eV,83,1.0,0.0,0.6950249245684319,0.6950249245684319,,,,1.0
11,hexane_hl_gap_eV,84,1.0,0.0,0.6950249245684319,0.6950249245684319,,,,1.0
11,hexane_hl_gap_eV,85,1.0,0.0,0.6950249245684319,0.6950249245684319,,,,1.0
11,hexane_hl_gap_eV,86,1.0,0.0,0.6950249245684319,0.6950249245684319,,,,1.0
11,hexane_hl_gap_eV,87,1.0,0.0,0.6950249245684319,0.6950249245684319,,,,1.0
11,hexane_hl_gap_eV,88,1.0,0.0,0.6950249245684319,0.6950249245684319,,,,1.0
11,hexane_hl_gap_eV,89,1.0,0.0,0.6950249245684319,0.6950249245684319,,,,1.0
11,hexane_hl_gap_eV,90,1.0,0.0,0.6950249245684319,0.6950249245684319,,,,1.0
11,hexane_hl_gap_eV,91,1.0,0.0,0.6950249245684319,0.6950249245684319,,,,1.0
11,hexane_hl_gap_eV,92,1.0,0.0,0.6950249245684319,0.6950249245684319,,,,1.0
11,hexane_hl_gap_eV,93,1.0,0.0,0.6950249245684319,0.6950249245684319,,,,1.0
11,hexane_hl_gap_eV,94,1.0,0.0,0.6950249245684319,0.6950249245684319,,,,1.0
11,hexane_hl_gap_eV,95,1.0,0.0,0.6950249245684319,0.6950249245684319,,,,1.0
11,hexane_hl_gap_eV,96,1.0,0.0,0.6950249245684319,0.6950249245684319,,,,1.0
11,hexane_hl_gap_eV,97,1.0,0.0,0.6950249245684319,0.6950249245684319,,,,1.0
11,hexane_hl_gap_eV,98,1.0,0.0,0.6950249245684319,0.6950249245684319,,,,1.0
11,hexane_hl_gap_eV,99,1.0,0.0,0.6950249245684319,0.6950249245684319,,,,1.0
11,hexane_hl_gap_eV,100,1.0,0.0,0.6950249245684319,0.6950249245684319,,,,1.0
11,hexane_hl_gap_eV,101,1.0,0.0,0.6950249245684319,0.6950249245684319,,,,1.0
11,hexane_hl_gap_eV,102,1.0,0.0,0.6950249245684319,0.6950249245684319,,,,1.0
11,hexane_hl_gap_eV,103,1.0,0.0,0.6950249245684319,0.6950249245684319,,,,1.0
11,hexane_hl_gap_eV,104,1.0,0.0,0.6950249245684319,0.6950249245684319,,,,1.0
11,hexane_hl_gap_eV,105,1.0,0.0,0.6950249245684319,0.6950249245684319,,,,1.0
11,hexane_hl_gap_eV,106,1.0,0.0,0.6950249245684319,0.6950249245684319,,,,1.0
11,hexane_hl_gap_eV,107,1.0,0.0,0.6950249245684319,0.6950249245684319,,,,1.0
11,hexane_hl_gap_eV,108,1.0,0.0,0.6950249245684319,0.6950249245684319,,,,1.0
11,hexane_hl_gap_eV,109,1.0,0.0,0.6950249245684319,0.6950249245684319,,,,1.0
11,hexane_hl_gap_eV,110,1.0,0.0,0.6950249245684319,0.6950249245684319,,,,1.0
11,hexane_hl_gap_eV,111,1.0,0.0,0.6950249245684319,0.6950249245684319,,,,1.0
11,hexane_hl_gap_eV,112,1.0,0.0,0.6950249245684319,0.6950249245684319,,,,1.0
11,hexane_hl_gap_eV,113,1.0,0.0,0.6950249245684319,0.6950249245684319,,,,1.0
11,hexane_hl_gap_eV,114,1.0,0.0,0.6950249245684319,0.6950249245684319,,,,1.0
11,hexane_hl_gap_eV,115,1.0,0.0,0.6950249245684319,0.6950249245684319,,,,1.0
11,hexane_hl_gap_eV,116,1.0,0.0,0.6950249245684319,0.6950249245684319,,,,1.0
11,hexane_hl_gap_eV,117,1.0,0.0,0.6950249245684319,0.6950249245684319,,,,1.0
11,hexane_hl_gap_eV,118,1.0,0.0,0.6950249245684319,0.6950249245684319,,,,1.0
11,hexane_hl_gap_eV,119,1.0,0.0,0.6950249245684319,0.6950249245684319,,,,1.0
11,hexane_hl_gap_eV,120,1.0,0.0,0.6950249245684319,0.6950249245684319,,,,1.0
11,hexane_hl_gap_eV,121,1.0,0.0,0.6950249245684319,0.6950249245684319,,,,1.0
11,hexane_hl_gap_eV,122,1.0,0.0,0.6950249245684319,0.6950249245684319,,,,1.0
11,hexane_hl_gap_eV,123,1.0,0.0,0.6950249245684319,0.6950249245684319,,,,1.0
11,hexane_hl_gap_eV,124,1.0,0.0,0.6950249245684319,0.6950249245684319,,,,1.0
11,hexane_hl_gap_eV,125,1.0,0.0,0.6950249245684319,0.6950249245684319,,,,1.0
11,hexane_hl_gap_eV,126,1.0,0.0,0.6950249245684319,0.6950249245684319,,,,1.0
11,hexane_hl_gap_eV,127,1.0,0.0,0.6950249245684319,0.6950249245684319,,,,1.0
11,hexane_hl_gap_eV,128,1.0,0.0,0.6950249245684319,0.6950249245684319,,,,1.0
11,hexane_hl_gap_eV,129,1.0,0.0,0.6950249245684319,0.6950249245684319,,,,1.0
11,hexane_hl_gap_eV,130,1.0,0.0,0.6950249245684319,0.6950249245684319,,,,1.0
11,hexane_hl_gap_eV,131,1.0,0.0,0.6950249245684319,0.6950249245684319,,,,1.0
11,hexane_hl_gap_eV,132,1.0,0.0,0.6950249245684319,0.6950249245684319,,,,1.0
11,hexane_hl_gap_eV,133,1.0,0.0,0.6950249245684319,0.6950249245684319,,,,1.0
11,hexane_hl_gap_eV,134,1.0,0.0,0.6950249245684319,0.6950249245684319,,,,1.0
11,hexane_hl_gap_eV,135,1.0,0.0,0.6950249245684319,0.6950249245684319,,,,1.0
11,hexane_hl_gap_eV,136,1.0,0.0,0.6950249245684319,0.6950249245684319,,,,1.0
11,hexane_hl_gap_eV,137,1.0,0.0,0.6950249245684319,0.6950249245684319,,,,1.0
11,hexane_hl_gap_eV,138,1.0,0.0,0.6950249245684319,0.6950249245684319,,,,1.0
11,hexane_hl_gap_eV,139,1.0,0.0,0.6950249245684319,0.6950249245684319,,,,1.0
11,hexane_hl_gap_eV,140,1.0,0.0,0.6950249245684319,0.6950249245684319,,,,1.0
11,hexane_hl_gap_eV,141,1.0,0.0,0.6950249245684319,0.6950249245684319,,,,1.0
11,hexane_hl_gap_eV,142,1.0,0.0,0.6950249245684319,0.6950249245684319,,,,1.0
11,hexane_hl_gap_eV,143,1.0,0.0,0.6950249245684319,0.6950249245684319,,,,1.0
11,hexane_hl_gap_eV,144,1.0,0.0,0.6950249245684319,0.6950249245684319,,,,1.0
11,hexane_hl_gap_eV,145,1.0,0.0,0.6950249245684319,0.6950249245684319,,,,1.0
11,hexane_hl_gap_eV,146,1.0,0.0,0.6950249245684319,0.6950249245684319,,,,1.0
11,hexane_hl_gap_eV,147,1.0,0.0,0.6950249245684319,0.6950249245684319,,,,1.0
11,hexane_hl_gap_eV,148,1.0,0.0,0.6950249245684319,0.6950249245684319,,,,1.0
11,hexane_hl_gap_eV,149,1.0,0.0,0.6950249245684319,0.6950249245684319,,,,1.0
11,hexane_hl_gap_eV,150,1.0,0.0,0.6950249245684319,0.6950249245684319,,,,1.0
11,hexane_hl_gap_eV,151,1.0,0.0,0.6950249245684319,0.6950249245684319,,,,1.0
11,hexane_hl_gap_eV,152,1.0,0.0,0.6950249245684319,0.6950249245684319,,,,1.0
11,hexane_hl_gap_eV,153,1.0,0.0,0.6950249245684319,0.6950249245684319,,,,1.0
11,hexane_hl_gap_eV,154,1.0,0.0,0.6950249245684319,0.6950249245684319,,,,1.0
11,hexane_hl_gap_eV,155,1.0,0.0,0.6950249245684319,0.6950249245684319,,,,1.0
11,hexane_hl_gap_eV,156,1.0,0.0,0.6950249245684319,0.6950249245684319,,,,1.0
11,hexane_hl_gap_eV,157,1.0,0.0,0.6950249245684319,0.6950249245684319,,,,1.0
11,hexane_hl_gap_eV,158,1.0,0.0,0.6950249245684319,0.6950249245684319,,,,1.0
11,hexane_hl_gap_eV,159,1.0,0.0,0.6950249245684319,0.6950249245684319,,,,1.0
11,hexane_hl_gap_eV,160,1.0,0.0,0.6950249245684319,0.6950249245684319,,,,1.0
11,hexane_hl_gap_eV,161,1.0,0.0,0.6950249245684319,0.6950249245684319,,,,1.0
11,hexane_hl_gap_eV,162,1.0,0.0,0.6950249245684319,0.6950249245684319,,,,1.0
11,hexane_hl_gap_eV,163,1.0,0.0,0.6950249245684319,0.6950249245684319,,,,1.0
11,hexane_hl_gap_eV,164,1.0,0.0,0.6950249245684319,0.6950249245684319,,,,1.0
11,hexane_hl_gap_eV,165,1.0,0.0,0.6950249245684319,0.6950249245684319,,,,1.0
11,hexane_hl_gap_eV,166,1.0,0.0,0.6950249245684319,0.6950249245684319,,,,1.0
11,hexane_hl_gap_eV,167,1.0,0.0,0.6950249245684319,0.6950249245684319,,,,1.0
11,hexane_hl_gap_eV,168,1.0,0.0,0.6950249245684319,0.6950249245684319,,,,1.0
11,hexane_hl_gap_eV,169,1.0,0.0,0.6950249245684319,0.6950249245684319,,,,1.0
11,hexane_hl_gap_eV,170,1.0,0.0,0.6950249245684319,0.6950249245684319,,,,1.0
11,hexane_hl_gap_eV,171,1.0,0.0,0.6950249245684319,0.6950249245684319,,,,1.0
11,hexane_hl_gap_eV,172,1.0,0.0,0.6950249245684319,0.6950249245684319,,,,1.0
11,hexane_hl_gap_eV,173,1.0,0.0,0.6950249245684319,0.6950249245684319,,,,1.0
11,hexane_hl_gap_eV,174,1.0,0.0,0.6950249245684319,0.6950249245684319,,,,1.0
11,hexane_hl_gap_eV,175,1.0,0.0,0.6950249245684319,0.6950249245684319,,,,1.0
11,hexane_hl_gap_eV,176,1.0,0.0,0.6950249245684319,0.6950249245684319,,,,1.0
11,hexane_hl_gap_eV,177,1.0,0.0,0.6950249245684319,0.6950249245684319,,,,1.0
11,hexane_hl_gap_eV,178,1.0,0.0,0.6950249245684319,0.6950249245684319,,,,1.0
11,hexane_hl_gap_eV,179,1.0,0.0,0.6950249245684319,0.6950249245684319,,,,1.0
11,hexane_hl_gap_eV,180,1.0,0.0,0.6950249245684319,0.6950249245684319,,,,1.0
11,hexane_hl_gap_eV,181,1.0,0.0,0.6950249245684319,0.6950249245684319,,,,1.0
11,hexane_hl_gap_eV,182,1.0,0.0,0.6950249245684319,0.6950249245684319,,,,1.0
11,hexane_hl_gap_eV,183,1.0,0.0,0.6950249245684319,0.6950249245684319,,,,1.0
11,hexane_hl_gap_eV,184,1.0,0.0,0.6950249245684319,0.6950249245684319,,,,1.0
11,hexane_hl_gap_eV,185,1.0,0.0,0.6950249245684319,0.6950249245684319,,,,1.0
11,hexane_hl_gap_eV,186,1.0,0.0,0.6950249245684319,0.6950249245684319,,,,1.0
11,hexane_hl_gap_eV,187,1.0,0.0,0.6950249245684319,0.6950249245684319,,,,1.0
11,hexane_hl_gap_eV,188,1.0,0.0,0.6950249245684319,0.6950249245684319,,,,1.0
11,hexane_hl_gap_eV,189,1.0,0.0,0.6950249245684319,0.6950249245684319,,,,1.0
11,hexane_hl_gap_eV,190,1.0,0.0,0.6950249245684319,0.6950249245684319,,,,1.0
11,hexane_hl_gap_eV,191,1.0,0.0,0.6950249245684319,0.6950249245684319,,,,1.0
11,hexane_hl_gap_eV,192,1.0,0.0,0.6950249245684319,0.6950249245684319,,,,1.0
11,hexane_hl_gap_eV,193,1.0,0.0,0.6950249245684319,0.6950249245684319,,,,1.0
11,hexane_hl_gap_eV,194,1.0,0.0,0.6950249245684319,0.6950249245684319,,,,1.0
11,hexane_hl_gap_eV,195,1.0,0.0,0.6950249245684319,0.6950249245684319,,,,1.0
11,hexane_hl_gap_eV,196,1.0,0.0,0.6950249245684319,0.6950249245684319,,,,1.0
11,hexane_hl_gap_eV,197,1.0,0.0,0.6950249245684319,0.6950249245684319,,,,1.0
11,hexane_hl_gap_eV,198,1.0,0.0,0.6950249245684319,0.6950249245684319,,,,1.0
11,hexane_hl_gap_eV,199,1.0,0.0,0.6950249245684319,0.6950249245684319,,,,1.0
11,hexane_hl_gap_eV,200,1.0,0.0,0.6950249245684319,0.6950249245684319,,,,1.0
11,hexane_hl_gap_eV,201,1.0,0.0,0.6950249245684319,0.6950249245684319,,,,1.0
11,hexane_hl_gap_eV,202,1.0,0.0,0.6950249245684319,0.6950249245684319,,,,1.0
11,hexane_hl_gap_eV,203,1.0,0.0,0.6950249245684319,0.6950249245684319,,,,1.0
11,hexane_hl_gap_eV,204,1.0,0.0,0.6950249245684319,0.6950249245684319,,,,1.0
11,hexane_hl_gap_eV,205,1.0,0.0,0.6950249245684319,0.6950249245684319,,,,1.0
11,hexane_hl_gap_eV,206,1.0,0.0,0.6950249245684319,0.6950249245684319,,,,1.0
11,hexane_hl_gap_eV,207,1.0,0.0,0.6950249245684319,0.6950249245684319,,,,1.0
11,hexane_hl_gap_eV,208,1.0,0.0,0.6950249245684319,0.6950249245684319,,,,1.0
11,hexane_hl_gap_eV,209,1.0,0.0,0.6950249245684319,0.6950249245684319,,,,1.0
11,hexane_hl_gap_eV,210,1.0,0.0,0.6950249245684319,0.6950249245684319,,,,1.0
11,hexane_hl_gap_eV,211,1.0,0.0,0.6950249245684319,0.6950249245684319,,,,1.0
11,hexane_hl_gap_eV,212,1.0,0.0,0.6950249245684319,0.6950249245684319,,,,1.0
11,hexane_hl_gap_eV,213,1.0,0.0,0.6950249245684319,0.6950249245684319,,,,1.0
11,hexane_hl_gap_eV,214,1.0,0.0,0.6950249245684319,0.6950249245684319,,,,1.0
11,hexane_hl_gap_eV,215,1.0,0.0,0.6950249245684319,0.6950249245684319,,,,1.0
11,hexane_hl_gap_eV,216,1.0,0.0,0.6950249245684319,0.6950249245684319,,,,1.0
11,hexane_hl_gap_eV,217,1.0,0.0,0.6950249245684319,0.6950249245684319,,,,1.0
11,hexane_hl_gap_eV,218,1.0,0.0,0.6950249245684319,0.6950249245684319,,,,1.0
11,hexane_hl_gap_eV,219,1.0,0.0,0.6950249245684319,0.6950249245684319,,,,1.0
11,hexane_hl_gap_eV,220,1.0,0.0,0.6950249245684319,0.6950249245684319,,,,1.0
11,hexane_hl_gap_eV,221,1.0,0.0,0.6950249245684319,0.6950249245684319,,,,1.0
11,hexane_hl_gap_eV,222,1.0,0.0,0.6950249245684319,0.6950249245684319,,,,1.0
11,hexane_hl_gap_eV,223,1.0,0.0,0.6950249245684319,0.6950249245684319,,,,1.0
11,hexane_hl_gap_eV,224,1.0,0.0,0.6950249245684319,0.6950249245684319,,,,1.0
11,hexane_hl_gap_eV,225,1.0,0.0,0.6950249245684319,0.6950249245684319,,,,1.0
11,hexane_hl_gap_eV,226,1.0,0.0,0.6950249245684319,0.6950249245684319,,,,1.0
11,hexane_hl_gap_eV,227,1.0,0.0,0.6950249245684319,0.6950249245684319,,,,1.0
11,hexane_hl_gap_eV,228,1.0,0.0,0.6950249245684319,0.6950249245684319,,,,1.0
11,hexane_hl_gap_eV,229,1.0,0.0,0.6950249245684319,0.6950249245684319,,,,1.0
11,hexane_hl_gap_eV,230,1.0,0.0,0.6950249245684319,0.6950249245684319,,,,1.0
11,hexane_hl_gap_eV,231,1.0,0.0,0.6950249245684319,0.6950249245684319,,,,1.0
11,hexane_hl_gap_eV,232,1.0,0.0,0.6950249245684319,0.6950249245684319,,,,1.0
11,hexane_hl_gap_eV,233,1.0,0.0,0.6950249245684319,0.6950249245684319,,,,1.0
11,hexane_hl_gap_eV,234,1.0,0.0,0.6950249245684319,0.6950249245684319,,,,1.0
11,hexane_hl_gap_eV,235,1.0,0.0,0.6950249245684319,0.6950249245684319,,,,1.0
11,hexane_hl_gap_eV,236,1.0,0.0,0.6950249245684319,0.6950249245684319,,,,1.0
11,hexane_hl_gap_eV,237,1.0,0.0,0.6950249245684319,0.6950249245684319,,,,1.0
11,hexane_hl_gap_eV,238,1.0,0.0,0.6950249245684319,0.6950249245684319,,,,1.0
11,hexane_hl_gap_eV,239,1.0,0.0,0.6950249245684319,0.6950249245684319,,,,1.0
11,hexane_hl_gap_eV,240,1.0,0.0,0.6950249245684319,0.6950249245684319,,,,1.0
11,hexane_hl_gap_eV,241,1.0,0.0,0.6950249245684319,0.6950249245684319,,,,1.0
11,hexane_hl_gap_eV,242,1.0,0.0,0.6950249245684319,0.6950249245684319,,,,1.0
11,hexane_hl_gap_eV,243,1.0,0.0,0.6950249245684319,0.6950249245684319,,,,1.0
11,hexane_hl_gap_eV,244,1.0,0.0,0.6950249245684319,0.6950249245684319,,,,1.0
11,hexane_hl_gap_eV,245,1.0,0.0,0.6950249245684319,0.6950249245684319,,,,1.0
11,hexane_hl_gap_eV,246,1.0,0.0,0.6950249245684319,0.6950249245684319,,,,1.0
11,hexane_hl_gap_eV,247,1.0,0.0,0.6950249245684319,0.6950249245684319,,,,1.0
11,hexane_hl_gap_eV,248,1.0,0.0,0.6950249245684319,0.6950249245684319,,,,1.0
11,hexane_hl_gap_eV,249,1.0,0.0,0.6950249245684319,0.6950249245684319,,,,1.0
11,hexane_dipole,0,0.9999998807907104,0.0,0.6134246661749985,0.6134246661749985,,,,1.0
11,hexane_dipole,1,0.9999998807907104,0.0,0.6134246661749985,0.6134246661749985,,,,1.0
11,hexane_dipole,2,0.9999998807907104,0.0,0.6134246661749985,0.6134246661749985,,,,1.0
11,hexane_dipole,3,0.9999998807907104,0.0,0.6134246661749985,0.6134246661749985,,,,1.0
11,hexane_dipole,4,0.9999998807907104,0.0,0.6134246661749985,0.6134246661749985,,,,1.0
11,hexane_dipole,5,0.9999998807907104,0.0,0.6134246661749985,0.6134246661749985,,,,1.0
11,hexane_dipole,6,0.9999998807907104,0.0,0.6134246661749985,0.6134246661749985,,,,1.0
11,hexane_dipole,7,0.9999998807907104,0.0,0.6134246661749985,0.6134246661749985,,,,1.0
11,hexane_dipole,8,0.9999998807907104,0.0,0.6134246661749985,0.6134246661749985,,,,1.0
11,hexane_dipole,9,0.9999998807907104,0.0,0.6134246661749985,0.6134246661749985,,,,1.0
11,hexane_dipole,10,0.9999998807907104,0.0,0.6134246661749985,0.6134246661749985,,,,1.0
11,hexane_dipole,11,0.9999998807907104,0.0,0.6134246661749985,0.6134246661749985,,,,1.0
11,hexane_dipole,12,0.9999998807907104,0.0,0.6134246661749985,0.6134246661749985,,,,1.0
11,hexane_dipole,13,0.9999998807907104,0.0,0.6134246661749985,0.6134246661749985,,,,1.0
11,hexane_dipole,14,0.9999998807907104,0.0,0.6134246661749985,0.6134246661749985,,,,1.0
11,hexane_dipole,15,0.9999998807907104,0.0,0.6134246661749985,0.6134246661749985,,,,1.0
11,hexane_dipole,16,0.9999998807907104,0.0,0.6134246661749985,0.6134246661749985,,,,1.0
11,hexane_dipole,17,0.9999998807907104,0.0,0.6134246661749985,0.6134246661749985,,,,1.0
11,hexane_dipole,18,0.9999998807907104,0.0,0.6134246661749985,0.6134246661749985,,,,1.0
11,hexane_dipole,19,0.9999998807907104,0.0,0.6134246661749985,0.6134246661749985,,,,1.0
11,hexane_dipole,20,0.9999998807907104,0.0,0.6134246661749985,0.6134246661749985,,,,1.0
11,hexane_dipole,21,0.9999998807907104,0.0,0.6134246661749985,0.6134246661749985,,,,1.0
11,hexane_dipole,22,0.9999998807907104,0.0,0.6134246661749985,0.6134246661749985,,,,1.0
11,hexane_dipole,23,0.9999998807907104,0.0,0.6134246661749985,0.6134246661749985,,,,1.0
11,hexane_dipole,24,0.9999998807907104,0.0,0.6134246661749985,0.6134246661749985,,,,1.0
11,hexane_dipole,25,0.9999998807907104,0.0,0.6134246661749985,0.6134246661749985,,,,1.0
11,hexane_dipole,26,0.9999998807907104,0.0,0.6134246661749985,0.6134246661749985,,,,1.0
11,hexane_dipole,27,0.9999998807907104,0.0,0.6134246661749985,0.6134246661749985,,,,1.0
11,hexane_dipole,28,0.9999998807907104,0.0,0.6134246661749985,0.6134246661749985,,,,1.0
11,hexane_dipole,29,0.9999998807907104,0.0,0.6134246661749985,0.6134246661749985,,,,1.0
11,hexane_dipole,30,0.9999998807907104,0.0,0.6134246661749985,0.6134246661749985,,,,1.0
11,hexane_dipole,31,0.9999998807907104,0.0,0.6134246661749985,0.6134246661749985,,,,1.0
11,hexane_dipole,32,0.9999998807907104,0.0,0.6134246661749985,0.6134246661749985,,,,1.0
11,hexane_dipole,33,0.9999998807907104,0.0,0.6134246661749985,0.6134246661749985,,,,1.0
11,hexane_dipole,34,0.9999998807907104,0.0,0.6134246661749985,0.6134246661749985,,,,1.0
11,hexane_dipole,35,0.9999998807907104,0.0,0.6134246661749985,0.6134246661749985,,,,1.0
11,hexane_dipole,36,0.9999998807907104,0.0,0.6134246661749985,0.6134246661749985,,,,1.0
11,hexane_dipole,37,0.9999998807907104,0.0,0.6134246661749985,0.6134246661749985,,,,1.0
11,hexane_dipole,38,0.9999998807907104,0.0,0.6134246661749985,0.6134246661749985,,,,1.0
11,hexane_dipole,39,0.9999998807907104,0.0,0.6134246661749985,0.6134246661749985,,,,1.0
11,hexane_dipole,40,0.9999998807907104,0.0,0.6134246661749985,0.6134246661749985,,,,1.0
11,hexane_dipole,41,0.9999998807907104,0.0,0.6134246661749985,0.6134246661749985,,,,1.0
11,hexane_dipole,42,0.9999998807907104,0.0,0.6134246661749985,0.6134246661749985,,,,1.0
11,hexane_dipole,43,0.9999998807907104,0.0,0.6134246661749985,0.6134246661749985,,,,1.0
11,hexane_dipole,44,0.9999998807907104,0.0,0.6134246661749985,0.6134246661749985,,,,1.0
11,hexane_dipole,45,0.9999998807907104,0.0,0.6134246661749985,0.6134246661749985,,,,1.0
11,hexane_dipole,46,0.9999998807907104,0.0,0.6134246661749985,0.6134246661749985,,,,1.0
11,hexane_dipole,47,0.9999998807907104,0.0,0.6134246661749985,0.6134246661749985,,,,1.0
11,hexane_dipole,48,0.9999998807907104,0.0,0.6134246661749985,0.6134246661749985,,,,1.0
11,hexane_dipole,49,0.9999998807907104,0.0,0.6134246661749985,0.6134246661749985,,,,1.0
11,hexane_dipole,50,0.9999998807907104,0.0,0.6134246661749985,0.6134246661749985,,,,1.0
11,hexane_dipole,51,0.9999998807907104,0.0,0.6134246661749985,0.6134246661749985,,,,1.0
11,hexane_dipole,52,0.9999998807907104,0.0,0.6134246661749985,0.6134246661749985,,,,1.0
11,hexane_dipole,53,0.9999998807907104,0.0,0.6134246661749985,0.6134246661749985,,,,1.0
11,hexane_dipole,54,0.9999998807907104,0.0,0.6134246661749985,0.6134246661749985,,,,1.0
11,hexane_dipole,55,0.9999998807907104,0.0,0.6134246661749985,0.6134246661749985,,,,1.0
11,hexane_dipole,56,0.9999998807907104,0.0,0.6134246661749985,0.6134246661749985,,,,1.0
11,hexane_dipole,57,0.9999998807907104,0.0,0.6134246661749985,0.6134246661749985,,,,1.0
11,hexane_dipole,58,0.9999998807907104,0.0,0.6134246661749985,0.6134246661749985,,,,1.0
11,hexane_dipole,59,0.9999998807907104,0.0,0.6134246661749985,0.6134246661749985,,,,1.0
11,hexane_dipole,60,0.9999998807907104,0.0,0.6134246661749985,0.6134246661749985,,,,1.0
11,hexane_dipole,61,0.9999998807907104,0.0,0.6134246661749985,0.6134246661749985,,,,1.0
11,hexane_dipole,62,0.9999998807907104,0.0,0.6134246661749985,0.6134246661749985,,,,1.0
11,hexane_dipole,63,0.9999998807907104,0.0,0.6134246661749985,0.6134246661749985,,,,1.0
11,hexane_dipole,64,0.9999998807907104,0.0,0.6134246661749985,0.6134246661749985,,,,1.0
11,hexane_dipole,65,0.9999998807907104,0.0,0.6134246661749985,0.6134246661749985,,,,1.0
11,hexane_dipole,66,0.9999998807907104,0.0,0.6134246661749985,0.6134246661749985,,,,1.0
11,hexane_dipole,67,0.9999998807907104,0.0,0.6134246661749985,0.6134246661749985,,,,1.0
11,hexane_dipole,68,0.9999998807907104,0.0,0.6134246661749985,0.6134246661749985,,,,1.0
11,hexane_dipole,69,0.9999998807907104,0.0,0.6134246661749985,0.6134246661749985,,,,1.0
11,hexane_dipole,70,0.9999998807907104,0.0,0.6134246661749985,0.6134246661749985,,,,1.0
11,hexane_dipole,71,0.9999998807907104,0.0,0.6134246661749985,0.6134246661749985,,,,1.0
11,hexane_dipole,72,0.9999998807907104,0.0,0.6134246661749985,0.6134246661749985,,,,1.0
11,hexane_dipole,73,0.9999998807907104,0.0,0.6134246661749985,0.6134246661749985,,,,1.0
11,hexane_dipole,74,0.9999998807907104,0.0,0.6134246661749985,0.6134246661749985,,,,1.0
11,hexane_dipole,75,0.9999998807907104,0.0,0.6134246661749985,0.6134246661749985,,,,1.0
11,hexane_dipole,76,0.9999998807907104,0.0,0.6134246661749985,0.6134246661749985,,,,1.0
11,hexane_dipole,77,0.9999998807907104,0.0,0.6134246661749985,0.6134246661749985,,,,1.0
11,hexane_dipole,78,0.9999998807907104,0.0,0.6134246661749985,0.6134246661749985,,,,1.0
11,hexane_dipole,79,0.9999998807907104,0.0,0.6134246661749985,0.6134246661749985,,,,1.0
11,hexane_dipole,80,0.9999998807907104,0.0,0.6134246661749985,0.6134246661749985,,,,1.0
11,hexane_dipole,81,0.9999998807907104,0.0,0.6134246661749985,0.6134246661749985,,,,1.0
11,hexane_dipole,82,0.9999998807907104,0.0,0.6134246661749985,0.6134246661749985,,,,1.0
11,hexane_dipole,83,0.9999998807907104,0.0,0.6134246661749985,0.6134246661749985,,,,1.0
11,hexane_dipole,84,0.9999998807907104,0.0,0.6134246661749985,0.6134246661749985,,,,1.0
11,hexane_dipole,85,0.9999998807907104,0.0,0.6134246661749985,0.6134246661749985,,,,1.0
11,hexane_dipole,86,0.9999998807907104,0.0,0.6134246661749985,0.6134246661749985,,,,1.0
11,hexane_dipole,87,0.9999998807907104,0.0,0.6134246661749985,0.6134246661749985,,,,1.0
11,hexane_dipole,88,0.9999998807907104,0.0,0.6134246661749985,0.6134246661749985,,,,1.0
11,hexane_dipole,89,0.9999998807907104,0.0,0.6134246661749985,0.6134246661749985,,,,1.0
11,hexane_dipole,90,0.9999998807907104,0.0,0.6134246661749985,0.6134246661749985,,,,1.0
11,hexane_dipole,91,0.9999998807907104,0.0,0.6134246661749985,0.6134246661749985,,,,1.0
11,hexane_dipole,92,0.9999998807907104,0.0,0.6134246661749985,0.6134246661749985,,,,1.0
11,hexane_dipole,93,0.9999998807907104,0.0,0.6134246661749985,0.6134246661749985,,,,1.0
11,hexane_dipole,94,0.9999998807907104,0.0,0.6134246661749985,0.6134246661749985,,,,1.0
11,hexane_dipole,95,0.9999998807907104,0.0,0.6134246661749985,0.6134246661749985,,,,1.0
11,hexane_dipole,96,0.9999998807907104,0.0,0.6134246661749985,0.6134246661749985,,,,1.0
11,hexane_dipole,97,0.9999998807907104,0.0,0.6134246661749985,0.6134246661749985,,,,1.0
11,hexane_dipole,98,0.9999998807907104,0.0,0.6134246661749985,0.6134246661749985,,,,1.0
11,hexane_dipole,99,0.9999998807907104,0.0,0.6134246661749985,0.6134246661749985,,,,1.0
11,hexane_dipole,100,0.9999998807907104,0.0,0.6134246661749985,0.6134246661749985,,,,1.0
11,hexane_dipole,101,0.9999998807907104,0.0,0.6134246661749985,0.6134246661749985,,,,1.0
11,hexane_dipole,102,0.9999998807907104,0.0,0.6134246661749985,0.6134246661749985,,,,1.0
11,hexane_dipole,103,0.9999998807907104,0.0,0.6134246661749985,0.6134246661749985,,,,1.0
11,hexane_dipole,104,0.9999998807907104,0.0,0.6134246661749985,0.6134246661749985,,,,1.0
11,hexane_dipole,105,0.9999998807907104,0.0,0.6134246661749985,0.6134246661749985,,,,1.0
11,hexane_dipole,106,0.9999998807907104,0.0,0.6134246661749985,0.6134246661749985,,,,1.0
11,hexane_dipole,107,0.9999998807907104,0.0,0.6134246661749985,0.6134246661749985,,,,1.0
11,hexane_dipole,108,0.9999998807907104,0.0,0.6134246661749985,0.6134246661749985,,,,1.0
11,hexane_dipole,109,0.9999998807907104,0.0,0.6134246661749985,0.6134246661749985,,,,1.0
11,hexane_dipole,110,0.9999998807907104,0.0,0.6134246661749985,0.6134246661749985,,,,1.0
11,hexane_dipole,111,0.9999998807907104,0.0,0.6134246661749985,0.6134246661749985,,,,1.0
11,hexane_dipole,112,0.9999998807907104,0.0,0.6134246661749985,0.6134246661749985,,,,1.0
11,hexane_dipole,113,0.9999998807907104,0.0,0.6134246661749985,0.6134246661749985,,,,1.0
11,hexane_dipole,114,0.9999998807907104,0.0,0.6134246661749985,0.6134246661749985,,,,1.0
11,hexane_dipole,115,0.9999998807907104,0.0,0.6134246661749985,0.6134246661749985,,,,1.0
11,hexane_dipole,116,0.9999998807907104,0.0,0.6134246661749985,0.6134246661749985,,,,1.0
11,hexane_dipole,117,0.9999998807907104,0.0,0.6134246661749985,0.6134246661749985,,,,1.0
11,hexane_dipole,118,0.9999998807907104,0.0,0.6134246661749985,0.6134246661749985,,,,1.0
11,hexane_dipole,119,0.9999998807907104,0.0,0.6134246661749985,0.6134246661749985,,,,1.0
11,hexane_dipole,120,0.9999998807907104,0.0,0.6134246661749985,0.6134246661749985,,,,1.0
11,hexane_dipole,121,0.9999998807907104,0.0,0.6134246661749985,0.6134246661749985,,,,1.0
11,hexane_dipole,122,0.9999998807907104,0.0,0.6134246661749985,0.6134246661749985,,,,1.0
11,hexane_dipole,123,0.9999998807907104,0.0,0.6134246661749985,0.6134246661749985,,,,1.0
11,hexane_dipole,124,0.9999998807907104,0.0,0.6134246661749985,0.6134246661749985,,,,1.0
11,hexane_dipole,125,0.9999998807907104,0.0,0.6134246661749985,0.6134246661749985,,,,1.0
11,hexane_dipole,126,0.9999998807907104,0.0,0.6134246661749985,0.6134246661749985,,,,1.0
11,hexane_dipole,127,0.9999998807907104,0.0,0.6134246661749985,0.6134246661749985,,,,1.0
11,hexane_dipole,128,0.9999998807907104,0.0,0.6134246661749985,0.6134246661749985,,,,1.0
11,hexane_dipole,129,0.9999998807907104,0.0,0.6134246661749985,0.6134246661749985,,,,1.0
11,hexane_dipole,130,0.9999998807907104,0.0,0.6134246661749985,0.6134246661749985,,,,1.0
11,hexane_dipole,131,0.9999998807907104,0.0,0.6134246661749985,0.6134246661749985,,,,1.0
11,hexane_dipole,132,0.9999998807907104,0.0,0.6134246661749985,0.6134246661749985,,,,1.0
11,hexane_dipole,133,0.9999998807907104,0.0,0.6134246661749985,0.6134246661749985,,,,1.0
11,hexane_dipole,134,0.9999998807907104,0.0,0.6134246661749985,0.6134246661749985,,,,1.0
11,hexane_dipole,135,0.9999998807907104,0.0,0.6134246661749985,0.6134246661749985,,,,1.0
11,hexane_dipole,136,0.9999998807907104,0.0,0.6134246661749985,0.6134246661749985,,,,1.0
11,hexane_dipole,137,0.9999998807907104,0.0,0.6134246661749985,0.6134246661749985,,,,1.0
11,hexane_dipole,138,0.9999998807907104,0.0,0.6134246661749985,0.6134246661749985,,,,1.0
11,hexane_dipole,139,0.9999998807907104,0.0,0.6134246661749985,0.6134246661749985,,,,1.0
11,hexane_dipole,140,0.9999998807907104,0.0,0.6134246661749985,0.6134246661749985,,,,1.0
11,hexane_dipole,141,0.9999998807907104,0.0,0.6134246661749985,0.6134246661749985,,,,1.0
11,hexane_dipole,142,0.9999998807907104,0.0,0.6134246661749985,0.6134246661749985,,,,1.0
11,hexane_dipole,143,0.9999998807907104,0.0,0.6134246661749985,0.6134246661749985,,,,1.0
11,hexane_dipole,144,0.9999998807907104,0.0,0.6134246661749985,0.6134246661749985,,,,1.0
11,hexane_dipole,145,0.9999998807907104,0.0,0.6134246661749985,0.6134246661749985,,,,1.0
11,hexane_dipole,146,0.9999998807907104,0.0,0.6134246661749985,0.6134246661749985,,,,1.0
11,hexane_dipole,147,0.9999998807907104,0.0,0.6134246661749985,0.6134246661749985,,,,1.0
11,hexane_dipole,148,0.9999998807907104,0.0,0.6134246661749985,0.6134246661749985,,,,1.0
11,hexane_dipole,149,0.9999998807907104,0.0,0.6134246661749985,0.6134246661749985,,,,1.0
11,hexane_dipole,150,0.9999998807907104,0.0,0.6134246661749985,0.6134246661749985,,,,1.0
11,hexane_dipole,151,0.9999998807907104,0.0,0.6134246661749985,0.6134246661749985,,,,1.0
11,hexane_dipole,152,0.9999998807907104,0.0,0.6134246661749985,0.6134246661749985,,,,1.0
11,hexane_dipole,153,0.9999998807907104,0.0,0.6134246661749985,0.6134246661749985,,,,1.0
11,hexane_dipole,154,0.9999998807907104,0.0,0.6134246661749985,0.6134246661749985,,,,1.0
11,hexane_dipole,155,0.9999998807907104,0.0,0.6134246661749985,0.6134246661749985,,,,1.0
11,hexane_dipole,156,0.9999998807907104,0.0,0.6134246661749985,0.6134246661749985,,,,1.0
11,hexane_dipole,157,0.9999998807907104,0.0,0.6134246661749985,0.6134246661749985,,,,1.0
11,hexane_dipole,158,0.9999998807907104,0.0,0.6134246661749985,0.6134246661749985,,,,1.0
11,hexane_dipole,159,0.9999998807907104,0.0,0.6134246661749985,0.6134246661749985,,,,1.0
11,hexane_dipole,160,0.9999998807907104,0.0,0.6134246661749985,0.6134246661749985,,,,1.0
11,hexane_dipole,161,0.9999998807907104,0.0,0.6134246661749985,0.6134246661749985,,,,1.0
11,hexane_dipole,162,0.9999998807907104,0.0,0.6134246661749985,0.6134246661749985,,,,1.0
11,hexane_dipole,163,0.9999998807907104,0.0,0.6134246661749985,0.6134246661749985,,,,1.0
11,hexane_dipole,164,0.9999998807907104,0.0,0.6134246661749985,0.6134246661749985,,,,1.0
11,hexane_dipole,165,0.9999998807907104,0.0,0.6134246661749985,0.6134246661749985,,,,1.0
11,hexane_dipole,166,0.9999998807907104,0.0,0.6134246661749985,0.6134246661749985,,,,1.0
11,hexane_dipole,167,0.9999998807907104,0.0,0.6134246661749985,0.6134246661749985,,,,1.0
11,hexane_dipole,168,0.9999998807907104,0.0,0.6134246661749985,0.6134246661749985,,,,1.0
11,hexane_dipole,169,0.9999998807907104,0.0,0.6134246661749985,0.6134246661749985,,,,1.0
11,hexane_dipole,170,0.9999998807907104,0.0,0.6134246661749985,0.6134246661749985,,,,1.0
11,hexane_dipole,171,0.9999998807907104,0.0,0.6134246661749985,0.6134246661749985,,,,1.0
11,hexane_dipole,172,0.9999998807907104,0.0,0.6134246661749985,0.6134246661749985,,,,1.0
11,hexane_dipole,173,0.9999998807907104,0.0,0.6134246661749985,0.6134246661749985,,,,1.0
11,hexane_dipole,174,0.9999998807907104,0.0,0.6134246661749985,0.6134246661749985,,,,1.0
11,hexane_dipole,175,0.9999998807907104,0.0,0.6134246661749985,0.6134246661749985,,,,1.0
11,hexane_dipole,176,0.9999998807907104,0.0,0.6134246661749985,0.6134246661749985,,,,1.0
11,hexane_dipole,177,0.9999998807907104,0.0,0.6134246661749985,0.6134246661749985,,,,1.0
11,hexane_dipole,178,0.9999998807907104,0.0,0.6134246661749985,0.6134246661749985,,,,1.0
11,hexane_dipole,179,0.9999998807907104,0.0,0.6134246661749985,0.6134246661749985,,,,1.0
11,hexane_dipole,180,0.9999998807907104,0.0,0.6134246661749985,0.6134246661749985,,,,1.0
11,hexane_dipole,181,0.9999998807907104,0.0,0.6134246661749985,0.6134246661749985,,,,1.0
11,hexane_dipole,182,0.9999998807907104,0.0,0.6134246661749985,0.6134246661749985,,,,1.0
11,hexane_dipole,183,0.9999998807907104,0.0,0.6134246661749985,0.6134246661749985,,,,1.0
11,hexane_dipole,184,0.9999998807907104,0.0,0.6134246661749985,0.6134246661749985,,,,1.0
11,hexane_dipole,185,0.9999998807907104,0.0,0.6134246661749985,0.6134246661749985,,,,1.0
11,hexane_dipole,186,0.9999998807907104,0.0,0.6134246661749985,0.6134246661749985,,,,1.0
11,hexane_dipole,187,0.9999998807907104,0.0,0.6134246661749985,0.6134246661749985,,,,1.0
11,hexane_dipole,188,0.9999998807907104,0.0,0.6134246661749985,0.6134246661749985,,,,1.0
11,hexane_dipole,189,0.9999998807907104,0.0,0.6134246661749985,0.6134246661749985,,,,1.0
11,hexane_dipole,190,0.9999998807907104,0.0,0.6134246661749985,0.6134246661749985,,,,1.0
11,hexane_dipole,191,0.9999998807907104,0.0,0.6134246661749985,0.6134246661749985,,,,1.0
11,hexane_dipole,192,0.9999998807907104,0.0,0.6134246661749985,0.6134246661749985,,,,1.0
11,hexane_dipole,193,0.9999998807907104,0.0,0.6134246661749985,0.6134246661749985,,,,1.0
11,hexane_dipole,194,0.9999998807907104,0.0,0.6134246661749985,0.6134246661749985,,,,1.0
11,hexane_dipole,195,0.9999998807907104,0.0,0.6134246661749985,0.6134246661749985,,,,1.0
11,hexane_dipole,196,0.9999998807907104,0.0,0.6134246661749985,0.6134246661749985,,,,1.0
11,hexane_dipole,197,0.9999998807907104,0.0,0.6134246661749985,0.6134246661749985,,,,1.0
11,hexane_dipole,198,0.9999998807907104,0.0,0.6134246661749985,0.6134246661749985,,,,1.0
11,hexane_dipole,199,0.9999998807907104,0.0,0.6134246661749985,0.6134246661749985,,,,1.0
11,hexane_dipole,200,0.9999998807907104,0.0,0.6134246661749985,0.6134246661749985,,,,1.0
11,hexane_dipole,201,0.9999998807907104,0.0,0.6134246661749985,0.6134246661749985,,,,1.0
11,hexane_dipole,202,0.9999998807907104,0.0,0.6134246661749985,0.6134246661749985,,,,1.0
11,hexane_dipole,203,0.9999998807907104,0.0,0.6134246661749985,0.6134246661749985,,,,1.0
11,hexane_dipole,204,0.9999998807907104,0.0,0.6134246661749985,0.6134246661749985,,,,1.0
11,hexane_dipole,205,0.9999998807907104,0.0,0.6134246661749985,0.6134246661749985,,,,1.0
11,hexane_dipole,206,0.9999998807907104,0.0,0.6134246661749985,0.6134246661749985,,,,1.0
11,hexane_dipole,207,0.9999998807907104,0.0,0.6134246661749985,0.6134246661749985,,,,1.0
11,hexane_dipole,208,0.9999998807907104,0.0,0.6134246661749985,0.6134246661749985,,,,1.0
11,hexane_dipole,209,0.9999998807907104,0.0,0.6134246661749985,0.6134246661749985,,,,1.0
11,hexane_dipole,210,0.9999998807907104,0.0,0.6134246661749985,0.6134246661749985,,,,1.0
11,hexane_dipole,211,0.9999998807907104,0.0,0.6134246661749985,0.6134246661749985,,,,1.0
11,hexane_dipole,212,0.9999998807907104,0.0,0.6134246661749985,0.6134246661749985,,,,1.0
11,hexane_dipole,213,0.9999998807907104,0.0,0.6134246661749985,0.6134246661749985,,,,1.0
11,hexane_dipole,214,0.9999998807907104,0.0,0.6134246661749985,0.6134246661749985,,,,1.0
11,hexane_dipole,215,0.9999998807907104,0.0,0.6134246661749985,0.6134246661749985,,,,1.0
11,hexane_dipole,216,0.9999998807907104,0.0,0.6134246661749985,0.6134246661749985,,,,1.0
11,hexane_dipole,217,0.9999998807907104,0.0,0.6134246661749985,0.6134246661749985,,,,1.0
11,hexane_dipole,218,0.9999998807907104,0.0,0.6134246661749985,0.6134246661749985,,,,1.0
11,hexane_dipole,219,0.9999998807907104,0.0,0.6134246661749985,0.6134246661749985,,,,1.0
11,hexane_dipole,220,0.9999998807907104,0.0,0.6134246661749985,0.6134246661749985,,,,1.0
11,hexane_dipole,221,0.9999998807907104,0.0,0.6134246661749985,0.6134246661749985,,,,1.0
11,hexane_dipole,222,0.9999998807907104,0.0,0.6134246661749985,0.6134246661749985,,,,1.0
11,hexane_dipole,223,0.9999998807907104,0.0,0.6134246661749985,0.6134246661749985,,,,1.0
11,hexane_dipole,224,0.9999998807907104,0.0,0.6134246661749985,0.6134246661749985,,,,1.0
11,hexane_dipole,225,0.9999998807907104,0.0,0.6134246661749985,0.6134246661749985,,,,1.0
11,hexane_dipole,226,0.9999998807907104,0.0,0.6134246661749985,0.6134246661749985,,,,1.0
11,hexane_dipole,227,0.9999998807907104,0.0,0.6134246661749985,0.6134246661749985,,,,1.0
11,hexane_dipole,228,0.9999998807907104,0.0,0.6134246661749985,0.6134246661749985,,,,1.0
11,hexane_dipole,229,0.9999998807907104,0.0,0.6134246661749985,0.6134246661749985,,,,1.0
11,hexane_dipole,230,0.9999998807907104,0.0,0.6134246661749985,0.6134246661749985,,,,1.0
11,hexane_dipole,231,0.9999998807907104,0.0,0.6134246661749985,0.6134246661749985,,,,1.0
11,hexane_dipole,232,0.9999998807907104,0.0,0.6134246661749985,0.6134246661749985,,,,1.0
11,hexane_dipole,233,0.9999998807907104,0.0,0.6134246661749985,0.6134246661749985,,,,1.0
11,hexane_dipole,234,0.9999998807907104,0.0,0.6134246661749985,0.6134246661749985,,,,1.0
11,hexane_dipole,235,0.9999998807907104,0.0,0.6134246661749985,0.6134246661749985,,,,1.0
11,hexane_dipole,236,0.9999998807907104,0.0,0.6134246661749985,0.6134246661749985,,,,1.0
11,hexane_dipole,237,0.9999998807907104,0.0,0.6134246661749985,0.6134246661749985,,,,1.0
11,hexane_dipole,238,0.9999998807907104,0.0,0.6134246661749985,0.6134246661749985,,,,1.0
11,hexane_dipole,239,0.9999998807907104,0.0,0.6134246661749985,0.6134246661749985,,,,1.0
11,hexane_dipole,240,0.9999998807907104,0.0,0.6134246661749985,0.6134246661749985,,,,1.0
11,hexane_dipole,241,0.9999998807907104,0.0,0.6134246661749985,0.6134246661749985,,,,1.0
11,hexane_dipole,242,0.9999998807907104,0.0,0.6134246661749985,0.6134246661749985,,,,1.0
11,hexane_dipole,243,0.9999998807907104,0.0,0.6134246661749985,0.6134246661749985,,,,1.0
11,hexane_dipole,244,0.9999998807907104,0.0,0.6134246661749985,0.6134246661749985,,,,1.0
11,hexane_dipole,245,0.9999998807907104,0.0,0.6134246661749985,0.6134246661749985,,,,1.0
11,hexane_dipole,246,0.9999998807907104,0.0,0.6134246661749985,0.6134246661749985,,,,1.0
11,hexane_dipole,247,0.9999998807907104,0.0,0.6134246661749985,0.6134246661749985,,,,1.0
11,hexane_dipole,248,0.9999998807907104,0.0,0.6134246661749985,0.6134246661749985,,,,1.0
11,hexane_dipole,249,0.9999998807907104,0.0,0.6134246661749985,0.6134246661749985,,,,1.0
12,sco_kcal,0,0.11522486805915833,0.021018289029598236,0.6272000865034273,0.9580386094905615,3.985062599182129,0.18768499791622162,0.047097126643566654,0.02
12,sco_kcal,1,0.14768657088279724,0.02195148542523384,0.673467346094285,0.9348399325820342,5.091052532196045,0.6737409830093384,0.13233825004722896,0.04
12,sco_kcal,2,0.08115580677986145,0.050563033670186996,0.6111159513302149,0.9652696701053043,8.89460277557373,0.12836486101150513,0.014431769945254826,0.04
12,sco_kcal,3,0.1537337750196457,0.01980113796889782,0.6148006908274581,0.9701812397183149,3.6487936973571777,0.01807611621916294,0.004953997873942689,0.1
12,sco_kcal,4,0.9765124917030334,0.005088087171316147,0.7872204477810976,0.9121158799522997,1.991278052330017,4.4875006675720215,2.2535781290418715,0.82
12,sco_kcal,5,0.45269373059272766,0.00159889564383775,0.6572448941421618,0.9685141541895397,0.2406044602394104,0.15193147957324982,0.6314574527091988,0.46
12,sco_kcal,6,0.998366117477417,0.006713519804179668,0.754444888687601,0.9390410245373857,1.549529790878296,19.242473602294922,12.418266312510204,0.82
12,sco_kcal,7,0.35212835669517517,0.061244599521160126,0.6170554853202357,0.9193751726153307,11.68851375579834,2.8402099609375,0.24299154026563494,0.24
12,sco_kcal,8,0.2632788419723511,0.02011534944176674,0.6082637362306864,0.9452885602224448,3.6373367309570312,0.2525714933872223,0.06943857884743253,0.12
12,sco_kcal,9,0.08223479986190796,0.07726484537124634,0.6386868048651508,0.9071694307127218,15.181066513061523,1.9340330362319946,0.12739770519864244,0.04
12,sco_kcal,10,0.7856769561767578,0.00964620802551508,0.6747117523057382,0.9008678957552201,1.9197115898132324,2.0794479846954346,1.0832085380584398,0.7
12,sco_kcal,11,0.7999277114868164,0.013152646832168102,0.6881579008552536,0.9272264627085594,2.6882436275482178,3.050218343734741,1.1346510087393598,0.54
12,sco_kcal,12,0.5695540308952332,0.0034735449589788914,0.691836068729105,0.947613723371306,0.7914710640907288,0.519465446472168,0.6563290435247296,0.46
12,sco_kcal,13,0.2160695493221283,0.016793183982372284,0.640736896572623,0.9582738782999769,3.483574628829956,0.24618728458881378,0.07067088000681122,0.1
12,sco_kcal,14,0.13559551537036896,0.020730894058942795,0.6548997309287155,0.9427774763210439,4.378817558288574,0.26163044571876526,0.059749108574649414,0.04
12,sco_kcal,15,0.17169861495494843,0.013785246759653091,0.6274723874697783,0.961477050536917,2.6228926181793213,0.2070080190896988,0.07892355853797524,0.04
12,sco_kcal,16,0.05168483778834343,0.04346928372979164,0.6271219576140612,0.9636708086121224,8.357123374938965,0.044865939766168594,0.005368586504383904,0.04
12,sco_kcal,17,0.3904740810394287,0.010854310356080532,0.6200078330632961,0.9563104068344215,2.1683051586151123,0.39423868060112,0.18181881781479442,0.26
12,sco_kcal,18,0.1419995129108429,0.016868192702531815,0.6295903001317507,0.9407589699836303,3.3035693168640137,0.323912650346756,0.09804929737458551,0.02
12,sco_kcal,19,0.09122198820114136,0.020979005843400955,0.6173976398132135,0.9531553707494453,3.8621742725372314,0.11347389966249466,0.02938083360695909,0.04
12,sco_kcal,20,0.072614386677742,0.01159548107534647,0.6448923997203839,0.9700562911161639,2.4017605781555176,0.12022873014211655,0.0500585825396671,0.02
12,sco_kcal,21,0.06004595756530762,0.03024371713399887,0.6387256275695474,0.9520060482237775,5.934998512268066,0.042137280106544495,0.0070997962374284886,0.1
12,sco_kcal,22,0.6152833104133606,0.012774343602359295,0.6796845204079858,0.9139993098763584,2.884833335876465,1.7079949378967285,0.5920601778465683,0.44
12,sco_kcal,23,0.5466187000274658,0.01463727280497551,0.6288136416513785,0.9254647767552422,2.830526351928711,1.5076911449432373,0.5326539863922841,0.36
12,sco_kcal,24,0.2729296088218689,0.010966840200126171,0.6610510767218964,0.9293070170370108,2.4189465045928955,0.6256086230278015,0.25862854835356947,0.12
12,sco_kcal,25,0.21571122109889984,0.006336350925266743,0.6406338356504351,0.9620371288849616,1.283645510673523,0.1860148161649704,0.14491135957572063,0.12
12,sco_kcal,26,0.2470455914735794,0.0757642313838005,0.6258379205094178,0.9232205177002102,14.3362398147583,2.026711940765381,0.14136984083364748,0.1
12,sco_kcal,27,0.29013028740882874,0.024464666843414307,0.6617765766582226,0.9266800839906266,5.369377613067627,1.3909754753112793,0.25905711528390507,0.08
12,sco_kcal,28,0.11067824065685272,0.023561064153909683,0.6036368531647194,0.9683779181289984,4.067803382873535,0.10100128501653671,0.02482944122662793,0.1
12,sco_kcal,29,0.8019658923149109,0.0027824249118566513,0.7072469729294681,0.9343982529455102,0.5731154680252075,0.7755677700042725,1.3532487138702745,0.74
12,sco_kcal,30,0.45641711354255676,0.005365769378840923,0.6722187600364466,0.9529705220498341,1.1808544397354126,0.5638082027435303,0.4774578337274657,0.26
12,sco_kcal,31,0.5954702496528625,0.026987116783857346,0.6541310053161429,0.9155412662493825,5.390800476074219,3.4058873653411865,0.6317962203308033,0.4
12,sco_kcal,32,0.6279342174530029,0.011714468710124493,0.6805248800457682,0.9057969925341123,2.766113758087158,1.624338984489441,0.5872278317333973,0.44
12,sco_kcal,33,0.7738579511642456,0.005488497205078602,0.7076951260951714,0.9300607397473346,1.2397475242614746,1.1866761445999146,0.957191784114935,0.52
12,sco_kcal,34,0.10915694385766983,0.0314955934882164,0.6216779690075542,0.9576573245190678,5.799909591674805,0.19491924345493317,0.03360728997133342,0.04
12,sco_kcal,35,0.5996482968330383,0.013873551972210407,0.6515933571541888,0.9009494572024872,2.891995906829834,1.5771912336349487,0.5453642689846833,0.38
12,sco_kcal,36,0.07120060175657272,0.023559661582112312,0.6334395321167965,0.9621265784907733,4.518929958343506,0.06667932122945786,0.014755555373533681,0.02
12,sco_kcal,37,0.037901706993579865,0.039441633969545364,0.6256365384153098,0.9615391816598187,7.524455547332764,0.11160112172365189,0.014831786967392182,0.02
12,sco_kcal,38,0.7910082936286926,0.005153253674507141,0.6732972536375827,0.931920919748779,1.1391441822052002,1.1368070840835571,0.9979483737369235,0.64
12,sco_kcal,39,0.4169090986251831,0.020086323842406273,0.6610035798706289,0.9229672225978007,4.475019454956055,1.150715947151184,0.2571421104944636,0.28
12,sco_kcal,40,0.8488454222679138,0.0078434394672513,0.7240119278237194,0.9431353109800245,1.8127260208129883,1.9407604932785034,1.0706309011927202,0.78
12,sco_kcal,41,0.3122471570968628,0.15358354151248932,0.6719338826828078,0.9791610876977594,33.64491271972656,2.507101058959961,0.07451649763056174,0.22
12,sco_kcal,42,0.0699993371963501,0.03105284832417965,0.6571682883840302,0.9767700764780101,6.572116374969482,0.18885847926139832,0.028736326091346073,0.02
12,sco_kcal,43,0.13160817325115204,0.006724120117723942,0.6564918825392314,0.9725791747074719,1.4612807035446167,0.11350196599960327,0.07767293835077851,0.04
12,sco_kcal,44,0.05856842175126076,0.03139439597725868,0.6312285583758237,0.965246342503215,6.072630405426025,0.030869245529174805,0.0050833400797111695,0.06
12,sco_kcal,45,0.6260146498680115,0.012066865339875221,0.6621933327535576,0.901457856853161,2.5004703998565674,1.6263558864593506,0.6504199715992007,0.24
12,sco_kcal,46,0.7797353863716125,0.02318204753100872,0.6357138669525622,0.9065047551683336,4.825617790222168,4.97750186920166,1.0314745356101855,0.42
12,sco_kcal,47,0.28126296401023865,0.1147371232509613,0.6695216907818433,0.9769668173885464,25.025989532470703,1.4106084108352661,0.05636573966456075,0.18
12,sco_kcal,48,0.5670620799064636,0.007824991829693317,0.6617625015544291,0.9263798954997253,1.5934481620788574,1.000325322151184,0.6277739972702541,0.32
12,sco_kcal,49,0.19778940081596375,0.01197964046150446,0.6350097725573516,0.9741597117328105,2.5807552337646484,0.043163567781448364,0.016725169135270525,0.16
12,sco_kcal,50,0.13724124431610107,0.009516594000160694,0.6248622099554537,0.9557260455187657,1.8831301927566528,0.10833538323640823,0.05752941759051699,0.08
12,sco_kcal,51,0.5587036609649658,0.030543288215994835,0.6335715288796462,0.9024644711168472,5.597700595855713,3.296586275100708,0.588917934900154,0.42
12,sco_kcal,52,0.10576087236404419,0.11559267342090607,0.6309395332273857,0.8880230548078156,22.55784034729004,3.350463628768921,0.14852767717063062,0.04
12,sco_kcal,53,0.09959851950407028,0.020160535350441933,0.6681416220697158,0.9375325771813927,4.4237165451049805,0.38703373074531555,0.08749062621871283,0.04
12,sco_kcal,54,0.3265877664089203,0.015220314264297485,0.6276630827702834,0.9337699038827791,3.0256969928741455,0.6806097626686096,0.22494313352312598,0.22
12,sco_kcal,55,0.29331326484680176,0.008425973355770111,0.6144524585462872,0.9706758391020733,1.6478948593139648,0.27162888646125793,0.16483386966468222,0.26
12,sco_kcal,56,0.1850137710571289,0.007037480361759663,0.6076693608172727,0.9574315867573884,1.2722094058990479,0.06851394474506378,0.053854298221169175,0.12
12,sco_kcal,57,0.5055658221244812,0.019040336832404137,0.6482178910893412,0.9061447612182405,3.9194493293762207,1.6606087684631348,0.42368420380304295,0.18
12,sco_kcal,58,0.9386488795280457,0.021626750007271767,0.6489804477338061,0.9290336123097511,4.030627727508545,9.863279342651367,2.4470826902062135,0.12
12,sco_kcal,59,0.9262190461158752,0.009160952642560005,0.706298497078018,0.9531181567128268,2.064420700073242,4.364930629730225,2.114361006734414,0.58
12,sco_kcal,60,0.22694242000579834,0.02263529971241951,0.6245029012633818,0.9659087808802924,4.240906238555908,0.1620837152004242,0.038219122537266025,0.2
12,sco_kcal,61,0.2289889007806778,0.004375430755317211,0.6652013838329895,0.9558527144305113,0.969552218914032,0.09380917996168137,0.09675515988891695,0.12
12,sco_kcal,62,0.1444275677204132,0.015619877725839615,0.64520491908827,0.9703723943044704,3.195772886276245,0.1446370631456375,0.045258867977370706,0.04
12,sco_kcal,63,0.4440581500530243,0.040556855499744415,0.6112535860746859,0.8969150108268669,7.214506149291992,2.9038522243499756,0.4025018711273744,0.18
12,sco_kcal,64,0.9555229544639587,0.006181373726576567,0.7817804804327606,0.9150303488541021,1.4592396020889282,3.8900794982910156,2.6658264295474816,0.86
12,sco_kcal,65,0.42349180579185486,0.003421167377382517,0.6766247709985871,0.9678517439146448,1.2815593481063843,0.1188645213842392,0.09274991560856849,0.16
12,sco_kcal,66,0.272255539894104,0.024428734555840492,0.6455257622413335,0.9376991306119005,4.913108825683594,0.9564311504364014,0.19466923782282122,0.08
12,sco_kcal,67,0.06591486930847168,0.03206370398402214,0.6611962641462255,0.9624607225754984,6.882910251617432,0.12503190338611603,0.01816555770965261,0.04
12,sco_kcal,68,0.855596125125885,0.007858681492507458,0.6978479617013436,0.9061128491810888,1.8981125354766846,2.1781578063964844,1.1475388132608642,0.76
12,sco_kcal,69,0.267971009016037,0.014884027652442455,0.6116999073974911,0.9414924262064082,2.741360664367676,0.4191972613334656,0.15291576434367418,0.1
12,sco_kcal,70,0.16640280187129974,0.009661111049354076,0.6615203614385512,0.9562608435673701,2.1676011085510254,0.15647904574871063,0.07218996388745716,0.08
12,sco_kcal,71,0.46417027711868286,0.02244841866195202,0.6190338431364812,0.9164827209446875,4.134661674499512,1.8168336153030396,0.4394153036772862,0.24
12,sco_kcal,72,0.22420239448547363,0.01087894942611456,0.6423602320214021,0.9575338444659658,2.2919623851776123,0.06338858604431152,0.02765690504096092,0.08
12,sco_kcal,73,0.5192903876304626,0.022303499281406403,0.6294745201605993,0.8998995220213182,4.280712127685547,1.995186448097229,0.46608750800908605,0.26
12,sco_kcal,74,0.4696737825870514,0.024826213717460632,0.6311557511949752,0.9040861569690655,5.0373215675354,2.1133508682250977,0.4195386059617973,0.2
12,sco_kcal,75,0.10583145171403885,0.05139155313372612,0.6351818972918861,0.9460094054905626,10.2042875289917,0.29919761419296265,0.029320774560977782,0.1
12,sco_kcal,76,0.13919025659561157,0.01439593080431223,0.6511202489200003,0.9678607752919524,2.976583480834961,0.11713259667158127,0.039351356152364465,0.12
12,sco_kcal,77,0.08322872966527939,0.027875518426299095,0.6106624040253574,0.960512699412555,4.9051194190979,0.06401321291923523,0.013050286333499275,0.12
12,sco_kcal,78,0.2600262761116028,0.00873592495918274,0.6238478714964619,0.9509336334749441,1.7481744289398193,0.27467772364616394,0.15712260693158764,0.12
12,sco_kcal,79,0.8920000791549683,0.006194659974426031,0.6987078729379124,0.9085158901343837,1.3939063549041748,2.050156354904175,1.4707992023216756,0.74
12,sco_kcal,80,0.4297683537006378,0.031051689758896828,0.6122176867895324,0.926590086635342,5.56655740737915,1.87435781955719,0.33671759444580596,0.2
12,sco_kcal,81,0.6581714749336243,0.01726681925356388,0.6435686880973253,0.9049963795455103,3.4473061561584473,2.1977059841156006,0.6375140137145939,0.5
12,sco_kcal,82,0.13287407159805298,0.016379574313759804,0.6645266949992654,0.951434898065076,3.5981366634368896,0.1652916520833969,0.045938125075414074,0.08
12,sco_kcal,83,0.07785076647996902,0.020170247182250023,0.6716293427149653,0.9561128184077414,4.568476676940918,0.2344742864370346,0.051324391699431884,0.02
12,sco_kcal,84,0.09083747118711472,0.03911357745528221,0.6192415389663488,0.9670406240845755,6.936228275299072,0.06071414425969124,0.00875319292415782,0.02
12,sco_kcal,85,0.829281210899353,0.019770322367548943,0.6718724739521966,0.9234620948372065,4.025608539581299,5.487211227416992,1.3630762090910393,0.46
12,sco_kcal,86,0.4279497563838959,0.018673289567232132,0.664356231224438,0.9457275928279845,4.075681209564209,1.1969472169876099,0.29368028445865446,0.26
12,sco_kcal,87,0.24353690445423126,0.012463242746889591,0.6225355436031561,0.9699248776547513,2.397890567779541,0.08939789235591888,0.03728188998995972,0.26
12,sco_kcal,88,0.19586889445781708,0.009699631482362747,0.6152775704639126,0.952719979297773,1.8288297653198242,0.13491109013557434,0.07376908047643309,0.12
12,sco_kcal,89,0.4575500190258026,0.010015629231929779,0.6636907266377381,0.9480622597467083,2.3432586193084717,0.4047349691390991,0.17272313256594019,0.28
12,sco_kcal,90,0.7968707084655762,0.009315467439591885,0.6898295188033858,0.9097398316097016,2.0891270637512207,2.267448663711548,1.0853569909913159,0.7
12,sco_kcal,91,0.34733888506889343,0.012816430069506168,0.697115666628559,0.9372004628766923,3.226585626602173,0.9463138580322266,0.2932864543343185,0.12
12,sco_kcal,92,0.34271422028541565,0.03838443011045456,0.6707030008143737,0.9662100157364715,8.483924865722656,0.6860961318016052,0.08087013294679431,0.22
12,sco_kcal,93,0.17736929655075073,0.03626140207052231,0.6650319491531169,0.935314231111577,7.991397380828857,1.574574589729309,0.19703369945119614,0.02
12,sco_kcal,94,0.06754804402589798,0.05199902877211571,0.630294443275315,0.9556294893037574,10.077357292175293,0.3232627213001251,0.032078124445495945,0.02
12,sco_kcal,95,0.29500916600227356,0.013124817982316017,0.620960105139462,0.9420616091443663,2.5341360569000244,0.3590662479400635,0.14169177971418967,0.18
12,sco_kcal,96,0.34817925095558167,0.009907783009111881,0.652556619114276,0.967763179742237,2.216533899307251,0.05385913699865341,0.024298810415435735,0.34
12,sco_kcal,97,0.5677956342697144,0.0037355360109359026,0.6414768536662259,0.9584757431349069,0.9598806500434875,0.23254847526550293,0.24226811453587202,0.4
12,sco_kcal,98,0.1412387490272522,0.022055434063076973,0.6119760110334769,0.9429240923659414,4.025984764099121,0.323473185300827,0.08034635108044413,0.08
12,sco_kcal,99,0.14049400389194489,0.01407909020781517,0.6439876453215205,0.9440987486183023,2.941681146621704,0.34175994992256165,0.11617844793105699,0.02
12,sco_kcal,100,0.41104578971862793,0.032837677747011185,0.6168707260041644,0.9297877830568462,5.865144729614258,2.4286696910858154,0.414085210689344,0.24
12,sco_kcal,101,0.29612913727760315,0.03311651200056076,0.6180256077141366,0.936430224935578,5.9846978187561035,1.6132439374923706,0.26956146932539315,0.1
12,sco_kcal,102,0.09846396744251251,0.018773278221488,0.6619521642346207,0.95944281653747,4.065238952636719,0.27659541368484497,0.06803915265680628,0.02
12,sco_kcal,103,0.49375542998313904,0.017960991710424423,0.6768388130377552,0.9296166551837466,4.150082111358643,2.0756945610046387,0.5001574680470848,0.38
12,sco_kcal,104,0.05326215550303459,0.060407884418964386,0.6092186953826477,0.9609910154929324,10.866446495056152,0.10914547741413116,0.010044265847514042,0.08
12,sco_kcal,105,0.39164021611213684,0.008514446206390858,0.6211973225875809,0.9344046341333576,1.6048744916915894,0.5437607765197754,0.3388182560909383,0.28
12,sco_kcal,106,0.7909080982208252,0.012859423644840717,0.6668282680923836,0.9014499563733167,2.5400390625,2.644740581512451,1.0412204365508457,0.54
12,sco_kcal,107,0.1356910765171051,0.01688597910106182,0.6448723711015802,0.9554948378668666,3.4341421127319336,0.19828490912914276,0.05773928469471604,0.02
12,sco_kcal,108,0.8655142188072205,0.017033997923135757,0.69061764757923,0.9089376842671617,4.189548492431641,4.18560266494751,0.9990581735737731,0.88
12,sco_kcal,109,0.6095757484436035,0.010081558488309383,0.6636455238668857,0.909389180170938,2.1787307262420654,1.256934404373169,0.5769113131943404,0.3
12,sco_kcal,110,0.2992376387119293,0.025325089693069458,0.6200770720804636,0.9377677174244528,4.731546401977539,0.6448392868041992,0.13628510259028426,0.22
12,sco_kcal,111,0.6531530618667603,0.02093256637454033,0.6605835679121725,0.8917933488629615,4.352692127227783,3.44963002204895,0.7925279163371496,0.54
12,sco_kcal,112,0.22999787330627441,0.02364031784236431,0.6136914847306132,0.9283098129344638,4.258140563964844,0.3302513360977173,0.07755764074406538,0.16
12,sco_kcal,113,0.22108155488967896,0.011126924306154251,0.6558021209696465,0.9536853724839831,2.442143201828003,0.2790992259979248,0.11428454555368102,0.02
12,sco_kcal,114,0.9814357757568359,0.011770632117986679,0.7003912729317259,0.9248332128133845,2.185227155685425,10.268413543701172,4.699014249839098,0.76
12,sco_kcal,115,0.20631946623325348,0.01933215744793415,0.6346763644161579,0.9333285834790133,3.841297149658203,0.3019060492515564,0.0785948177111005,0.18
12,sco_kcal,116,0.3740544319152832,0.014848191291093826,0.6660804140721792,0.9460954690275856,3.409946918487549,0.6225526332855225,0.18256959658528937,0.14
12,sco_kcal,117,0.14311513304710388,0.024313732981681824,0.6341495835872482,0.9613235609584192,4.724128723144531,0.024025270715355873,0.005085651158837154,0.16
12,sco_kcal,118,0.6119746565818787,0.016436481848359108,0.6245841847468743,0.9339993173296779,3.1276283264160156,1.4577192068099976,0.4660781444195495,0.48
12,sco_kcal,119,0.7178513407707214,0.012407641857862473,0.6608875918185197,0.8830953490648177,2.466702938079834,2.211688280105591,0.896617199405148,0.54
12,sco_kcal,120,0.616066038608551,0.009069480933248997,0.6502995914286627,0.9400225077818776,1.8432490825653076,1.193881630897522,0.6477049912516215,0.4
12,sco_kcal,121,0.637963593006134,0.013403147459030151,0.6317429585062855,0.9109150385293396,2.513875722885132,1.9049932956695557,0.7577913571173788,0.5
12,sco_kcal,122,0.3063283860683441,0.005435961298644543,0.6476922143193038,0.9675582357922341,1.3137781620025635,0.03544700890779495,0.026980969796121322,0.32
12,sco_kcal,123,0.306877076625824,0.009925718419253826,0.6359662526048577,0.9368177018444932,1.9646351337432861,0.5647188425064087,0.28744209691009176,0.14
12,sco_kcal,124,0.3023964464664459,0.011282255873084068,0.6249046363484945,0.9411079484458502,2.253849744796753,0.45855847001075745,0.2034556522986448,0.12
12,sco_kcal,125,0.5340352654457092,0.029059335589408875,0.6373904310231053,0.9270195019352694,5.5079851150512695,2.6522254943847656,0.4815237221932976,0.36
12,sco_kcal,126,0.7861477732658386,0.010179352946579456,0.698754080308331,0.9170661645800646,2.421367645263672,2.3189663887023926,0.9577093314344141,0.58
12,sco_kcal,127,0.15287184715270996,0.023585401475429535,0.611241490308718,0.9539185055846044,4.210000991821289,0.07179883122444153,0.017054350192297847,0.14
12,sco_kcal,128,0.3403662145137787,0.0028969168197363615,0.6094791141519302,0.9790598639733317,0.5235996246337891,0.19339004158973694,0.36934717385444255,0.28
12,sco_kcal,129,0.15684698522090912,0.020756302401423454,0.6390152360818744,0.9582611563603656,4.13387393951416,0.022731216624379158,0.0054987686990403675,0.16
12,sco_kcal,130,0.15759363770484924,0.04547562450170517,0.6022368761644656,0.9376800633630067,7.9147210121154785,0.8593717217445374,0.10857890258280134,0.1
12,sco_kcal,131,0.15720917284488678,0.0139168044552207,0.6265262536307721,0.9494543356247649,2.6822710037231445,0.07081467658281326,0.026401014843212514,0.1
12,sco_kcal,132,0.17641311883926392,0.025797931477427483,0.6377423427602782,0.9360369322970028,5.168588161468506,0.4421934187412262,0.08555400525771231,0.04
12,sco_kcal,133,0.48128899931907654,0.02013527788221836,0.6618080106524822,0.9011969029661813,4.380762100219727,2.1376852989196777,0.4879710995519381,0.22
12,sco_kcal,134,0.11878547817468643,0.026064429432153702,0.6192225186542413,0.9532401812488958,4.754986763000488,0.36808186769485474,0.07740965139145582,0.02
12,sco_kcal,135,0.26048871874809265,0.005711488891392946,0.6783404292728139,0.9617612687447692,1.3978383541107178,0.2687648832798004,0.19227179057537327,0.1
12,sco_kcal,136,0.5234764218330383,0.1242600828409195,0.6818857618020702,0.9823416668943956,27.994918823242188,1.628078818321228,0.05815622572798997,0.46
12,sco_kcal,137,0.9924027323722839,0.009907351806759834,0.7421503775273237,0.9345298367806505,2.2313430309295654,16.21212387084961,7.265634932023754,0.68
12,sco_kcal,138,0.24135006964206696,0.013086295686662197,0.6072391224856557,0.9224849291148907,2.3671727180480957,0.48999789357185364,0.2069971024234734,0.18
12,sco_kcal,139,0.2297547161579132,0.02942690998315811,0.6176348317204181,0.9476599208960257,5.3478851318359375,0.5664408206939697,0.10591865882121325,0.1
12,sco_kcal,140,0.15985095500946045,0.013597527518868446,0.6598722749911614,0.9611998789245559,2.981065273284912,0.08120086789131165,0.02723887618932756,0.14
12,sco_kcal,141,0.6490158438682556,0.018802376464009285,0.6602220326792885,0.9170034051455465,3.6800296306610107,2.6464931964874268,0.7191499694561049,0.54
12,sco_kcal,142,0.9139128923416138,0.008316710591316223,0.747708573923269,0.9019387969279025,1.8991503715515137,3.614825487136841,1.9033908748277282,0.86
12,sco_kcal,143,0.3969705104827881,0.008921308442950249,0.6636349081946484,0.9530378208317156,2.015990734100342,0.6314486861228943,0.31322003392276765,0.22
12,sco_kcal,144,0.15479297935962677,0.03530322015285492,0.6294249014199695,0.9448497528350221,6.730146884918213,0.38170942664146423,0.05671635896934854,0.22
12,sco_kcal,145,0.04924411326646805,0.05209062248468399,0.6337162474965019,0.9615055987405998,10.166495323181152,0.039226386696100235,0.0038583981449987117,0.04
12,sco_kcal,146,0.6435403823852539,0.02305270917713642,0.6292880791712534,0.920132291334917,4.047793388366699,3.0857863426208496,0.7623379077324836,0.44
12,sco_kcal,147,0.6245259046554565,0.022687317803502083,0.6414830509952572,0.9116208100566991,4.223987579345703,2.8862993717193604,0.683311519624887,0.38
12,sco_kcal,148,0.5369099974632263,0.02355322428047657,0.6317265326152768,0.8862048984967286,4.665339469909668,2.6438686847686768,0.5667044599478778,0.28
12,sco_kcal,149,0.33194708824157715,0.023199841380119324,0.6986352297369447,0.9565548954304364,5.41232967376709,0.9220216274261475,0.17035577708709712,0.3
12,sco_kcal,150,0.6676619052886963,0.007364093791693449,0.6887112218458482,0.936183952158699,1.6188545227050781,1.327160120010376,0.8198143201853086,0.42
12,sco_kcal,151,0.44320040941238403,0.027294976636767387,0.6292265466472458,0.9124219184509379,5.198083400726318,1.9088127613067627,0.36721472399616517,0.18
12,sco_kcal,152,0.36071619391441345,0.0382169671356678,0.6766069444250069,0.9619887329279468,8.606901168823242,0.953397810459137,0.11077132079924742,0.28
12,sco_kcal,153,0.1690620332956314,0.004174457862973213,0.6631190395760596,0.956910702627402,0.8889778852462769,0.15920402109622955,0.17908659342197772,0.06
12,sco_kcal,154,0.3544407784938812,0.007950885221362114,0.6551562037901177,0.9344381705960596,1.7883458137512207,0.4363136291503906,0.24397609556016597,0.12
12,sco_kcal,155,0.0773073360323906,0.03130483254790306,0.6140899615878217,0.9493906511824965,5.659595489501953,0.1253882646560669,0.022154987028428268,0.1
12,sco_kcal,156,0.5517564415931702,0.013646223582327366,0.6296748257025122,0.9151848097640989,2.6735122203826904,1.2397735118865967,0.46372464746360265,0.32
12,sco_kcal,157,0.2270481139421463,0.0113707035779953,0.7022361983510967,0.9633076101771798,3.026263952255249,0.1271245926618576,0.04200710667260902,0.22
12,sco_kcal,158,0.2192179411649704,0.012055056169629097,0.6644361588474124,0.9613721185755955,2.6809022426605225,0.32443052530288696,0.12101542538191273,0.26
12,sco_kcal,159,0.4652166962623596,0.11953698843717575,0.6769304713124182,0.9854031250893323,26.43697166442871,1.3503849506378174,0.05107941135537766,0.44
12,sco_kcal,160,0.11062329262495041,0.023245790973305702,0.632121365568314,0.9524695598272523,4.525394439697266,0.07752467691898346,0.01713103199114056,0.04
12,sco_kcal,161,0.46693405508995056,0.021339282393455505,0.6368105135947573,0.9118597429569171,4.293492794036865,1.7287675142288208,0.40264828594329233,0.18
12,sco_kcal,162,0.08679769933223724,0.014686597511172295,0.6473032526609626,0.978517755224761,3.11385178565979,0.1150222048163414,0.036938882366223315,0.04
12,sco_kcal,163,0.0946267619729042,0.008862766437232494,0.6611471484663887,0.9761179428768063,1.9261269569396973,0.19043195247650146,0.09886780920145934,0.02
12,sco_kcal,164,0.11133033782243729,0.034244559705257416,0.6696636091876482,0.9546553238181041,7.615483283996582,0.17252804338932037,0.02265490408886804,0.16
12,sco_kcal,165,0.5164883732795715,0.019195465371012688,0.662249189936398,0.9349602430712138,4.1759843826293945,2.0943801403045654,0.501529686992231,0.26
12,sco_kcal,166,0.6799802780151367,0.022515296936035156,0.6479074498542889,0.9152117035243785,4.271492004394531,3.3818202018737793,0.7917187246036155,0.48
12,sco_kcal,167,0.38556021451950073,0.0323188379406929,0.6501361423612435,0.9364783843690923,6.58710241317749,1.6789582967758179,0.254885713241237,0.26
12,sco_kcal,168,0.9283528923988342,0.003916815854609013,0.7177706918066471,0.9136045598448683,0.7479968070983887,1.5960018634796143,2.1337014387411446,0.88
12,sco_kcal,169,0.1289898306131363,0.005634498782455921,0.6604766856303685,0.9619370850610178,1.2167658805847168,0.10539879649877548,0.08662208414993203,0.08
12,sco_kcal,170,0.5526731014251709,0.01579846441745758,0.6570561477545174,0.8985097545438319,3.3569436073303223,1.6422698497772217,0.4892157992142353,0.36
12,sco_kcal,171,0.23128430545330048,0.015316416509449482,0.6557136058604107,0.9636761365300739,3.3335328102111816,0.16344785690307617,0.04903142288037706,0.12
12,sco_kcal,172,0.3291948437690735,0.014045986346900463,0.6273757425658415,0.9291459790357317,2.7667171955108643,0.5959789156913757,0.21541013178303192,0.26
12,sco_kcal,173,0.8505889773368835,0.01620810478925705,0.7229454630135486,0.9384154330108592,3.720822334289551,4.583876609802246,1.2319525626255106,0.9
12,sco_kcal,174,0.2617652118206024,0.016631150618195534,0.6416052788545623,0.9591422258321058,3.420246124267578,0.1794295459985733,0.0524610041147249,0.22
12,sco_kcal,175,0.07593776285648346,0.05288331210613251,0.6134264580822324,0.948346775974553,9.444396018981934,0.26484784483909607,0.02804285676996056,0.16
12,sco_kcal,176,0.19924308359622955,0.011293203569948673,0.6352555359759975,0.9479202913393896,2.292787551879883,0.14341342449188232,0.06254980945543603,0.1
12,sco_kcal,177,0.2665550708770752,0.009211760945618153,0.6560317560502764,0.9593378195182836,2.03224515914917,0.3042624294757843,0.14971738429588305,0.1
12,sco_kcal,178,0.23298616707324982,0.02353650890290737,0.667620402152439,0.972479077770154,5.14970064163208,0.34019529819488525,0.0660611794488831,0.16
12,sco_kcal,179,0.22559945285320282,0.015827832743525505,0.6132326974139111,0.9555106572413667,2.920006036758423,0.09415187686681747,0.03224372678740692,0.12
12,sco_kcal,180,0.5552674531936646,0.013630115427076817,0.6689620796597153,0.9101095472973941,3.120645761489868,1.5071849822998047,0.48297214663039484,0.3
12,sco_kcal,181,0.772831380367279,0.008825285360217094,0.6734459651919218,0.9172170895659797,1.726671576499939,1.8507728576660156,1.0718731244870765,0.66
12,sco_kcal,182,0.6787451505661011,0.060436446219682693,0.7038239106148196,0.9811815168636884,15.103384971618652,0.7818816900253296,0.05176863938081386,0.62
12,sco_kcal,183,0.3317026197910309,0.040344271808862686,0.6716087726560844,0.9773872655482698,8.926995277404785,0.6758358478546143,0.07570697943183971,0.24
12,sco_kcal,184,0.8836477994918823,0.005178260616958141,0.7355039660644966,0.9387677181777476,1.1227482557296753,1.751098871231079,1.5596540562808874,0.68
12,sco_kcal,185,0.4591872990131378,0.018457943573594093,0.6222867515219026,0.9168832897649759,3.5346906185150146,1.2935645580291748,0.3659625969111333,0.22
12,sco_kcal,186,0.15891003608703613,0.021227799355983734,0.6337844064608096,0.9458128112860549,4.101657867431641,0.3832181692123413,0.09343006696272874,0.08
12,sco_kcal,187,0.27636128664016724,0.012702380307018757,0.6225810676493257,0.9373378061762401,2.460780382156372,0.5004172921180725,0.2033571527742589,0.08
12,sco_kcal,188,0.14206281304359436,0.012486467137932777,0.6684741421631437,0.9542005579313575,2.874619960784912,0.1084497720003128,0.03772664681932449,0.06
12,sco_kcal,189,0.12070133537054062,0.03856546804308891,0.6573762504752363,0.9453254402705455,7.994320869445801,0.5086280703544617,0.06362367468866957,0.2
12,sco_kcal,190,0.1207953542470932,0.01756269484758377,0.6449434034659116,0.9660696554379462,3.5567755699157715,0.1382436901330948,0.03886770121297492,0.04
12,sco_kcal,191,0.2786795496940613,0.020064307376742363,0.6691820138351596,0.9744230053976781,4.420125961303711,0.29691243171691895,0.0671728440131025,0.22
12,sco_kcal,192,0.5331072807312012,0.032254789024591446,0.6324808846264705,0.883981350875082,6.214019775390625,2.9676239490509033,0.47756911891455206,0.32
12,sco_kcal,193,0.5964300632476807,0.016254549846053123,0.68908084687611,0.9636881415850251,3.5389339923858643,1.6441389322280884,0.4645859277865902,0.52
12,sco_kcal,194,0.526299774646759,0.027705950662493706,0.652867149736811,0.9179699684542655,5.85257625579834,2.3407106399536133,0.39994534674103466,0.32
12,sco_kcal,195,0.16548509895801544,0.05726126581430435,0.6392293107106408,0.9608395747650618,11.45974349975586,0.14234182238578796,0.012421030399923039,0.18
12,sco_kcal,196,0.09602228552103043,0.02816661261022091,0.6181413414746579,0.9671335872021087,5.08018684387207,0.14687979221343994,0.028912281521812997,0.06
12,sco_kcal,197,0.16354861855506897,0.014171339571475983,0.6665487538553707,0.9552188196378126,3.115849494934082,0.2227480262517929,0.07148869886493195,0.12
12,sco_kcal,198,0.6094505786895752,0.010607732459902763,0.6221256083452424,0.9045531160214522,1.9460017681121826,1.2049247026443481,0.6191796546070183,0.4
12,sco_kcal,199,0.956965446472168,0.009271805174648762,0.7249291512068512,0.9374954211204338,1.8721736669540405,5.166881084442139,2.759830017718639,0.8
12,sco_kcal,200,0.5314372777938843,0.004125401843339205,0.6586900689884516,0.9594369437952333,0.8719612956047058,0.3894108831882477,0.44659193607692294,0.42
12,sco_kcal,201,0.7563098669052124,0.015171782113611698,0.6776948071000464,0.9035835147591849,3.0979208946228027,3.2889490127563477,1.0616633299013931,0.66
12,sco_kcal,202,0.387574166059494,0.019289616495370865,0.6289369396927897,0.926663405538231,3.7289555072784424,0.9373646378517151,0.25137458358569836,0.14
12,sco_kcal,203,0.43135547637939453,0.03434785455465317,0.6308908195842555,0.9016274788441987,6.503653049468994,2.82250714302063,0.4339879636185513,0.16
12,sco_kcal,204,0.08648233115673065,0.024716606363654137,0.660763168771946,0.9639702763432669,5.312654495239258,0.06227235496044159,0.01172151417266918,0.04
12,sco_kcal,205,0.10283886641263962,0.008310317993164062,0.6681701115766645,0.9594782636375576,1.9210281372070312,0.1642688810825348,0.08551091881525698,0.02
12,sco_kcal,206,0.9873483180999756,0.004445341881364584,0.8150064081924258,0.9333475966168896,1.036371111869812,5.692146301269531,5.492382251952015,0.9
12,sco_kcal,207,0.1543015092611313,0.014671462588012218,0.6433952372286367,0.9360045382924824,3.008378744125366,0.12458520382642746,0.041412739027528414,0.08
12,sco_kcal,208,0.13116012513637543,0.016787735745310783,0.6196610316339104,0.9551611103660085,3.094931125640869,0.11812657862901688,0.03816775683644861,0.12
12,sco_kcal,209,0.2076590359210968,0.017399974167346954,0.6387505491848762,0.9589218929256458,3.50616455078125,0.09482415020465851,0.02704498001485116,0.16
12,sco_kcal,210,0.7695065140724182,0.012748343870043755,0.6812504580125016,0.8973751622401864,2.76053786277771,2.5116236209869385,0.9098312523993752,0.62
12,sco_kcal,211,0.09600623697042465,0.02941206842660904,0.6400509818647442,0.9554613111911308,5.91372013092041,0.19724328815937042,0.033353504019925866,0.04
12,sco_kcal,212,0.8910287022590637,0.018816301599144936,0.6911560039740199,0.9221433675272708,3.759470224380493,6.482431888580322,1.7242939833759514,0.68
12,sco_kcal,213,0.35835960507392883,0.037013884633779526,0.6070690064692708,0.9179130050926987,6.5145583152771,2.3918206691741943,0.3671500896024226,0.2
12,sco_kcal,214,0.5969386696815491,0.017206208780407906,0.6349182331469865,0.9318603433513459,3.1379027366638184,1.959009051322937,0.6243052177601058,0.54
12,sco_kcal,215,0.20818762481212616,0.014089751057326794,0.6448504369322012,0.9525952753521634,2.8751392364501953,0.48230797052383423,0.16775116989440766,0.02
12,sco_kcal,216,0.7077671885490417,0.018064584583044052,0.7013336999623963,0.9752173449612,4.181386470794678,1.7815284729003906,0.426061662882314,0.7
12,sco_kcal,217,0.05793498456478119,0.03679267689585686,0.6278172855077628,0.9655742682012434,6.901471138000488,0.09980309009552002,0.014461132720818018,0.06
12,sco_kcal,218,0.5233782529830933,0.011443561874330044,0.6806302192293332,0.9509899282790244,2.5774128437042236,1.342341423034668,0.520809627496646,0.36
12,sco_kcal,219,0.2046341598033905,0.00812394730746746,0.6392717738932419,0.9621968918250925,1.6375349760055542,0.25617578625679016,0.1564398867874449,0.06
12,sco_kcal,220,0.16330468654632568,0.020261185243725777,0.6076298130102289,0.9460192153579932,3.575275421142578,0.22240380942821503,0.06220606337431194,0.04
12,sco_kcal,221,0.06581106036901474,0.008612936362624168,0.669030300806515,0.957543196322544,1.9668697118759155,0.11176295578479767,0.056822755015228224,0.02
12,sco_kcal,222,0.09491390734910965,0.04465091973543167,0.6231288038713731,0.9513314077398809,8.234583854675293,0.05002019926905632,0.0060744052342920395,0.04
12,sco_kcal,223,0.2859620451927185,0.015322159044444561,0.6140615539633583,0.9397333986225427,2.801715850830078,0.6009071469306946,0.21447826222372296,0.18
12,sco_kcal,224,0.24341629445552826,0.006962856277823448,0.6266018618418963,0.957305461539113,1.351423740386963,0.17597362399101257,0.13021350649103203,0.08
12,sco_kcal,225,0.18694767355918884,0.012880229391157627,0.6558146500982729,0.9580285372351998,2.805354356765747,0.06397635489702225,0.022805088684332796,0.18
12,sco_kcal,226,0.26620906591415405,0.016978653147816658,0.6593560853996503,0.9232628769493549,3.7359778881073,0.7736982703208923,0.20709391048158987,0.06
12,sco_kcal,227,0.060645103454589844,0.01967606134712696,0.6080634411740986,0.9660865636320835,3.2550556659698486,0.04371900111436844,0.013431107053384999,0.08
12,sco_kcal,228,0.09598296135663986,0.024672452360391617,0.62211692189229,0.9438283926815736,4.722868919372559,0.05297347530722618,0.011216376361820306,0.06
12,sco_kcal,229,0.8919666409492493,0.0067003690637648106,0.707064548727425,0.9029825202312798,1.2552731037139893,2.267763376235962,1.8065896333844065,0.78
12,sco_kcal,230,0.7962626218795776,0.01135176420211792,0.6818987138003465,0.905009797160266,2.386162281036377,2.6170334815979004,1.096754190775847,0.68
12,sco_kcal,231,0.07401870936155319,0.025517957285046577,0.6391977195516714,0.9649637991542799,5.036797523498535,0.09685149043798447,0.019228783763122544,0.02
12,sco_kcal,232,0.08419230580329895,0.06289029121398926,0.6288296684125725,0.9577346313907888,12.12920093536377,0.043668732047080994,0.0036002975199925084,0.16
12,sco_kcal,233,0.12681181728839874,0.0711158961057663,0.6261932652829432,0.9271559946840946,13.834386825561523,1.4525614976882935,0.10499644949962106,0.0
12,sco_kcal,234,0.10304834693670273,0.014584483578801155,0.6543967360541152,0.9680817149638592,3.1297805309295654,0.12321946769952774,0.039370002618979404,0.06
12,sco_kcal,235,0.27218082547187805,0.016079137101769447,0.6477471986595247,0.9576743554309068,3.3629708290100098,0.22316189110279083,0.06635855689788578,0.26
12,sco_kcal,236,0.406627893447876,0.0758298859000206,0.6717258621694184,0.9654597753226848,16.39609146118164,2.424731969833374,0.14788475506946383,0.28
12,sco_kcal,237,0.5325438976287842,0.003145921975374222,0.6524498197846755,0.9612078286407635,0.6383177042007446,0.3714417815208435,0.5819073779035098,0.34
12,sco_kcal,238,0.8266313076019287,0.007405533455312252,0.6803116242576517,0.9108633166767837,1.683081865310669,1.6141973733901978,0.9590724056029466,0.58
12,sco_kcal,239,0.7805042266845703,0.0064262887462973595,0.7179313366503264,0.9105533663688941,1.607766032218933,1.6112451553344727,1.0021639486379357,0.58
12,sco_kcal,240,0.3871014714241028,0.016952453181147575,0.6466091379801191,0.9014056138642483,3.6249518394470215,1.2108173370361328,0.33402301345356367,0.12
12,sco_kcal,241,0.4725838005542755,0.024767659604549408,0.6290959549781561,0.9002978110311068,4.913690090179443,2.3143248558044434,0.4709952832454532,0.26
12,sco_kcal,242,0.8449763655662537,0.0071187205612659454,0.7303679635867317,0.924014436378416,1.5752664804458618,2.2937424182891846,1.4560980296108161,0.82
12,sco_kcal,243,0.10318061709403992,0.022159742191433907,0.6129506417911712,0.9604974262883792,4.062039375305176,0.06001820042729378,0.014775386174779432,0.04
12,sco_kcal,244,0.9506893754005432,0.008187522180378437,0.7333496662782073,0.9094707633224222,1.8616470098495483,4.439506530761719,2.3847198245818384,0.82
12,sco_kcal,245,0.3921944499015808,0.0170173030346632,0.6510197923657706,0.9205867416912568,3.507070779800415,1.1802678108215332,0.3365394897700643,0.2
12,sco_kcal,246,0.9592187404632568,0.007651065941900015,0.7228727962212282,0.9315526792344413,1.7852834463119507,4.747164249420166,2.6590535296940585,0.52
12,sco_kcal,247,0.0986379012465477,0.019227763637900352,0.6210015600197916,0.964559756298345,3.555515766143799,0.05347207561135292,0.015039189565835356,0.1
12,sco_kcal,248,0.3085138201713562,0.08344198018312454,0.6671915409046658,0.9792754775150481,18.094635009765625,0.9462565779685974,0.05229486958194544,0.22
12,sco_kcal,249,0.2181675136089325,0.038618288934230804,0.6155642534270307,0.94114410759089,6.945099830627441,1.105181336402893,0.1591310943478616,0.1
12,water_gsolv_eV,0,1.0000001192092896,0.0,0.655887278544246,0.655887278544246,,,,1.0
12,water_gsolv_eV,1,1.0000001192092896,0.0,0.655887278544246,0.655887278544246,,,,1.0
12,water_gsolv_eV,2,1.0000001192092896,0.0,0.655887278544246,0.655887278544246,,,,1.0
12,water_gsolv_eV,3,1.0000001192092896,0.0,0.655887278544246,0.655887278544246,,,,1.0
12,water_gsolv_eV,4,1.0000001192092896,0.0,0.655887278544246,0.655887278544246,,,,1.0
12,water_gsolv_eV,5,1.0000001192092896,0.0,0.655887278544246,0.655887278544246,,,,1.0
12,water_gsolv_eV,6,1.0000001192092896,0.0,0.655887278544246,0.655887278544246,,,,1.0
12,water_gsolv_eV,7,1.0000001192092896,0.0,0.655887278544246,0.655887278544246,,,,1.0
12,water_gsolv_eV,8,1.0000001192092896,0.0,0.655887278544246,0.655887278544246,,,,1.0
12,water_gsolv_eV,9,1.0000001192092896,0.0,0.655887278544246,0.655887278544246,,,,1.0
12,water_gsolv_eV,10,1.0000001192092896,0.0,0.655887278544246,0.655887278544246,,,,1.0
12,water_gsolv_eV,11,1.0000001192092896,0.0,0.655887278544246,0.655887278544246,,,,1.0
12,water_gsolv_eV,12,1.0000001192092896,0.0,0.655887278544246,0.655887278544246,,,,1.0
12,water_gsolv_eV,13,1.0000001192092896,0.0,0.655887278544246,0.655887278544246,,,,1.0
12,water_gsolv_eV,14,1.0000001192092896,0.0,0.655887278544246,0.655887278544246,,,,1.0
12,water_gsolv_eV,15,1.0000001192092896,0.0,0.655887278544246,0.655887278544246,,,,1.0
12,water_gsolv_eV,16,1.0000001192092896,0.0,0.655887278544246,0.655887278544246,,,,1.0
12,water_gsolv_eV,17,1.0000001192092896,0.0,0.655887278544246,0.655887278544246,,,,1.0
12,water_gsolv_eV,18,1.0000001192092896,0.0,0.655887278544246,0.655887278544246,,,,1.0
12,water_gsolv_eV,19,1.0000001192092896,0.0,0.655887278544246,0.655887278544246,,,,1.0
12,water_gsolv_eV,20,1.0000001192092896,0.0,0.655887278544246,0.655887278544246,,,,1.0
12,water_gsolv_eV,21,1.0000001192092896,0.0,0.655887278544246,0.655887278544246,,,,1.0
12,water_gsolv_eV,22,1.0000001192092896,0.0,0.655887278544246,0.655887278544246,,,,1.0
12,water_gsolv_eV,23,1.0000001192092896,0.0,0.655887278544246,0.655887278544246,,,,1.0
12,water_gsolv_eV,24,1.0000001192092896,0.0,0.655887278544246,0.655887278544246,,,,1.0
12,water_gsolv_eV,25,1.0000001192092896,0.0,0.655887278544246,0.655887278544246,,,,1.0
12,water_gsolv_eV,26,1.0000001192092896,0.0,0.655887278544246,0.655887278544246,,,,1.0
12,water_gsolv_eV,27,1.0000001192092896,0.0,0.655887278544246,0.655887278544246,,,,1.0
12,water_gsolv_eV,28,1.0000001192092896,0.0,0.655887278544246,0.655887278544246,,,,1.0
12,water_gsolv_eV,29,1.0000001192092896,0.0,0.655887278544246,0.655887278544246,,,,1.0
12,water_gsolv_eV,30,1.0000001192092896,0.0,0.655887278544246,0.655887278544246,,,,1.0
12,water_gsolv_eV,31,1.0000001192092896,0.0,0.655887278544246,0.655887278544246,,,,1.0
12,water_gsolv_eV,32,1.0000001192092896,0.0,0.655887278544246,0.655887278544246,,,,1.0
12,water_gsolv_eV,33,1.0000001192092896,0.0,0.655887278544246,0.655887278544246,,,,1.0
12,water_gsolv_eV,34,1.0000001192092896,0.0,0.655887278544246,0.655887278544246,,,,1.0
12,water_gsolv_eV,35,1.0000001192092896,0.0,0.655887278544246,0.655887278544246,,,,1.0
12,water_gsolv_eV,36,1.0000001192092896,0.0,0.655887278544246,0.655887278544246,,,,1.0
12,water_gsolv_eV,37,1.0000001192092896,0.0,0.655887278544246,0.655887278544246,,,,1.0
12,water_gsolv_eV,38,1.0000001192092896,0.0,0.655887278544246,0.655887278544246,,,,1.0
12,water_gsolv_eV,39,1.0000001192092896,0.0,0.655887278544246,0.655887278544246,,,,1.0
12,water_gsolv_eV,40,1.0000001192092896,0.0,0.655887278544246,0.655887278544246,,,,1.0
12,water_gsolv_eV,41,1.0000001192092896,0.0,0.655887278544246,0.655887278544246,,,,1.0
12,water_gsolv_eV,42,1.0000001192092896,0.0,0.655887278544246,0.655887278544246,,,,1.0
12,water_gsolv_eV,43,1.0000001192092896,0.0,0.655887278544246,0.655887278544246,,,,1.0
12,water_gsolv_eV,44,1.0000001192092896,0.0,0.655887278544246,0.655887278544246,,,,1.0
12,water_gsolv_eV,45,1.0000001192092896,0.0,0.655887278544246,0.655887278544246,,,,1.0
12,water_gsolv_eV,46,1.0000001192092896,0.0,0.655887278544246,0.655887278544246,,,,1.0
12,water_gsolv_eV,47,1.0000001192092896,0.0,0.655887278544246,0.655887278544246,,,,1.0
12,water_gsolv_eV,48,1.0000001192092896,0.0,0.655887278544246,0.655887278544246,,,,1.0
12,water_gsolv_eV,49,1.0000001192092896,0.0,0.655887278544246,0.655887278544246,,,,1.0
12,water_gsolv_eV,50,1.0000001192092896,0.0,0.655887278544246,0.655887278544246,,,,1.0
12,water_gsolv_eV,51,1.0000001192092896,0.0,0.655887278544246,0.655887278544246,,,,1.0
12,water_gsolv_eV,52,1.0000001192092896,0.0,0.655887278544246,0.655887278544246,,,,1.0
12,water_gsolv_eV,53,1.0000001192092896,0.0,0.655887278544246,0.655887278544246,,,,1.0
12,water_gsolv_eV,54,1.0000001192092896,0.0,0.655887278544246,0.655887278544246,,,,1.0
12,water_gsolv_eV,55,1.0000001192092896,0.0,0.655887278544246,0.655887278544246,,,,1.0
12,water_gsolv_eV,56,1.0000001192092896,0.0,0.655887278544246,0.655887278544246,,,,1.0
12,water_gsolv_eV,57,1.0000001192092896,0.0,0.655887278544246,0.655887278544246,,,,1.0
12,water_gsolv_eV,58,1.0000001192092896,0.0,0.655887278544246,0.655887278544246,,,,1.0
12,water_gsolv_eV,59,1.0000001192092896,0.0,0.655887278544246,0.655887278544246,,,,1.0
12,water_gsolv_eV,60,1.0000001192092896,0.0,0.655887278544246,0.655887278544246,,,,1.0
12,water_gsolv_eV,61,1.0000001192092896,0.0,0.655887278544246,0.655887278544246,,,,1.0
12,water_gsolv_eV,62,1.0000001192092896,0.0,0.655887278544246,0.655887278544246,,,,1.0
12,water_gsolv_eV,63,1.0000001192092896,0.0,0.655887278544246,0.655887278544246,,,,1.0
12,water_gsolv_eV,64,1.0000001192092896,0.0,0.655887278544246,0.655887278544246,,,,1.0
12,water_gsolv_eV,65,1.0000001192092896,0.0,0.655887278544246,0.655887278544246,,,,1.0
12,water_gsolv_eV,66,1.0000001192092896,0.0,0.655887278544246,0.655887278544246,,,,1.0
12,water_gsolv_eV,67,1.0000001192092896,0.0,0.655887278544246,0.655887278544246,,,,1.0
12,water_gsolv_eV,68,1.0000001192092896,0.0,0.655887278544246,0.655887278544246,,,,1.0
12,water_gsolv_eV,69,1.0000001192092896,0.0,0.655887278544246,0.655887278544246,,,,1.0
12,water_gsolv_eV,70,1.0000001192092896,0.0,0.655887278544246,0.655887278544246,,,,1.0
12,water_gsolv_eV,71,1.0000001192092896,0.0,0.655887278544246,0.655887278544246,,,,1.0
12,water_gsolv_eV,72,1.0000001192092896,0.0,0.655887278544246,0.655887278544246,,,,1.0
12,water_gsolv_eV,73,1.0000001192092896,0.0,0.655887278544246,0.655887278544246,,,,1.0
12,water_gsolv_eV,74,1.0000001192092896,0.0,0.655887278544246,0.655887278544246,,,,1.0
12,water_gsolv_eV,75,1.0000001192092896,0.0,0.655887278544246,0.655887278544246,,,,1.0
12,water_gsolv_eV,76,1.0000001192092896,0.0,0.655887278544246,0.655887278544246,,,,1.0
12,water_gsolv_eV,77,1.0000001192092896,0.0,0.655887278544246,0.655887278544246,,,,1.0
12,water_gsolv_eV,78,1.0000001192092896,0.0,0.655887278544246,0.655887278544246,,,,1.0
12,water_gsolv_eV,79,1.0000001192092896,0.0,0.655887278544246,0.655887278544246,,,,1.0
12,water_gsolv_eV,80,1.0000001192092896,0.0,0.655887278544246,0.655887278544246,,,,1.0
12,water_gsolv_eV,81,1.0000001192092896,0.0,0.655887278544246,0.655887278544246,,,,1.0
12,water_gsolv_eV,82,1.0000001192092896,0.0,0.655887278544246,0.655887278544246,,,,1.0
12,water_gsolv_eV,83,1.0000001192092896,0.0,0.655887278544246,0.655887278544246,,,,1.0
12,water_gsolv_eV,84,1.0000001192092896,0.0,0.655887278544246,0.655887278544246,,,,1.0
12,water_gsolv_eV,85,1.0000001192092896,0.0,0.655887278544246,0.655887278544246,,,,1.0
12,water_gsolv_eV,86,1.0000001192092896,0.0,0.655887278544246,0.655887278544246,,,,1.0
12,water_gsolv_eV,87,1.0000001192092896,0.0,0.655887278544246,0.655887278544246,,,,1.0
12,water_gsolv_eV,88,1.0000001192092896,0.0,0.655887278544246,0.655887278544246,,,,1.0
12,water_gsolv_eV,89,1.0000001192092896,0.0,0.655887278544246,0.655887278544246,,,,1.0
12,water_gsolv_eV,90,1.0000001192092896,0.0,0.655887278544246,0.655887278544246,,,,1.0
12,water_gsolv_eV,91,1.0000001192092896,0.0,0.655887278544246,0.655887278544246,,,,1.0
12,water_gsolv_eV,92,1.0000001192092896,0.0,0.655887278544246,0.655887278544246,,,,1.0
12,water_gsolv_eV,93,1.0000001192092896,0.0,0.655887278544246,0.655887278544246,,,,1.0
12,water_gsolv_eV,94,1.0000001192092896,0.0,0.655887278544246,0.655887278544246,,,,1.0
12,water_gsolv_eV,95,1.0000001192092896,0.0,0.655887278544246,0.655887278544246,,,,1.0
12,water_gsolv_eV,96,1.0000001192092896,0.0,0.655887278544246,0.655887278544246,,,,1.0
12,water_gsolv_eV,97,1.0000001192092896,0.0,0.655887278544246,0.655887278544246,,,,1.0
12,water_gsolv_eV,98,1.0000001192092896,0.0,0.655887278544246,0.655887278544246,,,,1.0
12,water_gsolv_eV,99,1.0000001192092896,0.0,0.655887278544246,0.655887278544246,,,,1.0
12,water_gsolv_eV,100,1.0000001192092896,0.0,0.655887278544246,0.655887278544246,,,,1.0
12,water_gsolv_eV,101,1.0000001192092896,0.0,0.655887278544246,0.655887278544246,,,,1.0
12,water_gsolv_eV,102,1.0000001192092896,0.0,0.655887278544246,0.655887278544246,,,,1.0
12,water_gsolv_eV,103,1.0000001192092896,0.0,0.655887278544246,0.655887278544246,,,,1.0
12,water_gsolv_eV,104,1.0000001192092896,0.0,0.655887278544246,0.655887278544246,,,,1.0
12,water_gsolv_eV,105,1.0000001192092896,0.0,0.655887278544246,0.655887278544246,,,,1.0
12,water_gsolv_eV,106,1.0000001192092896,0.0,0.655887278544246,0.655887278544246,,,,1.0
12,water_gsolv_eV,107,1.0000001192092896,0.0,0.655887278544246,0.655887278544246,,,,1.0
12,water_gsolv_eV,108,1.0000001192092896,0.0,0.655887278544246,0.655887278544246,,,,1.0
12,water_gsolv_eV,109,1.0000001192092896,0.0,0.655887278544246,0.655887278544246,,,,1.0
12,water_gsolv_eV,110,1.0000001192092896,0.0,0.655887278544246,0.655887278544246,,,,1.0
12,water_gsolv_eV,111,1.0000001192092896,0.0,0.655887278544246,0.655887278544246,,,,1.0
12,water_gsolv_eV,112,1.0000001192092896,0.0,0.655887278544246,0.655887278544246,,,,1.0
12,water_gsolv_eV,113,1.0000001192092896,0.0,0.655887278544246,0.655887278544246,,,,1.0
12,water_gsolv_eV,114,1.0000001192092896,0.0,0.655887278544246,0.655887278544246,,,,1.0
12,water_gsolv_eV,115,1.0000001192092896,0.0,0.655887278544246,0.655887278544246,,,,1.0
12,water_gsolv_eV,116,1.0000001192092896,0.0,0.655887278544246,0.655887278544246,,,,1.0
12,water_gsolv_eV,117,1.0000001192092896,0.0,0.655887278544246,0.655887278544246,,,,1.0
12,water_gsolv_eV,118,1.0000001192092896,0.0,0.655887278544246,0.655887278544246,,,,1.0
12,water_gsolv_eV,119,1.0000001192092896,0.0,0.655887278544246,0.655887278544246,,,,1.0
12,water_gsolv_eV,120,1.0000001192092896,0.0,0.655887278544246,0.655887278544246,,,,1.0
12,water_gsolv_eV,121,1.0000001192092896,0.0,0.655887278544246,0.655887278544246,,,,1.0
12,water_gsolv_eV,122,1.0000001192092896,0.0,0.655887278544246,0.655887278544246,,,,1.0
12,water_gsolv_eV,123,1.0000001192092896,0.0,0.655887278544246,0.655887278544246,,,,1.0
12,water_gsolv_eV,124,1.0000001192092896,0.0,0.655887278544246,0.655887278544246,,,,1.0
12,water_gsolv_eV,125,1.0000001192092896,0.0,0.655887278544246,0.655887278544246,,,,1.0
12,water_gsolv_eV,126,1.0000001192092896,0.0,0.655887278544246,0.655887278544246,,,,1.0
12,water_gsolv_eV,127,1.0000001192092896,0.0,0.655887278544246,0.655887278544246,,,,1.0
12,water_gsolv_eV,128,1.0000001192092896,0.0,0.655887278544246,0.655887278544246,,,,1.0
12,water_gsolv_eV,129,1.0000001192092896,0.0,0.655887278544246,0.655887278544246,,,,1.0
12,water_gsolv_eV,130,1.0000001192092896,0.0,0.655887278544246,0.655887278544246,,,,1.0
12,water_gsolv_eV,131,1.0000001192092896,0.0,0.655887278544246,0.655887278544246,,,,1.0
12,water_gsolv_eV,132,1.0000001192092896,0.0,0.655887278544246,0.655887278544246,,,,1.0
12,water_gsolv_eV,133,1.0000001192092896,0.0,0.655887278544246,0.655887278544246,,,,1.0
12,water_gsolv_eV,134,1.0000001192092896,0.0,0.655887278544246,0.655887278544246,,,,1.0
12,water_gsolv_eV,135,1.0000001192092896,0.0,0.655887278544246,0.655887278544246,,,,1.0
12,water_gsolv_eV,136,1.0000001192092896,0.0,0.655887278544246,0.655887278544246,,,,1.0
12,water_gsolv_eV,137,1.0000001192092896,0.0,0.655887278544246,0.655887278544246,,,,1.0
12,water_gsolv_eV,138,1.0000001192092896,0.0,0.655887278544246,0.655887278544246,,,,1.0
12,water_gsolv_eV,139,1.0000001192092896,0.0,0.655887278544246,0.655887278544246,,,,1.0
12,water_gsolv_eV,140,1.0000001192092896,0.0,0.655887278544246,0.655887278544246,,,,1.0
12,water_gsolv_eV,141,1.0000001192092896,0.0,0.655887278544246,0.655887278544246,,,,1.0
12,water_gsolv_eV,142,1.0000001192092896,0.0,0.655887278544246,0.655887278544246,,,,1.0
12,water_gsolv_eV,143,1.0000001192092896,0.0,0.655887278544246,0.655887278544246,,,,1.0
12,water_gsolv_eV,144,1.0000001192092896,0.0,0.655887278544246,0.655887278544246,,,,1.0
12,water_gsolv_eV,145,1.0000001192092896,0.0,0.655887278544246,0.655887278544246,,,,1.0
12,water_gsolv_eV,146,1.0000001192092896,0.0,0.655887278544246,0.655887278544246,,,,1.0
12,water_gsolv_eV,147,1.0000001192092896,0.0,0.655887278544246,0.655887278544246,,,,1.0
12,water_gsolv_eV,148,1.0000001192092896,0.0,0.655887278544246,0.655887278544246,,,,1.0
12,water_gsolv_eV,149,1.0000001192092896,0.0,0.655887278544246,0.655887278544246,,,,1.0
12,water_gsolv_eV,150,1.0000001192092896,0.0,0.655887278544246,0.655887278544246,,,,1.0
12,water_gsolv_eV,151,1.0000001192092896,0.0,0.655887278544246,0.655887278544246,,,,1.0
12,water_gsolv_eV,152,1.0000001192092896,0.0,0.655887278544246,0.655887278544246,,,,1.0
12,water_gsolv_eV,153,1.0000001192092896,0.0,0.655887278544246,0.655887278544246,,,,1.0
12,water_gsolv_eV,154,1.0000001192092896,0.0,0.655887278544246,0.655887278544246,,,,1.0
12,water_gsolv_eV,155,1.0000001192092896,0.0,0.655887278544246,0.655887278544246,,,,1.0
12,water_gsolv_eV,156,1.0000001192092896,0.0,0.655887278544246,0.655887278544246,,,,1.0
12,water_gsolv_eV,157,1.0000001192092896,0.0,0.655887278544246,0.655887278544246,,,,1.0
12,water_gsolv_eV,158,1.0000001192092896,0.0,0.655887278544246,0.655887278544246,,,,1.0
12,water_gsolv_eV,159,1.0000001192092896,0.0,0.655887278544246,0.655887278544246,,,,1.0
12,water_gsolv_eV,160,1.0000001192092896,0.0,0.655887278544246,0.655887278544246,,,,1.0
12,water_gsolv_eV,161,1.0000001192092896,0.0,0.655887278544246,0.655887278544246,,,,1.0
12,water_gsolv_eV,162,1.0000001192092896,0.0,0.655887278544246,0.655887278544246,,,,1.0
12,water_gsolv_eV,163,1.0000001192092896,0.0,0.655887278544246,0.655887278544246,,,,1.0
12,water_gsolv_eV,164,1.0000001192092896,0.0,0.655887278544246,0.655887278544246,,,,1.0
12,water_gsolv_eV,165,1.0000001192092896,0.0,0.655887278544246,0.655887278544246,,,,1.0
12,water_gsolv_eV,166,1.0000001192092896,0.0,0.655887278544246,0.655887278544246,,,,1.0
12,water_gsolv_eV,167,1.0000001192092896,0.0,0.655887278544246,0.655887278544246,,,,1.0
12,water_gsolv_eV,168,1.0000001192092896,0.0,0.655887278544246,0.655887278544246,,,,1.0
12,water_gsolv_eV,169,1.0000001192092896,0.0,0.655887278544246,0.655887278544246,,,,1.0
12,water_gsolv_eV,170,1.0000001192092896,0.0,0.655887278544246,0.655887278544246,,,,1.0
12,water_gsolv_eV,171,1.0000001192092896,0.0,0.655887278544246,0.655887278544246,,,,1.0
12,water_gsolv_eV,172,1.0000001192092896,0.0,0.655887278544246,0.655887278544246,,,,1.0
12,water_gsolv_eV,173,1.0000001192092896,0.0,0.655887278544246,0.655887278544246,,,,1.0
12,water_gsolv_eV,174,1.0000001192092896,0.0,0.655887278544246,0.655887278544246,,,,1.0
12,water_gsolv_eV,175,1.0000001192092896,0.0,0.655887278544246,0.655887278544246,,,,1.0
12,water_gsolv_eV,176,1.0000001192092896,0.0,0.655887278544246,0.655887278544246,,,,1.0
12,water_gsolv_eV,177,1.0000001192092896,0.0,0.655887278544246,0.655887278544246,,,,1.0
12,water_gsolv_eV,178,1.0000001192092896,0.0,0.655887278544246,0.655887278544246,,,,1.0
12,water_gsolv_eV,179,1.0000001192092896,0.0,0.655887278544246,0.655887278544246,,,,1.0
12,water_gsolv_eV,180,1.0000001192092896,0.0,0.655887278544246,0.655887278544246,,,,1.0
12,water_gsolv_eV,181,1.0000001192092896,0.0,0.655887278544246,0.655887278544246,,,,1.0
12,water_gsolv_eV,182,1.0000001192092896,0.0,0.655887278544246,0.655887278544246,,,,1.0
12,water_gsolv_eV,183,1.0000001192092896,0.0,0.655887278544246,0.655887278544246,,,,1.0
12,water_gsolv_eV,184,1.0000001192092896,0.0,0.655887278544246,0.655887278544246,,,,1.0
12,water_gsolv_eV,185,1.0000001192092896,0.0,0.655887278544246,0.655887278544246,,,,1.0
12,water_gsolv_eV,186,1.0000001192092896,0.0,0.655887278544246,0.655887278544246,,,,1.0
12,water_gsolv_eV,187,1.0000001192092896,0.0,0.655887278544246,0.655887278544246,,,,1.0
12,water_gsolv_eV,188,1.0000001192092896,0.0,0.655887278544246,0.655887278544246,,,,1.0
12,water_gsolv_eV,189,1.0000001192092896,0.0,0.655887278544246,0.655887278544246,,,,1.0
12,water_gsolv_eV,190,1.0000001192092896,0.0,0.655887278544246,0.655887278544246,,,,1.0
12,water_gsolv_eV,191,1.0000001192092896,0.0,0.655887278544246,0.655887278544246,,,,1.0
12,water_gsolv_eV,192,1.0000001192092896,0.0,0.655887278544246,0.655887278544246,,,,1.0
12,water_gsolv_eV,193,1.0000001192092896,0.0,0.655887278544246,0.655887278544246,,,,1.0
12,water_gsolv_eV,194,1.0000001192092896,0.0,0.655887278544246,0.655887278544246,,,,1.0
12,water_gsolv_eV,195,1.0000001192092896,0.0,0.655887278544246,0.655887278544246,,,,1.0
12,water_gsolv_eV,196,1.0000001192092896,0.0,0.655887278544246,0.655887278544246,,,,1.0
12,water_gsolv_eV,197,1.0000001192092896,0.0,0.655887278544246,0.655887278544246,,,,1.0
12,water_gsolv_eV,198,1.0000001192092896,0.0,0.655887278544246,0.655887278544246,,,,1.0
12,water_gsolv_eV,199,1.0000001192092896,0.0,0.655887278544246,0.655887278544246,,,,1.0
12,water_gsolv_eV,200,1.0000001192092896,0.0,0.655887278544246,0.655887278544246,,,,1.0
12,water_gsolv_eV,201,1.0000001192092896,0.0,0.655887278544246,0.655887278544246,,,,1.0
12,water_gsolv_eV,202,1.0000001192092896,0.0,0.655887278544246,0.655887278544246,,,,1.0
12,water_gsolv_eV,203,1.0000001192092896,0.0,0.655887278544246,0.655887278544246,,,,1.0
12,water_gsolv_eV,204,1.0000001192092896,0.0,0.655887278544246,0.655887278544246,,,,1.0
12,water_gsolv_eV,205,1.0000001192092896,0.0,0.655887278544246,0.655887278544246,,,,1.0
12,water_gsolv_eV,206,1.0000001192092896,0.0,0.655887278544246,0.655887278544246,,,,1.0
12,water_gsolv_eV,207,1.0000001192092896,0.0,0.655887278544246,0.655887278544246,,,,1.0
12,water_gsolv_eV,208,1.0000001192092896,0.0,0.655887278544246,0.655887278544246,,,,1.0
12,water_gsolv_eV,209,1.0000001192092896,0.0,0.655887278544246,0.655887278544246,,,,1.0
12,water_gsolv_eV,210,1.0000001192092896,0.0,0.655887278544246,0.655887278544246,,,,1.0
12,water_gsolv_eV,211,1.0000001192092896,0.0,0.655887278544246,0.655887278544246,,,,1.0
12,water_gsolv_eV,212,1.0000001192092896,0.0,0.655887278544246,0.655887278544246,,,,1.0
12,water_gsolv_eV,213,1.0000001192092896,0.0,0.655887278544246,0.655887278544246,,,,1.0
12,water_gsolv_eV,214,1.0000001192092896,0.0,0.655887278544246,0.655887278544246,,,,1.0
12,water_gsolv_eV,215,1.0000001192092896,0.0,0.655887278544246,0.655887278544246,,,,1.0
12,water_gsolv_eV,216,1.0000001192092896,0.0,0.655887278544246,0.655887278544246,,,,1.0
12,water_gsolv_eV,217,1.0000001192092896,0.0,0.655887278544246,0.655887278544246,,,,1.0
12,water_gsolv_eV,218,1.0000001192092896,0.0,0.655887278544246,0.655887278544246,,,,1.0
12,water_gsolv_eV,219,1.0000001192092896,0.0,0.655887278544246,0.655887278544246,,,,1.0
12,water_gsolv_eV,220,1.0000001192092896,0.0,0.655887278544246,0.655887278544246,,,,1.0
12,water_gsolv_eV,221,1.0000001192092896,0.0,0.655887278544246,0.655887278544246,,,,1.0
12,water_gsolv_eV,222,1.0000001192092896,0.0,0.655887278544246,0.655887278544246,,,,1.0
12,water_gsolv_eV,223,1.0000001192092896,0.0,0.655887278544246,0.655887278544246,,,,1.0
12,water_gsolv_eV,224,1.0000001192092896,0.0,0.655887278544246,0.655887278544246,,,,1.0
12,water_gsolv_eV,225,1.0000001192092896,0.0,0.655887278544246,0.655887278544246,,,,1.0
12,water_gsolv_eV,226,1.0000001192092896,0.0,0.655887278544246,0.655887278544246,,,,1.0
12,water_gsolv_eV,227,1.0000001192092896,0.0,0.655887278544246,0.655887278544246,,,,1.0
12,water_gsolv_eV,228,1.0000001192092896,0.0,0.655887278544246,0.655887278544246,,,,1.0
12,water_gsolv_eV,229,1.0000001192092896,0.0,0.655887278544246,0.655887278544246,,,,1.0
12,water_gsolv_eV,230,1.0000001192092896,0.0,0.655887278544246,0.655887278544246,,,,1.0
12,water_gsolv_eV,231,1.0000001192092896,0.0,0.655887278544246,0.655887278544246,,,,1.0
12,water_gsolv_eV,232,1.0000001192092896,0.0,0.655887278544246,0.655887278544246,,,,1.0
12,water_gsolv_eV,233,1.0000001192092896,0.0,0.655887278544246,0.655887278544246,,,,1.0
12,water_gsolv_eV,234,1.0000001192092896,0.0,0.655887278544246,0.655887278544246,,,,1.0
12,water_gsolv_eV,235,1.0000001192092896,0.0,0.655887278544246,0.655887278544246,,,,1.0
12,water_gsolv_eV,236,1.0000001192092896,0.0,0.655887278544246,0.655887278544246,,,,1.0
12,water_gsolv_eV,237,1.0000001192092896,0.0,0.655887278544246,0.655887278544246,,,,1.0
12,water_gsolv_eV,238,1.0000001192092896,0.0,0.655887278544246,0.655887278544246,,,,1.0
12,water_gsolv_eV,239,1.0000001192092896,0.0,0.655887278544246,0.655887278544246,,,,1.0
12,water_gsolv_eV,240,1.0000001192092896,0.0,0.655887278544246,0.655887278544246,,,,1.0
12,water_gsolv_eV,241,1.0000001192092896,0.0,0.655887278544246,0.655887278544246,,,,1.0
12,water_gsolv_eV,242,1.0000001192092896,0.0,0.655887278544246,0.655887278544246,,,,1.0
12,water_gsolv_eV,243,1.0000001192092896,0.0,0.655887278544246,0.655887278544246,,,,1.0
12,water_gsolv_eV,244,1.0000001192092896,0.0,0.655887278544246,0.655887278544246,,,,1.0
12,water_gsolv_eV,245,1.0000001192092896,0.0,0.655887278544246,0.655887278544246,,,,1.0
12,water_gsolv_eV,246,1.0000001192092896,0.0,0.655887278544246,0.655887278544246,,,,1.0
12,water_gsolv_eV,247,1.0000001192092896,0.0,0.655887278544246,0.655887278544246,,,,1.0
12,water_gsolv_eV,248,1.0000001192092896,0.0,0.655887278544246,0.655887278544246,,,,1.0
12,water_gsolv_eV,249,1.0000001192092896,0.0,0.655887278544246,0.655887278544246,,,,1.0
12,water_hl_gap_eV,0,1.0,0.0,0.6964291050426581,0.6964291050426581,,,,1.0
12,water_hl_gap_eV,1,1.0,0.0,0.6964291050426581,0.6964291050426581,,,,1.0
12,water_hl_gap_eV,2,1.0,0.0,0.6964291050426581,0.6964291050426581,,,,1.0
12,water_hl_gap_eV,3,1.0,0.0,0.6964291050426581,0.6964291050426581,,,,1.0
12,water_hl_gap_eV,4,1.0,0.0,0.6964291050426581,0.6964291050426581,,,,1.0
12,water_hl_gap_eV,5,1.0,0.0,0.6964291050426581,0.6964291050426581,,,,1.0
12,water_hl_gap_eV,6,1.0,0.0,0.6964291050426581,0.6964291050426581,,,,1.0
12,water_hl_gap_eV,7,1.0,0.0,0.6964291050426581,0.6964291050426581,,,,1.0
12,water_hl_gap_eV,8,1.0,0.0,0.6964291050426581,0.6964291050426581,,,,1.0
12,water_hl_gap_eV,9,1.0,0.0,0.6964291050426581,0.6964291050426581,,,,1.0
12,water_hl_gap_eV,10,1.0,0.0,0.6964291050426581,0.6964291050426581,,,,1.0
12,water_hl_gap_eV,11,1.0,0.0,0.6964291050426581,0.6964291050426581,,,,1.0
12,water_hl_gap_eV,12,1.0,0.0,0.6964291050426581,0.6964291050426581,,,,1.0
12,water_hl_gap_eV,13,1.0,0.0,0.6964291050426581,0.6964291050426581,,,,1.0
12,water_hl_gap_eV,14,1.0,0.0,0.6964291050426581,0.6964291050426581,,,,1.0
12,water_hl_gap_eV,15,1.0,0.0,0.6964291050426581,0.6964291050426581,,,,1.0
12,water_hl_gap_eV,16,1.0,0.0,0.6964291050426581,0.6964291050426581,,,,1.0
12,water_hl_gap_eV,17,1.0,0.0,0.6964291050426581,0.6964291050426581,,,,1.0
12,water_hl_gap_eV,18,1.0,0.0,0.6964291050426581,0.6964291050426581,,,,1.0
12,water_hl_gap_eV,19,1.0,0.0,0.6964291050426581,0.6964291050426581,,,,1.0
12,water_hl_gap_eV,20,1.0,0.0,0.6964291050426581,0.6964291050426581,,,,1.0
12,water_hl_gap_eV,21,1.0,0.0,0.6964291050426581,0.6964291050426581,,,,1.0
12,water_hl_gap_eV,22,1.0,0.0,0.6964291050426581,0.6964291050426581,,,,1.0
12,water_hl_gap_eV,23,1.0,0.0,0.6964291050426581,0.6964291050426581,,,,1.0
12,water_hl_gap_eV,24,1.0,0.0,0.6964291050426581,0.6964291050426581,,,,1.0
12,water_hl_gap_eV,25,1.0,0.0,0.6964291050426581,0.6964291050426581,,,,1.0
12,water_hl_gap_eV,26,1.0,0.0,0.6964291050426581,0.6964291050426581,,,,1.0
12,water_hl_gap_eV,27,1.0,0.0,0.6964291050426581,0.6964291050426581,,,,1.0
12,water_hl_gap_eV,28,1.0,0.0,0.6964291050426581,0.6964291050426581,,,,1.0
12,water_hl_gap_eV,29,1.0,0.0,0.6964291050426581,0.6964291050426581,,,,1.0
12,water_hl_gap_eV,30,1.0,0.0,0.6964291050426581,0.6964291050426581,,,,1.0
12,water_hl_gap_eV,31,1.0,0.0,0.6964291050426581,0.6964291050426581,,,,1.0
12,water_hl_gap_eV,32,1.0,0.0,0.6964291050426581,0.6964291050426581,,,,1.0
12,water_hl_gap_eV,33,1.0,0.0,0.6964291050426581,0.6964291050426581,,,,1.0
12,water_hl_gap_eV,34,1.0,0.0,0.6964291050426581,0.6964291050426581,,,,1.0
12,water_hl_gap_eV,35,1.0,0.0,0.6964291050426581,0.6964291050426581,,,,1.0
12,water_hl_gap_eV,36,1.0,0.0,0.6964291050426581,0.6964291050426581,,,,1.0
12,water_hl_gap_eV,37,1.0,0.0,0.6964291050426581,0.6964291050426581,,,,1.0
12,water_hl_gap_eV,38,1.0,0.0,0.6964291050426581,0.6964291050426581,,,,1.0
12,water_hl_gap_eV,39,1.0,0.0,0.6964291050426581,0.6964291050426581,,,,1.0
12,water_hl_gap_eV,40,1.0,0.0,0.6964291050426581,0.6964291050426581,,,,1.0
12,water_hl_gap_eV,41,1.0,0.0,0.6964291050426581,0.6964291050426581,,,,1.0
12,water_hl_gap_eV,42,1.0,0.0,0.6964291050426581,0.6964291050426581,,,,1.0
12,water_hl_gap_eV,43,1.0,0.0,0.6964291050426581,0.6964291050426581,,,,1.0
12,water_hl_gap_eV,44,1.0,0.0,0.6964291050426581,0.6964291050426581,,,,1.0
12,water_hl_gap_eV,45,1.0,0.0,0.6964291050426581,0.6964291050426581,,,,1.0
12,water_hl_gap_eV,46,1.0,0.0,0.6964291050426581,0.6964291050426581,,,,1.0
12,water_hl_gap_eV,47,1.0,0.0,0.6964291050426581,0.6964291050426581,,,,1.0
12,water_hl_gap_eV,48,1.0,0.0,0.6964291050426581,0.6964291050426581,,,,1.0
12,water_hl_gap_eV,49,1.0,0.0,0.6964291050426581,0.6964291050426581,,,,1.0
12,water_hl_gap_eV,50,1.0,0.0,0.6964291050426581,0.6964291050426581,,,,1.0
12,water_hl_gap_eV,51,1.0,0.0,0.6964291050426581,0.6964291050426581,,,,1.0
12,water_hl_gap_eV,52,1.0,0.0,0.6964291050426581,0.6964291050426581,,,,1.0
12,water_hl_gap_eV,53,1.0,0.0,0.6964291050426581,0.6964291050426581,,,,1.0
12,water_hl_gap_eV,54,1.0,0.0,0.6964291050426581,0.6964291050426581,,,,1.0
12,water_hl_gap_eV,55,1.0,0.0,0.6964291050426581,0.6964291050426581,,,,1.0
12,water_hl_gap_eV,56,1.0,0.0,0.6964291050426581,0.6964291050426581,,,,1.0
12,water_hl_gap_eV,57,1.0,0.0,0.6964291050426581,0.6964291050426581,,,,1.0
12,water_hl_gap_eV,58,1.0,0.0,0.6964291050426581,0.6964291050426581,,,,1.0
12,water_hl_gap_eV,59,1.0,0.0,0.6964291050426581,0.6964291050426581,,,,1.0
12,water_hl_gap_eV,60,1.0,0.0,0.6964291050426581,0.6964291050426581,,,,1.0
12,water_hl_gap_eV,61,1.0,0.0,0.6964291050426581,0.6964291050426581,,,,1.0
12,water_hl_gap_eV,62,1.0,0.0,0.6964291050426581,0.6964291050426581,,,,1.0
12,water_hl_gap_eV,63,1.0,0.0,0.6964291050426581,0.6964291050426581,,,,1.0
12,water_hl_gap_eV,64,1.0,0.0,0.6964291050426581,0.6964291050426581,,,,1.0
12,water_hl_gap_eV,65,1.0,0.0,0.6964291050426581,0.6964291050426581,,,,1.0
12,water_hl_gap_eV,66,1.0,0.0,0.6964291050426581,0.6964291050426581,,,,1.0
12,water_hl_gap_eV,67,1.0,0.0,0.6964291050426581,0.6964291050426581,,,,1.0
12,water_hl_gap_eV,68,1.0,0.0,0.6964291050426581,0.6964291050426581,,,,1.0
12,water_hl_gap_eV,69,1.0,0.0,0.6964291050426581,0.6964291050426581,,,,1.0
12,water_hl_gap_eV,70,1.0,0.0,0.6964291050426581,0.6964291050426581,,,,1.0
12,water_hl_gap_eV,71,1.0,0.0,0.6964291050426581,0.6964291050426581,,,,1.0
12,water_hl_gap_eV,72,1.0,0.0,0.6964291050426581,0.6964291050426581,,,,1.0
12,water_hl_gap_eV,73,1.0,0.0,0.6964291050426581,0.6964291050426581,,,,1.0
12,water_hl_gap_eV,74,1.0,0.0,0.6964291050426581,0.6964291050426581,,,,1.0
12,water_hl_gap_eV,75,1.0,0.0,0.6964291050426581,0.6964291050426581,,,,1.0
12,water_hl_gap_eV,76,1.0,0.0,0.6964291050426581,0.6964291050426581,,,,1.0
12,water_hl_gap_eV,77,1.0,0.0,0.6964291050426581,0.6964291050426581,,,,1.0
12,water_hl_gap_eV,78,1.0,0.0,0.6964291050426581,0.6964291050426581,,,,1.0
12,water_hl_gap_eV,79,1.0,0.0,0.6964291050426581,0.6964291050426581,,,,1.0
12,water_hl_gap_eV,80,1.0,0.0,0.6964291050426581,0.6964291050426581,,,,1.0
12,water_hl_gap_eV,81,1.0,0.0,0.6964291050426581,0.6964291050426581,,,,1.0
12,water_hl_gap_eV,82,1.0,0.0,0.6964291050426581,0.6964291050426581,,,,1.0
12,water_hl_gap_eV,83,1.0,0.0,0.6964291050426581,0.6964291050426581,,,,1.0
12,water_hl_gap_eV,84,1.0,0.0,0.6964291050426581,0.6964291050426581,,,,1.0
12,water_hl_gap_eV,85,1.0,0.0,0.6964291050426581,0.6964291050426581,,,,1.0
12,water_hl_gap_eV,86,1.0,0.0,0.6964291050426581,0.6964291050426581,,,,1.0
12,water_hl_gap_eV,87,1.0,0.0,0.6964291050426581,0.6964291050426581,,,,1.0
12,water_hl_gap_eV,88,1.0,0.0,0.6964291050426581,0.6964291050426581,,,,1.0
12,water_hl_gap_eV,89,1.0,0.0,0.6964291050426581,0.6964291050426581,,,,1.0
12,water_hl_gap_eV,90,1.0,0.0,0.6964291050426581,0.6964291050426581,,,,1.0
12,water_hl_gap_eV,91,1.0,0.0,0.6964291050426581,0.6964291050426581,,,,1.0
12,water_hl_gap_eV,92,1.0,0.0,0.6964291050426581,0.6964291050426581,,,,1.0
12,water_hl_gap_eV,93,1.0,0.0,0.6964291050426581,0.6964291050426581,,,,1.0
12,water_hl_gap_eV,94,1.0,0.0,0.6964291050426581,0.6964291050426581,,,,1.0
12,water_hl_gap_eV,95,1.0,0.0,0.6964291050426581,0.6964291050426581,,,,1.0
12,water_hl_gap_eV,96,1.0,0.0,0.6964291050426581,0.6964291050426581,,,,1.0
12,water_hl_gap_eV,97,1.0,0.0,0.6964291050426581,0.6964291050426581,,,,1.0
12,water_hl_gap_eV,98,1.0,0.0,0.6964291050426581,0.6964291050426581,,,,1.0
12,water_hl_gap_eV,99,1.0,0.0,0.6964291050426581,0.6964291050426581,,,,1.0
12,water_hl_gap_eV,100,1.0,0.0,0.6964291050426581,0.6964291050426581,,,,1.0
12,water_hl_gap_eV,101,1.0,0.0,0.6964291050426581,0.6964291050426581,,,,1.0
12,water_hl_gap_eV,102,1.0,0.0,0.6964291050426581,0.6964291050426581,,,,1.0
12,water_hl_gap_eV,103,1.0,0.0,0.6964291050426581,0.6964291050426581,,,,1.0
12,water_hl_gap_eV,104,1.0,0.0,0.6964291050426581,0.6964291050426581,,,,1.0
12,water_hl_gap_eV,105,1.0,0.0,0.6964291050426581,0.6964291050426581,,,,1.0
12,water_hl_gap_eV,106,1.0,0.0,0.6964291050426581,0.6964291050426581,,,,1.0
12,water_hl_gap_eV,107,1.0,0.0,0.6964291050426581,0.6964291050426581,,,,1.0
12,water_hl_gap_eV,108,1.0,0.0,0.6964291050426581,0.6964291050426581,,,,1.0
12,water_hl_gap_eV,109,1.0,0.0,0.6964291050426581,0.6964291050426581,,,,1.0
12,water_hl_gap_eV,110,1.0,0.0,0.6964291050426581,0.6964291050426581,,,,1.0
12,water_hl_gap_eV,111,1.0,0.0,0.6964291050426581,0.6964291050426581,,,,1.0
12,water_hl_gap_eV,112,1.0,0.0,0.6964291050426581,0.6964291050426581,,,,1.0
12,water_hl_gap_eV,113,1.0,0.0,0.6964291050426581,0.6964291050426581,,,,1.0
12,water_hl_gap_eV,114,1.0,0.0,0.6964291050426581,0.6964291050426581,,,,1.0
12,water_hl_gap_eV,115,1.0,0.0,0.6964291050426581,0.6964291050426581,,,,1.0
12,water_hl_gap_eV,116,1.0,0.0,0.6964291050426581,0.6964291050426581,,,,1.0
12,water_hl_gap_eV,117,1.0,0.0,0.6964291050426581,0.6964291050426581,,,,1.0
12,water_hl_gap_eV,118,1.0,0.0,0.6964291050426581,0.6964291050426581,,,,1.0
12,water_hl_gap_eV,119,1.0,0.0,0.6964291050426581,0.6964291050426581,,,,1.0
12,water_hl_gap_eV,120,1.0,0.0,0.6964291050426581,0.6964291050426581,,,,1.0
12,water_hl_gap_eV,121,1.0,0.0,0.6964291050426581,0.6964291050426581,,,,1.0
12,water_hl_gap_eV,122,1.0,0.0,0.6964291050426581,0.6964291050426581,,,,1.0
12,water_hl_gap_eV,123,1.0,0.0,0.6964291050426581,0.6964291050426581,,,,1.0
12,water_hl_gap_eV,124,1.0,0.0,0.6964291050426581,0.6964291050426581,,,,1.0
12,water_hl_gap_eV,125,1.0,0.0,0.6964291050426581,0.6964291050426581,,,,1.0
12,water_hl_gap_eV,126,1.0,0.0,0.6964291050426581,0.6964291050426581,,,,1.0
12,water_hl_gap_eV,127,1.0,0.0,0.6964291050426581,0.6964291050426581,,,,1.0
12,water_hl_gap_eV,128,1.0,0.0,0.6964291050426581,0.6964291050426581,,,,1.0
12,water_hl_gap_eV,129,1.0,0.0,0.6964291050426581,0.6964291050426581,,,,1.0
12,water_hl_gap_eV,130,1.0,0.0,0.6964291050426581,0.6964291050426581,,,,1.0
12,water_hl_gap_eV,131,1.0,0.0,0.6964291050426581,0.6964291050426581,,,,1.0
12,water_hl_gap_eV,132,1.0,0.0,0.6964291050426581,0.6964291050426581,,,,1.0
12,water_hl_gap_eV,133,1.0,0.0,0.6964291050426581,0.6964291050426581,,,,1.0
12,water_hl_gap_eV,134,1.0,0.0,0.6964291050426581,0.6964291050426581,,,,1.0
12,water_hl_gap_eV,135,1.0,0.0,0.6964291050426581,0.6964291050426581,,,,1.0
12,water_hl_gap_eV,136,1.0,0.0,0.6964291050426581,0.6964291050426581,,,,1.0
12,water_hl_gap_eV,137,1.0,0.0,0.6964291050426581,0.6964291050426581,,,,1.0
12,water_hl_gap_eV,138,1.0,0.0,0.6964291050426581,0.6964291050426581,,,,1.0
12,water_hl_gap_eV,139,1.0,0.0,0.6964291050426581,0.6964291050426581,,,,1.0
12,water_hl_gap_eV,140,1.0,0.0,0.6964291050426581,0.6964291050426581,,,,1.0
12,water_hl_gap_eV,141,1.0,0.0,0.6964291050426581,0.6964291050426581,,,,1.0
12,water_hl_gap_eV,142,1.0,0.0,0.6964291050426581,0.6964291050426581,,,,1.0
12,water_hl_gap_eV,143,1.0,0.0,0.6964291050426581,0.6964291050426581,,,,1.0
12,water_hl_gap_eV,144,1.0,0.0,0.6964291050426581,0.6964291050426581,,,,1.0
12,water_hl_gap_eV,145,1.0,0.0,0.6964291050426581,0.6964291050426581,,,,1.0
12,water_hl_gap_eV,146,1.0,0.0,0.6964291050426581,0.6964291050426581,,,,1.0
12,water_hl_gap_eV,147,1.0,0.0,0.6964291050426581,0.6964291050426581,,,,1.0
12,water_hl_gap_eV,148,1.0,0.0,0.6964291050426581,0.6964291050426581,,,,1.0
12,water_hl_gap_eV,149,1.0,0.0,0.6964291050426581,0.6964291050426581,,,,1.0
12,water_hl_gap_eV,150,1.0,0.0,0.6964291050426581,0.6964291050426581,,,,1.0
12,water_hl_gap_eV,151,1.0,0.0,0.6964291050426581,0.6964291050426581,,,,1.0
12,water_hl_gap_eV,152,1.0,0.0,0.6964291050426581,0.6964291050426581,,,,1.0
12,water_hl_gap_eV,153,1.0,0.0,0.6964291050426581,0.6964291050426581,,,,1.0
12,water_hl_gap_eV,154,1.0,0.0,0.6964291050426581,0.6964291050426581,,,,1.0
12,water_hl_gap_eV,155,1.0,0.0,0.6964291050426581,0.6964291050426581,,,,1.0
12,water_hl_gap_eV,156,1.0,0.0,0.6964291050426581,0.6964291050426581,,,,1.0
12,water_hl_gap_eV,157,1.0,0.0,0.6964291050426581,0.6964291050426581,,,,1.0
12,water_hl_gap_eV,158,1.0,0.0,0.6964291050426581,0.6964291050426581,,,,1.0
12,water_hl_gap_eV,159,1.0,0.0,0.6964291050426581,0.6964291050426581,,,,1.0
12,water_hl_gap_eV,160,1.0,0.0,0.6964291050426581,0.6964291050426581,,,,1.0
12,water_hl_gap_eV,161,1.0,0.0,0.6964291050426581,0.6964291050426581,,,,1.0
12,water_hl_gap_eV,162,1.0,0.0,0.6964291050426581,0.6964291050426581,,,,1.0
12,water_hl_gap_eV,163,1.0,0.0,0.6964291050426581,0.6964291050426581,,,,1.0
12,water_hl_gap_eV,164,1.0,0.0,0.6964291050426581,0.6964291050426581,,,,1.0
12,water_hl_gap_eV,165,1.0,0.0,0.6964291050426581,0.6964291050426581,,,,1.0
12,water_hl_gap_eV,166,1.0,0.0,0.6964291050426581,0.6964291050426581,,,,1.0
12,water_hl_gap_eV,167,1.0,0.0,0.6964291050426581,0.6964291050426581,,,,1.0
12,water_hl_gap_eV,168,1.0,0.0,0.6964291050426581,0.6964291050426581,,,,1.0
12,water_hl_gap_eV,169,1.0,0.0,0.6964291050426581,0.6964291050426581,,,,1.0
12,water_hl_gap_eV,170,1.0,0.0,0.6964291050426581,0.6964291050426581,,,,1.0
12,water_hl_gap_eV,171,1.0,0.0,0.6964291050426581,0.6964291050426581,,,,1.0
12,water_hl_gap_eV,172,1.0,0.0,0.6964291050426581,0.6964291050426581,,,,1.0
12,water_hl_gap_eV,173,1.0,0.0,0.6964291050426581,0.6964291050426581,,,,1.0
12,water_hl_gap_eV,174,1.0,0.0,0.6964291050426581,0.6964291050426581,,,,1.0
12,water_hl_gap_eV,175,1.0,0.0,0.6964291050426581,0.6964291050426581,,,,1.0
12,water_hl_gap_eV,176,1.0,0.0,0.6964291050426581,0.6964291050426581,,,,1.0
12,water_hl_gap_eV,177,1.0,0.0,0.6964291050426581,0.6964291050426581,,,,1.0
12,water_hl_gap_eV,178,1.0,0.0,0.6964291050426581,0.6964291050426581,,,,1.0
12,water_hl_gap_eV,179,1.0,0.0,0.6964291050426581,0.6964291050426581,,,,1.0
12,water_hl_gap_eV,180,1.0,0.0,0.6964291050426581,0.6964291050426581,,,,1.0
12,water_hl_gap_eV,181,1.0,0.0,0.6964291050426581,0.6964291050426581,,,,1.0
12,water_hl_gap_eV,182,1.0,0.0,0.6964291050426581,0.6964291050426581,,,,1.0
12,water_hl_gap_eV,183,1.0,0.0,0.6964291050426581,0.6964291050426581,,,,1.0
12,water_hl_gap_eV,184,1.0,0.0,0.6964291050426581,0.6964291050426581,,,,1.0
12,water_hl_gap_eV,185,1.0,0.0,0.6964291050426581,0.6964291050426581,,,,1.0
12,water_hl_gap_eV,186,1.0,0.0,0.6964291050426581,0.6964291050426581,,,,1.0
12,water_hl_gap_eV,187,1.0,0.0,0.6964291050426581,0.6964291050426581,,,,1.0
12,water_hl_gap_eV,188,1.0,0.0,0.6964291050426581,0.6964291050426581,,,,1.0
12,water_hl_gap_eV,189,1.0,0.0,0.6964291050426581,0.6964291050426581,,,,1.0
12,water_hl_gap_eV,190,1.0,0.0,0.6964291050426581,0.6964291050426581,,,,1.0
12,water_hl_gap_eV,191,1.0,0.0,0.6964291050426581,0.6964291050426581,,,,1.0
12,water_hl_gap_eV,192,1.0,0.0,0.6964291050426581,0.6964291050426581,,,,1.0
12,water_hl_gap_eV,193,1.0,0.0,0.6964291050426581,0.6964291050426581,,,,1.0
12,water_hl_gap_eV,194,1.0,0.0,0.6964291050426581,0.6964291050426581,,,,1.0
12,water_hl_gap_eV,195,1.0,0.0,0.6964291050426581,0.6964291050426581,,,,1.0
12,water_hl_gap_eV,196,1.0,0.0,0.6964291050426581,0.6964291050426581,,,,1.0
12,water_hl_gap_eV,197,1.0,0.0,0.6964291050426581,0.6964291050426581,,,,1.0
12,water_hl_gap_eV,198,1.0,0.0,0.6964291050426581,0.6964291050426581,,,,1.0
12,water_hl_gap_eV,199,1.0,0.0,0.6964291050426581,0.6964291050426581,,,,1.0
12,water_hl_gap_eV,200,1.0,0.0,0.6964291050426581,0.6964291050426581,,,,1.0
12,water_hl_gap_eV,201,1.0,0.0,0.6964291050426581,0.6964291050426581,,,,1.0
12,water_hl_gap_eV,202,1.0,0.0,0.6964291050426581,0.6964291050426581,,,,1.0
12,water_hl_gap_eV,203,1.0,0.0,0.6964291050426581,0.6964291050426581,,,,1.0
12,water_hl_gap_eV,204,1.0,0.0,0.6964291050426581,0.6964291050426581,,,,1.0
12,water_hl_gap_eV,205,1.0,0.0,0.6964291050426581,0.6964291050426581,,,,1.0
12,water_hl_gap_eV,206,1.0,0.0,0.6964291050426581,0.6964291050426581,,,,1.0
12,water_hl_gap_eV,207,1.0,0.0,0.6964291050426581,0.6964291050426581,,,,1.0
12,water_hl_gap_eV,208,1.0,0.0,0.6964291050426581,0.6964291050426581,,,,1.0
12,water_hl_gap_eV,209,1.0,0.0,0.6964291050426581,0.6964291050426581,,,,1.0
12,water_hl_gap_eV,210,1.0,0.0,0.6964291050426581,0.6964291050426581,,,,1.0
12,water_hl_gap_eV,211,1.0,0.0,0.6964291050426581,0.6964291050426581,,,,1.0
12,water_hl_gap_eV,212,1.0,0.0,0.6964291050426581,0.6964291050426581,,,,1.0
12,water_hl_gap_eV,213,1.0,0.0,0.6964291050426581,0.6964291050426581,,,,1.0
12,water_hl_gap_eV,214,1.0,0.0,0.6964291050426581,0.6964291050426581,,,,1.0
12,water_hl_gap_eV,215,1.0,0.0,0.6964291050426581,0.6964291050426581,,,,1.0
12,water_hl_gap_eV,216,1.0,0.0,0.6964291050426581,0.6964291050426581,,,,1.0
12,water_hl_gap_eV,217,1.0,0.0,0.6964291050426581,0.6964291050426581,,,,1.0
12,water_hl_gap_eV,218,1.0,0.0,0.6964291050426581,0.6964291050426581,,,,1.0
12,water_hl_gap_eV,219,1.0,0.0,0.6964291050426581,0.6964291050426581,,,,1.0
12,water_hl_gap_eV,220,1.0,0.0,0.6964291050426581,0.6964291050426581,,,,1.0
12,water_hl_gap_eV,221,1.0,0.0,0.6964291050426581,0.6964291050426581,,,,1.0
12,water_hl_gap_eV,222,1.0,0.0,0.6964291050426581,0.6964291050426581,,,,1.0
12,water_hl_gap_eV,223,1.0,0.0,0.6964291050426581,0.6964291050426581,,,,1.0
12,water_hl_gap_eV,224,1.0,0.0,0.6964291050426581,0.6964291050426581,,,,1.0
12,water_hl_gap_eV,225,1.0,0.0,0.6964291050426581,0.6964291050426581,,,,1.0
12,water_hl_gap_eV,226,1.0,0.0,0.6964291050426581,0.6964291050426581,,,,1.0
12,water_hl_gap_eV,227,1.0,0.0,0.6964291050426581,0.6964291050426581,,,,1.0
12,water_hl_gap_eV,228,1.0,0.0,0.6964291050426581,0.6964291050426581,,,,1.0
12,water_hl_gap_eV,229,1.0,0.0,0.6964291050426581,0.6964291050426581,,,,1.0
12,water_hl_gap_eV,230,1.0,0.0,0.6964291050426581,0.6964291050426581,,,,1.0
12,water_hl_gap_eV,231,1.0,0.0,0.6964291050426581,0.6964291050426581,,,,1.0
12,water_hl_gap_eV,232,1.0,0.0,0.6964291050426581,0.6964291050426581,,,,1.0
12,water_hl_gap_eV,233,1.0,0.0,0.6964291050426581,0.6964291050426581,,,,1.0
12,water_hl_gap_eV,234,1.0,0.0,0.6964291050426581,0.6964291050426581,,,,1.0
12,water_hl_gap_eV,235,1.0,0.0,0.6964291050426581,0.6964291050426581,,,,1.0
12,water_hl_gap_eV,236,1.0,0.0,0.6964291050426581,0.6964291050426581,,,,1.0
12,water_hl_gap_eV,237,1.0,0.0,0.6964291050426581,0.6964291050426581,,,,1.0
12,water_hl_gap_eV,238,1.0,0.0,0.6964291050426581,0.6964291050426581,,,,1.0
12,water_hl_gap_eV,239,1.0,0.0,0.6964291050426581,0.6964291050426581,,,,1.0
12,water_hl_gap_eV,240,1.0,0.0,0.6964291050426581,0.6964291050426581,,,,1.0
12,water_hl_gap_eV,241,1.0,0.0,0.6964291050426581,0.6964291050426581,,,,1.0
12,water_hl_gap_eV,242,1.0,0.0,0.6964291050426581,0.6964291050426581,,,,1.0
12,water_hl_gap_eV,243,1.0,0.0,0.6964291050426581,0.6964291050426581,,,,1.0
12,water_hl_gap_eV,244,1.0,0.0,0.6964291050426581,0.6964291050426581,,,,1.0
12,water_hl_gap_eV,245,1.0,0.0,0.6964291050426581,0.6964291050426581,,,,1.0
12,water_hl_gap_eV,246,1.0,0.0,0.6964291050426581,0.6964291050426581,,,,1.0
12,water_hl_gap_eV,247,1.0,0.0,0.6964291050426581,0.6964291050426581,,,,1.0
12,water_hl_gap_eV,248,1.0,0.0,0.6964291050426581,0.6964291050426581,,,,1.0
12,water_hl_gap_eV,249,1.0,0.0,0.6964291050426581,0.6964291050426581,,,,1.0
12,water_dipole,0,1.0,0.0,0.6023457673107262,0.6023457673107262,,,,1.0
12,water_dipole,1,1.0,0.0,0.6023457673107262,0.6023457673107262,,,,1.0
12,water_dipole,2,1.0,0.0,0.6023457673107262,0.6023457673107262,,,,1.0
12,water_dipole,3,1.0,0.0,0.6023457673107262,0.6023457673107262,,,,1.0
12,water_dipole,4,1.0,0.0,0.6023457673107262,0.6023457673107262,,,,1.0
12,water_dipole,5,1.0,0.0,0.6023457673107262,0.6023457673107262,,,,1.0
12,water_dipole,6,1.0,0.0,0.6023457673107262,0.6023457673107262,,,,1.0
12,water_dipole,7,1.0,0.0,0.6023457673107262,0.6023457673107262,,,,1.0
12,water_dipole,8,1.0,0.0,0.6023457673107262,0.6023457673107262,,,,1.0
12,water_dipole,9,1.0,0.0,0.6023457673107262,0.6023457673107262,,,,1.0
12,water_dipole,10,1.0,0.0,0.6023457673107262,0.6023457673107262,,,,1.0
12,water_dipole,11,1.0,0.0,0.6023457673107262,0.6023457673107262,,,,1.0
12,water_dipole,12,1.0,0.0,0.6023457673107262,0.6023457673107262,,,,1.0
12,water_dipole,13,1.0,0.0,0.6023457673107262,0.6023457673107262,,,,1.0
12,water_dipole,14,1.0,0.0,0.6023457673107262,0.6023457673107262,,,,1.0
12,water_dipole,15,1.0,0.0,0.6023457673107262,0.6023457673107262,,,,1.0
12,water_dipole,16,1.0,0.0,0.6023457673107262,0.6023457673107262,,,,1.0
12,water_dipole,17,1.0,0.0,0.6023457673107262,0.6023457673107262,,,,1.0
12,water_dipole,18,1.0,0.0,0.6023457673107262,0.6023457673107262,,,,1.0
12,water_dipole,19,1.0,0.0,0.6023457673107262,0.6023457673107262,,,,1.0
12,water_dipole,20,1.0,0.0,0.6023457673107262,0.6023457673107262,,,,1.0
12,water_dipole,21,1.0,0.0,0.6023457673107262,0.6023457673107262,,,,1.0
12,water_dipole,22,1.0,0.0,0.6023457673107262,0.6023457673107262,,,,1.0
12,water_dipole,23,1.0,0.0,0.6023457673107262,0.6023457673107262,,,,1.0
12,water_dipole,24,1.0,0.0,0.6023457673107262,0.6023457673107262,,,,1.0
12,water_dipole,25,1.0,0.0,0.6023457673107262,0.6023457673107262,,,,1.0
12,water_dipole,26,1.0,0.0,0.6023457673107262,0.6023457673107262,,,,1.0
12,water_dipole,27,1.0,0.0,0.6023457673107262,0.6023457673107262,,,,1.0
12,water_dipole,28,1.0,0.0,0.6023457673107262,0.6023457673107262,,,,1.0
12,water_dipole,29,1.0,0.0,0.6023457673107262,0.6023457673107262,,,,1.0
12,water_dipole,30,1.0,0.0,0.6023457673107262,0.6023457673107262,,,,1.0
12,water_dipole,31,1.0,0.0,0.6023457673107262,0.6023457673107262,,,,1.0
12,water_dipole,32,1.0,0.0,0.6023457673107262,0.6023457673107262,,,,1.0
12,water_dipole,33,1.0,0.0,0.6023457673107262,0.6023457673107262,,,,1.0
12,water_dipole,34,1.0,0.0,0.6023457673107262,0.6023457673107262,,,,1.0
12,water_dipole,35,1.0,0.0,0.6023457673107262,0.6023457673107262,,,,1.0
12,water_dipole,36,1.0,0.0,0.6023457673107262,0.6023457673107262,,,,1.0
12,water_dipole,37,1.0,0.0,0.6023457673107262,0.6023457673107262,,,,1.0
12,water_dipole,38,1.0,0.0,0.6023457673107262,0.6023457673107262,,,,1.0
12,water_dipole,39,1.0,0.0,0.6023457673107262,0.6023457673107262,,,,1.0
12,water_dipole,40,1.0,0.0,0.6023457673107262,0.6023457673107262,,,,1.0
12,water_dipole,41,1.0,0.0,0.6023457673107262,0.6023457673107262,,,,1.0
12,water_dipole,42,1.0,0.0,0.6023457673107262,0.6023457673107262,,,,1.0
12,water_dipole,43,1.0,0.0,0.6023457673107262,0.6023457673107262,,,,1.0
12,water_dipole,44,1.0,0.0,0.6023457673107262,0.6023457673107262,,,,1.0
12,water_dipole,45,1.0,0.0,0.6023457673107262,0.6023457673107262,,,,1.0
12,water_dipole,46,1.0,0.0,0.6023457673107262,0.6023457673107262,,,,1.0
12,water_dipole,47,1.0,0.0,0.6023457673107262,0.6023457673107262,,,,1.0
12,water_dipole,48,1.0,0.0,0.6023457673107262,0.6023457673107262,,,,1.0
12,water_dipole,49,1.0,0.0,0.6023457673107262,0.6023457673107262,,,,1.0
12,water_dipole,50,1.0,0.0,0.6023457673107262,0.6023457673107262,,,,1.0
12,water_dipole,51,1.0,0.0,0.6023457673107262,0.6023457673107262,,,,1.0
12,water_dipole,52,1.0,0.0,0.6023457673107262,0.6023457673107262,,,,1.0
12,water_dipole,53,1.0,0.0,0.6023457673107262,0.6023457673107262,,,,1.0
12,water_dipole,54,1.0,0.0,0.6023457673107262,0.6023457673107262,,,,1.0
12,water_dipole,55,1.0,0.0,0.6023457673107262,0.6023457673107262,,,,1.0
12,water_dipole,56,1.0,0.0,0.6023457673107262,0.6023457673107262,,,,1.0
12,water_dipole,57,1.0,0.0,0.6023457673107262,0.6023457673107262,,,,1.0
12,water_dipole,58,1.0,0.0,0.6023457673107262,0.6023457673107262,,,,1.0
12,water_dipole,59,1.0,0.0,0.6023457673107262,0.6023457673107262,,,,1.0
12,water_dipole,60,1.0,0.0,0.6023457673107262,0.6023457673107262,,,,1.0
12,water_dipole,61,1.0,0.0,0.6023457673107262,0.6023457673107262,,,,1.0
12,water_dipole,62,1.0,0.0,0.6023457673107262,0.6023457673107262,,,,1.0
12,water_dipole,63,1.0,0.0,0.6023457673107262,0.6023457673107262,,,,1.0
12,water_dipole,64,1.0,0.0,0.6023457673107262,0.6023457673107262,,,,1.0
12,water_dipole,65,1.0,0.0,0.6023457673107262,0.6023457673107262,,,,1.0
12,water_dipole,66,1.0,0.0,0.6023457673107262,0.6023457673107262,,,,1.0
12,water_dipole,67,1.0,0.0,0.6023457673107262,0.6023457673107262,,,,1.0
12,water_dipole,68,1.0,0.0,0.6023457673107262,0.6023457673107262,,,,1.0
12,water_dipole,69,1.0,0.0,0.6023457673107262,0.6023457673107262,,,,1.0
12,water_dipole,70,1.0,0.0,0.6023457673107262,0.6023457673107262,,,,1.0
12,water_dipole,71,1.0,0.0,0.6023457673107262,0.6023457673107262,,,,1.0
12,water_dipole,72,1.0,0.0,0.6023457673107262,0.6023457673107262,,,,1.0
12,water_dipole,73,1.0,0.0,0.6023457673107262,0.6023457673107262,,,,1.0
12,water_dipole,74,1.0,0.0,0.6023457673107262,0.6023457673107262,,,,1.0
12,water_dipole,75,1.0,0.0,0.6023457673107262,0.6023457673107262,,,,1.0
12,water_dipole,76,1.0,0.0,0.6023457673107262,0.6023457673107262,,,,1.0
12,water_dipole,77,1.0,0.0,0.6023457673107262,0.6023457673107262,,,,1.0
12,water_dipole,78,1.0,0.0,0.6023457673107262,0.6023457673107262,,,,1.0
12,water_dipole,79,1.0,0.0,0.6023457673107262,0.6023457673107262,,,,1.0
12,water_dipole,80,1.0,0.0,0.6023457673107262,0.6023457673107262,,,,1.0
12,water_dipole,81,1.0,0.0,0.6023457673107262,0.6023457673107262,,,,1.0
12,water_dipole,82,1.0,0.0,0.6023457673107262,0.6023457673107262,,,,1.0
12,water_dipole,83,1.0,0.0,0.6023457673107262,0.6023457673107262,,,,1.0
12,water_dipole,84,1.0,0.0,0.6023457673107262,0.6023457673107262,,,,1.0
12,water_dipole,85,1.0,0.0,0.6023457673107262,0.6023457673107262,,,,1.0
12,water_dipole,86,1.0,0.0,0.6023457673107262,0.6023457673107262,,,,1.0
12,water_dipole,87,1.0,0.0,0.6023457673107262,0.6023457673107262,,,,1.0
12,water_dipole,88,1.0,0.0,0.6023457673107262,0.6023457673107262,,,,1.0
12,water_dipole,89,1.0,0.0,0.6023457673107262,0.6023457673107262,,,,1.0
12,water_dipole,90,1.0,0.0,0.6023457673107262,0.6023457673107262,,,,1.0
12,water_dipole,91,1.0,0.0,0.6023457673107262,0.6023457673107262,,,,1.0
12,water_dipole,92,1.0,0.0,0.6023457673107262,0.6023457673107262,,,,1.0
12,water_dipole,93,1.0,0.0,0.6023457673107262,0.6023457673107262,,,,1.0
12,water_dipole,94,1.0,0.0,0.6023457673107262,0.6023457673107262,,,,1.0
12,water_dipole,95,1.0,0.0,0.6023457673107262,0.6023457673107262,,,,1.0
12,water_dipole,96,1.0,0.0,0.6023457673107262,0.6023457673107262,,,,1.0
12,water_dipole,97,1.0,0.0,0.6023457673107262,0.6023457673107262,,,,1.0
12,water_dipole,98,1.0,0.0,0.6023457673107262,0.6023457673107262,,,,1.0
12,water_dipole,99,1.0,0.0,0.6023457673107262,0.6023457673107262,,,,1.0
12,water_dipole,100,1.0,0.0,0.6023457673107262,0.6023457673107262,,,,1.0
12,water_dipole,101,1.0,0.0,0.6023457673107262,0.6023457673107262,,,,1.0
12,water_dipole,102,1.0,0.0,0.6023457673107262,0.6023457673107262,,,,1.0
12,water_dipole,103,1.0,0.0,0.6023457673107262,0.6023457673107262,,,,1.0
12,water_dipole,104,1.0,0.0,0.6023457673107262,0.6023457673107262,,,,1.0
12,water_dipole,105,1.0,0.0,0.6023457673107262,0.6023457673107262,,,,1.0
12,water_dipole,106,1.0,0.0,0.6023457673107262,0.6023457673107262,,,,1.0
12,water_dipole,107,1.0,0.0,0.6023457673107262,0.6023457673107262,,,,1.0
12,water_dipole,108,1.0,0.0,0.6023457673107262,0.6023457673107262,,,,1.0
12,water_dipole,109,1.0,0.0,0.6023457673107262,0.6023457673107262,,,,1.0
12,water_dipole,110,1.0,0.0,0.6023457673107262,0.6023457673107262,,,,1.0
12,water_dipole,111,1.0,0.0,0.6023457673107262,0.6023457673107262,,,,1.0
12,water_dipole,112,1.0,0.0,0.6023457673107262,0.6023457673107262,,,,1.0
12,water_dipole,113,1.0,0.0,0.6023457673107262,0.6023457673107262,,,,1.0
12,water_dipole,114,1.0,0.0,0.6023457673107262,0.6023457673107262,,,,1.0
12,water_dipole,115,1.0,0.0,0.6023457673107262,0.6023457673107262,,,,1.0
12,water_dipole,116,1.0,0.0,0.6023457673107262,0.6023457673107262,,,,1.0
12,water_dipole,117,1.0,0.0,0.6023457673107262,0.6023457673107262,,,,1.0
12,water_dipole,118,1.0,0.0,0.6023457673107262,0.6023457673107262,,,,1.0
12,water_dipole,119,1.0,0.0,0.6023457673107262,0.6023457673107262,,,,1.0
12,water_dipole,120,1.0,0.0,0.6023457673107262,0.6023457673107262,,,,1.0
12,water_dipole,121,1.0,0.0,0.6023457673107262,0.6023457673107262,,,,1.0
12,water_dipole,122,1.0,0.0,0.6023457673107262,0.6023457673107262,,,,1.0
12,water_dipole,123,1.0,0.0,0.6023457673107262,0.6023457673107262,,,,1.0
12,water_dipole,124,1.0,0.0,0.6023457673107262,0.6023457673107262,,,,1.0
12,water_dipole,125,1.0,0.0,0.6023457673107262,0.6023457673107262,,,,1.0
12,water_dipole,126,1.0,0.0,0.6023457673107262,0.6023457673107262,,,,1.0
12,water_dipole,127,1.0,0.0,0.6023457673107262,0.6023457673107262,,,,1.0
12,water_dipole,128,1.0,0.0,0.6023457673107262,0.6023457673107262,,,,1.0
12,water_dipole,129,1.0,0.0,0.6023457673107262,0.6023457673107262,,,,1.0
12,water_dipole,130,1.0,0.0,0.6023457673107262,0.6023457673107262,,,,1.0
12,water_dipole,131,1.0,0.0,0.6023457673107262,0.6023457673107262,,,,1.0
12,water_dipole,132,1.0,0.0,0.6023457673107262,0.6023457673107262,,,,1.0
12,water_dipole,133,1.0,0.0,0.6023457673107262,0.6023457673107262,,,,1.0
12,water_dipole,134,1.0,0.0,0.6023457673107262,0.6023457673107262,,,,1.0
12,water_dipole,135,1.0,0.0,0.6023457673107262,0.6023457673107262,,,,1.0
12,water_dipole,136,1.0,0.0,0.6023457673107262,0.6023457673107262,,,,1.0
12,water_dipole,137,1.0,0.0,0.6023457673107262,0.6023457673107262,,,,1.0
12,water_dipole,138,1.0,0.0,0.6023457673107262,0.6023457673107262,,,,1.0
12,water_dipole,139,1.0,0.0,0.6023457673107262,0.6023457673107262,,,,1.0
12,water_dipole,140,1.0,0.0,0.6023457673107262,0.6023457673107262,,,,1.0
12,water_dipole,141,1.0,0.0,0.6023457673107262,0.6023457673107262,,,,1.0
12,water_dipole,142,1.0,0.0,0.6023457673107262,0.6023457673107262,,,,1.0
12,water_dipole,143,1.0,0.0,0.6023457673107262,0.6023457673107262,,,,1.0
12,water_dipole,144,1.0,0.0,0.6023457673107262,0.6023457673107262,,,,1.0
12,water_dipole,145,1.0,0.0,0.6023457673107262,0.6023457673107262,,,,1.0
12,water_dipole,146,1.0,0.0,0.6023457673107262,0.6023457673107262,,,,1.0
12,water_dipole,147,1.0,0.0,0.6023457673107262,0.6023457673107262,,,,1.0
12,water_dipole,148,1.0,0.0,0.6023457673107262,0.6023457673107262,,,,1.0
12,water_dipole,149,1.0,0.0,0.6023457673107262,0.6023457673107262,,,,1.0
12,water_dipole,150,1.0,0.0,0.6023457673107262,0.6023457673107262,,,,1.0
12,water_dipole,151,1.0,0.0,0.6023457673107262,0.6023457673107262,,,,1.0
12,water_dipole,152,1.0,0.0,0.6023457673107262,0.6023457673107262,,,,1.0
12,water_dipole,153,1.0,0.0,0.6023457673107262,0.6023457673107262,,,,1.0
12,water_dipole,154,1.0,0.0,0.6023457673107262,0.6023457673107262,,,,1.0
12,water_dipole,155,1.0,0.0,0.6023457673107262,0.6023457673107262,,,,1.0
12,water_dipole,156,1.0,0.0,0.6023457673107262,0.6023457673107262,,,,1.0
12,water_dipole,157,1.0,0.0,0.6023457673107262,0.6023457673107262,,,,1.0
12,water_dipole,158,1.0,0.0,0.6023457673107262,0.6023457673107262,,,,1.0
12,water_dipole,159,1.0,0.0,0.6023457673107262,0.6023457673107262,,,,1.0
12,water_dipole,160,1.0,0.0,0.6023457673107262,0.6023457673107262,,,,1.0
12,water_dipole,161,1.0,0.0,0.6023457673107262,0.6023457673107262,,,,1.0
12,water_dipole,162,1.0,0.0,0.6023457673107262,0.6023457673107262,,,,1.0
12,water_dipole,163,1.0,0.0,0.6023457673107262,0.6023457673107262,,,,1.0
12,water_dipole,164,1.0,0.0,0.6023457673107262,0.6023457673107262,,,,1.0
12,water_dipole,165,1.0,0.0,0.6023457673107262,0.6023457673107262,,,,1.0
12,water_dipole,166,1.0,0.0,0.6023457673107262,0.6023457673107262,,,,1.0
12,water_dipole,167,1.0,0.0,0.6023457673107262,0.6023457673107262,,,,1.0
12,water_dipole,168,1.0,0.0,0.6023457673107262,0.6023457673107262,,,,1.0
12,water_dipole,169,1.0,0.0,0.6023457673107262,0.6023457673107262,,,,1.0
12,water_dipole,170,1.0,0.0,0.6023457673107262,0.6023457673107262,,,,1.0
12,water_dipole,171,1.0,0.0,0.6023457673107262,0.6023457673107262,,,,1.0
12,water_dipole,172,1.0,0.0,0.6023457673107262,0.6023457673107262,,,,1.0
12,water_dipole,173,1.0,0.0,0.6023457673107262,0.6023457673107262,,,,1.0
12,water_dipole,174,1.0,0.0,0.6023457673107262,0.6023457673107262,,,,1.0
12,water_dipole,175,1.0,0.0,0.6023457673107262,0.6023457673107262,,,,1.0
12,water_dipole,176,1.0,0.0,0.6023457673107262,0.6023457673107262,,,,1.0
12,water_dipole,177,1.0,0.0,0.6023457673107262,0.6023457673107262,,,,1.0
12,water_dipole,178,1.0,0.0,0.6023457673107262,0.6023457673107262,,,,1.0
12,water_dipole,179,1.0,0.0,0.6023457673107262,0.6023457673107262,,,,1.0
12,water_dipole,180,1.0,0.0,0.6023457673107262,0.6023457673107262,,,,1.0
12,water_dipole,181,1.0,0.0,0.6023457673107262,0.6023457673107262,,,,1.0
12,water_dipole,182,1.0,0.0,0.6023457673107262,0.6023457673107262,,,,1.0
12,water_dipole,183,1.0,0.0,0.6023457673107262,0.6023457673107262,,,,1.0
12,water_dipole,184,1.0,0.0,0.6023457673107262,0.6023457673107262,,,,1.0
12,water_dipole,185,1.0,0.0,0.6023457673107262,0.6023457673107262,,,,1.0
12,water_dipole,186,1.0,0.0,0.6023457673107262,0.6023457673107262,,,,1.0
12,water_dipole,187,1.0,0.0,0.6023457673107262,0.6023457673107262,,,,1.0
12,water_dipole,188,1.0,0.0,0.6023457673107262,0.6023457673107262,,,,1.0
12,water_dipole,189,1.0,0.0,0.6023457673107262,0.6023457673107262,,,,1.0
12,water_dipole,190,1.0,0.0,0.6023457673107262,0.6023457673107262,,,,1.0
12,water_dipole,191,1.0,0.0,0.6023457673107262,0.6023457673107262,,,,1.0
12,water_dipole,192,1.0,0.0,0.6023457673107262,0.6023457673107262,,,,1.0
12,water_dipole,193,1.0,0.0,0.6023457673107262,0.6023457673107262,,,,1.0
12,water_dipole,194,1.0,0.0,0.6023457673107262,0.6023457673107262,,,,1.0
12,water_dipole,195,1.0,0.0,0.6023457673107262,0.6023457673107262,,,,1.0
12,water_dipole,196,1.0,0.0,0.6023457673107262,0.6023457673107262,,,,1.0
12,water_dipole,197,1.0,0.0,0.6023457673107262,0.6023457673107262,,,,1.0
12,water_dipole,198,1.0,0.0,0.6023457673107262,0.6023457673107262,,,,1.0
12,water_dipole,199,1.0,0.0,0.6023457673107262,0.6023457673107262,,,,1.0
12,water_dipole,200,1.0,0.0,0.6023457673107262,0.6023457673107262,,,,1.0
12,water_dipole,201,1.0,0.0,0.6023457673107262,0.6023457673107262,,,,1.0
12,water_dipole,202,1.0,0.0,0.6023457673107262,0.6023457673107262,,,,1.0
12,water_dipole,203,1.0,0.0,0.6023457673107262,0.6023457673107262,,,,1.0
12,water_dipole,204,1.0,0.0,0.6023457673107262,0.6023457673107262,,,,1.0
12,water_dipole,205,1.0,0.0,0.6023457673107262,0.6023457673107262,,,,1.0
12,water_dipole,206,1.0,0.0,0.6023457673107262,0.6023457673107262,,,,1.0
12,water_dipole,207,1.0,0.0,0.6023457673107262,0.6023457673107262,,,,1.0
12,water_dipole,208,1.0,0.0,0.6023457673107262,0.6023457673107262,,,,1.0
12,water_dipole,209,1.0,0.0,0.6023457673107262,0.6023457673107262,,,,1.0
12,water_dipole,210,1.0,0.0,0.6023457673107262,0.6023457673107262,,,,1.0
12,water_dipole,211,1.0,0.0,0.6023457673107262,0.6023457673107262,,,,1.0
12,water_dipole,212,1.0,0.0,0.6023457673107262,0.6023457673107262,,,,1.0
12,water_dipole,213,1.0,0.0,0.6023457673107262,0.6023457673107262,,,,1.0
12,water_dipole,214,1.0,0.0,0.6023457673107262,0.6023457673107262,,,,1.0
12,water_dipole,215,1.0,0.0,0.6023457673107262,0.6023457673107262,,,,1.0
12,water_dipole,216,1.0,0.0,0.6023457673107262,0.6023457673107262,,,,1.0
12,water_dipole,217,1.0,0.0,0.6023457673107262,0.6023457673107262,,,,1.0
12,water_dipole,218,1.0,0.0,0.6023457673107262,0.6023457673107262,,,,1.0
12,water_dipole,219,1.0,0.0,0.6023457673107262,0.6023457673107262,,,,1.0
12,water_dipole,220,1.0,0.0,0.6023457673107262,0.6023457673107262,,,,1.0
12,water_dipole,221,1.0,0.0,0.6023457673107262,0.6023457673107262,,,,1.0
12,water_dipole,222,1.0,0.0,0.6023457673107262,0.6023457673107262,,,,1.0
12,water_dipole,223,1.0,0.0,0.6023457673107262,0.6023457673107262,,,,1.0
12,water_dipole,224,1.0,0.0,0.6023457673107262,0.6023457673107262,,,,1.0
12,water_dipole,225,1.0,0.0,0.6023457673107262,0.6023457673107262,,,,1.0
12,water_dipole,226,1.0,0.0,0.6023457673107262,0.6023457673107262,,,,1.0
12,water_dipole,227,1.0,0.0,0.6023457673107262,0.6023457673107262,,,,1.0
12,water_dipole,228,1.0,0.0,0.6023457673107262,0.6023457673107262,,,,1.0
12,water_dipole,229,1.0,0.0,0.6023457673107262,0.6023457673107262,,,,1.0
12,water_dipole,230,1.0,0.0,0.6023457673107262,0.6023457673107262,,,,1.0
12,water_dipole,231,1.0,0.0,0.6023457673107262,0.6023457673107262,,,,1.0
12,water_dipole,232,1.0,0.0,0.6023457673107262,0.6023457673107262,,,,1.0
12,water_dipole,233,1.0,0.0,0.6023457673107262,0.6023457673107262,,,,1.0
12,water_dipole,234,1.0,0.0,0.6023457673107262,0.6023457673107262,,,,1.0
12,water_dipole,235,1.0,0.0,0.6023457673107262,0.6023457673107262,,,,1.0
12,water_dipole,236,1.0,0.0,0.6023457673107262,0.6023457673107262,,,,1.0
12,water_dipole,237,1.0,0.0,0.6023457673107262,0.6023457673107262,,,,1.0
12,water_dipole,238,1.0,0.0,0.6023457673107262,0.6023457673107262,,,,1.0
12,water_dipole,239,1.0,0.0,0.6023457673107262,0.6023457673107262,,,,1.0
12,water_dipole,240,1.0,0.0,0.6023457673107262,0.6023457673107262,,,,1.0
12,water_dipole,241,1.0,0.0,0.6023457673107262,0.6023457673107262,,,,1.0
12,water_dipole,242,1.0,0.0,0.6023457673107262,0.6023457673107262,,,,1.0
12,water_dipole,243,1.0,0.0,0.6023457673107262,0.6023457673107262,,,,1.0
12,water_dipole,244,1.0,0.0,0.6023457673107262,0.6023457673107262,,,,1.0
12,water_dipole,245,1.0,0.0,0.6023457673107262,0.6023457673107262,,,,1.0
12,water_dipole,246,1.0,0.0,0.6023457673107262,0.6023457673107262,,,,1.0
12,water_dipole,247,1.0,0.0,0.6023457673107262,0.6023457673107262,,,,1.0
12,water_dipole,248,1.0,0.0,0.6023457673107262,0.6023457673107262,,,,1.0
12,water_dipole,249,1.0,0.0,0.6023457673107262,0.6023457673107262,,,,1.0
12,acetone_gsolv_eV,0,0.9999998807907104,0.0,0.7135927268452433,0.7135927268452433,,,,1.0
12,acetone_gsolv_eV,1,0.9999998807907104,0.0,0.7135927268452433,0.7135927268452433,,,,1.0
12,acetone_gsolv_eV,2,0.9999998807907104,0.0,0.7135927268452433,0.7135927268452433,,,,1.0
12,acetone_gsolv_eV,3,0.9999998807907104,0.0,0.7135927268452433,0.7135927268452433,,,,1.0
12,acetone_gsolv_eV,4,0.9999998807907104,0.0,0.7135927268452433,0.7135927268452433,,,,1.0
12,acetone_gsolv_eV,5,0.9999998807907104,0.0,0.7135927268452433,0.7135927268452433,,,,1.0
12,acetone_gsolv_eV,6,0.9999998807907104,0.0,0.7135927268452433,0.7135927268452433,,,,1.0
12,acetone_gsolv_eV,7,0.9999998807907104,0.0,0.7135927268452433,0.7135927268452433,,,,1.0
12,acetone_gsolv_eV,8,0.9999998807907104,0.0,0.7135927268452433,0.7135927268452433,,,,1.0
12,acetone_gsolv_eV,9,0.9999998807907104,0.0,0.7135927268452433,0.7135927268452433,,,,1.0
12,acetone_gsolv_eV,10,0.9999998807907104,0.0,0.7135927268452433,0.7135927268452433,,,,1.0
12,acetone_gsolv_eV,11,0.9999998807907104,0.0,0.7135927268452433,0.7135927268452433,,,,1.0
12,acetone_gsolv_eV,12,0.9999998807907104,0.0,0.7135927268452433,0.7135927268452433,,,,1.0
12,acetone_gsolv_eV,13,0.9999998807907104,0.0,0.7135927268452433,0.7135927268452433,,,,1.0
12,acetone_gsolv_eV,14,0.9999998807907104,0.0,0.7135927268452433,0.7135927268452433,,,,1.0
12,acetone_gsolv_eV,15,0.9999998807907104,0.0,0.7135927268452433,0.7135927268452433,,,,1.0
12,acetone_gsolv_eV,16,0.9999998807907104,0.0,0.7135927268452433,0.7135927268452433,,,,1.0
12,acetone_gsolv_eV,17,0.9999998807907104,0.0,0.7135927268452433,0.7135927268452433,,,,1.0
12,acetone_gsolv_eV,18,0.9999998807907104,0.0,0.7135927268452433,0.7135927268452433,,,,1.0
12,acetone_gsolv_eV,19,0.9999998807907104,0.0,0.7135927268452433,0.7135927268452433,,,,1.0
12,acetone_gsolv_eV,20,0.9999998807907104,0.0,0.7135927268452433,0.7135927268452433,,,,1.0
12,acetone_gsolv_eV,21,0.9999998807907104,0.0,0.7135927268452433,0.7135927268452433,,,,1.0
12,acetone_gsolv_eV,22,0.9999998807907104,0.0,0.7135927268452433,0.7135927268452433,,,,1.0
12,acetone_gsolv_eV,23,0.9999998807907104,0.0,0.7135927268452433,0.7135927268452433,,,,1.0
12,acetone_gsolv_eV,24,0.9999998807907104,0.0,0.7135927268452433,0.7135927268452433,,,,1.0
12,acetone_gsolv_eV,25,0.9999998807907104,0.0,0.7135927268452433,0.7135927268452433,,,,1.0
12,acetone_gsolv_eV,26,0.9999998807907104,0.0,0.7135927268452433,0.7135927268452433,,,,1.0
12,acetone_gsolv_eV,27,0.9999998807907104,0.0,0.7135927268452433,0.7135927268452433,,,,1.0
12,acetone_gsolv_eV,28,0.9999998807907104,0.0,0.7135927268452433,0.7135927268452433,,,,1.0
12,acetone_gsolv_eV,29,0.9999998807907104,0.0,0.7135927268452433,0.7135927268452433,,,,1.0
12,acetone_gsolv_eV,30,0.9999998807907104,0.0,0.7135927268452433,0.7135927268452433,,,,1.0
12,acetone_gsolv_eV,31,0.9999998807907104,0.0,0.7135927268452433,0.7135927268452433,,,,1.0
12,acetone_gsolv_eV,32,0.9999998807907104,0.0,0.7135927268452433,0.7135927268452433,,,,1.0
12,acetone_gsolv_eV,33,0.9999998807907104,0.0,0.7135927268452433,0.7135927268452433,,,,1.0
12,acetone_gsolv_eV,34,0.9999998807907104,0.0,0.7135927268452433,0.7135927268452433,,,,1.0
12,acetone_gsolv_eV,35,0.9999998807907104,0.0,0.7135927268452433,0.7135927268452433,,,,1.0
12,acetone_gsolv_eV,36,0.9999998807907104,0.0,0.7135927268452433,0.7135927268452433,,,,1.0
12,acetone_gsolv_eV,37,0.9999998807907104,0.0,0.7135927268452433,0.7135927268452433,,,,1.0
12,acetone_gsolv_eV,38,0.9999998807907104,0.0,0.7135927268452433,0.7135927268452433,,,,1.0
12,acetone_gsolv_eV,39,0.9999998807907104,0.0,0.7135927268452433,0.7135927268452433,,,,1.0
12,acetone_gsolv_eV,40,0.9999998807907104,0.0,0.7135927268452433,0.7135927268452433,,,,1.0
12,acetone_gsolv_eV,41,0.9999998807907104,0.0,0.7135927268452433,0.7135927268452433,,,,1.0
12,acetone_gsolv_eV,42,0.9999998807907104,0.0,0.7135927268452433,0.7135927268452433,,,,1.0
12,acetone_gsolv_eV,43,0.9999998807907104,0.0,0.7135927268452433,0.7135927268452433,,,,1.0
12,acetone_gsolv_eV,44,0.9999998807907104,0.0,0.7135927268452433,0.7135927268452433,,,,1.0
12,acetone_gsolv_eV,45,0.9999998807907104,0.0,0.7135927268452433,0.7135927268452433,,,,1.0
12,acetone_gsolv_eV,46,0.9999998807907104,0.0,0.7135927268452433,0.7135927268452433,,,,1.0
12,acetone_gsolv_eV,47,0.9999998807907104,0.0,0.7135927268452433,0.7135927268452433,,,,1.0
12,acetone_gsolv_eV,48,0.9999998807907104,0.0,0.7135927268452433,0.7135927268452433,,,,1.0
12,acetone_gsolv_eV,49,0.9999998807907104,0.0,0.7135927268452433,0.7135927268452433,,,,1.0
12,acetone_gsolv_eV,50,0.9999998807907104,0.0,0.7135927268452433,0.7135927268452433,,,,1.0
12,acetone_gsolv_eV,51,0.9999998807907104,0.0,0.7135927268452433,0.7135927268452433,,,,1.0
12,acetone_gsolv_eV,52,0.9999998807907104,0.0,0.7135927268452433,0.7135927268452433,,,,1.0
12,acetone_gsolv_eV,53,0.9999998807907104,0.0,0.7135927268452433,0.7135927268452433,,,,1.0
12,acetone_gsolv_eV,54,0.9999998807907104,0.0,0.7135927268452433,0.7135927268452433,,,,1.0
12,acetone_gsolv_eV,55,0.9999998807907104,0.0,0.7135927268452433,0.7135927268452433,,,,1.0
12,acetone_gsolv_eV,56,0.9999998807907104,0.0,0.7135927268452433,0.7135927268452433,,,,1.0
12,acetone_gsolv_eV,57,0.9999998807907104,0.0,0.7135927268452433,0.7135927268452433,,,,1.0
12,acetone_gsolv_eV,58,0.9999998807907104,0.0,0.7135927268452433,0.7135927268452433,,,,1.0
12,acetone_gsolv_eV,59,0.9999998807907104,0.0,0.7135927268452433,0.7135927268452433,,,,1.0
12,acetone_gsolv_eV,60,0.9999998807907104,0.0,0.7135927268452433,0.7135927268452433,,,,1.0
12,acetone_gsolv_eV,61,0.9999998807907104,0.0,0.7135927268452433,0.7135927268452433,,,,1.0
12,acetone_gsolv_eV,62,0.9999998807907104,0.0,0.7135927268452433,0.7135927268452433,,,,1.0
12,acetone_gsolv_eV,63,0.9999998807907104,0.0,0.7135927268452433,0.7135927268452433,,,,1.0
12,acetone_gsolv_eV,64,0.9999998807907104,0.0,0.7135927268452433,0.7135927268452433,,,,1.0
12,acetone_gsolv_eV,65,0.9999998807907104,0.0,0.7135927268452433,0.7135927268452433,,,,1.0
12,acetone_gsolv_eV,66,0.9999998807907104,0.0,0.7135927268452433,0.7135927268452433,,,,1.0
12,acetone_gsolv_eV,67,0.9999998807907104,0.0,0.7135927268452433,0.7135927268452433,,,,1.0
12,acetone_gsolv_eV,68,0.9999998807907104,0.0,0.7135927268452433,0.7135927268452433,,,,1.0
12,acetone_gsolv_eV,69,0.9999998807907104,0.0,0.7135927268452433,0.7135927268452433,,,,1.0
12,acetone_gsolv_eV,70,0.9999998807907104,0.0,0.7135927268452433,0.7135927268452433,,,,1.0
12,acetone_gsolv_eV,71,0.9999998807907104,0.0,0.7135927268452433,0.7135927268452433,,,,1.0
12,acetone_gsolv_eV,72,0.9999998807907104,0.0,0.7135927268452433,0.7135927268452433,,,,1.0
12,acetone_gsolv_eV,73,0.9999998807907104,0.0,0.7135927268452433,0.7135927268452433,,,,1.0
12,acetone_gsolv_eV,74,0.9999998807907104,0.0,0.7135927268452433,0.7135927268452433,,,,1.0
12,acetone_gsolv_eV,75,0.9999998807907104,0.0,0.7135927268452433,0.7135927268452433,,,,1.0
12,acetone_gsolv_eV,76,0.9999998807907104,0.0,0.7135927268452433,0.7135927268452433,,,,1.0
12,acetone_gsolv_eV,77,0.9999998807907104,0.0,0.7135927268452433,0.7135927268452433,,,,1.0
12,acetone_gsolv_eV,78,0.9999998807907104,0.0,0.7135927268452433,0.7135927268452433,,,,1.0
12,acetone_gsolv_eV,79,0.9999998807907104,0.0,0.7135927268452433,0.7135927268452433,,,,1.0
12,acetone_gsolv_eV,80,0.9999998807907104,0.0,0.7135927268452433,0.7135927268452433,,,,1.0
12,acetone_gsolv_eV,81,0.9999998807907104,0.0,0.7135927268452433,0.7135927268452433,,,,1.0
12,acetone_gsolv_eV,82,0.9999998807907104,0.0,0.7135927268452433,0.7135927268452433,,,,1.0
12,acetone_gsolv_eV,83,0.9999998807907104,0.0,0.7135927268452433,0.7135927268452433,,,,1.0
12,acetone_gsolv_eV,84,0.9999998807907104,0.0,0.7135927268452433,0.7135927268452433,,,,1.0
12,acetone_gsolv_eV,85,0.9999998807907104,0.0,0.7135927268452433,0.7135927268452433,,,,1.0
12,acetone_gsolv_eV,86,0.9999998807907104,0.0,0.7135927268452433,0.7135927268452433,,,,1.0
12,acetone_gsolv_eV,87,0.9999998807907104,0.0,0.7135927268452433,0.7135927268452433,,,,1.0
12,acetone_gsolv_eV,88,0.9999998807907104,0.0,0.7135927268452433,0.7135927268452433,,,,1.0
12,acetone_gsolv_eV,89,0.9999998807907104,0.0,0.7135927268452433,0.7135927268452433,,,,1.0
12,acetone_gsolv_eV,90,0.9999998807907104,0.0,0.7135927268452433,0.7135927268452433,,,,1.0
12,acetone_gsolv_eV,91,0.9999998807907104,0.0,0.7135927268452433,0.7135927268452433,,,,1.0
12,acetone_gsolv_eV,92,0.9999998807907104,0.0,0.7135927268452433,0.7135927268452433,,,,1.0
12,acetone_gsolv_eV,93,0.9999998807907104,0.0,0.7135927268452433,0.7135927268452433,,,,1.0
12,acetone_gsolv_eV,94,0.9999998807907104,0.0,0.7135927268452433,0.7135927268452433,,,,1.0
12,acetone_gsolv_eV,95,0.9999998807907104,0.0,0.7135927268452433,0.7135927268452433,,,,1.0
12,acetone_gsolv_eV,96,0.9999998807907104,0.0,0.7135927268452433,0.7135927268452433,,,,1.0
12,acetone_gsolv_eV,97,0.9999998807907104,0.0,0.7135927268452433,0.7135927268452433,,,,1.0
12,acetone_gsolv_eV,98,0.9999998807907104,0.0,0.7135927268452433,0.7135927268452433,,,,1.0
12,acetone_gsolv_eV,99,0.9999998807907104,0.0,0.7135927268452433,0.7135927268452433,,,,1.0
12,acetone_gsolv_eV,100,0.9999998807907104,0.0,0.7135927268452433,0.7135927268452433,,,,1.0
12,acetone_gsolv_eV,101,0.9999998807907104,0.0,0.7135927268452433,0.7135927268452433,,,,1.0
12,acetone_gsolv_eV,102,0.9999998807907104,0.0,0.7135927268452433,0.7135927268452433,,,,1.0
12,acetone_gsolv_eV,103,0.9999998807907104,0.0,0.7135927268452433,0.7135927268452433,,,,1.0
12,acetone_gsolv_eV,104,0.9999998807907104,0.0,0.7135927268452433,0.7135927268452433,,,,1.0
12,acetone_gsolv_eV,105,0.9999998807907104,0.0,0.7135927268452433,0.7135927268452433,,,,1.0
12,acetone_gsolv_eV,106,0.9999998807907104,0.0,0.7135927268452433,0.7135927268452433,,,,1.0
12,acetone_gsolv_eV,107,0.9999998807907104,0.0,0.7135927268452433,0.7135927268452433,,,,1.0
12,acetone_gsolv_eV,108,0.9999998807907104,0.0,0.7135927268452433,0.7135927268452433,,,,1.0
12,acetone_gsolv_eV,109,0.9999998807907104,0.0,0.7135927268452433,0.7135927268452433,,,,1.0
12,acetone_gsolv_eV,110,0.9999998807907104,0.0,0.7135927268452433,0.7135927268452433,,,,1.0
12,acetone_gsolv_eV,111,0.9999998807907104,0.0,0.7135927268452433,0.7135927268452433,,,,1.0
12,acetone_gsolv_eV,112,0.9999998807907104,0.0,0.7135927268452433,0.7135927268452433,,,,1.0
12,acetone_gsolv_eV,113,0.9999998807907104,0.0,0.7135927268452433,0.7135927268452433,,,,1.0
12,acetone_gsolv_eV,114,0.9999998807907104,0.0,0.7135927268452433,0.7135927268452433,,,,1.0
12,acetone_gsolv_eV,115,0.9999998807907104,0.0,0.7135927268452433,0.7135927268452433,,,,1.0
12,acetone_gsolv_eV,116,0.9999998807907104,0.0,0.7135927268452433,0.7135927268452433,,,,1.0
12,acetone_gsolv_eV,117,0.9999998807907104,0.0,0.7135927268452433,0.7135927268452433,,,,1.0
12,acetone_gsolv_eV,118,0.9999998807907104,0.0,0.7135927268452433,0.7135927268452433,,,,1.0
12,acetone_gsolv_eV,119,0.9999998807907104,0.0,0.7135927268452433,0.7135927268452433,,,,1.0
12,acetone_gsolv_eV,120,0.9999998807907104,0.0,0.7135927268452433,0.7135927268452433,,,,1.0
12,acetone_gsolv_eV,121,0.9999998807907104,0.0,0.7135927268452433,0.7135927268452433,,,,1.0
12,acetone_gsolv_eV,122,0.9999998807907104,0.0,0.7135927268452433,0.7135927268452433,,,,1.0
12,acetone_gsolv_eV,123,0.9999998807907104,0.0,0.7135927268452433,0.7135927268452433,,,,1.0
12,acetone_gsolv_eV,124,0.9999998807907104,0.0,0.7135927268452433,0.7135927268452433,,,,1.0
12,acetone_gsolv_eV,125,0.9999998807907104,0.0,0.7135927268452433,0.7135927268452433,,,,1.0
12,acetone_gsolv_eV,126,0.9999998807907104,0.0,0.7135927268452433,0.7135927268452433,,,,1.0
12,acetone_gsolv_eV,127,0.9999998807907104,0.0,0.7135927268452433,0.7135927268452433,,,,1.0
12,acetone_gsolv_eV,128,0.9999998807907104,0.0,0.7135927268452433,0.7135927268452433,,,,1.0
12,acetone_gsolv_eV,129,0.9999998807907104,0.0,0.7135927268452433,0.7135927268452433,,,,1.0
12,acetone_gsolv_eV,130,0.9999998807907104,0.0,0.7135927268452433,0.7135927268452433,,,,1.0
12,acetone_gsolv_eV,131,0.9999998807907104,0.0,0.7135927268452433,0.7135927268452433,,,,1.0
12,acetone_gsolv_eV,132,0.9999998807907104,0.0,0.7135927268452433,0.7135927268452433,,,,1.0
12,acetone_gsolv_eV,133,0.9999998807907104,0.0,0.7135927268452433,0.7135927268452433,,,,1.0
12,acetone_gsolv_eV,134,0.9999998807907104,0.0,0.7135927268452433,0.7135927268452433,,,,1.0
12,acetone_gsolv_eV,135,0.9999998807907104,0.0,0.7135927268452433,0.7135927268452433,,,,1.0
12,acetone_gsolv_eV,136,0.9999998807907104,0.0,0.7135927268452433,0.7135927268452433,,,,1.0
12,acetone_gsolv_eV,137,0.9999998807907104,0.0,0.7135927268452433,0.7135927268452433,,,,1.0
12,acetone_gsolv_eV,138,0.9999998807907104,0.0,0.7135927268452433,0.7135927268452433,,,,1.0
12,acetone_gsolv_eV,139,0.9999998807907104,0.0,0.7135927268452433,0.7135927268452433,,,,1.0
12,acetone_gsolv_eV,140,0.9999998807907104,0.0,0.7135927268452433,0.7135927268452433,,,,1.0
12,acetone_gsolv_eV,141,0.9999998807907104,0.0,0.7135927268452433,0.7135927268452433,,,,1.0
12,acetone_gsolv_eV,142,0.9999998807907104,0.0,0.7135927268452433,0.7135927268452433,,,,1.0
12,acetone_gsolv_eV,143,0.9999998807907104,0.0,0.7135927268452433,0.7135927268452433,,,,1.0
12,acetone_gsolv_eV,144,0.9999998807907104,0.0,0.7135927268452433,0.7135927268452433,,,,1.0
12,acetone_gsolv_eV,145,0.9999998807907104,0.0,0.7135927268452433,0.7135927268452433,,,,1.0
12,acetone_gsolv_eV,146,0.9999998807907104,0.0,0.7135927268452433,0.7135927268452433,,,,1.0
12,acetone_gsolv_eV,147,0.9999998807907104,0.0,0.7135927268452433,0.7135927268452433,,,,1.0
12,acetone_gsolv_eV,148,0.9999998807907104,0.0,0.7135927268452433,0.7135927268452433,,,,1.0
12,acetone_gsolv_eV,149,0.9999998807907104,0.0,0.7135927268452433,0.7135927268452433,,,,1.0
12,acetone_gsolv_eV,150,0.9999998807907104,0.0,0.7135927268452433,0.7135927268452433,,,,1.0
12,acetone_gsolv_eV,151,0.9999998807907104,0.0,0.7135927268452433,0.7135927268452433,,,,1.0
12,acetone_gsolv_eV,152,0.9999998807907104,0.0,0.7135927268452433,0.7135927268452433,,,,1.0
12,acetone_gsolv_eV,153,0.9999998807907104,0.0,0.7135927268452433,0.7135927268452433,,,,1.0
12,acetone_gsolv_eV,154,0.9999998807907104,0.0,0.7135927268452433,0.7135927268452433,,,,1.0
12,acetone_gsolv_eV,155,0.9999998807907104,0.0,0.7135927268452433,0.7135927268452433,,,,1.0
12,acetone_gsolv_eV,156,0.9999998807907104,0.0,0.7135927268452433,0.7135927268452433,,,,1.0
12,acetone_gsolv_eV,157,0.9999998807907104,0.0,0.7135927268452433,0.7135927268452433,,,,1.0
12,acetone_gsolv_eV,158,0.9999998807907104,0.0,0.7135927268452433,0.7135927268452433,,,,1.0
12,acetone_gsolv_eV,159,0.9999998807907104,0.0,0.7135927268452433,0.7135927268452433,,,,1.0
12,acetone_gsolv_eV,160,0.9999998807907104,0.0,0.7135927268452433,0.7135927268452433,,,,1.0
12,acetone_gsolv_eV,161,0.9999998807907104,0.0,0.7135927268452433,0.7135927268452433,,,,1.0
12,acetone_gsolv_eV,162,0.9999998807907104,0.0,0.7135927268452433,0.7135927268452433,,,,1.0
12,acetone_gsolv_eV,163,0.9999998807907104,0.0,0.7135927268452433,0.7135927268452433,,,,1.0
12,acetone_gsolv_eV,164,0.9999998807907104,0.0,0.7135927268452433,0.7135927268452433,,,,1.0
12,acetone_gsolv_eV,165,0.9999998807907104,0.0,0.7135927268452433,0.7135927268452433,,,,1.0
12,acetone_gsolv_eV,166,0.9999998807907104,0.0,0.7135927268452433,0.7135927268452433,,,,1.0
12,acetone_gsolv_eV,167,0.9999998807907104,0.0,0.7135927268452433,0.7135927268452433,,,,1.0
12,acetone_gsolv_eV,168,0.9999998807907104,0.0,0.7135927268452433,0.7135927268452433,,,,1.0
12,acetone_gsolv_eV,169,0.9999998807907104,0.0,0.7135927268452433,0.7135927268452433,,,,1.0
12,acetone_gsolv_eV,170,0.9999998807907104,0.0,0.7135927268452433,0.7135927268452433,,,,1.0
12,acetone_gsolv_eV,171,0.9999998807907104,0.0,0.7135927268452433,0.7135927268452433,,,,1.0
12,acetone_gsolv_eV,172,0.9999998807907104,0.0,0.7135927268452433,0.7135927268452433,,,,1.0
12,acetone_gsolv_eV,173,0.9999998807907104,0.0,0.7135927268452433,0.7135927268452433,,,,1.0
12,acetone_gsolv_eV,174,0.9999998807907104,0.0,0.7135927268452433,0.7135927268452433,,,,1.0
12,acetone_gsolv_eV,175,0.9999998807907104,0.0,0.7135927268452433,0.7135927268452433,,,,1.0
12,acetone_gsolv_eV,176,0.9999998807907104,0.0,0.7135927268452433,0.7135927268452433,,,,1.0
12,acetone_gsolv_eV,177,0.9999998807907104,0.0,0.7135927268452433,0.7135927268452433,,,,1.0
12,acetone_gsolv_eV,178,0.9999998807907104,0.0,0.7135927268452433,0.7135927268452433,,,,1.0
12,acetone_gsolv_eV,179,0.9999998807907104,0.0,0.7135927268452433,0.7135927268452433,,,,1.0
12,acetone_gsolv_eV,180,0.9999998807907104,0.0,0.7135927268452433,0.7135927268452433,,,,1.0
12,acetone_gsolv_eV,181,0.9999998807907104,0.0,0.7135927268452433,0.7135927268452433,,,,1.0
12,acetone_gsolv_eV,182,0.9999998807907104,0.0,0.7135927268452433,0.7135927268452433,,,,1.0
12,acetone_gsolv_eV,183,0.9999998807907104,0.0,0.7135927268452433,0.7135927268452433,,,,1.0
12,acetone_gsolv_eV,184,0.9999998807907104,0.0,0.7135927268452433,0.7135927268452433,,,,1.0
12,acetone_gsolv_eV,185,0.9999998807907104,0.0,0.7135927268452433,0.7135927268452433,,,,1.0
12,acetone_gsolv_eV,186,0.9999998807907104,0.0,0.7135927268452433,0.7135927268452433,,,,1.0
12,acetone_gsolv_eV,187,0.9999998807907104,0.0,0.7135927268452433,0.7135927268452433,,,,1.0
12,acetone_gsolv_eV,188,0.9999998807907104,0.0,0.7135927268452433,0.7135927268452433,,,,1.0
12,acetone_gsolv_eV,189,0.9999998807907104,0.0,0.7135927268452433,0.7135927268452433,,,,1.0
12,acetone_gsolv_eV,190,0.9999998807907104,0.0,0.7135927268452433,0.7135927268452433,,,,1.0
12,acetone_gsolv_eV,191,0.9999998807907104,0.0,0.7135927268452433,0.7135927268452433,,,,1.0
12,acetone_gsolv_eV,192,0.9999998807907104,0.0,0.7135927268452433,0.7135927268452433,,,,1.0
12,acetone_gsolv_eV,193,0.9999998807907104,0.0,0.7135927268452433,0.7135927268452433,,,,1.0
12,acetone_gsolv_eV,194,0.9999998807907104,0.0,0.7135927268452433,0.7135927268452433,,,,1.0
12,acetone_gsolv_eV,195,0.9999998807907104,0.0,0.7135927268452433,0.7135927268452433,,,,1.0
12,acetone_gsolv_eV,196,0.9999998807907104,0.0,0.7135927268452433,0.7135927268452433,,,,1.0
12,acetone_gsolv_eV,197,0.9999998807907104,0.0,0.7135927268452433,0.7135927268452433,,,,1.0
12,acetone_gsolv_eV,198,0.9999998807907104,0.0,0.7135927268452433,0.7135927268452433,,,,1.0
12,acetone_gsolv_eV,199,0.9999998807907104,0.0,0.7135927268452433,0.7135927268452433,,,,1.0
12,acetone_gsolv_eV,200,0.9999998807907104,0.0,0.7135927268452433,0.7135927268452433,,,,1.0
12,acetone_gsolv_eV,201,0.9999998807907104,0.0,0.7135927268452433,0.7135927268452433,,,,1.0
12,acetone_gsolv_eV,202,0.9999998807907104,0.0,0.7135927268452433,0.7135927268452433,,,,1.0
12,acetone_gsolv_eV,203,0.9999998807907104,0.0,0.7135927268452433,0.7135927268452433,,,,1.0
12,acetone_gsolv_eV,204,0.9999998807907104,0.0,0.7135927268452433,0.7135927268452433,,,,1.0
12,acetone_gsolv_eV,205,0.9999998807907104,0.0,0.7135927268452433,0.7135927268452433,,,,1.0
12,acetone_gsolv_eV,206,0.9999998807907104,0.0,0.7135927268452433,0.7135927268452433,,,,1.0
12,acetone_gsolv_eV,207,0.9999998807907104,0.0,0.7135927268452433,0.7135927268452433,,,,1.0
12,acetone_gsolv_eV,208,0.9999998807907104,0.0,0.7135927268452433,0.7135927268452433,,,,1.0
12,acetone_gsolv_eV,209,0.9999998807907104,0.0,0.7135927268452433,0.7135927268452433,,,,1.0
12,acetone_gsolv_eV,210,0.9999998807907104,0.0,0.7135927268452433,0.7135927268452433,,,,1.0
12,acetone_gsolv_eV,211,0.9999998807907104,0.0,0.7135927268452433,0.7135927268452433,,,,1.0
12,acetone_gsolv_eV,212,0.9999998807907104,0.0,0.7135927268452433,0.7135927268452433,,,,1.0
12,acetone_gsolv_eV,213,0.9999998807907104,0.0,0.7135927268452433,0.7135927268452433,,,,1.0
12,acetone_gsolv_eV,214,0.9999998807907104,0.0,0.7135927268452433,0.7135927268452433,,,,1.0
12,acetone_gsolv_eV,215,0.9999998807907104,0.0,0.7135927268452433,0.7135927268452433,,,,1.0
12,acetone_gsolv_eV,216,0.9999998807907104,0.0,0.7135927268452433,0.7135927268452433,,,,1.0
12,acetone_gsolv_eV,217,0.9999998807907104,0.0,0.7135927268452433,0.7135927268452433,,,,1.0
12,acetone_gsolv_eV,218,0.9999998807907104,0.0,0.7135927268452433,0.7135927268452433,,,,1.0
12,acetone_gsolv_eV,219,0.9999998807907104,0.0,0.7135927268452433,0.7135927268452433,,,,1.0
12,acetone_gsolv_eV,220,0.9999998807907104,0.0,0.7135927268452433,0.7135927268452433,,,,1.0
12,acetone_gsolv_eV,221,0.9999998807907104,0.0,0.7135927268452433,0.7135927268452433,,,,1.0
12,acetone_gsolv_eV,222,0.9999998807907104,0.0,0.7135927268452433,0.7135927268452433,,,,1.0
12,acetone_gsolv_eV,223,0.9999998807907104,0.0,0.7135927268452433,0.7135927268452433,,,,1.0
12,acetone_gsolv_eV,224,0.9999998807907104,0.0,0.7135927268452433,0.7135927268452433,,,,1.0
12,acetone_gsolv_eV,225,0.9999998807907104,0.0,0.7135927268452433,0.7135927268452433,,,,1.0
12,acetone_gsolv_eV,226,0.9999998807907104,0.0,0.7135927268452433,0.7135927268452433,,,,1.0
12,acetone_gsolv_eV,227,0.9999998807907104,0.0,0.7135927268452433,0.7135927268452433,,,,1.0
12,acetone_gsolv_eV,228,0.9999998807907104,0.0,0.7135927268452433,0.7135927268452433,,,,1.0
12,acetone_gsolv_eV,229,0.9999998807907104,0.0,0.7135927268452433,0.7135927268452433,,,,1.0
12,acetone_gsolv_eV,230,0.9999998807907104,0.0,0.7135927268452433,0.7135927268452433,,,,1.0
12,acetone_gsolv_eV,231,0.9999998807907104,0.0,0.7135927268452433,0.7135927268452433,,,,1.0
12,acetone_gsolv_eV,232,0.9999998807907104,0.0,0.7135927268452433,0.7135927268452433,,,,1.0
12,acetone_gsolv_eV,233,0.9999998807907104,0.0,0.7135927268452433,0.7135927268452433,,,,1.0
12,acetone_gsolv_eV,234,0.9999998807907104,0.0,0.7135927268452433,0.7135927268452433,,,,1.0
12,acetone_gsolv_eV,235,0.9999998807907104,0.0,0.7135927268452433,0.7135927268452433,,,,1.0
12,acetone_gsolv_eV,236,0.9999998807907104,0.0,0.7135927268452433,0.7135927268452433,,,,1.0
12,acetone_gsolv_eV,237,0.9999998807907104,0.0,0.7135927268452433,0.7135927268452433,,,,1.0
12,acetone_gsolv_eV,238,0.9999998807907104,0.0,0.7135927268452433,0.7135927268452433,,,,1.0
12,acetone_gsolv_eV,239,0.9999998807907104,0.0,0.7135927268452433,0.7135927268452433,,,,1.0
12,acetone_gsolv_eV,240,0.9999998807907104,0.0,0.7135927268452433,0.7135927268452433,,,,1.0
12,acetone_gsolv_eV,241,0.9999998807907104,0.0,0.7135927268452433,0.7135927268452433,,,,1.0
12,acetone_gsolv_eV,242,0.9999998807907104,0.0,0.7135927268452433,0.7135927268452433,,,,1.0
12,acetone_gsolv_eV,243,0.9999998807907104,0.0,0.7135927268452433,0.7135927268452433,,,,1.0
12,acetone_gsolv_eV,244,0.9999998807907104,0.0,0.7135927268452433,0.7135927268452433,,,,1.0
12,acetone_gsolv_eV,245,0.9999998807907104,0.0,0.7135927268452433,0.7135927268452433,,,,1.0
12,acetone_gsolv_eV,246,0.9999998807907104,0.0,0.7135927268452433,0.7135927268452433,,,,1.0
12,acetone_gsolv_eV,247,0.9999998807907104,0.0,0.7135927268452433,0.7135927268452433,,,,1.0
12,acetone_gsolv_eV,248,0.9999998807907104,0.0,0.7135927268452433,0.7135927268452433,,,,1.0
12,acetone_gsolv_eV,249,0.9999998807907104,0.0,0.7135927268452433,0.7135927268452433,,,,1.0
12,acetone_hl_gap_eV,0,1.0,0.0,0.7012520041337604,0.7012520041337604,,,,1.0
12,acetone_hl_gap_eV,1,1.0,0.0,0.7012520041337604,0.7012520041337604,,,,1.0
12,acetone_hl_gap_eV,2,1.0,0.0,0.7012520041337604,0.7012520041337604,,,,1.0
12,acetone_hl_gap_eV,3,1.0,0.0,0.7012520041337604,0.7012520041337604,,,,1.0
12,acetone_hl_gap_eV,4,1.0,0.0,0.7012520041337604,0.7012520041337604,,,,1.0
12,acetone_hl_gap_eV,5,1.0,0.0,0.7012520041337604,0.7012520041337604,,,,1.0
12,acetone_hl_gap_eV,6,1.0,0.0,0.7012520041337604,0.7012520041337604,,,,1.0
12,acetone_hl_gap_eV,7,1.0,0.0,0.7012520041337604,0.7012520041337604,,,,1.0
12,acetone_hl_gap_eV,8,1.0,0.0,0.7012520041337604,0.7012520041337604,,,,1.0
12,acetone_hl_gap_eV,9,1.0,0.0,0.7012520041337604,0.7012520041337604,,,,1.0
12,acetone_hl_gap_eV,10,1.0,0.0,0.7012520041337604,0.7012520041337604,,,,1.0
12,acetone_hl_gap_eV,11,1.0,0.0,0.7012520041337604,0.7012520041337604,,,,1.0
12,acetone_hl_gap_eV,12,1.0,0.0,0.7012520041337604,0.7012520041337604,,,,1.0
12,acetone_hl_gap_eV,13,1.0,0.0,0.7012520041337604,0.7012520041337604,,,,1.0
12,acetone_hl_gap_eV,14,1.0,0.0,0.7012520041337604,0.7012520041337604,,,,1.0
12,acetone_hl_gap_eV,15,1.0,0.0,0.7012520041337604,0.7012520041337604,,,,1.0
12,acetone_hl_gap_eV,16,1.0,0.0,0.7012520041337604,0.7012520041337604,,,,1.0
12,acetone_hl_gap_eV,17,1.0,0.0,0.7012520041337604,0.7012520041337604,,,,1.0
12,acetone_hl_gap_eV,18,1.0,0.0,0.7012520041337604,0.7012520041337604,,,,1.0
12,acetone_hl_gap_eV,19,1.0,0.0,0.7012520041337604,0.7012520041337604,,,,1.0
12,acetone_hl_gap_eV,20,1.0,0.0,0.7012520041337604,0.7012520041337604,,,,1.0
12,acetone_hl_gap_eV,21,1.0,0.0,0.7012520041337604,0.7012520041337604,,,,1.0
12,acetone_hl_gap_eV,22,1.0,0.0,0.7012520041337604,0.7012520041337604,,,,1.0
12,acetone_hl_gap_eV,23,1.0,0.0,0.7012520041337604,0.7012520041337604,,,,1.0
12,acetone_hl_gap_eV,24,1.0,0.0,0.7012520041337604,0.7012520041337604,,,,1.0
12,acetone_hl_gap_eV,25,1.0,0.0,0.7012520041337604,0.7012520041337604,,,,1.0
12,acetone_hl_gap_eV,26,1.0,0.0,0.7012520041337604,0.7012520041337604,,,,1.0
12,acetone_hl_gap_eV,27,1.0,0.0,0.7012520041337604,0.7012520041337604,,,,1.0
12,acetone_hl_gap_eV,28,1.0,0.0,0.7012520041337604,0.7012520041337604,,,,1.0
12,acetone_hl_gap_eV,29,1.0,0.0,0.7012520041337604,0.7012520041337604,,,,1.0
12,acetone_hl_gap_eV,30,1.0,0.0,0.7012520041337604,0.7012520041337604,,,,1.0
12,acetone_hl_gap_eV,31,1.0,0.0,0.7012520041337604,0.7012520041337604,,,,1.0
12,acetone_hl_gap_eV,32,1.0,0.0,0.7012520041337604,0.7012520041337604,,,,1.0
12,acetone_hl_gap_eV,33,1.0,0.0,0.7012520041337604,0.7012520041337604,,,,1.0
12,acetone_hl_gap_eV,34,1.0,0.0,0.7012520041337604,0.7012520041337604,,,,1.0
12,acetone_hl_gap_eV,35,1.0,0.0,0.7012520041337604,0.7012520041337604,,,,1.0
12,acetone_hl_gap_eV,36,1.0,0.0,0.7012520041337604,0.7012520041337604,,,,1.0
12,acetone_hl_gap_eV,37,1.0,0.0,0.7012520041337604,0.7012520041337604,,,,1.0
12,acetone_hl_gap_eV,38,1.0,0.0,0.7012520041337604,0.7012520041337604,,,,1.0
12,acetone_hl_gap_eV,39,1.0,0.0,0.7012520041337604,0.7012520041337604,,,,1.0
12,acetone_hl_gap_eV,40,1.0,0.0,0.7012520041337604,0.7012520041337604,,,,1.0
12,acetone_hl_gap_eV,41,1.0,0.0,0.7012520041337604,0.7012520041337604,,,,1.0
12,acetone_hl_gap_eV,42,1.0,0.0,0.7012520041337604,0.7012520041337604,,,,1.0
12,acetone_hl_gap_eV,43,1.0,0.0,0.7012520041337604,0.7012520041337604,,,,1.0
12,acetone_hl_gap_eV,44,1.0,0.0,0.7012520041337604,0.7012520041337604,,,,1.0
12,acetone_hl_gap_eV,45,1.0,0.0,0.7012520041337604,0.7012520041337604,,,,1.0
12,acetone_hl_gap_eV,46,1.0,0.0,0.7012520041337604,0.7012520041337604,,,,1.0
12,acetone_hl_gap_eV,47,1.0,0.0,0.7012520041337604,0.7012520041337604,,,,1.0
12,acetone_hl_gap_eV,48,1.0,0.0,0.7012520041337604,0.7012520041337604,,,,1.0
12,acetone_hl_gap_eV,49,1.0,0.0,0.7012520041337604,0.7012520041337604,,,,1.0
12,acetone_hl_gap_eV,50,1.0,0.0,0.7012520041337604,0.7012520041337604,,,,1.0
12,acetone_hl_gap_eV,51,1.0,0.0,0.7012520041337604,0.7012520041337604,,,,1.0
12,acetone_hl_gap_eV,52,1.0,0.0,0.7012520041337604,0.7012520041337604,,,,1.0
12,acetone_hl_gap_eV,53,1.0,0.0,0.7012520041337604,0.7012520041337604,,,,1.0
12,acetone_hl_gap_eV,54,1.0,0.0,0.7012520041337604,0.7012520041337604,,,,1.0
12,acetone_hl_gap_eV,55,1.0,0.0,0.7012520041337604,0.7012520041337604,,,,1.0
12,acetone_hl_gap_eV,56,1.0,0.0,0.7012520041337604,0.7012520041337604,,,,1.0
12,acetone_hl_gap_eV,57,1.0,0.0,0.7012520041337604,0.7012520041337604,,,,1.0
12,acetone_hl_gap_eV,58,1.0,0.0,0.7012520041337604,0.7012520041337604,,,,1.0
12,acetone_hl_gap_eV,59,1.0,0.0,0.7012520041337604,0.7012520041337604,,,,1.0
12,acetone_hl_gap_eV,60,1.0,0.0,0.7012520041337604,0.7012520041337604,,,,1.0
12,acetone_hl_gap_eV,61,1.0,0.0,0.7012520041337604,0.7012520041337604,,,,1.0
12,acetone_hl_gap_eV,62,1.0,0.0,0.7012520041337604,0.7012520041337604,,,,1.0
12,acetone_hl_gap_eV,63,1.0,0.0,0.7012520041337604,0.7012520041337604,,,,1.0
12,acetone_hl_gap_eV,64,1.0,0.0,0.7012520041337604,0.7012520041337604,,,,1.0
12,acetone_hl_gap_eV,65,1.0,0.0,0.7012520041337604,0.7012520041337604,,,,1.0
12,acetone_hl_gap_eV,66,1.0,0.0,0.7012520041337604,0.7012520041337604,,,,1.0
12,acetone_hl_gap_eV,67,1.0,0.0,0.7012520041337604,0.7012520041337604,,,,1.0
12,acetone_hl_gap_eV,68,1.0,0.0,0.7012520041337604,0.7012520041337604,,,,1.0
12,acetone_hl_gap_eV,69,1.0,0.0,0.7012520041337604,0.7012520041337604,,,,1.0
12,acetone_hl_gap_eV,70,1.0,0.0,0.7012520041337604,0.7012520041337604,,,,1.0
12,acetone_hl_gap_eV,71,1.0,0.0,0.7012520041337604,0.7012520041337604,,,,1.0
12,acetone_hl_gap_eV,72,1.0,0.0,0.7012520041337604,0.7012520041337604,,,,1.0
12,acetone_hl_gap_eV,73,1.0,0.0,0.7012520041337604,0.7012520041337604,,,,1.0
12,acetone_hl_gap_eV,74,1.0,0.0,0.7012520041337604,0.7012520041337604,,,,1.0
12,acetone_hl_gap_eV,75,1.0,0.0,0.7012520041337604,0.7012520041337604,,,,1.0
12,acetone_hl_gap_eV,76,1.0,0.0,0.7012520041337604,0.7012520041337604,,,,1.0
12,acetone_hl_gap_eV,77,1.0,0.0,0.7012520041337604,0.7012520041337604,,,,1.0
12,acetone_hl_gap_eV,78,1.0,0.0,0.7012520041337604,0.7012520041337604,,,,1.0
12,acetone_hl_gap_eV,79,1.0,0.0,0.7012520041337604,0.7012520041337604,,,,1.0
12,acetone_hl_gap_eV,80,1.0,0.0,0.7012520041337604,0.7012520041337604,,,,1.0
12,acetone_hl_gap_eV,81,1.0,0.0,0.7012520041337604,0.7012520041337604,,,,1.0
12,acetone_hl_gap_eV,82,1.0,0.0,0.7012520041337604,0.7012520041337604,,,,1.0
12,acetone_hl_gap_eV,83,1.0,0.0,0.7012520041337604,0.7012520041337604,,,,1.0
12,acetone_hl_gap_eV,84,1.0,0.0,0.7012520041337604,0.7012520041337604,,,,1.0
12,acetone_hl_gap_eV,85,1.0,0.0,0.7012520041337604,0.7012520041337604,,,,1.0
12,acetone_hl_gap_eV,86,1.0,0.0,0.7012520041337604,0.7012520041337604,,,,1.0
12,acetone_hl_gap_eV,87,1.0,0.0,0.7012520041337604,0.7012520041337604,,,,1.0
12,acetone_hl_gap_eV,88,1.0,0.0,0.7012520041337604,0.7012520041337604,,,,1.0
12,acetone_hl_gap_eV,89,1.0,0.0,0.7012520041337604,0.7012520041337604,,,,1.0
12,acetone_hl_gap_eV,90,1.0,0.0,0.7012520041337604,0.7012520041337604,,,,1.0
12,acetone_hl_gap_eV,91,1.0,0.0,0.7012520041337604,0.7012520041337604,,,,1.0
12,acetone_hl_gap_eV,92,1.0,0.0,0.7012520041337604,0.7012520041337604,,,,1.0
12,acetone_hl_gap_eV,93,1.0,0.0,0.7012520041337604,0.7012520041337604,,,,1.0
12,acetone_hl_gap_eV,94,1.0,0.0,0.7012520041337604,0.7012520041337604,,,,1.0
12,acetone_hl_gap_eV,95,1.0,0.0,0.7012520041337604,0.7012520041337604,,,,1.0
12,acetone_hl_gap_eV,96,1.0,0.0,0.7012520041337604,0.7012520041337604,,,,1.0
12,acetone_hl_gap_eV,97,1.0,0.0,0.7012520041337604,0.7012520041337604,,,,1.0
12,acetone_hl_gap_eV,98,1.0,0.0,0.7012520041337604,0.7012520041337604,,,,1.0
12,acetone_hl_gap_eV,99,1.0,0.0,0.7012520041337604,0.7012520041337604,,,,1.0
12,acetone_hl_gap_eV,100,1.0,0.0,0.7012520041337604,0.7012520041337604,,,,1.0
12,acetone_hl_gap_eV,101,1.0,0.0,0.7012520041337604,0.7012520041337604,,,,1.0
12,acetone_hl_gap_eV,102,1.0,0.0,0.7012520041337604,0.7012520041337604,,,,1.0
12,acetone_hl_gap_eV,103,1.0,0.0,0.7012520041337604,0.7012520041337604,,,,1.0
12,acetone_hl_gap_eV,104,1.0,0.0,0.7012520041337604,0.7012520041337604,,,,1.0
12,acetone_hl_gap_eV,105,1.0,0.0,0.7012520041337604,0.7012520041337604,,,,1.0
12,acetone_hl_gap_eV,106,1.0,0.0,0.7012520041337604,0.7012520041337604,,,,1.0
12,acetone_hl_gap_eV,107,1.0,0.0,0.7012520041337604,0.7012520041337604,,,,1.0
12,acetone_hl_gap_eV,108,1.0,0.0,0.7012520041337604,0.7012520041337604,,,,1.0
12,acetone_hl_gap_eV,109,1.0,0.0,0.7012520041337604,0.7012520041337604,,,,1.0
12,acetone_hl_gap_eV,110,1.0,0.0,0.7012520041337604,0.7012520041337604,,,,1.0
12,acetone_hl_gap_eV,111,1.0,0.0,0.7012520041337604,0.7012520041337604,,,,1.0
12,acetone_hl_gap_eV,112,1.0,0.0,0.7012520041337604,0.7012520041337604,,,,1.0
12,acetone_hl_gap_eV,113,1.0,0.0,0.7012520041337604,0.7012520041337604,,,,1.0
12,acetone_hl_gap_eV,114,1.0,0.0,0.7012520041337604,0.7012520041337604,,,,1.0
12,acetone_hl_gap_eV,115,1.0,0.0,0.7012520041337604,0.7012520041337604,,,,1.0
12,acetone_hl_gap_eV,116,1.0,0.0,0.7012520041337604,0.7012520041337604,,,,1.0
12,acetone_hl_gap_eV,117,1.0,0.0,0.7012520041337604,0.7012520041337604,,,,1.0
12,acetone_hl_gap_eV,118,1.0,0.0,0.7012520041337604,0.7012520041337604,,,,1.0
12,acetone_hl_gap_eV,119,1.0,0.0,0.7012520041337604,0.7012520041337604,,,,1.0
12,acetone_hl_gap_eV,120,1.0,0.0,0.7012520041337604,0.7012520041337604,,,,1.0
12,acetone_hl_gap_eV,121,1.0,0.0,0.7012520041337604,0.7012520041337604,,,,1.0
12,acetone_hl_gap_eV,122,1.0,0.0,0.7012520041337604,0.7012520041337604,,,,1.0
12,acetone_hl_gap_eV,123,1.0,0.0,0.7012520041337604,0.7012520041337604,,,,1.0
12,acetone_hl_gap_eV,124,1.0,0.0,0.7012520041337604,0.7012520041337604,,,,1.0
12,acetone_hl_gap_eV,125,1.0,0.0,0.7012520041337604,0.7012520041337604,,,,1.0
12,acetone_hl_gap_eV,126,1.0,0.0,0.7012520041337604,0.7012520041337604,,,,1.0
12,acetone_hl_gap_eV,127,1.0,0.0,0.7012520041337604,0.7012520041337604,,,,1.0
12,acetone_hl_gap_eV,128,1.0,0.0,0.7012520041337604,0.7012520041337604,,,,1.0
12,acetone_hl_gap_eV,129,1.0,0.0,0.7012520041337604,0.7012520041337604,,,,1.0
12,acetone_hl_gap_eV,130,1.0,0.0,0.7012520041337604,0.7012520041337604,,,,1.0
12,acetone_hl_gap_eV,131,1.0,0.0,0.7012520041337604,0.7012520041337604,,,,1.0
12,acetone_hl_gap_eV,132,1.0,0.0,0.7012520041337604,0.7012520041337604,,,,1.0
12,acetone_hl_gap_eV,133,1.0,0.0,0.7012520041337604,0.7012520041337604,,,,1.0
12,acetone_hl_gap_eV,134,1.0,0.0,0.7012520041337604,0.7012520041337604,,,,1.0
12,acetone_hl_gap_eV,135,1.0,0.0,0.7012520041337604,0.7012520041337604,,,,1.0
12,acetone_hl_gap_eV,136,1.0,0.0,0.7012520041337604,0.7012520041337604,,,,1.0
12,acetone_hl_gap_eV,137,1.0,0.0,0.7012520041337604,0.7012520041337604,,,,1.0
12,acetone_hl_gap_eV,138,1.0,0.0,0.7012520041337604,0.7012520041337604,,,,1.0
12,acetone_hl_gap_eV,139,1.0,0.0,0.7012520041337604,0.7012520041337604,,,,1.0
12,acetone_hl_gap_eV,140,1.0,0.0,0.7012520041337604,0.7012520041337604,,,,1.0
12,acetone_hl_gap_eV,141,1.0,0.0,0.7012520041337604,0.7012520041337604,,,,1.0
12,acetone_hl_gap_eV,142,1.0,0.0,0.7012520041337604,0.7012520041337604,,,,1.0
12,acetone_hl_gap_eV,143,1.0,0.0,0.7012520041337604,0.7012520041337604,,,,1.0
12,acetone_hl_gap_eV,144,1.0,0.0,0.7012520041337604,0.7012520041337604,,,,1.0
12,acetone_hl_gap_eV,145,1.0,0.0,0.7012520041337604,0.7012520041337604,,,,1.0
12,acetone_hl_gap_eV,146,1.0,0.0,0.7012520041337604,0.7012520041337604,,,,1.0
12,acetone_hl_gap_eV,147,1.0,0.0,0.7012520041337604,0.7012520041337604,,,,1.0
12,acetone_hl_gap_eV,148,1.0,0.0,0.7012520041337604,0.7012520041337604,,,,1.0
12,acetone_hl_gap_eV,149,1.0,0.0,0.7012520041337604,0.7012520041337604,,,,1.0
12,acetone_hl_gap_eV,150,1.0,0.0,0.7012520041337604,0.7012520041337604,,,,1.0
12,acetone_hl_gap_eV,151,1.0,0.0,0.7012520041337604,0.7012520041337604,,,,1.0
12,acetone_hl_gap_eV,152,1.0,0.0,0.7012520041337604,0.7012520041337604,,,,1.0
12,acetone_hl_gap_eV,153,1.0,0.0,0.7012520041337604,0.7012520041337604,,,,1.0
12,acetone_hl_gap_eV,154,1.0,0.0,0.7012520041337604,0.7012520041337604,,,,1.0
12,acetone_hl_gap_eV,155,1.0,0.0,0.7012520041337604,0.7012520041337604,,,,1.0
12,acetone_hl_gap_eV,156,1.0,0.0,0.7012520041337604,0.7012520041337604,,,,1.0
12,acetone_hl_gap_eV,157,1.0,0.0,0.7012520041337604,0.7012520041337604,,,,1.0
12,acetone_hl_gap_eV,158,1.0,0.0,0.7012520041337604,0.7012520041337604,,,,1.0
12,acetone_hl_gap_eV,159,1.0,0.0,0.7012520041337604,0.7012520041337604,,,,1.0
12,acetone_hl_gap_eV,160,1.0,0.0,0.7012520041337604,0.7012520041337604,,,,1.0
12,acetone_hl_gap_eV,161,1.0,0.0,0.7012520041337604,0.7012520041337604,,,,1.0
12,acetone_hl_gap_eV,162,1.0,0.0,0.7012520041337604,0.7012520041337604,,,,1.0
12,acetone_hl_gap_eV,163,1.0,0.0,0.7012520041337604,0.7012520041337604,,,,1.0
12,acetone_hl_gap_eV,164,1.0,0.0,0.7012520041337604,0.7012520041337604,,,,1.0
12,acetone_hl_gap_eV,165,1.0,0.0,0.7012520041337604,0.7012520041337604,,,,1.0
12,acetone_hl_gap_eV,166,1.0,0.0,0.7012520041337604,0.7012520041337604,,,,1.0
12,acetone_hl_gap_eV,167,1.0,0.0,0.7012520041337604,0.7012520041337604,,,,1.0
12,acetone_hl_gap_eV,168,1.0,0.0,0.7012520041337604,0.7012520041337604,,,,1.0
12,acetone_hl_gap_eV,169,1.0,0.0,0.7012520041337604,0.7012520041337604,,,,1.0
12,acetone_hl_gap_eV,170,1.0,0.0,0.7012520041337604,0.7012520041337604,,,,1.0
12,acetone_hl_gap_eV,171,1.0,0.0,0.7012520041337604,0.7012520041337604,,,,1.0
12,acetone_hl_gap_eV,172,1.0,0.0,0.7012520041337604,0.7012520041337604,,,,1.0
12,acetone_hl_gap_eV,173,1.0,0.0,0.7012520041337604,0.7012520041337604,,,,1.0
12,acetone_hl_gap_eV,174,1.0,0.0,0.7012520041337604,0.7012520041337604,,,,1.0
12,acetone_hl_gap_eV,175,1.0,0.0,0.7012520041337604,0.7012520041337604,,,,1.0
12,acetone_hl_gap_eV,176,1.0,0.0,0.7012520041337604,0.7012520041337604,,,,1.0
12,acetone_hl_gap_eV,177,1.0,0.0,0.7012520041337604,0.7012520041337604,,,,1.0
12,acetone_hl_gap_eV,178,1.0,0.0,0.7012520041337604,0.7012520041337604,,,,1.0
12,acetone_hl_gap_eV,179,1.0,0.0,0.7012520041337604,0.7012520041337604,,,,1.0
12,acetone_hl_gap_eV,180,1.0,0.0,0.7012520041337604,0.7012520041337604,,,,1.0
12,acetone_hl_gap_eV,181,1.0,0.0,0.7012520041337604,0.7012520041337604,,,,1.0
12,acetone_hl_gap_eV,182,1.0,0.0,0.7012520041337604,0.7012520041337604,,,,1.0
12,acetone_hl_gap_eV,183,1.0,0.0,0.7012520041337604,0.7012520041337604,,,,1.0
12,acetone_hl_gap_eV,184,1.0,0.0,0.7012520041337604,0.7012520041337604,,,,1.0
12,acetone_hl_gap_eV,185,1.0,0.0,0.7012520041337604,0.7012520041337604,,,,1.0
12,acetone_hl_gap_eV,186,1.0,0.0,0.7012520041337604,0.7012520041337604,,,,1.0
12,acetone_hl_gap_eV,187,1.0,0.0,0.7012520041337604,0.7012520041337604,,,,1.0
12,acetone_hl_gap_eV,188,1.0,0.0,0.7012520041337604,0.7012520041337604,,,,1.0
12,acetone_hl_gap_eV,189,1.0,0.0,0.7012520041337604,0.7012520041337604,,,,1.0
12,acetone_hl_gap_eV,190,1.0,0.0,0.7012520041337604,0.7012520041337604,,,,1.0
12,acetone_hl_gap_eV,191,1.0,0.0,0.7012520041337604,0.7012520041337604,,,,1.0
12,acetone_hl_gap_eV,192,1.0,0.0,0.7012520041337604,0.7012520041337604,,,,1.0
12,acetone_hl_gap_eV,193,1.0,0.0,0.7012520041337604,0.7012520041337604,,,,1.0
12,acetone_hl_gap_eV,194,1.0,0.0,0.7012520041337604,0.7012520041337604,,,,1.0
12,acetone_hl_gap_eV,195,1.0,0.0,0.7012520041337604,0.7012520041337604,,,,1.0
12,acetone_hl_gap_eV,196,1.0,0.0,0.7012520041337604,0.7012520041337604,,,,1.0
12,acetone_hl_gap_eV,197,1.0,0.0,0.7012520041337604,0.7012520041337604,,,,1.0
12,acetone_hl_gap_eV,198,1.0,0.0,0.7012520041337604,0.7012520041337604,,,,1.0
12,acetone_hl_gap_eV,199,1.0,0.0,0.7012520041337604,0.7012520041337604,,,,1.0
12,acetone_hl_gap_eV,200,1.0,0.0,0.7012520041337604,0.7012520041337604,,,,1.0
12,acetone_hl_gap_eV,201,1.0,0.0,0.7012520041337604,0.7012520041337604,,,,1.0
12,acetone_hl_gap_eV,202,1.0,0.0,0.7012520041337604,0.7012520041337604,,,,1.0
12,acetone_hl_gap_eV,203,1.0,0.0,0.7012520041337604,0.7012520041337604,,,,1.0
12,acetone_hl_gap_eV,204,1.0,0.0,0.7012520041337604,0.7012520041337604,,,,1.0
12,acetone_hl_gap_eV,205,1.0,0.0,0.7012520041337604,0.7012520041337604,,,,1.0
12,acetone_hl_gap_eV,206,1.0,0.0,0.7012520041337604,0.7012520041337604,,,,1.0
12,acetone_hl_gap_eV,207,1.0,0.0,0.7012520041337604,0.7012520041337604,,,,1.0
12,acetone_hl_gap_eV,208,1.0,0.0,0.7012520041337604,0.7012520041337604,,,,1.0
12,acetone_hl_gap_eV,209,1.0,0.0,0.7012520041337604,0.7012520041337604,,,,1.0
12,acetone_hl_gap_eV,210,1.0,0.0,0.7012520041337604,0.7012520041337604,,,,1.0
12,acetone_hl_gap_eV,211,1.0,0.0,0.7012520041337604,0.7012520041337604,,,,1.0
12,acetone_hl_gap_eV,212,1.0,0.0,0.7012520041337604,0.7012520041337604,,,,1.0
12,acetone_hl_gap_eV,213,1.0,0.0,0.7012520041337604,0.7012520041337604,,,,1.0
12,acetone_hl_gap_eV,214,1.0,0.0,0.7012520041337604,0.7012520041337604,,,,1.0
12,acetone_hl_gap_eV,215,1.0,0.0,0.7012520041337604,0.7012520041337604,,,,1.0
12,acetone_hl_gap_eV,216,1.0,0.0,0.7012520041337604,0.7012520041337604,,,,1.0
12,acetone_hl_gap_eV,217,1.0,0.0,0.7012520041337604,0.7012520041337604,,,,1.0
12,acetone_hl_gap_eV,218,1.0,0.0,0.7012520041337604,0.7012520041337604,,,,1.0
12,acetone_hl_gap_eV,219,1.0,0.0,0.7012520041337604,0.7012520041337604,,,,1.0
12,acetone_hl_gap_eV,220,1.0,0.0,0.7012520041337604,0.7012520041337604,,,,1.0
12,acetone_hl_gap_eV,221,1.0,0.0,0.7012520041337604,0.7012520041337604,,,,1.0
12,acetone_hl_gap_eV,222,1.0,0.0,0.7012520041337604,0.7012520041337604,,,,1.0
12,acetone_hl_gap_eV,223,1.0,0.0,0.7012520041337604,0.7012520041337604,,,,1.0
12,acetone_hl_gap_eV,224,1.0,0.0,0.7012520041337604,0.7012520041337604,,,,1.0
12,acetone_hl_gap_eV,225,1.0,0.0,0.7012520041337604,0.7012520041337604,,,,1.0
12,acetone_hl_gap_eV,226,1.0,0.0,0.7012520041337604,0.7012520041337604,,,,1.0
12,acetone_hl_gap_eV,227,1.0,0.0,0.7012520041337604,0.7012520041337604,,,,1.0
12,acetone_hl_gap_eV,228,1.0,0.0,0.7012520041337604,0.7012520041337604,,,,1.0
12,acetone_hl_gap_eV,229,1.0,0.0,0.7012520041337604,0.7012520041337604,,,,1.0
12,acetone_hl_gap_eV,230,1.0,0.0,0.7012520041337604,0.7012520041337604,,,,1.0
12,acetone_hl_gap_eV,231,1.0,0.0,0.7012520041337604,0.7012520041337604,,,,1.0
12,acetone_hl_gap_eV,232,1.0,0.0,0.7012520041337604,0.7012520041337604,,,,1.0
12,acetone_hl_gap_eV,233,1.0,0.0,0.7012520041337604,0.7012520041337604,,,,1.0
12,acetone_hl_gap_eV,234,1.0,0.0,0.7012520041337604,0.7012520041337604,,,,1.0
12,acetone_hl_gap_eV,235,1.0,0.0,0.7012520041337604,0.7012520041337604,,,,1.0
12,acetone_hl_gap_eV,236,1.0,0.0,0.7012520041337604,0.7012520041337604,,,,1.0
12,acetone_hl_gap_eV,237,1.0,0.0,0.7012520041337604,0.7012520041337604,,,,1.0
12,acetone_hl_gap_eV,238,1.0,0.0,0.7012520041337604,0.7012520041337604,,,,1.0
12,acetone_hl_gap_eV,239,1.0,0.0,0.7012520041337604,0.7012520041337604,,,,1.0
12,acetone_hl_gap_eV,240,1.0,0.0,0.7012520041337604,0.7012520041337604,,,,1.0
12,acetone_hl_gap_eV,241,1.0,0.0,0.7012520041337604,0.7012520041337604,,,,1.0
12,acetone_hl_gap_eV,242,1.0,0.0,0.7012520041337604,0.7012520041337604,,,,1.0
12,acetone_hl_gap_eV,243,1.0,0.0,0.7012520041337604,0.7012520041337604,,,,1.0
12,acetone_hl_gap_eV,244,1.0,0.0,0.7012520041337604,0.7012520041337604,,,,1.0
12,acetone_hl_gap_eV,245,1.0,0.0,0.7012520041337604,0.7012520041337604,,,,1.0
12,acetone_hl_gap_eV,246,1.0,0.0,0.7012520041337604,0.7012520041337604,,,,1.0
12,acetone_hl_gap_eV,247,1.0,0.0,0.7012520041337604,0.7012520041337604,,,,1.0
12,acetone_hl_gap_eV,248,1.0,0.0,0.7012520041337604,0.7012520041337604,,,,1.0
12,acetone_hl_gap_eV,249,1.0,0.0,0.7012520041337604,0.7012520041337604,,,,1.0
12,acetone_dipole,0,1.0,0.0,0.6147119020456362,0.6147119020456362,,,,1.0
12,acetone_dipole,1,1.0,0.0,0.6147119020456362,0.6147119020456362,,,,1.0
12,acetone_dipole,2,1.0,0.0,0.6147119020456362,0.6147119020456362,,,,1.0
12,acetone_dipole,3,1.0,0.0,0.6147119020456362,0.6147119020456362,,,,1.0
12,acetone_dipole,4,1.0,0.0,0.6147119020456362,0.6147119020456362,,,,1.0
12,acetone_dipole,5,1.0,0.0,0.6147119020456362,0.6147119020456362,,,,1.0
12,acetone_dipole,6,1.0,0.0,0.6147119020456362,0.6147119020456362,,,,1.0
12,acetone_dipole,7,1.0,0.0,0.6147119020456362,0.6147119020456362,,,,1.0
12,acetone_dipole,8,1.0,0.0,0.6147119020456362,0.6147119020456362,,,,1.0
12,acetone_dipole,9,1.0,0.0,0.6147119020456362,0.6147119020456362,,,,1.0
12,acetone_dipole,10,1.0,0.0,0.6147119020456362,0.6147119020456362,,,,1.0
12,acetone_dipole,11,1.0,0.0,0.6147119020456362,0.6147119020456362,,,,1.0
12,acetone_dipole,12,1.0,0.0,0.6147119020456362,0.6147119020456362,,,,1.0
12,acetone_dipole,13,1.0,0.0,0.6147119020456362,0.6147119020456362,,,,1.0
12,acetone_dipole,14,1.0,0.0,0.6147119020456362,0.6147119020456362,,,,1.0
12,acetone_dipole,15,1.0,0.0,0.6147119020456362,0.6147119020456362,,,,1.0
12,acetone_dipole,16,1.0,0.0,0.6147119020456362,0.6147119020456362,,,,1.0
12,acetone_dipole,17,1.0,0.0,0.6147119020456362,0.6147119020456362,,,,1.0
12,acetone_dipole,18,1.0,0.0,0.6147119020456362,0.6147119020456362,,,,1.0
12,acetone_dipole,19,1.0,0.0,0.6147119020456362,0.6147119020456362,,,,1.0
12,acetone_dipole,20,1.0,0.0,0.6147119020456362,0.6147119020456362,,,,1.0
12,acetone_dipole,21,1.0,0.0,0.6147119020456362,0.6147119020456362,,,,1.0
12,acetone_dipole,22,1.0,0.0,0.6147119020456362,0.6147119020456362,,,,1.0
12,acetone_dipole,23,1.0,0.0,0.6147119020456362,0.6147119020456362,,,,1.0
12,acetone_dipole,24,1.0,0.0,0.6147119020456362,0.6147119020456362,,,,1.0
12,acetone_dipole,25,1.0,0.0,0.6147119020456362,0.6147119020456362,,,,1.0
12,acetone_dipole,26,1.0,0.0,0.6147119020456362,0.6147119020456362,,,,1.0
12,acetone_dipole,27,1.0,0.0,0.6147119020456362,0.6147119020456362,,,,1.0
12,acetone_dipole,28,1.0,0.0,0.6147119020456362,0.6147119020456362,,,,1.0
12,acetone_dipole,29,1.0,0.0,0.6147119020456362,0.6147119020456362,,,,1.0
12,acetone_dipole,30,1.0,0.0,0.6147119020456362,0.6147119020456362,,,,1.0
12,acetone_dipole,31,1.0,0.0,0.6147119020456362,0.6147119020456362,,,,1.0
12,acetone_dipole,32,1.0,0.0,0.6147119020456362,0.6147119020456362,,,,1.0
12,acetone_dipole,33,1.0,0.0,0.6147119020456362,0.6147119020456362,,,,1.0
12,acetone_dipole,34,1.0,0.0,0.6147119020456362,0.6147119020456362,,,,1.0
12,acetone_dipole,35,1.0,0.0,0.6147119020456362,0.6147119020456362,,,,1.0
12,acetone_dipole,36,1.0,0.0,0.6147119020456362,0.6147119020456362,,,,1.0
12,acetone_dipole,37,1.0,0.0,0.6147119020456362,0.6147119020456362,,,,1.0
12,acetone_dipole,38,1.0,0.0,0.6147119020456362,0.6147119020456362,,,,1.0
12,acetone_dipole,39,1.0,0.0,0.6147119020456362,0.6147119020456362,,,,1.0
12,acetone_dipole,40,1.0,0.0,0.6147119020456362,0.6147119020456362,,,,1.0
12,acetone_dipole,41,1.0,0.0,0.6147119020456362,0.6147119020456362,,,,1.0
12,acetone_dipole,42,1.0,0.0,0.6147119020456362,0.6147119020456362,,,,1.0
12,acetone_dipole,43,1.0,0.0,0.6147119020456362,0.6147119020456362,,,,1.0
12,acetone_dipole,44,1.0,0.0,0.6147119020456362,0.6147119020456362,,,,1.0
12,acetone_dipole,45,1.0,0.0,0.6147119020456362,0.6147119020456362,,,,1.0
12,acetone_dipole,46,1.0,0.0,0.6147119020456362,0.6147119020456362,,,,1.0
12,acetone_dipole,47,1.0,0.0,0.6147119020456362,0.6147119020456362,,,,1.0
12,acetone_dipole,48,1.0,0.0,0.6147119020456362,0.6147119020456362,,,,1.0
12,acetone_dipole,49,1.0,0.0,0.6147119020456362,0.6147119020456362,,,,1.0
12,acetone_dipole,50,1.0,0.0,0.6147119020456362,0.6147119020456362,,,,1.0
12,acetone_dipole,51,1.0,0.0,0.6147119020456362,0.6147119020456362,,,,1.0
12,acetone_dipole,52,1.0,0.0,0.6147119020456362,0.6147119020456362,,,,1.0
12,acetone_dipole,53,1.0,0.0,0.6147119020456362,0.6147119020456362,,,,1.0
12,acetone_dipole,54,1.0,0.0,0.6147119020456362,0.6147119020456362,,,,1.0
12,acetone_dipole,55,1.0,0.0,0.6147119020456362,0.6147119020456362,,,,1.0
12,acetone_dipole,56,1.0,0.0,0.6147119020456362,0.6147119020456362,,,,1.0
12,acetone_dipole,57,1.0,0.0,0.6147119020456362,0.6147119020456362,,,,1.0
12,acetone_dipole,58,1.0,0.0,0.6147119020456362,0.6147119020456362,,,,1.0
12,acetone_dipole,59,1.0,0.0,0.6147119020456362,0.6147119020456362,,,,1.0
12,acetone_dipole,60,1.0,0.0,0.6147119020456362,0.6147119020456362,,,,1.0
12,acetone_dipole,61,1.0,0.0,0.6147119020456362,0.6147119020456362,,,,1.0
12,acetone_dipole,62,1.0,0.0,0.6147119020456362,0.6147119020456362,,,,1.0
12,acetone_dipole,63,1.0,0.0,0.6147119020456362,0.6147119020456362,,,,1.0
12,acetone_dipole,64,1.0,0.0,0.6147119020456362,0.6147119020456362,,,,1.0
12,acetone_dipole,65,1.0,0.0,0.6147119020456362,0.6147119020456362,,,,1.0
12,acetone_dipole,66,1.0,0.0,0.6147119020456362,0.6147119020456362,,,,1.0
12,acetone_dipole,67,1.0,0.0,0.6147119020456362,0.6147119020456362,,,,1.0
12,acetone_dipole,68,1.0,0.0,0.6147119020456362,0.6147119020456362,,,,1.0
12,acetone_dipole,69,1.0,0.0,0.6147119020456362,0.6147119020456362,,,,1.0
12,acetone_dipole,70,1.0,0.0,0.6147119020456362,0.6147119020456362,,,,1.0
12,acetone_dipole,71,1.0,0.0,0.6147119020456362,0.6147119020456362,,,,1.0
12,acetone_dipole,72,1.0,0.0,0.6147119020456362,0.6147119020456362,,,,1.0
12,acetone_dipole,73,1.0,0.0,0.6147119020456362,0.6147119020456362,,,,1.0
12,acetone_dipole,74,1.0,0.0,0.6147119020456362,0.6147119020456362,,,,1.0
12,acetone_dipole,75,1.0,0.0,0.6147119020456362,0.6147119020456362,,,,1.0
12,acetone_dipole,76,1.0,0.0,0.6147119020456362,0.6147119020456362,,,,1.0
12,acetone_dipole,77,1.0,0.0,0.6147119020456362,0.6147119020456362,,,,1.0
12,acetone_dipole,78,1.0,0.0,0.6147119020456362,0.6147119020456362,,,,1.0
12,acetone_dipole,79,1.0,0.0,0.6147119020456362,0.6147119020456362,,,,1.0
12,acetone_dipole,80,1.0,0.0,0.6147119020456362,0.6147119020456362,,,,1.0
12,acetone_dipole,81,1.0,0.0,0.6147119020456362,0.6147119020456362,,,,1.0
12,acetone_dipole,82,1.0,0.0,0.6147119020456362,0.6147119020456362,,,,1.0
12,acetone_dipole,83,1.0,0.0,0.6147119020456362,0.6147119020456362,,,,1.0
12,acetone_dipole,84,1.0,0.0,0.6147119020456362,0.6147119020456362,,,,1.0
12,acetone_dipole,85,1.0,0.0,0.6147119020456362,0.6147119020456362,,,,1.0
12,acetone_dipole,86,1.0,0.0,0.6147119020456362,0.6147119020456362,,,,1.0
12,acetone_dipole,87,1.0,0.0,0.6147119020456362,0.6147119020456362,,,,1.0
12,acetone_dipole,88,1.0,0.0,0.6147119020456362,0.6147119020456362,,,,1.0
12,acetone_dipole,89,1.0,0.0,0.6147119020456362,0.6147119020456362,,,,1.0
12,acetone_dipole,90,1.0,0.0,0.6147119020456362,0.6147119020456362,,,,1.0
12,acetone_dipole,91,1.0,0.0,0.6147119020456362,0.6147119020456362,,,,1.0
12,acetone_dipole,92,1.0,0.0,0.6147119020456362,0.6147119020456362,,,,1.0
12,acetone_dipole,93,1.0,0.0,0.6147119020456362,0.6147119020456362,,,,1.0
12,acetone_dipole,94,1.0,0.0,0.6147119020456362,0.6147119020456362,,,,1.0
12,acetone_dipole,95,1.0,0.0,0.6147119020456362,0.6147119020456362,,,,1.0
12,acetone_dipole,96,1.0,0.0,0.6147119020456362,0.6147119020456362,,,,1.0
12,acetone_dipole,97,1.0,0.0,0.6147119020456362,0.6147119020456362,,,,1.0
12,acetone_dipole,98,1.0,0.0,0.6147119020456362,0.6147119020456362,,,,1.0
12,acetone_dipole,99,1.0,0.0,0.6147119020456362,0.6147119020456362,,,,1.0
12,acetone_dipole,100,1.0,0.0,0.6147119020456362,0.6147119020456362,,,,1.0
12,acetone_dipole,101,1.0,0.0,0.6147119020456362,0.6147119020456362,,,,1.0
12,acetone_dipole,102,1.0,0.0,0.6147119020456362,0.6147119020456362,,,,1.0
12,acetone_dipole,103,1.0,0.0,0.6147119020456362,0.6147119020456362,,,,1.0
12,acetone_dipole,104,1.0,0.0,0.6147119020456362,0.6147119020456362,,,,1.0
12,acetone_dipole,105,1.0,0.0,0.6147119020456362,0.6147119020456362,,,,1.0
12,acetone_dipole,106,1.0,0.0,0.6147119020456362,0.6147119020456362,,,,1.0
12,acetone_dipole,107,1.0,0.0,0.6147119020456362,0.6147119020456362,,,,1.0
12,acetone_dipole,108,1.0,0.0,0.6147119020456362,0.6147119020456362,,,,1.0
12,acetone_dipole,109,1.0,0.0,0.6147119020456362,0.6147119020456362,,,,1.0
12,acetone_dipole,110,1.0,0.0,0.6147119020456362,0.6147119020456362,,,,1.0
12,acetone_dipole,111,1.0,0.0,0.6147119020456362,0.6147119020456362,,,,1.0
12,acetone_dipole,112,1.0,0.0,0.6147119020456362,0.6147119020456362,,,,1.0
12,acetone_dipole,113,1.0,0.0,0.6147119020456362,0.6147119020456362,,,,1.0
12,acetone_dipole,114,1.0,0.0,0.6147119020456362,0.6147119020456362,,,,1.0
12,acetone_dipole,115,1.0,0.0,0.6147119020456362,0.6147119020456362,,,,1.0
12,acetone_dipole,116,1.0,0.0,0.6147119020456362,0.6147119020456362,,,,1.0
12,acetone_dipole,117,1.0,0.0,0.6147119020456362,0.6147119020456362,,,,1.0
12,acetone_dipole,118,1.0,0.0,0.6147119020456362,0.6147119020456362,,,,1.0
12,acetone_dipole,119,1.0,0.0,0.6147119020456362,0.6147119020456362,,,,1.0
12,acetone_dipole,120,1.0,0.0,0.6147119020456362,0.6147119020456362,,,,1.0
12,acetone_dipole,121,1.0,0.0,0.6147119020456362,0.6147119020456362,,,,1.0
12,acetone_dipole,122,1.0,0.0,0.6147119020456362,0.6147119020456362,,,,1.0
12,acetone_dipole,123,1.0,0.0,0.6147119020456362,0.6147119020456362,,,,1.0
12,acetone_dipole,124,1.0,0.0,0.6147119020456362,0.6147119020456362,,,,1.0
12,acetone_dipole,125,1.0,0.0,0.6147119020456362,0.6147119020456362,,,,1.0
12,acetone_dipole,126,1.0,0.0,0.6147119020456362,0.6147119020456362,,,,1.0
12,acetone_dipole,127,1.0,0.0,0.6147119020456362,0.6147119020456362,,,,1.0
12,acetone_dipole,128,1.0,0.0,0.6147119020456362,0.6147119020456362,,,,1.0
12,acetone_dipole,129,1.0,0.0,0.6147119020456362,0.6147119020456362,,,,1.0
12,acetone_dipole,130,1.0,0.0,0.6147119020456362,0.6147119020456362,,,,1.0
12,acetone_dipole,131,1.0,0.0,0.6147119020456362,0.6147119020456362,,,,1.0
12,acetone_dipole,132,1.0,0.0,0.6147119020456362,0.6147119020456362,,,,1.0
12,acetone_dipole,133,1.0,0.0,0.6147119020456362,0.6147119020456362,,,,1.0
12,acetone_dipole,134,1.0,0.0,0.6147119020456362,0.6147119020456362,,,,1.0
12,acetone_dipole,135,1.0,0.0,0.6147119020456362,0.6147119020456362,,,,1.0
12,acetone_dipole,136,1.0,0.0,0.6147119020456362,0.6147119020456362,,,,1.0
12,acetone_dipole,137,1.0,0.0,0.6147119020456362,0.6147119020456362,,,,1.0
12,acetone_dipole,138,1.0,0.0,0.6147119020456362,0.6147119020456362,,,,1.0
12,acetone_dipole,139,1.0,0.0,0.6147119020456362,0.6147119020456362,,,,1.0
12,acetone_dipole,140,1.0,0.0,0.6147119020456362,0.6147119020456362,,,,1.0
12,acetone_dipole,141,1.0,0.0,0.6147119020456362,0.6147119020456362,,,,1.0
12,acetone_dipole,142,1.0,0.0,0.6147119020456362,0.6147119020456362,,,,1.0
12,acetone_dipole,143,1.0,0.0,0.6147119020456362,0.6147119020456362,,,,1.0
12,acetone_dipole,144,1.0,0.0,0.6147119020456362,0.6147119020456362,,,,1.0
12,acetone_dipole,145,1.0,0.0,0.6147119020456362,0.6147119020456362,,,,1.0
12,acetone_dipole,146,1.0,0.0,0.6147119020456362,0.6147119020456362,,,,1.0
12,acetone_dipole,147,1.0,0.0,0.6147119020456362,0.6147119020456362,,,,1.0
12,acetone_dipole,148,1.0,0.0,0.6147119020456362,0.6147119020456362,,,,1.0
12,acetone_dipole,149,1.0,0.0,0.6147119020456362,0.6147119020456362,,,,1.0
12,acetone_dipole,150,1.0,0.0,0.6147119020456362,0.6147119020456362,,,,1.0
12,acetone_dipole,151,1.0,0.0,0.6147119020456362,0.6147119020456362,,,,1.0
12,acetone_dipole,152,1.0,0.0,0.6147119020456362,0.6147119020456362,,,,1.0
12,acetone_dipole,153,1.0,0.0,0.6147119020456362,0.6147119020456362,,,,1.0
12,acetone_dipole,154,1.0,0.0,0.6147119020456362,0.6147119020456362,,,,1.0
12,acetone_dipole,155,1.0,0.0,0.6147119020456362,0.6147119020456362,,,,1.0
12,acetone_dipole,156,1.0,0.0,0.6147119020456362,0.6147119020456362,,,,1.0
12,acetone_dipole,157,1.0,0.0,0.6147119020456362,0.6147119020456362,,,,1.0
12,acetone_dipole,158,1.0,0.0,0.6147119020456362,0.6147119020456362,,,,1.0
12,acetone_dipole,159,1.0,0.0,0.6147119020456362,0.6147119020456362,,,,1.0
12,acetone_dipole,160,1.0,0.0,0.6147119020456362,0.6147119020456362,,,,1.0
12,acetone_dipole,161,1.0,0.0,0.6147119020456362,0.6147119020456362,,,,1.0
12,acetone_dipole,162,1.0,0.0,0.6147119020456362,0.6147119020456362,,,,1.0
12,acetone_dipole,163,1.0,0.0,0.6147119020456362,0.6147119020456362,,,,1.0
12,acetone_dipole,164,1.0,0.0,0.6147119020456362,0.6147119020456362,,,,1.0
12,acetone_dipole,165,1.0,0.0,0.6147119020456362,0.6147119020456362,,,,1.0
12,acetone_dipole,166,1.0,0.0,0.6147119020456362,0.6147119020456362,,,,1.0
12,acetone_dipole,167,1.0,0.0,0.6147119020456362,0.6147119020456362,,,,1.0
12,acetone_dipole,168,1.0,0.0,0.6147119020456362,0.6147119020456362,,,,1.0
12,acetone_dipole,169,1.0,0.0,0.6147119020456362,0.6147119020456362,,,,1.0
12,acetone_dipole,170,1.0,0.0,0.6147119020456362,0.6147119020456362,,,,1.0
12,acetone_dipole,171,1.0,0.0,0.6147119020456362,0.6147119020456362,,,,1.0
12,acetone_dipole,172,1.0,0.0,0.6147119020456362,0.6147119020456362,,,,1.0
12,acetone_dipole,173,1.0,0.0,0.6147119020456362,0.6147119020456362,,,,1.0
12,acetone_dipole,174,1.0,0.0,0.6147119020456362,0.6147119020456362,,,,1.0
12,acetone_dipole,175,1.0,0.0,0.6147119020456362,0.6147119020456362,,,,1.0
12,acetone_dipole,176,1.0,0.0,0.6147119020456362,0.6147119020456362,,,,1.0
12,acetone_dipole,177,1.0,0.0,0.6147119020456362,0.6147119020456362,,,,1.0
12,acetone_dipole,178,1.0,0.0,0.6147119020456362,0.6147119020456362,,,,1.0
12,acetone_dipole,179,1.0,0.0,0.6147119020456362,0.6147119020456362,,,,1.0
12,acetone_dipole,180,1.0,0.0,0.6147119020456362,0.6147119020456362,,,,1.0
12,acetone_dipole,181,1.0,0.0,0.6147119020456362,0.6147119020456362,,,,1.0
12,acetone_dipole,182,1.0,0.0,0.6147119020456362,0.6147119020456362,,,,1.0
12,acetone_dipole,183,1.0,0.0,0.6147119020456362,0.6147119020456362,,,,1.0
12,acetone_dipole,184,1.0,0.0,0.6147119020456362,0.6147119020456362,,,,1.0
12,acetone_dipole,185,1.0,0.0,0.6147119020456362,0.6147119020456362,,,,1.0
12,acetone_dipole,186,1.0,0.0,0.6147119020456362,0.6147119020456362,,,,1.0
12,acetone_dipole,187,1.0,0.0,0.6147119020456362,0.6147119020456362,,,,1.0
12,acetone_dipole,188,1.0,0.0,0.6147119020456362,0.6147119020456362,,,,1.0
12,acetone_dipole,189,1.0,0.0,0.6147119020456362,0.6147119020456362,,,,1.0
12,acetone_dipole,190,1.0,0.0,0.6147119020456362,0.6147119020456362,,,,1.0
12,acetone_dipole,191,1.0,0.0,0.6147119020456362,0.6147119020456362,,,,1.0
12,acetone_dipole,192,1.0,0.0,0.6147119020456362,0.6147119020456362,,,,1.0
12,acetone_dipole,193,1.0,0.0,0.6147119020456362,0.6147119020456362,,,,1.0
12,acetone_dipole,194,1.0,0.0,0.6147119020456362,0.6147119020456362,,,,1.0
12,acetone_dipole,195,1.0,0.0,0.6147119020456362,0.6147119020456362,,,,1.0
12,acetone_dipole,196,1.0,0.0,0.6147119020456362,0.6147119020456362,,,,1.0
12,acetone_dipole,197,1.0,0.0,0.6147119020456362,0.6147119020456362,,,,1.0
12,acetone_dipole,198,1.0,0.0,0.6147119020456362,0.6147119020456362,,,,1.0
12,acetone_dipole,199,1.0,0.0,0.6147119020456362,0.6147119020456362,,,,1.0
12,acetone_dipole,200,1.0,0.0,0.6147119020456362,0.6147119020456362,,,,1.0
12,acetone_dipole,201,1.0,0.0,0.6147119020456362,0.6147119020456362,,,,1.0
12,acetone_dipole,202,1.0,0.0,0.6147119020456362,0.6147119020456362,,,,1.0
12,acetone_dipole,203,1.0,0.0,0.6147119020456362,0.6147119020456362,,,,1.0
12,acetone_dipole,204,1.0,0.0,0.6147119020456362,0.6147119020456362,,,,1.0
12,acetone_dipole,205,1.0,0.0,0.6147119020456362,0.6147119020456362,,,,1.0
12,acetone_dipole,206,1.0,0.0,0.6147119020456362,0.6147119020456362,,,,1.0
12,acetone_dipole,207,1.0,0.0,0.6147119020456362,0.6147119020456362,,,,1.0
12,acetone_dipole,208,1.0,0.0,0.6147119020456362,0.6147119020456362,,,,1.0
12,acetone_dipole,209,1.0,0.0,0.6147119020456362,0.6147119020456362,,,,1.0
12,acetone_dipole,210,1.0,0.0,0.6147119020456362,0.6147119020456362,,,,1.0
12,acetone_dipole,211,1.0,0.0,0.6147119020456362,0.6147119020456362,,,,1.0
12,acetone_dipole,212,1.0,0.0,0.6147119020456362,0.6147119020456362,,,,1.0
12,acetone_dipole,213,1.0,0.0,0.6147119020456362,0.6147119020456362,,,,1.0
12,acetone_dipole,214,1.0,0.0,0.6147119020456362,0.6147119020456362,,,,1.0
12,acetone_dipole,215,1.0,0.0,0.6147119020456362,0.6147119020456362,,,,1.0
12,acetone_dipole,216,1.0,0.0,0.6147119020456362,0.6147119020456362,,,,1.0
12,acetone_dipole,217,1.0,0.0,0.6147119020456362,0.6147119020456362,,,,1.0
12,acetone_dipole,218,1.0,0.0,0.6147119020456362,0.6147119020456362,,,,1.0
12,acetone_dipole,219,1.0,0.0,0.6147119020456362,0.6147119020456362,,,,1.0
12,acetone_dipole,220,1.0,0.0,0.6147119020456362,0.6147119020456362,,,,1.0
12,acetone_dipole,221,1.0,0.0,0.6147119020456362,0.6147119020456362,,,,1.0
12,acetone_dipole,222,1.0,0.0,0.6147119020456362,0.6147119020456362,,,,1.0
12,acetone_dipole,223,1.0,0.0,0.6147119020456362,0.6147119020456362,,,,1.0
12,acetone_dipole,224,1.0,0.0,0.6147119020456362,0.6147119020456362,,,,1.0
12,acetone_dipole,225,1.0,0.0,0.6147119020456362,0.6147119020456362,,,,1.0
12,acetone_dipole,226,1.0,0.0,0.6147119020456362,0.6147119020456362,,,,1.0
12,acetone_dipole,227,1.0,0.0,0.6147119020456362,0.6147119020456362,,,,1.0
12,acetone_dipole,228,1.0,0.0,0.6147119020456362,0.6147119020456362,,,,1.0
12,acetone_dipole,229,1.0,0.0,0.6147119020456362,0.6147119020456362,,,,1.0
12,acetone_dipole,230,1.0,0.0,0.6147119020456362,0.6147119020456362,,,,1.0
12,acetone_dipole,231,1.0,0.0,0.6147119020456362,0.6147119020456362,,,,1.0
12,acetone_dipole,232,1.0,0.0,0.6147119020456362,0.6147119020456362,,,,1.0
12,acetone_dipole,233,1.0,0.0,0.6147119020456362,0.6147119020456362,,,,1.0
12,acetone_dipole,234,1.0,0.0,0.6147119020456362,0.6147119020456362,,,,1.0
12,acetone_dipole,235,1.0,0.0,0.6147119020456362,0.6147119020456362,,,,1.0
12,acetone_dipole,236,1.0,0.0,0.6147119020456362,0.6147119020456362,,,,1.0
12,acetone_dipole,237,1.0,0.0,0.6147119020456362,0.6147119020456362,,,,1.0
12,acetone_dipole,238,1.0,0.0,0.6147119020456362,0.6147119020456362,,,,1.0
12,acetone_dipole,239,1.0,0.0,0.6147119020456362,0.6147119020456362,,,,1.0
12,acetone_dipole,240,1.0,0.0,0.6147119020456362,0.6147119020456362,,,,1.0
12,acetone_dipole,241,1.0,0.0,0.6147119020456362,0.6147119020456362,,,,1.0
12,acetone_dipole,242,1.0,0.0,0.6147119020456362,0.6147119020456362,,,,1.0
12,acetone_dipole,243,1.0,0.0,0.6147119020456362,0.6147119020456362,,,,1.0
12,acetone_dipole,244,1.0,0.0,0.6147119020456362,0.6147119020456362,,,,1.0
12,acetone_dipole,245,1.0,0.0,0.6147119020456362,0.6147119020456362,,,,1.0
12,acetone_dipole,246,1.0,0.0,0.6147119020456362,0.6147119020456362,,,,1.0
12,acetone_dipole,247,1.0,0.0,0.6147119020456362,0.6147119020456362,,,,1.0
12,acetone_dipole,248,1.0,0.0,0.6147119020456362,0.6147119020456362,,,,1.0
12,acetone_dipole,249,1.0,0.0,0.6147119020456362,0.6147119020456362,,,,1.0
12,octanol_gsolv_eV,0,0.1143023893237114,0.01045356784015894,0.7045420143508374,0.9561117447233749,2.551347255706787,0.05097248777747154,0.019978655458780692,0.06
12,octanol_gsolv_eV,1,0.5428448915481567,0.012124218977987766,0.6968078579327284,0.9009520998546796,3.035831928253174,0.4450732469558716,0.146606682278346,0.4
12,octanol_gsolv_eV,2,0.1261933296918869,0.017595894634723663,0.6710778013023215,0.9600441881692807,3.8018486499786377,0.03635656088590622,0.0095628638152417,0.1
12,octanol_gsolv_eV,3,0.2583498954772949,0.01634279638528824,0.6724583799354635,0.9758204471347911,3.5539088249206543,0.08724585920572281,0.024549267722891198,0.28
12,octanol_gsolv_eV,4,0.6872673034667969,0.014420154504477978,0.6986146556272419,0.922891493313061,3.3371310234069824,1.7626700401306152,0.5281992309463024,0.52
12,octanol_gsolv_eV,5,0.29322049021720886,0.0060611143708229065,0.6639120345322471,0.9286452526472007,1.1758531332015991,0.2842860221862793,0.24177000865084966,0.12
12,octanol_gsolv_eV,6,0.7292129993438721,0.013570177368819714,0.6862355768669892,0.9310899780298814,3.307410478591919,1.0531896352767944,0.3184333006422518,0.44
12,octanol_gsolv_eV,7,0.5045512318611145,0.025354715064167976,0.6526407454400025,0.9506991400818301,5.387616157531738,0.47557246685028076,0.0882714085311077,0.44
12,octanol_gsolv_eV,8,0.49218088388442993,0.015420231968164444,0.7072574517463579,0.9648729123009823,4.016680717468262,0.03808630257844925,0.009482033862640514,0.42
12,octanol_gsolv_eV,9,0.12047313898801804,0.012679895386099815,0.6630190630443964,0.9510824284438388,2.618025541305542,0.10001825541257858,0.03820369734158592,0.02
12,octanol_gsolv_eV,10,0.1661396026611328,0.01580791175365448,0.6394166044762566,0.9746082349596483,3.0659284591674805,0.014849662780761719,0.004843447255385073,0.22
12,octanol_gsolv_eV,11,0.31635773181915283,0.013264907523989677,0.6739286319325568,0.9770797427547313,2.890077829360962,0.09100635349750519,0.031489239692077085,0.28
12,octanol_gsolv_eV,12,0.25351768732070923,0.014352940022945404,0.6670299181771928,0.9073984196161051,3.056595802307129,0.6285529732704163,0.2056382374130012,0.18
12,octanol_gsolv_eV,13,0.27236783504486084,0.016363753005862236,0.6709655076865852,0.9702879032448029,3.5384819507598877,0.04149741679430008,0.011727463181036863,0.3
12,octanol_gsolv_eV,14,0.5924593210220337,0.013454058207571507,0.7360501315416679,0.9296191301197843,3.953350067138672,0.8833868503570557,0.2234527262586759,0.46
12,octanol_gsolv_eV,15,0.3615441918373108,0.016643492504954338,0.6672886239564284,0.9164547069469533,3.62459397315979,0.3889809548854828,0.10731711131395588,0.3
12,octanol_gsolv_eV,16,0.17852039635181427,0.01130510400980711,0.6707096833319939,0.9626399121115221,2.3851029872894287,0.11478181928396225,0.04812447089104822,0.18
12,octanol_gsolv_eV,17,0.20759226381778717,0.007975272834300995,0.6645928920409632,0.9500787798800792,1.6074596643447876,0.08594214171171188,0.05346457122253362,0.18
12,octanol_gsolv_eV,18,0.13427963852882385,0.009629364125430584,0.6631179468303183,0.9470343062974378,1.968341588973999,0.09251635521650314,0.04700218485183125,0.04
12,octanol_gsolv_eV,19,0.5337663888931274,0.02083427645266056,0.6675290154409703,0.905804874488215,4.528500556945801,0.9368261098861694,0.20687335644670912,0.42
12,octanol_gsolv_eV,20,0.37984341382980347,0.010234802961349487,0.6926697822688201,0.9062954013792723,2.411036252975464,0.4263670742511749,0.17683976079787045,0.26
12,octanol_gsolv_eV,21,0.38200029730796814,0.01443009078502655,0.6707224151874942,0.932988685867945,3.1168832778930664,0.3905854821205139,0.12531283570700144,0.36
12,octanol_gsolv_eV,22,0.4859234094619751,0.01992843672633171,0.6745061811734168,0.9503964115369727,4.386870861053467,0.748268723487854,0.1705700366361284,0.4
12,octanol_gsolv_eV,23,0.22297771275043488,0.010391936637461185,0.6744792414983278,0.9748030301990511,2.250037908554077,0.033572111278772354,0.01492068695871285,0.22
12,octanol_gsolv_eV,24,0.40556633472442627,0.009314272552728653,0.6714356902676875,0.9430832691443991,1.9494808912277222,0.3132438361644745,0.16068063943278937,0.3
12,octanol_gsolv_eV,25,0.42564114928245544,0.015016837976872921,0.671651895433695,0.9482915260840694,3.242138624191284,0.17070041596889496,0.052650560557531464,0.36
12,octanol_gsolv_eV,26,0.307029664516449,0.019822807982563972,0.6727683945285001,0.9739024156479892,4.366987228393555,0.009284853003919125,0.0021261461319488817,0.28
12,octanol_gsolv_eV,27,0.22416944801807404,0.003896084614098072,0.6726858196734251,0.9592301232704714,0.7208897471427917,0.09425134211778641,0.13074307477855884,0.1
12,octanol_gsolv_eV,28,0.13619492948055267,0.012236243113875389,0.663622903271764,0.9499193309317997,2.542833089828491,0.1360071897506714,0.053486479429070505,0.06
12,octanol_gsolv_eV,29,0.38144755363464355,0.011518385261297226,0.674427418103571,0.9266731032584092,2.466158390045166,0.4688737392425537,0.19012312474948806,0.28
12,octanol_gsolv_eV,30,0.17490047216415405,0.012742029502987862,0.6709848091988528,0.9798532623168525,2.710599184036255,0.13275885581970215,0.04897767866292048,0.12
12,octanol_gsolv_eV,31,0.09584658592939377,0.01158293429762125,0.6639758329741772,0.9713180491741376,2.3838329315185547,0.03402756154537201,0.014274306347339406,0.02
12,octanol_gsolv_eV,32,0.4506523907184601,0.025546051561832428,0.6592433773743143,0.926887402048773,5.515038967132568,0.7089493870735168,0.12854839128038303,0.38
12,octanol_gsolv_eV,33,0.7797685265541077,0.007087134290486574,0.7271845496967164,0.9233861013409579,1.654933214187622,1.1632236242294312,0.7028825177095968,0.58
12,octanol_gsolv_eV,34,0.08691756427288055,0.012416438199579716,0.6638390166299841,0.9574861825951793,2.5706324577331543,0.022163571789860725,0.008621836125653334,0.06
12,octanol_gsolv_eV,35,0.3406597077846527,0.027607813477516174,0.6563459136701,0.9397365425383704,5.759428977966309,0.3252964913845062,0.05648068456594989,0.24
12,octanol_gsolv_eV,36,0.24534888565540314,0.01131798792630434,0.6518331571453759,0.9333735998171755,2.2222299575805664,0.3128979504108429,0.14080358756008662,0.16
12,octanol_gsolv_eV,37,0.08672252297401428,0.017228391021490097,0.677096765676884,0.9743402857030279,3.7964515686035156,0.02072775922715664,0.005459771803379313,0.04
12,octanol_gsolv_eV,38,0.10396172851324081,0.007265315391123295,0.6721927144425448,0.9704928999295634,1.5103495121002197,0.07303616404533386,0.0483571275788829,0.04
12,octanol_gsolv_eV,39,0.7120758295059204,0.0064658415503799915,0.6948596019261195,0.9370698737038385,1.3823000192642212,0.9001259207725525,0.6511798511380162,0.5
12,octanol_gsolv_eV,40,0.6677544713020325,0.016363373026251793,0.6906541998103106,0.9171220235639521,3.6670849323272705,1.9029433727264404,0.5189253611093105,0.52
12,octanol_gsolv_eV,41,0.2671414315700531,0.010298698209226131,0.6802036372319511,0.9632212703634166,2.2753515243530273,0.10348665714263916,0.04548161285630998,0.2
12,octanol_gsolv_eV,42,0.7442121505737305,0.01022403035312891,0.6979515464052,0.9279949000645118,2.2502760887145996,1.3192980289459229,0.5862827390658232,0.66
12,octanol_gsolv_eV,43,0.3871261477470398,0.01450924389064312,0.6831872972236614,0.9268708546244397,3.3321316242218018,0.17579901218414307,0.05275872384699083,0.3
12,octanol_gsolv_eV,44,0.23091234266757965,0.009973493404686451,0.668225109948134,0.9359647584224067,2.0920279026031494,0.26615190505981445,0.12722196712990141,0.06
12,octanol_gsolv_eV,45,0.4800530672073364,0.010856321081519127,0.671268445934432,0.9252951305259158,2.3228371143341064,0.36181026697158813,0.15576222057882402,0.34
12,octanol_gsolv_eV,46,0.2643440365791321,0.015838930383324623,0.6737422956030155,0.966484912866743,3.449206829071045,0.04979843273758888,0.014437647611581707,0.24
12,octanol_gsolv_eV,47,0.15690003335475922,0.024109823629260063,0.6736559813742844,0.9535162199317864,5.299459457397461,0.03169728443026543,0.005981229724480582,0.12
12,octanol_gsolv_eV,48,0.4917554557323456,0.013814060017466545,0.6707459375313787,0.9028579389369278,2.988900899887085,0.7174373269081116,0.24003382880148855,0.28
12,octanol_gsolv_eV,49,0.5628825426101685,0.011820844374597073,0.6783011799684093,0.9391679988325992,2.5363311767578125,1.5620648860931396,0.6158757580269641,0.24
12,octanol_gsolv_eV,50,0.22899150848388672,0.014342362992465496,0.7181490420170387,0.9547504598061118,3.6815855503082275,0.00949924997985363,0.002580206231811818,0.18
12,octanol_gsolv_eV,51,0.26955273747444153,0.02171892113983631,0.6712123853524481,0.933586745406678,4.75341272354126,0.14273452758789062,0.030027800212045208,0.22
12,octanol_gsolv_eV,52,0.326127827167511,0.01159201841801405,0.6667458310775387,0.9083439058971123,2.4408068656921387,0.32671788334846497,0.13385650783795944,0.2
12,octanol_gsolv_eV,53,0.09851893037557602,0.02744702249765396,0.6426063138361713,0.9634094796063957,5.494329929351807,0.029408259317278862,0.0053524742225933815,0.06
12,octanol_gsolv_eV,54,0.5242253541946411,0.012804771773517132,0.7172137610312179,0.9226656721711768,3.45721173286438,0.6168861389160156,0.1784345844519367,0.3
12,octanol_gsolv_eV,55,0.48594099283218384,0.02191442996263504,0.6714709544289355,0.9347010469705632,4.908218860626221,0.5765877366065979,0.1174739254665252,0.38
12,octanol_gsolv_eV,56,0.39831864833831787,0.01997425965964794,0.6633414053916855,0.9061579529953996,4.365093231201172,0.47161024808883667,0.10804127726707466,0.28
12,octanol_gsolv_eV,57,0.22627998888492584,0.014581448398530483,0.6739485614224316,0.9690410536833143,3.190451145172119,0.04660848155617714,0.01460874322639493,0.22
12,octanol_gsolv_eV,58,0.15381522476673126,0.009533283300697803,0.6810333925288938,0.9613665069773707,2.210440158843994,0.05423130467534065,0.024534165495664128,0.1
12,octanol_gsolv_eV,59,0.4670182168483734,0.015635548159480095,0.6798011622392233,0.970794062871916,3.5650956630706787,0.15166999399662018,0.042543036240992246,0.48
12,octanol_gsolv_eV,60,0.35420840978622437,0.014496209099888802,0.7251727286667486,0.9758125090300467,3.8650901317596436,0.01846379041671753,0.004777065938255777,0.3
12,octanol_gsolv_eV,61,0.3903766870498657,0.024766836315393448,0.6630795186505907,0.9203361933590002,5.374245643615723,0.4270675480365753,0.07946558016824289,0.28
12,octanol_gsolv_eV,62,0.41976913809776306,0.015936942771077156,0.6745586069692733,0.9352440444529471,3.509053945541382,0.3303605318069458,0.09414518469478168,0.3
12,octanol_gsolv_eV,63,0.21966636180877686,0.02011481299996376,0.6679203778550913,0.9730991257211967,4.317370414733887,0.0644972175359726,0.014939004843286781,0.22
12,octanol_gsolv_eV,64,0.6061357855796814,0.011996464803814888,0.6784861001583904,0.9050881949151282,2.680975914001465,0.8053756952285767,0.30040392792135195,0.42
12,octanol_gsolv_eV,65,0.5363451242446899,0.019815443083643913,0.6747036583877843,0.911995494063194,4.290194988250732,2.509065628051758,0.5848372008552447,0.2
12,octanol_gsolv_eV,66,0.1813170611858368,0.009524957276880741,0.6725805824047006,0.9403194616626545,2.0195162296295166,0.1449233442544937,0.07176141599073958,0.16
12,octanol_gsolv_eV,67,0.2732589542865753,0.013846120797097683,0.659124408841437,0.9194272418507985,2.84165096282959,0.4981706738471985,0.17531029685332722,0.06
12,octanol_gsolv_eV,68,0.13334667682647705,0.009820496663451195,0.6693891559803331,0.9606264253057781,2.049426794052124,0.042945198714733124,0.02095473663141777,0.18
12,octanol_gsolv_eV,69,0.14604507386684418,0.013149780221283436,0.7188324178294403,0.9738384028357945,3.387066125869751,0.006856821943074465,0.002024413367871207,0.2
12,octanol_gsolv_eV,70,0.21990294754505157,0.022294100373983383,0.6673949018414531,0.9727056475121192,4.766891956329346,0.07726553827524185,0.01620878739922998,0.2
12,octanol_gsolv_eV,71,0.29239097237586975,0.019704686477780342,0.6741724536864717,0.9635928244891632,4.3682355880737305,0.034070421010255814,0.007799584139480883,0.26
12,octanol_gsolv_eV,72,0.3318236172199249,0.01077315490692854,0.7074699885902971,0.9626832550185678,2.6340885162353516,0.04275304824113846,0.01623068016796993,0.28
12,octanol_gsolv_eV,73,0.3706323206424713,0.01534989196807146,0.6742891910915132,0.9768598031313289,3.384004831314087,0.09114419668912888,0.026933825816594797,0.36
12,octanol_gsolv_eV,74,0.7314085960388184,0.012400755658745766,0.6991252626786888,0.9244625212992701,2.804889440536499,1.890332818031311,0.6739420066659533,0.64
12,octanol_gsolv_eV,75,0.5289395451545715,0.0228873360902071,0.6711767721659889,0.9215002673032531,5.117613792419434,1.0292236804962158,0.2011139805080199,0.52
12,octanol_gsolv_eV,76,0.7229539155960083,0.012106690555810928,0.6970552755186459,0.928454080140966,2.684389352798462,1.4264391660690308,0.5313831112397966,0.56
12,octanol_gsolv_eV,77,0.33813971281051636,0.016512500122189522,0.6952489990089661,0.9349373628916591,3.931065082550049,0.16617028415203094,0.04227105902918241,0.34
12,octanol_gsolv_eV,78,0.13660557568073273,0.01111020240932703,0.671419534833513,0.9653374375559316,2.344388961791992,0.06064148247241974,0.02586664732718538,0.14
12,octanol_gsolv_eV,79,0.547375500202179,0.01105306763201952,0.6844788946538414,0.9454156535401048,2.429396152496338,0.5735300183296204,0.236079248639744,0.4
12,octanol_gsolv_eV,80,0.5274860262870789,0.020314406603574753,0.6643048848353679,0.9358074105188496,4.5073347091674805,0.6677848100662231,0.14815514115426434,0.4
12,octanol_gsolv_eV,81,0.2845986783504486,0.013667138293385506,0.6734049100319532,0.9673292696693363,2.9924662113189697,0.09302309900522232,0.0310857641945508,0.2
12,octanol_gsolv_eV,82,0.1309228390455246,0.012990696355700493,0.6707653401438018,0.9692833662872582,2.771327018737793,0.09405648708343506,0.03393915133345515,0.04
12,octanol_gsolv_eV,83,0.26032429933547974,0.01188596524298191,0.6687966353084702,0.9361939360766609,2.505457878112793,0.1857653707265854,0.07414428011318673,0.2
12,octanol_gsolv_eV,84,0.10648629814386368,0.02462284080684185,0.6552951010636887,0.9505677254438922,5.038747787475586,0.10871762782335281,0.021576318642815097,0.06
12,octanol_gsolv_eV,85,0.15098072588443756,0.02492370828986168,0.6657654816547736,0.9737748619142812,5.372395038604736,0.02865532599389553,0.005333808438877868,0.14
12,octanol_gsolv_eV,86,0.11571972072124481,0.01627272553741932,0.6728997769369787,0.9653895580406546,3.5365917682647705,0.018190694972872734,0.00514356650832731,0.06
12,octanol_gsolv_eV,87,0.5236698985099792,0.015136618167161942,0.6742335304405283,0.9112170737887837,3.3631834983825684,0.7157906293869019,0.21283127421716416,0.36
12,octanol_gsolv_eV,88,0.1238880306482315,0.015387105755507946,0.6714877173588645,0.9638446196966477,3.305464267730713,0.06494739651679993,0.01964849450978576,0.16
12,octanol_gsolv_eV,89,0.6292115449905396,0.019883619621396065,0.6853648093825502,0.920178207950973,4.439986228942871,1.9979515075683594,0.44999047396686576,0.46
12,octanol_gsolv_eV,90,0.5858390927314758,0.011462423950433731,0.6836897701703215,0.9194242613227201,2.5106310844421387,0.8684846758842468,0.34592285631531716,0.34
12,octanol_gsolv_eV,91,0.1265064775943756,0.008804433047771454,0.6701984992914218,0.9613318915219671,1.8343037366867065,0.0495183952152729,0.026995744611368305,0.04
12,octanol_gsolv_eV,92,0.30800068378448486,0.011894281022250652,0.6958068496501668,0.9598354852771309,2.824530601501465,0.06575053930282593,0.02327839509611765,0.2
12,octanol_gsolv_eV,93,0.08020035922527313,0.010460280813276768,0.6665063468771024,0.9571243688875759,2.1738858222961426,0.027294239029288292,0.012555507170316359,0.04
12,octanol_gsolv_eV,94,0.312826544046402,0.019826408475637436,0.6449577481329092,0.9052300930088908,3.917851448059082,0.6041876673698425,0.15421403169054798,0.24
12,octanol_gsolv_eV,95,0.2438577115535736,0.011015445925295353,0.6695883051319416,0.9569823866923253,2.317426919937134,0.13825617730617523,0.059659347234097805,0.22
12,octanol_gsolv_eV,96,0.302356481552124,0.022256076335906982,0.6718591503056064,0.9769218717131776,4.8952250480651855,0.009425765834748745,0.001925502043766963,0.3
12,octanol_gsolv_eV,97,0.10725022107362747,0.011913714930415154,0.6684386102080402,0.9736762626479285,2.4942755699157715,0.0710054337978363,0.028467357277702107,0.14
12,octanol_gsolv_eV,98,0.16362382471561432,0.012094981037080288,0.6712416182211047,0.9641626226308275,2.586451292037964,0.04515782371163368,0.01745937526472888,0.16
12,octanol_gsolv_eV,99,0.4446512460708618,0.011513382196426392,0.6863421200184159,0.9402223844810895,2.611114740371704,0.26454976201057434,0.10131678930850602,0.28
12,octanol_gsolv_eV,100,0.1921471655368805,0.01749463938176632,0.6700352008530179,0.9635893386377203,3.768448829650879,0.1001879945397377,0.026586003703019483,0.08
12,octanol_gsolv_eV,101,0.23523487150669098,0.00844359677284956,0.6757056168190416,0.9559733341802412,1.8113406896591187,0.028839312493801117,0.015921528544267656,0.16
12,octanol_gsolv_eV,102,0.0750807449221611,0.013566077686846256,0.6713328938257561,0.9735892153763086,2.8895692825317383,0.027621954679489136,0.0095591944607356,0.02
12,octanol_gsolv_eV,103,0.2642190754413605,0.00786989089101553,0.6727402941443814,0.9779332132523226,1.6617449522018433,0.06607547402381897,0.03976270482198109,0.26
12,octanol_gsolv_eV,104,0.4007924795150757,0.013554767705500126,0.6976685464957388,0.9075612492522513,3.2571346759796143,0.4859626293182373,0.14919942761411284,0.36
12,octanol_gsolv_eV,105,0.16416020691394806,0.02136591635644436,0.6699474350834096,0.961963482897042,4.6101837158203125,0.08857465535402298,0.01921282552147978,0.18
12,octanol_gsolv_eV,106,0.5467725396156311,0.010591119527816772,0.6741498944781814,0.9223320330133129,2.409813165664673,0.43383097648620605,0.18002680982388405,0.4
12,octanol_gsolv_eV,107,0.3459714949131012,0.018470078706741333,0.6581531812651811,0.9581537900285491,3.833249807357788,0.05030478909611702,0.013123274407934163,0.32
12,octanol_gsolv_eV,108,0.7626600861549377,0.016159236431121826,0.7038511949013759,0.9197709904400628,3.741431951522827,2.525308847427368,0.6749578450570306,0.68
12,octanol_gsolv_eV,109,0.20531390607357025,0.00998697243630886,0.6685820236654212,0.9561563728556588,2.0857129096984863,0.09154713153839111,0.043892489283975954,0.12
12,octanol_gsolv_eV,110,0.2907283902168274,0.020524876192212105,0.6693374041668334,0.9435144131231199,4.465883255004883,0.08165781944990158,0.018284808354179043,0.2
12,octanol_gsolv_eV,111,0.35774412751197815,0.018420619890093803,0.6687339503370682,0.9478626970919877,3.989398956298828,0.11448942869901657,0.028698415463875877,0.26
12,octanol_gsolv_eV,112,0.11937817931175232,0.040585849434137344,0.6357066204873014,0.9605019474100616,8.033360481262207,0.03174635395407677,0.0039518149382347595,0.16
12,octanol_gsolv_eV,113,0.29502928256988525,0.008118795230984688,0.6741350178734524,0.9600720730021437,1.718350887298584,0.07531511038541794,0.04382987836891723,0.24
12,octanol_gsolv_eV,114,0.655576229095459,0.012511803768575191,0.6858810186042466,0.9371434125072897,2.8724491596221924,0.9458348155021667,0.3292781744574273,0.6
12,octanol_gsolv_eV,115,0.31224197149276733,0.014122595079243183,0.6977791495757066,0.9630459880609301,3.2993428707122803,0.010461308993399143,0.0031707250211132796,0.3
12,octanol_gsolv_eV,116,0.3393605053424835,0.010435115545988083,0.6734439535449934,0.9689503964009958,2.2426047325134277,0.07198107242584229,0.03209708397661704,0.26
12,octanol_gsolv_eV,117,0.6900096535682678,0.014370515011250973,0.6937801824693892,0.9403553554884885,3.20552659034729,1.4475605487823486,0.4515827612041485,0.56
12,octanol_gsolv_eV,118,0.7129647135734558,0.010913117788732052,0.6957030229597696,0.9121749976509674,2.4247851371765137,1.3512581586837769,0.557269235103123,0.5
12,octanol_gsolv_eV,119,0.2172023057937622,0.010822120122611523,0.6752689036222819,0.9627479702826578,2.340820074081421,0.10058286786079407,0.042969072665811174,0.18
12,octanol_gsolv_eV,120,0.6446232199668884,0.004560812842100859,0.70496475872267,0.9160088250316383,0.9630267024040222,0.6409861445426941,0.665595401397062,0.4
12,octanol_gsolv_eV,121,0.22887949645519257,0.013002150692045689,0.6743054634626449,0.9468768324403469,2.805074453353882,0.2835783362388611,0.1010947627075642,0.18
12,octanol_gsolv_eV,122,0.14433930814266205,0.012505079619586468,0.6688616678680472,0.9723149116323531,2.6291017532348633,0.15880118310451508,0.06040130737014081,0.18
12,octanol_gsolv_eV,123,0.33048713207244873,0.011592402122914791,0.6680803494002319,0.9321583093953258,2.421537160873413,0.15868236124515533,0.0655295998794092,0.2
12,octanol_gsolv_eV,124,0.1920289546251297,0.012126012705266476,0.6728891172331082,0.9658886235102291,2.595125675201416,0.09688921272754669,0.03733507538898932,0.14
12,octanol_gsolv_eV,125,0.5815085172653198,0.02155257575213909,0.673821194768164,0.940685580132917,5.003377437591553,1.1305944919586182,0.2259662610028569,0.58
12,octanol_gsolv_eV,126,0.47565993666648865,0.018158039078116417,0.6756677485783487,0.9424273230240032,4.044620513916016,0.5775142312049866,0.14278576425599823,0.42
12,octanol_gsolv_eV,127,0.2585766017436981,0.014305339194834232,0.7072829447535831,0.972105699094755,3.5202789306640625,0.041736356914043427,0.0118559800902397,0.26
12,octanol_gsolv_eV,128,0.30932268500328064,0.026248270645737648,0.6556619036865485,0.9627466006562215,5.408352851867676,0.06611853092908859,0.012225262060380503,0.24
12,octanol_gsolv_eV,129,0.10653150826692581,0.019379355013370514,0.6703972814097077,0.9701498136910365,4.183526515960693,0.027530573308467865,0.0065807096485310124,0.16
12,octanol_gsolv_eV,130,0.3297877609729767,0.011359916999936104,0.6728183810809807,0.9522426786047742,2.4489004611968994,0.09029930084943771,0.036873405955137904,0.26
12,octanol_gsolv_eV,131,0.24126967787742615,0.015245957300066948,0.6704228302902966,0.9582674519837135,3.2799088954925537,0.03799393028020859,0.011583837079262204,0.22
12,octanol_gsolv_eV,132,0.2545790672302246,0.01952645182609558,0.6724635523632627,0.9622258447014904,4.264115333557129,0.021419545635581017,0.00502320973051937,0.22
12,octanol_gsolv_eV,133,0.10069394111633301,0.013031495735049248,0.6701443756241159,0.9705486154871892,2.7708141803741455,0.03344247117638588,0.01206954671058819,0.08
12,octanol_gsolv_eV,134,0.08507005870342255,0.0122848991304636,0.660717393676072,0.9662263079371878,2.5040831565856934,0.047214776277542114,0.01885511515596761,0.02
12,octanol_gsolv_eV,135,0.5842993259429932,0.010440158657729626,0.6998536786988268,0.920001020948668,2.420421600341797,1.0418871641159058,0.4304568939430953,0.52
12,octanol_gsolv_eV,136,0.7293953895568848,0.012571400962769985,0.7086734010889024,0.9603693893703682,2.8978147506713867,1.792083978652954,0.6184259978101606,0.7
12,octanol_gsolv_eV,137,0.5794475078582764,0.010102275758981705,0.7030349022162621,0.9160079080744234,2.557943105697632,2.0532398223876953,0.8026917478399943,0.26
12,octanol_gsolv_eV,138,0.22019466757774353,0.013535507023334503,0.6717426442411507,0.943990188546971,2.875561475753784,0.19808165729045868,0.06888451488888257,0.2
12,octanol_gsolv_eV,139,0.28181740641593933,0.01570703275501728,0.6715169895628863,0.969501866641302,3.4030723571777344,0.07722051441669464,0.022691411263654655,0.28
12,octanol_gsolv_eV,140,0.33602631092071533,0.01641777716577053,0.6958700996713922,0.9664916018042415,3.9217138290405273,0.015132559463381767,0.0038586597908608863,0.24
12,octanol_gsolv_eV,141,0.6686522960662842,0.011595497839152813,0.6967770575303229,0.9200125078124273,2.725271463394165,0.9335002899169922,0.3425347905541757,0.58
12,octanol_gsolv_eV,142,0.4416334629058838,0.011242899112403393,0.7247424208903885,0.9358058461962011,2.9929466247558594,0.15485475957393646,0.051739900168305965,0.32
12,octanol_gsolv_eV,143,0.11650443077087402,0.014100135304033756,0.6681483534231492,0.9667612285454188,2.9819014072418213,0.026385106146335602,0.008848416678786546,0.16
12,octanol_gsolv_eV,144,0.20502038300037384,0.013108245097100735,0.7194630582072268,0.9332074697475621,3.41095232963562,0.15513835847377777,0.045482417659689384,0.22
12,octanol_gsolv_eV,145,0.16560649871826172,0.015111103653907776,0.6714122044956987,0.9518568942231203,3.23957896232605,0.029114646837115288,0.008987169992056832,0.06
12,octanol_gsolv_eV,146,0.34603071212768555,0.008860164321959019,0.6704560967967814,0.9164072220997546,1.8454440832138062,0.5076822638511658,0.2751003232604299,0.24
12,octanol_gsolv_eV,147,0.45837080478668213,0.0063385204412043095,0.6844493321937164,0.9169367302471318,1.3711868524551392,0.48413899540901184,0.3530802490865127,0.26
12,octanol_gsolv_eV,148,0.2121899276971817,0.009258289821445942,0.672719460750459,0.9554527799570782,1.9764817953109741,0.03514617308974266,0.01778218912672194,0.18
12,octanol_gsolv_eV,149,0.5017530918121338,0.009901439771056175,0.6753217767470401,0.9295098082782636,2.0645179748535156,0.7048192024230957,0.34139649594143395,0.38
12,octanol_gsolv_eV,150,0.501041054725647,0.014364653266966343,0.7040268326106942,0.937171475279736,3.6834800243377686,0.22614046931266785,0.06139315750825181,0.4
12,octanol_gsolv_eV,151,0.09402882307767868,0.008062947541475296,0.6594999179134806,0.9623054980858645,1.6056245565414429,0.030435454100370407,0.018955523553980246,0.04
12,octanol_gsolv_eV,152,0.11113123595714569,0.004860104061663151,0.6674954755145066,0.9709556086183533,0.9575884938240051,0.028433989733457565,0.02969332851934146,0.02
12,octanol_gsolv_eV,153,0.4344182312488556,0.020477965474128723,0.6726204916012237,0.9355249625792266,4.545641899108887,0.40682119131088257,0.08949697321969742,0.4
12,octanol_gsolv_eV,154,0.27224770188331604,0.015596317127346992,0.6995866386714182,0.9505302368780408,3.714299440383911,0.20191526412963867,0.05436160098841375,0.2
12,octanol_gsolv_eV,155,0.5783427357673645,0.015491865575313568,0.6729156848570572,0.9075620357343035,3.4594898223876953,0.8575118780136108,0.24787235171623287,0.38
12,octanol_gsolv_eV,156,0.5273829698562622,0.013910581357777119,0.7136230891192865,0.9405660868044172,3.70707368850708,0.2798033058643341,0.07547821526499437,0.46
12,octanol_gsolv_eV,157,0.19205942749977112,0.011132054962217808,0.6972475165737801,0.9670519080951987,2.658717393875122,0.010539467446506023,0.003964117235922012,0.22
12,octanol_gsolv_eV,158,0.12253141403198242,0.008104212582111359,0.6671597012267516,0.9713363705994773,1.6668131351470947,0.11119801551103592,0.06671294650028228,0.04
12,octanol_gsolv_eV,159,0.5250731706619263,0.023395275697112083,0.6834121319022881,0.9681808704131112,5.219294548034668,1.286085605621338,0.24640985362775034,0.44
12,octanol_gsolv_eV,160,0.24539348483085632,0.014244476333260536,0.6687634243841871,0.9500124666364484,3.0245413780212402,0.03608689084649086,0.011931359613304465,0.16
12,octanol_gsolv_eV,161,0.08850101381540298,0.0329606868326664,0.6691442126508067,0.9637936779004308,7.202911376953125,0.03515160456299782,0.004880193955387406,0.16
12,octanol_gsolv_eV,162,0.2170657515525818,0.022964004427194595,0.666022094902665,0.9346169594294764,5.035879611968994,0.958739161491394,0.19038166822191638,0.14
12,octanol_gsolv_eV,163,0.14551441371440887,0.014252216555178165,0.6581620245865196,0.9770945451060289,2.8977246284484863,0.040856316685676575,0.01409944764404755,0.14
12,octanol_gsolv_eV,164,0.13825808465480804,0.01433751080185175,0.6712656375792017,0.9660254064012617,3.0664563179016113,0.06312169879674911,0.020584574588019423,0.18
12,octanol_gsolv_eV,165,0.18354302644729614,0.03217443823814392,0.6668899347058759,0.9748840982973672,6.919451713562012,0.022687232121825218,0.0032787615350156453,0.18
12,octanol_gsolv_eV,166,0.20132438838481903,0.016985733062028885,0.6717892732500297,0.9654896027784095,3.666627883911133,0.021574413403868675,0.005883993164001032,0.16
12,octanol_gsolv_eV,167,0.15661460161209106,0.005399766843765974,0.6736299118927194,0.9661651803907176,1.1034876108169556,0.038040854036808014,0.03447329509086637,0.1
12,octanol_gsolv_eV,168,0.2991921007633209,0.024564160034060478,0.666984906004366,0.9465640579753571,5.348348617553711,0.1949814409017563,0.036456382117988996,0.18
12,octanol_gsolv_eV,169,0.2716190218925476,0.016154464334249496,0.6606219363929735,0.9436485740711289,3.3457257747650146,0.43718257546424866,0.13066898033355825,0.06
12,octanol_gsolv_eV,170,0.336323082447052,0.02095792256295681,0.6586359677758249,0.9479513700508437,4.345341682434082,0.07347434759140015,0.016908761833026403,0.22
12,octanol_gsolv_eV,171,0.27848687767982483,0.017015166580677032,0.6725302122732348,0.9687875643728203,3.7023448944091797,0.05116010084748268,0.013818296864978272,0.28
12,octanol_gsolv_eV,172,0.19145500659942627,0.011372284032404423,0.6734761207138347,0.9507192300739438,2.466625928878784,0.06641899794340134,0.026927065496952913,0.04
12,octanol_gsolv_eV,173,0.7031640410423279,0.013108410872519016,0.6956751689144909,0.9308106206491316,2.9731245040893555,1.1953788995742798,0.40206150059646256,0.54
12,octanol_gsolv_eV,174,0.2837073504924774,0.017654724419116974,0.6707826947828897,0.9771835909305766,3.833977222442627,0.04660133644938469,0.012154828718490659,0.24
12,octanol_gsolv_eV,175,0.1506546586751938,0.013349536806344986,0.6695969845822796,0.9638507106542271,2.833369255065918,0.11536229401826859,0.040715587568407034,0.18
12,octanol_gsolv_eV,176,0.10555333644151688,0.014125259593129158,0.6674310793804301,0.9734139897661986,2.98162579536438,0.02596399560570717,0.008707999389485476,0.06
12,octanol_gsolv_eV,177,0.5524128079414368,0.006942883133888245,0.6683508239079179,0.9412755702468116,1.3356341123580933,0.5245751738548279,0.39275365086975667,0.32
12,octanol_gsolv_eV,178,0.30329906940460205,0.036385923624038696,0.6675397297544079,0.9550895685331278,7.922215938568115,0.24458880722522736,0.030873786970951344,0.24
12,octanol_gsolv_eV,179,0.3541184663772583,0.012390130199491978,0.7231522247979592,0.9692709654588862,3.2238941192626953,0.011110984720289707,0.003446448397266468,0.24
12,octanol_gsolv_eV,180,0.5070236921310425,0.021615272387862206,0.6746408937621702,0.9276717322627408,4.965091705322266,0.7200506329536438,0.14502262509709435,0.4
12,octanol_gsolv_eV,181,0.21953657269477844,0.012392406351864338,0.71506878804382,0.9157834857459901,3.215745210647583,0.5090188384056091,0.15828954256705666,0.22
12,octanol_gsolv_eV,182,0.805127739906311,0.013442352414131165,0.7178461747723417,0.9548150718213115,3.0380055904388428,2.796427011489868,0.9204811934154215,0.76
12,octanol_gsolv_eV,183,0.3154895305633545,0.009349938482046127,0.6909342635371423,0.9570120961817252,2.132380962371826,0.06417221575975418,0.030094160889701464,0.24
12,octanol_gsolv_eV,184,0.5574986934661865,0.013178471475839615,0.7245828226778666,0.9538182715963264,3.5979368686676025,0.15789081156253815,0.0438837081710688,0.44
12,octanol_gsolv_eV,185,0.20248094201087952,0.010959755629301071,0.6723322099354081,0.9599207065888522,2.329085111618042,0.1277364045381546,0.05484402605167772,0.18
12,octanol_gsolv_eV,186,0.2427680790424347,0.012603698298335075,0.7229977597629662,0.9382243173810074,3.2538094520568848,0.1486121416091919,0.045673277368853675,0.26
12,octanol_gsolv_eV,187,0.09136507660150528,0.008812904357910156,0.6715722976417826,0.9628948051056514,1.8556145429611206,0.027178224176168442,0.014646481554729812,0.04
12,octanol_gsolv_eV,188,0.2163180708885193,0.006946788635104895,0.6889545866396847,0.939393905161432,1.5370244979858398,0.14411792159080505,0.09376423198176817,0.1
12,octanol_gsolv_eV,189,0.6139130592346191,0.013200908899307251,0.7038368671128632,0.9183996024636816,3.5032777786254883,0.8916544914245605,0.25452006599785,0.44
12,octanol_gsolv_eV,190,0.33340024948120117,0.028155874460935593,0.6314572393747211,0.9195901259118753,5.315222263336182,0.47230520844459534,0.08885897617160898,0.28
12,octanol_gsolv_eV,191,0.37270087003707886,0.021818408742547035,0.6709328701532311,0.9593346766341215,4.830246448516846,0.12023717164993286,0.024892554227093806,0.3
12,octanol_gsolv_eV,192,0.41444602608680725,0.019087180495262146,0.6695846426722665,0.928754690059518,4.196197032928467,0.41435524821281433,0.09874542233390829,0.28
12,octanol_gsolv_eV,193,0.13555417954921722,0.01737942546606064,0.6707082922546064,0.9699734461112552,3.748745918273926,0.028403352946043015,0.007576761286377356,0.16
12,octanol_gsolv_eV,194,0.08862269669771194,0.008272003382444382,0.6472674121088879,0.9644850407456302,1.572070598602295,0.017761219292879105,0.011297978162475875,0.1
12,octanol_gsolv_eV,195,0.19207815825939178,0.020702725276350975,0.6673213843195394,0.962219519653434,4.439553260803223,0.024160636588931084,0.005442132388014158,0.2
12,octanol_gsolv_eV,196,0.45147305727005005,0.011227265000343323,0.6754169230848321,0.9285341381953685,2.4415175914764404,0.5274761319160461,0.2160443708280101,0.38
12,octanol_gsolv_eV,197,0.2983859181404114,0.013248026371002197,0.6756906386079338,0.9417528759474341,2.87404727935791,0.35594165325164795,0.12384683293420586,0.18
12,octanol_gsolv_eV,198,0.2720659077167511,0.013458695262670517,0.6710459718979755,0.9437840561229662,2.891254186630249,0.22462879121303558,0.07769250875684507,0.18
12,octanol_gsolv_eV,199,0.6027554273605347,0.008891080506145954,0.6653560589636991,0.9229593014627566,2.0123207569122314,0.6006965637207031,0.29850935128375405,0.34
12,octanol_gsolv_eV,200,0.42672765254974365,0.020079882815480232,0.6757400104624129,0.9369235822068505,4.4332098960876465,0.7707923650741577,0.1738677804888936,0.24
12,octanol_gsolv_eV,201,0.2979140281677246,0.01763281039893627,0.6716628282188772,0.971487667330917,3.8399600982666016,0.04503054544329643,0.011726826396874201,0.3
12,octanol_gsolv_eV,202,0.14240451157093048,0.0295400507748127,0.6522159771390046,0.9523675965533711,5.997491836547852,0.0385151281952858,0.006421872550218435,0.14
12,octanol_gsolv_eV,203,0.43058428168296814,0.01888926699757576,0.6729695035050185,0.9397677796613302,4.177910804748535,0.259964257478714,0.06222350586882886,0.3
12,octanol_gsolv_eV,204,0.156129851937294,0.011998295783996582,0.6660798670559045,0.975239457547034,2.4940314292907715,0.11612138152122498,0.04655971057840536,0.14
12,octanol_gsolv_eV,205,0.1550239473581314,0.01801927015185356,0.6662011199002631,0.9086229473312586,3.9489927291870117,0.4769825041294098,0.12078586536866258,0.14
12,octanol_gsolv_eV,206,0.48220890760421753,0.013843110762536526,0.6825307363676951,0.9227575903143235,3.0255203247070312,1.1290268898010254,0.37316784176961426,0.3
12,octanol_gsolv_eV,207,0.23661847412586212,0.011428505182266235,0.6689576078195436,0.9232405562286594,2.445530414581299,0.36042141914367676,0.147379651054303,0.16
12,octanol_gsolv_eV,208,0.28629258275032043,0.010595898143947124,0.6723302241113724,0.9572565594526823,2.2529263496398926,0.1618344783782959,0.07183300883500408,0.2
12,octanol_gsolv_eV,209,0.2905314862728119,0.015181812457740307,0.6712266508843008,0.9661175762800223,3.2745182514190674,0.08233436942100525,0.02514396411909577,0.2
12,octanol_gsolv_eV,210,0.4302430748939514,0.01122476439923048,0.7295218583252294,0.9124893225335493,3.1315436363220215,0.6662010550498962,0.21273887016064233,0.26
12,octanol_gsolv_eV,211,0.15342281758785248,0.018525734543800354,0.6956193291680475,0.9634181129127064,4.385501861572266,0.008754772134125233,0.0019962988069480653,0.04
12,octanol_gsolv_eV,212,0.12776221334934235,0.016855333000421524,0.6724963596662978,0.9745137728298197,3.637064218521118,0.09470152109861374,0.02603790183752123,0.16
12,octanol_gsolv_eV,213,0.2037469744682312,0.019557097926735878,0.6718890444843801,0.949701604401159,4.247138023376465,0.06929858773946762,0.016316537715055326,0.18
12,octanol_gsolv_eV,214,0.13090649247169495,0.005896273069083691,0.6685830115574376,0.9711328145383045,1.174569845199585,0.03431878238916397,0.029218170830302957,0.06
12,octanol_gsolv_eV,215,0.16608528792858124,0.011300820857286453,0.6685807495841793,0.9547143112874821,2.380188465118408,0.11807700991630554,0.049608260709906225,0.14
12,octanol_gsolv_eV,216,0.7613050937652588,0.01299565751105547,0.7085769787935741,0.9458504462620174,2.990098476409912,1.8571758270263672,0.6211085827702242,0.68
12,octanol_gsolv_eV,217,0.2793273329734802,0.018460720777511597,0.6682846361850581,0.9139852085987517,4.0055341720581055,0.4740525186061859,0.11834938818225345,0.12
12,octanol_gsolv_eV,218,0.5891848802566528,0.013969454914331436,0.6835737890041875,0.9139342002353894,3.1111395359039307,1.0315930843353271,0.3315804618951626,0.4
12,octanol_gsolv_eV,219,0.18344612419605255,0.01764076016843319,0.669036011589482,0.9759068713245214,3.7818682193756104,0.0778261199593544,0.02057874982545097,0.08
12,octanol_gsolv_eV,220,0.2787069082260132,0.018808526918292046,0.668959570512984,0.934172061540975,4.058899402618408,0.0927642434835434,0.02285453131055697,0.24
12,octanol_gsolv_eV,221,0.4292069375514984,0.019861960783600807,0.6711853196275757,0.9119680885306649,4.3967132568359375,0.5263757109642029,0.11972027289835255,0.32
12,octanol_gsolv_eV,222,0.29943469166755676,0.0176492091268301,0.6715503335970547,0.962191107121035,3.8355062007904053,0.10011734068393707,0.026102771170935745,0.26
12,octanol_gsolv_eV,223,0.5441775918006897,0.013137145899236202,0.7058255267275833,0.9274878546099206,3.317472457885742,0.2861490249633789,0.08625513206091377,0.38
12,octanol_gsolv_eV,224,0.18136006593704224,0.024049779400229454,0.6331274034611662,0.9579407857069928,4.7088494300842285,0.12689638137817383,0.026948489915062754,0.12
12,octanol_gsolv_eV,225,0.14931036531925201,0.04147956520318985,0.6451528207658372,0.9638300711867922,8.288604736328125,0.007449022959917784,0.0008987065008986931,0.18
12,octanol_gsolv_eV,226,0.10890795290470123,0.007673031650483608,0.6729786274189693,0.9603018161478796,1.602034330368042,0.05982494354248047,0.03734310957539633,0.1
12,octanol_gsolv_eV,227,0.14292581379413605,0.012027577497065067,0.6706524914256755,0.9530500357125884,2.5410866737365723,0.07796868681907654,0.030683206371873384,0.14
12,octanol_gsolv_eV,228,0.3546946048736572,0.013961556367576122,0.7090707778121126,0.887565785590372,3.473604202270508,0.5936988592147827,0.17091724463792213,0.24
12,octanol_gsolv_eV,229,0.1315077245235443,0.02629966102540493,0.6416482475310659,0.9489829660755196,5.209137439727783,0.08800447732210159,0.016894251368936908,0.1
12,octanol_gsolv_eV,230,0.22311601042747498,0.012106567621231079,0.6726090099333073,0.9643185665170295,2.6045734882354736,0.03750746324658394,0.014400616229874246,0.24
12,octanol_gsolv_eV,231,0.15961016714572906,0.010056763887405396,0.6558114861843571,0.9552507993804322,1.9904693365097046,0.07629714906215668,0.03833123558484152,0.02
12,octanol_gsolv_eV,232,0.12247417122125626,0.016797970980405807,0.6712970464768144,0.9621720255955053,3.6189956665039062,0.02803042158484459,0.007745359256515245,0.1
12,octanol_gsolv_eV,233,0.3456810712814331,0.00956058595329523,0.6744200442333026,0.9516062427045784,2.0633745193481445,0.17363950610160828,0.08415316970981301,0.28
12,octanol_gsolv_eV,234,0.08709339052438736,0.013761329464614391,0.6321624019026899,0.9686743814443268,2.654125452041626,0.013011509552598,0.004902371718182797,0.1
12,octanol_gsolv_eV,235,0.3383914828300476,0.02176804095506668,0.6715038980335579,0.9784621478185231,4.782151222229004,0.02027306705713272,0.004239319526931074,0.24
12,octanol_gsolv_eV,236,0.19528990983963013,0.00946139357984066,0.6801174402357986,0.9566858647935212,2.0858500003814697,0.07082463055849075,0.033954805257107666,0.08
12,octanol_gsolv_eV,237,0.22214984893798828,0.013454146683216095,0.7067822552978607,0.914508551224342,3.3301680088043213,0.2641061246395111,0.07930714724940768,0.22
12,octanol_gsolv_eV,238,0.3958640694618225,0.01578092947602272,0.6747625586870902,0.9650943412042099,3.4911561012268066,0.09899424016475677,0.02835571864860749,0.3
12,octanol_gsolv_eV,239,0.4737434685230255,0.007885831408202648,0.6948201133237184,0.9622338189626882,1.8190059661865234,0.1694898009300232,0.09317715503998708,0.34
12,octanol_gsolv_eV,240,0.129848912358284,0.017284400761127472,0.6681928771000125,0.9557548063840304,3.7071011066436768,0.0343673937022686,0.009270692304743757,0.02
12,octanol_gsolv_eV,241,0.33970585465431213,0.01451174821704626,0.6734193951864766,0.9708892993210247,3.1704559326171875,0.04966093227267265,0.01566365637250095,0.34
12,octanol_gsolv_eV,242,0.6515746116638184,0.005009436514228582,0.6928641067719437,0.8904154178113477,1.0131492614746094,0.7715607285499573,0.7615469485976558,0.28
12,octanol_gsolv_eV,243,0.28090760111808777,0.010888361372053623,0.6610891208890086,0.9458280815529811,2.2186455726623535,0.23920878767967224,0.10781748586937388,0.22
12,octanol_gsolv_eV,244,0.19997012615203857,0.00717869633808732,0.6891056258218407,0.9692098113592349,1.5700641870498657,0.10931719094514847,0.069625937491482,0.18
12,octanol_gsolv_eV,245,0.33184167742729187,0.013948872685432434,0.6733571262040137,0.9713621031880393,3.0511367321014404,0.09211622178554535,0.03019078785174639,0.26
12,octanol_gsolv_eV,246,0.7472624778747559,0.008410772308707237,0.7066423282008096,0.9282936389142307,2.0815651416778564,0.8502464890480042,0.4084649920504811,0.6
12,octanol_gsolv_eV,247,0.05295020714402199,0.01708012819290161,0.7196751295080606,0.9767493465626214,4.38706636428833,0.0020935239735990763,0.00047720362532940343,0.04
12,octanol_gsolv_eV,248,0.413117915391922,0.009951082058250904,0.6694229698780803,0.964242038040767,2.081329822540283,0.27787095308303833,0.1335064486530511,0.3
12,octanol_gsolv_eV,249,0.29465451836586,0.017239145934581757,0.6738174103355858,0.9775725061588361,3.779726982116699,0.02086815983057022,0.005521075974350868,0.24
12,octanol_hl_gap_eV,0,0.05049264058470726,0.0015840723644942045,0.6369714862726701,0.9636574051620694,0.40048912167549133,0.0006801055278629065,0.001698187269151303,0.04
12,octanol_hl_gap_eV,1,0.10425881296396255,0.0011429726146161556,0.6237141808711644,0.9717754986538427,0.3251332640647888,0.0011533629149198532,0.0035473544001638183,0.06
12,octanol_hl_gap_eV,2,0.1802704632282257,0.0013406499056145549,0.6303707682147452,0.9324046528148344,0.3681930601596832,0.033305879682302475,0.09045765193906127,0.14
12,octanol_hl_gap_eV,3,0.03414077311754227,0.0006691627786494792,0.6411608112867193,0.970162745892226,0.29032784700393677,0.0005764072993770242,0.0019853669061556064,0.02
12,octanol_hl_gap_eV,4,0.107467882335186,0.0010041875066235662,0.6386859038830945,0.9615124878125358,0.2789119780063629,0.001232059788890183,0.0044173785496658576,0.2
12,octanol_hl_gap_eV,5,0.02178020589053631,0.0010346237104386091,0.6612315216765661,0.9746845903105086,0.23368452489376068,0.0006279648514464498,0.0026872333618665574,0.1
12,octanol_hl_gap_eV,6,0.07881727069616318,0.0024365864228457212,0.6710516738651839,0.9740927344890591,0.6434628367424011,0.0018856668611988425,0.002930498474076966,0.14
12,octanol_hl_gap_eV,7,0.6003984212875366,0.0009840468410402536,0.6777676020326251,0.9515989386704575,0.3227960765361786,0.05947352945804596,0.18424489571322358,0.5
12,octanol_hl_gap_eV,8,0.19518139958381653,0.0006664035026915371,0.6713096101678775,0.9744747936051115,0.2612955570220947,0.0007335506961680949,0.0028073600046175564,0.18
12,octanol_hl_gap_eV,9,0.08703497052192688,0.003086125012487173,0.6321522609416454,0.9794421314236037,0.5545435547828674,0.001516980235464871,0.0027355475009692384,0.04
12,octanol_hl_gap_eV,10,0.24203425645828247,0.001336277462542057,0.6200871244833934,0.9123959415630363,0.288891464471817,0.038824841380119324,0.13439248352699915,0.18
12,octanol_hl_gap_eV,11,0.014664926566183567,0.0012395272497087717,0.6220569846592874,0.9763977476780523,0.3668811321258545,0.00044631256605498493,0.0012165045486773147,0.06
12,octanol_hl_gap_eV,12,0.10351662337779999,0.0018343098927289248,0.6241672773371494,0.9706857220763854,0.43531835079193115,0.0015927576459944248,0.003658834145394698,0.2
12,octanol_hl_gap_eV,13,0.12236341089010239,0.0006860257708467543,0.6585440685992738,0.9718693546382198,0.2779137194156647,0.001615818589925766,0.005814101561172118,0.12
12,octanol_hl_gap_eV,14,0.07841712236404419,0.0008681602776050568,0.6713085239814591,0.9695020971499664,0.2710351049900055,0.0010959859937429428,0.004043704942883165,0.08
12,octanol_hl_gap_eV,15,0.06862101703882217,0.0019399170996621251,0.6596423196007792,0.9643809706256892,0.19329030811786652,0.03702108561992645,0.19153099801233367,0.12
12,octanol_hl_gap_eV,16,0.10174030810594559,0.0009160268818959594,0.6167253549633154,0.9734978538375354,0.2992054522037506,0.0013313567033037543,0.004449640517904524,0.18
12,octanol_hl_gap_eV,17,0.1324782371520996,0.0018031640211120248,0.6882167388011253,0.9746311375454109,0.5070165991783142,0.004865963477641344,0.00959724688605317,0.1
12,octanol_hl_gap_eV,18,0.134003147482872,0.0011046123690903187,0.6385220775890681,0.9655862238601713,0.3552500605583191,0.006589778698980808,0.018549690571830337,0.2
12,octanol_hl_gap_eV,19,0.25035449862480164,0.0019841217435896397,0.6267016675686663,0.9149212385091918,0.4024965167045593,0.06281029433012009,0.15605177119141164,0.06
12,octanol_hl_gap_eV,20,0.12849456071853638,0.0005929813487455249,0.6735708428838836,0.9776382281016882,0.2709254026412964,0.0003138164465781301,0.001158313113198991,0.16
12,octanol_hl_gap_eV,21,0.2613362669944763,0.0010017713066190481,0.6427925435011481,0.9313370173176079,0.31956395506858826,0.017961863428354263,0.05620741370690288,0.16
12,octanol_hl_gap_eV,22,0.08668480813503265,0.000913793221116066,0.6545355306006297,0.9724114706154396,0.2854813039302826,0.0004256795218680054,0.0014910942188072695,0.18
12,octanol_hl_gap_eV,23,0.07201571762561798,0.0006541116745211184,0.6748491486679873,0.9632127986592867,0.2685835361480713,0.0018630800768733025,0.006936687570626735,0.14
12,octanol_hl_gap_eV,24,0.09402360022068024,0.0011328371474519372,0.6314871046018922,0.979520213211412,0.29006078839302063,0.0006441468140110373,0.002220730411648211,0.12
12,octanol_hl_gap_eV,25,0.045430656522512436,0.0008535843226127326,0.6538706305603919,0.9585380517238984,0.3082405626773834,0.00044189172331243753,0.0014335936823958455,0.04
12,octanol_hl_gap_eV,26,0.0744960606098175,0.0008107854519039392,0.6705856365653573,0.9527872020094545,0.3027336001396179,0.0009877472184598446,0.0032627604534293674,0.08
12,octanol_hl_gap_eV,27,0.052857644855976105,0.001644722418859601,0.630352029115244,0.9628034574164017,0.40557926893234253,0.0010825763456523418,0.0026692102594448285,0.04
12,octanol_hl_gap_eV,28,0.13000456988811493,0.0008433170733042061,0.6583478628613864,0.9793514579101674,0.2812894582748413,0.00041669089114293456,0.0014813597839695638,0.04
12,octanol_hl_gap_eV,29,0.13676516711711884,0.0011188865173608065,0.6589688084189496,0.9452633569902917,0.2659243941307068,0.005575852934271097,0.020967812872144637,0.26
12,octanol_hl_gap_eV,30,0.3278396427631378,0.0019100976642221212,0.6216131520861099,0.9276769793237714,0.40052762627601624,0.09521211683750153,0.23771672811375025,0.18
12,octanol_hl_gap_eV,31,0.0304359532892704,0.0007265004678629339,0.6410333085242124,0.9710663849621946,0.23877404630184174,0.0006545920041389763,0.0027414705001543014,0.06
12,octanol_hl_gap_eV,32,0.07268600165843964,0.0017370030982419848,0.6360498871185083,0.9832079511925229,0.3710911273956299,0.004543066956102848,0.012242456422999752,0.08
12,octanol_hl_gap_eV,33,0.1370280385017395,0.0018589968094602227,0.6021000879203611,0.9473186248010084,0.3185819685459137,0.015092220157384872,0.047373114763115655,0.1
12,octanol_hl_gap_eV,34,0.02811235748231411,0.00175219657830894,0.612599918836283,0.9718468218909717,0.37366244196891785,0.000867189490236342,0.0023207831262540344,0.1
12,octanol_hl_gap_eV,35,0.1685916930437088,0.0023846167605370283,0.6295257421091913,0.9811762338631753,0.4722960293292999,0.003957083448767662,0.008378396605169544,0.2
12,octanol_hl_gap_eV,36,0.18757867813110352,0.0012200678465887904,0.6377895129177031,0.9613689138849446,0.3121601641178131,0.0015695133479312062,0.005027910439394991,0.12
12,octanol_hl_gap_eV,37,0.04400820657610893,0.000517262436915189,0.6639423299292189,0.9669731137912005,0.2611090838909149,0.0004047239781357348,0.0015500187588449383,0.04
12,octanol_hl_gap_eV,38,0.2055942863225937,0.0017582563450559974,0.636189261840006,0.981227224103087,0.33100301027297974,0.014151506125926971,0.04275340612236776,0.14
12,octanol_hl_gap_eV,39,0.031045323237776756,0.0011111206840723753,0.6590922481302703,0.9810346555533245,0.26611655950546265,0.0011543857399374247,0.004337895176770194,0.02
12,octanol_hl_gap_eV,40,0.21025517582893372,0.0020465576089918613,0.602390076927362,0.8991279048655734,0.38566523790359497,0.05936770141124725,0.1539358375516526,0.1
12,octanol_hl_gap_eV,41,0.12167127430438995,0.000886722409632057,0.6565395646186225,0.9613427216301618,0.27188265323638916,0.002605926478281617,0.00958474712256058,0.14
12,octanol_hl_gap_eV,42,0.045425575226545334,0.0023829827550798655,0.6286591135095234,0.9493315318477433,0.46563082933425903,0.02329108491539955,0.050020495740585404,0.02
12,octanol_hl_gap_eV,43,0.04341845214366913,0.0008450477034784853,0.6607010547090526,0.961296461422692,0.30483633279800415,0.0010599534725770354,0.003477123159329567,0.16
12,octanol_hl_gap_eV,44,0.055012524127960205,0.0006358513492159545,0.6724777571094875,0.9727644307377956,0.25506097078323364,0.000575615034904331,0.0022567742651364866,0.02
12,octanol_hl_gap_eV,45,0.02665393240749836,0.002074772259220481,0.6001114342522615,0.9655107211141873,0.32854342460632324,0.0018504784675315022,0.005632371032075397,0.02
12,octanol_hl_gap_eV,46,0.06825815141201019,0.0011065601138398051,0.6591390046751664,0.9815900614292339,0.2628563344478607,0.0016810360830277205,0.006395265636488456,0.06
12,octanol_hl_gap_eV,47,0.05610191449522972,0.0014589879428967834,0.6104569725887476,0.9599220519539606,0.3464074730873108,0.006470389664173126,0.018678551032709063,0.18
12,octanol_hl_gap_eV,48,0.0915277972817421,0.001736780279316008,0.6355221780396407,0.9570662853498155,0.41648274660110474,0.0021101636812090874,0.005066629286399088,0.04
12,octanol_hl_gap_eV,49,0.061273857951164246,0.0022304425947368145,0.633004283926959,0.9713121820647652,0.512891411781311,0.0005637608701363206,0.0010991817316229494,0.04
12,octanol_hl_gap_eV,50,0.1635381430387497,0.0006987209198996425,0.6404992776300165,0.9660004298313714,0.29682764410972595,0.0018096388084813952,0.006096597956396677,0.1
12,octanol_hl_gap_eV,51,0.13873720169067383,0.0009748025331646204,0.6495233502708653,0.9581107861986167,0.26287031173706055,0.00210587284527719,0.008011071434280554,0.14
12,octanol_hl_gap_eV,52,0.037879783660173416,0.002872148063033819,0.6260080234409462,0.9628695584473299,0.6094076633453369,0.001125861774198711,0.0018474690128087734,0.04
12,octanol_hl_gap_eV,53,0.04398836940526962,0.002023932756856084,0.6324640852658237,0.9631387446792243,0.4811754524707794,0.0063087716698646545,0.01311116690901386,0.04
12,octanol_hl_gap_eV,54,0.06613917648792267,0.00083764991723001,0.6774163685841623,0.9641234557478384,0.253532350063324,0.0011835080804303288,0.0046680752185459876,0.12
12,octanol_hl_gap_eV,55,0.09446635842323303,0.0013036400778219104,0.6395633107968746,0.9882812588809367,0.3130479156970978,0.0021281694062054157,0.006798222570708992,0.06
12,octanol_hl_gap_eV,56,0.029501043260097504,0.0007623134297318757,0.6740609434042157,0.964945748623665,0.2667190730571747,0.0005656639114022255,0.0021208228752391026,0.06
12,octanol_hl_gap_eV,57,0.10679921507835388,0.0018094561528414488,0.6039911956585169,0.9651783722067941,0.36774328351020813,0.0020685929339379072,0.005625100516296677,0.06
12,octanol_hl_gap_eV,58,0.8818564414978027,0.0012766923755407333,0.6547689939509398,0.9397358870605284,0.37928494811058044,0.1253650039434433,0.3305298682901942,0.22
12,octanol_hl_gap_eV,59,0.15122032165527344,0.0006887190975248814,0.675340942285318,0.960401707420039,0.26360973715782166,0.00384495104663074,0.014585770192277797,0.14
12,octanol_hl_gap_eV,60,0.07165689766407013,0.0007486501708626747,0.6698356493760582,0.9733978985200349,0.2715896964073181,0.0012413731310516596,0.004570766665572996,0.02
12,octanol_hl_gap_eV,61,0.06581712514162064,0.0011103081051260233,0.6156563221604794,0.9506105065643644,0.2523079514503479,0.003917985130101442,0.015528583651762037,0.08
12,octanol_hl_gap_eV,62,0.05413302034139633,0.000637424411252141,0.6673616554014732,0.9646596939612231,0.2543784976005554,0.0002570168871898204,0.0010103719049139445,0.08
12,octanol_hl_gap_eV,63,0.1288144886493683,0.0034734606742858887,0.633595279589239,0.9797956031280706,0.7319514155387878,0.0008157353731803596,0.0011144665559255714,0.16
12,octanol_hl_gap_eV,64,0.24909153580665588,0.0009245328255929053,0.6615172683717079,0.9526815912932964,0.2689259946346283,0.006968044675886631,0.02591064015716906,0.18
12,octanol_hl_gap_eV,65,0.7347814440727234,0.0028703254647552967,0.6462331595466724,0.930295432078579,0.6179439425468445,0.228788360953331,0.37024128760027003,0.1
12,octanol_hl_gap_eV,66,-0.003296235343441367,0.0026115798391401768,0.5920932285858509,0.9764574531118868,0.4362855851650238,0.0019681991543620825,0.00451126331303753,0.0
12,octanol_hl_gap_eV,67,0.1598086655139923,0.0015908894129097462,0.6412523607869907,0.9720366773086395,0.367508202791214,0.003019217401742935,0.008215374184336752,0.12
12,octanol_hl_gap_eV,68,0.08307456970214844,0.0008272635750472546,0.6694423501735389,0.967452307552557,0.2896987199783325,0.0007277115364558995,0.002511959792263933,0.22
12,octanol_hl_gap_eV,69,0.13807350397109985,0.0011841518571600318,0.6451332939169716,0.9751576212222592,0.2654528021812439,0.0018154518911615014,0.006839076009911399,0.18
12,octanol_hl_gap_eV,70,0.25069496035575867,0.0018746854038909078,0.6529598174191007,0.9760919808294153,0.47074976563453674,0.001946125878021121,0.0041340984533425815,0.22
12,octanol_hl_gap_eV,71,0.12231817096471786,0.001101843430660665,0.6683820269435421,0.9858526712208515,0.2794647514820099,0.001241119927726686,0.004441060710322107,0.18
12,octanol_hl_gap_eV,72,0.1325952708721161,0.0006116174045018852,0.6873478326184645,0.9627777492823999,0.2730955481529236,0.00463537871837616,0.016973468625642026,0.02
12,octanol_hl_gap_eV,73,0.11216423660516739,0.001296396367251873,0.6335806474840402,0.9650912484500749,0.2776713967323303,0.0014463806292042136,0.005208965151705905,0.06
12,octanol_hl_gap_eV,74,0.10438694059848785,0.0013058213517069817,0.6382961929038533,0.9788268228184096,0.27087342739105225,0.000677715870551765,0.0025019651321255883,0.08
12,octanol_hl_gap_eV,75,0.1041710302233696,0.002331914845854044,0.6220658394297036,0.914432933133986,0.43520671129226685,0.08498622477054596,0.19527783594649745,0.06
12,octanol_hl_gap_eV,76,0.19436907768249512,0.002353018382564187,0.5958238971352072,0.9204811562175346,0.48035526275634766,0.05258630961179733,0.10947378677616545,0.06
12,octanol_hl_gap_eV,77,0.585943877696991,0.0007501962245441973,0.6711486494971657,0.9324969596936541,0.26887813210487366,0.0716460719704628,0.2664629935115655,0.46
12,octanol_hl_gap_eV,78,0.10674849897623062,0.0015293475007638335,0.6097549481893549,0.9664694746275699,0.3334236443042755,0.002179444069042802,0.006536561237552446,0.08
12,octanol_hl_gap_eV,79,0.0628514438867569,0.0012425205204635859,0.65142723215096,0.9624117265398708,0.2564729154109955,0.0007598298834636807,0.0029626125715694397,0.12
12,octanol_hl_gap_eV,80,0.03542681410908699,0.0010238535469397902,0.6363400592332171,0.9690233190834616,0.2334243357181549,0.0005397681961767375,0.002312390413433471,0.0
12,octanol_hl_gap_eV,81,0.29156920313835144,0.0010998966172337532,0.6472557078326053,0.9189978083111303,0.31069350242614746,0.03800414130091667,0.12232036075472914,0.16
12,octanol_hl_gap_eV,82,0.13057942688465118,0.00098047882784158,0.6141370648793512,0.9752411563377745,0.2944279909133911,0.0010622674599289894,0.003607902416592809,0.12
12,octanol_hl_gap_eV,83,0.2017703801393509,0.0018336818320676684,0.632850793088026,0.9315443254778231,0.4735587239265442,0.05669867619872093,0.11972892343445819,0.06
12,octanol_hl_gap_eV,84,0.036822669208049774,0.0006800485425628722,0.6875088996061953,0.9705480022256883,0.27010270953178406,0.0007247328758239746,0.0026831751413389374,0.04
12,octanol_hl_gap_eV,85,0.10576287657022476,0.0009642936056479812,0.6694133458107412,0.9776838215356036,0.253609299659729,0.00085169862722978,0.0033583099214915045,0.1
12,octanol_hl_gap_eV,86,0.07949818670749664,0.0011939401738345623,0.6379874538645429,0.9767113157425444,0.323424756526947,0.0004566501302178949,0.00141192076673898,0.1
12,octanol_hl_gap_eV,87,0.057730283588171005,0.001706172595731914,0.641847011064181,0.9679332185293885,0.359842985868454,0.0015361979603767395,0.004269078516757083,0.12
12,octanol_hl_gap_eV,88,0.2879405617713928,0.0012787739979103208,0.6175436069758029,0.9207052314646766,0.3633321225643158,0.05137331038713455,0.14139490344138406,0.18
12,octanol_hl_gap_eV,89,0.11103018373250961,0.0009717947687022388,0.6659073468032151,0.9811039676980513,0.3183525502681732,0.00120020832400769,0.003770060340326034,0.16
12,octanol_hl_gap_eV,90,0.1160668209195137,0.0010384841589257121,0.6673514034496981,0.9772663981443612,0.26538771390914917,0.0007620926480740309,0.0028716199286260855,0.12
12,octanol_hl_gap_eV,91,0.0746147409081459,0.0013481234200298786,0.6334589066619043,0.9668145189208108,0.3574260175228119,0.0007629930623807013,0.00213468808921277,0.02
12,octanol_hl_gap_eV,92,0.10153652727603912,0.0008858127985149622,0.6565041704722623,0.9667871607387823,0.26884883642196655,0.0007100187358446419,0.002640958931770289,0.1
12,octanol_hl_gap_eV,93,0.04960956051945686,0.0012330772588029504,0.6333226374393233,0.9704770626787707,0.3374052941799164,0.0008033639751374722,0.00238100583777174,0.06
12,octanol_hl_gap_eV,94,0.08281466364860535,0.0012478161370381713,0.6536804948109569,0.9602500226316939,0.2527688145637512,0.0009661774383857846,0.0038223759527190545,0.04
12,octanol_hl_gap_eV,95,0.15579591691493988,0.0018939756555482745,0.6393736602973688,0.9694476543112649,0.4522536098957062,0.0018724383553490043,0.004140239711476943,0.28
12,octanol_hl_gap_eV,96,0.06263087689876556,0.001452488242648542,0.6210285714048043,0.9534559519638042,0.4357636868953705,0.008467284962534904,0.019430909956863734,0.08
12,octanol_hl_gap_eV,97,0.10122758150100708,0.0010508279083296657,0.6474719159615419,0.9781810000586575,0.3218574523925781,0.00103054940700531,0.0032018814520047884,0.1
12,octanol_hl_gap_eV,98,0.13951802253723145,0.0007245124434120953,0.6650241166017308,0.9690797889395424,0.28278008103370667,0.00036175534478388727,0.0012792815655950213,0.16
12,octanol_hl_gap_eV,99,0.19184249639511108,0.0008996232063509524,0.6561618223562922,0.9706539985357032,0.297642320394516,0.0005249953828752041,0.0017638465597880652,0.16
12,octanol_hl_gap_eV,100,0.11822279542684555,0.0013748317724093795,0.6445122992244083,0.9761296726435147,0.3358542323112488,0.0038473631720989943,0.011455455379027344,0.04
12,octanol_hl_gap_eV,101,0.14073871076107025,0.0006804489530622959,0.654789193834044,0.9228256290092334,0.2763436436653137,0.0027726085390895605,0.010033190929651097,0.12
12,octanol_hl_gap_eV,102,0.08430057018995285,0.0012196953175589442,0.6215639438618492,0.9676474748826478,0.29967913031578064,0.0014091281918808818,0.004702123202226469,0.06
12,octanol_hl_gap_eV,103,0.10080954432487488,0.0014668660005554557,0.6345020768148526,0.9804169630170039,0.3367161452770233,0.0006163514335639775,0.00183047781405579,0.14
12,octanol_hl_gap_eV,104,0.14771510660648346,0.0009461030713282526,0.6369605763978448,0.9761023521271444,0.2682289779186249,0.0009099721210077405,0.003392519809264632,0.18
12,octanol_hl_gap_eV,105,0.10783210396766663,0.0018640687922015786,0.6197246909530867,0.9725811170577285,0.4128805100917816,0.001398006803356111,0.0033859840055064355,0.14
12,octanol_hl_gap_eV,106,0.1201564148068428,0.0010096309706568718,0.6702990797521693,0.9641584250932604,0.3383902311325073,0.0006124761421233416,0.0018099699275405715,0.1
12,octanol_hl_gap_eV,107,0.08131451904773712,0.0011634581023827195,0.6172135980524522,0.965520978606869,0.28093594312667847,0.0012233415618538857,0.00435452134831413,0.04
12,octanol_hl_gap_eV,108,0.1283242404460907,0.0013457047753036022,0.6389441469016264,0.958367222631922,0.23933984339237213,0.0042263506911695,0.01765836657727251,0.2
12,octanol_hl_gap_eV,109,0.06339103728532791,0.001180030289106071,0.6164257985236632,0.967733922440869,0.28950607776641846,0.002337097190320492,0.008072705099497519,0.08
12,octanol_hl_gap_eV,110,0.12202250957489014,0.001568437903188169,0.6396962959661916,0.9513962824708004,0.3669033944606781,0.001307119382545352,0.0035625709717587227,0.1
12,octanol_hl_gap_eV,111,0.08886521309614182,0.00318346219137311,0.6276717969239609,0.9811926020249946,0.5234113335609436,0.004487542435526848,0.008573643992377056,0.0
12,octanol_hl_gap_eV,112,0.10734221339225769,0.0009667655685916543,0.6675749051519007,0.9680796627074064,0.25125694274902344,0.002379843732342124,0.009471753123730841,0.18
12,octanol_hl_gap_eV,113,0.2791898548603058,0.0013171781320124865,0.6445124173393919,0.9374467363898644,0.35624921321868896,0.043425217270851135,0.1218956159327541,0.2
12,octanol_hl_gap_eV,114,0.09142179787158966,0.001273701316677034,0.6470270943864516,0.9722100413621695,0.20343860983848572,0.000794408202636987,0.003904903809889798,0.14
12,octanol_hl_gap_eV,115,0.15790392458438873,0.0013103289529681206,0.6261147167660139,0.9589017443530294,0.30604392290115356,0.0011472632177174091,0.003748688119149334,0.18
12,octanol_hl_gap_eV,116,0.23257257044315338,0.0015032646479085088,0.645200619135746,0.9864029815415456,0.21662963926792145,0.005150029435753822,0.023773429403094792,0.18
12,octanol_hl_gap_eV,117,0.04547852650284767,0.0005135483224876225,0.6652815979301439,0.966141575245623,0.26337677240371704,0.0007642496493645012,0.0029017351924755966,0.08
12,octanol_hl_gap_eV,118,0.08240831643342972,0.0009077655267901719,0.6676592209322536,0.9589958158894976,0.27904626727104187,0.0038851816207170486,0.013923073254885409,0.04
12,octanol_hl_gap_eV,119,0.15044032037258148,0.0009043694590218365,0.6576833725441968,0.9350821030106984,0.2804848551750183,0.013794333674013615,0.04918031551260106,0.14
12,octanol_hl_gap_eV,120,0.3975749909877777,0.0012804873986169696,0.6146221558463636,0.9115182577863179,0.2675042450428009,0.06285799294710159,0.2349794222407359,0.34
12,octanol_hl_gap_eV,121,0.09023144841194153,0.0017189241480082273,0.6405255905279872,0.9255082092137656,0.4375230073928833,0.013583999127149582,0.03104750812555906,0.18
12,octanol_hl_gap_eV,122,0.13436970114707947,0.0007515816832892597,0.6675631718181865,0.9545296155424787,0.2928903102874756,0.0065031205303967,0.022203262798328165,0.18
12,octanol_hl_gap_eV,123,0.038606707006692886,0.0006422427832148969,0.6645952474671615,0.964821520340736,0.2813114821910858,0.0005238238954916596,0.0018620779052873602,0.06
12,octanol_hl_gap_eV,124,0.4513671100139618,0.0008544929441995919,0.67614120174633,0.8950735289842668,0.30321139097213745,0.06097497418522835,0.20109724106912405,0.18
12,octanol_hl_gap_eV,125,0.040558286011219025,0.0009927930077537894,0.6399740232936268,0.9730775820289119,0.2431400865316391,0.0008243428892455995,0.0033904030429730485,0.08
12,octanol_hl_gap_eV,126,0.11224617063999176,0.001529298140667379,0.6196772984661549,0.9686268061940446,0.3442167639732361,0.0012482982128858566,0.0036264887232015106,0.08
12,octanol_hl_gap_eV,127,0.10472439229488373,0.0006216322653926909,0.6398600885259995,0.9775678060695077,0.2807459235191345,0.0010708996560424566,0.003814479806576669,0.04
12,octanol_hl_gap_eV,128,0.14426179230213165,0.0011572913499549031,0.6448494062449064,0.9161980101597709,0.3175547122955322,0.02775387652218342,0.08739872358232958,0.08
12,octanol_hl_gap_eV,129,0.17148178815841675,0.0016454719007015228,0.6151334138683064,0.9477313336589028,0.39072781801223755,0.015591221861541271,0.03990302492630037,0.2
12,octanol_hl_gap_eV,130,0.47736847400665283,0.0019306207541376352,0.6414773814206931,0.926537535385815,0.4212561845779419,0.11731790006160736,0.2784953772943383,0.32
12,octanol_hl_gap_eV,131,0.04668327420949936,0.0028956537134945393,0.6218715466758618,0.9689693116291,0.6159226298332214,0.0035166360903531313,0.0057095419457235405,0.02
12,octanol_hl_gap_eV,132,0.08950734883546829,0.000946755288168788,0.6506794836008754,0.9638085447155875,0.27663111686706543,0.0010579472873359919,0.00382439726708108,0.08
12,octanol_hl_gap_eV,133,0.05383916571736336,0.0018257462652400136,0.6375910479493776,0.97357922597776,0.39137694239616394,0.0012744979467242956,0.003256446174169885,0.1
12,octanol_hl_gap_eV,134,0.018385818228125572,0.0009091445244848728,0.6399701134910203,0.9752094014016477,0.28749868273735046,0.00048016294022090733,0.0016701396182032902,0.04
12,octanol_hl_gap_eV,135,0.27849429845809937,0.0016379692824557424,0.6279322133155676,0.9046277900552666,0.4030880033969879,0.06829649209976196,0.16943320447197488,0.14
12,octanol_hl_gap_eV,136,0.09454673528671265,0.001045730896294117,0.6690897159776172,0.9751989293946388,0.3347041606903076,0.0009042500169016421,0.0027016396062620783,0.22
12,octanol_hl_gap_eV,137,0.02606782875955105,0.0008786803227849305,0.6465021394403907,0.9700556630655479,0.24067136645317078,0.00029039738001301885,0.0012066137500803347,0.02
12,octanol_hl_gap_eV,138,0.07875312119722366,0.0009715971536934376,0.6461627207146303,0.9637719739704103,0.2596469819545746,0.0019719807896763086,0.007594853500054578,0.08
12,octanol_hl_gap_eV,139,0.19513683021068573,0.0014460041420534253,0.6585074558165969,0.9739547088737335,0.36615419387817383,0.0015352944610640407,0.004193027109160631,0.06
12,octanol_hl_gap_eV,140,0.08314456790685654,0.0008792652515694499,0.6258795898533722,0.9613363765159053,0.28925225138664246,0.000770599115639925,0.00266410758065239,0.14
12,octanol_hl_gap_eV,141,0.09560040384531021,0.001096764113754034,0.6596658657275509,0.9862642892092346,0.28631991147994995,0.0027326345443725586,0.009543990602148241,0.14
12,octanol_hl_gap_eV,142,0.31417182087898254,0.0009759610402397811,0.6840938376393029,0.9038300631740246,0.2682284414768219,0.054732296615839005,0.20405105556477135,0.14
12,octanol_hl_gap_eV,143,0.09891203790903091,0.0010150957386940718,0.6484629307261389,0.9652672365300319,0.32272183895111084,0.0006289381417445838,0.0019488552240180489,0.16
12,octanol_hl_gap_eV,144,0.09888099133968353,0.0008943551802076399,0.6474197251021538,0.982535360663813,0.21469902992248535,0.0013967319391667843,0.006505534466881655,0.12
12,octanol_hl_gap_eV,145,0.1454908400774002,0.0007093062740750611,0.6557052564731454,0.9723610157331197,0.29582303762435913,0.000858066719956696,0.002900608170504567,0.02
12,octanol_hl_gap_eV,146,0.02034738101065159,0.0031509804539382458,0.636194145545582,0.9766703401904313,0.6939879655838013,0.001016101916320622,0.0014641491880422592,0.02
12,octanol_hl_gap_eV,147,0.11631777882575989,0.001185782952234149,0.6545223674982124,0.982485670751865,0.23667486011981964,0.00028652226319536567,0.001210615538339434,0.12
12,octanol_hl_gap_eV,148,0.029294868931174278,0.0007832413539290428,0.6516067919937629,0.9593665623505903,0.2854626476764679,0.002477716188877821,0.008679651117388804,0.04
12,octanol_hl_gap_eV,149,0.0841236263513565,0.0028159243520349264,0.6256018668746419,0.9637777820147928,0.5424407720565796,0.002973089227452874,0.0054809471938860165,0.06
12,octanol_hl_gap_eV,150,0.1049313172698021,0.001092656864784658,0.6532361043746888,0.978154125206717,0.34413087368011475,0.000709610350895673,0.0020620362924928613,0.14
12,octanol_hl_gap_eV,151,0.02398204617202282,0.0013943747617304325,0.623724539532768,0.9631142757719533,0.30139297246932983,0.003672001650556922,0.012183434870667365,0.12
12,octanol_hl_gap_eV,152,0.2474694848060608,0.0011784716043621302,0.6266869369290811,0.9456622583815653,0.312044620513916,0.025494849309325218,0.08170257595640315,0.08
12,octanol_hl_gap_eV,153,0.4430294632911682,0.0010521685471758246,0.6512240422015618,0.9232823073089076,0.29799193143844604,0.04885716736316681,0.1639546652398502,0.32
12,octanol_hl_gap_eV,154,0.21045580506324768,0.0013250814517959952,0.6710619364838173,0.9521131843479831,0.35332629084587097,0.011148488149046898,0.03155295384998713,0.2
12,octanol_hl_gap_eV,155,0.14237534999847412,0.0012523115146905184,0.647093494011364,0.9306937132897632,0.2648683488368988,0.010228284634649754,0.03861648505593301,0.16
12,octanol_hl_gap_eV,156,0.11019789427518845,0.0018459544517099857,0.6345895263459582,0.964402941028027,0.26806315779685974,0.003354140790179372,0.012512501970603378,0.14
12,octanol_hl_gap_eV,157,0.38338804244995117,0.0010069304844364524,0.6644205165721986,0.9248458047663206,0.35291844606399536,0.042572833597660065,0.12063079749008147,0.22
12,octanol_hl_gap_eV,158,0.12424833327531815,0.0006716195493936539,0.6476727560034474,0.9564202544336464,0.2626686096191406,0.0006306644645519555,0.0024009890845594177,0.14
12,octanol_hl_gap_eV,159,0.05858621001243591,0.0008823824464343488,0.6410050544955999,0.9627306027885068,0.25319159030914307,0.000615775294136256,0.0024320527130636677,0.06
12,octanol_hl_gap_eV,160,0.045584604144096375,0.0006437897682189941,0.6527098633705515,0.965687261921085,0.29821449518203735,0.00036098266718909144,0.0012104799499056506,0.14
12,octanol_hl_gap_eV,161,0.04056623578071594,0.0024196200538426638,0.6445714841075374,0.9784337503644553,0.544429361820221,0.0010308015625923872,0.001893361443890629,0.14
12,octanol_hl_gap_eV,162,0.09922125190496445,0.0007228069589473307,0.6658371319375609,0.9798909607943158,0.28973597288131714,0.0007073467713780701,0.002441349496038645,0.12
12,octanol_hl_gap_eV,163,0.052139271050691605,0.0016121965600177646,0.6223994790260714,0.9722534047517963,0.3770451843738556,0.0017609120113775134,0.004670294395356865,0.2
12,octanol_hl_gap_eV,164,0.16230426728725433,0.0007532536401413381,0.6612419019000939,0.9721967389657666,0.2578202486038208,0.0014453441835939884,0.005606015010151413,0.2
12,octanol_hl_gap_eV,165,0.028338775038719177,0.001321893185377121,0.6411066740015872,0.9677476107000924,0.24121779203414917,0.0009586771484464407,0.0039743218788385265,0.1
12,octanol_hl_gap_eV,166,0.07488133758306503,0.0013691498897969723,0.6409967142491946,0.958228684902072,0.3652685582637787,0.0008782966760918498,0.0024045230727403255,0.08
12,octanol_hl_gap_eV,167,0.14777728915214539,0.0023765924852341413,0.6138356930479598,0.9757657946035934,0.39207595586776733,0.0016705364687368274,0.0042607470408112386,0.12
12,octanol_hl_gap_eV,168,0.03315304219722748,0.0012794577050954103,0.6286885543912017,0.9701856211123656,0.32591068744659424,0.0006592085701413453,0.002022666317898419,0.2
12,octanol_hl_gap_eV,169,0.06674955040216446,0.000790970865637064,0.6522273597537414,0.9721033079070278,0.24093815684318542,0.0004609993484336883,0.0019133513532011025,0.2
12,octanol_hl_gap_eV,170,0.06353485584259033,0.001717584440484643,0.6334022484386881,0.9637291883619874,0.3760744333267212,0.0007169556920416653,0.0019064196566077056,0.02
12,octanol_hl_gap_eV,171,0.050001319497823715,0.0013296320103108883,0.6139118293710404,0.9728470429241616,0.3283683657646179,0.0015572250122204423,0.004742311302108491,0.02
12,octanol_hl_gap_eV,172,0.17361687123775482,0.002110323403030634,0.6269145884195879,0.9816108017161558,0.34265774488449097,0.0013646641746163368,0.003982586691791723,0.2
12,octanol_hl_gap_eV,173,0.2140151709318161,0.0012338210362941027,0.6567643268481831,0.9319735870762234,0.2993350625038147,0.027015557512640953,0.09025189794562295,0.12
12,octanol_hl_gap_eV,174,0.08352803438901901,0.0009349530446343124,0.6365109903901025,0.9706087402663992,0.2660442590713501,0.0018864129669964314,0.007090598284590371,0.06
12,octanol_hl_gap_eV,175,0.09349282830953598,0.0019012606935575604,0.6325488952577287,0.9750824395324003,0.27703210711479187,0.001691901939921081,0.0061072413502598795,0.14
12,octanol_hl_gap_eV,176,0.03148709610104561,0.0008629605290479958,0.6469004361196362,0.9765270320015098,0.2993020713329315,0.0005391842569224536,0.001801471852570933,0.16
12,octanol_hl_gap_eV,177,0.19197964668273926,0.0015912159578874707,0.617540883572504,0.9257137209106441,0.287872314453125,0.051411692053079605,0.1785919988545863,0.08
12,octanol_hl_gap_eV,178,0.05230462923645973,0.0007593657937832177,0.6742168065376797,0.9572773852596721,0.3045375943183899,0.00125852320343256,0.004132570910495835,0.04
12,octanol_hl_gap_eV,179,0.015677915886044502,0.0022794457618147135,0.6234787741205328,0.9684968422853617,0.23606953024864197,0.00928054004907608,0.039312739934295134,0.2
12,octanol_hl_gap_eV,180,0.44682854413986206,0.0013433241983875632,0.6622615782921302,0.942770016309856,0.1385883390903473,0.14855599403381348,1.0719227534501887,0.2
12,octanol_hl_gap_eV,181,0.06315688043832779,0.0025697273667901754,0.6029626751064989,0.9798367642686623,0.4633215069770813,0.002884624758735299,0.006225967746578166,0.18
12,octanol_hl_gap_eV,182,0.052598193287849426,0.0013207215815782547,0.643735811279277,0.9666778233914031,0.344207763671875,0.001172007992863655,0.0034049435153964227,0.12
12,octanol_hl_gap_eV,183,0.0218342375010252,0.0005983117735013366,0.6526784958338185,0.962634410536958,0.23134653270244598,0.0011799694038927555,0.005100441273569517,0.02
12,octanol_hl_gap_eV,184,0.07983340322971344,0.0016277465038001537,0.667102430546598,0.9885278900759868,0.08988718688488007,0.012650077231228352,0.14073281932195192,0.16
12,octanol_hl_gap_eV,185,0.15830440819263458,0.000871590687893331,0.661666886310492,0.9737480906973695,0.2583271265029907,0.001189223607070744,0.004603556828001089,0.2
12,octanol_hl_gap_eV,186,0.3943811058998108,0.00150696758646518,0.624506684168312,0.903194943672738,0.2715260982513428,0.07774189114570618,0.2863146181761985,0.32
12,octanol_hl_gap_eV,187,0.232787624001503,0.00044234440429136157,0.6499532548180309,0.9083528198481075,0.27518540620803833,0.01699904538691044,0.06177306282753699,0.02
12,octanol_hl_gap_eV,188,0.10842935740947723,0.0006129762041382492,0.646082482419756,0.9743916630679428,0.27280479669570923,0.0017706238431856036,0.006490442487199319,0.1
12,octanol_hl_gap_eV,189,0.023605981841683388,0.00508871441707015,0.6263707034144526,0.9805548492463403,0.9759669303894043,0.002620415296405554,0.0026849427114912857,0.02
12,octanol_hl_gap_eV,190,0.14155878126621246,0.0011911507463082671,0.6327168840122555,0.9653766548196456,0.3106144964694977,0.0018782444531098008,0.006046866693146256,0.14
12,octanol_hl_gap_eV,191,0.06710067391395569,0.0017877011559903622,0.6293926658409748,0.9684531825081615,0.3940984904766083,0.0009789381874725223,0.0024839937506196236,0.16
12,octanol_hl_gap_eV,192,0.10876902937889099,0.0011210418306291103,0.6317621529887261,0.9695274829442884,0.2868615686893463,0.0016045670490711927,0.005593523930034844,0.22
12,octanol_hl_gap_eV,193,0.07374981790781021,0.0009489448857493699,0.6503547484533356,0.9743106354909805,0.2558823525905609,0.0023889923468232155,0.009336291942906506,0.16
12,octanol_hl_gap_eV,194,0.04141285642981529,0.0009430336649529636,0.6373583185767506,0.9700413889370678,0.26750728487968445,0.002434383612126112,0.009100251655654963,0.06
12,octanol_hl_gap_eV,195,0.14573538303375244,0.001289385836571455,0.6468806454376641,0.9578613522774695,0.16589128971099854,0.00905078835785389,0.0545585508052978,0.2
12,octanol_hl_gap_eV,196,0.18759506940841675,0.0006265274132601917,0.6384389849483272,0.9765036250205954,0.27173465490341187,0.0025106940884143114,0.009239506419623724,0.22
12,octanol_hl_gap_eV,197,0.4031895399093628,0.0012240095529705286,0.6336966601123546,0.9039154384857391,0.26899394392967224,0.0793018639087677,0.2948091051800815,0.2
12,octanol_hl_gap_eV,198,0.052344631403684616,0.002221840899437666,0.604272707235048,0.9562052580480997,0.3965896964073181,0.0033862486016005278,0.008538417997936778,0.08
12,octanol_hl_gap_eV,199,0.12044786661863327,0.0021121252793818712,0.6299107442142831,0.9706112431595564,0.40474066138267517,0.0016983584500849247,0.004196164636098069,0.04
12,octanol_hl_gap_eV,200,0.164469376206398,0.001747228903695941,0.654413694793172,0.9816422341326834,0.3114795386791229,0.0012108752271160483,0.003887495250092355,0.12
12,octanol_hl_gap_eV,201,0.02147296629846096,0.001114341663196683,0.6394661239172863,0.9596702972041045,0.255722314119339,0.0009903650498017669,0.003872814358075882,0.02
12,octanol_hl_gap_eV,202,0.06485939770936966,0.001116346102207899,0.6488666293907996,0.969026961553664,0.33397647738456726,0.0006541883922182024,0.001958785832287576,0.08
12,octanol_hl_gap_eV,203,0.09150917083024979,0.0015715571353212,0.6219434551695164,0.9685821470120917,0.35739070177078247,0.0008705472573637962,0.0024358419316743555,0.1
12,octanol_hl_gap_eV,204,0.05159745737910271,0.0006383448489941657,0.6750860853792306,0.9687848844825175,0.26197350025177,0.0007547940476797521,0.0028811847265252256,0.16
12,octanol_hl_gap_eV,205,0.045666880905628204,0.0009800790576264262,0.6472923476822308,0.9688824371699098,0.2592472434043884,0.0018122585024684668,0.0069904639242069164,0.02
12,octanol_hl_gap_eV,206,0.1399812549352646,0.0034522470086812973,0.64209200227923,0.9110830617877881,0.6416974067687988,0.058913540095090866,0.09180891098149192,0.0
12,octanol_hl_gap_eV,207,0.0775870755314827,0.0012590262340381742,0.6626274585278762,0.9645972429241156,0.3545019030570984,0.0006710371235385537,0.0018929013293067488,0.02
12,octanol_hl_gap_eV,208,0.1930427849292755,0.0014083910500630736,0.6448939818205626,0.9732531880443418,0.3301909565925598,0.0037778480909764767,0.011441403877206014,0.28
12,octanol_hl_gap_eV,209,0.2979048788547516,0.0022808245848864317,0.6114278215493132,0.9253348247839566,0.47653016448020935,0.05036960914731026,0.10570077804466488,0.2
12,octanol_hl_gap_eV,210,0.2138863205909729,0.0013095102040097117,0.6545663807112001,0.9398526368366298,0.3573654592037201,0.014431271702051163,0.04038239099606002,0.16
12,octanol_hl_gap_eV,211,0.1547257900238037,0.0007503967499360442,0.6238058140594969,0.9491846811321509,0.26440751552581787,0.01161468867212534,0.04392722593012388,0.16
12,octanol_hl_gap_eV,212,0.20641230046749115,0.0019517750479280949,0.6105799662718332,0.9297920835303868,0.4221797585487366,0.02107010968029499,0.049907910679385756,0.1
12,octanol_hl_gap_eV,213,0.04054119810461998,0.00174182269256562,0.6120588623891645,0.967627400116823,0.2737582325935364,0.002256919164210558,0.008244205636590033,0.0
12,octanol_hl_gap_eV,214,0.03443969413638115,0.0008255004067905247,0.6712961837387081,0.9803986353120899,0.275307834148407,0.0006921413587406278,0.0025140634333257776,0.08
12,octanol_hl_gap_eV,215,0.058512866497039795,0.0019295429810881615,0.6384543955391282,0.9714326312631676,0.40931960940361023,0.0008676600409671664,0.0021197617241728796,0.1
12,octanol_hl_gap_eV,216,0.044998638331890106,0.001143484958447516,0.6371907465531745,0.9593322533765201,0.30759358406066895,0.0014819555217400193,0.004817901277965935,0.06
12,octanol_hl_gap_eV,217,0.21587595343589783,0.0024442009162157774,0.6442208654667527,0.9313582574753656,0.46832388639450073,0.06115983426570892,0.13059302769406445,0.08
12,octanol_hl_gap_eV,218,0.10690532624721527,0.0008811507141217589,0.6452386215207957,0.961243250800025,0.24156317114830017,0.0007484577945433557,0.003098393645792402,0.02
12,octanol_hl_gap_eV,219,0.09078510105609894,0.0011964712757617235,0.6140286184369674,0.9734701040546871,0.3183882534503937,0.0009700296795926988,0.003046688026585233,0.02
12,octanol_hl_gap_eV,220,0.05361407622694969,0.0009344844147562981,0.6461734698471584,0.9511115858511288,0.330119788646698,0.001092181890271604,0.003308441141165527,0.1
12,octanol_hl_gap_eV,221,0.11386248469352722,0.004097301978617907,0.6311539090128322,0.9219393524460107,0.8445465564727783,0.04729992523789406,0.05600629695944849,0.04
12,octanol_hl_gap_eV,222,0.0019243003334850073,0.002966353902593255,0.6049440330605382,0.9721798811687827,0.4613930284976959,0.03256380185484886,0.07057714322402571,0.12
12,octanol_hl_gap_eV,223,0.10061097890138626,0.0012131745461374521,0.6372843265037558,0.976298222916423,0.29969900846481323,0.0008832499152049422,0.002947123247852326,0.16
12,octanol_hl_gap_eV,224,0.09079700708389282,0.0008290888508781791,0.6567106992836875,0.9594373275864689,0.2529772222042084,0.0011285070795565844,0.004460903909544988,0.12
12,octanol_hl_gap_eV,225,0.10096543282270432,0.0007588148000650108,0.6437698309901789,0.9686387398823575,0.2831343412399292,0.0005742008797824383,0.002028015666583723,0.2
12,octanol_hl_gap_eV,226,0.25443875789642334,0.0009297188371419907,0.6607328866761204,0.9378230211179999,0.2888300120830536,0.012156232260167599,0.04208784320056066,0.24
12,octanol_hl_gap_eV,227,0.202270969748497,0.0009205352980643511,0.6568927869991423,0.9742669415592549,0.31295815110206604,0.0009526874055154622,0.0030441367389237904,0.26
12,octanol_hl_gap_eV,228,0.13136638700962067,0.0011190520599484444,0.6436471415437246,0.9672932509849232,0.3022376298904419,0.0015756537904962897,0.005213294555901092,0.1
12,octanol_hl_gap_eV,229,0.06663154065608978,0.001335889333859086,0.6240431287734787,0.9711523137803248,0.25821453332901,0.0010981574887409806,0.004252887994270012,0.1
12,octanol_hl_gap_eV,230,0.07267535477876663,0.0008603510796092451,0.6478016541505214,0.9706699324950909,0.27981293201446533,0.001207465771585703,0.004315260781168189,0.04
12,octanol_hl_gap_eV,231,0.04342437535524368,0.0015037916600704193,0.6393387910764696,0.9687520647692427,0.42004644870758057,0.0008793212473392487,0.0020933905048948448,0.04
12,octanol_hl_gap_eV,232,0.1281438171863556,0.0008586012991145253,0.6439900671155612,0.9723688363732284,0.27139919996261597,0.0012489156797528267,0.004601766254008336,0.1
12,octanol_hl_gap_eV,233,0.07301679253578186,0.0010682648280635476,0.6452364056585922,0.9787378170283203,0.2772994041442871,0.0015341037651523948,0.005532300979464619,0.04
12,octanol_hl_gap_eV,234,0.1284838318824768,0.0013916969764977694,0.6186758247129112,0.9813214427630124,0.33200550079345703,0.0005762731307186186,0.0017357336831509975,0.2
12,octanol_hl_gap_eV,235,0.03516330569982529,0.001018777722492814,0.641314495656248,0.9584085389962158,0.3310213088989258,0.001045872806571424,0.0031595331734090007,0.04
12,octanol_hl_gap_eV,236,0.8570927381515503,0.001862893346697092,0.6330563211143436,0.9367206231869196,0.4045203924179077,0.5110653638839722,1.2633859094945044,0.22
12,octanol_hl_gap_eV,237,0.27821585536003113,0.0011650447268038988,0.6419605007716316,0.9394723704400281,0.3546309471130371,0.020605865865945816,0.05810509780292182,0.28
12,octanol_hl_gap_eV,238,0.08450666815042496,0.0007890015840530396,0.6545980860852589,0.9487825658666229,0.2782324552536011,0.0017994972877204418,0.006467603810203416,0.08
12,octanol_hl_gap_eV,239,0.08282510191202164,0.00202930998057127,0.6032168735337833,0.9769318768064985,0.37230655550956726,0.004389118403196335,0.011788990385057957,0.12
12,octanol_hl_gap_eV,240,0.03961709514260292,0.00173956376966089,0.6357439501824678,0.9678366132492113,0.4072783291339874,0.0012238194467499852,0.0030048724894158807,0.02
12,octanol_hl_gap_eV,241,0.11234618723392487,0.001255517010577023,0.6217479772959618,0.9611241547567073,0.3340778350830078,0.0013709916966035962,0.004103809210398373,0.1
12,octanol_hl_gap_eV,242,0.1438656598329544,0.000823970593046397,0.6748354074278944,0.9673208694663358,0.26080480217933655,0.0015878311824053526,0.006088197644894269,0.12
12,octanol_hl_gap_eV,243,0.12479714304208755,0.0009931873064488173,0.6434236268912057,0.9795120629371852,0.3018229007720947,0.0014724242500960827,0.004878437806837939,0.02
12,octanol_hl_gap_eV,244,0.06191639229655266,0.0020829313434660435,0.5932209314497423,0.9738042751134015,0.43270376324653625,0.0014738717582076788,0.003406191217634336,0.06
12,octanol_hl_gap_eV,245,0.052513446658849716,0.0012583105126395822,0.639804462021689,0.9612948852555645,0.3071487247943878,0.0008957795216701925,0.002916435750367667,0.06
12,octanol_hl_gap_eV,246,0.13484157621860504,0.00460845697671175,0.6077612659483651,0.9255997834304026,0.8226659297943115,0.13501238822937012,0.16411569184969993,0.1
12,octanol_hl_gap_eV,247,0.07132603228092194,0.0006658643833361566,0.6373571713575563,0.9818827430783899,0.2869804799556732,0.0003769010363612324,0.0013133333543084472,0.04
12,octanol_hl_gap_eV,248,0.024859897792339325,0.002088139532133937,0.6004714214554259,0.9648721997823897,0.3545340299606323,0.003389558522030711,0.009560601340320109,0.0
12,octanol_hl_gap_eV,249,0.04942433536052704,0.0009734351187944412,0.6332195197807278,0.9765190725323794,0.28127986192703247,0.00046443816972896457,0.0016511604014134709,0.02
12,octanol_dipole,0,0.189325213432312,0.013372249901294708,0.6091376998274853,0.9531018648474625,2.2915520668029785,0.0721740871667862,0.0314957221406183,0.1
12,octanol_dipole,1,0.12616823613643646,0.012859745882451534,0.6089845954673916,0.9622490321242292,2.1667118072509766,0.007340116426348686,0.0033876754637071397,0.1
12,octanol_dipole,2,0.08302541822195053,0.004516004119068384,0.6395700935230835,0.9709718520965318,0.7242340445518494,0.051750559359788895,0.07145557399446992,0.04
12,octanol_dipole,3,0.13962550461292267,0.011502445675432682,0.6080967310552936,0.9670278383596767,1.9588260650634766,0.008997379802167416,0.004593251010204345,0.08
12,octanol_dipole,4,0.07456857711076736,0.007631090935319662,0.6081561773906878,0.9434114733289332,1.2650943994522095,0.009355774149298668,0.007395317024049551,0.1
12,octanol_dipole,5,0.26242026686668396,0.017801644280552864,0.6054303984678908,0.911283153526266,3.1780714988708496,0.5300309062004089,0.1667775273113666,0.04
12,octanol_dipole,6,0.3866467773914337,0.01628224551677704,0.6095702045415379,0.9202086980929538,2.8361926078796387,0.47371014952659607,0.16702326499635922,0.16
12,octanol_dipole,7,0.09978370368480682,0.014974255114793777,0.6076298313278534,0.9576759525507592,2.536424398422241,0.013861357234418392,0.005464920319738573,0.1
12,octanol_dipole,8,0.04340007156133652,0.008959452621638775,0.6086367534336143,0.9604603975772197,1.509924292564392,0.003198380349203944,0.0021182388845284086,0.18
12,octanol_dipole,9,0.1948295682668686,0.003687529591843486,0.6123129535412315,0.9573616062260644,0.5479794144630432,0.07339939475059509,0.1339455330133488,0.08
12,octanol_dipole,10,0.6550604701042175,0.0014291502302512527,0.6759037579556699,0.933734891121436,0.03084183670580387,0.20492324233055115,6.64432680469994,0.58
12,octanol_dipole,11,0.40558892488479614,0.00211704196408391,0.6297073995235294,0.9601047231335786,0.2541240155696869,0.22116157412528992,0.870289939459272,0.24
12,octanol_dipole,12,0.10191180557012558,0.017088331282138824,0.6053460057744637,0.9685128445697153,2.841364860534668,0.012793411500751972,0.0045025584987155075,0.14
12,octanol_dipole,13,0.17117953300476074,0.017304129898548126,0.6038987210822842,0.9668506311659009,2.9199295043945312,0.009606163017451763,0.003289861280210486,0.14
12,octanol_dipole,14,0.14138320088386536,0.014117034152150154,0.6076264131344349,0.9679732104436336,2.4062347412109375,0.010963067412376404,0.0045561088553061286,0.1
12,octanol_dipole,15,0.6884274482727051,0.0030523522291332483,0.6765971257296983,0.8970786933858979,0.5174118876457214,0.5520642995834351,1.0669725856036778,0.38
12,octanol_dipole,16,0.09395415335893631,0.009457478299736977,0.60740647385142,0.9550045686804509,1.586086392402649,0.014250978827476501,0.008984995329219559,0.1
12,octanol_dipole,17,0.1504831612110138,0.011012581177055836,0.6074581755375459,0.9652218614034664,1.8557612895965576,0.009232673794031143,0.004975140846934212,0.16
12,octanol_dipole,18,0.10250572115182877,0.01835240237414837,0.6077768909417867,0.966341411481257,3.2037665843963623,0.007996976375579834,0.002496117043772271,0.06
12,octanol_dipole,19,0.09441657364368439,0.007032580208033323,0.6175580639927623,0.9593040258995238,1.133301019668579,0.022782420739531517,0.020102709116236368,0.08
12,octanol_dipole,20,0.13907575607299805,0.012467923574149609,0.6105084751528498,0.9598099198942556,2.108750104904175,0.01613803394138813,0.0076528906406961245,0.1
12,octanol_dipole,21,0.18936972320079803,0.014592214487493038,0.6109106424962654,0.9480145313068729,2.552307367324829,0.04460501670837402,0.017476349941005047,0.12
12,octanol_dipole,22,0.11471008509397507,0.007991963066160679,0.6081688725215264,0.9594056944057956,1.3195170164108276,0.016774754971265793,0.012712799276279302,0.16
12,octanol_dipole,23,0.35560575127601624,0.001585417427122593,0.6637523941798957,0.9728759673639753,0.038627155125141144,0.029759366065263748,0.7704260375596327,0.32
12,octanol_dipole,24,0.06496058404445648,0.017874620854854584,0.601655327627765,0.9641990642123588,2.9930481910705566,0.0049135806038975716,0.001641664380331971,0.06
12,octanol_dipole,25,0.10192093998193741,0.019277624785900116,0.604475342228207,0.9692547782585219,3.2744386196136475,0.024220485240221024,0.007396835932468574,0.08
12,octanol_dipole,26,0.13318856060504913,0.012399464845657349,0.609590500722895,0.9493342207377542,2.1024274826049805,0.019920064136385918,0.00947479249638816,0.1
12,octanol_dipole,27,0.38616707921028137,0.005471648648381233,0.6355307566854473,0.9329238738155421,0.9196146130561829,0.16014699637889862,0.1741457716147825,0.3
12,octanol_dipole,28,0.141373872756958,0.016397222876548767,0.6110263175382236,0.9738426296021958,2.8154449462890625,0.0316457636654377,0.01124005770638451,0.14
12,octanol_dipole,29,0.40004026889801025,0.005529174115508795,0.6341359174929504,0.9173585784547329,0.8982130885124207,0.23945781588554382,0.26659354995830986,0.1
12,octanol_dipole,30,0.15420718491077423,0.007420490030199289,0.6142797823053121,0.9786289949074456,1.1985678672790527,0.05330174043774605,0.04447119090448321,0.18
12,octanol_dipole,31,0.1396443098783493,0.010380261577665806,0.6099064898427013,0.9551688350810679,1.7273824214935303,0.020402520895004272,0.011811235683042227,0.12
12,octanol_dipole,32,0.1931312084197998,0.015485833398997784,0.60974046921345,0.9555925554835298,2.6770384311676025,0.007654932327568531,0.0028594779359330295,0.14
12,octanol_dipole,33,0.40387603640556335,0.014621324837207794,0.6129604916146325,0.8950996469296464,2.5716819763183594,0.5542454719543457,0.2155186671828715,0.3
12,octanol_dipole,34,0.09888729453086853,0.012279015965759754,0.6046783907162903,0.9482456665595274,2.082179307937622,0.012939438223838806,0.006214372688515088,0.1
12,octanol_dipole,35,0.11847842484712601,0.011298773810267448,0.6090147636509582,0.957584343315399,1.9363903999328613,0.010823461227118969,0.0055895036597445645,0.06
12,octanol_dipole,36,0.12965723872184753,0.011766490526497364,0.6117672975269361,0.95326486388849,2.083754301071167,0.02249199151992798,0.01079397485028145,0.12
12,octanol_dipole,37,0.10305055230855942,0.012942122295498848,0.6085333492229263,0.9525391405224093,2.1969895362854004,0.014427834190428257,0.0065670928113851544,0.1
12,octanol_dipole,38,0.07546976953744888,0.012364823371171951,0.6089081990406804,0.9634845205807092,2.0630340576171875,0.010385749861598015,0.005034211540643976,0.08
12,octanol_dipole,39,0.269184410572052,0.008508078753948212,0.6159070523243517,0.9549716554548051,1.4196665287017822,0.09450460225343704,0.06656816959674117,0.22
12,octanol_dipole,40,0.41754576563835144,0.012218393385410309,0.6099072859866232,0.8906352685710097,2.140526533126831,0.42687973380088806,0.1994274432923343,0.18
12,octanol_dipole,41,0.15163682401180267,0.01233260240405798,0.6104447083361633,0.9606374659643249,2.0707173347473145,0.01130383275449276,0.005458897052152289,0.1
12,octanol_dipole,42,0.5289666652679443,0.00800198782235384,0.6248343199497877,0.9051455549504279,1.3523943424224854,0.5782791376113892,0.42759653709844925,0.22
12,octanol_dipole,43,0.38361644744873047,0.00476105185225606,0.6582537257376782,0.9112690531859078,0.9471474885940552,0.5059401988983154,0.5341725602306485,0.26
12,octanol_dipole,44,0.06752574443817139,0.007677446585148573,0.6431031247004464,0.9780067319157093,1.3895381689071655,0.06652218848466873,0.04787359568322376,0.02
12,octanol_dipole,45,0.25399962067604065,0.011052525602281094,0.6053718975202311,0.9148687572370613,1.8691128492355347,0.18799014389514923,0.10057720376382678,0.12
12,octanol_dipole,46,0.511016309261322,0.010291154496371746,0.61519275030487,0.8907806241291054,1.8402652740478516,0.6706708669662476,0.3644424944731139,0.32
12,octanol_dipole,47,0.8773329257965088,0.0024818319361656904,0.697243775809731,0.8905558122247488,0.3283289968967438,0.6915733218193054,2.1063425050964915,0.76
12,octanol_dipole,48,0.2704105079174042,0.009503974579274654,0.6115655559583444,0.9387010836382299,1.6091079711914062,0.26814231276512146,0.16664034829594754,0.14
12,octanol_dipole,49,0.15951018035411835,0.018884757533669472,0.6100951640941423,0.9736603386479037,3.207256555557251,0.00562929967418313,0.0017551759819242328,0.2
12,octanol_dipole,50,0.15000019967556,0.014722585678100586,0.6090189633859453,0.9567520912097374,2.502532720565796,0.011317628435790539,0.004522469713495592,0.14
12,octanol_dipole,51,0.06851882487535477,0.015519686974585056,0.6064097764060326,0.966635250992502,2.706367015838623,0.003969720099121332,0.001466807744806642,0.14
12,octanol_dipole,52,0.17882084846496582,0.008282826282083988,0.6134691948674655,0.940310961011982,1.3611836433410645,0.04741045832633972,0.034830317391979074,0.08
12,octanol_dipole,53,0.1947336196899414,0.010535168461501598,0.6100896585757507,0.9489298207584109,1.7854114770889282,0.04611276462674141,0.025827527837967747,0.16
12,octanol_dipole,54,0.16389025747776031,0.015531562268733978,0.6096629911564744,0.9483502086881821,2.6359925270080566,0.013452611863613129,0.005103433232749833,0.14
12,octanol_dipole,55,0.18988211452960968,0.014385556802153587,0.6103720823283769,0.9717982525547899,2.438199281692505,0.020127804949879646,0.008255192715792982,0.14
12,octanol_dipole,56,0.24575062096118927,0.01386669185012579,0.6066335334029278,0.9228410375341696,2.3784494400024414,0.2254980206489563,0.0948088350571475,0.18
12,octanol_dipole,57,0.3401501476764679,0.012968216091394424,0.6087717812931428,0.9354287561971628,2.2701854705810547,0.21251368522644043,0.09361071506287436,0.24
12,octanol_dipole,58,0.1452290415763855,0.017816197127103806,0.6115843729398214,0.9553225853836194,3.051539421081543,0.013276340439915657,0.004350702582505123,0.14
12,octanol_dipole,59,0.11923278123140335,0.01815483160316944,0.6080247208080889,0.9611252872780054,3.079252004623413,0.0016228273743763566,0.0005270199944466141,0.12
12,octanol_dipole,60,0.11990636587142944,0.008262060582637787,0.6093745126455217,0.9548643889885811,1.3836513757705688,0.0184821467846632,0.013357517007758052,0.1
12,octanol_dipole,61,0.11695617437362671,0.00902770645916462,0.6078470440105961,0.9487243614287273,1.5182384252548218,0.018045872449874878,0.011886059626534648,0.08
12,octanol_dipole,62,0.06877188384532928,0.01426723226904869,0.6065108223900448,0.9556941561151062,2.3957457542419434,0.014148559421300888,0.0059057015529503645,0.08
12,octanol_dipole,63,0.10386509448289871,0.01861889287829399,0.6072873237784953,0.9521142925107773,3.250396966934204,0.005663400050252676,0.001742371811155864,0.08
12,octanol_dipole,64,0.11894290149211884,0.014102461747825146,0.6082237157439252,0.9509000451340688,2.3943839073181152,0.006971958093345165,0.002911796254575678,0.12
12,octanol_dipole,65,0.06931352615356445,0.007441691122949123,0.6085741143022092,0.9578987403256061,1.213932991027832,0.020413238555192947,0.016815786955348452,0.16
12,octanol_dipole,66,0.22022609412670135,0.015081475488841534,0.6091980628225888,0.95746132757122,2.5900776386260986,0.06795502454042435,0.026236674733994055,0.2
12,octanol_dipole,67,0.08073170483112335,0.014636978507041931,0.6190653669448889,0.9560895930368654,2.484592914581299,0.009486044757068157,0.003817947278766484,0.06
12,octanol_dipole,68,0.15148673951625824,0.013658126816153526,0.6108437861649367,0.961649646287017,2.3234455585479736,0.011740590445697308,0.005053094703468987,0.1
12,octanol_dipole,69,0.1555851548910141,0.013630954548716545,0.60897067026247,0.956889760790486,2.315598249435425,0.02934235893189907,0.0126716104311502,0.14
12,octanol_dipole,70,0.09412586688995361,0.01842370443046093,0.6077567852246912,0.9610610050630106,3.222777843475342,0.011662982404232025,0.0036189222374866004,0.04
12,octanol_dipole,71,0.11245954781770706,0.00863349437713623,0.6110315942739797,0.961283373967541,1.448919653892517,0.013482167385518551,0.009304979299092783,0.06
12,octanol_dipole,72,0.2010047882795334,0.013110480271279812,0.6097272513759466,0.9548899836025839,2.229058027267456,0.012412597425282001,0.005568539389034336,0.18
12,octanol_dipole,73,0.15670974552631378,0.015359906479716301,0.6149677880829492,0.9636299550203911,2.6573336124420166,0.005669916048645973,0.0021336861966064834,0.12
12,octanol_dipole,74,0.275971382856369,0.018405558541417122,0.6070987941563906,0.9306468949371636,3.2230355739593506,0.17099544405937195,0.053054159699922866,0.12
12,octanol_dipole,75,0.09868668019771576,0.01739313453435898,0.6077164875403929,0.9622823166724099,2.9748423099517822,0.02199017070233822,0.007392045833412476,0.06
12,octanol_dipole,76,0.27501484751701355,0.016100570559501648,0.6072000288104955,0.9091362416697579,2.7589032649993896,0.2964695692062378,0.10745921140743707,0.12
12,octanol_dipole,77,0.1779872328042984,0.007755236700177193,0.6099295068325088,0.9470051308613181,1.277042031288147,0.0427737832069397,0.03349442082481339,0.18
12,octanol_dipole,78,0.10835592448711395,0.013171633705496788,0.6102834715780692,0.9561341840412034,2.219705104827881,0.008046341128647327,0.003624959509777427,0.12
12,octanol_dipole,79,0.40463387966156006,0.011937454342842102,0.6105469949117173,0.9017382855934128,2.087693452835083,0.5471630096435547,0.2620897282120172,0.24
12,octanol_dipole,80,0.11675276607275009,0.012541273608803749,0.6155037380211434,0.9538115825743354,2.1170380115509033,0.046750690788030624,0.02208306630913156,0.02
12,octanol_dipole,81,0.17417897284030914,0.015423053875565529,0.6054785018754589,0.9605889812674413,2.6372740268707275,0.013454223051667213,0.005101564310187136,0.14
12,octanol_dipole,82,0.13442857563495636,0.009503785520792007,0.6283353730703267,0.9716961575561385,1.664884090423584,0.016765130683779716,0.01006984857397147,0.16
12,octanol_dipole,83,0.3038375973701477,0.01252325251698494,0.6092108359811896,0.9061694985591415,2.229475736618042,0.4107517600059509,0.18423692765951896,0.1
12,octanol_dipole,84,0.4957478940486908,0.01340174488723278,0.6162839816317667,0.8984705044043466,2.361630916595459,0.7606123089790344,0.3220707789833382,0.32
12,octanol_dipole,85,0.13913385570049286,0.013578653335571289,0.6120912272759342,0.9712312323799328,2.3327784538269043,0.006629416719079018,0.002841854402505953,0.08
12,octanol_dipole,86,0.08988439291715622,0.00488283159211278,0.6087675771331862,0.9578354977621604,0.7928277254104614,0.016029519960284233,0.02021816271874884,0.08
12,octanol_dipole,87,0.0739334374666214,0.013799519278109074,0.611856034454763,0.9628008021127441,2.3914129734039307,0.016263578087091446,0.006800823725540768,0.04
12,octanol_dipole,88,0.35903412103652954,0.011571330018341541,0.6099952685964041,0.920222161216278,2.016275405883789,0.3711095452308655,0.18405697165571383,0.2
12,octanol_dipole,89,0.13068795204162598,0.003161767963320017,0.651163325179068,0.9614613302075883,0.48188456892967224,0.06888771057128906,0.14295479667318992,0.18
12,octanol_dipole,90,0.1273103952407837,0.014416269958019257,0.6092553018669875,0.9651545349344623,2.398502826690674,0.00942150317132473,0.0039280767429088325,0.06
12,octanol_dipole,91,0.1207023411989212,0.013668016530573368,0.6081058430710775,0.9758359842298705,2.281771183013916,0.006142547819763422,0.0026920086753177124,0.08
12,octanol_dipole,92,0.11500389128923416,0.006448219530284405,0.6099702571640611,0.9437856855272346,1.0673348903656006,0.04831794649362564,0.04526971518477674,0.1
12,octanol_dipole,93,0.14329330623149872,0.015370916575193405,0.6084832186915756,0.9641336220282579,2.63370418548584,0.00919863861054182,0.003492662031383356,0.06
12,octanol_dipole,94,0.1644156575202942,0.02224949561059475,0.6020521526217042,0.9601729611967806,3.7939600944519043,0.035031311213970184,0.00923344219281542,0.14
12,octanol_dipole,95,0.299731969833374,0.010560968890786171,0.6123451295440743,0.9510755748163813,1.839547038078308,0.2734217345714569,0.14863535909203401,0.22
12,octanol_dipole,96,0.11838250607252121,0.00785988848656416,0.6082153944948332,0.9698295961086258,1.315477967262268,0.03309338539838791,0.025156928676852593,0.16
12,octanol_dipole,97,0.11247456073760986,0.01043042540550232,0.6033051975503947,0.9739240174718362,1.7897357940673828,0.006537849549204111,0.0036529690979393596,0.08
12,octanol_dipole,98,0.09215450286865234,0.010164367035031319,0.6072403220260107,0.9466309510654385,1.7085891962051392,0.023894941434264183,0.013985188181767756,0.1
12,octanol_dipole,99,0.15494777262210846,0.009685024619102478,0.6052226061768249,0.9575790544721858,1.594143033027649,0.0128556527197361,0.008064303173172749,0.16
12,octanol_dipole,100,0.2589283585548401,0.005586862564086914,0.6493768268620135,0.9659802295525104,0.9976676106452942,0.03968404605984688,0.0397768210939304,0.14
12,octanol_dipole,101,0.14430837333202362,0.013856780715286732,0.6091403182957664,0.9609095699772967,2.353670835494995,0.01009408663958311,0.004288656887512585,0.12
12,octanol_dipole,102,0.4571268856525421,0.01604692079126835,0.6142486080710805,0.9087301451845826,2.8497214317321777,0.7901831269264221,0.27728434019114506,0.3
12,octanol_dipole,103,0.35778921842575073,0.008649514988064766,0.6107757149746431,0.9142480076392492,1.481672763824463,0.25259751081466675,0.17048130800667977,0.18
12,octanol_dipole,104,0.08022184669971466,0.007531380746513605,0.6103432986192774,0.9560280059270181,1.2008672952651978,0.007115136366337538,0.005924998036328603,0.14
12,octanol_dipole,105,0.092216357588768,0.016286080703139305,0.6140308738774454,0.9602366124531871,2.8331830501556396,0.004532381892204285,0.0015997490497323497,0.1
12,octanol_dipole,106,0.1639535278081894,0.004341087769716978,0.6333188597815891,0.9589271461572446,0.6969689130783081,0.04939069598913193,0.07086499133940946,0.14
12,octanol_dipole,107,0.44169461727142334,0.016689278185367584,0.611272828509783,0.9063576459149023,2.9313130378723145,0.7360824346542358,0.2511101425006861,0.24
12,octanol_dipole,108,0.4167535603046417,0.0159099530428648,0.6224429378685701,0.9241163844813329,3.0332260131835938,0.5020584464073181,0.1655196296699206,0.22
12,octanol_dipole,109,0.15807396173477173,0.012433530762791634,0.6096329299419596,0.9697913280205717,2.1219675540924072,0.009349735453724861,0.004406163249618519,0.18
12,octanol_dipole,110,0.20633554458618164,0.0189999807626009,0.6078398704218089,0.9317105663697185,3.2851319313049316,0.12916883826255798,0.03931922399574652,0.14
12,octanol_dipole,111,0.19152748584747314,0.0070784492418169975,0.6157492719560289,0.9590579997586144,1.1598923206329346,0.05090363696217537,0.04388651951277518,0.16
12,octanol_dipole,112,0.1870625913143158,0.019350266084074974,0.6060176909403654,0.9241579711231456,3.3624165058135986,0.12979556620121002,0.03860187040385813,0.04
12,octanol_dipole,113,0.05928885564208031,0.02022307738661766,0.6117294339374781,0.952194460629642,3.6272170543670654,0.011706986464560032,0.00322753954039369,0.04
12,octanol_dipole,114,0.4098845422267914,0.01105047482997179,0.6184440351600513,0.9118192361978874,1.9371010065078735,0.6150661110877991,0.3175188640248632,0.18
12,octanol_dipole,115,0.24591776728630066,0.01710617169737816,0.6083531267879883,0.9453311599549492,2.9774749279022217,0.09788376837968826,0.03287475822631098,0.16
12,octanol_dipole,116,0.11612134426832199,0.014358900487422943,0.6045844151173712,0.9603040670226779,2.4267215728759766,0.009469360113143921,0.0039021205477320227,0.1
12,octanol_dipole,117,0.08823738992214203,0.012828058563172817,0.6033389813075114,0.9528746178180656,2.1651315689086914,0.005550014320760965,0.0025633612296172763,0.1
12,octanol_dipole,118,0.17281900346279144,0.0160069577395916,0.6101494924925377,0.9707385255584056,2.7710342407226562,0.0180048868060112,0.006497533138138241,0.2
12,octanol_dipole,119,0.1678977608680725,0.015908170491456985,0.6070177323002699,0.9636368137844384,2.706934690475464,0.007213495206087828,0.0026648205556894324,0.14
12,octanol_dipole,120,0.3044687807559967,0.0035056525375694036,0.615096026003886,0.954656664765849,0.5171986222267151,0.09296420961618423,0.1797456636986809,0.16
12,octanol_dipole,121,0.0703035295009613,0.008936254307627678,0.608645930313237,0.9655581141868477,1.4617011547088623,0.010860380716621876,0.0074299597298909,0.12
12,octanol_dipole,122,0.30178043246269226,0.007530264090746641,0.6145354719289291,0.9103703832659511,1.2395955324172974,0.18904247879981995,0.15250335601901854,0.14
12,octanol_dipole,123,0.11741060018539429,0.013936039991676807,0.6142204933977444,0.9673879545669097,2.337358236312866,0.00771522568538785,0.0033008314966551542,0.1
12,octanol_dipole,124,0.1970171332359314,0.011816929094493389,0.6093968445205156,0.9565125212114938,2.027667284011841,0.031427428126335144,0.01549930226430167,0.14
12,octanol_dipole,125,0.32086727023124695,0.01209862157702446,0.6108280548783176,0.9290024829579293,2.088686466217041,0.36643990874290466,0.17544036152376108,0.2
12,octanol_dipole,126,0.15098866820335388,0.011969984509050846,0.6091179427900282,0.9377346026695945,2.0238356590270996,0.03401142731308937,0.016805429413887973,0.06
12,octanol_dipole,127,0.1385098546743393,0.004834744613617659,0.6419375261429368,0.9620170339020389,0.8094698786735535,0.022496940568089485,0.027792189877348297,0.04
12,octanol_dipole,128,0.14252309501171112,0.01925245113670826,0.6038822492620999,0.9473141097027811,3.3307948112487793,0.05715326964855194,0.017159048481621742,0.08
12,octanol_dipole,129,0.10343334823846817,0.017173130065202713,0.6109609647649608,0.9610107490285886,2.9025633335113525,0.011722910217940807,0.004038812894311288,0.1
12,octanol_dipole,130,0.09833898395299911,0.009991835802793503,0.6042572940830182,0.9521905887517477,1.6929272413253784,0.054540082812309265,0.03221643640727897,0.12
12,octanol_dipole,131,0.16922177374362946,0.01583237573504448,0.6091393657399524,0.9602852315884718,2.720250129699707,0.0067057483829557896,0.0024651219789468583,0.12
12,octanol_dipole,132,0.46041107177734375,0.013097151182591915,0.6103852922698529,0.8990247557565207,2.308002471923828,0.6049400568008423,0.26210546312656086,0.32
12,octanol_dipole,133,0.27612608671188354,0.009804277680814266,0.6117938808084953,0.9236216612179662,1.672498345375061,0.15939898788928986,0.09530591664265253,0.14
12,octanol_dipole,134,0.26816004514694214,0.011317729949951172,0.6107052833119828,0.9308819921667701,1.9871267080307007,0.3564031422138214,0.17935602232785,0.18
12,octanol_dipole,135,0.08245925605297089,0.015040059573948383,0.6124423046857876,0.9635220754266904,2.5323903560638428,0.01163577102124691,0.004594777812743166,0.04
12,octanol_dipole,136,0.18485689163208008,0.012343894690275192,0.6110090228042508,0.9273416280295512,2.084523916244507,0.06978124380111694,0.03347586624327886,0.08
12,octanol_dipole,137,0.04856128990650177,0.009227503091096878,0.6142572977140179,0.9702673273945797,1.7938152551651,0.010337978601455688,0.005763123360495781,0.06
12,octanol_dipole,138,0.12101839482784271,0.019540725275874138,0.6093491897713452,0.964278048105454,3.296553611755371,0.013371911831200123,0.004056330764200664,0.06
12,octanol_dipole,139,0.18615376949310303,0.002536187879741192,0.6458479228734604,0.951747776420603,0.3275054395198822,0.05402353033423424,0.16495460476452506,0.18
12,octanol_dipole,140,0.27747222781181335,0.011367407627403736,0.605375209839158,0.91539178090836,1.9647947549819946,0.2866261601448059,0.1458809676776812,0.2
12,octanol_dipole,141,0.11123426258563995,0.01202496886253357,0.6089011247511991,0.9571797925797436,2.026660442352295,0.007416292559355497,0.003659366119934521,0.14
12,octanol_dipole,142,0.1814485788345337,0.019084235653281212,0.6081393810344942,0.9497466481860057,3.2514865398406982,0.0071272156201303005,0.0021919868136620023,0.12
12,octanol_dipole,143,0.10226824879646301,0.005004820879548788,0.6292264148537616,0.9589396655523892,0.8058857917785645,0.008678589947521687,0.010769007266362537,0.1
12,octanol_dipole,144,0.10829136520624161,0.011961364187300205,0.611898382217712,0.9432983818864722,2.190293312072754,0.03600379079580307,0.016437885555031614,0.06
12,octanol_dipole,145,0.12324631959199905,0.014814663678407669,0.6074939701067796,0.9660655601501336,2.5034735202789307,0.00966709852218628,0.0038614742452355542,0.1
12,octanol_dipole,146,0.30665719509124756,0.013219544664025307,0.6131760146991236,0.9184488199036731,2.2280893325805664,0.39336884021759033,0.17654985124047595,0.2
12,octanol_dipole,147,0.2781667709350586,0.004285989794880152,0.6308412642197552,0.9748699206142142,0.6784679889678955,0.11145921051502228,0.16428072116501347,0.14
12,octanol_dipole,148,0.20918743312358856,0.014940068125724792,0.6133377066175041,0.9602214341965629,2.5878214836120605,0.012258120812475681,0.004736849465893565,0.16
12,octanol_dipole,149,0.2678259611129761,0.017057759687304497,0.6037990627373446,0.9066741597350991,2.930992603302002,0.5198082327842712,0.17734887225531204,0.12
12,octanol_dipole,150,0.11101792752742767,0.012863244861364365,0.6099825802351766,0.9633234787940554,2.1692912578582764,0.006720636505633593,0.0030980793755969968,0.1
12,octanol_dipole,151,0.33970221877098083,0.014791286550462246,0.611542971928845,0.8970462755324098,2.5658555030822754,0.589036762714386,0.229567394581182,0.08
12,octanol_dipole,152,0.30584248900413513,0.001759205013513565,0.6582681090132567,0.9753332641488885,0.13256725668907166,0.041690099984407425,0.31448263338653065,0.12
12,octanol_dipole,153,0.4550250470638275,0.002889213152229786,0.6728048292951976,0.9238034448850743,0.49507611989974976,0.22118721902370453,0.44677416286710364,0.2
12,octanol_dipole,154,0.10166852176189423,0.019070513546466827,0.6016760106125003,0.9668382518728404,3.226135015487671,0.005689133424311876,0.0017634517455097558,0.08
12,octanol_dipole,155,0.38325580954551697,0.012293163686990738,0.6110300747573241,0.8781829642085548,2.1137993335723877,0.5271199941635132,0.24937087725950965,0.14
12,octanol_dipole,156,0.35961368680000305,0.01431896723806858,0.6079655202766472,0.8982031691323065,2.4461820125579834,0.5756945013999939,0.23534409886285917,0.14
12,octanol_dipole,157,0.14870543777942657,0.011463387869298458,0.6105894306728705,0.9644711893671694,1.9403021335601807,0.020242664963006973,0.010432738599253375,0.12
12,octanol_dipole,158,0.07515369355678558,0.0060387104749679565,0.6096294747461908,0.9590702142649694,0.9777026772499084,0.017856942489743233,0.01826418491557312,0.06
12,octanol_dipole,159,0.13883459568023682,0.005737836938351393,0.6377914706824637,0.9612601808206058,1.0090792179107666,0.054917898029088974,0.05442377273688476,0.08
12,octanol_dipole,160,0.13647177815437317,0.015763254836201668,0.6093213196773357,0.9568106079064218,2.6855380535125732,0.022172050550580025,0.008256092488274332,0.1
12,octanol_dipole,161,0.1209578737616539,0.023100337013602257,0.6071679145988267,0.9295469229186621,4.025244235992432,0.096327044069767,0.023930732751181093,0.02
12,octanol_dipole,162,0.12204907834529877,0.0099944481626153,0.6111907798782337,0.9675919626441996,1.6706702709197998,0.007822087034583092,0.0046820052829913495,0.1
12,octanol_dipole,163,0.12347779422998428,0.017858268693089485,0.6101700723741996,0.9717111842073574,3.046525001525879,0.007168521638959646,0.00235301585753251,0.14
12,octanol_dipole,164,0.09589217603206635,0.011244451627135277,0.6112512171144868,0.9452758767452374,1.8745126724243164,0.008810598403215408,0.004700207436752411,0.16
12,octanol_dipole,165,0.9004162549972534,0.003122204914689064,0.7376058351380397,0.899823540931584,0.5751729011535645,1.1407796144485474,1.9833681527078282,0.74
12,octanol_dipole,166,0.3263424336910248,0.010306109674274921,0.6093147897706557,0.9288552113559088,1.739005446434021,0.37689656019210815,0.2167310982061423,0.18
12,octanol_dipole,167,0.2149749994277954,0.013919989578425884,0.6032525113679912,0.943445129866396,2.357847213745117,0.06602793186903,0.028003481940695248,0.16
12,octanol_dipole,168,0.14489082992076874,0.012063185684382915,0.6086356175120631,0.9567541071936907,2.0547537803649902,0.026522967964410782,0.01290810033681965,0.12
12,octanol_dipole,169,0.03875632584095001,0.018422836437821388,0.6028101219383102,0.966198519824105,3.1461479663848877,0.005788200069218874,0.001839773631457602,0.04
12,octanol_dipole,170,0.2209218293428421,0.018953245133161545,0.6050444034912956,0.9086632949671796,3.2691028118133545,0.24171508848667145,0.07393927398465432,0.04
12,octanol_dipole,171,0.4149704575538635,0.01292947493493557,0.6101006581392134,0.9126904162406737,2.255124092102051,0.46192076802253723,0.20483164081315397,0.3
12,octanol_dipole,172,0.15031678974628448,0.012555552646517754,0.6098895562871258,0.9678010401123234,2.117480516433716,0.005605002399533987,0.002647014863198833,0.1
12,octanol_dipole,173,0.16372902691364288,0.012324155308306217,0.6098131464758338,0.965919143277711,2.0917210578918457,0.010281696915626526,0.004915424490677069,0.16
12,octanol_dipole,174,0.2757601737976074,0.009436496533453465,0.6061019079422905,0.8956449762715291,1.6379722356796265,0.27364543080329895,0.16706353431549964,0.1
12,octanol_dipole,175,0.18824198842048645,0.01941952481865883,0.6103808588810493,0.9379611224163633,3.3718581199645996,0.10164881497621536,0.03014623135367349,0.16
12,octanol_dipole,176,0.34158265590667725,0.01319654006510973,0.6111213848350234,0.9162961599676864,2.2975375652313232,0.3021579682826996,0.1315138315278329,0.16
12,octanol_dipole,177,0.10663661360740662,0.006375694647431374,0.6106108345809622,0.9530691923020689,1.0753475427627563,0.04530925303697586,0.042134520455190186,0.12
12,octanol_dipole,178,0.20500244200229645,0.011117060668766499,0.611046774373013,0.9568023132796764,1.8857061862945557,0.10675609856843948,0.05661332573671883,0.18
12,octanol_dipole,179,0.13812212646007538,0.012254755012691021,0.6050087124059864,0.962647026282881,2.0823233127593994,0.010818200185894966,0.005195254800062332,0.14
12,octanol_dipole,180,0.11547787487506866,0.01619260385632515,0.6094120080873517,0.9617937167512622,2.7435550689697266,0.008979961276054382,0.0032731113647471205,0.08
12,octanol_dipole,181,0.2040397673845291,0.019813545048236847,0.6104343521075444,0.9471258057563932,3.456416368484497,0.15985213220119476,0.04624793866234456,0.14
12,octanol_dipole,182,0.3299941122531891,0.01604148931801319,0.6039415766015157,0.8958163092054185,2.765084981918335,0.49161162972450256,0.17779259333412487,0.18
12,octanol_dipole,183,0.13105425238609314,0.010799041017889977,0.6107891913618742,0.9501487165120712,1.807405710220337,0.013950278982520103,0.007718399307712409,0.12
12,octanol_dipole,184,0.24836093187332153,0.011006745509803295,0.6115336739190984,0.9578179133675488,1.9000444412231445,0.08356370031833649,0.04397986621015178,0.12
12,octanol_dipole,185,0.17879968881607056,0.008077126927673817,0.6145739980149234,0.9395928582315698,1.3198273181915283,0.018031343817710876,0.013661896195949352,0.1
12,octanol_dipole,186,0.28753572702407837,0.015700584277510643,0.6106008230386597,0.9114184970424009,2.7201130390167236,0.36141437292099,0.1328674094557612,0.14
12,octanol_dipole,187,0.17548324167728424,0.0019137858180329204,0.6500550827480953,0.9685109970392951,0.1554882973432541,0.043418072164058685,0.2792369130405324,0.16
12,octanol_dipole,188,0.15524975955486298,0.007875552400946617,0.6163290877167715,0.9662540579195411,1.2836579084396362,0.04442589357495308,0.03460882629465933,0.1
12,octanol_dipole,189,0.08433449268341064,0.023956242948770523,0.6214828147686888,0.9734121090275616,4.153602600097656,0.01992371492087841,0.004796731136582489,0.16
12,octanol_dipole,190,0.32109376788139343,0.01414338406175375,0.6062724204283134,0.9020859566682655,2.4256157875061035,0.45644858479499817,0.18817843582074295,0.14
12,octanol_dipole,191,0.17159555852413177,0.013685349375009537,0.6114351605091712,0.9243737981778433,2.354492664337158,0.06576170772314072,0.027930309029717913,0.04
12,octanol_dipole,192,0.18247884511947632,0.005157781299203634,0.6632864081917811,0.9545474151700417,0.9949177503585815,0.03399098291993141,0.03416461602748631,0.14
12,octanol_dipole,193,0.1799197643995285,0.018675262108445168,0.6104661616236768,0.9591107682258491,3.2220492362976074,0.006737731397151947,0.00209113235181165,0.18
12,octanol_dipole,194,0.3470456600189209,0.012173150666058064,0.6114025163080903,0.927895042666272,2.112825870513916,0.311083048582077,0.14723553555618396,0.18
12,octanol_dipole,195,0.12251963466405869,0.01773008331656456,0.6041364708497348,0.9602472169369649,2.9905548095703125,0.007700365036725998,0.0025748951372111446,0.12
12,octanol_dipole,196,0.07461932301521301,0.011658314615488052,0.608940800975289,0.9592365965369192,1.9732822179794312,0.01493606436997652,0.007569147602855563,0.16
12,octanol_dipole,197,0.35717809200286865,0.010980709455907345,0.6062714810100098,0.9018945282399209,1.8801873922348022,0.543559193611145,0.28909841426235033,0.18
12,octanol_dipole,198,0.29400354623794556,0.016590705141425133,0.6086815855003354,0.8951066859464696,2.936647415161133,0.37430232763290405,0.12745906290979309,0.16
12,octanol_dipole,199,0.6026244163513184,0.005367374513298273,0.6682991293365748,0.9156528918618925,1.1807761192321777,0.8019893765449524,0.6792052815790866,0.42
12,octanol_dipole,200,0.20980823040008545,0.011370216496288776,0.6126235689693111,0.9486738867013134,1.9478697776794434,0.040865443646907806,0.020979556290252655,0.16
12,octanol_dipole,201,0.3782353103160858,0.016982583329081535,0.6123203278646823,0.9039889083669792,2.939941644668579,0.6772714853286743,0.23036902332972103,0.22
12,octanol_dipole,202,0.10817713290452957,0.014662956818938255,0.600361897307695,0.9670956583548096,2.468315839767456,0.007082987576723099,0.002869562907067192,0.12
12,octanol_dipole,203,0.05390756204724312,0.01153155229985714,0.607901542059821,0.9488421352437804,1.9203181266784668,0.008787757717072964,0.004576198909434324,0.14
12,octanol_dipole,204,0.09324640035629272,0.01741941273212433,0.6158285485516486,0.9611755436791478,2.942671298980713,0.006494392640888691,0.002206971822893787,0.04
12,octanol_dipole,205,0.06296487897634506,0.006021198816597462,0.6163404741711422,0.9617145446038105,0.9681264162063599,0.004927615635097027,0.005089847309823521,0.06
12,octanol_dipole,206,0.39922675490379333,0.00202921056188643,0.6707094655992141,0.9536682356427253,0.26592597365379333,0.163868710398674,0.6162192739097131,0.28
12,octanol_dipole,207,0.41254734992980957,0.017556633800268173,0.6142264099157047,0.9000620388181233,3.279430389404297,0.7716982960700989,0.23531473592591687,0.12
12,octanol_dipole,208,0.10590935498476028,0.009522470645606518,0.6115376062067159,0.9627010568136856,1.5768872499465942,0.028544852510094643,0.01810202505668138,0.06
12,octanol_dipole,209,0.17495059967041016,0.015593630261719227,0.6093363186126928,0.9708979676288283,2.6706366539001465,0.013577334582805634,0.005083931789439628,0.16
12,octanol_dipole,210,0.1306038796901703,0.015387283638119698,0.6076443923458812,0.9623034960773098,2.570599317550659,0.006135670002549887,0.002386863623847893,0.06
12,octanol_dipole,211,0.10401791334152222,0.013351359404623508,0.609680617237031,0.9611422518650505,2.27740740776062,0.005209921859204769,0.002287654743482062,0.1
12,octanol_dipole,212,0.26503926515579224,0.0065312632359564304,0.6055502802765937,0.9254162548848093,1.1121723651885986,0.06740443408489227,0.0606061040488648,0.12
12,octanol_dipole,213,0.39360013604164124,0.010201270692050457,0.6133162951518432,0.9065866237497062,1.7316746711730957,0.5492211580276489,0.31716185907806094,0.14
12,octanol_dipole,214,0.5510769486427307,0.005418077111244202,0.6313211413089284,0.9409621776439447,0.9308601021766663,0.3488099277019501,0.37471788390791944,0.44
12,octanol_dipole,215,0.30365481972694397,0.014904475770890713,0.6083513541506196,0.915010256218149,2.617518663406372,0.378244549036026,0.14450500557034737,0.14
12,octanol_dipole,216,0.10581481456756592,0.014197194948792458,0.6055706376580985,0.9698367699456594,2.3713674545288086,0.004511823412030935,0.0019026251724144692,0.08
12,octanol_dipole,217,0.26713672280311584,0.01148703508079052,0.6093961553562235,0.9401285155429706,1.959613561630249,0.21400393545627594,0.10920721291510199,0.22
12,octanol_dipole,218,0.04325471445918083,0.021318230777978897,0.6105666731276855,0.961966825058105,3.68916654586792,0.009728070348501205,0.0026369290265296393,0.06
12,octanol_dipole,219,0.1483341008424759,0.006248028948903084,0.6089682958740865,0.9431273883875173,1.0233873128890991,0.09435119479894638,0.0921950014531506,0.08
12,octanol_dipole,220,0.17392194271087646,0.020455658435821533,0.6092652835997197,0.9569259116275941,3.5538437366485596,0.012223460711538792,0.003439504271244657,0.16
12,octanol_dipole,221,0.05870268493890762,0.013852379284799099,0.6145642028045786,0.9545855373522165,2.438183307647705,0.0117195975035429,0.004806692534881497,0.08
12,octanol_dipole,222,0.08299954235553741,0.015687916427850723,0.6067819583850107,0.9548144260620046,2.666534423828125,0.009555276483297348,0.003583406386173564,0.06
12,octanol_dipole,223,0.44518664479255676,0.004664716776460409,0.6156899205682613,0.9071428171990044,0.7470061779022217,0.3034987151622772,0.4062867538988456,0.28
12,octanol_dipole,224,0.4298758804798126,0.009370510466396809,0.6156302036556085,0.9158085156016518,1.5982979536056519,0.4031849801540375,0.2522589603799964,0.24
12,octanol_dipole,225,0.5955840349197388,0.008849307894706726,0.6252144666421435,0.901112812325328,1.5355464220046997,0.7726120948791504,0.5031512455810246,0.3
12,octanol_dipole,226,0.12631374597549438,0.016919558867812157,0.6082170500173161,0.9544969122647229,2.8798983097076416,0.009155850857496262,0.0031792271368171103,0.16
12,octanol_dipole,227,0.19966481626033783,0.01582002080976963,0.6088497991338524,0.9360683491754862,2.7004435062408447,0.13971677422523499,0.05173845477690732,0.14
12,octanol_dipole,228,0.11512064188718796,0.012177163735032082,0.6104057175469864,0.9461358561912658,2.06134295463562,0.012778527103364468,0.006199127163496821,0.18
12,octanol_dipole,229,0.3168030083179474,0.013079522177577019,0.6111356936955343,0.9304362281518721,2.294508695602417,0.27547183632850647,0.12005700255417079,0.26
12,octanol_dipole,230,0.0897439643740654,0.010299712419509888,0.6079695230153705,0.9652092338357827,1.755059003829956,0.017882725223898888,0.010189244455528008,0.06
12,octanol_dipole,231,0.16310451924800873,0.009279809892177582,0.6130899628867397,0.9508138149316516,1.531319260597229,0.05836064741015434,0.03811135202948674,0.06
12,octanol_dipole,232,0.23786306381225586,0.012424616143107414,0.6093019924701655,0.9495310158706822,2.107579231262207,0.13474376499652863,0.0639329535031677,0.12
12,octanol_dipole,233,0.05729170888662338,0.009156077168881893,0.612640828609943,0.9744390363026272,1.621381402015686,0.004239985253661871,0.0026150449538836214,0.02
12,octanol_dipole,234,0.27632850408554077,0.018489813432097435,0.6092454241540113,0.9072460669562914,3.266201972961426,0.38638919591903687,0.11829923535582904,0.12
12,octanol_dipole,235,0.3591500222682953,0.015080222859978676,0.6094469369233371,0.9067712632816596,2.645352840423584,0.5512389540672302,0.20838012443699713,0.16
12,octanol_dipole,236,0.30787745118141174,0.01649782434105873,0.6095947539478923,0.9071229615264507,2.9355051517486572,0.351296067237854,0.11967141908389761,0.2
12,octanol_dipole,237,0.4120703637599945,0.012598893605172634,0.6176774692876554,0.8922360190123213,2.1941897869110107,0.5432295799255371,0.24757638704093046,0.18
12,octanol_dipole,238,0.14055338501930237,0.01952548511326313,0.6072763422353586,0.961514135251107,3.317749261856079,0.015338145196437836,0.0046230573759082315,0.1
12,octanol_dipole,239,0.26080843806266785,0.002787770936265588,0.6350047620636214,0.9530173265496407,0.3968108594417572,0.12681618332862854,0.3195884898589633,0.08
12,octanol_dipole,240,0.17752310633659363,0.011956624686717987,0.6099888133887301,0.9396321604153939,2.0261123180389404,0.04435080662369728,0.021889609094635044,0.08
12,octanol_dipole,241,0.12387508153915405,0.012046340852975845,0.6068023712488644,0.9610134262132437,2.0301101207733154,0.025246860459446907,0.012436202450845276,0.14
12,octanol_dipole,242,0.2055908888578415,0.0030800122767686844,0.6549615666160766,0.9632997042240499,0.47156354784965515,0.08026362955570221,0.17020745119445072,0.1
12,octanol_dipole,243,0.16930429637432098,0.017377834767103195,0.6142362856538937,0.9509548355168536,2.9326655864715576,0.03282734006643295,0.011193686800795188,0.1
12,octanol_dipole,244,0.8058032989501953,0.005077743902802467,0.6748333245690195,0.9197154132302521,1.0123181343078613,0.9555879235267639,0.9439600962795309,0.72
12,octanol_dipole,245,0.26747289299964905,0.018774287775158882,0.6096824914016408,0.8917420678628587,3.3547091484069824,0.535148561000824,0.1595215970525924,0.04
12,octanol_dipole,246,0.25065815448760986,0.016000503674149513,0.6065824277796212,0.9373905273098557,2.7516071796417236,0.1511649191379547,0.05493695475734197,0.14
12,octanol_dipole,247,0.1659892499446869,0.01936238259077072,0.6077155155638383,0.9737779259546155,3.305168867111206,0.003796626813709736,0.001148693747992391,0.12
12,octanol_dipole,248,0.21259993314743042,0.004811723716557026,0.6417741969463033,0.9283460064020865,0.8366332054138184,0.07527966797351837,0.08997929736279507,0.12
12,octanol_dipole,249,0.15877044200897217,0.014323990792036057,0.605549042263088,0.943537228618319,2.4459123611450195,0.07607095688581467,0.031101260247199992,0.06
12,hexane_gsolv_eV,0,1.0,0.0,0.714439163864681,0.714439163864681,,,,1.0
12,hexane_gsolv_eV,1,1.0,0.0,0.714439163864681,0.714439163864681,,,,1.0
12,hexane_gsolv_eV,2,1.0,0.0,0.714439163864681,0.714439163864681,,,,1.0
12,hexane_gsolv_eV,3,1.0,0.0,0.714439163864681,0.714439163864681,,,,1.0
12,hexane_gsolv_eV,4,1.0,0.0,0.714439163864681,0.714439163864681,,,,1.0
12,hexane_gsolv_eV,5,1.0,0.0,0.714439163864681,0.714439163864681,,,,1.0
12,hexane_gsolv_eV,6,1.0,0.0,0.714439163864681,0.714439163864681,,,,1.0
12,hexane_gsolv_eV,7,1.0,0.0,0.714439163864681,0.714439163864681,,,,1.0
12,hexane_gsolv_eV,8,1.0,0.0,0.714439163864681,0.714439163864681,,,,1.0
12,hexane_gsolv_eV,9,1.0,0.0,0.714439163864681,0.714439163864681,,,,1.0
12,hexane_gsolv_eV,10,1.0,0.0,0.714439163864681,0.714439163864681,,,,1.0
12,hexane_gsolv_eV,11,1.0,0.0,0.714439163864681,0.714439163864681,,,,1.0
12,hexane_gsolv_eV,12,1.0,0.0,0.714439163864681,0.714439163864681,,,,1.0
12,hexane_gsolv_eV,13,1.0,0.0,0.714439163864681,0.714439163864681,,,,1.0
12,hexane_gsolv_eV,14,1.0,0.0,0.714439163864681,0.714439163864681,,,,1.0
12,hexane_gsolv_eV,15,1.0,0.0,0.714439163864681,0.714439163864681,,,,1.0
12,hexane_gsolv_eV,16,1.0,0.0,0.714439163864681,0.714439163864681,,,,1.0
12,hexane_gsolv_eV,17,1.0,0.0,0.714439163864681,0.714439163864681,,,,1.0
12,hexane_gsolv_eV,18,1.0,0.0,0.714439163864681,0.714439163864681,,,,1.0
12,hexane_gsolv_eV,19,1.0,0.0,0.714439163864681,0.714439163864681,,,,1.0
12,hexane_gsolv_eV,20,1.0,0.0,0.714439163864681,0.714439163864681,,,,1.0
12,hexane_gsolv_eV,21,1.0,0.0,0.714439163864681,0.714439163864681,,,,1.0
12,hexane_gsolv_eV,22,1.0,0.0,0.714439163864681,0.714439163864681,,,,1.0
12,hexane_gsolv_eV,23,1.0,0.0,0.714439163864681,0.714439163864681,,,,1.0
12,hexane_gsolv_eV,24,1.0,0.0,0.714439163864681,0.714439163864681,,,,1.0
12,hexane_gsolv_eV,25,1.0,0.0,0.714439163864681,0.714439163864681,,,,1.0
12,hexane_gsolv_eV,26,1.0,0.0,0.714439163864681,0.714439163864681,,,,1.0
12,hexane_gsolv_eV,27,1.0,0.0,0.714439163864681,0.714439163864681,,,,1.0
12,hexane_gsolv_eV,28,1.0,0.0,0.714439163864681,0.714439163864681,,,,1.0
12,hexane_gsolv_eV,29,1.0,0.0,0.714439163864681,0.714439163864681,,,,1.0
12,hexane_gsolv_eV,30,1.0,0.0,0.714439163864681,0.714439163864681,,,,1.0
12,hexane_gsolv_eV,31,1.0,0.0,0.714439163864681,0.714439163864681,,,,1.0
12,hexane_gsolv_eV,32,1.0,0.0,0.714439163864681,0.714439163864681,,,,1.0
12,hexane_gsolv_eV,33,1.0,0.0,0.714439163864681,0.714439163864681,,,,1.0
12,hexane_gsolv_eV,34,1.0,0.0,0.714439163864681,0.714439163864681,,,,1.0
12,hexane_gsolv_eV,35,1.0,0.0,0.714439163864681,0.714439163864681,,,,1.0
12,hexane_gsolv_eV,36,1.0,0.0,0.714439163864681,0.714439163864681,,,,1.0
12,hexane_gsolv_eV,37,1.0,0.0,0.714439163864681,0.714439163864681,,,,1.0
12,hexane_gsolv_eV,38,1.0,0.0,0.714439163864681,0.714439163864681,,,,1.0
12,hexane_gsolv_eV,39,1.0,0.0,0.714439163864681,0.714439163864681,,,,1.0
12,hexane_gsolv_eV,40,1.0,0.0,0.714439163864681,0.714439163864681,,,,1.0
12,hexane_gsolv_eV,41,1.0,0.0,0.714439163864681,0.714439163864681,,,,1.0
12,hexane_gsolv_eV,42,1.0,0.0,0.714439163864681,0.714439163864681,,,,1.0
12,hexane_gsolv_eV,43,1.0,0.0,0.714439163864681,0.714439163864681,,,,1.0
12,hexane_gsolv_eV,44,1.0,0.0,0.714439163864681,0.714439163864681,,,,1.0
12,hexane_gsolv_eV,45,1.0,0.0,0.714439163864681,0.714439163864681,,,,1.0
12,hexane_gsolv_eV,46,1.0,0.0,0.714439163864681,0.714439163864681,,,,1.0
12,hexane_gsolv_eV,47,1.0,0.0,0.714439163864681,0.714439163864681,,,,1.0
12,hexane_gsolv_eV,48,1.0,0.0,0.714439163864681,0.714439163864681,,,,1.0
12,hexane_gsolv_eV,49,1.0,0.0,0.714439163864681,0.714439163864681,,,,1.0
12,hexane_gsolv_eV,50,1.0,0.0,0.714439163864681,0.714439163864681,,,,1.0
12,hexane_gsolv_eV,51,1.0,0.0,0.714439163864681,0.714439163864681,,,,1.0
12,hexane_gsolv_eV,52,1.0,0.0,0.714439163864681,0.714439163864681,,,,1.0
12,hexane_gsolv_eV,53,1.0,0.0,0.714439163864681,0.714439163864681,,,,1.0
12,hexane_gsolv_eV,54,1.0,0.0,0.714439163864681,0.714439163864681,,,,1.0
12,hexane_gsolv_eV,55,1.0,0.0,0.714439163864681,0.714439163864681,,,,1.0
12,hexane_gsolv_eV,56,1.0,0.0,0.714439163864681,0.714439163864681,,,,1.0
12,hexane_gsolv_eV,57,1.0,0.0,0.714439163864681,0.714439163864681,,,,1.0
12,hexane_gsolv_eV,58,1.0,0.0,0.714439163864681,0.714439163864681,,,,1.0
12,hexane_gsolv_eV,59,1.0,0.0,0.714439163864681,0.714439163864681,,,,1.0
12,hexane_gsolv_eV,60,1.0,0.0,0.714439163864681,0.714439163864681,,,,1.0
12,hexane_gsolv_eV,61,1.0,0.0,0.714439163864681,0.714439163864681,,,,1.0
12,hexane_gsolv_eV,62,1.0,0.0,0.714439163864681,0.714439163864681,,,,1.0
12,hexane_gsolv_eV,63,1.0,0.0,0.714439163864681,0.714439163864681,,,,1.0
12,hexane_gsolv_eV,64,1.0,0.0,0.714439163864681,0.714439163864681,,,,1.0
12,hexane_gsolv_eV,65,1.0,0.0,0.714439163864681,0.714439163864681,,,,1.0
12,hexane_gsolv_eV,66,1.0,0.0,0.714439163864681,0.714439163864681,,,,1.0
12,hexane_gsolv_eV,67,1.0,0.0,0.714439163864681,0.714439163864681,,,,1.0
12,hexane_gsolv_eV,68,1.0,0.0,0.714439163864681,0.714439163864681,,,,1.0
12,hexane_gsolv_eV,69,1.0,0.0,0.714439163864681,0.714439163864681,,,,1.0
12,hexane_gsolv_eV,70,1.0,0.0,0.714439163864681,0.714439163864681,,,,1.0
12,hexane_gsolv_eV,71,1.0,0.0,0.714439163864681,0.714439163864681,,,,1.0
12,hexane_gsolv_eV,72,1.0,0.0,0.714439163864681,0.714439163864681,,,,1.0
12,hexane_gsolv_eV,73,1.0,0.0,0.714439163864681,0.714439163864681,,,,1.0
12,hexane_gsolv_eV,74,1.0,0.0,0.714439163864681,0.714439163864681,,,,1.0
12,hexane_gsolv_eV,75,1.0,0.0,0.714439163864681,0.714439163864681,,,,1.0
12,hexane_gsolv_eV,76,1.0,0.0,0.714439163864681,0.714439163864681,,,,1.0
12,hexane_gsolv_eV,77,1.0,0.0,0.714439163864681,0.714439163864681,,,,1.0
12,hexane_gsolv_eV,78,1.0,0.0,0.714439163864681,0.714439163864681,,,,1.0
12,hexane_gsolv_eV,79,1.0,0.0,0.714439163864681,0.714439163864681,,,,1.0
12,hexane_gsolv_eV,80,1.0,0.0,0.714439163864681,0.714439163864681,,,,1.0
12,hexane_gsolv_eV,81,1.0,0.0,0.714439163864681,0.714439163864681,,,,1.0
12,hexane_gsolv_eV,82,1.0,0.0,0.714439163864681,0.714439163864681,,,,1.0
12,hexane_gsolv_eV,83,1.0,0.0,0.714439163864681,0.714439163864681,,,,1.0
12,hexane_gsolv_eV,84,1.0,0.0,0.714439163864681,0.714439163864681,,,,1.0
12,hexane_gsolv_eV,85,1.0,0.0,0.714439163864681,0.714439163864681,,,,1.0
12,hexane_gsolv_eV,86,1.0,0.0,0.714439163864681,0.714439163864681,,,,1.0
12,hexane_gsolv_eV,87,1.0,0.0,0.714439163864681,0.714439163864681,,,,1.0
12,hexane_gsolv_eV,88,1.0,0.0,0.714439163864681,0.714439163864681,,,,1.0
12,hexane_gsolv_eV,89,1.0,0.0,0.714439163864681,0.714439163864681,,,,1.0
12,hexane_gsolv_eV,90,1.0,0.0,0.714439163864681,0.714439163864681,,,,1.0
12,hexane_gsolv_eV,91,1.0,0.0,0.714439163864681,0.714439163864681,,,,1.0
12,hexane_gsolv_eV,92,1.0,0.0,0.714439163864681,0.714439163864681,,,,1.0
12,hexane_gsolv_eV,93,1.0,0.0,0.714439163864681,0.714439163864681,,,,1.0
12,hexane_gsolv_eV,94,1.0,0.0,0.714439163864681,0.714439163864681,,,,1.0
12,hexane_gsolv_eV,95,1.0,0.0,0.714439163864681,0.714439163864681,,,,1.0
12,hexane_gsolv_eV,96,1.0,0.0,0.714439163864681,0.714439163864681,,,,1.0
12,hexane_gsolv_eV,97,1.0,0.0,0.714439163864681,0.714439163864681,,,,1.0
12,hexane_gsolv_eV,98,1.0,0.0,0.714439163864681,0.714439163864681,,,,1.0
12,hexane_gsolv_eV,99,1.0,0.0,0.714439163864681,0.714439163864681,,,,1.0
12,hexane_gsolv_eV,100,1.0,0.0,0.714439163864681,0.714439163864681,,,,1.0
12,hexane_gsolv_eV,101,1.0,0.0,0.714439163864681,0.714439163864681,,,,1.0
12,hexane_gsolv_eV,102,1.0,0.0,0.714439163864681,0.714439163864681,,,,1.0
12,hexane_gsolv_eV,103,1.0,0.0,0.714439163864681,0.714439163864681,,,,1.0
12,hexane_gsolv_eV,104,1.0,0.0,0.714439163864681,0.714439163864681,,,,1.0
12,hexane_gsolv_eV,105,1.0,0.0,0.714439163864681,0.714439163864681,,,,1.0
12,hexane_gsolv_eV,106,1.0,0.0,0.714439163864681,0.714439163864681,,,,1.0
12,hexane_gsolv_eV,107,1.0,0.0,0.714439163864681,0.714439163864681,,,,1.0
12,hexane_gsolv_eV,108,1.0,0.0,0.714439163864681,0.714439163864681,,,,1.0
12,hexane_gsolv_eV,109,1.0,0.0,0.714439163864681,0.714439163864681,,,,1.0
12,hexane_gsolv_eV,110,1.0,0.0,0.714439163864681,0.714439163864681,,,,1.0
12,hexane_gsolv_eV,111,1.0,0.0,0.714439163864681,0.714439163864681,,,,1.0
12,hexane_gsolv_eV,112,1.0,0.0,0.714439163864681,0.714439163864681,,,,1.0
12,hexane_gsolv_eV,113,1.0,0.0,0.714439163864681,0.714439163864681,,,,1.0
12,hexane_gsolv_eV,114,1.0,0.0,0.714439163864681,0.714439163864681,,,,1.0
12,hexane_gsolv_eV,115,1.0,0.0,0.714439163864681,0.714439163864681,,,,1.0
12,hexane_gsolv_eV,116,1.0,0.0,0.714439163864681,0.714439163864681,,,,1.0
12,hexane_gsolv_eV,117,1.0,0.0,0.714439163864681,0.714439163864681,,,,1.0
12,hexane_gsolv_eV,118,1.0,0.0,0.714439163864681,0.714439163864681,,,,1.0
12,hexane_gsolv_eV,119,1.0,0.0,0.714439163864681,0.714439163864681,,,,1.0
12,hexane_gsolv_eV,120,1.0,0.0,0.714439163864681,0.714439163864681,,,,1.0
12,hexane_gsolv_eV,121,1.0,0.0,0.714439163864681,0.714439163864681,,,,1.0
12,hexane_gsolv_eV,122,1.0,0.0,0.714439163864681,0.714439163864681,,,,1.0
12,hexane_gsolv_eV,123,1.0,0.0,0.714439163864681,0.714439163864681,,,,1.0
12,hexane_gsolv_eV,124,1.0,0.0,0.714439163864681,0.714439163864681,,,,1.0
12,hexane_gsolv_eV,125,1.0,0.0,0.714439163864681,0.714439163864681,,,,1.0
12,hexane_gsolv_eV,126,1.0,0.0,0.714439163864681,0.714439163864681,,,,1.0
12,hexane_gsolv_eV,127,1.0,0.0,0.714439163864681,0.714439163864681,,,,1.0
12,hexane_gsolv_eV,128,1.0,0.0,0.714439163864681,0.714439163864681,,,,1.0
12,hexane_gsolv_eV,129,1.0,0.0,0.714439163864681,0.714439163864681,,,,1.0
12,hexane_gsolv_eV,130,1.0,0.0,0.714439163864681,0.714439163864681,,,,1.0
12,hexane_gsolv_eV,131,1.0,0.0,0.714439163864681,0.714439163864681,,,,1.0
12,hexane_gsolv_eV,132,1.0,0.0,0.714439163864681,0.714439163864681,,,,1.0
12,hexane_gsolv_eV,133,1.0,0.0,0.714439163864681,0.714439163864681,,,,1.0
12,hexane_gsolv_eV,134,1.0,0.0,0.714439163864681,0.714439163864681,,,,1.0
12,hexane_gsolv_eV,135,1.0,0.0,0.714439163864681,0.714439163864681,,,,1.0
12,hexane_gsolv_eV,136,1.0,0.0,0.714439163864681,0.714439163864681,,,,1.0
12,hexane_gsolv_eV,137,1.0,0.0,0.714439163864681,0.714439163864681,,,,1.0
12,hexane_gsolv_eV,138,1.0,0.0,0.714439163864681,0.714439163864681,,,,1.0
12,hexane_gsolv_eV,139,1.0,0.0,0.714439163864681,0.714439163864681,,,,1.0
12,hexane_gsolv_eV,140,1.0,0.0,0.714439163864681,0.714439163864681,,,,1.0
12,hexane_gsolv_eV,141,1.0,0.0,0.714439163864681,0.714439163864681,,,,1.0
12,hexane_gsolv_eV,142,1.0,0.0,0.714439163864681,0.714439163864681,,,,1.0
12,hexane_gsolv_eV,143,1.0,0.0,0.714439163864681,0.714439163864681,,,,1.0
12,hexane_gsolv_eV,144,1.0,0.0,0.714439163864681,0.714439163864681,,,,1.0
12,hexane_gsolv_eV,145,1.0,0.0,0.714439163864681,0.714439163864681,,,,1.0
12,hexane_gsolv_eV,146,1.0,0.0,0.714439163864681,0.714439163864681,,,,1.0
12,hexane_gsolv_eV,147,1.0,0.0,0.714439163864681,0.714439163864681,,,,1.0
12,hexane_gsolv_eV,148,1.0,0.0,0.714439163864681,0.714439163864681,,,,1.0
12,hexane_gsolv_eV,149,1.0,0.0,0.714439163864681,0.714439163864681,,,,1.0
12,hexane_gsolv_eV,150,1.0,0.0,0.714439163864681,0.714439163864681,,,,1.0
12,hexane_gsolv_eV,151,1.0,0.0,0.714439163864681,0.714439163864681,,,,1.0
12,hexane_gsolv_eV,152,1.0,0.0,0.714439163864681,0.714439163864681,,,,1.0
12,hexane_gsolv_eV,153,1.0,0.0,0.714439163864681,0.714439163864681,,,,1.0
12,hexane_gsolv_eV,154,1.0,0.0,0.714439163864681,0.714439163864681,,,,1.0
12,hexane_gsolv_eV,155,1.0,0.0,0.714439163864681,0.714439163864681,,,,1.0
12,hexane_gsolv_eV,156,1.0,0.0,0.714439163864681,0.714439163864681,,,,1.0
12,hexane_gsolv_eV,157,1.0,0.0,0.714439163864681,0.714439163864681,,,,1.0
12,hexane_gsolv_eV,158,1.0,0.0,0.714439163864681,0.714439163864681,,,,1.0
12,hexane_gsolv_eV,159,1.0,0.0,0.714439163864681,0.714439163864681,,,,1.0
12,hexane_gsolv_eV,160,1.0,0.0,0.714439163864681,0.714439163864681,,,,1.0
12,hexane_gsolv_eV,161,1.0,0.0,0.714439163864681,0.714439163864681,,,,1.0
12,hexane_gsolv_eV,162,1.0,0.0,0.714439163864681,0.714439163864681,,,,1.0
12,hexane_gsolv_eV,163,1.0,0.0,0.714439163864681,0.714439163864681,,,,1.0
12,hexane_gsolv_eV,164,1.0,0.0,0.714439163864681,0.714439163864681,,,,1.0
12,hexane_gsolv_eV,165,1.0,0.0,0.714439163864681,0.714439163864681,,,,1.0
12,hexane_gsolv_eV,166,1.0,0.0,0.714439163864681,0.714439163864681,,,,1.0
12,hexane_gsolv_eV,167,1.0,0.0,0.714439163864681,0.714439163864681,,,,1.0
12,hexane_gsolv_eV,168,1.0,0.0,0.714439163864681,0.714439163864681,,,,1.0
12,hexane_gsolv_eV,169,1.0,0.0,0.714439163864681,0.714439163864681,,,,1.0
12,hexane_gsolv_eV,170,1.0,0.0,0.714439163864681,0.714439163864681,,,,1.0
12,hexane_gsolv_eV,171,1.0,0.0,0.714439163864681,0.714439163864681,,,,1.0
12,hexane_gsolv_eV,172,1.0,0.0,0.714439163864681,0.714439163864681,,,,1.0
12,hexane_gsolv_eV,173,1.0,0.0,0.714439163864681,0.714439163864681,,,,1.0
12,hexane_gsolv_eV,174,1.0,0.0,0.714439163864681,0.714439163864681,,,,1.0
12,hexane_gsolv_eV,175,1.0,0.0,0.714439163864681,0.714439163864681,,,,1.0
12,hexane_gsolv_eV,176,1.0,0.0,0.714439163864681,0.714439163864681,,,,1.0
12,hexane_gsolv_eV,177,1.0,0.0,0.714439163864681,0.714439163864681,,,,1.0
12,hexane_gsolv_eV,178,1.0,0.0,0.714439163864681,0.714439163864681,,,,1.0
12,hexane_gsolv_eV,179,1.0,0.0,0.714439163864681,0.714439163864681,,,,1.0
12,hexane_gsolv_eV,180,1.0,0.0,0.714439163864681,0.714439163864681,,,,1.0
12,hexane_gsolv_eV,181,1.0,0.0,0.714439163864681,0.714439163864681,,,,1.0
12,hexane_gsolv_eV,182,1.0,0.0,0.714439163864681,0.714439163864681,,,,1.0
12,hexane_gsolv_eV,183,1.0,0.0,0.714439163864681,0.714439163864681,,,,1.0
12,hexane_gsolv_eV,184,1.0,0.0,0.714439163864681,0.714439163864681,,,,1.0
12,hexane_gsolv_eV,185,1.0,0.0,0.714439163864681,0.714439163864681,,,,1.0
12,hexane_gsolv_eV,186,1.0,0.0,0.714439163864681,0.714439163864681,,,,1.0
12,hexane_gsolv_eV,187,1.0,0.0,0.714439163864681,0.714439163864681,,,,1.0
12,hexane_gsolv_eV,188,1.0,0.0,0.714439163864681,0.714439163864681,,,,1.0
12,hexane_gsolv_eV,189,1.0,0.0,0.714439163864681,0.714439163864681,,,,1.0
12,hexane_gsolv_eV,190,1.0,0.0,0.714439163864681,0.714439163864681,,,,1.0
12,hexane_gsolv_eV,191,1.0,0.0,0.714439163864681,0.714439163864681,,,,1.0
12,hexane_gsolv_eV,192,1.0,0.0,0.714439163864681,0.714439163864681,,,,1.0
12,hexane_gsolv_eV,193,1.0,0.0,0.714439163864681,0.714439163864681,,,,1.0
12,hexane_gsolv_eV,194,1.0,0.0,0.714439163864681,0.714439163864681,,,,1.0
12,hexane_gsolv_eV,195,1.0,0.0,0.714439163864681,0.714439163864681,,,,1.0
12,hexane_gsolv_eV,196,1.0,0.0,0.714439163864681,0.714439163864681,,,,1.0
12,hexane_gsolv_eV,197,1.0,0.0,0.714439163864681,0.714439163864681,,,,1.0
12,hexane_gsolv_eV,198,1.0,0.0,0.714439163864681,0.714439163864681,,,,1.0
12,hexane_gsolv_eV,199,1.0,0.0,0.714439163864681,0.714439163864681,,,,1.0
12,hexane_gsolv_eV,200,1.0,0.0,0.714439163864681,0.714439163864681,,,,1.0
12,hexane_gsolv_eV,201,1.0,0.0,0.714439163864681,0.714439163864681,,,,1.0
12,hexane_gsolv_eV,202,1.0,0.0,0.714439163864681,0.714439163864681,,,,1.0
12,hexane_gsolv_eV,203,1.0,0.0,0.714439163864681,0.714439163864681,,,,1.0
12,hexane_gsolv_eV,204,1.0,0.0,0.714439163864681,0.714439163864681,,,,1.0
12,hexane_gsolv_eV,205,1.0,0.0,0.714439163864681,0.714439163864681,,,,1.0
12,hexane_gsolv_eV,206,1.0,0.0,0.714439163864681,0.714439163864681,,,,1.0
12,hexane_gsolv_eV,207,1.0,0.0,0.714439163864681,0.714439163864681,,,,1.0
12,hexane_gsolv_eV,208,1.0,0.0,0.714439163864681,0.714439163864681,,,,1.0
12,hexane_gsolv_eV,209,1.0,0.0,0.714439163864681,0.714439163864681,,,,1.0
12,hexane_gsolv_eV,210,1.0,0.0,0.714439163864681,0.714439163864681,,,,1.0
12,hexane_gsolv_eV,211,1.0,0.0,0.714439163864681,0.714439163864681,,,,1.0
12,hexane_gsolv_eV,212,1.0,0.0,0.714439163864681,0.714439163864681,,,,1.0
12,hexane_gsolv_eV,213,1.0,0.0,0.714439163864681,0.714439163864681,,,,1.0
12,hexane_gsolv_eV,214,1.0,0.0,0.714439163864681,0.714439163864681,,,,1.0
12,hexane_gsolv_eV,215,1.0,0.0,0.714439163864681,0.714439163864681,,,,1.0
12,hexane_gsolv_eV,216,1.0,0.0,0.714439163864681,0.714439163864681,,,,1.0
12,hexane_gsolv_eV,217,1.0,0.0,0.714439163864681,0.714439163864681,,,,1.0
12,hexane_gsolv_eV,218,1.0,0.0,0.714439163864681,0.714439163864681,,,,1.0
12,hexane_gsolv_eV,219,1.0,0.0,0.714439163864681,0.714439163864681,,,,1.0
12,hexane_gsolv_eV,220,1.0,0.0,0.714439163864681,0.714439163864681,,,,1.0
12,hexane_gsolv_eV,221,1.0,0.0,0.714439163864681,0.714439163864681,,,,1.0
12,hexane_gsolv_eV,222,1.0,0.0,0.714439163864681,0.714439163864681,,,,1.0
12,hexane_gsolv_eV,223,1.0,0.0,0.714439163864681,0.714439163864681,,,,1.0
12,hexane_gsolv_eV,224,1.0,0.0,0.714439163864681,0.714439163864681,,,,1.0
12,hexane_gsolv_eV,225,1.0,0.0,0.714439163864681,0.714439163864681,,,,1.0
12,hexane_gsolv_eV,226,1.0,0.0,0.714439163864681,0.714439163864681,,,,1.0
12,hexane_gsolv_eV,227,1.0,0.0,0.714439163864681,0.714439163864681,,,,1.0
12,hexane_gsolv_eV,228,1.0,0.0,0.714439163864681,0.714439163864681,,,,1.0
12,hexane_gsolv_eV,229,1.0,0.0,0.714439163864681,0.714439163864681,,,,1.0
12,hexane_gsolv_eV,230,1.0,0.0,0.714439163864681,0.714439163864681,,,,1.0
12,hexane_gsolv_eV,231,1.0,0.0,0.714439163864681,0.714439163864681,,,,1.0
12,hexane_gsolv_eV,232,1.0,0.0,0.714439163864681,0.714439163864681,,,,1.0
12,hexane_gsolv_eV,233,1.0,0.0,0.714439163864681,0.714439163864681,,,,1.0
12,hexane_gsolv_eV,234,1.0,0.0,0.714439163864681,0.714439163864681,,,,1.0
12,hexane_gsolv_eV,235,1.0,0.0,0.714439163864681,0.714439163864681,,,,1.0
12,hexane_gsolv_eV,236,1.0,0.0,0.714439163864681,0.714439163864681,,,,1.0
12,hexane_gsolv_eV,237,1.0,0.0,0.714439163864681,0.714439163864681,,,,1.0
12,hexane_gsolv_eV,238,1.0,0.0,0.714439163864681,0.714439163864681,,,,1.0
12,hexane_gsolv_eV,239,1.0,0.0,0.714439163864681,0.714439163864681,,,,1.0
12,hexane_gsolv_eV,240,1.0,0.0,0.714439163864681,0.714439163864681,,,,1.0
12,hexane_gsolv_eV,241,1.0,0.0,0.714439163864681,0.714439163864681,,,,1.0
12,hexane_gsolv_eV,242,1.0,0.0,0.714439163864681,0.714439163864681,,,,1.0
12,hexane_gsolv_eV,243,1.0,0.0,0.714439163864681,0.714439163864681,,,,1.0
12,hexane_gsolv_eV,244,1.0,0.0,0.714439163864681,0.714439163864681,,,,1.0
12,hexane_gsolv_eV,245,1.0,0.0,0.714439163864681,0.714439163864681,,,,1.0
12,hexane_gsolv_eV,246,1.0,0.0,0.714439163864681,0.714439163864681,,,,1.0
12,hexane_gsolv_eV,247,1.0,0.0,0.714439163864681,0.714439163864681,,,,1.0
12,hexane_gsolv_eV,248,1.0,0.0,0.714439163864681,0.714439163864681,,,,1.0
12,hexane_gsolv_eV,249,1.0,0.0,0.714439163864681,0.714439163864681,,,,1.0
12,hexane_hl_gap_eV,0,1.0,0.0,0.6961879654226715,0.6961879654226715,,,,1.0
12,hexane_hl_gap_eV,1,1.0,0.0,0.6961879654226715,0.6961879654226715,,,,1.0
12,hexane_hl_gap_eV,2,1.0,0.0,0.6961879654226715,0.6961879654226715,,,,1.0
12,hexane_hl_gap_eV,3,1.0,0.0,0.6961879654226715,0.6961879654226715,,,,1.0
12,hexane_hl_gap_eV,4,1.0,0.0,0.6961879654226715,0.6961879654226715,,,,1.0
12,hexane_hl_gap_eV,5,1.0,0.0,0.6961879654226715,0.6961879654226715,,,,1.0
12,hexane_hl_gap_eV,6,1.0,0.0,0.6961879654226715,0.6961879654226715,,,,1.0
12,hexane_hl_gap_eV,7,1.0,0.0,0.6961879654226715,0.6961879654226715,,,,1.0
12,hexane_hl_gap_eV,8,1.0,0.0,0.6961879654226715,0.6961879654226715,,,,1.0
12,hexane_hl_gap_eV,9,1.0,0.0,0.6961879654226715,0.6961879654226715,,,,1.0
12,hexane_hl_gap_eV,10,1.0,0.0,0.6961879654226715,0.6961879654226715,,,,1.0
12,hexane_hl_gap_eV,11,1.0,0.0,0.6961879654226715,0.6961879654226715,,,,1.0
12,hexane_hl_gap_eV,12,1.0,0.0,0.6961879654226715,0.6961879654226715,,,,1.0
12,hexane_hl_gap_eV,13,1.0,0.0,0.6961879654226715,0.6961879654226715,,,,1.0
12,hexane_hl_gap_eV,14,1.0,0.0,0.6961879654226715,0.6961879654226715,,,,1.0
12,hexane_hl_gap_eV,15,1.0,0.0,0.6961879654226715,0.6961879654226715,,,,1.0
12,hexane_hl_gap_eV,16,1.0,0.0,0.6961879654226715,0.6961879654226715,,,,1.0
12,hexane_hl_gap_eV,17,1.0,0.0,0.6961879654226715,0.6961879654226715,,,,1.0
12,hexane_hl_gap_eV,18,1.0,0.0,0.6961879654226715,0.6961879654226715,,,,1.0
12,hexane_hl_gap_eV,19,1.0,0.0,0.6961879654226715,0.6961879654226715,,,,1.0
12,hexane_hl_gap_eV,20,1.0,0.0,0.6961879654226715,0.6961879654226715,,,,1.0
12,hexane_hl_gap_eV,21,1.0,0.0,0.6961879654226715,0.6961879654226715,,,,1.0
12,hexane_hl_gap_eV,22,1.0,0.0,0.6961879654226715,0.6961879654226715,,,,1.0
12,hexane_hl_gap_eV,23,1.0,0.0,0.6961879654226715,0.6961879654226715,,,,1.0
12,hexane_hl_gap_eV,24,1.0,0.0,0.6961879654226715,0.6961879654226715,,,,1.0
12,hexane_hl_gap_eV,25,1.0,0.0,0.6961879654226715,0.6961879654226715,,,,1.0
12,hexane_hl_gap_eV,26,1.0,0.0,0.6961879654226715,0.6961879654226715,,,,1.0
12,hexane_hl_gap_eV,27,1.0,0.0,0.6961879654226715,0.6961879654226715,,,,1.0
12,hexane_hl_gap_eV,28,1.0,0.0,0.6961879654226715,0.6961879654226715,,,,1.0
12,hexane_hl_gap_eV,29,1.0,0.0,0.6961879654226715,0.6961879654226715,,,,1.0
12,hexane_hl_gap_eV,30,1.0,0.0,0.6961879654226715,0.6961879654226715,,,,1.0
12,hexane_hl_gap_eV,31,1.0,0.0,0.6961879654226715,0.6961879654226715,,,,1.0
12,hexane_hl_gap_eV,32,1.0,0.0,0.6961879654226715,0.6961879654226715,,,,1.0
12,hexane_hl_gap_eV,33,1.0,0.0,0.6961879654226715,0.6961879654226715,,,,1.0
12,hexane_hl_gap_eV,34,1.0,0.0,0.6961879654226715,0.6961879654226715,,,,1.0
12,hexane_hl_gap_eV,35,1.0,0.0,0.6961879654226715,0.6961879654226715,,,,1.0
12,hexane_hl_gap_eV,36,1.0,0.0,0.6961879654226715,0.6961879654226715,,,,1.0
12,hexane_hl_gap_eV,37,1.0,0.0,0.6961879654226715,0.6961879654226715,,,,1.0
12,hexane_hl_gap_eV,38,1.0,0.0,0.6961879654226715,0.6961879654226715,,,,1.0
12,hexane_hl_gap_eV,39,1.0,0.0,0.6961879654226715,0.6961879654226715,,,,1.0
12,hexane_hl_gap_eV,40,1.0,0.0,0.6961879654226715,0.6961879654226715,,,,1.0
12,hexane_hl_gap_eV,41,1.0,0.0,0.6961879654226715,0.6961879654226715,,,,1.0
12,hexane_hl_gap_eV,42,1.0,0.0,0.6961879654226715,0.6961879654226715,,,,1.0
12,hexane_hl_gap_eV,43,1.0,0.0,0.6961879654226715,0.6961879654226715,,,,1.0
12,hexane_hl_gap_eV,44,1.0,0.0,0.6961879654226715,0.6961879654226715,,,,1.0
12,hexane_hl_gap_eV,45,1.0,0.0,0.6961879654226715,0.6961879654226715,,,,1.0
12,hexane_hl_gap_eV,46,1.0,0.0,0.6961879654226715,0.6961879654226715,,,,1.0
12,hexane_hl_gap_eV,47,1.0,0.0,0.6961879654226715,0.6961879654226715,,,,1.0
12,hexane_hl_gap_eV,48,1.0,0.0,0.6961879654226715,0.6961879654226715,,,,1.0
12,hexane_hl_gap_eV,49,1.0,0.0,0.6961879654226715,0.6961879654226715,,,,1.0
12,hexane_hl_gap_eV,50,1.0,0.0,0.6961879654226715,0.6961879654226715,,,,1.0
12,hexane_hl_gap_eV,51,1.0,0.0,0.6961879654226715,0.6961879654226715,,,,1.0
12,hexane_hl_gap_eV,52,1.0,0.0,0.6961879654226715,0.6961879654226715,,,,1.0
12,hexane_hl_gap_eV,53,1.0,0.0,0.6961879654226715,0.6961879654226715,,,,1.0
12,hexane_hl_gap_eV,54,1.0,0.0,0.6961879654226715,0.6961879654226715,,,,1.0
12,hexane_hl_gap_eV,55,1.0,0.0,0.6961879654226715,0.6961879654226715,,,,1.0
12,hexane_hl_gap_eV,56,1.0,0.0,0.6961879654226715,0.6961879654226715,,,,1.0
12,hexane_hl_gap_eV,57,1.0,0.0,0.6961879654226715,0.6961879654226715,,,,1.0
12,hexane_hl_gap_eV,58,1.0,0.0,0.6961879654226715,0.6961879654226715,,,,1.0
12,hexane_hl_gap_eV,59,1.0,0.0,0.6961879654226715,0.6961879654226715,,,,1.0
12,hexane_hl_gap_eV,60,1.0,0.0,0.6961879654226715,0.6961879654226715,,,,1.0
12,hexane_hl_gap_eV,61,1.0,0.0,0.6961879654226715,0.6961879654226715,,,,1.0
12,hexane_hl_gap_eV,62,1.0,0.0,0.6961879654226715,0.6961879654226715,,,,1.0
12,hexane_hl_gap_eV,63,1.0,0.0,0.6961879654226715,0.6961879654226715,,,,1.0
12,hexane_hl_gap_eV,64,1.0,0.0,0.6961879654226715,0.6961879654226715,,,,1.0
12,hexane_hl_gap_eV,65,1.0,0.0,0.6961879654226715,0.6961879654226715,,,,1.0
12,hexane_hl_gap_eV,66,1.0,0.0,0.6961879654226715,0.6961879654226715,,,,1.0
12,hexane_hl_gap_eV,67,1.0,0.0,0.6961879654226715,0.6961879654226715,,,,1.0
12,hexane_hl_gap_eV,68,1.0,0.0,0.6961879654226715,0.6961879654226715,,,,1.0
12,hexane_hl_gap_eV,69,1.0,0.0,0.6961879654226715,0.6961879654226715,,,,1.0
12,hexane_hl_gap_eV,70,1.0,0.0,0.6961879654226715,0.6961879654226715,,,,1.0
12,hexane_hl_gap_eV,71,1.0,0.0,0.6961879654226715,0.6961879654226715,,,,1.0
12,hexane_hl_gap_eV,72,1.0,0.0,0.6961879654226715,0.6961879654226715,,,,1.0
12,hexane_hl_gap_eV,73,1.0,0.0,0.6961879654226715,0.6961879654226715,,,,1.0
12,hexane_hl_gap_eV,74,1.0,0.0,0.6961879654226715,0.6961879654226715,,,,1.0
12,hexane_hl_gap_eV,75,1.0,0.0,0.6961879654226715,0.6961879654226715,,,,1.0
12,hexane_hl_gap_eV,76,1.0,0.0,0.6961879654226715,0.6961879654226715,,,,1.0
12,hexane_hl_gap_eV,77,1.0,0.0,0.6961879654226715,0.6961879654226715,,,,1.0
12,hexane_hl_gap_eV,78,1.0,0.0,0.6961879654226715,0.6961879654226715,,,,1.0
12,hexane_hl_gap_eV,79,1.0,0.0,0.6961879654226715,0.6961879654226715,,,,1.0
12,hexane_hl_gap_eV,80,1.0,0.0,0.6961879654226715,0.6961879654226715,,,,1.0
12,hexane_hl_gap_eV,81,1.0,0.0,0.6961879654226715,0.6961879654226715,,,,1.0
12,hexane_hl_gap_eV,82,1.0,0.0,0.6961879654226715,0.6961879654226715,,,,1.0
12,hexane_hl_gap_eV,83,1.0,0.0,0.6961879654226715,0.6961879654226715,,,,1.0
12,hexane_hl_gap_eV,84,1.0,0.0,0.6961879654226715,0.6961879654226715,,,,1.0
12,hexane_hl_gap_eV,85,1.0,0.0,0.6961879654226715,0.6961879654226715,,,,1.0
12,hexane_hl_gap_eV,86,1.0,0.0,0.6961879654226715,0.6961879654226715,,,,1.0
12,hexane_hl_gap_eV,87,1.0,0.0,0.6961879654226715,0.6961879654226715,,,,1.0
12,hexane_hl_gap_eV,88,1.0,0.0,0.6961879654226715,0.6961879654226715,,,,1.0
12,hexane_hl_gap_eV,89,1.0,0.0,0.6961879654226715,0.6961879654226715,,,,1.0
12,hexane_hl_gap_eV,90,1.0,0.0,0.6961879654226715,0.6961879654226715,,,,1.0
12,hexane_hl_gap_eV,91,1.0,0.0,0.6961879654226715,0.6961879654226715,,,,1.0
12,hexane_hl_gap_eV,92,1.0,0.0,0.6961879654226715,0.6961879654226715,,,,1.0
12,hexane_hl_gap_eV,93,1.0,0.0,0.6961879654226715,0.6961879654226715,,,,1.0
12,hexane_hl_gap_eV,94,1.0,0.0,0.6961879654226715,0.6961879654226715,,,,1.0
12,hexane_hl_gap_eV,95,1.0,0.0,0.6961879654226715,0.6961879654226715,,,,1.0
12,hexane_hl_gap_eV,96,1.0,0.0,0.6961879654226715,0.6961879654226715,,,,1.0
12,hexane_hl_gap_eV,97,1.0,0.0,0.6961879654226715,0.6961879654226715,,,,1.0
12,hexane_hl_gap_eV,98,1.0,0.0,0.6961879654226715,0.6961879654226715,,,,1.0
12,hexane_hl_gap_eV,99,1.0,0.0,0.6961879654226715,0.6961879654226715,,,,1.0
12,hexane_hl_gap_eV,100,1.0,0.0,0.6961879654226715,0.6961879654226715,,,,1.0
12,hexane_hl_gap_eV,101,1.0,0.0,0.6961879654226715,0.6961879654226715,,,,1.0
12,hexane_hl_gap_eV,102,1.0,0.0,0.6961879654226715,0.6961879654226715,,,,1.0
12,hexane_hl_gap_eV,103,1.0,0.0,0.6961879654226715,0.6961879654226715,,,,1.0
12,hexane_hl_gap_eV,104,1.0,0.0,0.6961879654226715,0.6961879654226715,,,,1.0
12,hexane_hl_gap_eV,105,1.0,0.0,0.6961879654226715,0.6961879654226715,,,,1.0
12,hexane_hl_gap_eV,106,1.0,0.0,0.6961879654226715,0.6961879654226715,,,,1.0
12,hexane_hl_gap_eV,107,1.0,0.0,0.6961879654226715,0.6961879654226715,,,,1.0
12,hexane_hl_gap_eV,108,1.0,0.0,0.6961879654226715,0.6961879654226715,,,,1.0
12,hexane_hl_gap_eV,109,1.0,0.0,0.6961879654226715,0.6961879654226715,,,,1.0
12,hexane_hl_gap_eV,110,1.0,0.0,0.6961879654226715,0.6961879654226715,,,,1.0
12,hexane_hl_gap_eV,111,1.0,0.0,0.6961879654226715,0.6961879654226715,,,,1.0
12,hexane_hl_gap_eV,112,1.0,0.0,0.6961879654226715,0.6961879654226715,,,,1.0
12,hexane_hl_gap_eV,113,1.0,0.0,0.6961879654226715,0.6961879654226715,,,,1.0
12,hexane_hl_gap_eV,114,1.0,0.0,0.6961879654226715,0.6961879654226715,,,,1.0
12,hexane_hl_gap_eV,115,1.0,0.0,0.6961879654226715,0.6961879654226715,,,,1.0
12,hexane_hl_gap_eV,116,1.0,0.0,0.6961879654226715,0.6961879654226715,,,,1.0
12,hexane_hl_gap_eV,117,1.0,0.0,0.6961879654226715,0.6961879654226715,,,,1.0
12,hexane_hl_gap_eV,118,1.0,0.0,0.6961879654226715,0.6961879654226715,,,,1.0
12,hexane_hl_gap_eV,119,1.0,0.0,0.6961879654226715,0.6961879654226715,,,,1.0
12,hexane_hl_gap_eV,120,1.0,0.0,0.6961879654226715,0.6961879654226715,,,,1.0
12,hexane_hl_gap_eV,121,1.0,0.0,0.6961879654226715,0.6961879654226715,,,,1.0
12,hexane_hl_gap_eV,122,1.0,0.0,0.6961879654226715,0.6961879654226715,,,,1.0
12,hexane_hl_gap_eV,123,1.0,0.0,0.6961879654226715,0.6961879654226715,,,,1.0
12,hexane_hl_gap_eV,124,1.0,0.0,0.6961879654226715,0.6961879654226715,,,,1.0
12,hexane_hl_gap_eV,125,1.0,0.0,0.6961879654226715,0.6961879654226715,,,,1.0
12,hexane_hl_gap_eV,126,1.0,0.0,0.6961879654226715,0.6961879654226715,,,,1.0
12,hexane_hl_gap_eV,127,1.0,0.0,0.6961879654226715,0.6961879654226715,,,,1.0
12,hexane_hl_gap_eV,128,1.0,0.0,0.6961879654226715,0.6961879654226715,,,,1.0
12,hexane_hl_gap_eV,129,1.0,0.0,0.6961879654226715,0.6961879654226715,,,,1.0
12,hexane_hl_gap_eV,130,1.0,0.0,0.6961879654226715,0.6961879654226715,,,,1.0
12,hexane_hl_gap_eV,131,1.0,0.0,0.6961879654226715,0.6961879654226715,,,,1.0
12,hexane_hl_gap_eV,132,1.0,0.0,0.6961879654226715,0.6961879654226715,,,,1.0
12,hexane_hl_gap_eV,133,1.0,0.0,0.6961879654226715,0.6961879654226715,,,,1.0
12,hexane_hl_gap_eV,134,1.0,0.0,0.6961879654226715,0.6961879654226715,,,,1.0
12,hexane_hl_gap_eV,135,1.0,0.0,0.6961879654226715,0.6961879654226715,,,,1.0
12,hexane_hl_gap_eV,136,1.0,0.0,0.6961879654226715,0.6961879654226715,,,,1.0
12,hexane_hl_gap_eV,137,1.0,0.0,0.6961879654226715,0.6961879654226715,,,,1.0
12,hexane_hl_gap_eV,138,1.0,0.0,0.6961879654226715,0.6961879654226715,,,,1.0
12,hexane_hl_gap_eV,139,1.0,0.0,0.6961879654226715,0.6961879654226715,,,,1.0
12,hexane_hl_gap_eV,140,1.0,0.0,0.6961879654226715,0.6961879654226715,,,,1.0
12,hexane_hl_gap_eV,141,1.0,0.0,0.6961879654226715,0.6961879654226715,,,,1.0
12,hexane_hl_gap_eV,142,1.0,0.0,0.6961879654226715,0.6961879654226715,,,,1.0
12,hexane_hl_gap_eV,143,1.0,0.0,0.6961879654226715,0.6961879654226715,,,,1.0
12,hexane_hl_gap_eV,144,1.0,0.0,0.6961879654226715,0.6961879654226715,,,,1.0
12,hexane_hl_gap_eV,145,1.0,0.0,0.6961879654226715,0.6961879654226715,,,,1.0
12,hexane_hl_gap_eV,146,1.0,0.0,0.6961879654226715,0.6961879654226715,,,,1.0
12,hexane_hl_gap_eV,147,1.0,0.0,0.6961879654226715,0.6961879654226715,,,,1.0
12,hexane_hl_gap_eV,148,1.0,0.0,0.6961879654226715,0.6961879654226715,,,,1.0
12,hexane_hl_gap_eV,149,1.0,0.0,0.6961879654226715,0.6961879654226715,,,,1.0
12,hexane_hl_gap_eV,150,1.0,0.0,0.6961879654226715,0.6961879654226715,,,,1.0
12,hexane_hl_gap_eV,151,1.0,0.0,0.6961879654226715,0.6961879654226715,,,,1.0
12,hexane_hl_gap_eV,152,1.0,0.0,0.6961879654226715,0.6961879654226715,,,,1.0
12,hexane_hl_gap_eV,153,1.0,0.0,0.6961879654226715,0.6961879654226715,,,,1.0
12,hexane_hl_gap_eV,154,1.0,0.0,0.6961879654226715,0.6961879654226715,,,,1.0
12,hexane_hl_gap_eV,155,1.0,0.0,0.6961879654226715,0.6961879654226715,,,,1.0
12,hexane_hl_gap_eV,156,1.0,0.0,0.6961879654226715,0.6961879654226715,,,,1.0
12,hexane_hl_gap_eV,157,1.0,0.0,0.6961879654226715,0.6961879654226715,,,,1.0
12,hexane_hl_gap_eV,158,1.0,0.0,0.6961879654226715,0.6961879654226715,,,,1.0
12,hexane_hl_gap_eV,159,1.0,0.0,0.6961879654226715,0.6961879654226715,,,,1.0
12,hexane_hl_gap_eV,160,1.0,0.0,0.6961879654226715,0.6961879654226715,,,,1.0
12,hexane_hl_gap_eV,161,1.0,0.0,0.6961879654226715,0.6961879654226715,,,,1.0
12,hexane_hl_gap_eV,162,1.0,0.0,0.6961879654226715,0.6961879654226715,,,,1.0
12,hexane_hl_gap_eV,163,1.0,0.0,0.6961879654226715,0.6961879654226715,,,,1.0
12,hexane_hl_gap_eV,164,1.0,0.0,0.6961879654226715,0.6961879654226715,,,,1.0
12,hexane_hl_gap_eV,165,1.0,0.0,0.6961879654226715,0.6961879654226715,,,,1.0
12,hexane_hl_gap_eV,166,1.0,0.0,0.6961879654226715,0.6961879654226715,,,,1.0
12,hexane_hl_gap_eV,167,1.0,0.0,0.6961879654226715,0.6961879654226715,,,,1.0
12,hexane_hl_gap_eV,168,1.0,0.0,0.6961879654226715,0.6961879654226715,,,,1.0
12,hexane_hl_gap_eV,169,1.0,0.0,0.6961879654226715,0.6961879654226715,,,,1.0
12,hexane_hl_gap_eV,170,1.0,0.0,0.6961879654226715,0.6961879654226715,,,,1.0
12,hexane_hl_gap_eV,171,1.0,0.0,0.6961879654226715,0.6961879654226715,,,,1.0
12,hexane_hl_gap_eV,172,1.0,0.0,0.6961879654226715,0.6961879654226715,,,,1.0
12,hexane_hl_gap_eV,173,1.0,0.0,0.6961879654226715,0.6961879654226715,,,,1.0
12,hexane_hl_gap_eV,174,1.0,0.0,0.6961879654226715,0.6961879654226715,,,,1.0
12,hexane_hl_gap_eV,175,1.0,0.0,0.6961879654226715,0.6961879654226715,,,,1.0
12,hexane_hl_gap_eV,176,1.0,0.0,0.6961879654226715,0.6961879654226715,,,,1.0
12,hexane_hl_gap_eV,177,1.0,0.0,0.6961879654226715,0.6961879654226715,,,,1.0
12,hexane_hl_gap_eV,178,1.0,0.0,0.6961879654226715,0.6961879654226715,,,,1.0
12,hexane_hl_gap_eV,179,1.0,0.0,0.6961879654226715,0.6961879654226715,,,,1.0
12,hexane_hl_gap_eV,180,1.0,0.0,0.6961879654226715,0.6961879654226715,,,,1.0
12,hexane_hl_gap_eV,181,1.0,0.0,0.6961879654226715,0.6961879654226715,,,,1.0
12,hexane_hl_gap_eV,182,1.0,0.0,0.6961879654226715,0.6961879654226715,,,,1.0
12,hexane_hl_gap_eV,183,1.0,0.0,0.6961879654226715,0.6961879654226715,,,,1.0
12,hexane_hl_gap_eV,184,1.0,0.0,0.6961879654226715,0.6961879654226715,,,,1.0
12,hexane_hl_gap_eV,185,1.0,0.0,0.6961879654226715,0.6961879654226715,,,,1.0
12,hexane_hl_gap_eV,186,1.0,0.0,0.6961879654226715,0.6961879654226715,,,,1.0
12,hexane_hl_gap_eV,187,1.0,0.0,0.6961879654226715,0.6961879654226715,,,,1.0
12,hexane_hl_gap_eV,188,1.0,0.0,0.6961879654226715,0.6961879654226715,,,,1.0
12,hexane_hl_gap_eV,189,1.0,0.0,0.6961879654226715,0.6961879654226715,,,,1.0
12,hexane_hl_gap_eV,190,1.0,0.0,0.6961879654226715,0.6961879654226715,,,,1.0
12,hexane_hl_gap_eV,191,1.0,0.0,0.6961879654226715,0.6961879654226715,,,,1.0
12,hexane_hl_gap_eV,192,1.0,0.0,0.6961879654226715,0.6961879654226715,,,,1.0
12,hexane_hl_gap_eV,193,1.0,0.0,0.6961879654226715,0.6961879654226715,,,,1.0
12,hexane_hl_gap_eV,194,1.0,0.0,0.6961879654226715,0.6961879654226715,,,,1.0
12,hexane_hl_gap_eV,195,1.0,0.0,0.6961879654226715,0.6961879654226715,,,,1.0
12,hexane_hl_gap_eV,196,1.0,0.0,0.6961879654226715,0.6961879654226715,,,,1.0
12,hexane_hl_gap_eV,197,1.0,0.0,0.6961879654226715,0.6961879654226715,,,,1.0
12,hexane_hl_gap_eV,198,1.0,0.0,0.6961879654226715,0.6961879654226715,,,,1.0
12,hexane_hl_gap_eV,199,1.0,0.0,0.6961879654226715,0.6961879654226715,,,,1.0
12,hexane_hl_gap_eV,200,1.0,0.0,0.6961879654226715,0.6961879654226715,,,,1.0
12,hexane_hl_gap_eV,201,1.0,0.0,0.6961879654226715,0.6961879654226715,,,,1.0
12,hexane_hl_gap_eV,202,1.0,0.0,0.6961879654226715,0.6961879654226715,,,,1.0
12,hexane_hl_gap_eV,203,1.0,0.0,0.6961879654226715,0.6961879654226715,,,,1.0
12,hexane_hl_gap_eV,204,1.0,0.0,0.6961879654226715,0.6961879654226715,,,,1.0
12,hexane_hl_gap_eV,205,1.0,0.0,0.6961879654226715,0.6961879654226715,,,,1.0
12,hexane_hl_gap_eV,206,1.0,0.0,0.6961879654226715,0.6961879654226715,,,,1.0
12,hexane_hl_gap_eV,207,1.0,0.0,0.6961879654226715,0.6961879654226715,,,,1.0
12,hexane_hl_gap_eV,208,1.0,0.0,0.6961879654226715,0.6961879654226715,,,,1.0
12,hexane_hl_gap_eV,209,1.0,0.0,0.6961879654226715,0.6961879654226715,,,,1.0
12,hexane_hl_gap_eV,210,1.0,0.0,0.6961879654226715,0.6961879654226715,,,,1.0
12,hexane_hl_gap_eV,211,1.0,0.0,0.6961879654226715,0.6961879654226715,,,,1.0
12,hexane_hl_gap_eV,212,1.0,0.0,0.6961879654226715,0.6961879654226715,,,,1.0
12,hexane_hl_gap_eV,213,1.0,0.0,0.6961879654226715,0.6961879654226715,,,,1.0
12,hexane_hl_gap_eV,214,1.0,0.0,0.6961879654226715,0.6961879654226715,,,,1.0
12,hexane_hl_gap_eV,215,1.0,0.0,0.6961879654226715,0.6961879654226715,,,,1.0
12,hexane_hl_gap_eV,216,1.0,0.0,0.6961879654226715,0.6961879654226715,,,,1.0
12,hexane_hl_gap_eV,217,1.0,0.0,0.6961879654226715,0.6961879654226715,,,,1.0
12,hexane_hl_gap_eV,218,1.0,0.0,0.6961879654226715,0.6961879654226715,,,,1.0
12,hexane_hl_gap_eV,219,1.0,0.0,0.6961879654226715,0.6961879654226715,,,,1.0
12,hexane_hl_gap_eV,220,1.0,0.0,0.6961879654226715,0.6961879654226715,,,,1.0
12,hexane_hl_gap_eV,221,1.0,0.0,0.6961879654226715,0.6961879654226715,,,,1.0
12,hexane_hl_gap_eV,222,1.0,0.0,0.6961879654226715,0.6961879654226715,,,,1.0
12,hexane_hl_gap_eV,223,1.0,0.0,0.6961879654226715,0.6961879654226715,,,,1.0
12,hexane_hl_gap_eV,224,1.0,0.0,0.6961879654226715,0.6961879654226715,,,,1.0
12,hexane_hl_gap_eV,225,1.0,0.0,0.6961879654226715,0.6961879654226715,,,,1.0
12,hexane_hl_gap_eV,226,1.0,0.0,0.6961879654226715,0.6961879654226715,,,,1.0
12,hexane_hl_gap_eV,227,1.0,0.0,0.6961879654226715,0.6961879654226715,,,,1.0
12,hexane_hl_gap_eV,228,1.0,0.0,0.6961879654226715,0.6961879654226715,,,,1.0
12,hexane_hl_gap_eV,229,1.0,0.0,0.6961879654226715,0.6961879654226715,,,,1.0
12,hexane_hl_gap_eV,230,1.0,0.0,0.6961879654226715,0.6961879654226715,,,,1.0
12,hexane_hl_gap_eV,231,1.0,0.0,0.6961879654226715,0.6961879654226715,,,,1.0
12,hexane_hl_gap_eV,232,1.0,0.0,0.6961879654226715,0.6961879654226715,,,,1.0
12,hexane_hl_gap_eV,233,1.0,0.0,0.6961879654226715,0.6961879654226715,,,,1.0
12,hexane_hl_gap_eV,234,1.0,0.0,0.6961879654226715,0.6961879654226715,,,,1.0
12,hexane_hl_gap_eV,235,1.0,0.0,0.6961879654226715,0.6961879654226715,,,,1.0
12,hexane_hl_gap_eV,236,1.0,0.0,0.6961879654226715,0.6961879654226715,,,,1.0
12,hexane_hl_gap_eV,237,1.0,0.0,0.6961879654226715,0.6961879654226715,,,,1.0
12,hexane_hl_gap_eV,238,1.0,0.0,0.6961879654226715,0.6961879654226715,,,,1.0
12,hexane_hl_gap_eV,239,1.0,0.0,0.6961879654226715,0.6961879654226715,,,,1.0
12,hexane_hl_gap_eV,240,1.0,0.0,0.6961879654226715,0.6961879654226715,,,,1.0
12,hexane_hl_gap_eV,241,1.0,0.0,0.6961879654226715,0.6961879654226715,,,,1.0
12,hexane_hl_gap_eV,242,1.0,0.0,0.6961879654226715,0.6961879654226715,,,,1.0
12,hexane_hl_gap_eV,243,1.0,0.0,0.6961879654226715,0.6961879654226715,,,,1.0
12,hexane_hl_gap_eV,244,1.0,0.0,0.6961879654226715,0.6961879654226715,,,,1.0
12,hexane_hl_gap_eV,245,1.0,0.0,0.6961879654226715,0.6961879654226715,,,,1.0
12,hexane_hl_gap_eV,246,1.0,0.0,0.6961879654226715,0.6961879654226715,,,,1.0
12,hexane_hl_gap_eV,247,1.0,0.0,0.6961879654226715,0.6961879654226715,,,,1.0
12,hexane_hl_gap_eV,248,1.0,0.0,0.6961879654226715,0.6961879654226715,,,,1.0
12,hexane_hl_gap_eV,249,1.0,0.0,0.6961879654226715,0.6961879654226715,,,,1.0
12,hexane_dipole,0,1.0000001192092896,0.0,0.611982952235004,0.611982952235004,,,,1.0
12,hexane_dipole,1,1.0000001192092896,0.0,0.611982952235004,0.611982952235004,,,,1.0
12,hexane_dipole,2,1.0000001192092896,0.0,0.611982952235004,0.611982952235004,,,,1.0
12,hexane_dipole,3,1.0000001192092896,0.0,0.611982952235004,0.611982952235004,,,,1.0
12,hexane_dipole,4,1.0000001192092896,0.0,0.611982952235004,0.611982952235004,,,,1.0
12,hexane_dipole,5,1.0000001192092896,0.0,0.611982952235004,0.611982952235004,,,,1.0
12,hexane_dipole,6,1.0000001192092896,0.0,0.611982952235004,0.611982952235004,,,,1.0
12,hexane_dipole,7,1.0000001192092896,0.0,0.611982952235004,0.611982952235004,,,,1.0
12,hexane_dipole,8,1.0000001192092896,0.0,0.611982952235004,0.611982952235004,,,,1.0
12,hexane_dipole,9,1.0000001192092896,0.0,0.611982952235004,0.611982952235004,,,,1.0
12,hexane_dipole,10,1.0000001192092896,0.0,0.611982952235004,0.611982952235004,,,,1.0
12,hexane_dipole,11,1.0000001192092896,0.0,0.611982952235004,0.611982952235004,,,,1.0
12,hexane_dipole,12,1.0000001192092896,0.0,0.611982952235004,0.611982952235004,,,,1.0
12,hexane_dipole,13,1.0000001192092896,0.0,0.611982952235004,0.611982952235004,,,,1.0
12,hexane_dipole,14,1.0000001192092896,0.0,0.611982952235004,0.611982952235004,,,,1.0
12,hexane_dipole,15,1.0000001192092896,0.0,0.611982952235004,0.611982952235004,,,,1.0
12,hexane_dipole,16,1.0000001192092896,0.0,0.611982952235004,0.611982952235004,,,,1.0
12,hexane_dipole,17,1.0000001192092896,0.0,0.611982952235004,0.611982952235004,,,,1.0
12,hexane_dipole,18,1.0000001192092896,0.0,0.611982952235004,0.611982952235004,,,,1.0
12,hexane_dipole,19,1.0000001192092896,0.0,0.611982952235004,0.611982952235004,,,,1.0
12,hexane_dipole,20,1.0000001192092896,0.0,0.611982952235004,0.611982952235004,,,,1.0
12,hexane_dipole,21,1.0000001192092896,0.0,0.611982952235004,0.611982952235004,,,,1.0
12,hexane_dipole,22,1.0000001192092896,0.0,0.611982952235004,0.611982952235004,,,,1.0
12,hexane_dipole,23,1.0000001192092896,0.0,0.611982952235004,0.611982952235004,,,,1.0
12,hexane_dipole,24,1.0000001192092896,0.0,0.611982952235004,0.611982952235004,,,,1.0
12,hexane_dipole,25,1.0000001192092896,0.0,0.611982952235004,0.611982952235004,,,,1.0
12,hexane_dipole,26,1.0000001192092896,0.0,0.611982952235004,0.611982952235004,,,,1.0
12,hexane_dipole,27,1.0000001192092896,0.0,0.611982952235004,0.611982952235004,,,,1.0
12,hexane_dipole,28,1.0000001192092896,0.0,0.611982952235004,0.611982952235004,,,,1.0
12,hexane_dipole,29,1.0000001192092896,0.0,0.611982952235004,0.611982952235004,,,,1.0
12,hexane_dipole,30,1.0000001192092896,0.0,0.611982952235004,0.611982952235004,,,,1.0
12,hexane_dipole,31,1.0000001192092896,0.0,0.611982952235004,0.611982952235004,,,,1.0
12,hexane_dipole,32,1.0000001192092896,0.0,0.611982952235004,0.611982952235004,,,,1.0
12,hexane_dipole,33,1.0000001192092896,0.0,0.611982952235004,0.611982952235004,,,,1.0
12,hexane_dipole,34,1.0000001192092896,0.0,0.611982952235004,0.611982952235004,,,,1.0
12,hexane_dipole,35,1.0000001192092896,0.0,0.611982952235004,0.611982952235004,,,,1.0
12,hexane_dipole,36,1.0000001192092896,0.0,0.611982952235004,0.611982952235004,,,,1.0
12,hexane_dipole,37,1.0000001192092896,0.0,0.611982952235004,0.611982952235004,,,,1.0
12,hexane_dipole,38,1.0000001192092896,0.0,0.611982952235004,0.611982952235004,,,,1.0
12,hexane_dipole,39,1.0000001192092896,0.0,0.611982952235004,0.611982952235004,,,,1.0
12,hexane_dipole,40,1.0000001192092896,0.0,0.611982952235004,0.611982952235004,,,,1.0
12,hexane_dipole,41,1.0000001192092896,0.0,0.611982952235004,0.611982952235004,,,,1.0
12,hexane_dipole,42,1.0000001192092896,0.0,0.611982952235004,0.611982952235004,,,,1.0
12,hexane_dipole,43,1.0000001192092896,0.0,0.611982952235004,0.611982952235004,,,,1.0
12,hexane_dipole,44,1.0000001192092896,0.0,0.611982952235004,0.611982952235004,,,,1.0
12,hexane_dipole,45,1.0000001192092896,0.0,0.611982952235004,0.611982952235004,,,,1.0
12,hexane_dipole,46,1.0000001192092896,0.0,0.611982952235004,0.611982952235004,,,,1.0
12,hexane_dipole,47,1.0000001192092896,0.0,0.611982952235004,0.611982952235004,,,,1.0
12,hexane_dipole,48,1.0000001192092896,0.0,0.611982952235004,0.611982952235004,,,,1.0
12,hexane_dipole,49,1.0000001192092896,0.0,0.611982952235004,0.611982952235004,,,,1.0
12,hexane_dipole,50,1.0000001192092896,0.0,0.611982952235004,0.611982952235004,,,,1.0
12,hexane_dipole,51,1.0000001192092896,0.0,0.611982952235004,0.611982952235004,,,,1.0
12,hexane_dipole,52,1.0000001192092896,0.0,0.611982952235004,0.611982952235004,,,,1.0
12,hexane_dipole,53,1.0000001192092896,0.0,0.611982952235004,0.611982952235004,,,,1.0
12,hexane_dipole,54,1.0000001192092896,0.0,0.611982952235004,0.611982952235004,,,,1.0
12,hexane_dipole,55,1.0000001192092896,0.0,0.611982952235004,0.611982952235004,,,,1.0
12,hexane_dipole,56,1.0000001192092896,0.0,0.611982952235004,0.611982952235004,,,,1.0
12,hexane_dipole,57,1.0000001192092896,0.0,0.611982952235004,0.611982952235004,,,,1.0
12,hexane_dipole,58,1.0000001192092896,0.0,0.611982952235004,0.611982952235004,,,,1.0
12,hexane_dipole,59,1.0000001192092896,0.0,0.611982952235004,0.611982952235004,,,,1.0
12,hexane_dipole,60,1.0000001192092896,0.0,0.611982952235004,0.611982952235004,,,,1.0
12,hexane_dipole,61,1.0000001192092896,0.0,0.611982952235004,0.611982952235004,,,,1.0
12,hexane_dipole,62,1.0000001192092896,0.0,0.611982952235004,0.611982952235004,,,,1.0
12,hexane_dipole,63,1.0000001192092896,0.0,0.611982952235004,0.611982952235004,,,,1.0
12,hexane_dipole,64,1.0000001192092896,0.0,0.611982952235004,0.611982952235004,,,,1.0
12,hexane_dipole,65,1.0000001192092896,0.0,0.611982952235004,0.611982952235004,,,,1.0
12,hexane_dipole,66,1.0000001192092896,0.0,0.611982952235004,0.611982952235004,,,,1.0
12,hexane_dipole,67,1.0000001192092896,0.0,0.611982952235004,0.611982952235004,,,,1.0
12,hexane_dipole,68,1.0000001192092896,0.0,0.611982952235004,0.611982952235004,,,,1.0
12,hexane_dipole,69,1.0000001192092896,0.0,0.611982952235004,0.611982952235004,,,,1.0
12,hexane_dipole,70,1.0000001192092896,0.0,0.611982952235004,0.611982952235004,,,,1.0
12,hexane_dipole,71,1.0000001192092896,0.0,0.611982952235004,0.611982952235004,,,,1.0
12,hexane_dipole,72,1.0000001192092896,0.0,0.611982952235004,0.611982952235004,,,,1.0
12,hexane_dipole,73,1.0000001192092896,0.0,0.611982952235004,0.611982952235004,,,,1.0
12,hexane_dipole,74,1.0000001192092896,0.0,0.611982952235004,0.611982952235004,,,,1.0
12,hexane_dipole,75,1.0000001192092896,0.0,0.611982952235004,0.611982952235004,,,,1.0
12,hexane_dipole,76,1.0000001192092896,0.0,0.611982952235004,0.611982952235004,,,,1.0
12,hexane_dipole,77,1.0000001192092896,0.0,0.611982952235004,0.611982952235004,,,,1.0
12,hexane_dipole,78,1.0000001192092896,0.0,0.611982952235004,0.611982952235004,,,,1.0
12,hexane_dipole,79,1.0000001192092896,0.0,0.611982952235004,0.611982952235004,,,,1.0
12,hexane_dipole,80,1.0000001192092896,0.0,0.611982952235004,0.611982952235004,,,,1.0
12,hexane_dipole,81,1.0000001192092896,0.0,0.611982952235004,0.611982952235004,,,,1.0
12,hexane_dipole,82,1.0000001192092896,0.0,0.611982952235004,0.611982952235004,,,,1.0
12,hexane_dipole,83,1.0000001192092896,0.0,0.611982952235004,0.611982952235004,,,,1.0
12,hexane_dipole,84,1.0000001192092896,0.0,0.611982952235004,0.611982952235004,,,,1.0
12,hexane_dipole,85,1.0000001192092896,0.0,0.611982952235004,0.611982952235004,,,,1.0
12,hexane_dipole,86,1.0000001192092896,0.0,0.611982952235004,0.611982952235004,,,,1.0
12,hexane_dipole,87,1.0000001192092896,0.0,0.611982952235004,0.611982952235004,,,,1.0
12,hexane_dipole,88,1.0000001192092896,0.0,0.611982952235004,0.611982952235004,,,,1.0
12,hexane_dipole,89,1.0000001192092896,0.0,0.611982952235004,0.611982952235004,,,,1.0
12,hexane_dipole,90,1.0000001192092896,0.0,0.611982952235004,0.611982952235004,,,,1.0
12,hexane_dipole,91,1.0000001192092896,0.0,0.611982952235004,0.611982952235004,,,,1.0
12,hexane_dipole,92,1.0000001192092896,0.0,0.611982952235004,0.611982952235004,,,,1.0
12,hexane_dipole,93,1.0000001192092896,0.0,0.611982952235004,0.611982952235004,,,,1.0
12,hexane_dipole,94,1.0000001192092896,0.0,0.611982952235004,0.611982952235004,,,,1.0
12,hexane_dipole,95,1.0000001192092896,0.0,0.611982952235004,0.611982952235004,,,,1.0
12,hexane_dipole,96,1.0000001192092896,0.0,0.611982952235004,0.611982952235004,,,,1.0
12,hexane_dipole,97,1.0000001192092896,0.0,0.611982952235004,0.611982952235004,,,,1.0
12,hexane_dipole,98,1.0000001192092896,0.0,0.611982952235004,0.611982952235004,,,,1.0
12,hexane_dipole,99,1.0000001192092896,0.0,0.611982952235004,0.611982952235004,,,,1.0
12,hexane_dipole,100,1.0000001192092896,0.0,0.611982952235004,0.611982952235004,,,,1.0
12,hexane_dipole,101,1.0000001192092896,0.0,0.611982952235004,0.611982952235004,,,,1.0
12,hexane_dipole,102,1.0000001192092896,0.0,0.611982952235004,0.611982952235004,,,,1.0
12,hexane_dipole,103,1.0000001192092896,0.0,0.611982952235004,0.611982952235004,,,,1.0
12,hexane_dipole,104,1.0000001192092896,0.0,0.611982952235004,0.611982952235004,,,,1.0
12,hexane_dipole,105,1.0000001192092896,0.0,0.611982952235004,0.611982952235004,,,,1.0
12,hexane_dipole,106,1.0000001192092896,0.0,0.611982952235004,0.611982952235004,,,,1.0
12,hexane_dipole,107,1.0000001192092896,0.0,0.611982952235004,0.611982952235004,,,,1.0
12,hexane_dipole,108,1.0000001192092896,0.0,0.611982952235004,0.611982952235004,,,,1.0
12,hexane_dipole,109,1.0000001192092896,0.0,0.611982952235004,0.611982952235004,,,,1.0
12,hexane_dipole,110,1.0000001192092896,0.0,0.611982952235004,0.611982952235004,,,,1.0
12,hexane_dipole,111,1.0000001192092896,0.0,0.611982952235004,0.611982952235004,,,,1.0
12,hexane_dipole,112,1.0000001192092896,0.0,0.611982952235004,0.611982952235004,,,,1.0
12,hexane_dipole,113,1.0000001192092896,0.0,0.611982952235004,0.611982952235004,,,,1.0
12,hexane_dipole,114,1.0000001192092896,0.0,0.611982952235004,0.611982952235004,,,,1.0
12,hexane_dipole,115,1.0000001192092896,0.0,0.611982952235004,0.611982952235004,,,,1.0
12,hexane_dipole,116,1.0000001192092896,0.0,0.611982952235004,0.611982952235004,,,,1.0
12,hexane_dipole,117,1.0000001192092896,0.0,0.611982952235004,0.611982952235004,,,,1.0
12,hexane_dipole,118,1.0000001192092896,0.0,0.611982952235004,0.611982952235004,,,,1.0
12,hexane_dipole,119,1.0000001192092896,0.0,0.611982952235004,0.611982952235004,,,,1.0
12,hexane_dipole,120,1.0000001192092896,0.0,0.611982952235004,0.611982952235004,,,,1.0
12,hexane_dipole,121,1.0000001192092896,0.0,0.611982952235004,0.611982952235004,,,,1.0
12,hexane_dipole,122,1.0000001192092896,0.0,0.611982952235004,0.611982952235004,,,,1.0
12,hexane_dipole,123,1.0000001192092896,0.0,0.611982952235004,0.611982952235004,,,,1.0
12,hexane_dipole,124,1.0000001192092896,0.0,0.611982952235004,0.611982952235004,,,,1.0
12,hexane_dipole,125,1.0000001192092896,0.0,0.611982952235004,0.611982952235004,,,,1.0
12,hexane_dipole,126,1.0000001192092896,0.0,0.611982952235004,0.611982952235004,,,,1.0
12,hexane_dipole,127,1.0000001192092896,0.0,0.611982952235004,0.611982952235004,,,,1.0
12,hexane_dipole,128,1.0000001192092896,0.0,0.611982952235004,0.611982952235004,,,,1.0
12,hexane_dipole,129,1.0000001192092896,0.0,0.611982952235004,0.611982952235004,,,,1.0
12,hexane_dipole,130,1.0000001192092896,0.0,0.611982952235004,0.611982952235004,,,,1.0
12,hexane_dipole,131,1.0000001192092896,0.0,0.611982952235004,0.611982952235004,,,,1.0
12,hexane_dipole,132,1.0000001192092896,0.0,0.611982952235004,0.611982952235004,,,,1.0
12,hexane_dipole,133,1.0000001192092896,0.0,0.611982952235004,0.611982952235004,,,,1.0
12,hexane_dipole,134,1.0000001192092896,0.0,0.611982952235004,0.611982952235004,,,,1.0
12,hexane_dipole,135,1.0000001192092896,0.0,0.611982952235004,0.611982952235004,,,,1.0
12,hexane_dipole,136,1.0000001192092896,0.0,0.611982952235004,0.611982952235004,,,,1.0
12,hexane_dipole,137,1.0000001192092896,0.0,0.611982952235004,0.611982952235004,,,,1.0
12,hexane_dipole,138,1.0000001192092896,0.0,0.611982952235004,0.611982952235004,,,,1.0
12,hexane_dipole,139,1.0000001192092896,0.0,0.611982952235004,0.611982952235004,,,,1.0
12,hexane_dipole,140,1.0000001192092896,0.0,0.611982952235004,0.611982952235004,,,,1.0
12,hexane_dipole,141,1.0000001192092896,0.0,0.611982952235004,0.611982952235004,,,,1.0
12,hexane_dipole,142,1.0000001192092896,0.0,0.611982952235004,0.611982952235004,,,,1.0
12,hexane_dipole,143,1.0000001192092896,0.0,0.611982952235004,0.611982952235004,,,,1.0
12,hexane_dipole,144,1.0000001192092896,0.0,0.611982952235004,0.611982952235004,,,,1.0
12,hexane_dipole,145,1.0000001192092896,0.0,0.611982952235004,0.611982952235004,,,,1.0
12,hexane_dipole,146,1.0000001192092896,0.0,0.611982952235004,0.611982952235004,,,,1.0
12,hexane_dipole,147,1.0000001192092896,0.0,0.611982952235004,0.611982952235004,,,,1.0
12,hexane_dipole,148,1.0000001192092896,0.0,0.611982952235004,0.611982952235004,,,,1.0
12,hexane_dipole,149,1.0000001192092896,0.0,0.611982952235004,0.611982952235004,,,,1.0
12,hexane_dipole,150,1.0000001192092896,0.0,0.611982952235004,0.611982952235004,,,,1.0
12,hexane_dipole,151,1.0000001192092896,0.0,0.611982952235004,0.611982952235004,,,,1.0
12,hexane_dipole,152,1.0000001192092896,0.0,0.611982952235004,0.611982952235004,,,,1.0
12,hexane_dipole,153,1.0000001192092896,0.0,0.611982952235004,0.611982952235004,,,,1.0
12,hexane_dipole,154,1.0000001192092896,0.0,0.611982952235004,0.611982952235004,,,,1.0
12,hexane_dipole,155,1.0000001192092896,0.0,0.611982952235004,0.611982952235004,,,,1.0
12,hexane_dipole,156,1.0000001192092896,0.0,0.611982952235004,0.611982952235004,,,,1.0
12,hexane_dipole,157,1.0000001192092896,0.0,0.611982952235004,0.611982952235004,,,,1.0
12,hexane_dipole,158,1.0000001192092896,0.0,0.611982952235004,0.611982952235004,,,,1.0
12,hexane_dipole,159,1.0000001192092896,0.0,0.611982952235004,0.611982952235004,,,,1.0
12,hexane_dipole,160,1.0000001192092896,0.0,0.611982952235004,0.611982952235004,,,,1.0
12,hexane_dipole,161,1.0000001192092896,0.0,0.611982952235004,0.611982952235004,,,,1.0
12,hexane_dipole,162,1.0000001192092896,0.0,0.611982952235004,0.611982952235004,,,,1.0
12,hexane_dipole,163,1.0000001192092896,0.0,0.611982952235004,0.611982952235004,,,,1.0
12,hexane_dipole,164,1.0000001192092896,0.0,0.611982952235004,0.611982952235004,,,,1.0
12,hexane_dipole,165,1.0000001192092896,0.0,0.611982952235004,0.611982952235004,,,,1.0
12,hexane_dipole,166,1.0000001192092896,0.0,0.611982952235004,0.611982952235004,,,,1.0
12,hexane_dipole,167,1.0000001192092896,0.0,0.611982952235004,0.611982952235004,,,,1.0
12,hexane_dipole,168,1.0000001192092896,0.0,0.611982952235004,0.611982952235004,,,,1.0
12,hexane_dipole,169,1.0000001192092896,0.0,0.611982952235004,0.611982952235004,,,,1.0
12,hexane_dipole,170,1.0000001192092896,0.0,0.611982952235004,0.611982952235004,,,,1.0
12,hexane_dipole,171,1.0000001192092896,0.0,0.611982952235004,0.611982952235004,,,,1.0
12,hexane_dipole,172,1.0000001192092896,0.0,0.611982952235004,0.611982952235004,,,,1.0
12,hexane_dipole,173,1.0000001192092896,0.0,0.611982952235004,0.611982952235004,,,,1.0
12,hexane_dipole,174,1.0000001192092896,0.0,0.611982952235004,0.611982952235004,,,,1.0
12,hexane_dipole,175,1.0000001192092896,0.0,0.611982952235004,0.611982952235004,,,,1.0
12,hexane_dipole,176,1.0000001192092896,0.0,0.611982952235004,0.611982952235004,,,,1.0
12,hexane_dipole,177,1.0000001192092896,0.0,0.611982952235004,0.611982952235004,,,,1.0
12,hexane_dipole,178,1.0000001192092896,0.0,0.611982952235004,0.611982952235004,,,,1.0
12,hexane_dipole,179,1.0000001192092896,0.0,0.611982952235004,0.611982952235004,,,,1.0
12,hexane_dipole,180,1.0000001192092896,0.0,0.611982952235004,0.611982952235004,,,,1.0
12,hexane_dipole,181,1.0000001192092896,0.0,0.611982952235004,0.611982952235004,,,,1.0
12,hexane_dipole,182,1.0000001192092896,0.0,0.611982952235004,0.611982952235004,,,,1.0
12,hexane_dipole,183,1.0000001192092896,0.0,0.611982952235004,0.611982952235004,,,,1.0
12,hexane_dipole,184,1.0000001192092896,0.0,0.611982952235004,0.611982952235004,,,,1.0
12,hexane_dipole,185,1.0000001192092896,0.0,0.611982952235004,0.611982952235004,,,,1.0
12,hexane_dipole,186,1.0000001192092896,0.0,0.611982952235004,0.611982952235004,,,,1.0
12,hexane_dipole,187,1.0000001192092896,0.0,0.611982952235004,0.611982952235004,,,,1.0
12,hexane_dipole,188,1.0000001192092896,0.0,0.611982952235004,0.611982952235004,,,,1.0
12,hexane_dipole,189,1.0000001192092896,0.0,0.611982952235004,0.611982952235004,,,,1.0
12,hexane_dipole,190,1.0000001192092896,0.0,0.611982952235004,0.611982952235004,,,,1.0
12,hexane_dipole,191,1.0000001192092896,0.0,0.611982952235004,0.611982952235004,,,,1.0
12,hexane_dipole,192,1.0000001192092896,0.0,0.611982952235004,0.611982952235004,,,,1.0
12,hexane_dipole,193,1.0000001192092896,0.0,0.611982952235004,0.611982952235004,,,,1.0
12,hexane_dipole,194,1.0000001192092896,0.0,0.611982952235004,0.611982952235004,,,,1.0
12,hexane_dipole,195,1.0000001192092896,0.0,0.611982952235004,0.611982952235004,,,,1.0
12,hexane_dipole,196,1.0000001192092896,0.0,0.611982952235004,0.611982952235004,,,,1.0
12,hexane_dipole,197,1.0000001192092896,0.0,0.611982952235004,0.611982952235004,,,,1.0
12,hexane_dipole,198,1.0000001192092896,0.0,0.611982952235004,0.611982952235004,,,,1.0
12,hexane_dipole,199,1.0000001192092896,0.0,0.611982952235004,0.611982952235004,,,,1.0
12,hexane_dipole,200,1.0000001192092896,0.0,0.611982952235004,0.611982952235004,,,,1.0
12,hexane_dipole,201,1.0000001192092896,0.0,0.611982952235004,0.611982952235004,,,,1.0
12,hexane_dipole,202,1.0000001192092896,0.0,0.611982952235004,0.611982952235004,,,,1.0
12,hexane_dipole,203,1.0000001192092896,0.0,0.611982952235004,0.611982952235004,,,,1.0
12,hexane_dipole,204,1.0000001192092896,0.0,0.611982952235004,0.611982952235004,,,,1.0
12,hexane_dipole,205,1.0000001192092896,0.0,0.611982952235004,0.611982952235004,,,,1.0
12,hexane_dipole,206,1.0000001192092896,0.0,0.611982952235004,0.611982952235004,,,,1.0
12,hexane_dipole,207,1.0000001192092896,0.0,0.611982952235004,0.611982952235004,,,,1.0
12,hexane_dipole,208,1.0000001192092896,0.0,0.611982952235004,0.611982952235004,,,,1.0
12,hexane_dipole,209,1.0000001192092896,0.0,0.611982952235004,0.611982952235004,,,,1.0
12,hexane_dipole,210,1.0000001192092896,0.0,0.611982952235004,0.611982952235004,,,,1.0
12,hexane_dipole,211,1.0000001192092896,0.0,0.611982952235004,0.611982952235004,,,,1.0
12,hexane_dipole,212,1.0000001192092896,0.0,0.611982952235004,0.611982952235004,,,,1.0
12,hexane_dipole,213,1.0000001192092896,0.0,0.611982952235004,0.611982952235004,,,,1.0
12,hexane_dipole,214,1.0000001192092896,0.0,0.611982952235004,0.611982952235004,,,,1.0
12,hexane_dipole,215,1.0000001192092896,0.0,0.611982952235004,0.611982952235004,,,,1.0
12,hexane_dipole,216,1.0000001192092896,0.0,0.611982952235004,0.611982952235004,,,,1.0
12,hexane_dipole,217,1.0000001192092896,0.0,0.611982952235004,0.611982952235004,,,,1.0
12,hexane_dipole,218,1.0000001192092896,0.0,0.611982952235004,0.611982952235004,,,,1.0
12,hexane_dipole,219,1.0000001192092896,0.0,0.611982952235004,0.611982952235004,,,,1.0
12,hexane_dipole,220,1.0000001192092896,0.0,0.611982952235004,0.611982952235004,,,,1.0
12,hexane_dipole,221,1.0000001192092896,0.0,0.611982952235004,0.611982952235004,,,,1.0
12,hexane_dipole,222,1.0000001192092896,0.0,0.611982952235004,0.611982952235004,,,,1.0
12,hexane_dipole,223,1.0000001192092896,0.0,0.611982952235004,0.611982952235004,,,,1.0
12,hexane_dipole,224,1.0000001192092896,0.0,0.611982952235004,0.611982952235004,,,,1.0
12,hexane_dipole,225,1.0000001192092896,0.0,0.611982952235004,0.611982952235004,,,,1.0
12,hexane_dipole,226,1.0000001192092896,0.0,0.611982952235004,0.611982952235004,,,,1.0
12,hexane_dipole,227,1.0000001192092896,0.0,0.611982952235004,0.611982952235004,,,,1.0
12,hexane_dipole,228,1.0000001192092896,0.0,0.611982952235004,0.611982952235004,,,,1.0
12,hexane_dipole,229,1.0000001192092896,0.0,0.611982952235004,0.611982952235004,,,,1.0
12,hexane_dipole,230,1.0000001192092896,0.0,0.611982952235004,0.611982952235004,,,,1.0
12,hexane_dipole,231,1.0000001192092896,0.0,0.611982952235004,0.611982952235004,,,,1.0
12,hexane_dipole,232,1.0000001192092896,0.0,0.611982952235004,0.611982952235004,,,,1.0
12,hexane_dipole,233,1.0000001192092896,0.0,0.611982952235004,0.611982952235004,,,,1.0
12,hexane_dipole,234,1.0000001192092896,0.0,0.611982952235004,0.611982952235004,,,,1.0
12,hexane_dipole,235,1.0000001192092896,0.0,0.611982952235004,0.611982952235004,,,,1.0
12,hexane_dipole,236,1.0000001192092896,0.0,0.611982952235004,0.611982952235004,,,,1.0
12,hexane_dipole,237,1.0000001192092896,0.0,0.611982952235004,0.611982952235004,,,,1.0
12,hexane_dipole,238,1.0000001192092896,0.0,0.611982952235004,0.611982952235004,,,,1.0
12,hexane_dipole,239,1.0000001192092896,0.0,0.611982952235004,0.611982952235004,,,,1.0
12,hexane_dipole,240,1.0000001192092896,0.0,0.611982952235004,0.611982952235004,,,,1.0
12,hexane_dipole,241,1.0000001192092896,0.0,0.611982952235004,0.611982952235004,,,,1.0
12,hexane_dipole,242,1.0000001192092896,0.0,0.611982952235004,0.611982952235004,,,,1.0
12,hexane_dipole,243,1.0000001192092896,0.0,0.611982952235004,0.611982952235004,,,,1.0
12,hexane_dipole,244,1.0000001192092896,0.0,0.611982952235004,0.611982952235004,,,,1.0
12,hexane_dipole,245,1.0000001192092896,0.0,0.611982952235004,0.611982952235004,,,,1.0
12,hexane_dipole,246,1.0000001192092896,0.0,0.611982952235004,0.611982952235004,,,,1.0
12,hexane_dipole,247,1.0000001192092896,0.0,0.611982952235004,0.611982952235004,,,,1.0
12,hexane_dipole,248,1.0000001192092896,0.0,0.611982952235004,0.611982952235004,,,,1.0
12,hexane_dipole,249,1.0000001192092896,0.0,0.611982952235004,0.611982952235004,,,,1.0
13,sco_kcal,0,0.830533504486084,0.021802138537168503,0.6436470957748552,0.8997779914832651,4.111950397491455,5.504907608032227,1.338758271838727,0.4
13,sco_kcal,1,0.1891094446182251,0.036336157470941544,0.6090354900309367,0.9460782866546982,6.453391075134277,0.2829097509384155,0.04383892865698193,0.12
13,sco_kcal,2,0.36098581552505493,0.006308520678430796,0.6484350271956774,0.9596662734612134,1.3132253885269165,0.3809661269187927,0.2900995748689672,0.16
13,sco_kcal,3,0.16827958822250366,0.02085990458726883,0.6402247375986705,0.9616774764798908,4.175931453704834,0.032187800854444504,0.007707933238676102,0.14
13,sco_kcal,4,0.16830526292324066,0.012507056817412376,0.6152899480208314,0.9639921892744228,2.378882646560669,0.04505448043346405,0.01893934553627634,0.08
13,sco_kcal,5,0.2870815694332123,0.01313739363104105,0.6500608801721164,0.9543060293513135,2.88310170173645,0.12689104676246643,0.04401199121281146,0.24
13,sco_kcal,6,0.055184319615364075,0.033547818660736084,0.6507720774342609,0.9612279151237813,6.885207653045654,0.0596618615090847,0.008665223260578557,0.04
13,sco_kcal,7,0.05201837792992592,0.017020976170897484,0.6593081061924853,0.9655729594604361,3.6805081367492676,0.09271088242530823,0.02518969636274006,0.02
13,sco_kcal,8,0.4623435437679291,0.015586440451443195,0.6397924431477353,0.9322319569068889,3.0549111366271973,1.440842628479004,0.4716479674985831,0.28
13,sco_kcal,9,0.31331250071525574,0.025292912498116493,0.622798862077329,0.9003603647840819,4.85006856918335,1.3269754648208618,0.2735993204822456,0.16
13,sco_kcal,10,0.6745811104774475,0.013729101978242397,0.6415659024797162,0.9089355507656254,2.721219778060913,2.219433307647705,0.815602372708473,0.34
13,sco_kcal,11,0.047056689858436584,0.04609736427664757,0.6591213088763821,0.9510002534630895,9.987263679504395,0.08366572111845016,0.00837724163527862,0.02
13,sco_kcal,12,0.20152491331100464,0.016421722248196602,0.6582995894948056,0.9655941357581095,3.5029220581054688,0.06352254748344421,0.018134159547300903,0.2
13,sco_kcal,13,0.171454057097435,0.030947191640734673,0.6563916284116806,0.946022240761806,6.546483993530273,0.40194541215896606,0.06139867027188926,0.02
13,sco_kcal,14,0.5130223631858826,0.03061358444392681,0.6290087158222339,0.8974147977201086,5.681835651397705,2.833740472793579,0.49873678977259617,0.42
13,sco_kcal,15,0.5978384017944336,0.011180276982486248,0.6774321944665991,0.895391088908142,2.5154857635498047,1.7167638540267944,0.6824780640396592,0.28
13,sco_kcal,16,0.47716838121414185,0.021211596205830574,0.6722389628248151,0.9043287149474342,4.644720077514648,2.3822762966156006,0.5128998641163187,0.28
13,sco_kcal,17,0.24179232120513916,0.010972058400511742,0.6567375550956918,0.9731642196315062,2.3843138217926025,0.13617007434368134,0.057110801899937974,0.2
13,sco_kcal,18,0.12496303766965866,0.0195226538926363,0.634546183019622,0.955840186616103,3.917264223098755,0.08476734906435013,0.02163942594541015,0.06
13,sco_kcal,19,0.577953577041626,0.021022064611315727,0.6480521910437216,0.9046767626967658,4.511744022369385,2.6367058753967285,0.5844094572572931,0.3
13,sco_kcal,20,0.09034315496683121,0.021420704200863838,0.6449525336800892,0.9658800446565694,4.4458794593811035,0.04652342572808266,0.010464392063063049,0.02
13,sco_kcal,21,0.05425630137324333,0.07955144345760345,0.637786702877531,0.975099001245153,15.490714073181152,0.019318722188472748,0.0012471163109206806,0.04
13,sco_kcal,22,0.08408654481172562,0.009406192228198051,0.6458170610335716,0.9564965138102637,2.005970001220703,0.118655726313591,0.05915129650063801,0.02
13,sco_kcal,23,0.32465994358062744,0.01993381604552269,0.6107298577585039,0.9260108318674207,3.603745460510254,0.6368007063865662,0.17670523996897428,0.18
13,sco_kcal,24,0.5601730346679688,0.013094339519739151,0.6259897820157978,0.9032787716436759,2.4324231147766113,1.3623921871185303,0.5600967113172864,0.48
13,sco_kcal,25,0.15602949261665344,0.01878270134329796,0.6118085062761165,0.9499650322780369,3.498657464981079,0.16283626854419708,0.046542500994757346,0.16
13,sco_kcal,26,0.2573837339878082,0.021515218541026115,0.624044575220456,0.9313866485110724,4.0839715003967285,0.8346292972564697,0.20436707189934883,0.1
13,sco_kcal,27,0.5588858127593994,0.016551759093999863,0.6657636598817394,0.9010731299277981,3.518242597579956,1.997167944908142,0.5676606685058915,0.36
13,sco_kcal,28,0.7249422073364258,0.01861179992556572,0.6599859567776394,0.9014456741560524,3.6354217529296875,3.130136251449585,0.8610104863148528,0.6
13,sco_kcal,29,0.22831901907920837,0.02708909846842289,0.6651325839412887,0.9641170042140905,5.849991321563721,0.2849867343902588,0.0487157533618496,0.18
13,sco_kcal,30,0.3300032317638397,0.0053403740748763084,0.6552200133818484,0.9623054004496765,1.2888976335525513,0.19235119223594666,0.14923698145505523,0.18
13,sco_kcal,31,0.21983857452869415,0.014323392882943153,0.6095845452229844,0.9564816907421991,2.652310371398926,0.28050780296325684,0.10575979568156903,0.16
13,sco_kcal,32,0.7253804206848145,0.02423294074833393,0.6786994272285658,0.9693474722385844,4.890613079071045,3.325205087661743,0.6799157966291937,0.76
13,sco_kcal,33,0.7556652426719666,0.007999795489013195,0.6669072583560476,0.9272861124519352,2.1416079998016357,0.9618483185768127,0.44912435827000224,0.66
13,sco_kcal,34,0.6977385878562927,0.013446982018649578,0.6461792488617148,0.8857606321665574,2.5447134971618652,2.069049835205078,0.8130777148440098,0.48
13,sco_kcal,35,0.13233736157417297,0.006395978387445211,0.6499580427222884,0.9590591185178567,1.3624933958053589,0.07931114733219147,0.058210298542629844,0.06
13,sco_kcal,36,0.3201466500759125,0.011519411578774452,0.6597285599364446,0.9382899062449297,2.485909938812256,0.7419750690460205,0.2984722243801516,0.12
13,sco_kcal,37,0.1852884143590927,0.025094395503401756,0.6079624338292895,0.9339459479559156,4.609059810638428,0.711202085018158,0.15430524103345172,0.04
13,sco_kcal,38,0.26336756348609924,0.5225939154624939,0.6656608317690644,0.9825346450936674,111.98095703125,4.413776397705078,0.03941541950274051,0.16
13,sco_kcal,39,0.7640557289123535,0.002689369721338153,0.7036988934357662,0.9728188253807788,0.8394730687141418,0.15163764357566833,0.18063431600961116,0.4
13,sco_kcal,40,0.1743423193693161,0.03183126822113991,0.6182244962120038,0.9337750366994382,5.944043159484863,0.7661100625991821,0.1288870289201562,0.08
13,sco_kcal,41,0.09072526544332504,0.04787468537688255,0.6497478795869487,0.9496292619020974,9.999079704284668,0.07398393005132675,0.0073990739387369995,0.02
13,sco_kcal,42,0.16120289266109467,0.02002924680709839,0.6427632692595291,0.951549745207027,4.109011650085449,0.21801236271858215,0.053057129374176504,0.06
13,sco_kcal,43,0.127498596906662,0.021254615858197212,0.6255255232740322,0.9658437049751634,4.061030864715576,0.15467114746570587,0.0380866712463508,0.04
13,sco_kcal,44,0.2597769498825073,0.028828920796513557,0.6629990866540469,0.922220020403856,6.302041053771973,1.6014177799224854,0.2541109723434737,0.06
13,sco_kcal,45,0.15857508778572083,0.031319811940193176,0.6552972910643133,0.9345879502394727,6.729002475738525,0.4082264006137848,0.06066670388154091,0.06
13,sco_kcal,46,0.13761769235134125,0.01938437670469284,0.6109537444920625,0.9519343486086891,3.5304718017578125,0.11177276074886322,0.03165944016128719,0.06
13,sco_kcal,47,0.15547524392604828,0.01596401445567608,0.6466457646120023,0.9655938882897313,3.2684338092803955,0.21384191513061523,0.06542641754697072,0.08
13,sco_kcal,48,0.12059259414672852,0.09957224875688553,0.631008195555232,0.9313452207191557,18.85636329650879,1.2934248447418213,0.06859354714391273,0.04
13,sco_kcal,49,0.7518348693847656,0.010348661802709103,0.6946549429782289,0.9007036153715888,2.252293825149536,2.2449707984924316,0.9967486361791102,0.62
13,sco_kcal,50,0.05847965553402901,0.03610698878765106,0.6605117120458068,0.9710607092679089,7.641164779663086,0.1722470372915268,0.022541987021397737,0.1
13,sco_kcal,51,0.08061438053846359,0.023109864443540573,0.6487373635550637,0.9673856588463745,4.70518159866333,0.18348252773284912,0.03899584402544074,0.02
13,sco_kcal,52,0.3826795816421509,0.03210533782839775,0.6708080531598453,0.9639310038104991,6.920784950256348,1.576988697052002,0.22786269308853324,0.22
13,sco_kcal,53,0.9198507070541382,0.0057556284591555595,0.7549573216055465,0.910636298854512,1.257607340812683,2.4904892444610596,1.980339302768121,0.8
13,sco_kcal,54,0.5511319637298584,0.011255741119384766,0.6367403855594254,0.9197319265265214,2.4631030559539795,1.126322865486145,0.4572780106636306,0.3
13,sco_kcal,55,0.1872970461845398,0.05611690133810043,0.6331411597166481,0.9293574465140273,11.168257713317871,1.365017056465149,0.12222291887457072,0.08
13,sco_kcal,56,0.28905609250068665,0.04136171191930771,0.6223725943222163,0.9454831915070554,7.777360439300537,1.2897839546203613,0.16583826411115377,0.14
13,sco_kcal,57,0.5312275290489197,0.021384092047810555,0.656355608666696,0.9191738460634056,4.426161766052246,2.263435125350952,0.5113765029355763,0.28
13,sco_kcal,58,0.1311810463666916,0.01753973215818405,0.6248532449498219,0.9556257343428567,3.4695372581481934,0.18824231624603271,0.05425574139719827,0.04
13,sco_kcal,59,0.20603029429912567,0.013996605761349201,0.644844358364911,0.9487476373187076,2.9220499992370605,0.2236345410346985,0.07653344093807049,0.1
13,sco_kcal,60,0.5078030824661255,0.013693428598344326,0.656025909581387,0.9245697872479923,2.985016107559204,1.0421823263168335,0.3491379238047087,0.3
13,sco_kcal,61,0.0642678439617157,0.037460558116436005,0.662506102742062,0.9627786483164935,8.091580390930176,0.051969826221466064,0.006422704059112959,0.06
13,sco_kcal,62,0.6544861197471619,0.019200969487428665,0.664149712826241,0.931800548643313,4.28370475769043,2.4503796100616455,0.5720234583540192,0.2
13,sco_kcal,63,0.14729633927345276,0.03160285949707031,0.6856738651582912,0.9525540406895647,7.835162162780762,0.404779851436615,0.051661962193894836,0.08
13,sco_kcal,64,0.10395683348178864,0.022920263931155205,0.645798235980088,0.9451324038823146,4.663022518157959,0.19582819938659668,0.04199597978007513,0.06
13,sco_kcal,65,0.3252333700656891,0.011194110848009586,0.6198356134045253,0.9549552754638453,2.1851308345794678,0.2464711219072342,0.11279467481161969,0.2
13,sco_kcal,66,0.11608978360891342,0.02185758203268051,0.6382485262441286,0.939685575725173,4.338611602783203,0.1620127260684967,0.037342067209834164,0.04
13,sco_kcal,67,0.5386232137680054,0.014577362686395645,0.6427314142828391,0.9206276265310989,3.0457358360290527,1.4141134023666382,0.4642928600828103,0.26
13,sco_kcal,68,0.07288340479135513,0.05550805479288101,0.6203528309299255,0.9447197500533548,10.330775260925293,0.0945596843957901,0.009153203124401403,0.08
13,sco_kcal,69,0.19004632532596588,0.024463970214128494,0.667690471058177,0.955077477751854,5.481594562530518,0.4484453499317169,0.08180928830400347,0.02
13,sco_kcal,70,0.07304657995700836,0.033186137676239014,0.657952114432055,0.9593748975903011,6.781876564025879,0.15255048871040344,0.022493846248927588,0.04
13,sco_kcal,71,0.30239057540893555,0.0220627598464489,0.6053396183476514,0.9271891162558881,3.9777443408966064,0.9494677186012268,0.23869500833409804,0.12
13,sco_kcal,72,0.3350814878940582,0.02279912307858467,0.6140753958126097,0.9019203954654638,4.296597003936768,1.0241409540176392,0.23836095241868566,0.1
13,sco_kcal,73,0.607070803642273,0.016052713617682457,0.6784676515492005,0.939057513204318,3.6260626316070557,2.420980930328369,0.6676610903588834,0.34
13,sco_kcal,74,0.1390257030725479,0.0225706547498703,0.6030559657226886,0.949733892211142,3.961970806121826,0.289597749710083,0.07309436739478545,0.08
13,sco_kcal,75,0.15362423658370972,0.020590944215655327,0.6237991875080329,0.9425567933032084,3.8799710273742676,0.3436078727245331,0.08855939137181298,0.06
13,sco_kcal,76,0.12834566831588745,0.018900420516729355,0.6575459164827373,0.9530542803717552,3.989171266555786,0.2873975932598114,0.07204443581284187,0.08
13,sco_kcal,77,0.1612943708896637,0.0184392761439085,0.6407927035535599,0.9444228364136358,3.8653664588928223,0.3122762441635132,0.08078826354098394,0.06
13,sco_kcal,78,0.14241059124469757,0.007087537087500095,0.6432163982502184,0.966093363438506,1.4664301872253418,0.21085023880004883,0.14378470972355134,0.02
13,sco_kcal,79,0.1218593493103981,0.017546238377690315,0.6286265651198142,0.9480695837423594,3.3715925216674805,0.2386501431465149,0.07078261729815626,0.08
13,sco_kcal,80,0.71982342004776,0.011948867700994015,0.6899428507905374,0.905722259409937,2.4908816814422607,2.4291820526123047,0.9752298034508685,0.52
13,sco_kcal,81,0.10543125867843628,0.03101218491792679,0.6524191979335763,0.9643885826935734,6.528153896331787,0.1194624975323677,0.01829958353149341,0.06
13,sco_kcal,82,0.04438908398151398,0.061570119112730026,0.6181919594849679,0.9687778659437773,11.539046287536621,0.02967127598822117,0.0025713802725853743,0.02
13,sco_kcal,83,0.07517075538635254,0.014361444860696793,0.662106021917461,0.9633234656355372,3.118483543395996,0.12461555004119873,0.03996030388074253,0.02
13,sco_kcal,84,0.24931156635284424,0.013172830455005169,0.6357270359188809,0.9266800117613196,2.6708083152770996,0.5071538686752319,0.18988778257664443,0.1
13,sco_kcal,85,0.2276768833398819,0.01317678764462471,0.6088886374953426,0.9547806903113263,2.4193978309631348,0.21261338889598846,0.08787863912870811,0.16
13,sco_kcal,86,0.8867272138595581,0.008572665974497795,0.7437950840079883,0.9115973115694156,1.9528146982192993,3.302129030227661,1.6909587137165407,0.78
13,sco_kcal,87,0.921352744102478,0.002449078718200326,0.7488401298675575,0.9288256168467266,0.49734023213386536,1.0815942287445068,2.174757155888772,0.82
13,sco_kcal,88,0.8499143123626709,0.019789613783359528,0.6475398902325011,0.9463680992971739,4.332004070281982,4.6751580238342285,1.079213672929423,0.74
13,sco_kcal,89,0.1653045266866684,0.10424238443374634,0.6242940028757613,0.9193492671909518,20.814281463623047,2.971360445022583,0.14275585012221564,0.0
13,sco_kcal,90,0.2200128585100174,0.011409093625843525,0.6532829286980244,0.9618065616916913,2.45849609375,0.10072971135377884,0.0409720851742878,0.16
13,sco_kcal,91,0.4769318699836731,0.05241287872195244,0.6301711938579955,0.9166919296316367,9.970664978027344,3.0857553482055664,0.3094834050693448,0.5
13,sco_kcal,92,0.16432011127471924,0.0173600185662508,0.6370558672492652,0.9649500437553431,3.4852519035339355,0.03980530425906181,0.011421069512565359,0.18
13,sco_kcal,93,0.03844306990504265,0.0927106961607933,0.670733338963976,0.9644484072627368,21.029510498046875,0.2482650727033615,0.011805556421601884,0.02
13,sco_kcal,94,0.1060418114066124,0.039475299417972565,0.6572467158172564,0.953578753653002,8.508127212524414,0.045070748776197433,0.005297375985381472,0.02
13,sco_kcal,95,0.7831836938858032,0.012247687205672264,0.7008290507417423,0.931633842234024,2.573854923248291,2.980708122253418,1.1580715351631647,0.7
13,sco_kcal,96,0.13418540358543396,0.03018110617995262,0.6251352836811728,0.9508477143041862,5.693472385406494,0.16528290510177612,0.029030246203604886,0.14
13,sco_kcal,97,0.899323046207428,0.010547298938035965,0.7075370646417485,0.9184873261127429,2.344606399536133,4.067198753356934,1.7347042787913596,0.56
13,sco_kcal,98,0.1743793934583664,0.015860015526413918,0.6150900495341176,0.9455061493171193,2.922719955444336,0.21238502860069275,0.07266691022007417,0.06
13,sco_kcal,99,0.23016579449176788,0.017926277592778206,0.6431606946455044,0.9494457102513565,3.612445592880249,0.5337495803833008,0.14775297417219657,0.1
13,sco_kcal,100,0.2971842586994171,0.008841320872306824,0.6425639921947239,0.9531599684098617,1.7832258939743042,0.3369387090206146,0.18894897733324964,0.12
13,sco_kcal,101,0.32086145877838135,0.006085634231567383,0.6290901474702439,0.9581364569520427,1.171932339668274,0.10219928622245789,0.08720579061022099,0.3
13,sco_kcal,102,0.32145559787750244,0.010717635974287987,0.6522965961897846,0.925559893505181,2.3315117359161377,0.5702369213104248,0.24457819041874027,0.14
13,sco_kcal,103,0.30130666494369507,0.036092065274715424,0.6649343557901484,0.9728124432191556,7.759161949157715,0.5430045127868652,0.06998236618141607,0.24
13,sco_kcal,104,0.10701753199100494,0.02568015828728676,0.6172821414003538,0.9541295457389332,4.784539699554443,0.1485612839460373,0.03105027720009763,0.06
13,sco_kcal,105,0.21026071906089783,0.034894317388534546,0.6790290473169418,0.9212722740223582,7.5816802978515625,1.293664574623108,0.17063032517866739,0.04
13,sco_kcal,106,0.17099352180957794,0.01777072623372078,0.6223685484431645,0.9670642052189105,3.3626065254211426,0.10886505246162415,0.032375198120449006,0.08
13,sco_kcal,107,0.7976686358451843,0.012159086763858795,0.6789872736934579,0.92072019449323,2.4035699367523193,2.5546538829803467,1.0628581444283542,0.66
13,sco_kcal,108,0.16446691751480103,0.02004936710000038,0.6562136343961833,0.944274896286089,4.114722728729248,0.1965850591659546,0.047776016058964456,0.16
13,sco_kcal,109,0.5084158778190613,0.027296477928757668,0.6427521972912922,0.9070924428113591,5.4694719314575195,2.4653382301330566,0.4507452019186223,0.28
13,sco_kcal,110,0.1368175894021988,0.015459190122783184,0.6258789872260915,0.9723340561867457,2.9674768447875977,0.05624113231897354,0.018952509239545254,0.12
13,sco_kcal,111,0.99252849817276,0.0012111295945942402,0.8614472923666168,0.9370067755086622,0.05681924521923065,2.0053746700286865,35.29393363623847,0.96
13,sco_kcal,112,0.8506750464439392,0.06754901260137558,0.6666442408620852,0.9336773350496124,14.230006217956543,19.213260650634766,1.3501934121708226,0.06
13,sco_kcal,113,0.08139089494943619,0.022361427545547485,0.6599257074663105,0.9583257311640145,4.778705596923828,0.31829598546028137,0.06660715522320028,0.12
13,sco_kcal,114,0.22136825323104858,0.013077165931463242,0.661974010894268,0.9596229174158708,2.8521783351898193,0.45803314447402954,0.16059064008125787,0.06
13,sco_kcal,115,0.10707520693540573,0.019185008481144905,0.6584340651577236,0.9455046955750401,4.070775508880615,0.24070565402507782,0.05913017151153767,0.02
13,sco_kcal,116,0.5871216654777527,0.026084408164024353,0.6588376882668949,0.9054300037461092,5.447078227996826,3.5223684310913086,0.6466528079194975,0.34
13,sco_kcal,117,0.2765348553657532,0.029547596350312233,0.6332881961224242,0.9284175318744996,5.822855472564697,1.160468578338623,0.19929544598974747,0.2
13,sco_kcal,118,0.8555137515068054,0.006188583560287952,0.7196040850494831,0.8884246111901779,1.498921275138855,2.0141987800598145,1.343765555581447,0.74
13,sco_kcal,119,0.3082704544067383,0.019717829301953316,0.6350789939824479,0.9396887571206793,3.912721872329712,0.7968714237213135,0.20366165797694188,0.24
13,sco_kcal,120,0.18002943694591522,0.015314974822103977,0.66067768596459,0.965933998917613,3.2852272987365723,0.16646204888820648,0.05066987266062966,0.16
13,sco_kcal,121,0.794340193271637,0.01175285317003727,0.6942396973707201,0.9156914418795548,2.5679705142974854,3.06500244140625,1.193550480561003,0.48
13,sco_kcal,122,0.5708951950073242,0.029121406376361847,0.6570270242213325,0.8835025312018208,5.970777988433838,3.7866790294647217,0.6342019476858801,0.28
13,sco_kcal,123,0.5847543478012085,0.009749172255396843,0.6667799797452816,0.908352071628497,2.1510629653930664,1.2271215915679932,0.5704721857566637,0.34
13,sco_kcal,124,0.30382290482521057,0.03841426968574524,0.6111413530428351,0.9035126581917805,7.337707996368408,2.5189995765686035,0.34329515126730464,0.18
13,sco_kcal,125,0.3586493730545044,0.011970956809818745,0.6624793147971313,0.9635070288965475,2.5933938026428223,0.5603299140930176,0.21606048164455707,0.28
13,sco_kcal,126,0.7663909792900085,0.013136683031916618,0.6999929642441118,0.9113021771154366,2.993983745574951,2.8703882694244385,0.9587187217254655,0.5
13,sco_kcal,127,0.16742508113384247,0.01647677645087242,0.6390441745053101,0.9449342138020889,3.2755370140075684,0.06232747063040733,0.019028168622082106,0.1
13,sco_kcal,128,0.5315389037132263,0.011214254423975945,0.6711578940197427,0.9458028673306103,2.4860363006591797,1.0886026620864868,0.43788687309104884,0.52
13,sco_kcal,129,0.13280686736106873,0.03675897419452667,0.6511791681580135,0.9624866428174734,7.946903705596924,0.5169493556022644,0.06505041142478954,0.02
13,sco_kcal,130,0.23399636149406433,0.011302066966891289,0.6534125140390081,0.9631748572808576,2.421006917953491,0.2244320809841156,0.0927019577349374,0.22
13,sco_kcal,131,0.3999863862991333,0.0032152871135622263,0.6559214997799585,0.9611391042372812,0.6674032807350159,0.31332623958587646,0.4694706313711975,0.28
13,sco_kcal,132,0.2219003587961197,0.03173837065696716,0.6421822462381532,0.9192989601473209,6.586803913116455,1.0431246757507324,0.15836583106315555,0.04
13,sco_kcal,133,0.5773482918739319,0.017879681661725044,0.640570219057299,0.9054644181189431,3.7259466648101807,1.9469327926635742,0.5225337257377948,0.34
13,sco_kcal,134,0.16005991399288177,0.019719570875167847,0.6373731589429816,0.9516926889787618,3.875107765197754,0.26614654064178467,0.06868106818397159,0.02
13,sco_kcal,135,0.08829411119222641,0.02127809450030327,0.6623761025318973,0.9822417622205488,4.587569236755371,0.216733917593956,0.047243737676479054,0.2
13,sco_kcal,136,0.603641927242279,0.01914466917514801,0.6554944077475005,0.8951065429341203,4.107093811035156,2.576202392578125,0.6272567686806297,0.34
13,sco_kcal,137,0.11429286748170853,0.04953484982252121,0.6276692395800005,0.9524302038025516,9.471189498901367,0.4470032751560211,0.047196107226855966,0.04
13,sco_kcal,138,0.44098204374313354,0.004355366807430983,0.6202177810359648,0.9380668782917139,0.8764017224311829,0.39573806524276733,0.4515487077603748,0.34
13,sco_kcal,139,0.5575467348098755,0.02492375485599041,0.6414572320594536,0.9315723299337901,5.367808818817139,2.3314216136932373,0.43433395122425283,0.42
13,sco_kcal,140,0.1890314817428589,0.011325043626129627,0.6585026296406287,0.9607787980854767,2.5081021785736084,0.1344170868396759,0.053593146239409084,0.06
13,sco_kcal,141,0.5914210677146912,0.024242280051112175,0.6272252194705144,0.9156499514226359,4.496262073516846,2.4843051433563232,0.5525267661751692,0.4
13,sco_kcal,142,0.789249837398529,0.013784498907625675,0.7053250389843637,0.9115220184203716,2.9970481395721436,3.337270736694336,1.1135192300150247,0.62
13,sco_kcal,143,0.0702817291021347,0.03875527158379555,0.6529274223303616,0.9832002263935034,7.968423366546631,0.21963466703891754,0.027563127225518288,0.04
13,sco_kcal,144,0.13780593872070312,0.015486118383705616,0.6320354097288945,0.947693839778297,2.991318464279175,0.1188528910279274,0.03973261036803972,0.1
13,sco_kcal,145,0.36902257800102234,0.016417061910033226,0.6530666378527532,0.9186883988803101,3.4967000484466553,1.088627576828003,0.3113299859138921,0.14
13,sco_kcal,146,0.273681640625,0.011874630115926266,0.6547877696028133,0.9658266675412219,2.650390625,0.06671608984470367,0.02517217243956395,0.3
13,sco_kcal,147,0.3068690896034241,0.0030933753587305546,0.6410328848717477,0.9494211216130357,0.7524697780609131,0.17508931457996368,0.2326861751593033,0.2
13,sco_kcal,148,0.9590991735458374,0.011716892011463642,0.6905829315286434,0.9041888750595555,2.254430055618286,6.701432704925537,2.9725618181077893,0.74
13,sco_kcal,149,0.29593169689178467,0.02082730084657669,0.6415280331939504,0.933792178570682,4.1804728507995605,0.8787968158721924,0.2102146927480017,0.14
13,sco_kcal,150,0.08545990288257599,0.020831724628806114,0.6235078415950335,0.9627184498605483,3.924717664718628,0.07065434008836746,0.018002400713691295,0.06
13,sco_kcal,151,0.2481479048728943,0.05334446579217911,0.6098253989811762,0.9120854755725296,9.893348693847656,2.16231107711792,0.21856210106721388,0.16
13,sco_kcal,152,0.8540529012680054,0.014767833985388279,0.6922359852822777,0.923406733780114,3.3766660690307617,4.492377281188965,1.3304179890309547,0.54
13,sco_kcal,153,0.08440195769071579,0.04643910378217697,0.6732230373305081,0.9375529418171697,10.817667007446289,0.3752712905406952,0.034690593663345246,0.02
13,sco_kcal,154,0.23551563918590546,0.0047714184038341045,0.6511909334543378,0.9709992034262416,0.9922708868980408,0.12770254909992218,0.1286972648155947,0.1
13,sco_kcal,155,0.4712984561920166,0.01734343357384205,0.6410804436870783,0.9092150059745239,3.4522299766540527,1.68254554271698,0.4873793328067111,0.24
13,sco_kcal,156,0.30184242129325867,0.02399691380560398,0.6090941821519169,0.9528973395575551,4.362277030944824,0.5372979640960693,0.12316915232219815,0.18
13,sco_kcal,157,0.1104099303483963,0.13333310186862946,0.636708391110907,0.9259507183517708,27.136547088623047,4.162923812866211,0.15340654060632164,0.02
13,sco_kcal,158,0.03583046793937683,0.022274328395724297,0.6419632571542733,0.9839792067374156,4.639069080352783,0.05375705286860466,0.011587896609747541,0.02
13,sco_kcal,159,0.062213294208049774,0.03291839733719826,0.6585049241282794,0.9629216981328157,6.9705986976623535,0.08391274511814117,0.012038097265057304,0.02
13,sco_kcal,160,0.15034884214401245,0.017553141340613365,0.6542165831074924,0.9492137443951896,3.690458059310913,0.3187869191169739,0.08638139602011848,0.1
13,sco_kcal,161,0.1757442206144333,0.04402616620063782,0.6620069604794119,0.93775825421942,10.033382415771484,1.2863452434539795,0.1282065399432969,0.02
13,sco_kcal,162,0.283080518245697,0.010864402167499065,0.6576658299826483,0.93617274792183,2.3713772296905518,0.580374538898468,0.244741550029222,0.08
13,sco_kcal,163,0.4969733655452728,0.015461144968867302,0.6713485251848672,0.9587672118076755,3.3911185264587402,0.9993763566017151,0.2947040478839702,0.44
13,sco_kcal,164,0.4043896198272705,0.00804775021970272,0.6081533353935431,0.9396120511706232,1.4465757608413696,0.44850677251815796,0.31004720572484473,0.36
13,sco_kcal,165,0.3219262361526489,0.044722653925418854,0.6129318753732964,0.9241050923626701,8.251811027526855,1.846579909324646,0.2237787442253247,0.18
13,sco_kcal,166,0.22957490384578705,0.03144519403576851,0.6324482805682781,0.9594978659163993,6.077188014984131,0.17654940485954285,0.029051167155637832,0.26
13,sco_kcal,167,0.5802505016326904,0.012358373031020164,0.6760025642948155,0.9325269083506489,2.690108060836792,1.4401739835739136,0.5353591569574083,0.38
13,sco_kcal,168,0.2150713950395584,0.011589372530579567,0.6644375767238848,0.9614672797901276,2.627741575241089,0.15083597600460052,0.05740137364564158,0.1
13,sco_kcal,169,0.5765957236289978,0.013181122951209545,0.6738915413315048,0.922473654892525,2.9576234817504883,1.8364596366882324,0.6209240790857232,0.34
13,sco_kcal,170,0.2519131302833557,0.006564470008015633,0.6487687126097916,0.9596353664596997,1.3871169090270996,0.19107800722122192,0.1377519126021186,0.14
13,sco_kcal,171,0.12626391649246216,0.01226198673248291,0.6583966565876926,0.9719328838998198,2.6120212078094482,0.23164288699626923,0.08868338675953354,0.04
13,sco_kcal,172,0.8880102038383484,0.011275232769548893,0.6972139787487555,0.9095112340456175,2.246201515197754,3.4648876190185547,1.5425542167856248,0.9
13,sco_kcal,173,0.1884012073278427,0.029166329652071,0.612812623878545,0.946778255215079,5.308638572692871,0.3063991069793701,0.05771707807637495,0.2
13,sco_kcal,174,0.8690893650054932,0.008315403014421463,0.7180045751553361,0.9224969599718773,1.9212837219238281,2.49786639213562,1.3001028237695398,0.76
13,sco_kcal,175,0.19222904741764069,0.00989213865250349,0.653913863160293,0.9394182344070001,2.130521535873413,0.3498990535736084,0.16423164360559553,0.06
13,sco_kcal,176,0.23398667573928833,0.03198197856545448,0.6121834025284807,0.9282803125630628,5.952206134796143,1.1824171543121338,0.19865191620293748,0.12
13,sco_kcal,177,0.2678728401660919,0.014730759896337986,0.6679199971262446,0.9466331899398692,3.3042078018188477,0.29060500860214233,0.08794997955097579,0.16
13,sco_kcal,178,0.21363301575183868,0.03281935676932335,0.6348049249055896,0.9369656085462519,6.561450004577637,1.351456642150879,0.20596920516166803,0.0
13,sco_kcal,179,0.13139933347702026,0.021421004086732864,0.6177769559596407,0.9742482313251684,3.9501237869262695,0.16176743805408478,0.04095249839751521,0.12
13,sco_kcal,180,0.1221696212887764,0.0475333034992218,0.6402489382209604,0.9116988374983483,9.347333908081055,0.5417523980140686,0.05795795927924509,0.02
13,sco_kcal,181,0.5277767777442932,0.023849740624427795,0.6419837446971759,0.9154398610318746,4.546565055847168,2.7200279235839844,0.598259980924689,0.3
13,sco_kcal,182,0.06671562045812607,0.03674217313528061,0.6583456654419715,0.946082412796341,8.072750091552734,0.3328426778316498,0.041230395349403155,0.04
13,sco_kcal,183,0.31263670325279236,0.01891680620610714,0.6296148989290842,0.9303249833833431,3.60097074508667,1.1247838735580444,0.3123557377112134,0.12
13,sco_kcal,184,0.1992366760969162,0.02157023921608925,0.6385618565490672,0.962706793082883,4.274225234985352,0.5605974793434143,0.13115768321117396,0.06
13,sco_kcal,185,0.21345460414886475,0.0099183963611722,0.6598084167018416,0.9551423623490711,2.176328420639038,0.15267881751060486,0.07015430946114906,0.12
13,sco_kcal,186,0.23609451949596405,0.015402431599795818,0.6239730794625615,0.9627829998306157,2.964019536972046,0.3270130157470703,0.11032755070202306,0.1
13,sco_kcal,187,0.7950650453567505,0.01085138414055109,0.6948524099651636,0.9135783371202075,2.3380165100097656,2.552510976791382,1.0917420667746782,0.66
13,sco_kcal,188,0.35769253969192505,0.09691618382930756,0.6725698629790442,0.9478486938503008,22.315500259399414,2.2945237159729004,0.10282197079612562,0.38
13,sco_kcal,189,0.7357324361801147,0.01239391416311264,0.6614580538590533,0.896477149993459,2.5553627014160156,2.2838640213012695,0.8937533681757587,0.66
13,sco_kcal,190,0.3363059163093567,0.019606292247772217,0.658575981432526,0.9485524056324455,3.9816391468048096,0.6259292364120483,0.15720390857477498,0.22
13,sco_kcal,191,0.0763339027762413,0.0347304530441761,0.6652308163930203,0.9541006020437712,7.457559585571289,0.2251322716474533,0.030188464344694466,0.06
13,sco_kcal,192,0.7536738514900208,0.018100731074810028,0.6670251677773764,0.9191875018521065,3.448763370513916,3.509690999984741,1.0176665148997295,0.56
13,sco_kcal,193,0.20226790010929108,0.01400342583656311,0.6222022127534641,0.9600927563753543,2.7122864723205566,0.0854094997048378,0.03148985204050508,0.1
13,sco_kcal,194,0.14083535969257355,0.04508805274963379,0.6571915559918486,0.9342387265868324,9.934476852416992,1.0891165733337402,0.10962998751854411,0.04
13,sco_kcal,195,0.08349233120679855,0.04419951140880585,0.6136859973437707,0.9430776226436275,8.126363754272461,0.19009961187839508,0.02339294887931267,0.02
13,sco_kcal,196,0.09860648959875107,0.03624242544174194,0.6517449614797304,0.930209513103841,7.7237162590026855,0.5558984279632568,0.07197292201345527,0.04
13,sco_kcal,197,0.31809696555137634,0.016440095379948616,0.6493537506871847,0.9502698797626461,3.4124860763549805,0.6963131427764893,0.20404863996404948,0.08
13,sco_kcal,198,0.5100319385528564,0.01689814031124115,0.6489744448960009,0.94215435248638,3.3215548992156982,1.635489821434021,0.49238681011119245,0.3
13,sco_kcal,199,0.4784313142299652,0.012056269682943821,0.6306980313525365,0.9217359275516246,2.392005443572998,1.0660151243209839,0.4456574825886059,0.24
13,sco_kcal,200,0.14484499394893646,0.013275953009724617,0.6483657851865248,0.959414341891131,2.7349541187286377,0.11549127846956253,0.04222786688767176,0.02
13,sco_kcal,201,0.5123452544212341,0.024345116689801216,0.6198652750298028,0.8995664224502546,4.6579132080078125,1.9447782039642334,0.41752134853453277,0.26
13,sco_kcal,202,0.11407898366451263,0.02919769659638405,0.6278307605751741,0.9600154972810961,5.750230312347412,0.13033172488212585,0.02266547908564042,0.08
13,sco_kcal,203,0.7708002328872681,0.005232742987573147,0.6964537846553491,0.9151503623582202,1.1791948080062866,1.060082197189331,0.8989881824375192,0.62
13,sco_kcal,204,0.048091404139995575,0.03844701498746872,0.6080968751092779,0.9683729656417206,6.894632339477539,0.10804243385791779,0.01567051418235668,0.08
13,sco_kcal,205,0.16722482442855835,0.009816233068704605,0.661281286175279,0.9731615255268853,2.1408395767211914,0.2265799343585968,0.10583695145696807,0.06
13,sco_kcal,206,0.04279564693570137,0.017606982961297035,0.6594994661583866,0.9665608379139956,3.763990879058838,0.08802229911088943,0.023385364614087176,0.04
13,sco_kcal,207,0.5250205993652344,0.022048231214284897,0.6243107378572537,0.900134268915038,4.124844551086426,2.2356042861938477,0.5419850999245587,0.36
13,sco_kcal,208,0.4520212411880493,0.02080448903143406,0.6644004341102143,0.9523287446246878,4.422789573669434,1.8130810260772705,0.4099406032950875,0.32
13,sco_kcal,209,0.3596411943435669,0.0035573968198150396,0.672371722658117,0.9559664115394426,0.8885030150413513,0.2867797315120697,0.3227673138494897,0.2
13,sco_kcal,210,0.2178335040807724,0.019642619416117668,0.6456475616620423,0.937634381110825,4.071844100952148,0.32586410641670227,0.08002863035461086,0.08
13,sco_kcal,211,0.17618831992149353,0.008687511086463928,0.657071296639985,0.9572956846238623,1.8859984874725342,0.2785612642765045,0.1476996223097773,0.08
13,sco_kcal,212,0.5365643501281738,0.03339901193976402,0.6414823058302832,0.910091330118133,6.177743434906006,3.779311418533325,0.6117624434156883,0.48
13,sco_kcal,213,0.8277578353881836,0.010325542651116848,0.6802214004855771,0.9097408446471218,2.16212797164917,2.670711040496826,1.2352233889558966,0.82
13,sco_kcal,214,0.10625781118869781,0.009706326760351658,0.658160850718335,0.9553436001647286,2.068567991256714,0.08887027949094772,0.042962223077306974,0.04
13,sco_kcal,215,0.31148532032966614,0.6249576210975647,0.6651098467677778,0.9844062820636204,134.01699829101562,5.837067604064941,0.043554680962110855,0.16
13,sco_kcal,216,0.24441951513290405,0.03999411314725876,0.6030436406227064,0.9026612549137611,7.0320143699646,1.4788576364517212,0.21030355722369862,0.08
13,sco_kcal,217,0.24178250133991241,0.023366248235106468,0.6587530666711303,0.9399691064278046,5.067480564117432,0.9738526344299316,0.1921768859511237,0.06
13,sco_kcal,218,0.07012823969125748,0.06073983758687973,0.6263727207744116,0.955285793346971,12.17388916015625,0.3115929067134857,0.025595181836655267,0.0
13,sco_kcal,219,0.21537238359451294,0.018911341205239296,0.6519918030475313,0.9474905661846025,3.944936752319336,0.3797748386859894,0.09626892965082631,0.06
13,sco_kcal,220,0.24504873156547546,0.04417739808559418,0.6411827496580504,0.9179141680449376,9.376633644104004,2.273254632949829,0.24243824801444003,0.04
13,sco_kcal,221,0.37134379148483276,0.0629810020327568,0.6074102854924928,0.9080546802321627,11.371100425720215,3.789705276489258,0.33327515672250585,0.08
13,sco_kcal,222,0.17588937282562256,0.01943020708858967,0.6632420959069587,0.9757000874851618,4.185220718383789,0.09710012376308441,0.02320071754795806,0.16
13,sco_kcal,223,0.34332892298698425,0.033368587493896484,0.681510294974921,0.9388268237791266,7.726385116577148,1.1238449811935425,0.1454554703443795,0.18
13,sco_kcal,224,0.12895749509334564,0.040627945214509964,0.6083892264518178,0.9692482319236368,7.205960750579834,0.10110536217689514,0.014030795570009122,0.06
13,sco_kcal,225,0.08966436237096786,0.035545822232961655,0.6566342288080016,0.9783084794661536,7.424598693847656,0.28717267513275146,0.03867854506004684,0.04
13,sco_kcal,226,0.28165316581726074,0.018531102687120438,0.6432756448359176,0.9344934122118795,3.8240530490875244,0.6423119306564331,0.1679662709725479,0.1
13,sco_kcal,227,0.07201873511075974,0.027542106807231903,0.6607287555694377,0.9490319661166868,5.8470258712768555,0.2595517039299011,0.044390380621528024,0.04
13,sco_kcal,228,0.17482316493988037,0.01937311328947544,0.6115057058798061,0.9386844594728443,3.666246175765991,0.3019874691963196,0.08236966497025398,0.16
13,sco_kcal,229,0.7625938057899475,0.013139843009412289,0.6787566184401321,0.8999993224236222,2.7430644035339355,2.678378105163574,0.9764182356465911,0.62
13,sco_kcal,230,0.7547337412834167,0.012086022645235062,0.6483325371152378,0.9217602189563083,2.189197540283203,2.222520351409912,1.0152214729431854,0.74
13,sco_kcal,231,0.06821171939373016,0.07439275085926056,0.6622785788607175,0.961836985527506,16.54743194580078,0.018637144938111305,0.0011262862418262326,0.02
13,sco_kcal,232,0.3860560953617096,0.0014005879638716578,0.6579517693512624,0.9680952999367225,0.4086207151412964,0.09514344483613968,0.23284048338870966,0.28
13,sco_kcal,233,0.35850611329078674,0.012394529767334461,0.6649152008566268,0.9377558570251443,2.826265335083008,0.5618541240692139,0.19879737301901704,0.22
13,sco_kcal,234,0.2324257344007492,0.027220893651247025,0.661544842709844,0.9477192262977729,5.816952705383301,0.27255338430404663,0.046855011224659265,0.18
13,sco_kcal,235,0.15354520082473755,0.020250936970114708,0.6564923706499319,0.9503283258488797,4.268223762512207,0.4849151074886322,0.11361051680271304,0.04
13,sco_kcal,236,0.8414628505706787,0.008892986923456192,0.697253617015847,0.8997662460090088,1.931249737739563,2.6398096084594727,1.3668918922672557,0.7
13,sco_kcal,237,0.24485285580158234,0.013405500911176205,0.6435081806512535,0.9277790879306904,2.8401243686676025,0.408694326877594,0.1439001514815093,0.16
13,sco_kcal,238,0.35883355140686035,0.004888709168881178,0.607788063612759,0.9592770381089011,0.9110376834869385,0.3308955430984497,0.3632073064551712,0.22
13,sco_kcal,239,0.07267598062753677,0.02979755960404873,0.6199469244489162,0.9653898500393192,5.857090473175049,0.041400130838155746,0.007068378237926262,0.0
13,sco_kcal,240,0.3062083423137665,0.01597357913851738,0.6211240380694611,0.9223959568353601,3.089355707168579,0.6944505572319031,0.22478815101171143,0.1
13,sco_kcal,241,0.25340548157691956,0.04149453714489937,0.6617402987357996,0.9792760261746554,8.850879669189453,0.29392334818840027,0.033208376926823276,0.22
13,sco_kcal,242,0.08636224269866943,0.027708370238542557,0.6219929092285092,0.9559131331081565,5.1798481941223145,0.19774454832077026,0.03817574201212214,0.06
13,sco_kcal,243,0.2628558278083801,0.014629606157541275,0.6200889819130242,0.9471248414255251,2.7259113788604736,0.4942558705806732,0.18131765926568363,0.14
13,sco_kcal,244,0.7342827320098877,0.03028016909956932,0.6739541827482396,0.9284249056781357,6.434539318084717,5.987856864929199,0.9305805076207887,0.52
13,sco_kcal,245,0.0584585964679718,0.019740380346775055,0.65961341362453,0.9597896983885039,4.1963396072387695,0.19933699071407318,0.04750258781968287,0.02
13,sco_kcal,246,0.25432759523391724,0.0021759949158877134,0.6412726266041384,0.94804468018714,0.407682865858078,0.10814473032951355,0.2652668026699968,0.22
13,sco_kcal,247,0.4700022339820862,0.03159967437386513,0.6228823541895803,0.8967632463556503,5.978372097015381,2.599263906478882,0.43477787335728535,0.3
13,sco_kcal,248,0.4528433382511139,0.02902050130069256,0.6005722182257036,0.9167182676067636,5.169225215911865,1.497262716293335,0.2896493485492707,0.38
13,sco_kcal,249,0.1472882181406021,0.026600047945976257,0.6144234388427305,0.9535655964665279,4.902612209320068,0.032845135778188705,0.006699517395185518,0.2
13,water_gsolv_eV,0,1.0,0.0,0.6635544952551542,0.6635544952551542,,,,1.0
13,water_gsolv_eV,1,1.0,0.0,0.6635544952551542,0.6635544952551542,,,,1.0
13,water_gsolv_eV,2,1.0,0.0,0.6635544952551542,0.6635544952551542,,,,1.0
13,water_gsolv_eV,3,1.0,0.0,0.6635544952551542,0.6635544952551542,,,,1.0
13,water_gsolv_eV,4,1.0,0.0,0.6635544952551542,0.6635544952551542,,,,1.0
13,water_gsolv_eV,5,1.0,0.0,0.6635544952551542,0.6635544952551542,,,,1.0
13,water_gsolv_eV,6,1.0,0.0,0.6635544952551542,0.6635544952551542,,,,1.0
13,water_gsolv_eV,7,1.0,0.0,0.6635544952551542,0.6635544952551542,,,,1.0
13,water_gsolv_eV,8,1.0,0.0,0.6635544952551542,0.6635544952551542,,,,1.0
13,water_gsolv_eV,9,1.0,0.0,0.6635544952551542,0.6635544952551542,,,,1.0
13,water_gsolv_eV,10,1.0,0.0,0.6635544952551542,0.6635544952551542,,,,1.0
13,water_gsolv_eV,11,1.0,0.0,0.6635544952551542,0.6635544952551542,,,,1.0
13,water_gsolv_eV,12,1.0,0.0,0.6635544952551542,0.6635544952551542,,,,1.0
13,water_gsolv_eV,13,1.0,0.0,0.6635544952551542,0.6635544952551542,,,,1.0
13,water_gsolv_eV,14,1.0,0.0,0.6635544952551542,0.6635544952551542,,,,1.0
13,water_gsolv_eV,15,1.0,0.0,0.6635544952551542,0.6635544952551542,,,,1.0
13,water_gsolv_eV,16,1.0,0.0,0.6635544952551542,0.6635544952551542,,,,1.0
13,water_gsolv_eV,17,1.0,0.0,0.6635544952551542,0.6635544952551542,,,,1.0
13,water_gsolv_eV,18,1.0,0.0,0.6635544952551542,0.6635544952551542,,,,1.0
13,water_gsolv_eV,19,1.0,0.0,0.6635544952551542,0.6635544952551542,,,,1.0
13,water_gsolv_eV,20,1.0,0.0,0.6635544952551542,0.6635544952551542,,,,1.0
13,water_gsolv_eV,21,1.0,0.0,0.6635544952551542,0.6635544952551542,,,,1.0
13,water_gsolv_eV,22,1.0,0.0,0.6635544952551542,0.6635544952551542,,,,1.0
13,water_gsolv_eV,23,1.0,0.0,0.6635544952551542,0.6635544952551542,,,,1.0
13,water_gsolv_eV,24,1.0,0.0,0.6635544952551542,0.6635544952551542,,,,1.0
13,water_gsolv_eV,25,1.0,0.0,0.6635544952551542,0.6635544952551542,,,,1.0
13,water_gsolv_eV,26,1.0,0.0,0.6635544952551542,0.6635544952551542,,,,1.0
13,water_gsolv_eV,27,1.0,0.0,0.6635544952551542,0.6635544952551542,,,,1.0
13,water_gsolv_eV,28,1.0,0.0,0.6635544952551542,0.6635544952551542,,,,1.0
13,water_gsolv_eV,29,1.0,0.0,0.6635544952551542,0.6635544952551542,,,,1.0
13,water_gsolv_eV,30,1.0,0.0,0.6635544952551542,0.6635544952551542,,,,1.0
13,water_gsolv_eV,31,1.0,0.0,0.6635544952551542,0.6635544952551542,,,,1.0
13,water_gsolv_eV,32,1.0,0.0,0.6635544952551542,0.6635544952551542,,,,1.0
13,water_gsolv_eV,33,1.0,0.0,0.6635544952551542,0.6635544952551542,,,,1.0
13,water_gsolv_eV,34,1.0,0.0,0.6635544952551542,0.6635544952551542,,,,1.0
13,water_gsolv_eV,35,1.0,0.0,0.6635544952551542,0.6635544952551542,,,,1.0
13,water_gsolv_eV,36,1.0,0.0,0.6635544952551542,0.6635544952551542,,,,1.0
13,water_gsolv_eV,37,1.0,0.0,0.6635544952551542,0.6635544952551542,,,,1.0
13,water_gsolv_eV,38,1.0,0.0,0.6635544952551542,0.6635544952551542,,,,1.0
13,water_gsolv_eV,39,1.0,0.0,0.6635544952551542,0.6635544952551542,,,,1.0
13,water_gsolv_eV,40,1.0,0.0,0.6635544952551542,0.6635544952551542,,,,1.0
13,water_gsolv_eV,41,1.0,0.0,0.6635544952551542,0.6635544952551542,,,,1.0
13,water_gsolv_eV,42,1.0,0.0,0.6635544952551542,0.6635544952551542,,,,1.0
13,water_gsolv_eV,43,1.0,0.0,0.6635544952551542,0.6635544952551542,,,,1.0
13,water_gsolv_eV,44,1.0,0.0,0.6635544952551542,0.6635544952551542,,,,1.0
13,water_gsolv_eV,45,1.0,0.0,0.6635544952551542,0.6635544952551542,,,,1.0
13,water_gsolv_eV,46,1.0,0.0,0.6635544952551542,0.6635544952551542,,,,1.0
13,water_gsolv_eV,47,1.0,0.0,0.6635544952551542,0.6635544952551542,,,,1.0
13,water_gsolv_eV,48,1.0,0.0,0.6635544952551542,0.6635544952551542,,,,1.0
13,water_gsolv_eV,49,1.0,0.0,0.6635544952551542,0.6635544952551542,,,,1.0
13,water_gsolv_eV,50,1.0,0.0,0.6635544952551542,0.6635544952551542,,,,1.0
13,water_gsolv_eV,51,1.0,0.0,0.6635544952551542,0.6635544952551542,,,,1.0
13,water_gsolv_eV,52,1.0,0.0,0.6635544952551542,0.6635544952551542,,,,1.0
13,water_gsolv_eV,53,1.0,0.0,0.6635544952551542,0.6635544952551542,,,,1.0
13,water_gsolv_eV,54,1.0,0.0,0.6635544952551542,0.6635544952551542,,,,1.0
13,water_gsolv_eV,55,1.0,0.0,0.6635544952551542,0.6635544952551542,,,,1.0
13,water_gsolv_eV,56,1.0,0.0,0.6635544952551542,0.6635544952551542,,,,1.0
13,water_gsolv_eV,57,1.0,0.0,0.6635544952551542,0.6635544952551542,,,,1.0
13,water_gsolv_eV,58,1.0,0.0,0.6635544952551542,0.6635544952551542,,,,1.0
13,water_gsolv_eV,59,1.0,0.0,0.6635544952551542,0.6635544952551542,,,,1.0
13,water_gsolv_eV,60,1.0,0.0,0.6635544952551542,0.6635544952551542,,,,1.0
13,water_gsolv_eV,61,1.0,0.0,0.6635544952551542,0.6635544952551542,,,,1.0
13,water_gsolv_eV,62,1.0,0.0,0.6635544952551542,0.6635544952551542,,,,1.0
13,water_gsolv_eV,63,1.0,0.0,0.6635544952551542,0.6635544952551542,,,,1.0
13,water_gsolv_eV,64,1.0,0.0,0.6635544952551542,0.6635544952551542,,,,1.0
13,water_gsolv_eV,65,1.0,0.0,0.6635544952551542,0.6635544952551542,,,,1.0
13,water_gsolv_eV,66,1.0,0.0,0.6635544952551542,0.6635544952551542,,,,1.0
13,water_gsolv_eV,67,1.0,0.0,0.6635544952551542,0.6635544952551542,,,,1.0
13,water_gsolv_eV,68,1.0,0.0,0.6635544952551542,0.6635544952551542,,,,1.0
13,water_gsolv_eV,69,1.0,0.0,0.6635544952551542,0.6635544952551542,,,,1.0
13,water_gsolv_eV,70,1.0,0.0,0.6635544952551542,0.6635544952551542,,,,1.0
13,water_gsolv_eV,71,1.0,0.0,0.6635544952551542,0.6635544952551542,,,,1.0
13,water_gsolv_eV,72,1.0,0.0,0.6635544952551542,0.6635544952551542,,,,1.0
13,water_gsolv_eV,73,1.0,0.0,0.6635544952551542,0.6635544952551542,,,,1.0
13,water_gsolv_eV,74,1.0,0.0,0.6635544952551542,0.6635544952551542,,,,1.0
13,water_gsolv_eV,75,1.0,0.0,0.6635544952551542,0.6635544952551542,,,,1.0
13,water_gsolv_eV,76,1.0,0.0,0.6635544952551542,0.6635544952551542,,,,1.0
13,water_gsolv_eV,77,1.0,0.0,0.6635544952551542,0.6635544952551542,,,,1.0
13,water_gsolv_eV,78,1.0,0.0,0.6635544952551542,0.6635544952551542,,,,1.0
13,water_gsolv_eV,79,1.0,0.0,0.6635544952551542,0.6635544952551542,,,,1.0
13,water_gsolv_eV,80,1.0,0.0,0.6635544952551542,0.6635544952551542,,,,1.0
13,water_gsolv_eV,81,1.0,0.0,0.6635544952551542,0.6635544952551542,,,,1.0
13,water_gsolv_eV,82,1.0,0.0,0.6635544952551542,0.6635544952551542,,,,1.0
13,water_gsolv_eV,83,1.0,0.0,0.6635544952551542,0.6635544952551542,,,,1.0
13,water_gsolv_eV,84,1.0,0.0,0.6635544952551542,0.6635544952551542,,,,1.0
13,water_gsolv_eV,85,1.0,0.0,0.6635544952551542,0.6635544952551542,,,,1.0
13,water_gsolv_eV,86,1.0,0.0,0.6635544952551542,0.6635544952551542,,,,1.0
13,water_gsolv_eV,87,1.0,0.0,0.6635544952551542,0.6635544952551542,,,,1.0
13,water_gsolv_eV,88,1.0,0.0,0.6635544952551542,0.6635544952551542,,,,1.0
13,water_gsolv_eV,89,1.0,0.0,0.6635544952551542,0.6635544952551542,,,,1.0
13,water_gsolv_eV,90,1.0,0.0,0.6635544952551542,0.6635544952551542,,,,1.0
13,water_gsolv_eV,91,1.0,0.0,0.6635544952551542,0.6635544952551542,,,,1.0
13,water_gsolv_eV,92,1.0,0.0,0.6635544952551542,0.6635544952551542,,,,1.0
13,water_gsolv_eV,93,1.0,0.0,0.6635544952551542,0.6635544952551542,,,,1.0
13,water_gsolv_eV,94,1.0,0.0,0.6635544952551542,0.6635544952551542,,,,1.0
13,water_gsolv_eV,95,1.0,0.0,0.6635544952551542,0.6635544952551542,,,,1.0
13,water_gsolv_eV,96,1.0,0.0,0.6635544952551542,0.6635544952551542,,,,1.0
13,water_gsolv_eV,97,1.0,0.0,0.6635544952551542,0.6635544952551542,,,,1.0
13,water_gsolv_eV,98,1.0,0.0,0.6635544952551542,0.6635544952551542,,,,1.0
13,water_gsolv_eV,99,1.0,0.0,0.6635544952551542,0.6635544952551542,,,,1.0
13,water_gsolv_eV,100,1.0,0.0,0.6635544952551542,0.6635544952551542,,,,1.0
13,water_gsolv_eV,101,1.0,0.0,0.6635544952551542,0.6635544952551542,,,,1.0
13,water_gsolv_eV,102,1.0,0.0,0.6635544952551542,0.6635544952551542,,,,1.0
13,water_gsolv_eV,103,1.0,0.0,0.6635544952551542,0.6635544952551542,,,,1.0
13,water_gsolv_eV,104,1.0,0.0,0.6635544952551542,0.6635544952551542,,,,1.0
13,water_gsolv_eV,105,1.0,0.0,0.6635544952551542,0.6635544952551542,,,,1.0
13,water_gsolv_eV,106,1.0,0.0,0.6635544952551542,0.6635544952551542,,,,1.0
13,water_gsolv_eV,107,1.0,0.0,0.6635544952551542,0.6635544952551542,,,,1.0
13,water_gsolv_eV,108,1.0,0.0,0.6635544952551542,0.6635544952551542,,,,1.0
13,water_gsolv_eV,109,1.0,0.0,0.6635544952551542,0.6635544952551542,,,,1.0
13,water_gsolv_eV,110,1.0,0.0,0.6635544952551542,0.6635544952551542,,,,1.0
13,water_gsolv_eV,111,1.0,0.0,0.6635544952551542,0.6635544952551542,,,,1.0
13,water_gsolv_eV,112,1.0,0.0,0.6635544952551542,0.6635544952551542,,,,1.0
13,water_gsolv_eV,113,1.0,0.0,0.6635544952551542,0.6635544952551542,,,,1.0
13,water_gsolv_eV,114,1.0,0.0,0.6635544952551542,0.6635544952551542,,,,1.0
13,water_gsolv_eV,115,1.0,0.0,0.6635544952551542,0.6635544952551542,,,,1.0
13,water_gsolv_eV,116,1.0,0.0,0.6635544952551542,0.6635544952551542,,,,1.0
13,water_gsolv_eV,117,1.0,0.0,0.6635544952551542,0.6635544952551542,,,,1.0
13,water_gsolv_eV,118,1.0,0.0,0.6635544952551542,0.6635544952551542,,,,1.0
13,water_gsolv_eV,119,1.0,0.0,0.6635544952551542,0.6635544952551542,,,,1.0
13,water_gsolv_eV,120,1.0,0.0,0.6635544952551542,0.6635544952551542,,,,1.0
13,water_gsolv_eV,121,1.0,0.0,0.6635544952551542,0.6635544952551542,,,,1.0
13,water_gsolv_eV,122,1.0,0.0,0.6635544952551542,0.6635544952551542,,,,1.0
13,water_gsolv_eV,123,1.0,0.0,0.6635544952551542,0.6635544952551542,,,,1.0
13,water_gsolv_eV,124,1.0,0.0,0.6635544952551542,0.6635544952551542,,,,1.0
13,water_gsolv_eV,125,1.0,0.0,0.6635544952551542,0.6635544952551542,,,,1.0
13,water_gsolv_eV,126,1.0,0.0,0.6635544952551542,0.6635544952551542,,,,1.0
13,water_gsolv_eV,127,1.0,0.0,0.6635544952551542,0.6635544952551542,,,,1.0
13,water_gsolv_eV,128,1.0,0.0,0.6635544952551542,0.6635544952551542,,,,1.0
13,water_gsolv_eV,129,1.0,0.0,0.6635544952551542,0.6635544952551542,,,,1.0
13,water_gsolv_eV,130,1.0,0.0,0.6635544952551542,0.6635544952551542,,,,1.0
13,water_gsolv_eV,131,1.0,0.0,0.6635544952551542,0.6635544952551542,,,,1.0
13,water_gsolv_eV,132,1.0,0.0,0.6635544952551542,0.6635544952551542,,,,1.0
13,water_gsolv_eV,133,1.0,0.0,0.6635544952551542,0.6635544952551542,,,,1.0
13,water_gsolv_eV,134,1.0,0.0,0.6635544952551542,0.6635544952551542,,,,1.0
13,water_gsolv_eV,135,1.0,0.0,0.6635544952551542,0.6635544952551542,,,,1.0
13,water_gsolv_eV,136,1.0,0.0,0.6635544952551542,0.6635544952551542,,,,1.0
13,water_gsolv_eV,137,1.0,0.0,0.6635544952551542,0.6635544952551542,,,,1.0
13,water_gsolv_eV,138,1.0,0.0,0.6635544952551542,0.6635544952551542,,,,1.0
13,water_gsolv_eV,139,1.0,0.0,0.6635544952551542,0.6635544952551542,,,,1.0
13,water_gsolv_eV,140,1.0,0.0,0.6635544952551542,0.6635544952551542,,,,1.0
13,water_gsolv_eV,141,1.0,0.0,0.6635544952551542,0.6635544952551542,,,,1.0
13,water_gsolv_eV,142,1.0,0.0,0.6635544952551542,0.6635544952551542,,,,1.0
13,water_gsolv_eV,143,1.0,0.0,0.6635544952551542,0.6635544952551542,,,,1.0
13,water_gsolv_eV,144,1.0,0.0,0.6635544952551542,0.6635544952551542,,,,1.0
13,water_gsolv_eV,145,1.0,0.0,0.6635544952551542,0.6635544952551542,,,,1.0
13,water_gsolv_eV,146,1.0,0.0,0.6635544952551542,0.6635544952551542,,,,1.0
13,water_gsolv_eV,147,1.0,0.0,0.6635544952551542,0.6635544952551542,,,,1.0
13,water_gsolv_eV,148,1.0,0.0,0.6635544952551542,0.6635544952551542,,,,1.0
13,water_gsolv_eV,149,1.0,0.0,0.6635544952551542,0.6635544952551542,,,,1.0
13,water_gsolv_eV,150,1.0,0.0,0.6635544952551542,0.6635544952551542,,,,1.0
13,water_gsolv_eV,151,1.0,0.0,0.6635544952551542,0.6635544952551542,,,,1.0
13,water_gsolv_eV,152,1.0,0.0,0.6635544952551542,0.6635544952551542,,,,1.0
13,water_gsolv_eV,153,1.0,0.0,0.6635544952551542,0.6635544952551542,,,,1.0
13,water_gsolv_eV,154,1.0,0.0,0.6635544952551542,0.6635544952551542,,,,1.0
13,water_gsolv_eV,155,1.0,0.0,0.6635544952551542,0.6635544952551542,,,,1.0
13,water_gsolv_eV,156,1.0,0.0,0.6635544952551542,0.6635544952551542,,,,1.0
13,water_gsolv_eV,157,1.0,0.0,0.6635544952551542,0.6635544952551542,,,,1.0
13,water_gsolv_eV,158,1.0,0.0,0.6635544952551542,0.6635544952551542,,,,1.0
13,water_gsolv_eV,159,1.0,0.0,0.6635544952551542,0.6635544952551542,,,,1.0
13,water_gsolv_eV,160,1.0,0.0,0.6635544952551542,0.6635544952551542,,,,1.0
13,water_gsolv_eV,161,1.0,0.0,0.6635544952551542,0.6635544952551542,,,,1.0
13,water_gsolv_eV,162,1.0,0.0,0.6635544952551542,0.6635544952551542,,,,1.0
13,water_gsolv_eV,163,1.0,0.0,0.6635544952551542,0.6635544952551542,,,,1.0
13,water_gsolv_eV,164,1.0,0.0,0.6635544952551542,0.6635544952551542,,,,1.0
13,water_gsolv_eV,165,1.0,0.0,0.6635544952551542,0.6635544952551542,,,,1.0
13,water_gsolv_eV,166,1.0,0.0,0.6635544952551542,0.6635544952551542,,,,1.0
13,water_gsolv_eV,167,1.0,0.0,0.6635544952551542,0.6635544952551542,,,,1.0
13,water_gsolv_eV,168,1.0,0.0,0.6635544952551542,0.6635544952551542,,,,1.0
13,water_gsolv_eV,169,1.0,0.0,0.6635544952551542,0.6635544952551542,,,,1.0
13,water_gsolv_eV,170,1.0,0.0,0.6635544952551542,0.6635544952551542,,,,1.0
13,water_gsolv_eV,171,1.0,0.0,0.6635544952551542,0.6635544952551542,,,,1.0
13,water_gsolv_eV,172,1.0,0.0,0.6635544952551542,0.6635544952551542,,,,1.0
13,water_gsolv_eV,173,1.0,0.0,0.6635544952551542,0.6635544952551542,,,,1.0
13,water_gsolv_eV,174,1.0,0.0,0.6635544952551542,0.6635544952551542,,,,1.0
13,water_gsolv_eV,175,1.0,0.0,0.6635544952551542,0.6635544952551542,,,,1.0
13,water_gsolv_eV,176,1.0,0.0,0.6635544952551542,0.6635544952551542,,,,1.0
13,water_gsolv_eV,177,1.0,0.0,0.6635544952551542,0.6635544952551542,,,,1.0
13,water_gsolv_eV,178,1.0,0.0,0.6635544952551542,0.6635544952551542,,,,1.0
13,water_gsolv_eV,179,1.0,0.0,0.6635544952551542,0.6635544952551542,,,,1.0
13,water_gsolv_eV,180,1.0,0.0,0.6635544952551542,0.6635544952551542,,,,1.0
13,water_gsolv_eV,181,1.0,0.0,0.6635544952551542,0.6635544952551542,,,,1.0
13,water_gsolv_eV,182,1.0,0.0,0.6635544952551542,0.6635544952551542,,,,1.0
13,water_gsolv_eV,183,1.0,0.0,0.6635544952551542,0.6635544952551542,,,,1.0
13,water_gsolv_eV,184,1.0,0.0,0.6635544952551542,0.6635544952551542,,,,1.0
13,water_gsolv_eV,185,1.0,0.0,0.6635544952551542,0.6635544952551542,,,,1.0
13,water_gsolv_eV,186,1.0,0.0,0.6635544952551542,0.6635544952551542,,,,1.0
13,water_gsolv_eV,187,1.0,0.0,0.6635544952551542,0.6635544952551542,,,,1.0
13,water_gsolv_eV,188,1.0,0.0,0.6635544952551542,0.6635544952551542,,,,1.0
13,water_gsolv_eV,189,1.0,0.0,0.6635544952551542,0.6635544952551542,,,,1.0
13,water_gsolv_eV,190,1.0,0.0,0.6635544952551542,0.6635544952551542,,,,1.0
13,water_gsolv_eV,191,1.0,0.0,0.6635544952551542,0.6635544952551542,,,,1.0
13,water_gsolv_eV,192,1.0,0.0,0.6635544952551542,0.6635544952551542,,,,1.0
13,water_gsolv_eV,193,1.0,0.0,0.6635544952551542,0.6635544952551542,,,,1.0
13,water_gsolv_eV,194,1.0,0.0,0.6635544952551542,0.6635544952551542,,,,1.0
13,water_gsolv_eV,195,1.0,0.0,0.6635544952551542,0.6635544952551542,,,,1.0
13,water_gsolv_eV,196,1.0,0.0,0.6635544952551542,0.6635544952551542,,,,1.0
13,water_gsolv_eV,197,1.0,0.0,0.6635544952551542,0.6635544952551542,,,,1.0
13,water_gsolv_eV,198,1.0,0.0,0.6635544952551542,0.6635544952551542,,,,1.0
13,water_gsolv_eV,199,1.0,0.0,0.6635544952551542,0.6635544952551542,,,,1.0
13,water_gsolv_eV,200,1.0,0.0,0.6635544952551542,0.6635544952551542,,,,1.0
13,water_gsolv_eV,201,1.0,0.0,0.6635544952551542,0.6635544952551542,,,,1.0
13,water_gsolv_eV,202,1.0,0.0,0.6635544952551542,0.6635544952551542,,,,1.0
13,water_gsolv_eV,203,1.0,0.0,0.6635544952551542,0.6635544952551542,,,,1.0
13,water_gsolv_eV,204,1.0,0.0,0.6635544952551542,0.6635544952551542,,,,1.0
13,water_gsolv_eV,205,1.0,0.0,0.6635544952551542,0.6635544952551542,,,,1.0
13,water_gsolv_eV,206,1.0,0.0,0.6635544952551542,0.6635544952551542,,,,1.0
13,water_gsolv_eV,207,1.0,0.0,0.6635544952551542,0.6635544952551542,,,,1.0
13,water_gsolv_eV,208,1.0,0.0,0.6635544952551542,0.6635544952551542,,,,1.0
13,water_gsolv_eV,209,1.0,0.0,0.6635544952551542,0.6635544952551542,,,,1.0
13,water_gsolv_eV,210,1.0,0.0,0.6635544952551542,0.6635544952551542,,,,1.0
13,water_gsolv_eV,211,1.0,0.0,0.6635544952551542,0.6635544952551542,,,,1.0
13,water_gsolv_eV,212,1.0,0.0,0.6635544952551542,0.6635544952551542,,,,1.0
13,water_gsolv_eV,213,1.0,0.0,0.6635544952551542,0.6635544952551542,,,,1.0
13,water_gsolv_eV,214,1.0,0.0,0.6635544952551542,0.6635544952551542,,,,1.0
13,water_gsolv_eV,215,1.0,0.0,0.6635544952551542,0.6635544952551542,,,,1.0
13,water_gsolv_eV,216,1.0,0.0,0.6635544952551542,0.6635544952551542,,,,1.0
13,water_gsolv_eV,217,1.0,0.0,0.6635544952551542,0.6635544952551542,,,,1.0
13,water_gsolv_eV,218,1.0,0.0,0.6635544952551542,0.6635544952551542,,,,1.0
13,water_gsolv_eV,219,1.0,0.0,0.6635544952551542,0.6635544952551542,,,,1.0
13,water_gsolv_eV,220,1.0,0.0,0.6635544952551542,0.6635544952551542,,,,1.0
13,water_gsolv_eV,221,1.0,0.0,0.6635544952551542,0.6635544952551542,,,,1.0
13,water_gsolv_eV,222,1.0,0.0,0.6635544952551542,0.6635544952551542,,,,1.0
13,water_gsolv_eV,223,1.0,0.0,0.6635544952551542,0.6635544952551542,,,,1.0
13,water_gsolv_eV,224,1.0,0.0,0.6635544952551542,0.6635544952551542,,,,1.0
13,water_gsolv_eV,225,1.0,0.0,0.6635544952551542,0.6635544952551542,,,,1.0
13,water_gsolv_eV,226,1.0,0.0,0.6635544952551542,0.6635544952551542,,,,1.0
13,water_gsolv_eV,227,1.0,0.0,0.6635544952551542,0.6635544952551542,,,,1.0
13,water_gsolv_eV,228,1.0,0.0,0.6635544952551542,0.6635544952551542,,,,1.0
13,water_gsolv_eV,229,1.0,0.0,0.6635544952551542,0.6635544952551542,,,,1.0
13,water_gsolv_eV,230,1.0,0.0,0.6635544952551542,0.6635544952551542,,,,1.0
13,water_gsolv_eV,231,1.0,0.0,0.6635544952551542,0.6635544952551542,,,,1.0
13,water_gsolv_eV,232,1.0,0.0,0.6635544952551542,0.6635544952551542,,,,1.0
13,water_gsolv_eV,233,1.0,0.0,0.6635544952551542,0.6635544952551542,,,,1.0
13,water_gsolv_eV,234,1.0,0.0,0.6635544952551542,0.6635544952551542,,,,1.0
13,water_gsolv_eV,235,1.0,0.0,0.6635544952551542,0.6635544952551542,,,,1.0
13,water_gsolv_eV,236,1.0,0.0,0.6635544952551542,0.6635544952551542,,,,1.0
13,water_gsolv_eV,237,1.0,0.0,0.6635544952551542,0.6635544952551542,,,,1.0
13,water_gsolv_eV,238,1.0,0.0,0.6635544952551542,0.6635544952551542,,,,1.0
13,water_gsolv_eV,239,1.0,0.0,0.6635544952551542,0.6635544952551542,,,,1.0
13,water_gsolv_eV,240,1.0,0.0,0.6635544952551542,0.6635544952551542,,,,1.0
13,water_gsolv_eV,241,1.0,0.0,0.6635544952551542,0.6635544952551542,,,,1.0
13,water_gsolv_eV,242,1.0,0.0,0.6635544952551542,0.6635544952551542,,,,1.0
13,water_gsolv_eV,243,1.0,0.0,0.6635544952551542,0.6635544952551542,,,,1.0
13,water_gsolv_eV,244,1.0,0.0,0.6635544952551542,0.6635544952551542,,,,1.0
13,water_gsolv_eV,245,1.0,0.0,0.6635544952551542,0.6635544952551542,,,,1.0
13,water_gsolv_eV,246,1.0,0.0,0.6635544952551542,0.6635544952551542,,,,1.0
13,water_gsolv_eV,247,1.0,0.0,0.6635544952551542,0.6635544952551542,,,,1.0
13,water_gsolv_eV,248,1.0,0.0,0.6635544952551542,0.6635544952551542,,,,1.0
13,water_gsolv_eV,249,1.0,0.0,0.6635544952551542,0.6635544952551542,,,,1.0
13,water_hl_gap_eV,0,1.0000001192092896,0.0,0.6980117933712178,0.6980117933712178,,,,1.0
13,water_hl_gap_eV,1,1.0000001192092896,0.0,0.6980117933712178,0.6980117933712178,,,,1.0
13,water_hl_gap_eV,2,1.0000001192092896,0.0,0.6980117933712178,0.6980117933712178,,,,1.0
13,water_hl_gap_eV,3,1.0000001192092896,0.0,0.6980117933712178,0.6980117933712178,,,,1.0
13,water_hl_gap_eV,4,1.0000001192092896,0.0,0.6980117933712178,0.6980117933712178,,,,1.0
13,water_hl_gap_eV,5,1.0000001192092896,0.0,0.6980117933712178,0.6980117933712178,,,,1.0
13,water_hl_gap_eV,6,1.0000001192092896,0.0,0.6980117933712178,0.6980117933712178,,,,1.0
13,water_hl_gap_eV,7,1.0000001192092896,0.0,0.6980117933712178,0.6980117933712178,,,,1.0
13,water_hl_gap_eV,8,1.0000001192092896,0.0,0.6980117933712178,0.6980117933712178,,,,1.0
13,water_hl_gap_eV,9,1.0000001192092896,0.0,0.6980117933712178,0.6980117933712178,,,,1.0
13,water_hl_gap_eV,10,1.0000001192092896,0.0,0.6980117933712178,0.6980117933712178,,,,1.0
13,water_hl_gap_eV,11,1.0000001192092896,0.0,0.6980117933712178,0.6980117933712178,,,,1.0
13,water_hl_gap_eV,12,1.0000001192092896,0.0,0.6980117933712178,0.6980117933712178,,,,1.0
13,water_hl_gap_eV,13,1.0000001192092896,0.0,0.6980117933712178,0.6980117933712178,,,,1.0
13,water_hl_gap_eV,14,1.0000001192092896,0.0,0.6980117933712178,0.6980117933712178,,,,1.0
13,water_hl_gap_eV,15,1.0000001192092896,0.0,0.6980117933712178,0.6980117933712178,,,,1.0
13,water_hl_gap_eV,16,1.0000001192092896,0.0,0.6980117933712178,0.6980117933712178,,,,1.0
13,water_hl_gap_eV,17,1.0000001192092896,0.0,0.6980117933712178,0.6980117933712178,,,,1.0
13,water_hl_gap_eV,18,1.0000001192092896,0.0,0.6980117933712178,0.6980117933712178,,,,1.0
13,water_hl_gap_eV,19,1.0000001192092896,0.0,0.6980117933712178,0.6980117933712178,,,,1.0
13,water_hl_gap_eV,20,1.0000001192092896,0.0,0.6980117933712178,0.6980117933712178,,,,1.0
13,water_hl_gap_eV,21,1.0000001192092896,0.0,0.6980117933712178,0.6980117933712178,,,,1.0
13,water_hl_gap_eV,22,1.0000001192092896,0.0,0.6980117933712178,0.6980117933712178,,,,1.0
13,water_hl_gap_eV,23,1.0000001192092896,0.0,0.6980117933712178,0.6980117933712178,,,,1.0
13,water_hl_gap_eV,24,1.0000001192092896,0.0,0.6980117933712178,0.6980117933712178,,,,1.0
13,water_hl_gap_eV,25,1.0000001192092896,0.0,0.6980117933712178,0.6980117933712178,,,,1.0
13,water_hl_gap_eV,26,1.0000001192092896,0.0,0.6980117933712178,0.6980117933712178,,,,1.0
13,water_hl_gap_eV,27,1.0000001192092896,0.0,0.6980117933712178,0.6980117933712178,,,,1.0
13,water_hl_gap_eV,28,1.0000001192092896,0.0,0.6980117933712178,0.6980117933712178,,,,1.0
13,water_hl_gap_eV,29,1.0000001192092896,0.0,0.6980117933712178,0.6980117933712178,,,,1.0
13,water_hl_gap_eV,30,1.0000001192092896,0.0,0.6980117933712178,0.6980117933712178,,,,1.0
13,water_hl_gap_eV,31,1.0000001192092896,0.0,0.6980117933712178,0.6980117933712178,,,,1.0
13,water_hl_gap_eV,32,1.0000001192092896,0.0,0.6980117933712178,0.6980117933712178,,,,1.0
13,water_hl_gap_eV,33,1.0000001192092896,0.0,0.6980117933712178,0.6980117933712178,,,,1.0
13,water_hl_gap_eV,34,1.0000001192092896,0.0,0.6980117933712178,0.6980117933712178,,,,1.0
13,water_hl_gap_eV,35,1.0000001192092896,0.0,0.6980117933712178,0.6980117933712178,,,,1.0
13,water_hl_gap_eV,36,1.0000001192092896,0.0,0.6980117933712178,0.6980117933712178,,,,1.0
13,water_hl_gap_eV,37,1.0000001192092896,0.0,0.6980117933712178,0.6980117933712178,,,,1.0
13,water_hl_gap_eV,38,1.0000001192092896,0.0,0.6980117933712178,0.6980117933712178,,,,1.0
13,water_hl_gap_eV,39,1.0000001192092896,0.0,0.6980117933712178,0.6980117933712178,,,,1.0
13,water_hl_gap_eV,40,1.0000001192092896,0.0,0.6980117933712178,0.6980117933712178,,,,1.0
13,water_hl_gap_eV,41,1.0000001192092896,0.0,0.6980117933712178,0.6980117933712178,,,,1.0
13,water_hl_gap_eV,42,1.0000001192092896,0.0,0.6980117933712178,0.6980117933712178,,,,1.0
13,water_hl_gap_eV,43,1.0000001192092896,0.0,0.6980117933712178,0.6980117933712178,,,,1.0
13,water_hl_gap_eV,44,1.0000001192092896,0.0,0.6980117933712178,0.6980117933712178,,,,1.0
13,water_hl_gap_eV,45,1.0000001192092896,0.0,0.6980117933712178,0.6980117933712178,,,,1.0
13,water_hl_gap_eV,46,1.0000001192092896,0.0,0.6980117933712178,0.6980117933712178,,,,1.0
13,water_hl_gap_eV,47,1.0000001192092896,0.0,0.6980117933712178,0.6980117933712178,,,,1.0
13,water_hl_gap_eV,48,1.0000001192092896,0.0,0.6980117933712178,0.6980117933712178,,,,1.0
13,water_hl_gap_eV,49,1.0000001192092896,0.0,0.6980117933712178,0.6980117933712178,,,,1.0
13,water_hl_gap_eV,50,1.0000001192092896,0.0,0.6980117933712178,0.6980117933712178,,,,1.0
13,water_hl_gap_eV,51,1.0000001192092896,0.0,0.6980117933712178,0.6980117933712178,,,,1.0
13,water_hl_gap_eV,52,1.0000001192092896,0.0,0.6980117933712178,0.6980117933712178,,,,1.0
13,water_hl_gap_eV,53,1.0000001192092896,0.0,0.6980117933712178,0.6980117933712178,,,,1.0
13,water_hl_gap_eV,54,1.0000001192092896,0.0,0.6980117933712178,0.6980117933712178,,,,1.0
13,water_hl_gap_eV,55,1.0000001192092896,0.0,0.6980117933712178,0.6980117933712178,,,,1.0
13,water_hl_gap_eV,56,1.0000001192092896,0.0,0.6980117933712178,0.6980117933712178,,,,1.0
13,water_hl_gap_eV,57,1.0000001192092896,0.0,0.6980117933712178,0.6980117933712178,,,,1.0
13,water_hl_gap_eV,58,1.0000001192092896,0.0,0.6980117933712178,0.6980117933712178,,,,1.0
13,water_hl_gap_eV,59,1.0000001192092896,0.0,0.6980117933712178,0.6980117933712178,,,,1.0
13,water_hl_gap_eV,60,1.0000001192092896,0.0,0.6980117933712178,0.6980117933712178,,,,1.0
13,water_hl_gap_eV,61,1.0000001192092896,0.0,0.6980117933712178,0.6980117933712178,,,,1.0
13,water_hl_gap_eV,62,1.0000001192092896,0.0,0.6980117933712178,0.6980117933712178,,,,1.0
13,water_hl_gap_eV,63,1.0000001192092896,0.0,0.6980117933712178,0.6980117933712178,,,,1.0
13,water_hl_gap_eV,64,1.0000001192092896,0.0,0.6980117933712178,0.6980117933712178,,,,1.0
13,water_hl_gap_eV,65,1.0000001192092896,0.0,0.6980117933712178,0.6980117933712178,,,,1.0
13,water_hl_gap_eV,66,1.0000001192092896,0.0,0.6980117933712178,0.6980117933712178,,,,1.0
13,water_hl_gap_eV,67,1.0000001192092896,0.0,0.6980117933712178,0.6980117933712178,,,,1.0
13,water_hl_gap_eV,68,1.0000001192092896,0.0,0.6980117933712178,0.6980117933712178,,,,1.0
13,water_hl_gap_eV,69,1.0000001192092896,0.0,0.6980117933712178,0.6980117933712178,,,,1.0
13,water_hl_gap_eV,70,1.0000001192092896,0.0,0.6980117933712178,0.6980117933712178,,,,1.0
13,water_hl_gap_eV,71,1.0000001192092896,0.0,0.6980117933712178,0.6980117933712178,,,,1.0
13,water_hl_gap_eV,72,1.0000001192092896,0.0,0.6980117933712178,0.6980117933712178,,,,1.0
13,water_hl_gap_eV,73,1.0000001192092896,0.0,0.6980117933712178,0.6980117933712178,,,,1.0
13,water_hl_gap_eV,74,1.0000001192092896,0.0,0.6980117933712178,0.6980117933712178,,,,1.0
13,water_hl_gap_eV,75,1.0000001192092896,0.0,0.6980117933712178,0.6980117933712178,,,,1.0
13,water_hl_gap_eV,76,1.0000001192092896,0.0,0.6980117933712178,0.6980117933712178,,,,1.0
13,water_hl_gap_eV,77,1.0000001192092896,0.0,0.6980117933712178,0.6980117933712178,,,,1.0
13,water_hl_gap_eV,78,1.0000001192092896,0.0,0.6980117933712178,0.6980117933712178,,,,1.0
13,water_hl_gap_eV,79,1.0000001192092896,0.0,0.6980117933712178,0.6980117933712178,,,,1.0
13,water_hl_gap_eV,80,1.0000001192092896,0.0,0.6980117933712178,0.6980117933712178,,,,1.0
13,water_hl_gap_eV,81,1.0000001192092896,0.0,0.6980117933712178,0.6980117933712178,,,,1.0
13,water_hl_gap_eV,82,1.0000001192092896,0.0,0.6980117933712178,0.6980117933712178,,,,1.0
13,water_hl_gap_eV,83,1.0000001192092896,0.0,0.6980117933712178,0.6980117933712178,,,,1.0
13,water_hl_gap_eV,84,1.0000001192092896,0.0,0.6980117933712178,0.6980117933712178,,,,1.0
13,water_hl_gap_eV,85,1.0000001192092896,0.0,0.6980117933712178,0.6980117933712178,,,,1.0
13,water_hl_gap_eV,86,1.0000001192092896,0.0,0.6980117933712178,0.6980117933712178,,,,1.0
13,water_hl_gap_eV,87,1.0000001192092896,0.0,0.6980117933712178,0.6980117933712178,,,,1.0
13,water_hl_gap_eV,88,1.0000001192092896,0.0,0.6980117933712178,0.6980117933712178,,,,1.0
13,water_hl_gap_eV,89,1.0000001192092896,0.0,0.6980117933712178,0.6980117933712178,,,,1.0
13,water_hl_gap_eV,90,1.0000001192092896,0.0,0.6980117933712178,0.6980117933712178,,,,1.0
13,water_hl_gap_eV,91,1.0000001192092896,0.0,0.6980117933712178,0.6980117933712178,,,,1.0
13,water_hl_gap_eV,92,1.0000001192092896,0.0,0.6980117933712178,0.6980117933712178,,,,1.0
13,water_hl_gap_eV,93,1.0000001192092896,0.0,0.6980117933712178,0.6980117933712178,,,,1.0
13,water_hl_gap_eV,94,1.0000001192092896,0.0,0.6980117933712178,0.6980117933712178,,,,1.0
13,water_hl_gap_eV,95,1.0000001192092896,0.0,0.6980117933712178,0.6980117933712178,,,,1.0
13,water_hl_gap_eV,96,1.0000001192092896,0.0,0.6980117933712178,0.6980117933712178,,,,1.0
13,water_hl_gap_eV,97,1.0000001192092896,0.0,0.6980117933712178,0.6980117933712178,,,,1.0
13,water_hl_gap_eV,98,1.0000001192092896,0.0,0.6980117933712178,0.6980117933712178,,,,1.0
13,water_hl_gap_eV,99,1.0000001192092896,0.0,0.6980117933712178,0.6980117933712178,,,,1.0
13,water_hl_gap_eV,100,1.0000001192092896,0.0,0.6980117933712178,0.6980117933712178,,,,1.0
13,water_hl_gap_eV,101,1.0000001192092896,0.0,0.6980117933712178,0.6980117933712178,,,,1.0
13,water_hl_gap_eV,102,1.0000001192092896,0.0,0.6980117933712178,0.6980117933712178,,,,1.0
13,water_hl_gap_eV,103,1.0000001192092896,0.0,0.6980117933712178,0.6980117933712178,,,,1.0
13,water_hl_gap_eV,104,1.0000001192092896,0.0,0.6980117933712178,0.6980117933712178,,,,1.0
13,water_hl_gap_eV,105,1.0000001192092896,0.0,0.6980117933712178,0.6980117933712178,,,,1.0
13,water_hl_gap_eV,106,1.0000001192092896,0.0,0.6980117933712178,0.6980117933712178,,,,1.0
13,water_hl_gap_eV,107,1.0000001192092896,0.0,0.6980117933712178,0.6980117933712178,,,,1.0
13,water_hl_gap_eV,108,1.0000001192092896,0.0,0.6980117933712178,0.6980117933712178,,,,1.0
13,water_hl_gap_eV,109,1.0000001192092896,0.0,0.6980117933712178,0.6980117933712178,,,,1.0
13,water_hl_gap_eV,110,1.0000001192092896,0.0,0.6980117933712178,0.6980117933712178,,,,1.0
13,water_hl_gap_eV,111,1.0000001192092896,0.0,0.6980117933712178,0.6980117933712178,,,,1.0
13,water_hl_gap_eV,112,1.0000001192092896,0.0,0.6980117933712178,0.6980117933712178,,,,1.0
13,water_hl_gap_eV,113,1.0000001192092896,0.0,0.6980117933712178,0.6980117933712178,,,,1.0
13,water_hl_gap_eV,114,1.0000001192092896,0.0,0.6980117933712178,0.6980117933712178,,,,1.0
13,water_hl_gap_eV,115,1.0000001192092896,0.0,0.6980117933712178,0.6980117933712178,,,,1.0
13,water_hl_gap_eV,116,1.0000001192092896,0.0,0.6980117933712178,0.6980117933712178,,,,1.0
13,water_hl_gap_eV,117,1.0000001192092896,0.0,0.6980117933712178,0.6980117933712178,,,,1.0
13,water_hl_gap_eV,118,1.0000001192092896,0.0,0.6980117933712178,0.6980117933712178,,,,1.0
13,water_hl_gap_eV,119,1.0000001192092896,0.0,0.6980117933712178,0.6980117933712178,,,,1.0
13,water_hl_gap_eV,120,1.0000001192092896,0.0,0.6980117933712178,0.6980117933712178,,,,1.0
13,water_hl_gap_eV,121,1.0000001192092896,0.0,0.6980117933712178,0.6980117933712178,,,,1.0
13,water_hl_gap_eV,122,1.0000001192092896,0.0,0.6980117933712178,0.6980117933712178,,,,1.0
13,water_hl_gap_eV,123,1.0000001192092896,0.0,0.6980117933712178,0.6980117933712178,,,,1.0
13,water_hl_gap_eV,124,1.0000001192092896,0.0,0.6980117933712178,0.6980117933712178,,,,1.0
13,water_hl_gap_eV,125,1.0000001192092896,0.0,0.6980117933712178,0.6980117933712178,,,,1.0
13,water_hl_gap_eV,126,1.0000001192092896,0.0,0.6980117933712178,0.6980117933712178,,,,1.0
13,water_hl_gap_eV,127,1.0000001192092896,0.0,0.6980117933712178,0.6980117933712178,,,,1.0
13,water_hl_gap_eV,128,1.0000001192092896,0.0,0.6980117933712178,0.6980117933712178,,,,1.0
13,water_hl_gap_eV,129,1.0000001192092896,0.0,0.6980117933712178,0.6980117933712178,,,,1.0
13,water_hl_gap_eV,130,1.0000001192092896,0.0,0.6980117933712178,0.6980117933712178,,,,1.0
13,water_hl_gap_eV,131,1.0000001192092896,0.0,0.6980117933712178,0.6980117933712178,,,,1.0
13,water_hl_gap_eV,132,1.0000001192092896,0.0,0.6980117933712178,0.6980117933712178,,,,1.0
13,water_hl_gap_eV,133,1.0000001192092896,0.0,0.6980117933712178,0.6980117933712178,,,,1.0
13,water_hl_gap_eV,134,1.0000001192092896,0.0,0.6980117933712178,0.6980117933712178,,,,1.0
13,water_hl_gap_eV,135,1.0000001192092896,0.0,0.6980117933712178,0.6980117933712178,,,,1.0
13,water_hl_gap_eV,136,1.0000001192092896,0.0,0.6980117933712178,0.6980117933712178,,,,1.0
13,water_hl_gap_eV,137,1.0000001192092896,0.0,0.6980117933712178,0.6980117933712178,,,,1.0
13,water_hl_gap_eV,138,1.0000001192092896,0.0,0.6980117933712178,0.6980117933712178,,,,1.0
13,water_hl_gap_eV,139,1.0000001192092896,0.0,0.6980117933712178,0.6980117933712178,,,,1.0
13,water_hl_gap_eV,140,1.0000001192092896,0.0,0.6980117933712178,0.6980117933712178,,,,1.0
13,water_hl_gap_eV,141,1.0000001192092896,0.0,0.6980117933712178,0.6980117933712178,,,,1.0
13,water_hl_gap_eV,142,1.0000001192092896,0.0,0.6980117933712178,0.6980117933712178,,,,1.0
13,water_hl_gap_eV,143,1.0000001192092896,0.0,0.6980117933712178,0.6980117933712178,,,,1.0
13,water_hl_gap_eV,144,1.0000001192092896,0.0,0.6980117933712178,0.6980117933712178,,,,1.0
13,water_hl_gap_eV,145,1.0000001192092896,0.0,0.6980117933712178,0.6980117933712178,,,,1.0
13,water_hl_gap_eV,146,1.0000001192092896,0.0,0.6980117933712178,0.6980117933712178,,,,1.0
13,water_hl_gap_eV,147,1.0000001192092896,0.0,0.6980117933712178,0.6980117933712178,,,,1.0
13,water_hl_gap_eV,148,1.0000001192092896,0.0,0.6980117933712178,0.6980117933712178,,,,1.0
13,water_hl_gap_eV,149,1.0000001192092896,0.0,0.6980117933712178,0.6980117933712178,,,,1.0
13,water_hl_gap_eV,150,1.0000001192092896,0.0,0.6980117933712178,0.6980117933712178,,,,1.0
13,water_hl_gap_eV,151,1.0000001192092896,0.0,0.6980117933712178,0.6980117933712178,,,,1.0
13,water_hl_gap_eV,152,1.0000001192092896,0.0,0.6980117933712178,0.6980117933712178,,,,1.0
13,water_hl_gap_eV,153,1.0000001192092896,0.0,0.6980117933712178,0.6980117933712178,,,,1.0
13,water_hl_gap_eV,154,1.0000001192092896,0.0,0.6980117933712178,0.6980117933712178,,,,1.0
13,water_hl_gap_eV,155,1.0000001192092896,0.0,0.6980117933712178,0.6980117933712178,,,,1.0
13,water_hl_gap_eV,156,1.0000001192092896,0.0,0.6980117933712178,0.6980117933712178,,,,1.0
13,water_hl_gap_eV,157,1.0000001192092896,0.0,0.6980117933712178,0.6980117933712178,,,,1.0
13,water_hl_gap_eV,158,1.0000001192092896,0.0,0.6980117933712178,0.6980117933712178,,,,1.0
13,water_hl_gap_eV,159,1.0000001192092896,0.0,0.6980117933712178,0.6980117933712178,,,,1.0
13,water_hl_gap_eV,160,1.0000001192092896,0.0,0.6980117933712178,0.6980117933712178,,,,1.0
13,water_hl_gap_eV,161,1.0000001192092896,0.0,0.6980117933712178,0.6980117933712178,,,,1.0
13,water_hl_gap_eV,162,1.0000001192092896,0.0,0.6980117933712178,0.6980117933712178,,,,1.0
13,water_hl_gap_eV,163,1.0000001192092896,0.0,0.6980117933712178,0.6980117933712178,,,,1.0
13,water_hl_gap_eV,164,1.0000001192092896,0.0,0.6980117933712178,0.6980117933712178,,,,1.0
13,water_hl_gap_eV,165,1.0000001192092896,0.0,0.6980117933712178,0.6980117933712178,,,,1.0
13,water_hl_gap_eV,166,1.0000001192092896,0.0,0.6980117933712178,0.6980117933712178,,,,1.0
13,water_hl_gap_eV,167,1.0000001192092896,0.0,0.6980117933712178,0.6980117933712178,,,,1.0
13,water_hl_gap_eV,168,1.0000001192092896,0.0,0.6980117933712178,0.6980117933712178,,,,1.0
13,water_hl_gap_eV,169,1.0000001192092896,0.0,0.6980117933712178,0.6980117933712178,,,,1.0
13,water_hl_gap_eV,170,1.0000001192092896,0.0,0.6980117933712178,0.6980117933712178,,,,1.0
13,water_hl_gap_eV,171,1.0000001192092896,0.0,0.6980117933712178,0.6980117933712178,,,,1.0
13,water_hl_gap_eV,172,1.0000001192092896,0.0,0.6980117933712178,0.6980117933712178,,,,1.0
13,water_hl_gap_eV,173,1.0000001192092896,0.0,0.6980117933712178,0.6980117933712178,,,,1.0
13,water_hl_gap_eV,174,1.0000001192092896,0.0,0.6980117933712178,0.6980117933712178,,,,1.0
13,water_hl_gap_eV,175,1.0000001192092896,0.0,0.6980117933712178,0.6980117933712178,,,,1.0
13,water_hl_gap_eV,176,1.0000001192092896,0.0,0.6980117933712178,0.6980117933712178,,,,1.0
13,water_hl_gap_eV,177,1.0000001192092896,0.0,0.6980117933712178,0.6980117933712178,,,,1.0
13,water_hl_gap_eV,178,1.0000001192092896,0.0,0.6980117933712178,0.6980117933712178,,,,1.0
13,water_hl_gap_eV,179,1.0000001192092896,0.0,0.6980117933712178,0.6980117933712178,,,,1.0
13,water_hl_gap_eV,180,1.0000001192092896,0.0,0.6980117933712178,0.6980117933712178,,,,1.0
13,water_hl_gap_eV,181,1.0000001192092896,0.0,0.6980117933712178,0.6980117933712178,,,,1.0
13,water_hl_gap_eV,182,1.0000001192092896,0.0,0.6980117933712178,0.6980117933712178,,,,1.0
13,water_hl_gap_eV,183,1.0000001192092896,0.0,0.6980117933712178,0.6980117933712178,,,,1.0
13,water_hl_gap_eV,184,1.0000001192092896,0.0,0.6980117933712178,0.6980117933712178,,,,1.0
13,water_hl_gap_eV,185,1.0000001192092896,0.0,0.6980117933712178,0.6980117933712178,,,,1.0
13,water_hl_gap_eV,186,1.0000001192092896,0.0,0.6980117933712178,0.6980117933712178,,,,1.0
13,water_hl_gap_eV,187,1.0000001192092896,0.0,0.6980117933712178,0.6980117933712178,,,,1.0
13,water_hl_gap_eV,188,1.0000001192092896,0.0,0.6980117933712178,0.6980117933712178,,,,1.0
13,water_hl_gap_eV,189,1.0000001192092896,0.0,0.6980117933712178,0.6980117933712178,,,,1.0
13,water_hl_gap_eV,190,1.0000001192092896,0.0,0.6980117933712178,0.6980117933712178,,,,1.0
13,water_hl_gap_eV,191,1.0000001192092896,0.0,0.6980117933712178,0.6980117933712178,,,,1.0
13,water_hl_gap_eV,192,1.0000001192092896,0.0,0.6980117933712178,0.6980117933712178,,,,1.0
13,water_hl_gap_eV,193,1.0000001192092896,0.0,0.6980117933712178,0.6980117933712178,,,,1.0
13,water_hl_gap_eV,194,1.0000001192092896,0.0,0.6980117933712178,0.6980117933712178,,,,1.0
13,water_hl_gap_eV,195,1.0000001192092896,0.0,0.6980117933712178,0.6980117933712178,,,,1.0
13,water_hl_gap_eV,196,1.0000001192092896,0.0,0.6980117933712178,0.6980117933712178,,,,1.0
13,water_hl_gap_eV,197,1.0000001192092896,0.0,0.6980117933712178,0.6980117933712178,,,,1.0
13,water_hl_gap_eV,198,1.0000001192092896,0.0,0.6980117933712178,0.6980117933712178,,,,1.0
13,water_hl_gap_eV,199,1.0000001192092896,0.0,0.6980117933712178,0.6980117933712178,,,,1.0
13,water_hl_gap_eV,200,1.0000001192092896,0.0,0.6980117933712178,0.6980117933712178,,,,1.0
13,water_hl_gap_eV,201,1.0000001192092896,0.0,0.6980117933712178,0.6980117933712178,,,,1.0
13,water_hl_gap_eV,202,1.0000001192092896,0.0,0.6980117933712178,0.6980117933712178,,,,1.0
13,water_hl_gap_eV,203,1.0000001192092896,0.0,0.6980117933712178,0.6980117933712178,,,,1.0
13,water_hl_gap_eV,204,1.0000001192092896,0.0,0.6980117933712178,0.6980117933712178,,,,1.0
13,water_hl_gap_eV,205,1.0000001192092896,0.0,0.6980117933712178,0.6980117933712178,,,,1.0
13,water_hl_gap_eV,206,1.0000001192092896,0.0,0.6980117933712178,0.6980117933712178,,,,1.0
13,water_hl_gap_eV,207,1.0000001192092896,0.0,0.6980117933712178,0.6980117933712178,,,,1.0
13,water_hl_gap_eV,208,1.0000001192092896,0.0,0.6980117933712178,0.6980117933712178,,,,1.0
13,water_hl_gap_eV,209,1.0000001192092896,0.0,0.6980117933712178,0.6980117933712178,,,,1.0
13,water_hl_gap_eV,210,1.0000001192092896,0.0,0.6980117933712178,0.6980117933712178,,,,1.0
13,water_hl_gap_eV,211,1.0000001192092896,0.0,0.6980117933712178,0.6980117933712178,,,,1.0
13,water_hl_gap_eV,212,1.0000001192092896,0.0,0.6980117933712178,0.6980117933712178,,,,1.0
13,water_hl_gap_eV,213,1.0000001192092896,0.0,0.6980117933712178,0.6980117933712178,,,,1.0
13,water_hl_gap_eV,214,1.0000001192092896,0.0,0.6980117933712178,0.6980117933712178,,,,1.0
13,water_hl_gap_eV,215,1.0000001192092896,0.0,0.6980117933712178,0.6980117933712178,,,,1.0
13,water_hl_gap_eV,216,1.0000001192092896,0.0,0.6980117933712178,0.6980117933712178,,,,1.0
13,water_hl_gap_eV,217,1.0000001192092896,0.0,0.6980117933712178,0.6980117933712178,,,,1.0
13,water_hl_gap_eV,218,1.0000001192092896,0.0,0.6980117933712178,0.6980117933712178,,,,1.0
13,water_hl_gap_eV,219,1.0000001192092896,0.0,0.6980117933712178,0.6980117933712178,,,,1.0
13,water_hl_gap_eV,220,1.0000001192092896,0.0,0.6980117933712178,0.6980117933712178,,,,1.0
13,water_hl_gap_eV,221,1.0000001192092896,0.0,0.6980117933712178,0.6980117933712178,,,,1.0
13,water_hl_gap_eV,222,1.0000001192092896,0.0,0.6980117933712178,0.6980117933712178,,,,1.0
13,water_hl_gap_eV,223,1.0000001192092896,0.0,0.6980117933712178,0.6980117933712178,,,,1.0
13,water_hl_gap_eV,224,1.0000001192092896,0.0,0.6980117933712178,0.6980117933712178,,,,1.0
13,water_hl_gap_eV,225,1.0000001192092896,0.0,0.6980117933712178,0.6980117933712178,,,,1.0
13,water_hl_gap_eV,226,1.0000001192092896,0.0,0.6980117933712178,0.6980117933712178,,,,1.0
13,water_hl_gap_eV,227,1.0000001192092896,0.0,0.6980117933712178,0.6980117933712178,,,,1.0
13,water_hl_gap_eV,228,1.0000001192092896,0.0,0.6980117933712178,0.6980117933712178,,,,1.0
13,water_hl_gap_eV,229,1.0000001192092896,0.0,0.6980117933712178,0.6980117933712178,,,,1.0
13,water_hl_gap_eV,230,1.0000001192092896,0.0,0.6980117933712178,0.6980117933712178,,,,1.0
13,water_hl_gap_eV,231,1.0000001192092896,0.0,0.6980117933712178,0.6980117933712178,,,,1.0
13,water_hl_gap_eV,232,1.0000001192092896,0.0,0.6980117933712178,0.6980117933712178,,,,1.0
13,water_hl_gap_eV,233,1.0000001192092896,0.0,0.6980117933712178,0.6980117933712178,,,,1.0
13,water_hl_gap_eV,234,1.0000001192092896,0.0,0.6980117933712178,0.6980117933712178,,,,1.0
13,water_hl_gap_eV,235,1.0000001192092896,0.0,0.6980117933712178,0.6980117933712178,,,,1.0
13,water_hl_gap_eV,236,1.0000001192092896,0.0,0.6980117933712178,0.6980117933712178,,,,1.0
13,water_hl_gap_eV,237,1.0000001192092896,0.0,0.6980117933712178,0.6980117933712178,,,,1.0
13,water_hl_gap_eV,238,1.0000001192092896,0.0,0.6980117933712178,0.6980117933712178,,,,1.0
13,water_hl_gap_eV,239,1.0000001192092896,0.0,0.6980117933712178,0.6980117933712178,,,,1.0
13,water_hl_gap_eV,240,1.0000001192092896,0.0,0.6980117933712178,0.6980117933712178,,,,1.0
13,water_hl_gap_eV,241,1.0000001192092896,0.0,0.6980117933712178,0.6980117933712178,,,,1.0
13,water_hl_gap_eV,242,1.0000001192092896,0.0,0.6980117933712178,0.6980117933712178,,,,1.0
13,water_hl_gap_eV,243,1.0000001192092896,0.0,0.6980117933712178,0.6980117933712178,,,,1.0
13,water_hl_gap_eV,244,1.0000001192092896,0.0,0.6980117933712178,0.6980117933712178,,,,1.0
13,water_hl_gap_eV,245,1.0000001192092896,0.0,0.6980117933712178,0.6980117933712178,,,,1.0
13,water_hl_gap_eV,246,1.0000001192092896,0.0,0.6980117933712178,0.6980117933712178,,,,1.0
13,water_hl_gap_eV,247,1.0000001192092896,0.0,0.6980117933712178,0.6980117933712178,,,,1.0
13,water_hl_gap_eV,248,1.0000001192092896,0.0,0.6980117933712178,0.6980117933712178,,,,1.0
13,water_hl_gap_eV,249,1.0000001192092896,0.0,0.6980117933712178,0.6980117933712178,,,,1.0
13,water_dipole,0,1.0,0.0,0.6021739609356078,0.6021739609356078,,,,1.0
13,water_dipole,1,1.0,0.0,0.6021739609356078,0.6021739609356078,,,,1.0
13,water_dipole,2,1.0,0.0,0.6021739609356078,0.6021739609356078,,,,1.0
13,water_dipole,3,1.0,0.0,0.6021739609356078,0.6021739609356078,,,,1.0
13,water_dipole,4,1.0,0.0,0.6021739609356078,0.6021739609356078,,,,1.0
13,water_dipole,5,1.0,0.0,0.6021739609356078,0.6021739609356078,,,,1.0
13,water_dipole,6,1.0,0.0,0.6021739609356078,0.6021739609356078,,,,1.0
13,water_dipole,7,1.0,0.0,0.6021739609356078,0.6021739609356078,,,,1.0
13,water_dipole,8,1.0,0.0,0.6021739609356078,0.6021739609356078,,,,1.0
13,water_dipole,9,1.0,0.0,0.6021739609356078,0.6021739609356078,,,,1.0
13,water_dipole,10,1.0,0.0,0.6021739609356078,0.6021739609356078,,,,1.0
13,water_dipole,11,1.0,0.0,0.6021739609356078,0.6021739609356078,,,,1.0
13,water_dipole,12,1.0,0.0,0.6021739609356078,0.6021739609356078,,,,1.0
13,water_dipole,13,1.0,0.0,0.6021739609356078,0.6021739609356078,,,,1.0
13,water_dipole,14,1.0,0.0,0.6021739609356078,0.6021739609356078,,,,1.0
13,water_dipole,15,1.0,0.0,0.6021739609356078,0.6021739609356078,,,,1.0
13,water_dipole,16,1.0,0.0,0.6021739609356078,0.6021739609356078,,,,1.0
13,water_dipole,17,1.0,0.0,0.6021739609356078,0.6021739609356078,,,,1.0
13,water_dipole,18,1.0,0.0,0.6021739609356078,0.6021739609356078,,,,1.0
13,water_dipole,19,1.0,0.0,0.6021739609356078,0.6021739609356078,,,,1.0
13,water_dipole,20,1.0,0.0,0.6021739609356078,0.6021739609356078,,,,1.0
13,water_dipole,21,1.0,0.0,0.6021739609356078,0.6021739609356078,,,,1.0
13,water_dipole,22,1.0,0.0,0.6021739609356078,0.6021739609356078,,,,1.0
13,water_dipole,23,1.0,0.0,0.6021739609356078,0.6021739609356078,,,,1.0
13,water_dipole,24,1.0,0.0,0.6021739609356078,0.6021739609356078,,,,1.0
13,water_dipole,25,1.0,0.0,0.6021739609356078,0.6021739609356078,,,,1.0
13,water_dipole,26,1.0,0.0,0.6021739609356078,0.6021739609356078,,,,1.0
13,water_dipole,27,1.0,0.0,0.6021739609356078,0.6021739609356078,,,,1.0
13,water_dipole,28,1.0,0.0,0.6021739609356078,0.6021739609356078,,,,1.0
13,water_dipole,29,1.0,0.0,0.6021739609356078,0.6021739609356078,,,,1.0
13,water_dipole,30,1.0,0.0,0.6021739609356078,0.6021739609356078,,,,1.0
13,water_dipole,31,1.0,0.0,0.6021739609356078,0.6021739609356078,,,,1.0
13,water_dipole,32,1.0,0.0,0.6021739609356078,0.6021739609356078,,,,1.0
13,water_dipole,33,1.0,0.0,0.6021739609356078,0.6021739609356078,,,,1.0
13,water_dipole,34,1.0,0.0,0.6021739609356078,0.6021739609356078,,,,1.0
13,water_dipole,35,1.0,0.0,0.6021739609356078,0.6021739609356078,,,,1.0
13,water_dipole,36,1.0,0.0,0.6021739609356078,0.6021739609356078,,,,1.0
13,water_dipole,37,1.0,0.0,0.6021739609356078,0.6021739609356078,,,,1.0
13,water_dipole,38,1.0,0.0,0.6021739609356078,0.6021739609356078,,,,1.0
13,water_dipole,39,1.0,0.0,0.6021739609356078,0.6021739609356078,,,,1.0
13,water_dipole,40,1.0,0.0,0.6021739609356078,0.6021739609356078,,,,1.0
13,water_dipole,41,1.0,0.0,0.6021739609356078,0.6021739609356078,,,,1.0
13,water_dipole,42,1.0,0.0,0.6021739609356078,0.6021739609356078,,,,1.0
13,water_dipole,43,1.0,0.0,0.6021739609356078,0.6021739609356078,,,,1.0
13,water_dipole,44,1.0,0.0,0.6021739609356078,0.6021739609356078,,,,1.0
13,water_dipole,45,1.0,0.0,0.6021739609356078,0.6021739609356078,,,,1.0
13,water_dipole,46,1.0,0.0,0.6021739609356078,0.6021739609356078,,,,1.0
13,water_dipole,47,1.0,0.0,0.6021739609356078,0.6021739609356078,,,,1.0
13,water_dipole,48,1.0,0.0,0.6021739609356078,0.6021739609356078,,,,1.0
13,water_dipole,49,1.0,0.0,0.6021739609356078,0.6021739609356078,,,,1.0
13,water_dipole,50,1.0,0.0,0.6021739609356078,0.6021739609356078,,,,1.0
13,water_dipole,51,1.0,0.0,0.6021739609356078,0.6021739609356078,,,,1.0
13,water_dipole,52,1.0,0.0,0.6021739609356078,0.6021739609356078,,,,1.0
13,water_dipole,53,1.0,0.0,0.6021739609356078,0.6021739609356078,,,,1.0
13,water_dipole,54,1.0,0.0,0.6021739609356078,0.6021739609356078,,,,1.0
13,water_dipole,55,1.0,0.0,0.6021739609356078,0.6021739609356078,,,,1.0
13,water_dipole,56,1.0,0.0,0.6021739609356078,0.6021739609356078,,,,1.0
13,water_dipole,57,1.0,0.0,0.6021739609356078,0.6021739609356078,,,,1.0
13,water_dipole,58,1.0,0.0,0.6021739609356078,0.6021739609356078,,,,1.0
13,water_dipole,59,1.0,0.0,0.6021739609356078,0.6021739609356078,,,,1.0
13,water_dipole,60,1.0,0.0,0.6021739609356078,0.6021739609356078,,,,1.0
13,water_dipole,61,1.0,0.0,0.6021739609356078,0.6021739609356078,,,,1.0
13,water_dipole,62,1.0,0.0,0.6021739609356078,0.6021739609356078,,,,1.0
13,water_dipole,63,1.0,0.0,0.6021739609356078,0.6021739609356078,,,,1.0
13,water_dipole,64,1.0,0.0,0.6021739609356078,0.6021739609356078,,,,1.0
13,water_dipole,65,1.0,0.0,0.6021739609356078,0.6021739609356078,,,,1.0
13,water_dipole,66,1.0,0.0,0.6021739609356078,0.6021739609356078,,,,1.0
13,water_dipole,67,1.0,0.0,0.6021739609356078,0.6021739609356078,,,,1.0
13,water_dipole,68,1.0,0.0,0.6021739609356078,0.6021739609356078,,,,1.0
13,water_dipole,69,1.0,0.0,0.6021739609356078,0.6021739609356078,,,,1.0
13,water_dipole,70,1.0,0.0,0.6021739609356078,0.6021739609356078,,,,1.0
13,water_dipole,71,1.0,0.0,0.6021739609356078,0.6021739609356078,,,,1.0
13,water_dipole,72,1.0,0.0,0.6021739609356078,0.6021739609356078,,,,1.0
13,water_dipole,73,1.0,0.0,0.6021739609356078,0.6021739609356078,,,,1.0
13,water_dipole,74,1.0,0.0,0.6021739609356078,0.6021739609356078,,,,1.0
13,water_dipole,75,1.0,0.0,0.6021739609356078,0.6021739609356078,,,,1.0
13,water_dipole,76,1.0,0.0,0.6021739609356078,0.6021739609356078,,,,1.0
13,water_dipole,77,1.0,0.0,0.6021739609356078,0.6021739609356078,,,,1.0
13,water_dipole,78,1.0,0.0,0.6021739609356078,0.6021739609356078,,,,1.0
13,water_dipole,79,1.0,0.0,0.6021739609356078,0.6021739609356078,,,,1.0
13,water_dipole,80,1.0,0.0,0.6021739609356078,0.6021739609356078,,,,1.0
13,water_dipole,81,1.0,0.0,0.6021739609356078,0.6021739609356078,,,,1.0
13,water_dipole,82,1.0,0.0,0.6021739609356078,0.6021739609356078,,,,1.0
13,water_dipole,83,1.0,0.0,0.6021739609356078,0.6021739609356078,,,,1.0
13,water_dipole,84,1.0,0.0,0.6021739609356078,0.6021739609356078,,,,1.0
13,water_dipole,85,1.0,0.0,0.6021739609356078,0.6021739609356078,,,,1.0
13,water_dipole,86,1.0,0.0,0.6021739609356078,0.6021739609356078,,,,1.0
13,water_dipole,87,1.0,0.0,0.6021739609356078,0.6021739609356078,,,,1.0
13,water_dipole,88,1.0,0.0,0.6021739609356078,0.6021739609356078,,,,1.0
13,water_dipole,89,1.0,0.0,0.6021739609356078,0.6021739609356078,,,,1.0
13,water_dipole,90,1.0,0.0,0.6021739609356078,0.6021739609356078,,,,1.0
13,water_dipole,91,1.0,0.0,0.6021739609356078,0.6021739609356078,,,,1.0
13,water_dipole,92,1.0,0.0,0.6021739609356078,0.6021739609356078,,,,1.0
13,water_dipole,93,1.0,0.0,0.6021739609356078,0.6021739609356078,,,,1.0
13,water_dipole,94,1.0,0.0,0.6021739609356078,0.6021739609356078,,,,1.0
13,water_dipole,95,1.0,0.0,0.6021739609356078,0.6021739609356078,,,,1.0
13,water_dipole,96,1.0,0.0,0.6021739609356078,0.6021739609356078,,,,1.0
13,water_dipole,97,1.0,0.0,0.6021739609356078,0.6021739609356078,,,,1.0
13,water_dipole,98,1.0,0.0,0.6021739609356078,0.6021739609356078,,,,1.0
13,water_dipole,99,1.0,0.0,0.6021739609356078,0.6021739609356078,,,,1.0
13,water_dipole,100,1.0,0.0,0.6021739609356078,0.6021739609356078,,,,1.0
13,water_dipole,101,1.0,0.0,0.6021739609356078,0.6021739609356078,,,,1.0
13,water_dipole,102,1.0,0.0,0.6021739609356078,0.6021739609356078,,,,1.0
13,water_dipole,103,1.0,0.0,0.6021739609356078,0.6021739609356078,,,,1.0
13,water_dipole,104,1.0,0.0,0.6021739609356078,0.6021739609356078,,,,1.0
13,water_dipole,105,1.0,0.0,0.6021739609356078,0.6021739609356078,,,,1.0
13,water_dipole,106,1.0,0.0,0.6021739609356078,0.6021739609356078,,,,1.0
13,water_dipole,107,1.0,0.0,0.6021739609356078,0.6021739609356078,,,,1.0
13,water_dipole,108,1.0,0.0,0.6021739609356078,0.6021739609356078,,,,1.0
13,water_dipole,109,1.0,0.0,0.6021739609356078,0.6021739609356078,,,,1.0
13,water_dipole,110,1.0,0.0,0.6021739609356078,0.6021739609356078,,,,1.0
13,water_dipole,111,1.0,0.0,0.6021739609356078,0.6021739609356078,,,,1.0
13,water_dipole,112,1.0,0.0,0.6021739609356078,0.6021739609356078,,,,1.0
13,water_dipole,113,1.0,0.0,0.6021739609356078,0.6021739609356078,,,,1.0
13,water_dipole,114,1.0,0.0,0.6021739609356078,0.6021739609356078,,,,1.0
13,water_dipole,115,1.0,0.0,0.6021739609356078,0.6021739609356078,,,,1.0
13,water_dipole,116,1.0,0.0,0.6021739609356078,0.6021739609356078,,,,1.0
13,water_dipole,117,1.0,0.0,0.6021739609356078,0.6021739609356078,,,,1.0
13,water_dipole,118,1.0,0.0,0.6021739609356078,0.6021739609356078,,,,1.0
13,water_dipole,119,1.0,0.0,0.6021739609356078,0.6021739609356078,,,,1.0
13,water_dipole,120,1.0,0.0,0.6021739609356078,0.6021739609356078,,,,1.0
13,water_dipole,121,1.0,0.0,0.6021739609356078,0.6021739609356078,,,,1.0
13,water_dipole,122,1.0,0.0,0.6021739609356078,0.6021739609356078,,,,1.0
13,water_dipole,123,1.0,0.0,0.6021739609356078,0.6021739609356078,,,,1.0
13,water_dipole,124,1.0,0.0,0.6021739609356078,0.6021739609356078,,,,1.0
13,water_dipole,125,1.0,0.0,0.6021739609356078,0.6021739609356078,,,,1.0
13,water_dipole,126,1.0,0.0,0.6021739609356078,0.6021739609356078,,,,1.0
13,water_dipole,127,1.0,0.0,0.6021739609356078,0.6021739609356078,,,,1.0
13,water_dipole,128,1.0,0.0,0.6021739609356078,0.6021739609356078,,,,1.0
13,water_dipole,129,1.0,0.0,0.6021739609356078,0.6021739609356078,,,,1.0
13,water_dipole,130,1.0,0.0,0.6021739609356078,0.6021739609356078,,,,1.0
13,water_dipole,131,1.0,0.0,0.6021739609356078,0.6021739609356078,,,,1.0
13,water_dipole,132,1.0,0.0,0.6021739609356078,0.6021739609356078,,,,1.0
13,water_dipole,133,1.0,0.0,0.6021739609356078,0.6021739609356078,,,,1.0
13,water_dipole,134,1.0,0.0,0.6021739609356078,0.6021739609356078,,,,1.0
13,water_dipole,135,1.0,0.0,0.6021739609356078,0.6021739609356078,,,,1.0
13,water_dipole,136,1.0,0.0,0.6021739609356078,0.6021739609356078,,,,1.0
13,water_dipole,137,1.0,0.0,0.6021739609356078,0.6021739609356078,,,,1.0
13,water_dipole,138,1.0,0.0,0.6021739609356078,0.6021739609356078,,,,1.0
13,water_dipole,139,1.0,0.0,0.6021739609356078,0.6021739609356078,,,,1.0
13,water_dipole,140,1.0,0.0,0.6021739609356078,0.6021739609356078,,,,1.0
13,water_dipole,141,1.0,0.0,0.6021739609356078,0.6021739609356078,,,,1.0
13,water_dipole,142,1.0,0.0,0.6021739609356078,0.6021739609356078,,,,1.0
13,water_dipole,143,1.0,0.0,0.6021739609356078,0.6021739609356078,,,,1.0
13,water_dipole,144,1.0,0.0,0.6021739609356078,0.6021739609356078,,,,1.0
13,water_dipole,145,1.0,0.0,0.6021739609356078,0.6021739609356078,,,,1.0
13,water_dipole,146,1.0,0.0,0.6021739609356078,0.6021739609356078,,,,1.0
13,water_dipole,147,1.0,0.0,0.6021739609356078,0.6021739609356078,,,,1.0
13,water_dipole,148,1.0,0.0,0.6021739609356078,0.6021739609356078,,,,1.0
13,water_dipole,149,1.0,0.0,0.6021739609356078,0.6021739609356078,,,,1.0
13,water_dipole,150,1.0,0.0,0.6021739609356078,0.6021739609356078,,,,1.0
13,water_dipole,151,1.0,0.0,0.6021739609356078,0.6021739609356078,,,,1.0
13,water_dipole,152,1.0,0.0,0.6021739609356078,0.6021739609356078,,,,1.0
13,water_dipole,153,1.0,0.0,0.6021739609356078,0.6021739609356078,,,,1.0
13,water_dipole,154,1.0,0.0,0.6021739609356078,0.6021739609356078,,,,1.0
13,water_dipole,155,1.0,0.0,0.6021739609356078,0.6021739609356078,,,,1.0
13,water_dipole,156,1.0,0.0,0.6021739609356078,0.6021739609356078,,,,1.0
13,water_dipole,157,1.0,0.0,0.6021739609356078,0.6021739609356078,,,,1.0
13,water_dipole,158,1.0,0.0,0.6021739609356078,0.6021739609356078,,,,1.0
13,water_dipole,159,1.0,0.0,0.6021739609356078,0.6021739609356078,,,,1.0
13,water_dipole,160,1.0,0.0,0.6021739609356078,0.6021739609356078,,,,1.0
13,water_dipole,161,1.0,0.0,0.6021739609356078,0.6021739609356078,,,,1.0
13,water_dipole,162,1.0,0.0,0.6021739609356078,0.6021739609356078,,,,1.0
13,water_dipole,163,1.0,0.0,0.6021739609356078,0.6021739609356078,,,,1.0
13,water_dipole,164,1.0,0.0,0.6021739609356078,0.6021739609356078,,,,1.0
13,water_dipole,165,1.0,0.0,0.6021739609356078,0.6021739609356078,,,,1.0
13,water_dipole,166,1.0,0.0,0.6021739609356078,0.6021739609356078,,,,1.0
13,water_dipole,167,1.0,0.0,0.6021739609356078,0.6021739609356078,,,,1.0
13,water_dipole,168,1.0,0.0,0.6021739609356078,0.6021739609356078,,,,1.0
13,water_dipole,169,1.0,0.0,0.6021739609356078,0.6021739609356078,,,,1.0
13,water_dipole,170,1.0,0.0,0.6021739609356078,0.6021739609356078,,,,1.0
13,water_dipole,171,1.0,0.0,0.6021739609356078,0.6021739609356078,,,,1.0
13,water_dipole,172,1.0,0.0,0.6021739609356078,0.6021739609356078,,,,1.0
13,water_dipole,173,1.0,0.0,0.6021739609356078,0.6021739609356078,,,,1.0
13,water_dipole,174,1.0,0.0,0.6021739609356078,0.6021739609356078,,,,1.0
13,water_dipole,175,1.0,0.0,0.6021739609356078,0.6021739609356078,,,,1.0
13,water_dipole,176,1.0,0.0,0.6021739609356078,0.6021739609356078,,,,1.0
13,water_dipole,177,1.0,0.0,0.6021739609356078,0.6021739609356078,,,,1.0
13,water_dipole,178,1.0,0.0,0.6021739609356078,0.6021739609356078,,,,1.0
13,water_dipole,179,1.0,0.0,0.6021739609356078,0.6021739609356078,,,,1.0
13,water_dipole,180,1.0,0.0,0.6021739609356078,0.6021739609356078,,,,1.0
13,water_dipole,181,1.0,0.0,0.6021739609356078,0.6021739609356078,,,,1.0
13,water_dipole,182,1.0,0.0,0.6021739609356078,0.6021739609356078,,,,1.0
13,water_dipole,183,1.0,0.0,0.6021739609356078,0.6021739609356078,,,,1.0
13,water_dipole,184,1.0,0.0,0.6021739609356078,0.6021739609356078,,,,1.0
13,water_dipole,185,1.0,0.0,0.6021739609356078,0.6021739609356078,,,,1.0
13,water_dipole,186,1.0,0.0,0.6021739609356078,0.6021739609356078,,,,1.0
13,water_dipole,187,1.0,0.0,0.6021739609356078,0.6021739609356078,,,,1.0
13,water_dipole,188,1.0,0.0,0.6021739609356078,0.6021739609356078,,,,1.0
13,water_dipole,189,1.0,0.0,0.6021739609356078,0.6021739609356078,,,,1.0
13,water_dipole,190,1.0,0.0,0.6021739609356078,0.6021739609356078,,,,1.0
13,water_dipole,191,1.0,0.0,0.6021739609356078,0.6021739609356078,,,,1.0
13,water_dipole,192,1.0,0.0,0.6021739609356078,0.6021739609356078,,,,1.0
13,water_dipole,193,1.0,0.0,0.6021739609356078,0.6021739609356078,,,,1.0
13,water_dipole,194,1.0,0.0,0.6021739609356078,0.6021739609356078,,,,1.0
13,water_dipole,195,1.0,0.0,0.6021739609356078,0.6021739609356078,,,,1.0
13,water_dipole,196,1.0,0.0,0.6021739609356078,0.6021739609356078,,,,1.0
13,water_dipole,197,1.0,0.0,0.6021739609356078,0.6021739609356078,,,,1.0
13,water_dipole,198,1.0,0.0,0.6021739609356078,0.6021739609356078,,,,1.0
13,water_dipole,199,1.0,0.0,0.6021739609356078,0.6021739609356078,,,,1.0
13,water_dipole,200,1.0,0.0,0.6021739609356078,0.6021739609356078,,,,1.0
13,water_dipole,201,1.0,0.0,0.6021739609356078,0.6021739609356078,,,,1.0
13,water_dipole,202,1.0,0.0,0.6021739609356078,0.6021739609356078,,,,1.0
13,water_dipole,203,1.0,0.0,0.6021739609356078,0.6021739609356078,,,,1.0
13,water_dipole,204,1.0,0.0,0.6021739609356078,0.6021739609356078,,,,1.0
13,water_dipole,205,1.0,0.0,0.6021739609356078,0.6021739609356078,,,,1.0
13,water_dipole,206,1.0,0.0,0.6021739609356078,0.6021739609356078,,,,1.0
13,water_dipole,207,1.0,0.0,0.6021739609356078,0.6021739609356078,,,,1.0
13,water_dipole,208,1.0,0.0,0.6021739609356078,0.6021739609356078,,,,1.0
13,water_dipole,209,1.0,0.0,0.6021739609356078,0.6021739609356078,,,,1.0
13,water_dipole,210,1.0,0.0,0.6021739609356078,0.6021739609356078,,,,1.0
13,water_dipole,211,1.0,0.0,0.6021739609356078,0.6021739609356078,,,,1.0
13,water_dipole,212,1.0,0.0,0.6021739609356078,0.6021739609356078,,,,1.0
13,water_dipole,213,1.0,0.0,0.6021739609356078,0.6021739609356078,,,,1.0
13,water_dipole,214,1.0,0.0,0.6021739609356078,0.6021739609356078,,,,1.0
13,water_dipole,215,1.0,0.0,0.6021739609356078,0.6021739609356078,,,,1.0
13,water_dipole,216,1.0,0.0,0.6021739609356078,0.6021739609356078,,,,1.0
13,water_dipole,217,1.0,0.0,0.6021739609356078,0.6021739609356078,,,,1.0
13,water_dipole,218,1.0,0.0,0.6021739609356078,0.6021739609356078,,,,1.0
13,water_dipole,219,1.0,0.0,0.6021739609356078,0.6021739609356078,,,,1.0
13,water_dipole,220,1.0,0.0,0.6021739609356078,0.6021739609356078,,,,1.0
13,water_dipole,221,1.0,0.0,0.6021739609356078,0.6021739609356078,,,,1.0
13,water_dipole,222,1.0,0.0,0.6021739609356078,0.6021739609356078,,,,1.0
13,water_dipole,223,1.0,0.0,0.6021739609356078,0.6021739609356078,,,,1.0
13,water_dipole,224,1.0,0.0,0.6021739609356078,0.6021739609356078,,,,1.0
13,water_dipole,225,1.0,0.0,0.6021739609356078,0.6021739609356078,,,,1.0
13,water_dipole,226,1.0,0.0,0.6021739609356078,0.6021739609356078,,,,1.0
13,water_dipole,227,1.0,0.0,0.6021739609356078,0.6021739609356078,,,,1.0
13,water_dipole,228,1.0,0.0,0.6021739609356078,0.6021739609356078,,,,1.0
13,water_dipole,229,1.0,0.0,0.6021739609356078,0.6021739609356078,,,,1.0
13,water_dipole,230,1.0,0.0,0.6021739609356078,0.6021739609356078,,,,1.0
13,water_dipole,231,1.0,0.0,0.6021739609356078,0.6021739609356078,,,,1.0
13,water_dipole,232,1.0,0.0,0.6021739609356078,0.6021739609356078,,,,1.0
13,water_dipole,233,1.0,0.0,0.6021739609356078,0.6021739609356078,,,,1.0
13,water_dipole,234,1.0,0.0,0.6021739609356078,0.6021739609356078,,,,1.0
13,water_dipole,235,1.0,0.0,0.6021739609356078,0.6021739609356078,,,,1.0
13,water_dipole,236,1.0,0.0,0.6021739609356078,0.6021739609356078,,,,1.0
13,water_dipole,237,1.0,0.0,0.6021739609356078,0.6021739609356078,,,,1.0
13,water_dipole,238,1.0,0.0,0.6021739609356078,0.6021739609356078,,,,1.0
13,water_dipole,239,1.0,0.0,0.6021739609356078,0.6021739609356078,,,,1.0
13,water_dipole,240,1.0,0.0,0.6021739609356078,0.6021739609356078,,,,1.0
13,water_dipole,241,1.0,0.0,0.6021739609356078,0.6021739609356078,,,,1.0
13,water_dipole,242,1.0,0.0,0.6021739609356078,0.6021739609356078,,,,1.0
13,water_dipole,243,1.0,0.0,0.6021739609356078,0.6021739609356078,,,,1.0
13,water_dipole,244,1.0,0.0,0.6021739609356078,0.6021739609356078,,,,1.0
13,water_dipole,245,1.0,0.0,0.6021739609356078,0.6021739609356078,,,,1.0
13,water_dipole,246,1.0,0.0,0.6021739609356078,0.6021739609356078,,,,1.0
13,water_dipole,247,1.0,0.0,0.6021739609356078,0.6021739609356078,,,,1.0
13,water_dipole,248,1.0,0.0,0.6021739609356078,0.6021739609356078,,,,1.0
13,water_dipole,249,1.0,0.0,0.6021739609356078,0.6021739609356078,,,,1.0
13,acetone_gsolv_eV,0,1.0,0.0,0.6659239918692264,0.6659239918692264,,,,1.0
13,acetone_gsolv_eV,1,1.0,0.0,0.6659239918692264,0.6659239918692264,,,,1.0
13,acetone_gsolv_eV,2,1.0,0.0,0.6659239918692264,0.6659239918692264,,,,1.0
13,acetone_gsolv_eV,3,1.0,0.0,0.6659239918692264,0.6659239918692264,,,,1.0
13,acetone_gsolv_eV,4,1.0,0.0,0.6659239918692264,0.6659239918692264,,,,1.0
13,acetone_gsolv_eV,5,1.0,0.0,0.6659239918692264,0.6659239918692264,,,,1.0
13,acetone_gsolv_eV,6,1.0,0.0,0.6659239918692264,0.6659239918692264,,,,1.0
13,acetone_gsolv_eV,7,1.0,0.0,0.6659239918692264,0.6659239918692264,,,,1.0
13,acetone_gsolv_eV,8,1.0,0.0,0.6659239918692264,0.6659239918692264,,,,1.0
13,acetone_gsolv_eV,9,1.0,0.0,0.6659239918692264,0.6659239918692264,,,,1.0
13,acetone_gsolv_eV,10,1.0,0.0,0.6659239918692264,0.6659239918692264,,,,1.0
13,acetone_gsolv_eV,11,1.0,0.0,0.6659239918692264,0.6659239918692264,,,,1.0
13,acetone_gsolv_eV,12,1.0,0.0,0.6659239918692264,0.6659239918692264,,,,1.0
13,acetone_gsolv_eV,13,1.0,0.0,0.6659239918692264,0.6659239918692264,,,,1.0
13,acetone_gsolv_eV,14,1.0,0.0,0.6659239918692264,0.6659239918692264,,,,1.0
13,acetone_gsolv_eV,15,1.0,0.0,0.6659239918692264,0.6659239918692264,,,,1.0
13,acetone_gsolv_eV,16,1.0,0.0,0.6659239918692264,0.6659239918692264,,,,1.0
13,acetone_gsolv_eV,17,1.0,0.0,0.6659239918692264,0.6659239918692264,,,,1.0
13,acetone_gsolv_eV,18,1.0,0.0,0.6659239918692264,0.6659239918692264,,,,1.0
13,acetone_gsolv_eV,19,1.0,0.0,0.6659239918692264,0.6659239918692264,,,,1.0
13,acetone_gsolv_eV,20,1.0,0.0,0.6659239918692264,0.6659239918692264,,,,1.0
13,acetone_gsolv_eV,21,1.0,0.0,0.6659239918692264,0.6659239918692264,,,,1.0
13,acetone_gsolv_eV,22,1.0,0.0,0.6659239918692264,0.6659239918692264,,,,1.0
13,acetone_gsolv_eV,23,1.0,0.0,0.6659239918692264,0.6659239918692264,,,,1.0
13,acetone_gsolv_eV,24,1.0,0.0,0.6659239918692264,0.6659239918692264,,,,1.0
13,acetone_gsolv_eV,25,1.0,0.0,0.6659239918692264,0.6659239918692264,,,,1.0
13,acetone_gsolv_eV,26,1.0,0.0,0.6659239918692264,0.6659239918692264,,,,1.0
13,acetone_gsolv_eV,27,1.0,0.0,0.6659239918692264,0.6659239918692264,,,,1.0
13,acetone_gsolv_eV,28,1.0,0.0,0.6659239918692264,0.6659239918692264,,,,1.0
13,acetone_gsolv_eV,29,1.0,0.0,0.6659239918692264,0.6659239918692264,,,,1.0
13,acetone_gsolv_eV,30,1.0,0.0,0.6659239918692264,0.6659239918692264,,,,1.0
13,acetone_gsolv_eV,31,1.0,0.0,0.6659239918692264,0.6659239918692264,,,,1.0
13,acetone_gsolv_eV,32,1.0,0.0,0.6659239918692264,0.6659239918692264,,,,1.0
13,acetone_gsolv_eV,33,1.0,0.0,0.6659239918692264,0.6659239918692264,,,,1.0
13,acetone_gsolv_eV,34,1.0,0.0,0.6659239918692264,0.6659239918692264,,,,1.0
13,acetone_gsolv_eV,35,1.0,0.0,0.6659239918692264,0.6659239918692264,,,,1.0
13,acetone_gsolv_eV,36,1.0,0.0,0.6659239918692264,0.6659239918692264,,,,1.0
13,acetone_gsolv_eV,37,1.0,0.0,0.6659239918692264,0.6659239918692264,,,,1.0
13,acetone_gsolv_eV,38,1.0,0.0,0.6659239918692264,0.6659239918692264,,,,1.0
13,acetone_gsolv_eV,39,1.0,0.0,0.6659239918692264,0.6659239918692264,,,,1.0
13,acetone_gsolv_eV,40,1.0,0.0,0.6659239918692264,0.6659239918692264,,,,1.0
13,acetone_gsolv_eV,41,1.0,0.0,0.6659239918692264,0.6659239918692264,,,,1.0
13,acetone_gsolv_eV,42,1.0,0.0,0.6659239918692264,0.6659239918692264,,,,1.0
13,acetone_gsolv_eV,43,1.0,0.0,0.6659239918692264,0.6659239918692264,,,,1.0
13,acetone_gsolv_eV,44,1.0,0.0,0.6659239918692264,0.6659239918692264,,,,1.0
13,acetone_gsolv_eV,45,1.0,0.0,0.6659239918692264,0.6659239918692264,,,,1.0
13,acetone_gsolv_eV,46,1.0,0.0,0.6659239918692264,0.6659239918692264,,,,1.0
13,acetone_gsolv_eV,47,1.0,0.0,0.6659239918692264,0.6659239918692264,,,,1.0
13,acetone_gsolv_eV,48,1.0,0.0,0.6659239918692264,0.6659239918692264,,,,1.0
13,acetone_gsolv_eV,49,1.0,0.0,0.6659239918692264,0.6659239918692264,,,,1.0
13,acetone_gsolv_eV,50,1.0,0.0,0.6659239918692264,0.6659239918692264,,,,1.0
13,acetone_gsolv_eV,51,1.0,0.0,0.6659239918692264,0.6659239918692264,,,,1.0
13,acetone_gsolv_eV,52,1.0,0.0,0.6659239918692264,0.6659239918692264,,,,1.0
13,acetone_gsolv_eV,53,1.0,0.0,0.6659239918692264,0.6659239918692264,,,,1.0
13,acetone_gsolv_eV,54,1.0,0.0,0.6659239918692264,0.6659239918692264,,,,1.0
13,acetone_gsolv_eV,55,1.0,0.0,0.6659239918692264,0.6659239918692264,,,,1.0
13,acetone_gsolv_eV,56,1.0,0.0,0.6659239918692264,0.6659239918692264,,,,1.0
13,acetone_gsolv_eV,57,1.0,0.0,0.6659239918692264,0.6659239918692264,,,,1.0
13,acetone_gsolv_eV,58,1.0,0.0,0.6659239918692264,0.6659239918692264,,,,1.0
13,acetone_gsolv_eV,59,1.0,0.0,0.6659239918692264,0.6659239918692264,,,,1.0
13,acetone_gsolv_eV,60,1.0,0.0,0.6659239918692264,0.6659239918692264,,,,1.0
13,acetone_gsolv_eV,61,1.0,0.0,0.6659239918692264,0.6659239918692264,,,,1.0
13,acetone_gsolv_eV,62,1.0,0.0,0.6659239918692264,0.6659239918692264,,,,1.0
13,acetone_gsolv_eV,63,1.0,0.0,0.6659239918692264,0.6659239918692264,,,,1.0
13,acetone_gsolv_eV,64,1.0,0.0,0.6659239918692264,0.6659239918692264,,,,1.0
13,acetone_gsolv_eV,65,1.0,0.0,0.6659239918692264,0.6659239918692264,,,,1.0
13,acetone_gsolv_eV,66,1.0,0.0,0.6659239918692264,0.6659239918692264,,,,1.0
13,acetone_gsolv_eV,67,1.0,0.0,0.6659239918692264,0.6659239918692264,,,,1.0
13,acetone_gsolv_eV,68,1.0,0.0,0.6659239918692264,0.6659239918692264,,,,1.0
13,acetone_gsolv_eV,69,1.0,0.0,0.6659239918692264,0.6659239918692264,,,,1.0
13,acetone_gsolv_eV,70,1.0,0.0,0.6659239918692264,0.6659239918692264,,,,1.0
13,acetone_gsolv_eV,71,1.0,0.0,0.6659239918692264,0.6659239918692264,,,,1.0
13,acetone_gsolv_eV,72,1.0,0.0,0.6659239918692264,0.6659239918692264,,,,1.0
13,acetone_gsolv_eV,73,1.0,0.0,0.6659239918692264,0.6659239918692264,,,,1.0
13,acetone_gsolv_eV,74,1.0,0.0,0.6659239918692264,0.6659239918692264,,,,1.0
13,acetone_gsolv_eV,75,1.0,0.0,0.6659239918692264,0.6659239918692264,,,,1.0
13,acetone_gsolv_eV,76,1.0,0.0,0.6659239918692264,0.6659239918692264,,,,1.0
13,acetone_gsolv_eV,77,1.0,0.0,0.6659239918692264,0.6659239918692264,,,,1.0
13,acetone_gsolv_eV,78,1.0,0.0,0.6659239918692264,0.6659239918692264,,,,1.0
13,acetone_gsolv_eV,79,1.0,0.0,0.6659239918692264,0.6659239918692264,,,,1.0
13,acetone_gsolv_eV,80,1.0,0.0,0.6659239918692264,0.6659239918692264,,,,1.0
13,acetone_gsolv_eV,81,1.0,0.0,0.6659239918692264,0.6659239918692264,,,,1.0
13,acetone_gsolv_eV,82,1.0,0.0,0.6659239918692264,0.6659239918692264,,,,1.0
13,acetone_gsolv_eV,83,1.0,0.0,0.6659239918692264,0.6659239918692264,,,,1.0
13,acetone_gsolv_eV,84,1.0,0.0,0.6659239918692264,0.6659239918692264,,,,1.0
13,acetone_gsolv_eV,85,1.0,0.0,0.6659239918692264,0.6659239918692264,,,,1.0
13,acetone_gsolv_eV,86,1.0,0.0,0.6659239918692264,0.6659239918692264,,,,1.0
13,acetone_gsolv_eV,87,1.0,0.0,0.6659239918692264,0.6659239918692264,,,,1.0
13,acetone_gsolv_eV,88,1.0,0.0,0.6659239918692264,0.6659239918692264,,,,1.0
13,acetone_gsolv_eV,89,1.0,0.0,0.6659239918692264,0.6659239918692264,,,,1.0
13,acetone_gsolv_eV,90,1.0,0.0,0.6659239918692264,0.6659239918692264,,,,1.0
13,acetone_gsolv_eV,91,1.0,0.0,0.6659239918692264,0.6659239918692264,,,,1.0
13,acetone_gsolv_eV,92,1.0,0.0,0.6659239918692264,0.6659239918692264,,,,1.0
13,acetone_gsolv_eV,93,1.0,0.0,0.6659239918692264,0.6659239918692264,,,,1.0
13,acetone_gsolv_eV,94,1.0,0.0,0.6659239918692264,0.6659239918692264,,,,1.0
13,acetone_gsolv_eV,95,1.0,0.0,0.6659239918692264,0.6659239918692264,,,,1.0
13,acetone_gsolv_eV,96,1.0,0.0,0.6659239918692264,0.6659239918692264,,,,1.0
13,acetone_gsolv_eV,97,1.0,0.0,0.6659239918692264,0.6659239918692264,,,,1.0
13,acetone_gsolv_eV,98,1.0,0.0,0.6659239918692264,0.6659239918692264,,,,1.0
13,acetone_gsolv_eV,99,1.0,0.0,0.6659239918692264,0.6659239918692264,,,,1.0
13,acetone_gsolv_eV,100,1.0,0.0,0.6659239918692264,0.6659239918692264,,,,1.0
13,acetone_gsolv_eV,101,1.0,0.0,0.6659239918692264,0.6659239918692264,,,,1.0
13,acetone_gsolv_eV,102,1.0,0.0,0.6659239918692264,0.6659239918692264,,,,1.0
13,acetone_gsolv_eV,103,1.0,0.0,0.6659239918692264,0.6659239918692264,,,,1.0
13,acetone_gsolv_eV,104,1.0,0.0,0.6659239918692264,0.6659239918692264,,,,1.0
13,acetone_gsolv_eV,105,1.0,0.0,0.6659239918692264,0.6659239918692264,,,,1.0
13,acetone_gsolv_eV,106,1.0,0.0,0.6659239918692264,0.6659239918692264,,,,1.0
13,acetone_gsolv_eV,107,1.0,0.0,0.6659239918692264,0.6659239918692264,,,,1.0
13,acetone_gsolv_eV,108,1.0,0.0,0.6659239918692264,0.6659239918692264,,,,1.0
13,acetone_gsolv_eV,109,1.0,0.0,0.6659239918692264,0.6659239918692264,,,,1.0
13,acetone_gsolv_eV,110,1.0,0.0,0.6659239918692264,0.6659239918692264,,,,1.0
13,acetone_gsolv_eV,111,1.0,0.0,0.6659239918692264,0.6659239918692264,,,,1.0
13,acetone_gsolv_eV,112,1.0,0.0,0.6659239918692264,0.6659239918692264,,,,1.0
13,acetone_gsolv_eV,113,1.0,0.0,0.6659239918692264,0.6659239918692264,,,,1.0
13,acetone_gsolv_eV,114,1.0,0.0,0.6659239918692264,0.6659239918692264,,,,1.0
13,acetone_gsolv_eV,115,1.0,0.0,0.6659239918692264,0.6659239918692264,,,,1.0
13,acetone_gsolv_eV,116,1.0,0.0,0.6659239918692264,0.6659239918692264,,,,1.0
13,acetone_gsolv_eV,117,1.0,0.0,0.6659239918692264,0.6659239918692264,,,,1.0
13,acetone_gsolv_eV,118,1.0,0.0,0.6659239918692264,0.6659239918692264,,,,1.0
13,acetone_gsolv_eV,119,1.0,0.0,0.6659239918692264,0.6659239918692264,,,,1.0
13,acetone_gsolv_eV,120,1.0,0.0,0.6659239918692264,0.6659239918692264,,,,1.0
13,acetone_gsolv_eV,121,1.0,0.0,0.6659239918692264,0.6659239918692264,,,,1.0
13,acetone_gsolv_eV,122,1.0,0.0,0.6659239918692264,0.6659239918692264,,,,1.0
13,acetone_gsolv_eV,123,1.0,0.0,0.6659239918692264,0.6659239918692264,,,,1.0
13,acetone_gsolv_eV,124,1.0,0.0,0.6659239918692264,0.6659239918692264,,,,1.0
13,acetone_gsolv_eV,125,1.0,0.0,0.6659239918692264,0.6659239918692264,,,,1.0
13,acetone_gsolv_eV,126,1.0,0.0,0.6659239918692264,0.6659239918692264,,,,1.0
13,acetone_gsolv_eV,127,1.0,0.0,0.6659239918692264,0.6659239918692264,,,,1.0
13,acetone_gsolv_eV,128,1.0,0.0,0.6659239918692264,0.6659239918692264,,,,1.0
13,acetone_gsolv_eV,129,1.0,0.0,0.6659239918692264,0.6659239918692264,,,,1.0
13,acetone_gsolv_eV,130,1.0,0.0,0.6659239918692264,0.6659239918692264,,,,1.0
13,acetone_gsolv_eV,131,1.0,0.0,0.6659239918692264,0.6659239918692264,,,,1.0
13,acetone_gsolv_eV,132,1.0,0.0,0.6659239918692264,0.6659239918692264,,,,1.0
13,acetone_gsolv_eV,133,1.0,0.0,0.6659239918692264,0.6659239918692264,,,,1.0
13,acetone_gsolv_eV,134,1.0,0.0,0.6659239918692264,0.6659239918692264,,,,1.0
13,acetone_gsolv_eV,135,1.0,0.0,0.6659239918692264,0.6659239918692264,,,,1.0
13,acetone_gsolv_eV,136,1.0,0.0,0.6659239918692264,0.6659239918692264,,,,1.0
13,acetone_gsolv_eV,137,1.0,0.0,0.6659239918692264,0.6659239918692264,,,,1.0
13,acetone_gsolv_eV,138,1.0,0.0,0.6659239918692264,0.6659239918692264,,,,1.0
13,acetone_gsolv_eV,139,1.0,0.0,0.6659239918692264,0.6659239918692264,,,,1.0
13,acetone_gsolv_eV,140,1.0,0.0,0.6659239918692264,0.6659239918692264,,,,1.0
13,acetone_gsolv_eV,141,1.0,0.0,0.6659239918692264,0.6659239918692264,,,,1.0
13,acetone_gsolv_eV,142,1.0,0.0,0.6659239918692264,0.6659239918692264,,,,1.0
13,acetone_gsolv_eV,143,1.0,0.0,0.6659239918692264,0.6659239918692264,,,,1.0
13,acetone_gsolv_eV,144,1.0,0.0,0.6659239918692264,0.6659239918692264,,,,1.0
13,acetone_gsolv_eV,145,1.0,0.0,0.6659239918692264,0.6659239918692264,,,,1.0
13,acetone_gsolv_eV,146,1.0,0.0,0.6659239918692264,0.6659239918692264,,,,1.0
13,acetone_gsolv_eV,147,1.0,0.0,0.6659239918692264,0.6659239918692264,,,,1.0
13,acetone_gsolv_eV,148,1.0,0.0,0.6659239918692264,0.6659239918692264,,,,1.0
13,acetone_gsolv_eV,149,1.0,0.0,0.6659239918692264,0.6659239918692264,,,,1.0
13,acetone_gsolv_eV,150,1.0,0.0,0.6659239918692264,0.6659239918692264,,,,1.0
13,acetone_gsolv_eV,151,1.0,0.0,0.6659239918692264,0.6659239918692264,,,,1.0
13,acetone_gsolv_eV,152,1.0,0.0,0.6659239918692264,0.6659239918692264,,,,1.0
13,acetone_gsolv_eV,153,1.0,0.0,0.6659239918692264,0.6659239918692264,,,,1.0
13,acetone_gsolv_eV,154,1.0,0.0,0.6659239918692264,0.6659239918692264,,,,1.0
13,acetone_gsolv_eV,155,1.0,0.0,0.6659239918692264,0.6659239918692264,,,,1.0
13,acetone_gsolv_eV,156,1.0,0.0,0.6659239918692264,0.6659239918692264,,,,1.0
13,acetone_gsolv_eV,157,1.0,0.0,0.6659239918692264,0.6659239918692264,,,,1.0
13,acetone_gsolv_eV,158,1.0,0.0,0.6659239918692264,0.6659239918692264,,,,1.0
13,acetone_gsolv_eV,159,1.0,0.0,0.6659239918692264,0.6659239918692264,,,,1.0
13,acetone_gsolv_eV,160,1.0,0.0,0.6659239918692264,0.6659239918692264,,,,1.0
13,acetone_gsolv_eV,161,1.0,0.0,0.6659239918692264,0.6659239918692264,,,,1.0
13,acetone_gsolv_eV,162,1.0,0.0,0.6659239918692264,0.6659239918692264,,,,1.0
13,acetone_gsolv_eV,163,1.0,0.0,0.6659239918692264,0.6659239918692264,,,,1.0
13,acetone_gsolv_eV,164,1.0,0.0,0.6659239918692264,0.6659239918692264,,,,1.0
13,acetone_gsolv_eV,165,1.0,0.0,0.6659239918692264,0.6659239918692264,,,,1.0
13,acetone_gsolv_eV,166,1.0,0.0,0.6659239918692264,0.6659239918692264,,,,1.0
13,acetone_gsolv_eV,167,1.0,0.0,0.6659239918692264,0.6659239918692264,,,,1.0
13,acetone_gsolv_eV,168,1.0,0.0,0.6659239918692264,0.6659239918692264,,,,1.0
13,acetone_gsolv_eV,169,1.0,0.0,0.6659239918692264,0.6659239918692264,,,,1.0
13,acetone_gsolv_eV,170,1.0,0.0,0.6659239918692264,0.6659239918692264,,,,1.0
13,acetone_gsolv_eV,171,1.0,0.0,0.6659239918692264,0.6659239918692264,,,,1.0
13,acetone_gsolv_eV,172,1.0,0.0,0.6659239918692264,0.6659239918692264,,,,1.0
13,acetone_gsolv_eV,173,1.0,0.0,0.6659239918692264,0.6659239918692264,,,,1.0
13,acetone_gsolv_eV,174,1.0,0.0,0.6659239918692264,0.6659239918692264,,,,1.0
13,acetone_gsolv_eV,175,1.0,0.0,0.6659239918692264,0.6659239918692264,,,,1.0
13,acetone_gsolv_eV,176,1.0,0.0,0.6659239918692264,0.6659239918692264,,,,1.0
13,acetone_gsolv_eV,177,1.0,0.0,0.6659239918692264,0.6659239918692264,,,,1.0
13,acetone_gsolv_eV,178,1.0,0.0,0.6659239918692264,0.6659239918692264,,,,1.0
13,acetone_gsolv_eV,179,1.0,0.0,0.6659239918692264,0.6659239918692264,,,,1.0
13,acetone_gsolv_eV,180,1.0,0.0,0.6659239918692264,0.6659239918692264,,,,1.0
13,acetone_gsolv_eV,181,1.0,0.0,0.6659239918692264,0.6659239918692264,,,,1.0
13,acetone_gsolv_eV,182,1.0,0.0,0.6659239918692264,0.6659239918692264,,,,1.0
13,acetone_gsolv_eV,183,1.0,0.0,0.6659239918692264,0.6659239918692264,,,,1.0
13,acetone_gsolv_eV,184,1.0,0.0,0.6659239918692264,0.6659239918692264,,,,1.0
13,acetone_gsolv_eV,185,1.0,0.0,0.6659239918692264,0.6659239918692264,,,,1.0
13,acetone_gsolv_eV,186,1.0,0.0,0.6659239918692264,0.6659239918692264,,,,1.0
13,acetone_gsolv_eV,187,1.0,0.0,0.6659239918692264,0.6659239918692264,,,,1.0
13,acetone_gsolv_eV,188,1.0,0.0,0.6659239918692264,0.6659239918692264,,,,1.0
13,acetone_gsolv_eV,189,1.0,0.0,0.6659239918692264,0.6659239918692264,,,,1.0
13,acetone_gsolv_eV,190,1.0,0.0,0.6659239918692264,0.6659239918692264,,,,1.0
13,acetone_gsolv_eV,191,1.0,0.0,0.6659239918692264,0.6659239918692264,,,,1.0
13,acetone_gsolv_eV,192,1.0,0.0,0.6659239918692264,0.6659239918692264,,,,1.0
13,acetone_gsolv_eV,193,1.0,0.0,0.6659239918692264,0.6659239918692264,,,,1.0
13,acetone_gsolv_eV,194,1.0,0.0,0.6659239918692264,0.6659239918692264,,,,1.0
13,acetone_gsolv_eV,195,1.0,0.0,0.6659239918692264,0.6659239918692264,,,,1.0
13,acetone_gsolv_eV,196,1.0,0.0,0.6659239918692264,0.6659239918692264,,,,1.0
13,acetone_gsolv_eV,197,1.0,0.0,0.6659239918692264,0.6659239918692264,,,,1.0
13,acetone_gsolv_eV,198,1.0,0.0,0.6659239918692264,0.6659239918692264,,,,1.0
13,acetone_gsolv_eV,199,1.0,0.0,0.6659239918692264,0.6659239918692264,,,,1.0
13,acetone_gsolv_eV,200,1.0,0.0,0.6659239918692264,0.6659239918692264,,,,1.0
13,acetone_gsolv_eV,201,1.0,0.0,0.6659239918692264,0.6659239918692264,,,,1.0
13,acetone_gsolv_eV,202,1.0,0.0,0.6659239918692264,0.6659239918692264,,,,1.0
13,acetone_gsolv_eV,203,1.0,0.0,0.6659239918692264,0.6659239918692264,,,,1.0
13,acetone_gsolv_eV,204,1.0,0.0,0.6659239918692264,0.6659239918692264,,,,1.0
13,acetone_gsolv_eV,205,1.0,0.0,0.6659239918692264,0.6659239918692264,,,,1.0
13,acetone_gsolv_eV,206,1.0,0.0,0.6659239918692264,0.6659239918692264,,,,1.0
13,acetone_gsolv_eV,207,1.0,0.0,0.6659239918692264,0.6659239918692264,,,,1.0
13,acetone_gsolv_eV,208,1.0,0.0,0.6659239918692264,0.6659239918692264,,,,1.0
13,acetone_gsolv_eV,209,1.0,0.0,0.6659239918692264,0.6659239918692264,,,,1.0
13,acetone_gsolv_eV,210,1.0,0.0,0.6659239918692264,0.6659239918692264,,,,1.0
13,acetone_gsolv_eV,211,1.0,0.0,0.6659239918692264,0.6659239918692264,,,,1.0
13,acetone_gsolv_eV,212,1.0,0.0,0.6659239918692264,0.6659239918692264,,,,1.0
13,acetone_gsolv_eV,213,1.0,0.0,0.6659239918692264,0.6659239918692264,,,,1.0
13,acetone_gsolv_eV,214,1.0,0.0,0.6659239918692264,0.6659239918692264,,,,1.0
13,acetone_gsolv_eV,215,1.0,0.0,0.6659239918692264,0.6659239918692264,,,,1.0
13,acetone_gsolv_eV,216,1.0,0.0,0.6659239918692264,0.6659239918692264,,,,1.0
13,acetone_gsolv_eV,217,1.0,0.0,0.6659239918692264,0.6659239918692264,,,,1.0
13,acetone_gsolv_eV,218,1.0,0.0,0.6659239918692264,0.6659239918692264,,,,1.0
13,acetone_gsolv_eV,219,1.0,0.0,0.6659239918692264,0.6659239918692264,,,,1.0
13,acetone_gsolv_eV,220,1.0,0.0,0.6659239918692264,0.6659239918692264,,,,1.0
13,acetone_gsolv_eV,221,1.0,0.0,0.6659239918692264,0.6659239918692264,,,,1.0
13,acetone_gsolv_eV,222,1.0,0.0,0.6659239918692264,0.6659239918692264,,,,1.0
13,acetone_gsolv_eV,223,1.0,0.0,0.6659239918692264,0.6659239918692264,,,,1.0
13,acetone_gsolv_eV,224,1.0,0.0,0.6659239918692264,0.6659239918692264,,,,1.0
13,acetone_gsolv_eV,225,1.0,0.0,0.6659239918692264,0.6659239918692264,,,,1.0
13,acetone_gsolv_eV,226,1.0,0.0,0.6659239918692264,0.6659239918692264,,,,1.0
13,acetone_gsolv_eV,227,1.0,0.0,0.6659239918692264,0.6659239918692264,,,,1.0
13,acetone_gsolv_eV,228,1.0,0.0,0.6659239918692264,0.6659239918692264,,,,1.0
13,acetone_gsolv_eV,229,1.0,0.0,0.6659239918692264,0.6659239918692264,,,,1.0
13,acetone_gsolv_eV,230,1.0,0.0,0.6659239918692264,0.6659239918692264,,,,1.0
13,acetone_gsolv_eV,231,1.0,0.0,0.6659239918692264,0.6659239918692264,,,,1.0
13,acetone_gsolv_eV,232,1.0,0.0,0.6659239918692264,0.6659239918692264,,,,1.0
13,acetone_gsolv_eV,233,1.0,0.0,0.6659239918692264,0.6659239918692264,,,,1.0
13,acetone_gsolv_eV,234,1.0,0.0,0.6659239918692264,0.6659239918692264,,,,1.0
13,acetone_gsolv_eV,235,1.0,0.0,0.6659239918692264,0.6659239918692264,,,,1.0
13,acetone_gsolv_eV,236,1.0,0.0,0.6659239918692264,0.6659239918692264,,,,1.0
13,acetone_gsolv_eV,237,1.0,0.0,0.6659239918692264,0.6659239918692264,,,,1.0
13,acetone_gsolv_eV,238,1.0,0.0,0.6659239918692264,0.6659239918692264,,,,1.0
13,acetone_gsolv_eV,239,1.0,0.0,0.6659239918692264,0.6659239918692264,,,,1.0
13,acetone_gsolv_eV,240,1.0,0.0,0.6659239918692264,0.6659239918692264,,,,1.0
13,acetone_gsolv_eV,241,1.0,0.0,0.6659239918692264,0.6659239918692264,,,,1.0
13,acetone_gsolv_eV,242,1.0,0.0,0.6659239918692264,0.6659239918692264,,,,1.0
13,acetone_gsolv_eV,243,1.0,0.0,0.6659239918692264,0.6659239918692264,,,,1.0
13,acetone_gsolv_eV,244,1.0,0.0,0.6659239918692264,0.6659239918692264,,,,1.0
13,acetone_gsolv_eV,245,1.0,0.0,0.6659239918692264,0.6659239918692264,,,,1.0
13,acetone_gsolv_eV,246,1.0,0.0,0.6659239918692264,0.6659239918692264,,,,1.0
13,acetone_gsolv_eV,247,1.0,0.0,0.6659239918692264,0.6659239918692264,,,,1.0
13,acetone_gsolv_eV,248,1.0,0.0,0.6659239918692264,0.6659239918692264,,,,1.0
13,acetone_gsolv_eV,249,1.0,0.0,0.6659239918692264,0.6659239918692264,,,,1.0
13,acetone_hl_gap_eV,0,1.0,0.0,0.7028610631141534,0.7028610631141534,,,,1.0
13,acetone_hl_gap_eV,1,1.0,0.0,0.7028610631141534,0.7028610631141534,,,,1.0
13,acetone_hl_gap_eV,2,1.0,0.0,0.7028610631141534,0.7028610631141534,,,,1.0
13,acetone_hl_gap_eV,3,1.0,0.0,0.7028610631141534,0.7028610631141534,,,,1.0
13,acetone_hl_gap_eV,4,1.0,0.0,0.7028610631141534,0.7028610631141534,,,,1.0
13,acetone_hl_gap_eV,5,1.0,0.0,0.7028610631141534,0.7028610631141534,,,,1.0
13,acetone_hl_gap_eV,6,1.0,0.0,0.7028610631141534,0.7028610631141534,,,,1.0
13,acetone_hl_gap_eV,7,1.0,0.0,0.7028610631141534,0.7028610631141534,,,,1.0
13,acetone_hl_gap_eV,8,1.0,0.0,0.7028610631141534,0.7028610631141534,,,,1.0
13,acetone_hl_gap_eV,9,1.0,0.0,0.7028610631141534,0.7028610631141534,,,,1.0
13,acetone_hl_gap_eV,10,1.0,0.0,0.7028610631141534,0.7028610631141534,,,,1.0
13,acetone_hl_gap_eV,11,1.0,0.0,0.7028610631141534,0.7028610631141534,,,,1.0
13,acetone_hl_gap_eV,12,1.0,0.0,0.7028610631141534,0.7028610631141534,,,,1.0
13,acetone_hl_gap_eV,13,1.0,0.0,0.7028610631141534,0.7028610631141534,,,,1.0
13,acetone_hl_gap_eV,14,1.0,0.0,0.7028610631141534,0.7028610631141534,,,,1.0
13,acetone_hl_gap_eV,15,1.0,0.0,0.7028610631141534,0.7028610631141534,,,,1.0
13,acetone_hl_gap_eV,16,1.0,0.0,0.7028610631141534,0.7028610631141534,,,,1.0
13,acetone_hl_gap_eV,17,1.0,0.0,0.7028610631141534,0.7028610631141534,,,,1.0
13,acetone_hl_gap_eV,18,1.0,0.0,0.7028610631141534,0.7028610631141534,,,,1.0
13,acetone_hl_gap_eV,19,1.0,0.0,0.7028610631141534,0.7028610631141534,,,,1.0
13,acetone_hl_gap_eV,20,1.0,0.0,0.7028610631141534,0.7028610631141534,,,,1.0
13,acetone_hl_gap_eV,21,1.0,0.0,0.7028610631141534,0.7028610631141534,,,,1.0
13,acetone_hl_gap_eV,22,1.0,0.0,0.7028610631141534,0.7028610631141534,,,,1.0
13,acetone_hl_gap_eV,23,1.0,0.0,0.7028610631141534,0.7028610631141534,,,,1.0
13,acetone_hl_gap_eV,24,1.0,0.0,0.7028610631141534,0.7028610631141534,,,,1.0
13,acetone_hl_gap_eV,25,1.0,0.0,0.7028610631141534,0.7028610631141534,,,,1.0
13,acetone_hl_gap_eV,26,1.0,0.0,0.7028610631141534,0.7028610631141534,,,,1.0
13,acetone_hl_gap_eV,27,1.0,0.0,0.7028610631141534,0.7028610631141534,,,,1.0
13,acetone_hl_gap_eV,28,1.0,0.0,0.7028610631141534,0.7028610631141534,,,,1.0
13,acetone_hl_gap_eV,29,1.0,0.0,0.7028610631141534,0.7028610631141534,,,,1.0
13,acetone_hl_gap_eV,30,1.0,0.0,0.7028610631141534,0.7028610631141534,,,,1.0
13,acetone_hl_gap_eV,31,1.0,0.0,0.7028610631141534,0.7028610631141534,,,,1.0
13,acetone_hl_gap_eV,32,1.0,0.0,0.7028610631141534,0.7028610631141534,,,,1.0
13,acetone_hl_gap_eV,33,1.0,0.0,0.7028610631141534,0.7028610631141534,,,,1.0
13,acetone_hl_gap_eV,34,1.0,0.0,0.7028610631141534,0.7028610631141534,,,,1.0
13,acetone_hl_gap_eV,35,1.0,0.0,0.7028610631141534,0.7028610631141534,,,,1.0
13,acetone_hl_gap_eV,36,1.0,0.0,0.7028610631141534,0.7028610631141534,,,,1.0
13,acetone_hl_gap_eV,37,1.0,0.0,0.7028610631141534,0.7028610631141534,,,,1.0
13,acetone_hl_gap_eV,38,1.0,0.0,0.7028610631141534,0.7028610631141534,,,,1.0
13,acetone_hl_gap_eV,39,1.0,0.0,0.7028610631141534,0.7028610631141534,,,,1.0
13,acetone_hl_gap_eV,40,1.0,0.0,0.7028610631141534,0.7028610631141534,,,,1.0
13,acetone_hl_gap_eV,41,1.0,0.0,0.7028610631141534,0.7028610631141534,,,,1.0
13,acetone_hl_gap_eV,42,1.0,0.0,0.7028610631141534,0.7028610631141534,,,,1.0
13,acetone_hl_gap_eV,43,1.0,0.0,0.7028610631141534,0.7028610631141534,,,,1.0
13,acetone_hl_gap_eV,44,1.0,0.0,0.7028610631141534,0.7028610631141534,,,,1.0
13,acetone_hl_gap_eV,45,1.0,0.0,0.7028610631141534,0.7028610631141534,,,,1.0
13,acetone_hl_gap_eV,46,1.0,0.0,0.7028610631141534,0.7028610631141534,,,,1.0
13,acetone_hl_gap_eV,47,1.0,0.0,0.7028610631141534,0.7028610631141534,,,,1.0
13,acetone_hl_gap_eV,48,1.0,0.0,0.7028610631141534,0.7028610631141534,,,,1.0
13,acetone_hl_gap_eV,49,1.0,0.0,0.7028610631141534,0.7028610631141534,,,,1.0
13,acetone_hl_gap_eV,50,1.0,0.0,0.7028610631141534,0.7028610631141534,,,,1.0
13,acetone_hl_gap_eV,51,1.0,0.0,0.7028610631141534,0.7028610631141534,,,,1.0
13,acetone_hl_gap_eV,52,1.0,0.0,0.7028610631141534,0.7028610631141534,,,,1.0
13,acetone_hl_gap_eV,53,1.0,0.0,0.7028610631141534,0.7028610631141534,,,,1.0
13,acetone_hl_gap_eV,54,1.0,0.0,0.7028610631141534,0.7028610631141534,,,,1.0
13,acetone_hl_gap_eV,55,1.0,0.0,0.7028610631141534,0.7028610631141534,,,,1.0
13,acetone_hl_gap_eV,56,1.0,0.0,0.7028610631141534,0.7028610631141534,,,,1.0
13,acetone_hl_gap_eV,57,1.0,0.0,0.7028610631141534,0.7028610631141534,,,,1.0
13,acetone_hl_gap_eV,58,1.0,0.0,0.7028610631141534,0.7028610631141534,,,,1.0
13,acetone_hl_gap_eV,59,1.0,0.0,0.7028610631141534,0.7028610631141534,,,,1.0
13,acetone_hl_gap_eV,60,1.0,0.0,0.7028610631141534,0.7028610631141534,,,,1.0
13,acetone_hl_gap_eV,61,1.0,0.0,0.7028610631141534,0.7028610631141534,,,,1.0
13,acetone_hl_gap_eV,62,1.0,0.0,0.7028610631141534,0.7028610631141534,,,,1.0
13,acetone_hl_gap_eV,63,1.0,0.0,0.7028610631141534,0.7028610631141534,,,,1.0
13,acetone_hl_gap_eV,64,1.0,0.0,0.7028610631141534,0.7028610631141534,,,,1.0
13,acetone_hl_gap_eV,65,1.0,0.0,0.7028610631141534,0.7028610631141534,,,,1.0
13,acetone_hl_gap_eV,66,1.0,0.0,0.7028610631141534,0.7028610631141534,,,,1.0
13,acetone_hl_gap_eV,67,1.0,0.0,0.7028610631141534,0.7028610631141534,,,,1.0
13,acetone_hl_gap_eV,68,1.0,0.0,0.7028610631141534,0.7028610631141534,,,,1.0
13,acetone_hl_gap_eV,69,1.0,0.0,0.7028610631141534,0.7028610631141534,,,,1.0
13,acetone_hl_gap_eV,70,1.0,0.0,0.7028610631141534,0.7028610631141534,,,,1.0
13,acetone_hl_gap_eV,71,1.0,0.0,0.7028610631141534,0.7028610631141534,,,,1.0
13,acetone_hl_gap_eV,72,1.0,0.0,0.7028610631141534,0.7028610631141534,,,,1.0
13,acetone_hl_gap_eV,73,1.0,0.0,0.7028610631141534,0.7028610631141534,,,,1.0
13,acetone_hl_gap_eV,74,1.0,0.0,0.7028610631141534,0.7028610631141534,,,,1.0
13,acetone_hl_gap_eV,75,1.0,0.0,0.7028610631141534,0.7028610631141534,,,,1.0
13,acetone_hl_gap_eV,76,1.0,0.0,0.7028610631141534,0.7028610631141534,,,,1.0
13,acetone_hl_gap_eV,77,1.0,0.0,0.7028610631141534,0.7028610631141534,,,,1.0
13,acetone_hl_gap_eV,78,1.0,0.0,0.7028610631141534,0.7028610631141534,,,,1.0
13,acetone_hl_gap_eV,79,1.0,0.0,0.7028610631141534,0.7028610631141534,,,,1.0
13,acetone_hl_gap_eV,80,1.0,0.0,0.7028610631141534,0.7028610631141534,,,,1.0
13,acetone_hl_gap_eV,81,1.0,0.0,0.7028610631141534,0.7028610631141534,,,,1.0
13,acetone_hl_gap_eV,82,1.0,0.0,0.7028610631141534,0.7028610631141534,,,,1.0
13,acetone_hl_gap_eV,83,1.0,0.0,0.7028610631141534,0.7028610631141534,,,,1.0
13,acetone_hl_gap_eV,84,1.0,0.0,0.7028610631141534,0.7028610631141534,,,,1.0
13,acetone_hl_gap_eV,85,1.0,0.0,0.7028610631141534,0.7028610631141534,,,,1.0
13,acetone_hl_gap_eV,86,1.0,0.0,0.7028610631141534,0.7028610631141534,,,,1.0
13,acetone_hl_gap_eV,87,1.0,0.0,0.7028610631141534,0.7028610631141534,,,,1.0
13,acetone_hl_gap_eV,88,1.0,0.0,0.7028610631141534,0.7028610631141534,,,,1.0
13,acetone_hl_gap_eV,89,1.0,0.0,0.7028610631141534,0.7028610631141534,,,,1.0
13,acetone_hl_gap_eV,90,1.0,0.0,0.7028610631141534,0.7028610631141534,,,,1.0
13,acetone_hl_gap_eV,91,1.0,0.0,0.7028610631141534,0.7028610631141534,,,,1.0
13,acetone_hl_gap_eV,92,1.0,0.0,0.7028610631141534,0.7028610631141534,,,,1.0
13,acetone_hl_gap_eV,93,1.0,0.0,0.7028610631141534,0.7028610631141534,,,,1.0
13,acetone_hl_gap_eV,94,1.0,0.0,0.7028610631141534,0.7028610631141534,,,,1.0
13,acetone_hl_gap_eV,95,1.0,0.0,0.7028610631141534,0.7028610631141534,,,,1.0
13,acetone_hl_gap_eV,96,1.0,0.0,0.7028610631141534,0.7028610631141534,,,,1.0
13,acetone_hl_gap_eV,97,1.0,0.0,0.7028610631141534,0.7028610631141534,,,,1.0
13,acetone_hl_gap_eV,98,1.0,0.0,0.7028610631141534,0.7028610631141534,,,,1.0
13,acetone_hl_gap_eV,99,1.0,0.0,0.7028610631141534,0.7028610631141534,,,,1.0
13,acetone_hl_gap_eV,100,1.0,0.0,0.7028610631141534,0.7028610631141534,,,,1.0
13,acetone_hl_gap_eV,101,1.0,0.0,0.7028610631141534,0.7028610631141534,,,,1.0
13,acetone_hl_gap_eV,102,1.0,0.0,0.7028610631141534,0.7028610631141534,,,,1.0
13,acetone_hl_gap_eV,103,1.0,0.0,0.7028610631141534,0.7028610631141534,,,,1.0
13,acetone_hl_gap_eV,104,1.0,0.0,0.7028610631141534,0.7028610631141534,,,,1.0
13,acetone_hl_gap_eV,105,1.0,0.0,0.7028610631141534,0.7028610631141534,,,,1.0
13,acetone_hl_gap_eV,106,1.0,0.0,0.7028610631141534,0.7028610631141534,,,,1.0
13,acetone_hl_gap_eV,107,1.0,0.0,0.7028610631141534,0.7028610631141534,,,,1.0
13,acetone_hl_gap_eV,108,1.0,0.0,0.7028610631141534,0.7028610631141534,,,,1.0
13,acetone_hl_gap_eV,109,1.0,0.0,0.7028610631141534,0.7028610631141534,,,,1.0
13,acetone_hl_gap_eV,110,1.0,0.0,0.7028610631141534,0.7028610631141534,,,,1.0
13,acetone_hl_gap_eV,111,1.0,0.0,0.7028610631141534,0.7028610631141534,,,,1.0
13,acetone_hl_gap_eV,112,1.0,0.0,0.7028610631141534,0.7028610631141534,,,,1.0
13,acetone_hl_gap_eV,113,1.0,0.0,0.7028610631141534,0.7028610631141534,,,,1.0
13,acetone_hl_gap_eV,114,1.0,0.0,0.7028610631141534,0.7028610631141534,,,,1.0
13,acetone_hl_gap_eV,115,1.0,0.0,0.7028610631141534,0.7028610631141534,,,,1.0
13,acetone_hl_gap_eV,116,1.0,0.0,0.7028610631141534,0.7028610631141534,,,,1.0
13,acetone_hl_gap_eV,117,1.0,0.0,0.7028610631141534,0.7028610631141534,,,,1.0
13,acetone_hl_gap_eV,118,1.0,0.0,0.7028610631141534,0.7028610631141534,,,,1.0
13,acetone_hl_gap_eV,119,1.0,0.0,0.7028610631141534,0.7028610631141534,,,,1.0
13,acetone_hl_gap_eV,120,1.0,0.0,0.7028610631141534,0.7028610631141534,,,,1.0
13,acetone_hl_gap_eV,121,1.0,0.0,0.7028610631141534,0.7028610631141534,,,,1.0
13,acetone_hl_gap_eV,122,1.0,0.0,0.7028610631141534,0.7028610631141534,,,,1.0
13,acetone_hl_gap_eV,123,1.0,0.0,0.7028610631141534,0.7028610631141534,,,,1.0
13,acetone_hl_gap_eV,124,1.0,0.0,0.7028610631141534,0.7028610631141534,,,,1.0
13,acetone_hl_gap_eV,125,1.0,0.0,0.7028610631141534,0.7028610631141534,,,,1.0
13,acetone_hl_gap_eV,126,1.0,0.0,0.7028610631141534,0.7028610631141534,,,,1.0
13,acetone_hl_gap_eV,127,1.0,0.0,0.7028610631141534,0.7028610631141534,,,,1.0
13,acetone_hl_gap_eV,128,1.0,0.0,0.7028610631141534,0.7028610631141534,,,,1.0
13,acetone_hl_gap_eV,129,1.0,0.0,0.7028610631141534,0.7028610631141534,,,,1.0
13,acetone_hl_gap_eV,130,1.0,0.0,0.7028610631141534,0.7028610631141534,,,,1.0
13,acetone_hl_gap_eV,131,1.0,0.0,0.7028610631141534,0.7028610631141534,,,,1.0
13,acetone_hl_gap_eV,132,1.0,0.0,0.7028610631141534,0.7028610631141534,,,,1.0
13,acetone_hl_gap_eV,133,1.0,0.0,0.7028610631141534,0.7028610631141534,,,,1.0
13,acetone_hl_gap_eV,134,1.0,0.0,0.7028610631141534,0.7028610631141534,,,,1.0
13,acetone_hl_gap_eV,135,1.0,0.0,0.7028610631141534,0.7028610631141534,,,,1.0
13,acetone_hl_gap_eV,136,1.0,0.0,0.7028610631141534,0.7028610631141534,,,,1.0
13,acetone_hl_gap_eV,137,1.0,0.0,0.7028610631141534,0.7028610631141534,,,,1.0
13,acetone_hl_gap_eV,138,1.0,0.0,0.7028610631141534,0.7028610631141534,,,,1.0
13,acetone_hl_gap_eV,139,1.0,0.0,0.7028610631141534,0.7028610631141534,,,,1.0
13,acetone_hl_gap_eV,140,1.0,0.0,0.7028610631141534,0.7028610631141534,,,,1.0
13,acetone_hl_gap_eV,141,1.0,0.0,0.7028610631141534,0.7028610631141534,,,,1.0
13,acetone_hl_gap_eV,142,1.0,0.0,0.7028610631141534,0.7028610631141534,,,,1.0
13,acetone_hl_gap_eV,143,1.0,0.0,0.7028610631141534,0.7028610631141534,,,,1.0
13,acetone_hl_gap_eV,144,1.0,0.0,0.7028610631141534,0.7028610631141534,,,,1.0
13,acetone_hl_gap_eV,145,1.0,0.0,0.7028610631141534,0.7028610631141534,,,,1.0
13,acetone_hl_gap_eV,146,1.0,0.0,0.7028610631141534,0.7028610631141534,,,,1.0
13,acetone_hl_gap_eV,147,1.0,0.0,0.7028610631141534,0.7028610631141534,,,,1.0
13,acetone_hl_gap_eV,148,1.0,0.0,0.7028610631141534,0.7028610631141534,,,,1.0
13,acetone_hl_gap_eV,149,1.0,0.0,0.7028610631141534,0.7028610631141534,,,,1.0
13,acetone_hl_gap_eV,150,1.0,0.0,0.7028610631141534,0.7028610631141534,,,,1.0
13,acetone_hl_gap_eV,151,1.0,0.0,0.7028610631141534,0.7028610631141534,,,,1.0
13,acetone_hl_gap_eV,152,1.0,0.0,0.7028610631141534,0.7028610631141534,,,,1.0
13,acetone_hl_gap_eV,153,1.0,0.0,0.7028610631141534,0.7028610631141534,,,,1.0
13,acetone_hl_gap_eV,154,1.0,0.0,0.7028610631141534,0.7028610631141534,,,,1.0
13,acetone_hl_gap_eV,155,1.0,0.0,0.7028610631141534,0.7028610631141534,,,,1.0
13,acetone_hl_gap_eV,156,1.0,0.0,0.7028610631141534,0.7028610631141534,,,,1.0
13,acetone_hl_gap_eV,157,1.0,0.0,0.7028610631141534,0.7028610631141534,,,,1.0
13,acetone_hl_gap_eV,158,1.0,0.0,0.7028610631141534,0.7028610631141534,,,,1.0
13,acetone_hl_gap_eV,159,1.0,0.0,0.7028610631141534,0.7028610631141534,,,,1.0
13,acetone_hl_gap_eV,160,1.0,0.0,0.7028610631141534,0.7028610631141534,,,,1.0
13,acetone_hl_gap_eV,161,1.0,0.0,0.7028610631141534,0.7028610631141534,,,,1.0
13,acetone_hl_gap_eV,162,1.0,0.0,0.7028610631141534,0.7028610631141534,,,,1.0
13,acetone_hl_gap_eV,163,1.0,0.0,0.7028610631141534,0.7028610631141534,,,,1.0
13,acetone_hl_gap_eV,164,1.0,0.0,0.7028610631141534,0.7028610631141534,,,,1.0
13,acetone_hl_gap_eV,165,1.0,0.0,0.7028610631141534,0.7028610631141534,,,,1.0
13,acetone_hl_gap_eV,166,1.0,0.0,0.7028610631141534,0.7028610631141534,,,,1.0
13,acetone_hl_gap_eV,167,1.0,0.0,0.7028610631141534,0.7028610631141534,,,,1.0
13,acetone_hl_gap_eV,168,1.0,0.0,0.7028610631141534,0.7028610631141534,,,,1.0
13,acetone_hl_gap_eV,169,1.0,0.0,0.7028610631141534,0.7028610631141534,,,,1.0
13,acetone_hl_gap_eV,170,1.0,0.0,0.7028610631141534,0.7028610631141534,,,,1.0
13,acetone_hl_gap_eV,171,1.0,0.0,0.7028610631141534,0.7028610631141534,,,,1.0
13,acetone_hl_gap_eV,172,1.0,0.0,0.7028610631141534,0.7028610631141534,,,,1.0
13,acetone_hl_gap_eV,173,1.0,0.0,0.7028610631141534,0.7028610631141534,,,,1.0
13,acetone_hl_gap_eV,174,1.0,0.0,0.7028610631141534,0.7028610631141534,,,,1.0
13,acetone_hl_gap_eV,175,1.0,0.0,0.7028610631141534,0.7028610631141534,,,,1.0
13,acetone_hl_gap_eV,176,1.0,0.0,0.7028610631141534,0.7028610631141534,,,,1.0
13,acetone_hl_gap_eV,177,1.0,0.0,0.7028610631141534,0.7028610631141534,,,,1.0
13,acetone_hl_gap_eV,178,1.0,0.0,0.7028610631141534,0.7028610631141534,,,,1.0
13,acetone_hl_gap_eV,179,1.0,0.0,0.7028610631141534,0.7028610631141534,,,,1.0
13,acetone_hl_gap_eV,180,1.0,0.0,0.7028610631141534,0.7028610631141534,,,,1.0
13,acetone_hl_gap_eV,181,1.0,0.0,0.7028610631141534,0.7028610631141534,,,,1.0
13,acetone_hl_gap_eV,182,1.0,0.0,0.7028610631141534,0.7028610631141534,,,,1.0
13,acetone_hl_gap_eV,183,1.0,0.0,0.7028610631141534,0.7028610631141534,,,,1.0
13,acetone_hl_gap_eV,184,1.0,0.0,0.7028610631141534,0.7028610631141534,,,,1.0
13,acetone_hl_gap_eV,185,1.0,0.0,0.7028610631141534,0.7028610631141534,,,,1.0
13,acetone_hl_gap_eV,186,1.0,0.0,0.7028610631141534,0.7028610631141534,,,,1.0
13,acetone_hl_gap_eV,187,1.0,0.0,0.7028610631141534,0.7028610631141534,,,,1.0
13,acetone_hl_gap_eV,188,1.0,0.0,0.7028610631141534,0.7028610631141534,,,,1.0
13,acetone_hl_gap_eV,189,1.0,0.0,0.7028610631141534,0.7028610631141534,,,,1.0
13,acetone_hl_gap_eV,190,1.0,0.0,0.7028610631141534,0.7028610631141534,,,,1.0
13,acetone_hl_gap_eV,191,1.0,0.0,0.7028610631141534,0.7028610631141534,,,,1.0
13,acetone_hl_gap_eV,192,1.0,0.0,0.7028610631141534,0.7028610631141534,,,,1.0
13,acetone_hl_gap_eV,193,1.0,0.0,0.7028610631141534,0.7028610631141534,,,,1.0
13,acetone_hl_gap_eV,194,1.0,0.0,0.7028610631141534,0.7028610631141534,,,,1.0
13,acetone_hl_gap_eV,195,1.0,0.0,0.7028610631141534,0.7028610631141534,,,,1.0
13,acetone_hl_gap_eV,196,1.0,0.0,0.7028610631141534,0.7028610631141534,,,,1.0
13,acetone_hl_gap_eV,197,1.0,0.0,0.7028610631141534,0.7028610631141534,,,,1.0
13,acetone_hl_gap_eV,198,1.0,0.0,0.7028610631141534,0.7028610631141534,,,,1.0
13,acetone_hl_gap_eV,199,1.0,0.0,0.7028610631141534,0.7028610631141534,,,,1.0
13,acetone_hl_gap_eV,200,1.0,0.0,0.7028610631141534,0.7028610631141534,,,,1.0
13,acetone_hl_gap_eV,201,1.0,0.0,0.7028610631141534,0.7028610631141534,,,,1.0
13,acetone_hl_gap_eV,202,1.0,0.0,0.7028610631141534,0.7028610631141534,,,,1.0
13,acetone_hl_gap_eV,203,1.0,0.0,0.7028610631141534,0.7028610631141534,,,,1.0
13,acetone_hl_gap_eV,204,1.0,0.0,0.7028610631141534,0.7028610631141534,,,,1.0
13,acetone_hl_gap_eV,205,1.0,0.0,0.7028610631141534,0.7028610631141534,,,,1.0
13,acetone_hl_gap_eV,206,1.0,0.0,0.7028610631141534,0.7028610631141534,,,,1.0
13,acetone_hl_gap_eV,207,1.0,0.0,0.7028610631141534,0.7028610631141534,,,,1.0
13,acetone_hl_gap_eV,208,1.0,0.0,0.7028610631141534,0.7028610631141534,,,,1.0
13,acetone_hl_gap_eV,209,1.0,0.0,0.7028610631141534,0.7028610631141534,,,,1.0
13,acetone_hl_gap_eV,210,1.0,0.0,0.7028610631141534,0.7028610631141534,,,,1.0
13,acetone_hl_gap_eV,211,1.0,0.0,0.7028610631141534,0.7028610631141534,,,,1.0
13,acetone_hl_gap_eV,212,1.0,0.0,0.7028610631141534,0.7028610631141534,,,,1.0
13,acetone_hl_gap_eV,213,1.0,0.0,0.7028610631141534,0.7028610631141534,,,,1.0
13,acetone_hl_gap_eV,214,1.0,0.0,0.7028610631141534,0.7028610631141534,,,,1.0
13,acetone_hl_gap_eV,215,1.0,0.0,0.7028610631141534,0.7028610631141534,,,,1.0
13,acetone_hl_gap_eV,216,1.0,0.0,0.7028610631141534,0.7028610631141534,,,,1.0
13,acetone_hl_gap_eV,217,1.0,0.0,0.7028610631141534,0.7028610631141534,,,,1.0
13,acetone_hl_gap_eV,218,1.0,0.0,0.7028610631141534,0.7028610631141534,,,,1.0
13,acetone_hl_gap_eV,219,1.0,0.0,0.7028610631141534,0.7028610631141534,,,,1.0
13,acetone_hl_gap_eV,220,1.0,0.0,0.7028610631141534,0.7028610631141534,,,,1.0
13,acetone_hl_gap_eV,221,1.0,0.0,0.7028610631141534,0.7028610631141534,,,,1.0
13,acetone_hl_gap_eV,222,1.0,0.0,0.7028610631141534,0.7028610631141534,,,,1.0
13,acetone_hl_gap_eV,223,1.0,0.0,0.7028610631141534,0.7028610631141534,,,,1.0
13,acetone_hl_gap_eV,224,1.0,0.0,0.7028610631141534,0.7028610631141534,,,,1.0
13,acetone_hl_gap_eV,225,1.0,0.0,0.7028610631141534,0.7028610631141534,,,,1.0
13,acetone_hl_gap_eV,226,1.0,0.0,0.7028610631141534,0.7028610631141534,,,,1.0
13,acetone_hl_gap_eV,227,1.0,0.0,0.7028610631141534,0.7028610631141534,,,,1.0
13,acetone_hl_gap_eV,228,1.0,0.0,0.7028610631141534,0.7028610631141534,,,,1.0
13,acetone_hl_gap_eV,229,1.0,0.0,0.7028610631141534,0.7028610631141534,,,,1.0
13,acetone_hl_gap_eV,230,1.0,0.0,0.7028610631141534,0.7028610631141534,,,,1.0
13,acetone_hl_gap_eV,231,1.0,0.0,0.7028610631141534,0.7028610631141534,,,,1.0
13,acetone_hl_gap_eV,232,1.0,0.0,0.7028610631141534,0.7028610631141534,,,,1.0
13,acetone_hl_gap_eV,233,1.0,0.0,0.7028610631141534,0.7028610631141534,,,,1.0
13,acetone_hl_gap_eV,234,1.0,0.0,0.7028610631141534,0.7028610631141534,,,,1.0
13,acetone_hl_gap_eV,235,1.0,0.0,0.7028610631141534,0.7028610631141534,,,,1.0
13,acetone_hl_gap_eV,236,1.0,0.0,0.7028610631141534,0.7028610631141534,,,,1.0
13,acetone_hl_gap_eV,237,1.0,0.0,0.7028610631141534,0.7028610631141534,,,,1.0
13,acetone_hl_gap_eV,238,1.0,0.0,0.7028610631141534,0.7028610631141534,,,,1.0
13,acetone_hl_gap_eV,239,1.0,0.0,0.7028610631141534,0.7028610631141534,,,,1.0
13,acetone_hl_gap_eV,240,1.0,0.0,0.7028610631141534,0.7028610631141534,,,,1.0
13,acetone_hl_gap_eV,241,1.0,0.0,0.7028610631141534,0.7028610631141534,,,,1.0
13,acetone_hl_gap_eV,242,1.0,0.0,0.7028610631141534,0.7028610631141534,,,,1.0
13,acetone_hl_gap_eV,243,1.0,0.0,0.7028610631141534,0.7028610631141534,,,,1.0
13,acetone_hl_gap_eV,244,1.0,0.0,0.7028610631141534,0.7028610631141534,,,,1.0
13,acetone_hl_gap_eV,245,1.0,0.0,0.7028610631141534,0.7028610631141534,,,,1.0
13,acetone_hl_gap_eV,246,1.0,0.0,0.7028610631141534,0.7028610631141534,,,,1.0
13,acetone_hl_gap_eV,247,1.0,0.0,0.7028610631141534,0.7028610631141534,,,,1.0
13,acetone_hl_gap_eV,248,1.0,0.0,0.7028610631141534,0.7028610631141534,,,,1.0
13,acetone_hl_gap_eV,249,1.0,0.0,0.7028610631141534,0.7028610631141534,,,,1.0
13,acetone_dipole,0,1.0000001192092896,0.0,0.6139722082520431,0.6139722082520431,,,,1.0
13,acetone_dipole,1,1.0000001192092896,0.0,0.6139722082520431,0.6139722082520431,,,,1.0
13,acetone_dipole,2,1.0000001192092896,0.0,0.6139722082520431,0.6139722082520431,,,,1.0
13,acetone_dipole,3,1.0000001192092896,0.0,0.6139722082520431,0.6139722082520431,,,,1.0
13,acetone_dipole,4,1.0000001192092896,0.0,0.6139722082520431,0.6139722082520431,,,,1.0
13,acetone_dipole,5,1.0000001192092896,0.0,0.6139722082520431,0.6139722082520431,,,,1.0
13,acetone_dipole,6,1.0000001192092896,0.0,0.6139722082520431,0.6139722082520431,,,,1.0
13,acetone_dipole,7,1.0000001192092896,0.0,0.6139722082520431,0.6139722082520431,,,,1.0
13,acetone_dipole,8,1.0000001192092896,0.0,0.6139722082520431,0.6139722082520431,,,,1.0
13,acetone_dipole,9,1.0000001192092896,0.0,0.6139722082520431,0.6139722082520431,,,,1.0
13,acetone_dipole,10,1.0000001192092896,0.0,0.6139722082520431,0.6139722082520431,,,,1.0
13,acetone_dipole,11,1.0000001192092896,0.0,0.6139722082520431,0.6139722082520431,,,,1.0
13,acetone_dipole,12,1.0000001192092896,0.0,0.6139722082520431,0.6139722082520431,,,,1.0
13,acetone_dipole,13,1.0000001192092896,0.0,0.6139722082520431,0.6139722082520431,,,,1.0
13,acetone_dipole,14,1.0000001192092896,0.0,0.6139722082520431,0.6139722082520431,,,,1.0
13,acetone_dipole,15,1.0000001192092896,0.0,0.6139722082520431,0.6139722082520431,,,,1.0
13,acetone_dipole,16,1.0000001192092896,0.0,0.6139722082520431,0.6139722082520431,,,,1.0
13,acetone_dipole,17,1.0000001192092896,0.0,0.6139722082520431,0.6139722082520431,,,,1.0
13,acetone_dipole,18,1.0000001192092896,0.0,0.6139722082520431,0.6139722082520431,,,,1.0
13,acetone_dipole,19,1.0000001192092896,0.0,0.6139722082520431,0.6139722082520431,,,,1.0
13,acetone_dipole,20,1.0000001192092896,0.0,0.6139722082520431,0.6139722082520431,,,,1.0
13,acetone_dipole,21,1.0000001192092896,0.0,0.6139722082520431,0.6139722082520431,,,,1.0
13,acetone_dipole,22,1.0000001192092896,0.0,0.6139722082520431,0.6139722082520431,,,,1.0
13,acetone_dipole,23,1.0000001192092896,0.0,0.6139722082520431,0.6139722082520431,,,,1.0
13,acetone_dipole,24,1.0000001192092896,0.0,0.6139722082520431,0.6139722082520431,,,,1.0
13,acetone_dipole,25,1.0000001192092896,0.0,0.6139722082520431,0.6139722082520431,,,,1.0
13,acetone_dipole,26,1.0000001192092896,0.0,0.6139722082520431,0.6139722082520431,,,,1.0
13,acetone_dipole,27,1.0000001192092896,0.0,0.6139722082520431,0.6139722082520431,,,,1.0
13,acetone_dipole,28,1.0000001192092896,0.0,0.6139722082520431,0.6139722082520431,,,,1.0
13,acetone_dipole,29,1.0000001192092896,0.0,0.6139722082520431,0.6139722082520431,,,,1.0
13,acetone_dipole,30,1.0000001192092896,0.0,0.6139722082520431,0.6139722082520431,,,,1.0
13,acetone_dipole,31,1.0000001192092896,0.0,0.6139722082520431,0.6139722082520431,,,,1.0
13,acetone_dipole,32,1.0000001192092896,0.0,0.6139722082520431,0.6139722082520431,,,,1.0
13,acetone_dipole,33,1.0000001192092896,0.0,0.6139722082520431,0.6139722082520431,,,,1.0
13,acetone_dipole,34,1.0000001192092896,0.0,0.6139722082520431,0.6139722082520431,,,,1.0
13,acetone_dipole,35,1.0000001192092896,0.0,0.6139722082520431,0.6139722082520431,,,,1.0
13,acetone_dipole,36,1.0000001192092896,0.0,0.6139722082520431,0.6139722082520431,,,,1.0
13,acetone_dipole,37,1.0000001192092896,0.0,0.6139722082520431,0.6139722082520431,,,,1.0
13,acetone_dipole,38,1.0000001192092896,0.0,0.6139722082520431,0.6139722082520431,,,,1.0
13,acetone_dipole,39,1.0000001192092896,0.0,0.6139722082520431,0.6139722082520431,,,,1.0
13,acetone_dipole,40,1.0000001192092896,0.0,0.6139722082520431,0.6139722082520431,,,,1.0
13,acetone_dipole,41,1.0000001192092896,0.0,0.6139722082520431,0.6139722082520431,,,,1.0
13,acetone_dipole,42,1.0000001192092896,0.0,0.6139722082520431,0.6139722082520431,,,,1.0
13,acetone_dipole,43,1.0000001192092896,0.0,0.6139722082520431,0.6139722082520431,,,,1.0
13,acetone_dipole,44,1.0000001192092896,0.0,0.6139722082520431,0.6139722082520431,,,,1.0
13,acetone_dipole,45,1.0000001192092896,0.0,0.6139722082520431,0.6139722082520431,,,,1.0
13,acetone_dipole,46,1.0000001192092896,0.0,0.6139722082520431,0.6139722082520431,,,,1.0
13,acetone_dipole,47,1.0000001192092896,0.0,0.6139722082520431,0.6139722082520431,,,,1.0
13,acetone_dipole,48,1.0000001192092896,0.0,0.6139722082520431,0.6139722082520431,,,,1.0
13,acetone_dipole,49,1.0000001192092896,0.0,0.6139722082520431,0.6139722082520431,,,,1.0
13,acetone_dipole,50,1.0000001192092896,0.0,0.6139722082520431,0.6139722082520431,,,,1.0
13,acetone_dipole,51,1.0000001192092896,0.0,0.6139722082520431,0.6139722082520431,,,,1.0
13,acetone_dipole,52,1.0000001192092896,0.0,0.6139722082520431,0.6139722082520431,,,,1.0
13,acetone_dipole,53,1.0000001192092896,0.0,0.6139722082520431,0.6139722082520431,,,,1.0
13,acetone_dipole,54,1.0000001192092896,0.0,0.6139722082520431,0.6139722082520431,,,,1.0
13,acetone_dipole,55,1.0000001192092896,0.0,0.6139722082520431,0.6139722082520431,,,,1.0
13,acetone_dipole,56,1.0000001192092896,0.0,0.6139722082520431,0.6139722082520431,,,,1.0
13,acetone_dipole,57,1.0000001192092896,0.0,0.6139722082520431,0.6139722082520431,,,,1.0
13,acetone_dipole,58,1.0000001192092896,0.0,0.6139722082520431,0.6139722082520431,,,,1.0
13,acetone_dipole,59,1.0000001192092896,0.0,0.6139722082520431,0.6139722082520431,,,,1.0
13,acetone_dipole,60,1.0000001192092896,0.0,0.6139722082520431,0.6139722082520431,,,,1.0
13,acetone_dipole,61,1.0000001192092896,0.0,0.6139722082520431,0.6139722082520431,,,,1.0
13,acetone_dipole,62,1.0000001192092896,0.0,0.6139722082520431,0.6139722082520431,,,,1.0
13,acetone_dipole,63,1.0000001192092896,0.0,0.6139722082520431,0.6139722082520431,,,,1.0
13,acetone_dipole,64,1.0000001192092896,0.0,0.6139722082520431,0.6139722082520431,,,,1.0
13,acetone_dipole,65,1.0000001192092896,0.0,0.6139722082520431,0.6139722082520431,,,,1.0
13,acetone_dipole,66,1.0000001192092896,0.0,0.6139722082520431,0.6139722082520431,,,,1.0
13,acetone_dipole,67,1.0000001192092896,0.0,0.6139722082520431,0.6139722082520431,,,,1.0
13,acetone_dipole,68,1.0000001192092896,0.0,0.6139722082520431,0.6139722082520431,,,,1.0
13,acetone_dipole,69,1.0000001192092896,0.0,0.6139722082520431,0.6139722082520431,,,,1.0
13,acetone_dipole,70,1.0000001192092896,0.0,0.6139722082520431,0.6139722082520431,,,,1.0
13,acetone_dipole,71,1.0000001192092896,0.0,0.6139722082520431,0.6139722082520431,,,,1.0
13,acetone_dipole,72,1.0000001192092896,0.0,0.6139722082520431,0.6139722082520431,,,,1.0
13,acetone_dipole,73,1.0000001192092896,0.0,0.6139722082520431,0.6139722082520431,,,,1.0
13,acetone_dipole,74,1.0000001192092896,0.0,0.6139722082520431,0.6139722082520431,,,,1.0
13,acetone_dipole,75,1.0000001192092896,0.0,0.6139722082520431,0.6139722082520431,,,,1.0
13,acetone_dipole,76,1.0000001192092896,0.0,0.6139722082520431,0.6139722082520431,,,,1.0
13,acetone_dipole,77,1.0000001192092896,0.0,0.6139722082520431,0.6139722082520431,,,,1.0
13,acetone_dipole,78,1.0000001192092896,0.0,0.6139722082520431,0.6139722082520431,,,,1.0
13,acetone_dipole,79,1.0000001192092896,0.0,0.6139722082520431,0.6139722082520431,,,,1.0
13,acetone_dipole,80,1.0000001192092896,0.0,0.6139722082520431,0.6139722082520431,,,,1.0
13,acetone_dipole,81,1.0000001192092896,0.0,0.6139722082520431,0.6139722082520431,,,,1.0
13,acetone_dipole,82,1.0000001192092896,0.0,0.6139722082520431,0.6139722082520431,,,,1.0
13,acetone_dipole,83,1.0000001192092896,0.0,0.6139722082520431,0.6139722082520431,,,,1.0
13,acetone_dipole,84,1.0000001192092896,0.0,0.6139722082520431,0.6139722082520431,,,,1.0
13,acetone_dipole,85,1.0000001192092896,0.0,0.6139722082520431,0.6139722082520431,,,,1.0
13,acetone_dipole,86,1.0000001192092896,0.0,0.6139722082520431,0.6139722082520431,,,,1.0
13,acetone_dipole,87,1.0000001192092896,0.0,0.6139722082520431,0.6139722082520431,,,,1.0
13,acetone_dipole,88,1.0000001192092896,0.0,0.6139722082520431,0.6139722082520431,,,,1.0
13,acetone_dipole,89,1.0000001192092896,0.0,0.6139722082520431,0.6139722082520431,,,,1.0
13,acetone_dipole,90,1.0000001192092896,0.0,0.6139722082520431,0.6139722082520431,,,,1.0
13,acetone_dipole,91,1.0000001192092896,0.0,0.6139722082520431,0.6139722082520431,,,,1.0
13,acetone_dipole,92,1.0000001192092896,0.0,0.6139722082520431,0.6139722082520431,,,,1.0
13,acetone_dipole,93,1.0000001192092896,0.0,0.6139722082520431,0.6139722082520431,,,,1.0
13,acetone_dipole,94,1.0000001192092896,0.0,0.6139722082520431,0.6139722082520431,,,,1.0
13,acetone_dipole,95,1.0000001192092896,0.0,0.6139722082520431,0.6139722082520431,,,,1.0
13,acetone_dipole,96,1.0000001192092896,0.0,0.6139722082520431,0.6139722082520431,,,,1.0
13,acetone_dipole,97,1.0000001192092896,0.0,0.6139722082520431,0.6139722082520431,,,,1.0
13,acetone_dipole,98,1.0000001192092896,0.0,0.6139722082520431,0.6139722082520431,,,,1.0
13,acetone_dipole,99,1.0000001192092896,0.0,0.6139722082520431,0.6139722082520431,,,,1.0
13,acetone_dipole,100,1.0000001192092896,0.0,0.6139722082520431,0.6139722082520431,,,,1.0
13,acetone_dipole,101,1.0000001192092896,0.0,0.6139722082520431,0.6139722082520431,,,,1.0
13,acetone_dipole,102,1.0000001192092896,0.0,0.6139722082520431,0.6139722082520431,,,,1.0
13,acetone_dipole,103,1.0000001192092896,0.0,0.6139722082520431,0.6139722082520431,,,,1.0
13,acetone_dipole,104,1.0000001192092896,0.0,0.6139722082520431,0.6139722082520431,,,,1.0
13,acetone_dipole,105,1.0000001192092896,0.0,0.6139722082520431,0.6139722082520431,,,,1.0
13,acetone_dipole,106,1.0000001192092896,0.0,0.6139722082520431,0.6139722082520431,,,,1.0
13,acetone_dipole,107,1.0000001192092896,0.0,0.6139722082520431,0.6139722082520431,,,,1.0
13,acetone_dipole,108,1.0000001192092896,0.0,0.6139722082520431,0.6139722082520431,,,,1.0
13,acetone_dipole,109,1.0000001192092896,0.0,0.6139722082520431,0.6139722082520431,,,,1.0
13,acetone_dipole,110,1.0000001192092896,0.0,0.6139722082520431,0.6139722082520431,,,,1.0
13,acetone_dipole,111,1.0000001192092896,0.0,0.6139722082520431,0.6139722082520431,,,,1.0
13,acetone_dipole,112,1.0000001192092896,0.0,0.6139722082520431,0.6139722082520431,,,,1.0
13,acetone_dipole,113,1.0000001192092896,0.0,0.6139722082520431,0.6139722082520431,,,,1.0
13,acetone_dipole,114,1.0000001192092896,0.0,0.6139722082520431,0.6139722082520431,,,,1.0
13,acetone_dipole,115,1.0000001192092896,0.0,0.6139722082520431,0.6139722082520431,,,,1.0
13,acetone_dipole,116,1.0000001192092896,0.0,0.6139722082520431,0.6139722082520431,,,,1.0
13,acetone_dipole,117,1.0000001192092896,0.0,0.6139722082520431,0.6139722082520431,,,,1.0
13,acetone_dipole,118,1.0000001192092896,0.0,0.6139722082520431,0.6139722082520431,,,,1.0
13,acetone_dipole,119,1.0000001192092896,0.0,0.6139722082520431,0.6139722082520431,,,,1.0
13,acetone_dipole,120,1.0000001192092896,0.0,0.6139722082520431,0.6139722082520431,,,,1.0
13,acetone_dipole,121,1.0000001192092896,0.0,0.6139722082520431,0.6139722082520431,,,,1.0
13,acetone_dipole,122,1.0000001192092896,0.0,0.6139722082520431,0.6139722082520431,,,,1.0
13,acetone_dipole,123,1.0000001192092896,0.0,0.6139722082520431,0.6139722082520431,,,,1.0
13,acetone_dipole,124,1.0000001192092896,0.0,0.6139722082520431,0.6139722082520431,,,,1.0
13,acetone_dipole,125,1.0000001192092896,0.0,0.6139722082520431,0.6139722082520431,,,,1.0
13,acetone_dipole,126,1.0000001192092896,0.0,0.6139722082520431,0.6139722082520431,,,,1.0
13,acetone_dipole,127,1.0000001192092896,0.0,0.6139722082520431,0.6139722082520431,,,,1.0
13,acetone_dipole,128,1.0000001192092896,0.0,0.6139722082520431,0.6139722082520431,,,,1.0
13,acetone_dipole,129,1.0000001192092896,0.0,0.6139722082520431,0.6139722082520431,,,,1.0
13,acetone_dipole,130,1.0000001192092896,0.0,0.6139722082520431,0.6139722082520431,,,,1.0
13,acetone_dipole,131,1.0000001192092896,0.0,0.6139722082520431,0.6139722082520431,,,,1.0
13,acetone_dipole,132,1.0000001192092896,0.0,0.6139722082520431,0.6139722082520431,,,,1.0
13,acetone_dipole,133,1.0000001192092896,0.0,0.6139722082520431,0.6139722082520431,,,,1.0
13,acetone_dipole,134,1.0000001192092896,0.0,0.6139722082520431,0.6139722082520431,,,,1.0
13,acetone_dipole,135,1.0000001192092896,0.0,0.6139722082520431,0.6139722082520431,,,,1.0
13,acetone_dipole,136,1.0000001192092896,0.0,0.6139722082520431,0.6139722082520431,,,,1.0
13,acetone_dipole,137,1.0000001192092896,0.0,0.6139722082520431,0.6139722082520431,,,,1.0
13,acetone_dipole,138,1.0000001192092896,0.0,0.6139722082520431,0.6139722082520431,,,,1.0
13,acetone_dipole,139,1.0000001192092896,0.0,0.6139722082520431,0.6139722082520431,,,,1.0
13,acetone_dipole,140,1.0000001192092896,0.0,0.6139722082520431,0.6139722082520431,,,,1.0
13,acetone_dipole,141,1.0000001192092896,0.0,0.6139722082520431,0.6139722082520431,,,,1.0
13,acetone_dipole,142,1.0000001192092896,0.0,0.6139722082520431,0.6139722082520431,,,,1.0
13,acetone_dipole,143,1.0000001192092896,0.0,0.6139722082520431,0.6139722082520431,,,,1.0
13,acetone_dipole,144,1.0000001192092896,0.0,0.6139722082520431,0.6139722082520431,,,,1.0
13,acetone_dipole,145,1.0000001192092896,0.0,0.6139722082520431,0.6139722082520431,,,,1.0
13,acetone_dipole,146,1.0000001192092896,0.0,0.6139722082520431,0.6139722082520431,,,,1.0
13,acetone_dipole,147,1.0000001192092896,0.0,0.6139722082520431,0.6139722082520431,,,,1.0
13,acetone_dipole,148,1.0000001192092896,0.0,0.6139722082520431,0.6139722082520431,,,,1.0
13,acetone_dipole,149,1.0000001192092896,0.0,0.6139722082520431,0.6139722082520431,,,,1.0
13,acetone_dipole,150,1.0000001192092896,0.0,0.6139722082520431,0.6139722082520431,,,,1.0
13,acetone_dipole,151,1.0000001192092896,0.0,0.6139722082520431,0.6139722082520431,,,,1.0
13,acetone_dipole,152,1.0000001192092896,0.0,0.6139722082520431,0.6139722082520431,,,,1.0
13,acetone_dipole,153,1.0000001192092896,0.0,0.6139722082520431,0.6139722082520431,,,,1.0
13,acetone_dipole,154,1.0000001192092896,0.0,0.6139722082520431,0.6139722082520431,,,,1.0
13,acetone_dipole,155,1.0000001192092896,0.0,0.6139722082520431,0.6139722082520431,,,,1.0
13,acetone_dipole,156,1.0000001192092896,0.0,0.6139722082520431,0.6139722082520431,,,,1.0
13,acetone_dipole,157,1.0000001192092896,0.0,0.6139722082520431,0.6139722082520431,,,,1.0
13,acetone_dipole,158,1.0000001192092896,0.0,0.6139722082520431,0.6139722082520431,,,,1.0
13,acetone_dipole,159,1.0000001192092896,0.0,0.6139722082520431,0.6139722082520431,,,,1.0
13,acetone_dipole,160,1.0000001192092896,0.0,0.6139722082520431,0.6139722082520431,,,,1.0
13,acetone_dipole,161,1.0000001192092896,0.0,0.6139722082520431,0.6139722082520431,,,,1.0
13,acetone_dipole,162,1.0000001192092896,0.0,0.6139722082520431,0.6139722082520431,,,,1.0
13,acetone_dipole,163,1.0000001192092896,0.0,0.6139722082520431,0.6139722082520431,,,,1.0
13,acetone_dipole,164,1.0000001192092896,0.0,0.6139722082520431,0.6139722082520431,,,,1.0
13,acetone_dipole,165,1.0000001192092896,0.0,0.6139722082520431,0.6139722082520431,,,,1.0
13,acetone_dipole,166,1.0000001192092896,0.0,0.6139722082520431,0.6139722082520431,,,,1.0
13,acetone_dipole,167,1.0000001192092896,0.0,0.6139722082520431,0.6139722082520431,,,,1.0
13,acetone_dipole,168,1.0000001192092896,0.0,0.6139722082520431,0.6139722082520431,,,,1.0
13,acetone_dipole,169,1.0000001192092896,0.0,0.6139722082520431,0.6139722082520431,,,,1.0
13,acetone_dipole,170,1.0000001192092896,0.0,0.6139722082520431,0.6139722082520431,,,,1.0
13,acetone_dipole,171,1.0000001192092896,0.0,0.6139722082520431,0.6139722082520431,,,,1.0
13,acetone_dipole,172,1.0000001192092896,0.0,0.6139722082520431,0.6139722082520431,,,,1.0
13,acetone_dipole,173,1.0000001192092896,0.0,0.6139722082520431,0.6139722082520431,,,,1.0
13,acetone_dipole,174,1.0000001192092896,0.0,0.6139722082520431,0.6139722082520431,,,,1.0
13,acetone_dipole,175,1.0000001192092896,0.0,0.6139722082520431,0.6139722082520431,,,,1.0
13,acetone_dipole,176,1.0000001192092896,0.0,0.6139722082520431,0.6139722082520431,,,,1.0
13,acetone_dipole,177,1.0000001192092896,0.0,0.6139722082520431,0.6139722082520431,,,,1.0
13,acetone_dipole,178,1.0000001192092896,0.0,0.6139722082520431,0.6139722082520431,,,,1.0
13,acetone_dipole,179,1.0000001192092896,0.0,0.6139722082520431,0.6139722082520431,,,,1.0
13,acetone_dipole,180,1.0000001192092896,0.0,0.6139722082520431,0.6139722082520431,,,,1.0
13,acetone_dipole,181,1.0000001192092896,0.0,0.6139722082520431,0.6139722082520431,,,,1.0
13,acetone_dipole,182,1.0000001192092896,0.0,0.6139722082520431,0.6139722082520431,,,,1.0
13,acetone_dipole,183,1.0000001192092896,0.0,0.6139722082520431,0.6139722082520431,,,,1.0
13,acetone_dipole,184,1.0000001192092896,0.0,0.6139722082520431,0.6139722082520431,,,,1.0
13,acetone_dipole,185,1.0000001192092896,0.0,0.6139722082520431,0.6139722082520431,,,,1.0
13,acetone_dipole,186,1.0000001192092896,0.0,0.6139722082520431,0.6139722082520431,,,,1.0
13,acetone_dipole,187,1.0000001192092896,0.0,0.6139722082520431,0.6139722082520431,,,,1.0
13,acetone_dipole,188,1.0000001192092896,0.0,0.6139722082520431,0.6139722082520431,,,,1.0
13,acetone_dipole,189,1.0000001192092896,0.0,0.6139722082520431,0.6139722082520431,,,,1.0
13,acetone_dipole,190,1.0000001192092896,0.0,0.6139722082520431,0.6139722082520431,,,,1.0
13,acetone_dipole,191,1.0000001192092896,0.0,0.6139722082520431,0.6139722082520431,,,,1.0
13,acetone_dipole,192,1.0000001192092896,0.0,0.6139722082520431,0.6139722082520431,,,,1.0
13,acetone_dipole,193,1.0000001192092896,0.0,0.6139722082520431,0.6139722082520431,,,,1.0
13,acetone_dipole,194,1.0000001192092896,0.0,0.6139722082520431,0.6139722082520431,,,,1.0
13,acetone_dipole,195,1.0000001192092896,0.0,0.6139722082520431,0.6139722082520431,,,,1.0
13,acetone_dipole,196,1.0000001192092896,0.0,0.6139722082520431,0.6139722082520431,,,,1.0
13,acetone_dipole,197,1.0000001192092896,0.0,0.6139722082520431,0.6139722082520431,,,,1.0
13,acetone_dipole,198,1.0000001192092896,0.0,0.6139722082520431,0.6139722082520431,,,,1.0
13,acetone_dipole,199,1.0000001192092896,0.0,0.6139722082520431,0.6139722082520431,,,,1.0
13,acetone_dipole,200,1.0000001192092896,0.0,0.6139722082520431,0.6139722082520431,,,,1.0
13,acetone_dipole,201,1.0000001192092896,0.0,0.6139722082520431,0.6139722082520431,,,,1.0
13,acetone_dipole,202,1.0000001192092896,0.0,0.6139722082520431,0.6139722082520431,,,,1.0
13,acetone_dipole,203,1.0000001192092896,0.0,0.6139722082520431,0.6139722082520431,,,,1.0
13,acetone_dipole,204,1.0000001192092896,0.0,0.6139722082520431,0.6139722082520431,,,,1.0
13,acetone_dipole,205,1.0000001192092896,0.0,0.6139722082520431,0.6139722082520431,,,,1.0
13,acetone_dipole,206,1.0000001192092896,0.0,0.6139722082520431,0.6139722082520431,,,,1.0
13,acetone_dipole,207,1.0000001192092896,0.0,0.6139722082520431,0.6139722082520431,,,,1.0
13,acetone_dipole,208,1.0000001192092896,0.0,0.6139722082520431,0.6139722082520431,,,,1.0
13,acetone_dipole,209,1.0000001192092896,0.0,0.6139722082520431,0.6139722082520431,,,,1.0
13,acetone_dipole,210,1.0000001192092896,0.0,0.6139722082520431,0.6139722082520431,,,,1.0
13,acetone_dipole,211,1.0000001192092896,0.0,0.6139722082520431,0.6139722082520431,,,,1.0
13,acetone_dipole,212,1.0000001192092896,0.0,0.6139722082520431,0.6139722082520431,,,,1.0
13,acetone_dipole,213,1.0000001192092896,0.0,0.6139722082520431,0.6139722082520431,,,,1.0
13,acetone_dipole,214,1.0000001192092896,0.0,0.6139722082520431,0.6139722082520431,,,,1.0
13,acetone_dipole,215,1.0000001192092896,0.0,0.6139722082520431,0.6139722082520431,,,,1.0
13,acetone_dipole,216,1.0000001192092896,0.0,0.6139722082520431,0.6139722082520431,,,,1.0
13,acetone_dipole,217,1.0000001192092896,0.0,0.6139722082520431,0.6139722082520431,,,,1.0
13,acetone_dipole,218,1.0000001192092896,0.0,0.6139722082520431,0.6139722082520431,,,,1.0
13,acetone_dipole,219,1.0000001192092896,0.0,0.6139722082520431,0.6139722082520431,,,,1.0
13,acetone_dipole,220,1.0000001192092896,0.0,0.6139722082520431,0.6139722082520431,,,,1.0
13,acetone_dipole,221,1.0000001192092896,0.0,0.6139722082520431,0.6139722082520431,,,,1.0
13,acetone_dipole,222,1.0000001192092896,0.0,0.6139722082520431,0.6139722082520431,,,,1.0
13,acetone_dipole,223,1.0000001192092896,0.0,0.6139722082520431,0.6139722082520431,,,,1.0
13,acetone_dipole,224,1.0000001192092896,0.0,0.6139722082520431,0.6139722082520431,,,,1.0
13,acetone_dipole,225,1.0000001192092896,0.0,0.6139722082520431,0.6139722082520431,,,,1.0
13,acetone_dipole,226,1.0000001192092896,0.0,0.6139722082520431,0.6139722082520431,,,,1.0
13,acetone_dipole,227,1.0000001192092896,0.0,0.6139722082520431,0.6139722082520431,,,,1.0
13,acetone_dipole,228,1.0000001192092896,0.0,0.6139722082520431,0.6139722082520431,,,,1.0
13,acetone_dipole,229,1.0000001192092896,0.0,0.6139722082520431,0.6139722082520431,,,,1.0
13,acetone_dipole,230,1.0000001192092896,0.0,0.6139722082520431,0.6139722082520431,,,,1.0
13,acetone_dipole,231,1.0000001192092896,0.0,0.6139722082520431,0.6139722082520431,,,,1.0
13,acetone_dipole,232,1.0000001192092896,0.0,0.6139722082520431,0.6139722082520431,,,,1.0
13,acetone_dipole,233,1.0000001192092896,0.0,0.6139722082520431,0.6139722082520431,,,,1.0
13,acetone_dipole,234,1.0000001192092896,0.0,0.6139722082520431,0.6139722082520431,,,,1.0
13,acetone_dipole,235,1.0000001192092896,0.0,0.6139722082520431,0.6139722082520431,,,,1.0
13,acetone_dipole,236,1.0000001192092896,0.0,0.6139722082520431,0.6139722082520431,,,,1.0
13,acetone_dipole,237,1.0000001192092896,0.0,0.6139722082520431,0.6139722082520431,,,,1.0
13,acetone_dipole,238,1.0000001192092896,0.0,0.6139722082520431,0.6139722082520431,,,,1.0
13,acetone_dipole,239,1.0000001192092896,0.0,0.6139722082520431,0.6139722082520431,,,,1.0
13,acetone_dipole,240,1.0000001192092896,0.0,0.6139722082520431,0.6139722082520431,,,,1.0
13,acetone_dipole,241,1.0000001192092896,0.0,0.6139722082520431,0.6139722082520431,,,,1.0
13,acetone_dipole,242,1.0000001192092896,0.0,0.6139722082520431,0.6139722082520431,,,,1.0
13,acetone_dipole,243,1.0000001192092896,0.0,0.6139722082520431,0.6139722082520431,,,,1.0
13,acetone_dipole,244,1.0000001192092896,0.0,0.6139722082520431,0.6139722082520431,,,,1.0
13,acetone_dipole,245,1.0000001192092896,0.0,0.6139722082520431,0.6139722082520431,,,,1.0
13,acetone_dipole,246,1.0000001192092896,0.0,0.6139722082520431,0.6139722082520431,,,,1.0
13,acetone_dipole,247,1.0000001192092896,0.0,0.6139722082520431,0.6139722082520431,,,,1.0
13,acetone_dipole,248,1.0000001192092896,0.0,0.6139722082520431,0.6139722082520431,,,,1.0
13,acetone_dipole,249,1.0000001192092896,0.0,0.6139722082520431,0.6139722082520431,,,,1.0
13,octanol_gsolv_eV,0,0.2199677675962448,0.022405199706554413,0.6660180132904956,0.9769688660174518,4.795557022094727,0.008909085765480995,0.00185777913273346,0.22
13,octanol_gsolv_eV,1,0.2844124138355255,0.022936468943953514,0.6670869915422746,0.9760384995988984,4.906861305236816,0.021206755191087723,0.004321857470977414,0.2
13,octanol_gsolv_eV,2,0.5875540971755981,0.014183173887431622,0.6791633183369448,0.9277033073313441,3.2297098636627197,0.8256134986877441,0.2556308564978775,0.5
13,octanol_gsolv_eV,3,0.255905419588089,0.01644791290163994,0.6677253771355247,0.9680990899557811,3.486664056777954,0.05361878499388695,0.015378248125067825,0.24
13,octanol_gsolv_eV,4,0.08713198453187943,0.019993964582681656,0.6714850656493119,0.9527357651572561,4.4842681884765625,0.02224641479551792,0.0049609911496117905,0.06
13,octanol_gsolv_eV,5,0.2126225084066391,0.016070490702986717,0.668984792335332,0.974327560776669,3.4252450466156006,0.05141780525445938,0.015011423870319595,0.2
13,octanol_gsolv_eV,6,0.088205985724926,0.019902391359210014,0.6536947311523089,0.9385150803788151,4.017134189605713,0.03937229886651039,0.009801091277554469,0.08
13,octanol_gsolv_eV,7,0.06953490525484085,0.017314622178673744,0.6670025021167192,0.960634990945411,3.61454176902771,0.022198276594281197,0.0061413805712507786,0.08
13,octanol_gsolv_eV,8,0.23158374428749084,0.00464261369779706,0.6671041789951957,0.9628340507816662,0.8637260794639587,0.11047530919313431,0.12790549205333354,0.1
13,octanol_gsolv_eV,9,0.3535902500152588,0.012345465831458569,0.6645040038558923,0.9075211493619413,2.605321168899536,0.8595626950263977,0.32992580925808435,0.2
13,octanol_gsolv_eV,10,0.35829854011535645,0.01910213753581047,0.6765260416621826,0.9621468098735764,4.061135768890381,0.8662108778953552,0.21329276517441548,0.36
13,octanol_gsolv_eV,11,0.4649369418621063,0.022272232919931412,0.6682197111578663,0.9055418311320527,4.857057094573975,0.629114031791687,0.12952576416993267,0.28
13,octanol_gsolv_eV,12,0.26170793175697327,0.02270693890750408,0.6676442841069976,0.9765486413358175,4.902951717376709,0.009951955638825893,0.0020297886278493925,0.26
13,octanol_gsolv_eV,13,0.12862420082092285,0.011416314169764519,0.6562326983784368,0.9463874732868796,2.308417320251465,0.03587964177131653,0.015542961602544213,0.02
13,octanol_gsolv_eV,14,0.20954236388206482,0.023919975385069847,0.6666118441698698,0.971588938439456,5.092593193054199,0.01529268454760313,0.0030029267934577734,0.22
13,octanol_gsolv_eV,15,0.11828425526618958,0.030639713630080223,0.6536630929568985,0.9357268304952913,6.552381992340088,0.06319965422153473,0.009645294534936583,0.1
13,octanol_gsolv_eV,16,0.34088730812072754,0.03175598755478859,0.6513516964405444,0.9345169970426794,6.770341873168945,0.8772602677345276,0.12957399850237025,0.3
13,octanol_gsolv_eV,17,0.24517440795898438,0.0273942518979311,0.6665327197736268,0.9853208514699421,5.811911106109619,0.19023559987545013,0.032732021602235095,0.2
13,octanol_gsolv_eV,18,0.210727259516716,0.020868126302957535,0.6670963425359344,0.9682421531257079,4.429607391357422,0.02334347367286682,0.005269874192103824,0.16
13,octanol_gsolv_eV,19,0.24033984541893005,0.014706304296851158,0.6404636603382634,0.9435199249463102,2.9009504318237305,0.2750841975212097,0.0948255421752496,0.18
13,octanol_gsolv_eV,20,0.2365683764219284,0.018649838864803314,0.6667987581395769,0.9360917770016148,3.9470551013946533,0.21093669533729553,0.0534415380375012,0.2
13,octanol_gsolv_eV,21,0.47604843974113464,0.023618176579475403,0.669338065002677,0.9546146597670835,5.479011535644531,0.45850318670272827,0.08368355929164722,0.38
13,octanol_gsolv_eV,22,0.10153086483478546,0.02137826755642891,0.6666004710519342,0.9685999564417083,4.49316930770874,0.043380968272686005,0.009654870605089178,0.16
13,octanol_gsolv_eV,23,0.4912225902080536,0.009540507569909096,0.6737292202355274,0.9026970358629127,2.023022413253784,0.4005849361419678,0.19801309838069261,0.34
13,octanol_gsolv_eV,24,0.46482062339782715,0.011980832554399967,0.6744997500305971,0.9287628965782335,2.5326383113861084,0.5946817994117737,0.2348072351027121,0.34
13,octanol_gsolv_eV,25,0.4761177897453308,0.022847115993499756,0.6707838529304981,0.9100739413718848,4.9601335525512695,0.9748676419258118,0.1965406035134646,0.4
13,octanol_gsolv_eV,26,0.1535601168870926,0.023787537589669228,0.664670067096959,0.9495449564866445,5.102602005004883,0.1022980734705925,0.02004821723705935,0.1
13,octanol_gsolv_eV,27,0.3981994688510895,0.018332118168473244,0.6707280196670868,0.9394629126382927,3.9540915489196777,0.3398240804672241,0.08594239062574806,0.28
13,octanol_gsolv_eV,28,0.18984389305114746,0.022127287462353706,0.6670455418453265,0.9695230878876278,4.92723274230957,0.009564271196722984,0.0019411040023735247,0.18
13,octanol_gsolv_eV,29,0.4009512662887573,0.020733492448925972,0.6703395819732145,0.9172775648735532,4.470666408538818,0.7208674550056458,0.16124384803769162,0.26
13,octanol_gsolv_eV,30,0.2927561104297638,0.021950451657176018,0.6665803867242261,0.9199733186996852,4.769646644592285,0.7094031572341919,0.14873285383488455,0.28
13,octanol_gsolv_eV,31,0.24462415277957916,0.014350932091474533,0.6615506535459521,0.9237771231888114,3.074552536010742,0.11546962708234787,0.037556563346993796,0.08
13,octanol_gsolv_eV,32,0.27715522050857544,0.027571192011237144,0.6628474617716651,0.9744988569550634,5.910651206970215,0.008165284991264343,0.0013814526869112699,0.24
13,octanol_gsolv_eV,33,0.43764016032218933,0.027483951300382614,0.655644816353629,0.9503068552104577,6.087396144866943,0.287311315536499,0.04719773589546455,0.34
13,octanol_gsolv_eV,34,0.10726964473724365,0.009347370825707912,0.6656842337426894,0.9561706687332714,1.9316010475158691,0.03823494911193848,0.01979443382530282,0.06
13,octanol_gsolv_eV,35,0.4273650646209717,0.01873140223324299,0.6661049647883168,0.9055912277894897,4.031250953674316,0.6401189565658569,0.15878916096315346,0.28
13,octanol_gsolv_eV,36,0.30615314841270447,0.02306283637881279,0.6675773299150962,0.9140506421646801,5.025296211242676,0.7427386045455933,0.14779996508144658,0.16
13,octanol_gsolv_eV,37,0.1354692429304123,0.01780114695429802,0.667506307908682,0.9703189185315411,3.744163751602173,0.02359701506793499,0.0063023458997586695,0.16
13,octanol_gsolv_eV,38,0.21677003800868988,0.05397524684667587,0.6538535800490575,0.9799579540959567,11.419281005859375,0.018220458179712296,0.0015955871626561384,0.26
13,octanol_gsolv_eV,39,0.82551109790802,0.005629919469356537,0.6695417043252483,0.9247143752822744,1.1354471445083618,1.236055850982666,1.0886071244803446,0.62
13,octanol_gsolv_eV,40,0.24513022601604462,0.028495101258158684,0.6498879401131874,0.9553621229528382,5.943187236785889,0.09311643987894058,0.015667761450049573,0.24
13,octanol_gsolv_eV,41,0.1849723756313324,0.020240813493728638,0.6672476673787124,0.9584976184051903,4.275711536407471,0.020653825253248215,0.004830500158250135,0.14
13,octanol_gsolv_eV,42,0.256237655878067,0.030539916828274727,0.6552034472946364,0.9578370175913282,6.541148662567139,0.04351387917995453,0.006652329953754189,0.24
13,octanol_gsolv_eV,43,0.1590222716331482,0.017661606892943382,0.6675636305986918,0.967820574710168,3.7210049629211426,0.05856742337346077,0.0157396789192893,0.12
13,octanol_gsolv_eV,44,0.1376480907201767,0.015323200263082981,0.6597583845081505,0.9377725837274586,3.155919075012207,0.10626862198114395,0.03367279687953751,0.12
13,octanol_gsolv_eV,45,0.20298215746879578,0.027969546616077423,0.6602554692336928,0.9350002780888254,6.217271327972412,0.17993348836898804,0.02894090974595897,0.1
13,octanol_gsolv_eV,46,0.6479852795600891,0.00845272932201624,0.6951785740715222,0.9233967739570126,1.7752282619476318,1.0345087051391602,0.5827468654674209,0.4
13,octanol_gsolv_eV,47,0.3765019476413727,0.024944376200437546,0.6670247735920081,0.950964575620024,5.4090576171875,0.18582868576049805,0.034355094530703435,0.34
13,octanol_gsolv_eV,48,0.155782088637352,0.01852216012775898,0.6450103994721692,0.9523778267127969,3.6588687896728516,0.09801439195871353,0.02678816803580356,0.06
13,octanol_gsolv_eV,49,0.17062002420425415,0.02102343924343586,0.6675113864220312,0.9655807046829536,4.446200370788574,0.05214794725179672,0.011728654334700576,0.18
13,octanol_gsolv_eV,50,0.13390247523784637,0.008603213354945183,0.666132580319424,0.9666360790368791,1.7261101007461548,0.07264802604913712,0.04208771272338489,0.08
13,octanol_gsolv_eV,51,0.2475796639919281,0.021351788192987442,0.6564716142213749,0.9150095440825661,4.550497055053711,0.5130366683006287,0.11274299534615853,0.16
13,octanol_gsolv_eV,52,0.35581934452056885,0.006269354838877916,0.6728499344545225,0.9472788122772116,1.2787017822265625,0.13203758001327515,0.10325908812245677,0.26
13,octanol_gsolv_eV,53,0.1899694800376892,0.02312510646879673,0.666570573695626,0.9536693231196831,4.914336204528809,0.1258407086133957,0.025606857849372847,0.24
13,octanol_gsolv_eV,54,0.11391819268465042,0.02583148702979088,0.6649307563161961,0.9578381768174851,5.476036548614502,0.014188813045620918,0.002591073474338086,0.06
13,octanol_gsolv_eV,55,0.4535348415374756,0.01482295896857977,0.6705813705068921,0.8972447925465465,3.3330748081207275,1.4573419094085693,0.4372364838190523,0.18
13,octanol_gsolv_eV,56,0.3477765619754791,0.013728264719247818,0.6711040958720629,0.968723899748152,2.9560036659240723,0.0902784988284111,0.030540726274840144,0.18
13,octanol_gsolv_eV,57,0.12514717876911163,0.018385564908385277,0.6679129534521546,0.9680596692355734,4.122316360473633,0.02448747307062149,0.005940221693176408,0.1
13,octanol_gsolv_eV,58,0.09544118493795395,0.018879443407058716,0.666153214717863,0.955610607415053,3.9873344898223877,0.049027375876903534,0.012295777041541207,0.06
13,octanol_gsolv_eV,59,0.1572355180978775,0.02178293652832508,0.6710980378389313,0.9636891550436153,4.862321376800537,0.02897850051522255,0.005959807727536663,0.18
13,octanol_gsolv_eV,60,0.45511823892593384,0.023058630526065826,0.6651874017060373,0.9201364989652456,5.152990341186523,0.6991198658943176,0.1356726521116162,0.3
13,octanol_gsolv_eV,61,0.07825564593076706,0.010553649626672268,0.6569886956499578,0.959419398976475,2.080831527709961,0.017642805352807045,0.008478728391924964,0.04
13,octanol_gsolv_eV,62,0.6806199550628662,0.014200729317963123,0.6860538151901494,0.9331574829861686,3.0798404216766357,1.8818955421447754,0.6110367046615647,0.5
13,octanol_gsolv_eV,63,0.21761080622673035,0.010152030736207962,0.664926146365902,0.9587898611772359,2.0661873817443848,0.1024932712316513,0.04960502234077195,0.18
13,octanol_gsolv_eV,64,0.1308039426803589,0.01811903901398182,0.6724214278196494,0.957141240618038,4.074726581573486,0.008993128314614296,0.0022070507393753846,0.14
13,octanol_gsolv_eV,65,0.3053087592124939,0.029285598546266556,0.6496180549005497,0.9114988936181854,6.231954097747803,0.6147699356079102,0.0986480205029246,0.24
13,octanol_gsolv_eV,66,0.07989521324634552,0.013395462185144424,0.6642085171356544,0.9525243863655697,2.74137020111084,0.0228339284658432,0.00832938523100258,0.06
13,octanol_gsolv_eV,67,0.22229479253292084,0.011989888735115528,0.6664533477719559,0.9470813591667286,2.4747655391693115,0.2486393004655838,0.1004698410941357,0.14
13,octanol_gsolv_eV,68,0.5626134276390076,0.01999296061694622,0.6693663118751365,0.9183127172678394,4.437135219573975,0.8323143720626831,0.18757922192477078,0.48
13,octanol_gsolv_eV,69,0.13439898192882538,0.015625884756445885,0.665855191076578,0.9549645750906428,3.3981127738952637,0.03291688486933708,0.009686813551983559,0.1
13,octanol_gsolv_eV,70,0.21928156912326813,0.021035639569163322,0.6602490186622028,0.9150022183232092,4.56917142868042,0.8001391887664795,0.1751169115135521,0.12
13,octanol_gsolv_eV,71,0.41895902156829834,0.01299744937568903,0.6705950031146677,0.8984889216757384,2.7367520332336426,0.6418907046318054,0.234544707316202,0.26
13,octanol_gsolv_eV,72,0.09921803325414658,0.02471063658595085,0.6669439691161418,0.965271008515656,5.2742838859558105,0.041906580328941345,0.00794545406259394,0.16
13,octanol_gsolv_eV,73,0.19731053709983826,0.024785013869404793,0.6670131894807634,0.9670744700054965,5.284298419952393,0.049000632017850876,0.00927287373340515,0.14
13,octanol_gsolv_eV,74,0.13968829810619354,0.008588423952460289,0.6611019191419134,0.9437775557241912,1.7376933097839355,0.0975625142455101,0.05614484080487195,0.06
13,octanol_gsolv_eV,75,0.18068113923072815,0.008191204629838467,0.6588981577076374,0.923433011971952,1.614737629890442,0.29167088866233826,0.18063051437163063,0.06
13,octanol_gsolv_eV,76,0.41743603348731995,0.014817282557487488,0.6676658033794098,0.9118256785143921,3.133411169052124,0.6334737539291382,0.20216745257877147,0.22
13,octanol_gsolv_eV,77,0.09744921326637268,0.018208738416433334,0.6654379032639324,0.9705756152359464,4.041179656982422,0.034091364592313766,0.008435993320269763,0.16
13,octanol_gsolv_eV,78,0.2279387265443802,0.016700247302651405,0.6660139160575538,0.9418053327972655,3.514049768447876,0.33053842186927795,0.09406196373117214,0.16
13,octanol_gsolv_eV,79,0.053422506898641586,0.02909974940121174,0.6539734242651245,0.9658566209247004,6.283639430999756,0.00958188995718956,0.0015248949374654104,0.06
13,octanol_gsolv_eV,80,0.1711139678955078,0.013221647590398788,0.6615291607286213,0.9306817425176361,2.7211625576019287,0.17715422809123993,0.06510240543929877,0.02
13,octanol_gsolv_eV,81,0.12769286334514618,0.015734106302261353,0.6655121986012631,0.9465621427836293,3.2620904445648193,0.050733696669340134,0.015552510738588146,0.04
13,octanol_gsolv_eV,82,0.09267179667949677,0.012401909567415714,0.6588563490504409,0.9628322133927691,2.4810028076171875,0.028628235682845116,0.01153897754365717,0.04
13,octanol_gsolv_eV,83,0.21577879786491394,0.019519343972206116,0.6818473385697492,0.946731628605892,4.550830841064453,0.11104181408882141,0.02440033874404534,0.18
13,octanol_gsolv_eV,84,0.08709155023097992,0.020725054666399956,0.6683132702804091,0.9570664975723613,4.642749309539795,0.049647703766822815,0.010693599946223258,0.18
13,octanol_gsolv_eV,85,0.318722128868103,0.009246238507330418,0.6558498043927325,0.9489226168864262,1.8029249906539917,0.18667849898338318,0.10354202196491134,0.18
13,octanol_gsolv_eV,86,0.1365567296743393,0.01953345350921154,0.6594887104668945,0.9413979778499777,4.161291599273682,0.13080620765686035,0.03143404025800342,0.12
13,octanol_gsolv_eV,87,0.19304750859737396,0.02251715585589409,0.6683392857385266,0.9302983646157585,5.070411682128906,0.18152965605258942,0.03580175879848297,0.22
13,octanol_gsolv_eV,88,0.45174816250801086,0.024878352880477905,0.6678691557444676,0.9225645865664889,5.391052722930908,0.8064908385276794,0.14959802472293784,0.34
13,octanol_gsolv_eV,89,0.10837823897600174,0.014638682827353477,0.6617518568751171,0.959295462983127,2.9880831241607666,0.04838263988494873,0.016191865445020874,0.04
13,octanol_gsolv_eV,90,0.49585503339767456,0.02129373885691166,0.666898738899748,0.924127957569882,4.834713459014893,0.6575104594230652,0.1359978135202738,0.4
13,octanol_gsolv_eV,91,0.16089566051959991,0.010681933723390102,0.6513063256499694,0.9391217001426038,2.0845181941986084,0.12646588683128357,0.060669121134681814,0.1
13,octanol_gsolv_eV,92,0.26124700903892517,0.020599283277988434,0.6670571468545259,0.9762985597838756,4.374413967132568,0.05556777864694595,0.012702908107110557,0.3
13,octanol_gsolv_eV,93,0.12370602041482925,0.02115122228860855,0.6675071800420367,0.9698176453894789,4.485584259033203,0.03103737160563469,0.00691935984551638,0.1
13,octanol_gsolv_eV,94,0.17374388873577118,0.021057570353150368,0.6666777654092766,0.969340626683207,4.427384853363037,0.08497381955385208,0.019192779116391036,0.08
13,octanol_gsolv_eV,95,0.24694138765335083,0.012767246924340725,0.6645835866826029,0.9239529601759258,2.6668665409088135,0.24431449174880981,0.09161106789601568,0.1
13,octanol_gsolv_eV,96,0.09831547737121582,0.019932139664888382,0.6677095038493461,0.9794226982286054,4.210757732391357,0.053790707141160965,0.012774590836080315,0.16
13,octanol_gsolv_eV,97,0.28089356422424316,0.02940448932349682,0.6503351771600645,0.935580233722489,6.290397644042969,0.5639541745185852,0.08965318353962122,0.24
13,octanol_gsolv_eV,98,0.11347350478172302,0.030765602365136147,0.6560028559173336,0.9725356348180807,6.694385528564453,0.007861324585974216,0.0011743160821005183,0.16
13,octanol_gsolv_eV,99,0.2022140771150589,0.018201828002929688,0.6677992596003743,0.9540156194125262,3.8430492877960205,0.06032872200012207,0.015698139025097032,0.2
13,octanol_gsolv_eV,100,0.12390659749507904,0.02268672175705433,0.6714136227979712,0.9383218851012276,4.844842910766602,0.20518243312835693,0.042350688537781886,0.04
13,octanol_gsolv_eV,101,0.08969143778085709,0.023080380633473396,0.6675937522706468,0.9776210769545306,4.890284538269043,0.03425348550081253,0.007004395190660386,0.16
13,octanol_gsolv_eV,102,0.10033099353313446,0.01605980098247528,0.6681868038939918,0.9685121212446137,3.3738207817077637,0.11422687023878098,0.03385682809771582,0.12
13,octanol_gsolv_eV,103,0.3464989960193634,0.044031523168087006,0.6502624002297768,0.9537640245072798,9.502266883850098,0.34012481570243835,0.03579407102114855,0.38
13,octanol_gsolv_eV,104,0.14253175258636475,0.023249492049217224,0.6634898863967675,0.9557153717210618,4.974452972412109,0.008277717046439648,0.0016640456935359843,0.06
13,octanol_gsolv_eV,105,0.14463603496551514,0.01786876656115055,0.66707335766869,0.912471833344378,3.8000876903533936,0.237490713596344,0.06249611402368935,0.1
13,octanol_gsolv_eV,106,0.14934320747852325,0.019676700234413147,0.6675103957168209,0.9618494866682621,4.157872676849365,0.03149153292179108,0.007573953165312853,0.12
13,octanol_gsolv_eV,107,0.08876810222864151,0.017337359488010406,0.666698131836724,0.964949223707759,3.628840446472168,0.029448091983795166,0.008115014263695052,0.12
13,octanol_gsolv_eV,108,0.3769223690032959,0.021573230624198914,0.668444103193669,0.9165603566062506,4.644298553466797,0.5322564840316772,0.1146042783219368,0.28
13,octanol_gsolv_eV,109,0.2496882826089859,0.02634810470044613,0.655632976110091,0.9591824963713169,5.750308990478516,0.0128600113093853,0.0022364035273024774,0.26
13,octanol_gsolv_eV,110,0.17996393144130707,0.01793544925749302,0.6678894036609737,0.9782338131619122,3.7950379848480225,0.09389063715934753,0.02474036822140201,0.14
13,octanol_gsolv_eV,111,0.23178452253341675,0.017809603363275528,0.6650905572772239,0.9034512264701255,3.7965915203094482,0.5189209580421448,0.13668074515423487,0.14
13,octanol_gsolv_eV,112,0.5750486254692078,0.023129146546125412,0.6765346165443276,0.9512432829553585,6.957980155944824,0.47557249665260315,0.06834921715697609,0.38
13,octanol_gsolv_eV,113,0.0962800607085228,0.01818321831524372,0.6649087382612149,0.9654167320571887,3.789491891860962,0.034628890454769135,0.009138135518681216,0.08
13,octanol_gsolv_eV,114,0.24131737649440765,0.024493303149938583,0.6661849560387296,0.9703155340222953,5.26753044128418,0.00801033154129982,0.0015206996201709596,0.2
13,octanol_gsolv_eV,115,0.25343477725982666,0.009136655367910862,0.6673970535131173,0.9437116804502654,1.8411738872528076,0.15633417665958405,0.08491005534129549,0.1
13,octanol_gsolv_eV,116,0.30473649501800537,0.02312125265598297,0.670064878246815,0.9732745594404029,5.200476169586182,0.018932754173874855,0.0036405808923034434,0.26
13,octanol_gsolv_eV,117,0.5016028881072998,0.02298664301633835,0.6676050483864928,0.9181281465151063,5.104796886444092,0.612424373626709,0.11997037046723961,0.34
13,octanol_gsolv_eV,118,0.17320866882801056,0.018020102754235268,0.669069067915625,0.931564403053867,4.060005187988281,0.30518531799316406,0.07516870148246839,0.18
13,octanol_gsolv_eV,119,0.26015597581863403,0.023490965366363525,0.6570376689330066,0.9709610925428478,4.991609573364258,0.01181064359843731,0.0023660992360981354,0.24
13,octanol_gsolv_eV,120,0.37274274230003357,0.016115428879857063,0.6676134427747813,0.9459306525133295,3.3858559131622314,0.22069063782691956,0.06518016226532357,0.24
13,octanol_gsolv_eV,121,0.43124696612358093,0.01025118213146925,0.6775273597921514,0.9306389932882522,2.1505208015441895,0.5783164501190186,0.26891925421216867,0.34
13,octanol_gsolv_eV,122,0.48189860582351685,0.02341105416417122,0.6618019180807457,0.9012823754100343,5.361658573150635,0.7788471579551697,0.14526235628940862,0.38
13,octanol_gsolv_eV,123,0.4755416214466095,0.01744450442492962,0.6761729542297199,0.8963052643571436,4.181501388549805,0.6524088978767395,0.1560226428868897,0.28
13,octanol_gsolv_eV,124,0.28679215908050537,0.025576170533895493,0.66498323696327,0.9611345347685203,5.453522205352783,0.050467684864997864,0.009254144929576418,0.26
13,octanol_gsolv_eV,125,0.2893618941307068,0.023138998076319695,0.6674334636307462,0.9771782777254079,4.952000141143799,0.05305075645446777,0.010712995747656473,0.32
13,octanol_gsolv_eV,126,0.3697758615016937,0.025242241099476814,0.6543143680083832,0.9307348857976849,5.4559173583984375,0.359931081533432,0.06597077226240984,0.34
13,octanol_gsolv_eV,127,0.27555400133132935,0.027519382536411285,0.6500710634259592,0.936957316476539,5.781559944152832,0.15251627564430237,0.026379779353243475,0.2
13,octanol_gsolv_eV,128,0.427552193403244,0.023664403706789017,0.6693507885838634,0.9286548702618596,5.2440619468688965,0.6418430805206299,0.12239425983590048,0.3
13,octanol_gsolv_eV,129,0.20272621512413025,0.02802681364119053,0.6573466468778653,0.9656297187886447,5.8387627601623535,0.021626345813274384,0.003703926105857577,0.2
13,octanol_gsolv_eV,130,0.18490204215049744,0.028332466259598732,0.6514287776445755,0.9697764375916837,5.91707181930542,0.0047926572151482105,0.0008099711075859141,0.12
13,octanol_gsolv_eV,131,0.4832907021045685,0.014658460393548012,0.673338540442703,0.9142572048553295,3.1167328357696533,1.0380269289016724,0.3330496977439324,0.38
13,octanol_gsolv_eV,132,0.24260741472244263,0.024307427927851677,0.6605592299083742,0.9698404231365434,5.337749481201172,0.009817616082727909,0.0018392800406433869,0.2
13,octanol_gsolv_eV,133,0.6165100932121277,0.017932651564478874,0.6766278915891519,0.932132616963637,4.324981212615967,0.729733943939209,0.16872534424209187,0.62
13,octanol_gsolv_eV,134,0.18020258843898773,0.023338425904512405,0.6593244439376207,0.9590857819598446,5.004590034484863,0.011548953130841255,0.002307672167202807,0.12
13,octanol_gsolv_eV,135,0.37408795952796936,0.014535474590957165,0.6619931330353974,0.9146436488629857,3.0818545818328857,0.7917685508728027,0.2569130145011289,0.26
13,octanol_gsolv_eV,136,0.11118818074464798,0.019579894840717316,0.6620106597168838,0.961480477026118,4.28238582611084,0.03493722155690193,0.008158354472378561,0.12
13,octanol_gsolv_eV,137,0.47796183824539185,0.02292877621948719,0.672602779259392,0.9071337170531002,5.385624408721924,0.6817635893821716,0.1265895163944347,0.3
13,octanol_gsolv_eV,138,0.07496369630098343,0.02066979371011257,0.6642164497406235,0.9532400932605687,4.50899600982666,0.021216705441474915,0.004705416770215893,0.04
13,octanol_gsolv_eV,139,0.15725025534629822,0.0147654814645648,0.6676800378857599,0.953633770438002,3.1037168502807617,0.09289561957120895,0.029930442773091762,0.08
13,octanol_gsolv_eV,140,0.2307211309671402,0.02312060445547104,0.6669052925975585,0.9712560307748543,4.91910982131958,0.02349693514406681,0.0047766640708508555,0.2
13,octanol_gsolv_eV,141,0.20228657126426697,0.01938760094344616,0.6611052036194709,0.9578127314606641,4.312320232391357,0.019805477932095528,0.004592766043516342,0.16
13,octanol_gsolv_eV,142,0.24163658916950226,0.006326721049845219,0.6743279078164888,0.9740379030449791,1.2842735052108765,0.07786768674850464,0.06063170067167183,0.22
13,octanol_gsolv_eV,143,0.0936519205570221,0.010677617974579334,0.6412503466803454,0.9676874933820561,1.97835111618042,0.03421879559755325,0.017296624101599867,0.12
13,octanol_gsolv_eV,144,0.11739110201597214,0.014636649750173092,0.6667934013667953,0.9708637800970339,3.0450193881988525,0.1271841675043106,0.04176793356299147,0.1
13,octanol_gsolv_eV,145,0.4143998920917511,0.018254036083817482,0.6742768039230975,0.9449415759074595,3.906423568725586,1.0393117666244507,0.26605199060979223,0.36
13,octanol_gsolv_eV,146,0.5602644681930542,0.020271802321076393,0.6725840524479558,0.9268162642683795,4.455477714538574,1.0519195795059204,0.23609580092240706,0.46
13,octanol_gsolv_eV,147,0.07980015873908997,0.012548292055726051,0.6655190829736621,0.9487254296127399,2.5854976177215576,0.05342597886919975,0.020663712278443647,0.06
13,octanol_gsolv_eV,148,0.34645840525627136,0.02684657834470272,0.6542320752272732,0.9295560749078213,5.7351975440979,0.43949273228645325,0.07663079238460335,0.26
13,octanol_gsolv_eV,149,0.3409717381000519,0.012400595471262932,0.6706753866118083,0.9653038181719,2.6050827503204346,0.17650210857391357,0.06775297581322634,0.32
13,octanol_gsolv_eV,150,0.07628494501113892,0.017476249486207962,0.6468054661700531,0.9658982104580736,3.491311550140381,0.00662354938685894,0.001897152199606081,0.04
13,octanol_gsolv_eV,151,0.19415806233882904,0.023232854902744293,0.6686467493646004,0.9768831840672458,4.958256244659424,0.012194131501019001,0.0024593588752403416,0.12
13,octanol_gsolv_eV,152,0.5466322898864746,0.022603997960686684,0.6701752757541188,0.9354891237225218,5.293188571929932,0.7580763101577759,0.143217325409092,0.42
13,octanol_gsolv_eV,153,0.41789180040359497,0.014009824022650719,0.6743044485627616,0.9589990415864658,2.970745086669922,0.677036464214325,0.22790123166483256,0.38
13,octanol_gsolv_eV,154,0.31893980503082275,0.01239599660038948,0.6605909461719082,0.9099281427940118,2.6706409454345703,0.5331274271011353,0.19962527273181757,0.12
13,octanol_gsolv_eV,155,0.22897151112556458,0.02497018128633499,0.6467060163549767,0.983359961285277,5.075304985046387,0.026184190064668655,0.005159136276896932,0.2
13,octanol_gsolv_eV,156,0.47862309217453003,0.008795538917183876,0.6619478424392051,0.9285655986001815,1.7341190576553345,0.9073567986488342,0.5232378911028474,0.14
13,octanol_gsolv_eV,157,0.3016267418861389,0.010891281999647617,0.6717769703908025,0.9604941427074218,2.2500813007354736,0.3660820424556732,0.1626972511331096,0.12
13,octanol_gsolv_eV,158,0.09755253046751022,0.020013941451907158,0.6654589838800609,0.9625661857347307,4.191438674926758,0.013641414232552052,0.003254589960758623,0.08
13,octanol_gsolv_eV,159,0.4988064765930176,0.013376445509493351,0.6675558091120377,0.910177824308039,2.7875006198883057,0.7235192060470581,0.2595584018474763,0.34
13,octanol_gsolv_eV,160,0.10636436939239502,0.016784727573394775,0.6677833934640891,0.972063500760064,3.5293128490448,0.06293568760156631,0.017832277923052278,0.16
13,octanol_gsolv_eV,161,0.7023211121559143,0.007048707455396652,0.6938127879015941,0.9436119713938766,1.5112913846969604,1.308083176612854,0.8655400208445884,0.46
13,octanol_gsolv_eV,162,0.2758515179157257,0.012569122947752476,0.6687620268378243,0.9201614415808097,2.623988628387451,0.2417648285627365,0.09213638578582976,0.12
13,octanol_gsolv_eV,163,0.2915536165237427,0.023711778223514557,0.6660554962135359,0.9753351110109998,5.074129581451416,0.035756971687078476,0.0070469173309623025,0.2
13,octanol_gsolv_eV,164,0.12355474382638931,0.021724099293351173,0.6761384634757028,0.9696256154347527,4.888079643249512,0.005778996739536524,0.0011822632119992925,0.16
13,octanol_gsolv_eV,165,0.1390216201543808,0.016581285744905472,0.6673293815765784,0.9457874093778194,3.4902703762054443,0.021832073107361794,0.006255123745197416,0.06
13,octanol_gsolv_eV,166,0.5418024659156799,0.021887432783842087,0.6763156715860292,0.9306415675363866,5.007629871368408,1.252215027809143,0.25006141827070716,0.4
13,octanol_gsolv_eV,167,0.11725164949893951,0.03356705978512764,0.6521555770997445,0.9678087634808838,6.821509838104248,0.0166676826775074,0.0024434008120025642,0.14
13,octanol_gsolv_eV,168,0.27777746319770813,0.01979992538690567,0.6706369348398098,0.9719708041847461,4.457396984100342,0.004097931087017059,0.0009193551980302613,0.2
13,octanol_gsolv_eV,169,0.5181545615196228,0.020185505971312523,0.6722117430982597,0.9310972903881094,4.416943550109863,0.6932486891746521,0.15695212793865315,0.34
13,octanol_gsolv_eV,170,0.648536741733551,0.008472892455756664,0.6804281616416634,0.9113004963967886,1.7347402572631836,0.9137853384017944,0.5267562879087326,0.42
13,octanol_gsolv_eV,171,0.2567855715751648,0.014653025195002556,0.668427772823559,0.9657535321018895,3.075709342956543,0.10084941238164902,0.032788993086293045,0.24
13,octanol_gsolv_eV,172,0.34221628308296204,0.019069306552410126,0.6702213393836776,0.9634145111794377,4.09435510635376,0.2440035194158554,0.05959510425395258,0.24
13,octanol_gsolv_eV,173,0.34103888273239136,0.029143881052732468,0.6525540986536926,0.9341287952055177,6.290665626525879,0.2719845771789551,0.04323621589932812,0.32
13,octanol_gsolv_eV,174,0.5030039548873901,0.023985730484128,0.6587759928596135,0.9444409417964068,5.4944634437561035,0.30310410261154175,0.05516536886890905,0.46
13,octanol_gsolv_eV,175,0.18807059526443481,0.017182834446430206,0.6667445332118151,0.9530148033881869,3.6078567504882812,0.13665011525154114,0.03787570424824853,0.12
13,octanol_gsolv_eV,176,0.21247926354408264,0.015202611684799194,0.6686702240655775,0.9704628943471456,3.199270486831665,0.1018591895699501,0.031838254998821425,0.1
13,octanol_gsolv_eV,177,0.12975730001926422,0.01322141382843256,0.6549531537391129,0.9628543505799185,2.646385431289673,0.04724530130624771,0.017852766550042365,0.04
13,octanol_gsolv_eV,178,0.1250690370798111,0.017038585618138313,0.6696114551411467,0.9705534705214918,3.7930655479431152,0.03976592794060707,0.010483849392523982,0.18
13,octanol_gsolv_eV,179,0.1170661449432373,0.023590294644236565,0.6722692318675483,0.9562407942443354,5.227929592132568,0.08435457199811935,0.016135368793998923,0.02
13,octanol_gsolv_eV,180,0.3140448331832886,0.026024939492344856,0.6600570560190957,0.9319403224294973,5.508613586425781,0.20022720098495483,0.0363480207575915,0.3
13,octanol_gsolv_eV,181,0.18781057000160217,0.009395459666848183,0.6657560003909964,0.9343785499318675,1.9046759605407715,0.17997314035892487,0.0944901621522158,0.14
13,octanol_gsolv_eV,182,0.6476948261260986,0.00887738075107336,0.6716433197806237,0.9081312586905617,1.7617470026016235,0.7605797648429871,0.4317190627938158,0.52
13,octanol_gsolv_eV,183,0.33089298009872437,0.01734267547726631,0.6644825577053841,0.897276226775094,3.7067184448242188,0.7325090765953064,0.19761659470471157,0.3
13,octanol_gsolv_eV,184,0.17135949432849884,0.02133094146847725,0.6629394255512373,0.9298688895886793,4.675868988037109,0.18493399024009705,0.03955072109873865,0.04
13,octanol_gsolv_eV,185,0.5754715800285339,0.019118670374155045,0.6747555692150291,0.9131568679527731,4.103113651275635,0.9789721369743347,0.23859249832623522,0.48
13,octanol_gsolv_eV,186,0.131673201918602,0.02387654408812523,0.6383234617299376,0.9301227423503242,4.576523303985596,0.1351180076599121,0.029524160303573837,0.04
13,octanol_gsolv_eV,187,0.6245685815811157,0.013739136047661304,0.6864779733910884,0.9354126874114812,2.9914770126342773,1.0772651433944702,0.3601114562621482,0.48
13,octanol_gsolv_eV,188,0.1618518829345703,0.01171068474650383,0.6648103197813171,0.9361798128339025,2.402615547180176,0.0743965208530426,0.030964804560745438,0.06
13,octanol_gsolv_eV,189,0.3745971620082855,0.022032273933291435,0.6685655558572197,0.9215420353008517,4.948433876037598,0.4088212549686432,0.08261629137823343,0.22
13,octanol_gsolv_eV,190,0.2751375734806061,0.006300338078290224,0.6756470974769861,0.9394480034026425,1.3262124061584473,0.17301003634929657,0.13045424363842548,0.1
13,octanol_gsolv_eV,191,0.07270637899637222,0.014140985906124115,0.6773714999668727,0.9541906792233197,3.0694291591644287,0.012308334931731224,0.004009975240830072,0.08
13,octanol_gsolv_eV,192,0.2107808142900467,0.020364848896861076,0.6673210811820169,0.9841926630179301,4.295649528503418,0.15340827405452728,0.035712474455050325,0.2
13,octanol_gsolv_eV,193,0.18967683613300323,0.01588217355310917,0.6633391758949974,0.9605137643640582,3.267277240753174,0.04954120144248009,0.01516283981798246,0.06
13,octanol_gsolv_eV,194,0.17441120743751526,0.024138281121850014,0.6690114296964469,0.956866657129555,5.262341022491455,0.09010377526283264,0.01712237479055909,0.12
13,octanol_gsolv_eV,195,0.28044310212135315,0.018817096948623657,0.667399460771235,0.9423311643296737,3.993154525756836,0.0853436142206192,0.021372479745056634,0.22
13,octanol_gsolv_eV,196,0.25532764196395874,0.019531013444066048,0.6625308502327774,0.9116772839420677,4.245511531829834,0.44049349427223206,0.10375510488423463,0.2
13,octanol_gsolv_eV,197,0.39256465435028076,0.021926265209913254,0.6698813307127465,0.9430893597310117,4.714510440826416,0.34977373480796814,0.07419089197024996,0.28
13,octanol_gsolv_eV,198,0.26017507910728455,0.014175496995449066,0.6684126259291789,0.9541312881412307,2.9606776237487793,0.364099383354187,0.1229783953624671,0.12
13,octanol_gsolv_eV,199,0.19710415601730347,0.018212860450148582,0.6665517112096495,0.9616911938837986,3.8203701972961426,0.087443046271801,0.02288863166550943,0.2
13,octanol_gsolv_eV,200,0.44901251792907715,0.01712331734597683,0.6714420532983951,0.931540124354951,3.9099786281585693,0.3175291121006012,0.08120993547479917,0.3
13,octanol_gsolv_eV,201,0.42713725566864014,0.028352735564112663,0.6554216710852536,0.9185956618778843,6.2099456787109375,0.4783281981945038,0.07702614852724368,0.28
13,octanol_gsolv_eV,202,0.2527085244655609,0.025560084730386734,0.6563260950931471,0.9734578458549874,5.433894634246826,0.01950124464929104,0.003588815382319985,0.24
13,octanol_gsolv_eV,203,0.4201488196849823,0.02891712822020054,0.6533431586601146,0.9243971235717776,6.284153461456299,0.4381769895553589,0.06972728980011496,0.34
13,octanol_gsolv_eV,204,0.23209011554718018,0.012874159961938858,0.6704855777267249,0.941004282445598,2.711399555206299,0.23199298977851868,0.0855620815209831,0.18
13,octanol_gsolv_eV,205,0.19778554141521454,0.028376037254929543,0.6648164580441334,0.9483037701360146,6.3747334480285645,0.15500274300575256,0.024315172433396155,0.24
13,octanol_gsolv_eV,206,0.19418814778327942,0.015048045665025711,0.6554507204414755,0.9095575880515168,3.0375449657440186,0.3980056345462799,0.13102872189047318,0.04
13,octanol_gsolv_eV,207,0.22075502574443817,0.014278111048042774,0.6936510082341301,0.9113258301755163,3.484738349914551,0.6834673285484314,0.19613160585361902,0.14
13,octanol_gsolv_eV,208,0.2765214145183563,0.010098058730363846,0.670502290157434,0.9804337758169903,2.1226601600646973,0.07841264456510544,0.03694074352566898,0.24
13,octanol_gsolv_eV,209,0.03926324471831322,0.021271415054798126,0.660737478155613,0.9810245741978467,4.573014259338379,0.004544610157608986,0.000993788757235692,0.04
13,octanol_gsolv_eV,210,0.3911607265472412,0.024107811972498894,0.6663511574729557,0.9512888072681225,5.442749500274658,0.10071870684623718,0.018505115262268564,0.34
13,octanol_gsolv_eV,211,0.5472841858863831,0.012992236763238907,0.6752092479359437,0.9179025395384646,2.825857400894165,1.0516175031661987,0.3721410368525472,0.34
13,octanol_gsolv_eV,212,0.18923328816890717,0.010094362311065197,0.6760012341290784,0.9402023132367481,2.224618911743164,0.24765633046627045,0.11132528324692349,0.14
13,octanol_gsolv_eV,213,0.09603210538625717,0.02754291705787182,0.6520212847207034,0.9438527595608903,5.656437873840332,0.05822715535759926,0.010293961792966185,0.02
13,octanol_gsolv_eV,214,0.12881521880626678,0.022118205204606056,0.6676533008592649,0.9742756561353356,4.702542304992676,0.025196870788931847,0.0053581380357132355,0.08
13,octanol_gsolv_eV,215,0.5684387683868408,0.03182251751422882,0.6539352116196886,0.9843378116051997,6.959161758422852,0.013362785801291466,0.001920171748431935,0.56
13,octanol_gsolv_eV,216,0.09894585609436035,0.016622385010123253,0.6688764966542577,0.9630473698622872,3.503312826156616,0.030375104397535324,0.00867039453934777,0.12
13,octanol_gsolv_eV,217,0.085377998650074,0.02100018598139286,0.6628591541124562,0.9614286315012841,4.363034248352051,0.04099690169095993,0.009396419866849488,0.04
13,octanol_gsolv_eV,218,0.13931748270988464,0.026779044419527054,0.6602056941934129,0.9596078993076773,5.497711181640625,0.011924817226827145,0.002169051234748302,0.16
13,octanol_gsolv_eV,219,0.22216248512268066,0.02328108809888363,0.6677903376593854,0.960676355230633,4.970691680908203,0.025113290175795555,0.005052272759594509,0.22
13,octanol_gsolv_eV,220,0.47152402997016907,0.012804990634322166,0.6712249994467459,0.9351736000364859,2.6868112087249756,0.6180110573768616,0.23001655470617838,0.32
13,octanol_gsolv_eV,221,0.4883871078491211,0.02362964116036892,0.6583065989965078,0.8979678584624724,5.253028869628906,0.7747805714607239,0.14749215941686938,0.44
13,octanol_gsolv_eV,222,0.4203895926475525,0.023636827245354652,0.6684559913900274,0.952471956729555,5.112334728240967,0.2830227017402649,0.05536075331234156,0.38
13,octanol_gsolv_eV,223,0.44441813230514526,0.01696452498435974,0.6791977380693246,0.9093873450198269,3.945704221725464,1.3184574842453003,0.3341501060788425,0.36
13,octanol_gsolv_eV,224,0.3161114454269409,0.018299097195267677,0.6689009681474427,0.9502024185387885,3.899186611175537,0.19178728759288788,0.049186485982282174,0.18
13,octanol_gsolv_eV,225,0.12597621977329254,0.02287360653281212,0.6568594503403122,0.9351435736027156,4.835438251495361,0.16500413417816162,0.03412392540161877,0.04
13,octanol_gsolv_eV,226,0.19392532110214233,0.01932476833462715,0.6714985280454684,0.9525621126526997,4.379510402679443,0.04223129153251648,0.009642925270066445,0.16
13,octanol_gsolv_eV,227,0.3268356919288635,0.015026531182229519,0.6628297229048252,0.9092694817704454,3.1268863677978516,0.5512686967849731,0.17629956190995547,0.24
13,octanol_gsolv_eV,228,0.11228989064693451,0.013415476307272911,0.66633052305788,0.9589815452795898,2.7793564796447754,0.025078676640987396,0.009023195413994774,0.02
13,octanol_gsolv_eV,229,0.7080740332603455,0.011109279468655586,0.6983534446560171,0.9191892071199543,2.42588210105896,1.6225899457931519,0.6688659539904472,0.64
13,octanol_gsolv_eV,230,0.22921715676784515,0.012550656683743,0.6640625307028738,0.9404847655459605,2.6026387214660645,0.09485651552677155,0.03644628612661958,0.08
13,octanol_gsolv_eV,231,0.5661972761154175,0.021819256246089935,0.6784786713135942,0.9349179383785193,5.185697078704834,1.3475701808929443,0.2598628806196119,0.5
13,octanol_gsolv_eV,232,0.05521949753165245,0.00897949654608965,0.6496117622921589,0.9757980971531572,1.6981126070022583,0.01919967494904995,0.011306479246358022,0.04
13,octanol_gsolv_eV,233,0.2149718850851059,0.010828067548573017,0.669204289570031,0.9652357386657944,2.279717206954956,0.036516573280096054,0.016018027660927144,0.18
13,octanol_gsolv_eV,234,0.29675033688545227,0.013601042330265045,0.6690326980133472,0.9255956964542635,2.849639654159546,0.19576002657413483,0.06869641440046251,0.32
13,octanol_gsolv_eV,235,0.6357546448707581,0.010979829356074333,0.688491214656396,0.9472301347776624,2.3197054862976074,1.0831422805786133,0.4669309474744464,0.54
13,octanol_gsolv_eV,236,0.2615947127342224,0.014044012874364853,0.6689048870760506,0.9752378497696366,2.977165460586548,0.09915522485971451,0.03330524492924199,0.18
13,octanol_gsolv_eV,237,0.47974830865859985,0.019430119544267654,0.6712791524605779,0.8915861813383537,4.500022888183594,0.4773262143135071,0.10607195255981838,0.36
13,octanol_gsolv_eV,238,0.48533859848976135,0.009666464291512966,0.6800121867254041,0.9466136611447951,1.9765961170196533,0.6727679371833801,0.34036692240283845,0.32
13,octanol_gsolv_eV,239,0.10522705316543579,0.02419676072895527,0.6666050040515799,0.9678741447588481,5.366689682006836,0.0058025186881423,0.0010812100255389629,0.12
13,octanol_gsolv_eV,240,0.20957797765731812,0.01676042377948761,0.6802548508476993,0.9082629298374598,3.7580935955047607,0.46134525537490845,0.1227604485228218,0.1
13,octanol_gsolv_eV,241,0.29067790508270264,0.02129209414124489,0.666960844194731,0.9733162194576819,4.529576301574707,0.13060471415519714,0.028833759596850684,0.22
13,octanol_gsolv_eV,242,0.07431666553020477,0.015469537116587162,0.6286599821064125,0.9480154131512983,2.8179686069488525,0.04177409037947655,0.014824185860859295,0.06
13,octanol_gsolv_eV,243,0.2187240719795227,0.013252698816359043,0.6696465290495701,0.9634440446956298,2.7866249084472656,0.03982285410165787,0.014290712029789307,0.18
13,octanol_gsolv_eV,244,0.2768594026565552,0.01492631807923317,0.672575537880856,0.9621179778145625,3.2347042560577393,0.03593609482049942,0.01110954571911812,0.26
13,octanol_gsolv_eV,245,0.05257119610905647,0.027668820694088936,0.6637821045214294,0.9716216119307068,6.081298351287842,0.006576227024197578,0.0010813853628485314,0.08
13,octanol_gsolv_eV,246,0.5363116264343262,0.017549114301800728,0.6721511052847364,0.9088232568561889,3.9522790908813477,0.728793203830719,0.18439821355535904,0.42
13,octanol_gsolv_eV,247,0.3253864049911499,0.013889500871300697,0.6629075472659969,0.9353613468299753,2.8759005069732666,0.4156801402568817,0.14453912409312208,0.26
13,octanol_gsolv_eV,248,0.0922451838850975,0.0236972663551569,0.66783004384772,0.9742743396743421,5.068609237670898,0.014872072264552116,0.0029341524602093916,0.14
13,octanol_gsolv_eV,249,0.2570611238479614,0.019085325300693512,0.667281662428288,0.9655299712283365,4.046783924102783,0.03873826563358307,0.009572605397302444,0.26
13,octanol_hl_gap_eV,0,0.050444915890693665,0.0012871801154688,0.6376276590270169,0.9538628088240737,0.31157130002975464,0.0006224639364518225,0.001997821803203241,0.08
13,octanol_hl_gap_eV,1,0.11877649277448654,0.002447330392897129,0.6642759301285959,0.9509686371680768,0.5436558723449707,0.004320028703659773,0.007946255937650476,0.06
13,octanol_hl_gap_eV,2,0.07855601608753204,0.0016959052300080657,0.616844054159049,0.9496235344788313,0.33084723353385925,0.006368438713252544,0.019248880050256763,0.12
13,octanol_hl_gap_eV,3,0.02140209823846817,0.0007287284242920578,0.6434103965636797,0.9734103762917115,0.28965499997138977,0.0011318670585751534,0.003907638600013643,0.02
13,octanol_hl_gap_eV,4,0.07838160544633865,0.0009755041683092713,0.6330523520091815,0.9730259310514906,0.3393133580684662,0.001259996322914958,0.003713370820669894,0.02
13,octanol_hl_gap_eV,5,0.15063275396823883,0.0011714110150933266,0.632711431698133,0.9832526444204226,0.29877039790153503,0.0018171126721426845,0.00608197025175682,0.32
13,octanol_hl_gap_eV,6,0.19301694631576538,0.0008276166045106947,0.6482596783532404,0.9326764478114642,0.2670343220233917,0.015361891128122807,0.057527777746776435,0.2
13,octanol_hl_gap_eV,7,0.1982591301202774,0.001407461822964251,0.622291396204693,0.9127530187628001,0.374464750289917,0.026489948853850365,0.0707408343064104,0.1
13,octanol_hl_gap_eV,8,0.09421107918024063,0.0014549981569871306,0.6260225390274243,0.978710541119272,0.30023154616355896,0.0010708763729780912,0.0035668349534285896,0.04
13,octanol_hl_gap_eV,9,0.10577189177274704,0.0015368442982435226,0.6449358967977987,0.9850272424891227,0.28921249508857727,0.00255715474486351,0.008841785152056894,0.06
13,octanol_hl_gap_eV,10,0.25510966777801514,0.0011608186177909374,0.6709319255740227,0.9197755273641444,0.3409603238105774,0.03880482167005539,0.11381037311430302,0.18
13,octanol_hl_gap_eV,11,0.08123479783535004,0.0010326770134270191,0.6476539931681797,0.9541754282588741,0.3217657208442688,0.0017554055666550994,0.005455539396953652,0.08
13,octanol_hl_gap_eV,12,0.17521601915359497,0.00431048683822155,0.6411810880690589,0.9578130022226798,0.9444742202758789,0.07434742897748947,0.07871832537236723,0.08
13,octanol_hl_gap_eV,13,0.23367060720920563,0.0006788585451431572,0.6433298515343417,0.9392433858328311,0.25468745827674866,0.012286054901778698,0.04823973267041841,0.04
13,octanol_hl_gap_eV,14,0.18282893300056458,0.0020259805023670197,0.6411085457314609,0.9812604611104021,0.4076460897922516,0.0033543820027261972,0.008228662280155044,0.2
13,octanol_hl_gap_eV,15,0.12063091993331909,0.0012342851841822267,0.6375967826116127,0.9381264579155775,0.3672844469547272,0.006385589949786663,0.01738595250283978,0.16
13,octanol_hl_gap_eV,16,0.05189662426710129,0.0021491628140211105,0.6233037816214586,0.9761190924908074,0.4436238408088684,0.0018530231900513172,0.004177014442399358,0.12
13,octanol_hl_gap_eV,17,0.2193022072315216,0.0025529530830681324,0.6274675994110854,0.9880052455988226,0.6034464240074158,0.004362564999610186,0.007229415613467243,0.22
13,octanol_hl_gap_eV,18,0.14809158444404602,0.0010529665742069483,0.6255575919465337,0.9687292851667784,0.3627610206604004,0.0030377504881471395,0.008373971609785874,0.06
13,octanol_hl_gap_eV,19,0.050299596041440964,0.0018539115553721786,0.610224178298999,0.9596212541717477,0.38651514053344727,0.012049064040184021,0.031173588759173976,0.12
13,octanol_hl_gap_eV,20,0.04657319188117981,0.0008059731917455792,0.6564639335831117,0.9631673321989629,0.28629904985427856,0.00027045648312196136,0.000944664270662509,0.16
13,octanol_hl_gap_eV,21,0.012150389142334461,0.003709466429427266,0.6055492580433028,0.9878118293805482,0.5902581810951233,0.006716716568917036,0.01137928585158331,0.02
13,octanol_hl_gap_eV,22,0.07649032026529312,0.001235414412803948,0.6460339613030917,0.9701142216639622,0.3700702488422394,0.0008417394710704684,0.0022745396953790286,0.06
13,octanol_hl_gap_eV,23,0.042266760021448135,0.0012297879438847303,0.6467849449562906,0.9490334445178492,0.33897167444229126,0.0021631792187690735,0.006381592864147553,0.02
13,octanol_hl_gap_eV,24,0.055889055132865906,0.0017603939631953835,0.6340719793483447,0.9569801020621751,0.3860417604446411,0.0021798021625727415,0.005646544974984197,0.12
13,octanol_hl_gap_eV,25,0.059113115072250366,0.003166698385030031,0.6500891319455617,0.9696566075267699,0.6062602400779724,0.008656737394630909,0.01427891328238439,0.08
13,octanol_hl_gap_eV,26,0.030560364946722984,0.002108784392476082,0.641371228356961,0.9712454326975732,0.4334852993488312,0.0014966493472456932,0.003452595392494084,0.04
13,octanol_hl_gap_eV,27,0.10424939543008804,0.0013420535251498222,0.6373293493289773,0.9556636137086019,0.23455560207366943,0.0015292444732040167,0.006519752500832234,0.08
13,octanol_hl_gap_eV,28,0.0797291025519371,0.0007708596531301737,0.6531509222130669,0.970446274561318,0.2810380756855011,0.001403505215421319,0.004994003791115933,0.08
13,octanol_hl_gap_eV,29,0.0878128707408905,0.0011159639107063413,0.6554314263916545,0.9679962302521097,0.36760613322257996,0.0011020185193046927,0.0029978240831946,0.04
13,octanol_hl_gap_eV,30,0.3596149981021881,0.0024889730848371983,0.6590331930734465,0.9318492613615397,0.5657727122306824,0.1662144660949707,0.29378310848473743,0.22
13,octanol_hl_gap_eV,31,0.07729577273130417,0.002758616115897894,0.6063486743753019,0.9658039825473457,0.4473625719547272,0.034958645701408386,0.07814387678579911,0.06
13,octanol_hl_gap_eV,32,0.17292943596839905,0.0016080577624961734,0.6279295892081924,0.9172664218778817,0.34213584661483765,0.053241610527038574,0.15561541140404317,0.1
13,octanol_hl_gap_eV,33,0.021328425034880638,0.0008747018873691559,0.6499427482732569,0.9629970972890527,0.24752990901470184,0.0007184403366409242,0.002902438495213332,0.16
13,octanol_hl_gap_eV,34,0.023014957085251808,0.0014353606384247541,0.6197315198801214,0.9622051829391569,0.2978704273700714,0.0011033684713765979,0.0037041893722661607,0.1
13,octanol_hl_gap_eV,35,0.05532439798116684,0.0030333073809742928,0.6298578975978604,0.9711782275865253,0.5171141028404236,0.0008088655886240304,0.0015641917019494603,0.12
13,octanol_hl_gap_eV,36,0.17918671667575836,0.001740441657602787,0.6217914182006616,0.9145882665538612,0.3340299725532532,0.061806075274944305,0.1850315251727621,0.14
13,octanol_hl_gap_eV,37,0.06983337551355362,0.001183851738460362,0.6486687535328848,0.9736447722491439,0.3183586895465851,0.0005163712776266038,0.0016219795299510548,0.16
13,octanol_hl_gap_eV,38,0.12983165681362152,0.0007559506339021027,0.6861982826527446,0.9657267380905454,0.2851508855819702,0.0021865619346499443,0.0076680874765208806,0.02
13,octanol_hl_gap_eV,39,0.017954330891370773,0.002005428308621049,0.6075302531748497,0.9680588651815252,0.32429173588752747,0.0010778432479128242,0.0033236839815327496,0.0
13,octanol_hl_gap_eV,40,0.08879902213811874,0.000989284715615213,0.6329434048537319,0.9693449927517757,0.3119693398475647,0.0019454439170658588,0.006236009981033543,0.14
13,octanol_hl_gap_eV,41,0.0659395232796669,0.0018388588214293122,0.6100970065374498,0.9659726156100426,0.30702441930770874,0.0015008212067186832,0.004888279603631517,0.12
13,octanol_hl_gap_eV,42,0.0995037853717804,0.0013681307900696993,0.6645883593225974,0.9592485792917178,0.3861786723136902,0.006819515489041805,0.017658964562140195,0.08
13,octanol_hl_gap_eV,43,0.08045762032270432,0.000906075001694262,0.6607010874696329,0.9759927054338784,0.27479976415634155,0.0007875898736529052,0.002866050034907681,0.08
13,octanol_hl_gap_eV,44,0.042985763400793076,0.0022301089484244585,0.6152105158715389,0.9687637854277678,0.4556647539138794,0.0004975907504558563,0.0010920106200487496,0.08
13,octanol_hl_gap_eV,45,0.1941877007484436,0.0020645440090447664,0.6263292692839746,0.9241560276386458,0.40483957529067993,0.05494510382413864,0.13572068339585466,0.14
13,octanol_hl_gap_eV,46,0.22487957775592804,0.000835775921586901,0.648463245238964,0.9292550809150402,0.2557532787322998,0.025290081277489662,0.09888468059078574,0.16
13,octanol_hl_gap_eV,47,0.013612678274512291,0.0016927511896938086,0.6387184382314444,0.9681439829472205,0.42005518078804016,0.0050084274262189865,0.011923260693566445,0.02
13,octanol_hl_gap_eV,48,0.009783994406461716,0.002943601692095399,0.6255396174641117,0.9764558039936122,0.642917275428772,0.00045892444904893637,0.0007138157062942075,0.02
13,octanol_hl_gap_eV,49,0.09177489578723907,0.0021753557957708836,0.6320321807541074,0.96722754674033,0.407726526260376,0.0006388606270775199,0.00156688512012471,0.08
13,octanol_hl_gap_eV,50,0.6353358030319214,0.0005970399943180382,0.6817505317983634,0.9245501426538618,0.2920116186141968,0.06694324314594269,0.22924856025810234,0.52
13,octanol_hl_gap_eV,51,0.09966351836919785,0.001032453728839755,0.6388204257925514,0.9602018711154345,0.325019508600235,0.0033267145045101643,0.010235430232595457,0.14
13,octanol_hl_gap_eV,52,0.08305516093969345,0.0009694588370621204,0.6342081622800764,0.9433074348410277,0.31961995363235474,0.007065178360790014,0.0221049351909887,0.02
13,octanol_hl_gap_eV,53,0.07489721477031708,0.0013763788156211376,0.6514592231466432,0.9722722859334045,0.3170190751552582,0.0017053172923624516,0.00537922612867154,0.08
13,octanol_hl_gap_eV,54,0.07928343862295151,0.0011038219090551138,0.6305650663232312,0.966693946437778,0.31938350200653076,0.0003805260930676013,0.0011914394158650697,0.04
13,octanol_hl_gap_eV,55,0.035278644412755966,0.0019365256885066628,0.663588870350432,0.9651749859026832,0.3473983705043793,0.001315406640060246,0.003786450230467227,0.02
13,octanol_hl_gap_eV,56,0.13511131703853607,0.006764638237655163,0.6553954814612772,0.9384588305364079,1.5271477699279785,0.11806448549032211,0.0773104527375829,0.02
13,octanol_hl_gap_eV,57,0.10035286098718643,0.0025312299840152264,0.6272051320543097,0.9677105166930644,0.4332978129386902,0.0027309388387948275,0.006302683182897219,0.02
13,octanol_hl_gap_eV,58,0.07445797324180603,0.0006862416048534214,0.6700670173944325,0.9652808847866592,0.2902011275291443,0.0006807684549130499,0.0023458504820753384,0.02
13,octanol_hl_gap_eV,59,0.14338496327400208,0.000940707337576896,0.6681106506045036,0.9791604376015923,0.282354474067688,0.0010537627385929227,0.0037320561045556776,0.2
13,octanol_hl_gap_eV,60,0.056103117763996124,0.0010406561195850372,0.6466012967865737,0.9620288666296655,0.2774406373500824,0.0010329061187803745,0.003722980629823974,0.06
13,octanol_hl_gap_eV,61,0.05478737875819206,0.0008197436109185219,0.6386714767815371,0.9448456047782534,0.269633024930954,0.006257515866309404,0.023207527593890963,0.14
13,octanol_hl_gap_eV,62,0.11981770396232605,0.001343094278126955,0.6815448011012686,0.9756736684683602,0.23946650326251984,0.036752089858055115,0.15347486749645697,0.16
13,octanol_hl_gap_eV,63,0.12394959479570389,0.0011520020198076963,0.6400369941468174,0.9532499816564581,0.34808194637298584,0.002806887263432145,0.008063869133920655,0.06
13,octanol_hl_gap_eV,64,0.1075858622789383,0.0009490835946053267,0.6510770429969077,0.9681425659647063,0.32082653045654297,0.0037573587615042925,0.011711496415703187,0.14
13,octanol_hl_gap_eV,65,0.07412821799516678,0.002408565953373909,0.6646926609778872,0.9774927737395607,0.48991861939430237,0.003708907635882497,0.0075704565800497736,0.04
13,octanol_hl_gap_eV,66,0.09236270189285278,0.0012159670004621148,0.6524948930138705,0.9611993668498569,0.37585505843162537,0.0007557797944173217,0.002010827784441835,0.14
13,octanol_hl_gap_eV,67,0.045809727162122726,0.001087153679691255,0.6676036224470874,0.9573346443015611,0.3370848298072815,0.000503262912388891,0.001492985942667954,0.08
13,octanol_hl_gap_eV,68,0.21781274676322937,0.0013783707981929183,0.6497630484317458,0.9000814251882718,0.353270947933197,0.044373106211423874,0.12560644024374956,0.26
13,octanol_hl_gap_eV,69,0.07614576816558838,0.0009111182298511267,0.6798925092742698,0.9626929936866147,0.32168492674827576,0.0003625083772931248,0.0011269050774542326,0.02
13,octanol_hl_gap_eV,70,0.2182626724243164,0.0008950800402089953,0.6539904650851283,0.9373602282342752,0.33384737372398376,0.010828358121216297,0.032435055577729056,0.22
13,octanol_hl_gap_eV,71,0.1016000360250473,0.0017720370087772608,0.6410868766544642,0.9473562252492882,0.3592436909675598,0.0029072302859276533,0.008092641176515971,0.08
13,octanol_hl_gap_eV,72,0.048544324934482574,0.0013279085978865623,0.6370841795760585,0.9651999791996626,0.27421584725379944,0.0024420968256890774,0.00890574651372648,0.02
13,octanol_hl_gap_eV,73,0.39563268423080444,0.0018303621327504516,0.6294855777627606,0.9542567996352871,0.33083459734916687,0.049377746880054474,0.14925206515792724,0.36
13,octanol_hl_gap_eV,74,0.044237859547138214,0.0007465946255251765,0.6652084439546078,0.9617727015575372,0.30144283175468445,0.0003211878356523812,0.0010655016534404285,0.04
13,octanol_hl_gap_eV,75,0.046639543026685715,0.0007568287546746433,0.6660392608977936,0.970191519083996,0.26967674493789673,0.0009391266503371298,0.0034824161443857506,0.06
13,octanol_hl_gap_eV,76,0.12297473847866058,0.0010433525312691927,0.66506567908423,0.9763572375757681,0.2642427384853363,0.00046607517288066447,0.0017638144970501374,0.12
13,octanol_hl_gap_eV,77,0.08338052779436111,0.0007494378951378167,0.6637918240254763,0.975805146135946,0.28457802534103394,0.0009022721205838025,0.003170561463776177,0.06
13,octanol_hl_gap_eV,78,0.11609826982021332,0.0008069809409789741,0.6695117934594577,0.9727654437906967,0.27154672145843506,0.00042444595601409674,0.0015630678718360647,0.08
13,octanol_hl_gap_eV,79,-0.04315207526087761,0.0016390924574807286,0.6426920529970426,0.9669831323383129,0.24126896262168884,0.0436227023601532,0.18080528007472663,0.2
13,octanol_hl_gap_eV,80,0.12024392932653427,0.0021811076439917088,0.6285809703953962,0.9723908252981917,0.38364580273628235,0.014682269655168056,0.038270377390941065,0.06
13,octanol_hl_gap_eV,81,0.0686093419790268,0.0007392167462967336,0.6545139253756775,0.9345173192967342,0.2725342810153961,0.005314372014254332,0.019499829505683762,0.02
13,octanol_hl_gap_eV,82,0.04502087086439133,0.0010586223797872663,0.640455084118801,0.9755963163002941,0.35485368967056274,0.0005334053421393037,0.0015031697786051029,0.08
13,octanol_hl_gap_eV,83,0.09183230996131897,0.0010989438742399216,0.6489555197933261,0.979798860156899,0.24760235846042633,0.0022361022420227528,0.009031021578011921,0.08
13,octanol_hl_gap_eV,84,0.04298461228609085,0.0018500516889616847,0.6400173595171452,0.9797141435798378,0.4542103707790375,0.00041340108145959675,0.0009101533299439051,0.08
13,octanol_hl_gap_eV,85,0.06263679265975952,0.0014116927050054073,0.6336138508395843,0.9746675167399281,0.340088427066803,0.0007365273195318878,0.0021656935694175003,0.14
13,octanol_hl_gap_eV,86,0.15859457850456238,0.0007565179839730263,0.6656549427964349,0.9527985788052982,0.2796567976474762,0.005000053904950619,0.017879250377648537,0.08
13,octanol_hl_gap_eV,87,0.17190568149089813,0.001204715110361576,0.6817188334038611,0.9841260259307703,0.24052020907402039,0.006546804681420326,0.027219353860637712,0.2
13,octanol_hl_gap_eV,88,0.09100118279457092,0.001318661612458527,0.6335074017186051,0.9757994716243603,0.23185235261917114,0.0012104609049856663,0.005220826492858184,0.08
13,octanol_hl_gap_eV,89,0.005686200689524412,0.0009617651230655611,0.6494482868969012,0.9709962600306237,0.2907898426055908,0.0007629110477864742,0.0026235821751904834,0.08
13,octanol_hl_gap_eV,90,0.06283564120531082,0.0009833899093791842,0.675008086010954,0.9729866606224702,0.27537354826927185,0.0011749891564249992,0.0042668918776325076,0.06
13,octanol_hl_gap_eV,91,0.08231610804796219,0.0008134138770401478,0.6595092528490574,0.9611365146481636,0.2778244614601135,0.0005986400647088885,0.0021547421042867154,0.06
13,octanol_hl_gap_eV,92,0.0820891484618187,0.0013425800716504455,0.6469590914369803,0.9792075688753223,0.35872089862823486,0.0009930143132805824,0.0027682087023028616,0.1
13,octanol_hl_gap_eV,93,0.11163436621427536,0.0045479414984583855,0.6150794805295039,0.9814971733113038,0.850459098815918,0.0021028658375144005,0.002472624304263651,0.12
13,octanol_hl_gap_eV,94,0.10464715957641602,0.0012115152785554528,0.6491968014149585,0.9670554960027546,0.3414978086948395,0.0008246857905760407,0.002414908001102213,0.16
13,octanol_hl_gap_eV,95,0.04132752865552902,0.001244644750840962,0.6586567530573553,0.9758034345576849,0.34938645362854004,0.00043244429980404675,0.001237724861147055,0.02
13,octanol_hl_gap_eV,96,0.12475401163101196,0.0020276294089853764,0.6462351299482045,0.9572428440085972,0.5090658068656921,0.025589728727936745,0.050268017185228345,0.04
13,octanol_hl_gap_eV,97,0.02672378532588482,0.0014482260448858142,0.6449024388824527,0.9722713330508543,0.3499552309513092,0.0006242599920369685,0.0017838281495035702,0.06
13,octanol_hl_gap_eV,98,0.1356714516878128,0.0009744822164066136,0.6776591057987866,0.9656196326388473,0.3063002824783325,0.004481132607907057,0.014629867696005305,0.04
13,octanol_hl_gap_eV,99,0.042535409331321716,0.0011740894988179207,0.6303219959787933,0.9719087249479024,0.29006227850914,0.000848235737066716,0.0029243228089721692,0.08
13,octanol_hl_gap_eV,100,0.14595744013786316,0.0012655247701331973,0.6557203442898267,0.9651859143780042,0.3902258276939392,0.0008940718253143132,0.002291165171198122,0.1
13,octanol_hl_gap_eV,101,0.7374176383018494,0.002107539214193821,0.6464507811495639,0.9314797741010252,0.4068852663040161,0.44583332538604736,1.0957224611149474,0.04
13,octanol_hl_gap_eV,102,0.18342651426792145,0.0014490884495899081,0.6482279199636425,0.9139668478448855,0.44027090072631836,0.020172325894236565,0.04581798583771519,0.2
13,octanol_hl_gap_eV,103,0.3531709909439087,0.0011762419017031789,0.6371617978996056,0.9393360590793147,0.28665265440940857,0.056187596172094345,0.19601282356117664,0.26
13,octanol_hl_gap_eV,104,0.05161174759268761,0.0010122504318132997,0.6322008946135338,0.9495365353950056,0.3187504708766937,0.0010521558579057455,0.003300876246588399,0.08
13,octanol_hl_gap_eV,105,0.09225732088088989,0.0038642240688204765,0.645151297703745,0.9804934147712561,0.8337564468383789,0.00418189587071538,0.005015728377961229,0.04
13,octanol_hl_gap_eV,106,0.12389903515577316,0.0011082160053774714,0.6295114057128528,0.9676597562843057,0.2596222460269928,0.0008271532133221626,0.0031859874335890457,0.12
13,octanol_hl_gap_eV,107,0.06867127865552902,0.001425501424819231,0.6580202191450619,0.9727386062340184,0.37507086992263794,0.0005605477490462363,0.0014945115550078704,0.08
13,octanol_hl_gap_eV,108,0.13779357075691223,0.0019587588030844927,0.6545810293291237,0.9321695594189732,0.3760986030101776,0.0205804705619812,0.05472094391540261,0.02
13,octanol_hl_gap_eV,109,0.21081018447875977,0.002543817041441798,0.602531360767637,0.9256747550217177,0.45625656843185425,0.037282977253198624,0.08171493811330663,0.16
13,octanol_hl_gap_eV,110,0.09634413570165634,0.0006747584557160735,0.6409469020974148,0.9668178923613815,0.264603853225708,0.001815791823901236,0.006862303030607643,0.04
13,octanol_hl_gap_eV,111,0.07900448888540268,0.0027847522869706154,0.650038875157011,0.9789567790657745,0.6248879432678223,0.0010151019087061286,0.0016244543035951384,0.1
13,octanol_hl_gap_eV,112,0.062471773475408554,0.0010071973083540797,0.6628093804347153,0.9805682464971883,0.2653680443763733,0.0008111271890811622,0.0030566121515774335,0.12
13,octanol_hl_gap_eV,113,0.022384297102689743,0.0006016335100866854,0.6764871075311458,0.9625003088680886,0.28044337034225464,0.0002518274704925716,0.0008979619314417736,0.08
13,octanol_hl_gap_eV,114,0.05101534351706505,0.005516710691154003,0.6693544280019226,0.9861848152745776,1.2340916395187378,0.002807874698191881,0.0022752562356608106,0.08
13,octanol_hl_gap_eV,115,0.2834818959236145,0.0012521258322522044,0.6559188254255754,0.898085490210556,0.3321302831172943,0.06451334804296494,0.19424108948289295,0.14
13,octanol_hl_gap_eV,116,0.03304024413228035,0.000774155487306416,0.6487114024206837,0.9478309453852891,0.2678840458393097,0.0016638245433568954,0.006210987810580332,0.06
13,octanol_hl_gap_eV,117,0.08097563683986664,0.004359174054116011,0.6375751443985125,0.9817778240094719,0.8031960725784302,0.0031447354704141617,0.0039152774494014796,0.0
13,octanol_hl_gap_eV,118,0.10795199126005173,0.0018912225496023893,0.6232438749565143,0.9690013442219383,0.27293509244918823,0.00757203996181488,0.027743006199265313,0.14
13,octanol_hl_gap_eV,119,0.015550599433481693,0.0018256899202242494,0.6200731879228847,0.9659354190697607,0.44727766513824463,0.0007239773985929787,0.0016186307857988208,0.02
13,octanol_hl_gap_eV,120,0.011206197552382946,0.0011698997113853693,0.6506227753005449,0.9707325669825606,0.22287608683109283,0.002407695399597287,0.010802843112648352,0.06
13,octanol_hl_gap_eV,121,0.2500491738319397,0.00220331153832376,0.5961066672006325,0.9161089986517676,0.37005946040153503,0.072332963347435,0.1954630838756283,0.14
13,octanol_hl_gap_eV,122,0.016578655689954758,0.0014170992653816938,0.636030806719448,0.9573520603034253,0.28587865829467773,0.0009713925537653267,0.0033979191016212046,0.02
13,octanol_hl_gap_eV,123,0.0892353355884552,0.001253094058483839,0.6668355409481359,0.951138588055598,0.2647079825401306,0.0010682831052690744,0.004035704156020755,0.08
13,octanol_hl_gap_eV,124,0.2174426019191742,0.0010652884375303984,0.6381033295571532,0.9179696690739316,0.24542830884456635,0.036106862127780914,0.1471177562921153,0.1
13,octanol_hl_gap_eV,125,0.08108922094106674,0.001222881255671382,0.6397458610048274,0.9681117556638532,0.34860479831695557,0.0022724063601344824,0.006518574532265571,0.14
13,octanol_hl_gap_eV,126,0.16789399087429047,0.002313382225111127,0.6481934618285023,0.9182701489226339,0.4031509459018707,0.04690979793667793,0.11635790121176114,0.06
13,octanol_hl_gap_eV,127,0.029399177059531212,0.0013107169652357697,0.6373425776192869,0.9613446831658221,0.37898409366607666,0.0007471840362995863,0.001971544581387975,0.08
13,octanol_hl_gap_eV,128,0.11310774087905884,0.0022035844158381224,0.5970233317253448,0.9278478545691868,0.4126727879047394,0.04260566458106041,0.10324321309718978,0.2
13,octanol_hl_gap_eV,129,0.10184731334447861,0.002749283332377672,0.6162632270045911,0.9792760934980937,0.554405927658081,0.004594605881720781,0.008287440037175096,0.12
13,octanol_hl_gap_eV,130,0.23619119822978973,0.0010559054790064692,0.6694582985236617,0.9189386845485816,0.2994273602962494,0.043923959136009216,0.1466932049648083,0.1
13,octanol_hl_gap_eV,131,0.0916232317686081,0.0014254236593842506,0.6641937988299029,0.9784119195035192,0.2721075415611267,0.004990801215171814,0.018341282224442396,0.14
13,octanol_hl_gap_eV,132,0.09406253695487976,0.001292656408622861,0.6446268354229092,0.9402285071182566,0.3364003300666809,0.019587373360991478,0.05822637973366105,0.02
13,octanol_hl_gap_eV,133,0.1933140903711319,0.001134872087277472,0.6351132606962604,0.942728604295723,0.30199676752090454,0.0024894969537854195,0.008243455631070932,0.14
13,octanol_hl_gap_eV,134,0.050508685410022736,0.0014079182874411345,0.6665176494311831,0.9661885759630477,0.3713957965373993,0.0005203001201152802,0.0014009316340307214,0.06
13,octanol_hl_gap_eV,135,0.04184030741453171,0.0026405921671539545,0.6425776489991195,0.9871710309187374,0.5420278310775757,0.007684349548071623,0.014177038719201542,0.04
13,octanol_hl_gap_eV,136,0.06752246618270874,0.0019134681206196547,0.6241787782209258,0.9703321326702798,0.45542198419570923,0.0011646430939435959,0.0025572834302243783,0.14
13,octanol_hl_gap_eV,137,0.039796002209186554,0.001365708652883768,0.6573902920190184,0.9634517151144886,0.2917701303958893,0.0007649401668459177,0.0026217219898692374,0.08
13,octanol_hl_gap_eV,138,0.10651103407144547,0.000880447041708976,0.6780903580707331,0.9699714357458062,0.2705104351043701,0.001109313452616334,0.00410081574926428,0.1
13,octanol_hl_gap_eV,139,0.06390658020973206,0.0010103050153702497,0.6506914152905092,0.9596173107115715,0.25444793701171875,0.0017740767216309905,0.006972258224869335,0.06
13,octanol_hl_gap_eV,140,0.17187196016311646,0.0006972062983550131,0.6576874681167,0.9273778787120865,0.26485157012939453,0.009639504365622997,0.036395873964098345,0.08
13,octanol_hl_gap_eV,141,0.07949211448431015,0.001286990474909544,0.6409179684680095,0.9681103429478328,0.32728704810142517,0.0007827435620129108,0.0023916117871255974,0.06
13,octanol_hl_gap_eV,142,0.09817703813314438,0.0011140072019770741,0.6624892255256791,0.9698970476742044,0.299430251121521,0.0021448833867907524,0.007163215402441991,0.04
13,octanol_hl_gap_eV,143,0.12250906229019165,0.00098150665871799,0.6669287723101993,0.978928179142841,0.30510401725769043,0.0011048364685848355,0.0036211796832936885,0.16
13,octanol_hl_gap_eV,144,0.08673092722892761,0.0013597005745396018,0.6492225944461243,0.9688805465621675,0.3346916139125824,0.0006467985222116113,0.0019325208500161214,0.16
13,octanol_hl_gap_eV,145,0.10687295347452164,0.0010579928057268262,0.6712745370975381,0.97057520503448,0.35091128945350647,0.0011561322025954723,0.003294656619329577,0.16
13,octanol_hl_gap_eV,146,0.09630013257265091,0.0014708247035741806,0.6526276759524812,0.9830016630072815,0.34652256965637207,0.00261817779392004,0.007555576528583253,0.04
13,octanol_hl_gap_eV,147,0.05738312751054764,0.002025048714131117,0.6166434024161069,0.9499582481280799,0.38064342737197876,0.007654481567442417,0.020109322838673834,0.1
13,octanol_hl_gap_eV,148,0.0016703747678548098,0.0012895377585664392,0.6567065135230141,0.968771555568088,0.1124296486377716,0.014389816671609879,0.1279895191878729,0.02
13,octanol_hl_gap_eV,149,0.07333917170763016,0.0014909987803548574,0.6521559357595346,0.9798966153195372,0.30080974102020264,0.001729173818603158,0.0057483970191212165,0.06
13,octanol_hl_gap_eV,150,0.035999175161123276,0.0012708966387435794,0.6414488773494822,0.9709919912003944,0.3339202105998993,0.0010404175845906138,0.0031157670352491315,0.04
13,octanol_hl_gap_eV,151,0.039218489080667496,0.002648257417604327,0.6093959046874782,0.9743905476052181,0.577081024646759,0.0006512808613479137,0.0011285778487458908,0.04
13,octanol_hl_gap_eV,152,0.031401682645082474,0.0009970155078917742,0.6622831132786993,0.9692438160935921,0.30213814973831177,0.0018050750950351357,0.005974336893896218,0.22
13,octanol_hl_gap_eV,153,0.09202450513839722,0.0007972285384312272,0.6674516214271542,0.973487027057051,0.3007858395576477,0.0006672844174318016,0.00221847018600725,0.16
13,octanol_hl_gap_eV,154,0.12089425325393677,0.0009809876792132854,0.6505227557642301,0.955745421817527,0.3032510578632355,0.0008179117576219141,0.002697143955193679,0.1
13,octanol_hl_gap_eV,155,0.04540884122252464,0.001343275187537074,0.641249409022361,0.9610774841038172,0.3471672236919403,0.0008458368829451501,0.0024363961377174984,0.08
13,octanol_hl_gap_eV,156,0.03718021512031555,0.001752706477418542,0.6555798063212677,0.9758062946806692,0.3012402057647705,0.001568408915773034,0.005206505923707136,0.04
13,octanol_hl_gap_eV,157,0.14526820182800293,0.0019874314311891794,0.6369889669086946,0.9539281514504319,0.36007747054100037,0.024617454037070274,0.06836710444583952,0.08
13,octanol_hl_gap_eV,158,0.024500539526343346,0.000793435494415462,0.6647770731802043,0.97779759156767,0.27028462290763855,0.0003413416270632297,0.0012628969542964814,0.04
13,octanol_hl_gap_eV,159,0.4054204523563385,0.001302744960412383,0.6502734744772054,0.9173566005567153,0.3883723020553589,0.05688001960515976,0.14645745668302587,0.34
13,octanol_hl_gap_eV,160,0.2803167700767517,0.0013309888308867812,0.6642463408969961,0.9118143681726212,0.38898003101348877,0.055695876479148865,0.14318441060851653,0.1
13,octanol_hl_gap_eV,161,0.5870320200920105,0.0013456218875944614,0.6638832499525504,0.9330151334698704,0.27691757678985596,0.07727959752082825,0.27907075605920567,0.28
13,octanol_hl_gap_eV,162,0.11189410835504532,0.001992584904655814,0.6195210177164945,0.9739146230070881,0.467430055141449,0.0013323425082489848,0.0028503569541453743,0.06
13,octanol_hl_gap_eV,163,0.1400643289089203,0.0012109872186556458,0.641227662175244,0.9758349048858497,0.34724798798561096,0.004815941676497459,0.013868882882330824,0.22
13,octanol_hl_gap_eV,164,0.047765057533979416,0.002945097628980875,0.6673023016236654,0.977191535885187,0.6602684855461121,0.002863197820261121,0.004336414478260238,0.08
13,octanol_hl_gap_eV,165,0.03841786831617355,0.0015335415955632925,0.6067430689384827,0.9691458808141276,0.36505696177482605,0.00047209227341227233,0.0012932016721912776,0.02
13,octanol_hl_gap_eV,166,0.07058414071798325,0.002554668113589287,0.6142986777867003,0.9818728611980598,0.39080557227134705,0.0064540947787463665,0.01651484839695456,0.04
13,octanol_hl_gap_eV,167,0.07560750097036362,0.001964251510798931,0.6378070161904323,0.9660465059643641,0.38130098581314087,0.0031238002702593803,0.008192478872294916,0.08
13,octanol_hl_gap_eV,168,0.35623809695243835,0.0010128680150955915,0.6581634458852845,0.9221467638656715,0.2647537887096405,0.04947350174188614,0.18686607652721632,0.2
13,octanol_hl_gap_eV,169,0.03998667001724243,0.003168663242831826,0.6011860673465761,0.9817728443138483,0.5694595575332642,0.0018997606821358204,0.0033360765606692774,0.06
13,octanol_hl_gap_eV,170,0.01993890292942524,0.0014776602620258927,0.6341564275169618,0.9697960844874118,0.2084224373102188,0.0013077477924525738,0.006274505803356018,0.06
13,octanol_hl_gap_eV,171,0.04319513589143753,0.0010392303811386228,0.6409869778177808,0.9655124490105262,0.3162868022918701,0.0006360895931720734,0.0020111164568450395,0.04
13,octanol_hl_gap_eV,172,0.12206631153821945,0.0013514336897060275,0.654736933608576,0.9481765991515234,0.35528093576431274,0.009144717827439308,0.025739399182132746,0.04
13,octanol_hl_gap_eV,173,0.05858485773205757,0.0015630244743078947,0.6414292383524527,0.9694628826122338,0.30687037110328674,0.0008150498615577817,0.0026560070254663046,0.06
13,octanol_hl_gap_eV,174,0.05775809288024902,0.0020590093918144703,0.6691041891669471,0.9642395107977901,0.45344260334968567,0.001766323926858604,0.003895363853793974,0.02
13,octanol_hl_gap_eV,175,0.004721136763691902,0.0013532720040529966,0.6429123550842193,0.9739237764289841,0.37334251403808594,0.0007503539673052728,0.002009827274128032,0.02
13,octanol_hl_gap_eV,176,0.027451539412140846,0.000856930622830987,0.6626154591452578,0.96513482217668,0.27617713809013367,0.00030291613074950874,0.0010968182697680374,0.06
13,octanol_hl_gap_eV,177,0.10091949999332428,0.0008630304364487529,0.6739712921601797,0.9804741256823992,0.27023831009864807,0.0010582953691482544,0.003916155961610081,0.16
13,octanol_hl_gap_eV,178,0.10309935361146927,0.0011191322701051831,0.6564009968725062,0.9777818614415883,0.28508102893829346,0.0004902585642412305,0.0017197165524028897,0.14
13,octanol_hl_gap_eV,179,0.05483949929475784,0.0007883345242589712,0.659412494206177,0.9694745005556238,0.29231855273246765,0.0004435715964064002,0.001517425398627916,0.04
13,octanol_hl_gap_eV,180,0.16652986407279968,0.0016901785274967551,0.6409556728053956,0.9362486311134282,0.3553149998188019,0.024857982993125916,0.06996040979357081,0.14
13,octanol_hl_gap_eV,181,0.08345595747232437,0.0010216720402240753,0.661547773727807,0.9681130111934841,0.2991870045661926,0.0006735873757861555,0.0022513924920062158,0.1
13,octanol_hl_gap_eV,182,0.22564320266246796,0.0007654430810362101,0.6643192773397377,0.9360063310312605,0.26212069392204285,0.0174877867102623,0.06671654362193673,0.18
13,octanol_hl_gap_eV,183,0.2069333791732788,0.0014452008763328195,0.6300593126245486,0.8978303774542837,0.3381583094596863,0.04538827762007713,0.13422197932264066,0.16
13,octanol_hl_gap_eV,184,0.02183491550385952,0.001984407426789403,0.6352387559663988,0.9689110106027168,0.4512407183647156,0.0009268925641663373,0.002054097794023047,0.02
13,octanol_hl_gap_eV,185,0.1223888248205185,0.0019161696545779705,0.6284277721617479,0.9242529244697426,0.35292166471481323,0.026637263596057892,0.0754764194416423,0.08
13,octanol_hl_gap_eV,186,0.08833285421133041,0.0014139801496639848,0.629839984979035,0.9665043216202045,0.3178909122943878,0.0008675585850141943,0.002729107852604412,0.08
13,octanol_hl_gap_eV,187,0.07318352907896042,0.0013244866859167814,0.6465675555549208,0.9593543052990803,0.3222818076610565,0.0006728401640430093,0.002087738581727935,0.12
13,octanol_hl_gap_eV,188,0.10895006358623505,0.0011274026473984122,0.6320079121593492,0.9637043513074492,0.27343297004699707,0.0037744450382888317,0.013803913396545004,0.06
13,octanol_hl_gap_eV,189,0.05721506476402283,0.0016744286986067891,0.6526819418754732,0.9641200798533747,0.4386788606643677,0.0008143874583765864,0.0018564547585977083,0.02
13,octanol_hl_gap_eV,190,0.36557695269584656,0.0011243470944464207,0.6581732773996307,0.9248126888042274,0.36389294266700745,0.06566905975341797,0.1804625813079059,0.2
13,octanol_hl_gap_eV,191,0.030143041163682938,0.000904798274859786,0.6457712572552283,0.9597929000199197,0.3185148239135742,0.0006948478985577822,0.0021815245206493815,0.08
13,octanol_hl_gap_eV,192,0.12560208141803741,0.004757443908601999,0.6350792743317384,0.985671131223818,0.9727587103843689,0.0011207002680748701,0.0011520845365980271,0.16
13,octanol_hl_gap_eV,193,0.037746042013168335,0.0013632177142426372,0.6629504162698643,0.9676876495989764,0.3784048855304718,0.001076379674486816,0.002844518439496042,0.02
13,octanol_hl_gap_eV,194,0.020192228257656097,0.0015263950917869806,0.6394796722561262,0.975703722366966,0.32104620337486267,0.0009730958845466375,0.003031015082307088,0.0
13,octanol_hl_gap_eV,195,0.2053389698266983,0.001071311067789793,0.6544701766034191,0.9393784883717031,0.2848574221134186,0.01124271098524332,0.03946785343289013,0.18
13,octanol_hl_gap_eV,196,0.0869772806763649,0.0013736335095018148,0.6352842382538426,0.9580394260853831,0.23561978340148926,0.005220808554440737,0.022157768244547744,0.06
13,octanol_hl_gap_eV,197,0.25261420011520386,0.0015662659425288439,0.6313026254692047,0.9148565643141731,0.28040969371795654,0.04562756419181824,0.16271749948028416,0.1
13,octanol_hl_gap_eV,198,0.12393977493047714,0.0023573781363666058,0.6422748347968901,0.9668027514916226,0.5579963326454163,0.002135750139132142,0.0038275343656950585,0.04
13,octanol_hl_gap_eV,199,0.1866551786661148,0.0022274013608694077,0.652673217859006,0.9733885459835498,0.5583966970443726,0.004690488334745169,0.008399921345473937,0.2
13,octanol_hl_gap_eV,200,0.02499939128756523,0.0010655090445652604,0.6561603732701264,0.9675080013346755,0.3073548674583435,0.0005156963597983122,0.0016778532387101554,0.04
13,octanol_hl_gap_eV,201,0.004930055700242519,0.0016484952066093683,0.6450728255054954,0.981652616810681,0.20022694766521454,0.0053216200321912766,0.026577941152502532,0.14
13,octanol_hl_gap_eV,202,0.037845734506845474,0.0006387437460944057,0.6566015994755456,0.9704936569065536,0.23721352219581604,0.000915787648409605,0.003860604740962603,0.06
13,octanol_hl_gap_eV,203,0.04299193620681763,0.003446818795055151,0.6514381262818774,0.9736330009087901,0.6480640172958374,0.001904576551169157,0.0029388710070902286,0.12
13,octanol_hl_gap_eV,204,0.6308403015136719,0.0010136901400983334,0.6624024054535733,0.9190240105188607,0.2567901015281677,0.12724943459033966,0.4955387058655042,0.44
13,octanol_hl_gap_eV,205,0.16727082431316376,0.0016205230494961143,0.6601581415999422,0.9873598266197487,0.10109324753284454,0.019776174798607826,0.19562310323627377,0.22
13,octanol_hl_gap_eV,206,0.10583288222551346,0.001096557592973113,0.6332869468347475,0.9835771933770145,0.3249689042568207,0.0013370917877182364,0.0041145222518322614,0.08
13,octanol_hl_gap_eV,207,0.07125808298587799,0.000896916666533798,0.6764991982921247,0.9828142231383572,0.22718222439289093,0.0026164245791733265,0.011516854305680443,0.02
13,octanol_hl_gap_eV,208,0.051971033215522766,0.0009613513830117881,0.6537040830156324,0.9674530243663257,0.24946565926074982,0.0003486995992716402,0.001397785973047167,0.06
13,octanol_hl_gap_eV,209,0.015273978933691978,0.0012978148879483342,0.6559171385008564,0.9527486234406075,0.38452666997909546,0.002004599664360285,0.005213161585044968,0.04
13,octanol_hl_gap_eV,210,0.32062074542045593,0.0013642653357237577,0.6163498786320138,0.9212610744956355,0.3535638451576233,0.07327046990394592,0.20723405661368177,0.08
13,octanol_hl_gap_eV,211,0.05885867029428482,0.001751049654558301,0.6494472797417854,0.9673804089677569,0.4804750382900238,0.001417088322341442,0.0029493484768423305,0.1
13,octanol_hl_gap_eV,212,0.052189119160175323,0.001063654781319201,0.6566297731262762,0.9621400366361557,0.31862813234329224,0.00043914903653785586,0.0013782494135348776,0.12
13,octanol_hl_gap_eV,213,0.08546794950962067,0.003769408678635955,0.6393794420183034,0.983722281625641,0.8269439935684204,0.006695900112390518,0.008097162763703546,0.12
13,octanol_hl_gap_eV,214,0.04918218404054642,0.0010336553677916527,0.6481266751966341,0.9670815598689104,0.3004780411720276,0.001660659210756421,0.005526724030411501,0.02
13,octanol_hl_gap_eV,215,0.04774874448776245,0.0008229175000451505,0.6831703391584216,0.9773582189201753,0.2787468731403351,0.0005285033257678151,0.0018959973247905822,0.1
13,octanol_hl_gap_eV,216,0.046617455780506134,0.0010680512059479952,0.6235805909927266,0.9603500788739434,0.3275607228279114,0.002582246670499444,0.007883260997247413,0.04
13,octanol_hl_gap_eV,217,0.07640962302684784,0.001636737142689526,0.6769135631374528,0.9868669143876927,0.3306421935558319,0.0007637865492142737,0.0023100093215577505,0.04
13,octanol_hl_gap_eV,218,0.3582475483417511,0.0014114889781922102,0.6283978465064137,0.9231456426021414,0.15715181827545166,0.13797348737716675,0.8779630353072363,0.3
13,octanol_hl_gap_eV,219,0.08614474534988403,0.0008733537397347391,0.6545895674102418,0.960590018408398,0.30044302344322205,0.00047866883687675,0.001593210024952399,0.16
13,octanol_hl_gap_eV,220,0.1269039809703827,0.002389379544183612,0.5934432365472044,0.9687072838180395,0.46254196763038635,0.0015388730680570006,0.003326991226203072,0.14
13,octanol_hl_gap_eV,221,0.10477114468812943,0.0007933981833048165,0.6822477461603327,0.9723435245774514,0.3060012757778168,0.0005725167575292289,0.0018709619954164025,0.16
13,octanol_hl_gap_eV,222,0.43867677450180054,0.0013454516883939505,0.631590663648566,0.9273856807480072,0.28333571553230286,0.08152392506599426,0.28772908107555467,0.38
13,octanol_hl_gap_eV,223,0.2924432158470154,0.0010511709842830896,0.6731731953070899,0.9212290896736588,0.2990054786205292,0.03028765879571438,0.10129466167458673,0.22
13,octanol_hl_gap_eV,224,0.11225287616252899,0.0014255504356697202,0.6468120162523694,0.9560155957002141,0.392623633146286,0.0025094710290431976,0.006391543496588765,0.12
13,octanol_hl_gap_eV,225,0.12517604231834412,0.0010116344783455133,0.6641551399439014,0.9663621607939681,0.292741984128952,0.00748145766556263,0.025556490258216834,0.14
13,octanol_hl_gap_eV,226,0.031741730868816376,0.0008716869633644819,0.6318410819780764,0.9639472940968046,0.24479128420352936,0.002643452724441886,0.010798802469797138,0.16
13,octanol_hl_gap_eV,227,0.053622905164957047,0.0008113941876217723,0.6635481848817812,0.9504659282715258,0.2580500841140747,0.0009818044491112232,0.003804705014849763,0.06
13,octanol_hl_gap_eV,228,0.059294212609529495,0.0015079035656526685,0.6417434428394111,0.9566386713710946,0.33940401673316956,0.004068692214787006,0.011987755047653736,0.02
13,octanol_hl_gap_eV,229,0.025314847007393837,0.0014191470108926296,0.6202308478884364,0.9661469047386155,0.34941813349723816,0.0011010965099558234,0.0031512288699365016,0.1
13,octanol_hl_gap_eV,230,0.05858433246612549,0.0014011923922225833,0.641201985326882,0.9578956765961468,0.31331589818000793,0.00045032979687675834,0.0014373027334158206,0.1
13,octanol_hl_gap_eV,231,0.024860501289367676,0.0006117115844972432,0.6704986121892678,0.9500342104891466,0.263514906167984,0.0006593090947717428,0.0025019802650232247,0.06
13,octanol_hl_gap_eV,232,-0.015050503425300121,0.0015608837129548192,0.6814789018490868,0.9791074430446836,0.2852262854576111,0.003858960699290037,0.013529470795788688,0.02
13,octanol_hl_gap_eV,233,0.11128631234169006,0.0015401929849758744,0.6144538947661902,0.9684592905622476,0.41955095529556274,0.002124073449522257,0.005062730575898468,0.12
13,octanol_hl_gap_eV,234,0.03726036474108696,0.0016784111503511667,0.6465963050046868,0.9665752909541634,0.46165379881858826,0.0013959149364382029,0.00302372674071018,0.02
13,octanol_hl_gap_eV,235,0.44641900062561035,0.001088786986656487,0.6635916475593548,0.9492617640950376,0.3295162320137024,0.0340895801782608,0.10345341705911242,0.32
13,octanol_hl_gap_eV,236,0.2307835966348648,0.001082651549950242,0.6463673521511832,0.9035185858244903,0.3240905702114105,0.04982106387615204,0.1537257435279675,0.04
13,octanol_hl_gap_eV,237,0.1170961931347847,0.0009811391355469823,0.6606405991960549,0.9672856377823285,0.22594308853149414,0.002522391499951482,0.011163835620490274,0.06
13,octanol_hl_gap_eV,238,0.26043254137039185,0.0011281395563855767,0.6555138823475988,0.9728238076352005,0.33950310945510864,0.001691371900960803,0.004981904005755351,0.32
13,octanol_hl_gap_eV,239,0.10274526476860046,0.0011967987520620227,0.644448018493154,0.9770908750075109,0.34975239634513855,0.00104532262776047,0.0029887504379782345,0.14
13,octanol_hl_gap_eV,240,0.0859043151140213,0.0017346005188301206,0.6783660996772061,0.9691261277527983,0.4190293252468109,0.0017523355782032013,0.004181892465810274,0.1
13,octanol_hl_gap_eV,241,0.39989274740219116,0.0014318771427497268,0.6364783784091528,0.9307106178725846,0.38136497139930725,0.05327439680695534,0.1396939960465706,0.32
13,octanol_hl_gap_eV,242,0.05234849080443382,0.0014444211265072227,0.6384468200436646,0.9697926249661826,0.34230300784111023,0.0009451034129597247,0.0027610140469417712,0.02
13,octanol_hl_gap_eV,243,0.12019072473049164,0.0023665910121053457,0.6412860006817527,0.9920262089795036,0.4719190001487732,0.010756329633295536,0.022792745428568434,0.04
13,octanol_hl_gap_eV,244,0.09918837249279022,0.0012092969845980406,0.6551924041792947,0.9692800459184643,0.29184645414352417,0.0012095222482457757,0.004144378768607403,0.1
13,octanol_hl_gap_eV,245,0.08734090626239777,0.0014088182942941785,0.6165583888575554,0.9622406087231374,0.30518531799316406,0.0008626032504253089,0.0028264900031810527,0.08
13,octanol_hl_gap_eV,246,0.0850512683391571,0.0011298583121970296,0.6365681220658037,0.9723070376160683,0.2668722867965698,0.0006367331370711327,0.002385909547650029,0.12
13,octanol_hl_gap_eV,247,0.0875743106007576,0.0014795201132073998,0.647137969400901,0.9668249448103383,0.2582830786705017,0.004153207875788212,0.016080061834351,0.06
13,octanol_hl_gap_eV,248,0.1300019770860672,0.001242315280251205,0.6286113869916197,0.9740377527247268,0.3205668330192566,0.0006681447266601026,0.002084260309674541,0.06
13,octanol_hl_gap_eV,249,0.17087718844413757,0.0010027840035036206,0.6455102903322034,0.9738610214061085,0.30653661489486694,0.0009383829310536385,0.0030612425578441134,0.1
13,octanol_dipole,0,0.18541517853736877,0.013745257630944252,0.6081081613051869,0.9684875226009435,2.3854117393493652,0.006831987760961056,0.0028640706542445876,0.18
13,octanol_dipole,1,0.4102313220500946,0.01635836996138096,0.6065953907916037,0.8995756660374639,2.918593645095825,0.5915795564651489,0.20269336139314653,0.2
13,octanol_dipole,2,0.4760058522224426,0.013979241251945496,0.6163567339760647,0.9100321451053555,2.476266384124756,0.6610932350158691,0.26697177624108265,0.16
13,octanol_dipole,3,0.11317861080169678,0.00905300211161375,0.6104959054247028,0.9648762092159957,1.5231865644454956,0.01870330609381199,0.012279064515396893,0.1
13,octanol_dipole,4,0.15892356634140015,0.01072718482464552,0.6098351172621292,0.971219823336041,1.8326187133789062,0.019893454387784004,0.010855206400847714,0.18
13,octanol_dipole,5,0.16984790563583374,0.01541084609925747,0.6119669936393217,0.9502323564178563,2.714028835296631,0.08207069337368011,0.030239433091620107,0.12
13,octanol_dipole,6,0.6171151995658875,0.008780719712376595,0.6618868054768234,0.9139163216833255,1.6191959381103516,0.8618680834770203,0.5322815251641783,0.34
13,octanol_dipole,7,0.23327705264091492,0.01425826083868742,0.6056646783711925,0.9318359454566787,2.5009605884552,0.2801121771335602,0.11200183578525745,0.14
13,octanol_dipole,8,0.2358933687210083,0.018766703084111214,0.6083161180794869,0.9441107272865068,3.331183910369873,0.14796118438243866,0.044416996588462154,0.1
13,octanol_dipole,9,0.06083060801029205,0.01767934113740921,0.623203268239656,0.948355884101975,3.3283627033233643,0.025871315971016884,0.007772985782223921,0.08
13,octanol_dipole,10,0.23073029518127441,0.013697031885385513,0.6341663805790285,0.963529672278342,2.6952102184295654,0.023803798481822014,0.008831889371394532,0.18
13,octanol_dipole,11,0.1353946179151535,0.01606508158147335,0.6079875826666217,0.9509589383047825,2.7991814613342285,0.0067932019010186195,0.002426852990724168,0.12
13,octanol_dipole,12,0.27453604340553284,0.0155586963519454,0.6077858125639388,0.9217859024970354,2.737075090408325,0.28580355644226074,0.10441933341318148,0.02
13,octanol_dipole,13,0.09202498942613602,0.014694875106215477,0.6076000691394021,0.9660331883694584,2.5620014667510986,0.009867007844150066,0.0038512889130631624,0.04
13,octanol_dipole,14,0.3396936357021332,0.002173176035284996,0.629032534252852,0.9654071206388759,0.28433310985565186,0.07283121347427368,0.2561474937310259,0.24
13,octanol_dipole,15,0.07971609383821487,0.013224557973444462,0.6055457643573803,0.9612917334171127,2.2681336402893066,0.014853636734187603,0.00654883666038875,0.1
13,octanol_dipole,16,0.4420037567615509,0.008679736405611038,0.6372246359809459,0.9143044472520576,1.6351251602172852,0.639579713344574,0.3911503100224957,0.26
13,octanol_dipole,17,0.33623194694519043,0.00721141928806901,0.6123442153754051,0.9212161400966838,1.3003177642822266,0.28861427307128906,0.22195672550132675,0.24
13,octanol_dipole,18,0.10499297827482224,0.010581164620816708,0.6085361547346793,0.9520232490846454,1.8070480823516846,0.015786489471793175,0.008736064981319538,0.1
13,octanol_dipole,19,0.1365756392478943,0.01452566683292389,0.6071620763235372,0.9584336348550573,2.5366897583007812,0.02963423728942871,0.011682247382620177,0.22
13,octanol_dipole,20,0.12193486094474792,0.008551735430955887,0.6164028943544309,0.9665958871961489,1.4103022813796997,0.044897615909576416,0.03183545577594404,0.1
13,octanol_dipole,21,0.04114406183362007,0.014563001692295074,0.6129191716236375,0.962717358026107,2.444145917892456,0.0066684638150036335,0.002728341121610993,0.1
13,octanol_dipole,22,0.13678410649299622,0.005336998030543327,0.6574355929267024,0.9589538867884586,0.9777253270149231,0.019529243931174278,0.019974161854637323,0.12
13,octanol_dipole,23,0.3114383816719055,0.014721157029271126,0.6116899104239251,0.9012029658857783,2.6022660732269287,0.3435603082180023,0.1320235127962806,0.18
13,octanol_dipole,24,0.1597871333360672,0.01622394099831581,0.609692231196103,0.9685174052308851,2.8368027210235596,0.004027220886200666,0.0014196337504736977,0.18
13,octanol_dipole,25,0.21070942282676697,0.01448110956698656,0.6199000135973198,0.9135837728977185,2.707820415496826,0.21185757219791412,0.07823915167544183,0.06
13,octanol_dipole,26,0.31726840138435364,0.012879380956292152,0.6099563046319196,0.9195040455729646,2.2481794357299805,0.41973021626472473,0.18669782740381619,0.2
13,octanol_dipole,27,0.3577367663383484,0.01659492589533329,0.6122664659901715,0.89688532578034,3.0313334465026855,0.6154138445854187,0.20301753516936083,0.2
13,octanol_dipole,28,0.10101795196533203,0.010261229239404202,0.6084840475500597,0.9476555263703677,1.7576607465744019,0.011196307837963104,0.00637000505346904,0.14
13,octanol_dipole,29,0.08124858886003494,0.019245946779847145,0.5989838835715835,0.9604820415857784,3.210418701171875,0.013384501449763775,0.0041690828192840175,0.06
13,octanol_dipole,30,0.13859917223453522,0.009449087083339691,0.6084313322051944,0.9621475505086285,1.6121628284454346,0.02194274589419365,0.013610750419889317,0.12
13,octanol_dipole,31,0.10317601263523102,0.01192829292267561,0.6079937772029944,0.9608348710510781,2.07181453704834,0.026166077703237534,0.01262954633985514,0.1
13,octanol_dipole,32,0.4582230746746063,0.004406123422086239,0.6263484786628133,0.938630503160788,0.7764968276023865,0.2499573826789856,0.3219039328863542,0.36
13,octanol_dipole,33,0.12257689237594604,0.01649213396012783,0.6086733166490335,0.9576500692411762,2.845337152481079,0.008702862076461315,0.003058640017009087,0.1
13,octanol_dipole,34,0.2663484215736389,0.013805857859551907,0.6086056556180137,0.9238862357577118,2.414736270904541,0.17221908271312714,0.07132003804648002,0.24
13,octanol_dipole,35,0.1835201382637024,0.012344872578978539,0.6087174739044101,0.9325689446209151,2.1549456119537354,0.08816365152597427,0.04091223975070191,0.1
13,octanol_dipole,36,0.5217424035072327,0.00748094730079174,0.6220685628926279,0.911757241467926,1.288580060005188,0.48971158266067505,0.3800397025068845,0.24
13,octanol_dipole,37,0.42537617683410645,0.006940939929336309,0.6195193255484899,0.9178498625649205,1.1756374835968018,0.3797380328178406,0.32300606106573926,0.2
13,octanol_dipole,38,0.16241559386253357,0.009416257962584496,0.6081150948072311,0.9648315286427414,1.6056207418441772,0.020029466599225998,0.01247459382981104,0.12
13,octanol_dipole,39,0.3842824399471283,0.010449213907122612,0.6410259919701602,0.9208708483936421,1.955756664276123,0.541911244392395,0.27708520916275164,0.16
13,octanol_dipole,40,0.16786043345928192,0.01170921791344881,0.6068059381186937,0.9401515123217155,2.0035972595214844,0.05153301730751991,0.0257202474512405,0.14
13,octanol_dipole,41,0.5121307969093323,0.008208753541111946,0.6264295484500779,0.9086826013996283,1.4523738622665405,0.5578029751777649,0.384062939763506,0.4
13,octanol_dipole,42,0.11670663952827454,0.010801529511809349,0.6072323317839998,0.9579932176045987,1.840165138244629,0.008061154745519161,0.004380669200813608,0.1
13,octanol_dipole,43,0.21963366866111755,0.007203416433185339,0.6084896485297624,0.9429656422535273,1.2245575189590454,0.07262609153985977,0.05930802793289509,0.18
13,octanol_dipole,44,0.16734179854393005,0.018194284290075302,0.6027245396460887,0.9218603379912129,3.0815908908843994,0.1521066129207611,0.049359768478906475,0.06
13,octanol_dipole,45,0.3228183090686798,0.013460008427500725,0.609968647515021,0.9215971618814858,2.390089988708496,0.28451859951019287,0.11904095697414922,0.2
13,octanol_dipole,46,0.16436487436294556,0.011284347623586655,0.6077842310524675,0.9507320316195436,1.9366230964660645,0.02201000042259693,0.011365144029708526,0.16
13,octanol_dipole,47,0.13164111971855164,0.016474243253469467,0.6065246963257109,0.9664515219125831,2.8668770790100098,0.003521496197208762,0.0012283387463632746,0.12
13,octanol_dipole,48,0.2434549331665039,0.01814335770905018,0.6110410263202037,0.9199840363874916,3.1637978553771973,0.3587031960487366,0.11337740666303439,0.1
13,octanol_dipole,49,0.6340582966804504,0.00541555043309927,0.6347361893198664,0.898888366461549,0.9761872887611389,0.6469730734825134,0.6627550685520346,0.4
13,octanol_dipole,50,0.14116644859313965,0.010669369250535965,0.6121259827058947,0.9579137271567224,1.8027000427246094,0.08307253569364548,0.046082284198589826,0.06
13,octanol_dipole,51,0.1439744383096695,0.01400425098836422,0.6108798484124796,0.9629637100662243,2.3894691467285156,0.009267850778996944,0.0038786233300755527,0.1
13,octanol_dipole,52,0.1094391718506813,0.01600663550198078,0.6098158951149755,0.9640583687445035,2.8043699264526367,0.00495406286790967,0.0017665511319244064,0.14
13,octanol_dipole,53,0.43538761138916016,0.014507932588458061,0.611928286431519,0.9064320377222901,2.614114761352539,0.44217154383659363,0.16914771699151215,0.3
13,octanol_dipole,54,0.1343119740486145,0.016151122748851776,0.6083570389807824,0.9676433530976905,2.815059185028076,0.005890820641070604,0.0020926098720769355,0.1
13,octanol_dipole,55,0.1683008074760437,0.016545280814170837,0.6088933286558391,0.9753621328618609,2.8922579288482666,0.003844461403787136,0.0013292249510119068,0.16
13,octanol_dipole,56,0.13581806421279907,0.01798185706138611,0.606018735189312,0.9730653251968144,3.1270337104797363,0.01293937023729086,0.004137905579312017,0.06
13,octanol_dipole,57,0.23035529255867004,0.017219912260770798,0.6098579882929211,0.9298534584194154,3.000218629837036,0.15218952298164368,0.050726144244331355,0.08
13,octanol_dipole,58,0.16525420546531677,0.016788896173238754,0.6087546716390755,0.9545628288529016,2.9180068969726562,0.014050648547708988,0.0048151526174547805,0.12
13,octanol_dipole,59,0.40426871180534363,0.009722817689180374,0.6146832612652608,0.9407154704263547,1.6726092100143433,0.34154200553894043,0.20419713313429116,0.14
13,octanol_dipole,60,0.15704067051410675,0.012004010379314423,0.608138042920924,0.9596404508232479,2.0882601737976074,0.018442200496792793,0.008831371075403268,0.12
13,octanol_dipole,61,0.14069028198719025,0.012029150500893593,0.6109452826807498,0.9416655607231188,2.0613503456115723,0.13956019282341003,0.06770328640180986,0.06
13,octanol_dipole,62,0.08852306008338928,0.013848446309566498,0.6094951352900155,0.9698840219930729,2.3654353618621826,0.0050680311396718025,0.0021425363048948455,0.08
13,octanol_dipole,63,0.08858376741409302,0.014347914606332779,0.6139234713095012,0.9651709753003037,2.423417568206787,0.0033305755350738764,0.001374330028290726,0.06
13,octanol_dipole,64,0.13861633837223053,0.017261454835534096,0.6126390689694206,0.9580800288582976,3.02237868309021,0.0035341738257557154,0.0011693352145212407,0.08
13,octanol_dipole,65,0.14171113073825836,0.01443941704928875,0.6114691484148478,0.9581870399864789,2.564863681793213,0.012861637398600578,0.005014550086969309,0.16
13,octanol_dipole,66,0.16740627586841583,0.01358939427882433,0.6105166829435484,0.9326207018966595,2.3231654167175293,0.026445472612977028,0.01138337908384614,0.08
13,octanol_dipole,67,0.14656297862529755,0.01918414793908596,0.6111441251061265,0.9550481321826756,3.3197383880615234,0.011219102889299393,0.003379514159804171,0.08
13,octanol_dipole,68,0.10694233328104019,0.024067729711532593,0.6150045965782047,0.9670633671343107,4.435317039489746,0.010468444786965847,0.0023602472368401814,0.12
13,octanol_dipole,69,0.07706687599420547,0.011516924016177654,0.6076074236134228,0.9679164344014299,1.9857428073883057,0.009449259378015995,0.004758551481520347,0.06
13,octanol_dipole,70,0.1781846582889557,0.009071352891623974,0.6135446484191585,0.9712809486477711,1.5186517238616943,0.030865034088492393,0.02032397132504313,0.1
13,octanol_dipole,71,0.3062712848186493,0.01695331372320652,0.6091404053072731,0.8894322261728294,3.0712015628814697,0.31118977069854736,0.10132508867525522,0.16
13,octanol_dipole,72,0.14361238479614258,0.004619705490767956,0.6466150829185249,0.944536017964416,0.795195460319519,0.042264677584171295,0.05315004887878616,0.08
13,octanol_dipole,73,0.43069738149642944,0.002980026649311185,0.6256763280380011,0.969449617656782,0.4568387269973755,0.103462815284729,0.22647557917156044,0.34
13,octanol_dipole,74,0.17449939250946045,0.01334424689412117,0.611087465434998,0.9519530038520791,2.2768683433532715,0.044562943279743195,0.019572033407128344,0.06
13,octanol_dipole,75,0.20369385182857513,0.012674489058554173,0.6102429743341675,0.9610024330890754,2.191220283508301,0.029004164040088654,0.01323653502953656,0.18
13,octanol_dipole,76,0.17116019129753113,0.012355418875813484,0.6405909646494874,0.9440932435704161,2.2776691913604736,0.11777850985527039,0.05171010360153318,0.08
13,octanol_dipole,77,0.3566461205482483,0.005677424371242523,0.6174457400591642,0.925500603865012,0.9144222736358643,0.25608208775520325,0.28004795501862273,0.12
13,octanol_dipole,78,0.14948202669620514,0.012821638025343418,0.6090177649971109,0.9748115301383706,2.262950897216797,0.00645483797416091,0.0028523986013570665,0.1
13,octanol_dipole,79,0.4549582600593567,0.015055126510560513,0.6138786635914775,0.8975795469550711,2.773820161819458,0.8875924348831177,0.31998917849847586,0.36
13,octanol_dipole,80,0.38670796155929565,0.014835826121270657,0.6119486193718511,0.9145931209504066,2.6060547828674316,0.7058512568473816,0.27085050609363487,0.22
13,octanol_dipole,81,0.07829362899065018,0.009915485046803951,0.6325969373818188,0.9577207504754308,1.759110927581787,0.010214808396995068,0.0058068017410574276,0.06
13,octanol_dipole,82,0.13650605082511902,0.010125832632184029,0.6138113914618848,0.9662380852497316,1.6863486766815186,0.019515816122293472,0.011572823812865127,0.08
13,octanol_dipole,83,0.0449717715382576,0.004535126965492964,0.6579780975685459,0.952658105172824,0.8097675442695618,0.031431395560503006,0.038815331366306126,0.02
13,octanol_dipole,84,0.33524832129478455,0.013767360709607601,0.6110621300840242,0.9132573580099475,2.477278709411621,0.34515246748924255,0.1393272651066459,0.14
13,octanol_dipole,85,0.22905826568603516,0.019990742206573486,0.605107147434315,0.932439275843292,3.5665347576141357,0.21122141182422638,0.05922314688600561,0.14
13,octanol_dipole,86,0.12641865015029907,0.012770050205290318,0.6099376824573755,0.9521511277850303,2.2392797470092773,0.009255857206881046,0.004133408172535354,0.08
13,octanol_dipole,87,0.11321161687374115,0.011706647463142872,0.6466429608196405,0.9762147023686429,2.214848041534424,0.011956620961427689,0.00539839336027056,0.12
13,octanol_dipole,88,0.23540756106376648,0.007426230702549219,0.6068913083489103,0.9357545172151402,1.2550311088562012,0.12009047716856003,0.0956872513526832,0.18
13,octanol_dipole,89,0.15566109120845795,0.006390362977981567,0.6401025128681102,0.9551285897434605,1.1330580711364746,0.06803405284881592,0.060044630175553775,0.12
13,octanol_dipole,90,0.27093246579170227,0.01570901833474636,0.6078473606319856,0.9409891942093402,2.760988235473633,0.2409890741109848,0.08728362946814383,0.14
13,octanol_dipole,91,0.14977329969406128,0.005234548822045326,0.6230153318461122,0.9587009599341951,0.8855760097503662,0.010408157482743263,0.01175298039710584,0.12
13,octanol_dipole,92,0.16622555255889893,0.016938837245106697,0.6068992853398625,0.9443426491437452,2.9598801136016846,0.03808750584721565,0.012867921802707563,0.08
13,octanol_dipole,93,0.2196148931980133,0.022546665742993355,0.6064941492192895,0.9409797609207744,4.012706279754639,0.32709264755249023,0.0815142262474518,0.16
13,octanol_dipole,94,0.13704630732536316,0.02386791631579399,0.609004857192144,0.954641950632398,4.1455979347229,0.01598178781569004,0.0038551224859094528,0.04
13,octanol_dipole,95,0.03846428915858269,0.007252272218465805,0.6124470248247673,0.9622376434246531,1.2712948322296143,0.005903384182602167,0.004643599606433333,0.04
13,octanol_dipole,96,0.114263616502285,0.008041886612772942,0.6123552575638673,0.9607310948757759,1.3404254913330078,0.020730769261717796,0.015465812457133852,0.16
13,octanol_dipole,97,0.16940273344516754,0.013568725436925888,0.6180410721107072,0.9342086311709827,2.3265740871429443,0.06264051049947739,0.02692392683544436,0.08
13,octanol_dipole,98,0.3041769564151764,0.012714805081486702,0.6118130430268502,0.9247352835163356,2.18758225440979,0.25376343727111816,0.11600178085170268,0.14
13,octanol_dipole,99,0.23457393050193787,0.019448116421699524,0.606615185785178,0.9454057715741173,3.4164047241210938,0.11562437564134598,0.033843875353817034,0.14
13,octanol_dipole,100,0.09966317564249039,0.017146101221442223,0.6102930236671997,0.9628279393110117,3.1539578437805176,0.005765632726252079,0.0018280627109907898,0.0
13,octanol_dipole,101,0.06933168321847916,0.007776717189699411,0.6159087633333489,0.9619802241158215,1.2924981117248535,0.008459634147584438,0.006545181049661233,0.16
13,octanol_dipole,102,0.1360144466161728,0.017878005281090736,0.6137920898160536,0.9558509929196706,3.303492784500122,0.006446893326938152,0.0019515384919824134,0.04
13,octanol_dipole,103,0.06543158739805222,0.013953987509012222,0.620546272394165,0.9663327197959517,2.406569480895996,0.005358890630304813,0.002226775778902353,0.06
13,octanol_dipole,104,0.26354777812957764,0.013434292748570442,0.6083812549349183,0.9189207078510102,2.350078821182251,0.24314136803150177,0.10346094175223662,0.14
13,octanol_dipole,105,0.12097766250371933,0.012802605517208576,0.6115133177970045,0.9492532151094952,2.1655023097991943,0.012044972740113735,0.005562207292787722,0.08
13,octanol_dipole,106,0.17602601647377014,0.013825599104166031,0.6087567289196296,0.9682059616974472,2.3870413303375244,0.0223817341029644,0.009376349633543904,0.18
13,octanol_dipole,107,0.16060630977153778,0.015304971486330032,0.6091956801256195,0.9592167897647319,2.697323799133301,0.02411482110619545,0.008940276697200381,0.14
13,octanol_dipole,108,0.16339968144893646,0.014904290437698364,0.6080552630692906,0.967358017248166,2.611003875732422,0.014540291391313076,0.005568850941377606,0.14
13,octanol_dipole,109,0.4979220926761627,0.010512607172131538,0.6185867104032838,0.9134568478300056,1.9137641191482544,0.6101931929588318,0.318844515295023,0.3
13,octanol_dipole,110,0.12253142893314362,0.004024358931928873,0.6351376459144495,0.9726894625090556,0.6305599808692932,0.10062196850776672,0.15957557022418195,0.18
13,octanol_dipole,111,0.10258506238460541,0.018767204135656357,0.6097622158171851,0.9724683459524937,3.26924204826355,0.00815055426210165,0.0024931021141217724,0.16
13,octanol_dipole,112,0.13784560561180115,0.013274479657411575,0.6111380252704386,0.9606834461351104,2.274873971939087,0.016816137358546257,0.007392118229834199,0.14
13,octanol_dipole,113,0.09558189660310745,0.009162336587905884,0.6419685296989244,0.9646424333572705,1.677521824836731,0.023470476269721985,0.013991160008905582,0.08
13,octanol_dipole,114,0.10906444489955902,0.012253734283149242,0.6080139164850868,0.9625268442107904,2.118163824081421,0.013192613609135151,0.006228325429387578,0.12
13,octanol_dipole,115,0.38201937079429626,0.013872971758246422,0.6085164403837762,0.894842657590073,2.502302408218384,0.5846172571182251,0.2336317365951253,0.18
13,octanol_dipole,116,0.053997285664081573,0.01202392764389515,0.6088411957159987,0.951640740218604,2.044782876968384,0.0037255228962749243,0.0018219650302424397,0.0
13,octanol_dipole,117,0.08129522949457169,0.017091942951083183,0.6131072736192165,0.9530557662907742,3.059128999710083,0.01195499487221241,0.003907973437323303,0.04
13,octanol_dipole,118,0.1526285707950592,0.0035108099691569805,0.6513496815284314,0.9696317554046534,0.5689800977706909,0.010811415500938892,0.01900139485247177,0.2
13,octanol_dipole,119,0.2912478744983673,0.01498164888471365,0.6082432270730411,0.9229566140086678,2.7012264728546143,0.3086336553096771,0.11425686013787577,0.14
13,octanol_dipole,120,0.23326997458934784,0.01667070761322975,0.6077928931954968,0.9029025547860083,2.955158233642578,0.2696841061115265,0.09125877018744587,0.14
13,octanol_dipole,121,0.2583940327167511,0.0066086966544389725,0.6149715295035405,0.9491497024418669,1.1645166873931885,0.08896192163228989,0.07639385729322117,0.18
13,octanol_dipole,122,0.2749491333961487,0.018098779022693634,0.6104390303299152,0.9108419415565074,3.207381010055542,0.4697229564189911,0.14645062589893457,0.12
13,octanol_dipole,123,0.09530775249004364,0.015273753553628922,0.6097514937477304,0.952407382118954,2.643089771270752,0.012557442300021648,0.004751046459532188,0.06
13,octanol_dipole,124,0.11343936622142792,0.008390793576836586,0.6081844675142198,0.9469664013324923,1.4451907873153687,0.02671951800584793,0.01848857482373171,0.12
13,octanol_dipole,125,0.06940793246030807,0.010704854503273964,0.6077102526677525,0.9602169461220658,1.8456295728683472,0.007924369536340237,0.004293586130625736,0.08
13,octanol_dipole,126,0.11325019598007202,0.012944022193551064,0.6095003159117403,0.9622620577470367,2.2697508335113525,0.02201683446764946,0.009700110753385626,0.08
13,octanol_dipole,127,0.25191766023635864,0.015945304185152054,0.6067725016492456,0.9058027017379433,2.7996063232421875,0.3314770758152008,0.11840131702207385,0.18
13,octanol_dipole,128,0.14710451662540436,0.019250834360718727,0.6078458937968747,0.9437674020260094,3.3858561515808105,0.09654758125543594,0.028514968425448074,0.12
13,octanol_dipole,129,0.24551892280578613,0.016704052686691284,0.6089148509130413,0.926732841980153,2.9549930095672607,0.2349952757358551,0.07952481612478285,0.18
13,octanol_dipole,130,0.04419384524226189,0.01691017672419548,0.609214803216723,0.9743849843305967,2.9321582317352295,0.005656934343278408,0.0019292732165858172,0.14
13,octanol_dipole,131,0.10936134308576584,0.009916652925312519,0.6070867520327101,0.96301229479738,1.7030072212219238,0.027353446930646896,0.016061850231627636,0.14
13,octanol_dipole,132,0.07675229758024216,0.01080396119505167,0.6072795599473397,0.9613466994094328,1.8560683727264404,0.0038082969840615988,0.0020518085648253705,0.14
13,octanol_dipole,133,0.24010005593299866,0.0033905780874192715,0.6285620759400001,0.9707246967319239,0.5020595788955688,0.09673944860696793,0.19268519648559532,0.18
13,octanol_dipole,134,0.16546179354190826,0.015099373646080494,0.6074727540355589,0.9521355207063955,2.6163547039031982,0.04863391071557999,0.01858842405543319,0.08
13,octanol_dipole,135,0.08672855794429779,0.01001479011029005,0.6102065056239925,0.9799481877664147,1.6840912103652954,0.010997620411217213,0.006530299750707519,0.06
13,octanol_dipole,136,0.3659689128398895,0.005639355164021254,0.6183756516272094,0.9487068040955542,0.9832268357276917,0.2026444375514984,0.20610141036429314,0.28
13,octanol_dipole,137,0.06637310981750488,0.01414135005325079,0.6082392983575033,0.9747490890335877,2.4399867057800293,0.008085009641945362,0.0033135465954765107,0.1
13,octanol_dipole,138,0.11779341846704483,0.00961355958133936,0.6090892105010501,0.9580769324849192,1.638755202293396,0.007601278834044933,0.004638446806092294,0.16
13,octanol_dipole,139,0.2999257743358612,0.004450528882443905,0.6527835210473021,0.973391318196209,0.78654545545578,0.10576839745044708,0.1344720724235288,0.2
13,octanol_dipole,140,0.049483925104141235,0.01572401076555252,0.6087917783203154,0.9615716022875962,2.706125259399414,0.00497720530256629,0.0018392368517601103,0.08
13,octanol_dipole,141,0.18100585043430328,0.011818991042673588,0.608630724671757,0.9388315613694431,2.0302038192749023,0.06103786826133728,0.030064896776293756,0.18
13,octanol_dipole,142,0.300406813621521,0.002584412693977356,0.6692342910376081,0.9643586555764265,0.41937097907066345,0.03487900272011757,0.083169805400961,0.16
13,octanol_dipole,143,0.3095494508743286,0.01325163897126913,0.6103683429013163,0.911030980878587,2.293264865875244,0.47598299384117126,0.20755692066974055,0.14
13,octanol_dipole,144,0.3180072009563446,0.016072668135166168,0.6146542783866868,0.9239719482712005,2.9237587451934814,0.45637112855911255,0.1560905561409144,0.12
13,octanol_dipole,145,0.11671710014343262,0.030085355043411255,0.6093711220663052,0.9615584045698382,5.304413795471191,0.01451274286955595,0.002735974874725395,0.02
13,octanol_dipole,146,0.14254780113697052,0.028470296412706375,0.6138721446908795,0.969116041308222,4.909600734710693,0.015059293247759342,0.0030673152587115085,0.04
13,octanol_dipole,147,0.2635793685913086,0.01207503117620945,0.6092880063660955,0.9255349865132985,2.1026289463043213,0.30292272567749023,0.14406856055602266,0.2
13,octanol_dipole,148,0.2618749737739563,0.011661270633339882,0.6110857096257523,0.9155417771835153,2.0109751224517822,0.20161184668540955,0.10025576370114626,0.12
13,octanol_dipole,149,0.6838791370391846,0.00465455511584878,0.6529835438288358,0.9054621281872348,0.7739673852920532,0.7130854725837708,0.9213378833976202,0.52
13,octanol_dipole,150,0.10283702611923218,0.009327429346740246,0.6182019407659001,0.9614788848148534,1.5556399822235107,0.01479974202811718,0.009513603531174083,0.06
13,octanol_dipole,151,0.4391207695007324,0.0060289716348052025,0.6173582050997262,0.9080180463050918,1.0755094289779663,0.315530002117157,0.2933772532491867,0.14
13,octanol_dipole,152,0.12731535732746124,0.0145263085141778,0.6095758040057735,0.952909840213991,2.5226047039031982,0.006534731946885586,0.0025904700553259366,0.08
13,octanol_dipole,153,0.12779107689857483,0.006080200895667076,0.6300926641489817,0.9580111771636726,1.0040861368179321,0.027039261534810066,0.026929225036908377,0.06
13,octanol_dipole,154,0.22576689720153809,0.01208824198693037,0.6148223335482279,0.9201360525191471,2.1588053703308105,0.0990348756313324,0.04587485143051896,0.12
13,octanol_dipole,155,0.19141851365566254,0.014629547484219074,0.6074355438081913,0.9468091838315373,2.562152147293091,0.08639722317457199,0.03372056701076496,0.06
13,octanol_dipole,156,0.08550596237182617,0.018387319520115852,0.6239176965979372,0.9538755497263518,3.4129111766815186,0.03935926407575607,0.011532460717019402,0.04
13,octanol_dipole,157,0.18728607892990112,0.014301139861345291,0.6059588574348409,0.9584686293093343,2.4797186851501465,0.055811576545238495,0.02250722103255802,0.12
13,octanol_dipole,158,0.2124435007572174,0.01823902130126953,0.6068046331627928,0.9243571239463917,3.1840806007385254,0.44901880621910095,0.14101992459454518,0.18
13,octanol_dipole,159,0.15213820338249207,0.011017448268830776,0.613927642396511,0.9598858044621443,1.8454161882400513,0.01720440946519375,0.009322780180876903,0.06
13,octanol_dipole,160,0.1702708750963211,0.02015751600265503,0.6083696360304853,0.9659417302399467,3.4709632396698,0.010213151574134827,0.0029424545490451307,0.1
13,octanol_dipole,161,0.08761913329362869,0.015971926972270012,0.608680754426518,0.9691487814643607,2.7104568481445312,0.010363501496613026,0.00382352572914321,0.02
13,octanol_dipole,162,0.11183514446020126,0.015733104199171066,0.6097865588517761,0.966472184526191,2.7694549560546875,0.007300009019672871,0.00263590097528516,0.06
13,octanol_dipole,163,0.14913718402385712,0.012378087267279625,0.615291304832128,0.9635002123010861,2.2664663791656494,0.01291138306260109,0.005696701782690523,0.12
13,octanol_dipole,164,0.13415053486824036,0.007136035244911909,0.6099814347533901,0.9572082385071194,1.1930147409439087,0.0449778288602829,0.03770098332959123,0.12
13,octanol_dipole,165,0.32767245173454285,0.010906836949288845,0.6070472105984444,0.9061914641013209,1.9498366117477417,0.41066408157348633,0.21061461206505216,0.18
13,octanol_dipole,166,0.08025433868169785,0.024885915219783783,0.6116545553770167,0.9542384356663012,4.291197299957275,0.011792252771556377,0.002748009925265796,0.08
13,octanol_dipole,167,0.2556036710739136,0.014925849623978138,0.6085147751046114,0.9434699322566376,2.6527457237243652,0.10553518682718277,0.03978337836278365,0.16
13,octanol_dipole,168,0.1782829463481903,0.015021063387393951,0.6076762748174933,0.9497737009308362,2.6018943786621094,0.09298361092805862,0.03573688912609538,0.08
13,octanol_dipole,169,0.11777767539024353,0.01432659849524498,0.6143107883688259,0.9322400179330879,2.531834363937378,0.11449497938156128,0.04522214447058243,0.02
13,octanol_dipole,170,0.2988680303096771,0.017018413171172142,0.6114130998264016,0.918462993628095,3.0266289710998535,0.4435485005378723,0.14654868659923329,0.2
13,octanol_dipole,171,0.20455066859722137,0.004836376290768385,0.6093681604038468,0.9446730549312627,0.7996695637702942,0.09413016587495804,0.11771132745274399,0.12
13,octanol_dipole,172,0.06141453608870506,0.010846017859876156,0.6088308411456329,0.9689702268788951,1.8774596452713013,0.010928046889603138,0.005820656074886759,0.14
13,octanol_dipole,173,0.07887683063745499,0.016821930184960365,0.6200339748520258,0.9530276990165036,2.940070867538452,0.007235415279865265,0.0024609662847763433,0.08
13,octanol_dipole,174,0.4985606372356415,0.01317302230745554,0.6176785640031539,0.9099773613390103,2.442110061645508,0.7515581846237183,0.30774951400729006,0.4
13,octanol_dipole,175,0.09711603075265884,0.007917569950222969,0.6127190606858186,0.9423265767203532,1.304396629333496,0.02141701430082321,0.016419096629961858,0.08
13,octanol_dipole,176,0.08813208341598511,0.014943030662834644,0.607347890456007,0.9634312727401795,2.582764148712158,0.010967145673930645,0.00424628229387464,0.06
13,octanol_dipole,177,0.026752451434731483,0.003342639422044158,0.6458580637843683,0.9555665441022061,0.5358308553695679,0.05961639806628227,0.11125973330737784,0.04
13,octanol_dipole,178,0.18840308487415314,0.01397160068154335,0.6080917320512218,0.9726259188805304,2.458390951156616,0.006607261020690203,0.0026876364060735088,0.12
13,octanol_dipole,179,0.15838952362537384,0.013633375987410545,0.6084467511164582,0.9652188412293177,2.390693426132202,0.0338393971323967,0.014154636793871129,0.12
13,octanol_dipole,180,0.3917093276977539,0.01304002944380045,0.6120057011717559,0.906379924874053,2.343597650527954,0.45213058590888977,0.1929215903621665,0.26
13,octanol_dipole,181,0.1620420217514038,0.014546371065080166,0.6075661947472024,0.9694514447838107,2.530952215194702,0.00877977255731821,0.0034689602216147713,0.1
13,octanol_dipole,182,0.0848303958773613,0.007146731484681368,0.6268392670683356,0.9539132135335908,1.1813753843307495,0.028228260576725006,0.02389440388815647,0.08
13,octanol_dipole,183,0.3451460301876068,0.016676798462867737,0.6121514950881228,0.8963256767855905,3.09565806388855,0.4715835750102997,0.15233710095808492,0.18
13,octanol_dipole,184,0.37400004267692566,0.013023260049521923,0.6118028326644609,0.9065869567102889,2.3227643966674805,0.5697523355484009,0.24529062713628497,0.2
13,octanol_dipole,185,0.2693137228488922,0.011806347407400608,0.6147694586992807,0.9191717742321956,2.1253960132598877,0.13889364898204803,0.06534953868150711,0.14
13,octanol_dipole,186,0.3020726144313812,0.01216808333992958,0.6210865262276706,0.9190848755033323,2.124699592590332,0.1906171292066574,0.08971486127799655,0.18
13,octanol_dipole,187,0.3036439120769501,0.01581232063472271,0.6045025848037588,0.9050242942751423,2.793731212615967,0.33671531081199646,0.12052530654754945,0.16
13,octanol_dipole,188,0.21265709400177002,0.009582365863025188,0.6119840842874276,0.9467055415764241,1.6135234832763672,0.04669877141714096,0.028942108312124463,0.08
13,octanol_dipole,189,0.1400481015443802,0.01747300662100315,0.6099751363807349,0.9656135964896533,3.1089608669281006,0.01183458510786295,0.0038066047192020325,0.06
13,octanol_dipole,190,0.09235303103923798,0.01954260841012001,0.6015991919511281,0.953244324990201,3.3430140018463135,0.006128179840743542,0.0018331301745547607,0.02
13,octanol_dipole,191,0.12321657687425613,0.014071899466216564,0.6094447424164549,0.9678226539552237,2.4093017578125,0.00961004663258791,0.003988726858902576,0.12
13,octanol_dipole,192,0.25254160165786743,0.009248904883861542,0.6192664880182048,0.9390864253023088,1.7383098602294922,0.2657458186149597,0.15287597723220409,0.1
13,octanol_dipole,193,0.09528055042028427,0.007443838287144899,0.6079181476019484,0.9527992444222522,1.2476016283035278,0.0048234425485134125,0.0038661720529110447,0.12
13,octanol_dipole,194,0.2989533245563507,0.01578541286289692,0.6061395809287804,0.9430242923803345,2.7819457054138184,0.11392359435558319,0.04095104880511566,0.22
13,octanol_dipole,195,0.1629313975572586,0.016989098861813545,0.6097331557566847,0.9600495087653482,2.9377989768981934,0.01322634331882,0.004502126735977261,0.08
13,octanol_dipole,196,0.21581287682056427,0.012229389511048794,0.6118737847147675,0.9119919245626251,2.165128707885742,0.14806361496448517,0.0683855950111483,0.08
13,octanol_dipole,197,0.3947725296020508,0.014803213067352772,0.6126864359575701,0.9092718225854561,2.6519992351531982,0.3885040581226349,0.14649478513148673,0.16
13,octanol_dipole,198,0.218343585729599,0.0047385492362082005,0.6256299735533675,0.9684980310637055,0.7454261183738708,0.054597675800323486,0.07324357767262972,0.12
13,octanol_dipole,199,0.43018031120300293,0.0017776673194020987,0.651416826692442,0.9482296990181789,0.13373643159866333,0.12276065349578857,0.9179297819474311,0.26
13,octanol_dipole,200,0.3711346983909607,0.01379161886870861,0.6096549551410899,0.9091300148781216,2.5477232933044434,0.5721166133880615,0.2245599492266744,0.14
13,octanol_dipole,201,0.3174924850463867,0.014634519815444946,0.6119004854070713,0.8933643819563186,2.5470991134643555,0.372235506772995,0.14614095886779638,0.1
13,octanol_dipole,202,0.06720694154500961,0.007496886886656284,0.6074725554649456,0.9607316727028954,1.274692177772522,0.008709699846804142,0.0068327867689782365,0.06
13,octanol_dipole,203,0.33771225810050964,0.014479187317192554,0.6102943553657805,0.9152510165121559,2.549128293991089,0.3127351999282837,0.12268319357071046,0.18
13,octanol_dipole,204,0.08340668678283691,0.00806102342903614,0.6107595814687565,0.9590977188694776,1.4135053157806396,0.05439946427941322,0.03848550385491116,0.1
13,octanol_dipole,205,0.16627173125743866,0.0060990797355771065,0.6270045481535449,0.9623545489683114,1.0098240375518799,0.023257631808519363,0.023031370757328105,0.2
13,octanol_dipole,206,0.09458708018064499,0.006786015350371599,0.6436205562252384,0.9522075570926098,1.206971526145935,0.037987299263477325,0.03147323564854692,0.02
13,octanol_dipole,207,0.1503036469221115,0.00975614134222269,0.6083767286639652,0.9610067679240821,1.6699258089065552,0.021583998575806618,0.012925124254435908,0.18
13,octanol_dipole,208,0.16263851523399353,0.017209315672516823,0.6087895494931028,0.9263266078340642,3.000896692276001,0.225418359041214,0.07511700073561933,0.08
13,octanol_dipole,209,0.14698602259159088,0.013307817280292511,0.6097223937334344,0.9520420871493238,2.281960964202881,0.01256606075912714,0.005506694004082858,0.1
13,octanol_dipole,210,0.06908134371042252,0.012722664512693882,0.6077365252315123,0.9759617352894605,2.2248153686523438,0.0056579275988042355,0.0025430998358445625,0.04
13,octanol_dipole,211,0.11375443637371063,0.008823315612971783,0.6130499054245835,0.9541118612568553,1.4627944231033325,0.020978841930627823,0.014341620120564178,0.1
13,octanol_dipole,212,0.143880233168602,0.014703269116580486,0.6082611065031494,0.9528252401777253,2.546130418777466,0.03394963592290878,0.013333816552574644,0.12
13,octanol_dipole,213,0.2882111966609955,0.015479505993425846,0.6093357221449589,0.9276352123285272,2.7996649742126465,0.24296848475933075,0.08678484282843918,0.16
13,octanol_dipole,214,0.12324388325214386,0.015306896530091763,0.6118964761003349,0.9776577573264298,2.6932663917541504,0.005114126019179821,0.001898856360751207,0.12
13,octanol_dipole,215,0.16195616126060486,0.012568717822432518,0.6128238436233087,0.9568758538491116,2.2297401428222656,0.013527104631066322,0.0060666731388459285,0.12
13,octanol_dipole,216,0.3320067226886749,0.010562514886260033,0.6141644513686351,0.9165960561506836,1.802551507949829,0.303209513425827,0.1682112894353232,0.16
13,octanol_dipole,217,0.07497245073318481,0.016044262796640396,0.6058715626671236,0.9714798417968464,2.7890148162841797,0.010119247250258923,0.0036282515213529247,0.06
13,octanol_dipole,218,0.11257719993591309,0.009217670187354088,0.6090355389237221,0.9482479249591609,1.5508166551589966,0.01676924340426922,0.010813169531346025,0.14
13,octanol_dipole,219,0.15348844230175018,0.008168286643922329,0.6129722490153717,0.9688893800231617,1.3572990894317627,0.03257732465863228,0.024001581458564798,0.1
13,octanol_dipole,220,0.142934650182724,0.014425361528992653,0.6071361115861871,0.9457638866853388,2.4939124584198,0.08621645718812943,0.03457076325877058,0.1
13,octanol_dipole,221,0.05153703689575195,0.02448698692023754,0.6291681507921791,0.9626698656195329,4.882744312286377,0.006407379172742367,0.0013122495799379815,0.0
13,octanol_dipole,222,0.15406836569309235,0.010721493512392044,0.6094059461426566,0.9552925422308711,1.8332821130752563,0.02475161664187908,0.013501259007190796,0.1
13,octanol_dipole,223,0.1847251057624817,0.015166512690484524,0.6082694883665303,0.9683271095901835,2.6453254222869873,0.014290977269411087,0.005402351313380559,0.14
13,octanol_dipole,224,0.1242440864443779,0.006503969430923462,0.6209611691527746,0.9712892120334602,1.0542322397232056,0.028462804853916168,0.026998609776332807,0.06
13,octanol_dipole,225,0.20490853488445282,0.017143571749329567,0.6142432330226879,0.9321021241929466,3.113241672515869,0.11441568285226822,0.036751301340447094,0.16
13,octanol_dipole,226,0.13824249804019928,0.002335255267098546,0.656904702452964,0.950795715135905,0.31001341342926025,0.039533164352178574,0.12752081890546765,0.08
13,octanol_dipole,227,0.08090497553348541,0.016668107360601425,0.60766420059659,0.9465632630444951,2.935689926147461,0.005937821231782436,0.00202263228786383,0.08
13,octanol_dipole,228,0.13828188180923462,0.023103591054677963,0.6199122469140825,0.9372180076652563,4.119859218597412,0.25491470098495483,0.06187461450970148,0.04
13,octanol_dipole,229,0.40763118863105774,0.012293153442442417,0.6127816776209873,0.9035038014777521,2.2014834880828857,0.2978014051914215,0.13527305873675002,0.24
13,octanol_dipole,230,0.30620959401130676,0.00666706170886755,0.6181838469677616,0.9428111089199163,1.1211179494857788,0.15579162538051605,0.138960958971331,0.26
13,octanol_dipole,231,0.13259471952915192,0.014799925498664379,0.610032751134497,0.9671789990204778,2.581759214401245,0.004842671100050211,0.0018757253089433867,0.12
13,octanol_dipole,232,0.06486829370260239,0.024338573217391968,0.6191171714449488,0.966441943369927,4.573913097381592,0.03502459079027176,0.007657467477972447,0.0
13,octanol_dipole,233,0.06855113804340363,0.010880492627620697,0.6075278523442962,0.9527162871707753,1.867567777633667,0.00928096566349268,0.004969546901934816,0.08
13,octanol_dipole,234,0.1650364249944687,0.016162365674972534,0.6096558765432634,0.9609382625892207,2.805450201034546,0.005290139466524124,0.0018856650759914815,0.12
13,octanol_dipole,235,0.20846182107925415,0.01715569756925106,0.6092951041871701,0.9535282904740106,2.9846363067626953,0.04587145894765854,0.015369195517631865,0.18
13,octanol_dipole,236,0.0815892443060875,0.02040351741015911,0.6075015974421376,0.956702606262211,3.5518958568573,0.00982312299311161,0.002765599946897954,0.06
13,octanol_dipole,237,0.08945303410291672,0.01342453807592392,0.6091569400847483,0.9565710643259908,2.293421506881714,0.022533733397722244,0.009825378078171328,0.1
13,octanol_dipole,238,0.10978733003139496,0.005021137651056051,0.6632862197510787,0.9747844017070773,0.9224303364753723,0.061179425567388535,0.06632416904365541,0.12
13,octanol_dipole,239,0.06965482980012894,0.01548871211707592,0.6101237539156501,0.949435278252271,2.680542230606079,0.010736972093582153,0.004005522453997858,0.12
13,octanol_dipole,240,0.12486302107572556,0.01391613855957985,0.6135340660184925,0.962034069072041,2.359898090362549,0.008105983957648277,0.0034348872905791295,0.08
13,octanol_dipole,241,0.1478431522846222,0.01598348096013069,0.6098442791456467,0.9664384507796113,2.762251138687134,0.007324417121708393,0.002651611585610425,0.08
13,octanol_dipole,242,0.12743334472179413,0.0068394895642995834,0.6253817907666164,0.9490931708743924,1.127578616142273,0.045408692210912704,0.04027097672911459,0.18
13,octanol_dipole,243,0.5002630352973938,0.004248417913913727,0.6797206668029572,0.9782965558502934,0.7907185554504395,0.32469478249549866,0.41063255725740944,0.5
13,octanol_dipole,244,0.5633593201637268,0.007891340181231499,0.6273094084184665,0.9185622201422359,1.3532779216766357,0.6721029877662659,0.49664815851984623,0.34
13,octanol_dipole,245,0.18619254231452942,0.017940789461135864,0.6083997185003316,0.9566785702148595,3.137662172317505,0.08276362717151642,0.026377481904110305,0.14
13,octanol_dipole,246,0.1672012060880661,0.016744686290621758,0.6099107197316407,0.9306573296448684,2.859166145324707,0.05399254709482193,0.018884018749001436,0.06
13,octanol_dipole,247,0.19044363498687744,0.023345399647951126,0.6085766580918963,0.9108303568571177,4.080986022949219,0.25463640689849854,0.062395804706647746,0.14
13,octanol_dipole,248,0.14106857776641846,0.014548921026289463,0.6089583592334387,0.9659653034968354,2.5140457153320312,0.007261558435857296,0.0028883955417247685,0.08
13,octanol_dipole,249,0.08619771152734756,0.008678190410137177,0.6076853038781234,0.9471565155974511,1.4868571758270264,0.00950678437948227,0.006393878668402944,0.08
13,hexane_gsolv_eV,0,1.0,0.0,0.713321026805205,0.713321026805205,,,,1.0
13,hexane_gsolv_eV,1,1.0,0.0,0.713321026805205,0.713321026805205,,,,1.0
13,hexane_gsolv_eV,2,1.0,0.0,0.713321026805205,0.713321026805205,,,,1.0
13,hexane_gsolv_eV,3,1.0,0.0,0.713321026805205,0.713321026805205,,,,1.0
13,hexane_gsolv_eV,4,1.0,0.0,0.713321026805205,0.713321026805205,,,,1.0
13,hexane_gsolv_eV,5,1.0,0.0,0.713321026805205,0.713321026805205,,,,1.0
13,hexane_gsolv_eV,6,1.0,0.0,0.713321026805205,0.713321026805205,,,,1.0
13,hexane_gsolv_eV,7,1.0,0.0,0.713321026805205,0.713321026805205,,,,1.0
13,hexane_gsolv_eV,8,1.0,0.0,0.713321026805205,0.713321026805205,,,,1.0
13,hexane_gsolv_eV,9,1.0,0.0,0.713321026805205,0.713321026805205,,,,1.0
13,hexane_gsolv_eV,10,1.0,0.0,0.713321026805205,0.713321026805205,,,,1.0
13,hexane_gsolv_eV,11,1.0,0.0,0.713321026805205,0.713321026805205,,,,1.0
13,hexane_gsolv_eV,12,1.0,0.0,0.713321026805205,0.713321026805205,,,,1.0
13,hexane_gsolv_eV,13,1.0,0.0,0.713321026805205,0.713321026805205,,,,1.0
13,hexane_gsolv_eV,14,1.0,0.0,0.713321026805205,0.713321026805205,,,,1.0
13,hexane_gsolv_eV,15,1.0,0.0,0.713321026805205,0.713321026805205,,,,1.0
13,hexane_gsolv_eV,16,1.0,0.0,0.713321026805205,0.713321026805205,,,,1.0
13,hexane_gsolv_eV,17,1.0,0.0,0.713321026805205,0.713321026805205,,,,1.0
13,hexane_gsolv_eV,18,1.0,0.0,0.713321026805205,0.713321026805205,,,,1.0
13,hexane_gsolv_eV,19,1.0,0.0,0.713321026805205,0.713321026805205,,,,1.0
13,hexane_gsolv_eV,20,1.0,0.0,0.713321026805205,0.713321026805205,,,,1.0
13,hexane_gsolv_eV,21,1.0,0.0,0.713321026805205,0.713321026805205,,,,1.0
13,hexane_gsolv_eV,22,1.0,0.0,0.713321026805205,0.713321026805205,,,,1.0
13,hexane_gsolv_eV,23,1.0,0.0,0.713321026805205,0.713321026805205,,,,1.0
13,hexane_gsolv_eV,24,1.0,0.0,0.713321026805205,0.713321026805205,,,,1.0
13,hexane_gsolv_eV,25,1.0,0.0,0.713321026805205,0.713321026805205,,,,1.0
13,hexane_gsolv_eV,26,1.0,0.0,0.713321026805205,0.713321026805205,,,,1.0
13,hexane_gsolv_eV,27,1.0,0.0,0.713321026805205,0.713321026805205,,,,1.0
13,hexane_gsolv_eV,28,1.0,0.0,0.713321026805205,0.713321026805205,,,,1.0
13,hexane_gsolv_eV,29,1.0,0.0,0.713321026805205,0.713321026805205,,,,1.0
13,hexane_gsolv_eV,30,1.0,0.0,0.713321026805205,0.713321026805205,,,,1.0
13,hexane_gsolv_eV,31,1.0,0.0,0.713321026805205,0.713321026805205,,,,1.0
13,hexane_gsolv_eV,32,1.0,0.0,0.713321026805205,0.713321026805205,,,,1.0
13,hexane_gsolv_eV,33,1.0,0.0,0.713321026805205,0.713321026805205,,,,1.0
13,hexane_gsolv_eV,34,1.0,0.0,0.713321026805205,0.713321026805205,,,,1.0
13,hexane_gsolv_eV,35,1.0,0.0,0.713321026805205,0.713321026805205,,,,1.0
13,hexane_gsolv_eV,36,1.0,0.0,0.713321026805205,0.713321026805205,,,,1.0
13,hexane_gsolv_eV,37,1.0,0.0,0.713321026805205,0.713321026805205,,,,1.0
13,hexane_gsolv_eV,38,1.0,0.0,0.713321026805205,0.713321026805205,,,,1.0
13,hexane_gsolv_eV,39,1.0,0.0,0.713321026805205,0.713321026805205,,,,1.0
13,hexane_gsolv_eV,40,1.0,0.0,0.713321026805205,0.713321026805205,,,,1.0
13,hexane_gsolv_eV,41,1.0,0.0,0.713321026805205,0.713321026805205,,,,1.0
13,hexane_gsolv_eV,42,1.0,0.0,0.713321026805205,0.713321026805205,,,,1.0
13,hexane_gsolv_eV,43,1.0,0.0,0.713321026805205,0.713321026805205,,,,1.0
13,hexane_gsolv_eV,44,1.0,0.0,0.713321026805205,0.713321026805205,,,,1.0
13,hexane_gsolv_eV,45,1.0,0.0,0.713321026805205,0.713321026805205,,,,1.0
13,hexane_gsolv_eV,46,1.0,0.0,0.713321026805205,0.713321026805205,,,,1.0
13,hexane_gsolv_eV,47,1.0,0.0,0.713321026805205,0.713321026805205,,,,1.0
13,hexane_gsolv_eV,48,1.0,0.0,0.713321026805205,0.713321026805205,,,,1.0
13,hexane_gsolv_eV,49,1.0,0.0,0.713321026805205,0.713321026805205,,,,1.0
13,hexane_gsolv_eV,50,1.0,0.0,0.713321026805205,0.713321026805205,,,,1.0
13,hexane_gsolv_eV,51,1.0,0.0,0.713321026805205,0.713321026805205,,,,1.0
13,hexane_gsolv_eV,52,1.0,0.0,0.713321026805205,0.713321026805205,,,,1.0
13,hexane_gsolv_eV,53,1.0,0.0,0.713321026805205,0.713321026805205,,,,1.0
13,hexane_gsolv_eV,54,1.0,0.0,0.713321026805205,0.713321026805205,,,,1.0
13,hexane_gsolv_eV,55,1.0,0.0,0.713321026805205,0.713321026805205,,,,1.0
13,hexane_gsolv_eV,56,1.0,0.0,0.713321026805205,0.713321026805205,,,,1.0
13,hexane_gsolv_eV,57,1.0,0.0,0.713321026805205,0.713321026805205,,,,1.0
13,hexane_gsolv_eV,58,1.0,0.0,0.713321026805205,0.713321026805205,,,,1.0
13,hexane_gsolv_eV,59,1.0,0.0,0.713321026805205,0.713321026805205,,,,1.0
13,hexane_gsolv_eV,60,1.0,0.0,0.713321026805205,0.713321026805205,,,,1.0
13,hexane_gsolv_eV,61,1.0,0.0,0.713321026805205,0.713321026805205,,,,1.0
13,hexane_gsolv_eV,62,1.0,0.0,0.713321026805205,0.713321026805205,,,,1.0
13,hexane_gsolv_eV,63,1.0,0.0,0.713321026805205,0.713321026805205,,,,1.0
13,hexane_gsolv_eV,64,1.0,0.0,0.713321026805205,0.713321026805205,,,,1.0
13,hexane_gsolv_eV,65,1.0,0.0,0.713321026805205,0.713321026805205,,,,1.0
13,hexane_gsolv_eV,66,1.0,0.0,0.713321026805205,0.713321026805205,,,,1.0
13,hexane_gsolv_eV,67,1.0,0.0,0.713321026805205,0.713321026805205,,,,1.0
13,hexane_gsolv_eV,68,1.0,0.0,0.713321026805205,0.713321026805205,,,,1.0
13,hexane_gsolv_eV,69,1.0,0.0,0.713321026805205,0.713321026805205,,,,1.0
13,hexane_gsolv_eV,70,1.0,0.0,0.713321026805205,0.713321026805205,,,,1.0
13,hexane_gsolv_eV,71,1.0,0.0,0.713321026805205,0.713321026805205,,,,1.0
13,hexane_gsolv_eV,72,1.0,0.0,0.713321026805205,0.713321026805205,,,,1.0
13,hexane_gsolv_eV,73,1.0,0.0,0.713321026805205,0.713321026805205,,,,1.0
13,hexane_gsolv_eV,74,1.0,0.0,0.713321026805205,0.713321026805205,,,,1.0
13,hexane_gsolv_eV,75,1.0,0.0,0.713321026805205,0.713321026805205,,,,1.0
13,hexane_gsolv_eV,76,1.0,0.0,0.713321026805205,0.713321026805205,,,,1.0
13,hexane_gsolv_eV,77,1.0,0.0,0.713321026805205,0.713321026805205,,,,1.0
13,hexane_gsolv_eV,78,1.0,0.0,0.713321026805205,0.713321026805205,,,,1.0
13,hexane_gsolv_eV,79,1.0,0.0,0.713321026805205,0.713321026805205,,,,1.0
13,hexane_gsolv_eV,80,1.0,0.0,0.713321026805205,0.713321026805205,,,,1.0
13,hexane_gsolv_eV,81,1.0,0.0,0.713321026805205,0.713321026805205,,,,1.0
13,hexane_gsolv_eV,82,1.0,0.0,0.713321026805205,0.713321026805205,,,,1.0
13,hexane_gsolv_eV,83,1.0,0.0,0.713321026805205,0.713321026805205,,,,1.0
13,hexane_gsolv_eV,84,1.0,0.0,0.713321026805205,0.713321026805205,,,,1.0
13,hexane_gsolv_eV,85,1.0,0.0,0.713321026805205,0.713321026805205,,,,1.0
13,hexane_gsolv_eV,86,1.0,0.0,0.713321026805205,0.713321026805205,,,,1.0
13,hexane_gsolv_eV,87,1.0,0.0,0.713321026805205,0.713321026805205,,,,1.0
13,hexane_gsolv_eV,88,1.0,0.0,0.713321026805205,0.713321026805205,,,,1.0
13,hexane_gsolv_eV,89,1.0,0.0,0.713321026805205,0.713321026805205,,,,1.0
13,hexane_gsolv_eV,90,1.0,0.0,0.713321026805205,0.713321026805205,,,,1.0
13,hexane_gsolv_eV,91,1.0,0.0,0.713321026805205,0.713321026805205,,,,1.0
13,hexane_gsolv_eV,92,1.0,0.0,0.713321026805205,0.713321026805205,,,,1.0
13,hexane_gsolv_eV,93,1.0,0.0,0.713321026805205,0.713321026805205,,,,1.0
13,hexane_gsolv_eV,94,1.0,0.0,0.713321026805205,0.713321026805205,,,,1.0
13,hexane_gsolv_eV,95,1.0,0.0,0.713321026805205,0.713321026805205,,,,1.0
13,hexane_gsolv_eV,96,1.0,0.0,0.713321026805205,0.713321026805205,,,,1.0
13,hexane_gsolv_eV,97,1.0,0.0,0.713321026805205,0.713321026805205,,,,1.0
13,hexane_gsolv_eV,98,1.0,0.0,0.713321026805205,0.713321026805205,,,,1.0
13,hexane_gsolv_eV,99,1.0,0.0,0.713321026805205,0.713321026805205,,,,1.0
13,hexane_gsolv_eV,100,1.0,0.0,0.713321026805205,0.713321026805205,,,,1.0
13,hexane_gsolv_eV,101,1.0,0.0,0.713321026805205,0.713321026805205,,,,1.0
13,hexane_gsolv_eV,102,1.0,0.0,0.713321026805205,0.713321026805205,,,,1.0
13,hexane_gsolv_eV,103,1.0,0.0,0.713321026805205,0.713321026805205,,,,1.0
13,hexane_gsolv_eV,104,1.0,0.0,0.713321026805205,0.713321026805205,,,,1.0
13,hexane_gsolv_eV,105,1.0,0.0,0.713321026805205,0.713321026805205,,,,1.0
13,hexane_gsolv_eV,106,1.0,0.0,0.713321026805205,0.713321026805205,,,,1.0
13,hexane_gsolv_eV,107,1.0,0.0,0.713321026805205,0.713321026805205,,,,1.0
13,hexane_gsolv_eV,108,1.0,0.0,0.713321026805205,0.713321026805205,,,,1.0
13,hexane_gsolv_eV,109,1.0,0.0,0.713321026805205,0.713321026805205,,,,1.0
13,hexane_gsolv_eV,110,1.0,0.0,0.713321026805205,0.713321026805205,,,,1.0
13,hexane_gsolv_eV,111,1.0,0.0,0.713321026805205,0.713321026805205,,,,1.0
13,hexane_gsolv_eV,112,1.0,0.0,0.713321026805205,0.713321026805205,,,,1.0
13,hexane_gsolv_eV,113,1.0,0.0,0.713321026805205,0.713321026805205,,,,1.0
13,hexane_gsolv_eV,114,1.0,0.0,0.713321026805205,0.713321026805205,,,,1.0
13,hexane_gsolv_eV,115,1.0,0.0,0.713321026805205,0.713321026805205,,,,1.0
13,hexane_gsolv_eV,116,1.0,0.0,0.713321026805205,0.713321026805205,,,,1.0
13,hexane_gsolv_eV,117,1.0,0.0,0.713321026805205,0.713321026805205,,,,1.0
13,hexane_gsolv_eV,118,1.0,0.0,0.713321026805205,0.713321026805205,,,,1.0
13,hexane_gsolv_eV,119,1.0,0.0,0.713321026805205,0.713321026805205,,,,1.0
13,hexane_gsolv_eV,120,1.0,0.0,0.713321026805205,0.713321026805205,,,,1.0
13,hexane_gsolv_eV,121,1.0,0.0,0.713321026805205,0.713321026805205,,,,1.0
13,hexane_gsolv_eV,122,1.0,0.0,0.713321026805205,0.713321026805205,,,,1.0
13,hexane_gsolv_eV,123,1.0,0.0,0.713321026805205,0.713321026805205,,,,1.0
13,hexane_gsolv_eV,124,1.0,0.0,0.713321026805205,0.713321026805205,,,,1.0
13,hexane_gsolv_eV,125,1.0,0.0,0.713321026805205,0.713321026805205,,,,1.0
13,hexane_gsolv_eV,126,1.0,0.0,0.713321026805205,0.713321026805205,,,,1.0
13,hexane_gsolv_eV,127,1.0,0.0,0.713321026805205,0.713321026805205,,,,1.0
13,hexane_gsolv_eV,128,1.0,0.0,0.713321026805205,0.713321026805205,,,,1.0
13,hexane_gsolv_eV,129,1.0,0.0,0.713321026805205,0.713321026805205,,,,1.0
13,hexane_gsolv_eV,130,1.0,0.0,0.713321026805205,0.713321026805205,,,,1.0
13,hexane_gsolv_eV,131,1.0,0.0,0.713321026805205,0.713321026805205,,,,1.0
13,hexane_gsolv_eV,132,1.0,0.0,0.713321026805205,0.713321026805205,,,,1.0
13,hexane_gsolv_eV,133,1.0,0.0,0.713321026805205,0.713321026805205,,,,1.0
13,hexane_gsolv_eV,134,1.0,0.0,0.713321026805205,0.713321026805205,,,,1.0
13,hexane_gsolv_eV,135,1.0,0.0,0.713321026805205,0.713321026805205,,,,1.0
13,hexane_gsolv_eV,136,1.0,0.0,0.713321026805205,0.713321026805205,,,,1.0
13,hexane_gsolv_eV,137,1.0,0.0,0.713321026805205,0.713321026805205,,,,1.0
13,hexane_gsolv_eV,138,1.0,0.0,0.713321026805205,0.713321026805205,,,,1.0
13,hexane_gsolv_eV,139,1.0,0.0,0.713321026805205,0.713321026805205,,,,1.0
13,hexane_gsolv_eV,140,1.0,0.0,0.713321026805205,0.713321026805205,,,,1.0
13,hexane_gsolv_eV,141,1.0,0.0,0.713321026805205,0.713321026805205,,,,1.0
13,hexane_gsolv_eV,142,1.0,0.0,0.713321026805205,0.713321026805205,,,,1.0
13,hexane_gsolv_eV,143,1.0,0.0,0.713321026805205,0.713321026805205,,,,1.0
13,hexane_gsolv_eV,144,1.0,0.0,0.713321026805205,0.713321026805205,,,,1.0
13,hexane_gsolv_eV,145,1.0,0.0,0.713321026805205,0.713321026805205,,,,1.0
13,hexane_gsolv_eV,146,1.0,0.0,0.713321026805205,0.713321026805205,,,,1.0
13,hexane_gsolv_eV,147,1.0,0.0,0.713321026805205,0.713321026805205,,,,1.0
13,hexane_gsolv_eV,148,1.0,0.0,0.713321026805205,0.713321026805205,,,,1.0
13,hexane_gsolv_eV,149,1.0,0.0,0.713321026805205,0.713321026805205,,,,1.0
13,hexane_gsolv_eV,150,1.0,0.0,0.713321026805205,0.713321026805205,,,,1.0
13,hexane_gsolv_eV,151,1.0,0.0,0.713321026805205,0.713321026805205,,,,1.0
13,hexane_gsolv_eV,152,1.0,0.0,0.713321026805205,0.713321026805205,,,,1.0
13,hexane_gsolv_eV,153,1.0,0.0,0.713321026805205,0.713321026805205,,,,1.0
13,hexane_gsolv_eV,154,1.0,0.0,0.713321026805205,0.713321026805205,,,,1.0
13,hexane_gsolv_eV,155,1.0,0.0,0.713321026805205,0.713321026805205,,,,1.0
13,hexane_gsolv_eV,156,1.0,0.0,0.713321026805205,0.713321026805205,,,,1.0
13,hexane_gsolv_eV,157,1.0,0.0,0.713321026805205,0.713321026805205,,,,1.0
13,hexane_gsolv_eV,158,1.0,0.0,0.713321026805205,0.713321026805205,,,,1.0
13,hexane_gsolv_eV,159,1.0,0.0,0.713321026805205,0.713321026805205,,,,1.0
13,hexane_gsolv_eV,160,1.0,0.0,0.713321026805205,0.713321026805205,,,,1.0
13,hexane_gsolv_eV,161,1.0,0.0,0.713321026805205,0.713321026805205,,,,1.0
13,hexane_gsolv_eV,162,1.0,0.0,0.713321026805205,0.713321026805205,,,,1.0
13,hexane_gsolv_eV,163,1.0,0.0,0.713321026805205,0.713321026805205,,,,1.0
13,hexane_gsolv_eV,164,1.0,0.0,0.713321026805205,0.713321026805205,,,,1.0
13,hexane_gsolv_eV,165,1.0,0.0,0.713321026805205,0.713321026805205,,,,1.0
13,hexane_gsolv_eV,166,1.0,0.0,0.713321026805205,0.713321026805205,,,,1.0
13,hexane_gsolv_eV,167,1.0,0.0,0.713321026805205,0.713321026805205,,,,1.0
13,hexane_gsolv_eV,168,1.0,0.0,0.713321026805205,0.713321026805205,,,,1.0
13,hexane_gsolv_eV,169,1.0,0.0,0.713321026805205,0.713321026805205,,,,1.0
13,hexane_gsolv_eV,170,1.0,0.0,0.713321026805205,0.713321026805205,,,,1.0
13,hexane_gsolv_eV,171,1.0,0.0,0.713321026805205,0.713321026805205,,,,1.0
13,hexane_gsolv_eV,172,1.0,0.0,0.713321026805205,0.713321026805205,,,,1.0
13,hexane_gsolv_eV,173,1.0,0.0,0.713321026805205,0.713321026805205,,,,1.0
13,hexane_gsolv_eV,174,1.0,0.0,0.713321026805205,0.713321026805205,,,,1.0
13,hexane_gsolv_eV,175,1.0,0.0,0.713321026805205,0.713321026805205,,,,1.0
13,hexane_gsolv_eV,176,1.0,0.0,0.713321026805205,0.713321026805205,,,,1.0
13,hexane_gsolv_eV,177,1.0,0.0,0.713321026805205,0.713321026805205,,,,1.0
13,hexane_gsolv_eV,178,1.0,0.0,0.713321026805205,0.713321026805205,,,,1.0
13,hexane_gsolv_eV,179,1.0,0.0,0.713321026805205,0.713321026805205,,,,1.0
13,hexane_gsolv_eV,180,1.0,0.0,0.713321026805205,0.713321026805205,,,,1.0
13,hexane_gsolv_eV,181,1.0,0.0,0.713321026805205,0.713321026805205,,,,1.0
13,hexane_gsolv_eV,182,1.0,0.0,0.713321026805205,0.713321026805205,,,,1.0
13,hexane_gsolv_eV,183,1.0,0.0,0.713321026805205,0.713321026805205,,,,1.0
13,hexane_gsolv_eV,184,1.0,0.0,0.713321026805205,0.713321026805205,,,,1.0
13,hexane_gsolv_eV,185,1.0,0.0,0.713321026805205,0.713321026805205,,,,1.0
13,hexane_gsolv_eV,186,1.0,0.0,0.713321026805205,0.713321026805205,,,,1.0
13,hexane_gsolv_eV,187,1.0,0.0,0.713321026805205,0.713321026805205,,,,1.0
13,hexane_gsolv_eV,188,1.0,0.0,0.713321026805205,0.713321026805205,,,,1.0
13,hexane_gsolv_eV,189,1.0,0.0,0.713321026805205,0.713321026805205,,,,1.0
13,hexane_gsolv_eV,190,1.0,0.0,0.713321026805205,0.713321026805205,,,,1.0
13,hexane_gsolv_eV,191,1.0,0.0,0.713321026805205,0.713321026805205,,,,1.0
13,hexane_gsolv_eV,192,1.0,0.0,0.713321026805205,0.713321026805205,,,,1.0
13,hexane_gsolv_eV,193,1.0,0.0,0.713321026805205,0.713321026805205,,,,1.0
13,hexane_gsolv_eV,194,1.0,0.0,0.713321026805205,0.713321026805205,,,,1.0
13,hexane_gsolv_eV,195,1.0,0.0,0.713321026805205,0.713321026805205,,,,1.0
13,hexane_gsolv_eV,196,1.0,0.0,0.713321026805205,0.713321026805205,,,,1.0
13,hexane_gsolv_eV,197,1.0,0.0,0.713321026805205,0.713321026805205,,,,1.0
13,hexane_gsolv_eV,198,1.0,0.0,0.713321026805205,0.713321026805205,,,,1.0
13,hexane_gsolv_eV,199,1.0,0.0,0.713321026805205,0.713321026805205,,,,1.0
13,hexane_gsolv_eV,200,1.0,0.0,0.713321026805205,0.713321026805205,,,,1.0
13,hexane_gsolv_eV,201,1.0,0.0,0.713321026805205,0.713321026805205,,,,1.0
13,hexane_gsolv_eV,202,1.0,0.0,0.713321026805205,0.713321026805205,,,,1.0
13,hexane_gsolv_eV,203,1.0,0.0,0.713321026805205,0.713321026805205,,,,1.0
13,hexane_gsolv_eV,204,1.0,0.0,0.713321026805205,0.713321026805205,,,,1.0
13,hexane_gsolv_eV,205,1.0,0.0,0.713321026805205,0.713321026805205,,,,1.0
13,hexane_gsolv_eV,206,1.0,0.0,0.713321026805205,0.713321026805205,,,,1.0
13,hexane_gsolv_eV,207,1.0,0.0,0.713321026805205,0.713321026805205,,,,1.0
13,hexane_gsolv_eV,208,1.0,0.0,0.713321026805205,0.713321026805205,,,,1.0
13,hexane_gsolv_eV,209,1.0,0.0,0.713321026805205,0.713321026805205,,,,1.0
13,hexane_gsolv_eV,210,1.0,0.0,0.713321026805205,0.713321026805205,,,,1.0
13,hexane_gsolv_eV,211,1.0,0.0,0.713321026805205,0.713321026805205,,,,1.0
13,hexane_gsolv_eV,212,1.0,0.0,0.713321026805205,0.713321026805205,,,,1.0
13,hexane_gsolv_eV,213,1.0,0.0,0.713321026805205,0.713321026805205,,,,1.0
13,hexane_gsolv_eV,214,1.0,0.0,0.713321026805205,0.713321026805205,,,,1.0
13,hexane_gsolv_eV,215,1.0,0.0,0.713321026805205,0.713321026805205,,,,1.0
13,hexane_gsolv_eV,216,1.0,0.0,0.713321026805205,0.713321026805205,,,,1.0
13,hexane_gsolv_eV,217,1.0,0.0,0.713321026805205,0.713321026805205,,,,1.0
13,hexane_gsolv_eV,218,1.0,0.0,0.713321026805205,0.713321026805205,,,,1.0
13,hexane_gsolv_eV,219,1.0,0.0,0.713321026805205,0.713321026805205,,,,1.0
13,hexane_gsolv_eV,220,1.0,0.0,0.713321026805205,0.713321026805205,,,,1.0
13,hexane_gsolv_eV,221,1.0,0.0,0.713321026805205,0.713321026805205,,,,1.0
13,hexane_gsolv_eV,222,1.0,0.0,0.713321026805205,0.713321026805205,,,,1.0
13,hexane_gsolv_eV,223,1.0,0.0,0.713321026805205,0.713321026805205,,,,1.0
13,hexane_gsolv_eV,224,1.0,0.0,0.713321026805205,0.713321026805205,,,,1.0
13,hexane_gsolv_eV,225,1.0,0.0,0.713321026805205,0.713321026805205,,,,1.0
13,hexane_gsolv_eV,226,1.0,0.0,0.713321026805205,0.713321026805205,,,,1.0
13,hexane_gsolv_eV,227,1.0,0.0,0.713321026805205,0.713321026805205,,,,1.0
13,hexane_gsolv_eV,228,1.0,0.0,0.713321026805205,0.713321026805205,,,,1.0
13,hexane_gsolv_eV,229,1.0,0.0,0.713321026805205,0.713321026805205,,,,1.0
13,hexane_gsolv_eV,230,1.0,0.0,0.713321026805205,0.713321026805205,,,,1.0
13,hexane_gsolv_eV,231,1.0,0.0,0.713321026805205,0.713321026805205,,,,1.0
13,hexane_gsolv_eV,232,1.0,0.0,0.713321026805205,0.713321026805205,,,,1.0
13,hexane_gsolv_eV,233,1.0,0.0,0.713321026805205,0.713321026805205,,,,1.0
13,hexane_gsolv_eV,234,1.0,0.0,0.713321026805205,0.713321026805205,,,,1.0
13,hexane_gsolv_eV,235,1.0,0.0,0.713321026805205,0.713321026805205,,,,1.0
13,hexane_gsolv_eV,236,1.0,0.0,0.713321026805205,0.713321026805205,,,,1.0
13,hexane_gsolv_eV,237,1.0,0.0,0.713321026805205,0.713321026805205,,,,1.0
13,hexane_gsolv_eV,238,1.0,0.0,0.713321026805205,0.713321026805205,,,,1.0
13,hexane_gsolv_eV,239,1.0,0.0,0.713321026805205,0.713321026805205,,,,1.0
13,hexane_gsolv_eV,240,1.0,0.0,0.713321026805205,0.713321026805205,,,,1.0
13,hexane_gsolv_eV,241,1.0,0.0,0.713321026805205,0.713321026805205,,,,1.0
13,hexane_gsolv_eV,242,1.0,0.0,0.713321026805205,0.713321026805205,,,,1.0
13,hexane_gsolv_eV,243,1.0,0.0,0.713321026805205,0.713321026805205,,,,1.0
13,hexane_gsolv_eV,244,1.0,0.0,0.713321026805205,0.713321026805205,,,,1.0
13,hexane_gsolv_eV,245,1.0,0.0,0.713321026805205,0.713321026805205,,,,1.0
13,hexane_gsolv_eV,246,1.0,0.0,0.713321026805205,0.713321026805205,,,,1.0
13,hexane_gsolv_eV,247,1.0,0.0,0.713321026805205,0.713321026805205,,,,1.0
13,hexane_gsolv_eV,248,1.0,0.0,0.713321026805205,0.713321026805205,,,,1.0
13,hexane_gsolv_eV,249,1.0,0.0,0.713321026805205,0.713321026805205,,,,1.0
13,hexane_hl_gap_eV,0,1.0,0.0,0.699505700208181,0.699505700208181,,,,1.0
13,hexane_hl_gap_eV,1,1.0,0.0,0.699505700208181,0.699505700208181,,,,1.0
13,hexane_hl_gap_eV,2,1.0,0.0,0.699505700208181,0.699505700208181,,,,1.0
13,hexane_hl_gap_eV,3,1.0,0.0,0.699505700208181,0.699505700208181,,,,1.0
13,hexane_hl_gap_eV,4,1.0,0.0,0.699505700208181,0.699505700208181,,,,1.0
13,hexane_hl_gap_eV,5,1.0,0.0,0.699505700208181,0.699505700208181,,,,1.0
13,hexane_hl_gap_eV,6,1.0,0.0,0.699505700208181,0.699505700208181,,,,1.0
13,hexane_hl_gap_eV,7,1.0,0.0,0.699505700208181,0.699505700208181,,,,1.0
13,hexane_hl_gap_eV,8,1.0,0.0,0.699505700208181,0.699505700208181,,,,1.0
13,hexane_hl_gap_eV,9,1.0,0.0,0.699505700208181,0.699505700208181,,,,1.0
13,hexane_hl_gap_eV,10,1.0,0.0,0.699505700208181,0.699505700208181,,,,1.0
13,hexane_hl_gap_eV,11,1.0,0.0,0.699505700208181,0.699505700208181,,,,1.0
13,hexane_hl_gap_eV,12,1.0,0.0,0.699505700208181,0.699505700208181,,,,1.0
13,hexane_hl_gap_eV,13,1.0,0.0,0.699505700208181,0.699505700208181,,,,1.0
13,hexane_hl_gap_eV,14,1.0,0.0,0.699505700208181,0.699505700208181,,,,1.0
13,hexane_hl_gap_eV,15,1.0,0.0,0.699505700208181,0.699505700208181,,,,1.0
13,hexane_hl_gap_eV,16,1.0,0.0,0.699505700208181,0.699505700208181,,,,1.0
13,hexane_hl_gap_eV,17,1.0,0.0,0.699505700208181,0.699505700208181,,,,1.0
13,hexane_hl_gap_eV,18,1.0,0.0,0.699505700208181,0.699505700208181,,,,1.0
13,hexane_hl_gap_eV,19,1.0,0.0,0.699505700208181,0.699505700208181,,,,1.0
13,hexane_hl_gap_eV,20,1.0,0.0,0.699505700208181,0.699505700208181,,,,1.0
13,hexane_hl_gap_eV,21,1.0,0.0,0.699505700208181,0.699505700208181,,,,1.0
13,hexane_hl_gap_eV,22,1.0,0.0,0.699505700208181,0.699505700208181,,,,1.0
13,hexane_hl_gap_eV,23,1.0,0.0,0.699505700208181,0.699505700208181,,,,1.0
13,hexane_hl_gap_eV,24,1.0,0.0,0.699505700208181,0.699505700208181,,,,1.0
13,hexane_hl_gap_eV,25,1.0,0.0,0.699505700208181,0.699505700208181,,,,1.0
13,hexane_hl_gap_eV,26,1.0,0.0,0.699505700208181,0.699505700208181,,,,1.0
13,hexane_hl_gap_eV,27,1.0,0.0,0.699505700208181,0.699505700208181,,,,1.0
13,hexane_hl_gap_eV,28,1.0,0.0,0.699505700208181,0.699505700208181,,,,1.0
13,hexane_hl_gap_eV,29,1.0,0.0,0.699505700208181,0.699505700208181,,,,1.0
13,hexane_hl_gap_eV,30,1.0,0.0,0.699505700208181,0.699505700208181,,,,1.0
13,hexane_hl_gap_eV,31,1.0,0.0,0.699505700208181,0.699505700208181,,,,1.0
13,hexane_hl_gap_eV,32,1.0,0.0,0.699505700208181,0.699505700208181,,,,1.0
13,hexane_hl_gap_eV,33,1.0,0.0,0.699505700208181,0.699505700208181,,,,1.0
13,hexane_hl_gap_eV,34,1.0,0.0,0.699505700208181,0.699505700208181,,,,1.0
13,hexane_hl_gap_eV,35,1.0,0.0,0.699505700208181,0.699505700208181,,,,1.0
13,hexane_hl_gap_eV,36,1.0,0.0,0.699505700208181,0.699505700208181,,,,1.0
13,hexane_hl_gap_eV,37,1.0,0.0,0.699505700208181,0.699505700208181,,,,1.0
13,hexane_hl_gap_eV,38,1.0,0.0,0.699505700208181,0.699505700208181,,,,1.0
13,hexane_hl_gap_eV,39,1.0,0.0,0.699505700208181,0.699505700208181,,,,1.0
13,hexane_hl_gap_eV,40,1.0,0.0,0.699505700208181,0.699505700208181,,,,1.0
13,hexane_hl_gap_eV,41,1.0,0.0,0.699505700208181,0.699505700208181,,,,1.0
13,hexane_hl_gap_eV,42,1.0,0.0,0.699505700208181,0.699505700208181,,,,1.0
13,hexane_hl_gap_eV,43,1.0,0.0,0.699505700208181,0.699505700208181,,,,1.0
13,hexane_hl_gap_eV,44,1.0,0.0,0.699505700208181,0.699505700208181,,,,1.0
13,hexane_hl_gap_eV,45,1.0,0.0,0.699505700208181,0.699505700208181,,,,1.0
13,hexane_hl_gap_eV,46,1.0,0.0,0.699505700208181,0.699505700208181,,,,1.0
13,hexane_hl_gap_eV,47,1.0,0.0,0.699505700208181,0.699505700208181,,,,1.0
13,hexane_hl_gap_eV,48,1.0,0.0,0.699505700208181,0.699505700208181,,,,1.0
13,hexane_hl_gap_eV,49,1.0,0.0,0.699505700208181,0.699505700208181,,,,1.0
13,hexane_hl_gap_eV,50,1.0,0.0,0.699505700208181,0.699505700208181,,,,1.0
13,hexane_hl_gap_eV,51,1.0,0.0,0.699505700208181,0.699505700208181,,,,1.0
13,hexane_hl_gap_eV,52,1.0,0.0,0.699505700208181,0.699505700208181,,,,1.0
13,hexane_hl_gap_eV,53,1.0,0.0,0.699505700208181,0.699505700208181,,,,1.0
13,hexane_hl_gap_eV,54,1.0,0.0,0.699505700208181,0.699505700208181,,,,1.0
13,hexane_hl_gap_eV,55,1.0,0.0,0.699505700208181,0.699505700208181,,,,1.0
13,hexane_hl_gap_eV,56,1.0,0.0,0.699505700208181,0.699505700208181,,,,1.0
13,hexane_hl_gap_eV,57,1.0,0.0,0.699505700208181,0.699505700208181,,,,1.0
13,hexane_hl_gap_eV,58,1.0,0.0,0.699505700208181,0.699505700208181,,,,1.0
13,hexane_hl_gap_eV,59,1.0,0.0,0.699505700208181,0.699505700208181,,,,1.0
13,hexane_hl_gap_eV,60,1.0,0.0,0.699505700208181,0.699505700208181,,,,1.0
13,hexane_hl_gap_eV,61,1.0,0.0,0.699505700208181,0.699505700208181,,,,1.0
13,hexane_hl_gap_eV,62,1.0,0.0,0.699505700208181,0.699505700208181,,,,1.0
13,hexane_hl_gap_eV,63,1.0,0.0,0.699505700208181,0.699505700208181,,,,1.0
13,hexane_hl_gap_eV,64,1.0,0.0,0.699505700208181,0.699505700208181,,,,1.0
13,hexane_hl_gap_eV,65,1.0,0.0,0.699505700208181,0.699505700208181,,,,1.0
13,hexane_hl_gap_eV,66,1.0,0.0,0.699505700208181,0.699505700208181,,,,1.0
13,hexane_hl_gap_eV,67,1.0,0.0,0.699505700208181,0.699505700208181,,,,1.0
13,hexane_hl_gap_eV,68,1.0,0.0,0.699505700208181,0.699505700208181,,,,1.0
13,hexane_hl_gap_eV,69,1.0,0.0,0.699505700208181,0.699505700208181,,,,1.0
13,hexane_hl_gap_eV,70,1.0,0.0,0.699505700208181,0.699505700208181,,,,1.0
13,hexane_hl_gap_eV,71,1.0,0.0,0.699505700208181,0.699505700208181,,,,1.0
13,hexane_hl_gap_eV,72,1.0,0.0,0.699505700208181,0.699505700208181,,,,1.0
13,hexane_hl_gap_eV,73,1.0,0.0,0.699505700208181,0.699505700208181,,,,1.0
13,hexane_hl_gap_eV,74,1.0,0.0,0.699505700208181,0.699505700208181,,,,1.0
13,hexane_hl_gap_eV,75,1.0,0.0,0.699505700208181,0.699505700208181,,,,1.0
13,hexane_hl_gap_eV,76,1.0,0.0,0.699505700208181,0.699505700208181,,,,1.0
13,hexane_hl_gap_eV,77,1.0,0.0,0.699505700208181,0.699505700208181,,,,1.0
13,hexane_hl_gap_eV,78,1.0,0.0,0.699505700208181,0.699505700208181,,,,1.0
13,hexane_hl_gap_eV,79,1.0,0.0,0.699505700208181,0.699505700208181,,,,1.0
13,hexane_hl_gap_eV,80,1.0,0.0,0.699505700208181,0.699505700208181,,,,1.0
13,hexane_hl_gap_eV,81,1.0,0.0,0.699505700208181,0.699505700208181,,,,1.0
13,hexane_hl_gap_eV,82,1.0,0.0,0.699505700208181,0.699505700208181,,,,1.0
13,hexane_hl_gap_eV,83,1.0,0.0,0.699505700208181,0.699505700208181,,,,1.0
13,hexane_hl_gap_eV,84,1.0,0.0,0.699505700208181,0.699505700208181,,,,1.0
13,hexane_hl_gap_eV,85,1.0,0.0,0.699505700208181,0.699505700208181,,,,1.0
13,hexane_hl_gap_eV,86,1.0,0.0,0.699505700208181,0.699505700208181,,,,1.0
13,hexane_hl_gap_eV,87,1.0,0.0,0.699505700208181,0.699505700208181,,,,1.0
13,hexane_hl_gap_eV,88,1.0,0.0,0.699505700208181,0.699505700208181,,,,1.0
13,hexane_hl_gap_eV,89,1.0,0.0,0.699505700208181,0.699505700208181,,,,1.0
13,hexane_hl_gap_eV,90,1.0,0.0,0.699505700208181,0.699505700208181,,,,1.0
13,hexane_hl_gap_eV,91,1.0,0.0,0.699505700208181,0.699505700208181,,,,1.0
13,hexane_hl_gap_eV,92,1.0,0.0,0.699505700208181,0.699505700208181,,,,1.0
13,hexane_hl_gap_eV,93,1.0,0.0,0.699505700208181,0.699505700208181,,,,1.0
13,hexane_hl_gap_eV,94,1.0,0.0,0.699505700208181,0.699505700208181,,,,1.0
13,hexane_hl_gap_eV,95,1.0,0.0,0.699505700208181,0.699505700208181,,,,1.0
13,hexane_hl_gap_eV,96,1.0,0.0,0.699505700208181,0.699505700208181,,,,1.0
13,hexane_hl_gap_eV,97,1.0,0.0,0.699505700208181,0.699505700208181,,,,1.0
13,hexane_hl_gap_eV,98,1.0,0.0,0.699505700208181,0.699505700208181,,,,1.0
13,hexane_hl_gap_eV,99,1.0,0.0,0.699505700208181,0.699505700208181,,,,1.0
13,hexane_hl_gap_eV,100,1.0,0.0,0.699505700208181,0.699505700208181,,,,1.0
13,hexane_hl_gap_eV,101,1.0,0.0,0.699505700208181,0.699505700208181,,,,1.0
13,hexane_hl_gap_eV,102,1.0,0.0,0.699505700208181,0.699505700208181,,,,1.0
13,hexane_hl_gap_eV,103,1.0,0.0,0.699505700208181,0.699505700208181,,,,1.0
13,hexane_hl_gap_eV,104,1.0,0.0,0.699505700208181,0.699505700208181,,,,1.0
13,hexane_hl_gap_eV,105,1.0,0.0,0.699505700208181,0.699505700208181,,,,1.0
13,hexane_hl_gap_eV,106,1.0,0.0,0.699505700208181,0.699505700208181,,,,1.0
13,hexane_hl_gap_eV,107,1.0,0.0,0.699505700208181,0.699505700208181,,,,1.0
13,hexane_hl_gap_eV,108,1.0,0.0,0.699505700208181,0.699505700208181,,,,1.0
13,hexane_hl_gap_eV,109,1.0,0.0,0.699505700208181,0.699505700208181,,,,1.0
13,hexane_hl_gap_eV,110,1.0,0.0,0.699505700208181,0.699505700208181,,,,1.0
13,hexane_hl_gap_eV,111,1.0,0.0,0.699505700208181,0.699505700208181,,,,1.0
13,hexane_hl_gap_eV,112,1.0,0.0,0.699505700208181,0.699505700208181,,,,1.0
13,hexane_hl_gap_eV,113,1.0,0.0,0.699505700208181,0.699505700208181,,,,1.0
13,hexane_hl_gap_eV,114,1.0,0.0,0.699505700208181,0.699505700208181,,,,1.0
13,hexane_hl_gap_eV,115,1.0,0.0,0.699505700208181,0.699505700208181,,,,1.0
13,hexane_hl_gap_eV,116,1.0,0.0,0.699505700208181,0.699505700208181,,,,1.0
13,hexane_hl_gap_eV,117,1.0,0.0,0.699505700208181,0.699505700208181,,,,1.0
13,hexane_hl_gap_eV,118,1.0,0.0,0.699505700208181,0.699505700208181,,,,1.0
13,hexane_hl_gap_eV,119,1.0,0.0,0.699505700208181,0.699505700208181,,,,1.0
13,hexane_hl_gap_eV,120,1.0,0.0,0.699505700208181,0.699505700208181,,,,1.0
13,hexane_hl_gap_eV,121,1.0,0.0,0.699505700208181,0.699505700208181,,,,1.0
13,hexane_hl_gap_eV,122,1.0,0.0,0.699505700208181,0.699505700208181,,,,1.0
13,hexane_hl_gap_eV,123,1.0,0.0,0.699505700208181,0.699505700208181,,,,1.0
13,hexane_hl_gap_eV,124,1.0,0.0,0.699505700208181,0.699505700208181,,,,1.0
13,hexane_hl_gap_eV,125,1.0,0.0,0.699505700208181,0.699505700208181,,,,1.0
13,hexane_hl_gap_eV,126,1.0,0.0,0.699505700208181,0.699505700208181,,,,1.0
13,hexane_hl_gap_eV,127,1.0,0.0,0.699505700208181,0.699505700208181,,,,1.0
13,hexane_hl_gap_eV,128,1.0,0.0,0.699505700208181,0.699505700208181,,,,1.0
13,hexane_hl_gap_eV,129,1.0,0.0,0.699505700208181,0.699505700208181,,,,1.0
13,hexane_hl_gap_eV,130,1.0,0.0,0.699505700208181,0.699505700208181,,,,1.0
13,hexane_hl_gap_eV,131,1.0,0.0,0.699505700208181,0.699505700208181,,,,1.0
13,hexane_hl_gap_eV,132,1.0,0.0,0.699505700208181,0.699505700208181,,,,1.0
13,hexane_hl_gap_eV,133,1.0,0.0,0.699505700208181,0.699505700208181,,,,1.0
13,hexane_hl_gap_eV,134,1.0,0.0,0.699505700208181,0.699505700208181,,,,1.0
13,hexane_hl_gap_eV,135,1.0,0.0,0.699505700208181,0.699505700208181,,,,1.0
13,hexane_hl_gap_eV,136,1.0,0.0,0.699505700208181,0.699505700208181,,,,1.0
13,hexane_hl_gap_eV,137,1.0,0.0,0.699505700208181,0.699505700208181,,,,1.0
13,hexane_hl_gap_eV,138,1.0,0.0,0.699505700208181,0.699505700208181,,,,1.0
13,hexane_hl_gap_eV,139,1.0,0.0,0.699505700208181,0.699505700208181,,,,1.0
13,hexane_hl_gap_eV,140,1.0,0.0,0.699505700208181,0.699505700208181,,,,1.0
13,hexane_hl_gap_eV,141,1.0,0.0,0.699505700208181,0.699505700208181,,,,1.0
13,hexane_hl_gap_eV,142,1.0,0.0,0.699505700208181,0.699505700208181,,,,1.0
13,hexane_hl_gap_eV,143,1.0,0.0,0.699505700208181,0.699505700208181,,,,1.0
13,hexane_hl_gap_eV,144,1.0,0.0,0.699505700208181,0.699505700208181,,,,1.0
13,hexane_hl_gap_eV,145,1.0,0.0,0.699505700208181,0.699505700208181,,,,1.0
13,hexane_hl_gap_eV,146,1.0,0.0,0.699505700208181,0.699505700208181,,,,1.0
13,hexane_hl_gap_eV,147,1.0,0.0,0.699505700208181,0.699505700208181,,,,1.0
13,hexane_hl_gap_eV,148,1.0,0.0,0.699505700208181,0.699505700208181,,,,1.0
13,hexane_hl_gap_eV,149,1.0,0.0,0.699505700208181,0.699505700208181,,,,1.0
13,hexane_hl_gap_eV,150,1.0,0.0,0.699505700208181,0.699505700208181,,,,1.0
13,hexane_hl_gap_eV,151,1.0,0.0,0.699505700208181,0.699505700208181,,,,1.0
13,hexane_hl_gap_eV,152,1.0,0.0,0.699505700208181,0.699505700208181,,,,1.0
13,hexane_hl_gap_eV,153,1.0,0.0,0.699505700208181,0.699505700208181,,,,1.0
13,hexane_hl_gap_eV,154,1.0,0.0,0.699505700208181,0.699505700208181,,,,1.0
13,hexane_hl_gap_eV,155,1.0,0.0,0.699505700208181,0.699505700208181,,,,1.0
13,hexane_hl_gap_eV,156,1.0,0.0,0.699505700208181,0.699505700208181,,,,1.0
13,hexane_hl_gap_eV,157,1.0,0.0,0.699505700208181,0.699505700208181,,,,1.0
13,hexane_hl_gap_eV,158,1.0,0.0,0.699505700208181,0.699505700208181,,,,1.0
13,hexane_hl_gap_eV,159,1.0,0.0,0.699505700208181,0.699505700208181,,,,1.0
13,hexane_hl_gap_eV,160,1.0,0.0,0.699505700208181,0.699505700208181,,,,1.0
13,hexane_hl_gap_eV,161,1.0,0.0,0.699505700208181,0.699505700208181,,,,1.0
13,hexane_hl_gap_eV,162,1.0,0.0,0.699505700208181,0.699505700208181,,,,1.0
13,hexane_hl_gap_eV,163,1.0,0.0,0.699505700208181,0.699505700208181,,,,1.0
13,hexane_hl_gap_eV,164,1.0,0.0,0.699505700208181,0.699505700208181,,,,1.0
13,hexane_hl_gap_eV,165,1.0,0.0,0.699505700208181,0.699505700208181,,,,1.0
13,hexane_hl_gap_eV,166,1.0,0.0,0.699505700208181,0.699505700208181,,,,1.0
13,hexane_hl_gap_eV,167,1.0,0.0,0.699505700208181,0.699505700208181,,,,1.0
13,hexane_hl_gap_eV,168,1.0,0.0,0.699505700208181,0.699505700208181,,,,1.0
13,hexane_hl_gap_eV,169,1.0,0.0,0.699505700208181,0.699505700208181,,,,1.0
13,hexane_hl_gap_eV,170,1.0,0.0,0.699505700208181,0.699505700208181,,,,1.0
13,hexane_hl_gap_eV,171,1.0,0.0,0.699505700208181,0.699505700208181,,,,1.0
13,hexane_hl_gap_eV,172,1.0,0.0,0.699505700208181,0.699505700208181,,,,1.0
13,hexane_hl_gap_eV,173,1.0,0.0,0.699505700208181,0.699505700208181,,,,1.0
13,hexane_hl_gap_eV,174,1.0,0.0,0.699505700208181,0.699505700208181,,,,1.0
13,hexane_hl_gap_eV,175,1.0,0.0,0.699505700208181,0.699505700208181,,,,1.0
13,hexane_hl_gap_eV,176,1.0,0.0,0.699505700208181,0.699505700208181,,,,1.0
13,hexane_hl_gap_eV,177,1.0,0.0,0.699505700208181,0.699505700208181,,,,1.0
13,hexane_hl_gap_eV,178,1.0,0.0,0.699505700208181,0.699505700208181,,,,1.0
13,hexane_hl_gap_eV,179,1.0,0.0,0.699505700208181,0.699505700208181,,,,1.0
13,hexane_hl_gap_eV,180,1.0,0.0,0.699505700208181,0.699505700208181,,,,1.0
13,hexane_hl_gap_eV,181,1.0,0.0,0.699505700208181,0.699505700208181,,,,1.0
13,hexane_hl_gap_eV,182,1.0,0.0,0.699505700208181,0.699505700208181,,,,1.0
13,hexane_hl_gap_eV,183,1.0,0.0,0.699505700208181,0.699505700208181,,,,1.0
13,hexane_hl_gap_eV,184,1.0,0.0,0.699505700208181,0.699505700208181,,,,1.0
13,hexane_hl_gap_eV,185,1.0,0.0,0.699505700208181,0.699505700208181,,,,1.0
13,hexane_hl_gap_eV,186,1.0,0.0,0.699505700208181,0.699505700208181,,,,1.0
13,hexane_hl_gap_eV,187,1.0,0.0,0.699505700208181,0.699505700208181,,,,1.0
13,hexane_hl_gap_eV,188,1.0,0.0,0.699505700208181,0.699505700208181,,,,1.0
13,hexane_hl_gap_eV,189,1.0,0.0,0.699505700208181,0.699505700208181,,,,1.0
13,hexane_hl_gap_eV,190,1.0,0.0,0.699505700208181,0.699505700208181,,,,1.0
13,hexane_hl_gap_eV,191,1.0,0.0,0.699505700208181,0.699505700208181,,,,1.0
13,hexane_hl_gap_eV,192,1.0,0.0,0.699505700208181,0.699505700208181,,,,1.0
13,hexane_hl_gap_eV,193,1.0,0.0,0.699505700208181,0.699505700208181,,,,1.0
13,hexane_hl_gap_eV,194,1.0,0.0,0.699505700208181,0.699505700208181,,,,1.0
13,hexane_hl_gap_eV,195,1.0,0.0,0.699505700208181,0.699505700208181,,,,1.0
13,hexane_hl_gap_eV,196,1.0,0.0,0.699505700208181,0.699505700208181,,,,1.0
13,hexane_hl_gap_eV,197,1.0,0.0,0.699505700208181,0.699505700208181,,,,1.0
13,hexane_hl_gap_eV,198,1.0,0.0,0.699505700208181,0.699505700208181,,,,1.0
13,hexane_hl_gap_eV,199,1.0,0.0,0.699505700208181,0.699505700208181,,,,1.0
13,hexane_hl_gap_eV,200,1.0,0.0,0.699505700208181,0.699505700208181,,,,1.0
13,hexane_hl_gap_eV,201,1.0,0.0,0.699505700208181,0.699505700208181,,,,1.0
13,hexane_hl_gap_eV,202,1.0,0.0,0.699505700208181,0.699505700208181,,,,1.0
13,hexane_hl_gap_eV,203,1.0,0.0,0.699505700208181,0.699505700208181,,,,1.0
13,hexane_hl_gap_eV,204,1.0,0.0,0.699505700208181,0.699505700208181,,,,1.0
13,hexane_hl_gap_eV,205,1.0,0.0,0.699505700208181,0.699505700208181,,,,1.0
13,hexane_hl_gap_eV,206,1.0,0.0,0.699505700208181,0.699505700208181,,,,1.0
13,hexane_hl_gap_eV,207,1.0,0.0,0.699505700208181,0.699505700208181,,,,1.0
13,hexane_hl_gap_eV,208,1.0,0.0,0.699505700208181,0.699505700208181,,,,1.0
13,hexane_hl_gap_eV,209,1.0,0.0,0.699505700208181,0.699505700208181,,,,1.0
13,hexane_hl_gap_eV,210,1.0,0.0,0.699505700208181,0.699505700208181,,,,1.0
13,hexane_hl_gap_eV,211,1.0,0.0,0.699505700208181,0.699505700208181,,,,1.0
13,hexane_hl_gap_eV,212,1.0,0.0,0.699505700208181,0.699505700208181,,,,1.0
13,hexane_hl_gap_eV,213,1.0,0.0,0.699505700208181,0.699505700208181,,,,1.0
13,hexane_hl_gap_eV,214,1.0,0.0,0.699505700208181,0.699505700208181,,,,1.0
13,hexane_hl_gap_eV,215,1.0,0.0,0.699505700208181,0.699505700208181,,,,1.0
13,hexane_hl_gap_eV,216,1.0,0.0,0.699505700208181,0.699505700208181,,,,1.0
13,hexane_hl_gap_eV,217,1.0,0.0,0.699505700208181,0.699505700208181,,,,1.0
13,hexane_hl_gap_eV,218,1.0,0.0,0.699505700208181,0.699505700208181,,,,1.0
13,hexane_hl_gap_eV,219,1.0,0.0,0.699505700208181,0.699505700208181,,,,1.0
13,hexane_hl_gap_eV,220,1.0,0.0,0.699505700208181,0.699505700208181,,,,1.0
13,hexane_hl_gap_eV,221,1.0,0.0,0.699505700208181,0.699505700208181,,,,1.0
13,hexane_hl_gap_eV,222,1.0,0.0,0.699505700208181,0.699505700208181,,,,1.0
13,hexane_hl_gap_eV,223,1.0,0.0,0.699505700208181,0.699505700208181,,,,1.0
13,hexane_hl_gap_eV,224,1.0,0.0,0.699505700208181,0.699505700208181,,,,1.0
13,hexane_hl_gap_eV,225,1.0,0.0,0.699505700208181,0.699505700208181,,,,1.0
13,hexane_hl_gap_eV,226,1.0,0.0,0.699505700208181,0.699505700208181,,,,1.0
13,hexane_hl_gap_eV,227,1.0,0.0,0.699505700208181,0.699505700208181,,,,1.0
13,hexane_hl_gap_eV,228,1.0,0.0,0.699505700208181,0.699505700208181,,,,1.0
13,hexane_hl_gap_eV,229,1.0,0.0,0.699505700208181,0.699505700208181,,,,1.0
13,hexane_hl_gap_eV,230,1.0,0.0,0.699505700208181,0.699505700208181,,,,1.0
13,hexane_hl_gap_eV,231,1.0,0.0,0.699505700208181,0.699505700208181,,,,1.0
13,hexane_hl_gap_eV,232,1.0,0.0,0.699505700208181,0.699505700208181,,,,1.0
13,hexane_hl_gap_eV,233,1.0,0.0,0.699505700208181,0.699505700208181,,,,1.0
13,hexane_hl_gap_eV,234,1.0,0.0,0.699505700208181,0.699505700208181,,,,1.0
13,hexane_hl_gap_eV,235,1.0,0.0,0.699505700208181,0.699505700208181,,,,1.0
13,hexane_hl_gap_eV,236,1.0,0.0,0.699505700208181,0.699505700208181,,,,1.0
13,hexane_hl_gap_eV,237,1.0,0.0,0.699505700208181,0.699505700208181,,,,1.0
13,hexane_hl_gap_eV,238,1.0,0.0,0.699505700208181,0.699505700208181,,,,1.0
13,hexane_hl_gap_eV,239,1.0,0.0,0.699505700208181,0.699505700208181,,,,1.0
13,hexane_hl_gap_eV,240,1.0,0.0,0.699505700208181,0.699505700208181,,,,1.0
13,hexane_hl_gap_eV,241,1.0,0.0,0.699505700208181,0.699505700208181,,,,1.0
13,hexane_hl_gap_eV,242,1.0,0.0,0.699505700208181,0.699505700208181,,,,1.0
13,hexane_hl_gap_eV,243,1.0,0.0,0.699505700208181,0.699505700208181,,,,1.0
13,hexane_hl_gap_eV,244,1.0,0.0,0.699505700208181,0.699505700208181,,,,1.0
13,hexane_hl_gap_eV,245,1.0,0.0,0.699505700208181,0.699505700208181,,,,1.0
13,hexane_hl_gap_eV,246,1.0,0.0,0.699505700208181,0.699505700208181,,,,1.0
13,hexane_hl_gap_eV,247,1.0,0.0,0.699505700208181,0.699505700208181,,,,1.0
13,hexane_hl_gap_eV,248,1.0,0.0,0.699505700208181,0.699505700208181,,,,1.0
13,hexane_hl_gap_eV,249,1.0,0.0,0.699505700208181,0.699505700208181,,,,1.0
13,hexane_dipole,0,1.0000001192092896,0.0,0.6126714894589764,0.6126714894589764,,,,1.0
13,hexane_dipole,1,1.0000001192092896,0.0,0.6126714894589764,0.6126714894589764,,,,1.0
13,hexane_dipole,2,1.0000001192092896,0.0,0.6126714894589764,0.6126714894589764,,,,1.0
13,hexane_dipole,3,1.0000001192092896,0.0,0.6126714894589764,0.6126714894589764,,,,1.0
13,hexane_dipole,4,1.0000001192092896,0.0,0.6126714894589764,0.6126714894589764,,,,1.0
13,hexane_dipole,5,1.0000001192092896,0.0,0.6126714894589764,0.6126714894589764,,,,1.0
13,hexane_dipole,6,1.0000001192092896,0.0,0.6126714894589764,0.6126714894589764,,,,1.0
13,hexane_dipole,7,1.0000001192092896,0.0,0.6126714894589764,0.6126714894589764,,,,1.0
13,hexane_dipole,8,1.0000001192092896,0.0,0.6126714894589764,0.6126714894589764,,,,1.0
13,hexane_dipole,9,1.0000001192092896,0.0,0.6126714894589764,0.6126714894589764,,,,1.0
13,hexane_dipole,10,1.0000001192092896,0.0,0.6126714894589764,0.6126714894589764,,,,1.0
13,hexane_dipole,11,1.0000001192092896,0.0,0.6126714894589764,0.6126714894589764,,,,1.0
13,hexane_dipole,12,1.0000001192092896,0.0,0.6126714894589764,0.6126714894589764,,,,1.0
13,hexane_dipole,13,1.0000001192092896,0.0,0.6126714894589764,0.6126714894589764,,,,1.0
13,hexane_dipole,14,1.0000001192092896,0.0,0.6126714894589764,0.6126714894589764,,,,1.0
13,hexane_dipole,15,1.0000001192092896,0.0,0.6126714894589764,0.6126714894589764,,,,1.0
13,hexane_dipole,16,1.0000001192092896,0.0,0.6126714894589764,0.6126714894589764,,,,1.0
13,hexane_dipole,17,1.0000001192092896,0.0,0.6126714894589764,0.6126714894589764,,,,1.0
13,hexane_dipole,18,1.0000001192092896,0.0,0.6126714894589764,0.6126714894589764,,,,1.0
13,hexane_dipole,19,1.0000001192092896,0.0,0.6126714894589764,0.6126714894589764,,,,1.0
13,hexane_dipole,20,1.0000001192092896,0.0,0.6126714894589764,0.6126714894589764,,,,1.0
13,hexane_dipole,21,1.0000001192092896,0.0,0.6126714894589764,0.6126714894589764,,,,1.0
13,hexane_dipole,22,1.0000001192092896,0.0,0.6126714894589764,0.6126714894589764,,,,1.0
13,hexane_dipole,23,1.0000001192092896,0.0,0.6126714894589764,0.6126714894589764,,,,1.0
13,hexane_dipole,24,1.0000001192092896,0.0,0.6126714894589764,0.6126714894589764,,,,1.0
13,hexane_dipole,25,1.0000001192092896,0.0,0.6126714894589764,0.6126714894589764,,,,1.0
13,hexane_dipole,26,1.0000001192092896,0.0,0.6126714894589764,0.6126714894589764,,,,1.0
13,hexane_dipole,27,1.0000001192092896,0.0,0.6126714894589764,0.6126714894589764,,,,1.0
13,hexane_dipole,28,1.0000001192092896,0.0,0.6126714894589764,0.6126714894589764,,,,1.0
13,hexane_dipole,29,1.0000001192092896,0.0,0.6126714894589764,0.6126714894589764,,,,1.0
13,hexane_dipole,30,1.0000001192092896,0.0,0.6126714894589764,0.6126714894589764,,,,1.0
13,hexane_dipole,31,1.0000001192092896,0.0,0.6126714894589764,0.6126714894589764,,,,1.0
13,hexane_dipole,32,1.0000001192092896,0.0,0.6126714894589764,0.6126714894589764,,,,1.0
13,hexane_dipole,33,1.0000001192092896,0.0,0.6126714894589764,0.6126714894589764,,,,1.0
13,hexane_dipole,34,1.0000001192092896,0.0,0.6126714894589764,0.6126714894589764,,,,1.0
13,hexane_dipole,35,1.0000001192092896,0.0,0.6126714894589764,0.6126714894589764,,,,1.0
13,hexane_dipole,36,1.0000001192092896,0.0,0.6126714894589764,0.6126714894589764,,,,1.0
13,hexane_dipole,37,1.0000001192092896,0.0,0.6126714894589764,0.6126714894589764,,,,1.0
13,hexane_dipole,38,1.0000001192092896,0.0,0.6126714894589764,0.6126714894589764,,,,1.0
13,hexane_dipole,39,1.0000001192092896,0.0,0.6126714894589764,0.6126714894589764,,,,1.0
13,hexane_dipole,40,1.0000001192092896,0.0,0.6126714894589764,0.6126714894589764,,,,1.0
13,hexane_dipole,41,1.0000001192092896,0.0,0.6126714894589764,0.6126714894589764,,,,1.0
13,hexane_dipole,42,1.0000001192092896,0.0,0.6126714894589764,0.6126714894589764,,,,1.0
13,hexane_dipole,43,1.0000001192092896,0.0,0.6126714894589764,0.6126714894589764,,,,1.0
13,hexane_dipole,44,1.0000001192092896,0.0,0.6126714894589764,0.6126714894589764,,,,1.0
13,hexane_dipole,45,1.0000001192092896,0.0,0.6126714894589764,0.6126714894589764,,,,1.0
13,hexane_dipole,46,1.0000001192092896,0.0,0.6126714894589764,0.6126714894589764,,,,1.0
13,hexane_dipole,47,1.0000001192092896,0.0,0.6126714894589764,0.6126714894589764,,,,1.0
13,hexane_dipole,48,1.0000001192092896,0.0,0.6126714894589764,0.6126714894589764,,,,1.0
13,hexane_dipole,49,1.0000001192092896,0.0,0.6126714894589764,0.6126714894589764,,,,1.0
13,hexane_dipole,50,1.0000001192092896,0.0,0.6126714894589764,0.6126714894589764,,,,1.0
13,hexane_dipole,51,1.0000001192092896,0.0,0.6126714894589764,0.6126714894589764,,,,1.0
13,hexane_dipole,52,1.0000001192092896,0.0,0.6126714894589764,0.6126714894589764,,,,1.0
13,hexane_dipole,53,1.0000001192092896,0.0,0.6126714894589764,0.6126714894589764,,,,1.0
13,hexane_dipole,54,1.0000001192092896,0.0,0.6126714894589764,0.6126714894589764,,,,1.0
13,hexane_dipole,55,1.0000001192092896,0.0,0.6126714894589764,0.6126714894589764,,,,1.0
13,hexane_dipole,56,1.0000001192092896,0.0,0.6126714894589764,0.6126714894589764,,,,1.0
13,hexane_dipole,57,1.0000001192092896,0.0,0.6126714894589764,0.6126714894589764,,,,1.0
13,hexane_dipole,58,1.0000001192092896,0.0,0.6126714894589764,0.6126714894589764,,,,1.0
13,hexane_dipole,59,1.0000001192092896,0.0,0.6126714894589764,0.6126714894589764,,,,1.0
13,hexane_dipole,60,1.0000001192092896,0.0,0.6126714894589764,0.6126714894589764,,,,1.0
13,hexane_dipole,61,1.0000001192092896,0.0,0.6126714894589764,0.6126714894589764,,,,1.0
13,hexane_dipole,62,1.0000001192092896,0.0,0.6126714894589764,0.6126714894589764,,,,1.0
13,hexane_dipole,63,1.0000001192092896,0.0,0.6126714894589764,0.6126714894589764,,,,1.0
13,hexane_dipole,64,1.0000001192092896,0.0,0.6126714894589764,0.6126714894589764,,,,1.0
13,hexane_dipole,65,1.0000001192092896,0.0,0.6126714894589764,0.6126714894589764,,,,1.0
13,hexane_dipole,66,1.0000001192092896,0.0,0.6126714894589764,0.6126714894589764,,,,1.0
13,hexane_dipole,67,1.0000001192092896,0.0,0.6126714894589764,0.6126714894589764,,,,1.0
13,hexane_dipole,68,1.0000001192092896,0.0,0.6126714894589764,0.6126714894589764,,,,1.0
13,hexane_dipole,69,1.0000001192092896,0.0,0.6126714894589764,0.6126714894589764,,,,1.0
13,hexane_dipole,70,1.0000001192092896,0.0,0.6126714894589764,0.6126714894589764,,,,1.0
13,hexane_dipole,71,1.0000001192092896,0.0,0.6126714894589764,0.6126714894589764,,,,1.0
13,hexane_dipole,72,1.0000001192092896,0.0,0.6126714894589764,0.6126714894589764,,,,1.0
13,hexane_dipole,73,1.0000001192092896,0.0,0.6126714894589764,0.6126714894589764,,,,1.0
13,hexane_dipole,74,1.0000001192092896,0.0,0.6126714894589764,0.6126714894589764,,,,1.0
13,hexane_dipole,75,1.0000001192092896,0.0,0.6126714894589764,0.6126714894589764,,,,1.0
13,hexane_dipole,76,1.0000001192092896,0.0,0.6126714894589764,0.6126714894589764,,,,1.0
13,hexane_dipole,77,1.0000001192092896,0.0,0.6126714894589764,0.6126714894589764,,,,1.0
13,hexane_dipole,78,1.0000001192092896,0.0,0.6126714894589764,0.6126714894589764,,,,1.0
13,hexane_dipole,79,1.0000001192092896,0.0,0.6126714894589764,0.6126714894589764,,,,1.0
13,hexane_dipole,80,1.0000001192092896,0.0,0.6126714894589764,0.6126714894589764,,,,1.0
13,hexane_dipole,81,1.0000001192092896,0.0,0.6126714894589764,0.6126714894589764,,,,1.0
13,hexane_dipole,82,1.0000001192092896,0.0,0.6126714894589764,0.6126714894589764,,,,1.0
13,hexane_dipole,83,1.0000001192092896,0.0,0.6126714894589764,0.6126714894589764,,,,1.0
13,hexane_dipole,84,1.0000001192092896,0.0,0.6126714894589764,0.6126714894589764,,,,1.0
13,hexane_dipole,85,1.0000001192092896,0.0,0.6126714894589764,0.6126714894589764,,,,1.0
13,hexane_dipole,86,1.0000001192092896,0.0,0.6126714894589764,0.6126714894589764,,,,1.0
13,hexane_dipole,87,1.0000001192092896,0.0,0.6126714894589764,0.6126714894589764,,,,1.0
13,hexane_dipole,88,1.0000001192092896,0.0,0.6126714894589764,0.6126714894589764,,,,1.0
13,hexane_dipole,89,1.0000001192092896,0.0,0.6126714894589764,0.6126714894589764,,,,1.0
13,hexane_dipole,90,1.0000001192092896,0.0,0.6126714894589764,0.6126714894589764,,,,1.0
13,hexane_dipole,91,1.0000001192092896,0.0,0.6126714894589764,0.6126714894589764,,,,1.0
13,hexane_dipole,92,1.0000001192092896,0.0,0.6126714894589764,0.6126714894589764,,,,1.0
13,hexane_dipole,93,1.0000001192092896,0.0,0.6126714894589764,0.6126714894589764,,,,1.0
13,hexane_dipole,94,1.0000001192092896,0.0,0.6126714894589764,0.6126714894589764,,,,1.0
13,hexane_dipole,95,1.0000001192092896,0.0,0.6126714894589764,0.6126714894589764,,,,1.0
13,hexane_dipole,96,1.0000001192092896,0.0,0.6126714894589764,0.6126714894589764,,,,1.0
13,hexane_dipole,97,1.0000001192092896,0.0,0.6126714894589764,0.6126714894589764,,,,1.0
13,hexane_dipole,98,1.0000001192092896,0.0,0.6126714894589764,0.6126714894589764,,,,1.0
13,hexane_dipole,99,1.0000001192092896,0.0,0.6126714894589764,0.6126714894589764,,,,1.0
13,hexane_dipole,100,1.0000001192092896,0.0,0.6126714894589764,0.6126714894589764,,,,1.0
13,hexane_dipole,101,1.0000001192092896,0.0,0.6126714894589764,0.6126714894589764,,,,1.0
13,hexane_dipole,102,1.0000001192092896,0.0,0.6126714894589764,0.6126714894589764,,,,1.0
13,hexane_dipole,103,1.0000001192092896,0.0,0.6126714894589764,0.6126714894589764,,,,1.0
13,hexane_dipole,104,1.0000001192092896,0.0,0.6126714894589764,0.6126714894589764,,,,1.0
13,hexane_dipole,105,1.0000001192092896,0.0,0.6126714894589764,0.6126714894589764,,,,1.0
13,hexane_dipole,106,1.0000001192092896,0.0,0.6126714894589764,0.6126714894589764,,,,1.0
13,hexane_dipole,107,1.0000001192092896,0.0,0.6126714894589764,0.6126714894589764,,,,1.0
13,hexane_dipole,108,1.0000001192092896,0.0,0.6126714894589764,0.6126714894589764,,,,1.0
13,hexane_dipole,109,1.0000001192092896,0.0,0.6126714894589764,0.6126714894589764,,,,1.0
13,hexane_dipole,110,1.0000001192092896,0.0,0.6126714894589764,0.6126714894589764,,,,1.0
13,hexane_dipole,111,1.0000001192092896,0.0,0.6126714894589764,0.6126714894589764,,,,1.0
13,hexane_dipole,112,1.0000001192092896,0.0,0.6126714894589764,0.6126714894589764,,,,1.0
13,hexane_dipole,113,1.0000001192092896,0.0,0.6126714894589764,0.6126714894589764,,,,1.0
13,hexane_dipole,114,1.0000001192092896,0.0,0.6126714894589764,0.6126714894589764,,,,1.0
13,hexane_dipole,115,1.0000001192092896,0.0,0.6126714894589764,0.6126714894589764,,,,1.0
13,hexane_dipole,116,1.0000001192092896,0.0,0.6126714894589764,0.6126714894589764,,,,1.0
13,hexane_dipole,117,1.0000001192092896,0.0,0.6126714894589764,0.6126714894589764,,,,1.0
13,hexane_dipole,118,1.0000001192092896,0.0,0.6126714894589764,0.6126714894589764,,,,1.0
13,hexane_dipole,119,1.0000001192092896,0.0,0.6126714894589764,0.6126714894589764,,,,1.0
13,hexane_dipole,120,1.0000001192092896,0.0,0.6126714894589764,0.6126714894589764,,,,1.0
13,hexane_dipole,121,1.0000001192092896,0.0,0.6126714894589764,0.6126714894589764,,,,1.0
13,hexane_dipole,122,1.0000001192092896,0.0,0.6126714894589764,0.6126714894589764,,,,1.0
13,hexane_dipole,123,1.0000001192092896,0.0,0.6126714894589764,0.6126714894589764,,,,1.0
13,hexane_dipole,124,1.0000001192092896,0.0,0.6126714894589764,0.6126714894589764,,,,1.0
13,hexane_dipole,125,1.0000001192092896,0.0,0.6126714894589764,0.6126714894589764,,,,1.0
13,hexane_dipole,126,1.0000001192092896,0.0,0.6126714894589764,0.6126714894589764,,,,1.0
13,hexane_dipole,127,1.0000001192092896,0.0,0.6126714894589764,0.6126714894589764,,,,1.0
13,hexane_dipole,128,1.0000001192092896,0.0,0.6126714894589764,0.6126714894589764,,,,1.0
13,hexane_dipole,129,1.0000001192092896,0.0,0.6126714894589764,0.6126714894589764,,,,1.0
13,hexane_dipole,130,1.0000001192092896,0.0,0.6126714894589764,0.6126714894589764,,,,1.0
13,hexane_dipole,131,1.0000001192092896,0.0,0.6126714894589764,0.6126714894589764,,,,1.0
13,hexane_dipole,132,1.0000001192092896,0.0,0.6126714894589764,0.6126714894589764,,,,1.0
13,hexane_dipole,133,1.0000001192092896,0.0,0.6126714894589764,0.6126714894589764,,,,1.0
13,hexane_dipole,134,1.0000001192092896,0.0,0.6126714894589764,0.6126714894589764,,,,1.0
13,hexane_dipole,135,1.0000001192092896,0.0,0.6126714894589764,0.6126714894589764,,,,1.0
13,hexane_dipole,136,1.0000001192092896,0.0,0.6126714894589764,0.6126714894589764,,,,1.0
13,hexane_dipole,137,1.0000001192092896,0.0,0.6126714894589764,0.6126714894589764,,,,1.0
13,hexane_dipole,138,1.0000001192092896,0.0,0.6126714894589764,0.6126714894589764,,,,1.0
13,hexane_dipole,139,1.0000001192092896,0.0,0.6126714894589764,0.6126714894589764,,,,1.0
13,hexane_dipole,140,1.0000001192092896,0.0,0.6126714894589764,0.6126714894589764,,,,1.0
13,hexane_dipole,141,1.0000001192092896,0.0,0.6126714894589764,0.6126714894589764,,,,1.0
13,hexane_dipole,142,1.0000001192092896,0.0,0.6126714894589764,0.6126714894589764,,,,1.0
13,hexane_dipole,143,1.0000001192092896,0.0,0.6126714894589764,0.6126714894589764,,,,1.0
13,hexane_dipole,144,1.0000001192092896,0.0,0.6126714894589764,0.6126714894589764,,,,1.0
13,hexane_dipole,145,1.0000001192092896,0.0,0.6126714894589764,0.6126714894589764,,,,1.0
13,hexane_dipole,146,1.0000001192092896,0.0,0.6126714894589764,0.6126714894589764,,,,1.0
13,hexane_dipole,147,1.0000001192092896,0.0,0.6126714894589764,0.6126714894589764,,,,1.0
13,hexane_dipole,148,1.0000001192092896,0.0,0.6126714894589764,0.6126714894589764,,,,1.0
13,hexane_dipole,149,1.0000001192092896,0.0,0.6126714894589764,0.6126714894589764,,,,1.0
13,hexane_dipole,150,1.0000001192092896,0.0,0.6126714894589764,0.6126714894589764,,,,1.0
13,hexane_dipole,151,1.0000001192092896,0.0,0.6126714894589764,0.6126714894589764,,,,1.0
13,hexane_dipole,152,1.0000001192092896,0.0,0.6126714894589764,0.6126714894589764,,,,1.0
13,hexane_dipole,153,1.0000001192092896,0.0,0.6126714894589764,0.6126714894589764,,,,1.0
13,hexane_dipole,154,1.0000001192092896,0.0,0.6126714894589764,0.6126714894589764,,,,1.0
13,hexane_dipole,155,1.0000001192092896,0.0,0.6126714894589764,0.6126714894589764,,,,1.0
13,hexane_dipole,156,1.0000001192092896,0.0,0.6126714894589764,0.6126714894589764,,,,1.0
13,hexane_dipole,157,1.0000001192092896,0.0,0.6126714894589764,0.6126714894589764,,,,1.0
13,hexane_dipole,158,1.0000001192092896,0.0,0.6126714894589764,0.6126714894589764,,,,1.0
13,hexane_dipole,159,1.0000001192092896,0.0,0.6126714894589764,0.6126714894589764,,,,1.0
13,hexane_dipole,160,1.0000001192092896,0.0,0.6126714894589764,0.6126714894589764,,,,1.0
13,hexane_dipole,161,1.0000001192092896,0.0,0.6126714894589764,0.6126714894589764,,,,1.0
13,hexane_dipole,162,1.0000001192092896,0.0,0.6126714894589764,0.6126714894589764,,,,1.0
13,hexane_dipole,163,1.0000001192092896,0.0,0.6126714894589764,0.6126714894589764,,,,1.0
13,hexane_dipole,164,1.0000001192092896,0.0,0.6126714894589764,0.6126714894589764,,,,1.0
13,hexane_dipole,165,1.0000001192092896,0.0,0.6126714894589764,0.6126714894589764,,,,1.0
13,hexane_dipole,166,1.0000001192092896,0.0,0.6126714894589764,0.6126714894589764,,,,1.0
13,hexane_dipole,167,1.0000001192092896,0.0,0.6126714894589764,0.6126714894589764,,,,1.0
13,hexane_dipole,168,1.0000001192092896,0.0,0.6126714894589764,0.6126714894589764,,,,1.0
13,hexane_dipole,169,1.0000001192092896,0.0,0.6126714894589764,0.6126714894589764,,,,1.0
13,hexane_dipole,170,1.0000001192092896,0.0,0.6126714894589764,0.6126714894589764,,,,1.0
13,hexane_dipole,171,1.0000001192092896,0.0,0.6126714894589764,0.6126714894589764,,,,1.0
13,hexane_dipole,172,1.0000001192092896,0.0,0.6126714894589764,0.6126714894589764,,,,1.0
13,hexane_dipole,173,1.0000001192092896,0.0,0.6126714894589764,0.6126714894589764,,,,1.0
13,hexane_dipole,174,1.0000001192092896,0.0,0.6126714894589764,0.6126714894589764,,,,1.0
13,hexane_dipole,175,1.0000001192092896,0.0,0.6126714894589764,0.6126714894589764,,,,1.0
13,hexane_dipole,176,1.0000001192092896,0.0,0.6126714894589764,0.6126714894589764,,,,1.0
13,hexane_dipole,177,1.0000001192092896,0.0,0.6126714894589764,0.6126714894589764,,,,1.0
13,hexane_dipole,178,1.0000001192092896,0.0,0.6126714894589764,0.6126714894589764,,,,1.0
13,hexane_dipole,179,1.0000001192092896,0.0,0.6126714894589764,0.6126714894589764,,,,1.0
13,hexane_dipole,180,1.0000001192092896,0.0,0.6126714894589764,0.6126714894589764,,,,1.0
13,hexane_dipole,181,1.0000001192092896,0.0,0.6126714894589764,0.6126714894589764,,,,1.0
13,hexane_dipole,182,1.0000001192092896,0.0,0.6126714894589764,0.6126714894589764,,,,1.0
13,hexane_dipole,183,1.0000001192092896,0.0,0.6126714894589764,0.6126714894589764,,,,1.0
13,hexane_dipole,184,1.0000001192092896,0.0,0.6126714894589764,0.6126714894589764,,,,1.0
13,hexane_dipole,185,1.0000001192092896,0.0,0.6126714894589764,0.6126714894589764,,,,1.0
13,hexane_dipole,186,1.0000001192092896,0.0,0.6126714894589764,0.6126714894589764,,,,1.0
13,hexane_dipole,187,1.0000001192092896,0.0,0.6126714894589764,0.6126714894589764,,,,1.0
13,hexane_dipole,188,1.0000001192092896,0.0,0.6126714894589764,0.6126714894589764,,,,1.0
13,hexane_dipole,189,1.0000001192092896,0.0,0.6126714894589764,0.6126714894589764,,,,1.0
13,hexane_dipole,190,1.0000001192092896,0.0,0.6126714894589764,0.6126714894589764,,,,1.0
13,hexane_dipole,191,1.0000001192092896,0.0,0.6126714894589764,0.6126714894589764,,,,1.0
13,hexane_dipole,192,1.0000001192092896,0.0,0.6126714894589764,0.6126714894589764,,,,1.0
13,hexane_dipole,193,1.0000001192092896,0.0,0.6126714894589764,0.6126714894589764,,,,1.0
13,hexane_dipole,194,1.0000001192092896,0.0,0.6126714894589764,0.6126714894589764,,,,1.0
13,hexane_dipole,195,1.0000001192092896,0.0,0.6126714894589764,0.6126714894589764,,,,1.0
13,hexane_dipole,196,1.0000001192092896,0.0,0.6126714894589764,0.6126714894589764,,,,1.0
13,hexane_dipole,197,1.0000001192092896,0.0,0.6126714894589764,0.6126714894589764,,,,1.0
13,hexane_dipole,198,1.0000001192092896,0.0,0.6126714894589764,0.6126714894589764,,,,1.0
13,hexane_dipole,199,1.0000001192092896,0.0,0.6126714894589764,0.6126714894589764,,,,1.0
13,hexane_dipole,200,1.0000001192092896,0.0,0.6126714894589764,0.6126714894589764,,,,1.0
13,hexane_dipole,201,1.0000001192092896,0.0,0.6126714894589764,0.6126714894589764,,,,1.0
13,hexane_dipole,202,1.0000001192092896,0.0,0.6126714894589764,0.6126714894589764,,,,1.0
13,hexane_dipole,203,1.0000001192092896,0.0,0.6126714894589764,0.6126714894589764,,,,1.0
13,hexane_dipole,204,1.0000001192092896,0.0,0.6126714894589764,0.6126714894589764,,,,1.0
13,hexane_dipole,205,1.0000001192092896,0.0,0.6126714894589764,0.6126714894589764,,,,1.0
13,hexane_dipole,206,1.0000001192092896,0.0,0.6126714894589764,0.6126714894589764,,,,1.0
13,hexane_dipole,207,1.0000001192092896,0.0,0.6126714894589764,0.6126714894589764,,,,1.0
13,hexane_dipole,208,1.0000001192092896,0.0,0.6126714894589764,0.6126714894589764,,,,1.0
13,hexane_dipole,209,1.0000001192092896,0.0,0.6126714894589764,0.6126714894589764,,,,1.0
13,hexane_dipole,210,1.0000001192092896,0.0,0.6126714894589764,0.6126714894589764,,,,1.0
13,hexane_dipole,211,1.0000001192092896,0.0,0.6126714894589764,0.6126714894589764,,,,1.0
13,hexane_dipole,212,1.0000001192092896,0.0,0.6126714894589764,0.6126714894589764,,,,1.0
13,hexane_dipole,213,1.0000001192092896,0.0,0.6126714894589764,0.6126714894589764,,,,1.0
13,hexane_dipole,214,1.0000001192092896,0.0,0.6126714894589764,0.6126714894589764,,,,1.0
13,hexane_dipole,215,1.0000001192092896,0.0,0.6126714894589764,0.6126714894589764,,,,1.0
13,hexane_dipole,216,1.0000001192092896,0.0,0.6126714894589764,0.6126714894589764,,,,1.0
13,hexane_dipole,217,1.0000001192092896,0.0,0.6126714894589764,0.6126714894589764,,,,1.0
13,hexane_dipole,218,1.0000001192092896,0.0,0.6126714894589764,0.6126714894589764,,,,1.0
13,hexane_dipole,219,1.0000001192092896,0.0,0.6126714894589764,0.6126714894589764,,,,1.0
13,hexane_dipole,220,1.0000001192092896,0.0,0.6126714894589764,0.6126714894589764,,,,1.0
13,hexane_dipole,221,1.0000001192092896,0.0,0.6126714894589764,0.6126714894589764,,,,1.0
13,hexane_dipole,222,1.0000001192092896,0.0,0.6126714894589764,0.6126714894589764,,,,1.0
13,hexane_dipole,223,1.0000001192092896,0.0,0.6126714894589764,0.6126714894589764,,,,1.0
13,hexane_dipole,224,1.0000001192092896,0.0,0.6126714894589764,0.6126714894589764,,,,1.0
13,hexane_dipole,225,1.0000001192092896,0.0,0.6126714894589764,0.6126714894589764,,,,1.0
13,hexane_dipole,226,1.0000001192092896,0.0,0.6126714894589764,0.6126714894589764,,,,1.0
13,hexane_dipole,227,1.0000001192092896,0.0,0.6126714894589764,0.6126714894589764,,,,1.0
13,hexane_dipole,228,1.0000001192092896,0.0,0.6126714894589764,0.6126714894589764,,,,1.0
13,hexane_dipole,229,1.0000001192092896,0.0,0.6126714894589764,0.6126714894589764,,,,1.0
13,hexane_dipole,230,1.0000001192092896,0.0,0.6126714894589764,0.6126714894589764,,,,1.0
13,hexane_dipole,231,1.0000001192092896,0.0,0.6126714894589764,0.6126714894589764,,,,1.0
13,hexane_dipole,232,1.0000001192092896,0.0,0.6126714894589764,0.6126714894589764,,,,1.0
13,hexane_dipole,233,1.0000001192092896,0.0,0.6126714894589764,0.6126714894589764,,,,1.0
13,hexane_dipole,234,1.0000001192092896,0.0,0.6126714894589764,0.6126714894589764,,,,1.0
13,hexane_dipole,235,1.0000001192092896,0.0,0.6126714894589764,0.6126714894589764,,,,1.0
13,hexane_dipole,236,1.0000001192092896,0.0,0.6126714894589764,0.6126714894589764,,,,1.0
13,hexane_dipole,237,1.0000001192092896,0.0,0.6126714894589764,0.6126714894589764,,,,1.0
13,hexane_dipole,238,1.0000001192092896,0.0,0.6126714894589764,0.6126714894589764,,,,1.0
13,hexane_dipole,239,1.0000001192092896,0.0,0.6126714894589764,0.6126714894589764,,,,1.0
13,hexane_dipole,240,1.0000001192092896,0.0,0.6126714894589764,0.6126714894589764,,,,1.0
13,hexane_dipole,241,1.0000001192092896,0.0,0.6126714894589764,0.6126714894589764,,,,1.0
13,hexane_dipole,242,1.0000001192092896,0.0,0.6126714894589764,0.6126714894589764,,,,1.0
13,hexane_dipole,243,1.0000001192092896,0.0,0.6126714894589764,0.6126714894589764,,,,1.0
13,hexane_dipole,244,1.0000001192092896,0.0,0.6126714894589764,0.6126714894589764,,,,1.0
13,hexane_dipole,245,1.0000001192092896,0.0,0.6126714894589764,0.6126714894589764,,,,1.0
13,hexane_dipole,246,1.0000001192092896,0.0,0.6126714894589764,0.6126714894589764,,,,1.0
13,hexane_dipole,247,1.0000001192092896,0.0,0.6126714894589764,0.6126714894589764,,,,1.0
13,hexane_dipole,248,1.0000001192092896,0.0,0.6126714894589764,0.6126714894589764,,,,1.0
13,hexane_dipole,249,1.0000001192092896,0.0,0.6126714894589764,0.6126714894589764,,,,1.0
14,sco_kcal,0,0.23411132395267487,0.0966513454914093,0.666535607831396,0.9040529791755334,21.05484390258789,5.625638008117676,0.2671897276534175,0.02
14,sco_kcal,1,0.7209962010383606,0.013066818937659264,0.6771678102742849,0.9001892013117714,2.9124338626861572,2.491252899169922,0.8553852264553135,0.52
14,sco_kcal,2,0.7419196963310242,0.0073692756704986095,0.6697674798902484,0.9395154777238914,1.452224850654602,1.4069194793701172,0.9688027847312604,0.66
14,sco_kcal,3,0.2974116802215576,0.024294955655932426,0.6440169309782384,0.9308658828935972,4.834252834320068,0.8868997693061829,0.18346160196871958,0.18
14,sco_kcal,4,0.422505646944046,0.008946246467530727,0.6224372278012098,0.9413943605714814,1.7334694862365723,0.6450914144515991,0.37213889230442526,0.28
14,sco_kcal,5,0.11305392533540726,0.012953224591910839,0.64101231515423,0.9585028645236258,2.744858980178833,0.11610162258148193,0.04229784605324886,0.04
14,sco_kcal,6,0.1956159621477127,0.016233719885349274,0.6600630371345684,0.9471501081183451,3.5154175758361816,0.5136198997497559,0.14610494732694326,0.14
14,sco_kcal,7,0.05293385684490204,0.016179731115698814,0.6622538833905502,0.9668578230898002,3.4873759746551514,0.09178029000759125,0.026317864972005757,0.02
14,sco_kcal,8,0.7245449423789978,0.04635091498494148,0.6690304478540587,0.9234075121708603,10.098434448242188,9.91367244720459,0.9817038965807459,0.1
14,sco_kcal,9,0.5284834504127502,0.019511621445417404,0.6570457227133453,0.8969749472539004,4.129199504852295,2.057584047317505,0.4983009527390483,0.28
14,sco_kcal,10,0.5067964196205139,0.011208303272724152,0.6303559493621116,0.9266678625319016,1.9884109497070312,1.2196205854415894,0.613364448441247,0.44
14,sco_kcal,11,0.8317848443984985,0.009164152666926384,0.7097850962636569,0.9276049832198179,1.9245574474334717,2.5155773162841797,1.3070939085964273,0.74
14,sco_kcal,12,0.890350341796875,0.0138290636241436,0.691948971691799,0.9209076725337779,2.8859879970550537,4.7952961921691895,1.6615787027050872,0.72
14,sco_kcal,13,0.0920940414071083,0.020377125591039658,0.6412951781419167,0.9456034352854679,4.065115451812744,0.1686311662197113,0.04148250356444714,0.08
14,sco_kcal,14,0.19069164991378784,0.022837864235043526,0.6196459778218573,0.956182405566782,4.352176666259766,0.710248589515686,0.16319387836938828,0.1
14,sco_kcal,15,0.33736661076545715,0.013514799065887928,0.6180921394904086,0.9585848062795741,2.7489676475524902,0.20499558746814728,0.07457184432514606,0.22
14,sco_kcal,16,0.7486265301704407,0.011266026645898819,0.6982213682130805,0.91101502563531,2.386714220046997,2.4117090702056885,1.0104724939201977,0.58
14,sco_kcal,17,0.13606858253479004,0.027409976348280907,0.6295359931021931,0.9528944529998111,5.2323150634765625,0.29521694779396057,0.05642185996303641,0.12
14,sco_kcal,18,0.050664786249399185,0.030742259696125984,0.6652449988135347,0.9665650715104575,6.551251411437988,0.1118907704949379,0.017079297292664587,0.02
14,sco_kcal,19,0.40738847851753235,0.015875350683927536,0.6512414565419284,0.9436731224428225,3.4164905548095703,0.6737168431282043,0.1971955819341512,0.28
14,sco_kcal,20,0.1557474136352539,0.01922592706978321,0.6444734573696234,0.9544118480192876,3.9515416622161865,0.3302556574344635,0.08357640780870386,0.04
14,sco_kcal,21,0.0741044282913208,0.04544013738632202,0.6050285484966689,0.9535975471491329,8.136472702026367,0.06266369670629501,0.007701580156557126,0.04
14,sco_kcal,22,0.3857988119125366,0.020330501720309258,0.629544320144267,0.9240637080336369,3.9358716011047363,1.3213270902633667,0.3357139724508521,0.16
14,sco_kcal,23,0.20438329875469208,0.03716433048248291,0.6639724362867112,0.9673689995023675,8.036055564880371,0.31278184056282043,0.03892230933914363,0.16
14,sco_kcal,24,0.20766466856002808,0.011098046787083149,0.6191502986860906,0.9522498314681318,2.141434669494629,0.07131175696849823,0.03330092576923094,0.1
14,sco_kcal,25,0.6443650126457214,0.012874262407422066,0.6917363537209438,0.9308106974876353,2.8417069911956787,2.027299165725708,0.7134089376585234,0.56
14,sco_kcal,26,0.20201994478702545,0.018065201118588448,0.6597799702485898,0.9580354075157747,3.805607318878174,0.47491174936294556,0.12479263086527309,0.08
14,sco_kcal,27,0.46676701307296753,0.017245665192604065,0.6126091425924793,0.920907085326135,3.2962348461151123,0.9275280833244324,0.2813901698835572,0.46
14,sco_kcal,28,0.07108214497566223,0.02675870805978775,0.6617266730212352,0.9580741940913322,5.666344165802002,0.2081650346517563,0.036737096893635836,0.06
14,sco_kcal,29,0.11888641864061356,0.0549154058098793,0.6688820612734487,0.9256661100754764,12.116913795471191,0.8309401869773865,0.06857688360281626,0.04
14,sco_kcal,30,0.630260705947876,0.0046561709605157375,0.6476119555373778,0.9195526748782086,1.0741840600967407,0.662207305431366,0.6164747086004309,0.54
14,sco_kcal,31,0.09794652462005615,0.01626736856997013,0.6481594185582247,0.967503536490707,3.6009521484375,0.201979398727417,0.056090553387402965,0.02
14,sco_kcal,32,0.17149347066879272,0.056552954018116,0.6736308990402411,0.9303633195262346,12.493088722229004,1.3247935771942139,0.10604211709767203,0.02
14,sco_kcal,33,0.5293684601783752,0.022372951731085777,0.6696691681994971,0.9191126348391256,4.741332530975342,2.512510299682617,0.5299164914648514,0.24
14,sco_kcal,34,0.2041296809911728,0.011384192854166031,0.6574521062659824,0.9700159720282253,2.4396841526031494,0.10774122923612595,0.044161958063778775,0.18
14,sco_kcal,35,0.08987952768802643,0.014344297349452972,0.6093993557550654,0.9637503166530139,2.68066143989563,0.07551543414592743,0.02817044816702686,0.08
14,sco_kcal,36,0.3977726101875305,0.020564144477248192,0.6673528454949671,0.9354737530491839,4.5957746505737305,1.4111475944519043,0.3070532612550397,0.16
14,sco_kcal,37,0.1341019719839096,0.03592809662222862,0.6049818573538799,0.9431366137754356,6.338406562805176,0.16825644671916962,0.026545543434611223,0.12
14,sco_kcal,38,0.14262346923351288,0.011810882948338985,0.6543900802438074,0.9727615418330868,2.4888570308685303,0.14513598382472992,0.05831431135844801,0.02
14,sco_kcal,39,0.7147361636161804,0.01750803180038929,0.6599662220020073,0.9083365812212625,3.4518096446990967,3.1152119636535645,0.9024866039289156,0.5
14,sco_kcal,40,0.3137378990650177,0.019274335354566574,0.6685472646600046,0.9660510659158332,4.200634956359863,0.1765914112329483,0.04203921861041141,0.24
14,sco_kcal,41,0.23844879865646362,0.007276992779225111,0.6279849369382562,0.9683112027434064,1.4693408012390137,0.2975287139415741,0.2024912897611532,0.1
14,sco_kcal,42,0.9597533941268921,0.010350101627409458,0.6949495456870838,0.914202593264162,2.3742141723632812,6.722265720367432,2.831364498880116,0.58
14,sco_kcal,43,0.569661557674408,0.02218005806207657,0.6406665010158399,0.9147442271541131,4.264196872711182,2.3344993591308594,0.547465191879516,0.36
14,sco_kcal,44,0.471926748752594,0.01856142468750477,0.6515166068486831,0.9027042952659248,3.918673038482666,1.7273622751235962,0.4408028580492241,0.14
14,sco_kcal,45,0.14758990705013275,0.010157966054975986,0.6342264401151638,0.9605832091314339,2.1359827518463135,0.05617706477642059,0.026300336333644047,0.08
14,sco_kcal,46,0.6022690534591675,0.020743656903505325,0.698313934646386,0.9788343991321582,5.1285552978515625,0.43387821316719055,0.08460047478652505,0.66
14,sco_kcal,47,0.4985515773296356,0.014119699597358704,0.6612195387743671,0.9265625119578735,3.0302467346191406,1.3108515739440918,0.43258905585747537,0.22
14,sco_kcal,48,0.575419008731842,0.025036873295903206,0.6439642860682231,0.9077858415474389,4.845810413360596,3.0159716606140137,0.6223874653243855,0.34
14,sco_kcal,49,0.10320168733596802,0.023364339023828506,0.6495587276422983,0.9528106008019246,4.935138702392578,0.07282766699790955,0.014756964573782365,0.04
14,sco_kcal,50,0.51259845495224,0.016266226768493652,0.6661512382847814,0.9114022181484283,3.505919933319092,1.9180443286895752,0.547087316644377,0.38
14,sco_kcal,51,0.4001627266407013,0.010646957904100418,0.6613381335471737,0.9276607861635633,2.1725499629974365,0.5974327325820923,0.2749914813272339,0.24
14,sco_kcal,52,0.1371631771326065,0.0405154712498188,0.6441986506152453,0.9370858903530579,8.230713844299316,0.7332249283790588,0.08908400197716733,0.04
14,sco_kcal,53,0.17532283067703247,0.013943205587565899,0.6181110433946109,0.9632404348311363,2.613830804824829,0.09776677191257477,0.03740363444034274,0.18
14,sco_kcal,54,0.21066631376743317,0.0045147426426410675,0.6541039929547874,0.970284037910587,0.9637205600738525,0.12387458235025406,0.1285378640679423,0.08
14,sco_kcal,55,0.46847280859947205,0.007771101780235767,0.6571724761663116,0.9327776027243266,1.6088588237762451,0.7166793346405029,0.44545818691433947,0.26
14,sco_kcal,56,0.8557393550872803,0.010488803498446941,0.7228212691554872,0.9092264074635465,2.5118191242218018,3.426332473754883,1.364084077835983,0.82
14,sco_kcal,57,0.7259427905082703,0.011539754457771778,0.6824646249220363,0.8929502322033336,2.539595127105713,2.424168586730957,0.9545492353711107,0.52
14,sco_kcal,58,0.5700374841690063,0.02166866697371006,0.6340175821185776,0.9096791587861024,4.4356465339660645,2.128483772277832,0.4798587434726638,0.4
14,sco_kcal,59,0.7774962186813354,0.013160661794245243,0.6974798799804736,0.9059874030279698,3.0860886573791504,2.9405527114868164,0.9528412945803282,0.72
14,sco_kcal,60,0.16321812570095062,0.015881868079304695,0.6617893849913059,0.9400845392432458,3.450589895248413,0.30465614795684814,0.08829103347702104,0.04
14,sco_kcal,61,0.593248188495636,0.011511285789310932,0.6767599478643678,0.9295005523724451,2.5689477920532227,1.2970114946365356,0.5048804411863519,0.42
14,sco_kcal,62,0.29372259974479675,0.027271991595625877,0.6579386216491381,0.9156614726888759,5.932022571563721,1.2067989110946655,0.20343801739387943,0.04
14,sco_kcal,63,0.7728426456451416,0.008194953203201294,0.696865286686823,0.9371264874494243,1.728515863418579,1.9381853342056274,1.1213002872720959,0.66
14,sco_kcal,64,0.08495427668094635,0.030097588896751404,0.6624948631921794,0.9650417588542757,6.40495491027832,0.30432653427124023,0.04751423523417373,0.02
14,sco_kcal,65,0.3932228684425354,0.03350871056318283,0.6544885897157477,0.8835051901823057,7.26951265335083,2.536891460418701,0.34897682711224653,0.04
14,sco_kcal,66,0.45125842094421387,0.012428912334144115,0.6481665076705272,0.9315758816602562,2.508084774017334,1.13608980178833,0.45297105327448484,0.2
14,sco_kcal,67,0.1336936354637146,0.05743463337421417,0.6109889268180768,0.9402348222233206,10.584006309509277,0.8172547817230225,0.0772160142222094,0.04
14,sco_kcal,68,0.6637786626815796,0.00980626791715622,0.6939518291419358,0.9082593486653681,2.2438981533050537,1.6991322040557861,0.757223406754501,0.4
14,sco_kcal,69,0.3216167688369751,0.015814730897545815,0.6327220697713802,0.9444198499606362,3.2231364250183105,0.3409363627433777,0.10577782562878667,0.26
14,sco_kcal,70,0.18858516216278076,0.011895294301211834,0.6431119310456181,0.93940941319297,2.4759926795959473,0.13124048709869385,0.05300519996695254,0.08
14,sco_kcal,71,0.4450167119503021,0.015097948722541332,0.650321643766967,0.9264969164521977,3.2925240993499756,1.046281099319458,0.31777477331935683,0.34
14,sco_kcal,72,0.6682890057563782,0.028622405603528023,0.6745796102380248,0.9121306786184415,5.960474014282227,5.155726432800293,0.8649859760224383,0.4
14,sco_kcal,73,0.2046315222978592,0.062490314245224,0.6352581120721406,0.9769361941145602,12.56382942199707,0.02887074649333954,0.002297925697939826,0.16
14,sco_kcal,74,0.2126951664686203,0.019265687093138695,0.6590851231334893,0.944884248673066,4.112567901611328,0.2525399923324585,0.061406886980154625,0.18
14,sco_kcal,75,0.6938097476959229,0.019289322197437286,0.6390661222915748,0.9167142817994729,3.710160732269287,2.9297356605529785,0.789651950944193,0.6
14,sco_kcal,76,0.5226572155952454,0.007496836595237255,0.6709188455506909,0.9428430545684512,1.660361409187317,0.6379401087760925,0.3842176198785177,0.38
14,sco_kcal,77,0.5531556606292725,0.017184149473905563,0.6179348324439049,0.9257446616070171,2.9935624599456787,1.538924217224121,0.5140778713707034,0.46
14,sco_kcal,78,0.4465157091617584,0.015478438697755337,0.6280118946851425,0.9012769752944663,3.1399030685424805,1.1341042518615723,0.36119084796716827,0.28
14,sco_kcal,79,0.6447668075561523,0.015708835795521736,0.6683563394634797,0.9064325618895996,3.247920513153076,2.4812211990356445,0.763941478551419,0.44
14,sco_kcal,80,0.15185104310512543,0.04674484208226204,0.6080997404159973,0.9562062351145184,8.393257141113281,0.2790190875530243,0.03324324310121341,0.16
14,sco_kcal,81,0.10576818883419037,0.021333428099751472,0.6195251458771893,0.9610631160170962,3.988255739212036,0.18914581835269928,0.04742569953401961,0.04
14,sco_kcal,82,0.3378429114818573,0.011449309065937996,0.6761031850498749,0.9591943050432401,2.7168867588043213,0.2723420262336731,0.1002404775801287,0.24
14,sco_kcal,83,0.14029891788959503,0.014892549254000187,0.6585673168066482,0.9538016288195352,3.307875871658325,0.18554703891277313,0.05609250350127362,0.08
14,sco_kcal,84,0.5696966052055359,0.026289477944374084,0.6704036467113823,0.8959344881626203,5.896435737609863,4.008825302124023,0.6798726350147609,0.24
14,sco_kcal,85,0.10562190413475037,0.013691123574972153,0.630651148704968,0.9616124822360803,2.743502616882324,0.10537611693143845,0.03840933713093604,0.02
14,sco_kcal,86,0.19324712455272675,0.01668461412191391,0.607276626729133,0.9346366656643008,3.0363810062408447,0.2577427327632904,0.08488484555579068,0.1
14,sco_kcal,87,0.12317657470703125,0.1016613245010376,0.641516528506481,0.9213822504879816,20.78312873840332,3.71726655960083,0.17885981491959002,0.0
14,sco_kcal,88,0.1939239650964737,0.031258147209882736,0.6342466640701818,0.9408290579097656,6.046853065490723,0.47311028838157654,0.07824074493914994,0.14
14,sco_kcal,89,0.18222439289093018,0.007953355088829994,0.6581664316266809,0.9754127912014832,1.6966739892959595,0.25601980090141296,0.15089510566944522,0.1
14,sco_kcal,90,0.43283918499946594,0.021865833550691605,0.627416498458166,0.9273884451570338,4.130136966705322,1.5612001419067383,0.37800202620208334,0.22
14,sco_kcal,91,0.36139172315597534,0.00474261399358511,0.6380425785543993,0.9591446810186226,1.1466405391693115,0.10323449224233627,0.09003213188077663,0.2
14,sco_kcal,92,0.7343876957893372,0.011896759271621704,0.6679488973778926,0.9033424595280108,2.405261993408203,2.3545150756835938,0.9789017088933825,0.54
14,sco_kcal,93,0.4160064458847046,0.058757342398166656,0.6649867520190265,0.9095639501715924,12.473291397094727,5.188473701477051,0.4159666872438776,0.14
14,sco_kcal,94,0.061580363661050797,0.026574593037366867,0.6276911914388286,0.9583343821267474,5.019428730010986,0.12517721951007843,0.024938539073510152,0.04
14,sco_kcal,95,0.31528690457344055,0.26842087507247925,0.6666703349576544,0.9841289141304439,57.76102066040039,3.077698230743408,0.05328330759316735,0.2
14,sco_kcal,96,0.12608149647712708,0.013876158744096756,0.6056487673625235,0.9460481107754877,2.5423338413238525,0.0582059770822525,0.022894702550921988,0.04
14,sco_kcal,97,0.8106650114059448,0.02256501466035843,0.6811555683315484,0.9200401752582792,4.771524906158447,5.535280704498291,1.1600653487848487,0.7
14,sco_kcal,98,0.19606326520442963,0.031300466507673264,0.6194817209838781,0.9436854719682324,5.87718391418457,0.8743782639503479,0.1487750386439393,0.04
14,sco_kcal,99,0.2114058881998062,0.007190113887190819,0.6177876975789973,0.963600806795152,1.3951411247253418,0.10980407893657684,0.07870463925876582,0.14
14,sco_kcal,100,0.08477739244699478,0.02110798843204975,0.646618394444719,0.9651945740930306,4.262944221496582,0.1807563155889511,0.04240175479600655,0.02
14,sco_kcal,101,0.46429404616355896,0.022234298288822174,0.6289567712851096,0.9110248549932514,4.260157585144043,2.2383227348327637,0.5254084362133008,0.2
14,sco_kcal,102,0.08675417304039001,0.05761813372373581,0.6630167721230849,0.9539747265218181,13.381020545959473,0.21977590024471283,0.0164244498011085,0.02
14,sco_kcal,103,0.16958114504814148,0.008944252505898476,0.6259736737299553,0.9764489665981111,1.7785896062850952,0.1075044646859169,0.060443659574992877,0.08
14,sco_kcal,104,0.7695633172988892,0.010535279288887978,0.6910722991336362,0.9126757111716097,2.308223247528076,2.4090733528137207,1.0436916599785775,0.62
14,sco_kcal,105,0.8636729121208191,0.05827740579843521,0.6461660420686499,0.920479361702796,11.359991073608398,18.69887351989746,1.646028891989079,0.14
14,sco_kcal,106,0.12946642935276031,0.013984762132167816,0.6742247521314493,0.9694947636088234,3.3642709255218506,0.3166157603263855,0.09411125540588663,0.04
14,sco_kcal,107,0.44572538137435913,0.02784026972949505,0.6144127390207024,0.9050115677865198,5.029791355133057,2.3826904296875,0.47371556024006667,0.28
14,sco_kcal,108,0.10480254888534546,0.032526854425668716,0.6190021078284591,0.9688202701145325,5.97994327545166,0.10347092151641846,0.01730299381620863,0.04
14,sco_kcal,109,0.5275135040283203,0.01907026767730713,0.6794515275770732,0.9593753436653962,4.1489949226379395,1.571304440498352,0.3787192970338256,0.42
14,sco_kcal,110,0.7564001679420471,0.005809193942695856,0.7033188006675828,0.9244712012302478,1.5116727352142334,1.1134798526763916,0.7365879047349424,0.58
14,sco_kcal,111,0.54118812084198,0.020793989300727844,0.6302775350855809,0.9092932248255658,3.950434684753418,2.2955007553100586,0.5810754862419252,0.22
14,sco_kcal,112,0.3610515296459198,0.015690146014094353,0.6098013801257522,0.9438220078219055,2.8622663021087646,0.6962770223617554,0.2432607412695233,0.14
14,sco_kcal,113,0.10004409402608871,0.016269458457827568,0.6595915103011085,0.9753780888513697,3.493604898452759,0.22864583134651184,0.06544696323495942,0.02
14,sco_kcal,114,0.35805627703666687,0.011382305063307285,0.6514626535316648,0.9164458061698639,2.3454086780548096,0.7386033535003662,0.3149145649588604,0.14
14,sco_kcal,115,0.4859151244163513,0.028118383139371872,0.6528867341433071,0.8867594462213151,5.749364852905273,2.7358696460723877,0.4758559799331392,0.16
14,sco_kcal,116,0.5760847330093384,0.03557830676436424,0.6546191930927727,0.9239018047530552,7.061036109924316,4.831936359405518,0.6843098214175977,0.22
14,sco_kcal,117,0.03396524488925934,0.07991477102041245,0.6439152447751417,0.9548185670691041,16.2293643951416,0.11920850723981857,0.007345235730581332,0.0
14,sco_kcal,118,0.40288135409355164,1.3271629810333252,0.6575926313792186,0.9839026486218343,296.6702880859375,1.2546381950378418,0.00422906588702407,0.38
14,sco_kcal,119,0.21268297731876373,0.011249889619648457,0.6685951407982387,0.9693046902550682,2.484999895095825,0.07056386768817902,0.028395923809670008,0.16
14,sco_kcal,120,0.25295767188072205,0.049647558480501175,0.6150873180186271,0.9224396777544179,9.358907699584961,2.1407032012939453,0.22873429998555056,0.06
14,sco_kcal,121,0.17288890480995178,0.02558201737701893,0.6235338721131514,0.9549904121889934,4.845518112182617,0.1879265308380127,0.0387835782443011,0.12
14,sco_kcal,122,0.14920920133590698,0.03406320512294769,0.600468917628441,0.9358654928133374,5.847817897796631,0.41194841265678406,0.07044480862032314,0.08
14,sco_kcal,123,0.06935134530067444,0.01826678216457367,0.6623460099115359,0.9607674250008562,3.9460344314575195,0.23460032045841217,0.05945217268967404,0.02
14,sco_kcal,124,0.32828861474990845,0.03746281936764717,0.6295432655615416,0.8935353671528397,7.371440887451172,2.738060712814331,0.3714417241648766,0.12
14,sco_kcal,125,0.3968055844306946,0.04228673875331879,0.6270651788413304,0.9137272076388376,8.114018440246582,3.1004416942596436,0.3821092738563486,0.16
14,sco_kcal,126,0.30840763449668884,0.012546676211059093,0.6484987667827797,0.9677736715916874,2.657430648803711,0.1425536870956421,0.053643427029719526,0.2
14,sco_kcal,127,0.12169600278139114,0.013099577277898788,0.6119872762110015,0.9612808048760408,2.4597020149230957,0.04530491307377815,0.018418862447122337,0.08
14,sco_kcal,128,0.10006243735551834,0.00704548042267561,0.6376042138541107,0.949378389980962,1.4722625017166138,0.07414304465055466,0.05035993551700604,0.08
14,sco_kcal,129,0.16773934662342072,0.017073823139071465,0.6452654345570785,0.9650915506631368,3.5125558376312256,0.3511072099208832,0.09995775900822705,0.02
14,sco_kcal,130,0.3554236590862274,0.010257642716169357,0.6576150556609337,0.9280133569830167,2.291003704071045,0.5404338836669922,0.23589393710130516,0.16
14,sco_kcal,131,0.8591676354408264,0.012663643807172775,0.6927846365034649,0.9396768062037262,2.8671791553497314,4.118551731109619,1.4364472912078103,0.48
14,sco_kcal,132,0.06745059043169022,0.04034346342086792,0.6543892045427113,0.9421810193523308,8.612586975097656,0.1463666409254074,0.016994503666390874,0.06
14,sco_kcal,133,0.11690833419561386,0.014770923182368279,0.6525635311825602,0.9615332894395952,3.0948994159698486,0.26810866594314575,0.08662920176329172,0.04
14,sco_kcal,134,0.09344850480556488,0.030809994786977768,0.5958542139873624,0.9540738873103074,5.285058975219727,0.0826188176870346,0.015632525213893137,0.08
14,sco_kcal,135,0.3132910132408142,0.017852693796157837,0.6378722982757943,0.9280196779400995,3.6565887928009033,0.8296064734458923,0.22687989283323917,0.16
14,sco_kcal,136,0.5766689777374268,0.0090236971154809,0.6353218765501749,0.8991262783513485,1.8755402565002441,1.1615060567855835,0.6192914562937467,0.34
14,sco_kcal,137,0.08959072828292847,0.035629820078611374,0.6623153091283387,0.9409903337326773,7.6006388664245605,0.337617427110672,0.044419611698969144,0.06
14,sco_kcal,138,0.2580205500125885,0.2874087989330292,0.6670665277045236,0.9764337263578149,61.66655731201172,2.612520456314087,0.042365271716006875,0.16
14,sco_kcal,139,0.6931862235069275,0.01569305919110775,0.6986723673494697,0.976458375371384,3.844083309173584,1.1598351001739502,0.3017195536335283,0.64
14,sco_kcal,140,0.1852460503578186,0.030459247529506683,0.624366475702683,0.943307011718103,5.8237080574035645,0.2660559415817261,0.04568497235081941,0.12
14,sco_kcal,141,0.5538874268531799,0.022812984883785248,0.6278147317075495,0.8997410191568243,4.298088550567627,2.30458927154541,0.5361893419438868,0.46
14,sco_kcal,142,0.14374379813671112,0.017812617123126984,0.6663667128599464,0.9807368503958673,4.007797718048096,0.19828630983829498,0.04947512918263392,0.12
14,sco_kcal,143,0.34194228053092957,0.03949000686407089,0.6747302474868617,0.9799749180959287,9.121057510375977,1.1186106204986572,0.12264045251618497,0.26
14,sco_kcal,144,0.12873579561710358,0.017799004912376404,0.6250457794708253,0.9526330378794592,3.435576915740967,0.07418176531791687,0.021592229525712058,0.08
14,sco_kcal,145,0.2030433714389801,0.008661165833473206,0.6563817711344191,0.9641842032154555,1.8545624017715454,0.1573055386543274,0.08482083886962413,0.06
14,sco_kcal,146,0.6158577799797058,0.014839362353086472,0.6409495262170737,0.9116360674956281,3.1726126670837402,1.5422896146774292,0.4861260344443808,0.54
14,sco_kcal,147,0.15286965668201447,0.04300277680158615,0.6304954739093402,0.9178900996145682,8.335558891296387,1.3312259912490845,0.1597044671640543,0.06
14,sco_kcal,148,0.4604739546775818,0.03278344124555588,0.6140977493869715,0.9000595571681798,6.331888198852539,2.54645037651062,0.4021628772554901,0.24
14,sco_kcal,149,0.49518516659736633,0.020456882193684578,0.6322858367032496,0.9153625276950765,3.9870073795318604,2.009531259536743,0.5040199498634224,0.34
14,sco_kcal,150,0.9837564826011658,0.0027378457598388195,0.8040189969661116,0.8851183563242822,0.5962926745414734,2.799221992492676,4.694375953293695,0.84
14,sco_kcal,151,0.17878106236457825,0.012974251061677933,0.6576913410025909,0.9604154221333279,2.8875560760498047,0.17889879643917084,0.06195508995409902,0.06
14,sco_kcal,152,0.9446961879730225,0.01509922556579113,0.6958588452549299,0.9206554596137382,3.5090489387512207,7.807748317718506,2.2250326096897015,0.38
14,sco_kcal,153,0.10323137044906616,0.029266593977808952,0.6221305553647867,0.9553041783392167,5.52622652053833,0.04226071760058403,0.007647301000695726,0.06
14,sco_kcal,154,0.14118073880672455,0.025180265307426453,0.6214186263876054,0.9642915220849333,4.752877712249756,0.06945772469043732,0.014613825327637091,0.08
14,sco_kcal,155,0.48100751638412476,0.02481975220143795,0.6491201963795747,0.9078588974438555,5.134353160858154,2.270977258682251,0.4423102945070262,0.24
14,sco_kcal,156,0.21860867738723755,0.005325116217136383,0.648238752089459,0.9403530345119986,1.1298203468322754,0.1904710978269577,0.1685852962030552,0.06
14,sco_kcal,157,0.10256116092205048,0.015225346200168133,0.6614654608469981,0.9737075341765278,3.3090367317199707,0.23842570185661316,0.07205290275901056,0.02
14,sco_kcal,158,0.3846256136894226,0.024561766535043716,0.6529139483435062,0.9156452836630173,5.103972434997559,1.8813261985778809,0.3686003838260895,0.12
14,sco_kcal,159,0.3981233239173889,0.032855864614248276,0.6153120438742405,0.9033961222042319,6.285390853881836,2.188410520553589,0.3481741345014422,0.14
14,sco_kcal,160,0.1528063416481018,0.030458850786089897,0.6370893089642997,0.9625772212313923,6.064774036407471,0.2548615038394928,0.04202324807314051,0.14
14,sco_kcal,161,0.19561441242694855,0.012400099076330662,0.6328329555141876,0.9537047704121955,2.5007290840148926,0.20385970175266266,0.0815201066983906,0.06
14,sco_kcal,162,0.41954874992370605,0.0071531981229782104,0.6619793925884112,0.9308965203738746,1.576869249343872,0.4845897853374481,0.3073113294200414,0.2
14,sco_kcal,163,0.16487637162208557,0.01132490299642086,0.6065478623215068,0.9623667742821009,2.124866008758545,0.09086374193429947,0.04276210432082101,0.14
14,sco_kcal,164,0.0824117586016655,0.02706911973655224,0.6584468190144177,0.9644867121275174,5.7016987800598145,0.15112200379371643,0.026504732996808902,0.02
14,sco_kcal,165,0.11047505587339401,0.07693351805210114,0.6685206025199943,0.9270037721338249,16.977615356445312,1.4286985397338867,0.08415189705611403,0.0
14,sco_kcal,166,0.8023228645324707,0.011862867511808872,0.6918054820073611,0.9003159793610589,2.736058473587036,2.4739842414855957,0.9042146815824974,0.62
14,sco_kcal,167,0.29733967781066895,0.00800066627562046,0.6391238909340109,0.9567658792347369,1.7053418159484863,0.3906686305999756,0.22908523496369634,0.18
14,sco_kcal,168,0.07101039588451385,0.0363282673060894,0.6537366658187433,0.9423645435261039,7.441839694976807,0.3662171959877014,0.04921057305694124,0.04
14,sco_kcal,169,0.06078556925058365,0.02809213101863861,0.6586398403033642,0.9653421772466033,5.8477373123168945,0.1266169250011444,0.021652293569079342,0.02
14,sco_kcal,170,0.17601004242897034,0.026864051818847656,0.6448922428249475,0.9300401638601912,5.462153911590576,0.4137885868549347,0.07575557070570348,0.06
14,sco_kcal,171,0.1754469871520996,0.04656914994120598,0.628835293524832,0.9439947179915975,8.929015159606934,0.7530536651611328,0.08433781908757372,0.04
14,sco_kcal,172,0.13819028437137604,0.009385176002979279,0.6422305183231138,0.9535090683819392,1.9601925611495972,0.09280365705490112,0.04734415327057175,0.06
14,sco_kcal,173,0.1528157740831375,0.044996242970228195,0.6225769845972737,0.9348762968828657,8.330613136291504,0.846766471862793,0.10164515600585716,0.04
14,sco_kcal,174,0.34774330258369446,0.015331918373703957,0.6648786564779607,0.9654530279140547,3.352820634841919,0.6865419149398804,0.20476547650818486,0.22
14,sco_kcal,175,0.23815277218818665,0.005563138518482447,0.6556480895737549,0.9496279037694455,1.1982190608978271,0.22661960124969482,0.1891303590846639,0.04
14,sco_kcal,176,0.19889408349990845,0.02001681737601757,0.6372027424937772,0.9477761819856758,4.169325828552246,0.4971010088920593,0.11922815086502182,0.06
14,sco_kcal,177,0.14194826781749725,0.0383884534239769,0.654517159851115,0.9454111222175645,8.44058895111084,0.8307701349258423,0.09842561220997584,0.1
14,sco_kcal,178,0.4637642204761505,0.08924911171197891,0.6824110612768073,0.9815257587226673,20.371564865112305,0.8997411131858826,0.044166519319620394,0.46
14,sco_kcal,179,0.2543318271636963,0.05043715611100197,0.6647053256894511,0.9486547919988693,10.92336654663086,0.8776286840438843,0.08034415766397357,0.2
14,sco_kcal,180,0.15937913954257965,0.011333056725561619,0.6589131880704984,0.9539353097200054,2.438338041305542,0.248798668384552,0.10203616732786545,0.04
14,sco_kcal,181,0.15710441768169403,0.025042861700057983,0.6169134452928522,0.9485220142927706,4.667713165283203,0.23273234069347382,0.04986003476487255,0.1
14,sco_kcal,182,0.23979532718658447,0.04203876480460167,0.6182856480858734,0.9157765581490358,7.656928062438965,1.3239108324050903,0.17290365295444404,0.04
14,sco_kcal,183,0.7578566670417786,0.01109349261969328,0.6978980380125788,0.9086260751898108,2.5026237964630127,2.527137279510498,1.0097951130657874,0.6
14,sco_kcal,184,0.6574690341949463,0.01471493300050497,0.6685588647073197,0.9023997388471667,3.2003488540649414,1.9236267805099487,0.6010678423593238,0.42
14,sco_kcal,185,0.41068023443222046,0.019750211387872696,0.6507580580401027,0.9066590758990669,4.137470245361328,1.6240897178649902,0.3925320598222592,0.14
14,sco_kcal,186,0.07698167115449905,0.02246653474867344,0.6035668180543206,0.972475550985235,3.987238645553589,0.11199218034744263,0.028087654214610878,0.02
14,sco_kcal,187,0.3285810351371765,0.023661812767386436,0.6521662163918918,0.9051199944095081,4.937053203582764,1.1818212270736694,0.23937785928983613,0.12
14,sco_kcal,188,0.5097230076789856,0.034083928912878036,0.6531921854142975,0.9636049438219261,7.153224945068359,1.8936874866485596,0.26473199168077644,0.52
14,sco_kcal,189,0.06541186571121216,0.02828383259475231,0.664497159620483,0.9624712081907432,6.259005546569824,0.16583561897277832,0.026495521970524953,0.02
14,sco_kcal,190,0.12257547676563263,0.020955966785550117,0.6208822936691081,0.9510958308323443,4.001554489135742,0.1871059238910675,0.04675830965167708,0.02
14,sco_kcal,191,0.5753085613250732,0.018781954422593117,0.6328166480905342,0.9148150832617177,3.576279878616333,2.046050786972046,0.5721170759609747,0.34
14,sco_kcal,192,0.1887790709733963,0.017749043181538582,0.6407753473565552,0.9587059406304483,3.624079942703247,0.08680479973554611,0.023952230940799093,0.2
14,sco_kcal,193,0.38273483514785767,0.01619003899395466,0.6434421104158572,0.922131788738979,3.471534252166748,0.989554226398468,0.2850480953142953,0.16
14,sco_kcal,194,0.16788697242736816,0.014337376691401005,0.644367731459786,0.9747583127620294,2.6964521408081055,0.33030030131340027,0.12249440526484251,0.0
14,sco_kcal,195,0.12732245028018951,0.029777944087982178,0.6594448838697962,0.9423796865386123,6.304736614227295,0.2958208918571472,0.04692042030583745,0.04
14,sco_kcal,196,0.38925856351852417,0.015478590503334999,0.6439426109123718,0.9352370717991236,3.087191104888916,1.044822335243225,0.338437854912393,0.12
14,sco_kcal,197,0.8217572569847107,0.0074439458549022675,0.7152848302258166,0.921124708578654,1.827661395072937,1.9782496690750122,1.082393967727302,0.7
14,sco_kcal,198,0.33967193961143494,0.035637035965919495,0.6668784905322132,0.9653610326347726,7.6427083015441895,0.7765668630599976,0.10160885806711925,0.24
14,sco_kcal,199,0.48807069659233093,0.006280370056629181,0.6699646065031166,0.9359768535805089,1.3507976531982422,0.7020730376243591,0.5197470072309367,0.1
14,sco_kcal,200,0.09653903543949127,0.02313239686191082,0.6508236856926055,0.968775471048291,4.756927490234375,0.0760398879647255,0.015985084515336808,0.02
14,sco_kcal,201,0.06367141008377075,0.039831213653087616,0.6573470101455532,0.9640790975645601,8.284526824951172,0.22756072878837585,0.027468162466806556,0.02
14,sco_kcal,202,0.04137568920850754,0.07174593955278397,0.6386900633923982,0.9698308431364113,14.593514442443848,0.07834069430828094,0.005368185615415194,0.04
14,sco_kcal,203,0.6804766058921814,0.015276119112968445,0.6828214873351885,0.9120266406340789,3.276670455932617,2.673463821411133,0.8159086662409578,0.44
14,sco_kcal,204,0.14110517501831055,0.035149797797203064,0.6150888072771381,0.9405190959133671,6.549168586730957,0.29454609751701355,0.04497457862266413,0.04
14,sco_kcal,205,0.05447712913155556,0.05198273807764053,0.6742135328558658,0.9513286647204908,11.779582023620605,0.08146743476390839,0.00691598688311254,0.02
14,sco_kcal,206,0.14936180412769318,0.02932732179760933,0.6222312068075753,0.9400505225425211,5.469361305236816,0.2702479362487793,0.0494112422212849,0.14
14,sco_kcal,207,0.9922881126403809,0.014100464060902596,0.6983387382576138,0.9125860192683668,3.0207462310791016,20.339967727661133,6.733424846613177,0.56
14,sco_kcal,208,0.08489690721035004,0.08137908577919006,0.632041411606701,0.9594148949646149,15.97443675994873,0.10517337918281555,0.006583855240925133,0.06
14,sco_kcal,209,0.2137795388698578,0.012671135365962982,0.6560319959143075,0.9578649950804679,2.7498855590820312,0.033245570957660675,0.012089801645694207,0.2
14,sco_kcal,210,0.7712156772613525,0.009000848978757858,0.7006539487310164,0.9011656839221107,2.343095302581787,1.881685495376587,0.8030768075473557,0.52
14,sco_kcal,211,0.15861444175243378,0.018427368253469467,0.6565449043892502,0.9523599174679738,3.9166159629821777,0.45547643303871155,0.11629336073376571,0.02
14,sco_kcal,212,0.23147810995578766,0.019139189273118973,0.6652797372405488,0.9376149107246197,4.146021366119385,0.47392532229423523,0.11430846115919137,0.1
14,sco_kcal,213,0.16307485103607178,0.016816720366477966,0.6277496584609652,0.9418995345508276,3.322235107421875,0.3112969994544983,0.09370107454438147,0.06
14,sco_kcal,214,0.3030850291252136,0.02930370904505253,0.662157522629093,0.968571116495029,6.255841255187988,0.3112083971500397,0.04974685009661228,0.2
14,sco_kcal,215,0.15563899278640747,0.008032187819480896,0.6586282568039745,0.9709789760018923,1.777962327003479,0.19942449033260345,0.11216463212058443,0.06
14,sco_kcal,216,0.5281001925468445,0.013012825511395931,0.6292355885425891,0.9216831560846177,2.5370547771453857,1.2679297924041748,0.4997644527923081,0.46
14,sco_kcal,217,0.46504470705986023,0.0179756972938776,0.6129562430701723,0.9188476252960609,3.277904748916626,1.5294873714447021,0.46660519099897885,0.28
14,sco_kcal,218,0.10930880904197693,0.07984726876020432,0.644520017295467,0.9363502627243045,16.436565399169922,0.8612080216407776,0.05239586256166816,0.0
14,sco_kcal,219,0.32533830404281616,0.025899875909090042,0.6645263566864357,0.9761099861446307,5.662725448608398,0.24361662566661835,0.043021090794095725,0.26
14,sco_kcal,220,0.06000089272856712,0.040784187614917755,0.6509145060709829,0.9685469518812293,8.192971229553223,0.06844597309827805,0.008354230862105752,0.0
14,sco_kcal,221,0.04985230043530464,0.04509997367858887,0.6255244267957345,0.9603620266013566,8.584427833557129,0.05378425866365433,0.006265328302185487,0.04
14,sco_kcal,222,0.7367618083953857,0.01161601860076189,0.6906202369403389,0.9025372461858114,2.645458698272705,2.18819260597229,0.827150545726162,0.7
14,sco_kcal,223,0.574970006942749,0.02387125790119171,0.6347071047478587,0.9081270948458315,4.671047687530518,2.883399486541748,0.6172918110510962,0.48
14,sco_kcal,224,0.22989168763160706,0.015375970862805843,0.651084542512032,0.9537187137222995,3.200050115585327,0.47064444422721863,0.14707408547604328,0.04
14,sco_kcal,225,0.8923621773719788,0.005931958090513945,0.697336027792024,0.8890952683194291,1.1201508045196533,1.9785382747650146,1.7663142023215863,0.84
14,sco_kcal,226,0.7522750496864319,0.06024608016014099,0.6544842014685031,0.915755868499023,12.725921630859375,13.359726905822754,1.049804272990842,0.2
14,sco_kcal,227,0.1972060352563858,0.018486984074115753,0.6276784887991269,0.957402740815088,3.6000051498413086,0.3331470191478729,0.09254070627164473,0.08
14,sco_kcal,228,0.3684859573841095,0.01816454716026783,0.6337583359030119,0.9410805738856565,3.6633870601654053,0.3138112723827362,0.08566151139065478,0.24
14,sco_kcal,229,0.05256879702210426,0.02323945052921772,0.6374148974899467,0.9556464057378466,4.631716251373291,0.06152649223804474,0.013283735207182068,0.02
14,sco_kcal,230,0.9629348516464233,0.006396590732038021,0.7165272595944752,0.9233459828635231,1.352399468421936,3.951411008834839,2.9217779961460586,0.82
14,sco_kcal,231,0.5527885556221008,0.018276529386639595,0.6318071444753293,0.9129994430104809,3.667330026626587,2.0969362258911133,0.5717882521252092,0.64
14,sco_kcal,232,0.22571736574172974,0.035153355449438095,0.6538181770378455,0.9438541176631792,7.18497896194458,1.3577905893325806,0.18897627905720424,0.06
14,sco_kcal,233,0.27570125460624695,0.24244356155395508,0.6682131048053903,0.9794233426651697,52.66425704956055,3.0914978981018066,0.058702012926765544,0.18
14,sco_kcal,234,0.1901731640100479,0.01566356047987938,0.6614190295664915,0.9673205827031097,3.3570425510406494,0.15988649427890778,0.04762718727808338,0.24
14,sco_kcal,235,0.5463336110115051,0.017531156539916992,0.638753245163449,0.9103424498356376,3.407487392425537,1.9812730550765991,0.5814469217056378,0.32
14,sco_kcal,236,0.18669648468494415,0.008171353489160538,0.6590014038634218,0.973201811103849,1.7731521129608154,0.187454953789711,0.10571848428542212,0.1
14,sco_kcal,237,0.10335585474967957,0.05496550351381302,0.6374309792762989,0.9516207332723128,11.245347023010254,0.1707392781972885,0.015183104429585093,0.08
14,sco_kcal,238,0.9512783288955688,0.0054334234446287155,0.7766380167399209,0.9183341895519352,1.1901371479034424,3.0824496746063232,2.5899953463652468,0.84
14,sco_kcal,239,0.13977165520191193,0.015080003999173641,0.6079358000943926,0.9682960270840928,2.794499158859253,0.047468338161706924,0.016986349060517898,0.14
14,sco_kcal,240,0.06761115789413452,0.03684355318546295,0.6305119175813005,0.9610518160293564,6.934082984924316,0.09515328705310822,0.013722548065834374,0.08
14,sco_kcal,241,0.07036513835191727,0.018368972465395927,0.6627638198980441,0.9470804507434838,3.955235242843628,0.1931896209716797,0.048844028005976564,0.02
14,sco_kcal,242,0.7883672714233398,0.011485814116895199,0.6688864113818498,0.9080341143112918,2.2417659759521484,2.4805407524108887,1.1065119102618752,0.7
14,sco_kcal,243,0.6020445227622986,0.01863340102136135,0.6390942653590435,0.8969377760530199,3.732125759124756,2.5768094062805176,0.6904401332083786,0.42
14,sco_kcal,244,0.5707710981369019,0.03221762925386429,0.6307273814732266,0.9347419662652365,6.511020660400391,2.477632999420166,0.380529125715876,0.54
14,sco_kcal,245,0.772438645362854,0.010169963352382183,0.7030020658421325,0.9247403875204843,2.3258228302001953,2.2285420894622803,0.9581736237710154,0.6
14,sco_kcal,246,0.9482114315032959,0.006608427036553621,0.7546916145708134,0.895393295831425,1.5928218364715576,3.4673407077789307,2.1768540764482704,0.86
14,sco_kcal,247,0.16128626465797424,0.033250242471694946,0.6483615325448406,0.949833095396281,7.005372047424316,0.3366125226020813,0.04805062747892805,0.04
14,sco_kcal,248,0.5767930746078491,0.01979771815240383,0.6578797424254428,0.9155057119588073,4.090214729309082,2.437753915786743,0.5959965618231804,0.34
14,sco_kcal,249,0.13829083740711212,0.04512522742152214,0.6510905826374493,0.9428753216719097,9.050829887390137,0.9301348924636841,0.10276791233912963,0.04
14,water_gsolv_eV,0,1.0,0.0,0.6655864996663727,0.6655864996663727,,,,1.0
14,water_gsolv_eV,1,1.0,0.0,0.6655864996663727,0.6655864996663727,,,,1.0
14,water_gsolv_eV,2,1.0,0.0,0.6655864996663727,0.6655864996663727,,,,1.0
14,water_gsolv_eV,3,1.0,0.0,0.6655864996663727,0.6655864996663727,,,,1.0
14,water_gsolv_eV,4,1.0,0.0,0.6655864996663727,0.6655864996663727,,,,1.0
14,water_gsolv_eV,5,1.0,0.0,0.6655864996663727,0.6655864996663727,,,,1.0
14,water_gsolv_eV,6,1.0,0.0,0.6655864996663727,0.6655864996663727,,,,1.0
14,water_gsolv_eV,7,1.0,0.0,0.6655864996663727,0.6655864996663727,,,,1.0
14,water_gsolv_eV,8,1.0,0.0,0.6655864996663727,0.6655864996663727,,,,1.0
14,water_gsolv_eV,9,1.0,0.0,0.6655864996663727,0.6655864996663727,,,,1.0
14,water_gsolv_eV,10,1.0,0.0,0.6655864996663727,0.6655864996663727,,,,1.0
14,water_gsolv_eV,11,1.0,0.0,0.6655864996663727,0.6655864996663727,,,,1.0
14,water_gsolv_eV,12,1.0,0.0,0.6655864996663727,0.6655864996663727,,,,1.0
14,water_gsolv_eV,13,1.0,0.0,0.6655864996663727,0.6655864996663727,,,,1.0
14,water_gsolv_eV,14,1.0,0.0,0.6655864996663727,0.6655864996663727,,,,1.0
14,water_gsolv_eV,15,1.0,0.0,0.6655864996663727,0.6655864996663727,,,,1.0
14,water_gsolv_eV,16,1.0,0.0,0.6655864996663727,0.6655864996663727,,,,1.0
14,water_gsolv_eV,17,1.0,0.0,0.6655864996663727,0.6655864996663727,,,,1.0
14,water_gsolv_eV,18,1.0,0.0,0.6655864996663727,0.6655864996663727,,,,1.0
14,water_gsolv_eV,19,1.0,0.0,0.6655864996663727,0.6655864996663727,,,,1.0
14,water_gsolv_eV,20,1.0,0.0,0.6655864996663727,0.6655864996663727,,,,1.0
14,water_gsolv_eV,21,1.0,0.0,0.6655864996663727,0.6655864996663727,,,,1.0
14,water_gsolv_eV,22,1.0,0.0,0.6655864996663727,0.6655864996663727,,,,1.0
14,water_gsolv_eV,23,1.0,0.0,0.6655864996663727,0.6655864996663727,,,,1.0
14,water_gsolv_eV,24,1.0,0.0,0.6655864996663727,0.6655864996663727,,,,1.0
14,water_gsolv_eV,25,1.0,0.0,0.6655864996663727,0.6655864996663727,,,,1.0
14,water_gsolv_eV,26,1.0,0.0,0.6655864996663727,0.6655864996663727,,,,1.0
14,water_gsolv_eV,27,1.0,0.0,0.6655864996663727,0.6655864996663727,,,,1.0
14,water_gsolv_eV,28,1.0,0.0,0.6655864996663727,0.6655864996663727,,,,1.0
14,water_gsolv_eV,29,1.0,0.0,0.6655864996663727,0.6655864996663727,,,,1.0
14,water_gsolv_eV,30,1.0,0.0,0.6655864996663727,0.6655864996663727,,,,1.0
14,water_gsolv_eV,31,1.0,0.0,0.6655864996663727,0.6655864996663727,,,,1.0
14,water_gsolv_eV,32,1.0,0.0,0.6655864996663727,0.6655864996663727,,,,1.0
14,water_gsolv_eV,33,1.0,0.0,0.6655864996663727,0.6655864996663727,,,,1.0
14,water_gsolv_eV,34,1.0,0.0,0.6655864996663727,0.6655864996663727,,,,1.0
14,water_gsolv_eV,35,1.0,0.0,0.6655864996663727,0.6655864996663727,,,,1.0
14,water_gsolv_eV,36,1.0,0.0,0.6655864996663727,0.6655864996663727,,,,1.0
14,water_gsolv_eV,37,1.0,0.0,0.6655864996663727,0.6655864996663727,,,,1.0
14,water_gsolv_eV,38,1.0,0.0,0.6655864996663727,0.6655864996663727,,,,1.0
14,water_gsolv_eV,39,1.0,0.0,0.6655864996663727,0.6655864996663727,,,,1.0
14,water_gsolv_eV,40,1.0,0.0,0.6655864996663727,0.6655864996663727,,,,1.0
14,water_gsolv_eV,41,1.0,0.0,0.6655864996663727,0.6655864996663727,,,,1.0
14,water_gsolv_eV,42,1.0,0.0,0.6655864996663727,0.6655864996663727,,,,1.0
14,water_gsolv_eV,43,1.0,0.0,0.6655864996663727,0.6655864996663727,,,,1.0
14,water_gsolv_eV,44,1.0,0.0,0.6655864996663727,0.6655864996663727,,,,1.0
14,water_gsolv_eV,45,1.0,0.0,0.6655864996663727,0.6655864996663727,,,,1.0
14,water_gsolv_eV,46,1.0,0.0,0.6655864996663727,0.6655864996663727,,,,1.0
14,water_gsolv_eV,47,1.0,0.0,0.6655864996663727,0.6655864996663727,,,,1.0
14,water_gsolv_eV,48,1.0,0.0,0.6655864996663727,0.6655864996663727,,,,1.0
14,water_gsolv_eV,49,1.0,0.0,0.6655864996663727,0.6655864996663727,,,,1.0
14,water_gsolv_eV,50,1.0,0.0,0.6655864996663727,0.6655864996663727,,,,1.0
14,water_gsolv_eV,51,1.0,0.0,0.6655864996663727,0.6655864996663727,,,,1.0
14,water_gsolv_eV,52,1.0,0.0,0.6655864996663727,0.6655864996663727,,,,1.0
14,water_gsolv_eV,53,1.0,0.0,0.6655864996663727,0.6655864996663727,,,,1.0
14,water_gsolv_eV,54,1.0,0.0,0.6655864996663727,0.6655864996663727,,,,1.0
14,water_gsolv_eV,55,1.0,0.0,0.6655864996663727,0.6655864996663727,,,,1.0
14,water_gsolv_eV,56,1.0,0.0,0.6655864996663727,0.6655864996663727,,,,1.0
14,water_gsolv_eV,57,1.0,0.0,0.6655864996663727,0.6655864996663727,,,,1.0
14,water_gsolv_eV,58,1.0,0.0,0.6655864996663727,0.6655864996663727,,,,1.0
14,water_gsolv_eV,59,1.0,0.0,0.6655864996663727,0.6655864996663727,,,,1.0
14,water_gsolv_eV,60,1.0,0.0,0.6655864996663727,0.6655864996663727,,,,1.0
14,water_gsolv_eV,61,1.0,0.0,0.6655864996663727,0.6655864996663727,,,,1.0
14,water_gsolv_eV,62,1.0,0.0,0.6655864996663727,0.6655864996663727,,,,1.0
14,water_gsolv_eV,63,1.0,0.0,0.6655864996663727,0.6655864996663727,,,,1.0
14,water_gsolv_eV,64,1.0,0.0,0.6655864996663727,0.6655864996663727,,,,1.0
14,water_gsolv_eV,65,1.0,0.0,0.6655864996663727,0.6655864996663727,,,,1.0
14,water_gsolv_eV,66,1.0,0.0,0.6655864996663727,0.6655864996663727,,,,1.0
14,water_gsolv_eV,67,1.0,0.0,0.6655864996663727,0.6655864996663727,,,,1.0
14,water_gsolv_eV,68,1.0,0.0,0.6655864996663727,0.6655864996663727,,,,1.0
14,water_gsolv_eV,69,1.0,0.0,0.6655864996663727,0.6655864996663727,,,,1.0
14,water_gsolv_eV,70,1.0,0.0,0.6655864996663727,0.6655864996663727,,,,1.0
14,water_gsolv_eV,71,1.0,0.0,0.6655864996663727,0.6655864996663727,,,,1.0
14,water_gsolv_eV,72,1.0,0.0,0.6655864996663727,0.6655864996663727,,,,1.0
14,water_gsolv_eV,73,1.0,0.0,0.6655864996663727,0.6655864996663727,,,,1.0
14,water_gsolv_eV,74,1.0,0.0,0.6655864996663727,0.6655864996663727,,,,1.0
14,water_gsolv_eV,75,1.0,0.0,0.6655864996663727,0.6655864996663727,,,,1.0
14,water_gsolv_eV,76,1.0,0.0,0.6655864996663727,0.6655864996663727,,,,1.0
14,water_gsolv_eV,77,1.0,0.0,0.6655864996663727,0.6655864996663727,,,,1.0
14,water_gsolv_eV,78,1.0,0.0,0.6655864996663727,0.6655864996663727,,,,1.0
14,water_gsolv_eV,79,1.0,0.0,0.6655864996663727,0.6655864996663727,,,,1.0
14,water_gsolv_eV,80,1.0,0.0,0.6655864996663727,0.6655864996663727,,,,1.0
14,water_gsolv_eV,81,1.0,0.0,0.6655864996663727,0.6655864996663727,,,,1.0
14,water_gsolv_eV,82,1.0,0.0,0.6655864996663727,0.6655864996663727,,,,1.0
14,water_gsolv_eV,83,1.0,0.0,0.6655864996663727,0.6655864996663727,,,,1.0
14,water_gsolv_eV,84,1.0,0.0,0.6655864996663727,0.6655864996663727,,,,1.0
14,water_gsolv_eV,85,1.0,0.0,0.6655864996663727,0.6655864996663727,,,,1.0
14,water_gsolv_eV,86,1.0,0.0,0.6655864996663727,0.6655864996663727,,,,1.0
14,water_gsolv_eV,87,1.0,0.0,0.6655864996663727,0.6655864996663727,,,,1.0
14,water_gsolv_eV,88,1.0,0.0,0.6655864996663727,0.6655864996663727,,,,1.0
14,water_gsolv_eV,89,1.0,0.0,0.6655864996663727,0.6655864996663727,,,,1.0
14,water_gsolv_eV,90,1.0,0.0,0.6655864996663727,0.6655864996663727,,,,1.0
14,water_gsolv_eV,91,1.0,0.0,0.6655864996663727,0.6655864996663727,,,,1.0
14,water_gsolv_eV,92,1.0,0.0,0.6655864996663727,0.6655864996663727,,,,1.0
14,water_gsolv_eV,93,1.0,0.0,0.6655864996663727,0.6655864996663727,,,,1.0
14,water_gsolv_eV,94,1.0,0.0,0.6655864996663727,0.6655864996663727,,,,1.0
14,water_gsolv_eV,95,1.0,0.0,0.6655864996663727,0.6655864996663727,,,,1.0
14,water_gsolv_eV,96,1.0,0.0,0.6655864996663727,0.6655864996663727,,,,1.0
14,water_gsolv_eV,97,1.0,0.0,0.6655864996663727,0.6655864996663727,,,,1.0
14,water_gsolv_eV,98,1.0,0.0,0.6655864996663727,0.6655864996663727,,,,1.0
14,water_gsolv_eV,99,1.0,0.0,0.6655864996663727,0.6655864996663727,,,,1.0
14,water_gsolv_eV,100,1.0,0.0,0.6655864996663727,0.6655864996663727,,,,1.0
14,water_gsolv_eV,101,1.0,0.0,0.6655864996663727,0.6655864996663727,,,,1.0
14,water_gsolv_eV,102,1.0,0.0,0.6655864996663727,0.6655864996663727,,,,1.0
14,water_gsolv_eV,103,1.0,0.0,0.6655864996663727,0.6655864996663727,,,,1.0
14,water_gsolv_eV,104,1.0,0.0,0.6655864996663727,0.6655864996663727,,,,1.0
14,water_gsolv_eV,105,1.0,0.0,0.6655864996663727,0.6655864996663727,,,,1.0
14,water_gsolv_eV,106,1.0,0.0,0.6655864996663727,0.6655864996663727,,,,1.0
14,water_gsolv_eV,107,1.0,0.0,0.6655864996663727,0.6655864996663727,,,,1.0
14,water_gsolv_eV,108,1.0,0.0,0.6655864996663727,0.6655864996663727,,,,1.0
14,water_gsolv_eV,109,1.0,0.0,0.6655864996663727,0.6655864996663727,,,,1.0
14,water_gsolv_eV,110,1.0,0.0,0.6655864996663727,0.6655864996663727,,,,1.0
14,water_gsolv_eV,111,1.0,0.0,0.6655864996663727,0.6655864996663727,,,,1.0
14,water_gsolv_eV,112,1.0,0.0,0.6655864996663727,0.6655864996663727,,,,1.0
14,water_gsolv_eV,113,1.0,0.0,0.6655864996663727,0.6655864996663727,,,,1.0
14,water_gsolv_eV,114,1.0,0.0,0.6655864996663727,0.6655864996663727,,,,1.0
14,water_gsolv_eV,115,1.0,0.0,0.6655864996663727,0.6655864996663727,,,,1.0
14,water_gsolv_eV,116,1.0,0.0,0.6655864996663727,0.6655864996663727,,,,1.0
14,water_gsolv_eV,117,1.0,0.0,0.6655864996663727,0.6655864996663727,,,,1.0
14,water_gsolv_eV,118,1.0,0.0,0.6655864996663727,0.6655864996663727,,,,1.0
14,water_gsolv_eV,119,1.0,0.0,0.6655864996663727,0.6655864996663727,,,,1.0
14,water_gsolv_eV,120,1.0,0.0,0.6655864996663727,0.6655864996663727,,,,1.0
14,water_gsolv_eV,121,1.0,0.0,0.6655864996663727,0.6655864996663727,,,,1.0
14,water_gsolv_eV,122,1.0,0.0,0.6655864996663727,0.6655864996663727,,,,1.0
14,water_gsolv_eV,123,1.0,0.0,0.6655864996663727,0.6655864996663727,,,,1.0
14,water_gsolv_eV,124,1.0,0.0,0.6655864996663727,0.6655864996663727,,,,1.0
14,water_gsolv_eV,125,1.0,0.0,0.6655864996663727,0.6655864996663727,,,,1.0
14,water_gsolv_eV,126,1.0,0.0,0.6655864996663727,0.6655864996663727,,,,1.0
14,water_gsolv_eV,127,1.0,0.0,0.6655864996663727,0.6655864996663727,,,,1.0
14,water_gsolv_eV,128,1.0,0.0,0.6655864996663727,0.6655864996663727,,,,1.0
14,water_gsolv_eV,129,1.0,0.0,0.6655864996663727,0.6655864996663727,,,,1.0
14,water_gsolv_eV,130,1.0,0.0,0.6655864996663727,0.6655864996663727,,,,1.0
14,water_gsolv_eV,131,1.0,0.0,0.6655864996663727,0.6655864996663727,,,,1.0
14,water_gsolv_eV,132,1.0,0.0,0.6655864996663727,0.6655864996663727,,,,1.0
14,water_gsolv_eV,133,1.0,0.0,0.6655864996663727,0.6655864996663727,,,,1.0
14,water_gsolv_eV,134,1.0,0.0,0.6655864996663727,0.6655864996663727,,,,1.0
14,water_gsolv_eV,135,1.0,0.0,0.6655864996663727,0.6655864996663727,,,,1.0
14,water_gsolv_eV,136,1.0,0.0,0.6655864996663727,0.6655864996663727,,,,1.0
14,water_gsolv_eV,137,1.0,0.0,0.6655864996663727,0.6655864996663727,,,,1.0
14,water_gsolv_eV,138,1.0,0.0,0.6655864996663727,0.6655864996663727,,,,1.0
14,water_gsolv_eV,139,1.0,0.0,0.6655864996663727,0.6655864996663727,,,,1.0
14,water_gsolv_eV,140,1.0,0.0,0.6655864996663727,0.6655864996663727,,,,1.0
14,water_gsolv_eV,141,1.0,0.0,0.6655864996663727,0.6655864996663727,,,,1.0
14,water_gsolv_eV,142,1.0,0.0,0.6655864996663727,0.6655864996663727,,,,1.0
14,water_gsolv_eV,143,1.0,0.0,0.6655864996663727,0.6655864996663727,,,,1.0
14,water_gsolv_eV,144,1.0,0.0,0.6655864996663727,0.6655864996663727,,,,1.0
14,water_gsolv_eV,145,1.0,0.0,0.6655864996663727,0.6655864996663727,,,,1.0
14,water_gsolv_eV,146,1.0,0.0,0.6655864996663727,0.6655864996663727,,,,1.0
14,water_gsolv_eV,147,1.0,0.0,0.6655864996663727,0.6655864996663727,,,,1.0
14,water_gsolv_eV,148,1.0,0.0,0.6655864996663727,0.6655864996663727,,,,1.0
14,water_gsolv_eV,149,1.0,0.0,0.6655864996663727,0.6655864996663727,,,,1.0
14,water_gsolv_eV,150,1.0,0.0,0.6655864996663727,0.6655864996663727,,,,1.0
14,water_gsolv_eV,151,1.0,0.0,0.6655864996663727,0.6655864996663727,,,,1.0
14,water_gsolv_eV,152,1.0,0.0,0.6655864996663727,0.6655864996663727,,,,1.0
14,water_gsolv_eV,153,1.0,0.0,0.6655864996663727,0.6655864996663727,,,,1.0
14,water_gsolv_eV,154,1.0,0.0,0.6655864996663727,0.6655864996663727,,,,1.0
14,water_gsolv_eV,155,1.0,0.0,0.6655864996663727,0.6655864996663727,,,,1.0
14,water_gsolv_eV,156,1.0,0.0,0.6655864996663727,0.6655864996663727,,,,1.0
14,water_gsolv_eV,157,1.0,0.0,0.6655864996663727,0.6655864996663727,,,,1.0
14,water_gsolv_eV,158,1.0,0.0,0.6655864996663727,0.6655864996663727,,,,1.0
14,water_gsolv_eV,159,1.0,0.0,0.6655864996663727,0.6655864996663727,,,,1.0
14,water_gsolv_eV,160,1.0,0.0,0.6655864996663727,0.6655864996663727,,,,1.0
14,water_gsolv_eV,161,1.0,0.0,0.6655864996663727,0.6655864996663727,,,,1.0
14,water_gsolv_eV,162,1.0,0.0,0.6655864996663727,0.6655864996663727,,,,1.0
14,water_gsolv_eV,163,1.0,0.0,0.6655864996663727,0.6655864996663727,,,,1.0
14,water_gsolv_eV,164,1.0,0.0,0.6655864996663727,0.6655864996663727,,,,1.0
14,water_gsolv_eV,165,1.0,0.0,0.6655864996663727,0.6655864996663727,,,,1.0
14,water_gsolv_eV,166,1.0,0.0,0.6655864996663727,0.6655864996663727,,,,1.0
14,water_gsolv_eV,167,1.0,0.0,0.6655864996663727,0.6655864996663727,,,,1.0
14,water_gsolv_eV,168,1.0,0.0,0.6655864996663727,0.6655864996663727,,,,1.0
14,water_gsolv_eV,169,1.0,0.0,0.6655864996663727,0.6655864996663727,,,,1.0
14,water_gsolv_eV,170,1.0,0.0,0.6655864996663727,0.6655864996663727,,,,1.0
14,water_gsolv_eV,171,1.0,0.0,0.6655864996663727,0.6655864996663727,,,,1.0
14,water_gsolv_eV,172,1.0,0.0,0.6655864996663727,0.6655864996663727,,,,1.0
14,water_gsolv_eV,173,1.0,0.0,0.6655864996663727,0.6655864996663727,,,,1.0
14,water_gsolv_eV,174,1.0,0.0,0.6655864996663727,0.6655864996663727,,,,1.0
14,water_gsolv_eV,175,1.0,0.0,0.6655864996663727,0.6655864996663727,,,,1.0
14,water_gsolv_eV,176,1.0,0.0,0.6655864996663727,0.6655864996663727,,,,1.0
14,water_gsolv_eV,177,1.0,0.0,0.6655864996663727,0.6655864996663727,,,,1.0
14,water_gsolv_eV,178,1.0,0.0,0.6655864996663727,0.6655864996663727,,,,1.0
14,water_gsolv_eV,179,1.0,0.0,0.6655864996663727,0.6655864996663727,,,,1.0
14,water_gsolv_eV,180,1.0,0.0,0.6655864996663727,0.6655864996663727,,,,1.0
14,water_gsolv_eV,181,1.0,0.0,0.6655864996663727,0.6655864996663727,,,,1.0
14,water_gsolv_eV,182,1.0,0.0,0.6655864996663727,0.6655864996663727,,,,1.0
14,water_gsolv_eV,183,1.0,0.0,0.6655864996663727,0.6655864996663727,,,,1.0
14,water_gsolv_eV,184,1.0,0.0,0.6655864996663727,0.6655864996663727,,,,1.0
14,water_gsolv_eV,185,1.0,0.0,0.6655864996663727,0.6655864996663727,,,,1.0
14,water_gsolv_eV,186,1.0,0.0,0.6655864996663727,0.6655864996663727,,,,1.0
14,water_gsolv_eV,187,1.0,0.0,0.6655864996663727,0.6655864996663727,,,,1.0
14,water_gsolv_eV,188,1.0,0.0,0.6655864996663727,0.6655864996663727,,,,1.0
14,water_gsolv_eV,189,1.0,0.0,0.6655864996663727,0.6655864996663727,,,,1.0
14,water_gsolv_eV,190,1.0,0.0,0.6655864996663727,0.6655864996663727,,,,1.0
14,water_gsolv_eV,191,1.0,0.0,0.6655864996663727,0.6655864996663727,,,,1.0
14,water_gsolv_eV,192,1.0,0.0,0.6655864996663727,0.6655864996663727,,,,1.0
14,water_gsolv_eV,193,1.0,0.0,0.6655864996663727,0.6655864996663727,,,,1.0
14,water_gsolv_eV,194,1.0,0.0,0.6655864996663727,0.6655864996663727,,,,1.0
14,water_gsolv_eV,195,1.0,0.0,0.6655864996663727,0.6655864996663727,,,,1.0
14,water_gsolv_eV,196,1.0,0.0,0.6655864996663727,0.6655864996663727,,,,1.0
14,water_gsolv_eV,197,1.0,0.0,0.6655864996663727,0.6655864996663727,,,,1.0
14,water_gsolv_eV,198,1.0,0.0,0.6655864996663727,0.6655864996663727,,,,1.0
14,water_gsolv_eV,199,1.0,0.0,0.6655864996663727,0.6655864996663727,,,,1.0
14,water_gsolv_eV,200,1.0,0.0,0.6655864996663727,0.6655864996663727,,,,1.0
14,water_gsolv_eV,201,1.0,0.0,0.6655864996663727,0.6655864996663727,,,,1.0
14,water_gsolv_eV,202,1.0,0.0,0.6655864996663727,0.6655864996663727,,,,1.0
14,water_gsolv_eV,203,1.0,0.0,0.6655864996663727,0.6655864996663727,,,,1.0
14,water_gsolv_eV,204,1.0,0.0,0.6655864996663727,0.6655864996663727,,,,1.0
14,water_gsolv_eV,205,1.0,0.0,0.6655864996663727,0.6655864996663727,,,,1.0
14,water_gsolv_eV,206,1.0,0.0,0.6655864996663727,0.6655864996663727,,,,1.0
14,water_gsolv_eV,207,1.0,0.0,0.6655864996663727,0.6655864996663727,,,,1.0
14,water_gsolv_eV,208,1.0,0.0,0.6655864996663727,0.6655864996663727,,,,1.0
14,water_gsolv_eV,209,1.0,0.0,0.6655864996663727,0.6655864996663727,,,,1.0
14,water_gsolv_eV,210,1.0,0.0,0.6655864996663727,0.6655864996663727,,,,1.0
14,water_gsolv_eV,211,1.0,0.0,0.6655864996663727,0.6655864996663727,,,,1.0
14,water_gsolv_eV,212,1.0,0.0,0.6655864996663727,0.6655864996663727,,,,1.0
14,water_gsolv_eV,213,1.0,0.0,0.6655864996663727,0.6655864996663727,,,,1.0
14,water_gsolv_eV,214,1.0,0.0,0.6655864996663727,0.6655864996663727,,,,1.0
14,water_gsolv_eV,215,1.0,0.0,0.6655864996663727,0.6655864996663727,,,,1.0
14,water_gsolv_eV,216,1.0,0.0,0.6655864996663727,0.6655864996663727,,,,1.0
14,water_gsolv_eV,217,1.0,0.0,0.6655864996663727,0.6655864996663727,,,,1.0
14,water_gsolv_eV,218,1.0,0.0,0.6655864996663727,0.6655864996663727,,,,1.0
14,water_gsolv_eV,219,1.0,0.0,0.6655864996663727,0.6655864996663727,,,,1.0
14,water_gsolv_eV,220,1.0,0.0,0.6655864996663727,0.6655864996663727,,,,1.0
14,water_gsolv_eV,221,1.0,0.0,0.6655864996663727,0.6655864996663727,,,,1.0
14,water_gsolv_eV,222,1.0,0.0,0.6655864996663727,0.6655864996663727,,,,1.0
14,water_gsolv_eV,223,1.0,0.0,0.6655864996663727,0.6655864996663727,,,,1.0
14,water_gsolv_eV,224,1.0,0.0,0.6655864996663727,0.6655864996663727,,,,1.0
14,water_gsolv_eV,225,1.0,0.0,0.6655864996663727,0.6655864996663727,,,,1.0
14,water_gsolv_eV,226,1.0,0.0,0.6655864996663727,0.6655864996663727,,,,1.0
14,water_gsolv_eV,227,1.0,0.0,0.6655864996663727,0.6655864996663727,,,,1.0
14,water_gsolv_eV,228,1.0,0.0,0.6655864996663727,0.6655864996663727,,,,1.0
14,water_gsolv_eV,229,1.0,0.0,0.6655864996663727,0.6655864996663727,,,,1.0
14,water_gsolv_eV,230,1.0,0.0,0.6655864996663727,0.6655864996663727,,,,1.0
14,water_gsolv_eV,231,1.0,0.0,0.6655864996663727,0.6655864996663727,,,,1.0
14,water_gsolv_eV,232,1.0,0.0,0.6655864996663727,0.6655864996663727,,,,1.0
14,water_gsolv_eV,233,1.0,0.0,0.6655864996663727,0.6655864996663727,,,,1.0
14,water_gsolv_eV,234,1.0,0.0,0.6655864996663727,0.6655864996663727,,,,1.0
14,water_gsolv_eV,235,1.0,0.0,0.6655864996663727,0.6655864996663727,,,,1.0
14,water_gsolv_eV,236,1.0,0.0,0.6655864996663727,0.6655864996663727,,,,1.0
14,water_gsolv_eV,237,1.0,0.0,0.6655864996663727,0.6655864996663727,,,,1.0
14,water_gsolv_eV,238,1.0,0.0,0.6655864996663727,0.6655864996663727,,,,1.0
14,water_gsolv_eV,239,1.0,0.0,0.6655864996663727,0.6655864996663727,,,,1.0
14,water_gsolv_eV,240,1.0,0.0,0.6655864996663727,0.6655864996663727,,,,1.0
14,water_gsolv_eV,241,1.0,0.0,0.6655864996663727,0.6655864996663727,,,,1.0
14,water_gsolv_eV,242,1.0,0.0,0.6655864996663727,0.6655864996663727,,,,1.0
14,water_gsolv_eV,243,1.0,0.0,0.6655864996663727,0.6655864996663727,,,,1.0
14,water_gsolv_eV,244,1.0,0.0,0.6655864996663727,0.6655864996663727,,,,1.0
14,water_gsolv_eV,245,1.0,0.0,0.6655864996663727,0.6655864996663727,,,,1.0
14,water_gsolv_eV,246,1.0,0.0,0.6655864996663727,0.6655864996663727,,,,1.0
14,water_gsolv_eV,247,1.0,0.0,0.6655864996663727,0.6655864996663727,,,,1.0
14,water_gsolv_eV,248,1.0,0.0,0.6655864996663727,0.6655864996663727,,,,1.0
14,water_gsolv_eV,249,1.0,0.0,0.6655864996663727,0.6655864996663727,,,,1.0
14,water_hl_gap_eV,0,1.0,0.0,0.6990500247327938,0.6990500247327938,,,,1.0
14,water_hl_gap_eV,1,1.0,0.0,0.6990500247327938,0.6990500247327938,,,,1.0
14,water_hl_gap_eV,2,1.0,0.0,0.6990500247327938,0.6990500247327938,,,,1.0
14,water_hl_gap_eV,3,1.0,0.0,0.6990500247327938,0.6990500247327938,,,,1.0
14,water_hl_gap_eV,4,1.0,0.0,0.6990500247327938,0.6990500247327938,,,,1.0
14,water_hl_gap_eV,5,1.0,0.0,0.6990500247327938,0.6990500247327938,,,,1.0
14,water_hl_gap_eV,6,1.0,0.0,0.6990500247327938,0.6990500247327938,,,,1.0
14,water_hl_gap_eV,7,1.0,0.0,0.6990500247327938,0.6990500247327938,,,,1.0
14,water_hl_gap_eV,8,1.0,0.0,0.6990500247327938,0.6990500247327938,,,,1.0
14,water_hl_gap_eV,9,1.0,0.0,0.6990500247327938,0.6990500247327938,,,,1.0
14,water_hl_gap_eV,10,1.0,0.0,0.6990500247327938,0.6990500247327938,,,,1.0
14,water_hl_gap_eV,11,1.0,0.0,0.6990500247327938,0.6990500247327938,,,,1.0
14,water_hl_gap_eV,12,1.0,0.0,0.6990500247327938,0.6990500247327938,,,,1.0
14,water_hl_gap_eV,13,1.0,0.0,0.6990500247327938,0.6990500247327938,,,,1.0
14,water_hl_gap_eV,14,1.0,0.0,0.6990500247327938,0.6990500247327938,,,,1.0
14,water_hl_gap_eV,15,1.0,0.0,0.6990500247327938,0.6990500247327938,,,,1.0
14,water_hl_gap_eV,16,1.0,0.0,0.6990500247327938,0.6990500247327938,,,,1.0
14,water_hl_gap_eV,17,1.0,0.0,0.6990500247327938,0.6990500247327938,,,,1.0
14,water_hl_gap_eV,18,1.0,0.0,0.6990500247327938,0.6990500247327938,,,,1.0
14,water_hl_gap_eV,19,1.0,0.0,0.6990500247327938,0.6990500247327938,,,,1.0
14,water_hl_gap_eV,20,1.0,0.0,0.6990500247327938,0.6990500247327938,,,,1.0
14,water_hl_gap_eV,21,1.0,0.0,0.6990500247327938,0.6990500247327938,,,,1.0
14,water_hl_gap_eV,22,1.0,0.0,0.6990500247327938,0.6990500247327938,,,,1.0
14,water_hl_gap_eV,23,1.0,0.0,0.6990500247327938,0.6990500247327938,,,,1.0
14,water_hl_gap_eV,24,1.0,0.0,0.6990500247327938,0.6990500247327938,,,,1.0
14,water_hl_gap_eV,25,1.0,0.0,0.6990500247327938,0.6990500247327938,,,,1.0
14,water_hl_gap_eV,26,1.0,0.0,0.6990500247327938,0.6990500247327938,,,,1.0
14,water_hl_gap_eV,27,1.0,0.0,0.6990500247327938,0.6990500247327938,,,,1.0
14,water_hl_gap_eV,28,1.0,0.0,0.6990500247327938,0.6990500247327938,,,,1.0
14,water_hl_gap_eV,29,1.0,0.0,0.6990500247327938,0.6990500247327938,,,,1.0
14,water_hl_gap_eV,30,1.0,0.0,0.6990500247327938,0.6990500247327938,,,,1.0
14,water_hl_gap_eV,31,1.0,0.0,0.6990500247327938,0.6990500247327938,,,,1.0
14,water_hl_gap_eV,32,1.0,0.0,0.6990500247327938,0.6990500247327938,,,,1.0
14,water_hl_gap_eV,33,1.0,0.0,0.6990500247327938,0.6990500247327938,,,,1.0
14,water_hl_gap_eV,34,1.0,0.0,0.6990500247327938,0.6990500247327938,,,,1.0
14,water_hl_gap_eV,35,1.0,0.0,0.6990500247327938,0.6990500247327938,,,,1.0
14,water_hl_gap_eV,36,1.0,0.0,0.6990500247327938,0.6990500247327938,,,,1.0
14,water_hl_gap_eV,37,1.0,0.0,0.6990500247327938,0.6990500247327938,,,,1.0
14,water_hl_gap_eV,38,1.0,0.0,0.6990500247327938,0.6990500247327938,,,,1.0
14,water_hl_gap_eV,39,1.0,0.0,0.6990500247327938,0.6990500247327938,,,,1.0
14,water_hl_gap_eV,40,1.0,0.0,0.6990500247327938,0.6990500247327938,,,,1.0
14,water_hl_gap_eV,41,1.0,0.0,0.6990500247327938,0.6990500247327938,,,,1.0
14,water_hl_gap_eV,42,1.0,0.0,0.6990500247327938,0.6990500247327938,,,,1.0
14,water_hl_gap_eV,43,1.0,0.0,0.6990500247327938,0.6990500247327938,,,,1.0
14,water_hl_gap_eV,44,1.0,0.0,0.6990500247327938,0.6990500247327938,,,,1.0
14,water_hl_gap_eV,45,1.0,0.0,0.6990500247327938,0.6990500247327938,,,,1.0
14,water_hl_gap_eV,46,1.0,0.0,0.6990500247327938,0.6990500247327938,,,,1.0
14,water_hl_gap_eV,47,1.0,0.0,0.6990500247327938,0.6990500247327938,,,,1.0
14,water_hl_gap_eV,48,1.0,0.0,0.6990500247327938,0.6990500247327938,,,,1.0
14,water_hl_gap_eV,49,1.0,0.0,0.6990500247327938,0.6990500247327938,,,,1.0
14,water_hl_gap_eV,50,1.0,0.0,0.6990500247327938,0.6990500247327938,,,,1.0
14,water_hl_gap_eV,51,1.0,0.0,0.6990500247327938,0.6990500247327938,,,,1.0
14,water_hl_gap_eV,52,1.0,0.0,0.6990500247327938,0.6990500247327938,,,,1.0
14,water_hl_gap_eV,53,1.0,0.0,0.6990500247327938,0.6990500247327938,,,,1.0
14,water_hl_gap_eV,54,1.0,0.0,0.6990500247327938,0.6990500247327938,,,,1.0
14,water_hl_gap_eV,55,1.0,0.0,0.6990500247327938,0.6990500247327938,,,,1.0
14,water_hl_gap_eV,56,1.0,0.0,0.6990500247327938,0.6990500247327938,,,,1.0
14,water_hl_gap_eV,57,1.0,0.0,0.6990500247327938,0.6990500247327938,,,,1.0
14,water_hl_gap_eV,58,1.0,0.0,0.6990500247327938,0.6990500247327938,,,,1.0
14,water_hl_gap_eV,59,1.0,0.0,0.6990500247327938,0.6990500247327938,,,,1.0
14,water_hl_gap_eV,60,1.0,0.0,0.6990500247327938,0.6990500247327938,,,,1.0
14,water_hl_gap_eV,61,1.0,0.0,0.6990500247327938,0.6990500247327938,,,,1.0
14,water_hl_gap_eV,62,1.0,0.0,0.6990500247327938,0.6990500247327938,,,,1.0
14,water_hl_gap_eV,63,1.0,0.0,0.6990500247327938,0.6990500247327938,,,,1.0
14,water_hl_gap_eV,64,1.0,0.0,0.6990500247327938,0.6990500247327938,,,,1.0
14,water_hl_gap_eV,65,1.0,0.0,0.6990500247327938,0.6990500247327938,,,,1.0
14,water_hl_gap_eV,66,1.0,0.0,0.6990500247327938,0.6990500247327938,,,,1.0
14,water_hl_gap_eV,67,1.0,0.0,0.6990500247327938,0.6990500247327938,,,,1.0
14,water_hl_gap_eV,68,1.0,0.0,0.6990500247327938,0.6990500247327938,,,,1.0
14,water_hl_gap_eV,69,1.0,0.0,0.6990500247327938,0.6990500247327938,,,,1.0
14,water_hl_gap_eV,70,1.0,0.0,0.6990500247327938,0.6990500247327938,,,,1.0
14,water_hl_gap_eV,71,1.0,0.0,0.6990500247327938,0.6990500247327938,,,,1.0
14,water_hl_gap_eV,72,1.0,0.0,0.6990500247327938,0.6990500247327938,,,,1.0
14,water_hl_gap_eV,73,1.0,0.0,0.6990500247327938,0.6990500247327938,,,,1.0
14,water_hl_gap_eV,74,1.0,0.0,0.6990500247327938,0.6990500247327938,,,,1.0
14,water_hl_gap_eV,75,1.0,0.0,0.6990500247327938,0.6990500247327938,,,,1.0
14,water_hl_gap_eV,76,1.0,0.0,0.6990500247327938,0.6990500247327938,,,,1.0
14,water_hl_gap_eV,77,1.0,0.0,0.6990500247327938,0.6990500247327938,,,,1.0
14,water_hl_gap_eV,78,1.0,0.0,0.6990500247327938,0.6990500247327938,,,,1.0
14,water_hl_gap_eV,79,1.0,0.0,0.6990500247327938,0.6990500247327938,,,,1.0
14,water_hl_gap_eV,80,1.0,0.0,0.6990500247327938,0.6990500247327938,,,,1.0
14,water_hl_gap_eV,81,1.0,0.0,0.6990500247327938,0.6990500247327938,,,,1.0
14,water_hl_gap_eV,82,1.0,0.0,0.6990500247327938,0.6990500247327938,,,,1.0
14,water_hl_gap_eV,83,1.0,0.0,0.6990500247327938,0.6990500247327938,,,,1.0
14,water_hl_gap_eV,84,1.0,0.0,0.6990500247327938,0.6990500247327938,,,,1.0
14,water_hl_gap_eV,85,1.0,0.0,0.6990500247327938,0.6990500247327938,,,,1.0
14,water_hl_gap_eV,86,1.0,0.0,0.6990500247327938,0.6990500247327938,,,,1.0
14,water_hl_gap_eV,87,1.0,0.0,0.6990500247327938,0.6990500247327938,,,,1.0
14,water_hl_gap_eV,88,1.0,0.0,0.6990500247327938,0.6990500247327938,,,,1.0
14,water_hl_gap_eV,89,1.0,0.0,0.6990500247327938,0.6990500247327938,,,,1.0
14,water_hl_gap_eV,90,1.0,0.0,0.6990500247327938,0.6990500247327938,,,,1.0
14,water_hl_gap_eV,91,1.0,0.0,0.6990500247327938,0.6990500247327938,,,,1.0
14,water_hl_gap_eV,92,1.0,0.0,0.6990500247327938,0.6990500247327938,,,,1.0
14,water_hl_gap_eV,93,1.0,0.0,0.6990500247327938,0.6990500247327938,,,,1.0
14,water_hl_gap_eV,94,1.0,0.0,0.6990500247327938,0.6990500247327938,,,,1.0
14,water_hl_gap_eV,95,1.0,0.0,0.6990500247327938,0.6990500247327938,,,,1.0
14,water_hl_gap_eV,96,1.0,0.0,0.6990500247327938,0.6990500247327938,,,,1.0
14,water_hl_gap_eV,97,1.0,0.0,0.6990500247327938,0.6990500247327938,,,,1.0
14,water_hl_gap_eV,98,1.0,0.0,0.6990500247327938,0.6990500247327938,,,,1.0
14,water_hl_gap_eV,99,1.0,0.0,0.6990500247327938,0.6990500247327938,,,,1.0
14,water_hl_gap_eV,100,1.0,0.0,0.6990500247327938,0.6990500247327938,,,,1.0
14,water_hl_gap_eV,101,1.0,0.0,0.6990500247327938,0.6990500247327938,,,,1.0
14,water_hl_gap_eV,102,1.0,0.0,0.6990500247327938,0.6990500247327938,,,,1.0
14,water_hl_gap_eV,103,1.0,0.0,0.6990500247327938,0.6990500247327938,,,,1.0
14,water_hl_gap_eV,104,1.0,0.0,0.6990500247327938,0.6990500247327938,,,,1.0
14,water_hl_gap_eV,105,1.0,0.0,0.6990500247327938,0.6990500247327938,,,,1.0
14,water_hl_gap_eV,106,1.0,0.0,0.6990500247327938,0.6990500247327938,,,,1.0
14,water_hl_gap_eV,107,1.0,0.0,0.6990500247327938,0.6990500247327938,,,,1.0
14,water_hl_gap_eV,108,1.0,0.0,0.6990500247327938,0.6990500247327938,,,,1.0
14,water_hl_gap_eV,109,1.0,0.0,0.6990500247327938,0.6990500247327938,,,,1.0
14,water_hl_gap_eV,110,1.0,0.0,0.6990500247327938,0.6990500247327938,,,,1.0
14,water_hl_gap_eV,111,1.0,0.0,0.6990500247327938,0.6990500247327938,,,,1.0
14,water_hl_gap_eV,112,1.0,0.0,0.6990500247327938,0.6990500247327938,,,,1.0
14,water_hl_gap_eV,113,1.0,0.0,0.6990500247327938,0.6990500247327938,,,,1.0
14,water_hl_gap_eV,114,1.0,0.0,0.6990500247327938,0.6990500247327938,,,,1.0
14,water_hl_gap_eV,115,1.0,0.0,0.6990500247327938,0.6990500247327938,,,,1.0
14,water_hl_gap_eV,116,1.0,0.0,0.6990500247327938,0.6990500247327938,,,,1.0
14,water_hl_gap_eV,117,1.0,0.0,0.6990500247327938,0.6990500247327938,,,,1.0
14,water_hl_gap_eV,118,1.0,0.0,0.6990500247327938,0.6990500247327938,,,,1.0
14,water_hl_gap_eV,119,1.0,0.0,0.6990500247327938,0.6990500247327938,,,,1.0
14,water_hl_gap_eV,120,1.0,0.0,0.6990500247327938,0.6990500247327938,,,,1.0
14,water_hl_gap_eV,121,1.0,0.0,0.6990500247327938,0.6990500247327938,,,,1.0
14,water_hl_gap_eV,122,1.0,0.0,0.6990500247327938,0.6990500247327938,,,,1.0
14,water_hl_gap_eV,123,1.0,0.0,0.6990500247327938,0.6990500247327938,,,,1.0
14,water_hl_gap_eV,124,1.0,0.0,0.6990500247327938,0.6990500247327938,,,,1.0
14,water_hl_gap_eV,125,1.0,0.0,0.6990500247327938,0.6990500247327938,,,,1.0
14,water_hl_gap_eV,126,1.0,0.0,0.6990500247327938,0.6990500247327938,,,,1.0
14,water_hl_gap_eV,127,1.0,0.0,0.6990500247327938,0.6990500247327938,,,,1.0
14,water_hl_gap_eV,128,1.0,0.0,0.6990500247327938,0.6990500247327938,,,,1.0
14,water_hl_gap_eV,129,1.0,0.0,0.6990500247327938,0.6990500247327938,,,,1.0
14,water_hl_gap_eV,130,1.0,0.0,0.6990500247327938,0.6990500247327938,,,,1.0
14,water_hl_gap_eV,131,1.0,0.0,0.6990500247327938,0.6990500247327938,,,,1.0
14,water_hl_gap_eV,132,1.0,0.0,0.6990500247327938,0.6990500247327938,,,,1.0
14,water_hl_gap_eV,133,1.0,0.0,0.6990500247327938,0.6990500247327938,,,,1.0
14,water_hl_gap_eV,134,1.0,0.0,0.6990500247327938,0.6990500247327938,,,,1.0
14,water_hl_gap_eV,135,1.0,0.0,0.6990500247327938,0.6990500247327938,,,,1.0
14,water_hl_gap_eV,136,1.0,0.0,0.6990500247327938,0.6990500247327938,,,,1.0
14,water_hl_gap_eV,137,1.0,0.0,0.6990500247327938,0.6990500247327938,,,,1.0
14,water_hl_gap_eV,138,1.0,0.0,0.6990500247327938,0.6990500247327938,,,,1.0
14,water_hl_gap_eV,139,1.0,0.0,0.6990500247327938,0.6990500247327938,,,,1.0
14,water_hl_gap_eV,140,1.0,0.0,0.6990500247327938,0.6990500247327938,,,,1.0
14,water_hl_gap_eV,141,1.0,0.0,0.6990500247327938,0.6990500247327938,,,,1.0
14,water_hl_gap_eV,142,1.0,0.0,0.6990500247327938,0.6990500247327938,,,,1.0
14,water_hl_gap_eV,143,1.0,0.0,0.6990500247327938,0.6990500247327938,,,,1.0
14,water_hl_gap_eV,144,1.0,0.0,0.6990500247327938,0.6990500247327938,,,,1.0
14,water_hl_gap_eV,145,1.0,0.0,0.6990500247327938,0.6990500247327938,,,,1.0
14,water_hl_gap_eV,146,1.0,0.0,0.6990500247327938,0.6990500247327938,,,,1.0
14,water_hl_gap_eV,147,1.0,0.0,0.6990500247327938,0.6990500247327938,,,,1.0
14,water_hl_gap_eV,148,1.0,0.0,0.6990500247327938,0.6990500247327938,,,,1.0
14,water_hl_gap_eV,149,1.0,0.0,0.6990500247327938,0.6990500247327938,,,,1.0
14,water_hl_gap_eV,150,1.0,0.0,0.6990500247327938,0.6990500247327938,,,,1.0
14,water_hl_gap_eV,151,1.0,0.0,0.6990500247327938,0.6990500247327938,,,,1.0
14,water_hl_gap_eV,152,1.0,0.0,0.6990500247327938,0.6990500247327938,,,,1.0
14,water_hl_gap_eV,153,1.0,0.0,0.6990500247327938,0.6990500247327938,,,,1.0
14,water_hl_gap_eV,154,1.0,0.0,0.6990500247327938,0.6990500247327938,,,,1.0
14,water_hl_gap_eV,155,1.0,0.0,0.6990500247327938,0.6990500247327938,,,,1.0
14,water_hl_gap_eV,156,1.0,0.0,0.6990500247327938,0.6990500247327938,,,,1.0
14,water_hl_gap_eV,157,1.0,0.0,0.6990500247327938,0.6990500247327938,,,,1.0
14,water_hl_gap_eV,158,1.0,0.0,0.6990500247327938,0.6990500247327938,,,,1.0
14,water_hl_gap_eV,159,1.0,0.0,0.6990500247327938,0.6990500247327938,,,,1.0
14,water_hl_gap_eV,160,1.0,0.0,0.6990500247327938,0.6990500247327938,,,,1.0
14,water_hl_gap_eV,161,1.0,0.0,0.6990500247327938,0.6990500247327938,,,,1.0
14,water_hl_gap_eV,162,1.0,0.0,0.6990500247327938,0.6990500247327938,,,,1.0
14,water_hl_gap_eV,163,1.0,0.0,0.6990500247327938,0.6990500247327938,,,,1.0
14,water_hl_gap_eV,164,1.0,0.0,0.6990500247327938,0.6990500247327938,,,,1.0
14,water_hl_gap_eV,165,1.0,0.0,0.6990500247327938,0.6990500247327938,,,,1.0
14,water_hl_gap_eV,166,1.0,0.0,0.6990500247327938,0.6990500247327938,,,,1.0
14,water_hl_gap_eV,167,1.0,0.0,0.6990500247327938,0.6990500247327938,,,,1.0
14,water_hl_gap_eV,168,1.0,0.0,0.6990500247327938,0.6990500247327938,,,,1.0
14,water_hl_gap_eV,169,1.0,0.0,0.6990500247327938,0.6990500247327938,,,,1.0
14,water_hl_gap_eV,170,1.0,0.0,0.6990500247327938,0.6990500247327938,,,,1.0
14,water_hl_gap_eV,171,1.0,0.0,0.6990500247327938,0.6990500247327938,,,,1.0
14,water_hl_gap_eV,172,1.0,0.0,0.6990500247327938,0.6990500247327938,,,,1.0
14,water_hl_gap_eV,173,1.0,0.0,0.6990500247327938,0.6990500247327938,,,,1.0
14,water_hl_gap_eV,174,1.0,0.0,0.6990500247327938,0.6990500247327938,,,,1.0
14,water_hl_gap_eV,175,1.0,0.0,0.6990500247327938,0.6990500247327938,,,,1.0
14,water_hl_gap_eV,176,1.0,0.0,0.6990500247327938,0.6990500247327938,,,,1.0
14,water_hl_gap_eV,177,1.0,0.0,0.6990500247327938,0.6990500247327938,,,,1.0
14,water_hl_gap_eV,178,1.0,0.0,0.6990500247327938,0.6990500247327938,,,,1.0
14,water_hl_gap_eV,179,1.0,0.0,0.6990500247327938,0.6990500247327938,,,,1.0
14,water_hl_gap_eV,180,1.0,0.0,0.6990500247327938,0.6990500247327938,,,,1.0
14,water_hl_gap_eV,181,1.0,0.0,0.6990500247327938,0.6990500247327938,,,,1.0
14,water_hl_gap_eV,182,1.0,0.0,0.6990500247327938,0.6990500247327938,,,,1.0
14,water_hl_gap_eV,183,1.0,0.0,0.6990500247327938,0.6990500247327938,,,,1.0
14,water_hl_gap_eV,184,1.0,0.0,0.6990500247327938,0.6990500247327938,,,,1.0
14,water_hl_gap_eV,185,1.0,0.0,0.6990500247327938,0.6990500247327938,,,,1.0
14,water_hl_gap_eV,186,1.0,0.0,0.6990500247327938,0.6990500247327938,,,,1.0
14,water_hl_gap_eV,187,1.0,0.0,0.6990500247327938,0.6990500247327938,,,,1.0
14,water_hl_gap_eV,188,1.0,0.0,0.6990500247327938,0.6990500247327938,,,,1.0
14,water_hl_gap_eV,189,1.0,0.0,0.6990500247327938,0.6990500247327938,,,,1.0
14,water_hl_gap_eV,190,1.0,0.0,0.6990500247327938,0.6990500247327938,,,,1.0
14,water_hl_gap_eV,191,1.0,0.0,0.6990500247327938,0.6990500247327938,,,,1.0
14,water_hl_gap_eV,192,1.0,0.0,0.6990500247327938,0.6990500247327938,,,,1.0
14,water_hl_gap_eV,193,1.0,0.0,0.6990500247327938,0.6990500247327938,,,,1.0
14,water_hl_gap_eV,194,1.0,0.0,0.6990500247327938,0.6990500247327938,,,,1.0
14,water_hl_gap_eV,195,1.0,0.0,0.6990500247327938,0.6990500247327938,,,,1.0
14,water_hl_gap_eV,196,1.0,0.0,0.6990500247327938,0.6990500247327938,,,,1.0
14,water_hl_gap_eV,197,1.0,0.0,0.6990500247327938,0.6990500247327938,,,,1.0
14,water_hl_gap_eV,198,1.0,0.0,0.6990500247327938,0.6990500247327938,,,,1.0
14,water_hl_gap_eV,199,1.0,0.0,0.6990500247327938,0.6990500247327938,,,,1.0
14,water_hl_gap_eV,200,1.0,0.0,0.6990500247327938,0.6990500247327938,,,,1.0
14,water_hl_gap_eV,201,1.0,0.0,0.6990500247327938,0.6990500247327938,,,,1.0
14,water_hl_gap_eV,202,1.0,0.0,0.6990500247327938,0.6990500247327938,,,,1.0
14,water_hl_gap_eV,203,1.0,0.0,0.6990500247327938,0.6990500247327938,,,,1.0
14,water_hl_gap_eV,204,1.0,0.0,0.6990500247327938,0.6990500247327938,,,,1.0
14,water_hl_gap_eV,205,1.0,0.0,0.6990500247327938,0.6990500247327938,,,,1.0
14,water_hl_gap_eV,206,1.0,0.0,0.6990500247327938,0.6990500247327938,,,,1.0
14,water_hl_gap_eV,207,1.0,0.0,0.6990500247327938,0.6990500247327938,,,,1.0
14,water_hl_gap_eV,208,1.0,0.0,0.6990500247327938,0.6990500247327938,,,,1.0
14,water_hl_gap_eV,209,1.0,0.0,0.6990500247327938,0.6990500247327938,,,,1.0
14,water_hl_gap_eV,210,1.0,0.0,0.6990500247327938,0.6990500247327938,,,,1.0
14,water_hl_gap_eV,211,1.0,0.0,0.6990500247327938,0.6990500247327938,,,,1.0
14,water_hl_gap_eV,212,1.0,0.0,0.6990500247327938,0.6990500247327938,,,,1.0
14,water_hl_gap_eV,213,1.0,0.0,0.6990500247327938,0.6990500247327938,,,,1.0
14,water_hl_gap_eV,214,1.0,0.0,0.6990500247327938,0.6990500247327938,,,,1.0
14,water_hl_gap_eV,215,1.0,0.0,0.6990500247327938,0.6990500247327938,,,,1.0
14,water_hl_gap_eV,216,1.0,0.0,0.6990500247327938,0.6990500247327938,,,,1.0
14,water_hl_gap_eV,217,1.0,0.0,0.6990500247327938,0.6990500247327938,,,,1.0
14,water_hl_gap_eV,218,1.0,0.0,0.6990500247327938,0.6990500247327938,,,,1.0
14,water_hl_gap_eV,219,1.0,0.0,0.6990500247327938,0.6990500247327938,,,,1.0
14,water_hl_gap_eV,220,1.0,0.0,0.6990500247327938,0.6990500247327938,,,,1.0
14,water_hl_gap_eV,221,1.0,0.0,0.6990500247327938,0.6990500247327938,,,,1.0
14,water_hl_gap_eV,222,1.0,0.0,0.6990500247327938,0.6990500247327938,,,,1.0
14,water_hl_gap_eV,223,1.0,0.0,0.6990500247327938,0.6990500247327938,,,,1.0
14,water_hl_gap_eV,224,1.0,0.0,0.6990500247327938,0.6990500247327938,,,,1.0
14,water_hl_gap_eV,225,1.0,0.0,0.6990500247327938,0.6990500247327938,,,,1.0
14,water_hl_gap_eV,226,1.0,0.0,0.6990500247327938,0.6990500247327938,,,,1.0
14,water_hl_gap_eV,227,1.0,0.0,0.6990500247327938,0.6990500247327938,,,,1.0
14,water_hl_gap_eV,228,1.0,0.0,0.6990500247327938,0.6990500247327938,,,,1.0
14,water_hl_gap_eV,229,1.0,0.0,0.6990500247327938,0.6990500247327938,,,,1.0
14,water_hl_gap_eV,230,1.0,0.0,0.6990500247327938,0.6990500247327938,,,,1.0
14,water_hl_gap_eV,231,1.0,0.0,0.6990500247327938,0.6990500247327938,,,,1.0
14,water_hl_gap_eV,232,1.0,0.0,0.6990500247327938,0.6990500247327938,,,,1.0
14,water_hl_gap_eV,233,1.0,0.0,0.6990500247327938,0.6990500247327938,,,,1.0
14,water_hl_gap_eV,234,1.0,0.0,0.6990500247327938,0.6990500247327938,,,,1.0
14,water_hl_gap_eV,235,1.0,0.0,0.6990500247327938,0.6990500247327938,,,,1.0
14,water_hl_gap_eV,236,1.0,0.0,0.6990500247327938,0.6990500247327938,,,,1.0
14,water_hl_gap_eV,237,1.0,0.0,0.6990500247327938,0.6990500247327938,,,,1.0
14,water_hl_gap_eV,238,1.0,0.0,0.6990500247327938,0.6990500247327938,,,,1.0
14,water_hl_gap_eV,239,1.0,0.0,0.6990500247327938,0.6990500247327938,,,,1.0
14,water_hl_gap_eV,240,1.0,0.0,0.6990500247327938,0.6990500247327938,,,,1.0
14,water_hl_gap_eV,241,1.0,0.0,0.6990500247327938,0.6990500247327938,,,,1.0
14,water_hl_gap_eV,242,1.0,0.0,0.6990500247327938,0.6990500247327938,,,,1.0
14,water_hl_gap_eV,243,1.0,0.0,0.6990500247327938,0.6990500247327938,,,,1.0
14,water_hl_gap_eV,244,1.0,0.0,0.6990500247327938,0.6990500247327938,,,,1.0
14,water_hl_gap_eV,245,1.0,0.0,0.6990500247327938,0.6990500247327938,,,,1.0
14,water_hl_gap_eV,246,1.0,0.0,0.6990500247327938,0.6990500247327938,,,,1.0
14,water_hl_gap_eV,247,1.0,0.0,0.6990500247327938,0.6990500247327938,,,,1.0
14,water_hl_gap_eV,248,1.0,0.0,0.6990500247327938,0.6990500247327938,,,,1.0
14,water_hl_gap_eV,249,1.0,0.0,0.6990500247327938,0.6990500247327938,,,,1.0
14,water_dipole,0,1.0,0.0,0.6039262469230249,0.6039262469230249,,,,1.0
14,water_dipole,1,1.0,0.0,0.6039262469230249,0.6039262469230249,,,,1.0
14,water_dipole,2,1.0,0.0,0.6039262469230249,0.6039262469230249,,,,1.0
14,water_dipole,3,1.0,0.0,0.6039262469230249,0.6039262469230249,,,,1.0
14,water_dipole,4,1.0,0.0,0.6039262469230249,0.6039262469230249,,,,1.0
14,water_dipole,5,1.0,0.0,0.6039262469230249,0.6039262469230249,,,,1.0
14,water_dipole,6,1.0,0.0,0.6039262469230249,0.6039262469230249,,,,1.0
14,water_dipole,7,1.0,0.0,0.6039262469230249,0.6039262469230249,,,,1.0
14,water_dipole,8,1.0,0.0,0.6039262469230249,0.6039262469230249,,,,1.0
14,water_dipole,9,1.0,0.0,0.6039262469230249,0.6039262469230249,,,,1.0
14,water_dipole,10,1.0,0.0,0.6039262469230249,0.6039262469230249,,,,1.0
14,water_dipole,11,1.0,0.0,0.6039262469230249,0.6039262469230249,,,,1.0
14,water_dipole,12,1.0,0.0,0.6039262469230249,0.6039262469230249,,,,1.0
14,water_dipole,13,1.0,0.0,0.6039262469230249,0.6039262469230249,,,,1.0
14,water_dipole,14,1.0,0.0,0.6039262469230249,0.6039262469230249,,,,1.0
14,water_dipole,15,1.0,0.0,0.6039262469230249,0.6039262469230249,,,,1.0
14,water_dipole,16,1.0,0.0,0.6039262469230249,0.6039262469230249,,,,1.0
14,water_dipole,17,1.0,0.0,0.6039262469230249,0.6039262469230249,,,,1.0
14,water_dipole,18,1.0,0.0,0.6039262469230249,0.6039262469230249,,,,1.0
14,water_dipole,19,1.0,0.0,0.6039262469230249,0.6039262469230249,,,,1.0
14,water_dipole,20,1.0,0.0,0.6039262469230249,0.6039262469230249,,,,1.0
14,water_dipole,21,1.0,0.0,0.6039262469230249,0.6039262469230249,,,,1.0
14,water_dipole,22,1.0,0.0,0.6039262469230249,0.6039262469230249,,,,1.0
14,water_dipole,23,1.0,0.0,0.6039262469230249,0.6039262469230249,,,,1.0
14,water_dipole,24,1.0,0.0,0.6039262469230249,0.6039262469230249,,,,1.0
14,water_dipole,25,1.0,0.0,0.6039262469230249,0.6039262469230249,,,,1.0
14,water_dipole,26,1.0,0.0,0.6039262469230249,0.6039262469230249,,,,1.0
14,water_dipole,27,1.0,0.0,0.6039262469230249,0.6039262469230249,,,,1.0
14,water_dipole,28,1.0,0.0,0.6039262469230249,0.6039262469230249,,,,1.0
14,water_dipole,29,1.0,0.0,0.6039262469230249,0.6039262469230249,,,,1.0
14,water_dipole,30,1.0,0.0,0.6039262469230249,0.6039262469230249,,,,1.0
14,water_dipole,31,1.0,0.0,0.6039262469230249,0.6039262469230249,,,,1.0
14,water_dipole,32,1.0,0.0,0.6039262469230249,0.6039262469230249,,,,1.0
14,water_dipole,33,1.0,0.0,0.6039262469230249,0.6039262469230249,,,,1.0
14,water_dipole,34,1.0,0.0,0.6039262469230249,0.6039262469230249,,,,1.0
14,water_dipole,35,1.0,0.0,0.6039262469230249,0.6039262469230249,,,,1.0
14,water_dipole,36,1.0,0.0,0.6039262469230249,0.6039262469230249,,,,1.0
14,water_dipole,37,1.0,0.0,0.6039262469230249,0.6039262469230249,,,,1.0
14,water_dipole,38,1.0,0.0,0.6039262469230249,0.6039262469230249,,,,1.0
14,water_dipole,39,1.0,0.0,0.6039262469230249,0.6039262469230249,,,,1.0
14,water_dipole,40,1.0,0.0,0.6039262469230249,0.6039262469230249,,,,1.0
14,water_dipole,41,1.0,0.0,0.6039262469230249,0.6039262469230249,,,,1.0
14,water_dipole,42,1.0,0.0,0.6039262469230249,0.6039262469230249,,,,1.0
14,water_dipole,43,1.0,0.0,0.6039262469230249,0.6039262469230249,,,,1.0
14,water_dipole,44,1.0,0.0,0.6039262469230249,0.6039262469230249,,,,1.0
14,water_dipole,45,1.0,0.0,0.6039262469230249,0.6039262469230249,,,,1.0
14,water_dipole,46,1.0,0.0,0.6039262469230249,0.6039262469230249,,,,1.0
14,water_dipole,47,1.0,0.0,0.6039262469230249,0.6039262469230249,,,,1.0
14,water_dipole,48,1.0,0.0,0.6039262469230249,0.6039262469230249,,,,1.0
14,water_dipole,49,1.0,0.0,0.6039262469230249,0.6039262469230249,,,,1.0
14,water_dipole,50,1.0,0.0,0.6039262469230249,0.6039262469230249,,,,1.0
14,water_dipole,51,1.0,0.0,0.6039262469230249,0.6039262469230249,,,,1.0
14,water_dipole,52,1.0,0.0,0.6039262469230249,0.6039262469230249,,,,1.0
14,water_dipole,53,1.0,0.0,0.6039262469230249,0.6039262469230249,,,,1.0
14,water_dipole,54,1.0,0.0,0.6039262469230249,0.6039262469230249,,,,1.0
14,water_dipole,55,1.0,0.0,0.6039262469230249,0.6039262469230249,,,,1.0
14,water_dipole,56,1.0,0.0,0.6039262469230249,0.6039262469230249,,,,1.0
14,water_dipole,57,1.0,0.0,0.6039262469230249,0.6039262469230249,,,,1.0
14,water_dipole,58,1.0,0.0,0.6039262469230249,0.6039262469230249,,,,1.0
14,water_dipole,59,1.0,0.0,0.6039262469230249,0.6039262469230249,,,,1.0
14,water_dipole,60,1.0,0.0,0.6039262469230249,0.6039262469230249,,,,1.0
14,water_dipole,61,1.0,0.0,0.6039262469230249,0.6039262469230249,,,,1.0
14,water_dipole,62,1.0,0.0,0.6039262469230249,0.6039262469230249,,,,1.0
14,water_dipole,63,1.0,0.0,0.6039262469230249,0.6039262469230249,,,,1.0
14,water_dipole,64,1.0,0.0,0.6039262469230249,0.6039262469230249,,,,1.0
14,water_dipole,65,1.0,0.0,0.6039262469230249,0.6039262469230249,,,,1.0
14,water_dipole,66,1.0,0.0,0.6039262469230249,0.6039262469230249,,,,1.0
14,water_dipole,67,1.0,0.0,0.6039262469230249,0.6039262469230249,,,,1.0
14,water_dipole,68,1.0,0.0,0.6039262469230249,0.6039262469230249,,,,1.0
14,water_dipole,69,1.0,0.0,0.6039262469230249,0.6039262469230249,,,,1.0
14,water_dipole,70,1.0,0.0,0.6039262469230249,0.6039262469230249,,,,1.0
14,water_dipole,71,1.0,0.0,0.6039262469230249,0.6039262469230249,,,,1.0
14,water_dipole,72,1.0,0.0,0.6039262469230249,0.6039262469230249,,,,1.0
14,water_dipole,73,1.0,0.0,0.6039262469230249,0.6039262469230249,,,,1.0
14,water_dipole,74,1.0,0.0,0.6039262469230249,0.6039262469230249,,,,1.0
14,water_dipole,75,1.0,0.0,0.6039262469230249,0.6039262469230249,,,,1.0
14,water_dipole,76,1.0,0.0,0.6039262469230249,0.6039262469230249,,,,1.0
14,water_dipole,77,1.0,0.0,0.6039262469230249,0.6039262469230249,,,,1.0
14,water_dipole,78,1.0,0.0,0.6039262469230249,0.6039262469230249,,,,1.0
14,water_dipole,79,1.0,0.0,0.6039262469230249,0.6039262469230249,,,,1.0
14,water_dipole,80,1.0,0.0,0.6039262469230249,0.6039262469230249,,,,1.0
14,water_dipole,81,1.0,0.0,0.6039262469230249,0.6039262469230249,,,,1.0
14,water_dipole,82,1.0,0.0,0.6039262469230249,0.6039262469230249,,,,1.0
14,water_dipole,83,1.0,0.0,0.6039262469230249,0.6039262469230249,,,,1.0
14,water_dipole,84,1.0,0.0,0.6039262469230249,0.6039262469230249,,,,1.0
14,water_dipole,85,1.0,0.0,0.6039262469230249,0.6039262469230249,,,,1.0
14,water_dipole,86,1.0,0.0,0.6039262469230249,0.6039262469230249,,,,1.0
14,water_dipole,87,1.0,0.0,0.6039262469230249,0.6039262469230249,,,,1.0
14,water_dipole,88,1.0,0.0,0.6039262469230249,0.6039262469230249,,,,1.0
14,water_dipole,89,1.0,0.0,0.6039262469230249,0.6039262469230249,,,,1.0
14,water_dipole,90,1.0,0.0,0.6039262469230249,0.6039262469230249,,,,1.0
14,water_dipole,91,1.0,0.0,0.6039262469230249,0.6039262469230249,,,,1.0
14,water_dipole,92,1.0,0.0,0.6039262469230249,0.6039262469230249,,,,1.0
14,water_dipole,93,1.0,0.0,0.6039262469230249,0.6039262469230249,,,,1.0
14,water_dipole,94,1.0,0.0,0.6039262469230249,0.6039262469230249,,,,1.0
14,water_dipole,95,1.0,0.0,0.6039262469230249,0.6039262469230249,,,,1.0
14,water_dipole,96,1.0,0.0,0.6039262469230249,0.6039262469230249,,,,1.0
14,water_dipole,97,1.0,0.0,0.6039262469230249,0.6039262469230249,,,,1.0
14,water_dipole,98,1.0,0.0,0.6039262469230249,0.6039262469230249,,,,1.0
14,water_dipole,99,1.0,0.0,0.6039262469230249,0.6039262469230249,,,,1.0
14,water_dipole,100,1.0,0.0,0.6039262469230249,0.6039262469230249,,,,1.0
14,water_dipole,101,1.0,0.0,0.6039262469230249,0.6039262469230249,,,,1.0
14,water_dipole,102,1.0,0.0,0.6039262469230249,0.6039262469230249,,,,1.0
14,water_dipole,103,1.0,0.0,0.6039262469230249,0.6039262469230249,,,,1.0
14,water_dipole,104,1.0,0.0,0.6039262469230249,0.6039262469230249,,,,1.0
14,water_dipole,105,1.0,0.0,0.6039262469230249,0.6039262469230249,,,,1.0
14,water_dipole,106,1.0,0.0,0.6039262469230249,0.6039262469230249,,,,1.0
14,water_dipole,107,1.0,0.0,0.6039262469230249,0.6039262469230249,,,,1.0
14,water_dipole,108,1.0,0.0,0.6039262469230249,0.6039262469230249,,,,1.0
14,water_dipole,109,1.0,0.0,0.6039262469230249,0.6039262469230249,,,,1.0
14,water_dipole,110,1.0,0.0,0.6039262469230249,0.6039262469230249,,,,1.0
14,water_dipole,111,1.0,0.0,0.6039262469230249,0.6039262469230249,,,,1.0
14,water_dipole,112,1.0,0.0,0.6039262469230249,0.6039262469230249,,,,1.0
14,water_dipole,113,1.0,0.0,0.6039262469230249,0.6039262469230249,,,,1.0
14,water_dipole,114,1.0,0.0,0.6039262469230249,0.6039262469230249,,,,1.0
14,water_dipole,115,1.0,0.0,0.6039262469230249,0.6039262469230249,,,,1.0
14,water_dipole,116,1.0,0.0,0.6039262469230249,0.6039262469230249,,,,1.0
14,water_dipole,117,1.0,0.0,0.6039262469230249,0.6039262469230249,,,,1.0
14,water_dipole,118,1.0,0.0,0.6039262469230249,0.6039262469230249,,,,1.0
14,water_dipole,119,1.0,0.0,0.6039262469230249,0.6039262469230249,,,,1.0
14,water_dipole,120,1.0,0.0,0.6039262469230249,0.6039262469230249,,,,1.0
14,water_dipole,121,1.0,0.0,0.6039262469230249,0.6039262469230249,,,,1.0
14,water_dipole,122,1.0,0.0,0.6039262469230249,0.6039262469230249,,,,1.0
14,water_dipole,123,1.0,0.0,0.6039262469230249,0.6039262469230249,,,,1.0
14,water_dipole,124,1.0,0.0,0.6039262469230249,0.6039262469230249,,,,1.0
14,water_dipole,125,1.0,0.0,0.6039262469230249,0.6039262469230249,,,,1.0
14,water_dipole,126,1.0,0.0,0.6039262469230249,0.6039262469230249,,,,1.0
14,water_dipole,127,1.0,0.0,0.6039262469230249,0.6039262469230249,,,,1.0
14,water_dipole,128,1.0,0.0,0.6039262469230249,0.6039262469230249,,,,1.0
14,water_dipole,129,1.0,0.0,0.6039262469230249,0.6039262469230249,,,,1.0
14,water_dipole,130,1.0,0.0,0.6039262469230249,0.6039262469230249,,,,1.0
14,water_dipole,131,1.0,0.0,0.6039262469230249,0.6039262469230249,,,,1.0
14,water_dipole,132,1.0,0.0,0.6039262469230249,0.6039262469230249,,,,1.0
14,water_dipole,133,1.0,0.0,0.6039262469230249,0.6039262469230249,,,,1.0
14,water_dipole,134,1.0,0.0,0.6039262469230249,0.6039262469230249,,,,1.0
14,water_dipole,135,1.0,0.0,0.6039262469230249,0.6039262469230249,,,,1.0
14,water_dipole,136,1.0,0.0,0.6039262469230249,0.6039262469230249,,,,1.0
14,water_dipole,137,1.0,0.0,0.6039262469230249,0.6039262469230249,,,,1.0
14,water_dipole,138,1.0,0.0,0.6039262469230249,0.6039262469230249,,,,1.0
14,water_dipole,139,1.0,0.0,0.6039262469230249,0.6039262469230249,,,,1.0
14,water_dipole,140,1.0,0.0,0.6039262469230249,0.6039262469230249,,,,1.0
14,water_dipole,141,1.0,0.0,0.6039262469230249,0.6039262469230249,,,,1.0
14,water_dipole,142,1.0,0.0,0.6039262469230249,0.6039262469230249,,,,1.0
14,water_dipole,143,1.0,0.0,0.6039262469230249,0.6039262469230249,,,,1.0
14,water_dipole,144,1.0,0.0,0.6039262469230249,0.6039262469230249,,,,1.0
14,water_dipole,145,1.0,0.0,0.6039262469230249,0.6039262469230249,,,,1.0
14,water_dipole,146,1.0,0.0,0.6039262469230249,0.6039262469230249,,,,1.0
14,water_dipole,147,1.0,0.0,0.6039262469230249,0.6039262469230249,,,,1.0
14,water_dipole,148,1.0,0.0,0.6039262469230249,0.6039262469230249,,,,1.0
14,water_dipole,149,1.0,0.0,0.6039262469230249,0.6039262469230249,,,,1.0
14,water_dipole,150,1.0,0.0,0.6039262469230249,0.6039262469230249,,,,1.0
14,water_dipole,151,1.0,0.0,0.6039262469230249,0.6039262469230249,,,,1.0
14,water_dipole,152,1.0,0.0,0.6039262469230249,0.6039262469230249,,,,1.0
14,water_dipole,153,1.0,0.0,0.6039262469230249,0.6039262469230249,,,,1.0
14,water_dipole,154,1.0,0.0,0.6039262469230249,0.6039262469230249,,,,1.0
14,water_dipole,155,1.0,0.0,0.6039262469230249,0.6039262469230249,,,,1.0
14,water_dipole,156,1.0,0.0,0.6039262469230249,0.6039262469230249,,,,1.0
14,water_dipole,157,1.0,0.0,0.6039262469230249,0.6039262469230249,,,,1.0
14,water_dipole,158,1.0,0.0,0.6039262469230249,0.6039262469230249,,,,1.0
14,water_dipole,159,1.0,0.0,0.6039262469230249,0.6039262469230249,,,,1.0
14,water_dipole,160,1.0,0.0,0.6039262469230249,0.6039262469230249,,,,1.0
14,water_dipole,161,1.0,0.0,0.6039262469230249,0.6039262469230249,,,,1.0
14,water_dipole,162,1.0,0.0,0.6039262469230249,0.6039262469230249,,,,1.0
14,water_dipole,163,1.0,0.0,0.6039262469230249,0.6039262469230249,,,,1.0
14,water_dipole,164,1.0,0.0,0.6039262469230249,0.6039262469230249,,,,1.0
14,water_dipole,165,1.0,0.0,0.6039262469230249,0.6039262469230249,,,,1.0
14,water_dipole,166,1.0,0.0,0.6039262469230249,0.6039262469230249,,,,1.0
14,water_dipole,167,1.0,0.0,0.6039262469230249,0.6039262469230249,,,,1.0
14,water_dipole,168,1.0,0.0,0.6039262469230249,0.6039262469230249,,,,1.0
14,water_dipole,169,1.0,0.0,0.6039262469230249,0.6039262469230249,,,,1.0
14,water_dipole,170,1.0,0.0,0.6039262469230249,0.6039262469230249,,,,1.0
14,water_dipole,171,1.0,0.0,0.6039262469230249,0.6039262469230249,,,,1.0
14,water_dipole,172,1.0,0.0,0.6039262469230249,0.6039262469230249,,,,1.0
14,water_dipole,173,1.0,0.0,0.6039262469230249,0.6039262469230249,,,,1.0
14,water_dipole,174,1.0,0.0,0.6039262469230249,0.6039262469230249,,,,1.0
14,water_dipole,175,1.0,0.0,0.6039262469230249,0.6039262469230249,,,,1.0
14,water_dipole,176,1.0,0.0,0.6039262469230249,0.6039262469230249,,,,1.0
14,water_dipole,177,1.0,0.0,0.6039262469230249,0.6039262469230249,,,,1.0
14,water_dipole,178,1.0,0.0,0.6039262469230249,0.6039262469230249,,,,1.0
14,water_dipole,179,1.0,0.0,0.6039262469230249,0.6039262469230249,,,,1.0
14,water_dipole,180,1.0,0.0,0.6039262469230249,0.6039262469230249,,,,1.0
14,water_dipole,181,1.0,0.0,0.6039262469230249,0.6039262469230249,,,,1.0
14,water_dipole,182,1.0,0.0,0.6039262469230249,0.6039262469230249,,,,1.0
14,water_dipole,183,1.0,0.0,0.6039262469230249,0.6039262469230249,,,,1.0
14,water_dipole,184,1.0,0.0,0.6039262469230249,0.6039262469230249,,,,1.0
14,water_dipole,185,1.0,0.0,0.6039262469230249,0.6039262469230249,,,,1.0
14,water_dipole,186,1.0,0.0,0.6039262469230249,0.6039262469230249,,,,1.0
14,water_dipole,187,1.0,0.0,0.6039262469230249,0.6039262469230249,,,,1.0
14,water_dipole,188,1.0,0.0,0.6039262469230249,0.6039262469230249,,,,1.0
14,water_dipole,189,1.0,0.0,0.6039262469230249,0.6039262469230249,,,,1.0
14,water_dipole,190,1.0,0.0,0.6039262469230249,0.6039262469230249,,,,1.0
14,water_dipole,191,1.0,0.0,0.6039262469230249,0.6039262469230249,,,,1.0
14,water_dipole,192,1.0,0.0,0.6039262469230249,0.6039262469230249,,,,1.0
14,water_dipole,193,1.0,0.0,0.6039262469230249,0.6039262469230249,,,,1.0
14,water_dipole,194,1.0,0.0,0.6039262469230249,0.6039262469230249,,,,1.0
14,water_dipole,195,1.0,0.0,0.6039262469230249,0.6039262469230249,,,,1.0
14,water_dipole,196,1.0,0.0,0.6039262469230249,0.6039262469230249,,,,1.0
14,water_dipole,197,1.0,0.0,0.6039262469230249,0.6039262469230249,,,,1.0
14,water_dipole,198,1.0,0.0,0.6039262469230249,0.6039262469230249,,,,1.0
14,water_dipole,199,1.0,0.0,0.6039262469230249,0.6039262469230249,,,,1.0
14,water_dipole,200,1.0,0.0,0.6039262469230249,0.6039262469230249,,,,1.0
14,water_dipole,201,1.0,0.0,0.6039262469230249,0.6039262469230249,,,,1.0
14,water_dipole,202,1.0,0.0,0.6039262469230249,0.6039262469230249,,,,1.0
14,water_dipole,203,1.0,0.0,0.6039262469230249,0.6039262469230249,,,,1.0
14,water_dipole,204,1.0,0.0,0.6039262469230249,0.6039262469230249,,,,1.0
14,water_dipole,205,1.0,0.0,0.6039262469230249,0.6039262469230249,,,,1.0
14,water_dipole,206,1.0,0.0,0.6039262469230249,0.6039262469230249,,,,1.0
14,water_dipole,207,1.0,0.0,0.6039262469230249,0.6039262469230249,,,,1.0
14,water_dipole,208,1.0,0.0,0.6039262469230249,0.6039262469230249,,,,1.0
14,water_dipole,209,1.0,0.0,0.6039262469230249,0.6039262469230249,,,,1.0
14,water_dipole,210,1.0,0.0,0.6039262469230249,0.6039262469230249,,,,1.0
14,water_dipole,211,1.0,0.0,0.6039262469230249,0.6039262469230249,,,,1.0
14,water_dipole,212,1.0,0.0,0.6039262469230249,0.6039262469230249,,,,1.0
14,water_dipole,213,1.0,0.0,0.6039262469230249,0.6039262469230249,,,,1.0
14,water_dipole,214,1.0,0.0,0.6039262469230249,0.6039262469230249,,,,1.0
14,water_dipole,215,1.0,0.0,0.6039262469230249,0.6039262469230249,,,,1.0
14,water_dipole,216,1.0,0.0,0.6039262469230249,0.6039262469230249,,,,1.0
14,water_dipole,217,1.0,0.0,0.6039262469230249,0.6039262469230249,,,,1.0
14,water_dipole,218,1.0,0.0,0.6039262469230249,0.6039262469230249,,,,1.0
14,water_dipole,219,1.0,0.0,0.6039262469230249,0.6039262469230249,,,,1.0
14,water_dipole,220,1.0,0.0,0.6039262469230249,0.6039262469230249,,,,1.0
14,water_dipole,221,1.0,0.0,0.6039262469230249,0.6039262469230249,,,,1.0
14,water_dipole,222,1.0,0.0,0.6039262469230249,0.6039262469230249,,,,1.0
14,water_dipole,223,1.0,0.0,0.6039262469230249,0.6039262469230249,,,,1.0
14,water_dipole,224,1.0,0.0,0.6039262469230249,0.6039262469230249,,,,1.0
14,water_dipole,225,1.0,0.0,0.6039262469230249,0.6039262469230249,,,,1.0
14,water_dipole,226,1.0,0.0,0.6039262469230249,0.6039262469230249,,,,1.0
14,water_dipole,227,1.0,0.0,0.6039262469230249,0.6039262469230249,,,,1.0
14,water_dipole,228,1.0,0.0,0.6039262469230249,0.6039262469230249,,,,1.0
14,water_dipole,229,1.0,0.0,0.6039262469230249,0.6039262469230249,,,,1.0
14,water_dipole,230,1.0,0.0,0.6039262469230249,0.6039262469230249,,,,1.0
14,water_dipole,231,1.0,0.0,0.6039262469230249,0.6039262469230249,,,,1.0
14,water_dipole,232,1.0,0.0,0.6039262469230249,0.6039262469230249,,,,1.0
14,water_dipole,233,1.0,0.0,0.6039262469230249,0.6039262469230249,,,,1.0
14,water_dipole,234,1.0,0.0,0.6039262469230249,0.6039262469230249,,,,1.0
14,water_dipole,235,1.0,0.0,0.6039262469230249,0.6039262469230249,,,,1.0
14,water_dipole,236,1.0,0.0,0.6039262469230249,0.6039262469230249,,,,1.0
14,water_dipole,237,1.0,0.0,0.6039262469230249,0.6039262469230249,,,,1.0
14,water_dipole,238,1.0,0.0,0.6039262469230249,0.6039262469230249,,,,1.0
14,water_dipole,239,1.0,0.0,0.6039262469230249,0.6039262469230249,,,,1.0
14,water_dipole,240,1.0,0.0,0.6039262469230249,0.6039262469230249,,,,1.0
14,water_dipole,241,1.0,0.0,0.6039262469230249,0.6039262469230249,,,,1.0
14,water_dipole,242,1.0,0.0,0.6039262469230249,0.6039262469230249,,,,1.0
14,water_dipole,243,1.0,0.0,0.6039262469230249,0.6039262469230249,,,,1.0
14,water_dipole,244,1.0,0.0,0.6039262469230249,0.6039262469230249,,,,1.0
14,water_dipole,245,1.0,0.0,0.6039262469230249,0.6039262469230249,,,,1.0
14,water_dipole,246,1.0,0.0,0.6039262469230249,0.6039262469230249,,,,1.0
14,water_dipole,247,1.0,0.0,0.6039262469230249,0.6039262469230249,,,,1.0
14,water_dipole,248,1.0,0.0,0.6039262469230249,0.6039262469230249,,,,1.0
14,water_dipole,249,1.0,0.0,0.6039262469230249,0.6039262469230249,,,,1.0
14,acetone_gsolv_eV,0,1.0,0.0,0.6694680595928795,0.6694680595928795,,,,1.0
14,acetone_gsolv_eV,1,1.0,0.0,0.6694680595928795,0.6694680595928795,,,,1.0
14,acetone_gsolv_eV,2,1.0,0.0,0.6694680595928795,0.6694680595928795,,,,1.0
14,acetone_gsolv_eV,3,1.0,0.0,0.6694680595928795,0.6694680595928795,,,,1.0
14,acetone_gsolv_eV,4,1.0,0.0,0.6694680595928795,0.6694680595928795,,,,1.0
14,acetone_gsolv_eV,5,1.0,0.0,0.6694680595928795,0.6694680595928795,,,,1.0
14,acetone_gsolv_eV,6,1.0,0.0,0.6694680595928795,0.6694680595928795,,,,1.0
14,acetone_gsolv_eV,7,1.0,0.0,0.6694680595928795,0.6694680595928795,,,,1.0
14,acetone_gsolv_eV,8,1.0,0.0,0.6694680595928795,0.6694680595928795,,,,1.0
14,acetone_gsolv_eV,9,1.0,0.0,0.6694680595928795,0.6694680595928795,,,,1.0
14,acetone_gsolv_eV,10,1.0,0.0,0.6694680595928795,0.6694680595928795,,,,1.0
14,acetone_gsolv_eV,11,1.0,0.0,0.6694680595928795,0.6694680595928795,,,,1.0
14,acetone_gsolv_eV,12,1.0,0.0,0.6694680595928795,0.6694680595928795,,,,1.0
14,acetone_gsolv_eV,13,1.0,0.0,0.6694680595928795,0.6694680595928795,,,,1.0
14,acetone_gsolv_eV,14,1.0,0.0,0.6694680595928795,0.6694680595928795,,,,1.0
14,acetone_gsolv_eV,15,1.0,0.0,0.6694680595928795,0.6694680595928795,,,,1.0
14,acetone_gsolv_eV,16,1.0,0.0,0.6694680595928795,0.6694680595928795,,,,1.0
14,acetone_gsolv_eV,17,1.0,0.0,0.6694680595928795,0.6694680595928795,,,,1.0
14,acetone_gsolv_eV,18,1.0,0.0,0.6694680595928795,0.6694680595928795,,,,1.0
14,acetone_gsolv_eV,19,1.0,0.0,0.6694680595928795,0.6694680595928795,,,,1.0
14,acetone_gsolv_eV,20,1.0,0.0,0.6694680595928795,0.6694680595928795,,,,1.0
14,acetone_gsolv_eV,21,1.0,0.0,0.6694680595928795,0.6694680595928795,,,,1.0
14,acetone_gsolv_eV,22,1.0,0.0,0.6694680595928795,0.6694680595928795,,,,1.0
14,acetone_gsolv_eV,23,1.0,0.0,0.6694680595928795,0.6694680595928795,,,,1.0
14,acetone_gsolv_eV,24,1.0,0.0,0.6694680595928795,0.6694680595928795,,,,1.0
14,acetone_gsolv_eV,25,1.0,0.0,0.6694680595928795,0.6694680595928795,,,,1.0
14,acetone_gsolv_eV,26,1.0,0.0,0.6694680595928795,0.6694680595928795,,,,1.0
14,acetone_gsolv_eV,27,1.0,0.0,0.6694680595928795,0.6694680595928795,,,,1.0
14,acetone_gsolv_eV,28,1.0,0.0,0.6694680595928795,0.6694680595928795,,,,1.0
14,acetone_gsolv_eV,29,1.0,0.0,0.6694680595928795,0.6694680595928795,,,,1.0
14,acetone_gsolv_eV,30,1.0,0.0,0.6694680595928795,0.6694680595928795,,,,1.0
14,acetone_gsolv_eV,31,1.0,0.0,0.6694680595928795,0.6694680595928795,,,,1.0
14,acetone_gsolv_eV,32,1.0,0.0,0.6694680595928795,0.6694680595928795,,,,1.0
14,acetone_gsolv_eV,33,1.0,0.0,0.6694680595928795,0.6694680595928795,,,,1.0
14,acetone_gsolv_eV,34,1.0,0.0,0.6694680595928795,0.6694680595928795,,,,1.0
14,acetone_gsolv_eV,35,1.0,0.0,0.6694680595928795,0.6694680595928795,,,,1.0
14,acetone_gsolv_eV,36,1.0,0.0,0.6694680595928795,0.6694680595928795,,,,1.0
14,acetone_gsolv_eV,37,1.0,0.0,0.6694680595928795,0.6694680595928795,,,,1.0
14,acetone_gsolv_eV,38,1.0,0.0,0.6694680595928795,0.6694680595928795,,,,1.0
14,acetone_gsolv_eV,39,1.0,0.0,0.6694680595928795,0.6694680595928795,,,,1.0
14,acetone_gsolv_eV,40,1.0,0.0,0.6694680595928795,0.6694680595928795,,,,1.0
14,acetone_gsolv_eV,41,1.0,0.0,0.6694680595928795,0.6694680595928795,,,,1.0
14,acetone_gsolv_eV,42,1.0,0.0,0.6694680595928795,0.6694680595928795,,,,1.0
14,acetone_gsolv_eV,43,1.0,0.0,0.6694680595928795,0.6694680595928795,,,,1.0
14,acetone_gsolv_eV,44,1.0,0.0,0.6694680595928795,0.6694680595928795,,,,1.0
14,acetone_gsolv_eV,45,1.0,0.0,0.6694680595928795,0.6694680595928795,,,,1.0
14,acetone_gsolv_eV,46,1.0,0.0,0.6694680595928795,0.6694680595928795,,,,1.0
14,acetone_gsolv_eV,47,1.0,0.0,0.6694680595928795,0.6694680595928795,,,,1.0
14,acetone_gsolv_eV,48,1.0,0.0,0.6694680595928795,0.6694680595928795,,,,1.0
14,acetone_gsolv_eV,49,1.0,0.0,0.6694680595928795,0.6694680595928795,,,,1.0
14,acetone_gsolv_eV,50,1.0,0.0,0.6694680595928795,0.6694680595928795,,,,1.0
14,acetone_gsolv_eV,51,1.0,0.0,0.6694680595928795,0.6694680595928795,,,,1.0
14,acetone_gsolv_eV,52,1.0,0.0,0.6694680595928795,0.6694680595928795,,,,1.0
14,acetone_gsolv_eV,53,1.0,0.0,0.6694680595928795,0.6694680595928795,,,,1.0
14,acetone_gsolv_eV,54,1.0,0.0,0.6694680595928795,0.6694680595928795,,,,1.0
14,acetone_gsolv_eV,55,1.0,0.0,0.6694680595928795,0.6694680595928795,,,,1.0
14,acetone_gsolv_eV,56,1.0,0.0,0.6694680595928795,0.6694680595928795,,,,1.0
14,acetone_gsolv_eV,57,1.0,0.0,0.6694680595928795,0.6694680595928795,,,,1.0
14,acetone_gsolv_eV,58,1.0,0.0,0.6694680595928795,0.6694680595928795,,,,1.0
14,acetone_gsolv_eV,59,1.0,0.0,0.6694680595928795,0.6694680595928795,,,,1.0
14,acetone_gsolv_eV,60,1.0,0.0,0.6694680595928795,0.6694680595928795,,,,1.0
14,acetone_gsolv_eV,61,1.0,0.0,0.6694680595928795,0.6694680595928795,,,,1.0
14,acetone_gsolv_eV,62,1.0,0.0,0.6694680595928795,0.6694680595928795,,,,1.0
14,acetone_gsolv_eV,63,1.0,0.0,0.6694680595928795,0.6694680595928795,,,,1.0
14,acetone_gsolv_eV,64,1.0,0.0,0.6694680595928795,0.6694680595928795,,,,1.0
14,acetone_gsolv_eV,65,1.0,0.0,0.6694680595928795,0.6694680595928795,,,,1.0
14,acetone_gsolv_eV,66,1.0,0.0,0.6694680595928795,0.6694680595928795,,,,1.0
14,acetone_gsolv_eV,67,1.0,0.0,0.6694680595928795,0.6694680595928795,,,,1.0
14,acetone_gsolv_eV,68,1.0,0.0,0.6694680595928795,0.6694680595928795,,,,1.0
14,acetone_gsolv_eV,69,1.0,0.0,0.6694680595928795,0.6694680595928795,,,,1.0
14,acetone_gsolv_eV,70,1.0,0.0,0.6694680595928795,0.6694680595928795,,,,1.0
14,acetone_gsolv_eV,71,1.0,0.0,0.6694680595928795,0.6694680595928795,,,,1.0
14,acetone_gsolv_eV,72,1.0,0.0,0.6694680595928795,0.6694680595928795,,,,1.0
14,acetone_gsolv_eV,73,1.0,0.0,0.6694680595928795,0.6694680595928795,,,,1.0
14,acetone_gsolv_eV,74,1.0,0.0,0.6694680595928795,0.6694680595928795,,,,1.0
14,acetone_gsolv_eV,75,1.0,0.0,0.6694680595928795,0.6694680595928795,,,,1.0
14,acetone_gsolv_eV,76,1.0,0.0,0.6694680595928795,0.6694680595928795,,,,1.0
14,acetone_gsolv_eV,77,1.0,0.0,0.6694680595928795,0.6694680595928795,,,,1.0
14,acetone_gsolv_eV,78,1.0,0.0,0.6694680595928795,0.6694680595928795,,,,1.0
14,acetone_gsolv_eV,79,1.0,0.0,0.6694680595928795,0.6694680595928795,,,,1.0
14,acetone_gsolv_eV,80,1.0,0.0,0.6694680595928795,0.6694680595928795,,,,1.0
14,acetone_gsolv_eV,81,1.0,0.0,0.6694680595928795,0.6694680595928795,,,,1.0
14,acetone_gsolv_eV,82,1.0,0.0,0.6694680595928795,0.6694680595928795,,,,1.0
14,acetone_gsolv_eV,83,1.0,0.0,0.6694680595928795,0.6694680595928795,,,,1.0
14,acetone_gsolv_eV,84,1.0,0.0,0.6694680595928795,0.6694680595928795,,,,1.0
14,acetone_gsolv_eV,85,1.0,0.0,0.6694680595928795,0.6694680595928795,,,,1.0
14,acetone_gsolv_eV,86,1.0,0.0,0.6694680595928795,0.6694680595928795,,,,1.0
14,acetone_gsolv_eV,87,1.0,0.0,0.6694680595928795,0.6694680595928795,,,,1.0
14,acetone_gsolv_eV,88,1.0,0.0,0.6694680595928795,0.6694680595928795,,,,1.0
14,acetone_gsolv_eV,89,1.0,0.0,0.6694680595928795,0.6694680595928795,,,,1.0
14,acetone_gsolv_eV,90,1.0,0.0,0.6694680595928795,0.6694680595928795,,,,1.0
14,acetone_gsolv_eV,91,1.0,0.0,0.6694680595928795,0.6694680595928795,,,,1.0
14,acetone_gsolv_eV,92,1.0,0.0,0.6694680595928795,0.6694680595928795,,,,1.0
14,acetone_gsolv_eV,93,1.0,0.0,0.6694680595928795,0.6694680595928795,,,,1.0
14,acetone_gsolv_eV,94,1.0,0.0,0.6694680595928795,0.6694680595928795,,,,1.0
14,acetone_gsolv_eV,95,1.0,0.0,0.6694680595928795,0.6694680595928795,,,,1.0
14,acetone_gsolv_eV,96,1.0,0.0,0.6694680595928795,0.6694680595928795,,,,1.0
14,acetone_gsolv_eV,97,1.0,0.0,0.6694680595928795,0.6694680595928795,,,,1.0
14,acetone_gsolv_eV,98,1.0,0.0,0.6694680595928795,0.6694680595928795,,,,1.0
14,acetone_gsolv_eV,99,1.0,0.0,0.6694680595928795,0.6694680595928795,,,,1.0
14,acetone_gsolv_eV,100,1.0,0.0,0.6694680595928795,0.6694680595928795,,,,1.0
14,acetone_gsolv_eV,101,1.0,0.0,0.6694680595928795,0.6694680595928795,,,,1.0
14,acetone_gsolv_eV,102,1.0,0.0,0.6694680595928795,0.6694680595928795,,,,1.0
14,acetone_gsolv_eV,103,1.0,0.0,0.6694680595928795,0.6694680595928795,,,,1.0
14,acetone_gsolv_eV,104,1.0,0.0,0.6694680595928795,0.6694680595928795,,,,1.0
14,acetone_gsolv_eV,105,1.0,0.0,0.6694680595928795,0.6694680595928795,,,,1.0
14,acetone_gsolv_eV,106,1.0,0.0,0.6694680595928795,0.6694680595928795,,,,1.0
14,acetone_gsolv_eV,107,1.0,0.0,0.6694680595928795,0.6694680595928795,,,,1.0
14,acetone_gsolv_eV,108,1.0,0.0,0.6694680595928795,0.6694680595928795,,,,1.0
14,acetone_gsolv_eV,109,1.0,0.0,0.6694680595928795,0.6694680595928795,,,,1.0
14,acetone_gsolv_eV,110,1.0,0.0,0.6694680595928795,0.6694680595928795,,,,1.0
14,acetone_gsolv_eV,111,1.0,0.0,0.6694680595928795,0.6694680595928795,,,,1.0
14,acetone_gsolv_eV,112,1.0,0.0,0.6694680595928795,0.6694680595928795,,,,1.0
14,acetone_gsolv_eV,113,1.0,0.0,0.6694680595928795,0.6694680595928795,,,,1.0
14,acetone_gsolv_eV,114,1.0,0.0,0.6694680595928795,0.6694680595928795,,,,1.0
14,acetone_gsolv_eV,115,1.0,0.0,0.6694680595928795,0.6694680595928795,,,,1.0
14,acetone_gsolv_eV,116,1.0,0.0,0.6694680595928795,0.6694680595928795,,,,1.0
14,acetone_gsolv_eV,117,1.0,0.0,0.6694680595928795,0.6694680595928795,,,,1.0
14,acetone_gsolv_eV,118,1.0,0.0,0.6694680595928795,0.6694680595928795,,,,1.0
14,acetone_gsolv_eV,119,1.0,0.0,0.6694680595928795,0.6694680595928795,,,,1.0
14,acetone_gsolv_eV,120,1.0,0.0,0.6694680595928795,0.6694680595928795,,,,1.0
14,acetone_gsolv_eV,121,1.0,0.0,0.6694680595928795,0.6694680595928795,,,,1.0
14,acetone_gsolv_eV,122,1.0,0.0,0.6694680595928795,0.6694680595928795,,,,1.0
14,acetone_gsolv_eV,123,1.0,0.0,0.6694680595928795,0.6694680595928795,,,,1.0
14,acetone_gsolv_eV,124,1.0,0.0,0.6694680595928795,0.6694680595928795,,,,1.0
14,acetone_gsolv_eV,125,1.0,0.0,0.6694680595928795,0.6694680595928795,,,,1.0
14,acetone_gsolv_eV,126,1.0,0.0,0.6694680595928795,0.6694680595928795,,,,1.0
14,acetone_gsolv_eV,127,1.0,0.0,0.6694680595928795,0.6694680595928795,,,,1.0
14,acetone_gsolv_eV,128,1.0,0.0,0.6694680595928795,0.6694680595928795,,,,1.0
14,acetone_gsolv_eV,129,1.0,0.0,0.6694680595928795,0.6694680595928795,,,,1.0
14,acetone_gsolv_eV,130,1.0,0.0,0.6694680595928795,0.6694680595928795,,,,1.0
14,acetone_gsolv_eV,131,1.0,0.0,0.6694680595928795,0.6694680595928795,,,,1.0
14,acetone_gsolv_eV,132,1.0,0.0,0.6694680595928795,0.6694680595928795,,,,1.0
14,acetone_gsolv_eV,133,1.0,0.0,0.6694680595928795,0.6694680595928795,,,,1.0
14,acetone_gsolv_eV,134,1.0,0.0,0.6694680595928795,0.6694680595928795,,,,1.0
14,acetone_gsolv_eV,135,1.0,0.0,0.6694680595928795,0.6694680595928795,,,,1.0
14,acetone_gsolv_eV,136,1.0,0.0,0.6694680595928795,0.6694680595928795,,,,1.0
14,acetone_gsolv_eV,137,1.0,0.0,0.6694680595928795,0.6694680595928795,,,,1.0
14,acetone_gsolv_eV,138,1.0,0.0,0.6694680595928795,0.6694680595928795,,,,1.0
14,acetone_gsolv_eV,139,1.0,0.0,0.6694680595928795,0.6694680595928795,,,,1.0
14,acetone_gsolv_eV,140,1.0,0.0,0.6694680595928795,0.6694680595928795,,,,1.0
14,acetone_gsolv_eV,141,1.0,0.0,0.6694680595928795,0.6694680595928795,,,,1.0
14,acetone_gsolv_eV,142,1.0,0.0,0.6694680595928795,0.6694680595928795,,,,1.0
14,acetone_gsolv_eV,143,1.0,0.0,0.6694680595928795,0.6694680595928795,,,,1.0
14,acetone_gsolv_eV,144,1.0,0.0,0.6694680595928795,0.6694680595928795,,,,1.0
14,acetone_gsolv_eV,145,1.0,0.0,0.6694680595928795,0.6694680595928795,,,,1.0
14,acetone_gsolv_eV,146,1.0,0.0,0.6694680595928795,0.6694680595928795,,,,1.0
14,acetone_gsolv_eV,147,1.0,0.0,0.6694680595928795,0.6694680595928795,,,,1.0
14,acetone_gsolv_eV,148,1.0,0.0,0.6694680595928795,0.6694680595928795,,,,1.0
14,acetone_gsolv_eV,149,1.0,0.0,0.6694680595928795,0.6694680595928795,,,,1.0
14,acetone_gsolv_eV,150,1.0,0.0,0.6694680595928795,0.6694680595928795,,,,1.0
14,acetone_gsolv_eV,151,1.0,0.0,0.6694680595928795,0.6694680595928795,,,,1.0
14,acetone_gsolv_eV,152,1.0,0.0,0.6694680595928795,0.6694680595928795,,,,1.0
14,acetone_gsolv_eV,153,1.0,0.0,0.6694680595928795,0.6694680595928795,,,,1.0
14,acetone_gsolv_eV,154,1.0,0.0,0.6694680595928795,0.6694680595928795,,,,1.0
14,acetone_gsolv_eV,155,1.0,0.0,0.6694680595928795,0.6694680595928795,,,,1.0
14,acetone_gsolv_eV,156,1.0,0.0,0.6694680595928795,0.6694680595928795,,,,1.0
14,acetone_gsolv_eV,157,1.0,0.0,0.6694680595928795,0.6694680595928795,,,,1.0
14,acetone_gsolv_eV,158,1.0,0.0,0.6694680595928795,0.6694680595928795,,,,1.0
14,acetone_gsolv_eV,159,1.0,0.0,0.6694680595928795,0.6694680595928795,,,,1.0
14,acetone_gsolv_eV,160,1.0,0.0,0.6694680595928795,0.6694680595928795,,,,1.0
14,acetone_gsolv_eV,161,1.0,0.0,0.6694680595928795,0.6694680595928795,,,,1.0
14,acetone_gsolv_eV,162,1.0,0.0,0.6694680595928795,0.6694680595928795,,,,1.0
14,acetone_gsolv_eV,163,1.0,0.0,0.6694680595928795,0.6694680595928795,,,,1.0
14,acetone_gsolv_eV,164,1.0,0.0,0.6694680595928795,0.6694680595928795,,,,1.0
14,acetone_gsolv_eV,165,1.0,0.0,0.6694680595928795,0.6694680595928795,,,,1.0
14,acetone_gsolv_eV,166,1.0,0.0,0.6694680595928795,0.6694680595928795,,,,1.0
14,acetone_gsolv_eV,167,1.0,0.0,0.6694680595928795,0.6694680595928795,,,,1.0
14,acetone_gsolv_eV,168,1.0,0.0,0.6694680595928795,0.6694680595928795,,,,1.0
14,acetone_gsolv_eV,169,1.0,0.0,0.6694680595928795,0.6694680595928795,,,,1.0
14,acetone_gsolv_eV,170,1.0,0.0,0.6694680595928795,0.6694680595928795,,,,1.0
14,acetone_gsolv_eV,171,1.0,0.0,0.6694680595928795,0.6694680595928795,,,,1.0
14,acetone_gsolv_eV,172,1.0,0.0,0.6694680595928795,0.6694680595928795,,,,1.0
14,acetone_gsolv_eV,173,1.0,0.0,0.6694680595928795,0.6694680595928795,,,,1.0
14,acetone_gsolv_eV,174,1.0,0.0,0.6694680595928795,0.6694680595928795,,,,1.0
14,acetone_gsolv_eV,175,1.0,0.0,0.6694680595928795,0.6694680595928795,,,,1.0
14,acetone_gsolv_eV,176,1.0,0.0,0.6694680595928795,0.6694680595928795,,,,1.0
14,acetone_gsolv_eV,177,1.0,0.0,0.6694680595928795,0.6694680595928795,,,,1.0
14,acetone_gsolv_eV,178,1.0,0.0,0.6694680595928795,0.6694680595928795,,,,1.0
14,acetone_gsolv_eV,179,1.0,0.0,0.6694680595928795,0.6694680595928795,,,,1.0
14,acetone_gsolv_eV,180,1.0,0.0,0.6694680595928795,0.6694680595928795,,,,1.0
14,acetone_gsolv_eV,181,1.0,0.0,0.6694680595928795,0.6694680595928795,,,,1.0
14,acetone_gsolv_eV,182,1.0,0.0,0.6694680595928795,0.6694680595928795,,,,1.0
14,acetone_gsolv_eV,183,1.0,0.0,0.6694680595928795,0.6694680595928795,,,,1.0
14,acetone_gsolv_eV,184,1.0,0.0,0.6694680595928795,0.6694680595928795,,,,1.0
14,acetone_gsolv_eV,185,1.0,0.0,0.6694680595928795,0.6694680595928795,,,,1.0
14,acetone_gsolv_eV,186,1.0,0.0,0.6694680595928795,0.6694680595928795,,,,1.0
14,acetone_gsolv_eV,187,1.0,0.0,0.6694680595928795,0.6694680595928795,,,,1.0
14,acetone_gsolv_eV,188,1.0,0.0,0.6694680595928795,0.6694680595928795,,,,1.0
14,acetone_gsolv_eV,189,1.0,0.0,0.6694680595928795,0.6694680595928795,,,,1.0
14,acetone_gsolv_eV,190,1.0,0.0,0.6694680595928795,0.6694680595928795,,,,1.0
14,acetone_gsolv_eV,191,1.0,0.0,0.6694680595928795,0.6694680595928795,,,,1.0
14,acetone_gsolv_eV,192,1.0,0.0,0.6694680595928795,0.6694680595928795,,,,1.0
14,acetone_gsolv_eV,193,1.0,0.0,0.6694680595928795,0.6694680595928795,,,,1.0
14,acetone_gsolv_eV,194,1.0,0.0,0.6694680595928795,0.6694680595928795,,,,1.0
14,acetone_gsolv_eV,195,1.0,0.0,0.6694680595928795,0.6694680595928795,,,,1.0
14,acetone_gsolv_eV,196,1.0,0.0,0.6694680595928795,0.6694680595928795,,,,1.0
14,acetone_gsolv_eV,197,1.0,0.0,0.6694680595928795,0.6694680595928795,,,,1.0
14,acetone_gsolv_eV,198,1.0,0.0,0.6694680595928795,0.6694680595928795,,,,1.0
14,acetone_gsolv_eV,199,1.0,0.0,0.6694680595928795,0.6694680595928795,,,,1.0
14,acetone_gsolv_eV,200,1.0,0.0,0.6694680595928795,0.6694680595928795,,,,1.0
14,acetone_gsolv_eV,201,1.0,0.0,0.6694680595928795,0.6694680595928795,,,,1.0
14,acetone_gsolv_eV,202,1.0,0.0,0.6694680595928795,0.6694680595928795,,,,1.0
14,acetone_gsolv_eV,203,1.0,0.0,0.6694680595928795,0.6694680595928795,,,,1.0
14,acetone_gsolv_eV,204,1.0,0.0,0.6694680595928795,0.6694680595928795,,,,1.0
14,acetone_gsolv_eV,205,1.0,0.0,0.6694680595928795,0.6694680595928795,,,,1.0
14,acetone_gsolv_eV,206,1.0,0.0,0.6694680595928795,0.6694680595928795,,,,1.0
14,acetone_gsolv_eV,207,1.0,0.0,0.6694680595928795,0.6694680595928795,,,,1.0
14,acetone_gsolv_eV,208,1.0,0.0,0.6694680595928795,0.6694680595928795,,,,1.0
14,acetone_gsolv_eV,209,1.0,0.0,0.6694680595928795,0.6694680595928795,,,,1.0
14,acetone_gsolv_eV,210,1.0,0.0,0.6694680595928795,0.6694680595928795,,,,1.0
14,acetone_gsolv_eV,211,1.0,0.0,0.6694680595928795,0.6694680595928795,,,,1.0
14,acetone_gsolv_eV,212,1.0,0.0,0.6694680595928795,0.6694680595928795,,,,1.0
14,acetone_gsolv_eV,213,1.0,0.0,0.6694680595928795,0.6694680595928795,,,,1.0
14,acetone_gsolv_eV,214,1.0,0.0,0.6694680595928795,0.6694680595928795,,,,1.0
14,acetone_gsolv_eV,215,1.0,0.0,0.6694680595928795,0.6694680595928795,,,,1.0
14,acetone_gsolv_eV,216,1.0,0.0,0.6694680595928795,0.6694680595928795,,,,1.0
14,acetone_gsolv_eV,217,1.0,0.0,0.6694680595928795,0.6694680595928795,,,,1.0
14,acetone_gsolv_eV,218,1.0,0.0,0.6694680595928795,0.6694680595928795,,,,1.0
14,acetone_gsolv_eV,219,1.0,0.0,0.6694680595928795,0.6694680595928795,,,,1.0
14,acetone_gsolv_eV,220,1.0,0.0,0.6694680595928795,0.6694680595928795,,,,1.0
14,acetone_gsolv_eV,221,1.0,0.0,0.6694680595928795,0.6694680595928795,,,,1.0
14,acetone_gsolv_eV,222,1.0,0.0,0.6694680595928795,0.6694680595928795,,,,1.0
14,acetone_gsolv_eV,223,1.0,0.0,0.6694680595928795,0.6694680595928795,,,,1.0
14,acetone_gsolv_eV,224,1.0,0.0,0.6694680595928795,0.6694680595928795,,,,1.0
14,acetone_gsolv_eV,225,1.0,0.0,0.6694680595928795,0.6694680595928795,,,,1.0
14,acetone_gsolv_eV,226,1.0,0.0,0.6694680595928795,0.6694680595928795,,,,1.0
14,acetone_gsolv_eV,227,1.0,0.0,0.6694680595928795,0.6694680595928795,,,,1.0
14,acetone_gsolv_eV,228,1.0,0.0,0.6694680595928795,0.6694680595928795,,,,1.0
14,acetone_gsolv_eV,229,1.0,0.0,0.6694680595928795,0.6694680595928795,,,,1.0
14,acetone_gsolv_eV,230,1.0,0.0,0.6694680595928795,0.6694680595928795,,,,1.0
14,acetone_gsolv_eV,231,1.0,0.0,0.6694680595928795,0.6694680595928795,,,,1.0
14,acetone_gsolv_eV,232,1.0,0.0,0.6694680595928795,0.6694680595928795,,,,1.0
14,acetone_gsolv_eV,233,1.0,0.0,0.6694680595928795,0.6694680595928795,,,,1.0
14,acetone_gsolv_eV,234,1.0,0.0,0.6694680595928795,0.6694680595928795,,,,1.0
14,acetone_gsolv_eV,235,1.0,0.0,0.6694680595928795,0.6694680595928795,,,,1.0
14,acetone_gsolv_eV,236,1.0,0.0,0.6694680595928795,0.6694680595928795,,,,1.0
14,acetone_gsolv_eV,237,1.0,0.0,0.6694680595928795,0.6694680595928795,,,,1.0
14,acetone_gsolv_eV,238,1.0,0.0,0.6694680595928795,0.6694680595928795,,,,1.0
14,acetone_gsolv_eV,239,1.0,0.0,0.6694680595928795,0.6694680595928795,,,,1.0
14,acetone_gsolv_eV,240,1.0,0.0,0.6694680595928795,0.6694680595928795,,,,1.0
14,acetone_gsolv_eV,241,1.0,0.0,0.6694680595928795,0.6694680595928795,,,,1.0
14,acetone_gsolv_eV,242,1.0,0.0,0.6694680595928795,0.6694680595928795,,,,1.0
14,acetone_gsolv_eV,243,1.0,0.0,0.6694680595928795,0.6694680595928795,,,,1.0
14,acetone_gsolv_eV,244,1.0,0.0,0.6694680595928795,0.6694680595928795,,,,1.0
14,acetone_gsolv_eV,245,1.0,0.0,0.6694680595928795,0.6694680595928795,,,,1.0
14,acetone_gsolv_eV,246,1.0,0.0,0.6694680595928795,0.6694680595928795,,,,1.0
14,acetone_gsolv_eV,247,1.0,0.0,0.6694680595928795,0.6694680595928795,,,,1.0
14,acetone_gsolv_eV,248,1.0,0.0,0.6694680595928795,0.6694680595928795,,,,1.0
14,acetone_gsolv_eV,249,1.0,0.0,0.6694680595928795,0.6694680595928795,,,,1.0
14,acetone_hl_gap_eV,0,1.0,0.0,0.7062734121679677,0.7062734121679677,,,,1.0
14,acetone_hl_gap_eV,1,1.0,0.0,0.7062734121679677,0.7062734121679677,,,,1.0
14,acetone_hl_gap_eV,2,1.0,0.0,0.7062734121679677,0.7062734121679677,,,,1.0
14,acetone_hl_gap_eV,3,1.0,0.0,0.7062734121679677,0.7062734121679677,,,,1.0
14,acetone_hl_gap_eV,4,1.0,0.0,0.7062734121679677,0.7062734121679677,,,,1.0
14,acetone_hl_gap_eV,5,1.0,0.0,0.7062734121679677,0.7062734121679677,,,,1.0
14,acetone_hl_gap_eV,6,1.0,0.0,0.7062734121679677,0.7062734121679677,,,,1.0
14,acetone_hl_gap_eV,7,1.0,0.0,0.7062734121679677,0.7062734121679677,,,,1.0
14,acetone_hl_gap_eV,8,1.0,0.0,0.7062734121679677,0.7062734121679677,,,,1.0
14,acetone_hl_gap_eV,9,1.0,0.0,0.7062734121679677,0.7062734121679677,,,,1.0
14,acetone_hl_gap_eV,10,1.0,0.0,0.7062734121679677,0.7062734121679677,,,,1.0
14,acetone_hl_gap_eV,11,1.0,0.0,0.7062734121679677,0.7062734121679677,,,,1.0
14,acetone_hl_gap_eV,12,1.0,0.0,0.7062734121679677,0.7062734121679677,,,,1.0
14,acetone_hl_gap_eV,13,1.0,0.0,0.7062734121679677,0.7062734121679677,,,,1.0
14,acetone_hl_gap_eV,14,1.0,0.0,0.7062734121679677,0.7062734121679677,,,,1.0
14,acetone_hl_gap_eV,15,1.0,0.0,0.7062734121679677,0.7062734121679677,,,,1.0
14,acetone_hl_gap_eV,16,1.0,0.0,0.7062734121679677,0.7062734121679677,,,,1.0
14,acetone_hl_gap_eV,17,1.0,0.0,0.7062734121679677,0.7062734121679677,,,,1.0
14,acetone_hl_gap_eV,18,1.0,0.0,0.7062734121679677,0.7062734121679677,,,,1.0
14,acetone_hl_gap_eV,19,1.0,0.0,0.7062734121679677,0.7062734121679677,,,,1.0
14,acetone_hl_gap_eV,20,1.0,0.0,0.7062734121679677,0.7062734121679677,,,,1.0
14,acetone_hl_gap_eV,21,1.0,0.0,0.7062734121679677,0.7062734121679677,,,,1.0
14,acetone_hl_gap_eV,22,1.0,0.0,0.7062734121679677,0.7062734121679677,,,,1.0
14,acetone_hl_gap_eV,23,1.0,0.0,0.7062734121679677,0.7062734121679677,,,,1.0
14,acetone_hl_gap_eV,24,1.0,0.0,0.7062734121679677,0.7062734121679677,,,,1.0
14,acetone_hl_gap_eV,25,1.0,0.0,0.7062734121679677,0.7062734121679677,,,,1.0
14,acetone_hl_gap_eV,26,1.0,0.0,0.7062734121679677,0.7062734121679677,,,,1.0
14,acetone_hl_gap_eV,27,1.0,0.0,0.7062734121679677,0.7062734121679677,,,,1.0
14,acetone_hl_gap_eV,28,1.0,0.0,0.7062734121679677,0.7062734121679677,,,,1.0
14,acetone_hl_gap_eV,29,1.0,0.0,0.7062734121679677,0.7062734121679677,,,,1.0
14,acetone_hl_gap_eV,30,1.0,0.0,0.7062734121679677,0.7062734121679677,,,,1.0
14,acetone_hl_gap_eV,31,1.0,0.0,0.7062734121679677,0.7062734121679677,,,,1.0
14,acetone_hl_gap_eV,32,1.0,0.0,0.7062734121679677,0.7062734121679677,,,,1.0
14,acetone_hl_gap_eV,33,1.0,0.0,0.7062734121679677,0.7062734121679677,,,,1.0
14,acetone_hl_gap_eV,34,1.0,0.0,0.7062734121679677,0.7062734121679677,,,,1.0
14,acetone_hl_gap_eV,35,1.0,0.0,0.7062734121679677,0.7062734121679677,,,,1.0
14,acetone_hl_gap_eV,36,1.0,0.0,0.7062734121679677,0.7062734121679677,,,,1.0
14,acetone_hl_gap_eV,37,1.0,0.0,0.7062734121679677,0.7062734121679677,,,,1.0
14,acetone_hl_gap_eV,38,1.0,0.0,0.7062734121679677,0.7062734121679677,,,,1.0
14,acetone_hl_gap_eV,39,1.0,0.0,0.7062734121679677,0.7062734121679677,,,,1.0
14,acetone_hl_gap_eV,40,1.0,0.0,0.7062734121679677,0.7062734121679677,,,,1.0
14,acetone_hl_gap_eV,41,1.0,0.0,0.7062734121679677,0.7062734121679677,,,,1.0
14,acetone_hl_gap_eV,42,1.0,0.0,0.7062734121679677,0.7062734121679677,,,,1.0
14,acetone_hl_gap_eV,43,1.0,0.0,0.7062734121679677,0.7062734121679677,,,,1.0
14,acetone_hl_gap_eV,44,1.0,0.0,0.7062734121679677,0.7062734121679677,,,,1.0
14,acetone_hl_gap_eV,45,1.0,0.0,0.7062734121679677,0.7062734121679677,,,,1.0
14,acetone_hl_gap_eV,46,1.0,0.0,0.7062734121679677,0.7062734121679677,,,,1.0
14,acetone_hl_gap_eV,47,1.0,0.0,0.7062734121679677,0.7062734121679677,,,,1.0
14,acetone_hl_gap_eV,48,1.0,0.0,0.7062734121679677,0.7062734121679677,,,,1.0
14,acetone_hl_gap_eV,49,1.0,0.0,0.7062734121679677,0.7062734121679677,,,,1.0
14,acetone_hl_gap_eV,50,1.0,0.0,0.7062734121679677,0.7062734121679677,,,,1.0
14,acetone_hl_gap_eV,51,1.0,0.0,0.7062734121679677,0.7062734121679677,,,,1.0
14,acetone_hl_gap_eV,52,1.0,0.0,0.7062734121679677,0.7062734121679677,,,,1.0
14,acetone_hl_gap_eV,53,1.0,0.0,0.7062734121679677,0.7062734121679677,,,,1.0
14,acetone_hl_gap_eV,54,1.0,0.0,0.7062734121679677,0.7062734121679677,,,,1.0
14,acetone_hl_gap_eV,55,1.0,0.0,0.7062734121679677,0.7062734121679677,,,,1.0
14,acetone_hl_gap_eV,56,1.0,0.0,0.7062734121679677,0.7062734121679677,,,,1.0
14,acetone_hl_gap_eV,57,1.0,0.0,0.7062734121679677,0.7062734121679677,,,,1.0
14,acetone_hl_gap_eV,58,1.0,0.0,0.7062734121679677,0.7062734121679677,,,,1.0
14,acetone_hl_gap_eV,59,1.0,0.0,0.7062734121679677,0.7062734121679677,,,,1.0
14,acetone_hl_gap_eV,60,1.0,0.0,0.7062734121679677,0.7062734121679677,,,,1.0
14,acetone_hl_gap_eV,61,1.0,0.0,0.7062734121679677,0.7062734121679677,,,,1.0
14,acetone_hl_gap_eV,62,1.0,0.0,0.7062734121679677,0.7062734121679677,,,,1.0
14,acetone_hl_gap_eV,63,1.0,0.0,0.7062734121679677,0.7062734121679677,,,,1.0
14,acetone_hl_gap_eV,64,1.0,0.0,0.7062734121679677,0.7062734121679677,,,,1.0
14,acetone_hl_gap_eV,65,1.0,0.0,0.7062734121679677,0.7062734121679677,,,,1.0
14,acetone_hl_gap_eV,66,1.0,0.0,0.7062734121679677,0.7062734121679677,,,,1.0
14,acetone_hl_gap_eV,67,1.0,0.0,0.7062734121679677,0.7062734121679677,,,,1.0
14,acetone_hl_gap_eV,68,1.0,0.0,0.7062734121679677,0.7062734121679677,,,,1.0
14,acetone_hl_gap_eV,69,1.0,0.0,0.7062734121679677,0.7062734121679677,,,,1.0
14,acetone_hl_gap_eV,70,1.0,0.0,0.7062734121679677,0.7062734121679677,,,,1.0
14,acetone_hl_gap_eV,71,1.0,0.0,0.7062734121679677,0.7062734121679677,,,,1.0
14,acetone_hl_gap_eV,72,1.0,0.0,0.7062734121679677,0.7062734121679677,,,,1.0
14,acetone_hl_gap_eV,73,1.0,0.0,0.7062734121679677,0.7062734121679677,,,,1.0
14,acetone_hl_gap_eV,74,1.0,0.0,0.7062734121679677,0.7062734121679677,,,,1.0
14,acetone_hl_gap_eV,75,1.0,0.0,0.7062734121679677,0.7062734121679677,,,,1.0
14,acetone_hl_gap_eV,76,1.0,0.0,0.7062734121679677,0.7062734121679677,,,,1.0
14,acetone_hl_gap_eV,77,1.0,0.0,0.7062734121679677,0.7062734121679677,,,,1.0
14,acetone_hl_gap_eV,78,1.0,0.0,0.7062734121679677,0.7062734121679677,,,,1.0
14,acetone_hl_gap_eV,79,1.0,0.0,0.7062734121679677,0.7062734121679677,,,,1.0
14,acetone_hl_gap_eV,80,1.0,0.0,0.7062734121679677,0.7062734121679677,,,,1.0
14,acetone_hl_gap_eV,81,1.0,0.0,0.7062734121679677,0.7062734121679677,,,,1.0
14,acetone_hl_gap_eV,82,1.0,0.0,0.7062734121679677,0.7062734121679677,,,,1.0
14,acetone_hl_gap_eV,83,1.0,0.0,0.7062734121679677,0.7062734121679677,,,,1.0
14,acetone_hl_gap_eV,84,1.0,0.0,0.7062734121679677,0.7062734121679677,,,,1.0
14,acetone_hl_gap_eV,85,1.0,0.0,0.7062734121679677,0.7062734121679677,,,,1.0
14,acetone_hl_gap_eV,86,1.0,0.0,0.7062734121679677,0.7062734121679677,,,,1.0
14,acetone_hl_gap_eV,87,1.0,0.0,0.7062734121679677,0.7062734121679677,,,,1.0
14,acetone_hl_gap_eV,88,1.0,0.0,0.7062734121679677,0.7062734121679677,,,,1.0
14,acetone_hl_gap_eV,89,1.0,0.0,0.7062734121679677,0.7062734121679677,,,,1.0
14,acetone_hl_gap_eV,90,1.0,0.0,0.7062734121679677,0.7062734121679677,,,,1.0
14,acetone_hl_gap_eV,91,1.0,0.0,0.7062734121679677,0.7062734121679677,,,,1.0
14,acetone_hl_gap_eV,92,1.0,0.0,0.7062734121679677,0.7062734121679677,,,,1.0
14,acetone_hl_gap_eV,93,1.0,0.0,0.7062734121679677,0.7062734121679677,,,,1.0
14,acetone_hl_gap_eV,94,1.0,0.0,0.7062734121679677,0.7062734121679677,,,,1.0
14,acetone_hl_gap_eV,95,1.0,0.0,0.7062734121679677,0.7062734121679677,,,,1.0
14,acetone_hl_gap_eV,96,1.0,0.0,0.7062734121679677,0.7062734121679677,,,,1.0
14,acetone_hl_gap_eV,97,1.0,0.0,0.7062734121679677,0.7062734121679677,,,,1.0
14,acetone_hl_gap_eV,98,1.0,0.0,0.7062734121679677,0.7062734121679677,,,,1.0
14,acetone_hl_gap_eV,99,1.0,0.0,0.7062734121679677,0.7062734121679677,,,,1.0
14,acetone_hl_gap_eV,100,1.0,0.0,0.7062734121679677,0.7062734121679677,,,,1.0
14,acetone_hl_gap_eV,101,1.0,0.0,0.7062734121679677,0.7062734121679677,,,,1.0
14,acetone_hl_gap_eV,102,1.0,0.0,0.7062734121679677,0.7062734121679677,,,,1.0
14,acetone_hl_gap_eV,103,1.0,0.0,0.7062734121679677,0.7062734121679677,,,,1.0
14,acetone_hl_gap_eV,104,1.0,0.0,0.7062734121679677,0.7062734121679677,,,,1.0
14,acetone_hl_gap_eV,105,1.0,0.0,0.7062734121679677,0.7062734121679677,,,,1.0
14,acetone_hl_gap_eV,106,1.0,0.0,0.7062734121679677,0.7062734121679677,,,,1.0
14,acetone_hl_gap_eV,107,1.0,0.0,0.7062734121679677,0.7062734121679677,,,,1.0
14,acetone_hl_gap_eV,108,1.0,0.0,0.7062734121679677,0.7062734121679677,,,,1.0
14,acetone_hl_gap_eV,109,1.0,0.0,0.7062734121679677,0.7062734121679677,,,,1.0
14,acetone_hl_gap_eV,110,1.0,0.0,0.7062734121679677,0.7062734121679677,,,,1.0
14,acetone_hl_gap_eV,111,1.0,0.0,0.7062734121679677,0.7062734121679677,,,,1.0
14,acetone_hl_gap_eV,112,1.0,0.0,0.7062734121679677,0.7062734121679677,,,,1.0
14,acetone_hl_gap_eV,113,1.0,0.0,0.7062734121679677,0.7062734121679677,,,,1.0
14,acetone_hl_gap_eV,114,1.0,0.0,0.7062734121679677,0.7062734121679677,,,,1.0
14,acetone_hl_gap_eV,115,1.0,0.0,0.7062734121679677,0.7062734121679677,,,,1.0
14,acetone_hl_gap_eV,116,1.0,0.0,0.7062734121679677,0.7062734121679677,,,,1.0
14,acetone_hl_gap_eV,117,1.0,0.0,0.7062734121679677,0.7062734121679677,,,,1.0
14,acetone_hl_gap_eV,118,1.0,0.0,0.7062734121679677,0.7062734121679677,,,,1.0
14,acetone_hl_gap_eV,119,1.0,0.0,0.7062734121679677,0.7062734121679677,,,,1.0
14,acetone_hl_gap_eV,120,1.0,0.0,0.7062734121679677,0.7062734121679677,,,,1.0
14,acetone_hl_gap_eV,121,1.0,0.0,0.7062734121679677,0.7062734121679677,,,,1.0
14,acetone_hl_gap_eV,122,1.0,0.0,0.7062734121679677,0.7062734121679677,,,,1.0
14,acetone_hl_gap_eV,123,1.0,0.0,0.7062734121679677,0.7062734121679677,,,,1.0
14,acetone_hl_gap_eV,124,1.0,0.0,0.7062734121679677,0.7062734121679677,,,,1.0
14,acetone_hl_gap_eV,125,1.0,0.0,0.7062734121679677,0.7062734121679677,,,,1.0
14,acetone_hl_gap_eV,126,1.0,0.0,0.7062734121679677,0.7062734121679677,,,,1.0
14,acetone_hl_gap_eV,127,1.0,0.0,0.7062734121679677,0.7062734121679677,,,,1.0
14,acetone_hl_gap_eV,128,1.0,0.0,0.7062734121679677,0.7062734121679677,,,,1.0
14,acetone_hl_gap_eV,129,1.0,0.0,0.7062734121679677,0.7062734121679677,,,,1.0
14,acetone_hl_gap_eV,130,1.0,0.0,0.7062734121679677,0.7062734121679677,,,,1.0
14,acetone_hl_gap_eV,131,1.0,0.0,0.7062734121679677,0.7062734121679677,,,,1.0
14,acetone_hl_gap_eV,132,1.0,0.0,0.7062734121679677,0.7062734121679677,,,,1.0
14,acetone_hl_gap_eV,133,1.0,0.0,0.7062734121679677,0.7062734121679677,,,,1.0
14,acetone_hl_gap_eV,134,1.0,0.0,0.7062734121679677,0.7062734121679677,,,,1.0
14,acetone_hl_gap_eV,135,1.0,0.0,0.7062734121679677,0.7062734121679677,,,,1.0
14,acetone_hl_gap_eV,136,1.0,0.0,0.7062734121679677,0.7062734121679677,,,,1.0
14,acetone_hl_gap_eV,137,1.0,0.0,0.7062734121679677,0.7062734121679677,,,,1.0
14,acetone_hl_gap_eV,138,1.0,0.0,0.7062734121679677,0.7062734121679677,,,,1.0
14,acetone_hl_gap_eV,139,1.0,0.0,0.7062734121679677,0.7062734121679677,,,,1.0
14,acetone_hl_gap_eV,140,1.0,0.0,0.7062734121679677,0.7062734121679677,,,,1.0
14,acetone_hl_gap_eV,141,1.0,0.0,0.7062734121679677,0.7062734121679677,,,,1.0
14,acetone_hl_gap_eV,142,1.0,0.0,0.7062734121679677,0.7062734121679677,,,,1.0
14,acetone_hl_gap_eV,143,1.0,0.0,0.7062734121679677,0.7062734121679677,,,,1.0
14,acetone_hl_gap_eV,144,1.0,0.0,0.7062734121679677,0.7062734121679677,,,,1.0
14,acetone_hl_gap_eV,145,1.0,0.0,0.7062734121679677,0.7062734121679677,,,,1.0
14,acetone_hl_gap_eV,146,1.0,0.0,0.7062734121679677,0.7062734121679677,,,,1.0
14,acetone_hl_gap_eV,147,1.0,0.0,0.7062734121679677,0.7062734121679677,,,,1.0
14,acetone_hl_gap_eV,148,1.0,0.0,0.7062734121679677,0.7062734121679677,,,,1.0
14,acetone_hl_gap_eV,149,1.0,0.0,0.7062734121679677,0.7062734121679677,,,,1.0
14,acetone_hl_gap_eV,150,1.0,0.0,0.7062734121679677,0.7062734121679677,,,,1.0
14,acetone_hl_gap_eV,151,1.0,0.0,0.7062734121679677,0.7062734121679677,,,,1.0
14,acetone_hl_gap_eV,152,1.0,0.0,0.7062734121679677,0.7062734121679677,,,,1.0
14,acetone_hl_gap_eV,153,1.0,0.0,0.7062734121679677,0.7062734121679677,,,,1.0
14,acetone_hl_gap_eV,154,1.0,0.0,0.7062734121679677,0.7062734121679677,,,,1.0
14,acetone_hl_gap_eV,155,1.0,0.0,0.7062734121679677,0.7062734121679677,,,,1.0
14,acetone_hl_gap_eV,156,1.0,0.0,0.7062734121679677,0.7062734121679677,,,,1.0
14,acetone_hl_gap_eV,157,1.0,0.0,0.7062734121679677,0.7062734121679677,,,,1.0
14,acetone_hl_gap_eV,158,1.0,0.0,0.7062734121679677,0.7062734121679677,,,,1.0
14,acetone_hl_gap_eV,159,1.0,0.0,0.7062734121679677,0.7062734121679677,,,,1.0
14,acetone_hl_gap_eV,160,1.0,0.0,0.7062734121679677,0.7062734121679677,,,,1.0
14,acetone_hl_gap_eV,161,1.0,0.0,0.7062734121679677,0.7062734121679677,,,,1.0
14,acetone_hl_gap_eV,162,1.0,0.0,0.7062734121679677,0.7062734121679677,,,,1.0
14,acetone_hl_gap_eV,163,1.0,0.0,0.7062734121679677,0.7062734121679677,,,,1.0
14,acetone_hl_gap_eV,164,1.0,0.0,0.7062734121679677,0.7062734121679677,,,,1.0
14,acetone_hl_gap_eV,165,1.0,0.0,0.7062734121679677,0.7062734121679677,,,,1.0
14,acetone_hl_gap_eV,166,1.0,0.0,0.7062734121679677,0.7062734121679677,,,,1.0
14,acetone_hl_gap_eV,167,1.0,0.0,0.7062734121679677,0.7062734121679677,,,,1.0
14,acetone_hl_gap_eV,168,1.0,0.0,0.7062734121679677,0.7062734121679677,,,,1.0
14,acetone_hl_gap_eV,169,1.0,0.0,0.7062734121679677,0.7062734121679677,,,,1.0
14,acetone_hl_gap_eV,170,1.0,0.0,0.7062734121679677,0.7062734121679677,,,,1.0
14,acetone_hl_gap_eV,171,1.0,0.0,0.7062734121679677,0.7062734121679677,,,,1.0
14,acetone_hl_gap_eV,172,1.0,0.0,0.7062734121679677,0.7062734121679677,,,,1.0
14,acetone_hl_gap_eV,173,1.0,0.0,0.7062734121679677,0.7062734121679677,,,,1.0
14,acetone_hl_gap_eV,174,1.0,0.0,0.7062734121679677,0.7062734121679677,,,,1.0
14,acetone_hl_gap_eV,175,1.0,0.0,0.7062734121679677,0.7062734121679677,,,,1.0
14,acetone_hl_gap_eV,176,1.0,0.0,0.7062734121679677,0.7062734121679677,,,,1.0
14,acetone_hl_gap_eV,177,1.0,0.0,0.7062734121679677,0.7062734121679677,,,,1.0
14,acetone_hl_gap_eV,178,1.0,0.0,0.7062734121679677,0.7062734121679677,,,,1.0
14,acetone_hl_gap_eV,179,1.0,0.0,0.7062734121679677,0.7062734121679677,,,,1.0
14,acetone_hl_gap_eV,180,1.0,0.0,0.7062734121679677,0.7062734121679677,,,,1.0
14,acetone_hl_gap_eV,181,1.0,0.0,0.7062734121679677,0.7062734121679677,,,,1.0
14,acetone_hl_gap_eV,182,1.0,0.0,0.7062734121679677,0.7062734121679677,,,,1.0
14,acetone_hl_gap_eV,183,1.0,0.0,0.7062734121679677,0.7062734121679677,,,,1.0
14,acetone_hl_gap_eV,184,1.0,0.0,0.7062734121679677,0.7062734121679677,,,,1.0
14,acetone_hl_gap_eV,185,1.0,0.0,0.7062734121679677,0.7062734121679677,,,,1.0
14,acetone_hl_gap_eV,186,1.0,0.0,0.7062734121679677,0.7062734121679677,,,,1.0
14,acetone_hl_gap_eV,187,1.0,0.0,0.7062734121679677,0.7062734121679677,,,,1.0
14,acetone_hl_gap_eV,188,1.0,0.0,0.7062734121679677,0.7062734121679677,,,,1.0
14,acetone_hl_gap_eV,189,1.0,0.0,0.7062734121679677,0.7062734121679677,,,,1.0
14,acetone_hl_gap_eV,190,1.0,0.0,0.7062734121679677,0.7062734121679677,,,,1.0
14,acetone_hl_gap_eV,191,1.0,0.0,0.7062734121679677,0.7062734121679677,,,,1.0
14,acetone_hl_gap_eV,192,1.0,0.0,0.7062734121679677,0.7062734121679677,,,,1.0
14,acetone_hl_gap_eV,193,1.0,0.0,0.7062734121679677,0.7062734121679677,,,,1.0
14,acetone_hl_gap_eV,194,1.0,0.0,0.7062734121679677,0.7062734121679677,,,,1.0
14,acetone_hl_gap_eV,195,1.0,0.0,0.7062734121679677,0.7062734121679677,,,,1.0
14,acetone_hl_gap_eV,196,1.0,0.0,0.7062734121679677,0.7062734121679677,,,,1.0
14,acetone_hl_gap_eV,197,1.0,0.0,0.7062734121679677,0.7062734121679677,,,,1.0
14,acetone_hl_gap_eV,198,1.0,0.0,0.7062734121679677,0.7062734121679677,,,,1.0
14,acetone_hl_gap_eV,199,1.0,0.0,0.7062734121679677,0.7062734121679677,,,,1.0
14,acetone_hl_gap_eV,200,1.0,0.0,0.7062734121679677,0.7062734121679677,,,,1.0
14,acetone_hl_gap_eV,201,1.0,0.0,0.7062734121679677,0.7062734121679677,,,,1.0
14,acetone_hl_gap_eV,202,1.0,0.0,0.7062734121679677,0.7062734121679677,,,,1.0
14,acetone_hl_gap_eV,203,1.0,0.0,0.7062734121679677,0.7062734121679677,,,,1.0
14,acetone_hl_gap_eV,204,1.0,0.0,0.7062734121679677,0.7062734121679677,,,,1.0
14,acetone_hl_gap_eV,205,1.0,0.0,0.7062734121679677,0.7062734121679677,,,,1.0
14,acetone_hl_gap_eV,206,1.0,0.0,0.7062734121679677,0.7062734121679677,,,,1.0
14,acetone_hl_gap_eV,207,1.0,0.0,0.7062734121679677,0.7062734121679677,,,,1.0
14,acetone_hl_gap_eV,208,1.0,0.0,0.7062734121679677,0.7062734121679677,,,,1.0
14,acetone_hl_gap_eV,209,1.0,0.0,0.7062734121679677,0.7062734121679677,,,,1.0
14,acetone_hl_gap_eV,210,1.0,0.0,0.7062734121679677,0.7062734121679677,,,,1.0
14,acetone_hl_gap_eV,211,1.0,0.0,0.7062734121679677,0.7062734121679677,,,,1.0
14,acetone_hl_gap_eV,212,1.0,0.0,0.7062734121679677,0.7062734121679677,,,,1.0
14,acetone_hl_gap_eV,213,1.0,0.0,0.7062734121679677,0.7062734121679677,,,,1.0
14,acetone_hl_gap_eV,214,1.0,0.0,0.7062734121679677,0.7062734121679677,,,,1.0
14,acetone_hl_gap_eV,215,1.0,0.0,0.7062734121679677,0.7062734121679677,,,,1.0
14,acetone_hl_gap_eV,216,1.0,0.0,0.7062734121679677,0.7062734121679677,,,,1.0
14,acetone_hl_gap_eV,217,1.0,0.0,0.7062734121679677,0.7062734121679677,,,,1.0
14,acetone_hl_gap_eV,218,1.0,0.0,0.7062734121679677,0.7062734121679677,,,,1.0
14,acetone_hl_gap_eV,219,1.0,0.0,0.7062734121679677,0.7062734121679677,,,,1.0
14,acetone_hl_gap_eV,220,1.0,0.0,0.7062734121679677,0.7062734121679677,,,,1.0
14,acetone_hl_gap_eV,221,1.0,0.0,0.7062734121679677,0.7062734121679677,,,,1.0
14,acetone_hl_gap_eV,222,1.0,0.0,0.7062734121679677,0.7062734121679677,,,,1.0
14,acetone_hl_gap_eV,223,1.0,0.0,0.7062734121679677,0.7062734121679677,,,,1.0
14,acetone_hl_gap_eV,224,1.0,0.0,0.7062734121679677,0.7062734121679677,,,,1.0
14,acetone_hl_gap_eV,225,1.0,0.0,0.7062734121679677,0.7062734121679677,,,,1.0
14,acetone_hl_gap_eV,226,1.0,0.0,0.7062734121679677,0.7062734121679677,,,,1.0
14,acetone_hl_gap_eV,227,1.0,0.0,0.7062734121679677,0.7062734121679677,,,,1.0
14,acetone_hl_gap_eV,228,1.0,0.0,0.7062734121679677,0.7062734121679677,,,,1.0
14,acetone_hl_gap_eV,229,1.0,0.0,0.7062734121679677,0.7062734121679677,,,,1.0
14,acetone_hl_gap_eV,230,1.0,0.0,0.7062734121679677,0.7062734121679677,,,,1.0
14,acetone_hl_gap_eV,231,1.0,0.0,0.7062734121679677,0.7062734121679677,,,,1.0
14,acetone_hl_gap_eV,232,1.0,0.0,0.7062734121679677,0.7062734121679677,,,,1.0
14,acetone_hl_gap_eV,233,1.0,0.0,0.7062734121679677,0.7062734121679677,,,,1.0
14,acetone_hl_gap_eV,234,1.0,0.0,0.7062734121679677,0.7062734121679677,,,,1.0
14,acetone_hl_gap_eV,235,1.0,0.0,0.7062734121679677,0.7062734121679677,,,,1.0
14,acetone_hl_gap_eV,236,1.0,0.0,0.7062734121679677,0.7062734121679677,,,,1.0
14,acetone_hl_gap_eV,237,1.0,0.0,0.7062734121679677,0.7062734121679677,,,,1.0
14,acetone_hl_gap_eV,238,1.0,0.0,0.7062734121679677,0.7062734121679677,,,,1.0
14,acetone_hl_gap_eV,239,1.0,0.0,0.7062734121679677,0.7062734121679677,,,,1.0
14,acetone_hl_gap_eV,240,1.0,0.0,0.7062734121679677,0.7062734121679677,,,,1.0
14,acetone_hl_gap_eV,241,1.0,0.0,0.7062734121679677,0.7062734121679677,,,,1.0
14,acetone_hl_gap_eV,242,1.0,0.0,0.7062734121679677,0.7062734121679677,,,,1.0
14,acetone_hl_gap_eV,243,1.0,0.0,0.7062734121679677,0.7062734121679677,,,,1.0
14,acetone_hl_gap_eV,244,1.0,0.0,0.7062734121679677,0.7062734121679677,,,,1.0
14,acetone_hl_gap_eV,245,1.0,0.0,0.7062734121679677,0.7062734121679677,,,,1.0
14,acetone_hl_gap_eV,246,1.0,0.0,0.7062734121679677,0.7062734121679677,,,,1.0
14,acetone_hl_gap_eV,247,1.0,0.0,0.7062734121679677,0.7062734121679677,,,,1.0
14,acetone_hl_gap_eV,248,1.0,0.0,0.7062734121679677,0.7062734121679677,,,,1.0
14,acetone_hl_gap_eV,249,1.0,0.0,0.7062734121679677,0.7062734121679677,,,,1.0
14,acetone_dipole,0,1.0000001192092896,0.0,0.6155556475802719,0.6155556475802719,,,,1.0
14,acetone_dipole,1,1.0000001192092896,0.0,0.6155556475802719,0.6155556475802719,,,,1.0
14,acetone_dipole,2,1.0000001192092896,0.0,0.6155556475802719,0.6155556475802719,,,,1.0
14,acetone_dipole,3,1.0000001192092896,0.0,0.6155556475802719,0.6155556475802719,,,,1.0
14,acetone_dipole,4,1.0000001192092896,0.0,0.6155556475802719,0.6155556475802719,,,,1.0
14,acetone_dipole,5,1.0000001192092896,0.0,0.6155556475802719,0.6155556475802719,,,,1.0
14,acetone_dipole,6,1.0000001192092896,0.0,0.6155556475802719,0.6155556475802719,,,,1.0
14,acetone_dipole,7,1.0000001192092896,0.0,0.6155556475802719,0.6155556475802719,,,,1.0
14,acetone_dipole,8,1.0000001192092896,0.0,0.6155556475802719,0.6155556475802719,,,,1.0
14,acetone_dipole,9,1.0000001192092896,0.0,0.6155556475802719,0.6155556475802719,,,,1.0
14,acetone_dipole,10,1.0000001192092896,0.0,0.6155556475802719,0.6155556475802719,,,,1.0
14,acetone_dipole,11,1.0000001192092896,0.0,0.6155556475802719,0.6155556475802719,,,,1.0
14,acetone_dipole,12,1.0000001192092896,0.0,0.6155556475802719,0.6155556475802719,,,,1.0
14,acetone_dipole,13,1.0000001192092896,0.0,0.6155556475802719,0.6155556475802719,,,,1.0
14,acetone_dipole,14,1.0000001192092896,0.0,0.6155556475802719,0.6155556475802719,,,,1.0
14,acetone_dipole,15,1.0000001192092896,0.0,0.6155556475802719,0.6155556475802719,,,,1.0
14,acetone_dipole,16,1.0000001192092896,0.0,0.6155556475802719,0.6155556475802719,,,,1.0
14,acetone_dipole,17,1.0000001192092896,0.0,0.6155556475802719,0.6155556475802719,,,,1.0
14,acetone_dipole,18,1.0000001192092896,0.0,0.6155556475802719,0.6155556475802719,,,,1.0
14,acetone_dipole,19,1.0000001192092896,0.0,0.6155556475802719,0.6155556475802719,,,,1.0
14,acetone_dipole,20,1.0000001192092896,0.0,0.6155556475802719,0.6155556475802719,,,,1.0
14,acetone_dipole,21,1.0000001192092896,0.0,0.6155556475802719,0.6155556475802719,,,,1.0
14,acetone_dipole,22,1.0000001192092896,0.0,0.6155556475802719,0.6155556475802719,,,,1.0
14,acetone_dipole,23,1.0000001192092896,0.0,0.6155556475802719,0.6155556475802719,,,,1.0
14,acetone_dipole,24,1.0000001192092896,0.0,0.6155556475802719,0.6155556475802719,,,,1.0
14,acetone_dipole,25,1.0000001192092896,0.0,0.6155556475802719,0.6155556475802719,,,,1.0
14,acetone_dipole,26,1.0000001192092896,0.0,0.6155556475802719,0.6155556475802719,,,,1.0
14,acetone_dipole,27,1.0000001192092896,0.0,0.6155556475802719,0.6155556475802719,,,,1.0
14,acetone_dipole,28,1.0000001192092896,0.0,0.6155556475802719,0.6155556475802719,,,,1.0
14,acetone_dipole,29,1.0000001192092896,0.0,0.6155556475802719,0.6155556475802719,,,,1.0
14,acetone_dipole,30,1.0000001192092896,0.0,0.6155556475802719,0.6155556475802719,,,,1.0
14,acetone_dipole,31,1.0000001192092896,0.0,0.6155556475802719,0.6155556475802719,,,,1.0
14,acetone_dipole,32,1.0000001192092896,0.0,0.6155556475802719,0.6155556475802719,,,,1.0
14,acetone_dipole,33,1.0000001192092896,0.0,0.6155556475802719,0.6155556475802719,,,,1.0
14,acetone_dipole,34,1.0000001192092896,0.0,0.6155556475802719,0.6155556475802719,,,,1.0
14,acetone_dipole,35,1.0000001192092896,0.0,0.6155556475802719,0.6155556475802719,,,,1.0
14,acetone_dipole,36,1.0000001192092896,0.0,0.6155556475802719,0.6155556475802719,,,,1.0
14,acetone_dipole,37,1.0000001192092896,0.0,0.6155556475802719,0.6155556475802719,,,,1.0
14,acetone_dipole,38,1.0000001192092896,0.0,0.6155556475802719,0.6155556475802719,,,,1.0
14,acetone_dipole,39,1.0000001192092896,0.0,0.6155556475802719,0.6155556475802719,,,,1.0
14,acetone_dipole,40,1.0000001192092896,0.0,0.6155556475802719,0.6155556475802719,,,,1.0
14,acetone_dipole,41,1.0000001192092896,0.0,0.6155556475802719,0.6155556475802719,,,,1.0
14,acetone_dipole,42,1.0000001192092896,0.0,0.6155556475802719,0.6155556475802719,,,,1.0
14,acetone_dipole,43,1.0000001192092896,0.0,0.6155556475802719,0.6155556475802719,,,,1.0
14,acetone_dipole,44,1.0000001192092896,0.0,0.6155556475802719,0.6155556475802719,,,,1.0
14,acetone_dipole,45,1.0000001192092896,0.0,0.6155556475802719,0.6155556475802719,,,,1.0
14,acetone_dipole,46,1.0000001192092896,0.0,0.6155556475802719,0.6155556475802719,,,,1.0
14,acetone_dipole,47,1.0000001192092896,0.0,0.6155556475802719,0.6155556475802719,,,,1.0
14,acetone_dipole,48,1.0000001192092896,0.0,0.6155556475802719,0.6155556475802719,,,,1.0
14,acetone_dipole,49,1.0000001192092896,0.0,0.6155556475802719,0.6155556475802719,,,,1.0
14,acetone_dipole,50,1.0000001192092896,0.0,0.6155556475802719,0.6155556475802719,,,,1.0
14,acetone_dipole,51,1.0000001192092896,0.0,0.6155556475802719,0.6155556475802719,,,,1.0
14,acetone_dipole,52,1.0000001192092896,0.0,0.6155556475802719,0.6155556475802719,,,,1.0
14,acetone_dipole,53,1.0000001192092896,0.0,0.6155556475802719,0.6155556475802719,,,,1.0
14,acetone_dipole,54,1.0000001192092896,0.0,0.6155556475802719,0.6155556475802719,,,,1.0
14,acetone_dipole,55,1.0000001192092896,0.0,0.6155556475802719,0.6155556475802719,,,,1.0
14,acetone_dipole,56,1.0000001192092896,0.0,0.6155556475802719,0.6155556475802719,,,,1.0
14,acetone_dipole,57,1.0000001192092896,0.0,0.6155556475802719,0.6155556475802719,,,,1.0
14,acetone_dipole,58,1.0000001192092896,0.0,0.6155556475802719,0.6155556475802719,,,,1.0
14,acetone_dipole,59,1.0000001192092896,0.0,0.6155556475802719,0.6155556475802719,,,,1.0
14,acetone_dipole,60,1.0000001192092896,0.0,0.6155556475802719,0.6155556475802719,,,,1.0
14,acetone_dipole,61,1.0000001192092896,0.0,0.6155556475802719,0.6155556475802719,,,,1.0
14,acetone_dipole,62,1.0000001192092896,0.0,0.6155556475802719,0.6155556475802719,,,,1.0
14,acetone_dipole,63,1.0000001192092896,0.0,0.6155556475802719,0.6155556475802719,,,,1.0
14,acetone_dipole,64,1.0000001192092896,0.0,0.6155556475802719,0.6155556475802719,,,,1.0
14,acetone_dipole,65,1.0000001192092896,0.0,0.6155556475802719,0.6155556475802719,,,,1.0
14,acetone_dipole,66,1.0000001192092896,0.0,0.6155556475802719,0.6155556475802719,,,,1.0
14,acetone_dipole,67,1.0000001192092896,0.0,0.6155556475802719,0.6155556475802719,,,,1.0
14,acetone_dipole,68,1.0000001192092896,0.0,0.6155556475802719,0.6155556475802719,,,,1.0
14,acetone_dipole,69,1.0000001192092896,0.0,0.6155556475802719,0.6155556475802719,,,,1.0
14,acetone_dipole,70,1.0000001192092896,0.0,0.6155556475802719,0.6155556475802719,,,,1.0
14,acetone_dipole,71,1.0000001192092896,0.0,0.6155556475802719,0.6155556475802719,,,,1.0
14,acetone_dipole,72,1.0000001192092896,0.0,0.6155556475802719,0.6155556475802719,,,,1.0
14,acetone_dipole,73,1.0000001192092896,0.0,0.6155556475802719,0.6155556475802719,,,,1.0
14,acetone_dipole,74,1.0000001192092896,0.0,0.6155556475802719,0.6155556475802719,,,,1.0
14,acetone_dipole,75,1.0000001192092896,0.0,0.6155556475802719,0.6155556475802719,,,,1.0
14,acetone_dipole,76,1.0000001192092896,0.0,0.6155556475802719,0.6155556475802719,,,,1.0
14,acetone_dipole,77,1.0000001192092896,0.0,0.6155556475802719,0.6155556475802719,,,,1.0
14,acetone_dipole,78,1.0000001192092896,0.0,0.6155556475802719,0.6155556475802719,,,,1.0
14,acetone_dipole,79,1.0000001192092896,0.0,0.6155556475802719,0.6155556475802719,,,,1.0
14,acetone_dipole,80,1.0000001192092896,0.0,0.6155556475802719,0.6155556475802719,,,,1.0
14,acetone_dipole,81,1.0000001192092896,0.0,0.6155556475802719,0.6155556475802719,,,,1.0
14,acetone_dipole,82,1.0000001192092896,0.0,0.6155556475802719,0.6155556475802719,,,,1.0
14,acetone_dipole,83,1.0000001192092896,0.0,0.6155556475802719,0.6155556475802719,,,,1.0
14,acetone_dipole,84,1.0000001192092896,0.0,0.6155556475802719,0.6155556475802719,,,,1.0
14,acetone_dipole,85,1.0000001192092896,0.0,0.6155556475802719,0.6155556475802719,,,,1.0
14,acetone_dipole,86,1.0000001192092896,0.0,0.6155556475802719,0.6155556475802719,,,,1.0
14,acetone_dipole,87,1.0000001192092896,0.0,0.6155556475802719,0.6155556475802719,,,,1.0
14,acetone_dipole,88,1.0000001192092896,0.0,0.6155556475802719,0.6155556475802719,,,,1.0
14,acetone_dipole,89,1.0000001192092896,0.0,0.6155556475802719,0.6155556475802719,,,,1.0
14,acetone_dipole,90,1.0000001192092896,0.0,0.6155556475802719,0.6155556475802719,,,,1.0
14,acetone_dipole,91,1.0000001192092896,0.0,0.6155556475802719,0.6155556475802719,,,,1.0
14,acetone_dipole,92,1.0000001192092896,0.0,0.6155556475802719,0.6155556475802719,,,,1.0
14,acetone_dipole,93,1.0000001192092896,0.0,0.6155556475802719,0.6155556475802719,,,,1.0
14,acetone_dipole,94,1.0000001192092896,0.0,0.6155556475802719,0.6155556475802719,,,,1.0
14,acetone_dipole,95,1.0000001192092896,0.0,0.6155556475802719,0.6155556475802719,,,,1.0
14,acetone_dipole,96,1.0000001192092896,0.0,0.6155556475802719,0.6155556475802719,,,,1.0
14,acetone_dipole,97,1.0000001192092896,0.0,0.6155556475802719,0.6155556475802719,,,,1.0
14,acetone_dipole,98,1.0000001192092896,0.0,0.6155556475802719,0.6155556475802719,,,,1.0
14,acetone_dipole,99,1.0000001192092896,0.0,0.6155556475802719,0.6155556475802719,,,,1.0
14,acetone_dipole,100,1.0000001192092896,0.0,0.6155556475802719,0.6155556475802719,,,,1.0
14,acetone_dipole,101,1.0000001192092896,0.0,0.6155556475802719,0.6155556475802719,,,,1.0
14,acetone_dipole,102,1.0000001192092896,0.0,0.6155556475802719,0.6155556475802719,,,,1.0
14,acetone_dipole,103,1.0000001192092896,0.0,0.6155556475802719,0.6155556475802719,,,,1.0
14,acetone_dipole,104,1.0000001192092896,0.0,0.6155556475802719,0.6155556475802719,,,,1.0
14,acetone_dipole,105,1.0000001192092896,0.0,0.6155556475802719,0.6155556475802719,,,,1.0
14,acetone_dipole,106,1.0000001192092896,0.0,0.6155556475802719,0.6155556475802719,,,,1.0
14,acetone_dipole,107,1.0000001192092896,0.0,0.6155556475802719,0.6155556475802719,,,,1.0
14,acetone_dipole,108,1.0000001192092896,0.0,0.6155556475802719,0.6155556475802719,,,,1.0
14,acetone_dipole,109,1.0000001192092896,0.0,0.6155556475802719,0.6155556475802719,,,,1.0
14,acetone_dipole,110,1.0000001192092896,0.0,0.6155556475802719,0.6155556475802719,,,,1.0
14,acetone_dipole,111,1.0000001192092896,0.0,0.6155556475802719,0.6155556475802719,,,,1.0
14,acetone_dipole,112,1.0000001192092896,0.0,0.6155556475802719,0.6155556475802719,,,,1.0
14,acetone_dipole,113,1.0000001192092896,0.0,0.6155556475802719,0.6155556475802719,,,,1.0
14,acetone_dipole,114,1.0000001192092896,0.0,0.6155556475802719,0.6155556475802719,,,,1.0
14,acetone_dipole,115,1.0000001192092896,0.0,0.6155556475802719,0.6155556475802719,,,,1.0
14,acetone_dipole,116,1.0000001192092896,0.0,0.6155556475802719,0.6155556475802719,,,,1.0
14,acetone_dipole,117,1.0000001192092896,0.0,0.6155556475802719,0.6155556475802719,,,,1.0
14,acetone_dipole,118,1.0000001192092896,0.0,0.6155556475802719,0.6155556475802719,,,,1.0
14,acetone_dipole,119,1.0000001192092896,0.0,0.6155556475802719,0.6155556475802719,,,,1.0
14,acetone_dipole,120,1.0000001192092896,0.0,0.6155556475802719,0.6155556475802719,,,,1.0
14,acetone_dipole,121,1.0000001192092896,0.0,0.6155556475802719,0.6155556475802719,,,,1.0
14,acetone_dipole,122,1.0000001192092896,0.0,0.6155556475802719,0.6155556475802719,,,,1.0
14,acetone_dipole,123,1.0000001192092896,0.0,0.6155556475802719,0.6155556475802719,,,,1.0
14,acetone_dipole,124,1.0000001192092896,0.0,0.6155556475802719,0.6155556475802719,,,,1.0
14,acetone_dipole,125,1.0000001192092896,0.0,0.6155556475802719,0.6155556475802719,,,,1.0
14,acetone_dipole,126,1.0000001192092896,0.0,0.6155556475802719,0.6155556475802719,,,,1.0
14,acetone_dipole,127,1.0000001192092896,0.0,0.6155556475802719,0.6155556475802719,,,,1.0
14,acetone_dipole,128,1.0000001192092896,0.0,0.6155556475802719,0.6155556475802719,,,,1.0
14,acetone_dipole,129,1.0000001192092896,0.0,0.6155556475802719,0.6155556475802719,,,,1.0
14,acetone_dipole,130,1.0000001192092896,0.0,0.6155556475802719,0.6155556475802719,,,,1.0
14,acetone_dipole,131,1.0000001192092896,0.0,0.6155556475802719,0.6155556475802719,,,,1.0
14,acetone_dipole,132,1.0000001192092896,0.0,0.6155556475802719,0.6155556475802719,,,,1.0
14,acetone_dipole,133,1.0000001192092896,0.0,0.6155556475802719,0.6155556475802719,,,,1.0
14,acetone_dipole,134,1.0000001192092896,0.0,0.6155556475802719,0.6155556475802719,,,,1.0
14,acetone_dipole,135,1.0000001192092896,0.0,0.6155556475802719,0.6155556475802719,,,,1.0
14,acetone_dipole,136,1.0000001192092896,0.0,0.6155556475802719,0.6155556475802719,,,,1.0
14,acetone_dipole,137,1.0000001192092896,0.0,0.6155556475802719,0.6155556475802719,,,,1.0
14,acetone_dipole,138,1.0000001192092896,0.0,0.6155556475802719,0.6155556475802719,,,,1.0
14,acetone_dipole,139,1.0000001192092896,0.0,0.6155556475802719,0.6155556475802719,,,,1.0
14,acetone_dipole,140,1.0000001192092896,0.0,0.6155556475802719,0.6155556475802719,,,,1.0
14,acetone_dipole,141,1.0000001192092896,0.0,0.6155556475802719,0.6155556475802719,,,,1.0
14,acetone_dipole,142,1.0000001192092896,0.0,0.6155556475802719,0.6155556475802719,,,,1.0
14,acetone_dipole,143,1.0000001192092896,0.0,0.6155556475802719,0.6155556475802719,,,,1.0
14,acetone_dipole,144,1.0000001192092896,0.0,0.6155556475802719,0.6155556475802719,,,,1.0
14,acetone_dipole,145,1.0000001192092896,0.0,0.6155556475802719,0.6155556475802719,,,,1.0
14,acetone_dipole,146,1.0000001192092896,0.0,0.6155556475802719,0.6155556475802719,,,,1.0
14,acetone_dipole,147,1.0000001192092896,0.0,0.6155556475802719,0.6155556475802719,,,,1.0
14,acetone_dipole,148,1.0000001192092896,0.0,0.6155556475802719,0.6155556475802719,,,,1.0
14,acetone_dipole,149,1.0000001192092896,0.0,0.6155556475802719,0.6155556475802719,,,,1.0
14,acetone_dipole,150,1.0000001192092896,0.0,0.6155556475802719,0.6155556475802719,,,,1.0
14,acetone_dipole,151,1.0000001192092896,0.0,0.6155556475802719,0.6155556475802719,,,,1.0
14,acetone_dipole,152,1.0000001192092896,0.0,0.6155556475802719,0.6155556475802719,,,,1.0
14,acetone_dipole,153,1.0000001192092896,0.0,0.6155556475802719,0.6155556475802719,,,,1.0
14,acetone_dipole,154,1.0000001192092896,0.0,0.6155556475802719,0.6155556475802719,,,,1.0
14,acetone_dipole,155,1.0000001192092896,0.0,0.6155556475802719,0.6155556475802719,,,,1.0
14,acetone_dipole,156,1.0000001192092896,0.0,0.6155556475802719,0.6155556475802719,,,,1.0
14,acetone_dipole,157,1.0000001192092896,0.0,0.6155556475802719,0.6155556475802719,,,,1.0
14,acetone_dipole,158,1.0000001192092896,0.0,0.6155556475802719,0.6155556475802719,,,,1.0
14,acetone_dipole,159,1.0000001192092896,0.0,0.6155556475802719,0.6155556475802719,,,,1.0
14,acetone_dipole,160,1.0000001192092896,0.0,0.6155556475802719,0.6155556475802719,,,,1.0
14,acetone_dipole,161,1.0000001192092896,0.0,0.6155556475802719,0.6155556475802719,,,,1.0
14,acetone_dipole,162,1.0000001192092896,0.0,0.6155556475802719,0.6155556475802719,,,,1.0
14,acetone_dipole,163,1.0000001192092896,0.0,0.6155556475802719,0.6155556475802719,,,,1.0
14,acetone_dipole,164,1.0000001192092896,0.0,0.6155556475802719,0.6155556475802719,,,,1.0
14,acetone_dipole,165,1.0000001192092896,0.0,0.6155556475802719,0.6155556475802719,,,,1.0
14,acetone_dipole,166,1.0000001192092896,0.0,0.6155556475802719,0.6155556475802719,,,,1.0
14,acetone_dipole,167,1.0000001192092896,0.0,0.6155556475802719,0.6155556475802719,,,,1.0
14,acetone_dipole,168,1.0000001192092896,0.0,0.6155556475802719,0.6155556475802719,,,,1.0
14,acetone_dipole,169,1.0000001192092896,0.0,0.6155556475802719,0.6155556475802719,,,,1.0
14,acetone_dipole,170,1.0000001192092896,0.0,0.6155556475802719,0.6155556475802719,,,,1.0
14,acetone_dipole,171,1.0000001192092896,0.0,0.6155556475802719,0.6155556475802719,,,,1.0
14,acetone_dipole,172,1.0000001192092896,0.0,0.6155556475802719,0.6155556475802719,,,,1.0
14,acetone_dipole,173,1.0000001192092896,0.0,0.6155556475802719,0.6155556475802719,,,,1.0
14,acetone_dipole,174,1.0000001192092896,0.0,0.6155556475802719,0.6155556475802719,,,,1.0
14,acetone_dipole,175,1.0000001192092896,0.0,0.6155556475802719,0.6155556475802719,,,,1.0
14,acetone_dipole,176,1.0000001192092896,0.0,0.6155556475802719,0.6155556475802719,,,,1.0
14,acetone_dipole,177,1.0000001192092896,0.0,0.6155556475802719,0.6155556475802719,,,,1.0
14,acetone_dipole,178,1.0000001192092896,0.0,0.6155556475802719,0.6155556475802719,,,,1.0
14,acetone_dipole,179,1.0000001192092896,0.0,0.6155556475802719,0.6155556475802719,,,,1.0
14,acetone_dipole,180,1.0000001192092896,0.0,0.6155556475802719,0.6155556475802719,,,,1.0
14,acetone_dipole,181,1.0000001192092896,0.0,0.6155556475802719,0.6155556475802719,,,,1.0
14,acetone_dipole,182,1.0000001192092896,0.0,0.6155556475802719,0.6155556475802719,,,,1.0
14,acetone_dipole,183,1.0000001192092896,0.0,0.6155556475802719,0.6155556475802719,,,,1.0
14,acetone_dipole,184,1.0000001192092896,0.0,0.6155556475802719,0.6155556475802719,,,,1.0
14,acetone_dipole,185,1.0000001192092896,0.0,0.6155556475802719,0.6155556475802719,,,,1.0
14,acetone_dipole,186,1.0000001192092896,0.0,0.6155556475802719,0.6155556475802719,,,,1.0
14,acetone_dipole,187,1.0000001192092896,0.0,0.6155556475802719,0.6155556475802719,,,,1.0
14,acetone_dipole,188,1.0000001192092896,0.0,0.6155556475802719,0.6155556475802719,,,,1.0
14,acetone_dipole,189,1.0000001192092896,0.0,0.6155556475802719,0.6155556475802719,,,,1.0
14,acetone_dipole,190,1.0000001192092896,0.0,0.6155556475802719,0.6155556475802719,,,,1.0
14,acetone_dipole,191,1.0000001192092896,0.0,0.6155556475802719,0.6155556475802719,,,,1.0
14,acetone_dipole,192,1.0000001192092896,0.0,0.6155556475802719,0.6155556475802719,,,,1.0
14,acetone_dipole,193,1.0000001192092896,0.0,0.6155556475802719,0.6155556475802719,,,,1.0
14,acetone_dipole,194,1.0000001192092896,0.0,0.6155556475802719,0.6155556475802719,,,,1.0
14,acetone_dipole,195,1.0000001192092896,0.0,0.6155556475802719,0.6155556475802719,,,,1.0
14,acetone_dipole,196,1.0000001192092896,0.0,0.6155556475802719,0.6155556475802719,,,,1.0
14,acetone_dipole,197,1.0000001192092896,0.0,0.6155556475802719,0.6155556475802719,,,,1.0
14,acetone_dipole,198,1.0000001192092896,0.0,0.6155556475802719,0.6155556475802719,,,,1.0
14,acetone_dipole,199,1.0000001192092896,0.0,0.6155556475802719,0.6155556475802719,,,,1.0
14,acetone_dipole,200,1.0000001192092896,0.0,0.6155556475802719,0.6155556475802719,,,,1.0
14,acetone_dipole,201,1.0000001192092896,0.0,0.6155556475802719,0.6155556475802719,,,,1.0
14,acetone_dipole,202,1.0000001192092896,0.0,0.6155556475802719,0.6155556475802719,,,,1.0
14,acetone_dipole,203,1.0000001192092896,0.0,0.6155556475802719,0.6155556475802719,,,,1.0
14,acetone_dipole,204,1.0000001192092896,0.0,0.6155556475802719,0.6155556475802719,,,,1.0
14,acetone_dipole,205,1.0000001192092896,0.0,0.6155556475802719,0.6155556475802719,,,,1.0
14,acetone_dipole,206,1.0000001192092896,0.0,0.6155556475802719,0.6155556475802719,,,,1.0
14,acetone_dipole,207,1.0000001192092896,0.0,0.6155556475802719,0.6155556475802719,,,,1.0
14,acetone_dipole,208,1.0000001192092896,0.0,0.6155556475802719,0.6155556475802719,,,,1.0
14,acetone_dipole,209,1.0000001192092896,0.0,0.6155556475802719,0.6155556475802719,,,,1.0
14,acetone_dipole,210,1.0000001192092896,0.0,0.6155556475802719,0.6155556475802719,,,,1.0
14,acetone_dipole,211,1.0000001192092896,0.0,0.6155556475802719,0.6155556475802719,,,,1.0
14,acetone_dipole,212,1.0000001192092896,0.0,0.6155556475802719,0.6155556475802719,,,,1.0
14,acetone_dipole,213,1.0000001192092896,0.0,0.6155556475802719,0.6155556475802719,,,,1.0
14,acetone_dipole,214,1.0000001192092896,0.0,0.6155556475802719,0.6155556475802719,,,,1.0
14,acetone_dipole,215,1.0000001192092896,0.0,0.6155556475802719,0.6155556475802719,,,,1.0
14,acetone_dipole,216,1.0000001192092896,0.0,0.6155556475802719,0.6155556475802719,,,,1.0
14,acetone_dipole,217,1.0000001192092896,0.0,0.6155556475802719,0.6155556475802719,,,,1.0
14,acetone_dipole,218,1.0000001192092896,0.0,0.6155556475802719,0.6155556475802719,,,,1.0
14,acetone_dipole,219,1.0000001192092896,0.0,0.6155556475802719,0.6155556475802719,,,,1.0
14,acetone_dipole,220,1.0000001192092896,0.0,0.6155556475802719,0.6155556475802719,,,,1.0
14,acetone_dipole,221,1.0000001192092896,0.0,0.6155556475802719,0.6155556475802719,,,,1.0
14,acetone_dipole,222,1.0000001192092896,0.0,0.6155556475802719,0.6155556475802719,,,,1.0
14,acetone_dipole,223,1.0000001192092896,0.0,0.6155556475802719,0.6155556475802719,,,,1.0
14,acetone_dipole,224,1.0000001192092896,0.0,0.6155556475802719,0.6155556475802719,,,,1.0
14,acetone_dipole,225,1.0000001192092896,0.0,0.6155556475802719,0.6155556475802719,,,,1.0
14,acetone_dipole,226,1.0000001192092896,0.0,0.6155556475802719,0.6155556475802719,,,,1.0
14,acetone_dipole,227,1.0000001192092896,0.0,0.6155556475802719,0.6155556475802719,,,,1.0
14,acetone_dipole,228,1.0000001192092896,0.0,0.6155556475802719,0.6155556475802719,,,,1.0
14,acetone_dipole,229,1.0000001192092896,0.0,0.6155556475802719,0.6155556475802719,,,,1.0
14,acetone_dipole,230,1.0000001192092896,0.0,0.6155556475802719,0.6155556475802719,,,,1.0
14,acetone_dipole,231,1.0000001192092896,0.0,0.6155556475802719,0.6155556475802719,,,,1.0
14,acetone_dipole,232,1.0000001192092896,0.0,0.6155556475802719,0.6155556475802719,,,,1.0
14,acetone_dipole,233,1.0000001192092896,0.0,0.6155556475802719,0.6155556475802719,,,,1.0
14,acetone_dipole,234,1.0000001192092896,0.0,0.6155556475802719,0.6155556475802719,,,,1.0
14,acetone_dipole,235,1.0000001192092896,0.0,0.6155556475802719,0.6155556475802719,,,,1.0
14,acetone_dipole,236,1.0000001192092896,0.0,0.6155556475802719,0.6155556475802719,,,,1.0
14,acetone_dipole,237,1.0000001192092896,0.0,0.6155556475802719,0.6155556475802719,,,,1.0
14,acetone_dipole,238,1.0000001192092896,0.0,0.6155556475802719,0.6155556475802719,,,,1.0
14,acetone_dipole,239,1.0000001192092896,0.0,0.6155556475802719,0.6155556475802719,,,,1.0
14,acetone_dipole,240,1.0000001192092896,0.0,0.6155556475802719,0.6155556475802719,,,,1.0
14,acetone_dipole,241,1.0000001192092896,0.0,0.6155556475802719,0.6155556475802719,,,,1.0
14,acetone_dipole,242,1.0000001192092896,0.0,0.6155556475802719,0.6155556475802719,,,,1.0
14,acetone_dipole,243,1.0000001192092896,0.0,0.6155556475802719,0.6155556475802719,,,,1.0
14,acetone_dipole,244,1.0000001192092896,0.0,0.6155556475802719,0.6155556475802719,,,,1.0
14,acetone_dipole,245,1.0000001192092896,0.0,0.6155556475802719,0.6155556475802719,,,,1.0
14,acetone_dipole,246,1.0000001192092896,0.0,0.6155556475802719,0.6155556475802719,,,,1.0
14,acetone_dipole,247,1.0000001192092896,0.0,0.6155556475802719,0.6155556475802719,,,,1.0
14,acetone_dipole,248,1.0000001192092896,0.0,0.6155556475802719,0.6155556475802719,,,,1.0
14,acetone_dipole,249,1.0000001192092896,0.0,0.6155556475802719,0.6155556475802719,,,,1.0
14,octanol_gsolv_eV,0,0.3547784686088562,0.02359049767255783,0.6680903118511146,0.90937569219421,5.154728412628174,0.7187947630882263,0.13944376998161653,0.26
14,octanol_gsolv_eV,1,0.18627767264842987,0.021451499313116074,0.6696671021092535,0.9687900150547082,4.849180698394775,0.00938449427485466,0.0019352741954865096,0.14
14,octanol_gsolv_eV,2,0.32054951786994934,0.026702838018536568,0.6574351649034349,0.9453683229250529,5.932558536529541,0.2884574830532074,0.048622779071970317,0.26
14,octanol_gsolv_eV,3,0.5607936978340149,0.01636916771531105,0.6773201917669851,0.9539115330869887,3.56402587890625,0.723096489906311,0.20288755314207182,0.56
14,octanol_gsolv_eV,4,0.14682191610336304,0.023690897971391678,0.6654520029026996,0.9167269639391451,5.268949508666992,0.3456600606441498,0.06560322130162136,0.1
14,octanol_gsolv_eV,5,0.17289850115776062,0.017634335905313492,0.6748372100415063,0.959509067837049,4.052219390869141,0.020232390612363815,0.004992915896398263,0.14
14,octanol_gsolv_eV,6,0.3607923686504364,0.02237521857023239,0.669143086991832,0.939902562755514,4.928628444671631,0.6920033693313599,0.1404048564625497,0.28
14,octanol_gsolv_eV,7,0.2453068196773529,0.027632106095552444,0.6648802006555548,0.9282875802146315,5.948814868927002,0.38475552201271057,0.06467767622462751,0.22
14,octanol_gsolv_eV,8,0.5008408427238464,0.014853687956929207,0.6735965411878311,0.9396568089877702,3.2089345455169678,0.3501042127609253,0.10910294610092229,0.38
14,octanol_gsolv_eV,9,0.11057871580123901,0.011473816819489002,0.6624638220132966,0.9366487065115203,2.467576503753662,0.05581248179078102,0.022618338967760238,0.12
14,octanol_gsolv_eV,10,0.07410194724798203,0.016745982691645622,0.6613544841344337,0.9655141260964928,3.619967222213745,0.015749430283904076,0.004350710743251623,0.02
14,octanol_gsolv_eV,11,0.41277629137039185,0.023657338693737984,0.6707676077189217,0.9271119541898782,5.413949966430664,0.7781305909156799,0.14372696381394337,0.3
14,octanol_gsolv_eV,12,0.11251404881477356,0.021756205707788467,0.6752596794653609,0.974642556957755,5.053163528442383,0.012971189804375172,0.002566944396587436,0.14
14,octanol_gsolv_eV,13,0.1344994455575943,0.012474882416427135,0.6728154122787415,0.9379090105491132,2.7576420307159424,0.1282186359167099,0.04649575053199404,0.06
14,octanol_gsolv_eV,14,0.21820929646492004,0.023876743391156197,0.6673917248160655,0.9357102269215309,5.172278881072998,0.401941180229187,0.07771065510408125,0.12
14,octanol_gsolv_eV,15,0.2618888020515442,0.01395800057798624,0.6691802445970951,0.974117210343248,2.948026180267334,0.08771982043981552,0.02975544146350182,0.24
14,octanol_gsolv_eV,16,0.6369760036468506,0.0037898265291005373,0.667903643601192,0.911196315580296,0.7059395909309387,0.4296939969062805,0.6086838058475134,0.38
14,octanol_gsolv_eV,17,0.4789412319660187,0.023621225729584694,0.6663228992102337,0.9052899971011177,5.393259048461914,0.6853069067001343,0.12706730764129986,0.38
14,octanol_gsolv_eV,18,0.04260857775807381,0.023421013727784157,0.6805257681365946,0.9673752075528321,5.530538558959961,0.007605995982885361,0.001375272209351651,0.02
14,octanol_gsolv_eV,19,0.5268262624740601,0.023474330082535744,0.6764901915626584,0.9381848970629623,5.179566860198975,1.2458362579345703,0.2405290425938649,0.34
14,octanol_gsolv_eV,20,0.07747422158718109,0.017085479572415352,0.6678242834254555,0.9775130575064379,3.5842292308807373,0.07586570084095001,0.021166531478319497,0.12
14,octanol_gsolv_eV,21,0.10991381853818893,0.026862403377890587,0.6567412208970054,0.9675482476145798,5.954952239990234,0.006491323467344046,0.0010900714574588579,0.14
14,octanol_gsolv_eV,22,0.38068002462387085,0.02016536332666874,0.6723583968339313,0.923551106033909,4.719552516937256,0.45937761664390564,0.09733499415364442,0.32
14,octanol_gsolv_eV,23,0.21515163779258728,0.014499484561383724,0.6694113097546817,0.9708310889199869,3.061126470565796,0.09858971834182739,0.03220700591426554,0.12
14,octanol_gsolv_eV,24,0.040731415152549744,0.021997595205903053,0.6765614433459368,0.9558305138744707,4.760109901428223,0.022279057651758194,0.0046803662337866585,0.0
14,octanol_gsolv_eV,25,0.4663415253162384,0.006840040907263756,0.6734820803889519,0.9298217799869366,1.4409962892532349,0.5145384073257446,0.3570712923850713,0.38
14,octanol_gsolv_eV,26,0.2329370081424713,0.022495251148939133,0.6669151630842254,0.9657245375670542,5.064344882965088,0.0072074346244335175,0.0014231721557268207,0.22
14,octanol_gsolv_eV,27,0.4556519389152527,0.02155279740691185,0.6762489719698392,0.9435310335556104,4.82982063293457,0.8773716688156128,0.18165719505871733,0.38
14,octanol_gsolv_eV,28,0.3339299261569977,0.016389500349760056,0.6734925428761012,0.939581528568028,3.789057970046997,0.3685295581817627,0.09726152544907929,0.22
14,octanol_gsolv_eV,29,0.18869750201702118,0.014570423401892185,0.6693933150461635,0.9628756279379149,3.078834056854248,0.04029989615082741,0.013089336874493072,0.14
14,octanol_gsolv_eV,30,0.07127554714679718,0.020204851403832436,0.6678231833597905,0.9604928721207262,4.257659912109375,0.010993743315339088,0.00258210931410265,0.1
14,octanol_gsolv_eV,31,0.2930489778518677,0.024027375504374504,0.6669207980516421,0.9083358266694912,5.614275932312012,0.5211456418037415,0.09282508520900731,0.32
14,octanol_gsolv_eV,32,0.10991758853197098,0.014935759827494621,0.6425357502455871,0.9404900463881873,2.8729777336120605,0.09574336558580399,0.0333254812474409,0.08
14,octanol_gsolv_eV,33,0.4295397996902466,0.016290346160531044,0.6541836307850668,0.92764039007286,3.4516658782958984,0.5060350894927979,0.14660604685834466,0.4
14,octanol_gsolv_eV,34,0.27203989028930664,0.023566395044326782,0.6607030317371871,0.9755573870479806,5.276803016662598,0.004353830125182867,0.0008250886211660256,0.26
14,octanol_gsolv_eV,35,0.06841611862182617,0.025059422478079796,0.6699536526021079,0.969158695644937,5.739303112030029,0.003841214580461383,0.0006692824033652963,0.06
14,octanol_gsolv_eV,36,0.195780411362648,0.020829852670431137,0.6683535965936731,0.9690635435195178,4.442459583282471,0.02151443250477314,0.00484291012702392,0.24
14,octanol_gsolv_eV,37,0.3330623209476471,0.009846986271440983,0.6714310611941772,0.9650667995346045,2.0353660583496094,0.18827317655086517,0.09250089229822757,0.32
14,octanol_gsolv_eV,38,0.2625984251499176,0.01612580567598343,0.6429806455957554,0.9154760360138803,3.1986753940582275,0.3492823541164398,0.10919593615696585,0.1
14,octanol_gsolv_eV,39,0.38096585869789124,0.025249842554330826,0.6605462688086856,0.9221578672736186,5.682239055633545,0.5523927807807922,0.09721392841315488,0.24
14,octanol_gsolv_eV,40,0.524564802646637,0.0238961149007082,0.6752186405538128,0.9167721810682781,5.278618335723877,1.635846495628357,0.30990050645592415,0.46
14,octanol_gsolv_eV,41,0.10998328775167465,0.028106199577450752,0.655208347692906,0.9652686960539558,5.977711200714111,0.017078803852200508,0.002857080792086482,0.06
14,octanol_gsolv_eV,42,0.15850257873535156,0.024814456701278687,0.6685101773085651,0.9662462733667874,5.297149658203125,0.01783108338713646,0.003366165681108024,0.12
14,octanol_gsolv_eV,43,0.17024949193000793,0.012295722030103207,0.6607954174620667,0.9486775040979409,2.5394484996795654,0.08682535588741302,0.034190634658812294,0.06
14,octanol_gsolv_eV,44,0.2336849868297577,0.011510386131703854,0.6710712628363666,0.9598352791142932,2.402275323867798,0.11429339647293091,0.04757714294334595,0.18
14,octanol_gsolv_eV,45,0.32928529381752014,0.024440113455057144,0.6633396763464352,0.949255977020178,5.579489707946777,0.11131784319877625,0.019951258811397758,0.28
14,octanol_gsolv_eV,46,0.7012698650360107,0.018162697553634644,0.6974850036847744,0.9533085431326414,3.979234218597412,2.3869407176971436,0.5998492640974737,0.62
14,octanol_gsolv_eV,47,0.17954568564891815,0.01833536848425865,0.6688370672556609,0.961225793215781,3.9006454944610596,0.013373014517128468,0.003428410640269214,0.22
14,octanol_gsolv_eV,48,0.22961720824241638,0.02523835003376007,0.6613353228685006,0.968493220027606,5.603555679321289,0.007188860792666674,0.0012829105668023628,0.2
14,octanol_gsolv_eV,49,0.102358378469944,0.014461237005889416,0.6679046356083433,0.9341174808960924,3.0503251552581787,0.051504455506801605,0.016884906652662176,0.1
14,octanol_gsolv_eV,50,0.4425467550754547,0.01812746189534664,0.6760823937755005,0.9014180820312496,4.403713226318359,0.515690803527832,0.11710362982899446,0.34
14,octanol_gsolv_eV,51,0.11650650203227997,0.01745627634227276,0.6675134561148668,0.976137799119634,3.6447865962982178,0.12667998671531677,0.034756489404339265,0.16
14,octanol_gsolv_eV,52,0.1989632397890091,0.020853029564023018,0.6716825768929524,0.9617817637766446,4.846425533294678,0.02425779402256012,0.005005295935305393,0.16
14,octanol_gsolv_eV,53,0.2902584373950958,0.018994640558958054,0.6772982830739831,0.9143192816928978,4.5507001876831055,0.4790753722190857,0.10527509008739971,0.16
14,octanol_gsolv_eV,54,0.3817217946052551,0.026142548769712448,0.6565771698741687,0.9403530605681425,5.8484392166137695,0.4567234516143799,0.0780932202077021,0.32
14,octanol_gsolv_eV,55,0.10425497591495514,0.02236887998878956,0.6631352583750472,0.9449708063132083,5.006707668304443,0.024464493617415428,0.004886343529160052,0.06
14,octanol_gsolv_eV,56,0.44516539573669434,0.02307002991437912,0.6689519136866517,0.9193873029415482,5.012012958526611,0.7724695801734924,0.1541236199039231,0.3
14,octanol_gsolv_eV,57,0.4278838336467743,0.008053082972764969,0.6778210334329617,0.9657665399474795,1.6914646625518799,0.3468208312988281,0.20504172447539418,0.26
14,octanol_gsolv_eV,58,0.6884801983833313,0.01834232360124588,0.690228371422436,0.9267885000663372,4.150477886199951,2.1988985538482666,0.5297940656808341,0.62
14,octanol_gsolv_eV,59,0.2612108290195465,0.005922225303947926,0.6749374906509911,0.9722775690950329,1.2317569255828857,0.061417244374752045,0.04986149710153932,0.22
14,octanol_gsolv_eV,60,0.3317332863807678,0.02043652907013893,0.6673453442897106,0.9384398912908178,4.353723049163818,0.14945785701274872,0.03432874698850075,0.24
14,octanol_gsolv_eV,61,0.5085192322731018,0.021356170997023582,0.6730653103670867,0.9210801965998299,5.311183452606201,0.6486963033676147,0.12213780773271897,0.42
14,octanol_gsolv_eV,62,0.1372402012348175,0.011341707780957222,0.671538488969218,0.9491906512907151,2.4105281829833984,0.06986845284700394,0.028984706895453512,0.06
14,octanol_gsolv_eV,63,0.05130865424871445,0.02025040239095688,0.662262854078673,0.9750534215734283,4.523988246917725,0.010283789597451687,0.002273168946550252,0.06
14,octanol_gsolv_eV,64,0.11688917130231857,0.014953706413507462,0.6672635396283604,0.9458513159024824,3.12267804145813,0.08387526869773865,0.026860043713815982,0.08
14,octanol_gsolv_eV,65,0.38812029361724854,0.01675121858716011,0.660311451687638,0.9024759015538724,3.62325382232666,0.4243403673171997,0.11711582685772508,0.26
14,octanol_gsolv_eV,66,0.16280142962932587,0.019642136991024017,0.6754389250638311,0.9207616722078193,4.573633670806885,0.44644856452941895,0.0976135380887766,0.18
14,octanol_gsolv_eV,67,0.08559563755989075,0.009203540161252022,0.6679638705048287,0.9708564780736557,1.8762682676315308,0.05218752473592758,0.027814532514481762,0.04
14,octanol_gsolv_eV,68,0.058598026633262634,0.01917142979800701,0.6670728323217703,0.9594628233442717,4.010866165161133,0.017348021268844604,0.0043252555818320765,0.08
14,octanol_gsolv_eV,69,0.35041874647140503,0.031287577003240585,0.6534713727515686,0.938550903242507,6.853095531463623,0.26107755303382874,0.0380962955842628,0.38
14,octanol_gsolv_eV,70,0.16233012080192566,0.02378172241151333,0.6669777335813447,0.962502079279852,5.170509338378906,0.012758507393300533,0.0024675533024567883,0.14
14,octanol_gsolv_eV,71,0.36014941334724426,0.02364276349544525,0.6682947845687774,0.9574313176246587,5.138551235198975,0.20110373198986053,0.03913627066950388,0.32
14,octanol_gsolv_eV,72,0.1545812040567398,0.02538740634918213,0.6673228995903651,0.9664591540545135,5.42331600189209,0.010663931258022785,0.0019663119859330246,0.1
14,octanol_gsolv_eV,73,0.380769282579422,0.0343656949698925,0.6619331151361807,0.9256411941827412,7.2657976150512695,0.47989511489868164,0.06604851116477119,0.38
14,octanol_gsolv_eV,74,0.3257850408554077,0.012276132591068745,0.6694145793037398,0.94477560254587,2.5634992122650146,0.2380853295326233,0.09287513270669577,0.24
14,octanol_gsolv_eV,75,0.1480075716972351,0.019936295226216316,0.664960829058354,0.9614433715502495,4.508141040802002,0.034111347049474716,0.00756661043670592,0.14
14,octanol_gsolv_eV,76,0.32987356185913086,0.025593068450689316,0.654652237912672,0.9521739613703817,5.6253275871276855,0.1420316994190216,0.025248609475478308,0.32
14,octanol_gsolv_eV,77,0.35845518112182617,0.020024560391902924,0.6706787681970672,0.9182136649948558,4.488090991973877,0.35510116815567017,0.07912075953689511,0.3
14,octanol_gsolv_eV,78,0.427175372838974,0.024221347644925117,0.6650983219152924,0.9062675501447128,5.271240234375,1.157851219177246,0.2196544205340188,0.44
14,octanol_gsolv_eV,79,0.2533953785896301,0.021864542737603188,0.6689398442534666,0.9650580980131813,4.67442512512207,0.05541112646460533,0.011854105046373653,0.2
14,octanol_gsolv_eV,80,0.18284451961517334,0.01747196912765503,0.6686516518817522,0.968292827877038,3.695237159729004,0.07168126851320267,0.019398286338530846,0.24
14,octanol_gsolv_eV,81,0.446042537689209,0.020400889217853546,0.6711790624389371,0.9111490067329164,4.409406661987305,1.1344006061553955,0.25726831138866313,0.36
14,octanol_gsolv_eV,82,0.23071150481700897,0.013478200882673264,0.6697630214644994,0.9805511900299408,2.824103593826294,0.1440814584493637,0.05101847494700151,0.2
14,octanol_gsolv_eV,83,0.06766378879547119,0.029545867815613747,0.6545322672524627,0.9463760153509801,6.460179805755615,0.05509650334715843,0.008528633103690226,0.1
14,octanol_gsolv_eV,84,0.09289908409118652,0.018699340522289276,0.6666293504532048,0.9611269936337465,3.8988614082336426,0.021380621939897537,0.005483811734047738,0.02
14,octanol_gsolv_eV,85,0.17960494756698608,0.016858642920851707,0.6707904677541325,0.9442545851148341,3.65039324760437,0.05282982811331749,0.014472366271219662,0.06
14,octanol_gsolv_eV,86,0.2954191267490387,0.02815290354192257,0.65956616311837,0.9127628514845327,6.231917381286621,0.7913423180580139,0.12698215808095903,0.12
14,octanol_gsolv_eV,87,0.6049512028694153,0.010683459229767323,0.6839454067395665,0.9300927644541042,2.311899185180664,0.9713311195373535,0.4201442371551546,0.46
14,octanol_gsolv_eV,88,0.2307397723197937,0.018434319645166397,0.6683799891415132,0.9698246638712447,3.9242801666259766,0.049496740102767944,0.012612947598316947,0.24
14,octanol_gsolv_eV,89,0.2444746345281601,0.022565331310033798,0.6605158664158095,0.9507137096532066,4.9536871910095215,0.16451629996299744,0.03321087780059652,0.16
14,octanol_gsolv_eV,90,0.4870602488517761,0.020934849977493286,0.6708823025094779,0.9475359137756685,4.536951065063477,0.6506815552711487,0.14341824408944667,0.36
14,octanol_gsolv_eV,91,0.10459756851196289,0.015409509651362896,0.6693319993084059,0.9561806727012543,3.3071019649505615,0.05138902738690376,0.015538990914564071,0.1
14,octanol_gsolv_eV,92,0.324888676404953,0.0270865336060524,0.6493953809256092,0.902587777360847,5.65972375869751,0.542461633682251,0.09584595588232196,0.22
14,octanol_gsolv_eV,93,0.07279357314109802,0.01552185695618391,0.6692524771398716,0.963668122602853,3.2858500480651855,0.03432236239314079,0.010445504782955906,0.04
14,octanol_gsolv_eV,94,0.6496894359588623,0.012839355506002903,0.7032502129757492,0.9250622483764444,3.3828554153442383,0.6820783615112305,0.20162799699254141,0.5
14,octanol_gsolv_eV,95,0.5510030388832092,0.016486596316099167,0.6855346759297156,0.9666184124046067,3.7449584007263184,0.2408381849527359,0.06430997602163654,0.42
14,octanol_gsolv_eV,96,0.38565441966056824,0.012804289348423481,0.6695449598460332,0.9274821487846039,2.80019474029541,0.372616171836853,0.13306794933753194,0.26
14,octanol_gsolv_eV,97,0.329103946685791,0.023834651336073875,0.6692808467623628,0.9557673148475836,5.141641139984131,0.11089818924665451,0.021568636594306693,0.3
14,octanol_gsolv_eV,98,0.1413460075855255,0.018831295892596245,0.6681400993858155,0.9467031109103081,4.132364273071289,0.11526940762996674,0.02789429973081615,0.1
14,octanol_gsolv_eV,99,0.38579505681991577,0.017890365794301033,0.6620405717442874,0.9231838657369074,4.085025310516357,0.6398561000823975,0.15663454971384694,0.28
14,octanol_gsolv_eV,100,0.256944864988327,0.011556200683116913,0.6657708685875197,0.9558479761858205,2.340559720993042,0.17789974808692932,0.07600735263932971,0.24
14,octanol_gsolv_eV,101,0.3050832152366638,0.01388916652649641,0.6671011913953726,0.9199470940994134,2.924896717071533,0.33950021862983704,0.1160725493821032,0.2
14,octanol_gsolv_eV,102,0.41678914427757263,0.004405290819704533,0.6287393410442816,0.9210590063366093,0.7653575539588928,0.21201345324516296,0.27701229595043647,0.16
14,octanol_gsolv_eV,103,0.21328093111515045,0.010425033047795296,0.6736294946429908,0.9716781980760099,2.245763063430786,0.21214257180690765,0.09446347001665603,0.12
14,octanol_gsolv_eV,104,0.1521996557712555,0.005849772598594427,0.6709011264593541,0.9682129821453109,1.1786426305770874,0.06157062202692032,0.052238583969064556,0.12
14,octanol_gsolv_eV,105,0.37640470266342163,0.02190043032169342,0.6617068869472369,0.9190860705762098,4.790618896484375,0.2705167233943939,0.05646801159510189,0.2
14,octanol_gsolv_eV,106,0.15120777487754822,0.012894252315163612,0.6632222827344008,0.9258178308280012,2.6359925270080566,0.1352478712797165,0.0513081391141983,0.04
14,octanol_gsolv_eV,107,0.45215103030204773,0.008478352800011635,0.6750408068611902,0.9193739726114227,1.8488622903823853,0.6808993816375732,0.3682802040906726,0.26
14,octanol_gsolv_eV,108,0.21643243730068207,0.02325425297021866,0.667551626538198,0.961177861350051,4.940852642059326,0.04037856310606003,0.00817238764870964,0.24
14,octanol_gsolv_eV,109,0.09592507779598236,0.02333945780992508,0.670137123822582,0.9424929796057528,5.373429298400879,0.024304436519742012,0.004523077381324243,0.1
14,octanol_gsolv_eV,110,0.21046948432922363,0.023323504254221916,0.6631625790330973,0.9647297979836225,5.266468048095703,0.015593251213431358,0.0029608555622149283,0.22
14,octanol_gsolv_eV,111,0.12019653618335724,0.026797672733664513,0.667810743308491,0.9591181489250458,5.695101737976074,0.1119334027171135,0.01965432890701833,0.14
14,octanol_gsolv_eV,112,0.26657506823539734,0.02019069343805313,0.6636335561434339,0.9802197054964814,4.463188171386719,0.005935473367571831,0.001329872983089501,0.16
14,octanol_gsolv_eV,113,0.1943766325712204,0.022006135433912277,0.6684645968886376,0.9701738460813123,4.721728324890137,0.00977700762450695,0.0020706417124781184,0.14
14,octanol_gsolv_eV,114,0.4941352307796478,0.008960794657468796,0.6647890877228868,0.8828415135188954,1.8822377920150757,0.7768953442573547,0.41275090084427135,0.24
14,octanol_gsolv_eV,115,0.21360720694065094,0.01928231678903103,0.673408509611769,0.9380490070786687,4.403808116912842,0.060419339686632156,0.01371979388806507,0.1
14,octanol_gsolv_eV,116,0.19413025677204132,0.015181845985352993,0.6612652383398845,0.9444711740167142,3.253955841064453,0.1301407516002655,0.039994627449428784,0.12
14,octanol_gsolv_eV,117,0.2015358805656433,0.019957706332206726,0.6681904768733793,0.9792720591965254,4.200973987579346,0.1477809101343155,0.03517777319527482,0.2
14,octanol_gsolv_eV,118,0.5368806719779968,0.030204061418771744,0.6774820536643658,0.9821167782131368,7.328254699707031,0.13609980046749115,0.018571925519036907,0.48
14,octanol_gsolv_eV,119,0.31398454308509827,0.01718476228415966,0.6697068680887661,0.9484312654623741,3.9908223152160645,0.21186259388923645,0.053087453450747314,0.22
14,octanol_gsolv_eV,120,0.422987699508667,0.00771401496604085,0.6669497657719179,0.9216483895507399,1.5528203248977661,0.5218564867973328,0.33607010317287705,0.2
14,octanol_gsolv_eV,121,0.5862263441085815,0.02532723732292652,0.6836641421492606,0.929969794835305,5.5062479972839355,2.7284622192382812,0.4955211281046819,0.5
14,octanol_gsolv_eV,122,0.3120672404766083,0.022045785561203957,0.674067398884143,0.9283666780200557,5.2736639976501465,0.4299565553665161,0.0815290006261486,0.24
14,octanol_gsolv_eV,123,0.04547976329922676,0.021557874977588654,0.6557717262659755,0.9634447410987521,4.497451305389404,0.027517417445778847,0.006118446999704936,0.04
14,octanol_gsolv_eV,124,0.09698566049337387,0.01772303320467472,0.6679343854598985,0.9601117634432337,3.738631010055542,0.041304197162389755,0.01104794697612486,0.06
14,octanol_gsolv_eV,125,0.04966477304697037,0.011391275562345982,0.6598767446950295,0.9638059763649083,2.335686445236206,0.0067650130949914455,0.002896370404849999,0.04
14,octanol_gsolv_eV,126,0.28900447487831116,0.025316696614027023,0.6672854562765138,0.9775478844894527,5.3955230712890625,0.02133968099951744,0.003955071772942879,0.26
14,octanol_gsolv_eV,127,0.15517643094062805,0.019058646634221077,0.6829142634133367,0.9302647777178459,4.569319725036621,0.2812926769256592,0.06156117187080944,0.14
14,octanol_gsolv_eV,128,0.30883240699768066,0.020495738834142685,0.6751751767126788,0.9270452712206934,4.878183841705322,0.23533493280410767,0.04824232551306204,0.26
14,octanol_gsolv_eV,129,0.33539438247680664,0.01321376021951437,0.6702379638487224,0.9650565853757804,2.7787225246429443,0.18677513301372528,0.06721618706341512,0.26
14,octanol_gsolv_eV,130,0.08333655446767807,0.02174650877714157,0.6571435337752012,0.9761220263270485,4.787362575531006,0.008191707544028759,0.0017111107451727007,0.12
14,octanol_gsolv_eV,131,0.1103307381272316,0.024026304483413696,0.6676630046390648,0.9732804422687058,5.103410720825195,0.04722074046730995,0.009252780748102242,0.16
14,octanol_gsolv_eV,132,0.5986727476119995,0.016839416697621346,0.6777776543986609,0.9339436501389118,3.6412391662597656,1.0417951345443726,0.28611005401616924,0.54
14,octanol_gsolv_eV,133,0.3012149930000305,0.017790360376238823,0.6697322814092783,0.9318015499314154,4.1018595695495605,0.14112944900989532,0.03440621177223609,0.22
14,octanol_gsolv_eV,134,0.23828907310962677,0.014422918669879436,0.6691420336875915,0.9627692840946898,3.0298635959625244,0.2215956598520279,0.07313717361643522,0.1
14,octanol_gsolv_eV,135,0.5051649212837219,0.011842556297779083,0.6732745267862683,0.9138370851685234,2.4569175243377686,0.9821433424949646,0.3997461586585773,0.34
14,octanol_gsolv_eV,136,0.32644379138946533,0.01713438890874386,0.6682401077439861,0.9204479060750794,3.600173234939575,0.4450761079788208,0.12362630321768138,0.32
14,octanol_gsolv_eV,137,0.15312723815441132,0.009768420830368996,0.6658282538293001,0.929469255564749,1.9798156023025513,0.132634699344635,0.06699346100231715,0.08
14,octanol_gsolv_eV,138,0.37007322907447815,0.008901557885110378,0.6818421424750583,0.9627433398517038,1.9592682123184204,0.06742998212575912,0.03441590166257462,0.32
14,octanol_gsolv_eV,139,0.3726564049720764,0.041525643318891525,0.6581410495958349,0.9520945730668446,9.499937057495117,0.7336989641189575,0.07723198160982496,0.32
14,octanol_gsolv_eV,140,0.2770068347454071,0.027121802791953087,0.6548303313434853,0.96491130285481,6.033493518829346,0.08849664032459259,0.01466756201003813,0.26
14,octanol_gsolv_eV,141,0.06680721789598465,0.024969564750790596,0.6564017705080902,0.9534261693924737,5.283061981201172,0.015273666009306908,0.0028910631871546287,0.08
14,octanol_gsolv_eV,142,0.34543317556381226,0.021103132516145706,0.667745396425178,0.9545546959144158,4.513674259185791,0.4446786940097809,0.09851811816167594,0.26
14,octanol_gsolv_eV,143,0.1646774262189865,0.00807917769998312,0.6739067393826936,0.9583593150204952,1.7160913944244385,0.038247060030698776,0.022287309495847972,0.06
14,octanol_gsolv_eV,144,0.4325679838657379,0.019892150536179543,0.6643958434328603,0.9166402136296572,4.687497138977051,0.561776340007782,0.11984569234966574,0.34
14,octanol_gsolv_eV,145,0.2719775438308716,0.02167593501508236,0.668137817978079,0.9619133923419914,4.641014099121094,0.20097105205059052,0.043303262553899595,0.2
14,octanol_gsolv_eV,146,0.550225555896759,0.018271218985319138,0.6770785775768429,0.9241795587923567,4.5316667556762695,0.5950737595558167,0.13131454531832903,0.38
14,octanol_gsolv_eV,147,0.17138153314590454,0.004955993499606848,0.6636777694169664,0.9536167639678061,0.919112503528595,0.09600967913866043,0.10445911547287902,0.06
14,octanol_gsolv_eV,148,0.35645052790641785,0.01510164700448513,0.6697405079445258,0.9673799863253276,3.230626344680786,0.0740632563829422,0.022925355172964235,0.36
14,octanol_gsolv_eV,149,0.1896733194589615,0.024674227461218834,0.6539421938072609,0.9235054936297242,5.389953136444092,0.1783631443977356,0.03309178018482865,0.1
14,octanol_gsolv_eV,150,0.2569406032562256,0.010079378262162209,0.6696356117136593,0.9337989696125921,2.1034505367279053,0.13791523873806,0.06556619056638184,0.16
14,octanol_gsolv_eV,151,0.3566528260707855,0.017727212980389595,0.6698335230650849,0.9636365712133323,3.789827585220337,0.2582213282585144,0.06813537620168587,0.32
14,octanol_gsolv_eV,152,0.3463553786277771,0.021598804742097855,0.6690775390928918,0.9352100292889882,4.800478458404541,0.3729526400566101,0.07769072255780156,0.26
14,octanol_gsolv_eV,153,0.2784139811992645,0.022960487753152847,0.6655186238256268,0.9637382195322926,5.262047290802002,0.033413130789995193,0.006349834758878158,0.26
14,octanol_gsolv_eV,154,0.26514095067977905,0.025185121223330498,0.6648458719124364,0.9746648654815402,5.663285732269287,0.00967608392238617,0.0017085636112711107,0.26
14,octanol_gsolv_eV,155,0.35408473014831543,0.021483754739165306,0.6675154597519828,0.9567751311649499,4.925018787384033,0.09206350892782211,0.01869302695121747,0.22
14,octanol_gsolv_eV,156,0.2652623653411865,0.020034320652484894,0.6727501706503689,0.9087544258356492,4.627644062042236,0.678468644618988,0.146612106619015,0.1
14,octanol_gsolv_eV,157,0.3669886887073517,0.017182668671011925,0.6744061427418246,0.9323220226086653,4.086700439453125,0.4337232708930969,0.10613042901454675,0.28
14,octanol_gsolv_eV,158,0.08234366029500961,0.004918550606817007,0.6705832697097747,0.9700396755390259,0.9561182856559753,0.0189752746373415,0.01984615807689831,0.02
14,octanol_gsolv_eV,159,0.3154316246509552,0.018585534766316414,0.669949329878111,0.9688620708786122,3.979767084121704,0.1371239870786667,0.03445527946239814,0.22
14,octanol_gsolv_eV,160,0.41181159019470215,0.019112592563033104,0.669269578593271,0.9601097629455502,4.089053630828857,0.30899128317832947,0.07556547579829528,0.34
14,octanol_gsolv_eV,161,0.2168198823928833,0.019652822986245155,0.6711056918678402,0.9646119812824265,4.5529279708862305,0.02301863394677639,0.005055786977955594,0.14
14,octanol_gsolv_eV,162,0.5132536888122559,0.018693601712584496,0.6676508626696314,0.9107639700567207,4.439249038696289,0.579541027545929,0.1305493389747126,0.38
14,octanol_gsolv_eV,163,0.19494372606277466,0.013338807970285416,0.6649585192959055,0.9407827933608344,2.74493408203125,0.12185028195381165,0.044390968348370134,0.1
14,octanol_gsolv_eV,164,0.41227519512176514,0.01821182854473591,0.6685279170442153,0.9080360948622423,3.9185075759887695,0.5599234700202942,0.14289202181241334,0.3
14,octanol_gsolv_eV,165,0.1983616203069687,0.018847843632102013,0.6686770736061274,0.948915824550616,4.018179416656494,0.016319505870342255,0.004061417915460238,0.12
14,octanol_gsolv_eV,166,0.40788426995277405,0.030124865472316742,0.646716293707619,0.9132063012879361,6.470362663269043,0.6689816117286682,0.10339167161778168,0.44
14,octanol_gsolv_eV,167,0.1266229748725891,0.0194046963006258,0.6605781721656285,0.9766650399194463,4.218855381011963,0.011359483003616333,0.00269255093567383,0.08
14,octanol_gsolv_eV,168,0.11068965494632721,0.031236516311764717,0.6475479674113618,0.957068900837329,6.560194492340088,0.025753632187843323,0.003925742173942276,0.06
14,octanol_gsolv_eV,169,0.09614478051662445,0.009087899699807167,0.6727826134218797,0.9371635623120218,1.9964262247085571,0.05315699428319931,0.02662607494597467,0.04
14,octanol_gsolv_eV,170,0.1938570886850357,0.01879018358886242,0.6675488285320677,0.9389524552303596,4.22198486328125,0.20102044939994812,0.04761278306519524,0.04
14,octanol_gsolv_eV,171,0.1837124526500702,0.011745989322662354,0.6569079400019913,0.9435996914556468,2.3689939975738525,0.13414037227630615,0.05662334831311635,0.14
14,octanol_gsolv_eV,172,0.21959246695041656,0.014435437507927418,0.6755395867291165,0.952825645366892,3.2760233879089355,0.050712209194898605,0.015479806823744283,0.2
14,octanol_gsolv_eV,173,0.23777878284454346,0.02273358404636383,0.6678265831325318,0.97217171995972,4.867464542388916,0.028559425845742226,0.0058674132285975455,0.2
14,octanol_gsolv_eV,174,0.29764217138290405,0.02410455234348774,0.6685509855295855,0.9714930996998816,5.5468573570251465,0.011008589528501034,0.0019846534388627377,0.32
14,octanol_gsolv_eV,175,0.4527266025543213,0.020589442923665047,0.6719790411347502,0.9336806672400588,4.469661235809326,0.9052342772483826,0.20252860999754735,0.36
14,octanol_gsolv_eV,176,0.15720605850219727,0.02175389975309372,0.6680644782967322,0.9637245308523679,4.644357204437256,0.024352025240659714,0.005243357512939271,0.12
14,octanol_gsolv_eV,177,0.26101335883140564,0.024651773273944855,0.6688592805699727,0.9096294635275608,5.319654941558838,0.6951377987861633,0.13067347533305695,0.18
14,octanol_gsolv_eV,178,0.7106465101242065,0.014960494823753834,0.6974372087927012,0.9250823930852516,3.37677001953125,2.0653693675994873,0.6116405190917307,0.7
14,octanol_gsolv_eV,179,0.07474268227815628,0.03395561873912811,0.6655382527609108,0.9778546109134467,7.154731273651123,0.008626038208603859,0.0012056411175596696,0.14
14,octanol_gsolv_eV,180,0.2965894937515259,0.021381355822086334,0.671436727950629,0.9499983291739535,5.009936332702637,0.06666162610054016,0.013305882884259967,0.3
14,octanol_gsolv_eV,181,0.16774052381515503,0.0207927618175745,0.6675491820898143,0.9663848507531196,4.397951126098633,0.065101258456707,0.014802633451376598,0.14
14,octanol_gsolv_eV,182,0.09279144555330276,0.011231799609959126,0.6620528660684692,0.9656330226453891,2.261596918106079,0.03481195494532585,0.015392643431119592,0.04
14,octanol_gsolv_eV,183,0.1877603977918625,0.026498211547732353,0.6495062750886191,0.9581746152056503,5.533684253692627,0.033576760441064835,0.006067704426514589,0.18
14,octanol_gsolv_eV,184,0.17124736309051514,0.02988612651824951,0.65623960615135,0.9650669693178346,6.52449369430542,0.015037196688354015,0.0023047300515407786,0.16
14,octanol_gsolv_eV,185,0.21418209373950958,0.018208913505077362,0.6519105434706809,0.9083790191955721,3.9969558715820312,0.47744759917259216,0.11945280721440993,0.1
14,octanol_gsolv_eV,186,0.17150184512138367,0.010508948937058449,0.6607854232821444,0.9564277499352729,2.115772247314453,0.07834932208061218,0.03703107561792668,0.04
14,octanol_gsolv_eV,187,0.21310046315193176,0.01872519962489605,0.6686950849307023,0.963418195287572,3.989206314086914,0.03730810061097145,0.009352261496034173,0.16
14,octanol_gsolv_eV,188,0.2197863906621933,0.019561925902962685,0.669665037538111,0.9821796060268968,4.1615471839904785,0.16067880392074585,0.03861035254841736,0.2
14,octanol_gsolv_eV,189,0.2816546857357025,0.020343707874417305,0.6657618442639015,0.9457696328578271,4.604054927825928,0.14514048397541046,0.03152449009637402,0.12
14,octanol_gsolv_eV,190,0.35675880312919617,0.01089502964168787,0.667557258220395,0.8981465700376112,2.2492949962615967,0.5670530200004578,0.2521025569980455,0.28
14,octanol_gsolv_eV,191,0.22508633136749268,0.02705259621143341,0.6582027884514197,0.9799967210317795,5.901303291320801,0.005287382751703262,0.0008959686514468004,0.24
14,octanol_gsolv_eV,192,0.2812221944332123,0.025528520345687866,0.6548422397503628,0.9716634100545614,5.424399375915527,0.01577969454228878,0.0029090215245490643,0.22
14,octanol_gsolv_eV,193,0.625096321105957,0.013643930666148663,0.6838487753430385,0.9207216278917218,2.9956228733062744,0.969600260257721,0.32367233836333054,0.5
14,octanol_gsolv_eV,194,0.11356616020202637,0.015187547542154789,0.6674901309413421,0.9553171673939329,3.1671700477600098,0.07286705821752548,0.023006992715487732,0.1
14,octanol_gsolv_eV,195,0.36525529623031616,0.017454154789447784,0.6637487144216592,0.9129687796089241,4.010154724121094,0.5933587551116943,0.14796405523772924,0.34
14,octanol_gsolv_eV,196,0.15276777744293213,0.017336394637823105,0.669885808138329,0.9409623025543188,3.727922201156616,0.13440406322479248,0.03605334445635496,0.08
14,octanol_gsolv_eV,197,0.43173274397850037,0.02069934457540512,0.6711759090899057,0.9448521341778866,4.870426654815674,0.48934993147850037,0.10047372974904605,0.3
14,octanol_gsolv_eV,198,0.3821414113044739,0.009923160076141357,0.6673060794554757,0.944976841576294,2.0486397743225098,0.24343039095401764,0.1188253757469493,0.32
14,octanol_gsolv_eV,199,0.353989839553833,0.016868634149432182,0.668922902556828,0.9138054602248007,3.6257760524749756,0.8693734407424927,0.23977582403332753,0.2
14,octanol_gsolv_eV,200,0.11475399136543274,0.027924727648496628,0.667385901662845,0.9729865072716808,5.921200752258301,0.052712444216012955,0.008902323434298158,0.02
14,octanol_gsolv_eV,201,0.15070712566375732,0.011230718344449997,0.6679173378087617,0.9519767570707314,2.3139238357543945,0.08910857141017914,0.03850972535624865,0.06
14,octanol_gsolv_eV,202,0.0861196517944336,0.016302406787872314,0.6620399958843917,0.9537585278118379,3.500335931777954,0.018979525193572044,0.005422201058265748,0.04
14,octanol_gsolv_eV,203,0.42920732498168945,0.012557084672152996,0.670363972556471,0.9425063940005669,2.619147539138794,0.4814870059490204,0.18383347969291525,0.26
14,octanol_gsolv_eV,204,0.30413925647735596,0.02088926173746586,0.6668003621886951,0.9411284970075964,4.777667999267578,0.10835665464401245,0.02267982092113216,0.26
14,octanol_gsolv_eV,205,0.06566478312015533,0.01917903684079647,0.6682436312346933,0.9518126337901136,4.065796375274658,0.010539058595895767,0.002592126516710719,0.04
14,octanol_gsolv_eV,206,0.5055707097053528,0.023633325472474098,0.6681704446291405,0.9187595211570523,5.1721930503845215,0.7380897402763367,0.14270343993085566,0.42
14,octanol_gsolv_eV,207,0.23679612576961517,0.02246004529297352,0.6692007820319841,0.9575447707799329,5.446235656738281,0.02931908145546913,0.005383366292494981,0.14
14,octanol_gsolv_eV,208,0.28906378149986267,0.01834142953157425,0.6684488942695916,0.9742885462890691,3.900085210800171,0.08705449849367142,0.022321178586713664,0.32
14,octanol_gsolv_eV,209,0.29224535822868347,0.025208089500665665,0.6620385829901427,0.9684342387924079,5.673008441925049,0.012218152172863483,0.002153734177895466,0.26
14,octanol_gsolv_eV,210,0.2722856402397156,0.0062399921007454395,0.6742034684772853,0.9739574750527475,1.2619165182113647,0.1422213464975357,0.11270265857136069,0.24
14,octanol_gsolv_eV,211,0.26397690176963806,0.015048898756504059,0.6725701115115514,0.953256656995138,3.4706637859344482,0.04198306426405907,0.012096551799169871,0.16
14,octanol_gsolv_eV,212,0.2035246640443802,0.013150995597243309,0.6691540333916433,0.9713629758535434,2.762489080429077,0.09307132661342621,0.033691111133358806,0.16
14,octanol_gsolv_eV,213,0.23826976120471954,0.01009440142661333,0.6571496583541476,0.9230077800872578,2.003107786178589,0.33614885807037354,0.16781366454156646,0.06
14,octanol_gsolv_eV,214,0.2624082863330841,0.024963481351733208,0.6676988991705943,0.9721736091609396,5.552245140075684,0.012679390609264374,0.002283651079766903,0.24
14,octanol_gsolv_eV,215,0.510650098323822,0.021313592791557312,0.6673080567049625,0.9310044691472217,5.05021858215332,0.7026892900466919,0.13914037157319992,0.46
14,octanol_gsolv_eV,216,0.4117710292339325,0.009241754189133644,0.6733509519592191,0.9073364356100444,1.9515233039855957,0.6887708902359009,0.35294013083483255,0.2
14,octanol_gsolv_eV,217,0.3775978684425354,0.020318949595093727,0.6682147684345181,0.9267710670296545,4.362977981567383,0.40804803371429443,0.09352511872354322,0.28
14,octanol_gsolv_eV,218,0.5070754885673523,0.01933102309703827,0.6719173859731891,0.952456340292062,4.195854187011719,0.6257213950157166,0.14912848901008985,0.4
14,octanol_gsolv_eV,219,0.5312666893005371,0.01983124390244484,0.6745417169623045,0.9443931157449295,4.301327228546143,0.9192179441452026,0.21370565300048103,0.42
14,octanol_gsolv_eV,220,0.10036027431488037,0.04299117997288704,0.6399826201996077,0.9554601986860578,8.587117195129395,0.026291273534297943,0.003061711274793167,0.04
14,octanol_gsolv_eV,221,0.12183308601379395,0.01869875192642212,0.6703460544147293,0.9375364498670375,4.069605350494385,0.09323130548000336,0.02290917606265615,0.02
14,octanol_gsolv_eV,222,0.48203665018081665,0.023146100342273712,0.6683797898383688,0.9321646845848559,5.075114727020264,0.5952459573745728,0.11728719238708869,0.38
14,octanol_gsolv_eV,223,0.2197514921426773,0.020674342289566994,0.6778780385190646,0.9599422966808036,4.834821701049805,0.012158834375441074,0.0025148464880930307,0.18
14,octanol_gsolv_eV,224,0.37390759587287903,0.022297993302345276,0.6686609948013957,0.9411988976990207,4.799530029296875,0.28936266899108887,0.06028979238066776,0.26
14,octanol_gsolv_eV,225,0.1378108710050583,0.02805083990097046,0.6635612731437572,0.8979174735974955,6.025118350982666,0.5965343117713928,0.09900789943389264,0.04
14,octanol_gsolv_eV,226,0.4134747087955475,0.022294089198112488,0.6670098271499856,0.9164091764902542,5.3460235595703125,0.3305652439594269,0.061833854691429026,0.34
14,octanol_gsolv_eV,227,0.4294207990169525,0.021977828815579414,0.6750810521793467,0.9320815801227382,5.107608795166016,1.2092976570129395,0.2367639546234341,0.4
14,octanol_gsolv_eV,228,0.46391060948371887,0.014602540992200375,0.6725686048117374,0.9329886766374875,3.092557430267334,0.892306387424469,0.2885334896908719,0.22
14,octanol_gsolv_eV,229,0.14736299216747284,0.01585639826953411,0.6699543499849232,0.9247738008666215,3.578366994857788,0.1295246183872223,0.036196571948420256,0.12
14,octanol_gsolv_eV,230,0.28278544545173645,0.0202972199767828,0.6685300098979132,0.9128958409778931,4.3353190422058105,0.5443437099456787,0.12556024242882863,0.16
14,octanol_gsolv_eV,231,0.4728561341762543,0.02135978825390339,0.6752843774459105,0.9351767891645504,5.1401591300964355,0.2016984224319458,0.03923972338735001,0.36
14,octanol_gsolv_eV,232,0.1078776866197586,0.017137547954916954,0.6730709259660599,0.9435046452083096,3.958099842071533,0.14746734499931335,0.03725710590517444,0.08
14,octanol_gsolv_eV,233,0.23771962523460388,0.025545889511704445,0.675110632729401,0.9629354372258507,5.954891204833984,0.05221389979124069,0.008768237402701022,0.24
14,octanol_gsolv_eV,234,0.2118392139673233,0.01711123436689377,0.6680857428459421,0.9588722282664457,3.591801166534424,0.2102714478969574,0.05854206236584064,0.2
14,octanol_gsolv_eV,235,0.5152863264083862,0.013521809130907059,0.6723812159190423,0.9107954844262129,2.911165237426758,0.8322839140892029,0.2858937388332092,0.4
14,octanol_gsolv_eV,236,0.115312360227108,0.02352317050099373,0.6684583705444578,0.9731770809369185,5.324041843414307,0.011523419059813023,0.002164411813191734,0.06
14,octanol_gsolv_eV,237,0.4664595425128937,0.016607007011771202,0.6768900178228348,0.9405164729506057,3.6757686138153076,0.9071123600006104,0.24678168168454498,0.34
14,octanol_gsolv_eV,238,0.4051990211009979,0.01924256607890129,0.6662676994872114,0.9410562984931612,4.1708455085754395,0.37954217195510864,0.09099885650877106,0.3
14,octanol_gsolv_eV,239,0.21479114890098572,0.022589238360524178,0.6670609765037432,0.9281848250803504,4.7977752685546875,0.2801670432090759,0.05839519934277273,0.18
14,octanol_gsolv_eV,240,0.4849509596824646,0.02038503624498844,0.6718684205034176,0.9210580694857535,4.846695423126221,0.4204614460468292,0.08675219078974489,0.34
14,octanol_gsolv_eV,241,0.11727943271398544,0.014136451296508312,0.6653903082483374,0.9537001068903863,2.912348985671997,0.04485989362001419,0.015403337251377927,0.18
14,octanol_gsolv_eV,242,0.36122944951057434,0.022705134004354477,0.6687540848439966,0.9165380123945053,4.944344520568848,0.6048629283905029,0.1223343005072214,0.22
14,octanol_gsolv_eV,243,0.23192395269870758,0.01649576611816883,0.668840642732041,0.9510384152245741,3.5282576084136963,0.12424327433109283,0.03521377635091463,0.08
14,octanol_gsolv_eV,244,0.13095761835575104,0.01174440048635006,0.6696791379675768,0.9607002165847736,2.418288230895996,0.02321791835129261,0.009600972313664271,0.06
14,octanol_gsolv_eV,245,0.5456733107566833,0.01897064782679081,0.6736024088937698,0.9369439669560486,4.159086227416992,0.8014996647834778,0.1927105188394352,0.52
14,octanol_gsolv_eV,246,0.11556100845336914,0.022722993046045303,0.6689129392677085,0.9575302612539651,5.213583469390869,0.017934108152985573,0.003439881275187661,0.06
14,octanol_gsolv_eV,247,0.4948417842388153,0.02136995829641819,0.6730319537906186,0.9403742143007954,4.621737480163574,0.71343594789505,0.15436531195402295,0.44
14,octanol_gsolv_eV,248,0.2121906578540802,0.021013759076595306,0.6622328123128916,0.9582756452834513,4.612792015075684,0.015227914787828922,0.003301235940848955,0.22
14,octanol_gsolv_eV,249,0.3930235505104065,0.0231334138661623,0.6732207250116189,0.9274066916695143,5.363534450531006,0.4492500424385071,0.08376007399263186,0.36
14,octanol_hl_gap_eV,0,0.06796599179506302,0.0011399255599826574,0.6556916718551173,0.9568524909854037,0.30648672580718994,0.0008311435231007636,0.0027118418290769104,0.04
14,octanol_hl_gap_eV,1,0.1054416075348854,0.0013008617097511888,0.6552742496174679,0.9511469359119367,0.3240947425365448,0.007079882547259331,0.021845101502876142,0.04
14,octanol_hl_gap_eV,2,0.011452125385403633,0.002524428768083453,0.6350496770296901,0.9686361305500244,0.5150200128555298,0.0010273823281750083,0.0019948396227919074,0.04
14,octanol_hl_gap_eV,3,0.14489728212356567,0.0016129632713273168,0.6609494510363421,0.9387081320334598,0.32518401741981506,0.018162796273827553,0.05585390210115783,0.14
14,octanol_hl_gap_eV,4,0.019326981157064438,0.001769562717527151,0.6486643616763057,0.9675936492307309,0.33146747946739197,0.00089438003487885,0.002698243689896687,0.06
14,octanol_hl_gap_eV,5,0.30020248889923096,0.001559245167300105,0.6064161437171771,0.8987741371597384,0.32922086119651794,0.0649055764079094,0.19714903901295025,0.14
14,octanol_hl_gap_eV,6,0.0916927233338356,0.0016189303714782,0.6493420024241234,0.965908052608637,0.3554842174053192,0.0006085109780542552,0.0017117805749458568,0.14
14,octanol_hl_gap_eV,7,0.04944906756281853,0.00231991452164948,0.6613706529491687,0.9851636560686523,0.5661637187004089,0.0011255706194788218,0.0019880656112378483,0.08
14,octanol_hl_gap_eV,8,0.055329304188489914,0.001665713731199503,0.6527899782130819,0.9621607584776095,0.3223665654659271,0.0024836785160005093,0.007704516479278073,0.04
14,octanol_hl_gap_eV,9,0.09089991450309753,0.0015172635903581977,0.6397233437872449,0.9520683820788902,0.378134548664093,0.0014290482504293323,0.0037792057231427266,0.12
14,octanol_hl_gap_eV,10,0.03300781920552254,0.0011477487860247493,0.6484431280929943,0.973442434350603,0.3293318450450897,0.00090793491108343,0.0027568998405214113,0.16
14,octanol_hl_gap_eV,11,0.20918332040309906,0.0016202304977923632,0.6366670339377101,0.922103995027832,0.36674949526786804,0.060735657811164856,0.16560529351732164,0.12
14,octanol_hl_gap_eV,12,0.30507099628448486,0.0012637701584026217,0.6554733852805048,0.9119551488664961,0.26488667726516724,0.06642267853021622,0.25075884984477037,0.14
14,octanol_hl_gap_eV,13,0.03710254654288292,0.0009255228214897215,0.6506628670377668,0.964510950402452,0.33023712038993835,0.0008418101351708174,0.0025491081504611665,0.04
14,octanol_hl_gap_eV,14,0.049339573830366135,0.0025714701041579247,0.629941314468605,0.9769065565423303,0.44671547412872314,0.004966265056282282,0.011117289066308971,0.12
14,octanol_hl_gap_eV,15,0.24784408509731293,0.0007477540639229119,0.6703149135286077,0.9357200764257168,0.3171340227127075,0.01460422296077013,0.04605063447891282,0.2
14,octanol_hl_gap_eV,16,0.20206689834594727,0.001566553022712469,0.6589963036317794,0.9857793633813836,0.16988247632980347,0.01246045995503664,0.0733475295641816,0.14
14,octanol_hl_gap_eV,17,0.29865437746047974,0.0011391164734959602,0.6363772206744995,0.9025777059544098,0.2910105884075165,0.04424222186207771,0.15202959488237983,0.26
14,octanol_hl_gap_eV,18,0.0033802171237766743,0.0022497635800391436,0.6271580437893018,0.9648286571912732,0.49478718638420105,0.004716552793979645,0.009532487751849849,0.04
14,octanol_hl_gap_eV,19,0.05350680276751518,0.0016883652424439788,0.6470216701117,0.9716884243743942,0.2893828749656677,0.0019384316401556134,0.006698501562629054,0.02
14,octanol_hl_gap_eV,20,0.11204484105110168,0.0008856086060404778,0.6532168631417288,0.9748288821520192,0.3205391466617584,0.0003962244081776589,0.0012361186217163223,0.16
14,octanol_hl_gap_eV,21,0.10673575848340988,0.001394519000314176,0.6225875404501422,0.9705365748187753,0.28357577323913574,0.0013947145780548453,0.004918313585549851,0.12
14,octanol_hl_gap_eV,22,0.09090443700551987,0.001747888163663447,0.6748696391125626,0.975764752704555,0.35736557841300964,0.0019654035568237305,0.005499700238483241,0.12
14,octanol_hl_gap_eV,23,0.050870317965745926,0.0006669696304015815,0.6648286322953014,0.9545454771896154,0.2767063081264496,0.0005257236771285534,0.0018999338348596937,0.04
14,octanol_hl_gap_eV,24,0.05433405190706253,0.0010686011519283056,0.6330841072168356,0.9677778713862846,0.3007171154022217,0.000658020144328475,0.0021881699132699703,0.08
14,octanol_hl_gap_eV,25,0.4731767475605011,0.0008804925600998104,0.6668845127399285,0.9123993336775413,0.24966835975646973,0.07356677204370499,0.29465796993845406,0.34
14,octanol_hl_gap_eV,26,0.18233735859394073,0.00131254643201828,0.6318007611079945,0.942105246630448,0.317812979221344,0.012739107944071293,0.04008366170344168,0.06
14,octanol_hl_gap_eV,27,0.12576960027217865,0.0011588603956624866,0.6471942908513653,0.9634584456470201,0.3000589907169342,0.0026917282957583666,0.008970663699584509,0.04
14,octanol_hl_gap_eV,28,0.12801186740398407,0.0028635957278311253,0.653698888293873,0.9457324484393412,0.5883431434631348,0.09627797454595566,0.16364255386616633,0.16
14,octanol_hl_gap_eV,29,0.06302846968173981,0.0023635881952941418,0.6626079943278407,0.964430296552945,0.5197045207023621,0.004044360015541315,0.0077820373970876894,0.04
14,octanol_hl_gap_eV,30,0.11757273972034454,0.0011754916049540043,0.636217476300458,0.9520219519895989,0.3429175615310669,0.000458264461485669,0.0013363691828426588,0.12
14,octanol_hl_gap_eV,31,0.05344807729125023,0.0012593477731570601,0.6496737664558778,0.97696288271645,0.3093726336956024,0.0010424299398437142,0.0033694962847598884,0.04
14,octanol_hl_gap_eV,32,0.023466942831873894,0.0020279560703784227,0.6665990639184645,0.9786825475235732,0.4455071687698364,0.0003754107456188649,0.0008426592700078735,0.02
14,octanol_hl_gap_eV,33,0.038645338267087936,0.001920992974191904,0.6417525716853245,0.9695511154136527,0.40422698855400085,0.0007613791967742145,0.0018835436978065644,0.14
14,octanol_hl_gap_eV,34,-0.00907790195196867,0.0019284019945189357,0.6385812424522006,0.9676031588877616,0.4258478879928589,0.003966575488448143,0.009314536012245432,0.06
14,octanol_hl_gap_eV,35,0.023846548050642014,0.0008015427156351507,0.6471507571595647,0.9820166821881042,0.2977440655231476,0.002422732999548316,0.008136964863737862,0.02
14,octanol_hl_gap_eV,36,0.1910950243473053,0.0013993483735248446,0.6521419617629738,0.9890987158357645,0.33687782287597656,0.0016539529897272587,0.004909652335102423,0.14
14,octanol_hl_gap_eV,37,0.06567291915416718,0.0019340245053172112,0.6413849371620812,0.9655050626183388,0.40066343545913696,0.004003181122243404,0.009991381214150455,0.02
14,octanol_hl_gap_eV,38,0.01800648309290409,0.0017469238955527544,0.6533410156444808,0.9724344855428848,0.3165163993835449,0.00047363238991238177,0.0014963913112712003,0.02
14,octanol_hl_gap_eV,39,0.01634914055466652,0.0019481724593788385,0.6353404930526443,0.9690242358782588,0.4057319164276123,0.0008184530888684094,0.0020172262908837043,0.06
14,octanol_hl_gap_eV,40,0.2667137384414673,0.003048161743208766,0.6545555333389204,0.9438551749332664,0.6458757519721985,0.04250479117035866,0.06580954779703242,0.24
14,octanol_hl_gap_eV,41,0.14304809272289276,0.000981239601969719,0.6629799467221862,0.9761691116888291,0.2595473527908325,0.0048234472051262856,0.018584073978259643,0.16
14,octanol_hl_gap_eV,42,0.06736662983894348,0.0014025358250364661,0.6597686339905771,0.9787786881756688,0.37929093837738037,0.0007512063020840287,0.0019805543082513782,0.18
14,octanol_hl_gap_eV,43,0.11803136765956879,0.0017215897096320987,0.6246752848320272,0.9673010526473405,0.40204161405563354,0.002008866984397173,0.004996664310772543,0.04
14,octanol_hl_gap_eV,44,0.08465902507305145,0.0029405115637928247,0.607813029747496,0.9764134687439741,0.5706269145011902,0.0027617730665951967,0.004839892750255888,0.06
14,octanol_hl_gap_eV,45,0.1501978635787964,0.0008534116204828024,0.6595634772046124,0.9742602131131508,0.3163169324398041,0.0006037790444679558,0.001908778767582594,0.26
14,octanol_hl_gap_eV,46,0.1388336569070816,0.0016337839188054204,0.6593258310572998,0.9663968689303335,0.3498678505420685,0.02454349212348461,0.07015075002020935,0.04
14,octanol_hl_gap_eV,47,0.030217930674552917,0.0009574081050232053,0.6513554532963095,0.9586820710824306,0.3138017952442169,0.0016841805772855878,0.005367020210878241,0.08
14,octanol_hl_gap_eV,48,0.0841766744852066,0.001480228267610073,0.6353154900714468,0.9783237859208274,0.37068456411361694,0.001878127921372652,0.005066647233783911,0.04
14,octanol_hl_gap_eV,49,0.06286582350730896,0.0008813525200821459,0.6649645741080286,0.9540303223305497,0.3524109721183777,0.0005503143183887005,0.0015615697635085139,0.08
14,octanol_hl_gap_eV,50,0.2576850354671478,0.0010050893761217594,0.6650643685483704,0.9136567602756129,0.2893258333206177,0.028740210458636284,0.09933509956156489,0.24
14,octanol_hl_gap_eV,51,0.032650452107191086,0.0030916009563952684,0.6638569660562703,0.9717410002747331,0.681727945804596,0.002231631428003311,0.0032734926618997145,0.08
14,octanol_hl_gap_eV,52,0.06707775592803955,0.0015232510631904006,0.6479265807251628,0.9707350804010841,0.34796881675720215,0.0007667724275961518,0.002203566499842924,0.08
14,octanol_hl_gap_eV,53,0.2369842231273651,0.0015422661090269685,0.620049799233108,0.9284252398040107,0.38991570472717285,0.044881630688905716,0.11510598353638962,0.08
14,octanol_hl_gap_eV,54,0.07814398407936096,0.0012717779027298093,0.6401835572903862,0.9758375343120027,0.3685683310031891,0.0020361552014946938,0.005524498526372511,0.12
14,octanol_hl_gap_eV,55,0.07756394892930984,0.0015815853839740157,0.6331889166392488,0.9614057987424658,0.3813271224498749,0.002531096339225769,0.006637598508504938,0.06
14,octanol_hl_gap_eV,56,0.10123758018016815,0.0008152134250849485,0.6917923381910689,0.9787106572065629,0.2738618552684784,0.0014620762085542083,0.005338736229333118,0.14
14,octanol_hl_gap_eV,57,0.0769529789686203,0.0007945600082166493,0.6533367410471125,0.9489483491675628,0.28194528818130493,0.0023379179183393717,0.008292097851395812,0.08
14,octanol_hl_gap_eV,58,0.21748679876327515,0.001599407522007823,0.6635267504844655,0.9761090639402175,0.2068748027086258,0.0199902281165123,0.0966295936227075,0.16
14,octanol_hl_gap_eV,59,0.1786133348941803,0.0029801090713590384,0.6028919791019915,0.9153472888157972,0.5788783431053162,0.06862856447696686,0.1185543824438448,0.18
14,octanol_hl_gap_eV,60,0.09401876479387283,0.0011528665199875832,0.6419040224150308,0.9532068217877798,0.36681410670280457,0.0010291519574820995,0.002805649888257776,0.16
14,octanol_hl_gap_eV,61,0.23276618123054504,0.0024554359260946512,0.6543349769090663,0.9134431017301767,0.6275965571403503,0.09891704469919205,0.15761247185597782,0.16
14,octanol_hl_gap_eV,62,0.05642411485314369,0.0019059657352045178,0.6114278439829628,0.9718709927451858,0.39884069561958313,0.0012605428928509355,0.003160517235817003,0.04
14,octanol_hl_gap_eV,63,0.06220340356230736,0.001191648538224399,0.6459438363603462,0.9869318596295975,0.3747883439064026,0.0008693739655427635,0.002319639817186726,0.04
14,octanol_hl_gap_eV,64,0.0953373834490776,0.0008515248773619533,0.6493097207099665,0.960900484033496,0.31151074171066284,0.0006449951906688511,0.0020705391638402475,0.12
14,octanol_hl_gap_eV,65,0.16438020765781403,0.001662887167185545,0.6431740307926375,0.9732706327311784,0.19816136360168457,0.006301394198089838,0.03179930781439309,0.12
14,octanol_hl_gap_eV,66,0.07427927851676941,0.0015106090577319264,0.6682045550120956,0.976908100163473,0.30625197291374207,0.0016343494644388556,0.005336616933074195,0.04
14,octanol_hl_gap_eV,67,0.0346888042986393,0.0011023342376574874,0.612155667890826,0.9756602968591299,0.34676793217658997,0.0012732100440189242,0.0036716487479890383,0.02
14,octanol_hl_gap_eV,68,0.09835688024759293,0.0023184167221188545,0.6186774531807229,0.9692136168780949,0.5058800578117371,0.0013379770098254085,0.002644850274614572,0.1
14,octanol_hl_gap_eV,69,0.0918387696146965,0.0009039498982019722,0.6535872592267999,0.9789494854907579,0.27763885259628296,0.0009631854481995106,0.003469202668115355,0.16
14,octanol_hl_gap_eV,70,0.048655129969120026,0.0008606236078776419,0.6610857676533564,0.9711110704564447,0.28846344351768494,0.0003470907686278224,0.0012032400514782845,0.12
14,octanol_hl_gap_eV,71,0.1889173537492752,0.001210331218317151,0.6359031438097569,0.978529052953029,0.3586459159851074,0.0008296477608382702,0.002313278149451229,0.2
14,octanol_hl_gap_eV,72,0.059407949447631836,0.000996301183477044,0.6533747678413919,0.962644851832759,0.3344102203845978,0.0016084330854937434,0.004809760549913577,0.08
14,octanol_hl_gap_eV,73,0.44104528427124023,0.0013353332178667188,0.6471005287397096,0.9124196199988832,0.3083650469779968,0.05723271518945694,0.18560052687664286,0.3
14,octanol_hl_gap_eV,74,0.14128458499908447,0.0015101012540981174,0.6522161754775913,0.9596690133296417,0.4084789454936981,0.001037284848280251,0.0025393838769990017,0.2
14,octanol_hl_gap_eV,75,0.04785626381635666,0.0015856106765568256,0.6363578755422128,0.9771382500237673,0.303695946931839,0.006977828685194254,0.022976364207983144,0.14
14,octanol_hl_gap_eV,76,0.06610763072967529,0.00145717803388834,0.6370884905629777,0.9730909943619688,0.2706148326396942,0.0017643447499722242,0.006519763653610713,0.12
14,octanol_hl_gap_eV,77,0.07819366455078125,0.00116161338519305,0.6239357222804034,0.9665372947221025,0.3508419394493103,0.0013983232202008367,0.003985621623217787,0.02
14,octanol_hl_gap_eV,78,0.03499222174286842,0.0016972681041806936,0.6582123191224547,0.9667258649108472,0.3945298492908478,0.0017172101652249694,0.004352548148921023,0.12
14,octanol_hl_gap_eV,79,0.05930109694600105,0.001344233867712319,0.6633612318608495,0.9673877584421435,0.3523988723754883,0.0008843529503792524,0.0025095226452284333,0.1
14,octanol_hl_gap_eV,80,0.12488603591918945,0.0030401155818253756,0.637421165168361,0.9900472841518875,0.5956388115882874,0.004091419279575348,0.00686896018186838,0.06
14,octanol_hl_gap_eV,81,0.0859508216381073,0.0012870999053120613,0.66066342664448,0.9714928480886502,0.33256569504737854,0.0006159426993690431,0.0018520933113119007,0.08
14,octanol_hl_gap_eV,82,0.1397366225719452,0.0009881859878078103,0.641329867958708,0.9728084858006871,0.3198411762714386,0.0006956233992241323,0.00217490257925321,0.28
14,octanol_hl_gap_eV,83,0.07443087548017502,0.0011823290260508657,0.6407263328483386,0.9545852836162396,0.3622094988822937,0.0009450336801819503,0.002609080333613933,0.12
14,octanol_hl_gap_eV,84,0.05861422047019005,0.0007779854931868613,0.6595481049806793,0.9602913796010546,0.28909045457839966,0.000548833457287401,0.001898483497449967,0.02
14,octanol_hl_gap_eV,85,0.039675746113061905,0.0011834135511890054,0.6204146371170507,0.9706910242666282,0.34123656153678894,0.0011026987340301275,0.0032314788575527388,0.06
14,octanol_hl_gap_eV,86,0.07814150303602219,0.0017181882867589593,0.6546229518609252,0.95951703460543,0.4389961063861847,0.0008312329882755876,0.0018934860154416774,0.06
14,octanol_hl_gap_eV,87,0.1800394058227539,0.0015709340805187821,0.6635009876367957,0.9365983771348125,0.327984482049942,0.03554268926382065,0.108366984442906,0.08
14,octanol_hl_gap_eV,88,0.03915165737271309,0.0009417708497494459,0.641235548481057,0.9615005459591475,0.27843183279037476,0.0025025340728461742,0.008987959630069589,0.06
14,octanol_hl_gap_eV,89,0.09909313172101974,0.0015931952511891723,0.6369188204943903,0.9734516684222214,0.33671388030052185,0.0007798171136528254,0.002315963669085538,0.08
14,octanol_hl_gap_eV,90,0.0829019844532013,0.0016077982727438211,0.6504786095753239,0.9783309933532209,0.3004436790943146,0.0006312117329798639,0.0021009319779422466,0.16
14,octanol_hl_gap_eV,91,0.09788991510868073,0.001093007973395288,0.6610324979821436,0.9644924986988854,0.36912021040916443,0.0005233202246017754,0.0014177501254176315,0.18
14,octanol_hl_gap_eV,92,0.06108419969677925,0.003201567567884922,0.599410103284679,0.9533509396946753,0.6211840510368347,0.0014655637787654996,0.0023593068371914705,0.04
14,octanol_hl_gap_eV,93,0.223382830619812,0.0023451456800103188,0.6287576952579184,0.9280049122868439,0.5026829242706299,0.07802176475524902,0.1552106924428656,0.16
14,octanol_hl_gap_eV,94,0.29071319103240967,0.0011153642553836107,0.657017352680912,0.8982915091269057,0.3044707477092743,0.050443362444639206,0.16567556267443254,0.14
14,octanol_hl_gap_eV,95,0.22796334326267242,0.0013323193415999413,0.6560279183770361,0.9737481556182128,0.0733201652765274,0.05784805864095688,0.7889788358057106,0.2
14,octanol_hl_gap_eV,96,0.13912785053253174,0.0007656101370230317,0.6801870267987229,0.9618171784155678,0.24856217205524445,0.0013658023672178388,0.005494811844958777,0.06
14,octanol_hl_gap_eV,97,0.13867072761058807,0.002681621117517352,0.6186864926823068,0.9128033240065594,0.5296167135238647,0.1576453447341919,0.29765930853141087,0.02
14,octanol_hl_gap_eV,98,0.043448179960250854,0.0015068765496835113,0.650404923572441,0.9580151139874074,0.3025866448879242,0.001385504612699151,0.004578869015228123,0.06
14,octanol_hl_gap_eV,99,0.06960924714803696,0.0011627323692664504,0.6472995366781913,0.9666655272689233,0.25996604561805725,0.002080313628539443,0.008002251307833658,0.0
14,octanol_hl_gap_eV,100,0.18432055413722992,0.002429682295769453,0.6152126568957892,0.954002635329537,0.5762802958488464,0.005160171072930098,0.008954272964216648,0.16
14,octanol_hl_gap_eV,101,0.08604121953248978,0.0008346780086867511,0.6567975351296833,0.9512611998980269,0.24651703238487244,0.0009403646690770984,0.0038146032344286976,0.1
14,octanol_hl_gap_eV,102,0.08081051707267761,0.0010592015460133553,0.6553405277747555,0.9701717837248744,0.29025521874427795,0.0012609428958967328,0.004344255725536686,0.02
14,octanol_hl_gap_eV,103,0.026817938312888145,0.0011141159338876605,0.639747257850733,0.9766879511547131,0.23799633979797363,0.0013133863685652614,0.005518514989264738,0.04
14,octanol_hl_gap_eV,104,0.1224781721830368,0.0009469755459576845,0.6727076700359944,0.9705215795588733,0.26873859763145447,0.0004815571883227676,0.001791916727135603,0.16
14,octanol_hl_gap_eV,105,0.07934631407260895,0.0028145553078502417,0.6567977019737468,0.9690564135691966,0.6887827515602112,0.0025873896665871143,0.003756466985745843,0.06
14,octanol_hl_gap_eV,106,0.0269045177847147,0.001013335189782083,0.6412645315758618,0.9821440718733472,0.3160514533519745,0.0008868425502441823,0.0028060068727370777,0.1
14,octanol_hl_gap_eV,107,0.2951032221317291,0.0013283410808071494,0.6328281756728937,0.9134271167805024,0.177885964512825,0.053953200578689575,0.3033021785976809,0.18
14,octanol_hl_gap_eV,108,0.03102106600999832,0.0011508880415931344,0.6487943138716783,0.9709703999276782,0.3288309872150421,0.0009060547454282641,0.002755381276873828,0.04
14,octanol_hl_gap_eV,109,0.1404304951429367,0.0021468154154717922,0.6123637701139781,0.9560686369222886,0.47841399908065796,0.0034972834400832653,0.007310161171712792,0.06
14,octanol_hl_gap_eV,110,0.08829012513160706,0.0007953995373100042,0.6837143680119844,0.9526403739136122,0.2855156362056732,0.0005019299569539726,0.001757977123860228,0.12
14,octanol_hl_gap_eV,111,0.07112456113100052,0.002804035320878029,0.6342554674693963,0.9432806200238324,0.5788866877555847,0.017494073137640953,0.030220202861232892,0.04
14,octanol_hl_gap_eV,112,0.12203814834356308,0.0023534090723842382,0.6213936955741461,0.9693229608530414,0.4358995854854584,0.004525223281234503,0.010381343391723561,0.06
14,octanol_hl_gap_eV,113,0.1077912226319313,0.000758158799726516,0.6485108913290729,0.9789087888045602,0.3063746690750122,0.0018465220928192139,0.006027006404916311,0.02
14,octanol_hl_gap_eV,114,0.1119634285569191,0.0012512904359027743,0.6501020718945965,0.965195281503568,0.2770567238330841,0.0007628398598171771,0.0027533706789832626,0.12
14,octanol_hl_gap_eV,115,0.14757609367370605,0.0012373379431664944,0.6378473297175689,0.9563222746510911,0.2786419987678528,0.0013830966781824827,0.004963704984526733,0.04
14,octanol_hl_gap_eV,116,0.011960472911596298,0.0015582533087581396,0.6604895829246644,0.9593152168529826,0.27783864736557007,0.003535931697115302,0.012726565330786579,0.02
14,octanol_hl_gap_eV,117,0.12790760397911072,0.003616059198975563,0.6438107519219805,0.9683153105740558,0.7739598751068115,0.001868820865638554,0.002414622418740564,0.1
14,octanol_hl_gap_eV,118,0.09993681311607361,0.0008800927316769958,0.6687923140239134,0.9563721397553733,0.26127299666404724,0.0009352457709610462,0.003579573024776126,0.1
14,octanol_hl_gap_eV,119,0.10936390608549118,0.0008061534026637673,0.6472306552505449,0.9780682692447977,0.33535534143447876,0.0007741310982964933,0.0023083905417613333,0.2
14,octanol_hl_gap_eV,120,0.22333870828151703,0.0020579213742166758,0.6048106131978264,0.9228932253018391,0.3945463001728058,0.04997628927230835,0.12666774279829623,0.12
14,octanol_hl_gap_eV,121,0.06387276947498322,0.0008439603843726218,0.6717806383667422,0.9725775371796217,0.2771906554698944,0.0005806845729239285,0.002094892311357143,0.06
14,octanol_hl_gap_eV,122,0.3423854410648346,0.001304633915424347,0.6409360213902859,0.9073536621933445,0.31928756833076477,0.05875816568732262,0.18402898050340724,0.3
14,octanol_hl_gap_eV,123,0.04095430672168732,0.001090397359803319,0.6292370137777221,0.9671512456490281,0.3380254805088043,0.0009487560018897057,0.002806758829132096,0.02
14,octanol_hl_gap_eV,124,0.1700308918952942,0.0010276196990162134,0.6554744355298869,0.9765923449519212,0.31567609310150146,0.0009494847035966814,0.003007781470772914,0.14
14,octanol_hl_gap_eV,125,0.017987342551350594,0.0011695811990648508,0.6352577938975339,0.9795391209848223,0.36870837211608887,0.00045336788753047585,0.001229611047149566,0.04
14,octanol_hl_gap_eV,126,0.04848586767911911,0.0012881893198937178,0.6143252014844618,0.9781076391997758,0.2913658320903778,0.004015670623630285,0.013782229010245365,0.1
14,octanol_hl_gap_eV,127,0.18446780741214752,0.0008706996450200677,0.6352097758310302,0.9531451041768548,0.30131447315216064,0.005545204970985651,0.018403380736992946,0.1
14,octanol_hl_gap_eV,128,0.2965866029262543,0.0008815884939394891,0.6476782279135069,0.9028878235989428,0.2883780598640442,0.0367269329726696,0.1273568904305151,0.14
14,octanol_hl_gap_eV,129,0.10336565226316452,0.0015513683902099729,0.6507978704889763,0.9840793686434912,0.3251577615737915,0.001244769780896604,0.003828202577332958,0.06
14,octanol_hl_gap_eV,130,0.18363088369369507,0.0011283619096502662,0.654103717238846,0.9312097158978099,0.3563663065433502,0.010090450756251812,0.028314828228645568,0.08
14,octanol_hl_gap_eV,131,0.8291224837303162,0.0008358488557860255,0.6759081276521908,0.9390966243223036,0.2695499360561371,0.21254469454288483,0.7885169540482465,0.18
14,octanol_hl_gap_eV,132,0.022820644080638885,0.0015567605150863528,0.6257260664183408,0.9637246630873204,0.357369989156723,0.0007745567127130926,0.0021673804074617306,0.12
14,octanol_hl_gap_eV,133,0.08063886314630508,0.0014321274356916547,0.6376112896425108,0.9712368044648465,0.33338862657546997,0.000888336799107492,0.0026645683994453756,0.06
14,octanol_hl_gap_eV,134,0.03130226582288742,0.0017063941340893507,0.6265086105588062,0.9812875835331125,0.43247053027153015,0.0003884754260070622,0.0008982702839038645,0.02
14,octanol_hl_gap_eV,135,0.11310125887393951,0.0009269642177969217,0.6565196192094667,0.9687994007476144,0.3003263473510742,0.0008614225662313402,0.002868288359743403,0.22
14,octanol_hl_gap_eV,136,0.09187581390142441,0.001863628625869751,0.6087976125064063,0.9606660772920157,0.3542982339859009,0.0016901242779567838,0.004770343501130862,0.1
14,octanol_hl_gap_eV,137,0.07212067395448685,0.005530777387320995,0.6712308219446756,0.9309811025808201,1.2606619596481323,0.05489000305533409,0.043540619779353563,0.08
14,octanol_hl_gap_eV,138,0.06896714121103287,0.0014876510249450803,0.6308552443337523,0.9623138774539541,0.2738631069660187,0.0029412759467959404,0.01073994952945925,0.02
14,octanol_hl_gap_eV,139,0.05716269835829735,0.0020110320765525103,0.6412181073918277,0.96714569126475,0.3540939390659332,0.00273100845515728,0.007712666481559739,0.02
14,octanol_hl_gap_eV,140,0.1964939683675766,0.0011104742297902703,0.6332089649294976,0.9241203069849417,0.2937789857387543,0.028948839753866196,0.09853951834257207,0.1
14,octanol_hl_gap_eV,141,0.05551630258560181,0.0014156568795442581,0.6495505220251099,0.9613298074776782,0.3594745099544525,0.0009897617856040597,0.0027533573541263555,0.06
14,octanol_hl_gap_eV,142,0.013925475999712944,0.0007658590329810977,0.6449880995847839,0.9537591478240357,0.2661593556404114,0.0022991662845015526,0.008638307223766312,0.0
14,octanol_hl_gap_eV,143,0.07339745759963989,0.0008881223620846868,0.6532640089634332,0.9853554420692647,0.3011232018470764,0.0020274310372769833,0.006732895455550455,0.06
14,octanol_hl_gap_eV,144,0.07649528980255127,0.0008630998199805617,0.6363391593198877,0.9636080271178709,0.27901655435562134,0.000544401875231415,0.0019511454310970598,0.12
14,octanol_hl_gap_eV,145,0.03757103905081749,0.0027072688098996878,0.6572855374830262,0.968950716342792,0.6144156455993652,0.0008725920924916863,0.0014201983604119795,0.06
14,octanol_hl_gap_eV,146,0.11975165456533432,0.0016574684996157885,0.6385718622815519,0.968648555934362,0.32655274868011475,0.0023926261346787214,0.007326920824734798,0.04
14,octanol_hl_gap_eV,147,0.19577796757221222,0.001382417744025588,0.6493642882307575,0.976145908972321,0.24997295439243317,0.0023063274566084146,0.009226307950850176,0.1
14,octanol_hl_gap_eV,148,0.08988967537879944,0.0011596144177019596,0.657358175960423,0.9700844242277495,0.28024545311927795,0.0004515696782618761,0.0016113363240533262,0.04
14,octanol_hl_gap_eV,149,0.059700243175029755,0.0011402753880247474,0.6416885340285683,0.9762111836626475,0.3375500738620758,0.0007154855993576348,0.0021196428463825037,0.12
14,octanol_hl_gap_eV,150,0.03596842288970947,0.001021786592900753,0.6490575279827671,0.9598560981520281,0.2378961592912674,0.001252832473255694,0.005266299703988884,0.08
14,octanol_hl_gap_eV,151,0.30881965160369873,0.00108344794716686,0.6273771333823188,0.9380646632460907,0.3399934470653534,0.0420130230486393,0.12357009645707545,0.24
14,octanol_hl_gap_eV,152,0.7039227485656738,0.002106662839651108,0.6985878397665777,0.9336560392816375,0.5189478397369385,0.15429256856441498,0.29731806696146557,0.16
14,octanol_hl_gap_eV,153,0.056985653936862946,0.0009141102200374007,0.6362837469886813,0.964007465203724,0.2701331079006195,0.001257574767805636,0.004655389254501491,0.08
14,octanol_hl_gap_eV,154,0.011869953013956547,0.0011163810268044472,0.6496517536752262,0.9798046589387153,0.3125203549861908,0.0018352954648435116,0.005872562972496966,0.06
14,octanol_hl_gap_eV,155,0.0650140717625618,0.0012043695896863937,0.6608045915712575,0.9760280070978056,0.26410341262817383,0.0024866785388439894,0.009415548682609931,0.0
14,octanol_hl_gap_eV,156,0.15587501227855682,0.0009627831750549376,0.6532135348848727,0.937619350424274,0.28107598423957825,0.012648184783756733,0.04499916568103489,0.12
14,octanol_hl_gap_eV,157,0.06672894954681396,0.0006250925362110138,0.6369324376212753,0.9694654679615178,0.2629910707473755,0.0012554725399240851,0.004773821926182694,0.06
14,octanol_hl_gap_eV,158,0.17759467661380768,0.002746670041233301,0.6660594278698453,0.9465434444910239,0.6919366717338562,0.09582029283046722,0.13848130435168374,0.06
14,octanol_hl_gap_eV,159,0.07028685510158539,0.0012950311647728086,0.6559894080424304,0.9723833520971104,0.30295488238334656,0.0010375753045082092,0.0034248509096324923,0.04
14,octanol_hl_gap_eV,160,0.05734347179532051,0.0008778357296250761,0.6484525146468372,0.951349060251093,0.297219455242157,0.002270020078867674,0.00763752183388599,0.06
14,octanol_hl_gap_eV,161,0.10352352261543274,0.0011905493447557092,0.6412902760610539,0.9837652757186821,0.3474510908126831,0.0022208434529602528,0.00639181603305873,0.04
14,octanol_hl_gap_eV,162,0.068678118288517,0.001919009257107973,0.6533841076619729,0.9683874444204221,0.3811360001564026,0.0006880582659505308,0.001805282801068857,0.12
14,octanol_hl_gap_eV,163,0.03512886166572571,0.0015479088760912418,0.6060955382100832,0.9622502881232544,0.38926878571510315,0.0005101146525703371,0.0013104432497284234,0.06
14,octanol_hl_gap_eV,164,0.07810422778129578,0.0019301564898341894,0.6424718134594032,0.9631671480804493,0.4346327781677246,0.002309630624949932,0.005313981689753382,0.04
14,octanol_hl_gap_eV,165,0.11482342332601547,0.0018459673738107085,0.6384856285189242,0.9754161906637155,0.3779536485671997,0.001553668756969273,0.004110738877264821,0.02
14,octanol_hl_gap_eV,166,0.05046520009636879,0.00248076394200325,0.6534491013413553,0.9725291724470198,0.48812904953956604,0.0005643797339871526,0.0011562100934568655,0.04
14,octanol_hl_gap_eV,167,0.21451815962791443,0.0008946979651227593,0.6710990492621811,0.9338039349799272,0.29192280769348145,0.017310980707406998,0.0592998568497721,0.12
14,octanol_hl_gap_eV,168,0.08727479726076126,0.0012475072871893644,0.6477959857985665,0.9718195579159448,0.2884158790111542,0.0012237827759236097,0.004243118583204919,0.04
14,octanol_hl_gap_eV,169,0.057827066630125046,0.0011095440713688731,0.6302269959025615,0.9568273047088831,0.25873103737831116,0.0011025503044947982,0.004261376275791265,0.04
14,octanol_hl_gap_eV,170,0.05453309044241905,0.000997781055048108,0.6803186653220157,0.9551788123870388,0.2582297623157501,0.0010187382576987147,0.003945084596612275,0.02
14,octanol_hl_gap_eV,171,0.0928831398487091,0.000893225078471005,0.6406429916112284,0.9800920816530598,0.27850332856178284,0.0008791559375822544,0.003156716087101356,0.08
14,octanol_hl_gap_eV,172,0.4115029275417328,0.0009773876518011093,0.642069050971148,0.9062851689969829,0.3297980725765228,0.06771926581859589,0.20533554150133193,0.22
14,octanol_hl_gap_eV,173,0.04787716269493103,0.0011593301314860582,0.6491384393232744,0.9693120307992729,0.2893763482570648,0.0014531607739627361,0.005021698499947321,0.02
14,octanol_hl_gap_eV,174,0.08128251880407333,0.0010506995022296906,0.6213066320473866,0.9771667362408669,0.26893350481987,0.0018049360951408744,0.006711458642350307,0.2
14,octanol_hl_gap_eV,175,0.09283073991537094,0.0016774366376921535,0.6222604358726032,0.9808719260064798,0.3348993957042694,0.0015222708461806178,0.004545457130429846,0.14
14,octanol_hl_gap_eV,176,0.03757133334875107,0.0007876895251683891,0.6493664157589543,0.9632477123889676,0.30625462532043457,0.0006379036931321025,0.002082919376204239,0.04
14,octanol_hl_gap_eV,177,0.08520612865686417,0.0031432013493031263,0.6280742990843184,0.9685294180770507,0.6768859624862671,0.0042768376879394054,0.006318402101633442,0.08
14,octanol_hl_gap_eV,178,0.1807728260755539,0.001691723708063364,0.6135488162306093,0.9397838835850834,0.39465513825416565,0.021550027653574944,0.05460470563972818,0.2
14,octanol_hl_gap_eV,179,0.08519432693719864,0.0021177565213292837,0.6275910031811904,0.9733049369025042,0.45612627267837524,0.0006706482381559908,0.0014703126706952041,0.12
14,octanol_hl_gap_eV,180,0.1591731607913971,0.0013952702283859253,0.6422390370370088,0.9563358049882453,0.2840626835823059,0.003670188831165433,0.012920348371284791,0.14
14,octanol_hl_gap_eV,181,0.1364690512418747,0.0026070380117744207,0.654796060576649,0.9367115932163408,0.549217939376831,0.07680506259202957,0.1398444170982038,0.12
14,octanol_hl_gap_eV,182,0.03902250900864601,0.0012613522121682763,0.6331134118628445,0.967959595158187,0.3337022066116333,0.000696946750395,0.0020885290435196766,0.22
14,octanol_hl_gap_eV,183,0.1498202532529831,0.0011998071568086743,0.624443169137227,0.9729166962927307,0.2463730424642563,0.0027693870943039656,0.011240625462121113,0.14
14,octanol_hl_gap_eV,184,0.21832117438316345,0.0009218927589245141,0.6488661785104741,0.9487755817801513,0.22634746134281158,0.016434291377663612,0.07260647537271589,0.04
14,octanol_hl_gap_eV,185,0.07514532655477524,0.001415115431882441,0.6549036649552764,0.9720901039718002,0.3654589354991913,0.0005942077841609716,0.0016259221664653664,0.08
14,octanol_hl_gap_eV,186,0.25181901454925537,0.0032032758463174105,0.6024019022392966,0.9232855562621991,0.5972749590873718,0.08341724425554276,0.13966305298149984,0.14
14,octanol_hl_gap_eV,187,0.11331652104854584,0.0014536320231854916,0.6661370002551461,0.9725318124325664,0.37456369400024414,0.0006853293161839247,0.0018296736367179195,0.16
14,octanol_hl_gap_eV,188,0.1918061375617981,0.002843963447958231,0.6368740552172418,0.9868127568570124,0.5733481049537659,0.00366542162373662,0.006393012538224392,0.2
14,octanol_hl_gap_eV,189,0.07731778174638748,0.0012922878377139568,0.6244500694842763,0.9639719959592186,0.3801068067550659,0.0008909128373488784,0.00234384868020258,0.1
14,octanol_hl_gap_eV,190,0.07196833193302155,0.0013491827994585037,0.6418356937696321,0.9399344821841815,0.28623166680336,0.003862900659441948,0.013495713813160112,0.0
14,octanol_hl_gap_eV,191,0.03929543495178223,0.001436426886357367,0.6192614399588485,0.9668286024272241,0.3100285530090332,0.0009091575047932565,0.0029324960426040715,0.08
14,octanol_hl_gap_eV,192,0.053880270570516586,0.0007048718398436904,0.6431184713515663,0.9635306333740099,0.29781854152679443,0.0003710788441821933,0.0012459897301216475,0.04
14,octanol_hl_gap_eV,193,0.19012100994586945,0.001223679049871862,0.6353549240696716,0.9586313163432656,0.28037992119789124,0.0029689387883991003,0.010588985030435304,0.1
14,octanol_hl_gap_eV,194,0.10407721996307373,0.0009539925958961248,0.6549037099817856,0.9664303435106567,0.31142929196357727,0.000618799589574337,0.0019869665620493647,0.1
14,octanol_hl_gap_eV,195,0.10171037912368774,0.0011703383643180132,0.6594885586251911,0.9615876043939855,0.2748713195323944,0.006998648401349783,0.02546154474484913,0.04
14,octanol_hl_gap_eV,196,0.05332272872328758,0.0019993470050394535,0.6465643298444941,0.9657698314076462,0.4412583112716675,0.0011612391099333763,0.0026316537961331263,0.02
14,octanol_hl_gap_eV,197,0.08904106169939041,0.0016657375963404775,0.6401748309271473,0.973945970718713,0.29906877875328064,0.0019660890102386475,0.006574036308419173,0.06
14,octanol_hl_gap_eV,198,0.09103713929653168,0.0007404240895994008,0.6582598592046787,0.9682556943027418,0.25778728723526,0.001066376455128193,0.004136652612178676,0.06
14,octanol_hl_gap_eV,199,0.06953021138906479,0.0016710758209228516,0.6316833373504687,0.9797320537785661,0.3043121099472046,0.0013109619030728936,0.004307951804153748,0.18
14,octanol_hl_gap_eV,200,0.04274788498878479,0.0011509378673508763,0.6627871422757168,0.9674973018645832,0.3311353623867035,0.0006764574209228158,0.0020428425887442413,0.06
14,octanol_hl_gap_eV,201,0.060798123478889465,0.0012509397929534316,0.638528760172069,0.9717732195783801,0.3222939074039459,0.001100467867217958,0.0034144854802938937,0.04
14,octanol_hl_gap_eV,202,0.19196562469005585,0.001104581868276,0.6571693687357667,0.9811785710948289,0.3356710970401764,0.001014741137623787,0.0030230220789677726,0.08
14,octanol_hl_gap_eV,203,0.055167920887470245,0.001374569023028016,0.6518277320408368,0.9674932218842502,0.24496032297611237,0.004722157958894968,0.019277236009177925,0.1
14,octanol_hl_gap_eV,204,0.04751834273338318,0.0012042848393321037,0.6336552932412025,0.9815850950999265,0.3543802499771118,0.0005573813687078655,0.0015728341766897698,0.04
14,octanol_hl_gap_eV,205,0.018966954201459885,0.0011063622077926993,0.6365889178584145,0.9625498834105994,0.34947603940963745,0.000498821958899498,0.0014273423715747365,0.02
14,octanol_hl_gap_eV,206,0.20330274105072021,0.0010826803045347333,0.6562853510661804,0.9076522935210669,0.2928071916103363,0.03098473884165287,0.10581959640829766,0.1
14,octanol_hl_gap_eV,207,0.11327282339334488,0.001107419840991497,0.6311297333304005,0.9541468108939752,0.31088852882385254,0.00311233545653522,0.010011097766488031,0.1
14,octanol_hl_gap_eV,208,0.09215039759874344,0.0021308567374944687,0.6347290666538759,0.9723940063617882,0.3761465549468994,0.01556627731770277,0.04138354349649769,0.02
14,octanol_hl_gap_eV,209,0.03433110564947128,0.0008707860833965242,0.6432329915584947,0.9707248959898633,0.294850617647171,0.0007544343243353069,0.002558700166055241,0.12
14,octanol_hl_gap_eV,210,0.08278956264257431,0.00209191907197237,0.6116529345220103,0.98530141169892,0.42436468601226807,0.007154729217290878,0.016859860052266556,0.14
14,octanol_hl_gap_eV,211,0.03699980303645134,0.0009188496042042971,0.6390889119753143,0.9518737436150335,0.3403690755367279,0.0013172804610803723,0.0038701531829915896,0.06
14,octanol_hl_gap_eV,212,0.060093432664871216,0.0008553210063837469,0.6406521600753414,0.9677072875880626,0.2780689597129822,0.001790243899449706,0.006438129237069696,0.08
14,octanol_hl_gap_eV,213,0.03683805093169212,0.0015828229952603579,0.6095015554439176,0.960979117287019,0.3670511543750763,0.0007273671217262745,0.0019816505494027253,0.04
14,octanol_hl_gap_eV,214,0.032437995076179504,0.0008971495553851128,0.6712049532638549,0.960386313016536,0.287320613861084,0.0005366927944123745,0.00186792303970177,0.1
14,octanol_hl_gap_eV,215,0.05750508978962898,0.002759538358077407,0.6391129921866425,0.9673754683018054,0.5126619338989258,0.001934465137310326,0.0037733738539903316,0.08
14,octanol_hl_gap_eV,216,0.16247835755348206,0.0021652723662555218,0.6382227645232517,0.9446790702748193,0.5433401465415955,0.03786909952759743,0.06969685521792812,0.16
14,octanol_hl_gap_eV,217,0.009619166143238544,0.0028013689443469048,0.6376675581532791,0.9704083616153942,0.528410792350769,0.0032688716892153025,0.006186231879695151,0.06
14,octanol_hl_gap_eV,218,0.047493185847997665,0.0017593279480934143,0.6347484299221271,0.969723435222716,0.36447668075561523,0.0004110070876777172,0.0011276636047761338,0.02
14,octanol_hl_gap_eV,219,0.34475773572921753,0.001257988391444087,0.6505668548437971,0.9658988251639813,0.2502466142177582,0.0060323188081383705,0.024105496200197144,0.22
14,octanol_hl_gap_eV,220,0.06558945029973984,0.0011638501891866326,0.6489267464957744,0.9699590560650095,0.27969345450401306,0.000548655167222023,0.001961630343459292,0.06
14,octanol_hl_gap_eV,221,0.05088986083865166,0.0010092484299093485,0.6438640321793303,0.9580226886531256,0.2919623553752899,0.0007114976178854704,0.0024369498491369126,0.04
14,octanol_hl_gap_eV,222,0.06997964531183243,0.0014084589201956987,0.6219095770560625,0.9679349535865136,0.2970528304576874,0.001237198244780302,0.004164909800300759,0.12
14,octanol_hl_gap_eV,223,0.15484610199928284,0.0014161019353196025,0.6527213650572501,0.9857385638759035,0.30900466442108154,0.006393024232238531,0.020689086503648174,0.14
14,octanol_hl_gap_eV,224,0.032768916338682175,0.0017907866276800632,0.6209598847534574,0.9738060228187064,0.3560655117034912,0.0004986905842088163,0.0014005585147041542,0.14
14,octanol_hl_gap_eV,225,0.11597343534231186,0.001146822003647685,0.6698066454936569,0.9656321777127845,0.22109611332416534,0.0010281610302627087,0.004650289934112256,0.08
14,octanol_hl_gap_eV,226,0.056393932551145554,0.0015675483737140894,0.6437537044737804,0.9835077307418689,0.3125047981739044,0.001145087298937142,0.0036642230955440157,0.04
14,octanol_hl_gap_eV,227,0.0675952211022377,0.0009943456389009953,0.6446969398409022,0.9829326151977096,0.31195685267448425,0.0008708948735147715,0.0027917157967467985,0.06
14,octanol_hl_gap_eV,228,0.058941349387168884,0.002645905129611492,0.612113727344437,0.9696508975207643,0.5166527032852173,0.0038277413696050644,0.007408731910751207,0.12
14,octanol_hl_gap_eV,229,0.12023958563804626,0.0011167835909873247,0.6422824551803477,0.9741153843993011,0.36961600184440613,0.0030137388966977596,0.008153702441612433,0.2
14,octanol_hl_gap_eV,230,0.25797781348228455,0.001020169584080577,0.6539122124729435,0.9237012252387136,0.30505385994911194,0.03853645548224449,0.12632672633177963,0.22
14,octanol_hl_gap_eV,231,0.08848191797733307,0.001409965567290783,0.6252044043631779,0.9683233857010496,0.20753078162670135,0.002498212968930602,0.012037794824212123,0.1
14,octanol_hl_gap_eV,232,0.03581008315086365,0.0015488507924601436,0.6423912932940616,0.983863960339824,0.419117271900177,0.00036703486694023013,0.0008757330979851588,0.08
14,octanol_hl_gap_eV,233,0.08999418467283249,0.000990348868072033,0.6432644266806484,0.9644304024142538,0.29411301016807556,0.0020559062249958515,0.006990191368348416,0.1
14,octanol_hl_gap_eV,234,0.08346498012542725,0.0011153774103149772,0.6207537825821334,0.9834878500099877,0.3411625325679779,0.00046407824265770614,0.0013602849033993404,0.18
14,octanol_hl_gap_eV,235,0.11609607934951782,0.002192758722230792,0.6420766052252738,0.928735256172009,0.5535211563110352,0.04707139730453491,0.08503992443259839,0.18
14,octanol_hl_gap_eV,236,0.03491883724927902,0.001101683359593153,0.6378120273767549,0.977483559470073,0.2936261296272278,0.0008715776493772864,0.0029683245509648454,0.02
14,octanol_hl_gap_eV,237,0.018528658896684647,0.0011405012337490916,0.6474779705232439,0.9701963775570255,0.33479535579681396,0.0006579907494597137,0.0019653520817028472,0.02
14,octanol_hl_gap_eV,238,0.01572716422379017,0.0012762525584548712,0.6405716744376162,0.9710492937821076,0.3357166051864624,0.0007173907360993326,0.0021368938116745288,0.02
14,octanol_hl_gap_eV,239,0.09439004212617874,0.0013878329191356897,0.6764153839931712,0.9764611810772001,0.2930832505226135,0.0008041982655413449,0.002743924342681927,0.1
14,octanol_hl_gap_eV,240,0.11939256638288498,0.0026286195497959852,0.659602578860891,0.8983413515695542,0.5215484499931335,0.06326457113027573,0.12130142680149589,0.08
14,octanol_hl_gap_eV,241,0.06493935734033585,0.0012052527163177729,0.6112360144866678,0.9585123380530656,0.3678274154663086,0.004839672707021236,0.013157455109445286,0.12
14,octanol_hl_gap_eV,242,0.00398803036659956,0.0016413168050348759,0.6374048472578155,0.9628644479041242,0.4155936539173126,0.0014218388823792338,0.0034212237578154308,0.04
14,octanol_hl_gap_eV,243,0.10744937509298325,0.0011531384661793709,0.6642813485119183,0.9696212425313375,0.2792154550552368,0.002637841273099184,0.009447332607635719,0.2
14,octanol_hl_gap_eV,244,0.05203961208462715,0.0021727033890783787,0.6282162428405507,0.9799562088362213,0.5488371849060059,0.0009550504619255662,0.0017401343935708887,0.02
14,octanol_hl_gap_eV,245,0.09341983497142792,0.0013647913001477718,0.6485544498349582,0.9685465219864469,0.351409912109375,0.0007791829411871731,0.0022173049602102726,0.08
14,octanol_hl_gap_eV,246,0.20427057147026062,0.0009089279337786138,0.6745608842963708,0.9692507082887503,0.3197670578956604,0.0006566825322806835,0.002053627839597405,0.2
14,octanol_hl_gap_eV,247,0.035040002316236496,0.0011760598281398416,0.639873284643176,0.9717053821809325,0.3515048921108246,0.000315410434268415,0.0008973144936172623,0.02
14,octanol_hl_gap_eV,248,0.06652359664440155,0.0012841207208111882,0.6385677799891718,0.9770263395017429,0.296497106552124,0.0024420241825282574,0.008236249624577537,0.06
14,octanol_hl_gap_eV,249,0.2428896427154541,0.0012369819451123476,0.6671739186893026,0.9129184521029756,0.3316629230976105,0.05793881043791771,0.17469185248923938,0.08
14,octanol_dipole,0,0.09880669414997101,0.016068488359451294,0.6222357838466408,0.960028461411329,2.9799623489379883,0.004004573915153742,0.001343833728832483,0.06
14,octanol_dipole,1,0.20453202724456787,0.0154747124761343,0.6098984734545119,0.9205868210697326,2.7676165103912354,0.1286514401435852,0.0464845615931807,0.1
14,octanol_dipole,2,0.3009641766548157,0.014712519012391567,0.6103223315396527,0.940814372901422,2.6328816413879395,0.3940524160861969,0.14966582997573327,0.18
14,octanol_dipole,3,0.2680833339691162,0.01587042212486267,0.6118802460934354,0.9373712249830637,2.8869898319244385,0.22378841042518616,0.07751617548164728,0.16
14,octanol_dipole,4,0.28188905119895935,0.014822530560195446,0.6115804722946929,0.9222516771123233,2.5749521255493164,0.2611684203147888,0.10142651497222441,0.14
14,octanol_dipole,5,0.16509751975536346,0.013650049455463886,0.608390097357419,0.9364414959209366,2.387610912322998,0.1168607696890831,0.04894464549727861,0.14
14,octanol_dipole,6,0.08631493896245956,0.017307326197624207,0.6086705035134325,0.9610117033087708,3.070101261138916,0.005457324907183647,0.001777571631353665,0.08
14,octanol_dipole,7,0.07923930883407593,0.008504224009811878,0.6483815101556667,0.9746237585654414,1.5795671939849854,0.061641428619623184,0.039024252247295735,0.04
14,octanol_dipole,8,0.2875173091888428,0.016263505443930626,0.6121113365548863,0.8964620813996789,2.9803805351257324,0.4320774972438812,0.14497393609693981,0.1
14,octanol_dipole,9,0.18945610523223877,0.012245869264006615,0.610814721785558,0.9551049891371302,2.132646083831787,0.021381482481956482,0.0100257997067848,0.16
14,octanol_dipole,10,0.06917901337146759,0.011939450167119503,0.6097734813504063,0.9620667359613866,2.0924437046051025,0.007411609403789043,0.0035420830617700193,0.12
14,octanol_dipole,11,0.320892333984375,0.007518104277551174,0.6223701372313912,0.944131501684178,1.296244502067566,0.17837855219841003,0.13761181005118134,0.2
14,octanol_dipole,12,0.5049079060554504,0.007530817296355963,0.6221347505869228,0.9104636277247948,1.3496335744857788,0.5673959851264954,0.4204074319525415,0.44
14,octanol_dipole,13,0.15333864092826843,0.008554881438612938,0.6327145462160686,0.960712264703969,1.506761074066162,0.05120687186717987,0.03398473238294671,0.08
14,octanol_dipole,14,0.253012478351593,0.014437769539654255,0.6097051874719084,0.9243320046648991,2.587383985519409,0.40496882796287537,0.15651670963000847,0.14
14,octanol_dipole,15,0.12970960140228271,0.016543244943022728,0.6089163580412824,0.9696636668349974,2.923455238342285,0.008881487883627415,0.003038010559266702,0.12
14,octanol_dipole,16,0.2585306167602539,0.009024384431540966,0.6111430645001334,0.9301344741228375,1.5774190425872803,0.21100854873657227,0.13376822711007494,0.22
14,octanol_dipole,17,0.3491379916667938,0.014757026918232441,0.6132609846123942,0.909251285556836,2.6394236087799072,0.37383317947387695,0.1416344001130929,0.14
14,octanol_dipole,18,0.04471277818083763,0.01979260891675949,0.6066864347665923,0.9685280518976482,3.4468419551849365,0.0033700920175760984,0.0009777332588477442,0.08
14,octanol_dipole,19,0.28055137395858765,0.014241205528378487,0.6105465070820515,0.9288888130613491,2.520263910293579,0.3262891471385956,0.1294662617696204,0.12
14,octanol_dipole,20,0.30807259678840637,0.005040109623223543,0.6423584271027898,0.9416018315110382,0.8414194583892822,0.2360307276248932,0.28051493850252,0.1
14,octanol_dipole,21,0.27212363481521606,0.007877756841480732,0.6071075486555679,0.913264391871182,1.3514682054519653,0.2615560293197632,0.19353472635509927,0.18
14,octanol_dipole,22,0.0866285115480423,0.013279310427606106,0.6127162894673057,0.952013338277681,2.370002508163452,0.009955723769962788,0.0042007228834865734,0.1
14,octanol_dipole,23,0.13929325342178345,0.006392161827534437,0.6136958708920313,0.9599526001856453,1.0625672340393066,0.02416304685175419,0.02274025217199606,0.14
14,octanol_dipole,24,0.4325329065322876,0.014208980835974216,0.6199281537782106,0.8962601133474792,2.5852742195129395,0.6088652014732361,0.23551281209462765,0.24
14,octanol_dipole,25,0.28887826204299927,0.0024698616471141577,0.6420179788345217,0.9581421685245071,0.32369551062583923,0.0559418611228466,0.17282248065377093,0.2
14,octanol_dipole,26,0.09133928269147873,0.018169136717915535,0.612312623298336,0.9667595661869017,3.1981453895568848,0.0047211418859660625,0.0014762124015319374,0.08
14,octanol_dipole,27,0.14531309902668,0.013063160702586174,0.6125156264800202,0.9633379390433559,2.357717275619507,0.007185484282672405,0.003047644582739196,0.08
14,octanol_dipole,28,0.15331792831420898,0.018262607976794243,0.6114662172845557,0.9704753525192455,3.15173077583313,0.00716222682967782,0.002272474186119071,0.1
14,octanol_dipole,29,0.06705629080533981,0.013757660984992981,0.612079537569205,0.9669525260435148,2.4592907428741455,0.01668662764132023,0.006785138231284828,0.08
14,octanol_dipole,30,0.09551532566547394,0.007194215431809425,0.6224239591163447,0.9621112243561798,1.1957495212554932,0.02089666575193405,0.017475788516305085,0.06
14,octanol_dipole,31,0.3485816717147827,0.013922259211540222,0.6077207898635637,0.8907802873373671,2.525067090988159,0.3792569637298584,0.1501967868827755,0.18
14,octanol_dipole,32,0.1915968954563141,0.013571904972195625,0.6131723583685151,0.9588545722354715,2.3501782417297363,0.020024633035063744,0.008520474183407284,0.1
14,octanol_dipole,33,0.32604384422302246,0.01682729460299015,0.6117438735584404,0.9223790649329335,3.0409467220306396,0.5958698987960815,0.1959488124139775,0.12
14,octanol_dipole,34,0.3332914710044861,0.021394969895482063,0.607030669818434,0.9127254076589153,3.889921188354492,0.4467909038066864,0.11485860051465133,0.12
14,octanol_dipole,35,0.1534935086965561,0.014156866818666458,0.6155619543943385,0.9700753895177789,2.4332339763641357,0.005859769880771637,0.002408222940207176,0.04
14,octanol_dipole,36,0.28489142656326294,0.011268948204815388,0.6140567624551572,0.9066102075719442,2.001918315887451,0.35632213950157166,0.1779903488937379,0.18
14,octanol_dipole,37,0.44284743070602417,0.012444525957107544,0.6138127098340871,0.9070794417510188,2.272019863128662,0.48199746012687683,0.21214491472937524,0.3
14,octanol_dipole,38,0.19769589602947235,0.009432836435735226,0.6140113913681446,0.9535593785180168,1.721091389656067,0.12802261114120483,0.07438455151808536,0.14
14,octanol_dipole,39,0.2782360017299652,0.012274044565856457,0.6084310676096654,0.9218144718523491,2.2056009769439697,0.3446575999259949,0.15626471130945208,0.12
14,octanol_dipole,40,0.08736742287874222,0.020846910774707794,0.605657794548049,0.9636789252127607,3.6350297927856445,0.005181653890758753,0.0014254776951326935,0.06
14,octanol_dipole,41,0.08046182990074158,0.017350055277347565,0.6049302920582476,0.9587287760550534,3.027820110321045,0.016258051618933678,0.005369556653486197,0.14
14,octanol_dipole,42,0.06121576204895973,0.014663629233837128,0.6123917237662793,0.9636566320981395,2.5638043880462646,0.012400222010910511,0.00483664903169935,0.06
14,octanol_dipole,43,0.32920998334884644,0.01056711282581091,0.6164682683636955,0.9250258004862295,1.9582152366638184,0.42194077372550964,0.2154721124754211,0.1
14,octanol_dipole,44,0.7303000092506409,0.005270214285701513,0.680609276235312,0.9132237921745205,0.9535667896270752,0.8206260204315186,0.860585781046813,0.5
14,octanol_dipole,45,0.1125069186091423,0.00899876095354557,0.6133106264011998,0.9678885731102795,1.5300629138946533,0.04272734001278877,0.02792521773109952,0.1
14,octanol_dipole,46,0.09606427699327469,0.0027688639238476753,0.638451634473651,0.9659060669005703,0.39151278138160706,0.07829409092664719,0.19997837784594324,0.06
14,octanol_dipole,47,0.33094581961631775,0.011465816758573055,0.6104630730849485,0.9133159264287729,2.0314178466796875,0.3241930603981018,0.15958955018928725,0.22
14,octanol_dipole,48,0.13427048921585083,0.015996435657143593,0.6066444273890983,0.9546383494965633,2.8172433376312256,0.020161980763077736,0.007156634463826681,0.08
14,octanol_dipole,49,0.13127842545509338,0.017131993547081947,0.6084553603903307,0.9498014292368304,3.040905714035034,0.015476620756089687,0.005089477350336349,0.1
14,octanol_dipole,50,0.08624310791492462,0.01394010428339243,0.6174575489586922,0.9617263984152311,2.4550251960754395,0.003327388782054186,0.0013553379359907555,0.14
14,octanol_dipole,51,0.3696695864200592,0.016077430918812752,0.6134340960451174,0.9040789987756839,2.921408176422119,0.46845322847366333,0.16035185779735278,0.22
14,octanol_dipole,52,0.8252558708190918,0.0030381781980395317,0.6916786458652195,0.9113684717967405,0.4527907967567444,0.7614035606384277,1.6815791444795671,0.72
14,octanol_dipole,53,0.13431787490844727,0.020852837711572647,0.6115672571257247,0.9690765304778051,3.672541379928589,0.012332742102444172,0.0033580947977457443,0.1
14,octanol_dipole,54,0.17205774784088135,0.019698940217494965,0.6051511008863741,0.9198305449498523,3.492561101913452,0.3603071868419647,0.10316417560871448,0.02
14,octanol_dipole,55,0.31681835651397705,0.013249978423118591,0.6141223832185101,0.9198132350984336,2.3706369400024414,0.23698017001152039,0.09996476727949592,0.1
14,octanol_dipole,56,0.09128233790397644,0.012757916934788227,0.6112484879473665,0.9496129879062587,2.2261273860931396,0.01873457431793213,0.008415769212026704,0.08
14,octanol_dipole,57,0.06042065843939781,0.009938070550560951,0.6109783585815427,0.95856390764929,1.7339811325073242,0.013146338053047657,0.007581592329114993,0.06
14,octanol_dipole,58,0.14651820063591003,0.018910182639956474,0.6363222598054259,0.9723331305355809,3.8790674209594727,0.015241778455674648,0.003929237830030975,0.1
14,octanol_dipole,59,0.41390880942344666,0.008142197504639626,0.6172615249185824,0.9083074631361452,1.429624319076538,0.36659231781959534,0.2564256307953649,0.24
14,octanol_dipole,60,0.11700436472892761,0.007392106577754021,0.6163719375770531,0.9542596142279092,1.2309861183166504,0.022334283217787743,0.01814340786257561,0.1
14,octanol_dipole,61,0.22224143147468567,0.003962809685617685,0.6273350286286825,0.9481711054878816,0.6252684593200684,0.08644328266382217,0.13824986911673529,0.22
14,octanol_dipole,62,0.29683345556259155,0.010850774124264717,0.6129798917809586,0.9209011686616244,1.9802011251449585,0.2384386658668518,0.12041133743391705,0.16
14,octanol_dipole,63,0.10733850300312042,0.013359812088310719,0.6113404855783982,0.9615445149892952,2.3584275245666504,0.006854663603007793,0.002906455056009111,0.12
14,octanol_dipole,64,0.15412388741970062,0.011313609778881073,0.6093869388411903,0.9683686241749083,1.9943920373916626,0.014464754611253738,0.007252713779468987,0.12
14,octanol_dipole,65,0.4833952486515045,0.012768100947141647,0.6135248523224508,0.8877992706399647,2.3628551959991455,0.7283431887626648,0.3082470690526937,0.28
14,octanol_dipole,66,0.19969771802425385,0.0061176554299890995,0.632967769621235,0.9569693196532987,1.0271180868148804,0.1127372458577156,0.10976074446056802,0.08
14,octanol_dipole,67,0.11643168330192566,0.003861165838316083,0.6346009045084726,0.967884804345617,0.6020353436470032,0.019792765378952026,0.032876417618692665,0.12
14,octanol_dipole,68,0.12495358288288116,0.014761019498109818,0.607363207392168,0.9663156759731453,2.5303947925567627,0.02092551626265049,0.008269664608939114,0.14
14,octanol_dipole,69,0.17352229356765747,0.014120425097644329,0.6109277221837033,0.9569742890287711,2.4962844848632812,0.046106889843940735,0.018470206470263727,0.14
14,octanol_dipole,70,0.12154784798622131,0.006785140372812748,0.6246927346155382,0.9606528257772204,1.1276414394378662,0.02679213136434555,0.023759441988671092,0.08
14,octanol_dipole,71,0.12833456695079803,0.01650651916861534,0.611492225661699,0.9739290376709175,2.911158800125122,0.010496365837752819,0.0036055627873346117,0.16
14,octanol_dipole,72,0.280259907245636,0.011399073526263237,0.613212692101264,0.9389238763240766,1.9905953407287598,0.20923154056072235,0.10511003230024762,0.2
14,octanol_dipole,73,0.17961125075817108,0.014826609753072262,0.613190699721089,0.9515943431048659,2.60737943649292,0.04460051283240318,0.017105493818112456,0.16
14,octanol_dipole,74,0.38821786642074585,0.014484995976090431,0.6088326984800618,0.8704109959693644,2.7170984745025635,0.5213048458099365,0.19186085844951759,0.12
14,octanol_dipole,75,0.4380112588405609,0.00949147343635559,0.6186387949224581,0.901738666786126,1.72366201877594,0.4042641520500183,0.2345379474899069,0.3
14,octanol_dipole,76,0.2608882486820221,0.01109196338802576,0.6130956262047274,0.926164758394894,1.9780806303024292,0.2729007601737976,0.1379624045618776,0.1
14,octanol_dipole,77,0.0656217560172081,0.0150537621229887,0.6127338216767424,0.9626682444884076,2.73075532913208,0.004326151218265295,0.001584232454703396,0.02
14,octanol_dipole,78,0.13737735152244568,0.019103003665804863,0.6048709925172706,0.9498306088726076,3.296741485595703,0.016304384917020798,0.004945606135106067,0.06
14,octanol_dipole,79,0.20343860983848572,0.01520575862377882,0.6130321718169154,0.9594128607661356,2.69962477684021,0.01839965209364891,0.0068156331396487186,0.14
14,octanol_dipole,80,0.17645597457885742,0.008643269538879395,0.6100078815683336,0.9495125142789771,1.4663169384002686,0.048319119960069656,0.032952712128378706,0.12
14,octanol_dipole,81,0.1437617838382721,0.011853129602968693,0.6144744340409343,0.9719710347279293,2.13203501701355,0.021561399102211,0.010113060493918693,0.14
14,octanol_dipole,82,0.1922421157360077,0.004862802568823099,0.6667801108356624,0.9790427987856412,0.9176054000854492,0.06320283561944962,0.06887801184862692,0.18
14,octanol_dipole,83,0.20700369775295258,0.013753429055213928,0.6122384244330208,0.9477192597173754,2.490968942642212,0.051532767713069916,0.020687840314222567,0.18
14,octanol_dipole,84,0.11886612325906754,0.006326041184365749,0.6228357737361487,0.9503925316930413,1.0428122282028198,0.012181533500552177,0.011681425640305162,0.04
14,octanol_dipole,85,0.30934521555900574,0.012052263133227825,0.6085139942461546,0.9164942325522338,2.1726906299591064,0.347160667181015,0.15978375494147048,0.14
14,octanol_dipole,86,0.1484048068523407,0.014840361662209034,0.6105189567263434,0.9641979571644805,2.618675708770752,0.0049428450874984264,0.001887536158426687,0.16
14,octanol_dipole,87,0.07831141352653503,0.012636858969926834,0.6087267024301652,0.9644124520236137,2.2228944301605225,0.008280632086098194,0.003725157602513864,0.08
14,octanol_dipole,88,0.3679914176464081,0.013478091917932034,0.6095894428553081,0.9162835942602006,2.4001898765563965,0.5287303328514099,0.22028687730738644,0.22
14,octanol_dipole,89,0.468626469373703,0.008419794030487537,0.6193855977479854,0.9175549230463407,1.4831485748291016,0.4486390948295593,0.30249099951517305,0.28
14,octanol_dipole,90,0.22237679362297058,0.013133524917066097,0.6094157691377331,0.9519103666028539,2.332991600036621,0.030643124133348465,0.013134691154853476,0.18
14,octanol_dipole,91,0.15309864282608032,0.012065212242305279,0.6119670752696924,0.9590432961170745,2.1014082431793213,0.009652839042246342,0.004593509649339768,0.14
14,octanol_dipole,92,0.5821354985237122,0.007014624774456024,0.6451107335003714,0.894482973543181,1.2804664373397827,0.8283476233482361,0.6469108437306327,0.3
14,octanol_dipole,93,0.27584829926490784,0.01599348708987236,0.6080289994700594,0.9173948394620501,2.841096878051758,0.3033693730831146,0.10677896112122227,0.2
14,octanol_dipole,94,0.1363053321838379,0.007270490750670433,0.630965321953441,0.9663650728354638,1.2312941551208496,0.057120922952890396,0.046390964104986,0.06
14,octanol_dipole,95,0.3783719837665558,0.006472319830209017,0.6176391851235743,0.9248754986623289,1.124974012374878,0.23262159526348114,0.20677952797541074,0.12
14,octanol_dipole,96,0.18690702319145203,0.012618829496204853,0.6097238721173517,0.9530842370176862,2.2281386852264404,0.013850794173777103,0.006216307030443879,0.12
14,octanol_dipole,97,0.274344265460968,0.016161847859621048,0.6072469259990172,0.9136298853078744,2.8730978965759277,0.3157399296760559,0.10989529109061871,0.12
14,octanol_dipole,98,0.26557657122612,0.009490451775491238,0.6127497838835825,0.9342638493822195,1.6869933605194092,0.1960500031709671,0.11621267028022278,0.14
14,octanol_dipole,99,0.4134264290332794,0.009797684848308563,0.6203976998174285,0.922347639592457,1.70937979221344,0.46411168575286865,0.2715088173306999,0.3
14,octanol_dipole,100,0.2844562828540802,0.018463756889104843,0.6140057166639612,0.896449301269914,3.4508056640625,0.503650426864624,0.14595154752113623,0.2
14,octanol_dipole,101,0.1315935105085373,0.010549875907599926,0.6136475526691036,0.9453059777086579,1.793169379234314,0.02140372060239315,0.011936251449672072,0.12
14,octanol_dipole,102,0.19188636541366577,0.010326279327273369,0.6118976394244984,0.9519899823855069,1.8025282621383667,0.05052028223872185,0.028027456378846936,0.14
14,octanol_dipole,103,0.4442179501056671,0.014072724618017673,0.6219209827437995,0.9287895662017414,2.6133229732513428,0.7022866010665894,0.2687331830986224,0.22
14,octanol_dipole,104,0.08070861548185349,0.01788346655666828,0.6058179865521718,0.9710109572258112,3.1461217403411865,0.0035653850063681602,0.001133263522720995,0.14
14,octanol_dipole,105,0.08780331164598465,0.014297612011432648,0.6130418919265683,0.9499868763742227,2.5163960456848145,0.006337552797049284,0.00251850371801255,0.08
14,octanol_dipole,106,0.04949982464313507,0.007236687932163477,0.6344970771068394,0.9673268732038642,1.2576984167099,0.0185258649289608,0.014729973961026276,0.02
14,octanol_dipole,107,0.141032874584198,0.01387046743184328,0.6125784789526794,0.9450596481047131,2.4462368488311768,0.06381595879793167,0.026087399847820634,0.1
14,octanol_dipole,108,0.33570486307144165,0.015846315771341324,0.6071930270212393,0.8940457412992335,2.8706624507904053,0.5041710734367371,0.1756288250810955,0.22
14,octanol_dipole,109,0.10954119265079498,0.018924450501799583,0.6142703698543972,0.9598045852651174,3.4578261375427246,0.0387294664978981,0.011200524536904817,0.12
14,octanol_dipole,110,0.15259134769439697,0.01812521554529667,0.6202377173994817,0.9580127873177051,3.354461431503296,0.012973928824067116,0.0038676637335051645,0.06
14,octanol_dipole,111,0.3597835302352905,0.013836771249771118,0.609155066391089,0.9049518502489731,2.493704080581665,0.4836761951446533,0.19395893799549552,0.18
14,octanol_dipole,112,0.5106245279312134,0.012580766342580318,0.6207371587695316,0.9115465568325063,2.3087971210479736,0.6529178023338318,0.282795658562442,0.3
14,octanol_dipole,113,0.12021142244338989,0.00971177313476801,0.6123301376993069,0.9738150159685479,1.667641282081604,0.020747778937220573,0.012441392018865426,0.12
14,octanol_dipole,114,0.3443279266357422,0.01419372484087944,0.610855161377587,0.9030168572843309,2.5463380813598633,0.4139775037765503,0.16257758810859357,0.12
14,octanol_dipole,115,0.20779162645339966,0.017684046179056168,0.6117046207124326,0.9461206917140357,3.1830761432647705,0.019170915707945824,0.0060227637810394575,0.16
14,octanol_dipole,116,0.7039355635643005,0.0035460321232676506,0.6653995068693535,0.9264777381044951,0.6767044067382812,0.5030966997146606,0.7434511947980202,0.5
14,octanol_dipole,117,0.37045732140541077,0.015604458749294281,0.6154611084914685,0.8872385639517986,2.950361728668213,0.5393081903457642,0.1827939215403281,0.16
14,octanol_dipole,118,0.18527910113334656,0.01854664646089077,0.6117190242443706,0.9447965133118297,3.225571393966675,0.0633985623717308,0.019654986552247993,0.12
14,octanol_dipole,119,0.04213317856192589,0.01750565506517887,0.6072348155626868,0.9667468990027019,2.967775583267212,0.007450610399246216,0.002510503301278552,0.06
14,octanol_dipole,120,0.33763694763183594,0.011688224971294403,0.6378146687723605,0.9275507117263804,2.1514499187469482,0.5466189384460449,0.2540700267679983,0.18
14,octanol_dipole,121,0.13712769746780396,0.011843978427350521,0.6170669192682992,0.9489149136570427,2.1430962085723877,0.04334557428956032,0.02022567821088851,0.14
14,octanol_dipole,122,0.4321364462375641,0.011406281031668186,0.6114811835840657,0.9037963456479299,2.0591940879821777,0.5655823349952698,0.2746619846551176,0.32
14,octanol_dipole,123,0.1440988928079605,0.013586536981165409,0.6126876201316838,0.9584292301055157,2.379770040512085,0.00444446224719286,0.001867601562979795,0.12
14,octanol_dipole,124,0.10290955007076263,0.021058475598692894,0.6124215296830375,0.9559769365434845,3.6352901458740234,0.033296745270490646,0.009159308867899235,0.06
14,octanol_dipole,125,0.17252710461616516,0.01363876461982727,0.6515855863090771,0.9382731864806635,2.6214473247528076,0.11374260485172272,0.0433892391343199,0.14
14,octanol_dipole,126,0.30280980467796326,0.014688271097838879,0.6087028621627444,0.9173872629476758,2.645171880722046,0.31483548879623413,0.11902269606400559,0.22
14,octanol_dipole,127,0.10546033829450607,0.005730158649384975,0.6288493478886876,0.9681908769612417,0.9386511445045471,0.027527159079909325,0.0293262936300356,0.12
14,octanol_dipole,128,0.10599277913570404,0.015108968131244183,0.610723876381605,0.9706147100902496,2.610837459564209,0.010104130953550339,0.003870072767853148,0.14
14,octanol_dipole,129,0.06638259440660477,0.01138074230402708,0.6092563036122165,0.9641630054265822,2.002077341079712,0.01037509087473154,0.005182162877452225,0.08
14,octanol_dipole,130,0.15864017605781555,0.012918556109070778,0.6129752507184323,0.9624060141742237,2.3074166774749756,0.012833338230848312,0.005561777530745741,0.14
14,octanol_dipole,131,0.30991828441619873,0.002145520644262433,0.6595712147024375,0.969080016034241,0.2847973704338074,0.059967391192913055,0.2105616042085286,0.28
14,octanol_dipole,132,0.3738100230693817,0.012130294926464558,0.6165912354044643,0.9057492593664642,2.237304210662842,0.5307524800300598,0.2372285706613026,0.14
14,octanol_dipole,133,0.5129753947257996,0.010565759614109993,0.616152784723005,0.9166704985854344,1.8562860488891602,0.6441316604614258,0.34700021629041894,0.34
14,octanol_dipole,134,0.32271865010261536,0.012155578471720219,0.6153542735304944,0.9375930156627172,2.1580278873443604,0.264015257358551,0.12234098498302753,0.22
14,octanol_dipole,135,0.1121777892112732,0.014181221835315228,0.6130364913526516,0.9605893133698702,2.5579426288604736,0.012636775150895119,0.004940210545896652,0.1
14,octanol_dipole,136,0.35823529958724976,0.014553874731063843,0.6082024803009096,0.9023272459902554,2.623387336730957,0.36608314514160156,0.1395459755469367,0.18
14,octanol_dipole,137,0.1990562081336975,0.0071693225763738155,0.631599183796778,0.9565587466111489,1.2205500602722168,0.06314302980899811,0.05173325688494534,0.08
14,octanol_dipole,138,0.31743761897087097,0.01455028634518385,0.6160490536431846,0.9097875530398369,2.6697778701782227,0.3976806104183197,0.14895644123073515,0.16
14,octanol_dipole,139,0.3650137186050415,0.011233976110816002,0.6173572177951459,0.8971622625291633,2.0678353309631348,0.42376112937927246,0.20492982348932853,0.22
14,octanol_dipole,140,0.342765748500824,0.012703286483883858,0.6126986308530256,0.9131724967151298,2.296091318130493,0.4007493257522583,0.17453544751806888,0.16
14,octanol_dipole,141,0.14819055795669556,0.01406257413327694,0.6086488344115419,0.957167545380518,2.487616777420044,0.008038442581892014,0.0032313830067623355,0.08
14,octanol_dipole,142,0.07644608616828918,0.01292138546705246,0.6123159289597426,0.9726209343284713,2.2111077308654785,0.011933086439967155,0.005396881514812609,0.08
14,octanol_dipole,143,0.16518829762935638,0.014065993018448353,0.6121499233916068,0.9615720178076381,2.504133701324463,0.009304031729698181,0.003715469235838797,0.16
14,octanol_dipole,144,0.16872680187225342,0.015882354229688644,0.6100911999115268,0.9453817761633871,2.792978048324585,0.03718087822198868,0.013312270121239318,0.1
14,octanol_dipole,145,0.16879154741764069,0.01698526367545128,0.6052615589344859,0.9359136312740686,2.943125009536743,0.10945099592208862,0.037188700978527764,0.02
14,octanol_dipole,146,0.09795928001403809,0.01145433634519577,0.6129112888821262,0.96420450139117,1.9855011701583862,0.018810389563441277,0.00947387483128038,0.1
14,octanol_dipole,147,0.07457227259874344,0.01673687994480133,0.6046871232851543,0.9568637797796231,2.8846750259399414,0.025070035830140114,0.008690766067131359,0.04
14,octanol_dipole,148,0.22774194180965424,0.015352731570601463,0.6126213865916001,0.9392342142129491,2.7259273529052734,0.07581738382577896,0.02781342787619536,0.08
14,octanol_dipole,149,0.09798311442136765,0.014627309516072273,0.6099277252977684,0.9654929067989548,2.5859789848327637,0.008711266331374645,0.0033686531802724633,0.12
14,octanol_dipole,150,0.16541264951229095,0.009677709080278873,0.616593902535441,0.9562742381588996,1.679334044456482,0.03728260099887848,0.0222008248578948,0.1
14,octanol_dipole,151,0.0705685243010521,0.013257778249680996,0.6119855225372155,0.9593295436343592,2.3317766189575195,0.008726957254111767,0.003742621477186514,0.08
14,octanol_dipole,152,0.2865820825099945,0.008131247945129871,0.6229665646841012,0.9358156227564329,1.3834681510925293,0.182535320520401,0.13194038502169514,0.08
14,octanol_dipole,153,0.14006493985652924,0.013436690904200077,0.6116592130333018,0.9578056523505196,2.3670995235443115,0.012508968822658062,0.005284513261161111,0.12
14,octanol_dipole,154,0.5182610750198364,0.009382268413901329,0.6264259304435829,0.9138150842017487,1.6778225898742676,0.6612966656684875,0.394139803373397,0.28
14,octanol_dipole,155,0.22063587605953217,0.0024938301648944616,0.6474645582399794,0.975697849272684,0.33807626366615295,0.05575365573167801,0.16491443417847934,0.12
14,octanol_dipole,156,0.4725125730037689,0.014220383949577808,0.621203322962468,0.9063033289191331,2.5644845962524414,0.7267072796821594,0.28337361852128834,0.22
14,octanol_dipole,157,0.0633387491106987,0.012865273281931877,0.6116322682279183,0.9665964196209527,2.236269950866699,0.009638501331210136,0.004310079526612874,0.08
14,octanol_dipole,158,0.21366582810878754,0.011804735288023949,0.6101674125157723,0.9581433451952002,2.1003634929656982,0.029192598536610603,0.013898831623373372,0.12
14,octanol_dipole,159,0.06296272575855255,0.011463349685072899,0.6092118913630669,0.967641751017631,2.01957368850708,0.0077766552567481995,0.003850641994893932,0.06
14,octanol_dipole,160,0.09054022282361984,0.016859186813235283,0.6123237455228283,0.95732302664494,2.9587836265563965,0.05705471709370613,0.019283166427451714,0.08
14,octanol_dipole,161,0.09989667683839798,0.017313793301582336,0.6096315149405485,0.9663606209628943,3.0534989833831787,0.029295945540070534,0.009594221481485993,0.18
14,octanol_dipole,162,0.1562553346157074,0.011446869932115078,0.6102945143377883,0.9441487406882065,2.0175483226776123,0.022992471233010292,0.011396243140533838,0.14
14,octanol_dipole,163,0.3363933563232422,0.018732411786913872,0.6049054038444701,0.8982547836130168,3.430229425430298,0.5185638070106506,0.15117467163165055,0.18
14,octanol_dipole,164,0.06414014846086502,0.008773645386099815,0.6113525622476241,0.9608892007130418,1.606934666633606,0.007687676697969437,0.004784063009901005,0.06
14,octanol_dipole,165,0.13839751482009888,0.013040726073086262,0.6058250844344168,0.9615641483689947,2.2714693546295166,0.0068083698861300945,0.002997341730476729,0.14
14,octanol_dipole,166,0.10132686793804169,0.015896541997790337,0.6160019214611672,0.9522283549489103,2.7556631565093994,0.017287639901041985,0.006273495314623377,0.08
14,octanol_dipole,167,0.1759720742702484,0.013465575873851776,0.611439229895189,0.9428369412370954,2.3380022048950195,0.06309712678194046,0.0269876250115742,0.14
14,octanol_dipole,168,0.10009880363941193,0.015558547340333462,0.6075531991951808,0.9530780444845737,2.6857364177703857,0.011990207247436047,0.004464402079110184,0.1
14,octanol_dipole,169,0.26729050278663635,0.014254202134907246,0.6138988028018857,0.9029107279020769,2.5400753021240234,0.4012805223464966,0.15797977406848682,0.14
14,octanol_dipole,170,0.15337081253528595,0.01451546885073185,0.6075536381243523,0.9600975506524196,2.5271365642547607,0.002732778899371624,0.0010813736534960492,0.1
14,octanol_dipole,171,0.06976011395454407,0.007674946915358305,0.6128865312045588,0.9606645460820369,1.3563735485076904,0.005612604785710573,0.004137949160012502,0.04
14,octanol_dipole,172,0.10531996935606003,0.008343016728758812,0.6132223147780811,0.9489011803252843,1.398624300956726,0.008741380646824837,0.006249984817828,0.06
14,octanol_dipole,173,0.0767710879445076,0.011939971707761288,0.6078617642034911,0.953752742119629,2.0779502391815186,0.01324500236660242,0.006374071003653812,0.08
14,octanol_dipole,174,0.1321510672569275,0.01571977697312832,0.6115529550512724,0.9583633104925531,2.7671022415161133,0.0055897957645356655,0.0020200900713639625,0.12
14,octanol_dipole,175,0.6996312737464905,0.005481775850057602,0.6705852485658261,0.9212255050316107,1.003660798072815,0.9053276181221008,0.9020254849651106,0.68
14,octanol_dipole,176,0.06788811832666397,0.007884565740823746,0.6106158339731402,0.9618515091312203,1.3725132942199707,0.019680840894579887,0.01433927159573703,0.02
14,octanol_dipole,177,0.19187696278095245,0.01400267705321312,0.6120040604970147,0.9311491492203381,2.537207841873169,0.14075729250907898,0.05547724162998043,0.14
14,octanol_dipole,178,0.23473629355430603,0.016538437455892563,0.6135674586783206,0.9472123983034668,2.9411909580230713,0.25102826952934265,0.08534919123308876,0.16
14,octanol_dipole,179,0.2562602162361145,0.015092953108251095,0.6130821335974852,0.9442858225815958,2.7535343170166016,0.13288530707359314,0.04825990591523539,0.1
14,octanol_dipole,180,0.0925770178437233,0.013989227823913097,0.6171260606153988,0.9616986839063033,2.5255699157714844,0.011190732009708881,0.004430972961716823,0.1
14,octanol_dipole,181,0.07292045652866364,0.013595842756330967,0.6101767605762818,0.9574746309843378,2.381227731704712,0.016114551573991776,0.006767329037636996,0.04
14,octanol_dipole,182,0.17778974771499634,0.012154306285083294,0.6132773485320051,0.9520440939602843,2.1034469604492188,0.04370824247598648,0.02077934138479632,0.06
14,octanol_dipole,183,0.15491628646850586,0.001424900023266673,0.6505837207567349,0.9655655123641589,0.07310396432876587,0.024783123284578323,0.3390120291304961,0.12
14,octanol_dipole,184,0.06781419366598129,0.016936564818024635,0.6112399454983035,0.9657652825622194,2.9825477600097656,0.006817216984927654,0.002285702538056032,0.08
14,octanol_dipole,185,0.1095535010099411,0.01505544874817133,0.613252989785674,0.9742985690227162,2.7325668334960938,0.01186424121260643,0.00434179360854904,0.12
14,octanol_dipole,186,0.517389714717865,0.006264633499085903,0.6308440571331542,0.9007862619396039,1.0510637760162354,0.46569764614105225,0.44307268195099403,0.24
14,octanol_dipole,187,0.13442787528038025,0.015806501731276512,0.6076082352599252,0.9563475002038209,2.754631757736206,0.009828515350818634,0.0035679960935670915,0.08
14,octanol_dipole,188,0.3767254054546356,0.005992851685732603,0.6199473176338763,0.9279584272567869,1.0958583354949951,0.26636043190956116,0.24306100823629465,0.2
14,octanol_dipole,189,0.10676425695419312,0.01187528669834137,0.612328855742037,0.9490484063488227,2.064847946166992,0.024382811039686203,0.011808526184675427,0.04
14,octanol_dipole,190,0.14367033541202545,0.013907457701861858,0.6128988625706846,0.9594942763459342,2.5428237915039062,0.02378132753074169,0.009352330118272436,0.1
14,octanol_dipole,191,0.371766060590744,0.014303639531135559,0.6095097187284817,0.8989200712620176,2.5470566749572754,0.5202450156211853,0.20425341168739872,0.14
14,octanol_dipole,192,0.15114691853523254,0.008558699861168861,0.6080005397938344,0.9590337699511193,1.4815107583999634,0.031025078147649765,0.020941513905141637,0.12
14,octanol_dipole,193,0.15827317535877228,0.012271115556359291,0.6113701692264188,0.9701133891578249,2.181107759475708,0.0139700248837471,0.006405013609738016,0.16
14,octanol_dipole,194,0.07042666524648666,0.02092491090297699,0.622075171186826,0.9526648916312861,3.8622758388519287,0.017341716215014458,0.004490025295596009,0.08
14,octanol_dipole,195,0.14780722558498383,0.004416707903146744,0.6648482451888118,0.9685360722288532,0.8096633553504944,0.055419206619262695,0.06844722099998256,0.1
14,octanol_dipole,196,0.38935399055480957,0.019727714359760284,0.6019615181490521,0.9017671156194573,3.524606227874756,0.46348145604133606,0.13149879052469446,0.14
14,octanol_dipole,197,0.12914128601551056,0.011523125693202019,0.6128459504276804,0.9596321584574059,2.0667591094970703,0.05555865541100502,0.02688201791670089,0.04
14,octanol_dipole,198,0.09997846931219101,0.013307561166584492,0.6116711990217658,0.9501811089092247,2.3655102252960205,0.010806780308485031,0.004568477528831087,0.16
14,octanol_dipole,199,0.29164910316467285,0.014440176077187061,0.6127939056624125,0.9104360376184175,2.654383659362793,0.3750976324081421,0.14131251565125572,0.16
14,octanol_dipole,200,0.14438912272453308,0.01653001271188259,0.6227039933273619,0.9628875010181583,2.9053165912628174,0.014509115368127823,0.0049939877160930434,0.08
14,octanol_dipole,201,0.24394620954990387,0.010782204568386078,0.614722420567418,0.9439390878713203,1.8467459678649902,0.12437477707862854,0.06734807019636671,0.2
14,octanol_dipole,202,0.10544796288013458,0.014903820119798183,0.6124859841576753,0.9570109636577866,2.5771539211273193,0.015514587983489037,0.00602004709780878,0.1
14,octanol_dipole,203,0.15888457000255585,0.010477948933839798,0.6113073608491704,0.9696235957913708,1.8042640686035156,0.017938463017344475,0.009942260298531957,0.1
14,octanol_dipole,204,0.10031157732009888,0.014295629225671291,0.6168613600908663,0.944071196656681,2.598080635070801,0.03079829551279545,0.011854249285821784,0.04
14,octanol_dipole,205,0.05295154079794884,0.00764665799215436,0.6106153206404845,0.9501122381684395,1.3119077682495117,0.006790270563215017,0.005175874956724531,0.06
14,octanol_dipole,206,0.14120487868785858,0.0133655471727252,0.6102329926300123,0.9495342639303681,2.3811628818511963,0.023027220740914345,0.009670577731756093,0.1
14,octanol_dipole,207,0.07110821455717087,0.018512047827243805,0.6069613076851093,0.9627802097721976,3.2186031341552734,0.004286882933229208,0.0013319078974781107,0.06
14,octanol_dipole,208,0.16572605073451996,0.014279805123806,0.6079828158878069,0.9500089104594165,2.508857011795044,0.0737941786646843,0.02941346530222774,0.14
14,octanol_dipole,209,0.5020332336425781,0.010164503008127213,0.615419805581829,0.8922261888736811,1.8135297298431396,0.7191177606582642,0.3965293476167407,0.28
14,octanol_dipole,210,0.5206226706504822,0.004463929682970047,0.6292706126175163,0.9364610966796669,0.8091179728507996,0.29960134625434875,0.3702814129795568,0.36
14,octanol_dipole,211,0.31177034974098206,0.014723528176546097,0.6099806149942348,0.9237627056966404,2.608569383621216,0.37208127975463867,0.1426380613415448,0.24
14,octanol_dipole,212,0.14492052793502808,0.014225564897060394,0.6112714948074498,0.9726713535198541,2.497605323791504,0.020212236791849136,0.008092646423881671,0.12
14,octanol_dipole,213,0.23678690195083618,0.015451708808541298,0.6139070137841791,0.9202092983736008,2.6759538650512695,0.30885282158851624,0.11541784244572498,0.08
14,octanol_dipole,214,0.3836729824542999,0.013217248022556305,0.612192990137354,0.9013436540715221,2.4102632999420166,0.6275088787078857,0.26034868419686,0.14
14,octanol_dipole,215,0.16468510031700134,0.015028140507638454,0.6121377324331361,0.9669873347738946,2.6868815422058105,0.005214707925915718,0.001940803062584841,0.14
14,octanol_dipole,216,0.15686938166618347,0.015844520181417465,0.6091663557676259,0.9515673981303359,2.8096330165863037,0.01288668718189001,0.004586608680142611,0.1
14,octanol_dipole,217,0.3135444223880768,0.0049703107215464115,0.6119911866573575,0.9393732265626105,0.8798514604568481,0.09411592036485672,0.10696796515628741,0.14
14,octanol_dipole,218,0.24014383554458618,0.0190888699144125,0.6125293466469781,0.9094216635972605,3.5041961669921875,0.3809046447277069,0.1086995780417895,0.12
14,octanol_dipole,219,0.3162536025047302,0.017721189185976982,0.6090863723091502,0.9066434416780855,3.2964401245117188,0.5698202252388,0.17285926748728797,0.1
14,octanol_dipole,220,0.226028174161911,0.019513461738824844,0.6122399363929454,0.9199674349507585,3.5119149684906006,0.19640378654003143,0.05592498346406279,0.04
14,octanol_dipole,221,0.37381303310394287,0.013896588236093521,0.6154441411537637,0.9170073166782005,2.425703287124634,0.45865747332572937,0.18908226565063946,0.2
14,octanol_dipole,222,0.23735997080802917,0.014377766288816929,0.6080479509520031,0.8950139379039623,2.546759843826294,0.36215105652809143,0.14220070942534954,0.1
14,octanol_dipole,223,0.08324228227138519,0.018393423408269882,0.6046078608401082,0.9566879234166958,3.1834733486175537,0.012153035961091518,0.0038175397216279705,0.06
14,octanol_dipole,224,0.4155157208442688,0.01569639891386032,0.6164869705123939,0.9214251211398472,2.8348946571350098,0.793337345123291,0.27984720459597273,0.28
14,octanol_dipole,225,0.21272212266921997,0.01586781069636345,0.6126869063317115,0.928368115772739,2.8794310092926025,0.15320074558258057,0.05320521488035853,0.12
14,octanol_dipole,226,0.3164918124675751,0.016161087900400162,0.605909265016886,0.9000857749411306,3.0518856048583984,0.7488723993301392,0.24538023251526342,0.06
14,octanol_dipole,227,0.1339876651763916,0.006706148386001587,0.6288860685610715,0.9665019095522724,1.1254982948303223,0.012823100201785564,0.011393264886037653,0.1
14,octanol_dipole,228,0.23369500041007996,0.017848573625087738,0.6163815255023763,0.9416924448883939,3.1329081058502197,0.18611803650856018,0.059407435590279084,0.16
14,octanol_dipole,229,0.242714986205101,0.010949132032692432,0.6087137157833047,0.9090919739611483,1.925034999847412,0.270011842250824,0.14026334184688927,0.12
14,octanol_dipole,230,0.13103149831295013,0.01322625670582056,0.6126816062986411,0.9550967759733879,2.3302016258239746,0.010702930390834808,0.004593134891084878,0.08
14,octanol_dipole,231,0.23112815618515015,0.017523745074868202,0.6114918926435489,0.9133624220982466,3.1346771717071533,0.20776474475860596,0.06627947101980416,0.1
14,octanol_dipole,232,0.13279636204242706,0.019105231389403343,0.6105036360147311,0.9734812697878363,3.4272263050079346,0.00503985770046711,0.0014705354277605668,0.14
14,octanol_dipole,233,0.10291973501443863,0.010605853982269764,0.6123786533982503,0.9519497858171164,1.8330038785934448,0.011908489279448986,0.006496707082031361,0.16
14,octanol_dipole,234,0.23691368103027344,0.010731657035648823,0.6124528945308316,0.932496653893315,1.8844908475875854,0.22589299082756042,0.11986950805133141,0.14
14,octanol_dipole,235,0.09652210772037506,0.012526784092187881,0.6122590855706811,0.9445048268622454,2.1835482120513916,0.007330616470426321,0.003357203852869995,0.2
14,octanol_dipole,236,0.20509105920791626,0.005461899098008871,0.6679921595980569,0.9568969436435091,1.0661489963531494,0.11310094594955444,0.10608362089766586,0.08
14,octanol_dipole,237,0.0896277129650116,0.017055604606866837,0.6112877262646885,0.9620740960959393,2.993497371673584,0.035124771296978,0.011733690374794176,0.12
14,octanol_dipole,238,0.051875319331884384,0.008655043318867683,0.6149266347912958,0.966783856815197,1.4405624866485596,0.006247836165130138,0.004337080982627562,0.04
14,octanol_dipole,239,0.12054497003555298,0.017998991534113884,0.6106314848586945,0.964639905834551,3.174929141998291,0.0045214248821139336,0.0014241026113950253,0.06
14,octanol_dipole,240,0.09269819408655167,0.016934195533394814,0.6047496621780744,0.9571477419571282,2.88209867477417,0.0064386846497654915,0.0022340264426477354,0.1
14,octanol_dipole,241,0.5669925212860107,0.006783060729503632,0.6479052218731991,0.9280293023587651,1.162956953048706,0.5863179564476013,0.5041613577446367,0.46
14,octanol_dipole,242,0.13095106184482574,0.01625988259911537,0.6142531663059594,0.9690501128205002,2.9532878398895264,0.009591376408934593,0.0032476944100692123,0.04
14,octanol_dipole,243,0.5524799823760986,0.0048308889381587505,0.6600249563044815,0.9165187086173614,0.866167426109314,0.5461438894271851,0.6305292406115713,0.3
14,octanol_dipole,244,0.24045047163963318,0.015165366232395172,0.6639194138023234,0.9600773243279475,3.0686936378479004,0.056261807680130005,0.018334123350151978,0.14
14,octanol_dipole,245,0.24278254806995392,0.02007758617401123,0.6092562803428243,0.9209391507173819,3.625211238861084,0.4990924596786499,0.13767265596237296,0.04
14,octanol_dipole,246,0.1405828446149826,0.013026399537920952,0.6128337864115636,0.9542669659934473,2.270019292831421,0.01239130087196827,0.0054586764575522435,0.08
14,octanol_dipole,247,0.1296827346086502,0.013555306941270828,0.6117534324404212,0.9690710230824304,2.3799889087677,0.009248419664800167,0.003885908724502742,0.14
14,octanol_dipole,248,0.39476877450942993,0.015514477156102657,0.6133489749965384,0.9264872797211983,2.8119890689849854,0.5942313075065613,0.21132063209657312,0.22
14,octanol_dipole,249,0.07326103001832962,0.014143554493784904,0.6069143802497499,0.9617333105278847,2.4677703380584717,0.015597126446664333,0.00632033143689353,0.14
14,hexane_gsolv_eV,0,0.9999999403953552,0.0,0.7149752513007916,0.7149752513007916,,,,1.0
14,hexane_gsolv_eV,1,0.9999999403953552,0.0,0.7149752513007916,0.7149752513007916,,,,1.0
14,hexane_gsolv_eV,2,0.9999999403953552,0.0,0.7149752513007916,0.7149752513007916,,,,1.0
14,hexane_gsolv_eV,3,0.9999999403953552,0.0,0.7149752513007916,0.7149752513007916,,,,1.0
14,hexane_gsolv_eV,4,0.9999999403953552,0.0,0.7149752513007916,0.7149752513007916,,,,1.0
14,hexane_gsolv_eV,5,0.9999999403953552,0.0,0.7149752513007916,0.7149752513007916,,,,1.0
14,hexane_gsolv_eV,6,0.9999999403953552,0.0,0.7149752513007916,0.7149752513007916,,,,1.0
14,hexane_gsolv_eV,7,0.9999999403953552,0.0,0.7149752513007916,0.7149752513007916,,,,1.0
14,hexane_gsolv_eV,8,0.9999999403953552,0.0,0.7149752513007916,0.7149752513007916,,,,1.0
14,hexane_gsolv_eV,9,0.9999999403953552,0.0,0.7149752513007916,0.7149752513007916,,,,1.0
14,hexane_gsolv_eV,10,0.9999999403953552,0.0,0.7149752513007916,0.7149752513007916,,,,1.0
14,hexane_gsolv_eV,11,0.9999999403953552,0.0,0.7149752513007916,0.7149752513007916,,,,1.0
14,hexane_gsolv_eV,12,0.9999999403953552,0.0,0.7149752513007916,0.7149752513007916,,,,1.0
14,hexane_gsolv_eV,13,0.9999999403953552,0.0,0.7149752513007916,0.7149752513007916,,,,1.0
14,hexane_gsolv_eV,14,0.9999999403953552,0.0,0.7149752513007916,0.7149752513007916,,,,1.0
14,hexane_gsolv_eV,15,0.9999999403953552,0.0,0.7149752513007916,0.7149752513007916,,,,1.0
14,hexane_gsolv_eV,16,0.9999999403953552,0.0,0.7149752513007916,0.7149752513007916,,,,1.0
14,hexane_gsolv_eV,17,0.9999999403953552,0.0,0.7149752513007916,0.7149752513007916,,,,1.0
14,hexane_gsolv_eV,18,0.9999999403953552,0.0,0.7149752513007916,0.7149752513007916,,,,1.0
14,hexane_gsolv_eV,19,0.9999999403953552,0.0,0.7149752513007916,0.7149752513007916,,,,1.0
14,hexane_gsolv_eV,20,0.9999999403953552,0.0,0.7149752513007916,0.7149752513007916,,,,1.0
14,hexane_gsolv_eV,21,0.9999999403953552,0.0,0.7149752513007916,0.7149752513007916,,,,1.0
14,hexane_gsolv_eV,22,0.9999999403953552,0.0,0.7149752513007916,0.7149752513007916,,,,1.0
14,hexane_gsolv_eV,23,0.9999999403953552,0.0,0.7149752513007916,0.7149752513007916,,,,1.0
14,hexane_gsolv_eV,24,0.9999999403953552,0.0,0.7149752513007916,0.7149752513007916,,,,1.0
14,hexane_gsolv_eV,25,0.9999999403953552,0.0,0.7149752513007916,0.7149752513007916,,,,1.0
14,hexane_gsolv_eV,26,0.9999999403953552,0.0,0.7149752513007916,0.7149752513007916,,,,1.0
14,hexane_gsolv_eV,27,0.9999999403953552,0.0,0.7149752513007916,0.7149752513007916,,,,1.0
14,hexane_gsolv_eV,28,0.9999999403953552,0.0,0.7149752513007916,0.7149752513007916,,,,1.0
14,hexane_gsolv_eV,29,0.9999999403953552,0.0,0.7149752513007916,0.7149752513007916,,,,1.0
14,hexane_gsolv_eV,30,0.9999999403953552,0.0,0.7149752513007916,0.7149752513007916,,,,1.0
14,hexane_gsolv_eV,31,0.9999999403953552,0.0,0.7149752513007916,0.7149752513007916,,,,1.0
14,hexane_gsolv_eV,32,0.9999999403953552,0.0,0.7149752513007916,0.7149752513007916,,,,1.0
14,hexane_gsolv_eV,33,0.9999999403953552,0.0,0.7149752513007916,0.7149752513007916,,,,1.0
14,hexane_gsolv_eV,34,0.9999999403953552,0.0,0.7149752513007916,0.7149752513007916,,,,1.0
14,hexane_gsolv_eV,35,0.9999999403953552,0.0,0.7149752513007916,0.7149752513007916,,,,1.0
14,hexane_gsolv_eV,36,0.9999999403953552,0.0,0.7149752513007916,0.7149752513007916,,,,1.0
14,hexane_gsolv_eV,37,0.9999999403953552,0.0,0.7149752513007916,0.7149752513007916,,,,1.0
14,hexane_gsolv_eV,38,0.9999999403953552,0.0,0.7149752513007916,0.7149752513007916,,,,1.0
14,hexane_gsolv_eV,39,0.9999999403953552,0.0,0.7149752513007916,0.7149752513007916,,,,1.0
14,hexane_gsolv_eV,40,0.9999999403953552,0.0,0.7149752513007916,0.7149752513007916,,,,1.0
14,hexane_gsolv_eV,41,0.9999999403953552,0.0,0.7149752513007916,0.7149752513007916,,,,1.0
14,hexane_gsolv_eV,42,0.9999999403953552,0.0,0.7149752513007916,0.7149752513007916,,,,1.0
14,hexane_gsolv_eV,43,0.9999999403953552,0.0,0.7149752513007916,0.7149752513007916,,,,1.0
14,hexane_gsolv_eV,44,0.9999999403953552,0.0,0.7149752513007916,0.7149752513007916,,,,1.0
14,hexane_gsolv_eV,45,0.9999999403953552,0.0,0.7149752513007916,0.7149752513007916,,,,1.0
14,hexane_gsolv_eV,46,0.9999999403953552,0.0,0.7149752513007916,0.7149752513007916,,,,1.0
14,hexane_gsolv_eV,47,0.9999999403953552,0.0,0.7149752513007916,0.7149752513007916,,,,1.0
14,hexane_gsolv_eV,48,0.9999999403953552,0.0,0.7149752513007916,0.7149752513007916,,,,1.0
14,hexane_gsolv_eV,49,0.9999999403953552,0.0,0.7149752513007916,0.7149752513007916,,,,1.0
14,hexane_gsolv_eV,50,0.9999999403953552,0.0,0.7149752513007916,0.7149752513007916,,,,1.0
14,hexane_gsolv_eV,51,0.9999999403953552,0.0,0.7149752513007916,0.7149752513007916,,,,1.0
14,hexane_gsolv_eV,52,0.9999999403953552,0.0,0.7149752513007916,0.7149752513007916,,,,1.0
14,hexane_gsolv_eV,53,0.9999999403953552,0.0,0.7149752513007916,0.7149752513007916,,,,1.0
14,hexane_gsolv_eV,54,0.9999999403953552,0.0,0.7149752513007916,0.7149752513007916,,,,1.0
14,hexane_gsolv_eV,55,0.9999999403953552,0.0,0.7149752513007916,0.7149752513007916,,,,1.0
14,hexane_gsolv_eV,56,0.9999999403953552,0.0,0.7149752513007916,0.7149752513007916,,,,1.0
14,hexane_gsolv_eV,57,0.9999999403953552,0.0,0.7149752513007916,0.7149752513007916,,,,1.0
14,hexane_gsolv_eV,58,0.9999999403953552,0.0,0.7149752513007916,0.7149752513007916,,,,1.0
14,hexane_gsolv_eV,59,0.9999999403953552,0.0,0.7149752513007916,0.7149752513007916,,,,1.0
14,hexane_gsolv_eV,60,0.9999999403953552,0.0,0.7149752513007916,0.7149752513007916,,,,1.0
14,hexane_gsolv_eV,61,0.9999999403953552,0.0,0.7149752513007916,0.7149752513007916,,,,1.0
14,hexane_gsolv_eV,62,0.9999999403953552,0.0,0.7149752513007916,0.7149752513007916,,,,1.0
14,hexane_gsolv_eV,63,0.9999999403953552,0.0,0.7149752513007916,0.7149752513007916,,,,1.0
14,hexane_gsolv_eV,64,0.9999999403953552,0.0,0.7149752513007916,0.7149752513007916,,,,1.0
14,hexane_gsolv_eV,65,0.9999999403953552,0.0,0.7149752513007916,0.7149752513007916,,,,1.0
14,hexane_gsolv_eV,66,0.9999999403953552,0.0,0.7149752513007916,0.7149752513007916,,,,1.0
14,hexane_gsolv_eV,67,0.9999999403953552,0.0,0.7149752513007916,0.7149752513007916,,,,1.0
14,hexane_gsolv_eV,68,0.9999999403953552,0.0,0.7149752513007916,0.7149752513007916,,,,1.0
14,hexane_gsolv_eV,69,0.9999999403953552,0.0,0.7149752513007916,0.7149752513007916,,,,1.0
14,hexane_gsolv_eV,70,0.9999999403953552,0.0,0.7149752513007916,0.7149752513007916,,,,1.0
14,hexane_gsolv_eV,71,0.9999999403953552,0.0,0.7149752513007916,0.7149752513007916,,,,1.0
14,hexane_gsolv_eV,72,0.9999999403953552,0.0,0.7149752513007916,0.7149752513007916,,,,1.0
14,hexane_gsolv_eV,73,0.9999999403953552,0.0,0.7149752513007916,0.7149752513007916,,,,1.0
14,hexane_gsolv_eV,74,0.9999999403953552,0.0,0.7149752513007916,0.7149752513007916,,,,1.0
14,hexane_gsolv_eV,75,0.9999999403953552,0.0,0.7149752513007916,0.7149752513007916,,,,1.0
14,hexane_gsolv_eV,76,0.9999999403953552,0.0,0.7149752513007916,0.7149752513007916,,,,1.0
14,hexane_gsolv_eV,77,0.9999999403953552,0.0,0.7149752513007916,0.7149752513007916,,,,1.0
14,hexane_gsolv_eV,78,0.9999999403953552,0.0,0.7149752513007916,0.7149752513007916,,,,1.0
14,hexane_gsolv_eV,79,0.9999999403953552,0.0,0.7149752513007916,0.7149752513007916,,,,1.0
14,hexane_gsolv_eV,80,0.9999999403953552,0.0,0.7149752513007916,0.7149752513007916,,,,1.0
14,hexane_gsolv_eV,81,0.9999999403953552,0.0,0.7149752513007916,0.7149752513007916,,,,1.0
14,hexane_gsolv_eV,82,0.9999999403953552,0.0,0.7149752513007916,0.7149752513007916,,,,1.0
14,hexane_gsolv_eV,83,0.9999999403953552,0.0,0.7149752513007916,0.7149752513007916,,,,1.0
14,hexane_gsolv_eV,84,0.9999999403953552,0.0,0.7149752513007916,0.7149752513007916,,,,1.0
14,hexane_gsolv_eV,85,0.9999999403953552,0.0,0.7149752513007916,0.7149752513007916,,,,1.0
14,hexane_gsolv_eV,86,0.9999999403953552,0.0,0.7149752513007916,0.7149752513007916,,,,1.0
14,hexane_gsolv_eV,87,0.9999999403953552,0.0,0.7149752513007916,0.7149752513007916,,,,1.0
14,hexane_gsolv_eV,88,0.9999999403953552,0.0,0.7149752513007916,0.7149752513007916,,,,1.0
14,hexane_gsolv_eV,89,0.9999999403953552,0.0,0.7149752513007916,0.7149752513007916,,,,1.0
14,hexane_gsolv_eV,90,0.9999999403953552,0.0,0.7149752513007916,0.7149752513007916,,,,1.0
14,hexane_gsolv_eV,91,0.9999999403953552,0.0,0.7149752513007916,0.7149752513007916,,,,1.0
14,hexane_gsolv_eV,92,0.9999999403953552,0.0,0.7149752513007916,0.7149752513007916,,,,1.0
14,hexane_gsolv_eV,93,0.9999999403953552,0.0,0.7149752513007916,0.7149752513007916,,,,1.0
14,hexane_gsolv_eV,94,0.9999999403953552,0.0,0.7149752513007916,0.7149752513007916,,,,1.0
14,hexane_gsolv_eV,95,0.9999999403953552,0.0,0.7149752513007916,0.7149752513007916,,,,1.0
14,hexane_gsolv_eV,96,0.9999999403953552,0.0,0.7149752513007916,0.7149752513007916,,,,1.0
14,hexane_gsolv_eV,97,0.9999999403953552,0.0,0.7149752513007916,0.7149752513007916,,,,1.0
14,hexane_gsolv_eV,98,0.9999999403953552,0.0,0.7149752513007916,0.7149752513007916,,,,1.0
14,hexane_gsolv_eV,99,0.9999999403953552,0.0,0.7149752513007916,0.7149752513007916,,,,1.0
14,hexane_gsolv_eV,100,0.9999999403953552,0.0,0.7149752513007916,0.7149752513007916,,,,1.0
14,hexane_gsolv_eV,101,0.9999999403953552,0.0,0.7149752513007916,0.7149752513007916,,,,1.0
14,hexane_gsolv_eV,102,0.9999999403953552,0.0,0.7149752513007916,0.7149752513007916,,,,1.0
14,hexane_gsolv_eV,103,0.9999999403953552,0.0,0.7149752513007916,0.7149752513007916,,,,1.0
14,hexane_gsolv_eV,104,0.9999999403953552,0.0,0.7149752513007916,0.7149752513007916,,,,1.0
14,hexane_gsolv_eV,105,0.9999999403953552,0.0,0.7149752513007916,0.7149752513007916,,,,1.0
14,hexane_gsolv_eV,106,0.9999999403953552,0.0,0.7149752513007916,0.7149752513007916,,,,1.0
14,hexane_gsolv_eV,107,0.9999999403953552,0.0,0.7149752513007916,0.7149752513007916,,,,1.0
14,hexane_gsolv_eV,108,0.9999999403953552,0.0,0.7149752513007916,0.7149752513007916,,,,1.0
14,hexane_gsolv_eV,109,0.9999999403953552,0.0,0.7149752513007916,0.7149752513007916,,,,1.0
14,hexane_gsolv_eV,110,0.9999999403953552,0.0,0.7149752513007916,0.7149752513007916,,,,1.0
14,hexane_gsolv_eV,111,0.9999999403953552,0.0,0.7149752513007916,0.7149752513007916,,,,1.0
14,hexane_gsolv_eV,112,0.9999999403953552,0.0,0.7149752513007916,0.7149752513007916,,,,1.0
14,hexane_gsolv_eV,113,0.9999999403953552,0.0,0.7149752513007916,0.7149752513007916,,,,1.0
14,hexane_gsolv_eV,114,0.9999999403953552,0.0,0.7149752513007916,0.7149752513007916,,,,1.0
14,hexane_gsolv_eV,115,0.9999999403953552,0.0,0.7149752513007916,0.7149752513007916,,,,1.0
14,hexane_gsolv_eV,116,0.9999999403953552,0.0,0.7149752513007916,0.7149752513007916,,,,1.0
14,hexane_gsolv_eV,117,0.9999999403953552,0.0,0.7149752513007916,0.7149752513007916,,,,1.0
14,hexane_gsolv_eV,118,0.9999999403953552,0.0,0.7149752513007916,0.7149752513007916,,,,1.0
14,hexane_gsolv_eV,119,0.9999999403953552,0.0,0.7149752513007916,0.7149752513007916,,,,1.0
14,hexane_gsolv_eV,120,0.9999999403953552,0.0,0.7149752513007916,0.7149752513007916,,,,1.0
14,hexane_gsolv_eV,121,0.9999999403953552,0.0,0.7149752513007916,0.7149752513007916,,,,1.0
14,hexane_gsolv_eV,122,0.9999999403953552,0.0,0.7149752513007916,0.7149752513007916,,,,1.0
14,hexane_gsolv_eV,123,0.9999999403953552,0.0,0.7149752513007916,0.7149752513007916,,,,1.0
14,hexane_gsolv_eV,124,0.9999999403953552,0.0,0.7149752513007916,0.7149752513007916,,,,1.0
14,hexane_gsolv_eV,125,0.9999999403953552,0.0,0.7149752513007916,0.7149752513007916,,,,1.0
14,hexane_gsolv_eV,126,0.9999999403953552,0.0,0.7149752513007916,0.7149752513007916,,,,1.0
14,hexane_gsolv_eV,127,0.9999999403953552,0.0,0.7149752513007916,0.7149752513007916,,,,1.0
14,hexane_gsolv_eV,128,0.9999999403953552,0.0,0.7149752513007916,0.7149752513007916,,,,1.0
14,hexane_gsolv_eV,129,0.9999999403953552,0.0,0.7149752513007916,0.7149752513007916,,,,1.0
14,hexane_gsolv_eV,130,0.9999999403953552,0.0,0.7149752513007916,0.7149752513007916,,,,1.0
14,hexane_gsolv_eV,131,0.9999999403953552,0.0,0.7149752513007916,0.7149752513007916,,,,1.0
14,hexane_gsolv_eV,132,0.9999999403953552,0.0,0.7149752513007916,0.7149752513007916,,,,1.0
14,hexane_gsolv_eV,133,0.9999999403953552,0.0,0.7149752513007916,0.7149752513007916,,,,1.0
14,hexane_gsolv_eV,134,0.9999999403953552,0.0,0.7149752513007916,0.7149752513007916,,,,1.0
14,hexane_gsolv_eV,135,0.9999999403953552,0.0,0.7149752513007916,0.7149752513007916,,,,1.0
14,hexane_gsolv_eV,136,0.9999999403953552,0.0,0.7149752513007916,0.7149752513007916,,,,1.0
14,hexane_gsolv_eV,137,0.9999999403953552,0.0,0.7149752513007916,0.7149752513007916,,,,1.0
14,hexane_gsolv_eV,138,0.9999999403953552,0.0,0.7149752513007916,0.7149752513007916,,,,1.0
14,hexane_gsolv_eV,139,0.9999999403953552,0.0,0.7149752513007916,0.7149752513007916,,,,1.0
14,hexane_gsolv_eV,140,0.9999999403953552,0.0,0.7149752513007916,0.7149752513007916,,,,1.0
14,hexane_gsolv_eV,141,0.9999999403953552,0.0,0.7149752513007916,0.7149752513007916,,,,1.0
14,hexane_gsolv_eV,142,0.9999999403953552,0.0,0.7149752513007916,0.7149752513007916,,,,1.0
14,hexane_gsolv_eV,143,0.9999999403953552,0.0,0.7149752513007916,0.7149752513007916,,,,1.0
14,hexane_gsolv_eV,144,0.9999999403953552,0.0,0.7149752513007916,0.7149752513007916,,,,1.0
14,hexane_gsolv_eV,145,0.9999999403953552,0.0,0.7149752513007916,0.7149752513007916,,,,1.0
14,hexane_gsolv_eV,146,0.9999999403953552,0.0,0.7149752513007916,0.7149752513007916,,,,1.0
14,hexane_gsolv_eV,147,0.9999999403953552,0.0,0.7149752513007916,0.7149752513007916,,,,1.0
14,hexane_gsolv_eV,148,0.9999999403953552,0.0,0.7149752513007916,0.7149752513007916,,,,1.0
14,hexane_gsolv_eV,149,0.9999999403953552,0.0,0.7149752513007916,0.7149752513007916,,,,1.0
14,hexane_gsolv_eV,150,0.9999999403953552,0.0,0.7149752513007916,0.7149752513007916,,,,1.0
14,hexane_gsolv_eV,151,0.9999999403953552,0.0,0.7149752513007916,0.7149752513007916,,,,1.0
14,hexane_gsolv_eV,152,0.9999999403953552,0.0,0.7149752513007916,0.7149752513007916,,,,1.0
14,hexane_gsolv_eV,153,0.9999999403953552,0.0,0.7149752513007916,0.7149752513007916,,,,1.0
14,hexane_gsolv_eV,154,0.9999999403953552,0.0,0.7149752513007916,0.7149752513007916,,,,1.0
14,hexane_gsolv_eV,155,0.9999999403953552,0.0,0.7149752513007916,0.7149752513007916,,,,1.0
14,hexane_gsolv_eV,156,0.9999999403953552,0.0,0.7149752513007916,0.7149752513007916,,,,1.0
14,hexane_gsolv_eV,157,0.9999999403953552,0.0,0.7149752513007916,0.7149752513007916,,,,1.0
14,hexane_gsolv_eV,158,0.9999999403953552,0.0,0.7149752513007916,0.7149752513007916,,,,1.0
14,hexane_gsolv_eV,159,0.9999999403953552,0.0,0.7149752513007916,0.7149752513007916,,,,1.0
14,hexane_gsolv_eV,160,0.9999999403953552,0.0,0.7149752513007916,0.7149752513007916,,,,1.0
14,hexane_gsolv_eV,161,0.9999999403953552,0.0,0.7149752513007916,0.7149752513007916,,,,1.0
14,hexane_gsolv_eV,162,0.9999999403953552,0.0,0.7149752513007916,0.7149752513007916,,,,1.0
14,hexane_gsolv_eV,163,0.9999999403953552,0.0,0.7149752513007916,0.7149752513007916,,,,1.0
14,hexane_gsolv_eV,164,0.9999999403953552,0.0,0.7149752513007916,0.7149752513007916,,,,1.0
14,hexane_gsolv_eV,165,0.9999999403953552,0.0,0.7149752513007916,0.7149752513007916,,,,1.0
14,hexane_gsolv_eV,166,0.9999999403953552,0.0,0.7149752513007916,0.7149752513007916,,,,1.0
14,hexane_gsolv_eV,167,0.9999999403953552,0.0,0.7149752513007916,0.7149752513007916,,,,1.0
14,hexane_gsolv_eV,168,0.9999999403953552,0.0,0.7149752513007916,0.7149752513007916,,,,1.0
14,hexane_gsolv_eV,169,0.9999999403953552,0.0,0.7149752513007916,0.7149752513007916,,,,1.0
14,hexane_gsolv_eV,170,0.9999999403953552,0.0,0.7149752513007916,0.7149752513007916,,,,1.0
14,hexane_gsolv_eV,171,0.9999999403953552,0.0,0.7149752513007916,0.7149752513007916,,,,1.0
14,hexane_gsolv_eV,172,0.9999999403953552,0.0,0.7149752513007916,0.7149752513007916,,,,1.0
14,hexane_gsolv_eV,173,0.9999999403953552,0.0,0.7149752513007916,0.7149752513007916,,,,1.0
14,hexane_gsolv_eV,174,0.9999999403953552,0.0,0.7149752513007916,0.7149752513007916,,,,1.0
14,hexane_gsolv_eV,175,0.9999999403953552,0.0,0.7149752513007916,0.7149752513007916,,,,1.0
14,hexane_gsolv_eV,176,0.9999999403953552,0.0,0.7149752513007916,0.7149752513007916,,,,1.0
14,hexane_gsolv_eV,177,0.9999999403953552,0.0,0.7149752513007916,0.7149752513007916,,,,1.0
14,hexane_gsolv_eV,178,0.9999999403953552,0.0,0.7149752513007916,0.7149752513007916,,,,1.0
14,hexane_gsolv_eV,179,0.9999999403953552,0.0,0.7149752513007916,0.7149752513007916,,,,1.0
14,hexane_gsolv_eV,180,0.9999999403953552,0.0,0.7149752513007916,0.7149752513007916,,,,1.0
14,hexane_gsolv_eV,181,0.9999999403953552,0.0,0.7149752513007916,0.7149752513007916,,,,1.0
14,hexane_gsolv_eV,182,0.9999999403953552,0.0,0.7149752513007916,0.7149752513007916,,,,1.0
14,hexane_gsolv_eV,183,0.9999999403953552,0.0,0.7149752513007916,0.7149752513007916,,,,1.0
14,hexane_gsolv_eV,184,0.9999999403953552,0.0,0.7149752513007916,0.7149752513007916,,,,1.0
14,hexane_gsolv_eV,185,0.9999999403953552,0.0,0.7149752513007916,0.7149752513007916,,,,1.0
14,hexane_gsolv_eV,186,0.9999999403953552,0.0,0.7149752513007916,0.7149752513007916,,,,1.0
14,hexane_gsolv_eV,187,0.9999999403953552,0.0,0.7149752513007916,0.7149752513007916,,,,1.0
14,hexane_gsolv_eV,188,0.9999999403953552,0.0,0.7149752513007916,0.7149752513007916,,,,1.0
14,hexane_gsolv_eV,189,0.9999999403953552,0.0,0.7149752513007916,0.7149752513007916,,,,1.0
14,hexane_gsolv_eV,190,0.9999999403953552,0.0,0.7149752513007916,0.7149752513007916,,,,1.0
14,hexane_gsolv_eV,191,0.9999999403953552,0.0,0.7149752513007916,0.7149752513007916,,,,1.0
14,hexane_gsolv_eV,192,0.9999999403953552,0.0,0.7149752513007916,0.7149752513007916,,,,1.0
14,hexane_gsolv_eV,193,0.9999999403953552,0.0,0.7149752513007916,0.7149752513007916,,,,1.0
14,hexane_gsolv_eV,194,0.9999999403953552,0.0,0.7149752513007916,0.7149752513007916,,,,1.0
14,hexane_gsolv_eV,195,0.9999999403953552,0.0,0.7149752513007916,0.7149752513007916,,,,1.0
14,hexane_gsolv_eV,196,0.9999999403953552,0.0,0.7149752513007916,0.7149752513007916,,,,1.0
14,hexane_gsolv_eV,197,0.9999999403953552,0.0,0.7149752513007916,0.7149752513007916,,,,1.0
14,hexane_gsolv_eV,198,0.9999999403953552,0.0,0.7149752513007916,0.7149752513007916,,,,1.0
14,hexane_gsolv_eV,199,0.9999999403953552,0.0,0.7149752513007916,0.7149752513007916,,,,1.0
14,hexane_gsolv_eV,200,0.9999999403953552,0.0,0.7149752513007916,0.7149752513007916,,,,1.0
14,hexane_gsolv_eV,201,0.9999999403953552,0.0,0.7149752513007916,0.7149752513007916,,,,1.0
14,hexane_gsolv_eV,202,0.9999999403953552,0.0,0.7149752513007916,0.7149752513007916,,,,1.0
14,hexane_gsolv_eV,203,0.9999999403953552,0.0,0.7149752513007916,0.7149752513007916,,,,1.0
14,hexane_gsolv_eV,204,0.9999999403953552,0.0,0.7149752513007916,0.7149752513007916,,,,1.0
14,hexane_gsolv_eV,205,0.9999999403953552,0.0,0.7149752513007916,0.7149752513007916,,,,1.0
14,hexane_gsolv_eV,206,0.9999999403953552,0.0,0.7149752513007916,0.7149752513007916,,,,1.0
14,hexane_gsolv_eV,207,0.9999999403953552,0.0,0.7149752513007916,0.7149752513007916,,,,1.0
14,hexane_gsolv_eV,208,0.9999999403953552,0.0,0.7149752513007916,0.7149752513007916,,,,1.0
14,hexane_gsolv_eV,209,0.9999999403953552,0.0,0.7149752513007916,0.7149752513007916,,,,1.0
14,hexane_gsolv_eV,210,0.9999999403953552,0.0,0.7149752513007916,0.7149752513007916,,,,1.0
14,hexane_gsolv_eV,211,0.9999999403953552,0.0,0.7149752513007916,0.7149752513007916,,,,1.0
14,hexane_gsolv_eV,212,0.9999999403953552,0.0,0.7149752513007916,0.7149752513007916,,,,1.0
14,hexane_gsolv_eV,213,0.9999999403953552,0.0,0.7149752513007916,0.7149752513007916,,,,1.0
14,hexane_gsolv_eV,214,0.9999999403953552,0.0,0.7149752513007916,0.7149752513007916,,,,1.0
14,hexane_gsolv_eV,215,0.9999999403953552,0.0,0.7149752513007916,0.7149752513007916,,,,1.0
14,hexane_gsolv_eV,216,0.9999999403953552,0.0,0.7149752513007916,0.7149752513007916,,,,1.0
14,hexane_gsolv_eV,217,0.9999999403953552,0.0,0.7149752513007916,0.7149752513007916,,,,1.0
14,hexane_gsolv_eV,218,0.9999999403953552,0.0,0.7149752513007916,0.7149752513007916,,,,1.0
14,hexane_gsolv_eV,219,0.9999999403953552,0.0,0.7149752513007916,0.7149752513007916,,,,1.0
14,hexane_gsolv_eV,220,0.9999999403953552,0.0,0.7149752513007916,0.7149752513007916,,,,1.0
14,hexane_gsolv_eV,221,0.9999999403953552,0.0,0.7149752513007916,0.7149752513007916,,,,1.0
14,hexane_gsolv_eV,222,0.9999999403953552,0.0,0.7149752513007916,0.7149752513007916,,,,1.0
14,hexane_gsolv_eV,223,0.9999999403953552,0.0,0.7149752513007916,0.7149752513007916,,,,1.0
14,hexane_gsolv_eV,224,0.9999999403953552,0.0,0.7149752513007916,0.7149752513007916,,,,1.0
14,hexane_gsolv_eV,225,0.9999999403953552,0.0,0.7149752513007916,0.7149752513007916,,,,1.0
14,hexane_gsolv_eV,226,0.9999999403953552,0.0,0.7149752513007916,0.7149752513007916,,,,1.0
14,hexane_gsolv_eV,227,0.9999999403953552,0.0,0.7149752513007916,0.7149752513007916,,,,1.0
14,hexane_gsolv_eV,228,0.9999999403953552,0.0,0.7149752513007916,0.7149752513007916,,,,1.0
14,hexane_gsolv_eV,229,0.9999999403953552,0.0,0.7149752513007916,0.7149752513007916,,,,1.0
14,hexane_gsolv_eV,230,0.9999999403953552,0.0,0.7149752513007916,0.7149752513007916,,,,1.0
14,hexane_gsolv_eV,231,0.9999999403953552,0.0,0.7149752513007916,0.7149752513007916,,,,1.0
14,hexane_gsolv_eV,232,0.9999999403953552,0.0,0.7149752513007916,0.7149752513007916,,,,1.0
14,hexane_gsolv_eV,233,0.9999999403953552,0.0,0.7149752513007916,0.7149752513007916,,,,1.0
14,hexane_gsolv_eV,234,0.9999999403953552,0.0,0.7149752513007916,0.7149752513007916,,,,1.0
14,hexane_gsolv_eV,235,0.9999999403953552,0.0,0.7149752513007916,0.7149752513007916,,,,1.0
14,hexane_gsolv_eV,236,0.9999999403953552,0.0,0.7149752513007916,0.7149752513007916,,,,1.0
14,hexane_gsolv_eV,237,0.9999999403953552,0.0,0.7149752513007916,0.7149752513007916,,,,1.0
14,hexane_gsolv_eV,238,0.9999999403953552,0.0,0.7149752513007916,0.7149752513007916,,,,1.0
14,hexane_gsolv_eV,239,0.9999999403953552,0.0,0.7149752513007916,0.7149752513007916,,,,1.0
14,hexane_gsolv_eV,240,0.9999999403953552,0.0,0.7149752513007916,0.7149752513007916,,,,1.0
14,hexane_gsolv_eV,241,0.9999999403953552,0.0,0.7149752513007916,0.7149752513007916,,,,1.0
14,hexane_gsolv_eV,242,0.9999999403953552,0.0,0.7149752513007916,0.7149752513007916,,,,1.0
14,hexane_gsolv_eV,243,0.9999999403953552,0.0,0.7149752513007916,0.7149752513007916,,,,1.0
14,hexane_gsolv_eV,244,0.9999999403953552,0.0,0.7149752513007916,0.7149752513007916,,,,1.0
14,hexane_gsolv_eV,245,0.9999999403953552,0.0,0.7149752513007916,0.7149752513007916,,,,1.0
14,hexane_gsolv_eV,246,0.9999999403953552,0.0,0.7149752513007916,0.7149752513007916,,,,1.0
14,hexane_gsolv_eV,247,0.9999999403953552,0.0,0.7149752513007916,0.7149752513007916,,,,1.0
14,hexane_gsolv_eV,248,0.9999999403953552,0.0,0.7149752513007916,0.7149752513007916,,,,1.0
14,hexane_gsolv_eV,249,0.9999999403953552,0.0,0.7149752513007916,0.7149752513007916,,,,1.0
14,hexane_hl_gap_eV,0,1.0000001192092896,0.0,0.7026446693866213,0.7026446693866213,,,,1.0
14,hexane_hl_gap_eV,1,1.0000001192092896,0.0,0.7026446693866213,0.7026446693866213,,,,1.0
14,hexane_hl_gap_eV,2,1.0000001192092896,0.0,0.7026446693866213,0.7026446693866213,,,,1.0
14,hexane_hl_gap_eV,3,1.0000001192092896,0.0,0.7026446693866213,0.7026446693866213,,,,1.0
14,hexane_hl_gap_eV,4,1.0000001192092896,0.0,0.7026446693866213,0.7026446693866213,,,,1.0
14,hexane_hl_gap_eV,5,1.0000001192092896,0.0,0.7026446693866213,0.7026446693866213,,,,1.0
14,hexane_hl_gap_eV,6,1.0000001192092896,0.0,0.7026446693866213,0.7026446693866213,,,,1.0
14,hexane_hl_gap_eV,7,1.0000001192092896,0.0,0.7026446693866213,0.7026446693866213,,,,1.0
14,hexane_hl_gap_eV,8,1.0000001192092896,0.0,0.7026446693866213,0.7026446693866213,,,,1.0
14,hexane_hl_gap_eV,9,1.0000001192092896,0.0,0.7026446693866213,0.7026446693866213,,,,1.0
14,hexane_hl_gap_eV,10,1.0000001192092896,0.0,0.7026446693866213,0.7026446693866213,,,,1.0
14,hexane_hl_gap_eV,11,1.0000001192092896,0.0,0.7026446693866213,0.7026446693866213,,,,1.0
14,hexane_hl_gap_eV,12,1.0000001192092896,0.0,0.7026446693866213,0.7026446693866213,,,,1.0
14,hexane_hl_gap_eV,13,1.0000001192092896,0.0,0.7026446693866213,0.7026446693866213,,,,1.0
14,hexane_hl_gap_eV,14,1.0000001192092896,0.0,0.7026446693866213,0.7026446693866213,,,,1.0
14,hexane_hl_gap_eV,15,1.0000001192092896,0.0,0.7026446693866213,0.7026446693866213,,,,1.0
14,hexane_hl_gap_eV,16,1.0000001192092896,0.0,0.7026446693866213,0.7026446693866213,,,,1.0
14,hexane_hl_gap_eV,17,1.0000001192092896,0.0,0.7026446693866213,0.7026446693866213,,,,1.0
14,hexane_hl_gap_eV,18,1.0000001192092896,0.0,0.7026446693866213,0.7026446693866213,,,,1.0
14,hexane_hl_gap_eV,19,1.0000001192092896,0.0,0.7026446693866213,0.7026446693866213,,,,1.0
14,hexane_hl_gap_eV,20,1.0000001192092896,0.0,0.7026446693866213,0.7026446693866213,,,,1.0
14,hexane_hl_gap_eV,21,1.0000001192092896,0.0,0.7026446693866213,0.7026446693866213,,,,1.0
14,hexane_hl_gap_eV,22,1.0000001192092896,0.0,0.7026446693866213,0.7026446693866213,,,,1.0
14,hexane_hl_gap_eV,23,1.0000001192092896,0.0,0.7026446693866213,0.7026446693866213,,,,1.0
14,hexane_hl_gap_eV,24,1.0000001192092896,0.0,0.7026446693866213,0.7026446693866213,,,,1.0
14,hexane_hl_gap_eV,25,1.0000001192092896,0.0,0.7026446693866213,0.7026446693866213,,,,1.0
14,hexane_hl_gap_eV,26,1.0000001192092896,0.0,0.7026446693866213,0.7026446693866213,,,,1.0
14,hexane_hl_gap_eV,27,1.0000001192092896,0.0,0.7026446693866213,0.7026446693866213,,,,1.0
14,hexane_hl_gap_eV,28,1.0000001192092896,0.0,0.7026446693866213,0.7026446693866213,,,,1.0
14,hexane_hl_gap_eV,29,1.0000001192092896,0.0,0.7026446693866213,0.7026446693866213,,,,1.0
14,hexane_hl_gap_eV,30,1.0000001192092896,0.0,0.7026446693866213,0.7026446693866213,,,,1.0
14,hexane_hl_gap_eV,31,1.0000001192092896,0.0,0.7026446693866213,0.7026446693866213,,,,1.0
14,hexane_hl_gap_eV,32,1.0000001192092896,0.0,0.7026446693866213,0.7026446693866213,,,,1.0
14,hexane_hl_gap_eV,33,1.0000001192092896,0.0,0.7026446693866213,0.7026446693866213,,,,1.0
14,hexane_hl_gap_eV,34,1.0000001192092896,0.0,0.7026446693866213,0.7026446693866213,,,,1.0
14,hexane_hl_gap_eV,35,1.0000001192092896,0.0,0.7026446693866213,0.7026446693866213,,,,1.0
14,hexane_hl_gap_eV,36,1.0000001192092896,0.0,0.7026446693866213,0.7026446693866213,,,,1.0
14,hexane_hl_gap_eV,37,1.0000001192092896,0.0,0.7026446693866213,0.7026446693866213,,,,1.0
14,hexane_hl_gap_eV,38,1.0000001192092896,0.0,0.7026446693866213,0.7026446693866213,,,,1.0
14,hexane_hl_gap_eV,39,1.0000001192092896,0.0,0.7026446693866213,0.7026446693866213,,,,1.0
14,hexane_hl_gap_eV,40,1.0000001192092896,0.0,0.7026446693866213,0.7026446693866213,,,,1.0
14,hexane_hl_gap_eV,41,1.0000001192092896,0.0,0.7026446693866213,0.7026446693866213,,,,1.0
14,hexane_hl_gap_eV,42,1.0000001192092896,0.0,0.7026446693866213,0.7026446693866213,,,,1.0
14,hexane_hl_gap_eV,43,1.0000001192092896,0.0,0.7026446693866213,0.7026446693866213,,,,1.0
14,hexane_hl_gap_eV,44,1.0000001192092896,0.0,0.7026446693866213,0.7026446693866213,,,,1.0
14,hexane_hl_gap_eV,45,1.0000001192092896,0.0,0.7026446693866213,0.7026446693866213,,,,1.0
14,hexane_hl_gap_eV,46,1.0000001192092896,0.0,0.7026446693866213,0.7026446693866213,,,,1.0
14,hexane_hl_gap_eV,47,1.0000001192092896,0.0,0.7026446693866213,0.7026446693866213,,,,1.0
14,hexane_hl_gap_eV,48,1.0000001192092896,0.0,0.7026446693866213,0.7026446693866213,,,,1.0
14,hexane_hl_gap_eV,49,1.0000001192092896,0.0,0.7026446693866213,0.7026446693866213,,,,1.0
14,hexane_hl_gap_eV,50,1.0000001192092896,0.0,0.7026446693866213,0.7026446693866213,,,,1.0
14,hexane_hl_gap_eV,51,1.0000001192092896,0.0,0.7026446693866213,0.7026446693866213,,,,1.0
14,hexane_hl_gap_eV,52,1.0000001192092896,0.0,0.7026446693866213,0.7026446693866213,,,,1.0
14,hexane_hl_gap_eV,53,1.0000001192092896,0.0,0.7026446693866213,0.7026446693866213,,,,1.0
14,hexane_hl_gap_eV,54,1.0000001192092896,0.0,0.7026446693866213,0.7026446693866213,,,,1.0
14,hexane_hl_gap_eV,55,1.0000001192092896,0.0,0.7026446693866213,0.7026446693866213,,,,1.0
14,hexane_hl_gap_eV,56,1.0000001192092896,0.0,0.7026446693866213,0.7026446693866213,,,,1.0
14,hexane_hl_gap_eV,57,1.0000001192092896,0.0,0.7026446693866213,0.7026446693866213,,,,1.0
14,hexane_hl_gap_eV,58,1.0000001192092896,0.0,0.7026446693866213,0.7026446693866213,,,,1.0
14,hexane_hl_gap_eV,59,1.0000001192092896,0.0,0.7026446693866213,0.7026446693866213,,,,1.0
14,hexane_hl_gap_eV,60,1.0000001192092896,0.0,0.7026446693866213,0.7026446693866213,,,,1.0
14,hexane_hl_gap_eV,61,1.0000001192092896,0.0,0.7026446693866213,0.7026446693866213,,,,1.0
14,hexane_hl_gap_eV,62,1.0000001192092896,0.0,0.7026446693866213,0.7026446693866213,,,,1.0
14,hexane_hl_gap_eV,63,1.0000001192092896,0.0,0.7026446693866213,0.7026446693866213,,,,1.0
14,hexane_hl_gap_eV,64,1.0000001192092896,0.0,0.7026446693866213,0.7026446693866213,,,,1.0
14,hexane_hl_gap_eV,65,1.0000001192092896,0.0,0.7026446693866213,0.7026446693866213,,,,1.0
14,hexane_hl_gap_eV,66,1.0000001192092896,0.0,0.7026446693866213,0.7026446693866213,,,,1.0
14,hexane_hl_gap_eV,67,1.0000001192092896,0.0,0.7026446693866213,0.7026446693866213,,,,1.0
14,hexane_hl_gap_eV,68,1.0000001192092896,0.0,0.7026446693866213,0.7026446693866213,,,,1.0
14,hexane_hl_gap_eV,69,1.0000001192092896,0.0,0.7026446693866213,0.7026446693866213,,,,1.0
14,hexane_hl_gap_eV,70,1.0000001192092896,0.0,0.7026446693866213,0.7026446693866213,,,,1.0
14,hexane_hl_gap_eV,71,1.0000001192092896,0.0,0.7026446693866213,0.7026446693866213,,,,1.0
14,hexane_hl_gap_eV,72,1.0000001192092896,0.0,0.7026446693866213,0.7026446693866213,,,,1.0
14,hexane_hl_gap_eV,73,1.0000001192092896,0.0,0.7026446693866213,0.7026446693866213,,,,1.0
14,hexane_hl_gap_eV,74,1.0000001192092896,0.0,0.7026446693866213,0.7026446693866213,,,,1.0
14,hexane_hl_gap_eV,75,1.0000001192092896,0.0,0.7026446693866213,0.7026446693866213,,,,1.0
14,hexane_hl_gap_eV,76,1.0000001192092896,0.0,0.7026446693866213,0.7026446693866213,,,,1.0
14,hexane_hl_gap_eV,77,1.0000001192092896,0.0,0.7026446693866213,0.7026446693866213,,,,1.0
14,hexane_hl_gap_eV,78,1.0000001192092896,0.0,0.7026446693866213,0.7026446693866213,,,,1.0
14,hexane_hl_gap_eV,79,1.0000001192092896,0.0,0.7026446693866213,0.7026446693866213,,,,1.0
14,hexane_hl_gap_eV,80,1.0000001192092896,0.0,0.7026446693866213,0.7026446693866213,,,,1.0
14,hexane_hl_gap_eV,81,1.0000001192092896,0.0,0.7026446693866213,0.7026446693866213,,,,1.0
14,hexane_hl_gap_eV,82,1.0000001192092896,0.0,0.7026446693866213,0.7026446693866213,,,,1.0
14,hexane_hl_gap_eV,83,1.0000001192092896,0.0,0.7026446693866213,0.7026446693866213,,,,1.0
14,hexane_hl_gap_eV,84,1.0000001192092896,0.0,0.7026446693866213,0.7026446693866213,,,,1.0
14,hexane_hl_gap_eV,85,1.0000001192092896,0.0,0.7026446693866213,0.7026446693866213,,,,1.0
14,hexane_hl_gap_eV,86,1.0000001192092896,0.0,0.7026446693866213,0.7026446693866213,,,,1.0
14,hexane_hl_gap_eV,87,1.0000001192092896,0.0,0.7026446693866213,0.7026446693866213,,,,1.0
14,hexane_hl_gap_eV,88,1.0000001192092896,0.0,0.7026446693866213,0.7026446693866213,,,,1.0
14,hexane_hl_gap_eV,89,1.0000001192092896,0.0,0.7026446693866213,0.7026446693866213,,,,1.0
14,hexane_hl_gap_eV,90,1.0000001192092896,0.0,0.7026446693866213,0.7026446693866213,,,,1.0
14,hexane_hl_gap_eV,91,1.0000001192092896,0.0,0.7026446693866213,0.7026446693866213,,,,1.0
14,hexane_hl_gap_eV,92,1.0000001192092896,0.0,0.7026446693866213,0.7026446693866213,,,,1.0
14,hexane_hl_gap_eV,93,1.0000001192092896,0.0,0.7026446693866213,0.7026446693866213,,,,1.0
14,hexane_hl_gap_eV,94,1.0000001192092896,0.0,0.7026446693866213,0.7026446693866213,,,,1.0
14,hexane_hl_gap_eV,95,1.0000001192092896,0.0,0.7026446693866213,0.7026446693866213,,,,1.0
14,hexane_hl_gap_eV,96,1.0000001192092896,0.0,0.7026446693866213,0.7026446693866213,,,,1.0
14,hexane_hl_gap_eV,97,1.0000001192092896,0.0,0.7026446693866213,0.7026446693866213,,,,1.0
14,hexane_hl_gap_eV,98,1.0000001192092896,0.0,0.7026446693866213,0.7026446693866213,,,,1.0
14,hexane_hl_gap_eV,99,1.0000001192092896,0.0,0.7026446693866213,0.7026446693866213,,,,1.0
14,hexane_hl_gap_eV,100,1.0000001192092896,0.0,0.7026446693866213,0.7026446693866213,,,,1.0
14,hexane_hl_gap_eV,101,1.0000001192092896,0.0,0.7026446693866213,0.7026446693866213,,,,1.0
14,hexane_hl_gap_eV,102,1.0000001192092896,0.0,0.7026446693866213,0.7026446693866213,,,,1.0
14,hexane_hl_gap_eV,103,1.0000001192092896,0.0,0.7026446693866213,0.7026446693866213,,,,1.0
14,hexane_hl_gap_eV,104,1.0000001192092896,0.0,0.7026446693866213,0.7026446693866213,,,,1.0
14,hexane_hl_gap_eV,105,1.0000001192092896,0.0,0.7026446693866213,0.7026446693866213,,,,1.0
14,hexane_hl_gap_eV,106,1.0000001192092896,0.0,0.7026446693866213,0.7026446693866213,,,,1.0
14,hexane_hl_gap_eV,107,1.0000001192092896,0.0,0.7026446693866213,0.7026446693866213,,,,1.0
14,hexane_hl_gap_eV,108,1.0000001192092896,0.0,0.7026446693866213,0.7026446693866213,,,,1.0
14,hexane_hl_gap_eV,109,1.0000001192092896,0.0,0.7026446693866213,0.7026446693866213,,,,1.0
14,hexane_hl_gap_eV,110,1.0000001192092896,0.0,0.7026446693866213,0.7026446693866213,,,,1.0
14,hexane_hl_gap_eV,111,1.0000001192092896,0.0,0.7026446693866213,0.7026446693866213,,,,1.0
14,hexane_hl_gap_eV,112,1.0000001192092896,0.0,0.7026446693866213,0.7026446693866213,,,,1.0
14,hexane_hl_gap_eV,113,1.0000001192092896,0.0,0.7026446693866213,0.7026446693866213,,,,1.0
14,hexane_hl_gap_eV,114,1.0000001192092896,0.0,0.7026446693866213,0.7026446693866213,,,,1.0
14,hexane_hl_gap_eV,115,1.0000001192092896,0.0,0.7026446693866213,0.7026446693866213,,,,1.0
14,hexane_hl_gap_eV,116,1.0000001192092896,0.0,0.7026446693866213,0.7026446693866213,,,,1.0
14,hexane_hl_gap_eV,117,1.0000001192092896,0.0,0.7026446693866213,0.7026446693866213,,,,1.0
14,hexane_hl_gap_eV,118,1.0000001192092896,0.0,0.7026446693866213,0.7026446693866213,,,,1.0
14,hexane_hl_gap_eV,119,1.0000001192092896,0.0,0.7026446693866213,0.7026446693866213,,,,1.0
14,hexane_hl_gap_eV,120,1.0000001192092896,0.0,0.7026446693866213,0.7026446693866213,,,,1.0
14,hexane_hl_gap_eV,121,1.0000001192092896,0.0,0.7026446693866213,0.7026446693866213,,,,1.0
14,hexane_hl_gap_eV,122,1.0000001192092896,0.0,0.7026446693866213,0.7026446693866213,,,,1.0
14,hexane_hl_gap_eV,123,1.0000001192092896,0.0,0.7026446693866213,0.7026446693866213,,,,1.0
14,hexane_hl_gap_eV,124,1.0000001192092896,0.0,0.7026446693866213,0.7026446693866213,,,,1.0
14,hexane_hl_gap_eV,125,1.0000001192092896,0.0,0.7026446693866213,0.7026446693866213,,,,1.0
14,hexane_hl_gap_eV,126,1.0000001192092896,0.0,0.7026446693866213,0.7026446693866213,,,,1.0
14,hexane_hl_gap_eV,127,1.0000001192092896,0.0,0.7026446693866213,0.7026446693866213,,,,1.0
14,hexane_hl_gap_eV,128,1.0000001192092896,0.0,0.7026446693866213,0.7026446693866213,,,,1.0
14,hexane_hl_gap_eV,129,1.0000001192092896,0.0,0.7026446693866213,0.7026446693866213,,,,1.0
14,hexane_hl_gap_eV,130,1.0000001192092896,0.0,0.7026446693866213,0.7026446693866213,,,,1.0
14,hexane_hl_gap_eV,131,1.0000001192092896,0.0,0.7026446693866213,0.7026446693866213,,,,1.0
14,hexane_hl_gap_eV,132,1.0000001192092896,0.0,0.7026446693866213,0.7026446693866213,,,,1.0
14,hexane_hl_gap_eV,133,1.0000001192092896,0.0,0.7026446693866213,0.7026446693866213,,,,1.0
14,hexane_hl_gap_eV,134,1.0000001192092896,0.0,0.7026446693866213,0.7026446693866213,,,,1.0
14,hexane_hl_gap_eV,135,1.0000001192092896,0.0,0.7026446693866213,0.7026446693866213,,,,1.0
14,hexane_hl_gap_eV,136,1.0000001192092896,0.0,0.7026446693866213,0.7026446693866213,,,,1.0
14,hexane_hl_gap_eV,137,1.0000001192092896,0.0,0.7026446693866213,0.7026446693866213,,,,1.0
14,hexane_hl_gap_eV,138,1.0000001192092896,0.0,0.7026446693866213,0.7026446693866213,,,,1.0
14,hexane_hl_gap_eV,139,1.0000001192092896,0.0,0.7026446693866213,0.7026446693866213,,,,1.0
14,hexane_hl_gap_eV,140,1.0000001192092896,0.0,0.7026446693866213,0.7026446693866213,,,,1.0
14,hexane_hl_gap_eV,141,1.0000001192092896,0.0,0.7026446693866213,0.7026446693866213,,,,1.0
14,hexane_hl_gap_eV,142,1.0000001192092896,0.0,0.7026446693866213,0.7026446693866213,,,,1.0
14,hexane_hl_gap_eV,143,1.0000001192092896,0.0,0.7026446693866213,0.7026446693866213,,,,1.0
14,hexane_hl_gap_eV,144,1.0000001192092896,0.0,0.7026446693866213,0.7026446693866213,,,,1.0
14,hexane_hl_gap_eV,145,1.0000001192092896,0.0,0.7026446693866213,0.7026446693866213,,,,1.0
14,hexane_hl_gap_eV,146,1.0000001192092896,0.0,0.7026446693866213,0.7026446693866213,,,,1.0
14,hexane_hl_gap_eV,147,1.0000001192092896,0.0,0.7026446693866213,0.7026446693866213,,,,1.0
14,hexane_hl_gap_eV,148,1.0000001192092896,0.0,0.7026446693866213,0.7026446693866213,,,,1.0
14,hexane_hl_gap_eV,149,1.0000001192092896,0.0,0.7026446693866213,0.7026446693866213,,,,1.0
14,hexane_hl_gap_eV,150,1.0000001192092896,0.0,0.7026446693866213,0.7026446693866213,,,,1.0
14,hexane_hl_gap_eV,151,1.0000001192092896,0.0,0.7026446693866213,0.7026446693866213,,,,1.0
14,hexane_hl_gap_eV,152,1.0000001192092896,0.0,0.7026446693866213,0.7026446693866213,,,,1.0
14,hexane_hl_gap_eV,153,1.0000001192092896,0.0,0.7026446693866213,0.7026446693866213,,,,1.0
14,hexane_hl_gap_eV,154,1.0000001192092896,0.0,0.7026446693866213,0.7026446693866213,,,,1.0
14,hexane_hl_gap_eV,155,1.0000001192092896,0.0,0.7026446693866213,0.7026446693866213,,,,1.0
14,hexane_hl_gap_eV,156,1.0000001192092896,0.0,0.7026446693866213,0.7026446693866213,,,,1.0
14,hexane_hl_gap_eV,157,1.0000001192092896,0.0,0.7026446693866213,0.7026446693866213,,,,1.0
14,hexane_hl_gap_eV,158,1.0000001192092896,0.0,0.7026446693866213,0.7026446693866213,,,,1.0
14,hexane_hl_gap_eV,159,1.0000001192092896,0.0,0.7026446693866213,0.7026446693866213,,,,1.0
14,hexane_hl_gap_eV,160,1.0000001192092896,0.0,0.7026446693866213,0.7026446693866213,,,,1.0
14,hexane_hl_gap_eV,161,1.0000001192092896,0.0,0.7026446693866213,0.7026446693866213,,,,1.0
14,hexane_hl_gap_eV,162,1.0000001192092896,0.0,0.7026446693866213,0.7026446693866213,,,,1.0
14,hexane_hl_gap_eV,163,1.0000001192092896,0.0,0.7026446693866213,0.7026446693866213,,,,1.0
14,hexane_hl_gap_eV,164,1.0000001192092896,0.0,0.7026446693866213,0.7026446693866213,,,,1.0
14,hexane_hl_gap_eV,165,1.0000001192092896,0.0,0.7026446693866213,0.7026446693866213,,,,1.0
14,hexane_hl_gap_eV,166,1.0000001192092896,0.0,0.7026446693866213,0.7026446693866213,,,,1.0
14,hexane_hl_gap_eV,167,1.0000001192092896,0.0,0.7026446693866213,0.7026446693866213,,,,1.0
14,hexane_hl_gap_eV,168,1.0000001192092896,0.0,0.7026446693866213,0.7026446693866213,,,,1.0
14,hexane_hl_gap_eV,169,1.0000001192092896,0.0,0.7026446693866213,0.7026446693866213,,,,1.0
14,hexane_hl_gap_eV,170,1.0000001192092896,0.0,0.7026446693866213,0.7026446693866213,,,,1.0
14,hexane_hl_gap_eV,171,1.0000001192092896,0.0,0.7026446693866213,0.7026446693866213,,,,1.0
14,hexane_hl_gap_eV,172,1.0000001192092896,0.0,0.7026446693866213,0.7026446693866213,,,,1.0
14,hexane_hl_gap_eV,173,1.0000001192092896,0.0,0.7026446693866213,0.7026446693866213,,,,1.0
14,hexane_hl_gap_eV,174,1.0000001192092896,0.0,0.7026446693866213,0.7026446693866213,,,,1.0
14,hexane_hl_gap_eV,175,1.0000001192092896,0.0,0.7026446693866213,0.7026446693866213,,,,1.0
14,hexane_hl_gap_eV,176,1.0000001192092896,0.0,0.7026446693866213,0.7026446693866213,,,,1.0
14,hexane_hl_gap_eV,177,1.0000001192092896,0.0,0.7026446693866213,0.7026446693866213,,,,1.0
14,hexane_hl_gap_eV,178,1.0000001192092896,0.0,0.7026446693866213,0.7026446693866213,,,,1.0
14,hexane_hl_gap_eV,179,1.0000001192092896,0.0,0.7026446693866213,0.7026446693866213,,,,1.0
14,hexane_hl_gap_eV,180,1.0000001192092896,0.0,0.7026446693866213,0.7026446693866213,,,,1.0
14,hexane_hl_gap_eV,181,1.0000001192092896,0.0,0.7026446693866213,0.7026446693866213,,,,1.0
14,hexane_hl_gap_eV,182,1.0000001192092896,0.0,0.7026446693866213,0.7026446693866213,,,,1.0
14,hexane_hl_gap_eV,183,1.0000001192092896,0.0,0.7026446693866213,0.7026446693866213,,,,1.0
14,hexane_hl_gap_eV,184,1.0000001192092896,0.0,0.7026446693866213,0.7026446693866213,,,,1.0
14,hexane_hl_gap_eV,185,1.0000001192092896,0.0,0.7026446693866213,0.7026446693866213,,,,1.0
14,hexane_hl_gap_eV,186,1.0000001192092896,0.0,0.7026446693866213,0.7026446693866213,,,,1.0
14,hexane_hl_gap_eV,187,1.0000001192092896,0.0,0.7026446693866213,0.7026446693866213,,,,1.0
14,hexane_hl_gap_eV,188,1.0000001192092896,0.0,0.7026446693866213,0.7026446693866213,,,,1.0
14,hexane_hl_gap_eV,189,1.0000001192092896,0.0,0.7026446693866213,0.7026446693866213,,,,1.0
14,hexane_hl_gap_eV,190,1.0000001192092896,0.0,0.7026446693866213,0.7026446693866213,,,,1.0
14,hexane_hl_gap_eV,191,1.0000001192092896,0.0,0.7026446693866213,0.7026446693866213,,,,1.0
14,hexane_hl_gap_eV,192,1.0000001192092896,0.0,0.7026446693866213,0.7026446693866213,,,,1.0
14,hexane_hl_gap_eV,193,1.0000001192092896,0.0,0.7026446693866213,0.7026446693866213,,,,1.0
14,hexane_hl_gap_eV,194,1.0000001192092896,0.0,0.7026446693866213,0.7026446693866213,,,,1.0
14,hexane_hl_gap_eV,195,1.0000001192092896,0.0,0.7026446693866213,0.7026446693866213,,,,1.0
14,hexane_hl_gap_eV,196,1.0000001192092896,0.0,0.7026446693866213,0.7026446693866213,,,,1.0
14,hexane_hl_gap_eV,197,1.0000001192092896,0.0,0.7026446693866213,0.7026446693866213,,,,1.0
14,hexane_hl_gap_eV,198,1.0000001192092896,0.0,0.7026446693866213,0.7026446693866213,,,,1.0
14,hexane_hl_gap_eV,199,1.0000001192092896,0.0,0.7026446693866213,0.7026446693866213,,,,1.0
14,hexane_hl_gap_eV,200,1.0000001192092896,0.0,0.7026446693866213,0.7026446693866213,,,,1.0
14,hexane_hl_gap_eV,201,1.0000001192092896,0.0,0.7026446693866213,0.7026446693866213,,,,1.0
14,hexane_hl_gap_eV,202,1.0000001192092896,0.0,0.7026446693866213,0.7026446693866213,,,,1.0
14,hexane_hl_gap_eV,203,1.0000001192092896,0.0,0.7026446693866213,0.7026446693866213,,,,1.0
14,hexane_hl_gap_eV,204,1.0000001192092896,0.0,0.7026446693866213,0.7026446693866213,,,,1.0
14,hexane_hl_gap_eV,205,1.0000001192092896,0.0,0.7026446693866213,0.7026446693866213,,,,1.0
14,hexane_hl_gap_eV,206,1.0000001192092896,0.0,0.7026446693866213,0.7026446693866213,,,,1.0
14,hexane_hl_gap_eV,207,1.0000001192092896,0.0,0.7026446693866213,0.7026446693866213,,,,1.0
14,hexane_hl_gap_eV,208,1.0000001192092896,0.0,0.7026446693866213,0.7026446693866213,,,,1.0
14,hexane_hl_gap_eV,209,1.0000001192092896,0.0,0.7026446693866213,0.7026446693866213,,,,1.0
14,hexane_hl_gap_eV,210,1.0000001192092896,0.0,0.7026446693866213,0.7026446693866213,,,,1.0
14,hexane_hl_gap_eV,211,1.0000001192092896,0.0,0.7026446693866213,0.7026446693866213,,,,1.0
14,hexane_hl_gap_eV,212,1.0000001192092896,0.0,0.7026446693866213,0.7026446693866213,,,,1.0
14,hexane_hl_gap_eV,213,1.0000001192092896,0.0,0.7026446693866213,0.7026446693866213,,,,1.0
14,hexane_hl_gap_eV,214,1.0000001192092896,0.0,0.7026446693866213,0.7026446693866213,,,,1.0
14,hexane_hl_gap_eV,215,1.0000001192092896,0.0,0.7026446693866213,0.7026446693866213,,,,1.0
14,hexane_hl_gap_eV,216,1.0000001192092896,0.0,0.7026446693866213,0.7026446693866213,,,,1.0
14,hexane_hl_gap_eV,217,1.0000001192092896,0.0,0.7026446693866213,0.7026446693866213,,,,1.0
14,hexane_hl_gap_eV,218,1.0000001192092896,0.0,0.7026446693866213,0.7026446693866213,,,,1.0
14,hexane_hl_gap_eV,219,1.0000001192092896,0.0,0.7026446693866213,0.7026446693866213,,,,1.0
14,hexane_hl_gap_eV,220,1.0000001192092896,0.0,0.7026446693866213,0.7026446693866213,,,,1.0
14,hexane_hl_gap_eV,221,1.0000001192092896,0.0,0.7026446693866213,0.7026446693866213,,,,1.0
14,hexane_hl_gap_eV,222,1.0000001192092896,0.0,0.7026446693866213,0.7026446693866213,,,,1.0
14,hexane_hl_gap_eV,223,1.0000001192092896,0.0,0.7026446693866213,0.7026446693866213,,,,1.0
14,hexane_hl_gap_eV,224,1.0000001192092896,0.0,0.7026446693866213,0.7026446693866213,,,,1.0
14,hexane_hl_gap_eV,225,1.0000001192092896,0.0,0.7026446693866213,0.7026446693866213,,,,1.0
14,hexane_hl_gap_eV,226,1.0000001192092896,0.0,0.7026446693866213,0.7026446693866213,,,,1.0
14,hexane_hl_gap_eV,227,1.0000001192092896,0.0,0.7026446693866213,0.7026446693866213,,,,1.0
14,hexane_hl_gap_eV,228,1.0000001192092896,0.0,0.7026446693866213,0.7026446693866213,,,,1.0
14,hexane_hl_gap_eV,229,1.0000001192092896,0.0,0.7026446693866213,0.7026446693866213,,,,1.0
14,hexane_hl_gap_eV,230,1.0000001192092896,0.0,0.7026446693866213,0.7026446693866213,,,,1.0
14,hexane_hl_gap_eV,231,1.0000001192092896,0.0,0.7026446693866213,0.7026446693866213,,,,1.0
14,hexane_hl_gap_eV,232,1.0000001192092896,0.0,0.7026446693866213,0.7026446693866213,,,,1.0
14,hexane_hl_gap_eV,233,1.0000001192092896,0.0,0.7026446693866213,0.7026446693866213,,,,1.0
14,hexane_hl_gap_eV,234,1.0000001192092896,0.0,0.7026446693866213,0.7026446693866213,,,,1.0
14,hexane_hl_gap_eV,235,1.0000001192092896,0.0,0.7026446693866213,0.7026446693866213,,,,1.0
14,hexane_hl_gap_eV,236,1.0000001192092896,0.0,0.7026446693866213,0.7026446693866213,,,,1.0
14,hexane_hl_gap_eV,237,1.0000001192092896,0.0,0.7026446693866213,0.7026446693866213,,,,1.0
14,hexane_hl_gap_eV,238,1.0000001192092896,0.0,0.7026446693866213,0.7026446693866213,,,,1.0
14,hexane_hl_gap_eV,239,1.0000001192092896,0.0,0.7026446693866213,0.7026446693866213,,,,1.0
14,hexane_hl_gap_eV,240,1.0000001192092896,0.0,0.7026446693866213,0.7026446693866213,,,,1.0
14,hexane_hl_gap_eV,241,1.0000001192092896,0.0,0.7026446693866213,0.7026446693866213,,,,1.0
14,hexane_hl_gap_eV,242,1.0000001192092896,0.0,0.7026446693866213,0.7026446693866213,,,,1.0
14,hexane_hl_gap_eV,243,1.0000001192092896,0.0,0.7026446693866213,0.7026446693866213,,,,1.0
14,hexane_hl_gap_eV,244,1.0000001192092896,0.0,0.7026446693866213,0.7026446693866213,,,,1.0
14,hexane_hl_gap_eV,245,1.0000001192092896,0.0,0.7026446693866213,0.7026446693866213,,,,1.0
14,hexane_hl_gap_eV,246,1.0000001192092896,0.0,0.7026446693866213,0.7026446693866213,,,,1.0
14,hexane_hl_gap_eV,247,1.0000001192092896,0.0,0.7026446693866213,0.7026446693866213,,,,1.0
14,hexane_hl_gap_eV,248,1.0000001192092896,0.0,0.7026446693866213,0.7026446693866213,,,,1.0
14,hexane_hl_gap_eV,249,1.0000001192092896,0.0,0.7026446693866213,0.7026446693866213,,,,1.0
14,hexane_dipole,0,1.0000001192092896,0.0,0.61365415902753,0.61365415902753,,,,1.0
14,hexane_dipole,1,1.0000001192092896,0.0,0.61365415902753,0.61365415902753,,,,1.0
14,hexane_dipole,2,1.0000001192092896,0.0,0.61365415902753,0.61365415902753,,,,1.0
14,hexane_dipole,3,1.0000001192092896,0.0,0.61365415902753,0.61365415902753,,,,1.0
14,hexane_dipole,4,1.0000001192092896,0.0,0.61365415902753,0.61365415902753,,,,1.0
14,hexane_dipole,5,1.0000001192092896,0.0,0.61365415902753,0.61365415902753,,,,1.0
14,hexane_dipole,6,1.0000001192092896,0.0,0.61365415902753,0.61365415902753,,,,1.0
14,hexane_dipole,7,1.0000001192092896,0.0,0.61365415902753,0.61365415902753,,,,1.0
14,hexane_dipole,8,1.0000001192092896,0.0,0.61365415902753,0.61365415902753,,,,1.0
14,hexane_dipole,9,1.0000001192092896,0.0,0.61365415902753,0.61365415902753,,,,1.0
14,hexane_dipole,10,1.0000001192092896,0.0,0.61365415902753,0.61365415902753,,,,1.0
14,hexane_dipole,11,1.0000001192092896,0.0,0.61365415902753,0.61365415902753,,,,1.0
14,hexane_dipole,12,1.0000001192092896,0.0,0.61365415902753,0.61365415902753,,,,1.0
14,hexane_dipole,13,1.0000001192092896,0.0,0.61365415902753,0.61365415902753,,,,1.0
14,hexane_dipole,14,1.0000001192092896,0.0,0.61365415902753,0.61365415902753,,,,1.0
14,hexane_dipole,15,1.0000001192092896,0.0,0.61365415902753,0.61365415902753,,,,1.0
14,hexane_dipole,16,1.0000001192092896,0.0,0.61365415902753,0.61365415902753,,,,1.0
14,hexane_dipole,17,1.0000001192092896,0.0,0.61365415902753,0.61365415902753,,,,1.0
14,hexane_dipole,18,1.0000001192092896,0.0,0.61365415902753,0.61365415902753,,,,1.0
14,hexane_dipole,19,1.0000001192092896,0.0,0.61365415902753,0.61365415902753,,,,1.0
14,hexane_dipole,20,1.0000001192092896,0.0,0.61365415902753,0.61365415902753,,,,1.0
14,hexane_dipole,21,1.0000001192092896,0.0,0.61365415902753,0.61365415902753,,,,1.0
14,hexane_dipole,22,1.0000001192092896,0.0,0.61365415902753,0.61365415902753,,,,1.0
14,hexane_dipole,23,1.0000001192092896,0.0,0.61365415902753,0.61365415902753,,,,1.0
14,hexane_dipole,24,1.0000001192092896,0.0,0.61365415902753,0.61365415902753,,,,1.0
14,hexane_dipole,25,1.0000001192092896,0.0,0.61365415902753,0.61365415902753,,,,1.0
14,hexane_dipole,26,1.0000001192092896,0.0,0.61365415902753,0.61365415902753,,,,1.0
14,hexane_dipole,27,1.0000001192092896,0.0,0.61365415902753,0.61365415902753,,,,1.0
14,hexane_dipole,28,1.0000001192092896,0.0,0.61365415902753,0.61365415902753,,,,1.0
14,hexane_dipole,29,1.0000001192092896,0.0,0.61365415902753,0.61365415902753,,,,1.0
14,hexane_dipole,30,1.0000001192092896,0.0,0.61365415902753,0.61365415902753,,,,1.0
14,hexane_dipole,31,1.0000001192092896,0.0,0.61365415902753,0.61365415902753,,,,1.0
14,hexane_dipole,32,1.0000001192092896,0.0,0.61365415902753,0.61365415902753,,,,1.0
14,hexane_dipole,33,1.0000001192092896,0.0,0.61365415902753,0.61365415902753,,,,1.0
14,hexane_dipole,34,1.0000001192092896,0.0,0.61365415902753,0.61365415902753,,,,1.0
14,hexane_dipole,35,1.0000001192092896,0.0,0.61365415902753,0.61365415902753,,,,1.0
14,hexane_dipole,36,1.0000001192092896,0.0,0.61365415902753,0.61365415902753,,,,1.0
14,hexane_dipole,37,1.0000001192092896,0.0,0.61365415902753,0.61365415902753,,,,1.0
14,hexane_dipole,38,1.0000001192092896,0.0,0.61365415902753,0.61365415902753,,,,1.0
14,hexane_dipole,39,1.0000001192092896,0.0,0.61365415902753,0.61365415902753,,,,1.0
14,hexane_dipole,40,1.0000001192092896,0.0,0.61365415902753,0.61365415902753,,,,1.0
14,hexane_dipole,41,1.0000001192092896,0.0,0.61365415902753,0.61365415902753,,,,1.0
14,hexane_dipole,42,1.0000001192092896,0.0,0.61365415902753,0.61365415902753,,,,1.0
14,hexane_dipole,43,1.0000001192092896,0.0,0.61365415902753,0.61365415902753,,,,1.0
14,hexane_dipole,44,1.0000001192092896,0.0,0.61365415902753,0.61365415902753,,,,1.0
14,hexane_dipole,45,1.0000001192092896,0.0,0.61365415902753,0.61365415902753,,,,1.0
14,hexane_dipole,46,1.0000001192092896,0.0,0.61365415902753,0.61365415902753,,,,1.0
14,hexane_dipole,47,1.0000001192092896,0.0,0.61365415902753,0.61365415902753,,,,1.0
14,hexane_dipole,48,1.0000001192092896,0.0,0.61365415902753,0.61365415902753,,,,1.0
14,hexane_dipole,49,1.0000001192092896,0.0,0.61365415902753,0.61365415902753,,,,1.0
14,hexane_dipole,50,1.0000001192092896,0.0,0.61365415902753,0.61365415902753,,,,1.0
14,hexane_dipole,51,1.0000001192092896,0.0,0.61365415902753,0.61365415902753,,,,1.0
14,hexane_dipole,52,1.0000001192092896,0.0,0.61365415902753,0.61365415902753,,,,1.0
14,hexane_dipole,53,1.0000001192092896,0.0,0.61365415902753,0.61365415902753,,,,1.0
14,hexane_dipole,54,1.0000001192092896,0.0,0.61365415902753,0.61365415902753,,,,1.0
14,hexane_dipole,55,1.0000001192092896,0.0,0.61365415902753,0.61365415902753,,,,1.0
14,hexane_dipole,56,1.0000001192092896,0.0,0.61365415902753,0.61365415902753,,,,1.0
14,hexane_dipole,57,1.0000001192092896,0.0,0.61365415902753,0.61365415902753,,,,1.0
14,hexane_dipole,58,1.0000001192092896,0.0,0.61365415902753,0.61365415902753,,,,1.0
14,hexane_dipole,59,1.0000001192092896,0.0,0.61365415902753,0.61365415902753,,,,1.0
14,hexane_dipole,60,1.0000001192092896,0.0,0.61365415902753,0.61365415902753,,,,1.0
14,hexane_dipole,61,1.0000001192092896,0.0,0.61365415902753,0.61365415902753,,,,1.0
14,hexane_dipole,62,1.0000001192092896,0.0,0.61365415902753,0.61365415902753,,,,1.0
14,hexane_dipole,63,1.0000001192092896,0.0,0.61365415902753,0.61365415902753,,,,1.0
14,hexane_dipole,64,1.0000001192092896,0.0,0.61365415902753,0.61365415902753,,,,1.0
14,hexane_dipole,65,1.0000001192092896,0.0,0.61365415902753,0.61365415902753,,,,1.0
14,hexane_dipole,66,1.0000001192092896,0.0,0.61365415902753,0.61365415902753,,,,1.0
14,hexane_dipole,67,1.0000001192092896,0.0,0.61365415902753,0.61365415902753,,,,1.0
14,hexane_dipole,68,1.0000001192092896,0.0,0.61365415902753,0.61365415902753,,,,1.0
14,hexane_dipole,69,1.0000001192092896,0.0,0.61365415902753,0.61365415902753,,,,1.0
14,hexane_dipole,70,1.0000001192092896,0.0,0.61365415902753,0.61365415902753,,,,1.0
14,hexane_dipole,71,1.0000001192092896,0.0,0.61365415902753,0.61365415902753,,,,1.0
14,hexane_dipole,72,1.0000001192092896,0.0,0.61365415902753,0.61365415902753,,,,1.0
14,hexane_dipole,73,1.0000001192092896,0.0,0.61365415902753,0.61365415902753,,,,1.0
14,hexane_dipole,74,1.0000001192092896,0.0,0.61365415902753,0.61365415902753,,,,1.0
14,hexane_dipole,75,1.0000001192092896,0.0,0.61365415902753,0.61365415902753,,,,1.0
14,hexane_dipole,76,1.0000001192092896,0.0,0.61365415902753,0.61365415902753,,,,1.0
14,hexane_dipole,77,1.0000001192092896,0.0,0.61365415902753,0.61365415902753,,,,1.0
14,hexane_dipole,78,1.0000001192092896,0.0,0.61365415902753,0.61365415902753,,,,1.0
14,hexane_dipole,79,1.0000001192092896,0.0,0.61365415902753,0.61365415902753,,,,1.0
14,hexane_dipole,80,1.0000001192092896,0.0,0.61365415902753,0.61365415902753,,,,1.0
14,hexane_dipole,81,1.0000001192092896,0.0,0.61365415902753,0.61365415902753,,,,1.0
14,hexane_dipole,82,1.0000001192092896,0.0,0.61365415902753,0.61365415902753,,,,1.0
14,hexane_dipole,83,1.0000001192092896,0.0,0.61365415902753,0.61365415902753,,,,1.0
14,hexane_dipole,84,1.0000001192092896,0.0,0.61365415902753,0.61365415902753,,,,1.0
14,hexane_dipole,85,1.0000001192092896,0.0,0.61365415902753,0.61365415902753,,,,1.0
14,hexane_dipole,86,1.0000001192092896,0.0,0.61365415902753,0.61365415902753,,,,1.0
14,hexane_dipole,87,1.0000001192092896,0.0,0.61365415902753,0.61365415902753,,,,1.0
14,hexane_dipole,88,1.0000001192092896,0.0,0.61365415902753,0.61365415902753,,,,1.0
14,hexane_dipole,89,1.0000001192092896,0.0,0.61365415902753,0.61365415902753,,,,1.0
14,hexane_dipole,90,1.0000001192092896,0.0,0.61365415902753,0.61365415902753,,,,1.0
14,hexane_dipole,91,1.0000001192092896,0.0,0.61365415902753,0.61365415902753,,,,1.0
14,hexane_dipole,92,1.0000001192092896,0.0,0.61365415902753,0.61365415902753,,,,1.0
14,hexane_dipole,93,1.0000001192092896,0.0,0.61365415902753,0.61365415902753,,,,1.0
14,hexane_dipole,94,1.0000001192092896,0.0,0.61365415902753,0.61365415902753,,,,1.0
14,hexane_dipole,95,1.0000001192092896,0.0,0.61365415902753,0.61365415902753,,,,1.0
14,hexane_dipole,96,1.0000001192092896,0.0,0.61365415902753,0.61365415902753,,,,1.0
14,hexane_dipole,97,1.0000001192092896,0.0,0.61365415902753,0.61365415902753,,,,1.0
14,hexane_dipole,98,1.0000001192092896,0.0,0.61365415902753,0.61365415902753,,,,1.0
14,hexane_dipole,99,1.0000001192092896,0.0,0.61365415902753,0.61365415902753,,,,1.0
14,hexane_dipole,100,1.0000001192092896,0.0,0.61365415902753,0.61365415902753,,,,1.0
14,hexane_dipole,101,1.0000001192092896,0.0,0.61365415902753,0.61365415902753,,,,1.0
14,hexane_dipole,102,1.0000001192092896,0.0,0.61365415902753,0.61365415902753,,,,1.0
14,hexane_dipole,103,1.0000001192092896,0.0,0.61365415902753,0.61365415902753,,,,1.0
14,hexane_dipole,104,1.0000001192092896,0.0,0.61365415902753,0.61365415902753,,,,1.0
14,hexane_dipole,105,1.0000001192092896,0.0,0.61365415902753,0.61365415902753,,,,1.0
14,hexane_dipole,106,1.0000001192092896,0.0,0.61365415902753,0.61365415902753,,,,1.0
14,hexane_dipole,107,1.0000001192092896,0.0,0.61365415902753,0.61365415902753,,,,1.0
14,hexane_dipole,108,1.0000001192092896,0.0,0.61365415902753,0.61365415902753,,,,1.0
14,hexane_dipole,109,1.0000001192092896,0.0,0.61365415902753,0.61365415902753,,,,1.0
14,hexane_dipole,110,1.0000001192092896,0.0,0.61365415902753,0.61365415902753,,,,1.0
14,hexane_dipole,111,1.0000001192092896,0.0,0.61365415902753,0.61365415902753,,,,1.0
14,hexane_dipole,112,1.0000001192092896,0.0,0.61365415902753,0.61365415902753,,,,1.0
14,hexane_dipole,113,1.0000001192092896,0.0,0.61365415902753,0.61365415902753,,,,1.0
14,hexane_dipole,114,1.0000001192092896,0.0,0.61365415902753,0.61365415902753,,,,1.0
14,hexane_dipole,115,1.0000001192092896,0.0,0.61365415902753,0.61365415902753,,,,1.0
14,hexane_dipole,116,1.0000001192092896,0.0,0.61365415902753,0.61365415902753,,,,1.0
14,hexane_dipole,117,1.0000001192092896,0.0,0.61365415902753,0.61365415902753,,,,1.0
14,hexane_dipole,118,1.0000001192092896,0.0,0.61365415902753,0.61365415902753,,,,1.0
14,hexane_dipole,119,1.0000001192092896,0.0,0.61365415902753,0.61365415902753,,,,1.0
14,hexane_dipole,120,1.0000001192092896,0.0,0.61365415902753,0.61365415902753,,,,1.0
14,hexane_dipole,121,1.0000001192092896,0.0,0.61365415902753,0.61365415902753,,,,1.0
14,hexane_dipole,122,1.0000001192092896,0.0,0.61365415902753,0.61365415902753,,,,1.0
14,hexane_dipole,123,1.0000001192092896,0.0,0.61365415902753,0.61365415902753,,,,1.0
14,hexane_dipole,124,1.0000001192092896,0.0,0.61365415902753,0.61365415902753,,,,1.0
14,hexane_dipole,125,1.0000001192092896,0.0,0.61365415902753,0.61365415902753,,,,1.0
14,hexane_dipole,126,1.0000001192092896,0.0,0.61365415902753,0.61365415902753,,,,1.0
14,hexane_dipole,127,1.0000001192092896,0.0,0.61365415902753,0.61365415902753,,,,1.0
14,hexane_dipole,128,1.0000001192092896,0.0,0.61365415902753,0.61365415902753,,,,1.0
14,hexane_dipole,129,1.0000001192092896,0.0,0.61365415902753,0.61365415902753,,,,1.0
14,hexane_dipole,130,1.0000001192092896,0.0,0.61365415902753,0.61365415902753,,,,1.0
14,hexane_dipole,131,1.0000001192092896,0.0,0.61365415902753,0.61365415902753,,,,1.0
14,hexane_dipole,132,1.0000001192092896,0.0,0.61365415902753,0.61365415902753,,,,1.0
14,hexane_dipole,133,1.0000001192092896,0.0,0.61365415902753,0.61365415902753,,,,1.0
14,hexane_dipole,134,1.0000001192092896,0.0,0.61365415902753,0.61365415902753,,,,1.0
14,hexane_dipole,135,1.0000001192092896,0.0,0.61365415902753,0.61365415902753,,,,1.0
14,hexane_dipole,136,1.0000001192092896,0.0,0.61365415902753,0.61365415902753,,,,1.0
14,hexane_dipole,137,1.0000001192092896,0.0,0.61365415902753,0.61365415902753,,,,1.0
14,hexane_dipole,138,1.0000001192092896,0.0,0.61365415902753,0.61365415902753,,,,1.0
14,hexane_dipole,139,1.0000001192092896,0.0,0.61365415902753,0.61365415902753,,,,1.0
14,hexane_dipole,140,1.0000001192092896,0.0,0.61365415902753,0.61365415902753,,,,1.0
14,hexane_dipole,141,1.0000001192092896,0.0,0.61365415902753,0.61365415902753,,,,1.0
14,hexane_dipole,142,1.0000001192092896,0.0,0.61365415902753,0.61365415902753,,,,1.0
14,hexane_dipole,143,1.0000001192092896,0.0,0.61365415902753,0.61365415902753,,,,1.0
14,hexane_dipole,144,1.0000001192092896,0.0,0.61365415902753,0.61365415902753,,,,1.0
14,hexane_dipole,145,1.0000001192092896,0.0,0.61365415902753,0.61365415902753,,,,1.0
14,hexane_dipole,146,1.0000001192092896,0.0,0.61365415902753,0.61365415902753,,,,1.0
14,hexane_dipole,147,1.0000001192092896,0.0,0.61365415902753,0.61365415902753,,,,1.0
14,hexane_dipole,148,1.0000001192092896,0.0,0.61365415902753,0.61365415902753,,,,1.0
14,hexane_dipole,149,1.0000001192092896,0.0,0.61365415902753,0.61365415902753,,,,1.0
14,hexane_dipole,150,1.0000001192092896,0.0,0.61365415902753,0.61365415902753,,,,1.0
14,hexane_dipole,151,1.0000001192092896,0.0,0.61365415902753,0.61365415902753,,,,1.0
14,hexane_dipole,152,1.0000001192092896,0.0,0.61365415902753,0.61365415902753,,,,1.0
14,hexane_dipole,153,1.0000001192092896,0.0,0.61365415902753,0.61365415902753,,,,1.0
14,hexane_dipole,154,1.0000001192092896,0.0,0.61365415902753,0.61365415902753,,,,1.0
14,hexane_dipole,155,1.0000001192092896,0.0,0.61365415902753,0.61365415902753,,,,1.0
14,hexane_dipole,156,1.0000001192092896,0.0,0.61365415902753,0.61365415902753,,,,1.0
14,hexane_dipole,157,1.0000001192092896,0.0,0.61365415902753,0.61365415902753,,,,1.0
14,hexane_dipole,158,1.0000001192092896,0.0,0.61365415902753,0.61365415902753,,,,1.0
14,hexane_dipole,159,1.0000001192092896,0.0,0.61365415902753,0.61365415902753,,,,1.0
14,hexane_dipole,160,1.0000001192092896,0.0,0.61365415902753,0.61365415902753,,,,1.0
14,hexane_dipole,161,1.0000001192092896,0.0,0.61365415902753,0.61365415902753,,,,1.0
14,hexane_dipole,162,1.0000001192092896,0.0,0.61365415902753,0.61365415902753,,,,1.0
14,hexane_dipole,163,1.0000001192092896,0.0,0.61365415902753,0.61365415902753,,,,1.0
14,hexane_dipole,164,1.0000001192092896,0.0,0.61365415902753,0.61365415902753,,,,1.0
14,hexane_dipole,165,1.0000001192092896,0.0,0.61365415902753,0.61365415902753,,,,1.0
14,hexane_dipole,166,1.0000001192092896,0.0,0.61365415902753,0.61365415902753,,,,1.0
14,hexane_dipole,167,1.0000001192092896,0.0,0.61365415902753,0.61365415902753,,,,1.0
14,hexane_dipole,168,1.0000001192092896,0.0,0.61365415902753,0.61365415902753,,,,1.0
14,hexane_dipole,169,1.0000001192092896,0.0,0.61365415902753,0.61365415902753,,,,1.0
14,hexane_dipole,170,1.0000001192092896,0.0,0.61365415902753,0.61365415902753,,,,1.0
14,hexane_dipole,171,1.0000001192092896,0.0,0.61365415902753,0.61365415902753,,,,1.0
14,hexane_dipole,172,1.0000001192092896,0.0,0.61365415902753,0.61365415902753,,,,1.0
14,hexane_dipole,173,1.0000001192092896,0.0,0.61365415902753,0.61365415902753,,,,1.0
14,hexane_dipole,174,1.0000001192092896,0.0,0.61365415902753,0.61365415902753,,,,1.0
14,hexane_dipole,175,1.0000001192092896,0.0,0.61365415902753,0.61365415902753,,,,1.0
14,hexane_dipole,176,1.0000001192092896,0.0,0.61365415902753,0.61365415902753,,,,1.0
14,hexane_dipole,177,1.0000001192092896,0.0,0.61365415902753,0.61365415902753,,,,1.0
14,hexane_dipole,178,1.0000001192092896,0.0,0.61365415902753,0.61365415902753,,,,1.0
14,hexane_dipole,179,1.0000001192092896,0.0,0.61365415902753,0.61365415902753,,,,1.0
14,hexane_dipole,180,1.0000001192092896,0.0,0.61365415902753,0.61365415902753,,,,1.0
14,hexane_dipole,181,1.0000001192092896,0.0,0.61365415902753,0.61365415902753,,,,1.0
14,hexane_dipole,182,1.0000001192092896,0.0,0.61365415902753,0.61365415902753,,,,1.0
14,hexane_dipole,183,1.0000001192092896,0.0,0.61365415902753,0.61365415902753,,,,1.0
14,hexane_dipole,184,1.0000001192092896,0.0,0.61365415902753,0.61365415902753,,,,1.0
14,hexane_dipole,185,1.0000001192092896,0.0,0.61365415902753,0.61365415902753,,,,1.0
14,hexane_dipole,186,1.0000001192092896,0.0,0.61365415902753,0.61365415902753,,,,1.0
14,hexane_dipole,187,1.0000001192092896,0.0,0.61365415902753,0.61365415902753,,,,1.0
14,hexane_dipole,188,1.0000001192092896,0.0,0.61365415902753,0.61365415902753,,,,1.0
14,hexane_dipole,189,1.0000001192092896,0.0,0.61365415902753,0.61365415902753,,,,1.0
14,hexane_dipole,190,1.0000001192092896,0.0,0.61365415902753,0.61365415902753,,,,1.0
14,hexane_dipole,191,1.0000001192092896,0.0,0.61365415902753,0.61365415902753,,,,1.0
14,hexane_dipole,192,1.0000001192092896,0.0,0.61365415902753,0.61365415902753,,,,1.0
14,hexane_dipole,193,1.0000001192092896,0.0,0.61365415902753,0.61365415902753,,,,1.0
14,hexane_dipole,194,1.0000001192092896,0.0,0.61365415902753,0.61365415902753,,,,1.0
14,hexane_dipole,195,1.0000001192092896,0.0,0.61365415902753,0.61365415902753,,,,1.0
14,hexane_dipole,196,1.0000001192092896,0.0,0.61365415902753,0.61365415902753,,,,1.0
14,hexane_dipole,197,1.0000001192092896,0.0,0.61365415902753,0.61365415902753,,,,1.0
14,hexane_dipole,198,1.0000001192092896,0.0,0.61365415902753,0.61365415902753,,,,1.0
14,hexane_dipole,199,1.0000001192092896,0.0,0.61365415902753,0.61365415902753,,,,1.0
14,hexane_dipole,200,1.0000001192092896,0.0,0.61365415902753,0.61365415902753,,,,1.0
14,hexane_dipole,201,1.0000001192092896,0.0,0.61365415902753,0.61365415902753,,,,1.0
14,hexane_dipole,202,1.0000001192092896,0.0,0.61365415902753,0.61365415902753,,,,1.0
14,hexane_dipole,203,1.0000001192092896,0.0,0.61365415902753,0.61365415902753,,,,1.0
14,hexane_dipole,204,1.0000001192092896,0.0,0.61365415902753,0.61365415902753,,,,1.0
14,hexane_dipole,205,1.0000001192092896,0.0,0.61365415902753,0.61365415902753,,,,1.0
14,hexane_dipole,206,1.0000001192092896,0.0,0.61365415902753,0.61365415902753,,,,1.0
14,hexane_dipole,207,1.0000001192092896,0.0,0.61365415902753,0.61365415902753,,,,1.0
14,hexane_dipole,208,1.0000001192092896,0.0,0.61365415902753,0.61365415902753,,,,1.0
14,hexane_dipole,209,1.0000001192092896,0.0,0.61365415902753,0.61365415902753,,,,1.0
14,hexane_dipole,210,1.0000001192092896,0.0,0.61365415902753,0.61365415902753,,,,1.0
14,hexane_dipole,211,1.0000001192092896,0.0,0.61365415902753,0.61365415902753,,,,1.0
14,hexane_dipole,212,1.0000001192092896,0.0,0.61365415902753,0.61365415902753,,,,1.0
14,hexane_dipole,213,1.0000001192092896,0.0,0.61365415902753,0.61365415902753,,,,1.0
14,hexane_dipole,214,1.0000001192092896,0.0,0.61365415902753,0.61365415902753,,,,1.0
14,hexane_dipole,215,1.0000001192092896,0.0,0.61365415902753,0.61365415902753,,,,1.0
14,hexane_dipole,216,1.0000001192092896,0.0,0.61365415902753,0.61365415902753,,,,1.0
14,hexane_dipole,217,1.0000001192092896,0.0,0.61365415902753,0.61365415902753,,,,1.0
14,hexane_dipole,218,1.0000001192092896,0.0,0.61365415902753,0.61365415902753,,,,1.0
14,hexane_dipole,219,1.0000001192092896,0.0,0.61365415902753,0.61365415902753,,,,1.0
14,hexane_dipole,220,1.0000001192092896,0.0,0.61365415902753,0.61365415902753,,,,1.0
14,hexane_dipole,221,1.0000001192092896,0.0,0.61365415902753,0.61365415902753,,,,1.0
14,hexane_dipole,222,1.0000001192092896,0.0,0.61365415902753,0.61365415902753,,,,1.0
14,hexane_dipole,223,1.0000001192092896,0.0,0.61365415902753,0.61365415902753,,,,1.0
14,hexane_dipole,224,1.0000001192092896,0.0,0.61365415902753,0.61365415902753,,,,1.0
14,hexane_dipole,225,1.0000001192092896,0.0,0.61365415902753,0.61365415902753,,,,1.0
14,hexane_dipole,226,1.0000001192092896,0.0,0.61365415902753,0.61365415902753,,,,1.0
14,hexane_dipole,227,1.0000001192092896,0.0,0.61365415902753,0.61365415902753,,,,1.0
14,hexane_dipole,228,1.0000001192092896,0.0,0.61365415902753,0.61365415902753,,,,1.0
14,hexane_dipole,229,1.0000001192092896,0.0,0.61365415902753,0.61365415902753,,,,1.0
14,hexane_dipole,230,1.0000001192092896,0.0,0.61365415902753,0.61365415902753,,,,1.0
14,hexane_dipole,231,1.0000001192092896,0.0,0.61365415902753,0.61365415902753,,,,1.0
14,hexane_dipole,232,1.0000001192092896,0.0,0.61365415902753,0.61365415902753,,,,1.0
14,hexane_dipole,233,1.0000001192092896,0.0,0.61365415902753,0.61365415902753,,,,1.0
14,hexane_dipole,234,1.0000001192092896,0.0,0.61365415902753,0.61365415902753,,,,1.0
14,hexane_dipole,235,1.0000001192092896,0.0,0.61365415902753,0.61365415902753,,,,1.0
14,hexane_dipole,236,1.0000001192092896,0.0,0.61365415902753,0.61365415902753,,,,1.0
14,hexane_dipole,237,1.0000001192092896,0.0,0.61365415902753,0.61365415902753,,,,1.0
14,hexane_dipole,238,1.0000001192092896,0.0,0.61365415902753,0.61365415902753,,,,1.0
14,hexane_dipole,239,1.0000001192092896,0.0,0.61365415902753,0.61365415902753,,,,1.0
14,hexane_dipole,240,1.0000001192092896,0.0,0.61365415902753,0.61365415902753,,,,1.0
14,hexane_dipole,241,1.0000001192092896,0.0,0.61365415902753,0.61365415902753,,,,1.0
14,hexane_dipole,242,1.0000001192092896,0.0,0.61365415902753,0.61365415902753,,,,1.0
14,hexane_dipole,243,1.0000001192092896,0.0,0.61365415902753,0.61365415902753,,,,1.0
14,hexane_dipole,244,1.0000001192092896,0.0,0.61365415902753,0.61365415902753,,,,1.0
14,hexane_dipole,245,1.0000001192092896,0.0,0.61365415902753,0.61365415902753,,,,1.0
14,hexane_dipole,246,1.0000001192092896,0.0,0.61365415902753,0.61365415902753,,,,1.0
14,hexane_dipole,247,1.0000001192092896,0.0,0.61365415902753,0.61365415902753,,,,1.0
14,hexane_dipole,248,1.0000001192092896,0.0,0.61365415902753,0.61365415902753,,,,1.0
14,hexane_dipole,249,1.0000001192092896,0.0,0.61365415902753,0.61365415902753,,,,1.0
15,sco_kcal,0,0.30802270770072937,0.04926636815071106,0.6246721940618061,0.9159272295313494,9.672555923461914,2.7468209266662598,0.2839808783119594,0.06
15,sco_kcal,1,0.9118238687515259,0.010761723853647709,0.737080187821318,0.9372266364255686,2.4491922855377197,4.729156017303467,1.9309043414960705,0.78
15,sco_kcal,2,0.1635785847902298,0.02190498076379299,0.668504733557781,0.9590715917561747,4.8237481117248535,0.23583857715129852,0.04889114681963948,0.06
15,sco_kcal,3,0.1458824723958969,0.01777530089020729,0.6382833010142914,0.9526034758346611,3.611949920654297,0.045554451644420624,0.0126121492947412,0.08
15,sco_kcal,4,0.21504919230937958,0.02017265185713768,0.6148637051267045,0.957646141170936,3.784580945968628,0.2366345226764679,0.0625259509718066,0.16
15,sco_kcal,5,0.2320532351732254,0.07904265075922012,0.6240921090221969,0.9220422538161135,15.326459884643555,2.5506210327148438,0.16641945053928958,0.02
15,sco_kcal,6,0.3118401765823364,0.041781555861234665,0.6161231638453082,0.8921978602233012,7.777436256408691,2.1989312171936035,0.2827321426622636,0.02
15,sco_kcal,7,0.07362513989210129,0.034085266292095184,0.6657780338523636,0.9779435308738629,7.429593563079834,0.26393264532089233,0.0355245065668818,0.06
15,sco_kcal,8,0.23796600103378296,0.061182789504528046,0.6492833702150409,0.8950592702604774,12.425763130187988,2.7844719886779785,0.22408861005190048,0.12
15,sco_kcal,9,0.1835079938173294,0.015242394991219044,0.6604755130055175,0.9658291020992693,3.3143701553344727,0.19841325283050537,0.059864542441392554,0.14
15,sco_kcal,10,0.04756813123822212,0.06564934551715851,0.6455857118158987,0.9425688781565793,13.767601013183594,0.08056303858757019,0.005851639549288547,0.02
15,sco_kcal,11,0.2793845534324646,0.030729003250598907,0.6090047292378953,0.9194898035593675,5.669440269470215,0.9083923101425171,0.16022610116102387,0.16
15,sco_kcal,12,0.8257834911346436,0.009867778047919273,0.6905361545503894,0.9022208144218853,2.2661240100860596,2.4450316429138184,1.0789487389178514,0.66
15,sco_kcal,13,0.10674475878477097,0.035597845911979675,0.6299503471944248,0.9437782299589386,6.841222763061523,0.11107656359672546,0.016236361165795084,0.08
15,sco_kcal,14,0.6818071603775024,0.010702471248805523,0.6884453225898706,0.921423184471245,2.4600846767425537,1.5131120681762695,0.6150650351514774,0.54
15,sco_kcal,15,0.8937164545059204,0.015445147641003132,0.7314938709480483,0.9207144383955319,3.364348888397217,5.117378234863281,1.5210605096611165,0.78
15,sco_kcal,16,0.3955577611923218,0.021092284470796585,0.6545726600956194,0.9230344852660541,4.721737384796143,1.7434324026107788,0.36923535989624934,0.34
15,sco_kcal,17,0.11925867944955826,0.020715434104204178,0.6342666149447633,0.9359879274669738,4.143984317779541,0.33640244603157043,0.08117850364159292,0.06
15,sco_kcal,18,0.3338257968425751,0.008358998224139214,0.635590166472028,0.934153957973153,1.8036472797393799,0.43431368470191956,0.24079746055707535,0.22
15,sco_kcal,19,0.9392423033714294,0.017900126054883003,0.6652899089786417,0.9454351069892781,3.674649477005005,9.066401481628418,2.4672833527016893,0.36
15,sco_kcal,20,0.29322269558906555,0.00648832879960537,0.6644722553567401,0.9454264923620133,1.4353225231170654,0.41595613956451416,0.28979977173436205,0.14
15,sco_kcal,21,0.2090483158826828,0.04575749859213829,0.6463309075636181,0.9036758528350051,9.514484405517578,1.8305128812789917,0.19239223096707717,0.1
15,sco_kcal,22,0.5542766451835632,0.020032277330756187,0.6272405344276926,0.8789052723064614,3.9346835613250732,2.430742025375366,0.6177731925554826,0.24
15,sco_kcal,23,0.20003026723861694,0.010646737180650234,0.6360575056919195,0.9666278039886389,2.166541576385498,0.2778765559196472,0.12825812296814376,0.12
15,sco_kcal,24,0.6904099583625793,0.017375219613313675,0.6865296898219919,0.917097882930157,3.8652455806732178,3.315250873565674,0.8577076939541445,0.48
15,sco_kcal,25,0.29404783248901367,0.03828834369778633,0.6536199578814101,0.9104661331334996,8.191901206970215,2.5052101612091064,0.3058154752986409,0.12
15,sco_kcal,26,0.20310238003730774,0.013099600560963154,0.6591634293994406,0.9325003635841149,2.9581682682037354,0.38652434945106506,0.13066340870655446,0.04
15,sco_kcal,27,0.6928380131721497,0.010207347571849823,0.6822748916282582,0.9084829357092807,2.387880325317383,1.8893795013427734,0.7912370989914029,0.44
15,sco_kcal,28,0.37709808349609375,0.03343156352639198,0.6024400086532644,0.909694433793965,6.015917778015137,2.48626708984375,0.41328142796925943,0.2
15,sco_kcal,29,0.2787802219390869,0.03540319949388504,0.6119848379008517,0.9293038656979593,6.657764911651611,1.27400803565979,0.19135671694117284,0.18
15,sco_kcal,30,0.2478175163269043,0.021930867806077003,0.6296780703807849,0.9489255479252359,4.463640213012695,0.3581984341144562,0.08024805249092719,0.14
15,sco_kcal,31,0.1091873049736023,0.01101296953856945,0.6447911240368052,0.9638897468394305,2.3643949031829834,0.13137444853782654,0.05556366593455616,0.04
15,sco_kcal,32,0.2783602774143219,0.08111453801393509,0.6151964513557271,0.9006979380202811,15.055059432983398,3.313088893890381,0.22006481665770747,0.06
15,sco_kcal,33,0.5994659066200256,0.027678268030285835,0.6372814013533055,0.9185009609700068,5.318167209625244,3.5543622970581055,0.6683434643847107,0.24
15,sco_kcal,34,0.3150250017642975,0.02759454771876335,0.6719686696234852,0.9450665122164927,5.958412170410156,2.0856475830078125,0.35003412374948945,0.14
15,sco_kcal,35,0.07956207543611526,0.024255674332380295,0.6645618885459519,0.9694587568573032,5.319552421569824,0.12110020965337753,0.022765112561413635,0.02
15,sco_kcal,36,0.34470298886299133,0.01509589422494173,0.6420970851815924,0.9043541062101292,3.1258370876312256,1.0561891794204712,0.3378900274744825,0.1
15,sco_kcal,37,0.2597336769104004,0.013485406525433064,0.6658754921487133,0.9710645134338398,2.9964799880981445,0.41728267073631287,0.13925761973840536,0.06
15,sco_kcal,38,0.5034981966018677,0.022863827645778656,0.6443426964587773,0.9200480043328831,4.655786037445068,2.3048713207244873,0.4950552500022788,0.28
15,sco_kcal,39,0.5484297871589661,0.045604340732097626,0.699557332469305,0.9788162055705676,11.528451919555664,0.8118467926979065,0.07042114573256572,0.48
15,sco_kcal,40,0.5702876448631287,0.015284005552530289,0.6717115879652054,0.8980464127200847,3.507655382156372,2.053008794784546,0.5852937564015867,0.44
15,sco_kcal,41,0.20104438066482544,0.06663922965526581,0.6344641202834458,0.9178043895812338,13.338964462280273,2.437617301940918,0.18274411846841457,0.04
15,sco_kcal,42,0.06646749377250671,0.04398703947663307,0.6471822655668922,0.9653700357878219,9.069960594177246,0.1569145917892456,0.017300471171835297,0.02
15,sco_kcal,43,0.11710669100284576,0.02365589141845703,0.6633263876212689,0.9639059516565671,5.14169454574585,0.23898714780807495,0.046480230531354465,0.16
15,sco_kcal,44,0.07072973251342773,0.026478778570890427,0.6678129440669294,0.9690105689949138,5.927472114562988,0.04527748003602028,0.007638581702439342,0.02
15,sco_kcal,45,0.09603327512741089,0.017016736790537834,0.6188380859976323,0.9566354339159377,3.277728796005249,0.02940683253109455,0.008971710096007423,0.1
15,sco_kcal,46,0.3089216351509094,0.009317067451775074,0.6634009797798073,0.9444268071185611,2.06046724319458,0.5881524682044983,0.2854461628288823,0.1
15,sco_kcal,47,0.238836869597435,0.03560158237814903,0.6332263318183533,0.9279940158690154,6.985103607177734,1.6508336067199707,0.23633630931738958,0.02
15,sco_kcal,48,0.05458274856209755,0.03883998841047287,0.6633211951747908,0.9653853248189459,8.361641883850098,0.06787171959877014,0.00811703258062982,0.04
15,sco_kcal,49,0.21006624400615692,0.006690607871860266,0.649547634267972,0.9632889013616872,1.4225552082061768,0.22750936448574066,0.15993007735188497,0.1
15,sco_kcal,50,0.11933587491512299,0.017368104308843613,0.6598869791977358,0.969520267933766,3.8297717571258545,0.15950383245944977,0.041648391229234326,0.02
15,sco_kcal,51,0.13566799461841583,0.02189483679831028,0.6035958752954675,0.9560176666378126,3.9587786197662354,0.04070112854242325,0.010281233797515719,0.06
15,sco_kcal,52,0.10513750463724136,0.01972130499780178,0.660464690087823,0.9623292957594505,4.442576885223389,0.34048011898994446,0.07664023106103743,0.02
15,sco_kcal,53,0.9873722195625305,0.005141693167388439,0.7958537563436205,0.9193117654406076,1.2355026006698608,5.610400199890137,4.540986151585847,0.9
15,sco_kcal,54,0.211075559258461,0.07843050360679626,0.6384996177119595,0.9078811443125565,15.395580291748047,3.025749444961548,0.19653364066980536,0.1
15,sco_kcal,55,0.20051079988479614,0.04664852097630501,0.6659383898268361,0.9565383859532288,10.12271499633789,0.2749136984348297,0.02715809923862182,0.2
15,sco_kcal,56,0.16039341688156128,0.021515674889087677,0.6222232246964925,0.9457104411470729,4.158088684082031,0.22515347599983215,0.0541483102228587,0.06
15,sco_kcal,57,0.062386952340602875,0.03501711040735245,0.6659873520177457,0.9488877905868116,7.592009544372559,0.1992100477218628,0.026239435890794378,0.02
15,sco_kcal,58,0.2451285421848297,0.011653055436909199,0.6656204946148983,0.946260680565149,2.5423574447631836,0.5090509653091431,0.20022792875081352,0.1
15,sco_kcal,59,0.07249367982149124,0.02467401511967182,0.6336372755346791,0.9718751056240869,4.862624168395996,0.21567675471305847,0.044353984030849426,0.02
15,sco_kcal,60,0.6892834305763245,0.011060965247452259,0.667984125572382,0.9134893963130388,2.3897359371185303,1.9909944534301758,0.8331441237942194,0.48
15,sco_kcal,61,0.23331880569458008,0.012692437507212162,0.6613716284157221,0.9292474903291774,2.801690101623535,0.4272822141647339,0.1525087353227006,0.1
15,sco_kcal,62,0.0851302444934845,0.017721140757203102,0.666412790462551,0.9604077950201737,3.909562110900879,0.12392643094062805,0.031698289328896664,0.02
15,sco_kcal,63,0.7083548903465271,0.013190584257245064,0.6798708148041184,0.8938252524548638,2.877095937728882,2.560292959213257,0.8898879337455453,0.5
15,sco_kcal,64,0.7973198890686035,0.0035496277268975973,0.6892168650923922,0.9500062299732235,0.8484958410263062,0.8159434199333191,0.9616351436046958,0.68
15,sco_kcal,65,0.05844143405556679,0.053001973778009415,0.6567925605384008,0.9550208144869214,11.313325881958008,0.04532443359494209,0.0040062872817288415,0.0
15,sco_kcal,66,0.6956260204315186,0.011724025942385197,0.6995743094394142,0.9149827476745132,2.708120584487915,2.1329898834228516,0.7876273662408514,0.46
15,sco_kcal,67,0.18894316256046295,0.015994558110833168,0.6635074966689938,0.9544893673553576,3.5502359867095947,0.07520540803670883,0.021183213825290016,0.24
15,sco_kcal,68,0.4198422133922577,0.03759756311774254,0.6079270719667123,0.892307644687262,6.928992748260498,2.8187220096588135,0.40680111988375867,0.18
15,sco_kcal,69,0.5740823745727539,0.013199667446315289,0.6771409057970597,0.9133697913267895,3.0709660053253174,1.6305744647979736,0.5309646742980607,0.3
15,sco_kcal,70,0.09183935821056366,0.02893831953406334,0.6600249223923844,0.9590926909086934,6.320178985595703,0.4086788594722748,0.06466254522280038,0.04
15,sco_kcal,71,0.18265341222286224,0.008915090002119541,0.6629734127476672,0.9579688626059428,1.9418224096298218,0.28972551226615906,0.14920288839461418,0.18
15,sco_kcal,72,0.8603814244270325,0.012533239088952541,0.7278666683123256,0.9170652615780881,3.018430233001709,4.100119113922119,1.358361398946337,0.76
15,sco_kcal,73,0.29043862223625183,0.2889138460159302,0.6689419077533332,0.9821917487577094,63.446327209472656,3.530775547027588,0.055649802003045444,0.22
15,sco_kcal,74,0.6410917639732361,0.013906541280448437,0.6728222422748529,0.8921900907326983,3.3217692375183105,1.8408393859863281,0.5541743734617811,0.38
15,sco_kcal,75,0.6959807276725769,0.011806182563304901,0.6860041956028313,0.9246843787830239,2.734286308288574,1.7724835872650146,0.6482435953733153,0.54
15,sco_kcal,76,0.24826687574386597,0.056011538952589035,0.615141765483401,0.895191466914437,10.536361694335938,2.724761486053467,0.25860553814493903,0.1
15,sco_kcal,77,0.6129333972930908,0.01364399865269661,0.674281339989836,0.8898958009644748,2.9944891929626465,1.9595617055892944,0.6543893062611358,0.28
15,sco_kcal,78,0.3192400634288788,0.045761168003082275,0.6059900888566467,0.9228591919960092,8.0488862991333,1.8533989191055298,0.23026774763921098,0.22
15,sco_kcal,79,0.34208911657333374,0.019237684085965157,0.647845384038019,0.9414564978074482,4.026774883270264,0.7149065732955933,0.17753825183169822,0.24
15,sco_kcal,80,0.08880037814378738,0.01632491871714592,0.6580220184734853,0.9696781772680869,3.4749109745025635,0.055005159229040146,0.01582922832632113,0.02
15,sco_kcal,81,0.20223665237426758,0.017150282859802246,0.6652312198785508,0.9646796227597962,3.783451557159424,0.2622900605201721,0.06932560297325355,0.12
15,sco_kcal,82,0.11457616835832596,0.01658879965543747,0.6627194953055509,0.9695310007062221,3.6136348247528076,0.07639122009277344,0.02113971770736381,0.1
15,sco_kcal,83,0.6357972025871277,0.01133734267205,0.6886362130363066,0.9226278059226103,2.5559608936309814,1.921552062034607,0.751792434235902,0.38
15,sco_kcal,84,0.11286837607622147,0.013378908857703209,0.6254157871772135,0.9501650966392774,2.6219089031219482,0.12261037528514862,0.046763781586444335,0.02
15,sco_kcal,85,0.5066186189651489,0.01787339709699154,0.6344967372934176,0.9125806948718853,3.4269633293151855,1.7824138402938843,0.5201146522481367,0.16
15,sco_kcal,86,0.154755100607872,0.08372438699007034,0.6314769106409506,0.9081835173712942,16.960857391357422,1.75876784324646,0.10369569194907906,0.04
15,sco_kcal,87,0.5621587634086609,0.011965103447437286,0.6396222358014394,0.9227338668915059,2.381131887435913,1.2902206182479858,0.5418518079808426,0.32
15,sco_kcal,88,0.6167981624603271,0.020617928355932236,0.6600483971890296,0.9196952173851332,4.324997425079346,2.417628288269043,0.5589895323983204,0.4
15,sco_kcal,89,0.20646296441555023,0.026442240923643112,0.6637116299455992,0.9428349079455227,5.693248271942139,0.4668180048465729,0.08199501981095357,0.16
15,sco_kcal,90,0.7339937686920166,0.01305674109607935,0.6982005524003807,0.9055784419875785,3.024920701980591,2.8919832706451416,0.9560525896601496,0.58
15,sco_kcal,91,0.23127393424510956,0.012550518848001957,0.6525478138861132,0.958307551602618,2.66196608543396,0.4498109519481659,0.16897696571323398,0.1
15,sco_kcal,92,0.4840443730354309,0.011513381265103817,0.650300420949941,0.9242057075842134,2.5044398307800293,0.7689917683601379,0.30705140483276405,0.4
15,sco_kcal,93,0.740342378616333,0.012900394387543201,0.6956873737668923,0.9107732961177908,2.7823712825775146,2.9132909774780273,1.047053279955949,0.62
15,sco_kcal,94,0.4655378460884094,0.02794654667377472,0.6579280409233037,0.9024752128476268,6.046830654144287,3.163403034210205,0.5231505916313564,0.18
15,sco_kcal,95,0.27916988730430603,0.17311514914035797,0.6687106516544898,0.9803979516712076,37.88997268676758,1.5534389019012451,0.04099868096351933,0.18
15,sco_kcal,96,0.3783358633518219,0.030112992972135544,0.6530862352474958,0.8958704662699173,6.3252177238464355,2.2506988048553467,0.35582945965165474,0.14
15,sco_kcal,97,0.35963207483291626,0.023585159331560135,0.6601512570703962,0.9090086616542516,5.120052814483643,1.8620681762695312,0.3636814391840059,0.12
15,sco_kcal,98,0.17687533795833588,0.00945056788623333,0.6537573071883724,0.949811598579509,2.0397160053253174,0.15081559121608734,0.07393950472631289,0.08
15,sco_kcal,99,0.10954833775758743,0.01379763800650835,0.6557427625787817,0.9538717422248733,2.973212242126465,0.0753876119852066,0.025355610647993562,0.02
15,sco_kcal,100,0.8934723734855652,0.006903598550707102,0.728630148058083,0.9000805592532184,1.55870521068573,2.5902411937713623,1.6617902962111886,0.8
15,sco_kcal,101,0.07244161516427994,0.04443318024277687,0.6315729248998159,0.9630947845083873,8.86275863647461,0.03446921333670616,0.003889219457568031,0.08
15,sco_kcal,102,0.37293556332588196,0.0261902566999197,0.633641650965884,0.9150579615290348,5.188205718994141,1.3702898025512695,0.2641163201248183,0.22
15,sco_kcal,103,0.16800065338611603,0.008966481313109398,0.6638711215224047,0.9810004312021277,1.9705231189727783,0.253968745470047,0.12888392073392133,0.06
15,sco_kcal,104,0.3217175602912903,0.022244444116950035,0.6270472441064476,0.9176636322238041,4.451533317565918,1.0346096754074097,0.23241647351594583,0.14
15,sco_kcal,105,0.14246375858783722,0.027100538834929466,0.6617977083076334,0.9197710602584681,5.834967613220215,0.7308234572410583,0.1252489312169001,0.04
15,sco_kcal,106,0.16932199895381927,0.03631144016981125,0.6450978600222144,0.9507470229600046,7.326983451843262,0.4759584963321686,0.06495967944521983,0.06
15,sco_kcal,107,0.8597788214683533,0.013746988028287888,0.7297368034293699,0.950277864952795,3.088608503341675,4.055429458618164,1.31302800410944,0.74
15,sco_kcal,108,0.18811973929405212,0.01005988847464323,0.6645849262967642,0.9646260766646724,2.260082960128784,0.11477303504943848,0.05078266465178715,0.16
15,sco_kcal,109,0.13229364156723022,0.009730778634548187,0.6562717225573149,0.970450428802685,2.16622257232666,0.2125382423400879,0.09811468362265673,0.06
15,sco_kcal,110,0.07771500945091248,0.028365476056933403,0.6264421080403397,0.9558079406758093,5.438271522521973,0.1118050292134285,0.02055892736329933,0.04
15,sco_kcal,111,0.765652596950531,0.009436994791030884,0.7123050279435743,0.9273373312012068,2.1490402221679688,2.230982542037964,1.038129728343256,0.62
15,sco_kcal,112,0.21208570897579193,0.04267849028110504,0.6684129991477255,0.9149345176949324,9.569690704345703,1.9667575359344482,0.2055194464165202,0.1
15,sco_kcal,113,0.053319018334150314,0.10550187528133392,0.652961021494318,0.9664181422645539,22.43234634399414,0.191237673163414,0.00852508561658395,0.1
15,sco_kcal,114,0.7229577898979187,0.011628608219325542,0.6487240445743796,0.9137927199666334,2.216503620147705,1.9575220346450806,0.8831576077076895,0.66
15,sco_kcal,115,0.27474766969680786,0.02806062065064907,0.6352367006309454,0.930858261369707,5.574861526489258,1.1177643537521362,0.20050082830596205,0.06
15,sco_kcal,116,0.8420388698577881,0.013354203663766384,0.6920236404551134,0.9182640816075087,2.861760139465332,3.986712694168091,1.3930981283822534,0.5
15,sco_kcal,117,0.6392056345939636,0.017449185252189636,0.6823564914616143,0.9110398522591201,4.279474258422852,2.4562792778015137,0.5739675318684463,0.36
15,sco_kcal,118,0.44813382625579834,0.0246534775942564,0.6391938888656343,0.9341277284814433,5.153685569763184,1.614518404006958,0.3132745259973527,0.26
15,sco_kcal,119,0.17153170704841614,0.023212097585201263,0.6710642179112809,0.9603321449721107,5.184406757354736,0.12226828932762146,0.023583853476421085,0.1
15,sco_kcal,120,0.2321653515100479,0.012391267344355583,0.6548907412314091,0.955221571014994,2.7586164474487305,0.4367857873439789,0.15833509139986982,0.04
15,sco_kcal,121,0.3299867808818817,0.019967762753367424,0.6390555102878623,0.9242329066484785,4.0730366706848145,1.2924752235412598,0.31732472060556016,0.08
15,sco_kcal,122,0.5647715330123901,0.011306032538414001,0.6717442396414377,0.9162970343149928,2.6423699855804443,1.2615960836410522,0.47744868830846937,0.4
15,sco_kcal,123,0.4139503538608551,0.02374841272830963,0.6223209562307157,0.8933360842705691,4.641643047332764,1.7493189573287964,0.3768749426636783,0.14
15,sco_kcal,124,0.9098469018936157,0.005631334148347378,0.740383468229669,0.9064580213378959,1.2987852096557617,2.258260726928711,1.7387484167049105,0.82
15,sco_kcal,125,0.6766819953918457,0.015716301277279854,0.6410615323215545,0.9192225008986739,2.934497594833374,2.3460075855255127,0.7994580025064641,0.68
15,sco_kcal,126,0.2666373550891876,0.022373788058757782,0.6405281133592038,0.9297244168297505,4.615180969238281,0.9573261737823486,0.20742982348108266,0.12
15,sco_kcal,127,0.15068376064300537,0.021721355617046356,0.654119948760588,0.9331880167091102,4.818492412567139,0.4838893413543701,0.10042338970843566,0.04
15,sco_kcal,128,0.035169586539268494,0.06578417867422104,0.6578269082882107,0.9658280249000886,14.004210472106934,0.09217946231365204,0.006582267704220218,0.06
15,sco_kcal,129,0.195064976811409,0.024759061634540558,0.6656419813204231,0.9698366777851513,5.403436660766602,0.3228066563606262,0.059740990156221925,0.22
15,sco_kcal,130,0.34390655159950256,0.014687681570649147,0.6713807340872249,0.9320410379744841,3.4777889251708984,1.1429672241210938,0.328647669169551,0.18
15,sco_kcal,131,0.1723080724477768,0.021935615688562393,0.6317852456041888,0.9507100177112993,4.371575832366943,0.2572316527366638,0.05884185991516667,0.1
15,sco_kcal,132,0.45588502287864685,0.017273765057325363,0.629634548488107,0.9287159099938211,3.4925546646118164,1.4582656621932983,0.41753552978543823,0.2
15,sco_kcal,133,0.05723493918776512,0.03726223111152649,0.6625663163209587,0.948382082150087,8.395919799804688,0.04383322224020958,0.005220776673120348,0.14
15,sco_kcal,134,0.2918623685836792,0.0049789766781032085,0.6084664633253569,0.9492703887918192,0.9278594851493835,0.2456265538930893,0.2647238701812095,0.18
15,sco_kcal,135,0.12991923093795776,0.04312220960855484,0.652467553676189,0.9176268867916639,8.907981872558594,0.7470380663871765,0.08386165094121466,0.04
15,sco_kcal,136,0.7927607297897339,0.010247576981782913,0.7158794070032257,0.9398253511378729,2.450223684310913,2.335115671157837,0.9530214266190769,0.56
15,sco_kcal,137,0.08144394308328629,0.036065805703401566,0.6088417274426734,0.9603648930400219,6.476210594177246,0.04956334829330444,0.00765314030057435,0.08
15,sco_kcal,138,0.3211018741130829,0.017427684739232063,0.6439452061452515,0.9419212593738395,3.795740842819214,0.532417356967926,0.1402670464120736,0.24
15,sco_kcal,139,0.3438679277896881,0.009912560693919659,0.6536259352838814,0.9492867506954659,2.236043691635132,0.22495584189891815,0.1006044035456287,0.2
15,sco_kcal,140,0.2795448303222656,0.016742298379540443,0.6311547973209397,0.9479411129748327,3.304799795150757,0.28014662861824036,0.0847696217572117,0.1
15,sco_kcal,141,0.6718788146972656,0.02487149089574814,0.6758203105928724,0.9230775797735116,5.526088237762451,4.480728626251221,0.8108319001553794,0.34
15,sco_kcal,142,0.2317550629377365,0.044357892125844955,0.5976111463685798,0.933625835520866,7.744994640350342,1.43341863155365,0.1850767751452969,0.1
15,sco_kcal,143,0.08482161164283752,0.037557415664196014,0.6429683138051907,0.9544425371354579,7.6379780769348145,0.2624024450778961,0.03435496180203759,0.04
15,sco_kcal,144,0.866956353187561,0.00991846714168787,0.7295550743332897,0.9117574285664192,2.299320936203003,3.4938812255859375,1.5195274268043584,0.78
15,sco_kcal,145,0.2692168354988098,0.01836293749511242,0.6457390625175934,0.9448460774081535,3.8332035541534424,0.6667163968086243,0.1739319050996413,0.06
15,sco_kcal,146,0.8078487515449524,0.011228973977267742,0.7147778647246383,0.9069558750107021,2.7598276138305664,3.00770902633667,1.0898177158833666,0.66
15,sco_kcal,147,0.09446100890636444,0.026622187346220016,0.6024339041883167,0.9406870265529035,4.757586479187012,0.20346538722515106,0.04276651367563154,0.06
15,sco_kcal,148,0.08359536528587341,0.04783942922949791,0.6421884658204968,0.9360147908709731,9.649459838867188,0.2956564128398895,0.030639685306426287,0.02
15,sco_kcal,149,0.09011580049991608,0.07179224491119385,0.6581806521985338,0.9307182081892882,15.305097579956055,0.7383949756622314,0.048245035472968975,0.02
15,sco_kcal,150,0.2515757083892822,0.030475148931145668,0.5962882057209689,0.9097584399411247,5.270200729370117,0.7908200621604919,0.1500550174025362,0.14
15,sco_kcal,151,0.2869979441165924,0.04784395173192024,0.6084921655215338,0.8964994779597666,8.939203262329102,2.226299285888672,0.24904896113846858,0.1
15,sco_kcal,152,0.1296653151512146,0.05225076153874397,0.6034627446137417,0.9481910975126322,9.02968692779541,0.34944671392440796,0.038699759661515204,0.04
15,sco_kcal,153,0.7130931615829468,0.013711544685065746,0.6931034131455474,0.8973367756150707,3.131613254547119,2.801246166229248,0.8945057829736235,0.58
15,sco_kcal,154,0.06150786578655243,0.0566643588244915,0.6551923278899427,0.9660089377652252,12.140363693237305,0.1835166960954666,0.015116243691916179,0.02
15,sco_kcal,155,0.1331074982881546,0.08076484501361847,0.6238247891832345,0.9417216555158832,15.246086120605469,0.9145737290382385,0.05998744345292456,0.04
15,sco_kcal,156,0.38312000036239624,0.9979674816131592,0.6728212858573732,0.9845884119120234,218.33792114257812,0.6475544571876526,0.00296583595647954,0.24
15,sco_kcal,157,0.25331318378448486,0.007568974979221821,0.6640259694250605,0.945726340710892,1.6539559364318848,0.3870410621166229,0.23400929468024104,0.16
15,sco_kcal,158,0.07191389054059982,0.020088570192456245,0.6380541683792893,0.9616848385001415,4.059789180755615,0.11022317409515381,0.027149974835550175,0.04
15,sco_kcal,159,0.7963780164718628,0.02108345367014408,0.6609585359115495,0.9228490438749772,4.128270149230957,4.714809417724609,1.1420787030138804,0.68
15,sco_kcal,160,0.2436988800764084,0.02699131891131401,0.6249400927990068,0.9464862346679765,5.297825336456299,1.0987197160720825,0.20739070208890903,0.12
15,sco_kcal,161,0.5486876368522644,0.02335001714527607,0.6657915287569229,0.9031758220669277,5.042250633239746,2.876748561859131,0.5705286728301252,0.18
15,sco_kcal,162,0.09469348937273026,0.01874745637178421,0.6663271375027429,0.9643001364773818,4.161160469055176,0.22241607308387756,0.05345049169285675,0.1
15,sco_kcal,163,0.19385331869125366,0.020554812625050545,0.6544115075544192,0.9541435614937714,4.298141002655029,0.14222131669521332,0.03308903002655356,0.18
15,sco_kcal,164,0.4135391116142273,0.01578814536333084,0.6309693585833496,0.9287517364600932,3.288177967071533,1.151084542274475,0.3500675917792967,0.28
15,sco_kcal,165,0.08690378814935684,0.019374331459403038,0.6491428449436705,0.9549053961040515,4.222136974334717,0.17288370430469513,0.04094696722432518,0.02
15,sco_kcal,166,0.47167328000068665,0.017223171889781952,0.6246205897824726,0.924824068815965,3.466815233230591,1.1494172811508179,0.33154846850021497,0.36
15,sco_kcal,167,0.12907691299915314,0.010601704940199852,0.6484289261963201,0.9466265653972041,2.239748477935791,0.22015433013439178,0.09829422022301879,0.08
15,sco_kcal,168,0.044907841831445694,0.0341947115957737,0.6605213919227262,0.9598387635827106,7.2769999504089355,0.1600821316242218,0.021998369206423573,0.02
15,sco_kcal,169,0.23464708030223846,0.015304995700716972,0.6653629894060757,0.966572799923024,3.3885140419006348,0.11267770826816559,0.03325283793274886,0.24
15,sco_kcal,170,0.22730185091495514,0.016105320304632187,0.6573253049409868,0.9373015472829016,3.4980335235595703,0.3825024664402008,0.10934785612087829,0.16
15,sco_kcal,171,0.23105384409427643,0.01845843344926834,0.614647850997182,0.94352156424604,3.5213754177093506,0.3432786762714386,0.09748425985626402,0.18
15,sco_kcal,172,0.17749562859535217,0.03801192715764046,0.6159306638725603,0.9124042921645132,7.058386325836182,0.8339681029319763,0.1181527992990918,0.12
15,sco_kcal,173,0.14813536405563354,0.020019356161355972,0.6184916663321924,0.9499834054029048,3.818110942840576,0.2186923772096634,0.05727763820476151,0.04
15,sco_kcal,174,0.2865157127380371,0.008080137893557549,0.6181836304589738,0.9587565602281396,1.6221058368682861,0.16779600083827972,0.10344331240570256,0.22
15,sco_kcal,175,0.19936969876289368,0.02533183991909027,0.6006506775095872,0.9434981572970282,4.608111381530762,0.3715190589427948,0.0806228470153385,0.14
15,sco_kcal,176,0.1080545112490654,0.02242099866271019,0.6641423160349516,0.9811125148204372,4.8981757164001465,0.28264084458351135,0.057703288111361335,0.04
15,sco_kcal,177,0.3609772324562073,0.026919707655906677,0.6467280168568688,0.9416197126666443,5.928567886352539,0.6159178018569946,0.10388981178318406,0.26
15,sco_kcal,178,0.7158175110816956,0.011924111284315586,0.6856528195382916,0.9049400866980459,2.7918050289154053,2.177210807800293,0.7798577569888978,0.7
15,sco_kcal,179,0.22145231068134308,0.05094372108578682,0.6709711868563806,0.9432574069975999,12.028225898742676,0.8976038098335266,0.07462478817656344,0.16
15,sco_kcal,180,0.3785459101200104,0.01309902872890234,0.659450880535001,0.9316963277221544,2.9831461906433105,0.7124937772750854,0.2388397120831136,0.3
15,sco_kcal,181,0.12163437157869339,0.02014693059027195,0.644288597255706,0.9744288796360701,4.137269973754883,0.14247801899909973,0.034437689564113756,0.04
15,sco_kcal,182,0.467095285654068,0.02726794220507145,0.6441258356154451,0.923666923070319,5.726263523101807,2.5156381130218506,0.4393158126364359,0.24
15,sco_kcal,183,0.192110076546669,0.030345186591148376,0.6704686659863774,0.9461674982208343,7.230147361755371,0.6811174750328064,0.09420519955591075,0.02
15,sco_kcal,184,0.12024642527103424,0.016413860023021698,0.6496067133342631,0.9545602095566676,3.5983080863952637,0.09807766228914261,0.027256605030559093,0.04
15,sco_kcal,185,0.19095222651958466,0.035340212285518646,0.6422370744613579,0.9479533527970354,7.23625373840332,0.9376708269119263,0.12957959474743672,0.08
15,sco_kcal,186,0.35953304171562195,0.03791654482483864,0.601891750069723,0.9040832814315232,6.890110492706299,2.3515522480010986,0.34129383708583394,0.12
15,sco_kcal,187,0.07746827602386475,0.02053968980908394,0.6598814448595758,0.9638525377694667,4.4502410888671875,0.11584439873695374,0.026031038863658963,0.04
15,sco_kcal,188,0.40478241443634033,0.00904701929539442,0.6286319826339732,0.9272253703959759,1.8826576471328735,0.41142702102661133,0.2185352295215115,0.18
15,sco_kcal,189,0.19421952962875366,0.02398168295621872,0.6538239654157494,0.9334958733670176,4.798255920410156,0.3201328217983246,0.06671858006501653,0.12
15,sco_kcal,190,0.09059886634349823,0.019832611083984375,0.6576294549953332,0.9699372592723805,4.089494228363037,0.06145104393362999,0.015026563311284564,0.0
15,sco_kcal,191,0.24226908385753632,0.04432688653469086,0.6323812362906012,0.9273160481964422,8.615180969238281,2.0798451900482178,0.24141630889410198,0.06
15,sco_kcal,192,0.3056292235851288,0.01553908921778202,0.6627578096478555,0.9279433011010294,3.40885066986084,0.4670565724372864,0.13701291657236284,0.2
15,sco_kcal,193,0.1358589231967926,0.0179971344769001,0.6625772822149074,0.9361176320587181,3.9877521991729736,0.44517797231674194,0.11163631792594036,0.08
15,sco_kcal,194,0.3355450928211212,0.01022041030228138,0.6648849499847467,0.9664120175067856,2.3678500652313232,0.32089152932167053,0.1355202062974885,0.26
15,sco_kcal,195,0.1790907382965088,0.05741429328918457,0.6031297756691907,0.9231476594042736,10.270563125610352,0.7254971861839294,0.07063850124973699,0.06
15,sco_kcal,196,0.22454917430877686,0.028423503041267395,0.6501582235703316,0.9238600305522569,6.201207637786865,1.4930258989334106,0.24076373283095762,0.12
15,sco_kcal,197,0.7101125717163086,0.023959282785654068,0.6393591872886562,0.9096845815497219,4.422627925872803,3.6879348754882812,0.8338786208791167,0.62
15,sco_kcal,198,0.16088369488716125,0.010588714852929115,0.6509876537288835,0.9603004707289575,2.268209218978882,0.17169800400733948,0.07569760433503382,0.06
15,sco_kcal,199,0.4923871159553528,0.028141500428318977,0.6416859400445358,0.8990445969115621,5.902535915374756,2.8408100605010986,0.4812863659332319,0.3
15,sco_kcal,200,0.1451692432165146,0.05267677083611488,0.593760694014011,0.9698691854777852,9.07496452331543,0.036663226783275604,0.004040040783529271,0.24
15,sco_kcal,201,0.07660108804702759,0.022989800199866295,0.6474990906189746,0.9638797222587021,4.750235080718994,0.01758955605328083,0.0037028811741709592,0.04
15,sco_kcal,202,0.45836108922958374,0.02208009921014309,0.6345741016023689,0.9138664059560979,4.360172271728516,1.8610647916793823,0.4268328579002671,0.18
15,sco_kcal,203,0.8410714864730835,0.008000234141945839,0.698477530062958,0.9109469665223842,1.8175815343856812,1.9790626764297485,1.0888439604986666,0.68
15,sco_kcal,204,0.15197594463825226,0.029004216194152832,0.6630235665491466,0.9465328835272506,6.660042762756348,0.3297298550605774,0.049508669359371246,0.12
15,sco_kcal,205,0.23607389628887177,0.0542440265417099,0.6353777290978981,0.9001030589900627,10.845381736755371,2.533917188644409,0.23364020282078932,0.04
15,sco_kcal,206,0.2001412808895111,0.03082258068025112,0.6663716307093528,0.9725808865955217,6.769411563873291,0.25448164343833923,0.03759287510253418,0.2
15,sco_kcal,207,0.42306411266326904,0.041013963520526886,0.6202198954467721,0.8908677226722415,7.86720609664917,2.9957289695739746,0.38078689343729366,0.12
15,sco_kcal,208,0.20431828498840332,0.012436087243258953,0.6361742373420469,0.9503378562121116,2.597783088684082,0.20006535947322845,0.07701388169963505,0.08
15,sco_kcal,209,0.4848092794418335,0.014819694682955742,0.6576739889957905,0.9036653986705241,3.3656163215637207,1.5780333280563354,0.4688690502080627,0.32
15,sco_kcal,210,0.35859471559524536,0.017477143555879593,0.6234425661306444,0.9313092956418578,3.326087474822998,1.036948323249817,0.31176219239543584,0.2
15,sco_kcal,211,0.5319027900695801,0.02691911719739437,0.6397455182217073,0.9019178292103489,5.378373622894287,2.9629523754119873,0.5509011800146233,0.38
15,sco_kcal,212,0.3104938864707947,0.17376312613487244,0.6695907956117666,0.9843055288298408,38.49683380126953,2.0268964767456055,0.05265099169477058,0.22
15,sco_kcal,213,0.23345519602298737,0.0328308641910553,0.6359428689765529,0.9461813380019688,6.555628776550293,0.7803934216499329,0.1190417347061241,0.08
15,sco_kcal,214,0.14678849279880524,0.01583685725927353,0.6361251896999081,0.9550149390387914,3.2493770122528076,0.08222811669111252,0.025305809815557044,0.06
15,sco_kcal,215,0.09008016437292099,0.01020163856446743,0.6337446649125509,0.955555253162693,2.067673921585083,0.11286476254463196,0.05458537797783395,0.04
15,sco_kcal,216,0.09100767225027084,0.015353974886238575,0.6613080874944126,0.9603378769721733,3.2877330780029297,0.2018403857946396,0.061391962487795285,0.02
15,sco_kcal,217,0.14540155231952667,0.04589966684579849,0.6091227183778853,0.9072691538046134,8.32065486907959,1.8462117910385132,0.22188299119330454,0.04
15,sco_kcal,218,0.5536547899246216,0.022929230704903603,0.6213393395275209,0.9200321233538318,4.256072044372559,2.659520387649536,0.6248767313903892,0.44
15,sco_kcal,219,0.6053885221481323,0.018620839342474937,0.6310208425599777,0.9016016754471674,3.763219118118286,2.309629201889038,0.6137376350925632,0.38
15,sco_kcal,220,0.28834792971611023,0.054851580411195755,0.6543444527774489,0.9401281436284972,10.970186233520508,2.0213794708251953,0.18426118096780042,0.1
15,sco_kcal,221,0.14696095883846283,0.06699156761169434,0.6339453234162991,0.9073715606239907,13.27196979522705,2.2573130130767822,0.17008123495643965,0.14
15,sco_kcal,222,0.6408481001853943,0.024668216705322266,0.6472889063573579,0.91725175477851,4.863933086395264,2.8979876041412354,0.5958115690873903,0.48
15,sco_kcal,223,0.8116893172264099,0.006150758825242519,0.7253741912226193,0.9392343229781137,1.559977650642395,1.440340518951416,0.9233084322447103,0.66
15,sco_kcal,224,0.0542275607585907,0.04429858922958374,0.6333153147076,0.9655413762659173,8.789591789245605,0.08173847198486328,0.009299461675213786,0.04
15,sco_kcal,225,0.13208989799022675,0.023934928700327873,0.6143301942610775,0.9501748830156176,4.535708904266357,0.17154251039028168,0.037820440864034764,0.1
15,sco_kcal,226,0.2034447342157364,0.012547092512249947,0.6421497993522418,0.9439522119077235,2.669189929962158,0.19613493978977203,0.07348107288586717,0.08
15,sco_kcal,227,0.30492040514945984,0.16763801872730255,0.6682545203888,0.9838068706165948,36.60689926147461,1.3201080560684204,0.03606172832719849,0.22
15,sco_kcal,228,0.18942703306674957,0.012935303151607513,0.6227470634832182,0.9343217833163926,2.5518975257873535,0.16587482392787933,0.0650005818226188,0.06
15,sco_kcal,229,0.1002979427576065,0.021318452432751656,0.6106628597164876,0.9584935791904774,4.015315532684326,0.21006621420383453,0.05231624077707305,0.12
15,sco_kcal,230,0.4762062728404999,0.030958645045757294,0.6398496132122802,0.9205693766813021,6.107489109039307,2.953120470046997,0.48352447582366886,0.16
15,sco_kcal,231,0.8225146532058716,0.008870272897183895,0.6463351294167139,0.9288756302321441,1.8316614627838135,2.3508806228637695,1.2834689546237608,0.5
15,sco_kcal,232,0.16522380709648132,0.03078395500779152,0.6462392600586895,0.9527890211731618,6.422975063323975,0.6123818755149841,0.09534240277714365,0.02
15,sco_kcal,233,0.23336513340473175,0.023477794602513313,0.6311486304362173,0.9411103348685663,4.646358013153076,0.8666702508926392,0.18652679118553459,0.06
15,sco_kcal,234,0.2650226056575775,0.02042711339890957,0.6304975950544673,0.9255354647513725,4.0437846183776855,0.8894877433776855,0.21996417399068513,0.06
15,sco_kcal,235,0.1263691633939743,0.0543903149664402,0.6289653028100988,0.9254941185359948,10.416863441467285,1.0193381309509277,0.0978546120603984,0.06
15,sco_kcal,236,0.35586804151535034,0.07871048897504807,0.6742482995802257,0.9745996254926008,18.381528854370117,1.8088796138763428,0.09840746263313624,0.44
15,sco_kcal,237,0.24616208672523499,0.0376540832221508,0.6104098137273963,0.9316478687240428,6.884446144104004,1.0349881649017334,0.15033717211777753,0.1
15,sco_kcal,238,0.1610729843378067,0.035469964146614075,0.5997784681445022,0.9262284467979205,6.307220458984375,0.7575170397758484,0.12010314919257288,0.14
15,sco_kcal,239,0.1326623111963272,0.035806067287921906,0.631837379202528,0.9375472330150465,6.8522443771362305,0.4445319175720215,0.06487391475051353,0.04
15,sco_kcal,240,0.11420419067144394,0.01483706384897232,0.6345388793361393,0.9545041540692654,3.0292742252349854,0.0878143459558487,0.028988575951401956,0.08
15,sco_kcal,241,0.21765631437301636,0.03406404331326485,0.6265702080430133,0.9346995536508458,6.647690773010254,0.7294169664382935,0.10972486406854838,0.22
15,sco_kcal,242,0.11379539966583252,0.008119226433336735,0.6097710943517014,0.9699965846445109,1.472004771232605,0.11271338164806366,0.07657134260079976,0.04
15,sco_kcal,243,0.35713961720466614,0.029157811775803566,0.6514276540165878,0.9140728194680048,6.17708683013916,2.0338120460510254,0.3292510048794646,0.16
15,sco_kcal,244,0.5824479460716248,0.022375453263521194,0.6543916474750531,0.8999741786715909,4.796042442321777,2.767753839492798,0.5770911898254429,0.36
15,sco_kcal,245,0.7282005548477173,0.01352666039019823,0.6593965453576764,0.9134865097740075,2.637270450592041,2.6469168663024902,1.0036577271429572,0.66
15,sco_kcal,246,0.33794471621513367,0.046171803027391434,0.6707899995377911,0.9642896279772064,10.115097999572754,0.9587813019752502,0.09478714907317237,0.26
15,sco_kcal,247,0.07047134637832642,0.10154684633016586,0.6369358539054992,0.9496430919371117,20.169597625732422,0.5710399150848389,0.028311914083814182,0.02
15,sco_kcal,248,0.13078057765960693,0.016118327155709267,0.6159509331320052,0.9599920305941858,3.0961966514587402,0.06318769603967667,0.02040816626098554,0.12
15,sco_kcal,249,0.12823984026908875,0.049002062529325485,0.6449660337296486,0.9403588921259536,9.858509063720703,0.49779266119003296,0.05049370629702103,0.0
15,water_gsolv_eV,0,1.0000001192092896,0.0,0.6671605302564625,0.6671605302564625,,,,1.0
15,water_gsolv_eV,1,1.0000001192092896,0.0,0.6671605302564625,0.6671605302564625,,,,1.0
15,water_gsolv_eV,2,1.0000001192092896,0.0,0.6671605302564625,0.6671605302564625,,,,1.0
15,water_gsolv_eV,3,1.0000001192092896,0.0,0.6671605302564625,0.6671605302564625,,,,1.0
15,water_gsolv_eV,4,1.0000001192092896,0.0,0.6671605302564625,0.6671605302564625,,,,1.0
15,water_gsolv_eV,5,1.0000001192092896,0.0,0.6671605302564625,0.6671605302564625,,,,1.0
15,water_gsolv_eV,6,1.0000001192092896,0.0,0.6671605302564625,0.6671605302564625,,,,1.0
15,water_gsolv_eV,7,1.0000001192092896,0.0,0.6671605302564625,0.6671605302564625,,,,1.0
15,water_gsolv_eV,8,1.0000001192092896,0.0,0.6671605302564625,0.6671605302564625,,,,1.0
15,water_gsolv_eV,9,1.0000001192092896,0.0,0.6671605302564625,0.6671605302564625,,,,1.0
15,water_gsolv_eV,10,1.0000001192092896,0.0,0.6671605302564625,0.6671605302564625,,,,1.0
15,water_gsolv_eV,11,1.0000001192092896,0.0,0.6671605302564625,0.6671605302564625,,,,1.0
15,water_gsolv_eV,12,1.0000001192092896,0.0,0.6671605302564625,0.6671605302564625,,,,1.0
15,water_gsolv_eV,13,1.0000001192092896,0.0,0.6671605302564625,0.6671605302564625,,,,1.0
15,water_gsolv_eV,14,1.0000001192092896,0.0,0.6671605302564625,0.6671605302564625,,,,1.0
15,water_gsolv_eV,15,1.0000001192092896,0.0,0.6671605302564625,0.6671605302564625,,,,1.0
15,water_gsolv_eV,16,1.0000001192092896,0.0,0.6671605302564625,0.6671605302564625,,,,1.0
15,water_gsolv_eV,17,1.0000001192092896,0.0,0.6671605302564625,0.6671605302564625,,,,1.0
15,water_gsolv_eV,18,1.0000001192092896,0.0,0.6671605302564625,0.6671605302564625,,,,1.0
15,water_gsolv_eV,19,1.0000001192092896,0.0,0.6671605302564625,0.6671605302564625,,,,1.0
15,water_gsolv_eV,20,1.0000001192092896,0.0,0.6671605302564625,0.6671605302564625,,,,1.0
15,water_gsolv_eV,21,1.0000001192092896,0.0,0.6671605302564625,0.6671605302564625,,,,1.0
15,water_gsolv_eV,22,1.0000001192092896,0.0,0.6671605302564625,0.6671605302564625,,,,1.0
15,water_gsolv_eV,23,1.0000001192092896,0.0,0.6671605302564625,0.6671605302564625,,,,1.0
15,water_gsolv_eV,24,1.0000001192092896,0.0,0.6671605302564625,0.6671605302564625,,,,1.0
15,water_gsolv_eV,25,1.0000001192092896,0.0,0.6671605302564625,0.6671605302564625,,,,1.0
15,water_gsolv_eV,26,1.0000001192092896,0.0,0.6671605302564625,0.6671605302564625,,,,1.0
15,water_gsolv_eV,27,1.0000001192092896,0.0,0.6671605302564625,0.6671605302564625,,,,1.0
15,water_gsolv_eV,28,1.0000001192092896,0.0,0.6671605302564625,0.6671605302564625,,,,1.0
15,water_gsolv_eV,29,1.0000001192092896,0.0,0.6671605302564625,0.6671605302564625,,,,1.0
15,water_gsolv_eV,30,1.0000001192092896,0.0,0.6671605302564625,0.6671605302564625,,,,1.0
15,water_gsolv_eV,31,1.0000001192092896,0.0,0.6671605302564625,0.6671605302564625,,,,1.0
15,water_gsolv_eV,32,1.0000001192092896,0.0,0.6671605302564625,0.6671605302564625,,,,1.0
15,water_gsolv_eV,33,1.0000001192092896,0.0,0.6671605302564625,0.6671605302564625,,,,1.0
15,water_gsolv_eV,34,1.0000001192092896,0.0,0.6671605302564625,0.6671605302564625,,,,1.0
15,water_gsolv_eV,35,1.0000001192092896,0.0,0.6671605302564625,0.6671605302564625,,,,1.0
15,water_gsolv_eV,36,1.0000001192092896,0.0,0.6671605302564625,0.6671605302564625,,,,1.0
15,water_gsolv_eV,37,1.0000001192092896,0.0,0.6671605302564625,0.6671605302564625,,,,1.0
15,water_gsolv_eV,38,1.0000001192092896,0.0,0.6671605302564625,0.6671605302564625,,,,1.0
15,water_gsolv_eV,39,1.0000001192092896,0.0,0.6671605302564625,0.6671605302564625,,,,1.0
15,water_gsolv_eV,40,1.0000001192092896,0.0,0.6671605302564625,0.6671605302564625,,,,1.0
15,water_gsolv_eV,41,1.0000001192092896,0.0,0.6671605302564625,0.6671605302564625,,,,1.0
15,water_gsolv_eV,42,1.0000001192092896,0.0,0.6671605302564625,0.6671605302564625,,,,1.0
15,water_gsolv_eV,43,1.0000001192092896,0.0,0.6671605302564625,0.6671605302564625,,,,1.0
15,water_gsolv_eV,44,1.0000001192092896,0.0,0.6671605302564625,0.6671605302564625,,,,1.0
15,water_gsolv_eV,45,1.0000001192092896,0.0,0.6671605302564625,0.6671605302564625,,,,1.0
15,water_gsolv_eV,46,1.0000001192092896,0.0,0.6671605302564625,0.6671605302564625,,,,1.0
15,water_gsolv_eV,47,1.0000001192092896,0.0,0.6671605302564625,0.6671605302564625,,,,1.0
15,water_gsolv_eV,48,1.0000001192092896,0.0,0.6671605302564625,0.6671605302564625,,,,1.0
15,water_gsolv_eV,49,1.0000001192092896,0.0,0.6671605302564625,0.6671605302564625,,,,1.0
15,water_gsolv_eV,50,1.0000001192092896,0.0,0.6671605302564625,0.6671605302564625,,,,1.0
15,water_gsolv_eV,51,1.0000001192092896,0.0,0.6671605302564625,0.6671605302564625,,,,1.0
15,water_gsolv_eV,52,1.0000001192092896,0.0,0.6671605302564625,0.6671605302564625,,,,1.0
15,water_gsolv_eV,53,1.0000001192092896,0.0,0.6671605302564625,0.6671605302564625,,,,1.0
15,water_gsolv_eV,54,1.0000001192092896,0.0,0.6671605302564625,0.6671605302564625,,,,1.0
15,water_gsolv_eV,55,1.0000001192092896,0.0,0.6671605302564625,0.6671605302564625,,,,1.0
15,water_gsolv_eV,56,1.0000001192092896,0.0,0.6671605302564625,0.6671605302564625,,,,1.0
15,water_gsolv_eV,57,1.0000001192092896,0.0,0.6671605302564625,0.6671605302564625,,,,1.0
15,water_gsolv_eV,58,1.0000001192092896,0.0,0.6671605302564625,0.6671605302564625,,,,1.0
15,water_gsolv_eV,59,1.0000001192092896,0.0,0.6671605302564625,0.6671605302564625,,,,1.0
15,water_gsolv_eV,60,1.0000001192092896,0.0,0.6671605302564625,0.6671605302564625,,,,1.0
15,water_gsolv_eV,61,1.0000001192092896,0.0,0.6671605302564625,0.6671605302564625,,,,1.0
15,water_gsolv_eV,62,1.0000001192092896,0.0,0.6671605302564625,0.6671605302564625,,,,1.0
15,water_gsolv_eV,63,1.0000001192092896,0.0,0.6671605302564625,0.6671605302564625,,,,1.0
15,water_gsolv_eV,64,1.0000001192092896,0.0,0.6671605302564625,0.6671605302564625,,,,1.0
15,water_gsolv_eV,65,1.0000001192092896,0.0,0.6671605302564625,0.6671605302564625,,,,1.0
15,water_gsolv_eV,66,1.0000001192092896,0.0,0.6671605302564625,0.6671605302564625,,,,1.0
15,water_gsolv_eV,67,1.0000001192092896,0.0,0.6671605302564625,0.6671605302564625,,,,1.0
15,water_gsolv_eV,68,1.0000001192092896,0.0,0.6671605302564625,0.6671605302564625,,,,1.0
15,water_gsolv_eV,69,1.0000001192092896,0.0,0.6671605302564625,0.6671605302564625,,,,1.0
15,water_gsolv_eV,70,1.0000001192092896,0.0,0.6671605302564625,0.6671605302564625,,,,1.0
15,water_gsolv_eV,71,1.0000001192092896,0.0,0.6671605302564625,0.6671605302564625,,,,1.0
15,water_gsolv_eV,72,1.0000001192092896,0.0,0.6671605302564625,0.6671605302564625,,,,1.0
15,water_gsolv_eV,73,1.0000001192092896,0.0,0.6671605302564625,0.6671605302564625,,,,1.0
15,water_gsolv_eV,74,1.0000001192092896,0.0,0.6671605302564625,0.6671605302564625,,,,1.0
15,water_gsolv_eV,75,1.0000001192092896,0.0,0.6671605302564625,0.6671605302564625,,,,1.0
15,water_gsolv_eV,76,1.0000001192092896,0.0,0.6671605302564625,0.6671605302564625,,,,1.0
15,water_gsolv_eV,77,1.0000001192092896,0.0,0.6671605302564625,0.6671605302564625,,,,1.0
15,water_gsolv_eV,78,1.0000001192092896,0.0,0.6671605302564625,0.6671605302564625,,,,1.0
15,water_gsolv_eV,79,1.0000001192092896,0.0,0.6671605302564625,0.6671605302564625,,,,1.0
15,water_gsolv_eV,80,1.0000001192092896,0.0,0.6671605302564625,0.6671605302564625,,,,1.0
15,water_gsolv_eV,81,1.0000001192092896,0.0,0.6671605302564625,0.6671605302564625,,,,1.0
15,water_gsolv_eV,82,1.0000001192092896,0.0,0.6671605302564625,0.6671605302564625,,,,1.0
15,water_gsolv_eV,83,1.0000001192092896,0.0,0.6671605302564625,0.6671605302564625,,,,1.0
15,water_gsolv_eV,84,1.0000001192092896,0.0,0.6671605302564625,0.6671605302564625,,,,1.0
15,water_gsolv_eV,85,1.0000001192092896,0.0,0.6671605302564625,0.6671605302564625,,,,1.0
15,water_gsolv_eV,86,1.0000001192092896,0.0,0.6671605302564625,0.6671605302564625,,,,1.0
15,water_gsolv_eV,87,1.0000001192092896,0.0,0.6671605302564625,0.6671605302564625,,,,1.0
15,water_gsolv_eV,88,1.0000001192092896,0.0,0.6671605302564625,0.6671605302564625,,,,1.0
15,water_gsolv_eV,89,1.0000001192092896,0.0,0.6671605302564625,0.6671605302564625,,,,1.0
15,water_gsolv_eV,90,1.0000001192092896,0.0,0.6671605302564625,0.6671605302564625,,,,1.0
15,water_gsolv_eV,91,1.0000001192092896,0.0,0.6671605302564625,0.6671605302564625,,,,1.0
15,water_gsolv_eV,92,1.0000001192092896,0.0,0.6671605302564625,0.6671605302564625,,,,1.0
15,water_gsolv_eV,93,1.0000001192092896,0.0,0.6671605302564625,0.6671605302564625,,,,1.0
15,water_gsolv_eV,94,1.0000001192092896,0.0,0.6671605302564625,0.6671605302564625,,,,1.0
15,water_gsolv_eV,95,1.0000001192092896,0.0,0.6671605302564625,0.6671605302564625,,,,1.0
15,water_gsolv_eV,96,1.0000001192092896,0.0,0.6671605302564625,0.6671605302564625,,,,1.0
15,water_gsolv_eV,97,1.0000001192092896,0.0,0.6671605302564625,0.6671605302564625,,,,1.0
15,water_gsolv_eV,98,1.0000001192092896,0.0,0.6671605302564625,0.6671605302564625,,,,1.0
15,water_gsolv_eV,99,1.0000001192092896,0.0,0.6671605302564625,0.6671605302564625,,,,1.0
15,water_gsolv_eV,100,1.0000001192092896,0.0,0.6671605302564625,0.6671605302564625,,,,1.0
15,water_gsolv_eV,101,1.0000001192092896,0.0,0.6671605302564625,0.6671605302564625,,,,1.0
15,water_gsolv_eV,102,1.0000001192092896,0.0,0.6671605302564625,0.6671605302564625,,,,1.0
15,water_gsolv_eV,103,1.0000001192092896,0.0,0.6671605302564625,0.6671605302564625,,,,1.0
15,water_gsolv_eV,104,1.0000001192092896,0.0,0.6671605302564625,0.6671605302564625,,,,1.0
15,water_gsolv_eV,105,1.0000001192092896,0.0,0.6671605302564625,0.6671605302564625,,,,1.0
15,water_gsolv_eV,106,1.0000001192092896,0.0,0.6671605302564625,0.6671605302564625,,,,1.0
15,water_gsolv_eV,107,1.0000001192092896,0.0,0.6671605302564625,0.6671605302564625,,,,1.0
15,water_gsolv_eV,108,1.0000001192092896,0.0,0.6671605302564625,0.6671605302564625,,,,1.0
15,water_gsolv_eV,109,1.0000001192092896,0.0,0.6671605302564625,0.6671605302564625,,,,1.0
15,water_gsolv_eV,110,1.0000001192092896,0.0,0.6671605302564625,0.6671605302564625,,,,1.0
15,water_gsolv_eV,111,1.0000001192092896,0.0,0.6671605302564625,0.6671605302564625,,,,1.0
15,water_gsolv_eV,112,1.0000001192092896,0.0,0.6671605302564625,0.6671605302564625,,,,1.0
15,water_gsolv_eV,113,1.0000001192092896,0.0,0.6671605302564625,0.6671605302564625,,,,1.0
15,water_gsolv_eV,114,1.0000001192092896,0.0,0.6671605302564625,0.6671605302564625,,,,1.0
15,water_gsolv_eV,115,1.0000001192092896,0.0,0.6671605302564625,0.6671605302564625,,,,1.0
15,water_gsolv_eV,116,1.0000001192092896,0.0,0.6671605302564625,0.6671605302564625,,,,1.0
15,water_gsolv_eV,117,1.0000001192092896,0.0,0.6671605302564625,0.6671605302564625,,,,1.0
15,water_gsolv_eV,118,1.0000001192092896,0.0,0.6671605302564625,0.6671605302564625,,,,1.0
15,water_gsolv_eV,119,1.0000001192092896,0.0,0.6671605302564625,0.6671605302564625,,,,1.0
15,water_gsolv_eV,120,1.0000001192092896,0.0,0.6671605302564625,0.6671605302564625,,,,1.0
15,water_gsolv_eV,121,1.0000001192092896,0.0,0.6671605302564625,0.6671605302564625,,,,1.0
15,water_gsolv_eV,122,1.0000001192092896,0.0,0.6671605302564625,0.6671605302564625,,,,1.0
15,water_gsolv_eV,123,1.0000001192092896,0.0,0.6671605302564625,0.6671605302564625,,,,1.0
15,water_gsolv_eV,124,1.0000001192092896,0.0,0.6671605302564625,0.6671605302564625,,,,1.0
15,water_gsolv_eV,125,1.0000001192092896,0.0,0.6671605302564625,0.6671605302564625,,,,1.0
15,water_gsolv_eV,126,1.0000001192092896,0.0,0.6671605302564625,0.6671605302564625,,,,1.0
15,water_gsolv_eV,127,1.0000001192092896,0.0,0.6671605302564625,0.6671605302564625,,,,1.0
15,water_gsolv_eV,128,1.0000001192092896,0.0,0.6671605302564625,0.6671605302564625,,,,1.0
15,water_gsolv_eV,129,1.0000001192092896,0.0,0.6671605302564625,0.6671605302564625,,,,1.0
15,water_gsolv_eV,130,1.0000001192092896,0.0,0.6671605302564625,0.6671605302564625,,,,1.0
15,water_gsolv_eV,131,1.0000001192092896,0.0,0.6671605302564625,0.6671605302564625,,,,1.0
15,water_gsolv_eV,132,1.0000001192092896,0.0,0.6671605302564625,0.6671605302564625,,,,1.0
15,water_gsolv_eV,133,1.0000001192092896,0.0,0.6671605302564625,0.6671605302564625,,,,1.0
15,water_gsolv_eV,134,1.0000001192092896,0.0,0.6671605302564625,0.6671605302564625,,,,1.0
15,water_gsolv_eV,135,1.0000001192092896,0.0,0.6671605302564625,0.6671605302564625,,,,1.0
15,water_gsolv_eV,136,1.0000001192092896,0.0,0.6671605302564625,0.6671605302564625,,,,1.0
15,water_gsolv_eV,137,1.0000001192092896,0.0,0.6671605302564625,0.6671605302564625,,,,1.0
15,water_gsolv_eV,138,1.0000001192092896,0.0,0.6671605302564625,0.6671605302564625,,,,1.0
15,water_gsolv_eV,139,1.0000001192092896,0.0,0.6671605302564625,0.6671605302564625,,,,1.0
15,water_gsolv_eV,140,1.0000001192092896,0.0,0.6671605302564625,0.6671605302564625,,,,1.0
15,water_gsolv_eV,141,1.0000001192092896,0.0,0.6671605302564625,0.6671605302564625,,,,1.0
15,water_gsolv_eV,142,1.0000001192092896,0.0,0.6671605302564625,0.6671605302564625,,,,1.0
15,water_gsolv_eV,143,1.0000001192092896,0.0,0.6671605302564625,0.6671605302564625,,,,1.0
15,water_gsolv_eV,144,1.0000001192092896,0.0,0.6671605302564625,0.6671605302564625,,,,1.0
15,water_gsolv_eV,145,1.0000001192092896,0.0,0.6671605302564625,0.6671605302564625,,,,1.0
15,water_gsolv_eV,146,1.0000001192092896,0.0,0.6671605302564625,0.6671605302564625,,,,1.0
15,water_gsolv_eV,147,1.0000001192092896,0.0,0.6671605302564625,0.6671605302564625,,,,1.0
15,water_gsolv_eV,148,1.0000001192092896,0.0,0.6671605302564625,0.6671605302564625,,,,1.0
15,water_gsolv_eV,149,1.0000001192092896,0.0,0.6671605302564625,0.6671605302564625,,,,1.0
15,water_gsolv_eV,150,1.0000001192092896,0.0,0.6671605302564625,0.6671605302564625,,,,1.0
15,water_gsolv_eV,151,1.0000001192092896,0.0,0.6671605302564625,0.6671605302564625,,,,1.0
15,water_gsolv_eV,152,1.0000001192092896,0.0,0.6671605302564625,0.6671605302564625,,,,1.0
15,water_gsolv_eV,153,1.0000001192092896,0.0,0.6671605302564625,0.6671605302564625,,,,1.0
15,water_gsolv_eV,154,1.0000001192092896,0.0,0.6671605302564625,0.6671605302564625,,,,1.0
15,water_gsolv_eV,155,1.0000001192092896,0.0,0.6671605302564625,0.6671605302564625,,,,1.0
15,water_gsolv_eV,156,1.0000001192092896,0.0,0.6671605302564625,0.6671605302564625,,,,1.0
15,water_gsolv_eV,157,1.0000001192092896,0.0,0.6671605302564625,0.6671605302564625,,,,1.0
15,water_gsolv_eV,158,1.0000001192092896,0.0,0.6671605302564625,0.6671605302564625,,,,1.0
15,water_gsolv_eV,159,1.0000001192092896,0.0,0.6671605302564625,0.6671605302564625,,,,1.0
15,water_gsolv_eV,160,1.0000001192092896,0.0,0.6671605302564625,0.6671605302564625,,,,1.0
15,water_gsolv_eV,161,1.0000001192092896,0.0,0.6671605302564625,0.6671605302564625,,,,1.0
15,water_gsolv_eV,162,1.0000001192092896,0.0,0.6671605302564625,0.6671605302564625,,,,1.0
15,water_gsolv_eV,163,1.0000001192092896,0.0,0.6671605302564625,0.6671605302564625,,,,1.0
15,water_gsolv_eV,164,1.0000001192092896,0.0,0.6671605302564625,0.6671605302564625,,,,1.0
15,water_gsolv_eV,165,1.0000001192092896,0.0,0.6671605302564625,0.6671605302564625,,,,1.0
15,water_gsolv_eV,166,1.0000001192092896,0.0,0.6671605302564625,0.6671605302564625,,,,1.0
15,water_gsolv_eV,167,1.0000001192092896,0.0,0.6671605302564625,0.6671605302564625,,,,1.0
15,water_gsolv_eV,168,1.0000001192092896,0.0,0.6671605302564625,0.6671605302564625,,,,1.0
15,water_gsolv_eV,169,1.0000001192092896,0.0,0.6671605302564625,0.6671605302564625,,,,1.0
15,water_gsolv_eV,170,1.0000001192092896,0.0,0.6671605302564625,0.6671605302564625,,,,1.0
15,water_gsolv_eV,171,1.0000001192092896,0.0,0.6671605302564625,0.6671605302564625,,,,1.0
15,water_gsolv_eV,172,1.0000001192092896,0.0,0.6671605302564625,0.6671605302564625,,,,1.0
15,water_gsolv_eV,173,1.0000001192092896,0.0,0.6671605302564625,0.6671605302564625,,,,1.0
15,water_gsolv_eV,174,1.0000001192092896,0.0,0.6671605302564625,0.6671605302564625,,,,1.0
15,water_gsolv_eV,175,1.0000001192092896,0.0,0.6671605302564625,0.6671605302564625,,,,1.0
15,water_gsolv_eV,176,1.0000001192092896,0.0,0.6671605302564625,0.6671605302564625,,,,1.0
15,water_gsolv_eV,177,1.0000001192092896,0.0,0.6671605302564625,0.6671605302564625,,,,1.0
15,water_gsolv_eV,178,1.0000001192092896,0.0,0.6671605302564625,0.6671605302564625,,,,1.0
15,water_gsolv_eV,179,1.0000001192092896,0.0,0.6671605302564625,0.6671605302564625,,,,1.0
15,water_gsolv_eV,180,1.0000001192092896,0.0,0.6671605302564625,0.6671605302564625,,,,1.0
15,water_gsolv_eV,181,1.0000001192092896,0.0,0.6671605302564625,0.6671605302564625,,,,1.0
15,water_gsolv_eV,182,1.0000001192092896,0.0,0.6671605302564625,0.6671605302564625,,,,1.0
15,water_gsolv_eV,183,1.0000001192092896,0.0,0.6671605302564625,0.6671605302564625,,,,1.0
15,water_gsolv_eV,184,1.0000001192092896,0.0,0.6671605302564625,0.6671605302564625,,,,1.0
15,water_gsolv_eV,185,1.0000001192092896,0.0,0.6671605302564625,0.6671605302564625,,,,1.0
15,water_gsolv_eV,186,1.0000001192092896,0.0,0.6671605302564625,0.6671605302564625,,,,1.0
15,water_gsolv_eV,187,1.0000001192092896,0.0,0.6671605302564625,0.6671605302564625,,,,1.0
15,water_gsolv_eV,188,1.0000001192092896,0.0,0.6671605302564625,0.6671605302564625,,,,1.0
15,water_gsolv_eV,189,1.0000001192092896,0.0,0.6671605302564625,0.6671605302564625,,,,1.0
15,water_gsolv_eV,190,1.0000001192092896,0.0,0.6671605302564625,0.6671605302564625,,,,1.0
15,water_gsolv_eV,191,1.0000001192092896,0.0,0.6671605302564625,0.6671605302564625,,,,1.0
15,water_gsolv_eV,192,1.0000001192092896,0.0,0.6671605302564625,0.6671605302564625,,,,1.0
15,water_gsolv_eV,193,1.0000001192092896,0.0,0.6671605302564625,0.6671605302564625,,,,1.0
15,water_gsolv_eV,194,1.0000001192092896,0.0,0.6671605302564625,0.6671605302564625,,,,1.0
15,water_gsolv_eV,195,1.0000001192092896,0.0,0.6671605302564625,0.6671605302564625,,,,1.0
15,water_gsolv_eV,196,1.0000001192092896,0.0,0.6671605302564625,0.6671605302564625,,,,1.0
15,water_gsolv_eV,197,1.0000001192092896,0.0,0.6671605302564625,0.6671605302564625,,,,1.0
15,water_gsolv_eV,198,1.0000001192092896,0.0,0.6671605302564625,0.6671605302564625,,,,1.0
15,water_gsolv_eV,199,1.0000001192092896,0.0,0.6671605302564625,0.6671605302564625,,,,1.0
15,water_gsolv_eV,200,1.0000001192092896,0.0,0.6671605302564625,0.6671605302564625,,,,1.0
15,water_gsolv_eV,201,1.0000001192092896,0.0,0.6671605302564625,0.6671605302564625,,,,1.0
15,water_gsolv_eV,202,1.0000001192092896,0.0,0.6671605302564625,0.6671605302564625,,,,1.0
15,water_gsolv_eV,203,1.0000001192092896,0.0,0.6671605302564625,0.6671605302564625,,,,1.0
15,water_gsolv_eV,204,1.0000001192092896,0.0,0.6671605302564625,0.6671605302564625,,,,1.0
15,water_gsolv_eV,205,1.0000001192092896,0.0,0.6671605302564625,0.6671605302564625,,,,1.0
15,water_gsolv_eV,206,1.0000001192092896,0.0,0.6671605302564625,0.6671605302564625,,,,1.0
15,water_gsolv_eV,207,1.0000001192092896,0.0,0.6671605302564625,0.6671605302564625,,,,1.0
15,water_gsolv_eV,208,1.0000001192092896,0.0,0.6671605302564625,0.6671605302564625,,,,1.0
15,water_gsolv_eV,209,1.0000001192092896,0.0,0.6671605302564625,0.6671605302564625,,,,1.0
15,water_gsolv_eV,210,1.0000001192092896,0.0,0.6671605302564625,0.6671605302564625,,,,1.0
15,water_gsolv_eV,211,1.0000001192092896,0.0,0.6671605302564625,0.6671605302564625,,,,1.0
15,water_gsolv_eV,212,1.0000001192092896,0.0,0.6671605302564625,0.6671605302564625,,,,1.0
15,water_gsolv_eV,213,1.0000001192092896,0.0,0.6671605302564625,0.6671605302564625,,,,1.0
15,water_gsolv_eV,214,1.0000001192092896,0.0,0.6671605302564625,0.6671605302564625,,,,1.0
15,water_gsolv_eV,215,1.0000001192092896,0.0,0.6671605302564625,0.6671605302564625,,,,1.0
15,water_gsolv_eV,216,1.0000001192092896,0.0,0.6671605302564625,0.6671605302564625,,,,1.0
15,water_gsolv_eV,217,1.0000001192092896,0.0,0.6671605302564625,0.6671605302564625,,,,1.0
15,water_gsolv_eV,218,1.0000001192092896,0.0,0.6671605302564625,0.6671605302564625,,,,1.0
15,water_gsolv_eV,219,1.0000001192092896,0.0,0.6671605302564625,0.6671605302564625,,,,1.0
15,water_gsolv_eV,220,1.0000001192092896,0.0,0.6671605302564625,0.6671605302564625,,,,1.0
15,water_gsolv_eV,221,1.0000001192092896,0.0,0.6671605302564625,0.6671605302564625,,,,1.0
15,water_gsolv_eV,222,1.0000001192092896,0.0,0.6671605302564625,0.6671605302564625,,,,1.0
15,water_gsolv_eV,223,1.0000001192092896,0.0,0.6671605302564625,0.6671605302564625,,,,1.0
15,water_gsolv_eV,224,1.0000001192092896,0.0,0.6671605302564625,0.6671605302564625,,,,1.0
15,water_gsolv_eV,225,1.0000001192092896,0.0,0.6671605302564625,0.6671605302564625,,,,1.0
15,water_gsolv_eV,226,1.0000001192092896,0.0,0.6671605302564625,0.6671605302564625,,,,1.0
15,water_gsolv_eV,227,1.0000001192092896,0.0,0.6671605302564625,0.6671605302564625,,,,1.0
15,water_gsolv_eV,228,1.0000001192092896,0.0,0.6671605302564625,0.6671605302564625,,,,1.0
15,water_gsolv_eV,229,1.0000001192092896,0.0,0.6671605302564625,0.6671605302564625,,,,1.0
15,water_gsolv_eV,230,1.0000001192092896,0.0,0.6671605302564625,0.6671605302564625,,,,1.0
15,water_gsolv_eV,231,1.0000001192092896,0.0,0.6671605302564625,0.6671605302564625,,,,1.0
15,water_gsolv_eV,232,1.0000001192092896,0.0,0.6671605302564625,0.6671605302564625,,,,1.0
15,water_gsolv_eV,233,1.0000001192092896,0.0,0.6671605302564625,0.6671605302564625,,,,1.0
15,water_gsolv_eV,234,1.0000001192092896,0.0,0.6671605302564625,0.6671605302564625,,,,1.0
15,water_gsolv_eV,235,1.0000001192092896,0.0,0.6671605302564625,0.6671605302564625,,,,1.0
15,water_gsolv_eV,236,1.0000001192092896,0.0,0.6671605302564625,0.6671605302564625,,,,1.0
15,water_gsolv_eV,237,1.0000001192092896,0.0,0.6671605302564625,0.6671605302564625,,,,1.0
15,water_gsolv_eV,238,1.0000001192092896,0.0,0.6671605302564625,0.6671605302564625,,,,1.0
15,water_gsolv_eV,239,1.0000001192092896,0.0,0.6671605302564625,0.6671605302564625,,,,1.0
15,water_gsolv_eV,240,1.0000001192092896,0.0,0.6671605302564625,0.6671605302564625,,,,1.0
15,water_gsolv_eV,241,1.0000001192092896,0.0,0.6671605302564625,0.6671605302564625,,,,1.0
15,water_gsolv_eV,242,1.0000001192092896,0.0,0.6671605302564625,0.6671605302564625,,,,1.0
15,water_gsolv_eV,243,1.0000001192092896,0.0,0.6671605302564625,0.6671605302564625,,,,1.0
15,water_gsolv_eV,244,1.0000001192092896,0.0,0.6671605302564625,0.6671605302564625,,,,1.0
15,water_gsolv_eV,245,1.0000001192092896,0.0,0.6671605302564625,0.6671605302564625,,,,1.0
15,water_gsolv_eV,246,1.0000001192092896,0.0,0.6671605302564625,0.6671605302564625,,,,1.0
15,water_gsolv_eV,247,1.0000001192092896,0.0,0.6671605302564625,0.6671605302564625,,,,1.0
15,water_gsolv_eV,248,1.0000001192092896,0.0,0.6671605302564625,0.6671605302564625,,,,1.0
15,water_gsolv_eV,249,1.0000001192092896,0.0,0.6671605302564625,0.6671605302564625,,,,1.0
15,water_hl_gap_eV,0,1.0,0.0,0.6982870500153124,0.6982870500153124,,,,1.0
15,water_hl_gap_eV,1,1.0,0.0,0.6982870500153124,0.6982870500153124,,,,1.0
15,water_hl_gap_eV,2,1.0,0.0,0.6982870500153124,0.6982870500153124,,,,1.0
15,water_hl_gap_eV,3,1.0,0.0,0.6982870500153124,0.6982870500153124,,,,1.0
15,water_hl_gap_eV,4,1.0,0.0,0.6982870500153124,0.6982870500153124,,,,1.0
15,water_hl_gap_eV,5,1.0,0.0,0.6982870500153124,0.6982870500153124,,,,1.0
15,water_hl_gap_eV,6,1.0,0.0,0.6982870500153124,0.6982870500153124,,,,1.0
15,water_hl_gap_eV,7,1.0,0.0,0.6982870500153124,0.6982870500153124,,,,1.0
15,water_hl_gap_eV,8,1.0,0.0,0.6982870500153124,0.6982870500153124,,,,1.0
15,water_hl_gap_eV,9,1.0,0.0,0.6982870500153124,0.6982870500153124,,,,1.0
15,water_hl_gap_eV,10,1.0,0.0,0.6982870500153124,0.6982870500153124,,,,1.0
15,water_hl_gap_eV,11,1.0,0.0,0.6982870500153124,0.6982870500153124,,,,1.0
15,water_hl_gap_eV,12,1.0,0.0,0.6982870500153124,0.6982870500153124,,,,1.0
15,water_hl_gap_eV,13,1.0,0.0,0.6982870500153124,0.6982870500153124,,,,1.0
15,water_hl_gap_eV,14,1.0,0.0,0.6982870500153124,0.6982870500153124,,,,1.0
15,water_hl_gap_eV,15,1.0,0.0,0.6982870500153124,0.6982870500153124,,,,1.0
15,water_hl_gap_eV,16,1.0,0.0,0.6982870500153124,0.6982870500153124,,,,1.0
15,water_hl_gap_eV,17,1.0,0.0,0.6982870500153124,0.6982870500153124,,,,1.0
15,water_hl_gap_eV,18,1.0,0.0,0.6982870500153124,0.6982870500153124,,,,1.0
15,water_hl_gap_eV,19,1.0,0.0,0.6982870500153124,0.6982870500153124,,,,1.0
15,water_hl_gap_eV,20,1.0,0.0,0.6982870500153124,0.6982870500153124,,,,1.0
15,water_hl_gap_eV,21,1.0,0.0,0.6982870500153124,0.6982870500153124,,,,1.0
15,water_hl_gap_eV,22,1.0,0.0,0.6982870500153124,0.6982870500153124,,,,1.0
15,water_hl_gap_eV,23,1.0,0.0,0.6982870500153124,0.6982870500153124,,,,1.0
15,water_hl_gap_eV,24,1.0,0.0,0.6982870500153124,0.6982870500153124,,,,1.0
15,water_hl_gap_eV,25,1.0,0.0,0.6982870500153124,0.6982870500153124,,,,1.0
15,water_hl_gap_eV,26,1.0,0.0,0.6982870500153124,0.6982870500153124,,,,1.0
15,water_hl_gap_eV,27,1.0,0.0,0.6982870500153124,0.6982870500153124,,,,1.0
15,water_hl_gap_eV,28,1.0,0.0,0.6982870500153124,0.6982870500153124,,,,1.0
15,water_hl_gap_eV,29,1.0,0.0,0.6982870500153124,0.6982870500153124,,,,1.0
15,water_hl_gap_eV,30,1.0,0.0,0.6982870500153124,0.6982870500153124,,,,1.0
15,water_hl_gap_eV,31,1.0,0.0,0.6982870500153124,0.6982870500153124,,,,1.0
15,water_hl_gap_eV,32,1.0,0.0,0.6982870500153124,0.6982870500153124,,,,1.0
15,water_hl_gap_eV,33,1.0,0.0,0.6982870500153124,0.6982870500153124,,,,1.0
15,water_hl_gap_eV,34,1.0,0.0,0.6982870500153124,0.6982870500153124,,,,1.0
15,water_hl_gap_eV,35,1.0,0.0,0.6982870500153124,0.6982870500153124,,,,1.0
15,water_hl_gap_eV,36,1.0,0.0,0.6982870500153124,0.6982870500153124,,,,1.0
15,water_hl_gap_eV,37,1.0,0.0,0.6982870500153124,0.6982870500153124,,,,1.0
15,water_hl_gap_eV,38,1.0,0.0,0.6982870500153124,0.6982870500153124,,,,1.0
15,water_hl_gap_eV,39,1.0,0.0,0.6982870500153124,0.6982870500153124,,,,1.0
15,water_hl_gap_eV,40,1.0,0.0,0.6982870500153124,0.6982870500153124,,,,1.0
15,water_hl_gap_eV,41,1.0,0.0,0.6982870500153124,0.6982870500153124,,,,1.0
15,water_hl_gap_eV,42,1.0,0.0,0.6982870500153124,0.6982870500153124,,,,1.0
15,water_hl_gap_eV,43,1.0,0.0,0.6982870500153124,0.6982870500153124,,,,1.0
15,water_hl_gap_eV,44,1.0,0.0,0.6982870500153124,0.6982870500153124,,,,1.0
15,water_hl_gap_eV,45,1.0,0.0,0.6982870500153124,0.6982870500153124,,,,1.0
15,water_hl_gap_eV,46,1.0,0.0,0.6982870500153124,0.6982870500153124,,,,1.0
15,water_hl_gap_eV,47,1.0,0.0,0.6982870500153124,0.6982870500153124,,,,1.0
15,water_hl_gap_eV,48,1.0,0.0,0.6982870500153124,0.6982870500153124,,,,1.0
15,water_hl_gap_eV,49,1.0,0.0,0.6982870500153124,0.6982870500153124,,,,1.0
15,water_hl_gap_eV,50,1.0,0.0,0.6982870500153124,0.6982870500153124,,,,1.0
15,water_hl_gap_eV,51,1.0,0.0,0.6982870500153124,0.6982870500153124,,,,1.0
15,water_hl_gap_eV,52,1.0,0.0,0.6982870500153124,0.6982870500153124,,,,1.0
15,water_hl_gap_eV,53,1.0,0.0,0.6982870500153124,0.6982870500153124,,,,1.0
15,water_hl_gap_eV,54,1.0,0.0,0.6982870500153124,0.6982870500153124,,,,1.0
15,water_hl_gap_eV,55,1.0,0.0,0.6982870500153124,0.6982870500153124,,,,1.0
15,water_hl_gap_eV,56,1.0,0.0,0.6982870500153124,0.6982870500153124,,,,1.0
15,water_hl_gap_eV,57,1.0,0.0,0.6982870500153124,0.6982870500153124,,,,1.0
15,water_hl_gap_eV,58,1.0,0.0,0.6982870500153124,0.6982870500153124,,,,1.0
15,water_hl_gap_eV,59,1.0,0.0,0.6982870500153124,0.6982870500153124,,,,1.0
15,water_hl_gap_eV,60,1.0,0.0,0.6982870500153124,0.6982870500153124,,,,1.0
15,water_hl_gap_eV,61,1.0,0.0,0.6982870500153124,0.6982870500153124,,,,1.0
15,water_hl_gap_eV,62,1.0,0.0,0.6982870500153124,0.6982870500153124,,,,1.0
15,water_hl_gap_eV,63,1.0,0.0,0.6982870500153124,0.6982870500153124,,,,1.0
15,water_hl_gap_eV,64,1.0,0.0,0.6982870500153124,0.6982870500153124,,,,1.0
15,water_hl_gap_eV,65,1.0,0.0,0.6982870500153124,0.6982870500153124,,,,1.0
15,water_hl_gap_eV,66,1.0,0.0,0.6982870500153124,0.6982870500153124,,,,1.0
15,water_hl_gap_eV,67,1.0,0.0,0.6982870500153124,0.6982870500153124,,,,1.0
15,water_hl_gap_eV,68,1.0,0.0,0.6982870500153124,0.6982870500153124,,,,1.0
15,water_hl_gap_eV,69,1.0,0.0,0.6982870500153124,0.6982870500153124,,,,1.0
15,water_hl_gap_eV,70,1.0,0.0,0.6982870500153124,0.6982870500153124,,,,1.0
15,water_hl_gap_eV,71,1.0,0.0,0.6982870500153124,0.6982870500153124,,,,1.0
15,water_hl_gap_eV,72,1.0,0.0,0.6982870500153124,0.6982870500153124,,,,1.0
15,water_hl_gap_eV,73,1.0,0.0,0.6982870500153124,0.6982870500153124,,,,1.0
15,water_hl_gap_eV,74,1.0,0.0,0.6982870500153124,0.6982870500153124,,,,1.0
15,water_hl_gap_eV,75,1.0,0.0,0.6982870500153124,0.6982870500153124,,,,1.0
15,water_hl_gap_eV,76,1.0,0.0,0.6982870500153124,0.6982870500153124,,,,1.0
15,water_hl_gap_eV,77,1.0,0.0,0.6982870500153124,0.6982870500153124,,,,1.0
15,water_hl_gap_eV,78,1.0,0.0,0.6982870500153124,0.6982870500153124,,,,1.0
15,water_hl_gap_eV,79,1.0,0.0,0.6982870500153124,0.6982870500153124,,,,1.0
15,water_hl_gap_eV,80,1.0,0.0,0.6982870500153124,0.6982870500153124,,,,1.0
15,water_hl_gap_eV,81,1.0,0.0,0.6982870500153124,0.6982870500153124,,,,1.0
15,water_hl_gap_eV,82,1.0,0.0,0.6982870500153124,0.6982870500153124,,,,1.0
15,water_hl_gap_eV,83,1.0,0.0,0.6982870500153124,0.6982870500153124,,,,1.0
15,water_hl_gap_eV,84,1.0,0.0,0.6982870500153124,0.6982870500153124,,,,1.0
15,water_hl_gap_eV,85,1.0,0.0,0.6982870500153124,0.6982870500153124,,,,1.0
15,water_hl_gap_eV,86,1.0,0.0,0.6982870500153124,0.6982870500153124,,,,1.0
15,water_hl_gap_eV,87,1.0,0.0,0.6982870500153124,0.6982870500153124,,,,1.0
15,water_hl_gap_eV,88,1.0,0.0,0.6982870500153124,0.6982870500153124,,,,1.0
15,water_hl_gap_eV,89,1.0,0.0,0.6982870500153124,0.6982870500153124,,,,1.0
15,water_hl_gap_eV,90,1.0,0.0,0.6982870500153124,0.6982870500153124,,,,1.0
15,water_hl_gap_eV,91,1.0,0.0,0.6982870500153124,0.6982870500153124,,,,1.0
15,water_hl_gap_eV,92,1.0,0.0,0.6982870500153124,0.6982870500153124,,,,1.0
15,water_hl_gap_eV,93,1.0,0.0,0.6982870500153124,0.6982870500153124,,,,1.0
15,water_hl_gap_eV,94,1.0,0.0,0.6982870500153124,0.6982870500153124,,,,1.0
15,water_hl_gap_eV,95,1.0,0.0,0.6982870500153124,0.6982870500153124,,,,1.0
15,water_hl_gap_eV,96,1.0,0.0,0.6982870500153124,0.6982870500153124,,,,1.0
15,water_hl_gap_eV,97,1.0,0.0,0.6982870500153124,0.6982870500153124,,,,1.0
15,water_hl_gap_eV,98,1.0,0.0,0.6982870500153124,0.6982870500153124,,,,1.0
15,water_hl_gap_eV,99,1.0,0.0,0.6982870500153124,0.6982870500153124,,,,1.0
15,water_hl_gap_eV,100,1.0,0.0,0.6982870500153124,0.6982870500153124,,,,1.0
15,water_hl_gap_eV,101,1.0,0.0,0.6982870500153124,0.6982870500153124,,,,1.0
15,water_hl_gap_eV,102,1.0,0.0,0.6982870500153124,0.6982870500153124,,,,1.0
15,water_hl_gap_eV,103,1.0,0.0,0.6982870500153124,0.6982870500153124,,,,1.0
15,water_hl_gap_eV,104,1.0,0.0,0.6982870500153124,0.6982870500153124,,,,1.0
15,water_hl_gap_eV,105,1.0,0.0,0.6982870500153124,0.6982870500153124,,,,1.0
15,water_hl_gap_eV,106,1.0,0.0,0.6982870500153124,0.6982870500153124,,,,1.0
15,water_hl_gap_eV,107,1.0,0.0,0.6982870500153124,0.6982870500153124,,,,1.0
15,water_hl_gap_eV,108,1.0,0.0,0.6982870500153124,0.6982870500153124,,,,1.0
15,water_hl_gap_eV,109,1.0,0.0,0.6982870500153124,0.6982870500153124,,,,1.0
15,water_hl_gap_eV,110,1.0,0.0,0.6982870500153124,0.6982870500153124,,,,1.0
15,water_hl_gap_eV,111,1.0,0.0,0.6982870500153124,0.6982870500153124,,,,1.0
15,water_hl_gap_eV,112,1.0,0.0,0.6982870500153124,0.6982870500153124,,,,1.0
15,water_hl_gap_eV,113,1.0,0.0,0.6982870500153124,0.6982870500153124,,,,1.0
15,water_hl_gap_eV,114,1.0,0.0,0.6982870500153124,0.6982870500153124,,,,1.0
15,water_hl_gap_eV,115,1.0,0.0,0.6982870500153124,0.6982870500153124,,,,1.0
15,water_hl_gap_eV,116,1.0,0.0,0.6982870500153124,0.6982870500153124,,,,1.0
15,water_hl_gap_eV,117,1.0,0.0,0.6982870500153124,0.6982870500153124,,,,1.0
15,water_hl_gap_eV,118,1.0,0.0,0.6982870500153124,0.6982870500153124,,,,1.0
15,water_hl_gap_eV,119,1.0,0.0,0.6982870500153124,0.6982870500153124,,,,1.0
15,water_hl_gap_eV,120,1.0,0.0,0.6982870500153124,0.6982870500153124,,,,1.0
15,water_hl_gap_eV,121,1.0,0.0,0.6982870500153124,0.6982870500153124,,,,1.0
15,water_hl_gap_eV,122,1.0,0.0,0.6982870500153124,0.6982870500153124,,,,1.0
15,water_hl_gap_eV,123,1.0,0.0,0.6982870500153124,0.6982870500153124,,,,1.0
15,water_hl_gap_eV,124,1.0,0.0,0.6982870500153124,0.6982870500153124,,,,1.0
15,water_hl_gap_eV,125,1.0,0.0,0.6982870500153124,0.6982870500153124,,,,1.0
15,water_hl_gap_eV,126,1.0,0.0,0.6982870500153124,0.6982870500153124,,,,1.0
15,water_hl_gap_eV,127,1.0,0.0,0.6982870500153124,0.6982870500153124,,,,1.0
15,water_hl_gap_eV,128,1.0,0.0,0.6982870500153124,0.6982870500153124,,,,1.0
15,water_hl_gap_eV,129,1.0,0.0,0.6982870500153124,0.6982870500153124,,,,1.0
15,water_hl_gap_eV,130,1.0,0.0,0.6982870500153124,0.6982870500153124,,,,1.0
15,water_hl_gap_eV,131,1.0,0.0,0.6982870500153124,0.6982870500153124,,,,1.0
15,water_hl_gap_eV,132,1.0,0.0,0.6982870500153124,0.6982870500153124,,,,1.0
15,water_hl_gap_eV,133,1.0,0.0,0.6982870500153124,0.6982870500153124,,,,1.0
15,water_hl_gap_eV,134,1.0,0.0,0.6982870500153124,0.6982870500153124,,,,1.0
15,water_hl_gap_eV,135,1.0,0.0,0.6982870500153124,0.6982870500153124,,,,1.0
15,water_hl_gap_eV,136,1.0,0.0,0.6982870500153124,0.6982870500153124,,,,1.0
15,water_hl_gap_eV,137,1.0,0.0,0.6982870500153124,0.6982870500153124,,,,1.0
15,water_hl_gap_eV,138,1.0,0.0,0.6982870500153124,0.6982870500153124,,,,1.0
15,water_hl_gap_eV,139,1.0,0.0,0.6982870500153124,0.6982870500153124,,,,1.0
15,water_hl_gap_eV,140,1.0,0.0,0.6982870500153124,0.6982870500153124,,,,1.0
15,water_hl_gap_eV,141,1.0,0.0,0.6982870500153124,0.6982870500153124,,,,1.0
15,water_hl_gap_eV,142,1.0,0.0,0.6982870500153124,0.6982870500153124,,,,1.0
15,water_hl_gap_eV,143,1.0,0.0,0.6982870500153124,0.6982870500153124,,,,1.0
15,water_hl_gap_eV,144,1.0,0.0,0.6982870500153124,0.6982870500153124,,,,1.0
15,water_hl_gap_eV,145,1.0,0.0,0.6982870500153124,0.6982870500153124,,,,1.0
15,water_hl_gap_eV,146,1.0,0.0,0.6982870500153124,0.6982870500153124,,,,1.0
15,water_hl_gap_eV,147,1.0,0.0,0.6982870500153124,0.6982870500153124,,,,1.0
15,water_hl_gap_eV,148,1.0,0.0,0.6982870500153124,0.6982870500153124,,,,1.0
15,water_hl_gap_eV,149,1.0,0.0,0.6982870500153124,0.6982870500153124,,,,1.0
15,water_hl_gap_eV,150,1.0,0.0,0.6982870500153124,0.6982870500153124,,,,1.0
15,water_hl_gap_eV,151,1.0,0.0,0.6982870500153124,0.6982870500153124,,,,1.0
15,water_hl_gap_eV,152,1.0,0.0,0.6982870500153124,0.6982870500153124,,,,1.0
15,water_hl_gap_eV,153,1.0,0.0,0.6982870500153124,0.6982870500153124,,,,1.0
15,water_hl_gap_eV,154,1.0,0.0,0.6982870500153124,0.6982870500153124,,,,1.0
15,water_hl_gap_eV,155,1.0,0.0,0.6982870500153124,0.6982870500153124,,,,1.0
15,water_hl_gap_eV,156,1.0,0.0,0.6982870500153124,0.6982870500153124,,,,1.0
15,water_hl_gap_eV,157,1.0,0.0,0.6982870500153124,0.6982870500153124,,,,1.0
15,water_hl_gap_eV,158,1.0,0.0,0.6982870500153124,0.6982870500153124,,,,1.0
15,water_hl_gap_eV,159,1.0,0.0,0.6982870500153124,0.6982870500153124,,,,1.0
15,water_hl_gap_eV,160,1.0,0.0,0.6982870500153124,0.6982870500153124,,,,1.0
15,water_hl_gap_eV,161,1.0,0.0,0.6982870500153124,0.6982870500153124,,,,1.0
15,water_hl_gap_eV,162,1.0,0.0,0.6982870500153124,0.6982870500153124,,,,1.0
15,water_hl_gap_eV,163,1.0,0.0,0.6982870500153124,0.6982870500153124,,,,1.0
15,water_hl_gap_eV,164,1.0,0.0,0.6982870500153124,0.6982870500153124,,,,1.0
15,water_hl_gap_eV,165,1.0,0.0,0.6982870500153124,0.6982870500153124,,,,1.0
15,water_hl_gap_eV,166,1.0,0.0,0.6982870500153124,0.6982870500153124,,,,1.0
15,water_hl_gap_eV,167,1.0,0.0,0.6982870500153124,0.6982870500153124,,,,1.0
15,water_hl_gap_eV,168,1.0,0.0,0.6982870500153124,0.6982870500153124,,,,1.0
15,water_hl_gap_eV,169,1.0,0.0,0.6982870500153124,0.6982870500153124,,,,1.0
15,water_hl_gap_eV,170,1.0,0.0,0.6982870500153124,0.6982870500153124,,,,1.0
15,water_hl_gap_eV,171,1.0,0.0,0.6982870500153124,0.6982870500153124,,,,1.0
15,water_hl_gap_eV,172,1.0,0.0,0.6982870500153124,0.6982870500153124,,,,1.0
15,water_hl_gap_eV,173,1.0,0.0,0.6982870500153124,0.6982870500153124,,,,1.0
15,water_hl_gap_eV,174,1.0,0.0,0.6982870500153124,0.6982870500153124,,,,1.0
15,water_hl_gap_eV,175,1.0,0.0,0.6982870500153124,0.6982870500153124,,,,1.0
15,water_hl_gap_eV,176,1.0,0.0,0.6982870500153124,0.6982870500153124,,,,1.0
15,water_hl_gap_eV,177,1.0,0.0,0.6982870500153124,0.6982870500153124,,,,1.0
15,water_hl_gap_eV,178,1.0,0.0,0.6982870500153124,0.6982870500153124,,,,1.0
15,water_hl_gap_eV,179,1.0,0.0,0.6982870500153124,0.6982870500153124,,,,1.0
15,water_hl_gap_eV,180,1.0,0.0,0.6982870500153124,0.6982870500153124,,,,1.0
15,water_hl_gap_eV,181,1.0,0.0,0.6982870500153124,0.6982870500153124,,,,1.0
15,water_hl_gap_eV,182,1.0,0.0,0.6982870500153124,0.6982870500153124,,,,1.0
15,water_hl_gap_eV,183,1.0,0.0,0.6982870500153124,0.6982870500153124,,,,1.0
15,water_hl_gap_eV,184,1.0,0.0,0.6982870500153124,0.6982870500153124,,,,1.0
15,water_hl_gap_eV,185,1.0,0.0,0.6982870500153124,0.6982870500153124,,,,1.0
15,water_hl_gap_eV,186,1.0,0.0,0.6982870500153124,0.6982870500153124,,,,1.0
15,water_hl_gap_eV,187,1.0,0.0,0.6982870500153124,0.6982870500153124,,,,1.0
15,water_hl_gap_eV,188,1.0,0.0,0.6982870500153124,0.6982870500153124,,,,1.0
15,water_hl_gap_eV,189,1.0,0.0,0.6982870500153124,0.6982870500153124,,,,1.0
15,water_hl_gap_eV,190,1.0,0.0,0.6982870500153124,0.6982870500153124,,,,1.0
15,water_hl_gap_eV,191,1.0,0.0,0.6982870500153124,0.6982870500153124,,,,1.0
15,water_hl_gap_eV,192,1.0,0.0,0.6982870500153124,0.6982870500153124,,,,1.0
15,water_hl_gap_eV,193,1.0,0.0,0.6982870500153124,0.6982870500153124,,,,1.0
15,water_hl_gap_eV,194,1.0,0.0,0.6982870500153124,0.6982870500153124,,,,1.0
15,water_hl_gap_eV,195,1.0,0.0,0.6982870500153124,0.6982870500153124,,,,1.0
15,water_hl_gap_eV,196,1.0,0.0,0.6982870500153124,0.6982870500153124,,,,1.0
15,water_hl_gap_eV,197,1.0,0.0,0.6982870500153124,0.6982870500153124,,,,1.0
15,water_hl_gap_eV,198,1.0,0.0,0.6982870500153124,0.6982870500153124,,,,1.0
15,water_hl_gap_eV,199,1.0,0.0,0.6982870500153124,0.6982870500153124,,,,1.0
15,water_hl_gap_eV,200,1.0,0.0,0.6982870500153124,0.6982870500153124,,,,1.0
15,water_hl_gap_eV,201,1.0,0.0,0.6982870500153124,0.6982870500153124,,,,1.0
15,water_hl_gap_eV,202,1.0,0.0,0.6982870500153124,0.6982870500153124,,,,1.0
15,water_hl_gap_eV,203,1.0,0.0,0.6982870500153124,0.6982870500153124,,,,1.0
15,water_hl_gap_eV,204,1.0,0.0,0.6982870500153124,0.6982870500153124,,,,1.0
15,water_hl_gap_eV,205,1.0,0.0,0.6982870500153124,0.6982870500153124,,,,1.0
15,water_hl_gap_eV,206,1.0,0.0,0.6982870500153124,0.6982870500153124,,,,1.0
15,water_hl_gap_eV,207,1.0,0.0,0.6982870500153124,0.6982870500153124,,,,1.0
15,water_hl_gap_eV,208,1.0,0.0,0.6982870500153124,0.6982870500153124,,,,1.0
15,water_hl_gap_eV,209,1.0,0.0,0.6982870500153124,0.6982870500153124,,,,1.0
15,water_hl_gap_eV,210,1.0,0.0,0.6982870500153124,0.6982870500153124,,,,1.0
15,water_hl_gap_eV,211,1.0,0.0,0.6982870500153124,0.6982870500153124,,,,1.0
15,water_hl_gap_eV,212,1.0,0.0,0.6982870500153124,0.6982870500153124,,,,1.0
15,water_hl_gap_eV,213,1.0,0.0,0.6982870500153124,0.6982870500153124,,,,1.0
15,water_hl_gap_eV,214,1.0,0.0,0.6982870500153124,0.6982870500153124,,,,1.0
15,water_hl_gap_eV,215,1.0,0.0,0.6982870500153124,0.6982870500153124,,,,1.0
15,water_hl_gap_eV,216,1.0,0.0,0.6982870500153124,0.6982870500153124,,,,1.0
15,water_hl_gap_eV,217,1.0,0.0,0.6982870500153124,0.6982870500153124,,,,1.0
15,water_hl_gap_eV,218,1.0,0.0,0.6982870500153124,0.6982870500153124,,,,1.0
15,water_hl_gap_eV,219,1.0,0.0,0.6982870500153124,0.6982870500153124,,,,1.0
15,water_hl_gap_eV,220,1.0,0.0,0.6982870500153124,0.6982870500153124,,,,1.0
15,water_hl_gap_eV,221,1.0,0.0,0.6982870500153124,0.6982870500153124,,,,1.0
15,water_hl_gap_eV,222,1.0,0.0,0.6982870500153124,0.6982870500153124,,,,1.0
15,water_hl_gap_eV,223,1.0,0.0,0.6982870500153124,0.6982870500153124,,,,1.0
15,water_hl_gap_eV,224,1.0,0.0,0.6982870500153124,0.6982870500153124,,,,1.0
15,water_hl_gap_eV,225,1.0,0.0,0.6982870500153124,0.6982870500153124,,,,1.0
15,water_hl_gap_eV,226,1.0,0.0,0.6982870500153124,0.6982870500153124,,,,1.0
15,water_hl_gap_eV,227,1.0,0.0,0.6982870500153124,0.6982870500153124,,,,1.0
15,water_hl_gap_eV,228,1.0,0.0,0.6982870500153124,0.6982870500153124,,,,1.0
15,water_hl_gap_eV,229,1.0,0.0,0.6982870500153124,0.6982870500153124,,,,1.0
15,water_hl_gap_eV,230,1.0,0.0,0.6982870500153124,0.6982870500153124,,,,1.0
15,water_hl_gap_eV,231,1.0,0.0,0.6982870500153124,0.6982870500153124,,,,1.0
15,water_hl_gap_eV,232,1.0,0.0,0.6982870500153124,0.6982870500153124,,,,1.0
15,water_hl_gap_eV,233,1.0,0.0,0.6982870500153124,0.6982870500153124,,,,1.0
15,water_hl_gap_eV,234,1.0,0.0,0.6982870500153124,0.6982870500153124,,,,1.0
15,water_hl_gap_eV,235,1.0,0.0,0.6982870500153124,0.6982870500153124,,,,1.0
15,water_hl_gap_eV,236,1.0,0.0,0.6982870500153124,0.6982870500153124,,,,1.0
15,water_hl_gap_eV,237,1.0,0.0,0.6982870500153124,0.6982870500153124,,,,1.0
15,water_hl_gap_eV,238,1.0,0.0,0.6982870500153124,0.6982870500153124,,,,1.0
15,water_hl_gap_eV,239,1.0,0.0,0.6982870500153124,0.6982870500153124,,,,1.0
15,water_hl_gap_eV,240,1.0,0.0,0.6982870500153124,0.6982870500153124,,,,1.0
15,water_hl_gap_eV,241,1.0,0.0,0.6982870500153124,0.6982870500153124,,,,1.0
15,water_hl_gap_eV,242,1.0,0.0,0.6982870500153124,0.6982870500153124,,,,1.0
15,water_hl_gap_eV,243,1.0,0.0,0.6982870500153124,0.6982870500153124,,,,1.0
15,water_hl_gap_eV,244,1.0,0.0,0.6982870500153124,0.6982870500153124,,,,1.0
15,water_hl_gap_eV,245,1.0,0.0,0.6982870500153124,0.6982870500153124,,,,1.0
15,water_hl_gap_eV,246,1.0,0.0,0.6982870500153124,0.6982870500153124,,,,1.0
15,water_hl_gap_eV,247,1.0,0.0,0.6982870500153124,0.6982870500153124,,,,1.0
15,water_hl_gap_eV,248,1.0,0.0,0.6982870500153124,0.6982870500153124,,,,1.0
15,water_hl_gap_eV,249,1.0,0.0,0.6982870500153124,0.6982870500153124,,,,1.0
15,water_dipole,0,1.0000001192092896,0.0,0.6050549857040723,0.6050549857040723,,,,1.0
15,water_dipole,1,1.0000001192092896,0.0,0.6050549857040723,0.6050549857040723,,,,1.0
15,water_dipole,2,1.0000001192092896,0.0,0.6050549857040723,0.6050549857040723,,,,1.0
15,water_dipole,3,1.0000001192092896,0.0,0.6050549857040723,0.6050549857040723,,,,1.0
15,water_dipole,4,1.0000001192092896,0.0,0.6050549857040723,0.6050549857040723,,,,1.0
15,water_dipole,5,1.0000001192092896,0.0,0.6050549857040723,0.6050549857040723,,,,1.0
15,water_dipole,6,1.0000001192092896,0.0,0.6050549857040723,0.6050549857040723,,,,1.0
15,water_dipole,7,1.0000001192092896,0.0,0.6050549857040723,0.6050549857040723,,,,1.0
15,water_dipole,8,1.0000001192092896,0.0,0.6050549857040723,0.6050549857040723,,,,1.0
15,water_dipole,9,1.0000001192092896,0.0,0.6050549857040723,0.6050549857040723,,,,1.0
15,water_dipole,10,1.0000001192092896,0.0,0.6050549857040723,0.6050549857040723,,,,1.0
15,water_dipole,11,1.0000001192092896,0.0,0.6050549857040723,0.6050549857040723,,,,1.0
15,water_dipole,12,1.0000001192092896,0.0,0.6050549857040723,0.6050549857040723,,,,1.0
15,water_dipole,13,1.0000001192092896,0.0,0.6050549857040723,0.6050549857040723,,,,1.0
15,water_dipole,14,1.0000001192092896,0.0,0.6050549857040723,0.6050549857040723,,,,1.0
15,water_dipole,15,1.0000001192092896,0.0,0.6050549857040723,0.6050549857040723,,,,1.0
15,water_dipole,16,1.0000001192092896,0.0,0.6050549857040723,0.6050549857040723,,,,1.0
15,water_dipole,17,1.0000001192092896,0.0,0.6050549857040723,0.6050549857040723,,,,1.0
15,water_dipole,18,1.0000001192092896,0.0,0.6050549857040723,0.6050549857040723,,,,1.0
15,water_dipole,19,1.0000001192092896,0.0,0.6050549857040723,0.6050549857040723,,,,1.0
15,water_dipole,20,1.0000001192092896,0.0,0.6050549857040723,0.6050549857040723,,,,1.0
15,water_dipole,21,1.0000001192092896,0.0,0.6050549857040723,0.6050549857040723,,,,1.0
15,water_dipole,22,1.0000001192092896,0.0,0.6050549857040723,0.6050549857040723,,,,1.0
15,water_dipole,23,1.0000001192092896,0.0,0.6050549857040723,0.6050549857040723,,,,1.0
15,water_dipole,24,1.0000001192092896,0.0,0.6050549857040723,0.6050549857040723,,,,1.0
15,water_dipole,25,1.0000001192092896,0.0,0.6050549857040723,0.6050549857040723,,,,1.0
15,water_dipole,26,1.0000001192092896,0.0,0.6050549857040723,0.6050549857040723,,,,1.0
15,water_dipole,27,1.0000001192092896,0.0,0.6050549857040723,0.6050549857040723,,,,1.0
15,water_dipole,28,1.0000001192092896,0.0,0.6050549857040723,0.6050549857040723,,,,1.0
15,water_dipole,29,1.0000001192092896,0.0,0.6050549857040723,0.6050549857040723,,,,1.0
15,water_dipole,30,1.0000001192092896,0.0,0.6050549857040723,0.6050549857040723,,,,1.0
15,water_dipole,31,1.0000001192092896,0.0,0.6050549857040723,0.6050549857040723,,,,1.0
15,water_dipole,32,1.0000001192092896,0.0,0.6050549857040723,0.6050549857040723,,,,1.0
15,water_dipole,33,1.0000001192092896,0.0,0.6050549857040723,0.6050549857040723,,,,1.0
15,water_dipole,34,1.0000001192092896,0.0,0.6050549857040723,0.6050549857040723,,,,1.0
15,water_dipole,35,1.0000001192092896,0.0,0.6050549857040723,0.6050549857040723,,,,1.0
15,water_dipole,36,1.0000001192092896,0.0,0.6050549857040723,0.6050549857040723,,,,1.0
15,water_dipole,37,1.0000001192092896,0.0,0.6050549857040723,0.6050549857040723,,,,1.0
15,water_dipole,38,1.0000001192092896,0.0,0.6050549857040723,0.6050549857040723,,,,1.0
15,water_dipole,39,1.0000001192092896,0.0,0.6050549857040723,0.6050549857040723,,,,1.0
15,water_dipole,40,1.0000001192092896,0.0,0.6050549857040723,0.6050549857040723,,,,1.0
15,water_dipole,41,1.0000001192092896,0.0,0.6050549857040723,0.6050549857040723,,,,1.0
15,water_dipole,42,1.0000001192092896,0.0,0.6050549857040723,0.6050549857040723,,,,1.0
15,water_dipole,43,1.0000001192092896,0.0,0.6050549857040723,0.6050549857040723,,,,1.0
15,water_dipole,44,1.0000001192092896,0.0,0.6050549857040723,0.6050549857040723,,,,1.0
15,water_dipole,45,1.0000001192092896,0.0,0.6050549857040723,0.6050549857040723,,,,1.0
15,water_dipole,46,1.0000001192092896,0.0,0.6050549857040723,0.6050549857040723,,,,1.0
15,water_dipole,47,1.0000001192092896,0.0,0.6050549857040723,0.6050549857040723,,,,1.0
15,water_dipole,48,1.0000001192092896,0.0,0.6050549857040723,0.6050549857040723,,,,1.0
15,water_dipole,49,1.0000001192092896,0.0,0.6050549857040723,0.6050549857040723,,,,1.0
15,water_dipole,50,1.0000001192092896,0.0,0.6050549857040723,0.6050549857040723,,,,1.0
15,water_dipole,51,1.0000001192092896,0.0,0.6050549857040723,0.6050549857040723,,,,1.0
15,water_dipole,52,1.0000001192092896,0.0,0.6050549857040723,0.6050549857040723,,,,1.0
15,water_dipole,53,1.0000001192092896,0.0,0.6050549857040723,0.6050549857040723,,,,1.0
15,water_dipole,54,1.0000001192092896,0.0,0.6050549857040723,0.6050549857040723,,,,1.0
15,water_dipole,55,1.0000001192092896,0.0,0.6050549857040723,0.6050549857040723,,,,1.0
15,water_dipole,56,1.0000001192092896,0.0,0.6050549857040723,0.6050549857040723,,,,1.0
15,water_dipole,57,1.0000001192092896,0.0,0.6050549857040723,0.6050549857040723,,,,1.0
15,water_dipole,58,1.0000001192092896,0.0,0.6050549857040723,0.6050549857040723,,,,1.0
15,water_dipole,59,1.0000001192092896,0.0,0.6050549857040723,0.6050549857040723,,,,1.0
15,water_dipole,60,1.0000001192092896,0.0,0.6050549857040723,0.6050549857040723,,,,1.0
15,water_dipole,61,1.0000001192092896,0.0,0.6050549857040723,0.6050549857040723,,,,1.0
15,water_dipole,62,1.0000001192092896,0.0,0.6050549857040723,0.6050549857040723,,,,1.0
15,water_dipole,63,1.0000001192092896,0.0,0.6050549857040723,0.6050549857040723,,,,1.0
15,water_dipole,64,1.0000001192092896,0.0,0.6050549857040723,0.6050549857040723,,,,1.0
15,water_dipole,65,1.0000001192092896,0.0,0.6050549857040723,0.6050549857040723,,,,1.0
15,water_dipole,66,1.0000001192092896,0.0,0.6050549857040723,0.6050549857040723,,,,1.0
15,water_dipole,67,1.0000001192092896,0.0,0.6050549857040723,0.6050549857040723,,,,1.0
15,water_dipole,68,1.0000001192092896,0.0,0.6050549857040723,0.6050549857040723,,,,1.0
15,water_dipole,69,1.0000001192092896,0.0,0.6050549857040723,0.6050549857040723,,,,1.0
15,water_dipole,70,1.0000001192092896,0.0,0.6050549857040723,0.6050549857040723,,,,1.0
15,water_dipole,71,1.0000001192092896,0.0,0.6050549857040723,0.6050549857040723,,,,1.0
15,water_dipole,72,1.0000001192092896,0.0,0.6050549857040723,0.6050549857040723,,,,1.0
15,water_dipole,73,1.0000001192092896,0.0,0.6050549857040723,0.6050549857040723,,,,1.0
15,water_dipole,74,1.0000001192092896,0.0,0.6050549857040723,0.6050549857040723,,,,1.0
15,water_dipole,75,1.0000001192092896,0.0,0.6050549857040723,0.6050549857040723,,,,1.0
15,water_dipole,76,1.0000001192092896,0.0,0.6050549857040723,0.6050549857040723,,,,1.0
15,water_dipole,77,1.0000001192092896,0.0,0.6050549857040723,0.6050549857040723,,,,1.0
15,water_dipole,78,1.0000001192092896,0.0,0.6050549857040723,0.6050549857040723,,,,1.0
15,water_dipole,79,1.0000001192092896,0.0,0.6050549857040723,0.6050549857040723,,,,1.0
15,water_dipole,80,1.0000001192092896,0.0,0.6050549857040723,0.6050549857040723,,,,1.0
15,water_dipole,81,1.0000001192092896,0.0,0.6050549857040723,0.6050549857040723,,,,1.0
15,water_dipole,82,1.0000001192092896,0.0,0.6050549857040723,0.6050549857040723,,,,1.0
15,water_dipole,83,1.0000001192092896,0.0,0.6050549857040723,0.6050549857040723,,,,1.0
15,water_dipole,84,1.0000001192092896,0.0,0.6050549857040723,0.6050549857040723,,,,1.0
15,water_dipole,85,1.0000001192092896,0.0,0.6050549857040723,0.6050549857040723,,,,1.0
15,water_dipole,86,1.0000001192092896,0.0,0.6050549857040723,0.6050549857040723,,,,1.0
15,water_dipole,87,1.0000001192092896,0.0,0.6050549857040723,0.6050549857040723,,,,1.0
15,water_dipole,88,1.0000001192092896,0.0,0.6050549857040723,0.6050549857040723,,,,1.0
15,water_dipole,89,1.0000001192092896,0.0,0.6050549857040723,0.6050549857040723,,,,1.0
15,water_dipole,90,1.0000001192092896,0.0,0.6050549857040723,0.6050549857040723,,,,1.0
15,water_dipole,91,1.0000001192092896,0.0,0.6050549857040723,0.6050549857040723,,,,1.0
15,water_dipole,92,1.0000001192092896,0.0,0.6050549857040723,0.6050549857040723,,,,1.0
15,water_dipole,93,1.0000001192092896,0.0,0.6050549857040723,0.6050549857040723,,,,1.0
15,water_dipole,94,1.0000001192092896,0.0,0.6050549857040723,0.6050549857040723,,,,1.0
15,water_dipole,95,1.0000001192092896,0.0,0.6050549857040723,0.6050549857040723,,,,1.0
15,water_dipole,96,1.0000001192092896,0.0,0.6050549857040723,0.6050549857040723,,,,1.0
15,water_dipole,97,1.0000001192092896,0.0,0.6050549857040723,0.6050549857040723,,,,1.0
15,water_dipole,98,1.0000001192092896,0.0,0.6050549857040723,0.6050549857040723,,,,1.0
15,water_dipole,99,1.0000001192092896,0.0,0.6050549857040723,0.6050549857040723,,,,1.0
15,water_dipole,100,1.0000001192092896,0.0,0.6050549857040723,0.6050549857040723,,,,1.0
15,water_dipole,101,1.0000001192092896,0.0,0.6050549857040723,0.6050549857040723,,,,1.0
15,water_dipole,102,1.0000001192092896,0.0,0.6050549857040723,0.6050549857040723,,,,1.0
15,water_dipole,103,1.0000001192092896,0.0,0.6050549857040723,0.6050549857040723,,,,1.0
15,water_dipole,104,1.0000001192092896,0.0,0.6050549857040723,0.6050549857040723,,,,1.0
15,water_dipole,105,1.0000001192092896,0.0,0.6050549857040723,0.6050549857040723,,,,1.0
15,water_dipole,106,1.0000001192092896,0.0,0.6050549857040723,0.6050549857040723,,,,1.0
15,water_dipole,107,1.0000001192092896,0.0,0.6050549857040723,0.6050549857040723,,,,1.0
15,water_dipole,108,1.0000001192092896,0.0,0.6050549857040723,0.6050549857040723,,,,1.0
15,water_dipole,109,1.0000001192092896,0.0,0.6050549857040723,0.6050549857040723,,,,1.0
15,water_dipole,110,1.0000001192092896,0.0,0.6050549857040723,0.6050549857040723,,,,1.0
15,water_dipole,111,1.0000001192092896,0.0,0.6050549857040723,0.6050549857040723,,,,1.0
15,water_dipole,112,1.0000001192092896,0.0,0.6050549857040723,0.6050549857040723,,,,1.0
15,water_dipole,113,1.0000001192092896,0.0,0.6050549857040723,0.6050549857040723,,,,1.0
15,water_dipole,114,1.0000001192092896,0.0,0.6050549857040723,0.6050549857040723,,,,1.0
15,water_dipole,115,1.0000001192092896,0.0,0.6050549857040723,0.6050549857040723,,,,1.0
15,water_dipole,116,1.0000001192092896,0.0,0.6050549857040723,0.6050549857040723,,,,1.0
15,water_dipole,117,1.0000001192092896,0.0,0.6050549857040723,0.6050549857040723,,,,1.0
15,water_dipole,118,1.0000001192092896,0.0,0.6050549857040723,0.6050549857040723,,,,1.0
15,water_dipole,119,1.0000001192092896,0.0,0.6050549857040723,0.6050549857040723,,,,1.0
15,water_dipole,120,1.0000001192092896,0.0,0.6050549857040723,0.6050549857040723,,,,1.0
15,water_dipole,121,1.0000001192092896,0.0,0.6050549857040723,0.6050549857040723,,,,1.0
15,water_dipole,122,1.0000001192092896,0.0,0.6050549857040723,0.6050549857040723,,,,1.0
15,water_dipole,123,1.0000001192092896,0.0,0.6050549857040723,0.6050549857040723,,,,1.0
15,water_dipole,124,1.0000001192092896,0.0,0.6050549857040723,0.6050549857040723,,,,1.0
15,water_dipole,125,1.0000001192092896,0.0,0.6050549857040723,0.6050549857040723,,,,1.0
15,water_dipole,126,1.0000001192092896,0.0,0.6050549857040723,0.6050549857040723,,,,1.0
15,water_dipole,127,1.0000001192092896,0.0,0.6050549857040723,0.6050549857040723,,,,1.0
15,water_dipole,128,1.0000001192092896,0.0,0.6050549857040723,0.6050549857040723,,,,1.0
15,water_dipole,129,1.0000001192092896,0.0,0.6050549857040723,0.6050549857040723,,,,1.0
15,water_dipole,130,1.0000001192092896,0.0,0.6050549857040723,0.6050549857040723,,,,1.0
15,water_dipole,131,1.0000001192092896,0.0,0.6050549857040723,0.6050549857040723,,,,1.0
15,water_dipole,132,1.0000001192092896,0.0,0.6050549857040723,0.6050549857040723,,,,1.0
15,water_dipole,133,1.0000001192092896,0.0,0.6050549857040723,0.6050549857040723,,,,1.0
15,water_dipole,134,1.0000001192092896,0.0,0.6050549857040723,0.6050549857040723,,,,1.0
15,water_dipole,135,1.0000001192092896,0.0,0.6050549857040723,0.6050549857040723,,,,1.0
15,water_dipole,136,1.0000001192092896,0.0,0.6050549857040723,0.6050549857040723,,,,1.0
15,water_dipole,137,1.0000001192092896,0.0,0.6050549857040723,0.6050549857040723,,,,1.0
15,water_dipole,138,1.0000001192092896,0.0,0.6050549857040723,0.6050549857040723,,,,1.0
15,water_dipole,139,1.0000001192092896,0.0,0.6050549857040723,0.6050549857040723,,,,1.0
15,water_dipole,140,1.0000001192092896,0.0,0.6050549857040723,0.6050549857040723,,,,1.0
15,water_dipole,141,1.0000001192092896,0.0,0.6050549857040723,0.6050549857040723,,,,1.0
15,water_dipole,142,1.0000001192092896,0.0,0.6050549857040723,0.6050549857040723,,,,1.0
15,water_dipole,143,1.0000001192092896,0.0,0.6050549857040723,0.6050549857040723,,,,1.0
15,water_dipole,144,1.0000001192092896,0.0,0.6050549857040723,0.6050549857040723,,,,1.0
15,water_dipole,145,1.0000001192092896,0.0,0.6050549857040723,0.6050549857040723,,,,1.0
15,water_dipole,146,1.0000001192092896,0.0,0.6050549857040723,0.6050549857040723,,,,1.0
15,water_dipole,147,1.0000001192092896,0.0,0.6050549857040723,0.6050549857040723,,,,1.0
15,water_dipole,148,1.0000001192092896,0.0,0.6050549857040723,0.6050549857040723,,,,1.0
15,water_dipole,149,1.0000001192092896,0.0,0.6050549857040723,0.6050549857040723,,,,1.0
15,water_dipole,150,1.0000001192092896,0.0,0.6050549857040723,0.6050549857040723,,,,1.0
15,water_dipole,151,1.0000001192092896,0.0,0.6050549857040723,0.6050549857040723,,,,1.0
15,water_dipole,152,1.0000001192092896,0.0,0.6050549857040723,0.6050549857040723,,,,1.0
15,water_dipole,153,1.0000001192092896,0.0,0.6050549857040723,0.6050549857040723,,,,1.0
15,water_dipole,154,1.0000001192092896,0.0,0.6050549857040723,0.6050549857040723,,,,1.0
15,water_dipole,155,1.0000001192092896,0.0,0.6050549857040723,0.6050549857040723,,,,1.0
15,water_dipole,156,1.0000001192092896,0.0,0.6050549857040723,0.6050549857040723,,,,1.0
15,water_dipole,157,1.0000001192092896,0.0,0.6050549857040723,0.6050549857040723,,,,1.0
15,water_dipole,158,1.0000001192092896,0.0,0.6050549857040723,0.6050549857040723,,,,1.0
15,water_dipole,159,1.0000001192092896,0.0,0.6050549857040723,0.6050549857040723,,,,1.0
15,water_dipole,160,1.0000001192092896,0.0,0.6050549857040723,0.6050549857040723,,,,1.0
15,water_dipole,161,1.0000001192092896,0.0,0.6050549857040723,0.6050549857040723,,,,1.0
15,water_dipole,162,1.0000001192092896,0.0,0.6050549857040723,0.6050549857040723,,,,1.0
15,water_dipole,163,1.0000001192092896,0.0,0.6050549857040723,0.6050549857040723,,,,1.0
15,water_dipole,164,1.0000001192092896,0.0,0.6050549857040723,0.6050549857040723,,,,1.0
15,water_dipole,165,1.0000001192092896,0.0,0.6050549857040723,0.6050549857040723,,,,1.0
15,water_dipole,166,1.0000001192092896,0.0,0.6050549857040723,0.6050549857040723,,,,1.0
15,water_dipole,167,1.0000001192092896,0.0,0.6050549857040723,0.6050549857040723,,,,1.0
15,water_dipole,168,1.0000001192092896,0.0,0.6050549857040723,0.6050549857040723,,,,1.0
15,water_dipole,169,1.0000001192092896,0.0,0.6050549857040723,0.6050549857040723,,,,1.0
15,water_dipole,170,1.0000001192092896,0.0,0.6050549857040723,0.6050549857040723,,,,1.0
15,water_dipole,171,1.0000001192092896,0.0,0.6050549857040723,0.6050549857040723,,,,1.0
15,water_dipole,172,1.0000001192092896,0.0,0.6050549857040723,0.6050549857040723,,,,1.0
15,water_dipole,173,1.0000001192092896,0.0,0.6050549857040723,0.6050549857040723,,,,1.0
15,water_dipole,174,1.0000001192092896,0.0,0.6050549857040723,0.6050549857040723,,,,1.0
15,water_dipole,175,1.0000001192092896,0.0,0.6050549857040723,0.6050549857040723,,,,1.0
15,water_dipole,176,1.0000001192092896,0.0,0.6050549857040723,0.6050549857040723,,,,1.0
15,water_dipole,177,1.0000001192092896,0.0,0.6050549857040723,0.6050549857040723,,,,1.0
15,water_dipole,178,1.0000001192092896,0.0,0.6050549857040723,0.6050549857040723,,,,1.0
15,water_dipole,179,1.0000001192092896,0.0,0.6050549857040723,0.6050549857040723,,,,1.0
15,water_dipole,180,1.0000001192092896,0.0,0.6050549857040723,0.6050549857040723,,,,1.0
15,water_dipole,181,1.0000001192092896,0.0,0.6050549857040723,0.6050549857040723,,,,1.0
15,water_dipole,182,1.0000001192092896,0.0,0.6050549857040723,0.6050549857040723,,,,1.0
15,water_dipole,183,1.0000001192092896,0.0,0.6050549857040723,0.6050549857040723,,,,1.0
15,water_dipole,184,1.0000001192092896,0.0,0.6050549857040723,0.6050549857040723,,,,1.0
15,water_dipole,185,1.0000001192092896,0.0,0.6050549857040723,0.6050549857040723,,,,1.0
15,water_dipole,186,1.0000001192092896,0.0,0.6050549857040723,0.6050549857040723,,,,1.0
15,water_dipole,187,1.0000001192092896,0.0,0.6050549857040723,0.6050549857040723,,,,1.0
15,water_dipole,188,1.0000001192092896,0.0,0.6050549857040723,0.6050549857040723,,,,1.0
15,water_dipole,189,1.0000001192092896,0.0,0.6050549857040723,0.6050549857040723,,,,1.0
15,water_dipole,190,1.0000001192092896,0.0,0.6050549857040723,0.6050549857040723,,,,1.0
15,water_dipole,191,1.0000001192092896,0.0,0.6050549857040723,0.6050549857040723,,,,1.0
15,water_dipole,192,1.0000001192092896,0.0,0.6050549857040723,0.6050549857040723,,,,1.0
15,water_dipole,193,1.0000001192092896,0.0,0.6050549857040723,0.6050549857040723,,,,1.0
15,water_dipole,194,1.0000001192092896,0.0,0.6050549857040723,0.6050549857040723,,,,1.0
15,water_dipole,195,1.0000001192092896,0.0,0.6050549857040723,0.6050549857040723,,,,1.0
15,water_dipole,196,1.0000001192092896,0.0,0.6050549857040723,0.6050549857040723,,,,1.0
15,water_dipole,197,1.0000001192092896,0.0,0.6050549857040723,0.6050549857040723,,,,1.0
15,water_dipole,198,1.0000001192092896,0.0,0.6050549857040723,0.6050549857040723,,,,1.0
15,water_dipole,199,1.0000001192092896,0.0,0.6050549857040723,0.6050549857040723,,,,1.0
15,water_dipole,200,1.0000001192092896,0.0,0.6050549857040723,0.6050549857040723,,,,1.0
15,water_dipole,201,1.0000001192092896,0.0,0.6050549857040723,0.6050549857040723,,,,1.0
15,water_dipole,202,1.0000001192092896,0.0,0.6050549857040723,0.6050549857040723,,,,1.0
15,water_dipole,203,1.0000001192092896,0.0,0.6050549857040723,0.6050549857040723,,,,1.0
15,water_dipole,204,1.0000001192092896,0.0,0.6050549857040723,0.6050549857040723,,,,1.0
15,water_dipole,205,1.0000001192092896,0.0,0.6050549857040723,0.6050549857040723,,,,1.0
15,water_dipole,206,1.0000001192092896,0.0,0.6050549857040723,0.6050549857040723,,,,1.0
15,water_dipole,207,1.0000001192092896,0.0,0.6050549857040723,0.6050549857040723,,,,1.0
15,water_dipole,208,1.0000001192092896,0.0,0.6050549857040723,0.6050549857040723,,,,1.0
15,water_dipole,209,1.0000001192092896,0.0,0.6050549857040723,0.6050549857040723,,,,1.0
15,water_dipole,210,1.0000001192092896,0.0,0.6050549857040723,0.6050549857040723,,,,1.0
15,water_dipole,211,1.0000001192092896,0.0,0.6050549857040723,0.6050549857040723,,,,1.0
15,water_dipole,212,1.0000001192092896,0.0,0.6050549857040723,0.6050549857040723,,,,1.0
15,water_dipole,213,1.0000001192092896,0.0,0.6050549857040723,0.6050549857040723,,,,1.0
15,water_dipole,214,1.0000001192092896,0.0,0.6050549857040723,0.6050549857040723,,,,1.0
15,water_dipole,215,1.0000001192092896,0.0,0.6050549857040723,0.6050549857040723,,,,1.0
15,water_dipole,216,1.0000001192092896,0.0,0.6050549857040723,0.6050549857040723,,,,1.0
15,water_dipole,217,1.0000001192092896,0.0,0.6050549857040723,0.6050549857040723,,,,1.0
15,water_dipole,218,1.0000001192092896,0.0,0.6050549857040723,0.6050549857040723,,,,1.0
15,water_dipole,219,1.0000001192092896,0.0,0.6050549857040723,0.6050549857040723,,,,1.0
15,water_dipole,220,1.0000001192092896,0.0,0.6050549857040723,0.6050549857040723,,,,1.0
15,water_dipole,221,1.0000001192092896,0.0,0.6050549857040723,0.6050549857040723,,,,1.0
15,water_dipole,222,1.0000001192092896,0.0,0.6050549857040723,0.6050549857040723,,,,1.0
15,water_dipole,223,1.0000001192092896,0.0,0.6050549857040723,0.6050549857040723,,,,1.0
15,water_dipole,224,1.0000001192092896,0.0,0.6050549857040723,0.6050549857040723,,,,1.0
15,water_dipole,225,1.0000001192092896,0.0,0.6050549857040723,0.6050549857040723,,,,1.0
15,water_dipole,226,1.0000001192092896,0.0,0.6050549857040723,0.6050549857040723,,,,1.0
15,water_dipole,227,1.0000001192092896,0.0,0.6050549857040723,0.6050549857040723,,,,1.0
15,water_dipole,228,1.0000001192092896,0.0,0.6050549857040723,0.6050549857040723,,,,1.0
15,water_dipole,229,1.0000001192092896,0.0,0.6050549857040723,0.6050549857040723,,,,1.0
15,water_dipole,230,1.0000001192092896,0.0,0.6050549857040723,0.6050549857040723,,,,1.0
15,water_dipole,231,1.0000001192092896,0.0,0.6050549857040723,0.6050549857040723,,,,1.0
15,water_dipole,232,1.0000001192092896,0.0,0.6050549857040723,0.6050549857040723,,,,1.0
15,water_dipole,233,1.0000001192092896,0.0,0.6050549857040723,0.6050549857040723,,,,1.0
15,water_dipole,234,1.0000001192092896,0.0,0.6050549857040723,0.6050549857040723,,,,1.0
15,water_dipole,235,1.0000001192092896,0.0,0.6050549857040723,0.6050549857040723,,,,1.0
15,water_dipole,236,1.0000001192092896,0.0,0.6050549857040723,0.6050549857040723,,,,1.0
15,water_dipole,237,1.0000001192092896,0.0,0.6050549857040723,0.6050549857040723,,,,1.0
15,water_dipole,238,1.0000001192092896,0.0,0.6050549857040723,0.6050549857040723,,,,1.0
15,water_dipole,239,1.0000001192092896,0.0,0.6050549857040723,0.6050549857040723,,,,1.0
15,water_dipole,240,1.0000001192092896,0.0,0.6050549857040723,0.6050549857040723,,,,1.0
15,water_dipole,241,1.0000001192092896,0.0,0.6050549857040723,0.6050549857040723,,,,1.0
15,water_dipole,242,1.0000001192092896,0.0,0.6050549857040723,0.6050549857040723,,,,1.0
15,water_dipole,243,1.0000001192092896,0.0,0.6050549857040723,0.6050549857040723,,,,1.0
15,water_dipole,244,1.0000001192092896,0.0,0.6050549857040723,0.6050549857040723,,,,1.0
15,water_dipole,245,1.0000001192092896,0.0,0.6050549857040723,0.6050549857040723,,,,1.0
15,water_dipole,246,1.0000001192092896,0.0,0.6050549857040723,0.6050549857040723,,,,1.0
15,water_dipole,247,1.0000001192092896,0.0,0.6050549857040723,0.6050549857040723,,,,1.0
15,water_dipole,248,1.0000001192092896,0.0,0.6050549857040723,0.6050549857040723,,,,1.0
15,water_dipole,249,1.0000001192092896,0.0,0.6050549857040723,0.6050549857040723,,,,1.0
15,acetone_gsolv_eV,0,0.9999998807907104,0.0,0.671952043162904,0.671952043162904,,,,1.0
15,acetone_gsolv_eV,1,0.9999998807907104,0.0,0.671952043162904,0.671952043162904,,,,1.0
15,acetone_gsolv_eV,2,0.9999998807907104,0.0,0.671952043162904,0.671952043162904,,,,1.0
15,acetone_gsolv_eV,3,0.9999998807907104,0.0,0.671952043162904,0.671952043162904,,,,1.0
15,acetone_gsolv_eV,4,0.9999998807907104,0.0,0.671952043162904,0.671952043162904,,,,1.0
15,acetone_gsolv_eV,5,0.9999998807907104,0.0,0.671952043162904,0.671952043162904,,,,1.0
15,acetone_gsolv_eV,6,0.9999998807907104,0.0,0.671952043162904,0.671952043162904,,,,1.0
15,acetone_gsolv_eV,7,0.9999998807907104,0.0,0.671952043162904,0.671952043162904,,,,1.0
15,acetone_gsolv_eV,8,0.9999998807907104,0.0,0.671952043162904,0.671952043162904,,,,1.0
15,acetone_gsolv_eV,9,0.9999998807907104,0.0,0.671952043162904,0.671952043162904,,,,1.0
15,acetone_gsolv_eV,10,0.9999998807907104,0.0,0.671952043162904,0.671952043162904,,,,1.0
15,acetone_gsolv_eV,11,0.9999998807907104,0.0,0.671952043162904,0.671952043162904,,,,1.0
15,acetone_gsolv_eV,12,0.9999998807907104,0.0,0.671952043162904,0.671952043162904,,,,1.0
15,acetone_gsolv_eV,13,0.9999998807907104,0.0,0.671952043162904,0.671952043162904,,,,1.0
15,acetone_gsolv_eV,14,0.9999998807907104,0.0,0.671952043162904,0.671952043162904,,,,1.0
15,acetone_gsolv_eV,15,0.9999998807907104,0.0,0.671952043162904,0.671952043162904,,,,1.0
15,acetone_gsolv_eV,16,0.9999998807907104,0.0,0.671952043162904,0.671952043162904,,,,1.0
15,acetone_gsolv_eV,17,0.9999998807907104,0.0,0.671952043162904,0.671952043162904,,,,1.0
15,acetone_gsolv_eV,18,0.9999998807907104,0.0,0.671952043162904,0.671952043162904,,,,1.0
15,acetone_gsolv_eV,19,0.9999998807907104,0.0,0.671952043162904,0.671952043162904,,,,1.0
15,acetone_gsolv_eV,20,0.9999998807907104,0.0,0.671952043162904,0.671952043162904,,,,1.0
15,acetone_gsolv_eV,21,0.9999998807907104,0.0,0.671952043162904,0.671952043162904,,,,1.0
15,acetone_gsolv_eV,22,0.9999998807907104,0.0,0.671952043162904,0.671952043162904,,,,1.0
15,acetone_gsolv_eV,23,0.9999998807907104,0.0,0.671952043162904,0.671952043162904,,,,1.0
15,acetone_gsolv_eV,24,0.9999998807907104,0.0,0.671952043162904,0.671952043162904,,,,1.0
15,acetone_gsolv_eV,25,0.9999998807907104,0.0,0.671952043162904,0.671952043162904,,,,1.0
15,acetone_gsolv_eV,26,0.9999998807907104,0.0,0.671952043162904,0.671952043162904,,,,1.0
15,acetone_gsolv_eV,27,0.9999998807907104,0.0,0.671952043162904,0.671952043162904,,,,1.0
15,acetone_gsolv_eV,28,0.9999998807907104,0.0,0.671952043162904,0.671952043162904,,,,1.0
15,acetone_gsolv_eV,29,0.9999998807907104,0.0,0.671952043162904,0.671952043162904,,,,1.0
15,acetone_gsolv_eV,30,0.9999998807907104,0.0,0.671952043162904,0.671952043162904,,,,1.0
15,acetone_gsolv_eV,31,0.9999998807907104,0.0,0.671952043162904,0.671952043162904,,,,1.0
15,acetone_gsolv_eV,32,0.9999998807907104,0.0,0.671952043162904,0.671952043162904,,,,1.0
15,acetone_gsolv_eV,33,0.9999998807907104,0.0,0.671952043162904,0.671952043162904,,,,1.0
15,acetone_gsolv_eV,34,0.9999998807907104,0.0,0.671952043162904,0.671952043162904,,,,1.0
15,acetone_gsolv_eV,35,0.9999998807907104,0.0,0.671952043162904,0.671952043162904,,,,1.0
15,acetone_gsolv_eV,36,0.9999998807907104,0.0,0.671952043162904,0.671952043162904,,,,1.0
15,acetone_gsolv_eV,37,0.9999998807907104,0.0,0.671952043162904,0.671952043162904,,,,1.0
15,acetone_gsolv_eV,38,0.9999998807907104,0.0,0.671952043162904,0.671952043162904,,,,1.0
15,acetone_gsolv_eV,39,0.9999998807907104,0.0,0.671952043162904,0.671952043162904,,,,1.0
15,acetone_gsolv_eV,40,0.9999998807907104,0.0,0.671952043162904,0.671952043162904,,,,1.0
15,acetone_gsolv_eV,41,0.9999998807907104,0.0,0.671952043162904,0.671952043162904,,,,1.0
15,acetone_gsolv_eV,42,0.9999998807907104,0.0,0.671952043162904,0.671952043162904,,,,1.0
15,acetone_gsolv_eV,43,0.9999998807907104,0.0,0.671952043162904,0.671952043162904,,,,1.0
15,acetone_gsolv_eV,44,0.9999998807907104,0.0,0.671952043162904,0.671952043162904,,,,1.0
15,acetone_gsolv_eV,45,0.9999998807907104,0.0,0.671952043162904,0.671952043162904,,,,1.0
15,acetone_gsolv_eV,46,0.9999998807907104,0.0,0.671952043162904,0.671952043162904,,,,1.0
15,acetone_gsolv_eV,47,0.9999998807907104,0.0,0.671952043162904,0.671952043162904,,,,1.0
15,acetone_gsolv_eV,48,0.9999998807907104,0.0,0.671952043162904,0.671952043162904,,,,1.0
15,acetone_gsolv_eV,49,0.9999998807907104,0.0,0.671952043162904,0.671952043162904,,,,1.0
15,acetone_gsolv_eV,50,0.9999998807907104,0.0,0.671952043162904,0.671952043162904,,,,1.0
15,acetone_gsolv_eV,51,0.9999998807907104,0.0,0.671952043162904,0.671952043162904,,,,1.0
15,acetone_gsolv_eV,52,0.9999998807907104,0.0,0.671952043162904,0.671952043162904,,,,1.0
15,acetone_gsolv_eV,53,0.9999998807907104,0.0,0.671952043162904,0.671952043162904,,,,1.0
15,acetone_gsolv_eV,54,0.9999998807907104,0.0,0.671952043162904,0.671952043162904,,,,1.0
15,acetone_gsolv_eV,55,0.9999998807907104,0.0,0.671952043162904,0.671952043162904,,,,1.0
15,acetone_gsolv_eV,56,0.9999998807907104,0.0,0.671952043162904,0.671952043162904,,,,1.0
15,acetone_gsolv_eV,57,0.9999998807907104,0.0,0.671952043162904,0.671952043162904,,,,1.0
15,acetone_gsolv_eV,58,0.9999998807907104,0.0,0.671952043162904,0.671952043162904,,,,1.0
15,acetone_gsolv_eV,59,0.9999998807907104,0.0,0.671952043162904,0.671952043162904,,,,1.0
15,acetone_gsolv_eV,60,0.9999998807907104,0.0,0.671952043162904,0.671952043162904,,,,1.0
15,acetone_gsolv_eV,61,0.9999998807907104,0.0,0.671952043162904,0.671952043162904,,,,1.0
15,acetone_gsolv_eV,62,0.9999998807907104,0.0,0.671952043162904,0.671952043162904,,,,1.0
15,acetone_gsolv_eV,63,0.9999998807907104,0.0,0.671952043162904,0.671952043162904,,,,1.0
15,acetone_gsolv_eV,64,0.9999998807907104,0.0,0.671952043162904,0.671952043162904,,,,1.0
15,acetone_gsolv_eV,65,0.9999998807907104,0.0,0.671952043162904,0.671952043162904,,,,1.0
15,acetone_gsolv_eV,66,0.9999998807907104,0.0,0.671952043162904,0.671952043162904,,,,1.0
15,acetone_gsolv_eV,67,0.9999998807907104,0.0,0.671952043162904,0.671952043162904,,,,1.0
15,acetone_gsolv_eV,68,0.9999998807907104,0.0,0.671952043162904,0.671952043162904,,,,1.0
15,acetone_gsolv_eV,69,0.9999998807907104,0.0,0.671952043162904,0.671952043162904,,,,1.0
15,acetone_gsolv_eV,70,0.9999998807907104,0.0,0.671952043162904,0.671952043162904,,,,1.0
15,acetone_gsolv_eV,71,0.9999998807907104,0.0,0.671952043162904,0.671952043162904,,,,1.0
15,acetone_gsolv_eV,72,0.9999998807907104,0.0,0.671952043162904,0.671952043162904,,,,1.0
15,acetone_gsolv_eV,73,0.9999998807907104,0.0,0.671952043162904,0.671952043162904,,,,1.0
15,acetone_gsolv_eV,74,0.9999998807907104,0.0,0.671952043162904,0.671952043162904,,,,1.0
15,acetone_gsolv_eV,75,0.9999998807907104,0.0,0.671952043162904,0.671952043162904,,,,1.0
15,acetone_gsolv_eV,76,0.9999998807907104,0.0,0.671952043162904,0.671952043162904,,,,1.0
15,acetone_gsolv_eV,77,0.9999998807907104,0.0,0.671952043162904,0.671952043162904,,,,1.0
15,acetone_gsolv_eV,78,0.9999998807907104,0.0,0.671952043162904,0.671952043162904,,,,1.0
15,acetone_gsolv_eV,79,0.9999998807907104,0.0,0.671952043162904,0.671952043162904,,,,1.0
15,acetone_gsolv_eV,80,0.9999998807907104,0.0,0.671952043162904,0.671952043162904,,,,1.0
15,acetone_gsolv_eV,81,0.9999998807907104,0.0,0.671952043162904,0.671952043162904,,,,1.0
15,acetone_gsolv_eV,82,0.9999998807907104,0.0,0.671952043162904,0.671952043162904,,,,1.0
15,acetone_gsolv_eV,83,0.9999998807907104,0.0,0.671952043162904,0.671952043162904,,,,1.0
15,acetone_gsolv_eV,84,0.9999998807907104,0.0,0.671952043162904,0.671952043162904,,,,1.0
15,acetone_gsolv_eV,85,0.9999998807907104,0.0,0.671952043162904,0.671952043162904,,,,1.0
15,acetone_gsolv_eV,86,0.9999998807907104,0.0,0.671952043162904,0.671952043162904,,,,1.0
15,acetone_gsolv_eV,87,0.9999998807907104,0.0,0.671952043162904,0.671952043162904,,,,1.0
15,acetone_gsolv_eV,88,0.9999998807907104,0.0,0.671952043162904,0.671952043162904,,,,1.0
15,acetone_gsolv_eV,89,0.9999998807907104,0.0,0.671952043162904,0.671952043162904,,,,1.0
15,acetone_gsolv_eV,90,0.9999998807907104,0.0,0.671952043162904,0.671952043162904,,,,1.0
15,acetone_gsolv_eV,91,0.9999998807907104,0.0,0.671952043162904,0.671952043162904,,,,1.0
15,acetone_gsolv_eV,92,0.9999998807907104,0.0,0.671952043162904,0.671952043162904,,,,1.0
15,acetone_gsolv_eV,93,0.9999998807907104,0.0,0.671952043162904,0.671952043162904,,,,1.0
15,acetone_gsolv_eV,94,0.9999998807907104,0.0,0.671952043162904,0.671952043162904,,,,1.0
15,acetone_gsolv_eV,95,0.9999998807907104,0.0,0.671952043162904,0.671952043162904,,,,1.0
15,acetone_gsolv_eV,96,0.9999998807907104,0.0,0.671952043162904,0.671952043162904,,,,1.0
15,acetone_gsolv_eV,97,0.9999998807907104,0.0,0.671952043162904,0.671952043162904,,,,1.0
15,acetone_gsolv_eV,98,0.9999998807907104,0.0,0.671952043162904,0.671952043162904,,,,1.0
15,acetone_gsolv_eV,99,0.9999998807907104,0.0,0.671952043162904,0.671952043162904,,,,1.0
15,acetone_gsolv_eV,100,0.9999998807907104,0.0,0.671952043162904,0.671952043162904,,,,1.0
15,acetone_gsolv_eV,101,0.9999998807907104,0.0,0.671952043162904,0.671952043162904,,,,1.0
15,acetone_gsolv_eV,102,0.9999998807907104,0.0,0.671952043162904,0.671952043162904,,,,1.0
15,acetone_gsolv_eV,103,0.9999998807907104,0.0,0.671952043162904,0.671952043162904,,,,1.0
15,acetone_gsolv_eV,104,0.9999998807907104,0.0,0.671952043162904,0.671952043162904,,,,1.0
15,acetone_gsolv_eV,105,0.9999998807907104,0.0,0.671952043162904,0.671952043162904,,,,1.0
15,acetone_gsolv_eV,106,0.9999998807907104,0.0,0.671952043162904,0.671952043162904,,,,1.0
15,acetone_gsolv_eV,107,0.9999998807907104,0.0,0.671952043162904,0.671952043162904,,,,1.0
15,acetone_gsolv_eV,108,0.9999998807907104,0.0,0.671952043162904,0.671952043162904,,,,1.0
15,acetone_gsolv_eV,109,0.9999998807907104,0.0,0.671952043162904,0.671952043162904,,,,1.0
15,acetone_gsolv_eV,110,0.9999998807907104,0.0,0.671952043162904,0.671952043162904,,,,1.0
15,acetone_gsolv_eV,111,0.9999998807907104,0.0,0.671952043162904,0.671952043162904,,,,1.0
15,acetone_gsolv_eV,112,0.9999998807907104,0.0,0.671952043162904,0.671952043162904,,,,1.0
15,acetone_gsolv_eV,113,0.9999998807907104,0.0,0.671952043162904,0.671952043162904,,,,1.0
15,acetone_gsolv_eV,114,0.9999998807907104,0.0,0.671952043162904,0.671952043162904,,,,1.0
15,acetone_gsolv_eV,115,0.9999998807907104,0.0,0.671952043162904,0.671952043162904,,,,1.0
15,acetone_gsolv_eV,116,0.9999998807907104,0.0,0.671952043162904,0.671952043162904,,,,1.0
15,acetone_gsolv_eV,117,0.9999998807907104,0.0,0.671952043162904,0.671952043162904,,,,1.0
15,acetone_gsolv_eV,118,0.9999998807907104,0.0,0.671952043162904,0.671952043162904,,,,1.0
15,acetone_gsolv_eV,119,0.9999998807907104,0.0,0.671952043162904,0.671952043162904,,,,1.0
15,acetone_gsolv_eV,120,0.9999998807907104,0.0,0.671952043162904,0.671952043162904,,,,1.0
15,acetone_gsolv_eV,121,0.9999998807907104,0.0,0.671952043162904,0.671952043162904,,,,1.0
15,acetone_gsolv_eV,122,0.9999998807907104,0.0,0.671952043162904,0.671952043162904,,,,1.0
15,acetone_gsolv_eV,123,0.9999998807907104,0.0,0.671952043162904,0.671952043162904,,,,1.0
15,acetone_gsolv_eV,124,0.9999998807907104,0.0,0.671952043162904,0.671952043162904,,,,1.0
15,acetone_gsolv_eV,125,0.9999998807907104,0.0,0.671952043162904,0.671952043162904,,,,1.0
15,acetone_gsolv_eV,126,0.9999998807907104,0.0,0.671952043162904,0.671952043162904,,,,1.0
15,acetone_gsolv_eV,127,0.9999998807907104,0.0,0.671952043162904,0.671952043162904,,,,1.0
15,acetone_gsolv_eV,128,0.9999998807907104,0.0,0.671952043162904,0.671952043162904,,,,1.0
15,acetone_gsolv_eV,129,0.9999998807907104,0.0,0.671952043162904,0.671952043162904,,,,1.0
15,acetone_gsolv_eV,130,0.9999998807907104,0.0,0.671952043162904,0.671952043162904,,,,1.0
15,acetone_gsolv_eV,131,0.9999998807907104,0.0,0.671952043162904,0.671952043162904,,,,1.0
15,acetone_gsolv_eV,132,0.9999998807907104,0.0,0.671952043162904,0.671952043162904,,,,1.0
15,acetone_gsolv_eV,133,0.9999998807907104,0.0,0.671952043162904,0.671952043162904,,,,1.0
15,acetone_gsolv_eV,134,0.9999998807907104,0.0,0.671952043162904,0.671952043162904,,,,1.0
15,acetone_gsolv_eV,135,0.9999998807907104,0.0,0.671952043162904,0.671952043162904,,,,1.0
15,acetone_gsolv_eV,136,0.9999998807907104,0.0,0.671952043162904,0.671952043162904,,,,1.0
15,acetone_gsolv_eV,137,0.9999998807907104,0.0,0.671952043162904,0.671952043162904,,,,1.0
15,acetone_gsolv_eV,138,0.9999998807907104,0.0,0.671952043162904,0.671952043162904,,,,1.0
15,acetone_gsolv_eV,139,0.9999998807907104,0.0,0.671952043162904,0.671952043162904,,,,1.0
15,acetone_gsolv_eV,140,0.9999998807907104,0.0,0.671952043162904,0.671952043162904,,,,1.0
15,acetone_gsolv_eV,141,0.9999998807907104,0.0,0.671952043162904,0.671952043162904,,,,1.0
15,acetone_gsolv_eV,142,0.9999998807907104,0.0,0.671952043162904,0.671952043162904,,,,1.0
15,acetone_gsolv_eV,143,0.9999998807907104,0.0,0.671952043162904,0.671952043162904,,,,1.0
15,acetone_gsolv_eV,144,0.9999998807907104,0.0,0.671952043162904,0.671952043162904,,,,1.0
15,acetone_gsolv_eV,145,0.9999998807907104,0.0,0.671952043162904,0.671952043162904,,,,1.0
15,acetone_gsolv_eV,146,0.9999998807907104,0.0,0.671952043162904,0.671952043162904,,,,1.0
15,acetone_gsolv_eV,147,0.9999998807907104,0.0,0.671952043162904,0.671952043162904,,,,1.0
15,acetone_gsolv_eV,148,0.9999998807907104,0.0,0.671952043162904,0.671952043162904,,,,1.0
15,acetone_gsolv_eV,149,0.9999998807907104,0.0,0.671952043162904,0.671952043162904,,,,1.0
15,acetone_gsolv_eV,150,0.9999998807907104,0.0,0.671952043162904,0.671952043162904,,,,1.0
15,acetone_gsolv_eV,151,0.9999998807907104,0.0,0.671952043162904,0.671952043162904,,,,1.0
15,acetone_gsolv_eV,152,0.9999998807907104,0.0,0.671952043162904,0.671952043162904,,,,1.0
15,acetone_gsolv_eV,153,0.9999998807907104,0.0,0.671952043162904,0.671952043162904,,,,1.0
15,acetone_gsolv_eV,154,0.9999998807907104,0.0,0.671952043162904,0.671952043162904,,,,1.0
15,acetone_gsolv_eV,155,0.9999998807907104,0.0,0.671952043162904,0.671952043162904,,,,1.0
15,acetone_gsolv_eV,156,0.9999998807907104,0.0,0.671952043162904,0.671952043162904,,,,1.0
15,acetone_gsolv_eV,157,0.9999998807907104,0.0,0.671952043162904,0.671952043162904,,,,1.0
15,acetone_gsolv_eV,158,0.9999998807907104,0.0,0.671952043162904,0.671952043162904,,,,1.0
15,acetone_gsolv_eV,159,0.9999998807907104,0.0,0.671952043162904,0.671952043162904,,,,1.0
15,acetone_gsolv_eV,160,0.9999998807907104,0.0,0.671952043162904,0.671952043162904,,,,1.0
15,acetone_gsolv_eV,161,0.9999998807907104,0.0,0.671952043162904,0.671952043162904,,,,1.0
15,acetone_gsolv_eV,162,0.9999998807907104,0.0,0.671952043162904,0.671952043162904,,,,1.0
15,acetone_gsolv_eV,163,0.9999998807907104,0.0,0.671952043162904,0.671952043162904,,,,1.0
15,acetone_gsolv_eV,164,0.9999998807907104,0.0,0.671952043162904,0.671952043162904,,,,1.0
15,acetone_gsolv_eV,165,0.9999998807907104,0.0,0.671952043162904,0.671952043162904,,,,1.0
15,acetone_gsolv_eV,166,0.9999998807907104,0.0,0.671952043162904,0.671952043162904,,,,1.0
15,acetone_gsolv_eV,167,0.9999998807907104,0.0,0.671952043162904,0.671952043162904,,,,1.0
15,acetone_gsolv_eV,168,0.9999998807907104,0.0,0.671952043162904,0.671952043162904,,,,1.0
15,acetone_gsolv_eV,169,0.9999998807907104,0.0,0.671952043162904,0.671952043162904,,,,1.0
15,acetone_gsolv_eV,170,0.9999998807907104,0.0,0.671952043162904,0.671952043162904,,,,1.0
15,acetone_gsolv_eV,171,0.9999998807907104,0.0,0.671952043162904,0.671952043162904,,,,1.0
15,acetone_gsolv_eV,172,0.9999998807907104,0.0,0.671952043162904,0.671952043162904,,,,1.0
15,acetone_gsolv_eV,173,0.9999998807907104,0.0,0.671952043162904,0.671952043162904,,,,1.0
15,acetone_gsolv_eV,174,0.9999998807907104,0.0,0.671952043162904,0.671952043162904,,,,1.0
15,acetone_gsolv_eV,175,0.9999998807907104,0.0,0.671952043162904,0.671952043162904,,,,1.0
15,acetone_gsolv_eV,176,0.9999998807907104,0.0,0.671952043162904,0.671952043162904,,,,1.0
15,acetone_gsolv_eV,177,0.9999998807907104,0.0,0.671952043162904,0.671952043162904,,,,1.0
15,acetone_gsolv_eV,178,0.9999998807907104,0.0,0.671952043162904,0.671952043162904,,,,1.0
15,acetone_gsolv_eV,179,0.9999998807907104,0.0,0.671952043162904,0.671952043162904,,,,1.0
15,acetone_gsolv_eV,180,0.9999998807907104,0.0,0.671952043162904,0.671952043162904,,,,1.0
15,acetone_gsolv_eV,181,0.9999998807907104,0.0,0.671952043162904,0.671952043162904,,,,1.0
15,acetone_gsolv_eV,182,0.9999998807907104,0.0,0.671952043162904,0.671952043162904,,,,1.0
15,acetone_gsolv_eV,183,0.9999998807907104,0.0,0.671952043162904,0.671952043162904,,,,1.0
15,acetone_gsolv_eV,184,0.9999998807907104,0.0,0.671952043162904,0.671952043162904,,,,1.0
15,acetone_gsolv_eV,185,0.9999998807907104,0.0,0.671952043162904,0.671952043162904,,,,1.0
15,acetone_gsolv_eV,186,0.9999998807907104,0.0,0.671952043162904,0.671952043162904,,,,1.0
15,acetone_gsolv_eV,187,0.9999998807907104,0.0,0.671952043162904,0.671952043162904,,,,1.0
15,acetone_gsolv_eV,188,0.9999998807907104,0.0,0.671952043162904,0.671952043162904,,,,1.0
15,acetone_gsolv_eV,189,0.9999998807907104,0.0,0.671952043162904,0.671952043162904,,,,1.0
15,acetone_gsolv_eV,190,0.9999998807907104,0.0,0.671952043162904,0.671952043162904,,,,1.0
15,acetone_gsolv_eV,191,0.9999998807907104,0.0,0.671952043162904,0.671952043162904,,,,1.0
15,acetone_gsolv_eV,192,0.9999998807907104,0.0,0.671952043162904,0.671952043162904,,,,1.0
15,acetone_gsolv_eV,193,0.9999998807907104,0.0,0.671952043162904,0.671952043162904,,,,1.0
15,acetone_gsolv_eV,194,0.9999998807907104,0.0,0.671952043162904,0.671952043162904,,,,1.0
15,acetone_gsolv_eV,195,0.9999998807907104,0.0,0.671952043162904,0.671952043162904,,,,1.0
15,acetone_gsolv_eV,196,0.9999998807907104,0.0,0.671952043162904,0.671952043162904,,,,1.0
15,acetone_gsolv_eV,197,0.9999998807907104,0.0,0.671952043162904,0.671952043162904,,,,1.0
15,acetone_gsolv_eV,198,0.9999998807907104,0.0,0.671952043162904,0.671952043162904,,,,1.0
15,acetone_gsolv_eV,199,0.9999998807907104,0.0,0.671952043162904,0.671952043162904,,,,1.0
15,acetone_gsolv_eV,200,0.9999998807907104,0.0,0.671952043162904,0.671952043162904,,,,1.0
15,acetone_gsolv_eV,201,0.9999998807907104,0.0,0.671952043162904,0.671952043162904,,,,1.0
15,acetone_gsolv_eV,202,0.9999998807907104,0.0,0.671952043162904,0.671952043162904,,,,1.0
15,acetone_gsolv_eV,203,0.9999998807907104,0.0,0.671952043162904,0.671952043162904,,,,1.0
15,acetone_gsolv_eV,204,0.9999998807907104,0.0,0.671952043162904,0.671952043162904,,,,1.0
15,acetone_gsolv_eV,205,0.9999998807907104,0.0,0.671952043162904,0.671952043162904,,,,1.0
15,acetone_gsolv_eV,206,0.9999998807907104,0.0,0.671952043162904,0.671952043162904,,,,1.0
15,acetone_gsolv_eV,207,0.9999998807907104,0.0,0.671952043162904,0.671952043162904,,,,1.0
15,acetone_gsolv_eV,208,0.9999998807907104,0.0,0.671952043162904,0.671952043162904,,,,1.0
15,acetone_gsolv_eV,209,0.9999998807907104,0.0,0.671952043162904,0.671952043162904,,,,1.0
15,acetone_gsolv_eV,210,0.9999998807907104,0.0,0.671952043162904,0.671952043162904,,,,1.0
15,acetone_gsolv_eV,211,0.9999998807907104,0.0,0.671952043162904,0.671952043162904,,,,1.0
15,acetone_gsolv_eV,212,0.9999998807907104,0.0,0.671952043162904,0.671952043162904,,,,1.0
15,acetone_gsolv_eV,213,0.9999998807907104,0.0,0.671952043162904,0.671952043162904,,,,1.0
15,acetone_gsolv_eV,214,0.9999998807907104,0.0,0.671952043162904,0.671952043162904,,,,1.0
15,acetone_gsolv_eV,215,0.9999998807907104,0.0,0.671952043162904,0.671952043162904,,,,1.0
15,acetone_gsolv_eV,216,0.9999998807907104,0.0,0.671952043162904,0.671952043162904,,,,1.0
15,acetone_gsolv_eV,217,0.9999998807907104,0.0,0.671952043162904,0.671952043162904,,,,1.0
15,acetone_gsolv_eV,218,0.9999998807907104,0.0,0.671952043162904,0.671952043162904,,,,1.0
15,acetone_gsolv_eV,219,0.9999998807907104,0.0,0.671952043162904,0.671952043162904,,,,1.0
15,acetone_gsolv_eV,220,0.9999998807907104,0.0,0.671952043162904,0.671952043162904,,,,1.0
15,acetone_gsolv_eV,221,0.9999998807907104,0.0,0.671952043162904,0.671952043162904,,,,1.0
15,acetone_gsolv_eV,222,0.9999998807907104,0.0,0.671952043162904,0.671952043162904,,,,1.0
15,acetone_gsolv_eV,223,0.9999998807907104,0.0,0.671952043162904,0.671952043162904,,,,1.0
15,acetone_gsolv_eV,224,0.9999998807907104,0.0,0.671952043162904,0.671952043162904,,,,1.0
15,acetone_gsolv_eV,225,0.9999998807907104,0.0,0.671952043162904,0.671952043162904,,,,1.0
15,acetone_gsolv_eV,226,0.9999998807907104,0.0,0.671952043162904,0.671952043162904,,,,1.0
15,acetone_gsolv_eV,227,0.9999998807907104,0.0,0.671952043162904,0.671952043162904,,,,1.0
15,acetone_gsolv_eV,228,0.9999998807907104,0.0,0.671952043162904,0.671952043162904,,,,1.0
15,acetone_gsolv_eV,229,0.9999998807907104,0.0,0.671952043162904,0.671952043162904,,,,1.0
15,acetone_gsolv_eV,230,0.9999998807907104,0.0,0.671952043162904,0.671952043162904,,,,1.0
15,acetone_gsolv_eV,231,0.9999998807907104,0.0,0.671952043162904,0.671952043162904,,,,1.0
15,acetone_gsolv_eV,232,0.9999998807907104,0.0,0.671952043162904,0.671952043162904,,,,1.0
15,acetone_gsolv_eV,233,0.9999998807907104,0.0,0.671952043162904,0.671952043162904,,,,1.0
15,acetone_gsolv_eV,234,0.9999998807907104,0.0,0.671952043162904,0.671952043162904,,,,1.0
15,acetone_gsolv_eV,235,0.9999998807907104,0.0,0.671952043162904,0.671952043162904,,,,1.0
15,acetone_gsolv_eV,236,0.9999998807907104,0.0,0.671952043162904,0.671952043162904,,,,1.0
15,acetone_gsolv_eV,237,0.9999998807907104,0.0,0.671952043162904,0.671952043162904,,,,1.0
15,acetone_gsolv_eV,238,0.9999998807907104,0.0,0.671952043162904,0.671952043162904,,,,1.0
15,acetone_gsolv_eV,239,0.9999998807907104,0.0,0.671952043162904,0.671952043162904,,,,1.0
15,acetone_gsolv_eV,240,0.9999998807907104,0.0,0.671952043162904,0.671952043162904,,,,1.0
15,acetone_gsolv_eV,241,0.9999998807907104,0.0,0.671952043162904,0.671952043162904,,,,1.0
15,acetone_gsolv_eV,242,0.9999998807907104,0.0,0.671952043162904,0.671952043162904,,,,1.0
15,acetone_gsolv_eV,243,0.9999998807907104,0.0,0.671952043162904,0.671952043162904,,,,1.0
15,acetone_gsolv_eV,244,0.9999998807907104,0.0,0.671952043162904,0.671952043162904,,,,1.0
15,acetone_gsolv_eV,245,0.9999998807907104,0.0,0.671952043162904,0.671952043162904,,,,1.0
15,acetone_gsolv_eV,246,0.9999998807907104,0.0,0.671952043162904,0.671952043162904,,,,1.0
15,acetone_gsolv_eV,247,0.9999998807907104,0.0,0.671952043162904,0.671952043162904,,,,1.0
15,acetone_gsolv_eV,248,0.9999998807907104,0.0,0.671952043162904,0.671952043162904,,,,1.0
15,acetone_gsolv_eV,249,0.9999998807907104,0.0,0.671952043162904,0.671952043162904,,,,1.0
15,acetone_hl_gap_eV,0,1.0,0.0,0.706012787213357,0.706012787213357,,,,1.0
15,acetone_hl_gap_eV,1,1.0,0.0,0.706012787213357,0.706012787213357,,,,1.0
15,acetone_hl_gap_eV,2,1.0,0.0,0.706012787213357,0.706012787213357,,,,1.0
15,acetone_hl_gap_eV,3,1.0,0.0,0.706012787213357,0.706012787213357,,,,1.0
15,acetone_hl_gap_eV,4,1.0,0.0,0.706012787213357,0.706012787213357,,,,1.0
15,acetone_hl_gap_eV,5,1.0,0.0,0.706012787213357,0.706012787213357,,,,1.0
15,acetone_hl_gap_eV,6,1.0,0.0,0.706012787213357,0.706012787213357,,,,1.0
15,acetone_hl_gap_eV,7,1.0,0.0,0.706012787213357,0.706012787213357,,,,1.0
15,acetone_hl_gap_eV,8,1.0,0.0,0.706012787213357,0.706012787213357,,,,1.0
15,acetone_hl_gap_eV,9,1.0,0.0,0.706012787213357,0.706012787213357,,,,1.0
15,acetone_hl_gap_eV,10,1.0,0.0,0.706012787213357,0.706012787213357,,,,1.0
15,acetone_hl_gap_eV,11,1.0,0.0,0.706012787213357,0.706012787213357,,,,1.0
15,acetone_hl_gap_eV,12,1.0,0.0,0.706012787213357,0.706012787213357,,,,1.0
15,acetone_hl_gap_eV,13,1.0,0.0,0.706012787213357,0.706012787213357,,,,1.0
15,acetone_hl_gap_eV,14,1.0,0.0,0.706012787213357,0.706012787213357,,,,1.0
15,acetone_hl_gap_eV,15,1.0,0.0,0.706012787213357,0.706012787213357,,,,1.0
15,acetone_hl_gap_eV,16,1.0,0.0,0.706012787213357,0.706012787213357,,,,1.0
15,acetone_hl_gap_eV,17,1.0,0.0,0.706012787213357,0.706012787213357,,,,1.0
15,acetone_hl_gap_eV,18,1.0,0.0,0.706012787213357,0.706012787213357,,,,1.0
15,acetone_hl_gap_eV,19,1.0,0.0,0.706012787213357,0.706012787213357,,,,1.0
15,acetone_hl_gap_eV,20,1.0,0.0,0.706012787213357,0.706012787213357,,,,1.0
15,acetone_hl_gap_eV,21,1.0,0.0,0.706012787213357,0.706012787213357,,,,1.0
15,acetone_hl_gap_eV,22,1.0,0.0,0.706012787213357,0.706012787213357,,,,1.0
15,acetone_hl_gap_eV,23,1.0,0.0,0.706012787213357,0.706012787213357,,,,1.0
15,acetone_hl_gap_eV,24,1.0,0.0,0.706012787213357,0.706012787213357,,,,1.0
15,acetone_hl_gap_eV,25,1.0,0.0,0.706012787213357,0.706012787213357,,,,1.0
15,acetone_hl_gap_eV,26,1.0,0.0,0.706012787213357,0.706012787213357,,,,1.0
15,acetone_hl_gap_eV,27,1.0,0.0,0.706012787213357,0.706012787213357,,,,1.0
15,acetone_hl_gap_eV,28,1.0,0.0,0.706012787213357,0.706012787213357,,,,1.0
15,acetone_hl_gap_eV,29,1.0,0.0,0.706012787213357,0.706012787213357,,,,1.0
15,acetone_hl_gap_eV,30,1.0,0.0,0.706012787213357,0.706012787213357,,,,1.0
15,acetone_hl_gap_eV,31,1.0,0.0,0.706012787213357,0.706012787213357,,,,1.0
15,acetone_hl_gap_eV,32,1.0,0.0,0.706012787213357,0.706012787213357,,,,1.0
15,acetone_hl_gap_eV,33,1.0,0.0,0.706012787213357,0.706012787213357,,,,1.0
15,acetone_hl_gap_eV,34,1.0,0.0,0.706012787213357,0.706012787213357,,,,1.0
15,acetone_hl_gap_eV,35,1.0,0.0,0.706012787213357,0.706012787213357,,,,1.0
15,acetone_hl_gap_eV,36,1.0,0.0,0.706012787213357,0.706012787213357,,,,1.0
15,acetone_hl_gap_eV,37,1.0,0.0,0.706012787213357,0.706012787213357,,,,1.0
15,acetone_hl_gap_eV,38,1.0,0.0,0.706012787213357,0.706012787213357,,,,1.0
15,acetone_hl_gap_eV,39,1.0,0.0,0.706012787213357,0.706012787213357,,,,1.0
15,acetone_hl_gap_eV,40,1.0,0.0,0.706012787213357,0.706012787213357,,,,1.0
15,acetone_hl_gap_eV,41,1.0,0.0,0.706012787213357,0.706012787213357,,,,1.0
15,acetone_hl_gap_eV,42,1.0,0.0,0.706012787213357,0.706012787213357,,,,1.0
15,acetone_hl_gap_eV,43,1.0,0.0,0.706012787213357,0.706012787213357,,,,1.0
15,acetone_hl_gap_eV,44,1.0,0.0,0.706012787213357,0.706012787213357,,,,1.0
15,acetone_hl_gap_eV,45,1.0,0.0,0.706012787213357,0.706012787213357,,,,1.0
15,acetone_hl_gap_eV,46,1.0,0.0,0.706012787213357,0.706012787213357,,,,1.0
15,acetone_hl_gap_eV,47,1.0,0.0,0.706012787213357,0.706012787213357,,,,1.0
15,acetone_hl_gap_eV,48,1.0,0.0,0.706012787213357,0.706012787213357,,,,1.0
15,acetone_hl_gap_eV,49,1.0,0.0,0.706012787213357,0.706012787213357,,,,1.0
15,acetone_hl_gap_eV,50,1.0,0.0,0.706012787213357,0.706012787213357,,,,1.0
15,acetone_hl_gap_eV,51,1.0,0.0,0.706012787213357,0.706012787213357,,,,1.0
15,acetone_hl_gap_eV,52,1.0,0.0,0.706012787213357,0.706012787213357,,,,1.0
15,acetone_hl_gap_eV,53,1.0,0.0,0.706012787213357,0.706012787213357,,,,1.0
15,acetone_hl_gap_eV,54,1.0,0.0,0.706012787213357,0.706012787213357,,,,1.0
15,acetone_hl_gap_eV,55,1.0,0.0,0.706012787213357,0.706012787213357,,,,1.0
15,acetone_hl_gap_eV,56,1.0,0.0,0.706012787213357,0.706012787213357,,,,1.0
15,acetone_hl_gap_eV,57,1.0,0.0,0.706012787213357,0.706012787213357,,,,1.0
15,acetone_hl_gap_eV,58,1.0,0.0,0.706012787213357,0.706012787213357,,,,1.0
15,acetone_hl_gap_eV,59,1.0,0.0,0.706012787213357,0.706012787213357,,,,1.0
15,acetone_hl_gap_eV,60,1.0,0.0,0.706012787213357,0.706012787213357,,,,1.0
15,acetone_hl_gap_eV,61,1.0,0.0,0.706012787213357,0.706012787213357,,,,1.0
15,acetone_hl_gap_eV,62,1.0,0.0,0.706012787213357,0.706012787213357,,,,1.0
15,acetone_hl_gap_eV,63,1.0,0.0,0.706012787213357,0.706012787213357,,,,1.0
15,acetone_hl_gap_eV,64,1.0,0.0,0.706012787213357,0.706012787213357,,,,1.0
15,acetone_hl_gap_eV,65,1.0,0.0,0.706012787213357,0.706012787213357,,,,1.0
15,acetone_hl_gap_eV,66,1.0,0.0,0.706012787213357,0.706012787213357,,,,1.0
15,acetone_hl_gap_eV,67,1.0,0.0,0.706012787213357,0.706012787213357,,,,1.0
15,acetone_hl_gap_eV,68,1.0,0.0,0.706012787213357,0.706012787213357,,,,1.0
15,acetone_hl_gap_eV,69,1.0,0.0,0.706012787213357,0.706012787213357,,,,1.0
15,acetone_hl_gap_eV,70,1.0,0.0,0.706012787213357,0.706012787213357,,,,1.0
15,acetone_hl_gap_eV,71,1.0,0.0,0.706012787213357,0.706012787213357,,,,1.0
15,acetone_hl_gap_eV,72,1.0,0.0,0.706012787213357,0.706012787213357,,,,1.0
15,acetone_hl_gap_eV,73,1.0,0.0,0.706012787213357,0.706012787213357,,,,1.0
15,acetone_hl_gap_eV,74,1.0,0.0,0.706012787213357,0.706012787213357,,,,1.0
15,acetone_hl_gap_eV,75,1.0,0.0,0.706012787213357,0.706012787213357,,,,1.0
15,acetone_hl_gap_eV,76,1.0,0.0,0.706012787213357,0.706012787213357,,,,1.0
15,acetone_hl_gap_eV,77,1.0,0.0,0.706012787213357,0.706012787213357,,,,1.0
15,acetone_hl_gap_eV,78,1.0,0.0,0.706012787213357,0.706012787213357,,,,1.0
15,acetone_hl_gap_eV,79,1.0,0.0,0.706012787213357,0.706012787213357,,,,1.0
15,acetone_hl_gap_eV,80,1.0,0.0,0.706012787213357,0.706012787213357,,,,1.0
15,acetone_hl_gap_eV,81,1.0,0.0,0.706012787213357,0.706012787213357,,,,1.0
15,acetone_hl_gap_eV,82,1.0,0.0,0.706012787213357,0.706012787213357,,,,1.0
15,acetone_hl_gap_eV,83,1.0,0.0,0.706012787213357,0.706012787213357,,,,1.0
15,acetone_hl_gap_eV,84,1.0,0.0,0.706012787213357,0.706012787213357,,,,1.0
15,acetone_hl_gap_eV,85,1.0,0.0,0.706012787213357,0.706012787213357,,,,1.0
15,acetone_hl_gap_eV,86,1.0,0.0,0.706012787213357,0.706012787213357,,,,1.0
15,acetone_hl_gap_eV,87,1.0,0.0,0.706012787213357,0.706012787213357,,,,1.0
15,acetone_hl_gap_eV,88,1.0,0.0,0.706012787213357,0.706012787213357,,,,1.0
15,acetone_hl_gap_eV,89,1.0,0.0,0.706012787213357,0.706012787213357,,,,1.0
15,acetone_hl_gap_eV,90,1.0,0.0,0.706012787213357,0.706012787213357,,,,1.0
15,acetone_hl_gap_eV,91,1.0,0.0,0.706012787213357,0.706012787213357,,,,1.0
15,acetone_hl_gap_eV,92,1.0,0.0,0.706012787213357,0.706012787213357,,,,1.0
15,acetone_hl_gap_eV,93,1.0,0.0,0.706012787213357,0.706012787213357,,,,1.0
15,acetone_hl_gap_eV,94,1.0,0.0,0.706012787213357,0.706012787213357,,,,1.0
15,acetone_hl_gap_eV,95,1.0,0.0,0.706012787213357,0.706012787213357,,,,1.0
15,acetone_hl_gap_eV,96,1.0,0.0,0.706012787213357,0.706012787213357,,,,1.0
15,acetone_hl_gap_eV,97,1.0,0.0,0.706012787213357,0.706012787213357,,,,1.0
15,acetone_hl_gap_eV,98,1.0,0.0,0.706012787213357,0.706012787213357,,,,1.0
15,acetone_hl_gap_eV,99,1.0,0.0,0.706012787213357,0.706012787213357,,,,1.0
15,acetone_hl_gap_eV,100,1.0,0.0,0.706012787213357,0.706012787213357,,,,1.0
15,acetone_hl_gap_eV,101,1.0,0.0,0.706012787213357,0.706012787213357,,,,1.0
15,acetone_hl_gap_eV,102,1.0,0.0,0.706012787213357,0.706012787213357,,,,1.0
15,acetone_hl_gap_eV,103,1.0,0.0,0.706012787213357,0.706012787213357,,,,1.0
15,acetone_hl_gap_eV,104,1.0,0.0,0.706012787213357,0.706012787213357,,,,1.0
15,acetone_hl_gap_eV,105,1.0,0.0,0.706012787213357,0.706012787213357,,,,1.0
15,acetone_hl_gap_eV,106,1.0,0.0,0.706012787213357,0.706012787213357,,,,1.0
15,acetone_hl_gap_eV,107,1.0,0.0,0.706012787213357,0.706012787213357,,,,1.0
15,acetone_hl_gap_eV,108,1.0,0.0,0.706012787213357,0.706012787213357,,,,1.0
15,acetone_hl_gap_eV,109,1.0,0.0,0.706012787213357,0.706012787213357,,,,1.0
15,acetone_hl_gap_eV,110,1.0,0.0,0.706012787213357,0.706012787213357,,,,1.0
15,acetone_hl_gap_eV,111,1.0,0.0,0.706012787213357,0.706012787213357,,,,1.0
15,acetone_hl_gap_eV,112,1.0,0.0,0.706012787213357,0.706012787213357,,,,1.0
15,acetone_hl_gap_eV,113,1.0,0.0,0.706012787213357,0.706012787213357,,,,1.0
15,acetone_hl_gap_eV,114,1.0,0.0,0.706012787213357,0.706012787213357,,,,1.0
15,acetone_hl_gap_eV,115,1.0,0.0,0.706012787213357,0.706012787213357,,,,1.0
15,acetone_hl_gap_eV,116,1.0,0.0,0.706012787213357,0.706012787213357,,,,1.0
15,acetone_hl_gap_eV,117,1.0,0.0,0.706012787213357,0.706012787213357,,,,1.0
15,acetone_hl_gap_eV,118,1.0,0.0,0.706012787213357,0.706012787213357,,,,1.0
15,acetone_hl_gap_eV,119,1.0,0.0,0.706012787213357,0.706012787213357,,,,1.0
15,acetone_hl_gap_eV,120,1.0,0.0,0.706012787213357,0.706012787213357,,,,1.0
15,acetone_hl_gap_eV,121,1.0,0.0,0.706012787213357,0.706012787213357,,,,1.0
15,acetone_hl_gap_eV,122,1.0,0.0,0.706012787213357,0.706012787213357,,,,1.0
15,acetone_hl_gap_eV,123,1.0,0.0,0.706012787213357,0.706012787213357,,,,1.0
15,acetone_hl_gap_eV,124,1.0,0.0,0.706012787213357,0.706012787213357,,,,1.0
15,acetone_hl_gap_eV,125,1.0,0.0,0.706012787213357,0.706012787213357,,,,1.0
15,acetone_hl_gap_eV,126,1.0,0.0,0.706012787213357,0.706012787213357,,,,1.0
15,acetone_hl_gap_eV,127,1.0,0.0,0.706012787213357,0.706012787213357,,,,1.0
15,acetone_hl_gap_eV,128,1.0,0.0,0.706012787213357,0.706012787213357,,,,1.0
15,acetone_hl_gap_eV,129,1.0,0.0,0.706012787213357,0.706012787213357,,,,1.0
15,acetone_hl_gap_eV,130,1.0,0.0,0.706012787213357,0.706012787213357,,,,1.0
15,acetone_hl_gap_eV,131,1.0,0.0,0.706012787213357,0.706012787213357,,,,1.0
15,acetone_hl_gap_eV,132,1.0,0.0,0.706012787213357,0.706012787213357,,,,1.0
15,acetone_hl_gap_eV,133,1.0,0.0,0.706012787213357,0.706012787213357,,,,1.0
15,acetone_hl_gap_eV,134,1.0,0.0,0.706012787213357,0.706012787213357,,,,1.0
15,acetone_hl_gap_eV,135,1.0,0.0,0.706012787213357,0.706012787213357,,,,1.0
15,acetone_hl_gap_eV,136,1.0,0.0,0.706012787213357,0.706012787213357,,,,1.0
15,acetone_hl_gap_eV,137,1.0,0.0,0.706012787213357,0.706012787213357,,,,1.0
15,acetone_hl_gap_eV,138,1.0,0.0,0.706012787213357,0.706012787213357,,,,1.0
15,acetone_hl_gap_eV,139,1.0,0.0,0.706012787213357,0.706012787213357,,,,1.0
15,acetone_hl_gap_eV,140,1.0,0.0,0.706012787213357,0.706012787213357,,,,1.0
15,acetone_hl_gap_eV,141,1.0,0.0,0.706012787213357,0.706012787213357,,,,1.0
15,acetone_hl_gap_eV,142,1.0,0.0,0.706012787213357,0.706012787213357,,,,1.0
15,acetone_hl_gap_eV,143,1.0,0.0,0.706012787213357,0.706012787213357,,,,1.0
15,acetone_hl_gap_eV,144,1.0,0.0,0.706012787213357,0.706012787213357,,,,1.0
15,acetone_hl_gap_eV,145,1.0,0.0,0.706012787213357,0.706012787213357,,,,1.0
15,acetone_hl_gap_eV,146,1.0,0.0,0.706012787213357,0.706012787213357,,,,1.0
15,acetone_hl_gap_eV,147,1.0,0.0,0.706012787213357,0.706012787213357,,,,1.0
15,acetone_hl_gap_eV,148,1.0,0.0,0.706012787213357,0.706012787213357,,,,1.0
15,acetone_hl_gap_eV,149,1.0,0.0,0.706012787213357,0.706012787213357,,,,1.0
15,acetone_hl_gap_eV,150,1.0,0.0,0.706012787213357,0.706012787213357,,,,1.0
15,acetone_hl_gap_eV,151,1.0,0.0,0.706012787213357,0.706012787213357,,,,1.0
15,acetone_hl_gap_eV,152,1.0,0.0,0.706012787213357,0.706012787213357,,,,1.0
15,acetone_hl_gap_eV,153,1.0,0.0,0.706012787213357,0.706012787213357,,,,1.0
15,acetone_hl_gap_eV,154,1.0,0.0,0.706012787213357,0.706012787213357,,,,1.0
15,acetone_hl_gap_eV,155,1.0,0.0,0.706012787213357,0.706012787213357,,,,1.0
15,acetone_hl_gap_eV,156,1.0,0.0,0.706012787213357,0.706012787213357,,,,1.0
15,acetone_hl_gap_eV,157,1.0,0.0,0.706012787213357,0.706012787213357,,,,1.0
15,acetone_hl_gap_eV,158,1.0,0.0,0.706012787213357,0.706012787213357,,,,1.0
15,acetone_hl_gap_eV,159,1.0,0.0,0.706012787213357,0.706012787213357,,,,1.0
15,acetone_hl_gap_eV,160,1.0,0.0,0.706012787213357,0.706012787213357,,,,1.0
15,acetone_hl_gap_eV,161,1.0,0.0,0.706012787213357,0.706012787213357,,,,1.0
15,acetone_hl_gap_eV,162,1.0,0.0,0.706012787213357,0.706012787213357,,,,1.0
15,acetone_hl_gap_eV,163,1.0,0.0,0.706012787213357,0.706012787213357,,,,1.0
15,acetone_hl_gap_eV,164,1.0,0.0,0.706012787213357,0.706012787213357,,,,1.0
15,acetone_hl_gap_eV,165,1.0,0.0,0.706012787213357,0.706012787213357,,,,1.0
15,acetone_hl_gap_eV,166,1.0,0.0,0.706012787213357,0.706012787213357,,,,1.0
15,acetone_hl_gap_eV,167,1.0,0.0,0.706012787213357,0.706012787213357,,,,1.0
15,acetone_hl_gap_eV,168,1.0,0.0,0.706012787213357,0.706012787213357,,,,1.0
15,acetone_hl_gap_eV,169,1.0,0.0,0.706012787213357,0.706012787213357,,,,1.0
15,acetone_hl_gap_eV,170,1.0,0.0,0.706012787213357,0.706012787213357,,,,1.0
15,acetone_hl_gap_eV,171,1.0,0.0,0.706012787213357,0.706012787213357,,,,1.0
15,acetone_hl_gap_eV,172,1.0,0.0,0.706012787213357,0.706012787213357,,,,1.0
15,acetone_hl_gap_eV,173,1.0,0.0,0.706012787213357,0.706012787213357,,,,1.0
15,acetone_hl_gap_eV,174,1.0,0.0,0.706012787213357,0.706012787213357,,,,1.0
15,acetone_hl_gap_eV,175,1.0,0.0,0.706012787213357,0.706012787213357,,,,1.0
15,acetone_hl_gap_eV,176,1.0,0.0,0.706012787213357,0.706012787213357,,,,1.0
15,acetone_hl_gap_eV,177,1.0,0.0,0.706012787213357,0.706012787213357,,,,1.0
15,acetone_hl_gap_eV,178,1.0,0.0,0.706012787213357,0.706012787213357,,,,1.0
15,acetone_hl_gap_eV,179,1.0,0.0,0.706012787213357,0.706012787213357,,,,1.0
15,acetone_hl_gap_eV,180,1.0,0.0,0.706012787213357,0.706012787213357,,,,1.0
15,acetone_hl_gap_eV,181,1.0,0.0,0.706012787213357,0.706012787213357,,,,1.0
15,acetone_hl_gap_eV,182,1.0,0.0,0.706012787213357,0.706012787213357,,,,1.0
15,acetone_hl_gap_eV,183,1.0,0.0,0.706012787213357,0.706012787213357,,,,1.0
15,acetone_hl_gap_eV,184,1.0,0.0,0.706012787213357,0.706012787213357,,,,1.0
15,acetone_hl_gap_eV,185,1.0,0.0,0.706012787213357,0.706012787213357,,,,1.0
15,acetone_hl_gap_eV,186,1.0,0.0,0.706012787213357,0.706012787213357,,,,1.0
15,acetone_hl_gap_eV,187,1.0,0.0,0.706012787213357,0.706012787213357,,,,1.0
15,acetone_hl_gap_eV,188,1.0,0.0,0.706012787213357,0.706012787213357,,,,1.0
15,acetone_hl_gap_eV,189,1.0,0.0,0.706012787213357,0.706012787213357,,,,1.0
15,acetone_hl_gap_eV,190,1.0,0.0,0.706012787213357,0.706012787213357,,,,1.0
15,acetone_hl_gap_eV,191,1.0,0.0,0.706012787213357,0.706012787213357,,,,1.0
15,acetone_hl_gap_eV,192,1.0,0.0,0.706012787213357,0.706012787213357,,,,1.0
15,acetone_hl_gap_eV,193,1.0,0.0,0.706012787213357,0.706012787213357,,,,1.0
15,acetone_hl_gap_eV,194,1.0,0.0,0.706012787213357,0.706012787213357,,,,1.0
15,acetone_hl_gap_eV,195,1.0,0.0,0.706012787213357,0.706012787213357,,,,1.0
15,acetone_hl_gap_eV,196,1.0,0.0,0.706012787213357,0.706012787213357,,,,1.0
15,acetone_hl_gap_eV,197,1.0,0.0,0.706012787213357,0.706012787213357,,,,1.0
15,acetone_hl_gap_eV,198,1.0,0.0,0.706012787213357,0.706012787213357,,,,1.0
15,acetone_hl_gap_eV,199,1.0,0.0,0.706012787213357,0.706012787213357,,,,1.0
15,acetone_hl_gap_eV,200,1.0,0.0,0.706012787213357,0.706012787213357,,,,1.0
15,acetone_hl_gap_eV,201,1.0,0.0,0.706012787213357,0.706012787213357,,,,1.0
15,acetone_hl_gap_eV,202,1.0,0.0,0.706012787213357,0.706012787213357,,,,1.0
15,acetone_hl_gap_eV,203,1.0,0.0,0.706012787213357,0.706012787213357,,,,1.0
15,acetone_hl_gap_eV,204,1.0,0.0,0.706012787213357,0.706012787213357,,,,1.0
15,acetone_hl_gap_eV,205,1.0,0.0,0.706012787213357,0.706012787213357,,,,1.0
15,acetone_hl_gap_eV,206,1.0,0.0,0.706012787213357,0.706012787213357,,,,1.0
15,acetone_hl_gap_eV,207,1.0,0.0,0.706012787213357,0.706012787213357,,,,1.0
15,acetone_hl_gap_eV,208,1.0,0.0,0.706012787213357,0.706012787213357,,,,1.0
15,acetone_hl_gap_eV,209,1.0,0.0,0.706012787213357,0.706012787213357,,,,1.0
15,acetone_hl_gap_eV,210,1.0,0.0,0.706012787213357,0.706012787213357,,,,1.0
15,acetone_hl_gap_eV,211,1.0,0.0,0.706012787213357,0.706012787213357,,,,1.0
15,acetone_hl_gap_eV,212,1.0,0.0,0.706012787213357,0.706012787213357,,,,1.0
15,acetone_hl_gap_eV,213,1.0,0.0,0.706012787213357,0.706012787213357,,,,1.0
15,acetone_hl_gap_eV,214,1.0,0.0,0.706012787213357,0.706012787213357,,,,1.0
15,acetone_hl_gap_eV,215,1.0,0.0,0.706012787213357,0.706012787213357,,,,1.0
15,acetone_hl_gap_eV,216,1.0,0.0,0.706012787213357,0.706012787213357,,,,1.0
15,acetone_hl_gap_eV,217,1.0,0.0,0.706012787213357,0.706012787213357,,,,1.0
15,acetone_hl_gap_eV,218,1.0,0.0,0.706012787213357,0.706012787213357,,,,1.0
15,acetone_hl_gap_eV,219,1.0,0.0,0.706012787213357,0.706012787213357,,,,1.0
15,acetone_hl_gap_eV,220,1.0,0.0,0.706012787213357,0.706012787213357,,,,1.0
15,acetone_hl_gap_eV,221,1.0,0.0,0.706012787213357,0.706012787213357,,,,1.0
15,acetone_hl_gap_eV,222,1.0,0.0,0.706012787213357,0.706012787213357,,,,1.0
15,acetone_hl_gap_eV,223,1.0,0.0,0.706012787213357,0.706012787213357,,,,1.0
15,acetone_hl_gap_eV,224,1.0,0.0,0.706012787213357,0.706012787213357,,,,1.0
15,acetone_hl_gap_eV,225,1.0,0.0,0.706012787213357,0.706012787213357,,,,1.0
15,acetone_hl_gap_eV,226,1.0,0.0,0.706012787213357,0.706012787213357,,,,1.0
15,acetone_hl_gap_eV,227,1.0,0.0,0.706012787213357,0.706012787213357,,,,1.0
15,acetone_hl_gap_eV,228,1.0,0.0,0.706012787213357,0.706012787213357,,,,1.0
15,acetone_hl_gap_eV,229,1.0,0.0,0.706012787213357,0.706012787213357,,,,1.0
15,acetone_hl_gap_eV,230,1.0,0.0,0.706012787213357,0.706012787213357,,,,1.0
15,acetone_hl_gap_eV,231,1.0,0.0,0.706012787213357,0.706012787213357,,,,1.0
15,acetone_hl_gap_eV,232,1.0,0.0,0.706012787213357,0.706012787213357,,,,1.0
15,acetone_hl_gap_eV,233,1.0,0.0,0.706012787213357,0.706012787213357,,,,1.0
15,acetone_hl_gap_eV,234,1.0,0.0,0.706012787213357,0.706012787213357,,,,1.0
15,acetone_hl_gap_eV,235,1.0,0.0,0.706012787213357,0.706012787213357,,,,1.0
15,acetone_hl_gap_eV,236,1.0,0.0,0.706012787213357,0.706012787213357,,,,1.0
15,acetone_hl_gap_eV,237,1.0,0.0,0.706012787213357,0.706012787213357,,,,1.0
15,acetone_hl_gap_eV,238,1.0,0.0,0.706012787213357,0.706012787213357,,,,1.0
15,acetone_hl_gap_eV,239,1.0,0.0,0.706012787213357,0.706012787213357,,,,1.0
15,acetone_hl_gap_eV,240,1.0,0.0,0.706012787213357,0.706012787213357,,,,1.0
15,acetone_hl_gap_eV,241,1.0,0.0,0.706012787213357,0.706012787213357,,,,1.0
15,acetone_hl_gap_eV,242,1.0,0.0,0.706012787213357,0.706012787213357,,,,1.0
15,acetone_hl_gap_eV,243,1.0,0.0,0.706012787213357,0.706012787213357,,,,1.0
15,acetone_hl_gap_eV,244,1.0,0.0,0.706012787213357,0.706012787213357,,,,1.0
15,acetone_hl_gap_eV,245,1.0,0.0,0.706012787213357,0.706012787213357,,,,1.0
15,acetone_hl_gap_eV,246,1.0,0.0,0.706012787213357,0.706012787213357,,,,1.0
15,acetone_hl_gap_eV,247,1.0,0.0,0.706012787213357,0.706012787213357,,,,1.0
15,acetone_hl_gap_eV,248,1.0,0.0,0.706012787213357,0.706012787213357,,,,1.0
15,acetone_hl_gap_eV,249,1.0,0.0,0.706012787213357,0.706012787213357,,,,1.0
15,acetone_dipole,0,1.0,0.0,0.6160515888129916,0.6160515888129916,,,,1.0
15,acetone_dipole,1,1.0,0.0,0.6160515888129916,0.6160515888129916,,,,1.0
15,acetone_dipole,2,1.0,0.0,0.6160515888129916,0.6160515888129916,,,,1.0
15,acetone_dipole,3,1.0,0.0,0.6160515888129916,0.6160515888129916,,,,1.0
15,acetone_dipole,4,1.0,0.0,0.6160515888129916,0.6160515888129916,,,,1.0
15,acetone_dipole,5,1.0,0.0,0.6160515888129916,0.6160515888129916,,,,1.0
15,acetone_dipole,6,1.0,0.0,0.6160515888129916,0.6160515888129916,,,,1.0
15,acetone_dipole,7,1.0,0.0,0.6160515888129916,0.6160515888129916,,,,1.0
15,acetone_dipole,8,1.0,0.0,0.6160515888129916,0.6160515888129916,,,,1.0
15,acetone_dipole,9,1.0,0.0,0.6160515888129916,0.6160515888129916,,,,1.0
15,acetone_dipole,10,1.0,0.0,0.6160515888129916,0.6160515888129916,,,,1.0
15,acetone_dipole,11,1.0,0.0,0.6160515888129916,0.6160515888129916,,,,1.0
15,acetone_dipole,12,1.0,0.0,0.6160515888129916,0.6160515888129916,,,,1.0
15,acetone_dipole,13,1.0,0.0,0.6160515888129916,0.6160515888129916,,,,1.0
15,acetone_dipole,14,1.0,0.0,0.6160515888129916,0.6160515888129916,,,,1.0
15,acetone_dipole,15,1.0,0.0,0.6160515888129916,0.6160515888129916,,,,1.0
15,acetone_dipole,16,1.0,0.0,0.6160515888129916,0.6160515888129916,,,,1.0
15,acetone_dipole,17,1.0,0.0,0.6160515888129916,0.6160515888129916,,,,1.0
15,acetone_dipole,18,1.0,0.0,0.6160515888129916,0.6160515888129916,,,,1.0
15,acetone_dipole,19,1.0,0.0,0.6160515888129916,0.6160515888129916,,,,1.0
15,acetone_dipole,20,1.0,0.0,0.6160515888129916,0.6160515888129916,,,,1.0
15,acetone_dipole,21,1.0,0.0,0.6160515888129916,0.6160515888129916,,,,1.0
15,acetone_dipole,22,1.0,0.0,0.6160515888129916,0.6160515888129916,,,,1.0
15,acetone_dipole,23,1.0,0.0,0.6160515888129916,0.6160515888129916,,,,1.0
15,acetone_dipole,24,1.0,0.0,0.6160515888129916,0.6160515888129916,,,,1.0
15,acetone_dipole,25,1.0,0.0,0.6160515888129916,0.6160515888129916,,,,1.0
15,acetone_dipole,26,1.0,0.0,0.6160515888129916,0.6160515888129916,,,,1.0
15,acetone_dipole,27,1.0,0.0,0.6160515888129916,0.6160515888129916,,,,1.0
15,acetone_dipole,28,1.0,0.0,0.6160515888129916,0.6160515888129916,,,,1.0
15,acetone_dipole,29,1.0,0.0,0.6160515888129916,0.6160515888129916,,,,1.0
15,acetone_dipole,30,1.0,0.0,0.6160515888129916,0.6160515888129916,,,,1.0
15,acetone_dipole,31,1.0,0.0,0.6160515888129916,0.6160515888129916,,,,1.0
15,acetone_dipole,32,1.0,0.0,0.6160515888129916,0.6160515888129916,,,,1.0
15,acetone_dipole,33,1.0,0.0,0.6160515888129916,0.6160515888129916,,,,1.0
15,acetone_dipole,34,1.0,0.0,0.6160515888129916,0.6160515888129916,,,,1.0
15,acetone_dipole,35,1.0,0.0,0.6160515888129916,0.6160515888129916,,,,1.0
15,acetone_dipole,36,1.0,0.0,0.6160515888129916,0.6160515888129916,,,,1.0
15,acetone_dipole,37,1.0,0.0,0.6160515888129916,0.6160515888129916,,,,1.0
15,acetone_dipole,38,1.0,0.0,0.6160515888129916,0.6160515888129916,,,,1.0
15,acetone_dipole,39,1.0,0.0,0.6160515888129916,0.6160515888129916,,,,1.0
15,acetone_dipole,40,1.0,0.0,0.6160515888129916,0.6160515888129916,,,,1.0
15,acetone_dipole,41,1.0,0.0,0.6160515888129916,0.6160515888129916,,,,1.0
15,acetone_dipole,42,1.0,0.0,0.6160515888129916,0.6160515888129916,,,,1.0
15,acetone_dipole,43,1.0,0.0,0.6160515888129916,0.6160515888129916,,,,1.0
15,acetone_dipole,44,1.0,0.0,0.6160515888129916,0.6160515888129916,,,,1.0
15,acetone_dipole,45,1.0,0.0,0.6160515888129916,0.6160515888129916,,,,1.0
15,acetone_dipole,46,1.0,0.0,0.6160515888129916,0.6160515888129916,,,,1.0
15,acetone_dipole,47,1.0,0.0,0.6160515888129916,0.6160515888129916,,,,1.0
15,acetone_dipole,48,1.0,0.0,0.6160515888129916,0.6160515888129916,,,,1.0
15,acetone_dipole,49,1.0,0.0,0.6160515888129916,0.6160515888129916,,,,1.0
15,acetone_dipole,50,1.0,0.0,0.6160515888129916,0.6160515888129916,,,,1.0
15,acetone_dipole,51,1.0,0.0,0.6160515888129916,0.6160515888129916,,,,1.0
15,acetone_dipole,52,1.0,0.0,0.6160515888129916,0.6160515888129916,,,,1.0
15,acetone_dipole,53,1.0,0.0,0.6160515888129916,0.6160515888129916,,,,1.0
15,acetone_dipole,54,1.0,0.0,0.6160515888129916,0.6160515888129916,,,,1.0
15,acetone_dipole,55,1.0,0.0,0.6160515888129916,0.6160515888129916,,,,1.0
15,acetone_dipole,56,1.0,0.0,0.6160515888129916,0.6160515888129916,,,,1.0
15,acetone_dipole,57,1.0,0.0,0.6160515888129916,0.6160515888129916,,,,1.0
15,acetone_dipole,58,1.0,0.0,0.6160515888129916,0.6160515888129916,,,,1.0
15,acetone_dipole,59,1.0,0.0,0.6160515888129916,0.6160515888129916,,,,1.0
15,acetone_dipole,60,1.0,0.0,0.6160515888129916,0.6160515888129916,,,,1.0
15,acetone_dipole,61,1.0,0.0,0.6160515888129916,0.6160515888129916,,,,1.0
15,acetone_dipole,62,1.0,0.0,0.6160515888129916,0.6160515888129916,,,,1.0
15,acetone_dipole,63,1.0,0.0,0.6160515888129916,0.6160515888129916,,,,1.0
15,acetone_dipole,64,1.0,0.0,0.6160515888129916,0.6160515888129916,,,,1.0
15,acetone_dipole,65,1.0,0.0,0.6160515888129916,0.6160515888129916,,,,1.0
15,acetone_dipole,66,1.0,0.0,0.6160515888129916,0.6160515888129916,,,,1.0
15,acetone_dipole,67,1.0,0.0,0.6160515888129916,0.6160515888129916,,,,1.0
15,acetone_dipole,68,1.0,0.0,0.6160515888129916,0.6160515888129916,,,,1.0
15,acetone_dipole,69,1.0,0.0,0.6160515888129916,0.6160515888129916,,,,1.0
15,acetone_dipole,70,1.0,0.0,0.6160515888129916,0.6160515888129916,,,,1.0
15,acetone_dipole,71,1.0,0.0,0.6160515888129916,0.6160515888129916,,,,1.0
15,acetone_dipole,72,1.0,0.0,0.6160515888129916,0.6160515888129916,,,,1.0
15,acetone_dipole,73,1.0,0.0,0.6160515888129916,0.6160515888129916,,,,1.0
15,acetone_dipole,74,1.0,0.0,0.6160515888129916,0.6160515888129916,,,,1.0
15,acetone_dipole,75,1.0,0.0,0.6160515888129916,0.6160515888129916,,,,1.0
15,acetone_dipole,76,1.0,0.0,0.6160515888129916,0.6160515888129916,,,,1.0
15,acetone_dipole,77,1.0,0.0,0.6160515888129916,0.6160515888129916,,,,1.0
15,acetone_dipole,78,1.0,0.0,0.6160515888129916,0.6160515888129916,,,,1.0
15,acetone_dipole,79,1.0,0.0,0.6160515888129916,0.6160515888129916,,,,1.0
15,acetone_dipole,80,1.0,0.0,0.6160515888129916,0.6160515888129916,,,,1.0
15,acetone_dipole,81,1.0,0.0,0.6160515888129916,0.6160515888129916,,,,1.0
15,acetone_dipole,82,1.0,0.0,0.6160515888129916,0.6160515888129916,,,,1.0
15,acetone_dipole,83,1.0,0.0,0.6160515888129916,0.6160515888129916,,,,1.0
15,acetone_dipole,84,1.0,0.0,0.6160515888129916,0.6160515888129916,,,,1.0
15,acetone_dipole,85,1.0,0.0,0.6160515888129916,0.6160515888129916,,,,1.0
15,acetone_dipole,86,1.0,0.0,0.6160515888129916,0.6160515888129916,,,,1.0
15,acetone_dipole,87,1.0,0.0,0.6160515888129916,0.6160515888129916,,,,1.0
15,acetone_dipole,88,1.0,0.0,0.6160515888129916,0.6160515888129916,,,,1.0
15,acetone_dipole,89,1.0,0.0,0.6160515888129916,0.6160515888129916,,,,1.0
15,acetone_dipole,90,1.0,0.0,0.6160515888129916,0.6160515888129916,,,,1.0
15,acetone_dipole,91,1.0,0.0,0.6160515888129916,0.6160515888129916,,,,1.0
15,acetone_dipole,92,1.0,0.0,0.6160515888129916,0.6160515888129916,,,,1.0
15,acetone_dipole,93,1.0,0.0,0.6160515888129916,0.6160515888129916,,,,1.0
15,acetone_dipole,94,1.0,0.0,0.6160515888129916,0.6160515888129916,,,,1.0
15,acetone_dipole,95,1.0,0.0,0.6160515888129916,0.6160515888129916,,,,1.0
15,acetone_dipole,96,1.0,0.0,0.6160515888129916,0.6160515888129916,,,,1.0
15,acetone_dipole,97,1.0,0.0,0.6160515888129916,0.6160515888129916,,,,1.0
15,acetone_dipole,98,1.0,0.0,0.6160515888129916,0.6160515888129916,,,,1.0
15,acetone_dipole,99,1.0,0.0,0.6160515888129916,0.6160515888129916,,,,1.0
15,acetone_dipole,100,1.0,0.0,0.6160515888129916,0.6160515888129916,,,,1.0
15,acetone_dipole,101,1.0,0.0,0.6160515888129916,0.6160515888129916,,,,1.0
15,acetone_dipole,102,1.0,0.0,0.6160515888129916,0.6160515888129916,,,,1.0
15,acetone_dipole,103,1.0,0.0,0.6160515888129916,0.6160515888129916,,,,1.0
15,acetone_dipole,104,1.0,0.0,0.6160515888129916,0.6160515888129916,,,,1.0
15,acetone_dipole,105,1.0,0.0,0.6160515888129916,0.6160515888129916,,,,1.0
15,acetone_dipole,106,1.0,0.0,0.6160515888129916,0.6160515888129916,,,,1.0
15,acetone_dipole,107,1.0,0.0,0.6160515888129916,0.6160515888129916,,,,1.0
15,acetone_dipole,108,1.0,0.0,0.6160515888129916,0.6160515888129916,,,,1.0
15,acetone_dipole,109,1.0,0.0,0.6160515888129916,0.6160515888129916,,,,1.0
15,acetone_dipole,110,1.0,0.0,0.6160515888129916,0.6160515888129916,,,,1.0
15,acetone_dipole,111,1.0,0.0,0.6160515888129916,0.6160515888129916,,,,1.0
15,acetone_dipole,112,1.0,0.0,0.6160515888129916,0.6160515888129916,,,,1.0
15,acetone_dipole,113,1.0,0.0,0.6160515888129916,0.6160515888129916,,,,1.0
15,acetone_dipole,114,1.0,0.0,0.6160515888129916,0.6160515888129916,,,,1.0
15,acetone_dipole,115,1.0,0.0,0.6160515888129916,0.6160515888129916,,,,1.0
15,acetone_dipole,116,1.0,0.0,0.6160515888129916,0.6160515888129916,,,,1.0
15,acetone_dipole,117,1.0,0.0,0.6160515888129916,0.6160515888129916,,,,1.0
15,acetone_dipole,118,1.0,0.0,0.6160515888129916,0.6160515888129916,,,,1.0
15,acetone_dipole,119,1.0,0.0,0.6160515888129916,0.6160515888129916,,,,1.0
15,acetone_dipole,120,1.0,0.0,0.6160515888129916,0.6160515888129916,,,,1.0
15,acetone_dipole,121,1.0,0.0,0.6160515888129916,0.6160515888129916,,,,1.0
15,acetone_dipole,122,1.0,0.0,0.6160515888129916,0.6160515888129916,,,,1.0
15,acetone_dipole,123,1.0,0.0,0.6160515888129916,0.6160515888129916,,,,1.0
15,acetone_dipole,124,1.0,0.0,0.6160515888129916,0.6160515888129916,,,,1.0
15,acetone_dipole,125,1.0,0.0,0.6160515888129916,0.6160515888129916,,,,1.0
15,acetone_dipole,126,1.0,0.0,0.6160515888129916,0.6160515888129916,,,,1.0
15,acetone_dipole,127,1.0,0.0,0.6160515888129916,0.6160515888129916,,,,1.0
15,acetone_dipole,128,1.0,0.0,0.6160515888129916,0.6160515888129916,,,,1.0
15,acetone_dipole,129,1.0,0.0,0.6160515888129916,0.6160515888129916,,,,1.0
15,acetone_dipole,130,1.0,0.0,0.6160515888129916,0.6160515888129916,,,,1.0
15,acetone_dipole,131,1.0,0.0,0.6160515888129916,0.6160515888129916,,,,1.0
15,acetone_dipole,132,1.0,0.0,0.6160515888129916,0.6160515888129916,,,,1.0
15,acetone_dipole,133,1.0,0.0,0.6160515888129916,0.6160515888129916,,,,1.0
15,acetone_dipole,134,1.0,0.0,0.6160515888129916,0.6160515888129916,,,,1.0
15,acetone_dipole,135,1.0,0.0,0.6160515888129916,0.6160515888129916,,,,1.0
15,acetone_dipole,136,1.0,0.0,0.6160515888129916,0.6160515888129916,,,,1.0
15,acetone_dipole,137,1.0,0.0,0.6160515888129916,0.6160515888129916,,,,1.0
15,acetone_dipole,138,1.0,0.0,0.6160515888129916,0.6160515888129916,,,,1.0
15,acetone_dipole,139,1.0,0.0,0.6160515888129916,0.6160515888129916,,,,1.0
15,acetone_dipole,140,1.0,0.0,0.6160515888129916,0.6160515888129916,,,,1.0
15,acetone_dipole,141,1.0,0.0,0.6160515888129916,0.6160515888129916,,,,1.0
15,acetone_dipole,142,1.0,0.0,0.6160515888129916,0.6160515888129916,,,,1.0
15,acetone_dipole,143,1.0,0.0,0.6160515888129916,0.6160515888129916,,,,1.0
15,acetone_dipole,144,1.0,0.0,0.6160515888129916,0.6160515888129916,,,,1.0
15,acetone_dipole,145,1.0,0.0,0.6160515888129916,0.6160515888129916,,,,1.0
15,acetone_dipole,146,1.0,0.0,0.6160515888129916,0.6160515888129916,,,,1.0
15,acetone_dipole,147,1.0,0.0,0.6160515888129916,0.6160515888129916,,,,1.0
15,acetone_dipole,148,1.0,0.0,0.6160515888129916,0.6160515888129916,,,,1.0
15,acetone_dipole,149,1.0,0.0,0.6160515888129916,0.6160515888129916,,,,1.0
15,acetone_dipole,150,1.0,0.0,0.6160515888129916,0.6160515888129916,,,,1.0
15,acetone_dipole,151,1.0,0.0,0.6160515888129916,0.6160515888129916,,,,1.0
15,acetone_dipole,152,1.0,0.0,0.6160515888129916,0.6160515888129916,,,,1.0
15,acetone_dipole,153,1.0,0.0,0.6160515888129916,0.6160515888129916,,,,1.0
15,acetone_dipole,154,1.0,0.0,0.6160515888129916,0.6160515888129916,,,,1.0
15,acetone_dipole,155,1.0,0.0,0.6160515888129916,0.6160515888129916,,,,1.0
15,acetone_dipole,156,1.0,0.0,0.6160515888129916,0.6160515888129916,,,,1.0
15,acetone_dipole,157,1.0,0.0,0.6160515888129916,0.6160515888129916,,,,1.0
15,acetone_dipole,158,1.0,0.0,0.6160515888129916,0.6160515888129916,,,,1.0
15,acetone_dipole,159,1.0,0.0,0.6160515888129916,0.6160515888129916,,,,1.0
15,acetone_dipole,160,1.0,0.0,0.6160515888129916,0.6160515888129916,,,,1.0
15,acetone_dipole,161,1.0,0.0,0.6160515888129916,0.6160515888129916,,,,1.0
15,acetone_dipole,162,1.0,0.0,0.6160515888129916,0.6160515888129916,,,,1.0
15,acetone_dipole,163,1.0,0.0,0.6160515888129916,0.6160515888129916,,,,1.0
15,acetone_dipole,164,1.0,0.0,0.6160515888129916,0.6160515888129916,,,,1.0
15,acetone_dipole,165,1.0,0.0,0.6160515888129916,0.6160515888129916,,,,1.0
15,acetone_dipole,166,1.0,0.0,0.6160515888129916,0.6160515888129916,,,,1.0
15,acetone_dipole,167,1.0,0.0,0.6160515888129916,0.6160515888129916,,,,1.0
15,acetone_dipole,168,1.0,0.0,0.6160515888129916,0.6160515888129916,,,,1.0
15,acetone_dipole,169,1.0,0.0,0.6160515888129916,0.6160515888129916,,,,1.0
15,acetone_dipole,170,1.0,0.0,0.6160515888129916,0.6160515888129916,,,,1.0
15,acetone_dipole,171,1.0,0.0,0.6160515888129916,0.6160515888129916,,,,1.0
15,acetone_dipole,172,1.0,0.0,0.6160515888129916,0.6160515888129916,,,,1.0
15,acetone_dipole,173,1.0,0.0,0.6160515888129916,0.6160515888129916,,,,1.0
15,acetone_dipole,174,1.0,0.0,0.6160515888129916,0.6160515888129916,,,,1.0
15,acetone_dipole,175,1.0,0.0,0.6160515888129916,0.6160515888129916,,,,1.0
15,acetone_dipole,176,1.0,0.0,0.6160515888129916,0.6160515888129916,,,,1.0
15,acetone_dipole,177,1.0,0.0,0.6160515888129916,0.6160515888129916,,,,1.0
15,acetone_dipole,178,1.0,0.0,0.6160515888129916,0.6160515888129916,,,,1.0
15,acetone_dipole,179,1.0,0.0,0.6160515888129916,0.6160515888129916,,,,1.0
15,acetone_dipole,180,1.0,0.0,0.6160515888129916,0.6160515888129916,,,,1.0
15,acetone_dipole,181,1.0,0.0,0.6160515888129916,0.6160515888129916,,,,1.0
15,acetone_dipole,182,1.0,0.0,0.6160515888129916,0.6160515888129916,,,,1.0
15,acetone_dipole,183,1.0,0.0,0.6160515888129916,0.6160515888129916,,,,1.0
15,acetone_dipole,184,1.0,0.0,0.6160515888129916,0.6160515888129916,,,,1.0
15,acetone_dipole,185,1.0,0.0,0.6160515888129916,0.6160515888129916,,,,1.0
15,acetone_dipole,186,1.0,0.0,0.6160515888129916,0.6160515888129916,,,,1.0
15,acetone_dipole,187,1.0,0.0,0.6160515888129916,0.6160515888129916,,,,1.0
15,acetone_dipole,188,1.0,0.0,0.6160515888129916,0.6160515888129916,,,,1.0
15,acetone_dipole,189,1.0,0.0,0.6160515888129916,0.6160515888129916,,,,1.0
15,acetone_dipole,190,1.0,0.0,0.6160515888129916,0.6160515888129916,,,,1.0
15,acetone_dipole,191,1.0,0.0,0.6160515888129916,0.6160515888129916,,,,1.0
15,acetone_dipole,192,1.0,0.0,0.6160515888129916,0.6160515888129916,,,,1.0
15,acetone_dipole,193,1.0,0.0,0.6160515888129916,0.6160515888129916,,,,1.0
15,acetone_dipole,194,1.0,0.0,0.6160515888129916,0.6160515888129916,,,,1.0
15,acetone_dipole,195,1.0,0.0,0.6160515888129916,0.6160515888129916,,,,1.0
15,acetone_dipole,196,1.0,0.0,0.6160515888129916,0.6160515888129916,,,,1.0
15,acetone_dipole,197,1.0,0.0,0.6160515888129916,0.6160515888129916,,,,1.0
15,acetone_dipole,198,1.0,0.0,0.6160515888129916,0.6160515888129916,,,,1.0
15,acetone_dipole,199,1.0,0.0,0.6160515888129916,0.6160515888129916,,,,1.0
15,acetone_dipole,200,1.0,0.0,0.6160515888129916,0.6160515888129916,,,,1.0
15,acetone_dipole,201,1.0,0.0,0.6160515888129916,0.6160515888129916,,,,1.0
15,acetone_dipole,202,1.0,0.0,0.6160515888129916,0.6160515888129916,,,,1.0
15,acetone_dipole,203,1.0,0.0,0.6160515888129916,0.6160515888129916,,,,1.0
15,acetone_dipole,204,1.0,0.0,0.6160515888129916,0.6160515888129916,,,,1.0
15,acetone_dipole,205,1.0,0.0,0.6160515888129916,0.6160515888129916,,,,1.0
15,acetone_dipole,206,1.0,0.0,0.6160515888129916,0.6160515888129916,,,,1.0
15,acetone_dipole,207,1.0,0.0,0.6160515888129916,0.6160515888129916,,,,1.0
15,acetone_dipole,208,1.0,0.0,0.6160515888129916,0.6160515888129916,,,,1.0
15,acetone_dipole,209,1.0,0.0,0.6160515888129916,0.6160515888129916,,,,1.0
15,acetone_dipole,210,1.0,0.0,0.6160515888129916,0.6160515888129916,,,,1.0
15,acetone_dipole,211,1.0,0.0,0.6160515888129916,0.6160515888129916,,,,1.0
15,acetone_dipole,212,1.0,0.0,0.6160515888129916,0.6160515888129916,,,,1.0
15,acetone_dipole,213,1.0,0.0,0.6160515888129916,0.6160515888129916,,,,1.0
15,acetone_dipole,214,1.0,0.0,0.6160515888129916,0.6160515888129916,,,,1.0
15,acetone_dipole,215,1.0,0.0,0.6160515888129916,0.6160515888129916,,,,1.0
15,acetone_dipole,216,1.0,0.0,0.6160515888129916,0.6160515888129916,,,,1.0
15,acetone_dipole,217,1.0,0.0,0.6160515888129916,0.6160515888129916,,,,1.0
15,acetone_dipole,218,1.0,0.0,0.6160515888129916,0.6160515888129916,,,,1.0
15,acetone_dipole,219,1.0,0.0,0.6160515888129916,0.6160515888129916,,,,1.0
15,acetone_dipole,220,1.0,0.0,0.6160515888129916,0.6160515888129916,,,,1.0
15,acetone_dipole,221,1.0,0.0,0.6160515888129916,0.6160515888129916,,,,1.0
15,acetone_dipole,222,1.0,0.0,0.6160515888129916,0.6160515888129916,,,,1.0
15,acetone_dipole,223,1.0,0.0,0.6160515888129916,0.6160515888129916,,,,1.0
15,acetone_dipole,224,1.0,0.0,0.6160515888129916,0.6160515888129916,,,,1.0
15,acetone_dipole,225,1.0,0.0,0.6160515888129916,0.6160515888129916,,,,1.0
15,acetone_dipole,226,1.0,0.0,0.6160515888129916,0.6160515888129916,,,,1.0
15,acetone_dipole,227,1.0,0.0,0.6160515888129916,0.6160515888129916,,,,1.0
15,acetone_dipole,228,1.0,0.0,0.6160515888129916,0.6160515888129916,,,,1.0
15,acetone_dipole,229,1.0,0.0,0.6160515888129916,0.6160515888129916,,,,1.0
15,acetone_dipole,230,1.0,0.0,0.6160515888129916,0.6160515888129916,,,,1.0
15,acetone_dipole,231,1.0,0.0,0.6160515888129916,0.6160515888129916,,,,1.0
15,acetone_dipole,232,1.0,0.0,0.6160515888129916,0.6160515888129916,,,,1.0
15,acetone_dipole,233,1.0,0.0,0.6160515888129916,0.6160515888129916,,,,1.0
15,acetone_dipole,234,1.0,0.0,0.6160515888129916,0.6160515888129916,,,,1.0
15,acetone_dipole,235,1.0,0.0,0.6160515888129916,0.6160515888129916,,,,1.0
15,acetone_dipole,236,1.0,0.0,0.6160515888129916,0.6160515888129916,,,,1.0
15,acetone_dipole,237,1.0,0.0,0.6160515888129916,0.6160515888129916,,,,1.0
15,acetone_dipole,238,1.0,0.0,0.6160515888129916,0.6160515888129916,,,,1.0
15,acetone_dipole,239,1.0,0.0,0.6160515888129916,0.6160515888129916,,,,1.0
15,acetone_dipole,240,1.0,0.0,0.6160515888129916,0.6160515888129916,,,,1.0
15,acetone_dipole,241,1.0,0.0,0.6160515888129916,0.6160515888129916,,,,1.0
15,acetone_dipole,242,1.0,0.0,0.6160515888129916,0.6160515888129916,,,,1.0
15,acetone_dipole,243,1.0,0.0,0.6160515888129916,0.6160515888129916,,,,1.0
15,acetone_dipole,244,1.0,0.0,0.6160515888129916,0.6160515888129916,,,,1.0
15,acetone_dipole,245,1.0,0.0,0.6160515888129916,0.6160515888129916,,,,1.0
15,acetone_dipole,246,1.0,0.0,0.6160515888129916,0.6160515888129916,,,,1.0
15,acetone_dipole,247,1.0,0.0,0.6160515888129916,0.6160515888129916,,,,1.0
15,acetone_dipole,248,1.0,0.0,0.6160515888129916,0.6160515888129916,,,,1.0
15,acetone_dipole,249,1.0,0.0,0.6160515888129916,0.6160515888129916,,,,1.0
15,octanol_gsolv_eV,0,0.6123125553131104,0.00699904840439558,0.6895448134593627,0.9559596505617867,1.4582533836364746,0.7340000867843628,0.5033419397621918,0.5
15,octanol_gsolv_eV,1,0.16207298636436462,0.022913046181201935,0.6705921803079402,0.9633913628793744,5.257424831390381,0.012959371320903301,0.0024649655937117906,0.12
15,octanol_gsolv_eV,2,0.2033599466085434,0.024785438552498817,0.6600110384141393,0.9653886553914146,5.60931921005249,0.016963442787528038,0.003024153583045829,0.16
15,octanol_gsolv_eV,3,0.22964216768741608,0.020627597346901894,0.666705238006944,0.9609662087846838,4.407102108001709,0.07181959599256516,0.016296331292657517,0.14
15,octanol_gsolv_eV,4,0.4115460515022278,0.013251909986138344,0.6763346421843603,0.9448004110401864,2.955925941467285,1.0871845483779907,0.3677983041206796,0.42
15,octanol_gsolv_eV,5,0.18566185235977173,0.026160158216953278,0.6672284200318002,0.9712619996668799,5.636946678161621,0.010576748289167881,0.001876325765177768,0.2
15,octanol_gsolv_eV,6,0.15073727071285248,0.020774368196725845,0.6689696898386734,0.935349771018692,4.7998528480529785,0.1297874003648758,0.02703987069468661,0.14
15,octanol_gsolv_eV,7,0.10538636147975922,0.020353004336357117,0.6655817212754671,0.9649797924432433,4.309545516967773,0.05189449340105057,0.012041755492946712,0.1
15,octanol_gsolv_eV,8,0.5311577916145325,0.022633792832493782,0.6715617482107517,0.931011645498852,5.184232711791992,0.7584212422370911,0.14629382676282943,0.5
15,octanol_gsolv_eV,9,0.25858795642852783,0.03077211230993271,0.6603781584018387,0.964859078078752,6.643497467041016,0.08700674772262573,0.013096527567636471,0.18
15,octanol_gsolv_eV,10,0.2992502450942993,0.01866105943918228,0.6691368459799245,0.9501941761446033,4.029040336608887,0.32352063059806824,0.08029719326919549,0.22
15,octanol_gsolv_eV,11,0.2238243818283081,0.02250615321099758,0.6725271793410021,0.9568063184363436,5.157884120941162,0.02803647145628929,0.005435653612779005,0.18
15,octanol_gsolv_eV,12,0.24956221878528595,0.02294408157467842,0.670575219356895,0.971672557464089,5.32271671295166,0.015001622028648853,0.002818414512300778,0.24
15,octanol_gsolv_eV,13,0.30808961391448975,0.023508954793214798,0.6682105825891949,0.9264407935348999,5.148008346557617,0.9718268513679504,0.18877724858736758,0.18
15,octanol_gsolv_eV,14,0.182276651263237,0.0250301081687212,0.6419397937425828,0.9633401009502898,5.206647872924805,0.044110532850027084,0.0084719639058764,0.14
15,octanol_gsolv_eV,15,0.46819546818733215,0.01819322630763054,0.6774310536834554,0.9143599877690773,4.063278675079346,0.853074312210083,0.20994728159850484,0.26
15,octanol_gsolv_eV,16,0.37943828105926514,0.01533433236181736,0.6723423899161267,0.9322444846617532,3.4083375930786133,0.6311691999435425,0.18518388589946952,0.24
15,octanol_gsolv_eV,17,0.496231347322464,0.014035831205546856,0.6713359714815903,0.917222200645923,2.99643611907959,0.6192948818206787,0.20667715152589552,0.38
15,octanol_gsolv_eV,18,0.09428898990154266,0.02483285218477249,0.6719907075269469,0.9654079975142835,5.6652512550354,0.01093333400785923,0.001929893929795513,0.12
15,octanol_gsolv_eV,19,0.12857767939567566,0.021846268326044083,0.6656443484151202,0.9591229514733832,5.159497261047363,0.024293478578329086,0.0047084972331970145,0.04
15,octanol_gsolv_eV,20,0.1549965739250183,0.01641794666647911,0.6393580563507557,0.9553511813933115,3.2700417041778564,0.05158412829041481,0.01577476159539804,0.14
15,octanol_gsolv_eV,21,0.7682167291641235,0.006898277439177036,0.7002196438238066,0.91860833679025,1.373037338256836,1.2702428102493286,0.9251334795177443,0.66
15,octanol_gsolv_eV,22,0.2825872302055359,0.01418664027005434,0.6713412897560453,0.9386975968188616,3.047396183013916,0.17847569286823273,0.05856661954984726,0.22
15,octanol_gsolv_eV,23,0.41532498598098755,0.01932283490896225,0.6711583100419165,0.9203177411433869,4.574086666107178,0.424717515707016,0.09285296644116192,0.3
15,octanol_gsolv_eV,24,0.23669110238552094,0.02200600877404213,0.6686524919607213,0.9532038446961799,5.0639142990112305,0.05658562481403351,0.011174285636129802,0.2
15,octanol_gsolv_eV,25,0.11474798619747162,0.024279896169900894,0.6676788946613328,0.9545476721515751,5.374076843261719,0.038149043917655945,0.007098715747894281,0.08
15,octanol_gsolv_eV,26,0.16099423170089722,0.016932474449276924,0.6674424020835215,0.9498382568201897,3.6002871990203857,0.049155183136463165,0.013653128325384142,0.12
15,octanol_gsolv_eV,27,0.6198281049728394,0.024633189663290977,0.6862388722078927,0.9286689640664243,5.954216957092285,2.1373891830444336,0.3589706586856079,0.54
15,octanol_gsolv_eV,28,0.3446759581565857,0.02377871796488762,0.6716879191058625,0.9531948815804379,5.567599773406982,0.06379614025354385,0.011458463763551932,0.26
15,octanol_gsolv_eV,29,0.1588529795408249,0.020409248769283295,0.6679052656703743,0.9701413376330621,4.3951616287231445,0.01650216430425644,0.003754620580142475,0.16
15,octanol_gsolv_eV,30,0.14720045030117035,0.0068865930661559105,0.6660224862769835,0.9702254633738709,1.3873552083969116,0.07505450397729874,0.05409898166167854,0.08
15,octanol_gsolv_eV,31,0.11265483498573303,0.013476040214300156,0.6654727067800346,0.9662071760323749,2.8183016777038574,0.05431084707379341,0.019270771295868457,0.08
15,octanol_gsolv_eV,32,0.4015086591243744,0.029835747554898262,0.6702241575285262,0.9349087228287669,6.557949542999268,1.4692150354385376,0.2240357333958069,0.34
15,octanol_gsolv_eV,33,0.0662100538611412,0.011770068667829037,0.6643864254367515,0.966221363977843,2.46795916557312,0.02830665558576584,0.011469661241008558,0.04
15,octanol_gsolv_eV,34,0.0530824214220047,0.015612888149917126,0.6655572194940644,0.9567400484132742,3.468149185180664,0.011939819902181625,0.0034427065459583604,0.04
15,octanol_gsolv_eV,35,0.3663256764411926,0.018818337470293045,0.6684220178345557,0.941570832358605,4.082379341125488,0.274554580450058,0.06725356893814892,0.24
15,octanol_gsolv_eV,36,0.172602578997612,0.02198534645140171,0.6694499756152099,0.9218023661314356,5.140196800231934,0.3761259615421295,0.07317345544535535,0.1
15,octanol_gsolv_eV,37,0.33083397150039673,0.020612776279449463,0.6699614291740086,0.9132440000374173,4.829727649688721,0.6740718483924866,0.1395672587119754,0.26
15,octanol_gsolv_eV,38,0.25602418184280396,0.028144536539912224,0.672041625001317,0.9661673467463552,6.4475226402282715,0.037101734429597855,0.005754417083874604,0.3
15,octanol_gsolv_eV,39,0.519635021686554,0.02366928942501545,0.6812313541192236,0.9360096904212944,5.785248756408691,1.5753300189971924,0.27230117240025303,0.48
15,octanol_gsolv_eV,40,0.4860609173774719,0.02284957468509674,0.6727171724055994,0.9333160108215475,5.541529655456543,0.5270102024078369,0.09510193668076992,0.34
15,octanol_gsolv_eV,41,0.10407759249210358,0.014724323526024818,0.671876509660212,0.9534431711549816,3.288116931915283,0.07759401202201843,0.02359831284248793,0.1
15,octanol_gsolv_eV,42,0.1915801614522934,0.018152739852666855,0.6681766587007276,0.9738139159920296,3.8868398666381836,0.042146291583776474,0.010843331094118308,0.18
15,octanol_gsolv_eV,43,0.13388372957706451,0.01174855325371027,0.662412132227562,0.9478698627148576,2.4462473392486572,0.07714974135160446,0.031537997042972894,0.1
15,octanol_gsolv_eV,44,0.09336794912815094,0.02182694897055626,0.6645494504000466,0.9641585982061285,4.869075298309326,0.015177633613348007,0.0031171490854984495,0.08
15,octanol_gsolv_eV,45,0.09698193520307541,0.023371022194623947,0.6637323505536821,0.9675072318941422,5.183530807495117,0.006657321937382221,0.0012843218618004697,0.06
15,octanol_gsolv_eV,46,0.21917764842510223,0.02500304952263832,0.6708277296489924,0.9513284016819119,5.660501956939697,0.03586529195308685,0.0063360621064915456,0.16
15,octanol_gsolv_eV,47,0.26838788390159607,0.018660616129636765,0.6684987432745335,0.9355126552792732,4.150167465209961,0.2968953549861908,0.0715381626103058,0.2
15,octanol_gsolv_eV,48,0.07861865311861038,0.015334400348365307,0.6663121784974846,0.9547207115337635,3.259347438812256,0.030298303812742233,0.00929581898877994,0.06
15,octanol_gsolv_eV,49,0.20849032700061798,0.016408756375312805,0.6655519580968852,0.9177760264104191,3.4903345108032227,0.4501398801803589,0.1289675470322669,0.14
15,octanol_gsolv_eV,50,0.2487982213497162,0.02666674181818962,0.667441552012368,0.9678735209107858,6.050142288208008,0.009925270453095436,0.0016405019882656682,0.2
15,octanol_gsolv_eV,51,0.15635545551776886,0.008038213476538658,0.6193935736653149,0.9397396242307618,1.3818036317825317,0.06996269524097443,0.05063143100204643,0.1
15,octanol_gsolv_eV,52,0.06151241809129715,0.0231029000133276,0.6640786376028149,0.9527945271539986,5.107426643371582,0.00579389464110136,0.001134405845773757,0.06
15,octanol_gsolv_eV,53,0.0759815126657486,0.0160483717918396,0.6698941041362951,0.9581768061167832,3.440463066101074,0.03180422633886337,0.009244170254937718,0.08
15,octanol_gsolv_eV,54,0.4667796194553375,0.02090035192668438,0.6612155453565796,0.9310051179386485,4.829944610595703,0.576054036617279,0.11926721382136744,0.32
15,octanol_gsolv_eV,55,0.2004404067993164,0.012241301126778126,0.667321503126721,0.9655290773042691,2.576603651046753,0.09042971581220627,0.03509647895417246,0.22
15,octanol_gsolv_eV,56,0.42868077754974365,0.018876833841204643,0.6703355053247138,0.9159687650288659,4.492254257202148,0.8646273612976074,0.1924707088676926,0.22
15,octanol_gsolv_eV,57,0.07602022588253021,0.017586663365364075,0.6667109541709628,0.9643296471518021,3.73564076423645,0.04776367172598839,0.012785938140320911,0.06
15,octanol_gsolv_eV,58,0.13720673322677612,0.01788460649549961,0.6665230186558113,0.9297848189891817,4.019749641418457,0.1617632806301117,0.040242128256781175,0.1
15,octanol_gsolv_eV,59,0.08208176493644714,0.017939146608114243,0.6667720378763984,0.9558803561182532,3.8094592094421387,0.014542943798005581,0.0038175874837980653,0.1
15,octanol_gsolv_eV,60,0.2451789230108261,0.030458878725767136,0.669610744263651,0.9638982064120838,7.048757553100586,0.021155167371034622,0.0030012618836250016,0.2
15,octanol_gsolv_eV,61,0.1445484757423401,0.027137214317917824,0.6680261081842604,0.9689217615491119,5.8613433837890625,0.019487345591187477,0.003324723414957117,0.12
15,octanol_gsolv_eV,62,0.1445675641298294,0.014562971889972687,0.6671616284300419,0.9600696891533327,3.081148386001587,0.04864281043410301,0.015787233959616887,0.14
15,octanol_gsolv_eV,63,0.10947604477405548,0.012994042597711086,0.6689808530350989,0.9651933136415873,2.7495641708374023,0.058825623244047165,0.02139452640093551,0.14
15,octanol_gsolv_eV,64,0.4140850007534027,0.023430421948432922,0.6725364675734467,0.9389506586145273,5.423367023468018,0.23365850746631622,0.043083661211794834,0.46
15,octanol_gsolv_eV,65,0.20877434313297272,0.019547251984477043,0.6676550303791637,0.9662693851874238,4.19002103805542,0.10643308609724045,0.025401563651011122,0.18
15,octanol_gsolv_eV,66,0.2425004243850708,0.02491709403693676,0.6670350224238095,0.957219195558562,5.618284225463867,0.054561547935009,0.009711425365010648,0.18
15,octanol_gsolv_eV,67,0.28025227785110474,0.02509492076933384,0.6720148350979078,0.9702162633087801,5.806149005889893,0.008131164126098156,0.0014004401399016308,0.24
15,octanol_gsolv_eV,68,0.14147703349590302,0.02389884926378727,0.6728163397759601,0.9484371540531054,5.553858757019043,0.016193293035030365,0.002915683265182979,0.08
15,octanol_gsolv_eV,69,0.5049682855606079,0.021391555666923523,0.6703195145953018,0.9310761764247752,4.760040760040283,0.962512731552124,0.2022068255449095,0.38
15,octanol_gsolv_eV,70,0.1404312402009964,0.008059239014983177,0.6674642845196963,0.9531839440077565,1.6449236869812012,0.08217589557170868,0.0499572692776524,0.04
15,octanol_gsolv_eV,71,0.12151050567626953,0.010742738842964172,0.666125764672816,0.9713776758953827,2.2427420616149902,0.15113435685634613,0.06738820279114703,0.1
15,octanol_gsolv_eV,72,0.5777960419654846,0.02706318162381649,0.6769703853827684,0.9417101853226497,6.1700005531311035,1.6703627109527588,0.27072326761868704,0.54
15,octanol_gsolv_eV,73,0.33077335357666016,0.023748336359858513,0.6732966091489139,0.9743973948416058,5.5544962882995605,0.05192861706018448,0.009348933614299304,0.24
15,octanol_gsolv_eV,74,0.13350217044353485,0.02267131395637989,0.6727336180396439,0.9675982740628288,5.292031764984131,0.004743514116853476,0.0008963502729216327,0.04
15,octanol_gsolv_eV,75,0.49197420477867126,0.024918660521507263,0.6735603698257138,0.9546080771385508,5.999897480010986,0.768958330154419,0.12816191155203055,0.52
15,octanol_gsolv_eV,76,0.2358313351869583,0.027178311720490456,0.6612599410711257,0.9814116663119348,5.944585800170898,0.004561038687825203,0.0007672592912518951,0.24
15,octanol_gsolv_eV,77,0.2652098834514618,0.0188898965716362,0.6682497415382394,0.9523734256134389,4.086338043212891,0.11875064671039581,0.029060407008576292,0.18
15,octanol_gsolv_eV,78,0.42533791065216064,0.010208076797425747,0.672070095335447,0.9533704120940771,2.1827566623687744,0.30570828914642334,0.1400560559117305,0.28
15,octanol_gsolv_eV,79,0.7149863839149475,0.015549996867775917,0.6931064432880143,0.9226219527620185,3.4417102336883545,1.904999017715454,0.5535036038388207,0.62
15,octanol_gsolv_eV,80,0.2447536736726761,0.012364092282950878,0.6596901864228017,0.9089674314456893,2.5810391902923584,0.6358762979507446,0.2463644489949484,0.16
15,octanol_gsolv_eV,81,0.3939305245876312,0.020866259932518005,0.6703936266007187,0.94434319748952,4.527289390563965,0.4272316098213196,0.09436808053661869,0.28
15,octanol_gsolv_eV,82,0.20587973296642303,0.010292530991137028,0.6681301846832222,0.9266300504165481,2.125917911529541,0.264077365398407,0.12421804434039053,0.04
15,octanol_gsolv_eV,83,0.2968059182167053,0.02388753741979599,0.6678332144897139,0.9361189788437745,5.248356342315674,0.6972989439964294,0.1328604421110568,0.22
15,octanol_gsolv_eV,84,0.07845795154571533,0.026230301707983017,0.6709936986234459,0.9666590948774414,5.878756523132324,0.023884836584329605,0.004062906243921676,0.12
15,octanol_gsolv_eV,85,0.15336734056472778,0.021557271480560303,0.6700532840244549,0.9276493595424602,4.98045015335083,0.21039898693561554,0.04224497393956645,0.02
15,octanol_gsolv_eV,86,0.3808429539203644,0.02657967060804367,0.6668274136046815,0.9106239248944412,6.3265485763549805,0.446580171585083,0.0705882782998212,0.28
15,octanol_gsolv_eV,87,0.25096288323402405,0.022827427834272385,0.6681360972285575,0.9666915437344497,4.9730401039123535,0.1476246565580368,0.02968499217247386,0.16
15,octanol_gsolv_eV,88,0.45843666791915894,0.01867121458053589,0.6716491959062543,0.9234193604952052,4.125200271606445,0.49998173117637634,0.12120180797468828,0.36
15,octanol_gsolv_eV,89,0.39352086186408997,0.017552044242620468,0.6706504507278577,0.9316408013207396,3.835308790206909,0.5527650117874146,0.14412529525623768,0.26
15,octanol_gsolv_eV,90,0.1062440425157547,0.028384720906615257,0.6692606746916216,0.9672198204680398,6.440950393676758,0.014351590536534786,0.0022281790200750656,0.1
15,octanol_gsolv_eV,91,0.05997393652796745,0.01978117600083351,0.6652470719371162,0.9498268676699011,4.483819484710693,0.02105959877371788,0.004696798978087472,0.08
15,octanol_gsolv_eV,92,0.31105899810791016,0.022431910037994385,0.6694615288128412,0.9408215679887415,5.269410133361816,0.11856616288423538,0.02250084162809162,0.2
15,octanol_gsolv_eV,93,0.19114142656326294,0.023477448150515556,0.6713103185324572,0.9281137674355047,5.488042831420898,0.21352727711200714,0.038907727886067396,0.18
15,octanol_gsolv_eV,94,0.3704209327697754,0.02556443028151989,0.6588195849165082,0.9093382169442825,5.8591508865356445,1.273003101348877,0.217267506162752,0.22
15,octanol_gsolv_eV,95,0.20480380952358246,0.00996452383697033,0.6683462364837904,0.9659026518593796,2.0978362560272217,0.06842822581529617,0.03261847802405806,0.18
15,octanol_gsolv_eV,96,0.1823294460773468,0.02162572368979454,0.6729590440167608,0.9514494893363183,5.020198822021484,0.02462264709174633,0.004904715523165579,0.12
15,octanol_gsolv_eV,97,0.16424833238124847,0.026611782610416412,0.6683838018056825,0.9626918124735864,6.0719733238220215,0.010670940391719341,0.0017574089711254672,0.14
15,octanol_gsolv_eV,98,0.47295647859573364,0.01867801696062088,0.6701922011241246,0.9255849260582847,4.051409721374512,0.7665920257568359,0.1892161194441613,0.36
15,octanol_gsolv_eV,99,0.1650288999080658,0.0223362036049366,0.669059649313579,0.9685381040425576,4.839517116546631,0.0828506350517273,0.01711960781551024,0.06
15,octanol_gsolv_eV,100,0.13152778148651123,0.01775028556585312,0.6499059964670726,0.9689054340522119,3.6474156379699707,0.03556445613503456,0.009750590463232357,0.08
15,octanol_gsolv_eV,101,0.08323811739683151,0.02045285329222679,0.6675992199171303,0.9599955591214384,4.379329204559326,0.039253123104572296,0.008963272974250442,0.12
15,octanol_gsolv_eV,102,0.22209066152572632,0.027994893491268158,0.6695628442513843,0.9619793691304848,6.352449893951416,0.005717718508094549,0.0009000808512537444,0.26
15,octanol_gsolv_eV,103,0.23061691224575043,0.024902749806642532,0.6607794638791376,0.9236808422605653,5.3120574951171875,0.21729011833667755,0.040905076523815746,0.18
15,octanol_gsolv_eV,104,0.21420954167842865,0.02318100817501545,0.668272356008222,0.9616790016475372,5.000089645385742,0.02011972852051258,0.0040238735597630275,0.22
15,octanol_gsolv_eV,105,0.12906207144260406,0.007442963309586048,0.6676886823542163,0.9638062494777639,1.5232328176498413,0.16093549132347107,0.10565390231794934,0.04
15,octanol_gsolv_eV,106,0.1285158395767212,0.003445941023528576,0.662596927035155,0.9543721436677095,0.6012110710144043,0.04696563258767128,0.07811837614438415,0.12
15,octanol_gsolv_eV,107,0.42777207493782043,0.018913866952061653,0.675090698812459,0.9223243527849936,4.543553352355957,0.24953967332839966,0.054921699818712706,0.2
15,octanol_gsolv_eV,108,0.5593320727348328,0.018412264063954353,0.6772843287538632,0.9271174718705211,4.052731990814209,1.303389310836792,0.3216075757762941,0.48
15,octanol_gsolv_eV,109,0.07775827497243881,0.019054202362895012,0.6637259022866933,0.9721127637870066,3.9886727333068848,0.015439415350556374,0.0038708152768793425,0.06
15,octanol_gsolv_eV,110,0.3197217285633087,0.027883896604180336,0.666277530621022,0.90087258579853,6.519229412078857,0.5296125411987305,0.08123851880675682,0.22
15,octanol_gsolv_eV,111,0.4005187451839447,0.02117277681827545,0.6687752004528502,0.9346452246693442,4.942664623260498,0.6762884259223938,0.13682668711523271,0.26
15,octanol_gsolv_eV,112,0.07757242769002914,0.015372568741440773,0.6671313076322065,0.96902984590945,3.2487432956695557,0.05530800670385361,0.01702443119392565,0.12
15,octanol_gsolv_eV,113,0.5436644554138184,0.01967952959239483,0.6743527360572992,0.9326832151554336,4.592134952545166,0.8787283897399902,0.19135508838932527,0.44
15,octanol_gsolv_eV,114,0.3245278298854828,0.014376665465533733,0.6714600198183602,0.9724649366740943,3.104623556137085,0.1940908133983612,0.06251669804369386,0.22
15,octanol_gsolv_eV,115,0.20705822110176086,0.009832861833274364,0.6686188601655001,0.9649468336214921,2.0654642581939697,0.081893689930439,0.039649047232628645,0.12
15,octanol_gsolv_eV,116,0.13829857110977173,0.02863922156393528,0.6686996622937649,0.9304538607662594,6.243377685546875,0.18795253336429596,0.030104302963986498,0.14
15,octanol_gsolv_eV,117,0.4564565420150757,0.029468264430761337,0.6715431364909876,0.9338024096058268,6.8087286949157715,1.4654461145401,0.21523050487154544,0.44
15,octanol_gsolv_eV,118,0.1337418109178543,0.01184706762433052,0.6668594483949584,0.9632350762273989,2.4961066246032715,0.033108606934547424,0.013264099621469363,0.06
15,octanol_gsolv_eV,119,0.43461641669273376,0.02671729400753975,0.6663292215369541,0.9192231783725489,5.853935718536377,0.8234243392944336,0.1406616640300774,0.36
15,octanol_gsolv_eV,120,0.2619442939758301,0.022734131664037704,0.6691644169974977,0.9607248201991159,4.914859294891357,0.1461780071258545,0.02974205330309171,0.2
15,octanol_gsolv_eV,121,0.2439926415681839,0.02383863739669323,0.6683780485780142,0.9658334218458331,5.1613545417785645,0.06482352316379547,0.012559401343016008,0.16
15,octanol_gsolv_eV,122,0.5385835766792297,0.02313612960278988,0.673321007750421,0.9320755002459995,5.191783905029297,0.9211477041244507,0.17742412260882662,0.4
15,octanol_gsolv_eV,123,0.16579613089561462,0.018483011052012444,0.6597306925090651,0.9336366034506998,4.037611484527588,0.13930551707744598,0.03450196176904949,0.12
15,octanol_gsolv_eV,124,0.5425159335136414,0.01940564438700676,0.6706651401007624,0.9169019220516803,4.319884300231934,1.0691996812820435,0.24750655503079988,0.46
15,octanol_gsolv_eV,125,0.2918045222759247,0.02679283171892166,0.668385741311541,0.9289629998288356,5.931136608123779,0.43600985407829285,0.07351202356072821,0.26
15,octanol_gsolv_eV,126,0.26599082350730896,0.03352244198322296,0.6689021644681792,0.94268630748054,7.2924113273620605,0.21977649629116058,0.030137698824877178,0.26
15,octanol_gsolv_eV,127,0.19009403884410858,0.01618274673819542,0.6649080706016053,0.9158521145225016,3.6344785690307617,0.31774380803108215,0.08742486769314413,0.1
15,octanol_gsolv_eV,128,0.32794639468193054,0.02126500755548477,0.6720196563242786,0.9053789062527866,4.850976943969727,0.43099555373191833,0.08884716598533643,0.22
15,octanol_gsolv_eV,129,0.22085139155387878,0.017145374789834023,0.6675156864288814,0.9753808248895441,3.6509273052215576,0.10805977135896683,0.029597897280622298,0.2
15,octanol_gsolv_eV,130,0.39327606558799744,0.014698601327836514,0.6549580247201523,0.8924526426223838,3.173724412918091,0.7353753447532654,0.23170737249902623,0.22
15,octanol_gsolv_eV,131,0.29565224051475525,0.022871792316436768,0.6712113794323882,0.9260842061651893,5.221914768218994,0.48035305738449097,0.09198791606250632,0.26
15,octanol_gsolv_eV,132,0.21349582076072693,0.02311559021472931,0.6732692528738786,0.9651245722102857,5.286012649536133,0.013573297299444675,0.002567776166906408,0.16
15,octanol_gsolv_eV,133,0.3711886703968048,0.011733409017324448,0.6693498008727059,0.929513995939123,2.4718472957611084,0.4656275808811188,0.18837230830545584,0.32
15,octanol_gsolv_eV,134,0.35631078481674194,0.02313181944191456,0.671127236612471,0.9156110985756838,5.420630931854248,0.6525484919548035,0.1203823872457564,0.26
15,octanol_gsolv_eV,135,0.1775946021080017,0.023962324485182762,0.667651600069803,0.9331356250080713,5.486573696136475,0.08494327962398529,0.015482026548517975,0.18
15,octanol_gsolv_eV,136,0.21946173906326294,0.022883426398038864,0.6717724074684828,0.9781948930287687,5.185280799865723,0.007978714071214199,0.0015387236254246473,0.14
15,octanol_gsolv_eV,137,0.30934372544288635,0.023099152371287346,0.66787668316868,0.9186135677714542,5.325242519378662,0.48136037588119507,0.09039219793831271,0.26
15,octanol_gsolv_eV,138,0.1731719672679901,0.015948807820677757,0.6673478016414034,0.9661142091211306,3.4059340953826904,0.03327146917581558,0.00976867674008155,0.16
15,octanol_gsolv_eV,139,0.3292287588119507,0.01839987374842167,0.6678302414588007,0.9509730330595347,4.244541645050049,0.33066171407699585,0.07790280829559322,0.26
15,octanol_gsolv_eV,140,0.1429711878299713,0.014784629456698895,0.6676914630659212,0.9723211390435229,3.1437032222747803,0.04169266298413277,0.013262277014165479,0.1
15,octanol_gsolv_eV,141,0.07719837129116058,0.011026833206415176,0.6668786052976918,0.9582561546874715,2.302561044692993,0.035593096166849136,0.01545804670364119,0.06
15,octanol_gsolv_eV,142,0.1268647164106369,0.018214980140328407,0.668736277727711,0.9654916575198487,3.9264237880706787,0.02373095415532589,0.0060439105497031775,0.06
15,octanol_gsolv_eV,143,0.10469235479831696,0.01271748822182417,0.6621770307316932,0.9452122471662932,2.611185312271118,0.035998351871967316,0.013786211075405138,0.08
15,octanol_gsolv_eV,144,0.332610547542572,0.02240229770541191,0.6529345034861562,0.9093203577719784,5.026583194732666,0.5419145822525024,0.10780973103566102,0.22
15,octanol_gsolv_eV,145,0.23905996978282928,0.020090116187930107,0.6686681292837735,0.9616454715302418,4.348302841186523,0.06372995674610138,0.014656282939279215,0.2
15,octanol_gsolv_eV,146,0.40669000148773193,0.023777103051543236,0.6607874306426633,0.9309482330245096,5.312732696533203,0.3927275240421295,0.07392194308936376,0.32
15,octanol_gsolv_eV,147,0.08938334882259369,0.01531932782381773,0.6720040574498278,0.9359876166904453,3.5024495124816895,0.03633875027298927,0.010375238855974587,0.14
15,octanol_gsolv_eV,148,0.2721463739871979,0.01615784876048565,0.6701172117052185,0.8986800922600418,3.775357484817505,0.5496945381164551,0.14560065909706205,0.26
15,octanol_gsolv_eV,149,0.11347212642431259,0.022363726049661636,0.6691738453823943,0.9620328989558353,4.872046947479248,0.014457369223237038,0.002967411722236615,0.08
15,octanol_gsolv_eV,150,0.11883839964866638,0.022185225039720535,0.6699017534406351,0.9649651746325012,4.8566203117370605,0.02107224054634571,0.004338869253464213,0.12
15,octanol_gsolv_eV,151,0.30989888310432434,0.023040540516376495,0.6709564596381927,0.9698891972393795,5.393531799316406,0.012504370883107185,0.002318401253273788,0.26
15,octanol_gsolv_eV,152,0.49882644414901733,0.017528599128127098,0.6732676621494631,0.9387070742637129,3.8267834186553955,0.7006347179412842,0.18308711031978495,0.36
15,octanol_gsolv_eV,153,0.24446667730808258,0.023073852062225342,0.6699417007852113,0.9717573973540006,5.052785873413086,0.017402397468686104,0.003444119324401734,0.2
15,octanol_gsolv_eV,154,0.14515647292137146,0.003815234638750553,0.663362194123633,0.9670969310422228,0.6764149069786072,0.06476350128650665,0.09574523065405316,0.1
15,octanol_gsolv_eV,155,0.3450680375099182,0.023817596957087517,0.6653843163857249,0.927919085287245,5.451508045196533,0.3332919180393219,0.06113756327168849,0.22
15,octanol_gsolv_eV,156,0.34578055143356323,0.04349285736680031,0.6527200998025051,0.9526694495001822,9.321250915527344,0.5326420068740845,0.05714276031201018,0.32
15,octanol_gsolv_eV,157,0.3030737638473511,0.01922532543540001,0.6299684393599925,0.9048433512624099,3.5814526081085205,0.7888011336326599,0.2202461458925324,0.14
15,octanol_gsolv_eV,158,0.266338586807251,0.02455107867717743,0.667688401789549,0.9219095225823299,5.321556568145752,0.4287876486778259,0.08057560662692215,0.18
15,octanol_gsolv_eV,159,0.3154884874820709,0.01587122119963169,0.667671737393116,0.9217846320791439,3.4252495765686035,0.6564356684684753,0.19164608411574174,0.22
15,octanol_gsolv_eV,160,0.46790608763694763,0.02625524066388607,0.6708983161880961,0.9222426765600376,5.8195881843566895,0.8997834324836731,0.15461290455265045,0.36
15,octanol_gsolv_eV,161,0.2748773396015167,0.017009295523166656,0.6653639057376892,0.9486513119948652,3.6108453273773193,0.1463540941476822,0.040531809279680274,0.2
15,octanol_gsolv_eV,162,0.29670628905296326,0.0150222796946764,0.6697715300893841,0.9391195420347258,3.2231340408325195,0.4550018608570099,0.1411675267279561,0.2
15,octanol_gsolv_eV,163,0.24550066888332367,0.02538534626364708,0.6683442789391985,0.9736102853022994,5.533944606781006,0.039506684988737106,0.007138973697049241,0.18
15,octanol_gsolv_eV,164,0.33871257305145264,0.01567324623465538,0.6709975881296815,0.9664808273456551,3.4157989025115967,0.23859217762947083,0.06984959725059833,0.26
15,octanol_gsolv_eV,165,0.4276576042175293,0.013994826935231686,0.6641075924565343,0.9238676077159198,3.107808828353882,0.3435761630535126,0.11055254104400467,0.42
15,octanol_gsolv_eV,166,0.7823706269264221,0.01095072366297245,0.7021730453109778,0.9251450995130639,2.4466264247894287,1.6567853689193726,0.6771713703950392,0.72
15,octanol_gsolv_eV,167,0.2770100235939026,0.021630411967635155,0.654651920887948,0.9030884038482738,4.5491156578063965,0.3537488281726837,0.0777621091179869,0.2
15,octanol_gsolv_eV,168,0.13164950907230377,0.014701643958687782,0.6657228153680108,0.9329019134522794,3.102501392364502,0.07510283589363098,0.02420718845718004,0.06
15,octanol_gsolv_eV,169,0.3140754997730255,0.021122023463249207,0.6680993518100589,0.9763384680687741,4.556225776672363,0.08786802738904953,0.019285266291878954,0.28
15,octanol_gsolv_eV,170,0.44413650035858154,0.02464914880692959,0.6704427266422386,0.9282237755374312,5.48292350769043,0.7178968787193298,0.13093322890833642,0.34
15,octanol_gsolv_eV,171,0.19964845478534698,0.02189229615032673,0.6668414394600062,0.9006434774936656,5.076356410980225,0.7095248699188232,0.1397704992470804,0.08
15,octanol_gsolv_eV,172,0.19481787085533142,0.022434942424297333,0.6622064601721307,0.891179567693213,5.046709060668945,0.5936666131019592,0.11763440411666375,0.1
15,octanol_gsolv_eV,173,0.1627434641122818,0.017996061593294144,0.6681003613456145,0.9633589941727434,3.850694417953491,0.04828391224145889,0.012539014266190486,0.12
15,octanol_gsolv_eV,174,0.5565224289894104,0.01913650706410408,0.6787744869851731,0.924267299332113,4.212764739990234,1.4572802782058716,0.3459201660070032,0.4
15,octanol_gsolv_eV,175,0.3060866594314575,0.014795033261179924,0.6709071376061713,0.9522652394867503,3.1840062141418457,0.3570460379123688,0.11213735586524284,0.22
15,octanol_gsolv_eV,176,0.24687935411930084,0.023252038285136223,0.6689031962834677,0.9268987816191914,5.081052303314209,0.5028036236763,0.09895659278066027,0.22
15,octanol_gsolv_eV,177,0.30492040514945984,0.013222466222941875,0.6697946840867914,0.9678913537079448,2.828958511352539,0.2337508499622345,0.08262788196581825,0.18
15,octanol_gsolv_eV,178,0.25367987155914307,0.020042216405272484,0.6692432713632102,0.9675750731854471,4.327347755432129,0.03781849890947342,0.00873941754785013,0.3
15,octanol_gsolv_eV,179,0.12598249316215515,0.021547162905335426,0.6624872235573951,0.9388263971032436,4.938225746154785,0.11203034222126007,0.02268635497445494,0.1
15,octanol_gsolv_eV,180,0.22938796877861023,0.025987546890974045,0.6646090056728966,0.9711087647269028,5.829885005950928,0.0071792094968259335,0.0012314495893997336,0.2
15,octanol_gsolv_eV,181,0.2382965385913849,0.023313645273447037,0.6679501236896497,0.9683738300615055,5.046445369720459,0.10388883203268051,0.02058653654630473,0.16
15,octanol_gsolv_eV,182,0.32963648438453674,0.018197903409600258,0.6672721496717855,0.9137534659693265,3.928629159927368,0.4947786331176758,0.12594180131952773,0.28
15,octanol_gsolv_eV,183,0.07740334421396255,0.014539197087287903,0.6724038161954371,0.9622399118863585,3.3482115268707275,0.03621739521622658,0.010816937617461619,0.08
15,octanol_gsolv_eV,184,0.14880484342575073,0.030624713748693466,0.6609603337628436,0.9547685256479308,6.680584907531738,0.03854422643780708,0.005769588587123869,0.14
15,octanol_gsolv_eV,185,0.08520922809839249,0.020557826384902,0.6631074743904621,0.9377936795190402,4.572420597076416,0.08659186959266663,0.0189378618511239,0.06
15,octanol_gsolv_eV,186,0.33516067266464233,0.02164534293115139,0.6699351685696779,0.9027677023787042,5.047659873962402,0.7893192768096924,0.15637330892306703,0.22
15,octanol_gsolv_eV,187,0.27111390233039856,0.01944044791162014,0.6671099387453885,0.9600069713148902,4.14874792098999,0.06846227496862411,0.01650191244983797,0.26
15,octanol_gsolv_eV,188,0.8286920785903931,0.010524366050958633,0.7143176196848984,0.91963403510537,2.3801493644714355,2.0610101222991943,0.8659162962896183,0.6
15,octanol_gsolv_eV,189,0.6505118608474731,0.01562722958624363,0.6838900490488418,0.921009320427562,3.384328842163086,1.5486185550689697,0.45758513055107664,0.56
15,octanol_gsolv_eV,190,0.13723985850811005,0.01627460867166519,0.6704870233553009,0.9465429134897463,3.706535577774048,0.18027657270431519,0.04863748611650449,0.12
15,octanol_gsolv_eV,191,0.10920801758766174,0.0196808110922575,0.6658177555296023,0.9440581199289197,4.177010536193848,0.11916650831699371,0.028529137593600602,0.06
15,octanol_gsolv_eV,192,0.16874222457408905,0.024000057950615883,0.6715189494237024,0.9628457583172556,5.551445960998535,0.009679454378783703,0.001743591569977683,0.14
15,octanol_gsolv_eV,193,0.06256214529275894,0.023590801283717155,0.6726215533407782,0.9663345017468121,5.4197893142700195,0.00681584607809782,0.001257585061498988,0.08
15,octanol_gsolv_eV,194,0.4514404833316803,0.02499471791088581,0.6663712830983515,0.9063940071798229,5.981629371643066,0.7360259890556335,0.12304774223305948,0.46
15,octanol_gsolv_eV,195,0.5865305662155151,0.022643152624368668,0.6856378798797857,0.9331153718164322,5.256226539611816,2.3504903316497803,0.44718208279953037,0.6
15,octanol_gsolv_eV,196,0.3590734302997589,0.006644535344094038,0.6735560268286127,0.9334744759895897,1.3804517984390259,0.26712271571159363,0.19350383404451216,0.26
15,octanol_gsolv_eV,197,0.3003036379814148,0.00908849760890007,0.6762141318171611,0.9704104397462987,1.9445313215255737,0.14705727994441986,0.07562607931100164,0.32
15,octanol_gsolv_eV,198,0.4604378044605255,0.020033322274684906,0.6702535463974513,0.9223114967322708,4.363034248352051,0.6922951936721802,0.15867287632080015,0.32
15,octanol_gsolv_eV,199,0.3787098824977875,0.02119361236691475,0.667000600009753,0.9318481108378116,4.909834384918213,0.47099044919013977,0.09592797073500177,0.32
15,octanol_gsolv_eV,200,0.3414064049720764,0.023096982389688492,0.6698072508409136,0.9315884010033624,5.389623641967773,0.42435523867607117,0.07873559767173972,0.2
15,octanol_gsolv_eV,201,0.16105255484580994,0.01611652597784996,0.6683372776915291,0.9639597800841164,3.4329328536987305,0.07675615698099136,0.02235877025625255,0.04
15,octanol_gsolv_eV,202,0.22444134950637817,0.025276007130742073,0.6688823506013839,0.9782903350999865,5.512083530426025,0.013388521037995815,0.0024289401574001594,0.18
15,octanol_gsolv_eV,203,0.664674699306488,0.016617760062217712,0.6834622893893749,0.9271771581914408,3.844057321548462,1.240190029144287,0.3226252694496018,0.52
15,octanol_gsolv_eV,204,0.4561172127723694,0.021171245723962784,0.6732529585769913,0.9274638383950895,4.764771461486816,0.6497374176979065,0.1363627663886234,0.46
15,octanol_gsolv_eV,205,0.21090498566627502,0.017388390377163887,0.6684483747730818,0.9732183748691805,3.719092845916748,0.0359463207423687,0.009665346424958103,0.1
15,octanol_gsolv_eV,206,0.308961421251297,0.015183729119598866,0.6718579472653212,0.936776370027524,3.363247871398926,0.19362874329090118,0.05757195148698995,0.26
15,octanol_gsolv_eV,207,0.5150793790817261,0.02801457792520523,0.6715341133606587,0.9143827644129006,6.287013530731201,1.7088711261749268,0.2718096784461953,0.44
15,octanol_gsolv_eV,208,0.08614970743656158,0.02253691852092743,0.673295748888838,0.9603175551781602,5.19085693359375,0.017041638493537903,0.003283010630335285,0.1
15,octanol_gsolv_eV,209,0.2933865189552307,0.01325675193220377,0.6713302555750018,0.9722708918873606,2.892307996749878,0.13066022098064423,0.04517507164778742,0.24
15,octanol_gsolv_eV,210,0.3198005259037018,0.011559896171092987,0.6713770188507264,0.9241836425283727,2.4818761348724365,0.2340753823518753,0.09431388579910185,0.2
15,octanol_gsolv_eV,211,0.4629283845424652,0.013320769183337688,0.6751436362138323,0.9366699843680844,2.869569778442383,0.7857896685600281,0.2738353583395204,0.32
15,octanol_gsolv_eV,212,0.4118260443210602,0.010044504888355732,0.6768034612817111,0.9610318332208523,2.1848390102386475,0.20938214659690857,0.09583413039390852,0.38
15,octanol_gsolv_eV,213,0.4975110590457916,0.021639857441186905,0.6712978056386334,0.942198123693736,4.798305034637451,0.7563708424568176,0.15763292183319214,0.46
15,octanol_gsolv_eV,214,0.1358553022146225,0.016889018937945366,0.6674707568780471,0.9639074654069801,3.597214698791504,0.061654575169086456,0.017139531646470675,0.12
15,octanol_gsolv_eV,215,0.3803596496582031,0.02449892833828926,0.6687898428805616,0.9483847640238885,5.3718743324279785,0.34286245703697205,0.0638254798641213,0.32
15,octanol_gsolv_eV,216,0.07805294543504715,0.018659954890608788,0.6691610276912621,0.9525027750059463,4.194166660308838,0.011881286278367043,0.0028328121509344512,0.06
15,octanol_gsolv_eV,217,0.15319660305976868,0.021595412865281105,0.6711182959395656,0.948395440288319,4.799089431762695,0.040276091545820236,0.008392444466496828,0.08
15,octanol_gsolv_eV,218,0.0903041809797287,0.02073744684457779,0.6671637454190107,0.9721385570830869,4.423612594604492,0.02557949908077717,0.005782490788632043,0.1
15,octanol_gsolv_eV,219,0.8637633323669434,0.005277108401060104,0.7139493996003929,0.9169690384656448,1.0777798891067505,1.387623906135559,1.287483576340994,0.88
15,octanol_gsolv_eV,220,0.43133941292762756,0.024383550509810448,0.6682762107186477,0.9380230526815452,5.46175479888916,0.7124296426773071,0.1304396972969575,0.32
15,octanol_gsolv_eV,221,0.5129485726356506,0.01848503388464451,0.6729481981240013,0.9287275044342354,4.050858020782471,0.7942762970924377,0.1960760641369045,0.54
15,octanol_gsolv_eV,222,0.2144469916820526,0.024957774206995964,0.6635717839358988,0.9606564167153555,5.611179351806641,0.01993332989513874,0.00355243143114304,0.18
15,octanol_gsolv_eV,223,0.19831112027168274,0.022997640073299408,0.6634391568913638,0.9291414245167828,5.1532206535339355,0.46665382385253906,0.09055576215866495,0.02
15,octanol_gsolv_eV,224,0.32136043906211853,0.017923574894666672,0.6748336101019907,0.9293705898050313,4.1481499671936035,0.7551369667053223,0.18204186750176823,0.24
15,octanol_gsolv_eV,225,0.37627944350242615,0.02380245551466942,0.6684434899872889,0.9330651322919117,5.566089153289795,0.5549283027648926,0.09969806222685211,0.28
15,octanol_gsolv_eV,226,0.17389774322509766,0.021023407578468323,0.6680617661705042,0.9654461363689373,4.831831455230713,0.01028547715395689,0.0021286912114499186,0.14
15,octanol_gsolv_eV,227,0.43192845582962036,0.02077094279229641,0.6731000627403652,0.970850329375144,4.5547966957092285,0.3112969696521759,0.06834486596194911,0.34
15,octanol_gsolv_eV,228,0.14048601686954498,0.020065458491444588,0.6719078535506922,0.9332785363622869,4.601267337799072,0.20364755392074585,0.044259013652129316,0.02
15,octanol_gsolv_eV,229,0.08581551164388657,0.019532164558768272,0.6662000015767793,0.9775173643508539,4.447238922119141,0.007022538688033819,0.0015790783474901615,0.14
15,octanol_gsolv_eV,230,0.4658413231372833,0.024724673479795456,0.6706294308512253,0.9380600086032822,5.801583290100098,0.5906564593315125,0.1018095285022309,0.48
15,octanol_gsolv_eV,231,0.10509660840034485,0.028140975162386894,0.6682564091792365,0.967286007405985,6.055128574371338,0.03329989314079285,0.005499452692340252,0.12
15,octanol_gsolv_eV,232,0.25184276700019836,0.015048045665025711,0.6683800385670593,0.9646298558241584,3.2112679481506348,0.08956269174814224,0.027890133490642312,0.26
15,octanol_gsolv_eV,233,0.31961220502853394,0.02275337651371956,0.6662803157940935,0.9220156035095715,5.100984573364258,0.5584599375724792,0.10948081287847486,0.26
15,octanol_gsolv_eV,234,0.3742418587207794,0.006876744329929352,0.6659713003930152,0.9014611207977794,1.3941822052001953,0.5130234360694885,0.3679744542398759,0.18
15,octanol_gsolv_eV,235,0.1939057856798172,0.02157767117023468,0.6629114935330613,0.9430963532682402,4.788714408874512,0.05281094089150429,0.011028208488197652,0.18
15,octanol_gsolv_eV,236,0.2701159417629242,0.010548198595643044,0.6760353163139221,0.9559122210918842,2.3613882064819336,0.12640155851840973,0.05352849572613329,0.14
15,octanol_gsolv_eV,237,0.2320152223110199,0.023079633712768555,0.6648328672550283,0.9453466574681189,5.19754695892334,0.056618161499500275,0.010893246746389878,0.22
15,octanol_gsolv_eV,238,0.11757972091436386,0.01749322935938835,0.6711480714837688,0.9752780115386177,3.96014666557312,0.06992188841104507,0.017656388592599218,0.12
15,octanol_gsolv_eV,239,0.2973622679710388,0.019532229751348495,0.6690844932242321,0.9533344455925954,4.2371416091918945,0.1347871571779251,0.031810869121183714,0.24
15,octanol_gsolv_eV,240,0.07871000468730927,0.021183839067816734,0.6627106452431006,0.9619959984928763,4.677133083343506,0.008247270248830318,0.0017633174215634369,0.08
15,octanol_gsolv_eV,241,0.6450907588005066,0.02099371887743473,0.6816235491330913,0.919552587380968,4.767475128173828,1.7935309410095215,0.3762014258680632,0.56
15,octanol_gsolv_eV,242,0.1335046887397766,0.025932885706424713,0.6696150792621196,0.9619075819038196,6.007472991943359,0.026919323951005936,0.004480972946046952,0.12
15,octanol_gsolv_eV,243,0.09258335083723068,0.012882453389465809,0.6664080966427683,0.9736131288176095,2.715963840484619,0.07733110338449478,0.028472802999724885,0.1
15,octanol_gsolv_eV,244,0.14309358596801758,0.02298915944993496,0.6684012584537911,0.9654712717686127,4.97418212890625,0.021124422550201416,0.004246813245426212,0.16
15,octanol_gsolv_eV,245,0.11935562640428543,0.01724994368851185,0.6594441842146976,0.9466022900765225,3.742849349975586,0.053126197308301926,0.014194051734582495,0.06
15,octanol_gsolv_eV,246,0.3889096677303314,0.01829349808394909,0.6734650195618641,0.9374844322362377,4.04840087890625,0.39220908284187317,0.09688000140634187,0.4
15,octanol_gsolv_eV,247,0.11390823125839233,0.02018936350941658,0.6553463453473161,0.9441507197117005,4.209140777587891,0.13545441627502441,0.032181013520923035,0.04
15,octanol_gsolv_eV,248,0.07601812481880188,0.021680498495697975,0.6703314168684333,0.9552575140179662,4.992196559906006,0.02413216046988964,0.004833976423064561,0.08
15,octanol_gsolv_eV,249,0.23108837008476257,0.011671485379338264,0.664478167748694,0.9192202196351422,2.4414169788360596,0.3135581910610199,0.12843287065633013,0.08
15,octanol_hl_gap_eV,0,0.15886275470256805,0.0014140084385871887,0.6391539552392214,0.9525136165372774,0.031237158924341202,0.07811535894870758,2.5007190678867106,0.14
15,octanol_hl_gap_eV,1,0.18728499114513397,0.001576569047756493,0.6410988163074427,0.9666479584110486,0.3210257589817047,0.0041646938771009445,0.01297308318906051,0.28
15,octanol_hl_gap_eV,2,0.19498315453529358,0.00111511314753443,0.6050168657913706,0.926890704266178,0.2625141739845276,0.02482837438583374,0.09457917646495198,0.16
15,octanol_hl_gap_eV,3,0.5390507578849792,0.0007842296035960317,0.6788132194518453,0.8983572008096294,0.3015197217464447,0.0758722722530365,0.2516328677062104,0.22
15,octanol_hl_gap_eV,4,0.20242376625537872,0.0022935736924409866,0.6379957339667275,0.9823239478443835,0.3353421986103058,0.0020663358736783266,0.006161872505880397,0.16
15,octanol_hl_gap_eV,5,0.08331877738237381,0.0012199196498841047,0.6541472616793469,0.969114797936578,0.32165005803108215,0.0005661617615260184,0.0017601792612495291,0.12
15,octanol_hl_gap_eV,6,0.22338435053825378,0.0018101974856108427,0.6463421202663595,0.9487571276427647,0.3207568824291229,0.06664089858531952,0.2077613988533669,0.2
15,octanol_hl_gap_eV,7,0.14718498289585114,0.0014938705135136843,0.6654502447732928,0.9644542170597563,0.451208233833313,0.0025391587987542152,0.005627465565471575,0.14
15,octanol_hl_gap_eV,8,0.08192586153745651,0.0009534370037727058,0.6589005329343187,0.9586630935364426,0.275370329618454,0.0010824326891452074,0.003930825411165386,0.14
15,octanol_hl_gap_eV,9,0.48667946457862854,0.00080974301090464,0.6799345397482859,0.9170326682626966,0.2503543198108673,0.06373786926269531,0.2545906510055298,0.22
15,octanol_hl_gap_eV,10,0.012195240706205368,0.0010662141721695662,0.6584265590733076,0.9613440105875792,0.2826683521270752,0.0002694355498533696,0.0009531861201505971,0.02
15,octanol_hl_gap_eV,11,0.11711885035037994,0.000798138149548322,0.674116368767212,0.9659278808704195,0.2515065371990204,0.0011770834680646658,0.004680130708225784,0.14
15,octanol_hl_gap_eV,12,0.20245736837387085,0.0008290733094327152,0.6386063200789824,0.937896633451917,0.28759250044822693,0.01695927046239376,0.05896979384358741,0.08
15,octanol_hl_gap_eV,13,0.03788567706942558,0.0007675011293031275,0.6600597229862819,0.9590299924232741,0.24218110740184784,0.00023047950526233763,0.0009516824319409279,0.02
15,octanol_hl_gap_eV,14,0.22390642762184143,0.0010087697301059961,0.6395857325501622,0.9215157681194068,0.32483014464378357,0.03689516335725784,0.11358294162543921,0.1
15,octanol_hl_gap_eV,15,0.3274950683116913,0.0015352823538705707,0.6436874476811658,0.9112697267499867,0.3348408043384552,0.05977955460548401,0.17853127166980273,0.2
15,octanol_hl_gap_eV,16,0.13183704018592834,0.0011585503816604614,0.6661207682789043,0.9791005872773719,0.3411332070827484,0.0009207698167301714,0.002699150354209935,0.2
15,octanol_hl_gap_eV,17,0.042995989322662354,0.0024219222832471132,0.5972846854650253,0.9656283765401841,0.4833061695098877,0.000861620414070785,0.0017827631187587345,0.04
15,octanol_hl_gap_eV,18,0.04329197481274605,0.0008441978716291487,0.6339940267783644,0.9642486346254757,0.2935449182987213,0.0009745163260959089,0.00331982012069515,0.1
15,octanol_hl_gap_eV,19,0.6113068461418152,0.0026005704421550035,0.6415161151801834,0.9487972051204312,0.5597022175788879,0.05034263804554939,0.08994539679209648,0.12
15,octanol_hl_gap_eV,20,0.15498684346675873,0.0007864420767873526,0.6545706095272981,0.9599943368548969,0.2537706792354584,0.0046003758907318115,0.018128082821039393,0.1
15,octanol_hl_gap_eV,21,0.09719090908765793,0.0016775596886873245,0.6505144544106147,0.9735029438158571,0.42276039719581604,0.0004603789420798421,0.0010889831335516552,0.18
15,octanol_hl_gap_eV,22,0.04762451723217964,0.0009495856356807053,0.6626939151158366,0.9679273267868864,0.30215778946876526,0.0009745580027811229,0.0032253280793936483,0.04
15,octanol_hl_gap_eV,23,0.03249988704919815,0.002130011096596718,0.6475528719965316,0.939076386153763,0.2857397496700287,0.13709227740764618,0.47978021106954805,0.02
15,octanol_hl_gap_eV,24,0.09057710319757462,0.0016866882797330618,0.6121233295098343,0.9713613411344586,0.2675682008266449,0.001732324599288404,0.0064743291390248646,0.1
15,octanol_hl_gap_eV,25,0.06765901297330856,0.0013034048024564981,0.6190278799235469,0.9607258963032206,0.3239781856536865,0.0015654071466997266,0.004831828857678257,0.12
15,octanol_hl_gap_eV,26,0.16452060639858246,0.000995965558104217,0.6754940593221586,0.962128430783755,0.30887001752853394,0.0013869557296857238,0.004490418787759464,0.06
15,octanol_hl_gap_eV,27,0.20696808397769928,0.001432058634236455,0.6401848320875028,0.9350055471866718,0.3071693181991577,0.031029466539621353,0.10101746724424783,0.1
15,octanol_hl_gap_eV,28,0.2196703851222992,0.0014111463679000735,0.6735424529898559,0.9682212226668323,0.28472304344177246,0.006672623101621866,0.023435486713552417,0.12
15,octanol_hl_gap_eV,29,0.017608584836125374,0.0011574324453249574,0.6495021018928413,0.9661580444712694,0.3116771876811981,0.0009383087744936347,0.0030105147620023845,0.02
15,octanol_hl_gap_eV,30,0.06580992043018341,0.0009396590758115053,0.6502070901126056,0.9744348266712792,0.32784780859947205,0.0012885925825685263,0.003930459648558412,0.14
15,octanol_hl_gap_eV,31,0.0954996794462204,0.0008666279609315097,0.6551238580740728,0.9681235137078963,0.31690555810928345,0.0010331309167668223,0.0032600593152441707,0.18
15,octanol_hl_gap_eV,32,0.0904102548956871,0.0012786915758624673,0.6379133506584782,0.9744848533518424,0.2599477767944336,0.0004054277087561786,0.0015596506104254564,0.06
15,octanol_hl_gap_eV,33,0.012703883461654186,0.0008687126100994647,0.6570522873035831,0.9595404157777276,0.2552300691604614,0.0003423824964556843,0.0013414661430053946,0.04
15,octanol_hl_gap_eV,34,0.11217641085386276,0.0019708445761352777,0.6082416681917899,0.974666150797431,0.3946744203567505,0.0023170358035713434,0.0058707524077110185,0.12
15,octanol_hl_gap_eV,35,0.033393070101737976,0.0011287828674539924,0.6453641314253913,0.9728513006792092,0.36349666118621826,0.0009453735547140241,0.002600776446278586,0.02
15,octanol_hl_gap_eV,36,0.33219707012176514,0.0016916136955842376,0.6201002081796056,0.9226873426654161,0.32389768958091736,0.07725664973258972,0.23852176850211576,0.24
15,octanol_hl_gap_eV,37,0.10518865287303925,0.0019709132611751556,0.6514270457718039,0.9317522185164608,0.48204150795936584,0.03534829244017601,0.07333039138022887,0.08
15,octanol_hl_gap_eV,38,0.05632776767015457,0.0009523892658762634,0.6379251099659835,0.9558687864665694,0.263285756111145,0.0009038528660312295,0.003432972901312867,0.04
15,octanol_hl_gap_eV,39,0.2124251127243042,0.0014575342647731304,0.6426223515784526,0.9703137683498577,0.3005785346031189,0.0009004703024402261,0.002995790446677101,0.1
15,octanol_hl_gap_eV,40,0.06690507382154465,0.0015562031185254455,0.6474089246619767,0.976549393113932,0.3696344792842865,0.0024102693423628807,0.00652068320853028,0.12
15,octanol_hl_gap_eV,41,0.11463287472724915,0.0009818680118769407,0.6688602718059935,0.9869218454383744,0.33373892307281494,0.0006978181190788746,0.0020909102020642196,0.12
15,octanol_hl_gap_eV,42,0.03688524663448334,0.0025998142082244158,0.6648129267145853,0.9845498701694473,0.5744137763977051,0.002149576088413596,0.0037422084510126737,0.04
15,octanol_hl_gap_eV,43,0.013419569469988346,0.000863405002746731,0.6104534117914466,0.9676890111733205,0.31680378317832947,0.0008417746284976602,0.002657085152369609,0.1
15,octanol_hl_gap_eV,44,0.03879733011126518,0.0023272656835615635,0.6524182485374899,0.9753548445091063,0.5019534230232239,0.002592271426692605,0.0051643664686647,0.1
15,octanol_hl_gap_eV,45,0.08059486001729965,0.0013882237253710628,0.6238710306839299,0.9724956768523982,0.3209882080554962,0.0016088533448055387,0.0050121883123114015,0.18
15,octanol_hl_gap_eV,46,0.08526366204023361,0.001162055996246636,0.6540050844743466,0.9765725905695062,0.263465940952301,0.0014688776573166251,0.005575208894202218,0.12
15,octanol_hl_gap_eV,47,0.046007540076971054,0.0016562670934945345,0.641503315397546,0.968182659294319,0.38158923387527466,0.0014171508373692632,0.0037138124233150396,0.02
15,octanol_hl_gap_eV,48,0.035340260714292526,0.0005698899039998651,0.665045039345981,0.9547684280868858,0.2958013117313385,0.001066560042090714,0.0036056636660875153,0.04
15,octanol_hl_gap_eV,49,0.03758655861020088,0.002007670234888792,0.6509328165890236,0.9617503684520736,0.35915273427963257,0.0011039748787879944,0.0030738311960850926,0.04
15,octanol_hl_gap_eV,50,0.0461919903755188,0.0008292338461615145,0.6687175567227048,0.9623942095764861,0.29785072803497314,0.000775868131313473,0.002604889155155504,0.04
15,octanol_hl_gap_eV,51,0.06817933171987534,0.0008424941333942115,0.657733836383378,0.9437576126635028,0.2866629362106323,0.0017295711440965533,0.006033466226780397,0.02
15,octanol_hl_gap_eV,52,0.09628754109144211,0.0012344723800197244,0.6411843590363118,0.9676144061790592,0.3151572346687317,0.0010716685792431235,0.003400425125476103,0.06
15,octanol_hl_gap_eV,53,0.07065173238515854,0.0018085911870002747,0.6081236511722079,0.9600813100100216,0.3879038393497467,0.0011709932005032897,0.0030187718751798283,0.14
15,octanol_hl_gap_eV,54,0.022958172485232353,0.0012704943073913455,0.6377082656968676,0.9742959912447775,0.2579401433467865,0.0011345910606905818,0.004398660270437959,0.04
15,octanol_hl_gap_eV,55,0.1982475221157074,0.0014004544354975224,0.6546189417477677,0.9738033745414074,0.39853569865226746,0.0059363944455981255,0.014895514920428198,0.16
15,octanol_hl_gap_eV,56,0.09333839267492294,0.0006822561263106763,0.6738981652430867,0.9620559682047953,0.25371766090393066,0.001316944952122867,0.0051905923593609194,0.04
15,octanol_hl_gap_eV,57,0.08003372699022293,0.0018565567443147302,0.6582252799300468,0.9717095543367629,0.4942082464694977,0.0016286737518385053,0.0032955211967290116,0.02
15,octanol_hl_gap_eV,58,0.06679508090019226,0.0009834039956331253,0.6588215913550424,0.9820919207319259,0.3413703143596649,0.0009485073387622833,0.0027785290602713154,0.04
15,octanol_hl_gap_eV,59,0.06148547679185867,0.0008474227506667376,0.6730536293051681,0.9515973624643208,0.2930120527744293,0.0007265193271450698,0.0024794861517330458,0.14
15,octanol_hl_gap_eV,60,0.1511303335428238,0.0009372557979077101,0.6558324482371796,0.9598966253437105,0.3007904589176178,0.00059429433895275,0.001975775232669593,0.04
15,octanol_hl_gap_eV,61,0.32731375098228455,0.001510177506133914,0.6431340648248516,0.8967921354017845,0.3576072156429291,0.0562780536711216,0.15737393209457845,0.1
15,octanol_hl_gap_eV,62,0.11834108829498291,0.0009318719967268407,0.6383506604360651,0.9571506863846055,0.31793656945228577,0.0012169679393991828,0.0038277067073337057,0.08
15,octanol_hl_gap_eV,63,0.11762870103120804,0.004154983442276716,0.5937003519289716,0.9291093954979797,0.7685279846191406,0.04467986896634102,0.05813694473140496,0.08
15,octanol_hl_gap_eV,64,0.2981065511703491,0.0008917219820432365,0.6661562454728662,0.9142502262723935,0.2612817883491516,0.03651222586631775,0.1397427126360845,0.1
15,octanol_hl_gap_eV,65,0.3318645656108856,0.0007109203143045306,0.6702791630176061,0.9194757278605648,0.2544787526130676,0.03278911113739014,0.12884812897226688,0.14
15,octanol_hl_gap_eV,66,0.10556932538747787,0.0007375435088761151,0.6713310460238435,0.9785010214169569,0.24507786333560944,0.000311374751618132,0.0012705135722182123,0.16
15,octanol_hl_gap_eV,67,0.36288994550704956,0.0022363660391420126,0.6639547061627542,0.9245722916535328,0.49966850876808167,0.0853348895907402,0.17078300531912832,0.28
15,octanol_hl_gap_eV,68,0.08983483910560608,0.0007900253403931856,0.6670929247643331,0.9479911575036466,0.2745873034000397,0.0024783324915915728,0.009025663098417007,0.08
15,octanol_hl_gap_eV,69,0.07649389654397964,0.0019558840431272984,0.6517311214653676,0.9722619617151058,0.34453848004341125,0.0030027395114302635,0.008715251518645823,0.02
15,octanol_hl_gap_eV,70,0.07778441160917282,0.0011767797404900193,0.631514417934729,0.9730815629079079,0.3415730893611908,0.0015848665498197079,0.004639904603678591,0.1
15,octanol_hl_gap_eV,71,0.07822373509407043,0.0009914785623550415,0.644376176732187,0.9745832572121527,0.2923067510128021,0.0005526217282749712,0.001890554105781731,0.14
15,octanol_hl_gap_eV,72,0.09881926327943802,0.0016542315715923905,0.6452927845435048,0.9781112661288327,0.30703139305114746,0.004538331646472216,0.014781327737767155,0.06
15,octanol_hl_gap_eV,73,0.09969762712717056,0.0012309239245951176,0.6291625761222059,0.9627565665382949,0.3065145015716553,0.00048161044833250344,0.0015712484918757267,0.04
15,octanol_hl_gap_eV,74,0.10108604282140732,0.0009816837264224887,0.6432042365655888,0.9895330964504749,0.2778027057647705,0.0032237195409834385,0.011604348964524211,0.04
15,octanol_hl_gap_eV,75,0.21739298105239868,0.0016174057964235544,0.6656755527297136,0.9820176363884416,0.37649816274642944,0.025146547704935074,0.06679062527556398,0.08
15,octanol_hl_gap_eV,76,0.07744918018579483,0.001886250451207161,0.6125208622391005,0.9484079984137932,0.3642958104610443,0.004740809556096792,0.013013626344197957,0.04
15,octanol_hl_gap_eV,77,0.012770591303706169,0.003412753576412797,0.6233276440442201,0.9663204010125883,0.7008746862411499,0.0025087986141443253,0.00357952521812312,0.1
15,octanol_hl_gap_eV,78,0.0364350788295269,0.0011738765751942992,0.6452194924589947,0.969077905376911,0.2454633265733719,0.0007222706917673349,0.0029424790328156807,0.08
15,octanol_hl_gap_eV,79,0.09270098805427551,0.0008458079537376761,0.6797180535901917,0.9720270867116041,0.29986751079559326,0.0008377329213544726,0.00279367684458994,0.16
15,octanol_hl_gap_eV,80,0.06107103079557419,0.0010091109434142709,0.6704640733353839,0.9671212554660802,0.25762882828712463,0.0007536888006143272,0.0029254831674906698,0.02
15,octanol_hl_gap_eV,81,0.20409134030342102,0.0013183855917304754,0.6238029002973615,0.92859951942731,0.32677730917930603,0.04339015111327171,0.13278201972543663,0.14
15,octanol_hl_gap_eV,82,0.11581302434206009,0.0013755295658484101,0.6330859724380118,0.9650230625479603,0.24972455203533173,0.012177474796772003,0.048763626553824393,0.08
15,octanol_hl_gap_eV,83,0.07807119190692902,0.0011494734790176153,0.6524359748321109,0.9665968604961859,0.2871997654438019,0.0007566121639683843,0.0026344456194078445,0.12
15,octanol_hl_gap_eV,84,0.22940489649772644,0.0007934881141409278,0.6646997783102127,0.9294015764703023,0.2887416183948517,0.01416005939245224,0.049040590238323314,0.12
15,octanol_hl_gap_eV,85,0.06996297836303711,0.0007923803641460836,0.6630148848694069,0.9749687975994052,0.26642537117004395,0.00032224130700342357,0.0012094993265403223,0.06
15,octanol_hl_gap_eV,86,0.045936740934848785,0.0009666294790804386,0.6530060576745025,0.9610414953623225,0.2592330276966095,0.0007215281948447227,0.0027833189360776792,0.14
15,octanol_hl_gap_eV,87,0.053291838616132736,0.0018586176447570324,0.6257269757462713,0.950704176147916,0.3933490812778473,0.0031157946214079857,0.007921194607308878,0.1
15,octanol_hl_gap_eV,88,0.07370717823505402,0.0022323590237647295,0.6508015359983581,0.9849999602125834,0.5058670043945312,0.0018445507157593966,0.003646315533006796,0.04
15,octanol_hl_gap_eV,89,0.08049415051937103,0.001520634745247662,0.6101935798582483,0.9633690661150276,0.2727847099304199,0.0010818486334756017,0.003965943082922618,0.04
15,octanol_hl_gap_eV,90,0.0788799300789833,0.0013406018260866404,0.6201594652866409,0.9720879941322038,0.3126581907272339,0.0012354978825896978,0.003951592887158867,0.06
15,octanol_hl_gap_eV,91,0.052369121462106705,0.000662916456349194,0.6405098600090116,0.9535672281036118,0.2366049885749817,0.0019774839747697115,0.008357744216128535,0.06
15,octanol_hl_gap_eV,92,0.11165737360715866,0.0008934409124776721,0.6736610858935501,0.9712600141355789,0.25983935594558716,0.0015387213788926601,0.00592181801441535,0.1
15,octanol_hl_gap_eV,93,0.18416428565979004,0.0009943031473085284,0.6335795482186495,0.916492606595481,0.24572588503360748,0.022762326523661613,0.09263300250418653,0.14
15,octanol_hl_gap_eV,94,0.10010169446468353,0.002496536122635007,0.6392941296011867,0.965505724623686,0.4058803617954254,0.0016832426190376282,0.004147139840892395,0.06
15,octanol_hl_gap_eV,95,0.1429259181022644,0.001181475236080587,0.6627406496285282,0.9715315416145591,0.33363285660743713,0.0019383615581318736,0.005809864105838385,0.2
15,octanol_hl_gap_eV,96,0.10619217157363892,0.0006829193443991244,0.6684454236980124,0.9535066343660283,0.27693796157836914,0.001337394816800952,0.004829221711529389,0.1
15,octanol_hl_gap_eV,97,0.15413640439510345,0.003060695482417941,0.6150187583189703,0.9748849806618103,0.5811338424682617,0.002652230439707637,0.004563889152355616,0.08
15,octanol_hl_gap_eV,98,0.2796369194984436,0.001113525708205998,0.6658417093258642,0.8984736764303092,0.3101191520690918,0.056116219609975815,0.18095051284505517,0.06
15,octanol_hl_gap_eV,99,0.05886314809322357,0.001833678805269301,0.6142935813138408,0.9805135589813463,0.33265191316604614,0.0011795733589679003,0.0035459689611918926,0.14
15,octanol_hl_gap_eV,100,0.05700654163956642,0.0012503080070018768,0.6198089615909463,0.9642958763300067,0.2177598923444748,0.0015597075689584017,0.0071625107459692226,0.02
15,octanol_hl_gap_eV,101,0.050143755972385406,0.002094970317557454,0.6581174650188235,0.9735710658537622,0.5691173672676086,0.000904836633708328,0.0015898946082994133,0.08
15,octanol_hl_gap_eV,102,0.26874804496765137,0.000999832758679986,0.6592660686361143,0.8936547109816919,0.30089816451072693,0.04022982716560364,0.13369914446310774,0.12
15,octanol_hl_gap_eV,103,0.2639612853527069,0.001127156661823392,0.6501900024795519,0.9405687528645095,0.30467087030410767,0.011342516168951988,0.0372287516611957,0.18
15,octanol_hl_gap_eV,104,0.04801776260137558,0.0009835903765633702,0.6772345260177022,0.9650588029310971,0.3033427298069,0.0009320157114416361,0.003072484090965136,0.06
15,octanol_hl_gap_eV,105,0.049022749066352844,0.0010927511611953378,0.6248973713620405,0.9624082329446713,0.33236342668533325,0.0010679559782147408,0.003213217497681637,0.02
15,octanol_hl_gap_eV,106,0.1331036537885666,0.0008469177410006523,0.6610451066529848,0.9729904176867998,0.28398334980010986,0.00038488174322992563,0.0013552968633577852,0.12
15,octanol_hl_gap_eV,107,0.07284494489431381,0.0010607060976326466,0.6381510849853786,0.9778331735321577,0.2661985456943512,0.0021009244956076145,0.007892321463017658,0.18
15,octanol_hl_gap_eV,108,0.19043734669685364,0.0014385310932993889,0.6556238365925546,0.9782891853670319,0.31138500571250916,0.0040322570130229,0.012949425756055,0.14
15,octanol_hl_gap_eV,109,0.023440111428499222,0.0008824222604744136,0.639274419847383,0.9749962726141328,0.24312308430671692,0.0012158439494669437,0.005000939968057788,0.02
15,octanol_hl_gap_eV,110,0.057659588754177094,0.0015132720582187176,0.6563722029212113,0.9755631139635323,0.3040652871131897,0.0006393463118001819,0.0021026612997168013,0.02
15,octanol_hl_gap_eV,111,0.21068723499774933,0.001397112850099802,0.6497405197599568,0.9475487719074092,0.3510551154613495,0.03223153203725815,0.09181330969896315,0.18
15,octanol_hl_gap_eV,112,0.09645317494869232,0.0012110195821151137,0.6531775400702344,0.9632186454681564,0.3345012366771698,0.0005481381667777896,0.0016386730650768946,0.1
15,octanol_hl_gap_eV,113,0.054392579942941666,0.0010508730774745345,0.6551103040563742,0.949932434706213,0.27221837639808655,0.004965267609804869,0.018240016252774074,0.06
15,octanol_hl_gap_eV,114,0.07805999368429184,0.0010831967229023576,0.6560841601447591,0.9620901889682572,0.23138442635536194,0.0008613342070020735,0.003722524547435314,0.12
15,octanol_hl_gap_eV,115,0.3035569489002228,0.0013450266560539603,0.6309768467908923,0.9486695090438564,0.2531292736530304,0.08357331901788712,0.3301606242999884,0.1
15,octanol_hl_gap_eV,116,0.3372448980808258,0.0012555386638268828,0.6304588231056478,0.899425747431458,0.3019218444824219,0.05450662225484848,0.1805322246500183,0.14
15,octanol_hl_gap_eV,117,0.07094483077526093,0.0019332789815962315,0.6623604917525545,0.9770985752545043,0.47343340516090393,0.00151863566134125,0.003207707028668831,0.18
15,octanol_hl_gap_eV,118,0.05499153584241867,0.0006810749764554203,0.6661819749478495,0.9660294550129362,0.26514148712158203,0.0015872003277763724,0.005986239064309665,0.06
15,octanol_hl_gap_eV,119,0.09650666266679764,0.0022817200515419245,0.6559777182727027,0.9707973815397588,0.47210949659347534,0.0015676685143262148,0.00332056128003734,0.12
15,octanol_hl_gap_eV,120,0.1371833235025406,0.0015848648035898805,0.6558324093688088,0.9697316231472035,0.37179359793663025,0.001587674836628139,0.0042703124675609605,0.18
15,octanol_hl_gap_eV,121,0.06766370683908463,0.001339481445029378,0.6348360911429594,0.9675924150423594,0.25048044323921204,0.0014049983583390713,0.0056092137979701666,0.14
15,octanol_hl_gap_eV,122,0.24145998060703278,0.0009680990478955209,0.66748356739771,0.9184733990826823,0.2785445749759674,0.023391176015138626,0.08397641927564663,0.12
15,octanol_hl_gap_eV,123,0.08644319325685501,0.0008782486547715962,0.6709603019998649,0.9646873872726247,0.23103882372379303,0.0008156986441463232,0.0035305695856618934,0.08
15,octanol_hl_gap_eV,124,0.02143869549036026,0.0021287810523062944,0.5983555131264906,0.967791310631678,0.37291643023490906,0.0013741555158048868,0.0036848886356100562,0.04
15,octanol_hl_gap_eV,125,0.0353795550763607,0.001434680656529963,0.6084227898261019,0.9637258713086878,0.3375512361526489,0.00110392936039716,0.0032704053256612463,0.08
15,octanol_hl_gap_eV,126,0.038578376173973083,0.0008205611957237124,0.6610750235087175,0.9699486994266115,0.26406583189964294,0.0003896246780641377,0.001475483121997445,0.1
15,octanol_hl_gap_eV,127,0.08734714984893799,0.0009636665927246213,0.6255070439773855,0.9461343433301721,0.3324027955532074,0.004855229519307613,0.014606464158122405,0.12
15,octanol_hl_gap_eV,128,0.08060942590236664,0.0010790368542075157,0.665336704395602,0.9629313167486944,0.27589747309684753,0.0011455332860350609,0.004152025291050591,0.02
15,octanol_hl_gap_eV,129,0.158548504114151,0.0020264163613319397,0.6741377477490158,0.9774621625752498,0.5075917840003967,0.0011079141404479742,0.0021826872998541445,0.14
15,octanol_hl_gap_eV,130,0.10650718212127686,0.0014688476221635938,0.6440813621181387,0.9816348317815746,0.3437718451023102,0.0032045110128819942,0.009321621472311956,0.04
15,octanol_hl_gap_eV,131,0.3549533188343048,0.0018647117540240288,0.648159843111147,0.9235577975123954,0.42363259196281433,0.12998349964618683,0.3068307351989493,0.08
15,octanol_hl_gap_eV,132,0.26686331629753113,0.0011473811464384198,0.6468433261681901,0.9231627289337365,0.3529874086380005,0.0386672280728817,0.10954279707052139,0.16
15,octanol_hl_gap_eV,133,0.17114798724651337,0.0009946255013346672,0.6332884179309028,0.9644415097107113,0.2283354103565216,0.0010912540601566434,0.004779171388497148,0.1
15,octanol_hl_gap_eV,134,0.22381362318992615,0.0008624831098131835,0.6540841720686759,0.9387735480714487,0.26929107308387756,0.016783809289336205,0.062325902961174136,0.2
15,octanol_hl_gap_eV,135,0.29942086338996887,0.000994403613731265,0.6690579105483747,0.9107832770202702,0.30005842447280884,0.03368683531880379,0.1122675871473706,0.1
15,octanol_hl_gap_eV,136,0.12501665949821472,0.0011828213464468718,0.6553993016901645,0.9742591241578942,0.33703529834747314,0.0006710774032399058,0.0019911190505275964,0.18
15,octanol_hl_gap_eV,137,0.17416469752788544,0.0021193285938352346,0.6458739255590298,0.9189367104749455,0.41836676001548767,0.06519106030464172,0.15582275298885692,0.08
15,octanol_hl_gap_eV,138,0.07191796600818634,0.0009820136474445462,0.6440735275773841,0.9473783276514305,0.24397407472133636,0.001176450401544571,0.0048220303853526054,0.08
15,octanol_hl_gap_eV,139,0.09628083556890488,0.0008814374450594187,0.6564933065666592,0.9708771072601403,0.3014051616191864,0.001167656504549086,0.003874042827522557,0.04
15,octanol_hl_gap_eV,140,0.038453858345746994,0.0005139333079569042,0.6861635409132429,0.9627914288560189,0.26862865686416626,0.0009721938986331224,0.0036190997266710764,0.06
15,octanol_hl_gap_eV,141,0.09790787845849991,0.001550555694848299,0.6606219998187566,0.9740473180064755,0.35963594913482666,0.001785106724128127,0.004963649291519783,0.12
15,octanol_hl_gap_eV,142,0.09315947443246841,0.0008725090301595628,0.6649968422533525,0.976786862047551,0.285338431596756,0.0011961209820583463,0.004191937887107756,0.1
15,octanol_hl_gap_eV,143,0.061710238456726074,0.0005877583753317595,0.676681199333051,0.9645449823901773,0.2644682824611664,0.0007060380303300917,0.002669651058946034,0.02
15,octanol_hl_gap_eV,144,0.2185785323381424,0.001616346649825573,0.6134510236145618,0.9106193167633909,0.3799513578414917,0.04017499461770058,0.10573720500943913,0.12
15,octanol_hl_gap_eV,145,0.012966982088983059,0.0013099032221361995,0.6248063788488396,0.9539564639769287,0.34972038865089417,0.00397045724093914,0.011353233525376812,0.02
15,octanol_hl_gap_eV,146,0.07131781429052353,0.0025124475359916687,0.6361564537129707,0.9794737495283377,0.451715886592865,0.004014435689896345,0.008887081037100179,0.06
15,octanol_hl_gap_eV,147,0.031587179750204086,0.0006483469041995704,0.665311910872856,0.9629278492605491,0.2552662789821625,0.0008454069611616433,0.0033118630652375306,0.04
15,octanol_hl_gap_eV,148,0.023990172892808914,0.0027237480971962214,0.6220141408712621,0.971229058442211,0.3834569454193115,0.003188974689692259,0.00831638265465528,0.02
15,octanol_hl_gap_eV,149,0.02448241040110588,0.005402869079262018,0.6665810196692774,0.9746172095700742,1.2063853740692139,0.0019177490612491965,0.001589665377640072,0.0
15,octanol_hl_gap_eV,150,0.06674481183290482,0.0008958904654718935,0.6644761788612734,0.9518619227574925,0.2704625427722931,0.0008539424161426723,0.00315734078142429,0.02
15,octanol_hl_gap_eV,151,0.21681755781173706,0.0012156435986980796,0.627364812012974,0.9374166581008863,0.2843245267868042,0.025955863296985626,0.09128956826312835,0.2
15,octanol_hl_gap_eV,152,0.11831199377775192,0.001239225035533309,0.671657001856699,0.9682571862590619,0.28741177916526794,0.0011289386311545968,0.00392794837578815,0.08
15,octanol_hl_gap_eV,153,0.11461931467056274,0.0011857312638312578,0.6313536289321937,0.9724876704393037,0.33366286754608154,0.0011665505589917302,0.003496195329049074,0.16
15,octanol_hl_gap_eV,154,0.11307322233915329,0.0012093920959159732,0.6602768947080799,0.9765946706952524,0.38057199120521545,0.0014591010985895991,0.003833968690046897,0.1
15,octanol_hl_gap_eV,155,0.056872230023145676,0.003241619560867548,0.6572849504065181,0.9889384678232953,0.6023608446121216,0.0029446990229189396,0.004888596344297778,0.04
15,octanol_hl_gap_eV,156,0.038735780864953995,0.002507890108972788,0.6423207862096276,0.958885821392307,0.40001654624938965,0.0014547820901498199,0.003636804786677095,0.02
15,octanol_hl_gap_eV,157,0.2414703220129013,0.0011989270569756627,0.6531624225646182,0.9167068525050555,0.30450326204299927,0.03661360591650009,0.12024043903782496,0.26
15,octanol_hl_gap_eV,158,0.731235146522522,0.000732300104573369,0.6789781383934841,0.9116365931936248,0.261531800031662,0.14840321242809296,0.5674385004428781,0.16
15,octanol_hl_gap_eV,159,0.06742709130048752,0.0015309471637010574,0.6473914295735566,0.9730365933873215,0.38445836305618286,0.000535538129042834,0.0013929678230580542,0.12
15,octanol_hl_gap_eV,160,0.2648527920246124,0.0016817759023979306,0.6240220493748392,0.9324936970740414,0.2527703046798706,0.05196703225374222,0.20558994190222463,0.16
15,octanol_hl_gap_eV,161,0.016443947330117226,0.00151006318628788,0.656649744903735,0.9561770648258876,0.3360694944858551,0.001217527431435883,0.0036228442373163025,0.02
15,octanol_hl_gap_eV,162,0.2591640055179596,0.0009586784290149808,0.6221204368225195,0.9146842442792527,0.23759840428829193,0.03151671215891838,0.13264698579657683,0.2
15,octanol_hl_gap_eV,163,0.11696099489927292,0.0011486813891679049,0.6518928676404907,0.9713727765994475,0.32128721475601196,0.0026555005460977554,0.008265192090243501,0.08
15,octanol_hl_gap_eV,164,0.13482390344142914,0.0009455950930714607,0.6765067397503506,0.9615725818142189,0.3086095154285431,0.0011335565941408277,0.003673109666002171,0.08
15,octanol_hl_gap_eV,165,0.09378219395875931,0.0009444942115806043,0.6582779729986132,0.9623946784954844,0.2515016794204712,0.0005771825672127306,0.0022949451810529357,0.06
15,octanol_hl_gap_eV,166,0.062235839664936066,0.001162343891337514,0.6585712078661279,0.9714558004355007,0.3525380492210388,0.0010571519378572702,0.002998688908028885,0.08
15,octanol_hl_gap_eV,167,0.06177243962883949,0.0007631461485289037,0.6496807765857313,0.9740429339844447,0.2555851936340332,0.0005331056308932602,0.0020858236086109213,0.26
15,octanol_hl_gap_eV,168,0.013801892288029194,0.0009698463254608214,0.6449771310089691,0.968228613363628,0.3166814148426056,0.0008640832966193557,0.0027285570169907677,0.06
15,octanol_hl_gap_eV,169,0.10463589429855347,0.0008441511308774352,0.6596154144677071,0.9636519988923706,0.30255088210105896,0.0007759346626698971,0.002564641878686432,0.14
15,octanol_hl_gap_eV,170,0.03914269432425499,0.000930183392483741,0.6555596875803247,0.9573369026058907,0.24096937477588654,0.0011095036752521992,0.004604334788535234,0.02
15,octanol_hl_gap_eV,171,0.17964693903923035,0.0008059412939473987,0.6796722615976225,0.9699111044507702,0.2821801006793976,0.001426564995199442,0.005055512390011695,0.16
15,octanol_hl_gap_eV,172,0.5032674074172974,0.000833162572234869,0.6480693663607202,0.8884344267364792,0.29828205704689026,0.06371863931417465,0.2136187471181279,0.32
15,octanol_hl_gap_eV,173,0.09074830263853073,0.0007484185043722391,0.6687798112858128,0.9699532926996046,0.28648555278778076,0.0008255235152319074,0.0028815537369991863,0.16
15,octanol_hl_gap_eV,174,0.19464418292045593,0.0016049179248511791,0.6293306662742213,0.9710453222731452,0.3573565185070038,0.0006331171025522053,0.0017716679835512695,0.2
15,octanol_hl_gap_eV,175,0.1110105887055397,0.0011066003935411572,0.6468801135699704,0.9708034037774915,0.2778291404247284,0.001144374255090952,0.00411898569509844,0.08
15,octanol_hl_gap_eV,176,0.09196680039167404,0.0012469204375520349,0.6565664770010844,0.9874579397994019,0.2647390067577362,0.0011682688491418958,0.004412907880292018,0.02
15,octanol_hl_gap_eV,177,0.07919938862323761,0.001700356020592153,0.6563769544381475,0.965346022446496,0.44487693905830383,0.001738084596581757,0.003906888498785437,0.04
15,octanol_hl_gap_eV,178,0.18670299649238586,0.0008846542332321405,0.6769654457205929,0.9745051534032736,0.3237413465976715,0.0013989608269184828,0.004321230023970453,0.2
15,octanol_hl_gap_eV,179,0.11758282035589218,0.0011304168729111552,0.6399406790991424,0.9504848953961016,0.24994465708732605,0.003300298238173127,0.013204115969640686,0.1
15,octanol_hl_gap_eV,180,0.27072960138320923,0.0013621662510558963,0.6199537722557098,0.9139817055529154,0.3252883851528168,0.04618854820728302,0.14199261429388008,0.22
15,octanol_hl_gap_eV,181,0.011702563613653183,0.000897822028491646,0.6522150394936743,0.9593021335184841,0.25727927684783936,0.0015932178357616067,0.006192561854501289,0.04
15,octanol_hl_gap_eV,182,0.03593191131949425,0.0016838355222716928,0.6157564021040587,0.969854444802706,0.3603037893772125,0.00036440687836147845,0.001011387859648543,0.02
15,octanol_hl_gap_eV,183,0.22745978832244873,0.0008974597440101206,0.640637769692282,0.9063206081674113,0.29863014817237854,0.03460708633065224,0.1158861104360969,0.14
15,octanol_hl_gap_eV,184,0.21626459062099457,0.0011877231299877167,0.6616402973986024,0.9521358437422778,0.3467382788658142,0.01867281273007393,0.053852758314291004,0.16
15,octanol_hl_gap_eV,185,0.10167655348777771,0.0019383623730391264,0.6512102834186568,0.9604807602519609,0.35083532333374023,0.01802181638777256,0.05136830640804344,0.02
15,octanol_hl_gap_eV,186,0.09854436665773392,0.002523759612813592,0.6517624059308673,0.966262681250569,0.4159468412399292,0.008048412390053272,0.019349617768609845,0.12
15,octanol_hl_gap_eV,187,0.0568256638944149,0.0009370477055199444,0.6305802733628261,0.9586988653667441,0.33428481221199036,0.001028629019856453,0.003077103662143456,0.16
15,octanol_hl_gap_eV,188,0.10086070001125336,0.001354934647679329,0.633914934710454,0.9670912939000094,0.24982570111751556,0.001014601904898882,0.004061239097340201,0.12
15,octanol_hl_gap_eV,189,0.1105264350771904,0.000968992942944169,0.6760876494933801,0.9738203697093601,0.2931287884712219,0.0005839113728143275,0.0019919959955473744,0.18
15,octanol_hl_gap_eV,190,0.09925734251737595,0.0008022249676287174,0.6621983343563962,0.9764119385375623,0.2974993884563446,0.00046574152656830847,0.0015655209544629095,0.2
15,octanol_hl_gap_eV,191,0.055824123322963715,0.0008028670563362539,0.6790178021059818,0.9666133770696141,0.25224804878234863,0.0005191622185520828,0.002058141662772742,0.22
15,octanol_hl_gap_eV,192,0.09652218967676163,0.0009218714549206197,0.6618499063601888,0.9604679998583856,0.25058943033218384,0.0014686414506286383,0.005860747792441974,0.16
15,octanol_hl_gap_eV,193,0.0264226496219635,0.0007604836137033999,0.649371217901237,0.9550427320300514,0.24558518826961517,0.001434457371942699,0.005840976738254601,0.04
15,octanol_hl_gap_eV,194,0.4800960421562195,0.0012885945616289973,0.6711780274698933,0.9068578060882764,0.2793304920196533,0.09357002377510071,0.33497962610010096,0.28
15,octanol_hl_gap_eV,195,0.06612755358219147,0.0016245691804215312,0.6091391794970453,0.9703066262269742,0.31328463554382324,0.0010363481706008315,0.003308008287102429,0.16
15,octanol_hl_gap_eV,196,0.1802486926317215,0.0019973369780927896,0.641553835740907,0.9446825062479143,0.332905650138855,0.04025906324386597,0.1209323519353724,0.1
15,octanol_hl_gap_eV,197,0.06661320477724075,0.0011762694921344519,0.6440811890568665,0.971243474127464,0.3152218759059906,0.0010079843923449516,0.003197698095818595,0.02
15,octanol_hl_gap_eV,198,0.11270727217197418,0.0027236747555434704,0.6094577188628205,0.9227243754836238,0.5133083462715149,0.042824096977710724,0.08342762647202093,0.04
15,octanol_hl_gap_eV,199,0.04592134803533554,0.0008378864149563015,0.682816999081852,0.9409542296786744,0.2666012942790985,0.001220295554958284,0.004577230422898044,0.1
15,octanol_hl_gap_eV,200,0.07961369305849075,0.001260587596334517,0.6564435292388717,0.9756682047232101,0.298676460981369,0.0008293287246488035,0.0027766792264909547,0.04
15,octanol_hl_gap_eV,201,0.22720882296562195,0.0012110305251553655,0.6401158800150752,0.9118653818369262,0.354146271944046,0.04148854315280914,0.11715086798757605,0.12
15,octanol_hl_gap_eV,202,0.07396011054515839,0.0009878898272290826,0.6550690608535401,0.9618871681059686,0.27933579683303833,0.0006580583867616951,0.002355796837435135,0.12
15,octanol_hl_gap_eV,203,0.030927328392863274,0.0017846199916675687,0.6050182130577682,0.9730493200642631,0.26538655161857605,0.001916253473609686,0.007220612581619435,0.04
15,octanol_hl_gap_eV,204,0.24984507262706757,0.0011098578106611967,0.6606894014574407,0.9114981242563038,0.25358715653419495,0.04019710049033165,0.15851394463233107,0.14
15,octanol_hl_gap_eV,205,0.06980673223733902,0.0007669606129638851,0.6712431587323726,0.9652572282891649,0.2776167690753937,0.0006250133155845106,0.0022513528907714244,0.06
15,octanol_hl_gap_eV,206,0.049655284732580185,0.0006570408004336059,0.656204197363428,0.973022622559689,0.29435425996780396,0.0004985153209418058,0.001693589625631145,0.04
15,octanol_hl_gap_eV,207,0.23569397628307343,0.003255655989050865,0.6093945015488516,0.9421693454838866,0.6000432968139648,0.052753571420907974,0.08791627487718356,0.16
15,octanol_hl_gap_eV,208,0.10330252349376678,0.0010552972089499235,0.6650152808205285,0.9737166192781166,0.22934240102767944,0.0010509492130950093,0.004582446195669547,0.06
15,octanol_hl_gap_eV,209,0.013700290583074093,0.001022046199068427,0.6614742466695462,0.9658010113167599,0.2406671643257141,0.0009539463790133595,0.003963757921385186,0.08
15,octanol_hl_gap_eV,210,0.05376371368765831,0.0009680062066763639,0.6394901611796568,0.9549401832408,0.25928136706352234,0.0015406758757308125,0.005942100248774747,0.04
15,octanol_hl_gap_eV,211,0.12480345368385315,0.0009199459454976022,0.6623277972148571,0.9707495410667055,0.29406577348709106,0.001033326145261526,0.0035139286459901025,0.18
15,octanol_hl_gap_eV,212,0.08853397518396378,0.0009191791177727282,0.659086216707518,0.9670612907371552,0.24494001269340515,0.0010771313682198524,0.004397531282763967,0.1
15,octanol_hl_gap_eV,213,0.08118002861738205,0.001912286039441824,0.6648150950001164,0.9784118536879476,0.3829909861087799,0.0015861885622143745,0.0041415819686258975,0.02
15,octanol_hl_gap_eV,214,0.1398678869009018,0.0007181779947131872,0.6528794115371825,0.96143377579641,0.2879285216331482,0.0023359297774732113,0.008112880808832951,0.16
15,octanol_hl_gap_eV,215,0.236638143658638,0.0006840971182100475,0.669718657457252,0.9137906475813553,0.2715216875076294,0.027080487459897995,0.09973600160074532,0.2
15,octanol_hl_gap_eV,216,0.061950307339429855,0.0008439759840257466,0.6632583437199546,0.9793726442401431,0.3164938986301422,0.0016771511873230338,0.005299158039324381,0.16
15,octanol_hl_gap_eV,217,0.1532934606075287,0.0015097474679350853,0.6465675672012863,0.9569300513467978,0.36709657311439514,0.005287563428282738,0.014403739548489383,0.06
15,octanol_hl_gap_eV,218,0.07994147390127182,0.0014230347005650401,0.6652897976690355,0.9847245930541246,0.37436091899871826,0.002341913292184472,0.006255763284394786,0.12
15,octanol_hl_gap_eV,219,0.07813503593206406,0.000847287941724062,0.6510488345259273,0.9535549358388478,0.2899608612060547,0.0008379705832339823,0.0028899437660260493,0.04
15,octanol_hl_gap_eV,220,0.13361789286136627,0.0007567979046143591,0.6623491619228341,0.9775557969717745,0.2586454451084137,0.00046902449685148895,0.0018133878083756428,0.18
15,octanol_hl_gap_eV,221,0.031278420239686966,0.0016901569906622171,0.6506541937319175,0.9708331615358836,0.3305172920227051,0.0008027484291233122,0.002428763784825415,0.04
15,octanol_hl_gap_eV,222,0.07357557117938995,0.0010388512164354324,0.6458577566772974,0.9636488308759701,0.2533021867275238,0.0022309967316687107,0.008807648921201717,0.02
15,octanol_hl_gap_eV,223,0.02914511226117611,0.0011517754755914211,0.6620255398563786,0.9625906750087831,0.2764132022857666,0.000986227998510003,0.003567948239644511,0.02
15,octanol_hl_gap_eV,224,0.30450406670570374,0.002727842191234231,0.6536868937735627,0.9498310893157316,0.6187868714332581,0.07295115292072296,0.11789382788899623,0.3
15,octanol_hl_gap_eV,225,0.0734172984957695,0.001924865529872477,0.6486932286668525,0.9674781461289075,0.29376575350761414,0.0008141990401782095,0.002771592775728728,0.12
15,octanol_hl_gap_eV,226,0.10861290246248245,0.000572691613342613,0.6628617105856962,0.9574925114864601,0.2773038148880005,0.0009901109151542187,0.003570491504251797,0.08
15,octanol_hl_gap_eV,227,0.11033092439174652,0.002606579102575779,0.6253753789464882,0.9815859717300914,0.4023865759372711,0.0027913949452340603,0.00693709758764223,0.14
15,octanol_hl_gap_eV,228,0.11519823968410492,0.001431198907084763,0.6236681227132435,0.9744677987153536,0.3009241223335266,0.0019141570664942265,0.00636092929889046,0.08
15,octanol_hl_gap_eV,229,0.1257900446653366,0.0013858232414349914,0.6403989990708119,0.9524880308792585,0.4009716510772705,0.010236796922981739,0.02552997673396373,0.18
15,octanol_hl_gap_eV,230,0.07925348728895187,0.0014362480724230409,0.6631851836551983,0.9624929138085501,0.3182869553565979,0.0010635788785293698,0.0033415723158926576,0.04
15,octanol_hl_gap_eV,231,0.188099667429924,0.0011243761982768774,0.6598986490649772,0.9411237928608234,0.308087021112442,0.013080579228699207,0.04245741732796076,0.18
15,octanol_hl_gap_eV,232,0.08595465868711472,0.0007884504739195108,0.6703136771824081,0.9767361874142122,0.27267348766326904,0.0007996064377948642,0.002932468589620701,0.12
15,octanol_hl_gap_eV,233,0.029302451759576797,0.0014519024407491088,0.6520289491104101,0.9730751369193826,0.38224509358406067,0.0004444759397301823,0.0011628035184510126,0.02
15,octanol_hl_gap_eV,234,0.15143977105617523,0.0017729655373841524,0.6542038079297301,0.9916177302120264,0.3191584050655365,0.0023256081622093916,0.0072866893846391025,0.06
15,octanol_hl_gap_eV,235,0.04366842657327652,0.0011680072639137506,0.644493855853318,0.9600646600879874,0.31603896617889404,0.000489975034724921,0.0015503627310550381,0.08
15,octanol_hl_gap_eV,236,0.1630410999059677,0.0009752563200891018,0.6712756749950239,0.9302227883921903,0.3092215955257416,0.005783833097666502,0.01870449276944184,0.14
15,octanol_hl_gap_eV,237,0.09170395880937576,0.0007321328739635646,0.6783580239174791,0.9699938449889276,0.26726555824279785,0.0005605040350928903,0.002097180193280645,0.14
15,octanol_hl_gap_eV,238,0.16620537638664246,0.002008979907259345,0.6526654562275478,0.9786616640573724,0.35489359498023987,0.001975348452106118,0.005566030156774465,0.16
15,octanol_hl_gap_eV,239,0.055500518530607224,0.0006558594177477062,0.6780642402936974,0.9671807724847146,0.29090744256973267,0.0008611990488134325,0.0029603885043504746,0.06
15,octanol_hl_gap_eV,240,0.06507767736911774,0.0016039491165429354,0.6560679640249569,0.9637098014886682,0.4613284468650818,0.0010892238933593035,0.0023610594593960806,0.06
15,octanol_hl_gap_eV,241,0.07702554017305374,0.0008421380189247429,0.6819722250184181,0.9676171058000831,0.27233612537384033,0.000643880688585341,0.002364286734642623,0.08
15,octanol_hl_gap_eV,242,0.24218417704105377,0.001010356587357819,0.6605476102970047,0.9465377121226404,0.32925641536712646,0.031235836446285248,0.09486781422757325,0.14
15,octanol_hl_gap_eV,243,0.0984460860490799,0.0009783994173631072,0.6621648874192116,0.9758792968157464,0.27160218358039856,0.0005271328845992684,0.0019408271231487679,0.14
15,octanol_hl_gap_eV,244,0.08166135102510452,0.0011633331887423992,0.6572500845913187,0.9671951270202088,0.3049750030040741,0.0005076852394267917,0.0016646782012492008,0.04
15,octanol_hl_gap_eV,245,0.061180081218481064,0.0011915663490071893,0.6217533602303749,0.9736821097813639,0.27909645438194275,0.0013317960547283292,0.004771812876224396,0.02
15,octanol_hl_gap_eV,246,0.30015408992767334,0.0007951463339850307,0.6737048930888725,0.9259963822983746,0.3025153875350952,0.03505482152104378,0.11587781304835947,0.12
15,octanol_hl_gap_eV,247,0.03085191361606121,0.002913760719820857,0.6534094060897295,0.9907483166213509,0.4988410472869873,0.001509229768998921,0.0030254722966505374,0.08
15,octanol_hl_gap_eV,248,0.06740620732307434,0.0010227217571809888,0.6587758922573521,0.9741759074002703,0.37438541650772095,0.0006246449192985892,0.001668454196547763,0.2
15,octanol_hl_gap_eV,249,0.0940684899687767,0.0030322838574647903,0.6057365074079832,0.9759620432540981,0.6118338108062744,0.0008777964976616204,0.0014346975962391821,0.06
15,octanol_dipole,0,0.15426981449127197,0.012905094772577286,0.6101928805960257,0.9491440410800001,2.3162081241607666,0.03682893514633179,0.01590052930138825,0.08
15,octanol_dipole,1,0.1933850646018982,0.012921241112053394,0.6103907482918858,0.9380841204771848,2.314842462539673,0.069077268242836,0.02984102346517765,0.04
15,octanol_dipole,2,0.19157423079013824,0.020005077123641968,0.6029950494561713,0.9421802344627896,3.5292627811431885,0.08718089759349823,0.024702297051753922,0.1
15,octanol_dipole,3,0.5530210137367249,0.007689798716455698,0.6269965221092129,0.8986712652983961,1.3453253507614136,0.5692471861839294,0.4231297550899139,0.3
15,octanol_dipole,4,0.5177605748176575,0.011214524507522583,0.6585834186388944,0.9237500420291973,2.2070295810699463,0.9149394035339355,0.41455692818144374,0.36
15,octanol_dipole,5,0.27039796113967896,0.015974119305610657,0.6051892389321076,0.906350131598386,2.8794655799865723,0.31584733724594116,0.10968956859259073,0.1
15,octanol_dipole,6,0.23113888502120972,0.018380820751190186,0.615844481535287,0.9063109501963837,3.5632903575897217,0.5148591995239258,0.14448982481242043,0.04
15,octanol_dipole,7,0.1257241666316986,0.010107291862368584,0.6083636502316645,0.9641076705012306,1.7586699724197388,0.030024642124772072,0.017072357290243277,0.12
15,octanol_dipole,8,0.1346130520105362,0.012597329914569855,0.6110401267348973,0.97645486022092,2.25549578666687,0.009459610097110271,0.004194026942116132,0.08
15,octanol_dipole,9,0.2926575541496277,0.013774488121271133,0.6132340069864928,0.927910063306473,2.499077320098877,0.15990005433559418,0.0639836363003237,0.2
15,octanol_dipole,10,0.3830893933773041,0.011999360285699368,0.6112497028490098,0.9057413968603294,2.2020955085754395,0.46110856533050537,0.20939535253346106,0.2
15,octanol_dipole,11,0.11395849287509918,0.014046628028154373,0.6099840996102524,0.9571552845848605,2.5090973377227783,0.015364641323685646,0.006123573243926192,0.14
15,octanol_dipole,12,0.20577342808246613,0.011531689204275608,0.6106437014490607,0.964497942508699,2.039931058883667,0.015985794365406036,0.007836438538346542,0.1
15,octanol_dipole,13,0.1654825210571289,0.009852459654211998,0.6120141885888539,0.9718153293822984,1.729954719543457,0.01921994611620903,0.01111008623467397,0.14
15,octanol_dipole,14,0.15790235996246338,0.010224957019090652,0.6145160541459449,0.967597144362591,1.846922755241394,0.041631069034338,0.022540774331894994,0.14
15,octanol_dipole,15,0.09488438814878464,0.012898904271423817,0.616318990114185,0.9522577211873544,2.3835370540618896,0.010060452856123447,0.004220808247549158,0.08
15,octanol_dipole,16,0.1444597989320755,0.012641181237995625,0.6135310587085983,0.9568546718173812,2.1791226863861084,0.011967459693551064,0.005491870544195053,0.14
15,octanol_dipole,17,0.30172064900398254,0.014928044751286507,0.610622256083253,0.9109143941868034,2.7130391597747803,0.208879753947258,0.07699105749899972,0.2
15,octanol_dipole,18,0.14292535185813904,0.014067072421312332,0.6107987381377922,0.9742090094175739,2.507193088531494,0.007976564578711987,0.003181471987617833,0.12
15,octanol_dipole,19,0.10418259352445602,0.01451150607317686,0.6123898817922813,0.9656809632091448,2.582807779312134,0.005644634366035461,0.002185464366046926,0.08
15,octanol_dipole,20,0.1301409900188446,0.013716964051127434,0.6111012355725007,0.956144715486855,2.40567684173584,0.01291252113878727,0.005367521071313183,0.1
15,octanol_dipole,21,0.13458076119422913,0.013704839162528515,0.6123428521889698,0.9586341034226751,2.363478183746338,0.011779296211898327,0.004983881929989733,0.12
15,octanol_dipole,22,0.11218493431806564,0.018638813868165016,0.6043781313253576,0.9468103785805557,3.2625651359558105,0.018212389200925827,0.005582230068056641,0.1
15,octanol_dipole,23,0.2581603229045868,0.016911976039409637,0.6115504565686483,0.922351951918359,3.132727861404419,0.23471447825431824,0.07492335390699863,0.18
15,octanol_dipole,24,0.2272789031267166,0.010028834454715252,0.6115715078774375,0.9371610563119228,1.766410231590271,0.10865866392850876,0.06151383296205497,0.08
15,octanol_dipole,25,0.2065545618534088,0.012777137570083141,0.6115115563299374,0.9644368137464281,2.2810142040252686,0.062487490475177765,0.027394608225107548,0.18
15,octanol_dipole,26,0.10802467912435532,0.013599349185824394,0.6114326975783966,0.956871286918004,2.3603856563568115,0.008588623255491257,0.003638652536445063,0.12
15,octanol_dipole,27,0.16581472754478455,0.009410195052623749,0.6076566527084075,0.9235006514316209,1.644200325012207,0.0799122080206871,0.0486024767207693,0.08
15,octanol_dipole,28,0.11661744117736816,0.01394649874418974,0.6070538415842046,0.9511995884206741,2.4615774154663086,0.01494884118437767,0.006072870627774198,0.1
15,octanol_dipole,29,0.07306288927793503,0.014400245621800423,0.612125000168894,0.9599488375007599,2.5616469383239746,0.008932794444262981,0.003487129436388099,0.08
15,octanol_dipole,30,0.07726061344146729,0.017964646220207214,0.607927278299967,0.9683221746213297,3.1856000423431396,0.013906080275774002,0.0043652938507451515,0.06
15,octanol_dipole,31,0.09444459527730942,0.009448021650314331,0.6109890182207598,0.9665133746597063,1.6481622457504272,0.028784379363059998,0.017464530228912103,0.12
15,octanol_dipole,32,0.3541734516620636,0.01679409295320511,0.6179275184489035,0.9149349030542306,3.3395986557006836,0.6426716446876526,0.19243978422096147,0.28
15,octanol_dipole,33,0.1531219482421875,0.018050232902169228,0.6130439262686478,0.9664606858954408,3.219757556915283,0.014423979446291924,0.004479834022071818,0.14
15,octanol_dipole,34,0.44127023220062256,0.01365636382251978,0.6201501641243015,0.9341729343385312,2.4653196334838867,0.8232240676879883,0.3339218397918822,0.32
15,octanol_dipole,35,0.10904180258512497,0.01299881562590599,0.6107971531058167,0.945047492628337,2.2761332988739014,0.016321515664458275,0.007170720481323837,0.04
15,octanol_dipole,36,0.2164984494447708,0.02243012562394142,0.6059793595604799,0.8942164450268626,4.061020851135254,0.2894446849822998,0.07127387314482413,0.06
15,octanol_dipole,37,0.09169106185436249,0.0167032890021801,0.6144934309301393,0.9632738536837184,3.0935404300689697,0.010824969969689846,0.0034992172284131116,0.04
15,octanol_dipole,38,0.16757529973983765,0.013709916733205318,0.6120457549861691,0.9537841639588931,2.460232734680176,0.016857793554663658,0.006852113345632372,0.1
15,octanol_dipole,39,0.19541972875595093,0.0074228569865226746,0.618078400118607,0.931535352960619,1.2601044178009033,0.06946579366922379,0.05512701383148344,0.16
15,octanol_dipole,40,0.10673734545707703,0.018525676801800728,0.6073892025245311,0.9562590147487231,3.221453905105591,0.004152271896600723,0.0012889434456969586,0.08
15,octanol_dipole,41,0.10646992176771164,0.012222477234899998,0.6097503218457472,0.9562440736093525,2.1047375202178955,0.01042043324559927,0.0049509419324270335,0.02
15,octanol_dipole,42,0.07730788737535477,0.009800375439226627,0.6100135462310177,0.9543786514362271,1.7163454294204712,0.022853150963783264,0.013315006741678856,0.1
15,octanol_dipole,43,0.467467337846756,0.01270532887428999,0.6175074849368656,0.8957560147720991,2.328622341156006,0.753815233707428,0.3237172556427544,0.28
15,octanol_dipole,44,0.050644174218177795,0.01949227787554264,0.6076410064040194,0.977365120821932,3.4595727920532227,0.025642655789852142,0.007412087367768168,0.06
15,octanol_dipole,45,0.19337041676044464,0.011453618295490742,0.6087695046803887,0.9023959020414223,2.013378143310547,0.2283177375793457,0.11340032588410273,0.14
15,octanol_dipole,46,0.23834696412086487,0.013036823831498623,0.6065140680709995,0.906794690659215,2.2890536785125732,0.23830679059028625,0.10410712200735195,0.08
15,octanol_dipole,47,0.3700714707374573,0.014302825555205345,0.6136953752049932,0.9101762866969814,2.6596181392669678,0.4797026515007019,0.1803652353013788,0.2
15,octanol_dipole,48,0.1450122892856598,0.01408304087817669,0.6098402181101203,0.9701647244364531,2.518450975418091,0.007811217103153467,0.0031015958537198517,0.16
15,octanol_dipole,49,0.33236151933670044,0.01616639830172062,0.6129400476545623,0.920740761087127,2.917152166366577,0.44368699193000793,0.1520959369365489,0.14
15,octanol_dipole,50,0.17351269721984863,0.010992694646120071,0.6101415153158418,0.9378235319538788,1.9476603269577026,0.04344905540347099,0.02230833313288235,0.08
15,octanol_dipole,51,0.27129262685775757,0.010060509666800499,0.6264361911429677,0.9372325239013901,1.782422661781311,0.23924891650676727,0.1342268147935617,0.12
15,octanol_dipole,52,0.11961808800697327,0.013481000438332558,0.6100921827040742,0.9547671274536143,2.3589181900024414,0.01008535921573639,0.004275417120644592,0.1
15,octanol_dipole,53,0.37039080262184143,0.013719920068979263,0.6133941552771052,0.9081434727548876,2.476693868637085,0.37519821524620056,0.1514915589679522,0.2
15,octanol_dipole,54,0.07121356576681137,0.019456345587968826,0.6116188387277435,0.9683473969888101,3.5125908851623535,0.005389490630477667,0.0015343348561438182,0.04
15,octanol_dipole,55,0.3102293908596039,0.015320408158004284,0.6069188747799863,0.8969176921984197,2.800025701522827,0.2831571400165558,0.10112662175299228,0.08
15,octanol_dipole,56,0.11049783229827881,0.015379080548882484,0.6121467278784869,0.9600569380503201,2.713578462600708,0.013741758652031422,0.0050640727148391525,0.06
15,octanol_dipole,57,0.2622375190258026,0.016439922153949738,0.6153131536002145,0.8905335907479546,3.0858609676361084,0.432590514421463,0.1401847066210648,0.06
15,octanol_dipole,58,0.11575759202241898,0.00757081201300025,0.6150849736599362,0.9620393832546386,1.2671115398406982,0.015519962646067142,0.01224830029408328,0.12
15,octanol_dipole,59,0.41574716567993164,0.01393901091068983,0.6297003111618447,0.8941331560963259,2.593553304672241,0.8614921569824219,0.3321667441461329,0.24
15,octanol_dipole,60,0.123534195125103,0.021234480664134026,0.610010797483642,0.9626099901517859,3.797508478164673,0.008433299139142036,0.0022207453090974613,0.14
15,octanol_dipole,61,0.19992946088314056,0.01551694143563509,0.6137627535422785,0.9544196033538004,2.7929344177246094,0.01924874633550644,0.006891943546310802,0.14
15,octanol_dipole,62,0.15237528085708618,0.010310623794794083,0.6094652404005685,0.9421036331427577,1.8124134540557861,0.03741520643234253,0.020643858248025834,0.1
15,octanol_dipole,63,0.24467188119888306,0.011673402041196823,0.6113594769906203,0.933578177651371,2.085594415664673,0.13769474625587463,0.06602182342916933,0.16
15,octanol_dipole,64,0.17682448029518127,0.01681084930896759,0.6105716606030798,0.9615759471743643,3.04046630859375,0.007598872762173414,0.0024992458363033068,0.1
15,octanol_dipole,65,0.19163179397583008,0.013898378238081932,0.6117163437031692,0.9632344638779535,2.4776899814605713,0.021281102672219276,0.00858909017328887,0.12
15,octanol_dipole,66,0.12569619715213776,0.00876583531498909,0.6109382354944961,0.9617975534336276,1.5451244115829468,0.01785656064748764,0.011556713824224664,0.12
15,octanol_dipole,67,0.14840811491012573,0.011407438665628433,0.6107276075615178,0.9524619420258251,2.007611036300659,0.010997349396348,0.005477828721549746,0.08
15,octanol_dipole,68,0.096985824406147,0.015544013120234013,0.6183185383096845,0.9574586055198204,2.7889442443847656,0.018845802173018456,0.0067573248231700645,0.04
15,octanol_dipole,69,0.17199981212615967,0.016568586230278015,0.6098962827964567,0.9480687631468163,2.923583745956421,0.07972697168588638,0.027270288322048565,0.06
15,octanol_dipole,70,0.28640982508659363,0.009325392544269562,0.6140232669586185,0.9412129947436392,1.6233125925064087,0.15785564482212067,0.09724291276419546,0.12
15,octanol_dipole,71,0.2938925325870514,0.011148752644658089,0.6138980916322234,0.9422528630335383,1.9730592966079712,0.21990807354450226,0.11145537993843475,0.16
15,octanol_dipole,72,0.10903963446617126,0.0017606779001653194,0.6220887532528632,0.9684629820156643,0.17036433517932892,0.044485386461019516,0.261119126924032,0.08
15,octanol_dipole,73,0.3352005183696747,0.008507492020726204,0.6132481097540259,0.9291566898651089,1.4928418397903442,0.208603635430336,0.13973592504590604,0.24
15,octanol_dipole,74,0.15221606194972992,0.006235738750547171,0.6118812428248104,0.9509294548567293,1.0456117391586304,0.07595358788967133,0.07264033583898809,0.12
15,octanol_dipole,75,0.10030534118413925,0.007219531573355198,0.6129839875281535,0.9592663889656361,1.2615714073181152,0.01748606562614441,0.013860543703441084,0.18
15,octanol_dipole,76,0.2252129763364792,0.020457878708839417,0.6103546902208872,0.8995184735081772,3.6948182582855225,0.49217623472213745,0.13320715670343097,0.04
15,octanol_dipole,77,0.2985587418079376,0.015197317115962505,0.610708533684337,0.9045881944529253,2.770728826522827,0.5004464387893677,0.18061906094845498,0.16
15,octanol_dipole,78,0.2287888377904892,0.016483459621667862,0.6133207105575302,0.9389393693558898,2.975928783416748,0.16136497259140015,0.05422339858756044,0.16
15,octanol_dipole,79,0.09824030846357346,0.015132278203964233,0.6090909129309252,0.9593246498283217,2.6646828651428223,0.007776923011988401,0.002918517289137735,0.12
15,octanol_dipole,80,0.1388814002275467,0.012077604420483112,0.6102442652586144,0.9692642106131066,2.121861696243286,0.02782430313527584,0.013113155859563427,0.12
15,octanol_dipole,81,0.26444655656814575,0.011097881942987442,0.6116897545654234,0.9420119905338502,2.0066299438476562,0.09280870854854584,0.04625103339711345,0.08
15,octanol_dipole,82,0.510202944278717,0.0074317981489002705,0.6398264935995779,0.8985668530838122,1.2885534763336182,0.5761629939079285,0.44713937332838694,0.24
15,octanol_dipole,83,0.11312957108020782,0.01984434574842453,0.6236516051545404,0.9457283780279953,3.7942090034484863,0.05185576528310776,0.013667081922998182,0.06
15,octanol_dipole,84,0.14267100393772125,0.015477369539439678,0.6165370117928282,0.9546388082725517,2.790039539337158,0.028810709714889526,0.010326272910718037,0.08
15,octanol_dipole,85,0.1313050538301468,0.01424972154200077,0.6163893209994558,0.9736020204051414,2.542661666870117,0.00222764746285975,0.0008761084857986107,0.1
15,octanol_dipole,86,0.287936270236969,0.014085645787417889,0.6104735371992387,0.917803419804446,2.5352554321289062,0.22098185122013092,0.08716354510857625,0.1
15,octanol_dipole,87,0.3008653521537781,0.012896420434117317,0.6112375500629184,0.9128190775212683,2.3471295833587646,0.33450666069984436,0.14251733822943094,0.12
15,octanol_dipole,88,0.12751342356204987,0.01420342642813921,0.6128990510112287,0.9667424696836693,2.595416307449341,0.01208472903817892,0.004656181362309175,0.08
15,octanol_dipole,89,0.30757734179496765,0.0105081582441926,0.6120623987393927,0.9256737689808117,1.891606330871582,0.16246356070041656,0.08588656003575511,0.12
15,octanol_dipole,90,0.3004050850868225,0.007771949749439955,0.6149809210609256,0.9457643300393095,1.3360542058944702,0.190268874168396,0.14241104389998424,0.24
15,octanol_dipole,91,0.11360408365726471,0.009419693611562252,0.610061593260451,0.962014940810874,1.6451719999313354,0.023529231548309326,0.01430198881897538,0.14
15,octanol_dipole,92,0.12222824990749359,0.011818346567451954,0.6101273884606648,0.9513667105341101,2.095158576965332,0.014498577453196049,0.0069200382312808355,0.14
15,octanol_dipole,93,0.14176177978515625,0.00297831604257226,0.6600190397563506,0.9665367912977709,0.4947885274887085,0.01596013456583023,0.032256476614030735,0.14
15,octanol_dipole,94,0.034714534878730774,0.023427940905094147,0.6144830527324199,0.9693613557183662,4.33282470703125,0.009893159382045269,0.002283304784057103,0.08
15,octanol_dipole,95,0.3770162761211395,0.015410235151648521,0.6118871924748497,0.905573785915224,2.8001155853271484,0.5162180066108704,0.18435596348804245,0.26
15,octanol_dipole,96,0.08284807950258255,0.01345070917159319,0.6106922508079404,0.956833917697336,2.375661611557007,0.013331030495464802,0.00561150225714497,0.1
15,octanol_dipole,97,0.24517156183719635,0.015689948573708534,0.6104230253863414,0.9376762121085627,2.8114917278289795,0.1054951474070549,0.037522837560869424,0.16
15,octanol_dipole,98,0.24063555896282196,0.012379089370369911,0.6095163403380033,0.9238565854568732,2.170226573944092,0.22384603321552277,0.10314408454077356,0.1
15,octanol_dipole,99,0.30641353130340576,0.006134207360446453,0.6164549477799992,0.9339255470844936,1.0279678106307983,0.2359490692615509,0.22952962808900018,0.26
15,octanol_dipole,100,0.08321301639080048,0.018478306010365486,0.60675077093407,0.9726230408183383,3.277775764465332,0.01586548238992691,0.004840319634407595,0.08
15,octanol_dipole,101,0.07876423746347427,0.008273115381598473,0.6425686324924416,0.9522839487497232,1.5295199155807495,0.02857254631817341,0.01868072852606472,0.02
15,octanol_dipole,102,0.14655806124210358,0.014532859437167645,0.6113016212058606,0.9422696331199787,2.5817062854766846,0.02386453002691269,0.009243704507039366,0.08
15,octanol_dipole,103,0.1545349508523941,0.018553754314780235,0.602297663113829,0.9436492961900302,3.2457714080810547,0.048734791576862335,0.015014856393006131,0.1
15,octanol_dipole,104,0.7580323219299316,0.0038424537051469088,0.6522759872878776,0.8871421519811273,0.6245512962341309,0.6408437490463257,1.0260866527864625,0.42
15,octanol_dipole,105,0.12185811251401901,0.009177927859127522,0.6123466603806957,0.9722154593061307,1.5822964906692505,0.047526806592941284,0.03003659988706622,0.14
15,octanol_dipole,106,0.3572273850440979,0.0019573753233999014,0.639090750034597,0.9621071381540494,0.18120290338993073,0.10887384414672852,0.6008394021835444,0.2
15,octanol_dipole,107,0.05150966718792915,0.019591910764575005,0.6038827574892127,0.9667884554215573,3.4112045764923096,0.009853841736912727,0.0028886692415983108,0.06
15,octanol_dipole,108,0.41938647627830505,0.010998569428920746,0.6188276376413293,0.9032716643322731,1.9514586925506592,0.663427472114563,0.3399649065835098,0.3
15,octanol_dipole,109,0.12078011780977249,0.01673491671681404,0.6102862851652133,0.9717039239501102,2.962867498397827,0.012276241555809975,0.004143365021368104,0.04
15,octanol_dipole,110,0.356792688369751,0.005493080709129572,0.6095019916875419,0.9223560561833979,0.9141069054603577,0.2416428029537201,0.26434851493876993,0.14
15,octanol_dipole,111,0.39509347081184387,0.012901585549116135,0.6068004103078051,0.9077036043646729,2.337460994720459,0.4215601086616516,0.1803495799989025,0.22
15,octanol_dipole,112,0.17498141527175903,0.014669427648186684,0.6064506156596423,0.9559650994125215,2.605985164642334,0.05411497503519058,0.020765649693411724,0.1
15,octanol_dipole,113,0.11327627301216125,0.012454566545784473,0.6114395830767987,0.9670221511366393,2.1798746585845947,0.010608911514282227,0.004866752990821341,0.08
15,octanol_dipole,114,0.3023689389228821,0.014029745012521744,0.6136327663549097,0.9322096156396853,2.5462498664855957,0.20052027702331543,0.07875121749150214,0.18
15,octanol_dipole,115,0.3043798506259918,0.0017339669866487384,0.6312180543378485,0.9530177112529437,0.11887091398239136,0.10159284621477127,0.8546484822167723,0.2
15,octanol_dipole,116,0.16278736293315887,0.009828854352235794,0.6087535751557771,0.967037780170179,1.7203335762023926,0.017528245225548744,0.010188864222624806,0.14
15,octanol_dipole,117,0.10013480484485626,0.019599808380007744,0.623471202362287,0.9709423841207756,3.711599349975586,0.005341483745723963,0.0014391326331488602,0.08
15,octanol_dipole,118,0.11243712157011032,0.015668930485844612,0.6102247242111363,0.9547923704585506,2.810042142868042,0.039658572524785995,0.014113159343691856,0.04
15,octanol_dipole,119,0.07977722585201263,0.012473102658987045,0.606771764156556,0.9584897353321269,2.205278158187866,0.004750085528939962,0.0021539620801591893,0.06
15,octanol_dipole,120,0.13053683936595917,0.014498083852231503,0.6095457962295425,0.964834614923832,2.573090076446533,0.00959591194987297,0.0037293338611468414,0.06
15,octanol_dipole,121,0.34186840057373047,0.016235001385211945,0.6113335298986575,0.928721618879288,2.975050687789917,0.3286215662956238,0.11045914869428583,0.16
15,octanol_dipole,122,0.10318191349506378,0.013990499079227448,0.6115757025402724,0.9564518606385153,2.4573168754577637,0.014478028751909733,0.005891803737852359,0.1
15,octanol_dipole,123,0.17131662368774414,0.010607165284454823,0.6095541684278099,0.9512419696585739,1.8819833993911743,0.026227213442325592,0.013935943032659137,0.16
15,octanol_dipole,124,0.2899196743965149,0.014394486322999,0.6064151102927162,0.8993578350901179,2.569197416305542,0.4179677963256836,0.16268418832785278,0.16
15,octanol_dipole,125,0.10543117672204971,0.010934034362435341,0.6086361421237929,0.9415456160701621,1.8418527841567993,0.04851154610514641,0.02633844926284649,0.14
15,octanol_dipole,126,0.18690225481987,0.011590028181672096,0.6124239839477366,0.9624842420597237,2.046236276626587,0.01859315298497677,0.009086513223013196,0.12
15,octanol_dipole,127,0.2651723325252533,0.002798347268253565,0.6486022879336792,0.9416040724644557,0.3884541988372803,0.09165672957897186,0.23595247484341386,0.16
15,octanol_dipole,128,0.12353073805570602,0.014531734399497509,0.6078627626817785,0.9484859739362057,2.578087091445923,0.009369718842208385,0.0036343686267609246,0.16
15,octanol_dipole,129,0.2050105780363083,0.013904293067753315,0.6090649952659977,0.9584886208537025,2.4986650943756104,0.0831756442785263,0.03328803226400816,0.18
15,octanol_dipole,130,0.3179899752140045,0.01617884449660778,0.6197636228881593,0.9399480504010127,2.878436326980591,0.23618395626544952,0.08205286809772885,0.2
15,octanol_dipole,131,0.16572336852550507,0.02271277643740177,0.6099277513669137,0.9618396689060207,3.9856948852539062,0.010285282507538795,0.0025805493906700732,0.1
15,octanol_dipole,132,0.14972583949565887,0.008661190047860146,0.610807585155325,0.9552445082853298,1.5794119834899902,0.009002001956105232,0.005699590765554226,0.08
15,octanol_dipole,133,0.09785784035921097,0.019393863156437874,0.634401139440832,0.9588468499954379,3.6530847549438477,0.010219292715191841,0.0027974419978517373,0.12
15,octanol_dipole,134,0.43540528416633606,0.00943538174033165,0.6163092895189599,0.9022061767119618,1.6538488864898682,0.39771801233291626,0.24048026127528113,0.18
15,octanol_dipole,135,0.1870453655719757,0.011110259220004082,0.6128509230789168,0.9473462302775586,1.9609004259109497,0.03173717111349106,0.01618499883733124,0.12
15,octanol_dipole,136,0.15580527484416962,0.013287274166941643,0.61096150612828,0.9621286956136601,2.3563790321350098,0.019926194101572037,0.008456277122580659,0.08
15,octanol_dipole,137,0.20587804913520813,0.010669183917343616,0.6088398896029075,0.938522108468375,1.863293170928955,0.13062548637390137,0.07010463431730247,0.16
15,octanol_dipole,138,0.41150063276290894,0.012896951287984848,0.6148488401514942,0.9203731309295684,2.3803720474243164,0.4430323541164398,0.18611895337782317,0.2
15,octanol_dipole,139,0.058522339910268784,0.016956649720668793,0.6143320253403914,0.9659903732446897,3.0518429279327393,0.009992353618144989,0.003274203114022523,0.02
15,octanol_dipole,140,0.1380504071712494,0.006062159780412912,0.6060594912470323,0.9427485572977656,1.0379345417022705,0.06773222237825394,0.06525673793182499,0.08
15,octanol_dipole,141,0.13617746531963348,0.01814199425280094,0.6139932264535124,0.9619874578640268,3.1558191776275635,0.020794566720724106,0.006589276999183695,0.1
15,octanol_dipole,142,0.1437026709318161,0.013284322805702686,0.6115933463231968,0.9668137689734781,2.3444550037384033,0.019160091876983643,0.00817251422886406,0.12
15,octanol_dipole,143,0.17559535801410675,0.014184758998453617,0.6126726044443156,0.95135497813434,2.4935503005981445,0.014656620100140572,0.0058778120885007975,0.12
15,octanol_dipole,144,0.2934573292732239,0.014239094220101833,0.6084745851093298,0.9000173915416632,2.5960729122161865,0.36593595147132874,0.14095750152061046,0.14
15,octanol_dipole,145,0.4198486804962158,0.01256205327808857,0.6124888857523307,0.897156828337645,2.3087854385375977,0.5018913745880127,0.21738329002365614,0.26
15,octanol_dipole,146,0.04367569088935852,0.00980295892804861,0.6108791367455182,0.9593940275537394,1.7018133401870728,0.005816845688968897,0.0034180280243481208,0.1
15,octanol_dipole,147,0.10354046523571014,0.015091524459421635,0.6089122163747627,0.9568998853010036,2.7053744792938232,0.014303992502391338,0.005287250475625493,0.08
15,octanol_dipole,148,0.3282960057258606,0.019686616957187653,0.617141288351166,0.9119415751149331,3.766484498977661,0.5645231008529663,0.14988063829977133,0.1
15,octanol_dipole,149,0.14936596155166626,0.018455101177096367,0.605779905752593,0.9674065822458291,3.2681493759155273,0.007390075363218784,0.002261241612051027,0.12
15,octanol_dipole,150,0.3604925274848938,0.01384542603045702,0.6119132135725611,0.8921122652759161,2.522771120071411,0.4336727261543274,0.17190331802357545,0.16
15,octanol_dipole,151,0.3191433250904083,0.009425265714526176,0.6140628220561937,0.9047958006301415,1.6719046831130981,0.3918784260749817,0.23439041114790188,0.1
15,octanol_dipole,152,0.23207390308380127,0.010628439486026764,0.6086824054439366,0.9317998341641052,1.8801357746124268,0.07989054918289185,0.04249190418142039,0.16
15,octanol_dipole,153,0.14340783655643463,0.014679360203444958,0.6123521125335278,0.9612498292273781,2.6162681579589844,0.014133516699075699,0.005402166691544954,0.06
15,octanol_dipole,154,0.11298618465662003,0.015178038738667965,0.6040109409360856,0.9642815028054967,2.6648409366607666,0.00413472019135952,0.0015515823606870192,0.12
15,octanol_dipole,155,0.12904798984527588,0.006344685330986977,0.6111264949998187,0.9646593445082112,1.082082748413086,0.05054096877574921,0.04670711999601638,0.06
15,octanol_dipole,156,0.2931232452392578,0.012901047244668007,0.6095088322586486,0.9349558699813916,2.2636754512786865,0.3553474545478821,0.15697809257380793,0.14
15,octanol_dipole,157,0.264126181602478,0.01507589127868414,0.6136400709246546,0.9009253696494077,2.6746814250946045,0.22952425479888916,0.08581367958270798,0.1
15,octanol_dipole,158,0.12441668659448624,0.017891675233840942,0.6155683177168509,0.9484395693687555,3.183847427368164,0.019882718101143837,0.006244871513073512,0.04
15,octanol_dipole,159,0.15317048132419586,0.01609114743769169,0.6122756595392458,0.9578300087668121,2.8502652645111084,0.07528213411569595,0.02641232556598858,0.1
15,octanol_dipole,160,0.3368925154209137,0.015866568312048912,0.6120951493634093,0.9102374553498886,2.9180312156677246,0.471020370721817,0.1614171802524857,0.1
15,octanol_dipole,161,0.3652670681476593,0.013018607161939144,0.6104117228131849,0.8944197371413041,2.3758773803710938,0.5496613383293152,0.23135088656951747,0.18
15,octanol_dipole,162,0.08197369426488876,0.008572847582399845,0.6116755977577644,0.9603760153608372,1.4750193357467651,0.012363716028630733,0.008382070477992274,0.14
15,octanol_dipole,163,0.14305759966373444,0.014465544372797012,0.6092935511875166,0.9635931278654553,2.5574495792388916,0.009686466306447983,0.0037875492776403897,0.12
15,octanol_dipole,164,0.17677941918373108,0.013396241702139378,0.6099496416533292,0.9653965418934074,2.382233142852783,0.01310365367680788,0.0055005756746024995,0.12
15,octanol_dipole,165,0.2891633212566376,0.012987951748073101,0.6090901653730454,0.9125829205584508,2.362689971923828,0.3008044958114624,0.12731441678170385,0.14
15,octanol_dipole,166,0.12779231369495392,0.01397517416626215,0.6113380768594554,0.9671573011715249,2.4596476554870605,0.012684280052781105,0.005156950030824377,0.08
15,octanol_dipole,167,0.17610587179660797,0.012488686479628086,0.6089959104942586,0.9548752367345359,2.212153434753418,0.04812639206647873,0.021755449378150042,0.18
15,octanol_dipole,168,0.08536455780267715,0.012833993881940842,0.6104240230162248,0.9596391035274154,2.2385528087615967,0.013206751085817814,0.005899682613752588,0.12
15,octanol_dipole,169,0.07495208084583282,0.011869668960571289,0.6083227994992055,0.950619064350845,2.080066680908203,0.006006584037095308,0.002887688213183964,0.16
15,octanol_dipole,170,0.14789023995399475,0.01184404082596302,0.6121777170671776,0.9626360848300963,2.0526204109191895,0.018424149602651596,0.008975916591612293,0.12
15,octanol_dipole,171,0.13557438552379608,0.009437032043933868,0.6099595575787653,0.9570560592667112,1.607934594154358,0.013435516506433487,0.008355760585833698,0.14
15,octanol_dipole,172,0.09449592232704163,0.016041822731494904,0.6132174885983874,0.947450741002756,2.7948930263519287,0.008851894177496433,0.003167167435045085,0.12
15,octanol_dipole,173,0.10402723401784897,0.014738853089511395,0.6100491388658249,0.9680753858781845,2.6145238876342773,0.013028984889388084,0.004983310709460458,0.12
15,octanol_dipole,174,0.5005797147750854,0.009031315334141254,0.6246748810336955,0.9143714711740791,1.6171156167984009,0.643065869808197,0.3976622717189215,0.34
15,octanol_dipole,175,0.10272104293107986,0.008609848096966743,0.6617651262417432,0.9788287022322826,1.7313790321350098,0.043549925088882446,0.025153316680276455,0.14
15,octanol_dipole,176,0.0630219355225563,0.018570736050605774,0.6088439100188532,0.9538467600442497,3.299360990524292,0.004410330206155777,0.0013367225407653692,0.04
15,octanol_dipole,177,0.13458086550235748,0.015689656138420105,0.607137259087035,0.9586579725039981,2.7112247943878174,0.02214055508375168,0.008166255756284834,0.08
15,octanol_dipole,178,0.09862983971834183,0.019309690222144127,0.6044948671376966,0.9643248269724505,3.3982486724853516,0.012071273289620876,0.003552204224298983,0.16
15,octanol_dipole,179,0.3424294888973236,0.011352143250405788,0.6205843925651766,0.9262590260679129,2.1364638805389404,0.3530314266681671,0.1652409993372376,0.18
15,octanol_dipole,180,0.0907881110906601,0.015502304770052433,0.6112445834577211,0.9672360740604578,2.7538976669311523,0.014507722109556198,0.0052680687026846204,0.08
15,octanol_dipole,181,0.2200191169977188,0.01548211369663477,0.6063229118283524,0.9277895007408321,2.7676842212677,0.3270988166332245,0.1181850205741323,0.16
15,octanol_dipole,182,0.23941124975681305,0.02161627635359764,0.6076056668015726,0.9125317988718293,3.948545455932617,0.3380160629749298,0.08560521000640042,0.12
15,octanol_dipole,183,0.2181960642337799,0.008349885232746601,0.6114398463056268,0.938878575348987,1.4486066102981567,0.1264609396457672,0.08729833120100054,0.14
15,octanol_dipole,184,0.10424292087554932,0.009325834922492504,0.6107251986783768,0.9547598255104872,1.6076369285583496,0.007288479711860418,0.004533660295049561,0.12
15,octanol_dipole,185,0.05735322833061218,0.020931456238031387,0.6353683814412447,0.9590458479044086,3.9783995151519775,0.021114950999617577,0.005307398344283926,0.06
15,octanol_dipole,186,0.1005764752626419,0.014590684324502945,0.6086337185703579,0.942766561973504,2.5829179286956787,0.03118421696126461,0.012073251191923085,0.14
15,octanol_dipole,187,0.2949073314666748,0.01126644853502512,0.6106637582813372,0.9069080852455189,2.0035650730133057,0.3210277259349823,0.16022825026200202,0.1
15,octanol_dipole,188,0.3337037265300751,0.018333392217755318,0.6080289294235268,0.8913889583108063,3.3536648750305176,0.5556322932243347,0.16567913429909378,0.26
15,octanol_dipole,189,0.12882518768310547,0.017307527363300323,0.6062407864448174,0.9621375515851902,3.019371509552002,0.008217258378863335,0.0027215128555288536,0.08
15,octanol_dipole,190,0.2731615900993347,0.014615005813539028,0.6258511853680733,0.9422364753876553,2.640726089477539,0.2971707880496979,0.11253374184995171,0.14
15,octanol_dipole,191,0.12699279189109802,0.01353918295353651,0.6102849136015536,0.9582728460714047,2.429584503173828,0.014132739044725895,0.005816936610463204,0.1
15,octanol_dipole,192,0.18992355465888977,0.01681828871369362,0.6099065737046014,0.9380911496163526,3.03336763381958,0.06511415541172028,0.02146596234684858,0.12
15,octanol_dipole,193,0.15917223691940308,0.01010697241872549,0.6071831620573112,0.9552712384309061,1.7560324668884277,0.04152977466583252,0.023649776099766828,0.16
15,octanol_dipole,194,0.1408730447292328,0.014102653600275517,0.6096613532460091,0.960889620886233,2.5202417373657227,0.010068198665976524,0.003994933706835713,0.08
15,octanol_dipole,195,0.44338053464889526,0.014398137107491493,0.6182557007041851,0.9138844358711489,2.6522839069366455,0.5794172286987305,0.21845973094484825,0.28
15,octanol_dipole,196,0.24792926013469696,0.013128655962646008,0.6120535571545849,0.9637340188264314,2.371880054473877,0.12377682328224182,0.05218511073052453,0.22
15,octanol_dipole,197,0.6800612807273865,0.004024778958410025,0.6801945001878451,0.9420887467698824,0.74278724193573,0.42676201462745667,0.5745413902308011,0.62
15,octanol_dipole,198,0.49736350774765015,0.007678026799112558,0.6234724374054792,0.9192195834057753,1.31515634059906,0.5646526217460632,0.4293425840830918,0.32
15,octanol_dipole,199,0.152298241853714,0.01564970426261425,0.6109903539777573,0.9666880677137364,2.8117222785949707,0.012375084683299065,0.00440124715641651,0.1
15,octanol_dipole,200,0.17063216865062714,0.006841447204351425,0.6127769006376826,0.9543618254645674,1.1553517580032349,0.046215880662202835,0.040001566918525806,0.14
15,octanol_dipole,201,0.09770222008228302,0.004586747381836176,0.6398475517785986,0.9632548492473731,0.7575283050537109,0.03517979755997658,0.04644024167187024,0.02
15,octanol_dipole,202,0.09936267137527466,0.014047079719603062,0.6126226460930402,0.9644921610194008,2.49006986618042,0.01786705292761326,0.007175321933845967,0.14
15,octanol_dipole,203,0.3010226786136627,0.014914394356310368,0.6138927855879521,0.8986526658108938,2.703213691711426,0.4327302575111389,0.1600799296178372,0.1
15,octanol_dipole,204,0.47497567534446716,0.005385769996792078,0.6503484547879612,0.9474563813930721,0.9221658706665039,0.39370042085647583,0.42693015798982586,0.26
15,octanol_dipole,205,0.128665491938591,0.013683357276022434,0.61240914794471,0.9599683116876387,2.434546947479248,0.010278107598423958,0.004221774243896181,0.12
15,octanol_dipole,206,0.14107239246368408,0.006223217584192753,0.62209743959178,0.9569766482467168,1.0284100770950317,0.025429291650652885,0.02472680131887025,0.08
15,octanol_dipole,207,0.4544193148612976,0.004714103415608406,0.6182612005198564,0.9140434711407799,0.8035155534744263,0.2431439608335495,0.3026001920960801,0.36
15,octanol_dipole,208,0.14281541109085083,0.013185204938054085,0.6103801384476026,0.9538941998497421,2.3500583171844482,0.013775969855487347,0.00586196936252715,0.12
15,octanol_dipole,209,0.32604023814201355,0.015394852496683598,0.6122834019319732,0.9241724252918431,2.802502393722534,0.26539671421051025,0.09469990634262639,0.14
15,octanol_dipole,210,0.1964567005634308,0.01497599110007286,0.6114194066983549,0.9475711945025207,2.737407684326172,0.04738018289208412,0.017308413052017503,0.1
15,octanol_dipole,211,0.11963282525539398,0.012887074612081051,0.6156190986733066,0.9603635715877792,2.3576526641845703,0.007359733339399099,0.003121635960717129,0.08
15,octanol_dipole,212,0.45305097103118896,0.006987346336245537,0.6187053486437784,0.9247662810772856,1.2665512561798096,0.27472570538520813,0.21690847807757882,0.3
15,octanol_dipole,213,0.15628044307231903,0.011682608164846897,0.6105521992977334,0.9585949934416391,2.060185194015503,0.03209365904331207,0.015578045671107064,0.16
15,octanol_dipole,214,0.17698785662651062,0.011955730617046356,0.6122452070869089,0.9569325754816673,2.069986581802368,0.04122161492705345,0.019913952722901796,0.1
15,octanol_dipole,215,0.13456420600414276,0.01390377152711153,0.6122715409500101,0.9654392460648797,2.474586248397827,0.019532233476638794,0.007893131019088525,0.14
15,octanol_dipole,216,0.14808721840381622,0.014475218951702118,0.6110603239727928,0.9641475030029469,2.539313316345215,0.018152769654989243,0.007148692340619147,0.1
15,octanol_dipole,217,0.1859230250120163,0.014745468273758888,0.609153617361776,0.936591824519382,2.634186267852783,0.06861860305070877,0.026049260026946453,0.18
15,octanol_dipole,218,0.059828463941812515,0.013923084363341331,0.6045308049328182,0.9746839056397945,2.4070465564727783,0.025571446865797043,0.010623578009753479,0.08
15,octanol_dipole,219,0.0638560801744461,0.013325430452823639,0.6097305138626734,0.9642189029019557,2.373525857925415,0.006642114371061325,0.0027984166883553052,0.08
15,octanol_dipole,220,0.10526087880134583,0.015062512829899788,0.6098134482951152,0.9682352047137017,2.631784200668335,0.015014351345598698,0.005705008542032375,0.1
15,octanol_dipole,221,0.0674581527709961,0.01563824713230133,0.6150726322043683,0.9652940077298808,2.748161792755127,0.005594530142843723,0.002035735362303765,0.08
15,octanol_dipole,222,0.23836252093315125,0.009712477214634418,0.6118255954895164,0.9333216809982161,1.7366207838058472,0.12082567811012268,0.06957516530772495,0.14
15,octanol_dipole,223,0.07777419686317444,0.019615815952420235,0.6115733030646997,0.9444916824760723,3.561302900314331,0.01925528235733509,0.005406808377809021,0.02
15,octanol_dipole,224,0.117826446890831,0.017730992287397385,0.6240460315142509,0.974331370636901,3.4089882373809814,0.005630139727145433,0.0016515573933076674,0.06
15,octanol_dipole,225,0.24100884795188904,0.013138479553163052,0.6146723763765498,0.9187040838537894,2.3218116760253906,0.35267436504364014,0.15189619756214173,0.06
15,octanol_dipole,226,0.13028018176555634,0.006662753876298666,0.6144726776881027,0.9520960612810734,1.097314715385437,0.020130833610892296,0.018345542375982123,0.08
15,octanol_dipole,227,0.36240479350090027,0.013817270286381245,0.6066051409491555,0.9274697954263253,2.4748237133026123,0.27883556485176086,0.11266885934257487,0.14
15,octanol_dipole,228,0.36716732382774353,0.013330389745533466,0.6189130251401209,0.9124421661260749,2.361178159713745,0.354330450296402,0.15006510577726115,0.16
15,octanol_dipole,229,0.06563816964626312,0.01566832698881626,0.6120979866978402,0.9569146243474673,2.8445355892181396,0.004667465575039387,0.001640853288224214,0.1
15,octanol_dipole,230,0.13058827817440033,0.017234355211257935,0.6098310314534232,0.9491358992492978,3.0219881534576416,0.028189867734909058,0.009328252231119868,0.06
15,octanol_dipole,231,0.45783647894859314,0.0016290670027956367,0.6485438571575575,0.9491357721431537,0.08424010872840881,0.11723489314317703,1.3916754727981635,0.36
15,octanol_dipole,232,0.15234805643558502,0.005510615650564432,0.6149486272308045,0.954369894567491,0.8959727883338928,0.03329962491989136,0.03716588868933588,0.1
15,octanol_dipole,233,0.18146835267543793,0.011551929637789726,0.6089640964169347,0.9655789140465278,2.0501372814178467,0.01757758855819702,0.008573859281287058,0.16
15,octanol_dipole,234,0.12646116316318512,0.014439280144870281,0.6110332530733054,0.9704180459728988,2.6044914722442627,0.005717034451663494,0.0021950674489009505,0.1
15,octanol_dipole,235,0.3286243677139282,0.015920523554086685,0.6092486568391808,0.9063729697128313,2.86163330078125,0.5049830675125122,0.17646672876453023,0.06
15,octanol_dipole,236,0.17414849996566772,0.012478427961468697,0.6107779128244029,0.9627193622725594,2.216723918914795,0.008064329624176025,0.0036379494782209716,0.12
15,octanol_dipole,237,0.08191049098968506,0.011865572072565556,0.6107264290322536,0.9607658132034309,2.0723228454589844,0.020638247951865196,0.009958992633357847,0.1
15,octanol_dipole,238,0.30813300609588623,0.016140716150403023,0.6160450738444849,0.9076483290074671,2.947356700897217,0.5926364064216614,0.20107386603096072,0.12
15,octanol_dipole,239,0.09893002361059189,0.01981670968234539,0.608394113714245,0.9625117754601826,3.495929479598999,0.00646256422623992,0.0018485968506954005,0.08
15,octanol_dipole,240,0.11677828431129456,0.009386519901454449,0.6132139612556504,0.9502424418669977,1.617023229598999,0.01232022326439619,0.0076190762376687985,0.1
15,octanol_dipole,241,0.12497075647115707,0.015222939662635326,0.6123770642198365,0.9656471465126437,2.7654097080230713,0.011998588219285011,0.004338810334134008,0.1
15,octanol_dipole,242,0.03047368861734867,0.012428139336407185,0.6049330734756762,0.979740830937873,2.167365074157715,0.010666605085134506,0.004921462107291629,0.06
15,octanol_dipole,243,0.7884761691093445,0.0014734866563230753,0.6865378654777745,0.9198816621929817,0.04811139777302742,0.3226596415042877,6.706511480428857,0.64
15,octanol_dipole,244,0.3805542588233948,0.013662036508321762,0.6106262962741824,0.8902888992172102,2.477109909057617,0.5951202511787415,0.24024781823473745,0.22
15,octanol_dipole,245,0.09269469231367111,0.00665142061188817,0.6103388210222254,0.9552068412893868,1.135274052619934,0.009478424675762653,0.008349019035437983,0.12
15,octanol_dipole,246,0.18738850951194763,0.014972260221838951,0.609308429070625,0.972281534358616,2.6646294593811035,0.007085934281349182,0.0026592569020816074,0.14
15,octanol_dipole,247,0.17612892389297485,0.01886395923793316,0.6080122477874459,0.9418719559965629,3.366267204284668,0.19692179560661316,0.058498563440230245,0.1
15,octanol_dipole,248,0.08725784718990326,0.0033778378274291754,0.6509540105496168,0.9548474456206593,0.5345112681388855,0.035235654562711716,0.0659212567873428,0.06
15,octanol_dipole,249,0.38302919268608093,0.014526511542499065,0.6148377500895161,0.9020885021304692,2.6109042167663574,0.674936056137085,0.258506632224526,0.18
15,hexane_gsolv_eV,0,0.9999998807907104,0.0,0.6720202762403438,0.6720202762403438,,,,1.0
15,hexane_gsolv_eV,1,0.9999998807907104,0.0,0.6720202762403438,0.6720202762403438,,,,1.0
15,hexane_gsolv_eV,2,0.9999998807907104,0.0,0.6720202762403438,0.6720202762403438,,,,1.0
15,hexane_gsolv_eV,3,0.9999998807907104,0.0,0.6720202762403438,0.6720202762403438,,,,1.0
15,hexane_gsolv_eV,4,0.9999998807907104,0.0,0.6720202762403438,0.6720202762403438,,,,1.0
15,hexane_gsolv_eV,5,0.9999998807907104,0.0,0.6720202762403438,0.6720202762403438,,,,1.0
15,hexane_gsolv_eV,6,0.9999998807907104,0.0,0.6720202762403438,0.6720202762403438,,,,1.0
15,hexane_gsolv_eV,7,0.9999998807907104,0.0,0.6720202762403438,0.6720202762403438,,,,1.0
15,hexane_gsolv_eV,8,0.9999998807907104,0.0,0.6720202762403438,0.6720202762403438,,,,1.0
15,hexane_gsolv_eV,9,0.9999998807907104,0.0,0.6720202762403438,0.6720202762403438,,,,1.0
15,hexane_gsolv_eV,10,0.9999998807907104,0.0,0.6720202762403438,0.6720202762403438,,,,1.0
15,hexane_gsolv_eV,11,0.9999998807907104,0.0,0.6720202762403438,0.6720202762403438,,,,1.0
15,hexane_gsolv_eV,12,0.9999998807907104,0.0,0.6720202762403438,0.6720202762403438,,,,1.0
15,hexane_gsolv_eV,13,0.9999998807907104,0.0,0.6720202762403438,0.6720202762403438,,,,1.0
15,hexane_gsolv_eV,14,0.9999998807907104,0.0,0.6720202762403438,0.6720202762403438,,,,1.0
15,hexane_gsolv_eV,15,0.9999998807907104,0.0,0.6720202762403438,0.6720202762403438,,,,1.0
15,hexane_gsolv_eV,16,0.9999998807907104,0.0,0.6720202762403438,0.6720202762403438,,,,1.0
15,hexane_gsolv_eV,17,0.9999998807907104,0.0,0.6720202762403438,0.6720202762403438,,,,1.0
15,hexane_gsolv_eV,18,0.9999998807907104,0.0,0.6720202762403438,0.6720202762403438,,,,1.0
15,hexane_gsolv_eV,19,0.9999998807907104,0.0,0.6720202762403438,0.6720202762403438,,,,1.0
15,hexane_gsolv_eV,20,0.9999998807907104,0.0,0.6720202762403438,0.6720202762403438,,,,1.0
15,hexane_gsolv_eV,21,0.9999998807907104,0.0,0.6720202762403438,0.6720202762403438,,,,1.0
15,hexane_gsolv_eV,22,0.9999998807907104,0.0,0.6720202762403438,0.6720202762403438,,,,1.0
15,hexane_gsolv_eV,23,0.9999998807907104,0.0,0.6720202762403438,0.6720202762403438,,,,1.0
15,hexane_gsolv_eV,24,0.9999998807907104,0.0,0.6720202762403438,0.6720202762403438,,,,1.0
15,hexane_gsolv_eV,25,0.9999998807907104,0.0,0.6720202762403438,0.6720202762403438,,,,1.0
15,hexane_gsolv_eV,26,0.9999998807907104,0.0,0.6720202762403438,0.6720202762403438,,,,1.0
15,hexane_gsolv_eV,27,0.9999998807907104,0.0,0.6720202762403438,0.6720202762403438,,,,1.0
15,hexane_gsolv_eV,28,0.9999998807907104,0.0,0.6720202762403438,0.6720202762403438,,,,1.0
15,hexane_gsolv_eV,29,0.9999998807907104,0.0,0.6720202762403438,0.6720202762403438,,,,1.0
15,hexane_gsolv_eV,30,0.9999998807907104,0.0,0.6720202762403438,0.6720202762403438,,,,1.0
15,hexane_gsolv_eV,31,0.9999998807907104,0.0,0.6720202762403438,0.6720202762403438,,,,1.0
15,hexane_gsolv_eV,32,0.9999998807907104,0.0,0.6720202762403438,0.6720202762403438,,,,1.0
15,hexane_gsolv_eV,33,0.9999998807907104,0.0,0.6720202762403438,0.6720202762403438,,,,1.0
15,hexane_gsolv_eV,34,0.9999998807907104,0.0,0.6720202762403438,0.6720202762403438,,,,1.0
15,hexane_gsolv_eV,35,0.9999998807907104,0.0,0.6720202762403438,0.6720202762403438,,,,1.0
15,hexane_gsolv_eV,36,0.9999998807907104,0.0,0.6720202762403438,0.6720202762403438,,,,1.0
15,hexane_gsolv_eV,37,0.9999998807907104,0.0,0.6720202762403438,0.6720202762403438,,,,1.0
15,hexane_gsolv_eV,38,0.9999998807907104,0.0,0.6720202762403438,0.6720202762403438,,,,1.0
15,hexane_gsolv_eV,39,0.9999998807907104,0.0,0.6720202762403438,0.6720202762403438,,,,1.0
15,hexane_gsolv_eV,40,0.9999998807907104,0.0,0.6720202762403438,0.6720202762403438,,,,1.0
15,hexane_gsolv_eV,41,0.9999998807907104,0.0,0.6720202762403438,0.6720202762403438,,,,1.0
15,hexane_gsolv_eV,42,0.9999998807907104,0.0,0.6720202762403438,0.6720202762403438,,,,1.0
15,hexane_gsolv_eV,43,0.9999998807907104,0.0,0.6720202762403438,0.6720202762403438,,,,1.0
15,hexane_gsolv_eV,44,0.9999998807907104,0.0,0.6720202762403438,0.6720202762403438,,,,1.0
15,hexane_gsolv_eV,45,0.9999998807907104,0.0,0.6720202762403438,0.6720202762403438,,,,1.0
15,hexane_gsolv_eV,46,0.9999998807907104,0.0,0.6720202762403438,0.6720202762403438,,,,1.0
15,hexane_gsolv_eV,47,0.9999998807907104,0.0,0.6720202762403438,0.6720202762403438,,,,1.0
15,hexane_gsolv_eV,48,0.9999998807907104,0.0,0.6720202762403438,0.6720202762403438,,,,1.0
15,hexane_gsolv_eV,49,0.9999998807907104,0.0,0.6720202762403438,0.6720202762403438,,,,1.0
15,hexane_gsolv_eV,50,0.9999998807907104,0.0,0.6720202762403438,0.6720202762403438,,,,1.0
15,hexane_gsolv_eV,51,0.9999998807907104,0.0,0.6720202762403438,0.6720202762403438,,,,1.0
15,hexane_gsolv_eV,52,0.9999998807907104,0.0,0.6720202762403438,0.6720202762403438,,,,1.0
15,hexane_gsolv_eV,53,0.9999998807907104,0.0,0.6720202762403438,0.6720202762403438,,,,1.0
15,hexane_gsolv_eV,54,0.9999998807907104,0.0,0.6720202762403438,0.6720202762403438,,,,1.0
15,hexane_gsolv_eV,55,0.9999998807907104,0.0,0.6720202762403438,0.6720202762403438,,,,1.0
15,hexane_gsolv_eV,56,0.9999998807907104,0.0,0.6720202762403438,0.6720202762403438,,,,1.0
15,hexane_gsolv_eV,57,0.9999998807907104,0.0,0.6720202762403438,0.6720202762403438,,,,1.0
15,hexane_gsolv_eV,58,0.9999998807907104,0.0,0.6720202762403438,0.6720202762403438,,,,1.0
15,hexane_gsolv_eV,59,0.9999998807907104,0.0,0.6720202762403438,0.6720202762403438,,,,1.0
15,hexane_gsolv_eV,60,0.9999998807907104,0.0,0.6720202762403438,0.6720202762403438,,,,1.0
15,hexane_gsolv_eV,61,0.9999998807907104,0.0,0.6720202762403438,0.6720202762403438,,,,1.0
15,hexane_gsolv_eV,62,0.9999998807907104,0.0,0.6720202762403438,0.6720202762403438,,,,1.0
15,hexane_gsolv_eV,63,0.9999998807907104,0.0,0.6720202762403438,0.6720202762403438,,,,1.0
15,hexane_gsolv_eV,64,0.9999998807907104,0.0,0.6720202762403438,0.6720202762403438,,,,1.0
15,hexane_gsolv_eV,65,0.9999998807907104,0.0,0.6720202762403438,0.6720202762403438,,,,1.0
15,hexane_gsolv_eV,66,0.9999998807907104,0.0,0.6720202762403438,0.6720202762403438,,,,1.0
15,hexane_gsolv_eV,67,0.9999998807907104,0.0,0.6720202762403438,0.6720202762403438,,,,1.0
15,hexane_gsolv_eV,68,0.9999998807907104,0.0,0.6720202762403438,0.6720202762403438,,,,1.0
15,hexane_gsolv_eV,69,0.9999998807907104,0.0,0.6720202762403438,0.6720202762403438,,,,1.0
15,hexane_gsolv_eV,70,0.9999998807907104,0.0,0.6720202762403438,0.6720202762403438,,,,1.0
15,hexane_gsolv_eV,71,0.9999998807907104,0.0,0.6720202762403438,0.6720202762403438,,,,1.0
15,hexane_gsolv_eV,72,0.9999998807907104,0.0,0.6720202762403438,0.6720202762403438,,,,1.0
15,hexane_gsolv_eV,73,0.9999998807907104,0.0,0.6720202762403438,0.6720202762403438,,,,1.0
15,hexane_gsolv_eV,74,0.9999998807907104,0.0,0.6720202762403438,0.6720202762403438,,,,1.0
15,hexane_gsolv_eV,75,0.9999998807907104,0.0,0.6720202762403438,0.6720202762403438,,,,1.0
15,hexane_gsolv_eV,76,0.9999998807907104,0.0,0.6720202762403438,0.6720202762403438,,,,1.0
15,hexane_gsolv_eV,77,0.9999998807907104,0.0,0.6720202762403438,0.6720202762403438,,,,1.0
15,hexane_gsolv_eV,78,0.9999998807907104,0.0,0.6720202762403438,0.6720202762403438,,,,1.0
15,hexane_gsolv_eV,79,0.9999998807907104,0.0,0.6720202762403438,0.6720202762403438,,,,1.0
15,hexane_gsolv_eV,80,0.9999998807907104,0.0,0.6720202762403438,0.6720202762403438,,,,1.0
15,hexane_gsolv_eV,81,0.9999998807907104,0.0,0.6720202762403438,0.6720202762403438,,,,1.0
15,hexane_gsolv_eV,82,0.9999998807907104,0.0,0.6720202762403438,0.6720202762403438,,,,1.0
15,hexane_gsolv_eV,83,0.9999998807907104,0.0,0.6720202762403438,0.6720202762403438,,,,1.0
15,hexane_gsolv_eV,84,0.9999998807907104,0.0,0.6720202762403438,0.6720202762403438,,,,1.0
15,hexane_gsolv_eV,85,0.9999998807907104,0.0,0.6720202762403438,0.6720202762403438,,,,1.0
15,hexane_gsolv_eV,86,0.9999998807907104,0.0,0.6720202762403438,0.6720202762403438,,,,1.0
15,hexane_gsolv_eV,87,0.9999998807907104,0.0,0.6720202762403438,0.6720202762403438,,,,1.0
15,hexane_gsolv_eV,88,0.9999998807907104,0.0,0.6720202762403438,0.6720202762403438,,,,1.0
15,hexane_gsolv_eV,89,0.9999998807907104,0.0,0.6720202762403438,0.6720202762403438,,,,1.0
15,hexane_gsolv_eV,90,0.9999998807907104,0.0,0.6720202762403438,0.6720202762403438,,,,1.0
15,hexane_gsolv_eV,91,0.9999998807907104,0.0,0.6720202762403438,0.6720202762403438,,,,1.0
15,hexane_gsolv_eV,92,0.9999998807907104,0.0,0.6720202762403438,0.6720202762403438,,,,1.0
15,hexane_gsolv_eV,93,0.9999998807907104,0.0,0.6720202762403438,0.6720202762403438,,,,1.0
15,hexane_gsolv_eV,94,0.9999998807907104,0.0,0.6720202762403438,0.6720202762403438,,,,1.0
15,hexane_gsolv_eV,95,0.9999998807907104,0.0,0.6720202762403438,0.6720202762403438,,,,1.0
15,hexane_gsolv_eV,96,0.9999998807907104,0.0,0.6720202762403438,0.6720202762403438,,,,1.0
15,hexane_gsolv_eV,97,0.9999998807907104,0.0,0.6720202762403438,0.6720202762403438,,,,1.0
15,hexane_gsolv_eV,98,0.9999998807907104,0.0,0.6720202762403438,0.6720202762403438,,,,1.0
15,hexane_gsolv_eV,99,0.9999998807907104,0.0,0.6720202762403438,0.6720202762403438,,,,1.0
15,hexane_gsolv_eV,100,0.9999998807907104,0.0,0.6720202762403438,0.6720202762403438,,,,1.0
15,hexane_gsolv_eV,101,0.9999998807907104,0.0,0.6720202762403438,0.6720202762403438,,,,1.0
15,hexane_gsolv_eV,102,0.9999998807907104,0.0,0.6720202762403438,0.6720202762403438,,,,1.0
15,hexane_gsolv_eV,103,0.9999998807907104,0.0,0.6720202762403438,0.6720202762403438,,,,1.0
15,hexane_gsolv_eV,104,0.9999998807907104,0.0,0.6720202762403438,0.6720202762403438,,,,1.0
15,hexane_gsolv_eV,105,0.9999998807907104,0.0,0.6720202762403438,0.6720202762403438,,,,1.0
15,hexane_gsolv_eV,106,0.9999998807907104,0.0,0.6720202762403438,0.6720202762403438,,,,1.0
15,hexane_gsolv_eV,107,0.9999998807907104,0.0,0.6720202762403438,0.6720202762403438,,,,1.0
15,hexane_gsolv_eV,108,0.9999998807907104,0.0,0.6720202762403438,0.6720202762403438,,,,1.0
15,hexane_gsolv_eV,109,0.9999998807907104,0.0,0.6720202762403438,0.6720202762403438,,,,1.0
15,hexane_gsolv_eV,110,0.9999998807907104,0.0,0.6720202762403438,0.6720202762403438,,,,1.0
15,hexane_gsolv_eV,111,0.9999998807907104,0.0,0.6720202762403438,0.6720202762403438,,,,1.0
15,hexane_gsolv_eV,112,0.9999998807907104,0.0,0.6720202762403438,0.6720202762403438,,,,1.0
15,hexane_gsolv_eV,113,0.9999998807907104,0.0,0.6720202762403438,0.6720202762403438,,,,1.0
15,hexane_gsolv_eV,114,0.9999998807907104,0.0,0.6720202762403438,0.6720202762403438,,,,1.0
15,hexane_gsolv_eV,115,0.9999998807907104,0.0,0.6720202762403438,0.6720202762403438,,,,1.0
15,hexane_gsolv_eV,116,0.9999998807907104,0.0,0.6720202762403438,0.6720202762403438,,,,1.0
15,hexane_gsolv_eV,117,0.9999998807907104,0.0,0.6720202762403438,0.6720202762403438,,,,1.0
15,hexane_gsolv_eV,118,0.9999998807907104,0.0,0.6720202762403438,0.6720202762403438,,,,1.0
15,hexane_gsolv_eV,119,0.9999998807907104,0.0,0.6720202762403438,0.6720202762403438,,,,1.0
15,hexane_gsolv_eV,120,0.9999998807907104,0.0,0.6720202762403438,0.6720202762403438,,,,1.0
15,hexane_gsolv_eV,121,0.9999998807907104,0.0,0.6720202762403438,0.6720202762403438,,,,1.0
15,hexane_gsolv_eV,122,0.9999998807907104,0.0,0.6720202762403438,0.6720202762403438,,,,1.0
15,hexane_gsolv_eV,123,0.9999998807907104,0.0,0.6720202762403438,0.6720202762403438,,,,1.0
15,hexane_gsolv_eV,124,0.9999998807907104,0.0,0.6720202762403438,0.6720202762403438,,,,1.0
15,hexane_gsolv_eV,125,0.9999998807907104,0.0,0.6720202762403438,0.6720202762403438,,,,1.0
15,hexane_gsolv_eV,126,0.9999998807907104,0.0,0.6720202762403438,0.6720202762403438,,,,1.0
15,hexane_gsolv_eV,127,0.9999998807907104,0.0,0.6720202762403438,0.6720202762403438,,,,1.0
15,hexane_gsolv_eV,128,0.9999998807907104,0.0,0.6720202762403438,0.6720202762403438,,,,1.0
15,hexane_gsolv_eV,129,0.9999998807907104,0.0,0.6720202762403438,0.6720202762403438,,,,1.0
15,hexane_gsolv_eV,130,0.9999998807907104,0.0,0.6720202762403438,0.6720202762403438,,,,1.0
15,hexane_gsolv_eV,131,0.9999998807907104,0.0,0.6720202762403438,0.6720202762403438,,,,1.0
15,hexane_gsolv_eV,132,0.9999998807907104,0.0,0.6720202762403438,0.6720202762403438,,,,1.0
15,hexane_gsolv_eV,133,0.9999998807907104,0.0,0.6720202762403438,0.6720202762403438,,,,1.0
15,hexane_gsolv_eV,134,0.9999998807907104,0.0,0.6720202762403438,0.6720202762403438,,,,1.0
15,hexane_gsolv_eV,135,0.9999998807907104,0.0,0.6720202762403438,0.6720202762403438,,,,1.0
15,hexane_gsolv_eV,136,0.9999998807907104,0.0,0.6720202762403438,0.6720202762403438,,,,1.0
15,hexane_gsolv_eV,137,0.9999998807907104,0.0,0.6720202762403438,0.6720202762403438,,,,1.0
15,hexane_gsolv_eV,138,0.9999998807907104,0.0,0.6720202762403438,0.6720202762403438,,,,1.0
15,hexane_gsolv_eV,139,0.9999998807907104,0.0,0.6720202762403438,0.6720202762403438,,,,1.0
15,hexane_gsolv_eV,140,0.9999998807907104,0.0,0.6720202762403438,0.6720202762403438,,,,1.0
15,hexane_gsolv_eV,141,0.9999998807907104,0.0,0.6720202762403438,0.6720202762403438,,,,1.0
15,hexane_gsolv_eV,142,0.9999998807907104,0.0,0.6720202762403438,0.6720202762403438,,,,1.0
15,hexane_gsolv_eV,143,0.9999998807907104,0.0,0.6720202762403438,0.6720202762403438,,,,1.0
15,hexane_gsolv_eV,144,0.9999998807907104,0.0,0.6720202762403438,0.6720202762403438,,,,1.0
15,hexane_gsolv_eV,145,0.9999998807907104,0.0,0.6720202762403438,0.6720202762403438,,,,1.0
15,hexane_gsolv_eV,146,0.9999998807907104,0.0,0.6720202762403438,0.6720202762403438,,,,1.0
15,hexane_gsolv_eV,147,0.9999998807907104,0.0,0.6720202762403438,0.6720202762403438,,,,1.0
15,hexane_gsolv_eV,148,0.9999998807907104,0.0,0.6720202762403438,0.6720202762403438,,,,1.0
15,hexane_gsolv_eV,149,0.9999998807907104,0.0,0.6720202762403438,0.6720202762403438,,,,1.0
15,hexane_gsolv_eV,150,0.9999998807907104,0.0,0.6720202762403438,0.6720202762403438,,,,1.0
15,hexane_gsolv_eV,151,0.9999998807907104,0.0,0.6720202762403438,0.6720202762403438,,,,1.0
15,hexane_gsolv_eV,152,0.9999998807907104,0.0,0.6720202762403438,0.6720202762403438,,,,1.0
15,hexane_gsolv_eV,153,0.9999998807907104,0.0,0.6720202762403438,0.6720202762403438,,,,1.0
15,hexane_gsolv_eV,154,0.9999998807907104,0.0,0.6720202762403438,0.6720202762403438,,,,1.0
15,hexane_gsolv_eV,155,0.9999998807907104,0.0,0.6720202762403438,0.6720202762403438,,,,1.0
15,hexane_gsolv_eV,156,0.9999998807907104,0.0,0.6720202762403438,0.6720202762403438,,,,1.0
15,hexane_gsolv_eV,157,0.9999998807907104,0.0,0.6720202762403438,0.6720202762403438,,,,1.0
15,hexane_gsolv_eV,158,0.9999998807907104,0.0,0.6720202762403438,0.6720202762403438,,,,1.0
15,hexane_gsolv_eV,159,0.9999998807907104,0.0,0.6720202762403438,0.6720202762403438,,,,1.0
15,hexane_gsolv_eV,160,0.9999998807907104,0.0,0.6720202762403438,0.6720202762403438,,,,1.0
15,hexane_gsolv_eV,161,0.9999998807907104,0.0,0.6720202762403438,0.6720202762403438,,,,1.0
15,hexane_gsolv_eV,162,0.9999998807907104,0.0,0.6720202762403438,0.6720202762403438,,,,1.0
15,hexane_gsolv_eV,163,0.9999998807907104,0.0,0.6720202762403438,0.6720202762403438,,,,1.0
15,hexane_gsolv_eV,164,0.9999998807907104,0.0,0.6720202762403438,0.6720202762403438,,,,1.0
15,hexane_gsolv_eV,165,0.9999998807907104,0.0,0.6720202762403438,0.6720202762403438,,,,1.0
15,hexane_gsolv_eV,166,0.9999998807907104,0.0,0.6720202762403438,0.6720202762403438,,,,1.0
15,hexane_gsolv_eV,167,0.9999998807907104,0.0,0.6720202762403438,0.6720202762403438,,,,1.0
15,hexane_gsolv_eV,168,0.9999998807907104,0.0,0.6720202762403438,0.6720202762403438,,,,1.0
15,hexane_gsolv_eV,169,0.9999998807907104,0.0,0.6720202762403438,0.6720202762403438,,,,1.0
15,hexane_gsolv_eV,170,0.9999998807907104,0.0,0.6720202762403438,0.6720202762403438,,,,1.0
15,hexane_gsolv_eV,171,0.9999998807907104,0.0,0.6720202762403438,0.6720202762403438,,,,1.0
15,hexane_gsolv_eV,172,0.9999998807907104,0.0,0.6720202762403438,0.6720202762403438,,,,1.0
15,hexane_gsolv_eV,173,0.9999998807907104,0.0,0.6720202762403438,0.6720202762403438,,,,1.0
15,hexane_gsolv_eV,174,0.9999998807907104,0.0,0.6720202762403438,0.6720202762403438,,,,1.0
15,hexane_gsolv_eV,175,0.9999998807907104,0.0,0.6720202762403438,0.6720202762403438,,,,1.0
15,hexane_gsolv_eV,176,0.9999998807907104,0.0,0.6720202762403438,0.6720202762403438,,,,1.0
15,hexane_gsolv_eV,177,0.9999998807907104,0.0,0.6720202762403438,0.6720202762403438,,,,1.0
15,hexane_gsolv_eV,178,0.9999998807907104,0.0,0.6720202762403438,0.6720202762403438,,,,1.0
15,hexane_gsolv_eV,179,0.9999998807907104,0.0,0.6720202762403438,0.6720202762403438,,,,1.0
15,hexane_gsolv_eV,180,0.9999998807907104,0.0,0.6720202762403438,0.6720202762403438,,,,1.0
15,hexane_gsolv_eV,181,0.9999998807907104,0.0,0.6720202762403438,0.6720202762403438,,,,1.0
15,hexane_gsolv_eV,182,0.9999998807907104,0.0,0.6720202762403438,0.6720202762403438,,,,1.0
15,hexane_gsolv_eV,183,0.9999998807907104,0.0,0.6720202762403438,0.6720202762403438,,,,1.0
15,hexane_gsolv_eV,184,0.9999998807907104,0.0,0.6720202762403438,0.6720202762403438,,,,1.0
15,hexane_gsolv_eV,185,0.9999998807907104,0.0,0.6720202762403438,0.6720202762403438,,,,1.0
15,hexane_gsolv_eV,186,0.9999998807907104,0.0,0.6720202762403438,0.6720202762403438,,,,1.0
15,hexane_gsolv_eV,187,0.9999998807907104,0.0,0.6720202762403438,0.6720202762403438,,,,1.0
15,hexane_gsolv_eV,188,0.9999998807907104,0.0,0.6720202762403438,0.6720202762403438,,,,1.0
15,hexane_gsolv_eV,189,0.9999998807907104,0.0,0.6720202762403438,0.6720202762403438,,,,1.0
15,hexane_gsolv_eV,190,0.9999998807907104,0.0,0.6720202762403438,0.6720202762403438,,,,1.0
15,hexane_gsolv_eV,191,0.9999998807907104,0.0,0.6720202762403438,0.6720202762403438,,,,1.0
15,hexane_gsolv_eV,192,0.9999998807907104,0.0,0.6720202762403438,0.6720202762403438,,,,1.0
15,hexane_gsolv_eV,193,0.9999998807907104,0.0,0.6720202762403438,0.6720202762403438,,,,1.0
15,hexane_gsolv_eV,194,0.9999998807907104,0.0,0.6720202762403438,0.6720202762403438,,,,1.0
15,hexane_gsolv_eV,195,0.9999998807907104,0.0,0.6720202762403438,0.6720202762403438,,,,1.0
15,hexane_gsolv_eV,196,0.9999998807907104,0.0,0.6720202762403438,0.6720202762403438,,,,1.0
15,hexane_gsolv_eV,197,0.9999998807907104,0.0,0.6720202762403438,0.6720202762403438,,,,1.0
15,hexane_gsolv_eV,198,0.9999998807907104,0.0,0.6720202762403438,0.6720202762403438,,,,1.0
15,hexane_gsolv_eV,199,0.9999998807907104,0.0,0.6720202762403438,0.6720202762403438,,,,1.0
15,hexane_gsolv_eV,200,0.9999998807907104,0.0,0.6720202762403438,0.6720202762403438,,,,1.0
15,hexane_gsolv_eV,201,0.9999998807907104,0.0,0.6720202762403438,0.6720202762403438,,,,1.0
15,hexane_gsolv_eV,202,0.9999998807907104,0.0,0.6720202762403438,0.6720202762403438,,,,1.0
15,hexane_gsolv_eV,203,0.9999998807907104,0.0,0.6720202762403438,0.6720202762403438,,,,1.0
15,hexane_gsolv_eV,204,0.9999998807907104,0.0,0.6720202762403438,0.6720202762403438,,,,1.0
15,hexane_gsolv_eV,205,0.9999998807907104,0.0,0.6720202762403438,0.6720202762403438,,,,1.0
15,hexane_gsolv_eV,206,0.9999998807907104,0.0,0.6720202762403438,0.6720202762403438,,,,1.0
15,hexane_gsolv_eV,207,0.9999998807907104,0.0,0.6720202762403438,0.6720202762403438,,,,1.0
15,hexane_gsolv_eV,208,0.9999998807907104,0.0,0.6720202762403438,0.6720202762403438,,,,1.0
15,hexane_gsolv_eV,209,0.9999998807907104,0.0,0.6720202762403438,0.6720202762403438,,,,1.0
15,hexane_gsolv_eV,210,0.9999998807907104,0.0,0.6720202762403438,0.6720202762403438,,,,1.0
15,hexane_gsolv_eV,211,0.9999998807907104,0.0,0.6720202762403438,0.6720202762403438,,,,1.0
15,hexane_gsolv_eV,212,0.9999998807907104,0.0,0.6720202762403438,0.6720202762403438,,,,1.0
15,hexane_gsolv_eV,213,0.9999998807907104,0.0,0.6720202762403438,0.6720202762403438,,,,1.0
15,hexane_gsolv_eV,214,0.9999998807907104,0.0,0.6720202762403438,0.6720202762403438,,,,1.0
15,hexane_gsolv_eV,215,0.9999998807907104,0.0,0.6720202762403438,0.6720202762403438,,,,1.0
15,hexane_gsolv_eV,216,0.9999998807907104,0.0,0.6720202762403438,0.6720202762403438,,,,1.0
15,hexane_gsolv_eV,217,0.9999998807907104,0.0,0.6720202762403438,0.6720202762403438,,,,1.0
15,hexane_gsolv_eV,218,0.9999998807907104,0.0,0.6720202762403438,0.6720202762403438,,,,1.0
15,hexane_gsolv_eV,219,0.9999998807907104,0.0,0.6720202762403438,0.6720202762403438,,,,1.0
15,hexane_gsolv_eV,220,0.9999998807907104,0.0,0.6720202762403438,0.6720202762403438,,,,1.0
15,hexane_gsolv_eV,221,0.9999998807907104,0.0,0.6720202762403438,0.6720202762403438,,,,1.0
15,hexane_gsolv_eV,222,0.9999998807907104,0.0,0.6720202762403438,0.6720202762403438,,,,1.0
15,hexane_gsolv_eV,223,0.9999998807907104,0.0,0.6720202762403438,0.6720202762403438,,,,1.0
15,hexane_gsolv_eV,224,0.9999998807907104,0.0,0.6720202762403438,0.6720202762403438,,,,1.0
15,hexane_gsolv_eV,225,0.9999998807907104,0.0,0.6720202762403438,0.6720202762403438,,,,1.0
15,hexane_gsolv_eV,226,0.9999998807907104,0.0,0.6720202762403438,0.6720202762403438,,,,1.0
15,hexane_gsolv_eV,227,0.9999998807907104,0.0,0.6720202762403438,0.6720202762403438,,,,1.0
15,hexane_gsolv_eV,228,0.9999998807907104,0.0,0.6720202762403438,0.6720202762403438,,,,1.0
15,hexane_gsolv_eV,229,0.9999998807907104,0.0,0.6720202762403438,0.6720202762403438,,,,1.0
15,hexane_gsolv_eV,230,0.9999998807907104,0.0,0.6720202762403438,0.6720202762403438,,,,1.0
15,hexane_gsolv_eV,231,0.9999998807907104,0.0,0.6720202762403438,0.6720202762403438,,,,1.0
15,hexane_gsolv_eV,232,0.9999998807907104,0.0,0.6720202762403438,0.6720202762403438,,,,1.0
15,hexane_gsolv_eV,233,0.9999998807907104,0.0,0.6720202762403438,0.6720202762403438,,,,1.0
15,hexane_gsolv_eV,234,0.9999998807907104,0.0,0.6720202762403438,0.6720202762403438,,,,1.0
15,hexane_gsolv_eV,235,0.9999998807907104,0.0,0.6720202762403438,0.6720202762403438,,,,1.0
15,hexane_gsolv_eV,236,0.9999998807907104,0.0,0.6720202762403438,0.6720202762403438,,,,1.0
15,hexane_gsolv_eV,237,0.9999998807907104,0.0,0.6720202762403438,0.6720202762403438,,,,1.0
15,hexane_gsolv_eV,238,0.9999998807907104,0.0,0.6720202762403438,0.6720202762403438,,,,1.0
15,hexane_gsolv_eV,239,0.9999998807907104,0.0,0.6720202762403438,0.6720202762403438,,,,1.0
15,hexane_gsolv_eV,240,0.9999998807907104,0.0,0.6720202762403438,0.6720202762403438,,,,1.0
15,hexane_gsolv_eV,241,0.9999998807907104,0.0,0.6720202762403438,0.6720202762403438,,,,1.0
15,hexane_gsolv_eV,242,0.9999998807907104,0.0,0.6720202762403438,0.6720202762403438,,,,1.0
15,hexane_gsolv_eV,243,0.9999998807907104,0.0,0.6720202762403438,0.6720202762403438,,,,1.0
15,hexane_gsolv_eV,244,0.9999998807907104,0.0,0.6720202762403438,0.6720202762403438,,,,1.0
15,hexane_gsolv_eV,245,0.9999998807907104,0.0,0.6720202762403438,0.6720202762403438,,,,1.0
15,hexane_gsolv_eV,246,0.9999998807907104,0.0,0.6720202762403438,0.6720202762403438,,,,1.0
15,hexane_gsolv_eV,247,0.9999998807907104,0.0,0.6720202762403438,0.6720202762403438,,,,1.0
15,hexane_gsolv_eV,248,0.9999998807907104,0.0,0.6720202762403438,0.6720202762403438,,,,1.0
15,hexane_gsolv_eV,249,0.9999998807907104,0.0,0.6720202762403438,0.6720202762403438,,,,1.0
15,hexane_hl_gap_eV,0,1.0,0.0,0.7012150896039457,0.7012150896039457,,,,1.0
15,hexane_hl_gap_eV,1,1.0,0.0,0.7012150896039457,0.7012150896039457,,,,1.0
15,hexane_hl_gap_eV,2,1.0,0.0,0.7012150896039457,0.7012150896039457,,,,1.0
15,hexane_hl_gap_eV,3,1.0,0.0,0.7012150896039457,0.7012150896039457,,,,1.0
15,hexane_hl_gap_eV,4,1.0,0.0,0.7012150896039457,0.7012150896039457,,,,1.0
15,hexane_hl_gap_eV,5,1.0,0.0,0.7012150896039457,0.7012150896039457,,,,1.0
15,hexane_hl_gap_eV,6,1.0,0.0,0.7012150896039457,0.7012150896039457,,,,1.0
15,hexane_hl_gap_eV,7,1.0,0.0,0.7012150896039457,0.7012150896039457,,,,1.0
15,hexane_hl_gap_eV,8,1.0,0.0,0.7012150896039457,0.7012150896039457,,,,1.0
15,hexane_hl_gap_eV,9,1.0,0.0,0.7012150896039457,0.7012150896039457,,,,1.0
15,hexane_hl_gap_eV,10,1.0,0.0,0.7012150896039457,0.7012150896039457,,,,1.0
15,hexane_hl_gap_eV,11,1.0,0.0,0.7012150896039457,0.7012150896039457,,,,1.0
15,hexane_hl_gap_eV,12,1.0,0.0,0.7012150896039457,0.7012150896039457,,,,1.0
15,hexane_hl_gap_eV,13,1.0,0.0,0.7012150896039457,0.7012150896039457,,,,1.0
15,hexane_hl_gap_eV,14,1.0,0.0,0.7012150896039457,0.7012150896039457,,,,1.0
15,hexane_hl_gap_eV,15,1.0,0.0,0.7012150896039457,0.7012150896039457,,,,1.0
15,hexane_hl_gap_eV,16,1.0,0.0,0.7012150896039457,0.7012150896039457,,,,1.0
15,hexane_hl_gap_eV,17,1.0,0.0,0.7012150896039457,0.7012150896039457,,,,1.0
15,hexane_hl_gap_eV,18,1.0,0.0,0.7012150896039457,0.7012150896039457,,,,1.0
15,hexane_hl_gap_eV,19,1.0,0.0,0.7012150896039457,0.7012150896039457,,,,1.0
15,hexane_hl_gap_eV,20,1.0,0.0,0.7012150896039457,0.7012150896039457,,,,1.0
15,hexane_hl_gap_eV,21,1.0,0.0,0.7012150896039457,0.7012150896039457,,,,1.0
15,hexane_hl_gap_eV,22,1.0,0.0,0.7012150896039457,0.7012150896039457,,,,1.0
15,hexane_hl_gap_eV,23,1.0,0.0,0.7012150896039457,0.7012150896039457,,,,1.0
15,hexane_hl_gap_eV,24,1.0,0.0,0.7012150896039457,0.7012150896039457,,,,1.0
15,hexane_hl_gap_eV,25,1.0,0.0,0.7012150896039457,0.7012150896039457,,,,1.0
15,hexane_hl_gap_eV,26,1.0,0.0,0.7012150896039457,0.7012150896039457,,,,1.0
15,hexane_hl_gap_eV,27,1.0,0.0,0.7012150896039457,0.7012150896039457,,,,1.0
15,hexane_hl_gap_eV,28,1.0,0.0,0.7012150896039457,0.7012150896039457,,,,1.0
15,hexane_hl_gap_eV,29,1.0,0.0,0.7012150896039457,0.7012150896039457,,,,1.0
15,hexane_hl_gap_eV,30,1.0,0.0,0.7012150896039457,0.7012150896039457,,,,1.0
15,hexane_hl_gap_eV,31,1.0,0.0,0.7012150896039457,0.7012150896039457,,,,1.0
15,hexane_hl_gap_eV,32,1.0,0.0,0.7012150896039457,0.7012150896039457,,,,1.0
15,hexane_hl_gap_eV,33,1.0,0.0,0.7012150896039457,0.7012150896039457,,,,1.0
15,hexane_hl_gap_eV,34,1.0,0.0,0.7012150896039457,0.7012150896039457,,,,1.0
15,hexane_hl_gap_eV,35,1.0,0.0,0.7012150896039457,0.7012150896039457,,,,1.0
15,hexane_hl_gap_eV,36,1.0,0.0,0.7012150896039457,0.7012150896039457,,,,1.0
15,hexane_hl_gap_eV,37,1.0,0.0,0.7012150896039457,0.7012150896039457,,,,1.0
15,hexane_hl_gap_eV,38,1.0,0.0,0.7012150896039457,0.7012150896039457,,,,1.0
15,hexane_hl_gap_eV,39,1.0,0.0,0.7012150896039457,0.7012150896039457,,,,1.0
15,hexane_hl_gap_eV,40,1.0,0.0,0.7012150896039457,0.7012150896039457,,,,1.0
15,hexane_hl_gap_eV,41,1.0,0.0,0.7012150896039457,0.7012150896039457,,,,1.0
15,hexane_hl_gap_eV,42,1.0,0.0,0.7012150896039457,0.7012150896039457,,,,1.0
15,hexane_hl_gap_eV,43,1.0,0.0,0.7012150896039457,0.7012150896039457,,,,1.0
15,hexane_hl_gap_eV,44,1.0,0.0,0.7012150896039457,0.7012150896039457,,,,1.0
15,hexane_hl_gap_eV,45,1.0,0.0,0.7012150896039457,0.7012150896039457,,,,1.0
15,hexane_hl_gap_eV,46,1.0,0.0,0.7012150896039457,0.7012150896039457,,,,1.0
15,hexane_hl_gap_eV,47,1.0,0.0,0.7012150896039457,0.7012150896039457,,,,1.0
15,hexane_hl_gap_eV,48,1.0,0.0,0.7012150896039457,0.7012150896039457,,,,1.0
15,hexane_hl_gap_eV,49,1.0,0.0,0.7012150896039457,0.7012150896039457,,,,1.0
15,hexane_hl_gap_eV,50,1.0,0.0,0.7012150896039457,0.7012150896039457,,,,1.0
15,hexane_hl_gap_eV,51,1.0,0.0,0.7012150896039457,0.7012150896039457,,,,1.0
15,hexane_hl_gap_eV,52,1.0,0.0,0.7012150896039457,0.7012150896039457,,,,1.0
15,hexane_hl_gap_eV,53,1.0,0.0,0.7012150896039457,0.7012150896039457,,,,1.0
15,hexane_hl_gap_eV,54,1.0,0.0,0.7012150896039457,0.7012150896039457,,,,1.0
15,hexane_hl_gap_eV,55,1.0,0.0,0.7012150896039457,0.7012150896039457,,,,1.0
15,hexane_hl_gap_eV,56,1.0,0.0,0.7012150896039457,0.7012150896039457,,,,1.0
15,hexane_hl_gap_eV,57,1.0,0.0,0.7012150896039457,0.7012150896039457,,,,1.0
15,hexane_hl_gap_eV,58,1.0,0.0,0.7012150896039457,0.7012150896039457,,,,1.0
15,hexane_hl_gap_eV,59,1.0,0.0,0.7012150896039457,0.7012150896039457,,,,1.0
15,hexane_hl_gap_eV,60,1.0,0.0,0.7012150896039457,0.7012150896039457,,,,1.0
15,hexane_hl_gap_eV,61,1.0,0.0,0.7012150896039457,0.7012150896039457,,,,1.0
15,hexane_hl_gap_eV,62,1.0,0.0,0.7012150896039457,0.7012150896039457,,,,1.0
15,hexane_hl_gap_eV,63,1.0,0.0,0.7012150896039457,0.7012150896039457,,,,1.0
15,hexane_hl_gap_eV,64,1.0,0.0,0.7012150896039457,0.7012150896039457,,,,1.0
15,hexane_hl_gap_eV,65,1.0,0.0,0.7012150896039457,0.7012150896039457,,,,1.0
15,hexane_hl_gap_eV,66,1.0,0.0,0.7012150896039457,0.7012150896039457,,,,1.0
15,hexane_hl_gap_eV,67,1.0,0.0,0.7012150896039457,0.7012150896039457,,,,1.0
15,hexane_hl_gap_eV,68,1.0,0.0,0.7012150896039457,0.7012150896039457,,,,1.0
15,hexane_hl_gap_eV,69,1.0,0.0,0.7012150896039457,0.7012150896039457,,,,1.0
15,hexane_hl_gap_eV,70,1.0,0.0,0.7012150896039457,0.7012150896039457,,,,1.0
15,hexane_hl_gap_eV,71,1.0,0.0,0.7012150896039457,0.7012150896039457,,,,1.0
15,hexane_hl_gap_eV,72,1.0,0.0,0.7012150896039457,0.7012150896039457,,,,1.0
15,hexane_hl_gap_eV,73,1.0,0.0,0.7012150896039457,0.7012150896039457,,,,1.0
15,hexane_hl_gap_eV,74,1.0,0.0,0.7012150896039457,0.7012150896039457,,,,1.0
15,hexane_hl_gap_eV,75,1.0,0.0,0.7012150896039457,0.7012150896039457,,,,1.0
15,hexane_hl_gap_eV,76,1.0,0.0,0.7012150896039457,0.7012150896039457,,,,1.0
15,hexane_hl_gap_eV,77,1.0,0.0,0.7012150896039457,0.7012150896039457,,,,1.0
15,hexane_hl_gap_eV,78,1.0,0.0,0.7012150896039457,0.7012150896039457,,,,1.0
15,hexane_hl_gap_eV,79,1.0,0.0,0.7012150896039457,0.7012150896039457,,,,1.0
15,hexane_hl_gap_eV,80,1.0,0.0,0.7012150896039457,0.7012150896039457,,,,1.0
15,hexane_hl_gap_eV,81,1.0,0.0,0.7012150896039457,0.7012150896039457,,,,1.0
15,hexane_hl_gap_eV,82,1.0,0.0,0.7012150896039457,0.7012150896039457,,,,1.0
15,hexane_hl_gap_eV,83,1.0,0.0,0.7012150896039457,0.7012150896039457,,,,1.0
15,hexane_hl_gap_eV,84,1.0,0.0,0.7012150896039457,0.7012150896039457,,,,1.0
15,hexane_hl_gap_eV,85,1.0,0.0,0.7012150896039457,0.7012150896039457,,,,1.0
15,hexane_hl_gap_eV,86,1.0,0.0,0.7012150896039457,0.7012150896039457,,,,1.0
15,hexane_hl_gap_eV,87,1.0,0.0,0.7012150896039457,0.7012150896039457,,,,1.0
15,hexane_hl_gap_eV,88,1.0,0.0,0.7012150896039457,0.7012150896039457,,,,1.0
15,hexane_hl_gap_eV,89,1.0,0.0,0.7012150896039457,0.7012150896039457,,,,1.0
15,hexane_hl_gap_eV,90,1.0,0.0,0.7012150896039457,0.7012150896039457,,,,1.0
15,hexane_hl_gap_eV,91,1.0,0.0,0.7012150896039457,0.7012150896039457,,,,1.0
15,hexane_hl_gap_eV,92,1.0,0.0,0.7012150896039457,0.7012150896039457,,,,1.0
15,hexane_hl_gap_eV,93,1.0,0.0,0.7012150896039457,0.7012150896039457,,,,1.0
15,hexane_hl_gap_eV,94,1.0,0.0,0.7012150896039457,0.7012150896039457,,,,1.0
15,hexane_hl_gap_eV,95,1.0,0.0,0.7012150896039457,0.7012150896039457,,,,1.0
15,hexane_hl_gap_eV,96,1.0,0.0,0.7012150896039457,0.7012150896039457,,,,1.0
15,hexane_hl_gap_eV,97,1.0,0.0,0.7012150896039457,0.7012150896039457,,,,1.0
15,hexane_hl_gap_eV,98,1.0,0.0,0.7012150896039457,0.7012150896039457,,,,1.0
15,hexane_hl_gap_eV,99,1.0,0.0,0.7012150896039457,0.7012150896039457,,,,1.0
15,hexane_hl_gap_eV,100,1.0,0.0,0.7012150896039457,0.7012150896039457,,,,1.0
15,hexane_hl_gap_eV,101,1.0,0.0,0.7012150896039457,0.7012150896039457,,,,1.0
15,hexane_hl_gap_eV,102,1.0,0.0,0.7012150896039457,0.7012150896039457,,,,1.0
15,hexane_hl_gap_eV,103,1.0,0.0,0.7012150896039457,0.7012150896039457,,,,1.0
15,hexane_hl_gap_eV,104,1.0,0.0,0.7012150896039457,0.7012150896039457,,,,1.0
15,hexane_hl_gap_eV,105,1.0,0.0,0.7012150896039457,0.7012150896039457,,,,1.0
15,hexane_hl_gap_eV,106,1.0,0.0,0.7012150896039457,0.7012150896039457,,,,1.0
15,hexane_hl_gap_eV,107,1.0,0.0,0.7012150896039457,0.7012150896039457,,,,1.0
15,hexane_hl_gap_eV,108,1.0,0.0,0.7012150896039457,0.7012150896039457,,,,1.0
15,hexane_hl_gap_eV,109,1.0,0.0,0.7012150896039457,0.7012150896039457,,,,1.0
15,hexane_hl_gap_eV,110,1.0,0.0,0.7012150896039457,0.7012150896039457,,,,1.0
15,hexane_hl_gap_eV,111,1.0,0.0,0.7012150896039457,0.7012150896039457,,,,1.0
15,hexane_hl_gap_eV,112,1.0,0.0,0.7012150896039457,0.7012150896039457,,,,1.0
15,hexane_hl_gap_eV,113,1.0,0.0,0.7012150896039457,0.7012150896039457,,,,1.0
15,hexane_hl_gap_eV,114,1.0,0.0,0.7012150896039457,0.7012150896039457,,,,1.0
15,hexane_hl_gap_eV,115,1.0,0.0,0.7012150896039457,0.7012150896039457,,,,1.0
15,hexane_hl_gap_eV,116,1.0,0.0,0.7012150896039457,0.7012150896039457,,,,1.0
15,hexane_hl_gap_eV,117,1.0,0.0,0.7012150896039457,0.7012150896039457,,,,1.0
15,hexane_hl_gap_eV,118,1.0,0.0,0.7012150896039457,0.7012150896039457,,,,1.0
15,hexane_hl_gap_eV,119,1.0,0.0,0.7012150896039457,0.7012150896039457,,,,1.0
15,hexane_hl_gap_eV,120,1.0,0.0,0.7012150896039457,0.7012150896039457,,,,1.0
15,hexane_hl_gap_eV,121,1.0,0.0,0.7012150896039457,0.7012150896039457,,,,1.0
15,hexane_hl_gap_eV,122,1.0,0.0,0.7012150896039457,0.7012150896039457,,,,1.0
15,hexane_hl_gap_eV,123,1.0,0.0,0.7012150896039457,0.7012150896039457,,,,1.0
15,hexane_hl_gap_eV,124,1.0,0.0,0.7012150896039457,0.7012150896039457,,,,1.0
15,hexane_hl_gap_eV,125,1.0,0.0,0.7012150896039457,0.7012150896039457,,,,1.0
15,hexane_hl_gap_eV,126,1.0,0.0,0.7012150896039457,0.7012150896039457,,,,1.0
15,hexane_hl_gap_eV,127,1.0,0.0,0.7012150896039457,0.7012150896039457,,,,1.0
15,hexane_hl_gap_eV,128,1.0,0.0,0.7012150896039457,0.7012150896039457,,,,1.0
15,hexane_hl_gap_eV,129,1.0,0.0,0.7012150896039457,0.7012150896039457,,,,1.0
15,hexane_hl_gap_eV,130,1.0,0.0,0.7012150896039457,0.7012150896039457,,,,1.0
15,hexane_hl_gap_eV,131,1.0,0.0,0.7012150896039457,0.7012150896039457,,,,1.0
15,hexane_hl_gap_eV,132,1.0,0.0,0.7012150896039457,0.7012150896039457,,,,1.0
15,hexane_hl_gap_eV,133,1.0,0.0,0.7012150896039457,0.7012150896039457,,,,1.0
15,hexane_hl_gap_eV,134,1.0,0.0,0.7012150896039457,0.7012150896039457,,,,1.0
15,hexane_hl_gap_eV,135,1.0,0.0,0.7012150896039457,0.7012150896039457,,,,1.0
15,hexane_hl_gap_eV,136,1.0,0.0,0.7012150896039457,0.7012150896039457,,,,1.0
15,hexane_hl_gap_eV,137,1.0,0.0,0.7012150896039457,0.7012150896039457,,,,1.0
15,hexane_hl_gap_eV,138,1.0,0.0,0.7012150896039457,0.7012150896039457,,,,1.0
15,hexane_hl_gap_eV,139,1.0,0.0,0.7012150896039457,0.7012150896039457,,,,1.0
15,hexane_hl_gap_eV,140,1.0,0.0,0.7012150896039457,0.7012150896039457,,,,1.0
15,hexane_hl_gap_eV,141,1.0,0.0,0.7012150896039457,0.7012150896039457,,,,1.0
15,hexane_hl_gap_eV,142,1.0,0.0,0.7012150896039457,0.7012150896039457,,,,1.0
15,hexane_hl_gap_eV,143,1.0,0.0,0.7012150896039457,0.7012150896039457,,,,1.0
15,hexane_hl_gap_eV,144,1.0,0.0,0.7012150896039457,0.7012150896039457,,,,1.0
15,hexane_hl_gap_eV,145,1.0,0.0,0.7012150896039457,0.7012150896039457,,,,1.0
15,hexane_hl_gap_eV,146,1.0,0.0,0.7012150896039457,0.7012150896039457,,,,1.0
15,hexane_hl_gap_eV,147,1.0,0.0,0.7012150896039457,0.7012150896039457,,,,1.0
15,hexane_hl_gap_eV,148,1.0,0.0,0.7012150896039457,0.7012150896039457,,,,1.0
15,hexane_hl_gap_eV,149,1.0,0.0,0.7012150896039457,0.7012150896039457,,,,1.0
15,hexane_hl_gap_eV,150,1.0,0.0,0.7012150896039457,0.7012150896039457,,,,1.0
15,hexane_hl_gap_eV,151,1.0,0.0,0.7012150896039457,0.7012150896039457,,,,1.0
15,hexane_hl_gap_eV,152,1.0,0.0,0.7012150896039457,0.7012150896039457,,,,1.0
15,hexane_hl_gap_eV,153,1.0,0.0,0.7012150896039457,0.7012150896039457,,,,1.0
15,hexane_hl_gap_eV,154,1.0,0.0,0.7012150896039457,0.7012150896039457,,,,1.0
15,hexane_hl_gap_eV,155,1.0,0.0,0.7012150896039457,0.7012150896039457,,,,1.0
15,hexane_hl_gap_eV,156,1.0,0.0,0.7012150896039457,0.7012150896039457,,,,1.0
15,hexane_hl_gap_eV,157,1.0,0.0,0.7012150896039457,0.7012150896039457,,,,1.0
15,hexane_hl_gap_eV,158,1.0,0.0,0.7012150896039457,0.7012150896039457,,,,1.0
15,hexane_hl_gap_eV,159,1.0,0.0,0.7012150896039457,0.7012150896039457,,,,1.0
15,hexane_hl_gap_eV,160,1.0,0.0,0.7012150896039457,0.7012150896039457,,,,1.0
15,hexane_hl_gap_eV,161,1.0,0.0,0.7012150896039457,0.7012150896039457,,,,1.0
15,hexane_hl_gap_eV,162,1.0,0.0,0.7012150896039457,0.7012150896039457,,,,1.0
15,hexane_hl_gap_eV,163,1.0,0.0,0.7012150896039457,0.7012150896039457,,,,1.0
15,hexane_hl_gap_eV,164,1.0,0.0,0.7012150896039457,0.7012150896039457,,,,1.0
15,hexane_hl_gap_eV,165,1.0,0.0,0.7012150896039457,0.7012150896039457,,,,1.0
15,hexane_hl_gap_eV,166,1.0,0.0,0.7012150896039457,0.7012150896039457,,,,1.0
15,hexane_hl_gap_eV,167,1.0,0.0,0.7012150896039457,0.7012150896039457,,,,1.0
15,hexane_hl_gap_eV,168,1.0,0.0,0.7012150896039457,0.7012150896039457,,,,1.0
15,hexane_hl_gap_eV,169,1.0,0.0,0.7012150896039457,0.7012150896039457,,,,1.0
15,hexane_hl_gap_eV,170,1.0,0.0,0.7012150896039457,0.7012150896039457,,,,1.0
15,hexane_hl_gap_eV,171,1.0,0.0,0.7012150896039457,0.7012150896039457,,,,1.0
15,hexane_hl_gap_eV,172,1.0,0.0,0.7012150896039457,0.7012150896039457,,,,1.0
15,hexane_hl_gap_eV,173,1.0,0.0,0.7012150896039457,0.7012150896039457,,,,1.0
15,hexane_hl_gap_eV,174,1.0,0.0,0.7012150896039457,0.7012150896039457,,,,1.0
15,hexane_hl_gap_eV,175,1.0,0.0,0.7012150896039457,0.7012150896039457,,,,1.0
15,hexane_hl_gap_eV,176,1.0,0.0,0.7012150896039457,0.7012150896039457,,,,1.0
15,hexane_hl_gap_eV,177,1.0,0.0,0.7012150896039457,0.7012150896039457,,,,1.0
15,hexane_hl_gap_eV,178,1.0,0.0,0.7012150896039457,0.7012150896039457,,,,1.0
15,hexane_hl_gap_eV,179,1.0,0.0,0.7012150896039457,0.7012150896039457,,,,1.0
15,hexane_hl_gap_eV,180,1.0,0.0,0.7012150896039457,0.7012150896039457,,,,1.0
15,hexane_hl_gap_eV,181,1.0,0.0,0.7012150896039457,0.7012150896039457,,,,1.0
15,hexane_hl_gap_eV,182,1.0,0.0,0.7012150896039457,0.7012150896039457,,,,1.0
15,hexane_hl_gap_eV,183,1.0,0.0,0.7012150896039457,0.7012150896039457,,,,1.0
15,hexane_hl_gap_eV,184,1.0,0.0,0.7012150896039457,0.7012150896039457,,,,1.0
15,hexane_hl_gap_eV,185,1.0,0.0,0.7012150896039457,0.7012150896039457,,,,1.0
15,hexane_hl_gap_eV,186,1.0,0.0,0.7012150896039457,0.7012150896039457,,,,1.0
15,hexane_hl_gap_eV,187,1.0,0.0,0.7012150896039457,0.7012150896039457,,,,1.0
15,hexane_hl_gap_eV,188,1.0,0.0,0.7012150896039457,0.7012150896039457,,,,1.0
15,hexane_hl_gap_eV,189,1.0,0.0,0.7012150896039457,0.7012150896039457,,,,1.0
15,hexane_hl_gap_eV,190,1.0,0.0,0.7012150896039457,0.7012150896039457,,,,1.0
15,hexane_hl_gap_eV,191,1.0,0.0,0.7012150896039457,0.7012150896039457,,,,1.0
15,hexane_hl_gap_eV,192,1.0,0.0,0.7012150896039457,0.7012150896039457,,,,1.0
15,hexane_hl_gap_eV,193,1.0,0.0,0.7012150896039457,0.7012150896039457,,,,1.0
15,hexane_hl_gap_eV,194,1.0,0.0,0.7012150896039457,0.7012150896039457,,,,1.0
15,hexane_hl_gap_eV,195,1.0,0.0,0.7012150896039457,0.7012150896039457,,,,1.0
15,hexane_hl_gap_eV,196,1.0,0.0,0.7012150896039457,0.7012150896039457,,,,1.0
15,hexane_hl_gap_eV,197,1.0,0.0,0.7012150896039457,0.7012150896039457,,,,1.0
15,hexane_hl_gap_eV,198,1.0,0.0,0.7012150896039457,0.7012150896039457,,,,1.0
15,hexane_hl_gap_eV,199,1.0,0.0,0.7012150896039457,0.7012150896039457,,,,1.0
15,hexane_hl_gap_eV,200,1.0,0.0,0.7012150896039457,0.7012150896039457,,,,1.0
15,hexane_hl_gap_eV,201,1.0,0.0,0.7012150896039457,0.7012150896039457,,,,1.0
15,hexane_hl_gap_eV,202,1.0,0.0,0.7012150896039457,0.7012150896039457,,,,1.0
15,hexane_hl_gap_eV,203,1.0,0.0,0.7012150896039457,0.7012150896039457,,,,1.0
15,hexane_hl_gap_eV,204,1.0,0.0,0.7012150896039457,0.7012150896039457,,,,1.0
15,hexane_hl_gap_eV,205,1.0,0.0,0.7012150896039457,0.7012150896039457,,,,1.0
15,hexane_hl_gap_eV,206,1.0,0.0,0.7012150896039457,0.7012150896039457,,,,1.0
15,hexane_hl_gap_eV,207,1.0,0.0,0.7012150896039457,0.7012150896039457,,,,1.0
15,hexane_hl_gap_eV,208,1.0,0.0,0.7012150896039457,0.7012150896039457,,,,1.0
15,hexane_hl_gap_eV,209,1.0,0.0,0.7012150896039457,0.7012150896039457,,,,1.0
15,hexane_hl_gap_eV,210,1.0,0.0,0.7012150896039457,0.7012150896039457,,,,1.0
15,hexane_hl_gap_eV,211,1.0,0.0,0.7012150896039457,0.7012150896039457,,,,1.0
15,hexane_hl_gap_eV,212,1.0,0.0,0.7012150896039457,0.7012150896039457,,,,1.0
15,hexane_hl_gap_eV,213,1.0,0.0,0.7012150896039457,0.7012150896039457,,,,1.0
15,hexane_hl_gap_eV,214,1.0,0.0,0.7012150896039457,0.7012150896039457,,,,1.0
15,hexane_hl_gap_eV,215,1.0,0.0,0.7012150896039457,0.7012150896039457,,,,1.0
15,hexane_hl_gap_eV,216,1.0,0.0,0.7012150896039457,0.7012150896039457,,,,1.0
15,hexane_hl_gap_eV,217,1.0,0.0,0.7012150896039457,0.7012150896039457,,,,1.0
15,hexane_hl_gap_eV,218,1.0,0.0,0.7012150896039457,0.7012150896039457,,,,1.0
15,hexane_hl_gap_eV,219,1.0,0.0,0.7012150896039457,0.7012150896039457,,,,1.0
15,hexane_hl_gap_eV,220,1.0,0.0,0.7012150896039457,0.7012150896039457,,,,1.0
15,hexane_hl_gap_eV,221,1.0,0.0,0.7012150896039457,0.7012150896039457,,,,1.0
15,hexane_hl_gap_eV,222,1.0,0.0,0.7012150896039457,0.7012150896039457,,,,1.0
15,hexane_hl_gap_eV,223,1.0,0.0,0.7012150896039457,0.7012150896039457,,,,1.0
15,hexane_hl_gap_eV,224,1.0,0.0,0.7012150896039457,0.7012150896039457,,,,1.0
15,hexane_hl_gap_eV,225,1.0,0.0,0.7012150896039457,0.7012150896039457,,,,1.0
15,hexane_hl_gap_eV,226,1.0,0.0,0.7012150896039457,0.7012150896039457,,,,1.0
15,hexane_hl_gap_eV,227,1.0,0.0,0.7012150896039457,0.7012150896039457,,,,1.0
15,hexane_hl_gap_eV,228,1.0,0.0,0.7012150896039457,0.7012150896039457,,,,1.0
15,hexane_hl_gap_eV,229,1.0,0.0,0.7012150896039457,0.7012150896039457,,,,1.0
15,hexane_hl_gap_eV,230,1.0,0.0,0.7012150896039457,0.7012150896039457,,,,1.0
15,hexane_hl_gap_eV,231,1.0,0.0,0.7012150896039457,0.7012150896039457,,,,1.0
15,hexane_hl_gap_eV,232,1.0,0.0,0.7012150896039457,0.7012150896039457,,,,1.0
15,hexane_hl_gap_eV,233,1.0,0.0,0.7012150896039457,0.7012150896039457,,,,1.0
15,hexane_hl_gap_eV,234,1.0,0.0,0.7012150896039457,0.7012150896039457,,,,1.0
15,hexane_hl_gap_eV,235,1.0,0.0,0.7012150896039457,0.7012150896039457,,,,1.0
15,hexane_hl_gap_eV,236,1.0,0.0,0.7012150896039457,0.7012150896039457,,,,1.0
15,hexane_hl_gap_eV,237,1.0,0.0,0.7012150896039457,0.7012150896039457,,,,1.0
15,hexane_hl_gap_eV,238,1.0,0.0,0.7012150896039457,0.7012150896039457,,,,1.0
15,hexane_hl_gap_eV,239,1.0,0.0,0.7012150896039457,0.7012150896039457,,,,1.0
15,hexane_hl_gap_eV,240,1.0,0.0,0.7012150896039457,0.7012150896039457,,,,1.0
15,hexane_hl_gap_eV,241,1.0,0.0,0.7012150896039457,0.7012150896039457,,,,1.0
15,hexane_hl_gap_eV,242,1.0,0.0,0.7012150896039457,0.7012150896039457,,,,1.0
15,hexane_hl_gap_eV,243,1.0,0.0,0.7012150896039457,0.7012150896039457,,,,1.0
15,hexane_hl_gap_eV,244,1.0,0.0,0.7012150896039457,0.7012150896039457,,,,1.0
15,hexane_hl_gap_eV,245,1.0,0.0,0.7012150896039457,0.7012150896039457,,,,1.0
15,hexane_hl_gap_eV,246,1.0,0.0,0.7012150896039457,0.7012150896039457,,,,1.0
15,hexane_hl_gap_eV,247,1.0,0.0,0.7012150896039457,0.7012150896039457,,,,1.0
15,hexane_hl_gap_eV,248,1.0,0.0,0.7012150896039457,0.7012150896039457,,,,1.0
15,hexane_hl_gap_eV,249,1.0,0.0,0.7012150896039457,0.7012150896039457,,,,1.0
15,hexane_dipole,0,1.0000001192092896,0.0,0.6138359798521171,0.6138359798521171,,,,1.0
15,hexane_dipole,1,1.0000001192092896,0.0,0.6138359798521171,0.6138359798521171,,,,1.0
15,hexane_dipole,2,1.0000001192092896,0.0,0.6138359798521171,0.6138359798521171,,,,1.0
15,hexane_dipole,3,1.0000001192092896,0.0,0.6138359798521171,0.6138359798521171,,,,1.0
15,hexane_dipole,4,1.0000001192092896,0.0,0.6138359798521171,0.6138359798521171,,,,1.0
15,hexane_dipole,5,1.0000001192092896,0.0,0.6138359798521171,0.6138359798521171,,,,1.0
15,hexane_dipole,6,1.0000001192092896,0.0,0.6138359798521171,0.6138359798521171,,,,1.0
15,hexane_dipole,7,1.0000001192092896,0.0,0.6138359798521171,0.6138359798521171,,,,1.0
15,hexane_dipole,8,1.0000001192092896,0.0,0.6138359798521171,0.6138359798521171,,,,1.0
15,hexane_dipole,9,1.0000001192092896,0.0,0.6138359798521171,0.6138359798521171,,,,1.0
15,hexane_dipole,10,1.0000001192092896,0.0,0.6138359798521171,0.6138359798521171,,,,1.0
15,hexane_dipole,11,1.0000001192092896,0.0,0.6138359798521171,0.6138359798521171,,,,1.0
15,hexane_dipole,12,1.0000001192092896,0.0,0.6138359798521171,0.6138359798521171,,,,1.0
15,hexane_dipole,13,1.0000001192092896,0.0,0.6138359798521171,0.6138359798521171,,,,1.0
15,hexane_dipole,14,1.0000001192092896,0.0,0.6138359798521171,0.6138359798521171,,,,1.0
15,hexane_dipole,15,1.0000001192092896,0.0,0.6138359798521171,0.6138359798521171,,,,1.0
15,hexane_dipole,16,1.0000001192092896,0.0,0.6138359798521171,0.6138359798521171,,,,1.0
15,hexane_dipole,17,1.0000001192092896,0.0,0.6138359798521171,0.6138359798521171,,,,1.0
15,hexane_dipole,18,1.0000001192092896,0.0,0.6138359798521171,0.6138359798521171,,,,1.0
15,hexane_dipole,19,1.0000001192092896,0.0,0.6138359798521171,0.6138359798521171,,,,1.0
15,hexane_dipole,20,1.0000001192092896,0.0,0.6138359798521171,0.6138359798521171,,,,1.0
15,hexane_dipole,21,1.0000001192092896,0.0,0.6138359798521171,0.6138359798521171,,,,1.0
15,hexane_dipole,22,1.0000001192092896,0.0,0.6138359798521171,0.6138359798521171,,,,1.0
15,hexane_dipole,23,1.0000001192092896,0.0,0.6138359798521171,0.6138359798521171,,,,1.0
15,hexane_dipole,24,1.0000001192092896,0.0,0.6138359798521171,0.6138359798521171,,,,1.0
15,hexane_dipole,25,1.0000001192092896,0.0,0.6138359798521171,0.6138359798521171,,,,1.0
15,hexane_dipole,26,1.0000001192092896,0.0,0.6138359798521171,0.6138359798521171,,,,1.0
15,hexane_dipole,27,1.0000001192092896,0.0,0.6138359798521171,0.6138359798521171,,,,1.0
15,hexane_dipole,28,1.0000001192092896,0.0,0.6138359798521171,0.6138359798521171,,,,1.0
15,hexane_dipole,29,1.0000001192092896,0.0,0.6138359798521171,0.6138359798521171,,,,1.0
15,hexane_dipole,30,1.0000001192092896,0.0,0.6138359798521171,0.6138359798521171,,,,1.0
15,hexane_dipole,31,1.0000001192092896,0.0,0.6138359798521171,0.6138359798521171,,,,1.0
15,hexane_dipole,32,1.0000001192092896,0.0,0.6138359798521171,0.6138359798521171,,,,1.0
15,hexane_dipole,33,1.0000001192092896,0.0,0.6138359798521171,0.6138359798521171,,,,1.0
15,hexane_dipole,34,1.0000001192092896,0.0,0.6138359798521171,0.6138359798521171,,,,1.0
15,hexane_dipole,35,1.0000001192092896,0.0,0.6138359798521171,0.6138359798521171,,,,1.0
15,hexane_dipole,36,1.0000001192092896,0.0,0.6138359798521171,0.6138359798521171,,,,1.0
15,hexane_dipole,37,1.0000001192092896,0.0,0.6138359798521171,0.6138359798521171,,,,1.0
15,hexane_dipole,38,1.0000001192092896,0.0,0.6138359798521171,0.6138359798521171,,,,1.0
15,hexane_dipole,39,1.0000001192092896,0.0,0.6138359798521171,0.6138359798521171,,,,1.0
15,hexane_dipole,40,1.0000001192092896,0.0,0.6138359798521171,0.6138359798521171,,,,1.0
15,hexane_dipole,41,1.0000001192092896,0.0,0.6138359798521171,0.6138359798521171,,,,1.0
15,hexane_dipole,42,1.0000001192092896,0.0,0.6138359798521171,0.6138359798521171,,,,1.0
15,hexane_dipole,43,1.0000001192092896,0.0,0.6138359798521171,0.6138359798521171,,,,1.0
15,hexane_dipole,44,1.0000001192092896,0.0,0.6138359798521171,0.6138359798521171,,,,1.0
15,hexane_dipole,45,1.0000001192092896,0.0,0.6138359798521171,0.6138359798521171,,,,1.0
15,hexane_dipole,46,1.0000001192092896,0.0,0.6138359798521171,0.6138359798521171,,,,1.0
15,hexane_dipole,47,1.0000001192092896,0.0,0.6138359798521171,0.6138359798521171,,,,1.0
15,hexane_dipole,48,1.0000001192092896,0.0,0.6138359798521171,0.6138359798521171,,,,1.0
15,hexane_dipole,49,1.0000001192092896,0.0,0.6138359798521171,0.6138359798521171,,,,1.0
15,hexane_dipole,50,1.0000001192092896,0.0,0.6138359798521171,0.6138359798521171,,,,1.0
15,hexane_dipole,51,1.0000001192092896,0.0,0.6138359798521171,0.6138359798521171,,,,1.0
15,hexane_dipole,52,1.0000001192092896,0.0,0.6138359798521171,0.6138359798521171,,,,1.0
15,hexane_dipole,53,1.0000001192092896,0.0,0.6138359798521171,0.6138359798521171,,,,1.0
15,hexane_dipole,54,1.0000001192092896,0.0,0.6138359798521171,0.6138359798521171,,,,1.0
15,hexane_dipole,55,1.0000001192092896,0.0,0.6138359798521171,0.6138359798521171,,,,1.0
15,hexane_dipole,56,1.0000001192092896,0.0,0.6138359798521171,0.6138359798521171,,,,1.0
15,hexane_dipole,57,1.0000001192092896,0.0,0.6138359798521171,0.6138359798521171,,,,1.0
15,hexane_dipole,58,1.0000001192092896,0.0,0.6138359798521171,0.6138359798521171,,,,1.0
15,hexane_dipole,59,1.0000001192092896,0.0,0.6138359798521171,0.6138359798521171,,,,1.0
15,hexane_dipole,60,1.0000001192092896,0.0,0.6138359798521171,0.6138359798521171,,,,1.0
15,hexane_dipole,61,1.0000001192092896,0.0,0.6138359798521171,0.6138359798521171,,,,1.0
15,hexane_dipole,62,1.0000001192092896,0.0,0.6138359798521171,0.6138359798521171,,,,1.0
15,hexane_dipole,63,1.0000001192092896,0.0,0.6138359798521171,0.6138359798521171,,,,1.0
15,hexane_dipole,64,1.0000001192092896,0.0,0.6138359798521171,0.6138359798521171,,,,1.0
15,hexane_dipole,65,1.0000001192092896,0.0,0.6138359798521171,0.6138359798521171,,,,1.0
15,hexane_dipole,66,1.0000001192092896,0.0,0.6138359798521171,0.6138359798521171,,,,1.0
15,hexane_dipole,67,1.0000001192092896,0.0,0.6138359798521171,0.6138359798521171,,,,1.0
15,hexane_dipole,68,1.0000001192092896,0.0,0.6138359798521171,0.6138359798521171,,,,1.0
15,hexane_dipole,69,1.0000001192092896,0.0,0.6138359798521171,0.6138359798521171,,,,1.0
15,hexane_dipole,70,1.0000001192092896,0.0,0.6138359798521171,0.6138359798521171,,,,1.0
15,hexane_dipole,71,1.0000001192092896,0.0,0.6138359798521171,0.6138359798521171,,,,1.0
15,hexane_dipole,72,1.0000001192092896,0.0,0.6138359798521171,0.6138359798521171,,,,1.0
15,hexane_dipole,73,1.0000001192092896,0.0,0.6138359798521171,0.6138359798521171,,,,1.0
15,hexane_dipole,74,1.0000001192092896,0.0,0.6138359798521171,0.6138359798521171,,,,1.0
15,hexane_dipole,75,1.0000001192092896,0.0,0.6138359798521171,0.6138359798521171,,,,1.0
15,hexane_dipole,76,1.0000001192092896,0.0,0.6138359798521171,0.6138359798521171,,,,1.0
15,hexane_dipole,77,1.0000001192092896,0.0,0.6138359798521171,0.6138359798521171,,,,1.0
15,hexane_dipole,78,1.0000001192092896,0.0,0.6138359798521171,0.6138359798521171,,,,1.0
15,hexane_dipole,79,1.0000001192092896,0.0,0.6138359798521171,0.6138359798521171,,,,1.0
15,hexane_dipole,80,1.0000001192092896,0.0,0.6138359798521171,0.6138359798521171,,,,1.0
15,hexane_dipole,81,1.0000001192092896,0.0,0.6138359798521171,0.6138359798521171,,,,1.0
15,hexane_dipole,82,1.0000001192092896,0.0,0.6138359798521171,0.6138359798521171,,,,1.0
15,hexane_dipole,83,1.0000001192092896,0.0,0.6138359798521171,0.6138359798521171,,,,1.0
15,hexane_dipole,84,1.0000001192092896,0.0,0.6138359798521171,0.6138359798521171,,,,1.0
15,hexane_dipole,85,1.0000001192092896,0.0,0.6138359798521171,0.6138359798521171,,,,1.0
15,hexane_dipole,86,1.0000001192092896,0.0,0.6138359798521171,0.6138359798521171,,,,1.0
15,hexane_dipole,87,1.0000001192092896,0.0,0.6138359798521171,0.6138359798521171,,,,1.0
15,hexane_dipole,88,1.0000001192092896,0.0,0.6138359798521171,0.6138359798521171,,,,1.0
15,hexane_dipole,89,1.0000001192092896,0.0,0.6138359798521171,0.6138359798521171,,,,1.0
15,hexane_dipole,90,1.0000001192092896,0.0,0.6138359798521171,0.6138359798521171,,,,1.0
15,hexane_dipole,91,1.0000001192092896,0.0,0.6138359798521171,0.6138359798521171,,,,1.0
15,hexane_dipole,92,1.0000001192092896,0.0,0.6138359798521171,0.6138359798521171,,,,1.0
15,hexane_dipole,93,1.0000001192092896,0.0,0.6138359798521171,0.6138359798521171,,,,1.0
15,hexane_dipole,94,1.0000001192092896,0.0,0.6138359798521171,0.6138359798521171,,,,1.0
15,hexane_dipole,95,1.0000001192092896,0.0,0.6138359798521171,0.6138359798521171,,,,1.0
15,hexane_dipole,96,1.0000001192092896,0.0,0.6138359798521171,0.6138359798521171,,,,1.0
15,hexane_dipole,97,1.0000001192092896,0.0,0.6138359798521171,0.6138359798521171,,,,1.0
15,hexane_dipole,98,1.0000001192092896,0.0,0.6138359798521171,0.6138359798521171,,,,1.0
15,hexane_dipole,99,1.0000001192092896,0.0,0.6138359798521171,0.6138359798521171,,,,1.0
15,hexane_dipole,100,1.0000001192092896,0.0,0.6138359798521171,0.6138359798521171,,,,1.0
15,hexane_dipole,101,1.0000001192092896,0.0,0.6138359798521171,0.6138359798521171,,,,1.0
15,hexane_dipole,102,1.0000001192092896,0.0,0.6138359798521171,0.6138359798521171,,,,1.0
15,hexane_dipole,103,1.0000001192092896,0.0,0.6138359798521171,0.6138359798521171,,,,1.0
15,hexane_dipole,104,1.0000001192092896,0.0,0.6138359798521171,0.6138359798521171,,,,1.0
15,hexane_dipole,105,1.0000001192092896,0.0,0.6138359798521171,0.6138359798521171,,,,1.0
15,hexane_dipole,106,1.0000001192092896,0.0,0.6138359798521171,0.6138359798521171,,,,1.0
15,hexane_dipole,107,1.0000001192092896,0.0,0.6138359798521171,0.6138359798521171,,,,1.0
15,hexane_dipole,108,1.0000001192092896,0.0,0.6138359798521171,0.6138359798521171,,,,1.0
15,hexane_dipole,109,1.0000001192092896,0.0,0.6138359798521171,0.6138359798521171,,,,1.0
15,hexane_dipole,110,1.0000001192092896,0.0,0.6138359798521171,0.6138359798521171,,,,1.0
15,hexane_dipole,111,1.0000001192092896,0.0,0.6138359798521171,0.6138359798521171,,,,1.0
15,hexane_dipole,112,1.0000001192092896,0.0,0.6138359798521171,0.6138359798521171,,,,1.0
15,hexane_dipole,113,1.0000001192092896,0.0,0.6138359798521171,0.6138359798521171,,,,1.0
15,hexane_dipole,114,1.0000001192092896,0.0,0.6138359798521171,0.6138359798521171,,,,1.0
15,hexane_dipole,115,1.0000001192092896,0.0,0.6138359798521171,0.6138359798521171,,,,1.0
15,hexane_dipole,116,1.0000001192092896,0.0,0.6138359798521171,0.6138359798521171,,,,1.0
15,hexane_dipole,117,1.0000001192092896,0.0,0.6138359798521171,0.6138359798521171,,,,1.0
15,hexane_dipole,118,1.0000001192092896,0.0,0.6138359798521171,0.6138359798521171,,,,1.0
15,hexane_dipole,119,1.0000001192092896,0.0,0.6138359798521171,0.6138359798521171,,,,1.0
15,hexane_dipole,120,1.0000001192092896,0.0,0.6138359798521171,0.6138359798521171,,,,1.0
15,hexane_dipole,121,1.0000001192092896,0.0,0.6138359798521171,0.6138359798521171,,,,1.0
15,hexane_dipole,122,1.0000001192092896,0.0,0.6138359798521171,0.6138359798521171,,,,1.0
15,hexane_dipole,123,1.0000001192092896,0.0,0.6138359798521171,0.6138359798521171,,,,1.0
15,hexane_dipole,124,1.0000001192092896,0.0,0.6138359798521171,0.6138359798521171,,,,1.0
15,hexane_dipole,125,1.0000001192092896,0.0,0.6138359798521171,0.6138359798521171,,,,1.0
15,hexane_dipole,126,1.0000001192092896,0.0,0.6138359798521171,0.6138359798521171,,,,1.0
15,hexane_dipole,127,1.0000001192092896,0.0,0.6138359798521171,0.6138359798521171,,,,1.0
15,hexane_dipole,128,1.0000001192092896,0.0,0.6138359798521171,0.6138359798521171,,,,1.0
15,hexane_dipole,129,1.0000001192092896,0.0,0.6138359798521171,0.6138359798521171,,,,1.0
15,hexane_dipole,130,1.0000001192092896,0.0,0.6138359798521171,0.6138359798521171,,,,1.0
15,hexane_dipole,131,1.0000001192092896,0.0,0.6138359798521171,0.6138359798521171,,,,1.0
15,hexane_dipole,132,1.0000001192092896,0.0,0.6138359798521171,0.6138359798521171,,,,1.0
15,hexane_dipole,133,1.0000001192092896,0.0,0.6138359798521171,0.6138359798521171,,,,1.0
15,hexane_dipole,134,1.0000001192092896,0.0,0.6138359798521171,0.6138359798521171,,,,1.0
15,hexane_dipole,135,1.0000001192092896,0.0,0.6138359798521171,0.6138359798521171,,,,1.0
15,hexane_dipole,136,1.0000001192092896,0.0,0.6138359798521171,0.6138359798521171,,,,1.0
15,hexane_dipole,137,1.0000001192092896,0.0,0.6138359798521171,0.6138359798521171,,,,1.0
15,hexane_dipole,138,1.0000001192092896,0.0,0.6138359798521171,0.6138359798521171,,,,1.0
15,hexane_dipole,139,1.0000001192092896,0.0,0.6138359798521171,0.6138359798521171,,,,1.0
15,hexane_dipole,140,1.0000001192092896,0.0,0.6138359798521171,0.6138359798521171,,,,1.0
15,hexane_dipole,141,1.0000001192092896,0.0,0.6138359798521171,0.6138359798521171,,,,1.0
15,hexane_dipole,142,1.0000001192092896,0.0,0.6138359798521171,0.6138359798521171,,,,1.0
15,hexane_dipole,143,1.0000001192092896,0.0,0.6138359798521171,0.6138359798521171,,,,1.0
15,hexane_dipole,144,1.0000001192092896,0.0,0.6138359798521171,0.6138359798521171,,,,1.0
15,hexane_dipole,145,1.0000001192092896,0.0,0.6138359798521171,0.6138359798521171,,,,1.0
15,hexane_dipole,146,1.0000001192092896,0.0,0.6138359798521171,0.6138359798521171,,,,1.0
15,hexane_dipole,147,1.0000001192092896,0.0,0.6138359798521171,0.6138359798521171,,,,1.0
15,hexane_dipole,148,1.0000001192092896,0.0,0.6138359798521171,0.6138359798521171,,,,1.0
15,hexane_dipole,149,1.0000001192092896,0.0,0.6138359798521171,0.6138359798521171,,,,1.0
15,hexane_dipole,150,1.0000001192092896,0.0,0.6138359798521171,0.6138359798521171,,,,1.0
15,hexane_dipole,151,1.0000001192092896,0.0,0.6138359798521171,0.6138359798521171,,,,1.0
15,hexane_dipole,152,1.0000001192092896,0.0,0.6138359798521171,0.6138359798521171,,,,1.0
15,hexane_dipole,153,1.0000001192092896,0.0,0.6138359798521171,0.6138359798521171,,,,1.0
15,hexane_dipole,154,1.0000001192092896,0.0,0.6138359798521171,0.6138359798521171,,,,1.0
15,hexane_dipole,155,1.0000001192092896,0.0,0.6138359798521171,0.6138359798521171,,,,1.0
15,hexane_dipole,156,1.0000001192092896,0.0,0.6138359798521171,0.6138359798521171,,,,1.0
15,hexane_dipole,157,1.0000001192092896,0.0,0.6138359798521171,0.6138359798521171,,,,1.0
15,hexane_dipole,158,1.0000001192092896,0.0,0.6138359798521171,0.6138359798521171,,,,1.0
15,hexane_dipole,159,1.0000001192092896,0.0,0.6138359798521171,0.6138359798521171,,,,1.0
15,hexane_dipole,160,1.0000001192092896,0.0,0.6138359798521171,0.6138359798521171,,,,1.0
15,hexane_dipole,161,1.0000001192092896,0.0,0.6138359798521171,0.6138359798521171,,,,1.0
15,hexane_dipole,162,1.0000001192092896,0.0,0.6138359798521171,0.6138359798521171,,,,1.0
15,hexane_dipole,163,1.0000001192092896,0.0,0.6138359798521171,0.6138359798521171,,,,1.0
15,hexane_dipole,164,1.0000001192092896,0.0,0.6138359798521171,0.6138359798521171,,,,1.0
15,hexane_dipole,165,1.0000001192092896,0.0,0.6138359798521171,0.6138359798521171,,,,1.0
15,hexane_dipole,166,1.0000001192092896,0.0,0.6138359798521171,0.6138359798521171,,,,1.0
15,hexane_dipole,167,1.0000001192092896,0.0,0.6138359798521171,0.6138359798521171,,,,1.0
15,hexane_dipole,168,1.0000001192092896,0.0,0.6138359798521171,0.6138359798521171,,,,1.0
15,hexane_dipole,169,1.0000001192092896,0.0,0.6138359798521171,0.6138359798521171,,,,1.0
15,hexane_dipole,170,1.0000001192092896,0.0,0.6138359798521171,0.6138359798521171,,,,1.0
15,hexane_dipole,171,1.0000001192092896,0.0,0.6138359798521171,0.6138359798521171,,,,1.0
15,hexane_dipole,172,1.0000001192092896,0.0,0.6138359798521171,0.6138359798521171,,,,1.0
15,hexane_dipole,173,1.0000001192092896,0.0,0.6138359798521171,0.6138359798521171,,,,1.0
15,hexane_dipole,174,1.0000001192092896,0.0,0.6138359798521171,0.6138359798521171,,,,1.0
15,hexane_dipole,175,1.0000001192092896,0.0,0.6138359798521171,0.6138359798521171,,,,1.0
15,hexane_dipole,176,1.0000001192092896,0.0,0.6138359798521171,0.6138359798521171,,,,1.0
15,hexane_dipole,177,1.0000001192092896,0.0,0.6138359798521171,0.6138359798521171,,,,1.0
15,hexane_dipole,178,1.0000001192092896,0.0,0.6138359798521171,0.6138359798521171,,,,1.0
15,hexane_dipole,179,1.0000001192092896,0.0,0.6138359798521171,0.6138359798521171,,,,1.0
15,hexane_dipole,180,1.0000001192092896,0.0,0.6138359798521171,0.6138359798521171,,,,1.0
15,hexane_dipole,181,1.0000001192092896,0.0,0.6138359798521171,0.6138359798521171,,,,1.0
15,hexane_dipole,182,1.0000001192092896,0.0,0.6138359798521171,0.6138359798521171,,,,1.0
15,hexane_dipole,183,1.0000001192092896,0.0,0.6138359798521171,0.6138359798521171,,,,1.0
15,hexane_dipole,184,1.0000001192092896,0.0,0.6138359798521171,0.6138359798521171,,,,1.0
15,hexane_dipole,185,1.0000001192092896,0.0,0.6138359798521171,0.6138359798521171,,,,1.0
15,hexane_dipole,186,1.0000001192092896,0.0,0.6138359798521171,0.6138359798521171,,,,1.0
15,hexane_dipole,187,1.0000001192092896,0.0,0.6138359798521171,0.6138359798521171,,,,1.0
15,hexane_dipole,188,1.0000001192092896,0.0,0.6138359798521171,0.6138359798521171,,,,1.0
15,hexane_dipole,189,1.0000001192092896,0.0,0.6138359798521171,0.6138359798521171,,,,1.0
15,hexane_dipole,190,1.0000001192092896,0.0,0.6138359798521171,0.6138359798521171,,,,1.0
15,hexane_dipole,191,1.0000001192092896,0.0,0.6138359798521171,0.6138359798521171,,,,1.0
15,hexane_dipole,192,1.0000001192092896,0.0,0.6138359798521171,0.6138359798521171,,,,1.0
15,hexane_dipole,193,1.0000001192092896,0.0,0.6138359798521171,0.6138359798521171,,,,1.0
15,hexane_dipole,194,1.0000001192092896,0.0,0.6138359798521171,0.6138359798521171,,,,1.0
15,hexane_dipole,195,1.0000001192092896,0.0,0.6138359798521171,0.6138359798521171,,,,1.0
15,hexane_dipole,196,1.0000001192092896,0.0,0.6138359798521171,0.6138359798521171,,,,1.0
15,hexane_dipole,197,1.0000001192092896,0.0,0.6138359798521171,0.6138359798521171,,,,1.0
15,hexane_dipole,198,1.0000001192092896,0.0,0.6138359798521171,0.6138359798521171,,,,1.0
15,hexane_dipole,199,1.0000001192092896,0.0,0.6138359798521171,0.6138359798521171,,,,1.0
15,hexane_dipole,200,1.0000001192092896,0.0,0.6138359798521171,0.6138359798521171,,,,1.0
15,hexane_dipole,201,1.0000001192092896,0.0,0.6138359798521171,0.6138359798521171,,,,1.0
15,hexane_dipole,202,1.0000001192092896,0.0,0.6138359798521171,0.6138359798521171,,,,1.0
15,hexane_dipole,203,1.0000001192092896,0.0,0.6138359798521171,0.6138359798521171,,,,1.0
15,hexane_dipole,204,1.0000001192092896,0.0,0.6138359798521171,0.6138359798521171,,,,1.0
15,hexane_dipole,205,1.0000001192092896,0.0,0.6138359798521171,0.6138359798521171,,,,1.0
15,hexane_dipole,206,1.0000001192092896,0.0,0.6138359798521171,0.6138359798521171,,,,1.0
15,hexane_dipole,207,1.0000001192092896,0.0,0.6138359798521171,0.6138359798521171,,,,1.0
15,hexane_dipole,208,1.0000001192092896,0.0,0.6138359798521171,0.6138359798521171,,,,1.0
15,hexane_dipole,209,1.0000001192092896,0.0,0.6138359798521171,0.6138359798521171,,,,1.0
15,hexane_dipole,210,1.0000001192092896,0.0,0.6138359798521171,0.6138359798521171,,,,1.0
15,hexane_dipole,211,1.0000001192092896,0.0,0.6138359798521171,0.6138359798521171,,,,1.0
15,hexane_dipole,212,1.0000001192092896,0.0,0.6138359798521171,0.6138359798521171,,,,1.0
15,hexane_dipole,213,1.0000001192092896,0.0,0.6138359798521171,0.6138359798521171,,,,1.0
15,hexane_dipole,214,1.0000001192092896,0.0,0.6138359798521171,0.6138359798521171,,,,1.0
15,hexane_dipole,215,1.0000001192092896,0.0,0.6138359798521171,0.6138359798521171,,,,1.0
15,hexane_dipole,216,1.0000001192092896,0.0,0.6138359798521171,0.6138359798521171,,,,1.0
15,hexane_dipole,217,1.0000001192092896,0.0,0.6138359798521171,0.6138359798521171,,,,1.0
15,hexane_dipole,218,1.0000001192092896,0.0,0.6138359798521171,0.6138359798521171,,,,1.0
15,hexane_dipole,219,1.0000001192092896,0.0,0.6138359798521171,0.6138359798521171,,,,1.0
15,hexane_dipole,220,1.0000001192092896,0.0,0.6138359798521171,0.6138359798521171,,,,1.0
15,hexane_dipole,221,1.0000001192092896,0.0,0.6138359798521171,0.6138359798521171,,,,1.0
15,hexane_dipole,222,1.0000001192092896,0.0,0.6138359798521171,0.6138359798521171,,,,1.0
15,hexane_dipole,223,1.0000001192092896,0.0,0.6138359798521171,0.6138359798521171,,,,1.0
15,hexane_dipole,224,1.0000001192092896,0.0,0.6138359798521171,0.6138359798521171,,,,1.0
15,hexane_dipole,225,1.0000001192092896,0.0,0.6138359798521171,0.6138359798521171,,,,1.0
15,hexane_dipole,226,1.0000001192092896,0.0,0.6138359798521171,0.6138359798521171,,,,1.0
15,hexane_dipole,227,1.0000001192092896,0.0,0.6138359798521171,0.6138359798521171,,,,1.0
15,hexane_dipole,228,1.0000001192092896,0.0,0.6138359798521171,0.6138359798521171,,,,1.0
15,hexane_dipole,229,1.0000001192092896,0.0,0.6138359798521171,0.6138359798521171,,,,1.0
15,hexane_dipole,230,1.0000001192092896,0.0,0.6138359798521171,0.6138359798521171,,,,1.0
15,hexane_dipole,231,1.0000001192092896,0.0,0.6138359798521171,0.6138359798521171,,,,1.0
15,hexane_dipole,232,1.0000001192092896,0.0,0.6138359798521171,0.6138359798521171,,,,1.0
15,hexane_dipole,233,1.0000001192092896,0.0,0.6138359798521171,0.6138359798521171,,,,1.0
15,hexane_dipole,234,1.0000001192092896,0.0,0.6138359798521171,0.6138359798521171,,,,1.0
15,hexane_dipole,235,1.0000001192092896,0.0,0.6138359798521171,0.6138359798521171,,,,1.0
15,hexane_dipole,236,1.0000001192092896,0.0,0.6138359798521171,0.6138359798521171,,,,1.0
15,hexane_dipole,237,1.0000001192092896,0.0,0.6138359798521171,0.6138359798521171,,,,1.0
15,hexane_dipole,238,1.0000001192092896,0.0,0.6138359798521171,0.6138359798521171,,,,1.0
15,hexane_dipole,239,1.0000001192092896,0.0,0.6138359798521171,0.6138359798521171,,,,1.0
15,hexane_dipole,240,1.0000001192092896,0.0,0.6138359798521171,0.6138359798521171,,,,1.0
15,hexane_dipole,241,1.0000001192092896,0.0,0.6138359798521171,0.6138359798521171,,,,1.0
15,hexane_dipole,242,1.0000001192092896,0.0,0.6138359798521171,0.6138359798521171,,,,1.0
15,hexane_dipole,243,1.0000001192092896,0.0,0.6138359798521171,0.6138359798521171,,,,1.0
15,hexane_dipole,244,1.0000001192092896,0.0,0.6138359798521171,0.6138359798521171,,,,1.0
15,hexane_dipole,245,1.0000001192092896,0.0,0.6138359798521171,0.6138359798521171,,,,1.0
15,hexane_dipole,246,1.0000001192092896,0.0,0.6138359798521171,0.6138359798521171,,,,1.0
15,hexane_dipole,247,1.0000001192092896,0.0,0.6138359798521171,0.6138359798521171,,,,1.0
15,hexane_dipole,248,1.0000001192092896,0.0,0.6138359798521171,0.6138359798521171,,,,1.0
15,hexane_dipole,249,1.0000001192092896,0.0,0.6138359798521171,0.6138359798521171,,,,1.0
16,sco_kcal,0,0.4362441301345825,0.03094845823943615,0.6272909291552626,0.9100186307564337,6.109595775604248,2.573504686355591,0.4212233969114049,0.14
16,sco_kcal,1,0.09743089228868484,0.03241848945617676,0.6342923219670709,0.9588326056122354,6.783972263336182,0.19506320357322693,0.028753537898060316,0.04
16,sco_kcal,2,0.26151105761528015,0.012787011452019215,0.6569654550716386,0.9507424093635592,2.8978984355926514,0.21329879760742188,0.07360464914423406,0.26
16,sco_kcal,3,0.40984103083610535,0.018404392525553703,0.6261864102906729,0.9209341657630186,3.5723378658294678,1.3305927515029907,0.3724711383630669,0.24
16,sco_kcal,4,0.5604311227798462,0.01956942304968834,0.6754781642173096,0.9084861966384727,4.287545680999756,2.783984422683716,0.6493188947282669,0.38
16,sco_kcal,5,0.5283753871917725,0.023804979398846626,0.6126015263056053,0.8975079695208534,4.51310920715332,2.05790114402771,0.45598301516079365,0.3
16,sco_kcal,6,0.07030440121889114,0.03900168463587761,0.620933449779725,0.9490122789096604,7.363947868347168,0.0811372771859169,0.011018176477684395,0.06
16,sco_kcal,7,0.08987154066562653,0.023127339780330658,0.6617122861890521,0.967404091530651,5.120693683624268,0.35736528038978577,0.06978845103205895,0.02
16,sco_kcal,8,0.6721687912940979,0.005496290512382984,0.6757947623463287,0.9142613863214657,1.2316100597381592,0.927173376083374,0.7528140654197738,0.5
16,sco_kcal,9,0.9125232100486755,0.009385185316205025,0.7098911087389421,0.9167258325969396,1.8373966217041016,3.6295745372772217,1.9753897957594788,0.8
16,sco_kcal,10,0.4331974685192108,0.02867526188492775,0.6251407616856302,0.9535892223966802,5.509755611419678,1.3346303701400757,0.24223041170353954,0.3
16,sco_kcal,11,0.6910378336906433,0.022084562107920647,0.6319519914577869,0.8906491169875808,3.9587173461914062,3.4702742099761963,0.8766158092380275,0.5
16,sco_kcal,12,0.4246496558189392,0.011112108826637268,0.6650278501776039,0.9298777822413127,2.4885928630828857,0.8287585377693176,0.333022950464724,0.22
16,sco_kcal,13,0.24824409186840057,0.005013045854866505,0.6492812836199027,0.969658623177462,1.0778672695159912,0.24150218069553375,0.22405558413883245,0.08
16,sco_kcal,14,0.09311830997467041,0.02532372437417507,0.6466932565989774,0.9615834095403437,5.333744049072266,0.10583987087011337,0.01984344766009588,0.02
16,sco_kcal,15,0.26034316420555115,0.03988667577505112,0.6290504111968944,0.9295977037644501,7.819164276123047,1.5541257858276367,0.19875855410448215,0.06
16,sco_kcal,16,0.20926415920257568,0.007990295998752117,0.658276892343689,0.9657577595477296,1.6384973526000977,0.1661248803138733,0.10138855583150815,0.1
16,sco_kcal,17,0.3123900890350342,0.052036650478839874,0.6647662577720996,0.9815914827433239,11.484416961669922,0.9974799156188965,0.08685507666153697,0.18
16,sco_kcal,18,0.19485785067081451,0.05257289856672287,0.6170081717486711,0.9531271558241374,9.87009048461914,0.5763254761695862,0.058391103614266915,0.1
16,sco_kcal,19,0.6328670382499695,0.015184135176241398,0.6326289506044149,0.9116239209440122,2.932770013809204,2.2032341957092285,0.7512468367226572,0.54
16,sco_kcal,20,0.06563915312290192,0.019368385896086693,0.6631065602242521,0.9658169923954958,4.252305507659912,0.14122679829597473,0.033211818398648715,0.04
16,sco_kcal,21,0.603955864906311,0.026262983679771423,0.6550796995237942,0.8986151105349265,5.580722332000732,3.483710289001465,0.624240032338704,0.3
16,sco_kcal,22,0.1227145791053772,0.019365539774298668,0.6505754823053789,0.9572572675896691,4.176846981048584,0.141457661986351,0.033867092241631154,0.02
16,sco_kcal,23,0.07304893434047699,0.022924916818737984,0.6623298460214244,0.9617270441056993,5.080932140350342,0.0806918814778328,0.015881314540105017,0.02
16,sco_kcal,24,0.7233495116233826,0.01623862236738205,0.6763685755978375,0.9043507979983092,3.4522857666015625,3.2031798362731934,0.9278431893621629,0.56
16,sco_kcal,25,0.17189788818359375,0.01466011069715023,0.6615360195719246,0.965532571924667,3.245946168899536,0.11132120341062546,0.03429545581415676,0.14
16,sco_kcal,26,0.4538964629173279,0.03254866227507591,0.6079002973589442,0.9100630600033797,5.732706546783447,2.247582197189331,0.3920630122695575,0.32
16,sco_kcal,27,0.18877765536308289,0.025614798069000244,0.646610631589212,0.9473693585728054,5.317929267883301,0.6902855038642883,0.12980343834829589,0.06
16,sco_kcal,28,0.21458324790000916,0.018957139924168587,0.6212196477866865,0.9353413897975225,3.7244746685028076,0.5192726254463196,0.13942170954677502,0.08
16,sco_kcal,29,0.36837637424468994,0.03734704852104187,0.6219154038910759,0.8897325300620338,7.0460991859436035,2.2675282955169678,0.32181328074979454,0.1
16,sco_kcal,30,0.0516628623008728,0.06614899635314941,0.6569108648640196,0.9559201367739576,13.870062828063965,0.13934583961963654,0.010046518270825089,0.06
16,sco_kcal,31,0.21846307814121246,0.01603410206735134,0.6604971673278444,0.9455048702750919,3.481060743331909,0.5503305792808533,0.15809278259077503,0.04
16,sco_kcal,32,0.1808783859014511,0.022680936381220818,0.6281747921159664,0.9395746385310917,4.484591007232666,0.3501715660095215,0.07808327792763514,0.1
16,sco_kcal,33,0.7417824864387512,0.010596008040010929,0.6892674653480384,0.9210194375719427,2.3405230045318604,2.301344871520996,0.9832609493967779,0.58
16,sco_kcal,34,0.18985028564929962,0.015121697448194027,0.6646067840266798,0.9669793680923944,3.3575456142425537,0.270851731300354,0.08066956116736387,0.14
16,sco_kcal,35,0.9548553824424744,0.002966816769912839,0.7840389960915768,0.9223527475562643,0.6480775475502014,1.9502861499786377,3.0093407144730078,0.86
16,sco_kcal,36,0.13140468299388885,0.018963420763611794,0.6055721928600948,0.9450831960909101,3.525068759918213,0.24714577198028564,0.07011090813048985,0.12
16,sco_kcal,37,0.4515746831893921,0.025099994614720345,0.655454944083492,0.8909190987497178,5.425826549530029,2.534400701522827,0.46709946924904006,0.16
16,sco_kcal,38,0.37309324741363525,0.01369018666446209,0.6682293048659891,0.9449272221255665,3.0724761486053467,0.8394313454627991,0.273210044557655,0.2
16,sco_kcal,39,0.1982814520597458,0.022120065987110138,0.632965567115674,0.951205847011001,4.4829254150390625,0.07115169614553452,0.01587171089370322,0.1
16,sco_kcal,40,0.2050682157278061,0.06848117709159851,0.6568308605229909,0.8778841483677953,14.719904899597168,3.0555074214935303,0.20757657351285935,0.02
16,sco_kcal,41,0.07428952306509018,0.06410777568817139,0.6335758269724696,0.9529221432699495,13.089001655578613,0.38549503684043884,0.02945182887009098,0.02
16,sco_kcal,42,0.757704496383667,0.020391609519720078,0.7038223130099015,0.953028184931284,4.5571208000183105,3.8447632789611816,0.8436825459938945,0.6
16,sco_kcal,43,0.4216754138469696,0.009115810506045818,0.639125003710324,0.9327557119024561,1.928511142730713,0.7173520922660828,0.37197197173065544,0.24
16,sco_kcal,44,0.577972412109375,0.024967877194285393,0.6755242876227654,0.9082956426661337,5.693946838378906,3.0747218132019043,0.5399983351578485,0.34
16,sco_kcal,45,0.2196183055639267,0.0529584176838398,0.6770314281673855,0.9582306621764909,11.894618034362793,0.19326330721378326,0.01624796245288902,0.12
16,sco_kcal,46,0.6811522841453552,0.005371544044464827,0.6816401196921953,0.9294416737123052,1.1858248710632324,0.9119315147399902,0.7690271447269744,0.48
16,sco_kcal,47,0.2337588220834732,0.00881638377904892,0.6304166164503993,0.9464740878016811,1.8503729104995728,0.21133388578891754,0.11421151087423809,0.08
16,sco_kcal,48,0.22961457073688507,0.009368907660245895,0.6672137688439075,0.9612788078943406,2.1702795028686523,0.14933277666568756,0.06880808507305215,0.12
16,sco_kcal,49,0.0762837827205658,0.015686720609664917,0.6517611671902837,0.9700050888475913,3.3342819213867188,0.17896537482738495,0.05367433799747615,0.02
16,sco_kcal,50,0.8277267813682556,0.008085387758910656,0.7216204890130118,0.9379692209759791,2.015733480453491,2.2248752117156982,1.1037546547151438,0.78
16,sco_kcal,51,0.33823245763778687,0.016406070441007614,0.6118290128978956,0.9489961139143597,3.044556140899658,0.8157765865325928,0.2679459825272044,0.22
16,sco_kcal,52,0.07920316606760025,0.03831439092755318,0.6050751564038119,0.9644265262392426,6.906354904174805,0.0924009159207344,0.01337911491702797,0.06
16,sco_kcal,53,0.46717730164527893,0.019417360424995422,0.6761190700709963,0.9502614746898392,4.292586326599121,1.538547158241272,0.35841961959102026,0.3
16,sco_kcal,54,0.37162110209465027,0.023738151416182518,0.6389037075499782,0.915365524638865,4.9895195960998535,1.299582839012146,0.2604625182809159,0.22
16,sco_kcal,55,0.1158132553100586,0.01937994174659252,0.6231490958572832,0.9661678090754127,3.775681972503662,0.17044611275196075,0.045143132815007085,0.06
16,sco_kcal,56,0.7595238089561462,0.018200939521193504,0.6832442592822672,0.9231694821941037,4.087558746337891,4.216115951538086,1.0314508520068053,0.4
16,sco_kcal,57,0.8775538206100464,0.01416306383907795,0.7060822358813075,0.9121814358240723,3.2718913555145264,4.716811180114746,1.4416160769412212,0.6
16,sco_kcal,58,0.13658612966537476,0.08021312952041626,0.6425513850152198,0.9001006173066362,16.84200096130371,3.1896092891693115,0.18938422438626967,0.0
16,sco_kcal,59,0.5716614127159119,0.023840321227908134,0.6263761760679105,0.9064388788499844,4.592718124389648,2.7967405319213867,0.6089510516809827,0.32
16,sco_kcal,60,0.13800597190856934,0.011087716557085514,0.6608866726163591,0.9696781352528316,2.435396432876587,0.1869564950466156,0.0767663500376366,0.06
16,sco_kcal,61,0.1027480885386467,0.01845027692615986,0.6490737764824133,0.9735362783788708,3.8911726474761963,0.1241983026266098,0.03191796249574392,0.02
16,sco_kcal,62,0.06869683414697647,0.027723535895347595,0.6160471951770194,0.9595499863925483,5.2530412673950195,0.07055342197418213,0.013430966631101594,0.08
16,sco_kcal,63,0.14614665508270264,0.016929270699620247,0.6607957202377792,0.9444982162499027,3.7184531688690186,0.3000048100948334,0.08068000226720105,0.12
16,sco_kcal,64,0.33399316668510437,0.037414949387311935,0.6247154813802358,0.923778037024773,7.541261672973633,2.331603765487671,0.30917953342524507,0.18
16,sco_kcal,65,0.6946104168891907,0.012799876742064953,0.661510275107343,0.8979399702297193,3.03991961479187,1.9718884229660034,0.6486646598716098,0.6
16,sco_kcal,66,0.5536621809005737,0.01047292910516262,0.6213660065750977,0.9220729395154319,2.0306358337402344,1.1554216146469116,0.5689949893766707,0.46
16,sco_kcal,67,0.23809725046157837,0.006129175424575806,0.6459592175283859,0.9571509855375202,1.3021360635757446,0.23522482812404633,0.1806453524358312,0.1
16,sco_kcal,68,0.16717274487018585,0.014620035886764526,0.6674309738503297,0.9566477979740102,3.2474710941314697,0.07689063996076584,0.023677082176255707,0.18
16,sco_kcal,69,0.4512842893600464,0.03883267194032669,0.6357226166611449,0.9121840730219035,7.7300496101379395,3.033769369125366,0.3924644112434396,0.24
16,sco_kcal,70,0.6135498881340027,0.01630660519003868,0.6863564483983864,0.9211542813412719,3.721115827560425,2.493864059448242,0.6701925376730956,0.48
16,sco_kcal,71,0.4445323944091797,0.013842051848769188,0.6702668044029148,0.9242647023567372,3.036747694015503,1.3701589107513428,0.45119287106120315,0.24
16,sco_kcal,72,0.6562044024467468,0.01580582559108734,0.6771948099670886,0.9044208242342548,3.5113608837127686,2.4371163845062256,0.694066051658387,0.4
16,sco_kcal,73,0.4770682454109192,0.03304218500852585,0.6718527196529054,0.9156915785794886,7.166035175323486,3.639979124069214,0.5079488217701777,0.28
16,sco_kcal,74,0.7761322259902954,0.009923817589879036,0.6838579946276169,0.9132984716676016,2.1153197288513184,2.2446084022521973,1.061120156748638,0.66
16,sco_kcal,75,0.4693916440010071,0.019812345504760742,0.6308843161362623,0.918256580192383,3.9098589420318604,1.743229866027832,0.4458549251707575,0.32
16,sco_kcal,76,0.39921268820762634,0.013065182603895664,0.66879001705534,0.9249758261889489,2.925718069076538,0.9467324018478394,0.32358975796552475,0.24
16,sco_kcal,77,0.2323608249425888,0.03158171474933624,0.6234549215648164,0.905761611238953,6.195909023284912,1.531241536140442,0.24713751128137398,0.02
16,sco_kcal,78,0.34204745292663574,0.01520872488617897,0.6363935650868147,0.9367012295232169,3.082082509994507,0.8636437058448792,0.2802143365871209,0.06
16,sco_kcal,79,0.07586908340454102,0.04323968663811684,0.6307082756530202,0.939998573682421,8.503449440002441,0.3280082046985626,0.03857354677215185,0.02
16,sco_kcal,80,0.06317217648029327,0.0780767947435379,0.6407648031560405,0.9580019493943286,15.665925025939941,0.03245176002383232,0.0020714869993376113,0.06
16,sco_kcal,81,0.13189682364463806,0.050452589988708496,0.6119019718297327,0.9374156454077078,9.242721557617188,0.24907775223255157,0.0269485292486475,0.08
16,sco_kcal,82,0.052312221378088,0.04873645678162575,0.6277990254667143,0.9709924213241268,9.726332664489746,0.07001659274101257,0.007198663171026314,0.04
16,sco_kcal,83,0.15602833032608032,0.009096505120396614,0.6631135043920124,0.9641291908769924,2.0557901859283447,0.10336733609437943,0.050281072845817315,0.08
16,sco_kcal,84,0.1607085019350052,0.01698472909629345,0.6182908953841422,0.9513605812073285,3.364466905593872,0.3326367437839508,0.09886759273241717,0.06
16,sco_kcal,85,0.20043030381202698,0.039507120847702026,0.6407812128784494,0.9144216249737074,8.256681442260742,1.8957817554473877,0.229605776691841,0.04
16,sco_kcal,86,0.17272567749023438,0.01852688565850258,0.6268237466073645,0.9588258785733992,3.681654691696167,0.14549042284488678,0.039517672087237006,0.16
16,sco_kcal,87,0.1771014779806137,0.013604013249278069,0.6230881251494884,0.9484693971187299,2.7340402603149414,0.19534379243850708,0.07144876221244997,0.1
16,sco_kcal,88,0.09125128388404846,0.019009310752153397,0.6631915132649218,0.9600662067814121,4.186676979064941,0.11600315570831299,0.027707691873143103,0.02
16,sco_kcal,89,0.06891041249036789,0.01095777377486229,0.659273663349883,0.9612881670341604,2.4312257766723633,0.12384933978319168,0.0509411100242221,0.02
16,sco_kcal,90,0.7204021215438843,0.01442886795848608,0.6422788477335115,0.9094742483301561,2.9155333042144775,2.426914691925049,0.8324084957002144,0.66
16,sco_kcal,91,0.3720023036003113,0.02806011028587818,0.6661734174602343,0.9420486106044157,6.204507827758789,1.8814785480499268,0.3032438027771109,0.04
16,sco_kcal,92,0.20782023668289185,0.0477873794734478,0.6268836543465308,0.9229858217644322,9.359065055847168,1.8872888088226318,0.2016535623548775,0.02
16,sco_kcal,93,0.2527434825897217,0.031996000558137894,0.6121082439888836,0.9308027759133559,5.947638511657715,1.2338088750839233,0.20744516881205655,0.16
16,sco_kcal,94,0.3085484504699707,0.04085426777601242,0.6538844515072628,0.9099987738816846,8.942448616027832,1.945602536201477,0.2175693280154065,0.28
16,sco_kcal,95,0.7218918204307556,0.012181630358099937,0.6977504522599158,0.9609753114106068,2.7952234745025635,1.7551909685134888,0.6279250959803282,0.5
16,sco_kcal,96,0.1682301163673401,0.017753062769770622,0.6646106570223058,0.9385509773626122,3.8811652660369873,0.5271129012107849,0.13581305228700394,0.06
16,sco_kcal,97,0.7008923292160034,0.012570188380777836,0.6846018335600412,0.9119022786994759,2.5223701000213623,2.614168882369995,1.036393859230989,0.6
16,sco_kcal,98,0.7829063534736633,0.021239085122942924,0.6785472502399983,0.9271575098134364,4.498569488525391,4.72570276260376,1.0504901112804244,0.64
16,sco_kcal,99,0.13329532742500305,0.02255764976143837,0.6205197095685482,0.9587542696753211,4.377185821533203,0.09819431602954865,0.022433207095410444,0.08
16,sco_kcal,100,0.18808111548423767,0.028992388397455215,0.6281056725171044,0.9465200200762491,5.588276386260986,0.34446147084236145,0.06164002047021771,0.1
16,sco_kcal,101,0.7117758393287659,0.016361285001039505,0.6906374840306018,0.8958010566493759,3.717254877090454,3.134214401245117,0.8431529461596428,0.52
16,sco_kcal,102,0.18485385179519653,0.014273743145167828,0.620230630200685,0.9519132162810018,2.792480707168579,0.05066444352269173,0.01814316689552447,0.2
16,sco_kcal,103,0.2622945308685303,0.6382988691329956,0.6665598617131265,0.9804670002809859,140.45660400390625,4.712191104888916,0.03354908897525292,0.16
16,sco_kcal,104,0.2613970935344696,0.04617756977677345,0.5976066613867832,0.8949531727358149,8.51196575164795,2.014880657196045,0.23671155594181711,0.18
16,sco_kcal,105,0.11340323835611343,0.023663382977247238,0.6132868073714053,0.9536622529117211,4.479019641876221,0.3097047805786133,0.06914566252022078,0.06
16,sco_kcal,106,0.6622888445854187,0.016239872202277184,0.669027313154914,0.9086347257220468,3.739168405532837,2.4662723541259766,0.6595777688099419,0.46
16,sco_kcal,107,0.3150511085987091,0.008131029084324837,0.6584048282755965,0.941494910302461,1.8317821025848389,0.4391006827354431,0.23971229007851177,0.16
16,sco_kcal,108,0.0440768264234066,0.025371186435222626,0.6648621130342467,0.9665270027487016,5.496988773345947,0.13975878059864044,0.025424607246117958,0.02
16,sco_kcal,109,0.33064424991607666,0.01272130198776722,0.6527322491884038,0.9447369062991944,2.8680458068847656,0.31005439162254333,0.10810649916338694,0.24
16,sco_kcal,110,0.9850373268127441,0.013196603395044804,0.7137272420263565,0.9385546336839601,3.1076407432556152,14.440213203430176,4.6466803586512295,0.4
16,sco_kcal,111,0.16473427414894104,0.024059923365712166,0.6054830508678892,0.9560044408361688,4.470734119415283,0.24047183990478516,0.05378799845432005,0.12
16,sco_kcal,112,0.6794077754020691,0.022570636123418808,0.6593840800398387,0.8935575254387154,4.92612886428833,3.866987705230713,0.784995239012971,0.32
16,sco_kcal,113,0.5611051321029663,0.02034967578947544,0.6591208097152017,0.8885484351682005,4.425141334533691,2.6732847690582275,0.6041128558303845,0.22
16,sco_kcal,114,0.725203275680542,0.023827629163861275,0.6574824169231728,0.9276397579342017,4.8899006843566895,4.8161540031433105,0.9849185727944737,0.32
16,sco_kcal,115,0.30750054121017456,0.01518246904015541,0.6315745415877545,0.9290839780265756,3.143465280532837,0.6719222664833069,0.21375208774992796,0.14
16,sco_kcal,116,0.20915114879608154,0.01927289552986622,0.6246445377859835,0.9677145264588578,3.5819931030273438,0.03670719265937805,0.01024770054089572,0.24
16,sco_kcal,117,0.16727867722511292,0.03676565736532211,0.5924909152629187,0.9513126334952631,6.334533214569092,0.09603551030158997,0.015160629370560938,0.18
16,sco_kcal,118,0.10573703795671463,0.015834301710128784,0.6373420976400102,0.9725645894264825,3.277988910675049,0.17969784140586853,0.05481953914507376,0.06
16,sco_kcal,119,0.14428260922431946,0.009508167393505573,0.6632403787098835,0.9597719004940561,2.196046829223633,0.12671199440956116,0.057700042058919834,0.02
16,sco_kcal,120,0.04754311218857765,0.03995189443230629,0.6286941185770398,0.9672032802628203,7.7565717697143555,0.07472788542509079,0.00963413833375034,0.02
16,sco_kcal,121,0.4087390899658203,0.01804332248866558,0.6490928188695022,0.9330873586383268,3.7553727626800537,0.8477118611335754,0.2257330802305225,0.28
16,sco_kcal,122,0.2071806639432907,0.02164384536445141,0.6630609951954225,0.9714857704259219,4.741408824920654,0.24624237418174744,0.051934431995719794,0.18
16,sco_kcal,123,0.1793668568134308,0.11501619964838028,0.6577028502599083,0.9151994173966458,24.1662540435791,4.728948593139648,0.1956839725599142,0.04
16,sco_kcal,124,0.39651867747306824,0.011526689864695072,0.662232380150982,0.9498370735913042,2.474858045578003,0.8506289124488831,0.3437081629666637,0.3
16,sco_kcal,125,0.701770007610321,0.01683095470070839,0.6388671299493958,0.9241703216181472,3.460437059402466,2.7870917320251465,0.8054161032787026,0.66
16,sco_kcal,126,0.38350754976272583,0.021600371226668358,0.6235423811404959,0.950914949700483,4.22508430480957,1.3772962093353271,0.3259807639264144,0.28
16,sco_kcal,127,0.07654736936092377,0.05764547735452652,0.6620283024168221,0.9386626806397345,12.875345230102539,0.21968910098075867,0.01706277362312009,0.02
16,sco_kcal,128,0.19119305908679962,0.015348970890045166,0.6576047207365883,0.9701330408503208,3.371772050857544,0.08677267283201218,0.025735035323619593,0.2
16,sco_kcal,129,0.04364035278558731,0.05146060138940811,0.6272871300315261,0.9669419606798138,9.91091537475586,0.03949563950300217,0.003985064750285499,0.02
16,sco_kcal,130,0.34115248918533325,0.018069609999656677,0.624270881655401,0.9429875673328674,3.4921839237213135,0.5960347056388855,0.1706767795333482,0.26
16,sco_kcal,131,0.19010448455810547,0.017367329448461533,0.6468924850312967,0.9514762217914008,3.5649521350860596,0.2762019634246826,0.07747704680416838,0.12
16,sco_kcal,132,0.13216857612133026,0.023737723007798195,0.6282047239189099,0.936170406396597,4.647531032562256,0.23688893020153046,0.050970919514426546,0.06
16,sco_kcal,133,0.18718279898166656,0.03945058211684227,0.6015944260476753,0.9239350629870895,6.7509284019470215,1.0471878051757812,0.15511759906589498,0.1
16,sco_kcal,134,0.5033100247383118,0.012195738032460213,0.6284604018842868,0.9135405645232038,2.4612271785736084,1.208763599395752,0.4911223189467153,0.3
16,sco_kcal,135,0.37201374769210815,0.01361443754285574,0.6466565817544949,0.9507649409817376,2.9619204998016357,0.4567529261112213,0.15420836789569833,0.14
16,sco_kcal,136,0.408223956823349,0.020828353241086006,0.6292301545079944,0.9230774124627301,4.1639251708984375,1.722303032875061,0.4136248760934013,0.2
16,sco_kcal,137,0.10297253727912903,0.010334623977541924,0.6571031296093832,0.963594336931709,2.2679965496063232,0.17637024819850922,0.07776477800599979,0.04
16,sco_kcal,138,0.12089696526527405,0.027527693659067154,0.639615559904597,0.9422592064224891,5.6204094886779785,0.23623725771903992,0.04203203666831172,0.02
16,sco_kcal,139,0.2138923853635788,0.024023326113820076,0.6188133938535327,0.9365994498137431,4.601212024688721,0.36169689893722534,0.07860904844125167,0.2
16,sco_kcal,140,0.21354153752326965,0.015300892293453217,0.6445034702874775,0.9658744144589229,3.282999277114868,0.1646086424589157,0.050139713281805956,0.08
16,sco_kcal,141,0.10934634506702423,0.01238473691046238,0.6599759110654977,0.9552539685465058,2.757964849472046,0.10957273840904236,0.03972956306169665,0.04
16,sco_kcal,142,0.5443153381347656,0.03250769525766373,0.6196900701600405,0.9524121148616109,6.223498344421387,2.560080051422119,0.4113570711747551,0.4
16,sco_kcal,143,0.500763475894928,0.012871985323727131,0.6367079664847874,0.9133917587702516,2.7600326538085938,1.0954920053482056,0.39691269733223133,0.26
16,sco_kcal,144,0.3645581305027008,0.024427538737654686,0.6240148519299511,0.9138028249218157,4.961994647979736,1.6437852382659912,0.3312750929578802,0.18
16,sco_kcal,145,0.21404123306274414,0.02378833293914795,0.6633967718077693,0.9171289063035559,5.193828105926514,0.6874225735664368,0.13235373977472234,0.12
16,sco_kcal,146,0.3625222146511078,0.019190354272723198,0.6277367751173673,0.9203084173309555,3.8031582832336426,1.1970518827438354,0.31475205437046383,0.18
16,sco_kcal,147,0.14167430996894836,0.02855938859283924,0.6051484719229849,0.938690270945393,5.023463726043701,0.30096009373664856,0.05991087228844665,0.04
16,sco_kcal,148,0.5134511590003967,0.015465455129742622,0.6222252989727952,0.919175567414106,2.9666924476623535,1.558404803276062,0.5253004248903619,0.44
16,sco_kcal,149,0.19131620228290558,0.019945109263062477,0.6189774678655269,0.9595208056985565,3.881134271621704,0.1411140412092209,0.03635896913977609,0.1
16,sco_kcal,150,0.08488579839468002,0.024409350007772446,0.6332362866484138,0.9681464784721732,4.923856735229492,0.07314914464950562,0.01485606681570037,0.02
16,sco_kcal,151,0.48778021335601807,0.05213676393032074,0.6436204930701599,0.9148362769524325,10.470617294311523,4.834578037261963,0.4617280816756136,0.28
16,sco_kcal,152,0.053961947560310364,0.05134235695004463,0.6404702213905054,0.9627861608765333,10.491729736328125,0.02648034319281578,0.0025239254020360726,0.0
16,sco_kcal,153,0.7618557214736938,0.011161948554217815,0.6959262450656838,0.9017149322565972,2.60099196434021,2.4415535926818848,0.9387009364718396,0.68
16,sco_kcal,154,0.14562979340553284,0.0207094457000494,0.6679829560754047,0.9468611762967425,4.63434362411499,0.29177185893058777,0.06295861563055906,0.0
16,sco_kcal,155,0.13505147397518158,0.05763552337884903,0.6452835550065186,0.9182115858580158,12.572389602661133,1.230404257774353,0.09786558455951123,0.02
16,sco_kcal,156,0.4999690353870392,0.03024204820394516,0.6693576087702373,0.9088262242026519,6.825615406036377,3.946436882019043,0.5781803760183921,0.44
16,sco_kcal,157,0.4868011474609375,0.013681501150131226,0.6399871359931197,0.9190545033618744,2.7668120861053467,0.947025716304779,0.3422804609899774,0.28
16,sco_kcal,158,0.1762227714061737,0.008955775760114193,0.5989984318972501,0.959539883734805,1.636731505393982,0.13454845547676086,0.08220557558362228,0.14
16,sco_kcal,159,0.17535725235939026,0.048253875225782394,0.659355622638605,0.9282694285481607,10.96544361114502,1.1162796020507812,0.10179976676148522,0.02
16,sco_kcal,160,0.09372131526470184,0.05250939354300499,0.623942883623654,0.9425637066382422,9.976153373718262,0.45855534076690674,0.04596514544122293,0.02
16,sco_kcal,161,0.40893033146858215,0.0133772362023592,0.667958705251344,0.911217172369734,2.983881711959839,1.1746907234191895,0.39367871679056693,0.16
16,sco_kcal,162,0.3547859787940979,0.011993009597063065,0.6626424925856345,0.9480122077054158,2.7465858459472656,0.2980080246925354,0.10850125989408348,0.18
16,sco_kcal,163,0.19614841043949127,0.05281316116452217,0.6115368439659292,0.9375279172912057,9.736818313598633,0.9324535131454468,0.09576572994518792,0.12
16,sco_kcal,164,0.5930031538009644,0.02183106355369091,0.6383985828997083,0.8998040428679506,4.176675319671631,2.814401626586914,0.6738377803348577,0.38
16,sco_kcal,165,0.18479090929031372,0.018664341419935226,0.6129548829439408,0.9573000857965319,3.577794075012207,0.07578074187040329,0.021180856215193083,0.14
16,sco_kcal,166,0.189580500125885,0.009428830817341805,0.6194889694937165,0.9523966232814289,1.9600768089294434,0.048110201954841614,0.024545059528110272,0.12
16,sco_kcal,167,0.518693745136261,0.02603086642920971,0.6344694070288364,0.9070415225570487,5.055679798126221,2.552543878555298,0.5048863813529773,0.26
16,sco_kcal,168,0.04013800993561745,0.04125024005770683,0.609227087440382,0.9695328225647579,7.482157230377197,0.1387617141008377,0.018545682726028776,0.02
16,sco_kcal,169,0.1535823941230774,0.0652025118470192,0.6330619207839516,0.9284287166083041,12.779722213745117,1.2001535892486572,0.09391077279894572,0.14
16,sco_kcal,170,0.2537236213684082,0.014247722923755646,0.6641513027636119,0.9246456118982267,3.2335691452026367,0.6999936699867249,0.21647709962387665,0.12
16,sco_kcal,171,0.18626904487609863,0.06607617437839508,0.6499477036857324,0.9032841397312077,14.266010284423828,2.85661244392395,0.2002390568190539,0.04
16,sco_kcal,172,0.1902664452791214,0.034531161189079285,0.6534419129477409,0.9276223111669823,7.4444708824157715,1.0089188814163208,0.13552593560402523,0.04
16,sco_kcal,173,0.2546893358230591,0.014632740058004856,0.655264550891371,0.96858614952852,3.2947616577148438,0.07834677398204803,0.02377919319250158,0.2
16,sco_kcal,174,0.5816677212715149,0.020670350641012192,0.6323301163043755,0.9107619820991439,4.141989707946777,2.213402509689331,0.5343814605436418,0.46
16,sco_kcal,175,0.27612563967704773,0.028405319899320602,0.6212607834260826,0.9238373069222525,5.43788480758667,0.8953287601470947,0.16464651088194734,0.08
16,sco_kcal,176,0.2519340515136719,0.03669867664575577,0.609262225793294,0.9219908107662467,6.99507474899292,1.5319809913635254,0.21900852333051687,0.12
16,sco_kcal,177,0.07530009746551514,0.050479765981435776,0.6416163383217437,0.9707063887535434,10.162110328674316,0.06533627212047577,0.0064293999973723094,0.1
16,sco_kcal,178,0.164620503783226,0.009394396096467972,0.6240553783365441,0.9476058977347441,1.9037491083145142,0.23402473330497742,0.12292834821715105,0.06
16,sco_kcal,179,0.3539752662181854,0.024907810613512993,0.6438634448680471,0.9212868474164049,5.227497100830078,1.7390570640563965,0.3326748978550845,0.14
16,sco_kcal,180,0.5416841506958008,0.014170444570481777,0.6532203743813738,0.9309184103005055,3.0036511421203613,1.5656052827835083,0.5212340610495477,0.34
16,sco_kcal,181,0.1343778371810913,0.03991170972585678,0.6579097207854743,0.9487949499470987,8.329086303710938,0.570278525352478,0.06846831747900084,0.18
16,sco_kcal,182,0.33293625712394714,0.02406003698706627,0.6344869584000403,0.92793903824489,4.935710906982422,0.9019313454627991,0.18273585354986255,0.2
16,sco_kcal,183,0.41039562225341797,0.014194231480360031,0.6484025527263086,0.9154275784198,3.097702741622925,0.9434300065040588,0.30455795316557205,0.24
16,sco_kcal,184,0.4377387464046478,0.013301991857588291,0.639120872080873,0.9257982014338766,2.8079614639282227,0.9506411552429199,0.338552066135912,0.12
16,sco_kcal,185,0.06732477247714996,0.06901493668556213,0.6525217761281175,0.9354195023666303,15.017814636230469,0.732180655002594,0.04875414118084855,0.02
16,sco_kcal,186,0.44355708360671997,0.013255779631435871,0.6265332445945508,0.9206609036057269,2.807826042175293,0.802046000957489,0.28564661375393613,0.32
16,sco_kcal,187,0.06337446719408035,0.03715898469090462,0.6490694727700066,0.9559742120736472,7.8255228996276855,0.08201956748962402,0.01048103347745954,0.06
16,sco_kcal,188,0.1268317550420761,0.011297926306724548,0.655375649254156,0.9775954929132695,2.4779880046844482,0.1569426953792572,0.06333472764297847,0.04
16,sco_kcal,189,0.29111960530281067,0.23109838366508484,0.6658862233617875,0.9859626611076207,50.8184928894043,1.906324863433838,0.03751242421892658,0.2
16,sco_kcal,190,0.10590896010398865,0.033042483031749725,0.6551867636775528,0.9334889870837269,7.0804548263549805,0.5005055665969849,0.07068833554787966,0.04
16,sco_kcal,191,0.1875120997428894,0.013798774220049381,0.6563745884368368,0.9568387870088755,3.0147674083709717,0.49431756138801575,0.16396540576081126,0.08
16,sco_kcal,192,0.16197028756141663,0.0228001456707716,0.6164806293709308,0.9371137847844673,4.4031877517700195,0.47022396326065063,0.10679171313365578,0.12
16,sco_kcal,193,0.10258104652166367,0.05673377588391304,0.5959703314614098,0.9600930825358531,9.99318790435791,0.059290315955877304,0.005933073261838848,0.08
16,sco_kcal,194,0.2208518087863922,0.014137917198240757,0.6641214353930411,0.9639507550077875,3.1334495544433594,0.20573584735393524,0.06565794144098902,0.1
16,sco_kcal,195,0.4707646667957306,0.016772756353020668,0.6337686179672262,0.9122658817538061,3.4257359504699707,1.3771554231643677,0.4020027938742442,0.24
16,sco_kcal,196,0.3498173654079437,0.03294270113110542,0.6563587462281981,0.8961055335197035,6.9458208084106445,1.9774525165557861,0.2846967365125952,0.22
16,sco_kcal,197,0.5175129771232605,0.033949241042137146,0.633214751822508,0.9013482706519598,6.7080841064453125,3.6966333389282227,0.5510714058245625,0.26
16,sco_kcal,198,0.07906163483858109,0.020881177857518196,0.6571277705117748,0.9590571867903113,4.45752477645874,0.24937306344509125,0.05594429104737462,0.08
16,sco_kcal,199,0.05611591413617134,0.07515896111726761,0.6252102927234815,0.9618054412534629,14.572175025939941,0.08805568516254425,0.0060427276645933945,0.02
16,sco_kcal,200,0.052209511399269104,0.03856709226965904,0.6698086629292144,0.963226031252572,8.574723243713379,0.12582515180110931,0.014673960689443702,0.0
16,sco_kcal,201,0.42802685499191284,0.04153614118695259,0.6721442505335946,0.9427401928295254,9.664151191711426,2.297424793243408,0.2377264953402035,0.26
16,sco_kcal,202,0.3406223952770233,0.04739067330956459,0.6782689069207717,0.9197843686664804,10.996474266052246,3.7570865154266357,0.341662829787664,0.14
16,sco_kcal,203,0.27917996048927307,0.05271642282605171,0.6497381336270383,0.9318683667810881,11.183966636657715,1.6954963207244873,0.1516006239831899,0.2
16,sco_kcal,204,0.4618033170700073,0.03330681845545769,0.6525588021992323,0.9005421905182467,7.244863033294678,2.938047409057617,0.405535259335539,0.28
16,sco_kcal,205,0.08730580657720566,0.01898222044110298,0.6145296158292661,0.9675421989084148,3.6015141010284424,0.05975303053855896,0.016591086099453554,0.04
16,sco_kcal,206,0.7086111903190613,0.012170461006462574,0.6866051178554746,0.9012277428215498,2.8776941299438477,2.038961410522461,0.7085400040629917,0.44
16,sco_kcal,207,0.7961889505386353,0.009887578897178173,0.6828943574641173,0.9142172624723006,2.0228726863861084,2.4653656482696533,1.2187448398811815,0.7
16,sco_kcal,208,0.30723023414611816,0.007340074982494116,0.6490765081218393,0.9755982076726715,1.5699412822723389,0.27960848808288574,0.1781012393522001,0.16
16,sco_kcal,209,0.47959014773368835,0.01157782506197691,0.6353670552617594,0.899531328423931,2.359687328338623,0.8489322662353516,0.35976472647037366,0.28
16,sco_kcal,210,0.1256965696811676,0.012245411984622478,0.6646062761238041,0.957286515039806,2.8724732398986816,0.14883476495742798,0.05181415196149145,0.02
16,sco_kcal,211,0.06803226470947266,0.06323179602622986,0.6666330811203138,0.9662447528210156,13.987674713134766,0.21774809062480927,0.015567140006504335,0.0
16,sco_kcal,212,0.23581422865390778,0.016444377601146698,0.6271520731751592,0.9560469038243353,3.3487935066223145,0.14299720525741577,0.04270111160172629,0.2
16,sco_kcal,213,0.1339251697063446,0.02000330574810505,0.6583350159089978,0.9596124439812674,4.329427719116211,0.189210906624794,0.04370344509722376,0.08
16,sco_kcal,214,0.6454731225967407,0.0186066422611475,0.6603602735811596,0.8931427134286469,4.012506008148193,2.5664923191070557,0.6396232962381319,0.4
16,sco_kcal,215,0.637665867805481,0.01773582212626934,0.6557868243094029,0.9356214028825389,3.730963706970215,2.364415407180786,0.6337277960553642,0.5
16,sco_kcal,216,0.2886655628681183,0.0291569996625185,0.6085464853647886,0.9220093741045399,5.522016525268555,1.3304027318954468,0.24092697401530228,0.14
16,sco_kcal,217,0.24286706745624542,0.017029432579874992,0.6414341417230847,0.933791442616615,3.5676627159118652,0.4932749569416046,0.13826277768399628,0.12
16,sco_kcal,218,0.8561828136444092,0.009021748788654804,0.7218131833424333,0.9093930543718989,2.089010715484619,2.8815505504608154,1.379385241589026,0.7
16,sco_kcal,219,0.19823729991912842,0.012721620500087738,0.665275230170236,0.9524540645450754,2.908257007598877,0.3521420657634735,0.12108354414461121,0.04
16,sco_kcal,220,0.09105522185564041,0.052864257246255875,0.6066737291721365,0.954835710841988,9.677229881286621,0.26472485065460205,0.027355436824593234,0.14
16,sco_kcal,221,0.14918002486228943,0.014604303054511547,0.6631857549005826,0.9694389082706727,3.228142499923706,0.07983025163412094,0.024729469543555666,0.1
16,sco_kcal,222,0.33750343322753906,0.017031624913215637,0.6340555384848392,0.9472583758601263,3.5297763347625732,0.7716259956359863,0.2186047846818852,0.14
16,sco_kcal,223,0.9498235583305359,0.031233590096235275,0.6426084477793379,0.9251343626946247,5.927127361297607,16.951738357543945,2.860025999818022,0.26
16,sco_kcal,224,0.12388819456100464,0.009375565685331821,0.6097900285292464,0.9552927171008219,1.8309930562973022,0.0921483039855957,0.05032695436428427,0.08
16,sco_kcal,225,0.5116108059883118,0.010989915579557419,0.6620365261329066,0.9351591181996322,2.256587028503418,1.417847990989685,0.6283152269691147,0.42
16,sco_kcal,226,0.686114490032196,0.01521233655512333,0.6556911635182932,0.9175820847276968,3.2480075359344482,2.512232780456543,0.7734688890534782,0.5
16,sco_kcal,227,0.4464520812034607,0.23255594074726105,0.6806238035704184,0.9847738432553461,53.89847946166992,1.9710078239440918,0.03656889477458785,0.34
16,sco_kcal,228,0.18363229930400848,0.039034049957990646,0.6341369104080121,0.9395063639193473,8.011659622192383,0.712311327457428,0.08890933477557109,0.16
16,sco_kcal,229,0.15907543897628784,0.01577337458729744,0.6624985025005563,0.9666624519888962,3.4808192253112793,0.18734242022037506,0.053821358735922746,0.02
16,sco_kcal,230,0.25846272706985474,0.009915491566061974,0.6625993278382092,0.9489955558327914,2.188173294067383,0.5602298974990845,0.25602629326387927,0.08
16,sco_kcal,231,0.6674154996871948,0.026216978207230568,0.6590464374085625,0.9053978781539473,5.476609230041504,4.186271667480469,0.7643911573089803,0.52
16,sco_kcal,232,0.484112024307251,0.026240909472107887,0.6654124248325337,0.8884574352037682,5.648263931274414,2.8765063285827637,0.5092726479468426,0.16
16,sco_kcal,233,0.489212304353714,0.022184327244758606,0.645859923252804,0.9071490830042208,4.603599548339844,2.115673065185547,0.45956930940018526,0.3
16,sco_kcal,234,0.08369383960962296,0.0673394724726677,0.666093634199507,0.9502861510999818,14.811293601989746,0.565647304058075,0.03819027015858264,0.02
16,sco_kcal,235,0.3577001988887787,0.02159598097205162,0.6474902769533573,0.9275156976586298,4.552731513977051,0.9234196543693542,0.20282761053104548,0.22
16,sco_kcal,236,0.37397289276123047,0.014269479550421238,0.653640687522052,0.930851849813116,3.1556005477905273,0.7499386668205261,0.2376532312829057,0.06
16,sco_kcal,237,0.48417139053344727,0.9757944941520691,0.6688506408293984,0.9460925530163604,243.4396209716797,30.56050682067871,0.12553628985576648,0.26
16,sco_kcal,238,0.5690116882324219,0.01661492884159088,0.6707401555655155,0.9130346513847116,3.722393035888672,2.3816463947296143,0.6398159387704281,0.36
16,sco_kcal,239,0.07405342906713486,0.038062386214733124,0.6267280454853734,0.9544679340650475,7.532872200012207,0.023229146376252174,0.003083703766567888,0.06
16,sco_kcal,240,0.1344829797744751,0.010117669589817524,0.6339144315498473,0.9703684280553304,2.0969417095184326,0.17737163603305817,0.08458586866193432,0.04
16,sco_kcal,241,0.4932573735713959,0.018858568742871284,0.6665829259512692,0.9009323802301512,4.1973161697387695,2.158573627471924,0.5142747270349824,0.16
16,sco_kcal,242,0.24630679190158844,0.01998155377805233,0.6576713759360382,0.9467464010209061,4.63823127746582,0.36688724160194397,0.0791006786109207,0.12
16,sco_kcal,243,0.5355889797210693,0.03461902588605881,0.6338411076318282,0.8901621858230566,6.871344089508057,3.8677453994750977,0.5628804712866595,0.34
16,sco_kcal,244,0.21536926925182343,0.0214154701679945,0.6633717323900616,0.9667118880143943,4.732054233551025,0.23987188935279846,0.05069085803202934,0.1
16,sco_kcal,245,0.0797925814986229,0.02516409568488598,0.6561344278630894,0.9743655591858982,5.572739601135254,0.07505406439304352,0.013468073113940913,0.02
16,sco_kcal,246,0.13565358519554138,0.026314422488212585,0.6136048027932479,0.9520567922372816,4.919607639312744,0.14662912487983704,0.029805044554390668,0.12
16,sco_kcal,247,0.20448726415634155,0.02600787580013275,0.6599815872973502,0.9414715120873998,5.77366828918457,0.6298777461051941,0.10909489678946438,0.1
16,sco_kcal,248,0.4074152112007141,0.023559652268886566,0.6321710631601072,0.9126886267593364,4.708771228790283,1.940801978111267,0.4121673965056639,0.3
16,sco_kcal,249,0.23424389958381653,0.01557968370616436,0.6231537852142954,0.9451307396370827,3.143629550933838,0.619466245174408,0.1970544668631172,0.08
16,water_gsolv_eV,0,0.9999999403953552,0.0,0.6663054084170938,0.6663054084170938,,,,1.0
16,water_gsolv_eV,1,0.9999999403953552,0.0,0.6663054084170938,0.6663054084170938,,,,1.0
16,water_gsolv_eV,2,0.9999999403953552,0.0,0.6663054084170938,0.6663054084170938,,,,1.0
16,water_gsolv_eV,3,0.9999999403953552,0.0,0.6663054084170938,0.6663054084170938,,,,1.0
16,water_gsolv_eV,4,0.9999999403953552,0.0,0.6663054084170938,0.6663054084170938,,,,1.0
16,water_gsolv_eV,5,0.9999999403953552,0.0,0.6663054084170938,0.6663054084170938,,,,1.0
16,water_gsolv_eV,6,0.9999999403953552,0.0,0.6663054084170938,0.6663054084170938,,,,1.0
16,water_gsolv_eV,7,0.9999999403953552,0.0,0.6663054084170938,0.6663054084170938,,,,1.0
16,water_gsolv_eV,8,0.9999999403953552,0.0,0.6663054084170938,0.6663054084170938,,,,1.0
16,water_gsolv_eV,9,0.9999999403953552,0.0,0.6663054084170938,0.6663054084170938,,,,1.0
16,water_gsolv_eV,10,0.9999999403953552,0.0,0.6663054084170938,0.6663054084170938,,,,1.0
16,water_gsolv_eV,11,0.9999999403953552,0.0,0.6663054084170938,0.6663054084170938,,,,1.0
16,water_gsolv_eV,12,0.9999999403953552,0.0,0.6663054084170938,0.6663054084170938,,,,1.0
16,water_gsolv_eV,13,0.9999999403953552,0.0,0.6663054084170938,0.6663054084170938,,,,1.0
16,water_gsolv_eV,14,0.9999999403953552,0.0,0.6663054084170938,0.6663054084170938,,,,1.0
16,water_gsolv_eV,15,0.9999999403953552,0.0,0.6663054084170938,0.6663054084170938,,,,1.0
16,water_gsolv_eV,16,0.9999999403953552,0.0,0.6663054084170938,0.6663054084170938,,,,1.0
16,water_gsolv_eV,17,0.9999999403953552,0.0,0.6663054084170938,0.6663054084170938,,,,1.0
16,water_gsolv_eV,18,0.9999999403953552,0.0,0.6663054084170938,0.6663054084170938,,,,1.0
16,water_gsolv_eV,19,0.9999999403953552,0.0,0.6663054084170938,0.6663054084170938,,,,1.0
16,water_gsolv_eV,20,0.9999999403953552,0.0,0.6663054084170938,0.6663054084170938,,,,1.0
16,water_gsolv_eV,21,0.9999999403953552,0.0,0.6663054084170938,0.6663054084170938,,,,1.0
16,water_gsolv_eV,22,0.9999999403953552,0.0,0.6663054084170938,0.6663054084170938,,,,1.0
16,water_gsolv_eV,23,0.9999999403953552,0.0,0.6663054084170938,0.6663054084170938,,,,1.0
16,water_gsolv_eV,24,0.9999999403953552,0.0,0.6663054084170938,0.6663054084170938,,,,1.0
16,water_gsolv_eV,25,0.9999999403953552,0.0,0.6663054084170938,0.6663054084170938,,,,1.0
16,water_gsolv_eV,26,0.9999999403953552,0.0,0.6663054084170938,0.6663054084170938,,,,1.0
16,water_gsolv_eV,27,0.9999999403953552,0.0,0.6663054084170938,0.6663054084170938,,,,1.0
16,water_gsolv_eV,28,0.9999999403953552,0.0,0.6663054084170938,0.6663054084170938,,,,1.0
16,water_gsolv_eV,29,0.9999999403953552,0.0,0.6663054084170938,0.6663054084170938,,,,1.0
16,water_gsolv_eV,30,0.9999999403953552,0.0,0.6663054084170938,0.6663054084170938,,,,1.0
16,water_gsolv_eV,31,0.9999999403953552,0.0,0.6663054084170938,0.6663054084170938,,,,1.0
16,water_gsolv_eV,32,0.9999999403953552,0.0,0.6663054084170938,0.6663054084170938,,,,1.0
16,water_gsolv_eV,33,0.9999999403953552,0.0,0.6663054084170938,0.6663054084170938,,,,1.0
16,water_gsolv_eV,34,0.9999999403953552,0.0,0.6663054084170938,0.6663054084170938,,,,1.0
16,water_gsolv_eV,35,0.9999999403953552,0.0,0.6663054084170938,0.6663054084170938,,,,1.0
16,water_gsolv_eV,36,0.9999999403953552,0.0,0.6663054084170938,0.6663054084170938,,,,1.0
16,water_gsolv_eV,37,0.9999999403953552,0.0,0.6663054084170938,0.6663054084170938,,,,1.0
16,water_gsolv_eV,38,0.9999999403953552,0.0,0.6663054084170938,0.6663054084170938,,,,1.0
16,water_gsolv_eV,39,0.9999999403953552,0.0,0.6663054084170938,0.6663054084170938,,,,1.0
16,water_gsolv_eV,40,0.9999999403953552,0.0,0.6663054084170938,0.6663054084170938,,,,1.0
16,water_gsolv_eV,41,0.9999999403953552,0.0,0.6663054084170938,0.6663054084170938,,,,1.0
16,water_gsolv_eV,42,0.9999999403953552,0.0,0.6663054084170938,0.6663054084170938,,,,1.0
16,water_gsolv_eV,43,0.9999999403953552,0.0,0.6663054084170938,0.6663054084170938,,,,1.0
16,water_gsolv_eV,44,0.9999999403953552,0.0,0.6663054084170938,0.6663054084170938,,,,1.0
16,water_gsolv_eV,45,0.9999999403953552,0.0,0.6663054084170938,0.6663054084170938,,,,1.0
16,water_gsolv_eV,46,0.9999999403953552,0.0,0.6663054084170938,0.6663054084170938,,,,1.0
16,water_gsolv_eV,47,0.9999999403953552,0.0,0.6663054084170938,0.6663054084170938,,,,1.0
16,water_gsolv_eV,48,0.9999999403953552,0.0,0.6663054084170938,0.6663054084170938,,,,1.0
16,water_gsolv_eV,49,0.9999999403953552,0.0,0.6663054084170938,0.6663054084170938,,,,1.0
16,water_gsolv_eV,50,0.9999999403953552,0.0,0.6663054084170938,0.6663054084170938,,,,1.0
16,water_gsolv_eV,51,0.9999999403953552,0.0,0.6663054084170938,0.6663054084170938,,,,1.0
16,water_gsolv_eV,52,0.9999999403953552,0.0,0.6663054084170938,0.6663054084170938,,,,1.0
16,water_gsolv_eV,53,0.9999999403953552,0.0,0.6663054084170938,0.6663054084170938,,,,1.0
16,water_gsolv_eV,54,0.9999999403953552,0.0,0.6663054084170938,0.6663054084170938,,,,1.0
16,water_gsolv_eV,55,0.9999999403953552,0.0,0.6663054084170938,0.6663054084170938,,,,1.0
16,water_gsolv_eV,56,0.9999999403953552,0.0,0.6663054084170938,0.6663054084170938,,,,1.0
16,water_gsolv_eV,57,0.9999999403953552,0.0,0.6663054084170938,0.6663054084170938,,,,1.0
16,water_gsolv_eV,58,0.9999999403953552,0.0,0.6663054084170938,0.6663054084170938,,,,1.0
16,water_gsolv_eV,59,0.9999999403953552,0.0,0.6663054084170938,0.6663054084170938,,,,1.0
16,water_gsolv_eV,60,0.9999999403953552,0.0,0.6663054084170938,0.6663054084170938,,,,1.0
16,water_gsolv_eV,61,0.9999999403953552,0.0,0.6663054084170938,0.6663054084170938,,,,1.0
16,water_gsolv_eV,62,0.9999999403953552,0.0,0.6663054084170938,0.6663054084170938,,,,1.0
16,water_gsolv_eV,63,0.9999999403953552,0.0,0.6663054084170938,0.6663054084170938,,,,1.0
16,water_gsolv_eV,64,0.9999999403953552,0.0,0.6663054084170938,0.6663054084170938,,,,1.0
16,water_gsolv_eV,65,0.9999999403953552,0.0,0.6663054084170938,0.6663054084170938,,,,1.0
16,water_gsolv_eV,66,0.9999999403953552,0.0,0.6663054084170938,0.6663054084170938,,,,1.0
16,water_gsolv_eV,67,0.9999999403953552,0.0,0.6663054084170938,0.6663054084170938,,,,1.0
16,water_gsolv_eV,68,0.9999999403953552,0.0,0.6663054084170938,0.6663054084170938,,,,1.0
16,water_gsolv_eV,69,0.9999999403953552,0.0,0.6663054084170938,0.6663054084170938,,,,1.0
16,water_gsolv_eV,70,0.9999999403953552,0.0,0.6663054084170938,0.6663054084170938,,,,1.0
16,water_gsolv_eV,71,0.9999999403953552,0.0,0.6663054084170938,0.6663054084170938,,,,1.0
16,water_gsolv_eV,72,0.9999999403953552,0.0,0.6663054084170938,0.6663054084170938,,,,1.0
16,water_gsolv_eV,73,0.9999999403953552,0.0,0.6663054084170938,0.6663054084170938,,,,1.0
16,water_gsolv_eV,74,0.9999999403953552,0.0,0.6663054084170938,0.6663054084170938,,,,1.0
16,water_gsolv_eV,75,0.9999999403953552,0.0,0.6663054084170938,0.6663054084170938,,,,1.0
16,water_gsolv_eV,76,0.9999999403953552,0.0,0.6663054084170938,0.6663054084170938,,,,1.0
16,water_gsolv_eV,77,0.9999999403953552,0.0,0.6663054084170938,0.6663054084170938,,,,1.0
16,water_gsolv_eV,78,0.9999999403953552,0.0,0.6663054084170938,0.6663054084170938,,,,1.0
16,water_gsolv_eV,79,0.9999999403953552,0.0,0.6663054084170938,0.6663054084170938,,,,1.0
16,water_gsolv_eV,80,0.9999999403953552,0.0,0.6663054084170938,0.6663054084170938,,,,1.0
16,water_gsolv_eV,81,0.9999999403953552,0.0,0.6663054084170938,0.6663054084170938,,,,1.0
16,water_gsolv_eV,82,0.9999999403953552,0.0,0.6663054084170938,0.6663054084170938,,,,1.0
16,water_gsolv_eV,83,0.9999999403953552,0.0,0.6663054084170938,0.6663054084170938,,,,1.0
16,water_gsolv_eV,84,0.9999999403953552,0.0,0.6663054084170938,0.6663054084170938,,,,1.0
16,water_gsolv_eV,85,0.9999999403953552,0.0,0.6663054084170938,0.6663054084170938,,,,1.0
16,water_gsolv_eV,86,0.9999999403953552,0.0,0.6663054084170938,0.6663054084170938,,,,1.0
16,water_gsolv_eV,87,0.9999999403953552,0.0,0.6663054084170938,0.6663054084170938,,,,1.0
16,water_gsolv_eV,88,0.9999999403953552,0.0,0.6663054084170938,0.6663054084170938,,,,1.0
16,water_gsolv_eV,89,0.9999999403953552,0.0,0.6663054084170938,0.6663054084170938,,,,1.0
16,water_gsolv_eV,90,0.9999999403953552,0.0,0.6663054084170938,0.6663054084170938,,,,1.0
16,water_gsolv_eV,91,0.9999999403953552,0.0,0.6663054084170938,0.6663054084170938,,,,1.0
16,water_gsolv_eV,92,0.9999999403953552,0.0,0.6663054084170938,0.6663054084170938,,,,1.0
16,water_gsolv_eV,93,0.9999999403953552,0.0,0.6663054084170938,0.6663054084170938,,,,1.0
16,water_gsolv_eV,94,0.9999999403953552,0.0,0.6663054084170938,0.6663054084170938,,,,1.0
16,water_gsolv_eV,95,0.9999999403953552,0.0,0.6663054084170938,0.6663054084170938,,,,1.0
16,water_gsolv_eV,96,0.9999999403953552,0.0,0.6663054084170938,0.6663054084170938,,,,1.0
16,water_gsolv_eV,97,0.9999999403953552,0.0,0.6663054084170938,0.6663054084170938,,,,1.0
16,water_gsolv_eV,98,0.9999999403953552,0.0,0.6663054084170938,0.6663054084170938,,,,1.0
16,water_gsolv_eV,99,0.9999999403953552,0.0,0.6663054084170938,0.6663054084170938,,,,1.0
16,water_gsolv_eV,100,0.9999999403953552,0.0,0.6663054084170938,0.6663054084170938,,,,1.0
16,water_gsolv_eV,101,0.9999999403953552,0.0,0.6663054084170938,0.6663054084170938,,,,1.0
16,water_gsolv_eV,102,0.9999999403953552,0.0,0.6663054084170938,0.6663054084170938,,,,1.0
16,water_gsolv_eV,103,0.9999999403953552,0.0,0.6663054084170938,0.6663054084170938,,,,1.0
16,water_gsolv_eV,104,0.9999999403953552,0.0,0.6663054084170938,0.6663054084170938,,,,1.0
16,water_gsolv_eV,105,0.9999999403953552,0.0,0.6663054084170938,0.6663054084170938,,,,1.0
16,water_gsolv_eV,106,0.9999999403953552,0.0,0.6663054084170938,0.6663054084170938,,,,1.0
16,water_gsolv_eV,107,0.9999999403953552,0.0,0.6663054084170938,0.6663054084170938,,,,1.0
16,water_gsolv_eV,108,0.9999999403953552,0.0,0.6663054084170938,0.6663054084170938,,,,1.0
16,water_gsolv_eV,109,0.9999999403953552,0.0,0.6663054084170938,0.6663054084170938,,,,1.0
16,water_gsolv_eV,110,0.9999999403953552,0.0,0.6663054084170938,0.6663054084170938,,,,1.0
16,water_gsolv_eV,111,0.9999999403953552,0.0,0.6663054084170938,0.6663054084170938,,,,1.0
16,water_gsolv_eV,112,0.9999999403953552,0.0,0.6663054084170938,0.6663054084170938,,,,1.0
16,water_gsolv_eV,113,0.9999999403953552,0.0,0.6663054084170938,0.6663054084170938,,,,1.0
16,water_gsolv_eV,114,0.9999999403953552,0.0,0.6663054084170938,0.6663054084170938,,,,1.0
16,water_gsolv_eV,115,0.9999999403953552,0.0,0.6663054084170938,0.6663054084170938,,,,1.0
16,water_gsolv_eV,116,0.9999999403953552,0.0,0.6663054084170938,0.6663054084170938,,,,1.0
16,water_gsolv_eV,117,0.9999999403953552,0.0,0.6663054084170938,0.6663054084170938,,,,1.0
16,water_gsolv_eV,118,0.9999999403953552,0.0,0.6663054084170938,0.6663054084170938,,,,1.0
16,water_gsolv_eV,119,0.9999999403953552,0.0,0.6663054084170938,0.6663054084170938,,,,1.0
16,water_gsolv_eV,120,0.9999999403953552,0.0,0.6663054084170938,0.6663054084170938,,,,1.0
16,water_gsolv_eV,121,0.9999999403953552,0.0,0.6663054084170938,0.6663054084170938,,,,1.0
16,water_gsolv_eV,122,0.9999999403953552,0.0,0.6663054084170938,0.6663054084170938,,,,1.0
16,water_gsolv_eV,123,0.9999999403953552,0.0,0.6663054084170938,0.6663054084170938,,,,1.0
16,water_gsolv_eV,124,0.9999999403953552,0.0,0.6663054084170938,0.6663054084170938,,,,1.0
16,water_gsolv_eV,125,0.9999999403953552,0.0,0.6663054084170938,0.6663054084170938,,,,1.0
16,water_gsolv_eV,126,0.9999999403953552,0.0,0.6663054084170938,0.6663054084170938,,,,1.0
16,water_gsolv_eV,127,0.9999999403953552,0.0,0.6663054084170938,0.6663054084170938,,,,1.0
16,water_gsolv_eV,128,0.9999999403953552,0.0,0.6663054084170938,0.6663054084170938,,,,1.0
16,water_gsolv_eV,129,0.9999999403953552,0.0,0.6663054084170938,0.6663054084170938,,,,1.0
16,water_gsolv_eV,130,0.9999999403953552,0.0,0.6663054084170938,0.6663054084170938,,,,1.0
16,water_gsolv_eV,131,0.9999999403953552,0.0,0.6663054084170938,0.6663054084170938,,,,1.0
16,water_gsolv_eV,132,0.9999999403953552,0.0,0.6663054084170938,0.6663054084170938,,,,1.0
16,water_gsolv_eV,133,0.9999999403953552,0.0,0.6663054084170938,0.6663054084170938,,,,1.0
16,water_gsolv_eV,134,0.9999999403953552,0.0,0.6663054084170938,0.6663054084170938,,,,1.0
16,water_gsolv_eV,135,0.9999999403953552,0.0,0.6663054084170938,0.6663054084170938,,,,1.0
16,water_gsolv_eV,136,0.9999999403953552,0.0,0.6663054084170938,0.6663054084170938,,,,1.0
16,water_gsolv_eV,137,0.9999999403953552,0.0,0.6663054084170938,0.6663054084170938,,,,1.0
16,water_gsolv_eV,138,0.9999999403953552,0.0,0.6663054084170938,0.6663054084170938,,,,1.0
16,water_gsolv_eV,139,0.9999999403953552,0.0,0.6663054084170938,0.6663054084170938,,,,1.0
16,water_gsolv_eV,140,0.9999999403953552,0.0,0.6663054084170938,0.6663054084170938,,,,1.0
16,water_gsolv_eV,141,0.9999999403953552,0.0,0.6663054084170938,0.6663054084170938,,,,1.0
16,water_gsolv_eV,142,0.9999999403953552,0.0,0.6663054084170938,0.6663054084170938,,,,1.0
16,water_gsolv_eV,143,0.9999999403953552,0.0,0.6663054084170938,0.6663054084170938,,,,1.0
16,water_gsolv_eV,144,0.9999999403953552,0.0,0.6663054084170938,0.6663054084170938,,,,1.0
16,water_gsolv_eV,145,0.9999999403953552,0.0,0.6663054084170938,0.6663054084170938,,,,1.0
16,water_gsolv_eV,146,0.9999999403953552,0.0,0.6663054084170938,0.6663054084170938,,,,1.0
16,water_gsolv_eV,147,0.9999999403953552,0.0,0.6663054084170938,0.6663054084170938,,,,1.0
16,water_gsolv_eV,148,0.9999999403953552,0.0,0.6663054084170938,0.6663054084170938,,,,1.0
16,water_gsolv_eV,149,0.9999999403953552,0.0,0.6663054084170938,0.6663054084170938,,,,1.0
16,water_gsolv_eV,150,0.9999999403953552,0.0,0.6663054084170938,0.6663054084170938,,,,1.0
16,water_gsolv_eV,151,0.9999999403953552,0.0,0.6663054084170938,0.6663054084170938,,,,1.0
16,water_gsolv_eV,152,0.9999999403953552,0.0,0.6663054084170938,0.6663054084170938,,,,1.0
16,water_gsolv_eV,153,0.9999999403953552,0.0,0.6663054084170938,0.6663054084170938,,,,1.0
16,water_gsolv_eV,154,0.9999999403953552,0.0,0.6663054084170938,0.6663054084170938,,,,1.0
16,water_gsolv_eV,155,0.9999999403953552,0.0,0.6663054084170938,0.6663054084170938,,,,1.0
16,water_gsolv_eV,156,0.9999999403953552,0.0,0.6663054084170938,0.6663054084170938,,,,1.0
16,water_gsolv_eV,157,0.9999999403953552,0.0,0.6663054084170938,0.6663054084170938,,,,1.0
16,water_gsolv_eV,158,0.9999999403953552,0.0,0.6663054084170938,0.6663054084170938,,,,1.0
16,water_gsolv_eV,159,0.9999999403953552,0.0,0.6663054084170938,0.6663054084170938,,,,1.0
16,water_gsolv_eV,160,0.9999999403953552,0.0,0.6663054084170938,0.6663054084170938,,,,1.0
16,water_gsolv_eV,161,0.9999999403953552,0.0,0.6663054084170938,0.6663054084170938,,,,1.0
16,water_gsolv_eV,162,0.9999999403953552,0.0,0.6663054084170938,0.6663054084170938,,,,1.0
16,water_gsolv_eV,163,0.9999999403953552,0.0,0.6663054084170938,0.6663054084170938,,,,1.0
16,water_gsolv_eV,164,0.9999999403953552,0.0,0.6663054084170938,0.6663054084170938,,,,1.0
16,water_gsolv_eV,165,0.9999999403953552,0.0,0.6663054084170938,0.6663054084170938,,,,1.0
16,water_gsolv_eV,166,0.9999999403953552,0.0,0.6663054084170938,0.6663054084170938,,,,1.0
16,water_gsolv_eV,167,0.9999999403953552,0.0,0.6663054084170938,0.6663054084170938,,,,1.0
16,water_gsolv_eV,168,0.9999999403953552,0.0,0.6663054084170938,0.6663054084170938,,,,1.0
16,water_gsolv_eV,169,0.9999999403953552,0.0,0.6663054084170938,0.6663054084170938,,,,1.0
16,water_gsolv_eV,170,0.9999999403953552,0.0,0.6663054084170938,0.6663054084170938,,,,1.0
16,water_gsolv_eV,171,0.9999999403953552,0.0,0.6663054084170938,0.6663054084170938,,,,1.0
16,water_gsolv_eV,172,0.9999999403953552,0.0,0.6663054084170938,0.6663054084170938,,,,1.0
16,water_gsolv_eV,173,0.9999999403953552,0.0,0.6663054084170938,0.6663054084170938,,,,1.0
16,water_gsolv_eV,174,0.9999999403953552,0.0,0.6663054084170938,0.6663054084170938,,,,1.0
16,water_gsolv_eV,175,0.9999999403953552,0.0,0.6663054084170938,0.6663054084170938,,,,1.0
16,water_gsolv_eV,176,0.9999999403953552,0.0,0.6663054084170938,0.6663054084170938,,,,1.0
16,water_gsolv_eV,177,0.9999999403953552,0.0,0.6663054084170938,0.6663054084170938,,,,1.0
16,water_gsolv_eV,178,0.9999999403953552,0.0,0.6663054084170938,0.6663054084170938,,,,1.0
16,water_gsolv_eV,179,0.9999999403953552,0.0,0.6663054084170938,0.6663054084170938,,,,1.0
16,water_gsolv_eV,180,0.9999999403953552,0.0,0.6663054084170938,0.6663054084170938,,,,1.0
16,water_gsolv_eV,181,0.9999999403953552,0.0,0.6663054084170938,0.6663054084170938,,,,1.0
16,water_gsolv_eV,182,0.9999999403953552,0.0,0.6663054084170938,0.6663054084170938,,,,1.0
16,water_gsolv_eV,183,0.9999999403953552,0.0,0.6663054084170938,0.6663054084170938,,,,1.0
16,water_gsolv_eV,184,0.9999999403953552,0.0,0.6663054084170938,0.6663054084170938,,,,1.0
16,water_gsolv_eV,185,0.9999999403953552,0.0,0.6663054084170938,0.6663054084170938,,,,1.0
16,water_gsolv_eV,186,0.9999999403953552,0.0,0.6663054084170938,0.6663054084170938,,,,1.0
16,water_gsolv_eV,187,0.9999999403953552,0.0,0.6663054084170938,0.6663054084170938,,,,1.0
16,water_gsolv_eV,188,0.9999999403953552,0.0,0.6663054084170938,0.6663054084170938,,,,1.0
16,water_gsolv_eV,189,0.9999999403953552,0.0,0.6663054084170938,0.6663054084170938,,,,1.0
16,water_gsolv_eV,190,0.9999999403953552,0.0,0.6663054084170938,0.6663054084170938,,,,1.0
16,water_gsolv_eV,191,0.9999999403953552,0.0,0.6663054084170938,0.6663054084170938,,,,1.0
16,water_gsolv_eV,192,0.9999999403953552,0.0,0.6663054084170938,0.6663054084170938,,,,1.0
16,water_gsolv_eV,193,0.9999999403953552,0.0,0.6663054084170938,0.6663054084170938,,,,1.0
16,water_gsolv_eV,194,0.9999999403953552,0.0,0.6663054084170938,0.6663054084170938,,,,1.0
16,water_gsolv_eV,195,0.9999999403953552,0.0,0.6663054084170938,0.6663054084170938,,,,1.0
16,water_gsolv_eV,196,0.9999999403953552,0.0,0.6663054084170938,0.6663054084170938,,,,1.0
16,water_gsolv_eV,197,0.9999999403953552,0.0,0.6663054084170938,0.6663054084170938,,,,1.0
16,water_gsolv_eV,198,0.9999999403953552,0.0,0.6663054084170938,0.6663054084170938,,,,1.0
16,water_gsolv_eV,199,0.9999999403953552,0.0,0.6663054084170938,0.6663054084170938,,,,1.0
16,water_gsolv_eV,200,0.9999999403953552,0.0,0.6663054084170938,0.6663054084170938,,,,1.0
16,water_gsolv_eV,201,0.9999999403953552,0.0,0.6663054084170938,0.6663054084170938,,,,1.0
16,water_gsolv_eV,202,0.9999999403953552,0.0,0.6663054084170938,0.6663054084170938,,,,1.0
16,water_gsolv_eV,203,0.9999999403953552,0.0,0.6663054084170938,0.6663054084170938,,,,1.0
16,water_gsolv_eV,204,0.9999999403953552,0.0,0.6663054084170938,0.6663054084170938,,,,1.0
16,water_gsolv_eV,205,0.9999999403953552,0.0,0.6663054084170938,0.6663054084170938,,,,1.0
16,water_gsolv_eV,206,0.9999999403953552,0.0,0.6663054084170938,0.6663054084170938,,,,1.0
16,water_gsolv_eV,207,0.9999999403953552,0.0,0.6663054084170938,0.6663054084170938,,,,1.0
16,water_gsolv_eV,208,0.9999999403953552,0.0,0.6663054084170938,0.6663054084170938,,,,1.0
16,water_gsolv_eV,209,0.9999999403953552,0.0,0.6663054084170938,0.6663054084170938,,,,1.0
16,water_gsolv_eV,210,0.9999999403953552,0.0,0.6663054084170938,0.6663054084170938,,,,1.0
16,water_gsolv_eV,211,0.9999999403953552,0.0,0.6663054084170938,0.6663054084170938,,,,1.0
16,water_gsolv_eV,212,0.9999999403953552,0.0,0.6663054084170938,0.6663054084170938,,,,1.0
16,water_gsolv_eV,213,0.9999999403953552,0.0,0.6663054084170938,0.6663054084170938,,,,1.0
16,water_gsolv_eV,214,0.9999999403953552,0.0,0.6663054084170938,0.6663054084170938,,,,1.0
16,water_gsolv_eV,215,0.9999999403953552,0.0,0.6663054084170938,0.6663054084170938,,,,1.0
16,water_gsolv_eV,216,0.9999999403953552,0.0,0.6663054084170938,0.6663054084170938,,,,1.0
16,water_gsolv_eV,217,0.9999999403953552,0.0,0.6663054084170938,0.6663054084170938,,,,1.0
16,water_gsolv_eV,218,0.9999999403953552,0.0,0.6663054084170938,0.6663054084170938,,,,1.0
16,water_gsolv_eV,219,0.9999999403953552,0.0,0.6663054084170938,0.6663054084170938,,,,1.0
16,water_gsolv_eV,220,0.9999999403953552,0.0,0.6663054084170938,0.6663054084170938,,,,1.0
16,water_gsolv_eV,221,0.9999999403953552,0.0,0.6663054084170938,0.6663054084170938,,,,1.0
16,water_gsolv_eV,222,0.9999999403953552,0.0,0.6663054084170938,0.6663054084170938,,,,1.0
16,water_gsolv_eV,223,0.9999999403953552,0.0,0.6663054084170938,0.6663054084170938,,,,1.0
16,water_gsolv_eV,224,0.9999999403953552,0.0,0.6663054084170938,0.6663054084170938,,,,1.0
16,water_gsolv_eV,225,0.9999999403953552,0.0,0.6663054084170938,0.6663054084170938,,,,1.0
16,water_gsolv_eV,226,0.9999999403953552,0.0,0.6663054084170938,0.6663054084170938,,,,1.0
16,water_gsolv_eV,227,0.9999999403953552,0.0,0.6663054084170938,0.6663054084170938,,,,1.0
16,water_gsolv_eV,228,0.9999999403953552,0.0,0.6663054084170938,0.6663054084170938,,,,1.0
16,water_gsolv_eV,229,0.9999999403953552,0.0,0.6663054084170938,0.6663054084170938,,,,1.0
16,water_gsolv_eV,230,0.9999999403953552,0.0,0.6663054084170938,0.6663054084170938,,,,1.0
16,water_gsolv_eV,231,0.9999999403953552,0.0,0.6663054084170938,0.6663054084170938,,,,1.0
16,water_gsolv_eV,232,0.9999999403953552,0.0,0.6663054084170938,0.6663054084170938,,,,1.0
16,water_gsolv_eV,233,0.9999999403953552,0.0,0.6663054084170938,0.6663054084170938,,,,1.0
16,water_gsolv_eV,234,0.9999999403953552,0.0,0.6663054084170938,0.6663054084170938,,,,1.0
16,water_gsolv_eV,235,0.9999999403953552,0.0,0.6663054084170938,0.6663054084170938,,,,1.0
16,water_gsolv_eV,236,0.9999999403953552,0.0,0.6663054084170938,0.6663054084170938,,,,1.0
16,water_gsolv_eV,237,0.9999999403953552,0.0,0.6663054084170938,0.6663054084170938,,,,1.0
16,water_gsolv_eV,238,0.9999999403953552,0.0,0.6663054084170938,0.6663054084170938,,,,1.0
16,water_gsolv_eV,239,0.9999999403953552,0.0,0.6663054084170938,0.6663054084170938,,,,1.0
16,water_gsolv_eV,240,0.9999999403953552,0.0,0.6663054084170938,0.6663054084170938,,,,1.0
16,water_gsolv_eV,241,0.9999999403953552,0.0,0.6663054084170938,0.6663054084170938,,,,1.0
16,water_gsolv_eV,242,0.9999999403953552,0.0,0.6663054084170938,0.6663054084170938,,,,1.0
16,water_gsolv_eV,243,0.9999999403953552,0.0,0.6663054084170938,0.6663054084170938,,,,1.0
16,water_gsolv_eV,244,0.9999999403953552,0.0,0.6663054084170938,0.6663054084170938,,,,1.0
16,water_gsolv_eV,245,0.9999999403953552,0.0,0.6663054084170938,0.6663054084170938,,,,1.0
16,water_gsolv_eV,246,0.9999999403953552,0.0,0.6663054084170938,0.6663054084170938,,,,1.0
16,water_gsolv_eV,247,0.9999999403953552,0.0,0.6663054084170938,0.6663054084170938,,,,1.0
16,water_gsolv_eV,248,0.9999999403953552,0.0,0.6663054084170938,0.6663054084170938,,,,1.0
16,water_gsolv_eV,249,0.9999999403953552,0.0,0.6663054084170938,0.6663054084170938,,,,1.0
16,water_hl_gap_eV,0,0.9999998807907104,0.0,0.6998431143673001,0.6998431143673001,,,,1.0
16,water_hl_gap_eV,1,0.9999998807907104,0.0,0.6998431143673001,0.6998431143673001,,,,1.0
16,water_hl_gap_eV,2,0.9999998807907104,0.0,0.6998431143673001,0.6998431143673001,,,,1.0
16,water_hl_gap_eV,3,0.9999998807907104,0.0,0.6998431143673001,0.6998431143673001,,,,1.0
16,water_hl_gap_eV,4,0.9999998807907104,0.0,0.6998431143673001,0.6998431143673001,,,,1.0
16,water_hl_gap_eV,5,0.9999998807907104,0.0,0.6998431143673001,0.6998431143673001,,,,1.0
16,water_hl_gap_eV,6,0.9999998807907104,0.0,0.6998431143673001,0.6998431143673001,,,,1.0
16,water_hl_gap_eV,7,0.9999998807907104,0.0,0.6998431143673001,0.6998431143673001,,,,1.0
16,water_hl_gap_eV,8,0.9999998807907104,0.0,0.6998431143673001,0.6998431143673001,,,,1.0
16,water_hl_gap_eV,9,0.9999998807907104,0.0,0.6998431143673001,0.6998431143673001,,,,1.0
16,water_hl_gap_eV,10,0.9999998807907104,0.0,0.6998431143673001,0.6998431143673001,,,,1.0
16,water_hl_gap_eV,11,0.9999998807907104,0.0,0.6998431143673001,0.6998431143673001,,,,1.0
16,water_hl_gap_eV,12,0.9999998807907104,0.0,0.6998431143673001,0.6998431143673001,,,,1.0
16,water_hl_gap_eV,13,0.9999998807907104,0.0,0.6998431143673001,0.6998431143673001,,,,1.0
16,water_hl_gap_eV,14,0.9999998807907104,0.0,0.6998431143673001,0.6998431143673001,,,,1.0
16,water_hl_gap_eV,15,0.9999998807907104,0.0,0.6998431143673001,0.6998431143673001,,,,1.0
16,water_hl_gap_eV,16,0.9999998807907104,0.0,0.6998431143673001,0.6998431143673001,,,,1.0
16,water_hl_gap_eV,17,0.9999998807907104,0.0,0.6998431143673001,0.6998431143673001,,,,1.0
16,water_hl_gap_eV,18,0.9999998807907104,0.0,0.6998431143673001,0.6998431143673001,,,,1.0
16,water_hl_gap_eV,19,0.9999998807907104,0.0,0.6998431143673001,0.6998431143673001,,,,1.0
16,water_hl_gap_eV,20,0.9999998807907104,0.0,0.6998431143673001,0.6998431143673001,,,,1.0
16,water_hl_gap_eV,21,0.9999998807907104,0.0,0.6998431143673001,0.6998431143673001,,,,1.0
16,water_hl_gap_eV,22,0.9999998807907104,0.0,0.6998431143673001,0.6998431143673001,,,,1.0
16,water_hl_gap_eV,23,0.9999998807907104,0.0,0.6998431143673001,0.6998431143673001,,,,1.0
16,water_hl_gap_eV,24,0.9999998807907104,0.0,0.6998431143673001,0.6998431143673001,,,,1.0
16,water_hl_gap_eV,25,0.9999998807907104,0.0,0.6998431143673001,0.6998431143673001,,,,1.0
16,water_hl_gap_eV,26,0.9999998807907104,0.0,0.6998431143673001,0.6998431143673001,,,,1.0
16,water_hl_gap_eV,27,0.9999998807907104,0.0,0.6998431143673001,0.6998431143673001,,,,1.0
16,water_hl_gap_eV,28,0.9999998807907104,0.0,0.6998431143673001,0.6998431143673001,,,,1.0
16,water_hl_gap_eV,29,0.9999998807907104,0.0,0.6998431143673001,0.6998431143673001,,,,1.0
16,water_hl_gap_eV,30,0.9999998807907104,0.0,0.6998431143673001,0.6998431143673001,,,,1.0
16,water_hl_gap_eV,31,0.9999998807907104,0.0,0.6998431143673001,0.6998431143673001,,,,1.0
16,water_hl_gap_eV,32,0.9999998807907104,0.0,0.6998431143673001,0.6998431143673001,,,,1.0
16,water_hl_gap_eV,33,0.9999998807907104,0.0,0.6998431143673001,0.6998431143673001,,,,1.0
16,water_hl_gap_eV,34,0.9999998807907104,0.0,0.6998431143673001,0.6998431143673001,,,,1.0
16,water_hl_gap_eV,35,0.9999998807907104,0.0,0.6998431143673001,0.6998431143673001,,,,1.0
16,water_hl_gap_eV,36,0.9999998807907104,0.0,0.6998431143673001,0.6998431143673001,,,,1.0
16,water_hl_gap_eV,37,0.9999998807907104,0.0,0.6998431143673001,0.6998431143673001,,,,1.0
16,water_hl_gap_eV,38,0.9999998807907104,0.0,0.6998431143673001,0.6998431143673001,,,,1.0
16,water_hl_gap_eV,39,0.9999998807907104,0.0,0.6998431143673001,0.6998431143673001,,,,1.0
16,water_hl_gap_eV,40,0.9999998807907104,0.0,0.6998431143673001,0.6998431143673001,,,,1.0
16,water_hl_gap_eV,41,0.9999998807907104,0.0,0.6998431143673001,0.6998431143673001,,,,1.0
16,water_hl_gap_eV,42,0.9999998807907104,0.0,0.6998431143673001,0.6998431143673001,,,,1.0
16,water_hl_gap_eV,43,0.9999998807907104,0.0,0.6998431143673001,0.6998431143673001,,,,1.0
16,water_hl_gap_eV,44,0.9999998807907104,0.0,0.6998431143673001,0.6998431143673001,,,,1.0
16,water_hl_gap_eV,45,0.9999998807907104,0.0,0.6998431143673001,0.6998431143673001,,,,1.0
16,water_hl_gap_eV,46,0.9999998807907104,0.0,0.6998431143673001,0.6998431143673001,,,,1.0
16,water_hl_gap_eV,47,0.9999998807907104,0.0,0.6998431143673001,0.6998431143673001,,,,1.0
16,water_hl_gap_eV,48,0.9999998807907104,0.0,0.6998431143673001,0.6998431143673001,,,,1.0
16,water_hl_gap_eV,49,0.9999998807907104,0.0,0.6998431143673001,0.6998431143673001,,,,1.0
16,water_hl_gap_eV,50,0.9999998807907104,0.0,0.6998431143673001,0.6998431143673001,,,,1.0
16,water_hl_gap_eV,51,0.9999998807907104,0.0,0.6998431143673001,0.6998431143673001,,,,1.0
16,water_hl_gap_eV,52,0.9999998807907104,0.0,0.6998431143673001,0.6998431143673001,,,,1.0
16,water_hl_gap_eV,53,0.9999998807907104,0.0,0.6998431143673001,0.6998431143673001,,,,1.0
16,water_hl_gap_eV,54,0.9999998807907104,0.0,0.6998431143673001,0.6998431143673001,,,,1.0
16,water_hl_gap_eV,55,0.9999998807907104,0.0,0.6998431143673001,0.6998431143673001,,,,1.0
16,water_hl_gap_eV,56,0.9999998807907104,0.0,0.6998431143673001,0.6998431143673001,,,,1.0
16,water_hl_gap_eV,57,0.9999998807907104,0.0,0.6998431143673001,0.6998431143673001,,,,1.0
16,water_hl_gap_eV,58,0.9999998807907104,0.0,0.6998431143673001,0.6998431143673001,,,,1.0
16,water_hl_gap_eV,59,0.9999998807907104,0.0,0.6998431143673001,0.6998431143673001,,,,1.0
16,water_hl_gap_eV,60,0.9999998807907104,0.0,0.6998431143673001,0.6998431143673001,,,,1.0
16,water_hl_gap_eV,61,0.9999998807907104,0.0,0.6998431143673001,0.6998431143673001,,,,1.0
16,water_hl_gap_eV,62,0.9999998807907104,0.0,0.6998431143673001,0.6998431143673001,,,,1.0
16,water_hl_gap_eV,63,0.9999998807907104,0.0,0.6998431143673001,0.6998431143673001,,,,1.0
16,water_hl_gap_eV,64,0.9999998807907104,0.0,0.6998431143673001,0.6998431143673001,,,,1.0
16,water_hl_gap_eV,65,0.9999998807907104,0.0,0.6998431143673001,0.6998431143673001,,,,1.0
16,water_hl_gap_eV,66,0.9999998807907104,0.0,0.6998431143673001,0.6998431143673001,,,,1.0
16,water_hl_gap_eV,67,0.9999998807907104,0.0,0.6998431143673001,0.6998431143673001,,,,1.0
16,water_hl_gap_eV,68,0.9999998807907104,0.0,0.6998431143673001,0.6998431143673001,,,,1.0
16,water_hl_gap_eV,69,0.9999998807907104,0.0,0.6998431143673001,0.6998431143673001,,,,1.0
16,water_hl_gap_eV,70,0.9999998807907104,0.0,0.6998431143673001,0.6998431143673001,,,,1.0
16,water_hl_gap_eV,71,0.9999998807907104,0.0,0.6998431143673001,0.6998431143673001,,,,1.0
16,water_hl_gap_eV,72,0.9999998807907104,0.0,0.6998431143673001,0.6998431143673001,,,,1.0
16,water_hl_gap_eV,73,0.9999998807907104,0.0,0.6998431143673001,0.6998431143673001,,,,1.0
16,water_hl_gap_eV,74,0.9999998807907104,0.0,0.6998431143673001,0.6998431143673001,,,,1.0
16,water_hl_gap_eV,75,0.9999998807907104,0.0,0.6998431143673001,0.6998431143673001,,,,1.0
16,water_hl_gap_eV,76,0.9999998807907104,0.0,0.6998431143673001,0.6998431143673001,,,,1.0
16,water_hl_gap_eV,77,0.9999998807907104,0.0,0.6998431143673001,0.6998431143673001,,,,1.0
16,water_hl_gap_eV,78,0.9999998807907104,0.0,0.6998431143673001,0.6998431143673001,,,,1.0
16,water_hl_gap_eV,79,0.9999998807907104,0.0,0.6998431143673001,0.6998431143673001,,,,1.0
16,water_hl_gap_eV,80,0.9999998807907104,0.0,0.6998431143673001,0.6998431143673001,,,,1.0
16,water_hl_gap_eV,81,0.9999998807907104,0.0,0.6998431143673001,0.6998431143673001,,,,1.0
16,water_hl_gap_eV,82,0.9999998807907104,0.0,0.6998431143673001,0.6998431143673001,,,,1.0
16,water_hl_gap_eV,83,0.9999998807907104,0.0,0.6998431143673001,0.6998431143673001,,,,1.0
16,water_hl_gap_eV,84,0.9999998807907104,0.0,0.6998431143673001,0.6998431143673001,,,,1.0
16,water_hl_gap_eV,85,0.9999998807907104,0.0,0.6998431143673001,0.6998431143673001,,,,1.0
16,water_hl_gap_eV,86,0.9999998807907104,0.0,0.6998431143673001,0.6998431143673001,,,,1.0
16,water_hl_gap_eV,87,0.9999998807907104,0.0,0.6998431143673001,0.6998431143673001,,,,1.0
16,water_hl_gap_eV,88,0.9999998807907104,0.0,0.6998431143673001,0.6998431143673001,,,,1.0
16,water_hl_gap_eV,89,0.9999998807907104,0.0,0.6998431143673001,0.6998431143673001,,,,1.0
16,water_hl_gap_eV,90,0.9999998807907104,0.0,0.6998431143673001,0.6998431143673001,,,,1.0
16,water_hl_gap_eV,91,0.9999998807907104,0.0,0.6998431143673001,0.6998431143673001,,,,1.0
16,water_hl_gap_eV,92,0.9999998807907104,0.0,0.6998431143673001,0.6998431143673001,,,,1.0
16,water_hl_gap_eV,93,0.9999998807907104,0.0,0.6998431143673001,0.6998431143673001,,,,1.0
16,water_hl_gap_eV,94,0.9999998807907104,0.0,0.6998431143673001,0.6998431143673001,,,,1.0
16,water_hl_gap_eV,95,0.9999998807907104,0.0,0.6998431143673001,0.6998431143673001,,,,1.0
16,water_hl_gap_eV,96,0.9999998807907104,0.0,0.6998431143673001,0.6998431143673001,,,,1.0
16,water_hl_gap_eV,97,0.9999998807907104,0.0,0.6998431143673001,0.6998431143673001,,,,1.0
16,water_hl_gap_eV,98,0.9999998807907104,0.0,0.6998431143673001,0.6998431143673001,,,,1.0
16,water_hl_gap_eV,99,0.9999998807907104,0.0,0.6998431143673001,0.6998431143673001,,,,1.0
16,water_hl_gap_eV,100,0.9999998807907104,0.0,0.6998431143673001,0.6998431143673001,,,,1.0
16,water_hl_gap_eV,101,0.9999998807907104,0.0,0.6998431143673001,0.6998431143673001,,,,1.0
16,water_hl_gap_eV,102,0.9999998807907104,0.0,0.6998431143673001,0.6998431143673001,,,,1.0
16,water_hl_gap_eV,103,0.9999998807907104,0.0,0.6998431143673001,0.6998431143673001,,,,1.0
16,water_hl_gap_eV,104,0.9999998807907104,0.0,0.6998431143673001,0.6998431143673001,,,,1.0
16,water_hl_gap_eV,105,0.9999998807907104,0.0,0.6998431143673001,0.6998431143673001,,,,1.0
16,water_hl_gap_eV,106,0.9999998807907104,0.0,0.6998431143673001,0.6998431143673001,,,,1.0
16,water_hl_gap_eV,107,0.9999998807907104,0.0,0.6998431143673001,0.6998431143673001,,,,1.0
16,water_hl_gap_eV,108,0.9999998807907104,0.0,0.6998431143673001,0.6998431143673001,,,,1.0
16,water_hl_gap_eV,109,0.9999998807907104,0.0,0.6998431143673001,0.6998431143673001,,,,1.0
16,water_hl_gap_eV,110,0.9999998807907104,0.0,0.6998431143673001,0.6998431143673001,,,,1.0
16,water_hl_gap_eV,111,0.9999998807907104,0.0,0.6998431143673001,0.6998431143673001,,,,1.0
16,water_hl_gap_eV,112,0.9999998807907104,0.0,0.6998431143673001,0.6998431143673001,,,,1.0
16,water_hl_gap_eV,113,0.9999998807907104,0.0,0.6998431143673001,0.6998431143673001,,,,1.0
16,water_hl_gap_eV,114,0.9999998807907104,0.0,0.6998431143673001,0.6998431143673001,,,,1.0
16,water_hl_gap_eV,115,0.9999998807907104,0.0,0.6998431143673001,0.6998431143673001,,,,1.0
16,water_hl_gap_eV,116,0.9999998807907104,0.0,0.6998431143673001,0.6998431143673001,,,,1.0
16,water_hl_gap_eV,117,0.9999998807907104,0.0,0.6998431143673001,0.6998431143673001,,,,1.0
16,water_hl_gap_eV,118,0.9999998807907104,0.0,0.6998431143673001,0.6998431143673001,,,,1.0
16,water_hl_gap_eV,119,0.9999998807907104,0.0,0.6998431143673001,0.6998431143673001,,,,1.0
16,water_hl_gap_eV,120,0.9999998807907104,0.0,0.6998431143673001,0.6998431143673001,,,,1.0
16,water_hl_gap_eV,121,0.9999998807907104,0.0,0.6998431143673001,0.6998431143673001,,,,1.0
16,water_hl_gap_eV,122,0.9999998807907104,0.0,0.6998431143673001,0.6998431143673001,,,,1.0
16,water_hl_gap_eV,123,0.9999998807907104,0.0,0.6998431143673001,0.6998431143673001,,,,1.0
16,water_hl_gap_eV,124,0.9999998807907104,0.0,0.6998431143673001,0.6998431143673001,,,,1.0
16,water_hl_gap_eV,125,0.9999998807907104,0.0,0.6998431143673001,0.6998431143673001,,,,1.0
16,water_hl_gap_eV,126,0.9999998807907104,0.0,0.6998431143673001,0.6998431143673001,,,,1.0
16,water_hl_gap_eV,127,0.9999998807907104,0.0,0.6998431143673001,0.6998431143673001,,,,1.0
16,water_hl_gap_eV,128,0.9999998807907104,0.0,0.6998431143673001,0.6998431143673001,,,,1.0
16,water_hl_gap_eV,129,0.9999998807907104,0.0,0.6998431143673001,0.6998431143673001,,,,1.0
16,water_hl_gap_eV,130,0.9999998807907104,0.0,0.6998431143673001,0.6998431143673001,,,,1.0
16,water_hl_gap_eV,131,0.9999998807907104,0.0,0.6998431143673001,0.6998431143673001,,,,1.0
16,water_hl_gap_eV,132,0.9999998807907104,0.0,0.6998431143673001,0.6998431143673001,,,,1.0
16,water_hl_gap_eV,133,0.9999998807907104,0.0,0.6998431143673001,0.6998431143673001,,,,1.0
16,water_hl_gap_eV,134,0.9999998807907104,0.0,0.6998431143673001,0.6998431143673001,,,,1.0
16,water_hl_gap_eV,135,0.9999998807907104,0.0,0.6998431143673001,0.6998431143673001,,,,1.0
16,water_hl_gap_eV,136,0.9999998807907104,0.0,0.6998431143673001,0.6998431143673001,,,,1.0
16,water_hl_gap_eV,137,0.9999998807907104,0.0,0.6998431143673001,0.6998431143673001,,,,1.0
16,water_hl_gap_eV,138,0.9999998807907104,0.0,0.6998431143673001,0.6998431143673001,,,,1.0
16,water_hl_gap_eV,139,0.9999998807907104,0.0,0.6998431143673001,0.6998431143673001,,,,1.0
16,water_hl_gap_eV,140,0.9999998807907104,0.0,0.6998431143673001,0.6998431143673001,,,,1.0
16,water_hl_gap_eV,141,0.9999998807907104,0.0,0.6998431143673001,0.6998431143673001,,,,1.0
16,water_hl_gap_eV,142,0.9999998807907104,0.0,0.6998431143673001,0.6998431143673001,,,,1.0
16,water_hl_gap_eV,143,0.9999998807907104,0.0,0.6998431143673001,0.6998431143673001,,,,1.0
16,water_hl_gap_eV,144,0.9999998807907104,0.0,0.6998431143673001,0.6998431143673001,,,,1.0
16,water_hl_gap_eV,145,0.9999998807907104,0.0,0.6998431143673001,0.6998431143673001,,,,1.0
16,water_hl_gap_eV,146,0.9999998807907104,0.0,0.6998431143673001,0.6998431143673001,,,,1.0
16,water_hl_gap_eV,147,0.9999998807907104,0.0,0.6998431143673001,0.6998431143673001,,,,1.0
16,water_hl_gap_eV,148,0.9999998807907104,0.0,0.6998431143673001,0.6998431143673001,,,,1.0
16,water_hl_gap_eV,149,0.9999998807907104,0.0,0.6998431143673001,0.6998431143673001,,,,1.0
16,water_hl_gap_eV,150,0.9999998807907104,0.0,0.6998431143673001,0.6998431143673001,,,,1.0
16,water_hl_gap_eV,151,0.9999998807907104,0.0,0.6998431143673001,0.6998431143673001,,,,1.0
16,water_hl_gap_eV,152,0.9999998807907104,0.0,0.6998431143673001,0.6998431143673001,,,,1.0
16,water_hl_gap_eV,153,0.9999998807907104,0.0,0.6998431143673001,0.6998431143673001,,,,1.0
16,water_hl_gap_eV,154,0.9999998807907104,0.0,0.6998431143673001,0.6998431143673001,,,,1.0
16,water_hl_gap_eV,155,0.9999998807907104,0.0,0.6998431143673001,0.6998431143673001,,,,1.0
16,water_hl_gap_eV,156,0.9999998807907104,0.0,0.6998431143673001,0.6998431143673001,,,,1.0
16,water_hl_gap_eV,157,0.9999998807907104,0.0,0.6998431143673001,0.6998431143673001,,,,1.0
16,water_hl_gap_eV,158,0.9999998807907104,0.0,0.6998431143673001,0.6998431143673001,,,,1.0
16,water_hl_gap_eV,159,0.9999998807907104,0.0,0.6998431143673001,0.6998431143673001,,,,1.0
16,water_hl_gap_eV,160,0.9999998807907104,0.0,0.6998431143673001,0.6998431143673001,,,,1.0
16,water_hl_gap_eV,161,0.9999998807907104,0.0,0.6998431143673001,0.6998431143673001,,,,1.0
16,water_hl_gap_eV,162,0.9999998807907104,0.0,0.6998431143673001,0.6998431143673001,,,,1.0
16,water_hl_gap_eV,163,0.9999998807907104,0.0,0.6998431143673001,0.6998431143673001,,,,1.0
16,water_hl_gap_eV,164,0.9999998807907104,0.0,0.6998431143673001,0.6998431143673001,,,,1.0
16,water_hl_gap_eV,165,0.9999998807907104,0.0,0.6998431143673001,0.6998431143673001,,,,1.0
16,water_hl_gap_eV,166,0.9999998807907104,0.0,0.6998431143673001,0.6998431143673001,,,,1.0
16,water_hl_gap_eV,167,0.9999998807907104,0.0,0.6998431143673001,0.6998431143673001,,,,1.0
16,water_hl_gap_eV,168,0.9999998807907104,0.0,0.6998431143673001,0.6998431143673001,,,,1.0
16,water_hl_gap_eV,169,0.9999998807907104,0.0,0.6998431143673001,0.6998431143673001,,,,1.0
16,water_hl_gap_eV,170,0.9999998807907104,0.0,0.6998431143673001,0.6998431143673001,,,,1.0
16,water_hl_gap_eV,171,0.9999998807907104,0.0,0.6998431143673001,0.6998431143673001,,,,1.0
16,water_hl_gap_eV,172,0.9999998807907104,0.0,0.6998431143673001,0.6998431143673001,,,,1.0
16,water_hl_gap_eV,173,0.9999998807907104,0.0,0.6998431143673001,0.6998431143673001,,,,1.0
16,water_hl_gap_eV,174,0.9999998807907104,0.0,0.6998431143673001,0.6998431143673001,,,,1.0
16,water_hl_gap_eV,175,0.9999998807907104,0.0,0.6998431143673001,0.6998431143673001,,,,1.0
16,water_hl_gap_eV,176,0.9999998807907104,0.0,0.6998431143673001,0.6998431143673001,,,,1.0
16,water_hl_gap_eV,177,0.9999998807907104,0.0,0.6998431143673001,0.6998431143673001,,,,1.0
16,water_hl_gap_eV,178,0.9999998807907104,0.0,0.6998431143673001,0.6998431143673001,,,,1.0
16,water_hl_gap_eV,179,0.9999998807907104,0.0,0.6998431143673001,0.6998431143673001,,,,1.0
16,water_hl_gap_eV,180,0.9999998807907104,0.0,0.6998431143673001,0.6998431143673001,,,,1.0
16,water_hl_gap_eV,181,0.9999998807907104,0.0,0.6998431143673001,0.6998431143673001,,,,1.0
16,water_hl_gap_eV,182,0.9999998807907104,0.0,0.6998431143673001,0.6998431143673001,,,,1.0
16,water_hl_gap_eV,183,0.9999998807907104,0.0,0.6998431143673001,0.6998431143673001,,,,1.0
16,water_hl_gap_eV,184,0.9999998807907104,0.0,0.6998431143673001,0.6998431143673001,,,,1.0
16,water_hl_gap_eV,185,0.9999998807907104,0.0,0.6998431143673001,0.6998431143673001,,,,1.0
16,water_hl_gap_eV,186,0.9999998807907104,0.0,0.6998431143673001,0.6998431143673001,,,,1.0
16,water_hl_gap_eV,187,0.9999998807907104,0.0,0.6998431143673001,0.6998431143673001,,,,1.0
16,water_hl_gap_eV,188,0.9999998807907104,0.0,0.6998431143673001,0.6998431143673001,,,,1.0
16,water_hl_gap_eV,189,0.9999998807907104,0.0,0.6998431143673001,0.6998431143673001,,,,1.0
16,water_hl_gap_eV,190,0.9999998807907104,0.0,0.6998431143673001,0.6998431143673001,,,,1.0
16,water_hl_gap_eV,191,0.9999998807907104,0.0,0.6998431143673001,0.6998431143673001,,,,1.0
16,water_hl_gap_eV,192,0.9999998807907104,0.0,0.6998431143673001,0.6998431143673001,,,,1.0
16,water_hl_gap_eV,193,0.9999998807907104,0.0,0.6998431143673001,0.6998431143673001,,,,1.0
16,water_hl_gap_eV,194,0.9999998807907104,0.0,0.6998431143673001,0.6998431143673001,,,,1.0
16,water_hl_gap_eV,195,0.9999998807907104,0.0,0.6998431143673001,0.6998431143673001,,,,1.0
16,water_hl_gap_eV,196,0.9999998807907104,0.0,0.6998431143673001,0.6998431143673001,,,,1.0
16,water_hl_gap_eV,197,0.9999998807907104,0.0,0.6998431143673001,0.6998431143673001,,,,1.0
16,water_hl_gap_eV,198,0.9999998807907104,0.0,0.6998431143673001,0.6998431143673001,,,,1.0
16,water_hl_gap_eV,199,0.9999998807907104,0.0,0.6998431143673001,0.6998431143673001,,,,1.0
16,water_hl_gap_eV,200,0.9999998807907104,0.0,0.6998431143673001,0.6998431143673001,,,,1.0
16,water_hl_gap_eV,201,0.9999998807907104,0.0,0.6998431143673001,0.6998431143673001,,,,1.0
16,water_hl_gap_eV,202,0.9999998807907104,0.0,0.6998431143673001,0.6998431143673001,,,,1.0
16,water_hl_gap_eV,203,0.9999998807907104,0.0,0.6998431143673001,0.6998431143673001,,,,1.0
16,water_hl_gap_eV,204,0.9999998807907104,0.0,0.6998431143673001,0.6998431143673001,,,,1.0
16,water_hl_gap_eV,205,0.9999998807907104,0.0,0.6998431143673001,0.6998431143673001,,,,1.0
16,water_hl_gap_eV,206,0.9999998807907104,0.0,0.6998431143673001,0.6998431143673001,,,,1.0
16,water_hl_gap_eV,207,0.9999998807907104,0.0,0.6998431143673001,0.6998431143673001,,,,1.0
16,water_hl_gap_eV,208,0.9999998807907104,0.0,0.6998431143673001,0.6998431143673001,,,,1.0
16,water_hl_gap_eV,209,0.9999998807907104,0.0,0.6998431143673001,0.6998431143673001,,,,1.0
16,water_hl_gap_eV,210,0.9999998807907104,0.0,0.6998431143673001,0.6998431143673001,,,,1.0
16,water_hl_gap_eV,211,0.9999998807907104,0.0,0.6998431143673001,0.6998431143673001,,,,1.0
16,water_hl_gap_eV,212,0.9999998807907104,0.0,0.6998431143673001,0.6998431143673001,,,,1.0
16,water_hl_gap_eV,213,0.9999998807907104,0.0,0.6998431143673001,0.6998431143673001,,,,1.0
16,water_hl_gap_eV,214,0.9999998807907104,0.0,0.6998431143673001,0.6998431143673001,,,,1.0
16,water_hl_gap_eV,215,0.9999998807907104,0.0,0.6998431143673001,0.6998431143673001,,,,1.0
16,water_hl_gap_eV,216,0.9999998807907104,0.0,0.6998431143673001,0.6998431143673001,,,,1.0
16,water_hl_gap_eV,217,0.9999998807907104,0.0,0.6998431143673001,0.6998431143673001,,,,1.0
16,water_hl_gap_eV,218,0.9999998807907104,0.0,0.6998431143673001,0.6998431143673001,,,,1.0
16,water_hl_gap_eV,219,0.9999998807907104,0.0,0.6998431143673001,0.6998431143673001,,,,1.0
16,water_hl_gap_eV,220,0.9999998807907104,0.0,0.6998431143673001,0.6998431143673001,,,,1.0
16,water_hl_gap_eV,221,0.9999998807907104,0.0,0.6998431143673001,0.6998431143673001,,,,1.0
16,water_hl_gap_eV,222,0.9999998807907104,0.0,0.6998431143673001,0.6998431143673001,,,,1.0
16,water_hl_gap_eV,223,0.9999998807907104,0.0,0.6998431143673001,0.6998431143673001,,,,1.0
16,water_hl_gap_eV,224,0.9999998807907104,0.0,0.6998431143673001,0.6998431143673001,,,,1.0
16,water_hl_gap_eV,225,0.9999998807907104,0.0,0.6998431143673001,0.6998431143673001,,,,1.0
16,water_hl_gap_eV,226,0.9999998807907104,0.0,0.6998431143673001,0.6998431143673001,,,,1.0
16,water_hl_gap_eV,227,0.9999998807907104,0.0,0.6998431143673001,0.6998431143673001,,,,1.0
16,water_hl_gap_eV,228,0.9999998807907104,0.0,0.6998431143673001,0.6998431143673001,,,,1.0
16,water_hl_gap_eV,229,0.9999998807907104,0.0,0.6998431143673001,0.6998431143673001,,,,1.0
16,water_hl_gap_eV,230,0.9999998807907104,0.0,0.6998431143673001,0.6998431143673001,,,,1.0
16,water_hl_gap_eV,231,0.9999998807907104,0.0,0.6998431143673001,0.6998431143673001,,,,1.0
16,water_hl_gap_eV,232,0.9999998807907104,0.0,0.6998431143673001,0.6998431143673001,,,,1.0
16,water_hl_gap_eV,233,0.9999998807907104,0.0,0.6998431143673001,0.6998431143673001,,,,1.0
16,water_hl_gap_eV,234,0.9999998807907104,0.0,0.6998431143673001,0.6998431143673001,,,,1.0
16,water_hl_gap_eV,235,0.9999998807907104,0.0,0.6998431143673001,0.6998431143673001,,,,1.0
16,water_hl_gap_eV,236,0.9999998807907104,0.0,0.6998431143673001,0.6998431143673001,,,,1.0
16,water_hl_gap_eV,237,0.9999998807907104,0.0,0.6998431143673001,0.6998431143673001,,,,1.0
16,water_hl_gap_eV,238,0.9999998807907104,0.0,0.6998431143673001,0.6998431143673001,,,,1.0
16,water_hl_gap_eV,239,0.9999998807907104,0.0,0.6998431143673001,0.6998431143673001,,,,1.0
16,water_hl_gap_eV,240,0.9999998807907104,0.0,0.6998431143673001,0.6998431143673001,,,,1.0
16,water_hl_gap_eV,241,0.9999998807907104,0.0,0.6998431143673001,0.6998431143673001,,,,1.0
16,water_hl_gap_eV,242,0.9999998807907104,0.0,0.6998431143673001,0.6998431143673001,,,,1.0
16,water_hl_gap_eV,243,0.9999998807907104,0.0,0.6998431143673001,0.6998431143673001,,,,1.0
16,water_hl_gap_eV,244,0.9999998807907104,0.0,0.6998431143673001,0.6998431143673001,,,,1.0
16,water_hl_gap_eV,245,0.9999998807907104,0.0,0.6998431143673001,0.6998431143673001,,,,1.0
16,water_hl_gap_eV,246,0.9999998807907104,0.0,0.6998431143673001,0.6998431143673001,,,,1.0
16,water_hl_gap_eV,247,0.9999998807907104,0.0,0.6998431143673001,0.6998431143673001,,,,1.0
16,water_hl_gap_eV,248,0.9999998807907104,0.0,0.6998431143673001,0.6998431143673001,,,,1.0
16,water_hl_gap_eV,249,0.9999998807907104,0.0,0.6998431143673001,0.6998431143673001,,,,1.0
16,water_dipole,0,1.0000001192092896,0.0,0.6018145424645343,0.6018145424645343,,,,1.0
16,water_dipole,1,1.0000001192092896,0.0,0.6018145424645343,0.6018145424645343,,,,1.0
16,water_dipole,2,1.0000001192092896,0.0,0.6018145424645343,0.6018145424645343,,,,1.0
16,water_dipole,3,1.0000001192092896,0.0,0.6018145424645343,0.6018145424645343,,,,1.0
16,water_dipole,4,1.0000001192092896,0.0,0.6018145424645343,0.6018145424645343,,,,1.0
16,water_dipole,5,1.0000001192092896,0.0,0.6018145424645343,0.6018145424645343,,,,1.0
16,water_dipole,6,1.0000001192092896,0.0,0.6018145424645343,0.6018145424645343,,,,1.0
16,water_dipole,7,1.0000001192092896,0.0,0.6018145424645343,0.6018145424645343,,,,1.0
16,water_dipole,8,1.0000001192092896,0.0,0.6018145424645343,0.6018145424645343,,,,1.0
16,water_dipole,9,1.0000001192092896,0.0,0.6018145424645343,0.6018145424645343,,,,1.0
16,water_dipole,10,1.0000001192092896,0.0,0.6018145424645343,0.6018145424645343,,,,1.0
16,water_dipole,11,1.0000001192092896,0.0,0.6018145424645343,0.6018145424645343,,,,1.0
16,water_dipole,12,1.0000001192092896,0.0,0.6018145424645343,0.6018145424645343,,,,1.0
16,water_dipole,13,1.0000001192092896,0.0,0.6018145424645343,0.6018145424645343,,,,1.0
16,water_dipole,14,1.0000001192092896,0.0,0.6018145424645343,0.6018145424645343,,,,1.0
16,water_dipole,15,1.0000001192092896,0.0,0.6018145424645343,0.6018145424645343,,,,1.0
16,water_dipole,16,1.0000001192092896,0.0,0.6018145424645343,0.6018145424645343,,,,1.0
16,water_dipole,17,1.0000001192092896,0.0,0.6018145424645343,0.6018145424645343,,,,1.0
16,water_dipole,18,1.0000001192092896,0.0,0.6018145424645343,0.6018145424645343,,,,1.0
16,water_dipole,19,1.0000001192092896,0.0,0.6018145424645343,0.6018145424645343,,,,1.0
16,water_dipole,20,1.0000001192092896,0.0,0.6018145424645343,0.6018145424645343,,,,1.0
16,water_dipole,21,1.0000001192092896,0.0,0.6018145424645343,0.6018145424645343,,,,1.0
16,water_dipole,22,1.0000001192092896,0.0,0.6018145424645343,0.6018145424645343,,,,1.0
16,water_dipole,23,1.0000001192092896,0.0,0.6018145424645343,0.6018145424645343,,,,1.0
16,water_dipole,24,1.0000001192092896,0.0,0.6018145424645343,0.6018145424645343,,,,1.0
16,water_dipole,25,1.0000001192092896,0.0,0.6018145424645343,0.6018145424645343,,,,1.0
16,water_dipole,26,1.0000001192092896,0.0,0.6018145424645343,0.6018145424645343,,,,1.0
16,water_dipole,27,1.0000001192092896,0.0,0.6018145424645343,0.6018145424645343,,,,1.0
16,water_dipole,28,1.0000001192092896,0.0,0.6018145424645343,0.6018145424645343,,,,1.0
16,water_dipole,29,1.0000001192092896,0.0,0.6018145424645343,0.6018145424645343,,,,1.0
16,water_dipole,30,1.0000001192092896,0.0,0.6018145424645343,0.6018145424645343,,,,1.0
16,water_dipole,31,1.0000001192092896,0.0,0.6018145424645343,0.6018145424645343,,,,1.0
16,water_dipole,32,1.0000001192092896,0.0,0.6018145424645343,0.6018145424645343,,,,1.0
16,water_dipole,33,1.0000001192092896,0.0,0.6018145424645343,0.6018145424645343,,,,1.0
16,water_dipole,34,1.0000001192092896,0.0,0.6018145424645343,0.6018145424645343,,,,1.0
16,water_dipole,35,1.0000001192092896,0.0,0.6018145424645343,0.6018145424645343,,,,1.0
16,water_dipole,36,1.0000001192092896,0.0,0.6018145424645343,0.6018145424645343,,,,1.0
16,water_dipole,37,1.0000001192092896,0.0,0.6018145424645343,0.6018145424645343,,,,1.0
16,water_dipole,38,1.0000001192092896,0.0,0.6018145424645343,0.6018145424645343,,,,1.0
16,water_dipole,39,1.0000001192092896,0.0,0.6018145424645343,0.6018145424645343,,,,1.0
16,water_dipole,40,1.0000001192092896,0.0,0.6018145424645343,0.6018145424645343,,,,1.0
16,water_dipole,41,1.0000001192092896,0.0,0.6018145424645343,0.6018145424645343,,,,1.0
16,water_dipole,42,1.0000001192092896,0.0,0.6018145424645343,0.6018145424645343,,,,1.0
16,water_dipole,43,1.0000001192092896,0.0,0.6018145424645343,0.6018145424645343,,,,1.0
16,water_dipole,44,1.0000001192092896,0.0,0.6018145424645343,0.6018145424645343,,,,1.0
16,water_dipole,45,1.0000001192092896,0.0,0.6018145424645343,0.6018145424645343,,,,1.0
16,water_dipole,46,1.0000001192092896,0.0,0.6018145424645343,0.6018145424645343,,,,1.0
16,water_dipole,47,1.0000001192092896,0.0,0.6018145424645343,0.6018145424645343,,,,1.0
16,water_dipole,48,1.0000001192092896,0.0,0.6018145424645343,0.6018145424645343,,,,1.0
16,water_dipole,49,1.0000001192092896,0.0,0.6018145424645343,0.6018145424645343,,,,1.0
16,water_dipole,50,1.0000001192092896,0.0,0.6018145424645343,0.6018145424645343,,,,1.0
16,water_dipole,51,1.0000001192092896,0.0,0.6018145424645343,0.6018145424645343,,,,1.0
16,water_dipole,52,1.0000001192092896,0.0,0.6018145424645343,0.6018145424645343,,,,1.0
16,water_dipole,53,1.0000001192092896,0.0,0.6018145424645343,0.6018145424645343,,,,1.0
16,water_dipole,54,1.0000001192092896,0.0,0.6018145424645343,0.6018145424645343,,,,1.0
16,water_dipole,55,1.0000001192092896,0.0,0.6018145424645343,0.6018145424645343,,,,1.0
16,water_dipole,56,1.0000001192092896,0.0,0.6018145424645343,0.6018145424645343,,,,1.0
16,water_dipole,57,1.0000001192092896,0.0,0.6018145424645343,0.6018145424645343,,,,1.0
16,water_dipole,58,1.0000001192092896,0.0,0.6018145424645343,0.6018145424645343,,,,1.0
16,water_dipole,59,1.0000001192092896,0.0,0.6018145424645343,0.6018145424645343,,,,1.0
16,water_dipole,60,1.0000001192092896,0.0,0.6018145424645343,0.6018145424645343,,,,1.0
16,water_dipole,61,1.0000001192092896,0.0,0.6018145424645343,0.6018145424645343,,,,1.0
16,water_dipole,62,1.0000001192092896,0.0,0.6018145424645343,0.6018145424645343,,,,1.0
16,water_dipole,63,1.0000001192092896,0.0,0.6018145424645343,0.6018145424645343,,,,1.0
16,water_dipole,64,1.0000001192092896,0.0,0.6018145424645343,0.6018145424645343,,,,1.0
16,water_dipole,65,1.0000001192092896,0.0,0.6018145424645343,0.6018145424645343,,,,1.0
16,water_dipole,66,1.0000001192092896,0.0,0.6018145424645343,0.6018145424645343,,,,1.0
16,water_dipole,67,1.0000001192092896,0.0,0.6018145424645343,0.6018145424645343,,,,1.0
16,water_dipole,68,1.0000001192092896,0.0,0.6018145424645343,0.6018145424645343,,,,1.0
16,water_dipole,69,1.0000001192092896,0.0,0.6018145424645343,0.6018145424645343,,,,1.0
16,water_dipole,70,1.0000001192092896,0.0,0.6018145424645343,0.6018145424645343,,,,1.0
16,water_dipole,71,1.0000001192092896,0.0,0.6018145424645343,0.6018145424645343,,,,1.0
16,water_dipole,72,1.0000001192092896,0.0,0.6018145424645343,0.6018145424645343,,,,1.0
16,water_dipole,73,1.0000001192092896,0.0,0.6018145424645343,0.6018145424645343,,,,1.0
16,water_dipole,74,1.0000001192092896,0.0,0.6018145424645343,0.6018145424645343,,,,1.0
16,water_dipole,75,1.0000001192092896,0.0,0.6018145424645343,0.6018145424645343,,,,1.0
16,water_dipole,76,1.0000001192092896,0.0,0.6018145424645343,0.6018145424645343,,,,1.0
16,water_dipole,77,1.0000001192092896,0.0,0.6018145424645343,0.6018145424645343,,,,1.0
16,water_dipole,78,1.0000001192092896,0.0,0.6018145424645343,0.6018145424645343,,,,1.0
16,water_dipole,79,1.0000001192092896,0.0,0.6018145424645343,0.6018145424645343,,,,1.0
16,water_dipole,80,1.0000001192092896,0.0,0.6018145424645343,0.6018145424645343,,,,1.0
16,water_dipole,81,1.0000001192092896,0.0,0.6018145424645343,0.6018145424645343,,,,1.0
16,water_dipole,82,1.0000001192092896,0.0,0.6018145424645343,0.6018145424645343,,,,1.0
16,water_dipole,83,1.0000001192092896,0.0,0.6018145424645343,0.6018145424645343,,,,1.0
16,water_dipole,84,1.0000001192092896,0.0,0.6018145424645343,0.6018145424645343,,,,1.0
16,water_dipole,85,1.0000001192092896,0.0,0.6018145424645343,0.6018145424645343,,,,1.0
16,water_dipole,86,1.0000001192092896,0.0,0.6018145424645343,0.6018145424645343,,,,1.0
16,water_dipole,87,1.0000001192092896,0.0,0.6018145424645343,0.6018145424645343,,,,1.0
16,water_dipole,88,1.0000001192092896,0.0,0.6018145424645343,0.6018145424645343,,,,1.0
16,water_dipole,89,1.0000001192092896,0.0,0.6018145424645343,0.6018145424645343,,,,1.0
16,water_dipole,90,1.0000001192092896,0.0,0.6018145424645343,0.6018145424645343,,,,1.0
16,water_dipole,91,1.0000001192092896,0.0,0.6018145424645343,0.6018145424645343,,,,1.0
16,water_dipole,92,1.0000001192092896,0.0,0.6018145424645343,0.6018145424645343,,,,1.0
16,water_dipole,93,1.0000001192092896,0.0,0.6018145424645343,0.6018145424645343,,,,1.0
16,water_dipole,94,1.0000001192092896,0.0,0.6018145424645343,0.6018145424645343,,,,1.0
16,water_dipole,95,1.0000001192092896,0.0,0.6018145424645343,0.6018145424645343,,,,1.0
16,water_dipole,96,1.0000001192092896,0.0,0.6018145424645343,0.6018145424645343,,,,1.0
16,water_dipole,97,1.0000001192092896,0.0,0.6018145424645343,0.6018145424645343,,,,1.0
16,water_dipole,98,1.0000001192092896,0.0,0.6018145424645343,0.6018145424645343,,,,1.0
16,water_dipole,99,1.0000001192092896,0.0,0.6018145424645343,0.6018145424645343,,,,1.0
16,water_dipole,100,1.0000001192092896,0.0,0.6018145424645343,0.6018145424645343,,,,1.0
16,water_dipole,101,1.0000001192092896,0.0,0.6018145424645343,0.6018145424645343,,,,1.0
16,water_dipole,102,1.0000001192092896,0.0,0.6018145424645343,0.6018145424645343,,,,1.0
16,water_dipole,103,1.0000001192092896,0.0,0.6018145424645343,0.6018145424645343,,,,1.0
16,water_dipole,104,1.0000001192092896,0.0,0.6018145424645343,0.6018145424645343,,,,1.0
16,water_dipole,105,1.0000001192092896,0.0,0.6018145424645343,0.6018145424645343,,,,1.0
16,water_dipole,106,1.0000001192092896,0.0,0.6018145424645343,0.6018145424645343,,,,1.0
16,water_dipole,107,1.0000001192092896,0.0,0.6018145424645343,0.6018145424645343,,,,1.0
16,water_dipole,108,1.0000001192092896,0.0,0.6018145424645343,0.6018145424645343,,,,1.0
16,water_dipole,109,1.0000001192092896,0.0,0.6018145424645343,0.6018145424645343,,,,1.0
16,water_dipole,110,1.0000001192092896,0.0,0.6018145424645343,0.6018145424645343,,,,1.0
16,water_dipole,111,1.0000001192092896,0.0,0.6018145424645343,0.6018145424645343,,,,1.0
16,water_dipole,112,1.0000001192092896,0.0,0.6018145424645343,0.6018145424645343,,,,1.0
16,water_dipole,113,1.0000001192092896,0.0,0.6018145424645343,0.6018145424645343,,,,1.0
16,water_dipole,114,1.0000001192092896,0.0,0.6018145424645343,0.6018145424645343,,,,1.0
16,water_dipole,115,1.0000001192092896,0.0,0.6018145424645343,0.6018145424645343,,,,1.0
16,water_dipole,116,1.0000001192092896,0.0,0.6018145424645343,0.6018145424645343,,,,1.0
16,water_dipole,117,1.0000001192092896,0.0,0.6018145424645343,0.6018145424645343,,,,1.0
16,water_dipole,118,1.0000001192092896,0.0,0.6018145424645343,0.6018145424645343,,,,1.0
16,water_dipole,119,1.0000001192092896,0.0,0.6018145424645343,0.6018145424645343,,,,1.0
16,water_dipole,120,1.0000001192092896,0.0,0.6018145424645343,0.6018145424645343,,,,1.0
16,water_dipole,121,1.0000001192092896,0.0,0.6018145424645343,0.6018145424645343,,,,1.0
16,water_dipole,122,1.0000001192092896,0.0,0.6018145424645343,0.6018145424645343,,,,1.0
16,water_dipole,123,1.0000001192092896,0.0,0.6018145424645343,0.6018145424645343,,,,1.0
16,water_dipole,124,1.0000001192092896,0.0,0.6018145424645343,0.6018145424645343,,,,1.0
16,water_dipole,125,1.0000001192092896,0.0,0.6018145424645343,0.6018145424645343,,,,1.0
16,water_dipole,126,1.0000001192092896,0.0,0.6018145424645343,0.6018145424645343,,,,1.0
16,water_dipole,127,1.0000001192092896,0.0,0.6018145424645343,0.6018145424645343,,,,1.0
16,water_dipole,128,1.0000001192092896,0.0,0.6018145424645343,0.6018145424645343,,,,1.0
16,water_dipole,129,1.0000001192092896,0.0,0.6018145424645343,0.6018145424645343,,,,1.0
16,water_dipole,130,1.0000001192092896,0.0,0.6018145424645343,0.6018145424645343,,,,1.0
16,water_dipole,131,1.0000001192092896,0.0,0.6018145424645343,0.6018145424645343,,,,1.0
16,water_dipole,132,1.0000001192092896,0.0,0.6018145424645343,0.6018145424645343,,,,1.0
16,water_dipole,133,1.0000001192092896,0.0,0.6018145424645343,0.6018145424645343,,,,1.0
16,water_dipole,134,1.0000001192092896,0.0,0.6018145424645343,0.6018145424645343,,,,1.0
16,water_dipole,135,1.0000001192092896,0.0,0.6018145424645343,0.6018145424645343,,,,1.0
16,water_dipole,136,1.0000001192092896,0.0,0.6018145424645343,0.6018145424645343,,,,1.0
16,water_dipole,137,1.0000001192092896,0.0,0.6018145424645343,0.6018145424645343,,,,1.0
16,water_dipole,138,1.0000001192092896,0.0,0.6018145424645343,0.6018145424645343,,,,1.0
16,water_dipole,139,1.0000001192092896,0.0,0.6018145424645343,0.6018145424645343,,,,1.0
16,water_dipole,140,1.0000001192092896,0.0,0.6018145424645343,0.6018145424645343,,,,1.0
16,water_dipole,141,1.0000001192092896,0.0,0.6018145424645343,0.6018145424645343,,,,1.0
16,water_dipole,142,1.0000001192092896,0.0,0.6018145424645343,0.6018145424645343,,,,1.0
16,water_dipole,143,1.0000001192092896,0.0,0.6018145424645343,0.6018145424645343,,,,1.0
16,water_dipole,144,1.0000001192092896,0.0,0.6018145424645343,0.6018145424645343,,,,1.0
16,water_dipole,145,1.0000001192092896,0.0,0.6018145424645343,0.6018145424645343,,,,1.0
16,water_dipole,146,1.0000001192092896,0.0,0.6018145424645343,0.6018145424645343,,,,1.0
16,water_dipole,147,1.0000001192092896,0.0,0.6018145424645343,0.6018145424645343,,,,1.0
16,water_dipole,148,1.0000001192092896,0.0,0.6018145424645343,0.6018145424645343,,,,1.0
16,water_dipole,149,1.0000001192092896,0.0,0.6018145424645343,0.6018145424645343,,,,1.0
16,water_dipole,150,1.0000001192092896,0.0,0.6018145424645343,0.6018145424645343,,,,1.0
16,water_dipole,151,1.0000001192092896,0.0,0.6018145424645343,0.6018145424645343,,,,1.0
16,water_dipole,152,1.0000001192092896,0.0,0.6018145424645343,0.6018145424645343,,,,1.0
16,water_dipole,153,1.0000001192092896,0.0,0.6018145424645343,0.6018145424645343,,,,1.0
16,water_dipole,154,1.0000001192092896,0.0,0.6018145424645343,0.6018145424645343,,,,1.0
16,water_dipole,155,1.0000001192092896,0.0,0.6018145424645343,0.6018145424645343,,,,1.0
16,water_dipole,156,1.0000001192092896,0.0,0.6018145424645343,0.6018145424645343,,,,1.0
16,water_dipole,157,1.0000001192092896,0.0,0.6018145424645343,0.6018145424645343,,,,1.0
16,water_dipole,158,1.0000001192092896,0.0,0.6018145424645343,0.6018145424645343,,,,1.0
16,water_dipole,159,1.0000001192092896,0.0,0.6018145424645343,0.6018145424645343,,,,1.0
16,water_dipole,160,1.0000001192092896,0.0,0.6018145424645343,0.6018145424645343,,,,1.0
16,water_dipole,161,1.0000001192092896,0.0,0.6018145424645343,0.6018145424645343,,,,1.0
16,water_dipole,162,1.0000001192092896,0.0,0.6018145424645343,0.6018145424645343,,,,1.0
16,water_dipole,163,1.0000001192092896,0.0,0.6018145424645343,0.6018145424645343,,,,1.0
16,water_dipole,164,1.0000001192092896,0.0,0.6018145424645343,0.6018145424645343,,,,1.0
16,water_dipole,165,1.0000001192092896,0.0,0.6018145424645343,0.6018145424645343,,,,1.0
16,water_dipole,166,1.0000001192092896,0.0,0.6018145424645343,0.6018145424645343,,,,1.0
16,water_dipole,167,1.0000001192092896,0.0,0.6018145424645343,0.6018145424645343,,,,1.0
16,water_dipole,168,1.0000001192092896,0.0,0.6018145424645343,0.6018145424645343,,,,1.0
16,water_dipole,169,1.0000001192092896,0.0,0.6018145424645343,0.6018145424645343,,,,1.0
16,water_dipole,170,1.0000001192092896,0.0,0.6018145424645343,0.6018145424645343,,,,1.0
16,water_dipole,171,1.0000001192092896,0.0,0.6018145424645343,0.6018145424645343,,,,1.0
16,water_dipole,172,1.0000001192092896,0.0,0.6018145424645343,0.6018145424645343,,,,1.0
16,water_dipole,173,1.0000001192092896,0.0,0.6018145424645343,0.6018145424645343,,,,1.0
16,water_dipole,174,1.0000001192092896,0.0,0.6018145424645343,0.6018145424645343,,,,1.0
16,water_dipole,175,1.0000001192092896,0.0,0.6018145424645343,0.6018145424645343,,,,1.0
16,water_dipole,176,1.0000001192092896,0.0,0.6018145424645343,0.6018145424645343,,,,1.0
16,water_dipole,177,1.0000001192092896,0.0,0.6018145424645343,0.6018145424645343,,,,1.0
16,water_dipole,178,1.0000001192092896,0.0,0.6018145424645343,0.6018145424645343,,,,1.0
16,water_dipole,179,1.0000001192092896,0.0,0.6018145424645343,0.6018145424645343,,,,1.0
16,water_dipole,180,1.0000001192092896,0.0,0.6018145424645343,0.6018145424645343,,,,1.0
16,water_dipole,181,1.0000001192092896,0.0,0.6018145424645343,0.6018145424645343,,,,1.0
16,water_dipole,182,1.0000001192092896,0.0,0.6018145424645343,0.6018145424645343,,,,1.0
16,water_dipole,183,1.0000001192092896,0.0,0.6018145424645343,0.6018145424645343,,,,1.0
16,water_dipole,184,1.0000001192092896,0.0,0.6018145424645343,0.6018145424645343,,,,1.0
16,water_dipole,185,1.0000001192092896,0.0,0.6018145424645343,0.6018145424645343,,,,1.0
16,water_dipole,186,1.0000001192092896,0.0,0.6018145424645343,0.6018145424645343,,,,1.0
16,water_dipole,187,1.0000001192092896,0.0,0.6018145424645343,0.6018145424645343,,,,1.0
16,water_dipole,188,1.0000001192092896,0.0,0.6018145424645343,0.6018145424645343,,,,1.0
16,water_dipole,189,1.0000001192092896,0.0,0.6018145424645343,0.6018145424645343,,,,1.0
16,water_dipole,190,1.0000001192092896,0.0,0.6018145424645343,0.6018145424645343,,,,1.0
16,water_dipole,191,1.0000001192092896,0.0,0.6018145424645343,0.6018145424645343,,,,1.0
16,water_dipole,192,1.0000001192092896,0.0,0.6018145424645343,0.6018145424645343,,,,1.0
16,water_dipole,193,1.0000001192092896,0.0,0.6018145424645343,0.6018145424645343,,,,1.0
16,water_dipole,194,1.0000001192092896,0.0,0.6018145424645343,0.6018145424645343,,,,1.0
16,water_dipole,195,1.0000001192092896,0.0,0.6018145424645343,0.6018145424645343,,,,1.0
16,water_dipole,196,1.0000001192092896,0.0,0.6018145424645343,0.6018145424645343,,,,1.0
16,water_dipole,197,1.0000001192092896,0.0,0.6018145424645343,0.6018145424645343,,,,1.0
16,water_dipole,198,1.0000001192092896,0.0,0.6018145424645343,0.6018145424645343,,,,1.0
16,water_dipole,199,1.0000001192092896,0.0,0.6018145424645343,0.6018145424645343,,,,1.0
16,water_dipole,200,1.0000001192092896,0.0,0.6018145424645343,0.6018145424645343,,,,1.0
16,water_dipole,201,1.0000001192092896,0.0,0.6018145424645343,0.6018145424645343,,,,1.0
16,water_dipole,202,1.0000001192092896,0.0,0.6018145424645343,0.6018145424645343,,,,1.0
16,water_dipole,203,1.0000001192092896,0.0,0.6018145424645343,0.6018145424645343,,,,1.0
16,water_dipole,204,1.0000001192092896,0.0,0.6018145424645343,0.6018145424645343,,,,1.0
16,water_dipole,205,1.0000001192092896,0.0,0.6018145424645343,0.6018145424645343,,,,1.0
16,water_dipole,206,1.0000001192092896,0.0,0.6018145424645343,0.6018145424645343,,,,1.0
16,water_dipole,207,1.0000001192092896,0.0,0.6018145424645343,0.6018145424645343,,,,1.0
16,water_dipole,208,1.0000001192092896,0.0,0.6018145424645343,0.6018145424645343,,,,1.0
16,water_dipole,209,1.0000001192092896,0.0,0.6018145424645343,0.6018145424645343,,,,1.0
16,water_dipole,210,1.0000001192092896,0.0,0.6018145424645343,0.6018145424645343,,,,1.0
16,water_dipole,211,1.0000001192092896,0.0,0.6018145424645343,0.6018145424645343,,,,1.0
16,water_dipole,212,1.0000001192092896,0.0,0.6018145424645343,0.6018145424645343,,,,1.0
16,water_dipole,213,1.0000001192092896,0.0,0.6018145424645343,0.6018145424645343,,,,1.0
16,water_dipole,214,1.0000001192092896,0.0,0.6018145424645343,0.6018145424645343,,,,1.0
16,water_dipole,215,1.0000001192092896,0.0,0.6018145424645343,0.6018145424645343,,,,1.0
16,water_dipole,216,1.0000001192092896,0.0,0.6018145424645343,0.6018145424645343,,,,1.0
16,water_dipole,217,1.0000001192092896,0.0,0.6018145424645343,0.6018145424645343,,,,1.0
16,water_dipole,218,1.0000001192092896,0.0,0.6018145424645343,0.6018145424645343,,,,1.0
16,water_dipole,219,1.0000001192092896,0.0,0.6018145424645343,0.6018145424645343,,,,1.0
16,water_dipole,220,1.0000001192092896,0.0,0.6018145424645343,0.6018145424645343,,,,1.0
16,water_dipole,221,1.0000001192092896,0.0,0.6018145424645343,0.6018145424645343,,,,1.0
16,water_dipole,222,1.0000001192092896,0.0,0.6018145424645343,0.6018145424645343,,,,1.0
16,water_dipole,223,1.0000001192092896,0.0,0.6018145424645343,0.6018145424645343,,,,1.0
16,water_dipole,224,1.0000001192092896,0.0,0.6018145424645343,0.6018145424645343,,,,1.0
16,water_dipole,225,1.0000001192092896,0.0,0.6018145424645343,0.6018145424645343,,,,1.0
16,water_dipole,226,1.0000001192092896,0.0,0.6018145424645343,0.6018145424645343,,,,1.0
16,water_dipole,227,1.0000001192092896,0.0,0.6018145424645343,0.6018145424645343,,,,1.0
16,water_dipole,228,1.0000001192092896,0.0,0.6018145424645343,0.6018145424645343,,,,1.0
16,water_dipole,229,1.0000001192092896,0.0,0.6018145424645343,0.6018145424645343,,,,1.0
16,water_dipole,230,1.0000001192092896,0.0,0.6018145424645343,0.6018145424645343,,,,1.0
16,water_dipole,231,1.0000001192092896,0.0,0.6018145424645343,0.6018145424645343,,,,1.0
16,water_dipole,232,1.0000001192092896,0.0,0.6018145424645343,0.6018145424645343,,,,1.0
16,water_dipole,233,1.0000001192092896,0.0,0.6018145424645343,0.6018145424645343,,,,1.0
16,water_dipole,234,1.0000001192092896,0.0,0.6018145424645343,0.6018145424645343,,,,1.0
16,water_dipole,235,1.0000001192092896,0.0,0.6018145424645343,0.6018145424645343,,,,1.0
16,water_dipole,236,1.0000001192092896,0.0,0.6018145424645343,0.6018145424645343,,,,1.0
16,water_dipole,237,1.0000001192092896,0.0,0.6018145424645343,0.6018145424645343,,,,1.0
16,water_dipole,238,1.0000001192092896,0.0,0.6018145424645343,0.6018145424645343,,,,1.0
16,water_dipole,239,1.0000001192092896,0.0,0.6018145424645343,0.6018145424645343,,,,1.0
16,water_dipole,240,1.0000001192092896,0.0,0.6018145424645343,0.6018145424645343,,,,1.0
16,water_dipole,241,1.0000001192092896,0.0,0.6018145424645343,0.6018145424645343,,,,1.0
16,water_dipole,242,1.0000001192092896,0.0,0.6018145424645343,0.6018145424645343,,,,1.0
16,water_dipole,243,1.0000001192092896,0.0,0.6018145424645343,0.6018145424645343,,,,1.0
16,water_dipole,244,1.0000001192092896,0.0,0.6018145424645343,0.6018145424645343,,,,1.0
16,water_dipole,245,1.0000001192092896,0.0,0.6018145424645343,0.6018145424645343,,,,1.0
16,water_dipole,246,1.0000001192092896,0.0,0.6018145424645343,0.6018145424645343,,,,1.0
16,water_dipole,247,1.0000001192092896,0.0,0.6018145424645343,0.6018145424645343,,,,1.0
16,water_dipole,248,1.0000001192092896,0.0,0.6018145424645343,0.6018145424645343,,,,1.0
16,water_dipole,249,1.0000001192092896,0.0,0.6018145424645343,0.6018145424645343,,,,1.0
16,acetone_gsolv_eV,0,0.9999998807907104,0.0,0.6713958203864505,0.6713958203864505,,,,1.0
16,acetone_gsolv_eV,1,0.9999998807907104,0.0,0.6713958203864505,0.6713958203864505,,,,1.0
16,acetone_gsolv_eV,2,0.9999998807907104,0.0,0.6713958203864505,0.6713958203864505,,,,1.0
16,acetone_gsolv_eV,3,0.9999998807907104,0.0,0.6713958203864505,0.6713958203864505,,,,1.0
16,acetone_gsolv_eV,4,0.9999998807907104,0.0,0.6713958203864505,0.6713958203864505,,,,1.0
16,acetone_gsolv_eV,5,0.9999998807907104,0.0,0.6713958203864505,0.6713958203864505,,,,1.0
16,acetone_gsolv_eV,6,0.9999998807907104,0.0,0.6713958203864505,0.6713958203864505,,,,1.0
16,acetone_gsolv_eV,7,0.9999998807907104,0.0,0.6713958203864505,0.6713958203864505,,,,1.0
16,acetone_gsolv_eV,8,0.9999998807907104,0.0,0.6713958203864505,0.6713958203864505,,,,1.0
16,acetone_gsolv_eV,9,0.9999998807907104,0.0,0.6713958203864505,0.6713958203864505,,,,1.0
16,acetone_gsolv_eV,10,0.9999998807907104,0.0,0.6713958203864505,0.6713958203864505,,,,1.0
16,acetone_gsolv_eV,11,0.9999998807907104,0.0,0.6713958203864505,0.6713958203864505,,,,1.0
16,acetone_gsolv_eV,12,0.9999998807907104,0.0,0.6713958203864505,0.6713958203864505,,,,1.0
16,acetone_gsolv_eV,13,0.9999998807907104,0.0,0.6713958203864505,0.6713958203864505,,,,1.0
16,acetone_gsolv_eV,14,0.9999998807907104,0.0,0.6713958203864505,0.6713958203864505,,,,1.0
16,acetone_gsolv_eV,15,0.9999998807907104,0.0,0.6713958203864505,0.6713958203864505,,,,1.0
16,acetone_gsolv_eV,16,0.9999998807907104,0.0,0.6713958203864505,0.6713958203864505,,,,1.0
16,acetone_gsolv_eV,17,0.9999998807907104,0.0,0.6713958203864505,0.6713958203864505,,,,1.0
16,acetone_gsolv_eV,18,0.9999998807907104,0.0,0.6713958203864505,0.6713958203864505,,,,1.0
16,acetone_gsolv_eV,19,0.9999998807907104,0.0,0.6713958203864505,0.6713958203864505,,,,1.0
16,acetone_gsolv_eV,20,0.9999998807907104,0.0,0.6713958203864505,0.6713958203864505,,,,1.0
16,acetone_gsolv_eV,21,0.9999998807907104,0.0,0.6713958203864505,0.6713958203864505,,,,1.0
16,acetone_gsolv_eV,22,0.9999998807907104,0.0,0.6713958203864505,0.6713958203864505,,,,1.0
16,acetone_gsolv_eV,23,0.9999998807907104,0.0,0.6713958203864505,0.6713958203864505,,,,1.0
16,acetone_gsolv_eV,24,0.9999998807907104,0.0,0.6713958203864505,0.6713958203864505,,,,1.0
16,acetone_gsolv_eV,25,0.9999998807907104,0.0,0.6713958203864505,0.6713958203864505,,,,1.0
16,acetone_gsolv_eV,26,0.9999998807907104,0.0,0.6713958203864505,0.6713958203864505,,,,1.0
16,acetone_gsolv_eV,27,0.9999998807907104,0.0,0.6713958203864505,0.6713958203864505,,,,1.0
16,acetone_gsolv_eV,28,0.9999998807907104,0.0,0.6713958203864505,0.6713958203864505,,,,1.0
16,acetone_gsolv_eV,29,0.9999998807907104,0.0,0.6713958203864505,0.6713958203864505,,,,1.0
16,acetone_gsolv_eV,30,0.9999998807907104,0.0,0.6713958203864505,0.6713958203864505,,,,1.0
16,acetone_gsolv_eV,31,0.9999998807907104,0.0,0.6713958203864505,0.6713958203864505,,,,1.0
16,acetone_gsolv_eV,32,0.9999998807907104,0.0,0.6713958203864505,0.6713958203864505,,,,1.0
16,acetone_gsolv_eV,33,0.9999998807907104,0.0,0.6713958203864505,0.6713958203864505,,,,1.0
16,acetone_gsolv_eV,34,0.9999998807907104,0.0,0.6713958203864505,0.6713958203864505,,,,1.0
16,acetone_gsolv_eV,35,0.9999998807907104,0.0,0.6713958203864505,0.6713958203864505,,,,1.0
16,acetone_gsolv_eV,36,0.9999998807907104,0.0,0.6713958203864505,0.6713958203864505,,,,1.0
16,acetone_gsolv_eV,37,0.9999998807907104,0.0,0.6713958203864505,0.6713958203864505,,,,1.0
16,acetone_gsolv_eV,38,0.9999998807907104,0.0,0.6713958203864505,0.6713958203864505,,,,1.0
16,acetone_gsolv_eV,39,0.9999998807907104,0.0,0.6713958203864505,0.6713958203864505,,,,1.0
16,acetone_gsolv_eV,40,0.9999998807907104,0.0,0.6713958203864505,0.6713958203864505,,,,1.0
16,acetone_gsolv_eV,41,0.9999998807907104,0.0,0.6713958203864505,0.6713958203864505,,,,1.0
16,acetone_gsolv_eV,42,0.9999998807907104,0.0,0.6713958203864505,0.6713958203864505,,,,1.0
16,acetone_gsolv_eV,43,0.9999998807907104,0.0,0.6713958203864505,0.6713958203864505,,,,1.0
16,acetone_gsolv_eV,44,0.9999998807907104,0.0,0.6713958203864505,0.6713958203864505,,,,1.0
16,acetone_gsolv_eV,45,0.9999998807907104,0.0,0.6713958203864505,0.6713958203864505,,,,1.0
16,acetone_gsolv_eV,46,0.9999998807907104,0.0,0.6713958203864505,0.6713958203864505,,,,1.0
16,acetone_gsolv_eV,47,0.9999998807907104,0.0,0.6713958203864505,0.6713958203864505,,,,1.0
16,acetone_gsolv_eV,48,0.9999998807907104,0.0,0.6713958203864505,0.6713958203864505,,,,1.0
16,acetone_gsolv_eV,49,0.9999998807907104,0.0,0.6713958203864505,0.6713958203864505,,,,1.0
16,acetone_gsolv_eV,50,0.9999998807907104,0.0,0.6713958203864505,0.6713958203864505,,,,1.0
16,acetone_gsolv_eV,51,0.9999998807907104,0.0,0.6713958203864505,0.6713958203864505,,,,1.0
16,acetone_gsolv_eV,52,0.9999998807907104,0.0,0.6713958203864505,0.6713958203864505,,,,1.0
16,acetone_gsolv_eV,53,0.9999998807907104,0.0,0.6713958203864505,0.6713958203864505,,,,1.0
16,acetone_gsolv_eV,54,0.9999998807907104,0.0,0.6713958203864505,0.6713958203864505,,,,1.0
16,acetone_gsolv_eV,55,0.9999998807907104,0.0,0.6713958203864505,0.6713958203864505,,,,1.0
16,acetone_gsolv_eV,56,0.9999998807907104,0.0,0.6713958203864505,0.6713958203864505,,,,1.0
16,acetone_gsolv_eV,57,0.9999998807907104,0.0,0.6713958203864505,0.6713958203864505,,,,1.0
16,acetone_gsolv_eV,58,0.9999998807907104,0.0,0.6713958203864505,0.6713958203864505,,,,1.0
16,acetone_gsolv_eV,59,0.9999998807907104,0.0,0.6713958203864505,0.6713958203864505,,,,1.0
16,acetone_gsolv_eV,60,0.9999998807907104,0.0,0.6713958203864505,0.6713958203864505,,,,1.0
16,acetone_gsolv_eV,61,0.9999998807907104,0.0,0.6713958203864505,0.6713958203864505,,,,1.0
16,acetone_gsolv_eV,62,0.9999998807907104,0.0,0.6713958203864505,0.6713958203864505,,,,1.0
16,acetone_gsolv_eV,63,0.9999998807907104,0.0,0.6713958203864505,0.6713958203864505,,,,1.0
16,acetone_gsolv_eV,64,0.9999998807907104,0.0,0.6713958203864505,0.6713958203864505,,,,1.0
16,acetone_gsolv_eV,65,0.9999998807907104,0.0,0.6713958203864505,0.6713958203864505,,,,1.0
16,acetone_gsolv_eV,66,0.9999998807907104,0.0,0.6713958203864505,0.6713958203864505,,,,1.0
16,acetone_gsolv_eV,67,0.9999998807907104,0.0,0.6713958203864505,0.6713958203864505,,,,1.0
16,acetone_gsolv_eV,68,0.9999998807907104,0.0,0.6713958203864505,0.6713958203864505,,,,1.0
16,acetone_gsolv_eV,69,0.9999998807907104,0.0,0.6713958203864505,0.6713958203864505,,,,1.0
16,acetone_gsolv_eV,70,0.9999998807907104,0.0,0.6713958203864505,0.6713958203864505,,,,1.0
16,acetone_gsolv_eV,71,0.9999998807907104,0.0,0.6713958203864505,0.6713958203864505,,,,1.0
16,acetone_gsolv_eV,72,0.9999998807907104,0.0,0.6713958203864505,0.6713958203864505,,,,1.0
16,acetone_gsolv_eV,73,0.9999998807907104,0.0,0.6713958203864505,0.6713958203864505,,,,1.0
16,acetone_gsolv_eV,74,0.9999998807907104,0.0,0.6713958203864505,0.6713958203864505,,,,1.0
16,acetone_gsolv_eV,75,0.9999998807907104,0.0,0.6713958203864505,0.6713958203864505,,,,1.0
16,acetone_gsolv_eV,76,0.9999998807907104,0.0,0.6713958203864505,0.6713958203864505,,,,1.0
16,acetone_gsolv_eV,77,0.9999998807907104,0.0,0.6713958203864505,0.6713958203864505,,,,1.0
16,acetone_gsolv_eV,78,0.9999998807907104,0.0,0.6713958203864505,0.6713958203864505,,,,1.0
16,acetone_gsolv_eV,79,0.9999998807907104,0.0,0.6713958203864505,0.6713958203864505,,,,1.0
16,acetone_gsolv_eV,80,0.9999998807907104,0.0,0.6713958203864505,0.6713958203864505,,,,1.0
16,acetone_gsolv_eV,81,0.9999998807907104,0.0,0.6713958203864505,0.6713958203864505,,,,1.0
16,acetone_gsolv_eV,82,0.9999998807907104,0.0,0.6713958203864505,0.6713958203864505,,,,1.0
16,acetone_gsolv_eV,83,0.9999998807907104,0.0,0.6713958203864505,0.6713958203864505,,,,1.0
16,acetone_gsolv_eV,84,0.9999998807907104,0.0,0.6713958203864505,0.6713958203864505,,,,1.0
16,acetone_gsolv_eV,85,0.9999998807907104,0.0,0.6713958203864505,0.6713958203864505,,,,1.0
16,acetone_gsolv_eV,86,0.9999998807907104,0.0,0.6713958203864505,0.6713958203864505,,,,1.0
16,acetone_gsolv_eV,87,0.9999998807907104,0.0,0.6713958203864505,0.6713958203864505,,,,1.0
16,acetone_gsolv_eV,88,0.9999998807907104,0.0,0.6713958203864505,0.6713958203864505,,,,1.0
16,acetone_gsolv_eV,89,0.9999998807907104,0.0,0.6713958203864505,0.6713958203864505,,,,1.0
16,acetone_gsolv_eV,90,0.9999998807907104,0.0,0.6713958203864505,0.6713958203864505,,,,1.0
16,acetone_gsolv_eV,91,0.9999998807907104,0.0,0.6713958203864505,0.6713958203864505,,,,1.0
16,acetone_gsolv_eV,92,0.9999998807907104,0.0,0.6713958203864505,0.6713958203864505,,,,1.0
16,acetone_gsolv_eV,93,0.9999998807907104,0.0,0.6713958203864505,0.6713958203864505,,,,1.0
16,acetone_gsolv_eV,94,0.9999998807907104,0.0,0.6713958203864505,0.6713958203864505,,,,1.0
16,acetone_gsolv_eV,95,0.9999998807907104,0.0,0.6713958203864505,0.6713958203864505,,,,1.0
16,acetone_gsolv_eV,96,0.9999998807907104,0.0,0.6713958203864505,0.6713958203864505,,,,1.0
16,acetone_gsolv_eV,97,0.9999998807907104,0.0,0.6713958203864505,0.6713958203864505,,,,1.0
16,acetone_gsolv_eV,98,0.9999998807907104,0.0,0.6713958203864505,0.6713958203864505,,,,1.0
16,acetone_gsolv_eV,99,0.9999998807907104,0.0,0.6713958203864505,0.6713958203864505,,,,1.0
16,acetone_gsolv_eV,100,0.9999998807907104,0.0,0.6713958203864505,0.6713958203864505,,,,1.0
16,acetone_gsolv_eV,101,0.9999998807907104,0.0,0.6713958203864505,0.6713958203864505,,,,1.0
16,acetone_gsolv_eV,102,0.9999998807907104,0.0,0.6713958203864505,0.6713958203864505,,,,1.0
16,acetone_gsolv_eV,103,0.9999998807907104,0.0,0.6713958203864505,0.6713958203864505,,,,1.0
16,acetone_gsolv_eV,104,0.9999998807907104,0.0,0.6713958203864505,0.6713958203864505,,,,1.0
16,acetone_gsolv_eV,105,0.9999998807907104,0.0,0.6713958203864505,0.6713958203864505,,,,1.0
16,acetone_gsolv_eV,106,0.9999998807907104,0.0,0.6713958203864505,0.6713958203864505,,,,1.0
16,acetone_gsolv_eV,107,0.9999998807907104,0.0,0.6713958203864505,0.6713958203864505,,,,1.0
16,acetone_gsolv_eV,108,0.9999998807907104,0.0,0.6713958203864505,0.6713958203864505,,,,1.0
16,acetone_gsolv_eV,109,0.9999998807907104,0.0,0.6713958203864505,0.6713958203864505,,,,1.0
16,acetone_gsolv_eV,110,0.9999998807907104,0.0,0.6713958203864505,0.6713958203864505,,,,1.0
16,acetone_gsolv_eV,111,0.9999998807907104,0.0,0.6713958203864505,0.6713958203864505,,,,1.0
16,acetone_gsolv_eV,112,0.9999998807907104,0.0,0.6713958203864505,0.6713958203864505,,,,1.0
16,acetone_gsolv_eV,113,0.9999998807907104,0.0,0.6713958203864505,0.6713958203864505,,,,1.0
16,acetone_gsolv_eV,114,0.9999998807907104,0.0,0.6713958203864505,0.6713958203864505,,,,1.0
16,acetone_gsolv_eV,115,0.9999998807907104,0.0,0.6713958203864505,0.6713958203864505,,,,1.0
16,acetone_gsolv_eV,116,0.9999998807907104,0.0,0.6713958203864505,0.6713958203864505,,,,1.0
16,acetone_gsolv_eV,117,0.9999998807907104,0.0,0.6713958203864505,0.6713958203864505,,,,1.0
16,acetone_gsolv_eV,118,0.9999998807907104,0.0,0.6713958203864505,0.6713958203864505,,,,1.0
16,acetone_gsolv_eV,119,0.9999998807907104,0.0,0.6713958203864505,0.6713958203864505,,,,1.0
16,acetone_gsolv_eV,120,0.9999998807907104,0.0,0.6713958203864505,0.6713958203864505,,,,1.0
16,acetone_gsolv_eV,121,0.9999998807907104,0.0,0.6713958203864505,0.6713958203864505,,,,1.0
16,acetone_gsolv_eV,122,0.9999998807907104,0.0,0.6713958203864505,0.6713958203864505,,,,1.0
16,acetone_gsolv_eV,123,0.9999998807907104,0.0,0.6713958203864505,0.6713958203864505,,,,1.0
16,acetone_gsolv_eV,124,0.9999998807907104,0.0,0.6713958203864505,0.6713958203864505,,,,1.0
16,acetone_gsolv_eV,125,0.9999998807907104,0.0,0.6713958203864505,0.6713958203864505,,,,1.0
16,acetone_gsolv_eV,126,0.9999998807907104,0.0,0.6713958203864505,0.6713958203864505,,,,1.0
16,acetone_gsolv_eV,127,0.9999998807907104,0.0,0.6713958203864505,0.6713958203864505,,,,1.0
16,acetone_gsolv_eV,128,0.9999998807907104,0.0,0.6713958203864505,0.6713958203864505,,,,1.0
16,acetone_gsolv_eV,129,0.9999998807907104,0.0,0.6713958203864505,0.6713958203864505,,,,1.0
16,acetone_gsolv_eV,130,0.9999998807907104,0.0,0.6713958203864505,0.6713958203864505,,,,1.0
16,acetone_gsolv_eV,131,0.9999998807907104,0.0,0.6713958203864505,0.6713958203864505,,,,1.0
16,acetone_gsolv_eV,132,0.9999998807907104,0.0,0.6713958203864505,0.6713958203864505,,,,1.0
16,acetone_gsolv_eV,133,0.9999998807907104,0.0,0.6713958203864505,0.6713958203864505,,,,1.0
16,acetone_gsolv_eV,134,0.9999998807907104,0.0,0.6713958203864505,0.6713958203864505,,,,1.0
16,acetone_gsolv_eV,135,0.9999998807907104,0.0,0.6713958203864505,0.6713958203864505,,,,1.0
16,acetone_gsolv_eV,136,0.9999998807907104,0.0,0.6713958203864505,0.6713958203864505,,,,1.0
16,acetone_gsolv_eV,137,0.9999998807907104,0.0,0.6713958203864505,0.6713958203864505,,,,1.0
16,acetone_gsolv_eV,138,0.9999998807907104,0.0,0.6713958203864505,0.6713958203864505,,,,1.0
16,acetone_gsolv_eV,139,0.9999998807907104,0.0,0.6713958203864505,0.6713958203864505,,,,1.0
16,acetone_gsolv_eV,140,0.9999998807907104,0.0,0.6713958203864505,0.6713958203864505,,,,1.0
16,acetone_gsolv_eV,141,0.9999998807907104,0.0,0.6713958203864505,0.6713958203864505,,,,1.0
16,acetone_gsolv_eV,142,0.9999998807907104,0.0,0.6713958203864505,0.6713958203864505,,,,1.0
16,acetone_gsolv_eV,143,0.9999998807907104,0.0,0.6713958203864505,0.6713958203864505,,,,1.0
16,acetone_gsolv_eV,144,0.9999998807907104,0.0,0.6713958203864505,0.6713958203864505,,,,1.0
16,acetone_gsolv_eV,145,0.9999998807907104,0.0,0.6713958203864505,0.6713958203864505,,,,1.0
16,acetone_gsolv_eV,146,0.9999998807907104,0.0,0.6713958203864505,0.6713958203864505,,,,1.0
16,acetone_gsolv_eV,147,0.9999998807907104,0.0,0.6713958203864505,0.6713958203864505,,,,1.0
16,acetone_gsolv_eV,148,0.9999998807907104,0.0,0.6713958203864505,0.6713958203864505,,,,1.0
16,acetone_gsolv_eV,149,0.9999998807907104,0.0,0.6713958203864505,0.6713958203864505,,,,1.0
16,acetone_gsolv_eV,150,0.9999998807907104,0.0,0.6713958203864505,0.6713958203864505,,,,1.0
16,acetone_gsolv_eV,151,0.9999998807907104,0.0,0.6713958203864505,0.6713958203864505,,,,1.0
16,acetone_gsolv_eV,152,0.9999998807907104,0.0,0.6713958203864505,0.6713958203864505,,,,1.0
16,acetone_gsolv_eV,153,0.9999998807907104,0.0,0.6713958203864505,0.6713958203864505,,,,1.0
16,acetone_gsolv_eV,154,0.9999998807907104,0.0,0.6713958203864505,0.6713958203864505,,,,1.0
16,acetone_gsolv_eV,155,0.9999998807907104,0.0,0.6713958203864505,0.6713958203864505,,,,1.0
16,acetone_gsolv_eV,156,0.9999998807907104,0.0,0.6713958203864505,0.6713958203864505,,,,1.0
16,acetone_gsolv_eV,157,0.9999998807907104,0.0,0.6713958203864505,0.6713958203864505,,,,1.0
16,acetone_gsolv_eV,158,0.9999998807907104,0.0,0.6713958203864505,0.6713958203864505,,,,1.0
16,acetone_gsolv_eV,159,0.9999998807907104,0.0,0.6713958203864505,0.6713958203864505,,,,1.0
16,acetone_gsolv_eV,160,0.9999998807907104,0.0,0.6713958203864505,0.6713958203864505,,,,1.0
16,acetone_gsolv_eV,161,0.9999998807907104,0.0,0.6713958203864505,0.6713958203864505,,,,1.0
16,acetone_gsolv_eV,162,0.9999998807907104,0.0,0.6713958203864505,0.6713958203864505,,,,1.0
16,acetone_gsolv_eV,163,0.9999998807907104,0.0,0.6713958203864505,0.6713958203864505,,,,1.0
16,acetone_gsolv_eV,164,0.9999998807907104,0.0,0.6713958203864505,0.6713958203864505,,,,1.0
16,acetone_gsolv_eV,165,0.9999998807907104,0.0,0.6713958203864505,0.6713958203864505,,,,1.0
16,acetone_gsolv_eV,166,0.9999998807907104,0.0,0.6713958203864505,0.6713958203864505,,,,1.0
16,acetone_gsolv_eV,167,0.9999998807907104,0.0,0.6713958203864505,0.6713958203864505,,,,1.0
16,acetone_gsolv_eV,168,0.9999998807907104,0.0,0.6713958203864505,0.6713958203864505,,,,1.0
16,acetone_gsolv_eV,169,0.9999998807907104,0.0,0.6713958203864505,0.6713958203864505,,,,1.0
16,acetone_gsolv_eV,170,0.9999998807907104,0.0,0.6713958203864505,0.6713958203864505,,,,1.0
16,acetone_gsolv_eV,171,0.9999998807907104,0.0,0.6713958203864505,0.6713958203864505,,,,1.0
16,acetone_gsolv_eV,172,0.9999998807907104,0.0,0.6713958203864505,0.6713958203864505,,,,1.0
16,acetone_gsolv_eV,173,0.9999998807907104,0.0,0.6713958203864505,0.6713958203864505,,,,1.0
16,acetone_gsolv_eV,174,0.9999998807907104,0.0,0.6713958203864505,0.6713958203864505,,,,1.0
16,acetone_gsolv_eV,175,0.9999998807907104,0.0,0.6713958203864505,0.6713958203864505,,,,1.0
16,acetone_gsolv_eV,176,0.9999998807907104,0.0,0.6713958203864505,0.6713958203864505,,,,1.0
16,acetone_gsolv_eV,177,0.9999998807907104,0.0,0.6713958203864505,0.6713958203864505,,,,1.0
16,acetone_gsolv_eV,178,0.9999998807907104,0.0,0.6713958203864505,0.6713958203864505,,,,1.0
16,acetone_gsolv_eV,179,0.9999998807907104,0.0,0.6713958203864505,0.6713958203864505,,,,1.0
16,acetone_gsolv_eV,180,0.9999998807907104,0.0,0.6713958203864505,0.6713958203864505,,,,1.0
16,acetone_gsolv_eV,181,0.9999998807907104,0.0,0.6713958203864505,0.6713958203864505,,,,1.0
16,acetone_gsolv_eV,182,0.9999998807907104,0.0,0.6713958203864505,0.6713958203864505,,,,1.0
16,acetone_gsolv_eV,183,0.9999998807907104,0.0,0.6713958203864505,0.6713958203864505,,,,1.0
16,acetone_gsolv_eV,184,0.9999998807907104,0.0,0.6713958203864505,0.6713958203864505,,,,1.0
16,acetone_gsolv_eV,185,0.9999998807907104,0.0,0.6713958203864505,0.6713958203864505,,,,1.0
16,acetone_gsolv_eV,186,0.9999998807907104,0.0,0.6713958203864505,0.6713958203864505,,,,1.0
16,acetone_gsolv_eV,187,0.9999998807907104,0.0,0.6713958203864505,0.6713958203864505,,,,1.0
16,acetone_gsolv_eV,188,0.9999998807907104,0.0,0.6713958203864505,0.6713958203864505,,,,1.0
16,acetone_gsolv_eV,189,0.9999998807907104,0.0,0.6713958203864505,0.6713958203864505,,,,1.0
16,acetone_gsolv_eV,190,0.9999998807907104,0.0,0.6713958203864505,0.6713958203864505,,,,1.0
16,acetone_gsolv_eV,191,0.9999998807907104,0.0,0.6713958203864505,0.6713958203864505,,,,1.0
16,acetone_gsolv_eV,192,0.9999998807907104,0.0,0.6713958203864505,0.6713958203864505,,,,1.0
16,acetone_gsolv_eV,193,0.9999998807907104,0.0,0.6713958203864505,0.6713958203864505,,,,1.0
16,acetone_gsolv_eV,194,0.9999998807907104,0.0,0.6713958203864505,0.6713958203864505,,,,1.0
16,acetone_gsolv_eV,195,0.9999998807907104,0.0,0.6713958203864505,0.6713958203864505,,,,1.0
16,acetone_gsolv_eV,196,0.9999998807907104,0.0,0.6713958203864505,0.6713958203864505,,,,1.0
16,acetone_gsolv_eV,197,0.9999998807907104,0.0,0.6713958203864505,0.6713958203864505,,,,1.0
16,acetone_gsolv_eV,198,0.9999998807907104,0.0,0.6713958203864505,0.6713958203864505,,,,1.0
16,acetone_gsolv_eV,199,0.9999998807907104,0.0,0.6713958203864505,0.6713958203864505,,,,1.0
16,acetone_gsolv_eV,200,0.9999998807907104,0.0,0.6713958203864505,0.6713958203864505,,,,1.0
16,acetone_gsolv_eV,201,0.9999998807907104,0.0,0.6713958203864505,0.6713958203864505,,,,1.0
16,acetone_gsolv_eV,202,0.9999998807907104,0.0,0.6713958203864505,0.6713958203864505,,,,1.0
16,acetone_gsolv_eV,203,0.9999998807907104,0.0,0.6713958203864505,0.6713958203864505,,,,1.0
16,acetone_gsolv_eV,204,0.9999998807907104,0.0,0.6713958203864505,0.6713958203864505,,,,1.0
16,acetone_gsolv_eV,205,0.9999998807907104,0.0,0.6713958203864505,0.6713958203864505,,,,1.0
16,acetone_gsolv_eV,206,0.9999998807907104,0.0,0.6713958203864505,0.6713958203864505,,,,1.0
16,acetone_gsolv_eV,207,0.9999998807907104,0.0,0.6713958203864505,0.6713958203864505,,,,1.0
16,acetone_gsolv_eV,208,0.9999998807907104,0.0,0.6713958203864505,0.6713958203864505,,,,1.0
16,acetone_gsolv_eV,209,0.9999998807907104,0.0,0.6713958203864505,0.6713958203864505,,,,1.0
16,acetone_gsolv_eV,210,0.9999998807907104,0.0,0.6713958203864505,0.6713958203864505,,,,1.0
16,acetone_gsolv_eV,211,0.9999998807907104,0.0,0.6713958203864505,0.6713958203864505,,,,1.0
16,acetone_gsolv_eV,212,0.9999998807907104,0.0,0.6713958203864505,0.6713958203864505,,,,1.0
16,acetone_gsolv_eV,213,0.9999998807907104,0.0,0.6713958203864505,0.6713958203864505,,,,1.0
16,acetone_gsolv_eV,214,0.9999998807907104,0.0,0.6713958203864505,0.6713958203864505,,,,1.0
16,acetone_gsolv_eV,215,0.9999998807907104,0.0,0.6713958203864505,0.6713958203864505,,,,1.0
16,acetone_gsolv_eV,216,0.9999998807907104,0.0,0.6713958203864505,0.6713958203864505,,,,1.0
16,acetone_gsolv_eV,217,0.9999998807907104,0.0,0.6713958203864505,0.6713958203864505,,,,1.0
16,acetone_gsolv_eV,218,0.9999998807907104,0.0,0.6713958203864505,0.6713958203864505,,,,1.0
16,acetone_gsolv_eV,219,0.9999998807907104,0.0,0.6713958203864505,0.6713958203864505,,,,1.0
16,acetone_gsolv_eV,220,0.9999998807907104,0.0,0.6713958203864505,0.6713958203864505,,,,1.0
16,acetone_gsolv_eV,221,0.9999998807907104,0.0,0.6713958203864505,0.6713958203864505,,,,1.0
16,acetone_gsolv_eV,222,0.9999998807907104,0.0,0.6713958203864505,0.6713958203864505,,,,1.0
16,acetone_gsolv_eV,223,0.9999998807907104,0.0,0.6713958203864505,0.6713958203864505,,,,1.0
16,acetone_gsolv_eV,224,0.9999998807907104,0.0,0.6713958203864505,0.6713958203864505,,,,1.0
16,acetone_gsolv_eV,225,0.9999998807907104,0.0,0.6713958203864505,0.6713958203864505,,,,1.0
16,acetone_gsolv_eV,226,0.9999998807907104,0.0,0.6713958203864505,0.6713958203864505,,,,1.0
16,acetone_gsolv_eV,227,0.9999998807907104,0.0,0.6713958203864505,0.6713958203864505,,,,1.0
16,acetone_gsolv_eV,228,0.9999998807907104,0.0,0.6713958203864505,0.6713958203864505,,,,1.0
16,acetone_gsolv_eV,229,0.9999998807907104,0.0,0.6713958203864505,0.6713958203864505,,,,1.0
16,acetone_gsolv_eV,230,0.9999998807907104,0.0,0.6713958203864505,0.6713958203864505,,,,1.0
16,acetone_gsolv_eV,231,0.9999998807907104,0.0,0.6713958203864505,0.6713958203864505,,,,1.0
16,acetone_gsolv_eV,232,0.9999998807907104,0.0,0.6713958203864505,0.6713958203864505,,,,1.0
16,acetone_gsolv_eV,233,0.9999998807907104,0.0,0.6713958203864505,0.6713958203864505,,,,1.0
16,acetone_gsolv_eV,234,0.9999998807907104,0.0,0.6713958203864505,0.6713958203864505,,,,1.0
16,acetone_gsolv_eV,235,0.9999998807907104,0.0,0.6713958203864505,0.6713958203864505,,,,1.0
16,acetone_gsolv_eV,236,0.9999998807907104,0.0,0.6713958203864505,0.6713958203864505,,,,1.0
16,acetone_gsolv_eV,237,0.9999998807907104,0.0,0.6713958203864505,0.6713958203864505,,,,1.0
16,acetone_gsolv_eV,238,0.9999998807907104,0.0,0.6713958203864505,0.6713958203864505,,,,1.0
16,acetone_gsolv_eV,239,0.9999998807907104,0.0,0.6713958203864505,0.6713958203864505,,,,1.0
16,acetone_gsolv_eV,240,0.9999998807907104,0.0,0.6713958203864505,0.6713958203864505,,,,1.0
16,acetone_gsolv_eV,241,0.9999998807907104,0.0,0.6713958203864505,0.6713958203864505,,,,1.0
16,acetone_gsolv_eV,242,0.9999998807907104,0.0,0.6713958203864505,0.6713958203864505,,,,1.0
16,acetone_gsolv_eV,243,0.9999998807907104,0.0,0.6713958203864505,0.6713958203864505,,,,1.0
16,acetone_gsolv_eV,244,0.9999998807907104,0.0,0.6713958203864505,0.6713958203864505,,,,1.0
16,acetone_gsolv_eV,245,0.9999998807907104,0.0,0.6713958203864505,0.6713958203864505,,,,1.0
16,acetone_gsolv_eV,246,0.9999998807907104,0.0,0.6713958203864505,0.6713958203864505,,,,1.0
16,acetone_gsolv_eV,247,0.9999998807907104,0.0,0.6713958203864505,0.6713958203864505,,,,1.0
16,acetone_gsolv_eV,248,0.9999998807907104,0.0,0.6713958203864505,0.6713958203864505,,,,1.0
16,acetone_gsolv_eV,249,0.9999998807907104,0.0,0.6713958203864505,0.6713958203864505,,,,1.0
16,acetone_hl_gap_eV,0,1.0000001192092896,0.0,0.7063746538312927,0.7063746538312927,,,,1.0
16,acetone_hl_gap_eV,1,1.0000001192092896,0.0,0.7063746538312927,0.7063746538312927,,,,1.0
16,acetone_hl_gap_eV,2,1.0000001192092896,0.0,0.7063746538312927,0.7063746538312927,,,,1.0
16,acetone_hl_gap_eV,3,1.0000001192092896,0.0,0.7063746538312927,0.7063746538312927,,,,1.0
16,acetone_hl_gap_eV,4,1.0000001192092896,0.0,0.7063746538312927,0.7063746538312927,,,,1.0
16,acetone_hl_gap_eV,5,1.0000001192092896,0.0,0.7063746538312927,0.7063746538312927,,,,1.0
16,acetone_hl_gap_eV,6,1.0000001192092896,0.0,0.7063746538312927,0.7063746538312927,,,,1.0
16,acetone_hl_gap_eV,7,1.0000001192092896,0.0,0.7063746538312927,0.7063746538312927,,,,1.0
16,acetone_hl_gap_eV,8,1.0000001192092896,0.0,0.7063746538312927,0.7063746538312927,,,,1.0
16,acetone_hl_gap_eV,9,1.0000001192092896,0.0,0.7063746538312927,0.7063746538312927,,,,1.0
16,acetone_hl_gap_eV,10,1.0000001192092896,0.0,0.7063746538312927,0.7063746538312927,,,,1.0
16,acetone_hl_gap_eV,11,1.0000001192092896,0.0,0.7063746538312927,0.7063746538312927,,,,1.0
16,acetone_hl_gap_eV,12,1.0000001192092896,0.0,0.7063746538312927,0.7063746538312927,,,,1.0
16,acetone_hl_gap_eV,13,1.0000001192092896,0.0,0.7063746538312927,0.7063746538312927,,,,1.0
16,acetone_hl_gap_eV,14,1.0000001192092896,0.0,0.7063746538312927,0.7063746538312927,,,,1.0
16,acetone_hl_gap_eV,15,1.0000001192092896,0.0,0.7063746538312927,0.7063746538312927,,,,1.0
16,acetone_hl_gap_eV,16,1.0000001192092896,0.0,0.7063746538312927,0.7063746538312927,,,,1.0
16,acetone_hl_gap_eV,17,1.0000001192092896,0.0,0.7063746538312927,0.7063746538312927,,,,1.0
16,acetone_hl_gap_eV,18,1.0000001192092896,0.0,0.7063746538312927,0.7063746538312927,,,,1.0
16,acetone_hl_gap_eV,19,1.0000001192092896,0.0,0.7063746538312927,0.7063746538312927,,,,1.0
16,acetone_hl_gap_eV,20,1.0000001192092896,0.0,0.7063746538312927,0.7063746538312927,,,,1.0
16,acetone_hl_gap_eV,21,1.0000001192092896,0.0,0.7063746538312927,0.7063746538312927,,,,1.0
16,acetone_hl_gap_eV,22,1.0000001192092896,0.0,0.7063746538312927,0.7063746538312927,,,,1.0
16,acetone_hl_gap_eV,23,1.0000001192092896,0.0,0.7063746538312927,0.7063746538312927,,,,1.0
16,acetone_hl_gap_eV,24,1.0000001192092896,0.0,0.7063746538312927,0.7063746538312927,,,,1.0
16,acetone_hl_gap_eV,25,1.0000001192092896,0.0,0.7063746538312927,0.7063746538312927,,,,1.0
16,acetone_hl_gap_eV,26,1.0000001192092896,0.0,0.7063746538312927,0.7063746538312927,,,,1.0
16,acetone_hl_gap_eV,27,1.0000001192092896,0.0,0.7063746538312927,0.7063746538312927,,,,1.0
16,acetone_hl_gap_eV,28,1.0000001192092896,0.0,0.7063746538312927,0.7063746538312927,,,,1.0
16,acetone_hl_gap_eV,29,1.0000001192092896,0.0,0.7063746538312927,0.7063746538312927,,,,1.0
16,acetone_hl_gap_eV,30,1.0000001192092896,0.0,0.7063746538312927,0.7063746538312927,,,,1.0
16,acetone_hl_gap_eV,31,1.0000001192092896,0.0,0.7063746538312927,0.7063746538312927,,,,1.0
16,acetone_hl_gap_eV,32,1.0000001192092896,0.0,0.7063746538312927,0.7063746538312927,,,,1.0
16,acetone_hl_gap_eV,33,1.0000001192092896,0.0,0.7063746538312927,0.7063746538312927,,,,1.0
16,acetone_hl_gap_eV,34,1.0000001192092896,0.0,0.7063746538312927,0.7063746538312927,,,,1.0
16,acetone_hl_gap_eV,35,1.0000001192092896,0.0,0.7063746538312927,0.7063746538312927,,,,1.0
16,acetone_hl_gap_eV,36,1.0000001192092896,0.0,0.7063746538312927,0.7063746538312927,,,,1.0
16,acetone_hl_gap_eV,37,1.0000001192092896,0.0,0.7063746538312927,0.7063746538312927,,,,1.0
16,acetone_hl_gap_eV,38,1.0000001192092896,0.0,0.7063746538312927,0.7063746538312927,,,,1.0
16,acetone_hl_gap_eV,39,1.0000001192092896,0.0,0.7063746538312927,0.7063746538312927,,,,1.0
16,acetone_hl_gap_eV,40,1.0000001192092896,0.0,0.7063746538312927,0.7063746538312927,,,,1.0
16,acetone_hl_gap_eV,41,1.0000001192092896,0.0,0.7063746538312927,0.7063746538312927,,,,1.0
16,acetone_hl_gap_eV,42,1.0000001192092896,0.0,0.7063746538312927,0.7063746538312927,,,,1.0
16,acetone_hl_gap_eV,43,1.0000001192092896,0.0,0.7063746538312927,0.7063746538312927,,,,1.0
16,acetone_hl_gap_eV,44,1.0000001192092896,0.0,0.7063746538312927,0.7063746538312927,,,,1.0
16,acetone_hl_gap_eV,45,1.0000001192092896,0.0,0.7063746538312927,0.7063746538312927,,,,1.0
16,acetone_hl_gap_eV,46,1.0000001192092896,0.0,0.7063746538312927,0.7063746538312927,,,,1.0
16,acetone_hl_gap_eV,47,1.0000001192092896,0.0,0.7063746538312927,0.7063746538312927,,,,1.0
16,acetone_hl_gap_eV,48,1.0000001192092896,0.0,0.7063746538312927,0.7063746538312927,,,,1.0
16,acetone_hl_gap_eV,49,1.0000001192092896,0.0,0.7063746538312927,0.7063746538312927,,,,1.0
16,acetone_hl_gap_eV,50,1.0000001192092896,0.0,0.7063746538312927,0.7063746538312927,,,,1.0
16,acetone_hl_gap_eV,51,1.0000001192092896,0.0,0.7063746538312927,0.7063746538312927,,,,1.0
16,acetone_hl_gap_eV,52,1.0000001192092896,0.0,0.7063746538312927,0.7063746538312927,,,,1.0
16,acetone_hl_gap_eV,53,1.0000001192092896,0.0,0.7063746538312927,0.7063746538312927,,,,1.0
16,acetone_hl_gap_eV,54,1.0000001192092896,0.0,0.7063746538312927,0.7063746538312927,,,,1.0
16,acetone_hl_gap_eV,55,1.0000001192092896,0.0,0.7063746538312927,0.7063746538312927,,,,1.0
16,acetone_hl_gap_eV,56,1.0000001192092896,0.0,0.7063746538312927,0.7063746538312927,,,,1.0
16,acetone_hl_gap_eV,57,1.0000001192092896,0.0,0.7063746538312927,0.7063746538312927,,,,1.0
16,acetone_hl_gap_eV,58,1.0000001192092896,0.0,0.7063746538312927,0.7063746538312927,,,,1.0
16,acetone_hl_gap_eV,59,1.0000001192092896,0.0,0.7063746538312927,0.7063746538312927,,,,1.0
16,acetone_hl_gap_eV,60,1.0000001192092896,0.0,0.7063746538312927,0.7063746538312927,,,,1.0
16,acetone_hl_gap_eV,61,1.0000001192092896,0.0,0.7063746538312927,0.7063746538312927,,,,1.0
16,acetone_hl_gap_eV,62,1.0000001192092896,0.0,0.7063746538312927,0.7063746538312927,,,,1.0
16,acetone_hl_gap_eV,63,1.0000001192092896,0.0,0.7063746538312927,0.7063746538312927,,,,1.0
16,acetone_hl_gap_eV,64,1.0000001192092896,0.0,0.7063746538312927,0.7063746538312927,,,,1.0
16,acetone_hl_gap_eV,65,1.0000001192092896,0.0,0.7063746538312927,0.7063746538312927,,,,1.0
16,acetone_hl_gap_eV,66,1.0000001192092896,0.0,0.7063746538312927,0.7063746538312927,,,,1.0
16,acetone_hl_gap_eV,67,1.0000001192092896,0.0,0.7063746538312927,0.7063746538312927,,,,1.0
16,acetone_hl_gap_eV,68,1.0000001192092896,0.0,0.7063746538312927,0.7063746538312927,,,,1.0
16,acetone_hl_gap_eV,69,1.0000001192092896,0.0,0.7063746538312927,0.7063746538312927,,,,1.0
16,acetone_hl_gap_eV,70,1.0000001192092896,0.0,0.7063746538312927,0.7063746538312927,,,,1.0
16,acetone_hl_gap_eV,71,1.0000001192092896,0.0,0.7063746538312927,0.7063746538312927,,,,1.0
16,acetone_hl_gap_eV,72,1.0000001192092896,0.0,0.7063746538312927,0.7063746538312927,,,,1.0
16,acetone_hl_gap_eV,73,1.0000001192092896,0.0,0.7063746538312927,0.7063746538312927,,,,1.0
16,acetone_hl_gap_eV,74,1.0000001192092896,0.0,0.7063746538312927,0.7063746538312927,,,,1.0
16,acetone_hl_gap_eV,75,1.0000001192092896,0.0,0.7063746538312927,0.7063746538312927,,,,1.0
16,acetone_hl_gap_eV,76,1.0000001192092896,0.0,0.7063746538312927,0.7063746538312927,,,,1.0
16,acetone_hl_gap_eV,77,1.0000001192092896,0.0,0.7063746538312927,0.7063746538312927,,,,1.0
16,acetone_hl_gap_eV,78,1.0000001192092896,0.0,0.7063746538312927,0.7063746538312927,,,,1.0
16,acetone_hl_gap_eV,79,1.0000001192092896,0.0,0.7063746538312927,0.7063746538312927,,,,1.0
16,acetone_hl_gap_eV,80,1.0000001192092896,0.0,0.7063746538312927,0.7063746538312927,,,,1.0
16,acetone_hl_gap_eV,81,1.0000001192092896,0.0,0.7063746538312927,0.7063746538312927,,,,1.0
16,acetone_hl_gap_eV,82,1.0000001192092896,0.0,0.7063746538312927,0.7063746538312927,,,,1.0
16,acetone_hl_gap_eV,83,1.0000001192092896,0.0,0.7063746538312927,0.7063746538312927,,,,1.0
16,acetone_hl_gap_eV,84,1.0000001192092896,0.0,0.7063746538312927,0.7063746538312927,,,,1.0
16,acetone_hl_gap_eV,85,1.0000001192092896,0.0,0.7063746538312927,0.7063746538312927,,,,1.0
16,acetone_hl_gap_eV,86,1.0000001192092896,0.0,0.7063746538312927,0.7063746538312927,,,,1.0
16,acetone_hl_gap_eV,87,1.0000001192092896,0.0,0.7063746538312927,0.7063746538312927,,,,1.0
16,acetone_hl_gap_eV,88,1.0000001192092896,0.0,0.7063746538312927,0.7063746538312927,,,,1.0
16,acetone_hl_gap_eV,89,1.0000001192092896,0.0,0.7063746538312927,0.7063746538312927,,,,1.0
16,acetone_hl_gap_eV,90,1.0000001192092896,0.0,0.7063746538312927,0.7063746538312927,,,,1.0
16,acetone_hl_gap_eV,91,1.0000001192092896,0.0,0.7063746538312927,0.7063746538312927,,,,1.0
16,acetone_hl_gap_eV,92,1.0000001192092896,0.0,0.7063746538312927,0.7063746538312927,,,,1.0
16,acetone_hl_gap_eV,93,1.0000001192092896,0.0,0.7063746538312927,0.7063746538312927,,,,1.0
16,acetone_hl_gap_eV,94,1.0000001192092896,0.0,0.7063746538312927,0.7063746538312927,,,,1.0
16,acetone_hl_gap_eV,95,1.0000001192092896,0.0,0.7063746538312927,0.7063746538312927,,,,1.0
16,acetone_hl_gap_eV,96,1.0000001192092896,0.0,0.7063746538312927,0.7063746538312927,,,,1.0
16,acetone_hl_gap_eV,97,1.0000001192092896,0.0,0.7063746538312927,0.7063746538312927,,,,1.0
16,acetone_hl_gap_eV,98,1.0000001192092896,0.0,0.7063746538312927,0.7063746538312927,,,,1.0
16,acetone_hl_gap_eV,99,1.0000001192092896,0.0,0.7063746538312927,0.7063746538312927,,,,1.0
16,acetone_hl_gap_eV,100,1.0000001192092896,0.0,0.7063746538312927,0.7063746538312927,,,,1.0
16,acetone_hl_gap_eV,101,1.0000001192092896,0.0,0.7063746538312927,0.7063746538312927,,,,1.0
16,acetone_hl_gap_eV,102,1.0000001192092896,0.0,0.7063746538312927,0.7063746538312927,,,,1.0
16,acetone_hl_gap_eV,103,1.0000001192092896,0.0,0.7063746538312927,0.7063746538312927,,,,1.0
16,acetone_hl_gap_eV,104,1.0000001192092896,0.0,0.7063746538312927,0.7063746538312927,,,,1.0
16,acetone_hl_gap_eV,105,1.0000001192092896,0.0,0.7063746538312927,0.7063746538312927,,,,1.0
16,acetone_hl_gap_eV,106,1.0000001192092896,0.0,0.7063746538312927,0.7063746538312927,,,,1.0
16,acetone_hl_gap_eV,107,1.0000001192092896,0.0,0.7063746538312927,0.7063746538312927,,,,1.0
16,acetone_hl_gap_eV,108,1.0000001192092896,0.0,0.7063746538312927,0.7063746538312927,,,,1.0
16,acetone_hl_gap_eV,109,1.0000001192092896,0.0,0.7063746538312927,0.7063746538312927,,,,1.0
16,acetone_hl_gap_eV,110,1.0000001192092896,0.0,0.7063746538312927,0.7063746538312927,,,,1.0
16,acetone_hl_gap_eV,111,1.0000001192092896,0.0,0.7063746538312927,0.7063746538312927,,,,1.0
16,acetone_hl_gap_eV,112,1.0000001192092896,0.0,0.7063746538312927,0.7063746538312927,,,,1.0
16,acetone_hl_gap_eV,113,1.0000001192092896,0.0,0.7063746538312927,0.7063746538312927,,,,1.0
16,acetone_hl_gap_eV,114,1.0000001192092896,0.0,0.7063746538312927,0.7063746538312927,,,,1.0
16,acetone_hl_gap_eV,115,1.0000001192092896,0.0,0.7063746538312927,0.7063746538312927,,,,1.0
16,acetone_hl_gap_eV,116,1.0000001192092896,0.0,0.7063746538312927,0.7063746538312927,,,,1.0
16,acetone_hl_gap_eV,117,1.0000001192092896,0.0,0.7063746538312927,0.7063746538312927,,,,1.0
16,acetone_hl_gap_eV,118,1.0000001192092896,0.0,0.7063746538312927,0.7063746538312927,,,,1.0
16,acetone_hl_gap_eV,119,1.0000001192092896,0.0,0.7063746538312927,0.7063746538312927,,,,1.0
16,acetone_hl_gap_eV,120,1.0000001192092896,0.0,0.7063746538312927,0.7063746538312927,,,,1.0
16,acetone_hl_gap_eV,121,1.0000001192092896,0.0,0.7063746538312927,0.7063746538312927,,,,1.0
16,acetone_hl_gap_eV,122,1.0000001192092896,0.0,0.7063746538312927,0.7063746538312927,,,,1.0
16,acetone_hl_gap_eV,123,1.0000001192092896,0.0,0.7063746538312927,0.7063746538312927,,,,1.0
16,acetone_hl_gap_eV,124,1.0000001192092896,0.0,0.7063746538312927,0.7063746538312927,,,,1.0
16,acetone_hl_gap_eV,125,1.0000001192092896,0.0,0.7063746538312927,0.7063746538312927,,,,1.0
16,acetone_hl_gap_eV,126,1.0000001192092896,0.0,0.7063746538312927,0.7063746538312927,,,,1.0
16,acetone_hl_gap_eV,127,1.0000001192092896,0.0,0.7063746538312927,0.7063746538312927,,,,1.0
16,acetone_hl_gap_eV,128,1.0000001192092896,0.0,0.7063746538312927,0.7063746538312927,,,,1.0
16,acetone_hl_gap_eV,129,1.0000001192092896,0.0,0.7063746538312927,0.7063746538312927,,,,1.0
16,acetone_hl_gap_eV,130,1.0000001192092896,0.0,0.7063746538312927,0.7063746538312927,,,,1.0
16,acetone_hl_gap_eV,131,1.0000001192092896,0.0,0.7063746538312927,0.7063746538312927,,,,1.0
16,acetone_hl_gap_eV,132,1.0000001192092896,0.0,0.7063746538312927,0.7063746538312927,,,,1.0
16,acetone_hl_gap_eV,133,1.0000001192092896,0.0,0.7063746538312927,0.7063746538312927,,,,1.0
16,acetone_hl_gap_eV,134,1.0000001192092896,0.0,0.7063746538312927,0.7063746538312927,,,,1.0
16,acetone_hl_gap_eV,135,1.0000001192092896,0.0,0.7063746538312927,0.7063746538312927,,,,1.0
16,acetone_hl_gap_eV,136,1.0000001192092896,0.0,0.7063746538312927,0.7063746538312927,,,,1.0
16,acetone_hl_gap_eV,137,1.0000001192092896,0.0,0.7063746538312927,0.7063746538312927,,,,1.0
16,acetone_hl_gap_eV,138,1.0000001192092896,0.0,0.7063746538312927,0.7063746538312927,,,,1.0
16,acetone_hl_gap_eV,139,1.0000001192092896,0.0,0.7063746538312927,0.7063746538312927,,,,1.0
16,acetone_hl_gap_eV,140,1.0000001192092896,0.0,0.7063746538312927,0.7063746538312927,,,,1.0
16,acetone_hl_gap_eV,141,1.0000001192092896,0.0,0.7063746538312927,0.7063746538312927,,,,1.0
16,acetone_hl_gap_eV,142,1.0000001192092896,0.0,0.7063746538312927,0.7063746538312927,,,,1.0
16,acetone_hl_gap_eV,143,1.0000001192092896,0.0,0.7063746538312927,0.7063746538312927,,,,1.0
16,acetone_hl_gap_eV,144,1.0000001192092896,0.0,0.7063746538312927,0.7063746538312927,,,,1.0
16,acetone_hl_gap_eV,145,1.0000001192092896,0.0,0.7063746538312927,0.7063746538312927,,,,1.0
16,acetone_hl_gap_eV,146,1.0000001192092896,0.0,0.7063746538312927,0.7063746538312927,,,,1.0
16,acetone_hl_gap_eV,147,1.0000001192092896,0.0,0.7063746538312927,0.7063746538312927,,,,1.0
16,acetone_hl_gap_eV,148,1.0000001192092896,0.0,0.7063746538312927,0.7063746538312927,,,,1.0
16,acetone_hl_gap_eV,149,1.0000001192092896,0.0,0.7063746538312927,0.7063746538312927,,,,1.0
16,acetone_hl_gap_eV,150,1.0000001192092896,0.0,0.7063746538312927,0.7063746538312927,,,,1.0
16,acetone_hl_gap_eV,151,1.0000001192092896,0.0,0.7063746538312927,0.7063746538312927,,,,1.0
16,acetone_hl_gap_eV,152,1.0000001192092896,0.0,0.7063746538312927,0.7063746538312927,,,,1.0
16,acetone_hl_gap_eV,153,1.0000001192092896,0.0,0.7063746538312927,0.7063746538312927,,,,1.0
16,acetone_hl_gap_eV,154,1.0000001192092896,0.0,0.7063746538312927,0.7063746538312927,,,,1.0
16,acetone_hl_gap_eV,155,1.0000001192092896,0.0,0.7063746538312927,0.7063746538312927,,,,1.0
16,acetone_hl_gap_eV,156,1.0000001192092896,0.0,0.7063746538312927,0.7063746538312927,,,,1.0
16,acetone_hl_gap_eV,157,1.0000001192092896,0.0,0.7063746538312927,0.7063746538312927,,,,1.0
16,acetone_hl_gap_eV,158,1.0000001192092896,0.0,0.7063746538312927,0.7063746538312927,,,,1.0
16,acetone_hl_gap_eV,159,1.0000001192092896,0.0,0.7063746538312927,0.7063746538312927,,,,1.0
16,acetone_hl_gap_eV,160,1.0000001192092896,0.0,0.7063746538312927,0.7063746538312927,,,,1.0
16,acetone_hl_gap_eV,161,1.0000001192092896,0.0,0.7063746538312927,0.7063746538312927,,,,1.0
16,acetone_hl_gap_eV,162,1.0000001192092896,0.0,0.7063746538312927,0.7063746538312927,,,,1.0
16,acetone_hl_gap_eV,163,1.0000001192092896,0.0,0.7063746538312927,0.7063746538312927,,,,1.0
16,acetone_hl_gap_eV,164,1.0000001192092896,0.0,0.7063746538312927,0.7063746538312927,,,,1.0
16,acetone_hl_gap_eV,165,1.0000001192092896,0.0,0.7063746538312927,0.7063746538312927,,,,1.0
16,acetone_hl_gap_eV,166,1.0000001192092896,0.0,0.7063746538312927,0.7063746538312927,,,,1.0
16,acetone_hl_gap_eV,167,1.0000001192092896,0.0,0.7063746538312927,0.7063746538312927,,,,1.0
16,acetone_hl_gap_eV,168,1.0000001192092896,0.0,0.7063746538312927,0.7063746538312927,,,,1.0
16,acetone_hl_gap_eV,169,1.0000001192092896,0.0,0.7063746538312927,0.7063746538312927,,,,1.0
16,acetone_hl_gap_eV,170,1.0000001192092896,0.0,0.7063746538312927,0.7063746538312927,,,,1.0
16,acetone_hl_gap_eV,171,1.0000001192092896,0.0,0.7063746538312927,0.7063746538312927,,,,1.0
16,acetone_hl_gap_eV,172,1.0000001192092896,0.0,0.7063746538312927,0.7063746538312927,,,,1.0
16,acetone_hl_gap_eV,173,1.0000001192092896,0.0,0.7063746538312927,0.7063746538312927,,,,1.0
16,acetone_hl_gap_eV,174,1.0000001192092896,0.0,0.7063746538312927,0.7063746538312927,,,,1.0
16,acetone_hl_gap_eV,175,1.0000001192092896,0.0,0.7063746538312927,0.7063746538312927,,,,1.0
16,acetone_hl_gap_eV,176,1.0000001192092896,0.0,0.7063746538312927,0.7063746538312927,,,,1.0
16,acetone_hl_gap_eV,177,1.0000001192092896,0.0,0.7063746538312927,0.7063746538312927,,,,1.0
16,acetone_hl_gap_eV,178,1.0000001192092896,0.0,0.7063746538312927,0.7063746538312927,,,,1.0
16,acetone_hl_gap_eV,179,1.0000001192092896,0.0,0.7063746538312927,0.7063746538312927,,,,1.0
16,acetone_hl_gap_eV,180,1.0000001192092896,0.0,0.7063746538312927,0.7063746538312927,,,,1.0
16,acetone_hl_gap_eV,181,1.0000001192092896,0.0,0.7063746538312927,0.7063746538312927,,,,1.0
16,acetone_hl_gap_eV,182,1.0000001192092896,0.0,0.7063746538312927,0.7063746538312927,,,,1.0
16,acetone_hl_gap_eV,183,1.0000001192092896,0.0,0.7063746538312927,0.7063746538312927,,,,1.0
16,acetone_hl_gap_eV,184,1.0000001192092896,0.0,0.7063746538312927,0.7063746538312927,,,,1.0
16,acetone_hl_gap_eV,185,1.0000001192092896,0.0,0.7063746538312927,0.7063746538312927,,,,1.0
16,acetone_hl_gap_eV,186,1.0000001192092896,0.0,0.7063746538312927,0.7063746538312927,,,,1.0
16,acetone_hl_gap_eV,187,1.0000001192092896,0.0,0.7063746538312927,0.7063746538312927,,,,1.0
16,acetone_hl_gap_eV,188,1.0000001192092896,0.0,0.7063746538312927,0.7063746538312927,,,,1.0
16,acetone_hl_gap_eV,189,1.0000001192092896,0.0,0.7063746538312927,0.7063746538312927,,,,1.0
16,acetone_hl_gap_eV,190,1.0000001192092896,0.0,0.7063746538312927,0.7063746538312927,,,,1.0
16,acetone_hl_gap_eV,191,1.0000001192092896,0.0,0.7063746538312927,0.7063746538312927,,,,1.0
16,acetone_hl_gap_eV,192,1.0000001192092896,0.0,0.7063746538312927,0.7063746538312927,,,,1.0
16,acetone_hl_gap_eV,193,1.0000001192092896,0.0,0.7063746538312927,0.7063746538312927,,,,1.0
16,acetone_hl_gap_eV,194,1.0000001192092896,0.0,0.7063746538312927,0.7063746538312927,,,,1.0
16,acetone_hl_gap_eV,195,1.0000001192092896,0.0,0.7063746538312927,0.7063746538312927,,,,1.0
16,acetone_hl_gap_eV,196,1.0000001192092896,0.0,0.7063746538312927,0.7063746538312927,,,,1.0
16,acetone_hl_gap_eV,197,1.0000001192092896,0.0,0.7063746538312927,0.7063746538312927,,,,1.0
16,acetone_hl_gap_eV,198,1.0000001192092896,0.0,0.7063746538312927,0.7063746538312927,,,,1.0
16,acetone_hl_gap_eV,199,1.0000001192092896,0.0,0.7063746538312927,0.7063746538312927,,,,1.0
16,acetone_hl_gap_eV,200,1.0000001192092896,0.0,0.7063746538312927,0.7063746538312927,,,,1.0
16,acetone_hl_gap_eV,201,1.0000001192092896,0.0,0.7063746538312927,0.7063746538312927,,,,1.0
16,acetone_hl_gap_eV,202,1.0000001192092896,0.0,0.7063746538312927,0.7063746538312927,,,,1.0
16,acetone_hl_gap_eV,203,1.0000001192092896,0.0,0.7063746538312927,0.7063746538312927,,,,1.0
16,acetone_hl_gap_eV,204,1.0000001192092896,0.0,0.7063746538312927,0.7063746538312927,,,,1.0
16,acetone_hl_gap_eV,205,1.0000001192092896,0.0,0.7063746538312927,0.7063746538312927,,,,1.0
16,acetone_hl_gap_eV,206,1.0000001192092896,0.0,0.7063746538312927,0.7063746538312927,,,,1.0
16,acetone_hl_gap_eV,207,1.0000001192092896,0.0,0.7063746538312927,0.7063746538312927,,,,1.0
16,acetone_hl_gap_eV,208,1.0000001192092896,0.0,0.7063746538312927,0.7063746538312927,,,,1.0
16,acetone_hl_gap_eV,209,1.0000001192092896,0.0,0.7063746538312927,0.7063746538312927,,,,1.0
16,acetone_hl_gap_eV,210,1.0000001192092896,0.0,0.7063746538312927,0.7063746538312927,,,,1.0
16,acetone_hl_gap_eV,211,1.0000001192092896,0.0,0.7063746538312927,0.7063746538312927,,,,1.0
16,acetone_hl_gap_eV,212,1.0000001192092896,0.0,0.7063746538312927,0.7063746538312927,,,,1.0
16,acetone_hl_gap_eV,213,1.0000001192092896,0.0,0.7063746538312927,0.7063746538312927,,,,1.0
16,acetone_hl_gap_eV,214,1.0000001192092896,0.0,0.7063746538312927,0.7063746538312927,,,,1.0
16,acetone_hl_gap_eV,215,1.0000001192092896,0.0,0.7063746538312927,0.7063746538312927,,,,1.0
16,acetone_hl_gap_eV,216,1.0000001192092896,0.0,0.7063746538312927,0.7063746538312927,,,,1.0
16,acetone_hl_gap_eV,217,1.0000001192092896,0.0,0.7063746538312927,0.7063746538312927,,,,1.0
16,acetone_hl_gap_eV,218,1.0000001192092896,0.0,0.7063746538312927,0.7063746538312927,,,,1.0
16,acetone_hl_gap_eV,219,1.0000001192092896,0.0,0.7063746538312927,0.7063746538312927,,,,1.0
16,acetone_hl_gap_eV,220,1.0000001192092896,0.0,0.7063746538312927,0.7063746538312927,,,,1.0
16,acetone_hl_gap_eV,221,1.0000001192092896,0.0,0.7063746538312927,0.7063746538312927,,,,1.0
16,acetone_hl_gap_eV,222,1.0000001192092896,0.0,0.7063746538312927,0.7063746538312927,,,,1.0
16,acetone_hl_gap_eV,223,1.0000001192092896,0.0,0.7063746538312927,0.7063746538312927,,,,1.0
16,acetone_hl_gap_eV,224,1.0000001192092896,0.0,0.7063746538312927,0.7063746538312927,,,,1.0
16,acetone_hl_gap_eV,225,1.0000001192092896,0.0,0.7063746538312927,0.7063746538312927,,,,1.0
16,acetone_hl_gap_eV,226,1.0000001192092896,0.0,0.7063746538312927,0.7063746538312927,,,,1.0
16,acetone_hl_gap_eV,227,1.0000001192092896,0.0,0.7063746538312927,0.7063746538312927,,,,1.0
16,acetone_hl_gap_eV,228,1.0000001192092896,0.0,0.7063746538312927,0.7063746538312927,,,,1.0
16,acetone_hl_gap_eV,229,1.0000001192092896,0.0,0.7063746538312927,0.7063746538312927,,,,1.0
16,acetone_hl_gap_eV,230,1.0000001192092896,0.0,0.7063746538312927,0.7063746538312927,,,,1.0
16,acetone_hl_gap_eV,231,1.0000001192092896,0.0,0.7063746538312927,0.7063746538312927,,,,1.0
16,acetone_hl_gap_eV,232,1.0000001192092896,0.0,0.7063746538312927,0.7063746538312927,,,,1.0
16,acetone_hl_gap_eV,233,1.0000001192092896,0.0,0.7063746538312927,0.7063746538312927,,,,1.0
16,acetone_hl_gap_eV,234,1.0000001192092896,0.0,0.7063746538312927,0.7063746538312927,,,,1.0
16,acetone_hl_gap_eV,235,1.0000001192092896,0.0,0.7063746538312927,0.7063746538312927,,,,1.0
16,acetone_hl_gap_eV,236,1.0000001192092896,0.0,0.7063746538312927,0.7063746538312927,,,,1.0
16,acetone_hl_gap_eV,237,1.0000001192092896,0.0,0.7063746538312927,0.7063746538312927,,,,1.0
16,acetone_hl_gap_eV,238,1.0000001192092896,0.0,0.7063746538312927,0.7063746538312927,,,,1.0
16,acetone_hl_gap_eV,239,1.0000001192092896,0.0,0.7063746538312927,0.7063746538312927,,,,1.0
16,acetone_hl_gap_eV,240,1.0000001192092896,0.0,0.7063746538312927,0.7063746538312927,,,,1.0
16,acetone_hl_gap_eV,241,1.0000001192092896,0.0,0.7063746538312927,0.7063746538312927,,,,1.0
16,acetone_hl_gap_eV,242,1.0000001192092896,0.0,0.7063746538312927,0.7063746538312927,,,,1.0
16,acetone_hl_gap_eV,243,1.0000001192092896,0.0,0.7063746538312927,0.7063746538312927,,,,1.0
16,acetone_hl_gap_eV,244,1.0000001192092896,0.0,0.7063746538312927,0.7063746538312927,,,,1.0
16,acetone_hl_gap_eV,245,1.0000001192092896,0.0,0.7063746538312927,0.7063746538312927,,,,1.0
16,acetone_hl_gap_eV,246,1.0000001192092896,0.0,0.7063746538312927,0.7063746538312927,,,,1.0
16,acetone_hl_gap_eV,247,1.0000001192092896,0.0,0.7063746538312927,0.7063746538312927,,,,1.0
16,acetone_hl_gap_eV,248,1.0000001192092896,0.0,0.7063746538312927,0.7063746538312927,,,,1.0
16,acetone_hl_gap_eV,249,1.0000001192092896,0.0,0.7063746538312927,0.7063746538312927,,,,1.0
16,acetone_dipole,0,1.0,0.0,0.6114535193115873,0.6114535193115873,,,,1.0
16,acetone_dipole,1,1.0,0.0,0.6114535193115873,0.6114535193115873,,,,1.0
16,acetone_dipole,2,1.0,0.0,0.6114535193115873,0.6114535193115873,,,,1.0
16,acetone_dipole,3,1.0,0.0,0.6114535193115873,0.6114535193115873,,,,1.0
16,acetone_dipole,4,1.0,0.0,0.6114535193115873,0.6114535193115873,,,,1.0
16,acetone_dipole,5,1.0,0.0,0.6114535193115873,0.6114535193115873,,,,1.0
16,acetone_dipole,6,1.0,0.0,0.6114535193115873,0.6114535193115873,,,,1.0
16,acetone_dipole,7,1.0,0.0,0.6114535193115873,0.6114535193115873,,,,1.0
16,acetone_dipole,8,1.0,0.0,0.6114535193115873,0.6114535193115873,,,,1.0
16,acetone_dipole,9,1.0,0.0,0.6114535193115873,0.6114535193115873,,,,1.0
16,acetone_dipole,10,1.0,0.0,0.6114535193115873,0.6114535193115873,,,,1.0
16,acetone_dipole,11,1.0,0.0,0.6114535193115873,0.6114535193115873,,,,1.0
16,acetone_dipole,12,1.0,0.0,0.6114535193115873,0.6114535193115873,,,,1.0
16,acetone_dipole,13,1.0,0.0,0.6114535193115873,0.6114535193115873,,,,1.0
16,acetone_dipole,14,1.0,0.0,0.6114535193115873,0.6114535193115873,,,,1.0
16,acetone_dipole,15,1.0,0.0,0.6114535193115873,0.6114535193115873,,,,1.0
16,acetone_dipole,16,1.0,0.0,0.6114535193115873,0.6114535193115873,,,,1.0
16,acetone_dipole,17,1.0,0.0,0.6114535193115873,0.6114535193115873,,,,1.0
16,acetone_dipole,18,1.0,0.0,0.6114535193115873,0.6114535193115873,,,,1.0
16,acetone_dipole,19,1.0,0.0,0.6114535193115873,0.6114535193115873,,,,1.0
16,acetone_dipole,20,1.0,0.0,0.6114535193115873,0.6114535193115873,,,,1.0
16,acetone_dipole,21,1.0,0.0,0.6114535193115873,0.6114535193115873,,,,1.0
16,acetone_dipole,22,1.0,0.0,0.6114535193115873,0.6114535193115873,,,,1.0
16,acetone_dipole,23,1.0,0.0,0.6114535193115873,0.6114535193115873,,,,1.0
16,acetone_dipole,24,1.0,0.0,0.6114535193115873,0.6114535193115873,,,,1.0
16,acetone_dipole,25,1.0,0.0,0.6114535193115873,0.6114535193115873,,,,1.0
16,acetone_dipole,26,1.0,0.0,0.6114535193115873,0.6114535193115873,,,,1.0
16,acetone_dipole,27,1.0,0.0,0.6114535193115873,0.6114535193115873,,,,1.0
16,acetone_dipole,28,1.0,0.0,0.6114535193115873,0.6114535193115873,,,,1.0
16,acetone_dipole,29,1.0,0.0,0.6114535193115873,0.6114535193115873,,,,1.0
16,acetone_dipole,30,1.0,0.0,0.6114535193115873,0.6114535193115873,,,,1.0
16,acetone_dipole,31,1.0,0.0,0.6114535193115873,0.6114535193115873,,,,1.0
16,acetone_dipole,32,1.0,0.0,0.6114535193115873,0.6114535193115873,,,,1.0
16,acetone_dipole,33,1.0,0.0,0.6114535193115873,0.6114535193115873,,,,1.0
16,acetone_dipole,34,1.0,0.0,0.6114535193115873,0.6114535193115873,,,,1.0
16,acetone_dipole,35,1.0,0.0,0.6114535193115873,0.6114535193115873,,,,1.0
16,acetone_dipole,36,1.0,0.0,0.6114535193115873,0.6114535193115873,,,,1.0
16,acetone_dipole,37,1.0,0.0,0.6114535193115873,0.6114535193115873,,,,1.0
16,acetone_dipole,38,1.0,0.0,0.6114535193115873,0.6114535193115873,,,,1.0
16,acetone_dipole,39,1.0,0.0,0.6114535193115873,0.6114535193115873,,,,1.0
16,acetone_dipole,40,1.0,0.0,0.6114535193115873,0.6114535193115873,,,,1.0
16,acetone_dipole,41,1.0,0.0,0.6114535193115873,0.6114535193115873,,,,1.0
16,acetone_dipole,42,1.0,0.0,0.6114535193115873,0.6114535193115873,,,,1.0
16,acetone_dipole,43,1.0,0.0,0.6114535193115873,0.6114535193115873,,,,1.0
16,acetone_dipole,44,1.0,0.0,0.6114535193115873,0.6114535193115873,,,,1.0
16,acetone_dipole,45,1.0,0.0,0.6114535193115873,0.6114535193115873,,,,1.0
16,acetone_dipole,46,1.0,0.0,0.6114535193115873,0.6114535193115873,,,,1.0
16,acetone_dipole,47,1.0,0.0,0.6114535193115873,0.6114535193115873,,,,1.0
16,acetone_dipole,48,1.0,0.0,0.6114535193115873,0.6114535193115873,,,,1.0
16,acetone_dipole,49,1.0,0.0,0.6114535193115873,0.6114535193115873,,,,1.0
16,acetone_dipole,50,1.0,0.0,0.6114535193115873,0.6114535193115873,,,,1.0
16,acetone_dipole,51,1.0,0.0,0.6114535193115873,0.6114535193115873,,,,1.0
16,acetone_dipole,52,1.0,0.0,0.6114535193115873,0.6114535193115873,,,,1.0
16,acetone_dipole,53,1.0,0.0,0.6114535193115873,0.6114535193115873,,,,1.0
16,acetone_dipole,54,1.0,0.0,0.6114535193115873,0.6114535193115873,,,,1.0
16,acetone_dipole,55,1.0,0.0,0.6114535193115873,0.6114535193115873,,,,1.0
16,acetone_dipole,56,1.0,0.0,0.6114535193115873,0.6114535193115873,,,,1.0
16,acetone_dipole,57,1.0,0.0,0.6114535193115873,0.6114535193115873,,,,1.0
16,acetone_dipole,58,1.0,0.0,0.6114535193115873,0.6114535193115873,,,,1.0
16,acetone_dipole,59,1.0,0.0,0.6114535193115873,0.6114535193115873,,,,1.0
16,acetone_dipole,60,1.0,0.0,0.6114535193115873,0.6114535193115873,,,,1.0
16,acetone_dipole,61,1.0,0.0,0.6114535193115873,0.6114535193115873,,,,1.0
16,acetone_dipole,62,1.0,0.0,0.6114535193115873,0.6114535193115873,,,,1.0
16,acetone_dipole,63,1.0,0.0,0.6114535193115873,0.6114535193115873,,,,1.0
16,acetone_dipole,64,1.0,0.0,0.6114535193115873,0.6114535193115873,,,,1.0
16,acetone_dipole,65,1.0,0.0,0.6114535193115873,0.6114535193115873,,,,1.0
16,acetone_dipole,66,1.0,0.0,0.6114535193115873,0.6114535193115873,,,,1.0
16,acetone_dipole,67,1.0,0.0,0.6114535193115873,0.6114535193115873,,,,1.0
16,acetone_dipole,68,1.0,0.0,0.6114535193115873,0.6114535193115873,,,,1.0
16,acetone_dipole,69,1.0,0.0,0.6114535193115873,0.6114535193115873,,,,1.0
16,acetone_dipole,70,1.0,0.0,0.6114535193115873,0.6114535193115873,,,,1.0
16,acetone_dipole,71,1.0,0.0,0.6114535193115873,0.6114535193115873,,,,1.0
16,acetone_dipole,72,1.0,0.0,0.6114535193115873,0.6114535193115873,,,,1.0
16,acetone_dipole,73,1.0,0.0,0.6114535193115873,0.6114535193115873,,,,1.0
16,acetone_dipole,74,1.0,0.0,0.6114535193115873,0.6114535193115873,,,,1.0
16,acetone_dipole,75,1.0,0.0,0.6114535193115873,0.6114535193115873,,,,1.0
16,acetone_dipole,76,1.0,0.0,0.6114535193115873,0.6114535193115873,,,,1.0
16,acetone_dipole,77,1.0,0.0,0.6114535193115873,0.6114535193115873,,,,1.0
16,acetone_dipole,78,1.0,0.0,0.6114535193115873,0.6114535193115873,,,,1.0
16,acetone_dipole,79,1.0,0.0,0.6114535193115873,0.6114535193115873,,,,1.0
16,acetone_dipole,80,1.0,0.0,0.6114535193115873,0.6114535193115873,,,,1.0
16,acetone_dipole,81,1.0,0.0,0.6114535193115873,0.6114535193115873,,,,1.0
16,acetone_dipole,82,1.0,0.0,0.6114535193115873,0.6114535193115873,,,,1.0
16,acetone_dipole,83,1.0,0.0,0.6114535193115873,0.6114535193115873,,,,1.0
16,acetone_dipole,84,1.0,0.0,0.6114535193115873,0.6114535193115873,,,,1.0
16,acetone_dipole,85,1.0,0.0,0.6114535193115873,0.6114535193115873,,,,1.0
16,acetone_dipole,86,1.0,0.0,0.6114535193115873,0.6114535193115873,,,,1.0
16,acetone_dipole,87,1.0,0.0,0.6114535193115873,0.6114535193115873,,,,1.0
16,acetone_dipole,88,1.0,0.0,0.6114535193115873,0.6114535193115873,,,,1.0
16,acetone_dipole,89,1.0,0.0,0.6114535193115873,0.6114535193115873,,,,1.0
16,acetone_dipole,90,1.0,0.0,0.6114535193115873,0.6114535193115873,,,,1.0
16,acetone_dipole,91,1.0,0.0,0.6114535193115873,0.6114535193115873,,,,1.0
16,acetone_dipole,92,1.0,0.0,0.6114535193115873,0.6114535193115873,,,,1.0
16,acetone_dipole,93,1.0,0.0,0.6114535193115873,0.6114535193115873,,,,1.0
16,acetone_dipole,94,1.0,0.0,0.6114535193115873,0.6114535193115873,,,,1.0
16,acetone_dipole,95,1.0,0.0,0.6114535193115873,0.6114535193115873,,,,1.0
16,acetone_dipole,96,1.0,0.0,0.6114535193115873,0.6114535193115873,,,,1.0
16,acetone_dipole,97,1.0,0.0,0.6114535193115873,0.6114535193115873,,,,1.0
16,acetone_dipole,98,1.0,0.0,0.6114535193115873,0.6114535193115873,,,,1.0
16,acetone_dipole,99,1.0,0.0,0.6114535193115873,0.6114535193115873,,,,1.0
16,acetone_dipole,100,1.0,0.0,0.6114535193115873,0.6114535193115873,,,,1.0
16,acetone_dipole,101,1.0,0.0,0.6114535193115873,0.6114535193115873,,,,1.0
16,acetone_dipole,102,1.0,0.0,0.6114535193115873,0.6114535193115873,,,,1.0
16,acetone_dipole,103,1.0,0.0,0.6114535193115873,0.6114535193115873,,,,1.0
16,acetone_dipole,104,1.0,0.0,0.6114535193115873,0.6114535193115873,,,,1.0
16,acetone_dipole,105,1.0,0.0,0.6114535193115873,0.6114535193115873,,,,1.0
16,acetone_dipole,106,1.0,0.0,0.6114535193115873,0.6114535193115873,,,,1.0
16,acetone_dipole,107,1.0,0.0,0.6114535193115873,0.6114535193115873,,,,1.0
16,acetone_dipole,108,1.0,0.0,0.6114535193115873,0.6114535193115873,,,,1.0
16,acetone_dipole,109,1.0,0.0,0.6114535193115873,0.6114535193115873,,,,1.0
16,acetone_dipole,110,1.0,0.0,0.6114535193115873,0.6114535193115873,,,,1.0
16,acetone_dipole,111,1.0,0.0,0.6114535193115873,0.6114535193115873,,,,1.0
16,acetone_dipole,112,1.0,0.0,0.6114535193115873,0.6114535193115873,,,,1.0
16,acetone_dipole,113,1.0,0.0,0.6114535193115873,0.6114535193115873,,,,1.0
16,acetone_dipole,114,1.0,0.0,0.6114535193115873,0.6114535193115873,,,,1.0
16,acetone_dipole,115,1.0,0.0,0.6114535193115873,0.6114535193115873,,,,1.0
16,acetone_dipole,116,1.0,0.0,0.6114535193115873,0.6114535193115873,,,,1.0
16,acetone_dipole,117,1.0,0.0,0.6114535193115873,0.6114535193115873,,,,1.0
16,acetone_dipole,118,1.0,0.0,0.6114535193115873,0.6114535193115873,,,,1.0
16,acetone_dipole,119,1.0,0.0,0.6114535193115873,0.6114535193115873,,,,1.0
16,acetone_dipole,120,1.0,0.0,0.6114535193115873,0.6114535193115873,,,,1.0
16,acetone_dipole,121,1.0,0.0,0.6114535193115873,0.6114535193115873,,,,1.0
16,acetone_dipole,122,1.0,0.0,0.6114535193115873,0.6114535193115873,,,,1.0
16,acetone_dipole,123,1.0,0.0,0.6114535193115873,0.6114535193115873,,,,1.0
16,acetone_dipole,124,1.0,0.0,0.6114535193115873,0.6114535193115873,,,,1.0
16,acetone_dipole,125,1.0,0.0,0.6114535193115873,0.6114535193115873,,,,1.0
16,acetone_dipole,126,1.0,0.0,0.6114535193115873,0.6114535193115873,,,,1.0
16,acetone_dipole,127,1.0,0.0,0.6114535193115873,0.6114535193115873,,,,1.0
16,acetone_dipole,128,1.0,0.0,0.6114535193115873,0.6114535193115873,,,,1.0
16,acetone_dipole,129,1.0,0.0,0.6114535193115873,0.6114535193115873,,,,1.0
16,acetone_dipole,130,1.0,0.0,0.6114535193115873,0.6114535193115873,,,,1.0
16,acetone_dipole,131,1.0,0.0,0.6114535193115873,0.6114535193115873,,,,1.0
16,acetone_dipole,132,1.0,0.0,0.6114535193115873,0.6114535193115873,,,,1.0
16,acetone_dipole,133,1.0,0.0,0.6114535193115873,0.6114535193115873,,,,1.0
16,acetone_dipole,134,1.0,0.0,0.6114535193115873,0.6114535193115873,,,,1.0
16,acetone_dipole,135,1.0,0.0,0.6114535193115873,0.6114535193115873,,,,1.0
16,acetone_dipole,136,1.0,0.0,0.6114535193115873,0.6114535193115873,,,,1.0
16,acetone_dipole,137,1.0,0.0,0.6114535193115873,0.6114535193115873,,,,1.0
16,acetone_dipole,138,1.0,0.0,0.6114535193115873,0.6114535193115873,,,,1.0
16,acetone_dipole,139,1.0,0.0,0.6114535193115873,0.6114535193115873,,,,1.0
16,acetone_dipole,140,1.0,0.0,0.6114535193115873,0.6114535193115873,,,,1.0
16,acetone_dipole,141,1.0,0.0,0.6114535193115873,0.6114535193115873,,,,1.0
16,acetone_dipole,142,1.0,0.0,0.6114535193115873,0.6114535193115873,,,,1.0
16,acetone_dipole,143,1.0,0.0,0.6114535193115873,0.6114535193115873,,,,1.0
16,acetone_dipole,144,1.0,0.0,0.6114535193115873,0.6114535193115873,,,,1.0
16,acetone_dipole,145,1.0,0.0,0.6114535193115873,0.6114535193115873,,,,1.0
16,acetone_dipole,146,1.0,0.0,0.6114535193115873,0.6114535193115873,,,,1.0
16,acetone_dipole,147,1.0,0.0,0.6114535193115873,0.6114535193115873,,,,1.0
16,acetone_dipole,148,1.0,0.0,0.6114535193115873,0.6114535193115873,,,,1.0
16,acetone_dipole,149,1.0,0.0,0.6114535193115873,0.6114535193115873,,,,1.0
16,acetone_dipole,150,1.0,0.0,0.6114535193115873,0.6114535193115873,,,,1.0
16,acetone_dipole,151,1.0,0.0,0.6114535193115873,0.6114535193115873,,,,1.0
16,acetone_dipole,152,1.0,0.0,0.6114535193115873,0.6114535193115873,,,,1.0
16,acetone_dipole,153,1.0,0.0,0.6114535193115873,0.6114535193115873,,,,1.0
16,acetone_dipole,154,1.0,0.0,0.6114535193115873,0.6114535193115873,,,,1.0
16,acetone_dipole,155,1.0,0.0,0.6114535193115873,0.6114535193115873,,,,1.0
16,acetone_dipole,156,1.0,0.0,0.6114535193115873,0.6114535193115873,,,,1.0
16,acetone_dipole,157,1.0,0.0,0.6114535193115873,0.6114535193115873,,,,1.0
16,acetone_dipole,158,1.0,0.0,0.6114535193115873,0.6114535193115873,,,,1.0
16,acetone_dipole,159,1.0,0.0,0.6114535193115873,0.6114535193115873,,,,1.0
16,acetone_dipole,160,1.0,0.0,0.6114535193115873,0.6114535193115873,,,,1.0
16,acetone_dipole,161,1.0,0.0,0.6114535193115873,0.6114535193115873,,,,1.0
16,acetone_dipole,162,1.0,0.0,0.6114535193115873,0.6114535193115873,,,,1.0
16,acetone_dipole,163,1.0,0.0,0.6114535193115873,0.6114535193115873,,,,1.0
16,acetone_dipole,164,1.0,0.0,0.6114535193115873,0.6114535193115873,,,,1.0
16,acetone_dipole,165,1.0,0.0,0.6114535193115873,0.6114535193115873,,,,1.0
16,acetone_dipole,166,1.0,0.0,0.6114535193115873,0.6114535193115873,,,,1.0
16,acetone_dipole,167,1.0,0.0,0.6114535193115873,0.6114535193115873,,,,1.0
16,acetone_dipole,168,1.0,0.0,0.6114535193115873,0.6114535193115873,,,,1.0
16,acetone_dipole,169,1.0,0.0,0.6114535193115873,0.6114535193115873,,,,1.0
16,acetone_dipole,170,1.0,0.0,0.6114535193115873,0.6114535193115873,,,,1.0
16,acetone_dipole,171,1.0,0.0,0.6114535193115873,0.6114535193115873,,,,1.0
16,acetone_dipole,172,1.0,0.0,0.6114535193115873,0.6114535193115873,,,,1.0
16,acetone_dipole,173,1.0,0.0,0.6114535193115873,0.6114535193115873,,,,1.0
16,acetone_dipole,174,1.0,0.0,0.6114535193115873,0.6114535193115873,,,,1.0
16,acetone_dipole,175,1.0,0.0,0.6114535193115873,0.6114535193115873,,,,1.0
16,acetone_dipole,176,1.0,0.0,0.6114535193115873,0.6114535193115873,,,,1.0
16,acetone_dipole,177,1.0,0.0,0.6114535193115873,0.6114535193115873,,,,1.0
16,acetone_dipole,178,1.0,0.0,0.6114535193115873,0.6114535193115873,,,,1.0
16,acetone_dipole,179,1.0,0.0,0.6114535193115873,0.6114535193115873,,,,1.0
16,acetone_dipole,180,1.0,0.0,0.6114535193115873,0.6114535193115873,,,,1.0
16,acetone_dipole,181,1.0,0.0,0.6114535193115873,0.6114535193115873,,,,1.0
16,acetone_dipole,182,1.0,0.0,0.6114535193115873,0.6114535193115873,,,,1.0
16,acetone_dipole,183,1.0,0.0,0.6114535193115873,0.6114535193115873,,,,1.0
16,acetone_dipole,184,1.0,0.0,0.6114535193115873,0.6114535193115873,,,,1.0
16,acetone_dipole,185,1.0,0.0,0.6114535193115873,0.6114535193115873,,,,1.0
16,acetone_dipole,186,1.0,0.0,0.6114535193115873,0.6114535193115873,,,,1.0
16,acetone_dipole,187,1.0,0.0,0.6114535193115873,0.6114535193115873,,,,1.0
16,acetone_dipole,188,1.0,0.0,0.6114535193115873,0.6114535193115873,,,,1.0
16,acetone_dipole,189,1.0,0.0,0.6114535193115873,0.6114535193115873,,,,1.0
16,acetone_dipole,190,1.0,0.0,0.6114535193115873,0.6114535193115873,,,,1.0
16,acetone_dipole,191,1.0,0.0,0.6114535193115873,0.6114535193115873,,,,1.0
16,acetone_dipole,192,1.0,0.0,0.6114535193115873,0.6114535193115873,,,,1.0
16,acetone_dipole,193,1.0,0.0,0.6114535193115873,0.6114535193115873,,,,1.0
16,acetone_dipole,194,1.0,0.0,0.6114535193115873,0.6114535193115873,,,,1.0
16,acetone_dipole,195,1.0,0.0,0.6114535193115873,0.6114535193115873,,,,1.0
16,acetone_dipole,196,1.0,0.0,0.6114535193115873,0.6114535193115873,,,,1.0
16,acetone_dipole,197,1.0,0.0,0.6114535193115873,0.6114535193115873,,,,1.0
16,acetone_dipole,198,1.0,0.0,0.6114535193115873,0.6114535193115873,,,,1.0
16,acetone_dipole,199,1.0,0.0,0.6114535193115873,0.6114535193115873,,,,1.0
16,acetone_dipole,200,1.0,0.0,0.6114535193115873,0.6114535193115873,,,,1.0
16,acetone_dipole,201,1.0,0.0,0.6114535193115873,0.6114535193115873,,,,1.0
16,acetone_dipole,202,1.0,0.0,0.6114535193115873,0.6114535193115873,,,,1.0
16,acetone_dipole,203,1.0,0.0,0.6114535193115873,0.6114535193115873,,,,1.0
16,acetone_dipole,204,1.0,0.0,0.6114535193115873,0.6114535193115873,,,,1.0
16,acetone_dipole,205,1.0,0.0,0.6114535193115873,0.6114535193115873,,,,1.0
16,acetone_dipole,206,1.0,0.0,0.6114535193115873,0.6114535193115873,,,,1.0
16,acetone_dipole,207,1.0,0.0,0.6114535193115873,0.6114535193115873,,,,1.0
16,acetone_dipole,208,1.0,0.0,0.6114535193115873,0.6114535193115873,,,,1.0
16,acetone_dipole,209,1.0,0.0,0.6114535193115873,0.6114535193115873,,,,1.0
16,acetone_dipole,210,1.0,0.0,0.6114535193115873,0.6114535193115873,,,,1.0
16,acetone_dipole,211,1.0,0.0,0.6114535193115873,0.6114535193115873,,,,1.0
16,acetone_dipole,212,1.0,0.0,0.6114535193115873,0.6114535193115873,,,,1.0
16,acetone_dipole,213,1.0,0.0,0.6114535193115873,0.6114535193115873,,,,1.0
16,acetone_dipole,214,1.0,0.0,0.6114535193115873,0.6114535193115873,,,,1.0
16,acetone_dipole,215,1.0,0.0,0.6114535193115873,0.6114535193115873,,,,1.0
16,acetone_dipole,216,1.0,0.0,0.6114535193115873,0.6114535193115873,,,,1.0
16,acetone_dipole,217,1.0,0.0,0.6114535193115873,0.6114535193115873,,,,1.0
16,acetone_dipole,218,1.0,0.0,0.6114535193115873,0.6114535193115873,,,,1.0
16,acetone_dipole,219,1.0,0.0,0.6114535193115873,0.6114535193115873,,,,1.0
16,acetone_dipole,220,1.0,0.0,0.6114535193115873,0.6114535193115873,,,,1.0
16,acetone_dipole,221,1.0,0.0,0.6114535193115873,0.6114535193115873,,,,1.0
16,acetone_dipole,222,1.0,0.0,0.6114535193115873,0.6114535193115873,,,,1.0
16,acetone_dipole,223,1.0,0.0,0.6114535193115873,0.6114535193115873,,,,1.0
16,acetone_dipole,224,1.0,0.0,0.6114535193115873,0.6114535193115873,,,,1.0
16,acetone_dipole,225,1.0,0.0,0.6114535193115873,0.6114535193115873,,,,1.0
16,acetone_dipole,226,1.0,0.0,0.6114535193115873,0.6114535193115873,,,,1.0
16,acetone_dipole,227,1.0,0.0,0.6114535193115873,0.6114535193115873,,,,1.0
16,acetone_dipole,228,1.0,0.0,0.6114535193115873,0.6114535193115873,,,,1.0
16,acetone_dipole,229,1.0,0.0,0.6114535193115873,0.6114535193115873,,,,1.0
16,acetone_dipole,230,1.0,0.0,0.6114535193115873,0.6114535193115873,,,,1.0
16,acetone_dipole,231,1.0,0.0,0.6114535193115873,0.6114535193115873,,,,1.0
16,acetone_dipole,232,1.0,0.0,0.6114535193115873,0.6114535193115873,,,,1.0
16,acetone_dipole,233,1.0,0.0,0.6114535193115873,0.6114535193115873,,,,1.0
16,acetone_dipole,234,1.0,0.0,0.6114535193115873,0.6114535193115873,,,,1.0
16,acetone_dipole,235,1.0,0.0,0.6114535193115873,0.6114535193115873,,,,1.0
16,acetone_dipole,236,1.0,0.0,0.6114535193115873,0.6114535193115873,,,,1.0
16,acetone_dipole,237,1.0,0.0,0.6114535193115873,0.6114535193115873,,,,1.0
16,acetone_dipole,238,1.0,0.0,0.6114535193115873,0.6114535193115873,,,,1.0
16,acetone_dipole,239,1.0,0.0,0.6114535193115873,0.6114535193115873,,,,1.0
16,acetone_dipole,240,1.0,0.0,0.6114535193115873,0.6114535193115873,,,,1.0
16,acetone_dipole,241,1.0,0.0,0.6114535193115873,0.6114535193115873,,,,1.0
16,acetone_dipole,242,1.0,0.0,0.6114535193115873,0.6114535193115873,,,,1.0
16,acetone_dipole,243,1.0,0.0,0.6114535193115873,0.6114535193115873,,,,1.0
16,acetone_dipole,244,1.0,0.0,0.6114535193115873,0.6114535193115873,,,,1.0
16,acetone_dipole,245,1.0,0.0,0.6114535193115873,0.6114535193115873,,,,1.0
16,acetone_dipole,246,1.0,0.0,0.6114535193115873,0.6114535193115873,,,,1.0
16,acetone_dipole,247,1.0,0.0,0.6114535193115873,0.6114535193115873,,,,1.0
16,acetone_dipole,248,1.0,0.0,0.6114535193115873,0.6114535193115873,,,,1.0
16,acetone_dipole,249,1.0,0.0,0.6114535193115873,0.6114535193115873,,,,1.0
16,octanol_gsolv_eV,0,0.06861910969018936,0.022536570206284523,0.6561779695196568,0.9560006669498275,4.9363932609558105,0.067075215280056,0.013587899450917843,0.06
16,octanol_gsolv_eV,1,0.07931932061910629,0.02049368806183338,0.6668277253722339,0.9526380523823454,4.727681636810303,0.024869730696082115,0.005260449540942727,0.04
16,octanol_gsolv_eV,2,0.2889435291290283,0.026729676872491837,0.6613277972979394,0.9677734060397836,6.0402679443359375,0.00796822551637888,0.0013191841139846819,0.22
16,octanol_gsolv_eV,3,0.21505124866962433,0.02520981803536415,0.6648779625522023,0.9203159623711581,5.530257701873779,0.43409839272499084,0.07849514726554394,0.14
16,octanol_gsolv_eV,4,0.06809624284505844,0.023656118661165237,0.6469325545361451,0.9637376765590431,5.198074817657471,0.013524893671274185,0.0026019043868570598,0.14
16,octanol_gsolv_eV,5,0.5454970598220825,0.01730603352189064,0.6717651365018069,0.911780228857638,3.865661144256592,0.8286686539649963,0.21436660458358883,0.36
16,octanol_gsolv_eV,6,0.13976064324378967,0.018798192963004112,0.6649281792365169,0.9580878650741553,4.046756267547607,0.04546964168548584,0.011236071233180815,0.1
16,octanol_gsolv_eV,7,0.1722005158662796,0.016459189355373383,0.6659729505150775,0.9614084060988792,3.5146830081939697,0.22386635839939117,0.0636946085543076,0.18
16,octanol_gsolv_eV,8,0.5119280815124512,0.014365771785378456,0.6717326713714378,0.9184715147769555,3.141432285308838,0.8830435872077942,0.28109585278581967,0.34
16,octanol_gsolv_eV,9,0.25196143984794617,0.014852825552225113,0.6670803553011242,0.9249284641043225,3.487548351287842,0.5592708587646484,0.16036218065854982,0.1
16,octanol_gsolv_eV,10,0.39879176020622253,0.006453626789152622,0.6712346134560561,0.9529768591396885,1.3205503225326538,0.22964772582054138,0.1739030477688311,0.24
16,octanol_gsolv_eV,11,0.30355319380760193,0.013026324100792408,0.6685746055445465,0.9475738683670631,2.9611589908599854,0.14116036891937256,0.04767064833569659,0.26
16,octanol_gsolv_eV,12,0.35543644428253174,0.029385602101683617,0.6417531950839748,0.9403306286094024,6.209869384765625,0.28630730509757996,0.046105205658586626,0.26
16,octanol_gsolv_eV,13,0.20971259474754333,0.023561527952551842,0.664944287851406,0.9471245928147887,5.114008903503418,0.11111515015363693,0.021727602014442342,0.2
16,octanol_gsolv_eV,14,0.14505702257156372,0.021606309339404106,0.6655788845526316,0.9637181167519724,4.706634998321533,0.02507089637219906,0.005326713539745438,0.12
16,octanol_gsolv_eV,15,0.12442044168710709,0.01398952305316925,0.6674808331012141,0.9638534146663797,3.039872884750366,0.028160028159618378,0.00926355450613879,0.06
16,octanol_gsolv_eV,16,0.1243247538805008,0.015552613884210587,0.6643161266635358,0.9627751860172638,3.3008193969726562,0.0570220910012722,0.017275132063744526,0.12
16,octanol_gsolv_eV,17,0.23302388191223145,0.02325850911438465,0.6662751434910752,0.9786381176913019,5.376718997955322,0.023364465683698654,0.00434548759058894,0.2
16,octanol_gsolv_eV,18,0.08038217574357986,0.009722653776407242,0.6627426751725365,0.9664276622535148,2.006558656692505,0.01778612844645977,0.008863996269003865,0.04
16,octanol_gsolv_eV,19,0.13079296052455902,0.004673404153436422,0.6664356602989343,0.9633582298557144,0.8951741456985474,0.07360762357711792,0.08222715538737813,0.1
16,octanol_gsolv_eV,20,0.07919929176568985,0.025496812537312508,0.6631308317063642,0.9616119567601227,5.843282699584961,0.021990332752466202,0.003763352533675658,0.02
16,octanol_gsolv_eV,21,0.2557556927204132,0.01585306227207184,0.6658477825415376,0.9511734501519935,3.4248015880584717,0.11983540654182434,0.0349904668812535,0.26
16,octanol_gsolv_eV,22,0.3505741059780121,0.016675008460879326,0.6715315014417584,0.9501965962000194,3.8145811557769775,0.3483445942401886,0.09131922484140612,0.28
16,octanol_gsolv_eV,23,0.17082178592681885,0.010120779275894165,0.6625031891277227,0.9507813549946567,2.0796613693237305,0.08499675244092941,0.04087047713376956,0.1
16,octanol_gsolv_eV,24,0.22479316592216492,0.01702238619327545,0.6665593130463019,0.9645715251255624,3.6382291316986084,0.1895853579044342,0.05210924079867422,0.14
16,octanol_gsolv_eV,25,0.42263513803482056,0.01911013014614582,0.6685439822224244,0.9409274134614913,4.1727294921875,0.571049690246582,0.1368527941520639,0.3
16,octanol_gsolv_eV,26,0.48424404859542847,0.0152731379494071,0.6684340783133071,0.9106377911973247,3.442049503326416,0.5812838673591614,0.16887725374007706,0.4
16,octanol_gsolv_eV,27,0.1479582041501999,0.01208109688013792,0.6657349010298317,0.9730481360995318,2.5384159088134766,0.1199151948094368,0.04724016832430284,0.06
16,octanol_gsolv_eV,28,0.21992595493793488,0.019358495250344276,0.6663005856546422,0.9499235839547737,4.240400791168213,0.05502580106258392,0.012976556644643145,0.16
16,octanol_gsolv_eV,29,0.08423712104558945,0.01777847856283188,0.6724003051482619,0.9634258194509717,4.15773868560791,0.038509584963321686,0.00926214653571744,0.08
16,octanol_gsolv_eV,30,0.256443589925766,0.021486124023795128,0.6628903400018733,0.9106270938277887,4.681941509246826,0.7789187431335449,0.1663666112861901,0.26
16,octanol_gsolv_eV,31,0.24397049844264984,0.01765132136642933,0.665553335859201,0.9535236687278801,3.8079311847686768,0.1343853920698166,0.035290919281142474,0.2
16,octanol_gsolv_eV,32,0.275806188583374,0.01952032931149006,0.6662554223456005,0.9675093320325179,4.237605094909668,0.21138682961463928,0.04988356037908374,0.2
16,octanol_gsolv_eV,33,0.281329870223999,0.014276198111474514,0.6672111077765726,0.9497555402883622,3.0771989822387695,0.279447466135025,0.09081228342657167,0.18
16,octanol_gsolv_eV,34,0.1160186231136322,0.028223516419529915,0.666168733413868,0.9580896904003071,6.220350742340088,0.15351873636245728,0.024680077172738932,0.12
16,octanol_gsolv_eV,35,0.17783823609352112,0.017983632162213326,0.662503966648722,0.9232090130295327,3.8332085609436035,0.41180333495140076,0.10743045373195895,0.12
16,octanol_gsolv_eV,36,0.08183576911687851,0.01166821550577879,0.6575311912305084,0.9616320010764521,2.3978559970855713,0.03354823216795921,0.013990928649900067,0.04
16,octanol_gsolv_eV,37,0.20301197469234467,0.016874991357326508,0.666903849052989,0.9495643725526102,3.662607192993164,0.0552712045609951,0.015090672203869683,0.16
16,octanol_gsolv_eV,38,0.6348862648010254,0.013877544552087784,0.6868445502918186,0.9234366053929592,3.137456178665161,1.6007342338562012,0.510201304082353,0.52
16,octanol_gsolv_eV,39,0.1813032180070877,0.03068290650844574,0.6483387506344687,0.9634343970716372,6.450257301330566,0.008568692952394485,0.0013284265343379287,0.16
16,octanol_gsolv_eV,40,0.31026771664619446,0.023899324238300323,0.660555408116321,0.8927645920049221,5.462368965148926,0.8660567998886108,0.15854967055763483,0.28
16,octanol_gsolv_eV,41,0.3094431161880493,0.02432662807404995,0.6506901789764177,0.9175196296059653,5.470033168792725,0.5826860070228577,0.1065233041633385,0.3
16,octanol_gsolv_eV,42,0.15640908479690552,0.010626287199556828,0.6697182064908307,0.9334467596460359,2.297544479370117,0.07753679156303406,0.033747678122989434,0.1
16,octanol_gsolv_eV,43,0.10023929923772812,0.02491609752178192,0.6616655089769212,0.9676571290450815,5.611539840698242,0.03940862417221069,0.00702278256787839,0.1
16,octanol_gsolv_eV,44,0.07111243903636932,0.022615091875195503,0.663345887814182,0.9609315120005939,5.169279098510742,0.016078347340226173,0.0031103654946505613,0.06
16,octanol_gsolv_eV,45,0.4317915439605713,0.028425080701708794,0.668224807532223,0.9222721070984317,6.460891246795654,1.4084010124206543,0.21798865800738643,0.38
16,octanol_gsolv_eV,46,0.25010645389556885,0.022877557203173637,0.6652505180522987,0.9505061501454717,5.006319999694824,0.16448043286800385,0.032854558413771044,0.12
16,octanol_gsolv_eV,47,0.14679934084415436,0.030115440487861633,0.6449721805868427,0.9714428390280148,6.544881343841553,0.017308520153164864,0.002644588838795592,0.14
16,octanol_gsolv_eV,48,0.4040504992008209,0.022854814305901527,0.6683793811611114,0.9186576739463674,5.439530372619629,0.5176335573196411,0.09516144259901493,0.24
16,octanol_gsolv_eV,49,0.09484999626874924,0.026813525706529617,0.6699984047812553,0.9695077499144851,6.053579807281494,0.03765794634819031,0.006220773087503329,0.14
16,octanol_gsolv_eV,50,0.42577722668647766,0.022550072520971298,0.6545136800472495,0.9223823465393586,5.046053886413574,0.6645379066467285,0.13169457195770085,0.28
16,octanol_gsolv_eV,51,0.20015549659729004,0.026490632444620132,0.6695162674352304,0.9183016205303562,6.244345664978027,0.32045459747314453,0.051319163714853726,0.06
16,octanol_gsolv_eV,52,0.06819650530815125,0.022144906222820282,0.6649564238508228,0.9644365313808214,5.02976655960083,0.008613393642008305,0.0017124837783111502,0.04
16,octanol_gsolv_eV,53,0.38332346081733704,0.023827526718378067,0.6646114673294881,0.9288237539136344,5.503027439117432,0.15368473529815674,0.02792730674132428,0.2
16,octanol_gsolv_eV,54,0.23203441500663757,0.022228874266147614,0.6727372439766446,0.9590171823781912,5.244246006011963,0.01817079447209835,0.00346490123675882,0.2
16,octanol_gsolv_eV,55,0.12500646710395813,0.012325604446232319,0.6651999848325696,0.9708910499991967,2.602529764175415,0.13167531788349152,0.050595124672939716,0.14
16,octanol_gsolv_eV,56,0.11682713776826859,0.022020788863301277,0.6715085156755174,0.9643761092373166,5.11142635345459,0.02814195491373539,0.005505695077601083,0.12
16,octanol_gsolv_eV,57,0.7196792960166931,0.009722311049699783,0.6954991132439952,0.945279533517001,2.145559072494507,1.1817563772201538,0.5507918156950113,0.66
16,octanol_gsolv_eV,58,0.10591676086187363,0.02302955649793148,0.6654957171921454,0.9650645787124479,4.9747796058654785,0.036771468818187714,0.007391577463016165,0.08
16,octanol_gsolv_eV,59,0.40499523282051086,0.024929005652666092,0.6650354282807271,0.9205804901174544,5.6127400398254395,0.44578954577445984,0.07942458453649036,0.26
16,octanol_gsolv_eV,60,0.25152701139450073,0.026957249268889427,0.6663906832053783,0.9851828831200973,5.891746997833252,0.16475553810596466,0.02796378360553417,0.22
16,octanol_gsolv_eV,61,0.17357130348682404,0.02122560515999794,0.664782299450418,0.9548857945629015,4.76566219329834,0.10033230483531952,0.02105317178720949,0.24
16,octanol_gsolv_eV,62,0.07570049911737442,0.02294101007282734,0.6738333771508722,0.962161000035564,5.28765344619751,0.009208425879478455,0.0017414957264456268,0.02
16,octanol_gsolv_eV,63,0.153302401304245,0.028844356536865234,0.6649390476893635,0.9580273037866811,6.275838851928711,0.08215969055891037,0.013091427695543965,0.12
16,octanol_gsolv_eV,64,0.27707672119140625,0.010689903981983662,0.6673997890505241,0.9590525757276385,2.2429683208465576,0.2333945333957672,0.10405609888760164,0.14
16,octanol_gsolv_eV,65,0.495540976524353,0.02382999286055565,0.6729786894439358,0.9217204844976046,5.65983772277832,1.643189549446106,0.29032449867475907,0.36
16,octanol_gsolv_eV,66,0.13293442130088806,0.019135665148496628,0.6648615609253812,0.9469542319154347,4.128387928009033,0.30094197392463684,0.07289575959732299,0.14
16,octanol_gsolv_eV,67,0.36454522609710693,0.022456545382738113,0.6585497658765169,0.9237895730363488,5.029158592224121,0.3976301848888397,0.07906495243630599,0.26
16,octanol_gsolv_eV,68,0.2606983184814453,0.025400636717677116,0.6656099825647326,0.9717250644848061,5.890252113342285,0.014314543455839157,0.0024302089588686053,0.22
16,octanol_gsolv_eV,69,0.19175072014331818,0.025435106828808784,0.6676474015491158,0.965627949484281,5.658962726593018,0.015431409701704979,0.0027268972154894312,0.18
16,octanol_gsolv_eV,70,0.4226619601249695,0.021713554859161377,0.6721869505940778,0.9295747222097217,5.1962175369262695,0.5039695501327515,0.09698776976740388,0.3
16,octanol_gsolv_eV,71,0.32817843556404114,0.01664532907307148,0.6664756369664542,0.9090625286214482,3.5732569694519043,0.6108638048171997,0.17095434502458945,0.28
16,octanol_gsolv_eV,72,0.22060994803905487,0.021897561848163605,0.6664789793325583,0.969820753504502,4.774151802062988,0.06883160769939423,0.014417557411905289,0.14
16,octanol_gsolv_eV,73,0.20868375897407532,0.019474050030112267,0.6629300852015687,0.9097412664422213,4.216620922088623,0.6499949097633362,0.1541506627637216,0.14
16,octanol_gsolv_eV,74,0.11478851735591888,0.008649229072034359,0.6663927947553692,0.9585606006348566,1.8146414756774902,0.04257839918136597,0.023463808003985728,0.08
16,octanol_gsolv_eV,75,0.21206335723400116,0.023054251447319984,0.6594205447003971,0.9766112575553612,5.210885524749756,0.012669810093939304,0.0024314120956529265,0.18
16,octanol_gsolv_eV,76,0.2137536108493805,0.024889899417757988,0.6716971427922174,0.9608049369944607,5.73003625869751,0.013040462508797646,0.0022758080263460432,0.22
16,octanol_gsolv_eV,77,0.18203294277191162,0.01829926110804081,0.6628159701358105,0.9155281366718422,3.9336984157562256,0.44351133704185486,0.1127466547169435,0.16
16,octanol_gsolv_eV,78,0.14351512491703033,0.006851810961961746,0.6660333167067567,0.9639155848479006,1.3981796503067017,0.09935944527387619,0.07106343255108949,0.1
16,octanol_gsolv_eV,79,0.3785609006881714,0.026031527668237686,0.6700311215253949,0.9096055845517357,5.959921360015869,0.6905588507652283,0.11586710781086372,0.32
16,octanol_gsolv_eV,80,0.1393979787826538,0.015992546454072,0.6649974939286436,0.961832731579447,3.418123245239258,0.054280031472444534,0.01588006855751777,0.1
16,octanol_gsolv_eV,81,0.278225839138031,0.027352910488843918,0.6634234311457479,0.9657645035383311,6.215415000915527,0.008624698966741562,0.001387630426201814,0.2
16,octanol_gsolv_eV,82,0.14215117692947388,0.010614261962473392,0.6547546111341267,0.938687885726349,2.1510369777679443,0.0942167416214943,0.04380061458509175,0.06
16,octanol_gsolv_eV,83,0.19357678294181824,0.013991816900670528,0.6714679429516393,0.9294208520770002,3.209512233734131,0.18355290591716766,0.057190280812113206,0.14
16,octanol_gsolv_eV,84,0.10396212339401245,0.01737055368721485,0.6666114097787903,0.9525813215948804,3.976729393005371,0.047554560005664825,0.01195820869514231,0.08
16,octanol_gsolv_eV,85,0.12851661443710327,0.01230794657021761,0.6570896573846279,0.9225796645349651,2.544537305831909,0.1312417834997177,0.051577857867880474,0.04
16,octanol_gsolv_eV,86,0.3838311731815338,0.02501745894551277,0.6646160160970749,0.922562674829194,5.582281112670898,0.6312713623046875,0.11308483925537197,0.24
16,octanol_gsolv_eV,87,0.14105866849422455,0.02619031071662903,0.669705453273163,0.9595454823742418,6.054112911224365,0.015044625848531723,0.0024850256460593736,0.18
16,octanol_gsolv_eV,88,0.1964884102344513,0.026489529758691788,0.6640898984385282,0.9634875474627653,5.842344284057617,0.008866562508046627,0.0015176377969099476,0.18
16,octanol_gsolv_eV,89,0.07467619329690933,0.013346344232559204,0.6636936796292996,0.9624082439790997,2.8048055171966553,0.05408472940325737,0.019282880424919418,0.06
16,octanol_gsolv_eV,90,0.4484865665435791,0.024523289874196053,0.6739799740595536,0.918536349431003,5.9079909324646,1.469983458518982,0.2488127479074783,0.4
16,octanol_gsolv_eV,91,0.06616690754890442,0.019051017239689827,0.66488932446642,0.9721961218740367,4.091914653778076,0.023435698822140694,0.005727318579458261,0.02
16,octanol_gsolv_eV,92,0.3326824903488159,0.0243003461509943,0.6675047445013154,0.9550255830141137,5.531521320343018,0.1674957424402237,0.03028023083346573,0.2
16,octanol_gsolv_eV,93,0.062404733151197433,0.02227923646569252,0.6662405395391384,0.9607594353880415,4.837987422943115,0.01841142401099205,0.0038055956746972574,0.04
16,octanol_gsolv_eV,94,0.3775206506252289,0.02808588370680809,0.6656634837232591,0.926057296448404,6.370687484741211,0.9335931539535522,0.14654511874733353,0.46
16,octanol_gsolv_eV,95,0.4941481947898865,0.024225546047091484,0.6651362462637282,0.9318013690345146,5.633743762969971,0.9955169558525085,0.17670611191015484,0.4
16,octanol_gsolv_eV,96,0.0759911984205246,0.016508186236023903,0.6639419486717368,0.9640780984220476,3.5066540241241455,0.03940459340810776,0.011237091865072093,0.06
16,octanol_gsolv_eV,97,0.19535310566425323,0.024616768583655357,0.6605564405088158,0.9429375954386352,5.5470781326293945,0.03941858559846878,0.007106188998240017,0.12
16,octanol_gsolv_eV,98,0.42003074288368225,0.024864280596375465,0.6687048908777531,0.9486940021607677,5.9587860107421875,0.34833261370658875,0.05845697648457806,0.38
16,octanol_gsolv_eV,99,0.15331609547138214,0.03139786422252655,0.6646655314630054,0.9741516514984627,6.611287593841553,0.03135322034358978,0.004742377320386949,0.14
16,octanol_gsolv_eV,100,0.15005816519260406,0.025411076843738556,0.6649035915204571,0.9638961029234299,5.71791410446167,0.008855615742504597,0.0015487493482272824,0.14
16,octanol_gsolv_eV,101,0.40697211027145386,0.023918233811855316,0.6716505840560572,0.940642699257934,5.680180549621582,0.29827144742012024,0.052510909611841704,0.4
16,octanol_gsolv_eV,102,0.2791302800178528,0.026285402476787567,0.6644621705072211,0.9486032893367844,5.772549629211426,0.40729886293411255,0.07055787980981858,0.18
16,octanol_gsolv_eV,103,0.2598727345466614,0.03882656618952751,0.6695415405796892,0.9813776787598223,9.120875358581543,0.0218894574791193,0.0023999294605560203,0.32
16,octanol_gsolv_eV,104,0.26500025391578674,0.02283085323870182,0.671892734436943,0.9698576627369218,5.382453918457031,0.011634410358965397,0.0021615438859717336,0.22
16,octanol_gsolv_eV,105,0.11470401287078857,0.016701092943549156,0.6670503719942928,0.949034522902505,3.6671149730682373,0.053962599486112595,0.01471527341859223,0.08
16,octanol_gsolv_eV,106,0.2779672145843506,0.014367837458848953,0.6758199744392237,0.9770561039317522,3.336893081665039,0.08456146717071533,0.025341377473359426,0.2
16,octanol_gsolv_eV,107,0.3498871624469757,0.010258940048515797,0.6624473967827249,0.9289608238373896,2.1520321369171143,0.278334379196167,0.12933560536642072,0.26
16,octanol_gsolv_eV,108,0.04144394397735596,0.011861423030495644,0.6581860163371629,0.9683332499908326,2.4330642223358154,0.037961192429065704,0.015602215543912692,0.02
16,octanol_gsolv_eV,109,0.24916981160640717,0.023340461775660515,0.6708474284016477,0.9700729439616333,5.484868049621582,0.008718970231711864,0.0015896408359930214,0.18
16,octanol_gsolv_eV,110,0.6153236031532288,0.02474474534392357,0.674067200498206,0.9332295868557934,6.081240177154541,1.123748540878296,0.18478936995448625,0.4
16,octanol_gsolv_eV,111,0.07119538635015488,0.009418314322829247,0.6571577678677711,0.9660138730326935,1.899150013923645,0.04465019330382347,0.023510619475275756,0.02
16,octanol_gsolv_eV,112,0.28512611985206604,0.019131191074848175,0.6652942996939628,0.9353471476332922,4.157139778137207,0.3956480026245117,0.09517312954095557,0.12
16,octanol_gsolv_eV,113,0.10310439020395279,0.02233254350721836,0.6644903887551934,0.9620297878438169,4.818050384521484,0.03620623052120209,0.007514705665494611,0.1
16,octanol_gsolv_eV,114,0.15191565454006195,0.017633114010095596,0.6683171573369739,0.958488593383938,3.8205277919769287,0.02718522399663925,0.0071155676589313025,0.1
16,octanol_gsolv_eV,115,0.2098628729581833,0.02399338409304619,0.6645574289820213,0.9649406311437254,5.186729907989502,0.04743092507123947,0.009144668396589945,0.22
16,octanol_gsolv_eV,116,0.45441651344299316,0.02342030592262745,0.6703079169246413,0.9267282425543852,5.1385955810546875,0.7750852108001709,0.1508360015055098,0.42
16,octanol_gsolv_eV,117,0.25317633152008057,0.021511388942599297,0.6685501202539414,0.9512232985609841,4.954329967498779,0.07205221801996231,0.014543282036650108,0.16
16,octanol_gsolv_eV,118,0.11223717778921127,0.02061600796878338,0.664439372129928,0.9669652698061155,4.427163124084473,0.0189953800290823,0.004290643804323452,0.12
16,octanol_gsolv_eV,119,0.14237180352210999,0.0216387826949358,0.6720834024058837,0.9597209926640389,5.050013065338135,0.0165521539747715,0.0032776457725190488,0.1
16,octanol_gsolv_eV,120,0.3896532952785492,0.015295461751520634,0.6636243237838717,0.9305670800368058,3.288496494293213,0.540725827217102,0.16442949784360913,0.24
16,octanol_gsolv_eV,121,0.5608032941818237,0.024758288636803627,0.6757909724468332,0.9190170570812657,5.742687225341797,1.5742772817611694,0.27413599591739396,0.48
16,octanol_gsolv_eV,122,0.3221700191497803,0.01795790158212185,0.6660966567743041,0.9642075164614425,3.8777356147766113,0.21518725156784058,0.0554930178189152,0.3
16,octanol_gsolv_eV,123,0.48032018542289734,0.022417793050408363,0.6757919081165815,0.929843879134074,5.391864776611328,0.84718918800354,0.15712359695637254,0.3
16,octanol_gsolv_eV,124,0.31407904624938965,0.005792639683932066,0.6661266982955005,0.9376535518972906,1.1435776948928833,0.21272322535514832,0.18601554254262864,0.16
16,octanol_gsolv_eV,125,0.4730595052242279,0.023109007626771927,0.6684193570596138,0.9405923158144542,5.247023105621338,0.6928384304046631,0.13204409747355575,0.4
16,octanol_gsolv_eV,126,0.2964993417263031,0.02160664275288582,0.6725813199645523,0.9624012768847048,5.082789897918701,0.05476119741797447,0.010773846355600507,0.22
16,octanol_gsolv_eV,127,0.0904499739408493,0.021141106262803078,0.6645083536530019,0.9791297465614806,4.5481672286987305,0.07040020823478699,0.015478808208846158,0.08
16,octanol_gsolv_eV,128,0.40501073002815247,0.02055782824754715,0.6672389245980765,0.9322488525895583,4.480393886566162,0.7804702520370483,0.1741967942544471,0.24
16,octanol_gsolv_eV,129,0.10997311025857925,0.015477650798857212,0.6675351993106855,0.9363455841039643,3.47516131401062,0.1795692890882492,0.05167221687358495,0.1
16,octanol_gsolv_eV,130,0.2591559886932373,0.029981205239892006,0.6599350999171656,0.9587276074847619,6.556717395782471,0.041871555149555206,0.00638605457915398,0.26
16,octanol_gsolv_eV,131,0.2883928418159485,0.02739740163087845,0.6699003694217958,0.9699603053574668,6.269505023956299,0.005701356567442417,0.0009093790571435959,0.26
16,octanol_gsolv_eV,132,0.17775525152683258,0.014576306566596031,0.6446391603465724,0.9344224637907421,3.0013115406036377,0.07576622068881989,0.02524437055727358,0.08
16,octanol_gsolv_eV,133,0.15386483073234558,0.0161672905087471,0.664246852218437,0.9497593440284877,3.4565939903259277,0.12618742883205414,0.036506291796264946,0.1
16,octanol_gsolv_eV,134,0.27119603753089905,0.014605407603085041,0.6638403301850584,0.8932556161544705,3.1228058338165283,0.6067498326301575,0.19429636836838488,0.18
16,octanol_gsolv_eV,135,0.20735257863998413,0.023172320798039436,0.6696557680335313,0.9669543177047577,5.449649810791016,0.016037585213780403,0.002942865279531154,0.18
16,octanol_gsolv_eV,136,0.29843637347221375,0.018002528697252274,0.6670160205641382,0.9583183097573833,3.9174888134002686,0.29341864585876465,0.0748996767661694,0.22
16,octanol_gsolv_eV,137,0.14246028661727905,0.025023730471730232,0.6656918014555544,0.9342378853243563,5.819326877593994,0.32251331210136414,0.055421068258449085,0.1
16,octanol_gsolv_eV,138,0.3179767429828644,0.024554777890443802,0.660716263511099,0.9515984205536512,5.599775791168213,0.1251329481601715,0.022346063990191747,0.18
16,octanol_gsolv_eV,139,0.22037215530872345,0.03825325891375542,0.6579712848043477,0.9869571321251176,8.13361644744873,0.05506259202957153,0.0067697551741381905,0.2
16,octanol_gsolv_eV,140,0.5787918567657471,0.011337416246533394,0.6747443399624677,0.9106481401237871,2.401965856552124,0.9654366374015808,0.40193603700404235,0.46
16,octanol_gsolv_eV,141,0.4095653295516968,0.024230532348155975,0.6731557624121398,0.9325875576931959,5.538906097412109,0.8826322555541992,0.15935136650296042,0.44
16,octanol_gsolv_eV,142,0.3415100574493408,0.017369413748383522,0.6690711075434237,0.949952533290453,4.0755743980407715,0.2988148033618927,0.07331845138332901,0.24
16,octanol_gsolv_eV,143,0.5415095090866089,0.020295243710279465,0.6750813360060111,0.9047285347181229,4.761349201202393,1.0325381755828857,0.21685831724380494,0.32
16,octanol_gsolv_eV,144,0.09528599679470062,0.015608495101332664,0.6653210745616911,0.9602534481143516,3.352785587310791,0.027995560318231583,0.008349940546209016,0.08
16,octanol_gsolv_eV,145,0.12964366376399994,0.018218625336885452,0.671763584060652,0.9454352936721981,4.198248863220215,0.06946796178817749,0.016546889918024763,0.1
16,octanol_gsolv_eV,146,0.2193356454372406,0.024622494354844093,0.6685945683876307,0.9684075526339633,5.624086380004883,0.012912757694721222,0.002295974283152815,0.16
16,octanol_gsolv_eV,147,0.31611764430999756,0.01693636178970337,0.6674953198007869,0.9364898403435737,3.7192306518554688,0.2414947897195816,0.06493138294585292,0.18
16,octanol_gsolv_eV,148,0.08412035554647446,0.0252746120095253,0.6648232151331464,0.9494858474944232,5.634254455566406,0.018096238374710083,0.003211824832801394,0.06
16,octanol_gsolv_eV,149,0.4603993594646454,0.019808519631624222,0.669619123840222,0.9322904635843368,4.33636474609375,0.8177013993263245,0.18856840861067323,0.3
16,octanol_gsolv_eV,150,0.082728810608387,0.011799949221313,0.6585247783062562,0.965254429184953,2.5249524116516113,0.03676696866750717,0.014561450147671224,0.04
16,octanol_gsolv_eV,151,0.20668663084506989,0.01682116463780403,0.6664922029234219,0.9546490978584907,3.6260714530944824,0.038737714290618896,0.010683108369957853,0.18
16,octanol_gsolv_eV,152,0.12579640746116638,0.019161038100719452,0.6643754105353963,0.9762590380328706,4.100027561187744,0.09815377742052078,0.023939784783321417,0.08
16,octanol_gsolv_eV,153,0.4910092055797577,0.024672940373420715,0.6681026841151498,0.9112445028519518,5.95320463180542,0.44099387526512146,0.07407672044550262,0.38
16,octanol_gsolv_eV,154,0.21364396810531616,0.025279516354203224,0.6648913906849887,0.9620494008129294,5.488617897033691,0.03530342876911163,0.00643211632352678,0.14
16,octanol_gsolv_eV,155,0.33564645051956177,0.019252503290772438,0.6666531154331077,0.9049838358709794,4.530461311340332,0.4929317533969879,0.10880387658605888,0.24
16,octanol_gsolv_eV,156,0.09868068993091583,0.018274957314133644,0.6642837312035865,0.9735985994942775,3.8756344318389893,0.02626820281147957,0.006777781360306292,0.08
16,octanol_gsolv_eV,157,0.3848096430301666,0.02422563172876835,0.6658812715159155,0.9431967104075496,5.513991832733154,0.24515369534492493,0.04446029351904355,0.24
16,octanol_gsolv_eV,158,0.2025507241487503,0.010431000031530857,0.6461724219453833,0.939693980431975,2.0377230644226074,0.233036607503891,0.11436127488203228,0.14
16,octanol_gsolv_eV,159,0.16481491923332214,0.023466937243938446,0.6679445190093767,0.921221021030113,5.4846882820129395,0.32143712043762207,0.05860626965652298,0.02
16,octanol_gsolv_eV,160,0.26410356163978577,0.01513359509408474,0.6654063173763869,0.9261708249219982,3.2182576656341553,0.6376342177391052,0.19813025679951574,0.16
16,octanol_gsolv_eV,161,0.08887959271669388,0.025694524869322777,0.6711714015304258,0.9643685381548011,5.839258670806885,0.017873490229249,0.003060917701523778,0.1
16,octanol_gsolv_eV,162,0.533507227897644,0.023016300052404404,0.6736081059279482,0.9210186949746533,5.563403129577637,1.1495466232299805,0.20662651913870062,0.46
16,octanol_gsolv_eV,163,0.23068103194236755,0.02837469056248665,0.6703928426857215,0.942095787531958,6.710368633270264,0.3707540035247803,0.05525091448576577,0.14
16,octanol_gsolv_eV,164,0.14902789890766144,0.0187846589833498,0.6649019350924912,0.9399332681553425,4.095484733581543,0.19956062734127045,0.04872698601582935,0.02
16,octanol_gsolv_eV,165,0.3373936116695404,0.02330229990184307,0.6667062528565229,0.9246166670681049,5.492671489715576,0.6395747661590576,0.11644147430928485,0.34
16,octanol_gsolv_eV,166,0.09879589080810547,0.019181186333298683,0.6677072136972606,0.9487251720533942,4.405135631561279,0.09637951105833054,0.021878897523110195,0.1
16,octanol_gsolv_eV,167,0.18231669068336487,0.02677913010120392,0.6661665816354174,0.9636620500257331,5.910477638244629,0.014438824728131294,0.0024429201177757144,0.12
16,octanol_gsolv_eV,168,0.39210864901542664,0.026146981865167618,0.6662133940682144,0.9184571684101492,6.0072021484375,0.5307973027229309,0.08836015329715409,0.24
16,octanol_gsolv_eV,169,0.31540733575820923,0.030876759439706802,0.6630872899790985,0.9511869222376061,6.867003917694092,0.12107282131910324,0.01763109833200138,0.3
16,octanol_gsolv_eV,170,0.2745983600616455,0.020481295883655548,0.6529279029669388,0.9237109968151695,4.457658290863037,0.34670937061309814,0.0777783643317291,0.14
16,octanol_gsolv_eV,171,0.4557279646396637,0.023507917299866676,0.6682524360980231,0.918311432931266,5.475615501403809,0.7427588701248169,0.13564847092247298,0.3
16,octanol_gsolv_eV,172,0.20986239612102509,0.018867524340748787,0.665454230356652,0.9534561798653787,4.087106227874756,0.06015397608280182,0.014717986939644859,0.14
16,octanol_gsolv_eV,173,0.3173132836818695,0.02541225589811802,0.6704527243123299,0.9747734295515242,5.944098472595215,0.018968282267451286,0.0031911117144009333,0.26
16,octanol_gsolv_eV,174,0.4588793218135834,0.022401001304388046,0.670109962681871,0.9344324275444473,5.34925651550293,0.27480146288871765,0.05137189852315041,0.5
16,octanol_gsolv_eV,175,0.24979043006896973,0.02385026589035988,0.666588278099467,0.9727617007924998,5.2828145027160645,0.03282954916357994,0.0062144050575126605,0.2
16,octanol_gsolv_eV,176,0.06240532547235489,0.022386275231838226,0.6704906708742024,0.9578488669351557,5.2582573890686035,0.00682495953515172,0.0012979508286034335,0.08
16,octanol_gsolv_eV,177,0.4563395082950592,0.025327663868665695,0.6684664819213153,0.9195716310307172,5.785459995269775,0.6889874339103699,0.11908948198996966,0.32
16,octanol_gsolv_eV,178,0.3678131699562073,0.017418615520000458,0.6677693134652778,0.919213244339208,3.8017632961273193,0.7154810428619385,0.18819715672218887,0.24
16,octanol_gsolv_eV,179,0.2166232019662857,0.016972890123724937,0.6646094701962253,0.9442538167563908,3.645325183868408,0.10773400217294693,0.02955401692274266,0.12
16,octanol_gsolv_eV,180,0.25237253308296204,0.024090847000479698,0.6684765783047055,0.9685902526801426,5.618930339813232,0.011506459675729275,0.0020478025139766616,0.24
16,octanol_gsolv_eV,181,0.6161531805992126,0.01586282253265381,0.6761522504363937,0.9233855093551677,3.4809648990631104,1.2510582208633423,0.35939983801619496,0.52
16,octanol_gsolv_eV,182,0.31535840034484863,0.02031911537051201,0.6670260497017733,0.9442979850031361,4.79043436050415,0.14522838592529297,0.030316329375611982,0.18
16,octanol_gsolv_eV,183,0.21379411220550537,0.018946431577205658,0.6660761576179919,0.9761441413828678,4.111274719238281,0.04231317341327667,0.010291983947284426,0.16
16,octanol_gsolv_eV,184,0.4380638003349304,0.018220163881778717,0.6702236600680593,0.9276269912958033,4.344404220581055,0.39708957076072693,0.09140253774719358,0.34
16,octanol_gsolv_eV,185,0.18395863473415375,0.02510138414800167,0.6732284348503246,0.9475481185982191,5.728929042816162,0.14939984679222107,0.026078145788794894,0.2
16,octanol_gsolv_eV,186,0.4791781008243561,0.022034861147403717,0.6699926505612306,0.9008699263323117,5.245976448059082,1.213369369506836,0.23129523769702798,0.4
16,octanol_gsolv_eV,187,0.14270325005054474,0.02578340843319893,0.6550667011116864,0.9638763208274677,5.651317596435547,0.023266281932592392,0.004116965917340608,0.14
16,octanol_gsolv_eV,188,0.33084210753440857,0.0316178984940052,0.6720746448400066,0.9466139140914793,7.544652462005615,0.8903812170028687,0.11801487497095078,0.26
16,octanol_gsolv_eV,189,0.27184581756591797,0.018135622143745422,0.6711289308739852,0.9734310911956947,3.976602792739868,0.12397492676973343,0.031176090052563447,0.2
16,octanol_gsolv_eV,190,0.11872901767492294,0.020152322947978973,0.6661681674812769,0.9612490470436441,4.372256278991699,0.03408541530370712,0.0077958411238345056,0.1
16,octanol_gsolv_eV,191,0.31931403279304504,0.022781243547797203,0.6673996734388918,0.9217280581158944,5.369703769683838,0.3827170729637146,0.07127340527133931,0.2
16,octanol_gsolv_eV,192,0.28551292419433594,0.014111307449638844,0.6687434087492645,0.9428623714160649,3.2544543743133545,0.12308979779481888,0.03782194605840469,0.24
16,octanol_gsolv_eV,193,0.17609803378582,0.024621114134788513,0.6689535072647665,0.9704741457907622,5.780775547027588,0.0026409043930470943,0.00045684257614966883,0.14
16,octanol_gsolv_eV,194,0.49019500613212585,0.022740401327610016,0.6804121072256524,0.9355691252077116,5.403254508972168,1.2962483167648315,0.23990139916829678,0.38
16,octanol_gsolv_eV,195,0.33214783668518066,0.014617998152971268,0.6687270277683335,0.9685047398257678,3.169833183288574,0.19027112424373627,0.060025595430967645,0.24
16,octanol_gsolv_eV,196,0.4526248574256897,0.024103228002786636,0.6661656186785618,0.9191883635768332,5.365021228790283,0.6284783482551575,0.11714368339915557,0.42
16,octanol_gsolv_eV,197,0.647936224937439,0.011474505998194218,0.6867947024757484,0.9572554372207585,2.557420492172241,0.9778807759284973,0.38236996181175414,0.58
16,octanol_gsolv_eV,198,0.24193182587623596,0.020419204607605934,0.6691735218214339,0.9328260076473809,4.773268222808838,0.17425818741321564,0.03650710148248763,0.16
16,octanol_gsolv_eV,199,0.34678229689598083,0.022577358409762383,0.6673874896866112,0.9269182255199089,4.94345235824585,1.0308568477630615,0.2085297425884072,0.3
16,octanol_gsolv_eV,200,0.08549214899539948,0.018619200214743614,0.665891631581482,0.9702783408172766,4.033909320831299,0.05387721210718155,0.013356079133697199,0.08
16,octanol_gsolv_eV,201,0.4177486300468445,0.021068228408694267,0.6716257273719082,0.9444833885141035,4.7467780113220215,0.5629270076751709,0.11859139111466276,0.38
16,octanol_gsolv_eV,202,0.24357593059539795,0.02446647547185421,0.6661166597671666,0.9589072270670551,5.383068561553955,0.12896278500556946,0.023957113592538225,0.16
16,octanol_gsolv_eV,203,0.41782626509666443,0.022484270855784416,0.6663126566768314,0.9184731639494292,5.298069953918457,0.5979608297348022,0.11286389853960874,0.4
16,octanol_gsolv_eV,204,0.2901581823825836,0.011672919616103172,0.6703964674680185,0.9702931781775608,2.548685073852539,0.0684431940317154,0.026854315872089324,0.18
16,octanol_gsolv_eV,205,0.14976339042186737,0.025484353303909302,0.6653789098300196,0.9673948132192445,5.529540061950684,0.04639792442321777,0.008390919299506756,0.04
16,octanol_gsolv_eV,206,0.2802381217479706,0.023888662457466125,0.6608412400385344,0.9722099944472664,5.487732410430908,0.027586692944169044,0.005026974874309311,0.18
16,octanol_gsolv_eV,207,0.2380169928073883,0.025628970935940742,0.6612218732525699,0.9141914382227228,5.8516998291015625,0.6277472376823425,0.10727604901407312,0.26
16,octanol_gsolv_eV,208,0.49437811970710754,0.016793934628367424,0.6714585459890481,0.9288405915107274,3.6645379066467285,1.1136804819107056,0.30390748036490906,0.32
16,octanol_gsolv_eV,209,0.21912142634391785,0.010552328079938889,0.6673816796024996,0.9734820637806489,2.2317073345184326,0.1184251606464386,0.05306482566720286,0.22
16,octanol_gsolv_eV,210,0.19480668008327484,0.018939979374408722,0.665042837294991,0.972400369561532,4.04317045211792,0.14657552540302277,0.036252620842696016,0.3
16,octanol_gsolv_eV,211,0.2038370966911316,0.03384052962064743,0.6652673546920729,0.9745530298822687,7.744049549102783,0.00837705098092556,0.001081740364367389,0.18
16,octanol_gsolv_eV,212,0.23976534605026245,0.015690818428993225,0.6668909631407876,0.9688190224276307,3.421673059463501,0.12539386749267578,0.03664694589854731,0.16
16,octanol_gsolv_eV,213,0.06638017296791077,0.0179119985550642,0.6653722807575613,0.9619562081490423,3.8565595149993896,0.02085770107805729,0.005408370076213018,0.06
16,octanol_gsolv_eV,214,0.3225848078727722,0.01748122088611126,0.6716677879298298,0.9745733366333054,3.9768857955932617,0.08708619326353073,0.021898087533725477,0.28
16,octanol_gsolv_eV,215,0.203220933675766,0.013885827735066414,0.6674563203764288,0.980293322961121,2.9660027027130127,0.15328453481197357,0.05168051083424964,0.16
16,octanol_gsolv_eV,216,0.15896488726139069,0.02504565753042698,0.6713996127542845,0.9717327256370603,5.788516998291016,0.011446197517216206,0.001977397236735341,0.12
16,octanol_gsolv_eV,217,0.4162226617336273,0.01372154988348484,0.6663211426314191,0.9155539229410248,3.202040433883667,0.6889582276344299,0.21516225102717126,0.18
16,octanol_gsolv_eV,218,0.21036772429943085,0.024313349276781082,0.6596757020731547,0.9404881046158136,5.504561901092529,0.0764695256948471,0.013892027570744488,0.14
16,octanol_gsolv_eV,219,0.5240316390991211,0.021986085921525955,0.6727959981792391,0.9412692918036545,5.208168029785156,1.2114906311035156,0.23261358392722425,0.46
16,octanol_gsolv_eV,220,0.3729655146598816,0.02103552594780922,0.6672457002419137,0.9531296749558851,4.605178356170654,0.5646873712539673,0.12262008712373129,0.36
16,octanol_gsolv_eV,221,0.20866262912750244,0.01625615730881691,0.6656626823466076,0.9792263068634803,3.4951064586639404,0.09484967589378357,0.027137850310299663,0.16
16,octanol_gsolv_eV,222,0.3333195149898529,0.023894429206848145,0.6720492615675797,0.9467385500442647,5.6549577713012695,0.21438047289848328,0.03791018104263437,0.2
16,octanol_gsolv_eV,223,0.15279120206832886,0.0176584180444479,0.6744894907181209,0.966561735827097,4.493255138397217,0.02011178992688656,0.004475995532731001,0.12
16,octanol_gsolv_eV,224,0.10665783286094666,0.025377843528985977,0.668435401227393,0.9546629033938578,5.93860387802124,0.06016101315617561,0.010130497738505743,0.12
16,octanol_gsolv_eV,225,0.38239598274230957,0.005391902290284634,0.6744511492268404,0.9688813752627623,1.0743048191070557,0.32536646723747253,0.3028623361365089,0.28
16,octanol_gsolv_eV,226,0.23702530562877655,0.025698859244585037,0.6682190710907019,0.9741541192315688,5.991761684417725,0.012663183733820915,0.0021134324762536873,0.24
16,octanol_gsolv_eV,227,0.38590115308761597,0.03643311187624931,0.6676907289071066,0.9401940988549391,8.881030082702637,1.1546998023986816,0.13001867932501004,0.42
16,octanol_gsolv_eV,228,0.26991215348243713,0.02137054316699505,0.6680621917391403,0.9738578800678726,4.642770767211914,0.43409690260887146,0.09349953387200208,0.32
16,octanol_gsolv_eV,229,0.3201424181461334,0.013649600557982922,0.6685259459507951,0.9464591352082761,3.066710948944092,0.23099330067634583,0.07532281474257618,0.26
16,octanol_gsolv_eV,230,0.0489640049636364,0.022676294669508934,0.6692080603066048,0.9694531906564634,5.0737738609313965,0.007782296743243933,0.0015338280649771275,0.04
16,octanol_gsolv_eV,231,0.06657417863607407,0.025506997480988503,0.6695195779510157,0.9576637115452915,5.968873023986816,0.021434949710965157,0.003591121745231567,0.1
16,octanol_gsolv_eV,232,0.40697985887527466,0.019938142970204353,0.6625873966879392,0.9025278403109922,4.395325183868408,0.5674290060997009,0.12909829929814112,0.3
16,octanol_gsolv_eV,233,0.34431228041648865,0.024973686784505844,0.669624903588681,0.9643662797693564,5.901987075805664,0.03637991473078728,0.006164011249689352,0.26
16,octanol_gsolv_eV,234,0.14017163217067719,0.020506899803876877,0.6415973403822874,0.9497809231284369,4.41050386428833,0.10844404250383377,0.024587676565006725,0.12
16,octanol_gsolv_eV,235,0.24733741581439972,0.02260727435350418,0.6725078980687167,0.9771869867716656,5.301982402801514,0.012939469888806343,0.0024404965738794716,0.18
16,octanol_gsolv_eV,236,0.27670279145240784,0.022991802543401718,0.668009581101948,0.9576012193052938,5.333700656890869,0.023116931319236755,0.004334126117364847,0.2
16,octanol_gsolv_eV,237,0.5763355493545532,0.019575178623199463,0.6886202501631575,0.9590760359240416,5.286624431610107,0.3531445860862732,0.06679963569470332,0.48
16,octanol_gsolv_eV,238,0.20054125785827637,0.022535255178809166,0.6657399188479345,0.9807237239432112,4.9131317138671875,0.02872573770582676,0.005846726564392546,0.1
16,octanol_gsolv_eV,239,0.24762439727783203,0.019737163558602333,0.6724966874075711,0.9577821712368808,4.514371395111084,0.08705902844667435,0.01928486179514526,0.18
16,octanol_gsolv_eV,240,0.4636371433734894,0.01581464894115925,0.6695721930705418,0.9067712487172013,3.4623959064483643,0.6365527510643005,0.1838474767945471,0.24
16,octanol_gsolv_eV,241,0.28376731276512146,0.013822642154991627,0.6635620108384579,0.9316396661481814,2.941739082336426,0.15864992141723633,0.05393065699464799,0.12
16,octanol_gsolv_eV,242,0.16591216623783112,0.018938176333904266,0.6651191321384988,0.9660056023037726,4.056743144989014,0.06781472265720367,0.01671654335349529,0.14
16,octanol_gsolv_eV,243,0.10097550600767136,0.02423969656229019,0.6711521648148919,0.9708833967648844,5.593529224395752,0.006305787246674299,0.0011273360688225402,0.12
16,octanol_gsolv_eV,244,0.2068725824356079,0.027112146839499474,0.656157504968186,0.9764680284835254,6.003607273101807,0.008438276126980782,0.0014055343301330044,0.18
16,octanol_gsolv_eV,245,0.08374384790658951,0.021594246849417686,0.6681869191842764,0.9733454020726651,5.0139851570129395,0.020124489441514015,0.004013671523013262,0.1
16,octanol_gsolv_eV,246,0.2272276133298874,0.024491801857948303,0.6675524488551587,0.964152834850581,5.727202415466309,0.017388638108968735,0.003036148689630861,0.26
16,octanol_gsolv_eV,247,0.291939377784729,0.0170456375926733,0.6603194898764069,0.9428170233749875,3.6021206378936768,0.30342501401901245,0.08423510607252699,0.18
16,octanol_gsolv_eV,248,0.13845320045948029,0.01512860506772995,0.6729509179988977,0.9386819629331484,3.5230166912078857,0.07145246863365173,0.02028161513170517,0.04
16,octanol_gsolv_eV,249,0.12599408626556396,0.023646323010325432,0.6594754101334568,0.9597640728269514,5.227884292602539,0.0370994508266449,0.007096455994471923,0.08
16,octanol_hl_gap_eV,0,0.02914750948548317,0.0013624962884932756,0.6589709815918894,0.9823806490564864,0.146012544631958,0.031043492257595062,0.2126083915313159,0.08
16,octanol_hl_gap_eV,1,0.07576186954975128,0.0008843105169944465,0.6580989426709103,0.9293201965376277,0.24834080040454865,0.008655383251607418,0.03485284430712854,0.08
16,octanol_hl_gap_eV,2,0.05737842619419098,0.0008966833702288568,0.6408395491022763,0.9657052306205411,0.31605809926986694,0.0007195284706540406,0.002276570264505924,0.28
16,octanol_hl_gap_eV,3,0.08770223706960678,0.0011650694068521261,0.6651578289604034,0.9604166824312554,0.3312864601612091,0.0007174360798671842,0.0021656064045541394,0.08
16,octanol_hl_gap_eV,4,0.08430257439613342,0.0009871901711449027,0.6403780521655915,0.9708467827637552,0.3003239929676056,0.0007028779946267605,0.0023403990726194703,0.2
16,octanol_hl_gap_eV,5,0.11099688708782196,0.0010469217086210847,0.6407045670995533,0.9702047802807212,0.3001823425292969,0.0010567354038357735,0.0035203116710058966,0.08
16,octanol_hl_gap_eV,6,0.1017303317785263,0.0008312971913255751,0.667130206562019,0.9743413613481613,0.27281472086906433,0.00202696374617517,0.007429818082096817,0.1
16,octanol_hl_gap_eV,7,0.29249462485313416,0.0024226042442023754,0.6222289020606666,0.9402580275788259,0.5210118889808655,0.050614651292562485,0.09714682594204936,0.32
16,octanol_hl_gap_eV,8,0.033083073794841766,0.0013289317721500993,0.6419216647475434,0.9623256217033656,0.2987324297428131,0.0026752743870019913,0.008955420036938099,0.0
16,octanol_hl_gap_eV,9,0.13085640966892242,0.001370235695503652,0.6472315384214078,0.980662147948953,0.24483004212379456,0.0008504883153364062,0.0034737906670226763,0.16
16,octanol_hl_gap_eV,10,0.26074251532554626,0.003100672271102667,0.6075512323303924,0.9831020728150357,0.6305884122848511,0.002480508526787162,0.003933641149223434,0.34
16,octanol_hl_gap_eV,11,0.01636846922338009,0.0012717865174636245,0.6429012659420832,0.9358501799623129,0.29508325457572937,0.00408918084576726,0.013857719075406982,0.12
16,octanol_hl_gap_eV,12,0.22843877971172333,0.0013541214866563678,0.6451541241880614,0.9285319484556844,0.22418229281902313,0.034294843673706055,0.15297748650198453,0.22
16,octanol_hl_gap_eV,13,0.10950878262519836,0.0009690572624094784,0.66595485465001,0.9697153856575225,0.3205627202987671,0.0008895158534869552,0.0027748574527253797,0.14
16,octanol_hl_gap_eV,14,0.18454696238040924,0.0006036183913238347,0.6524121876849802,0.9801263509858069,0.2468251734972,0.002013540593907237,0.00815776026965936,0.12
16,octanol_hl_gap_eV,15,0.056336935609579086,0.0008600529981777072,0.666109330297163,0.9708602325542524,0.2828199565410614,0.0007600416429340839,0.0026873692091234614,0.1
16,octanol_hl_gap_eV,16,0.0545443557202816,0.0008954769582487643,0.6482725332216144,0.9640765742918724,0.298550009727478,0.000627225439529866,0.002100905774889805,0.04
16,octanol_hl_gap_eV,17,0.07010147720575333,0.0009759136009961367,0.6338322302283788,0.9462170442527076,0.2769344449043274,0.0022001478355377913,0.007944652158736978,0.04
16,octanol_hl_gap_eV,18,0.513168215751648,0.001049422426149249,0.6666417091340413,0.9191209472732831,0.3511646091938019,0.07664141058921814,0.21824924432211512,0.36
16,octanol_hl_gap_eV,19,0.15198302268981934,0.001682418747805059,0.6499611723578822,0.969826239681373,0.31528791785240173,0.00487346388399601,0.015457185664429626,0.08
16,octanol_hl_gap_eV,20,0.11667855829000473,0.002348164329305291,0.6264810293664811,0.9867571961492625,0.4430139660835266,0.005405900534242392,0.012202551043781663,0.02
16,octanol_hl_gap_eV,21,0.05665023997426033,0.0012112344847992063,0.6529139865857823,0.955221503177623,0.304701030254364,0.0011477932566776872,0.0037669490507449576,0.14
16,octanol_hl_gap_eV,22,0.31301644444465637,0.001279451185837388,0.6194958429445863,0.9513923215183371,0.3608885705471039,0.023492442443966866,0.06509611099169067,0.14
16,octanol_hl_gap_eV,23,0.07739834487438202,0.0012108872178941965,0.6398939689512828,0.9622742274091085,0.3709415793418884,0.001214102259837091,0.0032730282272241057,0.12
16,octanol_hl_gap_eV,24,0.07508587837219238,0.0013975464971736073,0.6488351699360748,0.9657871836495417,0.3197614550590515,0.0018376413499936461,0.005746913272127443,0.16
16,octanol_hl_gap_eV,25,0.03556830435991287,0.0006654536118730903,0.6541457930045371,0.9664531938688874,0.2574338912963867,0.0005709569668397307,0.0022178780111837765,0.04
16,octanol_hl_gap_eV,26,0.02883896231651306,0.0007406215881928802,0.679639395818773,0.9719889841135023,0.2618900239467621,0.0007343379547819495,0.0028039936142478963,0.08
16,octanol_hl_gap_eV,27,0.08101828396320343,0.0012104844208806753,0.6582064765487501,0.9604564512627023,0.2640441954135895,0.0009556920849718153,0.0036194398573119665,0.08
16,octanol_hl_gap_eV,28,0.06703605502843857,0.0012376840459182858,0.6361489737358736,0.9668573084748431,0.29603153467178345,0.0006811352213844657,0.002300887377216941,0.02
16,octanol_hl_gap_eV,29,0.04843214154243469,0.0011566445464268327,0.6646203720033304,0.9755330470212846,0.283102810382843,0.0008297087624669075,0.0029307683711966097,0.04
16,octanol_hl_gap_eV,30,0.07836532592773438,0.0022120189387351274,0.6114071053438719,0.9885651627045651,0.40961506962776184,0.0029248418286442757,0.007140464415291725,0.08
16,octanol_hl_gap_eV,31,0.1413574516773224,0.0017080791294574738,0.6345422626953838,0.9789671698921592,0.4067765176296234,0.0015563277993351221,0.003826002072106295,0.18
16,octanol_hl_gap_eV,32,0.2179611474275589,0.001340833492577076,0.6553849243701506,0.9730305595137312,0.4146658182144165,0.0012650659773498774,0.003050808438461001,0.22
16,octanol_hl_gap_eV,33,0.09537673741579056,0.0008631970267742872,0.6668491980330473,0.9800597027116089,0.25107455253601074,0.0005381865194067359,0.0021435327235305762,0.08
16,octanol_hl_gap_eV,34,0.34237775206565857,0.0007747803465463221,0.6629432406571754,0.909340823975932,0.29711246490478516,0.03805229067802429,0.12807369320643888,0.16
16,octanol_hl_gap_eV,35,0.04340304434299469,0.0008836131892167032,0.6612517354728906,0.9667466686616035,0.30445897579193115,0.0006341402186080813,0.002082842908338022,0.12
16,octanol_hl_gap_eV,36,0.04423071816563606,0.001014220411889255,0.6478865283712965,0.972480731266405,0.25340333580970764,0.0006039881845936179,0.002383505263116113,0.06
16,octanol_hl_gap_eV,37,0.09784229844808578,0.0009152736165560782,0.6597758916158458,0.9691225325812616,0.2743102014064789,0.0009862503502517939,0.0035953834206491884,0.26
16,octanol_hl_gap_eV,38,0.044531259685754776,0.0006482361350208521,0.661171636044076,0.9593663789136684,0.2586985230445862,0.0017345680389553308,0.0067049785153059475,0.1
16,octanol_hl_gap_eV,39,0.5253884196281433,0.0009635593160055578,0.6399857950821464,0.9129355557448571,0.23908287286758423,0.06992641091346741,0.29247770898334513,0.38
16,octanol_hl_gap_eV,40,0.20180955529212952,0.0016101966612040997,0.6189397058335924,0.9005998839836715,0.2896246612071991,0.05203600600361824,0.1796670414277719,0.06
16,octanol_hl_gap_eV,41,0.07451171427965164,0.001273325295187533,0.637882674106562,0.981690592577851,0.3002355694770813,0.0009984844364225864,0.003325670033572776,0.14
16,octanol_hl_gap_eV,42,0.07062486559152603,0.0009329146705567837,0.664200950492795,0.9709817912953607,0.29694437980651855,0.0008196093840524554,0.0027601444573104638,0.08
16,octanol_hl_gap_eV,43,0.06917228549718857,0.0007059283670969307,0.640947024959436,0.9336833005537446,0.24572432041168213,0.015960006043314934,0.06495086044627502,0.1
16,octanol_hl_gap_eV,44,0.1936069130897522,0.001311172847636044,0.6425598574600035,0.9739964548302174,0.3339105546474457,0.003564787795767188,0.01067587635716102,0.12
16,octanol_hl_gap_eV,45,0.3002939522266388,0.0010980245424434543,0.679316635055206,0.9753224683275077,0.29745247960090637,0.0014919745735824108,0.005015841776085381,0.2
16,octanol_hl_gap_eV,46,0.06815384328365326,0.0009696289198473096,0.6729585042289337,0.9559809136224093,0.27188077569007874,0.0011693453416228294,0.00430094896799833,0.08
16,octanol_hl_gap_eV,47,0.2259054183959961,0.0010622611735016108,0.6486329275603586,0.929401405671314,0.26318052411079407,0.022757280617952347,0.08647023063291703,0.14
16,octanol_hl_gap_eV,48,0.09588553011417389,0.0010694259544834495,0.682341978825056,0.9737160860041458,0.3313356041908264,0.0008968097390606999,0.002706650682020274,0.14
16,octanol_hl_gap_eV,49,0.17602331936359406,0.0017432930180802941,0.6597234892986263,0.9248775918340044,0.4417094588279724,0.04443593695759773,0.10059992166684321,0.04
16,octanol_hl_gap_eV,50,0.05993380397558212,0.0008746242965571582,0.6620089586646529,0.968891186686959,0.24512483179569244,0.0007490824209526181,0.003055922223240794,0.08
16,octanol_hl_gap_eV,51,0.06775019317865372,0.0017494229832664132,0.6144995405909344,0.9706469797251216,0.3518105745315552,0.0010008425451815128,0.002844833605454186,0.02
16,octanol_hl_gap_eV,52,0.0846923440694809,0.0007785132038407028,0.6785446550757404,0.9767954820709188,0.29259055852890015,0.0009363666758872569,0.0032002627856317816,0.04
16,octanol_hl_gap_eV,53,0.11405934393405914,0.00099833938293159,0.6609561703726046,0.9559159689985643,0.2851076126098633,0.001683290465734899,0.0059040530357156295,0.04
16,octanol_hl_gap_eV,54,0.0976012647151947,0.0010530503932386637,0.6737408340150757,0.9667750841947014,0.32360759377479553,0.0010111661395058036,0.0031246675262184753,0.1
16,octanol_hl_gap_eV,55,0.27501240372657776,0.0014337045140564442,0.6509028694691679,0.8994724927363391,0.38440409302711487,0.053569648414850235,0.13935764313277374,0.18
16,octanol_hl_gap_eV,56,0.083527572453022,0.0010364657500758767,0.6574930551292213,0.9677512137180939,0.28929564356803894,0.0012305387062951922,0.004253568049343211,0.14
16,octanol_hl_gap_eV,57,0.3297155499458313,0.002573928330093622,0.628908175572316,0.9762052899416038,0.41458624601364136,0.0018150628311559558,0.0043780102417971525,0.44
16,octanol_hl_gap_eV,58,0.0910024419426918,0.0011307332897558808,0.6505223465876879,0.970973840434395,0.3122505247592926,0.0009149874094873667,0.0029302990289374574,0.12
16,octanol_hl_gap_eV,59,0.023106154054403305,0.0008439727826043963,0.6499328202407249,0.9581513752975093,0.2452993094921112,0.0022998687345534563,0.009375765220518976,0.06
16,octanol_hl_gap_eV,60,0.21555845439434052,0.0010107780108228326,0.6464714444353019,0.9650979561921609,0.3506550192832947,0.004710574168711901,0.013433642496662,0.16
16,octanol_hl_gap_eV,61,0.06710275262594223,0.0009367253514938056,0.6564015823580063,0.9661250599207374,0.2815105617046356,0.0008779768832027912,0.003118806192870218,0.06
16,octanol_hl_gap_eV,62,0.09387028217315674,0.0006843243027105927,0.6476651532627868,0.9667428691353277,0.3037417232990265,0.0009611726854927838,0.0031644407460825925,0.04
16,octanol_hl_gap_eV,63,0.23753267526626587,0.0014687555376440287,0.6399901917161261,0.904612516691643,0.33521413803100586,0.060227666050195694,0.1796692299554051,0.04
16,octanol_hl_gap_eV,64,0.02911324054002762,0.0021362188272178173,0.6085772149902273,0.9664083206541687,0.40804511308670044,0.0023686650674790144,0.005804909779609899,0.04
16,octanol_hl_gap_eV,65,0.29198479652404785,0.0017529320903122425,0.6524780520444615,0.9199784592649116,0.3110983371734619,0.06517891585826874,0.20951226049763919,0.24
16,octanol_hl_gap_eV,66,0.22800396382808685,0.0012311115860939026,0.6581725582856188,0.9393756091367489,0.3148231506347656,0.02003362588584423,0.06363453845580039,0.1
16,octanol_hl_gap_eV,67,0.09547930210828781,0.000764425378292799,0.6649186173926287,0.9593442281050188,0.289116233587265,0.00043104906217195094,0.0014909196098179171,0.14
16,octanol_hl_gap_eV,68,0.05335308983922005,0.0005530561902560294,0.6590488543118007,0.9606064536316619,0.29099613428115845,0.0015227353433147073,0.005232837017152437,0.06
16,octanol_hl_gap_eV,69,0.06413134932518005,0.0010907077230513096,0.6358285969522048,0.9639911740476756,0.20545943081378937,0.0013646760489791632,0.006642070619848973,0.12
16,octanol_hl_gap_eV,70,0.027450330555438995,0.002017165068536997,0.6355895295497498,0.9656248193755177,0.32280033826828003,0.001458487007766962,0.004518232587955997,0.02
16,octanol_hl_gap_eV,71,0.0313585065305233,0.002187131205573678,0.6319925089906742,0.9648251478658438,0.3170289993286133,0.0011309018591418862,0.003567187423033377,0.0
16,octanol_hl_gap_eV,72,0.03881771117448807,0.003048267215490341,0.658143383395257,0.9722472993976019,0.6633703708648682,0.0028100779745727777,0.00423606193160111,0.04
16,octanol_hl_gap_eV,73,0.09146025776863098,0.001396177220158279,0.6442493141625012,0.9785523834552292,0.21172559261322021,0.00046999292680993676,0.0022198210476544454,0.1
16,octanol_hl_gap_eV,74,0.10828928649425507,0.0009779054671525955,0.6613982558144615,0.9605744681167796,0.3462824523448944,0.001187899149954319,0.003430434149666878,0.2
16,octanol_hl_gap_eV,75,0.054783422499895096,0.0007356663118116558,0.6446805175909438,0.9748568013317898,0.24710744619369507,0.0008074771612882614,0.003267716832196634,0.02
16,octanol_hl_gap_eV,76,0.2815892696380615,0.0010099313221871853,0.6664054623515112,0.8924216391448598,0.31566178798675537,0.044092174619436264,0.1396816982525813,0.18
16,octanol_hl_gap_eV,77,0.09891147166490555,0.0012583364732563496,0.6623076619243973,0.9637697289037697,0.33803775906562805,0.001075328211300075,0.003181089042456072,0.08
16,octanol_hl_gap_eV,78,0.38705629110336304,0.0008663542685098946,0.6678780200318659,0.9108422524263358,0.2963228225708008,0.04871656373143196,0.16440368416034526,0.26
16,octanol_hl_gap_eV,79,0.1191878616809845,0.0012145463842898607,0.643773910816521,0.9201001755260569,0.24861793220043182,0.012952413409948349,0.05209766365326504,0.14
16,octanol_hl_gap_eV,80,0.07551824301481247,0.0031450525857508183,0.649379469727843,0.9784420244588043,0.65944504737854,0.005018887110054493,0.007610773831732958,0.06
16,octanol_hl_gap_eV,81,0.3284270465373993,0.0011203731410205364,0.6507000204544335,0.8969083039374899,0.3436938524246216,0.0512521006166935,0.1491213772231612,0.16
16,octanol_hl_gap_eV,82,0.053525764495134354,0.002773785497993231,0.6556270951262773,0.989873309865448,0.5527709722518921,0.010227571241557598,0.018502366721414955,0.02
16,octanol_hl_gap_eV,83,0.06137053295969963,0.0006715619238093495,0.6643227931336988,0.9664766691260651,0.2536433935165405,0.00048049999168142676,0.0018943919059736618,0.04
16,octanol_hl_gap_eV,84,0.02222246304154396,0.001856539980508387,0.611637054027744,0.9764845630230345,0.3107987344264984,0.007172681391239166,0.02307821942864266,0.02
16,octanol_hl_gap_eV,85,0.03319764882326126,0.0008325426606461406,0.6399343549858982,0.9657854245257975,0.31333038210868835,0.0010559000074863434,0.0033699253815739827,0.02
16,octanol_hl_gap_eV,86,0.04092816263437271,0.001070220721885562,0.6579032548176567,0.9574528590433962,0.2727978229522705,0.0005244403728283942,0.0019224507261560947,0.04
16,octanol_hl_gap_eV,87,0.0962827056646347,0.0019484837539494038,0.6556410692212191,0.9728581147244886,0.42680826783180237,0.002579441759735346,0.006043560901101987,0.08
16,octanol_hl_gap_eV,88,0.1444321870803833,0.0008463922422379255,0.6662922845790593,0.9782182038354301,0.2921285629272461,0.0029202469158917665,0.009996444327900408,0.26
16,octanol_hl_gap_eV,89,0.13434453308582306,0.0018377599772065878,0.650328284862594,0.9358623548250904,0.5145604610443115,0.02238548919558525,0.043504098916099035,0.1
16,octanol_hl_gap_eV,90,0.13380089402198792,0.0010797674767673016,0.6685353801748395,0.9622919649666148,0.31069454550743103,0.0007752547971904278,0.0024952314367935554,0.06
16,octanol_hl_gap_eV,91,0.06115840747952461,0.0008680538740009069,0.661532391647895,0.96622964510756,0.24595898389816284,0.0010114299366250634,0.004112189441487679,0.1
16,octanol_hl_gap_eV,92,0.05836790055036545,0.0016522880177944899,0.6527065336505786,0.9819375335270937,0.3642209470272064,0.0016445479122921824,0.004515248026548398,0.12
16,octanol_hl_gap_eV,93,0.10486683249473572,0.0019304963061586022,0.6567370966301522,0.9720016719310611,0.4119553864002228,0.0015963033074513078,0.0038749421907071937,0.12
16,octanol_hl_gap_eV,94,0.17739969491958618,0.0018506806809455156,0.6532087783457801,0.9353220596654506,0.47474032640457153,0.03376888483762741,0.07113127526657535,0.12
16,octanol_hl_gap_eV,95,0.14195401966571808,0.0013775612460449338,0.6458057844262959,0.9468029230409403,0.2739301323890686,0.01919618807733059,0.07007694958532655,0.08
16,octanol_hl_gap_eV,96,0.07539239525794983,0.000965376035310328,0.6561872067814822,0.9695686654494002,0.3142663538455963,0.0012803477002307773,0.004074084560957585,0.12
16,octanol_hl_gap_eV,97,0.0888461321592331,0.0007841839105822146,0.671318415047697,0.9643962469671818,0.26154521107673645,0.00048563192831352353,0.001856780043168295,0.14
16,octanol_hl_gap_eV,98,0.0404244028031826,0.0011586816981434822,0.6583671310699004,0.9693350039745605,0.24290135502815247,0.0004348161455709487,0.0017900935362034237,0.04
16,octanol_hl_gap_eV,99,0.024884803220629692,0.0014170696958899498,0.6600160464298113,0.9682273507728079,0.3875425159931183,0.0007624929421581328,0.001967507849310842,0.04
16,octanol_hl_gap_eV,100,0.02732853777706623,0.0010494306916370988,0.6260083193819226,0.9781781829708647,0.33665356040000916,0.0007676865789107978,0.002280345937819991,0.08
16,octanol_hl_gap_eV,101,0.2704372704029083,0.0015988860977813601,0.6597118098888108,0.9240010189660413,0.31362804770469666,0.04573548212647438,0.1458271428885009,0.08
16,octanol_hl_gap_eV,102,0.05673043802380562,0.001251474255695939,0.6591689243875063,0.963509298610852,0.3019469678401947,0.0008054822101257741,0.0026676280801470912,0.0
16,octanol_hl_gap_eV,103,0.09792207181453705,0.0008526425808668137,0.6285023486167505,0.9822573499772647,0.28470396995544434,0.0014066399307921529,0.004940710630105683,0.14
16,octanol_hl_gap_eV,104,0.07378388196229935,0.0009212089353241026,0.6589964547584259,0.961060053432536,0.2838846743106842,0.0007416126318275928,0.002612372906809227,0.06
16,octanol_hl_gap_eV,105,0.05388975888490677,0.0012784256832674146,0.6244928975381694,0.9713523055388495,0.2478882223367691,0.001374787767417729,0.005545998734663593,0.02
16,octanol_hl_gap_eV,106,0.11261668801307678,0.0012726741842925549,0.6410106087967757,0.9811762085831737,0.2330767810344696,0.003331319196149707,0.014292797340705678,0.1
16,octanol_hl_gap_eV,107,0.041443102061748505,0.0008855297928676009,0.6644561887043077,0.9840955234669502,0.22770139575004578,0.0005465476424433291,0.0024002823550686083,0.04
16,octanol_hl_gap_eV,108,0.10297977179288864,0.0015897806733846664,0.6545378225715281,0.970122617734106,0.4325093924999237,0.0031898433808237314,0.007375200252614848,0.1
16,octanol_hl_gap_eV,109,0.1372162252664566,0.0009100536699406803,0.6630691422431649,0.9721450231294806,0.31232428550720215,0.0027209362015128136,0.008711894424393294,0.24
16,octanol_hl_gap_eV,110,0.14568863809108734,0.0015084007754921913,0.7108517047461029,0.9808168571668834,1.2200113534927368,0.009691263549029827,0.007943584722621619,0.1
16,octanol_hl_gap_eV,111,0.07068442553281784,0.0008272597915492952,0.6655660404423498,0.9810102214755865,0.2680164575576782,0.0018963576294481754,0.007075526804319737,0.14
16,octanol_hl_gap_eV,112,0.024474339559674263,0.0012550514657050371,0.6352133329046017,0.9666671600978138,0.21371303498744965,0.0008781293290667236,0.004108917966179704,0.08
16,octanol_hl_gap_eV,113,0.06754500418901443,0.0017517379019409418,0.64225240458501,0.9677122983124964,0.38994693756103516,0.0005856087664142251,0.0015017652660051077,0.08
16,octanol_hl_gap_eV,114,0.06813526898622513,0.0009808506583794951,0.6515959593234588,0.9633487181827898,0.2864380478858948,0.0009906231425702572,0.003458420240892303,0.1
16,octanol_hl_gap_eV,115,0.1775185614824295,0.002531561302021146,0.6318327318644443,0.9712007714779665,0.5618268847465515,0.001211842754855752,0.0021569682543804082,0.18
16,octanol_hl_gap_eV,116,0.1094307154417038,0.003085165983065963,0.6209958646986606,0.9065652340013004,0.5938643217086792,0.06258060783147812,0.10537862865952251,0.04
16,octanol_hl_gap_eV,117,0.11763506382703781,0.0007076375186443329,0.6631882240520577,0.9571260577468652,0.3024314045906067,0.0017909010639414191,0.005921676905100891,0.02
16,octanol_hl_gap_eV,118,0.024997331202030182,0.002603530418127775,0.6573883640708669,0.9770916433416597,0.5726337432861328,0.0016192214097827673,0.0028276737596542177,0.02
16,octanol_hl_gap_eV,119,0.10377074778079987,0.0007629160536453128,0.6567236124353399,0.9637996002832261,0.2954699993133545,0.002766677411273122,0.009363649161345076,0.12
16,octanol_hl_gap_eV,120,0.06742828339338303,0.000829950615298003,0.6428745826287834,0.966363182790106,0.2615411579608917,0.0008465375285595655,0.0032367277684308042,0.08
16,octanol_hl_gap_eV,121,0.06563743948936462,0.0016292058862745762,0.6101396858810706,0.9619038584481381,0.3000732958316803,0.0008059837855398655,0.0026859563871087177,0.08
16,octanol_hl_gap_eV,122,0.1686357706785202,0.002361971652135253,0.6602302349710039,0.9788863087945017,0.4570399522781372,0.003485005348920822,0.007625165659040634,0.1
16,octanol_hl_gap_eV,123,0.05289580300450325,0.0014835521578788757,0.6470707283973909,0.9689929147509198,0.24372194707393646,0.0007775130798108876,0.0031901644031057164,0.0
16,octanol_hl_gap_eV,124,0.050742555409669876,0.000703078112564981,0.6729280317963264,0.959412550933447,0.2565373480319977,0.001061342190951109,0.004137183919195768,0.22
16,octanol_hl_gap_eV,125,0.08360593020915985,0.002547924406826496,0.6179876425221875,0.9856130515968302,0.5106022357940674,0.002328714355826378,0.004560721032106054,0.1
16,octanol_hl_gap_eV,126,0.04120495542883873,0.0007029168773442507,0.6691232639890774,0.9765819048652806,0.2779597043991089,0.0002696191659197211,0.0009699937136664529,0.02
16,octanol_hl_gap_eV,127,0.21530906856060028,0.0018558190204203129,0.6155294081735849,0.9241050054660525,0.40565070509910583,0.041071537882089615,0.1012485307329992,0.1
16,octanol_hl_gap_eV,128,0.2977563440799713,0.002449786989018321,0.6436168425415147,0.9516404156759075,0.3909936249256134,0.12385236471891403,0.31676313070955303,0.24
16,octanol_hl_gap_eV,129,0.10327699035406113,0.001010897452943027,0.6423404251744429,0.9485006255045842,0.22210349142551422,0.009724576026201248,0.0437839854015196,0.06
16,octanol_hl_gap_eV,130,0.932335615158081,0.0008223739569075406,0.697686685061405,0.9550824584859225,0.3240228593349457,0.4331566095352173,1.3368087993059123,0.36
16,octanol_hl_gap_eV,131,0.11454593390226364,0.0019630223978310823,0.6233126561725788,0.9663670872151071,0.4341290295124054,0.002528855111449957,0.005825123268743985,0.1
16,octanol_hl_gap_eV,132,0.21075846254825592,0.0011418453650549054,0.638633501527037,0.9345158388684951,0.25891780853271484,0.030036697164177895,0.11600861807998306,0.14
16,octanol_hl_gap_eV,133,0.08350742608308792,0.001105323201045394,0.6653834905970692,0.959185243216099,0.3067748248577118,0.001186335925012827,0.0038671228174054794,0.1
16,octanol_hl_gap_eV,134,0.11288273334503174,0.0013489839620888233,0.658674003772421,0.965149250401663,0.22751165926456451,0.0014307593228295445,0.006288729674138458,0.12
16,octanol_hl_gap_eV,135,0.2699697017669678,0.0009454207611270249,0.6647906618885437,0.9924594626538272,0.24539074301719666,0.0012204336235299706,0.004973429757472328,0.16
16,octanol_hl_gap_eV,136,0.08912082761526108,0.002726189559325576,0.600770797542939,0.9420887780627922,0.5060337781906128,0.013952674344182014,0.027572614607016058,0.06
16,octanol_hl_gap_eV,137,0.22703267633914948,0.0011836689664050937,0.6528487654167849,0.9486643643451707,0.3761920630931854,0.008553436025977135,0.022736885929085612,0.14
16,octanol_hl_gap_eV,138,0.141311913728714,0.0019661204423755407,0.6468495999151891,0.9611701843476834,0.49431827664375305,0.017185822129249573,0.034766713959951574,0.06
16,octanol_hl_gap_eV,139,0.23435832560062408,0.00204764143563807,0.6588940524269908,0.987273489014524,0.4983389675617218,0.0018343102419748902,0.0036808485014724474,0.22
16,octanol_hl_gap_eV,140,0.05107320100069046,0.005499791353940964,0.6478392332965193,0.9799737781022495,1.0417442321777344,0.002131880959495902,0.002046453336285117,0.02
16,octanol_hl_gap_eV,141,0.11288924515247345,0.0009587546810507774,0.6593902968221614,0.9570456062023631,0.2286272644996643,0.001971667865291238,0.00862394023567619,0.08
16,octanol_hl_gap_eV,142,0.5140929222106934,0.00183291791472584,0.6428162228822689,0.9697174918691802,0.38516852259635925,0.008577266708016396,0.022268867274507314,0.4
16,octanol_hl_gap_eV,143,0.10591933876276016,0.0009743638802319765,0.6741090208666445,0.9729238493616155,0.29263338446617126,0.0009690580191090703,0.003311508770186453,0.16
16,octanol_hl_gap_eV,144,0.03320732340216637,0.0009394014487043023,0.6350051542754527,0.9598418098811121,0.25024476647377014,0.0006409022607840598,0.002561101555948972,0.06
16,octanol_hl_gap_eV,145,0.09290558844804764,0.0008919485844671726,0.647609370978367,0.9752699622879131,0.28418633341789246,0.001859689480625093,0.006543908914474233,0.18
16,octanol_hl_gap_eV,146,0.08975057303905487,0.0008721130434423685,0.6577178925265517,0.9611116304983212,0.27799078822135925,0.0027180821634829044,0.00977759795881633,0.14
16,octanol_hl_gap_eV,147,0.05468275398015976,0.0011118970578536391,0.6235769948998002,0.98236512171535,0.3144969046115875,0.0006516497232951224,0.002072038591603717,0.16
16,octanol_hl_gap_eV,148,0.049659401178359985,0.000980285694822669,0.6547518545144699,0.9761290563366538,0.35951581597328186,0.0018572923727333546,0.005166093646548732,0.1
16,octanol_hl_gap_eV,149,0.17739024758338928,0.0014665218768641353,0.6538749873152192,0.9861109041192069,0.3507148027420044,0.0012839707778766751,0.003661011077485657,0.16
16,octanol_hl_gap_eV,150,0.059849813580513,0.0009509611409157515,0.6323898029129955,0.9856694408765359,0.2554986774921417,0.0015316072385758162,0.005994579907846776,0.0
16,octanol_hl_gap_eV,151,0.14807282388210297,0.0015784116694703698,0.6390263605378772,0.9662648213959968,0.3681917190551758,0.002139544580131769,0.005810952472320936,0.08
16,octanol_hl_gap_eV,152,0.3083244264125824,0.0011040762765333056,0.6344171016230078,0.9252018428917856,0.310158908367157,0.037358347326517105,0.12044905472227609,0.14
16,octanol_hl_gap_eV,153,0.19453567266464233,0.0013965378748252988,0.6364013559955728,0.8976946221323039,0.27865079045295715,0.05536683648824692,0.19869614006206865,0.1
16,octanol_hl_gap_eV,154,0.04420507699251175,0.0007328444626182318,0.6653859592917319,0.9586248075080108,0.2871817648410797,0.000454772642115131,0.0015835707478390646,0.1
16,octanol_hl_gap_eV,155,0.06432835012674332,0.001849959953688085,0.6532842346577485,0.980322201880262,0.33267930150032043,0.001442642416805029,0.004336435751484946,0.02
16,octanol_hl_gap_eV,156,0.10841371864080429,0.0025636099744588137,0.6238959948879366,0.977142580370344,0.4247119426727295,0.001848765416070819,0.004352986648871852,0.16
16,octanol_hl_gap_eV,157,0.06735769659280777,0.0012396076926961541,0.6485741504839047,0.9696702379329891,0.23700183629989624,0.0007161016692407429,0.003021502619644709,0.04
16,octanol_hl_gap_eV,158,0.0992313101887703,0.001161526539362967,0.6413721614582393,0.9591586243742476,0.22677886486053467,0.0010763267055153847,0.004746150864531879,0.02
16,octanol_hl_gap_eV,159,0.042873263359069824,0.001038736547343433,0.6675457494126873,0.9659425331844675,0.28823408484458923,0.0007097226334735751,0.00246231334457285,0.06
16,octanol_hl_gap_eV,160,0.04886844381690025,0.00096252525690943,0.6502197704453796,0.9660039033037158,0.24011275172233582,0.0013360712910071015,0.005564349587530953,0.04
16,octanol_hl_gap_eV,161,0.2728147506713867,0.0014461047248914838,0.6536554673884498,0.901833486012503,0.3555818796157837,0.08226604759693146,0.2313561300868938,0.08
16,octanol_hl_gap_eV,162,0.021820068359375,0.0011878660880029202,0.6344758927195167,0.9649622766539183,0.25799986720085144,0.0008709211833775043,0.003375665239003775,0.04
16,octanol_hl_gap_eV,163,0.0677497461438179,0.0009566207299940288,0.6596010829959602,0.9721837541815779,0.32707348465919495,0.001484065200202167,0.004537406025892126,0.02
16,octanol_hl_gap_eV,164,0.05476870387792587,0.001599248731508851,0.6296570380029449,0.9645384000822059,0.3000829219818115,0.0015150862745940685,0.005048892034868616,0.02
16,octanol_hl_gap_eV,165,0.09564240276813507,0.0009558303863741457,0.6410230929849479,0.9714508714410803,0.26341697573661804,0.0008160280995070934,0.0030978569138346386,0.12
16,octanol_hl_gap_eV,166,0.08575722575187683,0.0007384830387309194,0.6630955362916333,0.9678662897306556,0.3047465980052948,0.0003821493301074952,0.0012539904714567332,0.14
16,octanol_hl_gap_eV,167,0.13342763483524323,0.0016394950216636062,0.620955545391904,0.9862092581686424,0.24042971432209015,0.0056477999314665794,0.02349044063622078,0.08
16,octanol_hl_gap_eV,168,0.1050940677523613,0.0010074975434690714,0.6715213369638768,0.952521087821669,0.2925388514995575,0.003791608614847064,0.01296104293638686,0.12
16,octanol_hl_gap_eV,169,0.32039520144462585,0.0012621356872841716,0.6471192473550451,0.8773212527490437,0.2880432903766632,0.05106841400265694,0.17729423218251925,0.2
16,octanol_hl_gap_eV,170,0.036657314747571945,0.0008472626795992255,0.6672499691949991,0.9725996835925101,0.23023299872875214,0.0006320645334199071,0.0027453255480747603,0.1
16,octanol_hl_gap_eV,171,0.13033261895179749,0.001618513255380094,0.6186207374592896,0.9515663054542436,0.3216418921947479,0.0011411500163376331,0.0035478898863295113,0.08
16,octanol_hl_gap_eV,172,0.1151224672794342,0.0015781568363308907,0.6626255978077589,0.9730574286963756,0.33293163776397705,0.0013088679406791925,0.003931341429338955,0.02
16,octanol_hl_gap_eV,173,0.09769287705421448,0.001110039302147925,0.6819459138784141,0.9821322875512242,0.2794804275035858,0.0025375105906277895,0.009079385677536337,0.1
16,octanol_hl_gap_eV,174,0.04091354086995125,0.0008492298074997962,0.6648987488951232,0.9655929689807257,0.2538132965564728,0.0003674676117952913,0.0014477870812159392,0.02
16,octanol_hl_gap_eV,175,0.09789001941680908,0.0012830536579713225,0.6570954335686454,0.9769585514018237,0.32299962639808655,0.0010070696007460356,0.003117866147327536,0.1
16,octanol_hl_gap_eV,176,0.13416513800621033,0.000872457108926028,0.6407441903715785,0.9591256833227846,0.30414828658103943,0.0020008047576993704,0.006578385761072706,0.14
16,octanol_hl_gap_eV,177,0.0664801076054573,0.001651229104027152,0.6224116537813285,0.9700853145634836,0.42348891496658325,0.0009769806638360023,0.002306980488292342,0.02
16,octanol_hl_gap_eV,178,0.08980783075094223,0.001210730173625052,0.6346798981792952,0.9753104380652424,0.23581045866012573,0.0012076118728145957,0.005121112437829274,0.08
16,octanol_hl_gap_eV,179,0.10020964592695236,0.001047151512466371,0.6788392397597687,0.9723518863795266,0.28131920099258423,0.0007307204068638384,0.0025974778980091756,0.08
16,octanol_hl_gap_eV,180,0.05891662836074829,0.0007501020445488393,0.6718568776577349,0.9699580211222452,0.2732286751270294,0.0009215414174832404,0.0033727844160383147,0.06
16,octanol_hl_gap_eV,181,0.20232945680618286,0.0011313266586512327,0.6429582725438325,0.9330800945310505,0.2685580551624298,0.020097656175494194,0.07483542492642305,0.1
16,octanol_hl_gap_eV,182,0.08857938647270203,0.000883784145116806,0.6623465843559337,0.9702113171057016,0.2723979949951172,0.0012980567989870906,0.004765294983211454,0.02
16,octanol_hl_gap_eV,183,0.06198924034833908,0.0007633338682353497,0.6705774269312714,0.9551160855447156,0.287185400724411,0.003461509710177779,0.012053223114567425,0.04
16,octanol_hl_gap_eV,184,0.04531366005539894,0.0016049263067543507,0.6171538141721502,0.9630417711239216,0.2393425703048706,0.001276724855415523,0.00533429909183833,0.08
16,octanol_hl_gap_eV,185,0.17003796994686127,0.0008936443482525647,0.640615990057692,0.9397729679876767,0.23667201399803162,0.008213415741920471,0.03470378944757187,0.04
16,octanol_hl_gap_eV,186,0.05842790752649307,0.0010813691187649965,0.649939286386694,0.9816583027996664,0.3598538935184479,0.0009150264086201787,0.00254277201136708,0.02
16,octanol_hl_gap_eV,187,0.06737244874238968,0.0009971593972295523,0.6674594457185954,0.9656899251305759,0.3281106948852539,0.0015837415121495724,0.0048268512329457435,0.06
16,octanol_hl_gap_eV,188,0.12373965978622437,0.004391631111502647,0.6361390435895877,0.9301131783700869,0.8851759433746338,0.1661640852689743,0.1877187089331556,0.0
16,octanol_hl_gap_eV,189,0.061074577271938324,0.0014466019347310066,0.631560887739365,0.9738871171379648,0.21755090355873108,0.0028667699079960585,0.013177467255253811,0.12
16,octanol_hl_gap_eV,190,0.03878100961446762,0.000870734394993633,0.6383192573079246,0.9328865098925545,0.28330928087234497,0.0034707426093518734,0.012250719774039945,0.06
16,octanol_hl_gap_eV,191,0.2736690044403076,0.0031792207155376673,0.6360207941374469,0.9185415775851806,0.5039295554161072,0.15497255325317383,0.3075282082338059,0.14
16,octanol_hl_gap_eV,192,0.04428013786673546,0.0007131168968044221,0.6246528492502905,0.9483300020316039,0.275272935628891,0.004653776064515114,0.01690604292021319,0.1
16,octanol_hl_gap_eV,193,0.1343296617269516,0.0008222453179769218,0.6417828320824597,0.9791840202258479,0.24394011497497559,0.0019971805159002542,0.008187175430761494,0.1
16,octanol_hl_gap_eV,194,0.24184763431549072,0.0013874112628400326,0.6267169883656654,0.9164652830791882,0.2864361107349396,0.03717253729701042,0.12977601602546862,0.18
16,octanol_hl_gap_eV,195,0.09360019117593765,0.0021361669059842825,0.6499595951861974,0.9789829386931952,0.36217615008354187,0.00395912816748023,0.010931498848190287,0.16
16,octanol_hl_gap_eV,196,0.17036646604537964,0.001000325079075992,0.6558378539014527,0.9201696140403304,0.2592271566390991,0.0229719839990139,0.08861719696673573,0.1
16,octanol_hl_gap_eV,197,0.17443138360977173,0.0014197516720741987,0.6497428995275178,0.9392751258231997,0.2356870174407959,0.029595844447612762,0.12557265465437517,0.04
16,octanol_hl_gap_eV,198,0.07975753396749496,0.001640125410631299,0.6648525868648147,0.9780626284377647,0.29309168457984924,0.006285191513597965,0.021444455248219918,0.02
16,octanol_hl_gap_eV,199,0.09114592522382736,0.0015378064708784223,0.6561166080710146,0.9706897050350354,0.3079102337360382,0.003016449511051178,0.009796522429446387,0.06
16,octanol_hl_gap_eV,200,0.23957966268062592,0.0014971239725127816,0.6494613971375125,0.9240376133414876,0.38230934739112854,0.049252063035964966,0.12882777617670108,0.06
16,octanol_hl_gap_eV,201,0.27252405881881714,0.00099136121571064,0.679828659200707,0.9319739001887091,0.2602388858795166,0.034886762499809265,0.1340566855791139,0.18
16,octanol_hl_gap_eV,202,0.036065928637981415,0.0023836814798414707,0.6028168189053513,0.9556390201637393,0.4410357177257538,0.023735826835036278,0.05381837769836992,0.16
16,octanol_hl_gap_eV,203,0.10586642473936081,0.0010521861258894205,0.6490624670447116,0.9742132662715115,0.2767699360847473,0.0018215153831988573,0.006581333973503202,0.16
16,octanol_hl_gap_eV,204,0.4574808180332184,0.0010495168389752507,0.6518930565846677,0.9075355478953904,0.2703501284122467,0.07287651300430298,0.26956344882210054,0.34
16,octanol_hl_gap_eV,205,0.05339113250374794,0.0008381772204302251,0.6748570461296926,0.9608621395755002,0.3026646077632904,0.001283947960473597,0.004242147669534437,0.02
16,octanol_hl_gap_eV,206,0.144693523645401,0.0011579269776120782,0.6533842986586951,0.9483411565596214,0.2830551862716675,0.00862742867320776,0.030479670013632693,0.08
16,octanol_hl_gap_eV,207,0.31420618295669556,0.0011878497898578644,0.6562114176214164,0.9149997218923818,0.31946033239364624,0.048033248633146286,0.15035747403517577,0.12
16,octanol_hl_gap_eV,208,0.0392698273062706,0.0013189323944970965,0.6317006572441126,0.9614643329289259,0.2398570328950882,0.0007560628582723439,0.0031521396272880626,0.02
16,octanol_hl_gap_eV,209,0.07861252874135971,0.000897649850230664,0.6480750091378542,0.964545657595556,0.29308751225471497,0.0010754077229648829,0.0036692376099268027,0.12
16,octanol_hl_gap_eV,210,0.07177046686410904,0.0010464278748258948,0.6551276301867079,0.9679522359488733,0.3444423973560333,0.0009665901307016611,0.002806246089683739,0.08
16,octanol_hl_gap_eV,211,0.0903606191277504,0.0007314593531191349,0.6663708087408864,0.9705951232994157,0.3061343729496002,0.0002993640082422644,0.000977884336730621,0.06
16,octanol_hl_gap_eV,212,0.4249548017978668,0.0012750135501846671,0.649168941296433,0.9253306283467062,0.2352115511894226,0.08984176814556122,0.3819615477694336,0.3
16,octanol_hl_gap_eV,213,0.04991896077990532,0.0014187616761773825,0.6404420315099291,0.9705712573742782,0.38159048557281494,0.0022936153691262007,0.006010672319785955,0.02
16,octanol_hl_gap_eV,214,0.17808866500854492,0.0008578479755669832,0.6686292878309121,0.9476294937692809,0.2639387845993042,0.0024254547897726297,0.00918945956902396,0.16
16,octanol_hl_gap_eV,215,0.004110082518309355,0.0008552867220714688,0.6862882414115834,0.966131379347891,0.282370388507843,0.0008845333941280842,0.0031325288703334263,0.02
16,octanol_hl_gap_eV,216,0.11336967349052429,0.00103434466291219,0.6430850917669675,0.9653246366361963,0.36103489995002747,0.0006775202928110957,0.0018766060923885045,0.16
16,octanol_hl_gap_eV,217,0.08636100590229034,0.0013950365828350186,0.6301317548104131,0.9666105193493009,0.18299798667430878,0.006047924514859915,0.03304913144002905,0.0
16,octanol_hl_gap_eV,218,0.32082870602607727,0.0007799598388373852,0.6859523561832161,0.9281287087051302,0.28154829144477844,0.04308204725384712,0.15301832247949207,0.12
16,octanol_hl_gap_eV,219,0.14990702271461487,0.001196514698676765,0.6625110165342598,0.9761211823950784,0.3023993670940399,0.0009543224587105215,0.0031558348414590003,0.14
16,octanol_hl_gap_eV,220,0.16088557243347168,0.0012488922802731395,0.6579702616062573,0.9668873109533405,0.37335318326950073,0.0113853570073843,0.030494870587900975,0.16
16,octanol_hl_gap_eV,221,0.03756783530116081,0.0011364758247509599,0.6527552645300747,0.9744449848968313,0.33179914951324463,0.0019394918344914913,0.005845379161871756,0.0
16,octanol_hl_gap_eV,222,0.08416683226823807,0.0014337085885927081,0.6554115737951931,0.9790200940219684,0.15766334533691406,0.022668015211820602,0.1437747953614764,0.12
16,octanol_hl_gap_eV,223,0.10051851719617844,0.0011517119128257036,0.6581135415961925,0.9690657574672146,0.2768498361110687,0.0008781845099292696,0.003172060790301327,0.06
16,octanol_hl_gap_eV,224,0.21152062714099884,0.001687584794126451,0.6434330035276814,0.9509622456149054,0.3235713839530945,0.037000976502895355,0.11435181953005796,0.14
16,octanol_hl_gap_eV,225,0.11154584586620331,0.0008678841404616833,0.6424195764342202,0.9475979037557929,0.2869359850883484,0.008103106170892715,0.028240118326036193,0.02
16,octanol_hl_gap_eV,226,0.10104633867740631,0.0014084692811593413,0.6506767178529242,0.9679548045797368,0.3324064612388611,0.002206803299486637,0.0066388700486205935,0.0
16,octanol_hl_gap_eV,227,0.08693382889032364,0.0016083928057923913,0.6219848501959775,0.9769547252549806,0.29101094603538513,0.001356040476821363,0.004659757632128644,0.12
16,octanol_hl_gap_eV,228,0.023166730999946594,0.0012389717157930136,0.6631908602274195,0.9709597267462464,0.25484973192214966,0.0008788728155195713,0.003448592270004998,0.0
16,octanol_hl_gap_eV,229,0.052307385951280594,0.0006521774921566248,0.6634488010002357,0.9755135920037599,0.2913939654827118,0.0006090432871133089,0.0020901026076651646,0.08
16,octanol_hl_gap_eV,230,0.046771809458732605,0.000748031830880791,0.64342498721219,0.9279303188649846,0.2611197829246521,0.011191277764737606,0.04285878932415828,0.06
16,octanol_hl_gap_eV,231,0.07414807379245758,0.0011422417592257261,0.6639755580481492,0.9625743794865875,0.37193337082862854,0.00072533666389063,0.0019501790395270422,0.16
16,octanol_hl_gap_eV,232,0.10268086194992065,0.0011389335850253701,0.6529181831563744,0.9636537916294068,0.24273478984832764,0.000912709510885179,0.003760110000941702,0.04
16,octanol_hl_gap_eV,233,0.09068933874368668,0.0009966511279344559,0.6808742577918567,0.9636161567106418,0.30805113911628723,0.0005608406499959528,0.001820608914496626,0.08
16,octanol_hl_gap_eV,234,0.07767952978610992,0.0011753876460716128,0.6549378282484799,0.9662163357103859,0.30669844150543213,0.0007065522368066013,0.002303735986849112,0.12
16,octanol_hl_gap_eV,235,0.14911790192127228,0.000610878283623606,0.6795798270868201,0.942461154053351,0.26172980666160583,0.005140791181474924,0.019641596221104177,0.08
16,octanol_hl_gap_eV,236,0.028166774660348892,0.0007384399068541825,0.6794860501697311,0.9648537515828997,0.30153340101242065,0.0006579457549378276,0.0021819995818994718,0.02
16,octanol_hl_gap_eV,237,0.11169523000717163,0.0008442448452115059,0.6685360590482607,0.9814204326849694,0.2543450593948364,0.0004276735708117485,0.0016814699362720585,0.04
16,octanol_hl_gap_eV,238,0.036102645099163055,0.0011972347274422646,0.6377926888447429,0.9432013982193732,0.2729521095752716,0.0010009669931605458,0.00366718907107223,0.06
16,octanol_hl_gap_eV,239,0.04456544667482376,0.0006251496379263699,0.6553303605156935,0.9665823478753064,0.2807518243789673,0.0005307564861141145,0.0018904827681464444,0.02
16,octanol_hl_gap_eV,240,0.12361433357000351,0.0014891240280121565,0.644439328266057,0.9561516075501961,0.35320863127708435,0.005433866288512945,0.015384296439376074,0.16
16,octanol_hl_gap_eV,241,0.041395094245672226,0.0015000697458162904,0.6132722818522098,0.9656072973180652,0.2607302665710449,0.0009403481381013989,0.003606593704935935,0.08
16,octanol_hl_gap_eV,242,0.10860472172498703,0.0010297466069459915,0.6640868715161998,0.9649127402369921,0.292741596698761,0.0007276927353814244,0.0024857852235131445,0.08
16,octanol_hl_gap_eV,243,0.4297080636024475,0.0009371082996949553,0.654255127051431,0.8990632992626411,0.2693336308002472,0.06493664532899857,0.24110113963881175,0.18
16,octanol_hl_gap_eV,244,0.03388386592268944,0.0005363642703741789,0.6814940112859653,0.9702505365227809,0.27742496132850647,0.0005338230403140187,0.0019242069558474382,0.06
16,octanol_hl_gap_eV,245,0.14697735011577606,0.0011116003151983023,0.6610565221818727,0.9578982606177668,0.3409581780433655,0.004875742830336094,0.014300119910061117,0.14
16,octanol_hl_gap_eV,246,0.15910741686820984,0.000834148027934134,0.6714242450408183,0.9670381212121804,0.28980574011802673,0.005338015500456095,0.018419288376697183,0.22
16,octanol_hl_gap_eV,247,0.13768629729747772,0.0016115118050947785,0.622158563624142,0.9755867176528128,0.3428383469581604,0.0010362383909523487,0.003022527672725041,0.22
16,octanol_hl_gap_eV,248,0.03803874924778938,0.0008654374396428466,0.646405044583358,0.9558009916647261,0.27660614252090454,0.0007312932284548879,0.002643806900996858,0.02
16,octanol_hl_gap_eV,249,0.15475870668888092,0.0015023768646642566,0.6575038143140275,0.9735786464235603,0.24469290673732758,0.0013241312699392438,0.005411400304139872,0.18
16,octanol_dipole,0,0.19090017676353455,0.015634983777999878,0.6106834801315786,0.9498592304718263,2.886164903640747,0.07903237640857697,0.02738318115811114,0.12
16,octanol_dipole,1,0.3090820014476776,0.006453975569456816,0.6241392722891066,0.9561629196398733,1.0727691650390625,0.22567890584468842,0.2103704256231776,0.24
16,octanol_dipole,2,0.19521154463291168,0.01167399063706398,0.6030915075079262,0.9140467587414693,2.0504086017608643,0.1828579157590866,0.08918120788317539,0.12
16,octanol_dipole,3,0.14119991660118103,0.014492549002170563,0.606776522065505,0.9725194767089991,2.603243589401245,0.008169987238943577,0.003138387537841859,0.14
16,octanol_dipole,4,0.44457170367240906,0.014695746824145317,0.6107437985492639,0.8951428393249412,2.756389856338501,0.5002975463867188,0.1815046392063341,0.3
16,octanol_dipole,5,0.12010803818702698,0.0114059429615736,0.6264245274792626,0.9453078514442483,2.2155661582946777,0.015144211240112782,0.006835368550569164,0.1
16,octanol_dipole,6,0.09397630393505096,0.01122437696903944,0.6083920011268524,0.966564980351617,1.967054843902588,0.008620298467576504,0.004382337632474978,0.08
16,octanol_dipole,7,0.5868280529975891,0.005497885402292013,0.6258106055511496,0.9020474305473893,0.9283537268638611,0.5197629928588867,0.5598760233502112,0.26
16,octanol_dipole,8,0.1438310444355011,0.009946834295988083,0.60947426149492,0.9561576198565622,1.7392816543579102,0.020587757229804993,0.011836931171107744,0.12
16,octanol_dipole,9,0.2885667681694031,0.012432190589606762,0.6134426965576378,0.9317116855776797,2.191563844680786,0.3087632358074188,0.14088717358466551,0.14
16,octanol_dipole,10,0.135171040892601,0.014263525605201721,0.6074693899014492,0.9643632883606508,2.5415265560150146,0.026764962822198868,0.010531057705792764,0.1
16,octanol_dipole,11,0.16388794779777527,0.015982799232006073,0.6097723177845413,0.9648743643504099,2.7823123931884766,0.021244004368782043,0.007635377113220857,0.04
16,octanol_dipole,12,0.3220299184322357,0.013381479308009148,0.60556997647838,0.8932405557479792,2.4161601066589355,0.45306074619293213,0.18751271695294408,0.08
16,octanol_dipole,13,0.17704914510250092,0.010812405496835709,0.6112273335320961,0.9654805942630607,1.865601897239685,0.025394538417458534,0.013611981449542848,0.12
16,octanol_dipole,14,0.11738689988851547,0.012073165737092495,0.6072930163230121,0.9645569506133793,2.1390326023101807,0.009459775872528553,0.004422455208168348,0.16
16,octanol_dipole,15,0.7504839301109314,0.0020125312730669975,0.6576431079684164,0.9106939718745508,0.2156275510787964,0.3722209930419922,1.72622186348521,0.68
16,octanol_dipole,16,0.13285160064697266,0.009896092116832733,0.6060682762475313,0.9736983529744792,1.741723656654358,0.013311571441590786,0.0076427574436008505,0.1
16,octanol_dipole,17,0.1557054966688156,0.016566775739192963,0.6076083899549496,0.9545293288523844,2.973879814147949,0.019793817773461342,0.006655890288267247,0.14
16,octanol_dipole,18,0.11668866127729416,0.004172591492533684,0.6112952822898148,0.9655221231485172,0.6436894536018372,0.015788771212100983,0.024528553518708637,0.06
16,octanol_dipole,19,0.3222179412841797,0.002099387114867568,0.647004072174385,0.955238497189129,0.23604990541934967,0.09760390967130661,0.4134884506643219,0.16
16,octanol_dipole,20,0.08028285205364227,0.010690419003367424,0.6090061488480574,0.9538530467330555,1.8613412380218506,0.007227932568639517,0.0038831851038346075,0.1
16,octanol_dipole,21,0.25396519899368286,0.0062280939891934395,0.6516555423582153,0.9702933648751901,1.1655625104904175,0.11559752374887466,0.09917745527027659,0.18
16,octanol_dipole,22,0.10419050604104996,0.006546025164425373,0.6092716696319478,0.961459860785733,1.1118172407150269,0.0155153414234519,0.013954938685312834,0.2
16,octanol_dipole,23,0.43126600980758667,0.0149714145809412,0.6134825250973333,0.9216663248642698,2.721855878829956,0.5714532732963562,0.20994986462766235,0.2
16,octanol_dipole,24,0.4307340383529663,0.014979833737015724,0.6155451767457278,0.9270500196801981,2.704577922821045,0.6315491199493408,0.23351115699805586,0.14
16,octanol_dipole,25,0.0911749079823494,0.013227317482233047,0.6093737072976881,0.9540284066417752,2.34548020362854,0.0062861996702849865,0.0026801333307183814,0.1
16,octanol_dipole,26,0.07867622375488281,0.01656316965818405,0.6087180751632897,0.9720359101139269,3.039172887802124,0.012881608679890633,0.004238524478680245,0.08
16,octanol_dipole,27,0.2532847225666046,0.020755110308527946,0.6243448604861273,0.8924564603204774,3.9886810779571533,0.5025575160980225,0.1259959135051762,0.14
16,octanol_dipole,28,0.3791612684726715,0.015684636309742928,0.6125412096202765,0.910639461434777,2.9282150268554688,0.5604809522628784,0.19140703367838524,0.2
16,octanol_dipole,29,0.29862603545188904,0.011108922772109509,0.6152518622071956,0.9412926078104127,1.9705307483673096,0.1147305816411972,0.058223187705270595,0.16
16,octanol_dipole,30,0.1697525829076767,0.005678924731910229,0.6199596773063754,0.9559482931036685,0.9212343096733093,0.05273420363664627,0.05724298702612045,0.12
16,octanol_dipole,31,0.26405981183052063,0.012052888981997967,0.6130288973039644,0.9570592005793206,2.151301145553589,0.2313443273305893,0.1075369330829125,0.2
16,octanol_dipole,32,0.1702103316783905,0.016016993671655655,0.5991537976534458,0.9479960326945354,2.8626339435577393,0.038592878729104996,0.0134815975392023,0.12
16,octanol_dipole,33,0.11074592173099518,0.013977637514472008,0.6097084870878677,0.9541709222512285,2.5020549297332764,0.013326478190720081,0.005326213278675184,0.1
16,octanol_dipole,34,0.10548925399780273,0.013292524963617325,0.6070096188049638,0.9615272711684046,2.3820090293884277,0.012674597091972828,0.005320969373162698,0.08
16,octanol_dipole,35,0.06619741022586823,0.009291148744523525,0.6036585659152967,0.9601199368564763,1.615001916885376,0.010488822124898434,0.0064946189940918025,0.1
16,octanol_dipole,36,0.15709760785102844,0.009654061868786812,0.6269275649767632,0.9732900197224728,1.7072993516921997,0.07589441537857056,0.044452904702006336,0.04
16,octanol_dipole,37,0.2947175204753876,0.012591632083058357,0.607310494704804,0.9021288598399757,2.2545275688171387,0.4573441743850708,0.20285588019002188,0.16
16,octanol_dipole,38,0.0670010969042778,0.013266067020595074,0.6089308494313048,0.9624445641428825,2.3205533027648926,0.011768628843128681,0.005071475336983898,0.06
16,octanol_dipole,39,0.23505684733390808,0.013575646094977856,0.6084142479130421,0.9305118075989252,2.4604876041412354,0.10304311662912369,0.04187914479052538,0.18
16,octanol_dipole,40,0.39180371165275574,0.01669999770820141,0.6092532280462073,0.8812757263650262,3.1305792331695557,0.6638956665992737,0.21206799673525986,0.22
16,octanol_dipole,41,0.12023379653692245,0.00937067810446024,0.6110220934288388,0.9424416617554194,1.7076246738433838,0.07425684481859207,0.04348546021618484,0.12
16,octanol_dipole,42,0.15730302035808563,0.013943514786660671,0.6119805231600455,0.9572024476178878,2.4308931827545166,0.01072750799357891,0.004412990282618365,0.08
16,octanol_dipole,43,0.17967063188552856,0.004342294298112392,0.6557850280739383,0.9604030646991037,0.762599527835846,0.028838083148002625,0.037815500922012364,0.1
16,octanol_dipole,44,0.31247541308403015,0.01731504127383232,0.607380096456313,0.9056113182801029,3.2513163089752197,0.5163548588752747,0.1588140955249058,0.14
16,octanol_dipole,45,0.1150628998875618,0.015113631263375282,0.608709307825779,0.9584292757537485,2.6656317710876465,0.005803640000522137,0.0021772099445506315,0.08
16,octanol_dipole,46,0.26201045513153076,0.010152176022529602,0.6082383805581528,0.9389385058387927,1.8137052059173584,0.22528502345085144,0.12421259128321462,0.18
16,octanol_dipole,47,0.3119078278541565,0.0133003368973732,0.6083099687525608,0.9144166374906366,2.4199934005737305,0.27747049927711487,0.11465754378145508,0.18
16,octanol_dipole,48,0.0999663695693016,0.014307294972240925,0.6076558717765013,0.9667946214755043,2.5846662521362305,0.010028492659330368,0.003879995202878439,0.1
16,octanol_dipole,49,0.08888880908489227,0.017981411889195442,0.6051503157415743,0.9528315131218816,3.078989028930664,0.025775371119379997,0.008371374784772068,0.08
16,octanol_dipole,50,0.07881873846054077,0.013317123055458069,0.6224293005896835,0.9704324457463847,2.5477190017700195,0.013337104581296444,0.005234919774131501,0.0
16,octanol_dipole,51,0.1677207201719284,0.015369930304586887,0.6167148976211105,0.9473330713916619,2.934627056121826,0.10686470568180084,0.03641508908563833,0.08
16,octanol_dipole,52,0.3572837710380554,0.015591509640216827,0.6104552901857496,0.9275931162388464,2.8598434925079346,0.42888113856315613,0.14996664666675505,0.26
16,octanol_dipole,53,0.09579172730445862,0.011402535252273083,0.6078809434583867,0.9468492716024988,2.0529444217681885,0.019096767529845238,0.009302135667850818,0.1
16,octanol_dipole,54,0.10863661020994186,0.013065312057733536,0.6084923941348119,0.9514501707226635,2.3197238445281982,0.004175324458628893,0.0017999230677727934,0.14
16,octanol_dipole,55,0.09589260816574097,0.010358906351029873,0.6092589715044872,0.9521602716615118,1.7913814783096313,0.010140870697796345,0.005660921931249055,0.16
16,octanol_dipole,56,0.26433801651000977,0.01199165266007185,0.6080393083155777,0.9281398462706509,2.177229166030884,0.17084254324436188,0.07846787371299549,0.14
16,octanol_dipole,57,0.0853244811296463,0.019208163022994995,0.6145629619957347,0.9502501103894274,3.5750322341918945,0.008460109122097492,0.0023664427529308213,0.1
16,octanol_dipole,58,0.3241382837295532,0.017245791852474213,0.6148421815309681,0.9199305392557411,3.0859503746032715,0.3737389147281647,0.12110982658825561,0.12
16,octanol_dipole,59,0.15906059741973877,0.012048560194671154,0.6089135550848355,0.9456644689977276,2.1390366554260254,0.02450433187186718,0.011455779315285613,0.14
16,octanol_dipole,60,0.09547251462936401,0.01336723193526268,0.6073435709292618,0.9655876732495237,2.3923211097717285,0.029726160690188408,0.012425656643152237,0.06
16,octanol_dipole,61,0.30027303099632263,0.011504488997161388,0.6123010643359299,0.9452941487419988,2.0310850143432617,0.26893940567970276,0.132411693149468,0.18
16,octanol_dipole,62,0.045141659677028656,0.013474168255925179,0.6059757725514152,0.9574891285858507,2.36283540725708,0.004039134830236435,0.001709444008596986,0.02
16,octanol_dipole,63,0.1924515664577484,0.011870600283145905,0.6070937754969432,0.9631304906735856,2.1171817779541016,0.021074486896395683,0.009954028093308366,0.14
16,octanol_dipole,64,0.26657983660697937,0.01831981912255287,0.628173238801476,0.9228602264217518,3.4213085174560547,0.4419081509113312,0.12916349071024907,0.04
16,octanol_dipole,65,0.21038314700126648,0.008896472863852978,0.6129867174018631,0.9695627052756397,1.569170594215393,0.0395868644118309,0.025227890809172905,0.16
16,octanol_dipole,66,0.1552576720714569,0.01598285138607025,0.6109805779421515,0.9714466710163272,2.9510457515716553,0.01724557764828205,0.005843886913341643,0.14
16,octanol_dipole,67,0.09209425002336502,0.01358172856271267,0.6078145404911135,0.9650825610913907,2.447028875350952,0.011946131475269794,0.00488189232076654,0.12
16,octanol_dipole,68,0.10559558868408203,0.014643320813775063,0.6070219464378117,0.9504844358783171,2.621276617050171,0.014844981022179127,0.005663263817950197,0.08
16,octanol_dipole,69,0.3384627401828766,0.016412563621997833,0.6126749063697485,0.9016486939472828,3.0710179805755615,0.48733943700790405,0.15868986768894405,0.22
16,octanol_dipole,70,0.30637210607528687,0.012999480590224266,0.6084471756153218,0.9231549126314866,2.3818929195404053,0.2456405758857727,0.10312830348946582,0.18
16,octanol_dipole,71,0.21748994290828705,0.02079315111041069,0.6031097428625569,0.9103428712850179,3.7516839504241943,0.1612756848335266,0.04298754558344168,0.18
16,octanol_dipole,72,0.27112993597984314,0.01965937949717045,0.6010819492108133,0.8935578638504049,3.551725387573242,0.46108487248420715,0.12981996696519627,0.16
16,octanol_dipole,73,0.27688682079315186,0.01033544261008501,0.6105564801407997,0.9469622909233693,1.8400996923446655,0.09368747472763062,0.05091434725922567,0.2
16,octanol_dipole,74,0.05533187836408615,0.00846081878989935,0.6123383854280888,0.9596677493650514,1.4713741540908813,0.006003430113196373,0.0040801519426618684,0.04
16,octanol_dipole,75,0.09330540150403976,0.005093253683298826,0.6129467741645147,0.968117423699919,0.9149807095527649,0.012907187454402447,0.01410651319710486,0.06
16,octanol_dipole,76,0.10463811457157135,0.017392028123140335,0.610251005235827,0.953493892902878,3.1048107147216797,0.01955588348209858,0.006298575107774839,0.14
16,octanol_dipole,77,0.13705506920814514,0.011284633539617062,0.6078262435083572,0.9715666932064231,1.9959665536880493,0.010058830492198467,0.005039578681121812,0.16
16,octanol_dipole,78,0.12353620678186417,0.01361183449625969,0.6060494999568125,0.9549954011751305,2.41251540184021,0.009065446443855762,0.003757674018139264,0.1
16,octanol_dipole,79,0.40659549832344055,0.014421876519918442,0.6078187323745861,0.8832408430548382,2.692387342453003,0.4216916859149933,0.15662370687376465,0.22
16,octanol_dipole,80,0.16208741068840027,0.010772140696644783,0.6084209925056603,0.9652841529874723,1.903444528579712,0.04029439017176628,0.021169195932298924,0.12
16,octanol_dipole,81,0.37677228450775146,0.009933153167366982,0.6078740226862183,0.8921443188857769,1.7699229717254639,0.5022066235542297,0.28374490391784574,0.14
16,octanol_dipole,82,0.21912068128585815,0.01386901456862688,0.6111334911754525,0.9482955540877589,2.4375648498535156,0.14460967481136322,0.059325467718347465,0.18
16,octanol_dipole,83,0.127717986702919,0.013628961518406868,0.6076605799902439,0.9593439284526033,2.4566943645477295,0.014602555893361568,0.0059439855865220164,0.12
16,octanol_dipole,84,0.16692912578582764,0.014565984718501568,0.6060643885317842,0.9788715557420788,2.587423801422119,0.008694952353835106,0.0033604670209248758,0.16
16,octanol_dipole,85,0.06838859617710114,0.014902754686772823,0.6065804899390834,0.9648123076734401,2.6642277240753174,0.008509431965649128,0.003193958192369808,0.06
16,octanol_dipole,86,0.12278740853071213,0.012647398747503757,0.6109134829723597,0.9603040656456179,2.2447774410247803,0.013839502818882465,0.006165200418516541,0.1
16,octanol_dipole,87,0.11811394989490509,0.010563364252448082,0.6108611401393622,0.9579138111863099,1.8113502264022827,0.012805890291929245,0.0070698035671237355,0.14
16,octanol_dipole,88,0.24083808064460754,0.009814451448619366,0.6083100601527518,0.9259242134309345,1.731948971748352,0.14760881662368774,0.08522700092871728,0.16
16,octanol_dipole,89,0.11189330369234085,0.013111356645822525,0.6088958998025238,0.9494654126068804,2.3141140937805176,0.012322231195867062,0.005324815759510155,0.1
16,octanol_dipole,90,0.16377177834510803,0.01357295736670494,0.6070442617136436,0.9571101554137149,2.4406065940856934,0.0071379258297383785,0.0029246523577522365,0.12
16,octanol_dipole,91,0.3519907295703888,0.009212907403707504,0.6129723102648044,0.9122354019317667,1.610083818435669,0.4626118838787079,0.28732161554680674,0.1
16,octanol_dipole,92,0.07482597976922989,0.017125343903899193,0.6105365540609198,0.9712194964592591,3.036733865737915,0.005749431438744068,0.001893294471277936,0.04
16,octanol_dipole,93,0.7227134704589844,0.00426827697083354,0.6530132152590029,0.9091907760965463,0.6897609233856201,0.6817552447319031,0.9883935456731558,0.48
16,octanol_dipole,94,0.09664424508810043,0.012641966342926025,0.6108273180256394,0.9697504150933287,2.2017457485198975,0.00948550645262003,0.004308175210056189,0.06
16,octanol_dipole,95,0.08431980758905411,0.015623174607753754,0.6091513123620342,0.9702567887730955,2.7569351196289062,0.002699411241337657,0.00097913484511054,0.12
16,octanol_dipole,96,0.11982415616512299,0.012814595364034176,0.6063034609998461,0.950010483575578,2.2819738388061523,0.02923448197543621,0.012811050450398964,0.08
16,octanol_dipole,97,0.09034150838851929,0.006295255851000547,0.6080233970866129,0.9609751378376792,1.0816521644592285,0.008588379248976707,0.00794005645361091,0.14
16,octanol_dipole,98,0.14540289342403412,0.012617917731404305,0.6106622383728249,0.9586898156214698,2.2986650466918945,0.0305267833173275,0.013280222519266074,0.1
16,octanol_dipole,99,0.24752283096313477,0.013284935615956783,0.6073947936715307,0.9308028604557628,2.393496036529541,0.32239827513694763,0.13469764320329114,0.14
16,octanol_dipole,100,0.23189355432987213,0.012228424660861492,0.608473828501608,0.9569795776218102,2.1742987632751465,0.0808144211769104,0.03716803897509449,0.18
16,octanol_dipole,101,0.1447812169790268,0.01934010535478592,0.6099453583517733,0.9705590061256426,3.466583013534546,0.014397887513041496,0.0041533370055838745,0.1
16,octanol_dipole,102,0.1599770188331604,0.016620304435491562,0.6084969028152685,0.9651072856278304,2.9828968048095703,0.004546973388642073,0.001524348204507314,0.12
16,octanol_dipole,103,0.05613965913653374,0.012532983906567097,0.6083927345457394,0.9691368816513277,2.2417962551116943,0.008455412462353706,0.0037717131711117197,0.04
16,octanol_dipole,104,0.21419654786586761,0.010985080152750015,0.6079435250961096,0.9323585308021005,1.9506882429122925,0.12453165650367737,0.06383985598731914,0.1
16,octanol_dipole,105,0.22637055814266205,0.009615138173103333,0.6098842707698224,0.9448575361298233,1.7194552421569824,0.1906876266002655,0.1109000234057015,0.1
16,octanol_dipole,106,0.332071989774704,0.014149736613035202,0.607919881405923,0.8982362710666347,2.6354923248291016,0.33034926652908325,0.12534632084367947,0.2
16,octanol_dipole,107,0.12576954066753387,0.023243118077516556,0.6055214110547342,0.9737604293106397,4.055663585662842,0.0065651144832372665,0.0016187522324202562,0.14
16,octanol_dipole,108,0.21308864653110504,0.01659671775996685,0.6102314879505295,0.9107922089013718,3.0802557468414307,0.31452828645706177,0.1021110947620459,0.04
16,octanol_dipole,109,0.1471579223871231,0.01383946742862463,0.6071175912984867,0.9634075422794763,2.4736475944519043,0.01953396201133728,0.0078968249378568,0.12
16,octanol_dipole,110,0.13148042559623718,0.010193554684519768,0.6124639137859527,0.9685577751811976,2.0311977863311768,0.017061542719602585,0.008399744640535358,0.16
16,octanol_dipole,111,0.40341994166374207,0.012647032737731934,0.614650499386048,0.9082492330087009,2.2623353004455566,0.7243503332138062,0.32017815090059754,0.14
16,octanol_dipole,112,0.4466657340526581,0.009161530993878841,0.6150428685905285,0.9014479140055183,1.6358011960983276,0.430021733045578,0.2628814149734425,0.16
16,octanol_dipole,113,0.3171175718307495,0.013067197985947132,0.6073805986615826,0.9180796354919811,2.3965721130371094,0.20144687592983246,0.08405625469560539,0.24
16,octanol_dipole,114,0.14051778614521027,0.014842533506453037,0.6068333077372701,0.9625843938925858,2.665832757949829,0.015887176617980003,0.00595955487852813,0.08
16,octanol_dipole,115,0.39925166964530945,0.014886001124978065,0.6104208608619646,0.899901442209921,2.7947115898132324,0.5855280160903931,0.20951285929634095,0.14
16,octanol_dipole,116,0.3981510102748871,0.01252033468335867,0.6128606447172891,0.9095337582710237,2.2698357105255127,0.4466037154197693,0.19675596491358907,0.18
16,octanol_dipole,117,0.14250130951404572,0.012398924678564072,0.6089122316158317,0.9662930177465929,2.177199602127075,0.012956193648278713,0.005950852478395092,0.1
16,octanol_dipole,118,0.05894613265991211,0.019603366032242775,0.6115827077354552,0.9785461595186811,3.4896554946899414,0.018906768411397934,0.005417946969311885,0.1
16,octanol_dipole,119,0.1945040374994278,0.01306209061294794,0.6079929820261745,0.9565202464230116,2.338578939437866,0.043866049498319626,0.018757566297447237,0.12
16,octanol_dipole,120,0.15891920030117035,0.0157481636852026,0.6085158630931593,0.940542694155847,2.856818675994873,0.0386275090277195,0.0135211623167745,0.1
16,octanol_dipole,121,0.2933860421180725,0.017903340980410576,0.608996586852703,0.8941405907056432,3.4221279621124268,0.40406662225723267,0.11807466778881306,0.1
16,octanol_dipole,122,0.2039371132850647,0.015013406984508038,0.6070104740946924,0.9459576743356994,2.6832218170166016,0.028637591749429703,0.010672837991929803,0.1
16,octanol_dipole,123,0.2622578740119934,0.015410074032843113,0.6073869357541708,0.9315861084133699,2.786367893218994,0.19300013780593872,0.06926584902002024,0.18
16,octanol_dipole,124,0.165488600730896,0.015371148474514484,0.610273537503742,0.9539543594606057,2.691610336303711,0.014319672249257565,0.005320113411706629,0.08
16,octanol_dipole,125,0.14898130297660828,0.013331606984138489,0.6083553209836341,0.9777807343782137,2.363900661468506,0.0023751140106469393,0.0010047435788488115,0.1
16,octanol_dipole,126,0.08439543098211288,0.018524708226323128,0.6049903440407649,0.9707210779331534,3.2708911895751953,0.011764218099415302,0.0035966400034674255,0.06
16,octanol_dipole,127,0.2976701259613037,0.015765873715281487,0.6097837993058257,0.9192969006652278,2.8623170852661133,0.15054668486118317,0.05259608924396531,0.14
16,octanol_dipole,128,0.4038277268409729,0.00958563294261694,0.6108588025038657,0.9061798383049426,1.6707311868667603,0.47537145018577576,0.2845289858252262,0.16
16,octanol_dipole,129,0.07435016334056854,0.0063584051094949245,0.6242063499043513,0.9725535494164721,1.0711182355880737,0.042342107743024826,0.03953075051493062,0.02
16,octanol_dipole,130,0.1392727643251419,0.0126462047919631,0.6091089664875264,0.9679108125762492,2.283768653869629,0.00986461527645588,0.004319445956025899,0.08
16,octanol_dipole,131,0.38638836145401,0.01702246628701687,0.6129252034598298,0.9097140517286091,3.192788600921631,0.5178754329681396,0.16220160420851215,0.24
16,octanol_dipole,132,0.2311762422323227,0.014352419413626194,0.6072869151913973,0.9231491437976747,2.592651605606079,0.20039109885692596,0.077291950227181,0.12
16,octanol_dipole,133,0.13138315081596375,0.016726680099964142,0.6127853225706279,0.9681422149086638,2.995699405670166,0.005768780130892992,0.0019256872435111565,0.08
16,octanol_dipole,134,0.26265037059783936,0.013538899831473827,0.6096003812295752,0.9275832018820942,2.5073916912078857,0.13488803803920746,0.05379615738226677,0.18
16,octanol_dipole,135,0.07237068563699722,0.008315189741551876,0.608228280156718,0.9625655810642926,1.4523977041244507,0.01399142388254404,0.00963332828385218,0.1
16,octanol_dipole,136,0.25239694118499756,0.012515008449554443,0.6082434347388965,0.9297670807568672,2.254127025604248,0.2362682968378067,0.10481587512774349,0.14
16,octanol_dipole,137,0.1043909415602684,0.007297154515981674,0.6205290431756636,0.9710145052032482,1.220609426498413,0.031143706291913986,0.025514882660915183,0.08
16,octanol_dipole,138,0.3421877324581146,0.01581193134188652,0.6110167521913574,0.9100112147897832,2.9783072471618652,0.4898216724395752,0.16446311001201896,0.2
16,octanol_dipole,139,0.18269677460193634,0.002056765602901578,0.6169180266111978,0.960442555339017,0.21372798085212708,0.1023406907916069,0.4788361841232843,0.16
16,octanol_dipole,140,0.2929512858390808,0.011011394672095776,0.6615459464372779,0.9454082990801993,2.2654972076416016,0.4838399589061737,0.2135689937176548,0.16
16,octanol_dipole,141,0.34283632040023804,0.010539918206632137,0.6250786004638218,0.9134888119509312,1.9216619729995728,0.4654701054096222,0.24222267596993535,0.14
16,octanol_dipole,142,0.11742926388978958,0.01423752959817648,0.6105110220597372,0.9528532627443689,2.5285909175872803,0.028930433094501495,0.0114413260339107,0.08
16,octanol_dipole,143,0.16831471025943756,0.0103123364970088,0.6106356550345173,0.9467128905857851,1.8019540309906006,0.03650080785155296,0.020256236964872585,0.12
16,octanol_dipole,144,0.3858456313610077,0.01688036136329174,0.6096828172888011,0.9121778356888552,3.0869405269622803,0.49171996116638184,0.1592903902331612,0.26
16,octanol_dipole,145,0.45680707693099976,0.01281775627285242,0.6157336170633281,0.8742884316426525,2.3276891708374023,0.5651443600654602,0.24279202186696844,0.24
16,octanol_dipole,146,0.08010903000831604,0.009771553799510002,0.6068585892470937,0.9522594440402541,1.7040730714797974,0.0043663037940859795,0.0025622749793788664,0.06
16,octanol_dipole,147,0.07166735082864761,0.016177106648683548,0.6162961797417286,0.9540563729469413,3.0026893615722656,0.007835528813302517,0.0026095036381651162,0.04
16,octanol_dipole,148,0.07992127537727356,0.009901531040668488,0.6037534013159693,0.960341045094282,1.7340166568756104,0.022305816411972046,0.01286366905619186,0.1
16,octanol_dipole,149,0.1754811555147171,0.01667899265885353,0.6095210547258227,0.9719088219694376,2.9929163455963135,0.014199458062648773,0.004744355144954662,0.12
16,octanol_dipole,150,0.04116707667708397,0.01969210058450699,0.6001634261149167,0.9723983047901512,3.4440150260925293,0.010659179650247097,0.003094986395091506,0.14
16,octanol_dipole,151,0.4155595898628235,0.011307924054563046,0.6102545565431194,0.8972804408176096,2.0480475425720215,0.5107979774475098,0.24940728514828756,0.24
16,octanol_dipole,152,0.428894966840744,0.012674321420490742,0.6116356982084228,0.9004562445985171,2.306575298309326,0.6910373568534851,0.29959453626335186,0.26
16,octanol_dipole,153,0.18078410625457764,0.01544160209596157,0.6126155645914291,0.9548408080259045,2.847832441329956,0.022324340417981148,0.007839063876790285,0.12
16,octanol_dipole,154,0.1437414437532425,0.012646835297346115,0.6067181629843816,0.9675594605757831,2.244114398956299,0.009853805415332317,0.004390955033270658,0.12
16,octanol_dipole,155,0.10768739879131317,0.01457738783210516,0.6084183194590214,0.9473447854408314,2.63156795501709,0.009486762806773186,0.003604984924932929,0.08
16,octanol_dipole,156,0.5109521746635437,0.012775696814060211,0.6211781165605192,0.9041158578071284,2.3422634601593018,0.7632353901863098,0.3258537748500763,0.32
16,octanol_dipole,157,0.3248752951622009,0.016647113487124443,0.6119258864806694,0.9384486754025516,2.996621608734131,0.35248422622680664,0.11762720565033477,0.16
16,octanol_dipole,158,0.3106142282485962,0.0167998056858778,0.6046697220024879,0.8891420954737306,3.110635280609131,0.35730627179145813,0.11486601274627403,0.14
16,octanol_dipole,159,0.2381124198436737,0.013091051951050758,0.612168841962283,0.9256983738921045,2.3926830291748047,0.17648258805274963,0.07375928441036148,0.12
16,octanol_dipole,160,0.09279215335845947,0.015008400194346905,0.6071949831237271,0.9733675507572976,2.709380626678467,0.012285765260457993,0.004534529087380233,0.12
16,octanol_dipole,161,0.3412875533103943,0.015543276444077492,0.606272712855247,0.8875669930779553,2.8978705406188965,0.46329084038734436,0.15987285625547634,0.16
16,octanol_dipole,162,0.2469649612903595,0.01294231042265892,0.6074864170957792,0.9221644638711108,2.332540988922119,0.2078782469034195,0.08912094059255149,0.08
16,octanol_dipole,163,0.1360500454902649,0.011394882574677467,0.609512409619831,0.9673977264375051,1.9998387098312378,0.015853874385356903,0.00792757651275526,0.08
16,octanol_dipole,164,0.31495401263237,0.01412000972777605,0.6086245436756297,0.8985793055878641,2.555443525314331,0.4401185214519501,0.17222784111334,0.1
16,octanol_dipole,165,0.13860824704170227,0.01516982726752758,0.6098261606091522,0.958370839603031,2.702281951904297,0.007094153668731451,0.002625245549870251,0.12
16,octanol_dipole,166,0.12116639316082001,0.014562842436134815,0.6095064476271963,0.9536744316979802,2.5122663974761963,0.013606547378003597,0.005416044807856616,0.1
16,octanol_dipole,167,0.4511221647262573,0.010888645425438881,0.6147608719092623,0.9042570631278188,1.9069397449493408,0.719150185585022,0.37712265816984514,0.32
16,octanol_dipole,168,0.36449891328811646,0.014159494079649448,0.6134089207920264,0.9109247947250632,2.553071975708008,0.5335204005241394,0.20897193874692296,0.26
16,octanol_dipole,169,0.22620375454425812,0.015004259534180164,0.6112246771758696,0.9257370184937577,2.747542381286621,0.0894286185503006,0.03254858565945865,0.14
16,octanol_dipole,170,0.07772429287433624,0.017440002411603928,0.609853652201604,0.9665410249694901,3.0492360591888428,0.00555091118440032,0.001820426846807319,0.06
16,octanol_dipole,171,0.3843291997909546,0.013614715076982975,0.6091948422994227,0.8999266798488761,2.4908392429351807,0.4377974569797516,0.17576303176589403,0.16
16,octanol_dipole,172,0.146111860871315,0.017758889123797417,0.6165134109024546,0.9536903616073487,3.2776620388031006,0.04465195909142494,0.013623112621986627,0.08
16,octanol_dipole,173,0.10445530712604523,0.012706218287348747,0.6072915995141748,0.9449763801249675,2.2594845294952393,0.006329645402729511,0.0028013670021204045,0.1
16,octanol_dipole,174,0.1450451910495758,0.014887811616063118,0.6073729957699019,0.9665227692287977,2.6882007122039795,0.020017484202980995,0.007446424707837097,0.12
16,octanol_dipole,175,0.17004317045211792,0.014924061484634876,0.6070153542700725,0.9682069028779083,2.6605618000030518,0.012162861414253712,0.0045715387683307185,0.1
16,octanol_dipole,176,0.0891963541507721,0.012304266914725304,0.6112438778715907,0.9597287329671611,2.1301541328430176,0.012891425751149654,0.006051874628407321,0.12
16,octanol_dipole,177,0.05418629199266434,0.017105424776673317,0.6062413026920426,0.9684287488682182,2.999330997467041,0.008164716884493828,0.002722179343123182,0.04
16,octanol_dipole,178,0.2641470432281494,0.017565947026014328,0.6084408992865902,0.9067639899580326,3.331946611404419,0.30840280652046204,0.09255934817949257,0.16
16,octanol_dipole,179,0.31368938088417053,0.014591822400689125,0.6043975377458413,0.9059001373971678,2.6306874752044678,0.40698665380477905,0.1547073370139288,0.14
16,octanol_dipole,180,0.060451440513134,0.009141520597040653,0.6079693170949905,0.9605326875164188,1.6034502983093262,0.005527643021196127,0.0034473429123587176,0.04
16,octanol_dipole,181,0.06288750469684601,0.012024173513054848,0.6110947753021954,0.9620764947516407,2.19061017036438,0.011513681150972843,0.005255924265638596,0.04
16,octanol_dipole,182,0.1287187933921814,0.01681266911327839,0.6097988327296606,0.9672073486371013,2.97273588180542,0.00975909922271967,0.0032828679071188506,0.08
16,octanol_dipole,183,0.08025255799293518,0.011063083074986935,0.6066088676170742,0.9632241871372156,1.9384299516677856,0.011202770285308361,0.005779301065622581,0.08
16,octanol_dipole,184,0.45167648792266846,0.011281349696218967,0.6107460219534733,0.8859505875660652,2.0410146713256836,0.5917705297470093,0.2899393806721837,0.2
16,octanol_dipole,185,0.06532816588878632,0.012023193761706352,0.6076125482392811,0.9571405229099832,2.141237258911133,0.0031007076613605022,0.0014480915874485025,0.1
16,octanol_dipole,186,0.07712456583976746,0.01628805696964264,0.6089298343591916,0.9546201642719037,2.885958194732666,0.012207316234707832,0.004229900577557961,0.06
16,octanol_dipole,187,0.07976839691400528,0.016669923439621925,0.6051281599366021,0.9654383077279769,2.952230453491211,0.007814014330506325,0.0026468171958817536,0.1
16,octanol_dipole,188,0.41932767629623413,0.013713657855987549,0.6149597597189178,0.9271972357364926,2.4914612770080566,0.7521765232086182,0.30190175145402665,0.28
16,octanol_dipole,189,0.4772915244102478,0.013275669887661934,0.6294072363410985,0.9402138153394171,2.483682632446289,0.8540775179862976,0.3438754641308897,0.36
16,octanol_dipole,190,0.150721475481987,0.014678060077130795,0.6079334634246187,0.9646313119286325,2.6117069721221924,0.008403974585235119,0.0032178091474045836,0.14
16,octanol_dipole,191,0.285968154668808,0.007144598755985498,0.6120982063455092,0.9397196359286051,1.2870649099349976,0.1693047285079956,0.1315432712065363,0.24
16,octanol_dipole,192,0.10564258694648743,0.02154303900897503,0.6104242664140966,0.9690466158243873,3.8975653648376465,0.017459524795413017,0.004479597687552905,0.08
16,octanol_dipole,193,0.4000284671783447,0.012641480192542076,0.6120138215645952,0.919693194218417,2.2974395751953125,0.5613408088684082,0.24433321987181617,0.28
16,octanol_dipole,194,0.3008159101009369,0.011481983587145805,0.608905090087013,0.9020969652229818,2.044280767440796,0.19145797193050385,0.09365541904999046,0.22
16,octanol_dipole,195,0.19510385394096375,0.0167151540517807,0.61173933270535,0.9551870576065382,2.9975359439849854,0.008117016404867172,0.002707896270987245,0.14
16,octanol_dipole,196,0.1653740108013153,0.015248767100274563,0.6109263778773335,0.9610567418994931,2.772357940673828,0.013464807532727718,0.004856807028840967,0.12
16,octanol_dipole,197,0.3465339243412018,0.01329443883150816,0.6091872948340826,0.9104017674749822,2.450045108795166,0.48930037021636963,0.19971075979780142,0.16
16,octanol_dipole,198,0.3729245364665985,0.014917262829840183,0.6060021596545309,0.8992071942964073,2.767141580581665,0.43604323267936707,0.15757893840318388,0.16
16,octanol_dipole,199,0.10345641523599625,0.010504980571568012,0.6134317227378157,0.9544704077396686,1.795243740081787,0.006630336865782738,0.0036932794794096733,0.06
16,octanol_dipole,200,0.3805905878543854,0.014671617187559605,0.6071727794057347,0.9005220892016137,2.7342920303344727,0.4349643588066101,0.15907750671145504,0.22
16,octanol_dipole,201,0.11229904741048813,0.015210432931780815,0.6075373844664815,0.9716150903123584,2.725984573364258,0.015698915347456932,0.0057589890643006125,0.12
16,octanol_dipole,202,0.23708274960517883,0.0135438721626997,0.6015092474120194,0.9309363993361157,2.441408157348633,0.15210774540901184,0.06230328384509075,0.16
16,octanol_dipole,203,0.09554605185985565,0.011611553840339184,0.6076221691385904,0.9609372793546112,2.0774455070495605,0.014418668113648891,0.006940575848907171,0.12
16,octanol_dipole,204,0.4289456307888031,0.011834947392344475,0.6135867602920095,0.8953605573657746,2.1470999717712402,0.6556466817855835,0.30536383512906984,0.16
16,octanol_dipole,205,0.1114465743303299,0.017442328855395317,0.6076039931995214,0.9709433004368238,3.148975372314453,0.008880281820893288,0.0028200543894271245,0.06
16,octanol_dipole,206,0.08815360814332962,0.011797038838267326,0.6066802169986796,0.959038564648721,2.0978798866271973,0.028334680944681168,0.013506340913652302,0.14
16,octanol_dipole,207,0.2834169566631317,0.004901569802314043,0.6352980320490573,0.96925991679773,0.8083808422088623,0.10737217962741852,0.13282375585995967,0.1
16,octanol_dipole,208,0.35875481367111206,0.009745728224515915,0.6106835617254691,0.9274514804022134,1.7216174602508545,0.25431063771247864,0.14771611207719942,0.16
16,octanol_dipole,209,0.18318375945091248,0.007029219064861536,0.6590016350954468,0.9688029890607401,1.3939129114151,0.044085849076509476,0.031627405640251606,0.04
16,octanol_dipole,210,0.13685612380504608,0.013658967800438404,0.6154535812045743,0.9601299986172269,2.389981985092163,0.019047938287258148,0.007969908729886772,0.08
16,octanol_dipole,211,0.08180444687604904,0.018361354246735573,0.6094754139943717,0.9688744723799521,3.293963670730591,0.0031199154909700155,0.0009471614756085115,0.08
16,octanol_dipole,212,0.1619439274072647,0.011879866011440754,0.607904287417,0.9544066036271976,2.1167664527893066,0.0399588942527771,0.01887732782240688,0.08
16,octanol_dipole,213,0.33697131276130676,0.01616745814681053,0.6118843894833936,0.933191674987981,2.9229586124420166,0.546000599861145,0.18679723946039148,0.2
16,octanol_dipole,214,0.1335805356502533,0.016139401122927666,0.6080475589217391,0.9657983576741944,2.918562650680542,0.01399842370301485,0.0047963416854357194,0.12
16,octanol_dipole,215,0.24026921391487122,0.009570426307618618,0.6356627956743504,0.9721123621693599,1.7767475843429565,0.046279244124889374,0.026047168732751362,0.08
16,octanol_dipole,216,0.06459259986877441,0.017829513177275658,0.6135774677409522,0.9532576815176979,3.2278764247894287,0.033917415887117386,0.010507656249365246,0.02
16,octanol_dipole,217,0.39777329564094543,0.016741983592510223,0.6171698642740442,0.9187812432770519,3.2634620666503906,0.7622303366661072,0.23356494455854315,0.22
16,octanol_dipole,218,0.07857770472764969,0.01001604925841093,0.6101614627128951,0.9622804860264109,1.7157524824142456,0.007245468907058239,0.00422291034477368,0.14
16,octanol_dipole,219,0.09716896712779999,0.009434973821043968,0.6113897717815129,0.9681789601725241,1.6215474605560303,0.021045316010713577,0.012978538416320616,0.04
16,octanol_dipole,220,0.13551460206508636,0.014667835086584091,0.6094110978745133,0.9502440938973085,2.55962872505188,0.0578974187374115,0.022619459678175788,0.16
16,octanol_dipole,221,0.07166848331689835,0.016450848430395126,0.6007912193569362,0.9607569541187646,2.9173948764801025,0.014161049388349056,0.004854005024316302,0.1
16,octanol_dipole,222,0.07188208401203156,0.03097711317241192,0.6294316945137635,0.9650030273028845,5.746551036834717,0.013393944129347801,0.002330779635209745,0.12
16,octanol_dipole,223,0.31033045053482056,0.0161284152418375,0.6140711288237961,0.9151632937272818,3.0078279972076416,0.41706305742263794,0.13865921116826632,0.18
16,octanol_dipole,224,0.11050678789615631,0.0130325797945261,0.60783639152639,0.954815128036621,2.3071773052215576,0.013959495350718498,0.006050464920544099,0.12
16,octanol_dipole,225,0.14432892203330994,0.0017960009863600135,0.630033515930289,0.9615405093069092,0.12126502394676208,0.019860493019223213,0.16377758708019874,0.16
16,octanol_dipole,226,0.14541253447532654,0.009086362086236477,0.6073375214266719,0.9643164378327271,1.602337121963501,0.014279486611485481,0.00891166185676796,0.12
16,octanol_dipole,227,0.20889760553836823,0.014347122982144356,0.6065555562188392,0.9525823515770275,2.5663816928863525,0.040682848542928696,0.015852220523430247,0.14
16,octanol_dipole,228,0.5039961338043213,0.01349722221493721,0.6438066518812056,0.9351896193607676,2.646354913711548,0.7817606925964355,0.29541037316873187,0.42
16,octanol_dipole,229,0.11971522122621536,0.007722244132310152,0.6209174048313713,0.965212747113116,1.3219701051712036,0.0500347763299942,0.037848644333386326,0.06
16,octanol_dipole,230,0.09899810701608658,0.009205902926623821,0.6120842176771937,0.9657246228929215,1.5577232837677002,0.023529458791017532,0.01510503119277148,0.06
16,octanol_dipole,231,0.1715380847454071,0.013092483393847942,0.6071902021939486,0.9672861864105387,2.318282127380371,0.014832080341875553,0.006397875464206598,0.14
16,octanol_dipole,232,0.11043766885995865,0.015814682468771935,0.6070827366421947,0.9625613097686774,2.8410327434539795,0.004920375999063253,0.001731896969649606,0.1
16,octanol_dipole,233,0.1725802719593048,0.011240378022193909,0.6108709693753203,0.9665725709134634,2.0258307456970215,0.00811354536563158,0.004005046020189597,0.16
16,octanol_dipole,234,0.24149295687675476,0.015802323818206787,0.6219504563548583,0.935023479099232,3.1744160652160645,0.34891995787620544,0.10991626513598067,0.14
16,octanol_dipole,235,0.11744754761457443,0.019017502665519714,0.6091614191868957,0.9725127986901858,3.4175140857696533,0.002395884832367301,0.0007010607044294675,0.1
16,octanol_dipole,236,0.16890625655651093,0.01229848526418209,0.6103229826132264,0.9612530614931132,2.153468132019043,0.02105783112347126,0.00977856640196849,0.12
16,octanol_dipole,237,0.1141117513179779,0.0034161654766649008,0.6617775682825657,0.9629064352138808,0.6042143106460571,0.04647719860076904,0.07692171102513812,0.02
16,octanol_dipole,238,0.3083343803882599,0.015436900779604912,0.6075825666144108,0.9212168621705841,2.8506054878234863,0.36429402232170105,0.12779531361944066,0.16
16,octanol_dipole,239,0.11381737887859344,0.015031655319035053,0.6073483362203329,0.9650368639636009,2.696737766265869,0.007133024744689465,0.002645056866083962,0.1
16,octanol_dipole,240,0.22663317620754242,0.016397742554545403,0.6080528840171879,0.9148107350677273,3.0070998668670654,0.21728922426700592,0.07225873229590735,0.12
16,octanol_dipole,241,0.3949939012527466,0.012598171830177307,0.6108811927113926,0.891370757618464,2.3000328540802,0.5548681616783142,0.2412435808010273,0.18
16,octanol_dipole,242,0.14575885236263275,0.015140840783715248,0.6107705122978335,0.961113932611527,2.6501736640930176,0.019604725763201714,0.007397524935374806,0.08
16,octanol_dipole,243,0.1358182728290558,0.003470101160928607,0.6132872773031999,0.9595012366990454,0.5732970833778381,0.013708682730793953,0.023912005011473406,0.24
16,octanol_dipole,244,0.15466374158859253,0.014288797043263912,0.6080766845049763,0.9634802650789016,2.550645351409912,0.009481915272772312,0.0037174573358585597,0.16
16,octanol_dipole,245,0.22158262133598328,0.013755102641880512,0.608348807135396,0.9489184462308682,2.443190813064575,0.06706742197275162,0.027450750720786614,0.12
16,octanol_dipole,246,0.16387324035167694,0.014379146508872509,0.6068812903853422,0.958245108489584,2.5584921836853027,0.01639985851943493,0.006409970147265507,0.14
16,octanol_dipole,247,0.27920854091644287,0.011727282777428627,0.6095116571629862,0.9362884420513862,2.15224289894104,0.20930051803588867,0.09724762857336874,0.28
16,octanol_dipole,248,0.19917835295200348,0.013381361961364746,0.6070809182272778,0.9422648931591397,2.3338592052459717,0.05089137330651283,0.021805674134978185,0.14
16,octanol_dipole,249,0.20889310538768768,0.01728559471666813,0.6040879799178649,0.911591217376498,3.1285297870635986,0.21142227947711945,0.06757879702835047,0.14
16,hexane_gsolv_eV,0,1.0,0.0,0.6712032976526383,0.6712032976526383,,,,1.0
16,hexane_gsolv_eV,1,1.0,0.0,0.6712032976526383,0.6712032976526383,,,,1.0
16,hexane_gsolv_eV,2,1.0,0.0,0.6712032976526383,0.6712032976526383,,,,1.0
16,hexane_gsolv_eV,3,1.0,0.0,0.6712032976526383,0.6712032976526383,,,,1.0
16,hexane_gsolv_eV,4,1.0,0.0,0.6712032976526383,0.6712032976526383,,,,1.0
16,hexane_gsolv_eV,5,1.0,0.0,0.6712032976526383,0.6712032976526383,,,,1.0
16,hexane_gsolv_eV,6,1.0,0.0,0.6712032976526383,0.6712032976526383,,,,1.0
16,hexane_gsolv_eV,7,1.0,0.0,0.6712032976526383,0.6712032976526383,,,,1.0
16,hexane_gsolv_eV,8,1.0,0.0,0.6712032976526383,0.6712032976526383,,,,1.0
16,hexane_gsolv_eV,9,1.0,0.0,0.6712032976526383,0.6712032976526383,,,,1.0
16,hexane_gsolv_eV,10,1.0,0.0,0.6712032976526383,0.6712032976526383,,,,1.0
16,hexane_gsolv_eV,11,1.0,0.0,0.6712032976526383,0.6712032976526383,,,,1.0
16,hexane_gsolv_eV,12,1.0,0.0,0.6712032976526383,0.6712032976526383,,,,1.0
16,hexane_gsolv_eV,13,1.0,0.0,0.6712032976526383,0.6712032976526383,,,,1.0
16,hexane_gsolv_eV,14,1.0,0.0,0.6712032976526383,0.6712032976526383,,,,1.0
16,hexane_gsolv_eV,15,1.0,0.0,0.6712032976526383,0.6712032976526383,,,,1.0
16,hexane_gsolv_eV,16,1.0,0.0,0.6712032976526383,0.6712032976526383,,,,1.0
16,hexane_gsolv_eV,17,1.0,0.0,0.6712032976526383,0.6712032976526383,,,,1.0
16,hexane_gsolv_eV,18,1.0,0.0,0.6712032976526383,0.6712032976526383,,,,1.0
16,hexane_gsolv_eV,19,1.0,0.0,0.6712032976526383,0.6712032976526383,,,,1.0
16,hexane_gsolv_eV,20,1.0,0.0,0.6712032976526383,0.6712032976526383,,,,1.0
16,hexane_gsolv_eV,21,1.0,0.0,0.6712032976526383,0.6712032976526383,,,,1.0
16,hexane_gsolv_eV,22,1.0,0.0,0.6712032976526383,0.6712032976526383,,,,1.0
16,hexane_gsolv_eV,23,1.0,0.0,0.6712032976526383,0.6712032976526383,,,,1.0
16,hexane_gsolv_eV,24,1.0,0.0,0.6712032976526383,0.6712032976526383,,,,1.0
16,hexane_gsolv_eV,25,1.0,0.0,0.6712032976526383,0.6712032976526383,,,,1.0
16,hexane_gsolv_eV,26,1.0,0.0,0.6712032976526383,0.6712032976526383,,,,1.0
16,hexane_gsolv_eV,27,1.0,0.0,0.6712032976526383,0.6712032976526383,,,,1.0
16,hexane_gsolv_eV,28,1.0,0.0,0.6712032976526383,0.6712032976526383,,,,1.0
16,hexane_gsolv_eV,29,1.0,0.0,0.6712032976526383,0.6712032976526383,,,,1.0
16,hexane_gsolv_eV,30,1.0,0.0,0.6712032976526383,0.6712032976526383,,,,1.0
16,hexane_gsolv_eV,31,1.0,0.0,0.6712032976526383,0.6712032976526383,,,,1.0
16,hexane_gsolv_eV,32,1.0,0.0,0.6712032976526383,0.6712032976526383,,,,1.0
16,hexane_gsolv_eV,33,1.0,0.0,0.6712032976526383,0.6712032976526383,,,,1.0
16,hexane_gsolv_eV,34,1.0,0.0,0.6712032976526383,0.6712032976526383,,,,1.0
16,hexane_gsolv_eV,35,1.0,0.0,0.6712032976526383,0.6712032976526383,,,,1.0
16,hexane_gsolv_eV,36,1.0,0.0,0.6712032976526383,0.6712032976526383,,,,1.0
16,hexane_gsolv_eV,37,1.0,0.0,0.6712032976526383,0.6712032976526383,,,,1.0
16,hexane_gsolv_eV,38,1.0,0.0,0.6712032976526383,0.6712032976526383,,,,1.0
16,hexane_gsolv_eV,39,1.0,0.0,0.6712032976526383,0.6712032976526383,,,,1.0
16,hexane_gsolv_eV,40,1.0,0.0,0.6712032976526383,0.6712032976526383,,,,1.0
16,hexane_gsolv_eV,41,1.0,0.0,0.6712032976526383,0.6712032976526383,,,,1.0
16,hexane_gsolv_eV,42,1.0,0.0,0.6712032976526383,0.6712032976526383,,,,1.0
16,hexane_gsolv_eV,43,1.0,0.0,0.6712032976526383,0.6712032976526383,,,,1.0
16,hexane_gsolv_eV,44,1.0,0.0,0.6712032976526383,0.6712032976526383,,,,1.0
16,hexane_gsolv_eV,45,1.0,0.0,0.6712032976526383,0.6712032976526383,,,,1.0
16,hexane_gsolv_eV,46,1.0,0.0,0.6712032976526383,0.6712032976526383,,,,1.0
16,hexane_gsolv_eV,47,1.0,0.0,0.6712032976526383,0.6712032976526383,,,,1.0
16,hexane_gsolv_eV,48,1.0,0.0,0.6712032976526383,0.6712032976526383,,,,1.0
16,hexane_gsolv_eV,49,1.0,0.0,0.6712032976526383,0.6712032976526383,,,,1.0
16,hexane_gsolv_eV,50,1.0,0.0,0.6712032976526383,0.6712032976526383,,,,1.0
16,hexane_gsolv_eV,51,1.0,0.0,0.6712032976526383,0.6712032976526383,,,,1.0
16,hexane_gsolv_eV,52,1.0,0.0,0.6712032976526383,0.6712032976526383,,,,1.0
16,hexane_gsolv_eV,53,1.0,0.0,0.6712032976526383,0.6712032976526383,,,,1.0
16,hexane_gsolv_eV,54,1.0,0.0,0.6712032976526383,0.6712032976526383,,,,1.0
16,hexane_gsolv_eV,55,1.0,0.0,0.6712032976526383,0.6712032976526383,,,,1.0
16,hexane_gsolv_eV,56,1.0,0.0,0.6712032976526383,0.6712032976526383,,,,1.0
16,hexane_gsolv_eV,57,1.0,0.0,0.6712032976526383,0.6712032976526383,,,,1.0
16,hexane_gsolv_eV,58,1.0,0.0,0.6712032976526383,0.6712032976526383,,,,1.0
16,hexane_gsolv_eV,59,1.0,0.0,0.6712032976526383,0.6712032976526383,,,,1.0
16,hexane_gsolv_eV,60,1.0,0.0,0.6712032976526383,0.6712032976526383,,,,1.0
16,hexane_gsolv_eV,61,1.0,0.0,0.6712032976526383,0.6712032976526383,,,,1.0
16,hexane_gsolv_eV,62,1.0,0.0,0.6712032976526383,0.6712032976526383,,,,1.0
16,hexane_gsolv_eV,63,1.0,0.0,0.6712032976526383,0.6712032976526383,,,,1.0
16,hexane_gsolv_eV,64,1.0,0.0,0.6712032976526383,0.6712032976526383,,,,1.0
16,hexane_gsolv_eV,65,1.0,0.0,0.6712032976526383,0.6712032976526383,,,,1.0
16,hexane_gsolv_eV,66,1.0,0.0,0.6712032976526383,0.6712032976526383,,,,1.0
16,hexane_gsolv_eV,67,1.0,0.0,0.6712032976526383,0.6712032976526383,,,,1.0
16,hexane_gsolv_eV,68,1.0,0.0,0.6712032976526383,0.6712032976526383,,,,1.0
16,hexane_gsolv_eV,69,1.0,0.0,0.6712032976526383,0.6712032976526383,,,,1.0
16,hexane_gsolv_eV,70,1.0,0.0,0.6712032976526383,0.6712032976526383,,,,1.0
16,hexane_gsolv_eV,71,1.0,0.0,0.6712032976526383,0.6712032976526383,,,,1.0
16,hexane_gsolv_eV,72,1.0,0.0,0.6712032976526383,0.6712032976526383,,,,1.0
16,hexane_gsolv_eV,73,1.0,0.0,0.6712032976526383,0.6712032976526383,,,,1.0
16,hexane_gsolv_eV,74,1.0,0.0,0.6712032976526383,0.6712032976526383,,,,1.0
16,hexane_gsolv_eV,75,1.0,0.0,0.6712032976526383,0.6712032976526383,,,,1.0
16,hexane_gsolv_eV,76,1.0,0.0,0.6712032976526383,0.6712032976526383,,,,1.0
16,hexane_gsolv_eV,77,1.0,0.0,0.6712032976526383,0.6712032976526383,,,,1.0
16,hexane_gsolv_eV,78,1.0,0.0,0.6712032976526383,0.6712032976526383,,,,1.0
16,hexane_gsolv_eV,79,1.0,0.0,0.6712032976526383,0.6712032976526383,,,,1.0
16,hexane_gsolv_eV,80,1.0,0.0,0.6712032976526383,0.6712032976526383,,,,1.0
16,hexane_gsolv_eV,81,1.0,0.0,0.6712032976526383,0.6712032976526383,,,,1.0
16,hexane_gsolv_eV,82,1.0,0.0,0.6712032976526383,0.6712032976526383,,,,1.0
16,hexane_gsolv_eV,83,1.0,0.0,0.6712032976526383,0.6712032976526383,,,,1.0
16,hexane_gsolv_eV,84,1.0,0.0,0.6712032976526383,0.6712032976526383,,,,1.0
16,hexane_gsolv_eV,85,1.0,0.0,0.6712032976526383,0.6712032976526383,,,,1.0
16,hexane_gsolv_eV,86,1.0,0.0,0.6712032976526383,0.6712032976526383,,,,1.0
16,hexane_gsolv_eV,87,1.0,0.0,0.6712032976526383,0.6712032976526383,,,,1.0
16,hexane_gsolv_eV,88,1.0,0.0,0.6712032976526383,0.6712032976526383,,,,1.0
16,hexane_gsolv_eV,89,1.0,0.0,0.6712032976526383,0.6712032976526383,,,,1.0
16,hexane_gsolv_eV,90,1.0,0.0,0.6712032976526383,0.6712032976526383,,,,1.0
16,hexane_gsolv_eV,91,1.0,0.0,0.6712032976526383,0.6712032976526383,,,,1.0
16,hexane_gsolv_eV,92,1.0,0.0,0.6712032976526383,0.6712032976526383,,,,1.0
16,hexane_gsolv_eV,93,1.0,0.0,0.6712032976526383,0.6712032976526383,,,,1.0
16,hexane_gsolv_eV,94,1.0,0.0,0.6712032976526383,0.6712032976526383,,,,1.0
16,hexane_gsolv_eV,95,1.0,0.0,0.6712032976526383,0.6712032976526383,,,,1.0
16,hexane_gsolv_eV,96,1.0,0.0,0.6712032976526383,0.6712032976526383,,,,1.0
16,hexane_gsolv_eV,97,1.0,0.0,0.6712032976526383,0.6712032976526383,,,,1.0
16,hexane_gsolv_eV,98,1.0,0.0,0.6712032976526383,0.6712032976526383,,,,1.0
16,hexane_gsolv_eV,99,1.0,0.0,0.6712032976526383,0.6712032976526383,,,,1.0
16,hexane_gsolv_eV,100,1.0,0.0,0.6712032976526383,0.6712032976526383,,,,1.0
16,hexane_gsolv_eV,101,1.0,0.0,0.6712032976526383,0.6712032976526383,,,,1.0
16,hexane_gsolv_eV,102,1.0,0.0,0.6712032976526383,0.6712032976526383,,,,1.0
16,hexane_gsolv_eV,103,1.0,0.0,0.6712032976526383,0.6712032976526383,,,,1.0
16,hexane_gsolv_eV,104,1.0,0.0,0.6712032976526383,0.6712032976526383,,,,1.0
16,hexane_gsolv_eV,105,1.0,0.0,0.6712032976526383,0.6712032976526383,,,,1.0
16,hexane_gsolv_eV,106,1.0,0.0,0.6712032976526383,0.6712032976526383,,,,1.0
16,hexane_gsolv_eV,107,1.0,0.0,0.6712032976526383,0.6712032976526383,,,,1.0
16,hexane_gsolv_eV,108,1.0,0.0,0.6712032976526383,0.6712032976526383,,,,1.0
16,hexane_gsolv_eV,109,1.0,0.0,0.6712032976526383,0.6712032976526383,,,,1.0
16,hexane_gsolv_eV,110,1.0,0.0,0.6712032976526383,0.6712032976526383,,,,1.0
16,hexane_gsolv_eV,111,1.0,0.0,0.6712032976526383,0.6712032976526383,,,,1.0
16,hexane_gsolv_eV,112,1.0,0.0,0.6712032976526383,0.6712032976526383,,,,1.0
16,hexane_gsolv_eV,113,1.0,0.0,0.6712032976526383,0.6712032976526383,,,,1.0
16,hexane_gsolv_eV,114,1.0,0.0,0.6712032976526383,0.6712032976526383,,,,1.0
16,hexane_gsolv_eV,115,1.0,0.0,0.6712032976526383,0.6712032976526383,,,,1.0
16,hexane_gsolv_eV,116,1.0,0.0,0.6712032976526383,0.6712032976526383,,,,1.0
16,hexane_gsolv_eV,117,1.0,0.0,0.6712032976526383,0.6712032976526383,,,,1.0
16,hexane_gsolv_eV,118,1.0,0.0,0.6712032976526383,0.6712032976526383,,,,1.0
16,hexane_gsolv_eV,119,1.0,0.0,0.6712032976526383,0.6712032976526383,,,,1.0
16,hexane_gsolv_eV,120,1.0,0.0,0.6712032976526383,0.6712032976526383,,,,1.0
16,hexane_gsolv_eV,121,1.0,0.0,0.6712032976526383,0.6712032976526383,,,,1.0
16,hexane_gsolv_eV,122,1.0,0.0,0.6712032976526383,0.6712032976526383,,,,1.0
16,hexane_gsolv_eV,123,1.0,0.0,0.6712032976526383,0.6712032976526383,,,,1.0
16,hexane_gsolv_eV,124,1.0,0.0,0.6712032976526383,0.6712032976526383,,,,1.0
16,hexane_gsolv_eV,125,1.0,0.0,0.6712032976526383,0.6712032976526383,,,,1.0
16,hexane_gsolv_eV,126,1.0,0.0,0.6712032976526383,0.6712032976526383,,,,1.0
16,hexane_gsolv_eV,127,1.0,0.0,0.6712032976526383,0.6712032976526383,,,,1.0
16,hexane_gsolv_eV,128,1.0,0.0,0.6712032976526383,0.6712032976526383,,,,1.0
16,hexane_gsolv_eV,129,1.0,0.0,0.6712032976526383,0.6712032976526383,,,,1.0
16,hexane_gsolv_eV,130,1.0,0.0,0.6712032976526383,0.6712032976526383,,,,1.0
16,hexane_gsolv_eV,131,1.0,0.0,0.6712032976526383,0.6712032976526383,,,,1.0
16,hexane_gsolv_eV,132,1.0,0.0,0.6712032976526383,0.6712032976526383,,,,1.0
16,hexane_gsolv_eV,133,1.0,0.0,0.6712032976526383,0.6712032976526383,,,,1.0
16,hexane_gsolv_eV,134,1.0,0.0,0.6712032976526383,0.6712032976526383,,,,1.0
16,hexane_gsolv_eV,135,1.0,0.0,0.6712032976526383,0.6712032976526383,,,,1.0
16,hexane_gsolv_eV,136,1.0,0.0,0.6712032976526383,0.6712032976526383,,,,1.0
16,hexane_gsolv_eV,137,1.0,0.0,0.6712032976526383,0.6712032976526383,,,,1.0
16,hexane_gsolv_eV,138,1.0,0.0,0.6712032976526383,0.6712032976526383,,,,1.0
16,hexane_gsolv_eV,139,1.0,0.0,0.6712032976526383,0.6712032976526383,,,,1.0
16,hexane_gsolv_eV,140,1.0,0.0,0.6712032976526383,0.6712032976526383,,,,1.0
16,hexane_gsolv_eV,141,1.0,0.0,0.6712032976526383,0.6712032976526383,,,,1.0
16,hexane_gsolv_eV,142,1.0,0.0,0.6712032976526383,0.6712032976526383,,,,1.0
16,hexane_gsolv_eV,143,1.0,0.0,0.6712032976526383,0.6712032976526383,,,,1.0
16,hexane_gsolv_eV,144,1.0,0.0,0.6712032976526383,0.6712032976526383,,,,1.0
16,hexane_gsolv_eV,145,1.0,0.0,0.6712032976526383,0.6712032976526383,,,,1.0
16,hexane_gsolv_eV,146,1.0,0.0,0.6712032976526383,0.6712032976526383,,,,1.0
16,hexane_gsolv_eV,147,1.0,0.0,0.6712032976526383,0.6712032976526383,,,,1.0
16,hexane_gsolv_eV,148,1.0,0.0,0.6712032976526383,0.6712032976526383,,,,1.0
16,hexane_gsolv_eV,149,1.0,0.0,0.6712032976526383,0.6712032976526383,,,,1.0
16,hexane_gsolv_eV,150,1.0,0.0,0.6712032976526383,0.6712032976526383,,,,1.0
16,hexane_gsolv_eV,151,1.0,0.0,0.6712032976526383,0.6712032976526383,,,,1.0
16,hexane_gsolv_eV,152,1.0,0.0,0.6712032976526383,0.6712032976526383,,,,1.0
16,hexane_gsolv_eV,153,1.0,0.0,0.6712032976526383,0.6712032976526383,,,,1.0
16,hexane_gsolv_eV,154,1.0,0.0,0.6712032976526383,0.6712032976526383,,,,1.0
16,hexane_gsolv_eV,155,1.0,0.0,0.6712032976526383,0.6712032976526383,,,,1.0
16,hexane_gsolv_eV,156,1.0,0.0,0.6712032976526383,0.6712032976526383,,,,1.0
16,hexane_gsolv_eV,157,1.0,0.0,0.6712032976526383,0.6712032976526383,,,,1.0
16,hexane_gsolv_eV,158,1.0,0.0,0.6712032976526383,0.6712032976526383,,,,1.0
16,hexane_gsolv_eV,159,1.0,0.0,0.6712032976526383,0.6712032976526383,,,,1.0
16,hexane_gsolv_eV,160,1.0,0.0,0.6712032976526383,0.6712032976526383,,,,1.0
16,hexane_gsolv_eV,161,1.0,0.0,0.6712032976526383,0.6712032976526383,,,,1.0
16,hexane_gsolv_eV,162,1.0,0.0,0.6712032976526383,0.6712032976526383,,,,1.0
16,hexane_gsolv_eV,163,1.0,0.0,0.6712032976526383,0.6712032976526383,,,,1.0
16,hexane_gsolv_eV,164,1.0,0.0,0.6712032976526383,0.6712032976526383,,,,1.0
16,hexane_gsolv_eV,165,1.0,0.0,0.6712032976526383,0.6712032976526383,,,,1.0
16,hexane_gsolv_eV,166,1.0,0.0,0.6712032976526383,0.6712032976526383,,,,1.0
16,hexane_gsolv_eV,167,1.0,0.0,0.6712032976526383,0.6712032976526383,,,,1.0
16,hexane_gsolv_eV,168,1.0,0.0,0.6712032976526383,0.6712032976526383,,,,1.0
16,hexane_gsolv_eV,169,1.0,0.0,0.6712032976526383,0.6712032976526383,,,,1.0
16,hexane_gsolv_eV,170,1.0,0.0,0.6712032976526383,0.6712032976526383,,,,1.0
16,hexane_gsolv_eV,171,1.0,0.0,0.6712032976526383,0.6712032976526383,,,,1.0
16,hexane_gsolv_eV,172,1.0,0.0,0.6712032976526383,0.6712032976526383,,,,1.0
16,hexane_gsolv_eV,173,1.0,0.0,0.6712032976526383,0.6712032976526383,,,,1.0
16,hexane_gsolv_eV,174,1.0,0.0,0.6712032976526383,0.6712032976526383,,,,1.0
16,hexane_gsolv_eV,175,1.0,0.0,0.6712032976526383,0.6712032976526383,,,,1.0
16,hexane_gsolv_eV,176,1.0,0.0,0.6712032976526383,0.6712032976526383,,,,1.0
16,hexane_gsolv_eV,177,1.0,0.0,0.6712032976526383,0.6712032976526383,,,,1.0
16,hexane_gsolv_eV,178,1.0,0.0,0.6712032976526383,0.6712032976526383,,,,1.0
16,hexane_gsolv_eV,179,1.0,0.0,0.6712032976526383,0.6712032976526383,,,,1.0
16,hexane_gsolv_eV,180,1.0,0.0,0.6712032976526383,0.6712032976526383,,,,1.0
16,hexane_gsolv_eV,181,1.0,0.0,0.6712032976526383,0.6712032976526383,,,,1.0
16,hexane_gsolv_eV,182,1.0,0.0,0.6712032976526383,0.6712032976526383,,,,1.0
16,hexane_gsolv_eV,183,1.0,0.0,0.6712032976526383,0.6712032976526383,,,,1.0
16,hexane_gsolv_eV,184,1.0,0.0,0.6712032976526383,0.6712032976526383,,,,1.0
16,hexane_gsolv_eV,185,1.0,0.0,0.6712032976526383,0.6712032976526383,,,,1.0
16,hexane_gsolv_eV,186,1.0,0.0,0.6712032976526383,0.6712032976526383,,,,1.0
16,hexane_gsolv_eV,187,1.0,0.0,0.6712032976526383,0.6712032976526383,,,,1.0
16,hexane_gsolv_eV,188,1.0,0.0,0.6712032976526383,0.6712032976526383,,,,1.0
16,hexane_gsolv_eV,189,1.0,0.0,0.6712032976526383,0.6712032976526383,,,,1.0
16,hexane_gsolv_eV,190,1.0,0.0,0.6712032976526383,0.6712032976526383,,,,1.0
16,hexane_gsolv_eV,191,1.0,0.0,0.6712032976526383,0.6712032976526383,,,,1.0
16,hexane_gsolv_eV,192,1.0,0.0,0.6712032976526383,0.6712032976526383,,,,1.0
16,hexane_gsolv_eV,193,1.0,0.0,0.6712032976526383,0.6712032976526383,,,,1.0
16,hexane_gsolv_eV,194,1.0,0.0,0.6712032976526383,0.6712032976526383,,,,1.0
16,hexane_gsolv_eV,195,1.0,0.0,0.6712032976526383,0.6712032976526383,,,,1.0
16,hexane_gsolv_eV,196,1.0,0.0,0.6712032976526383,0.6712032976526383,,,,1.0
16,hexane_gsolv_eV,197,1.0,0.0,0.6712032976526383,0.6712032976526383,,,,1.0
16,hexane_gsolv_eV,198,1.0,0.0,0.6712032976526383,0.6712032976526383,,,,1.0
16,hexane_gsolv_eV,199,1.0,0.0,0.6712032976526383,0.6712032976526383,,,,1.0
16,hexane_gsolv_eV,200,1.0,0.0,0.6712032976526383,0.6712032976526383,,,,1.0
16,hexane_gsolv_eV,201,1.0,0.0,0.6712032976526383,0.6712032976526383,,,,1.0
16,hexane_gsolv_eV,202,1.0,0.0,0.6712032976526383,0.6712032976526383,,,,1.0
16,hexane_gsolv_eV,203,1.0,0.0,0.6712032976526383,0.6712032976526383,,,,1.0
16,hexane_gsolv_eV,204,1.0,0.0,0.6712032976526383,0.6712032976526383,,,,1.0
16,hexane_gsolv_eV,205,1.0,0.0,0.6712032976526383,0.6712032976526383,,,,1.0
16,hexane_gsolv_eV,206,1.0,0.0,0.6712032976526383,0.6712032976526383,,,,1.0
16,hexane_gsolv_eV,207,1.0,0.0,0.6712032976526383,0.6712032976526383,,,,1.0
16,hexane_gsolv_eV,208,1.0,0.0,0.6712032976526383,0.6712032976526383,,,,1.0
16,hexane_gsolv_eV,209,1.0,0.0,0.6712032976526383,0.6712032976526383,,,,1.0
16,hexane_gsolv_eV,210,1.0,0.0,0.6712032976526383,0.6712032976526383,,,,1.0
16,hexane_gsolv_eV,211,1.0,0.0,0.6712032976526383,0.6712032976526383,,,,1.0
16,hexane_gsolv_eV,212,1.0,0.0,0.6712032976526383,0.6712032976526383,,,,1.0
16,hexane_gsolv_eV,213,1.0,0.0,0.6712032976526383,0.6712032976526383,,,,1.0
16,hexane_gsolv_eV,214,1.0,0.0,0.6712032976526383,0.6712032976526383,,,,1.0
16,hexane_gsolv_eV,215,1.0,0.0,0.6712032976526383,0.6712032976526383,,,,1.0
16,hexane_gsolv_eV,216,1.0,0.0,0.6712032976526383,0.6712032976526383,,,,1.0
16,hexane_gsolv_eV,217,1.0,0.0,0.6712032976526383,0.6712032976526383,,,,1.0
16,hexane_gsolv_eV,218,1.0,0.0,0.6712032976526383,0.6712032976526383,,,,1.0
16,hexane_gsolv_eV,219,1.0,0.0,0.6712032976526383,0.6712032976526383,,,,1.0
16,hexane_gsolv_eV,220,1.0,0.0,0.6712032976526383,0.6712032976526383,,,,1.0
16,hexane_gsolv_eV,221,1.0,0.0,0.6712032976526383,0.6712032976526383,,,,1.0
16,hexane_gsolv_eV,222,1.0,0.0,0.6712032976526383,0.6712032976526383,,,,1.0
16,hexane_gsolv_eV,223,1.0,0.0,0.6712032976526383,0.6712032976526383,,,,1.0
16,hexane_gsolv_eV,224,1.0,0.0,0.6712032976526383,0.6712032976526383,,,,1.0
16,hexane_gsolv_eV,225,1.0,0.0,0.6712032976526383,0.6712032976526383,,,,1.0
16,hexane_gsolv_eV,226,1.0,0.0,0.6712032976526383,0.6712032976526383,,,,1.0
16,hexane_gsolv_eV,227,1.0,0.0,0.6712032976526383,0.6712032976526383,,,,1.0
16,hexane_gsolv_eV,228,1.0,0.0,0.6712032976526383,0.6712032976526383,,,,1.0
16,hexane_gsolv_eV,229,1.0,0.0,0.6712032976526383,0.6712032976526383,,,,1.0
16,hexane_gsolv_eV,230,1.0,0.0,0.6712032976526383,0.6712032976526383,,,,1.0
16,hexane_gsolv_eV,231,1.0,0.0,0.6712032976526383,0.6712032976526383,,,,1.0
16,hexane_gsolv_eV,232,1.0,0.0,0.6712032976526383,0.6712032976526383,,,,1.0
16,hexane_gsolv_eV,233,1.0,0.0,0.6712032976526383,0.6712032976526383,,,,1.0
16,hexane_gsolv_eV,234,1.0,0.0,0.6712032976526383,0.6712032976526383,,,,1.0
16,hexane_gsolv_eV,235,1.0,0.0,0.6712032976526383,0.6712032976526383,,,,1.0
16,hexane_gsolv_eV,236,1.0,0.0,0.6712032976526383,0.6712032976526383,,,,1.0
16,hexane_gsolv_eV,237,1.0,0.0,0.6712032976526383,0.6712032976526383,,,,1.0
16,hexane_gsolv_eV,238,1.0,0.0,0.6712032976526383,0.6712032976526383,,,,1.0
16,hexane_gsolv_eV,239,1.0,0.0,0.6712032976526383,0.6712032976526383,,,,1.0
16,hexane_gsolv_eV,240,1.0,0.0,0.6712032976526383,0.6712032976526383,,,,1.0
16,hexane_gsolv_eV,241,1.0,0.0,0.6712032976526383,0.6712032976526383,,,,1.0
16,hexane_gsolv_eV,242,1.0,0.0,0.6712032976526383,0.6712032976526383,,,,1.0
16,hexane_gsolv_eV,243,1.0,0.0,0.6712032976526383,0.6712032976526383,,,,1.0
16,hexane_gsolv_eV,244,1.0,0.0,0.6712032976526383,0.6712032976526383,,,,1.0
16,hexane_gsolv_eV,245,1.0,0.0,0.6712032976526383,0.6712032976526383,,,,1.0
16,hexane_gsolv_eV,246,1.0,0.0,0.6712032976526383,0.6712032976526383,,,,1.0
16,hexane_gsolv_eV,247,1.0,0.0,0.6712032976526383,0.6712032976526383,,,,1.0
16,hexane_gsolv_eV,248,1.0,0.0,0.6712032976526383,0.6712032976526383,,,,1.0
16,hexane_gsolv_eV,249,1.0,0.0,0.6712032976526383,0.6712032976526383,,,,1.0
16,hexane_hl_gap_eV,0,1.0000001192092896,0.0,0.7019440400042136,0.7019440400042136,,,,1.0
16,hexane_hl_gap_eV,1,1.0000001192092896,0.0,0.7019440400042136,0.7019440400042136,,,,1.0
16,hexane_hl_gap_eV,2,1.0000001192092896,0.0,0.7019440400042136,0.7019440400042136,,,,1.0
16,hexane_hl_gap_eV,3,1.0000001192092896,0.0,0.7019440400042136,0.7019440400042136,,,,1.0
16,hexane_hl_gap_eV,4,1.0000001192092896,0.0,0.7019440400042136,0.7019440400042136,,,,1.0
16,hexane_hl_gap_eV,5,1.0000001192092896,0.0,0.7019440400042136,0.7019440400042136,,,,1.0
16,hexane_hl_gap_eV,6,1.0000001192092896,0.0,0.7019440400042136,0.7019440400042136,,,,1.0
16,hexane_hl_gap_eV,7,1.0000001192092896,0.0,0.7019440400042136,0.7019440400042136,,,,1.0
16,hexane_hl_gap_eV,8,1.0000001192092896,0.0,0.7019440400042136,0.7019440400042136,,,,1.0
16,hexane_hl_gap_eV,9,1.0000001192092896,0.0,0.7019440400042136,0.7019440400042136,,,,1.0
16,hexane_hl_gap_eV,10,1.0000001192092896,0.0,0.7019440400042136,0.7019440400042136,,,,1.0
16,hexane_hl_gap_eV,11,1.0000001192092896,0.0,0.7019440400042136,0.7019440400042136,,,,1.0
16,hexane_hl_gap_eV,12,1.0000001192092896,0.0,0.7019440400042136,0.7019440400042136,,,,1.0
16,hexane_hl_gap_eV,13,1.0000001192092896,0.0,0.7019440400042136,0.7019440400042136,,,,1.0
16,hexane_hl_gap_eV,14,1.0000001192092896,0.0,0.7019440400042136,0.7019440400042136,,,,1.0
16,hexane_hl_gap_eV,15,1.0000001192092896,0.0,0.7019440400042136,0.7019440400042136,,,,1.0
16,hexane_hl_gap_eV,16,1.0000001192092896,0.0,0.7019440400042136,0.7019440400042136,,,,1.0
16,hexane_hl_gap_eV,17,1.0000001192092896,0.0,0.7019440400042136,0.7019440400042136,,,,1.0
16,hexane_hl_gap_eV,18,1.0000001192092896,0.0,0.7019440400042136,0.7019440400042136,,,,1.0
16,hexane_hl_gap_eV,19,1.0000001192092896,0.0,0.7019440400042136,0.7019440400042136,,,,1.0
16,hexane_hl_gap_eV,20,1.0000001192092896,0.0,0.7019440400042136,0.7019440400042136,,,,1.0
16,hexane_hl_gap_eV,21,1.0000001192092896,0.0,0.7019440400042136,0.7019440400042136,,,,1.0
16,hexane_hl_gap_eV,22,1.0000001192092896,0.0,0.7019440400042136,0.7019440400042136,,,,1.0
16,hexane_hl_gap_eV,23,1.0000001192092896,0.0,0.7019440400042136,0.7019440400042136,,,,1.0
16,hexane_hl_gap_eV,24,1.0000001192092896,0.0,0.7019440400042136,0.7019440400042136,,,,1.0
16,hexane_hl_gap_eV,25,1.0000001192092896,0.0,0.7019440400042136,0.7019440400042136,,,,1.0
16,hexane_hl_gap_eV,26,1.0000001192092896,0.0,0.7019440400042136,0.7019440400042136,,,,1.0
16,hexane_hl_gap_eV,27,1.0000001192092896,0.0,0.7019440400042136,0.7019440400042136,,,,1.0
16,hexane_hl_gap_eV,28,1.0000001192092896,0.0,0.7019440400042136,0.7019440400042136,,,,1.0
16,hexane_hl_gap_eV,29,1.0000001192092896,0.0,0.7019440400042136,0.7019440400042136,,,,1.0
16,hexane_hl_gap_eV,30,1.0000001192092896,0.0,0.7019440400042136,0.7019440400042136,,,,1.0
16,hexane_hl_gap_eV,31,1.0000001192092896,0.0,0.7019440400042136,0.7019440400042136,,,,1.0
16,hexane_hl_gap_eV,32,1.0000001192092896,0.0,0.7019440400042136,0.7019440400042136,,,,1.0
16,hexane_hl_gap_eV,33,1.0000001192092896,0.0,0.7019440400042136,0.7019440400042136,,,,1.0
16,hexane_hl_gap_eV,34,1.0000001192092896,0.0,0.7019440400042136,0.7019440400042136,,,,1.0
16,hexane_hl_gap_eV,35,1.0000001192092896,0.0,0.7019440400042136,0.7019440400042136,,,,1.0
16,hexane_hl_gap_eV,36,1.0000001192092896,0.0,0.7019440400042136,0.7019440400042136,,,,1.0
16,hexane_hl_gap_eV,37,1.0000001192092896,0.0,0.7019440400042136,0.7019440400042136,,,,1.0
16,hexane_hl_gap_eV,38,1.0000001192092896,0.0,0.7019440400042136,0.7019440400042136,,,,1.0
16,hexane_hl_gap_eV,39,1.0000001192092896,0.0,0.7019440400042136,0.7019440400042136,,,,1.0
16,hexane_hl_gap_eV,40,1.0000001192092896,0.0,0.7019440400042136,0.7019440400042136,,,,1.0
16,hexane_hl_gap_eV,41,1.0000001192092896,0.0,0.7019440400042136,0.7019440400042136,,,,1.0
16,hexane_hl_gap_eV,42,1.0000001192092896,0.0,0.7019440400042136,0.7019440400042136,,,,1.0
16,hexane_hl_gap_eV,43,1.0000001192092896,0.0,0.7019440400042136,0.7019440400042136,,,,1.0
16,hexane_hl_gap_eV,44,1.0000001192092896,0.0,0.7019440400042136,0.7019440400042136,,,,1.0
16,hexane_hl_gap_eV,45,1.0000001192092896,0.0,0.7019440400042136,0.7019440400042136,,,,1.0
16,hexane_hl_gap_eV,46,1.0000001192092896,0.0,0.7019440400042136,0.7019440400042136,,,,1.0
16,hexane_hl_gap_eV,47,1.0000001192092896,0.0,0.7019440400042136,0.7019440400042136,,,,1.0
16,hexane_hl_gap_eV,48,1.0000001192092896,0.0,0.7019440400042136,0.7019440400042136,,,,1.0
16,hexane_hl_gap_eV,49,1.0000001192092896,0.0,0.7019440400042136,0.7019440400042136,,,,1.0
16,hexane_hl_gap_eV,50,1.0000001192092896,0.0,0.7019440400042136,0.7019440400042136,,,,1.0
16,hexane_hl_gap_eV,51,1.0000001192092896,0.0,0.7019440400042136,0.7019440400042136,,,,1.0
16,hexane_hl_gap_eV,52,1.0000001192092896,0.0,0.7019440400042136,0.7019440400042136,,,,1.0
16,hexane_hl_gap_eV,53,1.0000001192092896,0.0,0.7019440400042136,0.7019440400042136,,,,1.0
16,hexane_hl_gap_eV,54,1.0000001192092896,0.0,0.7019440400042136,0.7019440400042136,,,,1.0
16,hexane_hl_gap_eV,55,1.0000001192092896,0.0,0.7019440400042136,0.7019440400042136,,,,1.0
16,hexane_hl_gap_eV,56,1.0000001192092896,0.0,0.7019440400042136,0.7019440400042136,,,,1.0
16,hexane_hl_gap_eV,57,1.0000001192092896,0.0,0.7019440400042136,0.7019440400042136,,,,1.0
16,hexane_hl_gap_eV,58,1.0000001192092896,0.0,0.7019440400042136,0.7019440400042136,,,,1.0
16,hexane_hl_gap_eV,59,1.0000001192092896,0.0,0.7019440400042136,0.7019440400042136,,,,1.0
16,hexane_hl_gap_eV,60,1.0000001192092896,0.0,0.7019440400042136,0.7019440400042136,,,,1.0
16,hexane_hl_gap_eV,61,1.0000001192092896,0.0,0.7019440400042136,0.7019440400042136,,,,1.0
16,hexane_hl_gap_eV,62,1.0000001192092896,0.0,0.7019440400042136,0.7019440400042136,,,,1.0
16,hexane_hl_gap_eV,63,1.0000001192092896,0.0,0.7019440400042136,0.7019440400042136,,,,1.0
16,hexane_hl_gap_eV,64,1.0000001192092896,0.0,0.7019440400042136,0.7019440400042136,,,,1.0
16,hexane_hl_gap_eV,65,1.0000001192092896,0.0,0.7019440400042136,0.7019440400042136,,,,1.0
16,hexane_hl_gap_eV,66,1.0000001192092896,0.0,0.7019440400042136,0.7019440400042136,,,,1.0
16,hexane_hl_gap_eV,67,1.0000001192092896,0.0,0.7019440400042136,0.7019440400042136,,,,1.0
16,hexane_hl_gap_eV,68,1.0000001192092896,0.0,0.7019440400042136,0.7019440400042136,,,,1.0
16,hexane_hl_gap_eV,69,1.0000001192092896,0.0,0.7019440400042136,0.7019440400042136,,,,1.0
16,hexane_hl_gap_eV,70,1.0000001192092896,0.0,0.7019440400042136,0.7019440400042136,,,,1.0
16,hexane_hl_gap_eV,71,1.0000001192092896,0.0,0.7019440400042136,0.7019440400042136,,,,1.0
16,hexane_hl_gap_eV,72,1.0000001192092896,0.0,0.7019440400042136,0.7019440400042136,,,,1.0
16,hexane_hl_gap_eV,73,1.0000001192092896,0.0,0.7019440400042136,0.7019440400042136,,,,1.0
16,hexane_hl_gap_eV,74,1.0000001192092896,0.0,0.7019440400042136,0.7019440400042136,,,,1.0
16,hexane_hl_gap_eV,75,1.0000001192092896,0.0,0.7019440400042136,0.7019440400042136,,,,1.0
16,hexane_hl_gap_eV,76,1.0000001192092896,0.0,0.7019440400042136,0.7019440400042136,,,,1.0
16,hexane_hl_gap_eV,77,1.0000001192092896,0.0,0.7019440400042136,0.7019440400042136,,,,1.0
16,hexane_hl_gap_eV,78,1.0000001192092896,0.0,0.7019440400042136,0.7019440400042136,,,,1.0
16,hexane_hl_gap_eV,79,1.0000001192092896,0.0,0.7019440400042136,0.7019440400042136,,,,1.0
16,hexane_hl_gap_eV,80,1.0000001192092896,0.0,0.7019440400042136,0.7019440400042136,,,,1.0
16,hexane_hl_gap_eV,81,1.0000001192092896,0.0,0.7019440400042136,0.7019440400042136,,,,1.0
16,hexane_hl_gap_eV,82,1.0000001192092896,0.0,0.7019440400042136,0.7019440400042136,,,,1.0
16,hexane_hl_gap_eV,83,1.0000001192092896,0.0,0.7019440400042136,0.7019440400042136,,,,1.0
16,hexane_hl_gap_eV,84,1.0000001192092896,0.0,0.7019440400042136,0.7019440400042136,,,,1.0
16,hexane_hl_gap_eV,85,1.0000001192092896,0.0,0.7019440400042136,0.7019440400042136,,,,1.0
16,hexane_hl_gap_eV,86,1.0000001192092896,0.0,0.7019440400042136,0.7019440400042136,,,,1.0
16,hexane_hl_gap_eV,87,1.0000001192092896,0.0,0.7019440400042136,0.7019440400042136,,,,1.0
16,hexane_hl_gap_eV,88,1.0000001192092896,0.0,0.7019440400042136,0.7019440400042136,,,,1.0
16,hexane_hl_gap_eV,89,1.0000001192092896,0.0,0.7019440400042136,0.7019440400042136,,,,1.0
16,hexane_hl_gap_eV,90,1.0000001192092896,0.0,0.7019440400042136,0.7019440400042136,,,,1.0
16,hexane_hl_gap_eV,91,1.0000001192092896,0.0,0.7019440400042136,0.7019440400042136,,,,1.0
16,hexane_hl_gap_eV,92,1.0000001192092896,0.0,0.7019440400042136,0.7019440400042136,,,,1.0
16,hexane_hl_gap_eV,93,1.0000001192092896,0.0,0.7019440400042136,0.7019440400042136,,,,1.0
16,hexane_hl_gap_eV,94,1.0000001192092896,0.0,0.7019440400042136,0.7019440400042136,,,,1.0
16,hexane_hl_gap_eV,95,1.0000001192092896,0.0,0.7019440400042136,0.7019440400042136,,,,1.0
16,hexane_hl_gap_eV,96,1.0000001192092896,0.0,0.7019440400042136,0.7019440400042136,,,,1.0
16,hexane_hl_gap_eV,97,1.0000001192092896,0.0,0.7019440400042136,0.7019440400042136,,,,1.0
16,hexane_hl_gap_eV,98,1.0000001192092896,0.0,0.7019440400042136,0.7019440400042136,,,,1.0
16,hexane_hl_gap_eV,99,1.0000001192092896,0.0,0.7019440400042136,0.7019440400042136,,,,1.0
16,hexane_hl_gap_eV,100,1.0000001192092896,0.0,0.7019440400042136,0.7019440400042136,,,,1.0
16,hexane_hl_gap_eV,101,1.0000001192092896,0.0,0.7019440400042136,0.7019440400042136,,,,1.0
16,hexane_hl_gap_eV,102,1.0000001192092896,0.0,0.7019440400042136,0.7019440400042136,,,,1.0
16,hexane_hl_gap_eV,103,1.0000001192092896,0.0,0.7019440400042136,0.7019440400042136,,,,1.0
16,hexane_hl_gap_eV,104,1.0000001192092896,0.0,0.7019440400042136,0.7019440400042136,,,,1.0
16,hexane_hl_gap_eV,105,1.0000001192092896,0.0,0.7019440400042136,0.7019440400042136,,,,1.0
16,hexane_hl_gap_eV,106,1.0000001192092896,0.0,0.7019440400042136,0.7019440400042136,,,,1.0
16,hexane_hl_gap_eV,107,1.0000001192092896,0.0,0.7019440400042136,0.7019440400042136,,,,1.0
16,hexane_hl_gap_eV,108,1.0000001192092896,0.0,0.7019440400042136,0.7019440400042136,,,,1.0
16,hexane_hl_gap_eV,109,1.0000001192092896,0.0,0.7019440400042136,0.7019440400042136,,,,1.0
16,hexane_hl_gap_eV,110,1.0000001192092896,0.0,0.7019440400042136,0.7019440400042136,,,,1.0
16,hexane_hl_gap_eV,111,1.0000001192092896,0.0,0.7019440400042136,0.7019440400042136,,,,1.0
16,hexane_hl_gap_eV,112,1.0000001192092896,0.0,0.7019440400042136,0.7019440400042136,,,,1.0
16,hexane_hl_gap_eV,113,1.0000001192092896,0.0,0.7019440400042136,0.7019440400042136,,,,1.0
16,hexane_hl_gap_eV,114,1.0000001192092896,0.0,0.7019440400042136,0.7019440400042136,,,,1.0
16,hexane_hl_gap_eV,115,1.0000001192092896,0.0,0.7019440400042136,0.7019440400042136,,,,1.0
16,hexane_hl_gap_eV,116,1.0000001192092896,0.0,0.7019440400042136,0.7019440400042136,,,,1.0
16,hexane_hl_gap_eV,117,1.0000001192092896,0.0,0.7019440400042136,0.7019440400042136,,,,1.0
16,hexane_hl_gap_eV,118,1.0000001192092896,0.0,0.7019440400042136,0.7019440400042136,,,,1.0
16,hexane_hl_gap_eV,119,1.0000001192092896,0.0,0.7019440400042136,0.7019440400042136,,,,1.0
16,hexane_hl_gap_eV,120,1.0000001192092896,0.0,0.7019440400042136,0.7019440400042136,,,,1.0
16,hexane_hl_gap_eV,121,1.0000001192092896,0.0,0.7019440400042136,0.7019440400042136,,,,1.0
16,hexane_hl_gap_eV,122,1.0000001192092896,0.0,0.7019440400042136,0.7019440400042136,,,,1.0
16,hexane_hl_gap_eV,123,1.0000001192092896,0.0,0.7019440400042136,0.7019440400042136,,,,1.0
16,hexane_hl_gap_eV,124,1.0000001192092896,0.0,0.7019440400042136,0.7019440400042136,,,,1.0
16,hexane_hl_gap_eV,125,1.0000001192092896,0.0,0.7019440400042136,0.7019440400042136,,,,1.0
16,hexane_hl_gap_eV,126,1.0000001192092896,0.0,0.7019440400042136,0.7019440400042136,,,,1.0
16,hexane_hl_gap_eV,127,1.0000001192092896,0.0,0.7019440400042136,0.7019440400042136,,,,1.0
16,hexane_hl_gap_eV,128,1.0000001192092896,0.0,0.7019440400042136,0.7019440400042136,,,,1.0
16,hexane_hl_gap_eV,129,1.0000001192092896,0.0,0.7019440400042136,0.7019440400042136,,,,1.0
16,hexane_hl_gap_eV,130,1.0000001192092896,0.0,0.7019440400042136,0.7019440400042136,,,,1.0
16,hexane_hl_gap_eV,131,1.0000001192092896,0.0,0.7019440400042136,0.7019440400042136,,,,1.0
16,hexane_hl_gap_eV,132,1.0000001192092896,0.0,0.7019440400042136,0.7019440400042136,,,,1.0
16,hexane_hl_gap_eV,133,1.0000001192092896,0.0,0.7019440400042136,0.7019440400042136,,,,1.0
16,hexane_hl_gap_eV,134,1.0000001192092896,0.0,0.7019440400042136,0.7019440400042136,,,,1.0
16,hexane_hl_gap_eV,135,1.0000001192092896,0.0,0.7019440400042136,0.7019440400042136,,,,1.0
16,hexane_hl_gap_eV,136,1.0000001192092896,0.0,0.7019440400042136,0.7019440400042136,,,,1.0
16,hexane_hl_gap_eV,137,1.0000001192092896,0.0,0.7019440400042136,0.7019440400042136,,,,1.0
16,hexane_hl_gap_eV,138,1.0000001192092896,0.0,0.7019440400042136,0.7019440400042136,,,,1.0
16,hexane_hl_gap_eV,139,1.0000001192092896,0.0,0.7019440400042136,0.7019440400042136,,,,1.0
16,hexane_hl_gap_eV,140,1.0000001192092896,0.0,0.7019440400042136,0.7019440400042136,,,,1.0
16,hexane_hl_gap_eV,141,1.0000001192092896,0.0,0.7019440400042136,0.7019440400042136,,,,1.0
16,hexane_hl_gap_eV,142,1.0000001192092896,0.0,0.7019440400042136,0.7019440400042136,,,,1.0
16,hexane_hl_gap_eV,143,1.0000001192092896,0.0,0.7019440400042136,0.7019440400042136,,,,1.0
16,hexane_hl_gap_eV,144,1.0000001192092896,0.0,0.7019440400042136,0.7019440400042136,,,,1.0
16,hexane_hl_gap_eV,145,1.0000001192092896,0.0,0.7019440400042136,0.7019440400042136,,,,1.0
16,hexane_hl_gap_eV,146,1.0000001192092896,0.0,0.7019440400042136,0.7019440400042136,,,,1.0
16,hexane_hl_gap_eV,147,1.0000001192092896,0.0,0.7019440400042136,0.7019440400042136,,,,1.0
16,hexane_hl_gap_eV,148,1.0000001192092896,0.0,0.7019440400042136,0.7019440400042136,,,,1.0
16,hexane_hl_gap_eV,149,1.0000001192092896,0.0,0.7019440400042136,0.7019440400042136,,,,1.0
16,hexane_hl_gap_eV,150,1.0000001192092896,0.0,0.7019440400042136,0.7019440400042136,,,,1.0
16,hexane_hl_gap_eV,151,1.0000001192092896,0.0,0.7019440400042136,0.7019440400042136,,,,1.0
16,hexane_hl_gap_eV,152,1.0000001192092896,0.0,0.7019440400042136,0.7019440400042136,,,,1.0
16,hexane_hl_gap_eV,153,1.0000001192092896,0.0,0.7019440400042136,0.7019440400042136,,,,1.0
16,hexane_hl_gap_eV,154,1.0000001192092896,0.0,0.7019440400042136,0.7019440400042136,,,,1.0
16,hexane_hl_gap_eV,155,1.0000001192092896,0.0,0.7019440400042136,0.7019440400042136,,,,1.0
16,hexane_hl_gap_eV,156,1.0000001192092896,0.0,0.7019440400042136,0.7019440400042136,,,,1.0
16,hexane_hl_gap_eV,157,1.0000001192092896,0.0,0.7019440400042136,0.7019440400042136,,,,1.0
16,hexane_hl_gap_eV,158,1.0000001192092896,0.0,0.7019440400042136,0.7019440400042136,,,,1.0
16,hexane_hl_gap_eV,159,1.0000001192092896,0.0,0.7019440400042136,0.7019440400042136,,,,1.0
16,hexane_hl_gap_eV,160,1.0000001192092896,0.0,0.7019440400042136,0.7019440400042136,,,,1.0
16,hexane_hl_gap_eV,161,1.0000001192092896,0.0,0.7019440400042136,0.7019440400042136,,,,1.0
16,hexane_hl_gap_eV,162,1.0000001192092896,0.0,0.7019440400042136,0.7019440400042136,,,,1.0
16,hexane_hl_gap_eV,163,1.0000001192092896,0.0,0.7019440400042136,0.7019440400042136,,,,1.0
16,hexane_hl_gap_eV,164,1.0000001192092896,0.0,0.7019440400042136,0.7019440400042136,,,,1.0
16,hexane_hl_gap_eV,165,1.0000001192092896,0.0,0.7019440400042136,0.7019440400042136,,,,1.0
16,hexane_hl_gap_eV,166,1.0000001192092896,0.0,0.7019440400042136,0.7019440400042136,,,,1.0
16,hexane_hl_gap_eV,167,1.0000001192092896,0.0,0.7019440400042136,0.7019440400042136,,,,1.0
16,hexane_hl_gap_eV,168,1.0000001192092896,0.0,0.7019440400042136,0.7019440400042136,,,,1.0
16,hexane_hl_gap_eV,169,1.0000001192092896,0.0,0.7019440400042136,0.7019440400042136,,,,1.0
16,hexane_hl_gap_eV,170,1.0000001192092896,0.0,0.7019440400042136,0.7019440400042136,,,,1.0
16,hexane_hl_gap_eV,171,1.0000001192092896,0.0,0.7019440400042136,0.7019440400042136,,,,1.0
16,hexane_hl_gap_eV,172,1.0000001192092896,0.0,0.7019440400042136,0.7019440400042136,,,,1.0
16,hexane_hl_gap_eV,173,1.0000001192092896,0.0,0.7019440400042136,0.7019440400042136,,,,1.0
16,hexane_hl_gap_eV,174,1.0000001192092896,0.0,0.7019440400042136,0.7019440400042136,,,,1.0
16,hexane_hl_gap_eV,175,1.0000001192092896,0.0,0.7019440400042136,0.7019440400042136,,,,1.0
16,hexane_hl_gap_eV,176,1.0000001192092896,0.0,0.7019440400042136,0.7019440400042136,,,,1.0
16,hexane_hl_gap_eV,177,1.0000001192092896,0.0,0.7019440400042136,0.7019440400042136,,,,1.0
16,hexane_hl_gap_eV,178,1.0000001192092896,0.0,0.7019440400042136,0.7019440400042136,,,,1.0
16,hexane_hl_gap_eV,179,1.0000001192092896,0.0,0.7019440400042136,0.7019440400042136,,,,1.0
16,hexane_hl_gap_eV,180,1.0000001192092896,0.0,0.7019440400042136,0.7019440400042136,,,,1.0
16,hexane_hl_gap_eV,181,1.0000001192092896,0.0,0.7019440400042136,0.7019440400042136,,,,1.0
16,hexane_hl_gap_eV,182,1.0000001192092896,0.0,0.7019440400042136,0.7019440400042136,,,,1.0
16,hexane_hl_gap_eV,183,1.0000001192092896,0.0,0.7019440400042136,0.7019440400042136,,,,1.0
16,hexane_hl_gap_eV,184,1.0000001192092896,0.0,0.7019440400042136,0.7019440400042136,,,,1.0
16,hexane_hl_gap_eV,185,1.0000001192092896,0.0,0.7019440400042136,0.7019440400042136,,,,1.0
16,hexane_hl_gap_eV,186,1.0000001192092896,0.0,0.7019440400042136,0.7019440400042136,,,,1.0
16,hexane_hl_gap_eV,187,1.0000001192092896,0.0,0.7019440400042136,0.7019440400042136,,,,1.0
16,hexane_hl_gap_eV,188,1.0000001192092896,0.0,0.7019440400042136,0.7019440400042136,,,,1.0
16,hexane_hl_gap_eV,189,1.0000001192092896,0.0,0.7019440400042136,0.7019440400042136,,,,1.0
16,hexane_hl_gap_eV,190,1.0000001192092896,0.0,0.7019440400042136,0.7019440400042136,,,,1.0
16,hexane_hl_gap_eV,191,1.0000001192092896,0.0,0.7019440400042136,0.7019440400042136,,,,1.0
16,hexane_hl_gap_eV,192,1.0000001192092896,0.0,0.7019440400042136,0.7019440400042136,,,,1.0
16,hexane_hl_gap_eV,193,1.0000001192092896,0.0,0.7019440400042136,0.7019440400042136,,,,1.0
16,hexane_hl_gap_eV,194,1.0000001192092896,0.0,0.7019440400042136,0.7019440400042136,,,,1.0
16,hexane_hl_gap_eV,195,1.0000001192092896,0.0,0.7019440400042136,0.7019440400042136,,,,1.0
16,hexane_hl_gap_eV,196,1.0000001192092896,0.0,0.7019440400042136,0.7019440400042136,,,,1.0
16,hexane_hl_gap_eV,197,1.0000001192092896,0.0,0.7019440400042136,0.7019440400042136,,,,1.0
16,hexane_hl_gap_eV,198,1.0000001192092896,0.0,0.7019440400042136,0.7019440400042136,,,,1.0
16,hexane_hl_gap_eV,199,1.0000001192092896,0.0,0.7019440400042136,0.7019440400042136,,,,1.0
16,hexane_hl_gap_eV,200,1.0000001192092896,0.0,0.7019440400042136,0.7019440400042136,,,,1.0
16,hexane_hl_gap_eV,201,1.0000001192092896,0.0,0.7019440400042136,0.7019440400042136,,,,1.0
16,hexane_hl_gap_eV,202,1.0000001192092896,0.0,0.7019440400042136,0.7019440400042136,,,,1.0
16,hexane_hl_gap_eV,203,1.0000001192092896,0.0,0.7019440400042136,0.7019440400042136,,,,1.0
16,hexane_hl_gap_eV,204,1.0000001192092896,0.0,0.7019440400042136,0.7019440400042136,,,,1.0
16,hexane_hl_gap_eV,205,1.0000001192092896,0.0,0.7019440400042136,0.7019440400042136,,,,1.0
16,hexane_hl_gap_eV,206,1.0000001192092896,0.0,0.7019440400042136,0.7019440400042136,,,,1.0
16,hexane_hl_gap_eV,207,1.0000001192092896,0.0,0.7019440400042136,0.7019440400042136,,,,1.0
16,hexane_hl_gap_eV,208,1.0000001192092896,0.0,0.7019440400042136,0.7019440400042136,,,,1.0
16,hexane_hl_gap_eV,209,1.0000001192092896,0.0,0.7019440400042136,0.7019440400042136,,,,1.0
16,hexane_hl_gap_eV,210,1.0000001192092896,0.0,0.7019440400042136,0.7019440400042136,,,,1.0
16,hexane_hl_gap_eV,211,1.0000001192092896,0.0,0.7019440400042136,0.7019440400042136,,,,1.0
16,hexane_hl_gap_eV,212,1.0000001192092896,0.0,0.7019440400042136,0.7019440400042136,,,,1.0
16,hexane_hl_gap_eV,213,1.0000001192092896,0.0,0.7019440400042136,0.7019440400042136,,,,1.0
16,hexane_hl_gap_eV,214,1.0000001192092896,0.0,0.7019440400042136,0.7019440400042136,,,,1.0
16,hexane_hl_gap_eV,215,1.0000001192092896,0.0,0.7019440400042136,0.7019440400042136,,,,1.0
16,hexane_hl_gap_eV,216,1.0000001192092896,0.0,0.7019440400042136,0.7019440400042136,,,,1.0
16,hexane_hl_gap_eV,217,1.0000001192092896,0.0,0.7019440400042136,0.7019440400042136,,,,1.0
16,hexane_hl_gap_eV,218,1.0000001192092896,0.0,0.7019440400042136,0.7019440400042136,,,,1.0
16,hexane_hl_gap_eV,219,1.0000001192092896,0.0,0.7019440400042136,0.7019440400042136,,,,1.0
16,hexane_hl_gap_eV,220,1.0000001192092896,0.0,0.7019440400042136,0.7019440400042136,,,,1.0
16,hexane_hl_gap_eV,221,1.0000001192092896,0.0,0.7019440400042136,0.7019440400042136,,,,1.0
16,hexane_hl_gap_eV,222,1.0000001192092896,0.0,0.7019440400042136,0.7019440400042136,,,,1.0
16,hexane_hl_gap_eV,223,1.0000001192092896,0.0,0.7019440400042136,0.7019440400042136,,,,1.0
16,hexane_hl_gap_eV,224,1.0000001192092896,0.0,0.7019440400042136,0.7019440400042136,,,,1.0
16,hexane_hl_gap_eV,225,1.0000001192092896,0.0,0.7019440400042136,0.7019440400042136,,,,1.0
16,hexane_hl_gap_eV,226,1.0000001192092896,0.0,0.7019440400042136,0.7019440400042136,,,,1.0
16,hexane_hl_gap_eV,227,1.0000001192092896,0.0,0.7019440400042136,0.7019440400042136,,,,1.0
16,hexane_hl_gap_eV,228,1.0000001192092896,0.0,0.7019440400042136,0.7019440400042136,,,,1.0
16,hexane_hl_gap_eV,229,1.0000001192092896,0.0,0.7019440400042136,0.7019440400042136,,,,1.0
16,hexane_hl_gap_eV,230,1.0000001192092896,0.0,0.7019440400042136,0.7019440400042136,,,,1.0
16,hexane_hl_gap_eV,231,1.0000001192092896,0.0,0.7019440400042136,0.7019440400042136,,,,1.0
16,hexane_hl_gap_eV,232,1.0000001192092896,0.0,0.7019440400042136,0.7019440400042136,,,,1.0
16,hexane_hl_gap_eV,233,1.0000001192092896,0.0,0.7019440400042136,0.7019440400042136,,,,1.0
16,hexane_hl_gap_eV,234,1.0000001192092896,0.0,0.7019440400042136,0.7019440400042136,,,,1.0
16,hexane_hl_gap_eV,235,1.0000001192092896,0.0,0.7019440400042136,0.7019440400042136,,,,1.0
16,hexane_hl_gap_eV,236,1.0000001192092896,0.0,0.7019440400042136,0.7019440400042136,,,,1.0
16,hexane_hl_gap_eV,237,1.0000001192092896,0.0,0.7019440400042136,0.7019440400042136,,,,1.0
16,hexane_hl_gap_eV,238,1.0000001192092896,0.0,0.7019440400042136,0.7019440400042136,,,,1.0
16,hexane_hl_gap_eV,239,1.0000001192092896,0.0,0.7019440400042136,0.7019440400042136,,,,1.0
16,hexane_hl_gap_eV,240,1.0000001192092896,0.0,0.7019440400042136,0.7019440400042136,,,,1.0
16,hexane_hl_gap_eV,241,1.0000001192092896,0.0,0.7019440400042136,0.7019440400042136,,,,1.0
16,hexane_hl_gap_eV,242,1.0000001192092896,0.0,0.7019440400042136,0.7019440400042136,,,,1.0
16,hexane_hl_gap_eV,243,1.0000001192092896,0.0,0.7019440400042136,0.7019440400042136,,,,1.0
16,hexane_hl_gap_eV,244,1.0000001192092896,0.0,0.7019440400042136,0.7019440400042136,,,,1.0
16,hexane_hl_gap_eV,245,1.0000001192092896,0.0,0.7019440400042136,0.7019440400042136,,,,1.0
16,hexane_hl_gap_eV,246,1.0000001192092896,0.0,0.7019440400042136,0.7019440400042136,,,,1.0
16,hexane_hl_gap_eV,247,1.0000001192092896,0.0,0.7019440400042136,0.7019440400042136,,,,1.0
16,hexane_hl_gap_eV,248,1.0000001192092896,0.0,0.7019440400042136,0.7019440400042136,,,,1.0
16,hexane_hl_gap_eV,249,1.0000001192092896,0.0,0.7019440400042136,0.7019440400042136,,,,1.0
16,hexane_dipole,0,1.0000001192092896,0.0,0.6106934611268198,0.6106934611268198,,,,1.0
16,hexane_dipole,1,1.0000001192092896,0.0,0.6106934611268198,0.6106934611268198,,,,1.0
16,hexane_dipole,2,1.0000001192092896,0.0,0.6106934611268198,0.6106934611268198,,,,1.0
16,hexane_dipole,3,1.0000001192092896,0.0,0.6106934611268198,0.6106934611268198,,,,1.0
16,hexane_dipole,4,1.0000001192092896,0.0,0.6106934611268198,0.6106934611268198,,,,1.0
16,hexane_dipole,5,1.0000001192092896,0.0,0.6106934611268198,0.6106934611268198,,,,1.0
16,hexane_dipole,6,1.0000001192092896,0.0,0.6106934611268198,0.6106934611268198,,,,1.0
16,hexane_dipole,7,1.0000001192092896,0.0,0.6106934611268198,0.6106934611268198,,,,1.0
16,hexane_dipole,8,1.0000001192092896,0.0,0.6106934611268198,0.6106934611268198,,,,1.0
16,hexane_dipole,9,1.0000001192092896,0.0,0.6106934611268198,0.6106934611268198,,,,1.0
16,hexane_dipole,10,1.0000001192092896,0.0,0.6106934611268198,0.6106934611268198,,,,1.0
16,hexane_dipole,11,1.0000001192092896,0.0,0.6106934611268198,0.6106934611268198,,,,1.0
16,hexane_dipole,12,1.0000001192092896,0.0,0.6106934611268198,0.6106934611268198,,,,1.0
16,hexane_dipole,13,1.0000001192092896,0.0,0.6106934611268198,0.6106934611268198,,,,1.0
16,hexane_dipole,14,1.0000001192092896,0.0,0.6106934611268198,0.6106934611268198,,,,1.0
16,hexane_dipole,15,1.0000001192092896,0.0,0.6106934611268198,0.6106934611268198,,,,1.0
16,hexane_dipole,16,1.0000001192092896,0.0,0.6106934611268198,0.6106934611268198,,,,1.0
16,hexane_dipole,17,1.0000001192092896,0.0,0.6106934611268198,0.6106934611268198,,,,1.0
16,hexane_dipole,18,1.0000001192092896,0.0,0.6106934611268198,0.6106934611268198,,,,1.0
16,hexane_dipole,19,1.0000001192092896,0.0,0.6106934611268198,0.6106934611268198,,,,1.0
16,hexane_dipole,20,1.0000001192092896,0.0,0.6106934611268198,0.6106934611268198,,,,1.0
16,hexane_dipole,21,1.0000001192092896,0.0,0.6106934611268198,0.6106934611268198,,,,1.0
16,hexane_dipole,22,1.0000001192092896,0.0,0.6106934611268198,0.6106934611268198,,,,1.0
16,hexane_dipole,23,1.0000001192092896,0.0,0.6106934611268198,0.6106934611268198,,,,1.0
16,hexane_dipole,24,1.0000001192092896,0.0,0.6106934611268198,0.6106934611268198,,,,1.0
16,hexane_dipole,25,1.0000001192092896,0.0,0.6106934611268198,0.6106934611268198,,,,1.0
16,hexane_dipole,26,1.0000001192092896,0.0,0.6106934611268198,0.6106934611268198,,,,1.0
16,hexane_dipole,27,1.0000001192092896,0.0,0.6106934611268198,0.6106934611268198,,,,1.0
16,hexane_dipole,28,1.0000001192092896,0.0,0.6106934611268198,0.6106934611268198,,,,1.0
16,hexane_dipole,29,1.0000001192092896,0.0,0.6106934611268198,0.6106934611268198,,,,1.0
16,hexane_dipole,30,1.0000001192092896,0.0,0.6106934611268198,0.6106934611268198,,,,1.0
16,hexane_dipole,31,1.0000001192092896,0.0,0.6106934611268198,0.6106934611268198,,,,1.0
16,hexane_dipole,32,1.0000001192092896,0.0,0.6106934611268198,0.6106934611268198,,,,1.0
16,hexane_dipole,33,1.0000001192092896,0.0,0.6106934611268198,0.6106934611268198,,,,1.0
16,hexane_dipole,34,1.0000001192092896,0.0,0.6106934611268198,0.6106934611268198,,,,1.0
16,hexane_dipole,35,1.0000001192092896,0.0,0.6106934611268198,0.6106934611268198,,,,1.0
16,hexane_dipole,36,1.0000001192092896,0.0,0.6106934611268198,0.6106934611268198,,,,1.0
16,hexane_dipole,37,1.0000001192092896,0.0,0.6106934611268198,0.6106934611268198,,,,1.0
16,hexane_dipole,38,1.0000001192092896,0.0,0.6106934611268198,0.6106934611268198,,,,1.0
16,hexane_dipole,39,1.0000001192092896,0.0,0.6106934611268198,0.6106934611268198,,,,1.0
16,hexane_dipole,40,1.0000001192092896,0.0,0.6106934611268198,0.6106934611268198,,,,1.0
16,hexane_dipole,41,1.0000001192092896,0.0,0.6106934611268198,0.6106934611268198,,,,1.0
16,hexane_dipole,42,1.0000001192092896,0.0,0.6106934611268198,0.6106934611268198,,,,1.0
16,hexane_dipole,43,1.0000001192092896,0.0,0.6106934611268198,0.6106934611268198,,,,1.0
16,hexane_dipole,44,1.0000001192092896,0.0,0.6106934611268198,0.6106934611268198,,,,1.0
16,hexane_dipole,45,1.0000001192092896,0.0,0.6106934611268198,0.6106934611268198,,,,1.0
16,hexane_dipole,46,1.0000001192092896,0.0,0.6106934611268198,0.6106934611268198,,,,1.0
16,hexane_dipole,47,1.0000001192092896,0.0,0.6106934611268198,0.6106934611268198,,,,1.0
16,hexane_dipole,48,1.0000001192092896,0.0,0.6106934611268198,0.6106934611268198,,,,1.0
16,hexane_dipole,49,1.0000001192092896,0.0,0.6106934611268198,0.6106934611268198,,,,1.0
16,hexane_dipole,50,1.0000001192092896,0.0,0.6106934611268198,0.6106934611268198,,,,1.0
16,hexane_dipole,51,1.0000001192092896,0.0,0.6106934611268198,0.6106934611268198,,,,1.0
16,hexane_dipole,52,1.0000001192092896,0.0,0.6106934611268198,0.6106934611268198,,,,1.0
16,hexane_dipole,53,1.0000001192092896,0.0,0.6106934611268198,0.6106934611268198,,,,1.0
16,hexane_dipole,54,1.0000001192092896,0.0,0.6106934611268198,0.6106934611268198,,,,1.0
16,hexane_dipole,55,1.0000001192092896,0.0,0.6106934611268198,0.6106934611268198,,,,1.0
16,hexane_dipole,56,1.0000001192092896,0.0,0.6106934611268198,0.6106934611268198,,,,1.0
16,hexane_dipole,57,1.0000001192092896,0.0,0.6106934611268198,0.6106934611268198,,,,1.0
16,hexane_dipole,58,1.0000001192092896,0.0,0.6106934611268198,0.6106934611268198,,,,1.0
16,hexane_dipole,59,1.0000001192092896,0.0,0.6106934611268198,0.6106934611268198,,,,1.0
16,hexane_dipole,60,1.0000001192092896,0.0,0.6106934611268198,0.6106934611268198,,,,1.0
16,hexane_dipole,61,1.0000001192092896,0.0,0.6106934611268198,0.6106934611268198,,,,1.0
16,hexane_dipole,62,1.0000001192092896,0.0,0.6106934611268198,0.6106934611268198,,,,1.0
16,hexane_dipole,63,1.0000001192092896,0.0,0.6106934611268198,0.6106934611268198,,,,1.0
16,hexane_dipole,64,1.0000001192092896,0.0,0.6106934611268198,0.6106934611268198,,,,1.0
16,hexane_dipole,65,1.0000001192092896,0.0,0.6106934611268198,0.6106934611268198,,,,1.0
16,hexane_dipole,66,1.0000001192092896,0.0,0.6106934611268198,0.6106934611268198,,,,1.0
16,hexane_dipole,67,1.0000001192092896,0.0,0.6106934611268198,0.6106934611268198,,,,1.0
16,hexane_dipole,68,1.0000001192092896,0.0,0.6106934611268198,0.6106934611268198,,,,1.0
16,hexane_dipole,69,1.0000001192092896,0.0,0.6106934611268198,0.6106934611268198,,,,1.0
16,hexane_dipole,70,1.0000001192092896,0.0,0.6106934611268198,0.6106934611268198,,,,1.0
16,hexane_dipole,71,1.0000001192092896,0.0,0.6106934611268198,0.6106934611268198,,,,1.0
16,hexane_dipole,72,1.0000001192092896,0.0,0.6106934611268198,0.6106934611268198,,,,1.0
16,hexane_dipole,73,1.0000001192092896,0.0,0.6106934611268198,0.6106934611268198,,,,1.0
16,hexane_dipole,74,1.0000001192092896,0.0,0.6106934611268198,0.6106934611268198,,,,1.0
16,hexane_dipole,75,1.0000001192092896,0.0,0.6106934611268198,0.6106934611268198,,,,1.0
16,hexane_dipole,76,1.0000001192092896,0.0,0.6106934611268198,0.6106934611268198,,,,1.0
16,hexane_dipole,77,1.0000001192092896,0.0,0.6106934611268198,0.6106934611268198,,,,1.0
16,hexane_dipole,78,1.0000001192092896,0.0,0.6106934611268198,0.6106934611268198,,,,1.0
16,hexane_dipole,79,1.0000001192092896,0.0,0.6106934611268198,0.6106934611268198,,,,1.0
16,hexane_dipole,80,1.0000001192092896,0.0,0.6106934611268198,0.6106934611268198,,,,1.0
16,hexane_dipole,81,1.0000001192092896,0.0,0.6106934611268198,0.6106934611268198,,,,1.0
16,hexane_dipole,82,1.0000001192092896,0.0,0.6106934611268198,0.6106934611268198,,,,1.0
16,hexane_dipole,83,1.0000001192092896,0.0,0.6106934611268198,0.6106934611268198,,,,1.0
16,hexane_dipole,84,1.0000001192092896,0.0,0.6106934611268198,0.6106934611268198,,,,1.0
16,hexane_dipole,85,1.0000001192092896,0.0,0.6106934611268198,0.6106934611268198,,,,1.0
16,hexane_dipole,86,1.0000001192092896,0.0,0.6106934611268198,0.6106934611268198,,,,1.0
16,hexane_dipole,87,1.0000001192092896,0.0,0.6106934611268198,0.6106934611268198,,,,1.0
16,hexane_dipole,88,1.0000001192092896,0.0,0.6106934611268198,0.6106934611268198,,,,1.0
16,hexane_dipole,89,1.0000001192092896,0.0,0.6106934611268198,0.6106934611268198,,,,1.0
16,hexane_dipole,90,1.0000001192092896,0.0,0.6106934611268198,0.6106934611268198,,,,1.0
16,hexane_dipole,91,1.0000001192092896,0.0,0.6106934611268198,0.6106934611268198,,,,1.0
16,hexane_dipole,92,1.0000001192092896,0.0,0.6106934611268198,0.6106934611268198,,,,1.0
16,hexane_dipole,93,1.0000001192092896,0.0,0.6106934611268198,0.6106934611268198,,,,1.0
16,hexane_dipole,94,1.0000001192092896,0.0,0.6106934611268198,0.6106934611268198,,,,1.0
16,hexane_dipole,95,1.0000001192092896,0.0,0.6106934611268198,0.6106934611268198,,,,1.0
16,hexane_dipole,96,1.0000001192092896,0.0,0.6106934611268198,0.6106934611268198,,,,1.0
16,hexane_dipole,97,1.0000001192092896,0.0,0.6106934611268198,0.6106934611268198,,,,1.0
16,hexane_dipole,98,1.0000001192092896,0.0,0.6106934611268198,0.6106934611268198,,,,1.0
16,hexane_dipole,99,1.0000001192092896,0.0,0.6106934611268198,0.6106934611268198,,,,1.0
16,hexane_dipole,100,1.0000001192092896,0.0,0.6106934611268198,0.6106934611268198,,,,1.0
16,hexane_dipole,101,1.0000001192092896,0.0,0.6106934611268198,0.6106934611268198,,,,1.0
16,hexane_dipole,102,1.0000001192092896,0.0,0.6106934611268198,0.6106934611268198,,,,1.0
16,hexane_dipole,103,1.0000001192092896,0.0,0.6106934611268198,0.6106934611268198,,,,1.0
16,hexane_dipole,104,1.0000001192092896,0.0,0.6106934611268198,0.6106934611268198,,,,1.0
16,hexane_dipole,105,1.0000001192092896,0.0,0.6106934611268198,0.6106934611268198,,,,1.0
16,hexane_dipole,106,1.0000001192092896,0.0,0.6106934611268198,0.6106934611268198,,,,1.0
16,hexane_dipole,107,1.0000001192092896,0.0,0.6106934611268198,0.6106934611268198,,,,1.0
16,hexane_dipole,108,1.0000001192092896,0.0,0.6106934611268198,0.6106934611268198,,,,1.0
16,hexane_dipole,109,1.0000001192092896,0.0,0.6106934611268198,0.6106934611268198,,,,1.0
16,hexane_dipole,110,1.0000001192092896,0.0,0.6106934611268198,0.6106934611268198,,,,1.0
16,hexane_dipole,111,1.0000001192092896,0.0,0.6106934611268198,0.6106934611268198,,,,1.0
16,hexane_dipole,112,1.0000001192092896,0.0,0.6106934611268198,0.6106934611268198,,,,1.0
16,hexane_dipole,113,1.0000001192092896,0.0,0.6106934611268198,0.6106934611268198,,,,1.0
16,hexane_dipole,114,1.0000001192092896,0.0,0.6106934611268198,0.6106934611268198,,,,1.0
16,hexane_dipole,115,1.0000001192092896,0.0,0.6106934611268198,0.6106934611268198,,,,1.0
16,hexane_dipole,116,1.0000001192092896,0.0,0.6106934611268198,0.6106934611268198,,,,1.0
16,hexane_dipole,117,1.0000001192092896,0.0,0.6106934611268198,0.6106934611268198,,,,1.0
16,hexane_dipole,118,1.0000001192092896,0.0,0.6106934611268198,0.6106934611268198,,,,1.0
16,hexane_dipole,119,1.0000001192092896,0.0,0.6106934611268198,0.6106934611268198,,,,1.0
16,hexane_dipole,120,1.0000001192092896,0.0,0.6106934611268198,0.6106934611268198,,,,1.0
16,hexane_dipole,121,1.0000001192092896,0.0,0.6106934611268198,0.6106934611268198,,,,1.0
16,hexane_dipole,122,1.0000001192092896,0.0,0.6106934611268198,0.6106934611268198,,,,1.0
16,hexane_dipole,123,1.0000001192092896,0.0,0.6106934611268198,0.6106934611268198,,,,1.0
16,hexane_dipole,124,1.0000001192092896,0.0,0.6106934611268198,0.6106934611268198,,,,1.0
16,hexane_dipole,125,1.0000001192092896,0.0,0.6106934611268198,0.6106934611268198,,,,1.0
16,hexane_dipole,126,1.0000001192092896,0.0,0.6106934611268198,0.6106934611268198,,,,1.0
16,hexane_dipole,127,1.0000001192092896,0.0,0.6106934611268198,0.6106934611268198,,,,1.0
16,hexane_dipole,128,1.0000001192092896,0.0,0.6106934611268198,0.6106934611268198,,,,1.0
16,hexane_dipole,129,1.0000001192092896,0.0,0.6106934611268198,0.6106934611268198,,,,1.0
16,hexane_dipole,130,1.0000001192092896,0.0,0.6106934611268198,0.6106934611268198,,,,1.0
16,hexane_dipole,131,1.0000001192092896,0.0,0.6106934611268198,0.6106934611268198,,,,1.0
16,hexane_dipole,132,1.0000001192092896,0.0,0.6106934611268198,0.6106934611268198,,,,1.0
16,hexane_dipole,133,1.0000001192092896,0.0,0.6106934611268198,0.6106934611268198,,,,1.0
16,hexane_dipole,134,1.0000001192092896,0.0,0.6106934611268198,0.6106934611268198,,,,1.0
16,hexane_dipole,135,1.0000001192092896,0.0,0.6106934611268198,0.6106934611268198,,,,1.0
16,hexane_dipole,136,1.0000001192092896,0.0,0.6106934611268198,0.6106934611268198,,,,1.0
16,hexane_dipole,137,1.0000001192092896,0.0,0.6106934611268198,0.6106934611268198,,,,1.0
16,hexane_dipole,138,1.0000001192092896,0.0,0.6106934611268198,0.6106934611268198,,,,1.0
16,hexane_dipole,139,1.0000001192092896,0.0,0.6106934611268198,0.6106934611268198,,,,1.0
16,hexane_dipole,140,1.0000001192092896,0.0,0.6106934611268198,0.6106934611268198,,,,1.0
16,hexane_dipole,141,1.0000001192092896,0.0,0.6106934611268198,0.6106934611268198,,,,1.0
16,hexane_dipole,142,1.0000001192092896,0.0,0.6106934611268198,0.6106934611268198,,,,1.0
16,hexane_dipole,143,1.0000001192092896,0.0,0.6106934611268198,0.6106934611268198,,,,1.0
16,hexane_dipole,144,1.0000001192092896,0.0,0.6106934611268198,0.6106934611268198,,,,1.0
16,hexane_dipole,145,1.0000001192092896,0.0,0.6106934611268198,0.6106934611268198,,,,1.0
16,hexane_dipole,146,1.0000001192092896,0.0,0.6106934611268198,0.6106934611268198,,,,1.0
16,hexane_dipole,147,1.0000001192092896,0.0,0.6106934611268198,0.6106934611268198,,,,1.0
16,hexane_dipole,148,1.0000001192092896,0.0,0.6106934611268198,0.6106934611268198,,,,1.0
16,hexane_dipole,149,1.0000001192092896,0.0,0.6106934611268198,0.6106934611268198,,,,1.0
16,hexane_dipole,150,1.0000001192092896,0.0,0.6106934611268198,0.6106934611268198,,,,1.0
16,hexane_dipole,151,1.0000001192092896,0.0,0.6106934611268198,0.6106934611268198,,,,1.0
16,hexane_dipole,152,1.0000001192092896,0.0,0.6106934611268198,0.6106934611268198,,,,1.0
16,hexane_dipole,153,1.0000001192092896,0.0,0.6106934611268198,0.6106934611268198,,,,1.0
16,hexane_dipole,154,1.0000001192092896,0.0,0.6106934611268198,0.6106934611268198,,,,1.0
16,hexane_dipole,155,1.0000001192092896,0.0,0.6106934611268198,0.6106934611268198,,,,1.0
16,hexane_dipole,156,1.0000001192092896,0.0,0.6106934611268198,0.6106934611268198,,,,1.0
16,hexane_dipole,157,1.0000001192092896,0.0,0.6106934611268198,0.6106934611268198,,,,1.0
16,hexane_dipole,158,1.0000001192092896,0.0,0.6106934611268198,0.6106934611268198,,,,1.0
16,hexane_dipole,159,1.0000001192092896,0.0,0.6106934611268198,0.6106934611268198,,,,1.0
16,hexane_dipole,160,1.0000001192092896,0.0,0.6106934611268198,0.6106934611268198,,,,1.0
16,hexane_dipole,161,1.0000001192092896,0.0,0.6106934611268198,0.6106934611268198,,,,1.0
16,hexane_dipole,162,1.0000001192092896,0.0,0.6106934611268198,0.6106934611268198,,,,1.0
16,hexane_dipole,163,1.0000001192092896,0.0,0.6106934611268198,0.6106934611268198,,,,1.0
16,hexane_dipole,164,1.0000001192092896,0.0,0.6106934611268198,0.6106934611268198,,,,1.0
16,hexane_dipole,165,1.0000001192092896,0.0,0.6106934611268198,0.6106934611268198,,,,1.0
16,hexane_dipole,166,1.0000001192092896,0.0,0.6106934611268198,0.6106934611268198,,,,1.0
16,hexane_dipole,167,1.0000001192092896,0.0,0.6106934611268198,0.6106934611268198,,,,1.0
16,hexane_dipole,168,1.0000001192092896,0.0,0.6106934611268198,0.6106934611268198,,,,1.0
16,hexane_dipole,169,1.0000001192092896,0.0,0.6106934611268198,0.6106934611268198,,,,1.0
16,hexane_dipole,170,1.0000001192092896,0.0,0.6106934611268198,0.6106934611268198,,,,1.0
16,hexane_dipole,171,1.0000001192092896,0.0,0.6106934611268198,0.6106934611268198,,,,1.0
16,hexane_dipole,172,1.0000001192092896,0.0,0.6106934611268198,0.6106934611268198,,,,1.0
16,hexane_dipole,173,1.0000001192092896,0.0,0.6106934611268198,0.6106934611268198,,,,1.0
16,hexane_dipole,174,1.0000001192092896,0.0,0.6106934611268198,0.6106934611268198,,,,1.0
16,hexane_dipole,175,1.0000001192092896,0.0,0.6106934611268198,0.6106934611268198,,,,1.0
16,hexane_dipole,176,1.0000001192092896,0.0,0.6106934611268198,0.6106934611268198,,,,1.0
16,hexane_dipole,177,1.0000001192092896,0.0,0.6106934611268198,0.6106934611268198,,,,1.0
16,hexane_dipole,178,1.0000001192092896,0.0,0.6106934611268198,0.6106934611268198,,,,1.0
16,hexane_dipole,179,1.0000001192092896,0.0,0.6106934611268198,0.6106934611268198,,,,1.0
16,hexane_dipole,180,1.0000001192092896,0.0,0.6106934611268198,0.6106934611268198,,,,1.0
16,hexane_dipole,181,1.0000001192092896,0.0,0.6106934611268198,0.6106934611268198,,,,1.0
16,hexane_dipole,182,1.0000001192092896,0.0,0.6106934611268198,0.6106934611268198,,,,1.0
16,hexane_dipole,183,1.0000001192092896,0.0,0.6106934611268198,0.6106934611268198,,,,1.0
16,hexane_dipole,184,1.0000001192092896,0.0,0.6106934611268198,0.6106934611268198,,,,1.0
16,hexane_dipole,185,1.0000001192092896,0.0,0.6106934611268198,0.6106934611268198,,,,1.0
16,hexane_dipole,186,1.0000001192092896,0.0,0.6106934611268198,0.6106934611268198,,,,1.0
16,hexane_dipole,187,1.0000001192092896,0.0,0.6106934611268198,0.6106934611268198,,,,1.0
16,hexane_dipole,188,1.0000001192092896,0.0,0.6106934611268198,0.6106934611268198,,,,1.0
16,hexane_dipole,189,1.0000001192092896,0.0,0.6106934611268198,0.6106934611268198,,,,1.0
16,hexane_dipole,190,1.0000001192092896,0.0,0.6106934611268198,0.6106934611268198,,,,1.0
16,hexane_dipole,191,1.0000001192092896,0.0,0.6106934611268198,0.6106934611268198,,,,1.0
16,hexane_dipole,192,1.0000001192092896,0.0,0.6106934611268198,0.6106934611268198,,,,1.0
16,hexane_dipole,193,1.0000001192092896,0.0,0.6106934611268198,0.6106934611268198,,,,1.0
16,hexane_dipole,194,1.0000001192092896,0.0,0.6106934611268198,0.6106934611268198,,,,1.0
16,hexane_dipole,195,1.0000001192092896,0.0,0.6106934611268198,0.6106934611268198,,,,1.0
16,hexane_dipole,196,1.0000001192092896,0.0,0.6106934611268198,0.6106934611268198,,,,1.0
16,hexane_dipole,197,1.0000001192092896,0.0,0.6106934611268198,0.6106934611268198,,,,1.0
16,hexane_dipole,198,1.0000001192092896,0.0,0.6106934611268198,0.6106934611268198,,,,1.0
16,hexane_dipole,199,1.0000001192092896,0.0,0.6106934611268198,0.6106934611268198,,,,1.0
16,hexane_dipole,200,1.0000001192092896,0.0,0.6106934611268198,0.6106934611268198,,,,1.0
16,hexane_dipole,201,1.0000001192092896,0.0,0.6106934611268198,0.6106934611268198,,,,1.0
16,hexane_dipole,202,1.0000001192092896,0.0,0.6106934611268198,0.6106934611268198,,,,1.0
16,hexane_dipole,203,1.0000001192092896,0.0,0.6106934611268198,0.6106934611268198,,,,1.0
16,hexane_dipole,204,1.0000001192092896,0.0,0.6106934611268198,0.6106934611268198,,,,1.0
16,hexane_dipole,205,1.0000001192092896,0.0,0.6106934611268198,0.6106934611268198,,,,1.0
16,hexane_dipole,206,1.0000001192092896,0.0,0.6106934611268198,0.6106934611268198,,,,1.0
16,hexane_dipole,207,1.0000001192092896,0.0,0.6106934611268198,0.6106934611268198,,,,1.0
16,hexane_dipole,208,1.0000001192092896,0.0,0.6106934611268198,0.6106934611268198,,,,1.0
16,hexane_dipole,209,1.0000001192092896,0.0,0.6106934611268198,0.6106934611268198,,,,1.0
16,hexane_dipole,210,1.0000001192092896,0.0,0.6106934611268198,0.6106934611268198,,,,1.0
16,hexane_dipole,211,1.0000001192092896,0.0,0.6106934611268198,0.6106934611268198,,,,1.0
16,hexane_dipole,212,1.0000001192092896,0.0,0.6106934611268198,0.6106934611268198,,,,1.0
16,hexane_dipole,213,1.0000001192092896,0.0,0.6106934611268198,0.6106934611268198,,,,1.0
16,hexane_dipole,214,1.0000001192092896,0.0,0.6106934611268198,0.6106934611268198,,,,1.0
16,hexane_dipole,215,1.0000001192092896,0.0,0.6106934611268198,0.6106934611268198,,,,1.0
16,hexane_dipole,216,1.0000001192092896,0.0,0.6106934611268198,0.6106934611268198,,,,1.0
16,hexane_dipole,217,1.0000001192092896,0.0,0.6106934611268198,0.6106934611268198,,,,1.0
16,hexane_dipole,218,1.0000001192092896,0.0,0.6106934611268198,0.6106934611268198,,,,1.0
16,hexane_dipole,219,1.0000001192092896,0.0,0.6106934611268198,0.6106934611268198,,,,1.0
16,hexane_dipole,220,1.0000001192092896,0.0,0.6106934611268198,0.6106934611268198,,,,1.0
16,hexane_dipole,221,1.0000001192092896,0.0,0.6106934611268198,0.6106934611268198,,,,1.0
16,hexane_dipole,222,1.0000001192092896,0.0,0.6106934611268198,0.6106934611268198,,,,1.0
16,hexane_dipole,223,1.0000001192092896,0.0,0.6106934611268198,0.6106934611268198,,,,1.0
16,hexane_dipole,224,1.0000001192092896,0.0,0.6106934611268198,0.6106934611268198,,,,1.0
16,hexane_dipole,225,1.0000001192092896,0.0,0.6106934611268198,0.6106934611268198,,,,1.0
16,hexane_dipole,226,1.0000001192092896,0.0,0.6106934611268198,0.6106934611268198,,,,1.0
16,hexane_dipole,227,1.0000001192092896,0.0,0.6106934611268198,0.6106934611268198,,,,1.0
16,hexane_dipole,228,1.0000001192092896,0.0,0.6106934611268198,0.6106934611268198,,,,1.0
16,hexane_dipole,229,1.0000001192092896,0.0,0.6106934611268198,0.6106934611268198,,,,1.0
16,hexane_dipole,230,1.0000001192092896,0.0,0.6106934611268198,0.6106934611268198,,,,1.0
16,hexane_dipole,231,1.0000001192092896,0.0,0.6106934611268198,0.6106934611268198,,,,1.0
16,hexane_dipole,232,1.0000001192092896,0.0,0.6106934611268198,0.6106934611268198,,,,1.0
16,hexane_dipole,233,1.0000001192092896,0.0,0.6106934611268198,0.6106934611268198,,,,1.0
16,hexane_dipole,234,1.0000001192092896,0.0,0.6106934611268198,0.6106934611268198,,,,1.0
16,hexane_dipole,235,1.0000001192092896,0.0,0.6106934611268198,0.6106934611268198,,,,1.0
16,hexane_dipole,236,1.0000001192092896,0.0,0.6106934611268198,0.6106934611268198,,,,1.0
16,hexane_dipole,237,1.0000001192092896,0.0,0.6106934611268198,0.6106934611268198,,,,1.0
16,hexane_dipole,238,1.0000001192092896,0.0,0.6106934611268198,0.6106934611268198,,,,1.0
16,hexane_dipole,239,1.0000001192092896,0.0,0.6106934611268198,0.6106934611268198,,,,1.0
16,hexane_dipole,240,1.0000001192092896,0.0,0.6106934611268198,0.6106934611268198,,,,1.0
16,hexane_dipole,241,1.0000001192092896,0.0,0.6106934611268198,0.6106934611268198,,,,1.0
16,hexane_dipole,242,1.0000001192092896,0.0,0.6106934611268198,0.6106934611268198,,,,1.0
16,hexane_dipole,243,1.0000001192092896,0.0,0.6106934611268198,0.6106934611268198,,,,1.0
16,hexane_dipole,244,1.0000001192092896,0.0,0.6106934611268198,0.6106934611268198,,,,1.0
16,hexane_dipole,245,1.0000001192092896,0.0,0.6106934611268198,0.6106934611268198,,,,1.0
16,hexane_dipole,246,1.0000001192092896,0.0,0.6106934611268198,0.6106934611268198,,,,1.0
16,hexane_dipole,247,1.0000001192092896,0.0,0.6106934611268198,0.6106934611268198,,,,1.0
16,hexane_dipole,248,1.0000001192092896,0.0,0.6106934611268198,0.6106934611268198,,,,1.0
16,hexane_dipole,249,1.0000001192092896,0.0,0.6106934611268198,0.6106934611268198,,,,1.0
17,sco_kcal,0,0.11731985211372375,0.013600979000329971,0.631560665675051,0.9542278086022582,2.8494009971618652,0.19239941239356995,0.0675227574445326,0.02
17,sco_kcal,1,0.37002912163734436,0.04033391550183296,0.6223580101023258,0.9161732049060323,7.812539100646973,2.6242640018463135,0.33590411107561596,0.18
17,sco_kcal,2,0.13932931423187256,0.035888731479644775,0.5996949251069743,0.9442242700051859,6.1925950050354,0.38117602467536926,0.061553520675164876,0.08
17,sco_kcal,3,0.7270398736000061,0.014350094832479954,0.6657992234910624,0.9070796264214205,3.08681321144104,2.5027379989624023,0.8107837525400607,0.52
17,sco_kcal,4,0.043263766914606094,0.06573976576328278,0.615097506336284,0.9510096657619767,12.29348087310791,0.10160569846630096,0.008265006430242574,0.04
17,sco_kcal,5,0.812929093837738,0.009983097203075886,0.6845988359333419,0.915896985058692,2.1589195728302,2.5299484729766846,1.171858602245238,0.66
17,sco_kcal,6,0.06422754377126694,0.04297375679016113,0.6239399254809153,0.9534505170532668,8.303783416748047,0.13429683446884155,0.01617296932359482,0.06
17,sco_kcal,7,0.056890714913606644,0.029614221304655075,0.6620362047005668,0.9617589411649632,6.5530924797058105,0.13449512422084808,0.02052391670609935,0.04
17,sco_kcal,8,0.15238960087299347,0.01728232204914093,0.612705206791478,0.9620342055156439,3.334256172180176,0.2810022234916687,0.08427733472798202,0.08
17,sco_kcal,9,0.1050620824098587,0.01834528148174286,0.6408438951188393,0.9569741093782866,3.8639354705810547,0.08471651375293732,0.02192492975049548,0.06
17,sco_kcal,10,0.6097794771194458,0.011641526594758034,0.6267679733695237,0.9035376896922167,2.319005250930786,1.5039631128311157,0.6485380368274136,0.4
17,sco_kcal,11,0.8558632731437683,0.013000001199543476,0.7222604664768426,0.9220182481387262,2.9370744228363037,4.162038326263428,1.4170694123045708,0.62
17,sco_kcal,12,0.5275886058807373,0.011594725772738457,0.627812150014871,0.9458968892219739,2.295168161392212,1.0480154752731323,0.4566181654582656,0.34
17,sco_kcal,13,0.30603253841400146,0.015018649399280548,0.6193225372440796,0.9204734724732491,3.0430078506469727,0.7323275208473206,0.24065909678531414,0.14
17,sco_kcal,14,0.6263471245765686,0.016765344887971878,0.6602444521577684,0.8988489752548745,3.566676139831543,2.503499746322632,0.7019139524231864,0.4
17,sco_kcal,15,0.1805136501789093,0.030077971518039703,0.5976092864349012,0.9409947561502523,5.302486419677734,0.4097510278224945,0.07727526209249541,0.1
17,sco_kcal,16,0.10995228588581085,0.016384152695536613,0.64395873734918,0.9667159619724253,3.348715305328369,0.0870213434100151,0.025986486003020177,0.02
17,sco_kcal,17,0.8209688067436218,0.005866718478500843,0.7202276659002922,0.9084838318502102,1.4211455583572388,1.7102395296096802,1.2034231958523778,0.72
17,sco_kcal,18,0.21910971403121948,0.05243636295199394,0.5892849000678484,0.8945052327951555,9.043131828308105,1.7083141803741455,0.18890736227316027,0.1
17,sco_kcal,19,0.04196760430932045,0.07982959598302841,0.662547564963738,0.9328256045749566,17.36650276184082,0.2097724974155426,0.012079144563088019,0.0
17,sco_kcal,20,0.5047934651374817,0.01716434210538864,0.620709462689045,0.911781551510392,3.3469576835632324,1.5928822755813599,0.47591945467489394,0.28
17,sco_kcal,21,0.11207596957683563,0.010548952966928482,0.6283156626899586,0.9602377772703685,2.1885805130004883,0.07994802296161652,0.03652962387571011,0.08
17,sco_kcal,22,0.5481426119804382,0.018131231889128685,0.6184041455005538,0.9002580765399388,3.5369980335235596,2.0275325775146484,0.5732354268500452,0.36
17,sco_kcal,23,0.08208415657281876,0.04946731775999069,0.6593721015198539,0.9330836507797544,10.599823951721191,0.23319384455680847,0.02199978467745614,0.02
17,sco_kcal,24,0.15414568781852722,0.016205457970499992,0.6593092957647657,0.9575140093937988,3.581432342529297,0.07927358150482178,0.02213460256206789,0.14
17,sco_kcal,25,0.30016613006591797,0.009089798666536808,0.6285765671577328,0.9424922016245465,1.9595799446105957,0.3255147337913513,0.16611454648054028,0.1
17,sco_kcal,26,0.47693175077438354,0.018848130479454994,0.6433999592807731,0.892441043452064,3.892540454864502,1.9831169843673706,0.5094659920333191,0.16
17,sco_kcal,27,0.14168702065944672,0.025565147399902344,0.62883148160424,0.9480951029551776,5.060173511505127,0.16867315769195557,0.033333473112819104,0.06
17,sco_kcal,28,0.45971202850341797,0.01623554155230522,0.6541363903447228,0.9149228686743704,3.52666974067688,1.3920878171920776,0.3947315511672754,0.3
17,sco_kcal,29,0.35199591517448425,0.015615731477737427,0.6666333922016945,0.9212014565649351,3.5997989177703857,0.8791236877441406,0.24421466527042715,0.1
17,sco_kcal,30,0.4857949912548065,0.025360437110066414,0.6666039690360859,0.916079506483479,5.62439489364624,2.943671941757202,0.5233757581784675,0.2
17,sco_kcal,31,0.07241912186145782,0.026098594069480896,0.6333495446164683,0.9639340112277504,5.217906951904297,0.17479822039604187,0.03349968138704515,0.02
17,sco_kcal,32,0.17946624755859375,0.019166942685842514,0.6563567835564954,0.950585459331605,4.241352558135986,0.5342176556587219,0.12595455066190087,0.06
17,sco_kcal,33,0.5295277237892151,0.023838404566049576,0.6267313139849537,0.9061195587517052,4.696105003356934,2.7715091705322266,0.5901718910780442,0.36
17,sco_kcal,34,0.29783084988594055,0.03510928899049759,0.6105960721063479,0.9235787901824972,6.4319047927856445,1.4237275123596191,0.22135394696086688,0.14
17,sco_kcal,35,0.20019710063934326,0.021604586392641068,0.6453786941284685,0.9324430950193847,4.593565940856934,0.43057650327682495,0.09373469518465224,0.08
17,sco_kcal,36,0.2986881136894226,0.04652507230639458,0.6572091269309188,0.8928814020900457,10.290635108947754,2.7864012718200684,0.27077058338190224,0.1
17,sco_kcal,37,0.41280287504196167,0.014584671705961227,0.6617937123675024,0.929119911493677,3.2267894744873047,1.3082393407821655,0.4054306458868154,0.12
17,sco_kcal,38,0.6062332391738892,0.012111015617847443,0.658892916228321,0.90290000427796,2.6341745853424072,1.8682199716567993,0.7092240514551756,0.46
17,sco_kcal,39,0.16550257802009583,0.01933148317039013,0.6315275697714415,0.9641852400057007,3.9945311546325684,0.11493184417486191,0.028772298857044153,0.14
17,sco_kcal,40,0.14817672967910767,0.017362283542752266,0.661067857818187,0.9740833150904507,3.868438959121704,0.19701755046844482,0.05092947117696694,0.06
17,sco_kcal,41,0.799562931060791,0.016553042456507683,0.6852764132821942,0.9028817575163437,3.618323802947998,4.198469638824463,1.1603355220458147,0.72
17,sco_kcal,42,0.4838985204696655,0.02162187173962593,0.6272230076251213,0.9228855043220605,4.254875659942627,1.9629758596420288,0.4613474086028868,0.26
17,sco_kcal,43,0.1732432246208191,0.019732389599084854,0.623648720194462,0.9582990273187069,3.869844436645508,0.15734905004501343,0.04066030369463846,0.12
17,sco_kcal,44,0.08730527758598328,0.09232696145772934,0.6505738842973587,0.933247583774724,19.548179626464844,1.1850454807281494,0.06062178184222348,0.02
17,sco_kcal,45,0.4610239267349243,0.01879262737929821,0.656309302452784,0.9351662769626052,4.0029449462890625,1.691843867301941,0.4226497965879765,0.3
17,sco_kcal,46,0.2195444405078888,0.01370937842875719,0.626193274070318,0.9555446213976042,2.767017126083374,0.11602038145065308,0.041929766302124874,0.18
17,sco_kcal,47,0.7930045127868652,0.009486939758062363,0.7151312728155661,0.9158602129525641,2.2851366996765137,2.5299031734466553,1.1071123989233516,0.6
17,sco_kcal,48,0.31937357783317566,0.03490167111158371,0.6298364039941,0.9097137840720548,7.002270221710205,1.8505839109420776,0.2642834184268454,0.18
17,sco_kcal,49,0.19863101840019226,0.032100629061460495,0.6103433064152388,0.9257473226939303,5.906656742095947,0.17866113781929016,0.030247421785321683,0.12
17,sco_kcal,50,0.1364002525806427,0.012528656050562859,0.6641237553344053,0.9478120606814882,2.8760056495666504,0.2336054891347885,0.08122567115610069,0.1
17,sco_kcal,51,0.22236452996730804,0.013104220852255821,0.6315555654997314,0.9623043338125381,2.7892069816589355,0.03543465957045555,0.012704205820315312,0.12
17,sco_kcal,52,0.49574780464172363,0.04437995329499245,0.6487292598813625,0.8912459083732014,9.224535942077637,4.67120885848999,0.506389577516015,0.28
17,sco_kcal,53,0.2950994372367859,0.02402501553297043,0.6168654512753093,0.9339509182778893,4.492983818054199,0.7900699973106384,0.17584527995313332,0.2
17,sco_kcal,54,0.20100724697113037,0.01637045294046402,0.6526779002006509,0.9386686941975408,3.5435962677001953,0.273192435503006,0.07709468428814796,0.14
17,sco_kcal,55,0.39862796664237976,0.015738200396299362,0.6414782179454079,0.9319477443667585,3.265153408050537,1.087307333946228,0.3330034451874057,0.16
17,sco_kcal,56,0.27343839406967163,0.027958428487181664,0.6524751086021503,0.9531917245138473,6.282408237457275,1.216991901397705,0.1937142343188871,0.1
17,sco_kcal,57,0.20184026658535004,0.01564880460500717,0.6611316233602129,0.9582622111694354,3.524855136871338,0.054933950304985046,0.015584739846569818,0.18
17,sco_kcal,58,0.33453211188316345,0.01225412730127573,0.6592993999990593,0.9338247534625836,2.814319610595703,0.6101508736610413,0.21680226771823244,0.12
17,sco_kcal,59,0.13367705047130585,0.015981120988726616,0.6418466970840491,0.9402134626846097,3.5051767826080322,0.1560099720954895,0.044508446155862656,0.08
17,sco_kcal,60,0.2030401974916458,0.013897591270506382,0.6322567913823107,0.9455356864935802,2.8021163940429688,0.4338490068912506,0.15482904557911015,0.08
17,sco_kcal,61,0.15284083783626556,0.027702659368515015,0.6525245238943731,0.928764074034867,5.906519889831543,0.5409795045852661,0.09159022820131317,0.04
17,sco_kcal,62,0.09710859507322311,0.026531830430030823,0.6374399115448623,0.9330843601595178,5.440095901489258,0.2726038694381714,0.050110122022581347,0.04
17,sco_kcal,63,0.08383231610059738,0.019151872023940086,0.6210396130704829,0.9579243111410316,3.728363513946533,0.182621568441391,0.04898169606001833,0.04
17,sco_kcal,64,0.45809710025787354,0.01775825396180153,0.627034965657093,0.9263953675943137,3.4878926277160645,1.4727506637573242,0.42224656001572736,0.2
17,sco_kcal,65,0.11915614455938339,0.017186082899570465,0.6423298625948715,0.9557865248914947,3.664186954498291,0.05076201260089874,0.013853554207593426,0.08
17,sco_kcal,66,0.13790588080883026,0.03432195633649826,0.6422769563955952,0.9455870796259493,6.923266410827637,0.14997369050979614,0.02166227350073441,0.06
17,sco_kcal,67,0.20668168365955353,0.013159899041056633,0.6060930218965144,0.947464343799648,2.501333475112915,0.32359424233436584,0.12936869296076492,0.1
17,sco_kcal,68,0.6476210951805115,0.01523591298609972,0.6626102184518725,0.925639064108674,3.209810733795166,2.2227067947387695,0.6924728524758592,0.48
17,sco_kcal,69,0.5476264357566833,0.03177716210484505,0.6723178751772867,0.9133661272419047,7.243940353393555,2.987178087234497,0.41236922745161747,0.36
17,sco_kcal,70,0.8924587368965149,0.009604722261428833,0.7475415491564363,0.9168900763165289,2.3254947662353516,3.9783177375793457,1.7107403531248027,0.84
17,sco_kcal,71,0.1852325201034546,0.01566728949546814,0.626559596107455,0.9662181220179509,3.1681406497955322,0.23368072509765625,0.07375958043805211,0.1
17,sco_kcal,72,0.5574631690979004,0.019021887332201004,0.657650670910666,0.9066085942840847,4.013038635253906,2.2781317234039307,0.5676824796529257,0.28
17,sco_kcal,73,0.20457351207733154,0.024457458406686783,0.6658450684864707,0.9500602458050904,5.349868297576904,0.9559720158576965,0.17869075698380862,0.06
17,sco_kcal,74,0.1470692753791809,0.019813019782304764,0.6665516998530963,0.9539651911486642,4.4019269943237305,0.16108673810958862,0.036594595575371744,0.1
17,sco_kcal,75,0.5116152763366699,0.013338026590645313,0.6212232850803046,0.9158757434382498,2.6364378929138184,1.2554950714111328,0.47620885543544766,0.28
17,sco_kcal,76,0.19976364076137543,0.026311449706554413,0.6116484813475973,0.9528559358830688,5.00895881652832,0.208807110786438,0.0416867294052062,0.16
17,sco_kcal,77,0.4847957193851471,0.019365590065717697,0.6713443347100816,0.9224239316645471,4.344089508056641,1.834520936012268,0.4223027478162977,0.22
17,sco_kcal,78,0.43141961097717285,0.021044446155428886,0.6114380076944403,0.9029295688161367,3.946500301361084,1.5122758150100708,0.38319414659325157,0.16
17,sco_kcal,79,0.09656039625406265,0.02819327637553215,0.626858214980528,0.9651580800749375,5.491417407989502,0.11899390071630478,0.02166906863484457,0.1
17,sco_kcal,80,0.2962295711040497,0.02126927301287651,0.6279636534003665,0.9348314820615189,4.277701377868652,0.9978020787239075,0.2332565998847396,0.12
17,sco_kcal,81,0.13261349499225616,0.01228071004152298,0.6259194422124101,0.9552857554638405,2.4412124156951904,0.22904808819293976,0.0938255461590847,0.04
17,sco_kcal,82,0.1610851287841797,0.01336404588073492,0.6519742966649791,0.941746803722608,2.909766674041748,0.19411620497703552,0.06671194866198761,0.12
17,sco_kcal,83,0.278961181640625,0.032769739627838135,0.6420357397308671,0.9174068290430062,6.808666229248047,1.4052348136901855,0.20638914676911407,0.16
17,sco_kcal,84,0.35916566848754883,0.02094781957566738,0.6318614326019458,0.9205977031481491,4.2207932472229,1.3726829290390015,0.3252191824231541,0.14
17,sco_kcal,85,0.1737121194601059,0.07484501600265503,0.6198745543112578,0.9446822837505751,14.192718505859375,1.1630972623825073,0.08195028048377975,0.12
17,sco_kcal,86,0.29202160239219666,0.02278296835720539,0.6270253322271662,0.9215266918056522,4.437293529510498,0.9238904714584351,0.208210357352752,0.1
17,sco_kcal,87,0.6936196684837341,0.015922730788588524,0.6594068533048754,0.9005847599138321,3.401238441467285,2.551347255706787,0.7501230212505016,0.5
17,sco_kcal,88,0.15403655171394348,0.006941807456314564,0.6473033390123399,0.9672977078356739,1.516893744468689,0.16759313642978668,0.11048442716631302,0.08
17,sco_kcal,89,0.21405617892742157,1.8294235467910767,0.6692100699445231,0.9796374248262598,428.33428955078125,0.5751334428787231,0.001342720993647038,0.2
17,sco_kcal,90,0.07828065007925034,0.03273952379822731,0.6471849847762854,0.9542768889410853,6.744725227355957,0.12550370395183563,0.018607682258545487,0.02
17,sco_kcal,91,0.12331297993659973,0.010570816695690155,0.6684010278711641,0.9435517163362797,2.489504098892212,0.21320058405399323,0.08563978028751347,0.08
17,sco_kcal,92,0.19770078361034393,0.006638905964791775,0.6519236797978383,0.9614876845471032,1.4545643329620361,0.1908656358718872,0.1312184215896546,0.06
17,sco_kcal,93,0.22244708240032196,0.02258017472922802,0.6057855319599481,0.9626254027379588,4.170682907104492,0.2195916771888733,0.05265125210425681,0.14
17,sco_kcal,94,0.14927484095096588,0.007812820374965668,0.6498237786955863,0.9551927615372917,1.6896803379058838,0.09130574762821198,0.05403729071107754,0.16
17,sco_kcal,95,0.1058545932173729,0.019332977011799812,0.6226414351589205,0.9567751426752784,3.771860361099243,0.18915896117687225,0.05015004349783118,0.06
17,sco_kcal,96,0.1867305040359497,0.06962986290454865,0.6168656623880584,0.9049489365855448,13.165665626525879,2.238908290863037,0.17005659678551582,0.1
17,sco_kcal,97,0.05456759035587311,0.026177478954195976,0.642673609766288,0.9612648668358068,5.450933456420898,0.050461217761039734,0.009257353472477123,0.04
17,sco_kcal,98,0.11101473867893219,0.04672490432858467,0.6596237052358762,0.935619150741716,10.256549835205078,0.725088357925415,0.07069515281216561,0.04
17,sco_kcal,99,0.5474280118942261,0.02510426938533783,0.6443916445060631,0.9247283474284811,5.100127696990967,2.927588701248169,0.5740226275070371,0.44
17,sco_kcal,100,0.30320724844932556,0.0391080304980278,0.6355635572703104,0.9097918956673565,8.061055183410645,1.9355844259262085,0.24011551613113505,0.18
17,sco_kcal,101,0.275151789188385,0.026571795344352722,0.6525786283019099,0.926215292571396,5.719037055969238,1.0861058235168457,0.18991061132979092,0.08
17,sco_kcal,102,0.5049301385879517,0.018098844215273857,0.677443370525437,0.9249050140786155,4.086372375488281,2.126939535140991,0.5204957697686186,0.22
17,sco_kcal,103,0.53014075756073,0.04089698940515518,0.6742771683345881,0.9228181297988127,9.181312561035156,4.949988842010498,0.5391373846717628,0.3
17,sco_kcal,104,0.3214159905910492,0.021058497950434685,0.6362459171930006,0.9540596581813401,4.279529094696045,0.8772433400154114,0.20498595069785777,0.18
17,sco_kcal,105,0.6146180629730225,0.013221333734691143,0.6881198010218705,0.9691304076947325,3.138631820678711,1.1933420896530151,0.3802109192262512,0.48
17,sco_kcal,106,0.08506028354167938,0.019746974110603333,0.6620228616882309,0.9474722399214677,4.419424533843994,0.26128557324409485,0.05912208054310408,0.02
17,sco_kcal,107,0.373568058013916,0.00908117275685072,0.6535676396960342,0.9351218731766209,2.1981353759765625,0.42562440037727356,0.19362974866285568,0.2
17,sco_kcal,108,0.4374259412288666,0.011607992462813854,0.671518589951748,0.9351734464113002,2.779367208480835,1.1461771726608276,0.4123878158896869,0.2
17,sco_kcal,109,0.6725780963897705,0.006855421233922243,0.6888954545698269,0.9231131993602801,1.5985409021377563,1.1651314496994019,0.7288718406524671,0.4
17,sco_kcal,110,0.19295847415924072,0.02514021471142769,0.6421737254832058,0.938759349353635,5.226470947265625,0.7818896770477295,0.14960184126859005,0.06
17,sco_kcal,111,0.07976249605417252,0.07179755717515945,0.6697174601468001,0.9480379530718228,16.24220085144043,0.7185120582580566,0.04423735827613139,0.02
17,sco_kcal,112,0.13542500138282776,0.013292869552969933,0.650513272691563,0.9523496324926706,2.8584625720977783,0.32654163241386414,0.11423680533771013,0.04
17,sco_kcal,113,0.38608667254447937,0.00934020895510912,0.6223824405859328,0.9069431305992972,1.878340244293213,0.6670709252357483,0.3551384938178523,0.14
17,sco_kcal,114,0.29185888171195984,0.04102349281311035,0.6319049819189195,0.8748667211791594,8.620010375976562,1.859915018081665,0.21576714376877476,0.14
17,sco_kcal,115,0.267458975315094,0.012503350153565407,0.6442018534505134,0.929739663777861,2.7547545433044434,0.3810444176197052,0.1383224572751322,0.14
17,sco_kcal,116,0.254291296005249,0.035468656569719315,0.6334583948614232,0.9336904340834316,7.086130619049072,1.4442721605300903,0.20381675672863978,0.14
17,sco_kcal,117,0.32808566093444824,0.014427589252591133,0.6195007716392562,0.9527584834317919,2.8375394344329834,0.40321049094200134,0.14209863871815182,0.22
17,sco_kcal,118,0.05341225862503052,0.029340622946619987,0.6634676931696915,0.9754677360965467,6.455860137939453,0.18097899854183197,0.0280332898599002,0.02
17,sco_kcal,119,0.14777402579784393,0.010655522346496582,0.6256973285691156,0.9572339295702732,2.1441452503204346,0.14259514212608337,0.06650442273198286,0.04
17,sco_kcal,120,0.10024718940258026,0.05108475312590599,0.6216499555914468,0.9505298243517275,9.748714447021484,0.2851645350456238,0.029251501476971645,0.08
17,sco_kcal,121,0.2873474359512329,0.01649201102554798,0.6628785937755732,0.9541404300408225,3.7078192234039307,0.7936895489692688,0.21405831869025943,0.04
17,sco_kcal,122,0.09397434443235397,0.032768771052360535,0.6595985522358203,0.9778047713504723,7.190151691436768,0.27653175592422485,0.03845979442319208,0.04
17,sco_kcal,123,0.6183793544769287,0.0173769760876894,0.6805198828584789,0.9207404707917404,3.945404529571533,2.5723464488983154,0.6519854756636754,0.52
17,sco_kcal,124,0.5836415886878967,0.008989094756543636,0.684671231585809,0.942065187032282,2.1043567657470703,1.3281136751174927,0.6311257181935105,0.3
17,sco_kcal,125,0.7094394564628601,0.015094717964529991,0.6485438822305487,0.8958918727074308,3.248203992843628,2.3601443767547607,0.7265998015994621,0.5
17,sco_kcal,126,0.8301225304603577,0.09206893295049667,0.647389817883681,0.9248526376418542,23.22072410583496,14.048044204711914,0.6049787310974462,0.12
17,sco_kcal,127,0.13701403141021729,0.044004280120134354,0.6345527582283765,0.9550560898284717,8.765254974365234,0.217398002743721,0.024802245157673194,0.04
17,sco_kcal,128,0.23484987020492554,0.0625935047864914,0.6104118584919891,0.9144209057129149,11.850679397583008,2.2999231815338135,0.19407521749368156,0.14
17,sco_kcal,129,0.42385703325271606,0.015489314682781696,0.653292953510324,0.9266777288812074,3.366408586502075,1.4347507953643799,0.42619627371351926,0.16
17,sco_kcal,130,0.17546473443508148,0.003390438621863723,0.6509396465961084,0.9593048650954099,0.7400522828102112,0.12921586632728577,0.1746036993989296,0.08
17,sco_kcal,131,0.7476441264152527,0.007240012288093567,0.7065664964746887,0.9411178238664606,1.8740304708480835,1.5710015296936035,0.8383009530163372,0.6
17,sco_kcal,132,0.3106834590435028,0.2121407389640808,0.6696514082464955,0.9775448170371457,47.5816764831543,2.4042370319366455,0.05052863223068308,0.14
17,sco_kcal,133,0.6766875982284546,0.012780300341546535,0.6752495050795786,0.8780720628449261,3.1176552772521973,1.9911689758300781,0.6386751576925566,0.46
17,sco_kcal,134,0.6396284103393555,0.020804181694984436,0.6636323959618367,0.9119907742125264,4.441168308258057,3.2336506843566895,0.7281081147823043,0.4
17,sco_kcal,135,0.36493876576423645,0.012909858487546444,0.6674933408245942,0.9266739398342789,2.997979164123535,0.8908790349960327,0.29715984875981716,0.22
17,sco_kcal,136,0.1196630448102951,0.013517077080905437,0.6582611660343418,0.9583545993663762,3.0031862258911133,0.11037031561136246,0.03675107279722991,0.06
17,sco_kcal,137,0.3365150988101959,0.0015236027538776398,0.6467344764790919,0.9815343343997827,0.23130354285240173,0.1516815423965454,0.6557683489238022,0.24
17,sco_kcal,138,0.34687379002571106,0.034226492047309875,0.6551985110007288,0.89113320060126,7.452277183532715,2.5027694702148438,0.33583955730272746,0.08
17,sco_kcal,139,0.9709115028381348,0.01333347987383604,0.7104109686299247,0.9155757899664778,3.2156240940093994,11.178787231445312,3.476397397404448,0.46
17,sco_kcal,140,0.4803408980369568,0.050716593861579895,0.628345374381009,0.8962963506611712,9.909652709960938,3.318373203277588,0.3348627142041054,0.34
17,sco_kcal,141,0.37768998742103577,0.0323033407330513,0.610601677632868,0.8864807733629305,6.406453609466553,2.9350297451019287,0.45813642367829777,0.18
17,sco_kcal,142,0.764198899269104,0.0157141275703907,0.6808657395331794,0.9085999219815328,3.4308905601501465,3.425100326538086,0.9983123234301571,0.64
17,sco_kcal,143,0.21000739932060242,0.03630601614713669,0.6674035372234757,0.9759135992110992,8.116171836853027,0.29631248116493225,0.036508896943195424,0.2
17,sco_kcal,144,0.18295329809188843,0.02065269462764263,0.6346590970890349,0.9508252178604935,4.2014875411987305,0.20993462204933167,0.04996673677852559,0.14
17,sco_kcal,145,0.4139443337917328,0.027094965800642967,0.6183734776670877,0.9324044174689003,5.075819969177246,1.6779460906982422,0.33057636025066217,0.18
17,sco_kcal,146,0.5020509958267212,0.027453267946839333,0.6147171028812048,0.898138397211582,5.172553539276123,2.6488351821899414,0.512094299667826,0.36
17,sco_kcal,147,0.9236698150634766,0.005409917328506708,0.7525080230603824,0.9103515489919616,1.3632529973983765,2.5230681896209717,1.8507703224830456,0.78
17,sco_kcal,148,0.636484682559967,0.027988729998469353,0.6358364440154702,0.9065724838983877,5.47446870803833,4.051835536956787,0.7401331075301157,0.62
17,sco_kcal,149,0.136992946267128,0.022282684221863747,0.6589101358965908,0.9404609318540569,5.156890392303467,0.15391847491264343,0.029847148805482275,0.06
17,sco_kcal,150,0.35819849371910095,0.03673383966088295,0.6185931539033702,0.8956352974770743,7.154098987579346,2.742975950241089,0.383413195009369,0.08
17,sco_kcal,151,0.6389524936676025,0.014733615331351757,0.6473905655846004,0.9148135583467314,3.094048023223877,2.0673739910125732,0.6681777320503418,0.46
17,sco_kcal,152,0.25006887316703796,0.02208382822573185,0.6419503267455411,0.9246627621376582,4.580097675323486,0.9460330009460449,0.20655301873648968,0.1
17,sco_kcal,153,0.1988098919391632,0.011165119707584381,0.6080677755909114,0.948571354565674,2.1173505783081055,0.32692837715148926,0.15440446211450035,0.1
17,sco_kcal,154,0.4494922459125519,0.026037627831101418,0.6246846428239186,0.9127015185111256,5.163991928100586,1.8763136863708496,0.3633455885476167,0.32
17,sco_kcal,155,0.46976417303085327,0.023797055706381798,0.6201574110313699,0.9144048667838436,4.564079761505127,2.302279472351074,0.5044345394156381,0.32
17,sco_kcal,156,0.34044966101646423,0.017940379679203033,0.6281200787153933,0.9401558083475623,3.72723388671875,0.825447142124176,0.2214637361678566,0.22
17,sco_kcal,157,0.08815132081508636,0.02586883120238781,0.661498143729599,0.9678433949703182,5.623135089874268,0.14139027893543243,0.025144385947625154,0.06
17,sco_kcal,158,0.5287192463874817,0.019221333786845207,0.6790186037969475,0.9161527183900207,4.367023944854736,2.398186683654785,0.5491581255194051,0.28
17,sco_kcal,159,0.09484413266181946,0.015503101982176304,0.6543991608263611,0.9640145119380363,3.3396615982055664,0.20797933638095856,0.06227557201984415,0.08
17,sco_kcal,160,0.7273257970809937,0.00914753694087267,0.6662648014875567,0.9194355486436061,1.938595175743103,1.7745617628097534,0.9153854218839308,0.54
17,sco_kcal,161,0.13879358768463135,0.012667233124375343,0.6645612504534,0.9494291666067827,2.84548282623291,0.08606044948101044,0.03024458580020478,0.2
17,sco_kcal,162,0.13401713967323303,0.015712682157754898,0.648148717367887,0.9366719354351281,3.5269083976745605,0.39978402853012085,0.1133525409374724,0.02
17,sco_kcal,163,0.12335793673992157,0.05660441145300865,0.6201705827206803,0.9525762617628422,10.88981819152832,0.6521727442741394,0.05988830417586714,0.06
17,sco_kcal,164,0.7313110828399658,0.01226884312927723,0.6919279770792723,0.8968918798897931,2.818693161010742,2.4462506771087646,0.8678669643600281,0.46
17,sco_kcal,165,0.09514638781547546,0.014945456758141518,0.6485881973363854,0.9595042908896789,3.2245640754699707,0.0888419896364212,0.02755162792771384,0.06
17,sco_kcal,166,0.6306726932525635,0.01818131096661091,0.6772357284705579,0.8914270297878415,4.028800010681152,2.8701250553131104,0.7124019677581008,0.3
17,sco_kcal,167,0.07760004699230194,0.016894180327653885,0.6175126140098499,0.9640570232884866,3.3257648944854736,0.07085376232862473,0.021304501243040046,0.06
17,sco_kcal,168,0.23559792339801788,0.013375652953982353,0.6146762930821303,0.9453951389923505,2.6374199390411377,0.321407288312912,0.12186428242055494,0.08
17,sco_kcal,169,0.8057923913002014,0.009980875998735428,0.7058046661027777,0.8967288845338106,2.1903891563415527,2.5786004066467285,1.1772339171700323,0.68
17,sco_kcal,170,0.7978354692459106,0.029784157872200012,0.6480800141426886,0.9411918558202297,6.100546360015869,7.430158615112305,1.217949700999072,0.22
17,sco_kcal,171,0.4607340097427368,0.030843613669276237,0.6435260270535026,0.9296440812567017,6.252458095550537,2.564781427383423,0.41020369720008343,0.36
17,sco_kcal,172,0.3754449784755707,0.026403585448861122,0.6664711020341938,0.897982766421382,5.899322986602783,1.829924464225769,0.3101922828062614,0.16
17,sco_kcal,173,0.15818238258361816,0.01864875666797161,0.6603664020048718,0.9584863602171376,4.096380233764648,0.31719040870666504,0.07743187658513849,0.02
17,sco_kcal,174,0.23684193193912506,0.027199959382414818,0.6269150052038046,0.9471722560293829,5.32496976852417,0.7578630447387695,0.14232250654613826,0.1
17,sco_kcal,175,0.06586895138025284,0.0166629645973444,0.6375716489607883,0.9579002835753185,3.41904354095459,0.1509055197238922,0.044136764541395604,0.02
17,sco_kcal,176,0.7039781212806702,0.014954966492950916,0.6464102601259158,0.8936037721119383,3.0909485816955566,2.5504837036132812,0.825145949925249,0.48
17,sco_kcal,177,0.8371395468711853,0.012973177246749401,0.7301191415799537,0.942755728182652,2.9215617179870605,3.6340982913970947,1.2438889341351884,0.8
17,sco_kcal,178,0.9916607141494751,0.0025433488190174103,0.825871665003926,0.9219885722603907,0.5524319410324097,3.689145565032959,6.678009164601376,0.98
17,sco_kcal,179,0.6523762941360474,0.019761981442570686,0.6675351141296146,0.9185020734694513,4.186145782470703,3.0385305881500244,0.7258539826476503,0.66
17,sco_kcal,180,0.08343354612588882,0.01361911091953516,0.6631591940214716,0.9741544475702126,3.0731446743011475,0.2172909826040268,0.07070639544603936,0.02
17,sco_kcal,181,0.5061684250831604,0.023324662819504738,0.6374314427400258,0.8841357476340588,4.823918342590332,2.179671049118042,0.45184658908376324,0.22
17,sco_kcal,182,0.11090663820505142,0.01698564738035202,0.6404440257807542,0.9608324194903752,3.577362537384033,0.15026916563510895,0.04200557367747081,0.08
17,sco_kcal,183,0.2748100161552429,0.0382223054766655,0.6304391337324886,0.9143621884502315,7.544912338256836,1.427703857421875,0.189227361884993,0.08
17,sco_kcal,184,0.8390070199966431,0.009233329445123672,0.6690515789561604,0.8838673512534181,1.8971147537231445,2.5237247943878174,1.3302963299583916,0.7
17,sco_kcal,185,0.7320218682289124,0.032454706728458405,0.6339715064866454,0.9167242841369461,6.456249713897705,5.5132646560668945,0.8539422885392826,0.58
17,sco_kcal,186,0.7229045033454895,0.011983964592218399,0.6939542122683406,0.9417436155406278,2.682084321975708,2.469186782836914,0.9206223542658917,0.64
17,sco_kcal,187,0.07687177509069443,0.03313566371798515,0.6544260574994696,0.951021242615059,7.083950996398926,0.12484823167324066,0.017624095894608297,0.04
17,sco_kcal,188,0.30311939120292664,0.009213392622768879,0.6724190464591078,0.9599311103531334,2.282651424407959,0.46370044350624084,0.2031411535497623,0.2
17,sco_kcal,189,0.3455992043018341,0.033460382372140884,0.6456745231126699,0.9111992908325088,7.030795097351074,2.270921468734741,0.3229963947591553,0.22
17,sco_kcal,190,0.11892398446798325,0.016125844791531563,0.6395090640254899,0.9695921842807496,3.3967666625976562,0.05975978821516037,0.01759313904990443,0.02
17,sco_kcal,191,0.30508607625961304,0.021185386925935745,0.6061003636370497,0.9412328493964022,3.970417022705078,0.8135932683944702,0.20491380722525776,0.16
17,sco_kcal,192,0.8119500279426575,0.011544432491064072,0.690945196574144,0.9030348471905403,2.638415575027466,2.829202175140381,1.0723110498280504,0.68
17,sco_kcal,193,0.13213105499744415,0.018178503960371017,0.6354775065299882,0.9627894857628918,3.899362802505493,0.12477361410856247,0.03199846242272982,0.08
17,sco_kcal,194,0.16467048227787018,0.048920948058366776,0.6522375521812507,0.922736497945378,10.522335052490234,0.9380362033843994,0.0891471521012251,0.06
17,sco_kcal,195,0.4853553771972656,0.013501510955393314,0.653360533776171,0.9150365834193683,2.9340367317199707,1.3548694849014282,0.46177659272424515,0.2
17,sco_kcal,196,0.49370813369750977,0.012070611119270325,0.6511129684168369,0.9271608156552087,2.586716651916504,1.3389604091644287,0.5176293306699788,0.3
17,sco_kcal,197,0.07964199781417847,0.024634135887026787,0.6355713955318281,0.9563705739244024,4.99753999710083,0.11843772977590561,0.023699205978264033,0.02
17,sco_kcal,198,0.1936943084001541,0.016736887395381927,0.6345675675048659,0.9416942797585217,3.4814810752868652,0.09264865517616272,0.026611850868248278,0.12
17,sco_kcal,199,0.11350879818201065,0.0715799331665039,0.6654747901033344,0.9530739723928632,16.018936157226562,1.5581814050674438,0.09727121637628272,0.04
17,sco_kcal,200,0.5537876486778259,0.01509109791368246,0.6373153784115171,0.9330988040212909,2.982483148574829,1.4815666675567627,0.49675609006029925,0.38
17,sco_kcal,201,0.6870797276496887,0.02127007022500038,0.6579599855131053,0.9064076213343022,4.28948974609375,3.4739105701446533,0.8098656893417664,0.48
17,sco_kcal,202,0.21524696052074432,0.05486227199435234,0.6679779893318425,0.9067118909657397,12.876165390014648,2.7189340591430664,0.21116023107714782,0.0
17,sco_kcal,203,0.18593785166740417,0.04593624547123909,0.6510477902247254,0.918602738256161,9.795296669006348,1.3775748014450073,0.14063635313913886,0.06
17,sco_kcal,204,0.14099834859371185,0.020970376208424568,0.6655532717362402,0.9559193313936982,4.687476634979248,0.1378079503774643,0.029399175955161724,0.16
17,sco_kcal,205,0.5577665567398071,0.017176147550344467,0.6335829669410362,0.8987113934676294,3.5071799755096436,1.877550482749939,0.5353447772457426,0.34
17,sco_kcal,206,0.37329307198524475,0.011712322942912579,0.6729825215959686,0.9341936606361527,2.741643190383911,0.9633126854896545,0.3513632586721696,0.26
17,sco_kcal,207,0.07414501160383224,0.014636405743658543,0.6617126191697771,0.9610374427638904,3.2646865844726562,0.1751468926668167,0.05364891487588483,0.02
17,sco_kcal,208,0.06116291880607605,0.037529125809669495,0.6495894397796114,0.9569986136778419,7.978158950805664,0.14926759898662567,0.01870952934217387,0.04
17,sco_kcal,209,0.12064856290817261,0.00946852657943964,0.6350440673664681,0.9529038038264821,1.9859063625335693,0.06503469496965408,0.03274811753293567,0.02
17,sco_kcal,210,0.26512062549591064,0.04048139601945877,0.6613270476439159,0.907630570402282,8.84075927734375,2.0368316173553467,0.230391027903581,0.02
17,sco_kcal,211,0.9322949647903442,0.008423742838203907,0.7060155369391914,0.9106231973598167,1.9788788557052612,4.323090553283691,2.184616072287541,0.56
17,sco_kcal,212,0.3361864984035492,0.014890525490045547,0.6664165545483234,0.9531079169464709,3.3537826538085938,0.30730578303337097,0.0916296059568413,0.28
17,sco_kcal,213,0.12554799020290375,0.011732185259461403,0.6225347867390283,0.9575323415920463,2.453603982925415,0.07554002851247787,0.030787376055043742,0.08
17,sco_kcal,214,0.4632442891597748,0.025975532829761505,0.6319171989462156,0.8976344331156338,5.262566566467285,2.316706657409668,0.4402237250872159,0.22
17,sco_kcal,215,0.09033834934234619,0.023107893764972687,0.6376075699228938,0.9527047771199153,4.702666282653809,0.13078220188617706,0.027810223823148694,0.02
17,sco_kcal,216,0.07976489514112473,0.015757696703076363,0.6564575816602904,0.9613460037079733,3.4543378353118896,0.11616107821464539,0.03362759630143625,0.02
17,sco_kcal,217,0.17824654281139374,0.02484741620719433,0.6432666804023326,0.9162486388054298,5.251812934875488,0.7575456500053406,0.14424459884599844,0.1
17,sco_kcal,218,0.3150239586830139,0.010018978267908096,0.6620887279693042,0.945776529127716,2.1960883140563965,0.1313905566930771,0.05982935925303727,0.14
17,sco_kcal,219,0.07776787132024765,0.025398453697562218,0.6299111343475987,0.963497570342938,5.079864501953125,0.0370231568813324,0.007288217405621271,0.08
17,sco_kcal,220,0.34106913208961487,0.038852766156196594,0.666852521709314,0.9300419001567493,8.605493545532227,1.4176214933395386,0.1647344787186012,0.22
17,sco_kcal,221,0.17048591375350952,0.013312284834682941,0.6153267678189611,0.9597469593613317,2.597996950149536,0.1828533560037613,0.07038243674352142,0.06
17,sco_kcal,222,0.3221572935581207,0.06058793514966965,0.6710618045936099,0.9566504261585511,14.616717338562012,1.14976966381073,0.07866127784912368,0.2
17,sco_kcal,223,0.5189265608787537,0.02217455580830574,0.6554202149759358,0.8944470842326733,4.856351852416992,2.4655284881591797,0.5076914859313774,0.18
17,sco_kcal,224,0.12147268652915955,0.016974546015262604,0.6544848064780249,0.9533695271451308,3.698140859603882,0.27271366119384766,0.07374344881580816,0.04
17,sco_kcal,225,0.19039346277713776,0.019759278744459152,0.6337480053708875,0.9519972902566158,4.003511428833008,0.2725263833999634,0.06807183849588827,0.22
17,sco_kcal,226,0.5170540809631348,0.021125061437487602,0.6187960892396769,0.905666582318164,4.00354528427124,2.1792051792144775,0.5443188535361241,0.36
17,sco_kcal,227,0.7627881765365601,0.010522904805839062,0.6674523313156238,0.8785975874479708,2.324577569961548,2.3425827026367188,1.00774555037777,0.54
17,sco_kcal,228,0.3957095444202423,0.012402779422700405,0.6304534547625813,0.9323050775013393,2.6651217937469482,0.5992738008499146,0.22485794167304582,0.22
17,sco_kcal,229,0.5991753935813904,0.008516487665474415,0.6593433629322172,0.943018272216263,1.9235261678695679,1.0285429954528809,0.5347174437413867,0.4
17,sco_kcal,230,0.04417901858687401,0.09895429015159607,0.6618166717597527,0.9350361532334739,23.101972579956055,0.5564497113227844,0.024086675256708445,0.02
17,sco_kcal,231,0.09429995715618134,0.048699695616960526,0.6383463753057905,0.9408613381522504,9.86013412475586,0.18482807278633118,0.018744985661227766,0.22
17,sco_kcal,232,0.3139254152774811,0.008832464925944805,0.6587320964669774,0.9308101579668779,2.177459478378296,0.3632867932319641,0.1668397491844619,0.14
17,sco_kcal,233,0.792477011680603,0.008695688098669052,0.6935818012834039,0.8882921742428922,2.0215559005737305,1.987249493598938,0.9830297015456975,0.68
17,sco_kcal,234,0.3385251462459564,0.03336435928940773,0.6173316002266638,0.9241598332018834,5.943902015686035,1.7487789392471313,0.29421395820995716,0.14
17,sco_kcal,235,0.370160847902298,0.017245549708604813,0.6384808232077919,0.9084451033304013,3.770988702774048,1.0025713443756104,0.26586431925348647,0.14
17,sco_kcal,236,0.11149516701698303,0.01855730451643467,0.6133217122898116,0.964965092673747,3.5659213066101074,0.1637410819530487,0.04591831054979361,0.1
17,sco_kcal,237,0.22254379093647003,0.022354653105139732,0.6671213194752246,0.9533859908125872,5.012903213500977,0.2545171082019806,0.05077239622670225,0.16
17,sco_kcal,238,0.07724187523126602,0.023749858140945435,0.6432367722574832,0.9708099040296096,4.981105327606201,0.16291120648384094,0.032705834502426014,0.04
17,sco_kcal,239,0.2343725562095642,0.015664443373680115,0.6480360319906431,0.9433170600453593,3.40796160697937,0.4238947331905365,0.1243836586428723,0.06
17,sco_kcal,240,0.3500632047653198,0.02316734381020069,0.6336711608371346,0.9009301260662712,4.635255813598633,1.1557689905166626,0.2493430863353728,0.2
17,sco_kcal,241,0.05655167996883392,0.04626809060573578,0.6513851979760541,0.9520368295531898,9.639156341552734,0.0603572316467762,0.006261671613996613,0.02
17,sco_kcal,242,0.23538443446159363,0.029109280556440353,0.6675061036907557,0.9767773673372819,6.515092372894287,0.2340731918811798,0.035927839312767,0.16
17,sco_kcal,243,0.10646931827068329,0.010758542455732822,0.6213920197443417,0.9623104287021882,2.1550214290618896,0.05876001715660095,0.027266558171618736,0.06
17,sco_kcal,244,0.16177481412887573,0.023302074521780014,0.622388431054427,0.9317838841392896,4.550173759460449,0.25039881467819214,0.05503060496482753,0.16
17,sco_kcal,245,0.10285668075084686,0.02064952626824379,0.6463290625675686,0.9389460056539078,4.59475564956665,0.14333924651145935,0.031196271889883467,0.04
17,sco_kcal,246,0.20237667858600616,0.01336802076548338,0.6550197329614902,0.9501630181522094,3.0594615936279297,0.2182227373123169,0.07132717003763624,0.06
17,sco_kcal,247,0.44816431403160095,0.022820478305220604,0.6332881269909396,0.8938296166759505,4.405309677124023,2.4260759353637695,0.5507163203445022,0.24
17,sco_kcal,248,0.5735102891921997,0.020967189222574234,0.6690805232792012,0.8917805212286374,4.572309970855713,2.8064565658569336,0.6137940305328211,0.26
17,sco_kcal,249,0.27934858202934265,0.049262844026088715,0.6150080812656815,0.9345944562856539,9.220290184020996,1.8171104192733765,0.1970773568951741,0.08
17,water_gsolv_eV,0,1.0,0.0,0.6670947441501516,0.6670947441501516,,,,1.0
17,water_gsolv_eV,1,1.0,0.0,0.6670947441501516,0.6670947441501516,,,,1.0
17,water_gsolv_eV,2,1.0,0.0,0.6670947441501516,0.6670947441501516,,,,1.0
17,water_gsolv_eV,3,1.0,0.0,0.6670947441501516,0.6670947441501516,,,,1.0
17,water_gsolv_eV,4,1.0,0.0,0.6670947441501516,0.6670947441501516,,,,1.0
17,water_gsolv_eV,5,1.0,0.0,0.6670947441501516,0.6670947441501516,,,,1.0
17,water_gsolv_eV,6,1.0,0.0,0.6670947441501516,0.6670947441501516,,,,1.0
17,water_gsolv_eV,7,1.0,0.0,0.6670947441501516,0.6670947441501516,,,,1.0
17,water_gsolv_eV,8,1.0,0.0,0.6670947441501516,0.6670947441501516,,,,1.0
17,water_gsolv_eV,9,1.0,0.0,0.6670947441501516,0.6670947441501516,,,,1.0
17,water_gsolv_eV,10,1.0,0.0,0.6670947441501516,0.6670947441501516,,,,1.0
17,water_gsolv_eV,11,1.0,0.0,0.6670947441501516,0.6670947441501516,,,,1.0
17,water_gsolv_eV,12,1.0,0.0,0.6670947441501516,0.6670947441501516,,,,1.0
17,water_gsolv_eV,13,1.0,0.0,0.6670947441501516,0.6670947441501516,,,,1.0
17,water_gsolv_eV,14,1.0,0.0,0.6670947441501516,0.6670947441501516,,,,1.0
17,water_gsolv_eV,15,1.0,0.0,0.6670947441501516,0.6670947441501516,,,,1.0
17,water_gsolv_eV,16,1.0,0.0,0.6670947441501516,0.6670947441501516,,,,1.0
17,water_gsolv_eV,17,1.0,0.0,0.6670947441501516,0.6670947441501516,,,,1.0
17,water_gsolv_eV,18,1.0,0.0,0.6670947441501516,0.6670947441501516,,,,1.0
17,water_gsolv_eV,19,1.0,0.0,0.6670947441501516,0.6670947441501516,,,,1.0
17,water_gsolv_eV,20,1.0,0.0,0.6670947441501516,0.6670947441501516,,,,1.0
17,water_gsolv_eV,21,1.0,0.0,0.6670947441501516,0.6670947441501516,,,,1.0
17,water_gsolv_eV,22,1.0,0.0,0.6670947441501516,0.6670947441501516,,,,1.0
17,water_gsolv_eV,23,1.0,0.0,0.6670947441501516,0.6670947441501516,,,,1.0
17,water_gsolv_eV,24,1.0,0.0,0.6670947441501516,0.6670947441501516,,,,1.0
17,water_gsolv_eV,25,1.0,0.0,0.6670947441501516,0.6670947441501516,,,,1.0
17,water_gsolv_eV,26,1.0,0.0,0.6670947441501516,0.6670947441501516,,,,1.0
17,water_gsolv_eV,27,1.0,0.0,0.6670947441501516,0.6670947441501516,,,,1.0
17,water_gsolv_eV,28,1.0,0.0,0.6670947441501516,0.6670947441501516,,,,1.0
17,water_gsolv_eV,29,1.0,0.0,0.6670947441501516,0.6670947441501516,,,,1.0
17,water_gsolv_eV,30,1.0,0.0,0.6670947441501516,0.6670947441501516,,,,1.0
17,water_gsolv_eV,31,1.0,0.0,0.6670947441501516,0.6670947441501516,,,,1.0
17,water_gsolv_eV,32,1.0,0.0,0.6670947441501516,0.6670947441501516,,,,1.0
17,water_gsolv_eV,33,1.0,0.0,0.6670947441501516,0.6670947441501516,,,,1.0
17,water_gsolv_eV,34,1.0,0.0,0.6670947441501516,0.6670947441501516,,,,1.0
17,water_gsolv_eV,35,1.0,0.0,0.6670947441501516,0.6670947441501516,,,,1.0
17,water_gsolv_eV,36,1.0,0.0,0.6670947441501516,0.6670947441501516,,,,1.0
17,water_gsolv_eV,37,1.0,0.0,0.6670947441501516,0.6670947441501516,,,,1.0
17,water_gsolv_eV,38,1.0,0.0,0.6670947441501516,0.6670947441501516,,,,1.0
17,water_gsolv_eV,39,1.0,0.0,0.6670947441501516,0.6670947441501516,,,,1.0
17,water_gsolv_eV,40,1.0,0.0,0.6670947441501516,0.6670947441501516,,,,1.0
17,water_gsolv_eV,41,1.0,0.0,0.6670947441501516,0.6670947441501516,,,,1.0
17,water_gsolv_eV,42,1.0,0.0,0.6670947441501516,0.6670947441501516,,,,1.0
17,water_gsolv_eV,43,1.0,0.0,0.6670947441501516,0.6670947441501516,,,,1.0
17,water_gsolv_eV,44,1.0,0.0,0.6670947441501516,0.6670947441501516,,,,1.0
17,water_gsolv_eV,45,1.0,0.0,0.6670947441501516,0.6670947441501516,,,,1.0
17,water_gsolv_eV,46,1.0,0.0,0.6670947441501516,0.6670947441501516,,,,1.0
17,water_gsolv_eV,47,1.0,0.0,0.6670947441501516,0.6670947441501516,,,,1.0
17,water_gsolv_eV,48,1.0,0.0,0.6670947441501516,0.6670947441501516,,,,1.0
17,water_gsolv_eV,49,1.0,0.0,0.6670947441501516,0.6670947441501516,,,,1.0
17,water_gsolv_eV,50,1.0,0.0,0.6670947441501516,0.6670947441501516,,,,1.0
17,water_gsolv_eV,51,1.0,0.0,0.6670947441501516,0.6670947441501516,,,,1.0
17,water_gsolv_eV,52,1.0,0.0,0.6670947441501516,0.6670947441501516,,,,1.0
17,water_gsolv_eV,53,1.0,0.0,0.6670947441501516,0.6670947441501516,,,,1.0
17,water_gsolv_eV,54,1.0,0.0,0.6670947441501516,0.6670947441501516,,,,1.0
17,water_gsolv_eV,55,1.0,0.0,0.6670947441501516,0.6670947441501516,,,,1.0
17,water_gsolv_eV,56,1.0,0.0,0.6670947441501516,0.6670947441501516,,,,1.0
17,water_gsolv_eV,57,1.0,0.0,0.6670947441501516,0.6670947441501516,,,,1.0
17,water_gsolv_eV,58,1.0,0.0,0.6670947441501516,0.6670947441501516,,,,1.0
17,water_gsolv_eV,59,1.0,0.0,0.6670947441501516,0.6670947441501516,,,,1.0
17,water_gsolv_eV,60,1.0,0.0,0.6670947441501516,0.6670947441501516,,,,1.0
17,water_gsolv_eV,61,1.0,0.0,0.6670947441501516,0.6670947441501516,,,,1.0
17,water_gsolv_eV,62,1.0,0.0,0.6670947441501516,0.6670947441501516,,,,1.0
17,water_gsolv_eV,63,1.0,0.0,0.6670947441501516,0.6670947441501516,,,,1.0
17,water_gsolv_eV,64,1.0,0.0,0.6670947441501516,0.6670947441501516,,,,1.0
17,water_gsolv_eV,65,1.0,0.0,0.6670947441501516,0.6670947441501516,,,,1.0
17,water_gsolv_eV,66,1.0,0.0,0.6670947441501516,0.6670947441501516,,,,1.0
17,water_gsolv_eV,67,1.0,0.0,0.6670947441501516,0.6670947441501516,,,,1.0
17,water_gsolv_eV,68,1.0,0.0,0.6670947441501516,0.6670947441501516,,,,1.0
17,water_gsolv_eV,69,1.0,0.0,0.6670947441501516,0.6670947441501516,,,,1.0
17,water_gsolv_eV,70,1.0,0.0,0.6670947441501516,0.6670947441501516,,,,1.0
17,water_gsolv_eV,71,1.0,0.0,0.6670947441501516,0.6670947441501516,,,,1.0
17,water_gsolv_eV,72,1.0,0.0,0.6670947441501516,0.6670947441501516,,,,1.0
17,water_gsolv_eV,73,1.0,0.0,0.6670947441501516,0.6670947441501516,,,,1.0
17,water_gsolv_eV,74,1.0,0.0,0.6670947441501516,0.6670947441501516,,,,1.0
17,water_gsolv_eV,75,1.0,0.0,0.6670947441501516,0.6670947441501516,,,,1.0
17,water_gsolv_eV,76,1.0,0.0,0.6670947441501516,0.6670947441501516,,,,1.0
17,water_gsolv_eV,77,1.0,0.0,0.6670947441501516,0.6670947441501516,,,,1.0
17,water_gsolv_eV,78,1.0,0.0,0.6670947441501516,0.6670947441501516,,,,1.0
17,water_gsolv_eV,79,1.0,0.0,0.6670947441501516,0.6670947441501516,,,,1.0
17,water_gsolv_eV,80,1.0,0.0,0.6670947441501516,0.6670947441501516,,,,1.0
17,water_gsolv_eV,81,1.0,0.0,0.6670947441501516,0.6670947441501516,,,,1.0
17,water_gsolv_eV,82,1.0,0.0,0.6670947441501516,0.6670947441501516,,,,1.0
17,water_gsolv_eV,83,1.0,0.0,0.6670947441501516,0.6670947441501516,,,,1.0
17,water_gsolv_eV,84,1.0,0.0,0.6670947441501516,0.6670947441501516,,,,1.0
17,water_gsolv_eV,85,1.0,0.0,0.6670947441501516,0.6670947441501516,,,,1.0
17,water_gsolv_eV,86,1.0,0.0,0.6670947441501516,0.6670947441501516,,,,1.0
17,water_gsolv_eV,87,1.0,0.0,0.6670947441501516,0.6670947441501516,,,,1.0
17,water_gsolv_eV,88,1.0,0.0,0.6670947441501516,0.6670947441501516,,,,1.0
17,water_gsolv_eV,89,1.0,0.0,0.6670947441501516,0.6670947441501516,,,,1.0
17,water_gsolv_eV,90,1.0,0.0,0.6670947441501516,0.6670947441501516,,,,1.0
17,water_gsolv_eV,91,1.0,0.0,0.6670947441501516,0.6670947441501516,,,,1.0
17,water_gsolv_eV,92,1.0,0.0,0.6670947441501516,0.6670947441501516,,,,1.0
17,water_gsolv_eV,93,1.0,0.0,0.6670947441501516,0.6670947441501516,,,,1.0
17,water_gsolv_eV,94,1.0,0.0,0.6670947441501516,0.6670947441501516,,,,1.0
17,water_gsolv_eV,95,1.0,0.0,0.6670947441501516,0.6670947441501516,,,,1.0
17,water_gsolv_eV,96,1.0,0.0,0.6670947441501516,0.6670947441501516,,,,1.0
17,water_gsolv_eV,97,1.0,0.0,0.6670947441501516,0.6670947441501516,,,,1.0
17,water_gsolv_eV,98,1.0,0.0,0.6670947441501516,0.6670947441501516,,,,1.0
17,water_gsolv_eV,99,1.0,0.0,0.6670947441501516,0.6670947441501516,,,,1.0
17,water_gsolv_eV,100,1.0,0.0,0.6670947441501516,0.6670947441501516,,,,1.0
17,water_gsolv_eV,101,1.0,0.0,0.6670947441501516,0.6670947441501516,,,,1.0
17,water_gsolv_eV,102,1.0,0.0,0.6670947441501516,0.6670947441501516,,,,1.0
17,water_gsolv_eV,103,1.0,0.0,0.6670947441501516,0.6670947441501516,,,,1.0
17,water_gsolv_eV,104,1.0,0.0,0.6670947441501516,0.6670947441501516,,,,1.0
17,water_gsolv_eV,105,1.0,0.0,0.6670947441501516,0.6670947441501516,,,,1.0
17,water_gsolv_eV,106,1.0,0.0,0.6670947441501516,0.6670947441501516,,,,1.0
17,water_gsolv_eV,107,1.0,0.0,0.6670947441501516,0.6670947441501516,,,,1.0
17,water_gsolv_eV,108,1.0,0.0,0.6670947441501516,0.6670947441501516,,,,1.0
17,water_gsolv_eV,109,1.0,0.0,0.6670947441501516,0.6670947441501516,,,,1.0
17,water_gsolv_eV,110,1.0,0.0,0.6670947441501516,0.6670947441501516,,,,1.0
17,water_gsolv_eV,111,1.0,0.0,0.6670947441501516,0.6670947441501516,,,,1.0
17,water_gsolv_eV,112,1.0,0.0,0.6670947441501516,0.6670947441501516,,,,1.0
17,water_gsolv_eV,113,1.0,0.0,0.6670947441501516,0.6670947441501516,,,,1.0
17,water_gsolv_eV,114,1.0,0.0,0.6670947441501516,0.6670947441501516,,,,1.0
17,water_gsolv_eV,115,1.0,0.0,0.6670947441501516,0.6670947441501516,,,,1.0
17,water_gsolv_eV,116,1.0,0.0,0.6670947441501516,0.6670947441501516,,,,1.0
17,water_gsolv_eV,117,1.0,0.0,0.6670947441501516,0.6670947441501516,,,,1.0
17,water_gsolv_eV,118,1.0,0.0,0.6670947441501516,0.6670947441501516,,,,1.0
17,water_gsolv_eV,119,1.0,0.0,0.6670947441501516,0.6670947441501516,,,,1.0
17,water_gsolv_eV,120,1.0,0.0,0.6670947441501516,0.6670947441501516,,,,1.0
17,water_gsolv_eV,121,1.0,0.0,0.6670947441501516,0.6670947441501516,,,,1.0
17,water_gsolv_eV,122,1.0,0.0,0.6670947441501516,0.6670947441501516,,,,1.0
17,water_gsolv_eV,123,1.0,0.0,0.6670947441501516,0.6670947441501516,,,,1.0
17,water_gsolv_eV,124,1.0,0.0,0.6670947441501516,0.6670947441501516,,,,1.0
17,water_gsolv_eV,125,1.0,0.0,0.6670947441501516,0.6670947441501516,,,,1.0
17,water_gsolv_eV,126,1.0,0.0,0.6670947441501516,0.6670947441501516,,,,1.0
17,water_gsolv_eV,127,1.0,0.0,0.6670947441501516,0.6670947441501516,,,,1.0
17,water_gsolv_eV,128,1.0,0.0,0.6670947441501516,0.6670947441501516,,,,1.0
17,water_gsolv_eV,129,1.0,0.0,0.6670947441501516,0.6670947441501516,,,,1.0
17,water_gsolv_eV,130,1.0,0.0,0.6670947441501516,0.6670947441501516,,,,1.0
17,water_gsolv_eV,131,1.0,0.0,0.6670947441501516,0.6670947441501516,,,,1.0
17,water_gsolv_eV,132,1.0,0.0,0.6670947441501516,0.6670947441501516,,,,1.0
17,water_gsolv_eV,133,1.0,0.0,0.6670947441501516,0.6670947441501516,,,,1.0
17,water_gsolv_eV,134,1.0,0.0,0.6670947441501516,0.6670947441501516,,,,1.0
17,water_gsolv_eV,135,1.0,0.0,0.6670947441501516,0.6670947441501516,,,,1.0
17,water_gsolv_eV,136,1.0,0.0,0.6670947441501516,0.6670947441501516,,,,1.0
17,water_gsolv_eV,137,1.0,0.0,0.6670947441501516,0.6670947441501516,,,,1.0
17,water_gsolv_eV,138,1.0,0.0,0.6670947441501516,0.6670947441501516,,,,1.0
17,water_gsolv_eV,139,1.0,0.0,0.6670947441501516,0.6670947441501516,,,,1.0
17,water_gsolv_eV,140,1.0,0.0,0.6670947441501516,0.6670947441501516,,,,1.0
17,water_gsolv_eV,141,1.0,0.0,0.6670947441501516,0.6670947441501516,,,,1.0
17,water_gsolv_eV,142,1.0,0.0,0.6670947441501516,0.6670947441501516,,,,1.0
17,water_gsolv_eV,143,1.0,0.0,0.6670947441501516,0.6670947441501516,,,,1.0
17,water_gsolv_eV,144,1.0,0.0,0.6670947441501516,0.6670947441501516,,,,1.0
17,water_gsolv_eV,145,1.0,0.0,0.6670947441501516,0.6670947441501516,,,,1.0
17,water_gsolv_eV,146,1.0,0.0,0.6670947441501516,0.6670947441501516,,,,1.0
17,water_gsolv_eV,147,1.0,0.0,0.6670947441501516,0.6670947441501516,,,,1.0
17,water_gsolv_eV,148,1.0,0.0,0.6670947441501516,0.6670947441501516,,,,1.0
17,water_gsolv_eV,149,1.0,0.0,0.6670947441501516,0.6670947441501516,,,,1.0
17,water_gsolv_eV,150,1.0,0.0,0.6670947441501516,0.6670947441501516,,,,1.0
17,water_gsolv_eV,151,1.0,0.0,0.6670947441501516,0.6670947441501516,,,,1.0
17,water_gsolv_eV,152,1.0,0.0,0.6670947441501516,0.6670947441501516,,,,1.0
17,water_gsolv_eV,153,1.0,0.0,0.6670947441501516,0.6670947441501516,,,,1.0
17,water_gsolv_eV,154,1.0,0.0,0.6670947441501516,0.6670947441501516,,,,1.0
17,water_gsolv_eV,155,1.0,0.0,0.6670947441501516,0.6670947441501516,,,,1.0
17,water_gsolv_eV,156,1.0,0.0,0.6670947441501516,0.6670947441501516,,,,1.0
17,water_gsolv_eV,157,1.0,0.0,0.6670947441501516,0.6670947441501516,,,,1.0
17,water_gsolv_eV,158,1.0,0.0,0.6670947441501516,0.6670947441501516,,,,1.0
17,water_gsolv_eV,159,1.0,0.0,0.6670947441501516,0.6670947441501516,,,,1.0
17,water_gsolv_eV,160,1.0,0.0,0.6670947441501516,0.6670947441501516,,,,1.0
17,water_gsolv_eV,161,1.0,0.0,0.6670947441501516,0.6670947441501516,,,,1.0
17,water_gsolv_eV,162,1.0,0.0,0.6670947441501516,0.6670947441501516,,,,1.0
17,water_gsolv_eV,163,1.0,0.0,0.6670947441501516,0.6670947441501516,,,,1.0
17,water_gsolv_eV,164,1.0,0.0,0.6670947441501516,0.6670947441501516,,,,1.0
17,water_gsolv_eV,165,1.0,0.0,0.6670947441501516,0.6670947441501516,,,,1.0
17,water_gsolv_eV,166,1.0,0.0,0.6670947441501516,0.6670947441501516,,,,1.0
17,water_gsolv_eV,167,1.0,0.0,0.6670947441501516,0.6670947441501516,,,,1.0
17,water_gsolv_eV,168,1.0,0.0,0.6670947441501516,0.6670947441501516,,,,1.0
17,water_gsolv_eV,169,1.0,0.0,0.6670947441501516,0.6670947441501516,,,,1.0
17,water_gsolv_eV,170,1.0,0.0,0.6670947441501516,0.6670947441501516,,,,1.0
17,water_gsolv_eV,171,1.0,0.0,0.6670947441501516,0.6670947441501516,,,,1.0
17,water_gsolv_eV,172,1.0,0.0,0.6670947441501516,0.6670947441501516,,,,1.0
17,water_gsolv_eV,173,1.0,0.0,0.6670947441501516,0.6670947441501516,,,,1.0
17,water_gsolv_eV,174,1.0,0.0,0.6670947441501516,0.6670947441501516,,,,1.0
17,water_gsolv_eV,175,1.0,0.0,0.6670947441501516,0.6670947441501516,,,,1.0
17,water_gsolv_eV,176,1.0,0.0,0.6670947441501516,0.6670947441501516,,,,1.0
17,water_gsolv_eV,177,1.0,0.0,0.6670947441501516,0.6670947441501516,,,,1.0
17,water_gsolv_eV,178,1.0,0.0,0.6670947441501516,0.6670947441501516,,,,1.0
17,water_gsolv_eV,179,1.0,0.0,0.6670947441501516,0.6670947441501516,,,,1.0
17,water_gsolv_eV,180,1.0,0.0,0.6670947441501516,0.6670947441501516,,,,1.0
17,water_gsolv_eV,181,1.0,0.0,0.6670947441501516,0.6670947441501516,,,,1.0
17,water_gsolv_eV,182,1.0,0.0,0.6670947441501516,0.6670947441501516,,,,1.0
17,water_gsolv_eV,183,1.0,0.0,0.6670947441501516,0.6670947441501516,,,,1.0
17,water_gsolv_eV,184,1.0,0.0,0.6670947441501516,0.6670947441501516,,,,1.0
17,water_gsolv_eV,185,1.0,0.0,0.6670947441501516,0.6670947441501516,,,,1.0
17,water_gsolv_eV,186,1.0,0.0,0.6670947441501516,0.6670947441501516,,,,1.0
17,water_gsolv_eV,187,1.0,0.0,0.6670947441501516,0.6670947441501516,,,,1.0
17,water_gsolv_eV,188,1.0,0.0,0.6670947441501516,0.6670947441501516,,,,1.0
17,water_gsolv_eV,189,1.0,0.0,0.6670947441501516,0.6670947441501516,,,,1.0
17,water_gsolv_eV,190,1.0,0.0,0.6670947441501516,0.6670947441501516,,,,1.0
17,water_gsolv_eV,191,1.0,0.0,0.6670947441501516,0.6670947441501516,,,,1.0
17,water_gsolv_eV,192,1.0,0.0,0.6670947441501516,0.6670947441501516,,,,1.0
17,water_gsolv_eV,193,1.0,0.0,0.6670947441501516,0.6670947441501516,,,,1.0
17,water_gsolv_eV,194,1.0,0.0,0.6670947441501516,0.6670947441501516,,,,1.0
17,water_gsolv_eV,195,1.0,0.0,0.6670947441501516,0.6670947441501516,,,,1.0
17,water_gsolv_eV,196,1.0,0.0,0.6670947441501516,0.6670947441501516,,,,1.0
17,water_gsolv_eV,197,1.0,0.0,0.6670947441501516,0.6670947441501516,,,,1.0
17,water_gsolv_eV,198,1.0,0.0,0.6670947441501516,0.6670947441501516,,,,1.0
17,water_gsolv_eV,199,1.0,0.0,0.6670947441501516,0.6670947441501516,,,,1.0
17,water_gsolv_eV,200,1.0,0.0,0.6670947441501516,0.6670947441501516,,,,1.0
17,water_gsolv_eV,201,1.0,0.0,0.6670947441501516,0.6670947441501516,,,,1.0
17,water_gsolv_eV,202,1.0,0.0,0.6670947441501516,0.6670947441501516,,,,1.0
17,water_gsolv_eV,203,1.0,0.0,0.6670947441501516,0.6670947441501516,,,,1.0
17,water_gsolv_eV,204,1.0,0.0,0.6670947441501516,0.6670947441501516,,,,1.0
17,water_gsolv_eV,205,1.0,0.0,0.6670947441501516,0.6670947441501516,,,,1.0
17,water_gsolv_eV,206,1.0,0.0,0.6670947441501516,0.6670947441501516,,,,1.0
17,water_gsolv_eV,207,1.0,0.0,0.6670947441501516,0.6670947441501516,,,,1.0
17,water_gsolv_eV,208,1.0,0.0,0.6670947441501516,0.6670947441501516,,,,1.0
17,water_gsolv_eV,209,1.0,0.0,0.6670947441501516,0.6670947441501516,,,,1.0
17,water_gsolv_eV,210,1.0,0.0,0.6670947441501516,0.6670947441501516,,,,1.0
17,water_gsolv_eV,211,1.0,0.0,0.6670947441501516,0.6670947441501516,,,,1.0
17,water_gsolv_eV,212,1.0,0.0,0.6670947441501516,0.6670947441501516,,,,1.0
17,water_gsolv_eV,213,1.0,0.0,0.6670947441501516,0.6670947441501516,,,,1.0
17,water_gsolv_eV,214,1.0,0.0,0.6670947441501516,0.6670947441501516,,,,1.0
17,water_gsolv_eV,215,1.0,0.0,0.6670947441501516,0.6670947441501516,,,,1.0
17,water_gsolv_eV,216,1.0,0.0,0.6670947441501516,0.6670947441501516,,,,1.0
17,water_gsolv_eV,217,1.0,0.0,0.6670947441501516,0.6670947441501516,,,,1.0
17,water_gsolv_eV,218,1.0,0.0,0.6670947441501516,0.6670947441501516,,,,1.0
17,water_gsolv_eV,219,1.0,0.0,0.6670947441501516,0.6670947441501516,,,,1.0
17,water_gsolv_eV,220,1.0,0.0,0.6670947441501516,0.6670947441501516,,,,1.0
17,water_gsolv_eV,221,1.0,0.0,0.6670947441501516,0.6670947441501516,,,,1.0
17,water_gsolv_eV,222,1.0,0.0,0.6670947441501516,0.6670947441501516,,,,1.0
17,water_gsolv_eV,223,1.0,0.0,0.6670947441501516,0.6670947441501516,,,,1.0
17,water_gsolv_eV,224,1.0,0.0,0.6670947441501516,0.6670947441501516,,,,1.0
17,water_gsolv_eV,225,1.0,0.0,0.6670947441501516,0.6670947441501516,,,,1.0
17,water_gsolv_eV,226,1.0,0.0,0.6670947441501516,0.6670947441501516,,,,1.0
17,water_gsolv_eV,227,1.0,0.0,0.6670947441501516,0.6670947441501516,,,,1.0
17,water_gsolv_eV,228,1.0,0.0,0.6670947441501516,0.6670947441501516,,,,1.0
17,water_gsolv_eV,229,1.0,0.0,0.6670947441501516,0.6670947441501516,,,,1.0
17,water_gsolv_eV,230,1.0,0.0,0.6670947441501516,0.6670947441501516,,,,1.0
17,water_gsolv_eV,231,1.0,0.0,0.6670947441501516,0.6670947441501516,,,,1.0
17,water_gsolv_eV,232,1.0,0.0,0.6670947441501516,0.6670947441501516,,,,1.0
17,water_gsolv_eV,233,1.0,0.0,0.6670947441501516,0.6670947441501516,,,,1.0
17,water_gsolv_eV,234,1.0,0.0,0.6670947441501516,0.6670947441501516,,,,1.0
17,water_gsolv_eV,235,1.0,0.0,0.6670947441501516,0.6670947441501516,,,,1.0
17,water_gsolv_eV,236,1.0,0.0,0.6670947441501516,0.6670947441501516,,,,1.0
17,water_gsolv_eV,237,1.0,0.0,0.6670947441501516,0.6670947441501516,,,,1.0
17,water_gsolv_eV,238,1.0,0.0,0.6670947441501516,0.6670947441501516,,,,1.0
17,water_gsolv_eV,239,1.0,0.0,0.6670947441501516,0.6670947441501516,,,,1.0
17,water_gsolv_eV,240,1.0,0.0,0.6670947441501516,0.6670947441501516,,,,1.0
17,water_gsolv_eV,241,1.0,0.0,0.6670947441501516,0.6670947441501516,,,,1.0
17,water_gsolv_eV,242,1.0,0.0,0.6670947441501516,0.6670947441501516,,,,1.0
17,water_gsolv_eV,243,1.0,0.0,0.6670947441501516,0.6670947441501516,,,,1.0
17,water_gsolv_eV,244,1.0,0.0,0.6670947441501516,0.6670947441501516,,,,1.0
17,water_gsolv_eV,245,1.0,0.0,0.6670947441501516,0.6670947441501516,,,,1.0
17,water_gsolv_eV,246,1.0,0.0,0.6670947441501516,0.6670947441501516,,,,1.0
17,water_gsolv_eV,247,1.0,0.0,0.6670947441501516,0.6670947441501516,,,,1.0
17,water_gsolv_eV,248,1.0,0.0,0.6670947441501516,0.6670947441501516,,,,1.0
17,water_gsolv_eV,249,1.0,0.0,0.6670947441501516,0.6670947441501516,,,,1.0
17,water_hl_gap_eV,0,1.0,0.0,0.7028099835354942,0.7028099835354942,,,,1.0
17,water_hl_gap_eV,1,1.0,0.0,0.7028099835354942,0.7028099835354942,,,,1.0
17,water_hl_gap_eV,2,1.0,0.0,0.7028099835354942,0.7028099835354942,,,,1.0
17,water_hl_gap_eV,3,1.0,0.0,0.7028099835354942,0.7028099835354942,,,,1.0
17,water_hl_gap_eV,4,1.0,0.0,0.7028099835354942,0.7028099835354942,,,,1.0
17,water_hl_gap_eV,5,1.0,0.0,0.7028099835354942,0.7028099835354942,,,,1.0
17,water_hl_gap_eV,6,1.0,0.0,0.7028099835354942,0.7028099835354942,,,,1.0
17,water_hl_gap_eV,7,1.0,0.0,0.7028099835354942,0.7028099835354942,,,,1.0
17,water_hl_gap_eV,8,1.0,0.0,0.7028099835354942,0.7028099835354942,,,,1.0
17,water_hl_gap_eV,9,1.0,0.0,0.7028099835354942,0.7028099835354942,,,,1.0
17,water_hl_gap_eV,10,1.0,0.0,0.7028099835354942,0.7028099835354942,,,,1.0
17,water_hl_gap_eV,11,1.0,0.0,0.7028099835354942,0.7028099835354942,,,,1.0
17,water_hl_gap_eV,12,1.0,0.0,0.7028099835354942,0.7028099835354942,,,,1.0
17,water_hl_gap_eV,13,1.0,0.0,0.7028099835354942,0.7028099835354942,,,,1.0
17,water_hl_gap_eV,14,1.0,0.0,0.7028099835354942,0.7028099835354942,,,,1.0
17,water_hl_gap_eV,15,1.0,0.0,0.7028099835354942,0.7028099835354942,,,,1.0
17,water_hl_gap_eV,16,1.0,0.0,0.7028099835354942,0.7028099835354942,,,,1.0
17,water_hl_gap_eV,17,1.0,0.0,0.7028099835354942,0.7028099835354942,,,,1.0
17,water_hl_gap_eV,18,1.0,0.0,0.7028099835354942,0.7028099835354942,,,,1.0
17,water_hl_gap_eV,19,1.0,0.0,0.7028099835354942,0.7028099835354942,,,,1.0
17,water_hl_gap_eV,20,1.0,0.0,0.7028099835354942,0.7028099835354942,,,,1.0
17,water_hl_gap_eV,21,1.0,0.0,0.7028099835354942,0.7028099835354942,,,,1.0
17,water_hl_gap_eV,22,1.0,0.0,0.7028099835354942,0.7028099835354942,,,,1.0
17,water_hl_gap_eV,23,1.0,0.0,0.7028099835354942,0.7028099835354942,,,,1.0
17,water_hl_gap_eV,24,1.0,0.0,0.7028099835354942,0.7028099835354942,,,,1.0
17,water_hl_gap_eV,25,1.0,0.0,0.7028099835354942,0.7028099835354942,,,,1.0
17,water_hl_gap_eV,26,1.0,0.0,0.7028099835354942,0.7028099835354942,,,,1.0
17,water_hl_gap_eV,27,1.0,0.0,0.7028099835354942,0.7028099835354942,,,,1.0
17,water_hl_gap_eV,28,1.0,0.0,0.7028099835354942,0.7028099835354942,,,,1.0
17,water_hl_gap_eV,29,1.0,0.0,0.7028099835354942,0.7028099835354942,,,,1.0
17,water_hl_gap_eV,30,1.0,0.0,0.7028099835354942,0.7028099835354942,,,,1.0
17,water_hl_gap_eV,31,1.0,0.0,0.7028099835354942,0.7028099835354942,,,,1.0
17,water_hl_gap_eV,32,1.0,0.0,0.7028099835354942,0.7028099835354942,,,,1.0
17,water_hl_gap_eV,33,1.0,0.0,0.7028099835354942,0.7028099835354942,,,,1.0
17,water_hl_gap_eV,34,1.0,0.0,0.7028099835354942,0.7028099835354942,,,,1.0
17,water_hl_gap_eV,35,1.0,0.0,0.7028099835354942,0.7028099835354942,,,,1.0
17,water_hl_gap_eV,36,1.0,0.0,0.7028099835354942,0.7028099835354942,,,,1.0
17,water_hl_gap_eV,37,1.0,0.0,0.7028099835354942,0.7028099835354942,,,,1.0
17,water_hl_gap_eV,38,1.0,0.0,0.7028099835354942,0.7028099835354942,,,,1.0
17,water_hl_gap_eV,39,1.0,0.0,0.7028099835354942,0.7028099835354942,,,,1.0
17,water_hl_gap_eV,40,1.0,0.0,0.7028099835354942,0.7028099835354942,,,,1.0
17,water_hl_gap_eV,41,1.0,0.0,0.7028099835354942,0.7028099835354942,,,,1.0
17,water_hl_gap_eV,42,1.0,0.0,0.7028099835354942,0.7028099835354942,,,,1.0
17,water_hl_gap_eV,43,1.0,0.0,0.7028099835354942,0.7028099835354942,,,,1.0
17,water_hl_gap_eV,44,1.0,0.0,0.7028099835354942,0.7028099835354942,,,,1.0
17,water_hl_gap_eV,45,1.0,0.0,0.7028099835354942,0.7028099835354942,,,,1.0
17,water_hl_gap_eV,46,1.0,0.0,0.7028099835354942,0.7028099835354942,,,,1.0
17,water_hl_gap_eV,47,1.0,0.0,0.7028099835354942,0.7028099835354942,,,,1.0
17,water_hl_gap_eV,48,1.0,0.0,0.7028099835354942,0.7028099835354942,,,,1.0
17,water_hl_gap_eV,49,1.0,0.0,0.7028099835354942,0.7028099835354942,,,,1.0
17,water_hl_gap_eV,50,1.0,0.0,0.7028099835354942,0.7028099835354942,,,,1.0
17,water_hl_gap_eV,51,1.0,0.0,0.7028099835354942,0.7028099835354942,,,,1.0
17,water_hl_gap_eV,52,1.0,0.0,0.7028099835354942,0.7028099835354942,,,,1.0
17,water_hl_gap_eV,53,1.0,0.0,0.7028099835354942,0.7028099835354942,,,,1.0
17,water_hl_gap_eV,54,1.0,0.0,0.7028099835354942,0.7028099835354942,,,,1.0
17,water_hl_gap_eV,55,1.0,0.0,0.7028099835354942,0.7028099835354942,,,,1.0
17,water_hl_gap_eV,56,1.0,0.0,0.7028099835354942,0.7028099835354942,,,,1.0
17,water_hl_gap_eV,57,1.0,0.0,0.7028099835354942,0.7028099835354942,,,,1.0
17,water_hl_gap_eV,58,1.0,0.0,0.7028099835354942,0.7028099835354942,,,,1.0
17,water_hl_gap_eV,59,1.0,0.0,0.7028099835354942,0.7028099835354942,,,,1.0
17,water_hl_gap_eV,60,1.0,0.0,0.7028099835354942,0.7028099835354942,,,,1.0
17,water_hl_gap_eV,61,1.0,0.0,0.7028099835354942,0.7028099835354942,,,,1.0
17,water_hl_gap_eV,62,1.0,0.0,0.7028099835354942,0.7028099835354942,,,,1.0
17,water_hl_gap_eV,63,1.0,0.0,0.7028099835354942,0.7028099835354942,,,,1.0
17,water_hl_gap_eV,64,1.0,0.0,0.7028099835354942,0.7028099835354942,,,,1.0
17,water_hl_gap_eV,65,1.0,0.0,0.7028099835354942,0.7028099835354942,,,,1.0
17,water_hl_gap_eV,66,1.0,0.0,0.7028099835354942,0.7028099835354942,,,,1.0
17,water_hl_gap_eV,67,1.0,0.0,0.7028099835354942,0.7028099835354942,,,,1.0
17,water_hl_gap_eV,68,1.0,0.0,0.7028099835354942,0.7028099835354942,,,,1.0
17,water_hl_gap_eV,69,1.0,0.0,0.7028099835354942,0.7028099835354942,,,,1.0
17,water_hl_gap_eV,70,1.0,0.0,0.7028099835354942,0.7028099835354942,,,,1.0
17,water_hl_gap_eV,71,1.0,0.0,0.7028099835354942,0.7028099835354942,,,,1.0
17,water_hl_gap_eV,72,1.0,0.0,0.7028099835354942,0.7028099835354942,,,,1.0
17,water_hl_gap_eV,73,1.0,0.0,0.7028099835354942,0.7028099835354942,,,,1.0
17,water_hl_gap_eV,74,1.0,0.0,0.7028099835354942,0.7028099835354942,,,,1.0
17,water_hl_gap_eV,75,1.0,0.0,0.7028099835354942,0.7028099835354942,,,,1.0
17,water_hl_gap_eV,76,1.0,0.0,0.7028099835354942,0.7028099835354942,,,,1.0
17,water_hl_gap_eV,77,1.0,0.0,0.7028099835354942,0.7028099835354942,,,,1.0
17,water_hl_gap_eV,78,1.0,0.0,0.7028099835354942,0.7028099835354942,,,,1.0
17,water_hl_gap_eV,79,1.0,0.0,0.7028099835354942,0.7028099835354942,,,,1.0
17,water_hl_gap_eV,80,1.0,0.0,0.7028099835354942,0.7028099835354942,,,,1.0
17,water_hl_gap_eV,81,1.0,0.0,0.7028099835354942,0.7028099835354942,,,,1.0
17,water_hl_gap_eV,82,1.0,0.0,0.7028099835354942,0.7028099835354942,,,,1.0
17,water_hl_gap_eV,83,1.0,0.0,0.7028099835354942,0.7028099835354942,,,,1.0
17,water_hl_gap_eV,84,1.0,0.0,0.7028099835354942,0.7028099835354942,,,,1.0
17,water_hl_gap_eV,85,1.0,0.0,0.7028099835354942,0.7028099835354942,,,,1.0
17,water_hl_gap_eV,86,1.0,0.0,0.7028099835354942,0.7028099835354942,,,,1.0
17,water_hl_gap_eV,87,1.0,0.0,0.7028099835354942,0.7028099835354942,,,,1.0
17,water_hl_gap_eV,88,1.0,0.0,0.7028099835354942,0.7028099835354942,,,,1.0
17,water_hl_gap_eV,89,1.0,0.0,0.7028099835354942,0.7028099835354942,,,,1.0
17,water_hl_gap_eV,90,1.0,0.0,0.7028099835354942,0.7028099835354942,,,,1.0
17,water_hl_gap_eV,91,1.0,0.0,0.7028099835354942,0.7028099835354942,,,,1.0
17,water_hl_gap_eV,92,1.0,0.0,0.7028099835354942,0.7028099835354942,,,,1.0
17,water_hl_gap_eV,93,1.0,0.0,0.7028099835354942,0.7028099835354942,,,,1.0
17,water_hl_gap_eV,94,1.0,0.0,0.7028099835354942,0.7028099835354942,,,,1.0
17,water_hl_gap_eV,95,1.0,0.0,0.7028099835354942,0.7028099835354942,,,,1.0
17,water_hl_gap_eV,96,1.0,0.0,0.7028099835354942,0.7028099835354942,,,,1.0
17,water_hl_gap_eV,97,1.0,0.0,0.7028099835354942,0.7028099835354942,,,,1.0
17,water_hl_gap_eV,98,1.0,0.0,0.7028099835354942,0.7028099835354942,,,,1.0
17,water_hl_gap_eV,99,1.0,0.0,0.7028099835354942,0.7028099835354942,,,,1.0
17,water_hl_gap_eV,100,1.0,0.0,0.7028099835354942,0.7028099835354942,,,,1.0
17,water_hl_gap_eV,101,1.0,0.0,0.7028099835354942,0.7028099835354942,,,,1.0
17,water_hl_gap_eV,102,1.0,0.0,0.7028099835354942,0.7028099835354942,,,,1.0
17,water_hl_gap_eV,103,1.0,0.0,0.7028099835354942,0.7028099835354942,,,,1.0
17,water_hl_gap_eV,104,1.0,0.0,0.7028099835354942,0.7028099835354942,,,,1.0
17,water_hl_gap_eV,105,1.0,0.0,0.7028099835354942,0.7028099835354942,,,,1.0
17,water_hl_gap_eV,106,1.0,0.0,0.7028099835354942,0.7028099835354942,,,,1.0
17,water_hl_gap_eV,107,1.0,0.0,0.7028099835354942,0.7028099835354942,,,,1.0
17,water_hl_gap_eV,108,1.0,0.0,0.7028099835354942,0.7028099835354942,,,,1.0
17,water_hl_gap_eV,109,1.0,0.0,0.7028099835354942,0.7028099835354942,,,,1.0
17,water_hl_gap_eV,110,1.0,0.0,0.7028099835354942,0.7028099835354942,,,,1.0
17,water_hl_gap_eV,111,1.0,0.0,0.7028099835354942,0.7028099835354942,,,,1.0
17,water_hl_gap_eV,112,1.0,0.0,0.7028099835354942,0.7028099835354942,,,,1.0
17,water_hl_gap_eV,113,1.0,0.0,0.7028099835354942,0.7028099835354942,,,,1.0
17,water_hl_gap_eV,114,1.0,0.0,0.7028099835354942,0.7028099835354942,,,,1.0
17,water_hl_gap_eV,115,1.0,0.0,0.7028099835354942,0.7028099835354942,,,,1.0
17,water_hl_gap_eV,116,1.0,0.0,0.7028099835354942,0.7028099835354942,,,,1.0
17,water_hl_gap_eV,117,1.0,0.0,0.7028099835354942,0.7028099835354942,,,,1.0
17,water_hl_gap_eV,118,1.0,0.0,0.7028099835354942,0.7028099835354942,,,,1.0
17,water_hl_gap_eV,119,1.0,0.0,0.7028099835354942,0.7028099835354942,,,,1.0
17,water_hl_gap_eV,120,1.0,0.0,0.7028099835354942,0.7028099835354942,,,,1.0
17,water_hl_gap_eV,121,1.0,0.0,0.7028099835354942,0.7028099835354942,,,,1.0
17,water_hl_gap_eV,122,1.0,0.0,0.7028099835354942,0.7028099835354942,,,,1.0
17,water_hl_gap_eV,123,1.0,0.0,0.7028099835354942,0.7028099835354942,,,,1.0
17,water_hl_gap_eV,124,1.0,0.0,0.7028099835354942,0.7028099835354942,,,,1.0
17,water_hl_gap_eV,125,1.0,0.0,0.7028099835354942,0.7028099835354942,,,,1.0
17,water_hl_gap_eV,126,1.0,0.0,0.7028099835354942,0.7028099835354942,,,,1.0
17,water_hl_gap_eV,127,1.0,0.0,0.7028099835354942,0.7028099835354942,,,,1.0
17,water_hl_gap_eV,128,1.0,0.0,0.7028099835354942,0.7028099835354942,,,,1.0
17,water_hl_gap_eV,129,1.0,0.0,0.7028099835354942,0.7028099835354942,,,,1.0
17,water_hl_gap_eV,130,1.0,0.0,0.7028099835354942,0.7028099835354942,,,,1.0
17,water_hl_gap_eV,131,1.0,0.0,0.7028099835354942,0.7028099835354942,,,,1.0
17,water_hl_gap_eV,132,1.0,0.0,0.7028099835354942,0.7028099835354942,,,,1.0
17,water_hl_gap_eV,133,1.0,0.0,0.7028099835354942,0.7028099835354942,,,,1.0
17,water_hl_gap_eV,134,1.0,0.0,0.7028099835354942,0.7028099835354942,,,,1.0
17,water_hl_gap_eV,135,1.0,0.0,0.7028099835354942,0.7028099835354942,,,,1.0
17,water_hl_gap_eV,136,1.0,0.0,0.7028099835354942,0.7028099835354942,,,,1.0
17,water_hl_gap_eV,137,1.0,0.0,0.7028099835354942,0.7028099835354942,,,,1.0
17,water_hl_gap_eV,138,1.0,0.0,0.7028099835354942,0.7028099835354942,,,,1.0
17,water_hl_gap_eV,139,1.0,0.0,0.7028099835354942,0.7028099835354942,,,,1.0
17,water_hl_gap_eV,140,1.0,0.0,0.7028099835354942,0.7028099835354942,,,,1.0
17,water_hl_gap_eV,141,1.0,0.0,0.7028099835354942,0.7028099835354942,,,,1.0
17,water_hl_gap_eV,142,1.0,0.0,0.7028099835354942,0.7028099835354942,,,,1.0
17,water_hl_gap_eV,143,1.0,0.0,0.7028099835354942,0.7028099835354942,,,,1.0
17,water_hl_gap_eV,144,1.0,0.0,0.7028099835354942,0.7028099835354942,,,,1.0
17,water_hl_gap_eV,145,1.0,0.0,0.7028099835354942,0.7028099835354942,,,,1.0
17,water_hl_gap_eV,146,1.0,0.0,0.7028099835354942,0.7028099835354942,,,,1.0
17,water_hl_gap_eV,147,1.0,0.0,0.7028099835354942,0.7028099835354942,,,,1.0
17,water_hl_gap_eV,148,1.0,0.0,0.7028099835354942,0.7028099835354942,,,,1.0
17,water_hl_gap_eV,149,1.0,0.0,0.7028099835354942,0.7028099835354942,,,,1.0
17,water_hl_gap_eV,150,1.0,0.0,0.7028099835354942,0.7028099835354942,,,,1.0
17,water_hl_gap_eV,151,1.0,0.0,0.7028099835354942,0.7028099835354942,,,,1.0
17,water_hl_gap_eV,152,1.0,0.0,0.7028099835354942,0.7028099835354942,,,,1.0
17,water_hl_gap_eV,153,1.0,0.0,0.7028099835354942,0.7028099835354942,,,,1.0
17,water_hl_gap_eV,154,1.0,0.0,0.7028099835354942,0.7028099835354942,,,,1.0
17,water_hl_gap_eV,155,1.0,0.0,0.7028099835354942,0.7028099835354942,,,,1.0
17,water_hl_gap_eV,156,1.0,0.0,0.7028099835354942,0.7028099835354942,,,,1.0
17,water_hl_gap_eV,157,1.0,0.0,0.7028099835354942,0.7028099835354942,,,,1.0
17,water_hl_gap_eV,158,1.0,0.0,0.7028099835354942,0.7028099835354942,,,,1.0
17,water_hl_gap_eV,159,1.0,0.0,0.7028099835354942,0.7028099835354942,,,,1.0
17,water_hl_gap_eV,160,1.0,0.0,0.7028099835354942,0.7028099835354942,,,,1.0
17,water_hl_gap_eV,161,1.0,0.0,0.7028099835354942,0.7028099835354942,,,,1.0
17,water_hl_gap_eV,162,1.0,0.0,0.7028099835354942,0.7028099835354942,,,,1.0
17,water_hl_gap_eV,163,1.0,0.0,0.7028099835354942,0.7028099835354942,,,,1.0
17,water_hl_gap_eV,164,1.0,0.0,0.7028099835354942,0.7028099835354942,,,,1.0
17,water_hl_gap_eV,165,1.0,0.0,0.7028099835354942,0.7028099835354942,,,,1.0
17,water_hl_gap_eV,166,1.0,0.0,0.7028099835354942,0.7028099835354942,,,,1.0
17,water_hl_gap_eV,167,1.0,0.0,0.7028099835354942,0.7028099835354942,,,,1.0
17,water_hl_gap_eV,168,1.0,0.0,0.7028099835354942,0.7028099835354942,,,,1.0
17,water_hl_gap_eV,169,1.0,0.0,0.7028099835354942,0.7028099835354942,,,,1.0
17,water_hl_gap_eV,170,1.0,0.0,0.7028099835354942,0.7028099835354942,,,,1.0
17,water_hl_gap_eV,171,1.0,0.0,0.7028099835354942,0.7028099835354942,,,,1.0
17,water_hl_gap_eV,172,1.0,0.0,0.7028099835354942,0.7028099835354942,,,,1.0
17,water_hl_gap_eV,173,1.0,0.0,0.7028099835354942,0.7028099835354942,,,,1.0
17,water_hl_gap_eV,174,1.0,0.0,0.7028099835354942,0.7028099835354942,,,,1.0
17,water_hl_gap_eV,175,1.0,0.0,0.7028099835354942,0.7028099835354942,,,,1.0
17,water_hl_gap_eV,176,1.0,0.0,0.7028099835354942,0.7028099835354942,,,,1.0
17,water_hl_gap_eV,177,1.0,0.0,0.7028099835354942,0.7028099835354942,,,,1.0
17,water_hl_gap_eV,178,1.0,0.0,0.7028099835354942,0.7028099835354942,,,,1.0
17,water_hl_gap_eV,179,1.0,0.0,0.7028099835354942,0.7028099835354942,,,,1.0
17,water_hl_gap_eV,180,1.0,0.0,0.7028099835354942,0.7028099835354942,,,,1.0
17,water_hl_gap_eV,181,1.0,0.0,0.7028099835354942,0.7028099835354942,,,,1.0
17,water_hl_gap_eV,182,1.0,0.0,0.7028099835354942,0.7028099835354942,,,,1.0
17,water_hl_gap_eV,183,1.0,0.0,0.7028099835354942,0.7028099835354942,,,,1.0
17,water_hl_gap_eV,184,1.0,0.0,0.7028099835354942,0.7028099835354942,,,,1.0
17,water_hl_gap_eV,185,1.0,0.0,0.7028099835354942,0.7028099835354942,,,,1.0
17,water_hl_gap_eV,186,1.0,0.0,0.7028099835354942,0.7028099835354942,,,,1.0
17,water_hl_gap_eV,187,1.0,0.0,0.7028099835354942,0.7028099835354942,,,,1.0
17,water_hl_gap_eV,188,1.0,0.0,0.7028099835354942,0.7028099835354942,,,,1.0
17,water_hl_gap_eV,189,1.0,0.0,0.7028099835354942,0.7028099835354942,,,,1.0
17,water_hl_gap_eV,190,1.0,0.0,0.7028099835354942,0.7028099835354942,,,,1.0
17,water_hl_gap_eV,191,1.0,0.0,0.7028099835354942,0.7028099835354942,,,,1.0
17,water_hl_gap_eV,192,1.0,0.0,0.7028099835354942,0.7028099835354942,,,,1.0
17,water_hl_gap_eV,193,1.0,0.0,0.7028099835354942,0.7028099835354942,,,,1.0
17,water_hl_gap_eV,194,1.0,0.0,0.7028099835354942,0.7028099835354942,,,,1.0
17,water_hl_gap_eV,195,1.0,0.0,0.7028099835354942,0.7028099835354942,,,,1.0
17,water_hl_gap_eV,196,1.0,0.0,0.7028099835354942,0.7028099835354942,,,,1.0
17,water_hl_gap_eV,197,1.0,0.0,0.7028099835354942,0.7028099835354942,,,,1.0
17,water_hl_gap_eV,198,1.0,0.0,0.7028099835354942,0.7028099835354942,,,,1.0
17,water_hl_gap_eV,199,1.0,0.0,0.7028099835354942,0.7028099835354942,,,,1.0
17,water_hl_gap_eV,200,1.0,0.0,0.7028099835354942,0.7028099835354942,,,,1.0
17,water_hl_gap_eV,201,1.0,0.0,0.7028099835354942,0.7028099835354942,,,,1.0
17,water_hl_gap_eV,202,1.0,0.0,0.7028099835354942,0.7028099835354942,,,,1.0
17,water_hl_gap_eV,203,1.0,0.0,0.7028099835354942,0.7028099835354942,,,,1.0
17,water_hl_gap_eV,204,1.0,0.0,0.7028099835354942,0.7028099835354942,,,,1.0
17,water_hl_gap_eV,205,1.0,0.0,0.7028099835354942,0.7028099835354942,,,,1.0
17,water_hl_gap_eV,206,1.0,0.0,0.7028099835354942,0.7028099835354942,,,,1.0
17,water_hl_gap_eV,207,1.0,0.0,0.7028099835354942,0.7028099835354942,,,,1.0
17,water_hl_gap_eV,208,1.0,0.0,0.7028099835354942,0.7028099835354942,,,,1.0
17,water_hl_gap_eV,209,1.0,0.0,0.7028099835354942,0.7028099835354942,,,,1.0
17,water_hl_gap_eV,210,1.0,0.0,0.7028099835354942,0.7028099835354942,,,,1.0
17,water_hl_gap_eV,211,1.0,0.0,0.7028099835354942,0.7028099835354942,,,,1.0
17,water_hl_gap_eV,212,1.0,0.0,0.7028099835354942,0.7028099835354942,,,,1.0
17,water_hl_gap_eV,213,1.0,0.0,0.7028099835354942,0.7028099835354942,,,,1.0
17,water_hl_gap_eV,214,1.0,0.0,0.7028099835354942,0.7028099835354942,,,,1.0
17,water_hl_gap_eV,215,1.0,0.0,0.7028099835354942,0.7028099835354942,,,,1.0
17,water_hl_gap_eV,216,1.0,0.0,0.7028099835354942,0.7028099835354942,,,,1.0
17,water_hl_gap_eV,217,1.0,0.0,0.7028099835354942,0.7028099835354942,,,,1.0
17,water_hl_gap_eV,218,1.0,0.0,0.7028099835354942,0.7028099835354942,,,,1.0
17,water_hl_gap_eV,219,1.0,0.0,0.7028099835354942,0.7028099835354942,,,,1.0
17,water_hl_gap_eV,220,1.0,0.0,0.7028099835354942,0.7028099835354942,,,,1.0
17,water_hl_gap_eV,221,1.0,0.0,0.7028099835354942,0.7028099835354942,,,,1.0
17,water_hl_gap_eV,222,1.0,0.0,0.7028099835354942,0.7028099835354942,,,,1.0
17,water_hl_gap_eV,223,1.0,0.0,0.7028099835354942,0.7028099835354942,,,,1.0
17,water_hl_gap_eV,224,1.0,0.0,0.7028099835354942,0.7028099835354942,,,,1.0
17,water_hl_gap_eV,225,1.0,0.0,0.7028099835354942,0.7028099835354942,,,,1.0
17,water_hl_gap_eV,226,1.0,0.0,0.7028099835354942,0.7028099835354942,,,,1.0
17,water_hl_gap_eV,227,1.0,0.0,0.7028099835354942,0.7028099835354942,,,,1.0
17,water_hl_gap_eV,228,1.0,0.0,0.7028099835354942,0.7028099835354942,,,,1.0
17,water_hl_gap_eV,229,1.0,0.0,0.7028099835354942,0.7028099835354942,,,,1.0
17,water_hl_gap_eV,230,1.0,0.0,0.7028099835354942,0.7028099835354942,,,,1.0
17,water_hl_gap_eV,231,1.0,0.0,0.7028099835354942,0.7028099835354942,,,,1.0
17,water_hl_gap_eV,232,1.0,0.0,0.7028099835354942,0.7028099835354942,,,,1.0
17,water_hl_gap_eV,233,1.0,0.0,0.7028099835354942,0.7028099835354942,,,,1.0
17,water_hl_gap_eV,234,1.0,0.0,0.7028099835354942,0.7028099835354942,,,,1.0
17,water_hl_gap_eV,235,1.0,0.0,0.7028099835354942,0.7028099835354942,,,,1.0
17,water_hl_gap_eV,236,1.0,0.0,0.7028099835354942,0.7028099835354942,,,,1.0
17,water_hl_gap_eV,237,1.0,0.0,0.7028099835354942,0.7028099835354942,,,,1.0
17,water_hl_gap_eV,238,1.0,0.0,0.7028099835354942,0.7028099835354942,,,,1.0
17,water_hl_gap_eV,239,1.0,0.0,0.7028099835354942,0.7028099835354942,,,,1.0
17,water_hl_gap_eV,240,1.0,0.0,0.7028099835354942,0.7028099835354942,,,,1.0
17,water_hl_gap_eV,241,1.0,0.0,0.7028099835354942,0.7028099835354942,,,,1.0
17,water_hl_gap_eV,242,1.0,0.0,0.7028099835354942,0.7028099835354942,,,,1.0
17,water_hl_gap_eV,243,1.0,0.0,0.7028099835354942,0.7028099835354942,,,,1.0
17,water_hl_gap_eV,244,1.0,0.0,0.7028099835354942,0.7028099835354942,,,,1.0
17,water_hl_gap_eV,245,1.0,0.0,0.7028099835354942,0.7028099835354942,,,,1.0
17,water_hl_gap_eV,246,1.0,0.0,0.7028099835354942,0.7028099835354942,,,,1.0
17,water_hl_gap_eV,247,1.0,0.0,0.7028099835354942,0.7028099835354942,,,,1.0
17,water_hl_gap_eV,248,1.0,0.0,0.7028099835354942,0.7028099835354942,,,,1.0
17,water_hl_gap_eV,249,1.0,0.0,0.7028099835354942,0.7028099835354942,,,,1.0
17,water_dipole,0,1.0,0.0,0.603395428606637,0.603395428606637,,,,1.0
17,water_dipole,1,1.0,0.0,0.603395428606637,0.603395428606637,,,,1.0
17,water_dipole,2,1.0,0.0,0.603395428606637,0.603395428606637,,,,1.0
17,water_dipole,3,1.0,0.0,0.603395428606637,0.603395428606637,,,,1.0
17,water_dipole,4,1.0,0.0,0.603395428606637,0.603395428606637,,,,1.0
17,water_dipole,5,1.0,0.0,0.603395428606637,0.603395428606637,,,,1.0
17,water_dipole,6,1.0,0.0,0.603395428606637,0.603395428606637,,,,1.0
17,water_dipole,7,1.0,0.0,0.603395428606637,0.603395428606637,,,,1.0
17,water_dipole,8,1.0,0.0,0.603395428606637,0.603395428606637,,,,1.0
17,water_dipole,9,1.0,0.0,0.603395428606637,0.603395428606637,,,,1.0
17,water_dipole,10,1.0,0.0,0.603395428606637,0.603395428606637,,,,1.0
17,water_dipole,11,1.0,0.0,0.603395428606637,0.603395428606637,,,,1.0
17,water_dipole,12,1.0,0.0,0.603395428606637,0.603395428606637,,,,1.0
17,water_dipole,13,1.0,0.0,0.603395428606637,0.603395428606637,,,,1.0
17,water_dipole,14,1.0,0.0,0.603395428606637,0.603395428606637,,,,1.0
17,water_dipole,15,1.0,0.0,0.603395428606637,0.603395428606637,,,,1.0
17,water_dipole,16,1.0,0.0,0.603395428606637,0.603395428606637,,,,1.0
17,water_dipole,17,1.0,0.0,0.603395428606637,0.603395428606637,,,,1.0
17,water_dipole,18,1.0,0.0,0.603395428606637,0.603395428606637,,,,1.0
17,water_dipole,19,1.0,0.0,0.603395428606637,0.603395428606637,,,,1.0
17,water_dipole,20,1.0,0.0,0.603395428606637,0.603395428606637,,,,1.0
17,water_dipole,21,1.0,0.0,0.603395428606637,0.603395428606637,,,,1.0
17,water_dipole,22,1.0,0.0,0.603395428606637,0.603395428606637,,,,1.0
17,water_dipole,23,1.0,0.0,0.603395428606637,0.603395428606637,,,,1.0
17,water_dipole,24,1.0,0.0,0.603395428606637,0.603395428606637,,,,1.0
17,water_dipole,25,1.0,0.0,0.603395428606637,0.603395428606637,,,,1.0
17,water_dipole,26,1.0,0.0,0.603395428606637,0.603395428606637,,,,1.0
17,water_dipole,27,1.0,0.0,0.603395428606637,0.603395428606637,,,,1.0
17,water_dipole,28,1.0,0.0,0.603395428606637,0.603395428606637,,,,1.0
17,water_dipole,29,1.0,0.0,0.603395428606637,0.603395428606637,,,,1.0
17,water_dipole,30,1.0,0.0,0.603395428606637,0.603395428606637,,,,1.0
17,water_dipole,31,1.0,0.0,0.603395428606637,0.603395428606637,,,,1.0
17,water_dipole,32,1.0,0.0,0.603395428606637,0.603395428606637,,,,1.0
17,water_dipole,33,1.0,0.0,0.603395428606637,0.603395428606637,,,,1.0
17,water_dipole,34,1.0,0.0,0.603395428606637,0.603395428606637,,,,1.0
17,water_dipole,35,1.0,0.0,0.603395428606637,0.603395428606637,,,,1.0
17,water_dipole,36,1.0,0.0,0.603395428606637,0.603395428606637,,,,1.0
17,water_dipole,37,1.0,0.0,0.603395428606637,0.603395428606637,,,,1.0
17,water_dipole,38,1.0,0.0,0.603395428606637,0.603395428606637,,,,1.0
17,water_dipole,39,1.0,0.0,0.603395428606637,0.603395428606637,,,,1.0
17,water_dipole,40,1.0,0.0,0.603395428606637,0.603395428606637,,,,1.0
17,water_dipole,41,1.0,0.0,0.603395428606637,0.603395428606637,,,,1.0
17,water_dipole,42,1.0,0.0,0.603395428606637,0.603395428606637,,,,1.0
17,water_dipole,43,1.0,0.0,0.603395428606637,0.603395428606637,,,,1.0
17,water_dipole,44,1.0,0.0,0.603395428606637,0.603395428606637,,,,1.0
17,water_dipole,45,1.0,0.0,0.603395428606637,0.603395428606637,,,,1.0
17,water_dipole,46,1.0,0.0,0.603395428606637,0.603395428606637,,,,1.0
17,water_dipole,47,1.0,0.0,0.603395428606637,0.603395428606637,,,,1.0
17,water_dipole,48,1.0,0.0,0.603395428606637,0.603395428606637,,,,1.0
17,water_dipole,49,1.0,0.0,0.603395428606637,0.603395428606637,,,,1.0
17,water_dipole,50,1.0,0.0,0.603395428606637,0.603395428606637,,,,1.0
17,water_dipole,51,1.0,0.0,0.603395428606637,0.603395428606637,,,,1.0
17,water_dipole,52,1.0,0.0,0.603395428606637,0.603395428606637,,,,1.0
17,water_dipole,53,1.0,0.0,0.603395428606637,0.603395428606637,,,,1.0
17,water_dipole,54,1.0,0.0,0.603395428606637,0.603395428606637,,,,1.0
17,water_dipole,55,1.0,0.0,0.603395428606637,0.603395428606637,,,,1.0
17,water_dipole,56,1.0,0.0,0.603395428606637,0.603395428606637,,,,1.0
17,water_dipole,57,1.0,0.0,0.603395428606637,0.603395428606637,,,,1.0
17,water_dipole,58,1.0,0.0,0.603395428606637,0.603395428606637,,,,1.0
17,water_dipole,59,1.0,0.0,0.603395428606637,0.603395428606637,,,,1.0
17,water_dipole,60,1.0,0.0,0.603395428606637,0.603395428606637,,,,1.0
17,water_dipole,61,1.0,0.0,0.603395428606637,0.603395428606637,,,,1.0
17,water_dipole,62,1.0,0.0,0.603395428606637,0.603395428606637,,,,1.0
17,water_dipole,63,1.0,0.0,0.603395428606637,0.603395428606637,,,,1.0
17,water_dipole,64,1.0,0.0,0.603395428606637,0.603395428606637,,,,1.0
17,water_dipole,65,1.0,0.0,0.603395428606637,0.603395428606637,,,,1.0
17,water_dipole,66,1.0,0.0,0.603395428606637,0.603395428606637,,,,1.0
17,water_dipole,67,1.0,0.0,0.603395428606637,0.603395428606637,,,,1.0
17,water_dipole,68,1.0,0.0,0.603395428606637,0.603395428606637,,,,1.0
17,water_dipole,69,1.0,0.0,0.603395428606637,0.603395428606637,,,,1.0
17,water_dipole,70,1.0,0.0,0.603395428606637,0.603395428606637,,,,1.0
17,water_dipole,71,1.0,0.0,0.603395428606637,0.603395428606637,,,,1.0
17,water_dipole,72,1.0,0.0,0.603395428606637,0.603395428606637,,,,1.0
17,water_dipole,73,1.0,0.0,0.603395428606637,0.603395428606637,,,,1.0
17,water_dipole,74,1.0,0.0,0.603395428606637,0.603395428606637,,,,1.0
17,water_dipole,75,1.0,0.0,0.603395428606637,0.603395428606637,,,,1.0
17,water_dipole,76,1.0,0.0,0.603395428606637,0.603395428606637,,,,1.0
17,water_dipole,77,1.0,0.0,0.603395428606637,0.603395428606637,,,,1.0
17,water_dipole,78,1.0,0.0,0.603395428606637,0.603395428606637,,,,1.0
17,water_dipole,79,1.0,0.0,0.603395428606637,0.603395428606637,,,,1.0
17,water_dipole,80,1.0,0.0,0.603395428606637,0.603395428606637,,,,1.0
17,water_dipole,81,1.0,0.0,0.603395428606637,0.603395428606637,,,,1.0
17,water_dipole,82,1.0,0.0,0.603395428606637,0.603395428606637,,,,1.0
17,water_dipole,83,1.0,0.0,0.603395428606637,0.603395428606637,,,,1.0
17,water_dipole,84,1.0,0.0,0.603395428606637,0.603395428606637,,,,1.0
17,water_dipole,85,1.0,0.0,0.603395428606637,0.603395428606637,,,,1.0
17,water_dipole,86,1.0,0.0,0.603395428606637,0.603395428606637,,,,1.0
17,water_dipole,87,1.0,0.0,0.603395428606637,0.603395428606637,,,,1.0
17,water_dipole,88,1.0,0.0,0.603395428606637,0.603395428606637,,,,1.0
17,water_dipole,89,1.0,0.0,0.603395428606637,0.603395428606637,,,,1.0
17,water_dipole,90,1.0,0.0,0.603395428606637,0.603395428606637,,,,1.0
17,water_dipole,91,1.0,0.0,0.603395428606637,0.603395428606637,,,,1.0
17,water_dipole,92,1.0,0.0,0.603395428606637,0.603395428606637,,,,1.0
17,water_dipole,93,1.0,0.0,0.603395428606637,0.603395428606637,,,,1.0
17,water_dipole,94,1.0,0.0,0.603395428606637,0.603395428606637,,,,1.0
17,water_dipole,95,1.0,0.0,0.603395428606637,0.603395428606637,,,,1.0
17,water_dipole,96,1.0,0.0,0.603395428606637,0.603395428606637,,,,1.0
17,water_dipole,97,1.0,0.0,0.603395428606637,0.603395428606637,,,,1.0
17,water_dipole,98,1.0,0.0,0.603395428606637,0.603395428606637,,,,1.0
17,water_dipole,99,1.0,0.0,0.603395428606637,0.603395428606637,,,,1.0
17,water_dipole,100,1.0,0.0,0.603395428606637,0.603395428606637,,,,1.0
17,water_dipole,101,1.0,0.0,0.603395428606637,0.603395428606637,,,,1.0
17,water_dipole,102,1.0,0.0,0.603395428606637,0.603395428606637,,,,1.0
17,water_dipole,103,1.0,0.0,0.603395428606637,0.603395428606637,,,,1.0
17,water_dipole,104,1.0,0.0,0.603395428606637,0.603395428606637,,,,1.0
17,water_dipole,105,1.0,0.0,0.603395428606637,0.603395428606637,,,,1.0
17,water_dipole,106,1.0,0.0,0.603395428606637,0.603395428606637,,,,1.0
17,water_dipole,107,1.0,0.0,0.603395428606637,0.603395428606637,,,,1.0
17,water_dipole,108,1.0,0.0,0.603395428606637,0.603395428606637,,,,1.0
17,water_dipole,109,1.0,0.0,0.603395428606637,0.603395428606637,,,,1.0
17,water_dipole,110,1.0,0.0,0.603395428606637,0.603395428606637,,,,1.0
17,water_dipole,111,1.0,0.0,0.603395428606637,0.603395428606637,,,,1.0
17,water_dipole,112,1.0,0.0,0.603395428606637,0.603395428606637,,,,1.0
17,water_dipole,113,1.0,0.0,0.603395428606637,0.603395428606637,,,,1.0
17,water_dipole,114,1.0,0.0,0.603395428606637,0.603395428606637,,,,1.0
17,water_dipole,115,1.0,0.0,0.603395428606637,0.603395428606637,,,,1.0
17,water_dipole,116,1.0,0.0,0.603395428606637,0.603395428606637,,,,1.0
17,water_dipole,117,1.0,0.0,0.603395428606637,0.603395428606637,,,,1.0
17,water_dipole,118,1.0,0.0,0.603395428606637,0.603395428606637,,,,1.0
17,water_dipole,119,1.0,0.0,0.603395428606637,0.603395428606637,,,,1.0
17,water_dipole,120,1.0,0.0,0.603395428606637,0.603395428606637,,,,1.0
17,water_dipole,121,1.0,0.0,0.603395428606637,0.603395428606637,,,,1.0
17,water_dipole,122,1.0,0.0,0.603395428606637,0.603395428606637,,,,1.0
17,water_dipole,123,1.0,0.0,0.603395428606637,0.603395428606637,,,,1.0
17,water_dipole,124,1.0,0.0,0.603395428606637,0.603395428606637,,,,1.0
17,water_dipole,125,1.0,0.0,0.603395428606637,0.603395428606637,,,,1.0
17,water_dipole,126,1.0,0.0,0.603395428606637,0.603395428606637,,,,1.0
17,water_dipole,127,1.0,0.0,0.603395428606637,0.603395428606637,,,,1.0
17,water_dipole,128,1.0,0.0,0.603395428606637,0.603395428606637,,,,1.0
17,water_dipole,129,1.0,0.0,0.603395428606637,0.603395428606637,,,,1.0
17,water_dipole,130,1.0,0.0,0.603395428606637,0.603395428606637,,,,1.0
17,water_dipole,131,1.0,0.0,0.603395428606637,0.603395428606637,,,,1.0
17,water_dipole,132,1.0,0.0,0.603395428606637,0.603395428606637,,,,1.0
17,water_dipole,133,1.0,0.0,0.603395428606637,0.603395428606637,,,,1.0
17,water_dipole,134,1.0,0.0,0.603395428606637,0.603395428606637,,,,1.0
17,water_dipole,135,1.0,0.0,0.603395428606637,0.603395428606637,,,,1.0
17,water_dipole,136,1.0,0.0,0.603395428606637,0.603395428606637,,,,1.0
17,water_dipole,137,1.0,0.0,0.603395428606637,0.603395428606637,,,,1.0
17,water_dipole,138,1.0,0.0,0.603395428606637,0.603395428606637,,,,1.0
17,water_dipole,139,1.0,0.0,0.603395428606637,0.603395428606637,,,,1.0
17,water_dipole,140,1.0,0.0,0.603395428606637,0.603395428606637,,,,1.0
17,water_dipole,141,1.0,0.0,0.603395428606637,0.603395428606637,,,,1.0
17,water_dipole,142,1.0,0.0,0.603395428606637,0.603395428606637,,,,1.0
17,water_dipole,143,1.0,0.0,0.603395428606637,0.603395428606637,,,,1.0
17,water_dipole,144,1.0,0.0,0.603395428606637,0.603395428606637,,,,1.0
17,water_dipole,145,1.0,0.0,0.603395428606637,0.603395428606637,,,,1.0
17,water_dipole,146,1.0,0.0,0.603395428606637,0.603395428606637,,,,1.0
17,water_dipole,147,1.0,0.0,0.603395428606637,0.603395428606637,,,,1.0
17,water_dipole,148,1.0,0.0,0.603395428606637,0.603395428606637,,,,1.0
17,water_dipole,149,1.0,0.0,0.603395428606637,0.603395428606637,,,,1.0
17,water_dipole,150,1.0,0.0,0.603395428606637,0.603395428606637,,,,1.0
17,water_dipole,151,1.0,0.0,0.603395428606637,0.603395428606637,,,,1.0
17,water_dipole,152,1.0,0.0,0.603395428606637,0.603395428606637,,,,1.0
17,water_dipole,153,1.0,0.0,0.603395428606637,0.603395428606637,,,,1.0
17,water_dipole,154,1.0,0.0,0.603395428606637,0.603395428606637,,,,1.0
17,water_dipole,155,1.0,0.0,0.603395428606637,0.603395428606637,,,,1.0
17,water_dipole,156,1.0,0.0,0.603395428606637,0.603395428606637,,,,1.0
17,water_dipole,157,1.0,0.0,0.603395428606637,0.603395428606637,,,,1.0
17,water_dipole,158,1.0,0.0,0.603395428606637,0.603395428606637,,,,1.0
17,water_dipole,159,1.0,0.0,0.603395428606637,0.603395428606637,,,,1.0
17,water_dipole,160,1.0,0.0,0.603395428606637,0.603395428606637,,,,1.0
17,water_dipole,161,1.0,0.0,0.603395428606637,0.603395428606637,,,,1.0
17,water_dipole,162,1.0,0.0,0.603395428606637,0.603395428606637,,,,1.0
17,water_dipole,163,1.0,0.0,0.603395428606637,0.603395428606637,,,,1.0
17,water_dipole,164,1.0,0.0,0.603395428606637,0.603395428606637,,,,1.0
17,water_dipole,165,1.0,0.0,0.603395428606637,0.603395428606637,,,,1.0
17,water_dipole,166,1.0,0.0,0.603395428606637,0.603395428606637,,,,1.0
17,water_dipole,167,1.0,0.0,0.603395428606637,0.603395428606637,,,,1.0
17,water_dipole,168,1.0,0.0,0.603395428606637,0.603395428606637,,,,1.0
17,water_dipole,169,1.0,0.0,0.603395428606637,0.603395428606637,,,,1.0
17,water_dipole,170,1.0,0.0,0.603395428606637,0.603395428606637,,,,1.0
17,water_dipole,171,1.0,0.0,0.603395428606637,0.603395428606637,,,,1.0
17,water_dipole,172,1.0,0.0,0.603395428606637,0.603395428606637,,,,1.0
17,water_dipole,173,1.0,0.0,0.603395428606637,0.603395428606637,,,,1.0
17,water_dipole,174,1.0,0.0,0.603395428606637,0.603395428606637,,,,1.0
17,water_dipole,175,1.0,0.0,0.603395428606637,0.603395428606637,,,,1.0
17,water_dipole,176,1.0,0.0,0.603395428606637,0.603395428606637,,,,1.0
17,water_dipole,177,1.0,0.0,0.603395428606637,0.603395428606637,,,,1.0
17,water_dipole,178,1.0,0.0,0.603395428606637,0.603395428606637,,,,1.0
17,water_dipole,179,1.0,0.0,0.603395428606637,0.603395428606637,,,,1.0
17,water_dipole,180,1.0,0.0,0.603395428606637,0.603395428606637,,,,1.0
17,water_dipole,181,1.0,0.0,0.603395428606637,0.603395428606637,,,,1.0
17,water_dipole,182,1.0,0.0,0.603395428606637,0.603395428606637,,,,1.0
17,water_dipole,183,1.0,0.0,0.603395428606637,0.603395428606637,,,,1.0
17,water_dipole,184,1.0,0.0,0.603395428606637,0.603395428606637,,,,1.0
17,water_dipole,185,1.0,0.0,0.603395428606637,0.603395428606637,,,,1.0
17,water_dipole,186,1.0,0.0,0.603395428606637,0.603395428606637,,,,1.0
17,water_dipole,187,1.0,0.0,0.603395428606637,0.603395428606637,,,,1.0
17,water_dipole,188,1.0,0.0,0.603395428606637,0.603395428606637,,,,1.0
17,water_dipole,189,1.0,0.0,0.603395428606637,0.603395428606637,,,,1.0
17,water_dipole,190,1.0,0.0,0.603395428606637,0.603395428606637,,,,1.0
17,water_dipole,191,1.0,0.0,0.603395428606637,0.603395428606637,,,,1.0
17,water_dipole,192,1.0,0.0,0.603395428606637,0.603395428606637,,,,1.0
17,water_dipole,193,1.0,0.0,0.603395428606637,0.603395428606637,,,,1.0
17,water_dipole,194,1.0,0.0,0.603395428606637,0.603395428606637,,,,1.0
17,water_dipole,195,1.0,0.0,0.603395428606637,0.603395428606637,,,,1.0
17,water_dipole,196,1.0,0.0,0.603395428606637,0.603395428606637,,,,1.0
17,water_dipole,197,1.0,0.0,0.603395428606637,0.603395428606637,,,,1.0
17,water_dipole,198,1.0,0.0,0.603395428606637,0.603395428606637,,,,1.0
17,water_dipole,199,1.0,0.0,0.603395428606637,0.603395428606637,,,,1.0
17,water_dipole,200,1.0,0.0,0.603395428606637,0.603395428606637,,,,1.0
17,water_dipole,201,1.0,0.0,0.603395428606637,0.603395428606637,,,,1.0
17,water_dipole,202,1.0,0.0,0.603395428606637,0.603395428606637,,,,1.0
17,water_dipole,203,1.0,0.0,0.603395428606637,0.603395428606637,,,,1.0
17,water_dipole,204,1.0,0.0,0.603395428606637,0.603395428606637,,,,1.0
17,water_dipole,205,1.0,0.0,0.603395428606637,0.603395428606637,,,,1.0
17,water_dipole,206,1.0,0.0,0.603395428606637,0.603395428606637,,,,1.0
17,water_dipole,207,1.0,0.0,0.603395428606637,0.603395428606637,,,,1.0
17,water_dipole,208,1.0,0.0,0.603395428606637,0.603395428606637,,,,1.0
17,water_dipole,209,1.0,0.0,0.603395428606637,0.603395428606637,,,,1.0
17,water_dipole,210,1.0,0.0,0.603395428606637,0.603395428606637,,,,1.0
17,water_dipole,211,1.0,0.0,0.603395428606637,0.603395428606637,,,,1.0
17,water_dipole,212,1.0,0.0,0.603395428606637,0.603395428606637,,,,1.0
17,water_dipole,213,1.0,0.0,0.603395428606637,0.603395428606637,,,,1.0
17,water_dipole,214,1.0,0.0,0.603395428606637,0.603395428606637,,,,1.0
17,water_dipole,215,1.0,0.0,0.603395428606637,0.603395428606637,,,,1.0
17,water_dipole,216,1.0,0.0,0.603395428606637,0.603395428606637,,,,1.0
17,water_dipole,217,1.0,0.0,0.603395428606637,0.603395428606637,,,,1.0
17,water_dipole,218,1.0,0.0,0.603395428606637,0.603395428606637,,,,1.0
17,water_dipole,219,1.0,0.0,0.603395428606637,0.603395428606637,,,,1.0
17,water_dipole,220,1.0,0.0,0.603395428606637,0.603395428606637,,,,1.0
17,water_dipole,221,1.0,0.0,0.603395428606637,0.603395428606637,,,,1.0
17,water_dipole,222,1.0,0.0,0.603395428606637,0.603395428606637,,,,1.0
17,water_dipole,223,1.0,0.0,0.603395428606637,0.603395428606637,,,,1.0
17,water_dipole,224,1.0,0.0,0.603395428606637,0.603395428606637,,,,1.0
17,water_dipole,225,1.0,0.0,0.603395428606637,0.603395428606637,,,,1.0
17,water_dipole,226,1.0,0.0,0.603395428606637,0.603395428606637,,,,1.0
17,water_dipole,227,1.0,0.0,0.603395428606637,0.603395428606637,,,,1.0
17,water_dipole,228,1.0,0.0,0.603395428606637,0.603395428606637,,,,1.0
17,water_dipole,229,1.0,0.0,0.603395428606637,0.603395428606637,,,,1.0
17,water_dipole,230,1.0,0.0,0.603395428606637,0.603395428606637,,,,1.0
17,water_dipole,231,1.0,0.0,0.603395428606637,0.603395428606637,,,,1.0
17,water_dipole,232,1.0,0.0,0.603395428606637,0.603395428606637,,,,1.0
17,water_dipole,233,1.0,0.0,0.603395428606637,0.603395428606637,,,,1.0
17,water_dipole,234,1.0,0.0,0.603395428606637,0.603395428606637,,,,1.0
17,water_dipole,235,1.0,0.0,0.603395428606637,0.603395428606637,,,,1.0
17,water_dipole,236,1.0,0.0,0.603395428606637,0.603395428606637,,,,1.0
17,water_dipole,237,1.0,0.0,0.603395428606637,0.603395428606637,,,,1.0
17,water_dipole,238,1.0,0.0,0.603395428606637,0.603395428606637,,,,1.0
17,water_dipole,239,1.0,0.0,0.603395428606637,0.603395428606637,,,,1.0
17,water_dipole,240,1.0,0.0,0.603395428606637,0.603395428606637,,,,1.0
17,water_dipole,241,1.0,0.0,0.603395428606637,0.603395428606637,,,,1.0
17,water_dipole,242,1.0,0.0,0.603395428606637,0.603395428606637,,,,1.0
17,water_dipole,243,1.0,0.0,0.603395428606637,0.603395428606637,,,,1.0
17,water_dipole,244,1.0,0.0,0.603395428606637,0.603395428606637,,,,1.0
17,water_dipole,245,1.0,0.0,0.603395428606637,0.603395428606637,,,,1.0
17,water_dipole,246,1.0,0.0,0.603395428606637,0.603395428606637,,,,1.0
17,water_dipole,247,1.0,0.0,0.603395428606637,0.603395428606637,,,,1.0
17,water_dipole,248,1.0,0.0,0.603395428606637,0.603395428606637,,,,1.0
17,water_dipole,249,1.0,0.0,0.603395428606637,0.603395428606637,,,,1.0
17,acetone_gsolv_eV,0,1.0000001192092896,0.0,0.6722136599996158,0.6722136599996158,,,,1.0
17,acetone_gsolv_eV,1,1.0000001192092896,0.0,0.6722136599996158,0.6722136599996158,,,,1.0
17,acetone_gsolv_eV,2,1.0000001192092896,0.0,0.6722136599996158,0.6722136599996158,,,,1.0
17,acetone_gsolv_eV,3,1.0000001192092896,0.0,0.6722136599996158,0.6722136599996158,,,,1.0
17,acetone_gsolv_eV,4,1.0000001192092896,0.0,0.6722136599996158,0.6722136599996158,,,,1.0
17,acetone_gsolv_eV,5,1.0000001192092896,0.0,0.6722136599996158,0.6722136599996158,,,,1.0
17,acetone_gsolv_eV,6,1.0000001192092896,0.0,0.6722136599996158,0.6722136599996158,,,,1.0
17,acetone_gsolv_eV,7,1.0000001192092896,0.0,0.6722136599996158,0.6722136599996158,,,,1.0
17,acetone_gsolv_eV,8,1.0000001192092896,0.0,0.6722136599996158,0.6722136599996158,,,,1.0
17,acetone_gsolv_eV,9,1.0000001192092896,0.0,0.6722136599996158,0.6722136599996158,,,,1.0
17,acetone_gsolv_eV,10,1.0000001192092896,0.0,0.6722136599996158,0.6722136599996158,,,,1.0
17,acetone_gsolv_eV,11,1.0000001192092896,0.0,0.6722136599996158,0.6722136599996158,,,,1.0
17,acetone_gsolv_eV,12,1.0000001192092896,0.0,0.6722136599996158,0.6722136599996158,,,,1.0
17,acetone_gsolv_eV,13,1.0000001192092896,0.0,0.6722136599996158,0.6722136599996158,,,,1.0
17,acetone_gsolv_eV,14,1.0000001192092896,0.0,0.6722136599996158,0.6722136599996158,,,,1.0
17,acetone_gsolv_eV,15,1.0000001192092896,0.0,0.6722136599996158,0.6722136599996158,,,,1.0
17,acetone_gsolv_eV,16,1.0000001192092896,0.0,0.6722136599996158,0.6722136599996158,,,,1.0
17,acetone_gsolv_eV,17,1.0000001192092896,0.0,0.6722136599996158,0.6722136599996158,,,,1.0
17,acetone_gsolv_eV,18,1.0000001192092896,0.0,0.6722136599996158,0.6722136599996158,,,,1.0
17,acetone_gsolv_eV,19,1.0000001192092896,0.0,0.6722136599996158,0.6722136599996158,,,,1.0
17,acetone_gsolv_eV,20,1.0000001192092896,0.0,0.6722136599996158,0.6722136599996158,,,,1.0
17,acetone_gsolv_eV,21,1.0000001192092896,0.0,0.6722136599996158,0.6722136599996158,,,,1.0
17,acetone_gsolv_eV,22,1.0000001192092896,0.0,0.6722136599996158,0.6722136599996158,,,,1.0
17,acetone_gsolv_eV,23,1.0000001192092896,0.0,0.6722136599996158,0.6722136599996158,,,,1.0
17,acetone_gsolv_eV,24,1.0000001192092896,0.0,0.6722136599996158,0.6722136599996158,,,,1.0
17,acetone_gsolv_eV,25,1.0000001192092896,0.0,0.6722136599996158,0.6722136599996158,,,,1.0
17,acetone_gsolv_eV,26,1.0000001192092896,0.0,0.6722136599996158,0.6722136599996158,,,,1.0
17,acetone_gsolv_eV,27,1.0000001192092896,0.0,0.6722136599996158,0.6722136599996158,,,,1.0
17,acetone_gsolv_eV,28,1.0000001192092896,0.0,0.6722136599996158,0.6722136599996158,,,,1.0
17,acetone_gsolv_eV,29,1.0000001192092896,0.0,0.6722136599996158,0.6722136599996158,,,,1.0
17,acetone_gsolv_eV,30,1.0000001192092896,0.0,0.6722136599996158,0.6722136599996158,,,,1.0
17,acetone_gsolv_eV,31,1.0000001192092896,0.0,0.6722136599996158,0.6722136599996158,,,,1.0
17,acetone_gsolv_eV,32,1.0000001192092896,0.0,0.6722136599996158,0.6722136599996158,,,,1.0
17,acetone_gsolv_eV,33,1.0000001192092896,0.0,0.6722136599996158,0.6722136599996158,,,,1.0
17,acetone_gsolv_eV,34,1.0000001192092896,0.0,0.6722136599996158,0.6722136599996158,,,,1.0
17,acetone_gsolv_eV,35,1.0000001192092896,0.0,0.6722136599996158,0.6722136599996158,,,,1.0
17,acetone_gsolv_eV,36,1.0000001192092896,0.0,0.6722136599996158,0.6722136599996158,,,,1.0
17,acetone_gsolv_eV,37,1.0000001192092896,0.0,0.6722136599996158,0.6722136599996158,,,,1.0
17,acetone_gsolv_eV,38,1.0000001192092896,0.0,0.6722136599996158,0.6722136599996158,,,,1.0
17,acetone_gsolv_eV,39,1.0000001192092896,0.0,0.6722136599996158,0.6722136599996158,,,,1.0
17,acetone_gsolv_eV,40,1.0000001192092896,0.0,0.6722136599996158,0.6722136599996158,,,,1.0
17,acetone_gsolv_eV,41,1.0000001192092896,0.0,0.6722136599996158,0.6722136599996158,,,,1.0
17,acetone_gsolv_eV,42,1.0000001192092896,0.0,0.6722136599996158,0.6722136599996158,,,,1.0
17,acetone_gsolv_eV,43,1.0000001192092896,0.0,0.6722136599996158,0.6722136599996158,,,,1.0
17,acetone_gsolv_eV,44,1.0000001192092896,0.0,0.6722136599996158,0.6722136599996158,,,,1.0
17,acetone_gsolv_eV,45,1.0000001192092896,0.0,0.6722136599996158,0.6722136599996158,,,,1.0
17,acetone_gsolv_eV,46,1.0000001192092896,0.0,0.6722136599996158,0.6722136599996158,,,,1.0
17,acetone_gsolv_eV,47,1.0000001192092896,0.0,0.6722136599996158,0.6722136599996158,,,,1.0
17,acetone_gsolv_eV,48,1.0000001192092896,0.0,0.6722136599996158,0.6722136599996158,,,,1.0
17,acetone_gsolv_eV,49,1.0000001192092896,0.0,0.6722136599996158,0.6722136599996158,,,,1.0
17,acetone_gsolv_eV,50,1.0000001192092896,0.0,0.6722136599996158,0.6722136599996158,,,,1.0
17,acetone_gsolv_eV,51,1.0000001192092896,0.0,0.6722136599996158,0.6722136599996158,,,,1.0
17,acetone_gsolv_eV,52,1.0000001192092896,0.0,0.6722136599996158,0.6722136599996158,,,,1.0
17,acetone_gsolv_eV,53,1.0000001192092896,0.0,0.6722136599996158,0.6722136599996158,,,,1.0
17,acetone_gsolv_eV,54,1.0000001192092896,0.0,0.6722136599996158,0.6722136599996158,,,,1.0
17,acetone_gsolv_eV,55,1.0000001192092896,0.0,0.6722136599996158,0.6722136599996158,,,,1.0
17,acetone_gsolv_eV,56,1.0000001192092896,0.0,0.6722136599996158,0.6722136599996158,,,,1.0
17,acetone_gsolv_eV,57,1.0000001192092896,0.0,0.6722136599996158,0.6722136599996158,,,,1.0
17,acetone_gsolv_eV,58,1.0000001192092896,0.0,0.6722136599996158,0.6722136599996158,,,,1.0
17,acetone_gsolv_eV,59,1.0000001192092896,0.0,0.6722136599996158,0.6722136599996158,,,,1.0
17,acetone_gsolv_eV,60,1.0000001192092896,0.0,0.6722136599996158,0.6722136599996158,,,,1.0
17,acetone_gsolv_eV,61,1.0000001192092896,0.0,0.6722136599996158,0.6722136599996158,,,,1.0
17,acetone_gsolv_eV,62,1.0000001192092896,0.0,0.6722136599996158,0.6722136599996158,,,,1.0
17,acetone_gsolv_eV,63,1.0000001192092896,0.0,0.6722136599996158,0.6722136599996158,,,,1.0
17,acetone_gsolv_eV,64,1.0000001192092896,0.0,0.6722136599996158,0.6722136599996158,,,,1.0
17,acetone_gsolv_eV,65,1.0000001192092896,0.0,0.6722136599996158,0.6722136599996158,,,,1.0
17,acetone_gsolv_eV,66,1.0000001192092896,0.0,0.6722136599996158,0.6722136599996158,,,,1.0
17,acetone_gsolv_eV,67,1.0000001192092896,0.0,0.6722136599996158,0.6722136599996158,,,,1.0
17,acetone_gsolv_eV,68,1.0000001192092896,0.0,0.6722136599996158,0.6722136599996158,,,,1.0
17,acetone_gsolv_eV,69,1.0000001192092896,0.0,0.6722136599996158,0.6722136599996158,,,,1.0
17,acetone_gsolv_eV,70,1.0000001192092896,0.0,0.6722136599996158,0.6722136599996158,,,,1.0
17,acetone_gsolv_eV,71,1.0000001192092896,0.0,0.6722136599996158,0.6722136599996158,,,,1.0
17,acetone_gsolv_eV,72,1.0000001192092896,0.0,0.6722136599996158,0.6722136599996158,,,,1.0
17,acetone_gsolv_eV,73,1.0000001192092896,0.0,0.6722136599996158,0.6722136599996158,,,,1.0
17,acetone_gsolv_eV,74,1.0000001192092896,0.0,0.6722136599996158,0.6722136599996158,,,,1.0
17,acetone_gsolv_eV,75,1.0000001192092896,0.0,0.6722136599996158,0.6722136599996158,,,,1.0
17,acetone_gsolv_eV,76,1.0000001192092896,0.0,0.6722136599996158,0.6722136599996158,,,,1.0
17,acetone_gsolv_eV,77,1.0000001192092896,0.0,0.6722136599996158,0.6722136599996158,,,,1.0
17,acetone_gsolv_eV,78,1.0000001192092896,0.0,0.6722136599996158,0.6722136599996158,,,,1.0
17,acetone_gsolv_eV,79,1.0000001192092896,0.0,0.6722136599996158,0.6722136599996158,,,,1.0
17,acetone_gsolv_eV,80,1.0000001192092896,0.0,0.6722136599996158,0.6722136599996158,,,,1.0
17,acetone_gsolv_eV,81,1.0000001192092896,0.0,0.6722136599996158,0.6722136599996158,,,,1.0
17,acetone_gsolv_eV,82,1.0000001192092896,0.0,0.6722136599996158,0.6722136599996158,,,,1.0
17,acetone_gsolv_eV,83,1.0000001192092896,0.0,0.6722136599996158,0.6722136599996158,,,,1.0
17,acetone_gsolv_eV,84,1.0000001192092896,0.0,0.6722136599996158,0.6722136599996158,,,,1.0
17,acetone_gsolv_eV,85,1.0000001192092896,0.0,0.6722136599996158,0.6722136599996158,,,,1.0
17,acetone_gsolv_eV,86,1.0000001192092896,0.0,0.6722136599996158,0.6722136599996158,,,,1.0
17,acetone_gsolv_eV,87,1.0000001192092896,0.0,0.6722136599996158,0.6722136599996158,,,,1.0
17,acetone_gsolv_eV,88,1.0000001192092896,0.0,0.6722136599996158,0.6722136599996158,,,,1.0
17,acetone_gsolv_eV,89,1.0000001192092896,0.0,0.6722136599996158,0.6722136599996158,,,,1.0
17,acetone_gsolv_eV,90,1.0000001192092896,0.0,0.6722136599996158,0.6722136599996158,,,,1.0
17,acetone_gsolv_eV,91,1.0000001192092896,0.0,0.6722136599996158,0.6722136599996158,,,,1.0
17,acetone_gsolv_eV,92,1.0000001192092896,0.0,0.6722136599996158,0.6722136599996158,,,,1.0
17,acetone_gsolv_eV,93,1.0000001192092896,0.0,0.6722136599996158,0.6722136599996158,,,,1.0
17,acetone_gsolv_eV,94,1.0000001192092896,0.0,0.6722136599996158,0.6722136599996158,,,,1.0
17,acetone_gsolv_eV,95,1.0000001192092896,0.0,0.6722136599996158,0.6722136599996158,,,,1.0
17,acetone_gsolv_eV,96,1.0000001192092896,0.0,0.6722136599996158,0.6722136599996158,,,,1.0
17,acetone_gsolv_eV,97,1.0000001192092896,0.0,0.6722136599996158,0.6722136599996158,,,,1.0
17,acetone_gsolv_eV,98,1.0000001192092896,0.0,0.6722136599996158,0.6722136599996158,,,,1.0
17,acetone_gsolv_eV,99,1.0000001192092896,0.0,0.6722136599996158,0.6722136599996158,,,,1.0
17,acetone_gsolv_eV,100,1.0000001192092896,0.0,0.6722136599996158,0.6722136599996158,,,,1.0
17,acetone_gsolv_eV,101,1.0000001192092896,0.0,0.6722136599996158,0.6722136599996158,,,,1.0
17,acetone_gsolv_eV,102,1.0000001192092896,0.0,0.6722136599996158,0.6722136599996158,,,,1.0
17,acetone_gsolv_eV,103,1.0000001192092896,0.0,0.6722136599996158,0.6722136599996158,,,,1.0
17,acetone_gsolv_eV,104,1.0000001192092896,0.0,0.6722136599996158,0.6722136599996158,,,,1.0
17,acetone_gsolv_eV,105,1.0000001192092896,0.0,0.6722136599996158,0.6722136599996158,,,,1.0
17,acetone_gsolv_eV,106,1.0000001192092896,0.0,0.6722136599996158,0.6722136599996158,,,,1.0
17,acetone_gsolv_eV,107,1.0000001192092896,0.0,0.6722136599996158,0.6722136599996158,,,,1.0
17,acetone_gsolv_eV,108,1.0000001192092896,0.0,0.6722136599996158,0.6722136599996158,,,,1.0
17,acetone_gsolv_eV,109,1.0000001192092896,0.0,0.6722136599996158,0.6722136599996158,,,,1.0
17,acetone_gsolv_eV,110,1.0000001192092896,0.0,0.6722136599996158,0.6722136599996158,,,,1.0
17,acetone_gsolv_eV,111,1.0000001192092896,0.0,0.6722136599996158,0.6722136599996158,,,,1.0
17,acetone_gsolv_eV,112,1.0000001192092896,0.0,0.6722136599996158,0.6722136599996158,,,,1.0
17,acetone_gsolv_eV,113,1.0000001192092896,0.0,0.6722136599996158,0.6722136599996158,,,,1.0
17,acetone_gsolv_eV,114,1.0000001192092896,0.0,0.6722136599996158,0.6722136599996158,,,,1.0
17,acetone_gsolv_eV,115,1.0000001192092896,0.0,0.6722136599996158,0.6722136599996158,,,,1.0
17,acetone_gsolv_eV,116,1.0000001192092896,0.0,0.6722136599996158,0.6722136599996158,,,,1.0
17,acetone_gsolv_eV,117,1.0000001192092896,0.0,0.6722136599996158,0.6722136599996158,,,,1.0
17,acetone_gsolv_eV,118,1.0000001192092896,0.0,0.6722136599996158,0.6722136599996158,,,,1.0
17,acetone_gsolv_eV,119,1.0000001192092896,0.0,0.6722136599996158,0.6722136599996158,,,,1.0
17,acetone_gsolv_eV,120,1.0000001192092896,0.0,0.6722136599996158,0.6722136599996158,,,,1.0
17,acetone_gsolv_eV,121,1.0000001192092896,0.0,0.6722136599996158,0.6722136599996158,,,,1.0
17,acetone_gsolv_eV,122,1.0000001192092896,0.0,0.6722136599996158,0.6722136599996158,,,,1.0
17,acetone_gsolv_eV,123,1.0000001192092896,0.0,0.6722136599996158,0.6722136599996158,,,,1.0
17,acetone_gsolv_eV,124,1.0000001192092896,0.0,0.6722136599996158,0.6722136599996158,,,,1.0
17,acetone_gsolv_eV,125,1.0000001192092896,0.0,0.6722136599996158,0.6722136599996158,,,,1.0
17,acetone_gsolv_eV,126,1.0000001192092896,0.0,0.6722136599996158,0.6722136599996158,,,,1.0
17,acetone_gsolv_eV,127,1.0000001192092896,0.0,0.6722136599996158,0.6722136599996158,,,,1.0
17,acetone_gsolv_eV,128,1.0000001192092896,0.0,0.6722136599996158,0.6722136599996158,,,,1.0
17,acetone_gsolv_eV,129,1.0000001192092896,0.0,0.6722136599996158,0.6722136599996158,,,,1.0
17,acetone_gsolv_eV,130,1.0000001192092896,0.0,0.6722136599996158,0.6722136599996158,,,,1.0
17,acetone_gsolv_eV,131,1.0000001192092896,0.0,0.6722136599996158,0.6722136599996158,,,,1.0
17,acetone_gsolv_eV,132,1.0000001192092896,0.0,0.6722136599996158,0.6722136599996158,,,,1.0
17,acetone_gsolv_eV,133,1.0000001192092896,0.0,0.6722136599996158,0.6722136599996158,,,,1.0
17,acetone_gsolv_eV,134,1.0000001192092896,0.0,0.6722136599996158,0.6722136599996158,,,,1.0
17,acetone_gsolv_eV,135,1.0000001192092896,0.0,0.6722136599996158,0.6722136599996158,,,,1.0
17,acetone_gsolv_eV,136,1.0000001192092896,0.0,0.6722136599996158,0.6722136599996158,,,,1.0
17,acetone_gsolv_eV,137,1.0000001192092896,0.0,0.6722136599996158,0.6722136599996158,,,,1.0
17,acetone_gsolv_eV,138,1.0000001192092896,0.0,0.6722136599996158,0.6722136599996158,,,,1.0
17,acetone_gsolv_eV,139,1.0000001192092896,0.0,0.6722136599996158,0.6722136599996158,,,,1.0
17,acetone_gsolv_eV,140,1.0000001192092896,0.0,0.6722136599996158,0.6722136599996158,,,,1.0
17,acetone_gsolv_eV,141,1.0000001192092896,0.0,0.6722136599996158,0.6722136599996158,,,,1.0
17,acetone_gsolv_eV,142,1.0000001192092896,0.0,0.6722136599996158,0.6722136599996158,,,,1.0
17,acetone_gsolv_eV,143,1.0000001192092896,0.0,0.6722136599996158,0.6722136599996158,,,,1.0
17,acetone_gsolv_eV,144,1.0000001192092896,0.0,0.6722136599996158,0.6722136599996158,,,,1.0
17,acetone_gsolv_eV,145,1.0000001192092896,0.0,0.6722136599996158,0.6722136599996158,,,,1.0
17,acetone_gsolv_eV,146,1.0000001192092896,0.0,0.6722136599996158,0.6722136599996158,,,,1.0
17,acetone_gsolv_eV,147,1.0000001192092896,0.0,0.6722136599996158,0.6722136599996158,,,,1.0
17,acetone_gsolv_eV,148,1.0000001192092896,0.0,0.6722136599996158,0.6722136599996158,,,,1.0
17,acetone_gsolv_eV,149,1.0000001192092896,0.0,0.6722136599996158,0.6722136599996158,,,,1.0
17,acetone_gsolv_eV,150,1.0000001192092896,0.0,0.6722136599996158,0.6722136599996158,,,,1.0
17,acetone_gsolv_eV,151,1.0000001192092896,0.0,0.6722136599996158,0.6722136599996158,,,,1.0
17,acetone_gsolv_eV,152,1.0000001192092896,0.0,0.6722136599996158,0.6722136599996158,,,,1.0
17,acetone_gsolv_eV,153,1.0000001192092896,0.0,0.6722136599996158,0.6722136599996158,,,,1.0
17,acetone_gsolv_eV,154,1.0000001192092896,0.0,0.6722136599996158,0.6722136599996158,,,,1.0
17,acetone_gsolv_eV,155,1.0000001192092896,0.0,0.6722136599996158,0.6722136599996158,,,,1.0
17,acetone_gsolv_eV,156,1.0000001192092896,0.0,0.6722136599996158,0.6722136599996158,,,,1.0
17,acetone_gsolv_eV,157,1.0000001192092896,0.0,0.6722136599996158,0.6722136599996158,,,,1.0
17,acetone_gsolv_eV,158,1.0000001192092896,0.0,0.6722136599996158,0.6722136599996158,,,,1.0
17,acetone_gsolv_eV,159,1.0000001192092896,0.0,0.6722136599996158,0.6722136599996158,,,,1.0
17,acetone_gsolv_eV,160,1.0000001192092896,0.0,0.6722136599996158,0.6722136599996158,,,,1.0
17,acetone_gsolv_eV,161,1.0000001192092896,0.0,0.6722136599996158,0.6722136599996158,,,,1.0
17,acetone_gsolv_eV,162,1.0000001192092896,0.0,0.6722136599996158,0.6722136599996158,,,,1.0
17,acetone_gsolv_eV,163,1.0000001192092896,0.0,0.6722136599996158,0.6722136599996158,,,,1.0
17,acetone_gsolv_eV,164,1.0000001192092896,0.0,0.6722136599996158,0.6722136599996158,,,,1.0
17,acetone_gsolv_eV,165,1.0000001192092896,0.0,0.6722136599996158,0.6722136599996158,,,,1.0
17,acetone_gsolv_eV,166,1.0000001192092896,0.0,0.6722136599996158,0.6722136599996158,,,,1.0
17,acetone_gsolv_eV,167,1.0000001192092896,0.0,0.6722136599996158,0.6722136599996158,,,,1.0
17,acetone_gsolv_eV,168,1.0000001192092896,0.0,0.6722136599996158,0.6722136599996158,,,,1.0
17,acetone_gsolv_eV,169,1.0000001192092896,0.0,0.6722136599996158,0.6722136599996158,,,,1.0
17,acetone_gsolv_eV,170,1.0000001192092896,0.0,0.6722136599996158,0.6722136599996158,,,,1.0
17,acetone_gsolv_eV,171,1.0000001192092896,0.0,0.6722136599996158,0.6722136599996158,,,,1.0
17,acetone_gsolv_eV,172,1.0000001192092896,0.0,0.6722136599996158,0.6722136599996158,,,,1.0
17,acetone_gsolv_eV,173,1.0000001192092896,0.0,0.6722136599996158,0.6722136599996158,,,,1.0
17,acetone_gsolv_eV,174,1.0000001192092896,0.0,0.6722136599996158,0.6722136599996158,,,,1.0
17,acetone_gsolv_eV,175,1.0000001192092896,0.0,0.6722136599996158,0.6722136599996158,,,,1.0
17,acetone_gsolv_eV,176,1.0000001192092896,0.0,0.6722136599996158,0.6722136599996158,,,,1.0
17,acetone_gsolv_eV,177,1.0000001192092896,0.0,0.6722136599996158,0.6722136599996158,,,,1.0
17,acetone_gsolv_eV,178,1.0000001192092896,0.0,0.6722136599996158,0.6722136599996158,,,,1.0
17,acetone_gsolv_eV,179,1.0000001192092896,0.0,0.6722136599996158,0.6722136599996158,,,,1.0
17,acetone_gsolv_eV,180,1.0000001192092896,0.0,0.6722136599996158,0.6722136599996158,,,,1.0
17,acetone_gsolv_eV,181,1.0000001192092896,0.0,0.6722136599996158,0.6722136599996158,,,,1.0
17,acetone_gsolv_eV,182,1.0000001192092896,0.0,0.6722136599996158,0.6722136599996158,,,,1.0
17,acetone_gsolv_eV,183,1.0000001192092896,0.0,0.6722136599996158,0.6722136599996158,,,,1.0
17,acetone_gsolv_eV,184,1.0000001192092896,0.0,0.6722136599996158,0.6722136599996158,,,,1.0
17,acetone_gsolv_eV,185,1.0000001192092896,0.0,0.6722136599996158,0.6722136599996158,,,,1.0
17,acetone_gsolv_eV,186,1.0000001192092896,0.0,0.6722136599996158,0.6722136599996158,,,,1.0
17,acetone_gsolv_eV,187,1.0000001192092896,0.0,0.6722136599996158,0.6722136599996158,,,,1.0
17,acetone_gsolv_eV,188,1.0000001192092896,0.0,0.6722136599996158,0.6722136599996158,,,,1.0
17,acetone_gsolv_eV,189,1.0000001192092896,0.0,0.6722136599996158,0.6722136599996158,,,,1.0
17,acetone_gsolv_eV,190,1.0000001192092896,0.0,0.6722136599996158,0.6722136599996158,,,,1.0
17,acetone_gsolv_eV,191,1.0000001192092896,0.0,0.6722136599996158,0.6722136599996158,,,,1.0
17,acetone_gsolv_eV,192,1.0000001192092896,0.0,0.6722136599996158,0.6722136599996158,,,,1.0
17,acetone_gsolv_eV,193,1.0000001192092896,0.0,0.6722136599996158,0.6722136599996158,,,,1.0
17,acetone_gsolv_eV,194,1.0000001192092896,0.0,0.6722136599996158,0.6722136599996158,,,,1.0
17,acetone_gsolv_eV,195,1.0000001192092896,0.0,0.6722136599996158,0.6722136599996158,,,,1.0
17,acetone_gsolv_eV,196,1.0000001192092896,0.0,0.6722136599996158,0.6722136599996158,,,,1.0
17,acetone_gsolv_eV,197,1.0000001192092896,0.0,0.6722136599996158,0.6722136599996158,,,,1.0
17,acetone_gsolv_eV,198,1.0000001192092896,0.0,0.6722136599996158,0.6722136599996158,,,,1.0
17,acetone_gsolv_eV,199,1.0000001192092896,0.0,0.6722136599996158,0.6722136599996158,,,,1.0
17,acetone_gsolv_eV,200,1.0000001192092896,0.0,0.6722136599996158,0.6722136599996158,,,,1.0
17,acetone_gsolv_eV,201,1.0000001192092896,0.0,0.6722136599996158,0.6722136599996158,,,,1.0
17,acetone_gsolv_eV,202,1.0000001192092896,0.0,0.6722136599996158,0.6722136599996158,,,,1.0
17,acetone_gsolv_eV,203,1.0000001192092896,0.0,0.6722136599996158,0.6722136599996158,,,,1.0
17,acetone_gsolv_eV,204,1.0000001192092896,0.0,0.6722136599996158,0.6722136599996158,,,,1.0
17,acetone_gsolv_eV,205,1.0000001192092896,0.0,0.6722136599996158,0.6722136599996158,,,,1.0
17,acetone_gsolv_eV,206,1.0000001192092896,0.0,0.6722136599996158,0.6722136599996158,,,,1.0
17,acetone_gsolv_eV,207,1.0000001192092896,0.0,0.6722136599996158,0.6722136599996158,,,,1.0
17,acetone_gsolv_eV,208,1.0000001192092896,0.0,0.6722136599996158,0.6722136599996158,,,,1.0
17,acetone_gsolv_eV,209,1.0000001192092896,0.0,0.6722136599996158,0.6722136599996158,,,,1.0
17,acetone_gsolv_eV,210,1.0000001192092896,0.0,0.6722136599996158,0.6722136599996158,,,,1.0
17,acetone_gsolv_eV,211,1.0000001192092896,0.0,0.6722136599996158,0.6722136599996158,,,,1.0
17,acetone_gsolv_eV,212,1.0000001192092896,0.0,0.6722136599996158,0.6722136599996158,,,,1.0
17,acetone_gsolv_eV,213,1.0000001192092896,0.0,0.6722136599996158,0.6722136599996158,,,,1.0
17,acetone_gsolv_eV,214,1.0000001192092896,0.0,0.6722136599996158,0.6722136599996158,,,,1.0
17,acetone_gsolv_eV,215,1.0000001192092896,0.0,0.6722136599996158,0.6722136599996158,,,,1.0
17,acetone_gsolv_eV,216,1.0000001192092896,0.0,0.6722136599996158,0.6722136599996158,,,,1.0
17,acetone_gsolv_eV,217,1.0000001192092896,0.0,0.6722136599996158,0.6722136599996158,,,,1.0
17,acetone_gsolv_eV,218,1.0000001192092896,0.0,0.6722136599996158,0.6722136599996158,,,,1.0
17,acetone_gsolv_eV,219,1.0000001192092896,0.0,0.6722136599996158,0.6722136599996158,,,,1.0
17,acetone_gsolv_eV,220,1.0000001192092896,0.0,0.6722136599996158,0.6722136599996158,,,,1.0
17,acetone_gsolv_eV,221,1.0000001192092896,0.0,0.6722136599996158,0.6722136599996158,,,,1.0
17,acetone_gsolv_eV,222,1.0000001192092896,0.0,0.6722136599996158,0.6722136599996158,,,,1.0
17,acetone_gsolv_eV,223,1.0000001192092896,0.0,0.6722136599996158,0.6722136599996158,,,,1.0
17,acetone_gsolv_eV,224,1.0000001192092896,0.0,0.6722136599996158,0.6722136599996158,,,,1.0
17,acetone_gsolv_eV,225,1.0000001192092896,0.0,0.6722136599996158,0.6722136599996158,,,,1.0
17,acetone_gsolv_eV,226,1.0000001192092896,0.0,0.6722136599996158,0.6722136599996158,,,,1.0
17,acetone_gsolv_eV,227,1.0000001192092896,0.0,0.6722136599996158,0.6722136599996158,,,,1.0
17,acetone_gsolv_eV,228,1.0000001192092896,0.0,0.6722136599996158,0.6722136599996158,,,,1.0
17,acetone_gsolv_eV,229,1.0000001192092896,0.0,0.6722136599996158,0.6722136599996158,,,,1.0
17,acetone_gsolv_eV,230,1.0000001192092896,0.0,0.6722136599996158,0.6722136599996158,,,,1.0
17,acetone_gsolv_eV,231,1.0000001192092896,0.0,0.6722136599996158,0.6722136599996158,,,,1.0
17,acetone_gsolv_eV,232,1.0000001192092896,0.0,0.6722136599996158,0.6722136599996158,,,,1.0
17,acetone_gsolv_eV,233,1.0000001192092896,0.0,0.6722136599996158,0.6722136599996158,,,,1.0
17,acetone_gsolv_eV,234,1.0000001192092896,0.0,0.6722136599996158,0.6722136599996158,,,,1.0
17,acetone_gsolv_eV,235,1.0000001192092896,0.0,0.6722136599996158,0.6722136599996158,,,,1.0
17,acetone_gsolv_eV,236,1.0000001192092896,0.0,0.6722136599996158,0.6722136599996158,,,,1.0
17,acetone_gsolv_eV,237,1.0000001192092896,0.0,0.6722136599996158,0.6722136599996158,,,,1.0
17,acetone_gsolv_eV,238,1.0000001192092896,0.0,0.6722136599996158,0.6722136599996158,,,,1.0
17,acetone_gsolv_eV,239,1.0000001192092896,0.0,0.6722136599996158,0.6722136599996158,,,,1.0
17,acetone_gsolv_eV,240,1.0000001192092896,0.0,0.6722136599996158,0.6722136599996158,,,,1.0
17,acetone_gsolv_eV,241,1.0000001192092896,0.0,0.6722136599996158,0.6722136599996158,,,,1.0
17,acetone_gsolv_eV,242,1.0000001192092896,0.0,0.6722136599996158,0.6722136599996158,,,,1.0
17,acetone_gsolv_eV,243,1.0000001192092896,0.0,0.6722136599996158,0.6722136599996158,,,,1.0
17,acetone_gsolv_eV,244,1.0000001192092896,0.0,0.6722136599996158,0.6722136599996158,,,,1.0
17,acetone_gsolv_eV,245,1.0000001192092896,0.0,0.6722136599996158,0.6722136599996158,,,,1.0
17,acetone_gsolv_eV,246,1.0000001192092896,0.0,0.6722136599996158,0.6722136599996158,,,,1.0
17,acetone_gsolv_eV,247,1.0000001192092896,0.0,0.6722136599996158,0.6722136599996158,,,,1.0
17,acetone_gsolv_eV,248,1.0000001192092896,0.0,0.6722136599996158,0.6722136599996158,,,,1.0
17,acetone_gsolv_eV,249,1.0000001192092896,0.0,0.6722136599996158,0.6722136599996158,,,,1.0
17,acetone_hl_gap_eV,0,1.0,0.0,0.7084070669750937,0.7084070669750937,,,,1.0
17,acetone_hl_gap_eV,1,1.0,0.0,0.7084070669750937,0.7084070669750937,,,,1.0
17,acetone_hl_gap_eV,2,1.0,0.0,0.7084070669750937,0.7084070669750937,,,,1.0
17,acetone_hl_gap_eV,3,1.0,0.0,0.7084070669750937,0.7084070669750937,,,,1.0
17,acetone_hl_gap_eV,4,1.0,0.0,0.7084070669750937,0.7084070669750937,,,,1.0
17,acetone_hl_gap_eV,5,1.0,0.0,0.7084070669750937,0.7084070669750937,,,,1.0
17,acetone_hl_gap_eV,6,1.0,0.0,0.7084070669750937,0.7084070669750937,,,,1.0
17,acetone_hl_gap_eV,7,1.0,0.0,0.7084070669750937,0.7084070669750937,,,,1.0
17,acetone_hl_gap_eV,8,1.0,0.0,0.7084070669750937,0.7084070669750937,,,,1.0
17,acetone_hl_gap_eV,9,1.0,0.0,0.7084070669750937,0.7084070669750937,,,,1.0
17,acetone_hl_gap_eV,10,1.0,0.0,0.7084070669750937,0.7084070669750937,,,,1.0
17,acetone_hl_gap_eV,11,1.0,0.0,0.7084070669750937,0.7084070669750937,,,,1.0
17,acetone_hl_gap_eV,12,1.0,0.0,0.7084070669750937,0.7084070669750937,,,,1.0
17,acetone_hl_gap_eV,13,1.0,0.0,0.7084070669750937,0.7084070669750937,,,,1.0
17,acetone_hl_gap_eV,14,1.0,0.0,0.7084070669750937,0.7084070669750937,,,,1.0
17,acetone_hl_gap_eV,15,1.0,0.0,0.7084070669750937,0.7084070669750937,,,,1.0
17,acetone_hl_gap_eV,16,1.0,0.0,0.7084070669750937,0.7084070669750937,,,,1.0
17,acetone_hl_gap_eV,17,1.0,0.0,0.7084070669750937,0.7084070669750937,,,,1.0
17,acetone_hl_gap_eV,18,1.0,0.0,0.7084070669750937,0.7084070669750937,,,,1.0
17,acetone_hl_gap_eV,19,1.0,0.0,0.7084070669750937,0.7084070669750937,,,,1.0
17,acetone_hl_gap_eV,20,1.0,0.0,0.7084070669750937,0.7084070669750937,,,,1.0
17,acetone_hl_gap_eV,21,1.0,0.0,0.7084070669750937,0.7084070669750937,,,,1.0
17,acetone_hl_gap_eV,22,1.0,0.0,0.7084070669750937,0.7084070669750937,,,,1.0
17,acetone_hl_gap_eV,23,1.0,0.0,0.7084070669750937,0.7084070669750937,,,,1.0
17,acetone_hl_gap_eV,24,1.0,0.0,0.7084070669750937,0.7084070669750937,,,,1.0
17,acetone_hl_gap_eV,25,1.0,0.0,0.7084070669750937,0.7084070669750937,,,,1.0
17,acetone_hl_gap_eV,26,1.0,0.0,0.7084070669750937,0.7084070669750937,,,,1.0
17,acetone_hl_gap_eV,27,1.0,0.0,0.7084070669750937,0.7084070669750937,,,,1.0
17,acetone_hl_gap_eV,28,1.0,0.0,0.7084070669750937,0.7084070669750937,,,,1.0
17,acetone_hl_gap_eV,29,1.0,0.0,0.7084070669750937,0.7084070669750937,,,,1.0
17,acetone_hl_gap_eV,30,1.0,0.0,0.7084070669750937,0.7084070669750937,,,,1.0
17,acetone_hl_gap_eV,31,1.0,0.0,0.7084070669750937,0.7084070669750937,,,,1.0
17,acetone_hl_gap_eV,32,1.0,0.0,0.7084070669750937,0.7084070669750937,,,,1.0
17,acetone_hl_gap_eV,33,1.0,0.0,0.7084070669750937,0.7084070669750937,,,,1.0
17,acetone_hl_gap_eV,34,1.0,0.0,0.7084070669750937,0.7084070669750937,,,,1.0
17,acetone_hl_gap_eV,35,1.0,0.0,0.7084070669750937,0.7084070669750937,,,,1.0
17,acetone_hl_gap_eV,36,1.0,0.0,0.7084070669750937,0.7084070669750937,,,,1.0
17,acetone_hl_gap_eV,37,1.0,0.0,0.7084070669750937,0.7084070669750937,,,,1.0
17,acetone_hl_gap_eV,38,1.0,0.0,0.7084070669750937,0.7084070669750937,,,,1.0
17,acetone_hl_gap_eV,39,1.0,0.0,0.7084070669750937,0.7084070669750937,,,,1.0
17,acetone_hl_gap_eV,40,1.0,0.0,0.7084070669750937,0.7084070669750937,,,,1.0
17,acetone_hl_gap_eV,41,1.0,0.0,0.7084070669750937,0.7084070669750937,,,,1.0
17,acetone_hl_gap_eV,42,1.0,0.0,0.7084070669750937,0.7084070669750937,,,,1.0
17,acetone_hl_gap_eV,43,1.0,0.0,0.7084070669750937,0.7084070669750937,,,,1.0
17,acetone_hl_gap_eV,44,1.0,0.0,0.7084070669750937,0.7084070669750937,,,,1.0
17,acetone_hl_gap_eV,45,1.0,0.0,0.7084070669750937,0.7084070669750937,,,,1.0
17,acetone_hl_gap_eV,46,1.0,0.0,0.7084070669750937,0.7084070669750937,,,,1.0
17,acetone_hl_gap_eV,47,1.0,0.0,0.7084070669750937,0.7084070669750937,,,,1.0
17,acetone_hl_gap_eV,48,1.0,0.0,0.7084070669750937,0.7084070669750937,,,,1.0
17,acetone_hl_gap_eV,49,1.0,0.0,0.7084070669750937,0.7084070669750937,,,,1.0
17,acetone_hl_gap_eV,50,1.0,0.0,0.7084070669750937,0.7084070669750937,,,,1.0
17,acetone_hl_gap_eV,51,1.0,0.0,0.7084070669750937,0.7084070669750937,,,,1.0
17,acetone_hl_gap_eV,52,1.0,0.0,0.7084070669750937,0.7084070669750937,,,,1.0
17,acetone_hl_gap_eV,53,1.0,0.0,0.7084070669750937,0.7084070669750937,,,,1.0
17,acetone_hl_gap_eV,54,1.0,0.0,0.7084070669750937,0.7084070669750937,,,,1.0
17,acetone_hl_gap_eV,55,1.0,0.0,0.7084070669750937,0.7084070669750937,,,,1.0
17,acetone_hl_gap_eV,56,1.0,0.0,0.7084070669750937,0.7084070669750937,,,,1.0
17,acetone_hl_gap_eV,57,1.0,0.0,0.7084070669750937,0.7084070669750937,,,,1.0
17,acetone_hl_gap_eV,58,1.0,0.0,0.7084070669750937,0.7084070669750937,,,,1.0
17,acetone_hl_gap_eV,59,1.0,0.0,0.7084070669750937,0.7084070669750937,,,,1.0
17,acetone_hl_gap_eV,60,1.0,0.0,0.7084070669750937,0.7084070669750937,,,,1.0
17,acetone_hl_gap_eV,61,1.0,0.0,0.7084070669750937,0.7084070669750937,,,,1.0
17,acetone_hl_gap_eV,62,1.0,0.0,0.7084070669750937,0.7084070669750937,,,,1.0
17,acetone_hl_gap_eV,63,1.0,0.0,0.7084070669750937,0.7084070669750937,,,,1.0
17,acetone_hl_gap_eV,64,1.0,0.0,0.7084070669750937,0.7084070669750937,,,,1.0
17,acetone_hl_gap_eV,65,1.0,0.0,0.7084070669750937,0.7084070669750937,,,,1.0
17,acetone_hl_gap_eV,66,1.0,0.0,0.7084070669750937,0.7084070669750937,,,,1.0
17,acetone_hl_gap_eV,67,1.0,0.0,0.7084070669750937,0.7084070669750937,,,,1.0
17,acetone_hl_gap_eV,68,1.0,0.0,0.7084070669750937,0.7084070669750937,,,,1.0
17,acetone_hl_gap_eV,69,1.0,0.0,0.7084070669750937,0.7084070669750937,,,,1.0
17,acetone_hl_gap_eV,70,1.0,0.0,0.7084070669750937,0.7084070669750937,,,,1.0
17,acetone_hl_gap_eV,71,1.0,0.0,0.7084070669750937,0.7084070669750937,,,,1.0
17,acetone_hl_gap_eV,72,1.0,0.0,0.7084070669750937,0.7084070669750937,,,,1.0
17,acetone_hl_gap_eV,73,1.0,0.0,0.7084070669750937,0.7084070669750937,,,,1.0
17,acetone_hl_gap_eV,74,1.0,0.0,0.7084070669750937,0.7084070669750937,,,,1.0
17,acetone_hl_gap_eV,75,1.0,0.0,0.7084070669750937,0.7084070669750937,,,,1.0
17,acetone_hl_gap_eV,76,1.0,0.0,0.7084070669750937,0.7084070669750937,,,,1.0
17,acetone_hl_gap_eV,77,1.0,0.0,0.7084070669750937,0.7084070669750937,,,,1.0
17,acetone_hl_gap_eV,78,1.0,0.0,0.7084070669750937,0.7084070669750937,,,,1.0
17,acetone_hl_gap_eV,79,1.0,0.0,0.7084070669750937,0.7084070669750937,,,,1.0
17,acetone_hl_gap_eV,80,1.0,0.0,0.7084070669750937,0.7084070669750937,,,,1.0
17,acetone_hl_gap_eV,81,1.0,0.0,0.7084070669750937,0.7084070669750937,,,,1.0
17,acetone_hl_gap_eV,82,1.0,0.0,0.7084070669750937,0.7084070669750937,,,,1.0
17,acetone_hl_gap_eV,83,1.0,0.0,0.7084070669750937,0.7084070669750937,,,,1.0
17,acetone_hl_gap_eV,84,1.0,0.0,0.7084070669750937,0.7084070669750937,,,,1.0
17,acetone_hl_gap_eV,85,1.0,0.0,0.7084070669750937,0.7084070669750937,,,,1.0
17,acetone_hl_gap_eV,86,1.0,0.0,0.7084070669750937,0.7084070669750937,,,,1.0
17,acetone_hl_gap_eV,87,1.0,0.0,0.7084070669750937,0.7084070669750937,,,,1.0
17,acetone_hl_gap_eV,88,1.0,0.0,0.7084070669750937,0.7084070669750937,,,,1.0
17,acetone_hl_gap_eV,89,1.0,0.0,0.7084070669750937,0.7084070669750937,,,,1.0
17,acetone_hl_gap_eV,90,1.0,0.0,0.7084070669750937,0.7084070669750937,,,,1.0
17,acetone_hl_gap_eV,91,1.0,0.0,0.7084070669750937,0.7084070669750937,,,,1.0
17,acetone_hl_gap_eV,92,1.0,0.0,0.7084070669750937,0.7084070669750937,,,,1.0
17,acetone_hl_gap_eV,93,1.0,0.0,0.7084070669750937,0.7084070669750937,,,,1.0
17,acetone_hl_gap_eV,94,1.0,0.0,0.7084070669750937,0.7084070669750937,,,,1.0
17,acetone_hl_gap_eV,95,1.0,0.0,0.7084070669750937,0.7084070669750937,,,,1.0
17,acetone_hl_gap_eV,96,1.0,0.0,0.7084070669750937,0.7084070669750937,,,,1.0
17,acetone_hl_gap_eV,97,1.0,0.0,0.7084070669750937,0.7084070669750937,,,,1.0
17,acetone_hl_gap_eV,98,1.0,0.0,0.7084070669750937,0.7084070669750937,,,,1.0
17,acetone_hl_gap_eV,99,1.0,0.0,0.7084070669750937,0.7084070669750937,,,,1.0
17,acetone_hl_gap_eV,100,1.0,0.0,0.7084070669750937,0.7084070669750937,,,,1.0
17,acetone_hl_gap_eV,101,1.0,0.0,0.7084070669750937,0.7084070669750937,,,,1.0
17,acetone_hl_gap_eV,102,1.0,0.0,0.7084070669750937,0.7084070669750937,,,,1.0
17,acetone_hl_gap_eV,103,1.0,0.0,0.7084070669750937,0.7084070669750937,,,,1.0
17,acetone_hl_gap_eV,104,1.0,0.0,0.7084070669750937,0.7084070669750937,,,,1.0
17,acetone_hl_gap_eV,105,1.0,0.0,0.7084070669750937,0.7084070669750937,,,,1.0
17,acetone_hl_gap_eV,106,1.0,0.0,0.7084070669750937,0.7084070669750937,,,,1.0
17,acetone_hl_gap_eV,107,1.0,0.0,0.7084070669750937,0.7084070669750937,,,,1.0
17,acetone_hl_gap_eV,108,1.0,0.0,0.7084070669750937,0.7084070669750937,,,,1.0
17,acetone_hl_gap_eV,109,1.0,0.0,0.7084070669750937,0.7084070669750937,,,,1.0
17,acetone_hl_gap_eV,110,1.0,0.0,0.7084070669750937,0.7084070669750937,,,,1.0
17,acetone_hl_gap_eV,111,1.0,0.0,0.7084070669750937,0.7084070669750937,,,,1.0
17,acetone_hl_gap_eV,112,1.0,0.0,0.7084070669750937,0.7084070669750937,,,,1.0
17,acetone_hl_gap_eV,113,1.0,0.0,0.7084070669750937,0.7084070669750937,,,,1.0
17,acetone_hl_gap_eV,114,1.0,0.0,0.7084070669750937,0.7084070669750937,,,,1.0
17,acetone_hl_gap_eV,115,1.0,0.0,0.7084070669750937,0.7084070669750937,,,,1.0
17,acetone_hl_gap_eV,116,1.0,0.0,0.7084070669750937,0.7084070669750937,,,,1.0
17,acetone_hl_gap_eV,117,1.0,0.0,0.7084070669750937,0.7084070669750937,,,,1.0
17,acetone_hl_gap_eV,118,1.0,0.0,0.7084070669750937,0.7084070669750937,,,,1.0
17,acetone_hl_gap_eV,119,1.0,0.0,0.7084070669750937,0.7084070669750937,,,,1.0
17,acetone_hl_gap_eV,120,1.0,0.0,0.7084070669750937,0.7084070669750937,,,,1.0
17,acetone_hl_gap_eV,121,1.0,0.0,0.7084070669750937,0.7084070669750937,,,,1.0
17,acetone_hl_gap_eV,122,1.0,0.0,0.7084070669750937,0.7084070669750937,,,,1.0
17,acetone_hl_gap_eV,123,1.0,0.0,0.7084070669750937,0.7084070669750937,,,,1.0
17,acetone_hl_gap_eV,124,1.0,0.0,0.7084070669750937,0.7084070669750937,,,,1.0
17,acetone_hl_gap_eV,125,1.0,0.0,0.7084070669750937,0.7084070669750937,,,,1.0
17,acetone_hl_gap_eV,126,1.0,0.0,0.7084070669750937,0.7084070669750937,,,,1.0
17,acetone_hl_gap_eV,127,1.0,0.0,0.7084070669750937,0.7084070669750937,,,,1.0
17,acetone_hl_gap_eV,128,1.0,0.0,0.7084070669750937,0.7084070669750937,,,,1.0
17,acetone_hl_gap_eV,129,1.0,0.0,0.7084070669750937,0.7084070669750937,,,,1.0
17,acetone_hl_gap_eV,130,1.0,0.0,0.7084070669750937,0.7084070669750937,,,,1.0
17,acetone_hl_gap_eV,131,1.0,0.0,0.7084070669750937,0.7084070669750937,,,,1.0
17,acetone_hl_gap_eV,132,1.0,0.0,0.7084070669750937,0.7084070669750937,,,,1.0
17,acetone_hl_gap_eV,133,1.0,0.0,0.7084070669750937,0.7084070669750937,,,,1.0
17,acetone_hl_gap_eV,134,1.0,0.0,0.7084070669750937,0.7084070669750937,,,,1.0
17,acetone_hl_gap_eV,135,1.0,0.0,0.7084070669750937,0.7084070669750937,,,,1.0
17,acetone_hl_gap_eV,136,1.0,0.0,0.7084070669750937,0.7084070669750937,,,,1.0
17,acetone_hl_gap_eV,137,1.0,0.0,0.7084070669750937,0.7084070669750937,,,,1.0
17,acetone_hl_gap_eV,138,1.0,0.0,0.7084070669750937,0.7084070669750937,,,,1.0
17,acetone_hl_gap_eV,139,1.0,0.0,0.7084070669750937,0.7084070669750937,,,,1.0
17,acetone_hl_gap_eV,140,1.0,0.0,0.7084070669750937,0.7084070669750937,,,,1.0
17,acetone_hl_gap_eV,141,1.0,0.0,0.7084070669750937,0.7084070669750937,,,,1.0
17,acetone_hl_gap_eV,142,1.0,0.0,0.7084070669750937,0.7084070669750937,,,,1.0
17,acetone_hl_gap_eV,143,1.0,0.0,0.7084070669750937,0.7084070669750937,,,,1.0
17,acetone_hl_gap_eV,144,1.0,0.0,0.7084070669750937,0.7084070669750937,,,,1.0
17,acetone_hl_gap_eV,145,1.0,0.0,0.7084070669750937,0.7084070669750937,,,,1.0
17,acetone_hl_gap_eV,146,1.0,0.0,0.7084070669750937,0.7084070669750937,,,,1.0
17,acetone_hl_gap_eV,147,1.0,0.0,0.7084070669750937,0.7084070669750937,,,,1.0
17,acetone_hl_gap_eV,148,1.0,0.0,0.7084070669750937,0.7084070669750937,,,,1.0
17,acetone_hl_gap_eV,149,1.0,0.0,0.7084070669750937,0.7084070669750937,,,,1.0
17,acetone_hl_gap_eV,150,1.0,0.0,0.7084070669750937,0.7084070669750937,,,,1.0
17,acetone_hl_gap_eV,151,1.0,0.0,0.7084070669750937,0.7084070669750937,,,,1.0
17,acetone_hl_gap_eV,152,1.0,0.0,0.7084070669750937,0.7084070669750937,,,,1.0
17,acetone_hl_gap_eV,153,1.0,0.0,0.7084070669750937,0.7084070669750937,,,,1.0
17,acetone_hl_gap_eV,154,1.0,0.0,0.7084070669750937,0.7084070669750937,,,,1.0
17,acetone_hl_gap_eV,155,1.0,0.0,0.7084070669750937,0.7084070669750937,,,,1.0
17,acetone_hl_gap_eV,156,1.0,0.0,0.7084070669750937,0.7084070669750937,,,,1.0
17,acetone_hl_gap_eV,157,1.0,0.0,0.7084070669750937,0.7084070669750937,,,,1.0
17,acetone_hl_gap_eV,158,1.0,0.0,0.7084070669750937,0.7084070669750937,,,,1.0
17,acetone_hl_gap_eV,159,1.0,0.0,0.7084070669750937,0.7084070669750937,,,,1.0
17,acetone_hl_gap_eV,160,1.0,0.0,0.7084070669750937,0.7084070669750937,,,,1.0
17,acetone_hl_gap_eV,161,1.0,0.0,0.7084070669750937,0.7084070669750937,,,,1.0
17,acetone_hl_gap_eV,162,1.0,0.0,0.7084070669750937,0.7084070669750937,,,,1.0
17,acetone_hl_gap_eV,163,1.0,0.0,0.7084070669750937,0.7084070669750937,,,,1.0
17,acetone_hl_gap_eV,164,1.0,0.0,0.7084070669750937,0.7084070669750937,,,,1.0
17,acetone_hl_gap_eV,165,1.0,0.0,0.7084070669750937,0.7084070669750937,,,,1.0
17,acetone_hl_gap_eV,166,1.0,0.0,0.7084070669750937,0.7084070669750937,,,,1.0
17,acetone_hl_gap_eV,167,1.0,0.0,0.7084070669750937,0.7084070669750937,,,,1.0
17,acetone_hl_gap_eV,168,1.0,0.0,0.7084070669750937,0.7084070669750937,,,,1.0
17,acetone_hl_gap_eV,169,1.0,0.0,0.7084070669750937,0.7084070669750937,,,,1.0
17,acetone_hl_gap_eV,170,1.0,0.0,0.7084070669750937,0.7084070669750937,,,,1.0
17,acetone_hl_gap_eV,171,1.0,0.0,0.7084070669750937,0.7084070669750937,,,,1.0
17,acetone_hl_gap_eV,172,1.0,0.0,0.7084070669750937,0.7084070669750937,,,,1.0
17,acetone_hl_gap_eV,173,1.0,0.0,0.7084070669750937,0.7084070669750937,,,,1.0
17,acetone_hl_gap_eV,174,1.0,0.0,0.7084070669750937,0.7084070669750937,,,,1.0
17,acetone_hl_gap_eV,175,1.0,0.0,0.7084070669750937,0.7084070669750937,,,,1.0
17,acetone_hl_gap_eV,176,1.0,0.0,0.7084070669750937,0.7084070669750937,,,,1.0
17,acetone_hl_gap_eV,177,1.0,0.0,0.7084070669750937,0.7084070669750937,,,,1.0
17,acetone_hl_gap_eV,178,1.0,0.0,0.7084070669750937,0.7084070669750937,,,,1.0
17,acetone_hl_gap_eV,179,1.0,0.0,0.7084070669750937,0.7084070669750937,,,,1.0
17,acetone_hl_gap_eV,180,1.0,0.0,0.7084070669750937,0.7084070669750937,,,,1.0
17,acetone_hl_gap_eV,181,1.0,0.0,0.7084070669750937,0.7084070669750937,,,,1.0
17,acetone_hl_gap_eV,182,1.0,0.0,0.7084070669750937,0.7084070669750937,,,,1.0
17,acetone_hl_gap_eV,183,1.0,0.0,0.7084070669750937,0.7084070669750937,,,,1.0
17,acetone_hl_gap_eV,184,1.0,0.0,0.7084070669750937,0.7084070669750937,,,,1.0
17,acetone_hl_gap_eV,185,1.0,0.0,0.7084070669750937,0.7084070669750937,,,,1.0
17,acetone_hl_gap_eV,186,1.0,0.0,0.7084070669750937,0.7084070669750937,,,,1.0
17,acetone_hl_gap_eV,187,1.0,0.0,0.7084070669750937,0.7084070669750937,,,,1.0
17,acetone_hl_gap_eV,188,1.0,0.0,0.7084070669750937,0.7084070669750937,,,,1.0
17,acetone_hl_gap_eV,189,1.0,0.0,0.7084070669750937,0.7084070669750937,,,,1.0
17,acetone_hl_gap_eV,190,1.0,0.0,0.7084070669750937,0.7084070669750937,,,,1.0
17,acetone_hl_gap_eV,191,1.0,0.0,0.7084070669750937,0.7084070669750937,,,,1.0
17,acetone_hl_gap_eV,192,1.0,0.0,0.7084070669750937,0.7084070669750937,,,,1.0
17,acetone_hl_gap_eV,193,1.0,0.0,0.7084070669750937,0.7084070669750937,,,,1.0
17,acetone_hl_gap_eV,194,1.0,0.0,0.7084070669750937,0.7084070669750937,,,,1.0
17,acetone_hl_gap_eV,195,1.0,0.0,0.7084070669750937,0.7084070669750937,,,,1.0
17,acetone_hl_gap_eV,196,1.0,0.0,0.7084070669750937,0.7084070669750937,,,,1.0
17,acetone_hl_gap_eV,197,1.0,0.0,0.7084070669750937,0.7084070669750937,,,,1.0
17,acetone_hl_gap_eV,198,1.0,0.0,0.7084070669750937,0.7084070669750937,,,,1.0
17,acetone_hl_gap_eV,199,1.0,0.0,0.7084070669750937,0.7084070669750937,,,,1.0
17,acetone_hl_gap_eV,200,1.0,0.0,0.7084070669750937,0.7084070669750937,,,,1.0
17,acetone_hl_gap_eV,201,1.0,0.0,0.7084070669750937,0.7084070669750937,,,,1.0
17,acetone_hl_gap_eV,202,1.0,0.0,0.7084070669750937,0.7084070669750937,,,,1.0
17,acetone_hl_gap_eV,203,1.0,0.0,0.7084070669750937,0.7084070669750937,,,,1.0
17,acetone_hl_gap_eV,204,1.0,0.0,0.7084070669750937,0.7084070669750937,,,,1.0
17,acetone_hl_gap_eV,205,1.0,0.0,0.7084070669750937,0.7084070669750937,,,,1.0
17,acetone_hl_gap_eV,206,1.0,0.0,0.7084070669750937,0.7084070669750937,,,,1.0
17,acetone_hl_gap_eV,207,1.0,0.0,0.7084070669750937,0.7084070669750937,,,,1.0
17,acetone_hl_gap_eV,208,1.0,0.0,0.7084070669750937,0.7084070669750937,,,,1.0
17,acetone_hl_gap_eV,209,1.0,0.0,0.7084070669750937,0.7084070669750937,,,,1.0
17,acetone_hl_gap_eV,210,1.0,0.0,0.7084070669750937,0.7084070669750937,,,,1.0
17,acetone_hl_gap_eV,211,1.0,0.0,0.7084070669750937,0.7084070669750937,,,,1.0
17,acetone_hl_gap_eV,212,1.0,0.0,0.7084070669750937,0.7084070669750937,,,,1.0
17,acetone_hl_gap_eV,213,1.0,0.0,0.7084070669750937,0.7084070669750937,,,,1.0
17,acetone_hl_gap_eV,214,1.0,0.0,0.7084070669750937,0.7084070669750937,,,,1.0
17,acetone_hl_gap_eV,215,1.0,0.0,0.7084070669750937,0.7084070669750937,,,,1.0
17,acetone_hl_gap_eV,216,1.0,0.0,0.7084070669750937,0.7084070669750937,,,,1.0
17,acetone_hl_gap_eV,217,1.0,0.0,0.7084070669750937,0.7084070669750937,,,,1.0
17,acetone_hl_gap_eV,218,1.0,0.0,0.7084070669750937,0.7084070669750937,,,,1.0
17,acetone_hl_gap_eV,219,1.0,0.0,0.7084070669750937,0.7084070669750937,,,,1.0
17,acetone_hl_gap_eV,220,1.0,0.0,0.7084070669750937,0.7084070669750937,,,,1.0
17,acetone_hl_gap_eV,221,1.0,0.0,0.7084070669750937,0.7084070669750937,,,,1.0
17,acetone_hl_gap_eV,222,1.0,0.0,0.7084070669750937,0.7084070669750937,,,,1.0
17,acetone_hl_gap_eV,223,1.0,0.0,0.7084070669750937,0.7084070669750937,,,,1.0
17,acetone_hl_gap_eV,224,1.0,0.0,0.7084070669750937,0.7084070669750937,,,,1.0
17,acetone_hl_gap_eV,225,1.0,0.0,0.7084070669750937,0.7084070669750937,,,,1.0
17,acetone_hl_gap_eV,226,1.0,0.0,0.7084070669750937,0.7084070669750937,,,,1.0
17,acetone_hl_gap_eV,227,1.0,0.0,0.7084070669750937,0.7084070669750937,,,,1.0
17,acetone_hl_gap_eV,228,1.0,0.0,0.7084070669750937,0.7084070669750937,,,,1.0
17,acetone_hl_gap_eV,229,1.0,0.0,0.7084070669750937,0.7084070669750937,,,,1.0
17,acetone_hl_gap_eV,230,1.0,0.0,0.7084070669750937,0.7084070669750937,,,,1.0
17,acetone_hl_gap_eV,231,1.0,0.0,0.7084070669750937,0.7084070669750937,,,,1.0
17,acetone_hl_gap_eV,232,1.0,0.0,0.7084070669750937,0.7084070669750937,,,,1.0
17,acetone_hl_gap_eV,233,1.0,0.0,0.7084070669750937,0.7084070669750937,,,,1.0
17,acetone_hl_gap_eV,234,1.0,0.0,0.7084070669750937,0.7084070669750937,,,,1.0
17,acetone_hl_gap_eV,235,1.0,0.0,0.7084070669750937,0.7084070669750937,,,,1.0
17,acetone_hl_gap_eV,236,1.0,0.0,0.7084070669750937,0.7084070669750937,,,,1.0
17,acetone_hl_gap_eV,237,1.0,0.0,0.7084070669750937,0.7084070669750937,,,,1.0
17,acetone_hl_gap_eV,238,1.0,0.0,0.7084070669750937,0.7084070669750937,,,,1.0
17,acetone_hl_gap_eV,239,1.0,0.0,0.7084070669750937,0.7084070669750937,,,,1.0
17,acetone_hl_gap_eV,240,1.0,0.0,0.7084070669750937,0.7084070669750937,,,,1.0
17,acetone_hl_gap_eV,241,1.0,0.0,0.7084070669750937,0.7084070669750937,,,,1.0
17,acetone_hl_gap_eV,242,1.0,0.0,0.7084070669750937,0.7084070669750937,,,,1.0
17,acetone_hl_gap_eV,243,1.0,0.0,0.7084070669750937,0.7084070669750937,,,,1.0
17,acetone_hl_gap_eV,244,1.0,0.0,0.7084070669750937,0.7084070669750937,,,,1.0
17,acetone_hl_gap_eV,245,1.0,0.0,0.7084070669750937,0.7084070669750937,,,,1.0
17,acetone_hl_gap_eV,246,1.0,0.0,0.7084070669750937,0.7084070669750937,,,,1.0
17,acetone_hl_gap_eV,247,1.0,0.0,0.7084070669750937,0.7084070669750937,,,,1.0
17,acetone_hl_gap_eV,248,1.0,0.0,0.7084070669750937,0.7084070669750937,,,,1.0
17,acetone_hl_gap_eV,249,1.0,0.0,0.7084070669750937,0.7084070669750937,,,,1.0
17,acetone_dipole,0,1.0000001192092896,0.0,0.6119396453236021,0.6119396453236021,,,,1.0
17,acetone_dipole,1,1.0000001192092896,0.0,0.6119396453236021,0.6119396453236021,,,,1.0
17,acetone_dipole,2,1.0000001192092896,0.0,0.6119396453236021,0.6119396453236021,,,,1.0
17,acetone_dipole,3,1.0000001192092896,0.0,0.6119396453236021,0.6119396453236021,,,,1.0
17,acetone_dipole,4,1.0000001192092896,0.0,0.6119396453236021,0.6119396453236021,,,,1.0
17,acetone_dipole,5,1.0000001192092896,0.0,0.6119396453236021,0.6119396453236021,,,,1.0
17,acetone_dipole,6,1.0000001192092896,0.0,0.6119396453236021,0.6119396453236021,,,,1.0
17,acetone_dipole,7,1.0000001192092896,0.0,0.6119396453236021,0.6119396453236021,,,,1.0
17,acetone_dipole,8,1.0000001192092896,0.0,0.6119396453236021,0.6119396453236021,,,,1.0
17,acetone_dipole,9,1.0000001192092896,0.0,0.6119396453236021,0.6119396453236021,,,,1.0
17,acetone_dipole,10,1.0000001192092896,0.0,0.6119396453236021,0.6119396453236021,,,,1.0
17,acetone_dipole,11,1.0000001192092896,0.0,0.6119396453236021,0.6119396453236021,,,,1.0
17,acetone_dipole,12,1.0000001192092896,0.0,0.6119396453236021,0.6119396453236021,,,,1.0
17,acetone_dipole,13,1.0000001192092896,0.0,0.6119396453236021,0.6119396453236021,,,,1.0
17,acetone_dipole,14,1.0000001192092896,0.0,0.6119396453236021,0.6119396453236021,,,,1.0
17,acetone_dipole,15,1.0000001192092896,0.0,0.6119396453236021,0.6119396453236021,,,,1.0
17,acetone_dipole,16,1.0000001192092896,0.0,0.6119396453236021,0.6119396453236021,,,,1.0
17,acetone_dipole,17,1.0000001192092896,0.0,0.6119396453236021,0.6119396453236021,,,,1.0
17,acetone_dipole,18,1.0000001192092896,0.0,0.6119396453236021,0.6119396453236021,,,,1.0
17,acetone_dipole,19,1.0000001192092896,0.0,0.6119396453236021,0.6119396453236021,,,,1.0
17,acetone_dipole,20,1.0000001192092896,0.0,0.6119396453236021,0.6119396453236021,,,,1.0
17,acetone_dipole,21,1.0000001192092896,0.0,0.6119396453236021,0.6119396453236021,,,,1.0
17,acetone_dipole,22,1.0000001192092896,0.0,0.6119396453236021,0.6119396453236021,,,,1.0
17,acetone_dipole,23,1.0000001192092896,0.0,0.6119396453236021,0.6119396453236021,,,,1.0
17,acetone_dipole,24,1.0000001192092896,0.0,0.6119396453236021,0.6119396453236021,,,,1.0
17,acetone_dipole,25,1.0000001192092896,0.0,0.6119396453236021,0.6119396453236021,,,,1.0
17,acetone_dipole,26,1.0000001192092896,0.0,0.6119396453236021,0.6119396453236021,,,,1.0
17,acetone_dipole,27,1.0000001192092896,0.0,0.6119396453236021,0.6119396453236021,,,,1.0
17,acetone_dipole,28,1.0000001192092896,0.0,0.6119396453236021,0.6119396453236021,,,,1.0
17,acetone_dipole,29,1.0000001192092896,0.0,0.6119396453236021,0.6119396453236021,,,,1.0
17,acetone_dipole,30,1.0000001192092896,0.0,0.6119396453236021,0.6119396453236021,,,,1.0
17,acetone_dipole,31,1.0000001192092896,0.0,0.6119396453236021,0.6119396453236021,,,,1.0
17,acetone_dipole,32,1.0000001192092896,0.0,0.6119396453236021,0.6119396453236021,,,,1.0
17,acetone_dipole,33,1.0000001192092896,0.0,0.6119396453236021,0.6119396453236021,,,,1.0
17,acetone_dipole,34,1.0000001192092896,0.0,0.6119396453236021,0.6119396453236021,,,,1.0
17,acetone_dipole,35,1.0000001192092896,0.0,0.6119396453236021,0.6119396453236021,,,,1.0
17,acetone_dipole,36,1.0000001192092896,0.0,0.6119396453236021,0.6119396453236021,,,,1.0
17,acetone_dipole,37,1.0000001192092896,0.0,0.6119396453236021,0.6119396453236021,,,,1.0
17,acetone_dipole,38,1.0000001192092896,0.0,0.6119396453236021,0.6119396453236021,,,,1.0
17,acetone_dipole,39,1.0000001192092896,0.0,0.6119396453236021,0.6119396453236021,,,,1.0
17,acetone_dipole,40,1.0000001192092896,0.0,0.6119396453236021,0.6119396453236021,,,,1.0
17,acetone_dipole,41,1.0000001192092896,0.0,0.6119396453236021,0.6119396453236021,,,,1.0
17,acetone_dipole,42,1.0000001192092896,0.0,0.6119396453236021,0.6119396453236021,,,,1.0
17,acetone_dipole,43,1.0000001192092896,0.0,0.6119396453236021,0.6119396453236021,,,,1.0
17,acetone_dipole,44,1.0000001192092896,0.0,0.6119396453236021,0.6119396453236021,,,,1.0
17,acetone_dipole,45,1.0000001192092896,0.0,0.6119396453236021,0.6119396453236021,,,,1.0
17,acetone_dipole,46,1.0000001192092896,0.0,0.6119396453236021,0.6119396453236021,,,,1.0
17,acetone_dipole,47,1.0000001192092896,0.0,0.6119396453236021,0.6119396453236021,,,,1.0
17,acetone_dipole,48,1.0000001192092896,0.0,0.6119396453236021,0.6119396453236021,,,,1.0
17,acetone_dipole,49,1.0000001192092896,0.0,0.6119396453236021,0.6119396453236021,,,,1.0
17,acetone_dipole,50,1.0000001192092896,0.0,0.6119396453236021,0.6119396453236021,,,,1.0
17,acetone_dipole,51,1.0000001192092896,0.0,0.6119396453236021,0.6119396453236021,,,,1.0
17,acetone_dipole,52,1.0000001192092896,0.0,0.6119396453236021,0.6119396453236021,,,,1.0
17,acetone_dipole,53,1.0000001192092896,0.0,0.6119396453236021,0.6119396453236021,,,,1.0
17,acetone_dipole,54,1.0000001192092896,0.0,0.6119396453236021,0.6119396453236021,,,,1.0
17,acetone_dipole,55,1.0000001192092896,0.0,0.6119396453236021,0.6119396453236021,,,,1.0
17,acetone_dipole,56,1.0000001192092896,0.0,0.6119396453236021,0.6119396453236021,,,,1.0
17,acetone_dipole,57,1.0000001192092896,0.0,0.6119396453236021,0.6119396453236021,,,,1.0
17,acetone_dipole,58,1.0000001192092896,0.0,0.6119396453236021,0.6119396453236021,,,,1.0
17,acetone_dipole,59,1.0000001192092896,0.0,0.6119396453236021,0.6119396453236021,,,,1.0
17,acetone_dipole,60,1.0000001192092896,0.0,0.6119396453236021,0.6119396453236021,,,,1.0
17,acetone_dipole,61,1.0000001192092896,0.0,0.6119396453236021,0.6119396453236021,,,,1.0
17,acetone_dipole,62,1.0000001192092896,0.0,0.6119396453236021,0.6119396453236021,,,,1.0
17,acetone_dipole,63,1.0000001192092896,0.0,0.6119396453236021,0.6119396453236021,,,,1.0
17,acetone_dipole,64,1.0000001192092896,0.0,0.6119396453236021,0.6119396453236021,,,,1.0
17,acetone_dipole,65,1.0000001192092896,0.0,0.6119396453236021,0.6119396453236021,,,,1.0
17,acetone_dipole,66,1.0000001192092896,0.0,0.6119396453236021,0.6119396453236021,,,,1.0
17,acetone_dipole,67,1.0000001192092896,0.0,0.6119396453236021,0.6119396453236021,,,,1.0
17,acetone_dipole,68,1.0000001192092896,0.0,0.6119396453236021,0.6119396453236021,,,,1.0
17,acetone_dipole,69,1.0000001192092896,0.0,0.6119396453236021,0.6119396453236021,,,,1.0
17,acetone_dipole,70,1.0000001192092896,0.0,0.6119396453236021,0.6119396453236021,,,,1.0
17,acetone_dipole,71,1.0000001192092896,0.0,0.6119396453236021,0.6119396453236021,,,,1.0
17,acetone_dipole,72,1.0000001192092896,0.0,0.6119396453236021,0.6119396453236021,,,,1.0
17,acetone_dipole,73,1.0000001192092896,0.0,0.6119396453236021,0.6119396453236021,,,,1.0
17,acetone_dipole,74,1.0000001192092896,0.0,0.6119396453236021,0.6119396453236021,,,,1.0
17,acetone_dipole,75,1.0000001192092896,0.0,0.6119396453236021,0.6119396453236021,,,,1.0
17,acetone_dipole,76,1.0000001192092896,0.0,0.6119396453236021,0.6119396453236021,,,,1.0
17,acetone_dipole,77,1.0000001192092896,0.0,0.6119396453236021,0.6119396453236021,,,,1.0
17,acetone_dipole,78,1.0000001192092896,0.0,0.6119396453236021,0.6119396453236021,,,,1.0
17,acetone_dipole,79,1.0000001192092896,0.0,0.6119396453236021,0.6119396453236021,,,,1.0
17,acetone_dipole,80,1.0000001192092896,0.0,0.6119396453236021,0.6119396453236021,,,,1.0
17,acetone_dipole,81,1.0000001192092896,0.0,0.6119396453236021,0.6119396453236021,,,,1.0
17,acetone_dipole,82,1.0000001192092896,0.0,0.6119396453236021,0.6119396453236021,,,,1.0
17,acetone_dipole,83,1.0000001192092896,0.0,0.6119396453236021,0.6119396453236021,,,,1.0
17,acetone_dipole,84,1.0000001192092896,0.0,0.6119396453236021,0.6119396453236021,,,,1.0
17,acetone_dipole,85,1.0000001192092896,0.0,0.6119396453236021,0.6119396453236021,,,,1.0
17,acetone_dipole,86,1.0000001192092896,0.0,0.6119396453236021,0.6119396453236021,,,,1.0
17,acetone_dipole,87,1.0000001192092896,0.0,0.6119396453236021,0.6119396453236021,,,,1.0
17,acetone_dipole,88,1.0000001192092896,0.0,0.6119396453236021,0.6119396453236021,,,,1.0
17,acetone_dipole,89,1.0000001192092896,0.0,0.6119396453236021,0.6119396453236021,,,,1.0
17,acetone_dipole,90,1.0000001192092896,0.0,0.6119396453236021,0.6119396453236021,,,,1.0
17,acetone_dipole,91,1.0000001192092896,0.0,0.6119396453236021,0.6119396453236021,,,,1.0
17,acetone_dipole,92,1.0000001192092896,0.0,0.6119396453236021,0.6119396453236021,,,,1.0
17,acetone_dipole,93,1.0000001192092896,0.0,0.6119396453236021,0.6119396453236021,,,,1.0
17,acetone_dipole,94,1.0000001192092896,0.0,0.6119396453236021,0.6119396453236021,,,,1.0
17,acetone_dipole,95,1.0000001192092896,0.0,0.6119396453236021,0.6119396453236021,,,,1.0
17,acetone_dipole,96,1.0000001192092896,0.0,0.6119396453236021,0.6119396453236021,,,,1.0
17,acetone_dipole,97,1.0000001192092896,0.0,0.6119396453236021,0.6119396453236021,,,,1.0
17,acetone_dipole,98,1.0000001192092896,0.0,0.6119396453236021,0.6119396453236021,,,,1.0
17,acetone_dipole,99,1.0000001192092896,0.0,0.6119396453236021,0.6119396453236021,,,,1.0
17,acetone_dipole,100,1.0000001192092896,0.0,0.6119396453236021,0.6119396453236021,,,,1.0
17,acetone_dipole,101,1.0000001192092896,0.0,0.6119396453236021,0.6119396453236021,,,,1.0
17,acetone_dipole,102,1.0000001192092896,0.0,0.6119396453236021,0.6119396453236021,,,,1.0
17,acetone_dipole,103,1.0000001192092896,0.0,0.6119396453236021,0.6119396453236021,,,,1.0
17,acetone_dipole,104,1.0000001192092896,0.0,0.6119396453236021,0.6119396453236021,,,,1.0
17,acetone_dipole,105,1.0000001192092896,0.0,0.6119396453236021,0.6119396453236021,,,,1.0
17,acetone_dipole,106,1.0000001192092896,0.0,0.6119396453236021,0.6119396453236021,,,,1.0
17,acetone_dipole,107,1.0000001192092896,0.0,0.6119396453236021,0.6119396453236021,,,,1.0
17,acetone_dipole,108,1.0000001192092896,0.0,0.6119396453236021,0.6119396453236021,,,,1.0
17,acetone_dipole,109,1.0000001192092896,0.0,0.6119396453236021,0.6119396453236021,,,,1.0
17,acetone_dipole,110,1.0000001192092896,0.0,0.6119396453236021,0.6119396453236021,,,,1.0
17,acetone_dipole,111,1.0000001192092896,0.0,0.6119396453236021,0.6119396453236021,,,,1.0
17,acetone_dipole,112,1.0000001192092896,0.0,0.6119396453236021,0.6119396453236021,,,,1.0
17,acetone_dipole,113,1.0000001192092896,0.0,0.6119396453236021,0.6119396453236021,,,,1.0
17,acetone_dipole,114,1.0000001192092896,0.0,0.6119396453236021,0.6119396453236021,,,,1.0
17,acetone_dipole,115,1.0000001192092896,0.0,0.6119396453236021,0.6119396453236021,,,,1.0
17,acetone_dipole,116,1.0000001192092896,0.0,0.6119396453236021,0.6119396453236021,,,,1.0
17,acetone_dipole,117,1.0000001192092896,0.0,0.6119396453236021,0.6119396453236021,,,,1.0
17,acetone_dipole,118,1.0000001192092896,0.0,0.6119396453236021,0.6119396453236021,,,,1.0
17,acetone_dipole,119,1.0000001192092896,0.0,0.6119396453236021,0.6119396453236021,,,,1.0
17,acetone_dipole,120,1.0000001192092896,0.0,0.6119396453236021,0.6119396453236021,,,,1.0
17,acetone_dipole,121,1.0000001192092896,0.0,0.6119396453236021,0.6119396453236021,,,,1.0
17,acetone_dipole,122,1.0000001192092896,0.0,0.6119396453236021,0.6119396453236021,,,,1.0
17,acetone_dipole,123,1.0000001192092896,0.0,0.6119396453236021,0.6119396453236021,,,,1.0
17,acetone_dipole,124,1.0000001192092896,0.0,0.6119396453236021,0.6119396453236021,,,,1.0
17,acetone_dipole,125,1.0000001192092896,0.0,0.6119396453236021,0.6119396453236021,,,,1.0
17,acetone_dipole,126,1.0000001192092896,0.0,0.6119396453236021,0.6119396453236021,,,,1.0
17,acetone_dipole,127,1.0000001192092896,0.0,0.6119396453236021,0.6119396453236021,,,,1.0
17,acetone_dipole,128,1.0000001192092896,0.0,0.6119396453236021,0.6119396453236021,,,,1.0
17,acetone_dipole,129,1.0000001192092896,0.0,0.6119396453236021,0.6119396453236021,,,,1.0
17,acetone_dipole,130,1.0000001192092896,0.0,0.6119396453236021,0.6119396453236021,,,,1.0
17,acetone_dipole,131,1.0000001192092896,0.0,0.6119396453236021,0.6119396453236021,,,,1.0
17,acetone_dipole,132,1.0000001192092896,0.0,0.6119396453236021,0.6119396453236021,,,,1.0
17,acetone_dipole,133,1.0000001192092896,0.0,0.6119396453236021,0.6119396453236021,,,,1.0
17,acetone_dipole,134,1.0000001192092896,0.0,0.6119396453236021,0.6119396453236021,,,,1.0
17,acetone_dipole,135,1.0000001192092896,0.0,0.6119396453236021,0.6119396453236021,,,,1.0
17,acetone_dipole,136,1.0000001192092896,0.0,0.6119396453236021,0.6119396453236021,,,,1.0
17,acetone_dipole,137,1.0000001192092896,0.0,0.6119396453236021,0.6119396453236021,,,,1.0
17,acetone_dipole,138,1.0000001192092896,0.0,0.6119396453236021,0.6119396453236021,,,,1.0
17,acetone_dipole,139,1.0000001192092896,0.0,0.6119396453236021,0.6119396453236021,,,,1.0
17,acetone_dipole,140,1.0000001192092896,0.0,0.6119396453236021,0.6119396453236021,,,,1.0
17,acetone_dipole,141,1.0000001192092896,0.0,0.6119396453236021,0.6119396453236021,,,,1.0
17,acetone_dipole,142,1.0000001192092896,0.0,0.6119396453236021,0.6119396453236021,,,,1.0
17,acetone_dipole,143,1.0000001192092896,0.0,0.6119396453236021,0.6119396453236021,,,,1.0
17,acetone_dipole,144,1.0000001192092896,0.0,0.6119396453236021,0.6119396453236021,,,,1.0
17,acetone_dipole,145,1.0000001192092896,0.0,0.6119396453236021,0.6119396453236021,,,,1.0
17,acetone_dipole,146,1.0000001192092896,0.0,0.6119396453236021,0.6119396453236021,,,,1.0
17,acetone_dipole,147,1.0000001192092896,0.0,0.6119396453236021,0.6119396453236021,,,,1.0
17,acetone_dipole,148,1.0000001192092896,0.0,0.6119396453236021,0.6119396453236021,,,,1.0
17,acetone_dipole,149,1.0000001192092896,0.0,0.6119396453236021,0.6119396453236021,,,,1.0
17,acetone_dipole,150,1.0000001192092896,0.0,0.6119396453236021,0.6119396453236021,,,,1.0
17,acetone_dipole,151,1.0000001192092896,0.0,0.6119396453236021,0.6119396453236021,,,,1.0
17,acetone_dipole,152,1.0000001192092896,0.0,0.6119396453236021,0.6119396453236021,,,,1.0
17,acetone_dipole,153,1.0000001192092896,0.0,0.6119396453236021,0.6119396453236021,,,,1.0
17,acetone_dipole,154,1.0000001192092896,0.0,0.6119396453236021,0.6119396453236021,,,,1.0
17,acetone_dipole,155,1.0000001192092896,0.0,0.6119396453236021,0.6119396453236021,,,,1.0
17,acetone_dipole,156,1.0000001192092896,0.0,0.6119396453236021,0.6119396453236021,,,,1.0
17,acetone_dipole,157,1.0000001192092896,0.0,0.6119396453236021,0.6119396453236021,,,,1.0
17,acetone_dipole,158,1.0000001192092896,0.0,0.6119396453236021,0.6119396453236021,,,,1.0
17,acetone_dipole,159,1.0000001192092896,0.0,0.6119396453236021,0.6119396453236021,,,,1.0
17,acetone_dipole,160,1.0000001192092896,0.0,0.6119396453236021,0.6119396453236021,,,,1.0
17,acetone_dipole,161,1.0000001192092896,0.0,0.6119396453236021,0.6119396453236021,,,,1.0
17,acetone_dipole,162,1.0000001192092896,0.0,0.6119396453236021,0.6119396453236021,,,,1.0
17,acetone_dipole,163,1.0000001192092896,0.0,0.6119396453236021,0.6119396453236021,,,,1.0
17,acetone_dipole,164,1.0000001192092896,0.0,0.6119396453236021,0.6119396453236021,,,,1.0
17,acetone_dipole,165,1.0000001192092896,0.0,0.6119396453236021,0.6119396453236021,,,,1.0
17,acetone_dipole,166,1.0000001192092896,0.0,0.6119396453236021,0.6119396453236021,,,,1.0
17,acetone_dipole,167,1.0000001192092896,0.0,0.6119396453236021,0.6119396453236021,,,,1.0
17,acetone_dipole,168,1.0000001192092896,0.0,0.6119396453236021,0.6119396453236021,,,,1.0
17,acetone_dipole,169,1.0000001192092896,0.0,0.6119396453236021,0.6119396453236021,,,,1.0
17,acetone_dipole,170,1.0000001192092896,0.0,0.6119396453236021,0.6119396453236021,,,,1.0
17,acetone_dipole,171,1.0000001192092896,0.0,0.6119396453236021,0.6119396453236021,,,,1.0
17,acetone_dipole,172,1.0000001192092896,0.0,0.6119396453236021,0.6119396453236021,,,,1.0
17,acetone_dipole,173,1.0000001192092896,0.0,0.6119396453236021,0.6119396453236021,,,,1.0
17,acetone_dipole,174,1.0000001192092896,0.0,0.6119396453236021,0.6119396453236021,,,,1.0
17,acetone_dipole,175,1.0000001192092896,0.0,0.6119396453236021,0.6119396453236021,,,,1.0
17,acetone_dipole,176,1.0000001192092896,0.0,0.6119396453236021,0.6119396453236021,,,,1.0
17,acetone_dipole,177,1.0000001192092896,0.0,0.6119396453236021,0.6119396453236021,,,,1.0
17,acetone_dipole,178,1.0000001192092896,0.0,0.6119396453236021,0.6119396453236021,,,,1.0
17,acetone_dipole,179,1.0000001192092896,0.0,0.6119396453236021,0.6119396453236021,,,,1.0
17,acetone_dipole,180,1.0000001192092896,0.0,0.6119396453236021,0.6119396453236021,,,,1.0
17,acetone_dipole,181,1.0000001192092896,0.0,0.6119396453236021,0.6119396453236021,,,,1.0
17,acetone_dipole,182,1.0000001192092896,0.0,0.6119396453236021,0.6119396453236021,,,,1.0
17,acetone_dipole,183,1.0000001192092896,0.0,0.6119396453236021,0.6119396453236021,,,,1.0
17,acetone_dipole,184,1.0000001192092896,0.0,0.6119396453236021,0.6119396453236021,,,,1.0
17,acetone_dipole,185,1.0000001192092896,0.0,0.6119396453236021,0.6119396453236021,,,,1.0
17,acetone_dipole,186,1.0000001192092896,0.0,0.6119396453236021,0.6119396453236021,,,,1.0
17,acetone_dipole,187,1.0000001192092896,0.0,0.6119396453236021,0.6119396453236021,,,,1.0
17,acetone_dipole,188,1.0000001192092896,0.0,0.6119396453236021,0.6119396453236021,,,,1.0
17,acetone_dipole,189,1.0000001192092896,0.0,0.6119396453236021,0.6119396453236021,,,,1.0
17,acetone_dipole,190,1.0000001192092896,0.0,0.6119396453236021,0.6119396453236021,,,,1.0
17,acetone_dipole,191,1.0000001192092896,0.0,0.6119396453236021,0.6119396453236021,,,,1.0
17,acetone_dipole,192,1.0000001192092896,0.0,0.6119396453236021,0.6119396453236021,,,,1.0
17,acetone_dipole,193,1.0000001192092896,0.0,0.6119396453236021,0.6119396453236021,,,,1.0
17,acetone_dipole,194,1.0000001192092896,0.0,0.6119396453236021,0.6119396453236021,,,,1.0
17,acetone_dipole,195,1.0000001192092896,0.0,0.6119396453236021,0.6119396453236021,,,,1.0
17,acetone_dipole,196,1.0000001192092896,0.0,0.6119396453236021,0.6119396453236021,,,,1.0
17,acetone_dipole,197,1.0000001192092896,0.0,0.6119396453236021,0.6119396453236021,,,,1.0
17,acetone_dipole,198,1.0000001192092896,0.0,0.6119396453236021,0.6119396453236021,,,,1.0
17,acetone_dipole,199,1.0000001192092896,0.0,0.6119396453236021,0.6119396453236021,,,,1.0
17,acetone_dipole,200,1.0000001192092896,0.0,0.6119396453236021,0.6119396453236021,,,,1.0
17,acetone_dipole,201,1.0000001192092896,0.0,0.6119396453236021,0.6119396453236021,,,,1.0
17,acetone_dipole,202,1.0000001192092896,0.0,0.6119396453236021,0.6119396453236021,,,,1.0
17,acetone_dipole,203,1.0000001192092896,0.0,0.6119396453236021,0.6119396453236021,,,,1.0
17,acetone_dipole,204,1.0000001192092896,0.0,0.6119396453236021,0.6119396453236021,,,,1.0
17,acetone_dipole,205,1.0000001192092896,0.0,0.6119396453236021,0.6119396453236021,,,,1.0
17,acetone_dipole,206,1.0000001192092896,0.0,0.6119396453236021,0.6119396453236021,,,,1.0
17,acetone_dipole,207,1.0000001192092896,0.0,0.6119396453236021,0.6119396453236021,,,,1.0
17,acetone_dipole,208,1.0000001192092896,0.0,0.6119396453236021,0.6119396453236021,,,,1.0
17,acetone_dipole,209,1.0000001192092896,0.0,0.6119396453236021,0.6119396453236021,,,,1.0
17,acetone_dipole,210,1.0000001192092896,0.0,0.6119396453236021,0.6119396453236021,,,,1.0
17,acetone_dipole,211,1.0000001192092896,0.0,0.6119396453236021,0.6119396453236021,,,,1.0
17,acetone_dipole,212,1.0000001192092896,0.0,0.6119396453236021,0.6119396453236021,,,,1.0
17,acetone_dipole,213,1.0000001192092896,0.0,0.6119396453236021,0.6119396453236021,,,,1.0
17,acetone_dipole,214,1.0000001192092896,0.0,0.6119396453236021,0.6119396453236021,,,,1.0
17,acetone_dipole,215,1.0000001192092896,0.0,0.6119396453236021,0.6119396453236021,,,,1.0
17,acetone_dipole,216,1.0000001192092896,0.0,0.6119396453236021,0.6119396453236021,,,,1.0
17,acetone_dipole,217,1.0000001192092896,0.0,0.6119396453236021,0.6119396453236021,,,,1.0
17,acetone_dipole,218,1.0000001192092896,0.0,0.6119396453236021,0.6119396453236021,,,,1.0
17,acetone_dipole,219,1.0000001192092896,0.0,0.6119396453236021,0.6119396453236021,,,,1.0
17,acetone_dipole,220,1.0000001192092896,0.0,0.6119396453236021,0.6119396453236021,,,,1.0
17,acetone_dipole,221,1.0000001192092896,0.0,0.6119396453236021,0.6119396453236021,,,,1.0
17,acetone_dipole,222,1.0000001192092896,0.0,0.6119396453236021,0.6119396453236021,,,,1.0
17,acetone_dipole,223,1.0000001192092896,0.0,0.6119396453236021,0.6119396453236021,,,,1.0
17,acetone_dipole,224,1.0000001192092896,0.0,0.6119396453236021,0.6119396453236021,,,,1.0
17,acetone_dipole,225,1.0000001192092896,0.0,0.6119396453236021,0.6119396453236021,,,,1.0
17,acetone_dipole,226,1.0000001192092896,0.0,0.6119396453236021,0.6119396453236021,,,,1.0
17,acetone_dipole,227,1.0000001192092896,0.0,0.6119396453236021,0.6119396453236021,,,,1.0
17,acetone_dipole,228,1.0000001192092896,0.0,0.6119396453236021,0.6119396453236021,,,,1.0
17,acetone_dipole,229,1.0000001192092896,0.0,0.6119396453236021,0.6119396453236021,,,,1.0
17,acetone_dipole,230,1.0000001192092896,0.0,0.6119396453236021,0.6119396453236021,,,,1.0
17,acetone_dipole,231,1.0000001192092896,0.0,0.6119396453236021,0.6119396453236021,,,,1.0
17,acetone_dipole,232,1.0000001192092896,0.0,0.6119396453236021,0.6119396453236021,,,,1.0
17,acetone_dipole,233,1.0000001192092896,0.0,0.6119396453236021,0.6119396453236021,,,,1.0
17,acetone_dipole,234,1.0000001192092896,0.0,0.6119396453236021,0.6119396453236021,,,,1.0
17,acetone_dipole,235,1.0000001192092896,0.0,0.6119396453236021,0.6119396453236021,,,,1.0
17,acetone_dipole,236,1.0000001192092896,0.0,0.6119396453236021,0.6119396453236021,,,,1.0
17,acetone_dipole,237,1.0000001192092896,0.0,0.6119396453236021,0.6119396453236021,,,,1.0
17,acetone_dipole,238,1.0000001192092896,0.0,0.6119396453236021,0.6119396453236021,,,,1.0
17,acetone_dipole,239,1.0000001192092896,0.0,0.6119396453236021,0.6119396453236021,,,,1.0
17,acetone_dipole,240,1.0000001192092896,0.0,0.6119396453236021,0.6119396453236021,,,,1.0
17,acetone_dipole,241,1.0000001192092896,0.0,0.6119396453236021,0.6119396453236021,,,,1.0
17,acetone_dipole,242,1.0000001192092896,0.0,0.6119396453236021,0.6119396453236021,,,,1.0
17,acetone_dipole,243,1.0000001192092896,0.0,0.6119396453236021,0.6119396453236021,,,,1.0
17,acetone_dipole,244,1.0000001192092896,0.0,0.6119396453236021,0.6119396453236021,,,,1.0
17,acetone_dipole,245,1.0000001192092896,0.0,0.6119396453236021,0.6119396453236021,,,,1.0
17,acetone_dipole,246,1.0000001192092896,0.0,0.6119396453236021,0.6119396453236021,,,,1.0
17,acetone_dipole,247,1.0000001192092896,0.0,0.6119396453236021,0.6119396453236021,,,,1.0
17,acetone_dipole,248,1.0000001192092896,0.0,0.6119396453236021,0.6119396453236021,,,,1.0
17,acetone_dipole,249,1.0000001192092896,0.0,0.6119396453236021,0.6119396453236021,,,,1.0
17,octanol_gsolv_eV,0,0.1053638756275177,0.02462039142847061,0.6638408257807324,0.9560158804193886,5.68703031539917,0.03339597210288048,0.005872304216921768,0.08
17,octanol_gsolv_eV,1,0.711071789264679,0.01885617896914482,0.6977990281443245,0.9471255966933869,4.398421287536621,2.9179275035858154,0.6634033697167806,0.68
17,octanol_gsolv_eV,2,0.10644251853227615,0.012963498011231422,0.6670815969313886,0.9648623683845576,2.7579002380371094,0.021115247160196304,0.007656276637194367,0.08
17,octanol_gsolv_eV,3,0.45074954628944397,0.02165178209543228,0.6770674638085623,0.9281265555065685,5.237616062164307,1.192534327507019,0.22768647288251895,0.36
17,octanol_gsolv_eV,4,0.09911967068910599,0.021257059648633003,0.666565656872228,0.9672935594164198,4.911072731018066,0.010204160585999489,0.00207778649286755,0.1
17,octanol_gsolv_eV,5,0.5875094532966614,0.012695258483290672,0.6865056890229124,0.9298767012765994,2.8573052883148193,1.2275617122650146,0.42962217488107673,0.44
17,octanol_gsolv_eV,6,0.11473774909973145,0.015037582255899906,0.6668759080006941,0.9543975342137261,3.2233338356018066,0.034674178808927536,0.010757240973910403,0.1
17,octanol_gsolv_eV,7,0.32755735516548157,0.020361775532364845,0.6701266079801991,0.91094217380932,4.764628887176514,0.5086801052093506,0.1067617472954522,0.28
17,octanol_gsolv_eV,8,0.1063346415758133,0.029177263379096985,0.6718467912672053,0.9595212187890494,6.4321088790893555,0.039485882967710495,0.006138870424920547,0.14
17,octanol_gsolv_eV,9,0.13011617958545685,0.023460937663912773,0.6725500263213435,0.9697805358658551,5.511367321014404,0.012208927422761917,0.00221522658745866,0.1
17,octanol_gsolv_eV,10,0.3927994966506958,0.028786111623048782,0.670092561899944,0.9169618520989242,6.534210681915283,0.7090001702308655,0.10850586317841929,0.34
17,octanol_gsolv_eV,11,0.1581871062517166,0.012283655814826488,0.6573118119083352,0.9467242705456196,2.5930275917053223,0.16708162426948547,0.06443495811766627,0.04
17,octanol_gsolv_eV,12,0.39867833256721497,0.02583964541554451,0.6681997483462481,0.9352464897079287,6.036357402801514,0.49334168434143066,0.0817283754789714,0.38
17,octanol_gsolv_eV,13,0.24780212342739105,0.011592757888138294,0.6640228996129303,0.9295360272495956,2.4952895641326904,0.32032153010368347,0.12837048441511054,0.14
17,octanol_gsolv_eV,14,0.4521009922027588,0.007368600927293301,0.6695734955802994,0.9181112368699715,1.5424647331237793,0.5621911883354187,0.36447587828920824,0.18
17,octanol_gsolv_eV,15,0.23477603495121002,0.02387922629714012,0.6696614891242758,0.9790277396276501,5.3010783195495605,0.021461956202983856,0.004048601984210546,0.2
17,octanol_gsolv_eV,16,0.18584886193275452,0.012133944779634476,0.6704270499137686,0.9553174752492708,2.6501247882843018,0.16681788861751556,0.06294718247042017,0.1
17,octanol_gsolv_eV,17,0.08570432662963867,0.012755573727190495,0.6706403297753447,0.947940562123472,2.96529483795166,0.04460321366786957,0.01504174664084337,0.02
17,octanol_gsolv_eV,18,0.07366382330656052,0.016713421791791916,0.667668908869335,0.9436754072728006,3.630826473236084,0.02687862142920494,0.007402893425872969,0.08
17,octanol_gsolv_eV,19,0.10081017017364502,0.02222214825451374,0.6659734390147771,0.9502860211136348,5.165555477142334,0.027104517444968224,0.005247164136539846,0.1
17,octanol_gsolv_eV,20,0.3602846562862396,0.02062654308974743,0.6721854253790569,0.9283646719740841,4.984763145446777,0.5021480321884155,0.10073658818615919,0.3
17,octanol_gsolv_eV,21,0.2603435516357422,0.023889439180493355,0.6674472996609824,0.9535968626993132,5.60247278213501,0.047345638275146484,0.00845084663795615,0.22
17,octanol_gsolv_eV,22,0.14119915664196014,0.011271689087152481,0.6536458806701335,0.9471497979471,2.338960647583008,0.12090679258108139,0.05169252963106576,0.04
17,octanol_gsolv_eV,23,0.11662620306015015,0.024434873834252357,0.6679040439688826,0.964448589517862,5.373952865600586,0.059963859617710114,0.01115824070611915,0.12
17,octanol_gsolv_eV,24,0.21322350203990936,0.026963364332914352,0.6600839655593558,0.9741983491046105,6.067454814910889,0.008896426297724247,0.0014662534075838695,0.24
17,octanol_gsolv_eV,25,0.3303973376750946,0.01474596094340086,0.6693014162924575,0.945172897984504,3.2228784561157227,0.18198665976524353,0.05646711852254505,0.24
17,octanol_gsolv_eV,26,0.34545376896858215,0.021566729992628098,0.6674133411070011,0.9127503077798105,4.773211479187012,0.7264703512191772,0.1521973946444359,0.24
17,octanol_gsolv_eV,27,0.08311054855585098,0.022264767438173294,0.672212459593863,0.9702879924459877,5.245020866394043,0.007555666845291853,0.001440540855366774,0.06
17,octanol_gsolv_eV,28,0.3529399335384369,0.024394378066062927,0.6541188189997358,0.9241791788071472,5.461606502532959,0.3559654653072357,0.0651759633620891,0.3
17,octanol_gsolv_eV,29,0.07565788924694061,0.02071242220699787,0.6708180547548621,0.9547925147691989,4.844130516052246,0.011804833076894283,0.0024369353876358196,0.06
17,octanol_gsolv_eV,30,0.2538672089576721,0.01327348779886961,0.6618845750940234,0.9224367536385993,2.8973517417907715,0.3264850378036499,0.11268394965461069,0.2
17,octanol_gsolv_eV,31,0.37586766481399536,0.02094193361699581,0.6689149251243283,0.9046485583301482,4.610459804534912,0.9602665901184082,0.20828000477823855,0.24
17,octanol_gsolv_eV,32,0.17409585416316986,0.019887981936335564,0.6698521298361575,0.9453222404167259,4.387427806854248,0.3303791284561157,0.07530132528676181,0.12
17,octanol_gsolv_eV,33,0.29188862442970276,0.015873296186327934,0.6679522277222016,0.9222338898838776,3.7642393112182617,0.3397093117237091,0.09024647043860909,0.2
17,octanol_gsolv_eV,34,0.1895011067390442,0.017530597746372223,0.6691665919885588,0.9576787268962248,3.854029893875122,0.258649617433548,0.06711147151312903,0.1
17,octanol_gsolv_eV,35,0.13139955699443817,0.02573036029934883,0.670848772100991,0.9473558508558377,6.0479278564453125,0.01278148777782917,0.002113366442393631,0.06
17,octanol_gsolv_eV,36,0.20095427334308624,0.02304816246032715,0.6678755526474791,0.8932402420761119,5.2616682052612305,0.5319510698318481,0.10109931852030148,0.16
17,octanol_gsolv_eV,37,0.09383288025856018,0.015073166228830814,0.6680191101530761,0.9697089223838331,3.269770622253418,0.07376964390277863,0.02256110670293411,0.08
17,octanol_gsolv_eV,38,0.13859793543815613,0.024104325100779533,0.6710472126537341,0.9690629452453188,5.692345142364502,0.021147122606635094,0.0037150106112242773,0.14
17,octanol_gsolv_eV,39,0.3407796621322632,0.02391866035759449,0.6618108614002758,0.9130671728668942,5.583659648895264,1.0020321607589722,0.17945795835840853,0.3
17,octanol_gsolv_eV,40,0.21670669317245483,0.023951778188347816,0.6698014785233397,0.9818233552411246,5.606155872344971,0.03427267074584961,0.0061133995426199,0.2
17,octanol_gsolv_eV,41,0.27554795145988464,0.025069450959563255,0.6698331406919171,0.9752548246608326,5.942946910858154,0.01193392276763916,0.0020080816717098883,0.22
17,octanol_gsolv_eV,42,0.20318691432476044,0.024306923151016235,0.6664490117253523,0.977711108396544,5.597325325012207,0.013713407330214977,0.002449992904456571,0.22
17,octanol_gsolv_eV,43,0.3947196304798126,0.02470296621322632,0.6690998530245778,0.9032492303127173,5.546226978302002,0.6555295586585999,0.11819378493220137,0.32
17,octanol_gsolv_eV,44,0.13992291688919067,0.021163146942853928,0.6682138661220758,0.9655614981709171,4.6249189376831055,0.01852770708501339,0.004006060935263659,0.16
17,octanol_gsolv_eV,45,0.2882164716720581,0.023773150518536568,0.6646431605896719,0.9621015435035711,5.522338390350342,0.04026217758655548,0.007290784218676106,0.22
17,octanol_gsolv_eV,46,0.21446752548217773,0.023693570867180824,0.6688988604140353,0.9750093687568326,5.225709438323975,0.039415422827005386,0.007542597477376578,0.2
17,octanol_gsolv_eV,47,0.2970643639564514,0.0044951974414289,0.6707856360625488,0.9557375416531426,0.8925869464874268,0.0954897552728653,0.10698090045865397,0.14
17,octanol_gsolv_eV,48,0.3420511782169342,0.021017342805862427,0.6711903303349416,0.9175877109967774,4.9691290855407715,0.35528963804244995,0.07149937784395173,0.3
17,octanol_gsolv_eV,49,0.20506905019283295,0.014957926236093044,0.6691131533922872,0.9730064789620763,3.247143268585205,0.1128607764840126,0.03475694391925816,0.14
17,octanol_gsolv_eV,50,0.623418927192688,0.011459162458777428,0.6818917297116935,0.8952961122198688,2.4985387325286865,1.2660069465637207,0.5066989477014983,0.48
17,octanol_gsolv_eV,51,0.6577526926994324,0.01976066455245018,0.6826114651241744,0.9302141734536131,4.470248222351074,2.105525255203247,0.47100857725879725,0.58
17,octanol_gsolv_eV,52,0.2539377212524414,0.01568232849240303,0.6709133212141747,0.9354717215424544,3.482027053833008,0.17451228201389313,0.05011801439675501,0.12
17,octanol_gsolv_eV,53,0.26389992237091064,0.026366708800196648,0.6684578408754802,0.961338430982962,5.867232799530029,0.08985678106546402,0.015315018874427759,0.24
17,octanol_gsolv_eV,54,0.1815015971660614,0.023698795586824417,0.6699448120921689,0.9639876800141611,5.603927135467529,0.016949590295553207,0.0030245914848318458,0.12
17,octanol_gsolv_eV,55,0.234903484582901,0.023265415802598,0.6469588697903323,0.9670640725364901,5.18295431137085,0.10037430375814438,0.019366233566430222,0.24
17,octanol_gsolv_eV,56,0.28594616055488586,0.007483659312129021,0.6702355922423755,0.9677805716861176,1.5683586597442627,0.13092483580112457,0.08347888729895063,0.2
17,octanol_gsolv_eV,57,0.28981706500053406,0.02340719662606716,0.6730009496095772,0.974414711745138,5.5225114822387695,0.01270745787769556,0.002301028783473726,0.22
17,octanol_gsolv_eV,58,0.18949465453624725,0.020796475932002068,0.6712705520200959,0.9593265035447536,4.698515892028809,0.01768808253109455,0.0037646105573683345,0.14
17,octanol_gsolv_eV,59,0.08185306936502457,0.026033833622932434,0.6670793732748699,0.9556726892152014,6.017444133758545,0.007348846178501844,0.0012212570678095678,0.1
17,octanol_gsolv_eV,60,0.3486625552177429,0.026729756966233253,0.6662853464857108,0.9004805978650856,6.321144104003906,0.5010645985603333,0.079268023369844,0.3
17,octanol_gsolv_eV,61,0.14600719511508942,0.024672335013747215,0.6549746907267704,0.931000813301861,5.619028568267822,0.060455482453107834,0.010759063015717047,0.08
17,octanol_gsolv_eV,62,0.3173055350780487,0.02367537096142769,0.6681313388293721,0.9051072760370933,5.319094657897949,0.696382999420166,0.1309213398536076,0.26
17,octanol_gsolv_eV,63,0.1056673601269722,0.015281780622899532,0.6684154817169468,0.9758777557563407,3.3067398071289062,0.12019727379083633,0.03634917798240625,0.12
17,octanol_gsolv_eV,64,0.27548980712890625,0.018591484054923058,0.6693418561587698,0.9645211704794316,4.095945358276367,0.11914989352226257,0.02908971753773653,0.12
17,octanol_gsolv_eV,65,0.1283734142780304,0.022961916401982307,0.6691133623306373,0.9644725617774097,5.424289703369141,0.011382602155208588,0.002098450263107926,0.1
17,octanol_gsolv_eV,66,0.1111166849732399,0.019367054104804993,0.671917988766338,0.9456510904814319,4.5503997802734375,0.021678267046809196,0.00476403570973857,0.08
17,octanol_gsolv_eV,67,0.17069180309772491,0.02239879034459591,0.6528150733047953,0.9179337655417006,4.959062576293945,0.4384995102882385,0.0884238711534756,0.14
17,octanol_gsolv_eV,68,0.4952417314052582,0.01832214556634426,0.6761128313464344,0.9044508157462996,4.0597662925720215,1.0311154127120972,0.2539839336561527,0.26
17,octanol_gsolv_eV,69,0.3231253921985626,0.02917306311428547,0.664376235946518,0.9717019082860237,6.4278669357299805,0.015583818778395653,0.002424415274026807,0.3
17,octanol_gsolv_eV,70,0.18908102810382843,0.017467187717556953,0.6701709445403161,0.9670744405524669,3.821924924850464,0.035020630806684494,0.009163087055681689,0.18
17,octanol_gsolv_eV,71,0.12588217854499817,0.024833232164382935,0.6644389385786709,0.9647196539713074,5.674442768096924,0.010997978039085865,0.0019381600076961091,0.08
17,octanol_gsolv_eV,72,0.3636775612831116,0.02532973326742649,0.6652995856978523,0.9175501740914846,5.899835586547852,0.4836854934692383,0.0819828767045787,0.28
17,octanol_gsolv_eV,73,0.16481485962867737,0.02224661596119404,0.6638340668567886,0.9428519966772899,4.997309684753418,0.12746867537498474,0.025507459696541585,0.12
17,octanol_gsolv_eV,74,0.2225213497877121,0.011526458896696568,0.6678298414004891,0.9605161626521612,2.4871699810028076,0.08798207342624664,0.03537437091081847,0.12
17,octanol_gsolv_eV,75,0.22791461646556854,0.018024610355496407,0.6698593711526588,0.963726684277546,3.9899210929870605,0.11689469963312149,0.029297496594251717,0.14
17,octanol_gsolv_eV,76,0.2470458745956421,0.0091098602861166,0.6721550469693804,0.9735410487399092,1.9958207607269287,0.09300919622182846,0.046601978520331724,0.18
17,octanol_gsolv_eV,77,0.4945821166038513,0.014820164069533348,0.6744155903795728,0.9232671814188544,3.265021562576294,0.8686211705207825,0.2660384177785917,0.28
17,octanol_gsolv_eV,78,0.294745534658432,0.019441600888967514,0.6670772227309378,0.940705145568536,4.4388837814331055,0.12485205382108688,0.028126903061376853,0.16
17,octanol_gsolv_eV,79,0.6238304376602173,0.0258043073117733,0.6891892428934723,0.9316060969628401,5.899230480194092,2.8201406002044678,0.4780522832041785,0.54
17,octanol_gsolv_eV,80,0.2283630073070526,0.016434581950306892,0.6709764853533455,0.9496343600639499,3.624182939529419,0.18169063329696655,0.0501328537572549,0.18
17,octanol_gsolv_eV,81,0.29235580563545227,0.026381028816103935,0.6667222492865201,0.9207347852054575,6.316580772399902,0.432491660118103,0.06846926774179181,0.2
17,octanol_gsolv_eV,82,0.2481282502412796,0.01269577257335186,0.6626889227870054,0.9248538150881382,2.798886775970459,0.23817655444145203,0.08509688797928204,0.16
17,octanol_gsolv_eV,83,0.29308393597602844,0.02429026924073696,0.6611274426423825,0.9283483880592782,5.641820430755615,0.6382915377616882,0.11313574148551926,0.32
17,octanol_gsolv_eV,84,0.34602221846580505,0.024478306993842125,0.6667691916871075,0.9317416777145879,5.742171764373779,0.4040972590446472,0.07037359306313203,0.28
17,octanol_gsolv_eV,85,0.43891534209251404,0.026574119925498962,0.6673612723169029,0.9085183555848662,6.023910045623779,0.7075998783111572,0.11746521328372274,0.38
17,octanol_gsolv_eV,86,0.24205294251441956,0.013119104318320751,0.6701497838502191,0.9664221711734957,2.8608016967773438,0.09515556693077087,0.033261853500004,0.2
17,octanol_gsolv_eV,87,0.24722450971603394,0.024017559364438057,0.6640193695416761,0.9686420171057388,5.598791599273682,0.012278685346245766,0.00219309562224796,0.18
17,octanol_gsolv_eV,88,0.25974389910697937,0.008930227719247341,0.655249213711071,0.9146775801347535,1.8237806558609009,0.28177976608276367,0.15450310056597888,0.1
17,octanol_gsolv_eV,89,0.42659690976142883,0.030927808955311775,0.6787797746461062,0.9336696225809018,7.610639572143555,1.333844780921936,0.17526053734091832,0.36
17,octanol_gsolv_eV,90,0.35593700408935547,0.022665174677968025,0.6703402638899632,0.9075062034642083,5.376688003540039,1.2510091066360474,0.2326728100667877,0.32
17,octanol_gsolv_eV,91,0.28406769037246704,0.020117856562137604,0.6685584954850969,0.9261702471963928,4.761216640472412,0.1660768985748291,0.03488118922443126,0.2
17,octanol_gsolv_eV,92,0.39747360348701477,0.015263102948665619,0.6730228033406396,0.9053367190881567,3.6159887313842773,0.7054303884506226,0.19508644546593176,0.3
17,octanol_gsolv_eV,93,0.41263508796691895,0.02283613197505474,0.670688344108378,0.925550376748804,5.106820106506348,0.7805420756340027,0.15284307247078324,0.3
17,octanol_gsolv_eV,94,0.32542434334754944,0.015163314528763294,0.6666266741995612,0.8767198520469297,3.5584099292755127,0.4483233392238617,0.12598979548012326,0.14
17,octanol_gsolv_eV,95,0.09638890624046326,0.025316448882222176,0.6684374443026448,0.9758465611301568,5.93480110168457,0.0073653156869113445,0.0012410383365367929,0.12
17,octanol_gsolv_eV,96,0.2950986325740814,0.023377835750579834,0.669328985733038,0.9361186047003165,5.564586639404297,0.3046163320541382,0.0547419515219819,0.26
17,octanol_gsolv_eV,97,0.05657543987035751,0.011637073941528797,0.659435805497824,0.9667583069495513,2.4843759536743164,0.05604131519794464,0.022557501860803814,0.02
17,octanol_gsolv_eV,98,0.33695855736732483,0.005460073240101337,0.6654582794622828,0.9176799816330878,1.1852705478668213,0.3624287545681,0.30577723813383995,0.1
17,octanol_gsolv_eV,99,0.24153709411621094,0.023078445345163345,0.67308907700244,0.9665463686528575,5.411823749542236,0.012428811751306057,0.0022966032018979475,0.22
17,octanol_gsolv_eV,100,0.1883968561887741,0.024683913215994835,0.6678094840125617,0.9512219788767793,5.44717264175415,0.21662631630897522,0.03976857914296161,0.1
17,octanol_gsolv_eV,101,0.1647050529718399,0.022752847522497177,0.6688942766399393,0.9382301779682412,5.044830322265625,0.15828515589237213,0.03137571450000454,0.1
17,octanol_gsolv_eV,102,0.093686044216156,0.025093592703342438,0.6716130068195627,0.9483526435196907,5.94647216796875,0.048639532178640366,0.008179561058175288,0.08
17,octanol_gsolv_eV,103,0.16670289635658264,0.01332877017557621,0.6706200066116514,0.9617288447870393,2.8895366191864014,0.07836444675922394,0.02712007393811427,0.1
17,octanol_gsolv_eV,104,0.2682786285877228,0.015882059931755066,0.6696886312110706,0.9210416247081177,3.516681671142578,0.5604805946350098,0.15937768812976136,0.14
17,octanol_gsolv_eV,105,0.4856210947036743,0.030304599553346634,0.661520831399586,0.9327569431152782,6.9009575843811035,1.1029478311538696,0.1598253311468201,0.38
17,octanol_gsolv_eV,106,0.2673037648200989,0.019425716251134872,0.6711167954274704,0.9481916358228824,4.5506672859191895,0.056920696049928665,0.012508208680967378,0.18
17,octanol_gsolv_eV,107,0.20691485702991486,0.022255385294556618,0.6727897127163727,0.9674047165616688,5.2985405921936035,0.014767427928745747,0.0027870746051285814,0.18
17,octanol_gsolv_eV,108,0.09381674230098724,0.023575851693749428,0.6661320278988065,0.9551274877946152,5.455411434173584,0.012572835199534893,0.0023046538929725096,0.1
17,octanol_gsolv_eV,109,0.4835220277309418,0.022116128355264664,0.6698362801750615,0.8999626456856704,5.002981185913086,0.9369163513183594,0.18727161196536946,0.3
17,octanol_gsolv_eV,110,0.09191359579563141,0.019308356568217278,0.6688339308501554,0.9295861248671538,4.494223594665527,0.1421130895614624,0.03162127708335323,0.08
17,octanol_gsolv_eV,111,0.1250002086162567,0.03014080785214901,0.6668345208900128,0.9707756618368362,6.622502326965332,0.008062749169766903,0.001217477740541851,0.12
17,octanol_gsolv_eV,112,0.2722594141960144,0.016912974417209625,0.6677785503265496,0.9195517212102391,3.6795637607574463,0.5173265933990479,0.1405945451785173,0.2
17,octanol_gsolv_eV,113,0.5339005589485168,0.012175400741398335,0.6781894692179935,0.9128009405949276,2.6666643619537354,1.0162618160247803,0.38109851038029197,0.4
17,octanol_gsolv_eV,114,0.42541205883026123,0.02344275824725628,0.6643749361825362,0.8983483195421103,5.630709648132324,0.5470073819160461,0.09714714771298597,0.32
17,octanol_gsolv_eV,115,0.2486007809638977,0.021166060119867325,0.669076351395901,0.9404558659180282,5.0112128257751465,0.07760841399431229,0.015486952299278494,0.16
17,octanol_gsolv_eV,116,0.14182305335998535,0.0225855503231287,0.6717542391429132,0.9516052199965097,5.308194637298584,0.016582436859607697,0.003123931579880186,0.1
17,octanol_gsolv_eV,117,0.17014001309871674,0.010018439963459969,0.6723706961108917,0.9402523211150808,2.230252504348755,0.17780332267284393,0.07972340455896648,0.1
17,octanol_gsolv_eV,118,0.3963998556137085,0.00939626432955265,0.6598791920794476,0.9115610350102763,1.9598907232284546,0.563003420829773,0.2872626591662001,0.2
17,octanol_gsolv_eV,119,0.380037397146225,0.013941849581897259,0.6667642553532687,0.9225107665525527,3.001594305038452,0.7021616697311401,0.23392957154552738,0.22
17,octanol_gsolv_eV,120,0.3173617124557495,0.01801510527729988,0.6683625001221454,0.919064977179544,4.013430118560791,0.6121947765350342,0.15253654815212433,0.18
17,octanol_gsolv_eV,121,0.13276395201683044,0.024679269641637802,0.6709563692630127,0.9703147870595317,5.714416027069092,0.006434002425521612,0.0011259247480484185,0.06
17,octanol_gsolv_eV,122,0.356861412525177,0.015214893966913223,0.67155204682916,0.9199285016912331,3.371549367904663,0.5450449585914612,0.16166008535422796,0.14
17,octanol_gsolv_eV,123,0.4066457748413086,0.027609936892986298,0.6572610443425819,0.9310644927206657,6.449816703796387,0.6232431530952454,0.09662959146240575,0.42
17,octanol_gsolv_eV,124,0.3764868974685669,0.021954931318759918,0.6664392892939806,0.9055303633456395,5.199555397033691,0.5634321570396423,0.10836160287109861,0.24
17,octanol_gsolv_eV,125,0.5181429982185364,0.023262208327651024,0.6652319145399179,0.929610580232971,5.560850143432617,0.7165282964706421,0.12885229380203034,0.46
17,octanol_gsolv_eV,126,0.7292681336402893,0.02561558596789837,0.6580229034026717,0.9243171607776619,6.191337585449219,2.773197889328003,0.44791579380932606,0.4
17,octanol_gsolv_eV,127,0.5452808737754822,0.030641937628388405,0.677055948304472,0.9334482623192344,7.663193225860596,1.4882957935333252,0.19421352818180906,0.56
17,octanol_gsolv_eV,128,0.19897304475307465,0.01332034170627594,0.6694432613029144,0.9755997660896654,2.9131600856781006,0.02667948231101036,0.009158261656190493,0.2
17,octanol_gsolv_eV,129,0.13947896659374237,0.013236191123723984,0.6593371656474809,0.9529817692700562,2.8880538940429688,0.07598043978214264,0.026308525591874635,0.04
17,octanol_gsolv_eV,130,0.2741619646549225,0.0205469261854887,0.6670885210202568,0.9514040162858102,4.850374221801758,0.3440653383731842,0.07093583353355672,0.24
17,octanol_gsolv_eV,131,0.12859554588794708,0.01921115629374981,0.6684264533273843,0.9652927231595756,4.207399368286133,0.01949670910835266,0.004633909786485177,0.1
17,octanol_gsolv_eV,132,0.29919537901878357,0.02597014047205448,0.6710897665987252,0.9701425160383208,5.911564350128174,0.06580320745706558,0.011131268063696007,0.22
17,octanol_gsolv_eV,133,0.4478624761104584,0.027372771874070168,0.6687349457433822,0.9194849058741212,6.274245738983154,0.8833409547805786,0.14078838979675326,0.42
17,octanol_gsolv_eV,134,0.36948254704475403,0.02333650551736355,0.6704818815472036,0.932068149393736,5.609888553619385,0.21110251545906067,0.03763042945351591,0.3
17,octanol_gsolv_eV,135,0.32797762751579285,0.02272411435842514,0.6678763742404861,0.8914761055281626,5.524598598480225,0.5538158416748047,0.10024544440697561,0.28
17,octanol_gsolv_eV,136,0.6374312043190002,0.01978589966893196,0.6803604851079568,0.9155542367270992,4.419382572174072,1.7622687816619873,0.3987590467405623,0.4
17,octanol_gsolv_eV,137,0.562415599822998,0.010456852614879608,0.6771928892326204,0.9287132477805846,2.2209064960479736,0.9900931119918823,0.4458058516888121,0.38
17,octanol_gsolv_eV,138,0.08870118111371994,0.019405707716941833,0.6711777850167977,0.9166189921579562,4.479393482208252,0.14484219253063202,0.032335224200761147,0.08
17,octanol_gsolv_eV,139,0.059507425874471664,0.030632667243480682,0.6435798549595879,0.9552367980152994,6.705938339233398,0.008251763880252838,0.0012305159192973064,0.02
17,octanol_gsolv_eV,140,0.29431548714637756,0.01074348296970129,0.6755632971743559,0.9679973633206218,2.404366970062256,0.07368255406618118,0.03064530289412241,0.24
17,octanol_gsolv_eV,141,0.16574694216251373,0.01761137880384922,0.6738827977006694,0.9580437719351107,4.083667278289795,0.033523764461278915,0.00820923012986464,0.14
17,octanol_gsolv_eV,142,0.35985201597213745,0.023645905777812004,0.6714133321972271,0.9587250944441383,5.625048637390137,0.06003803759813309,0.01067333661775928,0.34
17,octanol_gsolv_eV,143,0.16744644939899445,0.010463397949934006,0.6660820907525882,0.9609102286148044,2.218461036682129,0.07358261197805405,0.03316831387226085,0.1
17,octanol_gsolv_eV,144,0.23804382979869843,0.02330034412443638,0.6677839853723986,0.9714501485692049,5.480112075805664,0.00837597344070673,0.0015284310475484806,0.2
17,octanol_gsolv_eV,145,0.16133233904838562,0.015220502391457558,0.6683182831145311,0.9537383170896108,3.3000004291534424,0.11407961696386337,0.034569576402488075,0.04
17,octanol_gsolv_eV,146,0.4213358759880066,0.011690733022987843,0.6800261470267448,0.9144118893490043,2.6715829372406006,0.9016808867454529,0.3375081020979916,0.2
17,octanol_gsolv_eV,147,0.0879589095711708,0.017959263175725937,0.6678654770933938,0.9689866052474192,3.9084575176239014,0.03959645330905914,0.010130966789459009,0.1
17,octanol_gsolv_eV,148,0.25591227412223816,0.022327465936541557,0.6466518292827894,0.920244988485857,4.728160858154297,0.38969171047210693,0.08241930047706297,0.26
17,octanol_gsolv_eV,149,0.07843349874019623,0.014988589100539684,0.666693564212036,0.951894482420429,3.218498706817627,0.010157754644751549,0.003156053666647357,0.02
17,octanol_gsolv_eV,150,0.11176590621471405,0.025013787671923637,0.6691587111089379,0.9604971549624992,5.826725959777832,0.00843190960586071,0.0014471093482114287,0.12
17,octanol_gsolv_eV,151,0.33126208186149597,0.053349316120147705,0.6571917130214666,0.9388399574940913,11.180746078491211,1.8257522583007812,0.16329431376793757,0.22
17,octanol_gsolv_eV,152,0.14219217002391815,0.010057597421109676,0.6729920498500583,0.9268091891470265,2.28426456451416,0.09071682393550873,0.039713799068980996,0.06
17,octanol_gsolv_eV,153,0.16956691443920135,0.007313549518585205,0.6571153917474151,0.9494519294376458,1.4436804056167603,0.06283289194107056,0.04352271575939792,0.08
17,octanol_gsolv_eV,154,0.15392126142978668,0.02090311236679554,0.6698998735130013,0.9701250268339874,4.933350563049316,0.004633072763681412,0.0009391330910847937,0.18
17,octanol_gsolv_eV,155,0.19083625078201294,0.016759414225816727,0.6676917796065125,0.9219971378396985,3.660430431365967,0.370092511177063,0.10110628192951482,0.02
17,octanol_gsolv_eV,156,0.6875119209289551,0.012594207189977169,0.685734803842105,0.9376276790085782,2.8170621395111084,1.4810761213302612,0.5257520239107317,0.64
17,octanol_gsolv_eV,157,0.19981184601783752,0.023654280230402946,0.6691127405795632,0.9752846481034358,5.2117414474487305,0.0328654870390892,0.006306047099703618,0.18
17,octanol_gsolv_eV,158,0.1322861909866333,0.00990828312933445,0.6692331470339135,0.9683881047031953,2.114895820617676,0.11630446463823318,0.054992999420777774,0.1
17,octanol_gsolv_eV,159,0.1409873217344284,0.029615340754389763,0.6685184173808754,0.9776328341682488,6.506988525390625,0.019110508263111115,0.0029369205414364673,0.1
17,octanol_gsolv_eV,160,0.1645769476890564,0.007070091087371111,0.6693449322935512,0.9707791230248728,1.470943808555603,0.07850516587495804,0.05337060832530808,0.16
17,octanol_gsolv_eV,161,0.20942267775535583,0.014382677152752876,0.6684354785171773,0.9521871213360877,3.118312358856201,0.08952850103378296,0.028710562230726003,0.2
17,octanol_gsolv_eV,162,0.15655066072940826,0.024395929649472237,0.6667421511627913,0.9426863762595481,5.707381725311279,0.08906833082437515,0.015605812807188289,0.12
17,octanol_gsolv_eV,163,0.10559502989053726,0.01721486821770668,0.6734068402664033,0.9715381536239407,3.9884490966796875,0.018750952556729317,0.00470131424576514,0.1
17,octanol_gsolv_eV,164,0.37558794021606445,0.026846066117286682,0.6644660442176171,0.9435605051093612,5.895873546600342,0.2887784540653229,0.048979757076343215,0.32
17,octanol_gsolv_eV,165,0.2174552083015442,0.016059555113315582,0.66598040101816,0.9099782338538209,3.627298593521118,0.6072957515716553,0.16742370001090442,0.08
17,octanol_gsolv_eV,166,0.41176584362983704,0.010470104403793812,0.6754619499922829,0.9487124621724958,2.265599489212036,0.5293174386024475,0.23363239668920538,0.28
17,octanol_gsolv_eV,167,0.22679045796394348,0.014894855208694935,0.6677988515134525,0.9402290757509768,3.4176628589630127,0.17497527599334717,0.05119734836760293,0.16
17,octanol_gsolv_eV,168,0.6471838355064392,0.01579553447663784,0.6774223704651887,0.9317854706360822,3.5813498497009277,1.3304004669189453,0.3714801744459689,0.58
17,octanol_gsolv_eV,169,0.47189292311668396,0.0233477633446455,0.676830042925316,0.9265219445794839,5.562417507171631,1.4546124935150146,0.26150724781798224,0.42
17,octanol_gsolv_eV,170,0.09359163790941238,0.015964675694704056,0.6713129665259223,0.9644886321958515,3.572883367538452,0.03243812918663025,0.009078977914965801,0.12
17,octanol_gsolv_eV,171,0.11546023190021515,0.023678885772824287,0.6607074822680965,0.9524969549847735,5.396300315856934,0.05604814738035202,0.010386402553552389,0.12
17,octanol_gsolv_eV,172,0.09510736167430878,0.017148127779364586,0.6628687497644716,0.9618611501688767,3.6530823707580566,0.03234326094388962,0.008853690571772686,0.04
17,octanol_gsolv_eV,173,0.1329435259103775,0.016552766785025597,0.6681152163929831,0.9662943625402771,3.587085008621216,0.11204539984464645,0.03123578046668982,0.08
17,octanol_gsolv_eV,174,0.23354826867580414,0.019439751282334328,0.670322135041429,0.9748329325472374,4.33701229095459,0.05952192470431328,0.013724177085791085,0.2
17,octanol_gsolv_eV,175,0.09054683148860931,0.02310585230588913,0.6718982179356903,0.960609658264781,5.409058094024658,0.012817798182368279,0.0023696913509817902,0.1
17,octanol_gsolv_eV,176,0.3881411552429199,0.012768762186169624,0.6738696338638355,0.9603051943285517,2.8009867668151855,0.3533397614955902,0.12614831518727565,0.28
17,octanol_gsolv_eV,177,0.3848835527896881,0.023786036297678947,0.6760365460936952,0.913438688676159,5.727712631225586,0.8854473829269409,0.15459005015366448,0.26
17,octanol_gsolv_eV,178,0.4498383700847626,0.020716961473226547,0.6722597026511885,0.9369532876337072,4.683464527130127,0.5006999969482422,0.10690803657160497,0.38
17,octanol_gsolv_eV,179,0.1345929056406021,0.023039937019348145,0.6709576489534403,0.9570533817298386,5.4264092445373535,0.04183092340826988,0.007708766796455714,0.1
17,octanol_gsolv_eV,180,0.12687057256698608,0.028400968760252,0.6623949524458719,0.9590214052940897,6.3767170906066895,0.043538253754377365,0.0068276909788756324,0.1
17,octanol_gsolv_eV,181,0.2638545632362366,0.02524617873132229,0.6717112769915048,0.9703617514428677,5.835381507873535,0.023279909044504166,0.003989440795446392,0.26
17,octanol_gsolv_eV,182,0.2416798174381256,0.009264745749533176,0.6595767865710944,0.9472756014656605,1.9362783432006836,0.13959601521492004,0.07209501449268224,0.14
17,octanol_gsolv_eV,183,0.21154449880123138,0.023830899968743324,0.6697112778951526,0.9686354774366588,5.293405532836914,0.011940804310142994,0.0022557886857656863,0.2
17,octanol_gsolv_eV,184,0.08462772518396378,0.016036659479141235,0.6726363566719775,0.9487966560684402,3.741386651992798,0.03152132034301758,0.008425036831258321,0.08
17,octanol_gsolv_eV,185,0.42834895849227905,0.02391159161925316,0.6667410771646947,0.9254776601610193,5.592395782470703,0.6347800493240356,0.11350771190296402,0.26
17,octanol_gsolv_eV,186,0.18216590583324432,0.025311436504125595,0.6662823386581425,0.9661767029428083,5.908728122711182,0.014824587851762772,0.0025089304405091846,0.16
17,octanol_gsolv_eV,187,0.09818773716688156,0.014827370643615723,0.6720593120757874,0.9476763929687766,3.370326280593872,0.029548488557338715,0.00876724865704459,0.04
17,octanol_gsolv_eV,188,0.33274510502815247,0.02114797756075859,0.6645734126782508,0.9402121617773682,4.979609489440918,0.2405087798833847,0.048298723101354614,0.28
17,octanol_gsolv_eV,189,0.4584464728832245,0.0249449722468853,0.6690357605400503,0.922656347316023,5.969069957733154,0.7355689406394958,0.12323007534641786,0.4
17,octanol_gsolv_eV,190,0.17108553647994995,0.01858973130583763,0.6675180059272188,0.9695481768102159,4.045785903930664,0.031845398247241974,0.007871251470895365,0.16
17,octanol_gsolv_eV,191,0.19611726701259613,0.02148623950779438,0.6674512253004765,0.9462055493108104,5.015414237976074,0.06668949872255325,0.013296907405491836,0.14
17,octanol_gsolv_eV,192,0.17921605706214905,0.02549896016716957,0.6680796199421202,0.9762751047774696,5.618839263916016,0.07266640663146973,0.012932636656494302,0.16
17,octanol_gsolv_eV,193,0.09561929106712341,0.02403339557349682,0.6683132242683534,0.9517586170389916,5.567174434661865,0.020154548808932304,0.003620247406556507,0.02
17,octanol_gsolv_eV,194,0.11397920548915863,0.012680264189839363,0.6708650457478431,0.9473704272259487,2.798645257949829,0.10759535431861877,0.03844551359733196,0.06
17,octanol_gsolv_eV,195,0.4027247726917267,0.023305285722017288,0.6653634951336949,0.9254101389397598,5.365899085998535,0.8663194179534912,0.16144907015005458,0.38
17,octanol_gsolv_eV,196,0.22499023377895355,0.016145871952176094,0.6712395662181267,0.901946309857188,3.796739339828491,0.45096173882484436,0.11877605978745318,0.14
17,octanol_gsolv_eV,197,0.11048834025859833,0.026877397671341896,0.6698037441790234,0.9368032607919521,6.230091094970703,0.10538919270038605,0.01691615597490419,0.12
17,octanol_gsolv_eV,198,0.1813310831785202,0.023336850106716156,0.670199981947712,0.9617262742450281,5.521538257598877,0.02386082336306572,0.0043214086817614395,0.16
17,octanol_gsolv_eV,199,0.05498955026268959,0.020833073183894157,0.6712872346145502,0.9619159764218617,4.815835952758789,0.020614923909306526,0.004280653267995374,0.08
17,octanol_gsolv_eV,200,0.11539237201213837,0.029655395075678825,0.6645304199917468,0.9653617120514455,6.92091703414917,0.007733205799013376,0.0011173672160576717,0.1
17,octanol_gsolv_eV,201,0.07555191218852997,0.019062623381614685,0.6685306393950001,0.9518336894671768,4.40913200378418,0.03224356099963188,0.007312904438324491,0.02
17,octanol_gsolv_eV,202,0.14011302590370178,0.01753927208483219,0.6679195348662081,0.935353101709538,4.073077201843262,0.16629943251609802,0.0408289419215623,0.02
17,octanol_gsolv_eV,203,0.20068883895874023,0.024389296770095825,0.6725495545379638,0.9474123772574745,5.754189491271973,0.04267514869570732,0.007416361376426259,0.12
17,octanol_gsolv_eV,204,0.14536507427692413,0.015970395877957344,0.6685418498071527,0.9626023807044188,3.480252981185913,0.05898304283618927,0.016947918198777178,0.14
17,octanol_gsolv_eV,205,0.41666361689567566,0.021238254383206367,0.6670807925800273,0.9136641142620339,4.770489692687988,0.6948415040969849,0.14565412543748066,0.3
17,octanol_gsolv_eV,206,0.0836244747042656,0.02412048913538456,0.662505398401638,0.9720192132164376,5.467121124267578,0.006709957029670477,0.001227329133039722,0.06
17,octanol_gsolv_eV,207,0.2069849669933319,0.019220570102334023,0.6668414066136001,0.9108425745427235,4.474322319030762,0.283831387758255,0.06343561494240746,0.16
17,octanol_gsolv_eV,208,0.060219403356313705,0.02097391150891781,0.6713173737407598,0.9496008020940192,4.943014144897461,0.013992334716022015,0.0028307292485630292,0.02
17,octanol_gsolv_eV,209,0.16206471621990204,0.01702314056456089,0.6654941385627351,0.9467440187706588,3.6692562103271484,0.1692279577255249,0.046120507270446684,0.1
17,octanol_gsolv_eV,210,0.21324336528778076,0.017020832747220993,0.6696168463882619,0.9443976185654583,3.730072259902954,0.15352386236190796,0.0411584150827958,0.24
17,octanol_gsolv_eV,211,0.44807058572769165,0.021516261622309685,0.6726909333774371,0.9491194055271432,4.85232400894165,0.43050330877304077,0.08872105572087274,0.36
17,octanol_gsolv_eV,212,0.37216493487358093,0.024482328444719315,0.6724573663397408,0.9598511644317058,5.735073566436768,0.15456731617450714,0.026951235129585385,0.28
17,octanol_gsolv_eV,213,0.12500987946987152,0.022310955449938774,0.6691434600190935,0.9553293349857961,5.235744476318359,0.009844215586781502,0.0018801940452418146,0.1
17,octanol_gsolv_eV,214,0.237651526927948,0.01768145151436329,0.671450292297681,0.9606858278485593,3.9582252502441406,0.05995482578873634,0.01514689589356704,0.24
17,octanol_gsolv_eV,215,0.0658724308013916,0.014455961994826794,0.6678921805800164,0.9693185269898468,3.114992618560791,0.050318628549575806,0.016153691103391554,0.04
17,octanol_gsolv_eV,216,0.2689066231250763,0.02211735025048256,0.6711653584621977,0.9494360942810065,5.113180637359619,0.054997093975543976,0.010755945834126401,0.24
17,octanol_gsolv_eV,217,0.18979193270206451,0.016755040735006332,0.6682756582478795,0.9653452518164363,3.658216953277588,0.03935878723859787,0.01075900848453897,0.2
17,octanol_gsolv_eV,218,0.48552295565605164,0.02423987165093422,0.6659803665925035,0.9158074756828352,5.87115478515625,0.7943041920661926,0.13528926099417318,0.48
17,octanol_gsolv_eV,219,0.03451768681406975,0.022186458110809326,0.662006613280409,0.9725098953332776,4.98293399810791,0.006129147484898567,0.0012300278284291726,0.02
17,octanol_gsolv_eV,220,0.2619280219078064,0.023115169256925583,0.6664171895933455,0.9168399019743152,5.456873416900635,0.25083935260772705,0.04596759599202824,0.14
17,octanol_gsolv_eV,221,0.3272157311439514,0.022314932197332382,0.6679168936254263,0.9278590281564034,4.908412456512451,0.4981009364128113,0.1014790303027477,0.26
17,octanol_gsolv_eV,222,0.11288398504257202,0.022836655378341675,0.668605823638716,0.9590381305860691,5.400540351867676,0.01634814217686653,0.0030271308261242474,0.12
17,octanol_gsolv_eV,223,0.28142935037612915,0.025229716673493385,0.6608952726799138,0.921466592927682,5.807435989379883,0.1653704196214676,0.028475633640023267,0.22
17,octanol_gsolv_eV,224,0.1257883459329605,0.02477278746664524,0.6658101940868899,0.9749705417586143,5.691965103149414,0.013414991088211536,0.0023568294684008,0.1
17,octanol_gsolv_eV,225,0.22829878330230713,0.025400185957551003,0.6624743220727478,0.9749738132951469,5.760016441345215,0.01786089688539505,0.00310084130267235,0.18
17,octanol_gsolv_eV,226,0.25198227167129517,0.0245999563485384,0.6689470095368031,0.9106442500818277,5.834465503692627,0.3576718270778656,0.061303272228020796,0.18
17,octanol_gsolv_eV,227,0.06237821280956268,0.02635272406041622,0.6673847449929173,0.9627584704292584,6.139877796173096,0.019380757585167885,0.0031565380010083674,0.08
17,octanol_gsolv_eV,228,0.308538019657135,0.019184917211532593,0.6752320308247406,0.9695703000688016,4.500385761260986,0.10007599741220474,0.022237204257833206,0.2
17,octanol_gsolv_eV,229,0.39611107110977173,0.022898128256201744,0.6711034808866041,0.939053824980892,5.424632549285889,0.4029196798801422,0.07427593965478518,0.34
17,octanol_gsolv_eV,230,0.2818784713745117,0.023387989029288292,0.6681032792372026,0.9190841142224948,5.1821208000183105,0.5305371284484863,0.10237837922392927,0.2
17,octanol_gsolv_eV,231,0.5791568756103516,0.01767832040786743,0.6757371136029775,0.9282389894044605,3.944176197052002,1.1338165998458862,0.287466011455912,0.5
17,octanol_gsolv_eV,232,0.1740099936723709,0.014219208620488644,0.6684638863857437,0.9668999305881039,3.0844662189483643,0.10471925884485245,0.03395052868517264,0.08
17,octanol_gsolv_eV,233,0.6234598755836487,0.016222510486841202,0.6821528553504113,0.9203345337727522,3.6468355655670166,1.2206896543502808,0.33472571833945186,0.52
17,octanol_gsolv_eV,234,0.38234519958496094,0.0218276958912611,0.6721660457622645,0.9131415776267047,5.185678005218506,0.6303918361663818,0.12156401448990842,0.3
17,octanol_gsolv_eV,235,0.09601239860057831,0.025031551718711853,0.6583890935195604,0.9425042580028191,5.613994121551514,0.06334482133388519,0.011283378636025162,0.02
17,octanol_gsolv_eV,236,0.33104419708251953,0.023134494200348854,0.6655336293093248,0.9092390949810836,5.50935173034668,0.6185365319252014,0.11227029280381044,0.26
17,octanol_gsolv_eV,237,0.2634056806564331,0.02649918757379055,0.6581171756891961,0.9570068174788724,6.04654598236084,0.03255263715982437,0.005383674788017469,0.24
17,octanol_gsolv_eV,238,0.2036142349243164,0.013783966191112995,0.6678335950964447,0.9273722105589532,2.9863317012786865,0.21906517446041107,0.0733559417952841,0.12
17,octanol_gsolv_eV,239,0.4838142991065979,0.02227027527987957,0.6681930952434703,0.9109060925255597,5.285508155822754,0.7319053411483765,0.13847397820057786,0.3
17,octanol_gsolv_eV,240,0.3918401300907135,0.02179807610809803,0.6704764312220264,0.9096713725629624,5.22889518737793,0.7211578488349915,0.1379178245101948,0.34
17,octanol_gsolv_eV,241,0.4696212112903595,0.019187776371836662,0.6634553557376657,0.9123506296616086,4.374716281890869,0.932151734828949,0.2130770716920751,0.3
17,octanol_gsolv_eV,242,0.15221254527568817,0.029555723071098328,0.6607571719951224,0.9623763819300961,6.5690131187438965,0.02360597252845764,0.0035935340821745066,0.06
17,octanol_gsolv_eV,243,0.05409305915236473,0.013382256031036377,0.6624944751510422,0.9618759842402924,2.8221347332000732,0.02627127431333065,0.009309007824563054,0.04
17,octanol_gsolv_eV,244,0.5227701663970947,0.01582932099699974,0.6726185909014986,0.898002104366838,3.742624521255493,0.8700927495956421,0.2324819774610365,0.36
17,octanol_gsolv_eV,245,0.06270962208509445,0.020332373678684235,0.6669554626494816,0.9712087100316447,4.543690204620361,0.0064903064630925655,0.0014284218709481426,0.04
17,octanol_gsolv_eV,246,0.2548380494117737,0.01598484441637993,0.6736618745266023,0.962381385627977,3.702167510986328,0.10056786984205246,0.02716459197041013,0.14
17,octanol_gsolv_eV,247,0.4932630956172943,0.017885571345686913,0.6752974950874684,0.9269511750760171,3.9868106842041016,0.7288603782653809,0.18281790533800713,0.34
17,octanol_gsolv_eV,248,0.2671382427215576,0.02171497419476509,0.6676533496811301,0.9366591712913173,5.107580661773682,0.12412040680646896,0.02430121324082356,0.22
17,octanol_gsolv_eV,249,0.23772364854812622,0.024178380146622658,0.674825847105174,0.9647012727073614,5.692119598388672,0.012876915745437145,0.0022622356264408693,0.22
17,octanol_hl_gap_eV,0,0.029639391228556633,0.0010003689676523209,0.6385800648703408,0.96419865228926,0.3064303994178772,0.0018744845874607563,0.0061171626281912505,0.08
17,octanol_hl_gap_eV,1,0.1173223927617073,0.0023209541104733944,0.6117948908867665,0.9390518046708505,0.33738335967063904,0.12783361971378326,0.37889722788514885,0.12
17,octanol_hl_gap_eV,2,0.38362666964530945,0.0012203927617520094,0.6417998421088769,0.9077970010989616,0.3312109708786011,0.06328967213630676,0.19108567559950893,0.16
17,octanol_hl_gap_eV,3,0.06968799233436584,0.001366010750643909,0.6175214769333652,0.9754097957204686,0.2922222912311554,0.00058618129696697,0.0020059431280801416,0.14
17,octanol_hl_gap_eV,4,0.09534278512001038,0.0016507739201188087,0.6248445694827669,0.9805342068167204,0.3727157413959503,0.000834528764244169,0.002239048882450116,0.18
17,octanol_hl_gap_eV,5,0.1400289088487625,0.002637941390275955,0.6196134020292443,0.917322466071191,0.5393939018249512,0.08130364120006561,0.15073148013907467,0.1
17,octanol_hl_gap_eV,6,0.11716079711914062,0.0010876271408051252,0.6541700009262801,0.9668011556891476,0.3532375693321228,0.0004454112204257399,0.0012609395463452336,0.12
17,octanol_hl_gap_eV,7,0.15347237884998322,0.0018716295016929507,0.6433173964893224,0.967643773288591,0.2990729808807373,0.008026286028325558,0.0268372154672382,0.04
17,octanol_hl_gap_eV,8,0.1001187339425087,0.0009593730792403221,0.6594218589752945,0.9698782654358038,0.3274116814136505,0.0010463594226166606,0.003195852445150528,0.16
17,octanol_hl_gap_eV,9,0.1936998963356018,0.002001397544518113,0.6377626181060809,0.91948587286994,0.43348202109336853,0.08959007263183594,0.20667540583543362,0.1
17,octanol_hl_gap_eV,10,0.2278398871421814,0.001290597370825708,0.6389087049130022,0.9030325981564611,0.24198471009731293,0.05000036209821701,0.20662612145250672,0.12
17,octanol_hl_gap_eV,11,0.01085965521633625,0.0011421015951782465,0.6630859519389694,0.9653025565619315,0.3074379861354828,0.0010988358408212662,0.003574170695800185,0.04
17,octanol_hl_gap_eV,12,0.10652373731136322,0.0010818947339430451,0.6753649089033233,0.9693377573231317,0.29877832531929016,0.0013126266421750188,0.0043933128039735725,0.12
17,octanol_hl_gap_eV,13,0.12456490844488144,0.0010420060716569424,0.668169966431897,0.9690537158747459,0.2518045902252197,0.0006161737255752087,0.002447031346903124,0.02
17,octanol_hl_gap_eV,14,0.1124335378408432,0.00134023348800838,0.6396594773129807,0.9679778150397191,0.19565528631210327,0.0006038965657353401,0.0030865333470828024,0.08
17,octanol_hl_gap_eV,15,0.08598177134990692,0.0006312798941507936,0.6633955531856657,0.960500955413397,0.26677483320236206,0.0015977974981069565,0.00598931120648456,0.04
17,octanol_hl_gap_eV,16,0.07455375045537949,0.001003079698421061,0.6228712425492495,0.9658271788868857,0.2901330292224884,0.003252255031839013,0.011209530471434269,0.14
17,octanol_hl_gap_eV,17,0.1498170644044876,0.0021086137276142836,0.6686163671972472,0.9826043588234104,0.433411180973053,0.0037811805959790945,0.008724234080648203,0.18
17,octanol_hl_gap_eV,18,0.0286675076931715,0.0006736375507898629,0.6784015976477815,0.9608039273863,0.27061617374420166,0.0006086381035856903,0.002249082511088202,0.06
17,octanol_hl_gap_eV,19,0.09014205634593964,0.0018357604276388884,0.6634347309445676,0.9729136830256637,0.4681296944618225,0.0014480188256129622,0.0030932001168557633,0.14
17,octanol_hl_gap_eV,20,0.03909241035580635,0.0018667088588699698,0.6593132073076191,0.9698769271671961,0.35211992263793945,0.0004334078112151474,0.0012308528525402144,0.0
17,octanol_hl_gap_eV,21,0.09399217367172241,0.0009358035167679191,0.6435346355682385,0.9653420686888399,0.3133569061756134,0.0010098405182361603,0.003222652822817376,0.14
17,octanol_hl_gap_eV,22,0.06952593475580215,0.0016044130316004157,0.6569631438796479,0.9753676621041216,0.2893524765968323,0.0008161664591170847,0.0028206651925578156,0.02
17,octanol_hl_gap_eV,23,0.43566057085990906,0.0013238543178886175,0.6419670913295088,0.9236238261891527,0.28354278206825256,0.11113276332616806,0.39194354557548533,0.36
17,octanol_hl_gap_eV,24,0.295328289270401,0.0022194604389369488,0.6529096920646391,0.9077237750448366,0.49766111373901367,0.07062622904777527,0.1419163103123494,0.18
17,octanol_hl_gap_eV,25,0.030071347951889038,0.0009130436228588223,0.6652833392258399,0.9681040775203826,0.3048323690891266,0.0007131880265660584,0.002339607269061171,0.12
17,octanol_hl_gap_eV,26,0.08043241500854492,0.0015243388479575515,0.6446437290471629,0.9717955130926044,0.303943008184433,0.0015736912610009313,0.00517758664823773,0.0
17,octanol_hl_gap_eV,27,0.02972947619855404,0.0006542004412040114,0.6543513798611194,0.9447449903303562,0.24670661985874176,0.000506414333358407,0.0020526986006632803,0.02
17,octanol_hl_gap_eV,28,0.24795123934745789,0.0025934118311852217,0.6208850240586234,0.9174228768660835,0.5567713379859924,0.09990944713354111,0.17944430741521877,0.14
17,octanol_hl_gap_eV,29,0.08329618722200394,0.0009903344325721264,0.6519625784063454,0.957381439366318,0.3127383589744568,0.0006408306071534753,0.0020490949983075655,0.12
17,octanol_hl_gap_eV,30,0.030336769297719002,0.0016404388006776571,0.6391293311198307,0.9739042701217673,0.23199541866779327,0.0038920058868825436,0.016776218725490077,0.0
17,octanol_hl_gap_eV,31,0.040015630424022675,0.0018093492835760117,0.6042880875465475,0.9733612290073554,0.33951741456985474,0.001823725993745029,0.0053715241560011425,0.12
17,octanol_hl_gap_eV,32,0.08671244978904724,0.0015857848338782787,0.6356238486383625,0.9741423108653,0.3045334815979004,0.0007277042022906244,0.002389570429078369,0.08
17,octanol_hl_gap_eV,33,0.036617036908864975,0.0012821708805859089,0.6358906137316369,0.975384491234256,0.2784636616706848,0.002288105431944132,0.008216890556621635,0.06
17,octanol_hl_gap_eV,34,0.26112455129623413,0.001585085759870708,0.6021260456818043,0.9142164633417664,0.3183770179748535,0.06102994829416275,0.19169080947602538,0.08
17,octanol_hl_gap_eV,35,0.10234300792217255,0.001293475041165948,0.6469969608123827,0.9762301914049913,0.2888168692588806,0.00508075812831521,0.017591625244580432,0.16
17,octanol_hl_gap_eV,36,0.05915214493870735,0.001333523541688919,0.6538783087340232,0.9675948046108434,0.3843744993209839,0.0009733214392326772,0.0025322216769117006,0.08
17,octanol_hl_gap_eV,37,0.12432437390089035,0.001123730675317347,0.6541690105649334,0.9801993747616606,0.23822008073329926,0.0010637810919433832,0.004465539129483991,0.1
17,octanol_hl_gap_eV,38,0.05525357276201248,0.0013323549646884203,0.6370955201944586,0.9759713187654988,0.2497236728668213,0.0021710772998631,0.008693918661932162,0.08
17,octanol_hl_gap_eV,39,0.24833285808563232,0.0011556913377717137,0.6596782033337849,0.9231007384071206,0.27493709325790405,0.049342717975378036,0.17946911924718803,0.08
17,octanol_hl_gap_eV,40,0.0651722252368927,0.0006093452102504671,0.6863711176296681,0.9759485054255683,0.2918703854084015,0.0005491438205353916,0.0018814646774354944,0.04
17,octanol_hl_gap_eV,41,0.09536826610565186,0.0008595924591645598,0.6591253914370796,0.9591855237976692,0.29515039920806885,0.0010412184055894613,0.0035277553694089544,0.22
17,octanol_hl_gap_eV,42,0.14882045984268188,0.0009760067332535982,0.6549371188311774,0.9820904443895115,0.24436268210411072,0.002208466175943613,0.009037657292543123,0.08
17,octanol_hl_gap_eV,43,0.10627492517232895,0.001581791089847684,0.6404731190727191,0.978560215695484,0.2534111440181732,0.003444893751293421,0.013594089417971186,0.12
17,octanol_hl_gap_eV,44,0.07091709971427917,0.000983780832029879,0.6535129287339136,0.9645431597651084,0.28117409348487854,0.0009950746316462755,0.003538998274390419,0.06
17,octanol_hl_gap_eV,45,0.13889726996421814,0.002623937325552106,0.6391411386659431,0.9523334040430704,0.3762205243110657,0.02174517884850502,0.05779902329444878,0.12
17,octanol_hl_gap_eV,46,0.08179528266191483,0.00048175815027207136,0.665751074553699,0.9443236905339438,0.2653350234031677,0.002823971211910248,0.01064303979056439,0.14
17,octanol_hl_gap_eV,47,0.21671602129936218,0.0011000012746080756,0.6567311667687907,0.9516857429539951,0.33561593294143677,0.02356436476111412,0.07021229461482682,0.12
17,octanol_hl_gap_eV,48,0.1212247833609581,0.002807562705129385,0.6454221964022837,0.9064830656717937,0.5096449255943298,0.06377856433391571,0.12514313619337897,0.02
17,octanol_hl_gap_eV,49,0.1882273256778717,0.0011620476143434644,0.6543910047034858,0.9675280266299651,0.27651259303092957,0.0023237301502376795,0.00840370460081634,0.08
17,octanol_hl_gap_eV,50,0.1737166941165924,0.000974052120000124,0.690022512477332,0.9712632997493287,0.32223430275917053,0.0011547047179192305,0.003583432018354131,0.2
17,octanol_hl_gap_eV,51,0.19200024008750916,0.0020524312276393175,0.6678755286186573,0.9736484625413695,0.456343412399292,0.0040368689224123955,0.008846120734356543,0.22
17,octanol_hl_gap_eV,52,0.15057340264320374,0.0007810213719494641,0.6702571289251282,0.9488856163702661,0.28391632437705994,0.004667118191719055,0.016438358033688857,0.06
17,octanol_hl_gap_eV,53,0.1811266988515854,0.0014701512409374118,0.6515527043667866,0.971133227049257,0.4289407432079315,0.0014573775697499514,0.00339761981771799,0.18
17,octanol_hl_gap_eV,54,0.08781902492046356,0.0006501206080429256,0.6619482151720291,0.9788190456375334,0.3132653832435608,0.0024744239635765553,0.007898810707893361,0.2
17,octanol_hl_gap_eV,55,0.08538168668746948,0.0008806551340967417,0.6748791159956988,0.9637327500402191,0.2823213040828705,0.0009436714462935925,0.003342544231152298,0.12
17,octanol_hl_gap_eV,56,0.07746338844299316,0.0010938935447484255,0.643587356410896,0.9494256208421992,0.2865687608718872,0.0015586598310619593,0.005439043063590488,0.1
17,octanol_hl_gap_eV,57,0.051954418420791626,0.0005533297080546618,0.6641362400396085,0.9673076530645635,0.29000452160835266,0.001216969103552401,0.004196379755747057,0.04
17,octanol_hl_gap_eV,58,0.12302832305431366,0.001096629537642002,0.6772221988675509,0.980281276779208,0.26673880219459534,0.0015424808952957392,0.0057827390788477975,0.16
17,octanol_hl_gap_eV,59,0.019789433106780052,0.0008964143344201148,0.658298214862068,0.9615231939772462,0.29037317633628845,0.0005498821847140789,0.0018937086119733269,0.06
17,octanol_hl_gap_eV,60,0.3532397150993347,0.0009759783861227334,0.6765991826207558,0.903453339673979,0.31501874327659607,0.06204148009419441,0.19694536092958792,0.16
17,octanol_hl_gap_eV,61,0.035666272044181824,0.0013677264796569943,0.6328152368599116,0.9676080587849054,0.2606939673423767,0.001028361963108182,0.003944709475220059,0.06
17,octanol_hl_gap_eV,62,0.1957823485136032,0.001193747390061617,0.6479648161574136,0.9101378628053369,0.2645200192928314,0.035856373608112335,0.13555258956948085,0.04
17,octanol_hl_gap_eV,63,0.41373929381370544,0.0008668379159644246,0.6660618966362837,0.8972160390319102,0.29565298557281494,0.0580497682094574,0.19634426521006873,0.18
17,octanol_hl_gap_eV,64,0.099762462079525,0.0013032234273850918,0.6373055483059642,0.9686513530473113,0.25889483094215393,0.0016484387451782823,0.0063672138187517565,0.12
17,octanol_hl_gap_eV,65,0.05373745784163475,0.0005830873851664364,0.6442740848325228,0.9595100724712122,0.26483067870140076,0.0014582170406356454,0.005506224006168861,0.18
17,octanol_hl_gap_eV,66,0.3240869641304016,0.0014648454962298274,0.6520935902830085,0.9206468178058462,0.36072733998298645,0.06050639972090721,0.16773444375954694,0.2
17,octanol_hl_gap_eV,67,0.22379371523857117,0.0009200332569889724,0.674048567056549,0.9486496586233182,0.26252272725105286,0.010793694294989109,0.04111527564875174,0.12
17,octanol_hl_gap_eV,68,0.17242436110973358,0.00237062806263566,0.6614378557489371,0.9073569804154114,0.5159779191017151,0.10100992023944855,0.19576403659928013,0.04
17,octanol_hl_gap_eV,69,0.4864170253276825,0.001167948474176228,0.6684648608008359,0.911789988660243,0.2152833789587021,0.06508207321166992,0.3023088615872879,0.38
17,octanol_hl_gap_eV,70,0.14233246445655823,0.0011331868590787053,0.6517738727672857,0.9763935367025454,0.2827175259590149,0.002431439468637109,0.00860024315927832,0.26
17,octanol_hl_gap_eV,71,0.08219146728515625,0.0015310733579099178,0.6200485462384131,0.9682736033941857,0.32704004645347595,0.0011167236370965838,0.0034146388162755066,0.14
17,octanol_hl_gap_eV,72,0.05055677518248558,0.0016298104310408235,0.65534210989149,0.969027377510447,0.31694066524505615,0.001741250278428197,0.005493931417989153,0.02
17,octanol_hl_gap_eV,73,0.09643431752920151,0.0019820549059659243,0.6152021161625729,0.9675683380590279,0.48108235001564026,0.0019102012738585472,0.003970632624116111,0.16
17,octanol_hl_gap_eV,74,0.11304900050163269,0.0016096652252599597,0.6146805524219086,0.97730939563366,0.42486175894737244,0.0005671204417012632,0.0013348352252420823,0.12
17,octanol_hl_gap_eV,75,0.042433299124240875,0.0009427061304450035,0.6257538542601659,0.9758881143560052,0.3156939744949341,0.0009796025697141886,0.0031030131990368672,0.12
17,octanol_hl_gap_eV,76,0.05015477165579796,0.0007069622515700758,0.6446357080785172,0.9761623577531324,0.27811282873153687,0.0009924104670062661,0.0035683735681400117,0.04
17,octanol_hl_gap_eV,77,0.1094464510679245,0.0019509511766955256,0.6229441907620992,0.9859468056371492,0.3938714563846588,0.0019451420521363616,0.004938519967886976,0.04
17,octanol_hl_gap_eV,78,0.03968387469649315,0.0008232950349338353,0.6795912001463458,0.9528264826612174,0.2688477039337158,0.001292907982133329,0.004809072062791707,0.06
17,octanol_hl_gap_eV,79,0.051085952669382095,0.0009074060944840312,0.6590721136377911,0.9508034800094098,0.2814904451370239,0.0074580335058271885,0.02649480163419674,0.04
17,octanol_hl_gap_eV,80,0.09890039265155792,0.0011864039115607738,0.6353761187478888,0.9602366746060587,0.2681572735309601,0.0009244422544725239,0.003447388326633596,0.14
17,octanol_hl_gap_eV,81,0.06362255662679672,0.0012523712357506156,0.6522372272681525,0.9733662398188114,0.3946104049682617,0.0005877577932551503,0.0014894634957799031,0.2
17,octanol_hl_gap_eV,82,0.07051783800125122,0.0008884986164048314,0.6606950840012735,0.9725242192306596,0.23747684061527252,0.001987133175134659,0.008367692487344229,0.08
17,octanol_hl_gap_eV,83,0.10298626124858856,0.001443408546037972,0.6295525113597198,0.9235428837250448,0.22967983782291412,0.016947023570537567,0.07378542118095678,0.06
17,octanol_hl_gap_eV,84,0.1694420725107193,0.0009345211437903345,0.6705267727901603,0.920413529762474,0.29444706439971924,0.024636272341012955,0.08366961440501441,0.04
17,octanol_hl_gap_eV,85,0.0694149062037468,0.006848657503724098,0.6496908051519386,0.9614456205078372,1.3841795921325684,0.0101779168471694,0.007353032009010157,0.0
17,octanol_hl_gap_eV,86,0.1950177699327469,0.0008452265756204724,0.6677645389932112,0.9548460712823159,0.2677234709262848,0.001852100365795195,0.006917960384224788,0.06
17,octanol_hl_gap_eV,87,0.0680924504995346,0.0010977642377838492,0.6450534173252067,0.978267130547509,0.23425747454166412,0.0015560452593490481,0.006642457246640794,0.04
17,octanol_hl_gap_eV,88,0.07466723024845123,0.000734737201128155,0.667614867045762,0.9666068522938225,0.282914400100708,0.0002878074301406741,0.0010172950900987166,0.04
17,octanol_hl_gap_eV,89,0.30531567335128784,0.0008831521845422685,0.6596959430135281,0.9126347021749117,0.2856610119342804,0.03432668745517731,0.12016581199773442,0.06
17,octanol_hl_gap_eV,90,0.3174923360347748,0.0013925234088674188,0.6435682468596751,0.8951637073456846,0.2707962393760681,0.0733923390507698,0.27102421813489896,0.2
17,octanol_hl_gap_eV,91,0.04127386957406998,0.0008991413633339107,0.6294285998073308,0.9772130058419659,0.2750060558319092,0.0015731265302747488,0.005720334141428087,0.02
17,octanol_hl_gap_eV,92,0.04414161667227745,0.0009506325586698949,0.6663909737826705,0.9647028122066501,0.2573034465312958,0.001096540130674839,0.004261661262051797,0.0
17,octanol_hl_gap_eV,93,0.030218077823519707,0.0022759854327887297,0.6197394162601018,0.9438624321385323,0.30503860116004944,0.009881977923214436,0.0323958275629172,0.04
17,octanol_hl_gap_eV,94,0.02543983981013298,0.0008041159599088132,0.6625094526180659,0.9689469147860734,0.24553175270557404,0.0003805669548455626,0.0015499704239960936,0.0
17,octanol_hl_gap_eV,95,0.28946372866630554,0.0012786326697096229,0.6543796893111016,0.9167081347210797,0.3129231333732605,0.0499374158680439,0.15958365023936286,0.14
17,octanol_hl_gap_eV,96,0.1133185476064682,0.0017978521063923836,0.6193270375270172,0.9390155225920596,0.2780417501926422,0.031161516904830933,0.11207495594902768,0.0
17,octanol_hl_gap_eV,97,0.07037168741226196,0.0006660848157480359,0.6484613931398999,0.97859987528725,0.23877683281898499,0.0008381331572309136,0.0035101108735548746,0.02
17,octanol_hl_gap_eV,98,0.14638511836528778,0.001498892204836011,0.6618303079237404,0.9368691660087811,0.34356430172920227,0.02367786504328251,0.06891829251208242,0.1
17,octanol_hl_gap_eV,99,0.12644638121128082,0.0008890615426935256,0.6704753677610102,0.9684534391564008,0.26572445034980774,0.0003973103885073215,0.0014951969530251734,0.18
17,octanol_hl_gap_eV,100,0.021797984838485718,0.0012376894010230899,0.6430497211611497,0.9563664810810792,0.3515496551990509,0.0014588910853490233,0.0041498862643542765,0.08
17,octanol_hl_gap_eV,101,0.18009360134601593,0.0012218228075653315,0.6394032007363473,0.9604993783981379,0.25916510820388794,0.012118249200284481,0.04675879899215031,0.1
17,octanol_hl_gap_eV,102,0.11886521428823471,0.0010871847625821829,0.6476994822400393,0.9814709720531438,0.31827688217163086,0.0012361238477751613,0.0038838002915605454,0.08
17,octanol_hl_gap_eV,103,0.6105287075042725,0.001715988153591752,0.6449737691297344,0.9755206637760678,0.3672737777233124,0.00457061268389225,0.012444701912085717,0.5
17,octanol_hl_gap_eV,104,0.03701391443610191,0.0008220319868996739,0.6675363785581947,0.9681040633456983,0.2464134693145752,0.0008892688201740384,0.003608848260801784,0.04
17,octanol_hl_gap_eV,105,0.09428493678569794,0.0008615346159785986,0.6776040123552409,0.9653376511015377,0.24764703214168549,0.000329322851030156,0.0013298073802141977,0.06
17,octanol_hl_gap_eV,106,0.07850824296474457,0.0008742674253880978,0.6815998854220173,0.973910862389344,0.3097951114177704,0.0008188934880308807,0.002643338961300044,0.04
17,octanol_hl_gap_eV,107,0.10099286586046219,0.0011134609812870622,0.6226427478857457,0.9650141619828336,0.3318447172641754,0.001157849794253707,0.0034891313135835284,0.2
17,octanol_hl_gap_eV,108,0.08578675240278244,0.0009256821940653026,0.6836951124753379,0.960985374760245,0.3021602928638458,0.0013347953790798783,0.004417507563382395,0.1
17,octanol_hl_gap_eV,109,0.03926257789134979,0.0014154276577755809,0.6323971790850309,0.9675467192370697,0.295014888048172,0.00183597591239959,0.00622333308175213,0.06
17,octanol_hl_gap_eV,110,0.024180594831705093,0.001996586797758937,0.6559668029991021,0.9698863819736967,0.47308507561683655,0.0013274133671075106,0.0028058660810146036,0.08
17,octanol_hl_gap_eV,111,0.08281907439231873,0.0010251275962218642,0.638016104468123,0.9769278302153719,0.30161795020103455,0.0004295480903238058,0.001424146308392797,0.12
17,octanol_hl_gap_eV,112,0.10972223430871964,0.0011369184358045459,0.6534448253968572,0.9763467307503835,0.24594131112098694,0.0011681905016303062,0.004749875066965197,0.1
17,octanol_hl_gap_eV,113,0.1524144858121872,0.0009296622592955828,0.6805114937747878,0.939864873006167,0.25495555996894836,0.006608099211007357,0.02591863151292787,0.12
17,octanol_hl_gap_eV,114,0.14329510927200317,0.0014069729950278997,0.6579432345775293,0.9744285908271102,0.2737538814544678,0.0026608093176037073,0.009719713574348964,0.16
17,octanol_hl_gap_eV,115,0.09939958155155182,0.0006742834229953587,0.6794536208085775,0.9664153108402964,0.28012615442276,0.001074081752449274,0.0038342787186814923,0.18
17,octanol_hl_gap_eV,116,0.14979411661624908,0.0007258772966451943,0.6854255150733761,0.9703394079857361,0.25187814235687256,0.003384741023182869,0.013438010108821638,0.14
17,octanol_hl_gap_eV,117,0.06380708515644073,0.0012660938082262874,0.6520963470472589,0.964783075564803,0.21402350068092346,0.0033751684240996838,0.015770083254228923,0.0
17,octanol_hl_gap_eV,118,0.05698563903570175,0.0008760838536545634,0.6649204281046783,0.921929080447208,0.27497246861457825,0.015494613908231258,0.05634969197570705,0.04
17,octanol_hl_gap_eV,119,0.1219676211476326,0.0009326111758127809,0.6732154671322852,0.9573939384012451,0.27388134598731995,0.0007976269698701799,0.002912308492551034,0.18
17,octanol_hl_gap_eV,120,0.062486279755830765,0.00269264611415565,0.6594036739494897,0.9759599822022667,0.4846000671386719,0.0021570578683167696,0.004451212483426074,0.0
17,octanol_hl_gap_eV,121,0.09434210509061813,0.0008194408728741109,0.6641317716223352,0.9794963748189427,0.28428003191947937,0.0006983528728596866,0.0024565667456287995,0.1
17,octanol_hl_gap_eV,122,0.11030028015375137,0.001683980692178011,0.642311147923845,0.957367968559218,0.28523871302604675,0.007641923148185015,0.026791325297724183,0.04
17,octanol_hl_gap_eV,123,0.19486325979232788,0.0012600148329511285,0.6358650051167307,0.916654288267754,0.28697043657302856,0.04575195536017418,0.15943090133791943,0.06
17,octanol_hl_gap_eV,124,0.07920155674219131,0.0007863159407861531,0.6464279838160132,0.9750881663022637,0.2485489845275879,0.001973699312657118,0.007940886648193268,0.06
17,octanol_hl_gap_eV,125,0.06056617572903633,0.0008691900293342769,0.6473598669644278,0.9701923308024749,0.24728283286094666,0.0009205722599290311,0.0037227503797107177,0.12
17,octanol_hl_gap_eV,126,0.2131384015083313,0.0009410541970282793,0.6650461365838765,0.9065697543969646,0.2983168065547943,0.04429231584072113,0.14847408817573807,0.16
17,octanol_hl_gap_eV,127,0.11002868413925171,0.0015081606106832623,0.6172862010436166,0.9659093002750407,0.2769027352333069,0.0049124304205179214,0.017740635232002706,0.08
17,octanol_hl_gap_eV,128,0.145649716258049,0.0008808793500065804,0.6244118125384257,0.9362063347063505,0.27035433053970337,0.012005962431430817,0.044408249009599866,0.12
17,octanol_hl_gap_eV,129,0.1616036742925644,0.00118353555444628,0.6450252313229967,0.9428492182774897,0.23437495529651642,0.009549841284751892,0.04074599725329029,0.08
17,octanol_hl_gap_eV,130,0.14586763083934784,0.0013846458168700337,0.6444845056746735,0.9770232287387051,0.3169412314891815,0.0012475148541852832,0.0039361078024582165,0.18
17,octanol_hl_gap_eV,131,0.2092810869216919,0.0011253886623308063,0.6660013915511751,0.9043753475882315,0.33778828382492065,0.026323571801185608,0.07792920317754243,0.06
17,octanol_hl_gap_eV,132,0.07675783336162567,0.0007495861500501633,0.6822338027217971,0.9653608038560837,0.2992781698703766,0.000724580604583025,0.0024210940774492687,0.02
17,octanol_hl_gap_eV,133,0.25809401273727417,0.0012945232447236776,0.6638924908410084,0.916462781020958,0.3591359853744507,0.057089727371931076,0.1589640963224748,0.04
17,octanol_hl_gap_eV,134,0.20463186502456665,0.0013922344660386443,0.6529004095291264,0.9058766027967664,0.2917630076408386,0.043630450963974,0.14954072250887696,0.08
17,octanol_hl_gap_eV,135,0.1101846843957901,0.001478574937209487,0.6415262754719959,0.9744801714358275,0.41031596064567566,0.002682301215827465,0.006537160318127961,0.22
17,octanol_hl_gap_eV,136,0.08606184273958206,0.001408912823535502,0.6468061679951815,0.9618654779761062,0.3687819540500641,0.0013828109949827194,0.0037496709906661963,0.04
17,octanol_hl_gap_eV,137,0.06265281140804291,0.0014113878132775426,0.6569005790235187,0.9814150594674547,0.4180264174938202,0.0003584707446862012,0.0008575313178418936,0.02
17,octanol_hl_gap_eV,138,0.09763962030410767,0.0020764260552823544,0.6461056924551865,0.9823994241581453,0.4619644284248352,0.004462467040866613,0.00965976332005114,0.06
17,octanol_hl_gap_eV,139,0.10545665770769119,0.0028483853675425053,0.646313830490205,0.9787908908986955,0.7270249724388123,0.006215953733772039,0.00854984900026276,0.04
17,octanol_hl_gap_eV,140,0.14169810712337494,0.0009477054118178785,0.6564389279427492,0.9650555864548511,0.2165924459695816,0.001897938665933907,0.008762718650864004,0.14
17,octanol_hl_gap_eV,141,0.07442557066679001,0.0019957611802965403,0.6121300934554166,0.9772082940230398,0.4719969928264618,0.0020199506543576717,0.004279583736882711,0.1
17,octanol_hl_gap_eV,142,0.02406095340847969,0.0018851672066375613,0.604212462444029,0.9657042448675108,0.326944500207901,0.0017453371547162533,0.005338328534679157,0.06
17,octanol_hl_gap_eV,143,0.049476973712444305,0.0016958644846454263,0.6437278748873543,0.9768255713455123,0.36347147822380066,0.0013355053961277008,0.0036743058978217506,0.02
17,octanol_hl_gap_eV,144,0.14705929160118103,0.0006198479095473886,0.6924365219442423,0.9698962008306078,0.2844875156879425,0.0011878479272127151,0.004175395620930089,0.22
17,octanol_hl_gap_eV,145,0.06393495947122574,0.0011688244994729757,0.6397833192069899,0.9692580467162046,0.29517248272895813,0.0006954622804187238,0.0023561216614400044,0.04
17,octanol_hl_gap_eV,146,0.021590666845440865,0.0013424484059214592,0.6429517985060074,0.9806295467459729,0.42044031620025635,0.0025867933873087168,0.006152581680764942,0.08
17,octanol_hl_gap_eV,147,0.10912630707025528,0.0009284554980695248,0.6654847627670686,0.9705032228361201,0.29956111311912537,0.001030796323902905,0.0034410218107748585,0.12
17,octanol_hl_gap_eV,148,0.08926285803318024,0.0009614927694201469,0.6430179499309852,0.9757280536046624,0.2264159619808197,0.0006425224128179252,0.0028377964486106105,0.1
17,octanol_hl_gap_eV,149,0.05034502223134041,0.0013147348072379827,0.6291990195125376,0.9547092599924669,0.31692609190940857,0.0008864073897711933,0.002796889913452022,0.02
17,octanol_hl_gap_eV,150,0.26159369945526123,0.0010457924799993634,0.6548597599317536,0.8992030614135325,0.3652056157588959,0.04919019341468811,0.13469177715811154,0.16
17,octanol_hl_gap_eV,151,0.03668618202209473,0.0011889735469594598,0.6370177845675151,0.9692620100792573,0.2630774974822998,0.0009993021376430988,0.0037985086037635478,0.02
17,octanol_hl_gap_eV,152,0.14656966924667358,0.0015543298795819283,0.6448881498423893,0.9747652227804915,0.2985647916793823,0.003906420432031155,0.013083995638126397,0.1
17,octanol_hl_gap_eV,153,0.05204037204384804,0.000909757218323648,0.6495860420284028,0.9639570672317057,0.22635313868522644,0.0014764572260901332,0.006522804298920456,0.02
17,octanol_hl_gap_eV,154,0.0390782505273819,0.0010303548770025373,0.6436078275646584,0.9701556786500938,0.24838560819625854,0.0007529400754719973,0.0030313353536855154,0.02
17,octanol_hl_gap_eV,155,0.07037106156349182,0.0014626546762883663,0.6367516052864115,0.9693035648098318,0.3326353430747986,0.0014965229202061892,0.004498989513178914,0.04
17,octanol_hl_gap_eV,156,0.13350440561771393,0.0015335038769990206,0.6205127270060946,0.9168536652234234,0.3752073645591736,0.04472891241312027,0.11921117930526685,0.04
17,octanol_hl_gap_eV,157,0.029731888324022293,0.0010111229494214058,0.6211630229837488,0.9750994230688939,0.2760048508644104,0.002225928707048297,0.00806481733953945,0.04
17,octanol_hl_gap_eV,158,0.08628866821527481,0.000988155952654779,0.662326049448607,0.973195306835485,0.3121432363986969,0.0008224117336794734,0.002634725465039443,0.1
17,octanol_hl_gap_eV,159,0.07329627871513367,0.0008201980381272733,0.6677215825521636,0.9691330085875094,0.29321056604385376,0.00039225484943017364,0.001337792340578567,0.08
17,octanol_hl_gap_eV,160,0.08159101009368896,0.0008332544821314514,0.6405013712336773,0.9857304929869821,0.2860363721847534,0.0005192275275476277,0.0018152500102758052,0.02
17,octanol_hl_gap_eV,161,0.09993301331996918,0.0011873779585584998,0.6475180918295189,0.9562810308521481,0.3071260154247284,0.0007846725056879222,0.002554887786379115,0.12
17,octanol_hl_gap_eV,162,0.12107392400503159,0.0014104772126302123,0.6357102064543239,0.9679570165291471,0.2408466786146164,0.0014108482282608747,0.0058578687336535845,0.18
17,octanol_hl_gap_eV,163,0.06286818534135818,0.0013535241596400738,0.6449817726293874,0.9802125410610734,0.37831899523735046,0.000872611184604466,0.0023065486945930526,0.1
17,octanol_hl_gap_eV,164,0.03802662342786789,0.001398970140144229,0.6305001327597688,0.9648910227690877,0.2671111226081848,0.0008188954670913517,0.0030657482889342594,0.02
17,octanol_hl_gap_eV,165,0.06079183891415596,0.0006622409564442933,0.6790115172350859,0.9614013495179099,0.29686564207077026,0.00040454487316310406,0.0013627204224147434,0.04
17,octanol_hl_gap_eV,166,0.2560754120349884,0.0013573707547038794,0.6473100964449787,0.930008961256398,0.2528418302536011,0.03963193669915199,0.15674596509367555,0.06
17,octanol_hl_gap_eV,167,0.3686617910861969,0.0008854442276060581,0.6353771914103425,0.9133582325131928,0.3117907643318176,0.04553176462650299,0.14603307677852395,0.28
17,octanol_hl_gap_eV,168,0.038687814027071,0.0006346705486066639,0.6879201162508379,0.9719787287973236,0.2800314724445343,0.0007022878271527588,0.002507888920563601,0.06
17,octanol_hl_gap_eV,169,0.09963441640138626,0.001098443055525422,0.656045427534234,0.9660850990390928,0.2197323739528656,0.001088009332306683,0.004951520400630951,0.14
17,octanol_hl_gap_eV,170,0.18345589935779572,0.0023317448794841766,0.6586168114371431,0.9860824197139124,0.6701705455780029,0.011907865293323994,0.01776841040224142,0.16
17,octanol_hl_gap_eV,171,0.09586455672979355,0.0007538333884440362,0.6826516988016587,0.9661715774376805,0.26439186930656433,0.0005878708325326443,0.0022234830219041405,0.08
17,octanol_hl_gap_eV,172,0.06361745297908783,0.0010426206281408668,0.6598634934202994,0.970650328806085,0.3174227476119995,0.0006269027944654226,0.0019749775313258736,0.02
17,octanol_hl_gap_eV,173,0.09468463063240051,0.0011763351503759623,0.6537907800857277,0.968216840148858,0.3513971269130707,0.0016501090722158551,0.004695852486648425,0.14
17,octanol_hl_gap_eV,174,0.08553822338581085,0.0015483322786167264,0.602716349108789,0.9835756166549616,0.26222899556159973,0.0038564030546694994,0.014706241948608612,0.1
17,octanol_hl_gap_eV,175,0.10293331742286682,0.0010738881537690759,0.640231803545591,0.9707264579078492,0.3572242856025696,0.0009501223685219884,0.00265973621283702,0.14
17,octanol_hl_gap_eV,176,0.1236550584435463,0.0009117934387177229,0.678543546231138,0.9469604073860707,0.26109856367111206,0.0017261161701753736,0.006610975356990641,0.16
17,octanol_hl_gap_eV,177,0.08135060220956802,0.0014232881367206573,0.6333389664269704,0.9737575339231819,0.38375020027160645,0.0011272596893832088,0.0029374829995798555,0.1
17,octanol_hl_gap_eV,178,0.024201059713959694,0.0011123036965727806,0.6516919238410657,0.9652776044852411,0.23032797873020172,0.0007207200978882611,0.003129103558593235,0.08
17,octanol_hl_gap_eV,179,0.05839424207806587,0.001640539732761681,0.6153159551728651,0.9672227974921612,0.35958945751190186,0.00036602484760805964,0.0010178964926855366,0.12
17,octanol_hl_gap_eV,180,0.08108451217412949,0.0009369899635203183,0.6549472153497815,0.9720368682025424,0.3165409564971924,0.00045070797204971313,0.0014238535734433808,0.14
17,octanol_hl_gap_eV,181,0.30203673243522644,0.0013842014595866203,0.6517989837364377,0.9114950980851846,0.2993418574333191,0.06480621546506882,0.2164956682661894,0.18
17,octanol_hl_gap_eV,182,0.021439582109451294,0.0006720399251207709,0.6406448306618606,0.9541972061616621,0.30825039744377136,0.0014166515320539474,0.0045957816885292485,0.06
17,octanol_hl_gap_eV,183,0.06033499911427498,0.0007865085499361157,0.6919164139514848,0.9700443855614977,0.2838526666164398,0.00046037841821089387,0.0016218921727904256,0.04
17,octanol_hl_gap_eV,184,0.13491302728652954,0.0009251288138329983,0.6722310977834112,0.9619047410124608,0.31000539660453796,0.0008010505116544664,0.002583988925445501,0.2
17,octanol_hl_gap_eV,185,0.2115684300661087,0.0010927930707111955,0.6502880889441056,0.9374851319064919,0.29210302233695984,0.02876858413219452,0.09848780030426418,0.06
17,octanol_hl_gap_eV,186,0.08837852627038956,0.001389246666803956,0.6368673975340495,0.9726231206859328,0.2864547669887543,0.001526883919723332,0.005330279316955039,0.1
17,octanol_hl_gap_eV,187,0.07269008457660675,0.000734451983589679,0.6793279724945422,0.9611619668615956,0.3022407591342926,0.0012997945304960012,0.004300526951490591,0.06
17,octanol_hl_gap_eV,188,0.3511289060115814,0.0009627569233998656,0.6559204115465931,0.9137614855510008,0.25588682293891907,0.04811986908316612,0.18805137572344816,0.12
17,octanol_hl_gap_eV,189,0.09997081756591797,0.001285098260268569,0.6486216355032042,0.9781450930738167,0.2926563322544098,0.0008011156460270286,0.0027373938566639614,0.08
17,octanol_hl_gap_eV,190,0.12335731834173203,0.001140835345722735,0.6451178213956401,0.9642555342706682,0.28949376940727234,0.0012042369926348329,0.004159802800248389,0.12
17,octanol_hl_gap_eV,191,0.12316051125526428,0.001410094671882689,0.6586064992757024,0.9759585935426776,0.2655404210090637,0.0008491604821756482,0.003197857708249486,0.16
17,octanol_hl_gap_eV,192,0.14590947329998016,0.0032875058241188526,0.616251547361788,0.9814990874333929,0.6702172160148621,0.0009845084277912974,0.001468939329319565,0.18
17,octanol_hl_gap_eV,193,0.09121672809123993,0.0008549074409529567,0.6284728914505067,0.9766613156984043,0.23530389368534088,0.002288231160491705,0.009724578393724467,0.06
17,octanol_hl_gap_eV,194,0.0859343558549881,0.0034524984657764435,0.6553651739826312,0.9840595032974124,0.7703726291656494,0.004031817894428968,0.005233594421436833,0.04
17,octanol_hl_gap_eV,195,0.048228222876787186,0.0014273765264078975,0.6536291078116379,0.9665554071932232,0.1529097557067871,0.019335675984621048,0.1264515523894909,0.08
17,octanol_hl_gap_eV,196,0.04655958712100983,0.003799407510086894,0.6537937782809373,0.9746692906949685,0.9110848307609558,0.001223498722538352,0.0013429031866510849,0.02
17,octanol_hl_gap_eV,197,0.04912249743938446,0.0013301016297191381,0.6664893382023436,0.9627939764567575,0.27037313580513,0.0006096705910749733,0.002254922957709786,0.06
17,octanol_hl_gap_eV,198,0.09096048772335052,0.0007572108879685402,0.6644962389676354,0.9700308045611001,0.28631308674812317,0.0005265483632683754,0.0018390649524574238,0.12
17,octanol_hl_gap_eV,199,0.059562165290117264,0.0019454992143437266,0.6462124705358123,0.9853900058652914,0.4224838316440582,0.007371732499450445,0.01744855529917915,0.06
17,octanol_hl_gap_eV,200,0.11516616493463516,0.001205646782182157,0.6563420582742978,0.9661890618984563,0.32046380639076233,0.0008814045577310026,0.002750402822889299,0.12
17,octanol_hl_gap_eV,201,0.08084158599376678,0.0012841899879276752,0.6325195141147617,0.9702956400841232,0.30175694823265076,0.0019367235945537686,0.006418157414094006,0.04
17,octanol_hl_gap_eV,202,0.026259200647473335,0.002647808287292719,0.6246464567439225,0.9571352728169598,0.5744267702102661,0.004542021080851555,0.007907049804083766,0.04
17,octanol_hl_gap_eV,203,0.12328388541936874,0.0009284380939789116,0.6493256557206615,0.9743915317910947,0.272485613822937,0.0017272774130105972,0.00633896736336691,0.16
17,octanol_hl_gap_eV,204,0.13534235954284668,0.0017005765112116933,0.6544545410730056,0.9634563194823504,0.49549904465675354,0.0014150856295600533,0.0028558796325032754,0.22
17,octanol_hl_gap_eV,205,0.12923689186573029,0.002105969935655594,0.6660074704943306,0.9803981739823164,0.43721333146095276,0.0024516102857887745,0.005607354829727388,0.16
17,octanol_hl_gap_eV,206,0.0943605974316597,0.0012545812642201781,0.656895189527988,0.9773017298863784,0.3844989240169525,0.0014578198315575719,0.0037914796128097794,0.14
17,octanol_hl_gap_eV,207,0.04006906971335411,0.0007142829708755016,0.6530725397552264,0.9657359004377017,0.23714278638362885,0.0020922371186316013,0.008822689277366267,0.12
17,octanol_hl_gap_eV,208,0.04548686742782593,0.0009434897801838815,0.6466717936912985,0.9751065643025145,0.3070583641529083,0.0010039310436695814,0.0032695121217074085,0.12
17,octanol_hl_gap_eV,209,0.048986442387104034,0.00098616408649832,0.6656471878431494,0.9509694094574774,0.3156510889530182,0.0005045717698521912,0.001598511101373999,0.1
17,octanol_hl_gap_eV,210,0.02049715630710125,0.0009178104810416698,0.6593252516494699,0.9695102632759849,0.24391165375709534,0.0006583648500964046,0.0026991939087586663,0.1
17,octanol_hl_gap_eV,211,0.009299254044890404,0.0016814216505736113,0.6127038012672112,0.9653184763372327,0.26844605803489685,0.0007844628416933119,0.002922236398015333,0.06
17,octanol_hl_gap_eV,212,0.17231617867946625,0.001027858816087246,0.6443536332413282,0.9670268073840944,0.35161715745925903,0.002660968340933323,0.0075678000475322155,0.16
17,octanol_hl_gap_eV,213,0.09919017553329468,0.0007155976491048932,0.6709093497076228,0.9686093490498815,0.3099621832370758,0.0008178286370821297,0.0026384787606706533,0.12
17,octanol_hl_gap_eV,214,0.029353227466344833,0.0009003429440781474,0.6622453515599032,0.9608128939483722,0.2833458185195923,0.00031749176559969783,0.0011205097970335655,0.04
17,octanol_hl_gap_eV,215,0.02385052479803562,0.0007771093514747918,0.6238906711143268,0.9660565241417911,0.26341512799263,0.000529706128872931,0.002010917645123827,0.04
17,octanol_hl_gap_eV,216,0.02813713811337948,0.0005695628933608532,0.6830975668758126,0.9605091415847717,0.27592092752456665,0.0004939775681123137,0.0017902867047601251,0.02
17,octanol_hl_gap_eV,217,0.054500553756952286,0.0007360189920291305,0.6747160046483596,0.9456119067026316,0.30104392766952515,0.0005322553915902972,0.001768032312462344,0.06
17,octanol_hl_gap_eV,218,0.3383304178714752,0.0008495890651829541,0.6490745618656584,0.8995101829330927,0.2615656554698944,0.05052339658141136,0.19315760890185557,0.12
17,octanol_hl_gap_eV,219,0.043160829693078995,0.0005997488624416292,0.6527168368972962,0.9794762761679245,0.24906592071056366,0.0005110090714879334,0.0020517020956944587,0.1
17,octanol_hl_gap_eV,220,0.03537258505821228,0.0015494594117626548,0.629295999748698,0.9711015968109578,0.19191093742847443,0.000444357079686597,0.0023154338446823007,0.02
17,octanol_hl_gap_eV,221,0.024859962984919548,0.0011335151502862573,0.6430738973342207,0.9616450850600795,0.25704553723335266,0.00047511019511148334,0.001848350297092168,0.08
17,octanol_hl_gap_eV,222,0.09155512601137161,0.0009121413459070027,0.6734335511538654,0.9696843018659544,0.31450513005256653,0.001116566825658083,0.003550234062863965,0.14
17,octanol_hl_gap_eV,223,0.041124749928712845,0.0014803792582824826,0.6696538921268609,0.9731448145879182,0.32385727763175964,0.0015815625665709376,0.004883517141057567,0.04
17,octanol_hl_gap_eV,224,0.09759070724248886,0.001692935242317617,0.6172104239737375,0.9747517138503217,0.3798152804374695,0.001780106802470982,0.004686769843542533,0.12
17,octanol_hl_gap_eV,225,0.038666270673274994,0.0010292896768078208,0.6602642983898033,0.97287908537091,0.3160136640071869,0.0005637534195557237,0.001783952669663368,0.0
17,octanol_hl_gap_eV,226,0.1813400238752365,0.0014176972908899188,0.6355452022415202,0.916247918696089,0.36794111132621765,0.04035748913884163,0.10968464217922243,0.08
17,octanol_hl_gap_eV,227,0.16915316879749298,0.0010177732910960913,0.6480633049107589,0.9248692112382406,0.273193359375,0.017643747851252556,0.06458337015078683,0.18
17,octanol_hl_gap_eV,228,0.11863283067941666,0.001134285470470786,0.6769027339575493,0.9687592261883249,0.34269294142723083,0.0007566017447970808,0.0022078124563815723,0.14
17,octanol_hl_gap_eV,229,0.36360588669776917,0.0011344978120177984,0.6537082499996583,0.9348250065663326,0.304604709148407,0.07503103464841843,0.24632263518901287,0.28
17,octanol_hl_gap_eV,230,0.08381511270999908,0.0015194322913885117,0.6491311064459584,0.9654554421061576,0.3356840908527374,0.0006591223063878715,0.001963519643464499,0.06
17,octanol_hl_gap_eV,231,0.3560069799423218,0.0011914033675566316,0.6574719195321947,0.9156813092832885,0.3053085505962372,0.053175102919340134,0.17416840378526724,0.18
17,octanol_hl_gap_eV,232,0.10228081792593002,0.0011392886517569423,0.6516216328538276,0.9751255852546554,0.32465896010398865,0.0011840678052976727,0.003647112665297808,0.16
17,octanol_hl_gap_eV,233,0.10170161724090576,0.0016901682829484344,0.6083705532407491,0.9706673013791658,0.251168817281723,0.002282308414578438,0.009086750653519585,0.14
17,octanol_hl_gap_eV,234,0.08175821602344513,0.0014868553262203932,0.656733972896248,0.9453974046747637,0.31740230321884155,0.004411669448018074,0.013899298786676825,0.02
17,octanol_hl_gap_eV,235,0.09100383520126343,0.0014375749742612243,0.653905672090396,0.9717204630649594,0.3386930227279663,0.0017378689954057336,0.005131103621232749,0.04
17,octanol_hl_gap_eV,236,0.14616917073726654,0.002031817100942135,0.6394840214983659,0.9143473379368456,0.3681008219718933,0.08152547478675842,0.22147593789666511,0.06
17,octanol_hl_gap_eV,237,0.10641723871231079,0.001135183498263359,0.6537891146617123,0.966321916831961,0.3028278946876526,0.0010265830205753446,0.0033899883022143603,0.08
17,octanol_hl_gap_eV,238,0.32270175218582153,0.0016617282526567578,0.6352960469789468,0.9195484045123132,0.22257989645004272,0.09857961535453796,0.44289541385721604,0.28
17,octanol_hl_gap_eV,239,0.0969981923699379,0.0019895643927156925,0.6222829979203837,0.9865777394314483,0.2932703495025635,0.010569886304438114,0.03604144204269693,0.04
17,octanol_hl_gap_eV,240,0.09638243913650513,0.0013647917658090591,0.632984527485994,0.9729205657863083,0.2719864249229431,0.001824261387810111,0.006707178081872819,0.1
17,octanol_hl_gap_eV,241,0.2930814325809479,0.0009135322761721909,0.6666025781424247,0.9355503599159278,0.2882925271987915,0.017183613032102585,0.059604781293042884,0.2
17,octanol_hl_gap_eV,242,0.08401039987802505,0.0016863361233845353,0.6417053948786546,0.9727062838789067,0.3982178568840027,0.0005899483803659678,0.00148147143621893,0.08
17,octanol_hl_gap_eV,243,0.13169947266578674,0.0005704718641936779,0.6719059218872556,0.94359918813738,0.2888176739215851,0.0021081322338432074,0.007299180154797493,0.1
17,octanol_hl_gap_eV,244,0.11720103770494461,0.0011124401353299618,0.6594894153982134,0.9680394455383685,0.24545902013778687,0.0018286250997334719,0.0074498182984148835,0.1
17,octanol_hl_gap_eV,245,0.10141710191965103,0.001822497695684433,0.6029199764787618,0.9745189496365587,0.4309659004211426,0.0015852008946239948,0.0036782513258587896,0.06
17,octanol_hl_gap_eV,246,0.08585510402917862,0.0007659046677872539,0.6407009462606672,0.986019996541913,0.2763517200946808,0.0003665998810902238,0.0013265699267752816,0.06
17,octanol_hl_gap_eV,247,0.1749582588672638,0.0014377719489857554,0.6613650394795674,0.9433918367521379,0.30091825127601624,0.03341088816523552,0.11102978308414234,0.12
17,octanol_hl_gap_eV,248,0.029841965064406395,0.0011442467803135514,0.6403604788445971,0.9614382159548205,0.2684740424156189,0.0013940716162323952,0.005192575057495737,0.04
17,octanol_hl_gap_eV,249,0.07327111810445786,0.0012278471840545535,0.6532889420829355,0.9757607103326706,0.3206266164779663,0.0021994842682033777,0.006859955334851397,0.08
17,octanol_dipole,0,0.1826307326555252,0.015675103291869164,0.6140972391527193,0.9532943935383229,2.9531335830688477,0.05324588343501091,0.018030299658736964,0.12
17,octanol_dipole,1,0.2406107634305954,0.012865399941802025,0.6299347967434641,0.9744987295574818,2.547194242477417,0.0033056673128157854,0.001297768053056163,0.22
17,octanol_dipole,2,0.321980744600296,0.015503019094467163,0.6118892633299025,0.910706100630515,2.9956274032592773,0.30726486444473267,0.10257112219978523,0.18
17,octanol_dipole,3,0.1367224156856537,0.015484035015106201,0.6063896020839235,0.9428099976736211,2.779717445373535,0.06125597655773163,0.022036763722040865,0.04
17,octanol_dipole,4,0.4364459216594696,0.01657382771372795,0.6138944772722914,0.8876532648967899,3.15950608253479,0.5982868075370789,0.18936086587846945,0.2
17,octanol_dipole,5,0.369524210691452,0.012098265811800957,0.6088849922602648,0.9068880336478116,2.203122615814209,0.48894059658050537,0.22193072372406625,0.14
17,octanol_dipole,6,0.18013180792331696,0.007455529645085335,0.6121434688589664,0.9294066277963406,1.2853147983551025,0.16770359873771667,0.1304766730705485,0.14
17,octanol_dipole,7,0.30802106857299805,0.012262465432286263,0.6101780528775549,0.9065846521543244,2.30092716217041,0.23531170189380646,0.10226820986016893,0.12
17,octanol_dipole,8,0.15469089150428772,0.017193924635648727,0.6090073351718341,0.97181276138085,3.1139516830444336,0.008079767227172852,0.0025946989708181545,0.12
17,octanol_dipole,9,0.1082000657916069,0.0127939498052001,0.6106564905579408,0.9635266973597905,2.2780020236968994,0.004524867050349712,0.001986331444520161,0.08
17,octanol_dipole,10,0.5486881732940674,0.015882128849625587,0.6216757081436219,0.9083590210278245,3.0458528995513916,1.16389799118042,0.3821254766938497,0.34
17,octanol_dipole,11,0.3451087474822998,0.012034351006150246,0.6179048335957515,0.9044322054610827,2.1688003540039062,0.385728120803833,0.1778532173750919,0.24
17,octanol_dipole,12,0.15966378152370453,0.016582906246185303,0.6088970225875459,0.9603189183477518,2.9931552410125732,0.013534842990338802,0.004521931507221128,0.12
17,octanol_dipole,13,0.09101888537406921,0.009696440771222115,0.608323551100258,0.9522124682416693,1.729347586631775,0.014201190322637558,0.008211877376425527,0.12
17,octanol_dipole,14,0.365996778011322,0.011746020056307316,0.6151401295210412,0.9289673285673021,2.1957266330718994,0.30361637473106384,0.13827603589536724,0.28
17,octanol_dipole,15,0.08531144261360168,0.010307298973202705,0.6073318484639205,0.970022737566723,1.8309277296066284,0.017991233617067337,0.009826293701353642,0.1
17,octanol_dipole,16,0.12910211086273193,0.013188865035772324,0.6114637641244471,0.9658282782868939,2.4156084060668945,0.01878904551267624,0.007778183527382509,0.14
17,octanol_dipole,17,0.11737129837274551,0.00988253764808178,0.6110102816805396,0.958244505917976,1.7503700256347656,0.00936515349894762,0.005350384982484706,0.14
17,octanol_dipole,18,0.11571713536977768,0.01591942459344864,0.6073515429280743,0.9494361971681511,2.8592045307159424,0.011828071437776089,0.004136839918484023,0.12
17,octanol_dipole,19,0.10761701315641403,0.01589171402156353,0.6098400488485214,0.96879501454832,2.8722965717315674,0.011274013668298721,0.003925086907548049,0.12
17,octanol_dipole,20,0.15267975628376007,0.01350527722388506,0.6117277732262738,0.9703930536864578,2.4534051418304443,0.00887803640216589,0.003618658920532846,0.06
17,octanol_dipole,21,0.10358956456184387,0.016381336376070976,0.6124584577600685,0.975544277447411,2.954228639602661,0.006523972377181053,0.002208350528366185,0.14
17,octanol_dipole,22,0.4167915880680084,0.0069640385918319225,0.6290071357202904,0.9269153470400489,1.263189435005188,0.30118802189826965,0.23843456377311503,0.2
17,octanol_dipole,23,0.45558810234069824,0.0062525165267288685,0.6231227033351787,0.9296109285113965,1.0734596252441406,0.3329228460788727,0.310140072574369,0.4
17,octanol_dipole,24,0.12153057008981705,0.007568934001028538,0.610027817913624,0.9555955300376353,1.3294073343276978,0.013917187228798866,0.010468715546719175,0.12
17,octanol_dipole,25,0.3470265567302704,0.01647995412349701,0.6079032065611856,0.900598927017747,3.055744171142578,0.4519873857498169,0.1479140138818668,0.08
17,octanol_dipole,26,0.3678571283817291,0.014127101749181747,0.6102406339730893,0.8955601593042029,2.6586782932281494,0.48360469937324524,0.18189665918024842,0.22
17,octanol_dipole,27,0.3346102833747864,0.012746090069413185,0.6129717907427314,0.9157119426775053,2.340974807739258,0.41983285546302795,0.1793410394998961,0.08
17,octanol_dipole,28,0.32796016335487366,0.014870301820337772,0.6133493052063608,0.9109203066181748,2.723098039627075,0.31928253173828125,0.11724973801604535,0.16
17,octanol_dipole,29,0.10417637228965759,0.011378408409655094,0.6112243653446012,0.9632848145044652,2.0705950260162354,0.00878102332353592,0.004240821219603889,0.06
17,octanol_dipole,30,0.10717549920082092,0.006734122987836599,0.6445980841108343,0.9666949092172004,1.2574671506881714,0.026525748893618584,0.021094585953280683,0.04
17,octanol_dipole,31,0.17225830256938934,0.011042851954698563,0.6090559476504489,0.9734822411052546,1.9632594585418701,0.04794776439666748,0.024422530699166327,0.12
17,octanol_dipole,32,0.289753794670105,0.01662648282945156,0.6166401163135888,0.9290451206149253,3.115463972091675,0.3220451772212982,0.1033698929296499,0.16
17,octanol_dipole,33,0.4089921712875366,0.009935574606060982,0.6136062160659173,0.9187798372879101,1.837138056755066,0.424401193857193,0.23101213994053998,0.24
17,octanol_dipole,34,0.1824212372303009,0.010967671871185303,0.6080768591394274,0.9488869938169286,1.97698175907135,0.040207862854003906,0.020338003964634855,0.12
17,octanol_dipole,35,0.15019159018993378,0.014820484444499016,0.6085289886833984,0.9495907197845017,2.6879987716674805,0.009435217827558517,0.0035101272839144376,0.12
17,octanol_dipole,36,0.07733308523893356,0.01508988905698061,0.6142058212120958,0.9527521033125399,2.8210411071777344,0.01167204324156046,0.004137494916987427,0.04
17,octanol_dipole,37,0.8859928846359253,0.001944709219969809,0.7079682687052686,0.9009205119534733,0.2018384337425232,0.6828101277351379,3.3829539551727303,0.78
17,octanol_dipole,38,0.3406979441642761,0.013181635178625584,0.6106278598643251,0.8924732484408524,2.392008066177368,0.4343319237232208,0.18157627888660094,0.18
17,octanol_dipole,39,0.16232270002365112,0.013814152218401432,0.6126193602639862,0.9512058416671239,2.5338451862335205,0.08405126631259918,0.03317142924486981,0.12
17,octanol_dipole,40,0.15121568739414215,0.02139478176832199,0.6088405804161385,0.9700827586062302,3.906167984008789,0.017879491671919823,0.004577245972297026,0.1
17,octanol_dipole,41,0.11879710853099823,0.015044045634567738,0.6085203817908973,0.9598059046394312,2.7129008769989014,0.004490871913731098,0.0016553763360123374,0.06
17,octanol_dipole,42,0.08290281891822815,0.015555239282548428,0.607446614762049,0.9510913219688095,2.7970075607299805,0.020144959911704063,0.007202325869454034,0.1
17,octanol_dipole,43,0.3518752157688141,0.016353674232959747,0.6087377577056055,0.8960251395661192,3.0027990341186523,0.36872079968452454,0.12279236655367691,0.06
17,octanol_dipole,44,0.07527384161949158,0.01306010689586401,0.6097342812790834,0.9480710758197954,2.3429837226867676,0.009313496761023998,0.003975058243402537,0.08
17,octanol_dipole,45,0.11396872997283936,0.013563104905188084,0.6090606672032208,0.966507060272844,2.4543004035949707,0.013143518008291721,0.005355301245536027,0.04
17,octanol_dipole,46,0.09292192757129669,0.016165729612112045,0.6081240269858148,0.9606044082337619,2.9021880626678467,0.007945520803332329,0.00273776910102386,0.1
17,octanol_dipole,47,0.12956489622592926,0.014827439561486244,0.6084225927346651,0.9662002248131236,2.6879756450653076,0.012914692983031273,0.004804616815163701,0.06
17,octanol_dipole,48,0.22209902107715607,0.014863789081573486,0.6187969089663923,0.9288766131440709,2.8620433807373047,0.21956464648246765,0.07671604419423739,0.1
17,octanol_dipole,49,0.26496925950050354,0.020783046260476112,0.6089815933329967,0.9248291416701164,3.761086940765381,0.17098721861839294,0.045462181893513226,0.14
17,octanol_dipole,50,0.10320987552404404,0.016672713682055473,0.6129206718397782,0.9654665417460568,3.0261359214782715,0.008865965530276299,0.002929797524079904,0.14
17,octanol_dipole,51,0.1225513219833374,0.020056240260601044,0.6120194737877189,0.9721835450932341,3.6080780029296875,0.0053285215981304646,0.0014768310424009157,0.04
17,octanol_dipole,52,0.12280349433422089,0.007715796586126089,0.6292747627395494,0.9711648027561235,1.3687288761138916,0.0374642014503479,0.02737152850659265,0.06
17,octanol_dipole,53,0.09927163273096085,0.010965702123939991,0.6087295641301327,0.9509179260069629,1.986353874206543,0.008653086610138416,0.004356266384606281,0.08
17,octanol_dipole,54,0.10422815382480621,0.013670144602656364,0.6100981919188433,0.9557373475513473,2.459315061569214,0.008363759145140648,0.0034008489907771267,0.14
17,octanol_dipole,55,0.2742483615875244,0.010969196446239948,0.6098552658135863,0.940750444503623,2.006415367126465,0.1616315245628357,0.08055735976260993,0.22
17,octanol_dipole,56,0.42124414443969727,0.010840185917913914,0.6139555782971524,0.9098376547290712,1.9889328479766846,0.3995163142681122,0.20086968480335318,0.2
17,octanol_dipole,57,0.16861379146575928,0.013889131136238575,0.6087332058840345,0.9605724600072192,2.5083107948303223,0.0053386022336781025,0.0021283655297744866,0.12
17,octanol_dipole,58,0.19842293858528137,0.008186419494450092,0.6166600734535721,0.9621244011033812,1.4140058755874634,0.035951126366853714,0.02542501908057309,0.12
17,octanol_dipole,59,0.14154896140098572,0.016349472105503082,0.6084669300066383,0.9472337266574578,2.903470516204834,0.026658309623599052,0.009181532746695321,0.1
17,octanol_dipole,60,0.1738705188035965,0.013102277182042599,0.6077977808233888,0.9643013928943556,2.355250597000122,0.01635800115764141,0.006945333621176686,0.18
17,octanol_dipole,61,0.405073344707489,0.012363489717245102,0.6123005595845632,0.9044786793160076,2.286205768585205,0.39144113659858704,0.1712186811779529,0.3
17,octanol_dipole,62,0.09269154816865921,0.011257961392402649,0.6099924652096531,0.939572430953957,2.052995204925537,0.026161981746554375,0.01274332335691124,0.06
17,octanol_dipole,63,0.20609666407108307,0.01649181731045246,0.610855789304706,0.9428684188436964,3.0405430793762207,0.05081220343708992,0.016711555176358247,0.06
17,octanol_dipole,64,0.46957316994667053,0.004599751904606819,0.62714569386351,0.9354566974538632,0.7771323919296265,0.3043152391910553,0.3915873824734521,0.34
17,octanol_dipole,65,0.1507083922624588,0.012485837563872337,0.6095691334052129,0.9544687372045342,2.246000289916992,0.026399385184049606,0.011753954486366196,0.08
17,octanol_dipole,66,0.3700425624847412,0.012815008871257305,0.6119111339530532,0.8990579700865315,2.3623809814453125,0.48237529397010803,0.20419030535666996,0.18
17,octanol_dipole,67,0.2306034117937088,0.0168659295886755,0.6137963092413214,0.9319603608300897,3.0602049827575684,0.2592564821243286,0.08471866544400927,0.06
17,octanol_dipole,68,0.17853233218193054,0.01563900150358677,0.6081230143725664,0.9694484157343184,2.819434642791748,0.010567410849034786,0.003748060227624623,0.14
17,octanol_dipole,69,0.3793283700942993,0.018596556037664413,0.6031361432751505,0.9024247598841089,3.389524459838867,0.748664915561676,0.2208760917445235,0.28
17,octanol_dipole,70,0.12395741790533066,0.017105698585510254,0.6097098072865768,0.9638345340256416,3.104776382446289,0.006093763280659914,0.001962706014872017,0.08
17,octanol_dipole,71,0.26117634773254395,0.014491490088403225,0.6099650747421548,0.9368714643932559,2.633594274520874,0.18618610501289368,0.07069657874570154,0.24
17,octanol_dipole,72,0.1333896815776825,0.013162540271878242,0.6162707478650271,0.9570275567338906,2.4520835876464844,0.005858037155121565,0.002389003859670266,0.06
17,octanol_dipole,73,0.08647423982620239,0.00937835406512022,0.6126108211796562,0.9526287154569879,1.6362311840057373,0.02681971713900566,0.016391153891436663,0.12
17,octanol_dipole,74,0.1456601470708847,0.012839416973292828,0.607883809094772,0.9373848046311464,2.3247125148773193,0.11710669845342636,0.05037470126047236,0.06
17,octanol_dipole,75,0.11510214954614639,0.014145366847515106,0.6086069707244675,0.9763929976810144,2.5684447288513184,0.008717144839465618,0.003393939040831209,0.1
17,octanol_dipole,76,0.06599099934101105,0.012648705393075943,0.6156312467884801,0.9459802294370554,2.2899222373962402,0.0051771849393844604,0.0022608562224677056,0.04
17,octanol_dipole,77,0.23999427258968353,0.023229865357279778,0.6286586672586967,0.9194180927532349,4.548846244812012,0.8699761033058167,0.1912520354580087,0.1
17,octanol_dipole,78,0.15186022222042084,0.012912140227854252,0.6079231856725076,0.9368859026122915,2.3257036209106445,0.05394209548830986,0.023193882059309206,0.06
17,octanol_dipole,79,0.19289572536945343,0.010766303166747093,0.6104559784968056,0.9441282343111199,1.929199457168579,0.048655953258275986,0.025220799786916114,0.08
17,octanol_dipole,80,0.336775541305542,0.014622827991843224,0.6176401641441298,0.940598400548379,2.6587960720062256,0.17166012525558472,0.06456310322666325,0.18
17,octanol_dipole,81,0.1149800717830658,0.015400787815451622,0.6084379793286987,0.9715171334132104,2.785526752471924,0.009884330444037914,0.0035484600660418684,0.1
17,octanol_dipole,82,0.1321401745080948,0.020814944058656693,0.6121852559551042,0.943089225315074,3.6914443969726562,0.006264037918299437,0.001696907021933354,0.1
17,octanol_dipole,83,0.21278230845928192,0.014508837834000587,0.6103496289799566,0.9356304051782978,2.638861894607544,0.07180245965719223,0.02720963147177917,0.1
17,octanol_dipole,84,0.3901654779911041,0.013983175158500671,0.6132455411204925,0.9055454030287473,2.5939652919769287,0.5994844436645508,0.23110734963136997,0.18
17,octanol_dipole,85,0.10993164777755737,0.013369726948440075,0.607833599159955,0.9473360169037863,2.3994712829589844,0.006882641930133104,0.002868399375734789,0.12
17,octanol_dipole,86,0.1107020229101181,0.014409367926418781,0.607298734312633,0.9587057127826093,2.5909271240234375,0.008917555212974548,0.0034418394598171955,0.08
17,octanol_dipole,87,0.2792748212814331,0.014025651849806309,0.6109106958545176,0.9274513547912,2.5440127849578857,0.26117634773254395,0.10266314276280948,0.1
17,octanol_dipole,88,0.14421150088310242,0.012235968373715878,0.6099326688492193,0.972752956749674,2.196147918701172,0.009095301851630211,0.004141479621741181,0.14
17,octanol_dipole,89,0.1317272037267685,0.019177570939064026,0.6080831742091182,0.9511544519557535,3.4458961486816406,0.005993796978145838,0.0017394015140122531,0.12
17,octanol_dipole,90,0.20935270190238953,0.014053705148398876,0.6080866530380469,0.9566340317371835,2.553859233856201,0.01813955046236515,0.007102799646077331,0.14
17,octanol_dipole,91,0.08045647293329239,0.015778860077261925,0.6088688626497953,0.9525147036617203,2.8174569606781006,0.0073966290801763535,0.002625285561911883,0.08
17,octanol_dipole,92,0.16346858441829681,0.006529014091938734,0.6348041364084793,0.9688606842846146,1.1515003442764282,0.0598381832242012,0.051965406282011926,0.14
17,octanol_dipole,93,0.2615510821342468,0.02585606276988983,0.613985959486647,0.9158619144069762,4.774319171905518,0.597091019153595,0.12506307133112868,0.1
17,octanol_dipole,94,0.133454829454422,0.011371857486665249,0.6102380187614662,0.9671807238750645,2.0308873653411865,0.017711497843265533,0.008721063583105223,0.12
17,octanol_dipole,95,0.4802801311016083,0.014572731219232082,0.6177343709308554,0.8995158408984025,2.728811502456665,0.7474323511123657,0.27390398729977333,0.24
17,octanol_dipole,96,0.3539210855960846,0.013516496866941452,0.610513022252231,0.9002797152526054,2.4874069690704346,0.47674092650413513,0.19166181185151915,0.28
17,octanol_dipole,97,0.05933041498064995,0.007817038334906101,0.638292937789644,0.9698163800276323,1.439959168434143,0.03128138184547424,0.02172379782094141,0.06
17,octanol_dipole,98,0.14388412237167358,0.01809266023337841,0.6112548413425918,0.9676089275154338,3.3701794147491455,0.014311014674603939,0.00424636582016188,0.12
17,octanol_dipole,99,0.17085446417331696,0.018313812091946602,0.6093870352341044,0.9666728349410245,3.356729745864868,0.017298253253102303,0.00515330531878889,0.08
17,octanol_dipole,100,0.14809606969356537,0.010605361312627792,0.6164327300089927,0.9706353343083833,1.8749314546585083,0.04383813589811325,0.023381193904018074,0.08
17,octanol_dipole,101,0.33072394132614136,0.01685602031648159,0.6174203869067445,0.8990875716572617,3.151691198348999,0.6378980875015259,0.20239866387788444,0.2
17,octanol_dipole,102,0.17400974035263062,0.011402690783143044,0.6123376181081843,0.9404552919202804,2.0120737552642822,0.12184472382068634,0.06055678799144332,0.1
17,octanol_dipole,103,0.1339152604341507,0.008358120918273926,0.6099012162356077,0.9618510876469899,1.5025465488433838,0.023598723113536835,0.015705818320039696,0.08
17,octanol_dipole,104,0.19771286845207214,0.00838252529501915,0.6444994841944687,0.9558607955792444,1.605441927909851,0.043792907148599625,0.027277789614984248,0.14
17,octanol_dipole,105,0.16616389155387878,0.016403328627347946,0.6093371835092785,0.9412255626820363,2.956012725830078,0.05349928140640259,0.018098461126001903,0.08
17,octanol_dipole,106,0.3769603669643402,0.011000256985425949,0.6110024608132152,0.895162316652325,1.975264072418213,0.4794197380542755,0.2427117187765922,0.16
17,octanol_dipole,107,0.07584875822067261,0.013426429592072964,0.6088376057127867,0.9551702019514903,2.4100775718688965,0.008214141242206097,0.0034082476589483526,0.06
17,octanol_dipole,108,0.17883598804473877,0.014715603552758694,0.6095647362032617,0.9676914605625866,2.6754000186920166,0.012225297279655933,0.004569521265695734,0.14
17,octanol_dipole,109,0.3709214925765991,0.007316774222999811,0.6151388873221391,0.9259916977565159,1.3009169101715088,0.25674352049827576,0.19735581764743723,0.18
17,octanol_dipole,110,0.260926753282547,0.01457366906106472,0.6083391528865094,0.9293863284447303,2.699955463409424,0.20618915557861328,0.07636761360435321,0.18
17,octanol_dipole,111,0.1990719437599182,0.004281495697796345,0.6188218322939274,0.964893176989801,0.6668811440467834,0.024836476892232895,0.03724273375240394,0.16
17,octanol_dipole,112,0.3279767632484436,0.016503507271409035,0.6156807261278445,0.9111980081472109,2.9898288249969482,0.5312963128089905,0.17770124776609336,0.14
17,octanol_dipole,113,0.17077898979187012,0.025139009580016136,0.6176974132089563,0.9671561630690308,4.60369348526001,0.020846877247095108,0.004528293926136072,0.12
17,octanol_dipole,114,0.16461125016212463,0.014386520721018314,0.6090102549839671,0.9521499953077444,2.6027331352233887,0.007801187690347433,0.0029973060183436243,0.12
17,octanol_dipole,115,0.1027408316731453,0.014880429022014141,0.609766930681199,0.9574689183750336,2.6815433502197266,0.012346738018095493,0.004604340264379391,0.1
17,octanol_dipole,116,0.10273303836584091,0.009207533672451973,0.6132486464802003,0.9568256966557556,1.6078791618347168,0.013007531873881817,0.008089869053989852,0.06
17,octanol_dipole,117,0.16973698139190674,0.018668456003069878,0.6156628587127133,0.9396798098686387,3.551074981689453,0.14001210033893585,0.039428088976122926,0.06
17,octanol_dipole,118,0.32143378257751465,0.01541158091276884,0.6108857353810275,0.9001978220624915,2.8327057361602783,0.4628514051437378,0.16339551236660788,0.22
17,octanol_dipole,119,0.25510913133621216,0.011275475844740868,0.6109146031588721,0.9235538440928504,2.0820069313049316,0.19107884168624878,0.09177627548362051,0.12
17,octanol_dipole,120,0.08253786712884903,0.006922226864844561,0.644903857618655,0.9677714760668092,1.2937358617782593,0.02143906056880951,0.01657143564014775,0.04
17,octanol_dipole,121,0.11037963628768921,0.004079922568053007,0.6135792814155998,0.9566450399149895,0.6640539765357971,0.027626732364296913,0.04160314272706963,0.1
17,octanol_dipole,122,0.2530776560306549,0.01533555518835783,0.6148378768333305,0.9375155230511625,2.856574296951294,0.11709431558847427,0.04099116753708955,0.1
17,octanol_dipole,123,0.15052396059036255,0.007118414156138897,0.6111121503344725,0.9711261064180965,1.2353559732437134,0.019890133291482925,0.0161007302528815,0.14
17,octanol_dipole,124,0.14474743604660034,0.012032723985612392,0.6082717762924861,0.9566124210590581,2.1723756790161133,0.00990256667137146,0.004558404316078706,0.12
17,octanol_dipole,125,0.13996098935604095,0.01755347289144993,0.6085229966649854,0.961866077508549,3.1866607666015625,0.01065791491419077,0.0033445401612538068,0.12
17,octanol_dipole,126,0.36370182037353516,0.015757260844111443,0.6082240102680583,0.8990158624094278,2.9475607872009277,0.5126514434814453,0.17392395967116628,0.24
17,octanol_dipole,127,0.3718361258506775,0.015206096693873405,0.6130320346119473,0.9019694700921586,2.87646746635437,0.4338727295398712,0.1508352639530322,0.22
17,octanol_dipole,128,0.06686712801456451,0.005513571202754974,0.6079811292380191,0.9688991396734881,0.9514652490615845,0.013077560812234879,0.013744654179575214,0.1
17,octanol_dipole,129,0.23080621659755707,0.019431788474321365,0.6167121275753216,0.9371066799100423,3.593323230743408,0.23151196539402008,0.06442837187962172,0.08
17,octanol_dipole,130,0.20519372820854187,0.01773711107671261,0.6260709715790951,0.9426105805439966,3.5492870807647705,0.10483574867248535,0.029537128523820684,0.06
17,octanol_dipole,131,0.07627629488706589,0.01846693642437458,0.6205093405998328,0.9415636931045483,3.4667444229125977,0.01778586208820343,0.005130422067070227,0.02
17,octanol_dipole,132,0.09090595692396164,0.014545690268278122,0.6073904754308213,0.963977079933168,2.5922818183898926,0.004749048966914415,0.001831995631502799,0.1
17,octanol_dipole,133,0.10386938601732254,0.015326487831771374,0.6070608025848305,0.9558091870542622,2.7519986629486084,0.012451662681996822,0.004524588928635446,0.08
17,octanol_dipole,134,0.17356517910957336,0.016234150156378746,0.6102327573415356,0.9627545827991595,2.9402949810028076,0.014950956217944622,0.005084849076212584,0.18
17,octanol_dipole,135,0.14012649655342102,0.014214479364454746,0.6140489563572238,0.9506113753633252,2.535001516342163,0.03205638378858566,0.012645508723340282,0.14
17,octanol_dipole,136,0.14541347324848175,0.011152424849569798,0.6097951049168182,0.9584925551164118,1.9705681800842285,0.02351747266948223,0.011934361321350992,0.1
17,octanol_dipole,137,0.10780399292707443,0.012666314840316772,0.6085093467307814,0.97137555805288,2.2813053131103516,0.015415812842547894,0.0067574527416191564,0.1
17,octanol_dipole,138,0.432636022567749,0.012122479267418385,0.618417753080793,0.8941234585850684,2.283032178878784,0.5498790144920349,0.2408546929733093,0.32
17,octanol_dipole,139,0.4404699504375458,0.014041322283446789,0.617691030752699,0.9226092803077279,2.580636978149414,0.6059233546257019,0.23479604444799212,0.24
17,octanol_dipole,140,0.17321451008319855,0.011618951335549355,0.6088820171098412,0.9627786771348654,2.1068291664123535,0.019275713711977005,0.00914915837471576,0.16
17,octanol_dipole,141,0.6234428286552429,0.004439803771674633,0.6393656359055857,0.9135981034762986,0.7576212882995605,0.4369520843029022,0.5767420887599625,0.44
17,octanol_dipole,142,0.35702770948410034,0.014658958651125431,0.6105912326810856,0.9101033931270779,2.7605466842651367,0.4789285659790039,0.17349047879133972,0.22
17,octanol_dipole,143,0.30840209126472473,0.013180306181311607,0.6099249223448224,0.922493102509897,2.4060635566711426,0.4447302520275116,0.18483728361806392,0.14
17,octanol_dipole,144,0.17507915198802948,0.0068803573958575726,0.6171112559774532,0.9697532336038359,1.1732486486434937,0.0712680071592331,0.060744163005542716,0.1
17,octanol_dipole,145,0.24990208446979523,0.012617596425116062,0.6103724818268135,0.9405122309602949,2.26694655418396,0.20522162318229675,0.09052777305381646,0.12
17,octanol_dipole,146,0.3075118064880371,0.009334039874374866,0.6161097581193917,0.9307450652103957,1.6467469930648804,0.1791463941335678,0.1087880499481863,0.16
17,octanol_dipole,147,0.15356159210205078,0.007504707667976618,0.6076419274369698,0.9540741299056774,1.3236640691757202,0.019772475585341454,0.014937683998368471,0.12
17,octanol_dipole,148,0.07565216720104218,0.012331515550613403,0.6141265645838363,0.9513903522200327,2.180112600326538,0.02657928504049778,0.01219170286732746,0.1
17,octanol_dipole,149,0.3975597023963928,0.013692776672542095,0.6132094424166188,0.8856970580038654,2.478466272354126,0.6076204776763916,0.2451598734483703,0.1
17,octanol_dipole,150,0.1816462278366089,0.001587877981364727,0.6320895540349674,0.9566942496487527,0.06291750073432922,0.03285269811749458,0.5221551672278902,0.22
17,octanol_dipole,151,0.2916059195995331,0.015077581629157066,0.616694436880822,0.9351103138036458,2.873636245727539,0.19512566924095154,0.06790200726729426,0.16
17,octanol_dipole,152,0.37936750054359436,0.014667904935777187,0.6088365400357265,0.8999171057431368,2.7309911251068115,0.6585622429847717,0.24114404361494027,0.12
17,octanol_dipole,153,0.44817450642585754,0.011542035266757011,0.617642842076715,0.9161613839572591,2.150132656097412,0.6016399264335632,0.27981525917827177,0.3
17,octanol_dipole,154,0.836823582649231,0.003346359822899103,0.6800588604005489,0.9058028429040552,0.5481358170509338,0.7841299176216125,1.4305394634497124,0.68
17,octanol_dipole,155,0.4385547935962677,0.005630879197269678,0.6519650133476382,0.943744779999528,1.0206725597381592,0.36630743741989136,0.35888829764744823,0.18
17,octanol_dipole,156,0.2506020665168762,0.009830017574131489,0.6096712635797688,0.9395184909294738,1.7764098644256592,0.1796512007713318,0.10113161628350663,0.12
17,octanol_dipole,157,0.37660086154937744,0.014027714729309082,0.6106502367025091,0.9064568312463483,2.6208088397979736,0.6674593687057495,0.2546768610400448,0.24
17,octanol_dipole,158,0.11529097706079483,0.015089393593370914,0.6076612648535706,0.9545731358222831,2.696930170059204,0.009896071627736092,0.003669383708039741,0.06
17,octanol_dipole,159,0.13740412890911102,0.020725389942526817,0.6087132533010879,0.9709868171514471,3.787621259689331,0.010789639316499233,0.002848658452557166,0.14
17,octanol_dipole,160,0.12438030540943146,0.015789324417710304,0.6125041223275682,0.9684123166272274,2.8079030513763428,0.020116548985242844,0.007164260523661017,0.1
17,octanol_dipole,161,0.10082996636629105,0.015478318557143211,0.6074801647768644,0.9615125958013195,2.769536256790161,0.00963319931179285,0.0034782716016715167,0.04
17,octanol_dipole,162,0.49175381660461426,0.014061573892831802,0.634568075427661,0.9111576854665682,2.8051095008850098,1.1749202013015747,0.41885003096345735,0.22
17,octanol_dipole,163,0.11929259449243546,0.009171562269330025,0.6096191870676104,0.9589035963834844,1.6453194618225098,0.03458268195390701,0.021018825070968285,0.08
17,octanol_dipole,164,0.4977373480796814,0.013844751752912998,0.6205792070180318,0.9021333636351128,2.557933807373047,0.729733407497406,0.28528236555379416,0.3
17,octanol_dipole,165,0.13772642612457275,0.016122717410326004,0.614595313557196,0.9580545492069577,3.021547555923462,0.013993218541145325,0.004631142910100133,0.12
17,octanol_dipole,166,0.30391359329223633,0.015246102586388588,0.6109085057615407,0.9193933588226473,2.800879955291748,0.2667229473590851,0.09522826812165265,0.18
17,octanol_dipole,167,0.17071589827537537,0.01139384787529707,0.6135030229487977,0.9646155541024044,2.014270067214966,0.02431037276983261,0.01206907314243387,0.16
17,octanol_dipole,168,0.160702645778656,0.01541734766215086,0.61205442427687,0.9618770933745704,2.8200714588165283,0.014962946996092796,0.005305875122175858,0.1
17,octanol_dipole,169,0.13325637578964233,0.005885702557861805,0.6250073013036104,0.9599895060339494,1.0081653594970703,0.027934638783335686,0.027708389819375522,0.1
17,octanol_dipole,170,0.28098586201667786,0.016851428896188736,0.6078459656418196,0.9082874152311455,3.1241207122802734,0.41115590929985046,0.13160692148791867,0.14
17,octanol_dipole,171,0.1440095454454422,0.011295485310256481,0.6123423109909643,0.967925446020091,2.054151773452759,0.022398173809051514,0.010903855352130641,0.12
17,octanol_dipole,172,0.1963810920715332,0.015761617571115494,0.6138353590776973,0.9447730921727935,2.81955623626709,0.04676566645503044,0.016586179716331945,0.04
17,octanol_dipole,173,0.13273365795612335,0.01042309682816267,0.6166795522891486,0.949153056354284,1.823047161102295,0.02595786191523075,0.014238722107186453,0.08
17,octanol_dipole,174,0.10858321934938431,0.014303190633654594,0.6115430371107544,0.9677558209599588,2.567714214324951,0.008040002547204494,0.003131190575006495,0.12
17,octanol_dipole,175,0.056975945830345154,0.014656386338174343,0.6099328341461445,0.9446528377861185,2.619502067565918,0.02239571139216423,0.008549606304748854,0.08
17,octanol_dipole,176,0.1962127387523651,0.01267806626856327,0.607978029869813,0.9577957930216496,2.284376382827759,0.014489207416772842,0.006342740857282503,0.12
17,octanol_dipole,177,0.12123989313840866,0.005988341756165028,0.6515662069637234,0.9701509422942722,1.1514666080474854,0.03768107667565346,0.03272441980714349,0.1
17,octanol_dipole,178,0.6827515959739685,0.008078569546341896,0.6404997522214666,0.9100929287240327,1.7930787801742554,0.6167201399803162,0.3439448097870981,0.54
17,octanol_dipole,179,0.35743144154548645,0.013768020085990429,0.6074661139427444,0.8985908489840571,2.5261483192443848,0.46886715292930603,0.18560555188206543,0.12
17,octanol_dipole,180,0.20182748138904572,0.014789951033890247,0.6084671852762085,0.9382773857980649,2.649693250656128,0.09412556886672974,0.035523194559755916,0.08
17,octanol_dipole,181,0.44515275955200195,0.01440183725208044,0.6119056299568084,0.8910255202893551,2.7493104934692383,0.6197159290313721,0.22540776332955353,0.26
17,octanol_dipole,182,0.14943024516105652,0.013948692940175533,0.6124304406780325,0.9684516943817809,2.4916317462921143,0.0038538845255970955,0.001546731185831212,0.08
17,octanol_dipole,183,0.3070265054702759,0.012225499376654625,0.6094853670189888,0.9384669060955513,2.250286817550659,0.1453440636396408,0.06458912815293545,0.28
17,octanol_dipole,184,0.1468278467655182,0.015174086205661297,0.6118990855269582,0.9677935501690889,2.812042713165283,0.012060708366334438,0.004288949207588209,0.1
17,octanol_dipole,185,0.11690060794353485,0.016589201986789703,0.6068799465873738,0.9513935375979032,3.0069756507873535,0.012830848805606365,0.0042670278365063265,0.08
17,octanol_dipole,186,0.23892955482006073,0.007960166782140732,0.6119836767849203,0.9173024838966306,1.3905856609344482,0.15897981822490692,0.11432580005037257,0.1
17,octanol_dipole,187,0.13341395556926727,0.013832966797053814,0.6117880747936744,0.9565750080420217,2.488710641860962,0.008715206757187843,0.0035018963677798023,0.08
17,octanol_dipole,188,0.1552499234676361,0.013996209017932415,0.6185368945175997,0.9717221858663585,2.6688365936279297,0.007159133907407522,0.0026824924105509317,0.08
17,octanol_dipole,189,0.1281256377696991,0.012660149484872818,0.6123786798164468,0.9554374760519433,2.3370473384857178,0.011641411110758781,0.004981247456588447,0.1
17,octanol_dipole,190,0.29456642270088196,0.018911516293883324,0.6107335388902291,0.9213384283232324,3.52984881401062,0.29079166054725647,0.08238076922531379,0.14
17,octanol_dipole,191,0.4087074398994446,0.013278869912028313,0.6129066378467256,0.9055440936575148,2.470573902130127,0.5093458294868469,0.2061649841956516,0.22
17,octanol_dipole,192,0.6671912670135498,0.005262352526187897,0.6399530916533249,0.9122167426667522,0.9121820330619812,0.5835477709770203,0.6397273239620684,0.44
17,octanol_dipole,193,0.13979531824588776,0.006849199533462524,0.613871139076344,0.9595338760411116,1.162969946861267,0.04058007895946503,0.03489348892375626,0.08
17,octanol_dipole,194,0.3462986350059509,0.015153083018958569,0.6076783640395578,0.902540498236494,2.7914912700653076,0.37627339363098145,0.1347929680690631,0.26
17,octanol_dipole,195,0.19072629511356354,0.015392770059406757,0.6146269415490313,0.9557901032154981,2.9040024280548096,0.008612512610852718,0.0029657387775056526,0.16
17,octanol_dipole,196,0.19845038652420044,0.015372857451438904,0.6128668556786865,0.9457060527166956,2.8197381496429443,0.06766422092914581,0.023996632785818765,0.14
17,octanol_dipole,197,0.16445845365524292,0.0166625939309597,0.6084386871418663,0.9707994591787832,3.061100959777832,0.01559353619813919,0.0050940940540788095,0.12
17,octanol_dipole,198,0.1537853479385376,0.007476498372852802,0.614213109529177,0.9506461707073421,1.2951648235321045,0.033034201711416245,0.02550578977378889,0.16
17,octanol_dipole,199,0.06705564260482788,0.013999064452946186,0.6087679222741575,0.9708033373974434,2.51745867729187,0.00408670911565423,0.0016233470493547345,0.08
17,octanol_dipole,200,0.23350219428539276,0.017345020547509193,0.6161726097590134,0.9428178885270826,3.2428107261657715,0.22943942248821259,0.07075325754811991,0.18
17,octanol_dipole,201,0.14312861859798431,0.017955435439944267,0.6107958980558346,0.9648837326728978,3.2445685863494873,0.02705407328903675,0.008338265186582384,0.08
17,octanol_dipole,202,0.20638661086559296,0.015022766776382923,0.609700875982389,0.9433290355738322,2.8060126304626465,0.12323209643363953,0.04391715671405278,0.14
17,octanol_dipole,203,0.11800236999988556,0.01042440440505743,0.6081510351807571,0.9406448324625569,1.8336305618286133,0.03387366980314255,0.018473552147473787,0.14
17,octanol_dipole,204,0.43601593375205994,0.013157067820429802,0.6141194053777599,0.9219571221589329,2.4281320571899414,0.6431015133857727,0.2648544223455577,0.22
17,octanol_dipole,205,0.10264245420694351,0.016585661098361015,0.614787581125102,0.9614067556946921,3.0986876487731934,0.007188532967120409,0.002319863691316688,0.04
17,octanol_dipole,206,0.08740857988595963,0.012719693593680859,0.6085901266325449,0.9567308977328013,2.281035900115967,0.013322578743100166,0.005840582667911037,0.08
17,octanol_dipole,207,0.07399745285511017,0.004940953105688095,0.6552916904406465,0.9568193176661932,0.9133760333061218,0.06292557716369629,0.0688933964425652,0.06
17,octanol_dipole,208,0.29351380467414856,0.01165567897260189,0.6141857275297731,0.9315740584272121,2.0965802669525146,0.21393826603889465,0.10204153373525009,0.14
17,octanol_dipole,209,0.31546175479888916,0.013883177191019058,0.6147662473825775,0.9173503143754789,2.636413812637329,0.3377726078033447,0.1281182059448607,0.12
17,octanol_dipole,210,0.1417105495929718,0.017017221078276634,0.6067571202045414,0.9670565773106237,3.0262556076049805,0.010562176816165447,0.003490180006481507,0.12
17,octanol_dipole,211,0.18880227208137512,0.020929986611008644,0.6104986757896247,0.9418816484935468,3.8671419620513916,0.1523938775062561,0.039407365698417796,0.12
17,octanol_dipole,212,0.1287255734205246,0.01168055646121502,0.6081018667232179,0.9591918346490829,2.0963799953460693,0.010513397864997387,0.005015024894502411,0.1
17,octanol_dipole,213,0.22284680604934692,0.01597135327756405,0.6091102070482679,0.9425094086746197,2.8597607612609863,0.06735516339540482,0.023552726615391824,0.1
17,octanol_dipole,214,0.18441613018512726,0.015228436328470707,0.6155062459563359,0.9616541828701193,2.7701635360717773,0.009571860544383526,0.003455341325428345,0.14
17,octanol_dipole,215,0.23087218403816223,0.014808671548962593,0.6072661539972404,0.9326815182070729,2.7261621952056885,0.1309092789888382,0.048019622317065074,0.1
17,octanol_dipole,216,0.11968178302049637,0.0117825111374259,0.6105869540604587,0.9752513184654428,2.0921213626861572,0.021198811009526253,0.01013268703604664,0.18
17,octanol_dipole,217,0.26610270142555237,0.017057357355952263,0.6082549428903106,0.9074141179511279,3.142801284790039,0.34247562289237976,0.1089714531268112,0.08
17,octanol_dipole,218,0.10253481566905975,0.009229613468050957,0.6109202176652591,0.9509152910813767,1.625760555267334,0.029366733506321907,0.018063381726894555,0.1
17,octanol_dipole,219,0.11989913880825043,0.017959246411919594,0.6088492225485465,0.9654445348151242,3.2157859802246094,0.00448308140039444,0.0013940857469878375,0.1
17,octanol_dipole,220,0.2918199896812439,0.023756682872772217,0.6267899507361807,0.8944112701477105,4.630646228790283,0.7544848322868347,0.16293294607477227,0.06
17,octanol_dipole,221,0.359649658203125,0.013116155751049519,0.6084513742652398,0.893967836481758,2.414109230041504,0.5125896334648132,0.2123307541705562,0.22
17,octanol_dipole,222,0.16970783472061157,0.011815688572824001,0.6092227902811658,0.9485015106347998,2.175513982772827,0.05327757075428963,0.02448964758497395,0.14
17,octanol_dipole,223,0.210880309343338,0.015360464341938496,0.6114014592347115,0.9469929565699844,2.802198886871338,0.0720873773097992,0.025725289395958948,0.16
17,octanol_dipole,224,0.08753053843975067,0.0058932495303452015,0.6112743252544475,0.9610292633397113,1.000333309173584,0.014358184300363064,0.01435340018041081,0.06
17,octanol_dipole,225,0.1507081687450409,0.012490645051002502,0.6114583296289806,0.9647487943146216,2.2906293869018555,0.01813775859773159,0.007918242340487672,0.1
17,octanol_dipole,226,0.17685657739639282,0.014665812253952026,0.6099654086980677,0.9618089316732572,2.660504102706909,0.035495638847351074,0.013341696715008376,0.12
17,octanol_dipole,227,0.13137128949165344,0.01371079869568348,0.6129877230177563,0.9495720200215292,2.459933280944824,0.04681733250617981,0.019031952154490127,0.02
17,octanol_dipole,228,0.19550780951976776,0.015515961684286594,0.6085641953590857,0.9641515442024475,2.830942392349243,0.00832188781350851,0.0029396175054634843,0.12
17,octanol_dipole,229,0.1600649058818817,0.015405531041324139,0.6097029332379948,0.9660770211224541,2.8233935832977295,0.009312649257481098,0.0032983886173616308,0.12
17,octanol_dipole,230,0.152066171169281,0.017125293612480164,0.6157211333577588,0.9724280382132888,3.0989508628845215,0.0047156051732599735,0.001521677942602375,0.14
17,octanol_dipole,231,0.18407943844795227,0.017561204731464386,0.6117990348085951,0.9468336225343552,3.242039442062378,0.0323517844080925,0.009978837391167691,0.12
17,octanol_dipole,232,0.18884533643722534,0.015434881672263145,0.6134049784327873,0.9567337446534785,2.809455394744873,0.023928212001919746,0.00851702861938218,0.1
17,octanol_dipole,233,0.30717554688453674,0.013804217800498009,0.6073339881761761,0.9176090452302119,2.476949691772461,0.20214976370334625,0.08161238170271093,0.22
17,octanol_dipole,234,0.06431784480810165,0.01532578095793724,0.6096330243068406,0.9524144676048418,2.7167956829071045,0.009288622997701168,0.00341896266110151,0.1
17,octanol_dipole,235,0.277030348777771,0.014459926635026932,0.609675515998144,0.9257315647896973,2.676910877227783,0.1806929111480713,0.06750053305293353,0.22
17,octanol_dipole,236,0.12322685122489929,0.015325620770454407,0.6127443433028479,0.948880268935639,2.745255708694458,0.02791706845164299,0.010169205135691828,0.04
17,octanol_dipole,237,0.07411647588014603,0.015204114839434624,0.6085252001634416,0.9525507609712656,2.7523131370544434,0.0073997508734464645,0.0026885570445540808,0.04
17,octanol_dipole,238,0.3115418553352356,0.017711902037262917,0.6121269356591992,0.888780671893225,3.3414385318756104,0.28956350684165955,0.08665833714412884,0.18
17,octanol_dipole,239,0.3728582561016083,0.01405263040214777,0.6102390231299373,0.9157347551002009,2.6128687858581543,0.38344699144363403,0.1467532520266597,0.2
17,octanol_dipole,240,0.13298121094703674,0.01876761205494404,0.6189145293976639,0.9488435151566903,3.605440616607666,0.02312861941754818,0.006414921746599098,0.04
17,octanol_dipole,241,0.054713305085897446,0.018554653972387314,0.6205851059271836,0.955849241593808,3.602931022644043,0.007735948543995619,0.002147126463253389,0.04
17,octanol_dipole,242,0.11619848757982254,0.013877338729798794,0.6094359392738697,0.9565285644882158,2.50462007522583,0.01741328462958336,0.006952465486412459,0.08
17,octanol_dipole,243,0.19472600519657135,0.0072913458570837975,0.6190423878233651,0.9310820681209979,1.2469919919967651,0.050025034695863724,0.040116564514388234,0.08
17,octanol_dipole,244,0.11937563121318817,0.010764815844595432,0.6087596802830724,0.9510290503530949,1.912335991859436,0.007174014579504728,0.0037514404424973274,0.12
17,octanol_dipole,245,0.08374457061290741,0.014112530276179314,0.6096916428318297,0.9588709559342297,2.4882164001464844,0.010234718210995197,0.004113274958879247,0.12
17,octanol_dipole,246,0.09092602878808975,0.005294200964272022,0.6252374470629121,0.9640279858239389,0.8783347606658936,0.028034301474690437,0.03191755891960457,0.08
17,octanol_dipole,247,0.08852318674325943,0.014238892123103142,0.6098129769887983,0.9572197031246676,2.6171696186065674,0.004084449261426926,0.0015606360521644626,0.1
17,octanol_dipole,248,0.3781116008758545,0.012450278736650944,0.6145911529426795,0.916802338550553,2.2998054027557373,0.3497377634048462,0.1520727636285112,0.22
17,octanol_dipole,249,0.10584665089845657,0.015498766675591469,0.607803768568131,0.957931399339508,2.7824182510375977,0.011270958930253983,0.004050778104999457,0.1
17,hexane_gsolv_eV,0,1.0,0.0,0.670955307416707,0.670955307416707,,,,1.0
17,hexane_gsolv_eV,1,1.0,0.0,0.670955307416707,0.670955307416707,,,,1.0
17,hexane_gsolv_eV,2,1.0,0.0,0.670955307416707,0.670955307416707,,,,1.0
17,hexane_gsolv_eV,3,1.0,0.0,0.670955307416707,0.670955307416707,,,,1.0
17,hexane_gsolv_eV,4,1.0,0.0,0.670955307416707,0.670955307416707,,,,1.0
17,hexane_gsolv_eV,5,1.0,0.0,0.670955307416707,0.670955307416707,,,,1.0
17,hexane_gsolv_eV,6,1.0,0.0,0.670955307416707,0.670955307416707,,,,1.0
17,hexane_gsolv_eV,7,1.0,0.0,0.670955307416707,0.670955307416707,,,,1.0
17,hexane_gsolv_eV,8,1.0,0.0,0.670955307416707,0.670955307416707,,,,1.0
17,hexane_gsolv_eV,9,1.0,0.0,0.670955307416707,0.670955307416707,,,,1.0
17,hexane_gsolv_eV,10,1.0,0.0,0.670955307416707,0.670955307416707,,,,1.0
17,hexane_gsolv_eV,11,1.0,0.0,0.670955307416707,0.670955307416707,,,,1.0
17,hexane_gsolv_eV,12,1.0,0.0,0.670955307416707,0.670955307416707,,,,1.0
17,hexane_gsolv_eV,13,1.0,0.0,0.670955307416707,0.670955307416707,,,,1.0
17,hexane_gsolv_eV,14,1.0,0.0,0.670955307416707,0.670955307416707,,,,1.0
17,hexane_gsolv_eV,15,1.0,0.0,0.670955307416707,0.670955307416707,,,,1.0
17,hexane_gsolv_eV,16,1.0,0.0,0.670955307416707,0.670955307416707,,,,1.0
17,hexane_gsolv_eV,17,1.0,0.0,0.670955307416707,0.670955307416707,,,,1.0
17,hexane_gsolv_eV,18,1.0,0.0,0.670955307416707,0.670955307416707,,,,1.0
17,hexane_gsolv_eV,19,1.0,0.0,0.670955307416707,0.670955307416707,,,,1.0
17,hexane_gsolv_eV,20,1.0,0.0,0.670955307416707,0.670955307416707,,,,1.0
17,hexane_gsolv_eV,21,1.0,0.0,0.670955307416707,0.670955307416707,,,,1.0
17,hexane_gsolv_eV,22,1.0,0.0,0.670955307416707,0.670955307416707,,,,1.0
17,hexane_gsolv_eV,23,1.0,0.0,0.670955307416707,0.670955307416707,,,,1.0
17,hexane_gsolv_eV,24,1.0,0.0,0.670955307416707,0.670955307416707,,,,1.0
17,hexane_gsolv_eV,25,1.0,0.0,0.670955307416707,0.670955307416707,,,,1.0
17,hexane_gsolv_eV,26,1.0,0.0,0.670955307416707,0.670955307416707,,,,1.0
17,hexane_gsolv_eV,27,1.0,0.0,0.670955307416707,0.670955307416707,,,,1.0
17,hexane_gsolv_eV,28,1.0,0.0,0.670955307416707,0.670955307416707,,,,1.0
17,hexane_gsolv_eV,29,1.0,0.0,0.670955307416707,0.670955307416707,,,,1.0
17,hexane_gsolv_eV,30,1.0,0.0,0.670955307416707,0.670955307416707,,,,1.0
17,hexane_gsolv_eV,31,1.0,0.0,0.670955307416707,0.670955307416707,,,,1.0
17,hexane_gsolv_eV,32,1.0,0.0,0.670955307416707,0.670955307416707,,,,1.0
17,hexane_gsolv_eV,33,1.0,0.0,0.670955307416707,0.670955307416707,,,,1.0
17,hexane_gsolv_eV,34,1.0,0.0,0.670955307416707,0.670955307416707,,,,1.0
17,hexane_gsolv_eV,35,1.0,0.0,0.670955307416707,0.670955307416707,,,,1.0
17,hexane_gsolv_eV,36,1.0,0.0,0.670955307416707,0.670955307416707,,,,1.0
17,hexane_gsolv_eV,37,1.0,0.0,0.670955307416707,0.670955307416707,,,,1.0
17,hexane_gsolv_eV,38,1.0,0.0,0.670955307416707,0.670955307416707,,,,1.0
17,hexane_gsolv_eV,39,1.0,0.0,0.670955307416707,0.670955307416707,,,,1.0
17,hexane_gsolv_eV,40,1.0,0.0,0.670955307416707,0.670955307416707,,,,1.0
17,hexane_gsolv_eV,41,1.0,0.0,0.670955307416707,0.670955307416707,,,,1.0
17,hexane_gsolv_eV,42,1.0,0.0,0.670955307416707,0.670955307416707,,,,1.0
17,hexane_gsolv_eV,43,1.0,0.0,0.670955307416707,0.670955307416707,,,,1.0
17,hexane_gsolv_eV,44,1.0,0.0,0.670955307416707,0.670955307416707,,,,1.0
17,hexane_gsolv_eV,45,1.0,0.0,0.670955307416707,0.670955307416707,,,,1.0
17,hexane_gsolv_eV,46,1.0,0.0,0.670955307416707,0.670955307416707,,,,1.0
17,hexane_gsolv_eV,47,1.0,0.0,0.670955307416707,0.670955307416707,,,,1.0
17,hexane_gsolv_eV,48,1.0,0.0,0.670955307416707,0.670955307416707,,,,1.0
17,hexane_gsolv_eV,49,1.0,0.0,0.670955307416707,0.670955307416707,,,,1.0
17,hexane_gsolv_eV,50,1.0,0.0,0.670955307416707,0.670955307416707,,,,1.0
17,hexane_gsolv_eV,51,1.0,0.0,0.670955307416707,0.670955307416707,,,,1.0
17,hexane_gsolv_eV,52,1.0,0.0,0.670955307416707,0.670955307416707,,,,1.0
17,hexane_gsolv_eV,53,1.0,0.0,0.670955307416707,0.670955307416707,,,,1.0
17,hexane_gsolv_eV,54,1.0,0.0,0.670955307416707,0.670955307416707,,,,1.0
17,hexane_gsolv_eV,55,1.0,0.0,0.670955307416707,0.670955307416707,,,,1.0
17,hexane_gsolv_eV,56,1.0,0.0,0.670955307416707,0.670955307416707,,,,1.0
17,hexane_gsolv_eV,57,1.0,0.0,0.670955307416707,0.670955307416707,,,,1.0
17,hexane_gsolv_eV,58,1.0,0.0,0.670955307416707,0.670955307416707,,,,1.0
17,hexane_gsolv_eV,59,1.0,0.0,0.670955307416707,0.670955307416707,,,,1.0
17,hexane_gsolv_eV,60,1.0,0.0,0.670955307416707,0.670955307416707,,,,1.0
17,hexane_gsolv_eV,61,1.0,0.0,0.670955307416707,0.670955307416707,,,,1.0
17,hexane_gsolv_eV,62,1.0,0.0,0.670955307416707,0.670955307416707,,,,1.0
17,hexane_gsolv_eV,63,1.0,0.0,0.670955307416707,0.670955307416707,,,,1.0
17,hexane_gsolv_eV,64,1.0,0.0,0.670955307416707,0.670955307416707,,,,1.0
17,hexane_gsolv_eV,65,1.0,0.0,0.670955307416707,0.670955307416707,,,,1.0
17,hexane_gsolv_eV,66,1.0,0.0,0.670955307416707,0.670955307416707,,,,1.0
17,hexane_gsolv_eV,67,1.0,0.0,0.670955307416707,0.670955307416707,,,,1.0
17,hexane_gsolv_eV,68,1.0,0.0,0.670955307416707,0.670955307416707,,,,1.0
17,hexane_gsolv_eV,69,1.0,0.0,0.670955307416707,0.670955307416707,,,,1.0
17,hexane_gsolv_eV,70,1.0,0.0,0.670955307416707,0.670955307416707,,,,1.0
17,hexane_gsolv_eV,71,1.0,0.0,0.670955307416707,0.670955307416707,,,,1.0
17,hexane_gsolv_eV,72,1.0,0.0,0.670955307416707,0.670955307416707,,,,1.0
17,hexane_gsolv_eV,73,1.0,0.0,0.670955307416707,0.670955307416707,,,,1.0
17,hexane_gsolv_eV,74,1.0,0.0,0.670955307416707,0.670955307416707,,,,1.0
17,hexane_gsolv_eV,75,1.0,0.0,0.670955307416707,0.670955307416707,,,,1.0
17,hexane_gsolv_eV,76,1.0,0.0,0.670955307416707,0.670955307416707,,,,1.0
17,hexane_gsolv_eV,77,1.0,0.0,0.670955307416707,0.670955307416707,,,,1.0
17,hexane_gsolv_eV,78,1.0,0.0,0.670955307416707,0.670955307416707,,,,1.0
17,hexane_gsolv_eV,79,1.0,0.0,0.670955307416707,0.670955307416707,,,,1.0
17,hexane_gsolv_eV,80,1.0,0.0,0.670955307416707,0.670955307416707,,,,1.0
17,hexane_gsolv_eV,81,1.0,0.0,0.670955307416707,0.670955307416707,,,,1.0
17,hexane_gsolv_eV,82,1.0,0.0,0.670955307416707,0.670955307416707,,,,1.0
17,hexane_gsolv_eV,83,1.0,0.0,0.670955307416707,0.670955307416707,,,,1.0
17,hexane_gsolv_eV,84,1.0,0.0,0.670955307416707,0.670955307416707,,,,1.0
17,hexane_gsolv_eV,85,1.0,0.0,0.670955307416707,0.670955307416707,,,,1.0
17,hexane_gsolv_eV,86,1.0,0.0,0.670955307416707,0.670955307416707,,,,1.0
17,hexane_gsolv_eV,87,1.0,0.0,0.670955307416707,0.670955307416707,,,,1.0
17,hexane_gsolv_eV,88,1.0,0.0,0.670955307416707,0.670955307416707,,,,1.0
17,hexane_gsolv_eV,89,1.0,0.0,0.670955307416707,0.670955307416707,,,,1.0
17,hexane_gsolv_eV,90,1.0,0.0,0.670955307416707,0.670955307416707,,,,1.0
17,hexane_gsolv_eV,91,1.0,0.0,0.670955307416707,0.670955307416707,,,,1.0
17,hexane_gsolv_eV,92,1.0,0.0,0.670955307416707,0.670955307416707,,,,1.0
17,hexane_gsolv_eV,93,1.0,0.0,0.670955307416707,0.670955307416707,,,,1.0
17,hexane_gsolv_eV,94,1.0,0.0,0.670955307416707,0.670955307416707,,,,1.0
17,hexane_gsolv_eV,95,1.0,0.0,0.670955307416707,0.670955307416707,,,,1.0
17,hexane_gsolv_eV,96,1.0,0.0,0.670955307416707,0.670955307416707,,,,1.0
17,hexane_gsolv_eV,97,1.0,0.0,0.670955307416707,0.670955307416707,,,,1.0
17,hexane_gsolv_eV,98,1.0,0.0,0.670955307416707,0.670955307416707,,,,1.0
17,hexane_gsolv_eV,99,1.0,0.0,0.670955307416707,0.670955307416707,,,,1.0
17,hexane_gsolv_eV,100,1.0,0.0,0.670955307416707,0.670955307416707,,,,1.0
17,hexane_gsolv_eV,101,1.0,0.0,0.670955307416707,0.670955307416707,,,,1.0
17,hexane_gsolv_eV,102,1.0,0.0,0.670955307416707,0.670955307416707,,,,1.0
17,hexane_gsolv_eV,103,1.0,0.0,0.670955307416707,0.670955307416707,,,,1.0
17,hexane_gsolv_eV,104,1.0,0.0,0.670955307416707,0.670955307416707,,,,1.0
17,hexane_gsolv_eV,105,1.0,0.0,0.670955307416707,0.670955307416707,,,,1.0
17,hexane_gsolv_eV,106,1.0,0.0,0.670955307416707,0.670955307416707,,,,1.0
17,hexane_gsolv_eV,107,1.0,0.0,0.670955307416707,0.670955307416707,,,,1.0
17,hexane_gsolv_eV,108,1.0,0.0,0.670955307416707,0.670955307416707,,,,1.0
17,hexane_gsolv_eV,109,1.0,0.0,0.670955307416707,0.670955307416707,,,,1.0
17,hexane_gsolv_eV,110,1.0,0.0,0.670955307416707,0.670955307416707,,,,1.0
17,hexane_gsolv_eV,111,1.0,0.0,0.670955307416707,0.670955307416707,,,,1.0
17,hexane_gsolv_eV,112,1.0,0.0,0.670955307416707,0.670955307416707,,,,1.0
17,hexane_gsolv_eV,113,1.0,0.0,0.670955307416707,0.670955307416707,,,,1.0
17,hexane_gsolv_eV,114,1.0,0.0,0.670955307416707,0.670955307416707,,,,1.0
17,hexane_gsolv_eV,115,1.0,0.0,0.670955307416707,0.670955307416707,,,,1.0
17,hexane_gsolv_eV,116,1.0,0.0,0.670955307416707,0.670955307416707,,,,1.0
17,hexane_gsolv_eV,117,1.0,0.0,0.670955307416707,0.670955307416707,,,,1.0
17,hexane_gsolv_eV,118,1.0,0.0,0.670955307416707,0.670955307416707,,,,1.0
17,hexane_gsolv_eV,119,1.0,0.0,0.670955307416707,0.670955307416707,,,,1.0
17,hexane_gsolv_eV,120,1.0,0.0,0.670955307416707,0.670955307416707,,,,1.0
17,hexane_gsolv_eV,121,1.0,0.0,0.670955307416707,0.670955307416707,,,,1.0
17,hexane_gsolv_eV,122,1.0,0.0,0.670955307416707,0.670955307416707,,,,1.0
17,hexane_gsolv_eV,123,1.0,0.0,0.670955307416707,0.670955307416707,,,,1.0
17,hexane_gsolv_eV,124,1.0,0.0,0.670955307416707,0.670955307416707,,,,1.0
17,hexane_gsolv_eV,125,1.0,0.0,0.670955307416707,0.670955307416707,,,,1.0
17,hexane_gsolv_eV,126,1.0,0.0,0.670955307416707,0.670955307416707,,,,1.0
17,hexane_gsolv_eV,127,1.0,0.0,0.670955307416707,0.670955307416707,,,,1.0
17,hexane_gsolv_eV,128,1.0,0.0,0.670955307416707,0.670955307416707,,,,1.0
17,hexane_gsolv_eV,129,1.0,0.0,0.670955307416707,0.670955307416707,,,,1.0
17,hexane_gsolv_eV,130,1.0,0.0,0.670955307416707,0.670955307416707,,,,1.0
17,hexane_gsolv_eV,131,1.0,0.0,0.670955307416707,0.670955307416707,,,,1.0
17,hexane_gsolv_eV,132,1.0,0.0,0.670955307416707,0.670955307416707,,,,1.0
17,hexane_gsolv_eV,133,1.0,0.0,0.670955307416707,0.670955307416707,,,,1.0
17,hexane_gsolv_eV,134,1.0,0.0,0.670955307416707,0.670955307416707,,,,1.0
17,hexane_gsolv_eV,135,1.0,0.0,0.670955307416707,0.670955307416707,,,,1.0
17,hexane_gsolv_eV,136,1.0,0.0,0.670955307416707,0.670955307416707,,,,1.0
17,hexane_gsolv_eV,137,1.0,0.0,0.670955307416707,0.670955307416707,,,,1.0
17,hexane_gsolv_eV,138,1.0,0.0,0.670955307416707,0.670955307416707,,,,1.0
17,hexane_gsolv_eV,139,1.0,0.0,0.670955307416707,0.670955307416707,,,,1.0
17,hexane_gsolv_eV,140,1.0,0.0,0.670955307416707,0.670955307416707,,,,1.0
17,hexane_gsolv_eV,141,1.0,0.0,0.670955307416707,0.670955307416707,,,,1.0
17,hexane_gsolv_eV,142,1.0,0.0,0.670955307416707,0.670955307416707,,,,1.0
17,hexane_gsolv_eV,143,1.0,0.0,0.670955307416707,0.670955307416707,,,,1.0
17,hexane_gsolv_eV,144,1.0,0.0,0.670955307416707,0.670955307416707,,,,1.0
17,hexane_gsolv_eV,145,1.0,0.0,0.670955307416707,0.670955307416707,,,,1.0
17,hexane_gsolv_eV,146,1.0,0.0,0.670955307416707,0.670955307416707,,,,1.0
17,hexane_gsolv_eV,147,1.0,0.0,0.670955307416707,0.670955307416707,,,,1.0
17,hexane_gsolv_eV,148,1.0,0.0,0.670955307416707,0.670955307416707,,,,1.0
17,hexane_gsolv_eV,149,1.0,0.0,0.670955307416707,0.670955307416707,,,,1.0
17,hexane_gsolv_eV,150,1.0,0.0,0.670955307416707,0.670955307416707,,,,1.0
17,hexane_gsolv_eV,151,1.0,0.0,0.670955307416707,0.670955307416707,,,,1.0
17,hexane_gsolv_eV,152,1.0,0.0,0.670955307416707,0.670955307416707,,,,1.0
17,hexane_gsolv_eV,153,1.0,0.0,0.670955307416707,0.670955307416707,,,,1.0
17,hexane_gsolv_eV,154,1.0,0.0,0.670955307416707,0.670955307416707,,,,1.0
17,hexane_gsolv_eV,155,1.0,0.0,0.670955307416707,0.670955307416707,,,,1.0
17,hexane_gsolv_eV,156,1.0,0.0,0.670955307416707,0.670955307416707,,,,1.0
17,hexane_gsolv_eV,157,1.0,0.0,0.670955307416707,0.670955307416707,,,,1.0
17,hexane_gsolv_eV,158,1.0,0.0,0.670955307416707,0.670955307416707,,,,1.0
17,hexane_gsolv_eV,159,1.0,0.0,0.670955307416707,0.670955307416707,,,,1.0
17,hexane_gsolv_eV,160,1.0,0.0,0.670955307416707,0.670955307416707,,,,1.0
17,hexane_gsolv_eV,161,1.0,0.0,0.670955307416707,0.670955307416707,,,,1.0
17,hexane_gsolv_eV,162,1.0,0.0,0.670955307416707,0.670955307416707,,,,1.0
17,hexane_gsolv_eV,163,1.0,0.0,0.670955307416707,0.670955307416707,,,,1.0
17,hexane_gsolv_eV,164,1.0,0.0,0.670955307416707,0.670955307416707,,,,1.0
17,hexane_gsolv_eV,165,1.0,0.0,0.670955307416707,0.670955307416707,,,,1.0
17,hexane_gsolv_eV,166,1.0,0.0,0.670955307416707,0.670955307416707,,,,1.0
17,hexane_gsolv_eV,167,1.0,0.0,0.670955307416707,0.670955307416707,,,,1.0
17,hexane_gsolv_eV,168,1.0,0.0,0.670955307416707,0.670955307416707,,,,1.0
17,hexane_gsolv_eV,169,1.0,0.0,0.670955307416707,0.670955307416707,,,,1.0
17,hexane_gsolv_eV,170,1.0,0.0,0.670955307416707,0.670955307416707,,,,1.0
17,hexane_gsolv_eV,171,1.0,0.0,0.670955307416707,0.670955307416707,,,,1.0
17,hexane_gsolv_eV,172,1.0,0.0,0.670955307416707,0.670955307416707,,,,1.0
17,hexane_gsolv_eV,173,1.0,0.0,0.670955307416707,0.670955307416707,,,,1.0
17,hexane_gsolv_eV,174,1.0,0.0,0.670955307416707,0.670955307416707,,,,1.0
17,hexane_gsolv_eV,175,1.0,0.0,0.670955307416707,0.670955307416707,,,,1.0
17,hexane_gsolv_eV,176,1.0,0.0,0.670955307416707,0.670955307416707,,,,1.0
17,hexane_gsolv_eV,177,1.0,0.0,0.670955307416707,0.670955307416707,,,,1.0
17,hexane_gsolv_eV,178,1.0,0.0,0.670955307416707,0.670955307416707,,,,1.0
17,hexane_gsolv_eV,179,1.0,0.0,0.670955307416707,0.670955307416707,,,,1.0
17,hexane_gsolv_eV,180,1.0,0.0,0.670955307416707,0.670955307416707,,,,1.0
17,hexane_gsolv_eV,181,1.0,0.0,0.670955307416707,0.670955307416707,,,,1.0
17,hexane_gsolv_eV,182,1.0,0.0,0.670955307416707,0.670955307416707,,,,1.0
17,hexane_gsolv_eV,183,1.0,0.0,0.670955307416707,0.670955307416707,,,,1.0
17,hexane_gsolv_eV,184,1.0,0.0,0.670955307416707,0.670955307416707,,,,1.0
17,hexane_gsolv_eV,185,1.0,0.0,0.670955307416707,0.670955307416707,,,,1.0
17,hexane_gsolv_eV,186,1.0,0.0,0.670955307416707,0.670955307416707,,,,1.0
17,hexane_gsolv_eV,187,1.0,0.0,0.670955307416707,0.670955307416707,,,,1.0
17,hexane_gsolv_eV,188,1.0,0.0,0.670955307416707,0.670955307416707,,,,1.0
17,hexane_gsolv_eV,189,1.0,0.0,0.670955307416707,0.670955307416707,,,,1.0
17,hexane_gsolv_eV,190,1.0,0.0,0.670955307416707,0.670955307416707,,,,1.0
17,hexane_gsolv_eV,191,1.0,0.0,0.670955307416707,0.670955307416707,,,,1.0
17,hexane_gsolv_eV,192,1.0,0.0,0.670955307416707,0.670955307416707,,,,1.0
17,hexane_gsolv_eV,193,1.0,0.0,0.670955307416707,0.670955307416707,,,,1.0
17,hexane_gsolv_eV,194,1.0,0.0,0.670955307416707,0.670955307416707,,,,1.0
17,hexane_gsolv_eV,195,1.0,0.0,0.670955307416707,0.670955307416707,,,,1.0
17,hexane_gsolv_eV,196,1.0,0.0,0.670955307416707,0.670955307416707,,,,1.0
17,hexane_gsolv_eV,197,1.0,0.0,0.670955307416707,0.670955307416707,,,,1.0
17,hexane_gsolv_eV,198,1.0,0.0,0.670955307416707,0.670955307416707,,,,1.0
17,hexane_gsolv_eV,199,1.0,0.0,0.670955307416707,0.670955307416707,,,,1.0
17,hexane_gsolv_eV,200,1.0,0.0,0.670955307416707,0.670955307416707,,,,1.0
17,hexane_gsolv_eV,201,1.0,0.0,0.670955307416707,0.670955307416707,,,,1.0
17,hexane_gsolv_eV,202,1.0,0.0,0.670955307416707,0.670955307416707,,,,1.0
17,hexane_gsolv_eV,203,1.0,0.0,0.670955307416707,0.670955307416707,,,,1.0
17,hexane_gsolv_eV,204,1.0,0.0,0.670955307416707,0.670955307416707,,,,1.0
17,hexane_gsolv_eV,205,1.0,0.0,0.670955307416707,0.670955307416707,,,,1.0
17,hexane_gsolv_eV,206,1.0,0.0,0.670955307416707,0.670955307416707,,,,1.0
17,hexane_gsolv_eV,207,1.0,0.0,0.670955307416707,0.670955307416707,,,,1.0
17,hexane_gsolv_eV,208,1.0,0.0,0.670955307416707,0.670955307416707,,,,1.0
17,hexane_gsolv_eV,209,1.0,0.0,0.670955307416707,0.670955307416707,,,,1.0
17,hexane_gsolv_eV,210,1.0,0.0,0.670955307416707,0.670955307416707,,,,1.0
17,hexane_gsolv_eV,211,1.0,0.0,0.670955307416707,0.670955307416707,,,,1.0
17,hexane_gsolv_eV,212,1.0,0.0,0.670955307416707,0.670955307416707,,,,1.0
17,hexane_gsolv_eV,213,1.0,0.0,0.670955307416707,0.670955307416707,,,,1.0
17,hexane_gsolv_eV,214,1.0,0.0,0.670955307416707,0.670955307416707,,,,1.0
17,hexane_gsolv_eV,215,1.0,0.0,0.670955307416707,0.670955307416707,,,,1.0
17,hexane_gsolv_eV,216,1.0,0.0,0.670955307416707,0.670955307416707,,,,1.0
17,hexane_gsolv_eV,217,1.0,0.0,0.670955307416707,0.670955307416707,,,,1.0
17,hexane_gsolv_eV,218,1.0,0.0,0.670955307416707,0.670955307416707,,,,1.0
17,hexane_gsolv_eV,219,1.0,0.0,0.670955307416707,0.670955307416707,,,,1.0
17,hexane_gsolv_eV,220,1.0,0.0,0.670955307416707,0.670955307416707,,,,1.0
17,hexane_gsolv_eV,221,1.0,0.0,0.670955307416707,0.670955307416707,,,,1.0
17,hexane_gsolv_eV,222,1.0,0.0,0.670955307416707,0.670955307416707,,,,1.0
17,hexane_gsolv_eV,223,1.0,0.0,0.670955307416707,0.670955307416707,,,,1.0
17,hexane_gsolv_eV,224,1.0,0.0,0.670955307416707,0.670955307416707,,,,1.0
17,hexane_gsolv_eV,225,1.0,0.0,0.670955307416707,0.670955307416707,,,,1.0
17,hexane_gsolv_eV,226,1.0,0.0,0.670955307416707,0.670955307416707,,,,1.0
17,hexane_gsolv_eV,227,1.0,0.0,0.670955307416707,0.670955307416707,,,,1.0
17,hexane_gsolv_eV,228,1.0,0.0,0.670955307416707,0.670955307416707,,,,1.0
17,hexane_gsolv_eV,229,1.0,0.0,0.670955307416707,0.670955307416707,,,,1.0
17,hexane_gsolv_eV,230,1.0,0.0,0.670955307416707,0.670955307416707,,,,1.0
17,hexane_gsolv_eV,231,1.0,0.0,0.670955307416707,0.670955307416707,,,,1.0
17,hexane_gsolv_eV,232,1.0,0.0,0.670955307416707,0.670955307416707,,,,1.0
17,hexane_gsolv_eV,233,1.0,0.0,0.670955307416707,0.670955307416707,,,,1.0
17,hexane_gsolv_eV,234,1.0,0.0,0.670955307416707,0.670955307416707,,,,1.0
17,hexane_gsolv_eV,235,1.0,0.0,0.670955307416707,0.670955307416707,,,,1.0
17,hexane_gsolv_eV,236,1.0,0.0,0.670955307416707,0.670955307416707,,,,1.0
17,hexane_gsolv_eV,237,1.0,0.0,0.670955307416707,0.670955307416707,,,,1.0
17,hexane_gsolv_eV,238,1.0,0.0,0.670955307416707,0.670955307416707,,,,1.0
17,hexane_gsolv_eV,239,1.0,0.0,0.670955307416707,0.670955307416707,,,,1.0
17,hexane_gsolv_eV,240,1.0,0.0,0.670955307416707,0.670955307416707,,,,1.0
17,hexane_gsolv_eV,241,1.0,0.0,0.670955307416707,0.670955307416707,,,,1.0
17,hexane_gsolv_eV,242,1.0,0.0,0.670955307416707,0.670955307416707,,,,1.0
17,hexane_gsolv_eV,243,1.0,0.0,0.670955307416707,0.670955307416707,,,,1.0
17,hexane_gsolv_eV,244,1.0,0.0,0.670955307416707,0.670955307416707,,,,1.0
17,hexane_gsolv_eV,245,1.0,0.0,0.670955307416707,0.670955307416707,,,,1.0
17,hexane_gsolv_eV,246,1.0,0.0,0.670955307416707,0.670955307416707,,,,1.0
17,hexane_gsolv_eV,247,1.0,0.0,0.670955307416707,0.670955307416707,,,,1.0
17,hexane_gsolv_eV,248,1.0,0.0,0.670955307416707,0.670955307416707,,,,1.0
17,hexane_gsolv_eV,249,1.0,0.0,0.670955307416707,0.670955307416707,,,,1.0
17,hexane_hl_gap_eV,0,0.9999998807907104,0.0,0.7020812926565982,0.7020812926565982,,,,1.0
17,hexane_hl_gap_eV,1,0.9999998807907104,0.0,0.7020812926565982,0.7020812926565982,,,,1.0
17,hexane_hl_gap_eV,2,0.9999998807907104,0.0,0.7020812926565982,0.7020812926565982,,,,1.0
17,hexane_hl_gap_eV,3,0.9999998807907104,0.0,0.7020812926565982,0.7020812926565982,,,,1.0
17,hexane_hl_gap_eV,4,0.9999998807907104,0.0,0.7020812926565982,0.7020812926565982,,,,1.0
17,hexane_hl_gap_eV,5,0.9999998807907104,0.0,0.7020812926565982,0.7020812926565982,,,,1.0
17,hexane_hl_gap_eV,6,0.9999998807907104,0.0,0.7020812926565982,0.7020812926565982,,,,1.0
17,hexane_hl_gap_eV,7,0.9999998807907104,0.0,0.7020812926565982,0.7020812926565982,,,,1.0
17,hexane_hl_gap_eV,8,0.9999998807907104,0.0,0.7020812926565982,0.7020812926565982,,,,1.0
17,hexane_hl_gap_eV,9,0.9999998807907104,0.0,0.7020812926565982,0.7020812926565982,,,,1.0
17,hexane_hl_gap_eV,10,0.9999998807907104,0.0,0.7020812926565982,0.7020812926565982,,,,1.0
17,hexane_hl_gap_eV,11,0.9999998807907104,0.0,0.7020812926565982,0.7020812926565982,,,,1.0
17,hexane_hl_gap_eV,12,0.9999998807907104,0.0,0.7020812926565982,0.7020812926565982,,,,1.0
17,hexane_hl_gap_eV,13,0.9999998807907104,0.0,0.7020812926565982,0.7020812926565982,,,,1.0
17,hexane_hl_gap_eV,14,0.9999998807907104,0.0,0.7020812926565982,0.7020812926565982,,,,1.0
17,hexane_hl_gap_eV,15,0.9999998807907104,0.0,0.7020812926565982,0.7020812926565982,,,,1.0
17,hexane_hl_gap_eV,16,0.9999998807907104,0.0,0.7020812926565982,0.7020812926565982,,,,1.0
17,hexane_hl_gap_eV,17,0.9999998807907104,0.0,0.7020812926565982,0.7020812926565982,,,,1.0
17,hexane_hl_gap_eV,18,0.9999998807907104,0.0,0.7020812926565982,0.7020812926565982,,,,1.0
17,hexane_hl_gap_eV,19,0.9999998807907104,0.0,0.7020812926565982,0.7020812926565982,,,,1.0
17,hexane_hl_gap_eV,20,0.9999998807907104,0.0,0.7020812926565982,0.7020812926565982,,,,1.0
17,hexane_hl_gap_eV,21,0.9999998807907104,0.0,0.7020812926565982,0.7020812926565982,,,,1.0
17,hexane_hl_gap_eV,22,0.9999998807907104,0.0,0.7020812926565982,0.7020812926565982,,,,1.0
17,hexane_hl_gap_eV,23,0.9999998807907104,0.0,0.7020812926565982,0.7020812926565982,,,,1.0
17,hexane_hl_gap_eV,24,0.9999998807907104,0.0,0.7020812926565982,0.7020812926565982,,,,1.0
17,hexane_hl_gap_eV,25,0.9999998807907104,0.0,0.7020812926565982,0.7020812926565982,,,,1.0
17,hexane_hl_gap_eV,26,0.9999998807907104,0.0,0.7020812926565982,0.7020812926565982,,,,1.0
17,hexane_hl_gap_eV,27,0.9999998807907104,0.0,0.7020812926565982,0.7020812926565982,,,,1.0
17,hexane_hl_gap_eV,28,0.9999998807907104,0.0,0.7020812926565982,0.7020812926565982,,,,1.0
17,hexane_hl_gap_eV,29,0.9999998807907104,0.0,0.7020812926565982,0.7020812926565982,,,,1.0
17,hexane_hl_gap_eV,30,0.9999998807907104,0.0,0.7020812926565982,0.7020812926565982,,,,1.0
17,hexane_hl_gap_eV,31,0.9999998807907104,0.0,0.7020812926565982,0.7020812926565982,,,,1.0
17,hexane_hl_gap_eV,32,0.9999998807907104,0.0,0.7020812926565982,0.7020812926565982,,,,1.0
17,hexane_hl_gap_eV,33,0.9999998807907104,0.0,0.7020812926565982,0.7020812926565982,,,,1.0
17,hexane_hl_gap_eV,34,0.9999998807907104,0.0,0.7020812926565982,0.7020812926565982,,,,1.0
17,hexane_hl_gap_eV,35,0.9999998807907104,0.0,0.7020812926565982,0.7020812926565982,,,,1.0
17,hexane_hl_gap_eV,36,0.9999998807907104,0.0,0.7020812926565982,0.7020812926565982,,,,1.0
17,hexane_hl_gap_eV,37,0.9999998807907104,0.0,0.7020812926565982,0.7020812926565982,,,,1.0
17,hexane_hl_gap_eV,38,0.9999998807907104,0.0,0.7020812926565982,0.7020812926565982,,,,1.0
17,hexane_hl_gap_eV,39,0.9999998807907104,0.0,0.7020812926565982,0.7020812926565982,,,,1.0
17,hexane_hl_gap_eV,40,0.9999998807907104,0.0,0.7020812926565982,0.7020812926565982,,,,1.0
17,hexane_hl_gap_eV,41,0.9999998807907104,0.0,0.7020812926565982,0.7020812926565982,,,,1.0
17,hexane_hl_gap_eV,42,0.9999998807907104,0.0,0.7020812926565982,0.7020812926565982,,,,1.0
17,hexane_hl_gap_eV,43,0.9999998807907104,0.0,0.7020812926565982,0.7020812926565982,,,,1.0
17,hexane_hl_gap_eV,44,0.9999998807907104,0.0,0.7020812926565982,0.7020812926565982,,,,1.0
17,hexane_hl_gap_eV,45,0.9999998807907104,0.0,0.7020812926565982,0.7020812926565982,,,,1.0
17,hexane_hl_gap_eV,46,0.9999998807907104,0.0,0.7020812926565982,0.7020812926565982,,,,1.0
17,hexane_hl_gap_eV,47,0.9999998807907104,0.0,0.7020812926565982,0.7020812926565982,,,,1.0
17,hexane_hl_gap_eV,48,0.9999998807907104,0.0,0.7020812926565982,0.7020812926565982,,,,1.0
17,hexane_hl_gap_eV,49,0.9999998807907104,0.0,0.7020812926565982,0.7020812926565982,,,,1.0
17,hexane_hl_gap_eV,50,0.9999998807907104,0.0,0.7020812926565982,0.7020812926565982,,,,1.0
17,hexane_hl_gap_eV,51,0.9999998807907104,0.0,0.7020812926565982,0.7020812926565982,,,,1.0
17,hexane_hl_gap_eV,52,0.9999998807907104,0.0,0.7020812926565982,0.7020812926565982,,,,1.0
17,hexane_hl_gap_eV,53,0.9999998807907104,0.0,0.7020812926565982,0.7020812926565982,,,,1.0
17,hexane_hl_gap_eV,54,0.9999998807907104,0.0,0.7020812926565982,0.7020812926565982,,,,1.0
17,hexane_hl_gap_eV,55,0.9999998807907104,0.0,0.7020812926565982,0.7020812926565982,,,,1.0
17,hexane_hl_gap_eV,56,0.9999998807907104,0.0,0.7020812926565982,0.7020812926565982,,,,1.0
17,hexane_hl_gap_eV,57,0.9999998807907104,0.0,0.7020812926565982,0.7020812926565982,,,,1.0
17,hexane_hl_gap_eV,58,0.9999998807907104,0.0,0.7020812926565982,0.7020812926565982,,,,1.0
17,hexane_hl_gap_eV,59,0.9999998807907104,0.0,0.7020812926565982,0.7020812926565982,,,,1.0
17,hexane_hl_gap_eV,60,0.9999998807907104,0.0,0.7020812926565982,0.7020812926565982,,,,1.0
17,hexane_hl_gap_eV,61,0.9999998807907104,0.0,0.7020812926565982,0.7020812926565982,,,,1.0
17,hexane_hl_gap_eV,62,0.9999998807907104,0.0,0.7020812926565982,0.7020812926565982,,,,1.0
17,hexane_hl_gap_eV,63,0.9999998807907104,0.0,0.7020812926565982,0.7020812926565982,,,,1.0
17,hexane_hl_gap_eV,64,0.9999998807907104,0.0,0.7020812926565982,0.7020812926565982,,,,1.0
17,hexane_hl_gap_eV,65,0.9999998807907104,0.0,0.7020812926565982,0.7020812926565982,,,,1.0
17,hexane_hl_gap_eV,66,0.9999998807907104,0.0,0.7020812926565982,0.7020812926565982,,,,1.0
17,hexane_hl_gap_eV,67,0.9999998807907104,0.0,0.7020812926565982,0.7020812926565982,,,,1.0
17,hexane_hl_gap_eV,68,0.9999998807907104,0.0,0.7020812926565982,0.7020812926565982,,,,1.0
17,hexane_hl_gap_eV,69,0.9999998807907104,0.0,0.7020812926565982,0.7020812926565982,,,,1.0
17,hexane_hl_gap_eV,70,0.9999998807907104,0.0,0.7020812926565982,0.7020812926565982,,,,1.0
17,hexane_hl_gap_eV,71,0.9999998807907104,0.0,0.7020812926565982,0.7020812926565982,,,,1.0
17,hexane_hl_gap_eV,72,0.9999998807907104,0.0,0.7020812926565982,0.7020812926565982,,,,1.0
17,hexane_hl_gap_eV,73,0.9999998807907104,0.0,0.7020812926565982,0.7020812926565982,,,,1.0
17,hexane_hl_gap_eV,74,0.9999998807907104,0.0,0.7020812926565982,0.7020812926565982,,,,1.0
17,hexane_hl_gap_eV,75,0.9999998807907104,0.0,0.7020812926565982,0.7020812926565982,,,,1.0
17,hexane_hl_gap_eV,76,0.9999998807907104,0.0,0.7020812926565982,0.7020812926565982,,,,1.0
17,hexane_hl_gap_eV,77,0.9999998807907104,0.0,0.7020812926565982,0.7020812926565982,,,,1.0
17,hexane_hl_gap_eV,78,0.9999998807907104,0.0,0.7020812926565982,0.7020812926565982,,,,1.0
17,hexane_hl_gap_eV,79,0.9999998807907104,0.0,0.7020812926565982,0.7020812926565982,,,,1.0
17,hexane_hl_gap_eV,80,0.9999998807907104,0.0,0.7020812926565982,0.7020812926565982,,,,1.0
17,hexane_hl_gap_eV,81,0.9999998807907104,0.0,0.7020812926565982,0.7020812926565982,,,,1.0
17,hexane_hl_gap_eV,82,0.9999998807907104,0.0,0.7020812926565982,0.7020812926565982,,,,1.0
17,hexane_hl_gap_eV,83,0.9999998807907104,0.0,0.7020812926565982,0.7020812926565982,,,,1.0
17,hexane_hl_gap_eV,84,0.9999998807907104,0.0,0.7020812926565982,0.7020812926565982,,,,1.0
17,hexane_hl_gap_eV,85,0.9999998807907104,0.0,0.7020812926565982,0.7020812926565982,,,,1.0
17,hexane_hl_gap_eV,86,0.9999998807907104,0.0,0.7020812926565982,0.7020812926565982,,,,1.0
17,hexane_hl_gap_eV,87,0.9999998807907104,0.0,0.7020812926565982,0.7020812926565982,,,,1.0
17,hexane_hl_gap_eV,88,0.9999998807907104,0.0,0.7020812926565982,0.7020812926565982,,,,1.0
17,hexane_hl_gap_eV,89,0.9999998807907104,0.0,0.7020812926565982,0.7020812926565982,,,,1.0
17,hexane_hl_gap_eV,90,0.9999998807907104,0.0,0.7020812926565982,0.7020812926565982,,,,1.0
17,hexane_hl_gap_eV,91,0.9999998807907104,0.0,0.7020812926565982,0.7020812926565982,,,,1.0
17,hexane_hl_gap_eV,92,0.9999998807907104,0.0,0.7020812926565982,0.7020812926565982,,,,1.0
17,hexane_hl_gap_eV,93,0.9999998807907104,0.0,0.7020812926565982,0.7020812926565982,,,,1.0
17,hexane_hl_gap_eV,94,0.9999998807907104,0.0,0.7020812926565982,0.7020812926565982,,,,1.0
17,hexane_hl_gap_eV,95,0.9999998807907104,0.0,0.7020812926565982,0.7020812926565982,,,,1.0
17,hexane_hl_gap_eV,96,0.9999998807907104,0.0,0.7020812926565982,0.7020812926565982,,,,1.0
17,hexane_hl_gap_eV,97,0.9999998807907104,0.0,0.7020812926565982,0.7020812926565982,,,,1.0
17,hexane_hl_gap_eV,98,0.9999998807907104,0.0,0.7020812926565982,0.7020812926565982,,,,1.0
17,hexane_hl_gap_eV,99,0.9999998807907104,0.0,0.7020812926565982,0.7020812926565982,,,,1.0
17,hexane_hl_gap_eV,100,0.9999998807907104,0.0,0.7020812926565982,0.7020812926565982,,,,1.0
17,hexane_hl_gap_eV,101,0.9999998807907104,0.0,0.7020812926565982,0.7020812926565982,,,,1.0
17,hexane_hl_gap_eV,102,0.9999998807907104,0.0,0.7020812926565982,0.7020812926565982,,,,1.0
17,hexane_hl_gap_eV,103,0.9999998807907104,0.0,0.7020812926565982,0.7020812926565982,,,,1.0
17,hexane_hl_gap_eV,104,0.9999998807907104,0.0,0.7020812926565982,0.7020812926565982,,,,1.0
17,hexane_hl_gap_eV,105,0.9999998807907104,0.0,0.7020812926565982,0.7020812926565982,,,,1.0
17,hexane_hl_gap_eV,106,0.9999998807907104,0.0,0.7020812926565982,0.7020812926565982,,,,1.0
17,hexane_hl_gap_eV,107,0.9999998807907104,0.0,0.7020812926565982,0.7020812926565982,,,,1.0
17,hexane_hl_gap_eV,108,0.9999998807907104,0.0,0.7020812926565982,0.7020812926565982,,,,1.0
17,hexane_hl_gap_eV,109,0.9999998807907104,0.0,0.7020812926565982,0.7020812926565982,,,,1.0
17,hexane_hl_gap_eV,110,0.9999998807907104,0.0,0.7020812926565982,0.7020812926565982,,,,1.0
17,hexane_hl_gap_eV,111,0.9999998807907104,0.0,0.7020812926565982,0.7020812926565982,,,,1.0
17,hexane_hl_gap_eV,112,0.9999998807907104,0.0,0.7020812926565982,0.7020812926565982,,,,1.0
17,hexane_hl_gap_eV,113,0.9999998807907104,0.0,0.7020812926565982,0.7020812926565982,,,,1.0
17,hexane_hl_gap_eV,114,0.9999998807907104,0.0,0.7020812926565982,0.7020812926565982,,,,1.0
17,hexane_hl_gap_eV,115,0.9999998807907104,0.0,0.7020812926565982,0.7020812926565982,,,,1.0
17,hexane_hl_gap_eV,116,0.9999998807907104,0.0,0.7020812926565982,0.7020812926565982,,,,1.0
17,hexane_hl_gap_eV,117,0.9999998807907104,0.0,0.7020812926565982,0.7020812926565982,,,,1.0
17,hexane_hl_gap_eV,118,0.9999998807907104,0.0,0.7020812926565982,0.7020812926565982,,,,1.0
17,hexane_hl_gap_eV,119,0.9999998807907104,0.0,0.7020812926565982,0.7020812926565982,,,,1.0
17,hexane_hl_gap_eV,120,0.9999998807907104,0.0,0.7020812926565982,0.7020812926565982,,,,1.0
17,hexane_hl_gap_eV,121,0.9999998807907104,0.0,0.7020812926565982,0.7020812926565982,,,,1.0
17,hexane_hl_gap_eV,122,0.9999998807907104,0.0,0.7020812926565982,0.7020812926565982,,,,1.0
17,hexane_hl_gap_eV,123,0.9999998807907104,0.0,0.7020812926565982,0.7020812926565982,,,,1.0
17,hexane_hl_gap_eV,124,0.9999998807907104,0.0,0.7020812926565982,0.7020812926565982,,,,1.0
17,hexane_hl_gap_eV,125,0.9999998807907104,0.0,0.7020812926565982,0.7020812926565982,,,,1.0
17,hexane_hl_gap_eV,126,0.9999998807907104,0.0,0.7020812926565982,0.7020812926565982,,,,1.0
17,hexane_hl_gap_eV,127,0.9999998807907104,0.0,0.7020812926565982,0.7020812926565982,,,,1.0
17,hexane_hl_gap_eV,128,0.9999998807907104,0.0,0.7020812926565982,0.7020812926565982,,,,1.0
17,hexane_hl_gap_eV,129,0.9999998807907104,0.0,0.7020812926565982,0.7020812926565982,,,,1.0
17,hexane_hl_gap_eV,130,0.9999998807907104,0.0,0.7020812926565982,0.7020812926565982,,,,1.0
17,hexane_hl_gap_eV,131,0.9999998807907104,0.0,0.7020812926565982,0.7020812926565982,,,,1.0
17,hexane_hl_gap_eV,132,0.9999998807907104,0.0,0.7020812926565982,0.7020812926565982,,,,1.0
17,hexane_hl_gap_eV,133,0.9999998807907104,0.0,0.7020812926565982,0.7020812926565982,,,,1.0
17,hexane_hl_gap_eV,134,0.9999998807907104,0.0,0.7020812926565982,0.7020812926565982,,,,1.0
17,hexane_hl_gap_eV,135,0.9999998807907104,0.0,0.7020812926565982,0.7020812926565982,,,,1.0
17,hexane_hl_gap_eV,136,0.9999998807907104,0.0,0.7020812926565982,0.7020812926565982,,,,1.0
17,hexane_hl_gap_eV,137,0.9999998807907104,0.0,0.7020812926565982,0.7020812926565982,,,,1.0
17,hexane_hl_gap_eV,138,0.9999998807907104,0.0,0.7020812926565982,0.7020812926565982,,,,1.0
17,hexane_hl_gap_eV,139,0.9999998807907104,0.0,0.7020812926565982,0.7020812926565982,,,,1.0
17,hexane_hl_gap_eV,140,0.9999998807907104,0.0,0.7020812926565982,0.7020812926565982,,,,1.0
17,hexane_hl_gap_eV,141,0.9999998807907104,0.0,0.7020812926565982,0.7020812926565982,,,,1.0
17,hexane_hl_gap_eV,142,0.9999998807907104,0.0,0.7020812926565982,0.7020812926565982,,,,1.0
17,hexane_hl_gap_eV,143,0.9999998807907104,0.0,0.7020812926565982,0.7020812926565982,,,,1.0
17,hexane_hl_gap_eV,144,0.9999998807907104,0.0,0.7020812926565982,0.7020812926565982,,,,1.0
17,hexane_hl_gap_eV,145,0.9999998807907104,0.0,0.7020812926565982,0.7020812926565982,,,,1.0
17,hexane_hl_gap_eV,146,0.9999998807907104,0.0,0.7020812926565982,0.7020812926565982,,,,1.0
17,hexane_hl_gap_eV,147,0.9999998807907104,0.0,0.7020812926565982,0.7020812926565982,,,,1.0
17,hexane_hl_gap_eV,148,0.9999998807907104,0.0,0.7020812926565982,0.7020812926565982,,,,1.0
17,hexane_hl_gap_eV,149,0.9999998807907104,0.0,0.7020812926565982,0.7020812926565982,,,,1.0
17,hexane_hl_gap_eV,150,0.9999998807907104,0.0,0.7020812926565982,0.7020812926565982,,,,1.0
17,hexane_hl_gap_eV,151,0.9999998807907104,0.0,0.7020812926565982,0.7020812926565982,,,,1.0
17,hexane_hl_gap_eV,152,0.9999998807907104,0.0,0.7020812926565982,0.7020812926565982,,,,1.0
17,hexane_hl_gap_eV,153,0.9999998807907104,0.0,0.7020812926565982,0.7020812926565982,,,,1.0
17,hexane_hl_gap_eV,154,0.9999998807907104,0.0,0.7020812926565982,0.7020812926565982,,,,1.0
17,hexane_hl_gap_eV,155,0.9999998807907104,0.0,0.7020812926565982,0.7020812926565982,,,,1.0
17,hexane_hl_gap_eV,156,0.9999998807907104,0.0,0.7020812926565982,0.7020812926565982,,,,1.0
17,hexane_hl_gap_eV,157,0.9999998807907104,0.0,0.7020812926565982,0.7020812926565982,,,,1.0
17,hexane_hl_gap_eV,158,0.9999998807907104,0.0,0.7020812926565982,0.7020812926565982,,,,1.0
17,hexane_hl_gap_eV,159,0.9999998807907104,0.0,0.7020812926565982,0.7020812926565982,,,,1.0
17,hexane_hl_gap_eV,160,0.9999998807907104,0.0,0.7020812926565982,0.7020812926565982,,,,1.0
17,hexane_hl_gap_eV,161,0.9999998807907104,0.0,0.7020812926565982,0.7020812926565982,,,,1.0
17,hexane_hl_gap_eV,162,0.9999998807907104,0.0,0.7020812926565982,0.7020812926565982,,,,1.0
17,hexane_hl_gap_eV,163,0.9999998807907104,0.0,0.7020812926565982,0.7020812926565982,,,,1.0
17,hexane_hl_gap_eV,164,0.9999998807907104,0.0,0.7020812926565982,0.7020812926565982,,,,1.0
17,hexane_hl_gap_eV,165,0.9999998807907104,0.0,0.7020812926565982,0.7020812926565982,,,,1.0
17,hexane_hl_gap_eV,166,0.9999998807907104,0.0,0.7020812926565982,0.7020812926565982,,,,1.0
17,hexane_hl_gap_eV,167,0.9999998807907104,0.0,0.7020812926565982,0.7020812926565982,,,,1.0
17,hexane_hl_gap_eV,168,0.9999998807907104,0.0,0.7020812926565982,0.7020812926565982,,,,1.0
17,hexane_hl_gap_eV,169,0.9999998807907104,0.0,0.7020812926565982,0.7020812926565982,,,,1.0
17,hexane_hl_gap_eV,170,0.9999998807907104,0.0,0.7020812926565982,0.7020812926565982,,,,1.0
17,hexane_hl_gap_eV,171,0.9999998807907104,0.0,0.7020812926565982,0.7020812926565982,,,,1.0
17,hexane_hl_gap_eV,172,0.9999998807907104,0.0,0.7020812926565982,0.7020812926565982,,,,1.0
17,hexane_hl_gap_eV,173,0.9999998807907104,0.0,0.7020812926565982,0.7020812926565982,,,,1.0
17,hexane_hl_gap_eV,174,0.9999998807907104,0.0,0.7020812926565982,0.7020812926565982,,,,1.0
17,hexane_hl_gap_eV,175,0.9999998807907104,0.0,0.7020812926565982,0.7020812926565982,,,,1.0
17,hexane_hl_gap_eV,176,0.9999998807907104,0.0,0.7020812926565982,0.7020812926565982,,,,1.0
17,hexane_hl_gap_eV,177,0.9999998807907104,0.0,0.7020812926565982,0.7020812926565982,,,,1.0
17,hexane_hl_gap_eV,178,0.9999998807907104,0.0,0.7020812926565982,0.7020812926565982,,,,1.0
17,hexane_hl_gap_eV,179,0.9999998807907104,0.0,0.7020812926565982,0.7020812926565982,,,,1.0
17,hexane_hl_gap_eV,180,0.9999998807907104,0.0,0.7020812926565982,0.7020812926565982,,,,1.0
17,hexane_hl_gap_eV,181,0.9999998807907104,0.0,0.7020812926565982,0.7020812926565982,,,,1.0
17,hexane_hl_gap_eV,182,0.9999998807907104,0.0,0.7020812926565982,0.7020812926565982,,,,1.0
17,hexane_hl_gap_eV,183,0.9999998807907104,0.0,0.7020812926565982,0.7020812926565982,,,,1.0
17,hexane_hl_gap_eV,184,0.9999998807907104,0.0,0.7020812926565982,0.7020812926565982,,,,1.0
17,hexane_hl_gap_eV,185,0.9999998807907104,0.0,0.7020812926565982,0.7020812926565982,,,,1.0
17,hexane_hl_gap_eV,186,0.9999998807907104,0.0,0.7020812926565982,0.7020812926565982,,,,1.0
17,hexane_hl_gap_eV,187,0.9999998807907104,0.0,0.7020812926565982,0.7020812926565982,,,,1.0
17,hexane_hl_gap_eV,188,0.9999998807907104,0.0,0.7020812926565982,0.7020812926565982,,,,1.0
17,hexane_hl_gap_eV,189,0.9999998807907104,0.0,0.7020812926565982,0.7020812926565982,,,,1.0
17,hexane_hl_gap_eV,190,0.9999998807907104,0.0,0.7020812926565982,0.7020812926565982,,,,1.0
17,hexane_hl_gap_eV,191,0.9999998807907104,0.0,0.7020812926565982,0.7020812926565982,,,,1.0
17,hexane_hl_gap_eV,192,0.9999998807907104,0.0,0.7020812926565982,0.7020812926565982,,,,1.0
17,hexane_hl_gap_eV,193,0.9999998807907104,0.0,0.7020812926565982,0.7020812926565982,,,,1.0
17,hexane_hl_gap_eV,194,0.9999998807907104,0.0,0.7020812926565982,0.7020812926565982,,,,1.0
17,hexane_hl_gap_eV,195,0.9999998807907104,0.0,0.7020812926565982,0.7020812926565982,,,,1.0
17,hexane_hl_gap_eV,196,0.9999998807907104,0.0,0.7020812926565982,0.7020812926565982,,,,1.0
17,hexane_hl_gap_eV,197,0.9999998807907104,0.0,0.7020812926565982,0.7020812926565982,,,,1.0
17,hexane_hl_gap_eV,198,0.9999998807907104,0.0,0.7020812926565982,0.7020812926565982,,,,1.0
17,hexane_hl_gap_eV,199,0.9999998807907104,0.0,0.7020812926565982,0.7020812926565982,,,,1.0
17,hexane_hl_gap_eV,200,0.9999998807907104,0.0,0.7020812926565982,0.7020812926565982,,,,1.0
17,hexane_hl_gap_eV,201,0.9999998807907104,0.0,0.7020812926565982,0.7020812926565982,,,,1.0
17,hexane_hl_gap_eV,202,0.9999998807907104,0.0,0.7020812926565982,0.7020812926565982,,,,1.0
17,hexane_hl_gap_eV,203,0.9999998807907104,0.0,0.7020812926565982,0.7020812926565982,,,,1.0
17,hexane_hl_gap_eV,204,0.9999998807907104,0.0,0.7020812926565982,0.7020812926565982,,,,1.0
17,hexane_hl_gap_eV,205,0.9999998807907104,0.0,0.7020812926565982,0.7020812926565982,,,,1.0
17,hexane_hl_gap_eV,206,0.9999998807907104,0.0,0.7020812926565982,0.7020812926565982,,,,1.0
17,hexane_hl_gap_eV,207,0.9999998807907104,0.0,0.7020812926565982,0.7020812926565982,,,,1.0
17,hexane_hl_gap_eV,208,0.9999998807907104,0.0,0.7020812926565982,0.7020812926565982,,,,1.0
17,hexane_hl_gap_eV,209,0.9999998807907104,0.0,0.7020812926565982,0.7020812926565982,,,,1.0
17,hexane_hl_gap_eV,210,0.9999998807907104,0.0,0.7020812926565982,0.7020812926565982,,,,1.0
17,hexane_hl_gap_eV,211,0.9999998807907104,0.0,0.7020812926565982,0.7020812926565982,,,,1.0
17,hexane_hl_gap_eV,212,0.9999998807907104,0.0,0.7020812926565982,0.7020812926565982,,,,1.0
17,hexane_hl_gap_eV,213,0.9999998807907104,0.0,0.7020812926565982,0.7020812926565982,,,,1.0
17,hexane_hl_gap_eV,214,0.9999998807907104,0.0,0.7020812926565982,0.7020812926565982,,,,1.0
17,hexane_hl_gap_eV,215,0.9999998807907104,0.0,0.7020812926565982,0.7020812926565982,,,,1.0
17,hexane_hl_gap_eV,216,0.9999998807907104,0.0,0.7020812926565982,0.7020812926565982,,,,1.0
17,hexane_hl_gap_eV,217,0.9999998807907104,0.0,0.7020812926565982,0.7020812926565982,,,,1.0
17,hexane_hl_gap_eV,218,0.9999998807907104,0.0,0.7020812926565982,0.7020812926565982,,,,1.0
17,hexane_hl_gap_eV,219,0.9999998807907104,0.0,0.7020812926565982,0.7020812926565982,,,,1.0
17,hexane_hl_gap_eV,220,0.9999998807907104,0.0,0.7020812926565982,0.7020812926565982,,,,1.0
17,hexane_hl_gap_eV,221,0.9999998807907104,0.0,0.7020812926565982,0.7020812926565982,,,,1.0
17,hexane_hl_gap_eV,222,0.9999998807907104,0.0,0.7020812926565982,0.7020812926565982,,,,1.0
17,hexane_hl_gap_eV,223,0.9999998807907104,0.0,0.7020812926565982,0.7020812926565982,,,,1.0
17,hexane_hl_gap_eV,224,0.9999998807907104,0.0,0.7020812926565982,0.7020812926565982,,,,1.0
17,hexane_hl_gap_eV,225,0.9999998807907104,0.0,0.7020812926565982,0.7020812926565982,,,,1.0
17,hexane_hl_gap_eV,226,0.9999998807907104,0.0,0.7020812926565982,0.7020812926565982,,,,1.0
17,hexane_hl_gap_eV,227,0.9999998807907104,0.0,0.7020812926565982,0.7020812926565982,,,,1.0
17,hexane_hl_gap_eV,228,0.9999998807907104,0.0,0.7020812926565982,0.7020812926565982,,,,1.0
17,hexane_hl_gap_eV,229,0.9999998807907104,0.0,0.7020812926565982,0.7020812926565982,,,,1.0
17,hexane_hl_gap_eV,230,0.9999998807907104,0.0,0.7020812926565982,0.7020812926565982,,,,1.0
17,hexane_hl_gap_eV,231,0.9999998807907104,0.0,0.7020812926565982,0.7020812926565982,,,,1.0
17,hexane_hl_gap_eV,232,0.9999998807907104,0.0,0.7020812926565982,0.7020812926565982,,,,1.0
17,hexane_hl_gap_eV,233,0.9999998807907104,0.0,0.7020812926565982,0.7020812926565982,,,,1.0
17,hexane_hl_gap_eV,234,0.9999998807907104,0.0,0.7020812926565982,0.7020812926565982,,,,1.0
17,hexane_hl_gap_eV,235,0.9999998807907104,0.0,0.7020812926565982,0.7020812926565982,,,,1.0
17,hexane_hl_gap_eV,236,0.9999998807907104,0.0,0.7020812926565982,0.7020812926565982,,,,1.0
17,hexane_hl_gap_eV,237,0.9999998807907104,0.0,0.7020812926565982,0.7020812926565982,,,,1.0
17,hexane_hl_gap_eV,238,0.9999998807907104,0.0,0.7020812926565982,0.7020812926565982,,,,1.0
17,hexane_hl_gap_eV,239,0.9999998807907104,0.0,0.7020812926565982,0.7020812926565982,,,,1.0
17,hexane_hl_gap_eV,240,0.9999998807907104,0.0,0.7020812926565982,0.7020812926565982,,,,1.0
17,hexane_hl_gap_eV,241,0.9999998807907104,0.0,0.7020812926565982,0.7020812926565982,,,,1.0
17,hexane_hl_gap_eV,242,0.9999998807907104,0.0,0.7020812926565982,0.7020812926565982,,,,1.0
17,hexane_hl_gap_eV,243,0.9999998807907104,0.0,0.7020812926565982,0.7020812926565982,,,,1.0
17,hexane_hl_gap_eV,244,0.9999998807907104,0.0,0.7020812926565982,0.7020812926565982,,,,1.0
17,hexane_hl_gap_eV,245,0.9999998807907104,0.0,0.7020812926565982,0.7020812926565982,,,,1.0
17,hexane_hl_gap_eV,246,0.9999998807907104,0.0,0.7020812926565982,0.7020812926565982,,,,1.0
17,hexane_hl_gap_eV,247,0.9999998807907104,0.0,0.7020812926565982,0.7020812926565982,,,,1.0
17,hexane_hl_gap_eV,248,0.9999998807907104,0.0,0.7020812926565982,0.7020812926565982,,,,1.0
17,hexane_hl_gap_eV,249,0.9999998807907104,0.0,0.7020812926565982,0.7020812926565982,,,,1.0
17,hexane_dipole,0,1.0,0.0,0.6121576550417362,0.6121576550417362,,,,1.0
17,hexane_dipole,1,1.0,0.0,0.6121576550417362,0.6121576550417362,,,,1.0
17,hexane_dipole,2,1.0,0.0,0.6121576550417362,0.6121576550417362,,,,1.0
17,hexane_dipole,3,1.0,0.0,0.6121576550417362,0.6121576550417362,,,,1.0
17,hexane_dipole,4,1.0,0.0,0.6121576550417362,0.6121576550417362,,,,1.0
17,hexane_dipole,5,1.0,0.0,0.6121576550417362,0.6121576550417362,,,,1.0
17,hexane_dipole,6,1.0,0.0,0.6121576550417362,0.6121576550417362,,,,1.0
17,hexane_dipole,7,1.0,0.0,0.6121576550417362,0.6121576550417362,,,,1.0
17,hexane_dipole,8,1.0,0.0,0.6121576550417362,0.6121576550417362,,,,1.0
17,hexane_dipole,9,1.0,0.0,0.6121576550417362,0.6121576550417362,,,,1.0
17,hexane_dipole,10,1.0,0.0,0.6121576550417362,0.6121576550417362,,,,1.0
17,hexane_dipole,11,1.0,0.0,0.6121576550417362,0.6121576550417362,,,,1.0
17,hexane_dipole,12,1.0,0.0,0.6121576550417362,0.6121576550417362,,,,1.0
17,hexane_dipole,13,1.0,0.0,0.6121576550417362,0.6121576550417362,,,,1.0
17,hexane_dipole,14,1.0,0.0,0.6121576550417362,0.6121576550417362,,,,1.0
17,hexane_dipole,15,1.0,0.0,0.6121576550417362,0.6121576550417362,,,,1.0
17,hexane_dipole,16,1.0,0.0,0.6121576550417362,0.6121576550417362,,,,1.0
17,hexane_dipole,17,1.0,0.0,0.6121576550417362,0.6121576550417362,,,,1.0
17,hexane_dipole,18,1.0,0.0,0.6121576550417362,0.6121576550417362,,,,1.0
17,hexane_dipole,19,1.0,0.0,0.6121576550417362,0.6121576550417362,,,,1.0
17,hexane_dipole,20,1.0,0.0,0.6121576550417362,0.6121576550417362,,,,1.0
17,hexane_dipole,21,1.0,0.0,0.6121576550417362,0.6121576550417362,,,,1.0
17,hexane_dipole,22,1.0,0.0,0.6121576550417362,0.6121576550417362,,,,1.0
17,hexane_dipole,23,1.0,0.0,0.6121576550417362,0.6121576550417362,,,,1.0
17,hexane_dipole,24,1.0,0.0,0.6121576550417362,0.6121576550417362,,,,1.0
17,hexane_dipole,25,1.0,0.0,0.6121576550417362,0.6121576550417362,,,,1.0
17,hexane_dipole,26,1.0,0.0,0.6121576550417362,0.6121576550417362,,,,1.0
17,hexane_dipole,27,1.0,0.0,0.6121576550417362,0.6121576550417362,,,,1.0
17,hexane_dipole,28,1.0,0.0,0.6121576550417362,0.6121576550417362,,,,1.0
17,hexane_dipole,29,1.0,0.0,0.6121576550417362,0.6121576550417362,,,,1.0
17,hexane_dipole,30,1.0,0.0,0.6121576550417362,0.6121576550417362,,,,1.0
17,hexane_dipole,31,1.0,0.0,0.6121576550417362,0.6121576550417362,,,,1.0
17,hexane_dipole,32,1.0,0.0,0.6121576550417362,0.6121576550417362,,,,1.0
17,hexane_dipole,33,1.0,0.0,0.6121576550417362,0.6121576550417362,,,,1.0
17,hexane_dipole,34,1.0,0.0,0.6121576550417362,0.6121576550417362,,,,1.0
17,hexane_dipole,35,1.0,0.0,0.6121576550417362,0.6121576550417362,,,,1.0
17,hexane_dipole,36,1.0,0.0,0.6121576550417362,0.6121576550417362,,,,1.0
17,hexane_dipole,37,1.0,0.0,0.6121576550417362,0.6121576550417362,,,,1.0
17,hexane_dipole,38,1.0,0.0,0.6121576550417362,0.6121576550417362,,,,1.0
17,hexane_dipole,39,1.0,0.0,0.6121576550417362,0.6121576550417362,,,,1.0
17,hexane_dipole,40,1.0,0.0,0.6121576550417362,0.6121576550417362,,,,1.0
17,hexane_dipole,41,1.0,0.0,0.6121576550417362,0.6121576550417362,,,,1.0
17,hexane_dipole,42,1.0,0.0,0.6121576550417362,0.6121576550417362,,,,1.0
17,hexane_dipole,43,1.0,0.0,0.6121576550417362,0.6121576550417362,,,,1.0
17,hexane_dipole,44,1.0,0.0,0.6121576550417362,0.6121576550417362,,,,1.0
17,hexane_dipole,45,1.0,0.0,0.6121576550417362,0.6121576550417362,,,,1.0
17,hexane_dipole,46,1.0,0.0,0.6121576550417362,0.6121576550417362,,,,1.0
17,hexane_dipole,47,1.0,0.0,0.6121576550417362,0.6121576550417362,,,,1.0
17,hexane_dipole,48,1.0,0.0,0.6121576550417362,0.6121576550417362,,,,1.0
17,hexane_dipole,49,1.0,0.0,0.6121576550417362,0.6121576550417362,,,,1.0
17,hexane_dipole,50,1.0,0.0,0.6121576550417362,0.6121576550417362,,,,1.0
17,hexane_dipole,51,1.0,0.0,0.6121576550417362,0.6121576550417362,,,,1.0
17,hexane_dipole,52,1.0,0.0,0.6121576550417362,0.6121576550417362,,,,1.0
17,hexane_dipole,53,1.0,0.0,0.6121576550417362,0.6121576550417362,,,,1.0
17,hexane_dipole,54,1.0,0.0,0.6121576550417362,0.6121576550417362,,,,1.0
17,hexane_dipole,55,1.0,0.0,0.6121576550417362,0.6121576550417362,,,,1.0
17,hexane_dipole,56,1.0,0.0,0.6121576550417362,0.6121576550417362,,,,1.0
17,hexane_dipole,57,1.0,0.0,0.6121576550417362,0.6121576550417362,,,,1.0
17,hexane_dipole,58,1.0,0.0,0.6121576550417362,0.6121576550417362,,,,1.0
17,hexane_dipole,59,1.0,0.0,0.6121576550417362,0.6121576550417362,,,,1.0
17,hexane_dipole,60,1.0,0.0,0.6121576550417362,0.6121576550417362,,,,1.0
17,hexane_dipole,61,1.0,0.0,0.6121576550417362,0.6121576550417362,,,,1.0
17,hexane_dipole,62,1.0,0.0,0.6121576550417362,0.6121576550417362,,,,1.0
17,hexane_dipole,63,1.0,0.0,0.6121576550417362,0.6121576550417362,,,,1.0
17,hexane_dipole,64,1.0,0.0,0.6121576550417362,0.6121576550417362,,,,1.0
17,hexane_dipole,65,1.0,0.0,0.6121576550417362,0.6121576550417362,,,,1.0
17,hexane_dipole,66,1.0,0.0,0.6121576550417362,0.6121576550417362,,,,1.0
17,hexane_dipole,67,1.0,0.0,0.6121576550417362,0.6121576550417362,,,,1.0
17,hexane_dipole,68,1.0,0.0,0.6121576550417362,0.6121576550417362,,,,1.0
17,hexane_dipole,69,1.0,0.0,0.6121576550417362,0.6121576550417362,,,,1.0
17,hexane_dipole,70,1.0,0.0,0.6121576550417362,0.6121576550417362,,,,1.0
17,hexane_dipole,71,1.0,0.0,0.6121576550417362,0.6121576550417362,,,,1.0
17,hexane_dipole,72,1.0,0.0,0.6121576550417362,0.6121576550417362,,,,1.0
17,hexane_dipole,73,1.0,0.0,0.6121576550417362,0.6121576550417362,,,,1.0
17,hexane_dipole,74,1.0,0.0,0.6121576550417362,0.6121576550417362,,,,1.0
17,hexane_dipole,75,1.0,0.0,0.6121576550417362,0.6121576550417362,,,,1.0
17,hexane_dipole,76,1.0,0.0,0.6121576550417362,0.6121576550417362,,,,1.0
17,hexane_dipole,77,1.0,0.0,0.6121576550417362,0.6121576550417362,,,,1.0
17,hexane_dipole,78,1.0,0.0,0.6121576550417362,0.6121576550417362,,,,1.0
17,hexane_dipole,79,1.0,0.0,0.6121576550417362,0.6121576550417362,,,,1.0
17,hexane_dipole,80,1.0,0.0,0.6121576550417362,0.6121576550417362,,,,1.0
17,hexane_dipole,81,1.0,0.0,0.6121576550417362,0.6121576550417362,,,,1.0
17,hexane_dipole,82,1.0,0.0,0.6121576550417362,0.6121576550417362,,,,1.0
17,hexane_dipole,83,1.0,0.0,0.6121576550417362,0.6121576550417362,,,,1.0
17,hexane_dipole,84,1.0,0.0,0.6121576550417362,0.6121576550417362,,,,1.0
17,hexane_dipole,85,1.0,0.0,0.6121576550417362,0.6121576550417362,,,,1.0
17,hexane_dipole,86,1.0,0.0,0.6121576550417362,0.6121576550417362,,,,1.0
17,hexane_dipole,87,1.0,0.0,0.6121576550417362,0.6121576550417362,,,,1.0
17,hexane_dipole,88,1.0,0.0,0.6121576550417362,0.6121576550417362,,,,1.0
17,hexane_dipole,89,1.0,0.0,0.6121576550417362,0.6121576550417362,,,,1.0
17,hexane_dipole,90,1.0,0.0,0.6121576550417362,0.6121576550417362,,,,1.0
17,hexane_dipole,91,1.0,0.0,0.6121576550417362,0.6121576550417362,,,,1.0
17,hexane_dipole,92,1.0,0.0,0.6121576550417362,0.6121576550417362,,,,1.0
17,hexane_dipole,93,1.0,0.0,0.6121576550417362,0.6121576550417362,,,,1.0
17,hexane_dipole,94,1.0,0.0,0.6121576550417362,0.6121576550417362,,,,1.0
17,hexane_dipole,95,1.0,0.0,0.6121576550417362,0.6121576550417362,,,,1.0
17,hexane_dipole,96,1.0,0.0,0.6121576550417362,0.6121576550417362,,,,1.0
17,hexane_dipole,97,1.0,0.0,0.6121576550417362,0.6121576550417362,,,,1.0
17,hexane_dipole,98,1.0,0.0,0.6121576550417362,0.6121576550417362,,,,1.0
17,hexane_dipole,99,1.0,0.0,0.6121576550417362,0.6121576550417362,,,,1.0
17,hexane_dipole,100,1.0,0.0,0.6121576550417362,0.6121576550417362,,,,1.0
17,hexane_dipole,101,1.0,0.0,0.6121576550417362,0.6121576550417362,,,,1.0
17,hexane_dipole,102,1.0,0.0,0.6121576550417362,0.6121576550417362,,,,1.0
17,hexane_dipole,103,1.0,0.0,0.6121576550417362,0.6121576550417362,,,,1.0
17,hexane_dipole,104,1.0,0.0,0.6121576550417362,0.6121576550417362,,,,1.0
17,hexane_dipole,105,1.0,0.0,0.6121576550417362,0.6121576550417362,,,,1.0
17,hexane_dipole,106,1.0,0.0,0.6121576550417362,0.6121576550417362,,,,1.0
17,hexane_dipole,107,1.0,0.0,0.6121576550417362,0.6121576550417362,,,,1.0
17,hexane_dipole,108,1.0,0.0,0.6121576550417362,0.6121576550417362,,,,1.0
17,hexane_dipole,109,1.0,0.0,0.6121576550417362,0.6121576550417362,,,,1.0
17,hexane_dipole,110,1.0,0.0,0.6121576550417362,0.6121576550417362,,,,1.0
17,hexane_dipole,111,1.0,0.0,0.6121576550417362,0.6121576550417362,,,,1.0
17,hexane_dipole,112,1.0,0.0,0.6121576550417362,0.6121576550417362,,,,1.0
17,hexane_dipole,113,1.0,0.0,0.6121576550417362,0.6121576550417362,,,,1.0
17,hexane_dipole,114,1.0,0.0,0.6121576550417362,0.6121576550417362,,,,1.0
17,hexane_dipole,115,1.0,0.0,0.6121576550417362,0.6121576550417362,,,,1.0
17,hexane_dipole,116,1.0,0.0,0.6121576550417362,0.6121576550417362,,,,1.0
17,hexane_dipole,117,1.0,0.0,0.6121576550417362,0.6121576550417362,,,,1.0
17,hexane_dipole,118,1.0,0.0,0.6121576550417362,0.6121576550417362,,,,1.0
17,hexane_dipole,119,1.0,0.0,0.6121576550417362,0.6121576550417362,,,,1.0
17,hexane_dipole,120,1.0,0.0,0.6121576550417362,0.6121576550417362,,,,1.0
17,hexane_dipole,121,1.0,0.0,0.6121576550417362,0.6121576550417362,,,,1.0
17,hexane_dipole,122,1.0,0.0,0.6121576550417362,0.6121576550417362,,,,1.0
17,hexane_dipole,123,1.0,0.0,0.6121576550417362,0.6121576550417362,,,,1.0
17,hexane_dipole,124,1.0,0.0,0.6121576550417362,0.6121576550417362,,,,1.0
17,hexane_dipole,125,1.0,0.0,0.6121576550417362,0.6121576550417362,,,,1.0
17,hexane_dipole,126,1.0,0.0,0.6121576550417362,0.6121576550417362,,,,1.0
17,hexane_dipole,127,1.0,0.0,0.6121576550417362,0.6121576550417362,,,,1.0
17,hexane_dipole,128,1.0,0.0,0.6121576550417362,0.6121576550417362,,,,1.0
17,hexane_dipole,129,1.0,0.0,0.6121576550417362,0.6121576550417362,,,,1.0
17,hexane_dipole,130,1.0,0.0,0.6121576550417362,0.6121576550417362,,,,1.0
17,hexane_dipole,131,1.0,0.0,0.6121576550417362,0.6121576550417362,,,,1.0
17,hexane_dipole,132,1.0,0.0,0.6121576550417362,0.6121576550417362,,,,1.0
17,hexane_dipole,133,1.0,0.0,0.6121576550417362,0.6121576550417362,,,,1.0
17,hexane_dipole,134,1.0,0.0,0.6121576550417362,0.6121576550417362,,,,1.0
17,hexane_dipole,135,1.0,0.0,0.6121576550417362,0.6121576550417362,,,,1.0
17,hexane_dipole,136,1.0,0.0,0.6121576550417362,0.6121576550417362,,,,1.0
17,hexane_dipole,137,1.0,0.0,0.6121576550417362,0.6121576550417362,,,,1.0
17,hexane_dipole,138,1.0,0.0,0.6121576550417362,0.6121576550417362,,,,1.0
17,hexane_dipole,139,1.0,0.0,0.6121576550417362,0.6121576550417362,,,,1.0
17,hexane_dipole,140,1.0,0.0,0.6121576550417362,0.6121576550417362,,,,1.0
17,hexane_dipole,141,1.0,0.0,0.6121576550417362,0.6121576550417362,,,,1.0
17,hexane_dipole,142,1.0,0.0,0.6121576550417362,0.6121576550417362,,,,1.0
17,hexane_dipole,143,1.0,0.0,0.6121576550417362,0.6121576550417362,,,,1.0
17,hexane_dipole,144,1.0,0.0,0.6121576550417362,0.6121576550417362,,,,1.0
17,hexane_dipole,145,1.0,0.0,0.6121576550417362,0.6121576550417362,,,,1.0
17,hexane_dipole,146,1.0,0.0,0.6121576550417362,0.6121576550417362,,,,1.0
17,hexane_dipole,147,1.0,0.0,0.6121576550417362,0.6121576550417362,,,,1.0
17,hexane_dipole,148,1.0,0.0,0.6121576550417362,0.6121576550417362,,,,1.0
17,hexane_dipole,149,1.0,0.0,0.6121576550417362,0.6121576550417362,,,,1.0
17,hexane_dipole,150,1.0,0.0,0.6121576550417362,0.6121576550417362,,,,1.0
17,hexane_dipole,151,1.0,0.0,0.6121576550417362,0.6121576550417362,,,,1.0
17,hexane_dipole,152,1.0,0.0,0.6121576550417362,0.6121576550417362,,,,1.0
17,hexane_dipole,153,1.0,0.0,0.6121576550417362,0.6121576550417362,,,,1.0
17,hexane_dipole,154,1.0,0.0,0.6121576550417362,0.6121576550417362,,,,1.0
17,hexane_dipole,155,1.0,0.0,0.6121576550417362,0.6121576550417362,,,,1.0
17,hexane_dipole,156,1.0,0.0,0.6121576550417362,0.6121576550417362,,,,1.0
17,hexane_dipole,157,1.0,0.0,0.6121576550417362,0.6121576550417362,,,,1.0
17,hexane_dipole,158,1.0,0.0,0.6121576550417362,0.6121576550417362,,,,1.0
17,hexane_dipole,159,1.0,0.0,0.6121576550417362,0.6121576550417362,,,,1.0
17,hexane_dipole,160,1.0,0.0,0.6121576550417362,0.6121576550417362,,,,1.0
17,hexane_dipole,161,1.0,0.0,0.6121576550417362,0.6121576550417362,,,,1.0
17,hexane_dipole,162,1.0,0.0,0.6121576550417362,0.6121576550417362,,,,1.0
17,hexane_dipole,163,1.0,0.0,0.6121576550417362,0.6121576550417362,,,,1.0
17,hexane_dipole,164,1.0,0.0,0.6121576550417362,0.6121576550417362,,,,1.0
17,hexane_dipole,165,1.0,0.0,0.6121576550417362,0.6121576550417362,,,,1.0
17,hexane_dipole,166,1.0,0.0,0.6121576550417362,0.6121576550417362,,,,1.0
17,hexane_dipole,167,1.0,0.0,0.6121576550417362,0.6121576550417362,,,,1.0
17,hexane_dipole,168,1.0,0.0,0.6121576550417362,0.6121576550417362,,,,1.0
17,hexane_dipole,169,1.0,0.0,0.6121576550417362,0.6121576550417362,,,,1.0
17,hexane_dipole,170,1.0,0.0,0.6121576550417362,0.6121576550417362,,,,1.0
17,hexane_dipole,171,1.0,0.0,0.6121576550417362,0.6121576550417362,,,,1.0
17,hexane_dipole,172,1.0,0.0,0.6121576550417362,0.6121576550417362,,,,1.0
17,hexane_dipole,173,1.0,0.0,0.6121576550417362,0.6121576550417362,,,,1.0
17,hexane_dipole,174,1.0,0.0,0.6121576550417362,0.6121576550417362,,,,1.0
17,hexane_dipole,175,1.0,0.0,0.6121576550417362,0.6121576550417362,,,,1.0
17,hexane_dipole,176,1.0,0.0,0.6121576550417362,0.6121576550417362,,,,1.0
17,hexane_dipole,177,1.0,0.0,0.6121576550417362,0.6121576550417362,,,,1.0
17,hexane_dipole,178,1.0,0.0,0.6121576550417362,0.6121576550417362,,,,1.0
17,hexane_dipole,179,1.0,0.0,0.6121576550417362,0.6121576550417362,,,,1.0
17,hexane_dipole,180,1.0,0.0,0.6121576550417362,0.6121576550417362,,,,1.0
17,hexane_dipole,181,1.0,0.0,0.6121576550417362,0.6121576550417362,,,,1.0
17,hexane_dipole,182,1.0,0.0,0.6121576550417362,0.6121576550417362,,,,1.0
17,hexane_dipole,183,1.0,0.0,0.6121576550417362,0.6121576550417362,,,,1.0
17,hexane_dipole,184,1.0,0.0,0.6121576550417362,0.6121576550417362,,,,1.0
17,hexane_dipole,185,1.0,0.0,0.6121576550417362,0.6121576550417362,,,,1.0
17,hexane_dipole,186,1.0,0.0,0.6121576550417362,0.6121576550417362,,,,1.0
17,hexane_dipole,187,1.0,0.0,0.6121576550417362,0.6121576550417362,,,,1.0
17,hexane_dipole,188,1.0,0.0,0.6121576550417362,0.6121576550417362,,,,1.0
17,hexane_dipole,189,1.0,0.0,0.6121576550417362,0.6121576550417362,,,,1.0
17,hexane_dipole,190,1.0,0.0,0.6121576550417362,0.6121576550417362,,,,1.0
17,hexane_dipole,191,1.0,0.0,0.6121576550417362,0.6121576550417362,,,,1.0
17,hexane_dipole,192,1.0,0.0,0.6121576550417362,0.6121576550417362,,,,1.0
17,hexane_dipole,193,1.0,0.0,0.6121576550417362,0.6121576550417362,,,,1.0
17,hexane_dipole,194,1.0,0.0,0.6121576550417362,0.6121576550417362,,,,1.0
17,hexane_dipole,195,1.0,0.0,0.6121576550417362,0.6121576550417362,,,,1.0
17,hexane_dipole,196,1.0,0.0,0.6121576550417362,0.6121576550417362,,,,1.0
17,hexane_dipole,197,1.0,0.0,0.6121576550417362,0.6121576550417362,,,,1.0
17,hexane_dipole,198,1.0,0.0,0.6121576550417362,0.6121576550417362,,,,1.0
17,hexane_dipole,199,1.0,0.0,0.6121576550417362,0.6121576550417362,,,,1.0
17,hexane_dipole,200,1.0,0.0,0.6121576550417362,0.6121576550417362,,,,1.0
17,hexane_dipole,201,1.0,0.0,0.6121576550417362,0.6121576550417362,,,,1.0
17,hexane_dipole,202,1.0,0.0,0.6121576550417362,0.6121576550417362,,,,1.0
17,hexane_dipole,203,1.0,0.0,0.6121576550417362,0.6121576550417362,,,,1.0
17,hexane_dipole,204,1.0,0.0,0.6121576550417362,0.6121576550417362,,,,1.0
17,hexane_dipole,205,1.0,0.0,0.6121576550417362,0.6121576550417362,,,,1.0
17,hexane_dipole,206,1.0,0.0,0.6121576550417362,0.6121576550417362,,,,1.0
17,hexane_dipole,207,1.0,0.0,0.6121576550417362,0.6121576550417362,,,,1.0
17,hexane_dipole,208,1.0,0.0,0.6121576550417362,0.6121576550417362,,,,1.0
17,hexane_dipole,209,1.0,0.0,0.6121576550417362,0.6121576550417362,,,,1.0
17,hexane_dipole,210,1.0,0.0,0.6121576550417362,0.6121576550417362,,,,1.0
17,hexane_dipole,211,1.0,0.0,0.6121576550417362,0.6121576550417362,,,,1.0
17,hexane_dipole,212,1.0,0.0,0.6121576550417362,0.6121576550417362,,,,1.0
17,hexane_dipole,213,1.0,0.0,0.6121576550417362,0.6121576550417362,,,,1.0
17,hexane_dipole,214,1.0,0.0,0.6121576550417362,0.6121576550417362,,,,1.0
17,hexane_dipole,215,1.0,0.0,0.6121576550417362,0.6121576550417362,,,,1.0
17,hexane_dipole,216,1.0,0.0,0.6121576550417362,0.6121576550417362,,,,1.0
17,hexane_dipole,217,1.0,0.0,0.6121576550417362,0.6121576550417362,,,,1.0
17,hexane_dipole,218,1.0,0.0,0.6121576550417362,0.6121576550417362,,,,1.0
17,hexane_dipole,219,1.0,0.0,0.6121576550417362,0.6121576550417362,,,,1.0
17,hexane_dipole,220,1.0,0.0,0.6121576550417362,0.6121576550417362,,,,1.0
17,hexane_dipole,221,1.0,0.0,0.6121576550417362,0.6121576550417362,,,,1.0
17,hexane_dipole,222,1.0,0.0,0.6121576550417362,0.6121576550417362,,,,1.0
17,hexane_dipole,223,1.0,0.0,0.6121576550417362,0.6121576550417362,,,,1.0
17,hexane_dipole,224,1.0,0.0,0.6121576550417362,0.6121576550417362,,,,1.0
17,hexane_dipole,225,1.0,0.0,0.6121576550417362,0.6121576550417362,,,,1.0
17,hexane_dipole,226,1.0,0.0,0.6121576550417362,0.6121576550417362,,,,1.0
17,hexane_dipole,227,1.0,0.0,0.6121576550417362,0.6121576550417362,,,,1.0
17,hexane_dipole,228,1.0,0.0,0.6121576550417362,0.6121576550417362,,,,1.0
17,hexane_dipole,229,1.0,0.0,0.6121576550417362,0.6121576550417362,,,,1.0
17,hexane_dipole,230,1.0,0.0,0.6121576550417362,0.6121576550417362,,,,1.0
17,hexane_dipole,231,1.0,0.0,0.6121576550417362,0.6121576550417362,,,,1.0
17,hexane_dipole,232,1.0,0.0,0.6121576550417362,0.6121576550417362,,,,1.0
17,hexane_dipole,233,1.0,0.0,0.6121576550417362,0.6121576550417362,,,,1.0
17,hexane_dipole,234,1.0,0.0,0.6121576550417362,0.6121576550417362,,,,1.0
17,hexane_dipole,235,1.0,0.0,0.6121576550417362,0.6121576550417362,,,,1.0
17,hexane_dipole,236,1.0,0.0,0.6121576550417362,0.6121576550417362,,,,1.0
17,hexane_dipole,237,1.0,0.0,0.6121576550417362,0.6121576550417362,,,,1.0
17,hexane_dipole,238,1.0,0.0,0.6121576550417362,0.6121576550417362,,,,1.0
17,hexane_dipole,239,1.0,0.0,0.6121576550417362,0.6121576550417362,,,,1.0
17,hexane_dipole,240,1.0,0.0,0.6121576550417362,0.6121576550417362,,,,1.0
17,hexane_dipole,241,1.0,0.0,0.6121576550417362,0.6121576550417362,,,,1.0
17,hexane_dipole,242,1.0,0.0,0.6121576550417362,0.6121576550417362,,,,1.0
17,hexane_dipole,243,1.0,0.0,0.6121576550417362,0.6121576550417362,,,,1.0
17,hexane_dipole,244,1.0,0.0,0.6121576550417362,0.6121576550417362,,,,1.0
17,hexane_dipole,245,1.0,0.0,0.6121576550417362,0.6121576550417362,,,,1.0
17,hexane_dipole,246,1.0,0.0,0.6121576550417362,0.6121576550417362,,,,1.0
17,hexane_dipole,247,1.0,0.0,0.6121576550417362,0.6121576550417362,,,,1.0
17,hexane_dipole,248,1.0,0.0,0.6121576550417362,0.6121576550417362,,,,1.0
17,hexane_dipole,249,1.0,0.0,0.6121576550417362,0.6121576550417362,,,,1.0
18,sco_kcal,0,0.5783802270889282,0.019104568287730217,0.6497343724810496,0.9021458074205468,4.029716491699219,2.451017379760742,0.6082356872523349,0.38
18,sco_kcal,1,0.4483729898929596,0.02740507386624813,0.5991513148652079,0.911835995402253,5.03372049331665,2.0131802558898926,0.3999388242876861,0.32
18,sco_kcal,2,0.09063061326742172,0.02344042807817459,0.6277866734594881,0.9587431701274958,4.98565673828125,0.07187654078006744,0.014416664554577035,0.06
18,sco_kcal,3,0.7134612202644348,0.09304861724376678,0.6410364835154896,0.9269618075848831,20.552898406982422,14.230362892150879,0.6923774258192416,0.16
18,sco_kcal,4,0.16262729465961456,0.10573641955852509,0.6266984498531369,0.9420289527992565,21.922157287597656,2.3977696895599365,0.10937653891008536,0.06
18,sco_kcal,5,0.7368707060813904,0.013084863312542439,0.6488638590797082,0.910018308899353,2.708021879196167,2.3338730335235596,0.8618368453567785,0.54
18,sco_kcal,6,0.9328023791313171,0.016049282625317574,0.6926775494046558,0.9304153352267222,3.4533660411834717,8.035849571228027,2.326961427023859,0.6
18,sco_kcal,7,0.1335698515176773,0.018737491220235825,0.6444021732896279,0.9560053201971475,4.041687488555908,0.37270990014076233,0.0922164074278616,0.02
18,sco_kcal,8,0.3660755157470703,0.0344298891723156,0.6451604561942024,0.8961076669926371,7.307610034942627,2.5393006801605225,0.34748716311056665,0.12
18,sco_kcal,9,0.5852825045585632,0.015398362651467323,0.6575200242265631,0.9117143325519983,3.356184244155884,1.5469413995742798,0.46092266903045187,0.4
18,sco_kcal,10,0.8459527492523193,0.0044510457664728165,0.6972234712216361,0.9163813454196974,1.26730215549469,1.1393568515777588,0.8990412007411225,0.68
18,sco_kcal,11,0.0730966329574585,0.04987593740224838,0.6407552622477708,0.9567543485857739,10.00995922088623,0.05886692553758621,0.005880835699585841,0.06
18,sco_kcal,12,0.7684304118156433,0.01112321950495243,0.6971538735593614,0.9118487384580678,2.482908010482788,2.7376770973205566,1.1026091525590713,0.62
18,sco_kcal,13,0.17660564184188843,0.03794194757938385,0.6546956978124967,0.9435099041819646,8.194284439086914,0.8499101400375366,0.10371987284007947,0.06
18,sco_kcal,14,0.12283284962177277,0.01915672980248928,0.6485412586538868,0.9602590242500624,4.0655012130737305,0.1188402771949768,0.02923139631905985,0.16
18,sco_kcal,15,0.029136845842003822,0.06233551353216171,0.6297714197601862,0.9623228910708723,12.474641799926758,0.09735886752605438,0.007804542133356166,0.0
18,sco_kcal,16,0.1707601696252823,0.019677039235830307,0.6252390803348629,0.9428601557165124,3.958871364593506,0.22220242023468018,0.05612771918329197,0.12
18,sco_kcal,17,0.5778590440750122,0.14580796658992767,0.6763360409387214,0.979724651288441,35.193721771240234,1.6899358034133911,0.048018104319798895,0.48
18,sco_kcal,18,0.13432230055332184,0.009083380922675133,0.6452888797985197,0.9440106475144439,1.9671655893325806,0.2183171659708023,0.11098057385442214,0.04
18,sco_kcal,19,0.5961553454399109,0.016923796385526657,0.6667961177575201,0.9051229764543269,3.7491464614868164,2.278372049331665,0.6077041995388253,0.34
18,sco_kcal,20,0.05413990467786789,0.022118300199508667,0.6604136198598582,0.967283812746232,4.834535598754883,0.12590846419334412,0.026043548883117416,0.02
18,sco_kcal,21,0.0701785609126091,0.023222867399454117,0.6528370184816881,0.9688732636582693,4.9722208976745605,0.15462137758731842,0.031097045117129192,0.02
18,sco_kcal,22,0.514411985874176,0.019874345511198044,0.62129714089519,0.9092870283913108,3.774888515472412,2.07722806930542,0.5502753421170805,0.46
18,sco_kcal,23,0.22158917784690857,0.05175761878490448,0.6476761967898081,0.9687708902153691,11.136852264404297,0.3590354025363922,0.03223849917484712,0.2
18,sco_kcal,24,0.7432155013084412,0.012158036231994629,0.6764795610414107,0.9022005438702778,2.8990421295166016,2.0543787479400635,0.708640528891734,0.56
18,sco_kcal,25,0.48398059606552124,0.020326999947428703,0.656838894269693,0.9133241386035091,4.5186309814453125,2.199317216873169,0.48672202397233677,0.26
18,sco_kcal,26,0.15708483755588531,0.07526776194572449,0.623150360249576,0.9016001816946813,15.287298202514648,2.5995914936065674,0.1700491126142194,0.04
18,sco_kcal,27,0.17810595035552979,0.015912985429167747,0.6837996334298608,0.9458336537585683,3.694298267364502,0.22208885848522186,0.06011665610412643,0.04
18,sco_kcal,28,0.6697789430618286,0.01746327616274357,0.6506857462437496,0.9132220761919756,3.4533982276916504,2.9373207092285156,0.8505595114039033,0.46
18,sco_kcal,29,0.367864191532135,0.020134180784225464,0.6507037514135099,0.926991090574248,4.4556427001953125,1.6614060401916504,0.3728768557045256,0.12
18,sco_kcal,30,0.14177674055099487,0.03498517721891403,0.6420948704893872,0.9417730642162656,6.957031726837158,0.4216592311859131,0.06060907118754941,0.02
18,sco_kcal,31,0.10382533818483353,0.03445298597216606,0.646411414499773,0.95526347149717,7.450199127197266,0.19046789407730103,0.025565476952419963,0.06
18,sco_kcal,32,0.23802703619003296,0.3268977105617523,0.6474207777823529,0.9816629583794021,70.28633117675781,2.418942451477051,0.03441554582488925,0.16
18,sco_kcal,33,0.49588122963905334,0.06864398717880249,0.6653087717315629,0.9739584299342128,15.819339752197266,0.41099587082862854,0.02598059573071261,0.46
18,sco_kcal,34,0.1969655305147171,0.031999535858631134,0.6524762374253665,0.9552502869975643,7.125739097595215,1.0052493810653687,0.14107299850546295,0.02
18,sco_kcal,35,0.052152350544929504,0.028989000245928764,0.6466378886006989,0.9563127202924417,6.282033920288086,0.14898040890693665,0.023715314307011032,0.04
18,sco_kcal,36,0.07979173958301544,0.02590504102408886,0.6179305710892296,0.9614398997123002,5.015361785888672,0.08820420503616333,0.01758680805128287,0.08
18,sco_kcal,37,0.2970697283744812,0.05120081081986427,0.64393495823832,0.9691518416264504,11.10332202911377,0.45312654972076416,0.04080999799272968,0.2
18,sco_kcal,38,0.1804041862487793,0.01796741597354412,0.617059945496216,0.9446803855847019,3.5847890377044678,0.22509409487247467,0.06279144811729687,0.16
18,sco_kcal,39,0.423933207988739,0.035081230103969574,0.6489126177425761,0.9374444357800154,7.72964334487915,2.035780668258667,0.26337316968283686,0.26
18,sco_kcal,40,0.11425326019525528,0.05126601830124855,0.5895344950669799,0.9435902679100994,9.313141822814941,0.2668360769748688,0.02865156378497158,0.12
18,sco_kcal,41,0.7264159917831421,0.026798594743013382,0.6741816840679355,0.9248913381814419,5.587997913360596,3.991737127304077,0.7143411986178544,0.7
18,sco_kcal,42,0.47362250089645386,0.021465852856636047,0.5994712209193482,0.91607677084015,4.096921443939209,1.629533052444458,0.39774574024481524,0.24
18,sco_kcal,43,0.4173283576965332,0.015322723425924778,0.6482228056220525,0.946474800982505,3.3502087593078613,1.1069846153259277,0.3304225780708143,0.32
18,sco_kcal,44,0.08005431294441223,0.022527387365698814,0.6467351742500236,0.9505985945820903,4.82539701461792,0.1648862063884735,0.034170495378716394,0.02
18,sco_kcal,45,0.06992632150650024,0.03360636904835701,0.6419870939996895,0.9676166812298046,6.9968132972717285,0.10140963643789291,0.014493689073772431,0.04
18,sco_kcal,46,0.07553543150424957,0.026463953778147697,0.6336387730011046,0.9620952433572569,5.509654998779297,0.14051295816898346,0.025503041152325344,0.02
18,sco_kcal,47,0.31895822286605835,0.005221403669565916,0.6300345663029114,0.9394002480990182,1.1915851831436157,0.0925973653793335,0.07770939643194036,0.24
18,sco_kcal,48,0.06547853350639343,0.024515856057405472,0.6527692398938274,0.9560132041268119,5.282260417938232,0.13419629633426666,0.025405089055917096,0.04
18,sco_kcal,49,0.04277201369404793,0.061109066009521484,0.6475334875165202,0.9668845598034777,13.22452449798584,0.12404896318912506,0.009380221058837944,0.04
18,sco_kcal,50,0.1435115933418274,0.02702048420906067,0.6131568587111489,0.9324553017446406,5.240814208984375,0.5395722389221191,0.10295580369880802,0.02
18,sco_kcal,51,0.14382027089595795,0.07975761592388153,0.6327692133988287,0.9734897903807582,15.714408874511719,0.07488863170146942,0.004765602848920168,0.12
18,sco_kcal,52,0.29444873332977295,0.04539012163877487,0.6181804102232102,0.8999851538794061,8.903371810913086,2.3895668983459473,0.26838898218504087,0.08
18,sco_kcal,53,0.2957896888256073,0.028342630714178085,0.6480981157715129,0.950147380385868,6.21563196182251,1.4836379289627075,0.23869462318159587,0.1
18,sco_kcal,54,0.07231712341308594,0.1333492547273636,0.6021909197605642,0.912750187922567,25.715652465820312,5.166260242462158,0.20089944244381272,0.04
18,sco_kcal,55,0.09057635068893433,0.040685586631298065,0.588148052000943,0.9588564343215566,7.086034774780273,0.04580644145607948,0.006464326370385315,0.02
18,sco_kcal,56,0.16459301114082336,0.02315225638449192,0.6435358649745804,0.9457110562053272,4.9851884841918945,0.241710364818573,0.04848570231296973,0.1
18,sco_kcal,57,0.5544269680976868,0.01839015819132328,0.6390562182303408,0.9460931964994641,3.9372777938842773,1.9620082378387451,0.498315928047116,0.38
18,sco_kcal,58,0.21722698211669922,0.020696667954325676,0.6425225813345607,0.9363846506411357,4.545838832855225,0.3556983470916748,0.07824702110441122,0.18
18,sco_kcal,59,0.404920756816864,0.01729029230773449,0.6176178252482776,0.9286264878704624,3.442990779876709,0.9186999201774597,0.2668319431893331,0.28
18,sco_kcal,60,0.32570213079452515,0.0320463702082634,0.6338343604199816,0.9116010481698875,6.699845790863037,1.8351449966430664,0.2739085426631399,0.1
18,sco_kcal,61,0.22455966472625732,0.05494776368141174,0.6138696815150715,0.9021084768965622,10.87746524810791,2.5536043643951416,0.23476097658315484,0.0
18,sco_kcal,62,0.15838293731212616,0.022151915356516838,0.6215299745575844,0.9571829743443585,4.520937442779541,0.2187587171792984,0.048387910681816956,0.06
18,sco_kcal,63,0.08164487779140472,0.06388276815414429,0.6250185820531149,0.9589755780767037,12.767988204956055,0.23542208969593048,0.018438463908084474,0.02
18,sco_kcal,64,0.35872188210487366,0.016672354191541672,0.6531172491804058,0.9629829390064346,3.7366294860839844,0.4052272439002991,0.10844726388031055,0.18
18,sco_kcal,65,0.9626911878585815,0.007900439202785492,0.7314184676568054,0.9249845946826758,1.756155252456665,5.208007335662842,2.965573418624248,0.84
18,sco_kcal,66,0.87686687707901,0.0061106812208890915,0.7410662925387466,0.9081781649327563,1.5056051015853882,2.326495885848999,1.5452231686776436,0.78
18,sco_kcal,67,0.24173717200756073,0.03808308765292168,0.6557052672006789,0.9009943740383595,8.52181339263916,1.7812241315841675,0.20901937762715217,0.02
18,sco_kcal,68,0.593553900718689,0.02617092989385128,0.6295217412892022,0.908694518589068,5.222560405731201,3.307687997817993,0.6333460488438122,0.42
18,sco_kcal,69,0.13775105774402618,0.02851933240890503,0.6380086618184111,0.9499030614951298,6.12256383895874,0.5603415966033936,0.09152074381615438,0.02
18,sco_kcal,70,0.17790177464485168,0.061812885105609894,0.5862660324833362,0.896779565222094,11.037771224975586,1.805288553237915,0.16355553276489548,0.08
18,sco_kcal,71,0.20265763998031616,0.015987295657396317,0.6435082060818433,0.9647718746757687,3.471583843231201,0.2141132652759552,0.06167595971891256,0.16
18,sco_kcal,72,0.22751231491565704,0.0267157182097435,0.6577237290706666,0.9400832704601603,5.737742900848389,0.9786662459373474,0.17056641659434424,0.12
18,sco_kcal,73,0.27489688992500305,0.018923528492450714,0.6206335352496628,0.9359675010111033,3.79583477973938,0.6752064824104309,0.17788089355585446,0.08
18,sco_kcal,74,0.24333764612674713,0.05721944943070412,0.6025071050476019,0.910372936512631,11.004234313964844,2.2088139057159424,0.2007239979353096,0.08
18,sco_kcal,75,0.438938707113266,0.01607217825949192,0.6462688343775507,0.9140548656248142,3.615931749343872,1.0167651176452637,0.2811903509599595,0.26
18,sco_kcal,76,0.08865772932767868,0.02213512361049652,0.6258582437167439,0.9505681803253792,4.3653059005737305,0.13920167088508606,0.03188818242194455,0.08
18,sco_kcal,77,0.764335036277771,0.010615777224302292,0.6678447174085589,0.8967229439835187,2.2888762950897217,2.126926898956299,0.9292450201520941,0.58
18,sco_kcal,78,0.25382524728775024,0.016550756990909576,0.6591711569217913,0.9324751849750459,3.638044834136963,0.3062938451766968,0.08419188304185853,0.24
18,sco_kcal,79,0.5544821619987488,0.014398370869457722,0.6504630679455374,0.930404166589893,3.2735204696655273,1.4181299209594727,0.4332124799892791,0.36
18,sco_kcal,80,0.12182494252920151,0.018414929509162903,0.6362725958245772,0.9498204322871577,3.8507115840911865,0.2688896656036377,0.06982856537854648,0.04
18,sco_kcal,81,0.04371887817978859,0.035394567996263504,0.6507371571495035,0.9660319103909283,7.658315658569336,0.1417998969554901,0.018515807297237993,0.06
18,sco_kcal,82,0.2528621256351471,0.0653851330280304,0.6473656582246714,0.980612143307374,14.084128379821777,0.4361495077610016,0.03096744761187136,0.24
18,sco_kcal,83,0.4303983747959137,0.011961814016103745,0.6555436712711138,0.9280719102705071,2.657235860824585,1.1424602270126343,0.4299431013467166,0.22
18,sco_kcal,84,0.47769731283187866,0.02244127355515957,0.6372099976952119,0.8973336283663176,4.649148464202881,2.315260887145996,0.4979967632724241,0.26
18,sco_kcal,85,0.18893501162528992,0.07950761169195175,0.588025744300771,0.9095681775357356,14.487374305725098,2.21488094329834,0.15288353131202434,0.06
18,sco_kcal,86,0.45446017384529114,0.013360288925468922,0.6511807367014311,0.939542361716919,2.972886323928833,0.9411436915397644,0.3165757412130011,0.2
18,sco_kcal,87,0.1550367772579193,0.012406387366354465,0.6324078296857278,0.9595945884861654,2.5902178287506104,0.1680775284767151,0.06488934120177342,0.1
18,sco_kcal,88,0.49064111709594727,0.024541957303881645,0.6241015785801551,0.9029124678556439,4.7824506759643555,2.2332074642181396,0.46695880742519635,0.2
18,sco_kcal,89,0.3226521611213684,0.012577961198985577,0.6444187208587708,0.9422975374882907,2.70420241355896,0.7360787391662598,0.2721980926707027,0.14
18,sco_kcal,90,0.7824920415878296,0.019288886338472366,0.6875162871435636,0.8925014480194684,4.350492000579834,4.508047580718994,1.0362155774836872,0.58
18,sco_kcal,91,0.5922634601593018,0.010461103171110153,0.690149746581328,0.9300796300046406,2.385481595993042,1.5674593448638916,0.6570829754028685,0.48
18,sco_kcal,92,0.08675602078437805,0.023469379171729088,0.6419443353258454,0.9684861301323364,5.016112804412842,0.05328398570418358,0.010622565277500912,0.1
18,sco_kcal,93,0.2425018846988678,0.007854212075471878,0.6425657056386664,0.9500556748845184,1.7350349426269531,0.2489711046218872,0.14349630575447037,0.04
18,sco_kcal,94,0.31680479645729065,0.012434286996722221,0.6215745824096299,0.9185889064328805,2.2849724292755127,0.8714396953582764,0.3813786478091468,0.18
18,sco_kcal,95,0.15228869020938873,0.00925339013338089,0.643907050226189,0.9676761251349044,2.043452024459839,0.12195895612239838,0.05968280863096686,0.04
18,sco_kcal,96,0.6099947690963745,0.01200166530907154,0.6703011951872428,0.9128484112228312,2.6434974670410156,1.6429624557495117,0.6215108870857186,0.32
18,sco_kcal,97,0.6323868632316589,0.024601483717560768,0.658978930241706,0.9080212316115925,5.134376049041748,3.637953042984009,0.7085482263541987,0.42
18,sco_kcal,98,0.1260133534669876,0.029008008539676666,0.6305211345568027,0.9573973279554602,5.819172382354736,0.15528343617916107,0.026684797420681566,0.18
18,sco_kcal,99,0.0918537825345993,0.02784828096628189,0.6042880773134438,0.9550851296090948,5.043675899505615,0.06156538054347038,0.012206450567036843,0.1
18,sco_kcal,100,0.10308443754911423,0.014571376144886017,0.6340362164887221,0.965127750401306,3.096231460571289,0.1182558462023735,0.038193477363786615,0.04
18,sco_kcal,101,0.049744926393032074,0.06720061600208282,0.6324690789276273,0.9695123425630237,13.21135139465332,0.022822627797722816,0.0017275013824065882,0.04
18,sco_kcal,102,0.297100305557251,0.015977174043655396,0.6108552144203583,0.9246785872252499,3.2042574882507324,0.5597329139709473,0.1746841244885462,0.1
18,sco_kcal,103,0.5393856763839722,0.036602478474378586,0.6538142546225449,0.9115345253785359,8.076399803161621,4.386645317077637,0.543143656083051,0.26
18,sco_kcal,104,0.4732833802700043,0.016045618802309036,0.625725662941448,0.9367743171787037,3.353827476501465,0.9423795938491821,0.280986306079233,0.24
18,sco_kcal,105,0.09856683015823364,0.015675928443670273,0.6443425399926044,0.9606125119983993,3.4178738594055176,0.22569358348846436,0.0660333273761367,0.08
18,sco_kcal,106,0.1828417330980301,0.017607683315873146,0.6409496822045184,0.9428021058438105,3.712603807449341,0.48788830637931824,0.13141405107659757,0.04
18,sco_kcal,107,0.23483221232891083,0.511022686958313,0.6481939001186128,0.978944600963702,109.74850463867188,3.162423849105835,0.028815188503183466,0.14
18,sco_kcal,108,0.8226707577705383,0.01602495089173317,0.6981552537988043,0.8987989631842954,3.744170665740967,4.032805442810059,1.0770891080660638,0.72
18,sco_kcal,109,0.23241205513477325,0.0166749469935894,0.6420210600405996,0.9372632029113024,3.7367401123046875,0.3955911099910736,0.10586529919178328,0.16
18,sco_kcal,110,0.10000787675380707,0.01916969008743763,0.6360728486157801,0.9592303323122449,3.992701768875122,0.09908308833837509,0.024816050402454708,0.08
18,sco_kcal,111,0.8356274962425232,0.01595696434378624,0.6744850623281144,0.9063350430828017,3.721526861190796,4.445443630218506,1.1945214413409002,0.38
18,sco_kcal,112,0.13922731578350067,0.05558111146092415,0.6461097145423711,0.9802188009320911,11.943272590637207,0.4106815755367279,0.03438601710042832,0.04
18,sco_kcal,113,0.12313380837440491,0.0836477056145668,0.6313310369237706,0.9238134887725438,17.176769256591797,1.5277998447418213,0.08894570462693438,0.04
18,sco_kcal,114,0.7915248870849609,0.008014719001948833,0.6927070109680422,0.8924564896692226,1.7835065126419067,2.0133273601531982,1.1288589897946928,0.62
18,sco_kcal,115,0.10420104116201401,0.016223616898059845,0.6480358283831134,0.9676614578533109,3.5515241622924805,0.10473119467496872,0.029489084091537075,0.04
18,sco_kcal,116,0.15244406461715698,0.05975853279232979,0.6353670697188067,0.9724313984360329,12.187576293945312,0.13787849247455597,0.011313036255047107,0.16
18,sco_kcal,117,0.13603618741035461,0.012501003220677376,0.6444215004193807,0.9730253946840901,2.684040069580078,0.20205040276050568,0.07527845990470505,0.08
18,sco_kcal,118,0.5243470072746277,0.0204571932554245,0.6489867187487091,0.9088709780843649,4.46832799911499,2.612319231033325,0.5846301416437487,0.34
18,sco_kcal,119,0.5437981486320496,0.019130220636725426,0.6526049938731551,0.9376541034798733,4.125294208526611,2.3201406002044678,0.5624182138110165,0.38
18,sco_kcal,120,0.09020544588565826,0.045576974749565125,0.6087505022559794,0.9712773267135553,8.740670204162598,0.037971239537000656,0.004344202292281602,0.1
18,sco_kcal,121,0.2757052779197693,0.015563840046525002,0.6357297654685867,0.9440560909543709,3.423661231994629,0.6203469038009644,0.18119400891762574,0.12
18,sco_kcal,122,0.33817386627197266,0.020244000479578972,0.6488174756568124,0.9326912062716037,4.408336162567139,1.0880192518234253,0.24680950174857605,0.16
18,sco_kcal,123,0.2000294327735901,0.03372646123170853,0.652724006572484,0.9224029955293849,7.429635047912598,0.9607782363891602,0.1293170162724341,0.06
18,sco_kcal,124,0.08126479387283325,0.04285992681980133,0.6448587700034609,0.9496762205881193,9.100113868713379,0.1086699366569519,0.01194160185517725,0.08
18,sco_kcal,125,0.10316234081983566,0.023433823138475418,0.657389581664253,0.9596806205338033,5.088779926300049,0.07088492810726166,0.013929650944602882,0.08
18,sco_kcal,126,0.4188605844974518,0.0374193899333477,0.6438248648701472,0.8994113119228582,8.002685546875,3.069087505340576,0.38350719734814975,0.24
18,sco_kcal,127,0.16300611197948456,0.0204701479524374,0.6558073523420229,0.9756744844907845,4.4080491065979,0.1141706258058548,0.025900488639059388,0.16
18,sco_kcal,128,0.972109317779541,0.01123266201466322,0.7053672557273549,0.8972648792136149,2.517331123352051,8.47814655303955,3.367910750553206,0.7
18,sco_kcal,129,0.41555458307266235,0.015452747233211994,0.6189356969287942,0.899246771129963,3.0327348709106445,1.192929983139038,0.39335122716508186,0.2
18,sco_kcal,130,0.19801299273967743,0.028941046446561813,0.6256898363182077,0.9430446104841768,5.996946811676025,0.4097115099430084,0.06832001730368896,0.1
18,sco_kcal,131,0.20012685656547546,0.015277889557182789,0.6395313192943066,0.9445737359135513,3.2656006813049316,0.4436422288417816,0.1358531774511091,0.08
18,sco_kcal,132,0.28007635474205017,0.009601668454706669,0.6294361939463433,0.9544167741792375,2.0574865341186523,0.26947179436683655,0.13097135261799797,0.08
18,sco_kcal,133,0.9932170510292053,0.01527390256524086,0.7022493158502046,0.9117842716706792,3.333242654800415,24.604536056518555,7.381561621709118,0.58
18,sco_kcal,134,0.6618107557296753,0.020976370200514793,0.6250405185778922,0.9031277866906136,4.030097007751465,3.0190658569335938,0.7491298227131358,0.4
18,sco_kcal,135,0.06982125341892242,0.014374361373484135,0.650554204684139,0.955824760261309,3.1216399669647217,0.18834012746810913,0.0603337122349951,0.02
18,sco_kcal,136,0.2860904633998871,0.5271080732345581,0.6470494981483073,0.9843963256804658,113.3176040649414,3.4992425441741943,0.030879955264221846,0.18
18,sco_kcal,137,0.08475304394960403,0.009203154593706131,0.6400073148015235,0.9580423248413283,1.9835792779922485,0.13306696712970734,0.06708426963624861,0.06
18,sco_kcal,138,0.12388522177934647,0.04545169323682785,0.6475594297808609,0.9325934906472999,9.28899097442627,0.33462172746658325,0.03602347428131192,0.04
18,sco_kcal,139,0.11756102740764618,0.06759136915206909,0.6240937547479508,0.9318106895881015,13.321270942687988,0.7736197710037231,0.05807402119002474,0.0
18,sco_kcal,140,0.3192380964756012,0.02415645681321621,0.6269068816016712,0.9176974308189074,4.9893598556518555,1.0539311170578003,0.2112357391627959,0.16
18,sco_kcal,141,0.2655889093875885,0.04769938066601753,0.6008653953121574,0.9028411736123323,8.896443367004395,2.3344883918762207,0.26240693000244303,0.12
18,sco_kcal,142,0.1250932812690735,0.018811101093888283,0.652360589138935,0.9670521085614368,4.05123233795166,0.20291346311569214,0.05008684918285556,0.08
18,sco_kcal,143,0.631341278553009,0.016026964411139488,0.6558666844198602,0.8993684904070973,3.6177663803100586,2.473799705505371,0.6837919991100574,0.38
18,sco_kcal,144,0.2210075557231903,0.055247653275728226,0.6508548835778813,0.886844146380763,11.989194869995117,2.332554340362549,0.19455471077546166,0.02
18,sco_kcal,145,0.15145966410636902,0.02255306951701641,0.6188955895925996,0.9434685205963032,4.547059059143066,0.340450644493103,0.07487271224431027,0.04
18,sco_kcal,146,0.055272236466407776,0.0442502498626709,0.6355358279649492,0.9494598746963969,9.67343521118164,0.2309449464082718,0.023874139989206702,0.02
18,sco_kcal,147,0.17262183129787445,0.01831229217350483,0.6545783912637506,0.9631880100503656,3.9442121982574463,0.09167078882455826,0.02324185013804745,0.16
18,sco_kcal,148,0.25101906061172485,0.013389229774475098,0.6456710419014702,0.975056314257281,2.947004556655884,0.13783328235149384,0.0467706376768892,0.12
18,sco_kcal,149,0.3809128701686859,0.02286941185593605,0.6503970495630598,0.9347876452026964,4.9416890144348145,1.6694591045379639,0.33783168055728036,0.14
18,sco_kcal,150,0.4344628155231476,0.024836571887135506,0.6566075775187188,0.9194891075239175,5.6230244636535645,1.8940715789794922,0.3368421373982104,0.26
18,sco_kcal,151,0.2257542610168457,0.014804871752858162,0.6463267697294677,0.9380183143313279,3.2594032287597656,0.5293952226638794,0.16242090514996493,0.1
18,sco_kcal,152,0.4528769552707672,0.03290899842977524,0.6562426866911815,0.9660844087840559,7.131819725036621,1.4852547645568848,0.20825747450441312,0.38
18,sco_kcal,153,0.5014979839324951,0.023506073281168938,0.647409950487219,0.8929662296721623,5.08510684967041,2.391164779663086,0.4702290139327296,0.18
18,sco_kcal,154,0.3503967225551605,0.03381210193037987,0.6120852070476825,0.9199457591443456,6.459836959838867,2.0265674591064453,0.31371805073498255,0.18
18,sco_kcal,155,0.6665840148925781,0.015884460881352425,0.6354778493062203,0.9053714959613832,3.1673154830932617,2.329702138900757,0.73554470697233,0.58
18,sco_kcal,156,0.2650678753852844,0.021174807101488113,0.5878095241705821,0.9237639321505309,3.9535136222839355,0.37074559926986694,0.0937762291193746,0.26
18,sco_kcal,157,0.3463374078273773,0.026492342352867126,0.6433836199623526,0.9380789915221888,5.653223037719727,2.07645583152771,0.3673047777653693,0.14
18,sco_kcal,158,0.1923396736383438,0.01985616236925125,0.6029263293688283,0.941361592143263,3.5672266483306885,0.21646064519882202,0.06068037344924984,0.1
18,sco_kcal,159,0.20826032757759094,0.04179459437727928,0.6325813923628938,0.9444287875746777,8.82641315460205,0.5072829127311707,0.057473279784855266,0.16
18,sco_kcal,160,0.30644941329956055,0.02675202488899231,0.6449368343155428,0.9284387183356462,5.681014060974121,1.580776333808899,0.2782560150076171,0.1
18,sco_kcal,161,0.8072829842567444,0.012032801285386086,0.70025439793666,0.9012769816671056,2.7035610675811768,3.2817530632019043,1.2138631165221005,0.56
18,sco_kcal,162,0.14533133804798126,0.036818817257881165,0.6233227238952488,0.9224084720018166,7.512443542480469,0.8441188931465149,0.11236276031537437,0.02
18,sco_kcal,163,0.5720515847206116,0.01159497071057558,0.6612214956082665,0.915410513414898,2.728238821029663,1.296277403831482,0.4751334061518319,0.38
18,sco_kcal,164,0.16743096709251404,0.03895188122987747,0.613803952608396,0.941458769140177,7.533601760864258,0.3744402825832367,0.049702691284849755,0.08
18,sco_kcal,165,0.12812262773513794,0.014833507128059864,0.6231739533985099,0.9564800105967519,2.988814353942871,0.11668792366981506,0.03904154284988604,0.06
18,sco_kcal,166,0.2226189374923706,0.061248477548360825,0.6470240185695624,0.9766180397330071,13.1839599609375,0.40736979246139526,0.03089889484406683,0.16
18,sco_kcal,167,0.0717519223690033,0.018584389239549637,0.6121164998110913,0.9567065796764762,3.5684943199157715,0.10910739749670029,0.030575191583680477,0.1
18,sco_kcal,168,0.7630524039268494,0.022823799401521683,0.6648679406490139,0.9301534368884137,4.813157558441162,4.943442344665527,1.0270684648575188,0.56
18,sco_kcal,169,0.04926031082868576,0.07352711260318756,0.6162241714697796,0.9444903692357787,14.424691200256348,0.23784637451171875,0.016488836482509373,0.0
18,sco_kcal,170,0.5827721953392029,0.02348656766116619,0.6575568219193597,0.8949544750683405,5.256499290466309,3.2182974815368652,0.6122511016740511,0.38
18,sco_kcal,171,0.2864055931568146,0.04202431067824364,0.6216600252125883,0.8984821366358688,8.193746566772461,2.030602216720581,0.24782341022788562,0.14
18,sco_kcal,172,0.1714174896478653,0.021509788930416107,0.6214317236203841,0.9526882513171362,4.222053050994873,0.4766280949115753,0.1128901245803304,0.04
18,sco_kcal,173,0.16678623855113983,0.024988923221826553,0.6350640138845427,0.9612227921621193,5.159543037414551,0.04525940120220184,0.008771978617874142,0.16
18,sco_kcal,174,0.38173454999923706,0.04425402730703354,0.6156293937422885,0.8965536416811124,8.520552635192871,2.8294193744659424,0.33206993672915625,0.14
18,sco_kcal,175,0.9268078207969666,0.016354557126760483,0.6931778256354311,0.9053809562220663,3.732813835144043,7.792997360229492,2.087700513446252,0.48
18,sco_kcal,176,0.07030243426561356,0.04680478945374489,0.602062828177532,0.954104845613402,8.554356575012207,0.08957384526729584,0.010471137657383427,0.04
18,sco_kcal,177,0.18188254535198212,0.02306758612394333,0.6420834285266428,0.9305073030021438,5.027472972869873,0.539750874042511,0.10736027363154588,0.16
18,sco_kcal,178,0.5100935101509094,0.010680782608687878,0.6461931030893291,0.9110072546492809,2.236720561981201,1.177122950553894,0.5262717974529835,0.26
18,sco_kcal,179,0.10061411559581757,0.01581123098731041,0.6377094069825424,0.9566873445024773,3.4955928325653076,0.0711417868733406,0.020351851683232756,0.02
18,sco_kcal,180,0.1992601752281189,0.029459264129400253,0.6492508956870431,0.959345174007562,6.356943130493164,0.23989827930927277,0.03773799362126144,0.18
18,sco_kcal,181,0.05007873475551605,0.029274001717567444,0.6193131362151578,0.9645939231680611,5.829765319824219,0.10467717051506042,0.017955640539955162,0.02
18,sco_kcal,182,0.2215735763311386,0.018375393003225327,0.6422418692868199,0.9463293905850962,3.9815070629119873,0.36681509017944336,0.09212970977656958,0.12
18,sco_kcal,183,0.6653423309326172,0.010072475299239159,0.6636000261823536,0.9024906312968548,2.2784371376037598,1.6414315700531006,0.7204199505716449,0.5
18,sco_kcal,184,0.12670569121837616,0.022123537957668304,0.6549963240479142,0.9454229580562472,4.7739973068237305,0.21597836911678314,0.04524057204809766,0.14
18,sco_kcal,185,0.4956812858581543,0.016789501532912254,0.6509232686330697,0.9250241102506687,3.589775800704956,1.7419556379318237,0.48525471635017997,0.2
18,sco_kcal,186,0.33000534772872925,0.02791377156972885,0.6331360621673658,0.9397017762329498,5.657039165496826,1.7830039262771606,0.31518323881368593,0.1
18,sco_kcal,187,0.16014869511127472,0.03824404999613762,0.6362436399715594,0.9390856235713019,8.189407348632812,1.0689568519592285,0.1305292076034887,0.04
18,sco_kcal,188,0.594261109828949,0.01599924825131893,0.6566444073180242,0.9211166245980196,3.590327739715576,1.965846300125122,0.5475395124459739,0.36
18,sco_kcal,189,0.1389348953962326,0.02359110116958618,0.6449010677257041,0.9390139763236696,5.089449882507324,0.48765528202056885,0.09581689441459336,0.06
18,sco_kcal,190,0.054215140640735626,0.043008606880903244,0.6121787765227338,0.9591425851814803,8.09276008605957,0.06098450720310211,0.007535687028230681,0.06
18,sco_kcal,191,0.14534780383110046,0.06430461257696152,0.6094067241329151,0.9128529418364002,12.2598876953125,1.8660919666290283,0.15221117949901924,0.0
18,sco_kcal,192,0.48473626375198364,0.008092157542705536,0.6691143939447519,0.9376986806291452,1.920353651046753,0.516602635383606,0.2690143219724213,0.34
18,sco_kcal,193,0.5666937828063965,0.015417247079312801,0.6666017023486233,0.9420019626764877,3.4033358097076416,1.9583464860916138,0.5754197045456536,0.52
18,sco_kcal,194,0.21524813771247864,0.030215376988053322,0.6351626771705601,0.9261957910629066,6.062541484832764,0.9023893475532532,0.148846708894421,0.06
18,sco_kcal,195,0.2414606511592865,0.015788787975907326,0.6149380581308856,0.944288612851327,3.062994956970215,0.26207584142684937,0.0855619565518592,0.1
18,sco_kcal,196,0.5175021886825562,0.0264020636677742,0.6369927571784619,0.9025337943399818,5.553813934326172,2.7479259967803955,0.4947817894647912,0.28
18,sco_kcal,197,0.4108946621417999,0.021894510835409164,0.655602514178506,0.971351328178109,5.241905212402344,0.18873965740203857,0.03600592718759597,0.28
18,sco_kcal,198,0.10539756715297699,0.04551037400960922,0.608475751310311,0.9524533753039184,8.627911567687988,0.11220768094062805,0.013005195992139292,0.1
18,sco_kcal,199,0.1345231831073761,0.027882495895028114,0.6544414286263665,0.9454298612235856,5.911098003387451,0.3143390715122223,0.05317778039411378,0.08
18,sco_kcal,200,0.47719281911849976,0.018716109916567802,0.647003656842337,0.9180361464385174,4.19025993347168,1.8570173978805542,0.4431747498637855,0.2
18,sco_kcal,201,0.09795426577329636,0.029749061912298203,0.6438251176249483,0.9618096842334254,6.373868465423584,0.14379888772964478,0.0225606926954506,0.04
18,sco_kcal,202,0.10483037680387497,0.0607069730758667,0.6143427150856939,0.9235988106289035,11.918213844299316,0.600376546382904,0.050374708343572334,0.0
18,sco_kcal,203,0.09684499353170395,0.05800313875079155,0.616736401134538,0.9597806037022509,11.014416694641113,0.11701187491416931,0.010623519897435835,0.12
18,sco_kcal,204,0.10286591947078705,0.016943177208304405,0.6599938295579235,0.9562621208402047,3.6951510906219482,0.2027210146188736,0.054861360103343616,0.04
18,sco_kcal,205,0.6014501452445984,0.012318497523665428,0.657151408166847,0.9114267931732429,2.8464062213897705,1.5711652040481567,0.5519820720743888,0.36
18,sco_kcal,206,0.087370865046978,0.02921024151146412,0.6485825475803941,0.9575113499111958,6.301950931549072,0.22271430492401123,0.03534053301003189,0.04
18,sco_kcal,207,0.21445946395397186,0.015998993068933487,0.6515065727023079,0.9574600712614556,3.5099050998687744,0.21194325387477875,0.06038432602713467,0.2
18,sco_kcal,208,0.10764863342046738,0.06150262430310249,0.643731928497917,0.9776283043847152,13.391523361206055,0.1547463983297348,0.011555548547823926,0.16
18,sco_kcal,209,0.07351629436016083,0.021825479343533516,0.630694774259059,0.9724699318493217,4.477080345153809,0.10932259261608124,0.02441827802675395,0.02
18,sco_kcal,210,0.16177183389663696,0.019891703501343727,0.633015471360266,0.9452665425100206,4.129507541656494,0.4465310573577881,0.10813179364691713,0.02
18,sco_kcal,211,0.30862006545066833,0.03340493142604828,0.612267200890104,0.9226219218496805,6.465662956237793,1.6107962131500244,0.24913086624721098,0.16
18,sco_kcal,212,0.08635788410902023,0.01679254323244095,0.6487717895595213,0.9678889166429212,3.6653270721435547,0.16345514357089996,0.04459496802158728,0.02
18,sco_kcal,213,0.8437544703483582,0.00930471159517765,0.6981269063413038,0.8965910329231073,2.092013359069824,2.4545860290527344,1.1733127890464914,0.76
18,sco_kcal,214,0.3427869975566864,0.025079572573304176,0.6313983936243095,0.9276915171916371,5.071577072143555,1.4638341665267944,0.2886349050213861,0.1
18,sco_kcal,215,0.13079220056533813,0.022705942392349243,0.6252104821964628,0.9471330712661068,4.566653728485107,0.15227319300174713,0.03334458928907242,0.12
18,sco_kcal,216,0.13881713151931763,0.016421817243099213,0.646195465875179,0.9402680247094259,3.6070101261138916,0.23751534521579742,0.06584826127773889,0.04
18,sco_kcal,217,0.2552218437194824,0.051354363560676575,0.6598099218648981,0.9029934535858468,11.236530303955078,2.221727132797241,0.19772359195393518,0.12
18,sco_kcal,218,0.6740875244140625,0.4988454282283783,0.7068124183742104,0.9816089736424671,131.45347595214844,1.0075594186782837,0.007664760565517906,0.6
18,sco_kcal,219,0.3200158178806305,0.03510076180100441,0.6340563740074217,0.9156001399115277,7.26547908782959,2.1697633266448975,0.29864008971954376,0.1
18,sco_kcal,220,0.12063084542751312,0.01955668441951275,0.6525042315801313,0.9526108407193998,4.292318820953369,0.1358526349067688,0.03165017338497575,0.1
18,sco_kcal,221,0.5125634074211121,0.005958902649581432,0.6361994586104265,0.9334413413239708,1.4454282522201538,0.2954811453819275,0.20442463673175984,0.42
18,sco_kcal,222,0.9179285764694214,0.0057997023686766624,0.7194828746481188,0.9394575559691885,1.243558645248413,2.570199728012085,2.066810228719581,0.92
18,sco_kcal,223,0.08197679370641708,0.057721689343452454,0.5715640774793942,0.9599232815461938,9.8833589553833,0.03955499827861786,0.004002181693205923,0.12
18,sco_kcal,224,0.3591885566711426,0.03239072114229202,0.5815804303339462,0.9056090239316903,5.820440292358398,1.5828893184661865,0.2719535359798033,0.18
18,sco_kcal,225,0.11648095399141312,0.037829186767339706,0.6208641898614962,0.9589493073038409,7.508213043212891,0.2039952278137207,0.027169611016581878,0.04
18,sco_kcal,226,0.4744546711444855,0.025845900177955627,0.6230760984512704,0.8886399538311072,5.094037055969238,2.326935291290283,0.4567959097516889,0.2
18,sco_kcal,227,0.1703479140996933,0.027317751199007034,0.6284104113362807,0.9365461246376452,5.499665260314941,0.22862544655799866,0.04157079308221502,0.1
18,sco_kcal,228,0.20886315405368805,0.012459203600883484,0.6210969601842307,0.9635575802327572,2.561408281326294,0.10644993185997009,0.041559142537342955,0.12
18,sco_kcal,229,0.24012623727321625,0.03602157160639763,0.6236673886439978,0.9218496394026869,7.028828144073486,0.7116655111312866,0.1012495250337488,0.16
18,sco_kcal,230,0.08041545748710632,0.018601631745696068,0.6410885484668831,0.9557130789160415,3.9078729152679443,0.18125459551811218,0.04638190633322691,0.02
18,sco_kcal,231,0.20070335268974304,0.02023543231189251,0.617758050906998,0.9468952764897882,3.9143729209899902,0.48028242588043213,0.12269715624309069,0.12
18,sco_kcal,232,0.06072651967406273,0.055134713649749756,0.6259483770326355,0.922032553734381,11.516274452209473,0.3162047863006592,0.02745721175826903,0.04
18,sco_kcal,233,0.0657096728682518,0.07861775159835815,0.5974328700807081,0.958451218409688,14.305012702941895,0.08564768731594086,0.005987250000716672,0.02
18,sco_kcal,234,0.5437396764755249,0.0338275283575058,0.6343306363877426,0.8921178252274038,6.802178859710693,2.598191976547241,0.3819646660478649,0.56
18,sco_kcal,235,0.2165590226650238,0.04394853115081787,0.6467530527735623,0.9241366904544572,9.52309799194336,1.4899574518203735,0.15645722149251148,0.12
18,sco_kcal,236,0.4460125267505646,0.010795810259878635,0.6781222025276805,0.9295580817577109,2.494947671890259,1.0585708618164062,0.4242857971503652,0.22
18,sco_kcal,237,0.32888612151145935,0.020544568076729774,0.6702226772785429,0.9503619972208819,4.6870527267456055,1.1015573740005493,0.235021331788047,0.24
18,sco_kcal,238,0.06545297801494598,0.039232537150382996,0.6276308361907967,0.961251818340459,7.629676342010498,0.06322287023067474,0.008286441966424866,0.04
18,sco_kcal,239,0.13441821932792664,0.006840373855084181,0.6460876320098976,0.9598923601379896,1.5587705373764038,0.17051096260547638,0.10938810974222454,0.02
18,sco_kcal,240,0.2064443826675415,0.07269956171512604,0.6191129777643964,0.9122097259627067,14.153304100036621,2.9284896850585938,0.2069120867014379,0.06
18,sco_kcal,241,0.26917821168899536,0.046163223683834076,0.6179333278749914,0.912388977283477,8.965317726135254,2.0440590381622314,0.22799627415361878,0.06
18,sco_kcal,242,0.22713033854961395,0.027647823095321655,0.6314099425080053,0.9403326079743808,5.814886093139648,1.0596833229064941,0.18223629937595842,0.06
18,sco_kcal,243,0.338066428899765,0.07639303803443909,0.6475682970215935,0.9756634623310796,16.504283905029297,1.4526007175445557,0.08801355611084158,0.24
18,sco_kcal,244,0.16931818425655365,0.024282176047563553,0.6390118660478852,0.9475327691008124,5.261659145355225,0.24476255476474762,0.04651813201940568,0.08
18,sco_kcal,245,0.627011239528656,0.021494010463356972,0.6721261476864033,0.8969638617825473,4.791684150695801,2.9255027770996094,0.6105374822492833,0.4
18,sco_kcal,246,0.41965121030807495,0.009598388336598873,0.653048669158458,0.9501225533762525,2.1127095222473145,0.7367769479751587,0.3487355645519315,0.18
18,sco_kcal,247,0.36526188254356384,0.03478078171610832,0.6459756867909074,0.9091203634197964,7.445427417755127,2.530416488647461,0.3398618167458286,0.06
18,sco_kcal,248,0.42420583963394165,0.019642317667603493,0.6774233090421646,0.9089749871802721,4.420724868774414,1.9229066371917725,0.4349754156324305,0.14
18,sco_kcal,249,0.1872873604297638,0.041652750223875046,0.6450615053798592,0.9275465392447533,8.714311599731445,1.3462550640106201,0.15448782713394235,0.04
18,water_gsolv_eV,0,1.0000001192092896,0.0,0.6666202381861119,0.6666202381861119,,,,1.0
18,water_gsolv_eV,1,1.0000001192092896,0.0,0.6666202381861119,0.6666202381861119,,,,1.0
18,water_gsolv_eV,2,1.0000001192092896,0.0,0.6666202381861119,0.6666202381861119,,,,1.0
18,water_gsolv_eV,3,1.0000001192092896,0.0,0.6666202381861119,0.6666202381861119,,,,1.0
18,water_gsolv_eV,4,1.0000001192092896,0.0,0.6666202381861119,0.6666202381861119,,,,1.0
18,water_gsolv_eV,5,1.0000001192092896,0.0,0.6666202381861119,0.6666202381861119,,,,1.0
18,water_gsolv_eV,6,1.0000001192092896,0.0,0.6666202381861119,0.6666202381861119,,,,1.0
18,water_gsolv_eV,7,1.0000001192092896,0.0,0.6666202381861119,0.6666202381861119,,,,1.0
18,water_gsolv_eV,8,1.0000001192092896,0.0,0.6666202381861119,0.6666202381861119,,,,1.0
18,water_gsolv_eV,9,1.0000001192092896,0.0,0.6666202381861119,0.6666202381861119,,,,1.0
18,water_gsolv_eV,10,1.0000001192092896,0.0,0.6666202381861119,0.6666202381861119,,,,1.0
18,water_gsolv_eV,11,1.0000001192092896,0.0,0.6666202381861119,0.6666202381861119,,,,1.0
18,water_gsolv_eV,12,1.0000001192092896,0.0,0.6666202381861119,0.6666202381861119,,,,1.0
18,water_gsolv_eV,13,1.0000001192092896,0.0,0.6666202381861119,0.6666202381861119,,,,1.0
18,water_gsolv_eV,14,1.0000001192092896,0.0,0.6666202381861119,0.6666202381861119,,,,1.0
18,water_gsolv_eV,15,1.0000001192092896,0.0,0.6666202381861119,0.6666202381861119,,,,1.0
18,water_gsolv_eV,16,1.0000001192092896,0.0,0.6666202381861119,0.6666202381861119,,,,1.0
18,water_gsolv_eV,17,1.0000001192092896,0.0,0.6666202381861119,0.6666202381861119,,,,1.0
18,water_gsolv_eV,18,1.0000001192092896,0.0,0.6666202381861119,0.6666202381861119,,,,1.0
18,water_gsolv_eV,19,1.0000001192092896,0.0,0.6666202381861119,0.6666202381861119,,,,1.0
18,water_gsolv_eV,20,1.0000001192092896,0.0,0.6666202381861119,0.6666202381861119,,,,1.0
18,water_gsolv_eV,21,1.0000001192092896,0.0,0.6666202381861119,0.6666202381861119,,,,1.0
18,water_gsolv_eV,22,1.0000001192092896,0.0,0.6666202381861119,0.6666202381861119,,,,1.0
18,water_gsolv_eV,23,1.0000001192092896,0.0,0.6666202381861119,0.6666202381861119,,,,1.0
18,water_gsolv_eV,24,1.0000001192092896,0.0,0.6666202381861119,0.6666202381861119,,,,1.0
18,water_gsolv_eV,25,1.0000001192092896,0.0,0.6666202381861119,0.6666202381861119,,,,1.0
18,water_gsolv_eV,26,1.0000001192092896,0.0,0.6666202381861119,0.6666202381861119,,,,1.0
18,water_gsolv_eV,27,1.0000001192092896,0.0,0.6666202381861119,0.6666202381861119,,,,1.0
18,water_gsolv_eV,28,1.0000001192092896,0.0,0.6666202381861119,0.6666202381861119,,,,1.0
18,water_gsolv_eV,29,1.0000001192092896,0.0,0.6666202381861119,0.6666202381861119,,,,1.0
18,water_gsolv_eV,30,1.0000001192092896,0.0,0.6666202381861119,0.6666202381861119,,,,1.0
18,water_gsolv_eV,31,1.0000001192092896,0.0,0.6666202381861119,0.6666202381861119,,,,1.0
18,water_gsolv_eV,32,1.0000001192092896,0.0,0.6666202381861119,0.6666202381861119,,,,1.0
18,water_gsolv_eV,33,1.0000001192092896,0.0,0.6666202381861119,0.6666202381861119,,,,1.0
18,water_gsolv_eV,34,1.0000001192092896,0.0,0.6666202381861119,0.6666202381861119,,,,1.0
18,water_gsolv_eV,35,1.0000001192092896,0.0,0.6666202381861119,0.6666202381861119,,,,1.0
18,water_gsolv_eV,36,1.0000001192092896,0.0,0.6666202381861119,0.6666202381861119,,,,1.0
18,water_gsolv_eV,37,1.0000001192092896,0.0,0.6666202381861119,0.6666202381861119,,,,1.0
18,water_gsolv_eV,38,1.0000001192092896,0.0,0.6666202381861119,0.6666202381861119,,,,1.0
18,water_gsolv_eV,39,1.0000001192092896,0.0,0.6666202381861119,0.6666202381861119,,,,1.0
18,water_gsolv_eV,40,1.0000001192092896,0.0,0.6666202381861119,0.6666202381861119,,,,1.0
18,water_gsolv_eV,41,1.0000001192092896,0.0,0.6666202381861119,0.6666202381861119,,,,1.0
18,water_gsolv_eV,42,1.0000001192092896,0.0,0.6666202381861119,0.6666202381861119,,,,1.0
18,water_gsolv_eV,43,1.0000001192092896,0.0,0.6666202381861119,0.6666202381861119,,,,1.0
18,water_gsolv_eV,44,1.0000001192092896,0.0,0.6666202381861119,0.6666202381861119,,,,1.0
18,water_gsolv_eV,45,1.0000001192092896,0.0,0.6666202381861119,0.6666202381861119,,,,1.0
18,water_gsolv_eV,46,1.0000001192092896,0.0,0.6666202381861119,0.6666202381861119,,,,1.0
18,water_gsolv_eV,47,1.0000001192092896,0.0,0.6666202381861119,0.6666202381861119,,,,1.0
18,water_gsolv_eV,48,1.0000001192092896,0.0,0.6666202381861119,0.6666202381861119,,,,1.0
18,water_gsolv_eV,49,1.0000001192092896,0.0,0.6666202381861119,0.6666202381861119,,,,1.0
18,water_gsolv_eV,50,1.0000001192092896,0.0,0.6666202381861119,0.6666202381861119,,,,1.0
18,water_gsolv_eV,51,1.0000001192092896,0.0,0.6666202381861119,0.6666202381861119,,,,1.0
18,water_gsolv_eV,52,1.0000001192092896,0.0,0.6666202381861119,0.6666202381861119,,,,1.0
18,water_gsolv_eV,53,1.0000001192092896,0.0,0.6666202381861119,0.6666202381861119,,,,1.0
18,water_gsolv_eV,54,1.0000001192092896,0.0,0.6666202381861119,0.6666202381861119,,,,1.0
18,water_gsolv_eV,55,1.0000001192092896,0.0,0.6666202381861119,0.6666202381861119,,,,1.0
18,water_gsolv_eV,56,1.0000001192092896,0.0,0.6666202381861119,0.6666202381861119,,,,1.0
18,water_gsolv_eV,57,1.0000001192092896,0.0,0.6666202381861119,0.6666202381861119,,,,1.0
18,water_gsolv_eV,58,1.0000001192092896,0.0,0.6666202381861119,0.6666202381861119,,,,1.0
18,water_gsolv_eV,59,1.0000001192092896,0.0,0.6666202381861119,0.6666202381861119,,,,1.0
18,water_gsolv_eV,60,1.0000001192092896,0.0,0.6666202381861119,0.6666202381861119,,,,1.0
18,water_gsolv_eV,61,1.0000001192092896,0.0,0.6666202381861119,0.6666202381861119,,,,1.0
18,water_gsolv_eV,62,1.0000001192092896,0.0,0.6666202381861119,0.6666202381861119,,,,1.0
18,water_gsolv_eV,63,1.0000001192092896,0.0,0.6666202381861119,0.6666202381861119,,,,1.0
18,water_gsolv_eV,64,1.0000001192092896,0.0,0.6666202381861119,0.6666202381861119,,,,1.0
18,water_gsolv_eV,65,1.0000001192092896,0.0,0.6666202381861119,0.6666202381861119,,,,1.0
18,water_gsolv_eV,66,1.0000001192092896,0.0,0.6666202381861119,0.6666202381861119,,,,1.0
18,water_gsolv_eV,67,1.0000001192092896,0.0,0.6666202381861119,0.6666202381861119,,,,1.0
18,water_gsolv_eV,68,1.0000001192092896,0.0,0.6666202381861119,0.6666202381861119,,,,1.0
18,water_gsolv_eV,69,1.0000001192092896,0.0,0.6666202381861119,0.6666202381861119,,,,1.0
18,water_gsolv_eV,70,1.0000001192092896,0.0,0.6666202381861119,0.6666202381861119,,,,1.0
18,water_gsolv_eV,71,1.0000001192092896,0.0,0.6666202381861119,0.6666202381861119,,,,1.0
18,water_gsolv_eV,72,1.0000001192092896,0.0,0.6666202381861119,0.6666202381861119,,,,1.0
18,water_gsolv_eV,73,1.0000001192092896,0.0,0.6666202381861119,0.6666202381861119,,,,1.0
18,water_gsolv_eV,74,1.0000001192092896,0.0,0.6666202381861119,0.6666202381861119,,,,1.0
18,water_gsolv_eV,75,1.0000001192092896,0.0,0.6666202381861119,0.6666202381861119,,,,1.0
18,water_gsolv_eV,76,1.0000001192092896,0.0,0.6666202381861119,0.6666202381861119,,,,1.0
18,water_gsolv_eV,77,1.0000001192092896,0.0,0.6666202381861119,0.6666202381861119,,,,1.0
18,water_gsolv_eV,78,1.0000001192092896,0.0,0.6666202381861119,0.6666202381861119,,,,1.0
18,water_gsolv_eV,79,1.0000001192092896,0.0,0.6666202381861119,0.6666202381861119,,,,1.0
18,water_gsolv_eV,80,1.0000001192092896,0.0,0.6666202381861119,0.6666202381861119,,,,1.0
18,water_gsolv_eV,81,1.0000001192092896,0.0,0.6666202381861119,0.6666202381861119,,,,1.0
18,water_gsolv_eV,82,1.0000001192092896,0.0,0.6666202381861119,0.6666202381861119,,,,1.0
18,water_gsolv_eV,83,1.0000001192092896,0.0,0.6666202381861119,0.6666202381861119,,,,1.0
18,water_gsolv_eV,84,1.0000001192092896,0.0,0.6666202381861119,0.6666202381861119,,,,1.0
18,water_gsolv_eV,85,1.0000001192092896,0.0,0.6666202381861119,0.6666202381861119,,,,1.0
18,water_gsolv_eV,86,1.0000001192092896,0.0,0.6666202381861119,0.6666202381861119,,,,1.0
18,water_gsolv_eV,87,1.0000001192092896,0.0,0.6666202381861119,0.6666202381861119,,,,1.0
18,water_gsolv_eV,88,1.0000001192092896,0.0,0.6666202381861119,0.6666202381861119,,,,1.0
18,water_gsolv_eV,89,1.0000001192092896,0.0,0.6666202381861119,0.6666202381861119,,,,1.0
18,water_gsolv_eV,90,1.0000001192092896,0.0,0.6666202381861119,0.6666202381861119,,,,1.0
18,water_gsolv_eV,91,1.0000001192092896,0.0,0.6666202381861119,0.6666202381861119,,,,1.0
18,water_gsolv_eV,92,1.0000001192092896,0.0,0.6666202381861119,0.6666202381861119,,,,1.0
18,water_gsolv_eV,93,1.0000001192092896,0.0,0.6666202381861119,0.6666202381861119,,,,1.0
18,water_gsolv_eV,94,1.0000001192092896,0.0,0.6666202381861119,0.6666202381861119,,,,1.0
18,water_gsolv_eV,95,1.0000001192092896,0.0,0.6666202381861119,0.6666202381861119,,,,1.0
18,water_gsolv_eV,96,1.0000001192092896,0.0,0.6666202381861119,0.6666202381861119,,,,1.0
18,water_gsolv_eV,97,1.0000001192092896,0.0,0.6666202381861119,0.6666202381861119,,,,1.0
18,water_gsolv_eV,98,1.0000001192092896,0.0,0.6666202381861119,0.6666202381861119,,,,1.0
18,water_gsolv_eV,99,1.0000001192092896,0.0,0.6666202381861119,0.6666202381861119,,,,1.0
18,water_gsolv_eV,100,1.0000001192092896,0.0,0.6666202381861119,0.6666202381861119,,,,1.0
18,water_gsolv_eV,101,1.0000001192092896,0.0,0.6666202381861119,0.6666202381861119,,,,1.0
18,water_gsolv_eV,102,1.0000001192092896,0.0,0.6666202381861119,0.6666202381861119,,,,1.0
18,water_gsolv_eV,103,1.0000001192092896,0.0,0.6666202381861119,0.6666202381861119,,,,1.0
18,water_gsolv_eV,104,1.0000001192092896,0.0,0.6666202381861119,0.6666202381861119,,,,1.0
18,water_gsolv_eV,105,1.0000001192092896,0.0,0.6666202381861119,0.6666202381861119,,,,1.0
18,water_gsolv_eV,106,1.0000001192092896,0.0,0.6666202381861119,0.6666202381861119,,,,1.0
18,water_gsolv_eV,107,1.0000001192092896,0.0,0.6666202381861119,0.6666202381861119,,,,1.0
18,water_gsolv_eV,108,1.0000001192092896,0.0,0.6666202381861119,0.6666202381861119,,,,1.0
18,water_gsolv_eV,109,1.0000001192092896,0.0,0.6666202381861119,0.6666202381861119,,,,1.0
18,water_gsolv_eV,110,1.0000001192092896,0.0,0.6666202381861119,0.6666202381861119,,,,1.0
18,water_gsolv_eV,111,1.0000001192092896,0.0,0.6666202381861119,0.6666202381861119,,,,1.0
18,water_gsolv_eV,112,1.0000001192092896,0.0,0.6666202381861119,0.6666202381861119,,,,1.0
18,water_gsolv_eV,113,1.0000001192092896,0.0,0.6666202381861119,0.6666202381861119,,,,1.0
18,water_gsolv_eV,114,1.0000001192092896,0.0,0.6666202381861119,0.6666202381861119,,,,1.0
18,water_gsolv_eV,115,1.0000001192092896,0.0,0.6666202381861119,0.6666202381861119,,,,1.0
18,water_gsolv_eV,116,1.0000001192092896,0.0,0.6666202381861119,0.6666202381861119,,,,1.0
18,water_gsolv_eV,117,1.0000001192092896,0.0,0.6666202381861119,0.6666202381861119,,,,1.0
18,water_gsolv_eV,118,1.0000001192092896,0.0,0.6666202381861119,0.6666202381861119,,,,1.0
18,water_gsolv_eV,119,1.0000001192092896,0.0,0.6666202381861119,0.6666202381861119,,,,1.0
18,water_gsolv_eV,120,1.0000001192092896,0.0,0.6666202381861119,0.6666202381861119,,,,1.0
18,water_gsolv_eV,121,1.0000001192092896,0.0,0.6666202381861119,0.6666202381861119,,,,1.0
18,water_gsolv_eV,122,1.0000001192092896,0.0,0.6666202381861119,0.6666202381861119,,,,1.0
18,water_gsolv_eV,123,1.0000001192092896,0.0,0.6666202381861119,0.6666202381861119,,,,1.0
18,water_gsolv_eV,124,1.0000001192092896,0.0,0.6666202381861119,0.6666202381861119,,,,1.0
18,water_gsolv_eV,125,1.0000001192092896,0.0,0.6666202381861119,0.6666202381861119,,,,1.0
18,water_gsolv_eV,126,1.0000001192092896,0.0,0.6666202381861119,0.6666202381861119,,,,1.0
18,water_gsolv_eV,127,1.0000001192092896,0.0,0.6666202381861119,0.6666202381861119,,,,1.0
18,water_gsolv_eV,128,1.0000001192092896,0.0,0.6666202381861119,0.6666202381861119,,,,1.0
18,water_gsolv_eV,129,1.0000001192092896,0.0,0.6666202381861119,0.6666202381861119,,,,1.0
18,water_gsolv_eV,130,1.0000001192092896,0.0,0.6666202381861119,0.6666202381861119,,,,1.0
18,water_gsolv_eV,131,1.0000001192092896,0.0,0.6666202381861119,0.6666202381861119,,,,1.0
18,water_gsolv_eV,132,1.0000001192092896,0.0,0.6666202381861119,0.6666202381861119,,,,1.0
18,water_gsolv_eV,133,1.0000001192092896,0.0,0.6666202381861119,0.6666202381861119,,,,1.0
18,water_gsolv_eV,134,1.0000001192092896,0.0,0.6666202381861119,0.6666202381861119,,,,1.0
18,water_gsolv_eV,135,1.0000001192092896,0.0,0.6666202381861119,0.6666202381861119,,,,1.0
18,water_gsolv_eV,136,1.0000001192092896,0.0,0.6666202381861119,0.6666202381861119,,,,1.0
18,water_gsolv_eV,137,1.0000001192092896,0.0,0.6666202381861119,0.6666202381861119,,,,1.0
18,water_gsolv_eV,138,1.0000001192092896,0.0,0.6666202381861119,0.6666202381861119,,,,1.0
18,water_gsolv_eV,139,1.0000001192092896,0.0,0.6666202381861119,0.6666202381861119,,,,1.0
18,water_gsolv_eV,140,1.0000001192092896,0.0,0.6666202381861119,0.6666202381861119,,,,1.0
18,water_gsolv_eV,141,1.0000001192092896,0.0,0.6666202381861119,0.6666202381861119,,,,1.0
18,water_gsolv_eV,142,1.0000001192092896,0.0,0.6666202381861119,0.6666202381861119,,,,1.0
18,water_gsolv_eV,143,1.0000001192092896,0.0,0.6666202381861119,0.6666202381861119,,,,1.0
18,water_gsolv_eV,144,1.0000001192092896,0.0,0.6666202381861119,0.6666202381861119,,,,1.0
18,water_gsolv_eV,145,1.0000001192092896,0.0,0.6666202381861119,0.6666202381861119,,,,1.0
18,water_gsolv_eV,146,1.0000001192092896,0.0,0.6666202381861119,0.6666202381861119,,,,1.0
18,water_gsolv_eV,147,1.0000001192092896,0.0,0.6666202381861119,0.6666202381861119,,,,1.0
18,water_gsolv_eV,148,1.0000001192092896,0.0,0.6666202381861119,0.6666202381861119,,,,1.0
18,water_gsolv_eV,149,1.0000001192092896,0.0,0.6666202381861119,0.6666202381861119,,,,1.0
18,water_gsolv_eV,150,1.0000001192092896,0.0,0.6666202381861119,0.6666202381861119,,,,1.0
18,water_gsolv_eV,151,1.0000001192092896,0.0,0.6666202381861119,0.6666202381861119,,,,1.0
18,water_gsolv_eV,152,1.0000001192092896,0.0,0.6666202381861119,0.6666202381861119,,,,1.0
18,water_gsolv_eV,153,1.0000001192092896,0.0,0.6666202381861119,0.6666202381861119,,,,1.0
18,water_gsolv_eV,154,1.0000001192092896,0.0,0.6666202381861119,0.6666202381861119,,,,1.0
18,water_gsolv_eV,155,1.0000001192092896,0.0,0.6666202381861119,0.6666202381861119,,,,1.0
18,water_gsolv_eV,156,1.0000001192092896,0.0,0.6666202381861119,0.6666202381861119,,,,1.0
18,water_gsolv_eV,157,1.0000001192092896,0.0,0.6666202381861119,0.6666202381861119,,,,1.0
18,water_gsolv_eV,158,1.0000001192092896,0.0,0.6666202381861119,0.6666202381861119,,,,1.0
18,water_gsolv_eV,159,1.0000001192092896,0.0,0.6666202381861119,0.6666202381861119,,,,1.0
18,water_gsolv_eV,160,1.0000001192092896,0.0,0.6666202381861119,0.6666202381861119,,,,1.0
18,water_gsolv_eV,161,1.0000001192092896,0.0,0.6666202381861119,0.6666202381861119,,,,1.0
18,water_gsolv_eV,162,1.0000001192092896,0.0,0.6666202381861119,0.6666202381861119,,,,1.0
18,water_gsolv_eV,163,1.0000001192092896,0.0,0.6666202381861119,0.6666202381861119,,,,1.0
18,water_gsolv_eV,164,1.0000001192092896,0.0,0.6666202381861119,0.6666202381861119,,,,1.0
18,water_gsolv_eV,165,1.0000001192092896,0.0,0.6666202381861119,0.6666202381861119,,,,1.0
18,water_gsolv_eV,166,1.0000001192092896,0.0,0.6666202381861119,0.6666202381861119,,,,1.0
18,water_gsolv_eV,167,1.0000001192092896,0.0,0.6666202381861119,0.6666202381861119,,,,1.0
18,water_gsolv_eV,168,1.0000001192092896,0.0,0.6666202381861119,0.6666202381861119,,,,1.0
18,water_gsolv_eV,169,1.0000001192092896,0.0,0.6666202381861119,0.6666202381861119,,,,1.0
18,water_gsolv_eV,170,1.0000001192092896,0.0,0.6666202381861119,0.6666202381861119,,,,1.0
18,water_gsolv_eV,171,1.0000001192092896,0.0,0.6666202381861119,0.6666202381861119,,,,1.0
18,water_gsolv_eV,172,1.0000001192092896,0.0,0.6666202381861119,0.6666202381861119,,,,1.0
18,water_gsolv_eV,173,1.0000001192092896,0.0,0.6666202381861119,0.6666202381861119,,,,1.0
18,water_gsolv_eV,174,1.0000001192092896,0.0,0.6666202381861119,0.6666202381861119,,,,1.0
18,water_gsolv_eV,175,1.0000001192092896,0.0,0.6666202381861119,0.6666202381861119,,,,1.0
18,water_gsolv_eV,176,1.0000001192092896,0.0,0.6666202381861119,0.6666202381861119,,,,1.0
18,water_gsolv_eV,177,1.0000001192092896,0.0,0.6666202381861119,0.6666202381861119,,,,1.0
18,water_gsolv_eV,178,1.0000001192092896,0.0,0.6666202381861119,0.6666202381861119,,,,1.0
18,water_gsolv_eV,179,1.0000001192092896,0.0,0.6666202381861119,0.6666202381861119,,,,1.0
18,water_gsolv_eV,180,1.0000001192092896,0.0,0.6666202381861119,0.6666202381861119,,,,1.0
18,water_gsolv_eV,181,1.0000001192092896,0.0,0.6666202381861119,0.6666202381861119,,,,1.0
18,water_gsolv_eV,182,1.0000001192092896,0.0,0.6666202381861119,0.6666202381861119,,,,1.0
18,water_gsolv_eV,183,1.0000001192092896,0.0,0.6666202381861119,0.6666202381861119,,,,1.0
18,water_gsolv_eV,184,1.0000001192092896,0.0,0.6666202381861119,0.6666202381861119,,,,1.0
18,water_gsolv_eV,185,1.0000001192092896,0.0,0.6666202381861119,0.6666202381861119,,,,1.0
18,water_gsolv_eV,186,1.0000001192092896,0.0,0.6666202381861119,0.6666202381861119,,,,1.0
18,water_gsolv_eV,187,1.0000001192092896,0.0,0.6666202381861119,0.6666202381861119,,,,1.0
18,water_gsolv_eV,188,1.0000001192092896,0.0,0.6666202381861119,0.6666202381861119,,,,1.0
18,water_gsolv_eV,189,1.0000001192092896,0.0,0.6666202381861119,0.6666202381861119,,,,1.0
18,water_gsolv_eV,190,1.0000001192092896,0.0,0.6666202381861119,0.6666202381861119,,,,1.0
18,water_gsolv_eV,191,1.0000001192092896,0.0,0.6666202381861119,0.6666202381861119,,,,1.0
18,water_gsolv_eV,192,1.0000001192092896,0.0,0.6666202381861119,0.6666202381861119,,,,1.0
18,water_gsolv_eV,193,1.0000001192092896,0.0,0.6666202381861119,0.6666202381861119,,,,1.0
18,water_gsolv_eV,194,1.0000001192092896,0.0,0.6666202381861119,0.6666202381861119,,,,1.0
18,water_gsolv_eV,195,1.0000001192092896,0.0,0.6666202381861119,0.6666202381861119,,,,1.0
18,water_gsolv_eV,196,1.0000001192092896,0.0,0.6666202381861119,0.6666202381861119,,,,1.0
18,water_gsolv_eV,197,1.0000001192092896,0.0,0.6666202381861119,0.6666202381861119,,,,1.0
18,water_gsolv_eV,198,1.0000001192092896,0.0,0.6666202381861119,0.6666202381861119,,,,1.0
18,water_gsolv_eV,199,1.0000001192092896,0.0,0.6666202381861119,0.6666202381861119,,,,1.0
18,water_gsolv_eV,200,1.0000001192092896,0.0,0.6666202381861119,0.6666202381861119,,,,1.0
18,water_gsolv_eV,201,1.0000001192092896,0.0,0.6666202381861119,0.6666202381861119,,,,1.0
18,water_gsolv_eV,202,1.0000001192092896,0.0,0.6666202381861119,0.6666202381861119,,,,1.0
18,water_gsolv_eV,203,1.0000001192092896,0.0,0.6666202381861119,0.6666202381861119,,,,1.0
18,water_gsolv_eV,204,1.0000001192092896,0.0,0.6666202381861119,0.6666202381861119,,,,1.0
18,water_gsolv_eV,205,1.0000001192092896,0.0,0.6666202381861119,0.6666202381861119,,,,1.0
18,water_gsolv_eV,206,1.0000001192092896,0.0,0.6666202381861119,0.6666202381861119,,,,1.0
18,water_gsolv_eV,207,1.0000001192092896,0.0,0.6666202381861119,0.6666202381861119,,,,1.0
18,water_gsolv_eV,208,1.0000001192092896,0.0,0.6666202381861119,0.6666202381861119,,,,1.0
18,water_gsolv_eV,209,1.0000001192092896,0.0,0.6666202381861119,0.6666202381861119,,,,1.0
18,water_gsolv_eV,210,1.0000001192092896,0.0,0.6666202381861119,0.6666202381861119,,,,1.0
18,water_gsolv_eV,211,1.0000001192092896,0.0,0.6666202381861119,0.6666202381861119,,,,1.0
18,water_gsolv_eV,212,1.0000001192092896,0.0,0.6666202381861119,0.6666202381861119,,,,1.0
18,water_gsolv_eV,213,1.0000001192092896,0.0,0.6666202381861119,0.6666202381861119,,,,1.0
18,water_gsolv_eV,214,1.0000001192092896,0.0,0.6666202381861119,0.6666202381861119,,,,1.0
18,water_gsolv_eV,215,1.0000001192092896,0.0,0.6666202381861119,0.6666202381861119,,,,1.0
18,water_gsolv_eV,216,1.0000001192092896,0.0,0.6666202381861119,0.6666202381861119,,,,1.0
18,water_gsolv_eV,217,1.0000001192092896,0.0,0.6666202381861119,0.6666202381861119,,,,1.0
18,water_gsolv_eV,218,1.0000001192092896,0.0,0.6666202381861119,0.6666202381861119,,,,1.0
18,water_gsolv_eV,219,1.0000001192092896,0.0,0.6666202381861119,0.6666202381861119,,,,1.0
18,water_gsolv_eV,220,1.0000001192092896,0.0,0.6666202381861119,0.6666202381861119,,,,1.0
18,water_gsolv_eV,221,1.0000001192092896,0.0,0.6666202381861119,0.6666202381861119,,,,1.0
18,water_gsolv_eV,222,1.0000001192092896,0.0,0.6666202381861119,0.6666202381861119,,,,1.0
18,water_gsolv_eV,223,1.0000001192092896,0.0,0.6666202381861119,0.6666202381861119,,,,1.0
18,water_gsolv_eV,224,1.0000001192092896,0.0,0.6666202381861119,0.6666202381861119,,,,1.0
18,water_gsolv_eV,225,1.0000001192092896,0.0,0.6666202381861119,0.6666202381861119,,,,1.0
18,water_gsolv_eV,226,1.0000001192092896,0.0,0.6666202381861119,0.6666202381861119,,,,1.0
18,water_gsolv_eV,227,1.0000001192092896,0.0,0.6666202381861119,0.6666202381861119,,,,1.0
18,water_gsolv_eV,228,1.0000001192092896,0.0,0.6666202381861119,0.6666202381861119,,,,1.0
18,water_gsolv_eV,229,1.0000001192092896,0.0,0.6666202381861119,0.6666202381861119,,,,1.0
18,water_gsolv_eV,230,1.0000001192092896,0.0,0.6666202381861119,0.6666202381861119,,,,1.0
18,water_gsolv_eV,231,1.0000001192092896,0.0,0.6666202381861119,0.6666202381861119,,,,1.0
18,water_gsolv_eV,232,1.0000001192092896,0.0,0.6666202381861119,0.6666202381861119,,,,1.0
18,water_gsolv_eV,233,1.0000001192092896,0.0,0.6666202381861119,0.6666202381861119,,,,1.0
18,water_gsolv_eV,234,1.0000001192092896,0.0,0.6666202381861119,0.6666202381861119,,,,1.0
18,water_gsolv_eV,235,1.0000001192092896,0.0,0.6666202381861119,0.6666202381861119,,,,1.0
18,water_gsolv_eV,236,1.0000001192092896,0.0,0.6666202381861119,0.6666202381861119,,,,1.0
18,water_gsolv_eV,237,1.0000001192092896,0.0,0.6666202381861119,0.6666202381861119,,,,1.0
18,water_gsolv_eV,238,1.0000001192092896,0.0,0.6666202381861119,0.6666202381861119,,,,1.0
18,water_gsolv_eV,239,1.0000001192092896,0.0,0.6666202381861119,0.6666202381861119,,,,1.0
18,water_gsolv_eV,240,1.0000001192092896,0.0,0.6666202381861119,0.6666202381861119,,,,1.0
18,water_gsolv_eV,241,1.0000001192092896,0.0,0.6666202381861119,0.6666202381861119,,,,1.0
18,water_gsolv_eV,242,1.0000001192092896,0.0,0.6666202381861119,0.6666202381861119,,,,1.0
18,water_gsolv_eV,243,1.0000001192092896,0.0,0.6666202381861119,0.6666202381861119,,,,1.0
18,water_gsolv_eV,244,1.0000001192092896,0.0,0.6666202381861119,0.6666202381861119,,,,1.0
18,water_gsolv_eV,245,1.0000001192092896,0.0,0.6666202381861119,0.6666202381861119,,,,1.0
18,water_gsolv_eV,246,1.0000001192092896,0.0,0.6666202381861119,0.6666202381861119,,,,1.0
18,water_gsolv_eV,247,1.0000001192092896,0.0,0.6666202381861119,0.6666202381861119,,,,1.0
18,water_gsolv_eV,248,1.0000001192092896,0.0,0.6666202381861119,0.6666202381861119,,,,1.0
18,water_gsolv_eV,249,1.0000001192092896,0.0,0.6666202381861119,0.6666202381861119,,,,1.0
18,water_hl_gap_eV,0,1.0,0.0,0.7053598052622072,0.7053598052622072,,,,1.0
18,water_hl_gap_eV,1,1.0,0.0,0.7053598052622072,0.7053598052622072,,,,1.0
18,water_hl_gap_eV,2,1.0,0.0,0.7053598052622072,0.7053598052622072,,,,1.0
18,water_hl_gap_eV,3,1.0,0.0,0.7053598052622072,0.7053598052622072,,,,1.0
18,water_hl_gap_eV,4,1.0,0.0,0.7053598052622072,0.7053598052622072,,,,1.0
18,water_hl_gap_eV,5,1.0,0.0,0.7053598052622072,0.7053598052622072,,,,1.0
18,water_hl_gap_eV,6,1.0,0.0,0.7053598052622072,0.7053598052622072,,,,1.0
18,water_hl_gap_eV,7,1.0,0.0,0.7053598052622072,0.7053598052622072,,,,1.0
18,water_hl_gap_eV,8,1.0,0.0,0.7053598052622072,0.7053598052622072,,,,1.0
18,water_hl_gap_eV,9,1.0,0.0,0.7053598052622072,0.7053598052622072,,,,1.0
18,water_hl_gap_eV,10,1.0,0.0,0.7053598052622072,0.7053598052622072,,,,1.0
18,water_hl_gap_eV,11,1.0,0.0,0.7053598052622072,0.7053598052622072,,,,1.0
18,water_hl_gap_eV,12,1.0,0.0,0.7053598052622072,0.7053598052622072,,,,1.0
18,water_hl_gap_eV,13,1.0,0.0,0.7053598052622072,0.7053598052622072,,,,1.0
18,water_hl_gap_eV,14,1.0,0.0,0.7053598052622072,0.7053598052622072,,,,1.0
18,water_hl_gap_eV,15,1.0,0.0,0.7053598052622072,0.7053598052622072,,,,1.0
18,water_hl_gap_eV,16,1.0,0.0,0.7053598052622072,0.7053598052622072,,,,1.0
18,water_hl_gap_eV,17,1.0,0.0,0.7053598052622072,0.7053598052622072,,,,1.0
18,water_hl_gap_eV,18,1.0,0.0,0.7053598052622072,0.7053598052622072,,,,1.0
18,water_hl_gap_eV,19,1.0,0.0,0.7053598052622072,0.7053598052622072,,,,1.0
18,water_hl_gap_eV,20,1.0,0.0,0.7053598052622072,0.7053598052622072,,,,1.0
18,water_hl_gap_eV,21,1.0,0.0,0.7053598052622072,0.7053598052622072,,,,1.0
18,water_hl_gap_eV,22,1.0,0.0,0.7053598052622072,0.7053598052622072,,,,1.0
18,water_hl_gap_eV,23,1.0,0.0,0.7053598052622072,0.7053598052622072,,,,1.0
18,water_hl_gap_eV,24,1.0,0.0,0.7053598052622072,0.7053598052622072,,,,1.0
18,water_hl_gap_eV,25,1.0,0.0,0.7053598052622072,0.7053598052622072,,,,1.0
18,water_hl_gap_eV,26,1.0,0.0,0.7053598052622072,0.7053598052622072,,,,1.0
18,water_hl_gap_eV,27,1.0,0.0,0.7053598052622072,0.7053598052622072,,,,1.0
18,water_hl_gap_eV,28,1.0,0.0,0.7053598052622072,0.7053598052622072,,,,1.0
18,water_hl_gap_eV,29,1.0,0.0,0.7053598052622072,0.7053598052622072,,,,1.0
18,water_hl_gap_eV,30,1.0,0.0,0.7053598052622072,0.7053598052622072,,,,1.0
18,water_hl_gap_eV,31,1.0,0.0,0.7053598052622072,0.7053598052622072,,,,1.0
18,water_hl_gap_eV,32,1.0,0.0,0.7053598052622072,0.7053598052622072,,,,1.0
18,water_hl_gap_eV,33,1.0,0.0,0.7053598052622072,0.7053598052622072,,,,1.0
18,water_hl_gap_eV,34,1.0,0.0,0.7053598052622072,0.7053598052622072,,,,1.0
18,water_hl_gap_eV,35,1.0,0.0,0.7053598052622072,0.7053598052622072,,,,1.0
18,water_hl_gap_eV,36,1.0,0.0,0.7053598052622072,0.7053598052622072,,,,1.0
18,water_hl_gap_eV,37,1.0,0.0,0.7053598052622072,0.7053598052622072,,,,1.0
18,water_hl_gap_eV,38,1.0,0.0,0.7053598052622072,0.7053598052622072,,,,1.0
18,water_hl_gap_eV,39,1.0,0.0,0.7053598052622072,0.7053598052622072,,,,1.0
18,water_hl_gap_eV,40,1.0,0.0,0.7053598052622072,0.7053598052622072,,,,1.0
18,water_hl_gap_eV,41,1.0,0.0,0.7053598052622072,0.7053598052622072,,,,1.0
18,water_hl_gap_eV,42,1.0,0.0,0.7053598052622072,0.7053598052622072,,,,1.0
18,water_hl_gap_eV,43,1.0,0.0,0.7053598052622072,0.7053598052622072,,,,1.0
18,water_hl_gap_eV,44,1.0,0.0,0.7053598052622072,0.7053598052622072,,,,1.0
18,water_hl_gap_eV,45,1.0,0.0,0.7053598052622072,0.7053598052622072,,,,1.0
18,water_hl_gap_eV,46,1.0,0.0,0.7053598052622072,0.7053598052622072,,,,1.0
18,water_hl_gap_eV,47,1.0,0.0,0.7053598052622072,0.7053598052622072,,,,1.0
18,water_hl_gap_eV,48,1.0,0.0,0.7053598052622072,0.7053598052622072,,,,1.0
18,water_hl_gap_eV,49,1.0,0.0,0.7053598052622072,0.7053598052622072,,,,1.0
18,water_hl_gap_eV,50,1.0,0.0,0.7053598052622072,0.7053598052622072,,,,1.0
18,water_hl_gap_eV,51,1.0,0.0,0.7053598052622072,0.7053598052622072,,,,1.0
18,water_hl_gap_eV,52,1.0,0.0,0.7053598052622072,0.7053598052622072,,,,1.0
18,water_hl_gap_eV,53,1.0,0.0,0.7053598052622072,0.7053598052622072,,,,1.0
18,water_hl_gap_eV,54,1.0,0.0,0.7053598052622072,0.7053598052622072,,,,1.0
18,water_hl_gap_eV,55,1.0,0.0,0.7053598052622072,0.7053598052622072,,,,1.0
18,water_hl_gap_eV,56,1.0,0.0,0.7053598052622072,0.7053598052622072,,,,1.0
18,water_hl_gap_eV,57,1.0,0.0,0.7053598052622072,0.7053598052622072,,,,1.0
18,water_hl_gap_eV,58,1.0,0.0,0.7053598052622072,0.7053598052622072,,,,1.0
18,water_hl_gap_eV,59,1.0,0.0,0.7053598052622072,0.7053598052622072,,,,1.0
18,water_hl_gap_eV,60,1.0,0.0,0.7053598052622072,0.7053598052622072,,,,1.0
18,water_hl_gap_eV,61,1.0,0.0,0.7053598052622072,0.7053598052622072,,,,1.0
18,water_hl_gap_eV,62,1.0,0.0,0.7053598052622072,0.7053598052622072,,,,1.0
18,water_hl_gap_eV,63,1.0,0.0,0.7053598052622072,0.7053598052622072,,,,1.0
18,water_hl_gap_eV,64,1.0,0.0,0.7053598052622072,0.7053598052622072,,,,1.0
18,water_hl_gap_eV,65,1.0,0.0,0.7053598052622072,0.7053598052622072,,,,1.0
18,water_hl_gap_eV,66,1.0,0.0,0.7053598052622072,0.7053598052622072,,,,1.0
18,water_hl_gap_eV,67,1.0,0.0,0.7053598052622072,0.7053598052622072,,,,1.0
18,water_hl_gap_eV,68,1.0,0.0,0.7053598052622072,0.7053598052622072,,,,1.0
18,water_hl_gap_eV,69,1.0,0.0,0.7053598052622072,0.7053598052622072,,,,1.0
18,water_hl_gap_eV,70,1.0,0.0,0.7053598052622072,0.7053598052622072,,,,1.0
18,water_hl_gap_eV,71,1.0,0.0,0.7053598052622072,0.7053598052622072,,,,1.0
18,water_hl_gap_eV,72,1.0,0.0,0.7053598052622072,0.7053598052622072,,,,1.0
18,water_hl_gap_eV,73,1.0,0.0,0.7053598052622072,0.7053598052622072,,,,1.0
18,water_hl_gap_eV,74,1.0,0.0,0.7053598052622072,0.7053598052622072,,,,1.0
18,water_hl_gap_eV,75,1.0,0.0,0.7053598052622072,0.7053598052622072,,,,1.0
18,water_hl_gap_eV,76,1.0,0.0,0.7053598052622072,0.7053598052622072,,,,1.0
18,water_hl_gap_eV,77,1.0,0.0,0.7053598052622072,0.7053598052622072,,,,1.0
18,water_hl_gap_eV,78,1.0,0.0,0.7053598052622072,0.7053598052622072,,,,1.0
18,water_hl_gap_eV,79,1.0,0.0,0.7053598052622072,0.7053598052622072,,,,1.0
18,water_hl_gap_eV,80,1.0,0.0,0.7053598052622072,0.7053598052622072,,,,1.0
18,water_hl_gap_eV,81,1.0,0.0,0.7053598052622072,0.7053598052622072,,,,1.0
18,water_hl_gap_eV,82,1.0,0.0,0.7053598052622072,0.7053598052622072,,,,1.0
18,water_hl_gap_eV,83,1.0,0.0,0.7053598052622072,0.7053598052622072,,,,1.0
18,water_hl_gap_eV,84,1.0,0.0,0.7053598052622072,0.7053598052622072,,,,1.0
18,water_hl_gap_eV,85,1.0,0.0,0.7053598052622072,0.7053598052622072,,,,1.0
18,water_hl_gap_eV,86,1.0,0.0,0.7053598052622072,0.7053598052622072,,,,1.0
18,water_hl_gap_eV,87,1.0,0.0,0.7053598052622072,0.7053598052622072,,,,1.0
18,water_hl_gap_eV,88,1.0,0.0,0.7053598052622072,0.7053598052622072,,,,1.0
18,water_hl_gap_eV,89,1.0,0.0,0.7053598052622072,0.7053598052622072,,,,1.0
18,water_hl_gap_eV,90,1.0,0.0,0.7053598052622072,0.7053598052622072,,,,1.0
18,water_hl_gap_eV,91,1.0,0.0,0.7053598052622072,0.7053598052622072,,,,1.0
18,water_hl_gap_eV,92,1.0,0.0,0.7053598052622072,0.7053598052622072,,,,1.0
18,water_hl_gap_eV,93,1.0,0.0,0.7053598052622072,0.7053598052622072,,,,1.0
18,water_hl_gap_eV,94,1.0,0.0,0.7053598052622072,0.7053598052622072,,,,1.0
18,water_hl_gap_eV,95,1.0,0.0,0.7053598052622072,0.7053598052622072,,,,1.0
18,water_hl_gap_eV,96,1.0,0.0,0.7053598052622072,0.7053598052622072,,,,1.0
18,water_hl_gap_eV,97,1.0,0.0,0.7053598052622072,0.7053598052622072,,,,1.0
18,water_hl_gap_eV,98,1.0,0.0,0.7053598052622072,0.7053598052622072,,,,1.0
18,water_hl_gap_eV,99,1.0,0.0,0.7053598052622072,0.7053598052622072,,,,1.0
18,water_hl_gap_eV,100,1.0,0.0,0.7053598052622072,0.7053598052622072,,,,1.0
18,water_hl_gap_eV,101,1.0,0.0,0.7053598052622072,0.7053598052622072,,,,1.0
18,water_hl_gap_eV,102,1.0,0.0,0.7053598052622072,0.7053598052622072,,,,1.0
18,water_hl_gap_eV,103,1.0,0.0,0.7053598052622072,0.7053598052622072,,,,1.0
18,water_hl_gap_eV,104,1.0,0.0,0.7053598052622072,0.7053598052622072,,,,1.0
18,water_hl_gap_eV,105,1.0,0.0,0.7053598052622072,0.7053598052622072,,,,1.0
18,water_hl_gap_eV,106,1.0,0.0,0.7053598052622072,0.7053598052622072,,,,1.0
18,water_hl_gap_eV,107,1.0,0.0,0.7053598052622072,0.7053598052622072,,,,1.0
18,water_hl_gap_eV,108,1.0,0.0,0.7053598052622072,0.7053598052622072,,,,1.0
18,water_hl_gap_eV,109,1.0,0.0,0.7053598052622072,0.7053598052622072,,,,1.0
18,water_hl_gap_eV,110,1.0,0.0,0.7053598052622072,0.7053598052622072,,,,1.0
18,water_hl_gap_eV,111,1.0,0.0,0.7053598052622072,0.7053598052622072,,,,1.0
18,water_hl_gap_eV,112,1.0,0.0,0.7053598052622072,0.7053598052622072,,,,1.0
18,water_hl_gap_eV,113,1.0,0.0,0.7053598052622072,0.7053598052622072,,,,1.0
18,water_hl_gap_eV,114,1.0,0.0,0.7053598052622072,0.7053598052622072,,,,1.0
18,water_hl_gap_eV,115,1.0,0.0,0.7053598052622072,0.7053598052622072,,,,1.0
18,water_hl_gap_eV,116,1.0,0.0,0.7053598052622072,0.7053598052622072,,,,1.0
18,water_hl_gap_eV,117,1.0,0.0,0.7053598052622072,0.7053598052622072,,,,1.0
18,water_hl_gap_eV,118,1.0,0.0,0.7053598052622072,0.7053598052622072,,,,1.0
18,water_hl_gap_eV,119,1.0,0.0,0.7053598052622072,0.7053598052622072,,,,1.0
18,water_hl_gap_eV,120,1.0,0.0,0.7053598052622072,0.7053598052622072,,,,1.0
18,water_hl_gap_eV,121,1.0,0.0,0.7053598052622072,0.7053598052622072,,,,1.0
18,water_hl_gap_eV,122,1.0,0.0,0.7053598052622072,0.7053598052622072,,,,1.0
18,water_hl_gap_eV,123,1.0,0.0,0.7053598052622072,0.7053598052622072,,,,1.0
18,water_hl_gap_eV,124,1.0,0.0,0.7053598052622072,0.7053598052622072,,,,1.0
18,water_hl_gap_eV,125,1.0,0.0,0.7053598052622072,0.7053598052622072,,,,1.0
18,water_hl_gap_eV,126,1.0,0.0,0.7053598052622072,0.7053598052622072,,,,1.0
18,water_hl_gap_eV,127,1.0,0.0,0.7053598052622072,0.7053598052622072,,,,1.0
18,water_hl_gap_eV,128,1.0,0.0,0.7053598052622072,0.7053598052622072,,,,1.0
18,water_hl_gap_eV,129,1.0,0.0,0.7053598052622072,0.7053598052622072,,,,1.0
18,water_hl_gap_eV,130,1.0,0.0,0.7053598052622072,0.7053598052622072,,,,1.0
18,water_hl_gap_eV,131,1.0,0.0,0.7053598052622072,0.7053598052622072,,,,1.0
18,water_hl_gap_eV,132,1.0,0.0,0.7053598052622072,0.7053598052622072,,,,1.0
18,water_hl_gap_eV,133,1.0,0.0,0.7053598052622072,0.7053598052622072,,,,1.0
18,water_hl_gap_eV,134,1.0,0.0,0.7053598052622072,0.7053598052622072,,,,1.0
18,water_hl_gap_eV,135,1.0,0.0,0.7053598052622072,0.7053598052622072,,,,1.0
18,water_hl_gap_eV,136,1.0,0.0,0.7053598052622072,0.7053598052622072,,,,1.0
18,water_hl_gap_eV,137,1.0,0.0,0.7053598052622072,0.7053598052622072,,,,1.0
18,water_hl_gap_eV,138,1.0,0.0,0.7053598052622072,0.7053598052622072,,,,1.0
18,water_hl_gap_eV,139,1.0,0.0,0.7053598052622072,0.7053598052622072,,,,1.0
18,water_hl_gap_eV,140,1.0,0.0,0.7053598052622072,0.7053598052622072,,,,1.0
18,water_hl_gap_eV,141,1.0,0.0,0.7053598052622072,0.7053598052622072,,,,1.0
18,water_hl_gap_eV,142,1.0,0.0,0.7053598052622072,0.7053598052622072,,,,1.0
18,water_hl_gap_eV,143,1.0,0.0,0.7053598052622072,0.7053598052622072,,,,1.0
18,water_hl_gap_eV,144,1.0,0.0,0.7053598052622072,0.7053598052622072,,,,1.0
18,water_hl_gap_eV,145,1.0,0.0,0.7053598052622072,0.7053598052622072,,,,1.0
18,water_hl_gap_eV,146,1.0,0.0,0.7053598052622072,0.7053598052622072,,,,1.0
18,water_hl_gap_eV,147,1.0,0.0,0.7053598052622072,0.7053598052622072,,,,1.0
18,water_hl_gap_eV,148,1.0,0.0,0.7053598052622072,0.7053598052622072,,,,1.0
18,water_hl_gap_eV,149,1.0,0.0,0.7053598052622072,0.7053598052622072,,,,1.0
18,water_hl_gap_eV,150,1.0,0.0,0.7053598052622072,0.7053598052622072,,,,1.0
18,water_hl_gap_eV,151,1.0,0.0,0.7053598052622072,0.7053598052622072,,,,1.0
18,water_hl_gap_eV,152,1.0,0.0,0.7053598052622072,0.7053598052622072,,,,1.0
18,water_hl_gap_eV,153,1.0,0.0,0.7053598052622072,0.7053598052622072,,,,1.0
18,water_hl_gap_eV,154,1.0,0.0,0.7053598052622072,0.7053598052622072,,,,1.0
18,water_hl_gap_eV,155,1.0,0.0,0.7053598052622072,0.7053598052622072,,,,1.0
18,water_hl_gap_eV,156,1.0,0.0,0.7053598052622072,0.7053598052622072,,,,1.0
18,water_hl_gap_eV,157,1.0,0.0,0.7053598052622072,0.7053598052622072,,,,1.0
18,water_hl_gap_eV,158,1.0,0.0,0.7053598052622072,0.7053598052622072,,,,1.0
18,water_hl_gap_eV,159,1.0,0.0,0.7053598052622072,0.7053598052622072,,,,1.0
18,water_hl_gap_eV,160,1.0,0.0,0.7053598052622072,0.7053598052622072,,,,1.0
18,water_hl_gap_eV,161,1.0,0.0,0.7053598052622072,0.7053598052622072,,,,1.0
18,water_hl_gap_eV,162,1.0,0.0,0.7053598052622072,0.7053598052622072,,,,1.0
18,water_hl_gap_eV,163,1.0,0.0,0.7053598052622072,0.7053598052622072,,,,1.0
18,water_hl_gap_eV,164,1.0,0.0,0.7053598052622072,0.7053598052622072,,,,1.0
18,water_hl_gap_eV,165,1.0,0.0,0.7053598052622072,0.7053598052622072,,,,1.0
18,water_hl_gap_eV,166,1.0,0.0,0.7053598052622072,0.7053598052622072,,,,1.0
18,water_hl_gap_eV,167,1.0,0.0,0.7053598052622072,0.7053598052622072,,,,1.0
18,water_hl_gap_eV,168,1.0,0.0,0.7053598052622072,0.7053598052622072,,,,1.0
18,water_hl_gap_eV,169,1.0,0.0,0.7053598052622072,0.7053598052622072,,,,1.0
18,water_hl_gap_eV,170,1.0,0.0,0.7053598052622072,0.7053598052622072,,,,1.0
18,water_hl_gap_eV,171,1.0,0.0,0.7053598052622072,0.7053598052622072,,,,1.0
18,water_hl_gap_eV,172,1.0,0.0,0.7053598052622072,0.7053598052622072,,,,1.0
18,water_hl_gap_eV,173,1.0,0.0,0.7053598052622072,0.7053598052622072,,,,1.0
18,water_hl_gap_eV,174,1.0,0.0,0.7053598052622072,0.7053598052622072,,,,1.0
18,water_hl_gap_eV,175,1.0,0.0,0.7053598052622072,0.7053598052622072,,,,1.0
18,water_hl_gap_eV,176,1.0,0.0,0.7053598052622072,0.7053598052622072,,,,1.0
18,water_hl_gap_eV,177,1.0,0.0,0.7053598052622072,0.7053598052622072,,,,1.0
18,water_hl_gap_eV,178,1.0,0.0,0.7053598052622072,0.7053598052622072,,,,1.0
18,water_hl_gap_eV,179,1.0,0.0,0.7053598052622072,0.7053598052622072,,,,1.0
18,water_hl_gap_eV,180,1.0,0.0,0.7053598052622072,0.7053598052622072,,,,1.0
18,water_hl_gap_eV,181,1.0,0.0,0.7053598052622072,0.7053598052622072,,,,1.0
18,water_hl_gap_eV,182,1.0,0.0,0.7053598052622072,0.7053598052622072,,,,1.0
18,water_hl_gap_eV,183,1.0,0.0,0.7053598052622072,0.7053598052622072,,,,1.0
18,water_hl_gap_eV,184,1.0,0.0,0.7053598052622072,0.7053598052622072,,,,1.0
18,water_hl_gap_eV,185,1.0,0.0,0.7053598052622072,0.7053598052622072,,,,1.0
18,water_hl_gap_eV,186,1.0,0.0,0.7053598052622072,0.7053598052622072,,,,1.0
18,water_hl_gap_eV,187,1.0,0.0,0.7053598052622072,0.7053598052622072,,,,1.0
18,water_hl_gap_eV,188,1.0,0.0,0.7053598052622072,0.7053598052622072,,,,1.0
18,water_hl_gap_eV,189,1.0,0.0,0.7053598052622072,0.7053598052622072,,,,1.0
18,water_hl_gap_eV,190,1.0,0.0,0.7053598052622072,0.7053598052622072,,,,1.0
18,water_hl_gap_eV,191,1.0,0.0,0.7053598052622072,0.7053598052622072,,,,1.0
18,water_hl_gap_eV,192,1.0,0.0,0.7053598052622072,0.7053598052622072,,,,1.0
18,water_hl_gap_eV,193,1.0,0.0,0.7053598052622072,0.7053598052622072,,,,1.0
18,water_hl_gap_eV,194,1.0,0.0,0.7053598052622072,0.7053598052622072,,,,1.0
18,water_hl_gap_eV,195,1.0,0.0,0.7053598052622072,0.7053598052622072,,,,1.0
18,water_hl_gap_eV,196,1.0,0.0,0.7053598052622072,0.7053598052622072,,,,1.0
18,water_hl_gap_eV,197,1.0,0.0,0.7053598052622072,0.7053598052622072,,,,1.0
18,water_hl_gap_eV,198,1.0,0.0,0.7053598052622072,0.7053598052622072,,,,1.0
18,water_hl_gap_eV,199,1.0,0.0,0.7053598052622072,0.7053598052622072,,,,1.0
18,water_hl_gap_eV,200,1.0,0.0,0.7053598052622072,0.7053598052622072,,,,1.0
18,water_hl_gap_eV,201,1.0,0.0,0.7053598052622072,0.7053598052622072,,,,1.0
18,water_hl_gap_eV,202,1.0,0.0,0.7053598052622072,0.7053598052622072,,,,1.0
18,water_hl_gap_eV,203,1.0,0.0,0.7053598052622072,0.7053598052622072,,,,1.0
18,water_hl_gap_eV,204,1.0,0.0,0.7053598052622072,0.7053598052622072,,,,1.0
18,water_hl_gap_eV,205,1.0,0.0,0.7053598052622072,0.7053598052622072,,,,1.0
18,water_hl_gap_eV,206,1.0,0.0,0.7053598052622072,0.7053598052622072,,,,1.0
18,water_hl_gap_eV,207,1.0,0.0,0.7053598052622072,0.7053598052622072,,,,1.0
18,water_hl_gap_eV,208,1.0,0.0,0.7053598052622072,0.7053598052622072,,,,1.0
18,water_hl_gap_eV,209,1.0,0.0,0.7053598052622072,0.7053598052622072,,,,1.0
18,water_hl_gap_eV,210,1.0,0.0,0.7053598052622072,0.7053598052622072,,,,1.0
18,water_hl_gap_eV,211,1.0,0.0,0.7053598052622072,0.7053598052622072,,,,1.0
18,water_hl_gap_eV,212,1.0,0.0,0.7053598052622072,0.7053598052622072,,,,1.0
18,water_hl_gap_eV,213,1.0,0.0,0.7053598052622072,0.7053598052622072,,,,1.0
18,water_hl_gap_eV,214,1.0,0.0,0.7053598052622072,0.7053598052622072,,,,1.0
18,water_hl_gap_eV,215,1.0,0.0,0.7053598052622072,0.7053598052622072,,,,1.0
18,water_hl_gap_eV,216,1.0,0.0,0.7053598052622072,0.7053598052622072,,,,1.0
18,water_hl_gap_eV,217,1.0,0.0,0.7053598052622072,0.7053598052622072,,,,1.0
18,water_hl_gap_eV,218,1.0,0.0,0.7053598052622072,0.7053598052622072,,,,1.0
18,water_hl_gap_eV,219,1.0,0.0,0.7053598052622072,0.7053598052622072,,,,1.0
18,water_hl_gap_eV,220,1.0,0.0,0.7053598052622072,0.7053598052622072,,,,1.0
18,water_hl_gap_eV,221,1.0,0.0,0.7053598052622072,0.7053598052622072,,,,1.0
18,water_hl_gap_eV,222,1.0,0.0,0.7053598052622072,0.7053598052622072,,,,1.0
18,water_hl_gap_eV,223,1.0,0.0,0.7053598052622072,0.7053598052622072,,,,1.0
18,water_hl_gap_eV,224,1.0,0.0,0.7053598052622072,0.7053598052622072,,,,1.0
18,water_hl_gap_eV,225,1.0,0.0,0.7053598052622072,0.7053598052622072,,,,1.0
18,water_hl_gap_eV,226,1.0,0.0,0.7053598052622072,0.7053598052622072,,,,1.0
18,water_hl_gap_eV,227,1.0,0.0,0.7053598052622072,0.7053598052622072,,,,1.0
18,water_hl_gap_eV,228,1.0,0.0,0.7053598052622072,0.7053598052622072,,,,1.0
18,water_hl_gap_eV,229,1.0,0.0,0.7053598052622072,0.7053598052622072,,,,1.0
18,water_hl_gap_eV,230,1.0,0.0,0.7053598052622072,0.7053598052622072,,,,1.0
18,water_hl_gap_eV,231,1.0,0.0,0.7053598052622072,0.7053598052622072,,,,1.0
18,water_hl_gap_eV,232,1.0,0.0,0.7053598052622072,0.7053598052622072,,,,1.0
18,water_hl_gap_eV,233,1.0,0.0,0.7053598052622072,0.7053598052622072,,,,1.0
18,water_hl_gap_eV,234,1.0,0.0,0.7053598052622072,0.7053598052622072,,,,1.0
18,water_hl_gap_eV,235,1.0,0.0,0.7053598052622072,0.7053598052622072,,,,1.0
18,water_hl_gap_eV,236,1.0,0.0,0.7053598052622072,0.7053598052622072,,,,1.0
18,water_hl_gap_eV,237,1.0,0.0,0.7053598052622072,0.7053598052622072,,,,1.0
18,water_hl_gap_eV,238,1.0,0.0,0.7053598052622072,0.7053598052622072,,,,1.0
18,water_hl_gap_eV,239,1.0,0.0,0.7053598052622072,0.7053598052622072,,,,1.0
18,water_hl_gap_eV,240,1.0,0.0,0.7053598052622072,0.7053598052622072,,,,1.0
18,water_hl_gap_eV,241,1.0,0.0,0.7053598052622072,0.7053598052622072,,,,1.0
18,water_hl_gap_eV,242,1.0,0.0,0.7053598052622072,0.7053598052622072,,,,1.0
18,water_hl_gap_eV,243,1.0,0.0,0.7053598052622072,0.7053598052622072,,,,1.0
18,water_hl_gap_eV,244,1.0,0.0,0.7053598052622072,0.7053598052622072,,,,1.0
18,water_hl_gap_eV,245,1.0,0.0,0.7053598052622072,0.7053598052622072,,,,1.0
18,water_hl_gap_eV,246,1.0,0.0,0.7053598052622072,0.7053598052622072,,,,1.0
18,water_hl_gap_eV,247,1.0,0.0,0.7053598052622072,0.7053598052622072,,,,1.0
18,water_hl_gap_eV,248,1.0,0.0,0.7053598052622072,0.7053598052622072,,,,1.0
18,water_hl_gap_eV,249,1.0,0.0,0.7053598052622072,0.7053598052622072,,,,1.0
18,water_dipole,0,1.0,0.0,0.6084841243358081,0.6084841243358081,,,,1.0
18,water_dipole,1,1.0,0.0,0.6084841243358081,0.6084841243358081,,,,1.0
18,water_dipole,2,1.0,0.0,0.6084841243358081,0.6084841243358081,,,,1.0
18,water_dipole,3,1.0,0.0,0.6084841243358081,0.6084841243358081,,,,1.0
18,water_dipole,4,1.0,0.0,0.6084841243358081,0.6084841243358081,,,,1.0
18,water_dipole,5,1.0,0.0,0.6084841243358081,0.6084841243358081,,,,1.0
18,water_dipole,6,1.0,0.0,0.6084841243358081,0.6084841243358081,,,,1.0
18,water_dipole,7,1.0,0.0,0.6084841243358081,0.6084841243358081,,,,1.0
18,water_dipole,8,1.0,0.0,0.6084841243358081,0.6084841243358081,,,,1.0
18,water_dipole,9,1.0,0.0,0.6084841243358081,0.6084841243358081,,,,1.0
18,water_dipole,10,1.0,0.0,0.6084841243358081,0.6084841243358081,,,,1.0
18,water_dipole,11,1.0,0.0,0.6084841243358081,0.6084841243358081,,,,1.0
18,water_dipole,12,1.0,0.0,0.6084841243358081,0.6084841243358081,,,,1.0
18,water_dipole,13,1.0,0.0,0.6084841243358081,0.6084841243358081,,,,1.0
18,water_dipole,14,1.0,0.0,0.6084841243358081,0.6084841243358081,,,,1.0
18,water_dipole,15,1.0,0.0,0.6084841243358081,0.6084841243358081,,,,1.0
18,water_dipole,16,1.0,0.0,0.6084841243358081,0.6084841243358081,,,,1.0
18,water_dipole,17,1.0,0.0,0.6084841243358081,0.6084841243358081,,,,1.0
18,water_dipole,18,1.0,0.0,0.6084841243358081,0.6084841243358081,,,,1.0
18,water_dipole,19,1.0,0.0,0.6084841243358081,0.6084841243358081,,,,1.0
18,water_dipole,20,1.0,0.0,0.6084841243358081,0.6084841243358081,,,,1.0
18,water_dipole,21,1.0,0.0,0.6084841243358081,0.6084841243358081,,,,1.0
18,water_dipole,22,1.0,0.0,0.6084841243358081,0.6084841243358081,,,,1.0
18,water_dipole,23,1.0,0.0,0.6084841243358081,0.6084841243358081,,,,1.0
18,water_dipole,24,1.0,0.0,0.6084841243358081,0.6084841243358081,,,,1.0
18,water_dipole,25,1.0,0.0,0.6084841243358081,0.6084841243358081,,,,1.0
18,water_dipole,26,1.0,0.0,0.6084841243358081,0.6084841243358081,,,,1.0
18,water_dipole,27,1.0,0.0,0.6084841243358081,0.6084841243358081,,,,1.0
18,water_dipole,28,1.0,0.0,0.6084841243358081,0.6084841243358081,,,,1.0
18,water_dipole,29,1.0,0.0,0.6084841243358081,0.6084841243358081,,,,1.0
18,water_dipole,30,1.0,0.0,0.6084841243358081,0.6084841243358081,,,,1.0
18,water_dipole,31,1.0,0.0,0.6084841243358081,0.6084841243358081,,,,1.0
18,water_dipole,32,1.0,0.0,0.6084841243358081,0.6084841243358081,,,,1.0
18,water_dipole,33,1.0,0.0,0.6084841243358081,0.6084841243358081,,,,1.0
18,water_dipole,34,1.0,0.0,0.6084841243358081,0.6084841243358081,,,,1.0
18,water_dipole,35,1.0,0.0,0.6084841243358081,0.6084841243358081,,,,1.0
18,water_dipole,36,1.0,0.0,0.6084841243358081,0.6084841243358081,,,,1.0
18,water_dipole,37,1.0,0.0,0.6084841243358081,0.6084841243358081,,,,1.0
18,water_dipole,38,1.0,0.0,0.6084841243358081,0.6084841243358081,,,,1.0
18,water_dipole,39,1.0,0.0,0.6084841243358081,0.6084841243358081,,,,1.0
18,water_dipole,40,1.0,0.0,0.6084841243358081,0.6084841243358081,,,,1.0
18,water_dipole,41,1.0,0.0,0.6084841243358081,0.6084841243358081,,,,1.0
18,water_dipole,42,1.0,0.0,0.6084841243358081,0.6084841243358081,,,,1.0
18,water_dipole,43,1.0,0.0,0.6084841243358081,0.6084841243358081,,,,1.0
18,water_dipole,44,1.0,0.0,0.6084841243358081,0.6084841243358081,,,,1.0
18,water_dipole,45,1.0,0.0,0.6084841243358081,0.6084841243358081,,,,1.0
18,water_dipole,46,1.0,0.0,0.6084841243358081,0.6084841243358081,,,,1.0
18,water_dipole,47,1.0,0.0,0.6084841243358081,0.6084841243358081,,,,1.0
18,water_dipole,48,1.0,0.0,0.6084841243358081,0.6084841243358081,,,,1.0
18,water_dipole,49,1.0,0.0,0.6084841243358081,0.6084841243358081,,,,1.0
18,water_dipole,50,1.0,0.0,0.6084841243358081,0.6084841243358081,,,,1.0
18,water_dipole,51,1.0,0.0,0.6084841243358081,0.6084841243358081,,,,1.0
18,water_dipole,52,1.0,0.0,0.6084841243358081,0.6084841243358081,,,,1.0
18,water_dipole,53,1.0,0.0,0.6084841243358081,0.6084841243358081,,,,1.0
18,water_dipole,54,1.0,0.0,0.6084841243358081,0.6084841243358081,,,,1.0
18,water_dipole,55,1.0,0.0,0.6084841243358081,0.6084841243358081,,,,1.0
18,water_dipole,56,1.0,0.0,0.6084841243358081,0.6084841243358081,,,,1.0
18,water_dipole,57,1.0,0.0,0.6084841243358081,0.6084841243358081,,,,1.0
18,water_dipole,58,1.0,0.0,0.6084841243358081,0.6084841243358081,,,,1.0
18,water_dipole,59,1.0,0.0,0.6084841243358081,0.6084841243358081,,,,1.0
18,water_dipole,60,1.0,0.0,0.6084841243358081,0.6084841243358081,,,,1.0
18,water_dipole,61,1.0,0.0,0.6084841243358081,0.6084841243358081,,,,1.0
18,water_dipole,62,1.0,0.0,0.6084841243358081,0.6084841243358081,,,,1.0
18,water_dipole,63,1.0,0.0,0.6084841243358081,0.6084841243358081,,,,1.0
18,water_dipole,64,1.0,0.0,0.6084841243358081,0.6084841243358081,,,,1.0
18,water_dipole,65,1.0,0.0,0.6084841243358081,0.6084841243358081,,,,1.0
18,water_dipole,66,1.0,0.0,0.6084841243358081,0.6084841243358081,,,,1.0
18,water_dipole,67,1.0,0.0,0.6084841243358081,0.6084841243358081,,,,1.0
18,water_dipole,68,1.0,0.0,0.6084841243358081,0.6084841243358081,,,,1.0
18,water_dipole,69,1.0,0.0,0.6084841243358081,0.6084841243358081,,,,1.0
18,water_dipole,70,1.0,0.0,0.6084841243358081,0.6084841243358081,,,,1.0
18,water_dipole,71,1.0,0.0,0.6084841243358081,0.6084841243358081,,,,1.0
18,water_dipole,72,1.0,0.0,0.6084841243358081,0.6084841243358081,,,,1.0
18,water_dipole,73,1.0,0.0,0.6084841243358081,0.6084841243358081,,,,1.0
18,water_dipole,74,1.0,0.0,0.6084841243358081,0.6084841243358081,,,,1.0
18,water_dipole,75,1.0,0.0,0.6084841243358081,0.6084841243358081,,,,1.0
18,water_dipole,76,1.0,0.0,0.6084841243358081,0.6084841243358081,,,,1.0
18,water_dipole,77,1.0,0.0,0.6084841243358081,0.6084841243358081,,,,1.0
18,water_dipole,78,1.0,0.0,0.6084841243358081,0.6084841243358081,,,,1.0
18,water_dipole,79,1.0,0.0,0.6084841243358081,0.6084841243358081,,,,1.0
18,water_dipole,80,1.0,0.0,0.6084841243358081,0.6084841243358081,,,,1.0
18,water_dipole,81,1.0,0.0,0.6084841243358081,0.6084841243358081,,,,1.0
18,water_dipole,82,1.0,0.0,0.6084841243358081,0.6084841243358081,,,,1.0
18,water_dipole,83,1.0,0.0,0.6084841243358081,0.6084841243358081,,,,1.0
18,water_dipole,84,1.0,0.0,0.6084841243358081,0.6084841243358081,,,,1.0
18,water_dipole,85,1.0,0.0,0.6084841243358081,0.6084841243358081,,,,1.0
18,water_dipole,86,1.0,0.0,0.6084841243358081,0.6084841243358081,,,,1.0
18,water_dipole,87,1.0,0.0,0.6084841243358081,0.6084841243358081,,,,1.0
18,water_dipole,88,1.0,0.0,0.6084841243358081,0.6084841243358081,,,,1.0
18,water_dipole,89,1.0,0.0,0.6084841243358081,0.6084841243358081,,,,1.0
18,water_dipole,90,1.0,0.0,0.6084841243358081,0.6084841243358081,,,,1.0
18,water_dipole,91,1.0,0.0,0.6084841243358081,0.6084841243358081,,,,1.0
18,water_dipole,92,1.0,0.0,0.6084841243358081,0.6084841243358081,,,,1.0
18,water_dipole,93,1.0,0.0,0.6084841243358081,0.6084841243358081,,,,1.0
18,water_dipole,94,1.0,0.0,0.6084841243358081,0.6084841243358081,,,,1.0
18,water_dipole,95,1.0,0.0,0.6084841243358081,0.6084841243358081,,,,1.0
18,water_dipole,96,1.0,0.0,0.6084841243358081,0.6084841243358081,,,,1.0
18,water_dipole,97,1.0,0.0,0.6084841243358081,0.6084841243358081,,,,1.0
18,water_dipole,98,1.0,0.0,0.6084841243358081,0.6084841243358081,,,,1.0
18,water_dipole,99,1.0,0.0,0.6084841243358081,0.6084841243358081,,,,1.0
18,water_dipole,100,1.0,0.0,0.6084841243358081,0.6084841243358081,,,,1.0
18,water_dipole,101,1.0,0.0,0.6084841243358081,0.6084841243358081,,,,1.0
18,water_dipole,102,1.0,0.0,0.6084841243358081,0.6084841243358081,,,,1.0
18,water_dipole,103,1.0,0.0,0.6084841243358081,0.6084841243358081,,,,1.0
18,water_dipole,104,1.0,0.0,0.6084841243358081,0.6084841243358081,,,,1.0
18,water_dipole,105,1.0,0.0,0.6084841243358081,0.6084841243358081,,,,1.0
18,water_dipole,106,1.0,0.0,0.6084841243358081,0.6084841243358081,,,,1.0
18,water_dipole,107,1.0,0.0,0.6084841243358081,0.6084841243358081,,,,1.0
18,water_dipole,108,1.0,0.0,0.6084841243358081,0.6084841243358081,,,,1.0
18,water_dipole,109,1.0,0.0,0.6084841243358081,0.6084841243358081,,,,1.0
18,water_dipole,110,1.0,0.0,0.6084841243358081,0.6084841243358081,,,,1.0
18,water_dipole,111,1.0,0.0,0.6084841243358081,0.6084841243358081,,,,1.0
18,water_dipole,112,1.0,0.0,0.6084841243358081,0.6084841243358081,,,,1.0
18,water_dipole,113,1.0,0.0,0.6084841243358081,0.6084841243358081,,,,1.0
18,water_dipole,114,1.0,0.0,0.6084841243358081,0.6084841243358081,,,,1.0
18,water_dipole,115,1.0,0.0,0.6084841243358081,0.6084841243358081,,,,1.0
18,water_dipole,116,1.0,0.0,0.6084841243358081,0.6084841243358081,,,,1.0
18,water_dipole,117,1.0,0.0,0.6084841243358081,0.6084841243358081,,,,1.0
18,water_dipole,118,1.0,0.0,0.6084841243358081,0.6084841243358081,,,,1.0
18,water_dipole,119,1.0,0.0,0.6084841243358081,0.6084841243358081,,,,1.0
18,water_dipole,120,1.0,0.0,0.6084841243358081,0.6084841243358081,,,,1.0
18,water_dipole,121,1.0,0.0,0.6084841243358081,0.6084841243358081,,,,1.0
18,water_dipole,122,1.0,0.0,0.6084841243358081,0.6084841243358081,,,,1.0
18,water_dipole,123,1.0,0.0,0.6084841243358081,0.6084841243358081,,,,1.0
18,water_dipole,124,1.0,0.0,0.6084841243358081,0.6084841243358081,,,,1.0
18,water_dipole,125,1.0,0.0,0.6084841243358081,0.6084841243358081,,,,1.0
18,water_dipole,126,1.0,0.0,0.6084841243358081,0.6084841243358081,,,,1.0
18,water_dipole,127,1.0,0.0,0.6084841243358081,0.6084841243358081,,,,1.0
18,water_dipole,128,1.0,0.0,0.6084841243358081,0.6084841243358081,,,,1.0
18,water_dipole,129,1.0,0.0,0.6084841243358081,0.6084841243358081,,,,1.0
18,water_dipole,130,1.0,0.0,0.6084841243358081,0.6084841243358081,,,,1.0
18,water_dipole,131,1.0,0.0,0.6084841243358081,0.6084841243358081,,,,1.0
18,water_dipole,132,1.0,0.0,0.6084841243358081,0.6084841243358081,,,,1.0
18,water_dipole,133,1.0,0.0,0.6084841243358081,0.6084841243358081,,,,1.0
18,water_dipole,134,1.0,0.0,0.6084841243358081,0.6084841243358081,,,,1.0
18,water_dipole,135,1.0,0.0,0.6084841243358081,0.6084841243358081,,,,1.0
18,water_dipole,136,1.0,0.0,0.6084841243358081,0.6084841243358081,,,,1.0
18,water_dipole,137,1.0,0.0,0.6084841243358081,0.6084841243358081,,,,1.0
18,water_dipole,138,1.0,0.0,0.6084841243358081,0.6084841243358081,,,,1.0
18,water_dipole,139,1.0,0.0,0.6084841243358081,0.6084841243358081,,,,1.0
18,water_dipole,140,1.0,0.0,0.6084841243358081,0.6084841243358081,,,,1.0
18,water_dipole,141,1.0,0.0,0.6084841243358081,0.6084841243358081,,,,1.0
18,water_dipole,142,1.0,0.0,0.6084841243358081,0.6084841243358081,,,,1.0
18,water_dipole,143,1.0,0.0,0.6084841243358081,0.6084841243358081,,,,1.0
18,water_dipole,144,1.0,0.0,0.6084841243358081,0.6084841243358081,,,,1.0
18,water_dipole,145,1.0,0.0,0.6084841243358081,0.6084841243358081,,,,1.0
18,water_dipole,146,1.0,0.0,0.6084841243358081,0.6084841243358081,,,,1.0
18,water_dipole,147,1.0,0.0,0.6084841243358081,0.6084841243358081,,,,1.0
18,water_dipole,148,1.0,0.0,0.6084841243358081,0.6084841243358081,,,,1.0
18,water_dipole,149,1.0,0.0,0.6084841243358081,0.6084841243358081,,,,1.0
18,water_dipole,150,1.0,0.0,0.6084841243358081,0.6084841243358081,,,,1.0
18,water_dipole,151,1.0,0.0,0.6084841243358081,0.6084841243358081,,,,1.0
18,water_dipole,152,1.0,0.0,0.6084841243358081,0.6084841243358081,,,,1.0
18,water_dipole,153,1.0,0.0,0.6084841243358081,0.6084841243358081,,,,1.0
18,water_dipole,154,1.0,0.0,0.6084841243358081,0.6084841243358081,,,,1.0
18,water_dipole,155,1.0,0.0,0.6084841243358081,0.6084841243358081,,,,1.0
18,water_dipole,156,1.0,0.0,0.6084841243358081,0.6084841243358081,,,,1.0
18,water_dipole,157,1.0,0.0,0.6084841243358081,0.6084841243358081,,,,1.0
18,water_dipole,158,1.0,0.0,0.6084841243358081,0.6084841243358081,,,,1.0
18,water_dipole,159,1.0,0.0,0.6084841243358081,0.6084841243358081,,,,1.0
18,water_dipole,160,1.0,0.0,0.6084841243358081,0.6084841243358081,,,,1.0
18,water_dipole,161,1.0,0.0,0.6084841243358081,0.6084841243358081,,,,1.0
18,water_dipole,162,1.0,0.0,0.6084841243358081,0.6084841243358081,,,,1.0
18,water_dipole,163,1.0,0.0,0.6084841243358081,0.6084841243358081,,,,1.0
18,water_dipole,164,1.0,0.0,0.6084841243358081,0.6084841243358081,,,,1.0
18,water_dipole,165,1.0,0.0,0.6084841243358081,0.6084841243358081,,,,1.0
18,water_dipole,166,1.0,0.0,0.6084841243358081,0.6084841243358081,,,,1.0
18,water_dipole,167,1.0,0.0,0.6084841243358081,0.6084841243358081,,,,1.0
18,water_dipole,168,1.0,0.0,0.6084841243358081,0.6084841243358081,,,,1.0
18,water_dipole,169,1.0,0.0,0.6084841243358081,0.6084841243358081,,,,1.0
18,water_dipole,170,1.0,0.0,0.6084841243358081,0.6084841243358081,,,,1.0
18,water_dipole,171,1.0,0.0,0.6084841243358081,0.6084841243358081,,,,1.0
18,water_dipole,172,1.0,0.0,0.6084841243358081,0.6084841243358081,,,,1.0
18,water_dipole,173,1.0,0.0,0.6084841243358081,0.6084841243358081,,,,1.0
18,water_dipole,174,1.0,0.0,0.6084841243358081,0.6084841243358081,,,,1.0
18,water_dipole,175,1.0,0.0,0.6084841243358081,0.6084841243358081,,,,1.0
18,water_dipole,176,1.0,0.0,0.6084841243358081,0.6084841243358081,,,,1.0
18,water_dipole,177,1.0,0.0,0.6084841243358081,0.6084841243358081,,,,1.0
18,water_dipole,178,1.0,0.0,0.6084841243358081,0.6084841243358081,,,,1.0
18,water_dipole,179,1.0,0.0,0.6084841243358081,0.6084841243358081,,,,1.0
18,water_dipole,180,1.0,0.0,0.6084841243358081,0.6084841243358081,,,,1.0
18,water_dipole,181,1.0,0.0,0.6084841243358081,0.6084841243358081,,,,1.0
18,water_dipole,182,1.0,0.0,0.6084841243358081,0.6084841243358081,,,,1.0
18,water_dipole,183,1.0,0.0,0.6084841243358081,0.6084841243358081,,,,1.0
18,water_dipole,184,1.0,0.0,0.6084841243358081,0.6084841243358081,,,,1.0
18,water_dipole,185,1.0,0.0,0.6084841243358081,0.6084841243358081,,,,1.0
18,water_dipole,186,1.0,0.0,0.6084841243358081,0.6084841243358081,,,,1.0
18,water_dipole,187,1.0,0.0,0.6084841243358081,0.6084841243358081,,,,1.0
18,water_dipole,188,1.0,0.0,0.6084841243358081,0.6084841243358081,,,,1.0
18,water_dipole,189,1.0,0.0,0.6084841243358081,0.6084841243358081,,,,1.0
18,water_dipole,190,1.0,0.0,0.6084841243358081,0.6084841243358081,,,,1.0
18,water_dipole,191,1.0,0.0,0.6084841243358081,0.6084841243358081,,,,1.0
18,water_dipole,192,1.0,0.0,0.6084841243358081,0.6084841243358081,,,,1.0
18,water_dipole,193,1.0,0.0,0.6084841243358081,0.6084841243358081,,,,1.0
18,water_dipole,194,1.0,0.0,0.6084841243358081,0.6084841243358081,,,,1.0
18,water_dipole,195,1.0,0.0,0.6084841243358081,0.6084841243358081,,,,1.0
18,water_dipole,196,1.0,0.0,0.6084841243358081,0.6084841243358081,,,,1.0
18,water_dipole,197,1.0,0.0,0.6084841243358081,0.6084841243358081,,,,1.0
18,water_dipole,198,1.0,0.0,0.6084841243358081,0.6084841243358081,,,,1.0
18,water_dipole,199,1.0,0.0,0.6084841243358081,0.6084841243358081,,,,1.0
18,water_dipole,200,1.0,0.0,0.6084841243358081,0.6084841243358081,,,,1.0
18,water_dipole,201,1.0,0.0,0.6084841243358081,0.6084841243358081,,,,1.0
18,water_dipole,202,1.0,0.0,0.6084841243358081,0.6084841243358081,,,,1.0
18,water_dipole,203,1.0,0.0,0.6084841243358081,0.6084841243358081,,,,1.0
18,water_dipole,204,1.0,0.0,0.6084841243358081,0.6084841243358081,,,,1.0
18,water_dipole,205,1.0,0.0,0.6084841243358081,0.6084841243358081,,,,1.0
18,water_dipole,206,1.0,0.0,0.6084841243358081,0.6084841243358081,,,,1.0
18,water_dipole,207,1.0,0.0,0.6084841243358081,0.6084841243358081,,,,1.0
18,water_dipole,208,1.0,0.0,0.6084841243358081,0.6084841243358081,,,,1.0
18,water_dipole,209,1.0,0.0,0.6084841243358081,0.6084841243358081,,,,1.0
18,water_dipole,210,1.0,0.0,0.6084841243358081,0.6084841243358081,,,,1.0
18,water_dipole,211,1.0,0.0,0.6084841243358081,0.6084841243358081,,,,1.0
18,water_dipole,212,1.0,0.0,0.6084841243358081,0.6084841243358081,,,,1.0
18,water_dipole,213,1.0,0.0,0.6084841243358081,0.6084841243358081,,,,1.0
18,water_dipole,214,1.0,0.0,0.6084841243358081,0.6084841243358081,,,,1.0
18,water_dipole,215,1.0,0.0,0.6084841243358081,0.6084841243358081,,,,1.0
18,water_dipole,216,1.0,0.0,0.6084841243358081,0.6084841243358081,,,,1.0
18,water_dipole,217,1.0,0.0,0.6084841243358081,0.6084841243358081,,,,1.0
18,water_dipole,218,1.0,0.0,0.6084841243358081,0.6084841243358081,,,,1.0
18,water_dipole,219,1.0,0.0,0.6084841243358081,0.6084841243358081,,,,1.0
18,water_dipole,220,1.0,0.0,0.6084841243358081,0.6084841243358081,,,,1.0
18,water_dipole,221,1.0,0.0,0.6084841243358081,0.6084841243358081,,,,1.0
18,water_dipole,222,1.0,0.0,0.6084841243358081,0.6084841243358081,,,,1.0
18,water_dipole,223,1.0,0.0,0.6084841243358081,0.6084841243358081,,,,1.0
18,water_dipole,224,1.0,0.0,0.6084841243358081,0.6084841243358081,,,,1.0
18,water_dipole,225,1.0,0.0,0.6084841243358081,0.6084841243358081,,,,1.0
18,water_dipole,226,1.0,0.0,0.6084841243358081,0.6084841243358081,,,,1.0
18,water_dipole,227,1.0,0.0,0.6084841243358081,0.6084841243358081,,,,1.0
18,water_dipole,228,1.0,0.0,0.6084841243358081,0.6084841243358081,,,,1.0
18,water_dipole,229,1.0,0.0,0.6084841243358081,0.6084841243358081,,,,1.0
18,water_dipole,230,1.0,0.0,0.6084841243358081,0.6084841243358081,,,,1.0
18,water_dipole,231,1.0,0.0,0.6084841243358081,0.6084841243358081,,,,1.0
18,water_dipole,232,1.0,0.0,0.6084841243358081,0.6084841243358081,,,,1.0
18,water_dipole,233,1.0,0.0,0.6084841243358081,0.6084841243358081,,,,1.0
18,water_dipole,234,1.0,0.0,0.6084841243358081,0.6084841243358081,,,,1.0
18,water_dipole,235,1.0,0.0,0.6084841243358081,0.6084841243358081,,,,1.0
18,water_dipole,236,1.0,0.0,0.6084841243358081,0.6084841243358081,,,,1.0
18,water_dipole,237,1.0,0.0,0.6084841243358081,0.6084841243358081,,,,1.0
18,water_dipole,238,1.0,0.0,0.6084841243358081,0.6084841243358081,,,,1.0
18,water_dipole,239,1.0,0.0,0.6084841243358081,0.6084841243358081,,,,1.0
18,water_dipole,240,1.0,0.0,0.6084841243358081,0.6084841243358081,,,,1.0
18,water_dipole,241,1.0,0.0,0.6084841243358081,0.6084841243358081,,,,1.0
18,water_dipole,242,1.0,0.0,0.6084841243358081,0.6084841243358081,,,,1.0
18,water_dipole,243,1.0,0.0,0.6084841243358081,0.6084841243358081,,,,1.0
18,water_dipole,244,1.0,0.0,0.6084841243358081,0.6084841243358081,,,,1.0
18,water_dipole,245,1.0,0.0,0.6084841243358081,0.6084841243358081,,,,1.0
18,water_dipole,246,1.0,0.0,0.6084841243358081,0.6084841243358081,,,,1.0
18,water_dipole,247,1.0,0.0,0.6084841243358081,0.6084841243358081,,,,1.0
18,water_dipole,248,1.0,0.0,0.6084841243358081,0.6084841243358081,,,,1.0
18,water_dipole,249,1.0,0.0,0.6084841243358081,0.6084841243358081,,,,1.0
18,acetone_gsolv_eV,0,1.0,0.0,0.6405558856108069,0.6405558856108069,,,,1.0
18,acetone_gsolv_eV,1,1.0,0.0,0.6405558856108069,0.6405558856108069,,,,1.0
18,acetone_gsolv_eV,2,1.0,0.0,0.6405558856108069,0.6405558856108069,,,,1.0
18,acetone_gsolv_eV,3,1.0,0.0,0.6405558856108069,0.6405558856108069,,,,1.0
18,acetone_gsolv_eV,4,1.0,0.0,0.6405558856108069,0.6405558856108069,,,,1.0
18,acetone_gsolv_eV,5,1.0,0.0,0.6405558856108069,0.6405558856108069,,,,1.0
18,acetone_gsolv_eV,6,1.0,0.0,0.6405558856108069,0.6405558856108069,,,,1.0
18,acetone_gsolv_eV,7,1.0,0.0,0.6405558856108069,0.6405558856108069,,,,1.0
18,acetone_gsolv_eV,8,1.0,0.0,0.6405558856108069,0.6405558856108069,,,,1.0
18,acetone_gsolv_eV,9,1.0,0.0,0.6405558856108069,0.6405558856108069,,,,1.0
18,acetone_gsolv_eV,10,1.0,0.0,0.6405558856108069,0.6405558856108069,,,,1.0
18,acetone_gsolv_eV,11,1.0,0.0,0.6405558856108069,0.6405558856108069,,,,1.0
18,acetone_gsolv_eV,12,1.0,0.0,0.6405558856108069,0.6405558856108069,,,,1.0
18,acetone_gsolv_eV,13,1.0,0.0,0.6405558856108069,0.6405558856108069,,,,1.0
18,acetone_gsolv_eV,14,1.0,0.0,0.6405558856108069,0.6405558856108069,,,,1.0
18,acetone_gsolv_eV,15,1.0,0.0,0.6405558856108069,0.6405558856108069,,,,1.0
18,acetone_gsolv_eV,16,1.0,0.0,0.6405558856108069,0.6405558856108069,,,,1.0
18,acetone_gsolv_eV,17,1.0,0.0,0.6405558856108069,0.6405558856108069,,,,1.0
18,acetone_gsolv_eV,18,1.0,0.0,0.6405558856108069,0.6405558856108069,,,,1.0
18,acetone_gsolv_eV,19,1.0,0.0,0.6405558856108069,0.6405558856108069,,,,1.0
18,acetone_gsolv_eV,20,1.0,0.0,0.6405558856108069,0.6405558856108069,,,,1.0
18,acetone_gsolv_eV,21,1.0,0.0,0.6405558856108069,0.6405558856108069,,,,1.0
18,acetone_gsolv_eV,22,1.0,0.0,0.6405558856108069,0.6405558856108069,,,,1.0
18,acetone_gsolv_eV,23,1.0,0.0,0.6405558856108069,0.6405558856108069,,,,1.0
18,acetone_gsolv_eV,24,1.0,0.0,0.6405558856108069,0.6405558856108069,,,,1.0
18,acetone_gsolv_eV,25,1.0,0.0,0.6405558856108069,0.6405558856108069,,,,1.0
18,acetone_gsolv_eV,26,1.0,0.0,0.6405558856108069,0.6405558856108069,,,,1.0
18,acetone_gsolv_eV,27,1.0,0.0,0.6405558856108069,0.6405558856108069,,,,1.0
18,acetone_gsolv_eV,28,1.0,0.0,0.6405558856108069,0.6405558856108069,,,,1.0
18,acetone_gsolv_eV,29,1.0,0.0,0.6405558856108069,0.6405558856108069,,,,1.0
18,acetone_gsolv_eV,30,1.0,0.0,0.6405558856108069,0.6405558856108069,,,,1.0
18,acetone_gsolv_eV,31,1.0,0.0,0.6405558856108069,0.6405558856108069,,,,1.0
18,acetone_gsolv_eV,32,1.0,0.0,0.6405558856108069,0.6405558856108069,,,,1.0
18,acetone_gsolv_eV,33,1.0,0.0,0.6405558856108069,0.6405558856108069,,,,1.0
18,acetone_gsolv_eV,34,1.0,0.0,0.6405558856108069,0.6405558856108069,,,,1.0
18,acetone_gsolv_eV,35,1.0,0.0,0.6405558856108069,0.6405558856108069,,,,1.0
18,acetone_gsolv_eV,36,1.0,0.0,0.6405558856108069,0.6405558856108069,,,,1.0
18,acetone_gsolv_eV,37,1.0,0.0,0.6405558856108069,0.6405558856108069,,,,1.0
18,acetone_gsolv_eV,38,1.0,0.0,0.6405558856108069,0.6405558856108069,,,,1.0
18,acetone_gsolv_eV,39,1.0,0.0,0.6405558856108069,0.6405558856108069,,,,1.0
18,acetone_gsolv_eV,40,1.0,0.0,0.6405558856108069,0.6405558856108069,,,,1.0
18,acetone_gsolv_eV,41,1.0,0.0,0.6405558856108069,0.6405558856108069,,,,1.0
18,acetone_gsolv_eV,42,1.0,0.0,0.6405558856108069,0.6405558856108069,,,,1.0
18,acetone_gsolv_eV,43,1.0,0.0,0.6405558856108069,0.6405558856108069,,,,1.0
18,acetone_gsolv_eV,44,1.0,0.0,0.6405558856108069,0.6405558856108069,,,,1.0
18,acetone_gsolv_eV,45,1.0,0.0,0.6405558856108069,0.6405558856108069,,,,1.0
18,acetone_gsolv_eV,46,1.0,0.0,0.6405558856108069,0.6405558856108069,,,,1.0
18,acetone_gsolv_eV,47,1.0,0.0,0.6405558856108069,0.6405558856108069,,,,1.0
18,acetone_gsolv_eV,48,1.0,0.0,0.6405558856108069,0.6405558856108069,,,,1.0
18,acetone_gsolv_eV,49,1.0,0.0,0.6405558856108069,0.6405558856108069,,,,1.0
18,acetone_gsolv_eV,50,1.0,0.0,0.6405558856108069,0.6405558856108069,,,,1.0
18,acetone_gsolv_eV,51,1.0,0.0,0.6405558856108069,0.6405558856108069,,,,1.0
18,acetone_gsolv_eV,52,1.0,0.0,0.6405558856108069,0.6405558856108069,,,,1.0
18,acetone_gsolv_eV,53,1.0,0.0,0.6405558856108069,0.6405558856108069,,,,1.0
18,acetone_gsolv_eV,54,1.0,0.0,0.6405558856108069,0.6405558856108069,,,,1.0
18,acetone_gsolv_eV,55,1.0,0.0,0.6405558856108069,0.6405558856108069,,,,1.0
18,acetone_gsolv_eV,56,1.0,0.0,0.6405558856108069,0.6405558856108069,,,,1.0
18,acetone_gsolv_eV,57,1.0,0.0,0.6405558856108069,0.6405558856108069,,,,1.0
18,acetone_gsolv_eV,58,1.0,0.0,0.6405558856108069,0.6405558856108069,,,,1.0
18,acetone_gsolv_eV,59,1.0,0.0,0.6405558856108069,0.6405558856108069,,,,1.0
18,acetone_gsolv_eV,60,1.0,0.0,0.6405558856108069,0.6405558856108069,,,,1.0
18,acetone_gsolv_eV,61,1.0,0.0,0.6405558856108069,0.6405558856108069,,,,1.0
18,acetone_gsolv_eV,62,1.0,0.0,0.6405558856108069,0.6405558856108069,,,,1.0
18,acetone_gsolv_eV,63,1.0,0.0,0.6405558856108069,0.6405558856108069,,,,1.0
18,acetone_gsolv_eV,64,1.0,0.0,0.6405558856108069,0.6405558856108069,,,,1.0
18,acetone_gsolv_eV,65,1.0,0.0,0.6405558856108069,0.6405558856108069,,,,1.0
18,acetone_gsolv_eV,66,1.0,0.0,0.6405558856108069,0.6405558856108069,,,,1.0
18,acetone_gsolv_eV,67,1.0,0.0,0.6405558856108069,0.6405558856108069,,,,1.0
18,acetone_gsolv_eV,68,1.0,0.0,0.6405558856108069,0.6405558856108069,,,,1.0
18,acetone_gsolv_eV,69,1.0,0.0,0.6405558856108069,0.6405558856108069,,,,1.0
18,acetone_gsolv_eV,70,1.0,0.0,0.6405558856108069,0.6405558856108069,,,,1.0
18,acetone_gsolv_eV,71,1.0,0.0,0.6405558856108069,0.6405558856108069,,,,1.0
18,acetone_gsolv_eV,72,1.0,0.0,0.6405558856108069,0.6405558856108069,,,,1.0
18,acetone_gsolv_eV,73,1.0,0.0,0.6405558856108069,0.6405558856108069,,,,1.0
18,acetone_gsolv_eV,74,1.0,0.0,0.6405558856108069,0.6405558856108069,,,,1.0
18,acetone_gsolv_eV,75,1.0,0.0,0.6405558856108069,0.6405558856108069,,,,1.0
18,acetone_gsolv_eV,76,1.0,0.0,0.6405558856108069,0.6405558856108069,,,,1.0
18,acetone_gsolv_eV,77,1.0,0.0,0.6405558856108069,0.6405558856108069,,,,1.0
18,acetone_gsolv_eV,78,1.0,0.0,0.6405558856108069,0.6405558856108069,,,,1.0
18,acetone_gsolv_eV,79,1.0,0.0,0.6405558856108069,0.6405558856108069,,,,1.0
18,acetone_gsolv_eV,80,1.0,0.0,0.6405558856108069,0.6405558856108069,,,,1.0
18,acetone_gsolv_eV,81,1.0,0.0,0.6405558856108069,0.6405558856108069,,,,1.0
18,acetone_gsolv_eV,82,1.0,0.0,0.6405558856108069,0.6405558856108069,,,,1.0
18,acetone_gsolv_eV,83,1.0,0.0,0.6405558856108069,0.6405558856108069,,,,1.0
18,acetone_gsolv_eV,84,1.0,0.0,0.6405558856108069,0.6405558856108069,,,,1.0
18,acetone_gsolv_eV,85,1.0,0.0,0.6405558856108069,0.6405558856108069,,,,1.0
18,acetone_gsolv_eV,86,1.0,0.0,0.6405558856108069,0.6405558856108069,,,,1.0
18,acetone_gsolv_eV,87,1.0,0.0,0.6405558856108069,0.6405558856108069,,,,1.0
18,acetone_gsolv_eV,88,1.0,0.0,0.6405558856108069,0.6405558856108069,,,,1.0
18,acetone_gsolv_eV,89,1.0,0.0,0.6405558856108069,0.6405558856108069,,,,1.0
18,acetone_gsolv_eV,90,1.0,0.0,0.6405558856108069,0.6405558856108069,,,,1.0
18,acetone_gsolv_eV,91,1.0,0.0,0.6405558856108069,0.6405558856108069,,,,1.0
18,acetone_gsolv_eV,92,1.0,0.0,0.6405558856108069,0.6405558856108069,,,,1.0
18,acetone_gsolv_eV,93,1.0,0.0,0.6405558856108069,0.6405558856108069,,,,1.0
18,acetone_gsolv_eV,94,1.0,0.0,0.6405558856108069,0.6405558856108069,,,,1.0
18,acetone_gsolv_eV,95,1.0,0.0,0.6405558856108069,0.6405558856108069,,,,1.0
18,acetone_gsolv_eV,96,1.0,0.0,0.6405558856108069,0.6405558856108069,,,,1.0
18,acetone_gsolv_eV,97,1.0,0.0,0.6405558856108069,0.6405558856108069,,,,1.0
18,acetone_gsolv_eV,98,1.0,0.0,0.6405558856108069,0.6405558856108069,,,,1.0
18,acetone_gsolv_eV,99,1.0,0.0,0.6405558856108069,0.6405558856108069,,,,1.0
18,acetone_gsolv_eV,100,1.0,0.0,0.6405558856108069,0.6405558856108069,,,,1.0
18,acetone_gsolv_eV,101,1.0,0.0,0.6405558856108069,0.6405558856108069,,,,1.0
18,acetone_gsolv_eV,102,1.0,0.0,0.6405558856108069,0.6405558856108069,,,,1.0
18,acetone_gsolv_eV,103,1.0,0.0,0.6405558856108069,0.6405558856108069,,,,1.0
18,acetone_gsolv_eV,104,1.0,0.0,0.6405558856108069,0.6405558856108069,,,,1.0
18,acetone_gsolv_eV,105,1.0,0.0,0.6405558856108069,0.6405558856108069,,,,1.0
18,acetone_gsolv_eV,106,1.0,0.0,0.6405558856108069,0.6405558856108069,,,,1.0
18,acetone_gsolv_eV,107,1.0,0.0,0.6405558856108069,0.6405558856108069,,,,1.0
18,acetone_gsolv_eV,108,1.0,0.0,0.6405558856108069,0.6405558856108069,,,,1.0
18,acetone_gsolv_eV,109,1.0,0.0,0.6405558856108069,0.6405558856108069,,,,1.0
18,acetone_gsolv_eV,110,1.0,0.0,0.6405558856108069,0.6405558856108069,,,,1.0
18,acetone_gsolv_eV,111,1.0,0.0,0.6405558856108069,0.6405558856108069,,,,1.0
18,acetone_gsolv_eV,112,1.0,0.0,0.6405558856108069,0.6405558856108069,,,,1.0
18,acetone_gsolv_eV,113,1.0,0.0,0.6405558856108069,0.6405558856108069,,,,1.0
18,acetone_gsolv_eV,114,1.0,0.0,0.6405558856108069,0.6405558856108069,,,,1.0
18,acetone_gsolv_eV,115,1.0,0.0,0.6405558856108069,0.6405558856108069,,,,1.0
18,acetone_gsolv_eV,116,1.0,0.0,0.6405558856108069,0.6405558856108069,,,,1.0
18,acetone_gsolv_eV,117,1.0,0.0,0.6405558856108069,0.6405558856108069,,,,1.0
18,acetone_gsolv_eV,118,1.0,0.0,0.6405558856108069,0.6405558856108069,,,,1.0
18,acetone_gsolv_eV,119,1.0,0.0,0.6405558856108069,0.6405558856108069,,,,1.0
18,acetone_gsolv_eV,120,1.0,0.0,0.6405558856108069,0.6405558856108069,,,,1.0
18,acetone_gsolv_eV,121,1.0,0.0,0.6405558856108069,0.6405558856108069,,,,1.0
18,acetone_gsolv_eV,122,1.0,0.0,0.6405558856108069,0.6405558856108069,,,,1.0
18,acetone_gsolv_eV,123,1.0,0.0,0.6405558856108069,0.6405558856108069,,,,1.0
18,acetone_gsolv_eV,124,1.0,0.0,0.6405558856108069,0.6405558856108069,,,,1.0
18,acetone_gsolv_eV,125,1.0,0.0,0.6405558856108069,0.6405558856108069,,,,1.0
18,acetone_gsolv_eV,126,1.0,0.0,0.6405558856108069,0.6405558856108069,,,,1.0
18,acetone_gsolv_eV,127,1.0,0.0,0.6405558856108069,0.6405558856108069,,,,1.0
18,acetone_gsolv_eV,128,1.0,0.0,0.6405558856108069,0.6405558856108069,,,,1.0
18,acetone_gsolv_eV,129,1.0,0.0,0.6405558856108069,0.6405558856108069,,,,1.0
18,acetone_gsolv_eV,130,1.0,0.0,0.6405558856108069,0.6405558856108069,,,,1.0
18,acetone_gsolv_eV,131,1.0,0.0,0.6405558856108069,0.6405558856108069,,,,1.0
18,acetone_gsolv_eV,132,1.0,0.0,0.6405558856108069,0.6405558856108069,,,,1.0
18,acetone_gsolv_eV,133,1.0,0.0,0.6405558856108069,0.6405558856108069,,,,1.0
18,acetone_gsolv_eV,134,1.0,0.0,0.6405558856108069,0.6405558856108069,,,,1.0
18,acetone_gsolv_eV,135,1.0,0.0,0.6405558856108069,0.6405558856108069,,,,1.0
18,acetone_gsolv_eV,136,1.0,0.0,0.6405558856108069,0.6405558856108069,,,,1.0
18,acetone_gsolv_eV,137,1.0,0.0,0.6405558856108069,0.6405558856108069,,,,1.0
18,acetone_gsolv_eV,138,1.0,0.0,0.6405558856108069,0.6405558856108069,,,,1.0
18,acetone_gsolv_eV,139,1.0,0.0,0.6405558856108069,0.6405558856108069,,,,1.0
18,acetone_gsolv_eV,140,1.0,0.0,0.6405558856108069,0.6405558856108069,,,,1.0
18,acetone_gsolv_eV,141,1.0,0.0,0.6405558856108069,0.6405558856108069,,,,1.0
18,acetone_gsolv_eV,142,1.0,0.0,0.6405558856108069,0.6405558856108069,,,,1.0
18,acetone_gsolv_eV,143,1.0,0.0,0.6405558856108069,0.6405558856108069,,,,1.0
18,acetone_gsolv_eV,144,1.0,0.0,0.6405558856108069,0.6405558856108069,,,,1.0
18,acetone_gsolv_eV,145,1.0,0.0,0.6405558856108069,0.6405558856108069,,,,1.0
18,acetone_gsolv_eV,146,1.0,0.0,0.6405558856108069,0.6405558856108069,,,,1.0
18,acetone_gsolv_eV,147,1.0,0.0,0.6405558856108069,0.6405558856108069,,,,1.0
18,acetone_gsolv_eV,148,1.0,0.0,0.6405558856108069,0.6405558856108069,,,,1.0
18,acetone_gsolv_eV,149,1.0,0.0,0.6405558856108069,0.6405558856108069,,,,1.0
18,acetone_gsolv_eV,150,1.0,0.0,0.6405558856108069,0.6405558856108069,,,,1.0
18,acetone_gsolv_eV,151,1.0,0.0,0.6405558856108069,0.6405558856108069,,,,1.0
18,acetone_gsolv_eV,152,1.0,0.0,0.6405558856108069,0.6405558856108069,,,,1.0
18,acetone_gsolv_eV,153,1.0,0.0,0.6405558856108069,0.6405558856108069,,,,1.0
18,acetone_gsolv_eV,154,1.0,0.0,0.6405558856108069,0.6405558856108069,,,,1.0
18,acetone_gsolv_eV,155,1.0,0.0,0.6405558856108069,0.6405558856108069,,,,1.0
18,acetone_gsolv_eV,156,1.0,0.0,0.6405558856108069,0.6405558856108069,,,,1.0
18,acetone_gsolv_eV,157,1.0,0.0,0.6405558856108069,0.6405558856108069,,,,1.0
18,acetone_gsolv_eV,158,1.0,0.0,0.6405558856108069,0.6405558856108069,,,,1.0
18,acetone_gsolv_eV,159,1.0,0.0,0.6405558856108069,0.6405558856108069,,,,1.0
18,acetone_gsolv_eV,160,1.0,0.0,0.6405558856108069,0.6405558856108069,,,,1.0
18,acetone_gsolv_eV,161,1.0,0.0,0.6405558856108069,0.6405558856108069,,,,1.0
18,acetone_gsolv_eV,162,1.0,0.0,0.6405558856108069,0.6405558856108069,,,,1.0
18,acetone_gsolv_eV,163,1.0,0.0,0.6405558856108069,0.6405558856108069,,,,1.0
18,acetone_gsolv_eV,164,1.0,0.0,0.6405558856108069,0.6405558856108069,,,,1.0
18,acetone_gsolv_eV,165,1.0,0.0,0.6405558856108069,0.6405558856108069,,,,1.0
18,acetone_gsolv_eV,166,1.0,0.0,0.6405558856108069,0.6405558856108069,,,,1.0
18,acetone_gsolv_eV,167,1.0,0.0,0.6405558856108069,0.6405558856108069,,,,1.0
18,acetone_gsolv_eV,168,1.0,0.0,0.6405558856108069,0.6405558856108069,,,,1.0
18,acetone_gsolv_eV,169,1.0,0.0,0.6405558856108069,0.6405558856108069,,,,1.0
18,acetone_gsolv_eV,170,1.0,0.0,0.6405558856108069,0.6405558856108069,,,,1.0
18,acetone_gsolv_eV,171,1.0,0.0,0.6405558856108069,0.6405558856108069,,,,1.0
18,acetone_gsolv_eV,172,1.0,0.0,0.6405558856108069,0.6405558856108069,,,,1.0
18,acetone_gsolv_eV,173,1.0,0.0,0.6405558856108069,0.6405558856108069,,,,1.0
18,acetone_gsolv_eV,174,1.0,0.0,0.6405558856108069,0.6405558856108069,,,,1.0
18,acetone_gsolv_eV,175,1.0,0.0,0.6405558856108069,0.6405558856108069,,,,1.0
18,acetone_gsolv_eV,176,1.0,0.0,0.6405558856108069,0.6405558856108069,,,,1.0
18,acetone_gsolv_eV,177,1.0,0.0,0.6405558856108069,0.6405558856108069,,,,1.0
18,acetone_gsolv_eV,178,1.0,0.0,0.6405558856108069,0.6405558856108069,,,,1.0
18,acetone_gsolv_eV,179,1.0,0.0,0.6405558856108069,0.6405558856108069,,,,1.0
18,acetone_gsolv_eV,180,1.0,0.0,0.6405558856108069,0.6405558856108069,,,,1.0
18,acetone_gsolv_eV,181,1.0,0.0,0.6405558856108069,0.6405558856108069,,,,1.0
18,acetone_gsolv_eV,182,1.0,0.0,0.6405558856108069,0.6405558856108069,,,,1.0
18,acetone_gsolv_eV,183,1.0,0.0,0.6405558856108069,0.6405558856108069,,,,1.0
18,acetone_gsolv_eV,184,1.0,0.0,0.6405558856108069,0.6405558856108069,,,,1.0
18,acetone_gsolv_eV,185,1.0,0.0,0.6405558856108069,0.6405558856108069,,,,1.0
18,acetone_gsolv_eV,186,1.0,0.0,0.6405558856108069,0.6405558856108069,,,,1.0
18,acetone_gsolv_eV,187,1.0,0.0,0.6405558856108069,0.6405558856108069,,,,1.0
18,acetone_gsolv_eV,188,1.0,0.0,0.6405558856108069,0.6405558856108069,,,,1.0
18,acetone_gsolv_eV,189,1.0,0.0,0.6405558856108069,0.6405558856108069,,,,1.0
18,acetone_gsolv_eV,190,1.0,0.0,0.6405558856108069,0.6405558856108069,,,,1.0
18,acetone_gsolv_eV,191,1.0,0.0,0.6405558856108069,0.6405558856108069,,,,1.0
18,acetone_gsolv_eV,192,1.0,0.0,0.6405558856108069,0.6405558856108069,,,,1.0
18,acetone_gsolv_eV,193,1.0,0.0,0.6405558856108069,0.6405558856108069,,,,1.0
18,acetone_gsolv_eV,194,1.0,0.0,0.6405558856108069,0.6405558856108069,,,,1.0
18,acetone_gsolv_eV,195,1.0,0.0,0.6405558856108069,0.6405558856108069,,,,1.0
18,acetone_gsolv_eV,196,1.0,0.0,0.6405558856108069,0.6405558856108069,,,,1.0
18,acetone_gsolv_eV,197,1.0,0.0,0.6405558856108069,0.6405558856108069,,,,1.0
18,acetone_gsolv_eV,198,1.0,0.0,0.6405558856108069,0.6405558856108069,,,,1.0
18,acetone_gsolv_eV,199,1.0,0.0,0.6405558856108069,0.6405558856108069,,,,1.0
18,acetone_gsolv_eV,200,1.0,0.0,0.6405558856108069,0.6405558856108069,,,,1.0
18,acetone_gsolv_eV,201,1.0,0.0,0.6405558856108069,0.6405558856108069,,,,1.0
18,acetone_gsolv_eV,202,1.0,0.0,0.6405558856108069,0.6405558856108069,,,,1.0
18,acetone_gsolv_eV,203,1.0,0.0,0.6405558856108069,0.6405558856108069,,,,1.0
18,acetone_gsolv_eV,204,1.0,0.0,0.6405558856108069,0.6405558856108069,,,,1.0
18,acetone_gsolv_eV,205,1.0,0.0,0.6405558856108069,0.6405558856108069,,,,1.0
18,acetone_gsolv_eV,206,1.0,0.0,0.6405558856108069,0.6405558856108069,,,,1.0
18,acetone_gsolv_eV,207,1.0,0.0,0.6405558856108069,0.6405558856108069,,,,1.0
18,acetone_gsolv_eV,208,1.0,0.0,0.6405558856108069,0.6405558856108069,,,,1.0
18,acetone_gsolv_eV,209,1.0,0.0,0.6405558856108069,0.6405558856108069,,,,1.0
18,acetone_gsolv_eV,210,1.0,0.0,0.6405558856108069,0.6405558856108069,,,,1.0
18,acetone_gsolv_eV,211,1.0,0.0,0.6405558856108069,0.6405558856108069,,,,1.0
18,acetone_gsolv_eV,212,1.0,0.0,0.6405558856108069,0.6405558856108069,,,,1.0
18,acetone_gsolv_eV,213,1.0,0.0,0.6405558856108069,0.6405558856108069,,,,1.0
18,acetone_gsolv_eV,214,1.0,0.0,0.6405558856108069,0.6405558856108069,,,,1.0
18,acetone_gsolv_eV,215,1.0,0.0,0.6405558856108069,0.6405558856108069,,,,1.0
18,acetone_gsolv_eV,216,1.0,0.0,0.6405558856108069,0.6405558856108069,,,,1.0
18,acetone_gsolv_eV,217,1.0,0.0,0.6405558856108069,0.6405558856108069,,,,1.0
18,acetone_gsolv_eV,218,1.0,0.0,0.6405558856108069,0.6405558856108069,,,,1.0
18,acetone_gsolv_eV,219,1.0,0.0,0.6405558856108069,0.6405558856108069,,,,1.0
18,acetone_gsolv_eV,220,1.0,0.0,0.6405558856108069,0.6405558856108069,,,,1.0
18,acetone_gsolv_eV,221,1.0,0.0,0.6405558856108069,0.6405558856108069,,,,1.0
18,acetone_gsolv_eV,222,1.0,0.0,0.6405558856108069,0.6405558856108069,,,,1.0
18,acetone_gsolv_eV,223,1.0,0.0,0.6405558856108069,0.6405558856108069,,,,1.0
18,acetone_gsolv_eV,224,1.0,0.0,0.6405558856108069,0.6405558856108069,,,,1.0
18,acetone_gsolv_eV,225,1.0,0.0,0.6405558856108069,0.6405558856108069,,,,1.0
18,acetone_gsolv_eV,226,1.0,0.0,0.6405558856108069,0.6405558856108069,,,,1.0
18,acetone_gsolv_eV,227,1.0,0.0,0.6405558856108069,0.6405558856108069,,,,1.0
18,acetone_gsolv_eV,228,1.0,0.0,0.6405558856108069,0.6405558856108069,,,,1.0
18,acetone_gsolv_eV,229,1.0,0.0,0.6405558856108069,0.6405558856108069,,,,1.0
18,acetone_gsolv_eV,230,1.0,0.0,0.6405558856108069,0.6405558856108069,,,,1.0
18,acetone_gsolv_eV,231,1.0,0.0,0.6405558856108069,0.6405558856108069,,,,1.0
18,acetone_gsolv_eV,232,1.0,0.0,0.6405558856108069,0.6405558856108069,,,,1.0
18,acetone_gsolv_eV,233,1.0,0.0,0.6405558856108069,0.6405558856108069,,,,1.0
18,acetone_gsolv_eV,234,1.0,0.0,0.6405558856108069,0.6405558856108069,,,,1.0
18,acetone_gsolv_eV,235,1.0,0.0,0.6405558856108069,0.6405558856108069,,,,1.0
18,acetone_gsolv_eV,236,1.0,0.0,0.6405558856108069,0.6405558856108069,,,,1.0
18,acetone_gsolv_eV,237,1.0,0.0,0.6405558856108069,0.6405558856108069,,,,1.0
18,acetone_gsolv_eV,238,1.0,0.0,0.6405558856108069,0.6405558856108069,,,,1.0
18,acetone_gsolv_eV,239,1.0,0.0,0.6405558856108069,0.6405558856108069,,,,1.0
18,acetone_gsolv_eV,240,1.0,0.0,0.6405558856108069,0.6405558856108069,,,,1.0
18,acetone_gsolv_eV,241,1.0,0.0,0.6405558856108069,0.6405558856108069,,,,1.0
18,acetone_gsolv_eV,242,1.0,0.0,0.6405558856108069,0.6405558856108069,,,,1.0
18,acetone_gsolv_eV,243,1.0,0.0,0.6405558856108069,0.6405558856108069,,,,1.0
18,acetone_gsolv_eV,244,1.0,0.0,0.6405558856108069,0.6405558856108069,,,,1.0
18,acetone_gsolv_eV,245,1.0,0.0,0.6405558856108069,0.6405558856108069,,,,1.0
18,acetone_gsolv_eV,246,1.0,0.0,0.6405558856108069,0.6405558856108069,,,,1.0
18,acetone_gsolv_eV,247,1.0,0.0,0.6405558856108069,0.6405558856108069,,,,1.0
18,acetone_gsolv_eV,248,1.0,0.0,0.6405558856108069,0.6405558856108069,,,,1.0
18,acetone_gsolv_eV,249,1.0,0.0,0.6405558856108069,0.6405558856108069,,,,1.0
18,acetone_hl_gap_eV,0,1.0,0.0,0.7093693535109511,0.7093693535109511,,,,1.0
18,acetone_hl_gap_eV,1,1.0,0.0,0.7093693535109511,0.7093693535109511,,,,1.0
18,acetone_hl_gap_eV,2,1.0,0.0,0.7093693535109511,0.7093693535109511,,,,1.0
18,acetone_hl_gap_eV,3,1.0,0.0,0.7093693535109511,0.7093693535109511,,,,1.0
18,acetone_hl_gap_eV,4,1.0,0.0,0.7093693535109511,0.7093693535109511,,,,1.0
18,acetone_hl_gap_eV,5,1.0,0.0,0.7093693535109511,0.7093693535109511,,,,1.0
18,acetone_hl_gap_eV,6,1.0,0.0,0.7093693535109511,0.7093693535109511,,,,1.0
18,acetone_hl_gap_eV,7,1.0,0.0,0.7093693535109511,0.7093693535109511,,,,1.0
18,acetone_hl_gap_eV,8,1.0,0.0,0.7093693535109511,0.7093693535109511,,,,1.0
18,acetone_hl_gap_eV,9,1.0,0.0,0.7093693535109511,0.7093693535109511,,,,1.0
18,acetone_hl_gap_eV,10,1.0,0.0,0.7093693535109511,0.7093693535109511,,,,1.0
18,acetone_hl_gap_eV,11,1.0,0.0,0.7093693535109511,0.7093693535109511,,,,1.0
18,acetone_hl_gap_eV,12,1.0,0.0,0.7093693535109511,0.7093693535109511,,,,1.0
18,acetone_hl_gap_eV,13,1.0,0.0,0.7093693535109511,0.7093693535109511,,,,1.0
18,acetone_hl_gap_eV,14,1.0,0.0,0.7093693535109511,0.7093693535109511,,,,1.0
18,acetone_hl_gap_eV,15,1.0,0.0,0.7093693535109511,0.7093693535109511,,,,1.0
18,acetone_hl_gap_eV,16,1.0,0.0,0.7093693535109511,0.7093693535109511,,,,1.0
18,acetone_hl_gap_eV,17,1.0,0.0,0.7093693535109511,0.7093693535109511,,,,1.0
18,acetone_hl_gap_eV,18,1.0,0.0,0.7093693535109511,0.7093693535109511,,,,1.0
18,acetone_hl_gap_eV,19,1.0,0.0,0.7093693535109511,0.7093693535109511,,,,1.0
18,acetone_hl_gap_eV,20,1.0,0.0,0.7093693535109511,0.7093693535109511,,,,1.0
18,acetone_hl_gap_eV,21,1.0,0.0,0.7093693535109511,0.7093693535109511,,,,1.0
18,acetone_hl_gap_eV,22,1.0,0.0,0.7093693535109511,0.7093693535109511,,,,1.0
18,acetone_hl_gap_eV,23,1.0,0.0,0.7093693535109511,0.7093693535109511,,,,1.0
18,acetone_hl_gap_eV,24,1.0,0.0,0.7093693535109511,0.7093693535109511,,,,1.0
18,acetone_hl_gap_eV,25,1.0,0.0,0.7093693535109511,0.7093693535109511,,,,1.0
18,acetone_hl_gap_eV,26,1.0,0.0,0.7093693535109511,0.7093693535109511,,,,1.0
18,acetone_hl_gap_eV,27,1.0,0.0,0.7093693535109511,0.7093693535109511,,,,1.0
18,acetone_hl_gap_eV,28,1.0,0.0,0.7093693535109511,0.7093693535109511,,,,1.0
18,acetone_hl_gap_eV,29,1.0,0.0,0.7093693535109511,0.7093693535109511,,,,1.0
18,acetone_hl_gap_eV,30,1.0,0.0,0.7093693535109511,0.7093693535109511,,,,1.0
18,acetone_hl_gap_eV,31,1.0,0.0,0.7093693535109511,0.7093693535109511,,,,1.0
18,acetone_hl_gap_eV,32,1.0,0.0,0.7093693535109511,0.7093693535109511,,,,1.0
18,acetone_hl_gap_eV,33,1.0,0.0,0.7093693535109511,0.7093693535109511,,,,1.0
18,acetone_hl_gap_eV,34,1.0,0.0,0.7093693535109511,0.7093693535109511,,,,1.0
18,acetone_hl_gap_eV,35,1.0,0.0,0.7093693535109511,0.7093693535109511,,,,1.0
18,acetone_hl_gap_eV,36,1.0,0.0,0.7093693535109511,0.7093693535109511,,,,1.0
18,acetone_hl_gap_eV,37,1.0,0.0,0.7093693535109511,0.7093693535109511,,,,1.0
18,acetone_hl_gap_eV,38,1.0,0.0,0.7093693535109511,0.7093693535109511,,,,1.0
18,acetone_hl_gap_eV,39,1.0,0.0,0.7093693535109511,0.7093693535109511,,,,1.0
18,acetone_hl_gap_eV,40,1.0,0.0,0.7093693535109511,0.7093693535109511,,,,1.0
18,acetone_hl_gap_eV,41,1.0,0.0,0.7093693535109511,0.7093693535109511,,,,1.0
18,acetone_hl_gap_eV,42,1.0,0.0,0.7093693535109511,0.7093693535109511,,,,1.0
18,acetone_hl_gap_eV,43,1.0,0.0,0.7093693535109511,0.7093693535109511,,,,1.0
18,acetone_hl_gap_eV,44,1.0,0.0,0.7093693535109511,0.7093693535109511,,,,1.0
18,acetone_hl_gap_eV,45,1.0,0.0,0.7093693535109511,0.7093693535109511,,,,1.0
18,acetone_hl_gap_eV,46,1.0,0.0,0.7093693535109511,0.7093693535109511,,,,1.0
18,acetone_hl_gap_eV,47,1.0,0.0,0.7093693535109511,0.7093693535109511,,,,1.0
18,acetone_hl_gap_eV,48,1.0,0.0,0.7093693535109511,0.7093693535109511,,,,1.0
18,acetone_hl_gap_eV,49,1.0,0.0,0.7093693535109511,0.7093693535109511,,,,1.0
18,acetone_hl_gap_eV,50,1.0,0.0,0.7093693535109511,0.7093693535109511,,,,1.0
18,acetone_hl_gap_eV,51,1.0,0.0,0.7093693535109511,0.7093693535109511,,,,1.0
18,acetone_hl_gap_eV,52,1.0,0.0,0.7093693535109511,0.7093693535109511,,,,1.0
18,acetone_hl_gap_eV,53,1.0,0.0,0.7093693535109511,0.7093693535109511,,,,1.0
18,acetone_hl_gap_eV,54,1.0,0.0,0.7093693535109511,0.7093693535109511,,,,1.0
18,acetone_hl_gap_eV,55,1.0,0.0,0.7093693535109511,0.7093693535109511,,,,1.0
18,acetone_hl_gap_eV,56,1.0,0.0,0.7093693535109511,0.7093693535109511,,,,1.0
18,acetone_hl_gap_eV,57,1.0,0.0,0.7093693535109511,0.7093693535109511,,,,1.0
18,acetone_hl_gap_eV,58,1.0,0.0,0.7093693535109511,0.7093693535109511,,,,1.0
18,acetone_hl_gap_eV,59,1.0,0.0,0.7093693535109511,0.7093693535109511,,,,1.0
18,acetone_hl_gap_eV,60,1.0,0.0,0.7093693535109511,0.7093693535109511,,,,1.0
18,acetone_hl_gap_eV,61,1.0,0.0,0.7093693535109511,0.7093693535109511,,,,1.0
18,acetone_hl_gap_eV,62,1.0,0.0,0.7093693535109511,0.7093693535109511,,,,1.0
18,acetone_hl_gap_eV,63,1.0,0.0,0.7093693535109511,0.7093693535109511,,,,1.0
18,acetone_hl_gap_eV,64,1.0,0.0,0.7093693535109511,0.7093693535109511,,,,1.0
18,acetone_hl_gap_eV,65,1.0,0.0,0.7093693535109511,0.7093693535109511,,,,1.0
18,acetone_hl_gap_eV,66,1.0,0.0,0.7093693535109511,0.7093693535109511,,,,1.0
18,acetone_hl_gap_eV,67,1.0,0.0,0.7093693535109511,0.7093693535109511,,,,1.0
18,acetone_hl_gap_eV,68,1.0,0.0,0.7093693535109511,0.7093693535109511,,,,1.0
18,acetone_hl_gap_eV,69,1.0,0.0,0.7093693535109511,0.7093693535109511,,,,1.0
18,acetone_hl_gap_eV,70,1.0,0.0,0.7093693535109511,0.7093693535109511,,,,1.0
18,acetone_hl_gap_eV,71,1.0,0.0,0.7093693535109511,0.7093693535109511,,,,1.0
18,acetone_hl_gap_eV,72,1.0,0.0,0.7093693535109511,0.7093693535109511,,,,1.0
18,acetone_hl_gap_eV,73,1.0,0.0,0.7093693535109511,0.7093693535109511,,,,1.0
18,acetone_hl_gap_eV,74,1.0,0.0,0.7093693535109511,0.7093693535109511,,,,1.0
18,acetone_hl_gap_eV,75,1.0,0.0,0.7093693535109511,0.7093693535109511,,,,1.0
18,acetone_hl_gap_eV,76,1.0,0.0,0.7093693535109511,0.7093693535109511,,,,1.0
18,acetone_hl_gap_eV,77,1.0,0.0,0.7093693535109511,0.7093693535109511,,,,1.0
18,acetone_hl_gap_eV,78,1.0,0.0,0.7093693535109511,0.7093693535109511,,,,1.0
18,acetone_hl_gap_eV,79,1.0,0.0,0.7093693535109511,0.7093693535109511,,,,1.0
18,acetone_hl_gap_eV,80,1.0,0.0,0.7093693535109511,0.7093693535109511,,,,1.0
18,acetone_hl_gap_eV,81,1.0,0.0,0.7093693535109511,0.7093693535109511,,,,1.0
18,acetone_hl_gap_eV,82,1.0,0.0,0.7093693535109511,0.7093693535109511,,,,1.0
18,acetone_hl_gap_eV,83,1.0,0.0,0.7093693535109511,0.7093693535109511,,,,1.0
18,acetone_hl_gap_eV,84,1.0,0.0,0.7093693535109511,0.7093693535109511,,,,1.0
18,acetone_hl_gap_eV,85,1.0,0.0,0.7093693535109511,0.7093693535109511,,,,1.0
18,acetone_hl_gap_eV,86,1.0,0.0,0.7093693535109511,0.7093693535109511,,,,1.0
18,acetone_hl_gap_eV,87,1.0,0.0,0.7093693535109511,0.7093693535109511,,,,1.0
18,acetone_hl_gap_eV,88,1.0,0.0,0.7093693535109511,0.7093693535109511,,,,1.0
18,acetone_hl_gap_eV,89,1.0,0.0,0.7093693535109511,0.7093693535109511,,,,1.0
18,acetone_hl_gap_eV,90,1.0,0.0,0.7093693535109511,0.7093693535109511,,,,1.0
18,acetone_hl_gap_eV,91,1.0,0.0,0.7093693535109511,0.7093693535109511,,,,1.0
18,acetone_hl_gap_eV,92,1.0,0.0,0.7093693535109511,0.7093693535109511,,,,1.0
18,acetone_hl_gap_eV,93,1.0,0.0,0.7093693535109511,0.7093693535109511,,,,1.0
18,acetone_hl_gap_eV,94,1.0,0.0,0.7093693535109511,0.7093693535109511,,,,1.0
18,acetone_hl_gap_eV,95,1.0,0.0,0.7093693535109511,0.7093693535109511,,,,1.0
18,acetone_hl_gap_eV,96,1.0,0.0,0.7093693535109511,0.7093693535109511,,,,1.0
18,acetone_hl_gap_eV,97,1.0,0.0,0.7093693535109511,0.7093693535109511,,,,1.0
18,acetone_hl_gap_eV,98,1.0,0.0,0.7093693535109511,0.7093693535109511,,,,1.0
18,acetone_hl_gap_eV,99,1.0,0.0,0.7093693535109511,0.7093693535109511,,,,1.0
18,acetone_hl_gap_eV,100,1.0,0.0,0.7093693535109511,0.7093693535109511,,,,1.0
18,acetone_hl_gap_eV,101,1.0,0.0,0.7093693535109511,0.7093693535109511,,,,1.0
18,acetone_hl_gap_eV,102,1.0,0.0,0.7093693535109511,0.7093693535109511,,,,1.0
18,acetone_hl_gap_eV,103,1.0,0.0,0.7093693535109511,0.7093693535109511,,,,1.0
18,acetone_hl_gap_eV,104,1.0,0.0,0.7093693535109511,0.7093693535109511,,,,1.0
18,acetone_hl_gap_eV,105,1.0,0.0,0.7093693535109511,0.7093693535109511,,,,1.0
18,acetone_hl_gap_eV,106,1.0,0.0,0.7093693535109511,0.7093693535109511,,,,1.0
18,acetone_hl_gap_eV,107,1.0,0.0,0.7093693535109511,0.7093693535109511,,,,1.0
18,acetone_hl_gap_eV,108,1.0,0.0,0.7093693535109511,0.7093693535109511,,,,1.0
18,acetone_hl_gap_eV,109,1.0,0.0,0.7093693535109511,0.7093693535109511,,,,1.0
18,acetone_hl_gap_eV,110,1.0,0.0,0.7093693535109511,0.7093693535109511,,,,1.0
18,acetone_hl_gap_eV,111,1.0,0.0,0.7093693535109511,0.7093693535109511,,,,1.0
18,acetone_hl_gap_eV,112,1.0,0.0,0.7093693535109511,0.7093693535109511,,,,1.0
18,acetone_hl_gap_eV,113,1.0,0.0,0.7093693535109511,0.7093693535109511,,,,1.0
18,acetone_hl_gap_eV,114,1.0,0.0,0.7093693535109511,0.7093693535109511,,,,1.0
18,acetone_hl_gap_eV,115,1.0,0.0,0.7093693535109511,0.7093693535109511,,,,1.0
18,acetone_hl_gap_eV,116,1.0,0.0,0.7093693535109511,0.7093693535109511,,,,1.0
18,acetone_hl_gap_eV,117,1.0,0.0,0.7093693535109511,0.7093693535109511,,,,1.0
18,acetone_hl_gap_eV,118,1.0,0.0,0.7093693535109511,0.7093693535109511,,,,1.0
18,acetone_hl_gap_eV,119,1.0,0.0,0.7093693535109511,0.7093693535109511,,,,1.0
18,acetone_hl_gap_eV,120,1.0,0.0,0.7093693535109511,0.7093693535109511,,,,1.0
18,acetone_hl_gap_eV,121,1.0,0.0,0.7093693535109511,0.7093693535109511,,,,1.0
18,acetone_hl_gap_eV,122,1.0,0.0,0.7093693535109511,0.7093693535109511,,,,1.0
18,acetone_hl_gap_eV,123,1.0,0.0,0.7093693535109511,0.7093693535109511,,,,1.0
18,acetone_hl_gap_eV,124,1.0,0.0,0.7093693535109511,0.7093693535109511,,,,1.0
18,acetone_hl_gap_eV,125,1.0,0.0,0.7093693535109511,0.7093693535109511,,,,1.0
18,acetone_hl_gap_eV,126,1.0,0.0,0.7093693535109511,0.7093693535109511,,,,1.0
18,acetone_hl_gap_eV,127,1.0,0.0,0.7093693535109511,0.7093693535109511,,,,1.0
18,acetone_hl_gap_eV,128,1.0,0.0,0.7093693535109511,0.7093693535109511,,,,1.0
18,acetone_hl_gap_eV,129,1.0,0.0,0.7093693535109511,0.7093693535109511,,,,1.0
18,acetone_hl_gap_eV,130,1.0,0.0,0.7093693535109511,0.7093693535109511,,,,1.0
18,acetone_hl_gap_eV,131,1.0,0.0,0.7093693535109511,0.7093693535109511,,,,1.0
18,acetone_hl_gap_eV,132,1.0,0.0,0.7093693535109511,0.7093693535109511,,,,1.0
18,acetone_hl_gap_eV,133,1.0,0.0,0.7093693535109511,0.7093693535109511,,,,1.0
18,acetone_hl_gap_eV,134,1.0,0.0,0.7093693535109511,0.7093693535109511,,,,1.0
18,acetone_hl_gap_eV,135,1.0,0.0,0.7093693535109511,0.7093693535109511,,,,1.0
18,acetone_hl_gap_eV,136,1.0,0.0,0.7093693535109511,0.7093693535109511,,,,1.0
18,acetone_hl_gap_eV,137,1.0,0.0,0.7093693535109511,0.7093693535109511,,,,1.0
18,acetone_hl_gap_eV,138,1.0,0.0,0.7093693535109511,0.7093693535109511,,,,1.0
18,acetone_hl_gap_eV,139,1.0,0.0,0.7093693535109511,0.7093693535109511,,,,1.0
18,acetone_hl_gap_eV,140,1.0,0.0,0.7093693535109511,0.7093693535109511,,,,1.0
18,acetone_hl_gap_eV,141,1.0,0.0,0.7093693535109511,0.7093693535109511,,,,1.0
18,acetone_hl_gap_eV,142,1.0,0.0,0.7093693535109511,0.7093693535109511,,,,1.0
18,acetone_hl_gap_eV,143,1.0,0.0,0.7093693535109511,0.7093693535109511,,,,1.0
18,acetone_hl_gap_eV,144,1.0,0.0,0.7093693535109511,0.7093693535109511,,,,1.0
18,acetone_hl_gap_eV,145,1.0,0.0,0.7093693535109511,0.7093693535109511,,,,1.0
18,acetone_hl_gap_eV,146,1.0,0.0,0.7093693535109511,0.7093693535109511,,,,1.0
18,acetone_hl_gap_eV,147,1.0,0.0,0.7093693535109511,0.7093693535109511,,,,1.0
18,acetone_hl_gap_eV,148,1.0,0.0,0.7093693535109511,0.7093693535109511,,,,1.0
18,acetone_hl_gap_eV,149,1.0,0.0,0.7093693535109511,0.7093693535109511,,,,1.0
18,acetone_hl_gap_eV,150,1.0,0.0,0.7093693535109511,0.7093693535109511,,,,1.0
18,acetone_hl_gap_eV,151,1.0,0.0,0.7093693535109511,0.7093693535109511,,,,1.0
18,acetone_hl_gap_eV,152,1.0,0.0,0.7093693535109511,0.7093693535109511,,,,1.0
18,acetone_hl_gap_eV,153,1.0,0.0,0.7093693535109511,0.7093693535109511,,,,1.0
18,acetone_hl_gap_eV,154,1.0,0.0,0.7093693535109511,0.7093693535109511,,,,1.0
18,acetone_hl_gap_eV,155,1.0,0.0,0.7093693535109511,0.7093693535109511,,,,1.0
18,acetone_hl_gap_eV,156,1.0,0.0,0.7093693535109511,0.7093693535109511,,,,1.0
18,acetone_hl_gap_eV,157,1.0,0.0,0.7093693535109511,0.7093693535109511,,,,1.0
18,acetone_hl_gap_eV,158,1.0,0.0,0.7093693535109511,0.7093693535109511,,,,1.0
18,acetone_hl_gap_eV,159,1.0,0.0,0.7093693535109511,0.7093693535109511,,,,1.0
18,acetone_hl_gap_eV,160,1.0,0.0,0.7093693535109511,0.7093693535109511,,,,1.0
18,acetone_hl_gap_eV,161,1.0,0.0,0.7093693535109511,0.7093693535109511,,,,1.0
18,acetone_hl_gap_eV,162,1.0,0.0,0.7093693535109511,0.7093693535109511,,,,1.0
18,acetone_hl_gap_eV,163,1.0,0.0,0.7093693535109511,0.7093693535109511,,,,1.0
18,acetone_hl_gap_eV,164,1.0,0.0,0.7093693535109511,0.7093693535109511,,,,1.0
18,acetone_hl_gap_eV,165,1.0,0.0,0.7093693535109511,0.7093693535109511,,,,1.0
18,acetone_hl_gap_eV,166,1.0,0.0,0.7093693535109511,0.7093693535109511,,,,1.0
18,acetone_hl_gap_eV,167,1.0,0.0,0.7093693535109511,0.7093693535109511,,,,1.0
18,acetone_hl_gap_eV,168,1.0,0.0,0.7093693535109511,0.7093693535109511,,,,1.0
18,acetone_hl_gap_eV,169,1.0,0.0,0.7093693535109511,0.7093693535109511,,,,1.0
18,acetone_hl_gap_eV,170,1.0,0.0,0.7093693535109511,0.7093693535109511,,,,1.0
18,acetone_hl_gap_eV,171,1.0,0.0,0.7093693535109511,0.7093693535109511,,,,1.0
18,acetone_hl_gap_eV,172,1.0,0.0,0.7093693535109511,0.7093693535109511,,,,1.0
18,acetone_hl_gap_eV,173,1.0,0.0,0.7093693535109511,0.7093693535109511,,,,1.0
18,acetone_hl_gap_eV,174,1.0,0.0,0.7093693535109511,0.7093693535109511,,,,1.0
18,acetone_hl_gap_eV,175,1.0,0.0,0.7093693535109511,0.7093693535109511,,,,1.0
18,acetone_hl_gap_eV,176,1.0,0.0,0.7093693535109511,0.7093693535109511,,,,1.0
18,acetone_hl_gap_eV,177,1.0,0.0,0.7093693535109511,0.7093693535109511,,,,1.0
18,acetone_hl_gap_eV,178,1.0,0.0,0.7093693535109511,0.7093693535109511,,,,1.0
18,acetone_hl_gap_eV,179,1.0,0.0,0.7093693535109511,0.7093693535109511,,,,1.0
18,acetone_hl_gap_eV,180,1.0,0.0,0.7093693535109511,0.7093693535109511,,,,1.0
18,acetone_hl_gap_eV,181,1.0,0.0,0.7093693535109511,0.7093693535109511,,,,1.0
18,acetone_hl_gap_eV,182,1.0,0.0,0.7093693535109511,0.7093693535109511,,,,1.0
18,acetone_hl_gap_eV,183,1.0,0.0,0.7093693535109511,0.7093693535109511,,,,1.0
18,acetone_hl_gap_eV,184,1.0,0.0,0.7093693535109511,0.7093693535109511,,,,1.0
18,acetone_hl_gap_eV,185,1.0,0.0,0.7093693535109511,0.7093693535109511,,,,1.0
18,acetone_hl_gap_eV,186,1.0,0.0,0.7093693535109511,0.7093693535109511,,,,1.0
18,acetone_hl_gap_eV,187,1.0,0.0,0.7093693535109511,0.7093693535109511,,,,1.0
18,acetone_hl_gap_eV,188,1.0,0.0,0.7093693535109511,0.7093693535109511,,,,1.0
18,acetone_hl_gap_eV,189,1.0,0.0,0.7093693535109511,0.7093693535109511,,,,1.0
18,acetone_hl_gap_eV,190,1.0,0.0,0.7093693535109511,0.7093693535109511,,,,1.0
18,acetone_hl_gap_eV,191,1.0,0.0,0.7093693535109511,0.7093693535109511,,,,1.0
18,acetone_hl_gap_eV,192,1.0,0.0,0.7093693535109511,0.7093693535109511,,,,1.0
18,acetone_hl_gap_eV,193,1.0,0.0,0.7093693535109511,0.7093693535109511,,,,1.0
18,acetone_hl_gap_eV,194,1.0,0.0,0.7093693535109511,0.7093693535109511,,,,1.0
18,acetone_hl_gap_eV,195,1.0,0.0,0.7093693535109511,0.7093693535109511,,,,1.0
18,acetone_hl_gap_eV,196,1.0,0.0,0.7093693535109511,0.7093693535109511,,,,1.0
18,acetone_hl_gap_eV,197,1.0,0.0,0.7093693535109511,0.7093693535109511,,,,1.0
18,acetone_hl_gap_eV,198,1.0,0.0,0.7093693535109511,0.7093693535109511,,,,1.0
18,acetone_hl_gap_eV,199,1.0,0.0,0.7093693535109511,0.7093693535109511,,,,1.0
18,acetone_hl_gap_eV,200,1.0,0.0,0.7093693535109511,0.7093693535109511,,,,1.0
18,acetone_hl_gap_eV,201,1.0,0.0,0.7093693535109511,0.7093693535109511,,,,1.0
18,acetone_hl_gap_eV,202,1.0,0.0,0.7093693535109511,0.7093693535109511,,,,1.0
18,acetone_hl_gap_eV,203,1.0,0.0,0.7093693535109511,0.7093693535109511,,,,1.0
18,acetone_hl_gap_eV,204,1.0,0.0,0.7093693535109511,0.7093693535109511,,,,1.0
18,acetone_hl_gap_eV,205,1.0,0.0,0.7093693535109511,0.7093693535109511,,,,1.0
18,acetone_hl_gap_eV,206,1.0,0.0,0.7093693535109511,0.7093693535109511,,,,1.0
18,acetone_hl_gap_eV,207,1.0,0.0,0.7093693535109511,0.7093693535109511,,,,1.0
18,acetone_hl_gap_eV,208,1.0,0.0,0.7093693535109511,0.7093693535109511,,,,1.0
18,acetone_hl_gap_eV,209,1.0,0.0,0.7093693535109511,0.7093693535109511,,,,1.0
18,acetone_hl_gap_eV,210,1.0,0.0,0.7093693535109511,0.7093693535109511,,,,1.0
18,acetone_hl_gap_eV,211,1.0,0.0,0.7093693535109511,0.7093693535109511,,,,1.0
18,acetone_hl_gap_eV,212,1.0,0.0,0.7093693535109511,0.7093693535109511,,,,1.0
18,acetone_hl_gap_eV,213,1.0,0.0,0.7093693535109511,0.7093693535109511,,,,1.0
18,acetone_hl_gap_eV,214,1.0,0.0,0.7093693535109511,0.7093693535109511,,,,1.0
18,acetone_hl_gap_eV,215,1.0,0.0,0.7093693535109511,0.7093693535109511,,,,1.0
18,acetone_hl_gap_eV,216,1.0,0.0,0.7093693535109511,0.7093693535109511,,,,1.0
18,acetone_hl_gap_eV,217,1.0,0.0,0.7093693535109511,0.7093693535109511,,,,1.0
18,acetone_hl_gap_eV,218,1.0,0.0,0.7093693535109511,0.7093693535109511,,,,1.0
18,acetone_hl_gap_eV,219,1.0,0.0,0.7093693535109511,0.7093693535109511,,,,1.0
18,acetone_hl_gap_eV,220,1.0,0.0,0.7093693535109511,0.7093693535109511,,,,1.0
18,acetone_hl_gap_eV,221,1.0,0.0,0.7093693535109511,0.7093693535109511,,,,1.0
18,acetone_hl_gap_eV,222,1.0,0.0,0.7093693535109511,0.7093693535109511,,,,1.0
18,acetone_hl_gap_eV,223,1.0,0.0,0.7093693535109511,0.7093693535109511,,,,1.0
18,acetone_hl_gap_eV,224,1.0,0.0,0.7093693535109511,0.7093693535109511,,,,1.0
18,acetone_hl_gap_eV,225,1.0,0.0,0.7093693535109511,0.7093693535109511,,,,1.0
18,acetone_hl_gap_eV,226,1.0,0.0,0.7093693535109511,0.7093693535109511,,,,1.0
18,acetone_hl_gap_eV,227,1.0,0.0,0.7093693535109511,0.7093693535109511,,,,1.0
18,acetone_hl_gap_eV,228,1.0,0.0,0.7093693535109511,0.7093693535109511,,,,1.0
18,acetone_hl_gap_eV,229,1.0,0.0,0.7093693535109511,0.7093693535109511,,,,1.0
18,acetone_hl_gap_eV,230,1.0,0.0,0.7093693535109511,0.7093693535109511,,,,1.0
18,acetone_hl_gap_eV,231,1.0,0.0,0.7093693535109511,0.7093693535109511,,,,1.0
18,acetone_hl_gap_eV,232,1.0,0.0,0.7093693535109511,0.7093693535109511,,,,1.0
18,acetone_hl_gap_eV,233,1.0,0.0,0.7093693535109511,0.7093693535109511,,,,1.0
18,acetone_hl_gap_eV,234,1.0,0.0,0.7093693535109511,0.7093693535109511,,,,1.0
18,acetone_hl_gap_eV,235,1.0,0.0,0.7093693535109511,0.7093693535109511,,,,1.0
18,acetone_hl_gap_eV,236,1.0,0.0,0.7093693535109511,0.7093693535109511,,,,1.0
18,acetone_hl_gap_eV,237,1.0,0.0,0.7093693535109511,0.7093693535109511,,,,1.0
18,acetone_hl_gap_eV,238,1.0,0.0,0.7093693535109511,0.7093693535109511,,,,1.0
18,acetone_hl_gap_eV,239,1.0,0.0,0.7093693535109511,0.7093693535109511,,,,1.0
18,acetone_hl_gap_eV,240,1.0,0.0,0.7093693535109511,0.7093693535109511,,,,1.0
18,acetone_hl_gap_eV,241,1.0,0.0,0.7093693535109511,0.7093693535109511,,,,1.0
18,acetone_hl_gap_eV,242,1.0,0.0,0.7093693535109511,0.7093693535109511,,,,1.0
18,acetone_hl_gap_eV,243,1.0,0.0,0.7093693535109511,0.7093693535109511,,,,1.0
18,acetone_hl_gap_eV,244,1.0,0.0,0.7093693535109511,0.7093693535109511,,,,1.0
18,acetone_hl_gap_eV,245,1.0,0.0,0.7093693535109511,0.7093693535109511,,,,1.0
18,acetone_hl_gap_eV,246,1.0,0.0,0.7093693535109511,0.7093693535109511,,,,1.0
18,acetone_hl_gap_eV,247,1.0,0.0,0.7093693535109511,0.7093693535109511,,,,1.0
18,acetone_hl_gap_eV,248,1.0,0.0,0.7093693535109511,0.7093693535109511,,,,1.0
18,acetone_hl_gap_eV,249,1.0,0.0,0.7093693535109511,0.7093693535109511,,,,1.0
18,acetone_dipole,0,1.0,0.0,0.6164821933049596,0.6164821933049596,,,,1.0
18,acetone_dipole,1,1.0,0.0,0.6164821933049596,0.6164821933049596,,,,1.0
18,acetone_dipole,2,1.0,0.0,0.6164821933049596,0.6164821933049596,,,,1.0
18,acetone_dipole,3,1.0,0.0,0.6164821933049596,0.6164821933049596,,,,1.0
18,acetone_dipole,4,1.0,0.0,0.6164821933049596,0.6164821933049596,,,,1.0
18,acetone_dipole,5,1.0,0.0,0.6164821933049596,0.6164821933049596,,,,1.0
18,acetone_dipole,6,1.0,0.0,0.6164821933049596,0.6164821933049596,,,,1.0
18,acetone_dipole,7,1.0,0.0,0.6164821933049596,0.6164821933049596,,,,1.0
18,acetone_dipole,8,1.0,0.0,0.6164821933049596,0.6164821933049596,,,,1.0
18,acetone_dipole,9,1.0,0.0,0.6164821933049596,0.6164821933049596,,,,1.0
18,acetone_dipole,10,1.0,0.0,0.6164821933049596,0.6164821933049596,,,,1.0
18,acetone_dipole,11,1.0,0.0,0.6164821933049596,0.6164821933049596,,,,1.0
18,acetone_dipole,12,1.0,0.0,0.6164821933049596,0.6164821933049596,,,,1.0
18,acetone_dipole,13,1.0,0.0,0.6164821933049596,0.6164821933049596,,,,1.0
18,acetone_dipole,14,1.0,0.0,0.6164821933049596,0.6164821933049596,,,,1.0
18,acetone_dipole,15,1.0,0.0,0.6164821933049596,0.6164821933049596,,,,1.0
18,acetone_dipole,16,1.0,0.0,0.6164821933049596,0.6164821933049596,,,,1.0
18,acetone_dipole,17,1.0,0.0,0.6164821933049596,0.6164821933049596,,,,1.0
18,acetone_dipole,18,1.0,0.0,0.6164821933049596,0.6164821933049596,,,,1.0
18,acetone_dipole,19,1.0,0.0,0.6164821933049596,0.6164821933049596,,,,1.0
18,acetone_dipole,20,1.0,0.0,0.6164821933049596,0.6164821933049596,,,,1.0
18,acetone_dipole,21,1.0,0.0,0.6164821933049596,0.6164821933049596,,,,1.0
18,acetone_dipole,22,1.0,0.0,0.6164821933049596,0.6164821933049596,,,,1.0
18,acetone_dipole,23,1.0,0.0,0.6164821933049596,0.6164821933049596,,,,1.0
18,acetone_dipole,24,1.0,0.0,0.6164821933049596,0.6164821933049596,,,,1.0
18,acetone_dipole,25,1.0,0.0,0.6164821933049596,0.6164821933049596,,,,1.0
18,acetone_dipole,26,1.0,0.0,0.6164821933049596,0.6164821933049596,,,,1.0
18,acetone_dipole,27,1.0,0.0,0.6164821933049596,0.6164821933049596,,,,1.0
18,acetone_dipole,28,1.0,0.0,0.6164821933049596,0.6164821933049596,,,,1.0
18,acetone_dipole,29,1.0,0.0,0.6164821933049596,0.6164821933049596,,,,1.0
18,acetone_dipole,30,1.0,0.0,0.6164821933049596,0.6164821933049596,,,,1.0
18,acetone_dipole,31,1.0,0.0,0.6164821933049596,0.6164821933049596,,,,1.0
18,acetone_dipole,32,1.0,0.0,0.6164821933049596,0.6164821933049596,,,,1.0
18,acetone_dipole,33,1.0,0.0,0.6164821933049596,0.6164821933049596,,,,1.0
18,acetone_dipole,34,1.0,0.0,0.6164821933049596,0.6164821933049596,,,,1.0
18,acetone_dipole,35,1.0,0.0,0.6164821933049596,0.6164821933049596,,,,1.0
18,acetone_dipole,36,1.0,0.0,0.6164821933049596,0.6164821933049596,,,,1.0
18,acetone_dipole,37,1.0,0.0,0.6164821933049596,0.6164821933049596,,,,1.0
18,acetone_dipole,38,1.0,0.0,0.6164821933049596,0.6164821933049596,,,,1.0
18,acetone_dipole,39,1.0,0.0,0.6164821933049596,0.6164821933049596,,,,1.0
18,acetone_dipole,40,1.0,0.0,0.6164821933049596,0.6164821933049596,,,,1.0
18,acetone_dipole,41,1.0,0.0,0.6164821933049596,0.6164821933049596,,,,1.0
18,acetone_dipole,42,1.0,0.0,0.6164821933049596,0.6164821933049596,,,,1.0
18,acetone_dipole,43,1.0,0.0,0.6164821933049596,0.6164821933049596,,,,1.0
18,acetone_dipole,44,1.0,0.0,0.6164821933049596,0.6164821933049596,,,,1.0
18,acetone_dipole,45,1.0,0.0,0.6164821933049596,0.6164821933049596,,,,1.0
18,acetone_dipole,46,1.0,0.0,0.6164821933049596,0.6164821933049596,,,,1.0
18,acetone_dipole,47,1.0,0.0,0.6164821933049596,0.6164821933049596,,,,1.0
18,acetone_dipole,48,1.0,0.0,0.6164821933049596,0.6164821933049596,,,,1.0
18,acetone_dipole,49,1.0,0.0,0.6164821933049596,0.6164821933049596,,,,1.0
18,acetone_dipole,50,1.0,0.0,0.6164821933049596,0.6164821933049596,,,,1.0
18,acetone_dipole,51,1.0,0.0,0.6164821933049596,0.6164821933049596,,,,1.0
18,acetone_dipole,52,1.0,0.0,0.6164821933049596,0.6164821933049596,,,,1.0
18,acetone_dipole,53,1.0,0.0,0.6164821933049596,0.6164821933049596,,,,1.0
18,acetone_dipole,54,1.0,0.0,0.6164821933049596,0.6164821933049596,,,,1.0
18,acetone_dipole,55,1.0,0.0,0.6164821933049596,0.6164821933049596,,,,1.0
18,acetone_dipole,56,1.0,0.0,0.6164821933049596,0.6164821933049596,,,,1.0
18,acetone_dipole,57,1.0,0.0,0.6164821933049596,0.6164821933049596,,,,1.0
18,acetone_dipole,58,1.0,0.0,0.6164821933049596,0.6164821933049596,,,,1.0
18,acetone_dipole,59,1.0,0.0,0.6164821933049596,0.6164821933049596,,,,1.0
18,acetone_dipole,60,1.0,0.0,0.6164821933049596,0.6164821933049596,,,,1.0
18,acetone_dipole,61,1.0,0.0,0.6164821933049596,0.6164821933049596,,,,1.0
18,acetone_dipole,62,1.0,0.0,0.6164821933049596,0.6164821933049596,,,,1.0
18,acetone_dipole,63,1.0,0.0,0.6164821933049596,0.6164821933049596,,,,1.0
18,acetone_dipole,64,1.0,0.0,0.6164821933049596,0.6164821933049596,,,,1.0
18,acetone_dipole,65,1.0,0.0,0.6164821933049596,0.6164821933049596,,,,1.0
18,acetone_dipole,66,1.0,0.0,0.6164821933049596,0.6164821933049596,,,,1.0
18,acetone_dipole,67,1.0,0.0,0.6164821933049596,0.6164821933049596,,,,1.0
18,acetone_dipole,68,1.0,0.0,0.6164821933049596,0.6164821933049596,,,,1.0
18,acetone_dipole,69,1.0,0.0,0.6164821933049596,0.6164821933049596,,,,1.0
18,acetone_dipole,70,1.0,0.0,0.6164821933049596,0.6164821933049596,,,,1.0
18,acetone_dipole,71,1.0,0.0,0.6164821933049596,0.6164821933049596,,,,1.0
18,acetone_dipole,72,1.0,0.0,0.6164821933049596,0.6164821933049596,,,,1.0
18,acetone_dipole,73,1.0,0.0,0.6164821933049596,0.6164821933049596,,,,1.0
18,acetone_dipole,74,1.0,0.0,0.6164821933049596,0.6164821933049596,,,,1.0
18,acetone_dipole,75,1.0,0.0,0.6164821933049596,0.6164821933049596,,,,1.0
18,acetone_dipole,76,1.0,0.0,0.6164821933049596,0.6164821933049596,,,,1.0
18,acetone_dipole,77,1.0,0.0,0.6164821933049596,0.6164821933049596,,,,1.0
18,acetone_dipole,78,1.0,0.0,0.6164821933049596,0.6164821933049596,,,,1.0
18,acetone_dipole,79,1.0,0.0,0.6164821933049596,0.6164821933049596,,,,1.0
18,acetone_dipole,80,1.0,0.0,0.6164821933049596,0.6164821933049596,,,,1.0
18,acetone_dipole,81,1.0,0.0,0.6164821933049596,0.6164821933049596,,,,1.0
18,acetone_dipole,82,1.0,0.0,0.6164821933049596,0.6164821933049596,,,,1.0
18,acetone_dipole,83,1.0,0.0,0.6164821933049596,0.6164821933049596,,,,1.0
18,acetone_dipole,84,1.0,0.0,0.6164821933049596,0.6164821933049596,,,,1.0
18,acetone_dipole,85,1.0,0.0,0.6164821933049596,0.6164821933049596,,,,1.0
18,acetone_dipole,86,1.0,0.0,0.6164821933049596,0.6164821933049596,,,,1.0
18,acetone_dipole,87,1.0,0.0,0.6164821933049596,0.6164821933049596,,,,1.0
18,acetone_dipole,88,1.0,0.0,0.6164821933049596,0.6164821933049596,,,,1.0
18,acetone_dipole,89,1.0,0.0,0.6164821933049596,0.6164821933049596,,,,1.0
18,acetone_dipole,90,1.0,0.0,0.6164821933049596,0.6164821933049596,,,,1.0
18,acetone_dipole,91,1.0,0.0,0.6164821933049596,0.6164821933049596,,,,1.0
18,acetone_dipole,92,1.0,0.0,0.6164821933049596,0.6164821933049596,,,,1.0
18,acetone_dipole,93,1.0,0.0,0.6164821933049596,0.6164821933049596,,,,1.0
18,acetone_dipole,94,1.0,0.0,0.6164821933049596,0.6164821933049596,,,,1.0
18,acetone_dipole,95,1.0,0.0,0.6164821933049596,0.6164821933049596,,,,1.0
18,acetone_dipole,96,1.0,0.0,0.6164821933049596,0.6164821933049596,,,,1.0
18,acetone_dipole,97,1.0,0.0,0.6164821933049596,0.6164821933049596,,,,1.0
18,acetone_dipole,98,1.0,0.0,0.6164821933049596,0.6164821933049596,,,,1.0
18,acetone_dipole,99,1.0,0.0,0.6164821933049596,0.6164821933049596,,,,1.0
18,acetone_dipole,100,1.0,0.0,0.6164821933049596,0.6164821933049596,,,,1.0
18,acetone_dipole,101,1.0,0.0,0.6164821933049596,0.6164821933049596,,,,1.0
18,acetone_dipole,102,1.0,0.0,0.6164821933049596,0.6164821933049596,,,,1.0
18,acetone_dipole,103,1.0,0.0,0.6164821933049596,0.6164821933049596,,,,1.0
18,acetone_dipole,104,1.0,0.0,0.6164821933049596,0.6164821933049596,,,,1.0
18,acetone_dipole,105,1.0,0.0,0.6164821933049596,0.6164821933049596,,,,1.0
18,acetone_dipole,106,1.0,0.0,0.6164821933049596,0.6164821933049596,,,,1.0
18,acetone_dipole,107,1.0,0.0,0.6164821933049596,0.6164821933049596,,,,1.0
18,acetone_dipole,108,1.0,0.0,0.6164821933049596,0.6164821933049596,,,,1.0
18,acetone_dipole,109,1.0,0.0,0.6164821933049596,0.6164821933049596,,,,1.0
18,acetone_dipole,110,1.0,0.0,0.6164821933049596,0.6164821933049596,,,,1.0
18,acetone_dipole,111,1.0,0.0,0.6164821933049596,0.6164821933049596,,,,1.0
18,acetone_dipole,112,1.0,0.0,0.6164821933049596,0.6164821933049596,,,,1.0
18,acetone_dipole,113,1.0,0.0,0.6164821933049596,0.6164821933049596,,,,1.0
18,acetone_dipole,114,1.0,0.0,0.6164821933049596,0.6164821933049596,,,,1.0
18,acetone_dipole,115,1.0,0.0,0.6164821933049596,0.6164821933049596,,,,1.0
18,acetone_dipole,116,1.0,0.0,0.6164821933049596,0.6164821933049596,,,,1.0
18,acetone_dipole,117,1.0,0.0,0.6164821933049596,0.6164821933049596,,,,1.0
18,acetone_dipole,118,1.0,0.0,0.6164821933049596,0.6164821933049596,,,,1.0
18,acetone_dipole,119,1.0,0.0,0.6164821933049596,0.6164821933049596,,,,1.0
18,acetone_dipole,120,1.0,0.0,0.6164821933049596,0.6164821933049596,,,,1.0
18,acetone_dipole,121,1.0,0.0,0.6164821933049596,0.6164821933049596,,,,1.0
18,acetone_dipole,122,1.0,0.0,0.6164821933049596,0.6164821933049596,,,,1.0
18,acetone_dipole,123,1.0,0.0,0.6164821933049596,0.6164821933049596,,,,1.0
18,acetone_dipole,124,1.0,0.0,0.6164821933049596,0.6164821933049596,,,,1.0
18,acetone_dipole,125,1.0,0.0,0.6164821933049596,0.6164821933049596,,,,1.0
18,acetone_dipole,126,1.0,0.0,0.6164821933049596,0.6164821933049596,,,,1.0
18,acetone_dipole,127,1.0,0.0,0.6164821933049596,0.6164821933049596,,,,1.0
18,acetone_dipole,128,1.0,0.0,0.6164821933049596,0.6164821933049596,,,,1.0
18,acetone_dipole,129,1.0,0.0,0.6164821933049596,0.6164821933049596,,,,1.0
18,acetone_dipole,130,1.0,0.0,0.6164821933049596,0.6164821933049596,,,,1.0
18,acetone_dipole,131,1.0,0.0,0.6164821933049596,0.6164821933049596,,,,1.0
18,acetone_dipole,132,1.0,0.0,0.6164821933049596,0.6164821933049596,,,,1.0
18,acetone_dipole,133,1.0,0.0,0.6164821933049596,0.6164821933049596,,,,1.0
18,acetone_dipole,134,1.0,0.0,0.6164821933049596,0.6164821933049596,,,,1.0
18,acetone_dipole,135,1.0,0.0,0.6164821933049596,0.6164821933049596,,,,1.0
18,acetone_dipole,136,1.0,0.0,0.6164821933049596,0.6164821933049596,,,,1.0
18,acetone_dipole,137,1.0,0.0,0.6164821933049596,0.6164821933049596,,,,1.0
18,acetone_dipole,138,1.0,0.0,0.6164821933049596,0.6164821933049596,,,,1.0
18,acetone_dipole,139,1.0,0.0,0.6164821933049596,0.6164821933049596,,,,1.0
18,acetone_dipole,140,1.0,0.0,0.6164821933049596,0.6164821933049596,,,,1.0
18,acetone_dipole,141,1.0,0.0,0.6164821933049596,0.6164821933049596,,,,1.0
18,acetone_dipole,142,1.0,0.0,0.6164821933049596,0.6164821933049596,,,,1.0
18,acetone_dipole,143,1.0,0.0,0.6164821933049596,0.6164821933049596,,,,1.0
18,acetone_dipole,144,1.0,0.0,0.6164821933049596,0.6164821933049596,,,,1.0
18,acetone_dipole,145,1.0,0.0,0.6164821933049596,0.6164821933049596,,,,1.0
18,acetone_dipole,146,1.0,0.0,0.6164821933049596,0.6164821933049596,,,,1.0
18,acetone_dipole,147,1.0,0.0,0.6164821933049596,0.6164821933049596,,,,1.0
18,acetone_dipole,148,1.0,0.0,0.6164821933049596,0.6164821933049596,,,,1.0
18,acetone_dipole,149,1.0,0.0,0.6164821933049596,0.6164821933049596,,,,1.0
18,acetone_dipole,150,1.0,0.0,0.6164821933049596,0.6164821933049596,,,,1.0
18,acetone_dipole,151,1.0,0.0,0.6164821933049596,0.6164821933049596,,,,1.0
18,acetone_dipole,152,1.0,0.0,0.6164821933049596,0.6164821933049596,,,,1.0
18,acetone_dipole,153,1.0,0.0,0.6164821933049596,0.6164821933049596,,,,1.0
18,acetone_dipole,154,1.0,0.0,0.6164821933049596,0.6164821933049596,,,,1.0
18,acetone_dipole,155,1.0,0.0,0.6164821933049596,0.6164821933049596,,,,1.0
18,acetone_dipole,156,1.0,0.0,0.6164821933049596,0.6164821933049596,,,,1.0
18,acetone_dipole,157,1.0,0.0,0.6164821933049596,0.6164821933049596,,,,1.0
18,acetone_dipole,158,1.0,0.0,0.6164821933049596,0.6164821933049596,,,,1.0
18,acetone_dipole,159,1.0,0.0,0.6164821933049596,0.6164821933049596,,,,1.0
18,acetone_dipole,160,1.0,0.0,0.6164821933049596,0.6164821933049596,,,,1.0
18,acetone_dipole,161,1.0,0.0,0.6164821933049596,0.6164821933049596,,,,1.0
18,acetone_dipole,162,1.0,0.0,0.6164821933049596,0.6164821933049596,,,,1.0
18,acetone_dipole,163,1.0,0.0,0.6164821933049596,0.6164821933049596,,,,1.0
18,acetone_dipole,164,1.0,0.0,0.6164821933049596,0.6164821933049596,,,,1.0
18,acetone_dipole,165,1.0,0.0,0.6164821933049596,0.6164821933049596,,,,1.0
18,acetone_dipole,166,1.0,0.0,0.6164821933049596,0.6164821933049596,,,,1.0
18,acetone_dipole,167,1.0,0.0,0.6164821933049596,0.6164821933049596,,,,1.0
18,acetone_dipole,168,1.0,0.0,0.6164821933049596,0.6164821933049596,,,,1.0
18,acetone_dipole,169,1.0,0.0,0.6164821933049596,0.6164821933049596,,,,1.0
18,acetone_dipole,170,1.0,0.0,0.6164821933049596,0.6164821933049596,,,,1.0
18,acetone_dipole,171,1.0,0.0,0.6164821933049596,0.6164821933049596,,,,1.0
18,acetone_dipole,172,1.0,0.0,0.6164821933049596,0.6164821933049596,,,,1.0
18,acetone_dipole,173,1.0,0.0,0.6164821933049596,0.6164821933049596,,,,1.0
18,acetone_dipole,174,1.0,0.0,0.6164821933049596,0.6164821933049596,,,,1.0
18,acetone_dipole,175,1.0,0.0,0.6164821933049596,0.6164821933049596,,,,1.0
18,acetone_dipole,176,1.0,0.0,0.6164821933049596,0.6164821933049596,,,,1.0
18,acetone_dipole,177,1.0,0.0,0.6164821933049596,0.6164821933049596,,,,1.0
18,acetone_dipole,178,1.0,0.0,0.6164821933049596,0.6164821933049596,,,,1.0
18,acetone_dipole,179,1.0,0.0,0.6164821933049596,0.6164821933049596,,,,1.0
18,acetone_dipole,180,1.0,0.0,0.6164821933049596,0.6164821933049596,,,,1.0
18,acetone_dipole,181,1.0,0.0,0.6164821933049596,0.6164821933049596,,,,1.0
18,acetone_dipole,182,1.0,0.0,0.6164821933049596,0.6164821933049596,,,,1.0
18,acetone_dipole,183,1.0,0.0,0.6164821933049596,0.6164821933049596,,,,1.0
18,acetone_dipole,184,1.0,0.0,0.6164821933049596,0.6164821933049596,,,,1.0
18,acetone_dipole,185,1.0,0.0,0.6164821933049596,0.6164821933049596,,,,1.0
18,acetone_dipole,186,1.0,0.0,0.6164821933049596,0.6164821933049596,,,,1.0
18,acetone_dipole,187,1.0,0.0,0.6164821933049596,0.6164821933049596,,,,1.0
18,acetone_dipole,188,1.0,0.0,0.6164821933049596,0.6164821933049596,,,,1.0
18,acetone_dipole,189,1.0,0.0,0.6164821933049596,0.6164821933049596,,,,1.0
18,acetone_dipole,190,1.0,0.0,0.6164821933049596,0.6164821933049596,,,,1.0
18,acetone_dipole,191,1.0,0.0,0.6164821933049596,0.6164821933049596,,,,1.0
18,acetone_dipole,192,1.0,0.0,0.6164821933049596,0.6164821933049596,,,,1.0
18,acetone_dipole,193,1.0,0.0,0.6164821933049596,0.6164821933049596,,,,1.0
18,acetone_dipole,194,1.0,0.0,0.6164821933049596,0.6164821933049596,,,,1.0
18,acetone_dipole,195,1.0,0.0,0.6164821933049596,0.6164821933049596,,,,1.0
18,acetone_dipole,196,1.0,0.0,0.6164821933049596,0.6164821933049596,,,,1.0
18,acetone_dipole,197,1.0,0.0,0.6164821933049596,0.6164821933049596,,,,1.0
18,acetone_dipole,198,1.0,0.0,0.6164821933049596,0.6164821933049596,,,,1.0
18,acetone_dipole,199,1.0,0.0,0.6164821933049596,0.6164821933049596,,,,1.0
18,acetone_dipole,200,1.0,0.0,0.6164821933049596,0.6164821933049596,,,,1.0
18,acetone_dipole,201,1.0,0.0,0.6164821933049596,0.6164821933049596,,,,1.0
18,acetone_dipole,202,1.0,0.0,0.6164821933049596,0.6164821933049596,,,,1.0
18,acetone_dipole,203,1.0,0.0,0.6164821933049596,0.6164821933049596,,,,1.0
18,acetone_dipole,204,1.0,0.0,0.6164821933049596,0.6164821933049596,,,,1.0
18,acetone_dipole,205,1.0,0.0,0.6164821933049596,0.6164821933049596,,,,1.0
18,acetone_dipole,206,1.0,0.0,0.6164821933049596,0.6164821933049596,,,,1.0
18,acetone_dipole,207,1.0,0.0,0.6164821933049596,0.6164821933049596,,,,1.0
18,acetone_dipole,208,1.0,0.0,0.6164821933049596,0.6164821933049596,,,,1.0
18,acetone_dipole,209,1.0,0.0,0.6164821933049596,0.6164821933049596,,,,1.0
18,acetone_dipole,210,1.0,0.0,0.6164821933049596,0.6164821933049596,,,,1.0
18,acetone_dipole,211,1.0,0.0,0.6164821933049596,0.6164821933049596,,,,1.0
18,acetone_dipole,212,1.0,0.0,0.6164821933049596,0.6164821933049596,,,,1.0
18,acetone_dipole,213,1.0,0.0,0.6164821933049596,0.6164821933049596,,,,1.0
18,acetone_dipole,214,1.0,0.0,0.6164821933049596,0.6164821933049596,,,,1.0
18,acetone_dipole,215,1.0,0.0,0.6164821933049596,0.6164821933049596,,,,1.0
18,acetone_dipole,216,1.0,0.0,0.6164821933049596,0.6164821933049596,,,,1.0
18,acetone_dipole,217,1.0,0.0,0.6164821933049596,0.6164821933049596,,,,1.0
18,acetone_dipole,218,1.0,0.0,0.6164821933049596,0.6164821933049596,,,,1.0
18,acetone_dipole,219,1.0,0.0,0.6164821933049596,0.6164821933049596,,,,1.0
18,acetone_dipole,220,1.0,0.0,0.6164821933049596,0.6164821933049596,,,,1.0
18,acetone_dipole,221,1.0,0.0,0.6164821933049596,0.6164821933049596,,,,1.0
18,acetone_dipole,222,1.0,0.0,0.6164821933049596,0.6164821933049596,,,,1.0
18,acetone_dipole,223,1.0,0.0,0.6164821933049596,0.6164821933049596,,,,1.0
18,acetone_dipole,224,1.0,0.0,0.6164821933049596,0.6164821933049596,,,,1.0
18,acetone_dipole,225,1.0,0.0,0.6164821933049596,0.6164821933049596,,,,1.0
18,acetone_dipole,226,1.0,0.0,0.6164821933049596,0.6164821933049596,,,,1.0
18,acetone_dipole,227,1.0,0.0,0.6164821933049596,0.6164821933049596,,,,1.0
18,acetone_dipole,228,1.0,0.0,0.6164821933049596,0.6164821933049596,,,,1.0
18,acetone_dipole,229,1.0,0.0,0.6164821933049596,0.6164821933049596,,,,1.0
18,acetone_dipole,230,1.0,0.0,0.6164821933049596,0.6164821933049596,,,,1.0
18,acetone_dipole,231,1.0,0.0,0.6164821933049596,0.6164821933049596,,,,1.0
18,acetone_dipole,232,1.0,0.0,0.6164821933049596,0.6164821933049596,,,,1.0
18,acetone_dipole,233,1.0,0.0,0.6164821933049596,0.6164821933049596,,,,1.0
18,acetone_dipole,234,1.0,0.0,0.6164821933049596,0.6164821933049596,,,,1.0
18,acetone_dipole,235,1.0,0.0,0.6164821933049596,0.6164821933049596,,,,1.0
18,acetone_dipole,236,1.0,0.0,0.6164821933049596,0.6164821933049596,,,,1.0
18,acetone_dipole,237,1.0,0.0,0.6164821933049596,0.6164821933049596,,,,1.0
18,acetone_dipole,238,1.0,0.0,0.6164821933049596,0.6164821933049596,,,,1.0
18,acetone_dipole,239,1.0,0.0,0.6164821933049596,0.6164821933049596,,,,1.0
18,acetone_dipole,240,1.0,0.0,0.6164821933049596,0.6164821933049596,,,,1.0
18,acetone_dipole,241,1.0,0.0,0.6164821933049596,0.6164821933049596,,,,1.0
18,acetone_dipole,242,1.0,0.0,0.6164821933049596,0.6164821933049596,,,,1.0
18,acetone_dipole,243,1.0,0.0,0.6164821933049596,0.6164821933049596,,,,1.0
18,acetone_dipole,244,1.0,0.0,0.6164821933049596,0.6164821933049596,,,,1.0
18,acetone_dipole,245,1.0,0.0,0.6164821933049596,0.6164821933049596,,,,1.0
18,acetone_dipole,246,1.0,0.0,0.6164821933049596,0.6164821933049596,,,,1.0
18,acetone_dipole,247,1.0,0.0,0.6164821933049596,0.6164821933049596,,,,1.0
18,acetone_dipole,248,1.0,0.0,0.6164821933049596,0.6164821933049596,,,,1.0
18,acetone_dipole,249,1.0,0.0,0.6164821933049596,0.6164821933049596,,,,1.0
18,octanol_gsolv_eV,0,0.16215716302394867,0.040092162787914276,0.6395000421282502,0.9631812580773549,8.670732498168945,0.01715358905494213,0.0019783321718856587,0.14
18,octanol_gsolv_eV,1,0.24540582299232483,0.04363752156496048,0.6362835820347756,0.9648197139159862,9.305598258972168,0.09577839821577072,0.010292556754577726,0.28
18,octanol_gsolv_eV,2,0.11170303821563721,0.04924404248595238,0.6288792214090773,0.962755037926811,10.230386734008789,0.007111311890184879,0.0006951166241394184,0.16
18,octanol_gsolv_eV,3,0.44279077649116516,0.03651591017842293,0.641405350150926,0.9245011638132201,8.456578254699707,0.49779221415519714,0.058864495681637104,0.32
18,octanol_gsolv_eV,4,0.058184731751680374,0.03653069585561752,0.6341857044611958,0.9509125310212709,7.71022367477417,0.020207203924655914,0.002620832387881118,0.06
18,octanol_gsolv_eV,5,0.2968279719352722,0.041559670120477676,0.6379226159529445,0.9334647681906167,8.922429084777832,0.409515380859375,0.04589729735796179,0.3
18,octanol_gsolv_eV,6,0.0760430097579956,0.04286734387278557,0.6398719934925827,0.9740707791172061,9.189269065856934,0.008371899835765362,0.000911051768727881,0.06
18,octanol_gsolv_eV,7,0.20410127937793732,0.03907372057437897,0.6368804375251547,0.9103429141087431,8.416622161865234,0.432891309261322,0.05143290276504317,0.18
18,octanol_gsolv_eV,8,0.09436880797147751,0.014156864024698734,0.6527026281669488,0.9601376885026525,2.973409414291382,0.11454984545707703,0.03852474701482586,0.1
18,octanol_gsolv_eV,9,0.36776307225227356,0.03299006447196007,0.6459243118006626,0.9112143172117952,7.289952278137207,0.9089584946632385,0.12468648078660724,0.34
18,octanol_gsolv_eV,10,0.27752816677093506,0.013214386999607086,0.6523481412171996,0.9315374340542817,2.7544424533843994,0.4467293918132782,0.1621850517386483,0.18
18,octanol_gsolv_eV,11,0.5046462416648865,0.023772623389959335,0.662434268451288,0.9335881092904441,5.112720966339111,1.7164757251739502,0.3357264627729151,0.42
18,octanol_gsolv_eV,12,0.17234134674072266,0.02675933763384819,0.6495471400325026,0.9188405525496914,5.7238545417785645,0.4516209363937378,0.07890153970499159,0.1
18,octanol_gsolv_eV,13,0.10809311270713806,0.03836813569068909,0.6345405913804094,0.9241478138272643,8.182305335998535,0.4056377708911896,0.04957499802733617,0.16
18,octanol_gsolv_eV,14,0.1031254455447197,0.0463084913790226,0.6363662415568889,0.965963386590275,9.70185661315918,0.003983196336776018,0.0004105602149771398,0.12
18,octanol_gsolv_eV,15,0.06433023512363434,0.03501823544502258,0.6453313494895105,0.9762672819040481,7.5274810791015625,0.013918288052082062,0.0018489967501510174,0.1
18,octanol_gsolv_eV,16,0.1796800047159195,0.03284294530749321,0.647988320471609,0.9622905180118517,7.010927200317383,0.013592525385320187,0.001938762876428792,0.22
18,octanol_gsolv_eV,17,0.7868162393569946,0.018658781424164772,0.6913246620235212,0.9193387144429364,4.142812728881836,3.4314138889312744,0.8282811977015019,0.76
18,octanol_gsolv_eV,18,0.17072078585624695,0.03257547691464424,0.6389125853583362,0.9202277659752891,6.947900772094727,0.16334640979766846,0.02351018173053457,0.18
18,octanol_gsolv_eV,19,0.1791592240333557,0.01552567444741726,0.6531908176359593,0.9712928752218108,3.2906558513641357,0.10387083142995834,0.03156538882268678,0.12
18,octanol_gsolv_eV,20,0.0624765120446682,0.05724312737584114,0.6250427947219754,0.9539760125416372,11.879311561584473,0.03464796766638756,0.0029166646136660618,0.06
18,octanol_gsolv_eV,21,0.2169804871082306,0.041484177112579346,0.6422449661707854,0.9716210307124524,8.854039192199707,0.02039358764886856,0.00230330894252592,0.18
18,octanol_gsolv_eV,22,0.14321903884410858,0.01578225940465927,0.6510580176535132,0.9381496367406608,3.299380302429199,0.2030041366815567,0.06152795921467223,0.1
18,octanol_gsolv_eV,23,0.08366046845912933,0.047949690371751785,0.6360598507865873,0.9634152744323088,10.246087074279785,0.007774469442665577,0.0007587744849623053,0.06
18,octanol_gsolv_eV,24,0.42533594369888306,0.039650894701480865,0.6443235101058546,0.9288818657842579,8.70274543762207,1.3337244987487793,0.15325330475404608,0.34
18,octanol_gsolv_eV,25,0.2553481459617615,0.0057138740085065365,0.6536659102493534,0.9569744151715835,1.1436538696289062,0.1869315803050995,0.1634511850738154,0.1
18,octanol_gsolv_eV,26,0.18687386810779572,0.039506372064352036,0.6355092858831801,0.89707174177728,8.482556343078613,0.6162548661231995,0.07264966375685036,0.12
18,octanol_gsolv_eV,27,0.2247726023197174,0.03611024096608162,0.6418292251777746,0.9506240302355609,7.829774379730225,0.07267317175865173,0.009281643152679923,0.2
18,octanol_gsolv_eV,28,0.2346370667219162,0.012790125794708729,0.6534932711059969,0.970693188314639,2.7159245014190674,0.09599008411169052,0.035343428751990646,0.22
18,octanol_gsolv_eV,29,0.03298509120941162,0.02338121458888054,0.6452465675854246,0.952745976170777,5.04548454284668,0.011222964152693748,0.00222435804874386,0.02
18,octanol_gsolv_eV,30,0.23170016705989838,0.02689089998602867,0.6507826306888365,0.960368261414493,5.742695331573486,0.13489554822444916,0.023489936421106996,0.2
18,octanol_gsolv_eV,31,0.045696184039115906,0.04709722101688385,0.6356653204485143,0.9456813104769997,9.978387832641602,0.012649395503103733,0.0012676792799859564,0.04
18,octanol_gsolv_eV,32,0.16032318770885468,0.05106399580836296,0.6428234236594195,0.972123589306682,11.122954368591309,0.025732675567269325,0.002313474883969006,0.16
18,octanol_gsolv_eV,33,0.5282700657844543,0.03266238421201706,0.6595319497497487,0.9410182723417553,7.223608016967773,2.235367774963379,0.30945308351624967,0.56
18,octanol_gsolv_eV,34,0.27334338426589966,0.042142391204833984,0.6351471197977956,0.9227994077501727,9.064030647277832,0.384266197681427,0.042394626919849646,0.3
18,octanol_gsolv_eV,35,0.11366923898458481,0.04397144913673401,0.636787499701257,0.9229094740381858,9.54773235321045,0.3858892023563385,0.040416843296469475,0.06
18,octanol_gsolv_eV,36,0.19609512388706207,0.01453437376767397,0.6502445240640788,0.9316411432479104,3.007858991622925,0.34202802181243896,0.11371145481387537,0.14
18,octanol_gsolv_eV,37,0.32789504528045654,0.036954112350940704,0.6429070271797197,0.9522243422732852,8.08158016204834,0.4715234041213989,0.05834544664120335,0.26
18,octanol_gsolv_eV,38,0.18371377885341644,0.036635130643844604,0.6435469079396339,0.9565296497039972,7.948963642120361,0.08725384622812271,0.010976757493993019,0.14
18,octanol_gsolv_eV,39,0.17741411924362183,0.02353721112012863,0.6529714235162918,0.9686266148161256,5.029414176940918,0.0496976263821125,0.009881394658242384,0.18
18,octanol_gsolv_eV,40,0.26456329226493835,0.03739186003804207,0.6407681643177996,0.9384840436258897,8.12563705444336,0.21695546805858612,0.02670011798520436,0.24
18,octanol_gsolv_eV,41,0.48648738861083984,0.03125442564487457,0.6521673779538071,0.9144993759271014,6.828583240509033,0.944248616695404,0.13827884693472894,0.38
18,octanol_gsolv_eV,42,0.28204110264778137,0.02820764109492302,0.6444121015426449,0.9323339458503095,6.102588653564453,0.17471398413181305,0.028629487263534398,0.26
18,octanol_gsolv_eV,43,0.12885086238384247,0.012687201611697674,0.6524728674708509,0.9736567347886731,2.656799077987671,0.1003115177154541,0.03775653136383677,0.14
18,octanol_gsolv_eV,44,0.39486753940582275,0.01799018867313862,0.6503964703863756,0.9185819069499175,3.801344394683838,0.6006102561950684,0.15799943226270657,0.3
18,octanol_gsolv_eV,45,0.08196451514959335,0.04229358211159706,0.6385802906349745,0.9468814184691219,9.102846145629883,0.31405091285705566,0.03450029889913343,0.06
18,octanol_gsolv_eV,46,0.05512145161628723,0.03185965493321419,0.6414044377059649,0.95547574518729,6.848762035369873,0.010112716816365719,0.0014765758781133608,0.04
18,octanol_gsolv_eV,47,0.24653808772563934,0.02460821345448494,0.6549848567839267,0.8942077431832389,5.562999725341797,0.6432997584342957,0.11563900596719347,0.14
18,octanol_gsolv_eV,48,0.1821739375591278,0.023110995069146156,0.6448436008834504,0.9385453792575924,4.956355571746826,0.2003730833530426,0.040427503727789,0.08
18,octanol_gsolv_eV,49,0.05763081833720207,0.015484227798879147,0.6452923969893636,0.9431451072845047,3.2557828426361084,0.0400124192237854,0.012289646195011139,0.02
18,octanol_gsolv_eV,50,0.2888503670692444,0.025013890117406845,0.649809089648199,0.9324092421577961,5.361437797546387,0.27121496200561523,0.05058623679822123,0.28
18,octanol_gsolv_eV,51,0.19727343320846558,0.021628784015774727,0.6522009209011432,0.9786656463849834,4.586859703063965,0.11457959562540054,0.02497996517069463,0.18
18,octanol_gsolv_eV,52,0.15090525150299072,0.03744262084364891,0.6421514939776749,0.9760146554178188,8.076082229614258,0.007853856310248375,0.0009724834501373698,0.16
18,octanol_gsolv_eV,53,0.07272183150053024,0.04092442989349365,0.6389808057425059,0.9619213707765055,8.628920555114746,0.00761085469275713,0.0008820170082856814,0.04
18,octanol_gsolv_eV,54,0.1533481776714325,0.027980197221040726,0.6479327105975412,0.9429009047569883,5.960297107696533,0.11354485899209976,0.019050201179649125,0.1
18,octanol_gsolv_eV,55,0.15872636437416077,0.022905318066477776,0.649888214984164,0.95365450876815,4.856893062591553,0.14680717885494232,0.03022656191170258,0.12
18,octanol_gsolv_eV,56,0.13702863454818726,0.02360674738883972,0.6449342996984828,0.9602341416490832,5.064527988433838,0.05850715562701225,0.011552341256801917,0.12
18,octanol_gsolv_eV,57,0.2171844094991684,0.03216300532221794,0.6459783956046039,0.9556364888612787,6.969937801361084,0.3732815384864807,0.05355593537916315,0.14
18,octanol_gsolv_eV,58,0.14895890653133392,0.02646777592599392,0.6487256424050099,0.9660905278376792,5.658869743347168,0.027864566072821617,0.004924051504380447,0.18
18,octanol_gsolv_eV,59,0.22561807930469513,0.019765034317970276,0.6531181671255377,0.9788864777420838,4.208518028259277,0.08929981291294098,0.021218826274073743,0.24
18,octanol_gsolv_eV,60,0.12939882278442383,0.042749710381031036,0.6369074933540813,0.9539970815962193,9.064102172851562,0.04636716842651367,0.005115472833634948,0.14
18,octanol_gsolv_eV,61,0.143443763256073,0.031131243333220482,0.6431835780119779,0.9408705544658693,6.755340099334717,0.21498017013072968,0.03182373751277178,0.06
18,octanol_gsolv_eV,62,0.22600170969963074,0.04051457345485687,0.6374652928502764,0.9190808490614835,8.731417655944824,0.3822173476219177,0.04377494728610117,0.26
18,octanol_gsolv_eV,63,0.27779272198677063,0.051618363708257675,0.6291929977649309,0.9384875203469956,10.838702201843262,0.6349577903747559,0.05858245558834277,0.28
18,octanol_gsolv_eV,64,0.4147164821624756,0.03942564129829407,0.6399954562305052,0.9196291969708907,8.716689109802246,1.3070656061172485,0.14994977905629372,0.44
18,octanol_gsolv_eV,65,0.39936843514442444,0.031840674579143524,0.6455168012416492,0.927378488197012,7.0282487869262695,1.1587166786193848,0.16486563207250057,0.32
18,octanol_gsolv_eV,66,0.05569854751229286,0.03808894008398056,0.6432569555521812,0.9666408683445815,8.289285659790039,0.01001583132892847,0.00120828642418654,0.06
18,octanol_gsolv_eV,67,0.24495580792427063,0.02413446083664894,0.6524925173643927,0.9555694694089987,5.164885520935059,0.10633306950330734,0.020587691454593295,0.18
18,octanol_gsolv_eV,68,0.4249296486377716,0.018859120085835457,0.6596175689737636,0.9561485206379716,4.045835971832275,0.5874567627906799,0.14520034101249857,0.28
18,octanol_gsolv_eV,69,0.14829814434051514,0.02971459925174713,0.6407420004747062,0.9351261494875311,6.332866668701172,0.16124114394187927,0.02546100405662713,0.12
18,octanol_gsolv_eV,70,0.15836189687252045,0.05258509889245033,0.641731964562702,0.9677050721649778,11.364041328430176,0.11747478693723679,0.010337412857109408,0.08
18,octanol_gsolv_eV,71,0.24559183418750763,0.03401970863342285,0.6446797100952544,0.914600301533304,7.5255231857299805,0.5389900207519531,0.07162160124282053,0.2
18,octanol_gsolv_eV,72,0.12156888842582703,0.05853360891342163,0.6292579441881962,0.9792841937000039,12.218634605407715,0.025551659986376762,0.0020912041984681435,0.22
18,octanol_gsolv_eV,73,0.15307588875293732,0.028119245544075966,0.6443398056174623,0.9058056823870313,6.035015106201172,0.4160105586051941,0.06893281148173595,0.08
18,octanol_gsolv_eV,74,0.28825250267982483,0.04115838184952736,0.6367046012864843,0.9196975390429205,8.883400917053223,0.4849514961242676,0.05459074746849705,0.24
18,octanol_gsolv_eV,75,0.20928534865379333,0.05804121866822243,0.6285812472015788,0.9476857683406354,11.897841453552246,0.35127633810043335,0.02952437544841846,0.18
18,octanol_gsolv_eV,76,0.2605251371860504,0.042109739035367966,0.6362298884663051,0.9125762471612779,9.060469627380371,0.43918076157569885,0.048472185177743154,0.18
18,octanol_gsolv_eV,77,0.05521576851606369,0.04239959269762039,0.6333278362061274,0.9686645061557559,8.965929985046387,0.007638126146048307,0.000851905620363685,0.04
18,octanol_gsolv_eV,78,0.07848084717988968,0.04450402036309242,0.6339313835350175,0.9695435461993416,9.354479789733887,0.012604515068233013,0.0013474308942402005,0.04
18,octanol_gsolv_eV,79,0.33028990030288696,0.043191760778427124,0.6312456388478442,0.9250018083395823,9.209246635437012,0.652493953704834,0.07085204463892293,0.3
18,octanol_gsolv_eV,80,0.09908101707696915,0.05667315423488617,0.6292370227139246,0.9591512804730291,11.765316009521484,0.011174410581588745,0.0009497756433015035,0.14
18,octanol_gsolv_eV,81,0.09381841868162155,0.01925509050488472,0.6473594916683314,0.9563382493373165,4.076322078704834,0.07303789258003235,0.01791759610007034,0.08
18,octanol_gsolv_eV,82,0.16549614071846008,0.037636738270521164,0.6435222676484758,0.975289926679763,8.171072959899902,0.015940990298986435,0.0019509053923784467,0.18
18,octanol_gsolv_eV,83,0.04813477024435997,0.018745584413409233,0.6402716746811179,0.9609414221479151,3.91523814201355,0.02375137433409691,0.006066393274837153,0.04
18,octanol_gsolv_eV,84,0.08020783960819244,0.03477392718195915,0.6400153020690429,0.9425068592423487,7.466102600097656,0.029855748638510704,0.00399883985496264,0.06
18,octanol_gsolv_eV,85,0.18701665103435516,0.0276844073086977,0.6417508896307604,0.9147685395477041,5.95827579498291,0.29195037484169006,0.04899913748328386,0.1
18,octanol_gsolv_eV,86,0.060394998639822006,0.04263338819146156,0.639252514169256,0.9679225540595606,9.087244987487793,0.008371418341994286,0.000921227319558444,0.06
18,octanol_gsolv_eV,87,0.5385464429855347,0.009334920905530453,0.6576664270791148,0.915971861116665,1.8632692098617554,0.8583203554153442,0.4606528948541081,0.3
18,octanol_gsolv_eV,88,0.2097007930278778,0.030857760459184647,0.6504051608453265,0.9626780157357835,6.824245452880859,0.03056340292096138,0.004478649417285983,0.2
18,octanol_gsolv_eV,89,0.21583382785320282,0.024042263627052307,0.6491439890864974,0.9495445456328051,5.109726905822754,0.6313033103942871,0.12354932504805488,0.22
18,octanol_gsolv_eV,90,0.17477039992809296,0.04115612804889679,0.6381280222076529,0.9721659318168079,8.873187065124512,0.007528035901486874,0.0008484027042634243,0.24
18,octanol_gsolv_eV,91,0.1820746809244156,0.06518411636352539,0.6276099465367007,0.9734374359724509,13.433501243591309,0.009647156111896038,0.0007181416026219066,0.2
18,octanol_gsolv_eV,92,0.05700279772281647,0.036497559398412704,0.645247325378643,0.9751702144153982,7.9481520652771,0.008254586718976498,0.001038554201175656,0.06
18,octanol_gsolv_eV,93,0.3451506495475769,0.036319222301244736,0.6394164970292602,0.9304734272941255,8.00525188446045,0.5305421948432922,0.06627426625677632,0.34
18,octanol_gsolv_eV,94,0.10587657243013382,0.044065993279218674,0.636447406035026,0.9080435767842625,9.442052841186523,0.3819451928138733,0.04045149918541196,0.04
18,octanol_gsolv_eV,95,0.3779192268848419,0.03989868238568306,0.6400302447796575,0.9323289707406814,8.687338829040527,0.7232238054275513,0.08325032782305185,0.38
18,octanol_gsolv_eV,96,0.21758951246738434,0.021231437101960182,0.6471652053908741,0.956040084742811,4.574577808380127,0.38322213292121887,0.08377213132525536,0.08
18,octanol_gsolv_eV,97,0.1945340484380722,0.02013610489666462,0.6509751524759977,0.9652092988915348,4.277135848999023,0.04002681002020836,0.009358320949655087,0.26
18,octanol_gsolv_eV,98,0.5573006868362427,0.024866370484232903,0.6635846963454206,0.9377846596867834,5.43646764755249,1.9171273708343506,0.3526421005553938,0.6
18,octanol_gsolv_eV,99,0.15137255191802979,0.03947120159864426,0.6422093430505884,0.9442494439365172,8.515743255615234,0.05274941027164459,0.006194340140170609,0.14
18,octanol_gsolv_eV,100,0.19178807735443115,0.028658665716648102,0.6443551155642331,0.9616584556806222,6.172929763793945,0.092243991792202,0.014943308173250283,0.18
18,octanol_gsolv_eV,101,0.1781289279460907,0.04672041907906532,0.6370103373271045,0.9616300165903273,9.920764923095703,0.029349567368626595,0.0029583976231812854,0.18
18,octanol_gsolv_eV,102,0.15732625126838684,0.024086900055408478,0.6503707754300683,0.9617150423433305,5.1059136390686035,0.054713137447834015,0.010715640983268672,0.18
18,octanol_gsolv_eV,103,0.3548572361469269,0.025450263172388077,0.6432539506395574,0.926329090606987,5.503399848937988,0.4180394113063812,0.07596021055730702,0.3
18,octanol_gsolv_eV,104,0.36677730083465576,0.04414912313222885,0.6361154441128678,0.9192835234238428,9.535806655883789,0.47762635350227356,0.05008767173436431,0.28
18,octanol_gsolv_eV,105,0.20406851172447205,0.04352010786533356,0.6436394157415282,0.912621088694334,9.495208740234375,0.31763920187950134,0.03345257703851815,0.2
18,octanol_gsolv_eV,106,0.28423064947128296,0.023685457184910774,0.6494060179971097,0.9430303115918441,5.04993200302124,0.27770209312438965,0.05499125393336937,0.26
18,octanol_gsolv_eV,107,0.20703786611557007,0.05631078779697418,0.6379994625978775,0.9743659523649277,12.1538667678833,0.02915036492049694,0.002398443678642836,0.22
18,octanol_gsolv_eV,108,0.42461851239204407,0.040682289749383926,0.6406022530167514,0.9089494104824178,8.842961311340332,0.9322546720504761,0.10542335754143131,0.4
18,octanol_gsolv_eV,109,0.16141940653324127,0.030115630477666855,0.6498401906788365,0.968790087662579,6.42238712310791,0.035050321370363235,0.00545752236645021,0.18
18,octanol_gsolv_eV,110,0.3095838129520416,0.02358722873032093,0.6512029463778681,0.9105305186291293,5.024181365966797,0.6794556379318237,0.13523708410177523,0.26
18,octanol_gsolv_eV,111,0.3055526316165924,0.05744766443967819,0.6271785491523052,0.9288830017722285,11.967066764831543,1.32283616065979,0.11053971592665475,0.2
18,octanol_gsolv_eV,112,0.06989488005638123,0.066691093146801,0.6251997755100709,0.9550097374372644,13.615015983581543,0.019655603915452957,0.0014436710128842894,0.02
18,octanol_gsolv_eV,113,0.3611733317375183,0.03503654897212982,0.6491023230463218,0.929961982940072,7.577893257141113,0.7730724215507507,0.10201680009443749,0.32
18,octanol_gsolv_eV,114,0.05798947811126709,0.03302803263068199,0.6410074199897919,0.9644323899002261,7.154189109802246,0.010794894769787788,0.0015088914486475152,0.06
18,octanol_gsolv_eV,115,0.3611240088939667,0.025568300858139992,0.6571123403055144,0.9501979721769211,5.463022232055664,1.3071038722991943,0.23926387570408042,0.28
18,octanol_gsolv_eV,116,0.16708126664161682,0.02383510209619999,0.6515005210322633,0.9715649014663583,5.0650763511657715,0.12024398148059845,0.023739816173338285,0.18
18,octanol_gsolv_eV,117,0.13885553181171417,0.04509392008185387,0.6402423721506678,0.9080395001974024,9.78183650970459,0.5205802321434021,0.0532190689986418,0.16
18,octanol_gsolv_eV,118,0.29116034507751465,0.0278144720941782,0.6493175310126016,0.9424954654551767,5.948999881744385,0.26725146174430847,0.04492376316301828,0.24
18,octanol_gsolv_eV,119,0.20513924956321716,0.036304667592048645,0.6419021986976714,0.9387378154887491,7.881598472595215,0.399259090423584,0.0506571213709797,0.16
18,octanol_gsolv_eV,120,0.23690633475780487,0.024316346272826195,0.6507549831953281,0.9784565791850839,5.175168037414551,0.08302531391382217,0.01604301798774066,0.24
18,octanol_gsolv_eV,121,0.19817031919956207,0.024997977539896965,0.6510796962166039,0.9667360952363155,5.3176374435424805,0.05343383550643921,0.010048416439395856,0.2
18,octanol_gsolv_eV,122,0.2913483679294586,0.034353919327259064,0.6434910671235416,0.9353009936991947,7.506435394287109,0.36073940992355347,0.04805735225511964,0.32
18,octanol_gsolv_eV,123,0.15211229026317596,0.042562905699014664,0.639033858941755,0.9384440735658774,9.117457389831543,0.18285337090492249,0.020055303039732762,0.08
18,octanol_gsolv_eV,124,0.30885615944862366,0.02391672693192959,0.6463484902682644,0.9143981765170752,5.164992809295654,0.5867004990577698,0.11359173588816238,0.24
18,octanol_gsolv_eV,125,0.12978224456310272,0.046299517154693604,0.6340714312580562,0.9665186324532165,9.720577239990234,0.014859865419566631,0.0015287019538750726,0.18
18,octanol_gsolv_eV,126,0.09672428667545319,0.015483834780752659,0.650194008837141,0.9607426318042722,3.2668378353118896,0.06900664418935776,0.021123376080517814,0.08
18,octanol_gsolv_eV,127,0.18344612419605255,0.033803146332502365,0.6455088377183622,0.9799432107649797,7.225057601928711,0.01447699498385191,0.002003720355113475,0.18
18,octanol_gsolv_eV,128,0.29657378792762756,0.036453209817409515,0.6394263430416731,0.9418330230124166,7.894094467163086,0.3462371826171875,0.04386027859907475,0.3
18,octanol_gsolv_eV,129,0.06268386542797089,0.03685286268591881,0.6403456657533306,0.9745621187629905,7.770734786987305,0.0196610689163208,0.002530142831440442,0.06
18,octanol_gsolv_eV,130,0.1216408982872963,0.03802669048309326,0.6402631840645978,0.9700541099113902,8.25316333770752,0.003877450479194522,0.0004698138544622044,0.12
18,octanol_gsolv_eV,131,0.46581733226776123,0.023226140066981316,0.6520507692522093,0.9071142606519944,4.9686126708984375,0.973935604095459,0.19601761469552212,0.32
18,octanol_gsolv_eV,132,0.31261032819747925,0.03680754080414772,0.639784918864513,0.9499909221199525,8.09191608428955,0.20736783742904663,0.025626543240067842,0.3
18,octanol_gsolv_eV,133,0.6808770298957825,0.02388717420399189,0.6587403280390822,0.9071436362924845,5.784175872802734,1.7711162567138672,0.3062002773881198,0.28
18,octanol_gsolv_eV,134,0.1493622213602066,0.04355129227042198,0.6350060305877672,0.9771000179505787,9.210317611694336,0.010116633027791977,0.001098402189186928,0.16
18,octanol_gsolv_eV,135,0.12785999476909637,0.04631851240992546,0.6315035532887707,0.896625263699182,9.786357879638672,0.4415401220321655,0.045117921034834245,0.08
18,octanol_gsolv_eV,136,0.2272620052099228,0.08001253753900528,0.6258816289903875,0.9711281123099649,16.43414878845215,0.04281068965792656,0.0026049836963876415,0.2
18,octanol_gsolv_eV,137,0.13789002597332,0.04311039298772812,0.6437706203808258,0.9228052505119742,9.471543312072754,0.3173289895057678,0.03350340900635374,0.1
18,octanol_gsolv_eV,138,0.07714571803808212,0.0230451300740242,0.6503855022431333,0.9647235429123773,4.8768744468688965,0.03219464421272278,0.006601491296006755,0.12
18,octanol_gsolv_eV,139,0.4214134216308594,0.023437997326254845,0.6525284237789672,0.9263623870219926,5.06403112411499,0.7752678394317627,0.15309302419961954,0.34
18,octanol_gsolv_eV,140,0.09790205955505371,0.039012402296066284,0.639494910334466,0.958998664866463,8.404716491699219,0.0073928930796682835,0.0008796124279706227,0.06
18,octanol_gsolv_eV,141,0.18241898715496063,0.015713481232523918,0.6522171601793108,0.9643527835341481,3.3332133293151855,0.025842851027846336,0.0077531344305393725,0.22
18,octanol_gsolv_eV,142,0.300484836101532,0.051519621163606644,0.6428954335341706,0.9299405953440605,11.362842559814453,0.9350911974906921,0.08229377398906436,0.2
18,octanol_gsolv_eV,143,0.24519233405590057,0.03469192236661911,0.6406472245700345,0.9504643387244041,7.526710033416748,0.11595451831817627,0.01540573740762785,0.24
18,octanol_gsolv_eV,144,0.20386312901973724,0.03978681191802025,0.6399181711700328,0.9467014103334017,8.54310417175293,0.05817124620079994,0.006809146304587784,0.2
18,octanol_gsolv_eV,145,0.061859600245952606,0.04462725669145584,0.6382919422349913,0.9603066968662124,9.529666900634766,0.012960733845829964,0.0013600405954343122,0.04
18,octanol_gsolv_eV,146,0.05684899911284447,0.03286617621779442,0.6415711314566046,0.9320600119529052,7.0806708335876465,0.06650158017873764,0.00939198866063408,0.02
18,octanol_gsolv_eV,147,0.21074031293392181,0.0430988147854805,0.6376925819639243,0.9780298954245628,8.950044631958008,0.03924768045544624,0.004385193825213361,0.18
18,octanol_gsolv_eV,148,0.3277471661567688,0.03697345033288002,0.644808715952875,0.9350333421705714,8.035780906677246,1.128682255744934,0.14045707179585593,0.3
18,octanol_gsolv_eV,149,0.25601470470428467,0.03719908371567726,0.6378543239228365,0.9238731839271113,8.045125961303711,0.2637653350830078,0.0327857309322059,0.18
18,octanol_gsolv_eV,150,0.21243183314800262,0.028750166296958923,0.6375196432328358,0.9298569272191914,6.044647216796875,0.4534866511821747,0.075022848301556,0.1
18,octanol_gsolv_eV,151,0.3311205208301544,0.040270306169986725,0.6415615327297821,0.9258964596672503,8.80560302734375,0.45469561219215393,0.051637078208068496,0.26
18,octanol_gsolv_eV,152,0.5582661628723145,0.017300166189670563,0.662816862224423,0.9335208358678733,3.8167026042938232,1.243040919303894,0.32568451047390024,0.38
18,octanol_gsolv_eV,153,0.16000407934188843,0.02565803751349449,0.6512356151447547,0.9680218323841565,5.462913990020752,0.019122349098324776,0.0035003935872422796,0.2
18,octanol_gsolv_eV,154,0.29754185676574707,0.017832351848483086,0.6512510801930094,0.913802368676351,3.773176670074463,0.54697185754776,0.14496322472410644,0.28
18,octanol_gsolv_eV,155,0.2536955177783966,0.02651679888367653,0.6485484084303623,0.9444955233169778,5.714746475219727,0.18405038118362427,0.03220621981774751,0.22
18,octanol_gsolv_eV,156,0.10456214100122452,0.03897441551089287,0.640127667876726,0.9620496102811726,8.439226150512695,0.015551400370895863,0.0018427519411778168,0.08
18,octanol_gsolv_eV,157,0.08112075924873352,0.010273882187902927,0.6517908836291817,0.9530444759078329,2.116486072540283,0.020364871248602867,0.00962201996640602,0.04
18,octanol_gsolv_eV,158,0.18850097060203552,0.03908504173159599,0.6403104106120905,0.9185992995501286,8.425888061523438,0.265861451625824,0.03155292945794903,0.18
18,octanol_gsolv_eV,159,0.12063036113977432,0.04920082911849022,0.6379731520979066,0.9558925884986629,10.490579605102539,0.015252434648573399,0.0014539172498300027,0.12
18,octanol_gsolv_eV,160,0.34754109382629395,0.033509060740470886,0.6423205509909946,0.9384033507726872,7.3327460289001465,0.36568230390548706,0.049869762632476784,0.32
18,octanol_gsolv_eV,161,0.05523364245891571,0.046592243015766144,0.6408787439443115,0.9729259767876115,10.07597541809082,0.015828365460038185,0.0015709015557560102,0.06
18,octanol_gsolv_eV,162,0.061858393251895905,0.03569638729095459,0.6405136536996716,0.9645597784391866,7.73571252822876,0.021929139271378517,0.0028347924242732446,0.06
18,octanol_gsolv_eV,163,0.0909574031829834,0.021815652027726173,0.6483606565261193,0.9508844634466151,4.5995330810546875,0.026362717151641846,0.00573160724948994,0.08
18,octanol_gsolv_eV,164,0.23995628952980042,0.035019975155591965,0.6418762961420588,0.9537912884016886,7.538726329803467,0.11976365000009537,0.01588645677806659,0.18
18,octanol_gsolv_eV,165,0.13268935680389404,0.05185029283165932,0.6390281159462678,0.9595317068825107,11.165846824645996,0.05502813309431076,0.004928254341878399,0.08
18,octanol_gsolv_eV,166,0.2146626114845276,0.019587542861700058,0.6510984649143505,0.9557501837390003,4.14495849609375,0.2036193311214447,0.049124576594274126,0.12
18,octanol_gsolv_eV,167,0.27190136909484863,0.04350167140364647,0.6419737946792448,0.943996642697885,9.491765975952148,0.31067973375320435,0.03273149954816908,0.34
18,octanol_gsolv_eV,168,0.34254539012908936,0.02383420802652836,0.6536880698776775,0.9589156293306198,5.119252681732178,0.3319006562232971,0.06483381010038236,0.34
18,octanol_gsolv_eV,169,0.09007143974304199,0.020932910963892937,0.6490612649428638,0.9456575788190995,4.4241790771484375,0.08833463490009308,0.01996633349593713,0.1
18,octanol_gsolv_eV,170,0.1710294634103775,0.023097798228263855,0.6499104734984067,0.9680034611559363,4.90370512008667,0.05667819455265999,0.011558238753079476,0.16
18,octanol_gsolv_eV,171,0.11878867447376251,0.03863663226366043,0.6380793743954334,0.9744956062592216,8.281940460205078,0.0029217649716883898,0.0003527874881167693,0.16
18,octanol_gsolv_eV,172,0.2954106330871582,0.05247659981250763,0.6320455401221403,0.9390089720939288,11.346048355102539,0.4024864137172699,0.035473708653485855,0.32
18,octanol_gsolv_eV,173,0.12756961584091187,0.03418469429016113,0.6403886703356543,0.9051916828936155,7.372222900390625,0.5124312043190002,0.06950837098154596,0.08
18,octanol_gsolv_eV,174,0.16314281523227692,0.03517184779047966,0.6414673165555265,0.9611613847617222,7.603193283081055,0.03718533739447594,0.004890752610120055,0.18
18,octanol_gsolv_eV,175,0.39923393726348877,0.03739238530397415,0.6426598825534848,0.9204915702247303,8.293732643127441,0.7863717079162598,0.09481517451227255,0.38
18,octanol_gsolv_eV,176,0.0555405467748642,0.07134103029966354,0.6258754472524033,0.9586842517777037,14.434199333190918,0.05597146973013878,0.003877698266327417,0.04
18,octanol_gsolv_eV,177,0.36201149225234985,0.013390242122113705,0.6494222263154856,0.9107093899313854,2.851254940032959,0.47246578335762024,0.1657045032080361,0.2
18,octanol_gsolv_eV,178,0.1706402599811554,0.025155814364552498,0.6423401548461174,0.9251766633748766,5.378270626068115,0.10288805514574051,0.019130323165042873,0.2
18,octanol_gsolv_eV,179,0.1819029003381729,0.03158113732933998,0.6444551946452497,0.9641658614603479,6.820859432220459,0.04016968235373497,0.005889240608592655,0.18
18,octanol_gsolv_eV,180,0.16006451845169067,0.03964485973119736,0.6422626062902397,0.9729151869881307,8.531286239624023,0.021114779636263847,0.002474981971440028,0.14
18,octanol_gsolv_eV,181,0.034760721027851105,0.03995226323604584,0.6388524707512933,0.9741135367119362,8.587536811828613,0.01110084354877472,0.0012926691078033268,0.06
18,octanol_gsolv_eV,182,0.3070640563964844,0.029680535197257996,0.647250135546952,0.9546150795307231,6.421016216278076,0.3606793284416199,0.056171689385747514,0.3
18,octanol_gsolv_eV,183,0.19978885352611542,0.05817108973860741,0.6293491180932838,0.9658888101286749,12.100837707519531,0.02548143081367016,0.002105757587165709,0.18
18,octanol_gsolv_eV,184,0.45887884497642517,0.033822860568761826,0.6446269410753231,0.9119833011518772,7.711573123931885,0.737721860408783,0.09566425015401295,0.42
18,octanol_gsolv_eV,185,0.1200738251209259,0.0382460281252861,0.6443417161650766,0.9634728594047395,8.360530853271484,0.02536943554878235,0.0030344287933409472,0.1
18,octanol_gsolv_eV,186,0.13508564233779907,0.029577650129795074,0.6443434054995281,0.9397365519966934,6.404552459716797,0.11529341340065002,0.018001790777079245,0.08
18,octanol_gsolv_eV,187,0.06950347870588303,0.024830568581819534,0.6430679803291544,0.9490377419264953,5.3606438636779785,0.10295837372541428,0.019206344674942415,0.06
18,octanol_gsolv_eV,188,0.14367520809173584,0.02103722095489502,0.6506618781554363,0.9525863223975284,4.4506425857543945,0.07467997074127197,0.016779592902001934,0.1
18,octanol_gsolv_eV,189,0.31277236342430115,0.017038408666849136,0.6511349185708939,0.9444389970349194,3.5889198780059814,0.3050897419452667,0.08500879159073783,0.22
18,octanol_gsolv_eV,190,0.03163608908653259,0.03777790814638138,0.6315511100903408,0.9628095608574572,7.945269584655762,0.007134815212339163,0.0008979953589137136,0.04
18,octanol_gsolv_eV,191,0.07151178270578384,0.029293043538928032,0.6507282692615437,0.9720728388452746,6.228414058685303,0.041412997990846634,0.006649043817679025,0.12
18,octanol_gsolv_eV,192,0.06079201400279999,0.04044630378484726,0.6375881066588316,0.9749167136781087,8.601062774658203,0.00839991495013237,0.0009766136081324176,0.06
18,octanol_gsolv_eV,193,0.37296557426452637,0.02377418801188469,0.6564398866479169,0.9416201374984283,5.134729862213135,0.9026697874069214,0.17579693803363183,0.24
18,octanol_gsolv_eV,194,0.20260417461395264,0.021104682236909866,0.6516890156652497,0.9471895497691447,4.471796035766602,0.18749932944774628,0.04192931161172766,0.18
18,octanol_gsolv_eV,195,0.11414932459592819,0.03370608016848564,0.6491548870566599,0.9598624879334527,7.524409294128418,0.035369180142879486,0.004700592267153702,0.12
18,octanol_gsolv_eV,196,0.2501036822795868,0.027640465646982193,0.644510232706393,0.9342320473044836,5.955615997314453,0.4522241950035095,0.07593239644856713,0.18
18,octanol_gsolv_eV,197,0.3822697103023529,0.04254850000143051,0.6406206817579962,0.9208890590081626,9.451058387756348,0.531124472618103,0.056197353865273324,0.38
18,octanol_gsolv_eV,198,0.1604015827178955,0.04523392394185066,0.6332731366638564,0.9698258780495317,9.619558334350586,0.0055563910864293575,0.0005776139499656631,0.18
18,octanol_gsolv_eV,199,0.4331529438495636,0.02129840850830078,0.6546567642703005,0.9214811535072285,4.586678981781006,0.820610761642456,0.17891174963455,0.28
18,octanol_gsolv_eV,200,0.17526847124099731,0.015816515311598778,0.6514991481597738,0.9498861734307968,3.378574848175049,0.1333906352519989,0.03948133199536793,0.1
18,octanol_gsolv_eV,201,0.13436919450759888,0.02312547340989113,0.650382393149104,0.9608342787185546,4.891235828399658,0.03801988810300827,0.007773063789371168,0.18
18,octanol_gsolv_eV,202,0.20918773114681244,0.033542606979608536,0.6427860635221192,0.9531263087193032,7.262484073638916,0.04807340353727341,0.0066194160358669,0.22
18,octanol_gsolv_eV,203,0.19275343418121338,0.04472457617521286,0.6305527073432917,0.937482207069356,9.379081726074219,0.5443951487541199,0.058043544629820185,0.18
18,octanol_gsolv_eV,204,0.27383822202682495,0.023482678458094597,0.6482527567679452,0.9483008689575503,4.985830307006836,0.15120579302310944,0.03032710375453661,0.24
18,octanol_gsolv_eV,205,0.325797438621521,0.03675641492009163,0.6408731966830596,0.9243499449217807,7.989548683166504,0.25330573320388794,0.0317046360500422,0.3
18,octanol_gsolv_eV,206,0.16444286704063416,0.03709089010953903,0.6381663253241165,0.9358425017034531,7.950546741485596,0.07586472481489182,0.009542076448533167,0.16
18,octanol_gsolv_eV,207,0.16859214007854462,0.039562951773405075,0.6404655225642926,0.9691077846488565,8.56208610534668,0.014137501828372478,0.0016511749186385984,0.18
18,octanol_gsolv_eV,208,0.1501983404159546,0.024110933765769005,0.6505842090844562,0.9785731318482283,5.1117377281188965,0.05498697608709335,0.010757002610798733,0.2
18,octanol_gsolv_eV,209,0.29837459325790405,0.020003411918878555,0.6487378098028991,0.9472504376816644,4.228301048278809,0.2361128032207489,0.05584105779716467,0.2
18,octanol_gsolv_eV,210,0.2516115605831146,0.033412639051675797,0.6460776652075273,0.9437392117539192,7.331316947937012,0.06025122106075287,0.008218335326193638,0.18
18,octanol_gsolv_eV,211,0.14311404526233673,0.05865166708827019,0.6246287467955216,0.9725772157711192,11.99048900604248,0.018231330439448357,0.0015204826450581682,0.2
18,octanol_gsolv_eV,212,0.07954686135053635,0.01717584766447544,0.6485473508238109,0.9698454964362413,3.571416139602661,0.026089493185281754,0.007305083520226335,0.08
18,octanol_gsolv_eV,213,0.46515533328056335,0.03690154105424881,0.6484213010757185,0.915584815823457,8.234638214111328,1.8189163208007812,0.22088600294349137,0.32
18,octanol_gsolv_eV,214,0.12298023700714111,0.03228600695729256,0.6466414812297663,0.9677061959632927,7.145771026611328,0.00585124222561717,0.0008188398709987703,0.14
18,octanol_gsolv_eV,215,0.3061028718948364,0.028951989486813545,0.6507923609089901,0.9211460191748575,6.20327615737915,0.3824590742588043,0.06165436852329192,0.2
18,octanol_gsolv_eV,216,0.12956006824970245,0.03824060037732124,0.640282914108431,0.9651118761608131,8.20289421081543,0.013428042642772198,0.0016369883967377592,0.1
18,octanol_gsolv_eV,217,0.30467304587364197,0.03384920209646225,0.6438850738342923,0.9224915352062497,7.428232669830322,0.533005952835083,0.07175407348236146,0.26
18,octanol_gsolv_eV,218,0.26162347197532654,0.05291216820478439,0.6405833735132667,0.9573937823117074,11.615275382995605,0.23394723236560822,0.020141341866771367,0.24
18,octanol_gsolv_eV,219,0.08176463097333908,0.041954003274440765,0.6394717420644502,0.9553890065006614,8.909845352172852,0.017006076872348785,0.0019086837313289056,0.04
18,octanol_gsolv_eV,220,0.08869003504514694,0.04245377704501152,0.634624728015367,0.9655441409210013,8.967753410339355,0.004843332804739475,0.0005400831828354428,0.08
18,octanol_gsolv_eV,221,0.13659197092056274,0.01698913425207138,0.6517364145806519,0.9670523287281709,3.5721635818481445,0.11716680228710175,0.03279995431409742,0.08
18,octanol_gsolv_eV,222,0.19063891470432281,0.03470274806022644,0.6391984073639889,0.925885769619603,7.542370796203613,0.36386168003082275,0.04824234844221254,0.16
18,octanol_gsolv_eV,223,0.22970663011074066,0.042126886546611786,0.6377966198202447,0.9681152103541804,8.995142936706543,0.03151000663638115,0.0035030023267110123,0.24
18,octanol_gsolv_eV,224,0.13091550767421722,0.02332328073680401,0.6442836952035518,0.929500641854984,5.011099815368652,0.0563524030148983,0.011245515972775053,0.1
18,octanol_gsolv_eV,225,0.2068926841020584,0.01558656431734562,0.6519053756244666,0.9671998537834685,3.2795557975769043,0.08280464261770248,0.02524873724633153,0.2
18,octanol_gsolv_eV,226,0.16805876791477203,0.030788587406277657,0.6417066656987134,0.946809754966798,6.669454574584961,0.09589128941297531,0.014377680864397013,0.16
18,octanol_gsolv_eV,227,0.21502889692783356,0.03741197660565376,0.6432667127192448,0.9496910957280107,8.072182655334473,0.09903036057949066,0.012268102049703597,0.12
18,octanol_gsolv_eV,228,0.09135950356721878,0.040197983384132385,0.6398216809757113,0.956870490189156,8.670233726501465,0.011371180415153503,0.0013115194784653055,0.06
18,octanol_gsolv_eV,229,0.3196240961551666,0.04266590625047684,0.6371287102382297,0.9176998769637856,9.107539176940918,0.5368382930755615,0.058944384717527755,0.24
18,octanol_gsolv_eV,230,0.15905743837356567,0.03618292137980461,0.642818373530923,0.8982398702316956,7.990616321563721,0.3572613298892975,0.04471010939734162,0.1
18,octanol_gsolv_eV,231,0.07729105651378632,0.026710564270615578,0.641752259086674,0.940747670093236,5.735649585723877,0.0726042240858078,0.012658413489296987,0.06
18,octanol_gsolv_eV,232,0.19976721704006195,0.024637002497911453,0.6451187986161411,0.8877678010469696,5.256486415863037,0.6138710975646973,0.11678354113351375,0.06
18,octanol_gsolv_eV,233,0.06876981258392334,0.035552848130464554,0.6389762261825747,0.9689524501979001,7.672359466552734,0.00964303594082594,0.0012568540333471431,0.06
18,octanol_gsolv_eV,234,0.14215101301670074,0.032496754080057144,0.6475306379707324,0.969441406322918,7.085343360900879,0.014467373490333557,0.002041873308521505,0.14
18,octanol_gsolv_eV,235,0.06114892661571503,0.04985520616173744,0.6302633925735979,0.9527868976085239,10.354377746582031,0.017939496785402298,0.0017325518949049454,0.08
18,octanol_gsolv_eV,236,0.1839696168899536,0.04152651131153107,0.6400379683785733,0.9457764138234432,8.988211631774902,0.12062894552946091,0.013420794978059534,0.2
18,octanol_gsolv_eV,237,0.23706652224063873,0.029751494526863098,0.6433138268235905,0.9335650653742296,6.418178081512451,0.46415358781814575,0.07231858978097526,0.1
18,octanol_gsolv_eV,238,0.16401906311511993,0.023515183478593826,0.6503370042416745,0.963486289147127,4.988872528076172,0.06524993479251862,0.013079094409670264,0.12
18,octanol_gsolv_eV,239,0.1591397523880005,0.03799206018447876,0.6404503575616161,0.9173907496865306,8.317465782165527,0.5027894973754883,0.06044984260152646,0.16
18,octanol_gsolv_eV,240,0.28213179111480713,0.04233330488204956,0.6403646059193531,0.9310883081209571,9.064186096191406,0.4270063638687134,0.04710917884266885,0.28
18,octanol_gsolv_eV,241,0.16830599308013916,0.03886084258556366,0.643833342348695,0.897877141140532,8.531984329223633,0.30004802346229553,0.035167437243710735,0.06
18,octanol_gsolv_eV,242,0.14393338561058044,0.048522163182497025,0.6346324311999934,0.9804735829121758,10.266575813293457,0.007549412548542023,0.0007353388983663693,0.2
18,octanol_gsolv_eV,243,0.29636722803115845,0.05011693388223648,0.6399069417715215,0.9518990832949306,10.81607437133789,0.15781672298908234,0.014590942847738689,0.2
18,octanol_gsolv_eV,244,0.1448502093553543,0.04729723185300827,0.6311311169593496,0.9611247194629962,9.966961860656738,0.013998651877045631,0.0014045054122564125,0.2
18,octanol_gsolv_eV,245,0.08176130801439285,0.04143796116113663,0.6453161493965829,0.9537150217425767,9.028559684753418,0.016273001208901405,0.0018023917188454454,0.06
18,octanol_gsolv_eV,246,0.3024273216724396,0.03262593597173691,0.6453557602306781,0.9336264612081369,7.20821475982666,0.4538293182849884,0.06296001623235514,0.36
18,octanol_gsolv_eV,247,0.1822737157344818,0.053331173956394196,0.6319551358853728,0.8996147810126114,11.233652114868164,0.28248780965805054,0.025146569145057217,0.18
18,octanol_gsolv_eV,248,0.0510648675262928,0.015110170468688011,0.6482931413851643,0.9649076086197343,3.189761161804199,0.023104779422283173,0.007243419883266307,0.02
18,octanol_gsolv_eV,249,0.24972856044769287,0.01647794432938099,0.6504448481034133,0.9495000346279077,3.4672694206237793,0.23930297791957855,0.06901770496869168,0.22
18,octanol_hl_gap_eV,0,0.2920416295528412,0.0016333670355379581,0.6137351758139282,0.9239773426733253,0.32599908113479614,0.05030892789363861,0.15432229967800604,0.16
18,octanol_hl_gap_eV,1,0.009738994762301445,0.0010315760737285018,0.6489313315119294,0.9747053915859774,0.26182401180267334,0.0008095861994661391,0.0030921006591110253,0.02
18,octanol_hl_gap_eV,2,0.13306227326393127,0.0008720456389710307,0.6440147343291562,0.9576582894191388,0.3180657923221588,0.0008119340636767447,0.0025527236291237577,0.12
18,octanol_hl_gap_eV,3,0.08598408102989197,0.0016747228801250458,0.6389000644833005,0.9774537399612071,0.5730074048042297,0.0026830958668142557,0.004682480268699051,0.2
18,octanol_hl_gap_eV,4,0.1556779146194458,0.00552477827295661,0.6013799073326196,0.9822345181977687,1.0927307605743408,0.003846381325274706,0.0035199716746813665,0.04
18,octanol_hl_gap_eV,5,0.05561061576008797,0.0018153362907469273,0.6268890129421869,0.9702308800229202,0.32398897409439087,0.001004527905024588,0.003100500280395126,0.08
18,octanol_hl_gap_eV,6,0.07053140550851822,0.0021913121454417706,0.5888183912052327,0.9737714236526125,0.44699254631996155,0.0017899969825521111,0.004004534297694562,0.08
18,octanol_hl_gap_eV,7,0.1987278163433075,0.0015932563692331314,0.6328457496148268,0.9094434001968164,0.2684454917907715,0.05706349015235901,0.21257011906474757,0.06
18,octanol_hl_gap_eV,8,0.12737753987312317,0.0009651615982875228,0.6643525718034131,0.9655233228848557,0.29782548546791077,0.000567148847039789,0.0019042992447363826,0.1
18,octanol_hl_gap_eV,9,0.08117558807134628,0.001097981003113091,0.6432146059068125,0.9637644799114478,0.21288424730300903,0.0013443349162116647,0.006314863280128961,0.08
18,octanol_hl_gap_eV,10,0.08853919059038162,0.0015039155259728432,0.6445497544357679,0.9663360004254655,0.24765071272850037,0.001220889505930245,0.004929884886980749,0.08
18,octanol_hl_gap_eV,11,0.1177576407790184,0.002028354909271002,0.622839210335121,0.9342439234747779,0.3811686038970947,0.012654527090489864,0.03319929018578415,0.02
18,octanol_hl_gap_eV,12,0.11402805149555206,0.001820146688260138,0.6101650283789795,0.9135598400752598,0.41356179118156433,0.05342015251517296,0.1291709090497679,0.08
18,octanol_hl_gap_eV,13,0.3598162531852722,0.0017219758592545986,0.603180430872372,0.9245931926625446,0.30803561210632324,0.10267646610736847,0.33332660923610385,0.24
18,octanol_hl_gap_eV,14,0.12047410756349564,0.0015990777174010873,0.610974749446221,0.947272467430019,0.41216862201690674,0.00840991735458374,0.020404069852359537,0.06
18,octanol_hl_gap_eV,15,0.1116066426038742,0.001217960612848401,0.6395514904489785,0.9701900261990779,0.395842581987381,0.0028992528095841408,0.007324257019111112,0.16
18,octanol_hl_gap_eV,16,0.066214919090271,0.0014606260228902102,0.6036893689501803,0.9814063449751675,0.32121938467025757,0.001061000395566225,0.0033030397485362766,0.1
18,octanol_hl_gap_eV,17,0.18267175555229187,0.0012625496601685882,0.6330159828064104,0.9305589760928918,0.2848817706108093,0.012773719616234303,0.04483866970093041,0.1
18,octanol_hl_gap_eV,18,0.09207933396100998,0.0008329913835041225,0.6614435880628355,0.9778082185083135,0.2619294822216034,0.0005513740470632911,0.0021050476730863207,0.16
18,octanol_hl_gap_eV,19,0.18400637805461884,0.0010790640953928232,0.6337971341736279,0.9414971300648192,0.2915975749492645,0.01693645492196083,0.058081604159114245,0.16
18,octanol_hl_gap_eV,20,0.1851721704006195,0.0013179619563743472,0.6204852911706684,0.9315660616893271,0.3194175958633423,0.029884696006774902,0.09355995534936214,0.12
18,octanol_hl_gap_eV,21,0.06031980365514755,0.0023034943733364344,0.5996381042431487,0.9699652580706055,0.5400838851928711,0.0018840492703020573,0.0034884382259049228,0.06
18,octanol_hl_gap_eV,22,0.08986938744783401,0.0022213140036910772,0.6149932762674477,0.9507836241631589,0.5114521980285645,0.0018448906484991312,0.0036071614426732694,0.04
18,octanol_hl_gap_eV,23,0.08420118689537048,0.0012184595689177513,0.6345989628872386,0.969545021543349,0.3071984052658081,0.0008421000675298274,0.0027412253875510437,0.1
18,octanol_hl_gap_eV,24,0.32680222392082214,0.0010955887846648693,0.664924629833173,0.9654381002585486,0.3075237572193146,0.006426282227039337,0.020896864311059877,0.24
18,octanol_hl_gap_eV,25,0.154165118932724,0.0018467624904587865,0.6090240099140489,0.977784864880173,0.42579084634780884,0.001616977620869875,0.0037975866196734553,0.04
18,octanol_hl_gap_eV,26,0.11653043329715729,0.00134123710449785,0.6226066184114838,0.9478686346749527,0.2696240246295929,0.008955239318311214,0.033213803297439254,0.1
18,octanol_hl_gap_eV,27,0.13164152204990387,0.0018660420319065452,0.6249188606244398,0.9792873363225258,0.4023193120956421,0.00249832053668797,0.0062097952088714355,0.2
18,octanol_hl_gap_eV,28,0.04767481982707977,0.0011146634351462126,0.6137127730421117,0.9745148577557061,0.26453897356987,0.0012699106009677052,0.004800466955135806,0.06
18,octanol_hl_gap_eV,29,0.08990273624658585,0.001048256759531796,0.6293783555209509,0.9491500691060011,0.30414465069770813,0.0015893973177298903,0.0052257940887134174,0.06
18,octanol_hl_gap_eV,30,0.10991916060447693,0.0011084836442023516,0.6555655431077354,0.9678229022317766,0.24019162356853485,0.0019146703416481614,0.007971428450342445,0.12
18,octanol_hl_gap_eV,31,0.04794992879033089,0.0009697578498162329,0.6446882596339292,0.974299989149729,0.3052041828632355,0.000876786420121789,0.002872786381550623,0.06
18,octanol_hl_gap_eV,32,0.08904287219047546,0.001323035336099565,0.6154020262653035,0.9643102681012445,0.3160161077976227,0.0011180033907294273,0.0035378050774721864,0.14
18,octanol_hl_gap_eV,33,0.03258339688181877,0.0007460623746737838,0.6576079822430569,0.9657481429377257,0.2921689450740814,0.00027523082098923624,0.0009420262681218553,0.02
18,octanol_hl_gap_eV,34,0.03286182880401611,0.006651982199400663,0.6370700431695653,0.9533421453101909,1.3235682249069214,0.01400818768888712,0.010583653660824496,0.0
18,octanol_hl_gap_eV,35,0.00903772097080946,0.007525688502937555,0.6218802855056207,0.95372116580605,1.6388258934020996,0.008930796757340431,0.00544950918416395,0.02
18,octanol_hl_gap_eV,36,0.5110487937927246,0.0011438399087637663,0.6811986159304206,0.9130444393649586,0.23130635917186737,0.11371679604053497,0.4916284897988476,0.38
18,octanol_hl_gap_eV,37,0.026784073561429977,0.0013189655728638172,0.6440435557361406,0.9651295126426402,0.24547834694385529,0.002321225591003895,0.009455928068208783,0.04
18,octanol_hl_gap_eV,38,0.043672312051057816,0.0010603443952277303,0.6286706082929632,0.954312666899503,0.3008379340171814,0.0022078538313508034,0.007339014072689081,0.14
18,octanol_hl_gap_eV,39,0.08107908070087433,0.0009757419466041028,0.6275858720864751,0.9660803654299548,0.25021666288375854,0.0013403312768787146,0.005356682730204036,0.04
18,octanol_hl_gap_eV,40,0.07070384174585342,0.001450834097340703,0.6391343558587659,0.9563184336679815,0.3759898245334625,0.001169355120509863,0.003110071188657373,0.04
18,octanol_hl_gap_eV,41,0.11488475650548935,0.002318382728844881,0.6020224027947052,0.922413604734482,0.4207223653793335,0.033901091665029526,0.08057829688817109,0.02
18,octanol_hl_gap_eV,42,0.11777178198099136,0.001459942664951086,0.602178547589,0.9002001635165944,0.32337018847465515,0.0335235670208931,0.10366931837169208,0.02
18,octanol_hl_gap_eV,43,0.3220849931240082,0.002143756253644824,0.6069764558986108,0.9163167054706836,0.4463037848472595,0.0636431872844696,0.14260059951373813,0.32
18,octanol_hl_gap_eV,44,0.027200035750865936,0.0013249035691842437,0.635116858425874,0.9572522225643532,0.33701521158218384,0.002051657997071743,0.006087731136644643,0.08
18,octanol_hl_gap_eV,45,0.23090092837810516,0.0013303293380886316,0.6331760852133326,0.9216081151075064,0.3341635465621948,0.03973308205604553,0.11890310138496922,0.16
18,octanol_hl_gap_eV,46,0.09759789705276489,0.001738912658765912,0.6104509105275295,0.95744485017431,0.4727511405944824,0.0020980811677873135,0.004438024549552617,0.06
18,octanol_hl_gap_eV,47,0.0609375461935997,0.002678283955901861,0.6193226640486895,0.9384990640718525,0.6682459712028503,0.01754467561841011,0.02625481690047378,0.06
18,octanol_hl_gap_eV,48,0.1176883727312088,0.0009107323712669313,0.6246491800066005,0.9727446673290097,0.2908920645713806,0.0006491551757790148,0.002231601527994662,0.06
18,octanol_hl_gap_eV,49,0.10251569002866745,0.0018505799816921353,0.6070252250515911,0.9839018796883199,0.39670437574386597,0.003421211149543524,0.008624082210155516,0.1
18,octanol_hl_gap_eV,50,0.0425117164850235,0.0014257829170674086,0.6198331149483465,0.956873878868892,0.354623407125473,0.0006623982335440814,0.0018678920235790058,0.06
18,octanol_hl_gap_eV,51,0.16713640093803406,0.0021650015842169523,0.6260151991463656,0.9835278314457503,0.5003123879432678,0.0015894108219072223,0.003176836832765874,0.18
18,octanol_hl_gap_eV,52,0.044084545224905014,0.0022415420971810818,0.5909248885176204,0.9263319424364049,0.5006977319717407,0.01834937371313572,0.03664760701207122,0.02
18,octanol_hl_gap_eV,53,0.14966358244419098,0.0012288596481084824,0.618698285014744,0.9406871269006962,0.3275436758995056,0.015269746072590351,0.046618961671771965,0.1
18,octanol_hl_gap_eV,54,0.0972968265414238,0.0011835840996354818,0.6649271893952322,0.9817303695601178,0.24225927889347076,0.0007424485520459712,0.003064685717868622,0.06
18,octanol_hl_gap_eV,55,0.0712687149643898,0.0012868333142250776,0.6260258465160513,0.9632956711571825,0.3727880120277405,0.0008928782772272825,0.002395136775913385,0.1
18,octanol_hl_gap_eV,56,0.08242350071668625,0.0010272476356476545,0.669215140880288,0.97995989965486,0.3065730035305023,0.0013507044641301036,0.0044058167176344865,0.08
18,octanol_hl_gap_eV,57,0.060869250446558,0.0029512697365134954,0.6056058141563767,0.9891185881296314,0.6220782995223999,0.007514103315770626,0.01207903140414892,0.04
18,octanol_hl_gap_eV,58,0.07309819012880325,0.0020530209876596928,0.5894308378368649,0.9656671202799629,0.43489375710487366,0.0017042107647284865,0.003918682981502353,0.06
18,octanol_hl_gap_eV,59,0.20001965761184692,0.0013788103824481368,0.6175066091939068,0.9155048762536775,0.41230639815330505,0.04499976709485054,0.10914156873723455,0.08
18,octanol_hl_gap_eV,60,0.10800030082464218,0.0010821111500263214,0.6562201212900751,0.9702402461040944,0.3020695149898529,0.0006621007341891527,0.002191882005078844,0.1
18,octanol_hl_gap_eV,61,0.07546769082546234,0.002454285742715001,0.596492366236598,0.9834965214833076,0.47055181860923767,0.0052724564447999,0.011204837036616212,0.12
18,octanol_hl_gap_eV,62,0.04626009985804558,0.0011915471404790878,0.6681473953500541,0.9747322205814093,0.24356116354465485,0.0009044752223417163,0.003713544512509641,0.0
18,octanol_hl_gap_eV,63,0.059732671827077866,0.0017640510341152549,0.6339253097941573,0.9786193545139548,0.30426421761512756,0.0007718504639342427,0.002536776982795191,0.04
18,octanol_hl_gap_eV,64,0.11532328277826309,0.001138961873948574,0.6547528260948219,0.972440503934614,0.266762912273407,0.0007506671827286482,0.0028139863084088866,0.14
18,octanol_hl_gap_eV,65,0.0544876754283905,0.0015215766616165638,0.6046308059246104,0.9727691635807578,0.3259490132331848,0.0010341255692765117,0.00317266053061095,0.06
18,octanol_hl_gap_eV,66,0.3620309829711914,0.0014113825745880604,0.6205429563092557,0.9048842115521569,0.3580774962902069,0.07715421169996262,0.21546791546328378,0.18
18,octanol_hl_gap_eV,67,0.05322825163602829,0.0010380188468843699,0.6298428720988296,0.9653092649396431,0.3125259280204773,0.0008211048552766442,0.0026273175492269683,0.04
18,octanol_hl_gap_eV,68,0.024464759975671768,0.0009135612635873258,0.6443035181587786,0.9616121888604048,0.30667635798454285,0.001285701640881598,0.004192372862815855,0.06
18,octanol_hl_gap_eV,69,0.1009259968996048,0.0013110609725117683,0.6353129204487504,0.9727568263788182,0.26025041937828064,0.0013386576902121305,0.005143729233597727,0.04
18,octanol_hl_gap_eV,70,0.08271582424640656,0.004486722405999899,0.6151317384433392,0.9718420646438697,0.9581434726715088,0.003393166698515415,0.003541397291007516,0.04
18,octanol_hl_gap_eV,71,0.05021384358406067,0.002243116730824113,0.655309592101109,0.9646606899914381,0.3940199911594391,0.0014311172999441624,0.0036320931223133416,0.06
18,octanol_hl_gap_eV,72,0.22484703361988068,0.0009974782587960362,0.6681565467074824,0.9199380928097078,0.21993237733840942,0.04035905748605728,0.18350666679675315,0.04
18,octanol_hl_gap_eV,73,0.09876380115747452,0.0011664514895528555,0.6526021721826964,0.9612836654429682,0.21815752983093262,0.0008989446796476841,0.004120621829300813,0.16
18,octanol_hl_gap_eV,74,0.06901051104068756,0.000817309832200408,0.6652359023666905,0.9512294516290161,0.2455052137374878,0.0012849349295720458,0.005233839681083077,0.08
18,octanol_hl_gap_eV,75,0.3549685478210449,0.0035963470581918955,0.6034105162353562,0.9214063321709332,0.7372660636901855,0.20855703949928284,0.28287893580155726,0.28
18,octanol_hl_gap_eV,76,0.07115639746189117,0.0017669970402494073,0.625947939472274,0.9716272963351331,0.3321620225906372,0.0011209138901904225,0.003374599785514487,0.02
18,octanol_hl_gap_eV,77,0.22282975912094116,0.0014591291546821594,0.6349259220527916,0.9041780354998319,0.39603203535079956,0.05057314783334732,0.12769963871369736,0.12
18,octanol_hl_gap_eV,78,0.31069567799568176,0.0014535511145368218,0.6200435341276294,0.9117820946701889,0.3117009699344635,0.05420482158660889,0.17390007351599096,0.1
18,octanol_hl_gap_eV,79,0.02599838748574257,0.001291062799282372,0.6282292301820922,0.971746007162271,0.321438729763031,0.0004967806162312627,0.001545490851701337,0.02
18,octanol_hl_gap_eV,80,0.0440802238881588,0.001090475358068943,0.6059139810336418,0.9697690210238221,0.35605674982070923,0.0009899275610223413,0.002780252197215233,0.02
18,octanol_hl_gap_eV,81,0.045462530106306076,0.0014117432292550802,0.6048725702323834,0.9455166665845456,0.37745431065559387,0.008139264769852161,0.021563576147044693,0.08
18,octanol_hl_gap_eV,82,0.3419966995716095,0.000861382344737649,0.6643777725984441,0.9329047530056094,0.2976238429546356,0.03655896708369255,0.12283615022491641,0.28
18,octanol_hl_gap_eV,83,0.032361745834350586,0.0009293646435253322,0.6163546072019757,0.9607441361490932,0.2768547832965851,0.0012972906697541475,0.004685816348581575,0.04
18,octanol_hl_gap_eV,84,0.031532879918813705,0.0018629806581884623,0.6027660015745626,0.9647960128503197,0.4160376787185669,0.0006169701227918267,0.001482966938696874,0.1
18,octanol_hl_gap_eV,85,0.23340147733688354,0.001590010360814631,0.618615428206257,0.8990643123054232,0.2867085337638855,0.053731661289930344,0.18740865709347962,0.2
18,octanol_hl_gap_eV,86,0.023368030786514282,0.001715150661766529,0.6029861027308747,0.9771418613833436,0.4061215817928314,0.0010982953244820237,0.0027043510458951187,0.22
18,octanol_hl_gap_eV,87,0.04965324327349663,0.0011261207982897758,0.6146005577803559,0.9364055440074945,0.32262033224105835,0.0072035654447972775,0.022328305828582598,0.02
18,octanol_hl_gap_eV,88,0.0697755217552185,0.0009470571530982852,0.658450438816069,0.9563350985906636,0.32694292068481445,0.0006712967297062278,0.00205325360249468,0.12
18,octanol_hl_gap_eV,89,0.05685335770249367,0.0014362320071086287,0.6178695959000224,0.9796293208635132,0.2608462870121002,0.0015026514884084463,0.00576067808217926,0.12
18,octanol_hl_gap_eV,90,0.08331765234470367,0.0012760967947542667,0.6237457796409263,0.9644738464704983,0.2952243685722351,0.0011985222809016705,0.00405969970127455,0.08
18,octanol_hl_gap_eV,91,0.09651973843574524,0.0013665406731888652,0.6310834058603199,0.9672817266576965,0.36062511801719666,0.0030172872357070446,0.008366824951896898,0.1
18,octanol_hl_gap_eV,92,0.1759546846151352,0.0016820989549160004,0.6131425561580381,0.921100199413883,0.3263819217681885,0.03418621048331261,0.10474296584230923,0.08
18,octanol_hl_gap_eV,93,0.0899818018078804,0.0015304824337363243,0.6380190254100078,0.9694335921963999,0.2942504286766052,0.0008596917032264173,0.00292163279792961,0.04
18,octanol_hl_gap_eV,94,0.175116166472435,0.0008548375335521996,0.6619062763564039,0.9329139854240924,0.26971352100372314,0.01605072431266308,0.05951026946269228,0.12
18,octanol_hl_gap_eV,95,0.06687227636575699,0.0017246233765035868,0.6245301556319562,0.9705801060692627,0.31802356243133545,0.0003812802897300571,0.0011989057880338015,0.04
18,octanol_hl_gap_eV,96,0.3678404986858368,0.002605210058391094,0.5945177932756887,0.9224457975266862,0.5432860851287842,0.19139502942562103,0.3522914255759955,0.22
18,octanol_hl_gap_eV,97,0.06474977731704712,0.002013720106333494,0.6280827299687652,0.9652951698186076,0.47089704871177673,0.001305089914239943,0.0027714973321881086,0.12
18,octanol_hl_gap_eV,98,0.10891355574131012,0.0007988108554854989,0.6767585983581852,0.9749294072023051,0.270859956741333,0.00043910995009355247,0.001621169682578424,0.08
18,octanol_hl_gap_eV,99,0.08201177418231964,0.001121576875448227,0.6204205779993857,0.9284006892100662,0.3387024998664856,0.00654827244579792,0.019333404531644165,0.12
18,octanol_hl_gap_eV,100,0.0436737984418869,0.0014054242055863142,0.6105331110267231,0.982281040333,0.3427477777004242,0.0015729115111753345,0.0045891224203651135,0.02
18,octanol_hl_gap_eV,101,0.05732027813792229,0.0010250872001051903,0.6732380263006601,0.9659010964597823,0.3117489218711853,0.0007030582055449486,0.0022552065339153035,0.02
18,octanol_hl_gap_eV,102,0.15636533498764038,0.003296974813565612,0.6195085822985433,0.9744339486501801,0.7674059271812439,0.001453332370147109,0.0018938247916397248,0.12
18,octanol_hl_gap_eV,103,0.08668793737888336,0.0013982390519231558,0.6100316085190678,0.9720933925993767,0.27204781770706177,0.0032855558674782515,0.012077126349221826,0.08
18,octanol_hl_gap_eV,104,0.051785167306661606,0.0015083050820976496,0.6210750101277485,0.9661198907258459,0.2644069790840149,0.0004118293581996113,0.001557558577410898,0.06
18,octanol_hl_gap_eV,105,0.03823695331811905,0.0020026606507599354,0.6022032096312186,0.9616749386194314,0.49192628264427185,0.005102075170725584,0.010371625486851783,0.08
18,octanol_hl_gap_eV,106,0.09669288992881775,0.0007997085922397673,0.6830858830218183,0.9704671847832602,0.2717868685722351,0.00040322868153452873,0.0014836209109468407,0.06
18,octanol_hl_gap_eV,107,0.10756254196166992,0.001077719614841044,0.6482247732738764,0.9549184525654151,0.27274128794670105,0.001701802364550531,0.006239621354589688,0.02
18,octanol_hl_gap_eV,108,0.07685012370347977,0.0011179177090525627,0.6560316579063292,0.9704339605862999,0.271487295627594,0.0009695123299024999,0.0035711149122513806,0.14
18,octanol_hl_gap_eV,109,0.09693920612335205,0.0008834617910906672,0.6818787042273635,0.9715539977959957,0.2910124659538269,0.001243598759174347,0.004273352191626254,0.1
18,octanol_hl_gap_eV,110,0.03912736102938652,0.0016537567134946585,0.6287339856120211,0.9678612850512094,0.3242003917694092,0.0008648685761727393,0.0026676975047824304,0.0
18,octanol_hl_gap_eV,111,0.12238068878650665,0.0014064135029911995,0.611778746367911,0.9454336264429819,0.3099196255207062,0.0026422040536999702,0.008525449297574221,0.06
18,octanol_hl_gap_eV,112,0.17688944935798645,0.0010158894583582878,0.6188851396728126,0.9362950774164265,0.2978977560997009,0.013043154962360859,0.04378399868844784,0.12
18,octanol_hl_gap_eV,113,0.057157598435878754,0.002137567847967148,0.6202766277144083,0.9448702874728918,0.4988247752189636,0.006313856691122055,0.012657464113225993,0.02
18,octanol_hl_gap_eV,114,0.07304937392473221,0.0019808937795460224,0.6287070939979742,0.9639779846350502,0.5049610137939453,0.001899129245430231,0.003760942317430452,0.12
18,octanol_hl_gap_eV,115,0.06500600278377533,0.0008127352339215577,0.6375872365331703,0.9580116158281995,0.24684549868106842,0.001719504245556891,0.006965912908051609,0.02
18,octanol_hl_gap_eV,116,0.40478286147117615,0.002134772250428796,0.6272427708788468,0.933665370021288,0.525842010974884,0.13741150498390198,0.26131709166627465,0.42
18,octanol_hl_gap_eV,117,0.03863934427499771,0.0065612513571977615,0.6240063161687563,0.9800882821177124,1.4485706090927124,0.009809795767068863,0.006772052190961587,0.04
18,octanol_hl_gap_eV,118,0.05825093388557434,0.0026147891767323017,0.6020083917735521,0.9695596714261774,0.4612893760204315,0.001947147073224187,0.004221096722457236,0.02
18,octanol_hl_gap_eV,119,0.05989997461438179,0.004362653940916061,0.611183269058776,0.9775606698033834,0.9307528734207153,0.001975397579371929,0.002122365276307901,0.02
18,octanol_hl_gap_eV,120,0.044575855135917664,0.0022232364863157272,0.6059138164544677,0.971358802383905,0.5328619480133057,0.0011419035727158189,0.002142963251501129,0.04
18,octanol_hl_gap_eV,121,0.0812542736530304,0.0017470440361648798,0.6510258319882951,0.9477331416721695,0.374504953622818,0.014954871498048306,0.03993237299902334,0.02
18,octanol_hl_gap_eV,122,0.08793651312589645,0.0029947911389172077,0.6097883522249354,0.9797202072699058,0.6411365270614624,0.002298913896083832,0.0035856854180817046,0.08
18,octanol_hl_gap_eV,123,0.004275748040527105,0.002479179762303829,0.607165548001567,0.9517687753686079,0.5567859411239624,0.000902406289242208,0.0016207418732961452,0.02
18,octanol_hl_gap_eV,124,0.136501744389534,0.001324535347521305,0.6422497265143927,0.9712646382269308,0.29102516174316406,0.000911695824470371,0.0031327044679214443,0.06
18,octanol_hl_gap_eV,125,0.09510181099176407,0.0007307453197427094,0.6604143721703031,0.9678309800533877,0.27586621046066284,0.00038345257053151727,0.0013899947002976492,0.12
18,octanol_hl_gap_eV,126,0.18359772861003876,0.0017933049239218235,0.619524647086446,0.9795443776655952,0.4176590144634247,0.0015660388162359595,0.0037495630694045537,0.12
18,octanol_hl_gap_eV,127,0.07414766401052475,0.0008384072571061552,0.6555276810754627,0.9701237200208748,0.29826483130455017,0.0006264825351536274,0.0021004237489667126,0.16
18,octanol_hl_gap_eV,128,0.04813966155052185,0.001464813482016325,0.6096954675360524,0.9709770568049314,0.289386510848999,0.0008243375923484564,0.0028485695132438055,0.04
18,octanol_hl_gap_eV,129,0.17767831683158875,0.003130452474579215,0.6000206621975508,0.9123081803039255,0.6604201793670654,0.06211106479167938,0.09404779976772588,0.06
18,octanol_hl_gap_eV,130,0.09261725842952728,0.001335415174253285,0.6441012978626399,0.9752386859786033,0.39665624499320984,0.0010658794781193137,0.0026871617214486564,0.06
18,octanol_hl_gap_eV,131,0.05098630115389824,0.0010650163749232888,0.6468755999381839,0.9665778163704148,0.279449999332428,0.0008288095123134553,0.002965859775607015,0.08
18,octanol_hl_gap_eV,132,0.0581594854593277,0.001421232707798481,0.6279834380379115,0.9543728366081328,0.32995662093162537,0.0006580535555258393,0.001994363845974175,0.02
18,octanol_hl_gap_eV,133,0.06768106669187546,0.003227165201678872,0.6030315228922345,0.9723625685027932,0.6751459240913391,0.0023291378747671843,0.003449828832043841,0.08
18,octanol_hl_gap_eV,134,0.018011879175901413,0.0013448400422930717,0.6030940845960837,0.9637370122756681,0.35092031955718994,0.0010485745733603835,0.0029880702681552643,0.06
18,octanol_hl_gap_eV,135,0.1751866638660431,0.0015964813064783812,0.6363440286396047,0.909253253528034,0.3042090833187103,0.03839898854494095,0.12622564759090882,0.02
18,octanol_hl_gap_eV,136,0.0840272456407547,0.0011531752534210682,0.6282786899856654,0.9770599498122228,0.2938845753669739,0.0012052258243784308,0.004101017628684542,0.12
18,octanol_hl_gap_eV,137,0.12710371613502502,0.001168911112472415,0.6320489791910662,0.9711904915794514,0.3601154386997223,0.0013742974260821939,0.0038162691137164336,0.06
18,octanol_hl_gap_eV,138,0.07452275604009628,0.0015417345566675067,0.6307192817737541,0.9769297419836771,0.4143799841403961,0.0010492207948118448,0.0025320257613030803,0.1
18,octanol_hl_gap_eV,139,0.04282378777861595,0.0011924157151952386,0.646321931817468,0.9621443133165324,0.23744262754917145,0.000608533329796046,0.002562864705790986,0.06
18,octanol_hl_gap_eV,140,0.11280293762683868,0.001071225618943572,0.656873075517177,0.9600998286173608,0.2996405065059662,0.0013047177344560623,0.004354276895570806,0.16
18,octanol_hl_gap_eV,141,0.1290241777896881,0.0014102604473009706,0.6030456880596107,0.9588483841981159,0.3468768000602722,0.007308590691536665,0.021069701664299105,0.02
18,octanol_hl_gap_eV,142,0.22200262546539307,0.002461622003465891,0.6363364460168535,0.9820407443949193,0.4081452190876007,0.0008276249282062054,0.0020277707284097114,0.14
18,octanol_hl_gap_eV,143,0.26357293128967285,0.0020293716806918383,0.6083529108536803,0.9271206274164261,0.39281973242759705,0.05569511279463768,0.14178287951688676,0.1
18,octanol_hl_gap_eV,144,0.08881492912769318,0.002350475871935487,0.6042262249717003,0.9722996742481689,0.5057844519615173,0.002475068438798189,0.004893524166667157,0.06
18,octanol_hl_gap_eV,145,0.08394935727119446,0.0009168073302134871,0.644734314584005,0.971856719296107,0.2743684649467468,0.00058833445655182,0.002144322441232494,0.02
18,octanol_hl_gap_eV,146,0.03564409539103508,0.0008323557558469474,0.6202770648337324,0.9737335430856897,0.2647366523742676,0.0004936977638863027,0.0018648636653014132,0.02
18,octanol_hl_gap_eV,147,0.15401117503643036,0.0035651009529829025,0.5940426755898076,0.9865823614744758,0.7467575073242188,0.0011202347232028842,0.0015001318529985843,0.16
18,octanol_hl_gap_eV,148,0.016059497371315956,0.0015712551539763808,0.5947635632226569,0.9675454773265422,0.3627265989780426,0.0008051656186580658,0.002219758961505897,0.02
18,octanol_hl_gap_eV,149,0.06366407871246338,0.0032119276002049446,0.6100637889921257,0.9721839945768724,0.7286769151687622,0.003084036987274885,0.004232379156077175,0.08
18,octanol_hl_gap_eV,150,0.06371339410543442,0.001673324266448617,0.6051401615966554,0.9708920314737188,0.3891243636608124,0.0004497517948038876,0.0011558047678451773,0.04
18,octanol_hl_gap_eV,151,0.32510799169540405,0.0020742982160300016,0.6062703480684706,0.9212114086817142,0.3703261613845825,0.09137121587991714,0.24673173382700456,0.26
18,octanol_hl_gap_eV,152,0.11839105933904648,0.0027802179101854563,0.6189023151378916,0.9786842052994087,0.5768285393714905,0.003437222447246313,0.00595882868588904,0.02
18,octanol_hl_gap_eV,153,0.07806238532066345,0.0018884340533986688,0.6061934818429482,0.9625264915303005,0.44256672263145447,0.0007556541822850704,0.0017074356105945593,0.14
18,octanol_hl_gap_eV,154,0.029173705726861954,0.0010613204212859273,0.6483755616040194,0.9727082439580579,0.3166515529155731,0.0005557442200370133,0.0017550655126115488,0.04
18,octanol_hl_gap_eV,155,0.04083295166492462,0.0010379914892837405,0.6148750070512048,0.9555837522481478,0.3244473934173584,0.0009263815591111779,0.0028552596750854808,0.1
18,octanol_hl_gap_eV,156,0.0481766052544117,0.0011992257786914706,0.6055708238231372,0.9614141016520834,0.2398861050605774,0.004956637043505907,0.020662459971386125,0.06
18,octanol_hl_gap_eV,157,0.11785297095775604,0.0017901875544339418,0.6198165324120333,0.9794256056673096,0.38381192088127136,0.0013241346459835768,0.003449957059549449,0.12
18,octanol_hl_gap_eV,158,0.1408195197582245,0.0013719958951696754,0.6596964810505801,0.9575673477749138,0.35307687520980835,0.006798597984015942,0.019255291018354066,0.02
18,octanol_hl_gap_eV,159,0.09631218016147614,0.002613215008750558,0.6151494463148204,0.9756101533305304,0.6067371368408203,0.0006688861758448184,0.0011024315724723853,0.04
18,octanol_hl_gap_eV,160,0.055095843970775604,0.005977488588541746,0.6124724629924121,0.9839033770955599,1.2434515953063965,0.0023882591631263494,0.0019206691857899488,0.02
18,octanol_hl_gap_eV,161,0.05524999648332596,0.0028143986128270626,0.6110354109701184,0.9701893885790314,0.6137547492980957,0.0013005424989387393,0.002118993784449033,0.06
18,octanol_hl_gap_eV,162,0.05247221887111664,0.0021894092205911875,0.605054659983266,0.9659117353244682,0.40006715059280396,0.000983240082859993,0.002457687619198592,0.08
18,octanol_hl_gap_eV,163,0.05638068541884422,0.0010629990138113499,0.6382633257088091,0.9656602343786045,0.32511207461357117,0.0007686223252676427,0.0023641764956937655,0.1
18,octanol_hl_gap_eV,164,0.09474659711122513,0.0024638900067657232,0.5967363403801218,0.9794000973530796,0.5469751954078674,0.002594970865175128,0.004744220372260418,0.06
18,octanol_hl_gap_eV,165,0.09952304512262344,0.002865090500563383,0.6233368102203407,0.9712695406718037,0.704855740070343,0.0007933008600957692,0.0011254797471275462,0.06
18,octanol_hl_gap_eV,166,0.09168398380279541,0.001176886260509491,0.6631582394511144,0.9720737939691197,0.3340856730937958,0.001099633751437068,0.00329147233778068,0.18
18,octanol_hl_gap_eV,167,0.03749176114797592,0.0014471350004896522,0.6399424238025233,0.9680902068801194,0.37001606822013855,0.0012177972821518779,0.0032912010767796106,0.22
18,octanol_hl_gap_eV,168,0.056441765278577805,0.001746035530231893,0.6264879829524417,0.9715073482236913,0.2932640016078949,0.0007423019269481301,0.002531173014342947,0.1
18,octanol_hl_gap_eV,169,0.03363373130559921,0.0023955670185387135,0.6150040341160903,0.9568194671636205,0.5634345412254333,0.0013337753480300307,0.002367223253883506,0.06
18,octanol_hl_gap_eV,170,0.12263912707567215,0.0010338779538869858,0.6544445217294024,0.9751070264376716,0.24225743114948273,0.0018055991968140006,0.00745322522511135,0.06
18,octanol_hl_gap_eV,171,0.015342917293310165,0.0013036370510235429,0.6486544220669541,0.9606464604476614,0.23751823604106903,0.0006901666056364775,0.0029057415427973347,0.08
18,octanol_hl_gap_eV,172,0.12300252169370651,0.0025854832492768764,0.6205596612977338,0.9351321824201879,0.4042421877384186,0.025729531422257423,0.06364880312518685,0.02
18,octanol_hl_gap_eV,173,0.10247242450714111,0.0016103720990940928,0.6344456714738709,0.9688777684139154,0.2905736267566681,0.0019135322654619813,0.006585361124546963,0.02
18,octanol_hl_gap_eV,174,0.05189818888902664,0.0018614328000694513,0.6039052901396578,0.9536636380252339,0.4004410207271576,0.0024605398066341877,0.0061445748044646215,0.04
18,octanol_hl_gap_eV,175,0.14991328120231628,0.0014422761742025614,0.6229001757947255,0.9443678077774218,0.38214534521102905,0.007407545577734709,0.019384105211707078,0.08
18,octanol_hl_gap_eV,176,0.049775008112192154,0.0020980071276426315,0.6184063567797853,0.9652461572007336,0.5187492966651917,0.0014072038466110826,0.002712685791879372,0.02
18,octanol_hl_gap_eV,177,0.06115281954407692,0.000876819365657866,0.6317859496820413,0.9869822107778801,0.22500449419021606,0.0012740318197757006,0.005662250544643119,0.02
18,octanol_hl_gap_eV,178,0.022191358730196953,0.0009445080067962408,0.6431496486833164,0.9649489135066827,0.31003159284591675,0.0004097188648302108,0.0013215390762896795,0.02
18,octanol_hl_gap_eV,179,0.011907272972166538,0.0006167747778818011,0.6340244357341338,0.970058661722258,0.28684619069099426,0.00041782730841077864,0.001456624915967192,0.04
18,octanol_hl_gap_eV,180,0.16548098623752594,0.0017510781763121486,0.6132436723000865,0.9734207914150241,0.45531025528907776,0.0011988035403192043,0.0026329377087236493,0.18
18,octanol_hl_gap_eV,181,0.0891481339931488,0.0010709617054089904,0.6501402587335012,0.9660962141574734,0.2852657437324524,0.0015937484567984939,0.005586890440982122,0.14
18,octanol_hl_gap_eV,182,0.08159200847148895,0.0010224157012999058,0.615619521285401,0.9648783349073617,0.30771684646606445,0.0009669535211287439,0.0031423483381998758,0.06
18,octanol_hl_gap_eV,183,0.14048512279987335,0.001355962362140417,0.617637210669681,0.964249756138778,0.38307419419288635,0.0007862481870688498,0.0020524697277649467,0.16
18,octanol_hl_gap_eV,184,0.042464692145586014,0.0015549411764368415,0.5972626990729442,0.9672565349808699,0.38487356901168823,0.0026220311410725117,0.006812707736219951,0.04
18,octanol_hl_gap_eV,185,0.3299429416656494,0.0019762786105275154,0.5995988351092605,0.9337833599018741,0.41120365262031555,0.10100249946117401,0.24562646469104826,0.16
18,octanol_hl_gap_eV,186,0.04497281461954117,0.002074708230793476,0.600726724919671,0.9838379663067143,0.42434656620025635,0.0008274644496850669,0.0019499732426126724,0.0
18,octanol_hl_gap_eV,187,0.03778515011072159,0.000804402690846473,0.6528621310806126,0.9653551802974227,0.2993369996547699,0.0004365028580650687,0.0014582322217717636,0.04
18,octanol_hl_gap_eV,188,0.07025159895420074,0.0010891221463680267,0.61825268109809,0.9762839007836075,0.2920262813568115,0.0005998528795316815,0.0020541058042606547,0.26
18,octanol_hl_gap_eV,189,0.026170147582888603,0.001877226633951068,0.601655792160293,0.9729659049371233,0.38693007826805115,0.0009387313039042056,0.002426100622898297,0.1
18,octanol_hl_gap_eV,190,0.04549775645136833,0.0017048099543899298,0.613120074434625,0.9675513519080237,0.4820476770401001,0.0010122976964339614,0.002099994968650687,0.02
18,octanol_hl_gap_eV,191,0.3192470967769623,0.001688802964054048,0.6222825961165563,0.911403426416896,0.3790351152420044,0.03917221352458,0.10334718855684262,0.26
18,octanol_hl_gap_eV,192,0.14170801639556885,0.001886764308437705,0.6234432657237159,0.9057858295952217,0.4858555197715759,0.04717071354389191,0.09708794409924401,0.14
18,octanol_hl_gap_eV,193,0.07612274587154388,0.0013661470729857683,0.656939775290164,0.9749296857722469,0.32584524154663086,0.0005368661368265748,0.00164761079302042,0.02
18,octanol_hl_gap_eV,194,0.09081484377384186,0.0016252113273367286,0.5996127570619934,0.9627717580161028,0.3730972111225128,0.0018575801514089108,0.0049788100688829395,0.08
18,octanol_hl_gap_eV,195,0.2622428238391876,0.0013630177127197385,0.6095909789827201,0.9800231041106626,0.3241499066352844,0.0018031318904832006,0.005562648187068538,0.24
18,octanol_hl_gap_eV,196,0.011703813448548317,0.0013540101936087012,0.6101840195401906,0.9594833058739884,0.3274535834789276,0.0005865276325494051,0.0017911779322065337,0.08
18,octanol_hl_gap_eV,197,0.13246527314186096,0.0030436047818511724,0.6239687770104922,0.9682898807498646,0.5085607767105103,0.0010183528065681458,0.0020024210540873586,0.06
18,octanol_hl_gap_eV,198,0.08271080255508423,0.0010299469577148557,0.6654144539675759,0.9779614494879934,0.32671111822128296,0.0006552182603627443,0.0020054972843592117,0.1
18,octanol_hl_gap_eV,199,0.12100863456726074,0.0017414259491488338,0.6024225775083438,0.9663846289889861,0.35521942377090454,0.006516280584037304,0.018344381382252112,0.1
18,octanol_hl_gap_eV,200,0.10661222040653229,0.001757954596541822,0.5926590858167382,0.9206866640958757,0.4111771583557129,0.0327950045466423,0.0797588189912803,0.02
18,octanol_hl_gap_eV,201,0.10457760840654373,0.005022866185754538,0.607930614849068,0.9801497092714804,1.0210278034210205,0.003991864621639252,0.003909653202649573,0.02
18,octanol_hl_gap_eV,202,0.15692856907844543,0.0012695303885266185,0.6272766366567026,0.967580125466277,0.32342422008514404,0.0007841113256290555,0.0024244050906967692,0.22
18,octanol_hl_gap_eV,203,0.2063232660293579,0.0010937554761767387,0.6196832333836118,0.9214181739093512,0.28690728545188904,0.026067296043038368,0.09085616631164127,0.12
18,octanol_hl_gap_eV,204,0.02459697611629963,0.005345671437680721,0.6165409955284911,0.9818971463837527,1.0981768369674683,0.0036107832565903664,0.003287979799830116,0.06
18,octanol_hl_gap_eV,205,0.023060038685798645,0.0015824685106053948,0.6030656152875389,0.9618699700222526,0.3101847469806671,0.0011146914912387729,0.0035936373470622277,0.06
18,octanol_hl_gap_eV,206,0.0962536558508873,0.001424237503670156,0.6027693775196248,0.9632458329610143,0.3645187020301819,0.0017871359596028924,0.004902727760330165,0.1
18,octanol_hl_gap_eV,207,0.09566009044647217,0.000858312239870429,0.6727288656581012,0.973409986601327,0.278952419757843,0.0005439113592728972,0.0019498356018745546,0.16
18,octanol_hl_gap_eV,208,0.09701467305421829,0.0031261236872524023,0.6198614983500337,0.9760919557502976,0.747864842414856,0.0008898205123841763,0.0011898146054184675,0.1
18,octanol_hl_gap_eV,209,0.1082320362329483,0.0010066700633615255,0.6381274532487615,0.974117584894751,0.3319379687309265,0.0008340873755514622,0.0025127808630641614,0.12
18,octanol_hl_gap_eV,210,0.04439311474561691,0.001017196336761117,0.6537422919602751,0.9590001331039688,0.3113272190093994,0.0013797739520668983,0.0044319091548023016,0.04
18,octanol_hl_gap_eV,211,0.03442706540226936,0.001085561467334628,0.6379171050669208,0.9698009985963914,0.29564613103866577,0.0010536005720496178,0.003563721833085053,0.1
18,octanol_hl_gap_eV,212,0.060989860445261,0.0008680216269567609,0.6312557981460665,0.9664362216324589,0.2584426999092102,0.0007010715780779719,0.0027126770395304463,0.06
18,octanol_hl_gap_eV,213,0.14489437639713287,0.0017541598062962294,0.6325469522878031,0.9703167595580817,0.2901763617992401,0.003400886431336403,0.011720067100742417,0.14
18,octanol_hl_gap_eV,214,0.06439735740423203,0.0013439682079479098,0.6480248431053452,0.9718701569511385,0.23609328269958496,0.001631461433134973,0.006910240793300813,0.02
18,octanol_hl_gap_eV,215,0.04192521423101425,0.002760746981948614,0.6231339599716001,0.975265989570808,0.4954482913017273,0.0016436615260317922,0.0033175238564518627,0.02
18,octanol_hl_gap_eV,216,0.04620452970266342,0.001355243963189423,0.6034031932794723,0.968845469531822,0.3672736883163452,0.002780354581773281,0.007570252567013371,0.1
18,octanol_hl_gap_eV,217,0.027230961248278618,0.0011343001388013363,0.6618467763071416,0.9704155552417157,0.19855433702468872,0.0009104576311074197,0.00458543310990085,0.06
18,octanol_hl_gap_eV,218,0.09385824203491211,0.0012447317130863667,0.6517536774490913,0.964870432201022,0.21717031300067902,0.0024454351514577866,0.011260448620572466,0.02
18,octanol_hl_gap_eV,219,0.05801888555288315,0.0018841699929907918,0.6225237548794962,0.9533580173088418,0.4508800506591797,0.0007605126011185348,0.0016867293197085945,0.08
18,octanol_hl_gap_eV,220,0.06624115258455276,0.003710148623213172,0.613452654701512,0.9827082518003762,0.8210030198097229,0.006867405492812395,0.008364653146347741,0.02
18,octanol_hl_gap_eV,221,0.195525661110878,0.0009501236490905285,0.6541312261895857,0.9364943254151448,0.3211514949798584,0.03150246664881706,0.09809223105373617,0.14
18,octanol_hl_gap_eV,222,0.038816288113594055,0.0020134439691901207,0.5963178729725762,0.9866669219678899,0.413826048374176,0.0008822900708764791,0.002132031258889542,0.08
18,octanol_hl_gap_eV,223,0.05113581568002701,0.006323281675577164,0.6003839141235938,0.98344966815028,1.10579514503479,0.006682645529508591,0.006043294329437795,0.08
18,octanol_hl_gap_eV,224,0.028743520379066467,0.0014135736273601651,0.6127347143499393,0.9488010211537428,0.36204245686531067,0.000556241546291858,0.0015363986619359245,0.02
18,octanol_hl_gap_eV,225,0.1654137670993805,0.0006296709761954844,0.6621567874413019,0.9867929404294453,0.26980865001678467,0.0006236976478248835,0.002311629548519232,0.1
18,octanol_hl_gap_eV,226,0.0388486310839653,0.0013266484020277858,0.5940214695169119,0.9493966340190549,0.3495582044124603,0.0033535107504576445,0.009593568991161993,0.04
18,octanol_hl_gap_eV,227,0.42471441626548767,0.001138994819484651,0.6277568861356035,0.9287938861099636,0.31631484627723694,0.0899234414100647,0.28428460588678944,0.28
18,octanol_hl_gap_eV,228,0.14302261173725128,0.0011208871146664023,0.6042010230819632,0.9490336459502824,0.32795825600624084,0.008831220678985119,0.0269278803544347,0.18
18,octanol_hl_gap_eV,229,0.15754078328609467,0.001860306365415454,0.624642908590896,0.9216912523378473,0.33931636810302734,0.03298433870077133,0.09720821569903232,0.02
18,octanol_hl_gap_eV,230,0.06518013775348663,0.0021259114146232605,0.6609369247651378,0.9639123723917769,0.40433987975120544,0.0018019581912085414,0.004456543322704912,0.02
18,octanol_hl_gap_eV,231,0.07416385412216187,0.0010665247682482004,0.636550162633899,0.9568578939964614,0.32042208313941956,0.0013756982516497374,0.00429339400758828,0.06
18,octanol_hl_gap_eV,232,0.03269610181450844,0.0019640701357275248,0.6424049573127735,0.9526101648586631,0.3052166998386383,0.0014123910805210471,0.00462750262769943,0.0
18,octanol_hl_gap_eV,233,0.06143531575798988,0.002092716982588172,0.6169888812833451,0.9733880706439446,0.5468945503234863,0.0017842252273112535,0.0032624666423461163,0.04
18,octanol_hl_gap_eV,234,0.17834602296352386,0.0012000123970210552,0.6575688515795202,0.9689769410461471,0.20947584509849548,0.0028763683512806892,0.013731265053153129,0.04
18,octanol_hl_gap_eV,235,0.08593856543302536,0.001496362267062068,0.6301526063109211,0.9641922131867477,0.39762067794799805,0.00077391741797328,0.0019463711544561448,0.06
18,octanol_hl_gap_eV,236,0.16019181907176971,0.0008505783625878394,0.6689026131227505,0.9452312422223648,0.26949912309646606,0.00294936029240489,0.01094385858669076,0.14
18,octanol_hl_gap_eV,237,0.06712272018194199,0.0013057334581390023,0.6236587457651672,0.962119734497443,0.2746133506298065,0.0008502323180437088,0.0030961070031510136,0.02
18,octanol_hl_gap_eV,238,0.052314307540655136,0.0022359751164913177,0.6110723452211093,0.9686771536212051,0.5508549213409424,0.0015335256466642022,0.002783901145752045,0.0
18,octanol_hl_gap_eV,239,0.22153036296367645,0.002972804242745042,0.6068116800398198,0.9176015800818509,0.6166160106658936,0.08797330409288406,0.14267113174353074,0.14
18,octanol_hl_gap_eV,240,0.06065791845321655,0.0016424377681687474,0.6049763042094569,0.9789622930269779,0.37282660603523254,0.0008681432227604091,0.0023285441776608844,0.06
18,octanol_hl_gap_eV,241,0.07279999554157257,0.001190317329019308,0.6207103833788743,0.975799541051452,0.33679327368736267,0.0006327013834379613,0.001878604571020273,0.02
18,octanol_hl_gap_eV,242,0.02421727031469345,0.0010163660626858473,0.6499678394483519,0.9689427906834978,0.22796711325645447,0.0007793558179400861,0.0034187203882488962,0.06
18,octanol_hl_gap_eV,243,0.021118339151144028,0.001117378706112504,0.6413487280613288,0.9678359105280181,0.27365800738334656,0.0007228615577332675,0.0026414778235254273,0.06
18,octanol_hl_gap_eV,244,0.04585887864232063,0.0007937306072562933,0.6743825451870362,0.9646240415222838,0.2753869891166687,0.0014724322827532887,0.0053467750509065895,0.02
18,octanol_hl_gap_eV,245,0.09461116045713425,0.001646323362365365,0.628369001978426,0.9678175954437158,0.4088675081729889,0.0004616428632289171,0.0011290769112267032,0.1
18,octanol_hl_gap_eV,246,0.07728394120931625,0.002001626417040825,0.6389470268710333,0.9669852638305385,0.3360529839992523,0.003414209233596921,0.01015973491133921,0.04
18,octanol_hl_gap_eV,247,0.04771082103252411,0.0013409149833023548,0.6145938018015973,0.976286259862656,0.30421215295791626,0.0027779932133853436,0.009131762772704357,0.0
18,octanol_hl_gap_eV,248,0.0930384173989296,0.003025354817509651,0.6062814199588058,0.9773038639893723,0.6259961724281311,0.003265478415414691,0.005216451089067309,0.06
18,octanol_hl_gap_eV,249,0.1078958660364151,0.001975829480215907,0.6123986668624593,0.9206197611935829,0.4509909451007843,0.033467166125774384,0.07420806667924425,0.06
18,octanol_dipole,0,0.15492567420005798,0.016243359073996544,0.6147525157549774,0.971820938522991,3.0373311042785645,0.010856709443032742,0.0035744240816351362,0.14
18,octanol_dipole,1,0.1740618795156479,0.016618039458990097,0.6069874696244635,0.9509043462791185,3.0154571533203125,0.0669238418340683,0.022193597332457078,0.1
18,octanol_dipole,2,0.3452426791191101,0.014316469430923462,0.6159428298978336,0.9073321299863917,2.7207422256469727,0.43665120005607605,0.16048973546262493,0.1
18,octanol_dipole,3,0.12475617974996567,0.010524118319153786,0.616781132657721,0.9671679848903643,2.0304553508758545,0.018720246851444244,0.009219728394110761,0.08
18,octanol_dipole,4,0.36072638630867004,0.016863442957401276,0.6117052128173814,0.9023402200424262,3.1172385215759277,0.44528627395629883,0.14284639140516692,0.16
18,octanol_dipole,5,0.24623149633407593,0.015891069546341896,0.6164457889566144,0.9365158795763091,3.0206477642059326,0.10615849494934082,0.03514428137146528,0.16
18,octanol_dipole,6,0.13438591361045837,0.016604622825980186,0.6148603520877427,0.9701265971641038,3.057737112045288,0.01603696309030056,0.005244716109545992,0.1
18,octanol_dipole,7,0.17629419267177582,0.011532931588590145,0.6139750499005727,0.9344133955473406,2.1806600093841553,0.10063499957323074,0.04614887196544283,0.06
18,octanol_dipole,8,0.10875683277845383,0.016139715909957886,0.6102861236940786,0.9625018654826905,3.014662742614746,0.005741961300373077,0.0019046778331803804,0.06
18,octanol_dipole,9,0.2533506453037262,0.01802142895758152,0.6159545061819036,0.911278570150017,3.4672718048095703,0.5072369575500488,0.14629281640004202,0.14
18,octanol_dipole,10,0.18945181369781494,0.006110210437327623,0.6339662491068538,0.9722323284345853,1.0785380601882935,0.11141044646501541,0.10329764945482327,0.06
18,octanol_dipole,11,0.10947726666927338,0.024991711601614952,0.6147512055396169,0.9567683939443115,4.8430657386779785,0.008262473158538342,0.0017060419173235847,0.04
18,octanol_dipole,12,0.14740897715091705,0.010113500989973545,0.6165551840017875,0.9480521049856943,1.8220405578613281,0.06608550250530243,0.03627005020287373,0.12
18,octanol_dipole,13,0.32214367389678955,0.02197195403277874,0.6130155988294881,0.9121978774224144,4.370556354522705,0.6347615122795105,0.14523586033220953,0.18
18,octanol_dipole,14,0.596544623374939,0.0044014947488904,0.6728106240489329,0.9100512861126713,0.8199716210365295,0.6918630599975586,0.843764640443253,0.36
18,octanol_dipole,15,0.08520729094743729,0.01634102314710617,0.613208392398515,0.957957669341231,2.969102144241333,0.013501143082976341,0.0045472140826014465,0.1
18,octanol_dipole,16,0.1856488287448883,0.01644563116133213,0.607989934481989,0.944921678606738,2.9972293376922607,0.05270475149154663,0.017584490725733738,0.16
18,octanol_dipole,17,0.15723508596420288,0.012199902907013893,0.615662353363837,0.9422764968774295,2.283546209335327,0.02819495089352131,0.012347002560429038,0.16
18,octanol_dipole,18,0.15782681107521057,0.014009145088493824,0.6141121415272228,0.9588906288648305,2.5980513095855713,0.03187421336770058,0.012268508035272406,0.12
18,octanol_dipole,19,0.06754472106695175,0.00868959166109562,0.6116009558274467,0.9684654811645756,1.5844409465789795,0.009059338830411434,0.005717687901194274,0.16
18,octanol_dipole,20,0.2556717097759247,0.017730815336108208,0.6152124753382371,0.9124713918705827,3.3261735439300537,0.2900015413761139,0.08718773616167405,0.1
18,octanol_dipole,21,0.160652756690979,0.014963828958570957,0.6138390766835113,0.940532032396256,2.7614479064941406,0.04273008182644844,0.015473796092969718,0.1
18,octanol_dipole,22,0.1581888049840927,0.017631862312555313,0.6156548280634921,0.9605307780708854,3.2179787158966064,0.0053329989314079285,0.001657251151184829,0.12
18,octanol_dipole,23,0.4934295415878296,0.011729735881090164,0.6227499134266448,0.8921181863550289,2.191528558731079,0.7705443501472473,0.35160132733720867,0.2
18,octanol_dipole,24,0.0852585881948471,0.0109921395778656,0.6165917476950447,0.9630473063378517,2.1197872161865234,0.01629517413675785,0.007687174454270325,0.06
18,octanol_dipole,25,0.07093027979135513,0.01760789193212986,0.6121537085996906,0.953867770830007,3.2193849086761475,0.007423875387758017,0.002305991858181012,0.12
18,octanol_dipole,26,0.24864427745342255,0.023626215755939484,0.6139044126019888,0.8980527670214233,4.636204719543457,0.5228487253189087,0.11277515919754195,0.1
18,octanol_dipole,27,0.1706945300102234,0.013318141922354698,0.614495575740944,0.9550450563755866,2.4353880882263184,0.012557667680084705,0.005156331239687714,0.18
18,octanol_dipole,28,0.06973886489868164,0.012115297839045525,0.6125783169390755,0.9683122482773312,2.2442667484283447,0.009256918914616108,0.004124696371809951,0.1
18,octanol_dipole,29,0.4142892360687256,0.010488721542060375,0.6215866600096258,0.9216620562057218,1.9343727827072144,0.3186298608779907,0.16471998764998047,0.22
18,octanol_dipole,30,0.1394597440958023,0.023412009701132774,0.6136586153799868,0.9657073392864146,4.279890060424805,0.01200885884463787,0.0028058802154011216,0.12
18,octanol_dipole,31,0.09662306308746338,0.013439700938761234,0.6144505607983324,0.9566671578669723,2.4680750370025635,0.008416634984314442,0.0034102022256731327,0.1
18,octanol_dipole,32,0.06888844817876816,0.015375596471130848,0.6168046321644853,0.9535226117930053,2.897372007369995,0.017164072021842003,0.005924013891962112,0.06
18,octanol_dipole,33,0.1498064398765564,0.01277992781251669,0.6154404033212117,0.9662807215257865,2.3851022720336914,0.014271005988121033,0.0059833937334488625,0.16
18,octanol_dipole,34,0.07638093829154968,0.014970846474170685,0.6100967513904842,0.9720387038704965,2.7709014415740967,0.008060595020651817,0.002909015419932347,0.06
18,octanol_dipole,35,0.1229703277349472,0.018083438277244568,0.620555940563233,0.9503944306480665,3.3021726608276367,0.015492119826376438,0.004691492970719946,0.12
18,octanol_dipole,36,0.5379560589790344,0.008047935552895069,0.653222150206421,0.9037877041954301,1.5387240648269653,0.753602147102356,0.4897578222948642,0.14
18,octanol_dipole,37,0.3708236515522003,0.013301136903464794,0.6136362783155587,0.8909827833609156,2.5336592197418213,0.458733469247818,0.18105571012606925,0.24
18,octanol_dipole,38,0.24081334471702576,0.01276880782097578,0.6149295745057379,0.9365729973321133,2.3652102947235107,0.10873287916183472,0.045971759637781134,0.16
18,octanol_dipole,39,0.09208285063505173,0.029684707522392273,0.6048258203490386,0.9647564518000697,5.328652858734131,0.009056414477527142,0.0016995692377826568,0.02
18,octanol_dipole,40,0.37360793352127075,0.01602243073284626,0.6128280568834485,0.8910671475038243,3.0913949012756348,0.5284112095832825,0.17092970211125036,0.2
18,octanol_dipole,41,0.338280588388443,0.017224930226802826,0.616920745150596,0.9106490181077203,3.240680694580078,0.43661922216415405,0.1347307134869486,0.1
18,octanol_dipole,42,0.34569287300109863,0.013709486462175846,0.6161155251158492,0.9197490082521087,2.607670783996582,0.37405654788017273,0.1434446979180724,0.2
18,octanol_dipole,43,0.378825843334198,0.016085831448435783,0.6159940894593592,0.9086839370150253,3.093355894088745,0.5918282270431519,0.19132238491345507,0.16
18,octanol_dipole,44,0.41424277424812317,0.013836056925356388,0.6170646138158247,0.9001053650857149,2.5630013942718506,0.6416443586349487,0.25034881372635387,0.1
18,octanol_dipole,45,0.39881062507629395,0.01288104709237814,0.6197027914948405,0.9021751631677328,2.5375704765319824,0.4973556697368622,0.195996790763653,0.2
18,octanol_dipole,46,0.2976357936859131,0.008696180768311024,0.6184501186097224,0.923877582822116,1.5312371253967285,0.3221500813961029,0.21038549552711308,0.18
18,octanol_dipole,47,0.141248881816864,0.012601957656443119,0.6147840093869559,0.9553941523374399,2.313286542892456,0.05990671366453171,0.025896797717772722,0.12
18,octanol_dipole,48,0.0637059137225151,0.007897759787738323,0.6132401523535822,0.9505284322348988,1.4186021089553833,0.010082313790917397,0.007107217539907448,0.12
18,octanol_dipole,49,0.11053071916103363,0.01673315092921257,0.6147858738645844,0.9614533546253397,3.1355419158935547,0.00922380294650793,0.00294169339588604,0.06
18,octanol_dipole,50,0.15264087915420532,0.020360318943858147,0.6131123551600137,0.9511254816120616,3.7037136554718018,0.04268879443407059,0.011525943527249442,0.02
18,octanol_dipole,51,0.33137428760528564,0.014669130556285381,0.6150880849356894,0.8947620479897764,2.7191104888916016,0.5132197737693787,0.18874546505779685,0.1
18,octanol_dipole,52,0.15999136865139008,0.014305881224572659,0.6136793689878459,0.9244494322800416,2.6594152450561523,0.14092285931110382,0.05299016750884584,0.08
18,octanol_dipole,53,0.2803647816181183,0.01420006062835455,0.6174682881120115,0.9247571408550912,2.6673245429992676,0.2705492079257965,0.10143092959418354,0.18
18,octanol_dipole,54,0.32869037985801697,0.0095944469794631,0.6072430640827988,0.9160314706301154,1.75144362449646,0.3237905502319336,0.18487066651946812,0.12
18,octanol_dipole,55,0.4794417917728424,0.009579935111105442,0.6261611527099848,0.9104786856247706,1.7477104663848877,0.6723775863647461,0.3847190935209931,0.22
18,octanol_dipole,56,0.1914534866809845,0.010655716061592102,0.6131026335722609,0.9353769593259913,1.9472036361694336,0.07531755417585373,0.03867985493495661,0.1
18,octanol_dipole,57,0.11614344269037247,0.012836669571697712,0.6166692152544828,0.9659623141914899,2.404979944229126,0.0063611422665417194,0.0026449876564690737,0.1
18,octanol_dipole,58,0.13138701021671295,0.01303238794207573,0.6141934010998948,0.9589885249100432,2.395599365234375,0.01079051848500967,0.004504308458920456,0.1
18,octanol_dipole,59,0.2591473460197449,0.00745525024831295,0.6149246495812897,0.9326641449114885,1.3767038583755493,0.1479395031929016,0.10745920576373179,0.12
18,octanol_dipole,60,0.1051248237490654,0.021789787337183952,0.6089788121939967,0.9708974642055415,3.954108238220215,0.008571866899728775,0.0021678382035356376,0.06
18,octanol_dipole,61,0.3779837489128113,0.0039957077242434025,0.6440476016206012,0.93733680610557,0.6761993169784546,0.14637383818626404,0.2164655220894402,0.08
18,octanol_dipole,62,0.16304735839366913,0.013493524864315987,0.6131309766613646,0.9718073593867225,2.512730121612549,0.009355394169688225,0.00372319895766776,0.14
18,octanol_dipole,63,0.2041439563035965,0.012301278300583363,0.6103533389892561,0.9403225468217875,2.286287784576416,0.10767408460378647,0.047095595458353644,0.08
18,octanol_dipole,64,0.2785097658634186,0.01630857028067112,0.615041221881439,0.9315273103715103,3.0087850093841553,0.30192622542381287,0.100348221784584,0.16
18,octanol_dipole,65,0.32397347688674927,0.019011300057172775,0.6130218906834888,0.9149572827254304,3.59564208984375,0.5811476707458496,0.16162556122795405,0.14
18,octanol_dipole,66,0.12666814029216766,0.010693949647247791,0.6130516428002619,0.9509564555319057,1.9725556373596191,0.026893097907304764,0.013633632125734483,0.16
18,octanol_dipole,67,0.18433865904808044,0.015296407975256443,0.6143515382783735,0.9631025853773132,2.829089879989624,0.0056081549264490604,0.001982317693798272,0.14
18,octanol_dipole,68,0.1296945959329605,0.017664382234215736,0.6120834947705232,0.9603703341339809,3.206651449203491,0.007884437218308449,0.002458775873588283,0.1
18,octanol_dipole,69,0.28051847219467163,0.014040051028132439,0.6108397600206392,0.9050159900264592,2.6332786083221436,0.30887287855148315,0.11729593578717024,0.12
18,octanol_dipole,70,0.26757970452308655,0.016556696966290474,0.6065626154425343,0.9158930563357617,3.1775705814361572,0.33041414618492126,0.10398325944835031,0.1
18,octanol_dipole,71,0.3671779930591583,0.013468232937157154,0.6176295161770027,0.9206048998866114,2.5025839805603027,0.34228748083114624,0.1367736241780432,0.14
18,octanol_dipole,72,0.19933553040027618,0.036618005484342575,0.6116065938344948,0.8988917846530105,7.045985221862793,0.802095353603363,0.113837217698749,0.04
18,octanol_dipole,73,0.4034140408039093,0.01176704652607441,0.6164112080373321,0.9007666687325717,2.160386800765991,0.48306116461753845,0.22359938713116712,0.2
18,octanol_dipole,74,0.07592026144266129,0.0143456244841218,0.6070660207234835,0.9380382241414942,2.549502372741699,0.018140921369194984,0.007115475381843434,0.1
18,octanol_dipole,75,0.3554427921772003,0.015255612321197987,0.6157126951416276,0.8958667777063358,2.8735759258270264,0.5213057398796082,0.1814135952331151,0.24
18,octanol_dipole,76,0.09195214509963989,0.012249196879565716,0.6163035644780528,0.9524969527185241,2.2252843379974365,0.015372409485280514,0.00690806528531736,0.14
18,octanol_dipole,77,0.27109313011169434,0.011659874580800533,0.6135120957736933,0.9217263062896137,2.194467544555664,0.21785323321819305,0.09927384606743135,0.16
18,octanol_dipole,78,0.06932774186134338,0.01655050553381443,0.6071554201813774,0.9649796843050347,2.9515888690948486,0.007647090125828981,0.0025908385161291392,0.06
18,octanol_dipole,79,0.40169650316238403,0.011729896999895573,0.6195014831353436,0.9120724882162876,2.232421398162842,0.5493748188018799,0.2460892102422888,0.2
18,octanol_dipole,80,0.1483471691608429,0.01395519357174635,0.6138916769112246,0.9608238806371749,2.553478479385376,0.014769610948860645,0.005784114128275598,0.06
18,octanol_dipole,81,0.20578771829605103,0.01615680381655693,0.6136762214098641,0.9561181602121056,3.02498459815979,0.14875638484954834,0.04917591479310088,0.14
18,octanol_dipole,82,0.09907370060682297,0.014255218207836151,0.6136222903696724,0.9590988540000391,2.6356348991394043,0.01800868846476078,0.0068327705292721055,0.08
18,octanol_dipole,83,0.250071257352829,0.002466118661686778,0.6212935433039608,0.960839815203858,0.342617928981781,0.02554231323301792,0.07455042796191835,0.16
18,octanol_dipole,84,0.3963080644607544,0.01539112813770771,0.6174078522672697,0.9088361814480808,3.0622127056121826,0.613834023475647,0.20045440421256833,0.28
18,octanol_dipole,85,0.2682047188282013,0.015216369181871414,0.6153424232210796,0.9182499325468774,2.7955965995788574,0.26523900032043457,0.09487742271556329,0.18
18,octanol_dipole,86,0.12859433889389038,0.01267489418387413,0.6153602859730882,0.966941740169655,2.3438446521759033,0.020224854350090027,0.00862892271094602,0.18
18,octanol_dipole,87,0.284302681684494,0.017068421468138695,0.6129551758856784,0.9060574067941991,3.175239324569702,0.4142151176929474,0.13045162123301696,0.14
18,octanol_dipole,88,0.09497735649347305,0.012528592720627785,0.6116508289877658,0.9660023612344701,2.276390552520752,0.017498357221484184,0.00768688712141572,0.14
18,octanol_dipole,89,0.3626386821269989,0.018385548144578934,0.611563127254666,0.8983276885799338,3.585718870162964,0.6341954469680786,0.17686702999648593,0.12
18,octanol_dipole,90,0.09581982344388962,0.007131634745746851,0.6139040344951301,0.9646486953455347,1.3058552742004395,0.015051554888486862,0.011526204462207928,0.14
18,octanol_dipole,91,0.1593288779258728,0.011252226307988167,0.6132645342481022,0.9538184337940567,2.072108745574951,0.029922325164079666,0.014440518736277556,0.08
18,octanol_dipole,92,0.09176446497440338,0.008373969234526157,0.6225822259462019,0.969991730217777,1.4695513248443604,0.040583617985248566,0.027616332481308035,0.04
18,octanol_dipole,93,0.15836508572101593,0.014434163458645344,0.615281700903372,0.9514992952755192,2.7081027030944824,0.03762349113821983,0.013892933637719276,0.08
18,octanol_dipole,94,0.05596785247325897,0.01761108823120594,0.620158570194207,0.9670949366603148,3.3625121116638184,0.008326621726155281,0.0024763098093452374,0.0
18,octanol_dipole,95,0.16497768461704254,0.01231759786605835,0.6136651094434908,0.9514232272422714,2.3056445121765137,0.03563797101378441,0.01545683683047149,0.12
18,octanol_dipole,96,0.330230176448822,0.013230619952082634,0.6132810053929849,0.8894166606373859,2.487731456756592,0.4108339548110962,0.16514401250797608,0.1
18,octanol_dipole,97,0.19460046291351318,0.014007428660988808,0.6077189753005978,0.9307984275075902,2.518017053604126,0.1403772234916687,0.0557491154759027,0.0
18,octanol_dipole,98,0.15492366254329681,0.01617010124027729,0.6147359152787741,0.9764758265031266,3.0495455265045166,0.007319249678403139,0.002400111628040749,0.12
18,octanol_dipole,99,0.2985990047454834,0.0179034061729908,0.6028591419998721,0.9077489799286778,3.2145943641662598,0.5099643468856812,0.15864034124191778,0.12
18,octanol_dipole,100,0.3637245297431946,0.011156958527863026,0.6156674424131825,0.9238856860193028,2.1382601261138916,0.3097151815891266,0.1448444825803341,0.24
18,octanol_dipole,101,0.16269011795520782,0.01588636450469494,0.6151272989132868,0.9542141089647911,2.9293901920318604,0.02022046037018299,0.006902617625055212,0.12
18,octanol_dipole,102,0.18223918974399567,0.016979480162262917,0.6133402304468152,0.9420882014815928,3.269493341445923,0.03904217109084129,0.011941352073093691,0.08
18,octanol_dipole,103,0.39434394240379333,0.014481284655630589,0.6154292559307708,0.9110355450218746,2.8070409297943115,0.635528564453125,0.22640516485083598,0.28
18,octanol_dipole,104,0.3006417453289032,0.015976423397660255,0.6060291340918516,0.8992166304295317,2.9167752265930176,0.4748682379722595,0.16280590757997365,0.12
18,octanol_dipole,105,0.1473253220319748,0.00845020730048418,0.6200662102744712,0.9545314618917775,1.4768019914627075,0.03731704130768776,0.02526881838148584,0.12
18,octanol_dipole,106,0.21283948421478271,0.017968706786632538,0.6166500483602284,0.9479943458824138,3.303586006164551,0.026419246569275856,0.007997142051085418,0.06
18,octanol_dipole,107,0.11913327872753143,0.01632319949567318,0.6106049390486226,0.9718619254897809,2.976576805114746,0.004656553268432617,0.0015643988290277324,0.06
18,octanol_dipole,108,0.14218193292617798,0.01848643086850643,0.6125664720137269,0.9604568387164032,3.4704413414001465,0.012061337009072304,0.0034754475937075393,0.1
18,octanol_dipole,109,0.13699685037136078,0.007113497704267502,0.6132800116068986,0.9664761139433633,1.2682929039001465,0.03907788172364235,0.030811401375402614,0.12
18,octanol_dipole,110,0.15900921821594238,0.01676890067756176,0.6170157252638255,0.9658007633676025,3.0878868103027344,0.015691157430410385,0.00508151962632077,0.12
18,octanol_dipole,111,0.39616620540618896,0.012802578508853912,0.6215739914111511,0.9106104162808761,2.350273370742798,0.5852000117301941,0.24899231681514697,0.22
18,octanol_dipole,112,0.1198793351650238,0.01359230000525713,0.6389647427602485,0.969000522807685,2.6326382160186768,0.018672017380595207,0.007092511712009099,0.08
18,octanol_dipole,113,0.19143591821193695,0.019561773166060448,0.6249945820515623,0.9460720043527349,3.6405014991760254,0.28804099559783936,0.07912124075845958,0.16
18,octanol_dipole,114,0.1492946445941925,0.009383884258568287,0.6160172610722905,0.9650520744975855,1.7033437490463257,0.018686164170503616,0.010970283702843713,0.16
18,octanol_dipole,115,0.1210995465517044,0.016003094613552094,0.6172652848810101,0.9747277857112813,3.1400680541992188,0.007079659029841423,0.002254619615767175,0.24
18,octanol_dipole,116,0.27147376537323,0.01268954761326313,0.6134193989386332,0.9113233121839459,2.3919425010681152,0.27260658144950867,0.11396870172580527,0.14
18,octanol_dipole,117,0.18606044352054596,0.00998775102198124,0.6159058262062853,0.9535880521960112,1.7943613529205322,0.03403526544570923,0.018967899297604056,0.16
18,octanol_dipole,118,0.09397981315851212,0.012465852312743664,0.6143325658758965,0.9659802665585635,2.3253133296966553,0.023816056549549103,0.010242084903308918,0.1
18,octanol_dipole,119,0.1229906752705574,0.010518033988773823,0.6186936406236632,0.9751481865518232,1.8814488649368286,0.04079063609242439,0.021680438332717576,0.12
18,octanol_dipole,120,0.08331849426031113,0.01651694066822529,0.6122747940786426,0.9592050967586687,2.9984230995178223,0.004785821307450533,0.0015961127394663358,0.04
18,octanol_dipole,121,0.25199881196022034,0.002351929433643818,0.6331497581353303,0.9752900724599785,0.27072182297706604,0.07027001678943634,0.2595653945318963,0.14
18,octanol_dipole,122,0.048844873905181885,0.014918160624802113,0.6143944339424028,0.9573777279345574,2.8784031867980957,0.006493096239864826,0.002255798030535005,0.06
18,octanol_dipole,123,0.40841639041900635,0.011006122455000877,0.6184704278371265,0.9059677316656503,2.038235902786255,0.656802773475647,0.3222408027342674,0.14
18,octanol_dipole,124,0.3390781581401825,0.015911078080534935,0.6132255377721347,0.8968987834258353,3.0719752311706543,0.5281548500061035,0.17192679310921288,0.16
18,octanol_dipole,125,0.10048415511846542,0.015273152850568295,0.6100763604451722,0.9573598876269975,2.7292110919952393,0.011915826238691807,0.0043660332004515365,0.08
18,octanol_dipole,126,0.3129609525203705,0.002659872639924288,0.649684720787435,0.9698838185908591,0.4077990651130676,0.06026756390929222,0.1477874008675872,0.14
18,octanol_dipole,127,0.08405791223049164,0.014252131804823875,0.6049757828159146,0.9584481558143365,2.6437439918518066,0.0195973701775074,0.007412733698084152,0.06
18,octanol_dipole,128,0.3199499249458313,0.031022625043988228,0.6054174958265586,0.9009102046900312,6.045022487640381,1.1135597229003906,0.18421101413223334,0.3
18,octanol_dipole,129,0.29273587465286255,0.011543006636202335,0.6166271707441597,0.9115148992394648,2.1309494972229004,0.26944154500961304,0.12644201345961278,0.1
18,octanol_dipole,130,0.1456085592508316,0.017106574028730392,0.6051967058704828,0.950951370959767,3.1995413303375244,0.05955388769507408,0.01861325782242408,0.04
18,octanol_dipole,131,0.10576562583446503,0.01185703370720148,0.6142994449766059,0.9594020801219354,2.211392879486084,0.015022795647382736,0.006793363489021433,0.1
18,octanol_dipole,132,0.23538684844970703,0.018850861117243767,0.6097866147715638,0.9043216430721137,3.4660820960998535,0.397499144077301,0.11468255311222425,0.1
18,octanol_dipole,133,0.3027987778186798,0.01617729850113392,0.6113203200473889,0.8954844751073774,3.056720018386841,0.426045686006546,0.1393800163062982,0.14
18,octanol_dipole,134,0.09947440028190613,0.016442958265542984,0.6146764645461607,0.9628593739548843,2.988786458969116,0.015844576060771942,0.005301340955029959,0.06
18,octanol_dipole,135,0.13523055613040924,0.01910194754600525,0.5933226321542686,0.9569123923150264,3.4471237659454346,0.01053623203188181,0.003056528499490085,0.12
18,octanol_dipole,136,0.12947699427604675,0.014282415620982647,0.6143352560124917,0.9640019734090925,2.6595990657806396,0.01223776862025261,0.004601358444476896,0.12
18,octanol_dipole,137,0.1920481026172638,0.013196924701333046,0.6152445578775609,0.9498119213647291,2.4246277809143066,0.0457456037402153,0.018867062441627648,0.1
18,octanol_dipole,138,0.23566247522830963,0.00835885014384985,0.6220377167023972,0.9488854121157584,1.4732216596603394,0.0805339366197586,0.054665186390435105,0.1
18,octanol_dipole,139,0.30940645933151245,0.009126040153205395,0.6433287331864426,0.938263125130087,1.761366605758667,0.31471577286720276,0.17867704079222416,0.14
18,octanol_dipole,140,0.10680487751960754,0.01774405688047409,0.6182316304519806,0.9619452454937074,3.3536996841430664,0.007965974509716034,0.0023752796195141397,0.02
18,octanol_dipole,141,0.17627863585948944,0.013523952104151249,0.613599103869459,0.9501245300546046,2.4981534481048584,0.07679992914199829,0.030742678837546996,0.1
18,octanol_dipole,142,0.2579198479652405,0.015456322580575943,0.6160956454585247,0.9314625766323701,2.87516713142395,0.24955594539642334,0.08679702222139299,0.1
18,octanol_dipole,143,0.12349216639995575,0.011730339378118515,0.6181916519801709,0.9594655273388204,2.2198758125305176,0.018469970673322678,0.008320272048132316,0.08
18,octanol_dipole,144,0.05600428581237793,0.032518766820430756,0.6049030275354115,0.9569974215858328,6.110634803771973,0.005997533444315195,0.0009814910622073238,0.04
18,octanol_dipole,145,0.2373673915863037,0.017686430364847183,0.6148936046659406,0.9409599829162572,3.2295804023742676,0.13196828961372375,0.04086236388996712,0.06
18,octanol_dipole,146,0.07844112813472748,0.011563525535166264,0.6455068030127611,0.9722066360259929,2.2983057498931885,0.06705018132925034,0.029173743020208007,0.02
18,octanol_dipole,147,0.08600157499313354,0.006747977342456579,0.6074101285701301,0.9467851078881748,1.264726996421814,0.025806957855820656,0.02040516089941475,0.06
18,octanol_dipole,148,0.2969093322753906,0.016020840033888817,0.6144360260963215,0.9149494999595997,3.1016035079956055,0.4637170433998108,0.14950880800992047,0.06
18,octanol_dipole,149,0.13678735494613647,0.018629325553774834,0.6038144411011614,0.9517780868590622,3.4262068271636963,0.006331000477075577,0.001847816199209592,0.14
18,octanol_dipole,150,0.03937111049890518,0.030271686613559723,0.6234186496115246,0.9779768025235793,5.77996826171875,0.006474193651229143,0.0011201088584012321,0.04
18,octanol_dipole,151,0.2614806890487671,0.013325514271855354,0.6160867568304513,0.9401864409918963,2.486492872238159,0.2920472323894501,0.11745347660159207,0.2
18,octanol_dipole,152,0.23425868153572083,0.010453245602548122,0.6522574840029571,0.9626963701289086,2.155111789703369,0.08925923705101013,0.04141745104707344,0.2
18,octanol_dipole,153,0.40244072675704956,0.013330097310245037,0.6164494037247199,0.9012747566600974,2.6245017051696777,0.5764476656913757,0.2196408044071389,0.26
18,octanol_dipole,154,0.16434258222579956,0.017189322039484978,0.6181941341766544,0.9481404068465991,3.149336099624634,0.04934939742088318,0.01566977796582749,0.1
18,octanol_dipole,155,0.12201997637748718,0.01671638712286949,0.616898241905034,0.9601937382600376,3.0745656490325928,0.008627429604530334,0.0028060645272755653,0.08
18,octanol_dipole,156,0.1379919946193695,0.012338043190538883,0.6141840178290576,0.9683998505920004,2.275883197784424,0.020382501184940338,0.008955864345227707,0.16
18,octanol_dipole,157,0.21827548742294312,0.011712273582816124,0.6135050609849413,0.9364697099297274,2.165215253829956,0.13673120737075806,0.06314901353521324,0.12
18,octanol_dipole,158,0.09890645742416382,0.013521576300263405,0.61817057790523,0.9593588683361083,2.6323273181915283,0.016656434163451195,0.00632764552050258,0.04
18,octanol_dipole,159,0.24211029708385468,0.013791038654744625,0.6155491390377212,0.9341179159803596,2.5824835300445557,0.17714722454547882,0.06859568414843772,0.18
18,octanol_dipole,160,0.15929673612117767,0.01969859190285206,0.5984304442144268,0.9491419986207694,3.6798980236053467,0.03990742936730385,0.010844710671684566,0.1
18,octanol_dipole,161,0.5311340093612671,0.007683172821998596,0.6333459331186699,0.9136361489265028,1.3760930299758911,0.49997878074645996,0.3633321075357961,0.38
18,octanol_dipole,162,0.1885853111743927,0.013873661868274212,0.6150080457833365,0.958511065091467,2.5661113262176514,0.013239354826509953,0.005159306492763994,0.16
18,octanol_dipole,163,0.08195959031581879,0.015133747830986977,0.6130620032742775,0.9544486721061636,2.8029274940490723,0.009778011590242386,0.00348849965295292,0.08
18,octanol_dipole,164,0.13714060187339783,0.010786086320877075,0.6136194332156524,0.9662988725913535,1.9975274801254272,0.025994280353188515,0.013013227908912824,0.12
18,octanol_dipole,165,0.13245607912540436,0.01576421968638897,0.6140884771427157,0.9662994765484489,2.9524102210998535,0.012394879944622517,0.004198224168186589,0.14
18,octanol_dipole,166,0.37837255001068115,0.013653820380568504,0.6151082236393688,0.9055769363907022,2.6058921813964844,0.570915937423706,0.2190865537336833,0.18
18,octanol_dipole,167,0.29253360629081726,0.008599047549068928,0.6219659580903234,0.9096423156973967,1.5507320165634155,0.1999170035123825,0.1289178280818755,0.1
18,octanol_dipole,168,0.0925726592540741,0.016651282086968422,0.6124258858095739,0.9579546285059717,3.1055235862731934,0.02274329774081707,0.0073234986336427515,0.04
18,octanol_dipole,169,0.33493608236312866,0.010600419715046883,0.6207952064872162,0.9211681681125343,1.927217960357666,0.22320570051670074,0.11581756973418654,0.2
18,octanol_dipole,170,0.12625472247600555,0.01919228956103325,0.6152652676828172,0.9583068544145903,3.5063252449035645,0.008127529174089432,0.00231796214167604,0.06
18,octanol_dipole,171,0.13234272599220276,0.014002327807247639,0.6142398285497885,0.96113016348311,2.655480146408081,0.009554002434015274,0.0035978436694164093,0.08
18,octanol_dipole,172,0.26052233576774597,0.01576167531311512,0.6147082495467922,0.9263811051534085,2.959834098815918,0.22353854775428772,0.07552401259371745,0.18
18,octanol_dipole,173,0.1255911886692047,0.014300537295639515,0.6123967014523886,0.9588105065867536,2.6599018573760986,0.007789778057485819,0.0029285960442052422,0.1
18,octanol_dipole,174,0.2920216917991638,0.010308015160262585,0.6141495901764735,0.9252642925307819,1.9178175926208496,0.26801204681396484,0.13974845566397437,0.18
18,octanol_dipole,175,0.0659836009144783,0.01126868836581707,0.612092965096604,0.9591909494194883,2.091414213180542,0.005085507873445749,0.0024316119883836425,0.06
18,octanol_dipole,176,0.18050836026668549,0.011430846527218819,0.618298330891266,0.9673017324469095,2.0490458011627197,0.049654800444841385,0.024233133498853487,0.12
18,octanol_dipole,177,0.10246694833040237,0.012201646342873573,0.6166954374395559,0.9520199114937715,2.2109668254852295,0.006137543357908726,0.0027759545223215868,0.14
18,octanol_dipole,178,0.0735897570848465,0.03370183706283569,0.6125219735031577,0.965538352884828,6.241638660430908,0.011004208587110043,0.001763031983391095,0.06
18,octanol_dipole,179,0.06477581709623337,0.019139783456921577,0.608843885992189,0.9639016437325236,3.436771869659424,0.006503795739263296,0.001892414156633506,0.04
18,octanol_dipole,180,0.3867756128311157,0.011917941272258759,0.6156113658215994,0.9159269977224704,2.2440378665924072,0.33460044860839844,0.14910641820696743,0.2
18,octanol_dipole,181,0.19121572375297546,0.011502214707434177,0.6141830544053284,0.9238611781022028,2.1175999641418457,0.05399202182888985,0.025496799557592566,0.1
18,octanol_dipole,182,0.17046096920967102,0.016482962295413017,0.6125619563952622,0.9586876554961545,3.0395586490631104,0.007691719103604555,0.0025305381444030994,0.12
18,octanol_dipole,183,0.09539922326803207,0.009153365157544613,0.6123503064940048,0.9548236508052177,1.6777898073196411,0.017798129469156265,0.010608080578096805,0.16
18,octanol_dipole,184,0.20804068446159363,0.009560078382492065,0.6193507224930608,0.9576378975395015,1.7111209630966187,0.0877065509557724,0.051256780115094665,0.14
18,octanol_dipole,185,0.162252277135849,0.014651495963335037,0.6139758025007338,0.9505035775812967,2.727867603302002,0.06056257337331772,0.02220143429982032,0.08
18,octanol_dipole,186,0.18002791702747345,0.014377659186720848,0.6150130545763699,0.9346682252001941,2.6675119400024414,0.10526420176029205,0.03946156723114638,0.1
18,octanol_dipole,187,0.129642054438591,0.013256150297820568,0.6129593844699659,0.9711812195316518,2.4390740394592285,0.0034191187005490065,0.0014018101317281313,0.08
18,octanol_dipole,188,0.30520758032798767,0.005048856604844332,0.6262051136154978,0.9532848726523695,0.943056583404541,0.08238061517477036,0.0873549017359775,0.12
18,octanol_dipole,189,0.2722040116786957,0.0189516581594944,0.6136749773609342,0.91807994699421,3.649357795715332,0.5226925611495972,0.14322864197182428,0.22
18,octanol_dipole,190,0.21414226293563843,0.00916836317628622,0.6110133384004133,0.9336030602636849,1.6744763851165771,0.1680084764957428,0.10033493334935628,0.16
18,octanol_dipole,191,0.4016544222831726,0.012765416875481606,0.6147399961972637,0.8962885699496725,2.4295663833618164,0.39908578991889954,0.16426214679784973,0.16
18,octanol_dipole,192,0.38472408056259155,0.015580523759126663,0.619436531176901,0.9152168694966789,2.916743278503418,0.5353745222091675,0.18355215769413494,0.2
18,octanol_dipole,193,0.3558516800403595,0.0026576388627290726,0.632010901411042,0.9464643228978975,0.37699198722839355,0.20503690838813782,0.543876038044066,0.2
18,octanol_dipole,194,0.2969093918800354,0.011004915460944176,0.617940343843592,0.9250468291751588,2.0147180557250977,0.3354543447494507,0.1665018803977118,0.06
18,octanol_dipole,195,0.2567509412765503,0.012246842496097088,0.6161373488539503,0.9348617632878886,2.247833013534546,0.14278188347816467,0.06351979111368733,0.16
18,octanol_dipole,196,0.1560339480638504,0.01591675542294979,0.6088737250824126,0.940741890366154,2.931461811065674,0.02550353668630123,0.00869993823219206,0.16
18,octanol_dipole,197,0.36286109685897827,0.01524406112730503,0.6146104221494177,0.908329688625884,2.893751859664917,0.2215055525302887,0.07654614606655942,0.18
18,octanol_dipole,198,0.49917182326316833,0.009464037604629993,0.622889676081837,0.9000387974600133,1.7754358053207397,0.6192330121994019,0.3487780354229901,0.26
18,octanol_dipole,199,0.219818577170372,0.015399396419525146,0.6157501898843889,0.9632126883051231,2.942643642425537,0.018690356984734535,0.006351552976128842,0.2
18,octanol_dipole,200,0.08338484168052673,0.016776902601122856,0.6146617035378481,0.9738411789409867,3.036135196685791,0.009427436627447605,0.003105078007638949,0.12
18,octanol_dipole,201,0.0914226695895195,0.015921195968985558,0.609773058135995,0.949064906658641,2.947575092315674,0.04109325259923935,0.013941375982708441,0.04
18,octanol_dipole,202,0.1356678605079651,0.019711779430508614,0.6121623895567572,0.9537303597044038,3.554288625717163,0.020247040316462517,0.005696509892293058,0.06
18,octanol_dipole,203,0.2669561803340912,0.00889827311038971,0.6156827448637552,0.9406925177070609,1.6184190511703491,0.12479567527770996,0.07710961829537584,0.22
18,octanol_dipole,204,0.40134936571121216,0.010037459433078766,0.6190374223195165,0.9208828892969312,1.866742730140686,0.4855884909629822,0.260126091893973,0.22
18,octanol_dipole,205,0.29726168513298035,0.014280706644058228,0.6164329631826733,0.8963405629456611,2.760471820831299,0.4158436357975006,0.15064223175887081,0.16
18,octanol_dipole,206,0.09746098518371582,0.013852103613317013,0.6088109819594096,0.951172305246037,2.5685694217681885,0.01529270876199007,0.0059537844811150395,0.1
18,octanol_dipole,207,0.2542087137699127,0.005644543096423149,0.6171912501877079,0.9342947489422491,0.9861834645271301,0.17166295647621155,0.17406797279705258,0.12
18,octanol_dipole,208,0.15117360651493073,0.0063225203193724155,0.6318406250598423,0.9690920058066552,1.1160309314727783,0.04745515435934067,0.04252136121058592,0.08
18,octanol_dipole,209,0.06820501387119293,0.00571666331961751,0.6152185173462534,0.9639028292927188,1.0650031566619873,0.021319996565580368,0.02001871678240194,0.02
18,octanol_dipole,210,0.19868512451648712,0.009362156502902508,0.6152344452357843,0.9409065267941696,1.687907338142395,0.12701416015625,0.0752494863231259,0.14
18,octanol_dipole,211,0.117389976978302,0.011045676656067371,0.6134878105422616,0.9618862415817644,2.0265374183654785,0.009791434742510319,0.004831608167594401,0.14
18,octanol_dipole,212,0.10039280354976654,0.01664840430021286,0.6146109815039107,0.9713169134733333,3.125505208969116,0.00877046212553978,0.002806094227701683,0.12
18,octanol_dipole,213,0.23278182744979858,0.014266744256019592,0.6140345776158547,0.9627271429875031,2.6733434200286865,0.01674019731581211,0.00626189556882014,0.26
18,octanol_dipole,214,0.18263006210327148,0.020835528150200844,0.6069019072738127,0.938169619460063,3.789001226425171,0.1845322847366333,0.048702091582782346,0.08
18,octanol_dipole,215,0.11935071647167206,0.015052900649607182,0.6140406096449398,0.9609191027899975,2.7807559967041016,0.011870433576405048,0.004268779278179931,0.12
18,octanol_dipole,216,0.13670946657657623,0.01604960486292839,0.6148398729597069,0.9582956372175349,2.9540300369262695,0.015676945447921753,0.005306968870307746,0.12
18,octanol_dipole,217,0.35762614011764526,0.01414552889764309,0.6129843921252209,0.8950333296011386,2.655623197555542,0.43790215253829956,0.16489619195275196,0.14
18,octanol_dipole,218,0.24249418079853058,0.013543091714382172,0.6152826939887843,0.922901953130818,2.5765058994293213,0.2180791050195694,0.08464141497516946,0.22
18,octanol_dipole,219,0.24137289822101593,0.016345923766493797,0.6157320588198476,0.9128827921399063,3.0401787757873535,0.22108347713947296,0.07272055146895635,0.18
18,octanol_dipole,220,0.0902717262506485,0.012527619488537312,0.6123583251233811,0.9742119098635691,2.3113064765930176,0.01254874188452959,0.005429285130125655,0.08
18,octanol_dipole,221,0.10957613587379456,0.03204428032040596,0.6203082803644417,0.954990519248138,6.075774192810059,0.01509048417210579,0.002483713794031968,0.02
18,octanol_dipole,222,0.2668984830379486,0.01263657957315445,0.6124393685602378,0.9222197876348626,2.360241651535034,0.32769322395324707,0.13883884463276236,0.1
18,octanol_dipole,223,0.420490026473999,0.015192744322121143,0.616849216227831,0.9108746899171238,2.9319918155670166,0.5269189476966858,0.17971364889188313,0.28
18,octanol_dipole,224,0.1921563744544983,0.016596997156739235,0.6130496343341301,0.9497837450834257,3.059847831726074,0.014865752309560776,0.004858330586058894,0.16
18,octanol_dipole,225,0.16340592503547668,0.00718515133485198,0.6144222362649017,0.9673405980936383,1.2754682302474976,0.038814857602119446,0.030431849795731592,0.18
18,octanol_dipole,226,0.2641087472438812,0.005698280408978462,0.6291586943146514,0.963445050179309,1.0003513097763062,0.060139067471027374,0.06011794744835731,0.14
18,octanol_dipole,227,0.28338637948036194,0.011917573399841785,0.619701946408177,0.941854400051126,2.2190327644348145,0.10755457729101181,0.04846912538418776,0.16
18,octanol_dipole,228,0.2708868682384491,0.013284570537507534,0.6136512494358759,0.9275250817733514,2.4860517978668213,0.1416163444519043,0.05696435793229226,0.16
18,octanol_dipole,229,0.08142515271902084,0.01736883819103241,0.6132295987172545,0.9715450132128796,3.2174055576324463,0.014891227707266808,0.004628334053797258,0.06
18,octanol_dipole,230,0.10539698600769043,0.011077421717345715,0.6138276444967492,0.9484324546818952,2.068915843963623,0.018306100741028786,0.008848161124793752,0.14
18,octanol_dipole,231,0.2766996920108795,0.018507812172174454,0.6140969155420049,0.9118190258313366,3.4144346714019775,0.22448880970478058,0.06574699219903504,0.06
18,octanol_dipole,232,0.38340041041374207,0.013435699976980686,0.6154026034773818,0.8852260540246115,2.4924652576446533,0.43075475096702576,0.17282277040606908,0.18
18,octanol_dipole,233,0.06926649808883667,0.015753667801618576,0.6139639159439327,0.9691830990025887,2.9360179901123047,0.005702279508113861,0.0019421813923884523,0.06
18,octanol_dipole,234,0.07767464965581894,0.015982873737812042,0.6146943957883277,0.9639982414142056,2.9721498489379883,0.010226891376078129,0.0034409070524261797,0.02
18,octanol_dipole,235,0.24168238043785095,0.008010516874492168,0.6181905972766708,0.9465634492597326,1.4116441011428833,0.0766582116484642,0.054304205703406994,0.16
18,octanol_dipole,236,0.1021578386425972,0.01536085456609726,0.613717411519364,0.9577451925468496,2.8267338275909424,0.015089795924723148,0.005338244364374161,0.08
18,octanol_dipole,237,0.26032865047454834,0.019247576594352722,0.6132749083748781,0.9117968493218587,3.765010118484497,0.5380865931510925,0.14291770173719606,0.16
18,octanol_dipole,238,0.04541569575667381,0.010564115829765797,0.6099882941910553,0.9654982301428183,1.9335110187530518,0.014992326498031616,0.007753939001444314,0.08
18,octanol_dipole,239,0.07996629923582077,0.00860204640775919,0.6214066688768383,0.9708834656750898,1.502421259880066,0.021012185141444206,0.013985548329582044,0.04
18,octanol_dipole,240,0.20476989448070526,0.010653319768607616,0.6148040823185541,0.9362527486139935,1.954274296760559,0.205607071518898,0.10520891149196203,0.14
18,octanol_dipole,241,0.05125444754958153,0.008480379357933998,0.646765607395491,0.9664709279188526,1.6642206907272339,0.02250107191503048,0.013520485618525703,0.04
18,octanol_dipole,242,0.11311908066272736,0.016086898744106293,0.6130885166515971,0.9722405186391816,2.8852081298828125,0.004029915202409029,0.0013967502589051386,0.1
18,octanol_dipole,243,0.30925580859184265,0.01648419164121151,0.6198631847553664,0.8916105521741777,3.1975691318511963,0.5868822932243347,0.18354014222190276,0.08
18,octanol_dipole,244,0.385528564453125,0.01350152213126421,0.6195224182013519,0.9051473220090038,2.5548224449157715,0.4032662808895111,0.1578451299784186,0.2
18,octanol_dipole,245,0.12800593674182892,0.010940125212073326,0.6106250565867757,0.9211174116570087,1.9687942266464233,0.1150345578789711,0.058428939054193094,0.1
18,octanol_dipole,246,0.32216957211494446,0.015885740518569946,0.6118202714698944,0.8980229870009118,2.9687893390655518,0.43407371640205383,0.1462123670043499,0.14
18,octanol_dipole,247,0.10964012891054153,0.015631161630153656,0.61276673933508,0.964406036861589,2.9012997150421143,0.0054331207647919655,0.0018726506388234696,0.06
18,octanol_dipole,248,0.09088607132434845,0.004101561848074198,0.6130294861946282,0.9684681837556397,0.7073354721069336,0.019113201647996902,0.027021409786030647,0.1
18,octanol_dipole,249,0.4000616669654846,0.014425838366150856,0.6192540769729145,0.9068987811224951,2.782611846923828,0.49989083409309387,0.17964806505288267,0.18
18,hexane_gsolv_eV,0,1.0,0.0,0.6703500487321459,0.6703500487321459,,,,1.0
18,hexane_gsolv_eV,1,1.0,0.0,0.6703500487321459,0.6703500487321459,,,,1.0
18,hexane_gsolv_eV,2,1.0,0.0,0.6703500487321459,0.6703500487321459,,,,1.0
18,hexane_gsolv_eV,3,1.0,0.0,0.6703500487321459,0.6703500487321459,,,,1.0
18,hexane_gsolv_eV,4,1.0,0.0,0.6703500487321459,0.6703500487321459,,,,1.0
18,hexane_gsolv_eV,5,1.0,0.0,0.6703500487321459,0.6703500487321459,,,,1.0
18,hexane_gsolv_eV,6,1.0,0.0,0.6703500487321459,0.6703500487321459,,,,1.0
18,hexane_gsolv_eV,7,1.0,0.0,0.6703500487321459,0.6703500487321459,,,,1.0
18,hexane_gsolv_eV,8,1.0,0.0,0.6703500487321459,0.6703500487321459,,,,1.0
18,hexane_gsolv_eV,9,1.0,0.0,0.6703500487321459,0.6703500487321459,,,,1.0
18,hexane_gsolv_eV,10,1.0,0.0,0.6703500487321459,0.6703500487321459,,,,1.0
18,hexane_gsolv_eV,11,1.0,0.0,0.6703500487321459,0.6703500487321459,,,,1.0
18,hexane_gsolv_eV,12,1.0,0.0,0.6703500487321459,0.6703500487321459,,,,1.0
18,hexane_gsolv_eV,13,1.0,0.0,0.6703500487321459,0.6703500487321459,,,,1.0
18,hexane_gsolv_eV,14,1.0,0.0,0.6703500487321459,0.6703500487321459,,,,1.0
18,hexane_gsolv_eV,15,1.0,0.0,0.6703500487321459,0.6703500487321459,,,,1.0
18,hexane_gsolv_eV,16,1.0,0.0,0.6703500487321459,0.6703500487321459,,,,1.0
18,hexane_gsolv_eV,17,1.0,0.0,0.6703500487321459,0.6703500487321459,,,,1.0
18,hexane_gsolv_eV,18,1.0,0.0,0.6703500487321459,0.6703500487321459,,,,1.0
18,hexane_gsolv_eV,19,1.0,0.0,0.6703500487321459,0.6703500487321459,,,,1.0
18,hexane_gsolv_eV,20,1.0,0.0,0.6703500487321459,0.6703500487321459,,,,1.0
18,hexane_gsolv_eV,21,1.0,0.0,0.6703500487321459,0.6703500487321459,,,,1.0
18,hexane_gsolv_eV,22,1.0,0.0,0.6703500487321459,0.6703500487321459,,,,1.0
18,hexane_gsolv_eV,23,1.0,0.0,0.6703500487321459,0.6703500487321459,,,,1.0
18,hexane_gsolv_eV,24,1.0,0.0,0.6703500487321459,0.6703500487321459,,,,1.0
18,hexane_gsolv_eV,25,1.0,0.0,0.6703500487321459,0.6703500487321459,,,,1.0
18,hexane_gsolv_eV,26,1.0,0.0,0.6703500487321459,0.6703500487321459,,,,1.0
18,hexane_gsolv_eV,27,1.0,0.0,0.6703500487321459,0.6703500487321459,,,,1.0
18,hexane_gsolv_eV,28,1.0,0.0,0.6703500487321459,0.6703500487321459,,,,1.0
18,hexane_gsolv_eV,29,1.0,0.0,0.6703500487321459,0.6703500487321459,,,,1.0
18,hexane_gsolv_eV,30,1.0,0.0,0.6703500487321459,0.6703500487321459,,,,1.0
18,hexane_gsolv_eV,31,1.0,0.0,0.6703500487321459,0.6703500487321459,,,,1.0
18,hexane_gsolv_eV,32,1.0,0.0,0.6703500487321459,0.6703500487321459,,,,1.0
18,hexane_gsolv_eV,33,1.0,0.0,0.6703500487321459,0.6703500487321459,,,,1.0
18,hexane_gsolv_eV,34,1.0,0.0,0.6703500487321459,0.6703500487321459,,,,1.0
18,hexane_gsolv_eV,35,1.0,0.0,0.6703500487321459,0.6703500487321459,,,,1.0
18,hexane_gsolv_eV,36,1.0,0.0,0.6703500487321459,0.6703500487321459,,,,1.0
18,hexane_gsolv_eV,37,1.0,0.0,0.6703500487321459,0.6703500487321459,,,,1.0
18,hexane_gsolv_eV,38,1.0,0.0,0.6703500487321459,0.6703500487321459,,,,1.0
18,hexane_gsolv_eV,39,1.0,0.0,0.6703500487321459,0.6703500487321459,,,,1.0
18,hexane_gsolv_eV,40,1.0,0.0,0.6703500487321459,0.6703500487321459,,,,1.0
18,hexane_gsolv_eV,41,1.0,0.0,0.6703500487321459,0.6703500487321459,,,,1.0
18,hexane_gsolv_eV,42,1.0,0.0,0.6703500487321459,0.6703500487321459,,,,1.0
18,hexane_gsolv_eV,43,1.0,0.0,0.6703500487321459,0.6703500487321459,,,,1.0
18,hexane_gsolv_eV,44,1.0,0.0,0.6703500487321459,0.6703500487321459,,,,1.0
18,hexane_gsolv_eV,45,1.0,0.0,0.6703500487321459,0.6703500487321459,,,,1.0
18,hexane_gsolv_eV,46,1.0,0.0,0.6703500487321459,0.6703500487321459,,,,1.0
18,hexane_gsolv_eV,47,1.0,0.0,0.6703500487321459,0.6703500487321459,,,,1.0
18,hexane_gsolv_eV,48,1.0,0.0,0.6703500487321459,0.6703500487321459,,,,1.0
18,hexane_gsolv_eV,49,1.0,0.0,0.6703500487321459,0.6703500487321459,,,,1.0
18,hexane_gsolv_eV,50,1.0,0.0,0.6703500487321459,0.6703500487321459,,,,1.0
18,hexane_gsolv_eV,51,1.0,0.0,0.6703500487321459,0.6703500487321459,,,,1.0
18,hexane_gsolv_eV,52,1.0,0.0,0.6703500487321459,0.6703500487321459,,,,1.0
18,hexane_gsolv_eV,53,1.0,0.0,0.6703500487321459,0.6703500487321459,,,,1.0
18,hexane_gsolv_eV,54,1.0,0.0,0.6703500487321459,0.6703500487321459,,,,1.0
18,hexane_gsolv_eV,55,1.0,0.0,0.6703500487321459,0.6703500487321459,,,,1.0
18,hexane_gsolv_eV,56,1.0,0.0,0.6703500487321459,0.6703500487321459,,,,1.0
18,hexane_gsolv_eV,57,1.0,0.0,0.6703500487321459,0.6703500487321459,,,,1.0
18,hexane_gsolv_eV,58,1.0,0.0,0.6703500487321459,0.6703500487321459,,,,1.0
18,hexane_gsolv_eV,59,1.0,0.0,0.6703500487321459,0.6703500487321459,,,,1.0
18,hexane_gsolv_eV,60,1.0,0.0,0.6703500487321459,0.6703500487321459,,,,1.0
18,hexane_gsolv_eV,61,1.0,0.0,0.6703500487321459,0.6703500487321459,,,,1.0
18,hexane_gsolv_eV,62,1.0,0.0,0.6703500487321459,0.6703500487321459,,,,1.0
18,hexane_gsolv_eV,63,1.0,0.0,0.6703500487321459,0.6703500487321459,,,,1.0
18,hexane_gsolv_eV,64,1.0,0.0,0.6703500487321459,0.6703500487321459,,,,1.0
18,hexane_gsolv_eV,65,1.0,0.0,0.6703500487321459,0.6703500487321459,,,,1.0
18,hexane_gsolv_eV,66,1.0,0.0,0.6703500487321459,0.6703500487321459,,,,1.0
18,hexane_gsolv_eV,67,1.0,0.0,0.6703500487321459,0.6703500487321459,,,,1.0
18,hexane_gsolv_eV,68,1.0,0.0,0.6703500487321459,0.6703500487321459,,,,1.0
18,hexane_gsolv_eV,69,1.0,0.0,0.6703500487321459,0.6703500487321459,,,,1.0
18,hexane_gsolv_eV,70,1.0,0.0,0.6703500487321459,0.6703500487321459,,,,1.0
18,hexane_gsolv_eV,71,1.0,0.0,0.6703500487321459,0.6703500487321459,,,,1.0
18,hexane_gsolv_eV,72,1.0,0.0,0.6703500487321459,0.6703500487321459,,,,1.0
18,hexane_gsolv_eV,73,1.0,0.0,0.6703500487321459,0.6703500487321459,,,,1.0
18,hexane_gsolv_eV,74,1.0,0.0,0.6703500487321459,0.6703500487321459,,,,1.0
18,hexane_gsolv_eV,75,1.0,0.0,0.6703500487321459,0.6703500487321459,,,,1.0
18,hexane_gsolv_eV,76,1.0,0.0,0.6703500487321459,0.6703500487321459,,,,1.0
18,hexane_gsolv_eV,77,1.0,0.0,0.6703500487321459,0.6703500487321459,,,,1.0
18,hexane_gsolv_eV,78,1.0,0.0,0.6703500487321459,0.6703500487321459,,,,1.0
18,hexane_gsolv_eV,79,1.0,0.0,0.6703500487321459,0.6703500487321459,,,,1.0
18,hexane_gsolv_eV,80,1.0,0.0,0.6703500487321459,0.6703500487321459,,,,1.0
18,hexane_gsolv_eV,81,1.0,0.0,0.6703500487321459,0.6703500487321459,,,,1.0
18,hexane_gsolv_eV,82,1.0,0.0,0.6703500487321459,0.6703500487321459,,,,1.0
18,hexane_gsolv_eV,83,1.0,0.0,0.6703500487321459,0.6703500487321459,,,,1.0
18,hexane_gsolv_eV,84,1.0,0.0,0.6703500487321459,0.6703500487321459,,,,1.0
18,hexane_gsolv_eV,85,1.0,0.0,0.6703500487321459,0.6703500487321459,,,,1.0
18,hexane_gsolv_eV,86,1.0,0.0,0.6703500487321459,0.6703500487321459,,,,1.0
18,hexane_gsolv_eV,87,1.0,0.0,0.6703500487321459,0.6703500487321459,,,,1.0
18,hexane_gsolv_eV,88,1.0,0.0,0.6703500487321459,0.6703500487321459,,,,1.0
18,hexane_gsolv_eV,89,1.0,0.0,0.6703500487321459,0.6703500487321459,,,,1.0
18,hexane_gsolv_eV,90,1.0,0.0,0.6703500487321459,0.6703500487321459,,,,1.0
18,hexane_gsolv_eV,91,1.0,0.0,0.6703500487321459,0.6703500487321459,,,,1.0
18,hexane_gsolv_eV,92,1.0,0.0,0.6703500487321459,0.6703500487321459,,,,1.0
18,hexane_gsolv_eV,93,1.0,0.0,0.6703500487321459,0.6703500487321459,,,,1.0
18,hexane_gsolv_eV,94,1.0,0.0,0.6703500487321459,0.6703500487321459,,,,1.0
18,hexane_gsolv_eV,95,1.0,0.0,0.6703500487321459,0.6703500487321459,,,,1.0
18,hexane_gsolv_eV,96,1.0,0.0,0.6703500487321459,0.6703500487321459,,,,1.0
18,hexane_gsolv_eV,97,1.0,0.0,0.6703500487321459,0.6703500487321459,,,,1.0
18,hexane_gsolv_eV,98,1.0,0.0,0.6703500487321459,0.6703500487321459,,,,1.0
18,hexane_gsolv_eV,99,1.0,0.0,0.6703500487321459,0.6703500487321459,,,,1.0
18,hexane_gsolv_eV,100,1.0,0.0,0.6703500487321459,0.6703500487321459,,,,1.0
18,hexane_gsolv_eV,101,1.0,0.0,0.6703500487321459,0.6703500487321459,,,,1.0
18,hexane_gsolv_eV,102,1.0,0.0,0.6703500487321459,0.6703500487321459,,,,1.0
18,hexane_gsolv_eV,103,1.0,0.0,0.6703500487321459,0.6703500487321459,,,,1.0
18,hexane_gsolv_eV,104,1.0,0.0,0.6703500487321459,0.6703500487321459,,,,1.0
18,hexane_gsolv_eV,105,1.0,0.0,0.6703500487321459,0.6703500487321459,,,,1.0
18,hexane_gsolv_eV,106,1.0,0.0,0.6703500487321459,0.6703500487321459,,,,1.0
18,hexane_gsolv_eV,107,1.0,0.0,0.6703500487321459,0.6703500487321459,,,,1.0
18,hexane_gsolv_eV,108,1.0,0.0,0.6703500487321459,0.6703500487321459,,,,1.0
18,hexane_gsolv_eV,109,1.0,0.0,0.6703500487321459,0.6703500487321459,,,,1.0
18,hexane_gsolv_eV,110,1.0,0.0,0.6703500487321459,0.6703500487321459,,,,1.0
18,hexane_gsolv_eV,111,1.0,0.0,0.6703500487321459,0.6703500487321459,,,,1.0
18,hexane_gsolv_eV,112,1.0,0.0,0.6703500487321459,0.6703500487321459,,,,1.0
18,hexane_gsolv_eV,113,1.0,0.0,0.6703500487321459,0.6703500487321459,,,,1.0
18,hexane_gsolv_eV,114,1.0,0.0,0.6703500487321459,0.6703500487321459,,,,1.0
18,hexane_gsolv_eV,115,1.0,0.0,0.6703500487321459,0.6703500487321459,,,,1.0
18,hexane_gsolv_eV,116,1.0,0.0,0.6703500487321459,0.6703500487321459,,,,1.0
18,hexane_gsolv_eV,117,1.0,0.0,0.6703500487321459,0.6703500487321459,,,,1.0
18,hexane_gsolv_eV,118,1.0,0.0,0.6703500487321459,0.6703500487321459,,,,1.0
18,hexane_gsolv_eV,119,1.0,0.0,0.6703500487321459,0.6703500487321459,,,,1.0
18,hexane_gsolv_eV,120,1.0,0.0,0.6703500487321459,0.6703500487321459,,,,1.0
18,hexane_gsolv_eV,121,1.0,0.0,0.6703500487321459,0.6703500487321459,,,,1.0
18,hexane_gsolv_eV,122,1.0,0.0,0.6703500487321459,0.6703500487321459,,,,1.0
18,hexane_gsolv_eV,123,1.0,0.0,0.6703500487321459,0.6703500487321459,,,,1.0
18,hexane_gsolv_eV,124,1.0,0.0,0.6703500487321459,0.6703500487321459,,,,1.0
18,hexane_gsolv_eV,125,1.0,0.0,0.6703500487321459,0.6703500487321459,,,,1.0
18,hexane_gsolv_eV,126,1.0,0.0,0.6703500487321459,0.6703500487321459,,,,1.0
18,hexane_gsolv_eV,127,1.0,0.0,0.6703500487321459,0.6703500487321459,,,,1.0
18,hexane_gsolv_eV,128,1.0,0.0,0.6703500487321459,0.6703500487321459,,,,1.0
18,hexane_gsolv_eV,129,1.0,0.0,0.6703500487321459,0.6703500487321459,,,,1.0
18,hexane_gsolv_eV,130,1.0,0.0,0.6703500487321459,0.6703500487321459,,,,1.0
18,hexane_gsolv_eV,131,1.0,0.0,0.6703500487321459,0.6703500487321459,,,,1.0
18,hexane_gsolv_eV,132,1.0,0.0,0.6703500487321459,0.6703500487321459,,,,1.0
18,hexane_gsolv_eV,133,1.0,0.0,0.6703500487321459,0.6703500487321459,,,,1.0
18,hexane_gsolv_eV,134,1.0,0.0,0.6703500487321459,0.6703500487321459,,,,1.0
18,hexane_gsolv_eV,135,1.0,0.0,0.6703500487321459,0.6703500487321459,,,,1.0
18,hexane_gsolv_eV,136,1.0,0.0,0.6703500487321459,0.6703500487321459,,,,1.0
18,hexane_gsolv_eV,137,1.0,0.0,0.6703500487321459,0.6703500487321459,,,,1.0
18,hexane_gsolv_eV,138,1.0,0.0,0.6703500487321459,0.6703500487321459,,,,1.0
18,hexane_gsolv_eV,139,1.0,0.0,0.6703500487321459,0.6703500487321459,,,,1.0
18,hexane_gsolv_eV,140,1.0,0.0,0.6703500487321459,0.6703500487321459,,,,1.0
18,hexane_gsolv_eV,141,1.0,0.0,0.6703500487321459,0.6703500487321459,,,,1.0
18,hexane_gsolv_eV,142,1.0,0.0,0.6703500487321459,0.6703500487321459,,,,1.0
18,hexane_gsolv_eV,143,1.0,0.0,0.6703500487321459,0.6703500487321459,,,,1.0
18,hexane_gsolv_eV,144,1.0,0.0,0.6703500487321459,0.6703500487321459,,,,1.0
18,hexane_gsolv_eV,145,1.0,0.0,0.6703500487321459,0.6703500487321459,,,,1.0
18,hexane_gsolv_eV,146,1.0,0.0,0.6703500487321459,0.6703500487321459,,,,1.0
18,hexane_gsolv_eV,147,1.0,0.0,0.6703500487321459,0.6703500487321459,,,,1.0
18,hexane_gsolv_eV,148,1.0,0.0,0.6703500487321459,0.6703500487321459,,,,1.0
18,hexane_gsolv_eV,149,1.0,0.0,0.6703500487321459,0.6703500487321459,,,,1.0
18,hexane_gsolv_eV,150,1.0,0.0,0.6703500487321459,0.6703500487321459,,,,1.0
18,hexane_gsolv_eV,151,1.0,0.0,0.6703500487321459,0.6703500487321459,,,,1.0
18,hexane_gsolv_eV,152,1.0,0.0,0.6703500487321459,0.6703500487321459,,,,1.0
18,hexane_gsolv_eV,153,1.0,0.0,0.6703500487321459,0.6703500487321459,,,,1.0
18,hexane_gsolv_eV,154,1.0,0.0,0.6703500487321459,0.6703500487321459,,,,1.0
18,hexane_gsolv_eV,155,1.0,0.0,0.6703500487321459,0.6703500487321459,,,,1.0
18,hexane_gsolv_eV,156,1.0,0.0,0.6703500487321459,0.6703500487321459,,,,1.0
18,hexane_gsolv_eV,157,1.0,0.0,0.6703500487321459,0.6703500487321459,,,,1.0
18,hexane_gsolv_eV,158,1.0,0.0,0.6703500487321459,0.6703500487321459,,,,1.0
18,hexane_gsolv_eV,159,1.0,0.0,0.6703500487321459,0.6703500487321459,,,,1.0
18,hexane_gsolv_eV,160,1.0,0.0,0.6703500487321459,0.6703500487321459,,,,1.0
18,hexane_gsolv_eV,161,1.0,0.0,0.6703500487321459,0.6703500487321459,,,,1.0
18,hexane_gsolv_eV,162,1.0,0.0,0.6703500487321459,0.6703500487321459,,,,1.0
18,hexane_gsolv_eV,163,1.0,0.0,0.6703500487321459,0.6703500487321459,,,,1.0
18,hexane_gsolv_eV,164,1.0,0.0,0.6703500487321459,0.6703500487321459,,,,1.0
18,hexane_gsolv_eV,165,1.0,0.0,0.6703500487321459,0.6703500487321459,,,,1.0
18,hexane_gsolv_eV,166,1.0,0.0,0.6703500487321459,0.6703500487321459,,,,1.0
18,hexane_gsolv_eV,167,1.0,0.0,0.6703500487321459,0.6703500487321459,,,,1.0
18,hexane_gsolv_eV,168,1.0,0.0,0.6703500487321459,0.6703500487321459,,,,1.0
18,hexane_gsolv_eV,169,1.0,0.0,0.6703500487321459,0.6703500487321459,,,,1.0
18,hexane_gsolv_eV,170,1.0,0.0,0.6703500487321459,0.6703500487321459,,,,1.0
18,hexane_gsolv_eV,171,1.0,0.0,0.6703500487321459,0.6703500487321459,,,,1.0
18,hexane_gsolv_eV,172,1.0,0.0,0.6703500487321459,0.6703500487321459,,,,1.0
18,hexane_gsolv_eV,173,1.0,0.0,0.6703500487321459,0.6703500487321459,,,,1.0
18,hexane_gsolv_eV,174,1.0,0.0,0.6703500487321459,0.6703500487321459,,,,1.0
18,hexane_gsolv_eV,175,1.0,0.0,0.6703500487321459,0.6703500487321459,,,,1.0
18,hexane_gsolv_eV,176,1.0,0.0,0.6703500487321459,0.6703500487321459,,,,1.0
18,hexane_gsolv_eV,177,1.0,0.0,0.6703500487321459,0.6703500487321459,,,,1.0
18,hexane_gsolv_eV,178,1.0,0.0,0.6703500487321459,0.6703500487321459,,,,1.0
18,hexane_gsolv_eV,179,1.0,0.0,0.6703500487321459,0.6703500487321459,,,,1.0
18,hexane_gsolv_eV,180,1.0,0.0,0.6703500487321459,0.6703500487321459,,,,1.0
18,hexane_gsolv_eV,181,1.0,0.0,0.6703500487321459,0.6703500487321459,,,,1.0
18,hexane_gsolv_eV,182,1.0,0.0,0.6703500487321459,0.6703500487321459,,,,1.0
18,hexane_gsolv_eV,183,1.0,0.0,0.6703500487321459,0.6703500487321459,,,,1.0
18,hexane_gsolv_eV,184,1.0,0.0,0.6703500487321459,0.6703500487321459,,,,1.0
18,hexane_gsolv_eV,185,1.0,0.0,0.6703500487321459,0.6703500487321459,,,,1.0
18,hexane_gsolv_eV,186,1.0,0.0,0.6703500487321459,0.6703500487321459,,,,1.0
18,hexane_gsolv_eV,187,1.0,0.0,0.6703500487321459,0.6703500487321459,,,,1.0
18,hexane_gsolv_eV,188,1.0,0.0,0.6703500487321459,0.6703500487321459,,,,1.0
18,hexane_gsolv_eV,189,1.0,0.0,0.6703500487321459,0.6703500487321459,,,,1.0
18,hexane_gsolv_eV,190,1.0,0.0,0.6703500487321459,0.6703500487321459,,,,1.0
18,hexane_gsolv_eV,191,1.0,0.0,0.6703500487321459,0.6703500487321459,,,,1.0
18,hexane_gsolv_eV,192,1.0,0.0,0.6703500487321459,0.6703500487321459,,,,1.0
18,hexane_gsolv_eV,193,1.0,0.0,0.6703500487321459,0.6703500487321459,,,,1.0
18,hexane_gsolv_eV,194,1.0,0.0,0.6703500487321459,0.6703500487321459,,,,1.0
18,hexane_gsolv_eV,195,1.0,0.0,0.6703500487321459,0.6703500487321459,,,,1.0
18,hexane_gsolv_eV,196,1.0,0.0,0.6703500487321459,0.6703500487321459,,,,1.0
18,hexane_gsolv_eV,197,1.0,0.0,0.6703500487321459,0.6703500487321459,,,,1.0
18,hexane_gsolv_eV,198,1.0,0.0,0.6703500487321459,0.6703500487321459,,,,1.0
18,hexane_gsolv_eV,199,1.0,0.0,0.6703500487321459,0.6703500487321459,,,,1.0
18,hexane_gsolv_eV,200,1.0,0.0,0.6703500487321459,0.6703500487321459,,,,1.0
18,hexane_gsolv_eV,201,1.0,0.0,0.6703500487321459,0.6703500487321459,,,,1.0
18,hexane_gsolv_eV,202,1.0,0.0,0.6703500487321459,0.6703500487321459,,,,1.0
18,hexane_gsolv_eV,203,1.0,0.0,0.6703500487321459,0.6703500487321459,,,,1.0
18,hexane_gsolv_eV,204,1.0,0.0,0.6703500487321459,0.6703500487321459,,,,1.0
18,hexane_gsolv_eV,205,1.0,0.0,0.6703500487321459,0.6703500487321459,,,,1.0
18,hexane_gsolv_eV,206,1.0,0.0,0.6703500487321459,0.6703500487321459,,,,1.0
18,hexane_gsolv_eV,207,1.0,0.0,0.6703500487321459,0.6703500487321459,,,,1.0
18,hexane_gsolv_eV,208,1.0,0.0,0.6703500487321459,0.6703500487321459,,,,1.0
18,hexane_gsolv_eV,209,1.0,0.0,0.6703500487321459,0.6703500487321459,,,,1.0
18,hexane_gsolv_eV,210,1.0,0.0,0.6703500487321459,0.6703500487321459,,,,1.0
18,hexane_gsolv_eV,211,1.0,0.0,0.6703500487321459,0.6703500487321459,,,,1.0
18,hexane_gsolv_eV,212,1.0,0.0,0.6703500487321459,0.6703500487321459,,,,1.0
18,hexane_gsolv_eV,213,1.0,0.0,0.6703500487321459,0.6703500487321459,,,,1.0
18,hexane_gsolv_eV,214,1.0,0.0,0.6703500487321459,0.6703500487321459,,,,1.0
18,hexane_gsolv_eV,215,1.0,0.0,0.6703500487321459,0.6703500487321459,,,,1.0
18,hexane_gsolv_eV,216,1.0,0.0,0.6703500487321459,0.6703500487321459,,,,1.0
18,hexane_gsolv_eV,217,1.0,0.0,0.6703500487321459,0.6703500487321459,,,,1.0
18,hexane_gsolv_eV,218,1.0,0.0,0.6703500487321459,0.6703500487321459,,,,1.0
18,hexane_gsolv_eV,219,1.0,0.0,0.6703500487321459,0.6703500487321459,,,,1.0
18,hexane_gsolv_eV,220,1.0,0.0,0.6703500487321459,0.6703500487321459,,,,1.0
18,hexane_gsolv_eV,221,1.0,0.0,0.6703500487321459,0.6703500487321459,,,,1.0
18,hexane_gsolv_eV,222,1.0,0.0,0.6703500487321459,0.6703500487321459,,,,1.0
18,hexane_gsolv_eV,223,1.0,0.0,0.6703500487321459,0.6703500487321459,,,,1.0
18,hexane_gsolv_eV,224,1.0,0.0,0.6703500487321459,0.6703500487321459,,,,1.0
18,hexane_gsolv_eV,225,1.0,0.0,0.6703500487321459,0.6703500487321459,,,,1.0
18,hexane_gsolv_eV,226,1.0,0.0,0.6703500487321459,0.6703500487321459,,,,1.0
18,hexane_gsolv_eV,227,1.0,0.0,0.6703500487321459,0.6703500487321459,,,,1.0
18,hexane_gsolv_eV,228,1.0,0.0,0.6703500487321459,0.6703500487321459,,,,1.0
18,hexane_gsolv_eV,229,1.0,0.0,0.6703500487321459,0.6703500487321459,,,,1.0
18,hexane_gsolv_eV,230,1.0,0.0,0.6703500487321459,0.6703500487321459,,,,1.0
18,hexane_gsolv_eV,231,1.0,0.0,0.6703500487321459,0.6703500487321459,,,,1.0
18,hexane_gsolv_eV,232,1.0,0.0,0.6703500487321459,0.6703500487321459,,,,1.0
18,hexane_gsolv_eV,233,1.0,0.0,0.6703500487321459,0.6703500487321459,,,,1.0
18,hexane_gsolv_eV,234,1.0,0.0,0.6703500487321459,0.6703500487321459,,,,1.0
18,hexane_gsolv_eV,235,1.0,0.0,0.6703500487321459,0.6703500487321459,,,,1.0
18,hexane_gsolv_eV,236,1.0,0.0,0.6703500487321459,0.6703500487321459,,,,1.0
18,hexane_gsolv_eV,237,1.0,0.0,0.6703500487321459,0.6703500487321459,,,,1.0
18,hexane_gsolv_eV,238,1.0,0.0,0.6703500487321459,0.6703500487321459,,,,1.0
18,hexane_gsolv_eV,239,1.0,0.0,0.6703500487321459,0.6703500487321459,,,,1.0
18,hexane_gsolv_eV,240,1.0,0.0,0.6703500487321459,0.6703500487321459,,,,1.0
18,hexane_gsolv_eV,241,1.0,0.0,0.6703500487321459,0.6703500487321459,,,,1.0
18,hexane_gsolv_eV,242,1.0,0.0,0.6703500487321459,0.6703500487321459,,,,1.0
18,hexane_gsolv_eV,243,1.0,0.0,0.6703500487321459,0.6703500487321459,,,,1.0
18,hexane_gsolv_eV,244,1.0,0.0,0.6703500487321459,0.6703500487321459,,,,1.0
18,hexane_gsolv_eV,245,1.0,0.0,0.6703500487321459,0.6703500487321459,,,,1.0
18,hexane_gsolv_eV,246,1.0,0.0,0.6703500487321459,0.6703500487321459,,,,1.0
18,hexane_gsolv_eV,247,1.0,0.0,0.6703500487321459,0.6703500487321459,,,,1.0
18,hexane_gsolv_eV,248,1.0,0.0,0.6703500487321459,0.6703500487321459,,,,1.0
18,hexane_gsolv_eV,249,1.0,0.0,0.6703500487321459,0.6703500487321459,,,,1.0
18,hexane_hl_gap_eV,0,1.0000001192092896,0.0,0.7026049279094209,0.7026049279094209,,,,1.0
18,hexane_hl_gap_eV,1,1.0000001192092896,0.0,0.7026049279094209,0.7026049279094209,,,,1.0
18,hexane_hl_gap_eV,2,1.0000001192092896,0.0,0.7026049279094209,0.7026049279094209,,,,1.0
18,hexane_hl_gap_eV,3,1.0000001192092896,0.0,0.7026049279094209,0.7026049279094209,,,,1.0
18,hexane_hl_gap_eV,4,1.0000001192092896,0.0,0.7026049279094209,0.7026049279094209,,,,1.0
18,hexane_hl_gap_eV,5,1.0000001192092896,0.0,0.7026049279094209,0.7026049279094209,,,,1.0
18,hexane_hl_gap_eV,6,1.0000001192092896,0.0,0.7026049279094209,0.7026049279094209,,,,1.0
18,hexane_hl_gap_eV,7,1.0000001192092896,0.0,0.7026049279094209,0.7026049279094209,,,,1.0
18,hexane_hl_gap_eV,8,1.0000001192092896,0.0,0.7026049279094209,0.7026049279094209,,,,1.0
18,hexane_hl_gap_eV,9,1.0000001192092896,0.0,0.7026049279094209,0.7026049279094209,,,,1.0
18,hexane_hl_gap_eV,10,1.0000001192092896,0.0,0.7026049279094209,0.7026049279094209,,,,1.0
18,hexane_hl_gap_eV,11,1.0000001192092896,0.0,0.7026049279094209,0.7026049279094209,,,,1.0
18,hexane_hl_gap_eV,12,1.0000001192092896,0.0,0.7026049279094209,0.7026049279094209,,,,1.0
18,hexane_hl_gap_eV,13,1.0000001192092896,0.0,0.7026049279094209,0.7026049279094209,,,,1.0
18,hexane_hl_gap_eV,14,1.0000001192092896,0.0,0.7026049279094209,0.7026049279094209,,,,1.0
18,hexane_hl_gap_eV,15,1.0000001192092896,0.0,0.7026049279094209,0.7026049279094209,,,,1.0
18,hexane_hl_gap_eV,16,1.0000001192092896,0.0,0.7026049279094209,0.7026049279094209,,,,1.0
18,hexane_hl_gap_eV,17,1.0000001192092896,0.0,0.7026049279094209,0.7026049279094209,,,,1.0
18,hexane_hl_gap_eV,18,1.0000001192092896,0.0,0.7026049279094209,0.7026049279094209,,,,1.0
18,hexane_hl_gap_eV,19,1.0000001192092896,0.0,0.7026049279094209,0.7026049279094209,,,,1.0
18,hexane_hl_gap_eV,20,1.0000001192092896,0.0,0.7026049279094209,0.7026049279094209,,,,1.0
18,hexane_hl_gap_eV,21,1.0000001192092896,0.0,0.7026049279094209,0.7026049279094209,,,,1.0
18,hexane_hl_gap_eV,22,1.0000001192092896,0.0,0.7026049279094209,0.7026049279094209,,,,1.0
18,hexane_hl_gap_eV,23,1.0000001192092896,0.0,0.7026049279094209,0.7026049279094209,,,,1.0
18,hexane_hl_gap_eV,24,1.0000001192092896,0.0,0.7026049279094209,0.7026049279094209,,,,1.0
18,hexane_hl_gap_eV,25,1.0000001192092896,0.0,0.7026049279094209,0.7026049279094209,,,,1.0
18,hexane_hl_gap_eV,26,1.0000001192092896,0.0,0.7026049279094209,0.7026049279094209,,,,1.0
18,hexane_hl_gap_eV,27,1.0000001192092896,0.0,0.7026049279094209,0.7026049279094209,,,,1.0
18,hexane_hl_gap_eV,28,1.0000001192092896,0.0,0.7026049279094209,0.7026049279094209,,,,1.0
18,hexane_hl_gap_eV,29,1.0000001192092896,0.0,0.7026049279094209,0.7026049279094209,,,,1.0
18,hexane_hl_gap_eV,30,1.0000001192092896,0.0,0.7026049279094209,0.7026049279094209,,,,1.0
18,hexane_hl_gap_eV,31,1.0000001192092896,0.0,0.7026049279094209,0.7026049279094209,,,,1.0
18,hexane_hl_gap_eV,32,1.0000001192092896,0.0,0.7026049279094209,0.7026049279094209,,,,1.0
18,hexane_hl_gap_eV,33,1.0000001192092896,0.0,0.7026049279094209,0.7026049279094209,,,,1.0
18,hexane_hl_gap_eV,34,1.0000001192092896,0.0,0.7026049279094209,0.7026049279094209,,,,1.0
18,hexane_hl_gap_eV,35,1.0000001192092896,0.0,0.7026049279094209,0.7026049279094209,,,,1.0
18,hexane_hl_gap_eV,36,1.0000001192092896,0.0,0.7026049279094209,0.7026049279094209,,,,1.0
18,hexane_hl_gap_eV,37,1.0000001192092896,0.0,0.7026049279094209,0.7026049279094209,,,,1.0
18,hexane_hl_gap_eV,38,1.0000001192092896,0.0,0.7026049279094209,0.7026049279094209,,,,1.0
18,hexane_hl_gap_eV,39,1.0000001192092896,0.0,0.7026049279094209,0.7026049279094209,,,,1.0
18,hexane_hl_gap_eV,40,1.0000001192092896,0.0,0.7026049279094209,0.7026049279094209,,,,1.0
18,hexane_hl_gap_eV,41,1.0000001192092896,0.0,0.7026049279094209,0.7026049279094209,,,,1.0
18,hexane_hl_gap_eV,42,1.0000001192092896,0.0,0.7026049279094209,0.7026049279094209,,,,1.0
18,hexane_hl_gap_eV,43,1.0000001192092896,0.0,0.7026049279094209,0.7026049279094209,,,,1.0
18,hexane_hl_gap_eV,44,1.0000001192092896,0.0,0.7026049279094209,0.7026049279094209,,,,1.0
18,hexane_hl_gap_eV,45,1.0000001192092896,0.0,0.7026049279094209,0.7026049279094209,,,,1.0
18,hexane_hl_gap_eV,46,1.0000001192092896,0.0,0.7026049279094209,0.7026049279094209,,,,1.0
18,hexane_hl_gap_eV,47,1.0000001192092896,0.0,0.7026049279094209,0.7026049279094209,,,,1.0
18,hexane_hl_gap_eV,48,1.0000001192092896,0.0,0.7026049279094209,0.7026049279094209,,,,1.0
18,hexane_hl_gap_eV,49,1.0000001192092896,0.0,0.7026049279094209,0.7026049279094209,,,,1.0
18,hexane_hl_gap_eV,50,1.0000001192092896,0.0,0.7026049279094209,0.7026049279094209,,,,1.0
18,hexane_hl_gap_eV,51,1.0000001192092896,0.0,0.7026049279094209,0.7026049279094209,,,,1.0
18,hexane_hl_gap_eV,52,1.0000001192092896,0.0,0.7026049279094209,0.7026049279094209,,,,1.0
18,hexane_hl_gap_eV,53,1.0000001192092896,0.0,0.7026049279094209,0.7026049279094209,,,,1.0
18,hexane_hl_gap_eV,54,1.0000001192092896,0.0,0.7026049279094209,0.7026049279094209,,,,1.0
18,hexane_hl_gap_eV,55,1.0000001192092896,0.0,0.7026049279094209,0.7026049279094209,,,,1.0
18,hexane_hl_gap_eV,56,1.0000001192092896,0.0,0.7026049279094209,0.7026049279094209,,,,1.0
18,hexane_hl_gap_eV,57,1.0000001192092896,0.0,0.7026049279094209,0.7026049279094209,,,,1.0
18,hexane_hl_gap_eV,58,1.0000001192092896,0.0,0.7026049279094209,0.7026049279094209,,,,1.0
18,hexane_hl_gap_eV,59,1.0000001192092896,0.0,0.7026049279094209,0.7026049279094209,,,,1.0
18,hexane_hl_gap_eV,60,1.0000001192092896,0.0,0.7026049279094209,0.7026049279094209,,,,1.0
18,hexane_hl_gap_eV,61,1.0000001192092896,0.0,0.7026049279094209,0.7026049279094209,,,,1.0
18,hexane_hl_gap_eV,62,1.0000001192092896,0.0,0.7026049279094209,0.7026049279094209,,,,1.0
18,hexane_hl_gap_eV,63,1.0000001192092896,0.0,0.7026049279094209,0.7026049279094209,,,,1.0
18,hexane_hl_gap_eV,64,1.0000001192092896,0.0,0.7026049279094209,0.7026049279094209,,,,1.0
18,hexane_hl_gap_eV,65,1.0000001192092896,0.0,0.7026049279094209,0.7026049279094209,,,,1.0
18,hexane_hl_gap_eV,66,1.0000001192092896,0.0,0.7026049279094209,0.7026049279094209,,,,1.0
18,hexane_hl_gap_eV,67,1.0000001192092896,0.0,0.7026049279094209,0.7026049279094209,,,,1.0
18,hexane_hl_gap_eV,68,1.0000001192092896,0.0,0.7026049279094209,0.7026049279094209,,,,1.0
18,hexane_hl_gap_eV,69,1.0000001192092896,0.0,0.7026049279094209,0.7026049279094209,,,,1.0
18,hexane_hl_gap_eV,70,1.0000001192092896,0.0,0.7026049279094209,0.7026049279094209,,,,1.0
18,hexane_hl_gap_eV,71,1.0000001192092896,0.0,0.7026049279094209,0.7026049279094209,,,,1.0
18,hexane_hl_gap_eV,72,1.0000001192092896,0.0,0.7026049279094209,0.7026049279094209,,,,1.0
18,hexane_hl_gap_eV,73,1.0000001192092896,0.0,0.7026049279094209,0.7026049279094209,,,,1.0
18,hexane_hl_gap_eV,74,1.0000001192092896,0.0,0.7026049279094209,0.7026049279094209,,,,1.0
18,hexane_hl_gap_eV,75,1.0000001192092896,0.0,0.7026049279094209,0.7026049279094209,,,,1.0
18,hexane_hl_gap_eV,76,1.0000001192092896,0.0,0.7026049279094209,0.7026049279094209,,,,1.0
18,hexane_hl_gap_eV,77,1.0000001192092896,0.0,0.7026049279094209,0.7026049279094209,,,,1.0
18,hexane_hl_gap_eV,78,1.0000001192092896,0.0,0.7026049279094209,0.7026049279094209,,,,1.0
18,hexane_hl_gap_eV,79,1.0000001192092896,0.0,0.7026049279094209,0.7026049279094209,,,,1.0
18,hexane_hl_gap_eV,80,1.0000001192092896,0.0,0.7026049279094209,0.7026049279094209,,,,1.0
18,hexane_hl_gap_eV,81,1.0000001192092896,0.0,0.7026049279094209,0.7026049279094209,,,,1.0
18,hexane_hl_gap_eV,82,1.0000001192092896,0.0,0.7026049279094209,0.7026049279094209,,,,1.0
18,hexane_hl_gap_eV,83,1.0000001192092896,0.0,0.7026049279094209,0.7026049279094209,,,,1.0
18,hexane_hl_gap_eV,84,1.0000001192092896,0.0,0.7026049279094209,0.7026049279094209,,,,1.0
18,hexane_hl_gap_eV,85,1.0000001192092896,0.0,0.7026049279094209,0.7026049279094209,,,,1.0
18,hexane_hl_gap_eV,86,1.0000001192092896,0.0,0.7026049279094209,0.7026049279094209,,,,1.0
18,hexane_hl_gap_eV,87,1.0000001192092896,0.0,0.7026049279094209,0.7026049279094209,,,,1.0
18,hexane_hl_gap_eV,88,1.0000001192092896,0.0,0.7026049279094209,0.7026049279094209,,,,1.0
18,hexane_hl_gap_eV,89,1.0000001192092896,0.0,0.7026049279094209,0.7026049279094209,,,,1.0
18,hexane_hl_gap_eV,90,1.0000001192092896,0.0,0.7026049279094209,0.7026049279094209,,,,1.0
18,hexane_hl_gap_eV,91,1.0000001192092896,0.0,0.7026049279094209,0.7026049279094209,,,,1.0
18,hexane_hl_gap_eV,92,1.0000001192092896,0.0,0.7026049279094209,0.7026049279094209,,,,1.0
18,hexane_hl_gap_eV,93,1.0000001192092896,0.0,0.7026049279094209,0.7026049279094209,,,,1.0
18,hexane_hl_gap_eV,94,1.0000001192092896,0.0,0.7026049279094209,0.7026049279094209,,,,1.0
18,hexane_hl_gap_eV,95,1.0000001192092896,0.0,0.7026049279094209,0.7026049279094209,,,,1.0
18,hexane_hl_gap_eV,96,1.0000001192092896,0.0,0.7026049279094209,0.7026049279094209,,,,1.0
18,hexane_hl_gap_eV,97,1.0000001192092896,0.0,0.7026049279094209,0.7026049279094209,,,,1.0
18,hexane_hl_gap_eV,98,1.0000001192092896,0.0,0.7026049279094209,0.7026049279094209,,,,1.0
18,hexane_hl_gap_eV,99,1.0000001192092896,0.0,0.7026049279094209,0.7026049279094209,,,,1.0
18,hexane_hl_gap_eV,100,1.0000001192092896,0.0,0.7026049279094209,0.7026049279094209,,,,1.0
18,hexane_hl_gap_eV,101,1.0000001192092896,0.0,0.7026049279094209,0.7026049279094209,,,,1.0
18,hexane_hl_gap_eV,102,1.0000001192092896,0.0,0.7026049279094209,0.7026049279094209,,,,1.0
18,hexane_hl_gap_eV,103,1.0000001192092896,0.0,0.7026049279094209,0.7026049279094209,,,,1.0
18,hexane_hl_gap_eV,104,1.0000001192092896,0.0,0.7026049279094209,0.7026049279094209,,,,1.0
18,hexane_hl_gap_eV,105,1.0000001192092896,0.0,0.7026049279094209,0.7026049279094209,,,,1.0
18,hexane_hl_gap_eV,106,1.0000001192092896,0.0,0.7026049279094209,0.7026049279094209,,,,1.0
18,hexane_hl_gap_eV,107,1.0000001192092896,0.0,0.7026049279094209,0.7026049279094209,,,,1.0
18,hexane_hl_gap_eV,108,1.0000001192092896,0.0,0.7026049279094209,0.7026049279094209,,,,1.0
18,hexane_hl_gap_eV,109,1.0000001192092896,0.0,0.7026049279094209,0.7026049279094209,,,,1.0
18,hexane_hl_gap_eV,110,1.0000001192092896,0.0,0.7026049279094209,0.7026049279094209,,,,1.0
18,hexane_hl_gap_eV,111,1.0000001192092896,0.0,0.7026049279094209,0.7026049279094209,,,,1.0
18,hexane_hl_gap_eV,112,1.0000001192092896,0.0,0.7026049279094209,0.7026049279094209,,,,1.0
18,hexane_hl_gap_eV,113,1.0000001192092896,0.0,0.7026049279094209,0.7026049279094209,,,,1.0
18,hexane_hl_gap_eV,114,1.0000001192092896,0.0,0.7026049279094209,0.7026049279094209,,,,1.0
18,hexane_hl_gap_eV,115,1.0000001192092896,0.0,0.7026049279094209,0.7026049279094209,,,,1.0
18,hexane_hl_gap_eV,116,1.0000001192092896,0.0,0.7026049279094209,0.7026049279094209,,,,1.0
18,hexane_hl_gap_eV,117,1.0000001192092896,0.0,0.7026049279094209,0.7026049279094209,,,,1.0
18,hexane_hl_gap_eV,118,1.0000001192092896,0.0,0.7026049279094209,0.7026049279094209,,,,1.0
18,hexane_hl_gap_eV,119,1.0000001192092896,0.0,0.7026049279094209,0.7026049279094209,,,,1.0
18,hexane_hl_gap_eV,120,1.0000001192092896,0.0,0.7026049279094209,0.7026049279094209,,,,1.0
18,hexane_hl_gap_eV,121,1.0000001192092896,0.0,0.7026049279094209,0.7026049279094209,,,,1.0
18,hexane_hl_gap_eV,122,1.0000001192092896,0.0,0.7026049279094209,0.7026049279094209,,,,1.0
18,hexane_hl_gap_eV,123,1.0000001192092896,0.0,0.7026049279094209,0.7026049279094209,,,,1.0
18,hexane_hl_gap_eV,124,1.0000001192092896,0.0,0.7026049279094209,0.7026049279094209,,,,1.0
18,hexane_hl_gap_eV,125,1.0000001192092896,0.0,0.7026049279094209,0.7026049279094209,,,,1.0
18,hexane_hl_gap_eV,126,1.0000001192092896,0.0,0.7026049279094209,0.7026049279094209,,,,1.0
18,hexane_hl_gap_eV,127,1.0000001192092896,0.0,0.7026049279094209,0.7026049279094209,,,,1.0
18,hexane_hl_gap_eV,128,1.0000001192092896,0.0,0.7026049279094209,0.7026049279094209,,,,1.0
18,hexane_hl_gap_eV,129,1.0000001192092896,0.0,0.7026049279094209,0.7026049279094209,,,,1.0
18,hexane_hl_gap_eV,130,1.0000001192092896,0.0,0.7026049279094209,0.7026049279094209,,,,1.0
18,hexane_hl_gap_eV,131,1.0000001192092896,0.0,0.7026049279094209,0.7026049279094209,,,,1.0
18,hexane_hl_gap_eV,132,1.0000001192092896,0.0,0.7026049279094209,0.7026049279094209,,,,1.0
18,hexane_hl_gap_eV,133,1.0000001192092896,0.0,0.7026049279094209,0.7026049279094209,,,,1.0
18,hexane_hl_gap_eV,134,1.0000001192092896,0.0,0.7026049279094209,0.7026049279094209,,,,1.0
18,hexane_hl_gap_eV,135,1.0000001192092896,0.0,0.7026049279094209,0.7026049279094209,,,,1.0
18,hexane_hl_gap_eV,136,1.0000001192092896,0.0,0.7026049279094209,0.7026049279094209,,,,1.0
18,hexane_hl_gap_eV,137,1.0000001192092896,0.0,0.7026049279094209,0.7026049279094209,,,,1.0
18,hexane_hl_gap_eV,138,1.0000001192092896,0.0,0.7026049279094209,0.7026049279094209,,,,1.0
18,hexane_hl_gap_eV,139,1.0000001192092896,0.0,0.7026049279094209,0.7026049279094209,,,,1.0
18,hexane_hl_gap_eV,140,1.0000001192092896,0.0,0.7026049279094209,0.7026049279094209,,,,1.0
18,hexane_hl_gap_eV,141,1.0000001192092896,0.0,0.7026049279094209,0.7026049279094209,,,,1.0
18,hexane_hl_gap_eV,142,1.0000001192092896,0.0,0.7026049279094209,0.7026049279094209,,,,1.0
18,hexane_hl_gap_eV,143,1.0000001192092896,0.0,0.7026049279094209,0.7026049279094209,,,,1.0
18,hexane_hl_gap_eV,144,1.0000001192092896,0.0,0.7026049279094209,0.7026049279094209,,,,1.0
18,hexane_hl_gap_eV,145,1.0000001192092896,0.0,0.7026049279094209,0.7026049279094209,,,,1.0
18,hexane_hl_gap_eV,146,1.0000001192092896,0.0,0.7026049279094209,0.7026049279094209,,,,1.0
18,hexane_hl_gap_eV,147,1.0000001192092896,0.0,0.7026049279094209,0.7026049279094209,,,,1.0
18,hexane_hl_gap_eV,148,1.0000001192092896,0.0,0.7026049279094209,0.7026049279094209,,,,1.0
18,hexane_hl_gap_eV,149,1.0000001192092896,0.0,0.7026049279094209,0.7026049279094209,,,,1.0
18,hexane_hl_gap_eV,150,1.0000001192092896,0.0,0.7026049279094209,0.7026049279094209,,,,1.0
18,hexane_hl_gap_eV,151,1.0000001192092896,0.0,0.7026049279094209,0.7026049279094209,,,,1.0
18,hexane_hl_gap_eV,152,1.0000001192092896,0.0,0.7026049279094209,0.7026049279094209,,,,1.0
18,hexane_hl_gap_eV,153,1.0000001192092896,0.0,0.7026049279094209,0.7026049279094209,,,,1.0
18,hexane_hl_gap_eV,154,1.0000001192092896,0.0,0.7026049279094209,0.7026049279094209,,,,1.0
18,hexane_hl_gap_eV,155,1.0000001192092896,0.0,0.7026049279094209,0.7026049279094209,,,,1.0
18,hexane_hl_gap_eV,156,1.0000001192092896,0.0,0.7026049279094209,0.7026049279094209,,,,1.0
18,hexane_hl_gap_eV,157,1.0000001192092896,0.0,0.7026049279094209,0.7026049279094209,,,,1.0
18,hexane_hl_gap_eV,158,1.0000001192092896,0.0,0.7026049279094209,0.7026049279094209,,,,1.0
18,hexane_hl_gap_eV,159,1.0000001192092896,0.0,0.7026049279094209,0.7026049279094209,,,,1.0
18,hexane_hl_gap_eV,160,1.0000001192092896,0.0,0.7026049279094209,0.7026049279094209,,,,1.0
18,hexane_hl_gap_eV,161,1.0000001192092896,0.0,0.7026049279094209,0.7026049279094209,,,,1.0
18,hexane_hl_gap_eV,162,1.0000001192092896,0.0,0.7026049279094209,0.7026049279094209,,,,1.0
18,hexane_hl_gap_eV,163,1.0000001192092896,0.0,0.7026049279094209,0.7026049279094209,,,,1.0
18,hexane_hl_gap_eV,164,1.0000001192092896,0.0,0.7026049279094209,0.7026049279094209,,,,1.0
18,hexane_hl_gap_eV,165,1.0000001192092896,0.0,0.7026049279094209,0.7026049279094209,,,,1.0
18,hexane_hl_gap_eV,166,1.0000001192092896,0.0,0.7026049279094209,0.7026049279094209,,,,1.0
18,hexane_hl_gap_eV,167,1.0000001192092896,0.0,0.7026049279094209,0.7026049279094209,,,,1.0
18,hexane_hl_gap_eV,168,1.0000001192092896,0.0,0.7026049279094209,0.7026049279094209,,,,1.0
18,hexane_hl_gap_eV,169,1.0000001192092896,0.0,0.7026049279094209,0.7026049279094209,,,,1.0
18,hexane_hl_gap_eV,170,1.0000001192092896,0.0,0.7026049279094209,0.7026049279094209,,,,1.0
18,hexane_hl_gap_eV,171,1.0000001192092896,0.0,0.7026049279094209,0.7026049279094209,,,,1.0
18,hexane_hl_gap_eV,172,1.0000001192092896,0.0,0.7026049279094209,0.7026049279094209,,,,1.0
18,hexane_hl_gap_eV,173,1.0000001192092896,0.0,0.7026049279094209,0.7026049279094209,,,,1.0
18,hexane_hl_gap_eV,174,1.0000001192092896,0.0,0.7026049279094209,0.7026049279094209,,,,1.0
18,hexane_hl_gap_eV,175,1.0000001192092896,0.0,0.7026049279094209,0.7026049279094209,,,,1.0
18,hexane_hl_gap_eV,176,1.0000001192092896,0.0,0.7026049279094209,0.7026049279094209,,,,1.0
18,hexane_hl_gap_eV,177,1.0000001192092896,0.0,0.7026049279094209,0.7026049279094209,,,,1.0
18,hexane_hl_gap_eV,178,1.0000001192092896,0.0,0.7026049279094209,0.7026049279094209,,,,1.0
18,hexane_hl_gap_eV,179,1.0000001192092896,0.0,0.7026049279094209,0.7026049279094209,,,,1.0
18,hexane_hl_gap_eV,180,1.0000001192092896,0.0,0.7026049279094209,0.7026049279094209,,,,1.0
18,hexane_hl_gap_eV,181,1.0000001192092896,0.0,0.7026049279094209,0.7026049279094209,,,,1.0
18,hexane_hl_gap_eV,182,1.0000001192092896,0.0,0.7026049279094209,0.7026049279094209,,,,1.0
18,hexane_hl_gap_eV,183,1.0000001192092896,0.0,0.7026049279094209,0.7026049279094209,,,,1.0
18,hexane_hl_gap_eV,184,1.0000001192092896,0.0,0.7026049279094209,0.7026049279094209,,,,1.0
18,hexane_hl_gap_eV,185,1.0000001192092896,0.0,0.7026049279094209,0.7026049279094209,,,,1.0
18,hexane_hl_gap_eV,186,1.0000001192092896,0.0,0.7026049279094209,0.7026049279094209,,,,1.0
18,hexane_hl_gap_eV,187,1.0000001192092896,0.0,0.7026049279094209,0.7026049279094209,,,,1.0
18,hexane_hl_gap_eV,188,1.0000001192092896,0.0,0.7026049279094209,0.7026049279094209,,,,1.0
18,hexane_hl_gap_eV,189,1.0000001192092896,0.0,0.7026049279094209,0.7026049279094209,,,,1.0
18,hexane_hl_gap_eV,190,1.0000001192092896,0.0,0.7026049279094209,0.7026049279094209,,,,1.0
18,hexane_hl_gap_eV,191,1.0000001192092896,0.0,0.7026049279094209,0.7026049279094209,,,,1.0
18,hexane_hl_gap_eV,192,1.0000001192092896,0.0,0.7026049279094209,0.7026049279094209,,,,1.0
18,hexane_hl_gap_eV,193,1.0000001192092896,0.0,0.7026049279094209,0.7026049279094209,,,,1.0
18,hexane_hl_gap_eV,194,1.0000001192092896,0.0,0.7026049279094209,0.7026049279094209,,,,1.0
18,hexane_hl_gap_eV,195,1.0000001192092896,0.0,0.7026049279094209,0.7026049279094209,,,,1.0
18,hexane_hl_gap_eV,196,1.0000001192092896,0.0,0.7026049279094209,0.7026049279094209,,,,1.0
18,hexane_hl_gap_eV,197,1.0000001192092896,0.0,0.7026049279094209,0.7026049279094209,,,,1.0
18,hexane_hl_gap_eV,198,1.0000001192092896,0.0,0.7026049279094209,0.7026049279094209,,,,1.0
18,hexane_hl_gap_eV,199,1.0000001192092896,0.0,0.7026049279094209,0.7026049279094209,,,,1.0
18,hexane_hl_gap_eV,200,1.0000001192092896,0.0,0.7026049279094209,0.7026049279094209,,,,1.0
18,hexane_hl_gap_eV,201,1.0000001192092896,0.0,0.7026049279094209,0.7026049279094209,,,,1.0
18,hexane_hl_gap_eV,202,1.0000001192092896,0.0,0.7026049279094209,0.7026049279094209,,,,1.0
18,hexane_hl_gap_eV,203,1.0000001192092896,0.0,0.7026049279094209,0.7026049279094209,,,,1.0
18,hexane_hl_gap_eV,204,1.0000001192092896,0.0,0.7026049279094209,0.7026049279094209,,,,1.0
18,hexane_hl_gap_eV,205,1.0000001192092896,0.0,0.7026049279094209,0.7026049279094209,,,,1.0
18,hexane_hl_gap_eV,206,1.0000001192092896,0.0,0.7026049279094209,0.7026049279094209,,,,1.0
18,hexane_hl_gap_eV,207,1.0000001192092896,0.0,0.7026049279094209,0.7026049279094209,,,,1.0
18,hexane_hl_gap_eV,208,1.0000001192092896,0.0,0.7026049279094209,0.7026049279094209,,,,1.0
18,hexane_hl_gap_eV,209,1.0000001192092896,0.0,0.7026049279094209,0.7026049279094209,,,,1.0
18,hexane_hl_gap_eV,210,1.0000001192092896,0.0,0.7026049279094209,0.7026049279094209,,,,1.0
18,hexane_hl_gap_eV,211,1.0000001192092896,0.0,0.7026049279094209,0.7026049279094209,,,,1.0
18,hexane_hl_gap_eV,212,1.0000001192092896,0.0,0.7026049279094209,0.7026049279094209,,,,1.0
18,hexane_hl_gap_eV,213,1.0000001192092896,0.0,0.7026049279094209,0.7026049279094209,,,,1.0
18,hexane_hl_gap_eV,214,1.0000001192092896,0.0,0.7026049279094209,0.7026049279094209,,,,1.0
18,hexane_hl_gap_eV,215,1.0000001192092896,0.0,0.7026049279094209,0.7026049279094209,,,,1.0
18,hexane_hl_gap_eV,216,1.0000001192092896,0.0,0.7026049279094209,0.7026049279094209,,,,1.0
18,hexane_hl_gap_eV,217,1.0000001192092896,0.0,0.7026049279094209,0.7026049279094209,,,,1.0
18,hexane_hl_gap_eV,218,1.0000001192092896,0.0,0.7026049279094209,0.7026049279094209,,,,1.0
18,hexane_hl_gap_eV,219,1.0000001192092896,0.0,0.7026049279094209,0.7026049279094209,,,,1.0
18,hexane_hl_gap_eV,220,1.0000001192092896,0.0,0.7026049279094209,0.7026049279094209,,,,1.0
18,hexane_hl_gap_eV,221,1.0000001192092896,0.0,0.7026049279094209,0.7026049279094209,,,,1.0
18,hexane_hl_gap_eV,222,1.0000001192092896,0.0,0.7026049279094209,0.7026049279094209,,,,1.0
18,hexane_hl_gap_eV,223,1.0000001192092896,0.0,0.7026049279094209,0.7026049279094209,,,,1.0
18,hexane_hl_gap_eV,224,1.0000001192092896,0.0,0.7026049279094209,0.7026049279094209,,,,1.0
18,hexane_hl_gap_eV,225,1.0000001192092896,0.0,0.7026049279094209,0.7026049279094209,,,,1.0
18,hexane_hl_gap_eV,226,1.0000001192092896,0.0,0.7026049279094209,0.7026049279094209,,,,1.0
18,hexane_hl_gap_eV,227,1.0000001192092896,0.0,0.7026049279094209,0.7026049279094209,,,,1.0
18,hexane_hl_gap_eV,228,1.0000001192092896,0.0,0.7026049279094209,0.7026049279094209,,,,1.0
18,hexane_hl_gap_eV,229,1.0000001192092896,0.0,0.7026049279094209,0.7026049279094209,,,,1.0
18,hexane_hl_gap_eV,230,1.0000001192092896,0.0,0.7026049279094209,0.7026049279094209,,,,1.0
18,hexane_hl_gap_eV,231,1.0000001192092896,0.0,0.7026049279094209,0.7026049279094209,,,,1.0
18,hexane_hl_gap_eV,232,1.0000001192092896,0.0,0.7026049279094209,0.7026049279094209,,,,1.0
18,hexane_hl_gap_eV,233,1.0000001192092896,0.0,0.7026049279094209,0.7026049279094209,,,,1.0
18,hexane_hl_gap_eV,234,1.0000001192092896,0.0,0.7026049279094209,0.7026049279094209,,,,1.0
18,hexane_hl_gap_eV,235,1.0000001192092896,0.0,0.7026049279094209,0.7026049279094209,,,,1.0
18,hexane_hl_gap_eV,236,1.0000001192092896,0.0,0.7026049279094209,0.7026049279094209,,,,1.0
18,hexane_hl_gap_eV,237,1.0000001192092896,0.0,0.7026049279094209,0.7026049279094209,,,,1.0
18,hexane_hl_gap_eV,238,1.0000001192092896,0.0,0.7026049279094209,0.7026049279094209,,,,1.0
18,hexane_hl_gap_eV,239,1.0000001192092896,0.0,0.7026049279094209,0.7026049279094209,,,,1.0
18,hexane_hl_gap_eV,240,1.0000001192092896,0.0,0.7026049279094209,0.7026049279094209,,,,1.0
18,hexane_hl_gap_eV,241,1.0000001192092896,0.0,0.7026049279094209,0.7026049279094209,,,,1.0
18,hexane_hl_gap_eV,242,1.0000001192092896,0.0,0.7026049279094209,0.7026049279094209,,,,1.0
18,hexane_hl_gap_eV,243,1.0000001192092896,0.0,0.7026049279094209,0.7026049279094209,,,,1.0
18,hexane_hl_gap_eV,244,1.0000001192092896,0.0,0.7026049279094209,0.7026049279094209,,,,1.0
18,hexane_hl_gap_eV,245,1.0000001192092896,0.0,0.7026049279094209,0.7026049279094209,,,,1.0
18,hexane_hl_gap_eV,246,1.0000001192092896,0.0,0.7026049279094209,0.7026049279094209,,,,1.0
18,hexane_hl_gap_eV,247,1.0000001192092896,0.0,0.7026049279094209,0.7026049279094209,,,,1.0
18,hexane_hl_gap_eV,248,1.0000001192092896,0.0,0.7026049279094209,0.7026049279094209,,,,1.0
18,hexane_hl_gap_eV,249,1.0000001192092896,0.0,0.7026049279094209,0.7026049279094209,,,,1.0
18,hexane_dipole,0,1.0,0.0,0.6155158284847757,0.6155158284847757,,,,1.0
18,hexane_dipole,1,1.0,0.0,0.6155158284847757,0.6155158284847757,,,,1.0
18,hexane_dipole,2,1.0,0.0,0.6155158284847757,0.6155158284847757,,,,1.0
18,hexane_dipole,3,1.0,0.0,0.6155158284847757,0.6155158284847757,,,,1.0
18,hexane_dipole,4,1.0,0.0,0.6155158284847757,0.6155158284847757,,,,1.0
18,hexane_dipole,5,1.0,0.0,0.6155158284847757,0.6155158284847757,,,,1.0
18,hexane_dipole,6,1.0,0.0,0.6155158284847757,0.6155158284847757,,,,1.0
18,hexane_dipole,7,1.0,0.0,0.6155158284847757,0.6155158284847757,,,,1.0
18,hexane_dipole,8,1.0,0.0,0.6155158284847757,0.6155158284847757,,,,1.0
18,hexane_dipole,9,1.0,0.0,0.6155158284847757,0.6155158284847757,,,,1.0
18,hexane_dipole,10,1.0,0.0,0.6155158284847757,0.6155158284847757,,,,1.0
18,hexane_dipole,11,1.0,0.0,0.6155158284847757,0.6155158284847757,,,,1.0
18,hexane_dipole,12,1.0,0.0,0.6155158284847757,0.6155158284847757,,,,1.0
18,hexane_dipole,13,1.0,0.0,0.6155158284847757,0.6155158284847757,,,,1.0
18,hexane_dipole,14,1.0,0.0,0.6155158284847757,0.6155158284847757,,,,1.0
18,hexane_dipole,15,1.0,0.0,0.6155158284847757,0.6155158284847757,,,,1.0
18,hexane_dipole,16,1.0,0.0,0.6155158284847757,0.6155158284847757,,,,1.0
18,hexane_dipole,17,1.0,0.0,0.6155158284847757,0.6155158284847757,,,,1.0
18,hexane_dipole,18,1.0,0.0,0.6155158284847757,0.6155158284847757,,,,1.0
18,hexane_dipole,19,1.0,0.0,0.6155158284847757,0.6155158284847757,,,,1.0
18,hexane_dipole,20,1.0,0.0,0.6155158284847757,0.6155158284847757,,,,1.0
18,hexane_dipole,21,1.0,0.0,0.6155158284847757,0.6155158284847757,,,,1.0
18,hexane_dipole,22,1.0,0.0,0.6155158284847757,0.6155158284847757,,,,1.0
18,hexane_dipole,23,1.0,0.0,0.6155158284847757,0.6155158284847757,,,,1.0
18,hexane_dipole,24,1.0,0.0,0.6155158284847757,0.6155158284847757,,,,1.0
18,hexane_dipole,25,1.0,0.0,0.6155158284847757,0.6155158284847757,,,,1.0
18,hexane_dipole,26,1.0,0.0,0.6155158284847757,0.6155158284847757,,,,1.0
18,hexane_dipole,27,1.0,0.0,0.6155158284847757,0.6155158284847757,,,,1.0
18,hexane_dipole,28,1.0,0.0,0.6155158284847757,0.6155158284847757,,,,1.0
18,hexane_dipole,29,1.0,0.0,0.6155158284847757,0.6155158284847757,,,,1.0
18,hexane_dipole,30,1.0,0.0,0.6155158284847757,0.6155158284847757,,,,1.0
18,hexane_dipole,31,1.0,0.0,0.6155158284847757,0.6155158284847757,,,,1.0
18,hexane_dipole,32,1.0,0.0,0.6155158284847757,0.6155158284847757,,,,1.0
18,hexane_dipole,33,1.0,0.0,0.6155158284847757,0.6155158284847757,,,,1.0
18,hexane_dipole,34,1.0,0.0,0.6155158284847757,0.6155158284847757,,,,1.0
18,hexane_dipole,35,1.0,0.0,0.6155158284847757,0.6155158284847757,,,,1.0
18,hexane_dipole,36,1.0,0.0,0.6155158284847757,0.6155158284847757,,,,1.0
18,hexane_dipole,37,1.0,0.0,0.6155158284847757,0.6155158284847757,,,,1.0
18,hexane_dipole,38,1.0,0.0,0.6155158284847757,0.6155158284847757,,,,1.0
18,hexane_dipole,39,1.0,0.0,0.6155158284847757,0.6155158284847757,,,,1.0
18,hexane_dipole,40,1.0,0.0,0.6155158284847757,0.6155158284847757,,,,1.0
18,hexane_dipole,41,1.0,0.0,0.6155158284847757,0.6155158284847757,,,,1.0
18,hexane_dipole,42,1.0,0.0,0.6155158284847757,0.6155158284847757,,,,1.0
18,hexane_dipole,43,1.0,0.0,0.6155158284847757,0.6155158284847757,,,,1.0
18,hexane_dipole,44,1.0,0.0,0.6155158284847757,0.6155158284847757,,,,1.0
18,hexane_dipole,45,1.0,0.0,0.6155158284847757,0.6155158284847757,,,,1.0
18,hexane_dipole,46,1.0,0.0,0.6155158284847757,0.6155158284847757,,,,1.0
18,hexane_dipole,47,1.0,0.0,0.6155158284847757,0.6155158284847757,,,,1.0
18,hexane_dipole,48,1.0,0.0,0.6155158284847757,0.6155158284847757,,,,1.0
18,hexane_dipole,49,1.0,0.0,0.6155158284847757,0.6155158284847757,,,,1.0
18,hexane_dipole,50,1.0,0.0,0.6155158284847757,0.6155158284847757,,,,1.0
18,hexane_dipole,51,1.0,0.0,0.6155158284847757,0.6155158284847757,,,,1.0
18,hexane_dipole,52,1.0,0.0,0.6155158284847757,0.6155158284847757,,,,1.0
18,hexane_dipole,53,1.0,0.0,0.6155158284847757,0.6155158284847757,,,,1.0
18,hexane_dipole,54,1.0,0.0,0.6155158284847757,0.6155158284847757,,,,1.0
18,hexane_dipole,55,1.0,0.0,0.6155158284847757,0.6155158284847757,,,,1.0
18,hexane_dipole,56,1.0,0.0,0.6155158284847757,0.6155158284847757,,,,1.0
18,hexane_dipole,57,1.0,0.0,0.6155158284847757,0.6155158284847757,,,,1.0
18,hexane_dipole,58,1.0,0.0,0.6155158284847757,0.6155158284847757,,,,1.0
18,hexane_dipole,59,1.0,0.0,0.6155158284847757,0.6155158284847757,,,,1.0
18,hexane_dipole,60,1.0,0.0,0.6155158284847757,0.6155158284847757,,,,1.0
18,hexane_dipole,61,1.0,0.0,0.6155158284847757,0.6155158284847757,,,,1.0
18,hexane_dipole,62,1.0,0.0,0.6155158284847757,0.6155158284847757,,,,1.0
18,hexane_dipole,63,1.0,0.0,0.6155158284847757,0.6155158284847757,,,,1.0
18,hexane_dipole,64,1.0,0.0,0.6155158284847757,0.6155158284847757,,,,1.0
18,hexane_dipole,65,1.0,0.0,0.6155158284847757,0.6155158284847757,,,,1.0
18,hexane_dipole,66,1.0,0.0,0.6155158284847757,0.6155158284847757,,,,1.0
18,hexane_dipole,67,1.0,0.0,0.6155158284847757,0.6155158284847757,,,,1.0
18,hexane_dipole,68,1.0,0.0,0.6155158284847757,0.6155158284847757,,,,1.0
18,hexane_dipole,69,1.0,0.0,0.6155158284847757,0.6155158284847757,,,,1.0
18,hexane_dipole,70,1.0,0.0,0.6155158284847757,0.6155158284847757,,,,1.0
18,hexane_dipole,71,1.0,0.0,0.6155158284847757,0.6155158284847757,,,,1.0
18,hexane_dipole,72,1.0,0.0,0.6155158284847757,0.6155158284847757,,,,1.0
18,hexane_dipole,73,1.0,0.0,0.6155158284847757,0.6155158284847757,,,,1.0
18,hexane_dipole,74,1.0,0.0,0.6155158284847757,0.6155158284847757,,,,1.0
18,hexane_dipole,75,1.0,0.0,0.6155158284847757,0.6155158284847757,,,,1.0
18,hexane_dipole,76,1.0,0.0,0.6155158284847757,0.6155158284847757,,,,1.0
18,hexane_dipole,77,1.0,0.0,0.6155158284847757,0.6155158284847757,,,,1.0
18,hexane_dipole,78,1.0,0.0,0.6155158284847757,0.6155158284847757,,,,1.0
18,hexane_dipole,79,1.0,0.0,0.6155158284847757,0.6155158284847757,,,,1.0
18,hexane_dipole,80,1.0,0.0,0.6155158284847757,0.6155158284847757,,,,1.0
18,hexane_dipole,81,1.0,0.0,0.6155158284847757,0.6155158284847757,,,,1.0
18,hexane_dipole,82,1.0,0.0,0.6155158284847757,0.6155158284847757,,,,1.0
18,hexane_dipole,83,1.0,0.0,0.6155158284847757,0.6155158284847757,,,,1.0
18,hexane_dipole,84,1.0,0.0,0.6155158284847757,0.6155158284847757,,,,1.0
18,hexane_dipole,85,1.0,0.0,0.6155158284847757,0.6155158284847757,,,,1.0
18,hexane_dipole,86,1.0,0.0,0.6155158284847757,0.6155158284847757,,,,1.0
18,hexane_dipole,87,1.0,0.0,0.6155158284847757,0.6155158284847757,,,,1.0
18,hexane_dipole,88,1.0,0.0,0.6155158284847757,0.6155158284847757,,,,1.0
18,hexane_dipole,89,1.0,0.0,0.6155158284847757,0.6155158284847757,,,,1.0
18,hexane_dipole,90,1.0,0.0,0.6155158284847757,0.6155158284847757,,,,1.0
18,hexane_dipole,91,1.0,0.0,0.6155158284847757,0.6155158284847757,,,,1.0
18,hexane_dipole,92,1.0,0.0,0.6155158284847757,0.6155158284847757,,,,1.0
18,hexane_dipole,93,1.0,0.0,0.6155158284847757,0.6155158284847757,,,,1.0
18,hexane_dipole,94,1.0,0.0,0.6155158284847757,0.6155158284847757,,,,1.0
18,hexane_dipole,95,1.0,0.0,0.6155158284847757,0.6155158284847757,,,,1.0
18,hexane_dipole,96,1.0,0.0,0.6155158284847757,0.6155158284847757,,,,1.0
18,hexane_dipole,97,1.0,0.0,0.6155158284847757,0.6155158284847757,,,,1.0
18,hexane_dipole,98,1.0,0.0,0.6155158284847757,0.6155158284847757,,,,1.0
18,hexane_dipole,99,1.0,0.0,0.6155158284847757,0.6155158284847757,,,,1.0
18,hexane_dipole,100,1.0,0.0,0.6155158284847757,0.6155158284847757,,,,1.0
18,hexane_dipole,101,1.0,0.0,0.6155158284847757,0.6155158284847757,,,,1.0
18,hexane_dipole,102,1.0,0.0,0.6155158284847757,0.6155158284847757,,,,1.0
18,hexane_dipole,103,1.0,0.0,0.6155158284847757,0.6155158284847757,,,,1.0
18,hexane_dipole,104,1.0,0.0,0.6155158284847757,0.6155158284847757,,,,1.0
18,hexane_dipole,105,1.0,0.0,0.6155158284847757,0.6155158284847757,,,,1.0
18,hexane_dipole,106,1.0,0.0,0.6155158284847757,0.6155158284847757,,,,1.0
18,hexane_dipole,107,1.0,0.0,0.6155158284847757,0.6155158284847757,,,,1.0
18,hexane_dipole,108,1.0,0.0,0.6155158284847757,0.6155158284847757,,,,1.0
18,hexane_dipole,109,1.0,0.0,0.6155158284847757,0.6155158284847757,,,,1.0
18,hexane_dipole,110,1.0,0.0,0.6155158284847757,0.6155158284847757,,,,1.0
18,hexane_dipole,111,1.0,0.0,0.6155158284847757,0.6155158284847757,,,,1.0
18,hexane_dipole,112,1.0,0.0,0.6155158284847757,0.6155158284847757,,,,1.0
18,hexane_dipole,113,1.0,0.0,0.6155158284847757,0.6155158284847757,,,,1.0
18,hexane_dipole,114,1.0,0.0,0.6155158284847757,0.6155158284847757,,,,1.0
18,hexane_dipole,115,1.0,0.0,0.6155158284847757,0.6155158284847757,,,,1.0
18,hexane_dipole,116,1.0,0.0,0.6155158284847757,0.6155158284847757,,,,1.0
18,hexane_dipole,117,1.0,0.0,0.6155158284847757,0.6155158284847757,,,,1.0
18,hexane_dipole,118,1.0,0.0,0.6155158284847757,0.6155158284847757,,,,1.0
18,hexane_dipole,119,1.0,0.0,0.6155158284847757,0.6155158284847757,,,,1.0
18,hexane_dipole,120,1.0,0.0,0.6155158284847757,0.6155158284847757,,,,1.0
18,hexane_dipole,121,1.0,0.0,0.6155158284847757,0.6155158284847757,,,,1.0
18,hexane_dipole,122,1.0,0.0,0.6155158284847757,0.6155158284847757,,,,1.0
18,hexane_dipole,123,1.0,0.0,0.6155158284847757,0.6155158284847757,,,,1.0
18,hexane_dipole,124,1.0,0.0,0.6155158284847757,0.6155158284847757,,,,1.0
18,hexane_dipole,125,1.0,0.0,0.6155158284847757,0.6155158284847757,,,,1.0
18,hexane_dipole,126,1.0,0.0,0.6155158284847757,0.6155158284847757,,,,1.0
18,hexane_dipole,127,1.0,0.0,0.6155158284847757,0.6155158284847757,,,,1.0
18,hexane_dipole,128,1.0,0.0,0.6155158284847757,0.6155158284847757,,,,1.0
18,hexane_dipole,129,1.0,0.0,0.6155158284847757,0.6155158284847757,,,,1.0
18,hexane_dipole,130,1.0,0.0,0.6155158284847757,0.6155158284847757,,,,1.0
18,hexane_dipole,131,1.0,0.0,0.6155158284847757,0.6155158284847757,,,,1.0
18,hexane_dipole,132,1.0,0.0,0.6155158284847757,0.6155158284847757,,,,1.0
18,hexane_dipole,133,1.0,0.0,0.6155158284847757,0.6155158284847757,,,,1.0
18,hexane_dipole,134,1.0,0.0,0.6155158284847757,0.6155158284847757,,,,1.0
18,hexane_dipole,135,1.0,0.0,0.6155158284847757,0.6155158284847757,,,,1.0
18,hexane_dipole,136,1.0,0.0,0.6155158284847757,0.6155158284847757,,,,1.0
18,hexane_dipole,137,1.0,0.0,0.6155158284847757,0.6155158284847757,,,,1.0
18,hexane_dipole,138,1.0,0.0,0.6155158284847757,0.6155158284847757,,,,1.0
18,hexane_dipole,139,1.0,0.0,0.6155158284847757,0.6155158284847757,,,,1.0
18,hexane_dipole,140,1.0,0.0,0.6155158284847757,0.6155158284847757,,,,1.0
18,hexane_dipole,141,1.0,0.0,0.6155158284847757,0.6155158284847757,,,,1.0
18,hexane_dipole,142,1.0,0.0,0.6155158284847757,0.6155158284847757,,,,1.0
18,hexane_dipole,143,1.0,0.0,0.6155158284847757,0.6155158284847757,,,,1.0
18,hexane_dipole,144,1.0,0.0,0.6155158284847757,0.6155158284847757,,,,1.0
18,hexane_dipole,145,1.0,0.0,0.6155158284847757,0.6155158284847757,,,,1.0
18,hexane_dipole,146,1.0,0.0,0.6155158284847757,0.6155158284847757,,,,1.0
18,hexane_dipole,147,1.0,0.0,0.6155158284847757,0.6155158284847757,,,,1.0
18,hexane_dipole,148,1.0,0.0,0.6155158284847757,0.6155158284847757,,,,1.0
18,hexane_dipole,149,1.0,0.0,0.6155158284847757,0.6155158284847757,,,,1.0
18,hexane_dipole,150,1.0,0.0,0.6155158284847757,0.6155158284847757,,,,1.0
18,hexane_dipole,151,1.0,0.0,0.6155158284847757,0.6155158284847757,,,,1.0
18,hexane_dipole,152,1.0,0.0,0.6155158284847757,0.6155158284847757,,,,1.0
18,hexane_dipole,153,1.0,0.0,0.6155158284847757,0.6155158284847757,,,,1.0
18,hexane_dipole,154,1.0,0.0,0.6155158284847757,0.6155158284847757,,,,1.0
18,hexane_dipole,155,1.0,0.0,0.6155158284847757,0.6155158284847757,,,,1.0
18,hexane_dipole,156,1.0,0.0,0.6155158284847757,0.6155158284847757,,,,1.0
18,hexane_dipole,157,1.0,0.0,0.6155158284847757,0.6155158284847757,,,,1.0
18,hexane_dipole,158,1.0,0.0,0.6155158284847757,0.6155158284847757,,,,1.0
18,hexane_dipole,159,1.0,0.0,0.6155158284847757,0.6155158284847757,,,,1.0
18,hexane_dipole,160,1.0,0.0,0.6155158284847757,0.6155158284847757,,,,1.0
18,hexane_dipole,161,1.0,0.0,0.6155158284847757,0.6155158284847757,,,,1.0
18,hexane_dipole,162,1.0,0.0,0.6155158284847757,0.6155158284847757,,,,1.0
18,hexane_dipole,163,1.0,0.0,0.6155158284847757,0.6155158284847757,,,,1.0
18,hexane_dipole,164,1.0,0.0,0.6155158284847757,0.6155158284847757,,,,1.0
18,hexane_dipole,165,1.0,0.0,0.6155158284847757,0.6155158284847757,,,,1.0
18,hexane_dipole,166,1.0,0.0,0.6155158284847757,0.6155158284847757,,,,1.0
18,hexane_dipole,167,1.0,0.0,0.6155158284847757,0.6155158284847757,,,,1.0
18,hexane_dipole,168,1.0,0.0,0.6155158284847757,0.6155158284847757,,,,1.0
18,hexane_dipole,169,1.0,0.0,0.6155158284847757,0.6155158284847757,,,,1.0
18,hexane_dipole,170,1.0,0.0,0.6155158284847757,0.6155158284847757,,,,1.0
18,hexane_dipole,171,1.0,0.0,0.6155158284847757,0.6155158284847757,,,,1.0
18,hexane_dipole,172,1.0,0.0,0.6155158284847757,0.6155158284847757,,,,1.0
18,hexane_dipole,173,1.0,0.0,0.6155158284847757,0.6155158284847757,,,,1.0
18,hexane_dipole,174,1.0,0.0,0.6155158284847757,0.6155158284847757,,,,1.0
18,hexane_dipole,175,1.0,0.0,0.6155158284847757,0.6155158284847757,,,,1.0
18,hexane_dipole,176,1.0,0.0,0.6155158284847757,0.6155158284847757,,,,1.0
18,hexane_dipole,177,1.0,0.0,0.6155158284847757,0.6155158284847757,,,,1.0
18,hexane_dipole,178,1.0,0.0,0.6155158284847757,0.6155158284847757,,,,1.0
18,hexane_dipole,179,1.0,0.0,0.6155158284847757,0.6155158284847757,,,,1.0
18,hexane_dipole,180,1.0,0.0,0.6155158284847757,0.6155158284847757,,,,1.0
18,hexane_dipole,181,1.0,0.0,0.6155158284847757,0.6155158284847757,,,,1.0
18,hexane_dipole,182,1.0,0.0,0.6155158284847757,0.6155158284847757,,,,1.0
18,hexane_dipole,183,1.0,0.0,0.6155158284847757,0.6155158284847757,,,,1.0
18,hexane_dipole,184,1.0,0.0,0.6155158284847757,0.6155158284847757,,,,1.0
18,hexane_dipole,185,1.0,0.0,0.6155158284847757,0.6155158284847757,,,,1.0
18,hexane_dipole,186,1.0,0.0,0.6155158284847757,0.6155158284847757,,,,1.0
18,hexane_dipole,187,1.0,0.0,0.6155158284847757,0.6155158284847757,,,,1.0
18,hexane_dipole,188,1.0,0.0,0.6155158284847757,0.6155158284847757,,,,1.0
18,hexane_dipole,189,1.0,0.0,0.6155158284847757,0.6155158284847757,,,,1.0
18,hexane_dipole,190,1.0,0.0,0.6155158284847757,0.6155158284847757,,,,1.0
18,hexane_dipole,191,1.0,0.0,0.6155158284847757,0.6155158284847757,,,,1.0
18,hexane_dipole,192,1.0,0.0,0.6155158284847757,0.6155158284847757,,,,1.0
18,hexane_dipole,193,1.0,0.0,0.6155158284847757,0.6155158284847757,,,,1.0
18,hexane_dipole,194,1.0,0.0,0.6155158284847757,0.6155158284847757,,,,1.0
18,hexane_dipole,195,1.0,0.0,0.6155158284847757,0.6155158284847757,,,,1.0
18,hexane_dipole,196,1.0,0.0,0.6155158284847757,0.6155158284847757,,,,1.0
18,hexane_dipole,197,1.0,0.0,0.6155158284847757,0.6155158284847757,,,,1.0
18,hexane_dipole,198,1.0,0.0,0.6155158284847757,0.6155158284847757,,,,1.0
18,hexane_dipole,199,1.0,0.0,0.6155158284847757,0.6155158284847757,,,,1.0
18,hexane_dipole,200,1.0,0.0,0.6155158284847757,0.6155158284847757,,,,1.0
18,hexane_dipole,201,1.0,0.0,0.6155158284847757,0.6155158284847757,,,,1.0
18,hexane_dipole,202,1.0,0.0,0.6155158284847757,0.6155158284847757,,,,1.0
18,hexane_dipole,203,1.0,0.0,0.6155158284847757,0.6155158284847757,,,,1.0
18,hexane_dipole,204,1.0,0.0,0.6155158284847757,0.6155158284847757,,,,1.0
18,hexane_dipole,205,1.0,0.0,0.6155158284847757,0.6155158284847757,,,,1.0
18,hexane_dipole,206,1.0,0.0,0.6155158284847757,0.6155158284847757,,,,1.0
18,hexane_dipole,207,1.0,0.0,0.6155158284847757,0.6155158284847757,,,,1.0
18,hexane_dipole,208,1.0,0.0,0.6155158284847757,0.6155158284847757,,,,1.0
18,hexane_dipole,209,1.0,0.0,0.6155158284847757,0.6155158284847757,,,,1.0
18,hexane_dipole,210,1.0,0.0,0.6155158284847757,0.6155158284847757,,,,1.0
18,hexane_dipole,211,1.0,0.0,0.6155158284847757,0.6155158284847757,,,,1.0
18,hexane_dipole,212,1.0,0.0,0.6155158284847757,0.6155158284847757,,,,1.0
18,hexane_dipole,213,1.0,0.0,0.6155158284847757,0.6155158284847757,,,,1.0
18,hexane_dipole,214,1.0,0.0,0.6155158284847757,0.6155158284847757,,,,1.0
18,hexane_dipole,215,1.0,0.0,0.6155158284847757,0.6155158284847757,,,,1.0
18,hexane_dipole,216,1.0,0.0,0.6155158284847757,0.6155158284847757,,,,1.0
18,hexane_dipole,217,1.0,0.0,0.6155158284847757,0.6155158284847757,,,,1.0
18,hexane_dipole,218,1.0,0.0,0.6155158284847757,0.6155158284847757,,,,1.0
18,hexane_dipole,219,1.0,0.0,0.6155158284847757,0.6155158284847757,,,,1.0
18,hexane_dipole,220,1.0,0.0,0.6155158284847757,0.6155158284847757,,,,1.0
18,hexane_dipole,221,1.0,0.0,0.6155158284847757,0.6155158284847757,,,,1.0
18,hexane_dipole,222,1.0,0.0,0.6155158284847757,0.6155158284847757,,,,1.0
18,hexane_dipole,223,1.0,0.0,0.6155158284847757,0.6155158284847757,,,,1.0
18,hexane_dipole,224,1.0,0.0,0.6155158284847757,0.6155158284847757,,,,1.0
18,hexane_dipole,225,1.0,0.0,0.6155158284847757,0.6155158284847757,,,,1.0
18,hexane_dipole,226,1.0,0.0,0.6155158284847757,0.6155158284847757,,,,1.0
18,hexane_dipole,227,1.0,0.0,0.6155158284847757,0.6155158284847757,,,,1.0
18,hexane_dipole,228,1.0,0.0,0.6155158284847757,0.6155158284847757,,,,1.0
18,hexane_dipole,229,1.0,0.0,0.6155158284847757,0.6155158284847757,,,,1.0
18,hexane_dipole,230,1.0,0.0,0.6155158284847757,0.6155158284847757,,,,1.0
18,hexane_dipole,231,1.0,0.0,0.6155158284847757,0.6155158284847757,,,,1.0
18,hexane_dipole,232,1.0,0.0,0.6155158284847757,0.6155158284847757,,,,1.0
18,hexane_dipole,233,1.0,0.0,0.6155158284847757,0.6155158284847757,,,,1.0
18,hexane_dipole,234,1.0,0.0,0.6155158284847757,0.6155158284847757,,,,1.0
18,hexane_dipole,235,1.0,0.0,0.6155158284847757,0.6155158284847757,,,,1.0
18,hexane_dipole,236,1.0,0.0,0.6155158284847757,0.6155158284847757,,,,1.0
18,hexane_dipole,237,1.0,0.0,0.6155158284847757,0.6155158284847757,,,,1.0
18,hexane_dipole,238,1.0,0.0,0.6155158284847757,0.6155158284847757,,,,1.0
18,hexane_dipole,239,1.0,0.0,0.6155158284847757,0.6155158284847757,,,,1.0
18,hexane_dipole,240,1.0,0.0,0.6155158284847757,0.6155158284847757,,,,1.0
18,hexane_dipole,241,1.0,0.0,0.6155158284847757,0.6155158284847757,,,,1.0
18,hexane_dipole,242,1.0,0.0,0.6155158284847757,0.6155158284847757,,,,1.0
18,hexane_dipole,243,1.0,0.0,0.6155158284847757,0.6155158284847757,,,,1.0
18,hexane_dipole,244,1.0,0.0,0.6155158284847757,0.6155158284847757,,,,1.0
18,hexane_dipole,245,1.0,0.0,0.6155158284847757,0.6155158284847757,,,,1.0
18,hexane_dipole,246,1.0,0.0,0.6155158284847757,0.6155158284847757,,,,1.0
18,hexane_dipole,247,1.0,0.0,0.6155158284847757,0.6155158284847757,,,,1.0
18,hexane_dipole,248,1.0,0.0,0.6155158284847757,0.6155158284847757,,,,1.0
18,hexane_dipole,249,1.0,0.0,0.6155158284847757,0.6155158284847757,,,,1.0
19,sco_kcal,0,0.11602059751749039,0.016241520643234253,0.6348849228592301,0.9571280617956257,3.320953369140625,0.13939611613750458,0.04197472853211926,0.04
19,sco_kcal,1,0.5164185762405396,0.026730632409453392,0.6370257328746867,0.9103080260732919,5.314485549926758,2.6857075691223145,0.5053560770636262,0.28
19,sco_kcal,2,0.23355203866958618,0.018280941992998123,0.6419869226259707,0.9690059654702183,3.999446153640747,0.12057455629110336,0.03014781338694679,0.2
19,sco_kcal,3,0.3443356156349182,0.028701798990368843,0.6555502593145655,0.910627523071833,6.3219428062438965,1.869580626487732,0.2957288105550768,0.1
19,sco_kcal,4,0.06608663499355316,0.13420620560646057,0.6281145133588808,0.9301150025634262,27.56903839111328,0.9067880511283875,0.03289153717529318,0.08
19,sco_kcal,5,0.4769345223903656,0.015199041925370693,0.6217962811415456,0.9305852569574047,3.1951684951782227,0.8930403590202332,0.2794971095790116,0.42
19,sco_kcal,6,0.11836632341146469,0.06458470970392227,0.5942313421115275,0.9405313123796892,11.475924491882324,0.8493892550468445,0.0740148870487666,0.08
19,sco_kcal,7,0.23060016334056854,0.03521769866347313,0.6229928991773497,0.9264471563626269,7.267069339752197,0.6104030609130859,0.08399576670805516,0.14
19,sco_kcal,8,0.3356828987598419,0.022884108126163483,0.6043124660677042,0.9503950194605046,4.139055252075195,1.0663310289382935,0.2576266717878839,0.2
19,sco_kcal,9,0.21987022459506989,0.02256930246949196,0.6235296320612789,0.9449890162922743,4.649449825286865,0.6981112957000732,0.1501492266683404,0.06
19,sco_kcal,10,0.11661706119775772,0.013569745235145092,0.6376285744428514,0.9436935977564815,2.921766519546509,0.19256240129470825,0.0659061564318959,0.04
19,sco_kcal,11,0.5364047884941101,0.023091677576303482,0.6528142249909348,0.89123013329429,5.140700340270996,2.8286304473876953,0.55024223552361,0.24
19,sco_kcal,12,0.8606929779052734,0.016164707019925117,0.6975722802645727,0.9167947833588288,3.6368918418884277,5.442419528961182,1.4964480016362673,0.56
19,sco_kcal,13,0.08597082644701004,0.08385615795850754,0.6371303251199365,0.9363228284582759,17.708654403686523,0.6947181820869446,0.03923043311197719,0.12
19,sco_kcal,14,0.14776159822940826,0.014415363781154156,0.6303820064325223,0.9716444581824779,3.0186097621917725,0.1348385214805603,0.044669080173733965,0.06
19,sco_kcal,15,0.8721789121627808,0.020328646525740623,0.6650714655936814,0.9147139775072035,4.675599098205566,7.362370491027832,1.5746368190235585,0.18
19,sco_kcal,16,0.5210751891136169,0.01450904831290245,0.6554929203834541,0.9271831066671279,3.218522548675537,1.5634201765060425,0.4857570990606885,0.34
19,sco_kcal,17,0.3574734032154083,0.012077219784259796,0.6491833666853608,0.9440589062193108,2.680931568145752,1.0518463850021362,0.39234361574161275,0.2
19,sco_kcal,18,0.613126277923584,0.01887408457696438,0.6336432523982318,0.9071769599286978,3.9590399265289307,2.4199745655059814,0.6112528821167214,0.42
19,sco_kcal,19,0.4983665943145752,0.021891066804528236,0.648103058397435,0.93198502091781,4.616978168487549,2.195089817047119,0.47543863907119077,0.2
19,sco_kcal,20,0.2538490295410156,0.018365276977419853,0.6320551883356713,0.9442111051495155,3.9288785457611084,0.4569898843765259,0.11631560483578071,0.16
19,sco_kcal,21,0.5282064080238342,0.021853899583220482,0.6532122936235703,0.8938707367732937,4.698254108428955,2.6237363815307617,0.5584492283683886,0.28
19,sco_kcal,22,0.5545493364334106,0.03307463601231575,0.627540039574402,0.9129632072105645,6.396609783172607,4.079193592071533,0.6377118083398741,0.32
19,sco_kcal,23,0.08278103917837143,0.043314483016729355,0.6422598167395623,0.9486619088843777,9.198270797729492,0.290910005569458,0.03162659721230065,0.02
19,sco_kcal,24,0.43592187762260437,0.019837288185954094,0.6411487131647708,0.9095614295274774,4.277675151824951,1.7761483192443848,0.41521346437132806,0.12
19,sco_kcal,25,0.18482276797294617,0.01765242964029312,0.6168881887607902,0.9469374929658028,3.507566213607788,0.11194241046905518,0.031914553753759144,0.2
19,sco_kcal,26,0.16460207104682922,0.017163656651973724,0.6426813874117967,0.9666354597761191,3.734853506088257,0.19429315626621246,0.05202162707305425,0.06
19,sco_kcal,27,0.017983699217438698,0.14284656941890717,0.63136659128633,0.9515726517862271,30.69462776184082,0.13605016469955444,0.004432377084197461,0.02
19,sco_kcal,28,0.17664337158203125,0.0093093765899539,0.6455363962080851,0.9785868377769369,1.9834716320037842,0.16877178847789764,0.08508908610273265,0.08
19,sco_kcal,29,0.07701171934604645,0.06913047283887863,0.6259926883081206,0.9629303588137099,13.589980125427246,0.24886006116867065,0.018312025394580694,0.06
19,sco_kcal,30,0.3764418959617615,0.07144900411367416,0.6428665933339845,0.9338243725360786,16.071556091308594,5.547933101654053,0.34520198729570084,0.3
19,sco_kcal,31,0.4136378765106201,0.028368767350912094,0.6539806147237344,0.8768460706620629,6.286777019500732,2.862511396408081,0.45532255836797736,0.08
19,sco_kcal,32,0.08006271719932556,0.03206541761755943,0.6154894373439461,0.950595977686048,6.38856840133667,0.06835217028856277,0.010699137270606911,0.08
19,sco_kcal,33,0.08739541471004486,0.022865936160087585,0.6354612267235216,0.9560973066860441,4.79189395904541,0.08849265426397324,0.018467156205936117,0.08
19,sco_kcal,34,0.6865186095237732,0.014135127887129784,0.6821187938777704,0.8888059205765058,3.27606201171875,2.385369300842285,0.728120924545878,0.4
19,sco_kcal,35,0.46744680404663086,0.020031247287988663,0.6319406705961981,0.9140194589280299,4.161470890045166,1.790079951286316,0.43015558647026547,0.18
19,sco_kcal,36,0.5239510536193848,0.01581895351409912,0.6606703895994805,0.9381980890180135,3.500532627105713,1.6933214664459229,0.48373251925550076,0.36
19,sco_kcal,37,0.1287776678800583,0.018275344744324684,0.6347411750457894,0.9567728464190086,3.8868579864501953,0.1600695699453354,0.04118225325014366,0.1
19,sco_kcal,38,0.30079957842826843,0.08016705513000488,0.6261110873076623,0.9013521865356082,15.891481399536133,4.095274925231934,0.257702527679482,0.04
19,sco_kcal,39,0.7930629849433899,0.011911582201719284,0.6937610277741808,0.902391317398096,2.676410675048828,2.831420421600342,1.0579170259619017,0.72
19,sco_kcal,40,0.28320229053497314,0.09351696819067001,0.5925838902920748,0.9094562206091934,16.72528076171875,2.8563668727874756,0.17078140053261176,0.18
19,sco_kcal,41,0.1914321482181549,0.02954145148396492,0.6319105822358408,0.939152204418622,6.0447773933410645,0.8336091041564941,0.1379056745869251,0.04
19,sco_kcal,42,0.32344603538513184,0.04773598536849022,0.6051286576015371,0.9016593061737002,8.913240432739258,2.496018886566162,0.2800349553455358,0.08
19,sco_kcal,43,0.0920226126909256,0.010444960556924343,0.6394528720053068,0.9715392771665063,2.2752249240875244,0.126103937625885,0.05542482252670417,0.02
19,sco_kcal,44,0.48296165466308594,0.018963394686579704,0.6439416278055878,0.9012355820662104,4.001628398895264,1.7131361961364746,0.4281097656667528,0.26
19,sco_kcal,45,0.2895413637161255,0.011169224977493286,0.6493552295238032,0.915550589195874,2.4771411418914795,0.7016850709915161,0.28326406562999795,0.08
19,sco_kcal,46,0.17146967351436615,0.020540334284305573,0.6295719545897136,0.9480624426710909,4.457724571228027,0.06906112283468246,0.015492460723219895,0.08
19,sco_kcal,47,0.6453532576560974,0.03142444044351578,0.6730730578607325,0.9061216108889618,7.394692897796631,5.4279584884643555,0.7340343356357238,0.46
19,sco_kcal,48,0.6104294657707214,0.027337616309523582,0.6607882861179724,0.9100920281155178,5.867255687713623,3.856919527053833,0.6573634646825514,0.4
19,sco_kcal,49,0.5208274126052856,0.016375429928302765,0.625726996862159,0.9169083454791427,3.368500232696533,1.5604121685028076,0.4632364734182236,0.26
19,sco_kcal,50,0.08792482316493988,0.023889100179076195,0.6431757264165914,0.9650289289528784,5.134175777435303,0.12280493229627609,0.023919113333829286,0.02
19,sco_kcal,51,0.1925950050354004,0.0044872816652059555,0.6174816880098513,0.9704763227238962,0.7877057790756226,0.1687406301498413,0.21421783949314102,0.1
19,sco_kcal,52,0.09472955763339996,0.01524563692510128,0.6461752815418793,0.9718724765168392,3.3436551094055176,0.23555564880371094,0.07044854839875855,0.02
19,sco_kcal,53,0.13733677566051483,0.03514130786061287,0.6266550713816139,0.9280728625179551,7.190516948699951,0.7248947024345398,0.10081259909492336,0.02
19,sco_kcal,54,0.07694164663553238,0.0255421232432127,0.6476017419791946,0.9597619747161277,5.570837020874023,0.20620319247245789,0.03701475948763371,0.04
19,sco_kcal,55,0.1364096850156784,0.023741716518998146,0.6068980493957279,0.938592982499528,4.682947635650635,0.15407565236091614,0.03290142541589819,0.08
19,sco_kcal,56,0.08708669990301132,0.018593458458781242,0.6401359199018117,0.9771749946271111,4.031158447265625,0.15690132975578308,0.038922144045767,0.02
19,sco_kcal,57,0.10104208439588547,0.033260516822338104,0.613042554804532,0.9541190934573576,6.45610237121582,0.13471345603466034,0.020866065667619046,0.1
19,sco_kcal,58,0.27159181237220764,0.016309967264533043,0.6342186967576935,0.9333082951959979,3.646589756011963,0.41022634506225586,0.11249588588514373,0.16
19,sco_kcal,59,0.6516445875167847,0.016691623255610466,0.6485139377627867,0.9118324397676707,3.4239704608917236,2.640749931335449,0.7712537130497628,0.62
19,sco_kcal,60,0.04870693385601044,0.052966516464948654,0.6168815397583531,0.9587576804873768,10.389613151550293,0.07110216468572617,0.006843581531725905,0.02
19,sco_kcal,61,0.12121690809726715,0.045798409730196,0.6160446386192224,0.9558229014214392,8.782517433166504,0.17916250228881836,0.02039990283562944,0.08
19,sco_kcal,62,0.2735517621040344,0.03695971146225929,0.5982725031031568,0.9226210809076798,6.631636142730713,1.229957103729248,0.18546812238446903,0.18
19,sco_kcal,63,0.12036800384521484,0.03340946510434151,0.6167636768615858,0.9621600604178002,6.726274013519287,0.12531892955303192,0.01863125547682872,0.14
19,sco_kcal,64,0.09713763743638992,0.028596093878149986,0.6171108587808469,0.9326003089461983,5.713147163391113,0.21737492084503174,0.038048192113435075,0.02
19,sco_kcal,65,0.6053413152694702,0.01557046826928854,0.6429203433944726,0.9150136873683223,3.003265142440796,2.3375144004821777,0.7783243535342493,0.54
19,sco_kcal,66,0.24156524240970612,0.14859598875045776,0.6433903133341259,0.9812807558915608,31.996213912963867,1.0621283054351807,0.03319543707028535,0.22
19,sco_kcal,67,0.33895739912986755,0.025537410750985146,0.636397600246585,0.9076207748478804,5.582794189453125,1.7479076385498047,0.3130883172895587,0.14
19,sco_kcal,68,0.06397948414087296,0.01595301739871502,0.6467776963311671,0.9615957101262602,3.484079360961914,0.19607239961624146,0.056276674352821895,0.06
19,sco_kcal,69,0.7928441166877747,0.013291685841977596,0.6799093680959205,0.9074971312740716,2.916260242462158,3.5379815101623535,1.2131912847309143,0.7
19,sco_kcal,70,0.07157336175441742,0.019277414306998253,0.6496431212739304,0.9656197876726449,4.236562252044678,0.14991025626659393,0.03538488221062803,0.02
19,sco_kcal,71,0.18551765382289886,0.018383055925369263,0.6138708835213866,0.9563633801897975,3.458763599395752,0.07901649177074432,0.02284529991715784,0.12
19,sco_kcal,72,0.13071714341640472,0.02716389112174511,0.6496867951902645,0.9580317877476274,5.922948837280273,0.22652237117290497,0.03824486373191779,0.16
19,sco_kcal,73,0.44911473989486694,0.012201035395264626,0.6378698453574301,0.9340949960735367,2.803617477416992,0.6921207308769226,0.24686703391312215,0.28
19,sco_kcal,74,0.18564720451831818,0.01619398593902588,0.6128616755207201,0.9482256090188477,3.2269721031188965,0.2921940088272095,0.09054742324695074,0.1
19,sco_kcal,75,0.8043269515037537,0.024886157363653183,0.6564640625111302,0.9071760058211868,5.343175888061523,6.5674519538879395,1.229128909748576,0.32
19,sco_kcal,76,0.1567477434873581,0.13694553077220917,0.6179908662073355,0.8915323942828037,27.631542205810547,3.635373830795288,0.13156608500957348,0.0
19,sco_kcal,77,0.5152688026428223,0.0222247876226902,0.6494176733686978,0.8983714389323723,4.808674335479736,2.4474785327911377,0.5089715713815262,0.12
19,sco_kcal,78,0.12883135676383972,0.013867804780602455,0.6465862581943964,0.9642616340408683,3.027280807495117,0.1729709655046463,0.05713740366483174,0.04
19,sco_kcal,79,0.10004552453756332,0.058743469417095184,0.6036980304355624,0.9390611899579979,10.920756340026855,0.22754807770252228,0.020836292891959415,0.12
19,sco_kcal,80,0.4267878532409668,0.019327769055962563,0.6216820101397209,0.9150119067789788,3.915105104446411,1.7176967859268188,0.43873580404674684,0.16
19,sco_kcal,81,0.6352246999740601,0.021563265472650528,0.6479678521044228,0.9050886820288822,4.441621780395508,3.2262535095214844,0.7263683557572522,0.52
19,sco_kcal,82,0.3438858985900879,0.027215294539928436,0.6223920625551311,0.9364868845404337,5.319169044494629,1.584377408027649,0.2978618266827765,0.14
19,sco_kcal,83,0.10712824016809464,0.02882593870162964,0.6093270495735315,0.9572944332339233,5.574256896972656,0.076308973133564,0.013689532890923437,0.16
19,sco_kcal,84,0.2874426245689392,0.07878389954566956,0.6163233080961457,0.9163918415599859,15.390451431274414,4.865824222564697,0.3161586418886337,0.1
19,sco_kcal,85,0.19135692715644836,0.030371008440852165,0.6237302463039611,0.9195068515762657,6.1729888916015625,0.8089449405670166,0.1310459090032703,0.0
19,sco_kcal,86,0.27943772077560425,0.03509382903575897,0.6419627140842543,0.9675716051514274,7.58928918838501,0.18945300579071045,0.02496320815929084,0.2
19,sco_kcal,87,0.5021939277648926,0.019746804609894753,0.6133340077153404,0.9023087925665798,3.9897780418395996,1.594652533531189,0.3996845230006653,0.22
19,sco_kcal,88,0.39776256680488586,0.031457673758268356,0.6406618578579031,0.8959897910667671,6.62717342376709,2.794265031814575,0.42163752977905755,0.14
19,sco_kcal,89,0.07410930842161179,0.03125365450978279,0.6615260575140611,0.9555580164106483,6.841817855834961,0.07334624230861664,0.010720285727288718,0.02
19,sco_kcal,90,0.027567725628614426,0.0887259989976883,0.6200768393081442,0.9611085984624683,17.663270950317383,0.033971115946769714,0.0019232630265550732,0.0
19,sco_kcal,91,0.7076955437660217,0.011410463601350784,0.6756884669885335,0.888680700386165,2.5553808212280273,2.3190670013427734,0.9075230517807167,0.5
19,sco_kcal,92,0.14587299525737762,0.019778089597821236,0.6383158437003036,0.9477199423936016,4.306095123291016,0.43266692757606506,0.10047779140684451,0.04
19,sco_kcal,93,0.207296684384346,0.06883525103330612,0.6164534982661918,0.8937307711565239,13.683321952819824,2.200348138809204,0.1608051134363437,0.08
19,sco_kcal,94,0.3638835549354553,0.03900677338242531,0.6355283744134854,0.8860918228840606,8.425793647766113,3.1267552375793457,0.3710932605628582,0.08
19,sco_kcal,95,0.37879547476768494,0.03897464647889137,0.6184412152059702,0.9120714038389854,7.652638912200928,2.918149709701538,0.381325937781934,0.08
19,sco_kcal,96,0.9655797481536865,0.00966908410191536,0.6995817984939838,0.9054935673404798,1.9876532554626465,6.336110591888428,3.1877343668846474,0.8
19,sco_kcal,97,0.0807788223028183,0.0293000265955925,0.6438421589335501,0.9616634249605023,6.337976932525635,0.07765938341617584,0.01225302399218881,0.04
19,sco_kcal,98,0.2685130834579468,0.009819176979362965,0.640776283999382,0.9376886652380205,2.0677340030670166,0.5852214097976685,0.28302548051617116,0.08
19,sco_kcal,99,0.20990121364593506,0.03623446449637413,0.6065873260685564,0.9298572492200514,6.675496578216553,1.0289777517318726,0.15414250305956678,0.1
19,sco_kcal,100,0.1106862723827362,0.017764313146471977,0.6406120364895374,0.9591323216142669,3.9546456336975098,0.07729604095220566,0.01954563015547249,0.06
19,sco_kcal,101,0.773795485496521,0.017556242644786835,0.6980285904624688,0.9130487703314953,3.8733723163604736,4.2455153465271,1.096077268016492,0.62
19,sco_kcal,102,0.29190295934677124,0.003609646810218692,0.6466982061233966,0.9591071925551446,0.9247230887413025,0.16867230832576752,0.18240304625177878,0.22
19,sco_kcal,103,0.5115016102790833,0.02919219434261322,0.631340537448446,0.8932828514516027,5.980065822601318,2.8672711849212646,0.47947150917379144,0.16
19,sco_kcal,104,0.7583910226821899,0.012287570163607597,0.6861129438039446,0.9084233137166846,2.74033784866333,2.7438881397247314,1.0012955669181933,0.54
19,sco_kcal,105,0.022960776463150978,0.09333140403032303,0.615685998234986,0.9644111050886754,18.401580810546875,0.0686020478606224,0.003728051875918351,0.02
19,sco_kcal,106,0.04971959441900253,0.03924065828323364,0.6121179445779747,0.960634757669375,7.588220119476318,0.08378756791353226,0.01104179459666421,0.04
19,sco_kcal,107,0.5277884602546692,0.04422098398208618,0.6191122652826673,0.9028652692446113,8.835774421691895,3.4387965202331543,0.3891901667148589,0.38
19,sco_kcal,108,0.4499970078468323,0.025726955384016037,0.640500714546163,0.8930680845819887,5.636197566986084,2.4593698978424072,0.4363526772461132,0.24
19,sco_kcal,109,0.11398545652627945,0.022600553929805756,0.6282285303945552,0.9623357359398741,4.592479705810547,0.10040532797574997,0.021862987842649378,0.06
19,sco_kcal,110,0.19205251336097717,0.027374107390642166,0.6424651266096315,0.9651866392408448,5.930303573608398,0.29602518677711487,0.04991737490379318,0.14
19,sco_kcal,111,0.08357613533735275,0.021654926240444183,0.6399651647314761,0.9737954695066593,4.763466835021973,0.24349558353424072,0.05111730425916097,0.02
19,sco_kcal,112,0.259873628616333,0.03197154775261879,0.6334744433437016,0.9148811842566984,6.448085308074951,1.613891839981079,0.25029008812274844,0.08
19,sco_kcal,113,0.10842050611972809,0.02550182119011879,0.6421208320416747,0.9457923042798244,5.53713321685791,0.4307417571544647,0.07779147444801636,0.04
19,sco_kcal,114,0.10221140086650848,0.033731307834386826,0.6093931277127773,0.9438634115631517,6.499459743499756,0.2659456431865692,0.040918115302205994,0.04
19,sco_kcal,115,0.3781462013721466,0.0076894317753612995,0.6456794533632375,0.9387272055563884,1.7386789321899414,0.46799468994140625,0.2691668261902424,0.12
19,sco_kcal,116,0.1197238340973854,0.022562600672245026,0.6414028529895119,0.9462556479955702,4.928015232086182,0.15592165291309357,0.0316398480057228,0.1
19,sco_kcal,117,0.17693296074867249,0.011838994920253754,0.6459762633106383,0.9725680771676815,2.628464698791504,0.09450442343950272,0.035954229662263776,0.12
19,sco_kcal,118,0.050663258880376816,0.05985394865274429,0.6185059317282391,0.9469493283276673,12.248372077941895,0.15450063347816467,0.012613972901460515,0.02
19,sco_kcal,119,0.20152001082897186,0.031718846410512924,0.6166748785592169,0.9336069137600334,6.437159061431885,0.614364743232727,0.09544035456785302,0.08
19,sco_kcal,120,0.5181955695152283,0.033010609447956085,0.6339732551120745,0.8937337898846707,6.970325946807861,3.7777130603790283,0.5419707900617007,0.24
19,sco_kcal,121,0.44870442152023315,0.02612667717039585,0.644095830921563,0.893678385531024,5.664637565612793,2.351979970932007,0.4152039638351642,0.16
19,sco_kcal,122,0.16486121714115143,0.02733359858393669,0.6311656481415291,0.9457383956752705,5.697127819061279,0.5447912216186523,0.09562559221436216,0.02
19,sco_kcal,123,0.17119057476520538,0.0511254146695137,0.6044993544314416,0.9488082384605552,9.699467658996582,1.4214617013931274,0.14655048620886674,0.02
19,sco_kcal,124,0.752335786819458,0.015314046293497086,0.6739335198027729,0.9003776946643687,3.212583065032959,3.2449228763580322,1.0100666070481017,0.54
19,sco_kcal,125,0.7720235586166382,0.01944734714925289,0.6734289703157741,0.9122153117766936,4.285809516906738,4.366090297698975,1.0187317659535597,0.6
19,sco_kcal,126,0.09918449074029922,0.019573817029595375,0.6394702351918382,0.9571747773026476,4.349708080291748,0.2215055227279663,0.05092422724448885,0.04
19,sco_kcal,127,0.3414316177368164,0.01570633053779602,0.6470487196088182,0.938106866159141,3.3948304653167725,0.6958799362182617,0.2049822349975079,0.16
19,sco_kcal,128,0.08667921274900436,0.027930209413170815,0.6683551343114191,0.9576406651512857,6.235964298248291,0.18181699514389038,0.02915619564963891,0.06
19,sco_kcal,129,0.10609330981969833,0.02095121704041958,0.6321961541101151,0.95662968753579,4.363182067871094,0.1641526222229004,0.03762222608853785,0.02
19,sco_kcal,130,0.48679637908935547,0.0273103266954422,0.6289108844507729,0.8993910610148432,5.618210315704346,2.7300753593444824,0.4859332787370416,0.16
19,sco_kcal,131,0.3002786338329315,0.05088626220822334,0.6092163229806062,0.8986666947846562,9.89291000366211,2.485064744949341,0.25119653812977494,0.14
19,sco_kcal,132,0.14075049757957458,0.008853688836097717,0.6419922058761882,0.939061451650353,1.9263429641723633,0.2182704359292984,0.11330819069545926,0.08
19,sco_kcal,133,0.34210890531539917,0.02537919394671917,0.6115377768932406,0.9143277038087343,5.03605842590332,1.6349149942398071,0.32464178450164655,0.18
19,sco_kcal,134,0.10570377111434937,0.010543088428676128,0.6258055871987016,0.9606045865199291,2.161785125732422,0.1410638988018036,0.06525343204681851,0.06
19,sco_kcal,135,0.06871907413005829,0.03298484906554222,0.641284777457757,0.9594297028165193,7.119289398193359,0.1584339290857315,0.02225417737982906,0.06
19,sco_kcal,136,0.1545615792274475,0.014842506498098373,0.6436505207083156,0.9649396670492356,3.234506845474243,0.2904016673564911,0.0897823628856511,0.04
19,sco_kcal,137,0.32364869117736816,0.03134991228580475,0.6213230555693854,0.9272270540938545,6.303330898284912,1.6142487525939941,0.25609455994658614,0.2
19,sco_kcal,138,0.31757575273513794,0.014352596364915371,0.6479698798395301,0.951481228303648,3.1361985206604004,0.9360207915306091,0.29845712424273063,0.16
19,sco_kcal,139,0.2995028495788574,0.016047537326812744,0.6498852197232676,0.9407815998076268,3.566527843475342,0.9083619117736816,0.2546908230186545,0.12
19,sco_kcal,140,0.1734716296195984,0.06423904746770859,0.6419374522053605,0.9835407297406666,13.95370101928711,0.05671923980116844,0.0040648169057635585,0.2
19,sco_kcal,141,0.2658279240131378,0.016250692307949066,0.6245038527805638,0.9370848449491289,3.2724149227142334,0.6759808659553528,0.20656942408595153,0.12
19,sco_kcal,142,0.10913390666246414,0.020670350641012192,0.6369927391186734,0.9537421676181188,4.396068572998047,0.11138875782489777,0.025338266675156172,0.08
19,sco_kcal,143,0.2505258023738861,0.01760275289416313,0.625249077329096,0.9558216389771916,3.5666964054107666,0.14457552134990692,0.04053485492361567,0.1
19,sco_kcal,144,0.6861542463302612,0.015261661261320114,0.6653413768187477,0.9078368001129999,3.3133046627044678,2.680520534515381,0.8090172221975567,0.48
19,sco_kcal,145,0.05981076881289482,0.0877944603562355,0.6200612629653739,0.9720486444378837,17.09565544128418,0.04143417254090309,0.002423666801381829,0.06
19,sco_kcal,146,0.043796077370643616,0.021426599472761154,0.6243360556845718,0.959314458958417,4.522318363189697,0.1440512239933014,0.0318534018227984,0.04
19,sco_kcal,147,0.5799184441566467,0.012602751143276691,0.6520074583872819,0.9151664271127529,2.7841968536376953,1.7179591655731201,0.6170394034202427,0.42
19,sco_kcal,148,0.164814755320549,0.02012910135090351,0.6080182315422198,0.9475555701429252,3.903738498687744,0.2028883844614029,0.051972842066548404,0.04
19,sco_kcal,149,0.06129341572523117,0.022122330963611603,0.6396366897357897,0.9623591871887729,4.726912021636963,0.11691661924123764,0.02473424906282656,0.06
19,sco_kcal,150,0.35825175046920776,0.051878899335861206,0.5954419953183432,0.8986674256398923,9.795788764953613,2.7709317207336426,0.2828696889266542,0.22
19,sco_kcal,151,0.030980344861745834,0.07742580771446228,0.6059785067154553,0.9550542300451326,14.982977867126465,0.037504784762859344,0.0025031595918690534,0.04
19,sco_kcal,152,0.5400768518447876,0.017912276089191437,0.6320822959174592,0.8990357565153226,3.665518283843994,1.654162883758545,0.4512766696729828,0.38
19,sco_kcal,153,0.4378434121608734,0.024971043691039085,0.6322853401360622,0.8890508375003081,5.144305229187012,2.3580312728881836,0.4583770145499004,0.2
19,sco_kcal,154,0.13685983419418335,0.014424721710383892,0.6140624632514389,0.9706011273186015,2.883343458175659,0.08442811667919159,0.029281324928460205,0.08
19,sco_kcal,155,0.25709250569343567,0.01861112378537655,0.6264138901028531,0.9346246727111396,3.731029748916626,0.41912415623664856,0.11233471305297126,0.1
19,sco_kcal,156,0.16311511397361755,0.011923590674996376,0.6391180589660068,0.9609096591115607,2.600327491760254,0.2533852458000183,0.09744358993354828,0.06
19,sco_kcal,157,0.1067347377538681,0.03353266790509224,0.61155952236262,0.9623117195091524,6.6017746925354,0.10711557418107986,0.016225269593370856,0.06
19,sco_kcal,158,0.47032833099365234,0.02951044775545597,0.6398884633906463,0.9151378280701703,6.1672210693359375,2.449768543243408,0.3972240520814004,0.14
19,sco_kcal,159,0.6765021085739136,0.011861776933073997,0.6672312037179666,0.9053246460338402,2.706512212753296,2.0201358795166016,0.7463982131680634,0.48
19,sco_kcal,160,0.2264341413974762,0.038228027522563934,0.6310244863550467,0.9285667946822775,8.006000518798828,0.8403016924858093,0.10495898551501506,0.2
19,sco_kcal,161,0.11034191399812698,0.017136462032794952,0.6339811453014532,0.955003236494796,3.637566089630127,0.22219035029411316,0.06108214801307041,0.02
19,sco_kcal,162,0.10723861306905746,0.013165267184376717,0.6144812181917816,0.9516486250049669,2.570936679840088,0.13663814961910248,0.05314722478019231,0.08
19,sco_kcal,163,0.09247127175331116,0.020907066762447357,0.641442106025234,0.9595009033698434,4.538895606994629,0.23991715908050537,0.0528580473872946,0.1
19,sco_kcal,164,0.3167722523212433,0.04756048321723938,0.6481970936398489,0.892417669426063,9.975150108337402,3.217076301574707,0.3225090616817705,0.1
19,sco_kcal,165,0.39801448583602905,0.020752975717186928,0.6089908439813205,0.9139524236164265,4.032083511352539,1.3566510677337646,0.3364640300514718,0.16
19,sco_kcal,166,0.30478036403656006,0.018353037536144257,0.6562644613038262,0.9173245278798285,4.238211154937744,1.0050128698349,0.2371313823437055,0.12
19,sco_kcal,167,0.7189549207687378,0.011488822288811207,0.6780067865883876,0.9222839554733335,2.5811378955841064,2.5355184078216553,0.9823258231028654,0.56
19,sco_kcal,168,0.18557052314281464,0.02913741022348404,0.6375877533862755,0.9190402244512683,6.223155975341797,1.065345287322998,0.1711905167642027,0.02
19,sco_kcal,169,0.09576341509819031,0.031081056222319603,0.6331888395752185,0.941233309248571,6.63655948638916,0.1964462250471115,0.0296006124031587,0.08
19,sco_kcal,170,0.105528824031353,0.05384043604135513,0.604966390092804,0.9386918103796762,10.106282234191895,0.32025036215782166,0.031688246452720316,0.08
19,sco_kcal,171,0.7170473337173462,0.02011525072157383,0.6670376358665375,0.8910185520487204,4.470950126647949,3.8204517364501953,0.8545055588250413,0.56
19,sco_kcal,172,0.6205199360847473,0.01894453354179859,0.6573576241257031,0.8994767234481362,4.059142589569092,2.804577350616455,0.6909285122980077,0.38
19,sco_kcal,173,0.5662685632705688,0.022766752168536186,0.6333866042967187,0.8938785433976613,4.7603302001953125,2.542915105819702,0.5341888060024426,0.34
19,sco_kcal,174,0.14570844173431396,0.03284396976232529,0.62666638340274,0.9354867343158724,6.8916239738464355,0.5083188414573669,0.07375893452492852,0.04
19,sco_kcal,175,0.35181108117103577,0.006715644150972366,0.6587202180535652,0.9408532024200142,1.5152277946472168,0.5071778893470764,0.33472055564104813,0.12
19,sco_kcal,176,0.07578030973672867,0.02792210690677166,0.6414944427003948,0.960172189184157,6.064541339874268,0.22018788754940033,0.03630742626844149,0.04
19,sco_kcal,177,0.36724409461021423,0.015709755942225456,0.6451232152331732,0.9383763372668403,3.5185327529907227,1.182743787765503,0.3361468745061932,0.12
19,sco_kcal,178,0.12184245884418488,0.07970540225505829,0.6280709040601977,0.8985210733330089,16.87783432006836,1.965722918510437,0.11646772217529834,0.04
19,sco_kcal,179,0.1911890208721161,0.07458584755659103,0.616613508393357,0.9046366183844123,14.933267593383789,2.1094892024993896,0.14126105953086937,0.04
19,sco_kcal,180,0.35492658615112305,0.030512547120451927,0.6260207790870276,0.9074322774101489,6.300779819488525,1.6709909439086914,0.2652038306020883,0.16
19,sco_kcal,181,0.05094863101840019,0.025914715602993965,0.6480598009307468,0.9612798499751003,5.623513221740723,0.05967659503221512,0.010611977367013749,0.02
19,sco_kcal,182,0.17423701286315918,0.024608829990029335,0.64309924501329,0.9742386613014564,5.366426467895508,0.15493403375148773,0.02887098792434335,0.12
19,sco_kcal,183,0.10683992505073547,0.026243062689900398,0.6246664592547866,0.9531449767189801,5.352833271026611,0.09839490056037903,0.018381835483829302,0.06
19,sco_kcal,184,0.15318463742733002,0.057694077491760254,0.6470781967035935,0.9760755526610281,12.447490692138672,0.15398195385932922,0.012370521711382195,0.18
19,sco_kcal,185,0.5572537183761597,0.014781937003135681,0.6599878644744714,0.9493547621619414,3.159465789794922,2.0122082233428955,0.6368824216556895,0.54
19,sco_kcal,186,0.1803065985441208,0.06263449043035507,0.5987179429627607,0.9270033403690427,11.58714485168457,0.9788852334022522,0.08448027930365773,0.08
19,sco_kcal,187,0.3897584080696106,0.026873551309108734,0.61823912375558,0.9275386235089262,5.153189659118652,1.8754242658615112,0.36393464823149246,0.26
19,sco_kcal,188,0.05613541603088379,0.10440758615732193,0.6097614243327931,0.9379387237664469,19.550310134887695,0.2819102704524994,0.014419733932989027,0.04
19,sco_kcal,189,0.43058276176452637,0.006812246050685644,0.6520765462040108,0.9299169883617124,1.5022345781326294,0.6461588144302368,0.43013176759215077,0.24
19,sco_kcal,190,0.7001121640205383,0.0026817566249519587,0.638084531972976,0.9252057808766068,0.5860608816146851,0.4499683678150177,0.7677843410658767,0.58
19,sco_kcal,191,0.18087737262248993,0.027669383212924004,0.6140382268372706,0.9464265143455175,5.4131364822387695,0.32139214873313904,0.05937262985843235,0.16
19,sco_kcal,192,0.7083001136779785,0.015781618654727936,0.6798704005733525,0.9332957611319646,3.529391050338745,3.146935224533081,0.8916368800309173,0.58
19,sco_kcal,193,0.19725248217582703,0.03736082836985588,0.6151915590453911,0.9367765158973711,7.4824934005737305,1.135690689086914,0.15177971142611812,0.04
19,sco_kcal,194,0.4167945981025696,0.017669634893536568,0.6241587854380959,0.9202329103847127,3.6468114852905273,1.0832369327545166,0.2970367229355754,0.18
19,sco_kcal,195,0.11584147810935974,0.020659126341342926,0.6249816819908214,0.9543990982668591,4.2078166007995605,0.06419482827186584,0.015256089882735782,0.14
19,sco_kcal,196,0.11939765512943268,0.034024838358163834,0.631136230523563,0.9582528836194399,7.2078142166137695,0.055446039885282516,0.007692490152906724,0.12
19,sco_kcal,197,0.08442769944667816,0.057765766978263855,0.6129205823213011,0.9678187564322414,11.186800956726074,0.18998916447162628,0.01698333287653564,0.04
19,sco_kcal,198,0.127952441573143,0.01540638692677021,0.6544052788694459,0.9558993290482525,3.424577236175537,0.09815126657485962,0.028660841851670994,0.2
19,sco_kcal,199,0.16055957973003387,0.024953484535217285,0.6143989847656646,0.9599763130817205,4.989569187164307,0.050649408251047134,0.010151058408277614,0.06
19,sco_kcal,200,0.7340598702430725,0.012072685174643993,0.6542707765358988,0.9057249835428913,2.4711573123931885,2.2288899421691895,0.9019619799156471,0.56
19,sco_kcal,201,0.44879865646362305,0.017332514747977257,0.6508966312167022,0.9047837868907191,3.8011035919189453,1.7961558103561401,0.4725353484642524,0.12
19,sco_kcal,202,0.23666030168533325,0.025936298072338104,0.6270507833957994,0.9359873204071396,5.300459861755371,0.4623478353023529,0.08722787217734644,0.14
19,sco_kcal,203,0.3637576103210449,0.023492854088544846,0.6302222037969734,0.9274883524788669,4.8722991943359375,0.922188937664032,0.18927182032172396,0.14
19,sco_kcal,204,0.047038111835718155,0.13596002757549286,0.623664123100983,0.9696493897171206,27.667985916137695,0.05950536951422691,0.0021506939353876015,0.0
19,sco_kcal,205,0.10073204338550568,0.02138623408973217,0.6301682796198171,0.9507424665278155,4.324926853179932,0.28345948457717896,0.06554087368408634,0.04
19,sco_kcal,206,0.20551519095897675,0.016037479043006897,0.6556265115271052,0.9599719275164955,3.5481746196746826,0.2546420991420746,0.07176707080031525,0.18
19,sco_kcal,207,0.347930908203125,0.04526139795780182,0.6339006616038121,0.9102257164487604,9.527214050292969,3.4356300830841064,0.36061224875896,0.12
19,sco_kcal,208,0.36844924092292786,0.033981744199991226,0.6263236762355495,0.9043414560102787,6.838788986206055,1.8499428033828735,0.2705073671836106,0.22
19,sco_kcal,209,0.09942950308322906,0.0386909656226635,0.6181764002102634,0.9455516988086556,7.842217922210693,0.413910448551178,0.05277976876655043,0.04
19,sco_kcal,210,0.17253874242305756,0.02380261942744255,0.6407594474737213,0.9484462363022097,5.204094886779785,0.14663705229759216,0.028177244167876606,0.12
19,sco_kcal,211,0.04817839711904526,0.027409138157963753,0.6448308392418329,0.9555369164430674,5.9407572746276855,0.2701129615306854,0.04546776598402831,0.04
19,sco_kcal,212,0.07912807166576385,0.024042649194598198,0.6377464936832777,0.9487708355713844,5.116384506225586,0.06719003617763519,0.013132327348712506,0.04
19,sco_kcal,213,0.34932219982147217,0.021120484918355942,0.607722546200486,0.9267321231212977,4.119360446929932,1.0239264965057373,0.24856443365349276,0.2
19,sco_kcal,214,0.08310815691947937,0.03610185906291008,0.6078320893907558,0.9522154310472686,6.971636772155762,0.10211081057786942,0.014646605082136948,0.04
19,sco_kcal,215,0.7639474272727966,0.0065847886726260185,0.7085052222638797,0.9371058455471584,1.5819271802902222,1.5804176330566406,0.9990457542847803,0.6
19,sco_kcal,216,0.3474424481391907,0.02371303364634514,0.615417038631112,0.913833118608429,4.652074337005615,1.1426035165786743,0.24561162049575716,0.16
19,sco_kcal,217,0.5642976760864258,0.02601936087012291,0.6292235736653122,0.9013143485811133,5.044816493988037,3.3550453186035156,0.6650480394285421,0.4
19,sco_kcal,218,0.259359210729599,0.037475716322660446,0.6408942552306771,0.946686953132182,8.122920036315918,0.8836720585823059,0.10878748708981358,0.12
19,sco_kcal,219,0.4687954783439636,0.04104065150022507,0.6426785646857869,0.9307633754649862,8.711614608764648,4.136497497558594,0.47482558438672373,0.26
19,sco_kcal,220,0.1648288071155548,0.01765315793454647,0.6288528605561747,0.9382981027359709,3.60459566116333,0.09862452000379562,0.027360771990710884,0.08
19,sco_kcal,221,0.05740109086036682,0.013472841121256351,0.6484732071770181,0.958486331382324,2.875981092453003,0.061624638736248016,0.021427344879964658,0.04
19,sco_kcal,222,0.23651964962482452,0.915796160697937,0.6442945039460897,0.9796882787859891,197.04173278808594,4.735079288482666,0.024030844742799436,0.26
19,sco_kcal,223,0.2201390266418457,0.08150094002485275,0.6032184878682476,0.9199167799511638,15.251708030700684,2.3214828968048096,0.15221133869936518,0.04
19,sco_kcal,224,0.04037591814994812,0.03248831629753113,0.6428943376542942,0.9666537070844894,7.035935878753662,0.05892220512032509,0.008374465904138186,0.02
19,sco_kcal,225,0.11457651853561401,0.015275183133780956,0.6266063604214269,0.9595666730289649,3.129769802093506,0.09661003202199936,0.030868095141494693,0.04
19,sco_kcal,226,0.5171878933906555,0.9403122663497925,0.6696307612278105,0.9392564839255861,227.46754455566406,44.91725540161133,0.19746665613045086,0.34
19,sco_kcal,227,0.12033891677856445,0.026450205594301224,0.6173657168997433,0.9429220261989315,5.319530010223389,0.3484169840812683,0.0654977006261192,0.04
19,sco_kcal,228,0.2616365849971771,0.01619754359126091,0.632124009463565,0.944086444842839,3.417238473892212,0.3376346528530121,0.0988033628418237,0.1
19,sco_kcal,229,0.2222396582365036,0.03176422044634819,0.641727784102955,0.9453964740100638,6.7540154457092285,0.3574601113796234,0.05292556913039264,0.2
19,sco_kcal,230,0.11907435953617096,0.019891100004315376,0.6119873195279457,0.9425015361968188,3.798483371734619,0.08863253891468048,0.02333366510808377,0.08
19,sco_kcal,231,0.07696317881345749,0.026065250858664513,0.6360183247580737,0.9571634945242327,5.533437728881836,0.07334309816360474,0.013254526707834747,0.02
19,sco_kcal,232,0.05504201725125313,0.0494961179792881,0.6182992991405121,0.9510278324057373,9.743192672729492,0.08980439603328705,0.009217142578391497,0.0
19,sco_kcal,233,0.5224310159683228,0.04681839793920517,0.6482921018764651,0.9093397848606135,10.323786735534668,5.538005828857422,0.5364316379953397,0.28
19,sco_kcal,234,0.44129228591918945,0.011476226150989532,0.64214076237766,0.9282797598726282,2.4632418155670166,0.8558334112167358,0.34744189783077817,0.34
19,sco_kcal,235,0.09146222472190857,0.023373303934931755,0.62943715306474,0.9691849159209021,4.794281005859375,0.11262303590774536,0.02349112114415114,0.04
19,sco_kcal,236,0.4908994436264038,0.042143236845731735,0.6171280145987692,0.9219283845080457,8.825613021850586,1.9256948232650757,0.21819388845821944,0.1
19,sco_kcal,237,0.13018949329853058,0.019845180213451385,0.6388167912158473,0.9542876762647807,4.241397857666016,0.13689330220222473,0.032275515477709814,0.06
19,sco_kcal,238,0.034944601356983185,0.2158619910478592,0.6215838998298124,0.943541560635724,44.127716064453125,0.18347015976905823,0.004157708037757516,0.0
19,sco_kcal,239,0.5953419804573059,0.009421255439519882,0.662841379364367,0.9362645503393887,2.070279836654663,1.0945987701416016,0.52872020041037,0.5
19,sco_kcal,240,0.3342670500278473,0.05150236561894417,0.6149042398079723,0.9002606751457325,9.992254257202148,2.875239372253418,0.2877468185100497,0.18
19,sco_kcal,241,0.12852244079113007,0.03933846205472946,0.6389620685820632,0.9365029573763091,8.441014289855957,0.6237202286720276,0.073891620989386,0.04
19,sco_kcal,242,0.0956970676779747,0.02597793936729431,0.6413391780794524,0.9520440398223347,5.556201934814453,0.10649621486663818,0.019167088618458318,0.1
19,sco_kcal,243,0.1991622895002365,0.06595715135335922,0.6398509780997037,0.8982532091728657,14.432890892028809,2.7661263942718506,0.1916543549705322,0.04
19,sco_kcal,244,0.032093826681375504,0.12504293024539948,0.624903165307445,0.9237631211617152,26.028396606445312,0.17367905378341675,0.0066726758628078255,0.08
19,sco_kcal,245,0.471548855304718,0.014009661972522736,0.6381282475769181,0.9033460857749678,3.0508463382720947,1.137986660003662,0.3730068754128675,0.2
19,sco_kcal,246,0.1767362505197525,0.05428459122776985,0.6126912978916947,0.9398463579607805,10.574475288391113,1.0706298351287842,0.10124661564098075,0.06
19,sco_kcal,247,0.050104688853025436,0.05128954350948334,0.6098658999033602,0.9523410282181997,10.028416633605957,0.08708793669939041,0.008684116334731484,0.06
19,sco_kcal,248,0.07925288379192352,0.016983291134238243,0.6466376765904958,0.9586512297546641,3.6703639030456543,0.15822580456733704,0.04310902372270004,0.06
19,sco_kcal,249,0.15480837225914001,0.01353237684816122,0.641594754610535,0.9682907393347386,3.060373067855835,0.1780347228050232,0.05817418950486264,0.02
19,water_gsolv_eV,0,1.0,0.0,0.6676096803943241,0.6676096803943241,,,,1.0
19,water_gsolv_eV,1,1.0,0.0,0.6676096803943241,0.6676096803943241,,,,1.0
19,water_gsolv_eV,2,1.0,0.0,0.6676096803943241,0.6676096803943241,,,,1.0
19,water_gsolv_eV,3,1.0,0.0,0.6676096803943241,0.6676096803943241,,,,1.0
19,water_gsolv_eV,4,1.0,0.0,0.6676096803943241,0.6676096803943241,,,,1.0
19,water_gsolv_eV,5,1.0,0.0,0.6676096803943241,0.6676096803943241,,,,1.0
19,water_gsolv_eV,6,1.0,0.0,0.6676096803943241,0.6676096803943241,,,,1.0
19,water_gsolv_eV,7,1.0,0.0,0.6676096803943241,0.6676096803943241,,,,1.0
19,water_gsolv_eV,8,1.0,0.0,0.6676096803943241,0.6676096803943241,,,,1.0
19,water_gsolv_eV,9,1.0,0.0,0.6676096803943241,0.6676096803943241,,,,1.0
19,water_gsolv_eV,10,1.0,0.0,0.6676096803943241,0.6676096803943241,,,,1.0
19,water_gsolv_eV,11,1.0,0.0,0.6676096803943241,0.6676096803943241,,,,1.0
19,water_gsolv_eV,12,1.0,0.0,0.6676096803943241,0.6676096803943241,,,,1.0
19,water_gsolv_eV,13,1.0,0.0,0.6676096803943241,0.6676096803943241,,,,1.0
19,water_gsolv_eV,14,1.0,0.0,0.6676096803943241,0.6676096803943241,,,,1.0
19,water_gsolv_eV,15,1.0,0.0,0.6676096803943241,0.6676096803943241,,,,1.0
19,water_gsolv_eV,16,1.0,0.0,0.6676096803943241,0.6676096803943241,,,,1.0
19,water_gsolv_eV,17,1.0,0.0,0.6676096803943241,0.6676096803943241,,,,1.0
19,water_gsolv_eV,18,1.0,0.0,0.6676096803943241,0.6676096803943241,,,,1.0
19,water_gsolv_eV,19,1.0,0.0,0.6676096803943241,0.6676096803943241,,,,1.0
19,water_gsolv_eV,20,1.0,0.0,0.6676096803943241,0.6676096803943241,,,,1.0
19,water_gsolv_eV,21,1.0,0.0,0.6676096803943241,0.6676096803943241,,,,1.0
19,water_gsolv_eV,22,1.0,0.0,0.6676096803943241,0.6676096803943241,,,,1.0
19,water_gsolv_eV,23,1.0,0.0,0.6676096803943241,0.6676096803943241,,,,1.0
19,water_gsolv_eV,24,1.0,0.0,0.6676096803943241,0.6676096803943241,,,,1.0
19,water_gsolv_eV,25,1.0,0.0,0.6676096803943241,0.6676096803943241,,,,1.0
19,water_gsolv_eV,26,1.0,0.0,0.6676096803943241,0.6676096803943241,,,,1.0
19,water_gsolv_eV,27,1.0,0.0,0.6676096803943241,0.6676096803943241,,,,1.0
19,water_gsolv_eV,28,1.0,0.0,0.6676096803943241,0.6676096803943241,,,,1.0
19,water_gsolv_eV,29,1.0,0.0,0.6676096803943241,0.6676096803943241,,,,1.0
19,water_gsolv_eV,30,1.0,0.0,0.6676096803943241,0.6676096803943241,,,,1.0
19,water_gsolv_eV,31,1.0,0.0,0.6676096803943241,0.6676096803943241,,,,1.0
19,water_gsolv_eV,32,1.0,0.0,0.6676096803943241,0.6676096803943241,,,,1.0
19,water_gsolv_eV,33,1.0,0.0,0.6676096803943241,0.6676096803943241,,,,1.0
19,water_gsolv_eV,34,1.0,0.0,0.6676096803943241,0.6676096803943241,,,,1.0
19,water_gsolv_eV,35,1.0,0.0,0.6676096803943241,0.6676096803943241,,,,1.0
19,water_gsolv_eV,36,1.0,0.0,0.6676096803943241,0.6676096803943241,,,,1.0
19,water_gsolv_eV,37,1.0,0.0,0.6676096803943241,0.6676096803943241,,,,1.0
19,water_gsolv_eV,38,1.0,0.0,0.6676096803943241,0.6676096803943241,,,,1.0
19,water_gsolv_eV,39,1.0,0.0,0.6676096803943241,0.6676096803943241,,,,1.0
19,water_gsolv_eV,40,1.0,0.0,0.6676096803943241,0.6676096803943241,,,,1.0
19,water_gsolv_eV,41,1.0,0.0,0.6676096803943241,0.6676096803943241,,,,1.0
19,water_gsolv_eV,42,1.0,0.0,0.6676096803943241,0.6676096803943241,,,,1.0
19,water_gsolv_eV,43,1.0,0.0,0.6676096803943241,0.6676096803943241,,,,1.0
19,water_gsolv_eV,44,1.0,0.0,0.6676096803943241,0.6676096803943241,,,,1.0
19,water_gsolv_eV,45,1.0,0.0,0.6676096803943241,0.6676096803943241,,,,1.0
19,water_gsolv_eV,46,1.0,0.0,0.6676096803943241,0.6676096803943241,,,,1.0
19,water_gsolv_eV,47,1.0,0.0,0.6676096803943241,0.6676096803943241,,,,1.0
19,water_gsolv_eV,48,1.0,0.0,0.6676096803943241,0.6676096803943241,,,,1.0
19,water_gsolv_eV,49,1.0,0.0,0.6676096803943241,0.6676096803943241,,,,1.0
19,water_gsolv_eV,50,1.0,0.0,0.6676096803943241,0.6676096803943241,,,,1.0
19,water_gsolv_eV,51,1.0,0.0,0.6676096803943241,0.6676096803943241,,,,1.0
19,water_gsolv_eV,52,1.0,0.0,0.6676096803943241,0.6676096803943241,,,,1.0
19,water_gsolv_eV,53,1.0,0.0,0.6676096803943241,0.6676096803943241,,,,1.0
19,water_gsolv_eV,54,1.0,0.0,0.6676096803943241,0.6676096803943241,,,,1.0
19,water_gsolv_eV,55,1.0,0.0,0.6676096803943241,0.6676096803943241,,,,1.0
19,water_gsolv_eV,56,1.0,0.0,0.6676096803943241,0.6676096803943241,,,,1.0
19,water_gsolv_eV,57,1.0,0.0,0.6676096803943241,0.6676096803943241,,,,1.0
19,water_gsolv_eV,58,1.0,0.0,0.6676096803943241,0.6676096803943241,,,,1.0
19,water_gsolv_eV,59,1.0,0.0,0.6676096803943241,0.6676096803943241,,,,1.0
19,water_gsolv_eV,60,1.0,0.0,0.6676096803943241,0.6676096803943241,,,,1.0
19,water_gsolv_eV,61,1.0,0.0,0.6676096803943241,0.6676096803943241,,,,1.0
19,water_gsolv_eV,62,1.0,0.0,0.6676096803943241,0.6676096803943241,,,,1.0
19,water_gsolv_eV,63,1.0,0.0,0.6676096803943241,0.6676096803943241,,,,1.0
19,water_gsolv_eV,64,1.0,0.0,0.6676096803943241,0.6676096803943241,,,,1.0
19,water_gsolv_eV,65,1.0,0.0,0.6676096803943241,0.6676096803943241,,,,1.0
19,water_gsolv_eV,66,1.0,0.0,0.6676096803943241,0.6676096803943241,,,,1.0
19,water_gsolv_eV,67,1.0,0.0,0.6676096803943241,0.6676096803943241,,,,1.0
19,water_gsolv_eV,68,1.0,0.0,0.6676096803943241,0.6676096803943241,,,,1.0
19,water_gsolv_eV,69,1.0,0.0,0.6676096803943241,0.6676096803943241,,,,1.0
19,water_gsolv_eV,70,1.0,0.0,0.6676096803943241,0.6676096803943241,,,,1.0
19,water_gsolv_eV,71,1.0,0.0,0.6676096803943241,0.6676096803943241,,,,1.0
19,water_gsolv_eV,72,1.0,0.0,0.6676096803943241,0.6676096803943241,,,,1.0
19,water_gsolv_eV,73,1.0,0.0,0.6676096803943241,0.6676096803943241,,,,1.0
19,water_gsolv_eV,74,1.0,0.0,0.6676096803943241,0.6676096803943241,,,,1.0
19,water_gsolv_eV,75,1.0,0.0,0.6676096803943241,0.6676096803943241,,,,1.0
19,water_gsolv_eV,76,1.0,0.0,0.6676096803943241,0.6676096803943241,,,,1.0
19,water_gsolv_eV,77,1.0,0.0,0.6676096803943241,0.6676096803943241,,,,1.0
19,water_gsolv_eV,78,1.0,0.0,0.6676096803943241,0.6676096803943241,,,,1.0
19,water_gsolv_eV,79,1.0,0.0,0.6676096803943241,0.6676096803943241,,,,1.0
19,water_gsolv_eV,80,1.0,0.0,0.6676096803943241,0.6676096803943241,,,,1.0
19,water_gsolv_eV,81,1.0,0.0,0.6676096803943241,0.6676096803943241,,,,1.0
19,water_gsolv_eV,82,1.0,0.0,0.6676096803943241,0.6676096803943241,,,,1.0
19,water_gsolv_eV,83,1.0,0.0,0.6676096803943241,0.6676096803943241,,,,1.0
19,water_gsolv_eV,84,1.0,0.0,0.6676096803943241,0.6676096803943241,,,,1.0
19,water_gsolv_eV,85,1.0,0.0,0.6676096803943241,0.6676096803943241,,,,1.0
19,water_gsolv_eV,86,1.0,0.0,0.6676096803943241,0.6676096803943241,,,,1.0
19,water_gsolv_eV,87,1.0,0.0,0.6676096803943241,0.6676096803943241,,,,1.0
19,water_gsolv_eV,88,1.0,0.0,0.6676096803943241,0.6676096803943241,,,,1.0
19,water_gsolv_eV,89,1.0,0.0,0.6676096803943241,0.6676096803943241,,,,1.0
19,water_gsolv_eV,90,1.0,0.0,0.6676096803943241,0.6676096803943241,,,,1.0
19,water_gsolv_eV,91,1.0,0.0,0.6676096803943241,0.6676096803943241,,,,1.0
19,water_gsolv_eV,92,1.0,0.0,0.6676096803943241,0.6676096803943241,,,,1.0
19,water_gsolv_eV,93,1.0,0.0,0.6676096803943241,0.6676096803943241,,,,1.0
19,water_gsolv_eV,94,1.0,0.0,0.6676096803943241,0.6676096803943241,,,,1.0
19,water_gsolv_eV,95,1.0,0.0,0.6676096803943241,0.6676096803943241,,,,1.0
19,water_gsolv_eV,96,1.0,0.0,0.6676096803943241,0.6676096803943241,,,,1.0
19,water_gsolv_eV,97,1.0,0.0,0.6676096803943241,0.6676096803943241,,,,1.0
19,water_gsolv_eV,98,1.0,0.0,0.6676096803943241,0.6676096803943241,,,,1.0
19,water_gsolv_eV,99,1.0,0.0,0.6676096803943241,0.6676096803943241,,,,1.0
19,water_gsolv_eV,100,1.0,0.0,0.6676096803943241,0.6676096803943241,,,,1.0
19,water_gsolv_eV,101,1.0,0.0,0.6676096803943241,0.6676096803943241,,,,1.0
19,water_gsolv_eV,102,1.0,0.0,0.6676096803943241,0.6676096803943241,,,,1.0
19,water_gsolv_eV,103,1.0,0.0,0.6676096803943241,0.6676096803943241,,,,1.0
19,water_gsolv_eV,104,1.0,0.0,0.6676096803943241,0.6676096803943241,,,,1.0
19,water_gsolv_eV,105,1.0,0.0,0.6676096803943241,0.6676096803943241,,,,1.0
19,water_gsolv_eV,106,1.0,0.0,0.6676096803943241,0.6676096803943241,,,,1.0
19,water_gsolv_eV,107,1.0,0.0,0.6676096803943241,0.6676096803943241,,,,1.0
19,water_gsolv_eV,108,1.0,0.0,0.6676096803943241,0.6676096803943241,,,,1.0
19,water_gsolv_eV,109,1.0,0.0,0.6676096803943241,0.6676096803943241,,,,1.0
19,water_gsolv_eV,110,1.0,0.0,0.6676096803943241,0.6676096803943241,,,,1.0
19,water_gsolv_eV,111,1.0,0.0,0.6676096803943241,0.6676096803943241,,,,1.0
19,water_gsolv_eV,112,1.0,0.0,0.6676096803943241,0.6676096803943241,,,,1.0
19,water_gsolv_eV,113,1.0,0.0,0.6676096803943241,0.6676096803943241,,,,1.0
19,water_gsolv_eV,114,1.0,0.0,0.6676096803943241,0.6676096803943241,,,,1.0
19,water_gsolv_eV,115,1.0,0.0,0.6676096803943241,0.6676096803943241,,,,1.0
19,water_gsolv_eV,116,1.0,0.0,0.6676096803943241,0.6676096803943241,,,,1.0
19,water_gsolv_eV,117,1.0,0.0,0.6676096803943241,0.6676096803943241,,,,1.0
19,water_gsolv_eV,118,1.0,0.0,0.6676096803943241,0.6676096803943241,,,,1.0
19,water_gsolv_eV,119,1.0,0.0,0.6676096803943241,0.6676096803943241,,,,1.0
19,water_gsolv_eV,120,1.0,0.0,0.6676096803943241,0.6676096803943241,,,,1.0
19,water_gsolv_eV,121,1.0,0.0,0.6676096803943241,0.6676096803943241,,,,1.0
19,water_gsolv_eV,122,1.0,0.0,0.6676096803943241,0.6676096803943241,,,,1.0
19,water_gsolv_eV,123,1.0,0.0,0.6676096803943241,0.6676096803943241,,,,1.0
19,water_gsolv_eV,124,1.0,0.0,0.6676096803943241,0.6676096803943241,,,,1.0
19,water_gsolv_eV,125,1.0,0.0,0.6676096803943241,0.6676096803943241,,,,1.0
19,water_gsolv_eV,126,1.0,0.0,0.6676096803943241,0.6676096803943241,,,,1.0
19,water_gsolv_eV,127,1.0,0.0,0.6676096803943241,0.6676096803943241,,,,1.0
19,water_gsolv_eV,128,1.0,0.0,0.6676096803943241,0.6676096803943241,,,,1.0
19,water_gsolv_eV,129,1.0,0.0,0.6676096803943241,0.6676096803943241,,,,1.0
19,water_gsolv_eV,130,1.0,0.0,0.6676096803943241,0.6676096803943241,,,,1.0
19,water_gsolv_eV,131,1.0,0.0,0.6676096803943241,0.6676096803943241,,,,1.0
19,water_gsolv_eV,132,1.0,0.0,0.6676096803943241,0.6676096803943241,,,,1.0
19,water_gsolv_eV,133,1.0,0.0,0.6676096803943241,0.6676096803943241,,,,1.0
19,water_gsolv_eV,134,1.0,0.0,0.6676096803943241,0.6676096803943241,,,,1.0
19,water_gsolv_eV,135,1.0,0.0,0.6676096803943241,0.6676096803943241,,,,1.0
19,water_gsolv_eV,136,1.0,0.0,0.6676096803943241,0.6676096803943241,,,,1.0
19,water_gsolv_eV,137,1.0,0.0,0.6676096803943241,0.6676096803943241,,,,1.0
19,water_gsolv_eV,138,1.0,0.0,0.6676096803943241,0.6676096803943241,,,,1.0
19,water_gsolv_eV,139,1.0,0.0,0.6676096803943241,0.6676096803943241,,,,1.0
19,water_gsolv_eV,140,1.0,0.0,0.6676096803943241,0.6676096803943241,,,,1.0
19,water_gsolv_eV,141,1.0,0.0,0.6676096803943241,0.6676096803943241,,,,1.0
19,water_gsolv_eV,142,1.0,0.0,0.6676096803943241,0.6676096803943241,,,,1.0
19,water_gsolv_eV,143,1.0,0.0,0.6676096803943241,0.6676096803943241,,,,1.0
19,water_gsolv_eV,144,1.0,0.0,0.6676096803943241,0.6676096803943241,,,,1.0
19,water_gsolv_eV,145,1.0,0.0,0.6676096803943241,0.6676096803943241,,,,1.0
19,water_gsolv_eV,146,1.0,0.0,0.6676096803943241,0.6676096803943241,,,,1.0
19,water_gsolv_eV,147,1.0,0.0,0.6676096803943241,0.6676096803943241,,,,1.0
19,water_gsolv_eV,148,1.0,0.0,0.6676096803943241,0.6676096803943241,,,,1.0
19,water_gsolv_eV,149,1.0,0.0,0.6676096803943241,0.6676096803943241,,,,1.0
19,water_gsolv_eV,150,1.0,0.0,0.6676096803943241,0.6676096803943241,,,,1.0
19,water_gsolv_eV,151,1.0,0.0,0.6676096803943241,0.6676096803943241,,,,1.0
19,water_gsolv_eV,152,1.0,0.0,0.6676096803943241,0.6676096803943241,,,,1.0
19,water_gsolv_eV,153,1.0,0.0,0.6676096803943241,0.6676096803943241,,,,1.0
19,water_gsolv_eV,154,1.0,0.0,0.6676096803943241,0.6676096803943241,,,,1.0
19,water_gsolv_eV,155,1.0,0.0,0.6676096803943241,0.6676096803943241,,,,1.0
19,water_gsolv_eV,156,1.0,0.0,0.6676096803943241,0.6676096803943241,,,,1.0
19,water_gsolv_eV,157,1.0,0.0,0.6676096803943241,0.6676096803943241,,,,1.0
19,water_gsolv_eV,158,1.0,0.0,0.6676096803943241,0.6676096803943241,,,,1.0
19,water_gsolv_eV,159,1.0,0.0,0.6676096803943241,0.6676096803943241,,,,1.0
19,water_gsolv_eV,160,1.0,0.0,0.6676096803943241,0.6676096803943241,,,,1.0
19,water_gsolv_eV,161,1.0,0.0,0.6676096803943241,0.6676096803943241,,,,1.0
19,water_gsolv_eV,162,1.0,0.0,0.6676096803943241,0.6676096803943241,,,,1.0
19,water_gsolv_eV,163,1.0,0.0,0.6676096803943241,0.6676096803943241,,,,1.0
19,water_gsolv_eV,164,1.0,0.0,0.6676096803943241,0.6676096803943241,,,,1.0
19,water_gsolv_eV,165,1.0,0.0,0.6676096803943241,0.6676096803943241,,,,1.0
19,water_gsolv_eV,166,1.0,0.0,0.6676096803943241,0.6676096803943241,,,,1.0
19,water_gsolv_eV,167,1.0,0.0,0.6676096803943241,0.6676096803943241,,,,1.0
19,water_gsolv_eV,168,1.0,0.0,0.6676096803943241,0.6676096803943241,,,,1.0
19,water_gsolv_eV,169,1.0,0.0,0.6676096803943241,0.6676096803943241,,,,1.0
19,water_gsolv_eV,170,1.0,0.0,0.6676096803943241,0.6676096803943241,,,,1.0
19,water_gsolv_eV,171,1.0,0.0,0.6676096803943241,0.6676096803943241,,,,1.0
19,water_gsolv_eV,172,1.0,0.0,0.6676096803943241,0.6676096803943241,,,,1.0
19,water_gsolv_eV,173,1.0,0.0,0.6676096803943241,0.6676096803943241,,,,1.0
19,water_gsolv_eV,174,1.0,0.0,0.6676096803943241,0.6676096803943241,,,,1.0
19,water_gsolv_eV,175,1.0,0.0,0.6676096803943241,0.6676096803943241,,,,1.0
19,water_gsolv_eV,176,1.0,0.0,0.6676096803943241,0.6676096803943241,,,,1.0
19,water_gsolv_eV,177,1.0,0.0,0.6676096803943241,0.6676096803943241,,,,1.0
19,water_gsolv_eV,178,1.0,0.0,0.6676096803943241,0.6676096803943241,,,,1.0
19,water_gsolv_eV,179,1.0,0.0,0.6676096803943241,0.6676096803943241,,,,1.0
19,water_gsolv_eV,180,1.0,0.0,0.6676096803943241,0.6676096803943241,,,,1.0
19,water_gsolv_eV,181,1.0,0.0,0.6676096803943241,0.6676096803943241,,,,1.0
19,water_gsolv_eV,182,1.0,0.0,0.6676096803943241,0.6676096803943241,,,,1.0
19,water_gsolv_eV,183,1.0,0.0,0.6676096803943241,0.6676096803943241,,,,1.0
19,water_gsolv_eV,184,1.0,0.0,0.6676096803943241,0.6676096803943241,,,,1.0
19,water_gsolv_eV,185,1.0,0.0,0.6676096803943241,0.6676096803943241,,,,1.0
19,water_gsolv_eV,186,1.0,0.0,0.6676096803943241,0.6676096803943241,,,,1.0
19,water_gsolv_eV,187,1.0,0.0,0.6676096803943241,0.6676096803943241,,,,1.0
19,water_gsolv_eV,188,1.0,0.0,0.6676096803943241,0.6676096803943241,,,,1.0
19,water_gsolv_eV,189,1.0,0.0,0.6676096803943241,0.6676096803943241,,,,1.0
19,water_gsolv_eV,190,1.0,0.0,0.6676096803943241,0.6676096803943241,,,,1.0
19,water_gsolv_eV,191,1.0,0.0,0.6676096803943241,0.6676096803943241,,,,1.0
19,water_gsolv_eV,192,1.0,0.0,0.6676096803943241,0.6676096803943241,,,,1.0
19,water_gsolv_eV,193,1.0,0.0,0.6676096803943241,0.6676096803943241,,,,1.0
19,water_gsolv_eV,194,1.0,0.0,0.6676096803943241,0.6676096803943241,,,,1.0
19,water_gsolv_eV,195,1.0,0.0,0.6676096803943241,0.6676096803943241,,,,1.0
19,water_gsolv_eV,196,1.0,0.0,0.6676096803943241,0.6676096803943241,,,,1.0
19,water_gsolv_eV,197,1.0,0.0,0.6676096803943241,0.6676096803943241,,,,1.0
19,water_gsolv_eV,198,1.0,0.0,0.6676096803943241,0.6676096803943241,,,,1.0
19,water_gsolv_eV,199,1.0,0.0,0.6676096803943241,0.6676096803943241,,,,1.0
19,water_gsolv_eV,200,1.0,0.0,0.6676096803943241,0.6676096803943241,,,,1.0
19,water_gsolv_eV,201,1.0,0.0,0.6676096803943241,0.6676096803943241,,,,1.0
19,water_gsolv_eV,202,1.0,0.0,0.6676096803943241,0.6676096803943241,,,,1.0
19,water_gsolv_eV,203,1.0,0.0,0.6676096803943241,0.6676096803943241,,,,1.0
19,water_gsolv_eV,204,1.0,0.0,0.6676096803943241,0.6676096803943241,,,,1.0
19,water_gsolv_eV,205,1.0,0.0,0.6676096803943241,0.6676096803943241,,,,1.0
19,water_gsolv_eV,206,1.0,0.0,0.6676096803943241,0.6676096803943241,,,,1.0
19,water_gsolv_eV,207,1.0,0.0,0.6676096803943241,0.6676096803943241,,,,1.0
19,water_gsolv_eV,208,1.0,0.0,0.6676096803943241,0.6676096803943241,,,,1.0
19,water_gsolv_eV,209,1.0,0.0,0.6676096803943241,0.6676096803943241,,,,1.0
19,water_gsolv_eV,210,1.0,0.0,0.6676096803943241,0.6676096803943241,,,,1.0
19,water_gsolv_eV,211,1.0,0.0,0.6676096803943241,0.6676096803943241,,,,1.0
19,water_gsolv_eV,212,1.0,0.0,0.6676096803943241,0.6676096803943241,,,,1.0
19,water_gsolv_eV,213,1.0,0.0,0.6676096803943241,0.6676096803943241,,,,1.0
19,water_gsolv_eV,214,1.0,0.0,0.6676096803943241,0.6676096803943241,,,,1.0
19,water_gsolv_eV,215,1.0,0.0,0.6676096803943241,0.6676096803943241,,,,1.0
19,water_gsolv_eV,216,1.0,0.0,0.6676096803943241,0.6676096803943241,,,,1.0
19,water_gsolv_eV,217,1.0,0.0,0.6676096803943241,0.6676096803943241,,,,1.0
19,water_gsolv_eV,218,1.0,0.0,0.6676096803943241,0.6676096803943241,,,,1.0
19,water_gsolv_eV,219,1.0,0.0,0.6676096803943241,0.6676096803943241,,,,1.0
19,water_gsolv_eV,220,1.0,0.0,0.6676096803943241,0.6676096803943241,,,,1.0
19,water_gsolv_eV,221,1.0,0.0,0.6676096803943241,0.6676096803943241,,,,1.0
19,water_gsolv_eV,222,1.0,0.0,0.6676096803943241,0.6676096803943241,,,,1.0
19,water_gsolv_eV,223,1.0,0.0,0.6676096803943241,0.6676096803943241,,,,1.0
19,water_gsolv_eV,224,1.0,0.0,0.6676096803943241,0.6676096803943241,,,,1.0
19,water_gsolv_eV,225,1.0,0.0,0.6676096803943241,0.6676096803943241,,,,1.0
19,water_gsolv_eV,226,1.0,0.0,0.6676096803943241,0.6676096803943241,,,,1.0
19,water_gsolv_eV,227,1.0,0.0,0.6676096803943241,0.6676096803943241,,,,1.0
19,water_gsolv_eV,228,1.0,0.0,0.6676096803943241,0.6676096803943241,,,,1.0
19,water_gsolv_eV,229,1.0,0.0,0.6676096803943241,0.6676096803943241,,,,1.0
19,water_gsolv_eV,230,1.0,0.0,0.6676096803943241,0.6676096803943241,,,,1.0
19,water_gsolv_eV,231,1.0,0.0,0.6676096803943241,0.6676096803943241,,,,1.0
19,water_gsolv_eV,232,1.0,0.0,0.6676096803943241,0.6676096803943241,,,,1.0
19,water_gsolv_eV,233,1.0,0.0,0.6676096803943241,0.6676096803943241,,,,1.0
19,water_gsolv_eV,234,1.0,0.0,0.6676096803943241,0.6676096803943241,,,,1.0
19,water_gsolv_eV,235,1.0,0.0,0.6676096803943241,0.6676096803943241,,,,1.0
19,water_gsolv_eV,236,1.0,0.0,0.6676096803943241,0.6676096803943241,,,,1.0
19,water_gsolv_eV,237,1.0,0.0,0.6676096803943241,0.6676096803943241,,,,1.0
19,water_gsolv_eV,238,1.0,0.0,0.6676096803943241,0.6676096803943241,,,,1.0
19,water_gsolv_eV,239,1.0,0.0,0.6676096803943241,0.6676096803943241,,,,1.0
19,water_gsolv_eV,240,1.0,0.0,0.6676096803943241,0.6676096803943241,,,,1.0
19,water_gsolv_eV,241,1.0,0.0,0.6676096803943241,0.6676096803943241,,,,1.0
19,water_gsolv_eV,242,1.0,0.0,0.6676096803943241,0.6676096803943241,,,,1.0
19,water_gsolv_eV,243,1.0,0.0,0.6676096803943241,0.6676096803943241,,,,1.0
19,water_gsolv_eV,244,1.0,0.0,0.6676096803943241,0.6676096803943241,,,,1.0
19,water_gsolv_eV,245,1.0,0.0,0.6676096803943241,0.6676096803943241,,,,1.0
19,water_gsolv_eV,246,1.0,0.0,0.6676096803943241,0.6676096803943241,,,,1.0
19,water_gsolv_eV,247,1.0,0.0,0.6676096803943241,0.6676096803943241,,,,1.0
19,water_gsolv_eV,248,1.0,0.0,0.6676096803943241,0.6676096803943241,,,,1.0
19,water_gsolv_eV,249,1.0,0.0,0.6676096803943241,0.6676096803943241,,,,1.0
19,water_hl_gap_eV,0,1.0,0.0,0.7069376543334249,0.7069376543334249,,,,1.0
19,water_hl_gap_eV,1,1.0,0.0,0.7069376543334249,0.7069376543334249,,,,1.0
19,water_hl_gap_eV,2,1.0,0.0,0.7069376543334249,0.7069376543334249,,,,1.0
19,water_hl_gap_eV,3,1.0,0.0,0.7069376543334249,0.7069376543334249,,,,1.0
19,water_hl_gap_eV,4,1.0,0.0,0.7069376543334249,0.7069376543334249,,,,1.0
19,water_hl_gap_eV,5,1.0,0.0,0.7069376543334249,0.7069376543334249,,,,1.0
19,water_hl_gap_eV,6,1.0,0.0,0.7069376543334249,0.7069376543334249,,,,1.0
19,water_hl_gap_eV,7,1.0,0.0,0.7069376543334249,0.7069376543334249,,,,1.0
19,water_hl_gap_eV,8,1.0,0.0,0.7069376543334249,0.7069376543334249,,,,1.0
19,water_hl_gap_eV,9,1.0,0.0,0.7069376543334249,0.7069376543334249,,,,1.0
19,water_hl_gap_eV,10,1.0,0.0,0.7069376543334249,0.7069376543334249,,,,1.0
19,water_hl_gap_eV,11,1.0,0.0,0.7069376543334249,0.7069376543334249,,,,1.0
19,water_hl_gap_eV,12,1.0,0.0,0.7069376543334249,0.7069376543334249,,,,1.0
19,water_hl_gap_eV,13,1.0,0.0,0.7069376543334249,0.7069376543334249,,,,1.0
19,water_hl_gap_eV,14,1.0,0.0,0.7069376543334249,0.7069376543334249,,,,1.0
19,water_hl_gap_eV,15,1.0,0.0,0.7069376543334249,0.7069376543334249,,,,1.0
19,water_hl_gap_eV,16,1.0,0.0,0.7069376543334249,0.7069376543334249,,,,1.0
19,water_hl_gap_eV,17,1.0,0.0,0.7069376543334249,0.7069376543334249,,,,1.0
19,water_hl_gap_eV,18,1.0,0.0,0.7069376543334249,0.7069376543334249,,,,1.0
19,water_hl_gap_eV,19,1.0,0.0,0.7069376543334249,0.7069376543334249,,,,1.0
19,water_hl_gap_eV,20,1.0,0.0,0.7069376543334249,0.7069376543334249,,,,1.0
19,water_hl_gap_eV,21,1.0,0.0,0.7069376543334249,0.7069376543334249,,,,1.0
19,water_hl_gap_eV,22,1.0,0.0,0.7069376543334249,0.7069376543334249,,,,1.0
19,water_hl_gap_eV,23,1.0,0.0,0.7069376543334249,0.7069376543334249,,,,1.0
19,water_hl_gap_eV,24,1.0,0.0,0.7069376543334249,0.7069376543334249,,,,1.0
19,water_hl_gap_eV,25,1.0,0.0,0.7069376543334249,0.7069376543334249,,,,1.0
19,water_hl_gap_eV,26,1.0,0.0,0.7069376543334249,0.7069376543334249,,,,1.0
19,water_hl_gap_eV,27,1.0,0.0,0.7069376543334249,0.7069376543334249,,,,1.0
19,water_hl_gap_eV,28,1.0,0.0,0.7069376543334249,0.7069376543334249,,,,1.0
19,water_hl_gap_eV,29,1.0,0.0,0.7069376543334249,0.7069376543334249,,,,1.0
19,water_hl_gap_eV,30,1.0,0.0,0.7069376543334249,0.7069376543334249,,,,1.0
19,water_hl_gap_eV,31,1.0,0.0,0.7069376543334249,0.7069376543334249,,,,1.0
19,water_hl_gap_eV,32,1.0,0.0,0.7069376543334249,0.7069376543334249,,,,1.0
19,water_hl_gap_eV,33,1.0,0.0,0.7069376543334249,0.7069376543334249,,,,1.0
19,water_hl_gap_eV,34,1.0,0.0,0.7069376543334249,0.7069376543334249,,,,1.0
19,water_hl_gap_eV,35,1.0,0.0,0.7069376543334249,0.7069376543334249,,,,1.0
19,water_hl_gap_eV,36,1.0,0.0,0.7069376543334249,0.7069376543334249,,,,1.0
19,water_hl_gap_eV,37,1.0,0.0,0.7069376543334249,0.7069376543334249,,,,1.0
19,water_hl_gap_eV,38,1.0,0.0,0.7069376543334249,0.7069376543334249,,,,1.0
19,water_hl_gap_eV,39,1.0,0.0,0.7069376543334249,0.7069376543334249,,,,1.0
19,water_hl_gap_eV,40,1.0,0.0,0.7069376543334249,0.7069376543334249,,,,1.0
19,water_hl_gap_eV,41,1.0,0.0,0.7069376543334249,0.7069376543334249,,,,1.0
19,water_hl_gap_eV,42,1.0,0.0,0.7069376543334249,0.7069376543334249,,,,1.0
19,water_hl_gap_eV,43,1.0,0.0,0.7069376543334249,0.7069376543334249,,,,1.0
19,water_hl_gap_eV,44,1.0,0.0,0.7069376543334249,0.7069376543334249,,,,1.0
19,water_hl_gap_eV,45,1.0,0.0,0.7069376543334249,0.7069376543334249,,,,1.0
19,water_hl_gap_eV,46,1.0,0.0,0.7069376543334249,0.7069376543334249,,,,1.0
19,water_hl_gap_eV,47,1.0,0.0,0.7069376543334249,0.7069376543334249,,,,1.0
19,water_hl_gap_eV,48,1.0,0.0,0.7069376543334249,0.7069376543334249,,,,1.0
19,water_hl_gap_eV,49,1.0,0.0,0.7069376543334249,0.7069376543334249,,,,1.0
19,water_hl_gap_eV,50,1.0,0.0,0.7069376543334249,0.7069376543334249,,,,1.0
19,water_hl_gap_eV,51,1.0,0.0,0.7069376543334249,0.7069376543334249,,,,1.0
19,water_hl_gap_eV,52,1.0,0.0,0.7069376543334249,0.7069376543334249,,,,1.0
19,water_hl_gap_eV,53,1.0,0.0,0.7069376543334249,0.7069376543334249,,,,1.0
19,water_hl_gap_eV,54,1.0,0.0,0.7069376543334249,0.7069376543334249,,,,1.0
19,water_hl_gap_eV,55,1.0,0.0,0.7069376543334249,0.7069376543334249,,,,1.0
19,water_hl_gap_eV,56,1.0,0.0,0.7069376543334249,0.7069376543334249,,,,1.0
19,water_hl_gap_eV,57,1.0,0.0,0.7069376543334249,0.7069376543334249,,,,1.0
19,water_hl_gap_eV,58,1.0,0.0,0.7069376543334249,0.7069376543334249,,,,1.0
19,water_hl_gap_eV,59,1.0,0.0,0.7069376543334249,0.7069376543334249,,,,1.0
19,water_hl_gap_eV,60,1.0,0.0,0.7069376543334249,0.7069376543334249,,,,1.0
19,water_hl_gap_eV,61,1.0,0.0,0.7069376543334249,0.7069376543334249,,,,1.0
19,water_hl_gap_eV,62,1.0,0.0,0.7069376543334249,0.7069376543334249,,,,1.0
19,water_hl_gap_eV,63,1.0,0.0,0.7069376543334249,0.7069376543334249,,,,1.0
19,water_hl_gap_eV,64,1.0,0.0,0.7069376543334249,0.7069376543334249,,,,1.0
19,water_hl_gap_eV,65,1.0,0.0,0.7069376543334249,0.7069376543334249,,,,1.0
19,water_hl_gap_eV,66,1.0,0.0,0.7069376543334249,0.7069376543334249,,,,1.0
19,water_hl_gap_eV,67,1.0,0.0,0.7069376543334249,0.7069376543334249,,,,1.0
19,water_hl_gap_eV,68,1.0,0.0,0.7069376543334249,0.7069376543334249,,,,1.0
19,water_hl_gap_eV,69,1.0,0.0,0.7069376543334249,0.7069376543334249,,,,1.0
19,water_hl_gap_eV,70,1.0,0.0,0.7069376543334249,0.7069376543334249,,,,1.0
19,water_hl_gap_eV,71,1.0,0.0,0.7069376543334249,0.7069376543334249,,,,1.0
19,water_hl_gap_eV,72,1.0,0.0,0.7069376543334249,0.7069376543334249,,,,1.0
19,water_hl_gap_eV,73,1.0,0.0,0.7069376543334249,0.7069376543334249,,,,1.0
19,water_hl_gap_eV,74,1.0,0.0,0.7069376543334249,0.7069376543334249,,,,1.0
19,water_hl_gap_eV,75,1.0,0.0,0.7069376543334249,0.7069376543334249,,,,1.0
19,water_hl_gap_eV,76,1.0,0.0,0.7069376543334249,0.7069376543334249,,,,1.0
19,water_hl_gap_eV,77,1.0,0.0,0.7069376543334249,0.7069376543334249,,,,1.0
19,water_hl_gap_eV,78,1.0,0.0,0.7069376543334249,0.7069376543334249,,,,1.0
19,water_hl_gap_eV,79,1.0,0.0,0.7069376543334249,0.7069376543334249,,,,1.0
19,water_hl_gap_eV,80,1.0,0.0,0.7069376543334249,0.7069376543334249,,,,1.0
19,water_hl_gap_eV,81,1.0,0.0,0.7069376543334249,0.7069376543334249,,,,1.0
19,water_hl_gap_eV,82,1.0,0.0,0.7069376543334249,0.7069376543334249,,,,1.0
19,water_hl_gap_eV,83,1.0,0.0,0.7069376543334249,0.7069376543334249,,,,1.0
19,water_hl_gap_eV,84,1.0,0.0,0.7069376543334249,0.7069376543334249,,,,1.0
19,water_hl_gap_eV,85,1.0,0.0,0.7069376543334249,0.7069376543334249,,,,1.0
19,water_hl_gap_eV,86,1.0,0.0,0.7069376543334249,0.7069376543334249,,,,1.0
19,water_hl_gap_eV,87,1.0,0.0,0.7069376543334249,0.7069376543334249,,,,1.0
19,water_hl_gap_eV,88,1.0,0.0,0.7069376543334249,0.7069376543334249,,,,1.0
19,water_hl_gap_eV,89,1.0,0.0,0.7069376543334249,0.7069376543334249,,,,1.0
19,water_hl_gap_eV,90,1.0,0.0,0.7069376543334249,0.7069376543334249,,,,1.0
19,water_hl_gap_eV,91,1.0,0.0,0.7069376543334249,0.7069376543334249,,,,1.0
19,water_hl_gap_eV,92,1.0,0.0,0.7069376543334249,0.7069376543334249,,,,1.0
19,water_hl_gap_eV,93,1.0,0.0,0.7069376543334249,0.7069376543334249,,,,1.0
19,water_hl_gap_eV,94,1.0,0.0,0.7069376543334249,0.7069376543334249,,,,1.0
19,water_hl_gap_eV,95,1.0,0.0,0.7069376543334249,0.7069376543334249,,,,1.0
19,water_hl_gap_eV,96,1.0,0.0,0.7069376543334249,0.7069376543334249,,,,1.0
19,water_hl_gap_eV,97,1.0,0.0,0.7069376543334249,0.7069376543334249,,,,1.0
19,water_hl_gap_eV,98,1.0,0.0,0.7069376543334249,0.7069376543334249,,,,1.0
19,water_hl_gap_eV,99,1.0,0.0,0.7069376543334249,0.7069376543334249,,,,1.0
19,water_hl_gap_eV,100,1.0,0.0,0.7069376543334249,0.7069376543334249,,,,1.0
19,water_hl_gap_eV,101,1.0,0.0,0.7069376543334249,0.7069376543334249,,,,1.0
19,water_hl_gap_eV,102,1.0,0.0,0.7069376543334249,0.7069376543334249,,,,1.0
19,water_hl_gap_eV,103,1.0,0.0,0.7069376543334249,0.7069376543334249,,,,1.0
19,water_hl_gap_eV,104,1.0,0.0,0.7069376543334249,0.7069376543334249,,,,1.0
19,water_hl_gap_eV,105,1.0,0.0,0.7069376543334249,0.7069376543334249,,,,1.0
19,water_hl_gap_eV,106,1.0,0.0,0.7069376543334249,0.7069376543334249,,,,1.0
19,water_hl_gap_eV,107,1.0,0.0,0.7069376543334249,0.7069376543334249,,,,1.0
19,water_hl_gap_eV,108,1.0,0.0,0.7069376543334249,0.7069376543334249,,,,1.0
19,water_hl_gap_eV,109,1.0,0.0,0.7069376543334249,0.7069376543334249,,,,1.0
19,water_hl_gap_eV,110,1.0,0.0,0.7069376543334249,0.7069376543334249,,,,1.0
19,water_hl_gap_eV,111,1.0,0.0,0.7069376543334249,0.7069376543334249,,,,1.0
19,water_hl_gap_eV,112,1.0,0.0,0.7069376543334249,0.7069376543334249,,,,1.0
19,water_hl_gap_eV,113,1.0,0.0,0.7069376543334249,0.7069376543334249,,,,1.0
19,water_hl_gap_eV,114,1.0,0.0,0.7069376543334249,0.7069376543334249,,,,1.0
19,water_hl_gap_eV,115,1.0,0.0,0.7069376543334249,0.7069376543334249,,,,1.0
19,water_hl_gap_eV,116,1.0,0.0,0.7069376543334249,0.7069376543334249,,,,1.0
19,water_hl_gap_eV,117,1.0,0.0,0.7069376543334249,0.7069376543334249,,,,1.0
19,water_hl_gap_eV,118,1.0,0.0,0.7069376543334249,0.7069376543334249,,,,1.0
19,water_hl_gap_eV,119,1.0,0.0,0.7069376543334249,0.7069376543334249,,,,1.0
19,water_hl_gap_eV,120,1.0,0.0,0.7069376543334249,0.7069376543334249,,,,1.0
19,water_hl_gap_eV,121,1.0,0.0,0.7069376543334249,0.7069376543334249,,,,1.0
19,water_hl_gap_eV,122,1.0,0.0,0.7069376543334249,0.7069376543334249,,,,1.0
19,water_hl_gap_eV,123,1.0,0.0,0.7069376543334249,0.7069376543334249,,,,1.0
19,water_hl_gap_eV,124,1.0,0.0,0.7069376543334249,0.7069376543334249,,,,1.0
19,water_hl_gap_eV,125,1.0,0.0,0.7069376543334249,0.7069376543334249,,,,1.0
19,water_hl_gap_eV,126,1.0,0.0,0.7069376543334249,0.7069376543334249,,,,1.0
19,water_hl_gap_eV,127,1.0,0.0,0.7069376543334249,0.7069376543334249,,,,1.0
19,water_hl_gap_eV,128,1.0,0.0,0.7069376543334249,0.7069376543334249,,,,1.0
19,water_hl_gap_eV,129,1.0,0.0,0.7069376543334249,0.7069376543334249,,,,1.0
19,water_hl_gap_eV,130,1.0,0.0,0.7069376543334249,0.7069376543334249,,,,1.0
19,water_hl_gap_eV,131,1.0,0.0,0.7069376543334249,0.7069376543334249,,,,1.0
19,water_hl_gap_eV,132,1.0,0.0,0.7069376543334249,0.7069376543334249,,,,1.0
19,water_hl_gap_eV,133,1.0,0.0,0.7069376543334249,0.7069376543334249,,,,1.0
19,water_hl_gap_eV,134,1.0,0.0,0.7069376543334249,0.7069376543334249,,,,1.0
19,water_hl_gap_eV,135,1.0,0.0,0.7069376543334249,0.7069376543334249,,,,1.0
19,water_hl_gap_eV,136,1.0,0.0,0.7069376543334249,0.7069376543334249,,,,1.0
19,water_hl_gap_eV,137,1.0,0.0,0.7069376543334249,0.7069376543334249,,,,1.0
19,water_hl_gap_eV,138,1.0,0.0,0.7069376543334249,0.7069376543334249,,,,1.0
19,water_hl_gap_eV,139,1.0,0.0,0.7069376543334249,0.7069376543334249,,,,1.0
19,water_hl_gap_eV,140,1.0,0.0,0.7069376543334249,0.7069376543334249,,,,1.0
19,water_hl_gap_eV,141,1.0,0.0,0.7069376543334249,0.7069376543334249,,,,1.0
19,water_hl_gap_eV,142,1.0,0.0,0.7069376543334249,0.7069376543334249,,,,1.0
19,water_hl_gap_eV,143,1.0,0.0,0.7069376543334249,0.7069376543334249,,,,1.0
19,water_hl_gap_eV,144,1.0,0.0,0.7069376543334249,0.7069376543334249,,,,1.0
19,water_hl_gap_eV,145,1.0,0.0,0.7069376543334249,0.7069376543334249,,,,1.0
19,water_hl_gap_eV,146,1.0,0.0,0.7069376543334249,0.7069376543334249,,,,1.0
19,water_hl_gap_eV,147,1.0,0.0,0.7069376543334249,0.7069376543334249,,,,1.0
19,water_hl_gap_eV,148,1.0,0.0,0.7069376543334249,0.7069376543334249,,,,1.0
19,water_hl_gap_eV,149,1.0,0.0,0.7069376543334249,0.7069376543334249,,,,1.0
19,water_hl_gap_eV,150,1.0,0.0,0.7069376543334249,0.7069376543334249,,,,1.0
19,water_hl_gap_eV,151,1.0,0.0,0.7069376543334249,0.7069376543334249,,,,1.0
19,water_hl_gap_eV,152,1.0,0.0,0.7069376543334249,0.7069376543334249,,,,1.0
19,water_hl_gap_eV,153,1.0,0.0,0.7069376543334249,0.7069376543334249,,,,1.0
19,water_hl_gap_eV,154,1.0,0.0,0.7069376543334249,0.7069376543334249,,,,1.0
19,water_hl_gap_eV,155,1.0,0.0,0.7069376543334249,0.7069376543334249,,,,1.0
19,water_hl_gap_eV,156,1.0,0.0,0.7069376543334249,0.7069376543334249,,,,1.0
19,water_hl_gap_eV,157,1.0,0.0,0.7069376543334249,0.7069376543334249,,,,1.0
19,water_hl_gap_eV,158,1.0,0.0,0.7069376543334249,0.7069376543334249,,,,1.0
19,water_hl_gap_eV,159,1.0,0.0,0.7069376543334249,0.7069376543334249,,,,1.0
19,water_hl_gap_eV,160,1.0,0.0,0.7069376543334249,0.7069376543334249,,,,1.0
19,water_hl_gap_eV,161,1.0,0.0,0.7069376543334249,0.7069376543334249,,,,1.0
19,water_hl_gap_eV,162,1.0,0.0,0.7069376543334249,0.7069376543334249,,,,1.0
19,water_hl_gap_eV,163,1.0,0.0,0.7069376543334249,0.7069376543334249,,,,1.0
19,water_hl_gap_eV,164,1.0,0.0,0.7069376543334249,0.7069376543334249,,,,1.0
19,water_hl_gap_eV,165,1.0,0.0,0.7069376543334249,0.7069376543334249,,,,1.0
19,water_hl_gap_eV,166,1.0,0.0,0.7069376543334249,0.7069376543334249,,,,1.0
19,water_hl_gap_eV,167,1.0,0.0,0.7069376543334249,0.7069376543334249,,,,1.0
19,water_hl_gap_eV,168,1.0,0.0,0.7069376543334249,0.7069376543334249,,,,1.0
19,water_hl_gap_eV,169,1.0,0.0,0.7069376543334249,0.7069376543334249,,,,1.0
19,water_hl_gap_eV,170,1.0,0.0,0.7069376543334249,0.7069376543334249,,,,1.0
19,water_hl_gap_eV,171,1.0,0.0,0.7069376543334249,0.7069376543334249,,,,1.0
19,water_hl_gap_eV,172,1.0,0.0,0.7069376543334249,0.7069376543334249,,,,1.0
19,water_hl_gap_eV,173,1.0,0.0,0.7069376543334249,0.7069376543334249,,,,1.0
19,water_hl_gap_eV,174,1.0,0.0,0.7069376543334249,0.7069376543334249,,,,1.0
19,water_hl_gap_eV,175,1.0,0.0,0.7069376543334249,0.7069376543334249,,,,1.0
19,water_hl_gap_eV,176,1.0,0.0,0.7069376543334249,0.7069376543334249,,,,1.0
19,water_hl_gap_eV,177,1.0,0.0,0.7069376543334249,0.7069376543334249,,,,1.0
19,water_hl_gap_eV,178,1.0,0.0,0.7069376543334249,0.7069376543334249,,,,1.0
19,water_hl_gap_eV,179,1.0,0.0,0.7069376543334249,0.7069376543334249,,,,1.0
19,water_hl_gap_eV,180,1.0,0.0,0.7069376543334249,0.7069376543334249,,,,1.0
19,water_hl_gap_eV,181,1.0,0.0,0.7069376543334249,0.7069376543334249,,,,1.0
19,water_hl_gap_eV,182,1.0,0.0,0.7069376543334249,0.7069376543334249,,,,1.0
19,water_hl_gap_eV,183,1.0,0.0,0.7069376543334249,0.7069376543334249,,,,1.0
19,water_hl_gap_eV,184,1.0,0.0,0.7069376543334249,0.7069376543334249,,,,1.0
19,water_hl_gap_eV,185,1.0,0.0,0.7069376543334249,0.7069376543334249,,,,1.0
19,water_hl_gap_eV,186,1.0,0.0,0.7069376543334249,0.7069376543334249,,,,1.0
19,water_hl_gap_eV,187,1.0,0.0,0.7069376543334249,0.7069376543334249,,,,1.0
19,water_hl_gap_eV,188,1.0,0.0,0.7069376543334249,0.7069376543334249,,,,1.0
19,water_hl_gap_eV,189,1.0,0.0,0.7069376543334249,0.7069376543334249,,,,1.0
19,water_hl_gap_eV,190,1.0,0.0,0.7069376543334249,0.7069376543334249,,,,1.0
19,water_hl_gap_eV,191,1.0,0.0,0.7069376543334249,0.7069376543334249,,,,1.0
19,water_hl_gap_eV,192,1.0,0.0,0.7069376543334249,0.7069376543334249,,,,1.0
19,water_hl_gap_eV,193,1.0,0.0,0.7069376543334249,0.7069376543334249,,,,1.0
19,water_hl_gap_eV,194,1.0,0.0,0.7069376543334249,0.7069376543334249,,,,1.0
19,water_hl_gap_eV,195,1.0,0.0,0.7069376543334249,0.7069376543334249,,,,1.0
19,water_hl_gap_eV,196,1.0,0.0,0.7069376543334249,0.7069376543334249,,,,1.0
19,water_hl_gap_eV,197,1.0,0.0,0.7069376543334249,0.7069376543334249,,,,1.0
19,water_hl_gap_eV,198,1.0,0.0,0.7069376543334249,0.7069376543334249,,,,1.0
19,water_hl_gap_eV,199,1.0,0.0,0.7069376543334249,0.7069376543334249,,,,1.0
19,water_hl_gap_eV,200,1.0,0.0,0.7069376543334249,0.7069376543334249,,,,1.0
19,water_hl_gap_eV,201,1.0,0.0,0.7069376543334249,0.7069376543334249,,,,1.0
19,water_hl_gap_eV,202,1.0,0.0,0.7069376543334249,0.7069376543334249,,,,1.0
19,water_hl_gap_eV,203,1.0,0.0,0.7069376543334249,0.7069376543334249,,,,1.0
19,water_hl_gap_eV,204,1.0,0.0,0.7069376543334249,0.7069376543334249,,,,1.0
19,water_hl_gap_eV,205,1.0,0.0,0.7069376543334249,0.7069376543334249,,,,1.0
19,water_hl_gap_eV,206,1.0,0.0,0.7069376543334249,0.7069376543334249,,,,1.0
19,water_hl_gap_eV,207,1.0,0.0,0.7069376543334249,0.7069376543334249,,,,1.0
19,water_hl_gap_eV,208,1.0,0.0,0.7069376543334249,0.7069376543334249,,,,1.0
19,water_hl_gap_eV,209,1.0,0.0,0.7069376543334249,0.7069376543334249,,,,1.0
19,water_hl_gap_eV,210,1.0,0.0,0.7069376543334249,0.7069376543334249,,,,1.0
19,water_hl_gap_eV,211,1.0,0.0,0.7069376543334249,0.7069376543334249,,,,1.0
19,water_hl_gap_eV,212,1.0,0.0,0.7069376543334249,0.7069376543334249,,,,1.0
19,water_hl_gap_eV,213,1.0,0.0,0.7069376543334249,0.7069376543334249,,,,1.0
19,water_hl_gap_eV,214,1.0,0.0,0.7069376543334249,0.7069376543334249,,,,1.0
19,water_hl_gap_eV,215,1.0,0.0,0.7069376543334249,0.7069376543334249,,,,1.0
19,water_hl_gap_eV,216,1.0,0.0,0.7069376543334249,0.7069376543334249,,,,1.0
19,water_hl_gap_eV,217,1.0,0.0,0.7069376543334249,0.7069376543334249,,,,1.0
19,water_hl_gap_eV,218,1.0,0.0,0.7069376543334249,0.7069376543334249,,,,1.0
19,water_hl_gap_eV,219,1.0,0.0,0.7069376543334249,0.7069376543334249,,,,1.0
19,water_hl_gap_eV,220,1.0,0.0,0.7069376543334249,0.7069376543334249,,,,1.0
19,water_hl_gap_eV,221,1.0,0.0,0.7069376543334249,0.7069376543334249,,,,1.0
19,water_hl_gap_eV,222,1.0,0.0,0.7069376543334249,0.7069376543334249,,,,1.0
19,water_hl_gap_eV,223,1.0,0.0,0.7069376543334249,0.7069376543334249,,,,1.0
19,water_hl_gap_eV,224,1.0,0.0,0.7069376543334249,0.7069376543334249,,,,1.0
19,water_hl_gap_eV,225,1.0,0.0,0.7069376543334249,0.7069376543334249,,,,1.0
19,water_hl_gap_eV,226,1.0,0.0,0.7069376543334249,0.7069376543334249,,,,1.0
19,water_hl_gap_eV,227,1.0,0.0,0.7069376543334249,0.7069376543334249,,,,1.0
19,water_hl_gap_eV,228,1.0,0.0,0.7069376543334249,0.7069376543334249,,,,1.0
19,water_hl_gap_eV,229,1.0,0.0,0.7069376543334249,0.7069376543334249,,,,1.0
19,water_hl_gap_eV,230,1.0,0.0,0.7069376543334249,0.7069376543334249,,,,1.0
19,water_hl_gap_eV,231,1.0,0.0,0.7069376543334249,0.7069376543334249,,,,1.0
19,water_hl_gap_eV,232,1.0,0.0,0.7069376543334249,0.7069376543334249,,,,1.0
19,water_hl_gap_eV,233,1.0,0.0,0.7069376543334249,0.7069376543334249,,,,1.0
19,water_hl_gap_eV,234,1.0,0.0,0.7069376543334249,0.7069376543334249,,,,1.0
19,water_hl_gap_eV,235,1.0,0.0,0.7069376543334249,0.7069376543334249,,,,1.0
19,water_hl_gap_eV,236,1.0,0.0,0.7069376543334249,0.7069376543334249,,,,1.0
19,water_hl_gap_eV,237,1.0,0.0,0.7069376543334249,0.7069376543334249,,,,1.0
19,water_hl_gap_eV,238,1.0,0.0,0.7069376543334249,0.7069376543334249,,,,1.0
19,water_hl_gap_eV,239,1.0,0.0,0.7069376543334249,0.7069376543334249,,,,1.0
19,water_hl_gap_eV,240,1.0,0.0,0.7069376543334249,0.7069376543334249,,,,1.0
19,water_hl_gap_eV,241,1.0,0.0,0.7069376543334249,0.7069376543334249,,,,1.0
19,water_hl_gap_eV,242,1.0,0.0,0.7069376543334249,0.7069376543334249,,,,1.0
19,water_hl_gap_eV,243,1.0,0.0,0.7069376543334249,0.7069376543334249,,,,1.0
19,water_hl_gap_eV,244,1.0,0.0,0.7069376543334249,0.7069376543334249,,,,1.0
19,water_hl_gap_eV,245,1.0,0.0,0.7069376543334249,0.7069376543334249,,,,1.0
19,water_hl_gap_eV,246,1.0,0.0,0.7069376543334249,0.7069376543334249,,,,1.0
19,water_hl_gap_eV,247,1.0,0.0,0.7069376543334249,0.7069376543334249,,,,1.0
19,water_hl_gap_eV,248,1.0,0.0,0.7069376543334249,0.7069376543334249,,,,1.0
19,water_hl_gap_eV,249,1.0,0.0,0.7069376543334249,0.7069376543334249,,,,1.0
19,water_dipole,0,1.0,0.0,0.6097433085556445,0.6097433085556445,,,,1.0
19,water_dipole,1,1.0,0.0,0.6097433085556445,0.6097433085556445,,,,1.0
19,water_dipole,2,1.0,0.0,0.6097433085556445,0.6097433085556445,,,,1.0
19,water_dipole,3,1.0,0.0,0.6097433085556445,0.6097433085556445,,,,1.0
19,water_dipole,4,1.0,0.0,0.6097433085556445,0.6097433085556445,,,,1.0
19,water_dipole,5,1.0,0.0,0.6097433085556445,0.6097433085556445,,,,1.0
19,water_dipole,6,1.0,0.0,0.6097433085556445,0.6097433085556445,,,,1.0
19,water_dipole,7,1.0,0.0,0.6097433085556445,0.6097433085556445,,,,1.0
19,water_dipole,8,1.0,0.0,0.6097433085556445,0.6097433085556445,,,,1.0
19,water_dipole,9,1.0,0.0,0.6097433085556445,0.6097433085556445,,,,1.0
19,water_dipole,10,1.0,0.0,0.6097433085556445,0.6097433085556445,,,,1.0
19,water_dipole,11,1.0,0.0,0.6097433085556445,0.6097433085556445,,,,1.0
19,water_dipole,12,1.0,0.0,0.6097433085556445,0.6097433085556445,,,,1.0
19,water_dipole,13,1.0,0.0,0.6097433085556445,0.6097433085556445,,,,1.0
19,water_dipole,14,1.0,0.0,0.6097433085556445,0.6097433085556445,,,,1.0
19,water_dipole,15,1.0,0.0,0.6097433085556445,0.6097433085556445,,,,1.0
19,water_dipole,16,1.0,0.0,0.6097433085556445,0.6097433085556445,,,,1.0
19,water_dipole,17,1.0,0.0,0.6097433085556445,0.6097433085556445,,,,1.0
19,water_dipole,18,1.0,0.0,0.6097433085556445,0.6097433085556445,,,,1.0
19,water_dipole,19,1.0,0.0,0.6097433085556445,0.6097433085556445,,,,1.0
19,water_dipole,20,1.0,0.0,0.6097433085556445,0.6097433085556445,,,,1.0
19,water_dipole,21,1.0,0.0,0.6097433085556445,0.6097433085556445,,,,1.0
19,water_dipole,22,1.0,0.0,0.6097433085556445,0.6097433085556445,,,,1.0
19,water_dipole,23,1.0,0.0,0.6097433085556445,0.6097433085556445,,,,1.0
19,water_dipole,24,1.0,0.0,0.6097433085556445,0.6097433085556445,,,,1.0
19,water_dipole,25,1.0,0.0,0.6097433085556445,0.6097433085556445,,,,1.0
19,water_dipole,26,1.0,0.0,0.6097433085556445,0.6097433085556445,,,,1.0
19,water_dipole,27,1.0,0.0,0.6097433085556445,0.6097433085556445,,,,1.0
19,water_dipole,28,1.0,0.0,0.6097433085556445,0.6097433085556445,,,,1.0
19,water_dipole,29,1.0,0.0,0.6097433085556445,0.6097433085556445,,,,1.0
19,water_dipole,30,1.0,0.0,0.6097433085556445,0.6097433085556445,,,,1.0
19,water_dipole,31,1.0,0.0,0.6097433085556445,0.6097433085556445,,,,1.0
19,water_dipole,32,1.0,0.0,0.6097433085556445,0.6097433085556445,,,,1.0
19,water_dipole,33,1.0,0.0,0.6097433085556445,0.6097433085556445,,,,1.0
19,water_dipole,34,1.0,0.0,0.6097433085556445,0.6097433085556445,,,,1.0
19,water_dipole,35,1.0,0.0,0.6097433085556445,0.6097433085556445,,,,1.0
19,water_dipole,36,1.0,0.0,0.6097433085556445,0.6097433085556445,,,,1.0
19,water_dipole,37,1.0,0.0,0.6097433085556445,0.6097433085556445,,,,1.0
19,water_dipole,38,1.0,0.0,0.6097433085556445,0.6097433085556445,,,,1.0
19,water_dipole,39,1.0,0.0,0.6097433085556445,0.6097433085556445,,,,1.0
19,water_dipole,40,1.0,0.0,0.6097433085556445,0.6097433085556445,,,,1.0
19,water_dipole,41,1.0,0.0,0.6097433085556445,0.6097433085556445,,,,1.0
19,water_dipole,42,1.0,0.0,0.6097433085556445,0.6097433085556445,,,,1.0
19,water_dipole,43,1.0,0.0,0.6097433085556445,0.6097433085556445,,,,1.0
19,water_dipole,44,1.0,0.0,0.6097433085556445,0.6097433085556445,,,,1.0
19,water_dipole,45,1.0,0.0,0.6097433085556445,0.6097433085556445,,,,1.0
19,water_dipole,46,1.0,0.0,0.6097433085556445,0.6097433085556445,,,,1.0
19,water_dipole,47,1.0,0.0,0.6097433085556445,0.6097433085556445,,,,1.0
19,water_dipole,48,1.0,0.0,0.6097433085556445,0.6097433085556445,,,,1.0
19,water_dipole,49,1.0,0.0,0.6097433085556445,0.6097433085556445,,,,1.0
19,water_dipole,50,1.0,0.0,0.6097433085556445,0.6097433085556445,,,,1.0
19,water_dipole,51,1.0,0.0,0.6097433085556445,0.6097433085556445,,,,1.0
19,water_dipole,52,1.0,0.0,0.6097433085556445,0.6097433085556445,,,,1.0
19,water_dipole,53,1.0,0.0,0.6097433085556445,0.6097433085556445,,,,1.0
19,water_dipole,54,1.0,0.0,0.6097433085556445,0.6097433085556445,,,,1.0
19,water_dipole,55,1.0,0.0,0.6097433085556445,0.6097433085556445,,,,1.0
19,water_dipole,56,1.0,0.0,0.6097433085556445,0.6097433085556445,,,,1.0
19,water_dipole,57,1.0,0.0,0.6097433085556445,0.6097433085556445,,,,1.0
19,water_dipole,58,1.0,0.0,0.6097433085556445,0.6097433085556445,,,,1.0
19,water_dipole,59,1.0,0.0,0.6097433085556445,0.6097433085556445,,,,1.0
19,water_dipole,60,1.0,0.0,0.6097433085556445,0.6097433085556445,,,,1.0
19,water_dipole,61,1.0,0.0,0.6097433085556445,0.6097433085556445,,,,1.0
19,water_dipole,62,1.0,0.0,0.6097433085556445,0.6097433085556445,,,,1.0
19,water_dipole,63,1.0,0.0,0.6097433085556445,0.6097433085556445,,,,1.0
19,water_dipole,64,1.0,0.0,0.6097433085556445,0.6097433085556445,,,,1.0
19,water_dipole,65,1.0,0.0,0.6097433085556445,0.6097433085556445,,,,1.0
19,water_dipole,66,1.0,0.0,0.6097433085556445,0.6097433085556445,,,,1.0
19,water_dipole,67,1.0,0.0,0.6097433085556445,0.6097433085556445,,,,1.0
19,water_dipole,68,1.0,0.0,0.6097433085556445,0.6097433085556445,,,,1.0
19,water_dipole,69,1.0,0.0,0.6097433085556445,0.6097433085556445,,,,1.0
19,water_dipole,70,1.0,0.0,0.6097433085556445,0.6097433085556445,,,,1.0
19,water_dipole,71,1.0,0.0,0.6097433085556445,0.6097433085556445,,,,1.0
19,water_dipole,72,1.0,0.0,0.6097433085556445,0.6097433085556445,,,,1.0
19,water_dipole,73,1.0,0.0,0.6097433085556445,0.6097433085556445,,,,1.0
19,water_dipole,74,1.0,0.0,0.6097433085556445,0.6097433085556445,,,,1.0
19,water_dipole,75,1.0,0.0,0.6097433085556445,0.6097433085556445,,,,1.0
19,water_dipole,76,1.0,0.0,0.6097433085556445,0.6097433085556445,,,,1.0
19,water_dipole,77,1.0,0.0,0.6097433085556445,0.6097433085556445,,,,1.0
19,water_dipole,78,1.0,0.0,0.6097433085556445,0.6097433085556445,,,,1.0
19,water_dipole,79,1.0,0.0,0.6097433085556445,0.6097433085556445,,,,1.0
19,water_dipole,80,1.0,0.0,0.6097433085556445,0.6097433085556445,,,,1.0
19,water_dipole,81,1.0,0.0,0.6097433085556445,0.6097433085556445,,,,1.0
19,water_dipole,82,1.0,0.0,0.6097433085556445,0.6097433085556445,,,,1.0
19,water_dipole,83,1.0,0.0,0.6097433085556445,0.6097433085556445,,,,1.0
19,water_dipole,84,1.0,0.0,0.6097433085556445,0.6097433085556445,,,,1.0
19,water_dipole,85,1.0,0.0,0.6097433085556445,0.6097433085556445,,,,1.0
19,water_dipole,86,1.0,0.0,0.6097433085556445,0.6097433085556445,,,,1.0
19,water_dipole,87,1.0,0.0,0.6097433085556445,0.6097433085556445,,,,1.0
19,water_dipole,88,1.0,0.0,0.6097433085556445,0.6097433085556445,,,,1.0
19,water_dipole,89,1.0,0.0,0.6097433085556445,0.6097433085556445,,,,1.0
19,water_dipole,90,1.0,0.0,0.6097433085556445,0.6097433085556445,,,,1.0
19,water_dipole,91,1.0,0.0,0.6097433085556445,0.6097433085556445,,,,1.0
19,water_dipole,92,1.0,0.0,0.6097433085556445,0.6097433085556445,,,,1.0
19,water_dipole,93,1.0,0.0,0.6097433085556445,0.6097433085556445,,,,1.0
19,water_dipole,94,1.0,0.0,0.6097433085556445,0.6097433085556445,,,,1.0
19,water_dipole,95,1.0,0.0,0.6097433085556445,0.6097433085556445,,,,1.0
19,water_dipole,96,1.0,0.0,0.6097433085556445,0.6097433085556445,,,,1.0
19,water_dipole,97,1.0,0.0,0.6097433085556445,0.6097433085556445,,,,1.0
19,water_dipole,98,1.0,0.0,0.6097433085556445,0.6097433085556445,,,,1.0
19,water_dipole,99,1.0,0.0,0.6097433085556445,0.6097433085556445,,,,1.0
19,water_dipole,100,1.0,0.0,0.6097433085556445,0.6097433085556445,,,,1.0
19,water_dipole,101,1.0,0.0,0.6097433085556445,0.6097433085556445,,,,1.0
19,water_dipole,102,1.0,0.0,0.6097433085556445,0.6097433085556445,,,,1.0
19,water_dipole,103,1.0,0.0,0.6097433085556445,0.6097433085556445,,,,1.0
19,water_dipole,104,1.0,0.0,0.6097433085556445,0.6097433085556445,,,,1.0
19,water_dipole,105,1.0,0.0,0.6097433085556445,0.6097433085556445,,,,1.0
19,water_dipole,106,1.0,0.0,0.6097433085556445,0.6097433085556445,,,,1.0
19,water_dipole,107,1.0,0.0,0.6097433085556445,0.6097433085556445,,,,1.0
19,water_dipole,108,1.0,0.0,0.6097433085556445,0.6097433085556445,,,,1.0
19,water_dipole,109,1.0,0.0,0.6097433085556445,0.6097433085556445,,,,1.0
19,water_dipole,110,1.0,0.0,0.6097433085556445,0.6097433085556445,,,,1.0
19,water_dipole,111,1.0,0.0,0.6097433085556445,0.6097433085556445,,,,1.0
19,water_dipole,112,1.0,0.0,0.6097433085556445,0.6097433085556445,,,,1.0
19,water_dipole,113,1.0,0.0,0.6097433085556445,0.6097433085556445,,,,1.0
19,water_dipole,114,1.0,0.0,0.6097433085556445,0.6097433085556445,,,,1.0
19,water_dipole,115,1.0,0.0,0.6097433085556445,0.6097433085556445,,,,1.0
19,water_dipole,116,1.0,0.0,0.6097433085556445,0.6097433085556445,,,,1.0
19,water_dipole,117,1.0,0.0,0.6097433085556445,0.6097433085556445,,,,1.0
19,water_dipole,118,1.0,0.0,0.6097433085556445,0.6097433085556445,,,,1.0
19,water_dipole,119,1.0,0.0,0.6097433085556445,0.6097433085556445,,,,1.0
19,water_dipole,120,1.0,0.0,0.6097433085556445,0.6097433085556445,,,,1.0
19,water_dipole,121,1.0,0.0,0.6097433085556445,0.6097433085556445,,,,1.0
19,water_dipole,122,1.0,0.0,0.6097433085556445,0.6097433085556445,,,,1.0
19,water_dipole,123,1.0,0.0,0.6097433085556445,0.6097433085556445,,,,1.0
19,water_dipole,124,1.0,0.0,0.6097433085556445,0.6097433085556445,,,,1.0
19,water_dipole,125,1.0,0.0,0.6097433085556445,0.6097433085556445,,,,1.0
19,water_dipole,126,1.0,0.0,0.6097433085556445,0.6097433085556445,,,,1.0
19,water_dipole,127,1.0,0.0,0.6097433085556445,0.6097433085556445,,,,1.0
19,water_dipole,128,1.0,0.0,0.6097433085556445,0.6097433085556445,,,,1.0
19,water_dipole,129,1.0,0.0,0.6097433085556445,0.6097433085556445,,,,1.0
19,water_dipole,130,1.0,0.0,0.6097433085556445,0.6097433085556445,,,,1.0
19,water_dipole,131,1.0,0.0,0.6097433085556445,0.6097433085556445,,,,1.0
19,water_dipole,132,1.0,0.0,0.6097433085556445,0.6097433085556445,,,,1.0
19,water_dipole,133,1.0,0.0,0.6097433085556445,0.6097433085556445,,,,1.0
19,water_dipole,134,1.0,0.0,0.6097433085556445,0.6097433085556445,,,,1.0
19,water_dipole,135,1.0,0.0,0.6097433085556445,0.6097433085556445,,,,1.0
19,water_dipole,136,1.0,0.0,0.6097433085556445,0.6097433085556445,,,,1.0
19,water_dipole,137,1.0,0.0,0.6097433085556445,0.6097433085556445,,,,1.0
19,water_dipole,138,1.0,0.0,0.6097433085556445,0.6097433085556445,,,,1.0
19,water_dipole,139,1.0,0.0,0.6097433085556445,0.6097433085556445,,,,1.0
19,water_dipole,140,1.0,0.0,0.6097433085556445,0.6097433085556445,,,,1.0
19,water_dipole,141,1.0,0.0,0.6097433085556445,0.6097433085556445,,,,1.0
19,water_dipole,142,1.0,0.0,0.6097433085556445,0.6097433085556445,,,,1.0
19,water_dipole,143,1.0,0.0,0.6097433085556445,0.6097433085556445,,,,1.0
19,water_dipole,144,1.0,0.0,0.6097433085556445,0.6097433085556445,,,,1.0
19,water_dipole,145,1.0,0.0,0.6097433085556445,0.6097433085556445,,,,1.0
19,water_dipole,146,1.0,0.0,0.6097433085556445,0.6097433085556445,,,,1.0
19,water_dipole,147,1.0,0.0,0.6097433085556445,0.6097433085556445,,,,1.0
19,water_dipole,148,1.0,0.0,0.6097433085556445,0.6097433085556445,,,,1.0
19,water_dipole,149,1.0,0.0,0.6097433085556445,0.6097433085556445,,,,1.0
19,water_dipole,150,1.0,0.0,0.6097433085556445,0.6097433085556445,,,,1.0
19,water_dipole,151,1.0,0.0,0.6097433085556445,0.6097433085556445,,,,1.0
19,water_dipole,152,1.0,0.0,0.6097433085556445,0.6097433085556445,,,,1.0
19,water_dipole,153,1.0,0.0,0.6097433085556445,0.6097433085556445,,,,1.0
19,water_dipole,154,1.0,0.0,0.6097433085556445,0.6097433085556445,,,,1.0
19,water_dipole,155,1.0,0.0,0.6097433085556445,0.6097433085556445,,,,1.0
19,water_dipole,156,1.0,0.0,0.6097433085556445,0.6097433085556445,,,,1.0
19,water_dipole,157,1.0,0.0,0.6097433085556445,0.6097433085556445,,,,1.0
19,water_dipole,158,1.0,0.0,0.6097433085556445,0.6097433085556445,,,,1.0
19,water_dipole,159,1.0,0.0,0.6097433085556445,0.6097433085556445,,,,1.0
19,water_dipole,160,1.0,0.0,0.6097433085556445,0.6097433085556445,,,,1.0
19,water_dipole,161,1.0,0.0,0.6097433085556445,0.6097433085556445,,,,1.0
19,water_dipole,162,1.0,0.0,0.6097433085556445,0.6097433085556445,,,,1.0
19,water_dipole,163,1.0,0.0,0.6097433085556445,0.6097433085556445,,,,1.0
19,water_dipole,164,1.0,0.0,0.6097433085556445,0.6097433085556445,,,,1.0
19,water_dipole,165,1.0,0.0,0.6097433085556445,0.6097433085556445,,,,1.0
19,water_dipole,166,1.0,0.0,0.6097433085556445,0.6097433085556445,,,,1.0
19,water_dipole,167,1.0,0.0,0.6097433085556445,0.6097433085556445,,,,1.0
19,water_dipole,168,1.0,0.0,0.6097433085556445,0.6097433085556445,,,,1.0
19,water_dipole,169,1.0,0.0,0.6097433085556445,0.6097433085556445,,,,1.0
19,water_dipole,170,1.0,0.0,0.6097433085556445,0.6097433085556445,,,,1.0
19,water_dipole,171,1.0,0.0,0.6097433085556445,0.6097433085556445,,,,1.0
19,water_dipole,172,1.0,0.0,0.6097433085556445,0.6097433085556445,,,,1.0
19,water_dipole,173,1.0,0.0,0.6097433085556445,0.6097433085556445,,,,1.0
19,water_dipole,174,1.0,0.0,0.6097433085556445,0.6097433085556445,,,,1.0
19,water_dipole,175,1.0,0.0,0.6097433085556445,0.6097433085556445,,,,1.0
19,water_dipole,176,1.0,0.0,0.6097433085556445,0.6097433085556445,,,,1.0
19,water_dipole,177,1.0,0.0,0.6097433085556445,0.6097433085556445,,,,1.0
19,water_dipole,178,1.0,0.0,0.6097433085556445,0.6097433085556445,,,,1.0
19,water_dipole,179,1.0,0.0,0.6097433085556445,0.6097433085556445,,,,1.0
19,water_dipole,180,1.0,0.0,0.6097433085556445,0.6097433085556445,,,,1.0
19,water_dipole,181,1.0,0.0,0.6097433085556445,0.6097433085556445,,,,1.0
19,water_dipole,182,1.0,0.0,0.6097433085556445,0.6097433085556445,,,,1.0
19,water_dipole,183,1.0,0.0,0.6097433085556445,0.6097433085556445,,,,1.0
19,water_dipole,184,1.0,0.0,0.6097433085556445,0.6097433085556445,,,,1.0
19,water_dipole,185,1.0,0.0,0.6097433085556445,0.6097433085556445,,,,1.0
19,water_dipole,186,1.0,0.0,0.6097433085556445,0.6097433085556445,,,,1.0
19,water_dipole,187,1.0,0.0,0.6097433085556445,0.6097433085556445,,,,1.0
19,water_dipole,188,1.0,0.0,0.6097433085556445,0.6097433085556445,,,,1.0
19,water_dipole,189,1.0,0.0,0.6097433085556445,0.6097433085556445,,,,1.0
19,water_dipole,190,1.0,0.0,0.6097433085556445,0.6097433085556445,,,,1.0
19,water_dipole,191,1.0,0.0,0.6097433085556445,0.6097433085556445,,,,1.0
19,water_dipole,192,1.0,0.0,0.6097433085556445,0.6097433085556445,,,,1.0
19,water_dipole,193,1.0,0.0,0.6097433085556445,0.6097433085556445,,,,1.0
19,water_dipole,194,1.0,0.0,0.6097433085556445,0.6097433085556445,,,,1.0
19,water_dipole,195,1.0,0.0,0.6097433085556445,0.6097433085556445,,,,1.0
19,water_dipole,196,1.0,0.0,0.6097433085556445,0.6097433085556445,,,,1.0
19,water_dipole,197,1.0,0.0,0.6097433085556445,0.6097433085556445,,,,1.0
19,water_dipole,198,1.0,0.0,0.6097433085556445,0.6097433085556445,,,,1.0
19,water_dipole,199,1.0,0.0,0.6097433085556445,0.6097433085556445,,,,1.0
19,water_dipole,200,1.0,0.0,0.6097433085556445,0.6097433085556445,,,,1.0
19,water_dipole,201,1.0,0.0,0.6097433085556445,0.6097433085556445,,,,1.0
19,water_dipole,202,1.0,0.0,0.6097433085556445,0.6097433085556445,,,,1.0
19,water_dipole,203,1.0,0.0,0.6097433085556445,0.6097433085556445,,,,1.0
19,water_dipole,204,1.0,0.0,0.6097433085556445,0.6097433085556445,,,,1.0
19,water_dipole,205,1.0,0.0,0.6097433085556445,0.6097433085556445,,,,1.0
19,water_dipole,206,1.0,0.0,0.6097433085556445,0.6097433085556445,,,,1.0
19,water_dipole,207,1.0,0.0,0.6097433085556445,0.6097433085556445,,,,1.0
19,water_dipole,208,1.0,0.0,0.6097433085556445,0.6097433085556445,,,,1.0
19,water_dipole,209,1.0,0.0,0.6097433085556445,0.6097433085556445,,,,1.0
19,water_dipole,210,1.0,0.0,0.6097433085556445,0.6097433085556445,,,,1.0
19,water_dipole,211,1.0,0.0,0.6097433085556445,0.6097433085556445,,,,1.0
19,water_dipole,212,1.0,0.0,0.6097433085556445,0.6097433085556445,,,,1.0
19,water_dipole,213,1.0,0.0,0.6097433085556445,0.6097433085556445,,,,1.0
19,water_dipole,214,1.0,0.0,0.6097433085556445,0.6097433085556445,,,,1.0
19,water_dipole,215,1.0,0.0,0.6097433085556445,0.6097433085556445,,,,1.0
19,water_dipole,216,1.0,0.0,0.6097433085556445,0.6097433085556445,,,,1.0
19,water_dipole,217,1.0,0.0,0.6097433085556445,0.6097433085556445,,,,1.0
19,water_dipole,218,1.0,0.0,0.6097433085556445,0.6097433085556445,,,,1.0
19,water_dipole,219,1.0,0.0,0.6097433085556445,0.6097433085556445,,,,1.0
19,water_dipole,220,1.0,0.0,0.6097433085556445,0.6097433085556445,,,,1.0
19,water_dipole,221,1.0,0.0,0.6097433085556445,0.6097433085556445,,,,1.0
19,water_dipole,222,1.0,0.0,0.6097433085556445,0.6097433085556445,,,,1.0
19,water_dipole,223,1.0,0.0,0.6097433085556445,0.6097433085556445,,,,1.0
19,water_dipole,224,1.0,0.0,0.6097433085556445,0.6097433085556445,,,,1.0
19,water_dipole,225,1.0,0.0,0.6097433085556445,0.6097433085556445,,,,1.0
19,water_dipole,226,1.0,0.0,0.6097433085556445,0.6097433085556445,,,,1.0
19,water_dipole,227,1.0,0.0,0.6097433085556445,0.6097433085556445,,,,1.0
19,water_dipole,228,1.0,0.0,0.6097433085556445,0.6097433085556445,,,,1.0
19,water_dipole,229,1.0,0.0,0.6097433085556445,0.6097433085556445,,,,1.0
19,water_dipole,230,1.0,0.0,0.6097433085556445,0.6097433085556445,,,,1.0
19,water_dipole,231,1.0,0.0,0.6097433085556445,0.6097433085556445,,,,1.0
19,water_dipole,232,1.0,0.0,0.6097433085556445,0.6097433085556445,,,,1.0
19,water_dipole,233,1.0,0.0,0.6097433085556445,0.6097433085556445,,,,1.0
19,water_dipole,234,1.0,0.0,0.6097433085556445,0.6097433085556445,,,,1.0
19,water_dipole,235,1.0,0.0,0.6097433085556445,0.6097433085556445,,,,1.0
19,water_dipole,236,1.0,0.0,0.6097433085556445,0.6097433085556445,,,,1.0
19,water_dipole,237,1.0,0.0,0.6097433085556445,0.6097433085556445,,,,1.0
19,water_dipole,238,1.0,0.0,0.6097433085556445,0.6097433085556445,,,,1.0
19,water_dipole,239,1.0,0.0,0.6097433085556445,0.6097433085556445,,,,1.0
19,water_dipole,240,1.0,0.0,0.6097433085556445,0.6097433085556445,,,,1.0
19,water_dipole,241,1.0,0.0,0.6097433085556445,0.6097433085556445,,,,1.0
19,water_dipole,242,1.0,0.0,0.6097433085556445,0.6097433085556445,,,,1.0
19,water_dipole,243,1.0,0.0,0.6097433085556445,0.6097433085556445,,,,1.0
19,water_dipole,244,1.0,0.0,0.6097433085556445,0.6097433085556445,,,,1.0
19,water_dipole,245,1.0,0.0,0.6097433085556445,0.6097433085556445,,,,1.0
19,water_dipole,246,1.0,0.0,0.6097433085556445,0.6097433085556445,,,,1.0
19,water_dipole,247,1.0,0.0,0.6097433085556445,0.6097433085556445,,,,1.0
19,water_dipole,248,1.0,0.0,0.6097433085556445,0.6097433085556445,,,,1.0
19,water_dipole,249,1.0,0.0,0.6097433085556445,0.6097433085556445,,,,1.0
19,acetone_gsolv_eV,0,1.0000001192092896,0.0,0.6375967578798822,0.6375967578798822,,,,1.0
19,acetone_gsolv_eV,1,1.0000001192092896,0.0,0.6375967578798822,0.6375967578798822,,,,1.0
19,acetone_gsolv_eV,2,1.0000001192092896,0.0,0.6375967578798822,0.6375967578798822,,,,1.0
19,acetone_gsolv_eV,3,1.0000001192092896,0.0,0.6375967578798822,0.6375967578798822,,,,1.0
19,acetone_gsolv_eV,4,1.0000001192092896,0.0,0.6375967578798822,0.6375967578798822,,,,1.0
19,acetone_gsolv_eV,5,1.0000001192092896,0.0,0.6375967578798822,0.6375967578798822,,,,1.0
19,acetone_gsolv_eV,6,1.0000001192092896,0.0,0.6375967578798822,0.6375967578798822,,,,1.0
19,acetone_gsolv_eV,7,1.0000001192092896,0.0,0.6375967578798822,0.6375967578798822,,,,1.0
19,acetone_gsolv_eV,8,1.0000001192092896,0.0,0.6375967578798822,0.6375967578798822,,,,1.0
19,acetone_gsolv_eV,9,1.0000001192092896,0.0,0.6375967578798822,0.6375967578798822,,,,1.0
19,acetone_gsolv_eV,10,1.0000001192092896,0.0,0.6375967578798822,0.6375967578798822,,,,1.0
19,acetone_gsolv_eV,11,1.0000001192092896,0.0,0.6375967578798822,0.6375967578798822,,,,1.0
19,acetone_gsolv_eV,12,1.0000001192092896,0.0,0.6375967578798822,0.6375967578798822,,,,1.0
19,acetone_gsolv_eV,13,1.0000001192092896,0.0,0.6375967578798822,0.6375967578798822,,,,1.0
19,acetone_gsolv_eV,14,1.0000001192092896,0.0,0.6375967578798822,0.6375967578798822,,,,1.0
19,acetone_gsolv_eV,15,1.0000001192092896,0.0,0.6375967578798822,0.6375967578798822,,,,1.0
19,acetone_gsolv_eV,16,1.0000001192092896,0.0,0.6375967578798822,0.6375967578798822,,,,1.0
19,acetone_gsolv_eV,17,1.0000001192092896,0.0,0.6375967578798822,0.6375967578798822,,,,1.0
19,acetone_gsolv_eV,18,1.0000001192092896,0.0,0.6375967578798822,0.6375967578798822,,,,1.0
19,acetone_gsolv_eV,19,1.0000001192092896,0.0,0.6375967578798822,0.6375967578798822,,,,1.0
19,acetone_gsolv_eV,20,1.0000001192092896,0.0,0.6375967578798822,0.6375967578798822,,,,1.0
19,acetone_gsolv_eV,21,1.0000001192092896,0.0,0.6375967578798822,0.6375967578798822,,,,1.0
19,acetone_gsolv_eV,22,1.0000001192092896,0.0,0.6375967578798822,0.6375967578798822,,,,1.0
19,acetone_gsolv_eV,23,1.0000001192092896,0.0,0.6375967578798822,0.6375967578798822,,,,1.0
19,acetone_gsolv_eV,24,1.0000001192092896,0.0,0.6375967578798822,0.6375967578798822,,,,1.0
19,acetone_gsolv_eV,25,1.0000001192092896,0.0,0.6375967578798822,0.6375967578798822,,,,1.0
19,acetone_gsolv_eV,26,1.0000001192092896,0.0,0.6375967578798822,0.6375967578798822,,,,1.0
19,acetone_gsolv_eV,27,1.0000001192092896,0.0,0.6375967578798822,0.6375967578798822,,,,1.0
19,acetone_gsolv_eV,28,1.0000001192092896,0.0,0.6375967578798822,0.6375967578798822,,,,1.0
19,acetone_gsolv_eV,29,1.0000001192092896,0.0,0.6375967578798822,0.6375967578798822,,,,1.0
19,acetone_gsolv_eV,30,1.0000001192092896,0.0,0.6375967578798822,0.6375967578798822,,,,1.0
19,acetone_gsolv_eV,31,1.0000001192092896,0.0,0.6375967578798822,0.6375967578798822,,,,1.0
19,acetone_gsolv_eV,32,1.0000001192092896,0.0,0.6375967578798822,0.6375967578798822,,,,1.0
19,acetone_gsolv_eV,33,1.0000001192092896,0.0,0.6375967578798822,0.6375967578798822,,,,1.0
19,acetone_gsolv_eV,34,1.0000001192092896,0.0,0.6375967578798822,0.6375967578798822,,,,1.0
19,acetone_gsolv_eV,35,1.0000001192092896,0.0,0.6375967578798822,0.6375967578798822,,,,1.0
19,acetone_gsolv_eV,36,1.0000001192092896,0.0,0.6375967578798822,0.6375967578798822,,,,1.0
19,acetone_gsolv_eV,37,1.0000001192092896,0.0,0.6375967578798822,0.6375967578798822,,,,1.0
19,acetone_gsolv_eV,38,1.0000001192092896,0.0,0.6375967578798822,0.6375967578798822,,,,1.0
19,acetone_gsolv_eV,39,1.0000001192092896,0.0,0.6375967578798822,0.6375967578798822,,,,1.0
19,acetone_gsolv_eV,40,1.0000001192092896,0.0,0.6375967578798822,0.6375967578798822,,,,1.0
19,acetone_gsolv_eV,41,1.0000001192092896,0.0,0.6375967578798822,0.6375967578798822,,,,1.0
19,acetone_gsolv_eV,42,1.0000001192092896,0.0,0.6375967578798822,0.6375967578798822,,,,1.0
19,acetone_gsolv_eV,43,1.0000001192092896,0.0,0.6375967578798822,0.6375967578798822,,,,1.0
19,acetone_gsolv_eV,44,1.0000001192092896,0.0,0.6375967578798822,0.6375967578798822,,,,1.0
19,acetone_gsolv_eV,45,1.0000001192092896,0.0,0.6375967578798822,0.6375967578798822,,,,1.0
19,acetone_gsolv_eV,46,1.0000001192092896,0.0,0.6375967578798822,0.6375967578798822,,,,1.0
19,acetone_gsolv_eV,47,1.0000001192092896,0.0,0.6375967578798822,0.6375967578798822,,,,1.0
19,acetone_gsolv_eV,48,1.0000001192092896,0.0,0.6375967578798822,0.6375967578798822,,,,1.0
19,acetone_gsolv_eV,49,1.0000001192092896,0.0,0.6375967578798822,0.6375967578798822,,,,1.0
19,acetone_gsolv_eV,50,1.0000001192092896,0.0,0.6375967578798822,0.6375967578798822,,,,1.0
19,acetone_gsolv_eV,51,1.0000001192092896,0.0,0.6375967578798822,0.6375967578798822,,,,1.0
19,acetone_gsolv_eV,52,1.0000001192092896,0.0,0.6375967578798822,0.6375967578798822,,,,1.0
19,acetone_gsolv_eV,53,1.0000001192092896,0.0,0.6375967578798822,0.6375967578798822,,,,1.0
19,acetone_gsolv_eV,54,1.0000001192092896,0.0,0.6375967578798822,0.6375967578798822,,,,1.0
19,acetone_gsolv_eV,55,1.0000001192092896,0.0,0.6375967578798822,0.6375967578798822,,,,1.0
19,acetone_gsolv_eV,56,1.0000001192092896,0.0,0.6375967578798822,0.6375967578798822,,,,1.0
19,acetone_gsolv_eV,57,1.0000001192092896,0.0,0.6375967578798822,0.6375967578798822,,,,1.0
19,acetone_gsolv_eV,58,1.0000001192092896,0.0,0.6375967578798822,0.6375967578798822,,,,1.0
19,acetone_gsolv_eV,59,1.0000001192092896,0.0,0.6375967578798822,0.6375967578798822,,,,1.0
19,acetone_gsolv_eV,60,1.0000001192092896,0.0,0.6375967578798822,0.6375967578798822,,,,1.0
19,acetone_gsolv_eV,61,1.0000001192092896,0.0,0.6375967578798822,0.6375967578798822,,,,1.0
19,acetone_gsolv_eV,62,1.0000001192092896,0.0,0.6375967578798822,0.6375967578798822,,,,1.0
19,acetone_gsolv_eV,63,1.0000001192092896,0.0,0.6375967578798822,0.6375967578798822,,,,1.0
19,acetone_gsolv_eV,64,1.0000001192092896,0.0,0.6375967578798822,0.6375967578798822,,,,1.0
19,acetone_gsolv_eV,65,1.0000001192092896,0.0,0.6375967578798822,0.6375967578798822,,,,1.0
19,acetone_gsolv_eV,66,1.0000001192092896,0.0,0.6375967578798822,0.6375967578798822,,,,1.0
19,acetone_gsolv_eV,67,1.0000001192092896,0.0,0.6375967578798822,0.6375967578798822,,,,1.0
19,acetone_gsolv_eV,68,1.0000001192092896,0.0,0.6375967578798822,0.6375967578798822,,,,1.0
19,acetone_gsolv_eV,69,1.0000001192092896,0.0,0.6375967578798822,0.6375967578798822,,,,1.0
19,acetone_gsolv_eV,70,1.0000001192092896,0.0,0.6375967578798822,0.6375967578798822,,,,1.0
19,acetone_gsolv_eV,71,1.0000001192092896,0.0,0.6375967578798822,0.6375967578798822,,,,1.0
19,acetone_gsolv_eV,72,1.0000001192092896,0.0,0.6375967578798822,0.6375967578798822,,,,1.0
19,acetone_gsolv_eV,73,1.0000001192092896,0.0,0.6375967578798822,0.6375967578798822,,,,1.0
19,acetone_gsolv_eV,74,1.0000001192092896,0.0,0.6375967578798822,0.6375967578798822,,,,1.0
19,acetone_gsolv_eV,75,1.0000001192092896,0.0,0.6375967578798822,0.6375967578798822,,,,1.0
19,acetone_gsolv_eV,76,1.0000001192092896,0.0,0.6375967578798822,0.6375967578798822,,,,1.0
19,acetone_gsolv_eV,77,1.0000001192092896,0.0,0.6375967578798822,0.6375967578798822,,,,1.0
19,acetone_gsolv_eV,78,1.0000001192092896,0.0,0.6375967578798822,0.6375967578798822,,,,1.0
19,acetone_gsolv_eV,79,1.0000001192092896,0.0,0.6375967578798822,0.6375967578798822,,,,1.0
19,acetone_gsolv_eV,80,1.0000001192092896,0.0,0.6375967578798822,0.6375967578798822,,,,1.0
19,acetone_gsolv_eV,81,1.0000001192092896,0.0,0.6375967578798822,0.6375967578798822,,,,1.0
19,acetone_gsolv_eV,82,1.0000001192092896,0.0,0.6375967578798822,0.6375967578798822,,,,1.0
19,acetone_gsolv_eV,83,1.0000001192092896,0.0,0.6375967578798822,0.6375967578798822,,,,1.0
19,acetone_gsolv_eV,84,1.0000001192092896,0.0,0.6375967578798822,0.6375967578798822,,,,1.0
19,acetone_gsolv_eV,85,1.0000001192092896,0.0,0.6375967578798822,0.6375967578798822,,,,1.0
19,acetone_gsolv_eV,86,1.0000001192092896,0.0,0.6375967578798822,0.6375967578798822,,,,1.0
19,acetone_gsolv_eV,87,1.0000001192092896,0.0,0.6375967578798822,0.6375967578798822,,,,1.0
19,acetone_gsolv_eV,88,1.0000001192092896,0.0,0.6375967578798822,0.6375967578798822,,,,1.0
19,acetone_gsolv_eV,89,1.0000001192092896,0.0,0.6375967578798822,0.6375967578798822,,,,1.0
19,acetone_gsolv_eV,90,1.0000001192092896,0.0,0.6375967578798822,0.6375967578798822,,,,1.0
19,acetone_gsolv_eV,91,1.0000001192092896,0.0,0.6375967578798822,0.6375967578798822,,,,1.0
19,acetone_gsolv_eV,92,1.0000001192092896,0.0,0.6375967578798822,0.6375967578798822,,,,1.0
19,acetone_gsolv_eV,93,1.0000001192092896,0.0,0.6375967578798822,0.6375967578798822,,,,1.0
19,acetone_gsolv_eV,94,1.0000001192092896,0.0,0.6375967578798822,0.6375967578798822,,,,1.0
19,acetone_gsolv_eV,95,1.0000001192092896,0.0,0.6375967578798822,0.6375967578798822,,,,1.0
19,acetone_gsolv_eV,96,1.0000001192092896,0.0,0.6375967578798822,0.6375967578798822,,,,1.0
19,acetone_gsolv_eV,97,1.0000001192092896,0.0,0.6375967578798822,0.6375967578798822,,,,1.0
19,acetone_gsolv_eV,98,1.0000001192092896,0.0,0.6375967578798822,0.6375967578798822,,,,1.0
19,acetone_gsolv_eV,99,1.0000001192092896,0.0,0.6375967578798822,0.6375967578798822,,,,1.0
19,acetone_gsolv_eV,100,1.0000001192092896,0.0,0.6375967578798822,0.6375967578798822,,,,1.0
19,acetone_gsolv_eV,101,1.0000001192092896,0.0,0.6375967578798822,0.6375967578798822,,,,1.0
19,acetone_gsolv_eV,102,1.0000001192092896,0.0,0.6375967578798822,0.6375967578798822,,,,1.0
19,acetone_gsolv_eV,103,1.0000001192092896,0.0,0.6375967578798822,0.6375967578798822,,,,1.0
19,acetone_gsolv_eV,104,1.0000001192092896,0.0,0.6375967578798822,0.6375967578798822,,,,1.0
19,acetone_gsolv_eV,105,1.0000001192092896,0.0,0.6375967578798822,0.6375967578798822,,,,1.0
19,acetone_gsolv_eV,106,1.0000001192092896,0.0,0.6375967578798822,0.6375967578798822,,,,1.0
19,acetone_gsolv_eV,107,1.0000001192092896,0.0,0.6375967578798822,0.6375967578798822,,,,1.0
19,acetone_gsolv_eV,108,1.0000001192092896,0.0,0.6375967578798822,0.6375967578798822,,,,1.0
19,acetone_gsolv_eV,109,1.0000001192092896,0.0,0.6375967578798822,0.6375967578798822,,,,1.0
19,acetone_gsolv_eV,110,1.0000001192092896,0.0,0.6375967578798822,0.6375967578798822,,,,1.0
19,acetone_gsolv_eV,111,1.0000001192092896,0.0,0.6375967578798822,0.6375967578798822,,,,1.0
19,acetone_gsolv_eV,112,1.0000001192092896,0.0,0.6375967578798822,0.6375967578798822,,,,1.0
19,acetone_gsolv_eV,113,1.0000001192092896,0.0,0.6375967578798822,0.6375967578798822,,,,1.0
19,acetone_gsolv_eV,114,1.0000001192092896,0.0,0.6375967578798822,0.6375967578798822,,,,1.0
19,acetone_gsolv_eV,115,1.0000001192092896,0.0,0.6375967578798822,0.6375967578798822,,,,1.0
19,acetone_gsolv_eV,116,1.0000001192092896,0.0,0.6375967578798822,0.6375967578798822,,,,1.0
19,acetone_gsolv_eV,117,1.0000001192092896,0.0,0.6375967578798822,0.6375967578798822,,,,1.0
19,acetone_gsolv_eV,118,1.0000001192092896,0.0,0.6375967578798822,0.6375967578798822,,,,1.0
19,acetone_gsolv_eV,119,1.0000001192092896,0.0,0.6375967578798822,0.6375967578798822,,,,1.0
19,acetone_gsolv_eV,120,1.0000001192092896,0.0,0.6375967578798822,0.6375967578798822,,,,1.0
19,acetone_gsolv_eV,121,1.0000001192092896,0.0,0.6375967578798822,0.6375967578798822,,,,1.0
19,acetone_gsolv_eV,122,1.0000001192092896,0.0,0.6375967578798822,0.6375967578798822,,,,1.0
19,acetone_gsolv_eV,123,1.0000001192092896,0.0,0.6375967578798822,0.6375967578798822,,,,1.0
19,acetone_gsolv_eV,124,1.0000001192092896,0.0,0.6375967578798822,0.6375967578798822,,,,1.0
19,acetone_gsolv_eV,125,1.0000001192092896,0.0,0.6375967578798822,0.6375967578798822,,,,1.0
19,acetone_gsolv_eV,126,1.0000001192092896,0.0,0.6375967578798822,0.6375967578798822,,,,1.0
19,acetone_gsolv_eV,127,1.0000001192092896,0.0,0.6375967578798822,0.6375967578798822,,,,1.0
19,acetone_gsolv_eV,128,1.0000001192092896,0.0,0.6375967578798822,0.6375967578798822,,,,1.0
19,acetone_gsolv_eV,129,1.0000001192092896,0.0,0.6375967578798822,0.6375967578798822,,,,1.0
19,acetone_gsolv_eV,130,1.0000001192092896,0.0,0.6375967578798822,0.6375967578798822,,,,1.0
19,acetone_gsolv_eV,131,1.0000001192092896,0.0,0.6375967578798822,0.6375967578798822,,,,1.0
19,acetone_gsolv_eV,132,1.0000001192092896,0.0,0.6375967578798822,0.6375967578798822,,,,1.0
19,acetone_gsolv_eV,133,1.0000001192092896,0.0,0.6375967578798822,0.6375967578798822,,,,1.0
19,acetone_gsolv_eV,134,1.0000001192092896,0.0,0.6375967578798822,0.6375967578798822,,,,1.0
19,acetone_gsolv_eV,135,1.0000001192092896,0.0,0.6375967578798822,0.6375967578798822,,,,1.0
19,acetone_gsolv_eV,136,1.0000001192092896,0.0,0.6375967578798822,0.6375967578798822,,,,1.0
19,acetone_gsolv_eV,137,1.0000001192092896,0.0,0.6375967578798822,0.6375967578798822,,,,1.0
19,acetone_gsolv_eV,138,1.0000001192092896,0.0,0.6375967578798822,0.6375967578798822,,,,1.0
19,acetone_gsolv_eV,139,1.0000001192092896,0.0,0.6375967578798822,0.6375967578798822,,,,1.0
19,acetone_gsolv_eV,140,1.0000001192092896,0.0,0.6375967578798822,0.6375967578798822,,,,1.0
19,acetone_gsolv_eV,141,1.0000001192092896,0.0,0.6375967578798822,0.6375967578798822,,,,1.0
19,acetone_gsolv_eV,142,1.0000001192092896,0.0,0.6375967578798822,0.6375967578798822,,,,1.0
19,acetone_gsolv_eV,143,1.0000001192092896,0.0,0.6375967578798822,0.6375967578798822,,,,1.0
19,acetone_gsolv_eV,144,1.0000001192092896,0.0,0.6375967578798822,0.6375967578798822,,,,1.0
19,acetone_gsolv_eV,145,1.0000001192092896,0.0,0.6375967578798822,0.6375967578798822,,,,1.0
19,acetone_gsolv_eV,146,1.0000001192092896,0.0,0.6375967578798822,0.6375967578798822,,,,1.0
19,acetone_gsolv_eV,147,1.0000001192092896,0.0,0.6375967578798822,0.6375967578798822,,,,1.0
19,acetone_gsolv_eV,148,1.0000001192092896,0.0,0.6375967578798822,0.6375967578798822,,,,1.0
19,acetone_gsolv_eV,149,1.0000001192092896,0.0,0.6375967578798822,0.6375967578798822,,,,1.0
19,acetone_gsolv_eV,150,1.0000001192092896,0.0,0.6375967578798822,0.6375967578798822,,,,1.0
19,acetone_gsolv_eV,151,1.0000001192092896,0.0,0.6375967578798822,0.6375967578798822,,,,1.0
19,acetone_gsolv_eV,152,1.0000001192092896,0.0,0.6375967578798822,0.6375967578798822,,,,1.0
19,acetone_gsolv_eV,153,1.0000001192092896,0.0,0.6375967578798822,0.6375967578798822,,,,1.0
19,acetone_gsolv_eV,154,1.0000001192092896,0.0,0.6375967578798822,0.6375967578798822,,,,1.0
19,acetone_gsolv_eV,155,1.0000001192092896,0.0,0.6375967578798822,0.6375967578798822,,,,1.0
19,acetone_gsolv_eV,156,1.0000001192092896,0.0,0.6375967578798822,0.6375967578798822,,,,1.0
19,acetone_gsolv_eV,157,1.0000001192092896,0.0,0.6375967578798822,0.6375967578798822,,,,1.0
19,acetone_gsolv_eV,158,1.0000001192092896,0.0,0.6375967578798822,0.6375967578798822,,,,1.0
19,acetone_gsolv_eV,159,1.0000001192092896,0.0,0.6375967578798822,0.6375967578798822,,,,1.0
19,acetone_gsolv_eV,160,1.0000001192092896,0.0,0.6375967578798822,0.6375967578798822,,,,1.0
19,acetone_gsolv_eV,161,1.0000001192092896,0.0,0.6375967578798822,0.6375967578798822,,,,1.0
19,acetone_gsolv_eV,162,1.0000001192092896,0.0,0.6375967578798822,0.6375967578798822,,,,1.0
19,acetone_gsolv_eV,163,1.0000001192092896,0.0,0.6375967578798822,0.6375967578798822,,,,1.0
19,acetone_gsolv_eV,164,1.0000001192092896,0.0,0.6375967578798822,0.6375967578798822,,,,1.0
19,acetone_gsolv_eV,165,1.0000001192092896,0.0,0.6375967578798822,0.6375967578798822,,,,1.0
19,acetone_gsolv_eV,166,1.0000001192092896,0.0,0.6375967578798822,0.6375967578798822,,,,1.0
19,acetone_gsolv_eV,167,1.0000001192092896,0.0,0.6375967578798822,0.6375967578798822,,,,1.0
19,acetone_gsolv_eV,168,1.0000001192092896,0.0,0.6375967578798822,0.6375967578798822,,,,1.0
19,acetone_gsolv_eV,169,1.0000001192092896,0.0,0.6375967578798822,0.6375967578798822,,,,1.0
19,acetone_gsolv_eV,170,1.0000001192092896,0.0,0.6375967578798822,0.6375967578798822,,,,1.0
19,acetone_gsolv_eV,171,1.0000001192092896,0.0,0.6375967578798822,0.6375967578798822,,,,1.0
19,acetone_gsolv_eV,172,1.0000001192092896,0.0,0.6375967578798822,0.6375967578798822,,,,1.0
19,acetone_gsolv_eV,173,1.0000001192092896,0.0,0.6375967578798822,0.6375967578798822,,,,1.0
19,acetone_gsolv_eV,174,1.0000001192092896,0.0,0.6375967578798822,0.6375967578798822,,,,1.0
19,acetone_gsolv_eV,175,1.0000001192092896,0.0,0.6375967578798822,0.6375967578798822,,,,1.0
19,acetone_gsolv_eV,176,1.0000001192092896,0.0,0.6375967578798822,0.6375967578798822,,,,1.0
19,acetone_gsolv_eV,177,1.0000001192092896,0.0,0.6375967578798822,0.6375967578798822,,,,1.0
19,acetone_gsolv_eV,178,1.0000001192092896,0.0,0.6375967578798822,0.6375967578798822,,,,1.0
19,acetone_gsolv_eV,179,1.0000001192092896,0.0,0.6375967578798822,0.6375967578798822,,,,1.0
19,acetone_gsolv_eV,180,1.0000001192092896,0.0,0.6375967578798822,0.6375967578798822,,,,1.0
19,acetone_gsolv_eV,181,1.0000001192092896,0.0,0.6375967578798822,0.6375967578798822,,,,1.0
19,acetone_gsolv_eV,182,1.0000001192092896,0.0,0.6375967578798822,0.6375967578798822,,,,1.0
19,acetone_gsolv_eV,183,1.0000001192092896,0.0,0.6375967578798822,0.6375967578798822,,,,1.0
19,acetone_gsolv_eV,184,1.0000001192092896,0.0,0.6375967578798822,0.6375967578798822,,,,1.0
19,acetone_gsolv_eV,185,1.0000001192092896,0.0,0.6375967578798822,0.6375967578798822,,,,1.0
19,acetone_gsolv_eV,186,1.0000001192092896,0.0,0.6375967578798822,0.6375967578798822,,,,1.0
19,acetone_gsolv_eV,187,1.0000001192092896,0.0,0.6375967578798822,0.6375967578798822,,,,1.0
19,acetone_gsolv_eV,188,1.0000001192092896,0.0,0.6375967578798822,0.6375967578798822,,,,1.0
19,acetone_gsolv_eV,189,1.0000001192092896,0.0,0.6375967578798822,0.6375967578798822,,,,1.0
19,acetone_gsolv_eV,190,1.0000001192092896,0.0,0.6375967578798822,0.6375967578798822,,,,1.0
19,acetone_gsolv_eV,191,1.0000001192092896,0.0,0.6375967578798822,0.6375967578798822,,,,1.0
19,acetone_gsolv_eV,192,1.0000001192092896,0.0,0.6375967578798822,0.6375967578798822,,,,1.0
19,acetone_gsolv_eV,193,1.0000001192092896,0.0,0.6375967578798822,0.6375967578798822,,,,1.0
19,acetone_gsolv_eV,194,1.0000001192092896,0.0,0.6375967578798822,0.6375967578798822,,,,1.0
19,acetone_gsolv_eV,195,1.0000001192092896,0.0,0.6375967578798822,0.6375967578798822,,,,1.0
19,acetone_gsolv_eV,196,1.0000001192092896,0.0,0.6375967578798822,0.6375967578798822,,,,1.0
19,acetone_gsolv_eV,197,1.0000001192092896,0.0,0.6375967578798822,0.6375967578798822,,,,1.0
19,acetone_gsolv_eV,198,1.0000001192092896,0.0,0.6375967578798822,0.6375967578798822,,,,1.0
19,acetone_gsolv_eV,199,1.0000001192092896,0.0,0.6375967578798822,0.6375967578798822,,,,1.0
19,acetone_gsolv_eV,200,1.0000001192092896,0.0,0.6375967578798822,0.6375967578798822,,,,1.0
19,acetone_gsolv_eV,201,1.0000001192092896,0.0,0.6375967578798822,0.6375967578798822,,,,1.0
19,acetone_gsolv_eV,202,1.0000001192092896,0.0,0.6375967578798822,0.6375967578798822,,,,1.0
19,acetone_gsolv_eV,203,1.0000001192092896,0.0,0.6375967578798822,0.6375967578798822,,,,1.0
19,acetone_gsolv_eV,204,1.0000001192092896,0.0,0.6375967578798822,0.6375967578798822,,,,1.0
19,acetone_gsolv_eV,205,1.0000001192092896,0.0,0.6375967578798822,0.6375967578798822,,,,1.0
19,acetone_gsolv_eV,206,1.0000001192092896,0.0,0.6375967578798822,0.6375967578798822,,,,1.0
19,acetone_gsolv_eV,207,1.0000001192092896,0.0,0.6375967578798822,0.6375967578798822,,,,1.0
19,acetone_gsolv_eV,208,1.0000001192092896,0.0,0.6375967578798822,0.6375967578798822,,,,1.0
19,acetone_gsolv_eV,209,1.0000001192092896,0.0,0.6375967578798822,0.6375967578798822,,,,1.0
19,acetone_gsolv_eV,210,1.0000001192092896,0.0,0.6375967578798822,0.6375967578798822,,,,1.0
19,acetone_gsolv_eV,211,1.0000001192092896,0.0,0.6375967578798822,0.6375967578798822,,,,1.0
19,acetone_gsolv_eV,212,1.0000001192092896,0.0,0.6375967578798822,0.6375967578798822,,,,1.0
19,acetone_gsolv_eV,213,1.0000001192092896,0.0,0.6375967578798822,0.6375967578798822,,,,1.0
19,acetone_gsolv_eV,214,1.0000001192092896,0.0,0.6375967578798822,0.6375967578798822,,,,1.0
19,acetone_gsolv_eV,215,1.0000001192092896,0.0,0.6375967578798822,0.6375967578798822,,,,1.0
19,acetone_gsolv_eV,216,1.0000001192092896,0.0,0.6375967578798822,0.6375967578798822,,,,1.0
19,acetone_gsolv_eV,217,1.0000001192092896,0.0,0.6375967578798822,0.6375967578798822,,,,1.0
19,acetone_gsolv_eV,218,1.0000001192092896,0.0,0.6375967578798822,0.6375967578798822,,,,1.0
19,acetone_gsolv_eV,219,1.0000001192092896,0.0,0.6375967578798822,0.6375967578798822,,,,1.0
19,acetone_gsolv_eV,220,1.0000001192092896,0.0,0.6375967578798822,0.6375967578798822,,,,1.0
19,acetone_gsolv_eV,221,1.0000001192092896,0.0,0.6375967578798822,0.6375967578798822,,,,1.0
19,acetone_gsolv_eV,222,1.0000001192092896,0.0,0.6375967578798822,0.6375967578798822,,,,1.0
19,acetone_gsolv_eV,223,1.0000001192092896,0.0,0.6375967578798822,0.6375967578798822,,,,1.0
19,acetone_gsolv_eV,224,1.0000001192092896,0.0,0.6375967578798822,0.6375967578798822,,,,1.0
19,acetone_gsolv_eV,225,1.0000001192092896,0.0,0.6375967578798822,0.6375967578798822,,,,1.0
19,acetone_gsolv_eV,226,1.0000001192092896,0.0,0.6375967578798822,0.6375967578798822,,,,1.0
19,acetone_gsolv_eV,227,1.0000001192092896,0.0,0.6375967578798822,0.6375967578798822,,,,1.0
19,acetone_gsolv_eV,228,1.0000001192092896,0.0,0.6375967578798822,0.6375967578798822,,,,1.0
19,acetone_gsolv_eV,229,1.0000001192092896,0.0,0.6375967578798822,0.6375967578798822,,,,1.0
19,acetone_gsolv_eV,230,1.0000001192092896,0.0,0.6375967578798822,0.6375967578798822,,,,1.0
19,acetone_gsolv_eV,231,1.0000001192092896,0.0,0.6375967578798822,0.6375967578798822,,,,1.0
19,acetone_gsolv_eV,232,1.0000001192092896,0.0,0.6375967578798822,0.6375967578798822,,,,1.0
19,acetone_gsolv_eV,233,1.0000001192092896,0.0,0.6375967578798822,0.6375967578798822,,,,1.0
19,acetone_gsolv_eV,234,1.0000001192092896,0.0,0.6375967578798822,0.6375967578798822,,,,1.0
19,acetone_gsolv_eV,235,1.0000001192092896,0.0,0.6375967578798822,0.6375967578798822,,,,1.0
19,acetone_gsolv_eV,236,1.0000001192092896,0.0,0.6375967578798822,0.6375967578798822,,,,1.0
19,acetone_gsolv_eV,237,1.0000001192092896,0.0,0.6375967578798822,0.6375967578798822,,,,1.0
19,acetone_gsolv_eV,238,1.0000001192092896,0.0,0.6375967578798822,0.6375967578798822,,,,1.0
19,acetone_gsolv_eV,239,1.0000001192092896,0.0,0.6375967578798822,0.6375967578798822,,,,1.0
19,acetone_gsolv_eV,240,1.0000001192092896,0.0,0.6375967578798822,0.6375967578798822,,,,1.0
19,acetone_gsolv_eV,241,1.0000001192092896,0.0,0.6375967578798822,0.6375967578798822,,,,1.0
19,acetone_gsolv_eV,242,1.0000001192092896,0.0,0.6375967578798822,0.6375967578798822,,,,1.0
19,acetone_gsolv_eV,243,1.0000001192092896,0.0,0.6375967578798822,0.6375967578798822,,,,1.0
19,acetone_gsolv_eV,244,1.0000001192092896,0.0,0.6375967578798822,0.6375967578798822,,,,1.0
19,acetone_gsolv_eV,245,1.0000001192092896,0.0,0.6375967578798822,0.6375967578798822,,,,1.0
19,acetone_gsolv_eV,246,1.0000001192092896,0.0,0.6375967578798822,0.6375967578798822,,,,1.0
19,acetone_gsolv_eV,247,1.0000001192092896,0.0,0.6375967578798822,0.6375967578798822,,,,1.0
19,acetone_gsolv_eV,248,1.0000001192092896,0.0,0.6375967578798822,0.6375967578798822,,,,1.0
19,acetone_gsolv_eV,249,1.0000001192092896,0.0,0.6375967578798822,0.6375967578798822,,,,1.0
19,acetone_hl_gap_eV,0,1.0,0.0,0.7114593311431421,0.7114593311431421,,,,1.0
19,acetone_hl_gap_eV,1,1.0,0.0,0.7114593311431421,0.7114593311431421,,,,1.0
19,acetone_hl_gap_eV,2,1.0,0.0,0.7114593311431421,0.7114593311431421,,,,1.0
19,acetone_hl_gap_eV,3,1.0,0.0,0.7114593311431421,0.7114593311431421,,,,1.0
19,acetone_hl_gap_eV,4,1.0,0.0,0.7114593311431421,0.7114593311431421,,,,1.0
19,acetone_hl_gap_eV,5,1.0,0.0,0.7114593311431421,0.7114593311431421,,,,1.0
19,acetone_hl_gap_eV,6,1.0,0.0,0.7114593311431421,0.7114593311431421,,,,1.0
19,acetone_hl_gap_eV,7,1.0,0.0,0.7114593311431421,0.7114593311431421,,,,1.0
19,acetone_hl_gap_eV,8,1.0,0.0,0.7114593311431421,0.7114593311431421,,,,1.0
19,acetone_hl_gap_eV,9,1.0,0.0,0.7114593311431421,0.7114593311431421,,,,1.0
19,acetone_hl_gap_eV,10,1.0,0.0,0.7114593311431421,0.7114593311431421,,,,1.0
19,acetone_hl_gap_eV,11,1.0,0.0,0.7114593311431421,0.7114593311431421,,,,1.0
19,acetone_hl_gap_eV,12,1.0,0.0,0.7114593311431421,0.7114593311431421,,,,1.0
19,acetone_hl_gap_eV,13,1.0,0.0,0.7114593311431421,0.7114593311431421,,,,1.0
19,acetone_hl_gap_eV,14,1.0,0.0,0.7114593311431421,0.7114593311431421,,,,1.0
19,acetone_hl_gap_eV,15,1.0,0.0,0.7114593311431421,0.7114593311431421,,,,1.0
19,acetone_hl_gap_eV,16,1.0,0.0,0.7114593311431421,0.7114593311431421,,,,1.0
19,acetone_hl_gap_eV,17,1.0,0.0,0.7114593311431421,0.7114593311431421,,,,1.0
19,acetone_hl_gap_eV,18,1.0,0.0,0.7114593311431421,0.7114593311431421,,,,1.0
19,acetone_hl_gap_eV,19,1.0,0.0,0.7114593311431421,0.7114593311431421,,,,1.0
19,acetone_hl_gap_eV,20,1.0,0.0,0.7114593311431421,0.7114593311431421,,,,1.0
19,acetone_hl_gap_eV,21,1.0,0.0,0.7114593311431421,0.7114593311431421,,,,1.0
19,acetone_hl_gap_eV,22,1.0,0.0,0.7114593311431421,0.7114593311431421,,,,1.0
19,acetone_hl_gap_eV,23,1.0,0.0,0.7114593311431421,0.7114593311431421,,,,1.0
19,acetone_hl_gap_eV,24,1.0,0.0,0.7114593311431421,0.7114593311431421,,,,1.0
19,acetone_hl_gap_eV,25,1.0,0.0,0.7114593311431421,0.7114593311431421,,,,1.0
19,acetone_hl_gap_eV,26,1.0,0.0,0.7114593311431421,0.7114593311431421,,,,1.0
19,acetone_hl_gap_eV,27,1.0,0.0,0.7114593311431421,0.7114593311431421,,,,1.0
19,acetone_hl_gap_eV,28,1.0,0.0,0.7114593311431421,0.7114593311431421,,,,1.0
19,acetone_hl_gap_eV,29,1.0,0.0,0.7114593311431421,0.7114593311431421,,,,1.0
19,acetone_hl_gap_eV,30,1.0,0.0,0.7114593311431421,0.7114593311431421,,,,1.0
19,acetone_hl_gap_eV,31,1.0,0.0,0.7114593311431421,0.7114593311431421,,,,1.0
19,acetone_hl_gap_eV,32,1.0,0.0,0.7114593311431421,0.7114593311431421,,,,1.0
19,acetone_hl_gap_eV,33,1.0,0.0,0.7114593311431421,0.7114593311431421,,,,1.0
19,acetone_hl_gap_eV,34,1.0,0.0,0.7114593311431421,0.7114593311431421,,,,1.0
19,acetone_hl_gap_eV,35,1.0,0.0,0.7114593311431421,0.7114593311431421,,,,1.0
19,acetone_hl_gap_eV,36,1.0,0.0,0.7114593311431421,0.7114593311431421,,,,1.0
19,acetone_hl_gap_eV,37,1.0,0.0,0.7114593311431421,0.7114593311431421,,,,1.0
19,acetone_hl_gap_eV,38,1.0,0.0,0.7114593311431421,0.7114593311431421,,,,1.0
19,acetone_hl_gap_eV,39,1.0,0.0,0.7114593311431421,0.7114593311431421,,,,1.0
19,acetone_hl_gap_eV,40,1.0,0.0,0.7114593311431421,0.7114593311431421,,,,1.0
19,acetone_hl_gap_eV,41,1.0,0.0,0.7114593311431421,0.7114593311431421,,,,1.0
19,acetone_hl_gap_eV,42,1.0,0.0,0.7114593311431421,0.7114593311431421,,,,1.0
19,acetone_hl_gap_eV,43,1.0,0.0,0.7114593311431421,0.7114593311431421,,,,1.0
19,acetone_hl_gap_eV,44,1.0,0.0,0.7114593311431421,0.7114593311431421,,,,1.0
19,acetone_hl_gap_eV,45,1.0,0.0,0.7114593311431421,0.7114593311431421,,,,1.0
19,acetone_hl_gap_eV,46,1.0,0.0,0.7114593311431421,0.7114593311431421,,,,1.0
19,acetone_hl_gap_eV,47,1.0,0.0,0.7114593311431421,0.7114593311431421,,,,1.0
19,acetone_hl_gap_eV,48,1.0,0.0,0.7114593311431421,0.7114593311431421,,,,1.0
19,acetone_hl_gap_eV,49,1.0,0.0,0.7114593311431421,0.7114593311431421,,,,1.0
19,acetone_hl_gap_eV,50,1.0,0.0,0.7114593311431421,0.7114593311431421,,,,1.0
19,acetone_hl_gap_eV,51,1.0,0.0,0.7114593311431421,0.7114593311431421,,,,1.0
19,acetone_hl_gap_eV,52,1.0,0.0,0.7114593311431421,0.7114593311431421,,,,1.0
19,acetone_hl_gap_eV,53,1.0,0.0,0.7114593311431421,0.7114593311431421,,,,1.0
19,acetone_hl_gap_eV,54,1.0,0.0,0.7114593311431421,0.7114593311431421,,,,1.0
19,acetone_hl_gap_eV,55,1.0,0.0,0.7114593311431421,0.7114593311431421,,,,1.0
19,acetone_hl_gap_eV,56,1.0,0.0,0.7114593311431421,0.7114593311431421,,,,1.0
19,acetone_hl_gap_eV,57,1.0,0.0,0.7114593311431421,0.7114593311431421,,,,1.0
19,acetone_hl_gap_eV,58,1.0,0.0,0.7114593311431421,0.7114593311431421,,,,1.0
19,acetone_hl_gap_eV,59,1.0,0.0,0.7114593311431421,0.7114593311431421,,,,1.0
19,acetone_hl_gap_eV,60,1.0,0.0,0.7114593311431421,0.7114593311431421,,,,1.0
19,acetone_hl_gap_eV,61,1.0,0.0,0.7114593311431421,0.7114593311431421,,,,1.0
19,acetone_hl_gap_eV,62,1.0,0.0,0.7114593311431421,0.7114593311431421,,,,1.0
19,acetone_hl_gap_eV,63,1.0,0.0,0.7114593311431421,0.7114593311431421,,,,1.0
19,acetone_hl_gap_eV,64,1.0,0.0,0.7114593311431421,0.7114593311431421,,,,1.0
19,acetone_hl_gap_eV,65,1.0,0.0,0.7114593311431421,0.7114593311431421,,,,1.0
19,acetone_hl_gap_eV,66,1.0,0.0,0.7114593311431421,0.7114593311431421,,,,1.0
19,acetone_hl_gap_eV,67,1.0,0.0,0.7114593311431421,0.7114593311431421,,,,1.0
19,acetone_hl_gap_eV,68,1.0,0.0,0.7114593311431421,0.7114593311431421,,,,1.0
19,acetone_hl_gap_eV,69,1.0,0.0,0.7114593311431421,0.7114593311431421,,,,1.0
19,acetone_hl_gap_eV,70,1.0,0.0,0.7114593311431421,0.7114593311431421,,,,1.0
19,acetone_hl_gap_eV,71,1.0,0.0,0.7114593311431421,0.7114593311431421,,,,1.0
19,acetone_hl_gap_eV,72,1.0,0.0,0.7114593311431421,0.7114593311431421,,,,1.0
19,acetone_hl_gap_eV,73,1.0,0.0,0.7114593311431421,0.7114593311431421,,,,1.0
19,acetone_hl_gap_eV,74,1.0,0.0,0.7114593311431421,0.7114593311431421,,,,1.0
19,acetone_hl_gap_eV,75,1.0,0.0,0.7114593311431421,0.7114593311431421,,,,1.0
19,acetone_hl_gap_eV,76,1.0,0.0,0.7114593311431421,0.7114593311431421,,,,1.0
19,acetone_hl_gap_eV,77,1.0,0.0,0.7114593311431421,0.7114593311431421,,,,1.0
19,acetone_hl_gap_eV,78,1.0,0.0,0.7114593311431421,0.7114593311431421,,,,1.0
19,acetone_hl_gap_eV,79,1.0,0.0,0.7114593311431421,0.7114593311431421,,,,1.0
19,acetone_hl_gap_eV,80,1.0,0.0,0.7114593311431421,0.7114593311431421,,,,1.0
19,acetone_hl_gap_eV,81,1.0,0.0,0.7114593311431421,0.7114593311431421,,,,1.0
19,acetone_hl_gap_eV,82,1.0,0.0,0.7114593311431421,0.7114593311431421,,,,1.0
19,acetone_hl_gap_eV,83,1.0,0.0,0.7114593311431421,0.7114593311431421,,,,1.0
19,acetone_hl_gap_eV,84,1.0,0.0,0.7114593311431421,0.7114593311431421,,,,1.0
19,acetone_hl_gap_eV,85,1.0,0.0,0.7114593311431421,0.7114593311431421,,,,1.0
19,acetone_hl_gap_eV,86,1.0,0.0,0.7114593311431421,0.7114593311431421,,,,1.0
19,acetone_hl_gap_eV,87,1.0,0.0,0.7114593311431421,0.7114593311431421,,,,1.0
19,acetone_hl_gap_eV,88,1.0,0.0,0.7114593311431421,0.7114593311431421,,,,1.0
19,acetone_hl_gap_eV,89,1.0,0.0,0.7114593311431421,0.7114593311431421,,,,1.0
19,acetone_hl_gap_eV,90,1.0,0.0,0.7114593311431421,0.7114593311431421,,,,1.0
19,acetone_hl_gap_eV,91,1.0,0.0,0.7114593311431421,0.7114593311431421,,,,1.0
19,acetone_hl_gap_eV,92,1.0,0.0,0.7114593311431421,0.7114593311431421,,,,1.0
19,acetone_hl_gap_eV,93,1.0,0.0,0.7114593311431421,0.7114593311431421,,,,1.0
19,acetone_hl_gap_eV,94,1.0,0.0,0.7114593311431421,0.7114593311431421,,,,1.0
19,acetone_hl_gap_eV,95,1.0,0.0,0.7114593311431421,0.7114593311431421,,,,1.0
19,acetone_hl_gap_eV,96,1.0,0.0,0.7114593311431421,0.7114593311431421,,,,1.0
19,acetone_hl_gap_eV,97,1.0,0.0,0.7114593311431421,0.7114593311431421,,,,1.0
19,acetone_hl_gap_eV,98,1.0,0.0,0.7114593311431421,0.7114593311431421,,,,1.0
19,acetone_hl_gap_eV,99,1.0,0.0,0.7114593311431421,0.7114593311431421,,,,1.0
19,acetone_hl_gap_eV,100,1.0,0.0,0.7114593311431421,0.7114593311431421,,,,1.0
19,acetone_hl_gap_eV,101,1.0,0.0,0.7114593311431421,0.7114593311431421,,,,1.0
19,acetone_hl_gap_eV,102,1.0,0.0,0.7114593311431421,0.7114593311431421,,,,1.0
19,acetone_hl_gap_eV,103,1.0,0.0,0.7114593311431421,0.7114593311431421,,,,1.0
19,acetone_hl_gap_eV,104,1.0,0.0,0.7114593311431421,0.7114593311431421,,,,1.0
19,acetone_hl_gap_eV,105,1.0,0.0,0.7114593311431421,0.7114593311431421,,,,1.0
19,acetone_hl_gap_eV,106,1.0,0.0,0.7114593311431421,0.7114593311431421,,,,1.0
19,acetone_hl_gap_eV,107,1.0,0.0,0.7114593311431421,0.7114593311431421,,,,1.0
19,acetone_hl_gap_eV,108,1.0,0.0,0.7114593311431421,0.7114593311431421,,,,1.0
19,acetone_hl_gap_eV,109,1.0,0.0,0.7114593311431421,0.7114593311431421,,,,1.0
19,acetone_hl_gap_eV,110,1.0,0.0,0.7114593311431421,0.7114593311431421,,,,1.0
19,acetone_hl_gap_eV,111,1.0,0.0,0.7114593311431421,0.7114593311431421,,,,1.0
19,acetone_hl_gap_eV,112,1.0,0.0,0.7114593311431421,0.7114593311431421,,,,1.0
19,acetone_hl_gap_eV,113,1.0,0.0,0.7114593311431421,0.7114593311431421,,,,1.0
19,acetone_hl_gap_eV,114,1.0,0.0,0.7114593311431421,0.7114593311431421,,,,1.0
19,acetone_hl_gap_eV,115,1.0,0.0,0.7114593311431421,0.7114593311431421,,,,1.0
19,acetone_hl_gap_eV,116,1.0,0.0,0.7114593311431421,0.7114593311431421,,,,1.0
19,acetone_hl_gap_eV,117,1.0,0.0,0.7114593311431421,0.7114593311431421,,,,1.0
19,acetone_hl_gap_eV,118,1.0,0.0,0.7114593311431421,0.7114593311431421,,,,1.0
19,acetone_hl_gap_eV,119,1.0,0.0,0.7114593311431421,0.7114593311431421,,,,1.0
19,acetone_hl_gap_eV,120,1.0,0.0,0.7114593311431421,0.7114593311431421,,,,1.0
19,acetone_hl_gap_eV,121,1.0,0.0,0.7114593311431421,0.7114593311431421,,,,1.0
19,acetone_hl_gap_eV,122,1.0,0.0,0.7114593311431421,0.7114593311431421,,,,1.0
19,acetone_hl_gap_eV,123,1.0,0.0,0.7114593311431421,0.7114593311431421,,,,1.0
19,acetone_hl_gap_eV,124,1.0,0.0,0.7114593311431421,0.7114593311431421,,,,1.0
19,acetone_hl_gap_eV,125,1.0,0.0,0.7114593311431421,0.7114593311431421,,,,1.0
19,acetone_hl_gap_eV,126,1.0,0.0,0.7114593311431421,0.7114593311431421,,,,1.0
19,acetone_hl_gap_eV,127,1.0,0.0,0.7114593311431421,0.7114593311431421,,,,1.0
19,acetone_hl_gap_eV,128,1.0,0.0,0.7114593311431421,0.7114593311431421,,,,1.0
19,acetone_hl_gap_eV,129,1.0,0.0,0.7114593311431421,0.7114593311431421,,,,1.0
19,acetone_hl_gap_eV,130,1.0,0.0,0.7114593311431421,0.7114593311431421,,,,1.0
19,acetone_hl_gap_eV,131,1.0,0.0,0.7114593311431421,0.7114593311431421,,,,1.0
19,acetone_hl_gap_eV,132,1.0,0.0,0.7114593311431421,0.7114593311431421,,,,1.0
19,acetone_hl_gap_eV,133,1.0,0.0,0.7114593311431421,0.7114593311431421,,,,1.0
19,acetone_hl_gap_eV,134,1.0,0.0,0.7114593311431421,0.7114593311431421,,,,1.0
19,acetone_hl_gap_eV,135,1.0,0.0,0.7114593311431421,0.7114593311431421,,,,1.0
19,acetone_hl_gap_eV,136,1.0,0.0,0.7114593311431421,0.7114593311431421,,,,1.0
19,acetone_hl_gap_eV,137,1.0,0.0,0.7114593311431421,0.7114593311431421,,,,1.0
19,acetone_hl_gap_eV,138,1.0,0.0,0.7114593311431421,0.7114593311431421,,,,1.0
19,acetone_hl_gap_eV,139,1.0,0.0,0.7114593311431421,0.7114593311431421,,,,1.0
19,acetone_hl_gap_eV,140,1.0,0.0,0.7114593311431421,0.7114593311431421,,,,1.0
19,acetone_hl_gap_eV,141,1.0,0.0,0.7114593311431421,0.7114593311431421,,,,1.0
19,acetone_hl_gap_eV,142,1.0,0.0,0.7114593311431421,0.7114593311431421,,,,1.0
19,acetone_hl_gap_eV,143,1.0,0.0,0.7114593311431421,0.7114593311431421,,,,1.0
19,acetone_hl_gap_eV,144,1.0,0.0,0.7114593311431421,0.7114593311431421,,,,1.0
19,acetone_hl_gap_eV,145,1.0,0.0,0.7114593311431421,0.7114593311431421,,,,1.0
19,acetone_hl_gap_eV,146,1.0,0.0,0.7114593311431421,0.7114593311431421,,,,1.0
19,acetone_hl_gap_eV,147,1.0,0.0,0.7114593311431421,0.7114593311431421,,,,1.0
19,acetone_hl_gap_eV,148,1.0,0.0,0.7114593311431421,0.7114593311431421,,,,1.0
19,acetone_hl_gap_eV,149,1.0,0.0,0.7114593311431421,0.7114593311431421,,,,1.0
19,acetone_hl_gap_eV,150,1.0,0.0,0.7114593311431421,0.7114593311431421,,,,1.0
19,acetone_hl_gap_eV,151,1.0,0.0,0.7114593311431421,0.7114593311431421,,,,1.0
19,acetone_hl_gap_eV,152,1.0,0.0,0.7114593311431421,0.7114593311431421,,,,1.0
19,acetone_hl_gap_eV,153,1.0,0.0,0.7114593311431421,0.7114593311431421,,,,1.0
19,acetone_hl_gap_eV,154,1.0,0.0,0.7114593311431421,0.7114593311431421,,,,1.0
19,acetone_hl_gap_eV,155,1.0,0.0,0.7114593311431421,0.7114593311431421,,,,1.0
19,acetone_hl_gap_eV,156,1.0,0.0,0.7114593311431421,0.7114593311431421,,,,1.0
19,acetone_hl_gap_eV,157,1.0,0.0,0.7114593311431421,0.7114593311431421,,,,1.0
19,acetone_hl_gap_eV,158,1.0,0.0,0.7114593311431421,0.7114593311431421,,,,1.0
19,acetone_hl_gap_eV,159,1.0,0.0,0.7114593311431421,0.7114593311431421,,,,1.0
19,acetone_hl_gap_eV,160,1.0,0.0,0.7114593311431421,0.7114593311431421,,,,1.0
19,acetone_hl_gap_eV,161,1.0,0.0,0.7114593311431421,0.7114593311431421,,,,1.0
19,acetone_hl_gap_eV,162,1.0,0.0,0.7114593311431421,0.7114593311431421,,,,1.0
19,acetone_hl_gap_eV,163,1.0,0.0,0.7114593311431421,0.7114593311431421,,,,1.0
19,acetone_hl_gap_eV,164,1.0,0.0,0.7114593311431421,0.7114593311431421,,,,1.0
19,acetone_hl_gap_eV,165,1.0,0.0,0.7114593311431421,0.7114593311431421,,,,1.0
19,acetone_hl_gap_eV,166,1.0,0.0,0.7114593311431421,0.7114593311431421,,,,1.0
19,acetone_hl_gap_eV,167,1.0,0.0,0.7114593311431421,0.7114593311431421,,,,1.0
19,acetone_hl_gap_eV,168,1.0,0.0,0.7114593311431421,0.7114593311431421,,,,1.0
19,acetone_hl_gap_eV,169,1.0,0.0,0.7114593311431421,0.7114593311431421,,,,1.0
19,acetone_hl_gap_eV,170,1.0,0.0,0.7114593311431421,0.7114593311431421,,,,1.0
19,acetone_hl_gap_eV,171,1.0,0.0,0.7114593311431421,0.7114593311431421,,,,1.0
19,acetone_hl_gap_eV,172,1.0,0.0,0.7114593311431421,0.7114593311431421,,,,1.0
19,acetone_hl_gap_eV,173,1.0,0.0,0.7114593311431421,0.7114593311431421,,,,1.0
19,acetone_hl_gap_eV,174,1.0,0.0,0.7114593311431421,0.7114593311431421,,,,1.0
19,acetone_hl_gap_eV,175,1.0,0.0,0.7114593311431421,0.7114593311431421,,,,1.0
19,acetone_hl_gap_eV,176,1.0,0.0,0.7114593311431421,0.7114593311431421,,,,1.0
19,acetone_hl_gap_eV,177,1.0,0.0,0.7114593311431421,0.7114593311431421,,,,1.0
19,acetone_hl_gap_eV,178,1.0,0.0,0.7114593311431421,0.7114593311431421,,,,1.0
19,acetone_hl_gap_eV,179,1.0,0.0,0.7114593311431421,0.7114593311431421,,,,1.0
19,acetone_hl_gap_eV,180,1.0,0.0,0.7114593311431421,0.7114593311431421,,,,1.0
19,acetone_hl_gap_eV,181,1.0,0.0,0.7114593311431421,0.7114593311431421,,,,1.0
19,acetone_hl_gap_eV,182,1.0,0.0,0.7114593311431421,0.7114593311431421,,,,1.0
19,acetone_hl_gap_eV,183,1.0,0.0,0.7114593311431421,0.7114593311431421,,,,1.0
19,acetone_hl_gap_eV,184,1.0,0.0,0.7114593311431421,0.7114593311431421,,,,1.0
19,acetone_hl_gap_eV,185,1.0,0.0,0.7114593311431421,0.7114593311431421,,,,1.0
19,acetone_hl_gap_eV,186,1.0,0.0,0.7114593311431421,0.7114593311431421,,,,1.0
19,acetone_hl_gap_eV,187,1.0,0.0,0.7114593311431421,0.7114593311431421,,,,1.0
19,acetone_hl_gap_eV,188,1.0,0.0,0.7114593311431421,0.7114593311431421,,,,1.0
19,acetone_hl_gap_eV,189,1.0,0.0,0.7114593311431421,0.7114593311431421,,,,1.0
19,acetone_hl_gap_eV,190,1.0,0.0,0.7114593311431421,0.7114593311431421,,,,1.0
19,acetone_hl_gap_eV,191,1.0,0.0,0.7114593311431421,0.7114593311431421,,,,1.0
19,acetone_hl_gap_eV,192,1.0,0.0,0.7114593311431421,0.7114593311431421,,,,1.0
19,acetone_hl_gap_eV,193,1.0,0.0,0.7114593311431421,0.7114593311431421,,,,1.0
19,acetone_hl_gap_eV,194,1.0,0.0,0.7114593311431421,0.7114593311431421,,,,1.0
19,acetone_hl_gap_eV,195,1.0,0.0,0.7114593311431421,0.7114593311431421,,,,1.0
19,acetone_hl_gap_eV,196,1.0,0.0,0.7114593311431421,0.7114593311431421,,,,1.0
19,acetone_hl_gap_eV,197,1.0,0.0,0.7114593311431421,0.7114593311431421,,,,1.0
19,acetone_hl_gap_eV,198,1.0,0.0,0.7114593311431421,0.7114593311431421,,,,1.0
19,acetone_hl_gap_eV,199,1.0,0.0,0.7114593311431421,0.7114593311431421,,,,1.0
19,acetone_hl_gap_eV,200,1.0,0.0,0.7114593311431421,0.7114593311431421,,,,1.0
19,acetone_hl_gap_eV,201,1.0,0.0,0.7114593311431421,0.7114593311431421,,,,1.0
19,acetone_hl_gap_eV,202,1.0,0.0,0.7114593311431421,0.7114593311431421,,,,1.0
19,acetone_hl_gap_eV,203,1.0,0.0,0.7114593311431421,0.7114593311431421,,,,1.0
19,acetone_hl_gap_eV,204,1.0,0.0,0.7114593311431421,0.7114593311431421,,,,1.0
19,acetone_hl_gap_eV,205,1.0,0.0,0.7114593311431421,0.7114593311431421,,,,1.0
19,acetone_hl_gap_eV,206,1.0,0.0,0.7114593311431421,0.7114593311431421,,,,1.0
19,acetone_hl_gap_eV,207,1.0,0.0,0.7114593311431421,0.7114593311431421,,,,1.0
19,acetone_hl_gap_eV,208,1.0,0.0,0.7114593311431421,0.7114593311431421,,,,1.0
19,acetone_hl_gap_eV,209,1.0,0.0,0.7114593311431421,0.7114593311431421,,,,1.0
19,acetone_hl_gap_eV,210,1.0,0.0,0.7114593311431421,0.7114593311431421,,,,1.0
19,acetone_hl_gap_eV,211,1.0,0.0,0.7114593311431421,0.7114593311431421,,,,1.0
19,acetone_hl_gap_eV,212,1.0,0.0,0.7114593311431421,0.7114593311431421,,,,1.0
19,acetone_hl_gap_eV,213,1.0,0.0,0.7114593311431421,0.7114593311431421,,,,1.0
19,acetone_hl_gap_eV,214,1.0,0.0,0.7114593311431421,0.7114593311431421,,,,1.0
19,acetone_hl_gap_eV,215,1.0,0.0,0.7114593311431421,0.7114593311431421,,,,1.0
19,acetone_hl_gap_eV,216,1.0,0.0,0.7114593311431421,0.7114593311431421,,,,1.0
19,acetone_hl_gap_eV,217,1.0,0.0,0.7114593311431421,0.7114593311431421,,,,1.0
19,acetone_hl_gap_eV,218,1.0,0.0,0.7114593311431421,0.7114593311431421,,,,1.0
19,acetone_hl_gap_eV,219,1.0,0.0,0.7114593311431421,0.7114593311431421,,,,1.0
19,acetone_hl_gap_eV,220,1.0,0.0,0.7114593311431421,0.7114593311431421,,,,1.0
19,acetone_hl_gap_eV,221,1.0,0.0,0.7114593311431421,0.7114593311431421,,,,1.0
19,acetone_hl_gap_eV,222,1.0,0.0,0.7114593311431421,0.7114593311431421,,,,1.0
19,acetone_hl_gap_eV,223,1.0,0.0,0.7114593311431421,0.7114593311431421,,,,1.0
19,acetone_hl_gap_eV,224,1.0,0.0,0.7114593311431421,0.7114593311431421,,,,1.0
19,acetone_hl_gap_eV,225,1.0,0.0,0.7114593311431421,0.7114593311431421,,,,1.0
19,acetone_hl_gap_eV,226,1.0,0.0,0.7114593311431421,0.7114593311431421,,,,1.0
19,acetone_hl_gap_eV,227,1.0,0.0,0.7114593311431421,0.7114593311431421,,,,1.0
19,acetone_hl_gap_eV,228,1.0,0.0,0.7114593311431421,0.7114593311431421,,,,1.0
19,acetone_hl_gap_eV,229,1.0,0.0,0.7114593311431421,0.7114593311431421,,,,1.0
19,acetone_hl_gap_eV,230,1.0,0.0,0.7114593311431421,0.7114593311431421,,,,1.0
19,acetone_hl_gap_eV,231,1.0,0.0,0.7114593311431421,0.7114593311431421,,,,1.0
19,acetone_hl_gap_eV,232,1.0,0.0,0.7114593311431421,0.7114593311431421,,,,1.0
19,acetone_hl_gap_eV,233,1.0,0.0,0.7114593311431421,0.7114593311431421,,,,1.0
19,acetone_hl_gap_eV,234,1.0,0.0,0.7114593311431421,0.7114593311431421,,,,1.0
19,acetone_hl_gap_eV,235,1.0,0.0,0.7114593311431421,0.7114593311431421,,,,1.0
19,acetone_hl_gap_eV,236,1.0,0.0,0.7114593311431421,0.7114593311431421,,,,1.0
19,acetone_hl_gap_eV,237,1.0,0.0,0.7114593311431421,0.7114593311431421,,,,1.0
19,acetone_hl_gap_eV,238,1.0,0.0,0.7114593311431421,0.7114593311431421,,,,1.0
19,acetone_hl_gap_eV,239,1.0,0.0,0.7114593311431421,0.7114593311431421,,,,1.0
19,acetone_hl_gap_eV,240,1.0,0.0,0.7114593311431421,0.7114593311431421,,,,1.0
19,acetone_hl_gap_eV,241,1.0,0.0,0.7114593311431421,0.7114593311431421,,,,1.0
19,acetone_hl_gap_eV,242,1.0,0.0,0.7114593311431421,0.7114593311431421,,,,1.0
19,acetone_hl_gap_eV,243,1.0,0.0,0.7114593311431421,0.7114593311431421,,,,1.0
19,acetone_hl_gap_eV,244,1.0,0.0,0.7114593311431421,0.7114593311431421,,,,1.0
19,acetone_hl_gap_eV,245,1.0,0.0,0.7114593311431421,0.7114593311431421,,,,1.0
19,acetone_hl_gap_eV,246,1.0,0.0,0.7114593311431421,0.7114593311431421,,,,1.0
19,acetone_hl_gap_eV,247,1.0,0.0,0.7114593311431421,0.7114593311431421,,,,1.0
19,acetone_hl_gap_eV,248,1.0,0.0,0.7114593311431421,0.7114593311431421,,,,1.0
19,acetone_hl_gap_eV,249,1.0,0.0,0.7114593311431421,0.7114593311431421,,,,1.0
19,acetone_dipole,0,1.0,0.0,0.6183195344125334,0.6183195344125334,,,,1.0
19,acetone_dipole,1,1.0,0.0,0.6183195344125334,0.6183195344125334,,,,1.0
19,acetone_dipole,2,1.0,0.0,0.6183195344125334,0.6183195344125334,,,,1.0
19,acetone_dipole,3,1.0,0.0,0.6183195344125334,0.6183195344125334,,,,1.0
19,acetone_dipole,4,1.0,0.0,0.6183195344125334,0.6183195344125334,,,,1.0
19,acetone_dipole,5,1.0,0.0,0.6183195344125334,0.6183195344125334,,,,1.0
19,acetone_dipole,6,1.0,0.0,0.6183195344125334,0.6183195344125334,,,,1.0
19,acetone_dipole,7,1.0,0.0,0.6183195344125334,0.6183195344125334,,,,1.0
19,acetone_dipole,8,1.0,0.0,0.6183195344125334,0.6183195344125334,,,,1.0
19,acetone_dipole,9,1.0,0.0,0.6183195344125334,0.6183195344125334,,,,1.0
19,acetone_dipole,10,1.0,0.0,0.6183195344125334,0.6183195344125334,,,,1.0
19,acetone_dipole,11,1.0,0.0,0.6183195344125334,0.6183195344125334,,,,1.0
19,acetone_dipole,12,1.0,0.0,0.6183195344125334,0.6183195344125334,,,,1.0
19,acetone_dipole,13,1.0,0.0,0.6183195344125334,0.6183195344125334,,,,1.0
19,acetone_dipole,14,1.0,0.0,0.6183195344125334,0.6183195344125334,,,,1.0
19,acetone_dipole,15,1.0,0.0,0.6183195344125334,0.6183195344125334,,,,1.0
19,acetone_dipole,16,1.0,0.0,0.6183195344125334,0.6183195344125334,,,,1.0
19,acetone_dipole,17,1.0,0.0,0.6183195344125334,0.6183195344125334,,,,1.0
19,acetone_dipole,18,1.0,0.0,0.6183195344125334,0.6183195344125334,,,,1.0
19,acetone_dipole,19,1.0,0.0,0.6183195344125334,0.6183195344125334,,,,1.0
19,acetone_dipole,20,1.0,0.0,0.6183195344125334,0.6183195344125334,,,,1.0
19,acetone_dipole,21,1.0,0.0,0.6183195344125334,0.6183195344125334,,,,1.0
19,acetone_dipole,22,1.0,0.0,0.6183195344125334,0.6183195344125334,,,,1.0
19,acetone_dipole,23,1.0,0.0,0.6183195344125334,0.6183195344125334,,,,1.0
19,acetone_dipole,24,1.0,0.0,0.6183195344125334,0.6183195344125334,,,,1.0
19,acetone_dipole,25,1.0,0.0,0.6183195344125334,0.6183195344125334,,,,1.0
19,acetone_dipole,26,1.0,0.0,0.6183195344125334,0.6183195344125334,,,,1.0
19,acetone_dipole,27,1.0,0.0,0.6183195344125334,0.6183195344125334,,,,1.0
19,acetone_dipole,28,1.0,0.0,0.6183195344125334,0.6183195344125334,,,,1.0
19,acetone_dipole,29,1.0,0.0,0.6183195344125334,0.6183195344125334,,,,1.0
19,acetone_dipole,30,1.0,0.0,0.6183195344125334,0.6183195344125334,,,,1.0
19,acetone_dipole,31,1.0,0.0,0.6183195344125334,0.6183195344125334,,,,1.0
19,acetone_dipole,32,1.0,0.0,0.6183195344125334,0.6183195344125334,,,,1.0
19,acetone_dipole,33,1.0,0.0,0.6183195344125334,0.6183195344125334,,,,1.0
19,acetone_dipole,34,1.0,0.0,0.6183195344125334,0.6183195344125334,,,,1.0
19,acetone_dipole,35,1.0,0.0,0.6183195344125334,0.6183195344125334,,,,1.0
19,acetone_dipole,36,1.0,0.0,0.6183195344125334,0.6183195344125334,,,,1.0
19,acetone_dipole,37,1.0,0.0,0.6183195344125334,0.6183195344125334,,,,1.0
19,acetone_dipole,38,1.0,0.0,0.6183195344125334,0.6183195344125334,,,,1.0
19,acetone_dipole,39,1.0,0.0,0.6183195344125334,0.6183195344125334,,,,1.0
19,acetone_dipole,40,1.0,0.0,0.6183195344125334,0.6183195344125334,,,,1.0
19,acetone_dipole,41,1.0,0.0,0.6183195344125334,0.6183195344125334,,,,1.0
19,acetone_dipole,42,1.0,0.0,0.6183195344125334,0.6183195344125334,,,,1.0
19,acetone_dipole,43,1.0,0.0,0.6183195344125334,0.6183195344125334,,,,1.0
19,acetone_dipole,44,1.0,0.0,0.6183195344125334,0.6183195344125334,,,,1.0
19,acetone_dipole,45,1.0,0.0,0.6183195344125334,0.6183195344125334,,,,1.0
19,acetone_dipole,46,1.0,0.0,0.6183195344125334,0.6183195344125334,,,,1.0
19,acetone_dipole,47,1.0,0.0,0.6183195344125334,0.6183195344125334,,,,1.0
19,acetone_dipole,48,1.0,0.0,0.6183195344125334,0.6183195344125334,,,,1.0
19,acetone_dipole,49,1.0,0.0,0.6183195344125334,0.6183195344125334,,,,1.0
19,acetone_dipole,50,1.0,0.0,0.6183195344125334,0.6183195344125334,,,,1.0
19,acetone_dipole,51,1.0,0.0,0.6183195344125334,0.6183195344125334,,,,1.0
19,acetone_dipole,52,1.0,0.0,0.6183195344125334,0.6183195344125334,,,,1.0
19,acetone_dipole,53,1.0,0.0,0.6183195344125334,0.6183195344125334,,,,1.0
19,acetone_dipole,54,1.0,0.0,0.6183195344125334,0.6183195344125334,,,,1.0
19,acetone_dipole,55,1.0,0.0,0.6183195344125334,0.6183195344125334,,,,1.0
19,acetone_dipole,56,1.0,0.0,0.6183195344125334,0.6183195344125334,,,,1.0
19,acetone_dipole,57,1.0,0.0,0.6183195344125334,0.6183195344125334,,,,1.0
19,acetone_dipole,58,1.0,0.0,0.6183195344125334,0.6183195344125334,,,,1.0
19,acetone_dipole,59,1.0,0.0,0.6183195344125334,0.6183195344125334,,,,1.0
19,acetone_dipole,60,1.0,0.0,0.6183195344125334,0.6183195344125334,,,,1.0
19,acetone_dipole,61,1.0,0.0,0.6183195344125334,0.6183195344125334,,,,1.0
19,acetone_dipole,62,1.0,0.0,0.6183195344125334,0.6183195344125334,,,,1.0
19,acetone_dipole,63,1.0,0.0,0.6183195344125334,0.6183195344125334,,,,1.0
19,acetone_dipole,64,1.0,0.0,0.6183195344125334,0.6183195344125334,,,,1.0
19,acetone_dipole,65,1.0,0.0,0.6183195344125334,0.6183195344125334,,,,1.0
19,acetone_dipole,66,1.0,0.0,0.6183195344125334,0.6183195344125334,,,,1.0
19,acetone_dipole,67,1.0,0.0,0.6183195344125334,0.6183195344125334,,,,1.0
19,acetone_dipole,68,1.0,0.0,0.6183195344125334,0.6183195344125334,,,,1.0
19,acetone_dipole,69,1.0,0.0,0.6183195344125334,0.6183195344125334,,,,1.0
19,acetone_dipole,70,1.0,0.0,0.6183195344125334,0.6183195344125334,,,,1.0
19,acetone_dipole,71,1.0,0.0,0.6183195344125334,0.6183195344125334,,,,1.0
19,acetone_dipole,72,1.0,0.0,0.6183195344125334,0.6183195344125334,,,,1.0
19,acetone_dipole,73,1.0,0.0,0.6183195344125334,0.6183195344125334,,,,1.0
19,acetone_dipole,74,1.0,0.0,0.6183195344125334,0.6183195344125334,,,,1.0
19,acetone_dipole,75,1.0,0.0,0.6183195344125334,0.6183195344125334,,,,1.0
19,acetone_dipole,76,1.0,0.0,0.6183195344125334,0.6183195344125334,,,,1.0
19,acetone_dipole,77,1.0,0.0,0.6183195344125334,0.6183195344125334,,,,1.0
19,acetone_dipole,78,1.0,0.0,0.6183195344125334,0.6183195344125334,,,,1.0
19,acetone_dipole,79,1.0,0.0,0.6183195344125334,0.6183195344125334,,,,1.0
19,acetone_dipole,80,1.0,0.0,0.6183195344125334,0.6183195344125334,,,,1.0
19,acetone_dipole,81,1.0,0.0,0.6183195344125334,0.6183195344125334,,,,1.0
19,acetone_dipole,82,1.0,0.0,0.6183195344125334,0.6183195344125334,,,,1.0
19,acetone_dipole,83,1.0,0.0,0.6183195344125334,0.6183195344125334,,,,1.0
19,acetone_dipole,84,1.0,0.0,0.6183195344125334,0.6183195344125334,,,,1.0
19,acetone_dipole,85,1.0,0.0,0.6183195344125334,0.6183195344125334,,,,1.0
19,acetone_dipole,86,1.0,0.0,0.6183195344125334,0.6183195344125334,,,,1.0
19,acetone_dipole,87,1.0,0.0,0.6183195344125334,0.6183195344125334,,,,1.0
19,acetone_dipole,88,1.0,0.0,0.6183195344125334,0.6183195344125334,,,,1.0
19,acetone_dipole,89,1.0,0.0,0.6183195344125334,0.6183195344125334,,,,1.0
19,acetone_dipole,90,1.0,0.0,0.6183195344125334,0.6183195344125334,,,,1.0
19,acetone_dipole,91,1.0,0.0,0.6183195344125334,0.6183195344125334,,,,1.0
19,acetone_dipole,92,1.0,0.0,0.6183195344125334,0.6183195344125334,,,,1.0
19,acetone_dipole,93,1.0,0.0,0.6183195344125334,0.6183195344125334,,,,1.0
19,acetone_dipole,94,1.0,0.0,0.6183195344125334,0.6183195344125334,,,,1.0
19,acetone_dipole,95,1.0,0.0,0.6183195344125334,0.6183195344125334,,,,1.0
19,acetone_dipole,96,1.0,0.0,0.6183195344125334,0.6183195344125334,,,,1.0
19,acetone_dipole,97,1.0,0.0,0.6183195344125334,0.6183195344125334,,,,1.0
19,acetone_dipole,98,1.0,0.0,0.6183195344125334,0.6183195344125334,,,,1.0
19,acetone_dipole,99,1.0,0.0,0.6183195344125334,0.6183195344125334,,,,1.0
19,acetone_dipole,100,1.0,0.0,0.6183195344125334,0.6183195344125334,,,,1.0
19,acetone_dipole,101,1.0,0.0,0.6183195344125334,0.6183195344125334,,,,1.0
19,acetone_dipole,102,1.0,0.0,0.6183195344125334,0.6183195344125334,,,,1.0
19,acetone_dipole,103,1.0,0.0,0.6183195344125334,0.6183195344125334,,,,1.0
19,acetone_dipole,104,1.0,0.0,0.6183195344125334,0.6183195344125334,,,,1.0
19,acetone_dipole,105,1.0,0.0,0.6183195344125334,0.6183195344125334,,,,1.0
19,acetone_dipole,106,1.0,0.0,0.6183195344125334,0.6183195344125334,,,,1.0
19,acetone_dipole,107,1.0,0.0,0.6183195344125334,0.6183195344125334,,,,1.0
19,acetone_dipole,108,1.0,0.0,0.6183195344125334,0.6183195344125334,,,,1.0
19,acetone_dipole,109,1.0,0.0,0.6183195344125334,0.6183195344125334,,,,1.0
19,acetone_dipole,110,1.0,0.0,0.6183195344125334,0.6183195344125334,,,,1.0
19,acetone_dipole,111,1.0,0.0,0.6183195344125334,0.6183195344125334,,,,1.0
19,acetone_dipole,112,1.0,0.0,0.6183195344125334,0.6183195344125334,,,,1.0
19,acetone_dipole,113,1.0,0.0,0.6183195344125334,0.6183195344125334,,,,1.0
19,acetone_dipole,114,1.0,0.0,0.6183195344125334,0.6183195344125334,,,,1.0
19,acetone_dipole,115,1.0,0.0,0.6183195344125334,0.6183195344125334,,,,1.0
19,acetone_dipole,116,1.0,0.0,0.6183195344125334,0.6183195344125334,,,,1.0
19,acetone_dipole,117,1.0,0.0,0.6183195344125334,0.6183195344125334,,,,1.0
19,acetone_dipole,118,1.0,0.0,0.6183195344125334,0.6183195344125334,,,,1.0
19,acetone_dipole,119,1.0,0.0,0.6183195344125334,0.6183195344125334,,,,1.0
19,acetone_dipole,120,1.0,0.0,0.6183195344125334,0.6183195344125334,,,,1.0
19,acetone_dipole,121,1.0,0.0,0.6183195344125334,0.6183195344125334,,,,1.0
19,acetone_dipole,122,1.0,0.0,0.6183195344125334,0.6183195344125334,,,,1.0
19,acetone_dipole,123,1.0,0.0,0.6183195344125334,0.6183195344125334,,,,1.0
19,acetone_dipole,124,1.0,0.0,0.6183195344125334,0.6183195344125334,,,,1.0
19,acetone_dipole,125,1.0,0.0,0.6183195344125334,0.6183195344125334,,,,1.0
19,acetone_dipole,126,1.0,0.0,0.6183195344125334,0.6183195344125334,,,,1.0
19,acetone_dipole,127,1.0,0.0,0.6183195344125334,0.6183195344125334,,,,1.0
19,acetone_dipole,128,1.0,0.0,0.6183195344125334,0.6183195344125334,,,,1.0
19,acetone_dipole,129,1.0,0.0,0.6183195344125334,0.6183195344125334,,,,1.0
19,acetone_dipole,130,1.0,0.0,0.6183195344125334,0.6183195344125334,,,,1.0
19,acetone_dipole,131,1.0,0.0,0.6183195344125334,0.6183195344125334,,,,1.0
19,acetone_dipole,132,1.0,0.0,0.6183195344125334,0.6183195344125334,,,,1.0
19,acetone_dipole,133,1.0,0.0,0.6183195344125334,0.6183195344125334,,,,1.0
19,acetone_dipole,134,1.0,0.0,0.6183195344125334,0.6183195344125334,,,,1.0
19,acetone_dipole,135,1.0,0.0,0.6183195344125334,0.6183195344125334,,,,1.0
19,acetone_dipole,136,1.0,0.0,0.6183195344125334,0.6183195344125334,,,,1.0
19,acetone_dipole,137,1.0,0.0,0.6183195344125334,0.6183195344125334,,,,1.0
19,acetone_dipole,138,1.0,0.0,0.6183195344125334,0.6183195344125334,,,,1.0
19,acetone_dipole,139,1.0,0.0,0.6183195344125334,0.6183195344125334,,,,1.0
19,acetone_dipole,140,1.0,0.0,0.6183195344125334,0.6183195344125334,,,,1.0
19,acetone_dipole,141,1.0,0.0,0.6183195344125334,0.6183195344125334,,,,1.0
19,acetone_dipole,142,1.0,0.0,0.6183195344125334,0.6183195344125334,,,,1.0
19,acetone_dipole,143,1.0,0.0,0.6183195344125334,0.6183195344125334,,,,1.0
19,acetone_dipole,144,1.0,0.0,0.6183195344125334,0.6183195344125334,,,,1.0
19,acetone_dipole,145,1.0,0.0,0.6183195344125334,0.6183195344125334,,,,1.0
19,acetone_dipole,146,1.0,0.0,0.6183195344125334,0.6183195344125334,,,,1.0
19,acetone_dipole,147,1.0,0.0,0.6183195344125334,0.6183195344125334,,,,1.0
19,acetone_dipole,148,1.0,0.0,0.6183195344125334,0.6183195344125334,,,,1.0
19,acetone_dipole,149,1.0,0.0,0.6183195344125334,0.6183195344125334,,,,1.0
19,acetone_dipole,150,1.0,0.0,0.6183195344125334,0.6183195344125334,,,,1.0
19,acetone_dipole,151,1.0,0.0,0.6183195344125334,0.6183195344125334,,,,1.0
19,acetone_dipole,152,1.0,0.0,0.6183195344125334,0.6183195344125334,,,,1.0
19,acetone_dipole,153,1.0,0.0,0.6183195344125334,0.6183195344125334,,,,1.0
19,acetone_dipole,154,1.0,0.0,0.6183195344125334,0.6183195344125334,,,,1.0
19,acetone_dipole,155,1.0,0.0,0.6183195344125334,0.6183195344125334,,,,1.0
19,acetone_dipole,156,1.0,0.0,0.6183195344125334,0.6183195344125334,,,,1.0
19,acetone_dipole,157,1.0,0.0,0.6183195344125334,0.6183195344125334,,,,1.0
19,acetone_dipole,158,1.0,0.0,0.6183195344125334,0.6183195344125334,,,,1.0
19,acetone_dipole,159,1.0,0.0,0.6183195344125334,0.6183195344125334,,,,1.0
19,acetone_dipole,160,1.0,0.0,0.6183195344125334,0.6183195344125334,,,,1.0
19,acetone_dipole,161,1.0,0.0,0.6183195344125334,0.6183195344125334,,,,1.0
19,acetone_dipole,162,1.0,0.0,0.6183195344125334,0.6183195344125334,,,,1.0
19,acetone_dipole,163,1.0,0.0,0.6183195344125334,0.6183195344125334,,,,1.0
19,acetone_dipole,164,1.0,0.0,0.6183195344125334,0.6183195344125334,,,,1.0
19,acetone_dipole,165,1.0,0.0,0.6183195344125334,0.6183195344125334,,,,1.0
19,acetone_dipole,166,1.0,0.0,0.6183195344125334,0.6183195344125334,,,,1.0
19,acetone_dipole,167,1.0,0.0,0.6183195344125334,0.6183195344125334,,,,1.0
19,acetone_dipole,168,1.0,0.0,0.6183195344125334,0.6183195344125334,,,,1.0
19,acetone_dipole,169,1.0,0.0,0.6183195344125334,0.6183195344125334,,,,1.0
19,acetone_dipole,170,1.0,0.0,0.6183195344125334,0.6183195344125334,,,,1.0
19,acetone_dipole,171,1.0,0.0,0.6183195344125334,0.6183195344125334,,,,1.0
19,acetone_dipole,172,1.0,0.0,0.6183195344125334,0.6183195344125334,,,,1.0
19,acetone_dipole,173,1.0,0.0,0.6183195344125334,0.6183195344125334,,,,1.0
19,acetone_dipole,174,1.0,0.0,0.6183195344125334,0.6183195344125334,,,,1.0
19,acetone_dipole,175,1.0,0.0,0.6183195344125334,0.6183195344125334,,,,1.0
19,acetone_dipole,176,1.0,0.0,0.6183195344125334,0.6183195344125334,,,,1.0
19,acetone_dipole,177,1.0,0.0,0.6183195344125334,0.6183195344125334,,,,1.0
19,acetone_dipole,178,1.0,0.0,0.6183195344125334,0.6183195344125334,,,,1.0
19,acetone_dipole,179,1.0,0.0,0.6183195344125334,0.6183195344125334,,,,1.0
19,acetone_dipole,180,1.0,0.0,0.6183195344125334,0.6183195344125334,,,,1.0
19,acetone_dipole,181,1.0,0.0,0.6183195344125334,0.6183195344125334,,,,1.0
19,acetone_dipole,182,1.0,0.0,0.6183195344125334,0.6183195344125334,,,,1.0
19,acetone_dipole,183,1.0,0.0,0.6183195344125334,0.6183195344125334,,,,1.0
19,acetone_dipole,184,1.0,0.0,0.6183195344125334,0.6183195344125334,,,,1.0
19,acetone_dipole,185,1.0,0.0,0.6183195344125334,0.6183195344125334,,,,1.0
19,acetone_dipole,186,1.0,0.0,0.6183195344125334,0.6183195344125334,,,,1.0
19,acetone_dipole,187,1.0,0.0,0.6183195344125334,0.6183195344125334,,,,1.0
19,acetone_dipole,188,1.0,0.0,0.6183195344125334,0.6183195344125334,,,,1.0
19,acetone_dipole,189,1.0,0.0,0.6183195344125334,0.6183195344125334,,,,1.0
19,acetone_dipole,190,1.0,0.0,0.6183195344125334,0.6183195344125334,,,,1.0
19,acetone_dipole,191,1.0,0.0,0.6183195344125334,0.6183195344125334,,,,1.0
19,acetone_dipole,192,1.0,0.0,0.6183195344125334,0.6183195344125334,,,,1.0
19,acetone_dipole,193,1.0,0.0,0.6183195344125334,0.6183195344125334,,,,1.0
19,acetone_dipole,194,1.0,0.0,0.6183195344125334,0.6183195344125334,,,,1.0
19,acetone_dipole,195,1.0,0.0,0.6183195344125334,0.6183195344125334,,,,1.0
19,acetone_dipole,196,1.0,0.0,0.6183195344125334,0.6183195344125334,,,,1.0
19,acetone_dipole,197,1.0,0.0,0.6183195344125334,0.6183195344125334,,,,1.0
19,acetone_dipole,198,1.0,0.0,0.6183195344125334,0.6183195344125334,,,,1.0
19,acetone_dipole,199,1.0,0.0,0.6183195344125334,0.6183195344125334,,,,1.0
19,acetone_dipole,200,1.0,0.0,0.6183195344125334,0.6183195344125334,,,,1.0
19,acetone_dipole,201,1.0,0.0,0.6183195344125334,0.6183195344125334,,,,1.0
19,acetone_dipole,202,1.0,0.0,0.6183195344125334,0.6183195344125334,,,,1.0
19,acetone_dipole,203,1.0,0.0,0.6183195344125334,0.6183195344125334,,,,1.0
19,acetone_dipole,204,1.0,0.0,0.6183195344125334,0.6183195344125334,,,,1.0
19,acetone_dipole,205,1.0,0.0,0.6183195344125334,0.6183195344125334,,,,1.0
19,acetone_dipole,206,1.0,0.0,0.6183195344125334,0.6183195344125334,,,,1.0
19,acetone_dipole,207,1.0,0.0,0.6183195344125334,0.6183195344125334,,,,1.0
19,acetone_dipole,208,1.0,0.0,0.6183195344125334,0.6183195344125334,,,,1.0
19,acetone_dipole,209,1.0,0.0,0.6183195344125334,0.6183195344125334,,,,1.0
19,acetone_dipole,210,1.0,0.0,0.6183195344125334,0.6183195344125334,,,,1.0
19,acetone_dipole,211,1.0,0.0,0.6183195344125334,0.6183195344125334,,,,1.0
19,acetone_dipole,212,1.0,0.0,0.6183195344125334,0.6183195344125334,,,,1.0
19,acetone_dipole,213,1.0,0.0,0.6183195344125334,0.6183195344125334,,,,1.0
19,acetone_dipole,214,1.0,0.0,0.6183195344125334,0.6183195344125334,,,,1.0
19,acetone_dipole,215,1.0,0.0,0.6183195344125334,0.6183195344125334,,,,1.0
19,acetone_dipole,216,1.0,0.0,0.6183195344125334,0.6183195344125334,,,,1.0
19,acetone_dipole,217,1.0,0.0,0.6183195344125334,0.6183195344125334,,,,1.0
19,acetone_dipole,218,1.0,0.0,0.6183195344125334,0.6183195344125334,,,,1.0
19,acetone_dipole,219,1.0,0.0,0.6183195344125334,0.6183195344125334,,,,1.0
19,acetone_dipole,220,1.0,0.0,0.6183195344125334,0.6183195344125334,,,,1.0
19,acetone_dipole,221,1.0,0.0,0.6183195344125334,0.6183195344125334,,,,1.0
19,acetone_dipole,222,1.0,0.0,0.6183195344125334,0.6183195344125334,,,,1.0
19,acetone_dipole,223,1.0,0.0,0.6183195344125334,0.6183195344125334,,,,1.0
19,acetone_dipole,224,1.0,0.0,0.6183195344125334,0.6183195344125334,,,,1.0
19,acetone_dipole,225,1.0,0.0,0.6183195344125334,0.6183195344125334,,,,1.0
19,acetone_dipole,226,1.0,0.0,0.6183195344125334,0.6183195344125334,,,,1.0
19,acetone_dipole,227,1.0,0.0,0.6183195344125334,0.6183195344125334,,,,1.0
19,acetone_dipole,228,1.0,0.0,0.6183195344125334,0.6183195344125334,,,,1.0
19,acetone_dipole,229,1.0,0.0,0.6183195344125334,0.6183195344125334,,,,1.0
19,acetone_dipole,230,1.0,0.0,0.6183195344125334,0.6183195344125334,,,,1.0
19,acetone_dipole,231,1.0,0.0,0.6183195344125334,0.6183195344125334,,,,1.0
19,acetone_dipole,232,1.0,0.0,0.6183195344125334,0.6183195344125334,,,,1.0
19,acetone_dipole,233,1.0,0.0,0.6183195344125334,0.6183195344125334,,,,1.0
19,acetone_dipole,234,1.0,0.0,0.6183195344125334,0.6183195344125334,,,,1.0
19,acetone_dipole,235,1.0,0.0,0.6183195344125334,0.6183195344125334,,,,1.0
19,acetone_dipole,236,1.0,0.0,0.6183195344125334,0.6183195344125334,,,,1.0
19,acetone_dipole,237,1.0,0.0,0.6183195344125334,0.6183195344125334,,,,1.0
19,acetone_dipole,238,1.0,0.0,0.6183195344125334,0.6183195344125334,,,,1.0
19,acetone_dipole,239,1.0,0.0,0.6183195344125334,0.6183195344125334,,,,1.0
19,acetone_dipole,240,1.0,0.0,0.6183195344125334,0.6183195344125334,,,,1.0
19,acetone_dipole,241,1.0,0.0,0.6183195344125334,0.6183195344125334,,,,1.0
19,acetone_dipole,242,1.0,0.0,0.6183195344125334,0.6183195344125334,,,,1.0
19,acetone_dipole,243,1.0,0.0,0.6183195344125334,0.6183195344125334,,,,1.0
19,acetone_dipole,244,1.0,0.0,0.6183195344125334,0.6183195344125334,,,,1.0
19,acetone_dipole,245,1.0,0.0,0.6183195344125334,0.6183195344125334,,,,1.0
19,acetone_dipole,246,1.0,0.0,0.6183195344125334,0.6183195344125334,,,,1.0
19,acetone_dipole,247,1.0,0.0,0.6183195344125334,0.6183195344125334,,,,1.0
19,acetone_dipole,248,1.0,0.0,0.6183195344125334,0.6183195344125334,,,,1.0
19,acetone_dipole,249,1.0,0.0,0.6183195344125334,0.6183195344125334,,,,1.0
19,octanol_gsolv_eV,0,0.09815993160009384,0.04547211155295372,0.6343098395185609,0.9675491259776998,9.70934772491455,0.01077918242663145,0.001110186052866524,0.06
19,octanol_gsolv_eV,1,0.1678289771080017,0.03929952159523964,0.6352477825495613,0.9469170304243073,8.435906410217285,0.14795736968517303,0.017539000848322838,0.14
19,octanol_gsolv_eV,2,0.2729541063308716,0.04003022983670235,0.6361344751603262,0.9505206493984686,8.639415740966797,0.1472039371728897,0.0170386449253589,0.3
19,octanol_gsolv_eV,3,0.18538248538970947,0.025687064975500107,0.6402783044195661,0.9179020972173686,5.491084575653076,0.3451709747314453,0.06286025465021959,0.16
19,octanol_gsolv_eV,4,0.317950963973999,0.041022561490535736,0.6359108622522487,0.925772315423111,8.791037559509277,0.7350753545761108,0.08361645023129026,0.28
19,octanol_gsolv_eV,5,0.2550932765007019,0.04045768082141876,0.6364398155169331,0.9680988847615921,8.736104011535645,0.06447822600603104,0.007380661439114089,0.3
19,octanol_gsolv_eV,6,0.08893311768770218,0.024940958246588707,0.6461476326567539,0.9708272946852923,5.267857551574707,0.10175479203462601,0.019316162412973507,0.12
19,octanol_gsolv_eV,7,0.21694763004779816,0.03719809278845787,0.6361211771080675,0.9577702736197975,7.983899116516113,0.04198804870247841,0.005259090588409199,0.16
19,octanol_gsolv_eV,8,0.18919114768505096,0.006647544912993908,0.6499573964214531,0.9717911379590991,1.31570303440094,0.09869278967380524,0.07501144794329793,0.14
19,octanol_gsolv_eV,9,0.2795599102973938,0.016587918624281883,0.6442308728574353,0.937983356954921,3.516578197479248,0.28639528155326843,0.08144146538773464,0.2
19,octanol_gsolv_eV,10,0.09376632422208786,0.03799686208367348,0.6396428389838389,0.9630602749745316,8.148676872253418,0.04987110570073128,0.006120147661093847,0.08
19,octanol_gsolv_eV,11,0.528167188167572,0.015043539926409721,0.6537557575230155,0.9042648883080704,3.1988792419433594,1.1436716318130493,0.35752260254696405,0.36
19,octanol_gsolv_eV,12,0.20791424810886383,0.03742291033267975,0.6348507464048263,0.9726673999408564,8.014324188232422,0.02780090644955635,0.003468902155265559,0.18
19,octanol_gsolv_eV,13,0.26304376125335693,0.0397154726088047,0.6369601011469208,0.9087656304825245,8.657363891601562,0.3585970103740692,0.04142103934454473,0.26
19,octanol_gsolv_eV,14,0.07220707088708878,0.04078986123204231,0.6357609462850495,0.9610239029434917,8.705771446228027,0.050700217485427856,0.0058237478204639604,0.06
19,octanol_gsolv_eV,15,0.2323952168226242,0.025747258216142654,0.6449405247151898,0.9460507803660183,5.568586826324463,0.20211775600910187,0.036296059002551166,0.22
19,octanol_gsolv_eV,16,0.27557358145713806,0.04662271961569786,0.6309740405096411,0.9230761633918314,10.012824058532715,0.704704999923706,0.07038024395556731,0.28
19,octanol_gsolv_eV,17,0.2184852957725525,0.03918230161070824,0.6376502806390656,0.9023638992545209,8.476397514343262,0.42917969822883606,0.05063232316589723,0.16
19,octanol_gsolv_eV,18,0.30231717228889465,0.045434433966875076,0.6271871080172127,0.9134199530919334,9.77243709564209,0.8252624273300171,0.08444796515477533,0.3
19,octanol_gsolv_eV,19,0.1508772224187851,0.044306300580501556,0.6340995775958511,0.9696264310078742,9.447900772094727,0.008515486493706703,0.0009013098993226095,0.16
19,octanol_gsolv_eV,20,0.14567898213863373,0.036806099116802216,0.6391741674742355,0.9636423741070776,7.916911602020264,0.031119033694267273,0.0039307036959117005,0.14
19,octanol_gsolv_eV,21,0.13553433120250702,0.03882625326514244,0.6338272290321789,0.979275589798754,8.25123405456543,0.013353869318962097,0.001618408741123198,0.16
19,octanol_gsolv_eV,22,0.35184627771377563,0.013709829188883305,0.6489681033769747,0.9024271649159212,2.885174036026001,0.7433199882507324,0.2576343676219169,0.18
19,octanol_gsolv_eV,23,0.08101963996887207,0.03051059879362583,0.6400322244690357,0.94276594265931,6.509607791900635,0.06137561798095703,0.009428466344365881,0.06
19,octanol_gsolv_eV,24,0.08748339116573334,0.04207836464047432,0.6363805601125594,0.9617775558031434,9.01242446899414,0.01127283088862896,0.0012508100264708346,0.08
19,octanol_gsolv_eV,25,0.34679585695266724,0.040131546556949615,0.6358386396309639,0.9219741858835062,8.723270416259766,0.5305930972099304,0.06082501996280315,0.32
19,octanol_gsolv_eV,26,0.3399319648742676,0.023992793634533882,0.6501729624985431,0.9529601165294812,5.10186767578125,0.6127085089683533,0.12009494324537319,0.22
19,octanol_gsolv_eV,27,0.0900781974196434,0.0327795147895813,0.6367971400600956,0.9302797210831648,7.030320167541504,0.19864147901535034,0.028254969088387205,0.06
19,octanol_gsolv_eV,28,0.024211948737502098,0.04967759922146797,0.6271421207151773,0.961855706462019,10.3551607131958,0.0031165946274995804,0.0003009701842220602,0.04
19,octanol_gsolv_eV,29,0.1354532390832901,0.054647047072649,0.625306799113762,0.9302685778108548,11.418543815612793,0.22805501520633698,0.019972337882043504,0.12
19,octanol_gsolv_eV,30,0.16847287118434906,0.04074349254369736,0.6464290583014127,0.983992620907884,8.704873085021973,0.026693331077694893,0.003066481362447976,0.2
19,octanol_gsolv_eV,31,0.16528193652629852,0.013100466690957546,0.6449485141829756,0.9302376597350042,2.7185821533203125,0.17263491451740265,0.06350181998603822,0.06
19,octanol_gsolv_eV,32,0.10689176619052887,0.04640344902873039,0.6309418918554586,0.9530481184040338,9.78957748413086,0.013185647316277027,0.001346906680870679,0.12
19,octanol_gsolv_eV,33,0.07394526898860931,0.026393212378025055,0.63776484619543,0.9521543747971772,5.620041847229004,0.03436678647994995,0.006115041028901717,0.08
19,octanol_gsolv_eV,34,0.17980031669139862,0.03936173394322395,0.6377756060293129,0.9801927182780736,8.469184875488281,0.0065179369412362576,0.0007696061707308607,0.26
19,octanol_gsolv_eV,35,0.15389478206634521,0.03979983180761337,0.6366395352968159,0.9617498855555628,8.536093711853027,0.03254248574376106,0.003812339325489515,0.18
19,octanol_gsolv_eV,36,0.2489890158176422,0.04695834964513779,0.6290605443818136,0.934247162376636,10.037834167480469,0.3957909345626831,0.03942991366055094,0.2
19,octanol_gsolv_eV,37,0.2681533694267273,0.03210051357746124,0.6418013084401097,0.9071786825335657,6.961846828460693,0.6843914985656738,0.09830602646525002,0.22
19,octanol_gsolv_eV,38,0.30938926339149475,0.04097096994519234,0.6330148119474639,0.9003505961457998,8.859285354614258,0.817531168460846,0.09227958415799804,0.24
19,octanol_gsolv_eV,39,0.136172816157341,0.04421508312225342,0.6362521014473108,0.9670056959299731,9.455947875976562,0.014902262948453426,0.0015759671207910921,0.14
19,octanol_gsolv_eV,40,0.20829296112060547,0.04142104461789131,0.6385466168225751,0.9678617514198746,8.927284240722656,0.04354960098862648,0.004878258585065639,0.16
19,octanol_gsolv_eV,41,0.17866617441177368,0.038651105016469955,0.636662932749986,0.9144185352179528,8.304450988769531,0.34657904505729675,0.04173413095290593,0.12
19,octanol_gsolv_eV,42,0.11851460486650467,0.04667234793305397,0.6330405927249747,0.9658430529165143,9.907005310058594,0.08226493746042252,0.008303713875766155,0.06
19,octanol_gsolv_eV,43,0.20139822363853455,0.03758306801319122,0.6287063704866622,0.93035327960343,7.9617228507995605,0.4226111173629761,0.05308036027912415,0.18
19,octanol_gsolv_eV,44,0.1692907214164734,0.06609947234392166,0.6311545807885428,0.9685049875205936,13.974784851074219,0.05083410441875458,0.003637559000763224,0.2
19,octanol_gsolv_eV,45,0.2774884104728699,0.04302505403757095,0.6363433399361562,0.8976459944658979,9.36151123046875,0.6881944537162781,0.07351317931194948,0.24
19,octanol_gsolv_eV,46,0.1626770943403244,0.04280215874314308,0.6344634068973376,0.9680141513534757,9.078741073608398,0.02993353083729744,0.003297101502796817,0.18
19,octanol_gsolv_eV,47,0.29499661922454834,0.03903193771839142,0.637111259138907,0.9281965924633657,8.51388931274414,0.4330984055995941,0.05086963075163596,0.26
19,octanol_gsolv_eV,48,0.08225969970226288,0.037309639155864716,0.6391369653062924,0.951960030742028,7.994035720825195,0.016670968383550644,0.0020854258056567402,0.08
19,octanol_gsolv_eV,49,0.1179637536406517,0.036761119961738586,0.6287651857064911,0.920761671801033,7.580456733703613,0.3072880208492279,0.04053687418107523,0.02
19,octanol_gsolv_eV,50,0.19187073409557343,0.03157743811607361,0.6426655122289231,0.9637110850870119,6.736127853393555,0.11856839805841446,0.017601862767299106,0.16
19,octanol_gsolv_eV,51,0.047381702810525894,0.04925743117928505,0.6350296719796322,0.9639055720876601,10.55380630493164,0.004380447324365377,0.00041505852938749293,0.04
19,octanol_gsolv_eV,52,0.24795781075954437,0.04384143650531769,0.6312168393253295,0.9201531259869864,9.392044067382812,0.3330022096633911,0.03545577589652276,0.26
19,octanol_gsolv_eV,53,0.2522198557853699,0.04215247556567192,0.6372102289408577,0.9058155895203586,9.100751876831055,0.7434483170509338,0.08169086764618043,0.18
19,octanol_gsolv_eV,54,0.07510752230882645,0.024646200239658356,0.6456979039481283,0.964363684965875,5.2007365226745605,0.015489461831748486,0.0029783208136417542,0.04
19,octanol_gsolv_eV,55,0.11079781502485275,0.029751254245638847,0.6457986876283435,0.9613429814181649,6.301402568817139,0.03316734731197357,0.005263486493642565,0.14
19,octanol_gsolv_eV,56,0.3466513156890869,0.029311886057257652,0.643129768232167,0.9308954167963017,6.309986114501953,0.43058112263679504,0.06823804598352604,0.26
19,octanol_gsolv_eV,57,0.12450215220451355,0.040944285690784454,0.636297919066692,0.9775687115522207,8.755104064941406,0.007296948228031397,0.0008334507704198525,0.16
19,octanol_gsolv_eV,58,0.06826697289943695,0.05479174107313156,0.6263115985317105,0.9673839785907306,11.33545207977295,0.007034134119749069,0.0006205428835344664,0.04
19,octanol_gsolv_eV,59,0.1937699019908905,0.02072468400001526,0.6446108753447892,0.9319848342154153,4.369454383850098,0.4052603244781494,0.09274849646583531,0.1
19,octanol_gsolv_eV,60,0.45310041308403015,0.014601892791688442,0.6524862909901441,0.923946010041534,3.0424904823303223,0.8882410526275635,0.2919453841470152,0.3
19,octanol_gsolv_eV,61,0.2862323820590973,0.03122420608997345,0.6432080863415874,0.9119884673168397,6.72248649597168,0.5112035274505615,0.07604381619165622,0.3
19,octanol_gsolv_eV,62,0.15069878101348877,0.0434107668697834,0.6285762667872918,0.9080220362615647,9.239545822143555,0.7147253155708313,0.07735502689514413,0.06
19,octanol_gsolv_eV,63,0.17432770133018494,0.03818213567137718,0.635776958852438,0.9783237756596355,8.156672477722168,0.006644345819950104,0.0008145902435211673,0.2
19,octanol_gsolv_eV,64,0.08130764216184616,0.04025106877088547,0.6333490793245007,0.9192009845947868,8.582456588745117,0.07804832607507706,0.009093937763393789,0.04
19,octanol_gsolv_eV,65,0.04987858608365059,0.015158034861087799,0.6455488455431972,0.9740391434753273,3.140820026397705,0.029056062921881676,0.009251107251505554,0.02
19,octanol_gsolv_eV,66,0.25111904740333557,0.024681854993104935,0.6466968603950574,0.9646739783197582,5.26409912109375,0.09357251971960068,0.01777559988273143,0.18
19,octanol_gsolv_eV,67,0.19685465097427368,0.03829445317387581,0.6368870341356323,0.9179112931377291,8.179279327392578,0.3140147030353546,0.03839148786418295,0.2
19,octanol_gsolv_eV,68,0.08763667941093445,0.041806187480688095,0.6292469907605689,0.9155113001430615,8.773029327392578,0.12885816395282745,0.014687989649195125,0.14
19,octanol_gsolv_eV,69,0.11065888404846191,0.04776176065206528,0.6346568700457209,0.9731035117704934,10.2406005859375,0.021343208849430084,0.002084175500286458,0.02
19,octanol_gsolv_eV,70,0.15035995841026306,0.030885986983776093,0.644321093488726,0.9573443061840472,6.546993732452393,0.10575412213802338,0.016153081316363147,0.14
19,octanol_gsolv_eV,71,0.17485977709293365,0.012468300759792328,0.6451017611537517,0.9460936048863573,2.5480520725250244,0.16233693063259125,0.06371020921551317,0.14
19,octanol_gsolv_eV,72,0.150991290807724,0.04285762459039688,0.6368108855068064,0.9669613066909863,9.131640434265137,0.012253026477992535,0.0013418209538797494,0.12
19,octanol_gsolv_eV,73,0.3440089821815491,0.042432624846696854,0.636607142384763,0.940308050180368,9.207127571105957,0.6997742652893066,0.07600353746431798,0.36
19,octanol_gsolv_eV,74,0.18948057293891907,0.037669770419597626,0.6349572153550407,0.9085437734158073,8.124048233032227,0.47957804799079895,0.05903190555182128,0.2
19,octanol_gsolv_eV,75,0.14787645637989044,0.04451872780919075,0.6316049609817596,0.9207886009609441,9.497058868408203,0.19334611296653748,0.020358525270355,0.16
19,octanol_gsolv_eV,76,0.20237304270267487,0.014533387497067451,0.6448329745016605,0.9388437685647049,3.039189577102661,0.2510976195335388,0.08261992651768592,0.1
19,octanol_gsolv_eV,77,0.3917754590511322,0.011873345822095871,0.6504745514269246,0.9411002787087375,2.4869277477264404,0.5367921590805054,0.21584549835484484,0.24
19,octanol_gsolv_eV,78,0.20984792709350586,0.05378643050789833,0.6316557077308225,0.9721804749481542,11.446706771850586,0.026111677289009094,0.002281151933866445,0.18
19,octanol_gsolv_eV,79,0.13493256270885468,0.04312901571393013,0.6340045715444229,0.973549165827968,9.222689628601074,0.007802051026374102,0.0008459626573769392,0.14
19,octanol_gsolv_eV,80,0.05149347335100174,0.0445072203874588,0.6316631686906442,0.9690210634372041,9.446257591247559,0.006842081900686026,0.0007243166761644913,0.04
19,octanol_gsolv_eV,81,0.24595971405506134,0.04022948443889618,0.6346940798515674,0.9228626133893862,8.677202224731445,0.38169437646865845,0.0439881849682801,0.22
19,octanol_gsolv_eV,82,0.2246745526790619,0.045931290835142136,0.6327772903507276,0.9225832328934722,9.933938980102539,0.2770783007144928,0.027892088049813326,0.18
19,octanol_gsolv_eV,83,0.08397999405860901,0.0334446057677269,0.6455834603990012,0.9646429659349829,7.092648029327393,0.06787066906690598,0.009569157920464618,0.06
19,octanol_gsolv_eV,84,0.053661905229091644,0.04588835686445236,0.6339476275286569,0.9546164229689384,9.785882949829102,0.011184398084878922,0.0011429114922199477,0.06
19,octanol_gsolv_eV,85,0.2010081559419632,0.01957903429865837,0.646290354482157,0.9569214389909206,4.129136562347412,0.08706681430339813,0.02108596143255206,0.22
19,octanol_gsolv_eV,86,0.20116205513477325,0.02474597841501236,0.6450165120111098,0.9666651394490826,5.246127605438232,0.04944246634840965,0.00942456418657386,0.18
19,octanol_gsolv_eV,87,0.3865167796611786,0.031009063124656677,0.650719726164382,0.9266936013309763,6.716371059417725,1.0140832662582397,0.15098678397708354,0.3
19,octanol_gsolv_eV,88,0.2054416686296463,0.02098582684993744,0.6470908271869189,0.9520461045355642,4.433567047119141,0.08907146006822586,0.020090247676778236,0.18
19,octanol_gsolv_eV,89,0.176145538687706,0.04117364063858986,0.6346070332688791,0.9396114934473492,8.826921463012695,0.11704302579164505,0.01325977876682018,0.18
19,octanol_gsolv_eV,90,0.08208763599395752,0.053650446236133575,0.6259780466805211,0.9522688473102063,11.19050407409668,0.027259668335318565,0.0024359642921196133,0.04
19,octanol_gsolv_eV,91,0.42301657795906067,0.014741094782948494,0.6509038402590768,0.9044059241091722,3.123077154159546,0.8362383246421814,0.26776102009789193,0.26
19,octanol_gsolv_eV,92,0.21924340724945068,0.026886913925409317,0.6444892995340832,0.9591029794598986,5.702814102172852,0.07443822920322418,0.013052894214956468,0.22
19,octanol_gsolv_eV,93,0.13277393579483032,0.021787427365779877,0.6434354783624068,0.9179080597507607,4.629144191741943,0.1862218677997589,0.04022814154978477,0.16
19,octanol_gsolv_eV,94,0.19016563892364502,0.013353724032640457,0.645673157407584,0.9623454153457114,2.7740108966827393,0.06928826868534088,0.024977648346009833,0.18
19,octanol_gsolv_eV,95,0.11987575888633728,0.04116862267255783,0.6332092083276668,0.954471605509184,8.77534294128418,0.021529454737901688,0.0024534032324383527,0.12
19,octanol_gsolv_eV,96,0.2931830585002899,0.04181388020515442,0.6362235379174885,0.9200394377773786,8.982169151306152,0.9583717584609985,0.10669713989094003,0.32
19,octanol_gsolv_eV,97,0.17910945415496826,0.037462733685970306,0.6316342858477411,0.9097310046488309,8.027200698852539,0.6434914469718933,0.08016386672179235,0.22
19,octanol_gsolv_eV,98,0.12260303646326065,0.03657674789428711,0.6375644785580905,0.9414381245672294,7.836832523345947,0.08769678324460983,0.01119033525130987,0.08
19,octanol_gsolv_eV,99,0.08560381829738617,0.02982926368713379,0.6424229058737552,0.9457228263283226,6.357197284698486,0.109202541410923,0.01717778079245221,0.1
19,octanol_gsolv_eV,100,0.13650554418563843,0.03670687973499298,0.6375881975120594,0.9522543982241727,7.858245372772217,0.028222661465406418,0.003591471139752675,0.18
19,octanol_gsolv_eV,101,0.19747263193130493,0.04410647228360176,0.6346022324840965,0.9491982749375323,9.510519981384277,0.07448238134384155,0.007831578240688421,0.22
19,octanol_gsolv_eV,102,0.22575236856937408,0.02811608836054802,0.6454224514393287,0.9217815093724862,5.975625991821289,0.33484703302383423,0.05603547368629365,0.22
19,octanol_gsolv_eV,103,0.15193603932857513,0.038730084896087646,0.6365970884405809,0.9675186844555541,8.304651260375977,0.03151145949959755,0.0037944350113710773,0.16
19,octanol_gsolv_eV,104,0.1244962140917778,0.04414762184023857,0.6346715743483888,0.9677325088017983,9.45760726928711,0.041744861751794815,0.004413892495553099,0.04
19,octanol_gsolv_eV,105,0.2382795810699463,0.03469489887356758,0.6390340821766773,0.9122119686587962,7.472692489624023,0.3953869342803955,0.05291090658814047,0.18
19,octanol_gsolv_eV,106,0.06641737371683121,0.025041604414582253,0.6411415741928581,0.9579832879847214,5.288568496704102,0.0442887581884861,0.008374432176890094,0.04
19,octanol_gsolv_eV,107,0.21411152184009552,0.04247996583580971,0.6360296149782321,0.9756294270114894,9.171035766601562,0.00611465610563755,0.00066673560776041,0.2
19,octanol_gsolv_eV,108,0.07574304193258286,0.0371684804558754,0.6362531996554188,0.9625686629145249,7.9657063484191895,0.01555806677788496,0.0019531308458254288,0.04
19,octanol_gsolv_eV,109,0.2565193474292755,0.044772520661354065,0.6298917669172328,0.9279608485537238,9.600278854370117,0.33699971437454224,0.03510311726217593,0.32
19,octanol_gsolv_eV,110,0.1831461638212204,0.043177779763936996,0.6349932093462527,0.9495292975198295,9.247084617614746,0.012387276627123356,0.0013395872471553755,0.18
19,octanol_gsolv_eV,111,0.07735051959753036,0.05110294371843338,0.632282588582127,0.9658881663567151,10.862690925598145,0.007575097028166056,0.0006973499550019591,0.04
19,octanol_gsolv_eV,112,0.3044593930244446,0.03562472015619278,0.6399801841439279,0.9214480792655169,7.748951435089111,0.745175838470459,0.09616473205602039,0.2
19,octanol_gsolv_eV,113,0.29483431577682495,0.038369521498680115,0.635111498348744,0.8981224342706828,8.363249778747559,0.5223966836929321,0.06246336023831681,0.26
19,octanol_gsolv_eV,114,0.313169002532959,0.02136307768523693,0.6468640879748386,0.914451782164889,4.563107013702393,0.7012755870819092,0.15368379154292755,0.2
19,octanol_gsolv_eV,115,0.3018408715724945,0.039886828511953354,0.6349225737505793,0.9354686687575762,8.605626106262207,0.23172128200531006,0.026926719699882078,0.28
19,octanol_gsolv_eV,116,0.19395165145397186,0.04064764827489853,0.6348534530501326,0.9389940759589255,8.731321334838867,0.2672377824783325,0.030606797325397516,0.18
19,octanol_gsolv_eV,117,0.4787684679031372,0.03160781413316727,0.648341398958185,0.913494174093266,6.762801170349121,3.00849986076355,0.444860019536585,0.24
19,octanol_gsolv_eV,118,0.06295492500066757,0.049593448638916016,0.6258729809646928,0.9473140603228898,10.314833641052246,0.017790954560041428,0.0017247931647908304,0.02
19,octanol_gsolv_eV,119,0.26467403769493103,0.02537911757826805,0.6466898090189765,0.9610484362642775,5.400991439819336,0.09338375180959702,0.01729011290799615,0.26
19,octanol_gsolv_eV,120,0.0636301040649414,0.0419471338391304,0.6352166392460694,0.9529291105844881,8.93329906463623,0.010469242930412292,0.0011719346743753738,0.04
19,octanol_gsolv_eV,121,0.10062742233276367,0.04441896453499794,0.6345774731682301,0.937191351290616,9.50725269317627,0.04479669779539108,0.004711844655979686,0.16
19,octanol_gsolv_eV,122,0.10299193114042282,0.038714490830898285,0.6364387863182255,0.9687119583156867,8.278559684753418,0.030275193974375725,0.0036570605428059423,0.14
19,octanol_gsolv_eV,123,0.2204582542181015,0.041529033333063126,0.6344847287125874,0.9173983283871545,8.969869613647461,0.4701312780380249,0.052412275572292645,0.16
19,octanol_gsolv_eV,124,0.2214294821023941,0.035254716873168945,0.6362295252516466,0.9333712089594721,7.589286804199219,0.15681833028793335,0.02066311819987675,0.22
19,octanol_gsolv_eV,125,0.22184450924396515,0.03938211500644684,0.6385835966284532,0.9410930055548223,8.499627113342285,0.06367144733667374,0.0074910871368375105,0.2
19,octanol_gsolv_eV,126,0.15755583345890045,0.03880374878644943,0.6358283052184062,0.9417137838443277,8.303759574890137,0.11979514360427856,0.014426615140270788,0.18
19,octanol_gsolv_eV,127,0.210678830742836,0.030300937592983246,0.6461076723715171,0.97303540439692,6.438207626342773,0.0507342554628849,0.007880183182552085,0.26
19,octanol_gsolv_eV,128,0.10790977627038956,0.0351720005273819,0.6368594636035811,0.949521091760595,7.528773307800293,0.025157691910862923,0.0033415393029297266,0.08
19,octanol_gsolv_eV,129,0.255015105009079,0.03507617115974426,0.6398303558060283,0.9011258626246432,7.533283233642578,0.9309869408607483,0.12358315916001833,0.24
19,octanol_gsolv_eV,130,0.07053714245557785,0.039789021015167236,0.6352326043940675,0.9621242721484473,8.487992286682129,0.008950922638177872,0.0010545394406427644,0.04
19,octanol_gsolv_eV,131,0.07318495959043503,0.040502723306417465,0.6350146078922405,0.957985403064616,8.653549194335938,0.007003371603786945,0.0008093062680421238,0.04
19,octanol_gsolv_eV,132,0.10607633739709854,0.042064204812049866,0.6355659005636389,0.9333434946687182,9.026223182678223,0.11961866170167923,0.013252349214146784,0.04
19,octanol_gsolv_eV,133,0.31993016600608826,0.05300053581595421,0.6379185403562675,0.9159270120406549,11.66377067565918,1.5574190616607666,0.13352620734484294,0.24
19,octanol_gsolv_eV,134,0.11062812805175781,0.04561423137784004,0.6296895715451183,0.9324751673668057,9.647407531738281,0.1540321260690689,0.01596616765305396,0.08
19,octanol_gsolv_eV,135,0.12381145358085632,0.038691237568855286,0.6363598914566493,0.9566215811271699,8.258108139038086,0.020728249102830887,0.0025100481555628234,0.12
19,octanol_gsolv_eV,136,0.1805226355791092,0.02726076729595661,0.6358921035846721,0.9123112159624518,5.833489418029785,0.6095214486122131,0.10448659540348908,0.12
19,octanol_gsolv_eV,137,0.19459784030914307,0.044862985610961914,0.6336472329467921,0.9744003193473512,9.549901962280273,0.019189024344086647,0.0020093425482144737,0.22
19,octanol_gsolv_eV,138,0.20963522791862488,0.018814994022250175,0.6463257766059649,0.9252470602931391,3.9614672660827637,0.4007461965084076,0.10116105210296975,0.14
19,octanol_gsolv_eV,139,0.05100800096988678,0.04272425174713135,0.6344550294415237,0.9482432745833942,9.140509605407715,0.03646441176533699,0.0039893193420817465,0.1
19,octanol_gsolv_eV,140,0.15921521186828613,0.041794657707214355,0.6438889474842378,0.9839483664208251,8.94801139831543,0.017986763268709183,0.0020101408534297805,0.18
19,octanol_gsolv_eV,141,0.18380257487297058,0.039920248091220856,0.6323595649013161,0.92408594402778,8.548295974731445,0.17930518090724945,0.02097554663961931,0.14
19,octanol_gsolv_eV,142,0.09502392262220383,0.04512060806155205,0.632065437752015,0.9632672731866192,9.524262428283691,0.016998451203107834,0.001784752502474989,0.06
19,octanol_gsolv_eV,143,0.31865131855010986,0.03051215223968029,0.6457334758797098,0.9415307964084103,6.5809173583984375,0.4561503529548645,0.06931409834112784,0.24
19,octanol_gsolv_eV,144,0.7012750506401062,0.01097318809479475,0.6818596971605153,0.922711921803324,2.304126024246216,1.5362331867218018,0.6667314072911326,0.46
19,octanol_gsolv_eV,145,0.1416628360748291,0.05293259024620056,0.6327755554512635,0.9804911717273408,11.03049373626709,0.009667882695794106,0.0008764687172621418,0.18
19,octanol_gsolv_eV,146,0.05903714522719383,0.02594197914004326,0.6423254574559862,0.9679203377529346,5.5019025802612305,0.03024040162563324,0.00549635352216604,0.08
19,octanol_gsolv_eV,147,0.13914801180362701,0.03991583734750748,0.6369256200553182,0.9704347591606473,8.564406394958496,0.014381231740117073,0.0016791860494362687,0.14
19,octanol_gsolv_eV,148,0.14110349118709564,0.02073391154408455,0.647239962834963,0.9721337847275662,4.373929500579834,0.04409445822238922,0.010081200032269335,0.12
19,octanol_gsolv_eV,149,0.10852348059415817,0.04047321155667305,0.6371395049871025,0.959304392179714,8.6421480178833,0.016450684517621994,0.001903541166337396,0.14
19,octanol_gsolv_eV,150,0.1081608235836029,0.04237271472811699,0.6364521553610691,0.9624329421767188,9.081385612487793,0.011115209199488163,0.0012239552061530856,0.14
19,octanol_gsolv_eV,151,0.29531627893447876,0.020926307886838913,0.6451101202657958,0.9511294909554049,4.39996862411499,0.17090097069740295,0.03884140667748011,0.28
19,octanol_gsolv_eV,152,0.18493543565273285,0.03903549537062645,0.6374674632622497,0.9617174163549562,8.384060859680176,0.037363819777965546,0.004456530123445556,0.2
19,octanol_gsolv_eV,153,0.042893506586551666,0.05540568754076958,0.6243884595133957,0.9397929571457617,11.4810152053833,0.03689492866396904,0.0032135597770717593,0.04
19,octanol_gsolv_eV,154,0.24404031038284302,0.04122066870331764,0.6363626275839234,0.944762444050723,8.920105934143066,0.40954723954200745,0.04591282239983305,0.18
19,octanol_gsolv_eV,155,0.280298113822937,0.04503609612584114,0.6371790525608596,0.9232593693248023,9.814648628234863,0.6479396224021912,0.06601760765415413,0.26
19,octanol_gsolv_eV,156,0.1472855806350708,0.016501054167747498,0.6429563746362112,0.9553313048003995,3.494641065597534,0.17586982250213623,0.05032557541701782,0.06
19,octanol_gsolv_eV,157,0.3035336434841156,0.0454324334859848,0.6325125884310021,0.9187146321823203,9.814087867736816,1.1791802644729614,0.12015179407038333,0.26
19,octanol_gsolv_eV,158,0.14778736233711243,0.029239553958177567,0.6432638948405145,0.940858513259476,6.2015814781188965,0.131755530834198,0.021245472836093886,0.06
19,octanol_gsolv_eV,159,0.288901150226593,0.04531990364193916,0.6308926231583298,0.9068234850934409,9.747878074645996,0.646091103553772,0.06628017898933716,0.26
19,octanol_gsolv_eV,160,0.27816739678382874,0.04862896353006363,0.6325708503436074,0.9511189116269645,10.380355834960938,0.17065945267677307,0.01644061681411669,0.26
19,octanol_gsolv_eV,161,0.16188187897205353,0.043692730367183685,0.6334286852334672,0.9548263786473385,9.33733081817627,0.01905427686870098,0.00204065564771567,0.18
19,octanol_gsolv_eV,162,0.4165668189525604,0.023535722866654396,0.6472438687459032,0.9223993630274396,5.066586971282959,0.8124487400054932,0.1603542472694918,0.4
19,octanol_gsolv_eV,163,0.0822400152683258,0.04410811513662338,0.6359023805351798,0.9346149660552621,9.5049467086792,0.3140352964401245,0.03303914330770221,0.08
19,octanol_gsolv_eV,164,0.31405720114707947,0.041233327239751816,0.6352151361199148,0.9161228151051664,8.909283638000488,0.39578408002853394,0.04442378266423223,0.28
19,octanol_gsolv_eV,165,0.1521691381931305,0.0159103162586689,0.6475780198294876,0.9638958220125502,3.328429698944092,0.08823702484369278,0.026510106213655352,0.18
19,octanol_gsolv_eV,166,0.12068634480237961,0.03964587301015854,0.6415452488067612,0.9622142107440885,8.530731201171875,0.010492654517292976,0.0012299830190232216,0.16
19,octanol_gsolv_eV,167,0.49485889077186584,0.01750902831554413,0.6550965689618411,0.9064514929887844,3.7320735454559326,1.1549935340881348,0.3094776991987262,0.36
19,octanol_gsolv_eV,168,0.12763714790344238,0.02872402034699917,0.6391613811231982,0.8944509242593315,6.072795391082764,0.3710929751396179,0.061107439200821324,0.04
19,octanol_gsolv_eV,169,0.07772549986839294,0.021119732409715652,0.6368044475371282,0.9406668665190427,4.4603657722473145,0.05552585422992706,0.012448722159831047,0.08
19,octanol_gsolv_eV,170,0.1458888053894043,0.04497175291180611,0.6324441541064085,0.9709103164172685,9.522530555725098,0.026213794946670532,0.002752818149888779,0.18
19,octanol_gsolv_eV,171,0.12605984508991241,0.03889773041009903,0.6329335504498119,0.9688670708463452,8.308623313903809,0.023430008441209793,0.0028199627731349394,0.06
19,octanol_gsolv_eV,172,0.04904306307435036,0.04686439782381058,0.6303722797795064,0.9463417133181724,9.911376953125,0.009046138264238834,0.0009127024738360536,0.02
19,octanol_gsolv_eV,173,0.1494438499212265,0.03967933729290962,0.6352533237077704,0.9557267070048927,8.498770713806152,0.050933562219142914,0.005993050516870863,0.18
19,octanol_gsolv_eV,174,0.12528754770755768,0.022778967395424843,0.6431302595459811,0.9474826167184207,4.795966625213623,0.061607684940099716,0.012845728453616078,0.08
19,octanol_gsolv_eV,175,0.19379274547100067,0.04015849530696869,0.6375410381476996,0.9255493034231195,8.690098762512207,0.28761935234069824,0.03309736289551107,0.18
19,octanol_gsolv_eV,176,0.12498659640550613,0.024679942056536674,0.6423161217773246,0.9251390953986605,5.2055983543396,0.08493129909038544,0.01631537689026339,0.08
19,octanol_gsolv_eV,177,0.14715972542762756,0.04105570912361145,0.6372976077975159,0.9647486581146005,8.79912281036377,0.019963176921010017,0.0022687689842784122,0.18
19,octanol_gsolv_eV,178,0.20669592916965485,0.04075124114751816,0.6330758823416076,0.9065927667322999,8.781709671020508,0.39352181553840637,0.04481152648863144,0.2
19,octanol_gsolv_eV,179,0.12254272401332855,0.018350008875131607,0.645426156716058,0.9510880923252607,3.8379883766174316,0.0379202738404274,0.009880247181427894,0.14
19,octanol_gsolv_eV,180,0.48464494943618774,0.023096570745110512,0.6504276675417777,0.932364393314423,5.04258394241333,0.8024423122406006,0.15913315899240335,0.46
19,octanol_gsolv_eV,181,0.0950278714299202,0.022862177342176437,0.6429965820733909,0.9617829785592782,4.8019866943359375,0.0339876227080822,0.007077825256819525,0.04
19,octanol_gsolv_eV,182,0.4966757595539093,0.020378975197672844,0.651610897137364,0.9380286939614801,4.3214240074157715,1.0942528247833252,0.25321579713204134,0.4
19,octanol_gsolv_eV,183,0.22140897810459137,0.0382065623998642,0.6359818486288844,0.9310640149004232,8.197976112365723,0.2880608141422272,0.03513804019356923,0.18
19,octanol_gsolv_eV,184,0.17695553600788116,0.021784326061606407,0.6475971341598525,0.9812914448825605,4.596804618835449,0.1125076562166214,0.024475187776226173,0.18
19,octanol_gsolv_eV,185,0.08861301839351654,0.0370953343808651,0.6333371179339427,0.9454040370716554,7.881290912628174,0.09031230211257935,0.011459074803072192,0.06
19,octanol_gsolv_eV,186,0.16190029680728912,0.03740474581718445,0.6373326779524959,0.9559426492447098,8.04176139831543,0.07737361639738083,0.00962147626185339,0.16
19,octanol_gsolv_eV,187,0.1714152842760086,0.04794752970337868,0.6303540296226966,0.9511334026598874,10.20339298248291,0.09934400022029877,0.009736369106909008,0.18
19,octanol_gsolv_eV,188,0.37421324849128723,0.045643601566553116,0.6363025572674867,0.93008385976756,9.856104850769043,2.329561948776245,0.23635726121506065,0.32
19,octanol_gsolv_eV,189,0.185001403093338,0.04293539747595787,0.6334371248402002,0.9507100642688151,9.186965942382812,0.08786638081073761,0.009564243664535434,0.22
19,octanol_gsolv_eV,190,0.0489325076341629,0.05206509679555893,0.6295047060509289,0.9591710818233912,10.979659080505371,0.007059908472001553,0.0006429988782198691,0.06
19,octanol_gsolv_eV,191,0.31020256876945496,0.04365965351462364,0.6356716046449111,0.937657145163743,9.527898788452148,0.5081093907356262,0.05332858818268062,0.24
19,octanol_gsolv_eV,192,0.24938707053661346,0.03989678993821144,0.6375387784420454,0.9595414435726444,8.630029678344727,0.05460452660918236,0.006327269852408632,0.28
19,octanol_gsolv_eV,193,0.12806743383407593,0.0374540314078331,0.6349969305803074,0.8944737328429126,8.050143241882324,0.4010680615901947,0.04982123293205091,0.06
19,octanol_gsolv_eV,194,0.1998254358768463,0.043627411127090454,0.6318611634219948,0.9733108410544733,9.292141914367676,0.00739218108355999,0.0007955303687441609,0.28
19,octanol_gsolv_eV,195,0.09966359287500381,0.03988179191946983,0.6347547219450143,0.95356659296848,8.51237678527832,0.019592449069023132,0.0023016426038503343,0.06
19,octanol_gsolv_eV,196,0.13856254518032074,0.036619849503040314,0.6411623801398472,0.9751046355200319,7.86047887802124,0.01748989149928093,0.0022250414727510537,0.12
19,octanol_gsolv_eV,197,0.16466109454631805,0.05387425422668457,0.625280205341586,0.9507482418903792,11.192448616027832,0.11388111114501953,0.010174816526022668,0.16
19,octanol_gsolv_eV,198,0.2084590047597885,0.04378637298941612,0.6344778246613934,0.9578827593613932,9.382536888122559,0.036721836775541306,0.003913849443216985,0.18
19,octanol_gsolv_eV,199,0.22199887037277222,0.03757307305932045,0.6459170485572738,0.9752691997453751,8.013040542602539,0.08376095443964005,0.01045308007544855,0.18
19,octanol_gsolv_eV,200,0.054977383464574814,0.039631642401218414,0.6356828371116328,0.9757469323165762,8.46115493774414,0.008696170523762703,0.0010277758282111332,0.04
19,octanol_gsolv_eV,201,0.07029405236244202,0.04205692559480667,0.6369064697499369,0.9658926524167812,9.01494312286377,0.006028003059327602,0.0006686678969764472,0.06
19,octanol_gsolv_eV,202,0.28777140378952026,0.03830042481422424,0.6397039779623244,0.9292481156905295,8.258288383483887,0.3738655149936676,0.04527154994264643,0.26
19,octanol_gsolv_eV,203,0.2626945972442627,0.04298792779445648,0.6347210611466492,0.9144032632428525,9.35893726348877,0.3097766041755676,0.03309954917467744,0.28
19,octanol_gsolv_eV,204,0.28974685072898865,0.03694163262844086,0.6340942369610625,0.8975803107325513,8.03066349029541,0.6543117165565491,0.08147666968579205,0.2
19,octanol_gsolv_eV,205,0.1707802712917328,0.01465460006147623,0.6415454630155453,0.9365468921192162,2.9921891689300537,0.17432545125484467,0.05826017053499994,0.14
19,octanol_gsolv_eV,206,0.14970439672470093,0.04346610978245735,0.6328655122682543,0.9720045157984507,9.260934829711914,0.012402595952153206,0.0013392380121671822,0.16
19,octanol_gsolv_eV,207,0.10754678398370743,0.0651288852095604,0.6290168805197305,0.9742702390281075,13.637887001037598,0.011147448793053627,0.000817388264927368,0.18
19,octanol_gsolv_eV,208,0.12255321443080902,0.04076744616031647,0.6328370725703392,0.9682690313039484,8.707372665405273,0.005113699939101934,0.0005872839185370876,0.12
19,octanol_gsolv_eV,209,0.11824218183755875,0.04214577004313469,0.6343164691142338,0.9471260839024271,9.014817237854004,0.07108145952224731,0.007884958468572172,0.08
19,octanol_gsolv_eV,210,0.14377495646476746,0.040006719529628754,0.6361998428664815,0.9627491289485073,8.540358543395996,0.009297855198383331,0.001088696118686151,0.22
19,octanol_gsolv_eV,211,0.06581877917051315,0.02439608983695507,0.6437248271351359,0.959200559224157,5.131857395172119,0.05705558508634567,0.011117920996795755,0.1
19,octanol_gsolv_eV,212,0.09840872883796692,0.04647298529744148,0.638287822328865,0.9559920993204669,9.910691261291504,0.12296829372644424,0.012407640444489007,0.12
19,octanol_gsolv_eV,213,0.120151586830616,0.042692795395851135,0.6330482423514139,0.939705144091086,9.094754219055176,0.15051445364952087,0.016549590019064565,0.02
19,octanol_gsolv_eV,214,0.12745901942253113,0.04493140056729317,0.631458218190184,0.9657739294611334,9.500884056091309,0.007672520354390144,0.0008075585712964317,0.16
19,octanol_gsolv_eV,215,0.08891228586435318,0.011384408921003342,0.6446339775625816,0.9594660182478127,2.318575859069824,0.08142921328544617,0.035120357596630146,0.04
19,octanol_gsolv_eV,216,0.2855597734451294,0.040233369916677475,0.6345530003672184,0.9127891457580053,8.6809720993042,0.4692612886428833,0.054056306514393214,0.28
19,octanol_gsolv_eV,217,0.10663623362779617,0.04630034416913986,0.633523624122418,0.9594906521272883,9.919596672058105,0.14072920382022858,0.014186988490836518,0.04
19,octanol_gsolv_eV,218,0.08364198356866837,0.014717175625264645,0.6439808257095283,0.9455050475781137,3.027904510498047,0.017067786306142807,0.0056368310978655665,0.04
19,octanol_gsolv_eV,219,0.16146662831306458,0.04941357672214508,0.6337731531200597,0.9413683179480681,10.589290618896484,0.29434287548065186,0.027796278907994073,0.08
19,octanol_gsolv_eV,220,0.1512778401374817,0.02656843140721321,0.6458119427077855,0.9527788051536499,5.620527744293213,0.04703286662697792,0.008368051678907307,0.18
19,octanol_gsolv_eV,221,0.2252425104379654,0.027013227343559265,0.6414322836740933,0.92343021025779,5.739862442016602,0.40329158306121826,0.07026154148034404,0.2
19,octanol_gsolv_eV,222,0.21145574748516083,0.057253990322351456,0.6300757688507892,0.9782652249561454,12.032391548156738,0.018605761229991913,0.001546306164948743,0.18
19,octanol_gsolv_eV,223,0.4993990659713745,0.015172351151704788,0.6569065168254569,0.9448652705519043,3.2308125495910645,0.7985217571258545,0.24715818230523037,0.38
19,octanol_gsolv_eV,224,0.06755483150482178,0.03805793449282646,0.637797611058643,0.9511812957553725,8.148069381713867,0.042123280465602875,0.005169725304516572,0.04
19,octanol_gsolv_eV,225,0.13650375604629517,0.029418110847473145,0.6446357203988284,0.9697189216699391,6.227458953857422,0.03335223346948624,0.005355672950494061,0.12
19,octanol_gsolv_eV,226,0.3478814959526062,0.04607190936803818,0.631421629911628,0.9256679781215438,10.103808403015137,0.709203839302063,0.07019173474136993,0.38
19,octanol_gsolv_eV,227,0.14509816467761993,0.03498199209570885,0.6478815391135941,0.9678747142154054,7.441011905670166,0.012294107116758823,0.001652209037240019,0.2
19,octanol_gsolv_eV,228,0.2057788223028183,0.04368506371974945,0.6313804362279263,0.9172642554729469,9.338506698608398,0.42973119020462036,0.04601712073180371,0.18
19,octanol_gsolv_eV,229,0.06911557912826538,0.04821079596877098,0.6343370916416977,0.9617896683440101,10.293065071105957,0.011873862706124783,0.001153578902309317,0.04
19,octanol_gsolv_eV,230,0.28603866696357727,0.03294414281845093,0.6369618679933748,0.9259932947674419,7.119842052459717,0.3022271692752838,0.042448577798277466,0.22
19,octanol_gsolv_eV,231,0.3441418707370758,0.02084713988006115,0.6449300151137092,0.9130439293212071,4.471479892730713,0.6576840281486511,0.14708419671479422,0.2
19,octanol_gsolv_eV,232,0.1827770322561264,0.027030237019062042,0.6459737793369023,0.9612387272961809,5.722719669342041,0.03931567445397377,0.006870103154728531,0.2
19,octanol_gsolv_eV,233,0.12253694236278534,0.040538281202316284,0.6364801671246902,0.9683506596891747,8.697088241577148,0.034435972571372986,0.003959482945884,0.06
19,octanol_gsolv_eV,234,0.19098587334156036,0.04594944790005684,0.631643544370929,0.9511389589696186,9.678751945495605,0.09293047338724136,0.009601493447767331,0.18
19,octanol_gsolv_eV,235,0.21025928854942322,0.014962411485612392,0.6443377926650888,0.9271075737819583,3.0789077281951904,0.25117677450180054,0.08157983177009225,0.14
19,octanol_gsolv_eV,236,0.22805246710777283,0.029478102922439575,0.6387360829896216,0.9020060115523272,6.327460289001465,0.9801556468009949,0.15490506491280928,0.12
19,octanol_gsolv_eV,237,0.30278217792510986,0.03899926319718361,0.6394078973347146,0.9111426392334963,8.462729454040527,0.4726288914680481,0.05584828086905125,0.28
19,octanol_gsolv_eV,238,0.17575609683990479,0.05098915472626686,0.6305093546334652,0.9395042587845663,10.895758628845215,0.2508206367492676,0.023020025066015137,0.04
19,octanol_gsolv_eV,239,0.2653903663158417,0.04958873242139816,0.6284113191765412,0.9037297873954224,10.493335723876953,0.4097769558429718,0.039051162244866426,0.18
19,octanol_gsolv_eV,240,0.09064365923404694,0.04342300444841385,0.633893006605281,0.9690630175627304,9.238516807556152,0.011839832179248333,0.001281572835324018,0.1
19,octanol_gsolv_eV,241,0.1443922519683838,0.03506937250494957,0.6353998439722912,0.9127990220514868,7.523993492126465,0.24660320580005646,0.03277557404297546,0.04
19,octanol_gsolv_eV,242,0.0642906129360199,0.03794258460402489,0.6367491593057337,0.9568274308199565,8.121576309204102,0.01524359267205,0.00187692537651522,0.04
19,octanol_gsolv_eV,243,0.08889990299940109,0.034756943583488464,0.6323109413723331,0.9157676752476278,7.130309104919434,0.1382080316543579,0.019383175346354014,0.02
19,octanol_gsolv_eV,244,0.32445627450942993,0.0440949872136116,0.6301184844493961,0.9148599278668093,9.644559860229492,0.5073373913764954,0.05260347789105052,0.36
19,octanol_gsolv_eV,245,0.1300797015428543,0.04030336067080498,0.6365641763684025,0.9500260986838724,8.628503799438477,0.025602884590625763,0.0029672449807916805,0.12
19,octanol_gsolv_eV,246,0.14287801086902618,0.04243168979883194,0.6353688432816311,0.9714817262691322,9.02842903137207,0.006707413587719202,0.0007429214500565068,0.18
19,octanol_gsolv_eV,247,0.3120501637458801,0.044029925018548965,0.6319602094433672,0.9135076480172184,9.547517776489258,0.8098148703575134,0.084819414775187,0.3
19,octanol_gsolv_eV,248,0.09130237996578217,0.042501289397478104,0.6374809714042777,0.9643104979930173,9.09847354888916,0.009762492030858994,0.0010729813059742208,0.08
19,octanol_gsolv_eV,249,0.15703967213630676,0.04376806318759918,0.6344861764886578,0.9738291888675208,9.306897163391113,0.05047706887125969,0.005423619492628796,0.16
19,octanol_hl_gap_eV,0,0.18603093922138214,0.0024216168094426394,0.6185236506604033,0.9150552039448439,0.5783647894859314,0.0631815493106842,0.10924169392614984,0.06
19,octanol_hl_gap_eV,1,0.07041717320680618,0.0008669063099659979,0.6499948983380548,0.9708288544567591,0.23782384395599365,0.0008615822298452258,0.0036227748047191217,0.12
19,octanol_hl_gap_eV,2,0.04313236102461815,0.0008428493165411055,0.6273830039599024,0.970036138301253,0.2494598925113678,0.0007458687177859247,0.0029899344150159757,0.06
19,octanol_hl_gap_eV,3,0.07080256938934326,0.0013438556343317032,0.6336811232428643,0.9628292899414488,0.39870983362197876,0.0016083192313089967,0.004033808789461316,0.06
19,octanol_hl_gap_eV,4,0.060881003737449646,0.0024814261123538017,0.5992918251385615,0.9734660260029211,0.40929943323135376,0.007905658334493637,0.01931509719444204,0.0
19,octanol_hl_gap_eV,5,0.15924645960330963,0.0011200029402971268,0.6352535660414869,0.9773279711314125,0.2828245759010315,0.0021218890324234962,0.0075024916970652744,0.1
19,octanol_hl_gap_eV,6,0.15446369349956512,0.0013523356756195426,0.6422398547221562,0.9238437909429364,0.2839624285697937,0.024228189140558243,0.085321812686932,0.08
19,octanol_hl_gap_eV,7,0.08601348102092743,0.00148115458432585,0.6317961047484757,0.978170546958562,0.3356770873069763,0.001020352472551167,0.003039684599080353,0.06
19,octanol_hl_gap_eV,8,0.11859708279371262,0.001959444023668766,0.6339902757992926,0.9797133249317627,0.537739634513855,0.0025018358137458563,0.004652504024568782,0.08
19,octanol_hl_gap_eV,9,0.1264207363128662,0.0008530882769264281,0.6839094562257426,0.9716249563084121,0.2487417608499527,0.0013224362628534436,0.005316502779166103,0.08
19,octanol_hl_gap_eV,10,0.19397535920143127,0.0012252925662323833,0.6368373638629021,0.9654266128877849,0.31915944814682007,0.004570751450955868,0.014321216174221564,0.14
19,octanol_hl_gap_eV,11,0.07747893780469894,0.0016492644790560007,0.6388814320955323,0.9642902982356085,0.31602731347084045,0.0014284742064774036,0.004520097300416433,0.08
19,octanol_hl_gap_eV,12,0.04192572832107544,0.001987026073038578,0.5983219381008502,0.9600676072314436,0.29451262950897217,0.0023714941926300526,0.008052266541451684,0.1
19,octanol_hl_gap_eV,13,0.03994977846741676,0.0008683115593157709,0.6635237814783532,0.9629475127284273,0.30638936161994934,0.001078576548025012,0.0035202806726785016,0.06
19,octanol_hl_gap_eV,14,0.10935164242982864,0.0011598310666158795,0.6198523496084587,0.9795498402496794,0.26640260219573975,0.002764039905741811,0.010375423824542554,0.1
19,octanol_hl_gap_eV,15,0.11036845296621323,0.0020972515922039747,0.6451372809769218,0.982844339556723,0.44790053367614746,0.004857701249420643,0.010845491094978205,0.14
19,octanol_hl_gap_eV,16,0.14760585129261017,0.0009927887003868818,0.6618119543889995,0.9802680103027945,0.2944989502429962,0.00043019390432164073,0.0014607654932782621,0.22
19,octanol_hl_gap_eV,17,0.07626748085021973,0.0023387791588902473,0.6176502284454375,0.9417591420790026,0.4068954586982727,0.006996623706072569,0.01719513834943243,0.0
19,octanol_hl_gap_eV,18,0.06859990209341049,0.0015640880446881056,0.6118438324480602,0.9657136191932523,0.1788792908191681,0.001364552997983992,0.0076283453033332985,0.04
19,octanol_hl_gap_eV,19,0.27701878547668457,0.001044191885739565,0.6568129166219634,0.908846631797239,0.311252236366272,0.034210264682769775,0.10991170724477044,0.18
19,octanol_hl_gap_eV,20,0.524763286113739,0.001035530585795641,0.6570582909057017,0.92450914502976,0.3221883475780487,0.09442499279975891,0.29307389143514845,0.4
19,octanol_hl_gap_eV,21,0.1723317950963974,0.0018287599086761475,0.6583259719611627,0.9857073319572396,0.3230929672718048,0.012656516395509243,0.03917298634625444,0.22
19,octanol_hl_gap_eV,22,0.056163668632507324,0.004201951436698437,0.615238494941668,0.9442542832060015,0.9136708974838257,0.014572516083717346,0.015949414744246375,0.04
19,octanol_hl_gap_eV,23,0.05383533239364624,0.001284487545490265,0.6269417093421137,0.96071487936826,0.26552850008010864,0.0005598539137281477,0.002108451309592916,0.06
19,octanol_hl_gap_eV,24,0.07986282557249069,0.0032991282641887665,0.5995868626720262,0.9849980546805621,0.5443419218063354,0.0045776767656207085,0.008409561311078558,0.08
19,octanol_hl_gap_eV,25,0.045603156089782715,0.0021923815365880728,0.629765844063473,0.9653258531233435,0.43262937664985657,0.0014075578656047583,0.0032534958132164667,0.06
19,octanol_hl_gap_eV,26,0.1052025780081749,0.0011471997713670135,0.6270678003650971,0.9753712070884091,0.2529959976673126,0.0008194777765311301,0.0032390938358192356,0.08
19,octanol_hl_gap_eV,27,0.009483176283538342,0.003289902349933982,0.6327206921938946,0.9721947261727402,0.6180862784385681,0.0011824497487396002,0.0019130820242875275,0.0
19,octanol_hl_gap_eV,28,0.030454492196440697,0.0019855487626045942,0.6255093053510705,0.9633602505255567,0.5347355604171753,0.0004781876050401479,0.0008942506173838311,0.08
19,octanol_hl_gap_eV,29,0.2643885016441345,0.0020354369189590216,0.6113166380041284,0.9067387839219432,0.5313827395439148,0.0881076529622078,0.16580827039626936,0.12
19,octanol_hl_gap_eV,30,0.18878497183322906,0.002692613983526826,0.6054093822714348,0.9842009804903624,0.5770654678344727,0.0015170221449807286,0.0026288562208956786,0.18
19,octanol_hl_gap_eV,31,0.07180199772119522,0.0033141127787530422,0.6174742787255927,0.9268269857732965,0.7691903114318848,0.030235135927796364,0.03930774410238242,0.0
19,octanol_hl_gap_eV,32,0.08789926767349243,0.0010630141478031874,0.6240180571207949,0.9587221773080796,0.32744652032852173,0.0007032147259451449,0.002147571228546332,0.14
19,octanol_hl_gap_eV,33,0.2970546782016754,0.00252519897185266,0.6082675156889192,0.9381629474723894,0.45579656958580017,0.1606755256652832,0.35251587305998205,0.22
19,octanol_hl_gap_eV,34,-0.10801082104444504,0.0018684903625398874,0.6455012134294666,0.9837674994794268,0.3225843906402588,0.040598638355731964,0.12585431761020002,0.12
19,octanol_hl_gap_eV,35,0.07451972365379333,0.0018482217565178871,0.6000477709030292,0.9708640277578928,0.41833069920539856,0.003765855450183153,0.009002101584550778,0.08
19,octanol_hl_gap_eV,36,0.09340118616819382,0.0015068907523527741,0.6338751963632132,0.9308919843228178,0.2736034691333771,0.012637313455343246,0.04618842551730501,0.02
19,octanol_hl_gap_eV,37,0.04977300763130188,0.0008937831735238433,0.6367106943061458,0.9655850877163754,0.24341250956058502,0.000634048308711499,0.002604830416711534,0.04
19,octanol_hl_gap_eV,38,0.021878467872738838,0.0013073718873783946,0.6352740085755064,0.9654874027966889,0.22869162261486053,0.0011733807623386383,0.005130842786990621,0.0
19,octanol_hl_gap_eV,39,0.24844478070735931,0.0011431457241997123,0.6729949842474106,0.9448414505612888,0.31818902492523193,0.012299103662371635,0.03865345030445874,0.16
19,octanol_hl_gap_eV,40,0.20254802703857422,0.0013236512895673513,0.6432500873770295,0.9790759253292547,0.31386807560920715,0.002132466295734048,0.0067941484383048645,0.22
19,octanol_hl_gap_eV,41,0.028989169746637344,0.0028523721266537905,0.6199703106900529,0.9588653287096096,0.5175077319145203,0.003452108008787036,0.0066706404482421155,0.0
19,octanol_hl_gap_eV,42,0.08146324753761292,0.0011607685592025518,0.6441063162476734,0.9741128832922816,0.2554907500743866,0.001196191064082086,0.0046819349183240995,0.06
19,octanol_hl_gap_eV,43,0.03600383177399635,0.0026885857805609703,0.6611560510504466,0.9712504734051324,0.539211630821228,0.0020334916189312935,0.0037712310022583392,0.0
19,octanol_hl_gap_eV,44,0.0987713485956192,0.0012935197446495295,0.6131415606082153,0.9644055185642202,0.2803482115268707,0.0012622136855497956,0.004502306894256093,0.04
19,octanol_hl_gap_eV,45,0.07720047980546951,0.00457744812592864,0.6200384089102984,0.9825898291554505,0.9839904308319092,0.0034903862979263067,0.003547175042114362,0.06
19,octanol_hl_gap_eV,46,0.13888253271579742,0.0014312491985037923,0.5859249238476445,0.8995532636216059,0.2988203465938568,0.04511638730764389,0.15098164439573472,0.1
19,octanol_hl_gap_eV,47,0.39432868361473083,0.002892426447942853,0.6314670839716057,0.9226114539442649,0.6324766278266907,0.1268225759267807,0.20051741099519688,0.32
19,octanol_hl_gap_eV,48,0.022664008662104607,0.001164760673418641,0.6245941743770203,0.973055072590673,0.28434622287750244,0.000789172132499516,0.0027753916493538046,0.02
19,octanol_hl_gap_eV,49,0.08789492398500443,0.002786107826977968,0.6212052754369726,0.9837182741164991,0.3796781301498413,0.0037335020024329424,0.00983333435865664,0.08
19,octanol_hl_gap_eV,50,0.030913429334759712,0.0008640848100185394,0.6289932072342992,0.9726897188225163,0.26798316836357117,0.0015036456752568483,0.005610970586096143,0.02
19,octanol_hl_gap_eV,51,0.08549097925424576,0.0019618261139839888,0.6278069375107529,0.9744356159368888,0.49219393730163574,0.0008303354261443019,0.0016870086427648128,0.14
19,octanol_hl_gap_eV,52,0.047069668769836426,0.0012727637076750398,0.6070214905213538,0.9722536189551021,0.2919635474681854,0.0008306845556944609,0.002845165305387922,0.24
19,octanol_hl_gap_eV,53,0.04778916388750076,0.001639375346712768,0.6366856846075539,0.9680353508698212,0.23206603527069092,0.0014118326362222433,0.00608375385297304,0.06
19,octanol_hl_gap_eV,54,0.2524554431438446,0.0012715969933196902,0.6345254451545195,0.9433678893486332,0.41417524218559265,0.019494323059916496,0.047067813510642084,0.2
19,octanol_hl_gap_eV,55,0.31865307688713074,0.0009968123631551862,0.6537508204096107,0.9014640047545857,0.34190264344215393,0.04672618210315704,0.13666516770018067,0.18
19,octanol_hl_gap_eV,56,0.023082079365849495,0.0011478117667138577,0.6341470324447018,0.9710532224832114,0.2985903024673462,0.0009823233122006059,0.0032898701132734634,0.06
19,octanol_hl_gap_eV,57,0.06588064134120941,0.0007149738958105445,0.659962899228852,0.9641206623649143,0.29795587062835693,0.0013396514113992453,0.004496140346468302,0.1
19,octanol_hl_gap_eV,58,0.061287205666303635,0.0006832320941612124,0.6777088740511414,0.9697977566427849,0.29741761088371277,0.00046217505587264895,0.0015539599504528151,0.02
19,octanol_hl_gap_eV,59,0.01373108010739088,0.002009372226893902,0.601648128554356,0.9764314594857328,0.3818385601043701,0.0026248490903526545,0.006874237870672856,0.04
19,octanol_hl_gap_eV,60,0.0705464780330658,0.0028995301108807325,0.6197729400032406,0.9476177465464779,0.515253484249115,0.01017063856124878,0.019739097108815423,0.04
19,octanol_hl_gap_eV,61,0.0368446409702301,0.0020985505543649197,0.6200103721256292,0.978398849488687,0.34995514154434204,0.0016790376976132393,0.00479786549271342,0.0
19,octanol_hl_gap_eV,62,0.06582438945770264,0.0011341635836288333,0.6452841747847968,0.9676369127492954,0.26515522599220276,0.0018896784167736769,0.007126687432625768,0.02
19,octanol_hl_gap_eV,63,0.09277057647705078,0.0014221539022400975,0.6297108611270035,0.962292533529576,0.2934649884700775,0.0013743785675615072,0.004683279510535692,0.04
19,octanol_hl_gap_eV,64,0.11218643188476562,0.0015752436593174934,0.6115676634610554,0.9638471084669935,0.31188255548477173,0.0013200126122683287,0.004232402835793683,0.1
19,octanol_hl_gap_eV,65,-0.03803973272442818,0.0020641207229346037,0.6581323560780701,0.9811614438496803,0.40329840779304504,0.02358514815568924,0.058480637909664394,0.06
19,octanol_hl_gap_eV,66,0.08270443975925446,0.0009059325093403459,0.6689401625061324,0.9604272283269513,0.3267875909805298,0.000918460835237056,0.002810574393235692,0.04
19,octanol_hl_gap_eV,67,0.1812499612569809,0.0012872578809037805,0.634103671658,0.9272957128474346,0.2517358362674713,0.014904957264661789,0.05920872246740887,0.1
19,octanol_hl_gap_eV,68,0.040901895612478256,0.0013021574122831225,0.6283358699487234,0.9657047297435422,0.406902015209198,0.0011484809219837189,0.0028224999608155235,0.02
19,octanol_hl_gap_eV,69,0.07245223224163055,0.004656698554754257,0.6102711829062166,0.9788831104712079,0.8100489974021912,0.005067886784672737,0.006256271905681429,0.02
19,octanol_hl_gap_eV,70,0.0948898121714592,0.0024834577925503254,0.613792910995963,0.9895461555494285,0.3959563076496124,0.01781630516052246,0.04499563415539366,0.06
19,octanol_hl_gap_eV,71,0.04585856571793556,0.0013116286136209965,0.614618299919033,0.9681351369016533,0.22626975178718567,0.00400176364928484,0.017685809162192537,0.04
19,octanol_hl_gap_eV,72,0.37871572375297546,0.0018343937117606401,0.6249177150026668,0.9184101979998109,0.45680007338523865,0.05593813955783844,0.12245650300205504,0.34
19,octanol_hl_gap_eV,73,0.02926647663116455,0.0017989034531638026,0.5992105532641581,0.9687160592249646,0.2823367714881897,0.0012549450621008873,0.004444851641130927,0.0
19,octanol_hl_gap_eV,74,0.06096641346812248,0.001556608360260725,0.623849950082386,0.9713465621381898,0.19093699753284454,0.0019314383389428258,0.010115579295262482,0.0
19,octanol_hl_gap_eV,75,0.10091609507799149,0.0013270978815853596,0.6361443973626668,0.9598529709126884,0.24613720178604126,0.0010487032122910023,0.004260644895128874,0.08
19,octanol_hl_gap_eV,76,0.2183128297328949,0.0019666862208396196,0.6152900986193801,0.9154011060794089,0.27113577723503113,0.06397299468517303,0.23594449739371257,0.02
19,octanol_hl_gap_eV,77,0.08613807708024979,0.0016530206194147468,0.6231802247334932,0.9852758489445961,0.2545900344848633,0.0008478840463794768,0.003330389769949491,0.12
19,octanol_hl_gap_eV,78,0.2509642541408539,0.0010952155571430922,0.6413285789694947,0.9022352854559343,0.3439720571041107,0.04221178591251373,0.12271864833409246,0.08
19,octanol_hl_gap_eV,79,0.016016121953725815,0.0006973523995839059,0.67140313169244,0.9610494161834442,0.2665014863014221,0.0010099213104695082,0.0037895522628615037,0.04
19,octanol_hl_gap_eV,80,0.08758816123008728,0.0015566361835226417,0.6294771708086293,0.9809086854168201,0.44216737151145935,0.0010684779845178127,0.002416455969750635,0.18
19,octanol_hl_gap_eV,81,0.03241133689880371,0.0012864436721429229,0.6341161280208154,0.9721659669698826,0.2939170002937317,0.0005166865885257721,0.0017579336615759255,0.04
19,octanol_hl_gap_eV,82,0.054397400468587875,0.0014511605259031057,0.616240404848083,0.9695793086433968,0.22043287754058838,0.0012860915157943964,0.0058343906323937,0.04
19,octanol_hl_gap_eV,83,0.020831631496548653,0.0017653588438406587,0.6199049937773244,0.9711300140424242,0.469888299703598,0.0013017035089433193,0.0027702403098021893,0.04
19,octanol_hl_gap_eV,84,0.043781086802482605,0.0022300861310213804,0.6157745121420735,0.9638976579316807,0.5358179211616516,0.000759001646656543,0.0014165290421996894,0.06
19,octanol_hl_gap_eV,85,0.1004946306347847,0.0008784110541455448,0.6654638013216658,0.9604397528355411,0.30226606130599976,0.00046720082173123956,0.001545660864844061,0.12
19,octanol_hl_gap_eV,86,0.08666380494832993,0.000606904795859009,0.6554715368047299,0.9579848288476609,0.25407612323760986,0.001157423248514533,0.0045554191939244934,0.06
19,octanol_hl_gap_eV,87,0.0961044505238533,0.001467605121433735,0.6357859589948038,0.9652667829375123,0.3284810185432434,0.0008804608369246125,0.00268040095841551,0.14
19,octanol_hl_gap_eV,88,0.13945792615413666,0.001202652812935412,0.663845827040517,0.9502226304295645,0.28667858242988586,0.0049855392426252365,0.017390693090386582,0.02
19,octanol_hl_gap_eV,89,0.24227222800254822,0.0008518583490513265,0.627524790630341,0.9024796560477073,0.2616218626499176,0.04778434336185455,0.1826465987125698,0.14
19,octanol_hl_gap_eV,90,0.10316585004329681,0.001487770234234631,0.6185858728678078,0.9678825369882846,0.3867884874343872,0.0010236932430416346,0.0026466486886202595,0.2
19,octanol_hl_gap_eV,91,0.05798890069127083,0.003068960504606366,0.6059918688896475,0.9785186110185677,0.6318185329437256,0.0026026552077382803,0.00411930811147968,0.06
19,octanol_hl_gap_eV,92,0.06036488711833954,0.0011307090753689408,0.6426244908878285,0.9675863611304789,0.28589364886283875,0.0007351238746196032,0.0025713193613905306,0.04
19,octanol_hl_gap_eV,93,0.06445302069187164,0.001335793174803257,0.6236722244630515,0.9785071830888776,0.2733861804008484,0.0007815376739017665,0.0028587314572954955,0.16
19,octanol_hl_gap_eV,94,0.05492298677563667,0.0008565500029362738,0.6825378476257353,0.9683393388047654,0.30406448245048523,0.0005878486554138362,0.0019333026030409956,0.04
19,octanol_hl_gap_eV,95,0.07686249911785126,0.0014435978373512626,0.6250972008003843,0.9688394626876671,0.2746744751930237,0.0019857531879097223,0.0072294784089939985,0.06
19,octanol_hl_gap_eV,96,0.2391684651374817,0.002101989695802331,0.6371966300912133,0.9343903499527604,0.45588135719299316,0.06008978560566902,0.13181014019889076,0.18
19,octanol_hl_gap_eV,97,0.017387889325618744,0.0012436562683433294,0.637463466514167,0.9629622074695241,0.2719222903251648,0.0005963871371932328,0.0021932263680188658,0.04
19,octanol_hl_gap_eV,98,0.06532527506351471,0.0008643321925774217,0.6382167859558607,0.9726934492996613,0.26340633630752563,0.0014414273900911212,0.005472257844276994,0.04
19,octanol_hl_gap_eV,99,0.04076378792524338,0.0009931600652635098,0.6547033862790523,0.9686000019858483,0.2928961515426636,0.0004770213854499161,0.001628636576265949,0.02
19,octanol_hl_gap_eV,100,0.07922188937664032,0.0010808274382725358,0.604439416905866,0.9779160276730003,0.24405404925346375,0.001911498955450952,0.007832277158678706,0.04
19,octanol_hl_gap_eV,101,0.2638542950153351,0.0013109607389196754,0.6344469678855329,0.9176926050660548,0.26800569891929626,0.04348653927445412,0.16225975585522562,0.2
19,octanol_hl_gap_eV,102,0.35569044947624207,0.0009305052808485925,0.6628770087648019,0.9398567074416389,0.3428114652633667,0.028698312118649483,0.08371456332886024,0.34
19,octanol_hl_gap_eV,103,0.09340156614780426,0.0009041020530276,0.6246041144194014,0.9731764884135661,0.26850154995918274,0.001002875855192542,0.0037350840445613737,0.08
19,octanol_hl_gap_eV,104,0.08250017464160919,0.0011732326820492744,0.6595250835490809,0.9604652273264391,0.22040840983390808,0.0005810599541291595,0.0026362875834321634,0.06
19,octanol_hl_gap_eV,105,0.028037000447511673,0.004951667971909046,0.6433191975475769,0.9694431565387363,0.950570285320282,0.002153576584532857,0.002265562702506778,0.0
19,octanol_hl_gap_eV,106,0.02850900962948799,0.0008687894442118704,0.6371529457086951,0.9712064040255475,0.28007733821868896,0.0013275959063321352,0.004740104696708902,0.06
19,octanol_hl_gap_eV,107,0.2604198753833771,0.0021535379346460104,0.6244075709243726,0.9202349279677684,0.3601439893245697,0.04511880502104759,0.12527990570012132,0.2
19,octanol_hl_gap_eV,108,0.07718199491500854,0.003258125390857458,0.6000942014457513,0.9885401131792682,0.5464015007019043,0.0035113878548145294,0.006426387647734899,0.1
19,octanol_hl_gap_eV,109,0.04982670769095421,0.002525151241570711,0.6234733714968543,0.9664241235002118,0.42375534772872925,0.0004151897446718067,0.0009797864425715615,0.02
19,octanol_hl_gap_eV,110,0.2109195590019226,0.0008656523423269391,0.6599738507621546,0.9231982411521826,0.2678244411945343,0.02979045733809471,0.11123128720151575,0.04
19,octanol_hl_gap_eV,111,0.14010994136333466,0.002342699095606804,0.6345688145418065,0.96514630364261,0.4683951437473297,0.007205063011497259,0.015382446013112267,0.12
19,octanol_hl_gap_eV,112,0.04354049265384674,0.0021603466011583805,0.630572350309373,0.9701874294665871,0.388394832611084,0.0008845504489727318,0.002277451641223222,0.02
19,octanol_hl_gap_eV,113,0.1135176420211792,0.0018792988266795874,0.6266968640066712,0.9340017737006039,0.28951534628868103,0.024461153894662857,0.08449000789848354,0.04
19,octanol_hl_gap_eV,114,0.32020238041877747,0.0010435114381834865,0.6361474256183726,0.9008962363470987,0.3176276683807373,0.06154203042387962,0.1937552567055014,0.2
19,octanol_hl_gap_eV,115,0.07060100138187408,0.002198600210249424,0.6313352242082539,0.9700549523032522,0.3712320625782013,0.00621593464165926,0.016744067305204415,0.02
19,octanol_hl_gap_eV,116,0.16177047789096832,0.0008044989081099629,0.6698560744649686,0.9737524711524532,0.2983344495296478,0.0009599935146979988,0.0032178433171613885,0.24
19,octanol_hl_gap_eV,117,0.05485865846276283,0.0024490125942975283,0.6195059197230584,0.9711105877896558,0.4623704254627228,0.0008456888026557863,0.0018290287528867208,0.02
19,octanol_hl_gap_eV,118,0.08786174654960632,0.003519273130223155,0.6172380760555067,0.9633038079965399,0.7876127362251282,0.010401446372270584,0.013206295294464963,0.02
19,octanol_hl_gap_eV,119,0.03692518547177315,0.0014892404433339834,0.6213791479384851,0.9639450090147743,0.3637489080429077,0.0014876137720420957,0.004089672131377552,0.04
19,octanol_hl_gap_eV,120,0.20108550786972046,0.0010886604432016611,0.6601503859154347,0.9340984527629745,0.33789491653442383,0.009404263459146023,0.02783191755472279,0.22
19,octanol_hl_gap_eV,121,0.082002192735672,0.0012628885451704264,0.6272832102280659,0.9669008342783467,0.24136771261692047,0.0009953827830031514,0.004123926817763498,0.1
19,octanol_hl_gap_eV,122,0.023844966664910316,0.0009297759970650077,0.6223072766419206,0.9560060906601604,0.26618438959121704,0.0010963473469018936,0.004118751473689231,0.02
19,octanol_hl_gap_eV,123,0.07293598353862762,0.002692274283617735,0.6236987212495873,0.992127130211788,0.5376234650611877,0.024981411173939705,0.04646637060585987,0.02
19,octanol_hl_gap_eV,124,0.0528690479695797,0.0012914779363200068,0.635700799226333,0.963405939679032,0.2795235514640808,0.0015928697539493442,0.00569851715752127,0.02
19,octanol_hl_gap_eV,125,0.07708057761192322,0.00188808876555413,0.6265157168530318,0.9786775148453624,0.3373786211013794,0.0032567735761404037,0.009653171162738765,0.06
19,octanol_hl_gap_eV,126,0.12874935567378998,0.002150036161765456,0.6321615293757745,0.9828253611572662,0.30904799699783325,0.0021797518711537123,0.00705311761386046,0.16
19,octanol_hl_gap_eV,127,0.20496079325675964,0.0019535571336746216,0.6193366159073725,0.9821827403231442,0.46350449323654175,0.004043653141707182,0.00872408617545714,0.26
19,octanol_hl_gap_eV,128,0.08621131628751755,0.0009761701221577823,0.6537666224240362,0.9631223772646511,0.3482165038585663,0.0004728366038762033,0.0013578810844308902,0.18
19,octanol_hl_gap_eV,129,0.05131789669394493,0.0017421403899788857,0.6357165821020156,0.9700091708440874,0.26894262433052063,0.001844360725954175,0.006857822297768327,0.0
19,octanol_hl_gap_eV,130,0.04056704416871071,0.0008158740820363164,0.6730986130290018,0.9767613881531674,0.30720293521881104,0.0008461814722977579,0.002754470661860862,0.02
19,octanol_hl_gap_eV,131,0.06402251124382019,0.001612024032510817,0.6315950896472009,0.9690669548035336,0.3010323941707611,0.002740558935329318,0.009103867186382378,0.02
19,octanol_hl_gap_eV,132,0.26447784900665283,0.0012957006692886353,0.6286882531352969,0.9135989410595702,0.30114030838012695,0.039587728679180145,0.13145941468987565,0.3
19,octanol_hl_gap_eV,133,0.06672254204750061,0.0024264217354357243,0.6277143500228684,0.9178184031788204,0.5830281972885132,0.04213986545801163,0.07227757706058013,0.14
19,octanol_hl_gap_eV,134,0.1515180468559265,0.0008360167266801,0.6601387710841591,0.9723696408461835,0.25863537192344666,0.0005348043632693589,0.0020677928130714285,0.14
19,octanol_hl_gap_eV,135,0.053000953048467636,0.0006821826100349426,0.6351138731964026,0.9679116809827291,0.2407526671886444,0.001036287983879447,0.004304367615032285,0.06
19,octanol_hl_gap_eV,136,0.10591644793748856,0.001237289048731327,0.6475072820189682,0.9738017210810306,0.24257275462150574,0.0011510454351082444,0.0047451554767733856,0.08
19,octanol_hl_gap_eV,137,0.08009804040193558,0.0009336064103990793,0.6461696908040504,0.9627981710548823,0.30306944251060486,0.0007586492574773729,0.002503219233165767,0.02
19,octanol_hl_gap_eV,138,0.2841193974018097,0.0015586289810016751,0.6306397086227582,0.9106872679470048,0.2883804738521576,0.14541256427764893,0.5042385926316106,0.18
19,octanol_hl_gap_eV,139,0.16648386418819427,0.0011096824891865253,0.6222558153662443,0.9302639776541788,0.2065078765153885,0.027842720970511436,0.1348264358741622,0.04
19,octanol_hl_gap_eV,140,0.1769881695508957,0.0020701580215245485,0.6297374700931053,0.983122500057428,0.5346727967262268,0.0021775097120553255,0.004072602394189684,0.16
19,octanol_hl_gap_eV,141,0.09566707164049149,0.0012951088137924671,0.6474884334162261,0.9759725071760481,0.24653242528438568,0.0015283199027180672,0.006199265272935538,0.1
19,octanol_hl_gap_eV,142,0.03361133113503456,0.003225671825930476,0.6146309947213158,0.9771776428764434,0.7377463579177856,0.0019041580380871892,0.0025810470192783905,0.06
19,octanol_hl_gap_eV,143,0.0038778248708695173,0.00203366088680923,0.6286246409506944,0.972834798323619,0.33195748925209045,0.0010618678061291575,0.0031988065957528947,0.0
19,octanol_hl_gap_eV,144,0.12952621281147003,0.0014039396774023771,0.6418850178506008,0.9697239733236267,0.055798642337322235,0.010358392260968685,0.1856387866634567,0.12
19,octanol_hl_gap_eV,145,0.017072677612304688,0.0007226447924040258,0.6341245016705248,0.9715538333673823,0.26924648880958557,0.0004140703531447798,0.0015378858048455944,0.04
19,octanol_hl_gap_eV,146,0.06141195818781853,0.0012112788390368223,0.6296231194836606,0.9663940801426434,0.3768812119960785,0.0005027486477047205,0.0013339711073470854,0.12
19,octanol_hl_gap_eV,147,0.20676612854003906,0.0013967957347631454,0.621625407961599,0.9008704770441256,0.28346937894821167,0.0319480374455452,0.11270366331660088,0.06
19,octanol_hl_gap_eV,148,0.06859861314296722,0.0009523218614049256,0.6425625304895823,0.9486865852333273,0.259560763835907,0.003346277866512537,0.012892078976266371,0.06
19,octanol_hl_gap_eV,149,0.03435582295060158,0.0015078694559633732,0.6064653218697866,0.9632573928553119,0.31271010637283325,0.0012748856097459793,0.004076892891418028,0.02
19,octanol_hl_gap_eV,150,0.038269318640232086,0.0018157288432121277,0.6137101727040808,0.9670103680099116,0.4284850060939789,0.0007989104487933218,0.001864500361578809,0.1
19,octanol_hl_gap_eV,151,0.029456177726387978,0.0006457432173192501,0.6334648477801836,0.9775399189320906,0.2869924306869507,0.001005706493742764,0.003504296232954595,0.08
19,octanol_hl_gap_eV,152,0.11786595731973648,0.0015625881496816874,0.6183098771154509,0.9772173829691482,0.34826943278312683,0.0011860680533573031,0.0034056048039561586,0.04
19,octanol_hl_gap_eV,153,0.05077273026108742,0.003303417470306158,0.6094009309983484,0.9624604847793095,0.6840210556983948,0.0011810418218374252,0.0017266161794267656,0.04
19,octanol_hl_gap_eV,154,0.04939046874642372,0.003373492509126663,0.623388821482985,0.9799039507007925,0.5612371563911438,0.004920305218547583,0.008766891433535928,0.0
19,octanol_hl_gap_eV,155,0.4965333640575409,0.001410020748153329,0.6445258626497468,0.9268518628919935,0.3252907991409302,0.1061180904507637,0.32622530588327125,0.42
19,octanol_hl_gap_eV,156,0.03111911565065384,0.0019799922592937946,0.6107377141083379,0.9789278293864092,0.3272136449813843,0.0018416233360767365,0.005628198470089807,0.04
19,octanol_hl_gap_eV,157,0.04425730183720589,0.0038782008923590183,0.6362759847014658,0.9716674291271667,0.7549483180046082,0.001197837176732719,0.0015866479176994568,0.06
19,octanol_hl_gap_eV,158,0.022851107642054558,0.0013148963917046785,0.6299447757224879,0.9664248915650462,0.30317893624305725,0.000623971049208194,0.002058094988195219,0.04
19,octanol_hl_gap_eV,159,0.08211792260408401,0.0024277367629110813,0.6289478926495573,0.9575927792520686,0.44159671664237976,0.00141254928894341,0.0031987314119623334,0.0
19,octanol_hl_gap_eV,160,-0.006887358147650957,0.0014246460050344467,0.6209398643305837,0.9762936537867744,0.15795791149139404,0.005349515471607447,0.0338667143740939,0.1
19,octanol_hl_gap_eV,161,0.05284427851438522,0.0009741084068082273,0.682570732983349,0.9693674397766343,0.2770065367221832,0.0003978049207944423,0.0014360849585055488,0.18
19,octanol_hl_gap_eV,162,0.10715017467737198,0.0024315130431205034,0.615203655509641,0.9311776842499269,0.45948299765586853,0.03972566872835159,0.08645732036009803,0.0
19,octanol_hl_gap_eV,163,0.3672861158847809,0.0013136458583176136,0.6224384820499642,0.9144604598354367,0.3569924831390381,0.05189123749732971,0.14535666701172417,0.3
19,octanol_hl_gap_eV,164,0.015209545381367207,0.0028038080781698227,0.6022427736992462,0.9522224166615347,0.45173752307891846,0.0040387618355453014,0.008940505557338283,0.0
19,octanol_hl_gap_eV,165,0.06900069862604141,0.0011782449437305331,0.6636703284723524,0.9702782737281868,0.3344065248966217,0.0006652120500802994,0.0019892316703029127,0.16
19,octanol_hl_gap_eV,166,0.20636938512325287,0.0010039396584033966,0.6566323475302589,0.9355362308711206,0.31557998061180115,0.016478050500154495,0.052215132494175386,0.04
19,octanol_hl_gap_eV,167,0.03361673653125763,0.002340152859687805,0.620582980532604,0.9724489676627781,0.36591431498527527,0.0014254783745855093,0.0038956616787262665,0.02
19,octanol_hl_gap_eV,168,0.05625108256936073,0.0012574853608384728,0.6489124559596942,0.9551754762288689,0.29164814949035645,0.001197307021357119,0.00410531328057238,0.02
19,octanol_hl_gap_eV,169,0.20267270505428314,0.0012969415402039886,0.6038890452338526,0.9152941487273829,0.3073287308216095,0.04814224690198898,0.15664740088987447,0.18
19,octanol_hl_gap_eV,170,0.06519578397274017,0.0010089774150401354,0.6333769977050077,0.9699319245168587,0.3237287998199463,0.001169072580523789,0.0036112714753028206,0.08
19,octanol_hl_gap_eV,171,0.059675976634025574,0.0009433507802896202,0.640101293098503,0.9686692281068021,0.24813233315944672,0.0015559578314423561,0.0062706774712931795,0.04
19,octanol_hl_gap_eV,172,0.2803404927253723,0.0011923055863007903,0.6250344894124031,0.915704933703914,0.3311997056007385,0.05304694175720215,0.1601660293175208,0.02
19,octanol_hl_gap_eV,173,0.09400717914104462,0.001510928152129054,0.6299849288435688,0.9757018145780907,0.39530497789382935,0.0023201415315270424,0.005869244409439701,0.12
19,octanol_hl_gap_eV,174,0.038337793201208115,0.0009071836248040199,0.6781992008955919,0.9595769152215712,0.2689553201198578,0.0006104708299972117,0.0022697852926841537,0.06
19,octanol_hl_gap_eV,175,0.045116543769836426,0.001449701958335936,0.617280543555953,0.9867924368941716,0.24299293756484985,0.0005919107934460044,0.0024359176829492645,0.0
19,octanol_hl_gap_eV,176,0.039802130311727524,0.0005899074603803456,0.6594647651394387,0.9308559572222934,0.2747361958026886,0.006241912487894297,0.022719658287680244,0.02
19,octanol_hl_gap_eV,177,0.10128036886453629,0.000997843686491251,0.6791391324435374,0.9756707673239491,0.26112470030784607,0.0006472698296420276,0.0024787767257518955,0.1
19,octanol_hl_gap_eV,178,0.07493797689676285,0.0025468859821558,0.6190071831190627,0.9718662941153797,0.4638475179672241,0.0012924514012411237,0.002786371277581029,0.0
19,octanol_hl_gap_eV,179,0.06468695402145386,0.0023736164439469576,0.6235831076716245,0.9645412596279752,0.4016227424144745,0.0008242069743573666,0.00205219198843771,0.0
19,octanol_hl_gap_eV,180,0.07359720021486282,0.0017640185542404652,0.6238208201268545,0.9470745295588263,0.365789532661438,0.00709309009835124,0.01939117843734571,0.04
19,octanol_hl_gap_eV,181,0.48090988397598267,0.0008011237950995564,0.646567213369738,0.9283456322776122,0.2616204023361206,0.08292055875062943,0.3169498938545933,0.24
19,octanol_hl_gap_eV,182,0.04932402819395065,0.0016402974724769592,0.6278620031902222,0.963065026272276,0.2598307132720947,0.0005569338100031018,0.0021434487208595726,0.02
19,octanol_hl_gap_eV,183,0.0751546323299408,0.0046880790032446384,0.6230037644444002,0.985109211855856,0.9747625589370728,0.0042854961939156055,0.004396451376413876,0.08
19,octanol_hl_gap_eV,184,0.14078475534915924,0.0025048323441296816,0.6308109171294372,0.9834821221959216,0.6354086399078369,0.003281387034803629,0.005164215323354085,0.14
19,octanol_hl_gap_eV,185,0.06573165953159332,0.0012413462391123176,0.6516101626564283,0.9688518886239375,0.2259039282798767,0.001272472902201116,0.005632805555397979,0.08
19,octanol_hl_gap_eV,186,0.07661809772253036,0.0008313437574543059,0.6304967904077619,0.9766021513751635,0.2710402309894562,0.002107496839016676,0.007775586787699647,0.04
19,octanol_hl_gap_eV,187,0.02450401894748211,0.0015661180950701237,0.6190679058498867,0.9620408368703788,0.2618171274662018,0.0012765725841745734,0.004875817699662782,0.08
19,octanol_hl_gap_eV,188,0.10286407172679901,0.0012579277390614152,0.6330282436504904,0.9573058223470583,0.3468666970729828,0.0009872454684227705,0.0028461811893548497,0.18
19,octanol_hl_gap_eV,189,0.19713853299617767,0.0010598209919407964,0.6680023679792935,0.954997987175727,0.2616937756538391,0.006943162530660629,0.026531630388660226,0.16
19,octanol_hl_gap_eV,190,0.08005666732788086,0.0014639433939009905,0.6276752176163891,0.9520078425456602,0.42924460768699646,0.007208443712443113,0.016793323860924265,0.12
19,octanol_hl_gap_eV,191,0.11476877331733704,0.0015271989395841956,0.625338301220473,0.9666797293488998,0.3363599479198456,0.0011744211660698056,0.003491560672823239,0.12
19,octanol_hl_gap_eV,192,0.06948522478342056,0.0014792034635320306,0.6168818985748143,0.9617513815213403,0.29302340745925903,0.00340096652507782,0.011606467055198239,0.04
19,octanol_hl_gap_eV,193,0.12108965963125229,0.001283257151953876,0.6252167408375751,0.9806354696869442,0.22205543518066406,0.0026919760275632143,0.012122990934101774,0.06
19,octanol_hl_gap_eV,194,0.3044060170650482,0.0012061456218361855,0.6578115403533515,0.9376313197791104,0.3463445007801056,0.027019796893000603,0.07801422234838801,0.3
19,octanol_hl_gap_eV,195,0.10809362679719925,0.000896764628123492,0.6495772933732709,0.9646207696685734,0.32324379682540894,0.0015451846411451697,0.004780245301906777,0.16
19,octanol_hl_gap_eV,196,0.07115146517753601,0.0007720310823060572,0.6395717827501881,0.9763988653198901,0.3005315065383911,0.000766002805903554,0.0025488269590320032,0.1
19,octanol_hl_gap_eV,197,0.015765972435474396,0.0017547409515827894,0.616449018345091,0.9727226850048971,0.2428404837846756,0.000509425182826817,0.0020977770052481018,0.06
19,octanol_hl_gap_eV,198,0.22008423507213593,0.0013383938930928707,0.6275206521641321,0.9154014060315594,0.2728832960128784,0.02576267533004284,0.09440913279216255,0.12
19,octanol_hl_gap_eV,199,0.1442994475364685,0.0043938374146819115,0.6091173490755721,0.9796899744478369,0.9354842901229858,0.00153147813398391,0.001637096582116382,0.08
19,octanol_hl_gap_eV,200,0.029391590505838394,0.001020208466798067,0.6349975656173714,0.9785590363612631,0.22764983773231506,0.0007394345593638718,0.003248122496943509,0.14
19,octanol_hl_gap_eV,201,0.1329968273639679,0.0009649557177908719,0.6664342901483318,0.9769362535938546,0.2927877902984619,0.0005918738897889853,0.0020215115158512625,0.14
19,octanol_hl_gap_eV,202,0.04834611341357231,0.001201667939312756,0.627553312913103,0.9664944180606598,0.2481050193309784,0.0008649997180327773,0.0034864257094244662,0.02
19,octanol_hl_gap_eV,203,0.135287806391716,0.002165575046092272,0.6324755386578156,0.9810852030089734,0.3949522078037262,0.002679093275219202,0.0067833353562378185,0.18
19,octanol_hl_gap_eV,204,0.06681084632873535,0.0014539967523887753,0.6298362067587131,0.9753714292893867,0.408465176820755,0.002050576964393258,0.005020200204956771,0.04
19,octanol_hl_gap_eV,205,0.01251867227256298,0.0008879004162736237,0.6369776517860903,0.9648915956888118,0.2736153304576874,0.00045454505016095936,0.0016612557834410212,0.04
19,octanol_hl_gap_eV,206,0.28361937403678894,0.0008225282072089612,0.6644114058100354,0.9234730986923341,0.30525094270706177,0.017346682026982307,0.056827611646819015,0.24
19,octanol_hl_gap_eV,207,0.03187132626771927,0.002136091934517026,0.6088840605920682,0.9610288329207415,0.440414696931839,0.0012792946072295308,0.0029047500370486534,0.02
19,octanol_hl_gap_eV,208,0.06530241668224335,0.0012123107444494963,0.6433180966709917,0.9715475946969903,0.2819266617298126,0.0008604624890722334,0.0030520791605615034,0.02
19,octanol_hl_gap_eV,209,0.23050934076309204,0.0010926580289378762,0.6456946688859562,0.9344056884968659,0.31636500358581543,0.015297872014343739,0.04835513359869503,0.18
19,octanol_hl_gap_eV,210,0.0921434834599495,0.000643729348666966,0.6420409490898178,0.9609520913832155,0.26371270418167114,0.000787569850217551,0.002986469129962718,0.1
19,octanol_hl_gap_eV,211,0.05763484910130501,0.0011624583275988698,0.63370422640736,0.9668895164425677,0.3617801070213318,0.0009641694487072527,0.002665070383901462,0.16
19,octanol_hl_gap_eV,212,0.1982230246067047,0.0011148733319714665,0.6306675565361217,0.9526122398406349,0.34172913432121277,0.011653030291199684,0.03410019550819529,0.16
19,octanol_hl_gap_eV,213,0.06682661175727844,0.00396147882565856,0.6472288085766857,0.989083370487928,0.8039137721061707,0.006276663392782211,0.007807632622511248,0.06
19,octanol_hl_gap_eV,214,0.11591295897960663,0.0012765976134687662,0.6558088463170035,0.9714380222005763,0.32332149147987366,0.0019746003672480583,0.006107235118241358,0.1
19,octanol_hl_gap_eV,215,0.07889838516712189,0.0010393961565569043,0.6420432355962926,0.9765389306327878,0.29155951738357544,0.0010438882745802402,0.0035803608263176735,0.1
19,octanol_hl_gap_eV,216,0.17634016275405884,0.0016446918016299605,0.6318083116712621,0.9165967985712355,0.4614892601966858,0.039071958512067795,0.08466493563775548,0.1
19,octanol_hl_gap_eV,217,0.06591954082250595,0.0017768570687621832,0.6347045692182038,0.974169031315304,0.4113776683807373,0.009635336697101593,0.023422118986254545,0.1
19,octanol_hl_gap_eV,218,0.07537533342838287,0.0011298545869067311,0.6404400357530835,0.9617058889771093,0.2756340205669403,0.000881881162058562,0.00319946413089595,0.14
19,octanol_hl_gap_eV,219,0.059332914650440216,0.002894138917326927,0.6159160169499793,0.9734645755701157,0.6572778224945068,0.002169962739571929,0.0033014391560276086,0.04
19,octanol_hl_gap_eV,220,0.062452662736177444,0.0010923879453912377,0.6366574930885609,0.9606202473059786,0.3437740206718445,0.0007323587196879089,0.0021303492284165206,0.1
19,octanol_hl_gap_eV,221,0.09784840047359467,0.0012340249959379435,0.6330043438043753,0.9233578145278727,0.3509206771850586,0.017679370939731598,0.050379963590485015,0.22
19,octanol_hl_gap_eV,222,0.15882407128810883,0.0009079865994863212,0.670500101825314,0.9509315814369079,0.3264380395412445,0.00471907202154398,0.0144562564711388,0.02
19,octanol_hl_gap_eV,223,0.12299645692110062,0.0014624044997617602,0.6208441259569746,0.9252906955075995,0.2869535982608795,0.04005203768610954,0.1395767048360789,0.08
19,octanol_hl_gap_eV,224,0.0325457900762558,0.0028539139311760664,0.618779060118491,0.9769530991471349,0.6890529990196228,0.0009541453327983618,0.001384719802621728,0.04
19,octanol_hl_gap_eV,225,0.059771422296762466,0.005052117630839348,0.6120840152947951,0.9774634760194465,1.0516208410263062,0.0025537433102726936,0.0024283878852956395,0.04
19,octanol_hl_gap_eV,226,0.25581058859825134,0.0019020887557417154,0.6064034756488996,0.8943971705039886,0.27308890223503113,0.07630901783704758,0.27942921595317344,0.14
19,octanol_hl_gap_eV,227,0.02593875117599964,0.0005927110323682427,0.6658362050313509,0.9715968318513462,0.2821090519428253,0.0008575760875828564,0.003039874409122683,0.14
19,octanol_hl_gap_eV,228,0.027826478704810143,0.0026282870676368475,0.599472177280173,0.9584424870667221,0.3931882083415985,0.0012746452121064067,0.003241819528318626,0.0
19,octanol_hl_gap_eV,229,0.14762191474437714,0.0010163254337385297,0.669570930727456,0.9685559818558616,0.3277088403701782,0.002036863472312689,0.006215466967604104,0.16
19,octanol_hl_gap_eV,230,0.06429349631071091,0.0007944746757857502,0.6367718492050072,0.9566265989968963,0.2311120182275772,0.000671008659992367,0.0029033914598574503,0.02
19,octanol_hl_gap_eV,231,0.34402310848236084,0.0008760882774367929,0.6335036408711834,0.9422044420278928,0.2486650049686432,0.023365182802081108,0.09396248903229255,0.26
19,octanol_hl_gap_eV,232,0.06733089685440063,0.0007006213418208063,0.6541724656427965,0.9627704087504407,0.29825282096862793,0.0018487517954781651,0.006198606234382032,0.04
19,octanol_hl_gap_eV,233,0.7776287198066711,0.0013273461954668164,0.6517915128685863,0.9241907663097573,0.3265497088432312,0.17485539615154266,0.535463335033891,0.64
19,octanol_hl_gap_eV,234,0.0806008130311966,0.0017355027375742793,0.6279106936015812,0.9774843767829542,0.37055346369743347,0.002206113887950778,0.0059535643411287266,0.08
19,octanol_hl_gap_eV,235,0.008140028454363346,0.0020654054824262857,0.6245560254739051,0.9624079671032715,0.3793066143989563,0.00032539101084694266,0.0008578574654242518,0.04
19,octanol_hl_gap_eV,236,0.10674699395895004,0.011128395795822144,0.6349192616791166,0.9667224584150338,2.2911159992218018,0.0025194501504302025,0.0010996606681136863,0.04
19,octanol_hl_gap_eV,237,0.03188231214880943,0.0038199431728571653,0.6490662092485697,0.9629633021387374,0.7303195595741272,0.0031654334161430597,0.0043343128013563345,0.02
19,octanol_hl_gap_eV,238,0.09777067601680756,0.0029781803023070097,0.6283513889240993,0.9726563602683238,0.48916056752204895,0.003996183630079031,0.0081694721435184,0.04
19,octanol_hl_gap_eV,239,0.044394493103027344,0.0016886222874745727,0.6255978207609458,0.9582737322749428,0.2864326238632202,0.000878723047208041,0.0030678176087499598,0.04
19,octanol_hl_gap_eV,240,0.20938900113105774,0.0017992962384596467,0.6031477852731213,0.9291935224478878,0.34393399953842163,0.03571035712957382,0.10382909854070574,0.16
19,octanol_hl_gap_eV,241,0.20016615092754364,0.0012004775926470757,0.6587910303175117,0.9857601767531543,0.2815978527069092,0.0015712083550170064,0.0055796176707794045,0.12
19,octanol_hl_gap_eV,242,0.08028672635555267,0.0010400292230769992,0.6282407994445889,0.9552844153222131,0.34928804636001587,0.001716294209472835,0.0049136929458611575,0.08
19,octanol_hl_gap_eV,243,0.15822401642799377,0.0031783028971403837,0.6283224874498414,0.9215836546908045,0.4951649308204651,0.11125145852565765,0.22467556081025206,0.04
19,octanol_hl_gap_eV,244,0.03444834426045418,0.0024299905635416508,0.6397175206751966,0.9590800031421975,0.42469143867492676,0.0012006437173113227,0.002827096588189846,0.0
19,octanol_hl_gap_eV,245,0.29379865527153015,0.0008015785133466125,0.6437238072279854,0.9357890604362262,0.23240195214748383,0.034457601606845856,0.1482672640588614,0.24
19,octanol_hl_gap_eV,246,0.24044744670391083,0.0013579248916357756,0.6589324839437587,0.9328091162954966,0.374554842710495,0.05121263489127159,0.1367293358715306,0.04
19,octanol_hl_gap_eV,247,0.06813277304172516,0.002745053730905056,0.6262741344761893,0.9504415385454388,0.5139512419700623,0.009794559329748154,0.019057370680152355,0.02
19,octanol_hl_gap_eV,248,0.07013639062643051,0.002152759814634919,0.6203460037058892,0.9701016003262755,0.5544639229774475,0.0011191508965566754,0.0020184377200718182,0.06
19,octanol_hl_gap_eV,249,0.16670291125774384,0.0010548908030614257,0.621171641517553,0.9152070303421771,0.32316359877586365,0.031927384436130524,0.09879635131268104,0.08
19,octanol_dipole,0,0.25250086188316345,0.01605679839849472,0.6123580064345309,0.9152671872291127,3.0990564823150635,0.331329882144928,0.10691314728714375,0.1
19,octanol_dipole,1,0.1682797223329544,0.008971030823886395,0.6237379567670522,0.9711567156228962,1.6140583753585815,0.022487597540020943,0.013932332239857846,0.04
19,octanol_dipole,2,0.056837864220142365,0.012856826186180115,0.6172581371608985,0.9632514973308455,2.4248757362365723,0.012254558503627777,0.005053685151985131,0.02
19,octanol_dipole,3,0.10275714099407196,0.004210836254060268,0.64193173355491,0.9547759838647132,0.7489321231842041,0.05243943631649017,0.07001894389779352,0.04
19,octanol_dipole,4,0.19286856055259705,0.009170115925371647,0.6161047946303215,0.9453892210424695,1.720059871673584,0.08586141467094421,0.049917689543796384,0.16
19,octanol_dipole,5,0.13094933331012726,0.010081322863698006,0.6147668977925147,0.9595416520722413,1.8866939544677734,0.01746353507041931,0.009256156796954218,0.1
19,octanol_dipole,6,0.29284530878067017,0.01951875351369381,0.6117232401705222,0.9070274586185567,3.726931095123291,0.5788260102272034,0.15530901845344022,0.12
19,octanol_dipole,7,0.21795843541622162,0.012045605108141899,0.6159711848383602,0.9053343085282906,2.252743721008301,0.2283603399991989,0.10136987082444851,0.06
19,octanol_dipole,8,0.20569585263729095,0.002306815702468157,0.616581375022117,0.9491356708620937,0.29213619232177734,0.07267137616872787,0.24875855193143276,0.08
19,octanol_dipole,9,0.06241769343614578,0.0180970449000597,0.6150095978983265,0.9601320262776774,3.3488292694091797,0.0056086997501552105,0.0016748240351902833,0.04
19,octanol_dipole,10,0.14824773371219635,0.020556466653943062,0.6162291301765856,0.951947895243757,3.777822732925415,0.04859611764550209,0.01286352512571995,0.06
19,octanol_dipole,11,0.08695362508296967,0.028131932020187378,0.6148927783746767,0.9582934199721895,5.649923801422119,0.01038022805005312,0.001837233282233002,0.04
19,octanol_dipole,12,0.24590100347995758,0.013540555723011494,0.6195414919703159,0.9366997343159231,2.573824882507324,0.10318511724472046,0.04009018560120585,0.08
19,octanol_dipole,13,0.05366877466440201,0.012521990574896336,0.6129396404894591,0.9655409780210606,2.325791597366333,0.003959955181926489,0.0017026268331223834,0.08
19,octanol_dipole,14,0.07464273273944855,0.014970093965530396,0.6188936138361798,0.9672181503583654,2.7986998558044434,0.00830794032663107,0.0029684999302088716,0.06
19,octanol_dipole,15,0.14441771805286407,0.012781450524926186,0.6163581150712869,0.9523719303035054,2.4016759395599365,0.012403024360537529,0.005164320529775619,0.1
19,octanol_dipole,16,0.10503461211919785,0.01438241358846426,0.6162874015536044,0.9688238740638262,2.682929515838623,0.007236065808683634,0.002697076373406628,0.12
19,octanol_dipole,17,0.18033121526241302,0.01347221527248621,0.6166783560211253,0.9473937451849415,2.46364426612854,0.037214770913124084,0.01510557811643997,0.08
19,octanol_dipole,18,0.2773861587047577,0.024205749854445457,0.6236047102161861,0.9089005524285618,5.11213493347168,0.5082913637161255,0.09942839348548689,0.1
19,octanol_dipole,19,0.15593406558036804,0.012620178051292896,0.615272124746794,0.9686886409897757,2.35636568069458,0.004265481606125832,0.0018101950987796198,0.1
19,octanol_dipole,20,0.1462506651878357,0.01499767042696476,0.6151266785141614,0.9628829939781511,2.8215112686157227,0.01615980826318264,0.00572735910819555,0.06
19,octanol_dipole,21,0.3873370885848999,0.012708034366369247,0.6176941051841256,0.9103387635516225,2.4497311115264893,0.3829604387283325,0.1563275401640714,0.2
19,octanol_dipole,22,0.2378520667552948,0.014820864424109459,0.6085863371998148,0.9154419527043511,2.7851674556732178,0.13172833621501923,0.04729637923446813,0.12
19,octanol_dipole,23,0.31135937571525574,0.016356855630874634,0.6095582046659958,0.9049105870074654,3.07942271232605,0.5018228888511658,0.16296005314324405,0.18
19,octanol_dipole,24,0.21871118247509003,0.015375211834907532,0.6165837246457511,0.9467296100704106,2.854271411895752,0.1056518405675888,0.03701534483625609,0.04
19,octanol_dipole,25,0.1466873586177826,0.01269620656967163,0.6162132376710365,0.9634254883644575,2.377100706100464,0.010171906091272831,0.004279122910177174,0.14
19,octanol_dipole,26,0.12391123920679092,0.028817957267165184,0.6195560937231495,0.9675616085445462,5.469741344451904,0.01039101742208004,0.0018997273852117175,0.08
19,octanol_dipole,27,0.4484642744064331,0.010019791312515736,0.6232295256286104,0.9041530979762931,1.848850965499878,0.49879640340805054,0.26978724230116075,0.24
19,octanol_dipole,28,0.06897135078907013,0.010324403643608093,0.6150239582818569,0.9695834895783297,1.8703994750976562,0.013899755664169788,0.007431436893150359,0.08
19,octanol_dipole,29,0.11333955079317093,0.010750656016170979,0.6138521373366248,0.9512976302624314,2.0432322025299072,0.06921784579753876,0.033876641975314405,0.06
19,octanol_dipole,30,0.24854804575443268,0.016020439565181732,0.611581751624614,0.9246176099213419,2.967881202697754,0.3861106038093567,0.1300963810338462,0.12
19,octanol_dipole,31,0.19457419216632843,0.012100862339138985,0.6185631767671114,0.9370123156033539,2.3132429122924805,0.06220042333006859,0.02688884206649376,0.14
19,octanol_dipole,32,0.1841582953929901,0.015393691137433052,0.618339272300557,0.9585469671101987,2.840026378631592,0.009045069105923176,0.003184853906280038,0.18
19,octanol_dipole,33,0.515969455242157,0.012156058102846146,0.6249482406950801,0.9066185806318627,2.253032922744751,0.9117026925086975,0.4046557346343693,0.28
19,octanol_dipole,34,0.09886149317026138,0.017198380082845688,0.6172933679136221,0.9733106015061974,3.2011148929595947,0.0073126088827848434,0.002284394383615504,0.16
19,octanol_dipole,35,0.08042272180318832,0.012415668927133083,0.6153273669497163,0.9555324072697735,2.3350634574890137,0.005426398478448391,0.002323876236016135,0.06
19,octanol_dipole,36,0.2939746677875519,0.013216705992817879,0.6127000558655014,0.9032328307004309,2.576608180999756,0.36451151967048645,0.14146951886532141,0.16
19,octanol_dipole,37,0.08723539113998413,0.007881443947553635,0.6163621986624441,0.9519813542273987,1.4106000661849976,0.008200667798519135,0.005813602306639643,0.1
19,octanol_dipole,38,0.20922940969467163,0.012843030504882336,0.6165723830501821,0.946486480278973,2.415073871612549,0.07193749397993088,0.02978687104585256,0.12
19,octanol_dipole,39,0.15907248854637146,0.016512440517544746,0.618359049356145,0.9653292191506502,3.1115493774414062,0.00491040013730526,0.001578120589345437,0.12
19,octanol_dipole,40,0.16493748128414154,0.01773080974817276,0.6159775485747041,0.9620817341080887,3.298274040222168,0.03081519901752472,0.009342825563229743,0.1
19,octanol_dipole,41,0.1938270777463913,0.012543788179755211,0.6131868224615502,0.9594045354117233,2.3617985248565674,0.04859213903546333,0.020574210087803465,0.12
19,octanol_dipole,42,0.14539025723934174,0.015013209544122219,0.6137991535407963,0.9486785639078814,2.7209084033966064,0.07732187211513519,0.02841766816501855,0.1
19,octanol_dipole,43,0.1306314319372177,0.013341458514332771,0.6165933014181186,0.9671107727043047,2.415391206741333,0.030798397958278656,0.012750894295019636,0.08
19,octanol_dipole,44,0.19029994308948517,0.02174539305269718,0.6069177403304877,0.9501997432054139,3.9307916164398193,0.03279845416545868,0.008343981916590318,0.12
19,octanol_dipole,45,0.09275626391172409,0.020162692293524742,0.6127785306186706,0.9336423445545812,4.002744197845459,0.0530637726187706,0.013256848301056315,0.04
19,octanol_dipole,46,0.1954081654548645,0.016815239563584328,0.612983667568727,0.9541589636227839,3.141733407974243,0.023693274706602097,0.007541465691030504,0.14
19,octanol_dipole,47,0.11093801259994507,0.0030449917539954185,0.6490102263381707,0.9599083799021602,0.5120326280593872,0.03219030424952507,0.06286768163881841,0.12
19,octanol_dipole,48,0.12661543488502502,0.017395135015249252,0.6125857693365255,0.969725157181786,3.205376148223877,0.004597294609993696,0.0014342449676432176,0.1
19,octanol_dipole,49,0.13869577646255493,0.01931842416524887,0.616363900785444,0.953880854216663,3.5857160091400146,0.020785575732588768,0.005796771322549302,0.06
19,octanol_dipole,50,0.14059782028198242,0.01584174856543541,0.6115251333229548,0.9461098192110433,2.936108350753784,0.05926254391670227,0.020184045286165225,0.08
19,octanol_dipole,51,0.1188463643193245,0.01522060763090849,0.6129565286084471,0.9467882859982992,2.724592924118042,0.11441703140735626,0.04199417476076481,0.02
19,octanol_dipole,52,0.10912124812602997,0.02394191175699234,0.6140357411679906,0.9402025680172867,4.7774834632873535,0.04044788330793381,0.008466357574810296,0.06
19,octanol_dipole,53,0.3693879246711731,0.015731388702988625,0.6176319156824595,0.8840596596716424,3.0036818981170654,0.6426438689231873,0.2139520397702716,0.1
19,octanol_dipole,54,0.1344631016254425,0.018066927790641785,0.6158505119732864,0.9735609655347179,3.4878432750701904,0.0058095683343708515,0.0016656620943651598,0.1
19,octanol_dipole,55,0.31819048523902893,0.02169920690357685,0.6097623595246948,0.9314013002449364,4.003084182739258,0.43073153495788574,0.10759991928601957,0.16
19,octanol_dipole,56,0.37832778692245483,0.01118759997189045,0.6197091280817182,0.9032745656004451,2.065645933151245,0.4747602045536041,0.22983619648181136,0.2
19,octanol_dipole,57,0.06147947534918785,0.010491427034139633,0.6156291294201706,0.9571742354745918,1.924996256828308,0.01722482033073902,0.008947976012753003,0.1
19,octanol_dipole,58,0.12267222255468369,0.01156765129417181,0.6071281809978515,0.9497445152701953,2.134054660797119,0.029268348589539528,0.013714901088150721,0.08
19,octanol_dipole,59,0.31866174936294556,0.01668139174580574,0.6165012423093303,0.9044272051294511,3.1156883239746094,0.5823582410812378,0.18691158438413288,0.08
19,octanol_dipole,60,0.3300524055957794,0.012743363156914711,0.6175965618808164,0.9032858801773798,2.436427116394043,0.350345253944397,0.14379467852209527,0.14
19,octanol_dipole,61,0.09605754911899567,0.012494927272200584,0.6154168067677988,0.9617790752892237,2.2782201766967773,0.007604427635669708,0.00333788090960351,0.06
19,octanol_dipole,62,0.08991082012653351,0.013603972271084785,0.6169950593586002,0.9540173322984766,2.4592368602752686,0.009965320117771626,0.004052200208424081,0.08
19,octanol_dipole,63,0.17927537858486176,0.005417355801910162,0.6190997317274298,0.9682065440031473,0.9088977575302124,0.1057969331741333,0.11640135790588804,0.06
19,octanol_dipole,64,0.10845765471458435,0.015367151238024235,0.6179303156192344,0.9562927320424817,2.868736505508423,0.00782245397567749,0.002726794169020806,0.1
19,octanol_dipole,65,0.3511629104614258,0.011701724492013454,0.6213499526554336,0.9294084355953856,2.2146451473236084,0.38724321126937866,0.1748556475231984,0.2
19,octanol_dipole,66,0.07028605788946152,0.013151349499821663,0.6148928564479326,0.9542863801451127,2.44122052192688,0.012677782215178013,0.005193214665085362,0.02
19,octanol_dipole,67,0.09443935751914978,0.017222536727786064,0.613282495178366,0.9559818450936635,3.367497682571411,0.024511363357305527,0.00727880630301985,0.06
19,octanol_dipole,68,0.10061528533697128,0.015445524826645851,0.6142263827326919,0.9484521829917103,2.973132848739624,0.005013911984860897,0.0016864069787484955,0.02
19,octanol_dipole,69,0.037165749818086624,0.008672690019011497,0.612478889876445,0.9563339765683587,1.590314507484436,0.015653226524591446,0.009842849606743363,0.02
19,octanol_dipole,70,0.11481619626283646,0.017969729378819466,0.6137413931240205,0.9602740852499967,3.3219149112701416,0.00793534331023693,0.0023887858425617635,0.08
19,octanol_dipole,71,0.35339951515197754,0.013646241277456284,0.6170445316743394,0.8948010570312788,2.597487688064575,0.4751306176185608,0.18291929536443244,0.16
19,octanol_dipole,72,0.1365717500448227,0.015439625829458237,0.6142683205124355,0.9607628040892242,2.908308982849121,0.02888013795018196,0.009930216534932809,0.12
19,octanol_dipole,73,0.307029128074646,0.01488654874265194,0.6151773273560746,0.9118661642251591,2.8718485832214355,0.32135868072509766,0.11189959059910476,0.12
19,octanol_dipole,74,0.4035285413265228,0.014318997040390968,0.6233922258466122,0.9164217264669221,2.7878499031066895,0.6527304649353027,0.23413400563922795,0.24
19,octanol_dipole,75,0.26677611470222473,0.011643989942967892,0.6172939786318252,0.9253043155792531,2.1626102924346924,0.25359588861465454,0.11726379436081999,0.16
19,octanol_dipole,76,0.34985023736953735,0.015749841928482056,0.6149083969945683,0.9140653918667758,3.05098295211792,0.31613487005233765,0.10361738331998359,0.16
19,octanol_dipole,77,0.17108960449695587,0.011350855231285095,0.6145630965970243,0.9466509451112122,2.1004438400268555,0.041916701942682266,0.019956116485431163,0.14
19,octanol_dipole,78,0.437336266040802,0.01318667083978653,0.6226133607607263,0.8903470407096787,2.511363983154297,0.6219621300697327,0.2476590945166548,0.26
19,octanol_dipole,79,0.29196393489837646,0.00904639158397913,0.6186379961357107,0.919827936288734,1.6744779348373413,0.1905977576971054,0.11382518319993273,0.1
19,octanol_dipole,80,0.10928059369325638,0.015066730789840221,0.6100621914689499,0.9599978471215738,2.744978189468384,0.011091785505414009,0.004040755423110352,0.12
19,octanol_dipole,81,0.14014901220798492,0.023256350308656693,0.6118571465890787,0.9357904710535918,4.659481048583984,0.1288873702287674,0.02766131440065332,0.04
19,octanol_dipole,82,0.2775866687297821,0.014660857617855072,0.6172891842947172,0.9148303524443753,2.849642276763916,0.29527705907821655,0.10361899157866801,0.18
19,octanol_dipole,83,0.3301991820335388,0.015413038432598114,0.6225385005698685,0.9067743471424641,2.8924007415771484,0.5958449840545654,0.20600360644689475,0.18
19,octanol_dipole,84,0.21493923664093018,0.009894751012325287,0.6188561243026856,0.9495601149761539,1.8098599910736084,0.10211021453142166,0.05641884733351662,0.08
19,octanol_dipole,85,0.13862498104572296,0.016112156212329865,0.6074138735594623,0.9626677103624994,2.97672176361084,0.013260108418762684,0.004454601226376574,0.06
19,octanol_dipole,86,0.08143290877342224,0.01559645775705576,0.6147314189737432,0.9563770250567742,2.909233570098877,0.010085971094667912,0.0034668825488374647,0.04
19,octanol_dipole,87,0.17636829614639282,0.011943673714995384,0.6165722946739667,0.9271866044907584,2.241945266723633,0.13893786072731018,0.061972012782610546,0.1
19,octanol_dipole,88,0.2891027331352234,0.014586306177079678,0.6160287736794798,0.9080024760067,2.771312713623047,0.29762858152389526,0.10739624585158909,0.16
19,octanol_dipole,89,0.1593976765871048,0.011590828187763691,0.6159929783392406,0.962937287215017,2.1305181980133057,0.019746938720345497,0.009268608331418801,0.08
19,octanol_dipole,90,0.46298453211784363,0.01552023645490408,0.6202509128889526,0.8920664547177262,3.0228896141052246,0.6590808629989624,0.21803007953833284,0.12
19,octanol_dipole,91,0.29289406538009644,0.013389204628765583,0.6165439827487285,0.9161332309605075,2.5013110637664795,0.23923538625240326,0.09564399634972313,0.14
19,octanol_dipole,92,0.3179250657558441,0.014766693115234375,0.6144661328789214,0.9046337775967777,2.7479867935180664,0.4583779275417328,0.1668049965243471,0.12
19,octanol_dipole,93,0.4259466230869293,0.011642934754490852,0.6228298363609375,0.9015320080532194,2.266603708267212,0.48335474729537964,0.21325066465407747,0.3
19,octanol_dipole,94,0.39600467681884766,0.011503128334879875,0.6185072551334951,0.88163615659103,2.1446518898010254,0.46053674817085266,0.2147372962301961,0.18
19,octanol_dipole,95,0.31683531403541565,0.016046278178691864,0.6183254708756227,0.9185376308583162,2.9950640201568604,0.28923019766807556,0.09656895335844197,0.24
19,octanol_dipole,96,0.3716985285282135,0.01087712962180376,0.6220894719620265,0.924195132694982,2.095290422439575,0.3892468810081482,0.18577228093991036,0.28
19,octanol_dipole,97,0.3338039815425873,0.017696410417556763,0.615663639737364,0.907700284214148,3.4308056831359863,0.6138918399810791,0.1789351821931054,0.18
19,octanol_dipole,98,0.09766291081905365,0.014323408715426922,0.6154811129974616,0.9750160330550637,2.6073646545410156,0.0077317929826676846,0.002965366953641067,0.14
19,octanol_dipole,99,0.08974400162696838,0.01509272400289774,0.6183206373863708,0.9714856425981273,2.8509891033172607,0.01357550173997879,0.004761681384254697,0.08
19,octanol_dipole,100,0.3115694224834442,0.017129233106970787,0.6188009329532931,0.9226151785175034,3.2548553943634033,0.3462250232696533,0.10637186028885602,0.06
19,octanol_dipole,101,0.17786362767219543,0.015355207026004791,0.6148762523184539,0.9674985767375779,2.7873735427856445,0.03703039884567261,0.01328505070356131,0.04
19,octanol_dipole,102,0.09066339582204819,0.01480260118842125,0.6136018960259895,0.9664897773135752,2.8035151958465576,0.010754656977951527,0.003836132935496367,0.1
19,octanol_dipole,103,0.09268689155578613,0.017878929153084755,0.6177543862335537,0.9536103437833794,3.3226001262664795,0.009770931676030159,0.002940748601911812,0.1
19,octanol_dipole,104,0.4175157845020294,0.00978360790759325,0.6251624187004003,0.9402483205503429,1.7843328714370728,0.46197086572647095,0.25890397084620603,0.24
19,octanol_dipole,105,0.11712486296892166,0.011778360232710838,0.6167538140547189,0.9713918709131908,2.2136175632476807,0.01001567579805851,0.004524573695270171,0.14
19,octanol_dipole,106,0.07103738933801651,0.008723808452486992,0.6185574842934733,0.9613262789374488,1.5337278842926025,0.011511744000017643,0.0075057277877732375,0.04
19,octanol_dipole,107,0.26804566383361816,0.01623012125492096,0.6149608731853622,0.9027575631847369,3.048792600631714,0.5586274266242981,0.18322906796236313,0.2
19,octanol_dipole,108,0.2991816997528076,0.015902772545814514,0.6138194350367501,0.9099421452836238,3.0579378604888916,0.37497392296791077,0.12262313365254628,0.12
19,octanol_dipole,109,0.33149752020835876,0.015468192286789417,0.6171333964737578,0.9022494256180997,3.0222156047821045,0.5145357251167297,0.17025116417987218,0.18
19,octanol_dipole,110,0.09095080941915512,0.014541829004883766,0.6149063496782885,0.9661046662233754,2.726276397705078,0.03354264423251152,0.012303464263838769,0.02
19,octanol_dipole,111,0.16263447701931,0.012569567188620567,0.6176788541903178,0.9290176426696941,2.3185548782348633,0.183488667011261,0.07913923829612028,0.06
19,octanol_dipole,112,0.13701844215393066,0.012790768407285213,0.6169054484266079,0.9610609508338328,2.4371299743652344,0.023048778995871544,0.009457345007573812,0.14
19,octanol_dipole,113,0.3723541498184204,0.014431691728532314,0.6167639795068476,0.883274786428681,2.7502036094665527,0.524020791053772,0.19053890746489655,0.12
19,octanol_dipole,114,0.1689332127571106,0.013726308941841125,0.6172459304944655,0.9540998341879008,2.551725387573242,0.028001457452774048,0.010973538762885518,0.08
19,octanol_dipole,115,0.13783971965312958,0.014355816878378391,0.6148268342781458,0.9667920483490935,2.699603319168091,0.0045472197234630585,0.0016844029236355838,0.14
19,octanol_dipole,116,0.09643460065126419,0.013035695068538189,0.6152367359832447,0.9643743366170263,2.454651117324829,0.01108358521014452,0.00451534033978068,0.1
19,octanol_dipole,117,0.13463307917118073,0.017160911113023758,0.6144093900963732,0.9622846402091705,3.277172565460205,0.010122343897819519,0.0030887430233317798,0.08
19,octanol_dipole,118,0.29921412467956543,0.014178294688463211,0.6186923885082602,0.9120099395569459,2.747941732406616,0.47476476430892944,0.1727710448551381,0.1
19,octanol_dipole,119,0.2097482681274414,0.017720939591526985,0.6115546179024698,0.9218226564921927,3.3361856937408447,0.2441994994878769,0.07319721439547854,0.1
19,octanol_dipole,120,0.130952849984169,0.018548201769590378,0.6108290705338111,0.9637945314713345,3.3450608253479004,0.007814361713826656,0.002336089572605583,0.1
19,octanol_dipole,121,0.07728404551744461,0.016561873257160187,0.6160696200641369,0.9465803721129957,3.0668208599090576,0.013296877034008503,0.004335720161497403,0.1
19,octanol_dipole,122,0.12783323228359222,0.013036138378083706,0.6160999720059899,0.9722989908178412,2.467348575592041,0.039600420743227005,0.01604978766882376,0.08
19,octanol_dipole,123,0.05079836770892143,0.01421799324452877,0.6159952976189642,0.9665478229098807,2.560647487640381,0.003794551594182849,0.001481871914231936,0.02
19,octanol_dipole,124,0.21767185628414154,0.019692568108439445,0.6134227180852532,0.9331615216364184,3.670880079269409,0.3406224548816681,0.09279040653092104,0.14
19,octanol_dipole,125,0.10461317002773285,0.015399815514683723,0.6154785966444376,0.95287904414933,2.8569343090057373,0.012404990382492542,0.004342063569116398,0.16
19,octanol_dipole,126,0.15988948941230774,0.012484516017138958,0.6168014303288085,0.9587957725569543,2.3207473754882812,0.022781364619731903,0.009816391417846048,0.1
19,octanol_dipole,127,0.4242972135543823,0.015267850831151009,0.6148728364864458,0.9115703232413452,3.009709596633911,0.6156068444252014,0.2045402802694659,0.18
19,octanol_dipole,128,0.2071821242570877,0.01678340882062912,0.6195773768453123,0.9235034224029712,3.152888298034668,0.08853372186422348,0.028080196155192173,0.06
19,octanol_dipole,129,0.3387981951236725,0.017737148329615593,0.6214224375400952,0.9298118462255145,3.3256964683532715,0.5387169718742371,0.16198621161028096,0.14
19,octanol_dipole,130,0.2438115030527115,0.012139946222305298,0.6172821812848979,0.9328579250348419,2.255096673965454,0.1611955612897873,0.07148055475880527,0.14
19,octanol_dipole,131,0.1658092439174652,0.015895124524831772,0.606695483188924,0.9635950952363961,2.897029161453247,0.011070801876485348,0.003821432667571721,0.14
19,octanol_dipole,132,0.16650520265102386,0.016019869595766068,0.6141738248919992,0.9427094955403861,2.9360036849975586,0.027195226401090622,0.009262667666274824,0.12
19,octanol_dipole,133,0.3410310447216034,0.004805917385965586,0.6747395604960049,0.9582343800207542,1.0062479972839355,0.03532268851995468,0.03510336280449519,0.2
19,octanol_dipole,134,0.15043984353542328,0.015490198507905006,0.6134462844486599,0.9680818019073263,2.907029867172241,0.006904100999236107,0.0023749673428542866,0.08
19,octanol_dipole,135,0.05584698170423508,0.005473848432302475,0.6109776438038796,0.9634297236469918,0.9991511702537537,0.013143230229616165,0.013154396072296235,0.04
19,octanol_dipole,136,0.2070131003856659,0.013802883215248585,0.6153513292321349,0.9442853833485008,2.622905969619751,0.052653562277555466,0.0200745138740863,0.14
19,octanol_dipole,137,0.17345982789993286,0.006482919678092003,0.6160499076637573,0.959198998648896,1.1904219388961792,0.033907175064086914,0.028483325076760095,0.1
19,octanol_dipole,138,0.3310704231262207,0.0036310628056526184,0.6200010678434225,0.9126824278045758,0.555440366268158,0.20890019834041595,0.37609833751182964,0.12
19,octanol_dipole,139,0.21619851887226105,0.001833143993280828,0.6329510939927412,0.9631152820062372,0.11618804186582565,0.039623014628887177,0.3410248937205084,0.14
19,octanol_dipole,140,0.2579314708709717,0.01694309338927269,0.6031365657302648,0.9000711657354659,3.2172861099243164,0.39241331815719604,0.12197028947681224,0.1
19,octanol_dipole,141,0.1626889705657959,0.006982259918004274,0.6199290089283294,0.9657171154580981,1.2047796249389648,0.05884702131152153,0.04884463522903848,0.08
19,octanol_dipole,142,0.09497269988059998,0.018104111775755882,0.6137787025441048,0.9646700424227443,3.2737293243408203,0.008730712346732616,0.0026669011032213496,0.02
19,octanol_dipole,143,0.2905978560447693,0.016570232808589935,0.6161218157268344,0.9159991039174606,3.152700901031494,0.2516402304172516,0.07981734973175554,0.18
19,octanol_dipole,144,0.3930070996284485,0.01351960375905037,0.6209884000109755,0.9105841906000489,2.6370444297790527,0.7522304058074951,0.2852551126226271,0.18
19,octanol_dipole,145,0.19961772859096527,0.017031310126185417,0.6143871517945845,0.9448663011246929,3.107895851135254,0.08215593546628952,0.02643458449107281,0.08
19,octanol_dipole,146,0.049111928790807724,0.012500512413680553,0.6185685502756664,0.9754427971849824,2.2712209224700928,0.005882953759282827,0.002590216434288899,0.12
19,octanol_dipole,147,0.09759993106126785,0.011233088560402393,0.6162347490286921,0.9510234048283215,2.074002504348755,0.016160454601049423,0.007791916628434289,0.12
19,octanol_dipole,148,0.06137458607554436,0.013124503195285797,0.6171952590730583,0.9529435365414494,2.3994767665863037,0.006594177335500717,0.0027481730297735474,0.1
19,octanol_dipole,149,0.6721846461296082,0.005181504879146814,0.6700638176063465,0.895774387610283,0.9637429118156433,0.8682783842086792,0.9009439898996365,0.44
19,octanol_dipole,150,0.36786264181137085,0.015728989616036415,0.6176822513811604,0.8972811987423386,3.0088555812835693,0.5183131098747253,0.17226254164502453,0.16
19,octanol_dipole,151,0.16441912949085236,0.012553945183753967,0.6159367319385569,0.960703449506545,2.283501386642456,0.025925055146217346,0.011353203154536386,0.1
19,octanol_dipole,152,0.09403305500745773,0.017679201439023018,0.6143417073497022,0.9650003155666576,3.2916150093078613,0.006707042921334505,0.002037614636696172,0.1
19,octanol_dipole,153,0.33392995595932007,0.015453239902853966,0.6096828402724168,0.895202437403926,2.9363744258880615,0.4668881893157959,0.15900158549248797,0.18
19,octanol_dipole,154,0.35742226243019104,0.01136594545096159,0.6190079956453829,0.9166510421475595,2.0980303287506104,0.34308627247810364,0.16352779451115637,0.26
19,octanol_dipole,155,0.3704226016998291,0.011454752646386623,0.6185816082981113,0.907564911579485,2.172584295272827,0.44906455278396606,0.20669603189208996,0.2
19,octanol_dipole,156,0.3077138364315033,0.010903345420956612,0.616305039570155,0.9277057057319538,2.0499796867370605,0.24997587502002716,0.12194065952814984,0.2
19,octanol_dipole,157,0.10846071690320969,0.0148014472797513,0.6179930983145365,0.9636561867964544,2.7481298446655273,0.006608101539313793,0.002404581265379788,0.08
19,octanol_dipole,158,0.4188165068626404,0.006484683137387037,0.6234232179204837,0.9052650316844011,1.181061029434204,0.33081182837486267,0.28009715004595526,0.24
19,octanol_dipole,159,0.10585334897041321,0.012395631521940231,0.6121499637311694,0.9650364180675917,2.320279836654663,0.017781592905521393,0.00766355532837736,0.06
19,octanol_dipole,160,0.31858739256858826,0.01761174574494362,0.6159262438410378,0.916838558119426,3.31929874420166,0.45256903767585754,0.13634477416846882,0.1
19,octanol_dipole,161,0.3718658685684204,0.015031826682388783,0.6160460038731659,0.9067142357773852,2.8929173946380615,0.3801972270011902,0.13142346466783833,0.2
19,octanol_dipole,162,0.219650998711586,0.013515767641365528,0.615794587640276,0.9367301135817445,2.57232403755188,0.10147617757320404,0.03944922027388916,0.08
19,octanol_dipole,163,0.08172730356454849,0.01966831646859646,0.6145917875830431,0.9631915096953454,3.5893850326538086,0.004855342675000429,0.0013526948574281638,0.12
19,octanol_dipole,164,0.3911152184009552,0.014305073767900467,0.6204538006906894,0.8922603556701876,2.7567901611328125,0.3959653973579407,0.14363276644720455,0.16
19,octanol_dipole,165,0.27345481514930725,0.016750529408454895,0.6163553892590374,0.9304966023617942,3.2658982276916504,0.2241542786359787,0.06863480213050356,0.06
19,octanol_dipole,166,0.1757030338048935,0.010476271621882915,0.6174176099220123,0.9428619549973181,1.9114747047424316,0.02319507487118244,0.012134649134322677,0.06
19,octanol_dipole,167,0.4532409608364105,0.014551651664078236,0.6191708218747782,0.8974094894562075,2.7978601455688477,0.8477794528007507,0.30300994642045775,0.16
19,octanol_dipole,168,0.3932298421859741,0.014423642307519913,0.6175627504096184,0.8920870544459114,2.717830181121826,0.4934524893760681,0.18156119274986784,0.2
19,octanol_dipole,169,0.21117882430553436,0.016795024275779724,0.6144825334073309,0.9250758248978723,3.1102371215820312,0.2082059383392334,0.06694214305863884,0.14
19,octanol_dipole,170,0.1597106158733368,0.01373577956110239,0.6178206180404693,0.9596184739066749,2.570329427719116,0.008688308298587799,0.0033802314228249387,0.1
19,octanol_dipole,171,0.1757769137620926,0.010944250971078873,0.6156753436358551,0.9095690956690448,2.0304057598114014,0.17987629771232605,0.0885913058722973,0.06
19,octanol_dipole,172,0.13488996028900146,0.016763679683208466,0.6122222964971504,0.9573710234448225,3.106748342514038,0.002761068055406213,0.0008887324465978167,0.1
19,octanol_dipole,173,0.10799258947372437,0.014341570436954498,0.6167235485950326,0.9556321117944513,2.616567611694336,0.011135813780128956,0.004255886119800304,0.08
19,octanol_dipole,174,0.31720542907714844,0.019770966842770576,0.6133322777352355,0.9005796802464185,3.720541477203369,0.6460192799568176,0.17363582261214647,0.06
19,octanol_dipole,175,0.05915971100330353,0.0176266860216856,0.6152766776368883,0.9675782660454086,3.230468511581421,0.004623851738870144,0.0014313254322997923,0.12
19,octanol_dipole,176,0.11510921269655228,0.011887125670909882,0.6173637076256671,0.9577122435971519,2.1522340774536133,0.011348942294716835,0.005273098504296607,0.1
19,octanol_dipole,177,0.28349047899246216,0.007881823927164078,0.6184698970412594,0.9225848776990959,1.4663217067718506,0.19340063631534576,0.13189509193117166,0.16
19,octanol_dipole,178,0.2394605129957199,0.030672570690512657,0.6215062744357458,0.9048448512017675,6.416788578033447,0.6680015921592712,0.10410216637743637,0.1
19,octanol_dipole,179,0.4132300317287445,0.012737913988530636,0.6187157769521157,0.9020241442825017,2.413170576095581,0.5576732754707336,0.2310956718082598,0.24
19,octanol_dipole,180,0.11849554628133774,0.015756839886307716,0.6157246765699986,0.9568982946414031,2.8603756427764893,0.024947073310613632,0.008721607378252663,0.06
19,octanol_dipole,181,0.03557508438825607,0.01358544547110796,0.6154592491935726,0.973170458119623,2.541720390319824,0.006890245713293552,0.00271085904631176,0.04
19,octanol_dipole,182,0.21083328127861023,0.03187265247106552,0.6125410248651337,0.9173268370298442,6.121983051300049,0.884634792804718,0.14450134627812458,0.08
19,octanol_dipole,183,0.1809968799352646,0.010078132152557373,0.6168445770822675,0.9610557916329132,1.8575600385665894,0.05196382477879524,0.027974237009800132,0.12
19,octanol_dipole,184,0.36774781346321106,0.013799118809401989,0.6156750071701198,0.8908189725125177,2.663207769393921,0.5196171402931213,0.1951095015059126,0.14
19,octanol_dipole,185,0.7855386137962341,0.004510205704718828,0.6844099367497163,0.9074214572701838,0.7925609350204468,0.954106330871582,1.2038270986027941,0.62
19,octanol_dipole,186,0.1773056834936142,0.007073606830090284,0.6158371542119114,0.9521095381512086,1.2872817516326904,0.012967812828719616,0.010073795276187382,0.14
19,octanol_dipole,187,0.3013361990451813,0.012438244186341763,0.6173193033455247,0.9182125501169853,2.3569962978363037,0.363126277923584,0.15406315158701345,0.14
19,octanol_dipole,188,0.379611074924469,0.01612226665019989,0.6194555250120941,0.9148705315017003,3.211261034011841,0.2411387860774994,0.07509161775498635,0.32
19,octanol_dipole,189,0.15013155341148376,0.010933407582342625,0.6174084779232958,0.9431654522175861,1.9891160726547241,0.04289751127362251,0.021566117665707873,0.14
19,octanol_dipole,190,0.12416573613882065,0.015934830531477928,0.6168119466031114,0.951130281959097,2.9289376735687256,0.013558994978666306,0.004629321784831811,0.08
19,octanol_dipole,191,0.09522823244333267,0.018708286806941032,0.6149240698063057,0.9640830922520314,3.420572280883789,0.006842209026217461,0.0020003111948418196,0.06
19,octanol_dipole,192,0.12339181452989578,0.012995668686926365,0.6154178206928271,0.9722035687742594,2.404501438140869,0.011040501296520233,0.00459159687800254,0.06
19,octanol_dipole,193,0.18287360668182373,0.015834182500839233,0.6158668388688722,0.9345991220615328,3.0597920417785645,0.11334624886512756,0.03704377530155377,0.08
19,octanol_dipole,194,0.386191189289093,0.01589157246053219,0.618444043802219,0.8975770862866896,3.053114175796509,0.630578339099884,0.20653611453471968,0.1
19,octanol_dipole,195,0.15217672288417816,0.010055284015834332,0.6161663656039189,0.9559840563364945,1.8381168842315674,0.018958212807774544,0.01031393213914147,0.12
19,octanol_dipole,196,0.167195126414299,0.015406562015414238,0.6091180183479594,0.9436760098012282,2.8772287368774414,0.15089349448680878,0.05244403844324465,0.08
19,octanol_dipole,197,0.3594808876514435,0.009195716120302677,0.6196691286814335,0.924200371986921,1.733389139175415,0.35509711503982544,0.2048571247012356,0.26
19,octanol_dipole,198,0.116789311170578,0.014575827866792679,0.6147896862614557,0.9616293415961537,2.7234928607940674,0.004827052820473909,0.001772375793585346,0.1
19,octanol_dipole,199,0.2642157971858978,0.017106419429183006,0.6138215960080355,0.9114083577196421,3.229991912841797,0.3186444640159607,0.09865178384784634,0.16
19,octanol_dipole,200,0.09810519963502884,0.018640438094735146,0.6151363662828628,0.9672837522136222,3.4688501358032227,0.014676799066364765,0.004231027139189543,0.14
19,octanol_dipole,201,0.10228051245212555,0.014147928915917873,0.6142903415198069,0.9602951073592518,2.617002487182617,0.01093141920864582,0.004177076354411204,0.1
19,octanol_dipole,202,0.30314338207244873,0.014217674732208252,0.6102160331875355,0.9264731541886801,2.749593496322632,0.29655778408050537,0.10785513730561569,0.1
19,octanol_dipole,203,0.2056947499513626,0.00836136657744646,0.6201995150387489,0.9559465551137489,1.4937174320220947,0.027138564735651016,0.01816847293461163,0.14
19,octanol_dipole,204,0.11183932423591614,0.009452123194932938,0.6174046247643123,0.956289212766422,1.7024667263031006,0.009635023772716522,0.005659449094572871,0.12
19,octanol_dipole,205,0.16240568459033966,0.0209475290030241,0.6166585055733045,0.9597925325816632,3.8383443355560303,0.03762716054916382,0.009802966398978135,0.08
19,octanol_dipole,206,0.13383999466896057,0.014187737368047237,0.6104621741730469,0.9597771618319964,2.644301176071167,0.029176494106650352,0.01103372579896516,0.1
19,octanol_dipole,207,0.19120948016643524,0.03601416200399399,0.6165765725525871,0.9176783789820788,6.986185550689697,0.726173460483551,0.10394419890720781,0.04
19,octanol_dipole,208,0.17725402116775513,0.013342258520424366,0.6176698683180568,0.9447323052390666,2.4732799530029297,0.0854944959282875,0.0345672538300747,0.12
19,octanol_dipole,209,0.14634568989276886,0.009834703989326954,0.6164480810554791,0.953787783868705,1.8170865774154663,0.022201532498002052,0.012218202904553072,0.1
19,octanol_dipole,210,0.15751178562641144,0.018445037305355072,0.6137266200134941,0.9652233947857443,3.469602346420288,0.006508146412670612,0.0018757614743330163,0.12
19,octanol_dipole,211,0.13417451083660126,0.012704919092357159,0.6167918507336756,0.9403118480903396,2.2958593368530273,0.011810626834630966,0.005144316398242406,0.14
19,octanol_dipole,212,0.43887144327163696,0.011755135841667652,0.6287095430283851,0.8907144586050275,2.272144079208374,0.9368435144424438,0.4123169490065281,0.1
19,octanol_dipole,213,0.12469086796045303,0.016858329996466637,0.6108365430977332,0.9548222433777944,3.0820014476776123,0.01459639985114336,0.004736013301402639,0.0
19,octanol_dipole,214,0.14380507171154022,0.015084353275597095,0.6104492542322557,0.9699654046522628,2.7959938049316406,0.0033482464496046305,0.0011975156896624425,0.08
19,octanol_dipole,215,0.07785406708717346,0.011731365695595741,0.616787028134046,0.963520860417354,2.092768907546997,0.019934559240937233,0.009525446966002177,0.02
19,octanol_dipole,216,0.0952705517411232,0.017672192305326462,0.6143813950067809,0.961064789421235,3.417180299758911,0.009427105076611042,0.0027587379797537003,0.0
19,octanol_dipole,217,0.184700608253479,0.015504220500588417,0.6164351212167094,0.9591104496111313,2.9258737564086914,0.009781738743185997,0.0033431855088622855,0.16
19,octanol_dipole,218,0.25718167424201965,0.01836918480694294,0.6160854143080265,0.9443112307968271,3.4655654430389404,0.11252699792385101,0.032470025389327674,0.14
19,octanol_dipole,219,0.16103297472000122,0.01367159839719534,0.6170686458892063,0.9683479135543485,2.53420090675354,0.008733490481972694,0.0034462502395521625,0.12
19,octanol_dipole,220,0.48715633153915405,0.010623716749250889,0.6257809315360277,0.8959491704779867,1.9667508602142334,0.6690730452537537,0.3401920694626635,0.2
19,octanol_dipole,221,0.14864693582057953,0.01886160857975483,0.6136061847772416,0.958885028073108,3.568321466445923,0.032085567712783813,0.00899178171431435,0.06
19,octanol_dipole,222,0.2819189429283142,0.011554859578609467,0.6126539702819911,0.9102287476500961,2.1631648540496826,0.24126005172729492,0.11153105195640987,0.12
19,octanol_dipole,223,0.23783110082149506,0.004306550603359938,0.6171432189494055,0.948214265752114,0.7575936913490295,0.10616453737020493,0.14013387199827415,0.16
19,octanol_dipole,224,0.1845093071460724,0.013861225917935371,0.6178707603603466,0.966526153139226,2.518885612487793,0.007487619761377573,0.002972592214690678,0.14
19,octanol_dipole,225,0.1945182979106903,0.012605639174580574,0.6160070293531272,0.9574337774461894,2.3463892936706543,0.026915038004517555,0.011470832260068871,0.06
19,octanol_dipole,226,0.2641637325286865,0.016077546402812004,0.6157749533550627,0.9187767813728567,3.127673625946045,0.37353941798210144,0.119430433816161,0.12
19,octanol_dipole,227,0.11586439609527588,0.017875170335173607,0.5990410779768842,0.9584437839935629,3.238419771194458,0.006424028892070055,0.0019836924629757363,0.12
19,octanol_dipole,228,0.31112638115882874,0.014585880562663078,0.6122139306853285,0.8977974757755318,2.8607115745544434,0.38511934876441956,0.13462362028734126,0.14
19,octanol_dipole,229,0.13319499790668488,0.011803206987679005,0.6169975625039947,0.9571028507453891,2.174718141555786,0.0271696038544178,0.012493390906731829,0.12
19,octanol_dipole,230,0.09542756527662277,0.014304240234196186,0.61529792256827,0.94962678867084,2.6734912395477295,0.010471844114363194,0.003916917310016957,0.1
19,octanol_dipole,231,0.11846370249986649,0.019930072128772736,0.6187704076078184,0.9649485684511301,3.729501485824585,0.00681620417162776,0.001827644846780564,0.08
19,octanol_dipole,232,0.09361008554697037,0.006607863586395979,0.6160448269130867,0.9551265166844516,1.1443533897399902,0.04712230712175369,0.04117810769316671,0.1
19,octanol_dipole,233,0.2818664610385895,0.018147753551602364,0.6144180774763632,0.906417681825717,3.4580814838409424,0.4465935528278351,0.1291448899959977,0.12
19,octanol_dipole,234,0.07399119436740875,0.008375651203095913,0.6171991179649712,0.9612462124510937,1.5480674505233765,0.012942279689013958,0.008360281513985959,0.1
19,octanol_dipole,235,0.13484133780002594,0.012155091390013695,0.6229464581359188,0.9603868301755336,2.2078423500061035,0.019280103966593742,0.008732554643922127,0.06
19,octanol_dipole,236,0.13773606717586517,0.012041139416396618,0.6176894013003722,0.9523234078987899,2.161301374435425,0.011904580518603325,0.005508061327964056,0.1
19,octanol_dipole,237,0.1484687328338623,0.015650596469640732,0.6188619273277067,0.9673313653508859,2.9085440635681152,0.006433973554521799,0.002212094234745336,0.12
19,octanol_dipole,238,0.20804716646671295,0.027362514287233353,0.6258496661371711,0.91711808014094,5.347802639007568,0.33450284600257874,0.06254958692055526,0.06
19,octanol_dipole,239,0.30959147214889526,0.018833788111805916,0.6156109270541621,0.8877724696020906,3.6462326049804688,0.5977790951728821,0.16394431182376093,0.12
19,octanol_dipole,240,0.07682402431964874,0.01425726804882288,0.6151313460130878,0.9559301308750949,2.568450927734375,0.012284424155950546,0.0047828144284565366,0.08
19,octanol_dipole,241,0.13251875340938568,0.008142874576151371,0.6162322018765147,0.9500105251001307,1.4464150667190552,0.04802541807293892,0.03320306817729461,0.08
19,octanol_dipole,242,0.20116963982582092,0.01399393379688263,0.6155567901394161,0.948544927806898,2.6249232292175293,0.042099934071302414,0.01603853918571634,0.14
19,octanol_dipole,243,0.22030629217624664,0.020767025649547577,0.6150456886783313,0.8991696871809349,3.875354528427124,0.3484000265598297,0.08990145908050212,0.06
19,octanol_dipole,244,0.39717525243759155,0.01641152799129486,0.611922188539906,0.8966730960949851,3.2229325771331787,0.7081414461135864,0.21971959672314437,0.22
19,octanol_dipole,245,0.16880613565444946,0.016663983464241028,0.61629114551464,0.9551513215757319,3.1024746894836426,0.008090071380138397,0.002607618817185213,0.12
19,octanol_dipole,246,0.13212232291698456,0.015195381827652454,0.6196998850098276,0.9599002565797279,2.8443071842193604,0.014463718049228191,0.005085146263200772,0.16
19,octanol_dipole,247,0.1785847693681717,0.011957718059420586,0.615295661842644,0.957062583108516,2.2405476570129395,0.037992965430021286,0.01695699946890345,0.12
19,octanol_dipole,248,0.21706686913967133,0.016203206032514572,0.6090960911469607,0.9199163745938375,3.084784984588623,0.2535516917705536,0.08219428356831374,0.1
19,octanol_dipole,249,0.09615010768175125,0.02235090546309948,0.6089346551862012,0.9622412307348209,4.123316764831543,0.013201545923948288,0.0032016812379166396,0.06
19,hexane_gsolv_eV,0,1.0000001192092896,0.0,0.6367665934946176,0.6367665934946176,,,,1.0
19,hexane_gsolv_eV,1,1.0000001192092896,0.0,0.6367665934946176,0.6367665934946176,,,,1.0
19,hexane_gsolv_eV,2,1.0000001192092896,0.0,0.6367665934946176,0.6367665934946176,,,,1.0
19,hexane_gsolv_eV,3,1.0000001192092896,0.0,0.6367665934946176,0.6367665934946176,,,,1.0
19,hexane_gsolv_eV,4,1.0000001192092896,0.0,0.6367665934946176,0.6367665934946176,,,,1.0
19,hexane_gsolv_eV,5,1.0000001192092896,0.0,0.6367665934946176,0.6367665934946176,,,,1.0
19,hexane_gsolv_eV,6,1.0000001192092896,0.0,0.6367665934946176,0.6367665934946176,,,,1.0
19,hexane_gsolv_eV,7,1.0000001192092896,0.0,0.6367665934946176,0.6367665934946176,,,,1.0
19,hexane_gsolv_eV,8,1.0000001192092896,0.0,0.6367665934946176,0.6367665934946176,,,,1.0
19,hexane_gsolv_eV,9,1.0000001192092896,0.0,0.6367665934946176,0.6367665934946176,,,,1.0
19,hexane_gsolv_eV,10,1.0000001192092896,0.0,0.6367665934946176,0.6367665934946176,,,,1.0
19,hexane_gsolv_eV,11,1.0000001192092896,0.0,0.6367665934946176,0.6367665934946176,,,,1.0
19,hexane_gsolv_eV,12,1.0000001192092896,0.0,0.6367665934946176,0.6367665934946176,,,,1.0
19,hexane_gsolv_eV,13,1.0000001192092896,0.0,0.6367665934946176,0.6367665934946176,,,,1.0
19,hexane_gsolv_eV,14,1.0000001192092896,0.0,0.6367665934946176,0.6367665934946176,,,,1.0
19,hexane_gsolv_eV,15,1.0000001192092896,0.0,0.6367665934946176,0.6367665934946176,,,,1.0
19,hexane_gsolv_eV,16,1.0000001192092896,0.0,0.6367665934946176,0.6367665934946176,,,,1.0
19,hexane_gsolv_eV,17,1.0000001192092896,0.0,0.6367665934946176,0.6367665934946176,,,,1.0
19,hexane_gsolv_eV,18,1.0000001192092896,0.0,0.6367665934946176,0.6367665934946176,,,,1.0
19,hexane_gsolv_eV,19,1.0000001192092896,0.0,0.6367665934946176,0.6367665934946176,,,,1.0
19,hexane_gsolv_eV,20,1.0000001192092896,0.0,0.6367665934946176,0.6367665934946176,,,,1.0
19,hexane_gsolv_eV,21,1.0000001192092896,0.0,0.6367665934946176,0.6367665934946176,,,,1.0
19,hexane_gsolv_eV,22,1.0000001192092896,0.0,0.6367665934946176,0.6367665934946176,,,,1.0
19,hexane_gsolv_eV,23,1.0000001192092896,0.0,0.6367665934946176,0.6367665934946176,,,,1.0
19,hexane_gsolv_eV,24,1.0000001192092896,0.0,0.6367665934946176,0.6367665934946176,,,,1.0
19,hexane_gsolv_eV,25,1.0000001192092896,0.0,0.6367665934946176,0.6367665934946176,,,,1.0
19,hexane_gsolv_eV,26,1.0000001192092896,0.0,0.6367665934946176,0.6367665934946176,,,,1.0
19,hexane_gsolv_eV,27,1.0000001192092896,0.0,0.6367665934946176,0.6367665934946176,,,,1.0
19,hexane_gsolv_eV,28,1.0000001192092896,0.0,0.6367665934946176,0.6367665934946176,,,,1.0
19,hexane_gsolv_eV,29,1.0000001192092896,0.0,0.6367665934946176,0.6367665934946176,,,,1.0
19,hexane_gsolv_eV,30,1.0000001192092896,0.0,0.6367665934946176,0.6367665934946176,,,,1.0
19,hexane_gsolv_eV,31,1.0000001192092896,0.0,0.6367665934946176,0.6367665934946176,,,,1.0
19,hexane_gsolv_eV,32,1.0000001192092896,0.0,0.6367665934946176,0.6367665934946176,,,,1.0
19,hexane_gsolv_eV,33,1.0000001192092896,0.0,0.6367665934946176,0.6367665934946176,,,,1.0
19,hexane_gsolv_eV,34,1.0000001192092896,0.0,0.6367665934946176,0.6367665934946176,,,,1.0
19,hexane_gsolv_eV,35,1.0000001192092896,0.0,0.6367665934946176,0.6367665934946176,,,,1.0
19,hexane_gsolv_eV,36,1.0000001192092896,0.0,0.6367665934946176,0.6367665934946176,,,,1.0
19,hexane_gsolv_eV,37,1.0000001192092896,0.0,0.6367665934946176,0.6367665934946176,,,,1.0
19,hexane_gsolv_eV,38,1.0000001192092896,0.0,0.6367665934946176,0.6367665934946176,,,,1.0
19,hexane_gsolv_eV,39,1.0000001192092896,0.0,0.6367665934946176,0.6367665934946176,,,,1.0
19,hexane_gsolv_eV,40,1.0000001192092896,0.0,0.6367665934946176,0.6367665934946176,,,,1.0
19,hexane_gsolv_eV,41,1.0000001192092896,0.0,0.6367665934946176,0.6367665934946176,,,,1.0
19,hexane_gsolv_eV,42,1.0000001192092896,0.0,0.6367665934946176,0.6367665934946176,,,,1.0
19,hexane_gsolv_eV,43,1.0000001192092896,0.0,0.6367665934946176,0.6367665934946176,,,,1.0
19,hexane_gsolv_eV,44,1.0000001192092896,0.0,0.6367665934946176,0.6367665934946176,,,,1.0
19,hexane_gsolv_eV,45,1.0000001192092896,0.0,0.6367665934946176,0.6367665934946176,,,,1.0
19,hexane_gsolv_eV,46,1.0000001192092896,0.0,0.6367665934946176,0.6367665934946176,,,,1.0
19,hexane_gsolv_eV,47,1.0000001192092896,0.0,0.6367665934946176,0.6367665934946176,,,,1.0
19,hexane_gsolv_eV,48,1.0000001192092896,0.0,0.6367665934946176,0.6367665934946176,,,,1.0
19,hexane_gsolv_eV,49,1.0000001192092896,0.0,0.6367665934946176,0.6367665934946176,,,,1.0
19,hexane_gsolv_eV,50,1.0000001192092896,0.0,0.6367665934946176,0.6367665934946176,,,,1.0
19,hexane_gsolv_eV,51,1.0000001192092896,0.0,0.6367665934946176,0.6367665934946176,,,,1.0
19,hexane_gsolv_eV,52,1.0000001192092896,0.0,0.6367665934946176,0.6367665934946176,,,,1.0
19,hexane_gsolv_eV,53,1.0000001192092896,0.0,0.6367665934946176,0.6367665934946176,,,,1.0
19,hexane_gsolv_eV,54,1.0000001192092896,0.0,0.6367665934946176,0.6367665934946176,,,,1.0
19,hexane_gsolv_eV,55,1.0000001192092896,0.0,0.6367665934946176,0.6367665934946176,,,,1.0
19,hexane_gsolv_eV,56,1.0000001192092896,0.0,0.6367665934946176,0.6367665934946176,,,,1.0
19,hexane_gsolv_eV,57,1.0000001192092896,0.0,0.6367665934946176,0.6367665934946176,,,,1.0
19,hexane_gsolv_eV,58,1.0000001192092896,0.0,0.6367665934946176,0.6367665934946176,,,,1.0
19,hexane_gsolv_eV,59,1.0000001192092896,0.0,0.6367665934946176,0.6367665934946176,,,,1.0
19,hexane_gsolv_eV,60,1.0000001192092896,0.0,0.6367665934946176,0.6367665934946176,,,,1.0
19,hexane_gsolv_eV,61,1.0000001192092896,0.0,0.6367665934946176,0.6367665934946176,,,,1.0
19,hexane_gsolv_eV,62,1.0000001192092896,0.0,0.6367665934946176,0.6367665934946176,,,,1.0
19,hexane_gsolv_eV,63,1.0000001192092896,0.0,0.6367665934946176,0.6367665934946176,,,,1.0
19,hexane_gsolv_eV,64,1.0000001192092896,0.0,0.6367665934946176,0.6367665934946176,,,,1.0
19,hexane_gsolv_eV,65,1.0000001192092896,0.0,0.6367665934946176,0.6367665934946176,,,,1.0
19,hexane_gsolv_eV,66,1.0000001192092896,0.0,0.6367665934946176,0.6367665934946176,,,,1.0
19,hexane_gsolv_eV,67,1.0000001192092896,0.0,0.6367665934946176,0.6367665934946176,,,,1.0
19,hexane_gsolv_eV,68,1.0000001192092896,0.0,0.6367665934946176,0.6367665934946176,,,,1.0
19,hexane_gsolv_eV,69,1.0000001192092896,0.0,0.6367665934946176,0.6367665934946176,,,,1.0
19,hexane_gsolv_eV,70,1.0000001192092896,0.0,0.6367665934946176,0.6367665934946176,,,,1.0
19,hexane_gsolv_eV,71,1.0000001192092896,0.0,0.6367665934946176,0.6367665934946176,,,,1.0
19,hexane_gsolv_eV,72,1.0000001192092896,0.0,0.6367665934946176,0.6367665934946176,,,,1.0
19,hexane_gsolv_eV,73,1.0000001192092896,0.0,0.6367665934946176,0.6367665934946176,,,,1.0
19,hexane_gsolv_eV,74,1.0000001192092896,0.0,0.6367665934946176,0.6367665934946176,,,,1.0
19,hexane_gsolv_eV,75,1.0000001192092896,0.0,0.6367665934946176,0.6367665934946176,,,,1.0
19,hexane_gsolv_eV,76,1.0000001192092896,0.0,0.6367665934946176,0.6367665934946176,,,,1.0
19,hexane_gsolv_eV,77,1.0000001192092896,0.0,0.6367665934946176,0.6367665934946176,,,,1.0
19,hexane_gsolv_eV,78,1.0000001192092896,0.0,0.6367665934946176,0.6367665934946176,,,,1.0
19,hexane_gsolv_eV,79,1.0000001192092896,0.0,0.6367665934946176,0.6367665934946176,,,,1.0
19,hexane_gsolv_eV,80,1.0000001192092896,0.0,0.6367665934946176,0.6367665934946176,,,,1.0
19,hexane_gsolv_eV,81,1.0000001192092896,0.0,0.6367665934946176,0.6367665934946176,,,,1.0
19,hexane_gsolv_eV,82,1.0000001192092896,0.0,0.6367665934946176,0.6367665934946176,,,,1.0
19,hexane_gsolv_eV,83,1.0000001192092896,0.0,0.6367665934946176,0.6367665934946176,,,,1.0
19,hexane_gsolv_eV,84,1.0000001192092896,0.0,0.6367665934946176,0.6367665934946176,,,,1.0
19,hexane_gsolv_eV,85,1.0000001192092896,0.0,0.6367665934946176,0.6367665934946176,,,,1.0
19,hexane_gsolv_eV,86,1.0000001192092896,0.0,0.6367665934946176,0.6367665934946176,,,,1.0
19,hexane_gsolv_eV,87,1.0000001192092896,0.0,0.6367665934946176,0.6367665934946176,,,,1.0
19,hexane_gsolv_eV,88,1.0000001192092896,0.0,0.6367665934946176,0.6367665934946176,,,,1.0
19,hexane_gsolv_eV,89,1.0000001192092896,0.0,0.6367665934946176,0.6367665934946176,,,,1.0
19,hexane_gsolv_eV,90,1.0000001192092896,0.0,0.6367665934946176,0.6367665934946176,,,,1.0
19,hexane_gsolv_eV,91,1.0000001192092896,0.0,0.6367665934946176,0.6367665934946176,,,,1.0
19,hexane_gsolv_eV,92,1.0000001192092896,0.0,0.6367665934946176,0.6367665934946176,,,,1.0
19,hexane_gsolv_eV,93,1.0000001192092896,0.0,0.6367665934946176,0.6367665934946176,,,,1.0
19,hexane_gsolv_eV,94,1.0000001192092896,0.0,0.6367665934946176,0.6367665934946176,,,,1.0
19,hexane_gsolv_eV,95,1.0000001192092896,0.0,0.6367665934946176,0.6367665934946176,,,,1.0
19,hexane_gsolv_eV,96,1.0000001192092896,0.0,0.6367665934946176,0.6367665934946176,,,,1.0
19,hexane_gsolv_eV,97,1.0000001192092896,0.0,0.6367665934946176,0.6367665934946176,,,,1.0
19,hexane_gsolv_eV,98,1.0000001192092896,0.0,0.6367665934946176,0.6367665934946176,,,,1.0
19,hexane_gsolv_eV,99,1.0000001192092896,0.0,0.6367665934946176,0.6367665934946176,,,,1.0
19,hexane_gsolv_eV,100,1.0000001192092896,0.0,0.6367665934946176,0.6367665934946176,,,,1.0
19,hexane_gsolv_eV,101,1.0000001192092896,0.0,0.6367665934946176,0.6367665934946176,,,,1.0
19,hexane_gsolv_eV,102,1.0000001192092896,0.0,0.6367665934946176,0.6367665934946176,,,,1.0
19,hexane_gsolv_eV,103,1.0000001192092896,0.0,0.6367665934946176,0.6367665934946176,,,,1.0
19,hexane_gsolv_eV,104,1.0000001192092896,0.0,0.6367665934946176,0.6367665934946176,,,,1.0
19,hexane_gsolv_eV,105,1.0000001192092896,0.0,0.6367665934946176,0.6367665934946176,,,,1.0
19,hexane_gsolv_eV,106,1.0000001192092896,0.0,0.6367665934946176,0.6367665934946176,,,,1.0
19,hexane_gsolv_eV,107,1.0000001192092896,0.0,0.6367665934946176,0.6367665934946176,,,,1.0
19,hexane_gsolv_eV,108,1.0000001192092896,0.0,0.6367665934946176,0.6367665934946176,,,,1.0
19,hexane_gsolv_eV,109,1.0000001192092896,0.0,0.6367665934946176,0.6367665934946176,,,,1.0
19,hexane_gsolv_eV,110,1.0000001192092896,0.0,0.6367665934946176,0.6367665934946176,,,,1.0
19,hexane_gsolv_eV,111,1.0000001192092896,0.0,0.6367665934946176,0.6367665934946176,,,,1.0
19,hexane_gsolv_eV,112,1.0000001192092896,0.0,0.6367665934946176,0.6367665934946176,,,,1.0
19,hexane_gsolv_eV,113,1.0000001192092896,0.0,0.6367665934946176,0.6367665934946176,,,,1.0
19,hexane_gsolv_eV,114,1.0000001192092896,0.0,0.6367665934946176,0.6367665934946176,,,,1.0
19,hexane_gsolv_eV,115,1.0000001192092896,0.0,0.6367665934946176,0.6367665934946176,,,,1.0
19,hexane_gsolv_eV,116,1.0000001192092896,0.0,0.6367665934946176,0.6367665934946176,,,,1.0
19,hexane_gsolv_eV,117,1.0000001192092896,0.0,0.6367665934946176,0.6367665934946176,,,,1.0
19,hexane_gsolv_eV,118,1.0000001192092896,0.0,0.6367665934946176,0.6367665934946176,,,,1.0
19,hexane_gsolv_eV,119,1.0000001192092896,0.0,0.6367665934946176,0.6367665934946176,,,,1.0
19,hexane_gsolv_eV,120,1.0000001192092896,0.0,0.6367665934946176,0.6367665934946176,,,,1.0
19,hexane_gsolv_eV,121,1.0000001192092896,0.0,0.6367665934946176,0.6367665934946176,,,,1.0
19,hexane_gsolv_eV,122,1.0000001192092896,0.0,0.6367665934946176,0.6367665934946176,,,,1.0
19,hexane_gsolv_eV,123,1.0000001192092896,0.0,0.6367665934946176,0.6367665934946176,,,,1.0
19,hexane_gsolv_eV,124,1.0000001192092896,0.0,0.6367665934946176,0.6367665934946176,,,,1.0
19,hexane_gsolv_eV,125,1.0000001192092896,0.0,0.6367665934946176,0.6367665934946176,,,,1.0
19,hexane_gsolv_eV,126,1.0000001192092896,0.0,0.6367665934946176,0.6367665934946176,,,,1.0
19,hexane_gsolv_eV,127,1.0000001192092896,0.0,0.6367665934946176,0.6367665934946176,,,,1.0
19,hexane_gsolv_eV,128,1.0000001192092896,0.0,0.6367665934946176,0.6367665934946176,,,,1.0
19,hexane_gsolv_eV,129,1.0000001192092896,0.0,0.6367665934946176,0.6367665934946176,,,,1.0
19,hexane_gsolv_eV,130,1.0000001192092896,0.0,0.6367665934946176,0.6367665934946176,,,,1.0
19,hexane_gsolv_eV,131,1.0000001192092896,0.0,0.6367665934946176,0.6367665934946176,,,,1.0
19,hexane_gsolv_eV,132,1.0000001192092896,0.0,0.6367665934946176,0.6367665934946176,,,,1.0
19,hexane_gsolv_eV,133,1.0000001192092896,0.0,0.6367665934946176,0.6367665934946176,,,,1.0
19,hexane_gsolv_eV,134,1.0000001192092896,0.0,0.6367665934946176,0.6367665934946176,,,,1.0
19,hexane_gsolv_eV,135,1.0000001192092896,0.0,0.6367665934946176,0.6367665934946176,,,,1.0
19,hexane_gsolv_eV,136,1.0000001192092896,0.0,0.6367665934946176,0.6367665934946176,,,,1.0
19,hexane_gsolv_eV,137,1.0000001192092896,0.0,0.6367665934946176,0.6367665934946176,,,,1.0
19,hexane_gsolv_eV,138,1.0000001192092896,0.0,0.6367665934946176,0.6367665934946176,,,,1.0
19,hexane_gsolv_eV,139,1.0000001192092896,0.0,0.6367665934946176,0.6367665934946176,,,,1.0
19,hexane_gsolv_eV,140,1.0000001192092896,0.0,0.6367665934946176,0.6367665934946176,,,,1.0
19,hexane_gsolv_eV,141,1.0000001192092896,0.0,0.6367665934946176,0.6367665934946176,,,,1.0
19,hexane_gsolv_eV,142,1.0000001192092896,0.0,0.6367665934946176,0.6367665934946176,,,,1.0
19,hexane_gsolv_eV,143,1.0000001192092896,0.0,0.6367665934946176,0.6367665934946176,,,,1.0
19,hexane_gsolv_eV,144,1.0000001192092896,0.0,0.6367665934946176,0.6367665934946176,,,,1.0
19,hexane_gsolv_eV,145,1.0000001192092896,0.0,0.6367665934946176,0.6367665934946176,,,,1.0
19,hexane_gsolv_eV,146,1.0000001192092896,0.0,0.6367665934946176,0.6367665934946176,,,,1.0
19,hexane_gsolv_eV,147,1.0000001192092896,0.0,0.6367665934946176,0.6367665934946176,,,,1.0
19,hexane_gsolv_eV,148,1.0000001192092896,0.0,0.6367665934946176,0.6367665934946176,,,,1.0
19,hexane_gsolv_eV,149,1.0000001192092896,0.0,0.6367665934946176,0.6367665934946176,,,,1.0
19,hexane_gsolv_eV,150,1.0000001192092896,0.0,0.6367665934946176,0.6367665934946176,,,,1.0
19,hexane_gsolv_eV,151,1.0000001192092896,0.0,0.6367665934946176,0.6367665934946176,,,,1.0
19,hexane_gsolv_eV,152,1.0000001192092896,0.0,0.6367665934946176,0.6367665934946176,,,,1.0
19,hexane_gsolv_eV,153,1.0000001192092896,0.0,0.6367665934946176,0.6367665934946176,,,,1.0
19,hexane_gsolv_eV,154,1.0000001192092896,0.0,0.6367665934946176,0.6367665934946176,,,,1.0
19,hexane_gsolv_eV,155,1.0000001192092896,0.0,0.6367665934946176,0.6367665934946176,,,,1.0
19,hexane_gsolv_eV,156,1.0000001192092896,0.0,0.6367665934946176,0.6367665934946176,,,,1.0
19,hexane_gsolv_eV,157,1.0000001192092896,0.0,0.6367665934946176,0.6367665934946176,,,,1.0
19,hexane_gsolv_eV,158,1.0000001192092896,0.0,0.6367665934946176,0.6367665934946176,,,,1.0
19,hexane_gsolv_eV,159,1.0000001192092896,0.0,0.6367665934946176,0.6367665934946176,,,,1.0
19,hexane_gsolv_eV,160,1.0000001192092896,0.0,0.6367665934946176,0.6367665934946176,,,,1.0
19,hexane_gsolv_eV,161,1.0000001192092896,0.0,0.6367665934946176,0.6367665934946176,,,,1.0
19,hexane_gsolv_eV,162,1.0000001192092896,0.0,0.6367665934946176,0.6367665934946176,,,,1.0
19,hexane_gsolv_eV,163,1.0000001192092896,0.0,0.6367665934946176,0.6367665934946176,,,,1.0
19,hexane_gsolv_eV,164,1.0000001192092896,0.0,0.6367665934946176,0.6367665934946176,,,,1.0
19,hexane_gsolv_eV,165,1.0000001192092896,0.0,0.6367665934946176,0.6367665934946176,,,,1.0
19,hexane_gsolv_eV,166,1.0000001192092896,0.0,0.6367665934946176,0.6367665934946176,,,,1.0
19,hexane_gsolv_eV,167,1.0000001192092896,0.0,0.6367665934946176,0.6367665934946176,,,,1.0
19,hexane_gsolv_eV,168,1.0000001192092896,0.0,0.6367665934946176,0.6367665934946176,,,,1.0
19,hexane_gsolv_eV,169,1.0000001192092896,0.0,0.6367665934946176,0.6367665934946176,,,,1.0
19,hexane_gsolv_eV,170,1.0000001192092896,0.0,0.6367665934946176,0.6367665934946176,,,,1.0
19,hexane_gsolv_eV,171,1.0000001192092896,0.0,0.6367665934946176,0.6367665934946176,,,,1.0
19,hexane_gsolv_eV,172,1.0000001192092896,0.0,0.6367665934946176,0.6367665934946176,,,,1.0
19,hexane_gsolv_eV,173,1.0000001192092896,0.0,0.6367665934946176,0.6367665934946176,,,,1.0
19,hexane_gsolv_eV,174,1.0000001192092896,0.0,0.6367665934946176,0.6367665934946176,,,,1.0
19,hexane_gsolv_eV,175,1.0000001192092896,0.0,0.6367665934946176,0.6367665934946176,,,,1.0
19,hexane_gsolv_eV,176,1.0000001192092896,0.0,0.6367665934946176,0.6367665934946176,,,,1.0
19,hexane_gsolv_eV,177,1.0000001192092896,0.0,0.6367665934946176,0.6367665934946176,,,,1.0
19,hexane_gsolv_eV,178,1.0000001192092896,0.0,0.6367665934946176,0.6367665934946176,,,,1.0
19,hexane_gsolv_eV,179,1.0000001192092896,0.0,0.6367665934946176,0.6367665934946176,,,,1.0
19,hexane_gsolv_eV,180,1.0000001192092896,0.0,0.6367665934946176,0.6367665934946176,,,,1.0
19,hexane_gsolv_eV,181,1.0000001192092896,0.0,0.6367665934946176,0.6367665934946176,,,,1.0
19,hexane_gsolv_eV,182,1.0000001192092896,0.0,0.6367665934946176,0.6367665934946176,,,,1.0
19,hexane_gsolv_eV,183,1.0000001192092896,0.0,0.6367665934946176,0.6367665934946176,,,,1.0
19,hexane_gsolv_eV,184,1.0000001192092896,0.0,0.6367665934946176,0.6367665934946176,,,,1.0
19,hexane_gsolv_eV,185,1.0000001192092896,0.0,0.6367665934946176,0.6367665934946176,,,,1.0
19,hexane_gsolv_eV,186,1.0000001192092896,0.0,0.6367665934946176,0.6367665934946176,,,,1.0
19,hexane_gsolv_eV,187,1.0000001192092896,0.0,0.6367665934946176,0.6367665934946176,,,,1.0
19,hexane_gsolv_eV,188,1.0000001192092896,0.0,0.6367665934946176,0.6367665934946176,,,,1.0
19,hexane_gsolv_eV,189,1.0000001192092896,0.0,0.6367665934946176,0.6367665934946176,,,,1.0
19,hexane_gsolv_eV,190,1.0000001192092896,0.0,0.6367665934946176,0.6367665934946176,,,,1.0
19,hexane_gsolv_eV,191,1.0000001192092896,0.0,0.6367665934946176,0.6367665934946176,,,,1.0
19,hexane_gsolv_eV,192,1.0000001192092896,0.0,0.6367665934946176,0.6367665934946176,,,,1.0
19,hexane_gsolv_eV,193,1.0000001192092896,0.0,0.6367665934946176,0.6367665934946176,,,,1.0
19,hexane_gsolv_eV,194,1.0000001192092896,0.0,0.6367665934946176,0.6367665934946176,,,,1.0
19,hexane_gsolv_eV,195,1.0000001192092896,0.0,0.6367665934946176,0.6367665934946176,,,,1.0
19,hexane_gsolv_eV,196,1.0000001192092896,0.0,0.6367665934946176,0.6367665934946176,,,,1.0
19,hexane_gsolv_eV,197,1.0000001192092896,0.0,0.6367665934946176,0.6367665934946176,,,,1.0
19,hexane_gsolv_eV,198,1.0000001192092896,0.0,0.6367665934946176,0.6367665934946176,,,,1.0
19,hexane_gsolv_eV,199,1.0000001192092896,0.0,0.6367665934946176,0.6367665934946176,,,,1.0
19,hexane_gsolv_eV,200,1.0000001192092896,0.0,0.6367665934946176,0.6367665934946176,,,,1.0
19,hexane_gsolv_eV,201,1.0000001192092896,0.0,0.6367665934946176,0.6367665934946176,,,,1.0
19,hexane_gsolv_eV,202,1.0000001192092896,0.0,0.6367665934946176,0.6367665934946176,,,,1.0
19,hexane_gsolv_eV,203,1.0000001192092896,0.0,0.6367665934946176,0.6367665934946176,,,,1.0
19,hexane_gsolv_eV,204,1.0000001192092896,0.0,0.6367665934946176,0.6367665934946176,,,,1.0
19,hexane_gsolv_eV,205,1.0000001192092896,0.0,0.6367665934946176,0.6367665934946176,,,,1.0
19,hexane_gsolv_eV,206,1.0000001192092896,0.0,0.6367665934946176,0.6367665934946176,,,,1.0
19,hexane_gsolv_eV,207,1.0000001192092896,0.0,0.6367665934946176,0.6367665934946176,,,,1.0
19,hexane_gsolv_eV,208,1.0000001192092896,0.0,0.6367665934946176,0.6367665934946176,,,,1.0
19,hexane_gsolv_eV,209,1.0000001192092896,0.0,0.6367665934946176,0.6367665934946176,,,,1.0
19,hexane_gsolv_eV,210,1.0000001192092896,0.0,0.6367665934946176,0.6367665934946176,,,,1.0
19,hexane_gsolv_eV,211,1.0000001192092896,0.0,0.6367665934946176,0.6367665934946176,,,,1.0
19,hexane_gsolv_eV,212,1.0000001192092896,0.0,0.6367665934946176,0.6367665934946176,,,,1.0
19,hexane_gsolv_eV,213,1.0000001192092896,0.0,0.6367665934946176,0.6367665934946176,,,,1.0
19,hexane_gsolv_eV,214,1.0000001192092896,0.0,0.6367665934946176,0.6367665934946176,,,,1.0
19,hexane_gsolv_eV,215,1.0000001192092896,0.0,0.6367665934946176,0.6367665934946176,,,,1.0
19,hexane_gsolv_eV,216,1.0000001192092896,0.0,0.6367665934946176,0.6367665934946176,,,,1.0
19,hexane_gsolv_eV,217,1.0000001192092896,0.0,0.6367665934946176,0.6367665934946176,,,,1.0
19,hexane_gsolv_eV,218,1.0000001192092896,0.0,0.6367665934946176,0.6367665934946176,,,,1.0
19,hexane_gsolv_eV,219,1.0000001192092896,0.0,0.6367665934946176,0.6367665934946176,,,,1.0
19,hexane_gsolv_eV,220,1.0000001192092896,0.0,0.6367665934946176,0.6367665934946176,,,,1.0
19,hexane_gsolv_eV,221,1.0000001192092896,0.0,0.6367665934946176,0.6367665934946176,,,,1.0
19,hexane_gsolv_eV,222,1.0000001192092896,0.0,0.6367665934946176,0.6367665934946176,,,,1.0
19,hexane_gsolv_eV,223,1.0000001192092896,0.0,0.6367665934946176,0.6367665934946176,,,,1.0
19,hexane_gsolv_eV,224,1.0000001192092896,0.0,0.6367665934946176,0.6367665934946176,,,,1.0
19,hexane_gsolv_eV,225,1.0000001192092896,0.0,0.6367665934946176,0.6367665934946176,,,,1.0
19,hexane_gsolv_eV,226,1.0000001192092896,0.0,0.6367665934946176,0.6367665934946176,,,,1.0
19,hexane_gsolv_eV,227,1.0000001192092896,0.0,0.6367665934946176,0.6367665934946176,,,,1.0
19,hexane_gsolv_eV,228,1.0000001192092896,0.0,0.6367665934946176,0.6367665934946176,,,,1.0
19,hexane_gsolv_eV,229,1.0000001192092896,0.0,0.6367665934946176,0.6367665934946176,,,,1.0
19,hexane_gsolv_eV,230,1.0000001192092896,0.0,0.6367665934946176,0.6367665934946176,,,,1.0
19,hexane_gsolv_eV,231,1.0000001192092896,0.0,0.6367665934946176,0.6367665934946176,,,,1.0
19,hexane_gsolv_eV,232,1.0000001192092896,0.0,0.6367665934946176,0.6367665934946176,,,,1.0
19,hexane_gsolv_eV,233,1.0000001192092896,0.0,0.6367665934946176,0.6367665934946176,,,,1.0
19,hexane_gsolv_eV,234,1.0000001192092896,0.0,0.6367665934946176,0.6367665934946176,,,,1.0
19,hexane_gsolv_eV,235,1.0000001192092896,0.0,0.6367665934946176,0.6367665934946176,,,,1.0
19,hexane_gsolv_eV,236,1.0000001192092896,0.0,0.6367665934946176,0.6367665934946176,,,,1.0
19,hexane_gsolv_eV,237,1.0000001192092896,0.0,0.6367665934946176,0.6367665934946176,,,,1.0
19,hexane_gsolv_eV,238,1.0000001192092896,0.0,0.6367665934946176,0.6367665934946176,,,,1.0
19,hexane_gsolv_eV,239,1.0000001192092896,0.0,0.6367665934946176,0.6367665934946176,,,,1.0
19,hexane_gsolv_eV,240,1.0000001192092896,0.0,0.6367665934946176,0.6367665934946176,,,,1.0
19,hexane_gsolv_eV,241,1.0000001192092896,0.0,0.6367665934946176,0.6367665934946176,,,,1.0
19,hexane_gsolv_eV,242,1.0000001192092896,0.0,0.6367665934946176,0.6367665934946176,,,,1.0
19,hexane_gsolv_eV,243,1.0000001192092896,0.0,0.6367665934946176,0.6367665934946176,,,,1.0
19,hexane_gsolv_eV,244,1.0000001192092896,0.0,0.6367665934946176,0.6367665934946176,,,,1.0
19,hexane_gsolv_eV,245,1.0000001192092896,0.0,0.6367665934946176,0.6367665934946176,,,,1.0
19,hexane_gsolv_eV,246,1.0000001192092896,0.0,0.6367665934946176,0.6367665934946176,,,,1.0
19,hexane_gsolv_eV,247,1.0000001192092896,0.0,0.6367665934946176,0.6367665934946176,,,,1.0
19,hexane_gsolv_eV,248,1.0000001192092896,0.0,0.6367665934946176,0.6367665934946176,,,,1.0
19,hexane_gsolv_eV,249,1.0000001192092896,0.0,0.6367665934946176,0.6367665934946176,,,,1.0
19,hexane_hl_gap_eV,0,0.9999999403953552,0.0,0.703844138477721,0.703844138477721,,,,1.0
19,hexane_hl_gap_eV,1,0.9999999403953552,0.0,0.703844138477721,0.703844138477721,,,,1.0
19,hexane_hl_gap_eV,2,0.9999999403953552,0.0,0.703844138477721,0.703844138477721,,,,1.0
19,hexane_hl_gap_eV,3,0.9999999403953552,0.0,0.703844138477721,0.703844138477721,,,,1.0
19,hexane_hl_gap_eV,4,0.9999999403953552,0.0,0.703844138477721,0.703844138477721,,,,1.0
19,hexane_hl_gap_eV,5,0.9999999403953552,0.0,0.703844138477721,0.703844138477721,,,,1.0
19,hexane_hl_gap_eV,6,0.9999999403953552,0.0,0.703844138477721,0.703844138477721,,,,1.0
19,hexane_hl_gap_eV,7,0.9999999403953552,0.0,0.703844138477721,0.703844138477721,,,,1.0
19,hexane_hl_gap_eV,8,0.9999999403953552,0.0,0.703844138477721,0.703844138477721,,,,1.0
19,hexane_hl_gap_eV,9,0.9999999403953552,0.0,0.703844138477721,0.703844138477721,,,,1.0
19,hexane_hl_gap_eV,10,0.9999999403953552,0.0,0.703844138477721,0.703844138477721,,,,1.0
19,hexane_hl_gap_eV,11,0.9999999403953552,0.0,0.703844138477721,0.703844138477721,,,,1.0
19,hexane_hl_gap_eV,12,0.9999999403953552,0.0,0.703844138477721,0.703844138477721,,,,1.0
19,hexane_hl_gap_eV,13,0.9999999403953552,0.0,0.703844138477721,0.703844138477721,,,,1.0
19,hexane_hl_gap_eV,14,0.9999999403953552,0.0,0.703844138477721,0.703844138477721,,,,1.0
19,hexane_hl_gap_eV,15,0.9999999403953552,0.0,0.703844138477721,0.703844138477721,,,,1.0
19,hexane_hl_gap_eV,16,0.9999999403953552,0.0,0.703844138477721,0.703844138477721,,,,1.0
19,hexane_hl_gap_eV,17,0.9999999403953552,0.0,0.703844138477721,0.703844138477721,,,,1.0
19,hexane_hl_gap_eV,18,0.9999999403953552,0.0,0.703844138477721,0.703844138477721,,,,1.0
19,hexane_hl_gap_eV,19,0.9999999403953552,0.0,0.703844138477721,0.703844138477721,,,,1.0
19,hexane_hl_gap_eV,20,0.9999999403953552,0.0,0.703844138477721,0.703844138477721,,,,1.0
19,hexane_hl_gap_eV,21,0.9999999403953552,0.0,0.703844138477721,0.703844138477721,,,,1.0
19,hexane_hl_gap_eV,22,0.9999999403953552,0.0,0.703844138477721,0.703844138477721,,,,1.0
19,hexane_hl_gap_eV,23,0.9999999403953552,0.0,0.703844138477721,0.703844138477721,,,,1.0
19,hexane_hl_gap_eV,24,0.9999999403953552,0.0,0.703844138477721,0.703844138477721,,,,1.0
19,hexane_hl_gap_eV,25,0.9999999403953552,0.0,0.703844138477721,0.703844138477721,,,,1.0
19,hexane_hl_gap_eV,26,0.9999999403953552,0.0,0.703844138477721,0.703844138477721,,,,1.0
19,hexane_hl_gap_eV,27,0.9999999403953552,0.0,0.703844138477721,0.703844138477721,,,,1.0
19,hexane_hl_gap_eV,28,0.9999999403953552,0.0,0.703844138477721,0.703844138477721,,,,1.0
19,hexane_hl_gap_eV,29,0.9999999403953552,0.0,0.703844138477721,0.703844138477721,,,,1.0
19,hexane_hl_gap_eV,30,0.9999999403953552,0.0,0.703844138477721,0.703844138477721,,,,1.0
19,hexane_hl_gap_eV,31,0.9999999403953552,0.0,0.703844138477721,0.703844138477721,,,,1.0
19,hexane_hl_gap_eV,32,0.9999999403953552,0.0,0.703844138477721,0.703844138477721,,,,1.0
19,hexane_hl_gap_eV,33,0.9999999403953552,0.0,0.703844138477721,0.703844138477721,,,,1.0
19,hexane_hl_gap_eV,34,0.9999999403953552,0.0,0.703844138477721,0.703844138477721,,,,1.0
19,hexane_hl_gap_eV,35,0.9999999403953552,0.0,0.703844138477721,0.703844138477721,,,,1.0
19,hexane_hl_gap_eV,36,0.9999999403953552,0.0,0.703844138477721,0.703844138477721,,,,1.0
19,hexane_hl_gap_eV,37,0.9999999403953552,0.0,0.703844138477721,0.703844138477721,,,,1.0
19,hexane_hl_gap_eV,38,0.9999999403953552,0.0,0.703844138477721,0.703844138477721,,,,1.0
19,hexane_hl_gap_eV,39,0.9999999403953552,0.0,0.703844138477721,0.703844138477721,,,,1.0
19,hexane_hl_gap_eV,40,0.9999999403953552,0.0,0.703844138477721,0.703844138477721,,,,1.0
19,hexane_hl_gap_eV,41,0.9999999403953552,0.0,0.703844138477721,0.703844138477721,,,,1.0
19,hexane_hl_gap_eV,42,0.9999999403953552,0.0,0.703844138477721,0.703844138477721,,,,1.0
19,hexane_hl_gap_eV,43,0.9999999403953552,0.0,0.703844138477721,0.703844138477721,,,,1.0
19,hexane_hl_gap_eV,44,0.9999999403953552,0.0,0.703844138477721,0.703844138477721,,,,1.0
19,hexane_hl_gap_eV,45,0.9999999403953552,0.0,0.703844138477721,0.703844138477721,,,,1.0
19,hexane_hl_gap_eV,46,0.9999999403953552,0.0,0.703844138477721,0.703844138477721,,,,1.0
19,hexane_hl_gap_eV,47,0.9999999403953552,0.0,0.703844138477721,0.703844138477721,,,,1.0
19,hexane_hl_gap_eV,48,0.9999999403953552,0.0,0.703844138477721,0.703844138477721,,,,1.0
19,hexane_hl_gap_eV,49,0.9999999403953552,0.0,0.703844138477721,0.703844138477721,,,,1.0
19,hexane_hl_gap_eV,50,0.9999999403953552,0.0,0.703844138477721,0.703844138477721,,,,1.0
19,hexane_hl_gap_eV,51,0.9999999403953552,0.0,0.703844138477721,0.703844138477721,,,,1.0
19,hexane_hl_gap_eV,52,0.9999999403953552,0.0,0.703844138477721,0.703844138477721,,,,1.0
19,hexane_hl_gap_eV,53,0.9999999403953552,0.0,0.703844138477721,0.703844138477721,,,,1.0
19,hexane_hl_gap_eV,54,0.9999999403953552,0.0,0.703844138477721,0.703844138477721,,,,1.0
19,hexane_hl_gap_eV,55,0.9999999403953552,0.0,0.703844138477721,0.703844138477721,,,,1.0
19,hexane_hl_gap_eV,56,0.9999999403953552,0.0,0.703844138477721,0.703844138477721,,,,1.0
19,hexane_hl_gap_eV,57,0.9999999403953552,0.0,0.703844138477721,0.703844138477721,,,,1.0
19,hexane_hl_gap_eV,58,0.9999999403953552,0.0,0.703844138477721,0.703844138477721,,,,1.0
19,hexane_hl_gap_eV,59,0.9999999403953552,0.0,0.703844138477721,0.703844138477721,,,,1.0
19,hexane_hl_gap_eV,60,0.9999999403953552,0.0,0.703844138477721,0.703844138477721,,,,1.0
19,hexane_hl_gap_eV,61,0.9999999403953552,0.0,0.703844138477721,0.703844138477721,,,,1.0
19,hexane_hl_gap_eV,62,0.9999999403953552,0.0,0.703844138477721,0.703844138477721,,,,1.0
19,hexane_hl_gap_eV,63,0.9999999403953552,0.0,0.703844138477721,0.703844138477721,,,,1.0
19,hexane_hl_gap_eV,64,0.9999999403953552,0.0,0.703844138477721,0.703844138477721,,,,1.0
19,hexane_hl_gap_eV,65,0.9999999403953552,0.0,0.703844138477721,0.703844138477721,,,,1.0
19,hexane_hl_gap_eV,66,0.9999999403953552,0.0,0.703844138477721,0.703844138477721,,,,1.0
19,hexane_hl_gap_eV,67,0.9999999403953552,0.0,0.703844138477721,0.703844138477721,,,,1.0
19,hexane_hl_gap_eV,68,0.9999999403953552,0.0,0.703844138477721,0.703844138477721,,,,1.0
19,hexane_hl_gap_eV,69,0.9999999403953552,0.0,0.703844138477721,0.703844138477721,,,,1.0
19,hexane_hl_gap_eV,70,0.9999999403953552,0.0,0.703844138477721,0.703844138477721,,,,1.0
19,hexane_hl_gap_eV,71,0.9999999403953552,0.0,0.703844138477721,0.703844138477721,,,,1.0
19,hexane_hl_gap_eV,72,0.9999999403953552,0.0,0.703844138477721,0.703844138477721,,,,1.0
19,hexane_hl_gap_eV,73,0.9999999403953552,0.0,0.703844138477721,0.703844138477721,,,,1.0
19,hexane_hl_gap_eV,74,0.9999999403953552,0.0,0.703844138477721,0.703844138477721,,,,1.0
19,hexane_hl_gap_eV,75,0.9999999403953552,0.0,0.703844138477721,0.703844138477721,,,,1.0
19,hexane_hl_gap_eV,76,0.9999999403953552,0.0,0.703844138477721,0.703844138477721,,,,1.0
19,hexane_hl_gap_eV,77,0.9999999403953552,0.0,0.703844138477721,0.703844138477721,,,,1.0
19,hexane_hl_gap_eV,78,0.9999999403953552,0.0,0.703844138477721,0.703844138477721,,,,1.0
19,hexane_hl_gap_eV,79,0.9999999403953552,0.0,0.703844138477721,0.703844138477721,,,,1.0
19,hexane_hl_gap_eV,80,0.9999999403953552,0.0,0.703844138477721,0.703844138477721,,,,1.0
19,hexane_hl_gap_eV,81,0.9999999403953552,0.0,0.703844138477721,0.703844138477721,,,,1.0
19,hexane_hl_gap_eV,82,0.9999999403953552,0.0,0.703844138477721,0.703844138477721,,,,1.0
19,hexane_hl_gap_eV,83,0.9999999403953552,0.0,0.703844138477721,0.703844138477721,,,,1.0
19,hexane_hl_gap_eV,84,0.9999999403953552,0.0,0.703844138477721,0.703844138477721,,,,1.0
19,hexane_hl_gap_eV,85,0.9999999403953552,0.0,0.703844138477721,0.703844138477721,,,,1.0
19,hexane_hl_gap_eV,86,0.9999999403953552,0.0,0.703844138477721,0.703844138477721,,,,1.0
19,hexane_hl_gap_eV,87,0.9999999403953552,0.0,0.703844138477721,0.703844138477721,,,,1.0
19,hexane_hl_gap_eV,88,0.9999999403953552,0.0,0.703844138477721,0.703844138477721,,,,1.0
19,hexane_hl_gap_eV,89,0.9999999403953552,0.0,0.703844138477721,0.703844138477721,,,,1.0
19,hexane_hl_gap_eV,90,0.9999999403953552,0.0,0.703844138477721,0.703844138477721,,,,1.0
19,hexane_hl_gap_eV,91,0.9999999403953552,0.0,0.703844138477721,0.703844138477721,,,,1.0
19,hexane_hl_gap_eV,92,0.9999999403953552,0.0,0.703844138477721,0.703844138477721,,,,1.0
19,hexane_hl_gap_eV,93,0.9999999403953552,0.0,0.703844138477721,0.703844138477721,,,,1.0
19,hexane_hl_gap_eV,94,0.9999999403953552,0.0,0.703844138477721,0.703844138477721,,,,1.0
19,hexane_hl_gap_eV,95,0.9999999403953552,0.0,0.703844138477721,0.703844138477721,,,,1.0
19,hexane_hl_gap_eV,96,0.9999999403953552,0.0,0.703844138477721,0.703844138477721,,,,1.0
19,hexane_hl_gap_eV,97,0.9999999403953552,0.0,0.703844138477721,0.703844138477721,,,,1.0
19,hexane_hl_gap_eV,98,0.9999999403953552,0.0,0.703844138477721,0.703844138477721,,,,1.0
19,hexane_hl_gap_eV,99,0.9999999403953552,0.0,0.703844138477721,0.703844138477721,,,,1.0
19,hexane_hl_gap_eV,100,0.9999999403953552,0.0,0.703844138477721,0.703844138477721,,,,1.0
19,hexane_hl_gap_eV,101,0.9999999403953552,0.0,0.703844138477721,0.703844138477721,,,,1.0
19,hexane_hl_gap_eV,102,0.9999999403953552,0.0,0.703844138477721,0.703844138477721,,,,1.0
19,hexane_hl_gap_eV,103,0.9999999403953552,0.0,0.703844138477721,0.703844138477721,,,,1.0
19,hexane_hl_gap_eV,104,0.9999999403953552,0.0,0.703844138477721,0.703844138477721,,,,1.0
19,hexane_hl_gap_eV,105,0.9999999403953552,0.0,0.703844138477721,0.703844138477721,,,,1.0
19,hexane_hl_gap_eV,106,0.9999999403953552,0.0,0.703844138477721,0.703844138477721,,,,1.0
19,hexane_hl_gap_eV,107,0.9999999403953552,0.0,0.703844138477721,0.703844138477721,,,,1.0
19,hexane_hl_gap_eV,108,0.9999999403953552,0.0,0.703844138477721,0.703844138477721,,,,1.0
19,hexane_hl_gap_eV,109,0.9999999403953552,0.0,0.703844138477721,0.703844138477721,,,,1.0
19,hexane_hl_gap_eV,110,0.9999999403953552,0.0,0.703844138477721,0.703844138477721,,,,1.0
19,hexane_hl_gap_eV,111,0.9999999403953552,0.0,0.703844138477721,0.703844138477721,,,,1.0
19,hexane_hl_gap_eV,112,0.9999999403953552,0.0,0.703844138477721,0.703844138477721,,,,1.0
19,hexane_hl_gap_eV,113,0.9999999403953552,0.0,0.703844138477721,0.703844138477721,,,,1.0
19,hexane_hl_gap_eV,114,0.9999999403953552,0.0,0.703844138477721,0.703844138477721,,,,1.0
19,hexane_hl_gap_eV,115,0.9999999403953552,0.0,0.703844138477721,0.703844138477721,,,,1.0
19,hexane_hl_gap_eV,116,0.9999999403953552,0.0,0.703844138477721,0.703844138477721,,,,1.0
19,hexane_hl_gap_eV,117,0.9999999403953552,0.0,0.703844138477721,0.703844138477721,,,,1.0
19,hexane_hl_gap_eV,118,0.9999999403953552,0.0,0.703844138477721,0.703844138477721,,,,1.0
19,hexane_hl_gap_eV,119,0.9999999403953552,0.0,0.703844138477721,0.703844138477721,,,,1.0
19,hexane_hl_gap_eV,120,0.9999999403953552,0.0,0.703844138477721,0.703844138477721,,,,1.0
19,hexane_hl_gap_eV,121,0.9999999403953552,0.0,0.703844138477721,0.703844138477721,,,,1.0
19,hexane_hl_gap_eV,122,0.9999999403953552,0.0,0.703844138477721,0.703844138477721,,,,1.0
19,hexane_hl_gap_eV,123,0.9999999403953552,0.0,0.703844138477721,0.703844138477721,,,,1.0
19,hexane_hl_gap_eV,124,0.9999999403953552,0.0,0.703844138477721,0.703844138477721,,,,1.0
19,hexane_hl_gap_eV,125,0.9999999403953552,0.0,0.703844138477721,0.703844138477721,,,,1.0
19,hexane_hl_gap_eV,126,0.9999999403953552,0.0,0.703844138477721,0.703844138477721,,,,1.0
19,hexane_hl_gap_eV,127,0.9999999403953552,0.0,0.703844138477721,0.703844138477721,,,,1.0
19,hexane_hl_gap_eV,128,0.9999999403953552,0.0,0.703844138477721,0.703844138477721,,,,1.0
19,hexane_hl_gap_eV,129,0.9999999403953552,0.0,0.703844138477721,0.703844138477721,,,,1.0
19,hexane_hl_gap_eV,130,0.9999999403953552,0.0,0.703844138477721,0.703844138477721,,,,1.0
19,hexane_hl_gap_eV,131,0.9999999403953552,0.0,0.703844138477721,0.703844138477721,,,,1.0
19,hexane_hl_gap_eV,132,0.9999999403953552,0.0,0.703844138477721,0.703844138477721,,,,1.0
19,hexane_hl_gap_eV,133,0.9999999403953552,0.0,0.703844138477721,0.703844138477721,,,,1.0
19,hexane_hl_gap_eV,134,0.9999999403953552,0.0,0.703844138477721,0.703844138477721,,,,1.0
19,hexane_hl_gap_eV,135,0.9999999403953552,0.0,0.703844138477721,0.703844138477721,,,,1.0
19,hexane_hl_gap_eV,136,0.9999999403953552,0.0,0.703844138477721,0.703844138477721,,,,1.0
19,hexane_hl_gap_eV,137,0.9999999403953552,0.0,0.703844138477721,0.703844138477721,,,,1.0
19,hexane_hl_gap_eV,138,0.9999999403953552,0.0,0.703844138477721,0.703844138477721,,,,1.0
19,hexane_hl_gap_eV,139,0.9999999403953552,0.0,0.703844138477721,0.703844138477721,,,,1.0
19,hexane_hl_gap_eV,140,0.9999999403953552,0.0,0.703844138477721,0.703844138477721,,,,1.0
19,hexane_hl_gap_eV,141,0.9999999403953552,0.0,0.703844138477721,0.703844138477721,,,,1.0
19,hexane_hl_gap_eV,142,0.9999999403953552,0.0,0.703844138477721,0.703844138477721,,,,1.0
19,hexane_hl_gap_eV,143,0.9999999403953552,0.0,0.703844138477721,0.703844138477721,,,,1.0
19,hexane_hl_gap_eV,144,0.9999999403953552,0.0,0.703844138477721,0.703844138477721,,,,1.0
19,hexane_hl_gap_eV,145,0.9999999403953552,0.0,0.703844138477721,0.703844138477721,,,,1.0
19,hexane_hl_gap_eV,146,0.9999999403953552,0.0,0.703844138477721,0.703844138477721,,,,1.0
19,hexane_hl_gap_eV,147,0.9999999403953552,0.0,0.703844138477721,0.703844138477721,,,,1.0
19,hexane_hl_gap_eV,148,0.9999999403953552,0.0,0.703844138477721,0.703844138477721,,,,1.0
19,hexane_hl_gap_eV,149,0.9999999403953552,0.0,0.703844138477721,0.703844138477721,,,,1.0
19,hexane_hl_gap_eV,150,0.9999999403953552,0.0,0.703844138477721,0.703844138477721,,,,1.0
19,hexane_hl_gap_eV,151,0.9999999403953552,0.0,0.703844138477721,0.703844138477721,,,,1.0
19,hexane_hl_gap_eV,152,0.9999999403953552,0.0,0.703844138477721,0.703844138477721,,,,1.0
19,hexane_hl_gap_eV,153,0.9999999403953552,0.0,0.703844138477721,0.703844138477721,,,,1.0
19,hexane_hl_gap_eV,154,0.9999999403953552,0.0,0.703844138477721,0.703844138477721,,,,1.0
19,hexane_hl_gap_eV,155,0.9999999403953552,0.0,0.703844138477721,0.703844138477721,,,,1.0
19,hexane_hl_gap_eV,156,0.9999999403953552,0.0,0.703844138477721,0.703844138477721,,,,1.0
19,hexane_hl_gap_eV,157,0.9999999403953552,0.0,0.703844138477721,0.703844138477721,,,,1.0
19,hexane_hl_gap_eV,158,0.9999999403953552,0.0,0.703844138477721,0.703844138477721,,,,1.0
19,hexane_hl_gap_eV,159,0.9999999403953552,0.0,0.703844138477721,0.703844138477721,,,,1.0
19,hexane_hl_gap_eV,160,0.9999999403953552,0.0,0.703844138477721,0.703844138477721,,,,1.0
19,hexane_hl_gap_eV,161,0.9999999403953552,0.0,0.703844138477721,0.703844138477721,,,,1.0
19,hexane_hl_gap_eV,162,0.9999999403953552,0.0,0.703844138477721,0.703844138477721,,,,1.0
19,hexane_hl_gap_eV,163,0.9999999403953552,0.0,0.703844138477721,0.703844138477721,,,,1.0
19,hexane_hl_gap_eV,164,0.9999999403953552,0.0,0.703844138477721,0.703844138477721,,,,1.0
19,hexane_hl_gap_eV,165,0.9999999403953552,0.0,0.703844138477721,0.703844138477721,,,,1.0
19,hexane_hl_gap_eV,166,0.9999999403953552,0.0,0.703844138477721,0.703844138477721,,,,1.0
19,hexane_hl_gap_eV,167,0.9999999403953552,0.0,0.703844138477721,0.703844138477721,,,,1.0
19,hexane_hl_gap_eV,168,0.9999999403953552,0.0,0.703844138477721,0.703844138477721,,,,1.0
19,hexane_hl_gap_eV,169,0.9999999403953552,0.0,0.703844138477721,0.703844138477721,,,,1.0
19,hexane_hl_gap_eV,170,0.9999999403953552,0.0,0.703844138477721,0.703844138477721,,,,1.0
19,hexane_hl_gap_eV,171,0.9999999403953552,0.0,0.703844138477721,0.703844138477721,,,,1.0
19,hexane_hl_gap_eV,172,0.9999999403953552,0.0,0.703844138477721,0.703844138477721,,,,1.0
19,hexane_hl_gap_eV,173,0.9999999403953552,0.0,0.703844138477721,0.703844138477721,,,,1.0
19,hexane_hl_gap_eV,174,0.9999999403953552,0.0,0.703844138477721,0.703844138477721,,,,1.0
19,hexane_hl_gap_eV,175,0.9999999403953552,0.0,0.703844138477721,0.703844138477721,,,,1.0
19,hexane_hl_gap_eV,176,0.9999999403953552,0.0,0.703844138477721,0.703844138477721,,,,1.0
19,hexane_hl_gap_eV,177,0.9999999403953552,0.0,0.703844138477721,0.703844138477721,,,,1.0
19,hexane_hl_gap_eV,178,0.9999999403953552,0.0,0.703844138477721,0.703844138477721,,,,1.0
19,hexane_hl_gap_eV,179,0.9999999403953552,0.0,0.703844138477721,0.703844138477721,,,,1.0
19,hexane_hl_gap_eV,180,0.9999999403953552,0.0,0.703844138477721,0.703844138477721,,,,1.0
19,hexane_hl_gap_eV,181,0.9999999403953552,0.0,0.703844138477721,0.703844138477721,,,,1.0
19,hexane_hl_gap_eV,182,0.9999999403953552,0.0,0.703844138477721,0.703844138477721,,,,1.0
19,hexane_hl_gap_eV,183,0.9999999403953552,0.0,0.703844138477721,0.703844138477721,,,,1.0
19,hexane_hl_gap_eV,184,0.9999999403953552,0.0,0.703844138477721,0.703844138477721,,,,1.0
19,hexane_hl_gap_eV,185,0.9999999403953552,0.0,0.703844138477721,0.703844138477721,,,,1.0
19,hexane_hl_gap_eV,186,0.9999999403953552,0.0,0.703844138477721,0.703844138477721,,,,1.0
19,hexane_hl_gap_eV,187,0.9999999403953552,0.0,0.703844138477721,0.703844138477721,,,,1.0
19,hexane_hl_gap_eV,188,0.9999999403953552,0.0,0.703844138477721,0.703844138477721,,,,1.0
19,hexane_hl_gap_eV,189,0.9999999403953552,0.0,0.703844138477721,0.703844138477721,,,,1.0
19,hexane_hl_gap_eV,190,0.9999999403953552,0.0,0.703844138477721,0.703844138477721,,,,1.0
19,hexane_hl_gap_eV,191,0.9999999403953552,0.0,0.703844138477721,0.703844138477721,,,,1.0
19,hexane_hl_gap_eV,192,0.9999999403953552,0.0,0.703844138477721,0.703844138477721,,,,1.0
19,hexane_hl_gap_eV,193,0.9999999403953552,0.0,0.703844138477721,0.703844138477721,,,,1.0
19,hexane_hl_gap_eV,194,0.9999999403953552,0.0,0.703844138477721,0.703844138477721,,,,1.0
19,hexane_hl_gap_eV,195,0.9999999403953552,0.0,0.703844138477721,0.703844138477721,,,,1.0
19,hexane_hl_gap_eV,196,0.9999999403953552,0.0,0.703844138477721,0.703844138477721,,,,1.0
19,hexane_hl_gap_eV,197,0.9999999403953552,0.0,0.703844138477721,0.703844138477721,,,,1.0
19,hexane_hl_gap_eV,198,0.9999999403953552,0.0,0.703844138477721,0.703844138477721,,,,1.0
19,hexane_hl_gap_eV,199,0.9999999403953552,0.0,0.703844138477721,0.703844138477721,,,,1.0
19,hexane_hl_gap_eV,200,0.9999999403953552,0.0,0.703844138477721,0.703844138477721,,,,1.0
19,hexane_hl_gap_eV,201,0.9999999403953552,0.0,0.703844138477721,0.703844138477721,,,,1.0
19,hexane_hl_gap_eV,202,0.9999999403953552,0.0,0.703844138477721,0.703844138477721,,,,1.0
19,hexane_hl_gap_eV,203,0.9999999403953552,0.0,0.703844138477721,0.703844138477721,,,,1.0
19,hexane_hl_gap_eV,204,0.9999999403953552,0.0,0.703844138477721,0.703844138477721,,,,1.0
19,hexane_hl_gap_eV,205,0.9999999403953552,0.0,0.703844138477721,0.703844138477721,,,,1.0
19,hexane_hl_gap_eV,206,0.9999999403953552,0.0,0.703844138477721,0.703844138477721,,,,1.0
19,hexane_hl_gap_eV,207,0.9999999403953552,0.0,0.703844138477721,0.703844138477721,,,,1.0
19,hexane_hl_gap_eV,208,0.9999999403953552,0.0,0.703844138477721,0.703844138477721,,,,1.0
19,hexane_hl_gap_eV,209,0.9999999403953552,0.0,0.703844138477721,0.703844138477721,,,,1.0
19,hexane_hl_gap_eV,210,0.9999999403953552,0.0,0.703844138477721,0.703844138477721,,,,1.0
19,hexane_hl_gap_eV,211,0.9999999403953552,0.0,0.703844138477721,0.703844138477721,,,,1.0
19,hexane_hl_gap_eV,212,0.9999999403953552,0.0,0.703844138477721,0.703844138477721,,,,1.0
19,hexane_hl_gap_eV,213,0.9999999403953552,0.0,0.703844138477721,0.703844138477721,,,,1.0
19,hexane_hl_gap_eV,214,0.9999999403953552,0.0,0.703844138477721,0.703844138477721,,,,1.0
19,hexane_hl_gap_eV,215,0.9999999403953552,0.0,0.703844138477721,0.703844138477721,,,,1.0
19,hexane_hl_gap_eV,216,0.9999999403953552,0.0,0.703844138477721,0.703844138477721,,,,1.0
19,hexane_hl_gap_eV,217,0.9999999403953552,0.0,0.703844138477721,0.703844138477721,,,,1.0
19,hexane_hl_gap_eV,218,0.9999999403953552,0.0,0.703844138477721,0.703844138477721,,,,1.0
19,hexane_hl_gap_eV,219,0.9999999403953552,0.0,0.703844138477721,0.703844138477721,,,,1.0
19,hexane_hl_gap_eV,220,0.9999999403953552,0.0,0.703844138477721,0.703844138477721,,,,1.0
19,hexane_hl_gap_eV,221,0.9999999403953552,0.0,0.703844138477721,0.703844138477721,,,,1.0
19,hexane_hl_gap_eV,222,0.9999999403953552,0.0,0.703844138477721,0.703844138477721,,,,1.0
19,hexane_hl_gap_eV,223,0.9999999403953552,0.0,0.703844138477721,0.703844138477721,,,,1.0
19,hexane_hl_gap_eV,224,0.9999999403953552,0.0,0.703844138477721,0.703844138477721,,,,1.0
19,hexane_hl_gap_eV,225,0.9999999403953552,0.0,0.703844138477721,0.703844138477721,,,,1.0
19,hexane_hl_gap_eV,226,0.9999999403953552,0.0,0.703844138477721,0.703844138477721,,,,1.0
19,hexane_hl_gap_eV,227,0.9999999403953552,0.0,0.703844138477721,0.703844138477721,,,,1.0
19,hexane_hl_gap_eV,228,0.9999999403953552,0.0,0.703844138477721,0.703844138477721,,,,1.0
19,hexane_hl_gap_eV,229,0.9999999403953552,0.0,0.703844138477721,0.703844138477721,,,,1.0
19,hexane_hl_gap_eV,230,0.9999999403953552,0.0,0.703844138477721,0.703844138477721,,,,1.0
19,hexane_hl_gap_eV,231,0.9999999403953552,0.0,0.703844138477721,0.703844138477721,,,,1.0
19,hexane_hl_gap_eV,232,0.9999999403953552,0.0,0.703844138477721,0.703844138477721,,,,1.0
19,hexane_hl_gap_eV,233,0.9999999403953552,0.0,0.703844138477721,0.703844138477721,,,,1.0
19,hexane_hl_gap_eV,234,0.9999999403953552,0.0,0.703844138477721,0.703844138477721,,,,1.0
19,hexane_hl_gap_eV,235,0.9999999403953552,0.0,0.703844138477721,0.703844138477721,,,,1.0
19,hexane_hl_gap_eV,236,0.9999999403953552,0.0,0.703844138477721,0.703844138477721,,,,1.0
19,hexane_hl_gap_eV,237,0.9999999403953552,0.0,0.703844138477721,0.703844138477721,,,,1.0
19,hexane_hl_gap_eV,238,0.9999999403953552,0.0,0.703844138477721,0.703844138477721,,,,1.0
19,hexane_hl_gap_eV,239,0.9999999403953552,0.0,0.703844138477721,0.703844138477721,,,,1.0
19,hexane_hl_gap_eV,240,0.9999999403953552,0.0,0.703844138477721,0.703844138477721,,,,1.0
19,hexane_hl_gap_eV,241,0.9999999403953552,0.0,0.703844138477721,0.703844138477721,,,,1.0
19,hexane_hl_gap_eV,242,0.9999999403953552,0.0,0.703844138477721,0.703844138477721,,,,1.0
19,hexane_hl_gap_eV,243,0.9999999403953552,0.0,0.703844138477721,0.703844138477721,,,,1.0
19,hexane_hl_gap_eV,244,0.9999999403953552,0.0,0.703844138477721,0.703844138477721,,,,1.0
19,hexane_hl_gap_eV,245,0.9999999403953552,0.0,0.703844138477721,0.703844138477721,,,,1.0
19,hexane_hl_gap_eV,246,0.9999999403953552,0.0,0.703844138477721,0.703844138477721,,,,1.0
19,hexane_hl_gap_eV,247,0.9999999403953552,0.0,0.703844138477721,0.703844138477721,,,,1.0
19,hexane_hl_gap_eV,248,0.9999999403953552,0.0,0.703844138477721,0.703844138477721,,,,1.0
19,hexane_hl_gap_eV,249,0.9999999403953552,0.0,0.703844138477721,0.703844138477721,,,,1.0
19,hexane_dipole,0,0.9999999403953552,0.0,0.617178449809664,0.617178449809664,,,,1.0
19,hexane_dipole,1,0.9999999403953552,0.0,0.617178449809664,0.617178449809664,,,,1.0
19,hexane_dipole,2,0.9999999403953552,0.0,0.617178449809664,0.617178449809664,,,,1.0
19,hexane_dipole,3,0.9999999403953552,0.0,0.617178449809664,0.617178449809664,,,,1.0
19,hexane_dipole,4,0.9999999403953552,0.0,0.617178449809664,0.617178449809664,,,,1.0
19,hexane_dipole,5,0.9999999403953552,0.0,0.617178449809664,0.617178449809664,,,,1.0
19,hexane_dipole,6,0.9999999403953552,0.0,0.617178449809664,0.617178449809664,,,,1.0
19,hexane_dipole,7,0.9999999403953552,0.0,0.617178449809664,0.617178449809664,,,,1.0
19,hexane_dipole,8,0.9999999403953552,0.0,0.617178449809664,0.617178449809664,,,,1.0
19,hexane_dipole,9,0.9999999403953552,0.0,0.617178449809664,0.617178449809664,,,,1.0
19,hexane_dipole,10,0.9999999403953552,0.0,0.617178449809664,0.617178449809664,,,,1.0
19,hexane_dipole,11,0.9999999403953552,0.0,0.617178449809664,0.617178449809664,,,,1.0
19,hexane_dipole,12,0.9999999403953552,0.0,0.617178449809664,0.617178449809664,,,,1.0
19,hexane_dipole,13,0.9999999403953552,0.0,0.617178449809664,0.617178449809664,,,,1.0
19,hexane_dipole,14,0.9999999403953552,0.0,0.617178449809664,0.617178449809664,,,,1.0
19,hexane_dipole,15,0.9999999403953552,0.0,0.617178449809664,0.617178449809664,,,,1.0
19,hexane_dipole,16,0.9999999403953552,0.0,0.617178449809664,0.617178449809664,,,,1.0
19,hexane_dipole,17,0.9999999403953552,0.0,0.617178449809664,0.617178449809664,,,,1.0
19,hexane_dipole,18,0.9999999403953552,0.0,0.617178449809664,0.617178449809664,,,,1.0
19,hexane_dipole,19,0.9999999403953552,0.0,0.617178449809664,0.617178449809664,,,,1.0
19,hexane_dipole,20,0.9999999403953552,0.0,0.617178449809664,0.617178449809664,,,,1.0
19,hexane_dipole,21,0.9999999403953552,0.0,0.617178449809664,0.617178449809664,,,,1.0
19,hexane_dipole,22,0.9999999403953552,0.0,0.617178449809664,0.617178449809664,,,,1.0
19,hexane_dipole,23,0.9999999403953552,0.0,0.617178449809664,0.617178449809664,,,,1.0
19,hexane_dipole,24,0.9999999403953552,0.0,0.617178449809664,0.617178449809664,,,,1.0
19,hexane_dipole,25,0.9999999403953552,0.0,0.617178449809664,0.617178449809664,,,,1.0
19,hexane_dipole,26,0.9999999403953552,0.0,0.617178449809664,0.617178449809664,,,,1.0
19,hexane_dipole,27,0.9999999403953552,0.0,0.617178449809664,0.617178449809664,,,,1.0
19,hexane_dipole,28,0.9999999403953552,0.0,0.617178449809664,0.617178449809664,,,,1.0
19,hexane_dipole,29,0.9999999403953552,0.0,0.617178449809664,0.617178449809664,,,,1.0
19,hexane_dipole,30,0.9999999403953552,0.0,0.617178449809664,0.617178449809664,,,,1.0
19,hexane_dipole,31,0.9999999403953552,0.0,0.617178449809664,0.617178449809664,,,,1.0
19,hexane_dipole,32,0.9999999403953552,0.0,0.617178449809664,0.617178449809664,,,,1.0
19,hexane_dipole,33,0.9999999403953552,0.0,0.617178449809664,0.617178449809664,,,,1.0
19,hexane_dipole,34,0.9999999403953552,0.0,0.617178449809664,0.617178449809664,,,,1.0
19,hexane_dipole,35,0.9999999403953552,0.0,0.617178449809664,0.617178449809664,,,,1.0
19,hexane_dipole,36,0.9999999403953552,0.0,0.617178449809664,0.617178449809664,,,,1.0
19,hexane_dipole,37,0.9999999403953552,0.0,0.617178449809664,0.617178449809664,,,,1.0
19,hexane_dipole,38,0.9999999403953552,0.0,0.617178449809664,0.617178449809664,,,,1.0
19,hexane_dipole,39,0.9999999403953552,0.0,0.617178449809664,0.617178449809664,,,,1.0
19,hexane_dipole,40,0.9999999403953552,0.0,0.617178449809664,0.617178449809664,,,,1.0
19,hexane_dipole,41,0.9999999403953552,0.0,0.617178449809664,0.617178449809664,,,,1.0
19,hexane_dipole,42,0.9999999403953552,0.0,0.617178449809664,0.617178449809664,,,,1.0
19,hexane_dipole,43,0.9999999403953552,0.0,0.617178449809664,0.617178449809664,,,,1.0
19,hexane_dipole,44,0.9999999403953552,0.0,0.617178449809664,0.617178449809664,,,,1.0
19,hexane_dipole,45,0.9999999403953552,0.0,0.617178449809664,0.617178449809664,,,,1.0
19,hexane_dipole,46,0.9999999403953552,0.0,0.617178449809664,0.617178449809664,,,,1.0
19,hexane_dipole,47,0.9999999403953552,0.0,0.617178449809664,0.617178449809664,,,,1.0
19,hexane_dipole,48,0.9999999403953552,0.0,0.617178449809664,0.617178449809664,,,,1.0
19,hexane_dipole,49,0.9999999403953552,0.0,0.617178449809664,0.617178449809664,,,,1.0
19,hexane_dipole,50,0.9999999403953552,0.0,0.617178449809664,0.617178449809664,,,,1.0
19,hexane_dipole,51,0.9999999403953552,0.0,0.617178449809664,0.617178449809664,,,,1.0
19,hexane_dipole,52,0.9999999403953552,0.0,0.617178449809664,0.617178449809664,,,,1.0
19,hexane_dipole,53,0.9999999403953552,0.0,0.617178449809664,0.617178449809664,,,,1.0
19,hexane_dipole,54,0.9999999403953552,0.0,0.617178449809664,0.617178449809664,,,,1.0
19,hexane_dipole,55,0.9999999403953552,0.0,0.617178449809664,0.617178449809664,,,,1.0
19,hexane_dipole,56,0.9999999403953552,0.0,0.617178449809664,0.617178449809664,,,,1.0
19,hexane_dipole,57,0.9999999403953552,0.0,0.617178449809664,0.617178449809664,,,,1.0
19,hexane_dipole,58,0.9999999403953552,0.0,0.617178449809664,0.617178449809664,,,,1.0
19,hexane_dipole,59,0.9999999403953552,0.0,0.617178449809664,0.617178449809664,,,,1.0
19,hexane_dipole,60,0.9999999403953552,0.0,0.617178449809664,0.617178449809664,,,,1.0
19,hexane_dipole,61,0.9999999403953552,0.0,0.617178449809664,0.617178449809664,,,,1.0
19,hexane_dipole,62,0.9999999403953552,0.0,0.617178449809664,0.617178449809664,,,,1.0
19,hexane_dipole,63,0.9999999403953552,0.0,0.617178449809664,0.617178449809664,,,,1.0
19,hexane_dipole,64,0.9999999403953552,0.0,0.617178449809664,0.617178449809664,,,,1.0
19,hexane_dipole,65,0.9999999403953552,0.0,0.617178449809664,0.617178449809664,,,,1.0
19,hexane_dipole,66,0.9999999403953552,0.0,0.617178449809664,0.617178449809664,,,,1.0
19,hexane_dipole,67,0.9999999403953552,0.0,0.617178449809664,0.617178449809664,,,,1.0
19,hexane_dipole,68,0.9999999403953552,0.0,0.617178449809664,0.617178449809664,,,,1.0
19,hexane_dipole,69,0.9999999403953552,0.0,0.617178449809664,0.617178449809664,,,,1.0
19,hexane_dipole,70,0.9999999403953552,0.0,0.617178449809664,0.617178449809664,,,,1.0
19,hexane_dipole,71,0.9999999403953552,0.0,0.617178449809664,0.617178449809664,,,,1.0
19,hexane_dipole,72,0.9999999403953552,0.0,0.617178449809664,0.617178449809664,,,,1.0
19,hexane_dipole,73,0.9999999403953552,0.0,0.617178449809664,0.617178449809664,,,,1.0
19,hexane_dipole,74,0.9999999403953552,0.0,0.617178449809664,0.617178449809664,,,,1.0
19,hexane_dipole,75,0.9999999403953552,0.0,0.617178449809664,0.617178449809664,,,,1.0
19,hexane_dipole,76,0.9999999403953552,0.0,0.617178449809664,0.617178449809664,,,,1.0
19,hexane_dipole,77,0.9999999403953552,0.0,0.617178449809664,0.617178449809664,,,,1.0
19,hexane_dipole,78,0.9999999403953552,0.0,0.617178449809664,0.617178449809664,,,,1.0
19,hexane_dipole,79,0.9999999403953552,0.0,0.617178449809664,0.617178449809664,,,,1.0
19,hexane_dipole,80,0.9999999403953552,0.0,0.617178449809664,0.617178449809664,,,,1.0
19,hexane_dipole,81,0.9999999403953552,0.0,0.617178449809664,0.617178449809664,,,,1.0
19,hexane_dipole,82,0.9999999403953552,0.0,0.617178449809664,0.617178449809664,,,,1.0
19,hexane_dipole,83,0.9999999403953552,0.0,0.617178449809664,0.617178449809664,,,,1.0
19,hexane_dipole,84,0.9999999403953552,0.0,0.617178449809664,0.617178449809664,,,,1.0
19,hexane_dipole,85,0.9999999403953552,0.0,0.617178449809664,0.617178449809664,,,,1.0
19,hexane_dipole,86,0.9999999403953552,0.0,0.617178449809664,0.617178449809664,,,,1.0
19,hexane_dipole,87,0.9999999403953552,0.0,0.617178449809664,0.617178449809664,,,,1.0
19,hexane_dipole,88,0.9999999403953552,0.0,0.617178449809664,0.617178449809664,,,,1.0
19,hexane_dipole,89,0.9999999403953552,0.0,0.617178449809664,0.617178449809664,,,,1.0
19,hexane_dipole,90,0.9999999403953552,0.0,0.617178449809664,0.617178449809664,,,,1.0
19,hexane_dipole,91,0.9999999403953552,0.0,0.617178449809664,0.617178449809664,,,,1.0
19,hexane_dipole,92,0.9999999403953552,0.0,0.617178449809664,0.617178449809664,,,,1.0
19,hexane_dipole,93,0.9999999403953552,0.0,0.617178449809664,0.617178449809664,,,,1.0
19,hexane_dipole,94,0.9999999403953552,0.0,0.617178449809664,0.617178449809664,,,,1.0
19,hexane_dipole,95,0.9999999403953552,0.0,0.617178449809664,0.617178449809664,,,,1.0
19,hexane_dipole,96,0.9999999403953552,0.0,0.617178449809664,0.617178449809664,,,,1.0
19,hexane_dipole,97,0.9999999403953552,0.0,0.617178449809664,0.617178449809664,,,,1.0
19,hexane_dipole,98,0.9999999403953552,0.0,0.617178449809664,0.617178449809664,,,,1.0
19,hexane_dipole,99,0.9999999403953552,0.0,0.617178449809664,0.617178449809664,,,,1.0
19,hexane_dipole,100,0.9999999403953552,0.0,0.617178449809664,0.617178449809664,,,,1.0
19,hexane_dipole,101,0.9999999403953552,0.0,0.617178449809664,0.617178449809664,,,,1.0
19,hexane_dipole,102,0.9999999403953552,0.0,0.617178449809664,0.617178449809664,,,,1.0
19,hexane_dipole,103,0.9999999403953552,0.0,0.617178449809664,0.617178449809664,,,,1.0
19,hexane_dipole,104,0.9999999403953552,0.0,0.617178449809664,0.617178449809664,,,,1.0
19,hexane_dipole,105,0.9999999403953552,0.0,0.617178449809664,0.617178449809664,,,,1.0
19,hexane_dipole,106,0.9999999403953552,0.0,0.617178449809664,0.617178449809664,,,,1.0
19,hexane_dipole,107,0.9999999403953552,0.0,0.617178449809664,0.617178449809664,,,,1.0
19,hexane_dipole,108,0.9999999403953552,0.0,0.617178449809664,0.617178449809664,,,,1.0
19,hexane_dipole,109,0.9999999403953552,0.0,0.617178449809664,0.617178449809664,,,,1.0
19,hexane_dipole,110,0.9999999403953552,0.0,0.617178449809664,0.617178449809664,,,,1.0
19,hexane_dipole,111,0.9999999403953552,0.0,0.617178449809664,0.617178449809664,,,,1.0
19,hexane_dipole,112,0.9999999403953552,0.0,0.617178449809664,0.617178449809664,,,,1.0
19,hexane_dipole,113,0.9999999403953552,0.0,0.617178449809664,0.617178449809664,,,,1.0
19,hexane_dipole,114,0.9999999403953552,0.0,0.617178449809664,0.617178449809664,,,,1.0
19,hexane_dipole,115,0.9999999403953552,0.0,0.617178449809664,0.617178449809664,,,,1.0
19,hexane_dipole,116,0.9999999403953552,0.0,0.617178449809664,0.617178449809664,,,,1.0
19,hexane_dipole,117,0.9999999403953552,0.0,0.617178449809664,0.617178449809664,,,,1.0
19,hexane_dipole,118,0.9999999403953552,0.0,0.617178449809664,0.617178449809664,,,,1.0
19,hexane_dipole,119,0.9999999403953552,0.0,0.617178449809664,0.617178449809664,,,,1.0
19,hexane_dipole,120,0.9999999403953552,0.0,0.617178449809664,0.617178449809664,,,,1.0
19,hexane_dipole,121,0.9999999403953552,0.0,0.617178449809664,0.617178449809664,,,,1.0
19,hexane_dipole,122,0.9999999403953552,0.0,0.617178449809664,0.617178449809664,,,,1.0
19,hexane_dipole,123,0.9999999403953552,0.0,0.617178449809664,0.617178449809664,,,,1.0
19,hexane_dipole,124,0.9999999403953552,0.0,0.617178449809664,0.617178449809664,,,,1.0
19,hexane_dipole,125,0.9999999403953552,0.0,0.617178449809664,0.617178449809664,,,,1.0
19,hexane_dipole,126,0.9999999403953552,0.0,0.617178449809664,0.617178449809664,,,,1.0
19,hexane_dipole,127,0.9999999403953552,0.0,0.617178449809664,0.617178449809664,,,,1.0
19,hexane_dipole,128,0.9999999403953552,0.0,0.617178449809664,0.617178449809664,,,,1.0
19,hexane_dipole,129,0.9999999403953552,0.0,0.617178449809664,0.617178449809664,,,,1.0
19,hexane_dipole,130,0.9999999403953552,0.0,0.617178449809664,0.617178449809664,,,,1.0
19,hexane_dipole,131,0.9999999403953552,0.0,0.617178449809664,0.617178449809664,,,,1.0
19,hexane_dipole,132,0.9999999403953552,0.0,0.617178449809664,0.617178449809664,,,,1.0
19,hexane_dipole,133,0.9999999403953552,0.0,0.617178449809664,0.617178449809664,,,,1.0
19,hexane_dipole,134,0.9999999403953552,0.0,0.617178449809664,0.617178449809664,,,,1.0
19,hexane_dipole,135,0.9999999403953552,0.0,0.617178449809664,0.617178449809664,,,,1.0
19,hexane_dipole,136,0.9999999403953552,0.0,0.617178449809664,0.617178449809664,,,,1.0
19,hexane_dipole,137,0.9999999403953552,0.0,0.617178449809664,0.617178449809664,,,,1.0
19,hexane_dipole,138,0.9999999403953552,0.0,0.617178449809664,0.617178449809664,,,,1.0
19,hexane_dipole,139,0.9999999403953552,0.0,0.617178449809664,0.617178449809664,,,,1.0
19,hexane_dipole,140,0.9999999403953552,0.0,0.617178449809664,0.617178449809664,,,,1.0
19,hexane_dipole,141,0.9999999403953552,0.0,0.617178449809664,0.617178449809664,,,,1.0
19,hexane_dipole,142,0.9999999403953552,0.0,0.617178449809664,0.617178449809664,,,,1.0
19,hexane_dipole,143,0.9999999403953552,0.0,0.617178449809664,0.617178449809664,,,,1.0
19,hexane_dipole,144,0.9999999403953552,0.0,0.617178449809664,0.617178449809664,,,,1.0
19,hexane_dipole,145,0.9999999403953552,0.0,0.617178449809664,0.617178449809664,,,,1.0
19,hexane_dipole,146,0.9999999403953552,0.0,0.617178449809664,0.617178449809664,,,,1.0
19,hexane_dipole,147,0.9999999403953552,0.0,0.617178449809664,0.617178449809664,,,,1.0
19,hexane_dipole,148,0.9999999403953552,0.0,0.617178449809664,0.617178449809664,,,,1.0
19,hexane_dipole,149,0.9999999403953552,0.0,0.617178449809664,0.617178449809664,,,,1.0
19,hexane_dipole,150,0.9999999403953552,0.0,0.617178449809664,0.617178449809664,,,,1.0
19,hexane_dipole,151,0.9999999403953552,0.0,0.617178449809664,0.617178449809664,,,,1.0
19,hexane_dipole,152,0.9999999403953552,0.0,0.617178449809664,0.617178449809664,,,,1.0
19,hexane_dipole,153,0.9999999403953552,0.0,0.617178449809664,0.617178449809664,,,,1.0
19,hexane_dipole,154,0.9999999403953552,0.0,0.617178449809664,0.617178449809664,,,,1.0
19,hexane_dipole,155,0.9999999403953552,0.0,0.617178449809664,0.617178449809664,,,,1.0
19,hexane_dipole,156,0.9999999403953552,0.0,0.617178449809664,0.617178449809664,,,,1.0
19,hexane_dipole,157,0.9999999403953552,0.0,0.617178449809664,0.617178449809664,,,,1.0
19,hexane_dipole,158,0.9999999403953552,0.0,0.617178449809664,0.617178449809664,,,,1.0
19,hexane_dipole,159,0.9999999403953552,0.0,0.617178449809664,0.617178449809664,,,,1.0
19,hexane_dipole,160,0.9999999403953552,0.0,0.617178449809664,0.617178449809664,,,,1.0
19,hexane_dipole,161,0.9999999403953552,0.0,0.617178449809664,0.617178449809664,,,,1.0
19,hexane_dipole,162,0.9999999403953552,0.0,0.617178449809664,0.617178449809664,,,,1.0
19,hexane_dipole,163,0.9999999403953552,0.0,0.617178449809664,0.617178449809664,,,,1.0
19,hexane_dipole,164,0.9999999403953552,0.0,0.617178449809664,0.617178449809664,,,,1.0
19,hexane_dipole,165,0.9999999403953552,0.0,0.617178449809664,0.617178449809664,,,,1.0
19,hexane_dipole,166,0.9999999403953552,0.0,0.617178449809664,0.617178449809664,,,,1.0
19,hexane_dipole,167,0.9999999403953552,0.0,0.617178449809664,0.617178449809664,,,,1.0
19,hexane_dipole,168,0.9999999403953552,0.0,0.617178449809664,0.617178449809664,,,,1.0
19,hexane_dipole,169,0.9999999403953552,0.0,0.617178449809664,0.617178449809664,,,,1.0
19,hexane_dipole,170,0.9999999403953552,0.0,0.617178449809664,0.617178449809664,,,,1.0
19,hexane_dipole,171,0.9999999403953552,0.0,0.617178449809664,0.617178449809664,,,,1.0
19,hexane_dipole,172,0.9999999403953552,0.0,0.617178449809664,0.617178449809664,,,,1.0
19,hexane_dipole,173,0.9999999403953552,0.0,0.617178449809664,0.617178449809664,,,,1.0
19,hexane_dipole,174,0.9999999403953552,0.0,0.617178449809664,0.617178449809664,,,,1.0
19,hexane_dipole,175,0.9999999403953552,0.0,0.617178449809664,0.617178449809664,,,,1.0
19,hexane_dipole,176,0.9999999403953552,0.0,0.617178449809664,0.617178449809664,,,,1.0
19,hexane_dipole,177,0.9999999403953552,0.0,0.617178449809664,0.617178449809664,,,,1.0
19,hexane_dipole,178,0.9999999403953552,0.0,0.617178449809664,0.617178449809664,,,,1.0
19,hexane_dipole,179,0.9999999403953552,0.0,0.617178449809664,0.617178449809664,,,,1.0
19,hexane_dipole,180,0.9999999403953552,0.0,0.617178449809664,0.617178449809664,,,,1.0
19,hexane_dipole,181,0.9999999403953552,0.0,0.617178449809664,0.617178449809664,,,,1.0
19,hexane_dipole,182,0.9999999403953552,0.0,0.617178449809664,0.617178449809664,,,,1.0
19,hexane_dipole,183,0.9999999403953552,0.0,0.617178449809664,0.617178449809664,,,,1.0
19,hexane_dipole,184,0.9999999403953552,0.0,0.617178449809664,0.617178449809664,,,,1.0
19,hexane_dipole,185,0.9999999403953552,0.0,0.617178449809664,0.617178449809664,,,,1.0
19,hexane_dipole,186,0.9999999403953552,0.0,0.617178449809664,0.617178449809664,,,,1.0
19,hexane_dipole,187,0.9999999403953552,0.0,0.617178449809664,0.617178449809664,,,,1.0
19,hexane_dipole,188,0.9999999403953552,0.0,0.617178449809664,0.617178449809664,,,,1.0
19,hexane_dipole,189,0.9999999403953552,0.0,0.617178449809664,0.617178449809664,,,,1.0
19,hexane_dipole,190,0.9999999403953552,0.0,0.617178449809664,0.617178449809664,,,,1.0
19,hexane_dipole,191,0.9999999403953552,0.0,0.617178449809664,0.617178449809664,,,,1.0
19,hexane_dipole,192,0.9999999403953552,0.0,0.617178449809664,0.617178449809664,,,,1.0
19,hexane_dipole,193,0.9999999403953552,0.0,0.617178449809664,0.617178449809664,,,,1.0
19,hexane_dipole,194,0.9999999403953552,0.0,0.617178449809664,0.617178449809664,,,,1.0
19,hexane_dipole,195,0.9999999403953552,0.0,0.617178449809664,0.617178449809664,,,,1.0
19,hexane_dipole,196,0.9999999403953552,0.0,0.617178449809664,0.617178449809664,,,,1.0
19,hexane_dipole,197,0.9999999403953552,0.0,0.617178449809664,0.617178449809664,,,,1.0
19,hexane_dipole,198,0.9999999403953552,0.0,0.617178449809664,0.617178449809664,,,,1.0
19,hexane_dipole,199,0.9999999403953552,0.0,0.617178449809664,0.617178449809664,,,,1.0
19,hexane_dipole,200,0.9999999403953552,0.0,0.617178449809664,0.617178449809664,,,,1.0
19,hexane_dipole,201,0.9999999403953552,0.0,0.617178449809664,0.617178449809664,,,,1.0
19,hexane_dipole,202,0.9999999403953552,0.0,0.617178449809664,0.617178449809664,,,,1.0
19,hexane_dipole,203,0.9999999403953552,0.0,0.617178449809664,0.617178449809664,,,,1.0
19,hexane_dipole,204,0.9999999403953552,0.0,0.617178449809664,0.617178449809664,,,,1.0
19,hexane_dipole,205,0.9999999403953552,0.0,0.617178449809664,0.617178449809664,,,,1.0
19,hexane_dipole,206,0.9999999403953552,0.0,0.617178449809664,0.617178449809664,,,,1.0
19,hexane_dipole,207,0.9999999403953552,0.0,0.617178449809664,0.617178449809664,,,,1.0
19,hexane_dipole,208,0.9999999403953552,0.0,0.617178449809664,0.617178449809664,,,,1.0
19,hexane_dipole,209,0.9999999403953552,0.0,0.617178449809664,0.617178449809664,,,,1.0
19,hexane_dipole,210,0.9999999403953552,0.0,0.617178449809664,0.617178449809664,,,,1.0
19,hexane_dipole,211,0.9999999403953552,0.0,0.617178449809664,0.617178449809664,,,,1.0
19,hexane_dipole,212,0.9999999403953552,0.0,0.617178449809664,0.617178449809664,,,,1.0
19,hexane_dipole,213,0.9999999403953552,0.0,0.617178449809664,0.617178449809664,,,,1.0
19,hexane_dipole,214,0.9999999403953552,0.0,0.617178449809664,0.617178449809664,,,,1.0
19,hexane_dipole,215,0.9999999403953552,0.0,0.617178449809664,0.617178449809664,,,,1.0
19,hexane_dipole,216,0.9999999403953552,0.0,0.617178449809664,0.617178449809664,,,,1.0
19,hexane_dipole,217,0.9999999403953552,0.0,0.617178449809664,0.617178449809664,,,,1.0
19,hexane_dipole,218,0.9999999403953552,0.0,0.617178449809664,0.617178449809664,,,,1.0
19,hexane_dipole,219,0.9999999403953552,0.0,0.617178449809664,0.617178449809664,,,,1.0
19,hexane_dipole,220,0.9999999403953552,0.0,0.617178449809664,0.617178449809664,,,,1.0
19,hexane_dipole,221,0.9999999403953552,0.0,0.617178449809664,0.617178449809664,,,,1.0
19,hexane_dipole,222,0.9999999403953552,0.0,0.617178449809664,0.617178449809664,,,,1.0
19,hexane_dipole,223,0.9999999403953552,0.0,0.617178449809664,0.617178449809664,,,,1.0
19,hexane_dipole,224,0.9999999403953552,0.0,0.617178449809664,0.617178449809664,,,,1.0
19,hexane_dipole,225,0.9999999403953552,0.0,0.617178449809664,0.617178449809664,,,,1.0
19,hexane_dipole,226,0.9999999403953552,0.0,0.617178449809664,0.617178449809664,,,,1.0
19,hexane_dipole,227,0.9999999403953552,0.0,0.617178449809664,0.617178449809664,,,,1.0
19,hexane_dipole,228,0.9999999403953552,0.0,0.617178449809664,0.617178449809664,,,,1.0
19,hexane_dipole,229,0.9999999403953552,0.0,0.617178449809664,0.617178449809664,,,,1.0
19,hexane_dipole,230,0.9999999403953552,0.0,0.617178449809664,0.617178449809664,,,,1.0
19,hexane_dipole,231,0.9999999403953552,0.0,0.617178449809664,0.617178449809664,,,,1.0
19,hexane_dipole,232,0.9999999403953552,0.0,0.617178449809664,0.617178449809664,,,,1.0
19,hexane_dipole,233,0.9999999403953552,0.0,0.617178449809664,0.617178449809664,,,,1.0
19,hexane_dipole,234,0.9999999403953552,0.0,0.617178449809664,0.617178449809664,,,,1.0
19,hexane_dipole,235,0.9999999403953552,0.0,0.617178449809664,0.617178449809664,,,,1.0
19,hexane_dipole,236,0.9999999403953552,0.0,0.617178449809664,0.617178449809664,,,,1.0
19,hexane_dipole,237,0.9999999403953552,0.0,0.617178449809664,0.617178449809664,,,,1.0
19,hexane_dipole,238,0.9999999403953552,0.0,0.617178449809664,0.617178449809664,,,,1.0
19,hexane_dipole,239,0.9999999403953552,0.0,0.617178449809664,0.617178449809664,,,,1.0
19,hexane_dipole,240,0.9999999403953552,0.0,0.617178449809664,0.617178449809664,,,,1.0
19,hexane_dipole,241,0.9999999403953552,0.0,0.617178449809664,0.617178449809664,,,,1.0
19,hexane_dipole,242,0.9999999403953552,0.0,0.617178449809664,0.617178449809664,,,,1.0
19,hexane_dipole,243,0.9999999403953552,0.0,0.617178449809664,0.617178449809664,,,,1.0
19,hexane_dipole,244,0.9999999403953552,0.0,0.617178449809664,0.617178449809664,,,,1.0
19,hexane_dipole,245,0.9999999403953552,0.0,0.617178449809664,0.617178449809664,,,,1.0
19,hexane_dipole,246,0.9999999403953552,0.0,0.617178449809664,0.617178449809664,,,,1.0
19,hexane_dipole,247,0.9999999403953552,0.0,0.617178449809664,0.617178449809664,,,,1.0
19,hexane_dipole,248,0.9999999403953552,0.0,0.617178449809664,0.617178449809664,,,,1.0
19,hexane_dipole,249,0.9999999403953552,0.0,0.617178449809664,0.617178449809664,,,,1.0
20,sco_kcal,0,0.3072330951690674,0.05108024179935455,0.6008079182587394,0.8943644199432201,9.314849853515625,2.5114896297454834,0.26962212695222276,0.14
20,sco_kcal,1,0.057210519909858704,0.04781236872076988,0.630819160163405,0.9619416603239268,9.635218620300293,0.07159078121185303,0.007430114876793716,0.06
20,sco_kcal,2,0.5137954354286194,0.01913651078939438,0.642682035514127,0.8981167553734128,4.244165420532227,2.164846420288086,0.5100758820132439,0.26
20,sco_kcal,3,0.44521889090538025,0.03640646114945412,0.6258829350932615,0.9198564693780813,7.421942710876465,3.0785820484161377,0.41479463913196724,0.22
20,sco_kcal,4,0.40709200501441956,0.023232853040099144,0.6233335402856246,0.94179362107773,4.9570488929748535,1.1693474054336548,0.23589587891514605,0.26
20,sco_kcal,5,0.0666930302977562,0.20237953960895538,0.6234731759100243,0.8999248706737659,41.272464752197266,4.402946472167969,0.10667999836219048,0.04
20,sco_kcal,6,0.15649856626987457,0.0196406040340662,0.6308439979938447,0.9663425007845998,4.140160083770752,0.366670161485672,0.08856424729154873,0.04
20,sco_kcal,7,0.06106914207339287,0.04648898169398308,0.6217036425854021,0.9493597857376599,9.75610065460205,0.05443712696433067,0.005579803744506483,0.0
20,sco_kcal,8,0.4242706596851349,0.045389000326395035,0.6000811760348055,0.9081430091655383,8.266329765319824,3.5828418731689453,0.4334259550351153,0.16
20,sco_kcal,9,0.2553234398365021,0.060454510152339935,0.6427912640042306,0.9665731538275852,13.086997032165527,0.45105651021003723,0.03446600538698221,0.22
20,sco_kcal,10,0.6469371318817139,0.016863422468304634,0.6408425747981701,0.937938339759363,3.40517258644104,2.5727267265319824,0.7555348991050409,0.38
20,sco_kcal,11,0.30249425768852234,0.04252771660685539,0.5966012791275614,0.9209285791097794,7.86536979675293,1.3321259021759033,0.16936595946523028,0.18
20,sco_kcal,12,0.09625045210123062,0.034679509699344635,0.6026253089256688,0.9435651428815268,6.395831108093262,0.11955481767654419,0.01869261643342332,0.06
20,sco_kcal,13,0.2846325635910034,0.054613612592220306,0.6115367511062317,0.9331587232008547,10.57806396484375,2.7955305576324463,0.2642762009119444,0.12
20,sco_kcal,14,0.192909374833107,0.031466640532016754,0.6547526707129632,0.950779659320999,6.8279924392700195,0.9046303033828735,0.13248847467669245,0.02
20,sco_kcal,15,0.4932311177253723,0.012876293621957302,0.654089408500095,0.9317047382059078,2.8264646530151367,1.0968291759490967,0.3880569229051041,0.24
20,sco_kcal,16,0.16355450451374054,0.029996100813150406,0.60538871279877,0.9560643532066875,5.515819549560547,0.09163228422403336,0.016612632701396807,0.06
20,sco_kcal,17,0.11934491246938705,0.03623412549495697,0.6417680091212605,0.9651544540687482,7.860841751098633,0.19511859118938446,0.024821590024009153,0.12
20,sco_kcal,18,0.32084137201309204,0.04387053847312927,0.617424284702361,0.8963300174652937,8.749308586120605,2.303621292114258,0.2632918097972437,0.12
20,sco_kcal,19,0.4698099195957184,0.010450051166117191,0.6557891484273712,0.9371381310167639,2.338468074798584,0.9815772771835327,0.41975226763276535,0.26
20,sco_kcal,20,0.04313453286886215,0.09008961915969849,0.6314158682372266,0.9502237044333686,19.18084716796875,0.1544134020805359,0.008050395309879749,0.14
20,sco_kcal,21,0.2542971670627594,0.013660839758813381,0.6546919182388569,0.9512275760479669,3.022408962249756,0.5875321626663208,0.19439201312749754,0.08
20,sco_kcal,22,0.2354924976825714,0.0806351900100708,0.6227827120738629,0.8983430125216469,16.056325912475586,4.06343936920166,0.25307404641334624,0.18
20,sco_kcal,23,0.09551253914833069,0.05765865743160248,0.596036332080063,0.9494298467916884,10.587128639221191,0.20010986924171448,0.018901240937073842,0.04
20,sco_kcal,24,0.2001710683107376,0.013611567206680775,0.6333988269689015,0.9356661496866561,2.8549039363861084,0.26358258724212646,0.0923262544433574,0.1
20,sco_kcal,25,0.4489990174770355,0.030698994174599648,0.6207094551350671,0.8912949841208517,5.888815879821777,2.479304313659668,0.42101915975248716,0.32
20,sco_kcal,26,0.19447070360183716,0.027158429846167564,0.6482062272510676,0.9747451717152258,6.051919937133789,0.2121976763010025,0.035062869057302846,0.12
20,sco_kcal,27,0.469005286693573,0.025016147643327713,0.6501566057676085,0.9053228553219186,5.584591388702393,2.5219316482543945,0.4515874972260733,0.28
20,sco_kcal,28,0.08888860046863556,0.025995654985308647,0.6482255805707957,0.9604923357727562,5.625670909881592,0.1871088594198227,0.033259830234854765,0.02
20,sco_kcal,29,0.1420924961566925,0.014102556742727757,0.6357395008836293,0.9610645056696607,3.0101799964904785,0.22272989153862,0.0739922170097128,0.04
20,sco_kcal,30,0.16402645409107208,0.021501710638403893,0.6378901953096388,0.9607811107693756,4.651046276092529,0.05918565019965172,0.012725233568171504,0.16
20,sco_kcal,31,0.48910942673683167,0.026131369173526764,0.652508465289122,0.8977522100022126,5.874898910522461,2.7586541175842285,0.46956622736831033,0.28
20,sco_kcal,32,0.08895819634199142,0.011928120627999306,0.6312598182799944,0.9532153821178857,2.5347023010253906,0.0907667800784111,0.035809641251239734,0.02
20,sco_kcal,33,0.5089848041534424,0.035640083253383636,0.6257436008072221,0.9139154623062562,7.100796222686768,3.5215275287628174,0.49593417672115053,0.42
20,sco_kcal,34,0.21891164779663086,0.0536060705780983,0.5880228013004327,0.9249612893124255,9.379899024963379,1.5691595077514648,0.167289594864012,0.12
20,sco_kcal,35,0.2343388795852661,0.011438065208494663,0.6991236084062076,0.9658616254619756,2.8828816413879395,0.10308584570884705,0.03575791812917343,0.24
20,sco_kcal,36,0.7970160245895386,0.013918613083660603,0.6863375987674969,0.8788491483289895,3.1816372871398926,3.550607442855835,1.1159686420596437,0.6
20,sco_kcal,37,0.18160851299762726,0.05428853631019592,0.6100508381895009,0.918625983909072,10.344708442687988,1.221434235572815,0.11807333598040344,0.04
20,sco_kcal,38,0.39381614327430725,0.03155175596475601,0.6621328756308456,0.9050745848525712,7.07038688659668,2.880363702774048,0.40738417132934385,0.12
20,sco_kcal,39,0.6835004687309265,0.014338543638586998,0.6671566708989742,0.891076860104661,3.2091917991638184,2.51558518409729,0.7838687562247749,0.52
20,sco_kcal,40,0.11203151941299438,0.0652698501944542,0.6197197215727592,0.9533307519029686,13.009048461914062,0.1576341688632965,0.012117271245840474,0.02
20,sco_kcal,41,0.05357661470770836,0.04798109456896782,0.6269272095324865,0.9546584920549035,10.131766319274902,0.19276872277259827,0.019026171419476056,0.02
20,sco_kcal,42,0.5950756072998047,0.01917865499854088,0.6426292049474716,0.8819319072399847,4.112814903259277,2.279607057571411,0.5542693048901602,0.24
20,sco_kcal,43,0.2276960164308548,0.06070321425795555,0.6033720212621949,0.9015905211483819,11.146585464477539,1.9553829431533813,0.17542438887539932,0.12
20,sco_kcal,44,0.8575950860977173,0.04192685708403587,0.6089753271675569,0.9007916815452255,7.681703090667725,11.941115379333496,1.5544880137114914,0.2
20,sco_kcal,45,0.1469903290271759,0.008079483173787594,0.6267532394725659,0.9561276692247878,1.855477213859558,0.08938883244991302,0.048175656258249745,0.02
20,sco_kcal,46,0.1884610503911972,0.033758461475372314,0.6384866648116834,0.9374237499778852,7.20654821395874,0.9101494550704956,0.12629478469422845,0.04
20,sco_kcal,47,0.2278870791196823,0.005660353694111109,0.6344977578912565,0.9679261364582623,1.2214117050170898,0.16375590860843658,0.13407101629679022,0.12
20,sco_kcal,48,0.09224709868431091,0.014170726761221886,0.6424685997218278,0.9654555989678428,3.0904085636138916,0.0446830578148365,0.01445862477244258,0.02
20,sco_kcal,49,0.23444849252700806,0.016803111881017685,0.6237205065024118,0.9665264783970517,3.475055456161499,0.07335471361875534,0.021108933236933723,0.18
20,sco_kcal,50,0.1469963639974594,0.019731484353542328,0.6443099496907811,0.9475810518853971,4.299199104309082,0.23389293253421783,0.054403838217166364,0.06
20,sco_kcal,51,0.2530251145362854,0.024394135922193527,0.6353899990549112,0.9293336930498182,5.177018165588379,0.8052335381507874,0.1555400256277198,0.14
20,sco_kcal,52,0.10679531842470169,0.024472592398524284,0.6361338944993316,0.9450940810080448,5.406827449798584,0.07849821448326111,0.014518350217776107,0.08
20,sco_kcal,53,0.08264009654521942,0.024093812331557274,0.6448213082646927,0.9517854279358933,5.236881256103516,0.46081939339637756,0.08799500520644776,0.02
20,sco_kcal,54,0.07115533202886581,0.020932188257575035,0.6519999445705449,0.9728812237133095,4.690332412719727,0.12184607982635498,0.025978133126752432,0.02
20,sco_kcal,55,0.44160258769989014,0.0408039391040802,0.6515525183959356,0.9063596434834085,9.0579833984375,4.12230110168457,0.4551014194170047,0.22
20,sco_kcal,56,0.3727194666862488,0.05092428997159004,0.5962378384382636,0.9062076002675707,9.163750648498535,2.807849168777466,0.3064082902820503,0.14
20,sco_kcal,57,0.2509589195251465,0.017604852095246315,0.6481666416870973,0.965112038701351,3.9037134647369385,0.4202554225921631,0.10765529447497066,0.14
20,sco_kcal,58,0.45315706729888916,0.02094840444624424,0.6366038064319186,0.9185609049387193,4.335790157318115,2.082136392593384,0.4802207480173073,0.3
20,sco_kcal,59,0.18842926621437073,0.028744790703058243,0.6296534343603872,0.927480837284796,6.08046293258667,0.9656882286071777,0.15881820830315752,0.1
20,sco_kcal,60,0.2122582346200943,0.01883447915315628,0.6499299478329228,0.9676103926879123,4.177317142486572,0.1720689982175827,0.04119126998223497,0.2
20,sco_kcal,61,0.1812773197889328,0.029869381338357925,0.6271530098544142,0.9520529089584759,6.082319736480713,0.6403251886367798,0.10527647614383356,0.04
20,sco_kcal,62,0.1378425657749176,0.016999226063489914,0.6037796444190735,0.944849075427989,3.241328001022339,0.26796871423721313,0.08267250773531522,0.08
20,sco_kcal,63,0.28538382053375244,0.013764622621238232,0.6483083676003427,0.9510738363344495,3.100496530532837,0.3756674826145172,0.1211636519876888,0.2
20,sco_kcal,64,0.11811583489179611,0.07373292744159698,0.6256557149002924,0.9115953145774207,15.10911750793457,1.5179542303085327,0.10046610793194091,0.04
20,sco_kcal,65,0.41912326216697693,0.025401771068572998,0.6313109323730726,0.9255392453513656,5.346007347106934,1.8927549123764038,0.35405018913801056,0.24
20,sco_kcal,66,0.4097949266433716,0.030675483867526054,0.6290640178429066,0.9276177943749342,6.2983717918396,2.1403067111968994,0.3398190487849509,0.2
20,sco_kcal,67,0.20104865729808807,0.0442967563867569,0.5956762008750971,0.9345242303289281,8.090437889099121,1.0833653211593628,0.13390688316377355,0.08
20,sco_kcal,68,0.13556143641471863,0.13645745813846588,0.6243163549729602,0.8947730564205338,27.941715240478516,3.5051591396331787,0.12544538191253685,0.04
20,sco_kcal,69,0.23676954209804535,0.05547153949737549,0.6222380874848235,0.9194829427453712,11.52293872833252,1.7257977724075317,0.1497706282308134,0.04
20,sco_kcal,70,0.08721861243247986,0.0706033930182457,0.6053700375345654,0.9515403917152168,13.001082420349121,0.1355084925889969,0.010422862359283316,0.1
20,sco_kcal,71,0.6009508371353149,0.011621437966823578,0.6510964137340298,0.9124060363670963,2.5061330795288086,1.6925854682922363,0.6753773301657502,0.52
20,sco_kcal,72,0.46451452374458313,0.019973136484622955,0.6319118219521318,0.9178008323009526,4.274766445159912,1.1294043064117432,0.2642025759537125,0.28
20,sco_kcal,73,0.24711821973323822,0.08086898922920227,0.5933039096967412,0.9156585180904679,14.896210670471191,2.3384838104248047,0.15698514623322218,0.22
20,sco_kcal,74,0.10086147487163544,0.017644645646214485,0.6325906221730904,0.9585416841110561,3.672588586807251,0.11534146964550018,0.03140604152064084,0.06
20,sco_kcal,75,0.14856119453907013,0.05285164341330528,0.6150726040706063,0.9323287272180971,10.595961570739746,0.977517306804657,0.09225376104647505,0.08
20,sco_kcal,76,0.1728842705488205,0.038567185401916504,0.6437438527942227,0.9647316985233079,8.357645988464355,0.2587730884552002,0.030962437127915188,0.1
20,sco_kcal,77,0.7783520221710205,0.0128772659227252,0.6958153026079865,0.901294376020791,2.96376371383667,3.0548908710479736,1.0307471060482543,0.6
20,sco_kcal,78,0.4129702150821686,0.034291744232177734,0.6180025924065764,0.9014278212357971,6.771597385406494,2.5477893352508545,0.3762464290540381,0.14
20,sco_kcal,79,0.17337404191493988,0.06097930669784546,0.6149890665522075,0.9171357325046532,11.815459251403809,1.2916189432144165,0.10931601690056675,0.06
20,sco_kcal,80,0.16460664570331573,0.02921357750892639,0.6406295737962298,0.9336831311640756,6.331157207489014,0.5187637209892273,0.0819382150826378,0.04
20,sco_kcal,81,0.2860841453075409,0.07212162762880325,0.6119232839640696,0.8941653877064568,14.048945426940918,3.275735855102539,0.2331659605439732,0.02
20,sco_kcal,82,0.2137473225593567,0.028221946209669113,0.6414946450553471,0.9181819099806665,5.917244911193848,0.7969513535499573,0.13468284066497535,0.12
20,sco_kcal,83,0.31635013222694397,0.04060117155313492,0.6231567462316023,0.9262306365390214,8.170494079589844,1.7522215843200684,0.21445723688817964,0.22
20,sco_kcal,84,0.04837615042924881,0.08606846630573273,0.620659675670947,0.9569505382466508,17.93529510498047,0.08775126934051514,0.004892658237675019,0.12
20,sco_kcal,85,0.08827255666255951,0.05704762041568756,0.594251855745261,0.9570407502360867,10.03646183013916,0.03407425060868263,0.0033950461014417245,0.08
20,sco_kcal,86,0.04548277705907822,0.04066067934036255,0.6238338592960033,0.9687625981848333,8.469157218933105,0.046747684478759766,0.00551975636657844,0.04
20,sco_kcal,87,0.10388096421957016,0.01746297813951969,0.6480564407226828,0.9577498454112785,3.8976945877075195,0.1082930639386177,0.027783876212402702,0.02
20,sco_kcal,88,0.507567822933197,0.017828235402703285,0.6574262559252075,0.9387891348482977,3.945122480392456,1.917343258857727,0.4860034811053552,0.3
20,sco_kcal,89,0.23276148736476898,0.03123973123729229,0.6166332600121547,0.9493197038473884,6.142301559448242,0.946256697177887,0.1540557212991816,0.1
20,sco_kcal,90,0.560387372970581,0.02110595814883709,0.6652725519340825,0.9270623041735819,4.597055912017822,2.188709259033203,0.47611108085750814,0.34
20,sco_kcal,91,0.43048110604286194,0.04913650080561638,0.606941439104586,0.9270639449167775,9.332816123962402,3.53747296333313,0.3790359647449303,0.24
20,sco_kcal,92,0.3555552363395691,0.020024893805384636,0.6524362473388055,0.9352963013115674,4.403319358825684,1.5615006685256958,0.3546189911017789,0.18
20,sco_kcal,93,0.515328586101532,0.03373974189162254,0.6428409039139271,0.8901806132585701,7.091048717498779,4.029282093048096,0.5682209012476425,0.28
20,sco_kcal,94,0.3398319184780121,0.01913861557841301,0.6413836543891913,0.9248828255775683,4.1351423263549805,1.0635002851486206,0.25718589620736665,0.1
20,sco_kcal,95,0.25466278195381165,0.041502151638269424,0.635460406464804,0.8891282899005133,8.808274269104004,1.9537177085876465,0.2218048222499755,0.06
20,sco_kcal,96,0.36529621481895447,0.051884476095438004,0.607112820932713,0.8999241714603587,9.743779182434082,2.980774164199829,0.30591561122131317,0.08
20,sco_kcal,97,0.7402076721191406,0.01839974895119667,0.6642304201610305,0.9053127759918804,4.257094860076904,3.22099232673645,0.756617466277992,0.62
20,sco_kcal,98,0.17668133974075317,0.019615720957517624,0.6402222472787404,0.9410114175466482,4.2135725021362305,0.46019473671913147,0.10921723465914454,0.06
20,sco_kcal,99,0.2727776765823364,0.02310585416853428,0.6128818083189282,0.9323447594908532,4.552770614624023,0.8277191519737244,0.18180559093291349,0.14
20,sco_kcal,100,0.3095468282699585,0.03044189140200615,0.6428073617233077,0.9695172855965741,6.673347473144531,0.6269376277923584,0.09394649841257864,0.22
20,sco_kcal,101,0.13264934718608856,0.012813912704586983,0.6427452788870722,0.9655784439528392,2.813688278198242,0.07696392387151718,0.02735339393061742,0.1
20,sco_kcal,102,0.09476593136787415,0.021352756768465042,0.6143793782055353,0.9720710271098296,4.178212642669678,0.18911784887313843,0.045262858797990996,0.04
20,sco_kcal,103,0.5883139371871948,0.010315519757568836,0.6260150178809964,0.9249839752212974,2.0935957431793213,1.258399486541748,0.6010709042762719,0.48
20,sco_kcal,104,0.4524090588092804,0.02767355926334858,0.6269117964579785,0.902175935365322,5.706600666046143,2.4070332050323486,0.4217980801344696,0.14
20,sco_kcal,105,0.0705038383603096,0.053027838468551636,0.6174770922343451,0.9447387444554447,10.51354694366455,0.14288519322872162,0.01359057927779778,0.04
20,sco_kcal,106,0.5801313519477844,0.01627933979034424,0.6754786936574326,0.9530987189434881,4.217925071716309,0.45290330052375793,0.10737585253961561,0.38
20,sco_kcal,107,0.07372945547103882,0.1913084238767624,0.6222024288087649,0.9050743370974847,38.931549072265625,2.6066412925720215,0.06695447149389085,0.02
20,sco_kcal,108,0.4610239863395691,0.01754508912563324,0.645922055248966,0.9463086482674063,3.8477556705474854,1.3253902196884155,0.34445799920030523,0.46
20,sco_kcal,109,0.8663864135742188,0.008039301261305809,0.707191136410616,0.9002328884183775,1.825506329536438,2.7197797298431396,1.4898769102234721,0.9
20,sco_kcal,110,0.09607260674238205,0.010758795775473118,0.6194463813784095,0.9496589219695455,2.0838074684143066,0.21621012687683105,0.10375724732446527,0.02
20,sco_kcal,111,0.6743197441101074,0.013660268858075142,0.6781095050933814,0.9077339617615277,3.0014712810516357,2.613030433654785,0.8705831870359422,0.58
20,sco_kcal,112,0.07254155725240707,0.025839895009994507,0.6371534771140879,0.9698400183670874,5.722296714782715,0.15742351114749908,0.027510546725201878,0.04
20,sco_kcal,113,0.9014713168144226,0.017993954941630363,0.6888271222397191,0.9167149150783009,4.012073993682861,7.421258449554443,1.849731201677599,0.48
20,sco_kcal,114,0.3675931692123413,0.01605718769133091,0.6428058358851172,0.915409978495797,3.525463104248047,1.3698209524154663,0.3885506419752018,0.06
20,sco_kcal,115,0.29711201786994934,0.023358533158898354,0.6478514189573856,0.9466327301127981,5.013855457305908,1.0557938814163208,0.21057525299774593,0.2
20,sco_kcal,116,0.589792013168335,0.03114977292716503,0.6419719597417963,0.9194674372697784,6.440147399902344,3.8332645893096924,0.5952137973375918,0.38
20,sco_kcal,117,0.8416940569877625,0.007180817890912294,0.7209993985417102,0.9220363440322932,1.6151001453399658,2.305216073989868,1.427289868458676,0.76
20,sco_kcal,118,0.23437131941318512,0.015704719349741936,0.637249460621452,0.9244906146603025,3.3796944618225098,0.5881268382072449,0.17401775363152083,0.06
20,sco_kcal,119,0.6521389484405518,0.016672473400831223,0.6752565765108813,0.8881630627153403,3.8257784843444824,2.7485876083374023,0.7184387751629984,0.48
20,sco_kcal,120,0.16721263527870178,0.008683858439326286,0.6398641152780011,0.9604132203286984,1.943743109703064,0.20378009974956512,0.1048390081653823,0.02
20,sco_kcal,121,0.3803529739379883,0.050828199833631516,0.6072337118815709,0.8959921194575808,9.573495864868164,2.7546606063842773,0.28773821446907905,0.08
20,sco_kcal,122,0.25004813075065613,0.02046288549900055,0.6642409618837093,0.9365892883662259,4.555630683898926,0.8878000974655151,0.19487973434793304,0.1
20,sco_kcal,123,0.08929414302110672,0.048421796411275864,0.6049792434245438,0.9460231800491985,8.951902389526367,0.24481001496315002,0.027347261432338135,0.04
20,sco_kcal,124,0.29670554399490356,0.010421392507851124,0.6631053732867744,0.953385700456397,2.3697335720062256,0.5666950345039368,0.23913871213132645,0.14
20,sco_kcal,125,0.12476522475481033,0.06161579117178917,0.6021175253698801,0.9459024536541605,11.314130783081055,0.3738045394420624,0.03303873241425164,0.16
20,sco_kcal,126,0.09768244624137878,0.016091732308268547,0.6424972895068606,0.9464896778869758,3.4537456035614014,0.2048521488904953,0.059313039350454115,0.06
20,sco_kcal,127,0.15015532076358795,0.015634214505553246,0.6371677421356214,0.9591764883160958,3.3348867893218994,0.11651758849620819,0.034938993692166784,0.08
20,sco_kcal,128,0.718714714050293,0.014641828835010529,0.653767843117016,0.9161438310544299,2.960364580154419,2.620316982269287,0.8851332027937605,0.56
20,sco_kcal,129,0.27852779626846313,0.022186387330293655,0.6395509861907356,0.9669477820415266,4.8516716957092285,0.2511204481124878,0.051759571517292956,0.18
20,sco_kcal,130,0.06557663530111313,0.023615136742591858,0.6382588909135745,0.9545802309445728,5.033925533294678,0.08173272013664246,0.016236378467670502,0.02
20,sco_kcal,131,0.18941491842269897,0.014891506172716618,0.6411829184687046,0.9665837605386647,3.315373659133911,0.10268814116716385,0.03097332359031576,0.12
20,sco_kcal,132,0.1796036958694458,0.06195378303527832,0.6215052085635846,0.9176861841282018,12.400757789611816,1.9199556112289429,0.15482566822144533,0.02
20,sco_kcal,133,0.2410552054643631,0.01162189431488514,0.640260335511776,0.9439255957886958,2.4764227867126465,0.46129974722862244,0.1862766526393418,0.06
20,sco_kcal,134,0.482393741607666,0.01147007942199707,0.6520079055479668,0.9336700005253289,2.917900800704956,0.5696824193000793,0.19523707562726114,0.38
20,sco_kcal,135,0.058519396930933,0.043405964970588684,0.6543955422020873,0.9322010936865428,9.172900199890137,0.4036352336406708,0.04400301157157527,0.04
20,sco_kcal,136,0.10196904838085175,0.034042201936244965,0.6348920412125338,0.965381467260704,7.205616474151611,0.3589296340942383,0.04981248105305225,0.02
20,sco_kcal,137,0.09541672468185425,0.09243027865886688,0.6249348714543326,0.9061664338583861,19.303421020507812,1.0495455265045166,0.05437095970654565,0.12
20,sco_kcal,138,0.0784120112657547,0.043974775820970535,0.5924732688858738,0.9498745174938996,8.040627479553223,0.2884158790111542,0.03586982231729755,0.08
20,sco_kcal,139,0.11032277345657349,0.02537822350859642,0.6281888892508405,0.9663233369855675,5.37598991394043,0.08154966682195663,0.015169237317668872,0.04
20,sco_kcal,140,0.3019273579120636,0.024745512753725052,0.6277449433790019,0.9305589092289857,5.085957050323486,1.493118405342102,0.29357668390989144,0.08
20,sco_kcal,141,0.12473782151937485,0.027196841314435005,0.6105913742308626,0.9649397891516525,5.336014747619629,0.02938561700284481,0.005507034442877729,0.12
20,sco_kcal,142,0.612174391746521,0.011325866915285587,0.6756303971633899,0.934542125941926,2.5978851318359375,1.765741229057312,0.6796841043581686,0.4
20,sco_kcal,143,0.307699590921402,0.027680423110723495,0.6302750884893935,0.9293703763438439,5.681299686431885,1.3262946605682373,0.2334491637073296,0.1
20,sco_kcal,144,0.6505226492881775,0.017039116472005844,0.6712199861178083,0.912775788978796,3.8301522731781006,2.7526097297668457,0.7186684845516194,0.42
20,sco_kcal,145,0.5071251392364502,0.02228151261806488,0.6568589020996625,0.9261645152433522,4.8841166496276855,1.8438119888305664,0.37751186572726914,0.4
20,sco_kcal,146,0.5346446633338928,0.021648993715643883,0.6726828167283738,0.8893473901722793,4.836447715759277,2.5382516384124756,0.5248173427248544,0.34
20,sco_kcal,147,0.3972528278827667,0.011651590466499329,0.6548973808796972,0.9301579140695451,2.565709114074707,0.9822903275489807,0.3828533492594433,0.14
20,sco_kcal,148,0.40169578790664673,0.019343852996826172,0.6288180416612013,0.9103485353909584,4.130555629730225,1.480758786201477,0.35848900703419134,0.16
20,sco_kcal,149,0.1931314766407013,0.013727324083447456,0.6419160350601116,0.9591352521548504,2.94953989982605,0.08405005931854248,0.028495989941854784,0.12
20,sco_kcal,150,0.5028609037399292,0.03352048620581627,0.6370434298908458,0.9126404736369778,7.114359378814697,3.3642704486846924,0.47288452403780645,0.32
20,sco_kcal,151,0.07282005995512009,0.022575100883841515,0.6437127358097003,0.9392267354941117,4.845956802368164,0.18609875440597534,0.03840289172925169,0.08
20,sco_kcal,152,0.46664729714393616,0.03947106748819351,0.6075345120805893,0.9130989055043877,7.289412975311279,3.215801954269409,0.4411606209116016,0.34
20,sco_kcal,153,0.08572085201740265,0.027611019089818,0.6535405333814,0.9536671766338161,6.0717387199401855,0.07138793170452118,0.011757411673541914,0.04
20,sco_kcal,154,0.4109913110733032,0.032608646899461746,0.6510762266620256,0.9501858080572323,7.081489086151123,1.520168662071228,0.21466793827927205,0.32
20,sco_kcal,155,0.2626115381717682,0.014619040302932262,0.6525048997701139,0.9616540058091696,3.3471860885620117,0.11538011580705643,0.034470780158095425,0.26
20,sco_kcal,156,0.37169739603996277,0.03964873030781746,0.6044052520206298,0.9193914312753826,7.682008266448975,2.243194580078125,0.2920062700108297,0.22
20,sco_kcal,157,0.18083904683589935,0.06308839470148087,0.5938591280280385,0.916192192904641,11.289347648620605,1.3596429824829102,0.12043592108256483,0.06
20,sco_kcal,158,0.21108898520469666,0.009626675397157669,0.6430498407982808,0.953664243771571,2.1469736099243164,0.09376614540815353,0.043673636683153695,0.2
20,sco_kcal,159,0.49012550711631775,0.01545776054263115,0.6498817528830065,0.9269366513824173,3.487835645675659,1.5496963262557983,0.4443146075925814,0.14
20,sco_kcal,160,0.156354621052742,0.011444076895713806,0.6475616954235544,0.9445123527329216,2.620039224624634,0.19667135179042816,0.07506427764210467,0.02
20,sco_kcal,161,0.33438342809677124,0.020717717707157135,0.6213168240498215,0.9229880808999409,4.180297374725342,1.356233835220337,0.32443477428670864,0.12
20,sco_kcal,162,0.4349869191646576,0.029571250081062317,0.6468864281461852,0.9105870567386158,6.411630630493164,3.0712459087371826,0.47901167202779915,0.16
20,sco_kcal,163,0.4573023319244385,0.013870308175683022,0.6446771579269492,0.917524594483411,3.133465528488159,0.848309338092804,0.2707256008978972,0.26
20,sco_kcal,164,0.7060389518737793,0.010530437342822552,0.6858592797514276,0.9057215044162756,2.60776948928833,2.123779058456421,0.814404443023071,0.5
20,sco_kcal,165,0.22321057319641113,0.016041893512010574,0.6623926479492737,0.9456129752963609,3.692077159881592,0.473278284072876,0.1281875387696541,0.12
20,sco_kcal,166,0.16591697931289673,0.01584475301206112,0.6525623720502949,0.9663896670087124,3.5555012226104736,0.14660407602787018,0.04123302647052177,0.12
20,sco_kcal,167,0.6700361967086792,0.011942182667553425,0.6738660398422724,0.8864204948119454,2.6780648231506348,1.943318247795105,0.7256427219371299,0.44
20,sco_kcal,168,0.7002328634262085,0.013258839957416058,0.6808316621648007,0.8907994514733442,2.986682176589966,2.3515870571136475,0.7873576490815517,0.46
20,sco_kcal,169,0.3807894289493561,0.04032766819000244,0.6206159258120847,0.9057598536949183,7.893374443054199,2.6600232124328613,0.3369944288875789,0.2
20,sco_kcal,170,0.17955464124679565,0.06287819147109985,0.5986989816785373,0.9441950410228208,11.367465019226074,0.3381953537464142,0.029751167316056485,0.2
20,sco_kcal,171,0.09107919782400131,0.042015448212623596,0.6119589665149519,0.943507772827803,8.526270866394043,0.2399284839630127,0.028139908727117885,0.06
20,sco_kcal,172,0.0692707970738411,0.03804700821638107,0.6457222771706266,0.9449765200808082,8.188167572021484,0.26366129517555237,0.03220028081453394,0.1
20,sco_kcal,173,0.1455715149641037,0.0524773895740509,0.6037932517647484,0.9478867801503348,9.710681915283203,0.6612243056297302,0.0680924688295123,0.08
20,sco_kcal,174,0.30201035737991333,0.028612250462174416,0.6239278263272232,0.9224947678003557,5.99068021774292,1.4385207891464233,0.2401264525664179,0.12
20,sco_kcal,175,0.13005885481834412,0.022275807335972786,0.6304479235377953,0.9479341038661484,4.471044063568115,0.1820695549249649,0.04072193258137213,0.04
20,sco_kcal,176,0.7674770951271057,0.016703210771083832,0.6594940760172758,0.9102163516462629,3.719155788421631,3.3227803707122803,0.8934232819869135,0.66
20,sco_kcal,177,0.15861867368221283,0.10414750128984451,0.6260286055555444,0.9065154456675584,21.683921813964844,2.6207423210144043,0.12086108516249114,0.02
20,sco_kcal,178,0.08227888494729996,0.08477122336626053,0.6122630945446632,0.936279909945158,16.36433982849121,0.3072565197944641,0.018775980150419126,0.02
20,sco_kcal,179,0.05581030622124672,0.03248769789934158,0.6314220671311299,0.9591137559304421,6.8212385177612305,0.1370513141155243,0.020091851906170452,0.04
20,sco_kcal,180,0.1391083300113678,0.027506813406944275,0.6382339893368454,0.950381077108631,5.676761627197266,0.172155499458313,0.030326356955613393,0.08
20,sco_kcal,181,0.13706634938716888,0.009558008052408695,0.6372485713240716,0.9670178752983656,2.064777135848999,0.1253359615802765,0.06070193213794021,0.02
20,sco_kcal,182,0.42858871817588806,0.017007585614919662,0.6391021344270682,0.9202498372347534,3.6725051403045654,1.1699854135513306,0.3185796530850607,0.26
20,sco_kcal,183,0.21113619208335876,0.11852400004863739,0.6442470776829576,0.9802210473119704,25.569852828979492,0.7180886268615723,0.028083408679135193,0.16
20,sco_kcal,184,0.6699045896530151,0.023772386834025383,0.6342311674884111,0.8986317324991484,4.665180683135986,3.6479547023773193,0.7819535726803026,0.58
20,sco_kcal,185,0.41514331102371216,0.016173329204320908,0.6559391853781174,0.9544853361784609,3.6534435749053955,0.6826745271682739,0.18685782691633646,0.2
20,sco_kcal,186,0.52452552318573,0.026369111612439156,0.6317058169524432,0.8994589112690989,5.245457649230957,2.593904495239258,0.49450489713124524,0.34
20,sco_kcal,187,0.11127925664186478,0.15089359879493713,0.6255895935853424,0.8982646801274654,31.82628631591797,3.2611711025238037,0.10246784906515227,0.06
20,sco_kcal,188,0.16134801506996155,0.027975186705589294,0.6213333219722954,0.9429402176098092,5.42408561706543,0.2903910279273987,0.053537323786660235,0.04
20,sco_kcal,189,0.09956715255975723,0.05954580008983612,0.5989424073193821,0.9380672888654038,10.905728340148926,0.2529923617839813,0.023198116979734573,0.1
20,sco_kcal,190,0.3899880647659302,0.003485113615170121,0.6627673452264846,0.9627506694560133,0.8857126832008362,0.2912496030330658,0.3288307919228754,0.24
20,sco_kcal,191,0.24791333079338074,0.03276219964027405,0.626077486880767,0.951149521189943,6.862946510314941,0.9996668100357056,0.14566146021001564,0.1
20,sco_kcal,192,0.1096777394413948,0.008808007463812828,0.6644184318484456,0.9679335260101041,2.025524616241455,0.09284674376249313,0.04583836849871452,0.02
20,sco_kcal,193,0.5434916019439697,0.03103242628276348,0.6455793180913878,0.9027722871007198,6.643394947052002,3.8499202728271484,0.5795109734572601,0.34
20,sco_kcal,194,0.13552752137184143,0.13311445713043213,0.6284682736555296,0.8940077328793246,27.468320846557617,3.876321792602539,0.1411197216697841,0.0
20,sco_kcal,195,0.10190404206514359,0.019906548783183098,0.6832936365157238,0.9670406270089227,4.623059272766113,0.09547366946935654,0.020651621326116334,0.1
20,sco_kcal,196,0.11092963069677353,0.017529983073472977,0.6498994611362006,0.9613323217143201,3.832568407058716,0.2800968289375305,0.07308332146704964,0.02
20,sco_kcal,197,0.21037767827510834,0.087444968521595,0.6443221035421192,0.9759999290507582,18.876558303833008,0.5027416348457336,0.02663311959488127,0.18
20,sco_kcal,198,0.0862518772482872,0.08101493120193481,0.615293908731273,0.9323426055512172,15.776174545288086,0.6302245259284973,0.03994786721707058,0.04
20,sco_kcal,199,0.043242741376161575,0.034746136516332626,0.6305990166025004,0.9485054194383231,7.564054012298584,0.057493023574352264,0.00760082139562633,0.1
20,sco_kcal,200,0.05976857244968414,0.02360520511865616,0.6551442644219754,0.9586264753318412,5.117589950561523,0.07239388674497604,0.014146089750124017,0.04
20,sco_kcal,201,0.4246804118156433,0.03575833886861801,0.633553759586023,0.9152433046151498,7.376894474029541,2.7836673259735107,0.3773494843627559,0.16
20,sco_kcal,202,0.44284123182296753,0.01757032610476017,0.649894680323561,0.9490164194788824,3.8938076496124268,0.7932354807853699,0.20371717151059715,0.4
20,sco_kcal,203,0.1060812920331955,0.07380488514900208,0.6350104433224109,0.9396825487523812,15.779659271240234,0.9459573030471802,0.059947891572745646,0.12
20,sco_kcal,204,0.34346580505371094,0.06465543061494827,0.5980600119520905,0.8779529741024032,12.218774795532227,3.2026891708374023,0.2621121368083861,0.14
20,sco_kcal,205,0.6976890563964844,0.015233815647661686,0.6692500986757899,0.8897767316676324,3.2350919246673584,2.6679372787475586,0.8246866985153393,0.5
20,sco_kcal,206,0.05302378535270691,0.046082768589258194,0.6338732934149565,0.960856132702069,9.61136531829834,0.07616842538118362,0.007924828872769242,0.08
20,sco_kcal,207,0.0959823802113533,0.014746289700269699,0.6394358747989346,0.944896377508387,3.2284979820251465,0.09709704667329788,0.030074990665594787,0.04
20,sco_kcal,208,0.3588639497756958,0.02187289670109749,0.6347174145778693,0.907521118372056,4.516391754150391,1.3273847103118896,0.29390380254150317,0.08
20,sco_kcal,209,0.08135363459587097,0.04453042894601822,0.5979478781544505,0.9663509807789588,8.139189720153809,0.036021944135427475,0.004425740813760851,0.06
20,sco_kcal,210,0.23033839464187622,0.3470577597618103,0.644161649571825,0.9790464565192276,74.66761016845703,1.743945598602295,0.023356119134759937,0.18
20,sco_kcal,211,0.15539804100990295,0.026197411119937897,0.618794464764876,0.9185159319541627,5.426570415496826,0.39681655168533325,0.07312474017698764,0.02
20,sco_kcal,212,0.14105169475078583,0.019367577508091927,0.6400160558481067,0.9344843217651926,4.091752529144287,0.19638025760650635,0.0479941678309601,0.06
20,sco_kcal,213,0.11186017096042633,0.011340341530740261,0.6376170350987127,0.956172202138025,2.5632174015045166,0.07415620237588882,0.028930906263495947,0.04
20,sco_kcal,214,0.22839778661727905,0.029519610106945038,0.6406600995603646,0.9304127054338911,6.519176483154297,1.2391767501831055,0.19008179229158267,0.04
20,sco_kcal,215,0.14997750520706177,0.012561875395476818,0.6393723403725293,0.9358678234291637,2.708479642868042,0.2881261110305786,0.10637927879180158,0.1
20,sco_kcal,216,0.640221118927002,0.022125517949461937,0.6437803907779944,0.9134785659392126,4.558300971984863,3.2250239849090576,0.707505714240882,0.54
20,sco_kcal,217,0.4177127182483673,0.028998879715800285,0.6054283400116098,0.9226335497111684,5.327603816986084,2.001924753189087,0.3757645692058254,0.14
20,sco_kcal,218,0.13193923234939575,0.047322772443294525,0.5928177144700328,0.9315906431224237,8.426799774169922,0.3418644964694977,0.04056872189100671,0.14
20,sco_kcal,219,0.1640699952840805,0.05416330322623253,0.608228125161242,0.9261655833818725,10.243456840515137,1.0504347085952759,0.10254689651647424,0.06
20,sco_kcal,220,0.08474896848201752,0.01809277944266796,0.6336218393666833,0.9744044003386605,3.775725841522217,0.15010695159435272,0.03975578680623586,0.08
20,sco_kcal,221,0.7135122418403625,0.013435057364404202,0.6829401989634445,0.9086416664326316,3.0590291023254395,2.6106345653533936,0.8534193294757538,0.54
20,sco_kcal,222,0.31013062596321106,0.018200566992163658,0.6428077735122242,0.9297183461690084,4.1316962242126465,0.8043893575668335,0.19468743922966442,0.2
20,sco_kcal,223,0.22191469371318817,0.02320346236228943,0.6216789662240267,0.9774009361977558,4.5569610595703125,0.5921058058738708,0.12993435715900148,0.1
20,sco_kcal,224,0.11114053428173065,0.019625451415777206,0.6456026070634291,0.9601637064186961,4.268490314483643,0.30975085496902466,0.0725668402990145,0.04
20,sco_kcal,225,0.2563663721084595,0.03779720887541771,0.6336990473396336,0.900327391006517,8.036484718322754,2.049060344696045,0.25496973073616347,0.06
20,sco_kcal,226,0.28727713227272034,0.05271153151988983,0.6383373161412835,0.9305176454245125,11.674579620361328,2.586003541946411,0.2215072084853685,0.08
20,sco_kcal,227,0.795028805732727,0.020306549966335297,0.685056816383298,0.927368170878289,4.631828308105469,5.252521991729736,1.134006194171335,0.28
20,sco_kcal,228,0.40521669387817383,0.012426508590579033,0.6396864208317339,0.9307661216326883,2.778385877609253,0.8079478144645691,0.2907975529877774,0.18
20,sco_kcal,229,0.12109910696744919,0.017110057175159454,0.6499268471448632,0.960951860300499,3.807732343673706,0.1711297482252121,0.04494269365060094,0.08
20,sco_kcal,230,0.3603096306324005,0.03803543373942375,0.5968203865314403,0.9139414912955519,6.878763198852539,2.061511516571045,0.29969217677313414,0.22
20,sco_kcal,231,0.3498733937740326,0.019542669877409935,0.6266543613775226,0.9303097021751896,4.064785480499268,1.2076923847198486,0.2971109768310604,0.12
20,sco_kcal,232,0.3696274161338806,0.029872722923755646,0.6211646329378298,0.9002122271654962,6.239247798919678,2.0303962230682373,0.3254232382659652,0.18
20,sco_kcal,233,0.34503671526908875,0.02928098849952221,0.621399643541366,0.9361588103459348,5.961878299713135,1.581040859222412,0.2651917365200974,0.1
20,sco_kcal,234,0.2550397217273712,0.014932354912161827,0.6337101165277652,0.9679819930397748,3.2948241233825684,0.1762077510356903,0.05348016902789639,0.12
20,sco_kcal,235,0.13297131657600403,0.02387780323624611,0.6595719549943093,0.9560191808584477,5.215426445007324,0.10509973764419556,0.020151705474593835,0.12
20,sco_kcal,236,0.07407287508249283,0.033107124269008636,0.6459055958070181,0.9698978242758418,7.148819923400879,0.16911156475543976,0.02365587139800117,0.04
20,sco_kcal,237,0.5693003535270691,0.033610016107559204,0.6339643830142174,0.9005842335302641,6.869174480438232,4.695533275604248,0.683565876653156,0.3
20,sco_kcal,238,0.5343103408813477,0.022694624960422516,0.6311576683354108,0.8890782722463813,4.619054317474365,2.3866159915924072,0.5166893107456194,0.28
20,sco_kcal,239,0.08962811529636383,0.049895480275154114,0.5935735324694984,0.9574998390564418,8.944704055786133,0.04082058370113373,0.004563659506960187,0.14
20,sco_kcal,240,0.17106516659259796,0.025834443047642708,0.6356046124249166,0.9394027860185974,5.487306118011475,0.5597863793373108,0.10201478964329583,0.04
20,sco_kcal,241,0.11057969182729721,0.026086602360010147,0.6360548601353864,0.9544587257412984,5.51030158996582,0.12951387465000153,0.023503953918936928,0.06
20,sco_kcal,242,0.11509636044502258,0.01642194576561451,0.633294946616499,0.9480778392626366,3.4840123653411865,0.1396794617176056,0.040091551656685036,0.08
20,sco_kcal,243,0.17573273181915283,0.009289736859500408,0.6397042474163293,0.9493284689957111,2.046682357788086,0.22376669943332672,0.10933142535862694,0.06
20,sco_kcal,244,0.3847576677799225,0.009101434610784054,0.6522281645344266,0.979947009077319,2.2799246311187744,0.055009737610816956,0.024127875483244948,0.4
20,sco_kcal,245,0.09951751679182053,0.017680875957012177,0.6391207793558833,0.9521690265032108,3.75276255607605,0.08553478866815567,0.022792486172531056,0.06
20,sco_kcal,246,0.6436024904251099,0.019897501915693283,0.6353068031581697,0.8974711002661135,3.912569761276245,2.9630513191223145,0.7573159074244324,0.38
20,sco_kcal,247,0.7965021729469299,0.015582351945340633,0.677533345163696,0.935460212443266,3.5388269424438477,3.930741548538208,1.1107470391936463,0.52
20,sco_kcal,248,0.42523306608200073,0.02502405270934105,0.6434018087073581,0.9041221790165708,5.415627479553223,1.8835417032241821,0.3477975009055775,0.18
20,sco_kcal,249,0.1679956167936325,0.014329159632325172,0.6496065440089176,0.9400453143011018,3.161975383758545,0.24800795316696167,0.0784344983964303,0.14
20,water_gsolv_eV,0,1.0000001192092896,0.0,0.6709418920579207,0.6709418920579207,,,,1.0
20,water_gsolv_eV,1,1.0000001192092896,0.0,0.6709418920579207,0.6709418920579207,,,,1.0
20,water_gsolv_eV,2,1.0000001192092896,0.0,0.6709418920579207,0.6709418920579207,,,,1.0
20,water_gsolv_eV,3,1.0000001192092896,0.0,0.6709418920579207,0.6709418920579207,,,,1.0
20,water_gsolv_eV,4,1.0000001192092896,0.0,0.6709418920579207,0.6709418920579207,,,,1.0
20,water_gsolv_eV,5,1.0000001192092896,0.0,0.6709418920579207,0.6709418920579207,,,,1.0
20,water_gsolv_eV,6,1.0000001192092896,0.0,0.6709418920579207,0.6709418920579207,,,,1.0
20,water_gsolv_eV,7,1.0000001192092896,0.0,0.6709418920579207,0.6709418920579207,,,,1.0
20,water_gsolv_eV,8,1.0000001192092896,0.0,0.6709418920579207,0.6709418920579207,,,,1.0
20,water_gsolv_eV,9,1.0000001192092896,0.0,0.6709418920579207,0.6709418920579207,,,,1.0
20,water_gsolv_eV,10,1.0000001192092896,0.0,0.6709418920579207,0.6709418920579207,,,,1.0
20,water_gsolv_eV,11,1.0000001192092896,0.0,0.6709418920579207,0.6709418920579207,,,,1.0
20,water_gsolv_eV,12,1.0000001192092896,0.0,0.6709418920579207,0.6709418920579207,,,,1.0
20,water_gsolv_eV,13,1.0000001192092896,0.0,0.6709418920579207,0.6709418920579207,,,,1.0
20,water_gsolv_eV,14,1.0000001192092896,0.0,0.6709418920579207,0.6709418920579207,,,,1.0
20,water_gsolv_eV,15,1.0000001192092896,0.0,0.6709418920579207,0.6709418920579207,,,,1.0
20,water_gsolv_eV,16,1.0000001192092896,0.0,0.6709418920579207,0.6709418920579207,,,,1.0
20,water_gsolv_eV,17,1.0000001192092896,0.0,0.6709418920579207,0.6709418920579207,,,,1.0
20,water_gsolv_eV,18,1.0000001192092896,0.0,0.6709418920579207,0.6709418920579207,,,,1.0
20,water_gsolv_eV,19,1.0000001192092896,0.0,0.6709418920579207,0.6709418920579207,,,,1.0
20,water_gsolv_eV,20,1.0000001192092896,0.0,0.6709418920579207,0.6709418920579207,,,,1.0
20,water_gsolv_eV,21,1.0000001192092896,0.0,0.6709418920579207,0.6709418920579207,,,,1.0
20,water_gsolv_eV,22,1.0000001192092896,0.0,0.6709418920579207,0.6709418920579207,,,,1.0
20,water_gsolv_eV,23,1.0000001192092896,0.0,0.6709418920579207,0.6709418920579207,,,,1.0
20,water_gsolv_eV,24,1.0000001192092896,0.0,0.6709418920579207,0.6709418920579207,,,,1.0
20,water_gsolv_eV,25,1.0000001192092896,0.0,0.6709418920579207,0.6709418920579207,,,,1.0
20,water_gsolv_eV,26,1.0000001192092896,0.0,0.6709418920579207,0.6709418920579207,,,,1.0
20,water_gsolv_eV,27,1.0000001192092896,0.0,0.6709418920579207,0.6709418920579207,,,,1.0
20,water_gsolv_eV,28,1.0000001192092896,0.0,0.6709418920579207,0.6709418920579207,,,,1.0
20,water_gsolv_eV,29,1.0000001192092896,0.0,0.6709418920579207,0.6709418920579207,,,,1.0
20,water_gsolv_eV,30,1.0000001192092896,0.0,0.6709418920579207,0.6709418920579207,,,,1.0
20,water_gsolv_eV,31,1.0000001192092896,0.0,0.6709418920579207,0.6709418920579207,,,,1.0
20,water_gsolv_eV,32,1.0000001192092896,0.0,0.6709418920579207,0.6709418920579207,,,,1.0
20,water_gsolv_eV,33,1.0000001192092896,0.0,0.6709418920579207,0.6709418920579207,,,,1.0
20,water_gsolv_eV,34,1.0000001192092896,0.0,0.6709418920579207,0.6709418920579207,,,,1.0
20,water_gsolv_eV,35,1.0000001192092896,0.0,0.6709418920579207,0.6709418920579207,,,,1.0
20,water_gsolv_eV,36,1.0000001192092896,0.0,0.6709418920579207,0.6709418920579207,,,,1.0
20,water_gsolv_eV,37,1.0000001192092896,0.0,0.6709418920579207,0.6709418920579207,,,,1.0
20,water_gsolv_eV,38,1.0000001192092896,0.0,0.6709418920579207,0.6709418920579207,,,,1.0
20,water_gsolv_eV,39,1.0000001192092896,0.0,0.6709418920579207,0.6709418920579207,,,,1.0
20,water_gsolv_eV,40,1.0000001192092896,0.0,0.6709418920579207,0.6709418920579207,,,,1.0
20,water_gsolv_eV,41,1.0000001192092896,0.0,0.6709418920579207,0.6709418920579207,,,,1.0
20,water_gsolv_eV,42,1.0000001192092896,0.0,0.6709418920579207,0.6709418920579207,,,,1.0
20,water_gsolv_eV,43,1.0000001192092896,0.0,0.6709418920579207,0.6709418920579207,,,,1.0
20,water_gsolv_eV,44,1.0000001192092896,0.0,0.6709418920579207,0.6709418920579207,,,,1.0
20,water_gsolv_eV,45,1.0000001192092896,0.0,0.6709418920579207,0.6709418920579207,,,,1.0
20,water_gsolv_eV,46,1.0000001192092896,0.0,0.6709418920579207,0.6709418920579207,,,,1.0
20,water_gsolv_eV,47,1.0000001192092896,0.0,0.6709418920579207,0.6709418920579207,,,,1.0
20,water_gsolv_eV,48,1.0000001192092896,0.0,0.6709418920579207,0.6709418920579207,,,,1.0
20,water_gsolv_eV,49,1.0000001192092896,0.0,0.6709418920579207,0.6709418920579207,,,,1.0
20,water_gsolv_eV,50,1.0000001192092896,0.0,0.6709418920579207,0.6709418920579207,,,,1.0
20,water_gsolv_eV,51,1.0000001192092896,0.0,0.6709418920579207,0.6709418920579207,,,,1.0
20,water_gsolv_eV,52,1.0000001192092896,0.0,0.6709418920579207,0.6709418920579207,,,,1.0
20,water_gsolv_eV,53,1.0000001192092896,0.0,0.6709418920579207,0.6709418920579207,,,,1.0
20,water_gsolv_eV,54,1.0000001192092896,0.0,0.6709418920579207,0.6709418920579207,,,,1.0
20,water_gsolv_eV,55,1.0000001192092896,0.0,0.6709418920579207,0.6709418920579207,,,,1.0
20,water_gsolv_eV,56,1.0000001192092896,0.0,0.6709418920579207,0.6709418920579207,,,,1.0
20,water_gsolv_eV,57,1.0000001192092896,0.0,0.6709418920579207,0.6709418920579207,,,,1.0
20,water_gsolv_eV,58,1.0000001192092896,0.0,0.6709418920579207,0.6709418920579207,,,,1.0
20,water_gsolv_eV,59,1.0000001192092896,0.0,0.6709418920579207,0.6709418920579207,,,,1.0
20,water_gsolv_eV,60,1.0000001192092896,0.0,0.6709418920579207,0.6709418920579207,,,,1.0
20,water_gsolv_eV,61,1.0000001192092896,0.0,0.6709418920579207,0.6709418920579207,,,,1.0
20,water_gsolv_eV,62,1.0000001192092896,0.0,0.6709418920579207,0.6709418920579207,,,,1.0
20,water_gsolv_eV,63,1.0000001192092896,0.0,0.6709418920579207,0.6709418920579207,,,,1.0
20,water_gsolv_eV,64,1.0000001192092896,0.0,0.6709418920579207,0.6709418920579207,,,,1.0
20,water_gsolv_eV,65,1.0000001192092896,0.0,0.6709418920579207,0.6709418920579207,,,,1.0
20,water_gsolv_eV,66,1.0000001192092896,0.0,0.6709418920579207,0.6709418920579207,,,,1.0
20,water_gsolv_eV,67,1.0000001192092896,0.0,0.6709418920579207,0.6709418920579207,,,,1.0
20,water_gsolv_eV,68,1.0000001192092896,0.0,0.6709418920579207,0.6709418920579207,,,,1.0
20,water_gsolv_eV,69,1.0000001192092896,0.0,0.6709418920579207,0.6709418920579207,,,,1.0
20,water_gsolv_eV,70,1.0000001192092896,0.0,0.6709418920579207,0.6709418920579207,,,,1.0
20,water_gsolv_eV,71,1.0000001192092896,0.0,0.6709418920579207,0.6709418920579207,,,,1.0
20,water_gsolv_eV,72,1.0000001192092896,0.0,0.6709418920579207,0.6709418920579207,,,,1.0
20,water_gsolv_eV,73,1.0000001192092896,0.0,0.6709418920579207,0.6709418920579207,,,,1.0
20,water_gsolv_eV,74,1.0000001192092896,0.0,0.6709418920579207,0.6709418920579207,,,,1.0
20,water_gsolv_eV,75,1.0000001192092896,0.0,0.6709418920579207,0.6709418920579207,,,,1.0
20,water_gsolv_eV,76,1.0000001192092896,0.0,0.6709418920579207,0.6709418920579207,,,,1.0
20,water_gsolv_eV,77,1.0000001192092896,0.0,0.6709418920579207,0.6709418920579207,,,,1.0
20,water_gsolv_eV,78,1.0000001192092896,0.0,0.6709418920579207,0.6709418920579207,,,,1.0
20,water_gsolv_eV,79,1.0000001192092896,0.0,0.6709418920579207,0.6709418920579207,,,,1.0
20,water_gsolv_eV,80,1.0000001192092896,0.0,0.6709418920579207,0.6709418920579207,,,,1.0
20,water_gsolv_eV,81,1.0000001192092896,0.0,0.6709418920579207,0.6709418920579207,,,,1.0
20,water_gsolv_eV,82,1.0000001192092896,0.0,0.6709418920579207,0.6709418920579207,,,,1.0
20,water_gsolv_eV,83,1.0000001192092896,0.0,0.6709418920579207,0.6709418920579207,,,,1.0
20,water_gsolv_eV,84,1.0000001192092896,0.0,0.6709418920579207,0.6709418920579207,,,,1.0
20,water_gsolv_eV,85,1.0000001192092896,0.0,0.6709418920579207,0.6709418920579207,,,,1.0
20,water_gsolv_eV,86,1.0000001192092896,0.0,0.6709418920579207,0.6709418920579207,,,,1.0
20,water_gsolv_eV,87,1.0000001192092896,0.0,0.6709418920579207,0.6709418920579207,,,,1.0
20,water_gsolv_eV,88,1.0000001192092896,0.0,0.6709418920579207,0.6709418920579207,,,,1.0
20,water_gsolv_eV,89,1.0000001192092896,0.0,0.6709418920579207,0.6709418920579207,,,,1.0
20,water_gsolv_eV,90,1.0000001192092896,0.0,0.6709418920579207,0.6709418920579207,,,,1.0
20,water_gsolv_eV,91,1.0000001192092896,0.0,0.6709418920579207,0.6709418920579207,,,,1.0
20,water_gsolv_eV,92,1.0000001192092896,0.0,0.6709418920579207,0.6709418920579207,,,,1.0
20,water_gsolv_eV,93,1.0000001192092896,0.0,0.6709418920579207,0.6709418920579207,,,,1.0
20,water_gsolv_eV,94,1.0000001192092896,0.0,0.6709418920579207,0.6709418920579207,,,,1.0
20,water_gsolv_eV,95,1.0000001192092896,0.0,0.6709418920579207,0.6709418920579207,,,,1.0
20,water_gsolv_eV,96,1.0000001192092896,0.0,0.6709418920579207,0.6709418920579207,,,,1.0
20,water_gsolv_eV,97,1.0000001192092896,0.0,0.6709418920579207,0.6709418920579207,,,,1.0
20,water_gsolv_eV,98,1.0000001192092896,0.0,0.6709418920579207,0.6709418920579207,,,,1.0
20,water_gsolv_eV,99,1.0000001192092896,0.0,0.6709418920579207,0.6709418920579207,,,,1.0
20,water_gsolv_eV,100,1.0000001192092896,0.0,0.6709418920579207,0.6709418920579207,,,,1.0
20,water_gsolv_eV,101,1.0000001192092896,0.0,0.6709418920579207,0.6709418920579207,,,,1.0
20,water_gsolv_eV,102,1.0000001192092896,0.0,0.6709418920579207,0.6709418920579207,,,,1.0
20,water_gsolv_eV,103,1.0000001192092896,0.0,0.6709418920579207,0.6709418920579207,,,,1.0
20,water_gsolv_eV,104,1.0000001192092896,0.0,0.6709418920579207,0.6709418920579207,,,,1.0
20,water_gsolv_eV,105,1.0000001192092896,0.0,0.6709418920579207,0.6709418920579207,,,,1.0
20,water_gsolv_eV,106,1.0000001192092896,0.0,0.6709418920579207,0.6709418920579207,,,,1.0
20,water_gsolv_eV,107,1.0000001192092896,0.0,0.6709418920579207,0.6709418920579207,,,,1.0
20,water_gsolv_eV,108,1.0000001192092896,0.0,0.6709418920579207,0.6709418920579207,,,,1.0
20,water_gsolv_eV,109,1.0000001192092896,0.0,0.6709418920579207,0.6709418920579207,,,,1.0
20,water_gsolv_eV,110,1.0000001192092896,0.0,0.6709418920579207,0.6709418920579207,,,,1.0
20,water_gsolv_eV,111,1.0000001192092896,0.0,0.6709418920579207,0.6709418920579207,,,,1.0
20,water_gsolv_eV,112,1.0000001192092896,0.0,0.6709418920579207,0.6709418920579207,,,,1.0
20,water_gsolv_eV,113,1.0000001192092896,0.0,0.6709418920579207,0.6709418920579207,,,,1.0
20,water_gsolv_eV,114,1.0000001192092896,0.0,0.6709418920579207,0.6709418920579207,,,,1.0
20,water_gsolv_eV,115,1.0000001192092896,0.0,0.6709418920579207,0.6709418920579207,,,,1.0
20,water_gsolv_eV,116,1.0000001192092896,0.0,0.6709418920579207,0.6709418920579207,,,,1.0
20,water_gsolv_eV,117,1.0000001192092896,0.0,0.6709418920579207,0.6709418920579207,,,,1.0
20,water_gsolv_eV,118,1.0000001192092896,0.0,0.6709418920579207,0.6709418920579207,,,,1.0
20,water_gsolv_eV,119,1.0000001192092896,0.0,0.6709418920579207,0.6709418920579207,,,,1.0
20,water_gsolv_eV,120,1.0000001192092896,0.0,0.6709418920579207,0.6709418920579207,,,,1.0
20,water_gsolv_eV,121,1.0000001192092896,0.0,0.6709418920579207,0.6709418920579207,,,,1.0
20,water_gsolv_eV,122,1.0000001192092896,0.0,0.6709418920579207,0.6709418920579207,,,,1.0
20,water_gsolv_eV,123,1.0000001192092896,0.0,0.6709418920579207,0.6709418920579207,,,,1.0
20,water_gsolv_eV,124,1.0000001192092896,0.0,0.6709418920579207,0.6709418920579207,,,,1.0
20,water_gsolv_eV,125,1.0000001192092896,0.0,0.6709418920579207,0.6709418920579207,,,,1.0
20,water_gsolv_eV,126,1.0000001192092896,0.0,0.6709418920579207,0.6709418920579207,,,,1.0
20,water_gsolv_eV,127,1.0000001192092896,0.0,0.6709418920579207,0.6709418920579207,,,,1.0
20,water_gsolv_eV,128,1.0000001192092896,0.0,0.6709418920579207,0.6709418920579207,,,,1.0
20,water_gsolv_eV,129,1.0000001192092896,0.0,0.6709418920579207,0.6709418920579207,,,,1.0
20,water_gsolv_eV,130,1.0000001192092896,0.0,0.6709418920579207,0.6709418920579207,,,,1.0
20,water_gsolv_eV,131,1.0000001192092896,0.0,0.6709418920579207,0.6709418920579207,,,,1.0
20,water_gsolv_eV,132,1.0000001192092896,0.0,0.6709418920579207,0.6709418920579207,,,,1.0
20,water_gsolv_eV,133,1.0000001192092896,0.0,0.6709418920579207,0.6709418920579207,,,,1.0
20,water_gsolv_eV,134,1.0000001192092896,0.0,0.6709418920579207,0.6709418920579207,,,,1.0
20,water_gsolv_eV,135,1.0000001192092896,0.0,0.6709418920579207,0.6709418920579207,,,,1.0
20,water_gsolv_eV,136,1.0000001192092896,0.0,0.6709418920579207,0.6709418920579207,,,,1.0
20,water_gsolv_eV,137,1.0000001192092896,0.0,0.6709418920579207,0.6709418920579207,,,,1.0
20,water_gsolv_eV,138,1.0000001192092896,0.0,0.6709418920579207,0.6709418920579207,,,,1.0
20,water_gsolv_eV,139,1.0000001192092896,0.0,0.6709418920579207,0.6709418920579207,,,,1.0
20,water_gsolv_eV,140,1.0000001192092896,0.0,0.6709418920579207,0.6709418920579207,,,,1.0
20,water_gsolv_eV,141,1.0000001192092896,0.0,0.6709418920579207,0.6709418920579207,,,,1.0
20,water_gsolv_eV,142,1.0000001192092896,0.0,0.6709418920579207,0.6709418920579207,,,,1.0
20,water_gsolv_eV,143,1.0000001192092896,0.0,0.6709418920579207,0.6709418920579207,,,,1.0
20,water_gsolv_eV,144,1.0000001192092896,0.0,0.6709418920579207,0.6709418920579207,,,,1.0
20,water_gsolv_eV,145,1.0000001192092896,0.0,0.6709418920579207,0.6709418920579207,,,,1.0
20,water_gsolv_eV,146,1.0000001192092896,0.0,0.6709418920579207,0.6709418920579207,,,,1.0
20,water_gsolv_eV,147,1.0000001192092896,0.0,0.6709418920579207,0.6709418920579207,,,,1.0
20,water_gsolv_eV,148,1.0000001192092896,0.0,0.6709418920579207,0.6709418920579207,,,,1.0
20,water_gsolv_eV,149,1.0000001192092896,0.0,0.6709418920579207,0.6709418920579207,,,,1.0
20,water_gsolv_eV,150,1.0000001192092896,0.0,0.6709418920579207,0.6709418920579207,,,,1.0
20,water_gsolv_eV,151,1.0000001192092896,0.0,0.6709418920579207,0.6709418920579207,,,,1.0
20,water_gsolv_eV,152,1.0000001192092896,0.0,0.6709418920579207,0.6709418920579207,,,,1.0
20,water_gsolv_eV,153,1.0000001192092896,0.0,0.6709418920579207,0.6709418920579207,,,,1.0
20,water_gsolv_eV,154,1.0000001192092896,0.0,0.6709418920579207,0.6709418920579207,,,,1.0
20,water_gsolv_eV,155,1.0000001192092896,0.0,0.6709418920579207,0.6709418920579207,,,,1.0
20,water_gsolv_eV,156,1.0000001192092896,0.0,0.6709418920579207,0.6709418920579207,,,,1.0
20,water_gsolv_eV,157,1.0000001192092896,0.0,0.6709418920579207,0.6709418920579207,,,,1.0
20,water_gsolv_eV,158,1.0000001192092896,0.0,0.6709418920579207,0.6709418920579207,,,,1.0
20,water_gsolv_eV,159,1.0000001192092896,0.0,0.6709418920579207,0.6709418920579207,,,,1.0
20,water_gsolv_eV,160,1.0000001192092896,0.0,0.6709418920579207,0.6709418920579207,,,,1.0
20,water_gsolv_eV,161,1.0000001192092896,0.0,0.6709418920579207,0.6709418920579207,,,,1.0
20,water_gsolv_eV,162,1.0000001192092896,0.0,0.6709418920579207,0.6709418920579207,,,,1.0
20,water_gsolv_eV,163,1.0000001192092896,0.0,0.6709418920579207,0.6709418920579207,,,,1.0
20,water_gsolv_eV,164,1.0000001192092896,0.0,0.6709418920579207,0.6709418920579207,,,,1.0
20,water_gsolv_eV,165,1.0000001192092896,0.0,0.6709418920579207,0.6709418920579207,,,,1.0
20,water_gsolv_eV,166,1.0000001192092896,0.0,0.6709418920579207,0.6709418920579207,,,,1.0
20,water_gsolv_eV,167,1.0000001192092896,0.0,0.6709418920579207,0.6709418920579207,,,,1.0
20,water_gsolv_eV,168,1.0000001192092896,0.0,0.6709418920579207,0.6709418920579207,,,,1.0
20,water_gsolv_eV,169,1.0000001192092896,0.0,0.6709418920579207,0.6709418920579207,,,,1.0
20,water_gsolv_eV,170,1.0000001192092896,0.0,0.6709418920579207,0.6709418920579207,,,,1.0
20,water_gsolv_eV,171,1.0000001192092896,0.0,0.6709418920579207,0.6709418920579207,,,,1.0
20,water_gsolv_eV,172,1.0000001192092896,0.0,0.6709418920579207,0.6709418920579207,,,,1.0
20,water_gsolv_eV,173,1.0000001192092896,0.0,0.6709418920579207,0.6709418920579207,,,,1.0
20,water_gsolv_eV,174,1.0000001192092896,0.0,0.6709418920579207,0.6709418920579207,,,,1.0
20,water_gsolv_eV,175,1.0000001192092896,0.0,0.6709418920579207,0.6709418920579207,,,,1.0
20,water_gsolv_eV,176,1.0000001192092896,0.0,0.6709418920579207,0.6709418920579207,,,,1.0
20,water_gsolv_eV,177,1.0000001192092896,0.0,0.6709418920579207,0.6709418920579207,,,,1.0
20,water_gsolv_eV,178,1.0000001192092896,0.0,0.6709418920579207,0.6709418920579207,,,,1.0
20,water_gsolv_eV,179,1.0000001192092896,0.0,0.6709418920579207,0.6709418920579207,,,,1.0
20,water_gsolv_eV,180,1.0000001192092896,0.0,0.6709418920579207,0.6709418920579207,,,,1.0
20,water_gsolv_eV,181,1.0000001192092896,0.0,0.6709418920579207,0.6709418920579207,,,,1.0
20,water_gsolv_eV,182,1.0000001192092896,0.0,0.6709418920579207,0.6709418920579207,,,,1.0
20,water_gsolv_eV,183,1.0000001192092896,0.0,0.6709418920579207,0.6709418920579207,,,,1.0
20,water_gsolv_eV,184,1.0000001192092896,0.0,0.6709418920579207,0.6709418920579207,,,,1.0
20,water_gsolv_eV,185,1.0000001192092896,0.0,0.6709418920579207,0.6709418920579207,,,,1.0
20,water_gsolv_eV,186,1.0000001192092896,0.0,0.6709418920579207,0.6709418920579207,,,,1.0
20,water_gsolv_eV,187,1.0000001192092896,0.0,0.6709418920579207,0.6709418920579207,,,,1.0
20,water_gsolv_eV,188,1.0000001192092896,0.0,0.6709418920579207,0.6709418920579207,,,,1.0
20,water_gsolv_eV,189,1.0000001192092896,0.0,0.6709418920579207,0.6709418920579207,,,,1.0
20,water_gsolv_eV,190,1.0000001192092896,0.0,0.6709418920579207,0.6709418920579207,,,,1.0
20,water_gsolv_eV,191,1.0000001192092896,0.0,0.6709418920579207,0.6709418920579207,,,,1.0
20,water_gsolv_eV,192,1.0000001192092896,0.0,0.6709418920579207,0.6709418920579207,,,,1.0
20,water_gsolv_eV,193,1.0000001192092896,0.0,0.6709418920579207,0.6709418920579207,,,,1.0
20,water_gsolv_eV,194,1.0000001192092896,0.0,0.6709418920579207,0.6709418920579207,,,,1.0
20,water_gsolv_eV,195,1.0000001192092896,0.0,0.6709418920579207,0.6709418920579207,,,,1.0
20,water_gsolv_eV,196,1.0000001192092896,0.0,0.6709418920579207,0.6709418920579207,,,,1.0
20,water_gsolv_eV,197,1.0000001192092896,0.0,0.6709418920579207,0.6709418920579207,,,,1.0
20,water_gsolv_eV,198,1.0000001192092896,0.0,0.6709418920579207,0.6709418920579207,,,,1.0
20,water_gsolv_eV,199,1.0000001192092896,0.0,0.6709418920579207,0.6709418920579207,,,,1.0
20,water_gsolv_eV,200,1.0000001192092896,0.0,0.6709418920579207,0.6709418920579207,,,,1.0
20,water_gsolv_eV,201,1.0000001192092896,0.0,0.6709418920579207,0.6709418920579207,,,,1.0
20,water_gsolv_eV,202,1.0000001192092896,0.0,0.6709418920579207,0.6709418920579207,,,,1.0
20,water_gsolv_eV,203,1.0000001192092896,0.0,0.6709418920579207,0.6709418920579207,,,,1.0
20,water_gsolv_eV,204,1.0000001192092896,0.0,0.6709418920579207,0.6709418920579207,,,,1.0
20,water_gsolv_eV,205,1.0000001192092896,0.0,0.6709418920579207,0.6709418920579207,,,,1.0
20,water_gsolv_eV,206,1.0000001192092896,0.0,0.6709418920579207,0.6709418920579207,,,,1.0
20,water_gsolv_eV,207,1.0000001192092896,0.0,0.6709418920579207,0.6709418920579207,,,,1.0
20,water_gsolv_eV,208,1.0000001192092896,0.0,0.6709418920579207,0.6709418920579207,,,,1.0
20,water_gsolv_eV,209,1.0000001192092896,0.0,0.6709418920579207,0.6709418920579207,,,,1.0
20,water_gsolv_eV,210,1.0000001192092896,0.0,0.6709418920579207,0.6709418920579207,,,,1.0
20,water_gsolv_eV,211,1.0000001192092896,0.0,0.6709418920579207,0.6709418920579207,,,,1.0
20,water_gsolv_eV,212,1.0000001192092896,0.0,0.6709418920579207,0.6709418920579207,,,,1.0
20,water_gsolv_eV,213,1.0000001192092896,0.0,0.6709418920579207,0.6709418920579207,,,,1.0
20,water_gsolv_eV,214,1.0000001192092896,0.0,0.6709418920579207,0.6709418920579207,,,,1.0
20,water_gsolv_eV,215,1.0000001192092896,0.0,0.6709418920579207,0.6709418920579207,,,,1.0
20,water_gsolv_eV,216,1.0000001192092896,0.0,0.6709418920579207,0.6709418920579207,,,,1.0
20,water_gsolv_eV,217,1.0000001192092896,0.0,0.6709418920579207,0.6709418920579207,,,,1.0
20,water_gsolv_eV,218,1.0000001192092896,0.0,0.6709418920579207,0.6709418920579207,,,,1.0
20,water_gsolv_eV,219,1.0000001192092896,0.0,0.6709418920579207,0.6709418920579207,,,,1.0
20,water_gsolv_eV,220,1.0000001192092896,0.0,0.6709418920579207,0.6709418920579207,,,,1.0
20,water_gsolv_eV,221,1.0000001192092896,0.0,0.6709418920579207,0.6709418920579207,,,,1.0
20,water_gsolv_eV,222,1.0000001192092896,0.0,0.6709418920579207,0.6709418920579207,,,,1.0
20,water_gsolv_eV,223,1.0000001192092896,0.0,0.6709418920579207,0.6709418920579207,,,,1.0
20,water_gsolv_eV,224,1.0000001192092896,0.0,0.6709418920579207,0.6709418920579207,,,,1.0
20,water_gsolv_eV,225,1.0000001192092896,0.0,0.6709418920579207,0.6709418920579207,,,,1.0
20,water_gsolv_eV,226,1.0000001192092896,0.0,0.6709418920579207,0.6709418920579207,,,,1.0
20,water_gsolv_eV,227,1.0000001192092896,0.0,0.6709418920579207,0.6709418920579207,,,,1.0
20,water_gsolv_eV,228,1.0000001192092896,0.0,0.6709418920579207,0.6709418920579207,,,,1.0
20,water_gsolv_eV,229,1.0000001192092896,0.0,0.6709418920579207,0.6709418920579207,,,,1.0
20,water_gsolv_eV,230,1.0000001192092896,0.0,0.6709418920579207,0.6709418920579207,,,,1.0
20,water_gsolv_eV,231,1.0000001192092896,0.0,0.6709418920579207,0.6709418920579207,,,,1.0
20,water_gsolv_eV,232,1.0000001192092896,0.0,0.6709418920579207,0.6709418920579207,,,,1.0
20,water_gsolv_eV,233,1.0000001192092896,0.0,0.6709418920579207,0.6709418920579207,,,,1.0
20,water_gsolv_eV,234,1.0000001192092896,0.0,0.6709418920579207,0.6709418920579207,,,,1.0
20,water_gsolv_eV,235,1.0000001192092896,0.0,0.6709418920579207,0.6709418920579207,,,,1.0
20,water_gsolv_eV,236,1.0000001192092896,0.0,0.6709418920579207,0.6709418920579207,,,,1.0
20,water_gsolv_eV,237,1.0000001192092896,0.0,0.6709418920579207,0.6709418920579207,,,,1.0
20,water_gsolv_eV,238,1.0000001192092896,0.0,0.6709418920579207,0.6709418920579207,,,,1.0
20,water_gsolv_eV,239,1.0000001192092896,0.0,0.6709418920579207,0.6709418920579207,,,,1.0
20,water_gsolv_eV,240,1.0000001192092896,0.0,0.6709418920579207,0.6709418920579207,,,,1.0
20,water_gsolv_eV,241,1.0000001192092896,0.0,0.6709418920579207,0.6709418920579207,,,,1.0
20,water_gsolv_eV,242,1.0000001192092896,0.0,0.6709418920579207,0.6709418920579207,,,,1.0
20,water_gsolv_eV,243,1.0000001192092896,0.0,0.6709418920579207,0.6709418920579207,,,,1.0
20,water_gsolv_eV,244,1.0000001192092896,0.0,0.6709418920579207,0.6709418920579207,,,,1.0
20,water_gsolv_eV,245,1.0000001192092896,0.0,0.6709418920579207,0.6709418920579207,,,,1.0
20,water_gsolv_eV,246,1.0000001192092896,0.0,0.6709418920579207,0.6709418920579207,,,,1.0
20,water_gsolv_eV,247,1.0000001192092896,0.0,0.6709418920579207,0.6709418920579207,,,,1.0
20,water_gsolv_eV,248,1.0000001192092896,0.0,0.6709418920579207,0.6709418920579207,,,,1.0
20,water_gsolv_eV,249,1.0000001192092896,0.0,0.6709418920579207,0.6709418920579207,,,,1.0
20,water_hl_gap_eV,0,0.9999998807907104,0.0,0.7081595363590343,0.7081595363590343,,,,1.0
20,water_hl_gap_eV,1,0.9999998807907104,0.0,0.7081595363590343,0.7081595363590343,,,,1.0
20,water_hl_gap_eV,2,0.9999998807907104,0.0,0.7081595363590343,0.7081595363590343,,,,1.0
20,water_hl_gap_eV,3,0.9999998807907104,0.0,0.7081595363590343,0.7081595363590343,,,,1.0
20,water_hl_gap_eV,4,0.9999998807907104,0.0,0.7081595363590343,0.7081595363590343,,,,1.0
20,water_hl_gap_eV,5,0.9999998807907104,0.0,0.7081595363590343,0.7081595363590343,,,,1.0
20,water_hl_gap_eV,6,0.9999998807907104,0.0,0.7081595363590343,0.7081595363590343,,,,1.0
20,water_hl_gap_eV,7,0.9999998807907104,0.0,0.7081595363590343,0.7081595363590343,,,,1.0
20,water_hl_gap_eV,8,0.9999998807907104,0.0,0.7081595363590343,0.7081595363590343,,,,1.0
20,water_hl_gap_eV,9,0.9999998807907104,0.0,0.7081595363590343,0.7081595363590343,,,,1.0
20,water_hl_gap_eV,10,0.9999998807907104,0.0,0.7081595363590343,0.7081595363590343,,,,1.0
20,water_hl_gap_eV,11,0.9999998807907104,0.0,0.7081595363590343,0.7081595363590343,,,,1.0
20,water_hl_gap_eV,12,0.9999998807907104,0.0,0.7081595363590343,0.7081595363590343,,,,1.0
20,water_hl_gap_eV,13,0.9999998807907104,0.0,0.7081595363590343,0.7081595363590343,,,,1.0
20,water_hl_gap_eV,14,0.9999998807907104,0.0,0.7081595363590343,0.7081595363590343,,,,1.0
20,water_hl_gap_eV,15,0.9999998807907104,0.0,0.7081595363590343,0.7081595363590343,,,,1.0
20,water_hl_gap_eV,16,0.9999998807907104,0.0,0.7081595363590343,0.7081595363590343,,,,1.0
20,water_hl_gap_eV,17,0.9999998807907104,0.0,0.7081595363590343,0.7081595363590343,,,,1.0
20,water_hl_gap_eV,18,0.9999998807907104,0.0,0.7081595363590343,0.7081595363590343,,,,1.0
20,water_hl_gap_eV,19,0.9999998807907104,0.0,0.7081595363590343,0.7081595363590343,,,,1.0
20,water_hl_gap_eV,20,0.9999998807907104,0.0,0.7081595363590343,0.7081595363590343,,,,1.0
20,water_hl_gap_eV,21,0.9999998807907104,0.0,0.7081595363590343,0.7081595363590343,,,,1.0
20,water_hl_gap_eV,22,0.9999998807907104,0.0,0.7081595363590343,0.7081595363590343,,,,1.0
20,water_hl_gap_eV,23,0.9999998807907104,0.0,0.7081595363590343,0.7081595363590343,,,,1.0
20,water_hl_gap_eV,24,0.9999998807907104,0.0,0.7081595363590343,0.7081595363590343,,,,1.0
20,water_hl_gap_eV,25,0.9999998807907104,0.0,0.7081595363590343,0.7081595363590343,,,,1.0
20,water_hl_gap_eV,26,0.9999998807907104,0.0,0.7081595363590343,0.7081595363590343,,,,1.0
20,water_hl_gap_eV,27,0.9999998807907104,0.0,0.7081595363590343,0.7081595363590343,,,,1.0
20,water_hl_gap_eV,28,0.9999998807907104,0.0,0.7081595363590343,0.7081595363590343,,,,1.0
20,water_hl_gap_eV,29,0.9999998807907104,0.0,0.7081595363590343,0.7081595363590343,,,,1.0
20,water_hl_gap_eV,30,0.9999998807907104,0.0,0.7081595363590343,0.7081595363590343,,,,1.0
20,water_hl_gap_eV,31,0.9999998807907104,0.0,0.7081595363590343,0.7081595363590343,,,,1.0
20,water_hl_gap_eV,32,0.9999998807907104,0.0,0.7081595363590343,0.7081595363590343,,,,1.0
20,water_hl_gap_eV,33,0.9999998807907104,0.0,0.7081595363590343,0.7081595363590343,,,,1.0
20,water_hl_gap_eV,34,0.9999998807907104,0.0,0.7081595363590343,0.7081595363590343,,,,1.0
20,water_hl_gap_eV,35,0.9999998807907104,0.0,0.7081595363590343,0.7081595363590343,,,,1.0
20,water_hl_gap_eV,36,0.9999998807907104,0.0,0.7081595363590343,0.7081595363590343,,,,1.0
20,water_hl_gap_eV,37,0.9999998807907104,0.0,0.7081595363590343,0.7081595363590343,,,,1.0
20,water_hl_gap_eV,38,0.9999998807907104,0.0,0.7081595363590343,0.7081595363590343,,,,1.0
20,water_hl_gap_eV,39,0.9999998807907104,0.0,0.7081595363590343,0.7081595363590343,,,,1.0
20,water_hl_gap_eV,40,0.9999998807907104,0.0,0.7081595363590343,0.7081595363590343,,,,1.0
20,water_hl_gap_eV,41,0.9999998807907104,0.0,0.7081595363590343,0.7081595363590343,,,,1.0
20,water_hl_gap_eV,42,0.9999998807907104,0.0,0.7081595363590343,0.7081595363590343,,,,1.0
20,water_hl_gap_eV,43,0.9999998807907104,0.0,0.7081595363590343,0.7081595363590343,,,,1.0
20,water_hl_gap_eV,44,0.9999998807907104,0.0,0.7081595363590343,0.7081595363590343,,,,1.0
20,water_hl_gap_eV,45,0.9999998807907104,0.0,0.7081595363590343,0.7081595363590343,,,,1.0
20,water_hl_gap_eV,46,0.9999998807907104,0.0,0.7081595363590343,0.7081595363590343,,,,1.0
20,water_hl_gap_eV,47,0.9999998807907104,0.0,0.7081595363590343,0.7081595363590343,,,,1.0
20,water_hl_gap_eV,48,0.9999998807907104,0.0,0.7081595363590343,0.7081595363590343,,,,1.0
20,water_hl_gap_eV,49,0.9999998807907104,0.0,0.7081595363590343,0.7081595363590343,,,,1.0
20,water_hl_gap_eV,50,0.9999998807907104,0.0,0.7081595363590343,0.7081595363590343,,,,1.0
20,water_hl_gap_eV,51,0.9999998807907104,0.0,0.7081595363590343,0.7081595363590343,,,,1.0
20,water_hl_gap_eV,52,0.9999998807907104,0.0,0.7081595363590343,0.7081595363590343,,,,1.0
20,water_hl_gap_eV,53,0.9999998807907104,0.0,0.7081595363590343,0.7081595363590343,,,,1.0
20,water_hl_gap_eV,54,0.9999998807907104,0.0,0.7081595363590343,0.7081595363590343,,,,1.0
20,water_hl_gap_eV,55,0.9999998807907104,0.0,0.7081595363590343,0.7081595363590343,,,,1.0
20,water_hl_gap_eV,56,0.9999998807907104,0.0,0.7081595363590343,0.7081595363590343,,,,1.0
20,water_hl_gap_eV,57,0.9999998807907104,0.0,0.7081595363590343,0.7081595363590343,,,,1.0
20,water_hl_gap_eV,58,0.9999998807907104,0.0,0.7081595363590343,0.7081595363590343,,,,1.0
20,water_hl_gap_eV,59,0.9999998807907104,0.0,0.7081595363590343,0.7081595363590343,,,,1.0
20,water_hl_gap_eV,60,0.9999998807907104,0.0,0.7081595363590343,0.7081595363590343,,,,1.0
20,water_hl_gap_eV,61,0.9999998807907104,0.0,0.7081595363590343,0.7081595363590343,,,,1.0
20,water_hl_gap_eV,62,0.9999998807907104,0.0,0.7081595363590343,0.7081595363590343,,,,1.0
20,water_hl_gap_eV,63,0.9999998807907104,0.0,0.7081595363590343,0.7081595363590343,,,,1.0
20,water_hl_gap_eV,64,0.9999998807907104,0.0,0.7081595363590343,0.7081595363590343,,,,1.0
20,water_hl_gap_eV,65,0.9999998807907104,0.0,0.7081595363590343,0.7081595363590343,,,,1.0
20,water_hl_gap_eV,66,0.9999998807907104,0.0,0.7081595363590343,0.7081595363590343,,,,1.0
20,water_hl_gap_eV,67,0.9999998807907104,0.0,0.7081595363590343,0.7081595363590343,,,,1.0
20,water_hl_gap_eV,68,0.9999998807907104,0.0,0.7081595363590343,0.7081595363590343,,,,1.0
20,water_hl_gap_eV,69,0.9999998807907104,0.0,0.7081595363590343,0.7081595363590343,,,,1.0
20,water_hl_gap_eV,70,0.9999998807907104,0.0,0.7081595363590343,0.7081595363590343,,,,1.0
20,water_hl_gap_eV,71,0.9999998807907104,0.0,0.7081595363590343,0.7081595363590343,,,,1.0
20,water_hl_gap_eV,72,0.9999998807907104,0.0,0.7081595363590343,0.7081595363590343,,,,1.0
20,water_hl_gap_eV,73,0.9999998807907104,0.0,0.7081595363590343,0.7081595363590343,,,,1.0
20,water_hl_gap_eV,74,0.9999998807907104,0.0,0.7081595363590343,0.7081595363590343,,,,1.0
20,water_hl_gap_eV,75,0.9999998807907104,0.0,0.7081595363590343,0.7081595363590343,,,,1.0
20,water_hl_gap_eV,76,0.9999998807907104,0.0,0.7081595363590343,0.7081595363590343,,,,1.0
20,water_hl_gap_eV,77,0.9999998807907104,0.0,0.7081595363590343,0.7081595363590343,,,,1.0
20,water_hl_gap_eV,78,0.9999998807907104,0.0,0.7081595363590343,0.7081595363590343,,,,1.0
20,water_hl_gap_eV,79,0.9999998807907104,0.0,0.7081595363590343,0.7081595363590343,,,,1.0
20,water_hl_gap_eV,80,0.9999998807907104,0.0,0.7081595363590343,0.7081595363590343,,,,1.0
20,water_hl_gap_eV,81,0.9999998807907104,0.0,0.7081595363590343,0.7081595363590343,,,,1.0
20,water_hl_gap_eV,82,0.9999998807907104,0.0,0.7081595363590343,0.7081595363590343,,,,1.0
20,water_hl_gap_eV,83,0.9999998807907104,0.0,0.7081595363590343,0.7081595363590343,,,,1.0
20,water_hl_gap_eV,84,0.9999998807907104,0.0,0.7081595363590343,0.7081595363590343,,,,1.0
20,water_hl_gap_eV,85,0.9999998807907104,0.0,0.7081595363590343,0.7081595363590343,,,,1.0
20,water_hl_gap_eV,86,0.9999998807907104,0.0,0.7081595363590343,0.7081595363590343,,,,1.0
20,water_hl_gap_eV,87,0.9999998807907104,0.0,0.7081595363590343,0.7081595363590343,,,,1.0
20,water_hl_gap_eV,88,0.9999998807907104,0.0,0.7081595363590343,0.7081595363590343,,,,1.0
20,water_hl_gap_eV,89,0.9999998807907104,0.0,0.7081595363590343,0.7081595363590343,,,,1.0
20,water_hl_gap_eV,90,0.9999998807907104,0.0,0.7081595363590343,0.7081595363590343,,,,1.0
20,water_hl_gap_eV,91,0.9999998807907104,0.0,0.7081595363590343,0.7081595363590343,,,,1.0
20,water_hl_gap_eV,92,0.9999998807907104,0.0,0.7081595363590343,0.7081595363590343,,,,1.0
20,water_hl_gap_eV,93,0.9999998807907104,0.0,0.7081595363590343,0.7081595363590343,,,,1.0
20,water_hl_gap_eV,94,0.9999998807907104,0.0,0.7081595363590343,0.7081595363590343,,,,1.0
20,water_hl_gap_eV,95,0.9999998807907104,0.0,0.7081595363590343,0.7081595363590343,,,,1.0
20,water_hl_gap_eV,96,0.9999998807907104,0.0,0.7081595363590343,0.7081595363590343,,,,1.0
20,water_hl_gap_eV,97,0.9999998807907104,0.0,0.7081595363590343,0.7081595363590343,,,,1.0
20,water_hl_gap_eV,98,0.9999998807907104,0.0,0.7081595363590343,0.7081595363590343,,,,1.0
20,water_hl_gap_eV,99,0.9999998807907104,0.0,0.7081595363590343,0.7081595363590343,,,,1.0
20,water_hl_gap_eV,100,0.9999998807907104,0.0,0.7081595363590343,0.7081595363590343,,,,1.0
20,water_hl_gap_eV,101,0.9999998807907104,0.0,0.7081595363590343,0.7081595363590343,,,,1.0
20,water_hl_gap_eV,102,0.9999998807907104,0.0,0.7081595363590343,0.7081595363590343,,,,1.0
20,water_hl_gap_eV,103,0.9999998807907104,0.0,0.7081595363590343,0.7081595363590343,,,,1.0
20,water_hl_gap_eV,104,0.9999998807907104,0.0,0.7081595363590343,0.7081595363590343,,,,1.0
20,water_hl_gap_eV,105,0.9999998807907104,0.0,0.7081595363590343,0.7081595363590343,,,,1.0
20,water_hl_gap_eV,106,0.9999998807907104,0.0,0.7081595363590343,0.7081595363590343,,,,1.0
20,water_hl_gap_eV,107,0.9999998807907104,0.0,0.7081595363590343,0.7081595363590343,,,,1.0
20,water_hl_gap_eV,108,0.9999998807907104,0.0,0.7081595363590343,0.7081595363590343,,,,1.0
20,water_hl_gap_eV,109,0.9999998807907104,0.0,0.7081595363590343,0.7081595363590343,,,,1.0
20,water_hl_gap_eV,110,0.9999998807907104,0.0,0.7081595363590343,0.7081595363590343,,,,1.0
20,water_hl_gap_eV,111,0.9999998807907104,0.0,0.7081595363590343,0.7081595363590343,,,,1.0
20,water_hl_gap_eV,112,0.9999998807907104,0.0,0.7081595363590343,0.7081595363590343,,,,1.0
20,water_hl_gap_eV,113,0.9999998807907104,0.0,0.7081595363590343,0.7081595363590343,,,,1.0
20,water_hl_gap_eV,114,0.9999998807907104,0.0,0.7081595363590343,0.7081595363590343,,,,1.0
20,water_hl_gap_eV,115,0.9999998807907104,0.0,0.7081595363590343,0.7081595363590343,,,,1.0
20,water_hl_gap_eV,116,0.9999998807907104,0.0,0.7081595363590343,0.7081595363590343,,,,1.0
20,water_hl_gap_eV,117,0.9999998807907104,0.0,0.7081595363590343,0.7081595363590343,,,,1.0
20,water_hl_gap_eV,118,0.9999998807907104,0.0,0.7081595363590343,0.7081595363590343,,,,1.0
20,water_hl_gap_eV,119,0.9999998807907104,0.0,0.7081595363590343,0.7081595363590343,,,,1.0
20,water_hl_gap_eV,120,0.9999998807907104,0.0,0.7081595363590343,0.7081595363590343,,,,1.0
20,water_hl_gap_eV,121,0.9999998807907104,0.0,0.7081595363590343,0.7081595363590343,,,,1.0
20,water_hl_gap_eV,122,0.9999998807907104,0.0,0.7081595363590343,0.7081595363590343,,,,1.0
20,water_hl_gap_eV,123,0.9999998807907104,0.0,0.7081595363590343,0.7081595363590343,,,,1.0
20,water_hl_gap_eV,124,0.9999998807907104,0.0,0.7081595363590343,0.7081595363590343,,,,1.0
20,water_hl_gap_eV,125,0.9999998807907104,0.0,0.7081595363590343,0.7081595363590343,,,,1.0
20,water_hl_gap_eV,126,0.9999998807907104,0.0,0.7081595363590343,0.7081595363590343,,,,1.0
20,water_hl_gap_eV,127,0.9999998807907104,0.0,0.7081595363590343,0.7081595363590343,,,,1.0
20,water_hl_gap_eV,128,0.9999998807907104,0.0,0.7081595363590343,0.7081595363590343,,,,1.0
20,water_hl_gap_eV,129,0.9999998807907104,0.0,0.7081595363590343,0.7081595363590343,,,,1.0
20,water_hl_gap_eV,130,0.9999998807907104,0.0,0.7081595363590343,0.7081595363590343,,,,1.0
20,water_hl_gap_eV,131,0.9999998807907104,0.0,0.7081595363590343,0.7081595363590343,,,,1.0
20,water_hl_gap_eV,132,0.9999998807907104,0.0,0.7081595363590343,0.7081595363590343,,,,1.0
20,water_hl_gap_eV,133,0.9999998807907104,0.0,0.7081595363590343,0.7081595363590343,,,,1.0
20,water_hl_gap_eV,134,0.9999998807907104,0.0,0.7081595363590343,0.7081595363590343,,,,1.0
20,water_hl_gap_eV,135,0.9999998807907104,0.0,0.7081595363590343,0.7081595363590343,,,,1.0
20,water_hl_gap_eV,136,0.9999998807907104,0.0,0.7081595363590343,0.7081595363590343,,,,1.0
20,water_hl_gap_eV,137,0.9999998807907104,0.0,0.7081595363590343,0.7081595363590343,,,,1.0
20,water_hl_gap_eV,138,0.9999998807907104,0.0,0.7081595363590343,0.7081595363590343,,,,1.0
20,water_hl_gap_eV,139,0.9999998807907104,0.0,0.7081595363590343,0.7081595363590343,,,,1.0
20,water_hl_gap_eV,140,0.9999998807907104,0.0,0.7081595363590343,0.7081595363590343,,,,1.0
20,water_hl_gap_eV,141,0.9999998807907104,0.0,0.7081595363590343,0.7081595363590343,,,,1.0
20,water_hl_gap_eV,142,0.9999998807907104,0.0,0.7081595363590343,0.7081595363590343,,,,1.0
20,water_hl_gap_eV,143,0.9999998807907104,0.0,0.7081595363590343,0.7081595363590343,,,,1.0
20,water_hl_gap_eV,144,0.9999998807907104,0.0,0.7081595363590343,0.7081595363590343,,,,1.0
20,water_hl_gap_eV,145,0.9999998807907104,0.0,0.7081595363590343,0.7081595363590343,,,,1.0
20,water_hl_gap_eV,146,0.9999998807907104,0.0,0.7081595363590343,0.7081595363590343,,,,1.0
20,water_hl_gap_eV,147,0.9999998807907104,0.0,0.7081595363590343,0.7081595363590343,,,,1.0
20,water_hl_gap_eV,148,0.9999998807907104,0.0,0.7081595363590343,0.7081595363590343,,,,1.0
20,water_hl_gap_eV,149,0.9999998807907104,0.0,0.7081595363590343,0.7081595363590343,,,,1.0
20,water_hl_gap_eV,150,0.9999998807907104,0.0,0.7081595363590343,0.7081595363590343,,,,1.0
20,water_hl_gap_eV,151,0.9999998807907104,0.0,0.7081595363590343,0.7081595363590343,,,,1.0
20,water_hl_gap_eV,152,0.9999998807907104,0.0,0.7081595363590343,0.7081595363590343,,,,1.0
20,water_hl_gap_eV,153,0.9999998807907104,0.0,0.7081595363590343,0.7081595363590343,,,,1.0
20,water_hl_gap_eV,154,0.9999998807907104,0.0,0.7081595363590343,0.7081595363590343,,,,1.0
20,water_hl_gap_eV,155,0.9999998807907104,0.0,0.7081595363590343,0.7081595363590343,,,,1.0
20,water_hl_gap_eV,156,0.9999998807907104,0.0,0.7081595363590343,0.7081595363590343,,,,1.0
20,water_hl_gap_eV,157,0.9999998807907104,0.0,0.7081595363590343,0.7081595363590343,,,,1.0
20,water_hl_gap_eV,158,0.9999998807907104,0.0,0.7081595363590343,0.7081595363590343,,,,1.0
20,water_hl_gap_eV,159,0.9999998807907104,0.0,0.7081595363590343,0.7081595363590343,,,,1.0
20,water_hl_gap_eV,160,0.9999998807907104,0.0,0.7081595363590343,0.7081595363590343,,,,1.0
20,water_hl_gap_eV,161,0.9999998807907104,0.0,0.7081595363590343,0.7081595363590343,,,,1.0
20,water_hl_gap_eV,162,0.9999998807907104,0.0,0.7081595363590343,0.7081595363590343,,,,1.0
20,water_hl_gap_eV,163,0.9999998807907104,0.0,0.7081595363590343,0.7081595363590343,,,,1.0
20,water_hl_gap_eV,164,0.9999998807907104,0.0,0.7081595363590343,0.7081595363590343,,,,1.0
20,water_hl_gap_eV,165,0.9999998807907104,0.0,0.7081595363590343,0.7081595363590343,,,,1.0
20,water_hl_gap_eV,166,0.9999998807907104,0.0,0.7081595363590343,0.7081595363590343,,,,1.0
20,water_hl_gap_eV,167,0.9999998807907104,0.0,0.7081595363590343,0.7081595363590343,,,,1.0
20,water_hl_gap_eV,168,0.9999998807907104,0.0,0.7081595363590343,0.7081595363590343,,,,1.0
20,water_hl_gap_eV,169,0.9999998807907104,0.0,0.7081595363590343,0.7081595363590343,,,,1.0
20,water_hl_gap_eV,170,0.9999998807907104,0.0,0.7081595363590343,0.7081595363590343,,,,1.0
20,water_hl_gap_eV,171,0.9999998807907104,0.0,0.7081595363590343,0.7081595363590343,,,,1.0
20,water_hl_gap_eV,172,0.9999998807907104,0.0,0.7081595363590343,0.7081595363590343,,,,1.0
20,water_hl_gap_eV,173,0.9999998807907104,0.0,0.7081595363590343,0.7081595363590343,,,,1.0
20,water_hl_gap_eV,174,0.9999998807907104,0.0,0.7081595363590343,0.7081595363590343,,,,1.0
20,water_hl_gap_eV,175,0.9999998807907104,0.0,0.7081595363590343,0.7081595363590343,,,,1.0
20,water_hl_gap_eV,176,0.9999998807907104,0.0,0.7081595363590343,0.7081595363590343,,,,1.0
20,water_hl_gap_eV,177,0.9999998807907104,0.0,0.7081595363590343,0.7081595363590343,,,,1.0
20,water_hl_gap_eV,178,0.9999998807907104,0.0,0.7081595363590343,0.7081595363590343,,,,1.0
20,water_hl_gap_eV,179,0.9999998807907104,0.0,0.7081595363590343,0.7081595363590343,,,,1.0
20,water_hl_gap_eV,180,0.9999998807907104,0.0,0.7081595363590343,0.7081595363590343,,,,1.0
20,water_hl_gap_eV,181,0.9999998807907104,0.0,0.7081595363590343,0.7081595363590343,,,,1.0
20,water_hl_gap_eV,182,0.9999998807907104,0.0,0.7081595363590343,0.7081595363590343,,,,1.0
20,water_hl_gap_eV,183,0.9999998807907104,0.0,0.7081595363590343,0.7081595363590343,,,,1.0
20,water_hl_gap_eV,184,0.9999998807907104,0.0,0.7081595363590343,0.7081595363590343,,,,1.0
20,water_hl_gap_eV,185,0.9999998807907104,0.0,0.7081595363590343,0.7081595363590343,,,,1.0
20,water_hl_gap_eV,186,0.9999998807907104,0.0,0.7081595363590343,0.7081595363590343,,,,1.0
20,water_hl_gap_eV,187,0.9999998807907104,0.0,0.7081595363590343,0.7081595363590343,,,,1.0
20,water_hl_gap_eV,188,0.9999998807907104,0.0,0.7081595363590343,0.7081595363590343,,,,1.0
20,water_hl_gap_eV,189,0.9999998807907104,0.0,0.7081595363590343,0.7081595363590343,,,,1.0
20,water_hl_gap_eV,190,0.9999998807907104,0.0,0.7081595363590343,0.7081595363590343,,,,1.0
20,water_hl_gap_eV,191,0.9999998807907104,0.0,0.7081595363590343,0.7081595363590343,,,,1.0
20,water_hl_gap_eV,192,0.9999998807907104,0.0,0.7081595363590343,0.7081595363590343,,,,1.0
20,water_hl_gap_eV,193,0.9999998807907104,0.0,0.7081595363590343,0.7081595363590343,,,,1.0
20,water_hl_gap_eV,194,0.9999998807907104,0.0,0.7081595363590343,0.7081595363590343,,,,1.0
20,water_hl_gap_eV,195,0.9999998807907104,0.0,0.7081595363590343,0.7081595363590343,,,,1.0
20,water_hl_gap_eV,196,0.9999998807907104,0.0,0.7081595363590343,0.7081595363590343,,,,1.0
20,water_hl_gap_eV,197,0.9999998807907104,0.0,0.7081595363590343,0.7081595363590343,,,,1.0
20,water_hl_gap_eV,198,0.9999998807907104,0.0,0.7081595363590343,0.7081595363590343,,,,1.0
20,water_hl_gap_eV,199,0.9999998807907104,0.0,0.7081595363590343,0.7081595363590343,,,,1.0
20,water_hl_gap_eV,200,0.9999998807907104,0.0,0.7081595363590343,0.7081595363590343,,,,1.0
20,water_hl_gap_eV,201,0.9999998807907104,0.0,0.7081595363590343,0.7081595363590343,,,,1.0
20,water_hl_gap_eV,202,0.9999998807907104,0.0,0.7081595363590343,0.7081595363590343,,,,1.0
20,water_hl_gap_eV,203,0.9999998807907104,0.0,0.7081595363590343,0.7081595363590343,,,,1.0
20,water_hl_gap_eV,204,0.9999998807907104,0.0,0.7081595363590343,0.7081595363590343,,,,1.0
20,water_hl_gap_eV,205,0.9999998807907104,0.0,0.7081595363590343,0.7081595363590343,,,,1.0
20,water_hl_gap_eV,206,0.9999998807907104,0.0,0.7081595363590343,0.7081595363590343,,,,1.0
20,water_hl_gap_eV,207,0.9999998807907104,0.0,0.7081595363590343,0.7081595363590343,,,,1.0
20,water_hl_gap_eV,208,0.9999998807907104,0.0,0.7081595363590343,0.7081595363590343,,,,1.0
20,water_hl_gap_eV,209,0.9999998807907104,0.0,0.7081595363590343,0.7081595363590343,,,,1.0
20,water_hl_gap_eV,210,0.9999998807907104,0.0,0.7081595363590343,0.7081595363590343,,,,1.0
20,water_hl_gap_eV,211,0.9999998807907104,0.0,0.7081595363590343,0.7081595363590343,,,,1.0
20,water_hl_gap_eV,212,0.9999998807907104,0.0,0.7081595363590343,0.7081595363590343,,,,1.0
20,water_hl_gap_eV,213,0.9999998807907104,0.0,0.7081595363590343,0.7081595363590343,,,,1.0
20,water_hl_gap_eV,214,0.9999998807907104,0.0,0.7081595363590343,0.7081595363590343,,,,1.0
20,water_hl_gap_eV,215,0.9999998807907104,0.0,0.7081595363590343,0.7081595363590343,,,,1.0
20,water_hl_gap_eV,216,0.9999998807907104,0.0,0.7081595363590343,0.7081595363590343,,,,1.0
20,water_hl_gap_eV,217,0.9999998807907104,0.0,0.7081595363590343,0.7081595363590343,,,,1.0
20,water_hl_gap_eV,218,0.9999998807907104,0.0,0.7081595363590343,0.7081595363590343,,,,1.0
20,water_hl_gap_eV,219,0.9999998807907104,0.0,0.7081595363590343,0.7081595363590343,,,,1.0
20,water_hl_gap_eV,220,0.9999998807907104,0.0,0.7081595363590343,0.7081595363590343,,,,1.0
20,water_hl_gap_eV,221,0.9999998807907104,0.0,0.7081595363590343,0.7081595363590343,,,,1.0
20,water_hl_gap_eV,222,0.9999998807907104,0.0,0.7081595363590343,0.7081595363590343,,,,1.0
20,water_hl_gap_eV,223,0.9999998807907104,0.0,0.7081595363590343,0.7081595363590343,,,,1.0
20,water_hl_gap_eV,224,0.9999998807907104,0.0,0.7081595363590343,0.7081595363590343,,,,1.0
20,water_hl_gap_eV,225,0.9999998807907104,0.0,0.7081595363590343,0.7081595363590343,,,,1.0
20,water_hl_gap_eV,226,0.9999998807907104,0.0,0.7081595363590343,0.7081595363590343,,,,1.0
20,water_hl_gap_eV,227,0.9999998807907104,0.0,0.7081595363590343,0.7081595363590343,,,,1.0
20,water_hl_gap_eV,228,0.9999998807907104,0.0,0.7081595363590343,0.7081595363590343,,,,1.0
20,water_hl_gap_eV,229,0.9999998807907104,0.0,0.7081595363590343,0.7081595363590343,,,,1.0
20,water_hl_gap_eV,230,0.9999998807907104,0.0,0.7081595363590343,0.7081595363590343,,,,1.0
20,water_hl_gap_eV,231,0.9999998807907104,0.0,0.7081595363590343,0.7081595363590343,,,,1.0
20,water_hl_gap_eV,232,0.9999998807907104,0.0,0.7081595363590343,0.7081595363590343,,,,1.0
20,water_hl_gap_eV,233,0.9999998807907104,0.0,0.7081595363590343,0.7081595363590343,,,,1.0
20,water_hl_gap_eV,234,0.9999998807907104,0.0,0.7081595363590343,0.7081595363590343,,,,1.0
20,water_hl_gap_eV,235,0.9999998807907104,0.0,0.7081595363590343,0.7081595363590343,,,,1.0
20,water_hl_gap_eV,236,0.9999998807907104,0.0,0.7081595363590343,0.7081595363590343,,,,1.0
20,water_hl_gap_eV,237,0.9999998807907104,0.0,0.7081595363590343,0.7081595363590343,,,,1.0
20,water_hl_gap_eV,238,0.9999998807907104,0.0,0.7081595363590343,0.7081595363590343,,,,1.0
20,water_hl_gap_eV,239,0.9999998807907104,0.0,0.7081595363590343,0.7081595363590343,,,,1.0
20,water_hl_gap_eV,240,0.9999998807907104,0.0,0.7081595363590343,0.7081595363590343,,,,1.0
20,water_hl_gap_eV,241,0.9999998807907104,0.0,0.7081595363590343,0.7081595363590343,,,,1.0
20,water_hl_gap_eV,242,0.9999998807907104,0.0,0.7081595363590343,0.7081595363590343,,,,1.0
20,water_hl_gap_eV,243,0.9999998807907104,0.0,0.7081595363590343,0.7081595363590343,,,,1.0
20,water_hl_gap_eV,244,0.9999998807907104,0.0,0.7081595363590343,0.7081595363590343,,,,1.0
20,water_hl_gap_eV,245,0.9999998807907104,0.0,0.7081595363590343,0.7081595363590343,,,,1.0
20,water_hl_gap_eV,246,0.9999998807907104,0.0,0.7081595363590343,0.7081595363590343,,,,1.0
20,water_hl_gap_eV,247,0.9999998807907104,0.0,0.7081595363590343,0.7081595363590343,,,,1.0
20,water_hl_gap_eV,248,0.9999998807907104,0.0,0.7081595363590343,0.7081595363590343,,,,1.0
20,water_hl_gap_eV,249,0.9999998807907104,0.0,0.7081595363590343,0.7081595363590343,,,,1.0
20,water_dipole,0,0.9999998807907104,0.0,0.6090233346523521,0.6090233346523521,,,,1.0
20,water_dipole,1,0.9999998807907104,0.0,0.6090233346523521,0.6090233346523521,,,,1.0
20,water_dipole,2,0.9999998807907104,0.0,0.6090233346523521,0.6090233346523521,,,,1.0
20,water_dipole,3,0.9999998807907104,0.0,0.6090233346523521,0.6090233346523521,,,,1.0
20,water_dipole,4,0.9999998807907104,0.0,0.6090233346523521,0.6090233346523521,,,,1.0
20,water_dipole,5,0.9999998807907104,0.0,0.6090233346523521,0.6090233346523521,,,,1.0
20,water_dipole,6,0.9999998807907104,0.0,0.6090233346523521,0.6090233346523521,,,,1.0
20,water_dipole,7,0.9999998807907104,0.0,0.6090233346523521,0.6090233346523521,,,,1.0
20,water_dipole,8,0.9999998807907104,0.0,0.6090233346523521,0.6090233346523521,,,,1.0
20,water_dipole,9,0.9999998807907104,0.0,0.6090233346523521,0.6090233346523521,,,,1.0
20,water_dipole,10,0.9999998807907104,0.0,0.6090233346523521,0.6090233346523521,,,,1.0
20,water_dipole,11,0.9999998807907104,0.0,0.6090233346523521,0.6090233346523521,,,,1.0
20,water_dipole,12,0.9999998807907104,0.0,0.6090233346523521,0.6090233346523521,,,,1.0
20,water_dipole,13,0.9999998807907104,0.0,0.6090233346523521,0.6090233346523521,,,,1.0
20,water_dipole,14,0.9999998807907104,0.0,0.6090233346523521,0.6090233346523521,,,,1.0
20,water_dipole,15,0.9999998807907104,0.0,0.6090233346523521,0.6090233346523521,,,,1.0
20,water_dipole,16,0.9999998807907104,0.0,0.6090233346523521,0.6090233346523521,,,,1.0
20,water_dipole,17,0.9999998807907104,0.0,0.6090233346523521,0.6090233346523521,,,,1.0
20,water_dipole,18,0.9999998807907104,0.0,0.6090233346523521,0.6090233346523521,,,,1.0
20,water_dipole,19,0.9999998807907104,0.0,0.6090233346523521,0.6090233346523521,,,,1.0
20,water_dipole,20,0.9999998807907104,0.0,0.6090233346523521,0.6090233346523521,,,,1.0
20,water_dipole,21,0.9999998807907104,0.0,0.6090233346523521,0.6090233346523521,,,,1.0
20,water_dipole,22,0.9999998807907104,0.0,0.6090233346523521,0.6090233346523521,,,,1.0
20,water_dipole,23,0.9999998807907104,0.0,0.6090233346523521,0.6090233346523521,,,,1.0
20,water_dipole,24,0.9999998807907104,0.0,0.6090233346523521,0.6090233346523521,,,,1.0
20,water_dipole,25,0.9999998807907104,0.0,0.6090233346523521,0.6090233346523521,,,,1.0
20,water_dipole,26,0.9999998807907104,0.0,0.6090233346523521,0.6090233346523521,,,,1.0
20,water_dipole,27,0.9999998807907104,0.0,0.6090233346523521,0.6090233346523521,,,,1.0
20,water_dipole,28,0.9999998807907104,0.0,0.6090233346523521,0.6090233346523521,,,,1.0
20,water_dipole,29,0.9999998807907104,0.0,0.6090233346523521,0.6090233346523521,,,,1.0
20,water_dipole,30,0.9999998807907104,0.0,0.6090233346523521,0.6090233346523521,,,,1.0
20,water_dipole,31,0.9999998807907104,0.0,0.6090233346523521,0.6090233346523521,,,,1.0
20,water_dipole,32,0.9999998807907104,0.0,0.6090233346523521,0.6090233346523521,,,,1.0
20,water_dipole,33,0.9999998807907104,0.0,0.6090233346523521,0.6090233346523521,,,,1.0
20,water_dipole,34,0.9999998807907104,0.0,0.6090233346523521,0.6090233346523521,,,,1.0
20,water_dipole,35,0.9999998807907104,0.0,0.6090233346523521,0.6090233346523521,,,,1.0
20,water_dipole,36,0.9999998807907104,0.0,0.6090233346523521,0.6090233346523521,,,,1.0
20,water_dipole,37,0.9999998807907104,0.0,0.6090233346523521,0.6090233346523521,,,,1.0
20,water_dipole,38,0.9999998807907104,0.0,0.6090233346523521,0.6090233346523521,,,,1.0
20,water_dipole,39,0.9999998807907104,0.0,0.6090233346523521,0.6090233346523521,,,,1.0
20,water_dipole,40,0.9999998807907104,0.0,0.6090233346523521,0.6090233346523521,,,,1.0
20,water_dipole,41,0.9999998807907104,0.0,0.6090233346523521,0.6090233346523521,,,,1.0
20,water_dipole,42,0.9999998807907104,0.0,0.6090233346523521,0.6090233346523521,,,,1.0
20,water_dipole,43,0.9999998807907104,0.0,0.6090233346523521,0.6090233346523521,,,,1.0
20,water_dipole,44,0.9999998807907104,0.0,0.6090233346523521,0.6090233346523521,,,,1.0
20,water_dipole,45,0.9999998807907104,0.0,0.6090233346523521,0.6090233346523521,,,,1.0
20,water_dipole,46,0.9999998807907104,0.0,0.6090233346523521,0.6090233346523521,,,,1.0
20,water_dipole,47,0.9999998807907104,0.0,0.6090233346523521,0.6090233346523521,,,,1.0
20,water_dipole,48,0.9999998807907104,0.0,0.6090233346523521,0.6090233346523521,,,,1.0
20,water_dipole,49,0.9999998807907104,0.0,0.6090233346523521,0.6090233346523521,,,,1.0
20,water_dipole,50,0.9999998807907104,0.0,0.6090233346523521,0.6090233346523521,,,,1.0
20,water_dipole,51,0.9999998807907104,0.0,0.6090233346523521,0.6090233346523521,,,,1.0
20,water_dipole,52,0.9999998807907104,0.0,0.6090233346523521,0.6090233346523521,,,,1.0
20,water_dipole,53,0.9999998807907104,0.0,0.6090233346523521,0.6090233346523521,,,,1.0
20,water_dipole,54,0.9999998807907104,0.0,0.6090233346523521,0.6090233346523521,,,,1.0
20,water_dipole,55,0.9999998807907104,0.0,0.6090233346523521,0.6090233346523521,,,,1.0
20,water_dipole,56,0.9999998807907104,0.0,0.6090233346523521,0.6090233346523521,,,,1.0
20,water_dipole,57,0.9999998807907104,0.0,0.6090233346523521,0.6090233346523521,,,,1.0
20,water_dipole,58,0.9999998807907104,0.0,0.6090233346523521,0.6090233346523521,,,,1.0
20,water_dipole,59,0.9999998807907104,0.0,0.6090233346523521,0.6090233346523521,,,,1.0
20,water_dipole,60,0.9999998807907104,0.0,0.6090233346523521,0.6090233346523521,,,,1.0
20,water_dipole,61,0.9999998807907104,0.0,0.6090233346523521,0.6090233346523521,,,,1.0
20,water_dipole,62,0.9999998807907104,0.0,0.6090233346523521,0.6090233346523521,,,,1.0
20,water_dipole,63,0.9999998807907104,0.0,0.6090233346523521,0.6090233346523521,,,,1.0
20,water_dipole,64,0.9999998807907104,0.0,0.6090233346523521,0.6090233346523521,,,,1.0
20,water_dipole,65,0.9999998807907104,0.0,0.6090233346523521,0.6090233346523521,,,,1.0
20,water_dipole,66,0.9999998807907104,0.0,0.6090233346523521,0.6090233346523521,,,,1.0
20,water_dipole,67,0.9999998807907104,0.0,0.6090233346523521,0.6090233346523521,,,,1.0
20,water_dipole,68,0.9999998807907104,0.0,0.6090233346523521,0.6090233346523521,,,,1.0
20,water_dipole,69,0.9999998807907104,0.0,0.6090233346523521,0.6090233346523521,,,,1.0
20,water_dipole,70,0.9999998807907104,0.0,0.6090233346523521,0.6090233346523521,,,,1.0
20,water_dipole,71,0.9999998807907104,0.0,0.6090233346523521,0.6090233346523521,,,,1.0
20,water_dipole,72,0.9999998807907104,0.0,0.6090233346523521,0.6090233346523521,,,,1.0
20,water_dipole,73,0.9999998807907104,0.0,0.6090233346523521,0.6090233346523521,,,,1.0
20,water_dipole,74,0.9999998807907104,0.0,0.6090233346523521,0.6090233346523521,,,,1.0
20,water_dipole,75,0.9999998807907104,0.0,0.6090233346523521,0.6090233346523521,,,,1.0
20,water_dipole,76,0.9999998807907104,0.0,0.6090233346523521,0.6090233346523521,,,,1.0
20,water_dipole,77,0.9999998807907104,0.0,0.6090233346523521,0.6090233346523521,,,,1.0
20,water_dipole,78,0.9999998807907104,0.0,0.6090233346523521,0.6090233346523521,,,,1.0
20,water_dipole,79,0.9999998807907104,0.0,0.6090233346523521,0.6090233346523521,,,,1.0
20,water_dipole,80,0.9999998807907104,0.0,0.6090233346523521,0.6090233346523521,,,,1.0
20,water_dipole,81,0.9999998807907104,0.0,0.6090233346523521,0.6090233346523521,,,,1.0
20,water_dipole,82,0.9999998807907104,0.0,0.6090233346523521,0.6090233346523521,,,,1.0
20,water_dipole,83,0.9999998807907104,0.0,0.6090233346523521,0.6090233346523521,,,,1.0
20,water_dipole,84,0.9999998807907104,0.0,0.6090233346523521,0.6090233346523521,,,,1.0
20,water_dipole,85,0.9999998807907104,0.0,0.6090233346523521,0.6090233346523521,,,,1.0
20,water_dipole,86,0.9999998807907104,0.0,0.6090233346523521,0.6090233346523521,,,,1.0
20,water_dipole,87,0.9999998807907104,0.0,0.6090233346523521,0.6090233346523521,,,,1.0
20,water_dipole,88,0.9999998807907104,0.0,0.6090233346523521,0.6090233346523521,,,,1.0
20,water_dipole,89,0.9999998807907104,0.0,0.6090233346523521,0.6090233346523521,,,,1.0
20,water_dipole,90,0.9999998807907104,0.0,0.6090233346523521,0.6090233346523521,,,,1.0
20,water_dipole,91,0.9999998807907104,0.0,0.6090233346523521,0.6090233346523521,,,,1.0
20,water_dipole,92,0.9999998807907104,0.0,0.6090233346523521,0.6090233346523521,,,,1.0
20,water_dipole,93,0.9999998807907104,0.0,0.6090233346523521,0.6090233346523521,,,,1.0
20,water_dipole,94,0.9999998807907104,0.0,0.6090233346523521,0.6090233346523521,,,,1.0
20,water_dipole,95,0.9999998807907104,0.0,0.6090233346523521,0.6090233346523521,,,,1.0
20,water_dipole,96,0.9999998807907104,0.0,0.6090233346523521,0.6090233346523521,,,,1.0
20,water_dipole,97,0.9999998807907104,0.0,0.6090233346523521,0.6090233346523521,,,,1.0
20,water_dipole,98,0.9999998807907104,0.0,0.6090233346523521,0.6090233346523521,,,,1.0
20,water_dipole,99,0.9999998807907104,0.0,0.6090233346523521,0.6090233346523521,,,,1.0
20,water_dipole,100,0.9999998807907104,0.0,0.6090233346523521,0.6090233346523521,,,,1.0
20,water_dipole,101,0.9999998807907104,0.0,0.6090233346523521,0.6090233346523521,,,,1.0
20,water_dipole,102,0.9999998807907104,0.0,0.6090233346523521,0.6090233346523521,,,,1.0
20,water_dipole,103,0.9999998807907104,0.0,0.6090233346523521,0.6090233346523521,,,,1.0
20,water_dipole,104,0.9999998807907104,0.0,0.6090233346523521,0.6090233346523521,,,,1.0
20,water_dipole,105,0.9999998807907104,0.0,0.6090233346523521,0.6090233346523521,,,,1.0
20,water_dipole,106,0.9999998807907104,0.0,0.6090233346523521,0.6090233346523521,,,,1.0
20,water_dipole,107,0.9999998807907104,0.0,0.6090233346523521,0.6090233346523521,,,,1.0
20,water_dipole,108,0.9999998807907104,0.0,0.6090233346523521,0.6090233346523521,,,,1.0
20,water_dipole,109,0.9999998807907104,0.0,0.6090233346523521,0.6090233346523521,,,,1.0
20,water_dipole,110,0.9999998807907104,0.0,0.6090233346523521,0.6090233346523521,,,,1.0
20,water_dipole,111,0.9999998807907104,0.0,0.6090233346523521,0.6090233346523521,,,,1.0
20,water_dipole,112,0.9999998807907104,0.0,0.6090233346523521,0.6090233346523521,,,,1.0
20,water_dipole,113,0.9999998807907104,0.0,0.6090233346523521,0.6090233346523521,,,,1.0
20,water_dipole,114,0.9999998807907104,0.0,0.6090233346523521,0.6090233346523521,,,,1.0
20,water_dipole,115,0.9999998807907104,0.0,0.6090233346523521,0.6090233346523521,,,,1.0
20,water_dipole,116,0.9999998807907104,0.0,0.6090233346523521,0.6090233346523521,,,,1.0
20,water_dipole,117,0.9999998807907104,0.0,0.6090233346523521,0.6090233346523521,,,,1.0
20,water_dipole,118,0.9999998807907104,0.0,0.6090233346523521,0.6090233346523521,,,,1.0
20,water_dipole,119,0.9999998807907104,0.0,0.6090233346523521,0.6090233346523521,,,,1.0
20,water_dipole,120,0.9999998807907104,0.0,0.6090233346523521,0.6090233346523521,,,,1.0
20,water_dipole,121,0.9999998807907104,0.0,0.6090233346523521,0.6090233346523521,,,,1.0
20,water_dipole,122,0.9999998807907104,0.0,0.6090233346523521,0.6090233346523521,,,,1.0
20,water_dipole,123,0.9999998807907104,0.0,0.6090233346523521,0.6090233346523521,,,,1.0
20,water_dipole,124,0.9999998807907104,0.0,0.6090233346523521,0.6090233346523521,,,,1.0
20,water_dipole,125,0.9999998807907104,0.0,0.6090233346523521,0.6090233346523521,,,,1.0
20,water_dipole,126,0.9999998807907104,0.0,0.6090233346523521,0.6090233346523521,,,,1.0
20,water_dipole,127,0.9999998807907104,0.0,0.6090233346523521,0.6090233346523521,,,,1.0
20,water_dipole,128,0.9999998807907104,0.0,0.6090233346523521,0.6090233346523521,,,,1.0
20,water_dipole,129,0.9999998807907104,0.0,0.6090233346523521,0.6090233346523521,,,,1.0
20,water_dipole,130,0.9999998807907104,0.0,0.6090233346523521,0.6090233346523521,,,,1.0
20,water_dipole,131,0.9999998807907104,0.0,0.6090233346523521,0.6090233346523521,,,,1.0
20,water_dipole,132,0.9999998807907104,0.0,0.6090233346523521,0.6090233346523521,,,,1.0
20,water_dipole,133,0.9999998807907104,0.0,0.6090233346523521,0.6090233346523521,,,,1.0
20,water_dipole,134,0.9999998807907104,0.0,0.6090233346523521,0.6090233346523521,,,,1.0
20,water_dipole,135,0.9999998807907104,0.0,0.6090233346523521,0.6090233346523521,,,,1.0
20,water_dipole,136,0.9999998807907104,0.0,0.6090233346523521,0.6090233346523521,,,,1.0
20,water_dipole,137,0.9999998807907104,0.0,0.6090233346523521,0.6090233346523521,,,,1.0
20,water_dipole,138,0.9999998807907104,0.0,0.6090233346523521,0.6090233346523521,,,,1.0
20,water_dipole,139,0.9999998807907104,0.0,0.6090233346523521,0.6090233346523521,,,,1.0
20,water_dipole,140,0.9999998807907104,0.0,0.6090233346523521,0.6090233346523521,,,,1.0
20,water_dipole,141,0.9999998807907104,0.0,0.6090233346523521,0.6090233346523521,,,,1.0
20,water_dipole,142,0.9999998807907104,0.0,0.6090233346523521,0.6090233346523521,,,,1.0
20,water_dipole,143,0.9999998807907104,0.0,0.6090233346523521,0.6090233346523521,,,,1.0
20,water_dipole,144,0.9999998807907104,0.0,0.6090233346523521,0.6090233346523521,,,,1.0
20,water_dipole,145,0.9999998807907104,0.0,0.6090233346523521,0.6090233346523521,,,,1.0
20,water_dipole,146,0.9999998807907104,0.0,0.6090233346523521,0.6090233346523521,,,,1.0
20,water_dipole,147,0.9999998807907104,0.0,0.6090233346523521,0.6090233346523521,,,,1.0
20,water_dipole,148,0.9999998807907104,0.0,0.6090233346523521,0.6090233346523521,,,,1.0
20,water_dipole,149,0.9999998807907104,0.0,0.6090233346523521,0.6090233346523521,,,,1.0
20,water_dipole,150,0.9999998807907104,0.0,0.6090233346523521,0.6090233346523521,,,,1.0
20,water_dipole,151,0.9999998807907104,0.0,0.6090233346523521,0.6090233346523521,,,,1.0
20,water_dipole,152,0.9999998807907104,0.0,0.6090233346523521,0.6090233346523521,,,,1.0
20,water_dipole,153,0.9999998807907104,0.0,0.6090233346523521,0.6090233346523521,,,,1.0
20,water_dipole,154,0.9999998807907104,0.0,0.6090233346523521,0.6090233346523521,,,,1.0
20,water_dipole,155,0.9999998807907104,0.0,0.6090233346523521,0.6090233346523521,,,,1.0
20,water_dipole,156,0.9999998807907104,0.0,0.6090233346523521,0.6090233346523521,,,,1.0
20,water_dipole,157,0.9999998807907104,0.0,0.6090233346523521,0.6090233346523521,,,,1.0
20,water_dipole,158,0.9999998807907104,0.0,0.6090233346523521,0.6090233346523521,,,,1.0
20,water_dipole,159,0.9999998807907104,0.0,0.6090233346523521,0.6090233346523521,,,,1.0
20,water_dipole,160,0.9999998807907104,0.0,0.6090233346523521,0.6090233346523521,,,,1.0
20,water_dipole,161,0.9999998807907104,0.0,0.6090233346523521,0.6090233346523521,,,,1.0
20,water_dipole,162,0.9999998807907104,0.0,0.6090233346523521,0.6090233346523521,,,,1.0
20,water_dipole,163,0.9999998807907104,0.0,0.6090233346523521,0.6090233346523521,,,,1.0
20,water_dipole,164,0.9999998807907104,0.0,0.6090233346523521,0.6090233346523521,,,,1.0
20,water_dipole,165,0.9999998807907104,0.0,0.6090233346523521,0.6090233346523521,,,,1.0
20,water_dipole,166,0.9999998807907104,0.0,0.6090233346523521,0.6090233346523521,,,,1.0
20,water_dipole,167,0.9999998807907104,0.0,0.6090233346523521,0.6090233346523521,,,,1.0
20,water_dipole,168,0.9999998807907104,0.0,0.6090233346523521,0.6090233346523521,,,,1.0
20,water_dipole,169,0.9999998807907104,0.0,0.6090233346523521,0.6090233346523521,,,,1.0
20,water_dipole,170,0.9999998807907104,0.0,0.6090233346523521,0.6090233346523521,,,,1.0
20,water_dipole,171,0.9999998807907104,0.0,0.6090233346523521,0.6090233346523521,,,,1.0
20,water_dipole,172,0.9999998807907104,0.0,0.6090233346523521,0.6090233346523521,,,,1.0
20,water_dipole,173,0.9999998807907104,0.0,0.6090233346523521,0.6090233346523521,,,,1.0
20,water_dipole,174,0.9999998807907104,0.0,0.6090233346523521,0.6090233346523521,,,,1.0
20,water_dipole,175,0.9999998807907104,0.0,0.6090233346523521,0.6090233346523521,,,,1.0
20,water_dipole,176,0.9999998807907104,0.0,0.6090233346523521,0.6090233346523521,,,,1.0
20,water_dipole,177,0.9999998807907104,0.0,0.6090233346523521,0.6090233346523521,,,,1.0
20,water_dipole,178,0.9999998807907104,0.0,0.6090233346523521,0.6090233346523521,,,,1.0
20,water_dipole,179,0.9999998807907104,0.0,0.6090233346523521,0.6090233346523521,,,,1.0
20,water_dipole,180,0.9999998807907104,0.0,0.6090233346523521,0.6090233346523521,,,,1.0
20,water_dipole,181,0.9999998807907104,0.0,0.6090233346523521,0.6090233346523521,,,,1.0
20,water_dipole,182,0.9999998807907104,0.0,0.6090233346523521,0.6090233346523521,,,,1.0
20,water_dipole,183,0.9999998807907104,0.0,0.6090233346523521,0.6090233346523521,,,,1.0
20,water_dipole,184,0.9999998807907104,0.0,0.6090233346523521,0.6090233346523521,,,,1.0
20,water_dipole,185,0.9999998807907104,0.0,0.6090233346523521,0.6090233346523521,,,,1.0
20,water_dipole,186,0.9999998807907104,0.0,0.6090233346523521,0.6090233346523521,,,,1.0
20,water_dipole,187,0.9999998807907104,0.0,0.6090233346523521,0.6090233346523521,,,,1.0
20,water_dipole,188,0.9999998807907104,0.0,0.6090233346523521,0.6090233346523521,,,,1.0
20,water_dipole,189,0.9999998807907104,0.0,0.6090233346523521,0.6090233346523521,,,,1.0
20,water_dipole,190,0.9999998807907104,0.0,0.6090233346523521,0.6090233346523521,,,,1.0
20,water_dipole,191,0.9999998807907104,0.0,0.6090233346523521,0.6090233346523521,,,,1.0
20,water_dipole,192,0.9999998807907104,0.0,0.6090233346523521,0.6090233346523521,,,,1.0
20,water_dipole,193,0.9999998807907104,0.0,0.6090233346523521,0.6090233346523521,,,,1.0
20,water_dipole,194,0.9999998807907104,0.0,0.6090233346523521,0.6090233346523521,,,,1.0
20,water_dipole,195,0.9999998807907104,0.0,0.6090233346523521,0.6090233346523521,,,,1.0
20,water_dipole,196,0.9999998807907104,0.0,0.6090233346523521,0.6090233346523521,,,,1.0
20,water_dipole,197,0.9999998807907104,0.0,0.6090233346523521,0.6090233346523521,,,,1.0
20,water_dipole,198,0.9999998807907104,0.0,0.6090233346523521,0.6090233346523521,,,,1.0
20,water_dipole,199,0.9999998807907104,0.0,0.6090233346523521,0.6090233346523521,,,,1.0
20,water_dipole,200,0.9999998807907104,0.0,0.6090233346523521,0.6090233346523521,,,,1.0
20,water_dipole,201,0.9999998807907104,0.0,0.6090233346523521,0.6090233346523521,,,,1.0
20,water_dipole,202,0.9999998807907104,0.0,0.6090233346523521,0.6090233346523521,,,,1.0
20,water_dipole,203,0.9999998807907104,0.0,0.6090233346523521,0.6090233346523521,,,,1.0
20,water_dipole,204,0.9999998807907104,0.0,0.6090233346523521,0.6090233346523521,,,,1.0
20,water_dipole,205,0.9999998807907104,0.0,0.6090233346523521,0.6090233346523521,,,,1.0
20,water_dipole,206,0.9999998807907104,0.0,0.6090233346523521,0.6090233346523521,,,,1.0
20,water_dipole,207,0.9999998807907104,0.0,0.6090233346523521,0.6090233346523521,,,,1.0
20,water_dipole,208,0.9999998807907104,0.0,0.6090233346523521,0.6090233346523521,,,,1.0
20,water_dipole,209,0.9999998807907104,0.0,0.6090233346523521,0.6090233346523521,,,,1.0
20,water_dipole,210,0.9999998807907104,0.0,0.6090233346523521,0.6090233346523521,,,,1.0
20,water_dipole,211,0.9999998807907104,0.0,0.6090233346523521,0.6090233346523521,,,,1.0
20,water_dipole,212,0.9999998807907104,0.0,0.6090233346523521,0.6090233346523521,,,,1.0
20,water_dipole,213,0.9999998807907104,0.0,0.6090233346523521,0.6090233346523521,,,,1.0
20,water_dipole,214,0.9999998807907104,0.0,0.6090233346523521,0.6090233346523521,,,,1.0
20,water_dipole,215,0.9999998807907104,0.0,0.6090233346523521,0.6090233346523521,,,,1.0
20,water_dipole,216,0.9999998807907104,0.0,0.6090233346523521,0.6090233346523521,,,,1.0
20,water_dipole,217,0.9999998807907104,0.0,0.6090233346523521,0.6090233346523521,,,,1.0
20,water_dipole,218,0.9999998807907104,0.0,0.6090233346523521,0.6090233346523521,,,,1.0
20,water_dipole,219,0.9999998807907104,0.0,0.6090233346523521,0.6090233346523521,,,,1.0
20,water_dipole,220,0.9999998807907104,0.0,0.6090233346523521,0.6090233346523521,,,,1.0
20,water_dipole,221,0.9999998807907104,0.0,0.6090233346523521,0.6090233346523521,,,,1.0
20,water_dipole,222,0.9999998807907104,0.0,0.6090233346523521,0.6090233346523521,,,,1.0
20,water_dipole,223,0.9999998807907104,0.0,0.6090233346523521,0.6090233346523521,,,,1.0
20,water_dipole,224,0.9999998807907104,0.0,0.6090233346523521,0.6090233346523521,,,,1.0
20,water_dipole,225,0.9999998807907104,0.0,0.6090233346523521,0.6090233346523521,,,,1.0
20,water_dipole,226,0.9999998807907104,0.0,0.6090233346523521,0.6090233346523521,,,,1.0
20,water_dipole,227,0.9999998807907104,0.0,0.6090233346523521,0.6090233346523521,,,,1.0
20,water_dipole,228,0.9999998807907104,0.0,0.6090233346523521,0.6090233346523521,,,,1.0
20,water_dipole,229,0.9999998807907104,0.0,0.6090233346523521,0.6090233346523521,,,,1.0
20,water_dipole,230,0.9999998807907104,0.0,0.6090233346523521,0.6090233346523521,,,,1.0
20,water_dipole,231,0.9999998807907104,0.0,0.6090233346523521,0.6090233346523521,,,,1.0
20,water_dipole,232,0.9999998807907104,0.0,0.6090233346523521,0.6090233346523521,,,,1.0
20,water_dipole,233,0.9999998807907104,0.0,0.6090233346523521,0.6090233346523521,,,,1.0
20,water_dipole,234,0.9999998807907104,0.0,0.6090233346523521,0.6090233346523521,,,,1.0
20,water_dipole,235,0.9999998807907104,0.0,0.6090233346523521,0.6090233346523521,,,,1.0
20,water_dipole,236,0.9999998807907104,0.0,0.6090233346523521,0.6090233346523521,,,,1.0
20,water_dipole,237,0.9999998807907104,0.0,0.6090233346523521,0.6090233346523521,,,,1.0
20,water_dipole,238,0.9999998807907104,0.0,0.6090233346523521,0.6090233346523521,,,,1.0
20,water_dipole,239,0.9999998807907104,0.0,0.6090233346523521,0.6090233346523521,,,,1.0
20,water_dipole,240,0.9999998807907104,0.0,0.6090233346523521,0.6090233346523521,,,,1.0
20,water_dipole,241,0.9999998807907104,0.0,0.6090233346523521,0.6090233346523521,,,,1.0
20,water_dipole,242,0.9999998807907104,0.0,0.6090233346523521,0.6090233346523521,,,,1.0
20,water_dipole,243,0.9999998807907104,0.0,0.6090233346523521,0.6090233346523521,,,,1.0
20,water_dipole,244,0.9999998807907104,0.0,0.6090233346523521,0.6090233346523521,,,,1.0
20,water_dipole,245,0.9999998807907104,0.0,0.6090233346523521,0.6090233346523521,,,,1.0
20,water_dipole,246,0.9999998807907104,0.0,0.6090233346523521,0.6090233346523521,,,,1.0
20,water_dipole,247,0.9999998807907104,0.0,0.6090233346523521,0.6090233346523521,,,,1.0
20,water_dipole,248,0.9999998807907104,0.0,0.6090233346523521,0.6090233346523521,,,,1.0
20,water_dipole,249,0.9999998807907104,0.0,0.6090233346523521,0.6090233346523521,,,,1.0
20,acetone_gsolv_eV,0,1.0,0.0,0.6359904062073054,0.6359904062073054,,,,1.0
20,acetone_gsolv_eV,1,1.0,0.0,0.6359904062073054,0.6359904062073054,,,,1.0
20,acetone_gsolv_eV,2,1.0,0.0,0.6359904062073054,0.6359904062073054,,,,1.0
20,acetone_gsolv_eV,3,1.0,0.0,0.6359904062073054,0.6359904062073054,,,,1.0
20,acetone_gsolv_eV,4,1.0,0.0,0.6359904062073054,0.6359904062073054,,,,1.0
20,acetone_gsolv_eV,5,1.0,0.0,0.6359904062073054,0.6359904062073054,,,,1.0
20,acetone_gsolv_eV,6,1.0,0.0,0.6359904062073054,0.6359904062073054,,,,1.0
20,acetone_gsolv_eV,7,1.0,0.0,0.6359904062073054,0.6359904062073054,,,,1.0
20,acetone_gsolv_eV,8,1.0,0.0,0.6359904062073054,0.6359904062073054,,,,1.0
20,acetone_gsolv_eV,9,1.0,0.0,0.6359904062073054,0.6359904062073054,,,,1.0
20,acetone_gsolv_eV,10,1.0,0.0,0.6359904062073054,0.6359904062073054,,,,1.0
20,acetone_gsolv_eV,11,1.0,0.0,0.6359904062073054,0.6359904062073054,,,,1.0
20,acetone_gsolv_eV,12,1.0,0.0,0.6359904062073054,0.6359904062073054,,,,1.0
20,acetone_gsolv_eV,13,1.0,0.0,0.6359904062073054,0.6359904062073054,,,,1.0
20,acetone_gsolv_eV,14,1.0,0.0,0.6359904062073054,0.6359904062073054,,,,1.0
20,acetone_gsolv_eV,15,1.0,0.0,0.6359904062073054,0.6359904062073054,,,,1.0
20,acetone_gsolv_eV,16,1.0,0.0,0.6359904062073054,0.6359904062073054,,,,1.0
20,acetone_gsolv_eV,17,1.0,0.0,0.6359904062073054,0.6359904062073054,,,,1.0
20,acetone_gsolv_eV,18,1.0,0.0,0.6359904062073054,0.6359904062073054,,,,1.0
20,acetone_gsolv_eV,19,1.0,0.0,0.6359904062073054,0.6359904062073054,,,,1.0
20,acetone_gsolv_eV,20,1.0,0.0,0.6359904062073054,0.6359904062073054,,,,1.0
20,acetone_gsolv_eV,21,1.0,0.0,0.6359904062073054,0.6359904062073054,,,,1.0
20,acetone_gsolv_eV,22,1.0,0.0,0.6359904062073054,0.6359904062073054,,,,1.0
20,acetone_gsolv_eV,23,1.0,0.0,0.6359904062073054,0.6359904062073054,,,,1.0
20,acetone_gsolv_eV,24,1.0,0.0,0.6359904062073054,0.6359904062073054,,,,1.0
20,acetone_gsolv_eV,25,1.0,0.0,0.6359904062073054,0.6359904062073054,,,,1.0
20,acetone_gsolv_eV,26,1.0,0.0,0.6359904062073054,0.6359904062073054,,,,1.0
20,acetone_gsolv_eV,27,1.0,0.0,0.6359904062073054,0.6359904062073054,,,,1.0
20,acetone_gsolv_eV,28,1.0,0.0,0.6359904062073054,0.6359904062073054,,,,1.0
20,acetone_gsolv_eV,29,1.0,0.0,0.6359904062073054,0.6359904062073054,,,,1.0
20,acetone_gsolv_eV,30,1.0,0.0,0.6359904062073054,0.6359904062073054,,,,1.0
20,acetone_gsolv_eV,31,1.0,0.0,0.6359904062073054,0.6359904062073054,,,,1.0
20,acetone_gsolv_eV,32,1.0,0.0,0.6359904062073054,0.6359904062073054,,,,1.0
20,acetone_gsolv_eV,33,1.0,0.0,0.6359904062073054,0.6359904062073054,,,,1.0
20,acetone_gsolv_eV,34,1.0,0.0,0.6359904062073054,0.6359904062073054,,,,1.0
20,acetone_gsolv_eV,35,1.0,0.0,0.6359904062073054,0.6359904062073054,,,,1.0
20,acetone_gsolv_eV,36,1.0,0.0,0.6359904062073054,0.6359904062073054,,,,1.0
20,acetone_gsolv_eV,37,1.0,0.0,0.6359904062073054,0.6359904062073054,,,,1.0
20,acetone_gsolv_eV,38,1.0,0.0,0.6359904062073054,0.6359904062073054,,,,1.0
20,acetone_gsolv_eV,39,1.0,0.0,0.6359904062073054,0.6359904062073054,,,,1.0
20,acetone_gsolv_eV,40,1.0,0.0,0.6359904062073054,0.6359904062073054,,,,1.0
20,acetone_gsolv_eV,41,1.0,0.0,0.6359904062073054,0.6359904062073054,,,,1.0
20,acetone_gsolv_eV,42,1.0,0.0,0.6359904062073054,0.6359904062073054,,,,1.0
20,acetone_gsolv_eV,43,1.0,0.0,0.6359904062073054,0.6359904062073054,,,,1.0
20,acetone_gsolv_eV,44,1.0,0.0,0.6359904062073054,0.6359904062073054,,,,1.0
20,acetone_gsolv_eV,45,1.0,0.0,0.6359904062073054,0.6359904062073054,,,,1.0
20,acetone_gsolv_eV,46,1.0,0.0,0.6359904062073054,0.6359904062073054,,,,1.0
20,acetone_gsolv_eV,47,1.0,0.0,0.6359904062073054,0.6359904062073054,,,,1.0
20,acetone_gsolv_eV,48,1.0,0.0,0.6359904062073054,0.6359904062073054,,,,1.0
20,acetone_gsolv_eV,49,1.0,0.0,0.6359904062073054,0.6359904062073054,,,,1.0
20,acetone_gsolv_eV,50,1.0,0.0,0.6359904062073054,0.6359904062073054,,,,1.0
20,acetone_gsolv_eV,51,1.0,0.0,0.6359904062073054,0.6359904062073054,,,,1.0
20,acetone_gsolv_eV,52,1.0,0.0,0.6359904062073054,0.6359904062073054,,,,1.0
20,acetone_gsolv_eV,53,1.0,0.0,0.6359904062073054,0.6359904062073054,,,,1.0
20,acetone_gsolv_eV,54,1.0,0.0,0.6359904062073054,0.6359904062073054,,,,1.0
20,acetone_gsolv_eV,55,1.0,0.0,0.6359904062073054,0.6359904062073054,,,,1.0
20,acetone_gsolv_eV,56,1.0,0.0,0.6359904062073054,0.6359904062073054,,,,1.0
20,acetone_gsolv_eV,57,1.0,0.0,0.6359904062073054,0.6359904062073054,,,,1.0
20,acetone_gsolv_eV,58,1.0,0.0,0.6359904062073054,0.6359904062073054,,,,1.0
20,acetone_gsolv_eV,59,1.0,0.0,0.6359904062073054,0.6359904062073054,,,,1.0
20,acetone_gsolv_eV,60,1.0,0.0,0.6359904062073054,0.6359904062073054,,,,1.0
20,acetone_gsolv_eV,61,1.0,0.0,0.6359904062073054,0.6359904062073054,,,,1.0
20,acetone_gsolv_eV,62,1.0,0.0,0.6359904062073054,0.6359904062073054,,,,1.0
20,acetone_gsolv_eV,63,1.0,0.0,0.6359904062073054,0.6359904062073054,,,,1.0
20,acetone_gsolv_eV,64,1.0,0.0,0.6359904062073054,0.6359904062073054,,,,1.0
20,acetone_gsolv_eV,65,1.0,0.0,0.6359904062073054,0.6359904062073054,,,,1.0
20,acetone_gsolv_eV,66,1.0,0.0,0.6359904062073054,0.6359904062073054,,,,1.0
20,acetone_gsolv_eV,67,1.0,0.0,0.6359904062073054,0.6359904062073054,,,,1.0
20,acetone_gsolv_eV,68,1.0,0.0,0.6359904062073054,0.6359904062073054,,,,1.0
20,acetone_gsolv_eV,69,1.0,0.0,0.6359904062073054,0.6359904062073054,,,,1.0
20,acetone_gsolv_eV,70,1.0,0.0,0.6359904062073054,0.6359904062073054,,,,1.0
20,acetone_gsolv_eV,71,1.0,0.0,0.6359904062073054,0.6359904062073054,,,,1.0
20,acetone_gsolv_eV,72,1.0,0.0,0.6359904062073054,0.6359904062073054,,,,1.0
20,acetone_gsolv_eV,73,1.0,0.0,0.6359904062073054,0.6359904062073054,,,,1.0
20,acetone_gsolv_eV,74,1.0,0.0,0.6359904062073054,0.6359904062073054,,,,1.0
20,acetone_gsolv_eV,75,1.0,0.0,0.6359904062073054,0.6359904062073054,,,,1.0
20,acetone_gsolv_eV,76,1.0,0.0,0.6359904062073054,0.6359904062073054,,,,1.0
20,acetone_gsolv_eV,77,1.0,0.0,0.6359904062073054,0.6359904062073054,,,,1.0
20,acetone_gsolv_eV,78,1.0,0.0,0.6359904062073054,0.6359904062073054,,,,1.0
20,acetone_gsolv_eV,79,1.0,0.0,0.6359904062073054,0.6359904062073054,,,,1.0
20,acetone_gsolv_eV,80,1.0,0.0,0.6359904062073054,0.6359904062073054,,,,1.0
20,acetone_gsolv_eV,81,1.0,0.0,0.6359904062073054,0.6359904062073054,,,,1.0
20,acetone_gsolv_eV,82,1.0,0.0,0.6359904062073054,0.6359904062073054,,,,1.0
20,acetone_gsolv_eV,83,1.0,0.0,0.6359904062073054,0.6359904062073054,,,,1.0
20,acetone_gsolv_eV,84,1.0,0.0,0.6359904062073054,0.6359904062073054,,,,1.0
20,acetone_gsolv_eV,85,1.0,0.0,0.6359904062073054,0.6359904062073054,,,,1.0
20,acetone_gsolv_eV,86,1.0,0.0,0.6359904062073054,0.6359904062073054,,,,1.0
20,acetone_gsolv_eV,87,1.0,0.0,0.6359904062073054,0.6359904062073054,,,,1.0
20,acetone_gsolv_eV,88,1.0,0.0,0.6359904062073054,0.6359904062073054,,,,1.0
20,acetone_gsolv_eV,89,1.0,0.0,0.6359904062073054,0.6359904062073054,,,,1.0
20,acetone_gsolv_eV,90,1.0,0.0,0.6359904062073054,0.6359904062073054,,,,1.0
20,acetone_gsolv_eV,91,1.0,0.0,0.6359904062073054,0.6359904062073054,,,,1.0
20,acetone_gsolv_eV,92,1.0,0.0,0.6359904062073054,0.6359904062073054,,,,1.0
20,acetone_gsolv_eV,93,1.0,0.0,0.6359904062073054,0.6359904062073054,,,,1.0
20,acetone_gsolv_eV,94,1.0,0.0,0.6359904062073054,0.6359904062073054,,,,1.0
20,acetone_gsolv_eV,95,1.0,0.0,0.6359904062073054,0.6359904062073054,,,,1.0
20,acetone_gsolv_eV,96,1.0,0.0,0.6359904062073054,0.6359904062073054,,,,1.0
20,acetone_gsolv_eV,97,1.0,0.0,0.6359904062073054,0.6359904062073054,,,,1.0
20,acetone_gsolv_eV,98,1.0,0.0,0.6359904062073054,0.6359904062073054,,,,1.0
20,acetone_gsolv_eV,99,1.0,0.0,0.6359904062073054,0.6359904062073054,,,,1.0
20,acetone_gsolv_eV,100,1.0,0.0,0.6359904062073054,0.6359904062073054,,,,1.0
20,acetone_gsolv_eV,101,1.0,0.0,0.6359904062073054,0.6359904062073054,,,,1.0
20,acetone_gsolv_eV,102,1.0,0.0,0.6359904062073054,0.6359904062073054,,,,1.0
20,acetone_gsolv_eV,103,1.0,0.0,0.6359904062073054,0.6359904062073054,,,,1.0
20,acetone_gsolv_eV,104,1.0,0.0,0.6359904062073054,0.6359904062073054,,,,1.0
20,acetone_gsolv_eV,105,1.0,0.0,0.6359904062073054,0.6359904062073054,,,,1.0
20,acetone_gsolv_eV,106,1.0,0.0,0.6359904062073054,0.6359904062073054,,,,1.0
20,acetone_gsolv_eV,107,1.0,0.0,0.6359904062073054,0.6359904062073054,,,,1.0
20,acetone_gsolv_eV,108,1.0,0.0,0.6359904062073054,0.6359904062073054,,,,1.0
20,acetone_gsolv_eV,109,1.0,0.0,0.6359904062073054,0.6359904062073054,,,,1.0
20,acetone_gsolv_eV,110,1.0,0.0,0.6359904062073054,0.6359904062073054,,,,1.0
20,acetone_gsolv_eV,111,1.0,0.0,0.6359904062073054,0.6359904062073054,,,,1.0
20,acetone_gsolv_eV,112,1.0,0.0,0.6359904062073054,0.6359904062073054,,,,1.0
20,acetone_gsolv_eV,113,1.0,0.0,0.6359904062073054,0.6359904062073054,,,,1.0
20,acetone_gsolv_eV,114,1.0,0.0,0.6359904062073054,0.6359904062073054,,,,1.0
20,acetone_gsolv_eV,115,1.0,0.0,0.6359904062073054,0.6359904062073054,,,,1.0
20,acetone_gsolv_eV,116,1.0,0.0,0.6359904062073054,0.6359904062073054,,,,1.0
20,acetone_gsolv_eV,117,1.0,0.0,0.6359904062073054,0.6359904062073054,,,,1.0
20,acetone_gsolv_eV,118,1.0,0.0,0.6359904062073054,0.6359904062073054,,,,1.0
20,acetone_gsolv_eV,119,1.0,0.0,0.6359904062073054,0.6359904062073054,,,,1.0
20,acetone_gsolv_eV,120,1.0,0.0,0.6359904062073054,0.6359904062073054,,,,1.0
20,acetone_gsolv_eV,121,1.0,0.0,0.6359904062073054,0.6359904062073054,,,,1.0
20,acetone_gsolv_eV,122,1.0,0.0,0.6359904062073054,0.6359904062073054,,,,1.0
20,acetone_gsolv_eV,123,1.0,0.0,0.6359904062073054,0.6359904062073054,,,,1.0
20,acetone_gsolv_eV,124,1.0,0.0,0.6359904062073054,0.6359904062073054,,,,1.0
20,acetone_gsolv_eV,125,1.0,0.0,0.6359904062073054,0.6359904062073054,,,,1.0
20,acetone_gsolv_eV,126,1.0,0.0,0.6359904062073054,0.6359904062073054,,,,1.0
20,acetone_gsolv_eV,127,1.0,0.0,0.6359904062073054,0.6359904062073054,,,,1.0
20,acetone_gsolv_eV,128,1.0,0.0,0.6359904062073054,0.6359904062073054,,,,1.0
20,acetone_gsolv_eV,129,1.0,0.0,0.6359904062073054,0.6359904062073054,,,,1.0
20,acetone_gsolv_eV,130,1.0,0.0,0.6359904062073054,0.6359904062073054,,,,1.0
20,acetone_gsolv_eV,131,1.0,0.0,0.6359904062073054,0.6359904062073054,,,,1.0
20,acetone_gsolv_eV,132,1.0,0.0,0.6359904062073054,0.6359904062073054,,,,1.0
20,acetone_gsolv_eV,133,1.0,0.0,0.6359904062073054,0.6359904062073054,,,,1.0
20,acetone_gsolv_eV,134,1.0,0.0,0.6359904062073054,0.6359904062073054,,,,1.0
20,acetone_gsolv_eV,135,1.0,0.0,0.6359904062073054,0.6359904062073054,,,,1.0
20,acetone_gsolv_eV,136,1.0,0.0,0.6359904062073054,0.6359904062073054,,,,1.0
20,acetone_gsolv_eV,137,1.0,0.0,0.6359904062073054,0.6359904062073054,,,,1.0
20,acetone_gsolv_eV,138,1.0,0.0,0.6359904062073054,0.6359904062073054,,,,1.0
20,acetone_gsolv_eV,139,1.0,0.0,0.6359904062073054,0.6359904062073054,,,,1.0
20,acetone_gsolv_eV,140,1.0,0.0,0.6359904062073054,0.6359904062073054,,,,1.0
20,acetone_gsolv_eV,141,1.0,0.0,0.6359904062073054,0.6359904062073054,,,,1.0
20,acetone_gsolv_eV,142,1.0,0.0,0.6359904062073054,0.6359904062073054,,,,1.0
20,acetone_gsolv_eV,143,1.0,0.0,0.6359904062073054,0.6359904062073054,,,,1.0
20,acetone_gsolv_eV,144,1.0,0.0,0.6359904062073054,0.6359904062073054,,,,1.0
20,acetone_gsolv_eV,145,1.0,0.0,0.6359904062073054,0.6359904062073054,,,,1.0
20,acetone_gsolv_eV,146,1.0,0.0,0.6359904062073054,0.6359904062073054,,,,1.0
20,acetone_gsolv_eV,147,1.0,0.0,0.6359904062073054,0.6359904062073054,,,,1.0
20,acetone_gsolv_eV,148,1.0,0.0,0.6359904062073054,0.6359904062073054,,,,1.0
20,acetone_gsolv_eV,149,1.0,0.0,0.6359904062073054,0.6359904062073054,,,,1.0
20,acetone_gsolv_eV,150,1.0,0.0,0.6359904062073054,0.6359904062073054,,,,1.0
20,acetone_gsolv_eV,151,1.0,0.0,0.6359904062073054,0.6359904062073054,,,,1.0
20,acetone_gsolv_eV,152,1.0,0.0,0.6359904062073054,0.6359904062073054,,,,1.0
20,acetone_gsolv_eV,153,1.0,0.0,0.6359904062073054,0.6359904062073054,,,,1.0
20,acetone_gsolv_eV,154,1.0,0.0,0.6359904062073054,0.6359904062073054,,,,1.0
20,acetone_gsolv_eV,155,1.0,0.0,0.6359904062073054,0.6359904062073054,,,,1.0
20,acetone_gsolv_eV,156,1.0,0.0,0.6359904062073054,0.6359904062073054,,,,1.0
20,acetone_gsolv_eV,157,1.0,0.0,0.6359904062073054,0.6359904062073054,,,,1.0
20,acetone_gsolv_eV,158,1.0,0.0,0.6359904062073054,0.6359904062073054,,,,1.0
20,acetone_gsolv_eV,159,1.0,0.0,0.6359904062073054,0.6359904062073054,,,,1.0
20,acetone_gsolv_eV,160,1.0,0.0,0.6359904062073054,0.6359904062073054,,,,1.0
20,acetone_gsolv_eV,161,1.0,0.0,0.6359904062073054,0.6359904062073054,,,,1.0
20,acetone_gsolv_eV,162,1.0,0.0,0.6359904062073054,0.6359904062073054,,,,1.0
20,acetone_gsolv_eV,163,1.0,0.0,0.6359904062073054,0.6359904062073054,,,,1.0
20,acetone_gsolv_eV,164,1.0,0.0,0.6359904062073054,0.6359904062073054,,,,1.0
20,acetone_gsolv_eV,165,1.0,0.0,0.6359904062073054,0.6359904062073054,,,,1.0
20,acetone_gsolv_eV,166,1.0,0.0,0.6359904062073054,0.6359904062073054,,,,1.0
20,acetone_gsolv_eV,167,1.0,0.0,0.6359904062073054,0.6359904062073054,,,,1.0
20,acetone_gsolv_eV,168,1.0,0.0,0.6359904062073054,0.6359904062073054,,,,1.0
20,acetone_gsolv_eV,169,1.0,0.0,0.6359904062073054,0.6359904062073054,,,,1.0
20,acetone_gsolv_eV,170,1.0,0.0,0.6359904062073054,0.6359904062073054,,,,1.0
20,acetone_gsolv_eV,171,1.0,0.0,0.6359904062073054,0.6359904062073054,,,,1.0
20,acetone_gsolv_eV,172,1.0,0.0,0.6359904062073054,0.6359904062073054,,,,1.0
20,acetone_gsolv_eV,173,1.0,0.0,0.6359904062073054,0.6359904062073054,,,,1.0
20,acetone_gsolv_eV,174,1.0,0.0,0.6359904062073054,0.6359904062073054,,,,1.0
20,acetone_gsolv_eV,175,1.0,0.0,0.6359904062073054,0.6359904062073054,,,,1.0
20,acetone_gsolv_eV,176,1.0,0.0,0.6359904062073054,0.6359904062073054,,,,1.0
20,acetone_gsolv_eV,177,1.0,0.0,0.6359904062073054,0.6359904062073054,,,,1.0
20,acetone_gsolv_eV,178,1.0,0.0,0.6359904062073054,0.6359904062073054,,,,1.0
20,acetone_gsolv_eV,179,1.0,0.0,0.6359904062073054,0.6359904062073054,,,,1.0
20,acetone_gsolv_eV,180,1.0,0.0,0.6359904062073054,0.6359904062073054,,,,1.0
20,acetone_gsolv_eV,181,1.0,0.0,0.6359904062073054,0.6359904062073054,,,,1.0
20,acetone_gsolv_eV,182,1.0,0.0,0.6359904062073054,0.6359904062073054,,,,1.0
20,acetone_gsolv_eV,183,1.0,0.0,0.6359904062073054,0.6359904062073054,,,,1.0
20,acetone_gsolv_eV,184,1.0,0.0,0.6359904062073054,0.6359904062073054,,,,1.0
20,acetone_gsolv_eV,185,1.0,0.0,0.6359904062073054,0.6359904062073054,,,,1.0
20,acetone_gsolv_eV,186,1.0,0.0,0.6359904062073054,0.6359904062073054,,,,1.0
20,acetone_gsolv_eV,187,1.0,0.0,0.6359904062073054,0.6359904062073054,,,,1.0
20,acetone_gsolv_eV,188,1.0,0.0,0.6359904062073054,0.6359904062073054,,,,1.0
20,acetone_gsolv_eV,189,1.0,0.0,0.6359904062073054,0.6359904062073054,,,,1.0
20,acetone_gsolv_eV,190,1.0,0.0,0.6359904062073054,0.6359904062073054,,,,1.0
20,acetone_gsolv_eV,191,1.0,0.0,0.6359904062073054,0.6359904062073054,,,,1.0
20,acetone_gsolv_eV,192,1.0,0.0,0.6359904062073054,0.6359904062073054,,,,1.0
20,acetone_gsolv_eV,193,1.0,0.0,0.6359904062073054,0.6359904062073054,,,,1.0
20,acetone_gsolv_eV,194,1.0,0.0,0.6359904062073054,0.6359904062073054,,,,1.0
20,acetone_gsolv_eV,195,1.0,0.0,0.6359904062073054,0.6359904062073054,,,,1.0
20,acetone_gsolv_eV,196,1.0,0.0,0.6359904062073054,0.6359904062073054,,,,1.0
20,acetone_gsolv_eV,197,1.0,0.0,0.6359904062073054,0.6359904062073054,,,,1.0
20,acetone_gsolv_eV,198,1.0,0.0,0.6359904062073054,0.6359904062073054,,,,1.0
20,acetone_gsolv_eV,199,1.0,0.0,0.6359904062073054,0.6359904062073054,,,,1.0
20,acetone_gsolv_eV,200,1.0,0.0,0.6359904062073054,0.6359904062073054,,,,1.0
20,acetone_gsolv_eV,201,1.0,0.0,0.6359904062073054,0.6359904062073054,,,,1.0
20,acetone_gsolv_eV,202,1.0,0.0,0.6359904062073054,0.6359904062073054,,,,1.0
20,acetone_gsolv_eV,203,1.0,0.0,0.6359904062073054,0.6359904062073054,,,,1.0
20,acetone_gsolv_eV,204,1.0,0.0,0.6359904062073054,0.6359904062073054,,,,1.0
20,acetone_gsolv_eV,205,1.0,0.0,0.6359904062073054,0.6359904062073054,,,,1.0
20,acetone_gsolv_eV,206,1.0,0.0,0.6359904062073054,0.6359904062073054,,,,1.0
20,acetone_gsolv_eV,207,1.0,0.0,0.6359904062073054,0.6359904062073054,,,,1.0
20,acetone_gsolv_eV,208,1.0,0.0,0.6359904062073054,0.6359904062073054,,,,1.0
20,acetone_gsolv_eV,209,1.0,0.0,0.6359904062073054,0.6359904062073054,,,,1.0
20,acetone_gsolv_eV,210,1.0,0.0,0.6359904062073054,0.6359904062073054,,,,1.0
20,acetone_gsolv_eV,211,1.0,0.0,0.6359904062073054,0.6359904062073054,,,,1.0
20,acetone_gsolv_eV,212,1.0,0.0,0.6359904062073054,0.6359904062073054,,,,1.0
20,acetone_gsolv_eV,213,1.0,0.0,0.6359904062073054,0.6359904062073054,,,,1.0
20,acetone_gsolv_eV,214,1.0,0.0,0.6359904062073054,0.6359904062073054,,,,1.0
20,acetone_gsolv_eV,215,1.0,0.0,0.6359904062073054,0.6359904062073054,,,,1.0
20,acetone_gsolv_eV,216,1.0,0.0,0.6359904062073054,0.6359904062073054,,,,1.0
20,acetone_gsolv_eV,217,1.0,0.0,0.6359904062073054,0.6359904062073054,,,,1.0
20,acetone_gsolv_eV,218,1.0,0.0,0.6359904062073054,0.6359904062073054,,,,1.0
20,acetone_gsolv_eV,219,1.0,0.0,0.6359904062073054,0.6359904062073054,,,,1.0
20,acetone_gsolv_eV,220,1.0,0.0,0.6359904062073054,0.6359904062073054,,,,1.0
20,acetone_gsolv_eV,221,1.0,0.0,0.6359904062073054,0.6359904062073054,,,,1.0
20,acetone_gsolv_eV,222,1.0,0.0,0.6359904062073054,0.6359904062073054,,,,1.0
20,acetone_gsolv_eV,223,1.0,0.0,0.6359904062073054,0.6359904062073054,,,,1.0
20,acetone_gsolv_eV,224,1.0,0.0,0.6359904062073054,0.6359904062073054,,,,1.0
20,acetone_gsolv_eV,225,1.0,0.0,0.6359904062073054,0.6359904062073054,,,,1.0
20,acetone_gsolv_eV,226,1.0,0.0,0.6359904062073054,0.6359904062073054,,,,1.0
20,acetone_gsolv_eV,227,1.0,0.0,0.6359904062073054,0.6359904062073054,,,,1.0
20,acetone_gsolv_eV,228,1.0,0.0,0.6359904062073054,0.6359904062073054,,,,1.0
20,acetone_gsolv_eV,229,1.0,0.0,0.6359904062073054,0.6359904062073054,,,,1.0
20,acetone_gsolv_eV,230,1.0,0.0,0.6359904062073054,0.6359904062073054,,,,1.0
20,acetone_gsolv_eV,231,1.0,0.0,0.6359904062073054,0.6359904062073054,,,,1.0
20,acetone_gsolv_eV,232,1.0,0.0,0.6359904062073054,0.6359904062073054,,,,1.0
20,acetone_gsolv_eV,233,1.0,0.0,0.6359904062073054,0.6359904062073054,,,,1.0
20,acetone_gsolv_eV,234,1.0,0.0,0.6359904062073054,0.6359904062073054,,,,1.0
20,acetone_gsolv_eV,235,1.0,0.0,0.6359904062073054,0.6359904062073054,,,,1.0
20,acetone_gsolv_eV,236,1.0,0.0,0.6359904062073054,0.6359904062073054,,,,1.0
20,acetone_gsolv_eV,237,1.0,0.0,0.6359904062073054,0.6359904062073054,,,,1.0
20,acetone_gsolv_eV,238,1.0,0.0,0.6359904062073054,0.6359904062073054,,,,1.0
20,acetone_gsolv_eV,239,1.0,0.0,0.6359904062073054,0.6359904062073054,,,,1.0
20,acetone_gsolv_eV,240,1.0,0.0,0.6359904062073054,0.6359904062073054,,,,1.0
20,acetone_gsolv_eV,241,1.0,0.0,0.6359904062073054,0.6359904062073054,,,,1.0
20,acetone_gsolv_eV,242,1.0,0.0,0.6359904062073054,0.6359904062073054,,,,1.0
20,acetone_gsolv_eV,243,1.0,0.0,0.6359904062073054,0.6359904062073054,,,,1.0
20,acetone_gsolv_eV,244,1.0,0.0,0.6359904062073054,0.6359904062073054,,,,1.0
20,acetone_gsolv_eV,245,1.0,0.0,0.6359904062073054,0.6359904062073054,,,,1.0
20,acetone_gsolv_eV,246,1.0,0.0,0.6359904062073054,0.6359904062073054,,,,1.0
20,acetone_gsolv_eV,247,1.0,0.0,0.6359904062073054,0.6359904062073054,,,,1.0
20,acetone_gsolv_eV,248,1.0,0.0,0.6359904062073054,0.6359904062073054,,,,1.0
20,acetone_gsolv_eV,249,1.0,0.0,0.6359904062073054,0.6359904062073054,,,,1.0
20,acetone_hl_gap_eV,0,1.0,0.0,0.7117649386927036,0.7117649386927036,,,,1.0
20,acetone_hl_gap_eV,1,1.0,0.0,0.7117649386927036,0.7117649386927036,,,,1.0
20,acetone_hl_gap_eV,2,1.0,0.0,0.7117649386927036,0.7117649386927036,,,,1.0
20,acetone_hl_gap_eV,3,1.0,0.0,0.7117649386927036,0.7117649386927036,,,,1.0
20,acetone_hl_gap_eV,4,1.0,0.0,0.7117649386927036,0.7117649386927036,,,,1.0
20,acetone_hl_gap_eV,5,1.0,0.0,0.7117649386927036,0.7117649386927036,,,,1.0
20,acetone_hl_gap_eV,6,1.0,0.0,0.7117649386927036,0.7117649386927036,,,,1.0
20,acetone_hl_gap_eV,7,1.0,0.0,0.7117649386927036,0.7117649386927036,,,,1.0
20,acetone_hl_gap_eV,8,1.0,0.0,0.7117649386927036,0.7117649386927036,,,,1.0
20,acetone_hl_gap_eV,9,1.0,0.0,0.7117649386927036,0.7117649386927036,,,,1.0
20,acetone_hl_gap_eV,10,1.0,0.0,0.7117649386927036,0.7117649386927036,,,,1.0
20,acetone_hl_gap_eV,11,1.0,0.0,0.7117649386927036,0.7117649386927036,,,,1.0
20,acetone_hl_gap_eV,12,1.0,0.0,0.7117649386927036,0.7117649386927036,,,,1.0
20,acetone_hl_gap_eV,13,1.0,0.0,0.7117649386927036,0.7117649386927036,,,,1.0
20,acetone_hl_gap_eV,14,1.0,0.0,0.7117649386927036,0.7117649386927036,,,,1.0
20,acetone_hl_gap_eV,15,1.0,0.0,0.7117649386927036,0.7117649386927036,,,,1.0
20,acetone_hl_gap_eV,16,1.0,0.0,0.7117649386927036,0.7117649386927036,,,,1.0
20,acetone_hl_gap_eV,17,1.0,0.0,0.7117649386927036,0.7117649386927036,,,,1.0
20,acetone_hl_gap_eV,18,1.0,0.0,0.7117649386927036,0.7117649386927036,,,,1.0
20,acetone_hl_gap_eV,19,1.0,0.0,0.7117649386927036,0.7117649386927036,,,,1.0
20,acetone_hl_gap_eV,20,1.0,0.0,0.7117649386927036,0.7117649386927036,,,,1.0
20,acetone_hl_gap_eV,21,1.0,0.0,0.7117649386927036,0.7117649386927036,,,,1.0
20,acetone_hl_gap_eV,22,1.0,0.0,0.7117649386927036,0.7117649386927036,,,,1.0
20,acetone_hl_gap_eV,23,1.0,0.0,0.7117649386927036,0.7117649386927036,,,,1.0
20,acetone_hl_gap_eV,24,1.0,0.0,0.7117649386927036,0.7117649386927036,,,,1.0
20,acetone_hl_gap_eV,25,1.0,0.0,0.7117649386927036,0.7117649386927036,,,,1.0
20,acetone_hl_gap_eV,26,1.0,0.0,0.7117649386927036,0.7117649386927036,,,,1.0
20,acetone_hl_gap_eV,27,1.0,0.0,0.7117649386927036,0.7117649386927036,,,,1.0
20,acetone_hl_gap_eV,28,1.0,0.0,0.7117649386927036,0.7117649386927036,,,,1.0
20,acetone_hl_gap_eV,29,1.0,0.0,0.7117649386927036,0.7117649386927036,,,,1.0
20,acetone_hl_gap_eV,30,1.0,0.0,0.7117649386927036,0.7117649386927036,,,,1.0
20,acetone_hl_gap_eV,31,1.0,0.0,0.7117649386927036,0.7117649386927036,,,,1.0
20,acetone_hl_gap_eV,32,1.0,0.0,0.7117649386927036,0.7117649386927036,,,,1.0
20,acetone_hl_gap_eV,33,1.0,0.0,0.7117649386927036,0.7117649386927036,,,,1.0
20,acetone_hl_gap_eV,34,1.0,0.0,0.7117649386927036,0.7117649386927036,,,,1.0
20,acetone_hl_gap_eV,35,1.0,0.0,0.7117649386927036,0.7117649386927036,,,,1.0
20,acetone_hl_gap_eV,36,1.0,0.0,0.7117649386927036,0.7117649386927036,,,,1.0
20,acetone_hl_gap_eV,37,1.0,0.0,0.7117649386927036,0.7117649386927036,,,,1.0
20,acetone_hl_gap_eV,38,1.0,0.0,0.7117649386927036,0.7117649386927036,,,,1.0
20,acetone_hl_gap_eV,39,1.0,0.0,0.7117649386927036,0.7117649386927036,,,,1.0
20,acetone_hl_gap_eV,40,1.0,0.0,0.7117649386927036,0.7117649386927036,,,,1.0
20,acetone_hl_gap_eV,41,1.0,0.0,0.7117649386927036,0.7117649386927036,,,,1.0
20,acetone_hl_gap_eV,42,1.0,0.0,0.7117649386927036,0.7117649386927036,,,,1.0
20,acetone_hl_gap_eV,43,1.0,0.0,0.7117649386927036,0.7117649386927036,,,,1.0
20,acetone_hl_gap_eV,44,1.0,0.0,0.7117649386927036,0.7117649386927036,,,,1.0
20,acetone_hl_gap_eV,45,1.0,0.0,0.7117649386927036,0.7117649386927036,,,,1.0
20,acetone_hl_gap_eV,46,1.0,0.0,0.7117649386927036,0.7117649386927036,,,,1.0
20,acetone_hl_gap_eV,47,1.0,0.0,0.7117649386927036,0.7117649386927036,,,,1.0
20,acetone_hl_gap_eV,48,1.0,0.0,0.7117649386927036,0.7117649386927036,,,,1.0
20,acetone_hl_gap_eV,49,1.0,0.0,0.7117649386927036,0.7117649386927036,,,,1.0
20,acetone_hl_gap_eV,50,1.0,0.0,0.7117649386927036,0.7117649386927036,,,,1.0
20,acetone_hl_gap_eV,51,1.0,0.0,0.7117649386927036,0.7117649386927036,,,,1.0
20,acetone_hl_gap_eV,52,1.0,0.0,0.7117649386927036,0.7117649386927036,,,,1.0
20,acetone_hl_gap_eV,53,1.0,0.0,0.7117649386927036,0.7117649386927036,,,,1.0
20,acetone_hl_gap_eV,54,1.0,0.0,0.7117649386927036,0.7117649386927036,,,,1.0
20,acetone_hl_gap_eV,55,1.0,0.0,0.7117649386927036,0.7117649386927036,,,,1.0
20,acetone_hl_gap_eV,56,1.0,0.0,0.7117649386927036,0.7117649386927036,,,,1.0
20,acetone_hl_gap_eV,57,1.0,0.0,0.7117649386927036,0.7117649386927036,,,,1.0
20,acetone_hl_gap_eV,58,1.0,0.0,0.7117649386927036,0.7117649386927036,,,,1.0
20,acetone_hl_gap_eV,59,1.0,0.0,0.7117649386927036,0.7117649386927036,,,,1.0
20,acetone_hl_gap_eV,60,1.0,0.0,0.7117649386927036,0.7117649386927036,,,,1.0
20,acetone_hl_gap_eV,61,1.0,0.0,0.7117649386927036,0.7117649386927036,,,,1.0
20,acetone_hl_gap_eV,62,1.0,0.0,0.7117649386927036,0.7117649386927036,,,,1.0
20,acetone_hl_gap_eV,63,1.0,0.0,0.7117649386927036,0.7117649386927036,,,,1.0
20,acetone_hl_gap_eV,64,1.0,0.0,0.7117649386927036,0.7117649386927036,,,,1.0
20,acetone_hl_gap_eV,65,1.0,0.0,0.7117649386927036,0.7117649386927036,,,,1.0
20,acetone_hl_gap_eV,66,1.0,0.0,0.7117649386927036,0.7117649386927036,,,,1.0
20,acetone_hl_gap_eV,67,1.0,0.0,0.7117649386927036,0.7117649386927036,,,,1.0
20,acetone_hl_gap_eV,68,1.0,0.0,0.7117649386927036,0.7117649386927036,,,,1.0
20,acetone_hl_gap_eV,69,1.0,0.0,0.7117649386927036,0.7117649386927036,,,,1.0
20,acetone_hl_gap_eV,70,1.0,0.0,0.7117649386927036,0.7117649386927036,,,,1.0
20,acetone_hl_gap_eV,71,1.0,0.0,0.7117649386927036,0.7117649386927036,,,,1.0
20,acetone_hl_gap_eV,72,1.0,0.0,0.7117649386927036,0.7117649386927036,,,,1.0
20,acetone_hl_gap_eV,73,1.0,0.0,0.7117649386927036,0.7117649386927036,,,,1.0
20,acetone_hl_gap_eV,74,1.0,0.0,0.7117649386927036,0.7117649386927036,,,,1.0
20,acetone_hl_gap_eV,75,1.0,0.0,0.7117649386927036,0.7117649386927036,,,,1.0
20,acetone_hl_gap_eV,76,1.0,0.0,0.7117649386927036,0.7117649386927036,,,,1.0
20,acetone_hl_gap_eV,77,1.0,0.0,0.7117649386927036,0.7117649386927036,,,,1.0
20,acetone_hl_gap_eV,78,1.0,0.0,0.7117649386927036,0.7117649386927036,,,,1.0
20,acetone_hl_gap_eV,79,1.0,0.0,0.7117649386927036,0.7117649386927036,,,,1.0
20,acetone_hl_gap_eV,80,1.0,0.0,0.7117649386927036,0.7117649386927036,,,,1.0
20,acetone_hl_gap_eV,81,1.0,0.0,0.7117649386927036,0.7117649386927036,,,,1.0
20,acetone_hl_gap_eV,82,1.0,0.0,0.7117649386927036,0.7117649386927036,,,,1.0
20,acetone_hl_gap_eV,83,1.0,0.0,0.7117649386927036,0.7117649386927036,,,,1.0
20,acetone_hl_gap_eV,84,1.0,0.0,0.7117649386927036,0.7117649386927036,,,,1.0
20,acetone_hl_gap_eV,85,1.0,0.0,0.7117649386927036,0.7117649386927036,,,,1.0
20,acetone_hl_gap_eV,86,1.0,0.0,0.7117649386927036,0.7117649386927036,,,,1.0
20,acetone_hl_gap_eV,87,1.0,0.0,0.7117649386927036,0.7117649386927036,,,,1.0
20,acetone_hl_gap_eV,88,1.0,0.0,0.7117649386927036,0.7117649386927036,,,,1.0
20,acetone_hl_gap_eV,89,1.0,0.0,0.7117649386927036,0.7117649386927036,,,,1.0
20,acetone_hl_gap_eV,90,1.0,0.0,0.7117649386927036,0.7117649386927036,,,,1.0
20,acetone_hl_gap_eV,91,1.0,0.0,0.7117649386927036,0.7117649386927036,,,,1.0
20,acetone_hl_gap_eV,92,1.0,0.0,0.7117649386927036,0.7117649386927036,,,,1.0
20,acetone_hl_gap_eV,93,1.0,0.0,0.7117649386927036,0.7117649386927036,,,,1.0
20,acetone_hl_gap_eV,94,1.0,0.0,0.7117649386927036,0.7117649386927036,,,,1.0
20,acetone_hl_gap_eV,95,1.0,0.0,0.7117649386927036,0.7117649386927036,,,,1.0
20,acetone_hl_gap_eV,96,1.0,0.0,0.7117649386927036,0.7117649386927036,,,,1.0
20,acetone_hl_gap_eV,97,1.0,0.0,0.7117649386927036,0.7117649386927036,,,,1.0
20,acetone_hl_gap_eV,98,1.0,0.0,0.7117649386927036,0.7117649386927036,,,,1.0
20,acetone_hl_gap_eV,99,1.0,0.0,0.7117649386927036,0.7117649386927036,,,,1.0
20,acetone_hl_gap_eV,100,1.0,0.0,0.7117649386927036,0.7117649386927036,,,,1.0
20,acetone_hl_gap_eV,101,1.0,0.0,0.7117649386927036,0.7117649386927036,,,,1.0
20,acetone_hl_gap_eV,102,1.0,0.0,0.7117649386927036,0.7117649386927036,,,,1.0
20,acetone_hl_gap_eV,103,1.0,0.0,0.7117649386927036,0.7117649386927036,,,,1.0
20,acetone_hl_gap_eV,104,1.0,0.0,0.7117649386927036,0.7117649386927036,,,,1.0
20,acetone_hl_gap_eV,105,1.0,0.0,0.7117649386927036,0.7117649386927036,,,,1.0
20,acetone_hl_gap_eV,106,1.0,0.0,0.7117649386927036,0.7117649386927036,,,,1.0
20,acetone_hl_gap_eV,107,1.0,0.0,0.7117649386927036,0.7117649386927036,,,,1.0
20,acetone_hl_gap_eV,108,1.0,0.0,0.7117649386927036,0.7117649386927036,,,,1.0
20,acetone_hl_gap_eV,109,1.0,0.0,0.7117649386927036,0.7117649386927036,,,,1.0
20,acetone_hl_gap_eV,110,1.0,0.0,0.7117649386927036,0.7117649386927036,,,,1.0
20,acetone_hl_gap_eV,111,1.0,0.0,0.7117649386927036,0.7117649386927036,,,,1.0
20,acetone_hl_gap_eV,112,1.0,0.0,0.7117649386927036,0.7117649386927036,,,,1.0
20,acetone_hl_gap_eV,113,1.0,0.0,0.7117649386927036,0.7117649386927036,,,,1.0
20,acetone_hl_gap_eV,114,1.0,0.0,0.7117649386927036,0.7117649386927036,,,,1.0
20,acetone_hl_gap_eV,115,1.0,0.0,0.7117649386927036,0.7117649386927036,,,,1.0
20,acetone_hl_gap_eV,116,1.0,0.0,0.7117649386927036,0.7117649386927036,,,,1.0
20,acetone_hl_gap_eV,117,1.0,0.0,0.7117649386927036,0.7117649386927036,,,,1.0
20,acetone_hl_gap_eV,118,1.0,0.0,0.7117649386927036,0.7117649386927036,,,,1.0
20,acetone_hl_gap_eV,119,1.0,0.0,0.7117649386927036,0.7117649386927036,,,,1.0
20,acetone_hl_gap_eV,120,1.0,0.0,0.7117649386927036,0.7117649386927036,,,,1.0
20,acetone_hl_gap_eV,121,1.0,0.0,0.7117649386927036,0.7117649386927036,,,,1.0
20,acetone_hl_gap_eV,122,1.0,0.0,0.7117649386927036,0.7117649386927036,,,,1.0
20,acetone_hl_gap_eV,123,1.0,0.0,0.7117649386927036,0.7117649386927036,,,,1.0
20,acetone_hl_gap_eV,124,1.0,0.0,0.7117649386927036,0.7117649386927036,,,,1.0
20,acetone_hl_gap_eV,125,1.0,0.0,0.7117649386927036,0.7117649386927036,,,,1.0
20,acetone_hl_gap_eV,126,1.0,0.0,0.7117649386927036,0.7117649386927036,,,,1.0
20,acetone_hl_gap_eV,127,1.0,0.0,0.7117649386927036,0.7117649386927036,,,,1.0
20,acetone_hl_gap_eV,128,1.0,0.0,0.7117649386927036,0.7117649386927036,,,,1.0
20,acetone_hl_gap_eV,129,1.0,0.0,0.7117649386927036,0.7117649386927036,,,,1.0
20,acetone_hl_gap_eV,130,1.0,0.0,0.7117649386927036,0.7117649386927036,,,,1.0
20,acetone_hl_gap_eV,131,1.0,0.0,0.7117649386927036,0.7117649386927036,,,,1.0
20,acetone_hl_gap_eV,132,1.0,0.0,0.7117649386927036,0.7117649386927036,,,,1.0
20,acetone_hl_gap_eV,133,1.0,0.0,0.7117649386927036,0.7117649386927036,,,,1.0
20,acetone_hl_gap_eV,134,1.0,0.0,0.7117649386927036,0.7117649386927036,,,,1.0
20,acetone_hl_gap_eV,135,1.0,0.0,0.7117649386927036,0.7117649386927036,,,,1.0
20,acetone_hl_gap_eV,136,1.0,0.0,0.7117649386927036,0.7117649386927036,,,,1.0
20,acetone_hl_gap_eV,137,1.0,0.0,0.7117649386927036,0.7117649386927036,,,,1.0
20,acetone_hl_gap_eV,138,1.0,0.0,0.7117649386927036,0.7117649386927036,,,,1.0
20,acetone_hl_gap_eV,139,1.0,0.0,0.7117649386927036,0.7117649386927036,,,,1.0
20,acetone_hl_gap_eV,140,1.0,0.0,0.7117649386927036,0.7117649386927036,,,,1.0
20,acetone_hl_gap_eV,141,1.0,0.0,0.7117649386927036,0.7117649386927036,,,,1.0
20,acetone_hl_gap_eV,142,1.0,0.0,0.7117649386927036,0.7117649386927036,,,,1.0
20,acetone_hl_gap_eV,143,1.0,0.0,0.7117649386927036,0.7117649386927036,,,,1.0
20,acetone_hl_gap_eV,144,1.0,0.0,0.7117649386927036,0.7117649386927036,,,,1.0
20,acetone_hl_gap_eV,145,1.0,0.0,0.7117649386927036,0.7117649386927036,,,,1.0
20,acetone_hl_gap_eV,146,1.0,0.0,0.7117649386927036,0.7117649386927036,,,,1.0
20,acetone_hl_gap_eV,147,1.0,0.0,0.7117649386927036,0.7117649386927036,,,,1.0
20,acetone_hl_gap_eV,148,1.0,0.0,0.7117649386927036,0.7117649386927036,,,,1.0
20,acetone_hl_gap_eV,149,1.0,0.0,0.7117649386927036,0.7117649386927036,,,,1.0
20,acetone_hl_gap_eV,150,1.0,0.0,0.7117649386927036,0.7117649386927036,,,,1.0
20,acetone_hl_gap_eV,151,1.0,0.0,0.7117649386927036,0.7117649386927036,,,,1.0
20,acetone_hl_gap_eV,152,1.0,0.0,0.7117649386927036,0.7117649386927036,,,,1.0
20,acetone_hl_gap_eV,153,1.0,0.0,0.7117649386927036,0.7117649386927036,,,,1.0
20,acetone_hl_gap_eV,154,1.0,0.0,0.7117649386927036,0.7117649386927036,,,,1.0
20,acetone_hl_gap_eV,155,1.0,0.0,0.7117649386927036,0.7117649386927036,,,,1.0
20,acetone_hl_gap_eV,156,1.0,0.0,0.7117649386927036,0.7117649386927036,,,,1.0
20,acetone_hl_gap_eV,157,1.0,0.0,0.7117649386927036,0.7117649386927036,,,,1.0
20,acetone_hl_gap_eV,158,1.0,0.0,0.7117649386927036,0.7117649386927036,,,,1.0
20,acetone_hl_gap_eV,159,1.0,0.0,0.7117649386927036,0.7117649386927036,,,,1.0
20,acetone_hl_gap_eV,160,1.0,0.0,0.7117649386927036,0.7117649386927036,,,,1.0
20,acetone_hl_gap_eV,161,1.0,0.0,0.7117649386927036,0.7117649386927036,,,,1.0
20,acetone_hl_gap_eV,162,1.0,0.0,0.7117649386927036,0.7117649386927036,,,,1.0
20,acetone_hl_gap_eV,163,1.0,0.0,0.7117649386927036,0.7117649386927036,,,,1.0
20,acetone_hl_gap_eV,164,1.0,0.0,0.7117649386927036,0.7117649386927036,,,,1.0
20,acetone_hl_gap_eV,165,1.0,0.0,0.7117649386927036,0.7117649386927036,,,,1.0
20,acetone_hl_gap_eV,166,1.0,0.0,0.7117649386927036,0.7117649386927036,,,,1.0
20,acetone_hl_gap_eV,167,1.0,0.0,0.7117649386927036,0.7117649386927036,,,,1.0
20,acetone_hl_gap_eV,168,1.0,0.0,0.7117649386927036,0.7117649386927036,,,,1.0
20,acetone_hl_gap_eV,169,1.0,0.0,0.7117649386927036,0.7117649386927036,,,,1.0
20,acetone_hl_gap_eV,170,1.0,0.0,0.7117649386927036,0.7117649386927036,,,,1.0
20,acetone_hl_gap_eV,171,1.0,0.0,0.7117649386927036,0.7117649386927036,,,,1.0
20,acetone_hl_gap_eV,172,1.0,0.0,0.7117649386927036,0.7117649386927036,,,,1.0
20,acetone_hl_gap_eV,173,1.0,0.0,0.7117649386927036,0.7117649386927036,,,,1.0
20,acetone_hl_gap_eV,174,1.0,0.0,0.7117649386927036,0.7117649386927036,,,,1.0
20,acetone_hl_gap_eV,175,1.0,0.0,0.7117649386927036,0.7117649386927036,,,,1.0
20,acetone_hl_gap_eV,176,1.0,0.0,0.7117649386927036,0.7117649386927036,,,,1.0
20,acetone_hl_gap_eV,177,1.0,0.0,0.7117649386927036,0.7117649386927036,,,,1.0
20,acetone_hl_gap_eV,178,1.0,0.0,0.7117649386927036,0.7117649386927036,,,,1.0
20,acetone_hl_gap_eV,179,1.0,0.0,0.7117649386927036,0.7117649386927036,,,,1.0
20,acetone_hl_gap_eV,180,1.0,0.0,0.7117649386927036,0.7117649386927036,,,,1.0
20,acetone_hl_gap_eV,181,1.0,0.0,0.7117649386927036,0.7117649386927036,,,,1.0
20,acetone_hl_gap_eV,182,1.0,0.0,0.7117649386927036,0.7117649386927036,,,,1.0
20,acetone_hl_gap_eV,183,1.0,0.0,0.7117649386927036,0.7117649386927036,,,,1.0
20,acetone_hl_gap_eV,184,1.0,0.0,0.7117649386927036,0.7117649386927036,,,,1.0
20,acetone_hl_gap_eV,185,1.0,0.0,0.7117649386927036,0.7117649386927036,,,,1.0
20,acetone_hl_gap_eV,186,1.0,0.0,0.7117649386927036,0.7117649386927036,,,,1.0
20,acetone_hl_gap_eV,187,1.0,0.0,0.7117649386927036,0.7117649386927036,,,,1.0
20,acetone_hl_gap_eV,188,1.0,0.0,0.7117649386927036,0.7117649386927036,,,,1.0
20,acetone_hl_gap_eV,189,1.0,0.0,0.7117649386927036,0.7117649386927036,,,,1.0
20,acetone_hl_gap_eV,190,1.0,0.0,0.7117649386927036,0.7117649386927036,,,,1.0
20,acetone_hl_gap_eV,191,1.0,0.0,0.7117649386927036,0.7117649386927036,,,,1.0
20,acetone_hl_gap_eV,192,1.0,0.0,0.7117649386927036,0.7117649386927036,,,,1.0
20,acetone_hl_gap_eV,193,1.0,0.0,0.7117649386927036,0.7117649386927036,,,,1.0
20,acetone_hl_gap_eV,194,1.0,0.0,0.7117649386927036,0.7117649386927036,,,,1.0
20,acetone_hl_gap_eV,195,1.0,0.0,0.7117649386927036,0.7117649386927036,,,,1.0
20,acetone_hl_gap_eV,196,1.0,0.0,0.7117649386927036,0.7117649386927036,,,,1.0
20,acetone_hl_gap_eV,197,1.0,0.0,0.7117649386927036,0.7117649386927036,,,,1.0
20,acetone_hl_gap_eV,198,1.0,0.0,0.7117649386927036,0.7117649386927036,,,,1.0
20,acetone_hl_gap_eV,199,1.0,0.0,0.7117649386927036,0.7117649386927036,,,,1.0
20,acetone_hl_gap_eV,200,1.0,0.0,0.7117649386927036,0.7117649386927036,,,,1.0
20,acetone_hl_gap_eV,201,1.0,0.0,0.7117649386927036,0.7117649386927036,,,,1.0
20,acetone_hl_gap_eV,202,1.0,0.0,0.7117649386927036,0.7117649386927036,,,,1.0
20,acetone_hl_gap_eV,203,1.0,0.0,0.7117649386927036,0.7117649386927036,,,,1.0
20,acetone_hl_gap_eV,204,1.0,0.0,0.7117649386927036,0.7117649386927036,,,,1.0
20,acetone_hl_gap_eV,205,1.0,0.0,0.7117649386927036,0.7117649386927036,,,,1.0
20,acetone_hl_gap_eV,206,1.0,0.0,0.7117649386927036,0.7117649386927036,,,,1.0
20,acetone_hl_gap_eV,207,1.0,0.0,0.7117649386927036,0.7117649386927036,,,,1.0
20,acetone_hl_gap_eV,208,1.0,0.0,0.7117649386927036,0.7117649386927036,,,,1.0
20,acetone_hl_gap_eV,209,1.0,0.0,0.7117649386927036,0.7117649386927036,,,,1.0
20,acetone_hl_gap_eV,210,1.0,0.0,0.7117649386927036,0.7117649386927036,,,,1.0
20,acetone_hl_gap_eV,211,1.0,0.0,0.7117649386927036,0.7117649386927036,,,,1.0
20,acetone_hl_gap_eV,212,1.0,0.0,0.7117649386927036,0.7117649386927036,,,,1.0
20,acetone_hl_gap_eV,213,1.0,0.0,0.7117649386927036,0.7117649386927036,,,,1.0
20,acetone_hl_gap_eV,214,1.0,0.0,0.7117649386927036,0.7117649386927036,,,,1.0
20,acetone_hl_gap_eV,215,1.0,0.0,0.7117649386927036,0.7117649386927036,,,,1.0
20,acetone_hl_gap_eV,216,1.0,0.0,0.7117649386927036,0.7117649386927036,,,,1.0
20,acetone_hl_gap_eV,217,1.0,0.0,0.7117649386927036,0.7117649386927036,,,,1.0
20,acetone_hl_gap_eV,218,1.0,0.0,0.7117649386927036,0.7117649386927036,,,,1.0
20,acetone_hl_gap_eV,219,1.0,0.0,0.7117649386927036,0.7117649386927036,,,,1.0
20,acetone_hl_gap_eV,220,1.0,0.0,0.7117649386927036,0.7117649386927036,,,,1.0
20,acetone_hl_gap_eV,221,1.0,0.0,0.7117649386927036,0.7117649386927036,,,,1.0
20,acetone_hl_gap_eV,222,1.0,0.0,0.7117649386927036,0.7117649386927036,,,,1.0
20,acetone_hl_gap_eV,223,1.0,0.0,0.7117649386927036,0.7117649386927036,,,,1.0
20,acetone_hl_gap_eV,224,1.0,0.0,0.7117649386927036,0.7117649386927036,,,,1.0
20,acetone_hl_gap_eV,225,1.0,0.0,0.7117649386927036,0.7117649386927036,,,,1.0
20,acetone_hl_gap_eV,226,1.0,0.0,0.7117649386927036,0.7117649386927036,,,,1.0
20,acetone_hl_gap_eV,227,1.0,0.0,0.7117649386927036,0.7117649386927036,,,,1.0
20,acetone_hl_gap_eV,228,1.0,0.0,0.7117649386927036,0.7117649386927036,,,,1.0
20,acetone_hl_gap_eV,229,1.0,0.0,0.7117649386927036,0.7117649386927036,,,,1.0
20,acetone_hl_gap_eV,230,1.0,0.0,0.7117649386927036,0.7117649386927036,,,,1.0
20,acetone_hl_gap_eV,231,1.0,0.0,0.7117649386927036,0.7117649386927036,,,,1.0
20,acetone_hl_gap_eV,232,1.0,0.0,0.7117649386927036,0.7117649386927036,,,,1.0
20,acetone_hl_gap_eV,233,1.0,0.0,0.7117649386927036,0.7117649386927036,,,,1.0
20,acetone_hl_gap_eV,234,1.0,0.0,0.7117649386927036,0.7117649386927036,,,,1.0
20,acetone_hl_gap_eV,235,1.0,0.0,0.7117649386927036,0.7117649386927036,,,,1.0
20,acetone_hl_gap_eV,236,1.0,0.0,0.7117649386927036,0.7117649386927036,,,,1.0
20,acetone_hl_gap_eV,237,1.0,0.0,0.7117649386927036,0.7117649386927036,,,,1.0
20,acetone_hl_gap_eV,238,1.0,0.0,0.7117649386927036,0.7117649386927036,,,,1.0
20,acetone_hl_gap_eV,239,1.0,0.0,0.7117649386927036,0.7117649386927036,,,,1.0
20,acetone_hl_gap_eV,240,1.0,0.0,0.7117649386927036,0.7117649386927036,,,,1.0
20,acetone_hl_gap_eV,241,1.0,0.0,0.7117649386927036,0.7117649386927036,,,,1.0
20,acetone_hl_gap_eV,242,1.0,0.0,0.7117649386927036,0.7117649386927036,,,,1.0
20,acetone_hl_gap_eV,243,1.0,0.0,0.7117649386927036,0.7117649386927036,,,,1.0
20,acetone_hl_gap_eV,244,1.0,0.0,0.7117649386927036,0.7117649386927036,,,,1.0
20,acetone_hl_gap_eV,245,1.0,0.0,0.7117649386927036,0.7117649386927036,,,,1.0
20,acetone_hl_gap_eV,246,1.0,0.0,0.7117649386927036,0.7117649386927036,,,,1.0
20,acetone_hl_gap_eV,247,1.0,0.0,0.7117649386927036,0.7117649386927036,,,,1.0
20,acetone_hl_gap_eV,248,1.0,0.0,0.7117649386927036,0.7117649386927036,,,,1.0
20,acetone_hl_gap_eV,249,1.0,0.0,0.7117649386927036,0.7117649386927036,,,,1.0
20,acetone_dipole,0,0.9999999403953552,0.0,0.6175406455196417,0.6175406455196417,,,,1.0
20,acetone_dipole,1,0.9999999403953552,0.0,0.6175406455196417,0.6175406455196417,,,,1.0
20,acetone_dipole,2,0.9999999403953552,0.0,0.6175406455196417,0.6175406455196417,,,,1.0
20,acetone_dipole,3,0.9999999403953552,0.0,0.6175406455196417,0.6175406455196417,,,,1.0
20,acetone_dipole,4,0.9999999403953552,0.0,0.6175406455196417,0.6175406455196417,,,,1.0
20,acetone_dipole,5,0.9999999403953552,0.0,0.6175406455196417,0.6175406455196417,,,,1.0
20,acetone_dipole,6,0.9999999403953552,0.0,0.6175406455196417,0.6175406455196417,,,,1.0
20,acetone_dipole,7,0.9999999403953552,0.0,0.6175406455196417,0.6175406455196417,,,,1.0
20,acetone_dipole,8,0.9999999403953552,0.0,0.6175406455196417,0.6175406455196417,,,,1.0
20,acetone_dipole,9,0.9999999403953552,0.0,0.6175406455196417,0.6175406455196417,,,,1.0
20,acetone_dipole,10,0.9999999403953552,0.0,0.6175406455196417,0.6175406455196417,,,,1.0
20,acetone_dipole,11,0.9999999403953552,0.0,0.6175406455196417,0.6175406455196417,,,,1.0
20,acetone_dipole,12,0.9999999403953552,0.0,0.6175406455196417,0.6175406455196417,,,,1.0
20,acetone_dipole,13,0.9999999403953552,0.0,0.6175406455196417,0.6175406455196417,,,,1.0
20,acetone_dipole,14,0.9999999403953552,0.0,0.6175406455196417,0.6175406455196417,,,,1.0
20,acetone_dipole,15,0.9999999403953552,0.0,0.6175406455196417,0.6175406455196417,,,,1.0
20,acetone_dipole,16,0.9999999403953552,0.0,0.6175406455196417,0.6175406455196417,,,,1.0
20,acetone_dipole,17,0.9999999403953552,0.0,0.6175406455196417,0.6175406455196417,,,,1.0
20,acetone_dipole,18,0.9999999403953552,0.0,0.6175406455196417,0.6175406455196417,,,,1.0
20,acetone_dipole,19,0.9999999403953552,0.0,0.6175406455196417,0.6175406455196417,,,,1.0
20,acetone_dipole,20,0.9999999403953552,0.0,0.6175406455196417,0.6175406455196417,,,,1.0
20,acetone_dipole,21,0.9999999403953552,0.0,0.6175406455196417,0.6175406455196417,,,,1.0
20,acetone_dipole,22,0.9999999403953552,0.0,0.6175406455196417,0.6175406455196417,,,,1.0
20,acetone_dipole,23,0.9999999403953552,0.0,0.6175406455196417,0.6175406455196417,,,,1.0
20,acetone_dipole,24,0.9999999403953552,0.0,0.6175406455196417,0.6175406455196417,,,,1.0
20,acetone_dipole,25,0.9999999403953552,0.0,0.6175406455196417,0.6175406455196417,,,,1.0
20,acetone_dipole,26,0.9999999403953552,0.0,0.6175406455196417,0.6175406455196417,,,,1.0
20,acetone_dipole,27,0.9999999403953552,0.0,0.6175406455196417,0.6175406455196417,,,,1.0
20,acetone_dipole,28,0.9999999403953552,0.0,0.6175406455196417,0.6175406455196417,,,,1.0
20,acetone_dipole,29,0.9999999403953552,0.0,0.6175406455196417,0.6175406455196417,,,,1.0
20,acetone_dipole,30,0.9999999403953552,0.0,0.6175406455196417,0.6175406455196417,,,,1.0
20,acetone_dipole,31,0.9999999403953552,0.0,0.6175406455196417,0.6175406455196417,,,,1.0
20,acetone_dipole,32,0.9999999403953552,0.0,0.6175406455196417,0.6175406455196417,,,,1.0
20,acetone_dipole,33,0.9999999403953552,0.0,0.6175406455196417,0.6175406455196417,,,,1.0
20,acetone_dipole,34,0.9999999403953552,0.0,0.6175406455196417,0.6175406455196417,,,,1.0
20,acetone_dipole,35,0.9999999403953552,0.0,0.6175406455196417,0.6175406455196417,,,,1.0
20,acetone_dipole,36,0.9999999403953552,0.0,0.6175406455196417,0.6175406455196417,,,,1.0
20,acetone_dipole,37,0.9999999403953552,0.0,0.6175406455196417,0.6175406455196417,,,,1.0
20,acetone_dipole,38,0.9999999403953552,0.0,0.6175406455196417,0.6175406455196417,,,,1.0
20,acetone_dipole,39,0.9999999403953552,0.0,0.6175406455196417,0.6175406455196417,,,,1.0
20,acetone_dipole,40,0.9999999403953552,0.0,0.6175406455196417,0.6175406455196417,,,,1.0
20,acetone_dipole,41,0.9999999403953552,0.0,0.6175406455196417,0.6175406455196417,,,,1.0
20,acetone_dipole,42,0.9999999403953552,0.0,0.6175406455196417,0.6175406455196417,,,,1.0
20,acetone_dipole,43,0.9999999403953552,0.0,0.6175406455196417,0.6175406455196417,,,,1.0
20,acetone_dipole,44,0.9999999403953552,0.0,0.6175406455196417,0.6175406455196417,,,,1.0
20,acetone_dipole,45,0.9999999403953552,0.0,0.6175406455196417,0.6175406455196417,,,,1.0
20,acetone_dipole,46,0.9999999403953552,0.0,0.6175406455196417,0.6175406455196417,,,,1.0
20,acetone_dipole,47,0.9999999403953552,0.0,0.6175406455196417,0.6175406455196417,,,,1.0
20,acetone_dipole,48,0.9999999403953552,0.0,0.6175406455196417,0.6175406455196417,,,,1.0
20,acetone_dipole,49,0.9999999403953552,0.0,0.6175406455196417,0.6175406455196417,,,,1.0
20,acetone_dipole,50,0.9999999403953552,0.0,0.6175406455196417,0.6175406455196417,,,,1.0
20,acetone_dipole,51,0.9999999403953552,0.0,0.6175406455196417,0.6175406455196417,,,,1.0
20,acetone_dipole,52,0.9999999403953552,0.0,0.6175406455196417,0.6175406455196417,,,,1.0
20,acetone_dipole,53,0.9999999403953552,0.0,0.6175406455196417,0.6175406455196417,,,,1.0
20,acetone_dipole,54,0.9999999403953552,0.0,0.6175406455196417,0.6175406455196417,,,,1.0
20,acetone_dipole,55,0.9999999403953552,0.0,0.6175406455196417,0.6175406455196417,,,,1.0
20,acetone_dipole,56,0.9999999403953552,0.0,0.6175406455196417,0.6175406455196417,,,,1.0
20,acetone_dipole,57,0.9999999403953552,0.0,0.6175406455196417,0.6175406455196417,,,,1.0
20,acetone_dipole,58,0.9999999403953552,0.0,0.6175406455196417,0.6175406455196417,,,,1.0
20,acetone_dipole,59,0.9999999403953552,0.0,0.6175406455196417,0.6175406455196417,,,,1.0
20,acetone_dipole,60,0.9999999403953552,0.0,0.6175406455196417,0.6175406455196417,,,,1.0
20,acetone_dipole,61,0.9999999403953552,0.0,0.6175406455196417,0.6175406455196417,,,,1.0
20,acetone_dipole,62,0.9999999403953552,0.0,0.6175406455196417,0.6175406455196417,,,,1.0
20,acetone_dipole,63,0.9999999403953552,0.0,0.6175406455196417,0.6175406455196417,,,,1.0
20,acetone_dipole,64,0.9999999403953552,0.0,0.6175406455196417,0.6175406455196417,,,,1.0
20,acetone_dipole,65,0.9999999403953552,0.0,0.6175406455196417,0.6175406455196417,,,,1.0
20,acetone_dipole,66,0.9999999403953552,0.0,0.6175406455196417,0.6175406455196417,,,,1.0
20,acetone_dipole,67,0.9999999403953552,0.0,0.6175406455196417,0.6175406455196417,,,,1.0
20,acetone_dipole,68,0.9999999403953552,0.0,0.6175406455196417,0.6175406455196417,,,,1.0
20,acetone_dipole,69,0.9999999403953552,0.0,0.6175406455196417,0.6175406455196417,,,,1.0
20,acetone_dipole,70,0.9999999403953552,0.0,0.6175406455196417,0.6175406455196417,,,,1.0
20,acetone_dipole,71,0.9999999403953552,0.0,0.6175406455196417,0.6175406455196417,,,,1.0
20,acetone_dipole,72,0.9999999403953552,0.0,0.6175406455196417,0.6175406455196417,,,,1.0
20,acetone_dipole,73,0.9999999403953552,0.0,0.6175406455196417,0.6175406455196417,,,,1.0
20,acetone_dipole,74,0.9999999403953552,0.0,0.6175406455196417,0.6175406455196417,,,,1.0
20,acetone_dipole,75,0.9999999403953552,0.0,0.6175406455196417,0.6175406455196417,,,,1.0
20,acetone_dipole,76,0.9999999403953552,0.0,0.6175406455196417,0.6175406455196417,,,,1.0
20,acetone_dipole,77,0.9999999403953552,0.0,0.6175406455196417,0.6175406455196417,,,,1.0
20,acetone_dipole,78,0.9999999403953552,0.0,0.6175406455196417,0.6175406455196417,,,,1.0
20,acetone_dipole,79,0.9999999403953552,0.0,0.6175406455196417,0.6175406455196417,,,,1.0
20,acetone_dipole,80,0.9999999403953552,0.0,0.6175406455196417,0.6175406455196417,,,,1.0
20,acetone_dipole,81,0.9999999403953552,0.0,0.6175406455196417,0.6175406455196417,,,,1.0
20,acetone_dipole,82,0.9999999403953552,0.0,0.6175406455196417,0.6175406455196417,,,,1.0
20,acetone_dipole,83,0.9999999403953552,0.0,0.6175406455196417,0.6175406455196417,,,,1.0
20,acetone_dipole,84,0.9999999403953552,0.0,0.6175406455196417,0.6175406455196417,,,,1.0
20,acetone_dipole,85,0.9999999403953552,0.0,0.6175406455196417,0.6175406455196417,,,,1.0
20,acetone_dipole,86,0.9999999403953552,0.0,0.6175406455196417,0.6175406455196417,,,,1.0
20,acetone_dipole,87,0.9999999403953552,0.0,0.6175406455196417,0.6175406455196417,,,,1.0
20,acetone_dipole,88,0.9999999403953552,0.0,0.6175406455196417,0.6175406455196417,,,,1.0
20,acetone_dipole,89,0.9999999403953552,0.0,0.6175406455196417,0.6175406455196417,,,,1.0
20,acetone_dipole,90,0.9999999403953552,0.0,0.6175406455196417,0.6175406455196417,,,,1.0
20,acetone_dipole,91,0.9999999403953552,0.0,0.6175406455196417,0.6175406455196417,,,,1.0
20,acetone_dipole,92,0.9999999403953552,0.0,0.6175406455196417,0.6175406455196417,,,,1.0
20,acetone_dipole,93,0.9999999403953552,0.0,0.6175406455196417,0.6175406455196417,,,,1.0
20,acetone_dipole,94,0.9999999403953552,0.0,0.6175406455196417,0.6175406455196417,,,,1.0
20,acetone_dipole,95,0.9999999403953552,0.0,0.6175406455196417,0.6175406455196417,,,,1.0
20,acetone_dipole,96,0.9999999403953552,0.0,0.6175406455196417,0.6175406455196417,,,,1.0
20,acetone_dipole,97,0.9999999403953552,0.0,0.6175406455196417,0.6175406455196417,,,,1.0
20,acetone_dipole,98,0.9999999403953552,0.0,0.6175406455196417,0.6175406455196417,,,,1.0
20,acetone_dipole,99,0.9999999403953552,0.0,0.6175406455196417,0.6175406455196417,,,,1.0
20,acetone_dipole,100,0.9999999403953552,0.0,0.6175406455196417,0.6175406455196417,,,,1.0
20,acetone_dipole,101,0.9999999403953552,0.0,0.6175406455196417,0.6175406455196417,,,,1.0
20,acetone_dipole,102,0.9999999403953552,0.0,0.6175406455196417,0.6175406455196417,,,,1.0
20,acetone_dipole,103,0.9999999403953552,0.0,0.6175406455196417,0.6175406455196417,,,,1.0
20,acetone_dipole,104,0.9999999403953552,0.0,0.6175406455196417,0.6175406455196417,,,,1.0
20,acetone_dipole,105,0.9999999403953552,0.0,0.6175406455196417,0.6175406455196417,,,,1.0
20,acetone_dipole,106,0.9999999403953552,0.0,0.6175406455196417,0.6175406455196417,,,,1.0
20,acetone_dipole,107,0.9999999403953552,0.0,0.6175406455196417,0.6175406455196417,,,,1.0
20,acetone_dipole,108,0.9999999403953552,0.0,0.6175406455196417,0.6175406455196417,,,,1.0
20,acetone_dipole,109,0.9999999403953552,0.0,0.6175406455196417,0.6175406455196417,,,,1.0
20,acetone_dipole,110,0.9999999403953552,0.0,0.6175406455196417,0.6175406455196417,,,,1.0
20,acetone_dipole,111,0.9999999403953552,0.0,0.6175406455196417,0.6175406455196417,,,,1.0
20,acetone_dipole,112,0.9999999403953552,0.0,0.6175406455196417,0.6175406455196417,,,,1.0
20,acetone_dipole,113,0.9999999403953552,0.0,0.6175406455196417,0.6175406455196417,,,,1.0
20,acetone_dipole,114,0.9999999403953552,0.0,0.6175406455196417,0.6175406455196417,,,,1.0
20,acetone_dipole,115,0.9999999403953552,0.0,0.6175406455196417,0.6175406455196417,,,,1.0
20,acetone_dipole,116,0.9999999403953552,0.0,0.6175406455196417,0.6175406455196417,,,,1.0
20,acetone_dipole,117,0.9999999403953552,0.0,0.6175406455196417,0.6175406455196417,,,,1.0
20,acetone_dipole,118,0.9999999403953552,0.0,0.6175406455196417,0.6175406455196417,,,,1.0
20,acetone_dipole,119,0.9999999403953552,0.0,0.6175406455196417,0.6175406455196417,,,,1.0
20,acetone_dipole,120,0.9999999403953552,0.0,0.6175406455196417,0.6175406455196417,,,,1.0
20,acetone_dipole,121,0.9999999403953552,0.0,0.6175406455196417,0.6175406455196417,,,,1.0
20,acetone_dipole,122,0.9999999403953552,0.0,0.6175406455196417,0.6175406455196417,,,,1.0
20,acetone_dipole,123,0.9999999403953552,0.0,0.6175406455196417,0.6175406455196417,,,,1.0
20,acetone_dipole,124,0.9999999403953552,0.0,0.6175406455196417,0.6175406455196417,,,,1.0
20,acetone_dipole,125,0.9999999403953552,0.0,0.6175406455196417,0.6175406455196417,,,,1.0
20,acetone_dipole,126,0.9999999403953552,0.0,0.6175406455196417,0.6175406455196417,,,,1.0
20,acetone_dipole,127,0.9999999403953552,0.0,0.6175406455196417,0.6175406455196417,,,,1.0
20,acetone_dipole,128,0.9999999403953552,0.0,0.6175406455196417,0.6175406455196417,,,,1.0
20,acetone_dipole,129,0.9999999403953552,0.0,0.6175406455196417,0.6175406455196417,,,,1.0
20,acetone_dipole,130,0.9999999403953552,0.0,0.6175406455196417,0.6175406455196417,,,,1.0
20,acetone_dipole,131,0.9999999403953552,0.0,0.6175406455196417,0.6175406455196417,,,,1.0
20,acetone_dipole,132,0.9999999403953552,0.0,0.6175406455196417,0.6175406455196417,,,,1.0
20,acetone_dipole,133,0.9999999403953552,0.0,0.6175406455196417,0.6175406455196417,,,,1.0
20,acetone_dipole,134,0.9999999403953552,0.0,0.6175406455196417,0.6175406455196417,,,,1.0
20,acetone_dipole,135,0.9999999403953552,0.0,0.6175406455196417,0.6175406455196417,,,,1.0
20,acetone_dipole,136,0.9999999403953552,0.0,0.6175406455196417,0.6175406455196417,,,,1.0
20,acetone_dipole,137,0.9999999403953552,0.0,0.6175406455196417,0.6175406455196417,,,,1.0
20,acetone_dipole,138,0.9999999403953552,0.0,0.6175406455196417,0.6175406455196417,,,,1.0
20,acetone_dipole,139,0.9999999403953552,0.0,0.6175406455196417,0.6175406455196417,,,,1.0
20,acetone_dipole,140,0.9999999403953552,0.0,0.6175406455196417,0.6175406455196417,,,,1.0
20,acetone_dipole,141,0.9999999403953552,0.0,0.6175406455196417,0.6175406455196417,,,,1.0
20,acetone_dipole,142,0.9999999403953552,0.0,0.6175406455196417,0.6175406455196417,,,,1.0
20,acetone_dipole,143,0.9999999403953552,0.0,0.6175406455196417,0.6175406455196417,,,,1.0
20,acetone_dipole,144,0.9999999403953552,0.0,0.6175406455196417,0.6175406455196417,,,,1.0
20,acetone_dipole,145,0.9999999403953552,0.0,0.6175406455196417,0.6175406455196417,,,,1.0
20,acetone_dipole,146,0.9999999403953552,0.0,0.6175406455196417,0.6175406455196417,,,,1.0
20,acetone_dipole,147,0.9999999403953552,0.0,0.6175406455196417,0.6175406455196417,,,,1.0
20,acetone_dipole,148,0.9999999403953552,0.0,0.6175406455196417,0.6175406455196417,,,,1.0
20,acetone_dipole,149,0.9999999403953552,0.0,0.6175406455196417,0.6175406455196417,,,,1.0
20,acetone_dipole,150,0.9999999403953552,0.0,0.6175406455196417,0.6175406455196417,,,,1.0
20,acetone_dipole,151,0.9999999403953552,0.0,0.6175406455196417,0.6175406455196417,,,,1.0
20,acetone_dipole,152,0.9999999403953552,0.0,0.6175406455196417,0.6175406455196417,,,,1.0
20,acetone_dipole,153,0.9999999403953552,0.0,0.6175406455196417,0.6175406455196417,,,,1.0
20,acetone_dipole,154,0.9999999403953552,0.0,0.6175406455196417,0.6175406455196417,,,,1.0
20,acetone_dipole,155,0.9999999403953552,0.0,0.6175406455196417,0.6175406455196417,,,,1.0
20,acetone_dipole,156,0.9999999403953552,0.0,0.6175406455196417,0.6175406455196417,,,,1.0
20,acetone_dipole,157,0.9999999403953552,0.0,0.6175406455196417,0.6175406455196417,,,,1.0
20,acetone_dipole,158,0.9999999403953552,0.0,0.6175406455196417,0.6175406455196417,,,,1.0
20,acetone_dipole,159,0.9999999403953552,0.0,0.6175406455196417,0.6175406455196417,,,,1.0
20,acetone_dipole,160,0.9999999403953552,0.0,0.6175406455196417,0.6175406455196417,,,,1.0
20,acetone_dipole,161,0.9999999403953552,0.0,0.6175406455196417,0.6175406455196417,,,,1.0
20,acetone_dipole,162,0.9999999403953552,0.0,0.6175406455196417,0.6175406455196417,,,,1.0
20,acetone_dipole,163,0.9999999403953552,0.0,0.6175406455196417,0.6175406455196417,,,,1.0
20,acetone_dipole,164,0.9999999403953552,0.0,0.6175406455196417,0.6175406455196417,,,,1.0
20,acetone_dipole,165,0.9999999403953552,0.0,0.6175406455196417,0.6175406455196417,,,,1.0
20,acetone_dipole,166,0.9999999403953552,0.0,0.6175406455196417,0.6175406455196417,,,,1.0
20,acetone_dipole,167,0.9999999403953552,0.0,0.6175406455196417,0.6175406455196417,,,,1.0
20,acetone_dipole,168,0.9999999403953552,0.0,0.6175406455196417,0.6175406455196417,,,,1.0
20,acetone_dipole,169,0.9999999403953552,0.0,0.6175406455196417,0.6175406455196417,,,,1.0
20,acetone_dipole,170,0.9999999403953552,0.0,0.6175406455196417,0.6175406455196417,,,,1.0
20,acetone_dipole,171,0.9999999403953552,0.0,0.6175406455196417,0.6175406455196417,,,,1.0
20,acetone_dipole,172,0.9999999403953552,0.0,0.6175406455196417,0.6175406455196417,,,,1.0
20,acetone_dipole,173,0.9999999403953552,0.0,0.6175406455196417,0.6175406455196417,,,,1.0
20,acetone_dipole,174,0.9999999403953552,0.0,0.6175406455196417,0.6175406455196417,,,,1.0
20,acetone_dipole,175,0.9999999403953552,0.0,0.6175406455196417,0.6175406455196417,,,,1.0
20,acetone_dipole,176,0.9999999403953552,0.0,0.6175406455196417,0.6175406455196417,,,,1.0
20,acetone_dipole,177,0.9999999403953552,0.0,0.6175406455196417,0.6175406455196417,,,,1.0
20,acetone_dipole,178,0.9999999403953552,0.0,0.6175406455196417,0.6175406455196417,,,,1.0
20,acetone_dipole,179,0.9999999403953552,0.0,0.6175406455196417,0.6175406455196417,,,,1.0
20,acetone_dipole,180,0.9999999403953552,0.0,0.6175406455196417,0.6175406455196417,,,,1.0
20,acetone_dipole,181,0.9999999403953552,0.0,0.6175406455196417,0.6175406455196417,,,,1.0
20,acetone_dipole,182,0.9999999403953552,0.0,0.6175406455196417,0.6175406455196417,,,,1.0
20,acetone_dipole,183,0.9999999403953552,0.0,0.6175406455196417,0.6175406455196417,,,,1.0
20,acetone_dipole,184,0.9999999403953552,0.0,0.6175406455196417,0.6175406455196417,,,,1.0
20,acetone_dipole,185,0.9999999403953552,0.0,0.6175406455196417,0.6175406455196417,,,,1.0
20,acetone_dipole,186,0.9999999403953552,0.0,0.6175406455196417,0.6175406455196417,,,,1.0
20,acetone_dipole,187,0.9999999403953552,0.0,0.6175406455196417,0.6175406455196417,,,,1.0
20,acetone_dipole,188,0.9999999403953552,0.0,0.6175406455196417,0.6175406455196417,,,,1.0
20,acetone_dipole,189,0.9999999403953552,0.0,0.6175406455196417,0.6175406455196417,,,,1.0
20,acetone_dipole,190,0.9999999403953552,0.0,0.6175406455196417,0.6175406455196417,,,,1.0
20,acetone_dipole,191,0.9999999403953552,0.0,0.6175406455196417,0.6175406455196417,,,,1.0
20,acetone_dipole,192,0.9999999403953552,0.0,0.6175406455196417,0.6175406455196417,,,,1.0
20,acetone_dipole,193,0.9999999403953552,0.0,0.6175406455196417,0.6175406455196417,,,,1.0
20,acetone_dipole,194,0.9999999403953552,0.0,0.6175406455196417,0.6175406455196417,,,,1.0
20,acetone_dipole,195,0.9999999403953552,0.0,0.6175406455196417,0.6175406455196417,,,,1.0
20,acetone_dipole,196,0.9999999403953552,0.0,0.6175406455196417,0.6175406455196417,,,,1.0
20,acetone_dipole,197,0.9999999403953552,0.0,0.6175406455196417,0.6175406455196417,,,,1.0
20,acetone_dipole,198,0.9999999403953552,0.0,0.6175406455196417,0.6175406455196417,,,,1.0
20,acetone_dipole,199,0.9999999403953552,0.0,0.6175406455196417,0.6175406455196417,,,,1.0
20,acetone_dipole,200,0.9999999403953552,0.0,0.6175406455196417,0.6175406455196417,,,,1.0
20,acetone_dipole,201,0.9999999403953552,0.0,0.6175406455196417,0.6175406455196417,,,,1.0
20,acetone_dipole,202,0.9999999403953552,0.0,0.6175406455196417,0.6175406455196417,,,,1.0
20,acetone_dipole,203,0.9999999403953552,0.0,0.6175406455196417,0.6175406455196417,,,,1.0
20,acetone_dipole,204,0.9999999403953552,0.0,0.6175406455196417,0.6175406455196417,,,,1.0
20,acetone_dipole,205,0.9999999403953552,0.0,0.6175406455196417,0.6175406455196417,,,,1.0
20,acetone_dipole,206,0.9999999403953552,0.0,0.6175406455196417,0.6175406455196417,,,,1.0
20,acetone_dipole,207,0.9999999403953552,0.0,0.6175406455196417,0.6175406455196417,,,,1.0
20,acetone_dipole,208,0.9999999403953552,0.0,0.6175406455196417,0.6175406455196417,,,,1.0
20,acetone_dipole,209,0.9999999403953552,0.0,0.6175406455196417,0.6175406455196417,,,,1.0
20,acetone_dipole,210,0.9999999403953552,0.0,0.6175406455196417,0.6175406455196417,,,,1.0
20,acetone_dipole,211,0.9999999403953552,0.0,0.6175406455196417,0.6175406455196417,,,,1.0
20,acetone_dipole,212,0.9999999403953552,0.0,0.6175406455196417,0.6175406455196417,,,,1.0
20,acetone_dipole,213,0.9999999403953552,0.0,0.6175406455196417,0.6175406455196417,,,,1.0
20,acetone_dipole,214,0.9999999403953552,0.0,0.6175406455196417,0.6175406455196417,,,,1.0
20,acetone_dipole,215,0.9999999403953552,0.0,0.6175406455196417,0.6175406455196417,,,,1.0
20,acetone_dipole,216,0.9999999403953552,0.0,0.6175406455196417,0.6175406455196417,,,,1.0
20,acetone_dipole,217,0.9999999403953552,0.0,0.6175406455196417,0.6175406455196417,,,,1.0
20,acetone_dipole,218,0.9999999403953552,0.0,0.6175406455196417,0.6175406455196417,,,,1.0
20,acetone_dipole,219,0.9999999403953552,0.0,0.6175406455196417,0.6175406455196417,,,,1.0
20,acetone_dipole,220,0.9999999403953552,0.0,0.6175406455196417,0.6175406455196417,,,,1.0
20,acetone_dipole,221,0.9999999403953552,0.0,0.6175406455196417,0.6175406455196417,,,,1.0
20,acetone_dipole,222,0.9999999403953552,0.0,0.6175406455196417,0.6175406455196417,,,,1.0
20,acetone_dipole,223,0.9999999403953552,0.0,0.6175406455196417,0.6175406455196417,,,,1.0
20,acetone_dipole,224,0.9999999403953552,0.0,0.6175406455196417,0.6175406455196417,,,,1.0
20,acetone_dipole,225,0.9999999403953552,0.0,0.6175406455196417,0.6175406455196417,,,,1.0
20,acetone_dipole,226,0.9999999403953552,0.0,0.6175406455196417,0.6175406455196417,,,,1.0
20,acetone_dipole,227,0.9999999403953552,0.0,0.6175406455196417,0.6175406455196417,,,,1.0
20,acetone_dipole,228,0.9999999403953552,0.0,0.6175406455196417,0.6175406455196417,,,,1.0
20,acetone_dipole,229,0.9999999403953552,0.0,0.6175406455196417,0.6175406455196417,,,,1.0
20,acetone_dipole,230,0.9999999403953552,0.0,0.6175406455196417,0.6175406455196417,,,,1.0
20,acetone_dipole,231,0.9999999403953552,0.0,0.6175406455196417,0.6175406455196417,,,,1.0
20,acetone_dipole,232,0.9999999403953552,0.0,0.6175406455196417,0.6175406455196417,,,,1.0
20,acetone_dipole,233,0.9999999403953552,0.0,0.6175406455196417,0.6175406455196417,,,,1.0
20,acetone_dipole,234,0.9999999403953552,0.0,0.6175406455196417,0.6175406455196417,,,,1.0
20,acetone_dipole,235,0.9999999403953552,0.0,0.6175406455196417,0.6175406455196417,,,,1.0
20,acetone_dipole,236,0.9999999403953552,0.0,0.6175406455196417,0.6175406455196417,,,,1.0
20,acetone_dipole,237,0.9999999403953552,0.0,0.6175406455196417,0.6175406455196417,,,,1.0
20,acetone_dipole,238,0.9999999403953552,0.0,0.6175406455196417,0.6175406455196417,,,,1.0
20,acetone_dipole,239,0.9999999403953552,0.0,0.6175406455196417,0.6175406455196417,,,,1.0
20,acetone_dipole,240,0.9999999403953552,0.0,0.6175406455196417,0.6175406455196417,,,,1.0
20,acetone_dipole,241,0.9999999403953552,0.0,0.6175406455196417,0.6175406455196417,,,,1.0
20,acetone_dipole,242,0.9999999403953552,0.0,0.6175406455196417,0.6175406455196417,,,,1.0
20,acetone_dipole,243,0.9999999403953552,0.0,0.6175406455196417,0.6175406455196417,,,,1.0
20,acetone_dipole,244,0.9999999403953552,0.0,0.6175406455196417,0.6175406455196417,,,,1.0
20,acetone_dipole,245,0.9999999403953552,0.0,0.6175406455196417,0.6175406455196417,,,,1.0
20,acetone_dipole,246,0.9999999403953552,0.0,0.6175406455196417,0.6175406455196417,,,,1.0
20,acetone_dipole,247,0.9999999403953552,0.0,0.6175406455196417,0.6175406455196417,,,,1.0
20,acetone_dipole,248,0.9999999403953552,0.0,0.6175406455196417,0.6175406455196417,,,,1.0
20,acetone_dipole,249,0.9999999403953552,0.0,0.6175406455196417,0.6175406455196417,,,,1.0
20,octanol_gsolv_eV,0,0.18258188664913177,0.04646160081028938,0.6320465371814767,0.9529668019762567,9.912092208862305,0.05012877658009529,0.005057335577979757,0.2
20,octanol_gsolv_eV,1,0.051289260387420654,0.03204265981912613,0.6324904151364563,0.9552291990005972,6.800148963928223,0.025362549349665642,0.0037297049644357395,0.06
20,octanol_gsolv_eV,2,0.08772867918014526,0.05720022693276405,0.6260559200106939,0.9607979339255468,11.850245475769043,0.017434636130928993,0.0014712468333739342,0.04
20,octanol_gsolv_eV,3,0.2040686011314392,0.041822392493486404,0.6314528040608898,0.9504901761744302,8.995665550231934,0.1645318865776062,0.01829012935828457,0.18
20,octanol_gsolv_eV,4,0.24959412217140198,0.041454847902059555,0.6358344958417808,0.9556349149946055,8.96033763885498,0.07334912568330765,0.008185977877132848,0.24
20,octanol_gsolv_eV,5,0.13330009579658508,0.04051430895924568,0.6345958588335578,0.967922214948685,8.724509239196777,0.017347635701298714,0.0019883795438442133,0.14
20,octanol_gsolv_eV,6,0.31765100359916687,0.03897468373179436,0.6356887332334447,0.9189671807492648,8.427178382873535,0.4135338366031647,0.04907144690844389,0.28
20,octanol_gsolv_eV,7,0.2716101408004761,0.03219274803996086,0.636872982026236,0.9412891461006871,6.918842792510986,1.2945936918258667,0.18711130324093297,0.2
20,octanol_gsolv_eV,8,0.2440750151872635,0.03922725468873978,0.6356256263848372,0.9513592132508111,8.481943130493164,0.4112553298473358,0.04848598057311241,0.26
20,octanol_gsolv_eV,9,0.14476291835308075,0.0566832572221756,0.6281808792046517,0.9512299149218322,11.990935325622559,0.07789695262908936,0.006496319971189988,0.08
20,octanol_gsolv_eV,10,0.0872950628399849,0.04254075139760971,0.6294227031290425,0.9480774578054079,8.93066692352295,0.10692651569843292,0.011972959759230703,0.04
20,octanol_gsolv_eV,11,0.3103622496128082,0.03998947888612747,0.6352473068777715,0.9436766218022721,8.71222972869873,0.43637555837631226,0.050087701078273775,0.28
20,octanol_gsolv_eV,12,0.13147325813770294,0.028617752715945244,0.6454448045059147,0.9512744085931519,6.062390327453613,0.08781241625547409,0.014484784303282885,0.1
20,octanol_gsolv_eV,13,0.15729780495166779,0.04416991397738457,0.6283644333897531,0.9662905009175675,9.332747459411621,0.05578656122088432,0.0059775067806668546,0.2
20,octanol_gsolv_eV,14,0.24488745629787445,0.03951939567923546,0.6349104376044263,0.9501865998429535,8.581377983093262,0.19881132245063782,0.023167761965773925,0.24
20,octanol_gsolv_eV,15,0.15194837749004364,0.04333936795592308,0.6313332425770652,0.9749190681356035,9.239663124084473,0.012889061123132706,0.0013949708934231128,0.2
20,octanol_gsolv_eV,16,0.1428142786026001,0.04756050929427147,0.6277734313923788,0.9722353081711312,10.007926940917969,0.019673872739076614,0.0019658289728953643,0.16
20,octanol_gsolv_eV,17,0.18740984797477722,0.021966394037008286,0.646622035942227,0.9627732884966234,4.642795085906982,0.10356039553880692,0.02230561410154851,0.18
20,octanol_gsolv_eV,18,0.15773199498653412,0.02723425067961216,0.6471359488071591,0.9629031221378832,5.819385528564453,0.01712864823639393,0.0029433774669710335,0.18
20,octanol_gsolv_eV,19,0.2342464178800583,0.04309992864727974,0.6340241238239293,0.9195858669012689,9.357291221618652,0.6111615300178528,0.06531393707249952,0.16
20,octanol_gsolv_eV,20,0.293615460395813,0.04084393009543419,0.6341540042409897,0.9082090132790064,8.888379096984863,0.5682182312011719,0.06392821739499435,0.2
20,octanol_gsolv_eV,21,0.05318077281117439,0.05215924605727196,0.6262515885064379,0.9780961893484215,10.887389183044434,0.005673038773238659,0.0005210651220288528,0.04
20,octanol_gsolv_eV,22,0.2341102659702301,0.031890321522951126,0.6410906544039718,0.8923339634712522,6.862388610839844,0.69996577501297,0.1020003113649528,0.12
20,octanol_gsolv_eV,23,0.17972025275230408,0.03259454667568207,0.6440501851112128,0.9723018316104861,6.951100826263428,0.021341603249311447,0.0030702479769357124,0.22
20,octanol_gsolv_eV,24,0.0940287709236145,0.04109323024749756,0.633891548919562,0.9576483710015149,8.81037425994873,0.009772216901183128,0.001109171598487803,0.06
20,octanol_gsolv_eV,25,0.2649517059326172,0.04193023592233658,0.6333932702107572,0.9173338213366886,9.086492538452148,0.39599382877349854,0.04358049347399284,0.26
20,octanol_gsolv_eV,26,0.413475900888443,0.04034724831581116,0.6376178765318783,0.9397437895936362,8.896984100341797,0.8042805790901184,0.09039923754154178,0.34
20,octanol_gsolv_eV,27,0.11610209196805954,0.0698021799325943,0.6225478215440707,0.9773096655586981,14.173491477966309,0.011089091189205647,0.0007823824642251643,0.06
20,octanol_gsolv_eV,28,0.2552892863750458,0.017317932099103928,0.6377901299463733,0.9245927822319864,3.6541554927825928,0.38170868158340454,0.10445879556502896,0.2
20,octanol_gsolv_eV,29,0.3365490138530731,0.04102931544184685,0.6344103703687678,0.903316088226569,8.935922622680664,0.6131184697151184,0.06861277739345405,0.34
20,octanol_gsolv_eV,30,0.1786390095949173,0.04224945232272148,0.6357637596044154,0.9725935493776774,9.117446899414062,0.008344619534909725,0.0009152364282424279,0.2
20,octanol_gsolv_eV,31,0.16843031346797943,0.03116815909743309,0.6458802537349044,0.9617106028433242,6.6374969482421875,0.0191708505153656,0.002888265059081139,0.26
20,octanol_gsolv_eV,32,0.24978627264499664,0.03786969184875488,0.6292625434791501,0.9182198704908286,8.086920738220215,0.5476124286651611,0.0677158150044736,0.26
20,octanol_gsolv_eV,33,0.14074508845806122,0.03834439069032669,0.6363589607824698,0.9689738931515928,8.21837043762207,0.01717509888112545,0.002089842385602534,0.14
20,octanol_gsolv_eV,34,0.06723523139953613,0.03956238552927971,0.6289772376620497,0.9306209883458891,8.391225814819336,0.12398657947778702,0.014775741019723286,0.02
20,octanol_gsolv_eV,35,0.18237943947315216,0.050512176007032394,0.6280703256348614,0.9012033172747131,10.728267669677734,1.109999418258667,0.10346492578629055,0.1
20,octanol_gsolv_eV,36,0.27298974990844727,0.040900640189647675,0.6321769322031974,0.9069613688071636,8.953280448913574,0.6285448670387268,0.07020274530940186,0.26
20,octanol_gsolv_eV,37,0.13873346149921417,0.04293021932244301,0.6318327390263745,0.9671097760561362,9.178742408752441,0.015908468514680862,0.001733186073455036,0.16
20,octanol_gsolv_eV,38,0.17174816131591797,0.03291694447398186,0.6368318982747712,0.9175560934421296,7.079398155212402,0.18938139081001282,0.026751058021870906,0.12
20,octanol_gsolv_eV,39,0.11331925541162491,0.0470760278403759,0.6335220973947748,0.9612412097457015,10.077231407165527,0.014020189642906189,0.001391273959724392,0.12
20,octanol_gsolv_eV,40,0.07424367219209671,0.0667547881603241,0.6309857465467867,0.9704182957389242,14.132877349853516,0.02575986459851265,0.0018226907345785213,0.04
20,octanol_gsolv_eV,41,0.15489381551742554,0.016490433365106583,0.6428184864745121,0.9523998199630692,3.4518775939941406,0.09751243889331818,0.02824910102924226,0.16
20,octanol_gsolv_eV,42,0.20412372052669525,0.03723125532269478,0.6340584576310782,0.9444953319133949,8.022073745727539,0.12785756587982178,0.01593821871157906,0.22
20,octanol_gsolv_eV,43,0.21220915019512177,0.041551537811756134,0.6358605040428282,0.9208531223820311,9.02544116973877,0.25545257329940796,0.028303610703918833,0.18
20,octanol_gsolv_eV,44,0.11391261965036392,0.07112350314855576,0.6336076530825545,0.9607977481552941,15.321062088012695,0.009277429431676865,0.0006055343538445411,0.06
20,octanol_gsolv_eV,45,0.08001106977462769,0.04149852693080902,0.6332413562149191,0.9590557553039847,8.852899551391602,0.006806601770222187,0.0007688556422344413,0.06
20,octanol_gsolv_eV,46,0.31564152240753174,0.02189856953918934,0.6473491184367683,0.9327677091233364,4.647254467010498,0.4266807734966278,0.0918135162439479,0.24
20,octanol_gsolv_eV,47,0.20631802082061768,0.01823246479034424,0.6465390842531913,0.953404965013863,3.8114542961120605,0.4280078113079071,0.11229514459730078,0.1
20,octanol_gsolv_eV,48,0.34681421518325806,0.03325065225362778,0.6434500329761352,0.9087846223507985,7.237223148345947,0.7480835914611816,0.10336610826103305,0.32
20,octanol_gsolv_eV,49,0.3136221468448639,0.027807869017124176,0.641181735825328,0.9655820260985202,6.01607084274292,0.2962281405925751,0.049239470135214555,0.28
20,octanol_gsolv_eV,50,0.21571950614452362,0.03856361284852028,0.635701487206519,0.9260655349086162,8.324013710021973,0.2671060860157013,0.03208861678040127,0.16
20,octanol_gsolv_eV,51,0.1730215698480606,0.025106126442551613,0.647866240876934,0.9562996725861586,5.324528694152832,0.05554240196943283,0.010431421288127737,0.18
20,octanol_gsolv_eV,52,0.05688357725739479,0.02730715088546276,0.6359729144186799,0.9494946969827114,5.830341339111328,0.03026554360985756,0.0051910414587271305,0.08
20,octanol_gsolv_eV,53,0.2924351692199707,0.026689980179071426,0.6475686908988505,0.9212782248466942,5.710214138031006,0.5571743845939636,0.09757504204318479,0.22
20,octanol_gsolv_eV,54,0.23594091832637787,0.04950862005352974,0.6264459771670725,0.9304338754878478,10.470863342285156,0.5716794729232788,0.054597166846274185,0.28
20,octanol_gsolv_eV,55,0.11157724261283875,0.032349828630685806,0.6343586719452841,0.9159790519930786,6.886597633361816,0.19615991413593292,0.028484300169599706,0.06
20,octanol_gsolv_eV,56,0.07386454939842224,0.03394951671361923,0.6369062484627093,0.9412943769625006,7.2827653884887695,0.03726131469011307,0.005116368948120829,0.06
20,octanol_gsolv_eV,57,0.29742804169654846,0.04575307294726372,0.6342551998847663,0.9150374949379061,10.129463195800781,0.5246659517288208,0.051796027251110766,0.24
20,octanol_gsolv_eV,58,0.2190939486026764,0.041132889688014984,0.6340785826774049,0.9174554020599763,8.938714981079102,0.6426734924316406,0.07189774970921554,0.14
20,octanol_gsolv_eV,59,0.24857483804225922,0.03672163188457489,0.6375783297818767,0.9129624510361485,8.003507614135742,0.8115474581718445,0.10139897371228769,0.2
20,octanol_gsolv_eV,60,0.43170401453971863,0.03322676941752434,0.6461258996636734,0.9253420696190127,7.3266520500183105,1.405195713043213,0.19179233617893743,0.48
20,octanol_gsolv_eV,61,0.11682980507612228,0.03668440505862236,0.6329732506065693,0.945062484925,7.866911888122559,0.059599220752716064,0.00757593597084757,0.1
20,octanol_gsolv_eV,62,0.44931867718696594,0.017599575221538544,0.6460812571741894,0.9179427251554941,3.6726157665252686,1.0754480361938477,0.29282890031574127,0.38
20,octanol_gsolv_eV,63,0.3936076760292053,0.04662247374653816,0.6391561303176068,0.9631781822311665,10.31544017791748,1.4092931747436523,0.13661978068183278,0.38
20,octanol_gsolv_eV,64,0.09773455560207367,0.04686126485466957,0.6338315710889033,0.9643883584150823,10.07061767578125,0.028338763862848282,0.0028140045402577397,0.02
20,octanol_gsolv_eV,65,0.26917725801467896,0.04114183411002159,0.6331230673968995,0.9427179135957051,8.89981460571289,0.2152733951807022,0.024188525797213326,0.28
20,octanol_gsolv_eV,66,0.8116557598114014,0.01037513092160225,0.6931057950665676,0.922419539855226,2.2126379013061523,2.0627732276916504,0.932268775868824,0.64
20,octanol_gsolv_eV,67,0.08844158053398132,0.03678209334611893,0.6342203413219498,0.9591650724229444,7.787418365478516,0.020443987101316452,0.0026252586084169146,0.1
20,octanol_gsolv_eV,68,0.3699330985546112,0.04227105528116226,0.6350841541417724,0.9081332209985766,9.141641616821289,0.580534040927887,0.06350435351345013,0.3
20,octanol_gsolv_eV,69,0.35249295830726624,0.038406696170568466,0.6345552240030077,0.9231933343761627,8.327618598937988,0.9191781878471375,0.11037707562211833,0.34
20,octanol_gsolv_eV,70,0.18437954783439636,0.04561103507876396,0.6319963745189248,0.9706861713274997,9.816229820251465,0.007788521237671375,0.0007934330573234129,0.28
20,octanol_gsolv_eV,71,0.23666533827781677,0.04008675739169121,0.6316423408625556,0.9126549434222679,8.577971458435059,0.5350151658058167,0.062370826062811746,0.24
20,octanol_gsolv_eV,72,0.41458258032798767,0.04522675648331642,0.6392853365801565,0.9303622318874996,9.854443550109863,3.13661789894104,0.31829477565032793,0.4
20,octanol_gsolv_eV,73,0.24654364585876465,0.03922244533896446,0.6367138501527883,0.9737307667308781,8.56602668762207,0.016984105110168457,0.001982728484223675,0.24
20,octanol_gsolv_eV,74,0.0707567036151886,0.04717834293842316,0.6310335206652533,0.9659187025686462,10.041276931762695,0.008954877965152264,0.000891806692117621,0.04
20,octanol_gsolv_eV,75,0.36044105887413025,0.042564429342746735,0.6376344931654137,0.9220233666012405,9.237560272216797,0.9569938778877258,0.10359812003240872,0.34
20,octanol_gsolv_eV,76,0.11702246218919754,0.04319293051958084,0.6317324315665529,0.9667770994602767,9.223551750183105,0.00627873744815588,0.0006807288144755338,0.12
20,octanol_gsolv_eV,77,0.0740773007273674,0.04515109583735466,0.6335683997814363,0.9529437302907524,9.685791969299316,0.0948481485247612,0.009792503166018611,0.06
20,octanol_gsolv_eV,78,0.12950411438941956,0.04088244587182999,0.6340365084120156,0.9715485932367331,8.789247512817383,0.010384990833699703,0.0011815563071304162,0.2
20,octanol_gsolv_eV,79,0.11343362927436829,0.04158058390021324,0.631299564274264,0.9570730336822268,8.461786270141602,0.037535954266786575,0.00443593740948487,0.1
20,octanol_gsolv_eV,80,0.4687720239162445,0.022844862192869186,0.6503802825016449,0.9364746037283027,4.89076042175293,0.6942455172538757,0.14195042434833613,0.36
20,octanol_gsolv_eV,81,0.21976152062416077,0.02872108481824398,0.6502408995286058,0.9585815329956744,6.136991500854492,0.19936144351959229,0.03248520769367758,0.26
20,octanol_gsolv_eV,82,0.3398491442203522,0.04103715345263481,0.6350604431949356,0.9051702705392335,9.004876136779785,0.7525863647460938,0.08357542661494338,0.34
20,octanol_gsolv_eV,83,0.6657307744026184,0.021399855613708496,0.670082163076601,0.9167877614859259,4.7810516357421875,2.2913782596588135,0.47926239543805116,0.54
20,octanol_gsolv_eV,84,0.23086531460285187,0.04228340834379196,0.632839254088269,0.9205678603023035,8.985320091247559,0.34067103266716003,0.03791417881695741,0.26
20,octanol_gsolv_eV,85,0.07487833499908447,0.08547037094831467,0.6313871173554464,0.9774532507855955,18.318737030029297,0.015119507908821106,0.0008253575497064125,0.12
20,octanol_gsolv_eV,86,0.05347960814833641,0.053054966032505035,0.6346522193749657,0.9703784865344112,11.412975311279297,0.008094673044979572,0.0007092517791552314,0.1
20,octanol_gsolv_eV,87,0.15866400301456451,0.027989132329821587,0.6451126104642397,0.9681519253897695,5.939116477966309,0.022997334599494934,0.003872181103841519,0.2
20,octanol_gsolv_eV,88,0.26015159487724304,0.025421809405088425,0.6363768222743755,0.9175366434646373,5.472472667694092,0.4932096600532532,0.09012555932254193,0.24
20,octanol_gsolv_eV,89,0.19727633893489838,0.02494080178439617,0.6473094192367099,0.9777968946821285,5.302980422973633,0.04926351457834244,0.009289778699714311,0.2
20,octanol_gsolv_eV,90,0.13996702432632446,0.030924523249268532,0.6345743923375267,0.9183921706519074,6.649656772613525,0.0735013410449028,0.011053403740718854,0.1
20,octanol_gsolv_eV,91,0.17839419841766357,0.024050815030932426,0.6480062506588744,0.9761607529431708,5.107211589813232,0.0511956624686718,0.010024190611328088,0.18
20,octanol_gsolv_eV,92,0.19839999079704285,0.041541289538145065,0.6345318325167268,0.9266285824558733,8.989387512207031,0.42637598514556885,0.047431038495845984,0.22
20,octanol_gsolv_eV,93,0.03598371520638466,0.049192994832992554,0.6294687985921545,0.9754719976379345,10.390074729919434,0.010404658503830433,0.0010014036255070432,0.08
20,octanol_gsolv_eV,94,0.22863610088825226,0.03918332979083061,0.635761295353714,0.9317156344483846,8.48318099975586,0.5631008148193359,0.06637849821140697,0.2
20,octanol_gsolv_eV,95,0.41687947511672974,0.023218724876642227,0.6467204864731204,0.90600960162201,4.982774257659912,1.008872151374817,0.20247197629390884,0.32
20,octanol_gsolv_eV,96,0.19361872971057892,0.03412999212741852,0.6435097543592727,0.9761503956032025,7.282834529876709,0.017899999395012856,0.002457834147072937,0.24
20,octanol_gsolv_eV,97,0.4246882200241089,0.0397382527589798,0.6379953031992733,0.9149169632075214,8.755516052246094,1.0333585739135742,0.11802371987525302,0.34
20,octanol_gsolv_eV,98,0.14898276329040527,0.02152242511510849,0.6459265365584164,0.9515599530320804,4.546039581298828,0.2407175898551941,0.05295105454986377,0.1
20,octanol_gsolv_eV,99,0.10687211155891418,0.018044251948595047,0.6428554951265306,0.9370653705369714,3.80771803855896,0.15656399726867676,0.041117539608560086,0.06
20,octanol_gsolv_eV,100,0.03539341315627098,0.051631033420562744,0.6344219279400483,0.9685164557081627,11.132425308227539,0.010041432455182076,0.0009019986370589746,0.02
20,octanol_gsolv_eV,101,0.20341633260250092,0.049582336097955704,0.6283242942364944,0.9186906884206973,10.416764259338379,0.4273882210254669,0.041028884823070044,0.22
20,octanol_gsolv_eV,102,0.1213720291852951,0.029543614014983177,0.6462969824014471,0.976321142754699,6.264003276824951,0.060404617339372635,0.009643133100337401,0.16
20,octanol_gsolv_eV,103,0.06934171915054321,0.03656892105937004,0.6336728579678728,0.9446945619736249,7.813815116882324,0.07283521443605423,0.009321338340689477,0.08
20,octanol_gsolv_eV,104,0.1277327984571457,0.05440828576683998,0.6322276407649678,0.9656718909779523,11.501529693603516,0.011656595394015312,0.0010134821805918594,0.14
20,octanol_gsolv_eV,105,0.1623789519071579,0.02124106138944626,0.6476066625215193,0.9739347360590342,4.491668224334717,0.0939876139163971,0.02092487895860075,0.16
20,octanol_gsolv_eV,106,0.2972051203250885,0.04722755774855614,0.6355228925966572,0.9184750503206887,10.371481895446777,0.7513829469680786,0.07244701909935802,0.2
20,octanol_gsolv_eV,107,0.23048552870750427,0.03691261634230614,0.6396262724665809,0.917865157490003,8.030207633972168,0.524370014667511,0.06529968321729804,0.22
20,octanol_gsolv_eV,108,0.4435839056968689,0.028996815904974937,0.6477235793230494,0.9214872176315005,6.339381217956543,0.6587795615196228,0.10391859061158906,0.42
20,octanol_gsolv_eV,109,0.2882338762283325,0.0341365747153759,0.6352409448397174,0.9202288796395912,7.4370317459106445,0.553926408290863,0.074482189563793,0.24
20,octanol_gsolv_eV,110,0.0592435859143734,0.02404414862394333,0.6448606583948777,0.9655413354970412,5.057308673858643,0.012036828324198723,0.0023800857532025673,0.08
20,octanol_gsolv_eV,111,0.07468957453966141,0.04844353720545769,0.6317669123164467,0.940140740101922,10.364428520202637,0.05072921887040138,0.004894550507200523,0.06
20,octanol_gsolv_eV,112,0.07524530589580536,0.055790260434150696,0.6334051058819417,0.9623149420435351,11.914966583251953,0.007590800989419222,0.0006370811815862822,0.06
20,octanol_gsolv_eV,113,0.1516198366880417,0.04070785641670227,0.6363217729171964,0.9488381739772693,8.840642929077148,0.0543607734143734,0.006148961546176594,0.14
20,octanol_gsolv_eV,114,0.22410888969898224,0.035927463322877884,0.6373648628146313,0.9147301890573805,7.797650337219238,0.5608978867530823,0.07193165408762187,0.16
20,octanol_gsolv_eV,115,0.25322115421295166,0.043128471821546555,0.6322912209428622,0.9377212005752995,9.349513053894043,0.41070252656936646,0.04392769165644516,0.24
20,octanol_gsolv_eV,116,0.1905195415019989,0.030051538720726967,0.6382621524520655,0.9481678470310522,6.487009525299072,0.07231929898262024,0.011148326312853084,0.16
20,octanol_gsolv_eV,117,0.19551263749599457,0.038453735411167145,0.6354080288561019,0.9253449520428916,8.312684059143066,0.3578742742538452,0.04305159100329594,0.2
20,octanol_gsolv_eV,118,0.11179304867982864,0.03826627880334854,0.6343369521574109,0.9339634788802813,8.228585243225098,0.06452633440494537,0.007841728863181229,0.06
20,octanol_gsolv_eV,119,0.28882744908332825,0.03920662775635719,0.6377415761803997,0.9101316959623045,8.576723098754883,0.382433146238327,0.0445896575924022,0.24
20,octanol_gsolv_eV,120,0.27102670073509216,0.03303336352109909,0.6367914180169751,0.9136043702390109,7.1641387939453125,0.4870235025882721,0.0679807464087483,0.2
20,octanol_gsolv_eV,121,0.2285430133342743,0.03262758627533913,0.6411909000035361,0.9448081237214179,7.02603816986084,0.19203545153141022,0.027331968157413775,0.2
20,octanol_gsolv_eV,122,0.22107361257076263,0.03891169652342796,0.6355512699209442,0.9070451356192859,8.501099586486816,0.8111523985862732,0.09541735046554041,0.22
20,octanol_gsolv_eV,123,0.08853614330291748,0.018716387450695038,0.6463754484836601,0.9601549720489029,3.9188690185546875,0.12205132097005844,0.031144526747942193,0.1
20,octanol_gsolv_eV,124,0.16528107225894928,0.03628002852201462,0.6358643667621995,0.9545353917167907,7.807257175445557,0.08719848096370697,0.01116890080654101,0.18
20,octanol_gsolv_eV,125,0.15576723217964172,0.038862742483615875,0.6341965730800003,0.9336125124358243,8.330902099609375,0.13660821318626404,0.016397769599605476,0.16
20,octanol_gsolv_eV,126,0.2701483368873596,0.04036101698875427,0.6338170351023378,0.9177407213780224,8.722512245178223,0.4207373559474945,0.048235799976099406,0.26
20,octanol_gsolv_eV,127,0.18741267919540405,0.03609883040189743,0.6347343553023594,0.9395268931545415,7.7523369789123535,0.14121927320957184,0.018216348643475093,0.18
20,octanol_gsolv_eV,128,0.2518559992313385,0.04607264697551727,0.630741785238681,0.9021713445222386,9.96731948852539,0.6867241263389587,0.06889757342779385,0.18
20,octanol_gsolv_eV,129,0.23852647840976715,0.039608050137758255,0.6337720494169288,0.9659601838959071,8.58030891418457,0.09258352965116501,0.010790232680097355,0.24
20,octanol_gsolv_eV,130,0.0872214213013649,0.04177233949303627,0.6351003748634474,0.955331769956854,8.99605655670166,0.02049921825528145,0.002278689348613582,0.04
20,octanol_gsolv_eV,131,0.22608479857444763,0.04337861016392708,0.633073930311336,0.9296508672702144,9.363673210144043,0.3548796772956848,0.037899622224238816,0.16
20,octanol_gsolv_eV,132,0.05182671546936035,0.01636352576315403,0.6461594701619711,0.9668592138774841,3.4088056087493896,0.022143486887216568,0.006495966455341668,0.06
20,octanol_gsolv_eV,133,0.2482002228498459,0.03669087961316109,0.6378311385936657,0.9206530070501027,8.028509140014648,0.6476668119430542,0.08067086935419152,0.18
20,octanol_gsolv_eV,134,0.36882373690605164,0.03796471655368805,0.6384471666928888,0.9261824877937221,8.398163795471191,1.2243098020553589,0.14578303446707985,0.28
20,octanol_gsolv_eV,135,0.18351423740386963,0.02767009288072586,0.6423155926716553,0.8902623645750454,5.89319372177124,0.5699098706245422,0.09670645451873112,0.08
20,octanol_gsolv_eV,136,0.10864731669425964,0.025407083332538605,0.6375430204980856,0.9167200510023938,5.4000396728515625,0.3420562744140625,0.0633432891491027,0.04
20,octanol_gsolv_eV,137,0.27537858486175537,0.04406730830669403,0.6333419368609288,0.9211122265381202,9.54463005065918,0.4980824887752533,0.05218457772921794,0.28
20,octanol_gsolv_eV,138,0.21295548975467682,0.04250550642609596,0.6363788387639275,0.9530708043550988,9.180590629577637,0.06997551023960114,0.007622114204085847,0.16
20,octanol_gsolv_eV,139,0.22918371856212616,0.04100945591926575,0.6347352248626474,0.960290390838413,8.830583572387695,0.05437636375427246,0.0061577316276470815,0.32
20,octanol_gsolv_eV,140,0.08134070783853531,0.022905632853507996,0.6450165539626873,0.9703796955535331,4.826493263244629,0.0703129768371582,0.01456812907470838,0.1
20,octanol_gsolv_eV,141,0.16512040793895721,0.040273696184158325,0.6310743227090843,0.9729023657463161,8.631242752075195,0.02466992288827896,0.0028582121482271616,0.16
20,octanol_gsolv_eV,142,0.08422280848026276,0.04420262575149536,0.633340101608332,0.9727407607517502,9.487051010131836,0.012689352035522461,0.0013375444088969987,0.12
20,octanol_gsolv_eV,143,0.07298749685287476,0.031022818759083748,0.633481714334414,0.9394989927111763,6.6234130859375,0.12901262938976288,0.019478270148011158,0.02
20,octanol_gsolv_eV,144,0.29987847805023193,0.03585347160696983,0.6411379312625602,0.9512406607734005,7.8274078369140625,0.7742801904678345,0.0989191066314864,0.26
20,octanol_gsolv_eV,145,0.07235360890626907,0.034944262355566025,0.6416414281248506,0.966027438672638,7.504181861877441,0.02648402936756611,0.0035292360786336506,0.08
20,octanol_gsolv_eV,146,0.1893966943025589,0.03132119029760361,0.6459523714162361,0.9717686693672913,6.685222148895264,0.023758219555020332,0.0035538414469811434,0.22
20,octanol_gsolv_eV,147,0.19710342586040497,0.031544189900159836,0.6387887652109983,0.9520421808003485,6.777795314788818,0.12935787439346313,0.019085538642810675,0.16
20,octanol_gsolv_eV,148,0.27907469868659973,0.035605013370513916,0.6361574923898994,0.9105333801707289,7.7681732177734375,0.4527730941772461,0.058285658865241265,0.24
20,octanol_gsolv_eV,149,0.18896804749965668,0.025105316191911697,0.6464437357868356,0.9717284670372428,5.325639724731445,0.09491141885519028,0.01782159961261299,0.18
20,octanol_gsolv_eV,150,0.175662100315094,0.03456832841038704,0.6338723196009948,0.9368716742684269,7.424213886260986,0.08604500442743301,0.011589779840080463,0.18
20,octanol_gsolv_eV,151,0.12762869894504547,0.035487737506628036,0.6339109375998042,0.9217914413384127,7.580280780792236,0.11116030067205429,0.014664404114650304,0.12
20,octanol_gsolv_eV,152,0.14920663833618164,0.03249424695968628,0.6360958929131779,0.9277738719199862,6.987030506134033,0.2230459302663803,0.03192285049715533,0.14
20,octanol_gsolv_eV,153,0.11556793004274368,0.044267408549785614,0.6363854584454995,0.956708057927228,9.527565956115723,0.00940628070384264,0.0009872700695191482,0.12
20,octanol_gsolv_eV,154,0.30476972460746765,0.02745942771434784,0.6421203491504135,0.9350569069461754,5.943617343902588,0.3520590662956238,0.05923313126084616,0.12
20,octanol_gsolv_eV,155,0.5120089650154114,0.03667780011892319,0.6490450317521972,0.9372632735104116,8.203492164611816,2.0055766105651855,0.24447839655614373,0.42
20,octanol_gsolv_eV,156,0.37501001358032227,0.038731519132852554,0.6351435765276676,0.9133007995583828,8.507156372070312,0.8379918336868286,0.09850434117304156,0.34
20,octanol_gsolv_eV,157,0.18877042829990387,0.018138140439987183,0.6471634158261788,0.9571015194086361,3.8133342266082764,0.19087550044059753,0.050054752376208426,0.14
20,octanol_gsolv_eV,158,0.2262754738330841,0.042157307267189026,0.6328745111945842,0.9291835176477352,9.086942672729492,0.21262530982494354,0.02339899320186601,0.16
20,octanol_gsolv_eV,159,0.1400602161884308,0.043826255947351456,0.6314777303241805,0.9718750532388061,9.371417999267578,0.012407035566866398,0.0013239229717248839,0.2
20,octanol_gsolv_eV,160,0.29778704047203064,0.047202859073877335,0.6305505942222265,0.9150163831474216,10.167287826538086,0.800463080406189,0.07872926330627378,0.3
20,octanol_gsolv_eV,161,0.2170003354549408,0.032655514776706696,0.6297675379406815,0.9384692206840068,6.950721740722656,0.13243167102336884,0.019052938092382923,0.18
20,octanol_gsolv_eV,162,0.10365317761898041,0.03759966790676117,0.6364273225639565,0.9446651174377905,8.096113204956055,0.03802511841058731,0.0046967127864899596,0.08
20,octanol_gsolv_eV,163,0.3076615035533905,0.04251589626073837,0.6385124682967558,0.9477123793861786,9.255431175231934,0.5188555121421814,0.056059572192667655,0.26
20,octanol_gsolv_eV,164,0.07400412857532501,0.04287196695804596,0.6349389537609413,0.9693197471983546,9.21898365020752,0.005745977628976107,0.0006232766915523019,0.08
20,octanol_gsolv_eV,165,0.1225837990641594,0.03994163125753403,0.6376921599306122,0.9636440128937502,8.613316535949707,0.01394216250628233,0.0016186752742792427,0.12
20,octanol_gsolv_eV,166,0.17549949884414673,0.04045107960700989,0.6350142422368366,0.9772494354267884,8.70578384399414,0.006817939691245556,0.0007831505828104207,0.2
20,octanol_gsolv_eV,167,0.15360069274902344,0.04349679499864578,0.6294141242477802,0.9409159665321463,9.165624618530273,0.06964167952537537,0.007598137870994607,0.12
20,octanol_gsolv_eV,168,0.2621244192123413,0.04100697115063667,0.6325349891553305,0.9272025400339898,8.893333435058594,0.3679158389568329,0.0413698464859604,0.26
20,octanol_gsolv_eV,169,0.09412381798028946,0.040065567940473557,0.6389058404653158,0.9668959238927322,8.611741065979004,0.005716456566005945,0.0006637980081158054,0.08
20,octanol_gsolv_eV,170,0.17663195729255676,0.04571550711989403,0.6359301028102469,0.9675811836311272,9.771600723266602,0.01794428378343582,0.0018363709582105326,0.18
20,octanol_gsolv_eV,171,0.04805215075612068,0.039825256913900375,0.6325697891982649,0.9504341446149882,8.541251182556152,0.012698438949882984,0.0014867188282458056,0.06
20,octanol_gsolv_eV,172,0.12159712612628937,0.053322307765483856,0.6310069172919508,0.9337623506425958,11.353607177734375,0.055186446756124496,0.00486069721210286,0.2
20,octanol_gsolv_eV,173,0.047235157340765,0.03675079718232155,0.6339574836469903,0.9693047753205148,7.859772205352783,0.008038349449634552,0.0010227204096526043,0.08
20,octanol_gsolv_eV,174,0.4252844452857971,0.04206911101937294,0.6415752208378562,0.9389964424501656,9.268595695495605,1.938130259513855,0.20910721787721914,0.38
20,octanol_gsolv_eV,175,0.08367662131786346,0.03722163289785385,0.6412119437313524,0.9755598593464421,8.004176139831543,0.012839596718549728,0.0016041122152041936,0.1
20,octanol_gsolv_eV,176,0.38617441058158875,0.038090601563453674,0.6351812138376871,0.9176619094310123,8.396008491516113,0.6442520618438721,0.07673313604850059,0.3
20,octanol_gsolv_eV,177,0.22235873341560364,0.010297359898686409,0.6395910721960933,0.9279740630938627,2.058340311050415,0.3082907199859619,0.14977636026990823,0.1
20,octanol_gsolv_eV,178,0.1471037119626999,0.043338555842638016,0.6348525983965756,0.9494561470051095,9.247483253479004,0.06698375195264816,0.007243457502607333,0.14
20,octanol_gsolv_eV,179,0.21285532414913177,0.04417913034558296,0.6362359852356652,0.9347437542457357,9.523794174194336,0.13136422634124756,0.013793265996570143,0.18
20,octanol_gsolv_eV,180,0.17027360200881958,0.041127897799015045,0.635065774156413,0.963317578521188,8.870343208312988,0.023500893265008926,0.0026493781258637972,0.18
20,octanol_gsolv_eV,181,0.3442724943161011,0.03678574040532112,0.6364339033943824,0.9201654557165604,8.1143798828125,0.7180169820785522,0.08848698143889248,0.3
20,octanol_gsolv_eV,182,0.15757210552692413,0.04039451479911804,0.6330087773344935,0.9671053949376043,8.679014205932617,0.005966797936707735,0.0006874971967011043,0.18
20,octanol_gsolv_eV,183,0.2654864192008972,0.034261032938957214,0.6433548613717464,0.962698144933539,7.373666286468506,0.2394343912601471,0.032471552407997595,0.22
20,octanol_gsolv_eV,184,0.30494242906570435,0.04487675800919533,0.6348181594701796,0.9271456794905166,9.866717338562012,0.44801926612854004,0.04540712485778324,0.22
20,octanol_gsolv_eV,185,0.4185541272163391,0.04059930145740509,0.6388403571702772,0.9166223905666266,9.018863677978516,0.9948084950447083,0.11030308590579387,0.32
20,octanol_gsolv_eV,186,0.1361181139945984,0.038603950291872025,0.6341222348926161,0.967477785337149,8.320573806762695,0.008098667487502098,0.0009733304067226422,0.14
20,octanol_gsolv_eV,187,0.2692166268825531,0.04236734285950661,0.6315139811382746,0.9306150656899266,9.162087440490723,0.4018053412437439,0.04385521791333429,0.24
20,octanol_gsolv_eV,188,0.12908834218978882,0.041574008762836456,0.6343493053913107,0.9638673418957351,8.90327262878418,0.01532942708581686,0.0017217744221666308,0.14
20,octanol_gsolv_eV,189,0.13921459019184113,0.04832811653614044,0.6291187027440945,0.9624070229536708,10.152318954467773,0.008863911032676697,0.0008730922533492625,0.14
20,octanol_gsolv_eV,190,0.20247317850589752,0.023274419829249382,0.6468407562634955,0.947645371100585,4.925652027130127,0.349671870470047,0.07098996610886847,0.2
20,octanol_gsolv_eV,191,0.20873424410820007,0.035658497363328934,0.63720514112932,0.962622489244424,7.691112518310547,0.05964766815304756,0.007755401836995872,0.2
20,octanol_gsolv_eV,192,0.13548032939434052,0.02570776455104351,0.6398385605007393,0.947349084412501,5.508434772491455,0.055754974484443665,0.010121745429913802,0.14
20,octanol_gsolv_eV,193,0.13218316435813904,0.011250949464738369,0.646349532423822,0.9645975536995559,2.329789638519287,0.040409866720438004,0.017344856399190083,0.06
20,octanol_gsolv_eV,194,0.30726537108421326,0.023745357990264893,0.6476281381888431,0.9433083356602081,5.093804836273193,0.2184208780527115,0.042879710761065566,0.26
20,octanol_gsolv_eV,195,0.14095979928970337,0.030081424862146378,0.6468014558933077,0.9778940947677965,6.400100231170654,0.020088106393814087,0.003138717468201234,0.16
20,octanol_gsolv_eV,196,0.14068688452243805,0.02281455136835575,0.6472279984837186,0.9681811019530371,4.817486763000488,0.038094304502010345,0.007907505796296982,0.18
20,octanol_gsolv_eV,197,0.05193013325333595,0.05747799575328827,0.6268849894686479,0.9627397743246289,12.073163032531738,0.009614466689527035,0.0007963502740433784,0.06
20,octanol_gsolv_eV,198,0.2872910797595978,0.021810466423630714,0.6486784030979036,0.9486145553731944,4.646368503570557,0.42181533575057983,0.09078387463810304,0.22
20,octanol_gsolv_eV,199,0.12717385590076447,0.045840658247470856,0.6319543003277732,0.9458673596558882,9.857931137084961,0.07033806294202805,0.007135174912859795,0.06
20,octanol_gsolv_eV,200,0.29738935828208923,0.01328599825501442,0.6413778819762634,0.9110820751889364,2.6966392993927,0.4622383415699005,0.17141274388235736,0.18
20,octanol_gsolv_eV,201,0.14573051035404205,0.032122232019901276,0.6319944820595842,0.9001917354759632,6.806522369384766,0.4438683092594147,0.06521220164586566,0.06
20,octanol_gsolv_eV,202,0.3481432795524597,0.0412738099694252,0.6354404379136789,0.9249359718815096,9.022655487060547,0.7151971459388733,0.07926681307565633,0.24
20,octanol_gsolv_eV,203,0.27709895372390747,0.04424932971596718,0.6314790693854437,0.9135093635532279,9.585624694824219,0.5662722587585449,0.05907515438866546,0.28
20,octanol_gsolv_eV,204,0.1474703848361969,0.0367911159992218,0.6359193826423009,0.9589845842414737,7.9257049560546875,0.01628788188099861,0.0020550704286002724,0.16
20,octanol_gsolv_eV,205,0.14883819222450256,0.04665905982255936,0.6315580252523689,0.9387490775227256,9.989660263061523,0.07344229519367218,0.007351831119346232,0.16
20,octanol_gsolv_eV,206,0.3516302704811096,0.049195948988199234,0.6297185357959683,0.9391765989883343,10.709829330444336,0.6594808101654053,0.06157715401595894,0.34
20,octanol_gsolv_eV,207,0.18601204454898834,0.04615266993641853,0.6319550623015691,0.949434771128129,9.634419441223145,0.1330113559961319,0.013805850659460737,0.14
20,octanol_gsolv_eV,208,0.3204483687877655,0.03854244202375412,0.6349626682756011,0.8942738417144971,8.526230812072754,0.7703948616981506,0.09035585344549982,0.26
20,octanol_gsolv_eV,209,0.1310596615076065,0.04184270277619362,0.6372632452009999,0.9646967065408529,9.000967979431152,0.007336316630244255,0.000815058630028356,0.16
20,octanol_gsolv_eV,210,0.1327490210533142,0.062355224043130875,0.6261154907200324,0.9640769664561959,13.055251121520996,0.00821935199201107,0.0006295820674381236,0.18
20,octanol_gsolv_eV,211,0.07657821476459503,0.04472896829247475,0.6306666756740376,0.9440429754477933,9.510645866394043,0.010753905400633812,0.001130722934247067,0.08
20,octanol_gsolv_eV,212,0.19922569394111633,0.04076278582215309,0.6317268223794839,0.9393439658752196,8.736885070800781,0.055526990443468094,0.006355467651628243,0.16
20,octanol_gsolv_eV,213,0.1470041424036026,0.021151915192604065,0.6460006840113652,0.9493670448306017,4.448052406311035,0.08789326995611191,0.01975994478648817,0.08
20,octanol_gsolv_eV,214,0.12590688467025757,0.042481839656829834,0.6301250207885309,0.954382655243686,8.97988510131836,0.05299404636025429,0.005901416973862405,0.14
20,octanol_gsolv_eV,215,0.40399226546287537,0.021322457119822502,0.6484068303747523,0.9065166173450145,4.54619836807251,0.9156044721603394,0.20140002657836859,0.34
20,octanol_gsolv_eV,216,0.19704075157642365,0.03220141679048538,0.6461294916739282,0.9709387992044825,6.857824802398682,0.01988794095814228,0.0029000363134365896,0.2
20,octanol_gsolv_eV,217,0.2030181586742401,0.05411341041326523,0.6233084985268245,0.946777118852437,11.195218086242676,0.4794502556324005,0.0428263435280083,0.18
20,octanol_gsolv_eV,218,0.12020488828420639,0.03773952275514603,0.6394693859118399,0.9720705165838184,8.127016067504883,0.014681722968816757,0.001806533030926352,0.08
20,octanol_gsolv_eV,219,0.2678355872631073,0.04082701355218887,0.636186190500625,0.9411546847273542,8.85132122039795,0.3866013288497925,0.04367724537652822,0.24
20,octanol_gsolv_eV,220,0.046515028923749924,0.04621367156505585,0.6298102813713327,0.96257012917244,9.832185745239258,0.008416030555963516,0.0008559674088783927,0.04
20,octanol_gsolv_eV,221,0.2733296751976013,0.042832985520362854,0.6316347052386306,0.9248117484782097,9.256434440612793,0.48745861649513245,0.052661596603158334,0.3
20,octanol_gsolv_eV,222,0.2644226849079132,0.04125646874308586,0.6335608535684074,0.9181320856592958,9.03280258178711,0.7279993295669556,0.08059506703211079,0.26
20,octanol_gsolv_eV,223,0.2201155424118042,0.02787766419351101,0.6475769033265162,0.9818602238046934,5.951505661010742,0.08508732169866562,0.014296772370744124,0.2
20,octanol_gsolv_eV,224,0.25251147150993347,0.04162124916911125,0.6323261603992147,0.9460287796078453,8.9392728805542,0.2628653049468994,0.029405669617572162,0.24
20,octanol_gsolv_eV,225,0.22840595245361328,0.03970427066087723,0.6277321719565396,0.9052241247568933,8.435715675354004,0.3050643503665924,0.03616342253661725,0.22
20,octanol_gsolv_eV,226,0.3220705986022949,0.011646086350083351,0.6460153292767936,0.9245808326141851,2.441167116165161,0.3782348930835724,0.1549401884774456,0.1
20,octanol_gsolv_eV,227,0.7361161112785339,0.009482497349381447,0.6741800296675706,0.9298738989375726,2.114680528640747,1.3007651567459106,0.6151118994706984,0.6
20,octanol_gsolv_eV,228,0.2384413480758667,0.038106776773929596,0.6368455505198585,0.9497643966631029,8.26112174987793,0.18527546525001526,0.022427397980516746,0.18
20,octanol_gsolv_eV,229,0.3092901408672333,0.033383481204509735,0.6427103811923067,0.9126401800215385,7.181891918182373,0.6511934399604797,0.09067157336520972,0.32
20,octanol_gsolv_eV,230,0.05797861889004707,0.038698457181453705,0.6372105995481894,0.9582016958951367,8.332618713378906,0.006745833437889814,0.0008095694366836516,0.06
20,octanol_gsolv_eV,231,0.22453700006008148,0.04145200178027153,0.6364309970400357,0.9618456210801427,8.869280815124512,0.16340361535549164,0.01842354738355386,0.14
20,octanol_gsolv_eV,232,0.2680150866508484,0.026893435046076775,0.6485209802461955,0.9809300000844969,5.765419006347656,0.08067292720079422,0.013992552338689401,0.2
20,octanol_gsolv_eV,233,0.618503749370575,0.01526590809226036,0.66569093850846,0.9179444854796672,3.2493391036987305,1.4654245376586914,0.4509915680978311,0.52
20,octanol_gsolv_eV,234,0.42680174112319946,0.0406273752450943,0.6394001752943324,0.916550113821436,8.810859680175781,2.9648849964141846,0.33650348592942675,0.3
20,octanol_gsolv_eV,235,0.12154752761125565,0.046136993914842606,0.6287430211645026,0.9621704471513031,9.74372673034668,0.012992537580430508,0.0013334258995549885,0.12
20,octanol_gsolv_eV,236,0.0883033350110054,0.04898250475525856,0.6287708662430425,0.9568729386171875,10.209696769714355,0.040028396993875504,0.003920625450171466,0.1
20,octanol_gsolv_eV,237,0.12794463336467743,0.042215172201395035,0.6341961845827133,0.9780493224501501,9.02094841003418,0.0068328105844557285,0.000757438162139965,0.18
20,octanol_gsolv_eV,238,0.11330042034387589,0.03866606950759888,0.634530432639109,0.9693440233876844,8.306722640991211,0.01538949366658926,0.001852655292792211,0.14
20,octanol_gsolv_eV,239,0.3155290484428406,0.03922359645366669,0.6365495424991519,0.92890531896735,8.56938648223877,0.7610166072845459,0.08880642842540214,0.26
20,octanol_gsolv_eV,240,0.09836320579051971,0.03261752799153328,0.6372543798934742,0.9352989063106847,6.995526313781738,0.11033741384744644,0.015772567909590026,0.1
20,octanol_gsolv_eV,241,0.1545918732881546,0.03966990113258362,0.6361017153292536,0.9713922601093783,8.546624183654785,0.00857190228998661,0.0010029576714488241,0.16
20,octanol_gsolv_eV,242,0.15356096625328064,0.02754787728190422,0.6437758715681907,0.9216021604636757,5.849607944488525,0.3791884183883667,0.06482287735977868,0.12
20,octanol_gsolv_eV,243,0.17132160067558289,0.03961737081408501,0.6333458733846375,0.941990123104411,8.546545028686523,0.09841077029705048,0.011514684585026372,0.14
20,octanol_gsolv_eV,244,0.4135100245475769,0.02620355226099491,0.6503378146523382,0.9503882224077336,5.706786155700684,0.7074729204177856,0.12397046272902118,0.4
20,octanol_gsolv_eV,245,0.14741918444633484,0.039855267852544785,0.6345788126899041,0.9619923180598673,8.550932884216309,0.020091308280825615,0.0023496042540470693,0.16
20,octanol_gsolv_eV,246,0.09040872752666473,0.044683825224637985,0.6315300751530606,0.9522957613718928,9.358022689819336,0.05062501132488251,0.00540979788176383,0.04
20,octanol_gsolv_eV,247,0.32982462644577026,0.040954478085041046,0.6335128423303973,0.9130268905115786,8.975796699523926,0.5646358132362366,0.06290648419723953,0.28
20,octanol_gsolv_eV,248,0.17441816627979279,0.04273850470781326,0.6341648294014735,0.9692522508134545,9.203519821166992,0.013068359345197678,0.0014199305916788507,0.18
20,octanol_gsolv_eV,249,0.24145333468914032,0.04113148897886276,0.6359883323556639,0.95014791701446,8.905195236206055,0.0703764483332634,0.007902852937702284,0.26
20,octanol_hl_gap_eV,0,0.0999281108379364,0.0022381225135177374,0.6255542721753651,0.9606197420606588,0.45027533173561096,0.0033783011604100466,0.007502745370012165,0.06
20,octanol_hl_gap_eV,1,0.11588555574417114,0.0007224107976071537,0.6651734011351296,0.9691809336311294,0.29754865169525146,0.0018778364174067974,0.006311023110701481,0.16
20,octanol_hl_gap_eV,2,0.061443231999874115,0.0008524509612470865,0.6811833780986156,0.9592570601217514,0.2665981948375702,0.0005319559131748974,0.0019953470183809805,0.1
20,octanol_hl_gap_eV,3,0.029220016673207283,0.0011684487108141184,0.6405057156791198,0.9682533352987461,0.2752612233161926,0.0006421650759875774,0.002332929674042472,0.1
20,octanol_hl_gap_eV,4,0.12237581610679626,0.0030567245557904243,0.6408196942226203,0.9833419393320371,0.5233471393585205,0.007791965734213591,0.014888713720236238,0.1
20,octanol_hl_gap_eV,5,0.0550808422267437,0.0013950910652056336,0.6400855175951297,0.9714949432338402,0.2912771701812744,0.0008579058921895921,0.002945324865850901,0.1
20,octanol_hl_gap_eV,6,0.030693162232637405,0.003086621407419443,0.6209425850507624,0.9708642966555721,0.563384473323822,0.001609681872650981,0.002857164066226881,0.0
20,octanol_hl_gap_eV,7,0.051315419375896454,0.0008274012361653149,0.6517629413442709,0.9712216635911286,0.24910083413124084,0.00040376369724981487,0.0016208845653125697,0.08
20,octanol_hl_gap_eV,8,0.09147583693265915,0.0011858671205118299,0.6225659136246768,0.9656575507463181,0.2414427101612091,0.0010500001953914762,0.004348858554024682,0.1
20,octanol_hl_gap_eV,9,0.09480390697717667,0.001107849762775004,0.679376348387889,0.9672030859664644,0.33468344807624817,0.0006519207381643355,0.0019478726597074313,0.08
20,octanol_hl_gap_eV,10,0.020531559363007545,0.0011176889529451728,0.6549287183626666,0.9699402581262184,0.29453855752944946,0.0009145568474195898,0.0031050496583224004,0.04
20,octanol_hl_gap_eV,11,0.0167901199311018,0.001261972589418292,0.6372756862214284,0.9659619420908103,0.22518256306648254,0.002165777375921607,0.009617873366518998,0.02
20,octanol_hl_gap_eV,12,0.04991227388381958,0.001483503612689674,0.6374805610066316,0.9781103975947452,0.4372405409812927,0.001197395846247673,0.0027385288737416125,0.02
20,octanol_hl_gap_eV,13,0.025416506454348564,0.0009699476067908108,0.6474133599538119,0.9678944820817086,0.26446613669395447,0.0007031722343526781,0.0026588365646464714,0.02
20,octanol_hl_gap_eV,14,0.09308844804763794,0.0013992772437632084,0.6350990785998536,0.9558837313012487,0.3761097192764282,0.008134973235428333,0.021629255556273982,0.12
20,octanol_hl_gap_eV,15,0.07342776656150818,0.0010201215045526624,0.6832159584304314,0.9708857530806216,0.28043338656425476,0.0007818571175448596,0.0027880315076739813,0.16
20,octanol_hl_gap_eV,16,0.20856700837612152,0.0012442414881661534,0.627670880642049,0.9916116335087348,0.35687020421028137,0.0032679664436727762,0.009157296981137621,0.16
20,octanol_hl_gap_eV,17,0.13044193387031555,0.0022121774964034557,0.599106531025279,0.982476722972027,0.38687315583229065,0.0021860988344997168,0.005650686281907318,0.1
20,octanol_hl_gap_eV,18,0.09710102528333664,0.0009131701663136482,0.6329120924461407,0.972678341875149,0.23166942596435547,0.0019008493982255459,0.008205007589210367,0.02
20,octanol_hl_gap_eV,19,0.14683941006660461,0.002538575790822506,0.5956913113844047,0.908864772290624,0.45878109335899353,0.08731552958488464,0.1903206798379565,0.06
20,octanol_hl_gap_eV,20,0.11441511660814285,0.0012258051428943872,0.639765162607177,0.9766508255945858,0.26948267221450806,0.0007829683599993587,0.0029054497402939373,0.06
20,octanol_hl_gap_eV,21,0.096458800137043,0.0012461559381335974,0.6282432668467328,0.9819670524418811,0.35346370935440063,0.0010216141818091273,0.002890294405824857,0.06
20,octanol_hl_gap_eV,22,0.034173332154750824,0.002284644404426217,0.6259092184790676,0.9700949149470435,0.4189058542251587,0.0012407470494508743,0.00296187565042713,0.02
20,octanol_hl_gap_eV,23,0.14046244323253632,0.0013628265587612987,0.6337308486359985,0.9780879011382562,0.3119575083255768,0.0010502678342163563,0.00336670157372919,0.06
20,octanol_hl_gap_eV,24,0.06776008009910583,0.0008339730557054281,0.6359381236230068,0.9663484436933341,0.28574055433273315,0.0017026657005771995,0.005958782100613255,0.1
20,octanol_hl_gap_eV,25,0.0404481440782547,0.002758856862783432,0.6302842799285318,0.9770091413863637,0.5119264125823975,0.004116821568459272,0.008041822940316927,0.02
20,octanol_hl_gap_eV,26,0.07154422998428345,0.0016991749871522188,0.6160094880621887,0.9784487391240635,0.3517494201660156,0.0030778213404119015,0.008750039556452597,0.04
20,octanol_hl_gap_eV,27,0.06113578751683235,0.0023789138067513704,0.6151379899599738,0.9712692669815493,0.37591832876205444,0.0038398313336074352,0.010214536083548985,0.0
20,octanol_hl_gap_eV,28,0.02648760937154293,0.0008053061319515109,0.6334505916389435,0.9593238779624806,0.2449267953634262,0.00044686018372885883,0.0018244642570274955,0.04
20,octanol_hl_gap_eV,29,0.07574053853750229,0.0011243909830227494,0.6480911270387888,0.9657467399963706,0.3472520411014557,0.0008001336245797575,0.002304186958964439,0.02
20,octanol_hl_gap_eV,30,0.13359582424163818,0.0007824714994058013,0.64451103019741,0.9670216140975525,0.30670925974845886,0.0009337133378721774,0.0030442945825565966,0.1
20,octanol_hl_gap_eV,31,0.09347867965698242,0.0016215145587921143,0.6431015843475929,0.9811568556263366,0.3278483748435974,0.001653843792155385,0.00504453863144621,0.08
20,octanol_hl_gap_eV,32,0.0907134860754013,0.001069586374796927,0.6390602555728799,0.9635747324492001,0.26568594574928284,0.0012151739792898297,0.004573723219957373,0.06
20,octanol_hl_gap_eV,33,0.06539411842823029,0.0009744599228724837,0.6398931493437034,0.9737999836639937,0.24704097211360931,0.0016156670171767473,0.006540077151387397,0.04
20,octanol_hl_gap_eV,34,0.04175485298037529,0.0054002064280211926,0.627691302103845,0.9861265991623507,1.1961994171142578,0.01755272038280964,0.014673740959642224,0.02
20,octanol_hl_gap_eV,35,0.02826869487762451,0.0017854822799563408,0.6378939833476513,0.971972827873743,0.2798742949962616,0.0007360541494563222,0.0026299455241723933,0.0
20,octanol_hl_gap_eV,36,0.0464065819978714,0.0025544266682118177,0.6258362382371461,0.9646588774590963,0.40618908405303955,0.0013631907058879733,0.0033560495823417302,0.0
20,octanol_hl_gap_eV,37,0.028644321486353874,0.0007461683708243072,0.6866652041615051,0.9647513321399095,0.29248714447021484,0.0005835942574776709,0.0019952817363468795,0.02
20,octanol_hl_gap_eV,38,0.06972770392894745,0.00510692223906517,0.617510363126673,0.942162893017592,1.0945605039596558,0.049879252910614014,0.045570119449927185,0.04
20,octanol_hl_gap_eV,39,0.07614461332559586,0.000968951964750886,0.6747721823973245,0.9714824257842989,0.29186615347862244,0.0006709567969664931,0.002298850993750589,0.1
20,octanol_hl_gap_eV,40,0.06995508819818497,0.0011252029798924923,0.6236702072838203,0.9784142347849678,0.3407163918018341,0.000871422584168613,0.0025576186093079012,0.2
20,octanol_hl_gap_eV,41,0.06683456897735596,0.0009433384984731674,0.6558712429993077,0.951000310917484,0.3032400906085968,0.0017881321255117655,0.005896753697451481,0.04
20,octanol_hl_gap_eV,42,0.05084376409649849,0.0014903455739840865,0.6249668652645848,0.9702260160553611,0.3197749853134155,0.002403436228632927,0.007516023263287116,0.06
20,octanol_hl_gap_eV,43,0.08056995272636414,0.0009133468847721815,0.6310798951874528,0.9582773817219281,0.2632901668548584,0.0007686105673201382,0.0029192528399431005,0.02
20,octanol_hl_gap_eV,44,0.24126645922660828,0.002114715054631233,0.6277067498418372,0.9561839585499758,0.545761227607727,0.007288247812539339,0.013354279204637566,0.22
20,octanol_hl_gap_eV,45,0.2647589147090912,0.004161581862717867,0.6158819433680518,0.9234952949907285,0.8929375410079956,0.11552716791629791,0.12937877803399853,0.14
20,octanol_hl_gap_eV,46,0.08731292188167572,0.0009180640918202698,0.6562047949196308,0.9638650731441225,0.3004262149333954,0.00158366234973073,0.005271385355242147,0.12
20,octanol_hl_gap_eV,47,0.01125509012490511,0.001422836328856647,0.6336838335341193,0.9618980494077358,0.2727035582065582,0.000469743215944618,0.0017225415723721978,0.06
20,octanol_hl_gap_eV,48,0.01454769354313612,0.0017756834859028459,0.6262628537411545,0.9838482581561245,0.3047383725643158,0.0016377507708966732,0.005374284692522671,0.02
20,octanol_hl_gap_eV,49,0.04081287980079651,0.0009706660057418048,0.6204189932059276,0.9750730855786427,0.3141545355319977,0.0016871222760528326,0.005370357850144721,0.14
20,octanol_hl_gap_eV,50,0.04847816377878189,0.0009584128856658936,0.6394909867458847,0.9655588779504525,0.23258942365646362,0.0013285381719470024,0.005711945758588161,0.08
20,octanol_hl_gap_eV,51,0.04600336775183678,0.0015082183526828885,0.6239679610230897,0.9648855005203258,0.3102273941040039,0.0012797816889360547,0.00412530199865911,0.04
20,octanol_hl_gap_eV,52,0.05762053653597832,0.0025917342863976955,0.6126866362573986,0.9690474601683032,0.5703506469726562,0.0025330083444714546,0.004441142230514367,0.0
20,octanol_hl_gap_eV,53,0.07288288325071335,0.0012090246891602874,0.6477638757042838,0.9654129747546767,0.29961898922920227,0.0006831333739683032,0.002280006937229604,0.04
20,octanol_hl_gap_eV,54,0.026489118114113808,0.0044358763843774796,0.6143523342935773,0.9819849050600995,0.9722831845283508,0.002711494918912649,0.002788791333697682,0.04
20,octanol_hl_gap_eV,55,0.012701536528766155,0.0016300223069265485,0.6344785661403214,0.9646228067227984,0.3122747838497162,0.002635712269693613,0.008440362161813432,0.06
20,octanol_hl_gap_eV,56,0.046975113451480865,0.0007008286193013191,0.6727663568828688,0.9668488816956355,0.2660389840602875,0.0014900489477440715,0.005600866929361035,0.06
20,octanol_hl_gap_eV,57,0.3193230926990509,0.0009346082806587219,0.6499627900139313,0.8932811511255354,0.253285676240921,0.04477164149284363,0.17676341653942407,0.2
20,octanol_hl_gap_eV,58,0.07133681327104568,0.0019274901133030653,0.618091796016832,0.9738548775419069,0.4416382312774658,0.001046125777065754,0.0023687391692512006,0.1
20,octanol_hl_gap_eV,59,0.04172006621956825,0.0009596798336133361,0.6454179176927446,0.971621973021598,0.22607319056987762,0.0014849784784018993,0.006568573985524847,0.08
20,octanol_hl_gap_eV,60,0.0878245159983635,0.003213661490008235,0.6266807896127062,0.961803262119262,0.6313864588737488,0.0010488454718142748,0.001661178280074582,0.1
20,octanol_hl_gap_eV,61,0.09475932270288467,0.0010567522840574384,0.6740742874316905,0.9735693007338702,0.31914928555488586,0.0011489797616377473,0.003600132645260617,0.16
20,octanol_hl_gap_eV,62,0.09487438201904297,0.0012611888814717531,0.6320097564974667,0.9746108806663569,0.2121226042509079,0.0061275893822312355,0.02888701750513705,0.06
20,octanol_hl_gap_eV,63,0.05836840718984604,0.0018861807184293866,0.6126274871010127,0.9709310031104885,0.3015464246273041,0.00044940822408534586,0.001490345059275007,0.12
20,octanol_hl_gap_eV,64,0.30389297008514404,0.0020994904916733503,0.6221472081961446,0.9153186912175384,0.3749096989631653,0.09423374384641647,0.2513505094880858,0.18
20,octanol_hl_gap_eV,65,0.31096622347831726,0.0014025566633790731,0.6140311898388595,0.9121425622157184,0.22714559733867645,0.06884866207838058,0.3031036607578465,0.22
20,octanol_hl_gap_eV,66,0.03536015376448631,0.001986714079976082,0.6477812622941881,0.9817267925804702,0.4722144305706024,0.0019370916998013854,0.004102144226004894,0.0
20,octanol_hl_gap_eV,67,0.28931525349617004,0.0009448223281651735,0.6171814947489345,0.8951726592187619,0.2681446075439453,0.054094381630420685,0.20173585486538392,0.1
20,octanol_hl_gap_eV,68,0.0892079547047615,0.0007972773746587336,0.6601853413413468,0.9529522548460956,0.2730420231819153,0.00671709980815649,0.024600974347751582,0.02
20,octanol_hl_gap_eV,69,0.054157987236976624,0.0020708483643829823,0.611004058805753,0.9794685100411982,0.2787219285964966,0.003519678022712469,0.012627919304504662,0.02
20,octanol_hl_gap_eV,70,0.308725506067276,0.0010810287203639746,0.671948909546515,0.9420359881670008,0.28346744179725647,0.03246373310685158,0.11452367475087497,0.12
20,octanol_hl_gap_eV,71,0.053208354860544205,0.0016522241057828069,0.6159672694234211,0.9754759677776397,0.3431244194507599,0.000642556871753186,0.0018726643611717533,0.06
20,octanol_hl_gap_eV,72,0.1890448033809662,0.0012587780365720391,0.6267766940063559,0.9726526754644025,0.20200830698013306,0.0014393008314073086,0.007124958636225092,0.12
20,octanol_hl_gap_eV,73,0.1571226269006729,0.0024686933029443026,0.6191875041326722,0.9843594260541968,0.3659495413303375,0.0016120551154017448,0.004405129487364394,0.1
20,octanol_hl_gap_eV,74,0.23775345087051392,0.0009014671668410301,0.6744609933983035,0.9333658557736999,0.30444031953811646,0.0136414784938097,0.04480838318165595,0.24
20,octanol_hl_gap_eV,75,0.02005842886865139,0.0018920049769803882,0.6206985035189818,0.972543675050985,0.4688144624233246,0.0010995951015502214,0.0023454803332353725,0.02
20,octanol_hl_gap_eV,76,0.015852458775043488,0.0006886539049446583,0.6519576406210374,0.9634987597406224,0.26910147070884705,0.0007911153370514512,0.0029398402579055185,0.08
20,octanol_hl_gap_eV,77,0.23814068734645844,0.0015339881647378206,0.6143240049072047,0.9125141142196371,0.24779292941093445,0.04801905155181885,0.19378701267212145,0.08
20,octanol_hl_gap_eV,78,0.1060536727309227,0.0012634460581466556,0.6217931626565953,0.978974052556971,0.21517877280712128,0.0016758589772507548,0.007788217003881401,0.1
20,octanol_hl_gap_eV,79,0.06035476177930832,0.001011182670481503,0.6444921958606842,0.9591241213546999,0.2317136526107788,0.006811135448515415,0.029394622939876682,0.02
20,octanol_hl_gap_eV,80,0.11024484783411026,0.00258248089812696,0.5992833956753443,0.98517812470226,0.4033961296081543,0.007464275229722261,0.018503586628292178,0.04
20,octanol_hl_gap_eV,81,0.017676332965493202,0.0026655104011297226,0.6357545749112505,0.9730208602990165,0.5706695318222046,0.007630887441337109,0.013371815062512494,0.02
20,octanol_hl_gap_eV,82,0.08960945159196854,0.0009203137597069144,0.6935436965722594,0.9629330191665544,0.2824881672859192,0.0007886956445872784,0.0027919599329235033,0.08
20,octanol_hl_gap_eV,83,0.1625589281320572,0.0008853102917782962,0.6715613833830385,0.9528710856367735,0.2548755705356598,0.019610019400715828,0.07693958020183099,0.08
20,octanol_hl_gap_eV,84,0.020475618541240692,0.0013426031218841672,0.6208492589686017,0.9672894747014849,0.21325024962425232,0.001159211969934404,0.005435923155902229,0.06
20,octanol_hl_gap_eV,85,0.03303990513086319,0.0007688933401368558,0.6308446019660316,0.96184981237035,0.3163706660270691,0.00044597862870432436,0.001409671238818854,0.04
20,octanol_hl_gap_eV,86,0.02565320022404194,0.0008961236453615129,0.6155395403044357,0.9666446189349815,0.24423401057720184,0.0005939627299085259,0.002431941106420048,0.08
20,octanol_hl_gap_eV,87,0.0696609690785408,0.0009076381684280932,0.6464112625934366,0.9697119078765497,0.3344774544239044,0.0014694150304421782,0.004393166149189522,0.04
20,octanol_hl_gap_eV,88,0.05187093839049339,0.0015799897955730557,0.617782595142121,0.9810816730146505,0.3145233988761902,0.0028099622577428818,0.008934032468754424,0.14
20,octanol_hl_gap_eV,89,0.07765883952379227,0.001863696496002376,0.6252555964371127,0.9781388052839612,0.475642591714859,0.0015873023075982928,0.003337174456718666,0.18
20,octanol_hl_gap_eV,90,0.09397847205400467,0.0011562304571270943,0.6315977999763853,0.973686262224176,0.22868865728378296,0.0014075235230848193,0.0061547587877880785,0.04
20,octanol_hl_gap_eV,91,0.04267507791519165,0.0010131609160453081,0.6407797688038557,0.9687974674346089,0.26490211486816406,0.0005164429894648492,0.0019495615945605853,0.08
20,octanol_hl_gap_eV,92,0.15566454827785492,0.0010036908788606524,0.6761790316804235,0.9393715765022457,0.27264901995658875,0.029371395707130432,0.10772602707982208,0.08
20,octanol_hl_gap_eV,93,0.27217215299606323,0.001656371750868857,0.6362534030379325,0.9237554404656587,0.286592572927475,0.0661199763417244,0.2307107112592785,0.1
20,octanol_hl_gap_eV,94,0.08513196557760239,0.0010015923762694001,0.6423551531967109,0.959937983680148,0.2228430062532425,0.004722322802990675,0.021191254248401896,0.02
20,octanol_hl_gap_eV,95,0.09177687764167786,0.0011695954017341137,0.6675633864860469,0.9539658777854383,0.34832990169525146,0.004142136313021183,0.011891417569557595,0.16
20,octanol_hl_gap_eV,96,0.10508079081773758,0.0011709870304912329,0.629719343084221,0.972140311121606,0.24719230830669403,0.0015782101545482874,0.006384543942160959,0.14
20,octanol_hl_gap_eV,97,0.05253501981496811,0.001851178240031004,0.6337500246341903,0.9743994044425979,0.3333595097064972,0.0009785052388906479,0.002935285211308843,0.02
20,octanol_hl_gap_eV,98,0.2665857970714569,0.00253655924461782,0.6187967677587325,0.8985785064900684,0.5435585975646973,0.11362763494253159,0.2090439475184771,0.08
20,octanol_hl_gap_eV,99,0.02628924325108528,0.0007332820096053183,0.6449525527861055,0.9743380861656412,0.26576855778694153,0.0007912046276032925,0.002977043763911218,0.04
20,octanol_hl_gap_eV,100,0.4020238518714905,0.0007875554147176445,0.6431733157234043,0.9361200088453556,0.27432650327682495,0.031656697392463684,0.11539788177345253,0.42
20,octanol_hl_gap_eV,101,0.0883675366640091,0.0017149513587355614,0.6320623401688206,0.9755827915872204,0.29376640915870667,0.0006483764154836535,0.0022071155696135754,0.04
20,octanol_hl_gap_eV,102,0.13890178501605988,0.002365903463214636,0.62156981852639,0.9720771309736065,0.5843001008033752,0.001564257894642651,0.0026771480827949483,0.12
20,octanol_hl_gap_eV,103,0.051170799881219864,0.0013811074895784259,0.6208072427861118,0.971406849839376,0.3761393129825592,0.000526732939761132,0.001400366623697097,0.1
20,octanol_hl_gap_eV,104,0.34281978011131287,0.0013401738833636045,0.6385244058613799,0.9216018330404738,0.3033998906612396,0.05483269318938255,0.18072746522709152,0.3
20,octanol_hl_gap_eV,105,0.07809674739837646,0.0005902808043174446,0.6687133718745824,0.9585141532044086,0.28544577956199646,0.00119634042493999,0.004191130192135683,0.02
20,octanol_hl_gap_eV,106,0.15698668360710144,0.0016970011638477445,0.6198761825018457,0.9736354823935192,0.28610309958457947,0.00174501643050462,0.006099257341281436,0.16
20,octanol_hl_gap_eV,107,0.12486996501684189,0.004887676797807217,0.6215577713417433,0.933474370162455,0.914047360420227,0.08808162808418274,0.09636440287261243,0.0
20,octanol_hl_gap_eV,108,0.046201106160879135,0.001609152415767312,0.6046860907174771,0.9685814473514702,0.27781274914741516,0.0009212297736667097,0.003316009709755543,0.06
20,octanol_hl_gap_eV,109,0.0854329839348793,0.0014039896195754409,0.6302481013286179,0.9126215798731208,0.22107498347759247,0.019849270582199097,0.08978524060010147,0.1
20,octanol_hl_gap_eV,110,0.25842130184173584,0.0009892551461234689,0.660145244444486,0.951589046011194,0.32727137207984924,0.009173198603093624,0.028029334019645028,0.24
20,octanol_hl_gap_eV,111,0.2782467305660248,0.0017516430234536529,0.6223051731915799,0.908875463947074,0.42375412583351135,0.09195424616336823,0.21699905807995862,0.16
20,octanol_hl_gap_eV,112,0.10576904565095901,0.002892625518143177,0.6226229922477302,0.970220257469522,0.6954765915870667,0.0009853458032011986,0.0014167921898746512,0.08
20,octanol_hl_gap_eV,113,0.10284583270549774,0.0008435589261353016,0.6709558027034064,0.9688239763499455,0.24290591478347778,0.0013600093079730868,0.005598913921817738,0.04
20,octanol_hl_gap_eV,114,0.06420741975307465,0.0007853245479054749,0.6727177529252848,0.9634324378626387,0.24800506234169006,0.00041115330532193184,0.0016578423901503412,0.2
20,octanol_hl_gap_eV,115,0.09107322990894318,0.0022485037334263325,0.6208857920218029,0.9499080207726607,0.38698068261146545,0.012565652839839458,0.03247100799720168,0.0
20,octanol_hl_gap_eV,116,0.12380049377679825,0.0008775486494414508,0.6795679204911846,0.9594742072520881,0.26957395672798157,0.0032165376469492912,0.011931930242783046,0.06
20,octanol_hl_gap_eV,117,0.03523123636841774,0.0023925798013806343,0.624705133813438,0.9780112376713974,0.5929602384567261,0.001044900738634169,0.0017621767377753532,0.02
20,octanol_hl_gap_eV,118,0.08423931896686554,0.0010629716562107205,0.6330640347209922,0.974766896924302,0.22902590036392212,0.0012790181208401918,0.005584600339122485,0.08
20,octanol_hl_gap_eV,119,0.07024481147527695,0.0024470973294228315,0.6495708508355329,0.9730093095025656,0.4297632873058319,0.002603100147098303,0.006057055648976042,0.08
20,octanol_hl_gap_eV,120,0.08841747790575027,0.001627151039429009,0.6344328595955129,0.9833644485759101,0.28593432903289795,0.0008791902218945324,0.003074797716203492,0.1
20,octanol_hl_gap_eV,121,0.08149509876966476,0.001167534152045846,0.634116351788929,0.9672424479182364,0.24244989454746246,0.00047268549678847194,0.0019496213750504977,0.06
20,octanol_hl_gap_eV,122,0.19985441863536835,0.0011439447989687324,0.6469711310805906,0.9365141381162554,0.25012412667274475,0.013801217079162598,0.05517747233244602,0.08
20,octanol_hl_gap_eV,123,0.10977082699537277,0.0008546789758838713,0.6754455693603394,0.9687145968998201,0.24901948869228363,0.00075734086567536,0.0030412915457039393,0.1
20,octanol_hl_gap_eV,124,0.10801281034946442,0.0023288929369300604,0.6378331124352998,0.9855517495109831,0.37286049127578735,0.0036248276010155678,0.009721672544636684,0.04
20,octanol_hl_gap_eV,125,0.1329784095287323,0.0013679219409823418,0.6221857057933946,0.9684765130532127,0.2521964907646179,0.0017417676281183958,0.006906391214396542,0.18
20,octanol_hl_gap_eV,126,0.06199449673295021,0.0020514389034360647,0.6345918954988607,0.9370210299844159,0.3944396376609802,0.013435574248433113,0.03406243431341186,0.02
20,octanol_hl_gap_eV,127,0.039716385304927826,0.0011280106846243143,0.6290633412422955,0.9501308591113,0.29016298055648804,0.002671358874067664,0.009206408305237312,0.02
20,octanol_hl_gap_eV,128,0.03949751704931259,0.002209791913628578,0.6221051374704263,0.9668355505102704,0.4240844249725342,0.001218689838424325,0.002873696289372696,0.02
20,octanol_hl_gap_eV,129,0.014276509173214436,0.0007227124879136682,0.660502421761284,0.9682031004209801,0.294872909784317,0.000824394344817847,0.002795761555108081,0.02
20,octanol_hl_gap_eV,130,0.039289649575948715,0.0016768481582403183,0.6125740021735699,0.9289920205271107,0.28336453437805176,0.03586941957473755,0.12658401183996526,0.04
20,octanol_hl_gap_eV,131,0.0408625528216362,0.002394510665908456,0.6282994823368737,0.9650132807597851,0.370076447725296,0.0017583246808499098,0.004751247185973576,0.02
20,octanol_hl_gap_eV,132,0.07592834532260895,0.0016616261564195156,0.6322627264190135,0.9763210312876793,0.47063374519348145,0.0005280282930471003,0.0011219516204262479,0.12
20,octanol_hl_gap_eV,133,0.04621576517820358,0.001945456606335938,0.6074848696416115,0.9738842211366991,0.3015458881855011,0.0016897234600037336,0.005603536729256515,0.06
20,octanol_hl_gap_eV,134,0.034068189561367035,0.0029984351713210344,0.6320336202011316,0.9626156478747261,0.5805936455726624,0.0013579772785305977,0.0023389461612022488,0.02
20,octanol_hl_gap_eV,135,0.02962430939078331,0.00343681825324893,0.6502610699470937,0.9765816667600749,0.826443612575531,0.0019947700202465057,0.0024136795177471327,0.1
20,octanol_hl_gap_eV,136,0.0933077409863472,0.002074446529150009,0.618484484270043,0.9694727212160772,0.50902259349823,0.0012304044794291258,0.0024171903077488924,0.06
20,octanol_hl_gap_eV,137,0.09643581509590149,0.0019672694616019726,0.6198467459252288,0.9480883008061152,0.5162193179130554,0.009724723175168037,0.01883835578738634,0.12
20,octanol_hl_gap_eV,138,0.07207195460796356,0.0012184148654341698,0.6289375447349939,0.9614691530584529,0.33264344930648804,0.00192099972628057,0.005774951318853769,0.02
20,octanol_hl_gap_eV,139,0.19448064267635345,0.0013669441686943173,0.6281457782940474,0.9158854943392154,0.37889882922172546,0.02494981698691845,0.0658482292968982,0.12
20,octanol_hl_gap_eV,140,0.07948502153158188,0.0014995306264609098,0.6327564417201486,0.9679537562616509,0.4397948384284973,0.0007469701231457293,0.0016984513183802932,0.12
20,octanol_hl_gap_eV,141,0.1688433438539505,0.0006099749589338899,0.6379129204646958,0.9174949648826645,0.25854602456092834,0.015756972134113312,0.06094455391790432,0.08
20,octanol_hl_gap_eV,142,0.08548112958669662,0.0008054188801907003,0.6751472075941594,0.9785786973424218,0.3085579574108124,0.0009755805949680507,0.003161741810693827,0.1
20,octanol_hl_gap_eV,143,0.06839994341135025,0.0011861464008688927,0.6433304514400917,0.9523621887285207,0.24042604863643646,0.000527349766343832,0.0021933969689834697,0.02
20,octanol_hl_gap_eV,144,0.0422150157392025,0.0008751531131565571,0.6454360430776938,0.9648594612997499,0.27117103338241577,0.0007182896370068192,0.002648843528924639,0.02
20,octanol_hl_gap_eV,145,0.07061924785375595,0.0010670903138816357,0.6634874010094471,0.9616833397803108,0.23571719229221344,0.0006419221172109246,0.0027232723713047956,0.08
20,octanol_hl_gap_eV,146,0.09467590600252151,0.0016176046337932348,0.6139607462393253,0.9660719140129703,0.3579034209251404,0.0009083045879378915,0.0025378482988232566,0.04
20,octanol_hl_gap_eV,147,0.12547650933265686,0.0012424974702298641,0.6397470825400258,0.9821235703209983,0.2961792051792145,0.0006425691535696387,0.0021695282529400665,0.2
20,octanol_hl_gap_eV,148,0.014707935974001884,0.002597586717456579,0.6339677400182857,0.970572339028952,0.4722827076911926,0.001493115909397602,0.003161487568953917,0.04
20,octanol_hl_gap_eV,149,0.13711775839328766,0.0009082191972993314,0.6552868868528958,0.970792845895827,0.2984340488910675,0.0007443687063641846,0.0024942485923779073,0.18
20,octanol_hl_gap_eV,150,0.04054395854473114,0.001071228296495974,0.6188982561363949,0.9756672245613975,0.2261386662721634,0.0010986931156367064,0.004858492949252661,0.06
20,octanol_hl_gap_eV,151,0.06361666321754456,0.000957583193667233,0.6623889642653682,0.9799847704200426,0.30580949783325195,0.0007807888323441148,0.0025531869934590904,0.04
20,octanol_hl_gap_eV,152,0.034048620611429214,0.0008661728352308273,0.6284495024003238,0.9724707650082316,0.23677681386470795,0.0004276622203178704,0.0018061828493149358,0.04
20,octanol_hl_gap_eV,153,0.15824268758296967,0.001537537551485002,0.646924232274301,0.969232103814422,0.4026688039302826,0.0023846507538110018,0.0059221144785377424,0.14
20,octanol_hl_gap_eV,154,0.018436158075928688,0.0023338538594543934,0.6159806674840664,0.9738225827687397,0.49254336953163147,0.0010331921512261033,0.0020976673631980564,0.06
20,octanol_hl_gap_eV,155,0.10125739127397537,0.0018915013642981648,0.6342740359420056,0.972770985379739,0.3893948495388031,0.002164600882679224,0.00555888421545114,0.18
20,octanol_hl_gap_eV,156,0.051599081605672836,0.002316095633432269,0.6162713328048595,0.9446331382959978,0.5303085446357727,0.023911574855446815,0.04508992943319402,0.04
20,octanol_hl_gap_eV,157,0.10276512056589127,0.0010068122064694762,0.6280280842509847,0.9690635296265517,0.232942134141922,0.0020265928469598293,0.00869998403004718,0.02
20,octanol_hl_gap_eV,158,0.2761082947254181,0.001114776823669672,0.6057791500262408,0.9132009988161887,0.26043686270713806,0.04507248103618622,0.17306490551174525,0.32
20,octanol_hl_gap_eV,159,0.07371541112661362,0.0010091018630191684,0.6368327937779701,0.9810650818160731,0.35655298829078674,0.0008405454573221505,0.00235742087410762,0.14
20,octanol_hl_gap_eV,160,0.03887404501438141,0.004593427758663893,0.617535782363015,0.976116624282753,0.9814721345901489,0.0023551895283162594,0.0023996499190471247,0.02
20,octanol_hl_gap_eV,161,0.04665587097406387,0.0013924099039286375,0.6189859986897817,0.9825527594091126,0.3158480226993561,0.0005314092850312591,0.0016824841279348063,0.08
20,octanol_hl_gap_eV,162,0.09335923194885254,0.0011101462878286839,0.6205148718372344,0.9732644459079962,0.31202176213264465,0.0020341926719993353,0.006519393577216491,0.08
20,octanol_hl_gap_eV,163,0.10849460959434509,0.0010075311874970794,0.6552348199822284,0.9761993123770665,0.2616075873374939,0.0011971222702413797,0.004576022746224864,0.1
20,octanol_hl_gap_eV,164,0.08344507217407227,0.0010924116941168904,0.6468922425182164,0.9778677281577284,0.3296768367290497,0.0006602869252674282,0.002002830807946922,0.12
20,octanol_hl_gap_eV,165,0.21835766732692719,0.0008948599570430815,0.6738202857190938,0.9767819089701302,0.30326417088508606,0.0013935290044173598,0.004595099382661332,0.22
20,octanol_hl_gap_eV,166,0.11499861627817154,0.0007794986013323069,0.6288608857707072,0.9762447464409674,0.29267948865890503,0.002547602402046323,0.008704410458415668,0.14
20,octanol_hl_gap_eV,167,0.31916144490242004,0.001350871752947569,0.6543469624583749,0.9076970987793658,0.32550564408302307,0.056821636855602264,0.17456421382699405,0.24
20,octanol_hl_gap_eV,168,0.03823849558830261,0.0017919118981808424,0.62470992173097,0.9649455459963974,0.24871838092803955,0.0008718845783732831,0.0035055092234037226,0.0
20,octanol_hl_gap_eV,169,0.19460348784923553,0.0017129830084741116,0.6271630959019263,0.9315979986090257,0.33835235238075256,0.06409396976232529,0.18942965613018545,0.12
20,octanol_hl_gap_eV,170,0.1437711864709854,0.002075639320537448,0.6208218621141095,0.9758038622639684,0.49650654196739197,0.002262668451294303,0.00455717751941102,0.18
20,octanol_hl_gap_eV,171,0.07182344794273376,0.0011237659491598606,0.6243743919208888,0.9630018129337699,0.32200753688812256,0.0015983916819095612,0.004963833136815372,0.1
20,octanol_hl_gap_eV,172,0.02446869947016239,0.0015287407441064715,0.6386656141845632,0.9766851240616177,0.3792978525161743,0.0006635822937823832,0.0017495018476385554,0.04
20,octanol_hl_gap_eV,173,0.06291186064481735,0.002518931170925498,0.6084031833419814,0.9748820626059602,0.4057997763156891,0.0041697025299072266,0.010275270646436817,0.04
20,octanol_hl_gap_eV,174,0.05962153896689415,0.0012238974450156093,0.6384256165820374,0.97558146906659,0.32784244418144226,0.0023233534302562475,0.007086798770236116,0.1
20,octanol_hl_gap_eV,175,0.14893290400505066,0.0031532282009720802,0.6111041535766957,0.9267645817932804,0.6631735563278198,0.07605339586734772,0.11468098379627341,0.18
20,octanol_hl_gap_eV,176,0.023462485522031784,0.0011880944948643446,0.6264150096072443,0.9658951948254193,0.23306110501289368,0.0008371849544346333,0.0035921264270514703,0.12
20,octanol_hl_gap_eV,177,0.06867071241140366,0.002735849702730775,0.6231418171315051,0.9784343095306187,0.6211771965026855,0.0017610957147553563,0.002835093954946465,0.12
20,octanol_hl_gap_eV,178,0.06777387112379074,0.0011409905273467302,0.6398697726949638,0.9745530272009,0.2857282757759094,0.0014378820778802037,0.00503234086292497,0.02
20,octanol_hl_gap_eV,179,0.043752484023571014,0.0007400766480714083,0.6533934646134385,0.9511312753017567,0.2729208469390869,0.000514602055773139,0.001885535903704684,0.08
20,octanol_hl_gap_eV,180,0.0348096638917923,0.0009518591105006635,0.6419370506936712,0.980164071284733,0.25578993558883667,0.001344800111837685,0.005257439503012157,0.02
20,octanol_hl_gap_eV,181,0.048482321202754974,0.0020192028023302555,0.6322993609147829,0.9661551142458478,0.37108683586120605,0.0012973615666851401,0.0034961131501047896,0.02
20,octanol_hl_gap_eV,182,0.08026812225580215,0.001051304629072547,0.6569239569471643,0.9627535925087001,0.30337679386138916,0.0006661492516286671,0.0021957818300796807,0.06
20,octanol_hl_gap_eV,183,0.0725964903831482,0.0008757521864026785,0.6680621969589862,0.9633321765404597,0.34028053283691406,0.0015886555192992091,0.00466866413442641,0.04
20,octanol_hl_gap_eV,184,0.10706900805234909,0.0011809198185801506,0.634395090994009,0.9506848295749022,0.2602076232433319,0.0004962714738212526,0.001907213430704014,0.04
20,octanol_hl_gap_eV,185,0.05697265639901161,0.004394311923533678,0.6274604650751021,0.9320377690992478,0.8543978929519653,0.02055261842906475,0.02405509025549555,0.04
20,octanol_hl_gap_eV,186,0.16520956158638,0.0011740389745682478,0.6159565310033532,0.9378371499622187,0.2622184157371521,0.03510069102048874,0.13386051060454005,0.08
20,octanol_hl_gap_eV,187,0.03751593083143234,0.0034929770044982433,0.6105812959979271,0.975480898421959,0.6212466955184937,0.0009324069251306355,0.001500864200738238,0.04
20,octanol_hl_gap_eV,188,0.21371465921401978,0.0025030681863427162,0.6102792183027996,0.9030407488556838,0.5853311419487,0.09819842875003815,0.16776559747549624,0.12
20,octanol_hl_gap_eV,189,0.05987386777997017,0.0013171720784157515,0.6292066498134044,0.9561293688658641,0.367867648601532,0.0010640586260706186,0.0028925039484056095,0.08
20,octanol_hl_gap_eV,190,0.3228955864906311,0.0009899429278448224,0.6376402780312485,0.9181112328760823,0.25525686144828796,0.04197535663843155,0.16444359771670727,0.2
20,octanol_hl_gap_eV,191,0.037747323513031006,0.0012837834656238556,0.6282598533727017,0.9761732822427052,0.30864644050598145,0.0007109715370461345,0.002303514454534447,0.06
20,octanol_hl_gap_eV,192,0.2082751840353012,0.0007153857732191682,0.6376394809865302,0.9259282912561873,0.2984049916267395,0.020897606387734413,0.07003102151144384,0.04
20,octanol_hl_gap_eV,193,0.08990941941738129,0.0012946361675858498,0.6475203482339023,0.9772476320647454,0.37857624888420105,0.0010392960393801332,0.002745275337381329,0.22
20,octanol_hl_gap_eV,194,0.0309434924274683,0.0015935837291181087,0.6210917535850458,0.957959731203613,0.34755998849868774,0.0006645424873568118,0.0019120224115191005,0.08
20,octanol_hl_gap_eV,195,0.05908580124378204,0.0006312994519248605,0.6419376924174616,0.970021560374549,0.2420801818370819,0.0013858628226444125,0.00572480907824618,0.08
20,octanol_hl_gap_eV,196,0.14018337428569794,0.0007716820691712201,0.6738815385754755,0.9679154153965106,0.266801655292511,0.0003577806637622416,0.0013409986657316078,0.14
20,octanol_hl_gap_eV,197,0.053990185260772705,0.0015019522979855537,0.6119790006266213,0.9582736023139926,0.3819478750228882,0.0009408765472471714,0.0024633637435233524,0.02
20,octanol_hl_gap_eV,198,0.14031143486499786,0.001690038712695241,0.6208941601492788,0.9697996844991674,0.2505298852920532,0.0011171873193234205,0.004459297612422838,0.06
20,octanol_hl_gap_eV,199,0.2963648736476898,0.0007063274388201535,0.6433085509413237,0.9162136260626226,0.2823559045791626,0.02488025836646557,0.08811665689636757,0.24
20,octanol_hl_gap_eV,200,0.027672000229358673,0.0029203600715845823,0.6378543296049679,0.9763103220396787,0.5493523478507996,0.0004811612598132342,0.0008758700344062504,0.0
20,octanol_hl_gap_eV,201,0.030421052128076553,0.001067277160473168,0.6262566516254018,0.9656786461551403,0.23301111161708832,0.0014215359697118402,0.006100721806125185,0.06
20,octanol_hl_gap_eV,202,0.07066123932600021,0.0017652465030550957,0.627335301321438,0.9714663114234889,0.2672123610973358,0.0017162313451990485,0.006422724376039952,0.02
20,octanol_hl_gap_eV,203,0.0660213902592659,0.0015816143713891506,0.6314513681959695,0.9803732030979,0.27398204803466797,0.0008164201281033456,0.0029798307369395273,0.04
20,octanol_hl_gap_eV,204,0.07737836241722107,0.0009247019188478589,0.6549905562696416,0.9537879316501179,0.24946030974388123,0.0006310130120255053,0.002529512661446468,0.02
20,octanol_hl_gap_eV,205,0.3964759409427643,0.0010436751181259751,0.6362958448758589,0.8945251219698827,0.30354174971580505,0.06279727071523666,0.20688182358450338,0.16
20,octanol_hl_gap_eV,206,0.14600138366222382,0.0008492520428262651,0.6456377772383692,0.9754656608711683,0.2456635981798172,0.000557353429030627,0.002268766855000893,0.12
20,octanol_hl_gap_eV,207,0.20853501558303833,0.0007811833056621253,0.644866726747408,0.9216336082592529,0.28467831015586853,0.004901524167507887,0.017217764728279367,0.2
20,octanol_hl_gap_eV,208,0.09280964732170105,0.001343526877462864,0.6108830576889461,0.9682040953727113,0.333584725856781,0.0013386935461312532,0.004013054083015776,0.06
20,octanol_hl_gap_eV,209,0.03219268098473549,0.00068369583459571,0.6262994041470962,0.9699667577557278,0.2903442978858948,0.0007818619487807155,0.002692878608168799,0.12
20,octanol_hl_gap_eV,210,0.07490050792694092,0.0008036767248995602,0.6821126447455836,0.9564239923782045,0.28440627455711365,0.001009930856525898,0.0035510146817210484,0.06
20,octanol_hl_gap_eV,211,0.08491566777229309,0.0007903738878667355,0.6520481823872013,0.9497485921773328,0.25342950224876404,0.0005722119240090251,0.002257874158026587,0.1
20,octanol_hl_gap_eV,212,0.10201533883810043,0.0011063459096476436,0.6452938497766372,0.9623393742115955,0.31758734583854675,0.0011156457476317883,0.0035128784639894117,0.12
20,octanol_hl_gap_eV,213,0.06314980983734131,0.0016627279110252857,0.6100457273836299,0.9678209428921596,0.4137025475502014,0.001240264275111258,0.0029979614156491413,0.1
20,octanol_hl_gap_eV,214,0.04741906747221947,0.0019031522097066045,0.6276698208840612,0.9626115260219228,0.43639007210731506,0.0015903818421065807,0.0036444042698466367,0.08
20,octanol_hl_gap_eV,215,0.032596006989479065,0.0017499754903838038,0.6352943279741394,0.9630116602502574,0.2846524119377136,0.0010535108158364892,0.003701042997194114,0.06
20,octanol_hl_gap_eV,216,0.160561665892601,0.0009953822009265423,0.6583749010972582,0.9443798310317497,0.2468365877866745,0.01538180187344551,0.06231572884461944,0.12
20,octanol_hl_gap_eV,217,0.011752469465136528,0.0018839228432625532,0.6292877591067703,0.9749938244695691,0.31765779852867126,0.00039310837746597826,0.001237521569710485,0.0
20,octanol_hl_gap_eV,218,0.12105774134397507,0.0008638568106107414,0.6647285060497983,0.9559925429010618,0.3296073377132416,0.00657959608361125,0.01996192235664213,0.08
20,octanol_hl_gap_eV,219,0.11489052325487137,0.001474657328799367,0.6389600329835445,0.9761778009919193,0.3629349172115326,0.005149635951966047,0.014188868879112668,0.24
20,octanol_hl_gap_eV,220,0.06389643251895905,0.0016716473037377,0.6235135295490584,0.9675432214109694,0.461989164352417,0.0014555995585396886,0.003150722291463357,0.08
20,octanol_hl_gap_eV,221,0.0627114474773407,0.0011318393517285585,0.6513658816098973,0.9727879113326028,0.22923848032951355,0.0006693570758216083,0.002919915866042457,0.06
20,octanol_hl_gap_eV,222,0.15672627091407776,0.002546579111367464,0.6041188956503658,0.911615390596701,0.5629364252090454,0.07383793592453003,0.13116567452019195,0.2
20,octanol_hl_gap_eV,223,0.023819731548428535,0.0013182269176468253,0.6283362662799148,0.9776712363762883,0.2436901032924652,0.00022968972916714847,0.0009425484501169333,0.06
20,octanol_hl_gap_eV,224,0.09028612822294235,0.000746656849514693,0.6578032869579713,0.9489895347192894,0.2955073416233063,0.003742300206795335,0.012663983866653905,0.04
20,octanol_hl_gap_eV,225,0.08901101350784302,0.002155020134523511,0.6206980292902324,0.9703402490365818,0.5144831538200378,0.0028673005290329456,0.0055731669885461495,0.04
20,octanol_hl_gap_eV,226,0.07244226336479187,0.0021351792383939028,0.6039619781994578,0.9904713942478836,0.4382001459598541,0.0009611184359528124,0.0021933320762537257,0.04
20,octanol_hl_gap_eV,227,0.08159176260232925,0.0024000725243240595,0.6225006723384519,0.9750840129263747,0.5398679971694946,0.004129506181925535,0.007649103491179999,0.06
20,octanol_hl_gap_eV,228,0.05338497832417488,0.0011983609292656183,0.6465315620211769,0.956575127265642,0.3720262944698334,0.0007839284953661263,0.002107185720523561,0.04
20,octanol_hl_gap_eV,229,-0.044746339321136475,0.002869247691705823,0.6116985256986058,0.9673797140597189,0.42517662048339844,0.015726212412118912,0.03698748156528273,0.0
20,octanol_hl_gap_eV,230,0.026700766757130623,0.0007681905990466475,0.6595080299177194,0.9719908482135986,0.28249260783195496,0.00049084477359429,0.0017375490897314967,0.02
20,octanol_hl_gap_eV,231,0.21507537364959717,0.0023950478062033653,0.6038837660039869,0.9641016029885827,0.509745180606842,0.019168563187122345,0.037604206800547935,0.22
20,octanol_hl_gap_eV,232,0.04572611674666405,0.0015113328117877245,0.6214912236686376,0.9674527479625359,0.39889830350875854,0.0010947174159809947,0.0027443521477823435,0.1
20,octanol_hl_gap_eV,233,0.0780358836054802,0.0007481698994524777,0.6897954080382176,0.966223018337298,0.2845364212989807,0.0004633356293197721,0.0016283877726602726,0.08
20,octanol_hl_gap_eV,234,0.021908551454544067,0.0010467650135979056,0.6235282283056576,0.9629115870462381,0.2521522641181946,0.0006626732065342367,0.0026280676433808,0.04
20,octanol_hl_gap_eV,235,0.09465962648391724,0.0014931843616068363,0.6248388767233111,0.9689839679043324,0.4004049599170685,0.0009159243199974298,0.002287494940589985,0.1
20,octanol_hl_gap_eV,236,0.19211386144161224,0.0007118313806131482,0.683946019504226,0.9536507607553635,0.3036248981952667,0.007758168503642082,0.02555181920111394,0.26
20,octanol_hl_gap_eV,237,0.12616176903247833,0.001884064869955182,0.6165642181655222,0.9183699085554939,0.44713273644447327,0.031213868409395218,0.06980895350584888,0.06
20,octanol_hl_gap_eV,238,0.09376939386129379,0.001003505545668304,0.6248703480326754,0.9603388674246467,0.2489587813615799,0.0008846953860484064,0.0035535817664672075,0.02
20,octanol_hl_gap_eV,239,0.07154051959514618,0.0020498838275671005,0.6244708205069833,0.9621944824855471,0.3123972415924072,0.0065355123952031136,0.0209205188941142,0.06
20,octanol_hl_gap_eV,240,0.1210421696305275,0.001369493082165718,0.6229060357657659,0.9826751282082866,0.3762390613555908,0.001937392633408308,0.005149366007952164,0.08
20,octanol_hl_gap_eV,241,0.06377370655536652,0.0012318085646256804,0.6241305914650779,0.9690607997989875,0.351243793964386,0.0008006953867152333,0.0022796000967818353,0.08
20,octanol_hl_gap_eV,242,0.02831660769879818,0.0013545885449275374,0.6420758040093668,0.9713659020151024,0.267718106508255,0.0007214697543531656,0.0026948859147519757,0.06
20,octanol_hl_gap_eV,243,0.05172481760382652,0.0009216658072546124,0.6686863968370962,0.9890393977315513,0.34174248576164246,0.0016080605564638972,0.004705474512131578,0.02
20,octanol_hl_gap_eV,244,0.08094065636396408,0.0011202117893844843,0.6268867945897487,0.9819661698834714,0.23227109014987946,0.0026134648360311985,0.01125178701466802,0.06
20,octanol_hl_gap_eV,245,0.13842260837554932,0.001964554423466325,0.6457947759607268,0.9822257885495589,0.43682077527046204,0.0019214170752093196,0.004398639405416683,0.16
20,octanol_hl_gap_eV,246,0.03828638419508934,0.0011520534753799438,0.6546543833139997,0.9717463744616117,0.26856929063796997,0.0010226559825241566,0.0038077919485690255,0.1
20,octanol_hl_gap_eV,247,0.5753294229507446,0.001431767363101244,0.6431718901283676,0.9765788290367303,0.22951778769493103,0.004390866495668888,0.019130833125252635,0.54
20,octanol_hl_gap_eV,248,0.13668470084667206,0.0013193918857723475,0.6162322212382527,0.9558320296606557,0.21481554210186005,0.004856747109442949,0.02260891861883999,0.1
20,octanol_hl_gap_eV,249,0.10536493360996246,0.0013709979830309749,0.6234682386484349,0.9536255960418762,0.3033659756183624,0.009000655263662338,0.02966929710992131,0.02
20,octanol_dipole,0,0.2371911257505417,0.017088275402784348,0.6098026250908692,0.9223702942505296,3.2645978927612305,0.25071850419044495,0.07679919929691086,0.16
20,octanol_dipole,1,0.4085654616355896,0.014115408062934875,0.6170000891174672,0.9110243091839452,2.7334043979644775,0.5451086163520813,0.1994247966960231,0.3
20,octanol_dipole,2,0.2568318843841553,0.0042720274068415165,0.6172717673183055,0.9377163710550511,0.7262967228889465,0.12379413098096848,0.17044566921431237,0.14
20,octanol_dipole,3,0.09029219299554825,0.013751993887126446,0.6109956281354021,0.9654741567165135,2.658482551574707,0.011193948797881603,0.004210653476454475,0.04
20,octanol_dipole,4,0.18418282270431519,0.012984202243387699,0.6142026307533295,0.9624998254029073,2.437251329421997,0.019337119534611702,0.007933986659963201,0.1
20,octanol_dipole,5,0.28855738043785095,0.017474902793765068,0.6149957956402632,0.8969230597639537,3.3306150436401367,0.5772639513015747,0.1733205260103144,0.08
20,octanol_dipole,6,0.2690926194190979,0.014859175309538841,0.6156525404981985,0.9417865421629845,2.8151071071624756,0.2301117330789566,0.08174173284330229,0.1
20,octanol_dipole,7,0.08549495786428452,0.012343009933829308,0.6155098921404893,0.9483941022554678,2.239474296569824,0.010254031047224998,0.004578767018193053,0.06
20,octanol_dipole,8,0.4093570411205292,0.016412386670708656,0.623176629322195,0.9153988463524598,3.193479061126709,0.8264625668525696,0.25879692681027966,0.18
20,octanol_dipole,9,0.20381119847297668,0.016571637243032455,0.615987083767753,0.9655806265304683,3.0980653762817383,0.015125303529202938,0.004882177001492509,0.18
20,octanol_dipole,10,0.2572602331638336,0.011491130106151104,0.6158287366350561,0.9369355973617628,2.1229634284973145,0.18976669013500214,0.08938763974343338,0.12
20,octanol_dipole,11,0.42999741435050964,0.013841713778674603,0.6207852111700882,0.9277234142692323,2.702677011489868,0.6886429190635681,0.25480030212117327,0.28
20,octanol_dipole,12,0.11871936172246933,0.01482081227004528,0.6144219104896989,0.9371445263161853,2.7231247425079346,0.02344376966357231,0.008609142760746665,0.02
20,octanol_dipole,13,0.05507088825106621,0.0068218340165913105,0.614679146618728,0.9769682798128918,1.1692224740982056,0.00671978946775198,0.005747229134416698,0.06
20,octanol_dipole,14,0.44940057396888733,0.008346298709511757,0.6265964917679678,0.9263320269579951,1.5126322507858276,0.5483120083808899,0.36248864064351155,0.18
20,octanol_dipole,15,0.2441285252571106,0.01422438770532608,0.6142363212767561,0.934433929658659,2.703808307647705,0.16596417129039764,0.061381633757455735,0.1
20,octanol_dipole,16,0.10857520252466202,0.018680647015571594,0.6091298626822539,0.9678701204982021,3.3960869312286377,0.00717080757021904,0.002111491170700033,0.04
20,octanol_dipole,17,0.09672144800424576,0.011214637197554111,0.6155234528196158,0.9658618062326725,2.0583817958831787,0.006626354064792395,0.003219205532251251,0.08
20,octanol_dipole,18,0.12830206751823425,0.013441155664622784,0.6148825800940103,0.9552415845463409,2.500699043273926,0.012614957056939602,0.0050445722730489174,0.08
20,octanol_dipole,19,0.21707309782505035,0.01377598661929369,0.6160869427121749,0.9427047473184891,2.6059648990631104,0.06258435547351837,0.024015809075562965,0.12
20,octanol_dipole,20,0.13861551880836487,0.013482497073709965,0.6139840507497158,0.9410893292144293,2.5674076080322266,0.021735189482569695,0.00846581174511222,0.1
20,octanol_dipole,21,0.3541218340396881,0.015419958159327507,0.6195921041302943,0.9319973701177631,2.9290738105773926,0.596194326877594,0.20354363373317294,0.2
20,octanol_dipole,22,0.22313979268074036,0.015754707157611847,0.6109214661814155,0.9195307248395654,2.9296157360076904,0.2074114829301834,0.07079818707310458,0.12
20,octanol_dipole,23,0.2323622852563858,0.013618078082799911,0.616408587213773,0.9423181432298826,2.5570335388183594,0.14260216057300568,0.05576859216281696,0.12
20,octanol_dipole,24,0.20541279017925262,0.00556402700021863,0.6264475539555912,0.9563266187932957,0.9525378942489624,0.09827157855033875,0.10316815650449467,0.08
20,octanol_dipole,25,0.22703467309474945,0.00915664155036211,0.6171205794939649,0.942799394301461,1.6714203357696533,0.08871268481016159,0.05307622679444743,0.12
20,octanol_dipole,26,0.08758323639631271,0.017229916527867317,0.6138824485351895,0.9694180720218717,3.2455484867095947,0.010400344617664814,0.0032044952217641655,0.1
20,octanol_dipole,27,0.11482749879360199,0.02277435176074505,0.6095143302417683,0.9684607264174045,4.200129985809326,0.005529320333153009,0.0013164640979766156,0.0
20,octanol_dipole,28,0.1268349587917328,0.015161799266934395,0.6145575733739497,0.9502191141889309,2.8901360034942627,0.00811184011399746,0.0028067330064017737,0.12
20,octanol_dipole,29,0.16692057251930237,0.0195406973361969,0.6139686294331079,0.9393303685775343,3.6234207153320312,0.0374295637011528,0.010329897255037069,0.12
20,octanol_dipole,30,0.18208657205104828,0.018809335306286812,0.6060364220242034,0.9426778548960955,3.4838755130767822,0.01606178469955921,0.004610321074697143,0.12
20,octanol_dipole,31,0.17688429355621338,0.012546766549348831,0.6116036911678904,0.9657221502697653,2.3504717350006104,0.009819929488003254,0.004177854743699228,0.14
20,octanol_dipole,32,0.11594118922948837,0.012362094596028328,0.614416094796026,0.9552700093820825,2.2386465072631836,0.013660933822393417,0.006102318422346341,0.16
20,octanol_dipole,33,0.07593882828950882,0.011290722526609898,0.6126097740636471,0.9560059543771198,2.1140542030334473,0.019272884353995323,0.009116551660000366,0.04
20,octanol_dipole,34,0.06742088496685028,0.013782341964542866,0.6149576459305994,0.9715756260290507,2.579230308532715,0.013590427115559578,0.005269179363548564,0.06
20,octanol_dipole,35,0.3902817368507385,0.009800393134355545,0.6248676479465389,0.9264635394535825,1.7834370136260986,0.42713654041290283,0.23950189277750009,0.22
20,octanol_dipole,36,0.41760683059692383,0.015011994168162346,0.6134776126895627,0.8919886147325211,2.930790901184082,0.6640574336051941,0.22657960120488474,0.34
20,octanol_dipole,37,0.16951526701450348,0.013375955633819103,0.6149295516322892,0.9648007176422659,2.5139899253845215,0.01978839561343193,0.007871310626038106,0.12
20,octanol_dipole,38,0.44383010268211365,0.01002145279198885,0.6218301897720091,0.9052688496962114,1.9009981155395508,0.5028592944145203,0.26452382582809464,0.18
20,octanol_dipole,39,0.23586831986904144,0.010982903651893139,0.6149103617701936,0.9265787542902668,2.054583787918091,0.1039595901966095,0.050598856472994815,0.14
20,octanol_dipole,40,0.08259277790784836,0.03320731595158577,0.6089753247499115,0.9724177569789794,6.068441867828369,0.014619295485317707,0.0024090690499683925,0.04
20,octanol_dipole,41,0.2952474057674408,0.015112466178834438,0.6155269943472235,0.9153029812539433,2.941828966140747,0.39485079050064087,0.13421949237879313,0.08
20,octanol_dipole,42,0.26878488063812256,0.014647111296653748,0.620230253258722,0.9156369374312492,2.8099520206451416,0.3363856077194214,0.1197122247098689,0.06
20,octanol_dipole,43,0.08317078649997711,0.01197848655283451,0.6139759534017333,0.9493234024068455,2.2030205726623535,0.005707254633307457,0.002590649721627534,0.12
20,octanol_dipole,44,0.15303952991962433,0.01435838546603918,0.6121723668375267,0.9405333054793552,2.7522695064544678,0.018941786140203476,0.006882242489618936,0.12
20,octanol_dipole,45,0.1355016976594925,0.01408789400011301,0.6149756311635062,0.9479387812173328,2.6214280128479004,0.007050422951579094,0.0026895352140223626,0.1
20,octanol_dipole,46,0.15799571573734283,0.01435910165309906,0.6130419235486193,0.9561337697110508,2.726550817489624,0.022349394857883453,0.008196947848733248,0.1
20,octanol_dipole,47,0.30629462003707886,0.01896466501057148,0.6129141917282428,0.9162984591699417,3.784428596496582,0.6747087836265564,0.17828551032807569,0.12
20,octanol_dipole,48,0.20498836040496826,0.013681071810424328,0.6129230218281818,0.921762284381465,2.5394346714019775,0.28807181119918823,0.11343934712844919,0.06
20,octanol_dipole,49,0.1299646645784378,0.011821610853075981,0.6135870444440015,0.9684218983284041,2.219601631164551,0.02040732465684414,0.009194138430208802,0.12
20,octanol_dipole,50,0.09673868864774704,0.013710172846913338,0.6168343525939795,0.9594707239928175,2.5498273372650146,0.011276899836957455,0.004422613120562601,0.06
20,octanol_dipole,51,0.5132851600646973,0.011108370497822762,0.6277666282769563,0.9145575027289041,2.1224050521850586,0.8663536906242371,0.40819432168817565,0.38
20,octanol_dipole,52,0.3013242781162262,0.015737131237983704,0.6151048858607817,0.9013091832212012,3.0366413593292236,0.27847588062286377,0.09170522550097172,0.18
20,octanol_dipole,53,0.13210904598236084,0.016165466979146004,0.6103627567208338,0.94590479841193,3.1449387073516846,0.03584592044353485,0.011397971082787898,0.02
20,octanol_dipole,54,0.11850826442241669,0.01477874256670475,0.61780267124411,0.9707142393593915,2.7326536178588867,0.008762498386204243,0.00320658949562364,0.06
20,octanol_dipole,55,0.23067034780979156,0.014506175182759762,0.6165933285390126,0.9407574198849218,2.682971477508545,0.07316688448190689,0.027270839476031615,0.1
20,octanol_dipole,56,0.268752783536911,0.001928090350702405,0.6233581282589518,0.9586890594128508,0.190142422914505,0.05351127311587334,0.281427323243556,0.16
20,octanol_dipole,57,0.17918020486831665,0.018428118899464607,0.6181428643799463,0.963650789335984,3.6163411140441895,0.017487607896327972,0.004835718574338638,0.06
20,octanol_dipole,58,0.14482830464839935,0.013251782394945621,0.6128816973806774,0.9756832651164933,2.506803035736084,0.004884034860879183,0.0019483121694262116,0.1
20,octanol_dipole,59,0.0891389548778534,0.010448549874126911,0.6139642789399082,0.9538531742756919,1.9215303659439087,0.010289568454027176,0.005354882044225544,0.12
20,octanol_dipole,60,0.0730644166469574,0.012809554114937782,0.6156251547786356,0.9555454489276487,2.3743178844451904,0.007718095555901527,0.003250658054873315,0.1
20,octanol_dipole,61,0.14016231894493103,0.010662724263966084,0.6150548602499477,0.9453636927789006,1.9566816091537476,0.028364775702357292,0.014496367507958987,0.1
20,octanol_dipole,62,0.059033457189798355,0.006852332036942244,0.6401113088655461,0.96523226886653,1.2834858894348145,0.0491720475256443,0.038311326934258164,0.02
20,octanol_dipole,63,0.3198734223842621,0.013659962452948093,0.6145163751919329,0.9062736935055427,2.6469552516937256,0.48967039585113525,0.1849938322673972,0.14
20,octanol_dipole,64,0.1604432910680771,0.01272659096866846,0.613095625660784,0.9582059687522251,2.293743371963501,0.010171999223530293,0.0044346718764893085,0.08
20,octanol_dipole,65,0.48074871301651,0.012651396915316582,0.6198913308163292,0.9054982997467915,2.4332549571990967,0.7384405136108398,0.30347847907432346,0.42
20,octanol_dipole,66,0.14254449307918549,0.006323949433863163,0.621429676595719,0.9696295916145989,1.1329705715179443,0.026638103649020195,0.023511734831144545,0.1
20,octanol_dipole,67,0.12080405652523041,0.01593029499053955,0.6127041066500911,0.9599375086298734,2.9974663257598877,0.056077077984809875,0.01870815945550073,0.06
20,octanol_dipole,68,0.0925169587135315,0.011808395385742188,0.6125510028822081,0.9646225950451204,2.2300093173980713,0.008747275918722153,0.003922528865901015,0.04
20,octanol_dipole,69,0.48988354206085205,0.01209693681448698,0.6230854430228039,0.9015213134561337,2.410496234893799,0.6712424159049988,0.27846648594104617,0.36
20,octanol_dipole,70,0.33560603857040405,0.01941801607608795,0.6156105766526823,0.9120625879603614,3.7288568019866943,0.8625597357749939,0.2313201556346791,0.26
20,octanol_dipole,71,0.41731733083724976,0.007238307502120733,0.6248285499325419,0.9293265103104673,1.2911673784255981,0.30883505940437317,0.2391905686007613,0.18
20,octanol_dipole,72,0.16851478815078735,0.013948995620012283,0.6186998406597002,0.9627187127980619,2.679224729537964,0.021514542400836945,0.008030137286970756,0.14
20,octanol_dipole,73,0.18346326053142548,0.003095724619925022,0.6231695598411877,0.9736603535283179,0.6174431443214417,0.032673005014657974,0.05291662125516834,0.22
20,octanol_dipole,74,0.09449177235364914,0.013582542538642883,0.6138062238058875,0.9613987489745368,2.522998094558716,0.01520270574837923,0.006025650903647732,0.1
20,octanol_dipole,75,0.48972707986831665,0.013779226690530777,0.6242951067079661,0.91271587682376,2.6619958877563477,0.7810971140861511,0.29342536465918273,0.28
20,octanol_dipole,76,0.39716199040412903,0.016817636787891388,0.597231107346786,0.8965545435878888,3.094902515411377,0.6729217171669006,0.2174290510980619,0.16
20,octanol_dipole,77,0.1448601931333542,0.018250243738293648,0.6147461433511461,0.9699393530824651,3.3506994247436523,0.011034459806978703,0.0032931810372167003,0.04
20,octanol_dipole,78,0.501437783241272,0.014374440535902977,0.6240212183447231,0.9069040797833123,2.7747957706451416,0.7837074398994446,0.2824378818039038,0.28
20,octanol_dipole,79,0.14726127684116364,0.011142934672534466,0.6139230342997999,0.9450386056291626,2.014909505844116,0.14643260836601257,0.07267453349209686,0.1
20,octanol_dipole,80,0.15164212882518768,0.0328189879655838,0.6311114468064463,0.9151385711478848,6.7524871826171875,0.43183982372283936,0.06395270543193585,0.16
20,octanol_dipole,81,0.2837305963039398,0.025700416415929794,0.6117113169521817,0.8986361322838237,4.922046184539795,0.9972007870674133,0.20259882773949436,0.14
20,octanol_dipole,82,0.14220185577869415,0.027402710169553757,0.62069180464424,0.9503914679805825,5.2700958251953125,0.030403589829802513,0.005769077230901345,0.1
20,octanol_dipole,83,0.3454242944717407,0.00637046666815877,0.6426168619654071,0.9780183914473715,1.3209633827209473,0.0268846545368433,0.0203523086926647,0.28
20,octanol_dipole,84,0.26126015186309814,0.021242458373308182,0.623016051484149,0.9073373467066028,4.106019020080566,0.4500497281551361,0.10960731695449025,0.12
20,octanol_dipole,85,0.100947804749012,0.027070073410868645,0.6228715330390204,0.9649241055367157,5.326148509979248,0.013668743893504143,0.0025663467452876937,0.04
20,octanol_dipole,86,0.35245153307914734,0.013473679311573505,0.6178938555602287,0.9050311166152636,2.5516722202301025,0.5838379859924316,0.2288060282052147,0.26
20,octanol_dipole,87,0.08537919819355011,0.020247340202331543,0.6129718334346574,0.9620567468801351,3.8078222274780273,0.023445863276720047,0.006157289357557157,0.02
20,octanol_dipole,88,0.24782976508140564,0.01831863634288311,0.614738862939592,0.9335985687907604,3.589848279953003,0.2679622769355774,0.07464445738054575,0.08
20,octanol_dipole,89,0.40230876207351685,0.016942791640758514,0.6210280943521267,0.9236778937632615,3.253955125808716,1.0123788118362427,0.31112254861985317,0.18
20,octanol_dipole,90,0.3737250864505768,0.016014134511351585,0.6160463543279029,0.9021962839234972,3.005213737487793,0.4708601236343384,0.15668107654397775,0.24
20,octanol_dipole,91,0.12780067324638367,0.014105869457125664,0.6163421829828248,0.9545757245868711,2.6554436683654785,0.010340890847146511,0.0038942233911185556,0.1
20,octanol_dipole,92,0.15585386753082275,0.017156794667243958,0.6139120620924003,0.9550909591123635,3.435904026031494,0.02528652362525463,0.007359496491658656,0.08
20,octanol_dipole,93,0.19849863648414612,0.029603460803627968,0.6152495103345075,0.9102990486868088,5.89537239074707,0.5747330188751221,0.0974888405314615,0.06
20,octanol_dipole,94,0.12432634085416794,0.014542740769684315,0.6160033774230067,0.9765922034974597,2.661638021469116,0.007363870274275541,0.002766668575846006,0.06
20,octanol_dipole,95,0.18371649086475372,0.01229538768529892,0.6136870598185344,0.9654866911299822,2.324613571166992,0.017693690955638885,0.007611454727400726,0.14
20,octanol_dipole,96,0.11037211120128632,0.014434438198804855,0.6110084733406618,0.9678844608900903,2.6832492351531982,0.010749670676887035,0.004006214009513466,0.06
20,octanol_dipole,97,0.14554494619369507,0.019179051741957664,0.6137552599027607,0.9445562909198655,3.5203967094421387,0.02793729305267334,0.007935836599819012,0.04
20,octanol_dipole,98,0.2119120955467224,0.020205477252602577,0.6194487069698478,0.9303466608130402,3.877685308456421,0.33310288190841675,0.08590250508002518,0.06
20,octanol_dipole,99,0.14337392151355743,0.008005313575267792,0.632139142582117,0.9644684235074774,1.4796462059020996,0.05544530227780342,0.03747199976361913,0.04
20,octanol_dipole,100,0.3900550305843353,0.0016427686205133796,0.6326461802711845,0.9297209142106078,0.07560321688652039,0.14006134867668152,1.8525845122028617,0.22
20,octanol_dipole,101,0.1831248253583908,0.017148304730653763,0.617039518513562,0.9237181669681995,3.1617767810821533,0.1292370706796646,0.0408748243876444,0.08
20,octanol_dipole,102,0.1538892388343811,0.012147456407546997,0.6135566182720436,0.9542834598559558,2.3181777000427246,0.02909332513809204,0.012550084118899015,0.06
20,octanol_dipole,103,0.2228201925754547,0.011738426052033901,0.6166640897260838,0.948554328069946,2.1820151805877686,0.03184075653553009,0.014592362518281454,0.16
20,octanol_dipole,104,0.24273304641246796,0.011738923378288746,0.6117477474275057,0.9527123571522185,2.226079225540161,0.061642929911613464,0.027691256090247966,0.22
20,octanol_dipole,105,0.1593703180551529,0.010782583616673946,0.6139435888529681,0.9450103151889007,2.0044517517089844,0.0343003086745739,0.017112065004971883,0.1
20,octanol_dipole,106,0.33376020193099976,0.01345103420317173,0.6170058460524426,0.9028862933813027,2.483741521835327,0.31673678755760193,0.12752405384097842,0.18
20,octanol_dipole,107,0.16567330062389374,0.017699796706438065,0.6113472128276978,0.9694260429323771,3.311237096786499,0.021336937323212624,0.006443796291096089,0.08
20,octanol_dipole,108,0.3079805374145508,0.01714213937520981,0.6095472668769888,0.8991949450322227,3.2101001739501953,0.47976019978523254,0.1494533421973753,0.18
20,octanol_dipole,109,0.5781465172767639,0.010865438729524612,0.6332150079389323,0.9139721311001863,2.0837230682373047,0.9588462710380554,0.46016012667613143,0.4
20,octanol_dipole,110,0.08744724839925766,0.014989570714533329,0.6173748804641237,0.9673260868031017,2.723041534423828,0.006991226691752672,0.002567432998495175,0.14
20,octanol_dipole,111,0.19406886398792267,0.014815742149949074,0.6152920458387403,0.9360423246677865,2.737816333770752,0.03460458293557167,0.012639482973611789,0.12
20,octanol_dipole,112,0.5865328311920166,0.011116073466837406,0.6319267707409146,0.9056826631543939,2.1233739852905273,0.9585701823234558,0.45143728281680956,0.36
20,octanol_dipole,113,0.13586728274822235,0.012246022932231426,0.616215481227032,0.9492131531262233,2.261110544204712,0.013712940737605095,0.006064692755845899,0.12
20,octanol_dipole,114,0.0974934920668602,0.017802050337195396,0.6102963520214102,0.9608846565040507,3.351290225982666,0.004982209298759699,0.00148665408329379,0.02
20,octanol_dipole,115,0.2833637595176697,0.011977050453424454,0.6128061935968745,0.9059551568259077,2.303209066390991,0.2834659814834595,0.12307435986592216,0.1
20,octanol_dipole,116,0.1694231778383255,0.01081795897334814,0.6147312458991503,0.9277226347445406,2.0139942169189453,0.08132383227348328,0.04037937725456548,0.06
20,octanol_dipole,117,0.38668113946914673,0.013167563825845718,0.6164811270297998,0.8985257050022148,2.5630898475646973,0.3299035429954529,0.12871321827009247,0.28
20,octanol_dipole,118,0.1749320775270462,0.009486270137131214,0.6126167370213114,0.9260943834648794,1.7625397443771362,0.06232747435569763,0.035362308597315366,0.16
20,octanol_dipole,119,0.10269039124250412,0.0110675860196352,0.6139120902838311,0.956574569231889,2.0307044982910156,0.012774706818163395,0.006290775850900134,0.06
20,octanol_dipole,120,0.420375794172287,0.012421508319675922,0.6222755265407229,0.9035608291803243,2.297086000442505,0.7127867937088013,0.31030043871735397,0.14
20,octanol_dipole,121,0.3880903124809265,0.013937028124928474,0.6112823638744418,0.8846010713847825,2.678253173828125,0.5749571919441223,0.21467619176655917,0.14
20,octanol_dipole,122,0.1215330958366394,0.007803136948496103,0.6191044688939749,0.9514226589979573,1.3687140941619873,0.035972461104393005,0.02628193956490059,0.1
20,octanol_dipole,123,0.11975517123937607,0.009540984407067299,0.615452637431348,0.9680476616994642,1.7437032461166382,0.02041352540254593,0.011706995125465544,0.06
20,octanol_dipole,124,0.11853056401014328,0.008714880794286728,0.6132018906499286,0.9654627321408298,1.5989826917648315,0.021160399541258812,0.013233663910335154,0.1
20,octanol_dipole,125,0.13800549507141113,0.01723969355225563,0.6139336099235226,0.9733094208190662,3.1519761085510254,0.004352138377726078,0.0013807650273487547,0.08
20,octanol_dipole,126,0.19205430150032043,0.015838049352169037,0.6116019650946551,0.9595365190111345,2.9903111457824707,0.018943971022963524,0.006335117016061043,0.1
20,octanol_dipole,127,0.28994664549827576,0.014580252580344677,0.6132891043550257,0.9278124944571817,2.778158664703369,0.20982098579406738,0.07552519892396804,0.24
20,octanol_dipole,128,0.163690447807312,0.017270879819989204,0.6183603632808408,0.9445262429683701,3.2777187824249268,0.0833105817437172,0.02541724512500192,0.08
20,octanol_dipole,129,0.19777044653892517,0.010554957203567028,0.613278472602776,0.9476861549761169,1.9780791997909546,0.04561208561062813,0.023058776218590468,0.16
20,octanol_dipole,130,0.1742079257965088,0.013389387167990208,0.6151413121867213,0.9361953841725374,2.4623098373413086,0.2574176788330078,0.10454317118391399,0.12
20,octanol_dipole,131,0.3733653724193573,0.016517098993062973,0.6141030911471304,0.8920448139251853,3.1042640209198,0.5462796092033386,0.17597717382346714,0.16
20,octanol_dipole,132,0.3326804041862488,0.012555102817714214,0.6182216452456368,0.9106073749549961,2.3042948246002197,0.435686856508255,0.1890760035812014,0.16
20,octanol_dipole,133,0.25857657194137573,0.014982396736741066,0.6105469964447565,0.9281758231650594,2.869431734085083,0.18966594338417053,0.06609878225405681,0.1
20,octanol_dipole,134,0.10286503285169601,0.016790952533483505,0.6146891446152916,0.9467815415355605,3.1206858158111572,0.009213034994900227,0.002952246890161703,0.06
20,octanol_dipole,135,0.08725661784410477,0.012039443477988243,0.6174392738915535,0.952968256702031,2.1659202575683594,0.016854453831911087,0.007781659446148441,0.08
20,octanol_dipole,136,0.16307711601257324,0.008303733542561531,0.6204044191064588,0.9612049596483645,1.4669307470321655,0.027936572209000587,0.019044233864155293,0.1
20,octanol_dipole,137,0.11781209707260132,0.015246295370161533,0.6146867339701456,0.9475803946498111,2.805063009262085,0.058391228318214417,0.020816369587924204,0.04
20,octanol_dipole,138,0.15038427710533142,0.01002891268581152,0.6148319713923853,0.9416278595803964,1.8588391542434692,0.07754626125097275,0.04171757468845301,0.02
20,octanol_dipole,139,0.47082042694091797,0.016286615282297134,0.6226025886612283,0.9082763640513716,3.2179055213928223,0.6570144891738892,0.2041745740532215,0.3
20,octanol_dipole,140,0.10132351517677307,0.018617844209074974,0.6103153466626943,0.9619079932532546,3.4912195205688477,0.007184925954788923,0.0020579989062441528,0.06
20,octanol_dipole,141,0.05264698714017868,0.014179883524775505,0.6177922446881943,0.9651675816716849,2.630899429321289,0.004990418907254934,0.0018968489831412319,0.04
20,octanol_dipole,142,0.08899269998073578,0.018239213153719902,0.6157358996218052,0.9434260114423378,3.4254493713378906,0.021722447127103806,0.006341488304823372,0.04
20,octanol_dipole,143,0.19883613288402557,0.011738293804228306,0.6172869452639087,0.9709562769216387,2.1953299045562744,0.018499188125133514,0.008426609634724863,0.18
20,octanol_dipole,144,0.11034802347421646,0.013438642956316471,0.6164890844774269,0.9670064578915056,2.486506938934326,0.007056974805891514,0.0028381078272462054,0.08
20,octanol_dipole,145,0.2769080400466919,0.017729951068758965,0.617207203196295,0.9298939825777761,3.385823965072632,0.342710018157959,0.10121908926550091,0.1
20,octanol_dipole,146,0.1811271458864212,0.011020547710359097,0.6176048525560469,0.9327236927581295,2.044445514678955,0.09279818087816238,0.04539039079881507,0.16
20,octanol_dipole,147,0.38578304648399353,0.01216262299567461,0.6183514234791689,0.9079002763560631,2.3085451126098633,0.39313381910324097,0.17029505594490815,0.16
20,octanol_dipole,148,0.20199812948703766,0.01627069152891636,0.6155388260395316,0.9566102933133893,3.0271244049072266,0.008803697302937508,0.002908270730025487,0.12
20,octanol_dipole,149,0.1152782142162323,0.018843578174710274,0.6135762075790403,0.9696388086175958,3.542689561843872,0.00409773550927639,0.0011566736056725308,0.02
20,octanol_dipole,150,0.09848979115486145,0.013352720998227596,0.6145186767350763,0.9605115898345604,2.4934749603271484,0.00985693372786045,0.003953091121703987,0.08
20,octanol_dipole,151,0.2836781144142151,0.014060351066291332,0.6161605260678669,0.9135541448018374,2.6655709743499756,0.2411249428987503,0.09045902180772016,0.18
20,octanol_dipole,152,0.10239031165838242,0.017888247966766357,0.6100834442054677,0.9526109320796807,3.3656997680664062,0.010429233312606812,0.0030986820070996422,0.08
20,octanol_dipole,153,0.10635757446289062,0.009410147555172443,0.6151332032353403,0.9690501071916349,1.697369933128357,0.01583070680499077,0.009326609654157008,0.06
20,octanol_dipole,154,0.38319963216781616,0.01487660687416792,0.6181618836495022,0.9043999918480721,2.927795648574829,0.5949689149856567,0.2032139487861017,0.18
20,octanol_dipole,155,0.2205636352300644,0.013189174234867096,0.6157795297385182,0.9382711667722707,2.5061910152435303,0.1913883239030838,0.0763662157987931,0.12
20,octanol_dipole,156,0.08769749104976654,0.01130698062479496,0.6173596477007948,0.957752229513581,2.0969185829162598,0.014420009218156338,0.006876761613749407,0.12
20,octanol_dipole,157,0.15337249636650085,0.01289093866944313,0.6148472916569263,0.9568952274635694,2.4068500995635986,0.007035679649561644,0.0029231897951755813,0.02
20,octanol_dipole,158,0.10333586484193802,0.017158066853880882,0.6187796500348703,0.9596008825937623,3.20640230178833,0.011361266486346722,0.00354330661502149,0.1
20,octanol_dipole,159,0.04828653112053871,0.012280666269361973,0.6157145170891682,0.9668260013361138,2.25626802444458,0.01109140831977129,0.004915820372228,0.06
20,octanol_dipole,160,0.15603424608707428,0.01379462145268917,0.6146031907085721,0.9579351647219811,2.558915376663208,0.017460377886891365,0.006823351036195448,0.1
20,octanol_dipole,161,0.2297418862581253,0.01777833327651024,0.6116113207281415,0.9191564697035639,3.5892300605773926,0.3149656355381012,0.08775298050619616,0.08
20,octanol_dipole,162,0.24412409961223602,0.01625731587409973,0.614217692112184,0.9387400428957122,3.1072542667388916,0.27270179986953735,0.08776294968475233,0.12
20,octanol_dipole,163,0.12187840044498444,0.017614111304283142,0.6143715093998496,0.9452159609368775,3.2847633361816406,0.012976587750017643,0.003950539634646015,0.14
20,octanol_dipole,164,0.15406349301338196,0.015101711265742779,0.6173671178930558,0.9698513919582319,2.843027353286743,0.003524414962157607,0.0012396697337727445,0.14
20,octanol_dipole,165,0.15312643349170685,0.016675705090165138,0.6113170035055397,0.9648462823378849,3.1087961196899414,0.011211900971829891,0.0036065089314857098,0.16
20,octanol_dipole,166,0.06820492446422577,0.012611117213964462,0.6168083498645498,0.9525858249819632,2.375148057937622,0.00556405633687973,0.0023426145238756553,0.06
20,octanol_dipole,167,0.16729217767715454,0.018147524446249008,0.6098371131290616,0.9347108359657486,3.32377290725708,0.06062706187367439,0.018240434459677466,0.02
20,octanol_dipole,168,0.3568747341632843,0.013775954954326153,0.615242896604119,0.8981522382589846,2.6611526012420654,0.45268237590789795,0.17010763520160893,0.14
20,octanol_dipole,169,0.17324689030647278,0.013782339170575142,0.6118959129271537,0.9406724261437467,2.577558994293213,0.05586957558989525,0.021675381907297578,0.08
20,octanol_dipole,170,0.2356688678264618,0.0163018349558115,0.61114165581615,0.9283148651352813,3.084597587585449,0.1710137277841568,0.055441179255418645,0.2
20,octanol_dipole,171,0.26511308550834656,0.016382798552513123,0.6138435087887062,0.9239934187590337,3.145577907562256,0.09831127524375916,0.03125380395361053,0.12
20,octanol_dipole,172,0.18031160533428192,0.015919161960482597,0.6161957094643871,0.9575415813654937,2.9680662155151367,0.011925783939659595,0.004018031631949208,0.1
20,octanol_dipole,173,0.12447322905063629,0.0035440975334495306,0.6319621408264944,0.9656955504065419,0.5577809810638428,0.04034196585416794,0.0723258182400279,0.04
20,octanol_dipole,174,0.21015258133411407,0.015601426362991333,0.6162828916452601,0.9377784411657417,2.989980459213257,0.07508810609579086,0.02511324308639413,0.14
20,octanol_dipole,175,0.1406271904706955,0.011675441637635231,0.6156693655286993,0.9637254128680885,2.157806873321533,0.008205415681004524,0.0038026645398407913,0.1
20,octanol_dipole,176,0.13845816254615784,0.0186134185642004,0.6034349093222025,0.9478159436522826,3.470608949661255,0.025529121980071068,0.0073558048026594325,0.14
20,octanol_dipole,177,0.16137146949768066,0.015988335013389587,0.6162176824145875,0.951474196805107,2.9226300716400146,0.09582874923944473,0.03278853186700808,0.04
20,octanol_dipole,178,0.30654242634773254,0.012471776455640793,0.6177650881725765,0.9111578955638135,2.357184648513794,0.32046276330947876,0.13595148921045735,0.26
20,octanol_dipole,179,0.15995192527770996,0.01905065029859543,0.6086287931583758,0.9618959376381544,3.4346163272857666,0.009475132450461388,0.0027587164176643823,0.04
20,octanol_dipole,180,0.2794364392757416,0.01722470112144947,0.610048737710138,0.9202085935288082,3.296463966369629,0.26752158999443054,0.08115410716563969,0.14
20,octanol_dipole,181,0.32128551602363586,0.016815247014164925,0.6106453289684917,0.907162276935529,3.2919323444366455,0.35187777876853943,0.10689095095262564,0.14
20,octanol_dipole,182,0.3688814342021942,0.01534357387572527,0.6160718784018744,0.8883279420798837,2.9712460041046143,0.5327273011207581,0.17929424234305216,0.16
20,octanol_dipole,183,0.13966383039951324,0.006792108993977308,0.6162693124365308,0.9571332922305356,1.203419804573059,0.059392061084508896,0.04935273697409326,0.08
20,octanol_dipole,184,0.08387135714292526,0.017806101590394974,0.6108622435451805,0.9610162440590246,3.3212146759033203,0.0119954077526927,0.003611753205754497,0.04
20,octanol_dipole,185,0.07964683324098587,0.015474009327590466,0.6127141293000407,0.9598597032435103,2.9712116718292236,0.008689784444868565,0.002924660173914404,0.06
20,octanol_dipole,186,0.07081927359104156,0.013622043654322624,0.6140564444308392,0.9707606863868758,2.517547607421875,0.010286279022693634,0.00408583297188466,0.06
20,octanol_dipole,187,0.2469290941953659,0.013303265906870365,0.6143349452599205,0.9260954419727208,2.551790237426758,0.22248457372188568,0.08718764201646942,0.14
20,octanol_dipole,188,0.21516606211662292,0.013138620182871819,0.6104774509628061,0.9239579064603092,2.450536012649536,0.12566573917865753,0.05128091916624677,0.1
20,octanol_dipole,189,0.27365005016326904,0.018247313797473907,0.6167017920780964,0.9000405344395352,3.4304773807525635,0.28001850843429565,0.08162668846190334,0.14
20,octanol_dipole,190,0.09371192753314972,0.00939436536282301,0.6247900033961724,0.9641699930129586,1.7028433084487915,0.0387151762843132,0.022735607023984413,0.08
20,octanol_dipole,191,0.27176687121391296,0.015513533726334572,0.6155525382911273,0.9572993160319754,2.921333074569702,0.2173275500535965,0.0743932802272496,0.16
20,octanol_dipole,192,0.0949113667011261,0.02703932672739029,0.6130171019402737,0.9621371574548643,4.9982733726501465,0.008868372067809105,0.0017742871200954308,0.02
20,octanol_dipole,193,0.4447896480560303,0.012311005964875221,0.6206089365993315,0.906811559667011,2.3404922485351562,0.7404495477676392,0.3163648793244516,0.22
20,octanol_dipole,194,0.3290737271308899,0.00996428169310093,0.6181081199559428,0.9060705238564102,1.8568437099456787,0.3575693666934967,0.19256837006705171,0.16
20,octanol_dipole,195,0.0541393905878067,0.01855616271495819,0.6072634441596838,0.9448078008187621,3.521275520324707,0.029816007241606712,0.00846738832832294,0.04
20,octanol_dipole,196,0.39718180894851685,0.01367925014346838,0.6181994005880693,0.9103969983205513,2.6196839809417725,0.45662644505500793,0.17430592711829745,0.28
20,octanol_dipole,197,0.47836005687713623,0.012533978559076786,0.6177553482511349,0.890880137160954,2.4305319786071777,0.6432915925979614,0.2646711083252652,0.28
20,octanol_dipole,198,0.4181964695453644,0.0147408964112401,0.6163462515022362,0.897957517578382,2.8152174949645996,0.6825014352798462,0.24243293333484645,0.24
20,octanol_dipole,199,0.1317051500082016,0.01775524765253067,0.6122231483305547,0.9574591817426055,3.2250168323516846,0.006432619411498308,0.0019946002597473695,0.1
20,octanol_dipole,200,0.14503908157348633,0.01798521913588047,0.6131448770201859,0.9515207889310762,3.496947765350342,0.022409828379750252,0.006408396660024209,0.1
20,octanol_dipole,201,0.12901583313941956,0.007222603540867567,0.6206987411277187,0.9630283589010777,1.2751569747924805,0.03351946547627449,0.026286540511398185,0.06
20,octanol_dipole,202,0.44580426812171936,0.01520754024386406,0.6194879931868522,0.9085692724764591,2.916424512863159,0.716227114200592,0.24558397141486307,0.22
20,octanol_dipole,203,0.22694721817970276,0.01360112801194191,0.6150229207612821,0.9364414625871524,2.586035966873169,0.12300316989421844,0.0475643693552121,0.12
20,octanol_dipole,204,0.2568618953227997,0.013636710122227669,0.6156324786482321,0.9138856946740155,2.6021506786346436,0.22452835738658905,0.08628568638630864,0.14
20,octanol_dipole,205,0.1508854329586029,0.01158658042550087,0.6133741126216612,0.9509668645822813,2.172922134399414,0.009274052456021309,0.004268009566106526,0.12
20,octanol_dipole,206,0.1349252164363861,0.00806326325982809,0.6151261357353166,0.9513007193088274,1.4480074644088745,0.011589032597839832,0.008003434293462614,0.12
20,octanol_dipole,207,0.26914018392562866,0.015174593776464462,0.6135824580360918,0.9081433614803371,2.8538873195648193,0.1685970276594162,0.05907627344065044,0.12
20,octanol_dipole,208,0.12545448541641235,0.015397410839796066,0.6120337801583495,0.9552109778664828,2.947593927383423,0.012992551550269127,0.004407849883787285,0.06
20,octanol_dipole,209,0.10966594517230988,0.015707973390817642,0.6162084774104888,0.9616096879645459,2.906677484512329,0.008054434321820736,0.002771010669307908,0.14
20,octanol_dipole,210,0.11360058188438416,0.021498512476682663,0.6147886845011954,0.9633637868761094,4.083183288574219,0.013859876431524754,0.0033943801813423853,0.1
20,octanol_dipole,211,0.23843514919281006,0.011161423288285732,0.6150291433410533,0.9279516527451288,2.0304007530212402,0.11593011021614075,0.05709715682661983,0.16
20,octanol_dipole,212,0.44308626651763916,0.013310178183019161,0.6167104030992503,0.8763872698649322,2.607365369796753,0.50360107421875,0.1931455714079712,0.22
20,octanol_dipole,213,0.27267947793006897,0.018348412588238716,0.6080055676134115,0.8931692458318823,3.3563029766082764,0.49848559498786926,0.1485222277196249,0.24
20,octanol_dipole,214,0.37131166458129883,0.018083199858665466,0.6183223143951193,0.8998987234915155,3.4379496574401855,0.7134353518486023,0.20751768435719592,0.14
20,octanol_dipole,215,0.2661409378051758,0.023304609581828117,0.5990966656216161,0.8858638014629487,4.51651668548584,0.623286247253418,0.13800153761335465,0.08
20,octanol_dipole,216,0.377286821603775,0.018154986202716827,0.6092345163707025,0.8984355709964789,3.4922640323638916,0.6997154951095581,0.20036156734573277,0.18
20,octanol_dipole,217,0.1999025195837021,0.0076951212249696255,0.6208882111669556,0.979541427295433,1.367277979850769,0.07288360595703125,0.053305624043609695,0.14
20,octanol_dipole,218,0.12845264375209808,0.01585330069065094,0.6159763740540427,0.9748155539443708,2.983278512954712,0.018500765785574913,0.006201487962064696,0.08
20,octanol_dipole,219,0.36854222416877747,0.016764983534812927,0.6128420534982382,0.884427837410982,3.2890665531158447,0.5990434288978577,0.18213174443988173,0.22
20,octanol_dipole,220,0.20250378549098969,0.012381507083773613,0.6160223653583394,0.9335295964600929,2.2735350131988525,0.21543768048286438,0.09475890154853812,0.12
20,octanol_dipole,221,0.19915080070495605,0.013627950102090836,0.6145249838709996,0.9398521364895254,2.597820520401001,0.1605324149131775,0.06179503689823715,0.18
20,octanol_dipole,222,0.2563255727291107,0.010855361819267273,0.6176259741164682,0.9324195929122334,2.0151078701019287,0.23668016493320465,0.11745285125665894,0.22
20,octanol_dipole,223,0.38076335191726685,0.017828064039349556,0.6113983776161944,0.9154298164287649,3.416076183319092,0.599416971206665,0.17546943892342173,0.14
20,octanol_dipole,224,0.10076189041137695,0.012756112031638622,0.6132353851220305,0.9532032391800775,2.418091297149658,0.0141966063529253,0.005870996835255827,0.08
20,octanol_dipole,225,0.09964392334222794,0.012895849533379078,0.6138482868060051,0.9512370579499752,2.4284536838531494,0.011902354657649994,0.004901207190727603,0.08
20,octanol_dipole,226,0.2799638509750366,0.018724387511610985,0.6131017459235277,0.9417758469495565,3.513211965560913,0.2882944941520691,0.08206009115821752,0.22
20,octanol_dipole,227,0.41865622997283936,0.01599491946399212,0.6208448179012696,0.9100415218736282,3.118582010269165,0.6796541213989258,0.2179369082361457,0.14
20,octanol_dipole,228,0.15946446359157562,0.015195724554359913,0.6165115312262799,0.9525044405266003,2.7971363067626953,0.011585701256990433,0.00414198665577342,0.1
20,octanol_dipole,229,0.06989244371652603,0.021229179576039314,0.6137407214303279,0.962887610956813,3.91776180267334,0.007480773609131575,0.0019094508512556745,0.08
20,octanol_dipole,230,0.1714184731245041,0.014825155958533287,0.6166881105337121,0.9558462772671832,2.753737688064575,0.006829376798123121,0.0024800389767418445,0.1
20,octanol_dipole,231,0.12071491777896881,0.01662796176970005,0.6125457491184358,0.9653912518129228,3.115621566772461,0.028597446158528328,0.009178729041907691,0.08
20,octanol_dipole,232,0.15272024273872375,0.024782435968518257,0.6090741208289807,0.9526574105090369,4.4916558265686035,0.05208110064268112,0.011595078219176118,0.1
20,octanol_dipole,233,0.13438649475574493,0.010821952484548092,0.6160938609465181,0.9577625089404065,2.000816822052002,0.01345154084265232,0.006723024663925337,0.1
20,octanol_dipole,234,0.10291305929422379,0.012278256006538868,0.6157706393574502,0.9669822309961666,2.26550555229187,0.02198701910674572,0.009705127001124685,0.04
20,octanol_dipole,235,0.5098143815994263,0.011514252051711082,0.6218077934277388,0.8826974470360947,2.187161922454834,0.5858134627342224,0.267841834991675,0.3
20,octanol_dipole,236,0.08358389139175415,0.0459585003554821,0.607794304806702,0.972019361094606,8.395818710327148,0.013815050013363361,0.001645467879906741,0.02
20,octanol_dipole,237,0.35811126232147217,0.01924706995487213,0.6087517021851128,0.9030331248616383,3.576021432876587,0.7864165306091309,0.2199138191340564,0.16
20,octanol_dipole,238,0.06680899113416672,0.013375099748373032,0.6169455970305411,0.9588780832133419,2.4962830543518066,0.00994908157736063,0.003985558272334642,0.08
20,octanol_dipole,239,0.3761882483959198,0.016600538045167923,0.6158252750349043,0.9010688002651801,3.2380707263946533,0.5983054637908936,0.18477220368100528,0.12
20,octanol_dipole,240,0.08752051740884781,0.012181457132101059,0.6157158359628119,0.9607843224872901,2.2577879428863525,0.011164034716784954,0.00494467815365905,0.12
20,octanol_dipole,241,0.365505576133728,0.013194113038480282,0.6182896059361263,0.9112715072669966,2.4874887466430664,0.47867438197135925,0.19243278290900545,0.18
20,octanol_dipole,242,0.31703799962997437,0.012670386582612991,0.614902451327521,0.9047868898495188,2.3595645427703857,0.3719860315322876,0.15765028876706863,0.12
20,octanol_dipole,243,0.4377479553222656,0.0092175817117095,0.6196024672497347,0.896610987404145,1.7614336013793945,0.41249582171440125,0.23418187400954088,0.3
20,octanol_dipole,244,0.08011357486248016,0.017840871587395668,0.6084853443233877,0.974948120998556,3.4471404552459717,0.020538613200187683,0.005958159659242009,0.08
20,octanol_dipole,245,0.14781638979911804,0.014064786024391651,0.615302701728871,0.9551256573231941,2.6292855739593506,0.016148030757904053,0.006141603984685197,0.08
20,octanol_dipole,246,0.5712187886238098,0.006125031970441341,0.6488811125512433,0.9027205379075023,1.1815438270568848,0.8227289915084839,0.6963169479356723,0.46
20,octanol_dipole,247,0.2570335566997528,0.016416922211647034,0.612622834341811,0.9055337429588954,3.2455697059631348,0.3245397210121155,0.09999468519065657,0.08
20,octanol_dipole,248,0.22330424189567566,0.015218382701277733,0.6142864406980222,0.9312477577432028,2.8336868286132812,0.12229935079813004,0.04315909209274885,0.1
20,octanol_dipole,249,0.1687811315059662,0.011064853519201279,0.6137571824079966,0.9634432121340506,2.0777876377105713,0.016261612996459007,0.00782640761804561,0.14
20,hexane_gsolv_eV,0,1.0,0.0,0.6356052122737272,0.6356052122737272,,,,1.0
20,hexane_gsolv_eV,1,1.0,0.0,0.6356052122737272,0.6356052122737272,,,,1.0
20,hexane_gsolv_eV,2,1.0,0.0,0.6356052122737272,0.6356052122737272,,,,1.0
20,hexane_gsolv_eV,3,1.0,0.0,0.6356052122737272,0.6356052122737272,,,,1.0
20,hexane_gsolv_eV,4,1.0,0.0,0.6356052122737272,0.6356052122737272,,,,1.0
20,hexane_gsolv_eV,5,1.0,0.0,0.6356052122737272,0.6356052122737272,,,,1.0
20,hexane_gsolv_eV,6,1.0,0.0,0.6356052122737272,0.6356052122737272,,,,1.0
20,hexane_gsolv_eV,7,1.0,0.0,0.6356052122737272,0.6356052122737272,,,,1.0
20,hexane_gsolv_eV,8,1.0,0.0,0.6356052122737272,0.6356052122737272,,,,1.0
20,hexane_gsolv_eV,9,1.0,0.0,0.6356052122737272,0.6356052122737272,,,,1.0
20,hexane_gsolv_eV,10,1.0,0.0,0.6356052122737272,0.6356052122737272,,,,1.0
20,hexane_gsolv_eV,11,1.0,0.0,0.6356052122737272,0.6356052122737272,,,,1.0
20,hexane_gsolv_eV,12,1.0,0.0,0.6356052122737272,0.6356052122737272,,,,1.0
20,hexane_gsolv_eV,13,1.0,0.0,0.6356052122737272,0.6356052122737272,,,,1.0
20,hexane_gsolv_eV,14,1.0,0.0,0.6356052122737272,0.6356052122737272,,,,1.0
20,hexane_gsolv_eV,15,1.0,0.0,0.6356052122737272,0.6356052122737272,,,,1.0
20,hexane_gsolv_eV,16,1.0,0.0,0.6356052122737272,0.6356052122737272,,,,1.0
20,hexane_gsolv_eV,17,1.0,0.0,0.6356052122737272,0.6356052122737272,,,,1.0
20,hexane_gsolv_eV,18,1.0,0.0,0.6356052122737272,0.6356052122737272,,,,1.0
20,hexane_gsolv_eV,19,1.0,0.0,0.6356052122737272,0.6356052122737272,,,,1.0
20,hexane_gsolv_eV,20,1.0,0.0,0.6356052122737272,0.6356052122737272,,,,1.0
20,hexane_gsolv_eV,21,1.0,0.0,0.6356052122737272,0.6356052122737272,,,,1.0
20,hexane_gsolv_eV,22,1.0,0.0,0.6356052122737272,0.6356052122737272,,,,1.0
20,hexane_gsolv_eV,23,1.0,0.0,0.6356052122737272,0.6356052122737272,,,,1.0
20,hexane_gsolv_eV,24,1.0,0.0,0.6356052122737272,0.6356052122737272,,,,1.0
20,hexane_gsolv_eV,25,1.0,0.0,0.6356052122737272,0.6356052122737272,,,,1.0
20,hexane_gsolv_eV,26,1.0,0.0,0.6356052122737272,0.6356052122737272,,,,1.0
20,hexane_gsolv_eV,27,1.0,0.0,0.6356052122737272,0.6356052122737272,,,,1.0
20,hexane_gsolv_eV,28,1.0,0.0,0.6356052122737272,0.6356052122737272,,,,1.0
20,hexane_gsolv_eV,29,1.0,0.0,0.6356052122737272,0.6356052122737272,,,,1.0
20,hexane_gsolv_eV,30,1.0,0.0,0.6356052122737272,0.6356052122737272,,,,1.0
20,hexane_gsolv_eV,31,1.0,0.0,0.6356052122737272,0.6356052122737272,,,,1.0
20,hexane_gsolv_eV,32,1.0,0.0,0.6356052122737272,0.6356052122737272,,,,1.0
20,hexane_gsolv_eV,33,1.0,0.0,0.6356052122737272,0.6356052122737272,,,,1.0
20,hexane_gsolv_eV,34,1.0,0.0,0.6356052122737272,0.6356052122737272,,,,1.0
20,hexane_gsolv_eV,35,1.0,0.0,0.6356052122737272,0.6356052122737272,,,,1.0
20,hexane_gsolv_eV,36,1.0,0.0,0.6356052122737272,0.6356052122737272,,,,1.0
20,hexane_gsolv_eV,37,1.0,0.0,0.6356052122737272,0.6356052122737272,,,,1.0
20,hexane_gsolv_eV,38,1.0,0.0,0.6356052122737272,0.6356052122737272,,,,1.0
20,hexane_gsolv_eV,39,1.0,0.0,0.6356052122737272,0.6356052122737272,,,,1.0
20,hexane_gsolv_eV,40,1.0,0.0,0.6356052122737272,0.6356052122737272,,,,1.0
20,hexane_gsolv_eV,41,1.0,0.0,0.6356052122737272,0.6356052122737272,,,,1.0
20,hexane_gsolv_eV,42,1.0,0.0,0.6356052122737272,0.6356052122737272,,,,1.0
20,hexane_gsolv_eV,43,1.0,0.0,0.6356052122737272,0.6356052122737272,,,,1.0
20,hexane_gsolv_eV,44,1.0,0.0,0.6356052122737272,0.6356052122737272,,,,1.0
20,hexane_gsolv_eV,45,1.0,0.0,0.6356052122737272,0.6356052122737272,,,,1.0
20,hexane_gsolv_eV,46,1.0,0.0,0.6356052122737272,0.6356052122737272,,,,1.0
20,hexane_gsolv_eV,47,1.0,0.0,0.6356052122737272,0.6356052122737272,,,,1.0
20,hexane_gsolv_eV,48,1.0,0.0,0.6356052122737272,0.6356052122737272,,,,1.0
20,hexane_gsolv_eV,49,1.0,0.0,0.6356052122737272,0.6356052122737272,,,,1.0
20,hexane_gsolv_eV,50,1.0,0.0,0.6356052122737272,0.6356052122737272,,,,1.0
20,hexane_gsolv_eV,51,1.0,0.0,0.6356052122737272,0.6356052122737272,,,,1.0
20,hexane_gsolv_eV,52,1.0,0.0,0.6356052122737272,0.6356052122737272,,,,1.0
20,hexane_gsolv_eV,53,1.0,0.0,0.6356052122737272,0.6356052122737272,,,,1.0
20,hexane_gsolv_eV,54,1.0,0.0,0.6356052122737272,0.6356052122737272,,,,1.0
20,hexane_gsolv_eV,55,1.0,0.0,0.6356052122737272,0.6356052122737272,,,,1.0
20,hexane_gsolv_eV,56,1.0,0.0,0.6356052122737272,0.6356052122737272,,,,1.0
20,hexane_gsolv_eV,57,1.0,0.0,0.6356052122737272,0.6356052122737272,,,,1.0
20,hexane_gsolv_eV,58,1.0,0.0,0.6356052122737272,0.6356052122737272,,,,1.0
20,hexane_gsolv_eV,59,1.0,0.0,0.6356052122737272,0.6356052122737272,,,,1.0
20,hexane_gsolv_eV,60,1.0,0.0,0.6356052122737272,0.6356052122737272,,,,1.0
20,hexane_gsolv_eV,61,1.0,0.0,0.6356052122737272,0.6356052122737272,,,,1.0
20,hexane_gsolv_eV,62,1.0,0.0,0.6356052122737272,0.6356052122737272,,,,1.0
20,hexane_gsolv_eV,63,1.0,0.0,0.6356052122737272,0.6356052122737272,,,,1.0
20,hexane_gsolv_eV,64,1.0,0.0,0.6356052122737272,0.6356052122737272,,,,1.0
20,hexane_gsolv_eV,65,1.0,0.0,0.6356052122737272,0.6356052122737272,,,,1.0
20,hexane_gsolv_eV,66,1.0,0.0,0.6356052122737272,0.6356052122737272,,,,1.0
20,hexane_gsolv_eV,67,1.0,0.0,0.6356052122737272,0.6356052122737272,,,,1.0
20,hexane_gsolv_eV,68,1.0,0.0,0.6356052122737272,0.6356052122737272,,,,1.0
20,hexane_gsolv_eV,69,1.0,0.0,0.6356052122737272,0.6356052122737272,,,,1.0
20,hexane_gsolv_eV,70,1.0,0.0,0.6356052122737272,0.6356052122737272,,,,1.0
20,hexane_gsolv_eV,71,1.0,0.0,0.6356052122737272,0.6356052122737272,,,,1.0
20,hexane_gsolv_eV,72,1.0,0.0,0.6356052122737272,0.6356052122737272,,,,1.0
20,hexane_gsolv_eV,73,1.0,0.0,0.6356052122737272,0.6356052122737272,,,,1.0
20,hexane_gsolv_eV,74,1.0,0.0,0.6356052122737272,0.6356052122737272,,,,1.0
20,hexane_gsolv_eV,75,1.0,0.0,0.6356052122737272,0.6356052122737272,,,,1.0
20,hexane_gsolv_eV,76,1.0,0.0,0.6356052122737272,0.6356052122737272,,,,1.0
20,hexane_gsolv_eV,77,1.0,0.0,0.6356052122737272,0.6356052122737272,,,,1.0
20,hexane_gsolv_eV,78,1.0,0.0,0.6356052122737272,0.6356052122737272,,,,1.0
20,hexane_gsolv_eV,79,1.0,0.0,0.6356052122737272,0.6356052122737272,,,,1.0
20,hexane_gsolv_eV,80,1.0,0.0,0.6356052122737272,0.6356052122737272,,,,1.0
20,hexane_gsolv_eV,81,1.0,0.0,0.6356052122737272,0.6356052122737272,,,,1.0
20,hexane_gsolv_eV,82,1.0,0.0,0.6356052122737272,0.6356052122737272,,,,1.0
20,hexane_gsolv_eV,83,1.0,0.0,0.6356052122737272,0.6356052122737272,,,,1.0
20,hexane_gsolv_eV,84,1.0,0.0,0.6356052122737272,0.6356052122737272,,,,1.0
20,hexane_gsolv_eV,85,1.0,0.0,0.6356052122737272,0.6356052122737272,,,,1.0
20,hexane_gsolv_eV,86,1.0,0.0,0.6356052122737272,0.6356052122737272,,,,1.0
20,hexane_gsolv_eV,87,1.0,0.0,0.6356052122737272,0.6356052122737272,,,,1.0
20,hexane_gsolv_eV,88,1.0,0.0,0.6356052122737272,0.6356052122737272,,,,1.0
20,hexane_gsolv_eV,89,1.0,0.0,0.6356052122737272,0.6356052122737272,,,,1.0
20,hexane_gsolv_eV,90,1.0,0.0,0.6356052122737272,0.6356052122737272,,,,1.0
20,hexane_gsolv_eV,91,1.0,0.0,0.6356052122737272,0.6356052122737272,,,,1.0
20,hexane_gsolv_eV,92,1.0,0.0,0.6356052122737272,0.6356052122737272,,,,1.0
20,hexane_gsolv_eV,93,1.0,0.0,0.6356052122737272,0.6356052122737272,,,,1.0
20,hexane_gsolv_eV,94,1.0,0.0,0.6356052122737272,0.6356052122737272,,,,1.0
20,hexane_gsolv_eV,95,1.0,0.0,0.6356052122737272,0.6356052122737272,,,,1.0
20,hexane_gsolv_eV,96,1.0,0.0,0.6356052122737272,0.6356052122737272,,,,1.0
20,hexane_gsolv_eV,97,1.0,0.0,0.6356052122737272,0.6356052122737272,,,,1.0
20,hexane_gsolv_eV,98,1.0,0.0,0.6356052122737272,0.6356052122737272,,,,1.0
20,hexane_gsolv_eV,99,1.0,0.0,0.6356052122737272,0.6356052122737272,,,,1.0
20,hexane_gsolv_eV,100,1.0,0.0,0.6356052122737272,0.6356052122737272,,,,1.0
20,hexane_gsolv_eV,101,1.0,0.0,0.6356052122737272,0.6356052122737272,,,,1.0
20,hexane_gsolv_eV,102,1.0,0.0,0.6356052122737272,0.6356052122737272,,,,1.0
20,hexane_gsolv_eV,103,1.0,0.0,0.6356052122737272,0.6356052122737272,,,,1.0
20,hexane_gsolv_eV,104,1.0,0.0,0.6356052122737272,0.6356052122737272,,,,1.0
20,hexane_gsolv_eV,105,1.0,0.0,0.6356052122737272,0.6356052122737272,,,,1.0
20,hexane_gsolv_eV,106,1.0,0.0,0.6356052122737272,0.6356052122737272,,,,1.0
20,hexane_gsolv_eV,107,1.0,0.0,0.6356052122737272,0.6356052122737272,,,,1.0
20,hexane_gsolv_eV,108,1.0,0.0,0.6356052122737272,0.6356052122737272,,,,1.0
20,hexane_gsolv_eV,109,1.0,0.0,0.6356052122737272,0.6356052122737272,,,,1.0
20,hexane_gsolv_eV,110,1.0,0.0,0.6356052122737272,0.6356052122737272,,,,1.0
20,hexane_gsolv_eV,111,1.0,0.0,0.6356052122737272,0.6356052122737272,,,,1.0
20,hexane_gsolv_eV,112,1.0,0.0,0.6356052122737272,0.6356052122737272,,,,1.0
20,hexane_gsolv_eV,113,1.0,0.0,0.6356052122737272,0.6356052122737272,,,,1.0
20,hexane_gsolv_eV,114,1.0,0.0,0.6356052122737272,0.6356052122737272,,,,1.0
20,hexane_gsolv_eV,115,1.0,0.0,0.6356052122737272,0.6356052122737272,,,,1.0
20,hexane_gsolv_eV,116,1.0,0.0,0.6356052122737272,0.6356052122737272,,,,1.0
20,hexane_gsolv_eV,117,1.0,0.0,0.6356052122737272,0.6356052122737272,,,,1.0
20,hexane_gsolv_eV,118,1.0,0.0,0.6356052122737272,0.6356052122737272,,,,1.0
20,hexane_gsolv_eV,119,1.0,0.0,0.6356052122737272,0.6356052122737272,,,,1.0
20,hexane_gsolv_eV,120,1.0,0.0,0.6356052122737272,0.6356052122737272,,,,1.0
20,hexane_gsolv_eV,121,1.0,0.0,0.6356052122737272,0.6356052122737272,,,,1.0
20,hexane_gsolv_eV,122,1.0,0.0,0.6356052122737272,0.6356052122737272,,,,1.0
20,hexane_gsolv_eV,123,1.0,0.0,0.6356052122737272,0.6356052122737272,,,,1.0
20,hexane_gsolv_eV,124,1.0,0.0,0.6356052122737272,0.6356052122737272,,,,1.0
20,hexane_gsolv_eV,125,1.0,0.0,0.6356052122737272,0.6356052122737272,,,,1.0
20,hexane_gsolv_eV,126,1.0,0.0,0.6356052122737272,0.6356052122737272,,,,1.0
20,hexane_gsolv_eV,127,1.0,0.0,0.6356052122737272,0.6356052122737272,,,,1.0
20,hexane_gsolv_eV,128,1.0,0.0,0.6356052122737272,0.6356052122737272,,,,1.0
20,hexane_gsolv_eV,129,1.0,0.0,0.6356052122737272,0.6356052122737272,,,,1.0
20,hexane_gsolv_eV,130,1.0,0.0,0.6356052122737272,0.6356052122737272,,,,1.0
20,hexane_gsolv_eV,131,1.0,0.0,0.6356052122737272,0.6356052122737272,,,,1.0
20,hexane_gsolv_eV,132,1.0,0.0,0.6356052122737272,0.6356052122737272,,,,1.0
20,hexane_gsolv_eV,133,1.0,0.0,0.6356052122737272,0.6356052122737272,,,,1.0
20,hexane_gsolv_eV,134,1.0,0.0,0.6356052122737272,0.6356052122737272,,,,1.0
20,hexane_gsolv_eV,135,1.0,0.0,0.6356052122737272,0.6356052122737272,,,,1.0
20,hexane_gsolv_eV,136,1.0,0.0,0.6356052122737272,0.6356052122737272,,,,1.0
20,hexane_gsolv_eV,137,1.0,0.0,0.6356052122737272,0.6356052122737272,,,,1.0
20,hexane_gsolv_eV,138,1.0,0.0,0.6356052122737272,0.6356052122737272,,,,1.0
20,hexane_gsolv_eV,139,1.0,0.0,0.6356052122737272,0.6356052122737272,,,,1.0
20,hexane_gsolv_eV,140,1.0,0.0,0.6356052122737272,0.6356052122737272,,,,1.0
20,hexane_gsolv_eV,141,1.0,0.0,0.6356052122737272,0.6356052122737272,,,,1.0
20,hexane_gsolv_eV,142,1.0,0.0,0.6356052122737272,0.6356052122737272,,,,1.0
20,hexane_gsolv_eV,143,1.0,0.0,0.6356052122737272,0.6356052122737272,,,,1.0
20,hexane_gsolv_eV,144,1.0,0.0,0.6356052122737272,0.6356052122737272,,,,1.0
20,hexane_gsolv_eV,145,1.0,0.0,0.6356052122737272,0.6356052122737272,,,,1.0
20,hexane_gsolv_eV,146,1.0,0.0,0.6356052122737272,0.6356052122737272,,,,1.0
20,hexane_gsolv_eV,147,1.0,0.0,0.6356052122737272,0.6356052122737272,,,,1.0
20,hexane_gsolv_eV,148,1.0,0.0,0.6356052122737272,0.6356052122737272,,,,1.0
20,hexane_gsolv_eV,149,1.0,0.0,0.6356052122737272,0.6356052122737272,,,,1.0
20,hexane_gsolv_eV,150,1.0,0.0,0.6356052122737272,0.6356052122737272,,,,1.0
20,hexane_gsolv_eV,151,1.0,0.0,0.6356052122737272,0.6356052122737272,,,,1.0
20,hexane_gsolv_eV,152,1.0,0.0,0.6356052122737272,0.6356052122737272,,,,1.0
20,hexane_gsolv_eV,153,1.0,0.0,0.6356052122737272,0.6356052122737272,,,,1.0
20,hexane_gsolv_eV,154,1.0,0.0,0.6356052122737272,0.6356052122737272,,,,1.0
20,hexane_gsolv_eV,155,1.0,0.0,0.6356052122737272,0.6356052122737272,,,,1.0
20,hexane_gsolv_eV,156,1.0,0.0,0.6356052122737272,0.6356052122737272,,,,1.0
20,hexane_gsolv_eV,157,1.0,0.0,0.6356052122737272,0.6356052122737272,,,,1.0
20,hexane_gsolv_eV,158,1.0,0.0,0.6356052122737272,0.6356052122737272,,,,1.0
20,hexane_gsolv_eV,159,1.0,0.0,0.6356052122737272,0.6356052122737272,,,,1.0
20,hexane_gsolv_eV,160,1.0,0.0,0.6356052122737272,0.6356052122737272,,,,1.0
20,hexane_gsolv_eV,161,1.0,0.0,0.6356052122737272,0.6356052122737272,,,,1.0
20,hexane_gsolv_eV,162,1.0,0.0,0.6356052122737272,0.6356052122737272,,,,1.0
20,hexane_gsolv_eV,163,1.0,0.0,0.6356052122737272,0.6356052122737272,,,,1.0
20,hexane_gsolv_eV,164,1.0,0.0,0.6356052122737272,0.6356052122737272,,,,1.0
20,hexane_gsolv_eV,165,1.0,0.0,0.6356052122737272,0.6356052122737272,,,,1.0
20,hexane_gsolv_eV,166,1.0,0.0,0.6356052122737272,0.6356052122737272,,,,1.0
20,hexane_gsolv_eV,167,1.0,0.0,0.6356052122737272,0.6356052122737272,,,,1.0
20,hexane_gsolv_eV,168,1.0,0.0,0.6356052122737272,0.6356052122737272,,,,1.0
20,hexane_gsolv_eV,169,1.0,0.0,0.6356052122737272,0.6356052122737272,,,,1.0
20,hexane_gsolv_eV,170,1.0,0.0,0.6356052122737272,0.6356052122737272,,,,1.0
20,hexane_gsolv_eV,171,1.0,0.0,0.6356052122737272,0.6356052122737272,,,,1.0
20,hexane_gsolv_eV,172,1.0,0.0,0.6356052122737272,0.6356052122737272,,,,1.0
20,hexane_gsolv_eV,173,1.0,0.0,0.6356052122737272,0.6356052122737272,,,,1.0
20,hexane_gsolv_eV,174,1.0,0.0,0.6356052122737272,0.6356052122737272,,,,1.0
20,hexane_gsolv_eV,175,1.0,0.0,0.6356052122737272,0.6356052122737272,,,,1.0
20,hexane_gsolv_eV,176,1.0,0.0,0.6356052122737272,0.6356052122737272,,,,1.0
20,hexane_gsolv_eV,177,1.0,0.0,0.6356052122737272,0.6356052122737272,,,,1.0
20,hexane_gsolv_eV,178,1.0,0.0,0.6356052122737272,0.6356052122737272,,,,1.0
20,hexane_gsolv_eV,179,1.0,0.0,0.6356052122737272,0.6356052122737272,,,,1.0
20,hexane_gsolv_eV,180,1.0,0.0,0.6356052122737272,0.6356052122737272,,,,1.0
20,hexane_gsolv_eV,181,1.0,0.0,0.6356052122737272,0.6356052122737272,,,,1.0
20,hexane_gsolv_eV,182,1.0,0.0,0.6356052122737272,0.6356052122737272,,,,1.0
20,hexane_gsolv_eV,183,1.0,0.0,0.6356052122737272,0.6356052122737272,,,,1.0
20,hexane_gsolv_eV,184,1.0,0.0,0.6356052122737272,0.6356052122737272,,,,1.0
20,hexane_gsolv_eV,185,1.0,0.0,0.6356052122737272,0.6356052122737272,,,,1.0
20,hexane_gsolv_eV,186,1.0,0.0,0.6356052122737272,0.6356052122737272,,,,1.0
20,hexane_gsolv_eV,187,1.0,0.0,0.6356052122737272,0.6356052122737272,,,,1.0
20,hexane_gsolv_eV,188,1.0,0.0,0.6356052122737272,0.6356052122737272,,,,1.0
20,hexane_gsolv_eV,189,1.0,0.0,0.6356052122737272,0.6356052122737272,,,,1.0
20,hexane_gsolv_eV,190,1.0,0.0,0.6356052122737272,0.6356052122737272,,,,1.0
20,hexane_gsolv_eV,191,1.0,0.0,0.6356052122737272,0.6356052122737272,,,,1.0
20,hexane_gsolv_eV,192,1.0,0.0,0.6356052122737272,0.6356052122737272,,,,1.0
20,hexane_gsolv_eV,193,1.0,0.0,0.6356052122737272,0.6356052122737272,,,,1.0
20,hexane_gsolv_eV,194,1.0,0.0,0.6356052122737272,0.6356052122737272,,,,1.0
20,hexane_gsolv_eV,195,1.0,0.0,0.6356052122737272,0.6356052122737272,,,,1.0
20,hexane_gsolv_eV,196,1.0,0.0,0.6356052122737272,0.6356052122737272,,,,1.0
20,hexane_gsolv_eV,197,1.0,0.0,0.6356052122737272,0.6356052122737272,,,,1.0
20,hexane_gsolv_eV,198,1.0,0.0,0.6356052122737272,0.6356052122737272,,,,1.0
20,hexane_gsolv_eV,199,1.0,0.0,0.6356052122737272,0.6356052122737272,,,,1.0
20,hexane_gsolv_eV,200,1.0,0.0,0.6356052122737272,0.6356052122737272,,,,1.0
20,hexane_gsolv_eV,201,1.0,0.0,0.6356052122737272,0.6356052122737272,,,,1.0
20,hexane_gsolv_eV,202,1.0,0.0,0.6356052122737272,0.6356052122737272,,,,1.0
20,hexane_gsolv_eV,203,1.0,0.0,0.6356052122737272,0.6356052122737272,,,,1.0
20,hexane_gsolv_eV,204,1.0,0.0,0.6356052122737272,0.6356052122737272,,,,1.0
20,hexane_gsolv_eV,205,1.0,0.0,0.6356052122737272,0.6356052122737272,,,,1.0
20,hexane_gsolv_eV,206,1.0,0.0,0.6356052122737272,0.6356052122737272,,,,1.0
20,hexane_gsolv_eV,207,1.0,0.0,0.6356052122737272,0.6356052122737272,,,,1.0
20,hexane_gsolv_eV,208,1.0,0.0,0.6356052122737272,0.6356052122737272,,,,1.0
20,hexane_gsolv_eV,209,1.0,0.0,0.6356052122737272,0.6356052122737272,,,,1.0
20,hexane_gsolv_eV,210,1.0,0.0,0.6356052122737272,0.6356052122737272,,,,1.0
20,hexane_gsolv_eV,211,1.0,0.0,0.6356052122737272,0.6356052122737272,,,,1.0
20,hexane_gsolv_eV,212,1.0,0.0,0.6356052122737272,0.6356052122737272,,,,1.0
20,hexane_gsolv_eV,213,1.0,0.0,0.6356052122737272,0.6356052122737272,,,,1.0
20,hexane_gsolv_eV,214,1.0,0.0,0.6356052122737272,0.6356052122737272,,,,1.0
20,hexane_gsolv_eV,215,1.0,0.0,0.6356052122737272,0.6356052122737272,,,,1.0
20,hexane_gsolv_eV,216,1.0,0.0,0.6356052122737272,0.6356052122737272,,,,1.0
20,hexane_gsolv_eV,217,1.0,0.0,0.6356052122737272,0.6356052122737272,,,,1.0
20,hexane_gsolv_eV,218,1.0,0.0,0.6356052122737272,0.6356052122737272,,,,1.0
20,hexane_gsolv_eV,219,1.0,0.0,0.6356052122737272,0.6356052122737272,,,,1.0
20,hexane_gsolv_eV,220,1.0,0.0,0.6356052122737272,0.6356052122737272,,,,1.0
20,hexane_gsolv_eV,221,1.0,0.0,0.6356052122737272,0.6356052122737272,,,,1.0
20,hexane_gsolv_eV,222,1.0,0.0,0.6356052122737272,0.6356052122737272,,,,1.0
20,hexane_gsolv_eV,223,1.0,0.0,0.6356052122737272,0.6356052122737272,,,,1.0
20,hexane_gsolv_eV,224,1.0,0.0,0.6356052122737272,0.6356052122737272,,,,1.0
20,hexane_gsolv_eV,225,1.0,0.0,0.6356052122737272,0.6356052122737272,,,,1.0
20,hexane_gsolv_eV,226,1.0,0.0,0.6356052122737272,0.6356052122737272,,,,1.0
20,hexane_gsolv_eV,227,1.0,0.0,0.6356052122737272,0.6356052122737272,,,,1.0
20,hexane_gsolv_eV,228,1.0,0.0,0.6356052122737272,0.6356052122737272,,,,1.0
20,hexane_gsolv_eV,229,1.0,0.0,0.6356052122737272,0.6356052122737272,,,,1.0
20,hexane_gsolv_eV,230,1.0,0.0,0.6356052122737272,0.6356052122737272,,,,1.0
20,hexane_gsolv_eV,231,1.0,0.0,0.6356052122737272,0.6356052122737272,,,,1.0
20,hexane_gsolv_eV,232,1.0,0.0,0.6356052122737272,0.6356052122737272,,,,1.0
20,hexane_gsolv_eV,233,1.0,0.0,0.6356052122737272,0.6356052122737272,,,,1.0
20,hexane_gsolv_eV,234,1.0,0.0,0.6356052122737272,0.6356052122737272,,,,1.0
20,hexane_gsolv_eV,235,1.0,0.0,0.6356052122737272,0.6356052122737272,,,,1.0
20,hexane_gsolv_eV,236,1.0,0.0,0.6356052122737272,0.6356052122737272,,,,1.0
20,hexane_gsolv_eV,237,1.0,0.0,0.6356052122737272,0.6356052122737272,,,,1.0
20,hexane_gsolv_eV,238,1.0,0.0,0.6356052122737272,0.6356052122737272,,,,1.0
20,hexane_gsolv_eV,239,1.0,0.0,0.6356052122737272,0.6356052122737272,,,,1.0
20,hexane_gsolv_eV,240,1.0,0.0,0.6356052122737272,0.6356052122737272,,,,1.0
20,hexane_gsolv_eV,241,1.0,0.0,0.6356052122737272,0.6356052122737272,,,,1.0
20,hexane_gsolv_eV,242,1.0,0.0,0.6356052122737272,0.6356052122737272,,,,1.0
20,hexane_gsolv_eV,243,1.0,0.0,0.6356052122737272,0.6356052122737272,,,,1.0
20,hexane_gsolv_eV,244,1.0,0.0,0.6356052122737272,0.6356052122737272,,,,1.0
20,hexane_gsolv_eV,245,1.0,0.0,0.6356052122737272,0.6356052122737272,,,,1.0
20,hexane_gsolv_eV,246,1.0,0.0,0.6356052122737272,0.6356052122737272,,,,1.0
20,hexane_gsolv_eV,247,1.0,0.0,0.6356052122737272,0.6356052122737272,,,,1.0
20,hexane_gsolv_eV,248,1.0,0.0,0.6356052122737272,0.6356052122737272,,,,1.0
20,hexane_gsolv_eV,249,1.0,0.0,0.6356052122737272,0.6356052122737272,,,,1.0
20,hexane_hl_gap_eV,0,1.0000001192092896,0.0,0.7044028979560244,0.7044028979560244,,,,1.0
20,hexane_hl_gap_eV,1,1.0000001192092896,0.0,0.7044028979560244,0.7044028979560244,,,,1.0
20,hexane_hl_gap_eV,2,1.0000001192092896,0.0,0.7044028979560244,0.7044028979560244,,,,1.0
20,hexane_hl_gap_eV,3,1.0000001192092896,0.0,0.7044028979560244,0.7044028979560244,,,,1.0
20,hexane_hl_gap_eV,4,1.0000001192092896,0.0,0.7044028979560244,0.7044028979560244,,,,1.0
20,hexane_hl_gap_eV,5,1.0000001192092896,0.0,0.7044028979560244,0.7044028979560244,,,,1.0
20,hexane_hl_gap_eV,6,1.0000001192092896,0.0,0.7044028979560244,0.7044028979560244,,,,1.0
20,hexane_hl_gap_eV,7,1.0000001192092896,0.0,0.7044028979560244,0.7044028979560244,,,,1.0
20,hexane_hl_gap_eV,8,1.0000001192092896,0.0,0.7044028979560244,0.7044028979560244,,,,1.0
20,hexane_hl_gap_eV,9,1.0000001192092896,0.0,0.7044028979560244,0.7044028979560244,,,,1.0
20,hexane_hl_gap_eV,10,1.0000001192092896,0.0,0.7044028979560244,0.7044028979560244,,,,1.0
20,hexane_hl_gap_eV,11,1.0000001192092896,0.0,0.7044028979560244,0.7044028979560244,,,,1.0
20,hexane_hl_gap_eV,12,1.0000001192092896,0.0,0.7044028979560244,0.7044028979560244,,,,1.0
20,hexane_hl_gap_eV,13,1.0000001192092896,0.0,0.7044028979560244,0.7044028979560244,,,,1.0
20,hexane_hl_gap_eV,14,1.0000001192092896,0.0,0.7044028979560244,0.7044028979560244,,,,1.0
20,hexane_hl_gap_eV,15,1.0000001192092896,0.0,0.7044028979560244,0.7044028979560244,,,,1.0
20,hexane_hl_gap_eV,16,1.0000001192092896,0.0,0.7044028979560244,0.7044028979560244,,,,1.0
20,hexane_hl_gap_eV,17,1.0000001192092896,0.0,0.7044028979560244,0.7044028979560244,,,,1.0
20,hexane_hl_gap_eV,18,1.0000001192092896,0.0,0.7044028979560244,0.7044028979560244,,,,1.0
20,hexane_hl_gap_eV,19,1.0000001192092896,0.0,0.7044028979560244,0.7044028979560244,,,,1.0
20,hexane_hl_gap_eV,20,1.0000001192092896,0.0,0.7044028979560244,0.7044028979560244,,,,1.0
20,hexane_hl_gap_eV,21,1.0000001192092896,0.0,0.7044028979560244,0.7044028979560244,,,,1.0
20,hexane_hl_gap_eV,22,1.0000001192092896,0.0,0.7044028979560244,0.7044028979560244,,,,1.0
20,hexane_hl_gap_eV,23,1.0000001192092896,0.0,0.7044028979560244,0.7044028979560244,,,,1.0
20,hexane_hl_gap_eV,24,1.0000001192092896,0.0,0.7044028979560244,0.7044028979560244,,,,1.0
20,hexane_hl_gap_eV,25,1.0000001192092896,0.0,0.7044028979560244,0.7044028979560244,,,,1.0
20,hexane_hl_gap_eV,26,1.0000001192092896,0.0,0.7044028979560244,0.7044028979560244,,,,1.0
20,hexane_hl_gap_eV,27,1.0000001192092896,0.0,0.7044028979560244,0.7044028979560244,,,,1.0
20,hexane_hl_gap_eV,28,1.0000001192092896,0.0,0.7044028979560244,0.7044028979560244,,,,1.0
20,hexane_hl_gap_eV,29,1.0000001192092896,0.0,0.7044028979560244,0.7044028979560244,,,,1.0
20,hexane_hl_gap_eV,30,1.0000001192092896,0.0,0.7044028979560244,0.7044028979560244,,,,1.0
20,hexane_hl_gap_eV,31,1.0000001192092896,0.0,0.7044028979560244,0.7044028979560244,,,,1.0
20,hexane_hl_gap_eV,32,1.0000001192092896,0.0,0.7044028979560244,0.7044028979560244,,,,1.0
20,hexane_hl_gap_eV,33,1.0000001192092896,0.0,0.7044028979560244,0.7044028979560244,,,,1.0
20,hexane_hl_gap_eV,34,1.0000001192092896,0.0,0.7044028979560244,0.7044028979560244,,,,1.0
20,hexane_hl_gap_eV,35,1.0000001192092896,0.0,0.7044028979560244,0.7044028979560244,,,,1.0
20,hexane_hl_gap_eV,36,1.0000001192092896,0.0,0.7044028979560244,0.7044028979560244,,,,1.0
20,hexane_hl_gap_eV,37,1.0000001192092896,0.0,0.7044028979560244,0.7044028979560244,,,,1.0
20,hexane_hl_gap_eV,38,1.0000001192092896,0.0,0.7044028979560244,0.7044028979560244,,,,1.0
20,hexane_hl_gap_eV,39,1.0000001192092896,0.0,0.7044028979560244,0.7044028979560244,,,,1.0
20,hexane_hl_gap_eV,40,1.0000001192092896,0.0,0.7044028979560244,0.7044028979560244,,,,1.0
20,hexane_hl_gap_eV,41,1.0000001192092896,0.0,0.7044028979560244,0.7044028979560244,,,,1.0
20,hexane_hl_gap_eV,42,1.0000001192092896,0.0,0.7044028979560244,0.7044028979560244,,,,1.0
20,hexane_hl_gap_eV,43,1.0000001192092896,0.0,0.7044028979560244,0.7044028979560244,,,,1.0
20,hexane_hl_gap_eV,44,1.0000001192092896,0.0,0.7044028979560244,0.7044028979560244,,,,1.0
20,hexane_hl_gap_eV,45,1.0000001192092896,0.0,0.7044028979560244,0.7044028979560244,,,,1.0
20,hexane_hl_gap_eV,46,1.0000001192092896,0.0,0.7044028979560244,0.7044028979560244,,,,1.0
20,hexane_hl_gap_eV,47,1.0000001192092896,0.0,0.7044028979560244,0.7044028979560244,,,,1.0
20,hexane_hl_gap_eV,48,1.0000001192092896,0.0,0.7044028979560244,0.7044028979560244,,,,1.0
20,hexane_hl_gap_eV,49,1.0000001192092896,0.0,0.7044028979560244,0.7044028979560244,,,,1.0
20,hexane_hl_gap_eV,50,1.0000001192092896,0.0,0.7044028979560244,0.7044028979560244,,,,1.0
20,hexane_hl_gap_eV,51,1.0000001192092896,0.0,0.7044028979560244,0.7044028979560244,,,,1.0
20,hexane_hl_gap_eV,52,1.0000001192092896,0.0,0.7044028979560244,0.7044028979560244,,,,1.0
20,hexane_hl_gap_eV,53,1.0000001192092896,0.0,0.7044028979560244,0.7044028979560244,,,,1.0
20,hexane_hl_gap_eV,54,1.0000001192092896,0.0,0.7044028979560244,0.7044028979560244,,,,1.0
20,hexane_hl_gap_eV,55,1.0000001192092896,0.0,0.7044028979560244,0.7044028979560244,,,,1.0
20,hexane_hl_gap_eV,56,1.0000001192092896,0.0,0.7044028979560244,0.7044028979560244,,,,1.0
20,hexane_hl_gap_eV,57,1.0000001192092896,0.0,0.7044028979560244,0.7044028979560244,,,,1.0
20,hexane_hl_gap_eV,58,1.0000001192092896,0.0,0.7044028979560244,0.7044028979560244,,,,1.0
20,hexane_hl_gap_eV,59,1.0000001192092896,0.0,0.7044028979560244,0.7044028979560244,,,,1.0
20,hexane_hl_gap_eV,60,1.0000001192092896,0.0,0.7044028979560244,0.7044028979560244,,,,1.0
20,hexane_hl_gap_eV,61,1.0000001192092896,0.0,0.7044028979560244,0.7044028979560244,,,,1.0
20,hexane_hl_gap_eV,62,1.0000001192092896,0.0,0.7044028979560244,0.7044028979560244,,,,1.0
20,hexane_hl_gap_eV,63,1.0000001192092896,0.0,0.7044028979560244,0.7044028979560244,,,,1.0
20,hexane_hl_gap_eV,64,1.0000001192092896,0.0,0.7044028979560244,0.7044028979560244,,,,1.0
20,hexane_hl_gap_eV,65,1.0000001192092896,0.0,0.7044028979560244,0.7044028979560244,,,,1.0
20,hexane_hl_gap_eV,66,1.0000001192092896,0.0,0.7044028979560244,0.7044028979560244,,,,1.0
20,hexane_hl_gap_eV,67,1.0000001192092896,0.0,0.7044028979560244,0.7044028979560244,,,,1.0
20,hexane_hl_gap_eV,68,1.0000001192092896,0.0,0.7044028979560244,0.7044028979560244,,,,1.0
20,hexane_hl_gap_eV,69,1.0000001192092896,0.0,0.7044028979560244,0.7044028979560244,,,,1.0
20,hexane_hl_gap_eV,70,1.0000001192092896,0.0,0.7044028979560244,0.7044028979560244,,,,1.0
20,hexane_hl_gap_eV,71,1.0000001192092896,0.0,0.7044028979560244,0.7044028979560244,,,,1.0
20,hexane_hl_gap_eV,72,1.0000001192092896,0.0,0.7044028979560244,0.7044028979560244,,,,1.0
20,hexane_hl_gap_eV,73,1.0000001192092896,0.0,0.7044028979560244,0.7044028979560244,,,,1.0
20,hexane_hl_gap_eV,74,1.0000001192092896,0.0,0.7044028979560244,0.7044028979560244,,,,1.0
20,hexane_hl_gap_eV,75,1.0000001192092896,0.0,0.7044028979560244,0.7044028979560244,,,,1.0
20,hexane_hl_gap_eV,76,1.0000001192092896,0.0,0.7044028979560244,0.7044028979560244,,,,1.0
20,hexane_hl_gap_eV,77,1.0000001192092896,0.0,0.7044028979560244,0.7044028979560244,,,,1.0
20,hexane_hl_gap_eV,78,1.0000001192092896,0.0,0.7044028979560244,0.7044028979560244,,,,1.0
20,hexane_hl_gap_eV,79,1.0000001192092896,0.0,0.7044028979560244,0.7044028979560244,,,,1.0
20,hexane_hl_gap_eV,80,1.0000001192092896,0.0,0.7044028979560244,0.7044028979560244,,,,1.0
20,hexane_hl_gap_eV,81,1.0000001192092896,0.0,0.7044028979560244,0.7044028979560244,,,,1.0
20,hexane_hl_gap_eV,82,1.0000001192092896,0.0,0.7044028979560244,0.7044028979560244,,,,1.0
20,hexane_hl_gap_eV,83,1.0000001192092896,0.0,0.7044028979560244,0.7044028979560244,,,,1.0
20,hexane_hl_gap_eV,84,1.0000001192092896,0.0,0.7044028979560244,0.7044028979560244,,,,1.0
20,hexane_hl_gap_eV,85,1.0000001192092896,0.0,0.7044028979560244,0.7044028979560244,,,,1.0
20,hexane_hl_gap_eV,86,1.0000001192092896,0.0,0.7044028979560244,0.7044028979560244,,,,1.0
20,hexane_hl_gap_eV,87,1.0000001192092896,0.0,0.7044028979560244,0.7044028979560244,,,,1.0
20,hexane_hl_gap_eV,88,1.0000001192092896,0.0,0.7044028979560244,0.7044028979560244,,,,1.0
20,hexane_hl_gap_eV,89,1.0000001192092896,0.0,0.7044028979560244,0.7044028979560244,,,,1.0
20,hexane_hl_gap_eV,90,1.0000001192092896,0.0,0.7044028979560244,0.7044028979560244,,,,1.0
20,hexane_hl_gap_eV,91,1.0000001192092896,0.0,0.7044028979560244,0.7044028979560244,,,,1.0
20,hexane_hl_gap_eV,92,1.0000001192092896,0.0,0.7044028979560244,0.7044028979560244,,,,1.0
20,hexane_hl_gap_eV,93,1.0000001192092896,0.0,0.7044028979560244,0.7044028979560244,,,,1.0
20,hexane_hl_gap_eV,94,1.0000001192092896,0.0,0.7044028979560244,0.7044028979560244,,,,1.0
20,hexane_hl_gap_eV,95,1.0000001192092896,0.0,0.7044028979560244,0.7044028979560244,,,,1.0
20,hexane_hl_gap_eV,96,1.0000001192092896,0.0,0.7044028979560244,0.7044028979560244,,,,1.0
20,hexane_hl_gap_eV,97,1.0000001192092896,0.0,0.7044028979560244,0.7044028979560244,,,,1.0
20,hexane_hl_gap_eV,98,1.0000001192092896,0.0,0.7044028979560244,0.7044028979560244,,,,1.0
20,hexane_hl_gap_eV,99,1.0000001192092896,0.0,0.7044028979560244,0.7044028979560244,,,,1.0
20,hexane_hl_gap_eV,100,1.0000001192092896,0.0,0.7044028979560244,0.7044028979560244,,,,1.0
20,hexane_hl_gap_eV,101,1.0000001192092896,0.0,0.7044028979560244,0.7044028979560244,,,,1.0
20,hexane_hl_gap_eV,102,1.0000001192092896,0.0,0.7044028979560244,0.7044028979560244,,,,1.0
20,hexane_hl_gap_eV,103,1.0000001192092896,0.0,0.7044028979560244,0.7044028979560244,,,,1.0
20,hexane_hl_gap_eV,104,1.0000001192092896,0.0,0.7044028979560244,0.7044028979560244,,,,1.0
20,hexane_hl_gap_eV,105,1.0000001192092896,0.0,0.7044028979560244,0.7044028979560244,,,,1.0
20,hexane_hl_gap_eV,106,1.0000001192092896,0.0,0.7044028979560244,0.7044028979560244,,,,1.0
20,hexane_hl_gap_eV,107,1.0000001192092896,0.0,0.7044028979560244,0.7044028979560244,,,,1.0
20,hexane_hl_gap_eV,108,1.0000001192092896,0.0,0.7044028979560244,0.7044028979560244,,,,1.0
20,hexane_hl_gap_eV,109,1.0000001192092896,0.0,0.7044028979560244,0.7044028979560244,,,,1.0
20,hexane_hl_gap_eV,110,1.0000001192092896,0.0,0.7044028979560244,0.7044028979560244,,,,1.0
20,hexane_hl_gap_eV,111,1.0000001192092896,0.0,0.7044028979560244,0.7044028979560244,,,,1.0
20,hexane_hl_gap_eV,112,1.0000001192092896,0.0,0.7044028979560244,0.7044028979560244,,,,1.0
20,hexane_hl_gap_eV,113,1.0000001192092896,0.0,0.7044028979560244,0.7044028979560244,,,,1.0
20,hexane_hl_gap_eV,114,1.0000001192092896,0.0,0.7044028979560244,0.7044028979560244,,,,1.0
20,hexane_hl_gap_eV,115,1.0000001192092896,0.0,0.7044028979560244,0.7044028979560244,,,,1.0
20,hexane_hl_gap_eV,116,1.0000001192092896,0.0,0.7044028979560244,0.7044028979560244,,,,1.0
20,hexane_hl_gap_eV,117,1.0000001192092896,0.0,0.7044028979560244,0.7044028979560244,,,,1.0
20,hexane_hl_gap_eV,118,1.0000001192092896,0.0,0.7044028979560244,0.7044028979560244,,,,1.0
20,hexane_hl_gap_eV,119,1.0000001192092896,0.0,0.7044028979560244,0.7044028979560244,,,,1.0
20,hexane_hl_gap_eV,120,1.0000001192092896,0.0,0.7044028979560244,0.7044028979560244,,,,1.0
20,hexane_hl_gap_eV,121,1.0000001192092896,0.0,0.7044028979560244,0.7044028979560244,,,,1.0
20,hexane_hl_gap_eV,122,1.0000001192092896,0.0,0.7044028979560244,0.7044028979560244,,,,1.0
20,hexane_hl_gap_eV,123,1.0000001192092896,0.0,0.7044028979560244,0.7044028979560244,,,,1.0
20,hexane_hl_gap_eV,124,1.0000001192092896,0.0,0.7044028979560244,0.7044028979560244,,,,1.0
20,hexane_hl_gap_eV,125,1.0000001192092896,0.0,0.7044028979560244,0.7044028979560244,,,,1.0
20,hexane_hl_gap_eV,126,1.0000001192092896,0.0,0.7044028979560244,0.7044028979560244,,,,1.0
20,hexane_hl_gap_eV,127,1.0000001192092896,0.0,0.7044028979560244,0.7044028979560244,,,,1.0
20,hexane_hl_gap_eV,128,1.0000001192092896,0.0,0.7044028979560244,0.7044028979560244,,,,1.0
20,hexane_hl_gap_eV,129,1.0000001192092896,0.0,0.7044028979560244,0.7044028979560244,,,,1.0
20,hexane_hl_gap_eV,130,1.0000001192092896,0.0,0.7044028979560244,0.7044028979560244,,,,1.0
20,hexane_hl_gap_eV,131,1.0000001192092896,0.0,0.7044028979560244,0.7044028979560244,,,,1.0
20,hexane_hl_gap_eV,132,1.0000001192092896,0.0,0.7044028979560244,0.7044028979560244,,,,1.0
20,hexane_hl_gap_eV,133,1.0000001192092896,0.0,0.7044028979560244,0.7044028979560244,,,,1.0
20,hexane_hl_gap_eV,134,1.0000001192092896,0.0,0.7044028979560244,0.7044028979560244,,,,1.0
20,hexane_hl_gap_eV,135,1.0000001192092896,0.0,0.7044028979560244,0.7044028979560244,,,,1.0
20,hexane_hl_gap_eV,136,1.0000001192092896,0.0,0.7044028979560244,0.7044028979560244,,,,1.0
20,hexane_hl_gap_eV,137,1.0000001192092896,0.0,0.7044028979560244,0.7044028979560244,,,,1.0
20,hexane_hl_gap_eV,138,1.0000001192092896,0.0,0.7044028979560244,0.7044028979560244,,,,1.0
20,hexane_hl_gap_eV,139,1.0000001192092896,0.0,0.7044028979560244,0.7044028979560244,,,,1.0
20,hexane_hl_gap_eV,140,1.0000001192092896,0.0,0.7044028979560244,0.7044028979560244,,,,1.0
20,hexane_hl_gap_eV,141,1.0000001192092896,0.0,0.7044028979560244,0.7044028979560244,,,,1.0
20,hexane_hl_gap_eV,142,1.0000001192092896,0.0,0.7044028979560244,0.7044028979560244,,,,1.0
20,hexane_hl_gap_eV,143,1.0000001192092896,0.0,0.7044028979560244,0.7044028979560244,,,,1.0
20,hexane_hl_gap_eV,144,1.0000001192092896,0.0,0.7044028979560244,0.7044028979560244,,,,1.0
20,hexane_hl_gap_eV,145,1.0000001192092896,0.0,0.7044028979560244,0.7044028979560244,,,,1.0
20,hexane_hl_gap_eV,146,1.0000001192092896,0.0,0.7044028979560244,0.7044028979560244,,,,1.0
20,hexane_hl_gap_eV,147,1.0000001192092896,0.0,0.7044028979560244,0.7044028979560244,,,,1.0
20,hexane_hl_gap_eV,148,1.0000001192092896,0.0,0.7044028979560244,0.7044028979560244,,,,1.0
20,hexane_hl_gap_eV,149,1.0000001192092896,0.0,0.7044028979560244,0.7044028979560244,,,,1.0
20,hexane_hl_gap_eV,150,1.0000001192092896,0.0,0.7044028979560244,0.7044028979560244,,,,1.0
20,hexane_hl_gap_eV,151,1.0000001192092896,0.0,0.7044028979560244,0.7044028979560244,,,,1.0
20,hexane_hl_gap_eV,152,1.0000001192092896,0.0,0.7044028979560244,0.7044028979560244,,,,1.0
20,hexane_hl_gap_eV,153,1.0000001192092896,0.0,0.7044028979560244,0.7044028979560244,,,,1.0
20,hexane_hl_gap_eV,154,1.0000001192092896,0.0,0.7044028979560244,0.7044028979560244,,,,1.0
20,hexane_hl_gap_eV,155,1.0000001192092896,0.0,0.7044028979560244,0.7044028979560244,,,,1.0
20,hexane_hl_gap_eV,156,1.0000001192092896,0.0,0.7044028979560244,0.7044028979560244,,,,1.0
20,hexane_hl_gap_eV,157,1.0000001192092896,0.0,0.7044028979560244,0.7044028979560244,,,,1.0
20,hexane_hl_gap_eV,158,1.0000001192092896,0.0,0.7044028979560244,0.7044028979560244,,,,1.0
20,hexane_hl_gap_eV,159,1.0000001192092896,0.0,0.7044028979560244,0.7044028979560244,,,,1.0
20,hexane_hl_gap_eV,160,1.0000001192092896,0.0,0.7044028979560244,0.7044028979560244,,,,1.0
20,hexane_hl_gap_eV,161,1.0000001192092896,0.0,0.7044028979560244,0.7044028979560244,,,,1.0
20,hexane_hl_gap_eV,162,1.0000001192092896,0.0,0.7044028979560244,0.7044028979560244,,,,1.0
20,hexane_hl_gap_eV,163,1.0000001192092896,0.0,0.7044028979560244,0.7044028979560244,,,,1.0
20,hexane_hl_gap_eV,164,1.0000001192092896,0.0,0.7044028979560244,0.7044028979560244,,,,1.0
20,hexane_hl_gap_eV,165,1.0000001192092896,0.0,0.7044028979560244,0.7044028979560244,,,,1.0
20,hexane_hl_gap_eV,166,1.0000001192092896,0.0,0.7044028979560244,0.7044028979560244,,,,1.0
20,hexane_hl_gap_eV,167,1.0000001192092896,0.0,0.7044028979560244,0.7044028979560244,,,,1.0
20,hexane_hl_gap_eV,168,1.0000001192092896,0.0,0.7044028979560244,0.7044028979560244,,,,1.0
20,hexane_hl_gap_eV,169,1.0000001192092896,0.0,0.7044028979560244,0.7044028979560244,,,,1.0
20,hexane_hl_gap_eV,170,1.0000001192092896,0.0,0.7044028979560244,0.7044028979560244,,,,1.0
20,hexane_hl_gap_eV,171,1.0000001192092896,0.0,0.7044028979560244,0.7044028979560244,,,,1.0
20,hexane_hl_gap_eV,172,1.0000001192092896,0.0,0.7044028979560244,0.7044028979560244,,,,1.0
20,hexane_hl_gap_eV,173,1.0000001192092896,0.0,0.7044028979560244,0.7044028979560244,,,,1.0
20,hexane_hl_gap_eV,174,1.0000001192092896,0.0,0.7044028979560244,0.7044028979560244,,,,1.0
20,hexane_hl_gap_eV,175,1.0000001192092896,0.0,0.7044028979560244,0.7044028979560244,,,,1.0
20,hexane_hl_gap_eV,176,1.0000001192092896,0.0,0.7044028979560244,0.7044028979560244,,,,1.0
20,hexane_hl_gap_eV,177,1.0000001192092896,0.0,0.7044028979560244,0.7044028979560244,,,,1.0
20,hexane_hl_gap_eV,178,1.0000001192092896,0.0,0.7044028979560244,0.7044028979560244,,,,1.0
20,hexane_hl_gap_eV,179,1.0000001192092896,0.0,0.7044028979560244,0.7044028979560244,,,,1.0
20,hexane_hl_gap_eV,180,1.0000001192092896,0.0,0.7044028979560244,0.7044028979560244,,,,1.0
20,hexane_hl_gap_eV,181,1.0000001192092896,0.0,0.7044028979560244,0.7044028979560244,,,,1.0
20,hexane_hl_gap_eV,182,1.0000001192092896,0.0,0.7044028979560244,0.7044028979560244,,,,1.0
20,hexane_hl_gap_eV,183,1.0000001192092896,0.0,0.7044028979560244,0.7044028979560244,,,,1.0
20,hexane_hl_gap_eV,184,1.0000001192092896,0.0,0.7044028979560244,0.7044028979560244,,,,1.0
20,hexane_hl_gap_eV,185,1.0000001192092896,0.0,0.7044028979560244,0.7044028979560244,,,,1.0
20,hexane_hl_gap_eV,186,1.0000001192092896,0.0,0.7044028979560244,0.7044028979560244,,,,1.0
20,hexane_hl_gap_eV,187,1.0000001192092896,0.0,0.7044028979560244,0.7044028979560244,,,,1.0
20,hexane_hl_gap_eV,188,1.0000001192092896,0.0,0.7044028979560244,0.7044028979560244,,,,1.0
20,hexane_hl_gap_eV,189,1.0000001192092896,0.0,0.7044028979560244,0.7044028979560244,,,,1.0
20,hexane_hl_gap_eV,190,1.0000001192092896,0.0,0.7044028979560244,0.7044028979560244,,,,1.0
20,hexane_hl_gap_eV,191,1.0000001192092896,0.0,0.7044028979560244,0.7044028979560244,,,,1.0
20,hexane_hl_gap_eV,192,1.0000001192092896,0.0,0.7044028979560244,0.7044028979560244,,,,1.0
20,hexane_hl_gap_eV,193,1.0000001192092896,0.0,0.7044028979560244,0.7044028979560244,,,,1.0
20,hexane_hl_gap_eV,194,1.0000001192092896,0.0,0.7044028979560244,0.7044028979560244,,,,1.0
20,hexane_hl_gap_eV,195,1.0000001192092896,0.0,0.7044028979560244,0.7044028979560244,,,,1.0
20,hexane_hl_gap_eV,196,1.0000001192092896,0.0,0.7044028979560244,0.7044028979560244,,,,1.0
20,hexane_hl_gap_eV,197,1.0000001192092896,0.0,0.7044028979560244,0.7044028979560244,,,,1.0
20,hexane_hl_gap_eV,198,1.0000001192092896,0.0,0.7044028979560244,0.7044028979560244,,,,1.0
20,hexane_hl_gap_eV,199,1.0000001192092896,0.0,0.7044028979560244,0.7044028979560244,,,,1.0
20,hexane_hl_gap_eV,200,1.0000001192092896,0.0,0.7044028979560244,0.7044028979560244,,,,1.0
20,hexane_hl_gap_eV,201,1.0000001192092896,0.0,0.7044028979560244,0.7044028979560244,,,,1.0
20,hexane_hl_gap_eV,202,1.0000001192092896,0.0,0.7044028979560244,0.7044028979560244,,,,1.0
20,hexane_hl_gap_eV,203,1.0000001192092896,0.0,0.7044028979560244,0.7044028979560244,,,,1.0
20,hexane_hl_gap_eV,204,1.0000001192092896,0.0,0.7044028979560244,0.7044028979560244,,,,1.0
20,hexane_hl_gap_eV,205,1.0000001192092896,0.0,0.7044028979560244,0.7044028979560244,,,,1.0
20,hexane_hl_gap_eV,206,1.0000001192092896,0.0,0.7044028979560244,0.7044028979560244,,,,1.0
20,hexane_hl_gap_eV,207,1.0000001192092896,0.0,0.7044028979560244,0.7044028979560244,,,,1.0
20,hexane_hl_gap_eV,208,1.0000001192092896,0.0,0.7044028979560244,0.7044028979560244,,,,1.0
20,hexane_hl_gap_eV,209,1.0000001192092896,0.0,0.7044028979560244,0.7044028979560244,,,,1.0
20,hexane_hl_gap_eV,210,1.0000001192092896,0.0,0.7044028979560244,0.7044028979560244,,,,1.0
20,hexane_hl_gap_eV,211,1.0000001192092896,0.0,0.7044028979560244,0.7044028979560244,,,,1.0
20,hexane_hl_gap_eV,212,1.0000001192092896,0.0,0.7044028979560244,0.7044028979560244,,,,1.0
20,hexane_hl_gap_eV,213,1.0000001192092896,0.0,0.7044028979560244,0.7044028979560244,,,,1.0
20,hexane_hl_gap_eV,214,1.0000001192092896,0.0,0.7044028979560244,0.7044028979560244,,,,1.0
20,hexane_hl_gap_eV,215,1.0000001192092896,0.0,0.7044028979560244,0.7044028979560244,,,,1.0
20,hexane_hl_gap_eV,216,1.0000001192092896,0.0,0.7044028979560244,0.7044028979560244,,,,1.0
20,hexane_hl_gap_eV,217,1.0000001192092896,0.0,0.7044028979560244,0.7044028979560244,,,,1.0
20,hexane_hl_gap_eV,218,1.0000001192092896,0.0,0.7044028979560244,0.7044028979560244,,,,1.0
20,hexane_hl_gap_eV,219,1.0000001192092896,0.0,0.7044028979560244,0.7044028979560244,,,,1.0
20,hexane_hl_gap_eV,220,1.0000001192092896,0.0,0.7044028979560244,0.7044028979560244,,,,1.0
20,hexane_hl_gap_eV,221,1.0000001192092896,0.0,0.7044028979560244,0.7044028979560244,,,,1.0
20,hexane_hl_gap_eV,222,1.0000001192092896,0.0,0.7044028979560244,0.7044028979560244,,,,1.0
20,hexane_hl_gap_eV,223,1.0000001192092896,0.0,0.7044028979560244,0.7044028979560244,,,,1.0
20,hexane_hl_gap_eV,224,1.0000001192092896,0.0,0.7044028979560244,0.7044028979560244,,,,1.0
20,hexane_hl_gap_eV,225,1.0000001192092896,0.0,0.7044028979560244,0.7044028979560244,,,,1.0
20,hexane_hl_gap_eV,226,1.0000001192092896,0.0,0.7044028979560244,0.7044028979560244,,,,1.0
20,hexane_hl_gap_eV,227,1.0000001192092896,0.0,0.7044028979560244,0.7044028979560244,,,,1.0
20,hexane_hl_gap_eV,228,1.0000001192092896,0.0,0.7044028979560244,0.7044028979560244,,,,1.0
20,hexane_hl_gap_eV,229,1.0000001192092896,0.0,0.7044028979560244,0.7044028979560244,,,,1.0
20,hexane_hl_gap_eV,230,1.0000001192092896,0.0,0.7044028979560244,0.7044028979560244,,,,1.0
20,hexane_hl_gap_eV,231,1.0000001192092896,0.0,0.7044028979560244,0.7044028979560244,,,,1.0
20,hexane_hl_gap_eV,232,1.0000001192092896,0.0,0.7044028979560244,0.7044028979560244,,,,1.0
20,hexane_hl_gap_eV,233,1.0000001192092896,0.0,0.7044028979560244,0.7044028979560244,,,,1.0
20,hexane_hl_gap_eV,234,1.0000001192092896,0.0,0.7044028979560244,0.7044028979560244,,,,1.0
20,hexane_hl_gap_eV,235,1.0000001192092896,0.0,0.7044028979560244,0.7044028979560244,,,,1.0
20,hexane_hl_gap_eV,236,1.0000001192092896,0.0,0.7044028979560244,0.7044028979560244,,,,1.0
20,hexane_hl_gap_eV,237,1.0000001192092896,0.0,0.7044028979560244,0.7044028979560244,,,,1.0
20,hexane_hl_gap_eV,238,1.0000001192092896,0.0,0.7044028979560244,0.7044028979560244,,,,1.0
20,hexane_hl_gap_eV,239,1.0000001192092896,0.0,0.7044028979560244,0.7044028979560244,,,,1.0
20,hexane_hl_gap_eV,240,1.0000001192092896,0.0,0.7044028979560244,0.7044028979560244,,,,1.0
20,hexane_hl_gap_eV,241,1.0000001192092896,0.0,0.7044028979560244,0.7044028979560244,,,,1.0
20,hexane_hl_gap_eV,242,1.0000001192092896,0.0,0.7044028979560244,0.7044028979560244,,,,1.0
20,hexane_hl_gap_eV,243,1.0000001192092896,0.0,0.7044028979560244,0.7044028979560244,,,,1.0
20,hexane_hl_gap_eV,244,1.0000001192092896,0.0,0.7044028979560244,0.7044028979560244,,,,1.0
20,hexane_hl_gap_eV,245,1.0000001192092896,0.0,0.7044028979560244,0.7044028979560244,,,,1.0
20,hexane_hl_gap_eV,246,1.0000001192092896,0.0,0.7044028979560244,0.7044028979560244,,,,1.0
20,hexane_hl_gap_eV,247,1.0000001192092896,0.0,0.7044028979560244,0.7044028979560244,,,,1.0
20,hexane_hl_gap_eV,248,1.0000001192092896,0.0,0.7044028979560244,0.7044028979560244,,,,1.0
20,hexane_hl_gap_eV,249,1.0000001192092896,0.0,0.7044028979560244,0.7044028979560244,,,,1.0
20,hexane_dipole,0,0.9999999403953552,0.0,0.617456515980702,0.617456515980702,,,,1.0
20,hexane_dipole,1,0.9999999403953552,0.0,0.617456515980702,0.617456515980702,,,,1.0
20,hexane_dipole,2,0.9999999403953552,0.0,0.617456515980702,0.617456515980702,,,,1.0
20,hexane_dipole,3,0.9999999403953552,0.0,0.617456515980702,0.617456515980702,,,,1.0
20,hexane_dipole,4,0.9999999403953552,0.0,0.617456515980702,0.617456515980702,,,,1.0
20,hexane_dipole,5,0.9999999403953552,0.0,0.617456515980702,0.617456515980702,,,,1.0
20,hexane_dipole,6,0.9999999403953552,0.0,0.617456515980702,0.617456515980702,,,,1.0
20,hexane_dipole,7,0.9999999403953552,0.0,0.617456515980702,0.617456515980702,,,,1.0
20,hexane_dipole,8,0.9999999403953552,0.0,0.617456515980702,0.617456515980702,,,,1.0
20,hexane_dipole,9,0.9999999403953552,0.0,0.617456515980702,0.617456515980702,,,,1.0
20,hexane_dipole,10,0.9999999403953552,0.0,0.617456515980702,0.617456515980702,,,,1.0
20,hexane_dipole,11,0.9999999403953552,0.0,0.617456515980702,0.617456515980702,,,,1.0
20,hexane_dipole,12,0.9999999403953552,0.0,0.617456515980702,0.617456515980702,,,,1.0
20,hexane_dipole,13,0.9999999403953552,0.0,0.617456515980702,0.617456515980702,,,,1.0
20,hexane_dipole,14,0.9999999403953552,0.0,0.617456515980702,0.617456515980702,,,,1.0
20,hexane_dipole,15,0.9999999403953552,0.0,0.617456515980702,0.617456515980702,,,,1.0
20,hexane_dipole,16,0.9999999403953552,0.0,0.617456515980702,0.617456515980702,,,,1.0
20,hexane_dipole,17,0.9999999403953552,0.0,0.617456515980702,0.617456515980702,,,,1.0
20,hexane_dipole,18,0.9999999403953552,0.0,0.617456515980702,0.617456515980702,,,,1.0
20,hexane_dipole,19,0.9999999403953552,0.0,0.617456515980702,0.617456515980702,,,,1.0
20,hexane_dipole,20,0.9999999403953552,0.0,0.617456515980702,0.617456515980702,,,,1.0
20,hexane_dipole,21,0.9999999403953552,0.0,0.617456515980702,0.617456515980702,,,,1.0
20,hexane_dipole,22,0.9999999403953552,0.0,0.617456515980702,0.617456515980702,,,,1.0
20,hexane_dipole,23,0.9999999403953552,0.0,0.617456515980702,0.617456515980702,,,,1.0
20,hexane_dipole,24,0.9999999403953552,0.0,0.617456515980702,0.617456515980702,,,,1.0
20,hexane_dipole,25,0.9999999403953552,0.0,0.617456515980702,0.617456515980702,,,,1.0
20,hexane_dipole,26,0.9999999403953552,0.0,0.617456515980702,0.617456515980702,,,,1.0
20,hexane_dipole,27,0.9999999403953552,0.0,0.617456515980702,0.617456515980702,,,,1.0
20,hexane_dipole,28,0.9999999403953552,0.0,0.617456515980702,0.617456515980702,,,,1.0
20,hexane_dipole,29,0.9999999403953552,0.0,0.617456515980702,0.617456515980702,,,,1.0
20,hexane_dipole,30,0.9999999403953552,0.0,0.617456515980702,0.617456515980702,,,,1.0
20,hexane_dipole,31,0.9999999403953552,0.0,0.617456515980702,0.617456515980702,,,,1.0
20,hexane_dipole,32,0.9999999403953552,0.0,0.617456515980702,0.617456515980702,,,,1.0
20,hexane_dipole,33,0.9999999403953552,0.0,0.617456515980702,0.617456515980702,,,,1.0
20,hexane_dipole,34,0.9999999403953552,0.0,0.617456515980702,0.617456515980702,,,,1.0
20,hexane_dipole,35,0.9999999403953552,0.0,0.617456515980702,0.617456515980702,,,,1.0
20,hexane_dipole,36,0.9999999403953552,0.0,0.617456515980702,0.617456515980702,,,,1.0
20,hexane_dipole,37,0.9999999403953552,0.0,0.617456515980702,0.617456515980702,,,,1.0
20,hexane_dipole,38,0.9999999403953552,0.0,0.617456515980702,0.617456515980702,,,,1.0
20,hexane_dipole,39,0.9999999403953552,0.0,0.617456515980702,0.617456515980702,,,,1.0
20,hexane_dipole,40,0.9999999403953552,0.0,0.617456515980702,0.617456515980702,,,,1.0
20,hexane_dipole,41,0.9999999403953552,0.0,0.617456515980702,0.617456515980702,,,,1.0
20,hexane_dipole,42,0.9999999403953552,0.0,0.617456515980702,0.617456515980702,,,,1.0
20,hexane_dipole,43,0.9999999403953552,0.0,0.617456515980702,0.617456515980702,,,,1.0
20,hexane_dipole,44,0.9999999403953552,0.0,0.617456515980702,0.617456515980702,,,,1.0
20,hexane_dipole,45,0.9999999403953552,0.0,0.617456515980702,0.617456515980702,,,,1.0
20,hexane_dipole,46,0.9999999403953552,0.0,0.617456515980702,0.617456515980702,,,,1.0
20,hexane_dipole,47,0.9999999403953552,0.0,0.617456515980702,0.617456515980702,,,,1.0
20,hexane_dipole,48,0.9999999403953552,0.0,0.617456515980702,0.617456515980702,,,,1.0
20,hexane_dipole,49,0.9999999403953552,0.0,0.617456515980702,0.617456515980702,,,,1.0
20,hexane_dipole,50,0.9999999403953552,0.0,0.617456515980702,0.617456515980702,,,,1.0
20,hexane_dipole,51,0.9999999403953552,0.0,0.617456515980702,0.617456515980702,,,,1.0
20,hexane_dipole,52,0.9999999403953552,0.0,0.617456515980702,0.617456515980702,,,,1.0
20,hexane_dipole,53,0.9999999403953552,0.0,0.617456515980702,0.617456515980702,,,,1.0
20,hexane_dipole,54,0.9999999403953552,0.0,0.617456515980702,0.617456515980702,,,,1.0
20,hexane_dipole,55,0.9999999403953552,0.0,0.617456515980702,0.617456515980702,,,,1.0
20,hexane_dipole,56,0.9999999403953552,0.0,0.617456515980702,0.617456515980702,,,,1.0
20,hexane_dipole,57,0.9999999403953552,0.0,0.617456515980702,0.617456515980702,,,,1.0
20,hexane_dipole,58,0.9999999403953552,0.0,0.617456515980702,0.617456515980702,,,,1.0
20,hexane_dipole,59,0.9999999403953552,0.0,0.617456515980702,0.617456515980702,,,,1.0
20,hexane_dipole,60,0.9999999403953552,0.0,0.617456515980702,0.617456515980702,,,,1.0
20,hexane_dipole,61,0.9999999403953552,0.0,0.617456515980702,0.617456515980702,,,,1.0
20,hexane_dipole,62,0.9999999403953552,0.0,0.617456515980702,0.617456515980702,,,,1.0
20,hexane_dipole,63,0.9999999403953552,0.0,0.617456515980702,0.617456515980702,,,,1.0
20,hexane_dipole,64,0.9999999403953552,0.0,0.617456515980702,0.617456515980702,,,,1.0
20,hexane_dipole,65,0.9999999403953552,0.0,0.617456515980702,0.617456515980702,,,,1.0
20,hexane_dipole,66,0.9999999403953552,0.0,0.617456515980702,0.617456515980702,,,,1.0
20,hexane_dipole,67,0.9999999403953552,0.0,0.617456515980702,0.617456515980702,,,,1.0
20,hexane_dipole,68,0.9999999403953552,0.0,0.617456515980702,0.617456515980702,,,,1.0
20,hexane_dipole,69,0.9999999403953552,0.0,0.617456515980702,0.617456515980702,,,,1.0
20,hexane_dipole,70,0.9999999403953552,0.0,0.617456515980702,0.617456515980702,,,,1.0
20,hexane_dipole,71,0.9999999403953552,0.0,0.617456515980702,0.617456515980702,,,,1.0
20,hexane_dipole,72,0.9999999403953552,0.0,0.617456515980702,0.617456515980702,,,,1.0
20,hexane_dipole,73,0.9999999403953552,0.0,0.617456515980702,0.617456515980702,,,,1.0
20,hexane_dipole,74,0.9999999403953552,0.0,0.617456515980702,0.617456515980702,,,,1.0
20,hexane_dipole,75,0.9999999403953552,0.0,0.617456515980702,0.617456515980702,,,,1.0
20,hexane_dipole,76,0.9999999403953552,0.0,0.617456515980702,0.617456515980702,,,,1.0
20,hexane_dipole,77,0.9999999403953552,0.0,0.617456515980702,0.617456515980702,,,,1.0
20,hexane_dipole,78,0.9999999403953552,0.0,0.617456515980702,0.617456515980702,,,,1.0
20,hexane_dipole,79,0.9999999403953552,0.0,0.617456515980702,0.617456515980702,,,,1.0
20,hexane_dipole,80,0.9999999403953552,0.0,0.617456515980702,0.617456515980702,,,,1.0
20,hexane_dipole,81,0.9999999403953552,0.0,0.617456515980702,0.617456515980702,,,,1.0
20,hexane_dipole,82,0.9999999403953552,0.0,0.617456515980702,0.617456515980702,,,,1.0
20,hexane_dipole,83,0.9999999403953552,0.0,0.617456515980702,0.617456515980702,,,,1.0
20,hexane_dipole,84,0.9999999403953552,0.0,0.617456515980702,0.617456515980702,,,,1.0
20,hexane_dipole,85,0.9999999403953552,0.0,0.617456515980702,0.617456515980702,,,,1.0
20,hexane_dipole,86,0.9999999403953552,0.0,0.617456515980702,0.617456515980702,,,,1.0
20,hexane_dipole,87,0.9999999403953552,0.0,0.617456515980702,0.617456515980702,,,,1.0
20,hexane_dipole,88,0.9999999403953552,0.0,0.617456515980702,0.617456515980702,,,,1.0
20,hexane_dipole,89,0.9999999403953552,0.0,0.617456515980702,0.617456515980702,,,,1.0
20,hexane_dipole,90,0.9999999403953552,0.0,0.617456515980702,0.617456515980702,,,,1.0
20,hexane_dipole,91,0.9999999403953552,0.0,0.617456515980702,0.617456515980702,,,,1.0
20,hexane_dipole,92,0.9999999403953552,0.0,0.617456515980702,0.617456515980702,,,,1.0
20,hexane_dipole,93,0.9999999403953552,0.0,0.617456515980702,0.617456515980702,,,,1.0
20,hexane_dipole,94,0.9999999403953552,0.0,0.617456515980702,0.617456515980702,,,,1.0
20,hexane_dipole,95,0.9999999403953552,0.0,0.617456515980702,0.617456515980702,,,,1.0
20,hexane_dipole,96,0.9999999403953552,0.0,0.617456515980702,0.617456515980702,,,,1.0
20,hexane_dipole,97,0.9999999403953552,0.0,0.617456515980702,0.617456515980702,,,,1.0
20,hexane_dipole,98,0.9999999403953552,0.0,0.617456515980702,0.617456515980702,,,,1.0
20,hexane_dipole,99,0.9999999403953552,0.0,0.617456515980702,0.617456515980702,,,,1.0
20,hexane_dipole,100,0.9999999403953552,0.0,0.617456515980702,0.617456515980702,,,,1.0
20,hexane_dipole,101,0.9999999403953552,0.0,0.617456515980702,0.617456515980702,,,,1.0
20,hexane_dipole,102,0.9999999403953552,0.0,0.617456515980702,0.617456515980702,,,,1.0
20,hexane_dipole,103,0.9999999403953552,0.0,0.617456515980702,0.617456515980702,,,,1.0
20,hexane_dipole,104,0.9999999403953552,0.0,0.617456515980702,0.617456515980702,,,,1.0
20,hexane_dipole,105,0.9999999403953552,0.0,0.617456515980702,0.617456515980702,,,,1.0
20,hexane_dipole,106,0.9999999403953552,0.0,0.617456515980702,0.617456515980702,,,,1.0
20,hexane_dipole,107,0.9999999403953552,0.0,0.617456515980702,0.617456515980702,,,,1.0
20,hexane_dipole,108,0.9999999403953552,0.0,0.617456515980702,0.617456515980702,,,,1.0
20,hexane_dipole,109,0.9999999403953552,0.0,0.617456515980702,0.617456515980702,,,,1.0
20,hexane_dipole,110,0.9999999403953552,0.0,0.617456515980702,0.617456515980702,,,,1.0
20,hexane_dipole,111,0.9999999403953552,0.0,0.617456515980702,0.617456515980702,,,,1.0
20,hexane_dipole,112,0.9999999403953552,0.0,0.617456515980702,0.617456515980702,,,,1.0
20,hexane_dipole,113,0.9999999403953552,0.0,0.617456515980702,0.617456515980702,,,,1.0
20,hexane_dipole,114,0.9999999403953552,0.0,0.617456515980702,0.617456515980702,,,,1.0
20,hexane_dipole,115,0.9999999403953552,0.0,0.617456515980702,0.617456515980702,,,,1.0
20,hexane_dipole,116,0.9999999403953552,0.0,0.617456515980702,0.617456515980702,,,,1.0
20,hexane_dipole,117,0.9999999403953552,0.0,0.617456515980702,0.617456515980702,,,,1.0
20,hexane_dipole,118,0.9999999403953552,0.0,0.617456515980702,0.617456515980702,,,,1.0
20,hexane_dipole,119,0.9999999403953552,0.0,0.617456515980702,0.617456515980702,,,,1.0
20,hexane_dipole,120,0.9999999403953552,0.0,0.617456515980702,0.617456515980702,,,,1.0
20,hexane_dipole,121,0.9999999403953552,0.0,0.617456515980702,0.617456515980702,,,,1.0
20,hexane_dipole,122,0.9999999403953552,0.0,0.617456515980702,0.617456515980702,,,,1.0
20,hexane_dipole,123,0.9999999403953552,0.0,0.617456515980702,0.617456515980702,,,,1.0
20,hexane_dipole,124,0.9999999403953552,0.0,0.617456515980702,0.617456515980702,,,,1.0
20,hexane_dipole,125,0.9999999403953552,0.0,0.617456515980702,0.617456515980702,,,,1.0
20,hexane_dipole,126,0.9999999403953552,0.0,0.617456515980702,0.617456515980702,,,,1.0
20,hexane_dipole,127,0.9999999403953552,0.0,0.617456515980702,0.617456515980702,,,,1.0
20,hexane_dipole,128,0.9999999403953552,0.0,0.617456515980702,0.617456515980702,,,,1.0
20,hexane_dipole,129,0.9999999403953552,0.0,0.617456515980702,0.617456515980702,,,,1.0
20,hexane_dipole,130,0.9999999403953552,0.0,0.617456515980702,0.617456515980702,,,,1.0
20,hexane_dipole,131,0.9999999403953552,0.0,0.617456515980702,0.617456515980702,,,,1.0
20,hexane_dipole,132,0.9999999403953552,0.0,0.617456515980702,0.617456515980702,,,,1.0
20,hexane_dipole,133,0.9999999403953552,0.0,0.617456515980702,0.617456515980702,,,,1.0
20,hexane_dipole,134,0.9999999403953552,0.0,0.617456515980702,0.617456515980702,,,,1.0
20,hexane_dipole,135,0.9999999403953552,0.0,0.617456515980702,0.617456515980702,,,,1.0
20,hexane_dipole,136,0.9999999403953552,0.0,0.617456515980702,0.617456515980702,,,,1.0
20,hexane_dipole,137,0.9999999403953552,0.0,0.617456515980702,0.617456515980702,,,,1.0
20,hexane_dipole,138,0.9999999403953552,0.0,0.617456515980702,0.617456515980702,,,,1.0
20,hexane_dipole,139,0.9999999403953552,0.0,0.617456515980702,0.617456515980702,,,,1.0
20,hexane_dipole,140,0.9999999403953552,0.0,0.617456515980702,0.617456515980702,,,,1.0
20,hexane_dipole,141,0.9999999403953552,0.0,0.617456515980702,0.617456515980702,,,,1.0
20,hexane_dipole,142,0.9999999403953552,0.0,0.617456515980702,0.617456515980702,,,,1.0
20,hexane_dipole,143,0.9999999403953552,0.0,0.617456515980702,0.617456515980702,,,,1.0
20,hexane_dipole,144,0.9999999403953552,0.0,0.617456515980702,0.617456515980702,,,,1.0
20,hexane_dipole,145,0.9999999403953552,0.0,0.617456515980702,0.617456515980702,,,,1.0
20,hexane_dipole,146,0.9999999403953552,0.0,0.617456515980702,0.617456515980702,,,,1.0
20,hexane_dipole,147,0.9999999403953552,0.0,0.617456515980702,0.617456515980702,,,,1.0
20,hexane_dipole,148,0.9999999403953552,0.0,0.617456515980702,0.617456515980702,,,,1.0
20,hexane_dipole,149,0.9999999403953552,0.0,0.617456515980702,0.617456515980702,,,,1.0
20,hexane_dipole,150,0.9999999403953552,0.0,0.617456515980702,0.617456515980702,,,,1.0
20,hexane_dipole,151,0.9999999403953552,0.0,0.617456515980702,0.617456515980702,,,,1.0
20,hexane_dipole,152,0.9999999403953552,0.0,0.617456515980702,0.617456515980702,,,,1.0
20,hexane_dipole,153,0.9999999403953552,0.0,0.617456515980702,0.617456515980702,,,,1.0
20,hexane_dipole,154,0.9999999403953552,0.0,0.617456515980702,0.617456515980702,,,,1.0
20,hexane_dipole,155,0.9999999403953552,0.0,0.617456515980702,0.617456515980702,,,,1.0
20,hexane_dipole,156,0.9999999403953552,0.0,0.617456515980702,0.617456515980702,,,,1.0
20,hexane_dipole,157,0.9999999403953552,0.0,0.617456515980702,0.617456515980702,,,,1.0
20,hexane_dipole,158,0.9999999403953552,0.0,0.617456515980702,0.617456515980702,,,,1.0
20,hexane_dipole,159,0.9999999403953552,0.0,0.617456515980702,0.617456515980702,,,,1.0
20,hexane_dipole,160,0.9999999403953552,0.0,0.617456515980702,0.617456515980702,,,,1.0
20,hexane_dipole,161,0.9999999403953552,0.0,0.617456515980702,0.617456515980702,,,,1.0
20,hexane_dipole,162,0.9999999403953552,0.0,0.617456515980702,0.617456515980702,,,,1.0
20,hexane_dipole,163,0.9999999403953552,0.0,0.617456515980702,0.617456515980702,,,,1.0
20,hexane_dipole,164,0.9999999403953552,0.0,0.617456515980702,0.617456515980702,,,,1.0
20,hexane_dipole,165,0.9999999403953552,0.0,0.617456515980702,0.617456515980702,,,,1.0
20,hexane_dipole,166,0.9999999403953552,0.0,0.617456515980702,0.617456515980702,,,,1.0
20,hexane_dipole,167,0.9999999403953552,0.0,0.617456515980702,0.617456515980702,,,,1.0
20,hexane_dipole,168,0.9999999403953552,0.0,0.617456515980702,0.617456515980702,,,,1.0
20,hexane_dipole,169,0.9999999403953552,0.0,0.617456515980702,0.617456515980702,,,,1.0
20,hexane_dipole,170,0.9999999403953552,0.0,0.617456515980702,0.617456515980702,,,,1.0
20,hexane_dipole,171,0.9999999403953552,0.0,0.617456515980702,0.617456515980702,,,,1.0
20,hexane_dipole,172,0.9999999403953552,0.0,0.617456515980702,0.617456515980702,,,,1.0
20,hexane_dipole,173,0.9999999403953552,0.0,0.617456515980702,0.617456515980702,,,,1.0
20,hexane_dipole,174,0.9999999403953552,0.0,0.617456515980702,0.617456515980702,,,,1.0
20,hexane_dipole,175,0.9999999403953552,0.0,0.617456515980702,0.617456515980702,,,,1.0
20,hexane_dipole,176,0.9999999403953552,0.0,0.617456515980702,0.617456515980702,,,,1.0
20,hexane_dipole,177,0.9999999403953552,0.0,0.617456515980702,0.617456515980702,,,,1.0
20,hexane_dipole,178,0.9999999403953552,0.0,0.617456515980702,0.617456515980702,,,,1.0
20,hexane_dipole,179,0.9999999403953552,0.0,0.617456515980702,0.617456515980702,,,,1.0
20,hexane_dipole,180,0.9999999403953552,0.0,0.617456515980702,0.617456515980702,,,,1.0
20,hexane_dipole,181,0.9999999403953552,0.0,0.617456515980702,0.617456515980702,,,,1.0
20,hexane_dipole,182,0.9999999403953552,0.0,0.617456515980702,0.617456515980702,,,,1.0
20,hexane_dipole,183,0.9999999403953552,0.0,0.617456515980702,0.617456515980702,,,,1.0
20,hexane_dipole,184,0.9999999403953552,0.0,0.617456515980702,0.617456515980702,,,,1.0
20,hexane_dipole,185,0.9999999403953552,0.0,0.617456515980702,0.617456515980702,,,,1.0
20,hexane_dipole,186,0.9999999403953552,0.0,0.617456515980702,0.617456515980702,,,,1.0
20,hexane_dipole,187,0.9999999403953552,0.0,0.617456515980702,0.617456515980702,,,,1.0
20,hexane_dipole,188,0.9999999403953552,0.0,0.617456515980702,0.617456515980702,,,,1.0
20,hexane_dipole,189,0.9999999403953552,0.0,0.617456515980702,0.617456515980702,,,,1.0
20,hexane_dipole,190,0.9999999403953552,0.0,0.617456515980702,0.617456515980702,,,,1.0
20,hexane_dipole,191,0.9999999403953552,0.0,0.617456515980702,0.617456515980702,,,,1.0
20,hexane_dipole,192,0.9999999403953552,0.0,0.617456515980702,0.617456515980702,,,,1.0
20,hexane_dipole,193,0.9999999403953552,0.0,0.617456515980702,0.617456515980702,,,,1.0
20,hexane_dipole,194,0.9999999403953552,0.0,0.617456515980702,0.617456515980702,,,,1.0
20,hexane_dipole,195,0.9999999403953552,0.0,0.617456515980702,0.617456515980702,,,,1.0
20,hexane_dipole,196,0.9999999403953552,0.0,0.617456515980702,0.617456515980702,,,,1.0
20,hexane_dipole,197,0.9999999403953552,0.0,0.617456515980702,0.617456515980702,,,,1.0
20,hexane_dipole,198,0.9999999403953552,0.0,0.617456515980702,0.617456515980702,,,,1.0
20,hexane_dipole,199,0.9999999403953552,0.0,0.617456515980702,0.617456515980702,,,,1.0
20,hexane_dipole,200,0.9999999403953552,0.0,0.617456515980702,0.617456515980702,,,,1.0
20,hexane_dipole,201,0.9999999403953552,0.0,0.617456515980702,0.617456515980702,,,,1.0
20,hexane_dipole,202,0.9999999403953552,0.0,0.617456515980702,0.617456515980702,,,,1.0
20,hexane_dipole,203,0.9999999403953552,0.0,0.617456515980702,0.617456515980702,,,,1.0
20,hexane_dipole,204,0.9999999403953552,0.0,0.617456515980702,0.617456515980702,,,,1.0
20,hexane_dipole,205,0.9999999403953552,0.0,0.617456515980702,0.617456515980702,,,,1.0
20,hexane_dipole,206,0.9999999403953552,0.0,0.617456515980702,0.617456515980702,,,,1.0
20,hexane_dipole,207,0.9999999403953552,0.0,0.617456515980702,0.617456515980702,,,,1.0
20,hexane_dipole,208,0.9999999403953552,0.0,0.617456515980702,0.617456515980702,,,,1.0
20,hexane_dipole,209,0.9999999403953552,0.0,0.617456515980702,0.617456515980702,,,,1.0
20,hexane_dipole,210,0.9999999403953552,0.0,0.617456515980702,0.617456515980702,,,,1.0
20,hexane_dipole,211,0.9999999403953552,0.0,0.617456515980702,0.617456515980702,,,,1.0
20,hexane_dipole,212,0.9999999403953552,0.0,0.617456515980702,0.617456515980702,,,,1.0
20,hexane_dipole,213,0.9999999403953552,0.0,0.617456515980702,0.617456515980702,,,,1.0
20,hexane_dipole,214,0.9999999403953552,0.0,0.617456515980702,0.617456515980702,,,,1.0
20,hexane_dipole,215,0.9999999403953552,0.0,0.617456515980702,0.617456515980702,,,,1.0
20,hexane_dipole,216,0.9999999403953552,0.0,0.617456515980702,0.617456515980702,,,,1.0
20,hexane_dipole,217,0.9999999403953552,0.0,0.617456515980702,0.617456515980702,,,,1.0
20,hexane_dipole,218,0.9999999403953552,0.0,0.617456515980702,0.617456515980702,,,,1.0
20,hexane_dipole,219,0.9999999403953552,0.0,0.617456515980702,0.617456515980702,,,,1.0
20,hexane_dipole,220,0.9999999403953552,0.0,0.617456515980702,0.617456515980702,,,,1.0
20,hexane_dipole,221,0.9999999403953552,0.0,0.617456515980702,0.617456515980702,,,,1.0
20,hexane_dipole,222,0.9999999403953552,0.0,0.617456515980702,0.617456515980702,,,,1.0
20,hexane_dipole,223,0.9999999403953552,0.0,0.617456515980702,0.617456515980702,,,,1.0
20,hexane_dipole,224,0.9999999403953552,0.0,0.617456515980702,0.617456515980702,,,,1.0
20,hexane_dipole,225,0.9999999403953552,0.0,0.617456515980702,0.617456515980702,,,,1.0
20,hexane_dipole,226,0.9999999403953552,0.0,0.617456515980702,0.617456515980702,,,,1.0
20,hexane_dipole,227,0.9999999403953552,0.0,0.617456515980702,0.617456515980702,,,,1.0
20,hexane_dipole,228,0.9999999403953552,0.0,0.617456515980702,0.617456515980702,,,,1.0
20,hexane_dipole,229,0.9999999403953552,0.0,0.617456515980702,0.617456515980702,,,,1.0
20,hexane_dipole,230,0.9999999403953552,0.0,0.617456515980702,0.617456515980702,,,,1.0
20,hexane_dipole,231,0.9999999403953552,0.0,0.617456515980702,0.617456515980702,,,,1.0
20,hexane_dipole,232,0.9999999403953552,0.0,0.617456515980702,0.617456515980702,,,,1.0
20,hexane_dipole,233,0.9999999403953552,0.0,0.617456515980702,0.617456515980702,,,,1.0
20,hexane_dipole,234,0.9999999403953552,0.0,0.617456515980702,0.617456515980702,,,,1.0
20,hexane_dipole,235,0.9999999403953552,0.0,0.617456515980702,0.617456515980702,,,,1.0
20,hexane_dipole,236,0.9999999403953552,0.0,0.617456515980702,0.617456515980702,,,,1.0
20,hexane_dipole,237,0.9999999403953552,0.0,0.617456515980702,0.617456515980702,,,,1.0
20,hexane_dipole,238,0.9999999403953552,0.0,0.617456515980702,0.617456515980702,,,,1.0
20,hexane_dipole,239,0.9999999403953552,0.0,0.617456515980702,0.617456515980702,,,,1.0
20,hexane_dipole,240,0.9999999403953552,0.0,0.617456515980702,0.617456515980702,,,,1.0
20,hexane_dipole,241,0.9999999403953552,0.0,0.617456515980702,0.617456515980702,,,,1.0
20,hexane_dipole,242,0.9999999403953552,0.0,0.617456515980702,0.617456515980702,,,,1.0
20,hexane_dipole,243,0.9999999403953552,0.0,0.617456515980702,0.617456515980702,,,,1.0
20,hexane_dipole,244,0.9999999403953552,0.0,0.617456515980702,0.617456515980702,,,,1.0
20,hexane_dipole,245,0.9999999403953552,0.0,0.617456515980702,0.617456515980702,,,,1.0
20,hexane_dipole,246,0.9999999403953552,0.0,0.617456515980702,0.617456515980702,,,,1.0
20,hexane_dipole,247,0.9999999403953552,0.0,0.617456515980702,0.617456515980702,,,,1.0
20,hexane_dipole,248,0.9999999403953552,0.0,0.617456515980702,0.617456515980702,,,,1.0
20,hexane_dipole,249,0.9999999403953552,0.0,0.617456515980702,0.617456515980702,,,,1.0
21,sco_kcal,0,0.7242649793624878,0.019645418971776962,0.6527542074327897,0.8991498412314807,3.989739418029785,3.6300950050354004,0.9098576685562125,0.56
21,sco_kcal,1,0.4224018156528473,0.015104132704436779,0.615412724758791,0.9228271800181327,3.1612110137939453,1.2519539594650269,0.39603618803114543,0.14
21,sco_kcal,2,0.08660008758306503,0.04626844823360443,0.6154965121233484,0.9507104321889013,9.259137153625488,0.39562228322029114,0.04272777005634722,0.04
21,sco_kcal,3,0.08532826602458954,0.025241436436772346,0.6306422966688892,0.9604019080058048,5.309385299682617,0.18611784279346466,0.03505449921002914,0.02
21,sco_kcal,4,0.4007013142108917,0.02747339755296707,0.6568067542435603,0.9256323307965144,5.99591588973999,2.2291862964630127,0.3717841172984967,0.04
21,sco_kcal,5,0.138744056224823,0.023026399314403534,0.6417772186803039,0.9598331844588988,4.928369998931885,0.18427178263664246,0.03739000575780213,0.14
21,sco_kcal,6,0.24732713401317596,0.029217200353741646,0.6089620638386379,0.9227446822866532,5.667933940887451,0.8020740151405334,0.1415108262561983,0.12
21,sco_kcal,7,0.6086159348487854,0.02266020141541958,0.6358662228058125,0.9209532547558581,4.546934604644775,2.6164844036102295,0.5754391982980014,0.5
21,sco_kcal,8,0.07938016951084137,0.06318548321723938,0.5994747948429415,0.9483389269664662,11.831089973449707,0.08196450769901276,0.006927891503061029,0.06
21,sco_kcal,9,0.10981087386608124,0.017055204138159752,0.6306662295420538,0.9526568928492984,3.6613149642944336,0.2073269635438919,0.05662636663760654,0.06
21,sco_kcal,10,0.9122174978256226,0.01174677349627018,0.6911208398328799,0.939625440232638,2.7845630645751953,5.082854270935059,1.8253687034775359,0.54
21,sco_kcal,11,0.1325378566980362,0.030791623517870903,0.5977642739359363,0.9497808431739174,5.779919624328613,0.26337915658950806,0.04556796178979769,0.06
21,sco_kcal,12,0.09920427948236465,0.029757682234048843,0.6343504431990581,0.9362100756848342,6.354013442993164,0.5670346021652222,0.08924038440468125,0.02
21,sco_kcal,13,0.17558833956718445,0.02811559848487377,0.625372385620844,0.9338887640867788,5.703996658325195,0.534666895866394,0.0937354854663226,0.08
21,sco_kcal,14,0.3470148742198944,0.018973911181092262,0.647139906605225,0.9250107127674654,4.165866374969482,1.2860645055770874,0.30871477618782445,0.22
21,sco_kcal,15,0.16976739466190338,0.041157253086566925,0.6116861170392913,0.9204443457422691,8.104208946228027,0.5962274670600891,0.07357010055097278,0.1
21,sco_kcal,16,0.05895901098847389,0.04637107625603676,0.5907452124731121,0.9654519696998682,8.563496589660645,0.10570596158504486,0.012343785097394871,0.06
21,sco_kcal,17,0.49665313959121704,0.02536805532872677,0.6427699190464027,0.9227623399366769,5.394899845123291,2.5353100299835205,0.4699457084963883,0.3
21,sco_kcal,18,0.24907198548316956,0.04173802584409714,0.648795168503197,0.9076335857926645,9.120562553405762,2.1198034286499023,0.23242024998319147,0.08
21,sco_kcal,19,0.6978763341903687,0.019781965762376785,0.6477305819729631,0.9210880194298308,3.964444398880005,2.9345359802246094,0.7402136806493351,0.66
21,sco_kcal,20,0.3207215368747711,0.07638842612504959,0.6495589075359696,0.9770396379731239,16.640790939331055,1.2138561010360718,0.07294461576144695,0.24
21,sco_kcal,21,0.38770419359207153,0.023155061528086662,0.6095989994069189,0.9253319315848381,4.502173900604248,1.4685786962509155,0.326193241014927,0.24
21,sco_kcal,22,0.19457201659679413,0.015224922448396683,0.6501727099967669,0.956835571396895,3.4010777473449707,0.27854397892951965,0.08189873905322018,0.16
21,sco_kcal,23,0.5482520461082458,0.024296019226312637,0.6349075460647557,0.8932883857955618,5.013213634490967,2.9962830543518066,0.597677113486117,0.3
21,sco_kcal,24,0.11100810766220093,0.01864384487271309,0.6522397640526281,0.9697153052349816,4.07185697555542,0.19955621659755707,0.04900865079386456,0.04
21,sco_kcal,25,0.08542364090681076,0.01577012985944748,0.6560150966487581,0.9704663162665343,3.4807660579681396,0.13495944440364838,0.03877291439759371,0.02
21,sco_kcal,26,0.04826091229915619,0.07478591054677963,0.5895269017337004,0.9698620232786017,13.108987808227539,0.0862925574183464,0.006582701782984875,0.02
21,sco_kcal,27,0.2480127513408661,0.01094801165163517,0.6463309307943155,0.957243956175948,2.441232681274414,0.34730929136276245,0.14226800010782018,0.12
21,sco_kcal,28,0.22995240986347198,0.1717609465122223,0.6478415579002224,0.9806758091154308,37.27302932739258,1.1490674018859863,0.03082838778122918,0.22
21,sco_kcal,29,0.6981328129768372,0.016352903097867966,0.6772637414364824,0.9135522519231005,3.7841670513153076,3.3063580989837646,0.8737347094215977,0.54
21,sco_kcal,30,0.31633704900741577,0.029847843572497368,0.6231358699935687,0.9345987477909554,6.096126556396484,1.2996571063995361,0.21319391819972053,0.14
21,sco_kcal,31,0.6619183421134949,0.021642452105879784,0.643804069804121,0.9205482639651685,4.492823123931885,3.5603392124176025,0.7924503400663099,0.52
21,sco_kcal,32,0.07434999197721481,0.05571215972304344,0.5851198692591841,0.9584336885074047,9.787784576416016,0.2960699498653412,0.03024892380434397,0.04
21,sco_kcal,33,0.8005987405776978,0.014506086707115173,0.637098941463148,0.9039067108289283,2.939296245574951,3.128537178039551,1.0643830756254997,0.72
21,sco_kcal,34,0.22007787227630615,0.03996263071894646,0.6191918273172361,0.9180771535078212,7.920674800872803,1.6855823993682861,0.21280792883739486,0.06
21,sco_kcal,35,0.44838330149650574,0.02597820572555065,0.6233446061571468,0.9016961563247861,5.346846580505371,1.9743176698684692,0.36924898445129156,0.22
21,sco_kcal,36,0.5602211356163025,0.003773472271859646,0.6574737842652745,0.9352782365647936,0.7982131242752075,0.522659182548523,0.6547865058258812,0.42
21,sco_kcal,37,0.23290865123271942,0.04578457400202751,0.5876002481779146,0.9320130533461184,8.358497619628906,1.4760074615478516,0.17658765112065464,0.14
21,sco_kcal,38,0.3858294188976288,0.04678842052817345,0.6519293220405511,0.9099886026793422,10.552406311035156,4.270045757293701,0.4046513782196114,0.12
21,sco_kcal,39,0.07990159839391708,0.01858171634376049,0.6440095521700497,0.9570718291101592,4.122973442077637,0.10403735935688019,0.02523357494741804,0.1
21,sco_kcal,40,0.6697884798049927,0.024228723719716072,0.660779104181205,0.886735756694496,5.2135515213012695,4.203120708465576,0.806191459179539,0.54
21,sco_kcal,41,0.3672657608985901,0.047443293035030365,0.625407796913797,0.8975075043455547,9.425164222717285,3.1775269508361816,0.3371322637729168,0.14
21,sco_kcal,42,0.3600858449935913,0.03072996623814106,0.6549192750327422,0.9526070948025931,6.71790075302124,0.9298204183578491,0.13840937110297158,0.32
21,sco_kcal,43,0.7242116332054138,0.011498688720166683,0.6833143814703473,0.8927803093139592,2.6193041801452637,2.2847352027893066,0.8722679939611282,0.5
21,sco_kcal,44,0.20769502222537994,0.024287333711981773,0.6011336480988243,0.9316144542035114,4.469295501708984,0.3696240782737732,0.0827029848736641,0.1
21,sco_kcal,45,0.629428505897522,0.02029377408325672,0.6409268638035988,0.907604261029189,4.414787292480469,2.4793007373809814,0.5615900774209157,0.4
21,sco_kcal,46,0.12320772558450699,0.01377257239073515,0.6520286825960975,0.9617372607957748,3.052316904067993,0.1664276272058487,0.054525015729540174,0.06
21,sco_kcal,47,0.29381656646728516,0.06122319772839546,0.6066826519977686,0.9346716459792594,11.588523864746094,1.0695363283157349,0.09229271482707246,0.22
21,sco_kcal,48,0.3275359570980072,0.02465611882507801,0.6134625181265019,0.9273550485069715,4.939004421234131,1.0784212350845337,0.21834789830276438,0.16
21,sco_kcal,49,0.13845273852348328,0.14182573556900024,0.6348612926540509,0.896933721724853,30.39253044128418,4.894421577453613,0.16104027885763658,0.08
21,sco_kcal,50,0.08640103787183762,0.034126926213502884,0.6201622613462374,0.9616630474242622,6.995966911315918,0.14798492193222046,0.021152890487926134,0.02
21,sco_kcal,51,0.08823652565479279,0.04249470680952072,0.6191508654792548,0.9565734707510078,8.467171669006348,0.3344046175479889,0.039494252699760424,0.02
21,sco_kcal,52,0.2544594407081604,0.1334618330001831,0.6474581883830466,0.9759668439066811,29.039382934570312,1.1057943105697632,0.03807912561576355,0.24
21,sco_kcal,53,0.0979875698685646,0.024236179888248444,0.5910680603628653,0.9597542576748483,4.523463249206543,0.18849852681159973,0.041671285125321644,0.06
21,sco_kcal,54,0.06292053312063217,0.08586442470550537,0.5731354216082423,0.9730614592345266,15.009653091430664,0.05346491187810898,0.0035620351484760998,0.1
21,sco_kcal,55,0.14635339379310608,0.01702585257589817,0.6454090335017024,0.9608179007532771,3.759233236312866,0.18341763317584991,0.04879123524555495,0.1
21,sco_kcal,56,0.48374617099761963,0.031275078654289246,0.6359281067072131,0.891710399757395,6.614486217498779,3.3983917236328125,0.5137801503981196,0.14
21,sco_kcal,57,0.2788032591342926,0.026319095864892006,0.5829631144538625,0.9297806887597475,4.717459678649902,1.0716893672943115,0.22717509852697249,0.14
21,sco_kcal,58,0.0704587921500206,0.025584982708096504,0.6446944752051,0.9515082031866009,5.413771629333496,0.13926394283771515,0.025724015043992594,0.04
21,sco_kcal,59,0.1095166951417923,0.055641286075115204,0.6455819616325602,0.932827009324086,12.151949882507324,0.8904245495796204,0.07327421180870589,0.04
21,sco_kcal,60,0.15173020958900452,0.017941465601325035,0.6430048273758602,0.9555219029510582,3.9405462741851807,0.32721009850502014,0.08303673545178201,0.04
21,sco_kcal,61,0.1701810508966446,0.048656489700078964,0.6457705015708295,0.9205428622152276,10.281526565551758,1.2561246156692505,0.12217296795963106,0.1
21,sco_kcal,62,0.3202568590641022,0.04825234040617943,0.6176965639022811,0.89347777251557,9.873849868774414,3.6274869441986084,0.3673832387983096,0.04
21,sco_kcal,63,0.28936588764190674,0.06584198027849197,0.6036851526469786,0.8931389417954709,12.479681968688965,2.8907370567321777,0.23163547468476553,0.06
21,sco_kcal,64,0.7574345469474792,0.013015263713896275,0.6731383542443914,0.9023583003311393,3.12408185005188,2.7244489192962646,0.8720798782051825,0.56
21,sco_kcal,65,0.0940675362944603,0.01975601725280285,0.5962862145379773,0.9622028298911183,3.7783167362213135,0.12349753826856613,0.03268586169196491,0.04
21,sco_kcal,66,0.317624032497406,0.03481108322739601,0.6039580339320532,0.9056437826998882,6.868355751037598,1.9240504503250122,0.28013261398615635,0.14
21,sco_kcal,67,0.1617225706577301,0.011959495022892952,0.6345802718899503,0.9571778118842273,2.7039740085601807,0.07527485489845276,0.027838601502880315,0.12
21,sco_kcal,68,0.3528643250465393,0.01795639842748642,0.655305983283808,0.9478993269958447,3.981950044631958,0.7940195798873901,0.19940470648490505,0.18
21,sco_kcal,69,0.17958150804042816,0.032892368733882904,0.597978264681152,0.9340568361095161,6.211030006408691,0.8705042600631714,0.14015457326159494,0.06
21,sco_kcal,70,0.4323534071445465,0.015540609136223793,0.6517347559568778,0.9297224750886428,3.597303867340088,1.179471731185913,0.32787659165919614,0.14
21,sco_kcal,71,0.07459697127342224,0.012758489698171616,0.6100422757942361,0.9746315572704438,2.56719708442688,0.19030314683914185,0.0741287640101954,0.02
21,sco_kcal,72,0.7188989520072937,0.030989620834589005,0.6399733752428538,0.9158580006370913,6.245234489440918,5.5382080078125,0.8867894419618964,0.7
21,sco_kcal,73,0.14408813416957855,0.027630915865302086,0.6047427601517827,0.931985625484139,5.39837121963501,0.23542389273643494,0.043610171134609785,0.12
21,sco_kcal,74,0.46432510018348694,0.011812028475105762,0.6112967703540295,0.9145530215712123,2.516127824783325,0.7592839598655701,0.3017668468138956,0.22
21,sco_kcal,75,0.48260533809661865,0.03337138518691063,0.6260562405511225,0.8970686451028189,6.733184814453125,2.844247579574585,0.42242232434631266,0.16
21,sco_kcal,76,0.1734229475259781,0.05788745731115341,0.5965833498798601,0.946565235103205,10.748642921447754,0.9263632297515869,0.08618420358007514,0.06
21,sco_kcal,77,0.512030303478241,0.008928412571549416,0.6441844068010607,0.9278270139848621,2.0295374393463135,0.8883848190307617,0.4377277313577908,0.28
21,sco_kcal,78,0.2944808602333069,0.011703651398420334,0.6498677263541015,0.9368341832259677,2.654874324798584,0.47784343361854553,0.17998721414234847,0.06
21,sco_kcal,79,0.08020414412021637,0.0443909578025341,0.597710950095546,0.9665693400768023,8.546350479125977,0.09749411791563034,0.011407690119163113,0.02
21,sco_kcal,80,0.7105239033699036,0.018553657457232475,0.6431469237965444,0.9104756425412368,3.892385244369507,3.1725986003875732,0.8150782620956818,0.48
21,sco_kcal,81,0.5107706785202026,0.01556568592786789,0.6631864531633582,0.9261365738046219,3.4415435791015625,1.9290207624435425,0.5605103402314394,0.44
21,sco_kcal,82,0.2694113850593567,0.007689036428928375,0.6446610574094309,0.9407434104566352,1.6935079097747803,0.4067241847515106,0.24016668738535793,0.1
21,sco_kcal,83,0.5822418332099915,0.02149530127644539,0.6254917614350661,0.9075133485562179,4.403818607330322,2.723646640777588,0.6184738481834777,0.3
21,sco_kcal,84,0.3125588893890381,0.023290544748306274,0.6499294861523937,0.9344316160795609,5.1070451736450195,0.8025821447372437,0.15715195723722603,0.14
21,sco_kcal,85,0.2706232964992523,0.014189193956553936,0.6451612987694819,0.9548683540091698,3.1214370727539062,0.7609557509422302,0.24378378714867782,0.12
21,sco_kcal,86,0.7889894247055054,0.013726686127483845,0.687564267591412,0.9249852237633149,3.1558337211608887,3.5395662784576416,1.1215946691752805,0.64
21,sco_kcal,87,0.19073964655399323,0.041424766182899475,0.605148642148966,0.9509531914609293,8.066751480102539,0.5199871063232422,0.06446053378560665,0.1
21,sco_kcal,88,0.22121594846248627,0.03431868925690651,0.6229471330258518,0.9551024304023614,7.0795464515686035,1.1241480112075806,0.1587881397343618,0.04
21,sco_kcal,89,0.07846292853355408,0.03559735044836998,0.614644758515859,0.948126511312976,6.94340181350708,0.2519010305404663,0.0362791953146713,0.02
21,sco_kcal,90,0.5438006520271301,0.024583352729678154,0.6296459395121794,0.8922131203398385,5.004118919372559,2.6185896396636963,0.5232868526617726,0.22
21,sco_kcal,91,0.2580065429210663,0.04407987371087074,0.5852185364175035,0.9260625468824608,8.113839149475098,1.198033332824707,0.14765307898693192,0.12
21,sco_kcal,92,0.7615910768508911,0.015418722294270992,0.6686698889742786,0.9006596112398975,3.324873685836792,3.0385172367095947,0.9138744878197897,0.5
21,sco_kcal,93,0.08976007252931595,0.021253159269690514,0.6287554858146376,0.9540751347810759,4.544973373413086,0.09614518284797668,0.02115417956250328,0.04
21,sco_kcal,94,0.7510941028594971,0.01955266296863556,0.6749514513651076,0.9399270952845042,4.374204158782959,4.452237606048584,1.0178394616330246,0.4
21,sco_kcal,95,0.7158411741256714,0.013366546481847763,0.6742358273739422,0.9152018463712162,2.924043655395508,2.698214292526245,0.9227681288367369,0.52
21,sco_kcal,96,0.9556455612182617,0.011119370348751545,0.6846021291057771,0.9215169123694724,2.334873914718628,6.729160308837891,2.882022993369563,0.7
21,sco_kcal,97,0.13382093608379364,0.08373705297708511,0.6365301528900291,0.9171292535368676,17.767841339111328,1.9245885610580444,0.10831864852493692,0.04
21,sco_kcal,98,0.32442691922187805,0.01770433969795704,0.6485989974173545,0.9346911252573107,3.9862048625946045,1.060736060142517,0.26610174256124114,0.04
21,sco_kcal,99,0.03416702151298523,0.02267683856189251,0.6218747105401421,0.969814898999642,4.628308296203613,0.0739607885479927,0.015980091172547714,0.02
21,sco_kcal,100,0.3758200705051422,0.02593887411057949,0.6318903559805475,0.9515715017229818,5.346127986907959,1.7863776683807373,0.3341442017017488,0.12
21,sco_kcal,101,0.042998429387807846,0.022868650034070015,0.6423582511983665,0.9582556480464111,4.999100208282471,0.06331721693277359,0.01266572268902914,0.06
21,sco_kcal,102,0.6067991256713867,0.11250799894332886,0.6867921518302018,0.979114643110665,28.75927734375,3.4945244789123535,0.12150946761086776,0.64
21,sco_kcal,103,0.19511519372463226,0.013403256423771381,0.6520026297579802,0.9631865774370525,3.0155344009399414,0.10234048217535019,0.03393775980252478,0.18
21,sco_kcal,104,0.34755077958106995,0.02883726917207241,0.6122287388178278,0.917652477139177,5.622815132141113,1.5275769233703613,0.2716747549885523,0.14
21,sco_kcal,105,0.7401595115661621,0.013520140200853348,0.6410875779643141,0.917611044896582,2.9404022693634033,2.4247887134552,0.8246452326334813,0.7
21,sco_kcal,106,0.44644227623939514,0.022949235513806343,0.6529083564751679,0.9071566489074412,5.249671936035156,2.2594408988952637,0.4303965898108519,0.04
21,sco_kcal,107,0.21124978363513947,0.02701612375676632,0.6508588870079295,0.939631744328367,6.023204803466797,0.7973503470420837,0.1323797501594417,0.06
21,sco_kcal,108,0.708294153213501,0.018282493576407433,0.6771371503224737,0.910083164071742,4.010337829589844,3.484938621520996,0.8689887908713708,0.58
21,sco_kcal,109,0.27938804030418396,0.2844332158565521,0.6470804263052847,0.9855178515873371,61.761451721191406,1.5762192010879517,0.025521084060709083,0.18
21,sco_kcal,110,0.12292616814374924,0.01749548129737377,0.6505287333542296,0.9603076400314348,3.859863042831421,0.11821898818016052,0.030627767583546284,0.02
21,sco_kcal,111,0.4784396290779114,0.02853279933333397,0.6200964964919942,0.8837071661199523,5.544023513793945,2.688509225845337,0.48493827978112375,0.2
21,sco_kcal,112,0.34994664788246155,0.020033830776810646,0.6391844318139381,0.9233801072233863,4.179712295532227,1.2037688493728638,0.28800280121184296,0.14
21,sco_kcal,113,0.14569416642189026,0.009407466277480125,0.6389258478107085,0.9653403560953271,2.063211441040039,0.09795350581407547,0.047476232375242323,0.1
21,sco_kcal,114,0.09062794595956802,0.01548969466239214,0.6331037747554535,0.9517767587358597,3.312868118286133,0.1460293084383011,0.044079420980345986,0.02
21,sco_kcal,115,0.26230889558792114,0.017603136599063873,0.6497599664683997,0.9354965824345669,3.901287317276001,0.8788862228393555,0.22528108066980848,0.04
21,sco_kcal,116,0.10833093523979187,0.021084966138005257,0.6350424220365769,0.9548315106632321,4.445474147796631,0.16897058486938477,0.03800957541348742,0.02
21,sco_kcal,117,0.09641050547361374,0.01277072262018919,0.6187709644784674,0.9544269887173822,2.635636329650879,0.08285317569971085,0.03143573897795138,0.06
21,sco_kcal,118,0.08644687384366989,0.02712649665772915,0.6064584218039524,0.9535804710505973,5.218236923217773,0.1028066873550415,0.019701421930004435,0.12
21,sco_kcal,119,0.2319134771823883,0.0466119684278965,0.6265123489484277,0.9177735544049088,9.428318977355957,1.7957783937454224,0.19046644455478784,0.06
21,sco_kcal,120,0.17910631000995636,0.0090486453846097,0.6469181304463882,0.9497546021437291,2.0230319499969482,0.11826380342245102,0.05845869286574017,0.1
21,sco_kcal,121,0.4682193696498871,0.027798552066087723,0.6387942631683659,0.9024145574078675,5.890199184417725,2.7803847789764404,0.47203578213990316,0.12
21,sco_kcal,122,0.7271262407302856,0.025762679055333138,0.6717431022624287,0.9262803690011592,5.525508880615234,5.294004440307617,0.9581026027992121,0.58
21,sco_kcal,123,0.6763955950737,0.016190659254789352,0.6805504289061932,0.9000569181984055,3.6264402866363525,2.788109540939331,0.7688281953004107,0.42
21,sco_kcal,124,0.15515393018722534,0.027499202638864517,0.643928976655886,0.9681603154348493,6.009032726287842,0.27720943093299866,0.04613212201695703,0.04
21,sco_kcal,125,0.19397574663162231,0.016911927610635757,0.653753314888283,0.9298356269332637,3.7273507118225098,0.5205825567245483,0.13966556864996651,0.08
21,sco_kcal,126,0.28000399470329285,0.06649122387170792,0.5684949614601833,0.9336537221075416,11.041605949401855,2.2066235542297363,0.19984625102014922,0.24
21,sco_kcal,127,0.3567465841770172,0.04002733901143074,0.6270325610236689,0.8880613174116638,8.23154354095459,2.6192219257354736,0.31819329056622225,0.08
21,sco_kcal,128,0.6869417428970337,0.01805811934173107,0.6896713341466276,0.8953512074190593,4.158660888671875,3.639962673187256,0.8752727790579067,0.4
21,sco_kcal,129,0.15312740206718445,0.005443511065095663,0.6295854949229365,0.9628552653065661,1.1838480234146118,0.08835188299417496,0.07463110234313583,0.06
21,sco_kcal,130,0.24213950335979462,0.030450912192463875,0.6292478598014803,0.9304316399125718,6.189979553222656,1.360148310661316,0.2197338939436705,0.06
21,sco_kcal,131,0.15526343882083893,0.015249377116560936,0.6440979075109774,0.964202214551505,3.355268716812134,0.11465602368116379,0.034171934756420747,0.12
21,sco_kcal,132,0.11034940183162689,0.033364616334438324,0.6294906601871155,0.9420597386336935,6.862017631530762,0.35750290751457214,0.05209880340030856,0.08
21,sco_kcal,133,0.277610182762146,0.036355119198560715,0.6186431702463409,0.9277780602452064,7.266639709472656,1.1914002895355225,0.1639547765086571,0.14
21,sco_kcal,134,0.6465827822685242,0.011868939734995365,0.6587004117530217,0.898132650505846,2.5589611530303955,1.9563848972320557,0.7645230936449536,0.46
21,sco_kcal,135,0.08060568571090698,0.02969801425933838,0.595350824869799,0.9497075971843678,5.487668037414551,0.11533249914646149,0.02101666834803641,0.04
21,sco_kcal,136,0.08351673185825348,0.05806347355246544,0.6428346278892223,0.9373312731457799,12.39172649383545,0.7713200449943542,0.062244760274370585,0.04
21,sco_kcal,137,0.9628662467002869,0.0072729699313640594,0.7706555376260851,0.9057707660507002,1.6814990043640137,5.369785308837891,3.19345137576747,0.86
21,sco_kcal,138,0.09389010816812515,0.021615201607346535,0.6096452770082756,0.941328803261394,4.19545841217041,0.04473607987165451,0.010662977790908783,0.06
21,sco_kcal,139,0.8821931481361389,0.01955038495361805,0.6746060118581503,0.9068253566973141,4.377542018890381,7.768542766571045,1.7746357963093213,0.34
21,sco_kcal,140,0.6614753603935242,0.038034409284591675,0.6661966597338929,0.910060446457785,7.999561309814453,6.3415703773498535,0.7927397680632244,0.58
21,sco_kcal,141,0.6114878058433533,0.02644237130880356,0.623296901146817,0.896337778277283,5.237504482269287,3.509153127670288,0.6700047970459884,0.42
21,sco_kcal,142,0.7234171628952026,0.01854577288031578,0.6760850378810817,0.9040215986755418,4.155247211456299,3.7243282794952393,0.8962952358711687,0.62
21,sco_kcal,143,0.09351566433906555,0.023602664470672607,0.6329325357650519,0.9567240007370854,5.12155818939209,0.3009527623653412,0.058761953147126726,0.02
21,sco_kcal,144,0.32463008165359497,0.022227587178349495,0.6038635737187703,0.9081954596271375,4.349810600280762,0.9939108490943909,0.22849520138422535,0.06
21,sco_kcal,145,0.2588440179824829,0.039527591317892075,0.6273135379959678,0.9249971106062231,8.535548210144043,1.887222170829773,0.22110145996093258,0.06
21,sco_kcal,146,0.2352021336555481,0.03296063095331192,0.6262738441171773,0.9314286107944265,6.73176383972168,1.1058282852172852,0.1642702138022425,0.04
21,sco_kcal,147,0.038100890815258026,0.09423014521598816,0.6184937127634327,0.952969627171494,18.91832160949707,0.030432261526584625,0.0016086131822237082,0.06
21,sco_kcal,148,0.49634891748428345,0.03232807293534279,0.5976039731589446,0.8814080103062143,6.146329879760742,2.8993873596191406,0.4717266102437061,0.34
21,sco_kcal,149,0.9172125458717346,0.01150700356811285,0.7386598884162563,0.9178694864594095,2.5959739685058594,5.467785358428955,2.1062558503142457,0.76
21,sco_kcal,150,0.5455621480941772,0.024649279192090034,0.6487065307651785,0.8812057535781275,5.236551284790039,3.2423360347747803,0.6191739292599676,0.24
21,sco_kcal,151,0.5449927449226379,0.03512418270111084,0.6304094668703946,0.9239299369910048,7.045950412750244,4.320797443389893,0.6132313159018326,0.5
21,sco_kcal,152,0.05160650238394737,0.019874583929777145,0.6322540254167586,0.9520423742174116,4.119572639465332,0.0717003121972084,0.017404793766790865,0.04
21,sco_kcal,153,0.44549334049224854,0.024998154491186142,0.6462152717205634,0.9196524502346368,5.372400760650635,1.833215594291687,0.34122837739857514,0.2
21,sco_kcal,154,0.12200140208005905,0.023978661745786667,0.6018356819141455,0.9547172318806818,4.617404937744141,0.2735040485858917,0.059233281956750726,0.04
21,sco_kcal,155,0.1108526661992073,0.0160738043487072,0.6347388672268586,0.9719761027329437,3.42608642578125,0.0971217080950737,0.028347711068884392,0.02
21,sco_kcal,156,0.23653751611709595,0.026523105800151825,0.6406166032124878,0.9388953362157497,5.758842468261719,0.7893301248550415,0.13706402444679083,0.1
21,sco_kcal,157,0.6041010022163391,0.034658271819353104,0.619857823065342,0.9314159818756216,6.790343761444092,4.307715892791748,0.6343884851973434,0.6
21,sco_kcal,158,0.09954090416431427,0.019223270937800407,0.6362211340151891,0.9608651248676086,4.17299222946167,0.067158043384552,0.016093498308099082,0.04
21,sco_kcal,159,0.4503119885921478,0.024912232533097267,0.6463155852467122,0.9132053280581358,5.318671226501465,2.4000065326690674,0.45124175390095556,0.2
21,sco_kcal,160,0.6165624260902405,0.018506748601794243,0.6303379839308747,0.9106548194597273,3.6806232929229736,2.622699022293091,0.7125692616617306,0.54
21,sco_kcal,161,0.3069484233856201,0.015365181490778923,0.6436234433255956,0.9332378411425946,3.3084795475006104,0.7493232488632202,0.22648568265422592,0.06
21,sco_kcal,162,0.21249157190322876,0.03867239132523537,0.6086627222764263,0.9705896985275742,7.522944450378418,1.0994983911514282,0.14615266647304853,0.06
21,sco_kcal,163,0.18162310123443604,0.016031086444854736,0.6414476951412609,0.9640764512948421,3.5162668228149414,0.1322929710149765,0.037623132054884725,0.1
21,sco_kcal,164,0.07255097478628159,0.04310739412903786,0.5942168670615369,0.9530910334007876,7.9943366050720215,0.15055707097053528,0.018832966186964666,0.04
21,sco_kcal,165,0.18001344799995422,0.01955055259168148,0.6767949255308288,0.9494504388582845,4.452810764312744,0.6602156758308411,0.1482694214454766,0.02
21,sco_kcal,166,0.26607951521873474,0.00500376895070076,0.6498210359224945,0.9431952293250729,1.1306005716323853,0.22700314223766327,0.20078102553044996,0.12
21,sco_kcal,167,0.4481275677680969,0.029283544048666954,0.6771954150652841,0.9018906265454203,6.838124752044678,3.1119985580444336,0.4550953179252704,0.08
21,sco_kcal,168,0.5292626619338989,0.023598141968250275,0.633552791854481,0.8909818336249611,4.878052234649658,2.7755680084228516,0.5689910388223206,0.22
21,sco_kcal,169,0.27473998069763184,0.018240969628095627,0.6440062886558269,0.9170551886612253,4.006550312042236,0.818391740322113,0.20426343776648068,0.06
21,sco_kcal,170,0.6381382942199707,0.024541737511754036,0.6551468409068282,0.9103784847807936,5.103983402252197,3.8617196083068848,0.7566089667538598,0.34
21,sco_kcal,171,0.3163059651851654,0.01162867620587349,0.630355836320986,0.9399653073154257,2.579373359680176,0.6691102385520935,0.25940805972930514,0.08
21,sco_kcal,172,0.26338955760002136,0.07191367447376251,0.6505144434463861,0.9746905946568765,15.732620239257812,0.32249316573143005,0.020498376038258943,0.18
21,sco_kcal,173,0.1511079967021942,0.028104187920689583,0.6498275566000897,0.9702324583337136,6.164546966552734,0.37562042474746704,0.060932364825101996,0.06
21,sco_kcal,174,0.16844911873340607,0.09172466397285461,0.6206965238777116,0.8957213635561616,18.467260360717773,2.7352237701416016,0.14811204892956253,0.02
21,sco_kcal,175,0.4389415979385376,0.025655392557382584,0.6438903049708582,0.9195508377970942,5.482314586639404,1.9917489290237427,0.3633043849540677,0.3
21,sco_kcal,176,0.428202748298645,0.008585179224610329,0.6203009841142633,0.9302151707325319,1.7434659004211426,0.5417143106460571,0.3107111590282342,0.26
21,sco_kcal,177,0.17805740237236023,0.02197444811463356,0.6495028667711857,0.9561779665812851,4.860890865325928,0.18209294974803925,0.03746081835470909,0.1
21,sco_kcal,178,0.32326367497444153,0.02346201241016388,0.6139028215066671,0.9252837923469681,4.758510112762451,0.9779983162879944,0.20552616115388234,0.2
21,sco_kcal,179,0.10434630513191223,0.09255249798297882,0.6305004657015951,0.9208673396788993,18.90568733215332,1.3202584981918335,0.06983393277357552,0.02
21,sco_kcal,180,0.21529464423656464,0.06859085708856583,0.596708917488034,0.9022693522437277,12.931076049804688,2.455803871154785,0.1899148888844311,0.06
21,sco_kcal,181,0.41797736287117004,0.013170989230275154,0.6138861067298433,0.9195095908774928,2.472707748413086,0.8906064629554749,0.3601745752311574,0.28
21,sco_kcal,182,0.27099013328552246,0.03415679559111595,0.6383644132031887,0.9234801875088383,7.320044994354248,1.388800859451294,0.1897257271673109,0.1
21,sco_kcal,183,0.351896733045578,0.017114724963903427,0.6558239826731385,0.9296886709426291,3.894531011581421,0.9261002540588379,0.23779506474716292,0.18
21,sco_kcal,184,0.3387574851512909,0.027896059677004814,0.6476464494042538,0.9165385763076548,6.277345657348633,2.069558620452881,0.32968689847915783,0.08
21,sco_kcal,185,0.21533340215682983,0.03435043618083,0.62638216155249,0.925896327986699,7.138017177581787,1.027190923690796,0.14390423812888428,0.04
21,sco_kcal,186,0.08340562880039215,0.034883737564086914,0.6047701471148776,0.9559508441469324,6.740461349487305,0.07365164160728455,0.010926795331730025,0.14
21,sco_kcal,187,0.10871896892786026,0.029921431094408035,0.6027671373921848,0.9590880978567382,5.784893035888672,0.0889493077993393,0.015376136991213176,0.02
21,sco_kcal,188,0.4268876314163208,0.02450605481863022,0.6444307990222349,0.917327618527769,5.211201190948486,1.686910629272461,0.32370859758830917,0.16
21,sco_kcal,189,0.19222979247570038,0.021092260256409645,0.6123442006354047,0.9373842218027457,4.166453838348389,0.28273752331733704,0.06786047182738407,0.08
21,sco_kcal,190,0.04847736656665802,0.045961976051330566,0.5972409322281587,0.9608059255132799,8.599218368530273,0.13490647077560425,0.01568822478904692,0.04
21,sco_kcal,191,0.1252754032611847,0.01693456619977951,0.6345494741029463,0.9577458809978596,3.6336286067962646,0.12096875160932541,0.03329144629230074,0.06
21,sco_kcal,192,0.1952574998140335,0.012240013107657433,0.650657303525277,0.9751418242847287,2.7550888061523438,0.11988262832164764,0.043513163007283,0.24
21,sco_kcal,193,0.8785483837127686,0.010092771612107754,0.7011404505513601,0.8756345050572909,2.2467079162597656,3.4807844161987305,1.549282125641596,0.8
21,sco_kcal,194,0.08879570662975311,0.022370604798197746,0.603382336725584,0.9528165699827811,4.335224151611328,0.13761764764785767,0.031744067396539934,0.04
21,sco_kcal,195,0.16124701499938965,0.0419447235763073,0.6390147885973463,0.915319332195031,9.381443977355957,1.551446795463562,0.16537398711843268,0.02
21,sco_kcal,196,0.22791580855846405,0.03271877020597458,0.6427584914310802,0.9181147909528811,7.258497714996338,1.4950709342956543,0.20597525727765675,0.04
21,sco_kcal,197,0.22667741775512695,0.034386202692985535,0.6366037109089941,0.906563523218896,7.225874900817871,0.9460446238517761,0.1309245782465313,0.06
21,sco_kcal,198,0.4121024012565613,0.018818505108356476,0.6252211415147739,0.9344606021508495,3.8428425788879395,1.4957774877548218,0.3892372526453262,0.2
21,sco_kcal,199,0.15847840905189514,0.01896590180695057,0.6272579285126367,0.9552800077482246,3.9651167392730713,0.09717513620853424,0.02450750951316239,0.12
21,sco_kcal,200,0.22197893261909485,0.01456160843372345,0.6291983370380365,0.9382604025738559,3.108164072036743,0.4246896803379059,0.13663682820309153,0.08
21,sco_kcal,201,0.45273733139038086,0.0345158725976944,0.6159730612582528,0.9028054579543627,6.728182315826416,3.310642957687378,0.4920560713552446,0.2
21,sco_kcal,202,0.6326515078544617,0.020325230434536934,0.6380973005077419,0.8987593995334724,4.171071529388428,2.8213741779327393,0.6764147193482476,0.4
21,sco_kcal,203,0.21056269109249115,0.033033307641744614,0.5998117782301466,0.937240320649749,6.3186469078063965,0.6430075168609619,0.10176348294862873,0.14
21,sco_kcal,204,0.6163877844810486,0.020549993962049484,0.6217271441301773,0.8991833743383297,3.9742684364318848,2.6735036373138428,0.6727033364948357,0.4
21,sco_kcal,205,0.3183513283729553,0.01505540031939745,0.608703263725499,0.9406666862916158,2.973449230194092,0.9322019219398499,0.31350860558631444,0.18
21,sco_kcal,206,0.11057781428098679,0.030679766088724136,0.6235506415890155,0.9652200021812198,6.31020975112915,0.07430233806371689,0.011774939501879666,0.14
21,sco_kcal,207,0.34145987033843994,0.0337488129734993,0.6201619218953802,0.9140955307420471,6.868175029754639,1.7651680707931519,0.2570068559910028,0.12
21,sco_kcal,208,0.3833702802658081,0.03453684598207474,0.6449372439981798,0.8981267467924949,7.367264747619629,2.8530008792877197,0.3872537470856504,0.1
21,sco_kcal,209,0.13570699095726013,0.021115588024258614,0.6516367696473881,0.9631154847325081,4.636119842529297,0.144093856215477,0.031080701342885188,0.12
21,sco_kcal,210,0.19332759082317352,0.12055035680532455,0.6497413714221953,0.9797305463995856,26.157142639160156,0.6241949200630188,0.023863268579211304,0.22
21,sco_kcal,211,0.37028050422668457,0.029807547107338905,0.621452093673508,0.9275336054827565,6.024379730224609,2.04211688041687,0.3389754583648619,0.1
21,sco_kcal,212,0.1092037558555603,0.040018558502197266,0.6003460133504652,0.9693823349893758,7.433198928833008,0.11688021570444107,0.015724080146848826,0.08
21,sco_kcal,213,0.6968387961387634,0.019589928910136223,0.6551241231414913,0.9176803915204392,4.12581205368042,3.50180721282959,0.8487558733330598,0.58
21,sco_kcal,214,0.08605725318193436,0.021220965310931206,0.6158395727490613,0.9683813392565224,4.271177291870117,0.08179027587175369,0.01914935163834938,0.02
21,sco_kcal,215,0.48177361488342285,0.026533138006925583,0.6253742992784528,0.9128403328306549,5.394740104675293,2.4408414363861084,0.4524483828740479,0.16
21,sco_kcal,216,0.3073357045650482,0.03497391566634178,0.6344598144744364,0.9137358108150422,7.368000507354736,1.7226743698120117,0.23380486579668916,0.1
21,sco_kcal,217,0.7210113406181335,0.015147315338253975,0.6701029611473999,0.8942750185496038,3.3268516063690186,3.1102449893951416,0.9348914100769631,0.48
21,sco_kcal,218,0.2742600440979004,0.055784959346055984,0.5905461391004718,0.8865992688112194,10.120426177978516,2.421259641647339,0.2392448301155405,0.1
21,sco_kcal,219,0.19491612911224365,0.007004922721534967,0.6476975656001072,0.9662314998838821,1.5794414281845093,0.15218248963356018,0.09635209442903275,0.12
21,sco_kcal,220,0.5374517440795898,0.022374169901013374,0.6229126725031702,0.881919189159813,4.51425313949585,2.387477397918701,0.5288753918184868,0.24
21,sco_kcal,221,0.1091499924659729,0.013263317756354809,0.5973044962781093,0.9616659042685813,2.496314287185669,0.09653021395206451,0.03866909485219193,0.02
21,sco_kcal,222,0.22883377969264984,0.03081202134490013,0.6322453702018564,0.9188762587091646,6.362608909606934,0.8283312916755676,0.13018736550424564,0.12
21,sco_kcal,223,0.1282431185245514,0.05381370708346367,0.5748601119559207,0.9166922788384695,9.453476905822754,0.621154248714447,0.06570643318881486,0.06
21,sco_kcal,224,0.33871352672576904,0.0496043898165226,0.6029753173162187,0.9050470172053175,9.465210914611816,3.208548069000244,0.33898326175141885,0.06
21,sco_kcal,225,0.15093018114566803,0.020973268896341324,0.6018711765046636,0.9422228579730207,4.085398197174072,0.298958957195282,0.07317743406311682,0.02
21,sco_kcal,226,0.5367981791496277,0.026078002527356148,0.6672834792398628,0.9065641588573927,5.7126312255859375,3.3837292194366455,0.5923241122727261,0.26
21,sco_kcal,227,0.21981389820575714,0.028635669499635696,0.6324331870531545,0.9457439212418957,6.0722174644470215,0.2557033598423004,0.042110375878243775,0.14
21,sco_kcal,228,0.3450302183628082,0.01875225082039833,0.6457161394227964,0.920090236370743,4.095921993255615,1.0171329975128174,0.2483282150362332,0.16
21,sco_kcal,229,0.1812237948179245,0.010438267141580582,0.6379329414447104,0.9439353667267849,2.282198190689087,0.38045865297317505,0.16670710481034048,0.02
21,sco_kcal,230,0.22474339604377747,0.08751105517148972,0.6490975326387032,0.9730230081773545,19.051366806030273,0.5027034878730774,0.026386741328919147,0.2
21,sco_kcal,231,0.4826774001121521,0.0228023212403059,0.634724021277494,0.9083041421331457,4.695687770843506,2.0313591957092285,0.4326009936866665,0.14
21,sco_kcal,232,0.43899044394493103,0.008918164297938347,0.6207470494234131,0.9390498891681218,1.8180876970291138,0.7311747074127197,0.4021669079041192,0.22
21,sco_kcal,233,0.10230875015258789,0.01341269537806511,0.6119780778581392,0.9718051697629875,2.8137829303741455,0.051572468131780624,0.018328516949572615,0.04
21,sco_kcal,234,0.25292590260505676,0.0324450358748436,0.5886813527844879,0.9177404574522574,6.082582950592041,1.3729372024536133,0.22571614947231916,0.06
21,sco_kcal,235,0.3755609095096588,0.055793460458517075,0.6320479423328988,0.9341848215778861,11.415843963623047,2.838266611099243,0.24862521072848145,0.34
21,sco_kcal,236,0.12976530194282532,0.01743900403380394,0.6452444523622658,0.9537330185180966,3.852004051208496,0.07057349383831024,0.01832124081390026,0.1
21,sco_kcal,237,0.3549215793609619,0.05352705344557762,0.6267111472161577,0.8967403260738434,11.035802841186523,2.717172384262085,0.24621429209675388,0.16
21,sco_kcal,238,0.11830604076385498,0.02353556640446186,0.6245430403444394,0.9577418720187951,4.897360801696777,0.15753048658370972,0.032166404102620026,0.06
21,sco_kcal,239,0.3564831018447876,0.034384965896606445,0.6483447287191348,0.902219784512077,7.541314125061035,2.2815701961517334,0.30254278741283275,0.26
21,sco_kcal,240,0.11485505104064941,0.024639105424284935,0.6247917011331452,0.9698979399984335,5.160398960113525,0.043783824890851974,0.008484581372345824,0.08
21,sco_kcal,241,0.48755577206611633,0.030238471925258636,0.6148405323660517,0.8981796159964968,5.952463150024414,2.739227056503296,0.4601837907206634,0.3
21,sco_kcal,242,0.31881237030029297,0.024334585294127464,0.6403583112868669,0.9293064238716044,5.1715006828308105,1.5950348377227783,0.3084278501631518,0.12
21,sco_kcal,243,0.42835506796836853,0.037864089012145996,0.6137650454553709,0.8973246162070154,7.534340858459473,3.163516044616699,0.41987960248237766,0.12
21,sco_kcal,244,0.051634564995765686,0.0350077860057354,0.5929822599943002,0.9738025763758482,6.484026908874512,0.11843561381101608,0.018265749892079637,0.08
21,sco_kcal,245,0.09801701456308365,0.05926820635795593,0.5922330166449099,0.9489941518147147,10.849431037902832,0.13272663950920105,0.01223351151277116,0.04
21,sco_kcal,246,0.08693947643041611,0.033149607479572296,0.6602036377312164,0.9649563909915893,7.273547172546387,0.1219746321439743,0.01676962137598571,0.06
21,sco_kcal,247,0.39616721868515015,0.029322532936930656,0.6264793724160855,0.9117609913493132,5.924745559692383,1.725380778312683,0.2912160127265054,0.22
21,sco_kcal,248,0.8976179361343384,0.012372352182865143,0.720596317426194,0.9127398164829335,2.7696456909179688,5.070827007293701,1.8308576522699664,0.82
21,sco_kcal,249,0.8830404877662659,0.019158409908413887,0.6566124198723351,0.9048697765469234,3.950269937515259,5.628274440765381,1.4247822376173098,0.62
21,water_gsolv_eV,0,1.0,0.0,0.6704597380464632,0.6704597380464632,,,,1.0
21,water_gsolv_eV,1,1.0,0.0,0.6704597380464632,0.6704597380464632,,,,1.0
21,water_gsolv_eV,2,1.0,0.0,0.6704597380464632,0.6704597380464632,,,,1.0
21,water_gsolv_eV,3,1.0,0.0,0.6704597380464632,0.6704597380464632,,,,1.0
21,water_gsolv_eV,4,1.0,0.0,0.6704597380464632,0.6704597380464632,,,,1.0
21,water_gsolv_eV,5,1.0,0.0,0.6704597380464632,0.6704597380464632,,,,1.0
21,water_gsolv_eV,6,1.0,0.0,0.6704597380464632,0.6704597380464632,,,,1.0
21,water_gsolv_eV,7,1.0,0.0,0.6704597380464632,0.6704597380464632,,,,1.0
21,water_gsolv_eV,8,1.0,0.0,0.6704597380464632,0.6704597380464632,,,,1.0
21,water_gsolv_eV,9,1.0,0.0,0.6704597380464632,0.6704597380464632,,,,1.0
21,water_gsolv_eV,10,1.0,0.0,0.6704597380464632,0.6704597380464632,,,,1.0
21,water_gsolv_eV,11,1.0,0.0,0.6704597380464632,0.6704597380464632,,,,1.0
21,water_gsolv_eV,12,1.0,0.0,0.6704597380464632,0.6704597380464632,,,,1.0
21,water_gsolv_eV,13,1.0,0.0,0.6704597380464632,0.6704597380464632,,,,1.0
21,water_gsolv_eV,14,1.0,0.0,0.6704597380464632,0.6704597380464632,,,,1.0
21,water_gsolv_eV,15,1.0,0.0,0.6704597380464632,0.6704597380464632,,,,1.0
21,water_gsolv_eV,16,1.0,0.0,0.6704597380464632,0.6704597380464632,,,,1.0
21,water_gsolv_eV,17,1.0,0.0,0.6704597380464632,0.6704597380464632,,,,1.0
21,water_gsolv_eV,18,1.0,0.0,0.6704597380464632,0.6704597380464632,,,,1.0
21,water_gsolv_eV,19,1.0,0.0,0.6704597380464632,0.6704597380464632,,,,1.0
21,water_gsolv_eV,20,1.0,0.0,0.6704597380464632,0.6704597380464632,,,,1.0
21,water_gsolv_eV,21,1.0,0.0,0.6704597380464632,0.6704597380464632,,,,1.0
21,water_gsolv_eV,22,1.0,0.0,0.6704597380464632,0.6704597380464632,,,,1.0
21,water_gsolv_eV,23,1.0,0.0,0.6704597380464632,0.6704597380464632,,,,1.0
21,water_gsolv_eV,24,1.0,0.0,0.6704597380464632,0.6704597380464632,,,,1.0
21,water_gsolv_eV,25,1.0,0.0,0.6704597380464632,0.6704597380464632,,,,1.0
21,water_gsolv_eV,26,1.0,0.0,0.6704597380464632,0.6704597380464632,,,,1.0
21,water_gsolv_eV,27,1.0,0.0,0.6704597380464632,0.6704597380464632,,,,1.0
21,water_gsolv_eV,28,1.0,0.0,0.6704597380464632,0.6704597380464632,,,,1.0
21,water_gsolv_eV,29,1.0,0.0,0.6704597380464632,0.6704597380464632,,,,1.0
21,water_gsolv_eV,30,1.0,0.0,0.6704597380464632,0.6704597380464632,,,,1.0
21,water_gsolv_eV,31,1.0,0.0,0.6704597380464632,0.6704597380464632,,,,1.0
21,water_gsolv_eV,32,1.0,0.0,0.6704597380464632,0.6704597380464632,,,,1.0
21,water_gsolv_eV,33,1.0,0.0,0.6704597380464632,0.6704597380464632,,,,1.0
21,water_gsolv_eV,34,1.0,0.0,0.6704597380464632,0.6704597380464632,,,,1.0
21,water_gsolv_eV,35,1.0,0.0,0.6704597380464632,0.6704597380464632,,,,1.0
21,water_gsolv_eV,36,1.0,0.0,0.6704597380464632,0.6704597380464632,,,,1.0
21,water_gsolv_eV,37,1.0,0.0,0.6704597380464632,0.6704597380464632,,,,1.0
21,water_gsolv_eV,38,1.0,0.0,0.6704597380464632,0.6704597380464632,,,,1.0
21,water_gsolv_eV,39,1.0,0.0,0.6704597380464632,0.6704597380464632,,,,1.0
21,water_gsolv_eV,40,1.0,0.0,0.6704597380464632,0.6704597380464632,,,,1.0
21,water_gsolv_eV,41,1.0,0.0,0.6704597380464632,0.6704597380464632,,,,1.0
21,water_gsolv_eV,42,1.0,0.0,0.6704597380464632,0.6704597380464632,,,,1.0
21,water_gsolv_eV,43,1.0,0.0,0.6704597380464632,0.6704597380464632,,,,1.0
21,water_gsolv_eV,44,1.0,0.0,0.6704597380464632,0.6704597380464632,,,,1.0
21,water_gsolv_eV,45,1.0,0.0,0.6704597380464632,0.6704597380464632,,,,1.0
21,water_gsolv_eV,46,1.0,0.0,0.6704597380464632,0.6704597380464632,,,,1.0
21,water_gsolv_eV,47,1.0,0.0,0.6704597380464632,0.6704597380464632,,,,1.0
21,water_gsolv_eV,48,1.0,0.0,0.6704597380464632,0.6704597380464632,,,,1.0
21,water_gsolv_eV,49,1.0,0.0,0.6704597380464632,0.6704597380464632,,,,1.0
21,water_gsolv_eV,50,1.0,0.0,0.6704597380464632,0.6704597380464632,,,,1.0
21,water_gsolv_eV,51,1.0,0.0,0.6704597380464632,0.6704597380464632,,,,1.0
21,water_gsolv_eV,52,1.0,0.0,0.6704597380464632,0.6704597380464632,,,,1.0
21,water_gsolv_eV,53,1.0,0.0,0.6704597380464632,0.6704597380464632,,,,1.0
21,water_gsolv_eV,54,1.0,0.0,0.6704597380464632,0.6704597380464632,,,,1.0
21,water_gsolv_eV,55,1.0,0.0,0.6704597380464632,0.6704597380464632,,,,1.0
21,water_gsolv_eV,56,1.0,0.0,0.6704597380464632,0.6704597380464632,,,,1.0
21,water_gsolv_eV,57,1.0,0.0,0.6704597380464632,0.6704597380464632,,,,1.0
21,water_gsolv_eV,58,1.0,0.0,0.6704597380464632,0.6704597380464632,,,,1.0
21,water_gsolv_eV,59,1.0,0.0,0.6704597380464632,0.6704597380464632,,,,1.0
21,water_gsolv_eV,60,1.0,0.0,0.6704597380464632,0.6704597380464632,,,,1.0
21,water_gsolv_eV,61,1.0,0.0,0.6704597380464632,0.6704597380464632,,,,1.0
21,water_gsolv_eV,62,1.0,0.0,0.6704597380464632,0.6704597380464632,,,,1.0
21,water_gsolv_eV,63,1.0,0.0,0.6704597380464632,0.6704597380464632,,,,1.0
21,water_gsolv_eV,64,1.0,0.0,0.6704597380464632,0.6704597380464632,,,,1.0
21,water_gsolv_eV,65,1.0,0.0,0.6704597380464632,0.6704597380464632,,,,1.0
21,water_gsolv_eV,66,1.0,0.0,0.6704597380464632,0.6704597380464632,,,,1.0
21,water_gsolv_eV,67,1.0,0.0,0.6704597380464632,0.6704597380464632,,,,1.0
21,water_gsolv_eV,68,1.0,0.0,0.6704597380464632,0.6704597380464632,,,,1.0
21,water_gsolv_eV,69,1.0,0.0,0.6704597380464632,0.6704597380464632,,,,1.0
21,water_gsolv_eV,70,1.0,0.0,0.6704597380464632,0.6704597380464632,,,,1.0
21,water_gsolv_eV,71,1.0,0.0,0.6704597380464632,0.6704597380464632,,,,1.0
21,water_gsolv_eV,72,1.0,0.0,0.6704597380464632,0.6704597380464632,,,,1.0
21,water_gsolv_eV,73,1.0,0.0,0.6704597380464632,0.6704597380464632,,,,1.0
21,water_gsolv_eV,74,1.0,0.0,0.6704597380464632,0.6704597380464632,,,,1.0
21,water_gsolv_eV,75,1.0,0.0,0.6704597380464632,0.6704597380464632,,,,1.0
21,water_gsolv_eV,76,1.0,0.0,0.6704597380464632,0.6704597380464632,,,,1.0
21,water_gsolv_eV,77,1.0,0.0,0.6704597380464632,0.6704597380464632,,,,1.0
21,water_gsolv_eV,78,1.0,0.0,0.6704597380464632,0.6704597380464632,,,,1.0
21,water_gsolv_eV,79,1.0,0.0,0.6704597380464632,0.6704597380464632,,,,1.0
21,water_gsolv_eV,80,1.0,0.0,0.6704597380464632,0.6704597380464632,,,,1.0
21,water_gsolv_eV,81,1.0,0.0,0.6704597380464632,0.6704597380464632,,,,1.0
21,water_gsolv_eV,82,1.0,0.0,0.6704597380464632,0.6704597380464632,,,,1.0
21,water_gsolv_eV,83,1.0,0.0,0.6704597380464632,0.6704597380464632,,,,1.0
21,water_gsolv_eV,84,1.0,0.0,0.6704597380464632,0.6704597380464632,,,,1.0
21,water_gsolv_eV,85,1.0,0.0,0.6704597380464632,0.6704597380464632,,,,1.0
21,water_gsolv_eV,86,1.0,0.0,0.6704597380464632,0.6704597380464632,,,,1.0
21,water_gsolv_eV,87,1.0,0.0,0.6704597380464632,0.6704597380464632,,,,1.0
21,water_gsolv_eV,88,1.0,0.0,0.6704597380464632,0.6704597380464632,,,,1.0
21,water_gsolv_eV,89,1.0,0.0,0.6704597380464632,0.6704597380464632,,,,1.0
21,water_gsolv_eV,90,1.0,0.0,0.6704597380464632,0.6704597380464632,,,,1.0
21,water_gsolv_eV,91,1.0,0.0,0.6704597380464632,0.6704597380464632,,,,1.0
21,water_gsolv_eV,92,1.0,0.0,0.6704597380464632,0.6704597380464632,,,,1.0
21,water_gsolv_eV,93,1.0,0.0,0.6704597380464632,0.6704597380464632,,,,1.0
21,water_gsolv_eV,94,1.0,0.0,0.6704597380464632,0.6704597380464632,,,,1.0
21,water_gsolv_eV,95,1.0,0.0,0.6704597380464632,0.6704597380464632,,,,1.0
21,water_gsolv_eV,96,1.0,0.0,0.6704597380464632,0.6704597380464632,,,,1.0
21,water_gsolv_eV,97,1.0,0.0,0.6704597380464632,0.6704597380464632,,,,1.0
21,water_gsolv_eV,98,1.0,0.0,0.6704597380464632,0.6704597380464632,,,,1.0
21,water_gsolv_eV,99,1.0,0.0,0.6704597380464632,0.6704597380464632,,,,1.0
21,water_gsolv_eV,100,1.0,0.0,0.6704597380464632,0.6704597380464632,,,,1.0
21,water_gsolv_eV,101,1.0,0.0,0.6704597380464632,0.6704597380464632,,,,1.0
21,water_gsolv_eV,102,1.0,0.0,0.6704597380464632,0.6704597380464632,,,,1.0
21,water_gsolv_eV,103,1.0,0.0,0.6704597380464632,0.6704597380464632,,,,1.0
21,water_gsolv_eV,104,1.0,0.0,0.6704597380464632,0.6704597380464632,,,,1.0
21,water_gsolv_eV,105,1.0,0.0,0.6704597380464632,0.6704597380464632,,,,1.0
21,water_gsolv_eV,106,1.0,0.0,0.6704597380464632,0.6704597380464632,,,,1.0
21,water_gsolv_eV,107,1.0,0.0,0.6704597380464632,0.6704597380464632,,,,1.0
21,water_gsolv_eV,108,1.0,0.0,0.6704597380464632,0.6704597380464632,,,,1.0
21,water_gsolv_eV,109,1.0,0.0,0.6704597380464632,0.6704597380464632,,,,1.0
21,water_gsolv_eV,110,1.0,0.0,0.6704597380464632,0.6704597380464632,,,,1.0
21,water_gsolv_eV,111,1.0,0.0,0.6704597380464632,0.6704597380464632,,,,1.0
21,water_gsolv_eV,112,1.0,0.0,0.6704597380464632,0.6704597380464632,,,,1.0
21,water_gsolv_eV,113,1.0,0.0,0.6704597380464632,0.6704597380464632,,,,1.0
21,water_gsolv_eV,114,1.0,0.0,0.6704597380464632,0.6704597380464632,,,,1.0
21,water_gsolv_eV,115,1.0,0.0,0.6704597380464632,0.6704597380464632,,,,1.0
21,water_gsolv_eV,116,1.0,0.0,0.6704597380464632,0.6704597380464632,,,,1.0
21,water_gsolv_eV,117,1.0,0.0,0.6704597380464632,0.6704597380464632,,,,1.0
21,water_gsolv_eV,118,1.0,0.0,0.6704597380464632,0.6704597380464632,,,,1.0
21,water_gsolv_eV,119,1.0,0.0,0.6704597380464632,0.6704597380464632,,,,1.0
21,water_gsolv_eV,120,1.0,0.0,0.6704597380464632,0.6704597380464632,,,,1.0
21,water_gsolv_eV,121,1.0,0.0,0.6704597380464632,0.6704597380464632,,,,1.0
21,water_gsolv_eV,122,1.0,0.0,0.6704597380464632,0.6704597380464632,,,,1.0
21,water_gsolv_eV,123,1.0,0.0,0.6704597380464632,0.6704597380464632,,,,1.0
21,water_gsolv_eV,124,1.0,0.0,0.6704597380464632,0.6704597380464632,,,,1.0
21,water_gsolv_eV,125,1.0,0.0,0.6704597380464632,0.6704597380464632,,,,1.0
21,water_gsolv_eV,126,1.0,0.0,0.6704597380464632,0.6704597380464632,,,,1.0
21,water_gsolv_eV,127,1.0,0.0,0.6704597380464632,0.6704597380464632,,,,1.0
21,water_gsolv_eV,128,1.0,0.0,0.6704597380464632,0.6704597380464632,,,,1.0
21,water_gsolv_eV,129,1.0,0.0,0.6704597380464632,0.6704597380464632,,,,1.0
21,water_gsolv_eV,130,1.0,0.0,0.6704597380464632,0.6704597380464632,,,,1.0
21,water_gsolv_eV,131,1.0,0.0,0.6704597380464632,0.6704597380464632,,,,1.0
21,water_gsolv_eV,132,1.0,0.0,0.6704597380464632,0.6704597380464632,,,,1.0
21,water_gsolv_eV,133,1.0,0.0,0.6704597380464632,0.6704597380464632,,,,1.0
21,water_gsolv_eV,134,1.0,0.0,0.6704597380464632,0.6704597380464632,,,,1.0
21,water_gsolv_eV,135,1.0,0.0,0.6704597380464632,0.6704597380464632,,,,1.0
21,water_gsolv_eV,136,1.0,0.0,0.6704597380464632,0.6704597380464632,,,,1.0
21,water_gsolv_eV,137,1.0,0.0,0.6704597380464632,0.6704597380464632,,,,1.0
21,water_gsolv_eV,138,1.0,0.0,0.6704597380464632,0.6704597380464632,,,,1.0
21,water_gsolv_eV,139,1.0,0.0,0.6704597380464632,0.6704597380464632,,,,1.0
21,water_gsolv_eV,140,1.0,0.0,0.6704597380464632,0.6704597380464632,,,,1.0
21,water_gsolv_eV,141,1.0,0.0,0.6704597380464632,0.6704597380464632,,,,1.0
21,water_gsolv_eV,142,1.0,0.0,0.6704597380464632,0.6704597380464632,,,,1.0
21,water_gsolv_eV,143,1.0,0.0,0.6704597380464632,0.6704597380464632,,,,1.0
21,water_gsolv_eV,144,1.0,0.0,0.6704597380464632,0.6704597380464632,,,,1.0
21,water_gsolv_eV,145,1.0,0.0,0.6704597380464632,0.6704597380464632,,,,1.0
21,water_gsolv_eV,146,1.0,0.0,0.6704597380464632,0.6704597380464632,,,,1.0
21,water_gsolv_eV,147,1.0,0.0,0.6704597380464632,0.6704597380464632,,,,1.0
21,water_gsolv_eV,148,1.0,0.0,0.6704597380464632,0.6704597380464632,,,,1.0
21,water_gsolv_eV,149,1.0,0.0,0.6704597380464632,0.6704597380464632,,,,1.0
21,water_gsolv_eV,150,1.0,0.0,0.6704597380464632,0.6704597380464632,,,,1.0
21,water_gsolv_eV,151,1.0,0.0,0.6704597380464632,0.6704597380464632,,,,1.0
21,water_gsolv_eV,152,1.0,0.0,0.6704597380464632,0.6704597380464632,,,,1.0
21,water_gsolv_eV,153,1.0,0.0,0.6704597380464632,0.6704597380464632,,,,1.0
21,water_gsolv_eV,154,1.0,0.0,0.6704597380464632,0.6704597380464632,,,,1.0
21,water_gsolv_eV,155,1.0,0.0,0.6704597380464632,0.6704597380464632,,,,1.0
21,water_gsolv_eV,156,1.0,0.0,0.6704597380464632,0.6704597380464632,,,,1.0
21,water_gsolv_eV,157,1.0,0.0,0.6704597380464632,0.6704597380464632,,,,1.0
21,water_gsolv_eV,158,1.0,0.0,0.6704597380464632,0.6704597380464632,,,,1.0
21,water_gsolv_eV,159,1.0,0.0,0.6704597380464632,0.6704597380464632,,,,1.0
21,water_gsolv_eV,160,1.0,0.0,0.6704597380464632,0.6704597380464632,,,,1.0
21,water_gsolv_eV,161,1.0,0.0,0.6704597380464632,0.6704597380464632,,,,1.0
21,water_gsolv_eV,162,1.0,0.0,0.6704597380464632,0.6704597380464632,,,,1.0
21,water_gsolv_eV,163,1.0,0.0,0.6704597380464632,0.6704597380464632,,,,1.0
21,water_gsolv_eV,164,1.0,0.0,0.6704597380464632,0.6704597380464632,,,,1.0
21,water_gsolv_eV,165,1.0,0.0,0.6704597380464632,0.6704597380464632,,,,1.0
21,water_gsolv_eV,166,1.0,0.0,0.6704597380464632,0.6704597380464632,,,,1.0
21,water_gsolv_eV,167,1.0,0.0,0.6704597380464632,0.6704597380464632,,,,1.0
21,water_gsolv_eV,168,1.0,0.0,0.6704597380464632,0.6704597380464632,,,,1.0
21,water_gsolv_eV,169,1.0,0.0,0.6704597380464632,0.6704597380464632,,,,1.0
21,water_gsolv_eV,170,1.0,0.0,0.6704597380464632,0.6704597380464632,,,,1.0
21,water_gsolv_eV,171,1.0,0.0,0.6704597380464632,0.6704597380464632,,,,1.0
21,water_gsolv_eV,172,1.0,0.0,0.6704597380464632,0.6704597380464632,,,,1.0
21,water_gsolv_eV,173,1.0,0.0,0.6704597380464632,0.6704597380464632,,,,1.0
21,water_gsolv_eV,174,1.0,0.0,0.6704597380464632,0.6704597380464632,,,,1.0
21,water_gsolv_eV,175,1.0,0.0,0.6704597380464632,0.6704597380464632,,,,1.0
21,water_gsolv_eV,176,1.0,0.0,0.6704597380464632,0.6704597380464632,,,,1.0
21,water_gsolv_eV,177,1.0,0.0,0.6704597380464632,0.6704597380464632,,,,1.0
21,water_gsolv_eV,178,1.0,0.0,0.6704597380464632,0.6704597380464632,,,,1.0
21,water_gsolv_eV,179,1.0,0.0,0.6704597380464632,0.6704597380464632,,,,1.0
21,water_gsolv_eV,180,1.0,0.0,0.6704597380464632,0.6704597380464632,,,,1.0
21,water_gsolv_eV,181,1.0,0.0,0.6704597380464632,0.6704597380464632,,,,1.0
21,water_gsolv_eV,182,1.0,0.0,0.6704597380464632,0.6704597380464632,,,,1.0
21,water_gsolv_eV,183,1.0,0.0,0.6704597380464632,0.6704597380464632,,,,1.0
21,water_gsolv_eV,184,1.0,0.0,0.6704597380464632,0.6704597380464632,,,,1.0
21,water_gsolv_eV,185,1.0,0.0,0.6704597380464632,0.6704597380464632,,,,1.0
21,water_gsolv_eV,186,1.0,0.0,0.6704597380464632,0.6704597380464632,,,,1.0
21,water_gsolv_eV,187,1.0,0.0,0.6704597380464632,0.6704597380464632,,,,1.0
21,water_gsolv_eV,188,1.0,0.0,0.6704597380464632,0.6704597380464632,,,,1.0
21,water_gsolv_eV,189,1.0,0.0,0.6704597380464632,0.6704597380464632,,,,1.0
21,water_gsolv_eV,190,1.0,0.0,0.6704597380464632,0.6704597380464632,,,,1.0
21,water_gsolv_eV,191,1.0,0.0,0.6704597380464632,0.6704597380464632,,,,1.0
21,water_gsolv_eV,192,1.0,0.0,0.6704597380464632,0.6704597380464632,,,,1.0
21,water_gsolv_eV,193,1.0,0.0,0.6704597380464632,0.6704597380464632,,,,1.0
21,water_gsolv_eV,194,1.0,0.0,0.6704597380464632,0.6704597380464632,,,,1.0
21,water_gsolv_eV,195,1.0,0.0,0.6704597380464632,0.6704597380464632,,,,1.0
21,water_gsolv_eV,196,1.0,0.0,0.6704597380464632,0.6704597380464632,,,,1.0
21,water_gsolv_eV,197,1.0,0.0,0.6704597380464632,0.6704597380464632,,,,1.0
21,water_gsolv_eV,198,1.0,0.0,0.6704597380464632,0.6704597380464632,,,,1.0
21,water_gsolv_eV,199,1.0,0.0,0.6704597380464632,0.6704597380464632,,,,1.0
21,water_gsolv_eV,200,1.0,0.0,0.6704597380464632,0.6704597380464632,,,,1.0
21,water_gsolv_eV,201,1.0,0.0,0.6704597380464632,0.6704597380464632,,,,1.0
21,water_gsolv_eV,202,1.0,0.0,0.6704597380464632,0.6704597380464632,,,,1.0
21,water_gsolv_eV,203,1.0,0.0,0.6704597380464632,0.6704597380464632,,,,1.0
21,water_gsolv_eV,204,1.0,0.0,0.6704597380464632,0.6704597380464632,,,,1.0
21,water_gsolv_eV,205,1.0,0.0,0.6704597380464632,0.6704597380464632,,,,1.0
21,water_gsolv_eV,206,1.0,0.0,0.6704597380464632,0.6704597380464632,,,,1.0
21,water_gsolv_eV,207,1.0,0.0,0.6704597380464632,0.6704597380464632,,,,1.0
21,water_gsolv_eV,208,1.0,0.0,0.6704597380464632,0.6704597380464632,,,,1.0
21,water_gsolv_eV,209,1.0,0.0,0.6704597380464632,0.6704597380464632,,,,1.0
21,water_gsolv_eV,210,1.0,0.0,0.6704597380464632,0.6704597380464632,,,,1.0
21,water_gsolv_eV,211,1.0,0.0,0.6704597380464632,0.6704597380464632,,,,1.0
21,water_gsolv_eV,212,1.0,0.0,0.6704597380464632,0.6704597380464632,,,,1.0
21,water_gsolv_eV,213,1.0,0.0,0.6704597380464632,0.6704597380464632,,,,1.0
21,water_gsolv_eV,214,1.0,0.0,0.6704597380464632,0.6704597380464632,,,,1.0
21,water_gsolv_eV,215,1.0,0.0,0.6704597380464632,0.6704597380464632,,,,1.0
21,water_gsolv_eV,216,1.0,0.0,0.6704597380464632,0.6704597380464632,,,,1.0
21,water_gsolv_eV,217,1.0,0.0,0.6704597380464632,0.6704597380464632,,,,1.0
21,water_gsolv_eV,218,1.0,0.0,0.6704597380464632,0.6704597380464632,,,,1.0
21,water_gsolv_eV,219,1.0,0.0,0.6704597380464632,0.6704597380464632,,,,1.0
21,water_gsolv_eV,220,1.0,0.0,0.6704597380464632,0.6704597380464632,,,,1.0
21,water_gsolv_eV,221,1.0,0.0,0.6704597380464632,0.6704597380464632,,,,1.0
21,water_gsolv_eV,222,1.0,0.0,0.6704597380464632,0.6704597380464632,,,,1.0
21,water_gsolv_eV,223,1.0,0.0,0.6704597380464632,0.6704597380464632,,,,1.0
21,water_gsolv_eV,224,1.0,0.0,0.6704597380464632,0.6704597380464632,,,,1.0
21,water_gsolv_eV,225,1.0,0.0,0.6704597380464632,0.6704597380464632,,,,1.0
21,water_gsolv_eV,226,1.0,0.0,0.6704597380464632,0.6704597380464632,,,,1.0
21,water_gsolv_eV,227,1.0,0.0,0.6704597380464632,0.6704597380464632,,,,1.0
21,water_gsolv_eV,228,1.0,0.0,0.6704597380464632,0.6704597380464632,,,,1.0
21,water_gsolv_eV,229,1.0,0.0,0.6704597380464632,0.6704597380464632,,,,1.0
21,water_gsolv_eV,230,1.0,0.0,0.6704597380464632,0.6704597380464632,,,,1.0
21,water_gsolv_eV,231,1.0,0.0,0.6704597380464632,0.6704597380464632,,,,1.0
21,water_gsolv_eV,232,1.0,0.0,0.6704597380464632,0.6704597380464632,,,,1.0
21,water_gsolv_eV,233,1.0,0.0,0.6704597380464632,0.6704597380464632,,,,1.0
21,water_gsolv_eV,234,1.0,0.0,0.6704597380464632,0.6704597380464632,,,,1.0
21,water_gsolv_eV,235,1.0,0.0,0.6704597380464632,0.6704597380464632,,,,1.0
21,water_gsolv_eV,236,1.0,0.0,0.6704597380464632,0.6704597380464632,,,,1.0
21,water_gsolv_eV,237,1.0,0.0,0.6704597380464632,0.6704597380464632,,,,1.0
21,water_gsolv_eV,238,1.0,0.0,0.6704597380464632,0.6704597380464632,,,,1.0
21,water_gsolv_eV,239,1.0,0.0,0.6704597380464632,0.6704597380464632,,,,1.0
21,water_gsolv_eV,240,1.0,0.0,0.6704597380464632,0.6704597380464632,,,,1.0
21,water_gsolv_eV,241,1.0,0.0,0.6704597380464632,0.6704597380464632,,,,1.0
21,water_gsolv_eV,242,1.0,0.0,0.6704597380464632,0.6704597380464632,,,,1.0
21,water_gsolv_eV,243,1.0,0.0,0.6704597380464632,0.6704597380464632,,,,1.0
21,water_gsolv_eV,244,1.0,0.0,0.6704597380464632,0.6704597380464632,,,,1.0
21,water_gsolv_eV,245,1.0,0.0,0.6704597380464632,0.6704597380464632,,,,1.0
21,water_gsolv_eV,246,1.0,0.0,0.6704597380464632,0.6704597380464632,,,,1.0
21,water_gsolv_eV,247,1.0,0.0,0.6704597380464632,0.6704597380464632,,,,1.0
21,water_gsolv_eV,248,1.0,0.0,0.6704597380464632,0.6704597380464632,,,,1.0
21,water_gsolv_eV,249,1.0,0.0,0.6704597380464632,0.6704597380464632,,,,1.0
21,water_hl_gap_eV,0,1.0,0.0,0.708316266170419,0.708316266170419,,,,1.0
21,water_hl_gap_eV,1,1.0,0.0,0.708316266170419,0.708316266170419,,,,1.0
21,water_hl_gap_eV,2,1.0,0.0,0.708316266170419,0.708316266170419,,,,1.0
21,water_hl_gap_eV,3,1.0,0.0,0.708316266170419,0.708316266170419,,,,1.0
21,water_hl_gap_eV,4,1.0,0.0,0.708316266170419,0.708316266170419,,,,1.0
21,water_hl_gap_eV,5,1.0,0.0,0.708316266170419,0.708316266170419,,,,1.0
21,water_hl_gap_eV,6,1.0,0.0,0.708316266170419,0.708316266170419,,,,1.0
21,water_hl_gap_eV,7,1.0,0.0,0.708316266170419,0.708316266170419,,,,1.0
21,water_hl_gap_eV,8,1.0,0.0,0.708316266170419,0.708316266170419,,,,1.0
21,water_hl_gap_eV,9,1.0,0.0,0.708316266170419,0.708316266170419,,,,1.0
21,water_hl_gap_eV,10,1.0,0.0,0.708316266170419,0.708316266170419,,,,1.0
21,water_hl_gap_eV,11,1.0,0.0,0.708316266170419,0.708316266170419,,,,1.0
21,water_hl_gap_eV,12,1.0,0.0,0.708316266170419,0.708316266170419,,,,1.0
21,water_hl_gap_eV,13,1.0,0.0,0.708316266170419,0.708316266170419,,,,1.0
21,water_hl_gap_eV,14,1.0,0.0,0.708316266170419,0.708316266170419,,,,1.0
21,water_hl_gap_eV,15,1.0,0.0,0.708316266170419,0.708316266170419,,,,1.0
21,water_hl_gap_eV,16,1.0,0.0,0.708316266170419,0.708316266170419,,,,1.0
21,water_hl_gap_eV,17,1.0,0.0,0.708316266170419,0.708316266170419,,,,1.0
21,water_hl_gap_eV,18,1.0,0.0,0.708316266170419,0.708316266170419,,,,1.0
21,water_hl_gap_eV,19,1.0,0.0,0.708316266170419,0.708316266170419,,,,1.0
21,water_hl_gap_eV,20,1.0,0.0,0.708316266170419,0.708316266170419,,,,1.0
21,water_hl_gap_eV,21,1.0,0.0,0.708316266170419,0.708316266170419,,,,1.0
21,water_hl_gap_eV,22,1.0,0.0,0.708316266170419,0.708316266170419,,,,1.0
21,water_hl_gap_eV,23,1.0,0.0,0.708316266170419,0.708316266170419,,,,1.0
21,water_hl_gap_eV,24,1.0,0.0,0.708316266170419,0.708316266170419,,,,1.0
21,water_hl_gap_eV,25,1.0,0.0,0.708316266170419,0.708316266170419,,,,1.0
21,water_hl_gap_eV,26,1.0,0.0,0.708316266170419,0.708316266170419,,,,1.0
21,water_hl_gap_eV,27,1.0,0.0,0.708316266170419,0.708316266170419,,,,1.0
21,water_hl_gap_eV,28,1.0,0.0,0.708316266170419,0.708316266170419,,,,1.0
21,water_hl_gap_eV,29,1.0,0.0,0.708316266170419,0.708316266170419,,,,1.0
21,water_hl_gap_eV,30,1.0,0.0,0.708316266170419,0.708316266170419,,,,1.0
21,water_hl_gap_eV,31,1.0,0.0,0.708316266170419,0.708316266170419,,,,1.0
21,water_hl_gap_eV,32,1.0,0.0,0.708316266170419,0.708316266170419,,,,1.0
21,water_hl_gap_eV,33,1.0,0.0,0.708316266170419,0.708316266170419,,,,1.0
21,water_hl_gap_eV,34,1.0,0.0,0.708316266170419,0.708316266170419,,,,1.0
21,water_hl_gap_eV,35,1.0,0.0,0.708316266170419,0.708316266170419,,,,1.0
21,water_hl_gap_eV,36,1.0,0.0,0.708316266170419,0.708316266170419,,,,1.0
21,water_hl_gap_eV,37,1.0,0.0,0.708316266170419,0.708316266170419,,,,1.0
21,water_hl_gap_eV,38,1.0,0.0,0.708316266170419,0.708316266170419,,,,1.0
21,water_hl_gap_eV,39,1.0,0.0,0.708316266170419,0.708316266170419,,,,1.0
21,water_hl_gap_eV,40,1.0,0.0,0.708316266170419,0.708316266170419,,,,1.0
21,water_hl_gap_eV,41,1.0,0.0,0.708316266170419,0.708316266170419,,,,1.0
21,water_hl_gap_eV,42,1.0,0.0,0.708316266170419,0.708316266170419,,,,1.0
21,water_hl_gap_eV,43,1.0,0.0,0.708316266170419,0.708316266170419,,,,1.0
21,water_hl_gap_eV,44,1.0,0.0,0.708316266170419,0.708316266170419,,,,1.0
21,water_hl_gap_eV,45,1.0,0.0,0.708316266170419,0.708316266170419,,,,1.0
21,water_hl_gap_eV,46,1.0,0.0,0.708316266170419,0.708316266170419,,,,1.0
21,water_hl_gap_eV,47,1.0,0.0,0.708316266170419,0.708316266170419,,,,1.0
21,water_hl_gap_eV,48,1.0,0.0,0.708316266170419,0.708316266170419,,,,1.0
21,water_hl_gap_eV,49,1.0,0.0,0.708316266170419,0.708316266170419,,,,1.0
21,water_hl_gap_eV,50,1.0,0.0,0.708316266170419,0.708316266170419,,,,1.0
21,water_hl_gap_eV,51,1.0,0.0,0.708316266170419,0.708316266170419,,,,1.0
21,water_hl_gap_eV,52,1.0,0.0,0.708316266170419,0.708316266170419,,,,1.0
21,water_hl_gap_eV,53,1.0,0.0,0.708316266170419,0.708316266170419,,,,1.0
21,water_hl_gap_eV,54,1.0,0.0,0.708316266170419,0.708316266170419,,,,1.0
21,water_hl_gap_eV,55,1.0,0.0,0.708316266170419,0.708316266170419,,,,1.0
21,water_hl_gap_eV,56,1.0,0.0,0.708316266170419,0.708316266170419,,,,1.0
21,water_hl_gap_eV,57,1.0,0.0,0.708316266170419,0.708316266170419,,,,1.0
21,water_hl_gap_eV,58,1.0,0.0,0.708316266170419,0.708316266170419,,,,1.0
21,water_hl_gap_eV,59,1.0,0.0,0.708316266170419,0.708316266170419,,,,1.0
21,water_hl_gap_eV,60,1.0,0.0,0.708316266170419,0.708316266170419,,,,1.0
21,water_hl_gap_eV,61,1.0,0.0,0.708316266170419,0.708316266170419,,,,1.0
21,water_hl_gap_eV,62,1.0,0.0,0.708316266170419,0.708316266170419,,,,1.0
21,water_hl_gap_eV,63,1.0,0.0,0.708316266170419,0.708316266170419,,,,1.0
21,water_hl_gap_eV,64,1.0,0.0,0.708316266170419,0.708316266170419,,,,1.0
21,water_hl_gap_eV,65,1.0,0.0,0.708316266170419,0.708316266170419,,,,1.0
21,water_hl_gap_eV,66,1.0,0.0,0.708316266170419,0.708316266170419,,,,1.0
21,water_hl_gap_eV,67,1.0,0.0,0.708316266170419,0.708316266170419,,,,1.0
21,water_hl_gap_eV,68,1.0,0.0,0.708316266170419,0.708316266170419,,,,1.0
21,water_hl_gap_eV,69,1.0,0.0,0.708316266170419,0.708316266170419,,,,1.0
21,water_hl_gap_eV,70,1.0,0.0,0.708316266170419,0.708316266170419,,,,1.0
21,water_hl_gap_eV,71,1.0,0.0,0.708316266170419,0.708316266170419,,,,1.0
21,water_hl_gap_eV,72,1.0,0.0,0.708316266170419,0.708316266170419,,,,1.0
21,water_hl_gap_eV,73,1.0,0.0,0.708316266170419,0.708316266170419,,,,1.0
21,water_hl_gap_eV,74,1.0,0.0,0.708316266170419,0.708316266170419,,,,1.0
21,water_hl_gap_eV,75,1.0,0.0,0.708316266170419,0.708316266170419,,,,1.0
21,water_hl_gap_eV,76,1.0,0.0,0.708316266170419,0.708316266170419,,,,1.0
21,water_hl_gap_eV,77,1.0,0.0,0.708316266170419,0.708316266170419,,,,1.0
21,water_hl_gap_eV,78,1.0,0.0,0.708316266170419,0.708316266170419,,,,1.0
21,water_hl_gap_eV,79,1.0,0.0,0.708316266170419,0.708316266170419,,,,1.0
21,water_hl_gap_eV,80,1.0,0.0,0.708316266170419,0.708316266170419,,,,1.0
21,water_hl_gap_eV,81,1.0,0.0,0.708316266170419,0.708316266170419,,,,1.0
21,water_hl_gap_eV,82,1.0,0.0,0.708316266170419,0.708316266170419,,,,1.0
21,water_hl_gap_eV,83,1.0,0.0,0.708316266170419,0.708316266170419,,,,1.0
21,water_hl_gap_eV,84,1.0,0.0,0.708316266170419,0.708316266170419,,,,1.0
21,water_hl_gap_eV,85,1.0,0.0,0.708316266170419,0.708316266170419,,,,1.0
21,water_hl_gap_eV,86,1.0,0.0,0.708316266170419,0.708316266170419,,,,1.0
21,water_hl_gap_eV,87,1.0,0.0,0.708316266170419,0.708316266170419,,,,1.0
21,water_hl_gap_eV,88,1.0,0.0,0.708316266170419,0.708316266170419,,,,1.0
21,water_hl_gap_eV,89,1.0,0.0,0.708316266170419,0.708316266170419,,,,1.0
21,water_hl_gap_eV,90,1.0,0.0,0.708316266170419,0.708316266170419,,,,1.0
21,water_hl_gap_eV,91,1.0,0.0,0.708316266170419,0.708316266170419,,,,1.0
21,water_hl_gap_eV,92,1.0,0.0,0.708316266170419,0.708316266170419,,,,1.0
21,water_hl_gap_eV,93,1.0,0.0,0.708316266170419,0.708316266170419,,,,1.0
21,water_hl_gap_eV,94,1.0,0.0,0.708316266170419,0.708316266170419,,,,1.0
21,water_hl_gap_eV,95,1.0,0.0,0.708316266170419,0.708316266170419,,,,1.0
21,water_hl_gap_eV,96,1.0,0.0,0.708316266170419,0.708316266170419,,,,1.0
21,water_hl_gap_eV,97,1.0,0.0,0.708316266170419,0.708316266170419,,,,1.0
21,water_hl_gap_eV,98,1.0,0.0,0.708316266170419,0.708316266170419,,,,1.0
21,water_hl_gap_eV,99,1.0,0.0,0.708316266170419,0.708316266170419,,,,1.0
21,water_hl_gap_eV,100,1.0,0.0,0.708316266170419,0.708316266170419,,,,1.0
21,water_hl_gap_eV,101,1.0,0.0,0.708316266170419,0.708316266170419,,,,1.0
21,water_hl_gap_eV,102,1.0,0.0,0.708316266170419,0.708316266170419,,,,1.0
21,water_hl_gap_eV,103,1.0,0.0,0.708316266170419,0.708316266170419,,,,1.0
21,water_hl_gap_eV,104,1.0,0.0,0.708316266170419,0.708316266170419,,,,1.0
21,water_hl_gap_eV,105,1.0,0.0,0.708316266170419,0.708316266170419,,,,1.0
21,water_hl_gap_eV,106,1.0,0.0,0.708316266170419,0.708316266170419,,,,1.0
21,water_hl_gap_eV,107,1.0,0.0,0.708316266170419,0.708316266170419,,,,1.0
21,water_hl_gap_eV,108,1.0,0.0,0.708316266170419,0.708316266170419,,,,1.0
21,water_hl_gap_eV,109,1.0,0.0,0.708316266170419,0.708316266170419,,,,1.0
21,water_hl_gap_eV,110,1.0,0.0,0.708316266170419,0.708316266170419,,,,1.0
21,water_hl_gap_eV,111,1.0,0.0,0.708316266170419,0.708316266170419,,,,1.0
21,water_hl_gap_eV,112,1.0,0.0,0.708316266170419,0.708316266170419,,,,1.0
21,water_hl_gap_eV,113,1.0,0.0,0.708316266170419,0.708316266170419,,,,1.0
21,water_hl_gap_eV,114,1.0,0.0,0.708316266170419,0.708316266170419,,,,1.0
21,water_hl_gap_eV,115,1.0,0.0,0.708316266170419,0.708316266170419,,,,1.0
21,water_hl_gap_eV,116,1.0,0.0,0.708316266170419,0.708316266170419,,,,1.0
21,water_hl_gap_eV,117,1.0,0.0,0.708316266170419,0.708316266170419,,,,1.0
21,water_hl_gap_eV,118,1.0,0.0,0.708316266170419,0.708316266170419,,,,1.0
21,water_hl_gap_eV,119,1.0,0.0,0.708316266170419,0.708316266170419,,,,1.0
21,water_hl_gap_eV,120,1.0,0.0,0.708316266170419,0.708316266170419,,,,1.0
21,water_hl_gap_eV,121,1.0,0.0,0.708316266170419,0.708316266170419,,,,1.0
21,water_hl_gap_eV,122,1.0,0.0,0.708316266170419,0.708316266170419,,,,1.0
21,water_hl_gap_eV,123,1.0,0.0,0.708316266170419,0.708316266170419,,,,1.0
21,water_hl_gap_eV,124,1.0,0.0,0.708316266170419,0.708316266170419,,,,1.0
21,water_hl_gap_eV,125,1.0,0.0,0.708316266170419,0.708316266170419,,,,1.0
21,water_hl_gap_eV,126,1.0,0.0,0.708316266170419,0.708316266170419,,,,1.0
21,water_hl_gap_eV,127,1.0,0.0,0.708316266170419,0.708316266170419,,,,1.0
21,water_hl_gap_eV,128,1.0,0.0,0.708316266170419,0.708316266170419,,,,1.0
21,water_hl_gap_eV,129,1.0,0.0,0.708316266170419,0.708316266170419,,,,1.0
21,water_hl_gap_eV,130,1.0,0.0,0.708316266170419,0.708316266170419,,,,1.0
21,water_hl_gap_eV,131,1.0,0.0,0.708316266170419,0.708316266170419,,,,1.0
21,water_hl_gap_eV,132,1.0,0.0,0.708316266170419,0.708316266170419,,,,1.0
21,water_hl_gap_eV,133,1.0,0.0,0.708316266170419,0.708316266170419,,,,1.0
21,water_hl_gap_eV,134,1.0,0.0,0.708316266170419,0.708316266170419,,,,1.0
21,water_hl_gap_eV,135,1.0,0.0,0.708316266170419,0.708316266170419,,,,1.0
21,water_hl_gap_eV,136,1.0,0.0,0.708316266170419,0.708316266170419,,,,1.0
21,water_hl_gap_eV,137,1.0,0.0,0.708316266170419,0.708316266170419,,,,1.0
21,water_hl_gap_eV,138,1.0,0.0,0.708316266170419,0.708316266170419,,,,1.0
21,water_hl_gap_eV,139,1.0,0.0,0.708316266170419,0.708316266170419,,,,1.0
21,water_hl_gap_eV,140,1.0,0.0,0.708316266170419,0.708316266170419,,,,1.0
21,water_hl_gap_eV,141,1.0,0.0,0.708316266170419,0.708316266170419,,,,1.0
21,water_hl_gap_eV,142,1.0,0.0,0.708316266170419,0.708316266170419,,,,1.0
21,water_hl_gap_eV,143,1.0,0.0,0.708316266170419,0.708316266170419,,,,1.0
21,water_hl_gap_eV,144,1.0,0.0,0.708316266170419,0.708316266170419,,,,1.0
21,water_hl_gap_eV,145,1.0,0.0,0.708316266170419,0.708316266170419,,,,1.0
21,water_hl_gap_eV,146,1.0,0.0,0.708316266170419,0.708316266170419,,,,1.0
21,water_hl_gap_eV,147,1.0,0.0,0.708316266170419,0.708316266170419,,,,1.0
21,water_hl_gap_eV,148,1.0,0.0,0.708316266170419,0.708316266170419,,,,1.0
21,water_hl_gap_eV,149,1.0,0.0,0.708316266170419,0.708316266170419,,,,1.0
21,water_hl_gap_eV,150,1.0,0.0,0.708316266170419,0.708316266170419,,,,1.0
21,water_hl_gap_eV,151,1.0,0.0,0.708316266170419,0.708316266170419,,,,1.0
21,water_hl_gap_eV,152,1.0,0.0,0.708316266170419,0.708316266170419,,,,1.0
21,water_hl_gap_eV,153,1.0,0.0,0.708316266170419,0.708316266170419,,,,1.0
21,water_hl_gap_eV,154,1.0,0.0,0.708316266170419,0.708316266170419,,,,1.0
21,water_hl_gap_eV,155,1.0,0.0,0.708316266170419,0.708316266170419,,,,1.0
21,water_hl_gap_eV,156,1.0,0.0,0.708316266170419,0.708316266170419,,,,1.0
21,water_hl_gap_eV,157,1.0,0.0,0.708316266170419,0.708316266170419,,,,1.0
21,water_hl_gap_eV,158,1.0,0.0,0.708316266170419,0.708316266170419,,,,1.0
21,water_hl_gap_eV,159,1.0,0.0,0.708316266170419,0.708316266170419,,,,1.0
21,water_hl_gap_eV,160,1.0,0.0,0.708316266170419,0.708316266170419,,,,1.0
21,water_hl_gap_eV,161,1.0,0.0,0.708316266170419,0.708316266170419,,,,1.0
21,water_hl_gap_eV,162,1.0,0.0,0.708316266170419,0.708316266170419,,,,1.0
21,water_hl_gap_eV,163,1.0,0.0,0.708316266170419,0.708316266170419,,,,1.0
21,water_hl_gap_eV,164,1.0,0.0,0.708316266170419,0.708316266170419,,,,1.0
21,water_hl_gap_eV,165,1.0,0.0,0.708316266170419,0.708316266170419,,,,1.0
21,water_hl_gap_eV,166,1.0,0.0,0.708316266170419,0.708316266170419,,,,1.0
21,water_hl_gap_eV,167,1.0,0.0,0.708316266170419,0.708316266170419,,,,1.0
21,water_hl_gap_eV,168,1.0,0.0,0.708316266170419,0.708316266170419,,,,1.0
21,water_hl_gap_eV,169,1.0,0.0,0.708316266170419,0.708316266170419,,,,1.0
21,water_hl_gap_eV,170,1.0,0.0,0.708316266170419,0.708316266170419,,,,1.0
21,water_hl_gap_eV,171,1.0,0.0,0.708316266170419,0.708316266170419,,,,1.0
21,water_hl_gap_eV,172,1.0,0.0,0.708316266170419,0.708316266170419,,,,1.0
21,water_hl_gap_eV,173,1.0,0.0,0.708316266170419,0.708316266170419,,,,1.0
21,water_hl_gap_eV,174,1.0,0.0,0.708316266170419,0.708316266170419,,,,1.0
21,water_hl_gap_eV,175,1.0,0.0,0.708316266170419,0.708316266170419,,,,1.0
21,water_hl_gap_eV,176,1.0,0.0,0.708316266170419,0.708316266170419,,,,1.0
21,water_hl_gap_eV,177,1.0,0.0,0.708316266170419,0.708316266170419,,,,1.0
21,water_hl_gap_eV,178,1.0,0.0,0.708316266170419,0.708316266170419,,,,1.0
21,water_hl_gap_eV,179,1.0,0.0,0.708316266170419,0.708316266170419,,,,1.0
21,water_hl_gap_eV,180,1.0,0.0,0.708316266170419,0.708316266170419,,,,1.0
21,water_hl_gap_eV,181,1.0,0.0,0.708316266170419,0.708316266170419,,,,1.0
21,water_hl_gap_eV,182,1.0,0.0,0.708316266170419,0.708316266170419,,,,1.0
21,water_hl_gap_eV,183,1.0,0.0,0.708316266170419,0.708316266170419,,,,1.0
21,water_hl_gap_eV,184,1.0,0.0,0.708316266170419,0.708316266170419,,,,1.0
21,water_hl_gap_eV,185,1.0,0.0,0.708316266170419,0.708316266170419,,,,1.0
21,water_hl_gap_eV,186,1.0,0.0,0.708316266170419,0.708316266170419,,,,1.0
21,water_hl_gap_eV,187,1.0,0.0,0.708316266170419,0.708316266170419,,,,1.0
21,water_hl_gap_eV,188,1.0,0.0,0.708316266170419,0.708316266170419,,,,1.0
21,water_hl_gap_eV,189,1.0,0.0,0.708316266170419,0.708316266170419,,,,1.0
21,water_hl_gap_eV,190,1.0,0.0,0.708316266170419,0.708316266170419,,,,1.0
21,water_hl_gap_eV,191,1.0,0.0,0.708316266170419,0.708316266170419,,,,1.0
21,water_hl_gap_eV,192,1.0,0.0,0.708316266170419,0.708316266170419,,,,1.0
21,water_hl_gap_eV,193,1.0,0.0,0.708316266170419,0.708316266170419,,,,1.0
21,water_hl_gap_eV,194,1.0,0.0,0.708316266170419,0.708316266170419,,,,1.0
21,water_hl_gap_eV,195,1.0,0.0,0.708316266170419,0.708316266170419,,,,1.0
21,water_hl_gap_eV,196,1.0,0.0,0.708316266170419,0.708316266170419,,,,1.0
21,water_hl_gap_eV,197,1.0,0.0,0.708316266170419,0.708316266170419,,,,1.0
21,water_hl_gap_eV,198,1.0,0.0,0.708316266170419,0.708316266170419,,,,1.0
21,water_hl_gap_eV,199,1.0,0.0,0.708316266170419,0.708316266170419,,,,1.0
21,water_hl_gap_eV,200,1.0,0.0,0.708316266170419,0.708316266170419,,,,1.0
21,water_hl_gap_eV,201,1.0,0.0,0.708316266170419,0.708316266170419,,,,1.0
21,water_hl_gap_eV,202,1.0,0.0,0.708316266170419,0.708316266170419,,,,1.0
21,water_hl_gap_eV,203,1.0,0.0,0.708316266170419,0.708316266170419,,,,1.0
21,water_hl_gap_eV,204,1.0,0.0,0.708316266170419,0.708316266170419,,,,1.0
21,water_hl_gap_eV,205,1.0,0.0,0.708316266170419,0.708316266170419,,,,1.0
21,water_hl_gap_eV,206,1.0,0.0,0.708316266170419,0.708316266170419,,,,1.0
21,water_hl_gap_eV,207,1.0,0.0,0.708316266170419,0.708316266170419,,,,1.0
21,water_hl_gap_eV,208,1.0,0.0,0.708316266170419,0.708316266170419,,,,1.0
21,water_hl_gap_eV,209,1.0,0.0,0.708316266170419,0.708316266170419,,,,1.0
21,water_hl_gap_eV,210,1.0,0.0,0.708316266170419,0.708316266170419,,,,1.0
21,water_hl_gap_eV,211,1.0,0.0,0.708316266170419,0.708316266170419,,,,1.0
21,water_hl_gap_eV,212,1.0,0.0,0.708316266170419,0.708316266170419,,,,1.0
21,water_hl_gap_eV,213,1.0,0.0,0.708316266170419,0.708316266170419,,,,1.0
21,water_hl_gap_eV,214,1.0,0.0,0.708316266170419,0.708316266170419,,,,1.0
21,water_hl_gap_eV,215,1.0,0.0,0.708316266170419,0.708316266170419,,,,1.0
21,water_hl_gap_eV,216,1.0,0.0,0.708316266170419,0.708316266170419,,,,1.0
21,water_hl_gap_eV,217,1.0,0.0,0.708316266170419,0.708316266170419,,,,1.0
21,water_hl_gap_eV,218,1.0,0.0,0.708316266170419,0.708316266170419,,,,1.0
21,water_hl_gap_eV,219,1.0,0.0,0.708316266170419,0.708316266170419,,,,1.0
21,water_hl_gap_eV,220,1.0,0.0,0.708316266170419,0.708316266170419,,,,1.0
21,water_hl_gap_eV,221,1.0,0.0,0.708316266170419,0.708316266170419,,,,1.0
21,water_hl_gap_eV,222,1.0,0.0,0.708316266170419,0.708316266170419,,,,1.0
21,water_hl_gap_eV,223,1.0,0.0,0.708316266170419,0.708316266170419,,,,1.0
21,water_hl_gap_eV,224,1.0,0.0,0.708316266170419,0.708316266170419,,,,1.0
21,water_hl_gap_eV,225,1.0,0.0,0.708316266170419,0.708316266170419,,,,1.0
21,water_hl_gap_eV,226,1.0,0.0,0.708316266170419,0.708316266170419,,,,1.0
21,water_hl_gap_eV,227,1.0,0.0,0.708316266170419,0.708316266170419,,,,1.0
21,water_hl_gap_eV,228,1.0,0.0,0.708316266170419,0.708316266170419,,,,1.0
21,water_hl_gap_eV,229,1.0,0.0,0.708316266170419,0.708316266170419,,,,1.0
21,water_hl_gap_eV,230,1.0,0.0,0.708316266170419,0.708316266170419,,,,1.0
21,water_hl_gap_eV,231,1.0,0.0,0.708316266170419,0.708316266170419,,,,1.0
21,water_hl_gap_eV,232,1.0,0.0,0.708316266170419,0.708316266170419,,,,1.0
21,water_hl_gap_eV,233,1.0,0.0,0.708316266170419,0.708316266170419,,,,1.0
21,water_hl_gap_eV,234,1.0,0.0,0.708316266170419,0.708316266170419,,,,1.0
21,water_hl_gap_eV,235,1.0,0.0,0.708316266170419,0.708316266170419,,,,1.0
21,water_hl_gap_eV,236,1.0,0.0,0.708316266170419,0.708316266170419,,,,1.0
21,water_hl_gap_eV,237,1.0,0.0,0.708316266170419,0.708316266170419,,,,1.0
21,water_hl_gap_eV,238,1.0,0.0,0.708316266170419,0.708316266170419,,,,1.0
21,water_hl_gap_eV,239,1.0,0.0,0.708316266170419,0.708316266170419,,,,1.0
21,water_hl_gap_eV,240,1.0,0.0,0.708316266170419,0.708316266170419,,,,1.0
21,water_hl_gap_eV,241,1.0,0.0,0.708316266170419,0.708316266170419,,,,1.0
21,water_hl_gap_eV,242,1.0,0.0,0.708316266170419,0.708316266170419,,,,1.0
21,water_hl_gap_eV,243,1.0,0.0,0.708316266170419,0.708316266170419,,,,1.0
21,water_hl_gap_eV,244,1.0,0.0,0.708316266170419,0.708316266170419,,,,1.0
21,water_hl_gap_eV,245,1.0,0.0,0.708316266170419,0.708316266170419,,,,1.0
21,water_hl_gap_eV,246,1.0,0.0,0.708316266170419,0.708316266170419,,,,1.0
21,water_hl_gap_eV,247,1.0,0.0,0.708316266170419,0.708316266170419,,,,1.0
21,water_hl_gap_eV,248,1.0,0.0,0.708316266170419,0.708316266170419,,,,1.0
21,water_hl_gap_eV,249,1.0,0.0,0.708316266170419,0.708316266170419,,,,1.0
21,water_dipole,0,0.9999998807907104,0.0,0.6094734288196886,0.6094734288196886,,,,1.0
21,water_dipole,1,0.9999998807907104,0.0,0.6094734288196886,0.6094734288196886,,,,1.0
21,water_dipole,2,0.9999998807907104,0.0,0.6094734288196886,0.6094734288196886,,,,1.0
21,water_dipole,3,0.9999998807907104,0.0,0.6094734288196886,0.6094734288196886,,,,1.0
21,water_dipole,4,0.9999998807907104,0.0,0.6094734288196886,0.6094734288196886,,,,1.0
21,water_dipole,5,0.9999998807907104,0.0,0.6094734288196886,0.6094734288196886,,,,1.0
21,water_dipole,6,0.9999998807907104,0.0,0.6094734288196886,0.6094734288196886,,,,1.0
21,water_dipole,7,0.9999998807907104,0.0,0.6094734288196886,0.6094734288196886,,,,1.0
21,water_dipole,8,0.9999998807907104,0.0,0.6094734288196886,0.6094734288196886,,,,1.0
21,water_dipole,9,0.9999998807907104,0.0,0.6094734288196886,0.6094734288196886,,,,1.0
21,water_dipole,10,0.9999998807907104,0.0,0.6094734288196886,0.6094734288196886,,,,1.0
21,water_dipole,11,0.9999998807907104,0.0,0.6094734288196886,0.6094734288196886,,,,1.0
21,water_dipole,12,0.9999998807907104,0.0,0.6094734288196886,0.6094734288196886,,,,1.0
21,water_dipole,13,0.9999998807907104,0.0,0.6094734288196886,0.6094734288196886,,,,1.0
21,water_dipole,14,0.9999998807907104,0.0,0.6094734288196886,0.6094734288196886,,,,1.0
21,water_dipole,15,0.9999998807907104,0.0,0.6094734288196886,0.6094734288196886,,,,1.0
21,water_dipole,16,0.9999998807907104,0.0,0.6094734288196886,0.6094734288196886,,,,1.0
21,water_dipole,17,0.9999998807907104,0.0,0.6094734288196886,0.6094734288196886,,,,1.0
21,water_dipole,18,0.9999998807907104,0.0,0.6094734288196886,0.6094734288196886,,,,1.0
21,water_dipole,19,0.9999998807907104,0.0,0.6094734288196886,0.6094734288196886,,,,1.0
21,water_dipole,20,0.9999998807907104,0.0,0.6094734288196886,0.6094734288196886,,,,1.0
21,water_dipole,21,0.9999998807907104,0.0,0.6094734288196886,0.6094734288196886,,,,1.0
21,water_dipole,22,0.9999998807907104,0.0,0.6094734288196886,0.6094734288196886,,,,1.0
21,water_dipole,23,0.9999998807907104,0.0,0.6094734288196886,0.6094734288196886,,,,1.0
21,water_dipole,24,0.9999998807907104,0.0,0.6094734288196886,0.6094734288196886,,,,1.0
21,water_dipole,25,0.9999998807907104,0.0,0.6094734288196886,0.6094734288196886,,,,1.0
21,water_dipole,26,0.9999998807907104,0.0,0.6094734288196886,0.6094734288196886,,,,1.0
21,water_dipole,27,0.9999998807907104,0.0,0.6094734288196886,0.6094734288196886,,,,1.0
21,water_dipole,28,0.9999998807907104,0.0,0.6094734288196886,0.6094734288196886,,,,1.0
21,water_dipole,29,0.9999998807907104,0.0,0.6094734288196886,0.6094734288196886,,,,1.0
21,water_dipole,30,0.9999998807907104,0.0,0.6094734288196886,0.6094734288196886,,,,1.0
21,water_dipole,31,0.9999998807907104,0.0,0.6094734288196886,0.6094734288196886,,,,1.0
21,water_dipole,32,0.9999998807907104,0.0,0.6094734288196886,0.6094734288196886,,,,1.0
21,water_dipole,33,0.9999998807907104,0.0,0.6094734288196886,0.6094734288196886,,,,1.0
21,water_dipole,34,0.9999998807907104,0.0,0.6094734288196886,0.6094734288196886,,,,1.0
21,water_dipole,35,0.9999998807907104,0.0,0.6094734288196886,0.6094734288196886,,,,1.0
21,water_dipole,36,0.9999998807907104,0.0,0.6094734288196886,0.6094734288196886,,,,1.0
21,water_dipole,37,0.9999998807907104,0.0,0.6094734288196886,0.6094734288196886,,,,1.0
21,water_dipole,38,0.9999998807907104,0.0,0.6094734288196886,0.6094734288196886,,,,1.0
21,water_dipole,39,0.9999998807907104,0.0,0.6094734288196886,0.6094734288196886,,,,1.0
21,water_dipole,40,0.9999998807907104,0.0,0.6094734288196886,0.6094734288196886,,,,1.0
21,water_dipole,41,0.9999998807907104,0.0,0.6094734288196886,0.6094734288196886,,,,1.0
21,water_dipole,42,0.9999998807907104,0.0,0.6094734288196886,0.6094734288196886,,,,1.0
21,water_dipole,43,0.9999998807907104,0.0,0.6094734288196886,0.6094734288196886,,,,1.0
21,water_dipole,44,0.9999998807907104,0.0,0.6094734288196886,0.6094734288196886,,,,1.0
21,water_dipole,45,0.9999998807907104,0.0,0.6094734288196886,0.6094734288196886,,,,1.0
21,water_dipole,46,0.9999998807907104,0.0,0.6094734288196886,0.6094734288196886,,,,1.0
21,water_dipole,47,0.9999998807907104,0.0,0.6094734288196886,0.6094734288196886,,,,1.0
21,water_dipole,48,0.9999998807907104,0.0,0.6094734288196886,0.6094734288196886,,,,1.0
21,water_dipole,49,0.9999998807907104,0.0,0.6094734288196886,0.6094734288196886,,,,1.0
21,water_dipole,50,0.9999998807907104,0.0,0.6094734288196886,0.6094734288196886,,,,1.0
21,water_dipole,51,0.9999998807907104,0.0,0.6094734288196886,0.6094734288196886,,,,1.0
21,water_dipole,52,0.9999998807907104,0.0,0.6094734288196886,0.6094734288196886,,,,1.0
21,water_dipole,53,0.9999998807907104,0.0,0.6094734288196886,0.6094734288196886,,,,1.0
21,water_dipole,54,0.9999998807907104,0.0,0.6094734288196886,0.6094734288196886,,,,1.0
21,water_dipole,55,0.9999998807907104,0.0,0.6094734288196886,0.6094734288196886,,,,1.0
21,water_dipole,56,0.9999998807907104,0.0,0.6094734288196886,0.6094734288196886,,,,1.0
21,water_dipole,57,0.9999998807907104,0.0,0.6094734288196886,0.6094734288196886,,,,1.0
21,water_dipole,58,0.9999998807907104,0.0,0.6094734288196886,0.6094734288196886,,,,1.0
21,water_dipole,59,0.9999998807907104,0.0,0.6094734288196886,0.6094734288196886,,,,1.0
21,water_dipole,60,0.9999998807907104,0.0,0.6094734288196886,0.6094734288196886,,,,1.0
21,water_dipole,61,0.9999998807907104,0.0,0.6094734288196886,0.6094734288196886,,,,1.0
21,water_dipole,62,0.9999998807907104,0.0,0.6094734288196886,0.6094734288196886,,,,1.0
21,water_dipole,63,0.9999998807907104,0.0,0.6094734288196886,0.6094734288196886,,,,1.0
21,water_dipole,64,0.9999998807907104,0.0,0.6094734288196886,0.6094734288196886,,,,1.0
21,water_dipole,65,0.9999998807907104,0.0,0.6094734288196886,0.6094734288196886,,,,1.0
21,water_dipole,66,0.9999998807907104,0.0,0.6094734288196886,0.6094734288196886,,,,1.0
21,water_dipole,67,0.9999998807907104,0.0,0.6094734288196886,0.6094734288196886,,,,1.0
21,water_dipole,68,0.9999998807907104,0.0,0.6094734288196886,0.6094734288196886,,,,1.0
21,water_dipole,69,0.9999998807907104,0.0,0.6094734288196886,0.6094734288196886,,,,1.0
21,water_dipole,70,0.9999998807907104,0.0,0.6094734288196886,0.6094734288196886,,,,1.0
21,water_dipole,71,0.9999998807907104,0.0,0.6094734288196886,0.6094734288196886,,,,1.0
21,water_dipole,72,0.9999998807907104,0.0,0.6094734288196886,0.6094734288196886,,,,1.0
21,water_dipole,73,0.9999998807907104,0.0,0.6094734288196886,0.6094734288196886,,,,1.0
21,water_dipole,74,0.9999998807907104,0.0,0.6094734288196886,0.6094734288196886,,,,1.0
21,water_dipole,75,0.9999998807907104,0.0,0.6094734288196886,0.6094734288196886,,,,1.0
21,water_dipole,76,0.9999998807907104,0.0,0.6094734288196886,0.6094734288196886,,,,1.0
21,water_dipole,77,0.9999998807907104,0.0,0.6094734288196886,0.6094734288196886,,,,1.0
21,water_dipole,78,0.9999998807907104,0.0,0.6094734288196886,0.6094734288196886,,,,1.0
21,water_dipole,79,0.9999998807907104,0.0,0.6094734288196886,0.6094734288196886,,,,1.0
21,water_dipole,80,0.9999998807907104,0.0,0.6094734288196886,0.6094734288196886,,,,1.0
21,water_dipole,81,0.9999998807907104,0.0,0.6094734288196886,0.6094734288196886,,,,1.0
21,water_dipole,82,0.9999998807907104,0.0,0.6094734288196886,0.6094734288196886,,,,1.0
21,water_dipole,83,0.9999998807907104,0.0,0.6094734288196886,0.6094734288196886,,,,1.0
21,water_dipole,84,0.9999998807907104,0.0,0.6094734288196886,0.6094734288196886,,,,1.0
21,water_dipole,85,0.9999998807907104,0.0,0.6094734288196886,0.6094734288196886,,,,1.0
21,water_dipole,86,0.9999998807907104,0.0,0.6094734288196886,0.6094734288196886,,,,1.0
21,water_dipole,87,0.9999998807907104,0.0,0.6094734288196886,0.6094734288196886,,,,1.0
21,water_dipole,88,0.9999998807907104,0.0,0.6094734288196886,0.6094734288196886,,,,1.0
21,water_dipole,89,0.9999998807907104,0.0,0.6094734288196886,0.6094734288196886,,,,1.0
21,water_dipole,90,0.9999998807907104,0.0,0.6094734288196886,0.6094734288196886,,,,1.0
21,water_dipole,91,0.9999998807907104,0.0,0.6094734288196886,0.6094734288196886,,,,1.0
21,water_dipole,92,0.9999998807907104,0.0,0.6094734288196886,0.6094734288196886,,,,1.0
21,water_dipole,93,0.9999998807907104,0.0,0.6094734288196886,0.6094734288196886,,,,1.0
21,water_dipole,94,0.9999998807907104,0.0,0.6094734288196886,0.6094734288196886,,,,1.0
21,water_dipole,95,0.9999998807907104,0.0,0.6094734288196886,0.6094734288196886,,,,1.0
21,water_dipole,96,0.9999998807907104,0.0,0.6094734288196886,0.6094734288196886,,,,1.0
21,water_dipole,97,0.9999998807907104,0.0,0.6094734288196886,0.6094734288196886,,,,1.0
21,water_dipole,98,0.9999998807907104,0.0,0.6094734288196886,0.6094734288196886,,,,1.0
21,water_dipole,99,0.9999998807907104,0.0,0.6094734288196886,0.6094734288196886,,,,1.0
21,water_dipole,100,0.9999998807907104,0.0,0.6094734288196886,0.6094734288196886,,,,1.0
21,water_dipole,101,0.9999998807907104,0.0,0.6094734288196886,0.6094734288196886,,,,1.0
21,water_dipole,102,0.9999998807907104,0.0,0.6094734288196886,0.6094734288196886,,,,1.0
21,water_dipole,103,0.9999998807907104,0.0,0.6094734288196886,0.6094734288196886,,,,1.0
21,water_dipole,104,0.9999998807907104,0.0,0.6094734288196886,0.6094734288196886,,,,1.0
21,water_dipole,105,0.9999998807907104,0.0,0.6094734288196886,0.6094734288196886,,,,1.0
21,water_dipole,106,0.9999998807907104,0.0,0.6094734288196886,0.6094734288196886,,,,1.0
21,water_dipole,107,0.9999998807907104,0.0,0.6094734288196886,0.6094734288196886,,,,1.0
21,water_dipole,108,0.9999998807907104,0.0,0.6094734288196886,0.6094734288196886,,,,1.0
21,water_dipole,109,0.9999998807907104,0.0,0.6094734288196886,0.6094734288196886,,,,1.0
21,water_dipole,110,0.9999998807907104,0.0,0.6094734288196886,0.6094734288196886,,,,1.0
21,water_dipole,111,0.9999998807907104,0.0,0.6094734288196886,0.6094734288196886,,,,1.0
21,water_dipole,112,0.9999998807907104,0.0,0.6094734288196886,0.6094734288196886,,,,1.0
21,water_dipole,113,0.9999998807907104,0.0,0.6094734288196886,0.6094734288196886,,,,1.0
21,water_dipole,114,0.9999998807907104,0.0,0.6094734288196886,0.6094734288196886,,,,1.0
21,water_dipole,115,0.9999998807907104,0.0,0.6094734288196886,0.6094734288196886,,,,1.0
21,water_dipole,116,0.9999998807907104,0.0,0.6094734288196886,0.6094734288196886,,,,1.0
21,water_dipole,117,0.9999998807907104,0.0,0.6094734288196886,0.6094734288196886,,,,1.0
21,water_dipole,118,0.9999998807907104,0.0,0.6094734288196886,0.6094734288196886,,,,1.0
21,water_dipole,119,0.9999998807907104,0.0,0.6094734288196886,0.6094734288196886,,,,1.0
21,water_dipole,120,0.9999998807907104,0.0,0.6094734288196886,0.6094734288196886,,,,1.0
21,water_dipole,121,0.9999998807907104,0.0,0.6094734288196886,0.6094734288196886,,,,1.0
21,water_dipole,122,0.9999998807907104,0.0,0.6094734288196886,0.6094734288196886,,,,1.0
21,water_dipole,123,0.9999998807907104,0.0,0.6094734288196886,0.6094734288196886,,,,1.0
21,water_dipole,124,0.9999998807907104,0.0,0.6094734288196886,0.6094734288196886,,,,1.0
21,water_dipole,125,0.9999998807907104,0.0,0.6094734288196886,0.6094734288196886,,,,1.0
21,water_dipole,126,0.9999998807907104,0.0,0.6094734288196886,0.6094734288196886,,,,1.0
21,water_dipole,127,0.9999998807907104,0.0,0.6094734288196886,0.6094734288196886,,,,1.0
21,water_dipole,128,0.9999998807907104,0.0,0.6094734288196886,0.6094734288196886,,,,1.0
21,water_dipole,129,0.9999998807907104,0.0,0.6094734288196886,0.6094734288196886,,,,1.0
21,water_dipole,130,0.9999998807907104,0.0,0.6094734288196886,0.6094734288196886,,,,1.0
21,water_dipole,131,0.9999998807907104,0.0,0.6094734288196886,0.6094734288196886,,,,1.0
21,water_dipole,132,0.9999998807907104,0.0,0.6094734288196886,0.6094734288196886,,,,1.0
21,water_dipole,133,0.9999998807907104,0.0,0.6094734288196886,0.6094734288196886,,,,1.0
21,water_dipole,134,0.9999998807907104,0.0,0.6094734288196886,0.6094734288196886,,,,1.0
21,water_dipole,135,0.9999998807907104,0.0,0.6094734288196886,0.6094734288196886,,,,1.0
21,water_dipole,136,0.9999998807907104,0.0,0.6094734288196886,0.6094734288196886,,,,1.0
21,water_dipole,137,0.9999998807907104,0.0,0.6094734288196886,0.6094734288196886,,,,1.0
21,water_dipole,138,0.9999998807907104,0.0,0.6094734288196886,0.6094734288196886,,,,1.0
21,water_dipole,139,0.9999998807907104,0.0,0.6094734288196886,0.6094734288196886,,,,1.0
21,water_dipole,140,0.9999998807907104,0.0,0.6094734288196886,0.6094734288196886,,,,1.0
21,water_dipole,141,0.9999998807907104,0.0,0.6094734288196886,0.6094734288196886,,,,1.0
21,water_dipole,142,0.9999998807907104,0.0,0.6094734288196886,0.6094734288196886,,,,1.0
21,water_dipole,143,0.9999998807907104,0.0,0.6094734288196886,0.6094734288196886,,,,1.0
21,water_dipole,144,0.9999998807907104,0.0,0.6094734288196886,0.6094734288196886,,,,1.0
21,water_dipole,145,0.9999998807907104,0.0,0.6094734288196886,0.6094734288196886,,,,1.0
21,water_dipole,146,0.9999998807907104,0.0,0.6094734288196886,0.6094734288196886,,,,1.0
21,water_dipole,147,0.9999998807907104,0.0,0.6094734288196886,0.6094734288196886,,,,1.0
21,water_dipole,148,0.9999998807907104,0.0,0.6094734288196886,0.6094734288196886,,,,1.0
21,water_dipole,149,0.9999998807907104,0.0,0.6094734288196886,0.6094734288196886,,,,1.0
21,water_dipole,150,0.9999998807907104,0.0,0.6094734288196886,0.6094734288196886,,,,1.0
21,water_dipole,151,0.9999998807907104,0.0,0.6094734288196886,0.6094734288196886,,,,1.0
21,water_dipole,152,0.9999998807907104,0.0,0.6094734288196886,0.6094734288196886,,,,1.0
21,water_dipole,153,0.9999998807907104,0.0,0.6094734288196886,0.6094734288196886,,,,1.0
21,water_dipole,154,0.9999998807907104,0.0,0.6094734288196886,0.6094734288196886,,,,1.0
21,water_dipole,155,0.9999998807907104,0.0,0.6094734288196886,0.6094734288196886,,,,1.0
21,water_dipole,156,0.9999998807907104,0.0,0.6094734288196886,0.6094734288196886,,,,1.0
21,water_dipole,157,0.9999998807907104,0.0,0.6094734288196886,0.6094734288196886,,,,1.0
21,water_dipole,158,0.9999998807907104,0.0,0.6094734288196886,0.6094734288196886,,,,1.0
21,water_dipole,159,0.9999998807907104,0.0,0.6094734288196886,0.6094734288196886,,,,1.0
21,water_dipole,160,0.9999998807907104,0.0,0.6094734288196886,0.6094734288196886,,,,1.0
21,water_dipole,161,0.9999998807907104,0.0,0.6094734288196886,0.6094734288196886,,,,1.0
21,water_dipole,162,0.9999998807907104,0.0,0.6094734288196886,0.6094734288196886,,,,1.0
21,water_dipole,163,0.9999998807907104,0.0,0.6094734288196886,0.6094734288196886,,,,1.0
21,water_dipole,164,0.9999998807907104,0.0,0.6094734288196886,0.6094734288196886,,,,1.0
21,water_dipole,165,0.9999998807907104,0.0,0.6094734288196886,0.6094734288196886,,,,1.0
21,water_dipole,166,0.9999998807907104,0.0,0.6094734288196886,0.6094734288196886,,,,1.0
21,water_dipole,167,0.9999998807907104,0.0,0.6094734288196886,0.6094734288196886,,,,1.0
21,water_dipole,168,0.9999998807907104,0.0,0.6094734288196886,0.6094734288196886,,,,1.0
21,water_dipole,169,0.9999998807907104,0.0,0.6094734288196886,0.6094734288196886,,,,1.0
21,water_dipole,170,0.9999998807907104,0.0,0.6094734288196886,0.6094734288196886,,,,1.0
21,water_dipole,171,0.9999998807907104,0.0,0.6094734288196886,0.6094734288196886,,,,1.0
21,water_dipole,172,0.9999998807907104,0.0,0.6094734288196886,0.6094734288196886,,,,1.0
21,water_dipole,173,0.9999998807907104,0.0,0.6094734288196886,0.6094734288196886,,,,1.0
21,water_dipole,174,0.9999998807907104,0.0,0.6094734288196886,0.6094734288196886,,,,1.0
21,water_dipole,175,0.9999998807907104,0.0,0.6094734288196886,0.6094734288196886,,,,1.0
21,water_dipole,176,0.9999998807907104,0.0,0.6094734288196886,0.6094734288196886,,,,1.0
21,water_dipole,177,0.9999998807907104,0.0,0.6094734288196886,0.6094734288196886,,,,1.0
21,water_dipole,178,0.9999998807907104,0.0,0.6094734288196886,0.6094734288196886,,,,1.0
21,water_dipole,179,0.9999998807907104,0.0,0.6094734288196886,0.6094734288196886,,,,1.0
21,water_dipole,180,0.9999998807907104,0.0,0.6094734288196886,0.6094734288196886,,,,1.0
21,water_dipole,181,0.9999998807907104,0.0,0.6094734288196886,0.6094734288196886,,,,1.0
21,water_dipole,182,0.9999998807907104,0.0,0.6094734288196886,0.6094734288196886,,,,1.0
21,water_dipole,183,0.9999998807907104,0.0,0.6094734288196886,0.6094734288196886,,,,1.0
21,water_dipole,184,0.9999998807907104,0.0,0.6094734288196886,0.6094734288196886,,,,1.0
21,water_dipole,185,0.9999998807907104,0.0,0.6094734288196886,0.6094734288196886,,,,1.0
21,water_dipole,186,0.9999998807907104,0.0,0.6094734288196886,0.6094734288196886,,,,1.0
21,water_dipole,187,0.9999998807907104,0.0,0.6094734288196886,0.6094734288196886,,,,1.0
21,water_dipole,188,0.9999998807907104,0.0,0.6094734288196886,0.6094734288196886,,,,1.0
21,water_dipole,189,0.9999998807907104,0.0,0.6094734288196886,0.6094734288196886,,,,1.0
21,water_dipole,190,0.9999998807907104,0.0,0.6094734288196886,0.6094734288196886,,,,1.0
21,water_dipole,191,0.9999998807907104,0.0,0.6094734288196886,0.6094734288196886,,,,1.0
21,water_dipole,192,0.9999998807907104,0.0,0.6094734288196886,0.6094734288196886,,,,1.0
21,water_dipole,193,0.9999998807907104,0.0,0.6094734288196886,0.6094734288196886,,,,1.0
21,water_dipole,194,0.9999998807907104,0.0,0.6094734288196886,0.6094734288196886,,,,1.0
21,water_dipole,195,0.9999998807907104,0.0,0.6094734288196886,0.6094734288196886,,,,1.0
21,water_dipole,196,0.9999998807907104,0.0,0.6094734288196886,0.6094734288196886,,,,1.0
21,water_dipole,197,0.9999998807907104,0.0,0.6094734288196886,0.6094734288196886,,,,1.0
21,water_dipole,198,0.9999998807907104,0.0,0.6094734288196886,0.6094734288196886,,,,1.0
21,water_dipole,199,0.9999998807907104,0.0,0.6094734288196886,0.6094734288196886,,,,1.0
21,water_dipole,200,0.9999998807907104,0.0,0.6094734288196886,0.6094734288196886,,,,1.0
21,water_dipole,201,0.9999998807907104,0.0,0.6094734288196886,0.6094734288196886,,,,1.0
21,water_dipole,202,0.9999998807907104,0.0,0.6094734288196886,0.6094734288196886,,,,1.0
21,water_dipole,203,0.9999998807907104,0.0,0.6094734288196886,0.6094734288196886,,,,1.0
21,water_dipole,204,0.9999998807907104,0.0,0.6094734288196886,0.6094734288196886,,,,1.0
21,water_dipole,205,0.9999998807907104,0.0,0.6094734288196886,0.6094734288196886,,,,1.0
21,water_dipole,206,0.9999998807907104,0.0,0.6094734288196886,0.6094734288196886,,,,1.0
21,water_dipole,207,0.9999998807907104,0.0,0.6094734288196886,0.6094734288196886,,,,1.0
21,water_dipole,208,0.9999998807907104,0.0,0.6094734288196886,0.6094734288196886,,,,1.0
21,water_dipole,209,0.9999998807907104,0.0,0.6094734288196886,0.6094734288196886,,,,1.0
21,water_dipole,210,0.9999998807907104,0.0,0.6094734288196886,0.6094734288196886,,,,1.0
21,water_dipole,211,0.9999998807907104,0.0,0.6094734288196886,0.6094734288196886,,,,1.0
21,water_dipole,212,0.9999998807907104,0.0,0.6094734288196886,0.6094734288196886,,,,1.0
21,water_dipole,213,0.9999998807907104,0.0,0.6094734288196886,0.6094734288196886,,,,1.0
21,water_dipole,214,0.9999998807907104,0.0,0.6094734288196886,0.6094734288196886,,,,1.0
21,water_dipole,215,0.9999998807907104,0.0,0.6094734288196886,0.6094734288196886,,,,1.0
21,water_dipole,216,0.9999998807907104,0.0,0.6094734288196886,0.6094734288196886,,,,1.0
21,water_dipole,217,0.9999998807907104,0.0,0.6094734288196886,0.6094734288196886,,,,1.0
21,water_dipole,218,0.9999998807907104,0.0,0.6094734288196886,0.6094734288196886,,,,1.0
21,water_dipole,219,0.9999998807907104,0.0,0.6094734288196886,0.6094734288196886,,,,1.0
21,water_dipole,220,0.9999998807907104,0.0,0.6094734288196886,0.6094734288196886,,,,1.0
21,water_dipole,221,0.9999998807907104,0.0,0.6094734288196886,0.6094734288196886,,,,1.0
21,water_dipole,222,0.9999998807907104,0.0,0.6094734288196886,0.6094734288196886,,,,1.0
21,water_dipole,223,0.9999998807907104,0.0,0.6094734288196886,0.6094734288196886,,,,1.0
21,water_dipole,224,0.9999998807907104,0.0,0.6094734288196886,0.6094734288196886,,,,1.0
21,water_dipole,225,0.9999998807907104,0.0,0.6094734288196886,0.6094734288196886,,,,1.0
21,water_dipole,226,0.9999998807907104,0.0,0.6094734288196886,0.6094734288196886,,,,1.0
21,water_dipole,227,0.9999998807907104,0.0,0.6094734288196886,0.6094734288196886,,,,1.0
21,water_dipole,228,0.9999998807907104,0.0,0.6094734288196886,0.6094734288196886,,,,1.0
21,water_dipole,229,0.9999998807907104,0.0,0.6094734288196886,0.6094734288196886,,,,1.0
21,water_dipole,230,0.9999998807907104,0.0,0.6094734288196886,0.6094734288196886,,,,1.0
21,water_dipole,231,0.9999998807907104,0.0,0.6094734288196886,0.6094734288196886,,,,1.0
21,water_dipole,232,0.9999998807907104,0.0,0.6094734288196886,0.6094734288196886,,,,1.0
21,water_dipole,233,0.9999998807907104,0.0,0.6094734288196886,0.6094734288196886,,,,1.0
21,water_dipole,234,0.9999998807907104,0.0,0.6094734288196886,0.6094734288196886,,,,1.0
21,water_dipole,235,0.9999998807907104,0.0,0.6094734288196886,0.6094734288196886,,,,1.0
21,water_dipole,236,0.9999998807907104,0.0,0.6094734288196886,0.6094734288196886,,,,1.0
21,water_dipole,237,0.9999998807907104,0.0,0.6094734288196886,0.6094734288196886,,,,1.0
21,water_dipole,238,0.9999998807907104,0.0,0.6094734288196886,0.6094734288196886,,,,1.0
21,water_dipole,239,0.9999998807907104,0.0,0.6094734288196886,0.6094734288196886,,,,1.0
21,water_dipole,240,0.9999998807907104,0.0,0.6094734288196886,0.6094734288196886,,,,1.0
21,water_dipole,241,0.9999998807907104,0.0,0.6094734288196886,0.6094734288196886,,,,1.0
21,water_dipole,242,0.9999998807907104,0.0,0.6094734288196886,0.6094734288196886,,,,1.0
21,water_dipole,243,0.9999998807907104,0.0,0.6094734288196886,0.6094734288196886,,,,1.0
21,water_dipole,244,0.9999998807907104,0.0,0.6094734288196886,0.6094734288196886,,,,1.0
21,water_dipole,245,0.9999998807907104,0.0,0.6094734288196886,0.6094734288196886,,,,1.0
21,water_dipole,246,0.9999998807907104,0.0,0.6094734288196886,0.6094734288196886,,,,1.0
21,water_dipole,247,0.9999998807907104,0.0,0.6094734288196886,0.6094734288196886,,,,1.0
21,water_dipole,248,0.9999998807907104,0.0,0.6094734288196886,0.6094734288196886,,,,1.0
21,water_dipole,249,0.9999998807907104,0.0,0.6094734288196886,0.6094734288196886,,,,1.0
21,acetone_gsolv_eV,0,1.0000001192092896,0.0,0.6431931561823447,0.6431931561823447,,,,1.0
21,acetone_gsolv_eV,1,1.0000001192092896,0.0,0.6431931561823447,0.6431931561823447,,,,1.0
21,acetone_gsolv_eV,2,1.0000001192092896,0.0,0.6431931561823447,0.6431931561823447,,,,1.0
21,acetone_gsolv_eV,3,1.0000001192092896,0.0,0.6431931561823447,0.6431931561823447,,,,1.0
21,acetone_gsolv_eV,4,1.0000001192092896,0.0,0.6431931561823447,0.6431931561823447,,,,1.0
21,acetone_gsolv_eV,5,1.0000001192092896,0.0,0.6431931561823447,0.6431931561823447,,,,1.0
21,acetone_gsolv_eV,6,1.0000001192092896,0.0,0.6431931561823447,0.6431931561823447,,,,1.0
21,acetone_gsolv_eV,7,1.0000001192092896,0.0,0.6431931561823447,0.6431931561823447,,,,1.0
21,acetone_gsolv_eV,8,1.0000001192092896,0.0,0.6431931561823447,0.6431931561823447,,,,1.0
21,acetone_gsolv_eV,9,1.0000001192092896,0.0,0.6431931561823447,0.6431931561823447,,,,1.0
21,acetone_gsolv_eV,10,1.0000001192092896,0.0,0.6431931561823447,0.6431931561823447,,,,1.0
21,acetone_gsolv_eV,11,1.0000001192092896,0.0,0.6431931561823447,0.6431931561823447,,,,1.0
21,acetone_gsolv_eV,12,1.0000001192092896,0.0,0.6431931561823447,0.6431931561823447,,,,1.0
21,acetone_gsolv_eV,13,1.0000001192092896,0.0,0.6431931561823447,0.6431931561823447,,,,1.0
21,acetone_gsolv_eV,14,1.0000001192092896,0.0,0.6431931561823447,0.6431931561823447,,,,1.0
21,acetone_gsolv_eV,15,1.0000001192092896,0.0,0.6431931561823447,0.6431931561823447,,,,1.0
21,acetone_gsolv_eV,16,1.0000001192092896,0.0,0.6431931561823447,0.6431931561823447,,,,1.0
21,acetone_gsolv_eV,17,1.0000001192092896,0.0,0.6431931561823447,0.6431931561823447,,,,1.0
21,acetone_gsolv_eV,18,1.0000001192092896,0.0,0.6431931561823447,0.6431931561823447,,,,1.0
21,acetone_gsolv_eV,19,1.0000001192092896,0.0,0.6431931561823447,0.6431931561823447,,,,1.0
21,acetone_gsolv_eV,20,1.0000001192092896,0.0,0.6431931561823447,0.6431931561823447,,,,1.0
21,acetone_gsolv_eV,21,1.0000001192092896,0.0,0.6431931561823447,0.6431931561823447,,,,1.0
21,acetone_gsolv_eV,22,1.0000001192092896,0.0,0.6431931561823447,0.6431931561823447,,,,1.0
21,acetone_gsolv_eV,23,1.0000001192092896,0.0,0.6431931561823447,0.6431931561823447,,,,1.0
21,acetone_gsolv_eV,24,1.0000001192092896,0.0,0.6431931561823447,0.6431931561823447,,,,1.0
21,acetone_gsolv_eV,25,1.0000001192092896,0.0,0.6431931561823447,0.6431931561823447,,,,1.0
21,acetone_gsolv_eV,26,1.0000001192092896,0.0,0.6431931561823447,0.6431931561823447,,,,1.0
21,acetone_gsolv_eV,27,1.0000001192092896,0.0,0.6431931561823447,0.6431931561823447,,,,1.0
21,acetone_gsolv_eV,28,1.0000001192092896,0.0,0.6431931561823447,0.6431931561823447,,,,1.0
21,acetone_gsolv_eV,29,1.0000001192092896,0.0,0.6431931561823447,0.6431931561823447,,,,1.0
21,acetone_gsolv_eV,30,1.0000001192092896,0.0,0.6431931561823447,0.6431931561823447,,,,1.0
21,acetone_gsolv_eV,31,1.0000001192092896,0.0,0.6431931561823447,0.6431931561823447,,,,1.0
21,acetone_gsolv_eV,32,1.0000001192092896,0.0,0.6431931561823447,0.6431931561823447,,,,1.0
21,acetone_gsolv_eV,33,1.0000001192092896,0.0,0.6431931561823447,0.6431931561823447,,,,1.0
21,acetone_gsolv_eV,34,1.0000001192092896,0.0,0.6431931561823447,0.6431931561823447,,,,1.0
21,acetone_gsolv_eV,35,1.0000001192092896,0.0,0.6431931561823447,0.6431931561823447,,,,1.0
21,acetone_gsolv_eV,36,1.0000001192092896,0.0,0.6431931561823447,0.6431931561823447,,,,1.0
21,acetone_gsolv_eV,37,1.0000001192092896,0.0,0.6431931561823447,0.6431931561823447,,,,1.0
21,acetone_gsolv_eV,38,1.0000001192092896,0.0,0.6431931561823447,0.6431931561823447,,,,1.0
21,acetone_gsolv_eV,39,1.0000001192092896,0.0,0.6431931561823447,0.6431931561823447,,,,1.0
21,acetone_gsolv_eV,40,1.0000001192092896,0.0,0.6431931561823447,0.6431931561823447,,,,1.0
21,acetone_gsolv_eV,41,1.0000001192092896,0.0,0.6431931561823447,0.6431931561823447,,,,1.0
21,acetone_gsolv_eV,42,1.0000001192092896,0.0,0.6431931561823447,0.6431931561823447,,,,1.0
21,acetone_gsolv_eV,43,1.0000001192092896,0.0,0.6431931561823447,0.6431931561823447,,,,1.0
21,acetone_gsolv_eV,44,1.0000001192092896,0.0,0.6431931561823447,0.6431931561823447,,,,1.0
21,acetone_gsolv_eV,45,1.0000001192092896,0.0,0.6431931561823447,0.6431931561823447,,,,1.0
21,acetone_gsolv_eV,46,1.0000001192092896,0.0,0.6431931561823447,0.6431931561823447,,,,1.0
21,acetone_gsolv_eV,47,1.0000001192092896,0.0,0.6431931561823447,0.6431931561823447,,,,1.0
21,acetone_gsolv_eV,48,1.0000001192092896,0.0,0.6431931561823447,0.6431931561823447,,,,1.0
21,acetone_gsolv_eV,49,1.0000001192092896,0.0,0.6431931561823447,0.6431931561823447,,,,1.0
21,acetone_gsolv_eV,50,1.0000001192092896,0.0,0.6431931561823447,0.6431931561823447,,,,1.0
21,acetone_gsolv_eV,51,1.0000001192092896,0.0,0.6431931561823447,0.6431931561823447,,,,1.0
21,acetone_gsolv_eV,52,1.0000001192092896,0.0,0.6431931561823447,0.6431931561823447,,,,1.0
21,acetone_gsolv_eV,53,1.0000001192092896,0.0,0.6431931561823447,0.6431931561823447,,,,1.0
21,acetone_gsolv_eV,54,1.0000001192092896,0.0,0.6431931561823447,0.6431931561823447,,,,1.0
21,acetone_gsolv_eV,55,1.0000001192092896,0.0,0.6431931561823447,0.6431931561823447,,,,1.0
21,acetone_gsolv_eV,56,1.0000001192092896,0.0,0.6431931561823447,0.6431931561823447,,,,1.0
21,acetone_gsolv_eV,57,1.0000001192092896,0.0,0.6431931561823447,0.6431931561823447,,,,1.0
21,acetone_gsolv_eV,58,1.0000001192092896,0.0,0.6431931561823447,0.6431931561823447,,,,1.0
21,acetone_gsolv_eV,59,1.0000001192092896,0.0,0.6431931561823447,0.6431931561823447,,,,1.0
21,acetone_gsolv_eV,60,1.0000001192092896,0.0,0.6431931561823447,0.6431931561823447,,,,1.0
21,acetone_gsolv_eV,61,1.0000001192092896,0.0,0.6431931561823447,0.6431931561823447,,,,1.0
21,acetone_gsolv_eV,62,1.0000001192092896,0.0,0.6431931561823447,0.6431931561823447,,,,1.0
21,acetone_gsolv_eV,63,1.0000001192092896,0.0,0.6431931561823447,0.6431931561823447,,,,1.0
21,acetone_gsolv_eV,64,1.0000001192092896,0.0,0.6431931561823447,0.6431931561823447,,,,1.0
21,acetone_gsolv_eV,65,1.0000001192092896,0.0,0.6431931561823447,0.6431931561823447,,,,1.0
21,acetone_gsolv_eV,66,1.0000001192092896,0.0,0.6431931561823447,0.6431931561823447,,,,1.0
21,acetone_gsolv_eV,67,1.0000001192092896,0.0,0.6431931561823447,0.6431931561823447,,,,1.0
21,acetone_gsolv_eV,68,1.0000001192092896,0.0,0.6431931561823447,0.6431931561823447,,,,1.0
21,acetone_gsolv_eV,69,1.0000001192092896,0.0,0.6431931561823447,0.6431931561823447,,,,1.0
21,acetone_gsolv_eV,70,1.0000001192092896,0.0,0.6431931561823447,0.6431931561823447,,,,1.0
21,acetone_gsolv_eV,71,1.0000001192092896,0.0,0.6431931561823447,0.6431931561823447,,,,1.0
21,acetone_gsolv_eV,72,1.0000001192092896,0.0,0.6431931561823447,0.6431931561823447,,,,1.0
21,acetone_gsolv_eV,73,1.0000001192092896,0.0,0.6431931561823447,0.6431931561823447,,,,1.0
21,acetone_gsolv_eV,74,1.0000001192092896,0.0,0.6431931561823447,0.6431931561823447,,,,1.0
21,acetone_gsolv_eV,75,1.0000001192092896,0.0,0.6431931561823447,0.6431931561823447,,,,1.0
21,acetone_gsolv_eV,76,1.0000001192092896,0.0,0.6431931561823447,0.6431931561823447,,,,1.0
21,acetone_gsolv_eV,77,1.0000001192092896,0.0,0.6431931561823447,0.6431931561823447,,,,1.0
21,acetone_gsolv_eV,78,1.0000001192092896,0.0,0.6431931561823447,0.6431931561823447,,,,1.0
21,acetone_gsolv_eV,79,1.0000001192092896,0.0,0.6431931561823447,0.6431931561823447,,,,1.0
21,acetone_gsolv_eV,80,1.0000001192092896,0.0,0.6431931561823447,0.6431931561823447,,,,1.0
21,acetone_gsolv_eV,81,1.0000001192092896,0.0,0.6431931561823447,0.6431931561823447,,,,1.0
21,acetone_gsolv_eV,82,1.0000001192092896,0.0,0.6431931561823447,0.6431931561823447,,,,1.0
21,acetone_gsolv_eV,83,1.0000001192092896,0.0,0.6431931561823447,0.6431931561823447,,,,1.0
21,acetone_gsolv_eV,84,1.0000001192092896,0.0,0.6431931561823447,0.6431931561823447,,,,1.0
21,acetone_gsolv_eV,85,1.0000001192092896,0.0,0.6431931561823447,0.6431931561823447,,,,1.0
21,acetone_gsolv_eV,86,1.0000001192092896,0.0,0.6431931561823447,0.6431931561823447,,,,1.0
21,acetone_gsolv_eV,87,1.0000001192092896,0.0,0.6431931561823447,0.6431931561823447,,,,1.0
21,acetone_gsolv_eV,88,1.0000001192092896,0.0,0.6431931561823447,0.6431931561823447,,,,1.0
21,acetone_gsolv_eV,89,1.0000001192092896,0.0,0.6431931561823447,0.6431931561823447,,,,1.0
21,acetone_gsolv_eV,90,1.0000001192092896,0.0,0.6431931561823447,0.6431931561823447,,,,1.0
21,acetone_gsolv_eV,91,1.0000001192092896,0.0,0.6431931561823447,0.6431931561823447,,,,1.0
21,acetone_gsolv_eV,92,1.0000001192092896,0.0,0.6431931561823447,0.6431931561823447,,,,1.0
21,acetone_gsolv_eV,93,1.0000001192092896,0.0,0.6431931561823447,0.6431931561823447,,,,1.0
21,acetone_gsolv_eV,94,1.0000001192092896,0.0,0.6431931561823447,0.6431931561823447,,,,1.0
21,acetone_gsolv_eV,95,1.0000001192092896,0.0,0.6431931561823447,0.6431931561823447,,,,1.0
21,acetone_gsolv_eV,96,1.0000001192092896,0.0,0.6431931561823447,0.6431931561823447,,,,1.0
21,acetone_gsolv_eV,97,1.0000001192092896,0.0,0.6431931561823447,0.6431931561823447,,,,1.0
21,acetone_gsolv_eV,98,1.0000001192092896,0.0,0.6431931561823447,0.6431931561823447,,,,1.0
21,acetone_gsolv_eV,99,1.0000001192092896,0.0,0.6431931561823447,0.6431931561823447,,,,1.0
21,acetone_gsolv_eV,100,1.0000001192092896,0.0,0.6431931561823447,0.6431931561823447,,,,1.0
21,acetone_gsolv_eV,101,1.0000001192092896,0.0,0.6431931561823447,0.6431931561823447,,,,1.0
21,acetone_gsolv_eV,102,1.0000001192092896,0.0,0.6431931561823447,0.6431931561823447,,,,1.0
21,acetone_gsolv_eV,103,1.0000001192092896,0.0,0.6431931561823447,0.6431931561823447,,,,1.0
21,acetone_gsolv_eV,104,1.0000001192092896,0.0,0.6431931561823447,0.6431931561823447,,,,1.0
21,acetone_gsolv_eV,105,1.0000001192092896,0.0,0.6431931561823447,0.6431931561823447,,,,1.0
21,acetone_gsolv_eV,106,1.0000001192092896,0.0,0.6431931561823447,0.6431931561823447,,,,1.0
21,acetone_gsolv_eV,107,1.0000001192092896,0.0,0.6431931561823447,0.6431931561823447,,,,1.0
21,acetone_gsolv_eV,108,1.0000001192092896,0.0,0.6431931561823447,0.6431931561823447,,,,1.0
21,acetone_gsolv_eV,109,1.0000001192092896,0.0,0.6431931561823447,0.6431931561823447,,,,1.0
21,acetone_gsolv_eV,110,1.0000001192092896,0.0,0.6431931561823447,0.6431931561823447,,,,1.0
21,acetone_gsolv_eV,111,1.0000001192092896,0.0,0.6431931561823447,0.6431931561823447,,,,1.0
21,acetone_gsolv_eV,112,1.0000001192092896,0.0,0.6431931561823447,0.6431931561823447,,,,1.0
21,acetone_gsolv_eV,113,1.0000001192092896,0.0,0.6431931561823447,0.6431931561823447,,,,1.0
21,acetone_gsolv_eV,114,1.0000001192092896,0.0,0.6431931561823447,0.6431931561823447,,,,1.0
21,acetone_gsolv_eV,115,1.0000001192092896,0.0,0.6431931561823447,0.6431931561823447,,,,1.0
21,acetone_gsolv_eV,116,1.0000001192092896,0.0,0.6431931561823447,0.6431931561823447,,,,1.0
21,acetone_gsolv_eV,117,1.0000001192092896,0.0,0.6431931561823447,0.6431931561823447,,,,1.0
21,acetone_gsolv_eV,118,1.0000001192092896,0.0,0.6431931561823447,0.6431931561823447,,,,1.0
21,acetone_gsolv_eV,119,1.0000001192092896,0.0,0.6431931561823447,0.6431931561823447,,,,1.0
21,acetone_gsolv_eV,120,1.0000001192092896,0.0,0.6431931561823447,0.6431931561823447,,,,1.0
21,acetone_gsolv_eV,121,1.0000001192092896,0.0,0.6431931561823447,0.6431931561823447,,,,1.0
21,acetone_gsolv_eV,122,1.0000001192092896,0.0,0.6431931561823447,0.6431931561823447,,,,1.0
21,acetone_gsolv_eV,123,1.0000001192092896,0.0,0.6431931561823447,0.6431931561823447,,,,1.0
21,acetone_gsolv_eV,124,1.0000001192092896,0.0,0.6431931561823447,0.6431931561823447,,,,1.0
21,acetone_gsolv_eV,125,1.0000001192092896,0.0,0.6431931561823447,0.6431931561823447,,,,1.0
21,acetone_gsolv_eV,126,1.0000001192092896,0.0,0.6431931561823447,0.6431931561823447,,,,1.0
21,acetone_gsolv_eV,127,1.0000001192092896,0.0,0.6431931561823447,0.6431931561823447,,,,1.0
21,acetone_gsolv_eV,128,1.0000001192092896,0.0,0.6431931561823447,0.6431931561823447,,,,1.0
21,acetone_gsolv_eV,129,1.0000001192092896,0.0,0.6431931561823447,0.6431931561823447,,,,1.0
21,acetone_gsolv_eV,130,1.0000001192092896,0.0,0.6431931561823447,0.6431931561823447,,,,1.0
21,acetone_gsolv_eV,131,1.0000001192092896,0.0,0.6431931561823447,0.6431931561823447,,,,1.0
21,acetone_gsolv_eV,132,1.0000001192092896,0.0,0.6431931561823447,0.6431931561823447,,,,1.0
21,acetone_gsolv_eV,133,1.0000001192092896,0.0,0.6431931561823447,0.6431931561823447,,,,1.0
21,acetone_gsolv_eV,134,1.0000001192092896,0.0,0.6431931561823447,0.6431931561823447,,,,1.0
21,acetone_gsolv_eV,135,1.0000001192092896,0.0,0.6431931561823447,0.6431931561823447,,,,1.0
21,acetone_gsolv_eV,136,1.0000001192092896,0.0,0.6431931561823447,0.6431931561823447,,,,1.0
21,acetone_gsolv_eV,137,1.0000001192092896,0.0,0.6431931561823447,0.6431931561823447,,,,1.0
21,acetone_gsolv_eV,138,1.0000001192092896,0.0,0.6431931561823447,0.6431931561823447,,,,1.0
21,acetone_gsolv_eV,139,1.0000001192092896,0.0,0.6431931561823447,0.6431931561823447,,,,1.0
21,acetone_gsolv_eV,140,1.0000001192092896,0.0,0.6431931561823447,0.6431931561823447,,,,1.0
21,acetone_gsolv_eV,141,1.0000001192092896,0.0,0.6431931561823447,0.6431931561823447,,,,1.0
21,acetone_gsolv_eV,142,1.0000001192092896,0.0,0.6431931561823447,0.6431931561823447,,,,1.0
21,acetone_gsolv_eV,143,1.0000001192092896,0.0,0.6431931561823447,0.6431931561823447,,,,1.0
21,acetone_gsolv_eV,144,1.0000001192092896,0.0,0.6431931561823447,0.6431931561823447,,,,1.0
21,acetone_gsolv_eV,145,1.0000001192092896,0.0,0.6431931561823447,0.6431931561823447,,,,1.0
21,acetone_gsolv_eV,146,1.0000001192092896,0.0,0.6431931561823447,0.6431931561823447,,,,1.0
21,acetone_gsolv_eV,147,1.0000001192092896,0.0,0.6431931561823447,0.6431931561823447,,,,1.0
21,acetone_gsolv_eV,148,1.0000001192092896,0.0,0.6431931561823447,0.6431931561823447,,,,1.0
21,acetone_gsolv_eV,149,1.0000001192092896,0.0,0.6431931561823447,0.6431931561823447,,,,1.0
21,acetone_gsolv_eV,150,1.0000001192092896,0.0,0.6431931561823447,0.6431931561823447,,,,1.0
21,acetone_gsolv_eV,151,1.0000001192092896,0.0,0.6431931561823447,0.6431931561823447,,,,1.0
21,acetone_gsolv_eV,152,1.0000001192092896,0.0,0.6431931561823447,0.6431931561823447,,,,1.0
21,acetone_gsolv_eV,153,1.0000001192092896,0.0,0.6431931561823447,0.6431931561823447,,,,1.0
21,acetone_gsolv_eV,154,1.0000001192092896,0.0,0.6431931561823447,0.6431931561823447,,,,1.0
21,acetone_gsolv_eV,155,1.0000001192092896,0.0,0.6431931561823447,0.6431931561823447,,,,1.0
21,acetone_gsolv_eV,156,1.0000001192092896,0.0,0.6431931561823447,0.6431931561823447,,,,1.0
21,acetone_gsolv_eV,157,1.0000001192092896,0.0,0.6431931561823447,0.6431931561823447,,,,1.0
21,acetone_gsolv_eV,158,1.0000001192092896,0.0,0.6431931561823447,0.6431931561823447,,,,1.0
21,acetone_gsolv_eV,159,1.0000001192092896,0.0,0.6431931561823447,0.6431931561823447,,,,1.0
21,acetone_gsolv_eV,160,1.0000001192092896,0.0,0.6431931561823447,0.6431931561823447,,,,1.0
21,acetone_gsolv_eV,161,1.0000001192092896,0.0,0.6431931561823447,0.6431931561823447,,,,1.0
21,acetone_gsolv_eV,162,1.0000001192092896,0.0,0.6431931561823447,0.6431931561823447,,,,1.0
21,acetone_gsolv_eV,163,1.0000001192092896,0.0,0.6431931561823447,0.6431931561823447,,,,1.0
21,acetone_gsolv_eV,164,1.0000001192092896,0.0,0.6431931561823447,0.6431931561823447,,,,1.0
21,acetone_gsolv_eV,165,1.0000001192092896,0.0,0.6431931561823447,0.6431931561823447,,,,1.0
21,acetone_gsolv_eV,166,1.0000001192092896,0.0,0.6431931561823447,0.6431931561823447,,,,1.0
21,acetone_gsolv_eV,167,1.0000001192092896,0.0,0.6431931561823447,0.6431931561823447,,,,1.0
21,acetone_gsolv_eV,168,1.0000001192092896,0.0,0.6431931561823447,0.6431931561823447,,,,1.0
21,acetone_gsolv_eV,169,1.0000001192092896,0.0,0.6431931561823447,0.6431931561823447,,,,1.0
21,acetone_gsolv_eV,170,1.0000001192092896,0.0,0.6431931561823447,0.6431931561823447,,,,1.0
21,acetone_gsolv_eV,171,1.0000001192092896,0.0,0.6431931561823447,0.6431931561823447,,,,1.0
21,acetone_gsolv_eV,172,1.0000001192092896,0.0,0.6431931561823447,0.6431931561823447,,,,1.0
21,acetone_gsolv_eV,173,1.0000001192092896,0.0,0.6431931561823447,0.6431931561823447,,,,1.0
21,acetone_gsolv_eV,174,1.0000001192092896,0.0,0.6431931561823447,0.6431931561823447,,,,1.0
21,acetone_gsolv_eV,175,1.0000001192092896,0.0,0.6431931561823447,0.6431931561823447,,,,1.0
21,acetone_gsolv_eV,176,1.0000001192092896,0.0,0.6431931561823447,0.6431931561823447,,,,1.0
21,acetone_gsolv_eV,177,1.0000001192092896,0.0,0.6431931561823447,0.6431931561823447,,,,1.0
21,acetone_gsolv_eV,178,1.0000001192092896,0.0,0.6431931561823447,0.6431931561823447,,,,1.0
21,acetone_gsolv_eV,179,1.0000001192092896,0.0,0.6431931561823447,0.6431931561823447,,,,1.0
21,acetone_gsolv_eV,180,1.0000001192092896,0.0,0.6431931561823447,0.6431931561823447,,,,1.0
21,acetone_gsolv_eV,181,1.0000001192092896,0.0,0.6431931561823447,0.6431931561823447,,,,1.0
21,acetone_gsolv_eV,182,1.0000001192092896,0.0,0.6431931561823447,0.6431931561823447,,,,1.0
21,acetone_gsolv_eV,183,1.0000001192092896,0.0,0.6431931561823447,0.6431931561823447,,,,1.0
21,acetone_gsolv_eV,184,1.0000001192092896,0.0,0.6431931561823447,0.6431931561823447,,,,1.0
21,acetone_gsolv_eV,185,1.0000001192092896,0.0,0.6431931561823447,0.6431931561823447,,,,1.0
21,acetone_gsolv_eV,186,1.0000001192092896,0.0,0.6431931561823447,0.6431931561823447,,,,1.0
21,acetone_gsolv_eV,187,1.0000001192092896,0.0,0.6431931561823447,0.6431931561823447,,,,1.0
21,acetone_gsolv_eV,188,1.0000001192092896,0.0,0.6431931561823447,0.6431931561823447,,,,1.0
21,acetone_gsolv_eV,189,1.0000001192092896,0.0,0.6431931561823447,0.6431931561823447,,,,1.0
21,acetone_gsolv_eV,190,1.0000001192092896,0.0,0.6431931561823447,0.6431931561823447,,,,1.0
21,acetone_gsolv_eV,191,1.0000001192092896,0.0,0.6431931561823447,0.6431931561823447,,,,1.0
21,acetone_gsolv_eV,192,1.0000001192092896,0.0,0.6431931561823447,0.6431931561823447,,,,1.0
21,acetone_gsolv_eV,193,1.0000001192092896,0.0,0.6431931561823447,0.6431931561823447,,,,1.0
21,acetone_gsolv_eV,194,1.0000001192092896,0.0,0.6431931561823447,0.6431931561823447,,,,1.0
21,acetone_gsolv_eV,195,1.0000001192092896,0.0,0.6431931561823447,0.6431931561823447,,,,1.0
21,acetone_gsolv_eV,196,1.0000001192092896,0.0,0.6431931561823447,0.6431931561823447,,,,1.0
21,acetone_gsolv_eV,197,1.0000001192092896,0.0,0.6431931561823447,0.6431931561823447,,,,1.0
21,acetone_gsolv_eV,198,1.0000001192092896,0.0,0.6431931561823447,0.6431931561823447,,,,1.0
21,acetone_gsolv_eV,199,1.0000001192092896,0.0,0.6431931561823447,0.6431931561823447,,,,1.0
21,acetone_gsolv_eV,200,1.0000001192092896,0.0,0.6431931561823447,0.6431931561823447,,,,1.0
21,acetone_gsolv_eV,201,1.0000001192092896,0.0,0.6431931561823447,0.6431931561823447,,,,1.0
21,acetone_gsolv_eV,202,1.0000001192092896,0.0,0.6431931561823447,0.6431931561823447,,,,1.0
21,acetone_gsolv_eV,203,1.0000001192092896,0.0,0.6431931561823447,0.6431931561823447,,,,1.0
21,acetone_gsolv_eV,204,1.0000001192092896,0.0,0.6431931561823447,0.6431931561823447,,,,1.0
21,acetone_gsolv_eV,205,1.0000001192092896,0.0,0.6431931561823447,0.6431931561823447,,,,1.0
21,acetone_gsolv_eV,206,1.0000001192092896,0.0,0.6431931561823447,0.6431931561823447,,,,1.0
21,acetone_gsolv_eV,207,1.0000001192092896,0.0,0.6431931561823447,0.6431931561823447,,,,1.0
21,acetone_gsolv_eV,208,1.0000001192092896,0.0,0.6431931561823447,0.6431931561823447,,,,1.0
21,acetone_gsolv_eV,209,1.0000001192092896,0.0,0.6431931561823447,0.6431931561823447,,,,1.0
21,acetone_gsolv_eV,210,1.0000001192092896,0.0,0.6431931561823447,0.6431931561823447,,,,1.0
21,acetone_gsolv_eV,211,1.0000001192092896,0.0,0.6431931561823447,0.6431931561823447,,,,1.0
21,acetone_gsolv_eV,212,1.0000001192092896,0.0,0.6431931561823447,0.6431931561823447,,,,1.0
21,acetone_gsolv_eV,213,1.0000001192092896,0.0,0.6431931561823447,0.6431931561823447,,,,1.0
21,acetone_gsolv_eV,214,1.0000001192092896,0.0,0.6431931561823447,0.6431931561823447,,,,1.0
21,acetone_gsolv_eV,215,1.0000001192092896,0.0,0.6431931561823447,0.6431931561823447,,,,1.0
21,acetone_gsolv_eV,216,1.0000001192092896,0.0,0.6431931561823447,0.6431931561823447,,,,1.0
21,acetone_gsolv_eV,217,1.0000001192092896,0.0,0.6431931561823447,0.6431931561823447,,,,1.0
21,acetone_gsolv_eV,218,1.0000001192092896,0.0,0.6431931561823447,0.6431931561823447,,,,1.0
21,acetone_gsolv_eV,219,1.0000001192092896,0.0,0.6431931561823447,0.6431931561823447,,,,1.0
21,acetone_gsolv_eV,220,1.0000001192092896,0.0,0.6431931561823447,0.6431931561823447,,,,1.0
21,acetone_gsolv_eV,221,1.0000001192092896,0.0,0.6431931561823447,0.6431931561823447,,,,1.0
21,acetone_gsolv_eV,222,1.0000001192092896,0.0,0.6431931561823447,0.6431931561823447,,,,1.0
21,acetone_gsolv_eV,223,1.0000001192092896,0.0,0.6431931561823447,0.6431931561823447,,,,1.0
21,acetone_gsolv_eV,224,1.0000001192092896,0.0,0.6431931561823447,0.6431931561823447,,,,1.0
21,acetone_gsolv_eV,225,1.0000001192092896,0.0,0.6431931561823447,0.6431931561823447,,,,1.0
21,acetone_gsolv_eV,226,1.0000001192092896,0.0,0.6431931561823447,0.6431931561823447,,,,1.0
21,acetone_gsolv_eV,227,1.0000001192092896,0.0,0.6431931561823447,0.6431931561823447,,,,1.0
21,acetone_gsolv_eV,228,1.0000001192092896,0.0,0.6431931561823447,0.6431931561823447,,,,1.0
21,acetone_gsolv_eV,229,1.0000001192092896,0.0,0.6431931561823447,0.6431931561823447,,,,1.0
21,acetone_gsolv_eV,230,1.0000001192092896,0.0,0.6431931561823447,0.6431931561823447,,,,1.0
21,acetone_gsolv_eV,231,1.0000001192092896,0.0,0.6431931561823447,0.6431931561823447,,,,1.0
21,acetone_gsolv_eV,232,1.0000001192092896,0.0,0.6431931561823447,0.6431931561823447,,,,1.0
21,acetone_gsolv_eV,233,1.0000001192092896,0.0,0.6431931561823447,0.6431931561823447,,,,1.0
21,acetone_gsolv_eV,234,1.0000001192092896,0.0,0.6431931561823447,0.6431931561823447,,,,1.0
21,acetone_gsolv_eV,235,1.0000001192092896,0.0,0.6431931561823447,0.6431931561823447,,,,1.0
21,acetone_gsolv_eV,236,1.0000001192092896,0.0,0.6431931561823447,0.6431931561823447,,,,1.0
21,acetone_gsolv_eV,237,1.0000001192092896,0.0,0.6431931561823447,0.6431931561823447,,,,1.0
21,acetone_gsolv_eV,238,1.0000001192092896,0.0,0.6431931561823447,0.6431931561823447,,,,1.0
21,acetone_gsolv_eV,239,1.0000001192092896,0.0,0.6431931561823447,0.6431931561823447,,,,1.0
21,acetone_gsolv_eV,240,1.0000001192092896,0.0,0.6431931561823447,0.6431931561823447,,,,1.0
21,acetone_gsolv_eV,241,1.0000001192092896,0.0,0.6431931561823447,0.6431931561823447,,,,1.0
21,acetone_gsolv_eV,242,1.0000001192092896,0.0,0.6431931561823447,0.6431931561823447,,,,1.0
21,acetone_gsolv_eV,243,1.0000001192092896,0.0,0.6431931561823447,0.6431931561823447,,,,1.0
21,acetone_gsolv_eV,244,1.0000001192092896,0.0,0.6431931561823447,0.6431931561823447,,,,1.0
21,acetone_gsolv_eV,245,1.0000001192092896,0.0,0.6431931561823447,0.6431931561823447,,,,1.0
21,acetone_gsolv_eV,246,1.0000001192092896,0.0,0.6431931561823447,0.6431931561823447,,,,1.0
21,acetone_gsolv_eV,247,1.0000001192092896,0.0,0.6431931561823447,0.6431931561823447,,,,1.0
21,acetone_gsolv_eV,248,1.0000001192092896,0.0,0.6431931561823447,0.6431931561823447,,,,1.0
21,acetone_gsolv_eV,249,1.0000001192092896,0.0,0.6431931561823447,0.6431931561823447,,,,1.0
21,acetone_hl_gap_eV,0,1.0,0.0,0.7123091542981683,0.7123091542981683,,,,1.0
21,acetone_hl_gap_eV,1,1.0,0.0,0.7123091542981683,0.7123091542981683,,,,1.0
21,acetone_hl_gap_eV,2,1.0,0.0,0.7123091542981683,0.7123091542981683,,,,1.0
21,acetone_hl_gap_eV,3,1.0,0.0,0.7123091542981683,0.7123091542981683,,,,1.0
21,acetone_hl_gap_eV,4,1.0,0.0,0.7123091542981683,0.7123091542981683,,,,1.0
21,acetone_hl_gap_eV,5,1.0,0.0,0.7123091542981683,0.7123091542981683,,,,1.0
21,acetone_hl_gap_eV,6,1.0,0.0,0.7123091542981683,0.7123091542981683,,,,1.0
21,acetone_hl_gap_eV,7,1.0,0.0,0.7123091542981683,0.7123091542981683,,,,1.0
21,acetone_hl_gap_eV,8,1.0,0.0,0.7123091542981683,0.7123091542981683,,,,1.0
21,acetone_hl_gap_eV,9,1.0,0.0,0.7123091542981683,0.7123091542981683,,,,1.0
21,acetone_hl_gap_eV,10,1.0,0.0,0.7123091542981683,0.7123091542981683,,,,1.0
21,acetone_hl_gap_eV,11,1.0,0.0,0.7123091542981683,0.7123091542981683,,,,1.0
21,acetone_hl_gap_eV,12,1.0,0.0,0.7123091542981683,0.7123091542981683,,,,1.0
21,acetone_hl_gap_eV,13,1.0,0.0,0.7123091542981683,0.7123091542981683,,,,1.0
21,acetone_hl_gap_eV,14,1.0,0.0,0.7123091542981683,0.7123091542981683,,,,1.0
21,acetone_hl_gap_eV,15,1.0,0.0,0.7123091542981683,0.7123091542981683,,,,1.0
21,acetone_hl_gap_eV,16,1.0,0.0,0.7123091542981683,0.7123091542981683,,,,1.0
21,acetone_hl_gap_eV,17,1.0,0.0,0.7123091542981683,0.7123091542981683,,,,1.0
21,acetone_hl_gap_eV,18,1.0,0.0,0.7123091542981683,0.7123091542981683,,,,1.0
21,acetone_hl_gap_eV,19,1.0,0.0,0.7123091542981683,0.7123091542981683,,,,1.0
21,acetone_hl_gap_eV,20,1.0,0.0,0.7123091542981683,0.7123091542981683,,,,1.0
21,acetone_hl_gap_eV,21,1.0,0.0,0.7123091542981683,0.7123091542981683,,,,1.0
21,acetone_hl_gap_eV,22,1.0,0.0,0.7123091542981683,0.7123091542981683,,,,1.0
21,acetone_hl_gap_eV,23,1.0,0.0,0.7123091542981683,0.7123091542981683,,,,1.0
21,acetone_hl_gap_eV,24,1.0,0.0,0.7123091542981683,0.7123091542981683,,,,1.0
21,acetone_hl_gap_eV,25,1.0,0.0,0.7123091542981683,0.7123091542981683,,,,1.0
21,acetone_hl_gap_eV,26,1.0,0.0,0.7123091542981683,0.7123091542981683,,,,1.0
21,acetone_hl_gap_eV,27,1.0,0.0,0.7123091542981683,0.7123091542981683,,,,1.0
21,acetone_hl_gap_eV,28,1.0,0.0,0.7123091542981683,0.7123091542981683,,,,1.0
21,acetone_hl_gap_eV,29,1.0,0.0,0.7123091542981683,0.7123091542981683,,,,1.0
21,acetone_hl_gap_eV,30,1.0,0.0,0.7123091542981683,0.7123091542981683,,,,1.0
21,acetone_hl_gap_eV,31,1.0,0.0,0.7123091542981683,0.7123091542981683,,,,1.0
21,acetone_hl_gap_eV,32,1.0,0.0,0.7123091542981683,0.7123091542981683,,,,1.0
21,acetone_hl_gap_eV,33,1.0,0.0,0.7123091542981683,0.7123091542981683,,,,1.0
21,acetone_hl_gap_eV,34,1.0,0.0,0.7123091542981683,0.7123091542981683,,,,1.0
21,acetone_hl_gap_eV,35,1.0,0.0,0.7123091542981683,0.7123091542981683,,,,1.0
21,acetone_hl_gap_eV,36,1.0,0.0,0.7123091542981683,0.7123091542981683,,,,1.0
21,acetone_hl_gap_eV,37,1.0,0.0,0.7123091542981683,0.7123091542981683,,,,1.0
21,acetone_hl_gap_eV,38,1.0,0.0,0.7123091542981683,0.7123091542981683,,,,1.0
21,acetone_hl_gap_eV,39,1.0,0.0,0.7123091542981683,0.7123091542981683,,,,1.0
21,acetone_hl_gap_eV,40,1.0,0.0,0.7123091542981683,0.7123091542981683,,,,1.0
21,acetone_hl_gap_eV,41,1.0,0.0,0.7123091542981683,0.7123091542981683,,,,1.0
21,acetone_hl_gap_eV,42,1.0,0.0,0.7123091542981683,0.7123091542981683,,,,1.0
21,acetone_hl_gap_eV,43,1.0,0.0,0.7123091542981683,0.7123091542981683,,,,1.0
21,acetone_hl_gap_eV,44,1.0,0.0,0.7123091542981683,0.7123091542981683,,,,1.0
21,acetone_hl_gap_eV,45,1.0,0.0,0.7123091542981683,0.7123091542981683,,,,1.0
21,acetone_hl_gap_eV,46,1.0,0.0,0.7123091542981683,0.7123091542981683,,,,1.0
21,acetone_hl_gap_eV,47,1.0,0.0,0.7123091542981683,0.7123091542981683,,,,1.0
21,acetone_hl_gap_eV,48,1.0,0.0,0.7123091542981683,0.7123091542981683,,,,1.0
21,acetone_hl_gap_eV,49,1.0,0.0,0.7123091542981683,0.7123091542981683,,,,1.0
21,acetone_hl_gap_eV,50,1.0,0.0,0.7123091542981683,0.7123091542981683,,,,1.0
21,acetone_hl_gap_eV,51,1.0,0.0,0.7123091542981683,0.7123091542981683,,,,1.0
21,acetone_hl_gap_eV,52,1.0,0.0,0.7123091542981683,0.7123091542981683,,,,1.0
21,acetone_hl_gap_eV,53,1.0,0.0,0.7123091542981683,0.7123091542981683,,,,1.0
21,acetone_hl_gap_eV,54,1.0,0.0,0.7123091542981683,0.7123091542981683,,,,1.0
21,acetone_hl_gap_eV,55,1.0,0.0,0.7123091542981683,0.7123091542981683,,,,1.0
21,acetone_hl_gap_eV,56,1.0,0.0,0.7123091542981683,0.7123091542981683,,,,1.0
21,acetone_hl_gap_eV,57,1.0,0.0,0.7123091542981683,0.7123091542981683,,,,1.0
21,acetone_hl_gap_eV,58,1.0,0.0,0.7123091542981683,0.7123091542981683,,,,1.0
21,acetone_hl_gap_eV,59,1.0,0.0,0.7123091542981683,0.7123091542981683,,,,1.0
21,acetone_hl_gap_eV,60,1.0,0.0,0.7123091542981683,0.7123091542981683,,,,1.0
21,acetone_hl_gap_eV,61,1.0,0.0,0.7123091542981683,0.7123091542981683,,,,1.0
21,acetone_hl_gap_eV,62,1.0,0.0,0.7123091542981683,0.7123091542981683,,,,1.0
21,acetone_hl_gap_eV,63,1.0,0.0,0.7123091542981683,0.7123091542981683,,,,1.0
21,acetone_hl_gap_eV,64,1.0,0.0,0.7123091542981683,0.7123091542981683,,,,1.0
21,acetone_hl_gap_eV,65,1.0,0.0,0.7123091542981683,0.7123091542981683,,,,1.0
21,acetone_hl_gap_eV,66,1.0,0.0,0.7123091542981683,0.7123091542981683,,,,1.0
21,acetone_hl_gap_eV,67,1.0,0.0,0.7123091542981683,0.7123091542981683,,,,1.0
21,acetone_hl_gap_eV,68,1.0,0.0,0.7123091542981683,0.7123091542981683,,,,1.0
21,acetone_hl_gap_eV,69,1.0,0.0,0.7123091542981683,0.7123091542981683,,,,1.0
21,acetone_hl_gap_eV,70,1.0,0.0,0.7123091542981683,0.7123091542981683,,,,1.0
21,acetone_hl_gap_eV,71,1.0,0.0,0.7123091542981683,0.7123091542981683,,,,1.0
21,acetone_hl_gap_eV,72,1.0,0.0,0.7123091542981683,0.7123091542981683,,,,1.0
21,acetone_hl_gap_eV,73,1.0,0.0,0.7123091542981683,0.7123091542981683,,,,1.0
21,acetone_hl_gap_eV,74,1.0,0.0,0.7123091542981683,0.7123091542981683,,,,1.0
21,acetone_hl_gap_eV,75,1.0,0.0,0.7123091542981683,0.7123091542981683,,,,1.0
21,acetone_hl_gap_eV,76,1.0,0.0,0.7123091542981683,0.7123091542981683,,,,1.0
21,acetone_hl_gap_eV,77,1.0,0.0,0.7123091542981683,0.7123091542981683,,,,1.0
21,acetone_hl_gap_eV,78,1.0,0.0,0.7123091542981683,0.7123091542981683,,,,1.0
21,acetone_hl_gap_eV,79,1.0,0.0,0.7123091542981683,0.7123091542981683,,,,1.0
21,acetone_hl_gap_eV,80,1.0,0.0,0.7123091542981683,0.7123091542981683,,,,1.0
21,acetone_hl_gap_eV,81,1.0,0.0,0.7123091542981683,0.7123091542981683,,,,1.0
21,acetone_hl_gap_eV,82,1.0,0.0,0.7123091542981683,0.7123091542981683,,,,1.0
21,acetone_hl_gap_eV,83,1.0,0.0,0.7123091542981683,0.7123091542981683,,,,1.0
21,acetone_hl_gap_eV,84,1.0,0.0,0.7123091542981683,0.7123091542981683,,,,1.0
21,acetone_hl_gap_eV,85,1.0,0.0,0.7123091542981683,0.7123091542981683,,,,1.0
21,acetone_hl_gap_eV,86,1.0,0.0,0.7123091542981683,0.7123091542981683,,,,1.0
21,acetone_hl_gap_eV,87,1.0,0.0,0.7123091542981683,0.7123091542981683,,,,1.0
21,acetone_hl_gap_eV,88,1.0,0.0,0.7123091542981683,0.7123091542981683,,,,1.0
21,acetone_hl_gap_eV,89,1.0,0.0,0.7123091542981683,0.7123091542981683,,,,1.0
21,acetone_hl_gap_eV,90,1.0,0.0,0.7123091542981683,0.7123091542981683,,,,1.0
21,acetone_hl_gap_eV,91,1.0,0.0,0.7123091542981683,0.7123091542981683,,,,1.0
21,acetone_hl_gap_eV,92,1.0,0.0,0.7123091542981683,0.7123091542981683,,,,1.0
21,acetone_hl_gap_eV,93,1.0,0.0,0.7123091542981683,0.7123091542981683,,,,1.0
21,acetone_hl_gap_eV,94,1.0,0.0,0.7123091542981683,0.7123091542981683,,,,1.0
21,acetone_hl_gap_eV,95,1.0,0.0,0.7123091542981683,0.7123091542981683,,,,1.0
21,acetone_hl_gap_eV,96,1.0,0.0,0.7123091542981683,0.7123091542981683,,,,1.0
21,acetone_hl_gap_eV,97,1.0,0.0,0.7123091542981683,0.7123091542981683,,,,1.0
21,acetone_hl_gap_eV,98,1.0,0.0,0.7123091542981683,0.7123091542981683,,,,1.0
21,acetone_hl_gap_eV,99,1.0,0.0,0.7123091542981683,0.7123091542981683,,,,1.0
21,acetone_hl_gap_eV,100,1.0,0.0,0.7123091542981683,0.7123091542981683,,,,1.0
21,acetone_hl_gap_eV,101,1.0,0.0,0.7123091542981683,0.7123091542981683,,,,1.0
21,acetone_hl_gap_eV,102,1.0,0.0,0.7123091542981683,0.7123091542981683,,,,1.0
21,acetone_hl_gap_eV,103,1.0,0.0,0.7123091542981683,0.7123091542981683,,,,1.0
21,acetone_hl_gap_eV,104,1.0,0.0,0.7123091542981683,0.7123091542981683,,,,1.0
21,acetone_hl_gap_eV,105,1.0,0.0,0.7123091542981683,0.7123091542981683,,,,1.0
21,acetone_hl_gap_eV,106,1.0,0.0,0.7123091542981683,0.7123091542981683,,,,1.0
21,acetone_hl_gap_eV,107,1.0,0.0,0.7123091542981683,0.7123091542981683,,,,1.0
21,acetone_hl_gap_eV,108,1.0,0.0,0.7123091542981683,0.7123091542981683,,,,1.0
21,acetone_hl_gap_eV,109,1.0,0.0,0.7123091542981683,0.7123091542981683,,,,1.0
21,acetone_hl_gap_eV,110,1.0,0.0,0.7123091542981683,0.7123091542981683,,,,1.0
21,acetone_hl_gap_eV,111,1.0,0.0,0.7123091542981683,0.7123091542981683,,,,1.0
21,acetone_hl_gap_eV,112,1.0,0.0,0.7123091542981683,0.7123091542981683,,,,1.0
21,acetone_hl_gap_eV,113,1.0,0.0,0.7123091542981683,0.7123091542981683,,,,1.0
21,acetone_hl_gap_eV,114,1.0,0.0,0.7123091542981683,0.7123091542981683,,,,1.0
21,acetone_hl_gap_eV,115,1.0,0.0,0.7123091542981683,0.7123091542981683,,,,1.0
21,acetone_hl_gap_eV,116,1.0,0.0,0.7123091542981683,0.7123091542981683,,,,1.0
21,acetone_hl_gap_eV,117,1.0,0.0,0.7123091542981683,0.7123091542981683,,,,1.0
21,acetone_hl_gap_eV,118,1.0,0.0,0.7123091542981683,0.7123091542981683,,,,1.0
21,acetone_hl_gap_eV,119,1.0,0.0,0.7123091542981683,0.7123091542981683,,,,1.0
21,acetone_hl_gap_eV,120,1.0,0.0,0.7123091542981683,0.7123091542981683,,,,1.0
21,acetone_hl_gap_eV,121,1.0,0.0,0.7123091542981683,0.7123091542981683,,,,1.0
21,acetone_hl_gap_eV,122,1.0,0.0,0.7123091542981683,0.7123091542981683,,,,1.0
21,acetone_hl_gap_eV,123,1.0,0.0,0.7123091542981683,0.7123091542981683,,,,1.0
21,acetone_hl_gap_eV,124,1.0,0.0,0.7123091542981683,0.7123091542981683,,,,1.0
21,acetone_hl_gap_eV,125,1.0,0.0,0.7123091542981683,0.7123091542981683,,,,1.0
21,acetone_hl_gap_eV,126,1.0,0.0,0.7123091542981683,0.7123091542981683,,,,1.0
21,acetone_hl_gap_eV,127,1.0,0.0,0.7123091542981683,0.7123091542981683,,,,1.0
21,acetone_hl_gap_eV,128,1.0,0.0,0.7123091542981683,0.7123091542981683,,,,1.0
21,acetone_hl_gap_eV,129,1.0,0.0,0.7123091542981683,0.7123091542981683,,,,1.0
21,acetone_hl_gap_eV,130,1.0,0.0,0.7123091542981683,0.7123091542981683,,,,1.0
21,acetone_hl_gap_eV,131,1.0,0.0,0.7123091542981683,0.7123091542981683,,,,1.0
21,acetone_hl_gap_eV,132,1.0,0.0,0.7123091542981683,0.7123091542981683,,,,1.0
21,acetone_hl_gap_eV,133,1.0,0.0,0.7123091542981683,0.7123091542981683,,,,1.0
21,acetone_hl_gap_eV,134,1.0,0.0,0.7123091542981683,0.7123091542981683,,,,1.0
21,acetone_hl_gap_eV,135,1.0,0.0,0.7123091542981683,0.7123091542981683,,,,1.0
21,acetone_hl_gap_eV,136,1.0,0.0,0.7123091542981683,0.7123091542981683,,,,1.0
21,acetone_hl_gap_eV,137,1.0,0.0,0.7123091542981683,0.7123091542981683,,,,1.0
21,acetone_hl_gap_eV,138,1.0,0.0,0.7123091542981683,0.7123091542981683,,,,1.0
21,acetone_hl_gap_eV,139,1.0,0.0,0.7123091542981683,0.7123091542981683,,,,1.0
21,acetone_hl_gap_eV,140,1.0,0.0,0.7123091542981683,0.7123091542981683,,,,1.0
21,acetone_hl_gap_eV,141,1.0,0.0,0.7123091542981683,0.7123091542981683,,,,1.0
21,acetone_hl_gap_eV,142,1.0,0.0,0.7123091542981683,0.7123091542981683,,,,1.0
21,acetone_hl_gap_eV,143,1.0,0.0,0.7123091542981683,0.7123091542981683,,,,1.0
21,acetone_hl_gap_eV,144,1.0,0.0,0.7123091542981683,0.7123091542981683,,,,1.0
21,acetone_hl_gap_eV,145,1.0,0.0,0.7123091542981683,0.7123091542981683,,,,1.0
21,acetone_hl_gap_eV,146,1.0,0.0,0.7123091542981683,0.7123091542981683,,,,1.0
21,acetone_hl_gap_eV,147,1.0,0.0,0.7123091542981683,0.7123091542981683,,,,1.0
21,acetone_hl_gap_eV,148,1.0,0.0,0.7123091542981683,0.7123091542981683,,,,1.0
21,acetone_hl_gap_eV,149,1.0,0.0,0.7123091542981683,0.7123091542981683,,,,1.0
21,acetone_hl_gap_eV,150,1.0,0.0,0.7123091542981683,0.7123091542981683,,,,1.0
21,acetone_hl_gap_eV,151,1.0,0.0,0.7123091542981683,0.7123091542981683,,,,1.0
21,acetone_hl_gap_eV,152,1.0,0.0,0.7123091542981683,0.7123091542981683,,,,1.0
21,acetone_hl_gap_eV,153,1.0,0.0,0.7123091542981683,0.7123091542981683,,,,1.0
21,acetone_hl_gap_eV,154,1.0,0.0,0.7123091542981683,0.7123091542981683,,,,1.0
21,acetone_hl_gap_eV,155,1.0,0.0,0.7123091542981683,0.7123091542981683,,,,1.0
21,acetone_hl_gap_eV,156,1.0,0.0,0.7123091542981683,0.7123091542981683,,,,1.0
21,acetone_hl_gap_eV,157,1.0,0.0,0.7123091542981683,0.7123091542981683,,,,1.0
21,acetone_hl_gap_eV,158,1.0,0.0,0.7123091542981683,0.7123091542981683,,,,1.0
21,acetone_hl_gap_eV,159,1.0,0.0,0.7123091542981683,0.7123091542981683,,,,1.0
21,acetone_hl_gap_eV,160,1.0,0.0,0.7123091542981683,0.7123091542981683,,,,1.0
21,acetone_hl_gap_eV,161,1.0,0.0,0.7123091542981683,0.7123091542981683,,,,1.0
21,acetone_hl_gap_eV,162,1.0,0.0,0.7123091542981683,0.7123091542981683,,,,1.0
21,acetone_hl_gap_eV,163,1.0,0.0,0.7123091542981683,0.7123091542981683,,,,1.0
21,acetone_hl_gap_eV,164,1.0,0.0,0.7123091542981683,0.7123091542981683,,,,1.0
21,acetone_hl_gap_eV,165,1.0,0.0,0.7123091542981683,0.7123091542981683,,,,1.0
21,acetone_hl_gap_eV,166,1.0,0.0,0.7123091542981683,0.7123091542981683,,,,1.0
21,acetone_hl_gap_eV,167,1.0,0.0,0.7123091542981683,0.7123091542981683,,,,1.0
21,acetone_hl_gap_eV,168,1.0,0.0,0.7123091542981683,0.7123091542981683,,,,1.0
21,acetone_hl_gap_eV,169,1.0,0.0,0.7123091542981683,0.7123091542981683,,,,1.0
21,acetone_hl_gap_eV,170,1.0,0.0,0.7123091542981683,0.7123091542981683,,,,1.0
21,acetone_hl_gap_eV,171,1.0,0.0,0.7123091542981683,0.7123091542981683,,,,1.0
21,acetone_hl_gap_eV,172,1.0,0.0,0.7123091542981683,0.7123091542981683,,,,1.0
21,acetone_hl_gap_eV,173,1.0,0.0,0.7123091542981683,0.7123091542981683,,,,1.0
21,acetone_hl_gap_eV,174,1.0,0.0,0.7123091542981683,0.7123091542981683,,,,1.0
21,acetone_hl_gap_eV,175,1.0,0.0,0.7123091542981683,0.7123091542981683,,,,1.0
21,acetone_hl_gap_eV,176,1.0,0.0,0.7123091542981683,0.7123091542981683,,,,1.0
21,acetone_hl_gap_eV,177,1.0,0.0,0.7123091542981683,0.7123091542981683,,,,1.0
21,acetone_hl_gap_eV,178,1.0,0.0,0.7123091542981683,0.7123091542981683,,,,1.0
21,acetone_hl_gap_eV,179,1.0,0.0,0.7123091542981683,0.7123091542981683,,,,1.0
21,acetone_hl_gap_eV,180,1.0,0.0,0.7123091542981683,0.7123091542981683,,,,1.0
21,acetone_hl_gap_eV,181,1.0,0.0,0.7123091542981683,0.7123091542981683,,,,1.0
21,acetone_hl_gap_eV,182,1.0,0.0,0.7123091542981683,0.7123091542981683,,,,1.0
21,acetone_hl_gap_eV,183,1.0,0.0,0.7123091542981683,0.7123091542981683,,,,1.0
21,acetone_hl_gap_eV,184,1.0,0.0,0.7123091542981683,0.7123091542981683,,,,1.0
21,acetone_hl_gap_eV,185,1.0,0.0,0.7123091542981683,0.7123091542981683,,,,1.0
21,acetone_hl_gap_eV,186,1.0,0.0,0.7123091542981683,0.7123091542981683,,,,1.0
21,acetone_hl_gap_eV,187,1.0,0.0,0.7123091542981683,0.7123091542981683,,,,1.0
21,acetone_hl_gap_eV,188,1.0,0.0,0.7123091542981683,0.7123091542981683,,,,1.0
21,acetone_hl_gap_eV,189,1.0,0.0,0.7123091542981683,0.7123091542981683,,,,1.0
21,acetone_hl_gap_eV,190,1.0,0.0,0.7123091542981683,0.7123091542981683,,,,1.0
21,acetone_hl_gap_eV,191,1.0,0.0,0.7123091542981683,0.7123091542981683,,,,1.0
21,acetone_hl_gap_eV,192,1.0,0.0,0.7123091542981683,0.7123091542981683,,,,1.0
21,acetone_hl_gap_eV,193,1.0,0.0,0.7123091542981683,0.7123091542981683,,,,1.0
21,acetone_hl_gap_eV,194,1.0,0.0,0.7123091542981683,0.7123091542981683,,,,1.0
21,acetone_hl_gap_eV,195,1.0,0.0,0.7123091542981683,0.7123091542981683,,,,1.0
21,acetone_hl_gap_eV,196,1.0,0.0,0.7123091542981683,0.7123091542981683,,,,1.0
21,acetone_hl_gap_eV,197,1.0,0.0,0.7123091542981683,0.7123091542981683,,,,1.0
21,acetone_hl_gap_eV,198,1.0,0.0,0.7123091542981683,0.7123091542981683,,,,1.0
21,acetone_hl_gap_eV,199,1.0,0.0,0.7123091542981683,0.7123091542981683,,,,1.0
21,acetone_hl_gap_eV,200,1.0,0.0,0.7123091542981683,0.7123091542981683,,,,1.0
21,acetone_hl_gap_eV,201,1.0,0.0,0.7123091542981683,0.7123091542981683,,,,1.0
21,acetone_hl_gap_eV,202,1.0,0.0,0.7123091542981683,0.7123091542981683,,,,1.0
21,acetone_hl_gap_eV,203,1.0,0.0,0.7123091542981683,0.7123091542981683,,,,1.0
21,acetone_hl_gap_eV,204,1.0,0.0,0.7123091542981683,0.7123091542981683,,,,1.0
21,acetone_hl_gap_eV,205,1.0,0.0,0.7123091542981683,0.7123091542981683,,,,1.0
21,acetone_hl_gap_eV,206,1.0,0.0,0.7123091542981683,0.7123091542981683,,,,1.0
21,acetone_hl_gap_eV,207,1.0,0.0,0.7123091542981683,0.7123091542981683,,,,1.0
21,acetone_hl_gap_eV,208,1.0,0.0,0.7123091542981683,0.7123091542981683,,,,1.0
21,acetone_hl_gap_eV,209,1.0,0.0,0.7123091542981683,0.7123091542981683,,,,1.0
21,acetone_hl_gap_eV,210,1.0,0.0,0.7123091542981683,0.7123091542981683,,,,1.0
21,acetone_hl_gap_eV,211,1.0,0.0,0.7123091542981683,0.7123091542981683,,,,1.0
21,acetone_hl_gap_eV,212,1.0,0.0,0.7123091542981683,0.7123091542981683,,,,1.0
21,acetone_hl_gap_eV,213,1.0,0.0,0.7123091542981683,0.7123091542981683,,,,1.0
21,acetone_hl_gap_eV,214,1.0,0.0,0.7123091542981683,0.7123091542981683,,,,1.0
21,acetone_hl_gap_eV,215,1.0,0.0,0.7123091542981683,0.7123091542981683,,,,1.0
21,acetone_hl_gap_eV,216,1.0,0.0,0.7123091542981683,0.7123091542981683,,,,1.0
21,acetone_hl_gap_eV,217,1.0,0.0,0.7123091542981683,0.7123091542981683,,,,1.0
21,acetone_hl_gap_eV,218,1.0,0.0,0.7123091542981683,0.7123091542981683,,,,1.0
21,acetone_hl_gap_eV,219,1.0,0.0,0.7123091542981683,0.7123091542981683,,,,1.0
21,acetone_hl_gap_eV,220,1.0,0.0,0.7123091542981683,0.7123091542981683,,,,1.0
21,acetone_hl_gap_eV,221,1.0,0.0,0.7123091542981683,0.7123091542981683,,,,1.0
21,acetone_hl_gap_eV,222,1.0,0.0,0.7123091542981683,0.7123091542981683,,,,1.0
21,acetone_hl_gap_eV,223,1.0,0.0,0.7123091542981683,0.7123091542981683,,,,1.0
21,acetone_hl_gap_eV,224,1.0,0.0,0.7123091542981683,0.7123091542981683,,,,1.0
21,acetone_hl_gap_eV,225,1.0,0.0,0.7123091542981683,0.7123091542981683,,,,1.0
21,acetone_hl_gap_eV,226,1.0,0.0,0.7123091542981683,0.7123091542981683,,,,1.0
21,acetone_hl_gap_eV,227,1.0,0.0,0.7123091542981683,0.7123091542981683,,,,1.0
21,acetone_hl_gap_eV,228,1.0,0.0,0.7123091542981683,0.7123091542981683,,,,1.0
21,acetone_hl_gap_eV,229,1.0,0.0,0.7123091542981683,0.7123091542981683,,,,1.0
21,acetone_hl_gap_eV,230,1.0,0.0,0.7123091542981683,0.7123091542981683,,,,1.0
21,acetone_hl_gap_eV,231,1.0,0.0,0.7123091542981683,0.7123091542981683,,,,1.0
21,acetone_hl_gap_eV,232,1.0,0.0,0.7123091542981683,0.7123091542981683,,,,1.0
21,acetone_hl_gap_eV,233,1.0,0.0,0.7123091542981683,0.7123091542981683,,,,1.0
21,acetone_hl_gap_eV,234,1.0,0.0,0.7123091542981683,0.7123091542981683,,,,1.0
21,acetone_hl_gap_eV,235,1.0,0.0,0.7123091542981683,0.7123091542981683,,,,1.0
21,acetone_hl_gap_eV,236,1.0,0.0,0.7123091542981683,0.7123091542981683,,,,1.0
21,acetone_hl_gap_eV,237,1.0,0.0,0.7123091542981683,0.7123091542981683,,,,1.0
21,acetone_hl_gap_eV,238,1.0,0.0,0.7123091542981683,0.7123091542981683,,,,1.0
21,acetone_hl_gap_eV,239,1.0,0.0,0.7123091542981683,0.7123091542981683,,,,1.0
21,acetone_hl_gap_eV,240,1.0,0.0,0.7123091542981683,0.7123091542981683,,,,1.0
21,acetone_hl_gap_eV,241,1.0,0.0,0.7123091542981683,0.7123091542981683,,,,1.0
21,acetone_hl_gap_eV,242,1.0,0.0,0.7123091542981683,0.7123091542981683,,,,1.0
21,acetone_hl_gap_eV,243,1.0,0.0,0.7123091542981683,0.7123091542981683,,,,1.0
21,acetone_hl_gap_eV,244,1.0,0.0,0.7123091542981683,0.7123091542981683,,,,1.0
21,acetone_hl_gap_eV,245,1.0,0.0,0.7123091542981683,0.7123091542981683,,,,1.0
21,acetone_hl_gap_eV,246,1.0,0.0,0.7123091542981683,0.7123091542981683,,,,1.0
21,acetone_hl_gap_eV,247,1.0,0.0,0.7123091542981683,0.7123091542981683,,,,1.0
21,acetone_hl_gap_eV,248,1.0,0.0,0.7123091542981683,0.7123091542981683,,,,1.0
21,acetone_hl_gap_eV,249,1.0,0.0,0.7123091542981683,0.7123091542981683,,,,1.0
21,acetone_dipole,0,1.0000001192092896,0.0,0.5859518063761726,0.5859518063761726,,,,1.0
21,acetone_dipole,1,1.0000001192092896,0.0,0.5859518063761726,0.5859518063761726,,,,1.0
21,acetone_dipole,2,1.0000001192092896,0.0,0.5859518063761726,0.5859518063761726,,,,1.0
21,acetone_dipole,3,1.0000001192092896,0.0,0.5859518063761726,0.5859518063761726,,,,1.0
21,acetone_dipole,4,1.0000001192092896,0.0,0.5859518063761726,0.5859518063761726,,,,1.0
21,acetone_dipole,5,1.0000001192092896,0.0,0.5859518063761726,0.5859518063761726,,,,1.0
21,acetone_dipole,6,1.0000001192092896,0.0,0.5859518063761726,0.5859518063761726,,,,1.0
21,acetone_dipole,7,1.0000001192092896,0.0,0.5859518063761726,0.5859518063761726,,,,1.0
21,acetone_dipole,8,1.0000001192092896,0.0,0.5859518063761726,0.5859518063761726,,,,1.0
21,acetone_dipole,9,1.0000001192092896,0.0,0.5859518063761726,0.5859518063761726,,,,1.0
21,acetone_dipole,10,1.0000001192092896,0.0,0.5859518063761726,0.5859518063761726,,,,1.0
21,acetone_dipole,11,1.0000001192092896,0.0,0.5859518063761726,0.5859518063761726,,,,1.0
21,acetone_dipole,12,1.0000001192092896,0.0,0.5859518063761726,0.5859518063761726,,,,1.0
21,acetone_dipole,13,1.0000001192092896,0.0,0.5859518063761726,0.5859518063761726,,,,1.0
21,acetone_dipole,14,1.0000001192092896,0.0,0.5859518063761726,0.5859518063761726,,,,1.0
21,acetone_dipole,15,1.0000001192092896,0.0,0.5859518063761726,0.5859518063761726,,,,1.0
21,acetone_dipole,16,1.0000001192092896,0.0,0.5859518063761726,0.5859518063761726,,,,1.0
21,acetone_dipole,17,1.0000001192092896,0.0,0.5859518063761726,0.5859518063761726,,,,1.0
21,acetone_dipole,18,1.0000001192092896,0.0,0.5859518063761726,0.5859518063761726,,,,1.0
21,acetone_dipole,19,1.0000001192092896,0.0,0.5859518063761726,0.5859518063761726,,,,1.0
21,acetone_dipole,20,1.0000001192092896,0.0,0.5859518063761726,0.5859518063761726,,,,1.0
21,acetone_dipole,21,1.0000001192092896,0.0,0.5859518063761726,0.5859518063761726,,,,1.0
21,acetone_dipole,22,1.0000001192092896,0.0,0.5859518063761726,0.5859518063761726,,,,1.0
21,acetone_dipole,23,1.0000001192092896,0.0,0.5859518063761726,0.5859518063761726,,,,1.0
21,acetone_dipole,24,1.0000001192092896,0.0,0.5859518063761726,0.5859518063761726,,,,1.0
21,acetone_dipole,25,1.0000001192092896,0.0,0.5859518063761726,0.5859518063761726,,,,1.0
21,acetone_dipole,26,1.0000001192092896,0.0,0.5859518063761726,0.5859518063761726,,,,1.0
21,acetone_dipole,27,1.0000001192092896,0.0,0.5859518063761726,0.5859518063761726,,,,1.0
21,acetone_dipole,28,1.0000001192092896,0.0,0.5859518063761726,0.5859518063761726,,,,1.0
21,acetone_dipole,29,1.0000001192092896,0.0,0.5859518063761726,0.5859518063761726,,,,1.0
21,acetone_dipole,30,1.0000001192092896,0.0,0.5859518063761726,0.5859518063761726,,,,1.0
21,acetone_dipole,31,1.0000001192092896,0.0,0.5859518063761726,0.5859518063761726,,,,1.0
21,acetone_dipole,32,1.0000001192092896,0.0,0.5859518063761726,0.5859518063761726,,,,1.0
21,acetone_dipole,33,1.0000001192092896,0.0,0.5859518063761726,0.5859518063761726,,,,1.0
21,acetone_dipole,34,1.0000001192092896,0.0,0.5859518063761726,0.5859518063761726,,,,1.0
21,acetone_dipole,35,1.0000001192092896,0.0,0.5859518063761726,0.5859518063761726,,,,1.0
21,acetone_dipole,36,1.0000001192092896,0.0,0.5859518063761726,0.5859518063761726,,,,1.0
21,acetone_dipole,37,1.0000001192092896,0.0,0.5859518063761726,0.5859518063761726,,,,1.0
21,acetone_dipole,38,1.0000001192092896,0.0,0.5859518063761726,0.5859518063761726,,,,1.0
21,acetone_dipole,39,1.0000001192092896,0.0,0.5859518063761726,0.5859518063761726,,,,1.0
21,acetone_dipole,40,1.0000001192092896,0.0,0.5859518063761726,0.5859518063761726,,,,1.0
21,acetone_dipole,41,1.0000001192092896,0.0,0.5859518063761726,0.5859518063761726,,,,1.0
21,acetone_dipole,42,1.0000001192092896,0.0,0.5859518063761726,0.5859518063761726,,,,1.0
21,acetone_dipole,43,1.0000001192092896,0.0,0.5859518063761726,0.5859518063761726,,,,1.0
21,acetone_dipole,44,1.0000001192092896,0.0,0.5859518063761726,0.5859518063761726,,,,1.0
21,acetone_dipole,45,1.0000001192092896,0.0,0.5859518063761726,0.5859518063761726,,,,1.0
21,acetone_dipole,46,1.0000001192092896,0.0,0.5859518063761726,0.5859518063761726,,,,1.0
21,acetone_dipole,47,1.0000001192092896,0.0,0.5859518063761726,0.5859518063761726,,,,1.0
21,acetone_dipole,48,1.0000001192092896,0.0,0.5859518063761726,0.5859518063761726,,,,1.0
21,acetone_dipole,49,1.0000001192092896,0.0,0.5859518063761726,0.5859518063761726,,,,1.0
21,acetone_dipole,50,1.0000001192092896,0.0,0.5859518063761726,0.5859518063761726,,,,1.0
21,acetone_dipole,51,1.0000001192092896,0.0,0.5859518063761726,0.5859518063761726,,,,1.0
21,acetone_dipole,52,1.0000001192092896,0.0,0.5859518063761726,0.5859518063761726,,,,1.0
21,acetone_dipole,53,1.0000001192092896,0.0,0.5859518063761726,0.5859518063761726,,,,1.0
21,acetone_dipole,54,1.0000001192092896,0.0,0.5859518063761726,0.5859518063761726,,,,1.0
21,acetone_dipole,55,1.0000001192092896,0.0,0.5859518063761726,0.5859518063761726,,,,1.0
21,acetone_dipole,56,1.0000001192092896,0.0,0.5859518063761726,0.5859518063761726,,,,1.0
21,acetone_dipole,57,1.0000001192092896,0.0,0.5859518063761726,0.5859518063761726,,,,1.0
21,acetone_dipole,58,1.0000001192092896,0.0,0.5859518063761726,0.5859518063761726,,,,1.0
21,acetone_dipole,59,1.0000001192092896,0.0,0.5859518063761726,0.5859518063761726,,,,1.0
21,acetone_dipole,60,1.0000001192092896,0.0,0.5859518063761726,0.5859518063761726,,,,1.0
21,acetone_dipole,61,1.0000001192092896,0.0,0.5859518063761726,0.5859518063761726,,,,1.0
21,acetone_dipole,62,1.0000001192092896,0.0,0.5859518063761726,0.5859518063761726,,,,1.0
21,acetone_dipole,63,1.0000001192092896,0.0,0.5859518063761726,0.5859518063761726,,,,1.0
21,acetone_dipole,64,1.0000001192092896,0.0,0.5859518063761726,0.5859518063761726,,,,1.0
21,acetone_dipole,65,1.0000001192092896,0.0,0.5859518063761726,0.5859518063761726,,,,1.0
21,acetone_dipole,66,1.0000001192092896,0.0,0.5859518063761726,0.5859518063761726,,,,1.0
21,acetone_dipole,67,1.0000001192092896,0.0,0.5859518063761726,0.5859518063761726,,,,1.0
21,acetone_dipole,68,1.0000001192092896,0.0,0.5859518063761726,0.5859518063761726,,,,1.0
21,acetone_dipole,69,1.0000001192092896,0.0,0.5859518063761726,0.5859518063761726,,,,1.0
21,acetone_dipole,70,1.0000001192092896,0.0,0.5859518063761726,0.5859518063761726,,,,1.0
21,acetone_dipole,71,1.0000001192092896,0.0,0.5859518063761726,0.5859518063761726,,,,1.0
21,acetone_dipole,72,1.0000001192092896,0.0,0.5859518063761726,0.5859518063761726,,,,1.0
21,acetone_dipole,73,1.0000001192092896,0.0,0.5859518063761726,0.5859518063761726,,,,1.0
21,acetone_dipole,74,1.0000001192092896,0.0,0.5859518063761726,0.5859518063761726,,,,1.0
21,acetone_dipole,75,1.0000001192092896,0.0,0.5859518063761726,0.5859518063761726,,,,1.0
21,acetone_dipole,76,1.0000001192092896,0.0,0.5859518063761726,0.5859518063761726,,,,1.0
21,acetone_dipole,77,1.0000001192092896,0.0,0.5859518063761726,0.5859518063761726,,,,1.0
21,acetone_dipole,78,1.0000001192092896,0.0,0.5859518063761726,0.5859518063761726,,,,1.0
21,acetone_dipole,79,1.0000001192092896,0.0,0.5859518063761726,0.5859518063761726,,,,1.0
21,acetone_dipole,80,1.0000001192092896,0.0,0.5859518063761726,0.5859518063761726,,,,1.0
21,acetone_dipole,81,1.0000001192092896,0.0,0.5859518063761726,0.5859518063761726,,,,1.0
21,acetone_dipole,82,1.0000001192092896,0.0,0.5859518063761726,0.5859518063761726,,,,1.0
21,acetone_dipole,83,1.0000001192092896,0.0,0.5859518063761726,0.5859518063761726,,,,1.0
21,acetone_dipole,84,1.0000001192092896,0.0,0.5859518063761726,0.5859518063761726,,,,1.0
21,acetone_dipole,85,1.0000001192092896,0.0,0.5859518063761726,0.5859518063761726,,,,1.0
21,acetone_dipole,86,1.0000001192092896,0.0,0.5859518063761726,0.5859518063761726,,,,1.0
21,acetone_dipole,87,1.0000001192092896,0.0,0.5859518063761726,0.5859518063761726,,,,1.0
21,acetone_dipole,88,1.0000001192092896,0.0,0.5859518063761726,0.5859518063761726,,,,1.0
21,acetone_dipole,89,1.0000001192092896,0.0,0.5859518063761726,0.5859518063761726,,,,1.0
21,acetone_dipole,90,1.0000001192092896,0.0,0.5859518063761726,0.5859518063761726,,,,1.0
21,acetone_dipole,91,1.0000001192092896,0.0,0.5859518063761726,0.5859518063761726,,,,1.0
21,acetone_dipole,92,1.0000001192092896,0.0,0.5859518063761726,0.5859518063761726,,,,1.0
21,acetone_dipole,93,1.0000001192092896,0.0,0.5859518063761726,0.5859518063761726,,,,1.0
21,acetone_dipole,94,1.0000001192092896,0.0,0.5859518063761726,0.5859518063761726,,,,1.0
21,acetone_dipole,95,1.0000001192092896,0.0,0.5859518063761726,0.5859518063761726,,,,1.0
21,acetone_dipole,96,1.0000001192092896,0.0,0.5859518063761726,0.5859518063761726,,,,1.0
21,acetone_dipole,97,1.0000001192092896,0.0,0.5859518063761726,0.5859518063761726,,,,1.0
21,acetone_dipole,98,1.0000001192092896,0.0,0.5859518063761726,0.5859518063761726,,,,1.0
21,acetone_dipole,99,1.0000001192092896,0.0,0.5859518063761726,0.5859518063761726,,,,1.0
21,acetone_dipole,100,1.0000001192092896,0.0,0.5859518063761726,0.5859518063761726,,,,1.0
21,acetone_dipole,101,1.0000001192092896,0.0,0.5859518063761726,0.5859518063761726,,,,1.0
21,acetone_dipole,102,1.0000001192092896,0.0,0.5859518063761726,0.5859518063761726,,,,1.0
21,acetone_dipole,103,1.0000001192092896,0.0,0.5859518063761726,0.5859518063761726,,,,1.0
21,acetone_dipole,104,1.0000001192092896,0.0,0.5859518063761726,0.5859518063761726,,,,1.0
21,acetone_dipole,105,1.0000001192092896,0.0,0.5859518063761726,0.5859518063761726,,,,1.0
21,acetone_dipole,106,1.0000001192092896,0.0,0.5859518063761726,0.5859518063761726,,,,1.0
21,acetone_dipole,107,1.0000001192092896,0.0,0.5859518063761726,0.5859518063761726,,,,1.0
21,acetone_dipole,108,1.0000001192092896,0.0,0.5859518063761726,0.5859518063761726,,,,1.0
21,acetone_dipole,109,1.0000001192092896,0.0,0.5859518063761726,0.5859518063761726,,,,1.0
21,acetone_dipole,110,1.0000001192092896,0.0,0.5859518063761726,0.5859518063761726,,,,1.0
21,acetone_dipole,111,1.0000001192092896,0.0,0.5859518063761726,0.5859518063761726,,,,1.0
21,acetone_dipole,112,1.0000001192092896,0.0,0.5859518063761726,0.5859518063761726,,,,1.0
21,acetone_dipole,113,1.0000001192092896,0.0,0.5859518063761726,0.5859518063761726,,,,1.0
21,acetone_dipole,114,1.0000001192092896,0.0,0.5859518063761726,0.5859518063761726,,,,1.0
21,acetone_dipole,115,1.0000001192092896,0.0,0.5859518063761726,0.5859518063761726,,,,1.0
21,acetone_dipole,116,1.0000001192092896,0.0,0.5859518063761726,0.5859518063761726,,,,1.0
21,acetone_dipole,117,1.0000001192092896,0.0,0.5859518063761726,0.5859518063761726,,,,1.0
21,acetone_dipole,118,1.0000001192092896,0.0,0.5859518063761726,0.5859518063761726,,,,1.0
21,acetone_dipole,119,1.0000001192092896,0.0,0.5859518063761726,0.5859518063761726,,,,1.0
21,acetone_dipole,120,1.0000001192092896,0.0,0.5859518063761726,0.5859518063761726,,,,1.0
21,acetone_dipole,121,1.0000001192092896,0.0,0.5859518063761726,0.5859518063761726,,,,1.0
21,acetone_dipole,122,1.0000001192092896,0.0,0.5859518063761726,0.5859518063761726,,,,1.0
21,acetone_dipole,123,1.0000001192092896,0.0,0.5859518063761726,0.5859518063761726,,,,1.0
21,acetone_dipole,124,1.0000001192092896,0.0,0.5859518063761726,0.5859518063761726,,,,1.0
21,acetone_dipole,125,1.0000001192092896,0.0,0.5859518063761726,0.5859518063761726,,,,1.0
21,acetone_dipole,126,1.0000001192092896,0.0,0.5859518063761726,0.5859518063761726,,,,1.0
21,acetone_dipole,127,1.0000001192092896,0.0,0.5859518063761726,0.5859518063761726,,,,1.0
21,acetone_dipole,128,1.0000001192092896,0.0,0.5859518063761726,0.5859518063761726,,,,1.0
21,acetone_dipole,129,1.0000001192092896,0.0,0.5859518063761726,0.5859518063761726,,,,1.0
21,acetone_dipole,130,1.0000001192092896,0.0,0.5859518063761726,0.5859518063761726,,,,1.0
21,acetone_dipole,131,1.0000001192092896,0.0,0.5859518063761726,0.5859518063761726,,,,1.0
21,acetone_dipole,132,1.0000001192092896,0.0,0.5859518063761726,0.5859518063761726,,,,1.0
21,acetone_dipole,133,1.0000001192092896,0.0,0.5859518063761726,0.5859518063761726,,,,1.0
21,acetone_dipole,134,1.0000001192092896,0.0,0.5859518063761726,0.5859518063761726,,,,1.0
21,acetone_dipole,135,1.0000001192092896,0.0,0.5859518063761726,0.5859518063761726,,,,1.0
21,acetone_dipole,136,1.0000001192092896,0.0,0.5859518063761726,0.5859518063761726,,,,1.0
21,acetone_dipole,137,1.0000001192092896,0.0,0.5859518063761726,0.5859518063761726,,,,1.0
21,acetone_dipole,138,1.0000001192092896,0.0,0.5859518063761726,0.5859518063761726,,,,1.0
21,acetone_dipole,139,1.0000001192092896,0.0,0.5859518063761726,0.5859518063761726,,,,1.0
21,acetone_dipole,140,1.0000001192092896,0.0,0.5859518063761726,0.5859518063761726,,,,1.0
21,acetone_dipole,141,1.0000001192092896,0.0,0.5859518063761726,0.5859518063761726,,,,1.0
21,acetone_dipole,142,1.0000001192092896,0.0,0.5859518063761726,0.5859518063761726,,,,1.0
21,acetone_dipole,143,1.0000001192092896,0.0,0.5859518063761726,0.5859518063761726,,,,1.0
21,acetone_dipole,144,1.0000001192092896,0.0,0.5859518063761726,0.5859518063761726,,,,1.0
21,acetone_dipole,145,1.0000001192092896,0.0,0.5859518063761726,0.5859518063761726,,,,1.0
21,acetone_dipole,146,1.0000001192092896,0.0,0.5859518063761726,0.5859518063761726,,,,1.0
21,acetone_dipole,147,1.0000001192092896,0.0,0.5859518063761726,0.5859518063761726,,,,1.0
21,acetone_dipole,148,1.0000001192092896,0.0,0.5859518063761726,0.5859518063761726,,,,1.0
21,acetone_dipole,149,1.0000001192092896,0.0,0.5859518063761726,0.5859518063761726,,,,1.0
21,acetone_dipole,150,1.0000001192092896,0.0,0.5859518063761726,0.5859518063761726,,,,1.0
21,acetone_dipole,151,1.0000001192092896,0.0,0.5859518063761726,0.5859518063761726,,,,1.0
21,acetone_dipole,152,1.0000001192092896,0.0,0.5859518063761726,0.5859518063761726,,,,1.0
21,acetone_dipole,153,1.0000001192092896,0.0,0.5859518063761726,0.5859518063761726,,,,1.0
21,acetone_dipole,154,1.0000001192092896,0.0,0.5859518063761726,0.5859518063761726,,,,1.0
21,acetone_dipole,155,1.0000001192092896,0.0,0.5859518063761726,0.5859518063761726,,,,1.0
21,acetone_dipole,156,1.0000001192092896,0.0,0.5859518063761726,0.5859518063761726,,,,1.0
21,acetone_dipole,157,1.0000001192092896,0.0,0.5859518063761726,0.5859518063761726,,,,1.0
21,acetone_dipole,158,1.0000001192092896,0.0,0.5859518063761726,0.5859518063761726,,,,1.0
21,acetone_dipole,159,1.0000001192092896,0.0,0.5859518063761726,0.5859518063761726,,,,1.0
21,acetone_dipole,160,1.0000001192092896,0.0,0.5859518063761726,0.5859518063761726,,,,1.0
21,acetone_dipole,161,1.0000001192092896,0.0,0.5859518063761726,0.5859518063761726,,,,1.0
21,acetone_dipole,162,1.0000001192092896,0.0,0.5859518063761726,0.5859518063761726,,,,1.0
21,acetone_dipole,163,1.0000001192092896,0.0,0.5859518063761726,0.5859518063761726,,,,1.0
21,acetone_dipole,164,1.0000001192092896,0.0,0.5859518063761726,0.5859518063761726,,,,1.0
21,acetone_dipole,165,1.0000001192092896,0.0,0.5859518063761726,0.5859518063761726,,,,1.0
21,acetone_dipole,166,1.0000001192092896,0.0,0.5859518063761726,0.5859518063761726,,,,1.0
21,acetone_dipole,167,1.0000001192092896,0.0,0.5859518063761726,0.5859518063761726,,,,1.0
21,acetone_dipole,168,1.0000001192092896,0.0,0.5859518063761726,0.5859518063761726,,,,1.0
21,acetone_dipole,169,1.0000001192092896,0.0,0.5859518063761726,0.5859518063761726,,,,1.0
21,acetone_dipole,170,1.0000001192092896,0.0,0.5859518063761726,0.5859518063761726,,,,1.0
21,acetone_dipole,171,1.0000001192092896,0.0,0.5859518063761726,0.5859518063761726,,,,1.0
21,acetone_dipole,172,1.0000001192092896,0.0,0.5859518063761726,0.5859518063761726,,,,1.0
21,acetone_dipole,173,1.0000001192092896,0.0,0.5859518063761726,0.5859518063761726,,,,1.0
21,acetone_dipole,174,1.0000001192092896,0.0,0.5859518063761726,0.5859518063761726,,,,1.0
21,acetone_dipole,175,1.0000001192092896,0.0,0.5859518063761726,0.5859518063761726,,,,1.0
21,acetone_dipole,176,1.0000001192092896,0.0,0.5859518063761726,0.5859518063761726,,,,1.0
21,acetone_dipole,177,1.0000001192092896,0.0,0.5859518063761726,0.5859518063761726,,,,1.0
21,acetone_dipole,178,1.0000001192092896,0.0,0.5859518063761726,0.5859518063761726,,,,1.0
21,acetone_dipole,179,1.0000001192092896,0.0,0.5859518063761726,0.5859518063761726,,,,1.0
21,acetone_dipole,180,1.0000001192092896,0.0,0.5859518063761726,0.5859518063761726,,,,1.0
21,acetone_dipole,181,1.0000001192092896,0.0,0.5859518063761726,0.5859518063761726,,,,1.0
21,acetone_dipole,182,1.0000001192092896,0.0,0.5859518063761726,0.5859518063761726,,,,1.0
21,acetone_dipole,183,1.0000001192092896,0.0,0.5859518063761726,0.5859518063761726,,,,1.0
21,acetone_dipole,184,1.0000001192092896,0.0,0.5859518063761726,0.5859518063761726,,,,1.0
21,acetone_dipole,185,1.0000001192092896,0.0,0.5859518063761726,0.5859518063761726,,,,1.0
21,acetone_dipole,186,1.0000001192092896,0.0,0.5859518063761726,0.5859518063761726,,,,1.0
21,acetone_dipole,187,1.0000001192092896,0.0,0.5859518063761726,0.5859518063761726,,,,1.0
21,acetone_dipole,188,1.0000001192092896,0.0,0.5859518063761726,0.5859518063761726,,,,1.0
21,acetone_dipole,189,1.0000001192092896,0.0,0.5859518063761726,0.5859518063761726,,,,1.0
21,acetone_dipole,190,1.0000001192092896,0.0,0.5859518063761726,0.5859518063761726,,,,1.0
21,acetone_dipole,191,1.0000001192092896,0.0,0.5859518063761726,0.5859518063761726,,,,1.0
21,acetone_dipole,192,1.0000001192092896,0.0,0.5859518063761726,0.5859518063761726,,,,1.0
21,acetone_dipole,193,1.0000001192092896,0.0,0.5859518063761726,0.5859518063761726,,,,1.0
21,acetone_dipole,194,1.0000001192092896,0.0,0.5859518063761726,0.5859518063761726,,,,1.0
21,acetone_dipole,195,1.0000001192092896,0.0,0.5859518063761726,0.5859518063761726,,,,1.0
21,acetone_dipole,196,1.0000001192092896,0.0,0.5859518063761726,0.5859518063761726,,,,1.0
21,acetone_dipole,197,1.0000001192092896,0.0,0.5859518063761726,0.5859518063761726,,,,1.0
21,acetone_dipole,198,1.0000001192092896,0.0,0.5859518063761726,0.5859518063761726,,,,1.0
21,acetone_dipole,199,1.0000001192092896,0.0,0.5859518063761726,0.5859518063761726,,,,1.0
21,acetone_dipole,200,1.0000001192092896,0.0,0.5859518063761726,0.5859518063761726,,,,1.0
21,acetone_dipole,201,1.0000001192092896,0.0,0.5859518063761726,0.5859518063761726,,,,1.0
21,acetone_dipole,202,1.0000001192092896,0.0,0.5859518063761726,0.5859518063761726,,,,1.0
21,acetone_dipole,203,1.0000001192092896,0.0,0.5859518063761726,0.5859518063761726,,,,1.0
21,acetone_dipole,204,1.0000001192092896,0.0,0.5859518063761726,0.5859518063761726,,,,1.0
21,acetone_dipole,205,1.0000001192092896,0.0,0.5859518063761726,0.5859518063761726,,,,1.0
21,acetone_dipole,206,1.0000001192092896,0.0,0.5859518063761726,0.5859518063761726,,,,1.0
21,acetone_dipole,207,1.0000001192092896,0.0,0.5859518063761726,0.5859518063761726,,,,1.0
21,acetone_dipole,208,1.0000001192092896,0.0,0.5859518063761726,0.5859518063761726,,,,1.0
21,acetone_dipole,209,1.0000001192092896,0.0,0.5859518063761726,0.5859518063761726,,,,1.0
21,acetone_dipole,210,1.0000001192092896,0.0,0.5859518063761726,0.5859518063761726,,,,1.0
21,acetone_dipole,211,1.0000001192092896,0.0,0.5859518063761726,0.5859518063761726,,,,1.0
21,acetone_dipole,212,1.0000001192092896,0.0,0.5859518063761726,0.5859518063761726,,,,1.0
21,acetone_dipole,213,1.0000001192092896,0.0,0.5859518063761726,0.5859518063761726,,,,1.0
21,acetone_dipole,214,1.0000001192092896,0.0,0.5859518063761726,0.5859518063761726,,,,1.0
21,acetone_dipole,215,1.0000001192092896,0.0,0.5859518063761726,0.5859518063761726,,,,1.0
21,acetone_dipole,216,1.0000001192092896,0.0,0.5859518063761726,0.5859518063761726,,,,1.0
21,acetone_dipole,217,1.0000001192092896,0.0,0.5859518063761726,0.5859518063761726,,,,1.0
21,acetone_dipole,218,1.0000001192092896,0.0,0.5859518063761726,0.5859518063761726,,,,1.0
21,acetone_dipole,219,1.0000001192092896,0.0,0.5859518063761726,0.5859518063761726,,,,1.0
21,acetone_dipole,220,1.0000001192092896,0.0,0.5859518063761726,0.5859518063761726,,,,1.0
21,acetone_dipole,221,1.0000001192092896,0.0,0.5859518063761726,0.5859518063761726,,,,1.0
21,acetone_dipole,222,1.0000001192092896,0.0,0.5859518063761726,0.5859518063761726,,,,1.0
21,acetone_dipole,223,1.0000001192092896,0.0,0.5859518063761726,0.5859518063761726,,,,1.0
21,acetone_dipole,224,1.0000001192092896,0.0,0.5859518063761726,0.5859518063761726,,,,1.0
21,acetone_dipole,225,1.0000001192092896,0.0,0.5859518063761726,0.5859518063761726,,,,1.0
21,acetone_dipole,226,1.0000001192092896,0.0,0.5859518063761726,0.5859518063761726,,,,1.0
21,acetone_dipole,227,1.0000001192092896,0.0,0.5859518063761726,0.5859518063761726,,,,1.0
21,acetone_dipole,228,1.0000001192092896,0.0,0.5859518063761726,0.5859518063761726,,,,1.0
21,acetone_dipole,229,1.0000001192092896,0.0,0.5859518063761726,0.5859518063761726,,,,1.0
21,acetone_dipole,230,1.0000001192092896,0.0,0.5859518063761726,0.5859518063761726,,,,1.0
21,acetone_dipole,231,1.0000001192092896,0.0,0.5859518063761726,0.5859518063761726,,,,1.0
21,acetone_dipole,232,1.0000001192092896,0.0,0.5859518063761726,0.5859518063761726,,,,1.0
21,acetone_dipole,233,1.0000001192092896,0.0,0.5859518063761726,0.5859518063761726,,,,1.0
21,acetone_dipole,234,1.0000001192092896,0.0,0.5859518063761726,0.5859518063761726,,,,1.0
21,acetone_dipole,235,1.0000001192092896,0.0,0.5859518063761726,0.5859518063761726,,,,1.0
21,acetone_dipole,236,1.0000001192092896,0.0,0.5859518063761726,0.5859518063761726,,,,1.0
21,acetone_dipole,237,1.0000001192092896,0.0,0.5859518063761726,0.5859518063761726,,,,1.0
21,acetone_dipole,238,1.0000001192092896,0.0,0.5859518063761726,0.5859518063761726,,,,1.0
21,acetone_dipole,239,1.0000001192092896,0.0,0.5859518063761726,0.5859518063761726,,,,1.0
21,acetone_dipole,240,1.0000001192092896,0.0,0.5859518063761726,0.5859518063761726,,,,1.0
21,acetone_dipole,241,1.0000001192092896,0.0,0.5859518063761726,0.5859518063761726,,,,1.0
21,acetone_dipole,242,1.0000001192092896,0.0,0.5859518063761726,0.5859518063761726,,,,1.0
21,acetone_dipole,243,1.0000001192092896,0.0,0.5859518063761726,0.5859518063761726,,,,1.0
21,acetone_dipole,244,1.0000001192092896,0.0,0.5859518063761726,0.5859518063761726,,,,1.0
21,acetone_dipole,245,1.0000001192092896,0.0,0.5859518063761726,0.5859518063761726,,,,1.0
21,acetone_dipole,246,1.0000001192092896,0.0,0.5859518063761726,0.5859518063761726,,,,1.0
21,acetone_dipole,247,1.0000001192092896,0.0,0.5859518063761726,0.5859518063761726,,,,1.0
21,acetone_dipole,248,1.0000001192092896,0.0,0.5859518063761726,0.5859518063761726,,,,1.0
21,acetone_dipole,249,1.0000001192092896,0.0,0.5859518063761726,0.5859518063761726,,,,1.0
21,octanol_gsolv_eV,0,0.09105322510004044,0.04723329842090607,0.638596026647309,0.9696301259736892,10.159995079040527,0.0109382513910532,0.001076600067810876,0.04
21,octanol_gsolv_eV,1,0.4799808859825134,0.02541249804198742,0.6592431667161112,0.9093526623029036,5.542732238769531,1.76702880859375,0.3188010411605278,0.36
21,octanol_gsolv_eV,2,0.06922103464603424,0.03965592384338379,0.6315333593581993,0.9632388002183176,8.470501899719238,0.010521095246076584,0.0012420864041628177,0.02
21,octanol_gsolv_eV,3,0.18070048093795776,0.02804354950785637,0.6496159867875029,0.9771245835141651,5.958945274353027,0.04590631648898125,0.007703765410727886,0.18
21,octanol_gsolv_eV,4,0.22420081496238708,0.018295640125870705,0.6326727633793829,0.9331101561998469,3.6883809566497803,0.30062106251716614,0.08150488413491469,0.14
21,octanol_gsolv_eV,5,0.12027346342802048,0.046829305589199066,0.6358384593491895,0.9750774120007042,10.027673721313477,0.0045906961895525455,0.00045780270849810143,0.1
21,octanol_gsolv_eV,6,0.1863292008638382,0.04635260999202728,0.6338145864578477,0.953292002854319,9.80346393585205,0.07125938683748245,0.007268796754265723,0.12
21,octanol_gsolv_eV,7,0.1693909615278244,0.02385644242167473,0.6440140826061223,0.939225631310644,5.051732063293457,0.22322681546211243,0.04418817400948628,0.12
21,octanol_gsolv_eV,8,0.17556753754615784,0.04724745824933052,0.6333788504579889,0.9426061364398401,10.079985618591309,0.17138433456420898,0.01700243840111353,0.14
21,octanol_gsolv_eV,9,0.057780034840106964,0.020906314253807068,0.6451595635213905,0.9604175634946821,4.460745334625244,0.028458338230848312,0.006379727174727663,0.04
21,octanol_gsolv_eV,10,0.2760898768901825,0.041025809943675995,0.6399592470314974,0.9272921575710373,8.908392906188965,0.4945990741252899,0.055520572490878245,0.2
21,octanol_gsolv_eV,11,0.18760423362255096,0.042857252061367035,0.6392200280885885,0.9677410532055806,9.190875053405762,0.03567202761769295,0.0038812438870523386,0.16
21,octanol_gsolv_eV,12,0.02308574877679348,0.04888163506984711,0.6348154443476428,0.9526346464948137,10.33144760131836,0.011083105579018593,0.0010727543715756073,0.04
21,octanol_gsolv_eV,13,0.30184629559516907,0.03773347660899162,0.6402876477997492,0.9227752811225061,8.32423210144043,0.5378790497779846,0.0646160562588001,0.22
21,octanol_gsolv_eV,14,0.22082410752773285,0.0484255850315094,0.6364867165707992,0.9121638930443374,10.443827629089355,0.43344762921333313,0.041502755944194704,0.22
21,octanol_gsolv_eV,15,0.23531895875930786,0.022945106029510498,0.6516724736240085,0.9740395359789742,4.9037251472473145,0.09104713052511215,0.01856693183063514,0.18
21,octanol_gsolv_eV,16,0.23061233758926392,0.041902199387550354,0.6404061825742584,0.9533459989351145,9.113262176513672,0.09263639897108078,0.010165009760151479,0.22
21,octanol_gsolv_eV,17,0.12293954938650131,0.039932187646627426,0.6419764811821198,0.9641662914682756,8.685023307800293,0.024946682155132294,0.002872379413504497,0.08
21,octanol_gsolv_eV,18,0.29764530062675476,0.017313752323389053,0.6480782116782295,0.9159655044110739,3.674208879470825,0.5118294954299927,0.1393033200397982,0.14
21,octanol_gsolv_eV,19,0.09558495879173279,0.04415186122059822,0.6375470744355141,0.9598671099934077,9.480894088745117,0.010087566450238228,0.0010639889398420027,0.1
21,octanol_gsolv_eV,20,0.17580468952655792,0.04607450217008591,0.6388986688668612,0.9763738383161809,9.88894271850586,0.02365366369485855,0.002391930499364085,0.16
21,octanol_gsolv_eV,21,0.15698601305484772,0.032415229827165604,0.6481430856248982,0.9751035558356371,6.9529595375061035,0.03728613257408142,0.00536262757937108,0.14
21,octanol_gsolv_eV,22,0.10723927617073059,0.04533480852842331,0.6397770365645743,0.969010036722282,9.824657440185547,0.01679583266377449,0.001709559113488774,0.06
21,octanol_gsolv_eV,23,0.10446866601705551,0.01213579997420311,0.6446716667089927,0.9642568849807567,2.4820735454559326,0.03644919767975807,0.01468497891470122,0.06
21,octanol_gsolv_eV,24,0.17909862101078033,0.05134699121117592,0.6384792970551445,0.968734480902492,11.100521087646484,0.02188224159181118,0.001971280574941966,0.16
21,octanol_gsolv_eV,25,0.2914502024650574,0.04657004401087761,0.6416765523864225,0.9257489221200332,10.235978126525879,0.722042441368103,0.07053966239894324,0.24
21,octanol_gsolv_eV,26,0.03837784379720688,0.04492875561118126,0.6365071660318253,0.9664910835462721,9.551358222961426,0.007569919340312481,0.0007925489928871504,0.06
21,octanol_gsolv_eV,27,0.17005853354930878,0.04333565756678581,0.64057566678917,0.976484450059977,9.335211753845215,0.022922120988368988,0.002455447352753114,0.16
21,octanol_gsolv_eV,28,0.21640485525131226,0.06232104450464249,0.629571553397898,0.9577804866823223,13.11776065826416,0.11670587211847305,0.008896783159780295,0.2
21,octanol_gsolv_eV,29,0.13474424183368683,0.05465058237314224,0.6394391458974908,0.9684974588527759,11.664793014526367,0.0297838244587183,0.002553309297612739,0.08
21,octanol_gsolv_eV,30,0.37846845388412476,0.020079759880900383,0.648201125618763,0.9382907549252364,4.2573370933532715,0.5644609928131104,0.13258545904066885,0.34
21,octanol_gsolv_eV,31,0.030148198828101158,0.046624332666397095,0.6374033243297483,0.9749425799177107,9.998390197753906,0.006101589649915695,0.0006102572043333926,0.02
21,octanol_gsolv_eV,32,0.14183010160923004,0.031016064807772636,0.6488265830399802,0.9403632345439277,6.603887557983398,0.32165437936782837,0.04870682254106256,0.1
21,octanol_gsolv_eV,33,0.2213330864906311,0.03797547519207001,0.6428884294052251,0.9003694917965344,8.32509994506836,0.6032138466835022,0.07245724984248811,0.18
21,octanol_gsolv_eV,34,0.03373131901025772,0.05720503255724907,0.6331358710214479,0.9593820474719519,12.054725646972656,0.009152962826192379,0.0007592842088854169,0.04
21,octanol_gsolv_eV,35,0.20446796715259552,0.04413868486881256,0.6404118211091847,0.9755748251971306,9.524493217468262,0.00776860024780035,0.0008156444726688932,0.22
21,octanol_gsolv_eV,36,0.22831973433494568,0.0390363372862339,0.6418217345038202,0.9343845962743815,8.511881828308105,0.3587794899940491,0.04215043127136119,0.18
21,octanol_gsolv_eV,37,0.1495106816291809,0.036605264991521835,0.6448289596989496,0.9644288573855229,7.928779125213623,0.023655841127038002,0.002983541444837593,0.14
21,octanol_gsolv_eV,38,0.1645979881286621,0.04255746304988861,0.633803589332222,0.9347845699829977,9.141349792480469,0.1773613691329956,0.019402098503974795,0.12
21,octanol_gsolv_eV,39,0.20971038937568665,0.04825076088309288,0.6420355762359466,0.9250998991826425,10.534381866455078,0.436317503452301,0.04141842482867256,0.16
21,octanol_gsolv_eV,40,0.5043851733207703,0.014236693270504475,0.6530383091838112,0.8980675258034243,3.046581506729126,1.1021482944488525,0.36176556970968493,0.32
21,octanol_gsolv_eV,41,0.3536921739578247,0.030071409419178963,0.6494453194243492,0.9101635328344,6.577770709991455,1.0495685338974,0.15956295531906178,0.3
21,octanol_gsolv_eV,42,0.08736835420131683,0.0344005785882473,0.6383277414270563,0.9459967366269617,7.349287509918213,0.025806289166212082,0.003511400136596271,0.04
21,octanol_gsolv_eV,43,0.2273143231868744,0.04874077066779137,0.6308902965550662,0.9181525641558794,10.431365966796875,0.4105907082557678,0.039361164162266135,0.24
21,octanol_gsolv_eV,44,0.1752573698759079,0.04192313551902771,0.6339189551159179,0.9526728790029892,8.811485290527344,0.058620911091566086,0.006652784310334788,0.1
21,octanol_gsolv_eV,45,0.32550129294395447,0.04358849301934242,0.634100033576749,0.9130494719820836,9.449372291564941,0.7382466793060303,0.07812653121573293,0.26
21,octanol_gsolv_eV,46,0.5192233324050903,0.025726694613695145,0.6595714227101299,0.9344206789701623,5.616820812225342,1.8682833909988403,0.33262292913678343,0.62
21,octanol_gsolv_eV,47,0.35640960931777954,0.015842825174331665,0.6508201414230954,0.9348899607348184,3.3099586963653564,0.6753498315811157,0.2040357277940395,0.26
21,octanol_gsolv_eV,48,0.33096349239349365,0.04183205962181091,0.6406885907184954,0.9270798936315499,9.12899398803711,0.5405570864677429,0.059213215297994955,0.3
21,octanol_gsolv_eV,49,0.33434364199638367,0.024507392197847366,0.6464609455115,0.9274449157055311,5.235814094543457,0.5483943819999695,0.10473908586087555,0.28
21,octanol_gsolv_eV,50,0.31828972697257996,0.04384291544556618,0.6378894047341983,0.9207992765507038,9.634689331054688,0.7775406241416931,0.08070219987638953,0.28
21,octanol_gsolv_eV,51,0.10866135358810425,0.027726968750357628,0.6503741085537071,0.9691741766466919,5.899539947509766,0.02494959719479084,0.004229075049372659,0.1
21,octanol_gsolv_eV,52,0.12349177151918411,0.060024116188287735,0.6387136643334219,0.9814528866869139,13.000657081604004,0.016292864456772804,0.0012532339215244198,0.08
21,octanol_gsolv_eV,53,0.05884331837296486,0.03032020851969719,0.6487264993272073,0.9774181640883022,6.430121421813965,0.03837170824408531,0.005967493570791777,0.1
21,octanol_gsolv_eV,54,0.16108186542987823,0.04126633331179619,0.6431831150456626,0.9831044787126639,8.985807418823242,0.0036735571920871735,0.00040881770784358216,0.18
21,octanol_gsolv_eV,55,0.16993971168994904,0.04663974791765213,0.6191415450704165,0.9491234858405806,9.710524559020996,0.052710190415382385,0.005428150672500494,0.18
21,octanol_gsolv_eV,56,0.2841061055660248,0.03726908937096596,0.6453217770610244,0.9285292498424582,8.100990295410156,0.33235234022140503,0.04102613731184305,0.2
21,octanol_gsolv_eV,57,0.19373570382595062,0.04446052759885788,0.6409063605225753,0.961139488346336,9.587051391601562,0.06139223650097847,0.006403661980445753,0.16
21,octanol_gsolv_eV,58,0.15153348445892334,0.04935825243592262,0.6373335506099431,0.95338048951748,10.612814903259277,0.08950349688529968,0.008433530378242295,0.12
21,octanol_gsolv_eV,59,0.08626025170087814,0.03439886495471001,0.6366346199668336,0.9295414597937701,7.401222229003906,0.11370937526226044,0.01536359424753606,0.08
21,octanol_gsolv_eV,60,0.0962526723742485,0.036332644522190094,0.6320970869677229,0.9456710034953242,7.775404453277588,0.05331961438059807,0.006857471492447201,0.06
21,octanol_gsolv_eV,61,0.3169543743133545,0.040456585586071014,0.6426264911596871,0.9161797126028937,8.85450553894043,0.649483323097229,0.0733506032878883,0.24
21,octanol_gsolv_eV,62,0.052251022309064865,0.03577519580721855,0.6321356553810009,0.9576786950037097,7.374070644378662,0.007714564446359873,0.0010461744697605757,0.04
21,octanol_gsolv_eV,63,0.18255694210529327,0.04844525083899498,0.6335177166654151,0.9516992573092391,10.394485473632812,0.1285022646188736,0.012362542133022271,0.14
21,octanol_gsolv_eV,64,0.23726677894592285,0.09134504199028015,0.6228783245142948,0.9263442570095024,18.729469299316406,1.3667200803756714,0.07297163942736777,0.24
21,octanol_gsolv_eV,65,0.15615031123161316,0.05465400218963623,0.6353008416851458,0.9605892250784254,11.691886901855469,0.032297566533088684,0.0027623912892933604,0.14
21,octanol_gsolv_eV,66,0.24802233278751373,0.04546932503581047,0.6422616893913515,0.9310924212691425,9.892326354980469,0.5178694725036621,0.05235062551721532,0.1
21,octanol_gsolv_eV,67,0.29234495759010315,0.0411156602203846,0.6416745662268661,0.9182659570435667,9.074616432189941,0.3720127046108246,0.04099486820084232,0.22
21,octanol_gsolv_eV,68,0.23766925930976868,0.04456092789769173,0.6367747713903054,0.933130226246188,9.621066093444824,0.4297634959220886,0.044669009831966734,0.14
21,octanol_gsolv_eV,69,0.216551274061203,0.03982631862163544,0.6414258050457937,0.9462483870815939,8.665502548217773,0.17914146184921265,0.020672945493052392,0.12
21,octanol_gsolv_eV,70,0.21324215829372406,0.04022718966007233,0.6415934443390199,0.9464680942962655,8.759688377380371,0.13247442245483398,0.015123188947784364,0.16
21,octanol_gsolv_eV,71,0.04145831987261772,0.03498509153723717,0.6433034558066177,0.9745728416311152,7.539844512939453,0.009043914265930653,0.001199482860742022,0.06
21,octanol_gsolv_eV,72,0.10219597071409225,0.03329019621014595,0.6408382630882001,0.9596291954727372,7.198273181915283,0.05804481357336044,0.00806371363053995,0.1
21,octanol_gsolv_eV,73,0.17667092382907867,0.032149504870176315,0.6498174483500414,0.9645307617702938,6.860235691070557,0.0513543002307415,0.007485792404710739,0.18
21,octanol_gsolv_eV,74,0.2533082664012909,0.03975613787770271,0.6395104084395153,0.8994521626276835,8.702168464660645,0.44392284750938416,0.05101289975161331,0.18
21,octanol_gsolv_eV,75,0.13344314694404602,0.038828831166028976,0.6430059896427232,0.9559234283981255,8.39281940460205,0.10920599848031998,0.013011837049709284,0.06
21,octanol_gsolv_eV,76,0.1800747811794281,0.030302835628390312,0.6442283366581651,0.9724084607098564,6.5641679763793945,0.043653327971696854,0.006650245412484823,0.12
21,octanol_gsolv_eV,77,0.11107315868139267,0.04363244026899338,0.6237244677073936,0.9704025805539902,9.177818298339844,0.005163613706827164,0.0005626188641979542,0.12
21,octanol_gsolv_eV,78,0.13664095103740692,0.03720971196889877,0.6413815627678681,0.9396013839664517,8.01419448852539,0.07351988554000854,0.009173708679677449,0.04
21,octanol_gsolv_eV,79,0.06191064789891243,0.023050928488373756,0.6390627344089665,0.9580831264737988,4.8407440185546875,0.025520462542772293,0.005272012410685579,0.02
21,octanol_gsolv_eV,80,0.38422396779060364,0.03367143124341965,0.6482156652268887,0.927928037826697,7.374894618988037,0.6351569294929504,0.08612420411508266,0.38
21,octanol_gsolv_eV,81,0.14545026421546936,0.0413980558514595,0.6402702365085107,0.9544474187825529,8.93807601928711,0.04680163785815239,0.005236209421038828,0.12
21,octanol_gsolv_eV,82,0.2700256407260895,0.03213922306895256,0.6491692711441346,0.9292394719493677,6.914497375488281,0.6525788903236389,0.09437835534322633,0.22
21,octanol_gsolv_eV,83,0.10654179751873016,0.028318459168076515,0.642257013369947,0.9511453462701327,6.117051124572754,0.12359506636857986,0.02020500791175133,0.02
21,octanol_gsolv_eV,84,0.13447925448417664,0.04490499570965767,0.6395140394128174,0.9817370162352874,9.671239852905273,0.004904529545456171,0.000507125210423029,0.14
21,octanol_gsolv_eV,85,0.17406967282295227,0.05743071436882019,0.6350797377457384,0.9296388260941335,12.322654724121094,0.6509238481521606,0.05282334551482675,0.06
21,octanol_gsolv_eV,86,0.1293506771326065,0.04170285165309906,0.6420926608785809,0.9695870261983417,9.068138122558594,0.007458938751369715,0.0008225435751595234,0.08
21,octanol_gsolv_eV,87,0.1909465491771698,0.04396124184131622,0.6394590973653793,0.9577626502249088,9.469720840454102,0.037767719477415085,0.0039882611233980165,0.16
21,octanol_gsolv_eV,88,0.29515066742897034,0.037115514278411865,0.6442971241143816,0.9359384524581973,8.001431465148926,0.6675146818161011,0.08342440783546436,0.28
21,octanol_gsolv_eV,89,0.08141054213047028,0.05441298708319664,0.6333770775227401,0.9729478554569879,11.459066390991211,0.008783492259681225,0.0007665102862643814,0.04
21,octanol_gsolv_eV,90,0.19595783948898315,0.027385013177990913,0.6500910951275594,0.9568293836535204,5.860764503479004,0.06464612483978271,0.011030322887297071,0.18
21,octanol_gsolv_eV,91,0.22174249589443207,0.022619014605879784,0.6522939373441039,0.9816224603898989,4.843118190765381,0.08748474717140198,0.018063723354555663,0.22
21,octanol_gsolv_eV,92,0.18587060272693634,0.040824856609106064,0.6424945412016461,0.9617828444580139,8.86695384979248,0.03255516290664673,0.0036715159972788894,0.18
21,octanol_gsolv_eV,93,0.14755591750144958,0.04847981408238411,0.6373575579196573,0.9504861102787856,10.341276168823242,0.022007282823324203,0.0021281012579154883,0.1
21,octanol_gsolv_eV,94,0.3434423804283142,0.03239046782255173,0.6427058489232791,0.9449316653778017,7.080255031585693,0.7950849533081055,0.11229608958450728,0.2
21,octanol_gsolv_eV,95,0.13777481019496918,0.0370626300573349,0.6401999934690088,0.9763434396052226,7.993728160858154,0.00776488333940506,0.0009713719535055434,0.14
21,octanol_gsolv_eV,96,0.03928840905427933,0.04860537871718407,0.6370664217586408,0.974173850346784,10.343645095825195,0.008879396133124828,0.0008584397522212597,0.06
21,octanol_gsolv_eV,97,0.21108290553092957,0.040971506386995316,0.6412917598434595,0.9114818803463607,8.902824401855469,0.6175079941749573,0.06936090911174889,0.16
21,octanol_gsolv_eV,98,0.2345626801252365,0.04472263529896736,0.6396847902398715,0.9392608268970735,9.72896957397461,0.6364485025405884,0.06541787367113513,0.16
21,octanol_gsolv_eV,99,0.10449603199958801,0.038093503564596176,0.6417496017775137,0.9305004991060881,8.195927619934082,0.1581011414527893,0.01929020713509679,0.02
21,octanol_gsolv_eV,100,0.09438567608594894,0.0427384227514267,0.6313908548707445,0.9336698344435939,8.876967430114746,0.37004777789115906,0.04168628315969564,0.06
21,octanol_gsolv_eV,101,0.18967165052890778,0.044981569051742554,0.6377334733253133,0.9362340343562634,9.767529487609863,0.18567155301570892,0.019009059890859176,0.16
21,octanol_gsolv_eV,102,0.2713037133216858,0.06670056283473969,0.6240352978048638,0.9238477442348898,13.737031936645508,0.9058806300163269,0.06594442192419747,0.26
21,octanol_gsolv_eV,103,0.35071879625320435,0.0416279099881649,0.6420348027948453,0.9216105938495829,9.072497367858887,0.5189304947853088,0.057198197336901145,0.32
21,octanol_gsolv_eV,104,0.4100196063518524,0.04081021621823311,0.6436110275699927,0.9384247772945966,8.965433120727539,0.6737351417541504,0.07514808628670884,0.4
21,octanol_gsolv_eV,105,0.25788643956184387,0.029325418174266815,0.6408592372058055,0.9305471403728167,6.313889026641846,0.44092172384262085,0.06983361949855696,0.12
21,octanol_gsolv_eV,106,0.22136825323104858,0.03832472860813141,0.6428574723170397,0.9309527018766202,8.343323707580566,0.23949918150901794,0.028705488352491235,0.14
21,octanol_gsolv_eV,107,0.0692501813173294,0.035322826355695724,0.6444455643292415,0.9693381310164284,7.636164665222168,0.021183887496590614,0.0027741527881227647,0.04
21,octanol_gsolv_eV,108,0.16476985812187195,0.02607719972729683,0.6520761872114815,0.9751412150556278,5.572667598724365,0.04771798849105835,0.008562862874143333,0.18
21,octanol_gsolv_eV,109,0.29697126150131226,0.026833992451429367,0.6496067383593829,0.9704521607529197,5.792573928833008,0.12581917643547058,0.021720771798732753,0.24
21,octanol_gsolv_eV,110,0.26894715428352356,0.039495255798101425,0.6404232447379887,0.9073609137531808,8.580011367797852,1.0360944271087646,0.12075676624361967,0.16
21,octanol_gsolv_eV,111,0.12936396896839142,0.045158207416534424,0.6396137352043489,0.971992878111007,9.738103866577148,0.01790487766265869,0.0018386410648289877,0.16
21,octanol_gsolv_eV,112,0.195417121052742,0.02857470139861107,0.6493530563276817,0.9508932259337619,6.069083213806152,0.17349879443645477,0.028587315138763288,0.16
21,octanol_gsolv_eV,113,0.2925608158111572,0.03489530831575394,0.6484748155594973,0.9113561829750505,7.544567108154297,1.0546482801437378,0.1397891045337586,0.22
21,octanol_gsolv_eV,114,0.16657009720802307,0.02991587482392788,0.6420813245227879,0.9235032679035098,6.4491472244262695,0.16758857667446136,0.02598616078102798,0.1
21,octanol_gsolv_eV,115,0.1066073551774025,0.0420830175280571,0.6416985516203226,0.9649921231413319,9.113394737243652,0.023546257987618446,0.002583697805976965,0.1
21,octanol_gsolv_eV,116,0.23256267607212067,0.04588798061013222,0.6358884192249621,0.9147198289862608,9.934378623962402,0.41550788283348083,0.04182525133793948,0.22
21,octanol_gsolv_eV,117,0.1116587296128273,0.024958286434412003,0.6431964020475782,0.9163946269777863,5.346778392791748,0.15845774114131927,0.0296361153390879,0.02
21,octanol_gsolv_eV,118,0.08841373026371002,0.041997477412223816,0.6383359695679907,0.9735324803478789,9.089017868041992,0.012991566210985184,0.001429369641429025,0.06
21,octanol_gsolv_eV,119,0.391247421503067,0.03256962075829506,0.6495275758875898,0.9117101560652929,7.0951738357543945,0.7330588698387146,0.10331795764391896,0.34
21,octanol_gsolv_eV,120,0.2612501382827759,0.05457258224487305,0.6274853941219845,0.9187880223159588,11.550268173217773,0.7958299517631531,0.06890142634163998,0.14
21,octanol_gsolv_eV,121,0.04711072891950607,0.03876493126153946,0.6375886757274924,0.9637344043206679,8.154682159423828,0.008560242131352425,0.0010497333880094785,0.06
21,octanol_gsolv_eV,122,0.046542782336473465,0.027392221614718437,0.6461509365892484,0.9658481768739595,5.755757808685303,0.014864638447761536,0.0025825684370060094,0.06
21,octanol_gsolv_eV,123,0.1485436111688614,0.04796518012881279,0.6360511509480575,0.9614367235303309,10.274640083312988,0.05487893149256706,0.0053412023241277105,0.12
21,octanol_gsolv_eV,124,0.13381125032901764,0.061063557863235474,0.6390856891196928,0.9695619458420148,13.232160568237305,0.07514131814241409,0.005678688507059425,0.06
21,octanol_gsolv_eV,125,0.13373208045959473,0.0562901496887207,0.6312153531288418,0.9452049691190494,11.845696449279785,0.07674624770879745,0.006478829508877345,0.08
21,octanol_gsolv_eV,126,0.7838268876075745,0.005953098647296429,0.695785122307498,0.9246002834559024,1.186470866203308,1.2902389764785767,1.0874594675951255,0.64
21,octanol_gsolv_eV,127,0.1563348025083542,0.0404023714363575,0.6420655267647799,0.9676077195430726,8.725175857543945,0.011361940763890743,0.001302201921129991,0.12
21,octanol_gsolv_eV,128,0.10538443177938461,0.038843583315610886,0.6435465657591384,0.9540925299507543,8.379884719848633,0.011065610684454441,0.001320496767484687,0.1
21,octanol_gsolv_eV,129,0.19074928760528564,0.030731141567230225,0.6506820974229259,0.9652167010173711,6.580300807952881,0.16485349833965302,0.025052577860941075,0.1
21,octanol_gsolv_eV,130,0.2435498982667923,0.04444600269198418,0.6364002781862172,0.9115001161561984,9.712985038757324,0.4576679766178131,0.04711918887876378,0.18
21,octanol_gsolv_eV,131,0.374051034450531,0.035915277898311615,0.6473395981549948,0.9140325972736625,7.8412065505981445,0.6928225755691528,0.08835662867678225,0.38
21,octanol_gsolv_eV,132,0.1378677636384964,0.02329360321164131,0.6484685743027219,0.9502829197461466,4.91280460357666,0.039576586335897446,0.008055803055363646,0.18
21,octanol_gsolv_eV,133,0.31101250648498535,0.040300238877534866,0.6403517219711501,0.9194895646059591,8.810425758361816,0.6761568784713745,0.0767450855402358,0.26
21,octanol_gsolv_eV,134,0.08374904841184616,0.029397128149867058,0.6412129793505079,0.9382627145884332,6.310630798339844,0.061279021203517914,0.009710443085917618,0.04
21,octanol_gsolv_eV,135,0.15039150416851044,0.04159139096736908,0.642729621427441,0.9466191448988084,9.030977249145508,0.06973471492528915,0.0077217241281265885,0.12
21,octanol_gsolv_eV,136,0.21199677884578705,0.037698253989219666,0.6362149534650172,0.9395379433235549,8.028024673461914,0.24774593114852905,0.03086013574017753,0.16
21,octanol_gsolv_eV,137,0.01612517423927784,0.05215422809123993,0.63219722981511,0.968595775785259,11.11225414276123,0.0045781186781823635,0.0004119882986265799,0.08
21,octanol_gsolv_eV,138,0.08077501505613327,0.049025435000658035,0.6376414408858602,0.9479747880106,10.545089721679688,0.021303987130522728,0.002020275568326724,0.06
21,octanol_gsolv_eV,139,0.15277841687202454,0.06121309846639633,0.6377710736372109,0.9795954654145123,13.007607460021973,0.04268256574869156,0.0032813540752881436,0.08
21,octanol_gsolv_eV,140,0.34841403365135193,0.04030248522758484,0.6419366184842787,0.9108155842292129,8.96519660949707,0.8747276067733765,0.09756926087340398,0.3
21,octanol_gsolv_eV,141,0.13292089104652405,0.03790644556283951,0.6389506637258815,0.9416521649312373,8.121265411376953,0.0512692891061306,0.006312968054745294,0.1
21,octanol_gsolv_eV,142,0.20607946813106537,0.05185748636722565,0.6422762344428155,0.9529707678200221,11.284258842468262,0.22545674443244934,0.01997975654226787,0.18
21,octanol_gsolv_eV,143,0.10717947036027908,0.03089946135878563,0.644682691635138,0.9659867732467555,6.663918972015381,0.02150944247841835,0.0032277467011147063,0.06
21,octanol_gsolv_eV,144,0.1924348622560501,0.022688793018460274,0.6466807556423149,0.9402708213347177,4.797504901885986,0.14805571734905243,0.03086098302699994,0.16
21,octanol_gsolv_eV,145,0.07000605762004852,0.023129230365157127,0.6443365593904136,0.9591775134070419,4.826084613800049,0.04203559458255768,0.008710082384871188,0.02
21,octanol_gsolv_eV,146,0.26114821434020996,0.044200580567121506,0.6397404853825783,0.930928068684483,9.650012016296387,0.4345097839832306,0.045026864552029096,0.2
21,octanol_gsolv_eV,147,0.2643592357635498,0.04552660137414932,0.6383788837070405,0.9300020473860089,9.881650924682617,0.36524707078933716,0.03696215071481776,0.22
21,octanol_gsolv_eV,148,0.25810950994491577,0.042549844831228256,0.6389960778480193,0.9198408593558955,9.309890747070312,0.32302531599998474,0.0346970039472951,0.22
21,octanol_gsolv_eV,149,0.1650884598493576,0.04258104786276817,0.6390540891455945,0.9140498818945817,9.284972190856934,0.38494160771369934,0.04145856334311456,0.08
21,octanol_gsolv_eV,150,0.07223798334598541,0.04425720497965813,0.6381060435895596,0.9626608610617438,9.484956741333008,0.010708295740187168,0.0011289767610139078,0.04
21,octanol_gsolv_eV,151,0.049137018620967865,0.03702932968735695,0.6420699090001756,0.9698873999493054,7.992363452911377,0.0117182033136487,0.0014661749784890116,0.06
21,octanol_gsolv_eV,152,0.07945554703474045,0.04698013514280319,0.6392938871936966,0.9549404407756634,10.086585998535156,0.012257756665349007,0.0012152532747085251,0.04
21,octanol_gsolv_eV,153,0.15789277851581573,0.037841398268938065,0.6430817576019678,0.9645020380065237,8.212709426879883,0.019438721239566803,0.002366907220161061,0.16
21,octanol_gsolv_eV,154,0.15302477777004242,0.037046510726213455,0.6411918729132213,0.9489605943134529,8.022231101989746,0.08204659819602966,0.010227403966918845,0.1
21,octanol_gsolv_eV,155,0.2890360951423645,0.03610885143280029,0.6441871832143351,0.9165153521272895,7.915902614593506,0.5025352835655212,0.06348426806553471,0.24
21,octanol_gsolv_eV,156,0.14513859152793884,0.04044191539287567,0.6428547961136677,0.9738880830182246,8.763874053955078,0.006618541665375233,0.0007552073004048168,0.14
21,octanol_gsolv_eV,157,0.679418683052063,0.01055757887661457,0.6732020156873475,0.9262612296320143,2.2658069133758545,1.3452073335647583,0.5936990154030896,0.56
21,octanol_gsolv_eV,158,0.11698218435049057,0.04181238263845444,0.6401486313586313,0.9687527545042383,9.028608322143555,0.005821189843118191,0.0006447494049377629,0.16
21,octanol_gsolv_eV,159,0.1991889476776123,0.03215090185403824,0.6455692989917916,0.9569014971186587,6.931039810180664,0.08214673399925232,0.011852007238306584,0.22
21,octanol_gsolv_eV,160,0.12542356550693512,0.03958871588110924,0.6424162339369321,0.9568493083953729,8.571318626403809,0.02104461006820202,0.002455236001071578,0.08
21,octanol_gsolv_eV,161,0.1355835199356079,0.038189005106687546,0.6450629242004755,0.9287852474778688,8.195963859558105,0.14206542074680328,0.017333583112513005,0.1
21,octanol_gsolv_eV,162,0.4318588674068451,0.014614325948059559,0.652365737230312,0.9350899612707364,3.069887161254883,0.7939105033874512,0.2586122752026244,0.3
21,octanol_gsolv_eV,163,0.3882850110530853,0.04581199586391449,0.6418020057712863,0.9214504184353955,10.15612506866455,1.0013887882232666,0.09859949355221373,0.34
21,octanol_gsolv_eV,164,0.11216617375612259,0.040998801589012146,0.6417603894189194,0.9485241716559047,8.916625022888184,0.04989393427968025,0.0055956075478790415,0.06
21,octanol_gsolv_eV,165,0.07826059311628342,0.02292453870177269,0.6506074050752995,0.9714785674797817,4.858190536499023,0.07756803929805756,0.015966446502107698,0.12
21,octanol_gsolv_eV,166,0.2712517976760864,0.0480414554476738,0.6348732562645452,0.9173655339512734,10.211969375610352,0.6132631301879883,0.06005336557830547,0.3
21,octanol_gsolv_eV,167,0.2572183907032013,0.04686912149190903,0.6388987367645413,0.9308214648034441,10.080238342285156,0.9673254489898682,0.09596255724748853,0.24
21,octanol_gsolv_eV,168,0.12175401300191879,0.04016059637069702,0.6418286947916556,0.9411772086248751,8.665667533874512,0.03718651086091995,0.0042912459675560006,0.12
21,octanol_gsolv_eV,169,0.08239418268203735,0.029246767982840538,0.6494597290032693,0.9609738414781936,6.239172458648682,0.012165198102593422,0.0019498095593959964,0.1
21,octanol_gsolv_eV,170,0.1254337728023529,0.0208347886800766,0.6452100160060485,0.9669848844102054,4.325874328613281,0.06119389459490776,0.01414601764784145,0.04
21,octanol_gsolv_eV,171,0.08846446871757507,0.059052713215351105,0.6371312559208098,0.9606038234855503,12.725133895874023,0.010591244325041771,0.000832309067370667,0.06
21,octanol_gsolv_eV,172,0.2943546772003174,0.05855650082230568,0.6347189754878555,0.952472308190103,12.621755599975586,0.4400281608104706,0.034862674793934505,0.2
21,octanol_gsolv_eV,173,0.17479531466960907,0.022808214649558067,0.6463924433950059,0.970930892231809,4.789323329925537,0.2035476267337799,0.04250028922915601,0.06
21,octanol_gsolv_eV,174,0.14452090859413147,0.0418349914252758,0.6380937847889405,0.9407316718286793,9.002015113830566,0.1108623817563057,0.012315285006129164,0.12
21,octanol_gsolv_eV,175,0.2502356767654419,0.023960772901773453,0.6505216306591275,0.9594082597370608,5.08989953994751,0.10042193531990051,0.019729649776336476,0.26
21,octanol_gsolv_eV,176,0.10171196609735489,0.02204744517803192,0.6474293974239487,0.9558113887975614,4.629513740539551,0.1253942847251892,0.027085843514652798,0.14
21,octanol_gsolv_eV,177,0.30657652020454407,0.05895309895277023,0.6299732311024624,0.9309634994695448,12.451565742492676,0.4504668414592743,0.036177525844962165,0.2
21,octanol_gsolv_eV,178,0.3051934242248535,0.041093338280916214,0.6392876856553842,0.915387518359013,9.026981353759766,0.5120591521263123,0.05672540266332089,0.3
21,octanol_gsolv_eV,179,0.12403453141450882,0.05609384924173355,0.6318779979539313,0.9761068770138075,11.739585876464844,0.008046708069741726,0.0006854337243593503,0.16
21,octanol_gsolv_eV,180,0.23187536001205444,0.019769961014389992,0.649798503855505,0.9541062418143587,4.184080123901367,0.08049826323986053,0.019239178231797684,0.18
21,octanol_gsolv_eV,181,0.08785109966993332,0.04211263358592987,0.6328672622396596,0.9408151488772756,9.041651725769043,0.03390125557780266,0.0037494538172912393,0.06
21,octanol_gsolv_eV,182,0.3546314537525177,0.044556874781847,0.6350364655059024,0.9277688152182635,9.824556350708008,0.6945228576660156,0.07069254151267246,0.28
21,octanol_gsolv_eV,183,0.5060055255889893,0.034144047647714615,0.6526321851365413,0.9136662593462714,7.663179874420166,1.7179290056228638,0.22417965306508622,0.44
21,octanol_gsolv_eV,184,0.20235489308834076,0.040084585547447205,0.6329488976269475,0.9123123975431398,8.483720779418945,0.2575119435787201,0.030353656169758717,0.14
21,octanol_gsolv_eV,185,0.1330205202102661,0.03364575654268265,0.64305737229854,0.9602679438937389,7.294672012329102,0.03730275109410286,0.005113698193840046,0.1
21,octanol_gsolv_eV,186,0.09353264421224594,0.04458796977996826,0.6387525138247907,0.9623952450385056,9.632600784301758,0.006852529011666775,0.0007113892878062939,0.1
21,octanol_gsolv_eV,187,0.24141037464141846,0.07662107795476913,0.6300599067702104,0.95111225249444,16.027366638183594,1.874733805656433,0.1169707942657322,0.26
21,octanol_gsolv_eV,188,0.13873647153377533,0.04928559064865112,0.6319593282835825,0.9759431226493573,10.249067306518555,0.009747153148055077,0.000951028308874091,0.12
21,octanol_gsolv_eV,189,0.08407264947891235,0.045734014362096786,0.6342799389202882,0.9544127164521732,9.573729515075684,0.006065004970878363,0.0006335049430138842,0.04
21,octanol_gsolv_eV,190,0.1990819275379181,0.027810372412204742,0.6452081619644163,0.9448183413917539,5.9801530838012695,0.14368319511413574,0.024026675086853105,0.18
21,octanol_gsolv_eV,191,0.1569007784128189,0.04463297128677368,0.6392012505780889,0.9549699428309324,9.60843276977539,0.024630282074213028,0.00256340265518544,0.14
21,octanol_gsolv_eV,192,0.3196570575237274,0.04515121132135391,0.6400018152739135,0.9365756731556156,9.959123611450195,0.7157748341560364,0.0718712671999669,0.34
21,octanol_gsolv_eV,193,0.27584025263786316,0.037502966821193695,0.6424609456006793,0.9212503477857856,8.190014839172363,0.330076664686203,0.040302328038218635,0.2
21,octanol_gsolv_eV,194,0.05853800103068352,0.046298135071992874,0.636670743612711,0.9722999151909273,9.810359954833984,0.004758869297802448,0.00048508610486382305,0.06
21,octanol_gsolv_eV,195,0.15029315650463104,0.03268067166209221,0.6422175011430042,0.9376609795161759,7.029674530029297,0.10571614652872086,0.01503855492556926,0.12
21,octanol_gsolv_eV,196,0.179401233792305,0.03826408088207245,0.6425265903938688,0.9317704005889695,8.26858901977539,0.06523831188678741,0.007889896538667193,0.12
21,octanol_gsolv_eV,197,0.2998867630958557,0.0379612073302269,0.6415209235048172,0.9038682617525007,8.366167068481445,0.7108001708984375,0.0849612690112649,0.18
21,octanol_gsolv_eV,198,0.41082948446273804,0.02666906639933586,0.65201974976057,0.92130659950756,5.762972354888916,0.8285170197486877,0.14376557247334876,0.3
21,octanol_gsolv_eV,199,0.14931176602840424,0.04292123019695282,0.6402509711295434,0.9647848004244508,9.259909629821777,0.011192264966666698,0.0012086797187114786,0.14
21,octanol_gsolv_eV,200,0.08433236926794052,0.04613242298364639,0.6396633974590904,0.9592993822641105,10.000322341918945,0.02755839377641678,0.002755750548249692,0.04
21,octanol_gsolv_eV,201,0.2472277730703354,0.042872440069913864,0.6414195111146179,0.9100810637662469,9.408536911010742,0.9608391523361206,0.10212418375184962,0.12
21,octanol_gsolv_eV,202,0.6901614665985107,0.01391657255589962,0.6690218166506057,0.919233997806268,2.9731810092926025,1.645397424697876,0.5534131354785422,0.64
21,octanol_gsolv_eV,203,0.16991141438484192,0.04085457697510719,0.6429542738630587,0.975169579152382,8.86912727355957,0.011841396801173687,0.001335125366446705,0.12
21,octanol_gsolv_eV,204,0.2935730814933777,0.041970349848270416,0.6394686621878096,0.930729047261518,9.28433609008789,0.4413469731807709,0.047536729486986166,0.32
21,octanol_gsolv_eV,205,0.30065247416496277,0.04323318600654602,0.6408514621152464,0.9204480385625504,9.4998197555542,0.5972703695297241,0.06287175808578072,0.26
21,octanol_gsolv_eV,206,0.1788739413022995,0.04881647229194641,0.6363437081961598,0.9731686857913513,10.446613311767578,0.01021577324718237,0.0009779028803214933,0.18
21,octanol_gsolv_eV,207,0.1537443846464157,0.038924574851989746,0.6422732360965646,0.9666259483570314,8.480119705200195,0.009863682091236115,0.0011631536386435073,0.14
21,octanol_gsolv_eV,208,0.1106710284948349,0.039413534104824066,0.6428999392179668,0.9148295000334146,8.563855171203613,0.3707337975502014,0.04329052630371566,0.02
21,octanol_gsolv_eV,209,0.11856377869844437,0.04719953238964081,0.6211328657632849,0.9806021141118764,9.885693550109863,0.010981611907482147,0.00111085902590619,0.12
21,octanol_gsolv_eV,210,0.0862661674618721,0.0696137323975563,0.6064535159832225,0.9560957228388853,13.8612642288208,0.008900425396859646,0.0006421077652032335,0.1
21,octanol_gsolv_eV,211,0.12095550447702408,0.042414590716362,0.64218046509373,0.972878388065118,9.15859603881836,0.007812745869159698,0.0008530506025209184,0.12
21,octanol_gsolv_eV,212,0.21500039100646973,0.028983060270547867,0.6445283403692788,0.9462338138659665,6.237526893615723,0.1039026528596878,0.016657668116194412,0.14
21,octanol_gsolv_eV,213,0.2412082403898239,0.04305439442396164,0.6411114362493819,0.928097513504083,9.37065315246582,0.17434144020080566,0.018605046773599657,0.16
21,octanol_gsolv_eV,214,0.15868724882602692,0.029742078855633736,0.6463957507385105,0.9722695572486086,6.306182861328125,0.06044034659862518,0.00958429971469239,0.18
21,octanol_gsolv_eV,215,0.2432483285665512,0.04162738844752312,0.6386138399323966,0.9219723024402233,9.016756057739258,0.4375213086605072,0.048523139126623496,0.18
21,octanol_gsolv_eV,216,0.12820778787136078,0.04498453810811043,0.6377780024424866,0.965136549990403,9.675431251525879,0.007117270492017269,0.0007356024043780817,0.14
21,octanol_gsolv_eV,217,0.1250057965517044,0.042767543345689774,0.6402313922656366,0.9689637403250964,9.257725715637207,0.007874123752117157,0.0008505462350020793,0.08
21,octanol_gsolv_eV,218,0.1855454444885254,0.02300555631518364,0.6491879694872857,0.9588303811693832,4.8697509765625,0.12917305529117584,0.026525597697473553,0.16
21,octanol_gsolv_eV,219,0.16678254306316376,0.0560682974755764,0.6279064396181693,0.9287562938628406,11.5889892578125,0.3305147588253021,0.028519722598111117,0.14
21,octanol_gsolv_eV,220,0.09493991732597351,0.04676439240574837,0.6356169136719934,0.9358901046439199,9.978703498840332,0.11415635794401169,0.01143999898957598,0.04
21,octanol_gsolv_eV,221,0.09987465292215347,0.04643402248620987,0.6388872324298804,0.9564531548928097,10.05114459991455,0.0804939791560173,0.008008439074361901,0.04
21,octanol_gsolv_eV,222,0.16460511088371277,0.04240390658378601,0.6414368346230142,0.9523396517436438,9.195058822631836,0.0652863159775734,0.007100152074816957,0.14
21,octanol_gsolv_eV,223,0.1873387098312378,0.04807811975479126,0.6362156603487468,0.9086397757964275,10.384139060974121,0.423739492893219,0.04080641547701583,0.14
21,octanol_gsolv_eV,224,0.16140086948871613,0.037918053567409515,0.6399897945210276,0.9454832609812129,8.139900207519531,0.14005114138126373,0.01720551085526655,0.14
21,octanol_gsolv_eV,225,0.12770982086658478,0.025081010535359383,0.6473783135466697,0.9443107107584028,5.327725887298584,0.19539521634578705,0.036675163189535245,0.14
21,octanol_gsolv_eV,226,0.12402816861867905,0.03853188827633858,0.6431851460574449,0.973789221064044,8.351006507873535,0.010902587324380875,0.001305541710942465,0.1
21,octanol_gsolv_eV,227,0.21555158495903015,0.05592101439833641,0.6391245534878724,0.9658406226325531,12.002049446105957,0.4359043836593628,0.03631916245777434,0.2
21,octanol_gsolv_eV,228,0.18021070957183838,0.04264478012919426,0.6407619385683732,0.9569304124895563,9.240655899047852,0.06966538727283478,0.007539008922517397,0.14
21,octanol_gsolv_eV,229,0.22153399884700775,0.021718109026551247,0.6419455131196594,0.8997113986667731,4.607622146606445,0.6153090596199036,0.1335415622292475,0.14
21,octanol_gsolv_eV,230,0.23547205328941345,0.0440506748855114,0.6405502092447073,0.9624803647101465,9.59215259552002,0.13311804831027985,0.013877807612490668,0.16
21,octanol_gsolv_eV,231,0.1812797486782074,0.04050137847661972,0.6410208769205936,0.94677648883597,8.789172172546387,0.07744188606739044,0.008811055756682723,0.16
21,octanol_gsolv_eV,232,0.35293006896972656,0.023974621668457985,0.6460654658725782,0.9310347473989047,5.211860656738281,0.5147344470024109,0.09876212755936287,0.32
21,octanol_gsolv_eV,233,0.06902956962585449,0.038006171584129333,0.643050181959296,0.9612227015019155,8.08596420288086,0.008468584157526493,0.0010473190265310986,0.04
21,octanol_gsolv_eV,234,0.06430862098932266,0.04277045652270317,0.6375755266717835,0.9423136565340109,9.113409996032715,0.048998311161994934,0.0053765068380907995,0.02
21,octanol_gsolv_eV,235,0.289264976978302,0.018005482852458954,0.6480928444525424,0.9369073866258368,3.7946248054504395,0.40808171033859253,0.10754204467130482,0.22
21,octanol_gsolv_eV,236,0.1371290236711502,0.048906657844781876,0.6362495734227127,0.9617737618120921,10.31605052947998,0.0294576995074749,0.0028555210565607636,0.08
21,octanol_gsolv_eV,237,0.2993136942386627,0.044291604310274124,0.6408219861540492,0.9286688071026186,9.674112319946289,0.7017598748207092,0.07253997592872742,0.24
21,octanol_gsolv_eV,238,0.12615744769573212,0.04144606739282608,0.6417187132061755,0.9742119985907001,8.967855453491211,0.007329973392188549,0.0008173607871138211,0.12
21,octanol_gsolv_eV,239,0.08689580112695694,0.04490175098180771,0.640519897308804,0.9646622234873174,9.722475051879883,0.00617295503616333,0.000634916006801145,0.04
21,octanol_gsolv_eV,240,0.3257026672363281,0.039217133074998856,0.6445353444834845,0.9308881292715443,8.621630668640137,0.5308045148849487,0.061566603266325126,0.32
21,octanol_gsolv_eV,241,0.1354992836713791,0.04806265980005264,0.6366126956541382,0.9696070518387658,10.249116897583008,0.012597251683473587,0.00122910605951273,0.14
21,octanol_gsolv_eV,242,0.11430807411670685,0.03480011597275734,0.643488359940396,0.9306630620590994,7.5615458488464355,0.15816546976566315,0.020917081365021725,0.02
21,octanol_gsolv_eV,243,0.12804067134857178,0.012012861669063568,0.6478846246036027,0.9680004176194148,2.4792635440826416,0.07245868444442749,0.029225890332380176,0.04
21,octanol_gsolv_eV,244,0.164290189743042,0.04002530127763748,0.6425539771583155,0.923458991391777,8.477254867553711,0.7133352756500244,0.084146965827379,0.16
21,octanol_gsolv_eV,245,0.22932033240795135,0.026053668931126595,0.6508288520564143,0.9629134228834015,5.551220417022705,0.10889070481061935,0.019615633433813617,0.2
21,octanol_gsolv_eV,246,0.3640196621417999,0.03708910942077637,0.6466418329090067,0.9368274575855144,8.107120513916016,1.221765398979187,0.15070275529788968,0.32
21,octanol_gsolv_eV,247,0.3920402228832245,0.04205738380551338,0.6443603157286741,0.921942384804497,9.159205436706543,1.823075294494629,0.19904295269854416,0.3
21,octanol_gsolv_eV,248,0.169997438788414,0.04703960195183754,0.6394938067127862,0.9258855013970713,10.2850980758667,0.3783779442310333,0.03678894857783341,0.12
21,octanol_gsolv_eV,249,0.5115011930465698,0.027006026357412338,0.6561037521600523,0.9131440494801801,5.988262176513672,1.6133664846420288,0.2694214844115794,0.4
21,octanol_hl_gap_eV,0,0.13319022953510284,0.003275288501754403,0.5853415633026375,0.9291170578293322,0.5537461638450623,0.049474891275167465,0.08934579506903907,0.08
21,octanol_hl_gap_eV,1,0.10357257723808289,0.0011337738251313567,0.6321588960761964,0.9608794429556111,0.27315637469291687,0.0013152292231097817,0.0048149314640317875,0.16
21,octanol_hl_gap_eV,2,0.046598002314567566,0.0006853683735243976,0.6475239791529561,0.9695797991076485,0.25416162610054016,0.00031560182105749846,0.0012417367086432396,0.06
21,octanol_hl_gap_eV,3,0.034821927547454834,0.0006907659699209034,0.632698647858468,0.958564954241147,0.2566853165626526,0.00034124276135116816,0.001329420653743848,0.02
21,octanol_hl_gap_eV,4,0.04651302099227905,0.002409352222457528,0.594688426102373,0.9677531745940808,0.3007301092147827,0.0008750265697017312,0.0029096739664227753,0.0
21,octanol_hl_gap_eV,5,0.3847847580909729,0.0015100518940016627,0.606032104161087,0.9104707214343688,0.392557829618454,0.05278193578124046,0.13445645914779433,0.26
21,octanol_hl_gap_eV,6,0.08306466042995453,0.0018112084362655878,0.6171779703062577,0.9197509801152042,0.3414948582649231,0.021354954689741135,0.06253375174736744,0.06
21,octanol_hl_gap_eV,7,0.09076816588640213,0.0013591693714261055,0.6367304490566545,0.9631294533915811,0.31467920541763306,0.0007364811026491225,0.0023404187183950916,0.1
21,octanol_hl_gap_eV,8,0.027270259335637093,0.001636197790503502,0.627882708611802,0.9627381038056211,0.2548159658908844,0.0012687103589996696,0.004978928045438677,0.0
21,octanol_hl_gap_eV,9,0.052672043442726135,0.001184281543828547,0.5894374200586092,0.967368006849084,0.23505765199661255,0.0010578155051916838,0.004500238542359506,0.02
21,octanol_hl_gap_eV,10,0.5374440550804138,0.003274609101936221,0.6460531797704177,0.9509100596537208,0.622438907623291,0.20166976749897003,0.32399929539916145,0.08
21,octanol_hl_gap_eV,11,0.15649017691612244,0.0015332523034885526,0.6302926795174488,0.9517773863159062,0.3544962406158447,0.014244304969906807,0.04018182236618657,0.12
21,octanol_hl_gap_eV,12,0.258488267660141,0.0013090363936498761,0.6335193496655633,0.9016153116224972,0.37288960814476013,0.036965057253837585,0.09913136876554446,0.14
21,octanol_hl_gap_eV,13,0.024769993498921394,0.002346566878259182,0.6227245790384943,0.9642856272220675,0.40504804253578186,0.0009124753414653242,0.0022527583043058805,0.0
21,octanol_hl_gap_eV,14,0.24342042207717896,0.0011788966367021203,0.6522133728835608,0.9097924302163778,0.3018244504928589,0.04675855487585068,0.15491970514481887,0.12
21,octanol_hl_gap_eV,15,0.08045938611030579,0.001643496216274798,0.614613798510331,0.9819598217657031,0.26714593172073364,0.0014911169419065118,0.0055816569329802885,0.04
21,octanol_hl_gap_eV,16,0.11107741296291351,0.0012060231529176235,0.6074568086846557,0.9550575076308603,0.23923158645629883,0.037999603897333145,0.15884024538822614,0.06
21,octanol_hl_gap_eV,17,0.06919385492801666,0.0010946852853521705,0.6458641287003228,0.9773987319979045,0.29881176352500916,0.0018146239453926682,0.006072799557775083,0.02
21,octanol_hl_gap_eV,18,0.0845007598400116,0.00218293908983469,0.6107367967532731,0.9735180225633095,0.23712556064128876,0.0015430212952196598,0.006507190920483947,0.04
21,octanol_hl_gap_eV,19,0.11824755370616913,0.0011155756656080484,0.6440252110648919,0.965996801011467,0.31236374378204346,0.0017797322943806648,0.00569762762102922,0.14
21,octanol_hl_gap_eV,20,0.0544716976583004,0.0008000796078704298,0.6505378704824112,0.9688313938807922,0.3010499179363251,0.00036823912523686886,0.0012231829450780815,0.02
21,octanol_hl_gap_eV,21,0.08818593621253967,0.00267501687631011,0.6190025290367385,0.9791099971490842,0.418676495552063,0.0021771870087832212,0.005200165358966241,0.0
21,octanol_hl_gap_eV,22,0.42515650391578674,0.0007632703054696321,0.673960809989645,0.920482607670688,0.2867514193058014,0.04114813730120659,0.14349758895988174,0.34
21,octanol_hl_gap_eV,23,0.062387268990278244,0.0009736374486237764,0.6561325349895093,0.9621313596400745,0.25490957498550415,0.001002446049824357,0.003932555494948994,0.04
21,octanol_hl_gap_eV,24,0.11407957226037979,0.0031719475518912077,0.5846309211773162,0.9827598990672572,0.5521105527877808,0.0020750509575009346,0.003758397565529849,0.16
21,octanol_hl_gap_eV,25,0.12657107412815094,0.0031392471864819527,0.6350418374256088,0.9400988007002697,0.5627303123474121,0.034336239099502563,0.0610172196984911,0.08
21,octanol_hl_gap_eV,26,0.056918684393167496,0.001668168930336833,0.6209777822315643,0.9681626984330818,0.4754059612751007,0.000795879343058914,0.00167410467660999,0.1
21,octanol_hl_gap_eV,27,0.07581328600645065,0.0007619572570547462,0.6597106699590793,0.9855404536767458,0.2954796850681305,0.0006369802285917103,0.0021557496531270435,0.04
21,octanol_hl_gap_eV,28,0.06488855183124542,0.0013594350311905146,0.6288144949743604,0.9673003779400624,0.38430577516555786,0.0009318364900536835,0.0024247267417520616,0.08
21,octanol_hl_gap_eV,29,0.1804588884115219,0.0024820975959300995,0.6117473479945923,0.9829323931172946,0.5567237138748169,0.001893133856356144,0.003400490780570249,0.16
21,octanol_hl_gap_eV,30,0.05179526284337044,0.002594656776636839,0.5737227998226981,0.9709031680373861,0.5655169486999512,0.000795885338447988,0.001407358948794768,0.04
21,octanol_hl_gap_eV,31,0.12347975373268127,0.0012500606244429946,0.637467294750752,0.9690255286626535,0.23164264857769012,0.0021842813584953547,0.009429530235071428,0.06
21,octanol_hl_gap_eV,32,0.38145092129707336,0.0010874737054109573,0.6644003005387595,0.9086670743567342,0.29214760661125183,0.05933503061532974,0.20309949242296652,0.3
21,octanol_hl_gap_eV,33,0.051374319940805435,0.0023178751580417156,0.6392487761569057,0.9659754205835525,0.4094199538230896,0.0020542347338050604,0.005017427007704405,0.04
21,octanol_hl_gap_eV,34,0.10474924743175507,0.0012849272461608052,0.6061609323812305,0.9703407548527043,0.27198362350463867,0.0019422698533162475,0.007141127941047238,0.04
21,octanol_hl_gap_eV,35,0.05829300731420517,0.0011574897216632962,0.6117602991959306,0.9748520557862055,0.2526000440120697,0.0010405019856989384,0.004119167871757066,0.14
21,octanol_hl_gap_eV,36,0.0709712877869606,0.0047578345984220505,0.5769945259921323,0.9411499204209095,0.9743953943252563,0.03411675989627838,0.03501326062804654,0.22
21,octanol_hl_gap_eV,37,0.15798871219158173,0.0012106654467061162,0.6296201298190902,0.9499940797609394,0.26559606194496155,0.017405904829502106,0.06553525192368652,0.04
21,octanol_hl_gap_eV,38,0.2335294932126999,0.00127774802967906,0.6236958116548852,0.9170820101955628,0.2027038335800171,0.038521330803632736,0.19003750507967818,0.08
21,octanol_hl_gap_eV,39,0.3588874340057373,0.0008992827497422695,0.6512816587154471,0.9009632737608497,0.2569338083267212,0.05375982075929642,0.20923607177041706,0.16
21,octanol_hl_gap_eV,40,0.08641038089990616,0.0015388556057587266,0.6026851523748469,0.9650149935087113,0.1400887817144394,0.0028349279891699553,0.020236652460499986,0.06
21,octanol_hl_gap_eV,41,0.010149683803319931,0.0022351567167788744,0.603179819945006,0.9617588805379871,0.45787128806114197,0.005842212121933699,0.012759507473536007,0.06
21,octanol_hl_gap_eV,42,0.12377110123634338,0.001257193274796009,0.6041307093730988,0.9710371334554606,0.3736366629600525,0.0012244016397744417,0.003276984731836525,0.2
21,octanol_hl_gap_eV,43,0.049828819930553436,0.006518407724797726,0.6249961087795624,0.9426553171869816,1.2145308256149292,0.04899801313877106,0.04034316141293727,0.04
21,octanol_hl_gap_eV,44,0.06755494326353073,0.000795446801930666,0.6446240806620387,0.9357939507229236,0.295952707529068,0.008619804866611958,0.029125615841055736,0.04
21,octanol_hl_gap_eV,45,0.03171579912304878,0.0014400120126083493,0.6273911189297019,0.9718334908092401,0.27828124165534973,0.0009033081005327404,0.003246025837600236,0.04
21,octanol_hl_gap_eV,46,0.07711657136678696,0.005087302532047033,0.5992234072079277,0.9857347467812221,0.8954561352729797,0.006277588661760092,0.0070104926578523795,0.02
21,octanol_hl_gap_eV,47,0.06662727892398834,0.001997325336560607,0.5922289415816486,0.9732696952473907,0.22523732483386993,0.0012295425403863192,0.0054588756161670915,0.1
21,octanol_hl_gap_eV,48,0.06689797341823578,0.0014691600808873773,0.6279422670168202,0.964223347471239,0.2487046867609024,0.0005511587369255722,0.0022161172115563728,0.1
21,octanol_hl_gap_eV,49,0.07508300989866257,0.0010149851441383362,0.6462337220926291,0.9666946891970805,0.2143225222826004,0.0007745008915662766,0.0036137167634908603,0.02
21,octanol_hl_gap_eV,50,0.02622503787279129,0.0023488085716962814,0.5765651292085707,0.9887672604039395,0.49153298139572144,0.0005657337605953217,0.0011509578848379718,0.0
21,octanol_hl_gap_eV,51,0.1219855323433876,0.0016812924295663834,0.6152835864981099,0.9705961274591488,0.2799123227596283,0.0012883966555818915,0.004602857933797678,0.12
21,octanol_hl_gap_eV,52,0.20698796212673187,0.0018211050191894174,0.6314155583009855,0.9742825480222184,0.4060206413269043,0.0018593634013086557,0.00457947998710638,0.22
21,octanol_hl_gap_eV,53,0.05121155083179474,0.002815977670252323,0.5838694402712206,0.9771522856612338,0.5084162950515747,0.0010929767740890384,0.0021497673948042218,0.08
21,octanol_hl_gap_eV,54,0.06744484603404999,0.0011314405128359795,0.5975586474505281,0.9810851997597232,0.269948273897171,0.0006634948658756912,0.0024578592642842028,0.18
21,octanol_hl_gap_eV,55,0.12096162885427475,0.0017292287666350603,0.6243137102853642,0.9438595699596593,0.35885918140411377,0.01682147942483425,0.0468748754288983,0.22
21,octanol_hl_gap_eV,56,0.0492197684943676,0.00184448785148561,0.6086207770313932,0.9744440559464811,0.46726223826408386,0.002616011770442128,0.005598594442728389,0.08
21,octanol_hl_gap_eV,57,0.10771134495735168,0.0019355383701622486,0.6004801071590236,0.9761077164620711,0.4613804519176483,0.000784012780059129,0.001699276111071709,0.14
21,octanol_hl_gap_eV,58,0.0684354156255722,0.0006886721239425242,0.6587160260541547,0.971948815853469,0.27854472398757935,0.0004208566097076982,0.0015109121568802888,0.12
21,octanol_hl_gap_eV,59,0.1788311004638672,0.0017321298364549875,0.6090677471771333,0.9747140094341571,0.24032378196716309,0.011281196027994156,0.046941654861005704,0.04
21,octanol_hl_gap_eV,60,0.053497783839702606,0.000989951309747994,0.6746189004661165,0.9836635048158966,0.3021416664123535,0.0007118156645447016,0.002355900372817954,0.02
21,octanol_hl_gap_eV,61,0.21719273924827576,0.001777595723979175,0.6177553034069176,0.9176193970629569,0.2839449346065521,0.04114584997296333,0.14490784993216033,0.16
21,octanol_hl_gap_eV,62,0.1267283409833908,0.0015241962391883135,0.6366101689411687,0.9788988650763313,0.4072318971157074,0.002860983368009329,0.007025440267014333,0.04
21,octanol_hl_gap_eV,63,0.16181911528110504,0.0009152998100034893,0.6694158409767632,0.9362097719917419,0.24437344074249268,0.017154738306999207,0.07019886553496592,0.1
21,octanol_hl_gap_eV,64,0.0397365503013134,0.0014981727581471205,0.6196493625267672,0.9775470972724509,0.2668287754058838,0.0011547851609066129,0.0043278134419723795,0.06
21,octanol_hl_gap_eV,65,0.06922224909067154,0.001069438410922885,0.6223329833216915,0.9587400073227461,0.3285013437271118,0.0013676945818588138,0.004163436795543115,0.06
21,octanol_hl_gap_eV,66,0.09247486293315887,0.0019340153085067868,0.623842574435302,0.9737634412374818,0.4709429442882538,0.0018906970508396626,0.004014705122500802,0.1
21,octanol_hl_gap_eV,67,0.23225852847099304,0.0024029393680393696,0.616420336829653,0.9026806865751749,0.4778788685798645,0.08180133998394012,0.1711758886243141,0.12
21,octanol_hl_gap_eV,68,0.046214211732149124,0.0015657732728868723,0.6430081376428656,0.975407595682126,0.3598109185695648,0.0009312820038758218,0.002588253873946214,0.12
21,octanol_hl_gap_eV,69,0.027413854375481606,0.0013651238987222314,0.620887998293431,0.9416254862067741,0.316422700881958,0.0076684048399329185,0.02423468612889955,0.04
21,octanol_hl_gap_eV,70,0.07599760591983795,0.002291586250066757,0.5797551643450756,0.9769418140340289,0.4716896414756775,0.003195973811671138,0.006775586170755325,0.16
21,octanol_hl_gap_eV,71,0.21753911674022675,0.0017196277622133493,0.5820745976845443,0.9315659351841274,0.44843247532844543,0.02639772742986679,0.05886667197894689,0.22
21,octanol_hl_gap_eV,72,0.029810313135385513,0.0023476597853004932,0.588766597529274,0.9680158261830696,0.31096789240837097,0.0025687050074338913,0.00826035442932675,0.02
21,octanol_hl_gap_eV,73,0.09131985157728195,0.0013590874150395393,0.6322833046182808,0.9651301095145532,0.38663509488105774,0.0010227799648419023,0.0026453365935561143,0.14
21,octanol_hl_gap_eV,74,0.09793908894062042,0.0013700805138796568,0.6338638792092721,0.923517264349615,0.2889014482498169,0.022626550868153572,0.07831927117439749,0.0
21,octanol_hl_gap_eV,75,0.18592223525047302,0.002590830670669675,0.5683559870146908,0.9004875209058529,0.5444182753562927,0.06973405182361603,0.12808910901820628,0.08
21,octanol_hl_gap_eV,76,0.1506056785583496,0.000836942286696285,0.6638565301334087,0.9623322854609526,0.3019394874572754,0.0036208094097673893,0.011991837968128418,0.12
21,octanol_hl_gap_eV,77,0.24471415579319,0.0010962610831484199,0.6265991475259898,0.9032419785931713,0.2544487416744232,0.037997566163539886,0.1493328908348826,0.1
21,octanol_hl_gap_eV,78,0.4245891273021698,0.002183200092986226,0.6349557195247617,0.9276131931597786,0.5474176406860352,0.15771335363388062,0.28810425881824153,0.28
21,octanol_hl_gap_eV,79,0.026910707354545593,0.0008916697697713971,0.6225788566567299,0.9677115937577094,0.25486329197883606,0.00035869216662831604,0.0014073904635042616,0.06
21,octanol_hl_gap_eV,80,0.059302862733602524,0.0020434416364878416,0.6046259239760516,0.9709154149039343,0.2983922064304352,0.0022055578883737326,0.007391472836231462,0.06
21,octanol_hl_gap_eV,81,0.037216998636722565,0.0030699409544467926,0.6094840628239728,0.9820993038317412,0.6666153073310852,0.005220859311521053,0.007831892328461083,0.1
21,octanol_hl_gap_eV,82,0.09010578691959381,0.004892593249678612,0.5932069113556568,0.9199483618202986,0.769047737121582,0.06530635058879852,0.08491846141206962,0.02
21,octanol_hl_gap_eV,83,0.06257301568984985,0.0011086981976404786,0.6349400022885603,0.9301349529453382,0.26164987683296204,0.016814881935715675,0.06426481884587448,0.14
21,octanol_hl_gap_eV,84,0.09054306149482727,0.0013181843096390367,0.642467138139746,0.9646169978499664,0.3471532464027405,0.0011213861871510744,0.003230233906123777,0.14
21,octanol_hl_gap_eV,85,0.09900686889886856,0.0031515832524746656,0.6115795504277572,0.9048160042052633,0.6990148425102234,0.06147194653749466,0.08794083158054775,0.1
21,octanol_hl_gap_eV,86,0.09024479985237122,0.0023946675937622786,0.6098323423640222,0.9764133958617587,0.5492252111434937,0.0010752759408205748,0.0019578051389553606,0.08
21,octanol_hl_gap_eV,87,0.06882334500551224,0.002094753785058856,0.5751909592081057,0.9647956314647124,0.5155652761459351,0.0011114287190139294,0.0021557478178560073,0.04
21,octanol_hl_gap_eV,88,0.11383461207151413,0.00613897480070591,0.6364505435910155,0.9341183390604704,1.1680041551589966,0.10005705058574677,0.08566497828265544,0.02
21,octanol_hl_gap_eV,89,0.06515095382928848,0.0013015302829444408,0.6319016907746355,0.9771879056202823,0.35533595085144043,0.0009303147671744227,0.0026181273382140007,0.08
21,octanol_hl_gap_eV,90,0.12518763542175293,0.0028502291534096003,0.6151180052696443,0.9370473354237485,0.6391018033027649,0.02988988533616066,0.04676858237873063,0.02
21,octanol_hl_gap_eV,91,0.14393746852874756,0.0008165623876266181,0.6516415767121522,0.9786589116424889,0.24781213700771332,0.0032955750357359648,0.01329868292783976,0.1
21,octanol_hl_gap_eV,92,0.10886126011610031,0.0013076476752758026,0.642163766191103,0.968173604461176,0.3774312138557434,0.002369851339608431,0.006278896001733982,0.06
21,octanol_hl_gap_eV,93,0.018488166853785515,0.0006558041786774993,0.6442500664692776,0.9619846217034962,0.2810876667499542,0.003378388239070773,0.01201898424834153,0.12
21,octanol_hl_gap_eV,94,0.05445922538638115,0.001410910626873374,0.6073369872702907,0.9683761149149681,0.22614265978336334,0.0007048921543173492,0.0031170242491735567,0.06
21,octanol_hl_gap_eV,95,0.24995923042297363,0.0014442633837461472,0.6126482930186814,0.9143724865578746,0.358521968126297,0.043439507484436035,0.12116274969553203,0.22
21,octanol_hl_gap_eV,96,0.7905678153038025,0.0013424803037196398,0.6310822818038075,0.940369868925611,0.23029740154743195,0.1716362088918686,0.7452807011221031,0.12
21,octanol_hl_gap_eV,97,0.017289159819483757,0.0019613169133663177,0.6046422517782555,0.9638100213731813,0.2630569040775299,0.0009500946034677327,0.003611745552923083,0.0
21,octanol_hl_gap_eV,98,0.07474139332771301,0.0012720254017040133,0.6460044372211347,0.9799375812288107,0.3715372383594513,0.0015254088211804628,0.004105668728970513,0.12
21,octanol_hl_gap_eV,99,0.030204297974705696,0.001247262000106275,0.6009876259907683,0.9747261983207165,0.2777501344680786,0.0008854713523760438,0.0031880141266963443,0.04
21,octanol_hl_gap_eV,100,0.03611167147755623,0.0025730286724865437,0.6365155050928533,0.9773663720544661,0.48969903588294983,0.0012948309304192662,0.002644136164337401,0.0
21,octanol_hl_gap_eV,101,0.0924215316772461,0.001188415801152587,0.6389637884121706,0.9768837506889831,0.29159122705459595,0.0010851703118532896,0.00372154650472426,0.02
21,octanol_hl_gap_eV,102,0.10650623589754105,0.0011006018612533808,0.6164760359326802,0.9604076692401817,0.31249305605888367,0.00041709316428750753,0.0013347277841876714,0.02
21,octanol_hl_gap_eV,103,0.05117783695459366,0.0012723581166937947,0.6328547777542797,0.9578974752222462,0.27598878741264343,0.0017217893619090319,0.0062386206992340815,0.04
21,octanol_hl_gap_eV,104,0.15888281166553497,0.000971407862380147,0.6525780117593631,0.9742063061717827,0.23549430072307587,0.0010822804179042578,0.004595781785721178,0.06
21,octanol_hl_gap_eV,105,0.043581463396549225,0.001381926704198122,0.6476077452182247,0.9714731432053167,0.2689136266708374,0.0007014453876763582,0.0026084412172052533,0.0
21,octanol_hl_gap_eV,106,0.26640787720680237,0.001372921047732234,0.6234612614105972,0.9046379358684942,0.22958998382091522,0.05350881069898605,0.23306247863462543,0.2
21,octanol_hl_gap_eV,107,0.33864396810531616,0.0012981841573491693,0.6462117246888086,0.916196109691678,0.3558729290962219,0.054928041994571686,0.1543473456496605,0.18
21,octanol_hl_gap_eV,108,0.2661667764186859,0.0020850305445492268,0.6270288386331162,0.9007918853205967,0.4636465013027191,0.07530828565359116,0.16242608418697346,0.22
21,octanol_hl_gap_eV,109,0.10494507849216461,0.001259306794963777,0.6546086600087819,0.9797362612947189,0.3736121654510498,0.0009684524848125875,0.0025921331647308817,0.16
21,octanol_hl_gap_eV,110,0.08233622461557388,0.001488549867644906,0.6192145274933569,0.9645603176071671,0.267856240272522,0.003760321531444788,0.014038581022487907,0.04
21,octanol_hl_gap_eV,111,0.09160111099481583,0.0009734831401146948,0.6888204425050801,0.9677146863910031,0.3011419177055359,0.000490281090606004,0.001628073216580274,0.08
21,octanol_hl_gap_eV,112,0.12566813826560974,0.0010989682050421834,0.6426772441088966,0.9750287328890281,0.23442232608795166,0.0010524704121053219,0.004489633857273693,0.12
21,octanol_hl_gap_eV,113,0.01824350655078888,0.0036285424139350653,0.6140300034939192,0.9727858242172971,0.5915467143058777,0.0017655895790085196,0.0029847001704341584,0.02
21,octanol_hl_gap_eV,114,0.04570811614394188,0.001445576548576355,0.6337244732872389,0.9701623269463227,0.2677097022533417,0.0005688525270670652,0.0021248857336098456,0.0
21,octanol_hl_gap_eV,115,0.17941683530807495,0.0016483502695336938,0.5891590504769904,0.9937454984078626,0.34866756200790405,0.0015275373589247465,0.004381071041217531,0.14
21,octanol_hl_gap_eV,116,0.02877223677933216,0.0018925803015008569,0.627285358223894,0.95338049542617,0.3465057909488678,0.0005085952579975128,0.0014677828517808632,0.0
21,octanol_hl_gap_eV,117,0.030879821628332138,0.002488589147105813,0.6137223946904817,0.9635735810696593,0.5551891326904297,0.0011391117004677653,0.0020517543182944965,0.06
21,octanol_hl_gap_eV,118,0.4809788763523102,0.001458306796848774,0.6262486114798065,0.9209656652771827,0.39211320877075195,0.10086598247289658,0.2572368903080427,0.44
21,octanol_hl_gap_eV,119,0.00877385400235653,0.0018180625047534704,0.6210383005660927,0.9686470558597684,0.3927357792854309,0.0014106218004599214,0.0035917832671790145,0.12
21,octanol_hl_gap_eV,120,0.06761522591114044,0.0013063137885183096,0.6053955801488187,0.9667345197539485,0.31039270758628845,0.0032927552238106728,0.010608352397890323,0.14
21,octanol_hl_gap_eV,121,0.21338526904582977,0.0025830897502601147,0.5994250129361096,0.9294609059463101,0.3740175664424896,0.13122285902500153,0.3508467804684753,0.2
21,octanol_hl_gap_eV,122,0.1406046748161316,0.0009898054413497448,0.6551689680013881,0.9713463201211263,0.31184059381484985,0.0015504275215789676,0.0049718591880937345,0.12
21,octanol_hl_gap_eV,123,0.12164008617401123,0.00261279521510005,0.6308131230864003,0.9844991494474702,0.4321649670600891,0.005429190117865801,0.012562772394068016,0.0
21,octanol_hl_gap_eV,124,0.017498789355158806,0.0035598224494606256,0.5792742558691648,0.9652345312098383,0.5905865430831909,0.0015059025026857853,0.00254984222096246,0.02
21,octanol_hl_gap_eV,125,0.0953698605298996,0.002116086892783642,0.5978556106854247,0.9697866571983484,0.3810223639011383,0.0014275118010118604,0.0037465302204209953,0.12
21,octanol_hl_gap_eV,126,0.03313831612467766,0.0018317829817533493,0.6272813593058242,0.9759387879630983,0.37545010447502136,0.002171754138544202,0.00578440147614525,0.04
21,octanol_hl_gap_eV,127,0.11234669387340546,0.001329526538029313,0.6438568606420771,0.9628348692858104,0.2626931667327881,0.0020765429362654686,0.007904822809409929,0.02
21,octanol_hl_gap_eV,128,0.1785096675157547,0.0016551354201510549,0.6273105068168048,0.9065800416153775,0.37862133979797363,0.04392110928893089,0.1160027306236001,0.06
21,octanol_hl_gap_eV,129,0.03078303299844265,0.0015957133146002889,0.5888935517782936,0.9655986520752049,0.2525580823421478,0.0010014359140768647,0.0039651707234622975,0.02
21,octanol_hl_gap_eV,130,0.06458762288093567,0.0012145614018663764,0.6088121008905631,0.9558091352056008,0.30631107091903687,0.0007552345632575452,0.0024655803689745395,0.08
21,octanol_hl_gap_eV,131,0.010920577682554722,0.0036361811216920614,0.6279998438087149,0.9675142186478671,0.674308180809021,0.0010634592035785317,0.0015771115253304733,0.02
21,octanol_hl_gap_eV,132,0.010676070116460323,0.0011966144666075706,0.6164701880147982,0.9611854571490586,0.3142043948173523,0.0015694362809881568,0.0049949533070677565,0.02
21,octanol_hl_gap_eV,133,0.09038983285427094,0.0011601130245253444,0.6147703916447058,0.9379672240217853,0.24968531727790833,0.00956906657665968,0.0383245065468106,0.0
21,octanol_hl_gap_eV,134,0.16320477426052094,0.0009308079024776816,0.6366364128853597,0.9779514335042971,0.28157365322113037,0.0028456461150199175,0.01010622294545834,0.18
21,octanol_hl_gap_eV,135,0.062057532370090485,0.0007107668789103627,0.6741913982103984,0.959890601345234,0.2779849171638489,0.00048262462951242924,0.0017361540130897187,0.04
21,octanol_hl_gap_eV,136,0.0549866147339344,0.0019557259511202574,0.6393627455592781,0.974724014577963,0.44895660877227783,0.0012995927827432752,0.0028946957397445543,0.04
21,octanol_hl_gap_eV,137,0.05742502212524414,0.0021741145756095648,0.6141208500114317,0.9577510669640514,0.35251253843307495,0.009825529530644417,0.027872851202170243,0.02
21,octanol_hl_gap_eV,138,0.14680950343608856,0.0015397630631923676,0.6391918958240188,0.9558384825639508,0.397432416677475,0.0018725377740338445,0.004711587921509305,0.14
21,octanol_hl_gap_eV,139,0.6975670456886292,0.0023316044826060534,0.627960720324052,0.9126134367939396,0.6259183287620544,0.1928676813840866,0.3081355386501329,0.36
21,octanol_hl_gap_eV,140,0.08916918933391571,0.0014273201813921332,0.6374997646243628,0.9690312244746992,0.28858429193496704,0.0009674957254901528,0.0033525585159298265,0.06
21,octanol_hl_gap_eV,141,0.04772714152932167,0.0008163126767612994,0.6752042839743062,0.9549979554241821,0.27281421422958374,0.0005114121013320982,0.0018745801159089355,0.12
21,octanol_hl_gap_eV,142,0.1587676852941513,0.0011032625334337354,0.6293555532762634,0.9685502781951454,0.22393183410167694,0.001128860400058329,0.005041089421639652,0.06
21,octanol_hl_gap_eV,143,0.08782971650362015,0.0008129214984364808,0.6700091814140492,0.9640859736869143,0.2999100089073181,0.0008316717576235533,0.0027730710310524074,0.14
21,octanol_hl_gap_eV,144,0.03377729281783104,0.0012857683468610048,0.6325707177809932,0.9697435023472387,0.21900106966495514,0.0015952956164255738,0.007284419290125756,0.02
21,octanol_hl_gap_eV,145,0.06929058581590652,0.0016705828020349145,0.6008296547361036,0.970744755434856,0.4461810290813446,0.001948338351212442,0.004366699218978301,0.1
21,octanol_hl_gap_eV,146,0.09792602807283401,0.0010002441704273224,0.6413644168090893,0.971312167268845,0.29041633009910583,0.001111493562348187,0.0038272419528505336,0.16
21,octanol_hl_gap_eV,147,0.42090854048728943,0.0014215628616511822,0.6441985317665071,0.927976883724942,0.3090415596961975,0.08711423724889755,0.28188518506874927,0.36
21,octanol_hl_gap_eV,148,0.01803254894912243,0.0011500136461108923,0.6157870707730155,0.9584733462881792,0.22191330790519714,0.0006670824950560927,0.0030060499811984005,0.04
21,octanol_hl_gap_eV,149,0.29999279975891113,0.0022958042100071907,0.6334165886029122,0.9539276805869907,0.40090373158454895,0.028709392994642258,0.0716116881256506,0.32
21,octanol_hl_gap_eV,150,0.20554645359516144,0.0012706124689429998,0.650763907027083,0.9830046885694521,0.2906700670719147,0.0008239027229137719,0.002834494556709653,0.18
21,octanol_hl_gap_eV,151,0.2349260151386261,0.0022536630276590586,0.607047010040983,0.9119051606228192,0.5470987558364868,0.06912343949079514,0.1263454518099001,0.2
21,octanol_hl_gap_eV,152,0.04760261997580528,0.0010069768177345395,0.6109441512983835,0.9543927976629132,0.3799314796924591,0.0005081023555248976,0.001337352608781426,0.12
21,octanol_hl_gap_eV,153,0.020499320700764656,0.0019559739157557487,0.5835401914118543,0.9681823775889198,0.2672351896762848,0.0006926996284164488,0.002592097355350357,0.02
21,octanol_hl_gap_eV,154,0.0745687410235405,0.0011082978453487158,0.5939830911752735,0.9651471237836273,0.35100695490837097,0.001016118680126965,0.0028948676540959677,0.02
21,octanol_hl_gap_eV,155,0.05015701428055763,0.0023813650477677584,0.5763622398395567,0.9577187237414484,0.3805386424064636,0.0007950130966491997,0.002089178359447724,0.04
21,octanol_hl_gap_eV,156,0.10990048199892044,0.001411099568940699,0.6058657373605105,0.9793553808704045,0.37166842818260193,0.001072834013029933,0.0028865352332344088,0.08
21,octanol_hl_gap_eV,157,0.08965826034545898,0.0014029738958925009,0.6249805803374564,0.9792586124251352,0.33372819423675537,0.0012404998997226357,0.0037170964909323577,0.14
21,octanol_hl_gap_eV,158,0.04615272209048271,0.0007480840431526303,0.6240661550301807,0.9686645425392728,0.24936887621879578,0.00038424789090640843,0.001540881511489309,0.08
21,octanol_hl_gap_eV,159,0.052105724811553955,0.0009132689447142184,0.6406295239512207,0.9709474358822261,0.25508540868759155,0.000719718518666923,0.002821480547906907,0.08
21,octanol_hl_gap_eV,160,0.07307972759008408,0.0013613352784886956,0.6366549262016936,0.976654546349303,0.33246713876724243,0.00041806406807154417,0.0012574598188010017,0.14
21,octanol_hl_gap_eV,161,0.08509168773889542,0.0012249156134203076,0.6394453922929224,0.9745543164587165,0.25910744071006775,0.0006141542689874768,0.0023702687476068822,0.04
21,octanol_hl_gap_eV,162,0.04940863326191902,0.0011350871063768864,0.6292329555721838,0.9782978499292332,0.25446268916130066,0.0011921925470232964,0.00468513694857473,0.04
21,octanol_hl_gap_eV,163,0.0459713339805603,0.002714972710236907,0.6192039270509717,0.9772712733682802,0.44227170944213867,0.009318821132183075,0.021070353208749008,0.0
21,octanol_hl_gap_eV,164,0.11201100051403046,0.0015797652304172516,0.5827445813071852,0.9764768956691852,0.2956482470035553,0.0032911247108131647,0.011131893201360966,0.04
21,octanol_hl_gap_eV,165,0.18847744166851044,0.0010569172445684671,0.6321959949440057,0.9076137975546801,0.31063133478164673,0.029024062678217888,0.09343572083164077,0.1
21,octanol_hl_gap_eV,166,0.11619104444980621,0.0013516307808458805,0.6267346205650128,0.9721205700209539,0.33668583631515503,0.0015265875263139606,0.004534160221949453,0.06
21,octanol_hl_gap_eV,167,0.07987923175096512,0.0010617675725370646,0.636890166871638,0.9676349824928148,0.32549333572387695,0.0007062168442644179,0.0021696814243334214,0.1
21,octanol_hl_gap_eV,168,0.09261544048786163,0.0012998610036447644,0.6192529900742911,0.9735525123236768,0.21505975723266602,0.0009106495417654514,0.004234402351622903,0.08
21,octanol_hl_gap_eV,169,0.0747188851237297,0.000869411276653409,0.6782483651714637,0.9608857019211106,0.28087326884269714,0.00047752493992447853,0.001700143776202199,0.1
21,octanol_hl_gap_eV,170,0.08723357319831848,0.0011481164256110787,0.6333995386155327,0.9676472712921125,0.24576884508132935,0.0015599413309246302,0.006347189084964847,0.12
21,octanol_hl_gap_eV,171,0.15184789896011353,0.0017328897956758738,0.6283436690712985,0.9665994054579674,0.4523427486419678,0.0012385480804368854,0.0027380743565698323,0.2
21,octanol_hl_gap_eV,172,0.08956880122423172,0.0014136508107185364,0.6343366431952124,0.9644112427096372,0.3303647041320801,0.0005783269298262894,0.0017505711796471873,0.08
21,octanol_hl_gap_eV,173,0.025030260905623436,0.000971946690697223,0.604960988250759,0.9823499141956289,0.25268128514289856,0.0008315893937833607,0.0032910604887618523,0.2
21,octanol_hl_gap_eV,174,0.080410897731781,0.0011236879508942366,0.6152682790472215,0.9635954350379785,0.350559264421463,0.0016892383573576808,0.0048186955211281446,0.02
21,octanol_hl_gap_eV,175,0.02731681615114212,0.002328117610886693,0.5734410811632953,0.9622228465759652,0.29470881819725037,0.0011742004426196218,0.00398427318803105,0.02
21,octanol_hl_gap_eV,176,0.08903084695339203,0.0015593080315738916,0.6246889444117865,0.9708862256142312,0.401227205991745,0.000641322520095855,0.001598402377801494,0.14
21,octanol_hl_gap_eV,177,0.050021786242723465,0.0015656304312869906,0.6162979136995852,0.9739511361679132,0.33037713170051575,0.0005926036974415183,0.0017937188763376905,0.04
21,octanol_hl_gap_eV,178,0.03651227802038193,0.0015019378624856472,0.6271336282678526,0.9634812402775448,0.2822243869304657,0.0011753428261727095,0.004164568621996121,0.02
21,octanol_hl_gap_eV,179,0.13164228200912476,0.0008650600793771446,0.6689486714292914,0.9595978335088153,0.26371169090270996,0.0017481374088674784,0.006628971976492356,0.06
21,octanol_hl_gap_eV,180,0.014359102584421635,0.0011918684467673302,0.6298913483521933,0.9602624644954676,0.25623321533203125,0.0017161635914817452,0.006697662476185658,0.04
21,octanol_hl_gap_eV,181,0.052441373467445374,0.0015810158802196383,0.601290751474953,0.9649620404854313,0.33540064096450806,0.001983999041840434,0.005915310823900244,0.08
21,octanol_hl_gap_eV,182,0.043517645448446274,0.001358787645585835,0.633533083539749,0.9865637602162938,0.2680354714393616,0.0006147666135802865,0.002293601702337994,0.08
21,octanol_hl_gap_eV,183,0.10601503401994705,0.004354147706180811,0.629666592752687,0.9608643914870483,0.8265010714530945,0.003808724693953991,0.004608251368939869,0.04
21,octanol_hl_gap_eV,184,0.02881579101085663,0.0013913175789639354,0.582843349405328,0.984213455915782,0.22539766132831573,0.0006515259738080204,0.0028905622621301437,0.02
21,octanol_hl_gap_eV,185,0.11837209761142731,0.0015522068133577704,0.6127618517451534,0.982239015489192,0.32718443870544434,0.0012911736266687512,0.00394631734864127,0.22
21,octanol_hl_gap_eV,186,0.07665234059095383,0.0007854364812374115,0.6257894291616257,0.955373848124808,0.2880996763706207,0.0006392167997546494,0.0022187348760931624,0.02
21,octanol_hl_gap_eV,187,0.1223578080534935,0.0013634987408295274,0.6093194934723518,0.9781414652165106,0.3153704106807709,0.0018650464480742812,0.005913828263242322,0.12
21,octanol_hl_gap_eV,188,0.035083357244729996,0.0010737624252215028,0.5865869946227971,0.9591748582259689,0.32973673939704895,0.000737787748221308,0.0022375054401593654,0.04
21,octanol_hl_gap_eV,189,0.04505990073084831,0.0006815405795350671,0.6308364965635052,0.9538318290425551,0.27528679370880127,0.0018327048746868968,0.006657438411758809,0.04
21,octanol_hl_gap_eV,190,0.07723743468523026,0.0009280155063606799,0.6153036537514274,0.967517776306134,0.23487290740013123,0.00039883656427264214,0.0016980952323853223,0.04
21,octanol_hl_gap_eV,191,0.07777189463376999,0.0006902380846440792,0.6855305500422972,0.9659632889088199,0.27759936451911926,0.0008081967243924737,0.002911378150279628,0.02
21,octanol_hl_gap_eV,192,0.04810776188969612,0.000968921696767211,0.6354836803236126,0.9788665212370122,0.27480775117874146,0.0009860956342890859,0.0035883108466169353,0.02
21,octanol_hl_gap_eV,193,0.07094690203666687,0.0014188889181241393,0.6335747914175303,0.977839549354147,0.26263144612312317,0.0007071627187542617,0.0026926049001106274,0.06
21,octanol_hl_gap_eV,194,0.10998040437698364,0.0012472579255700111,0.6217999722700114,0.949506813665304,0.3331144452095032,0.004702950362116098,0.014118121954027863,0.08
21,octanol_hl_gap_eV,195,0.027471615001559258,0.0026103344280272722,0.5755421706273214,0.9812517458053724,0.5527600049972534,0.0016303743468597531,0.002949515761126484,0.02
21,octanol_hl_gap_eV,196,0.024656543508172035,0.0011883967090398073,0.6020456466388728,0.9664516768373721,0.2386283129453659,0.0012431202922016382,0.005209441733287749,0.12
21,octanol_hl_gap_eV,197,0.04874326288700104,0.0016178799560293555,0.6394296808376017,0.969174222137869,0.32160747051239014,0.001239050179719925,0.0038526784771070475,0.0
21,octanol_hl_gap_eV,198,0.19721148908138275,0.001190401497296989,0.6431274620821761,0.9449183648267081,0.280468225479126,0.018489420413970947,0.06592340498602055,0.16
21,octanol_hl_gap_eV,199,0.06634025275707245,0.0009588838438503444,0.5974556123304802,0.9668039896030023,0.26655280590057373,0.0017072247574105859,0.006404827559937201,0.12
21,octanol_hl_gap_eV,200,0.07688826322555542,0.0026071907486766577,0.587195025581416,0.9702261155712539,0.521061897277832,0.002004240872338414,0.0038464544861351586,0.1
21,octanol_hl_gap_eV,201,0.07496568560600281,0.001238468219526112,0.643298598532783,0.9721055753338947,0.23529598116874695,0.000961226352956146,0.0040851796455749255,0.06
21,octanol_hl_gap_eV,202,0.025972366333007812,0.0014374387683346868,0.6247588477236756,0.9567750236507553,0.22802352905273438,0.0006699408986605704,0.0029380340767624687,0.08
21,octanol_hl_gap_eV,203,0.045175451785326004,0.0010698052356019616,0.6036782468134101,0.9757091566317881,0.22283746302127838,0.0007144103292375803,0.0032059704842778724,0.02
21,octanol_hl_gap_eV,204,0.06144087761640549,0.0019597422797232866,0.6387292907260611,0.9741099651689418,0.3498101830482483,0.0008275620057247579,0.002365745898285113,0.04
21,octanol_hl_gap_eV,205,0.058054737746715546,0.0019340234575793147,0.6022723432418642,0.964683632246671,0.249925434589386,0.0004919907078146935,0.0019685499742073376,0.06
21,octanol_hl_gap_eV,206,0.08142351359128952,0.0013675407972186804,0.5915937423078876,0.980770448487766,0.2650797367095947,0.0005490003386512399,0.0020710762182953703,0.1
21,octanol_hl_gap_eV,207,0.02757534757256508,0.0006932821706868708,0.650941756921539,0.972316498991245,0.3061598241329193,0.0008873333572410047,0.0028982684444441307,0.04
21,octanol_hl_gap_eV,208,0.031440939754247665,0.0023854211904108524,0.6409044646513278,0.9724116708842461,0.43578049540519714,0.0011392667656764388,0.0026143133474046984,0.08
21,octanol_hl_gap_eV,209,0.07551216334104538,0.0015310627641156316,0.6300496917423237,0.9805471732441464,0.3797498345375061,0.005002409219741821,0.013172906910767217,0.02
21,octanol_hl_gap_eV,210,0.06917369365692139,0.0009925056947395205,0.6463225793894913,0.9526120800015438,0.31850239634513855,0.0006901590968482196,0.002166888239359879,0.06
21,octanol_hl_gap_eV,211,0.016266824677586555,0.0014570396160706878,0.5776843763988271,0.958198476946793,0.25099319219589233,0.0013690065825358033,0.005454357429214002,0.02
21,octanol_hl_gap_eV,212,0.0929933562874794,0.0013518534833565354,0.6259229422882961,0.9851689698839732,0.3245336413383484,0.002212745836004615,0.006818232547108042,0.02
21,octanol_hl_gap_eV,213,0.07850330322980881,0.0017255370039492846,0.6048304637067965,0.9566171906734673,0.4109339714050293,0.002032327000051737,0.004945629082703927,0.14
21,octanol_hl_gap_eV,214,0.40547969937324524,0.0013745046453550458,0.5950768586864219,0.9277117297328914,0.34669333696365356,0.05872797220945358,0.16939458001643243,0.36
21,octanol_hl_gap_eV,215,0.06239849328994751,0.001375724794343114,0.633155237737028,0.9725303227853166,0.40814924240112305,0.001112740021198988,0.002726306717250754,0.04
21,octanol_hl_gap_eV,216,0.05428224802017212,0.00115471042227,0.6216590183325152,0.9670784494230631,0.31793147325515747,0.0014196342090144753,0.004465220742317452,0.04
21,octanol_hl_gap_eV,217,0.10363239049911499,0.0011841356754302979,0.6063693834896957,0.9540327292483772,0.2196279913187027,0.005650259088724852,0.025726498042436437,0.1
21,octanol_hl_gap_eV,218,0.2547500431537628,0.001976792234927416,0.6252157523268196,0.9760154983135734,0.5323286652565002,0.0013903663493692875,0.0026118569975925408,0.2
21,octanol_hl_gap_eV,219,0.09770084917545319,0.0031658820807933807,0.6089091567328462,0.9767011068764357,0.5760587453842163,0.0073976111598312855,0.012841765217707562,0.02
21,octanol_hl_gap_eV,220,0.14342835545539856,0.0019297682447358966,0.6158421277850616,0.923656281562903,0.3292374610900879,0.035695724189281464,0.10841938845930472,0.02
21,octanol_hl_gap_eV,221,0.4484572112560272,0.0008356184116564691,0.6518352727582821,0.9153060941028568,0.3198605477809906,0.043598465621471405,0.13630460500343855,0.26
21,octanol_hl_gap_eV,222,0.03976104408502579,0.001734013669192791,0.5988006015888008,0.9523709344180755,0.35730060935020447,0.0049420977011322975,0.013831763987528922,0.02
21,octanol_hl_gap_eV,223,0.33004826307296753,0.0011041556717827916,0.6398917102291166,0.9094858838761546,0.3329194486141205,0.06235403195023537,0.18729465103286452,0.12
21,octanol_hl_gap_eV,224,0.2198001742362976,0.0015539585147053003,0.6140067421740241,0.9645313390789043,0.34082305431365967,0.04014061763882637,0.11777553522504652,0.16
21,octanol_hl_gap_eV,225,0.07715864479541779,0.001827581087127328,0.6042542251200127,0.9763244101227126,0.3978137671947479,0.0009445212199352682,0.002374279871196318,0.1
21,octanol_hl_gap_eV,226,0.05106903240084648,0.0014792445581406355,0.6279867170487436,0.9652664912345081,0.3508140444755554,0.0020750537514686584,0.005914967727619717,0.12
21,octanol_hl_gap_eV,227,0.051504477858543396,0.0030142844188958406,0.5939196328062839,0.9849257271341223,0.6003073453903198,0.005188437644392252,0.008642968779631922,0.06
21,octanol_hl_gap_eV,228,0.08051429688930511,0.0013923587976023555,0.6175573702467627,0.9746061636884704,0.32589760422706604,0.0020705738570541143,0.006353449151505458,0.14
21,octanol_hl_gap_eV,229,0.06488428264856339,0.0014459640951827168,0.6152409820316274,0.9702181385867035,0.24635758996009827,0.0009489569929428399,0.0038519494897499983,0.1
21,octanol_hl_gap_eV,230,0.10171613842248917,0.0012995098950341344,0.6243765845899532,0.9276160887281681,0.2750434875488281,0.029855867847800255,0.10854962651133479,0.02
21,octanol_hl_gap_eV,231,0.15202616155147552,0.0012418801197782159,0.6369039944028294,0.9720324321301612,0.2041739970445633,0.0033686335664242506,0.01649883734062868,0.16
21,octanol_hl_gap_eV,232,0.02118680626153946,0.0014255385613068938,0.6093343435466578,0.9735285457074239,0.3205355107784271,0.000953297596424818,0.0029740779550749778,0.02
21,octanol_hl_gap_eV,233,0.0765223279595375,0.0022291389759629965,0.6038442299002689,0.9710482816758272,0.48596641421318054,0.006402121856808662,0.013174000650177075,0.1
21,octanol_hl_gap_eV,234,0.06934211403131485,0.003328515449538827,0.5925150672155348,0.9831295573416325,0.6660152673721313,0.0021876695100218058,0.0032847137553672036,0.16
21,octanol_hl_gap_eV,235,0.07066991925239563,0.001658417982980609,0.6125886701111283,0.963501613133479,0.3660987913608551,0.0009219411294907331,0.0025182850947519167,0.04
21,octanol_hl_gap_eV,236,0.07091003656387329,0.00105879211332649,0.6027839155092178,0.9555071554636991,0.2864867150783539,0.0009923558682203293,0.0034638809270751726,0.08
21,octanol_hl_gap_eV,237,0.06087587773799896,0.0021495972760021687,0.6166538132322932,0.9620919157584238,0.3827173113822937,0.001094542327336967,0.002859923747331189,0.02
21,octanol_hl_gap_eV,238,0.060896873474121094,0.0008233794360421598,0.6224911474788979,0.9698345958187766,0.3069860637187958,0.001813453738577664,0.005907283596557064,0.02
21,octanol_hl_gap_eV,239,0.04734306409955025,0.0008371977601200342,0.6299385580290866,0.9606474249133385,0.30765703320503235,0.0008435339550487697,0.0027417996795367004,0.08
21,octanol_hl_gap_eV,240,0.04063187167048454,0.003639725036919117,0.6096663180904762,0.9824191360079952,0.5598244071006775,0.0015801156405359507,0.0028225200982560706,0.0
21,octanol_hl_gap_eV,241,0.06005851551890373,0.0008593170787207782,0.6588116281671859,0.9709873987813786,0.301899790763855,0.0005526061286218464,0.0018304289884523077,0.12
21,octanol_hl_gap_eV,242,0.051060955971479416,0.001298543531447649,0.6500761534659185,0.9742972874471334,0.3108310401439667,0.0008611175580881536,0.002770371831877899,0.02
21,octanol_hl_gap_eV,243,0.014655999839305878,0.0010028922697529197,0.629361521791636,0.971531536639527,0.28875431418418884,0.0007362442556768656,0.002549725560835204,0.1
21,octanol_hl_gap_eV,244,0.1288231909275055,0.0015040981816127896,0.6178565200751478,0.9497444494044127,0.3901328146457672,0.01215684786438942,0.031160792960796168,0.12
21,octanol_hl_gap_eV,245,0.08836378902196884,0.0012516488786786795,0.6055295262977802,0.9727136918855896,0.35052382946014404,0.0008787079132162035,0.002506842158404857,0.02
21,octanol_hl_gap_eV,246,0.04918324947357178,0.0017004960682243109,0.6278825342890011,0.9805210293180984,0.338764488697052,0.0035448772832751274,0.0104641348238989,0.08
21,octanol_hl_gap_eV,247,0.13603980839252472,0.0012504091719165444,0.6516856426079696,0.9626842590085718,0.3727381229400635,0.0019500521011650562,0.00523169480434022,0.24
21,octanol_hl_gap_eV,248,0.02742024138569832,0.0032301985193043947,0.644570067883095,0.957212857692596,0.5994244813919067,0.0024710341822355986,0.00412234444695632,0.0
21,octanol_hl_gap_eV,249,0.03934687376022339,0.0016457753954455256,0.5947986750259722,0.9642603170691775,0.21457891166210175,0.0006465936312451959,0.0030133139656491007,0.06
21,octanol_dipole,0,0.24989734590053558,0.021746031939983368,0.5869408525357576,0.8942891718145278,3.9762320518493652,0.5578807592391968,0.1403038736081119,0.08
21,octanol_dipole,1,0.12095236033201218,0.028221139684319496,0.5978066963970254,0.9564253598338468,5.3721513748168945,0.02107733115553856,0.003923443269737902,0.04
21,octanol_dipole,2,0.08713918179273605,0.030552716925740242,0.5831247929027883,0.9523727761289833,5.394519329071045,0.008210255764424801,0.0015219624332755213,0.02
21,octanol_dipole,3,0.0717337504029274,0.03460134193301201,0.5768382867258341,0.9687720781153264,5.987866401672363,0.006685156840831041,0.0011164505672611417,0.02
21,octanol_dipole,4,0.10066895931959152,0.022250022739171982,0.5924526605017102,0.9478376857984314,3.92218279838562,0.12518058717250824,0.03191605124167922,0.06
21,octanol_dipole,5,0.07944957911968231,0.027379676699638367,0.5813525365758352,0.9755666121239308,4.780620098114014,0.0031669563613831997,0.000662457232824793,0.04
21,octanol_dipole,6,0.08112840354442596,0.035360660403966904,0.5763782131418982,0.94354775538391,6.154181480407715,0.013870954513549805,0.0022539072917672318,0.02
21,octanol_dipole,7,0.2215094417333603,0.01843397691845894,0.5918393131254116,0.9320680873058342,3.3411402702331543,0.25041836500167847,0.07494997059318421,0.16
21,octanol_dipole,8,0.17821526527404785,0.029366623610258102,0.5735419621258036,0.9053238500180134,5.15485954284668,0.22486244142055511,0.04362144876141064,0.02
21,octanol_dipole,9,0.09631812572479248,0.02562885917723179,0.5848172683702451,0.9323196185603413,4.525182723999023,0.08501295000314713,0.01878663364294358,0.02
21,octanol_dipole,10,0.08510645478963852,0.018791338428854942,0.5886032375722177,0.9611455306392551,3.368952751159668,0.008772722445428371,0.002603990941223087,0.08
21,octanol_dipole,11,0.18246591091156006,0.022506069391965866,0.5826707570228087,0.9127154922775698,4.016968727111816,0.16469717025756836,0.04100036157761799,0.08
21,octanol_dipole,12,0.09907164424657822,0.027180049568414688,0.5876478062594919,0.9607249574120491,4.856596946716309,0.00519526144489646,0.0010697328812532265,0.04
21,octanol_dipole,13,0.1128539964556694,0.02440323866903782,0.590479593646901,0.966241176521347,4.347962856292725,0.008026909083127975,0.0018461310154733225,0.04
21,octanol_dipole,14,0.09908215701580048,0.02389923296868801,0.5876888329204357,0.9385177531500215,4.194264888763428,0.040744129568338394,0.009714248062275048,0.06
21,octanol_dipole,15,0.24508750438690186,0.0030475729145109653,0.5930499211488345,0.9512215830342168,0.3909245431423187,0.11427286267280579,0.29231437288193995,0.12
21,octanol_dipole,16,0.1324780136346817,0.017322247847914696,0.5871762173377899,0.9388891253627885,3.0823709964752197,0.11948603391647339,0.03876432592089308,0.02
21,octanol_dipole,17,0.12385693192481995,0.02122151479125023,0.5947687914720143,0.9654444329054903,3.7950117588043213,0.016605330631136894,0.00437556763628281,0.08
21,octanol_dipole,18,0.1438363492488861,0.03248751908540726,0.5807082833418893,0.9307132498055803,5.771448612213135,0.07296016067266464,0.012641568100991398,0.04
21,octanol_dipole,19,0.06852025538682938,0.028010012581944466,0.578137508305999,0.9583600353571544,4.8713698387146,0.0077019352465868,0.001581061488162249,0.0
21,octanol_dipole,20,0.054474130272865295,0.02210826613008976,0.5900742785431428,0.9643379548006739,3.963658094406128,0.006005248054862022,0.0015150772119666856,0.04
21,octanol_dipole,21,0.06450842320919037,0.030822839587926865,0.5880460590940699,0.9598335680912202,5.439762592315674,0.005837076343595982,0.0010730388035392504,0.08
21,octanol_dipole,22,0.10641512274742126,0.026016993448138237,0.5889831899478126,0.9548892421284794,4.6359124183654785,0.0388915091753006,0.008389181172023284,0.06
21,octanol_dipole,23,0.08170425146818161,0.024836895987391472,0.5868713705196635,0.9734775583922344,4.420096397399902,0.007043303456157446,0.0015934728166337347,0.06
21,octanol_dipole,24,0.06975846737623215,0.014425674453377724,0.589239979603579,0.965672303520519,2.519134044647217,0.02368665672838688,0.009402698033761833,0.06
21,octanol_dipole,25,0.24486684799194336,0.024298250675201416,0.5895511763980923,0.908792808721768,4.4406514167785645,0.5908983945846558,0.13306570120590963,0.06
21,octanol_dipole,26,0.060406770557165146,0.028858236968517303,0.5853426492219662,0.9762200294637988,5.131025314331055,0.0029180210549384356,0.0005687013561964595,0.04
21,octanol_dipole,27,0.0595976822078228,0.03621767833828926,0.5774685369871186,0.965459419374538,6.330009937286377,0.0037734564393758774,0.0005961217244144686,0.0
21,octanol_dipole,28,0.10411687195301056,0.03075161948800087,0.5766828699066244,0.9411784777724217,5.387825012207031,0.015092618763446808,0.002801245164653997,0.02
21,octanol_dipole,29,0.2131175696849823,0.022012319415807724,0.5902134512498298,0.9307584077491264,4.03521203994751,0.32343369722366333,0.0801528380718924,0.1
21,octanol_dipole,30,0.1508781909942627,0.020688969641923904,0.5848187823826456,0.9139793209115747,3.725703716278076,0.16691145300865173,0.04479998027738873,0.14
21,octanol_dipole,31,0.22459626197814941,0.016477596014738083,0.591993287574824,0.9337997008679706,2.9255335330963135,0.19755053520202637,0.06752632740905339,0.06
21,octanol_dipole,32,0.10031450539827347,0.029429994523525238,0.582093652945203,0.9340377957022614,5.1152849197387695,0.038904666900634766,0.007605571832472153,0.02
21,octanol_dipole,33,0.07345575094223022,0.028677189722657204,0.5773307809311117,0.9645681709294753,5.04423713684082,0.007600991986691952,0.0015068665053785345,0.0
21,octanol_dipole,34,0.06758317351341248,0.028825586661696434,0.5807655540394796,0.9617253549962164,5.122005462646484,0.0072559514082968235,0.0014166231295949755,0.02
21,octanol_dipole,35,0.0853668749332428,0.031206317245960236,0.5831225708627383,0.9722792033863461,5.495150566101074,0.0071939388290047646,0.0013091431695035458,0.04
21,octanol_dipole,36,0.3765753507614136,0.019092947244644165,0.5944296497526826,0.9089429744198225,3.4682273864746094,0.558417797088623,0.16100956911485687,0.2
21,octanol_dipole,37,0.17029601335525513,0.034494198858737946,0.5792032722301559,0.8886550609272639,6.098480224609375,0.5091716051101685,0.08349155631521005,0.06
21,octanol_dipole,38,0.09904056787490845,0.026579270139336586,0.579864354927599,0.9732792670318888,4.6831865310668945,0.007893623784184456,0.0016855241045430193,0.02
21,octanol_dipole,39,0.11088962107896805,0.024530939757823944,0.5874738211457671,0.9520441680701626,4.287370681762695,0.01763836108148098,0.0041140275452527944,0.02
21,octanol_dipole,40,0.28392690420150757,0.019883176311850548,0.5928848207911324,0.9072198767383239,3.5871453285217285,0.31329163908958435,0.08733731432584378,0.12
21,octanol_dipole,41,0.13564665615558624,0.025241725146770477,0.5884336774110432,0.9426570597707236,4.487819671630859,0.05324258282780647,0.011863797283204627,0.04
21,octanol_dipole,42,0.14006808400154114,0.027063192799687386,0.5784035045046827,0.920524007788758,4.753309726715088,0.19339270889759064,0.04068590519373545,0.08
21,octanol_dipole,43,0.20377373695373535,0.02858440950512886,0.5866585816012468,0.9081404166160039,5.274053573608398,0.3388116657733917,0.06424122566157094,0.2
21,octanol_dipole,44,0.07582390308380127,0.033488672226667404,0.5824394809839464,0.971860794665008,5.912125587463379,0.007008916232734919,0.001185515451092121,0.02
21,octanol_dipole,45,0.06369968503713608,0.03177633136510849,0.5774727821857528,0.9641105171689404,5.535766124725342,0.009116961620748043,0.0016469195799344546,0.0
21,octanol_dipole,46,0.08421455323696136,0.027812836691737175,0.5864148181938018,0.93844670423937,5.087003231048584,0.0314006507396698,0.006172720816848623,0.02
21,octanol_dipole,47,0.1434050351381302,0.028855735436081886,0.5771053760138045,0.9281378174478725,5.065887928009033,0.1847572773694992,0.03647085762556762,0.02
21,octanol_dipole,48,0.18354393541812897,0.018735742196440697,0.5875954426402834,0.9294448793391601,3.3797249794006348,0.16087763011455536,0.04760080512322799,0.08
21,octanol_dipole,49,0.24455779790878296,0.021508384495973587,0.5906327177858499,0.9085322742627027,3.9521594047546387,0.47921890020370483,0.12125495232484332,0.12
21,octanol_dipole,50,0.18088886141777039,0.019792145118117332,0.5882632857870302,0.9214586561650386,3.5736286640167236,0.2045692503452301,0.057244126230870405,0.06
21,octanol_dipole,51,0.1958828717470169,0.033601969480514526,0.5710232342354835,0.9213533586047828,5.868274688720703,0.3628542125225067,0.061833201710877944,0.04
21,octanol_dipole,52,0.16671529412269592,0.016430990770459175,0.5905961960044819,0.9344482025306644,2.936662435531616,0.05158954858779907,0.0175674084850886,0.06
21,octanol_dipole,53,0.16877660155296326,0.03151175379753113,0.5794782781804853,0.91098941947871,5.545490264892578,0.29495376348495483,0.053188040983905394,0.02
21,octanol_dipole,54,0.2805960178375244,0.013242866843938828,0.5935786097249147,0.9224438458302615,2.3414885997772217,0.3039674162864685,0.12981802102960874,0.12
21,octanol_dipole,55,0.03560255840420723,0.006716268602758646,0.5979496856936095,0.9689898662124308,1.0939632654190063,0.024216055870056152,0.02213607772357968,0.04
21,octanol_dipole,56,0.14640545845031738,0.0249645933508873,0.5856294728327605,0.9494215687558532,4.458661079406738,0.029248438775539398,0.006559915242409756,0.08
21,octanol_dipole,57,0.18273070454597473,0.019445210695266724,0.5903861580897611,0.9350358134578849,3.491335391998291,0.2662450969219208,0.0762588141867211,0.06
21,octanol_dipole,58,0.051056113094091415,0.03161166235804558,0.5783099890468759,0.9571951707725348,5.521310806274414,0.005721918772906065,0.0010363333950343242,0.0
21,octanol_dipole,59,0.23967304825782776,0.022978205233812332,0.5873847246693693,0.9027384044336917,4.192440509796143,0.380472332239151,0.09075199310524062,0.06
21,octanol_dipole,60,0.2548806369304657,0.03410438075661659,0.5774807930046815,0.9003729815428778,6.010087966918945,0.5224142670631409,0.08692289862288906,0.08
21,octanol_dipole,61,0.10690534859895706,0.015508273616433144,0.5890431577797774,0.9708034277437423,2.7443952560424805,0.022262532263994217,0.008111999251921756,0.06
21,octanol_dipole,62,0.08770417422056198,0.01904192566871643,0.5917539345006357,0.9587139337126951,3.3936002254486084,0.015919050201773643,0.004690903213170687,0.06
21,octanol_dipole,63,0.23984676599502563,0.02915460802614689,0.5839287379238542,0.8931169863312709,5.217095851898193,0.3958958685398102,0.07588433867776591,0.1
21,octanol_dipole,64,0.11170478165149689,0.02681960165500641,0.584246889508276,0.9646831304565182,4.698536396026611,0.004534334409981966,0.0009650525244023851,0.06
21,octanol_dipole,65,0.06084764748811722,0.0360272154211998,0.5789279108170811,0.9611527980867896,6.303243637084961,0.005725567694753408,0.0009083525918413162,0.0
21,octanol_dipole,66,0.2546609044075012,0.022038288414478302,0.5884869959265739,0.9041778188290894,3.9265172481536865,0.5573582649230957,0.14194723458433164,0.06
21,octanol_dipole,67,0.08214398473501205,0.019432928413152695,0.5912968781315511,0.9635901566613847,3.46881103515625,0.011779536493122578,0.0033958426601326747,0.1
21,octanol_dipole,68,0.0633777305483818,0.03826357424259186,0.5768675514881241,0.9680680711688516,6.667804718017578,0.006439570803195238,0.00096577075597226,0.0
21,octanol_dipole,69,0.1544245332479477,0.013898754492402077,0.5894716111966971,0.9354423725233643,2.4097471237182617,0.11551634222269058,0.04793712215099476,0.02
21,octanol_dipole,70,0.2348254919052124,0.02467948943376541,0.5867255798972988,0.9074594668194871,4.461486339569092,0.3197961449623108,0.07167928367863119,0.04
21,octanol_dipole,71,0.05498508736491203,0.025289436802268028,0.5810634234874639,0.9797553103608199,4.394552707672119,0.006940367631614208,0.0015793115006898296,0.06
21,octanol_dipole,72,0.08158843964338303,0.003593823406845331,0.6011450005456833,0.9639712314940885,0.6697089672088623,0.019298771396279335,0.028816653712597853,0.1
21,octanol_dipole,73,0.08962801098823547,0.02384496107697487,0.5818716786860503,0.938773122033105,4.218506336212158,0.027234157547354698,0.006455876885515962,0.1
21,octanol_dipole,74,0.07306123524904251,0.03161601349711418,0.5771893319192565,0.9493525493261228,5.51053524017334,0.011715836822986603,0.0021260796478670316,0.0
21,octanol_dipole,75,0.2986237704753876,0.01904522255063057,0.5909205557335262,0.8938753680290896,3.463120460510254,0.41355079412460327,0.11941565384175835,0.14
21,octanol_dipole,76,0.1184011846780777,0.02264624461531639,0.5910677295536444,0.9393368996197051,4.053450107574463,0.0360187403857708,0.008885946398714647,0.06
21,octanol_dipole,77,0.11376415193080902,0.03165700286626816,0.5849425160221104,0.9492557039609772,5.617719650268555,0.018597399815917015,0.003310489126139993,0.02
21,octanol_dipole,78,0.07460634410381317,0.03844016045331955,0.5754522843233312,0.9716917717200741,6.670271396636963,0.005277728661894798,0.0007912314729136417,0.0
21,octanol_dipole,79,0.15374301373958588,0.018977783620357513,0.589652367454166,0.9488305068868057,3.368734121322632,0.0763838067650795,0.02267433522924917,0.06
21,octanol_dipole,80,0.2520378530025482,0.022838249802589417,0.5882493847377723,0.9059437313864667,4.185786247253418,0.26415926218032837,0.06310863636518979,0.08
21,octanol_dipole,81,0.274748831987381,0.02512449026107788,0.5942892631598973,0.8985074191497184,4.655922889709473,0.3571122884750366,0.07670064494932395,0.18
21,octanol_dipole,82,0.16933900117874146,0.040553100407123566,0.5756604092319797,0.8991061054203495,7.125021457672119,0.4758920669555664,0.0667916678964009,0.04
21,octanol_dipole,83,0.19726639986038208,0.02836298942565918,0.5850608423801598,0.9192230426633605,5.113099098205566,0.409252792596817,0.08004006664772909,0.06
21,octanol_dipole,84,0.1645343005657196,0.031675323843955994,0.5809566191865281,0.9437676102504668,5.605401515960693,0.21128840744495392,0.03769371504313047,0.04
21,octanol_dipole,85,0.10871410369873047,0.022166749462485313,0.5895587072883954,0.9472407062464925,3.910932779312134,0.01013024803251028,0.00259023834060682,0.04
21,octanol_dipole,86,0.05258718505501747,0.029929369688034058,0.5777546858347435,0.9712553484923114,5.265674114227295,0.004111982882022858,0.0007809034119511336,0.02
21,octanol_dipole,87,0.035904660820961,0.03567906469106674,0.5807567771025672,0.9680482502589789,6.296658992767334,0.0035423808731138706,0.0005625810254585537,0.0
21,octanol_dipole,88,0.07804492115974426,0.026981482282280922,0.5845044321909227,0.9671367251131822,4.843501567840576,0.003677638014778495,0.0007592932433834498,0.06
21,octanol_dipole,89,0.04595606029033661,0.03930779919028282,0.5751308166650486,0.9652464954908342,6.824891090393066,0.0072601186111569405,0.0010637706177284666,0.0
21,octanol_dipole,90,0.16680645942687988,0.02246818132698536,0.5885561992513937,0.927227257882109,4.003469467163086,0.05764053389430046,0.014397645434060309,0.04
21,octanol_dipole,91,0.22445234656333923,0.002864365465939045,0.5884719509302432,0.9720000742683801,0.40566226840019226,0.06815257668495178,0.16800324307637649,0.2
21,octanol_dipole,92,0.06934540718793869,0.028653573244810104,0.5788370998530574,0.9564039235957766,5.000643730163574,0.0048455302603542805,0.0009689812995727612,0.0
21,octanol_dipole,93,0.05936485156416893,0.03556495159864426,0.5754968649057894,0.956395483114888,6.179328918457031,0.0057155657559633255,0.0009249492673697151,0.02
21,octanol_dipole,94,0.24722468852996826,0.031153585761785507,0.5789079017845575,0.9062847443654207,5.571267127990723,0.535246729850769,0.09607270977218531,0.02
21,octanol_dipole,95,0.23883645236492157,0.020276254042983055,0.5889485144641489,0.9204883214950403,3.637211322784424,0.3773246109485626,0.10374008476903845,0.08
21,octanol_dipole,96,0.05154038593173027,0.01144697517156601,0.5926922767966689,0.9658916235675978,1.9446594715118408,0.00898036640137434,0.0046179634701764595,0.08
21,octanol_dipole,97,0.08773131668567657,0.0300346277654171,0.59422134514971,0.9590513079782628,5.634249687194824,0.016362080350518227,0.0029040389153687945,0.08
21,octanol_dipole,98,0.12224922329187393,0.031239567324519157,0.5906729061856539,0.9506873351690039,5.5523223876953125,0.046985555440187454,0.0084623248002158,0.0
21,octanol_dipole,99,0.08732890337705612,0.021853899583220482,0.5922184523678395,0.9595811476747242,3.896406888961792,0.03151901811361313,0.008089252229510213,0.02
21,octanol_dipole,100,0.0629352480173111,0.009379827417433262,0.5981070779381232,0.9595822357220567,1.5909154415130615,0.01128495391458273,0.0070933712880742565,0.04
21,octanol_dipole,101,0.042918749153614044,0.01969960145652294,0.5906418885935758,0.9674774009065996,3.4690284729003906,0.009787102229893208,0.0028212804554211086,0.06
21,octanol_dipole,102,0.06016397848725319,0.026343951001763344,0.580655548116215,0.9632307936608473,4.611388206481934,0.004202804993838072,0.0009113969168612735,0.02
21,octanol_dipole,103,0.28054335713386536,0.012934775091707706,0.5933167525555374,0.9215218314209479,2.26124906539917,0.36147287487983704,0.159855400455866,0.12
21,octanol_dipole,104,0.08212538808584213,0.02879169024527073,0.5729056516602591,0.969470928622518,4.998641490936279,0.00671883299946785,0.0013441318029409962,0.02
21,octanol_dipole,105,0.10309985280036926,0.021199166774749756,0.5872872585431061,0.9725591475082531,3.828383684158325,0.005607621278613806,0.001464749027590386,0.1
21,octanol_dipole,106,0.03426135331392288,0.01519301813095808,0.5950106067463743,0.9622551144497686,2.838897705078125,0.01245625875890255,0.00438770961582068,0.0
21,octanol_dipole,107,0.11534631997346878,0.01962035521864891,0.5896578409993565,0.9644316254605836,3.508160352706909,0.010902659967541695,0.0031077997786301765,0.04
21,octanol_dipole,108,0.15458305180072784,0.020220329985022545,0.5882337796791841,0.9237714850249885,3.61377215385437,0.1566859632730484,0.04335800836417719,0.06
21,octanol_dipole,109,0.33064115047454834,0.01880793832242489,0.588472320560369,0.8823706660670396,3.4683449268341064,0.5347140431404114,0.15416979983836168,0.14
21,octanol_dipole,110,0.12510129809379578,0.02144785039126873,0.5871160935355875,0.9446273884810243,3.8762149810791016,0.012171844951808453,0.003140136708418563,0.04
21,octanol_dipole,111,0.13406527042388916,0.019791144877672195,0.5912894466781418,0.9426169238680715,3.4687986373901367,0.031054118648171425,0.008952413182316054,0.1
21,octanol_dipole,112,0.15091709792613983,0.008964091539382935,0.5951691543779984,0.9493442883572116,1.5080050230026245,0.05721183493733406,0.037938756214099485,0.02
21,octanol_dipole,113,0.29400932788848877,0.03358057513833046,0.5801220811497143,0.9051663935517129,5.92152738571167,0.5428237318992615,0.0916695468147401,0.16
21,octanol_dipole,114,0.1959758847951889,0.03483617678284645,0.5774799777996318,0.9193714301458715,6.195808410644531,0.2775777280330658,0.04480088951042794,0.02
21,octanol_dipole,115,0.05673530697822571,0.03835662826895714,0.5749771565997981,0.9447813000431933,6.6292243003845215,0.02157772146165371,0.003254939112620177,0.0
21,octanol_dipole,116,0.10962427407503128,0.028620755299925804,0.5855401445252977,0.9512624682905024,5.0559983253479,0.02167367935180664,0.004286725975194085,0.02
21,octanol_dipole,117,0.3098125755786896,0.020482948049902916,0.5917781506377529,0.9089211959659711,3.71563720703125,0.6485953330993652,0.17455830506595266,0.16
21,octanol_dipole,118,0.11956219375133514,0.014448033645749092,0.59178017305369,0.9604740814788311,2.5451340675354004,0.04581105709075928,0.01799946716957066,0.08
21,octanol_dipole,119,0.09268217533826828,0.01902884989976883,0.5935771603077318,0.9651619066926087,3.37945294380188,0.012424025684595108,0.003676342263436903,0.06
21,octanol_dipole,120,0.09321481734514236,0.03975042328238487,0.5749198681590311,0.9677327910209401,6.934812068939209,0.009431560523808002,0.0013600311630724135,0.04
21,octanol_dipole,121,0.18303282558918,0.02738899551331997,0.5782578614696228,0.9135984273562774,4.830132007598877,0.35817596316337585,0.0741544874135707,0.06
21,octanol_dipole,122,0.06247567757964134,0.03892146423459053,0.5728153543899901,0.9635048312884553,6.720921039581299,0.006690322887152433,0.0009954473274944513,0.0
21,octanol_dipole,123,0.09676069766283035,0.04263298586010933,0.5792967225387666,0.9636260268952477,7.432341575622559,0.004758317489176989,0.0006402178157128651,0.02
21,octanol_dipole,124,0.26260271668434143,0.021223442628979683,0.5916180649325031,0.9071647143412813,3.8392996788024902,0.48258402943611145,0.12569584815182583,0.08
21,octanol_dipole,125,0.10754168033599854,0.026384729892015457,0.5863314821231806,0.9531200578986487,4.661097526550293,0.016920123249292374,0.003630072778549017,0.02
21,octanol_dipole,126,0.08966252207756042,0.03567957878112793,0.5780569997277119,0.957951888833626,6.34816837310791,0.007846721448004246,0.0012360607007911922,0.0
21,octanol_dipole,127,0.04838192090392113,0.024279015138745308,0.5847457943952228,0.9531779959256765,4.253688812255859,0.0064377496019005775,0.0015134510035976151,0.06
21,octanol_dipole,128,0.11935451626777649,0.017215678468346596,0.5929629949444812,0.9548317617742197,3.061020851135254,0.025380009785294533,0.008291354753719414,0.06
21,octanol_dipole,129,0.25863730907440186,0.02004750818014145,0.591487748416273,0.9096493194137465,3.619442939758301,0.439392626285553,0.12139785972558936,0.1
21,octanol_dipole,130,0.11447174847126007,0.035616129636764526,0.5926215081981763,0.9256798953207728,6.786722660064697,0.2025034874677658,0.029838185175793727,0.14
21,octanol_dipole,131,0.11201712489128113,0.021624119952321053,0.5871167454202852,0.9387734317254253,3.835322618484497,0.06893891096115112,0.01797473584852997,0.02
21,octanol_dipole,132,0.29324597120285034,0.021441377699375153,0.5938829543664352,0.9258249591763668,3.8946502208709717,0.4936169683933258,0.12674231070818393,0.08
21,octanol_dipole,133,0.07137683033943176,0.0365174226462841,0.5735383282028015,0.9699064999080904,6.293484687805176,0.00542742945253849,0.0008623886005562495,0.04
21,octanol_dipole,134,0.06900673359632492,0.03171771764755249,0.5788200341118976,0.9537784961822338,5.514453411102295,0.006766892969608307,0.0012271194378003928,0.04
21,octanol_dipole,135,0.08896907418966293,0.017225418239831924,0.5906467620468059,0.9497279466370878,3.0457425117492676,0.004805565346032381,0.0015777976396541776,0.06
21,octanol_dipole,136,0.1514098346233368,0.02185804210603237,0.5893882192130508,0.9501461665654001,3.8842432498931885,0.04668793827295303,0.012019828643388101,0.02
21,octanol_dipole,137,0.02820330113172531,0.03506528586149216,0.5841698901419008,0.9688708987031014,6.180638313293457,0.0052296253852546215,0.0008461303056686919,0.0
21,octanol_dipole,138,0.0870763510465622,0.03582191839814186,0.5780616711806261,0.9457363863644845,6.247678756713867,0.007122606039047241,0.001140040376018559,0.0
21,octanol_dipole,139,0.18763215839862823,0.0014557883841916919,0.606160372901283,0.9384554010317359,0.16712498664855957,0.04159584268927574,0.24889062685010693,0.1
21,octanol_dipole,140,0.029031401500105858,0.032482948154211044,0.5758752833422407,0.9576226934488057,5.603153228759766,0.006636161357164383,0.0011843619273344895,0.02
21,octanol_dipole,141,0.037302955985069275,0.0374981090426445,0.580646254440897,0.9540896320314316,6.605977535247803,0.005055644083768129,0.000765313544708941,0.02
21,octanol_dipole,142,0.5015721917152405,0.014105178415775299,0.6049641372019359,0.9107909175147466,2.552422046661377,0.8107781410217285,0.31765050066161427,0.34
21,octanol_dipole,143,0.06476926803588867,0.023111335933208466,0.5861245840521112,0.9639381601667554,4.079278469085693,0.012333709746599197,0.0030235027689501193,0.06
21,octanol_dipole,144,0.1927383542060852,0.02782599814236164,0.579999341239789,0.909450417723769,4.8924360275268555,0.31199944019317627,0.06377179761528597,0.04
21,octanol_dipole,145,0.10534051060676575,0.009900922887027264,0.5947667547568871,0.9499173492273563,1.6673723459243774,0.04239656776189804,0.025427174599320666,0.04
21,octanol_dipole,146,0.0644516572356224,0.025747712701559067,0.5835472927817646,0.9535973996970688,4.49114990234375,0.00811185222119093,0.0018061860319909786,0.04
21,octanol_dipole,147,0.18545813858509064,0.016533350571990013,0.5908692980852333,0.9445189841082255,2.934279203414917,0.07129759341478348,0.024298162673752132,0.08
21,octanol_dipole,148,0.07226210087537766,0.0299981776624918,0.5848275567741434,0.9265437234212739,5.245678424835205,0.05082617327570915,0.009689151556656063,0.06
21,octanol_dipole,149,0.10107647627592087,0.02016647718846798,0.5916651696544672,0.9643679547849224,3.5930917263031006,0.009891757741570473,0.0027529933814820842,0.04
21,octanol_dipole,150,0.12071943283081055,0.020284149795770645,0.5883467041400883,0.9467799701261634,3.620586395263672,0.06395654380321503,0.017664692074985645,0.08
21,octanol_dipole,151,0.2711769640445709,0.025089042261242867,0.5849466773320122,0.8932470892647193,4.489079475402832,0.33142128586769104,0.07382834001573355,0.12
21,octanol_dipole,152,0.07520751655101776,0.019960032775998116,0.5861111687821368,0.9580957201665599,3.54687237739563,0.011113210581243038,0.0031332423044223433,0.04
21,octanol_dipole,153,0.16900423169136047,0.03497225046157837,0.5721980196967305,0.9178220972088491,6.060503959655762,0.32044321298599243,0.052874020893172335,0.0
21,octanol_dipole,154,0.07271183282136917,0.017994005233049393,0.589935585252729,0.9697201504441462,3.2036383152008057,0.0191646795719862,0.0059821608079328225,0.04
21,octanol_dipole,155,0.18725340068340302,0.01777021400630474,0.5871341373279317,0.9089816031267854,3.159489154815674,0.2517668604850769,0.07968593913396899,0.04
21,octanol_dipole,156,0.123162642121315,0.02257467992603779,0.5881716193398543,0.9616062045893428,4.021519184112549,0.00234911753796041,0.0005841368473985791,0.06
21,octanol_dipole,157,0.09597837924957275,0.01883694715797901,0.5916591347354105,0.960161631052568,3.3107919692993164,0.03039800189435482,0.009181489557855893,0.04
21,octanol_dipole,158,0.13269025087356567,0.02407754957675934,0.5904750851682063,0.9506458496595445,4.319466590881348,0.09442785382270813,0.021860998768239343,0.04
21,octanol_dipole,159,0.08297733217477798,0.023217476904392242,0.5895043866434391,0.9665633364962767,4.115033149719238,0.006835800129920244,0.0016611774149101666,0.04
21,octanol_dipole,160,0.16604216396808624,0.02686978690326214,0.5799756335577602,0.920751353110278,4.703205108642578,0.13843579590320587,0.0294343522566807,0.06
21,octanol_dipole,161,0.08781682699918747,0.025701839476823807,0.5784170084391429,0.9505124465219099,4.519586086273193,0.012659433297812939,0.0028010160789418183,0.02
21,octanol_dipole,162,0.46248432993888855,0.008149138651788235,0.6176210864291289,0.923635708144974,1.4019817113876343,0.6465426683425903,0.4611634111137328,0.3
21,octanol_dipole,163,0.08277921378612518,0.019864216446876526,0.5916369635338454,0.972965437154296,3.5445542335510254,0.010174386203289032,0.0028704275722411703,0.04
21,octanol_dipole,164,0.07063744962215424,0.017773494124412537,0.59040351227078,0.9555310575352898,3.1445040702819824,0.009053432382643223,0.00287912884839464,0.06
21,octanol_dipole,165,0.04059303551912308,0.023637425154447556,0.5879491730357569,0.963467272405246,4.189728736877441,0.006857526954263449,0.0016367472418690016,0.04
21,octanol_dipole,166,0.16398906707763672,0.030091069638729095,0.5850334388258611,0.9064282763895217,5.303581714630127,0.26092177629470825,0.04919727654519697,0.04
21,octanol_dipole,167,0.09249964356422424,0.025603214278817177,0.5967812533677075,0.9570053636455518,4.865891933441162,0.007042513228952885,0.0014473221611340666,0.06
21,octanol_dipole,168,0.25875118374824524,0.02201199159026146,0.5947543901578829,0.9026946179727333,4.017918586730957,0.2974013686180115,0.07401876424280214,0.04
21,octanol_dipole,169,0.10871099680662155,0.023252135142683983,0.587154561046054,0.9714333402141866,4.153770446777344,0.005891216918826103,0.001418281774188253,0.06
21,octanol_dipole,170,0.08708782494068146,0.027083631604909897,0.5956497819334079,0.9546061349708304,4.827988147735596,0.006864078342914581,0.0014217264278359807,0.04
21,octanol_dipole,171,0.08252236992120743,0.022020751610398293,0.5862575916828592,0.9624077823870543,3.9623634815216064,0.008624637499451637,0.002176639659554819,0.08
21,octanol_dipole,172,0.103335902094841,0.019733937457203865,0.5908205061154883,0.9640929561204479,3.5128331184387207,0.01680835150182247,0.004784842016432863,0.06
21,octanol_dipole,173,0.07632575184106827,0.03574072942137718,0.5747573037818237,0.9645992062061557,6.298062324523926,0.00469646230340004,0.0007456995598650333,0.0
21,octanol_dipole,174,0.09143590927124023,0.022375421598553658,0.587766276760675,0.9620932050091766,4.002974033355713,0.0065074460580945015,0.0016256528280897385,0.04
21,octanol_dipole,175,0.3938048183917999,0.021458227187395096,0.5949806473958918,0.9083590147058014,3.8734049797058105,0.7441301941871643,0.19211267556218245,0.24
21,octanol_dipole,176,0.30282101035118103,0.016707655042409897,0.5905386463046933,0.9001750249506932,3.030480146408081,0.499124675989151,0.1647015165503544,0.16
21,octanol_dipole,177,0.10291027277708054,0.020220767706632614,0.5903474501797306,0.9636624830934826,3.5823707580566406,0.007251465693116188,0.0020242085989586275,0.08
21,octanol_dipole,178,0.062324244529008865,0.029453514143824577,0.5936086390054061,0.9622520060380158,5.204319477081299,0.010349125601351261,0.0019885646234683667,0.04
21,octanol_dipole,179,0.10865567624568939,0.021095048636198044,0.5913059279806832,0.961761320392976,3.7640602588653564,0.008844494819641113,0.002349721899060992,0.06
21,octanol_dipole,180,0.10824654251337051,0.029023999348282814,0.5730183231664829,0.9309885238952516,4.97435188293457,0.09836558997631073,0.019774554010497727,0.02
21,octanol_dipole,181,0.061529070138931274,0.013658694922924042,0.5909295644524024,0.9552995074558792,2.3621625900268555,0.013639631681144238,0.005774213739025123,0.04
21,octanol_dipole,182,0.19075678288936615,0.027372553944587708,0.5915612338584462,0.9297879273139931,5.125271320343018,0.21305963397026062,0.041570410745786865,0.04
21,octanol_dipole,183,0.3360210657119751,0.02251880243420601,0.5938088287781604,0.9107087545092141,4.089485168457031,0.7577776312828064,0.18529902911194981,0.14
21,octanol_dipole,184,0.059023670852184296,0.012657949700951576,0.5916248425656769,0.9603678499970216,2.1900346279144287,0.013348580338060856,0.006095145788070354,0.06
21,octanol_dipole,185,0.0740574523806572,0.02258124388754368,0.5883526839882505,0.9680285855724855,4.020179271697998,0.007245867513120174,0.0018023742284656243,0.04
21,octanol_dipole,186,0.07529079914093018,0.014256933704018593,0.5862713144148088,0.9523401604844846,2.507999897003174,0.00905140396207571,0.0036090128922617957,0.04
21,octanol_dipole,187,0.12967351078987122,0.02088135853409767,0.5920785603631724,0.9710161510103172,3.735830068588257,0.03194301947951317,0.008550447663050211,0.04
21,octanol_dipole,188,0.10740499198436737,0.021987633779644966,0.5900999230518524,0.949789953473728,3.9091904163360596,0.016921628266572952,0.0043286784383435,0.02
21,octanol_dipole,189,0.12108223140239716,0.025173325091600418,0.5881462731481746,0.958581869458889,4.47438383102417,0.0059483288787305355,0.0013294185531170634,0.06
21,octanol_dipole,190,0.03631822392344475,0.03132017329335213,0.5779003346386282,0.9531087775420941,5.445664882659912,0.011501166969537735,0.0021119858120832507,0.0
21,octanol_dipole,191,0.08469565957784653,0.030030131340026855,0.5806046903432438,0.9524086699734045,5.28714656829834,0.0033931194338947535,0.0006417676132225749,0.0
21,octanol_dipole,192,0.06289232522249222,0.020258795469999313,0.5846308823653681,0.9783198797440236,3.5836660861968994,0.008022842928767204,0.0022387250195180157,0.02
21,octanol_dipole,193,0.09734061360359192,0.02607661485671997,0.5789171252808394,0.9492720109325985,4.566163539886475,0.042888522148132324,0.009392682012698703,0.06
21,octanol_dipole,194,0.056238941848278046,0.02118747867643833,0.5880523369738873,0.9568356956153168,3.7159974575042725,0.007658795919269323,0.0020610336812267632,0.06
21,octanol_dipole,195,0.2289062738418579,0.02234681323170662,0.5866270269070437,0.9105922540337512,3.995830535888672,0.3275608420372009,0.08197565915150891,0.12
21,octanol_dipole,196,0.09143125265836716,0.03184368088841438,0.5799158785360672,0.9656788687642963,5.649675369262695,0.005794053431600332,0.0010255551076656778,0.02
21,octanol_dipole,197,0.11623845249414444,0.018689703196287155,0.5915754638981494,0.958557933763811,3.3337886333465576,0.007603317033499479,0.002280683591469037,0.06
21,octanol_dipole,198,0.09679584950208664,0.02301165461540222,0.590039776836619,0.973296858261139,4.053443908691406,0.00550782261416316,0.001358800747767416,0.08
21,octanol_dipole,199,0.06733009964227676,0.02313784509897232,0.5903580380528035,0.9619226413446258,4.1424560546875,0.008762924000620842,0.0021153933523820815,0.1
21,octanol_dipole,200,0.23067425191402435,0.025218602269887924,0.5891984780218265,0.8928550706613796,4.505509376525879,0.36062440276145935,0.08004076179273888,0.08
21,octanol_dipole,201,0.09310431778430939,0.035141471773386,0.5831905791216225,0.9470275240473811,6.141195297241211,0.013519600965082645,0.0022014608412072503,0.02
21,octanol_dipole,202,0.10731576383113861,0.022639639675617218,0.5864210590498729,0.9451720244617094,4.07524299621582,0.03278900682926178,0.008045902259008584,0.04
21,octanol_dipole,203,0.0577641986310482,0.02408124879002571,0.5841866939782687,0.952739647257137,4.227657794952393,0.016223236918449402,0.003837405415788174,0.04
21,octanol_dipole,204,0.06996238231658936,0.027798986062407494,0.5830922542816079,0.9748334144016229,4.844732761383057,0.006010373122990131,0.0012405995168398745,0.02
21,octanol_dipole,205,0.13000865280628204,0.01617760770022869,0.59133151861686,0.9551378265256449,2.8461310863494873,0.04534393921494484,0.01593178172025239,0.04
21,octanol_dipole,206,0.11298664659261703,0.028076713904738426,0.5767230235669438,0.9453015460721605,4.903098106384277,0.034271933138370514,0.006989852618642355,0.04
21,octanol_dipole,207,0.11693786084651947,0.023534776642918587,0.5897380689004261,0.9500308515214138,4.186756610870361,0.007857724092900753,0.0018768046063387608,0.02
21,octanol_dipole,208,0.11322347074747086,0.022028762847185135,0.5882262374284188,0.9704979151099142,3.8900954723358154,0.014209811575710773,0.003652818208900787,0.06
21,octanol_dipole,209,0.06579110771417618,0.03615574911236763,0.5778908144634154,0.9593523967421418,6.3599138259887695,0.006367168854922056,0.001001140743276055,0.0
21,octanol_dipole,210,0.33319583535194397,0.01665574125945568,0.5938960704150409,0.8796051964739919,2.984473943710327,0.5167647004127502,0.17315101761964233,0.1
21,octanol_dipole,211,0.0659957230091095,0.03594674915075302,0.574086548804807,0.9754248373307499,6.204955577850342,0.004776052199304104,0.0007697157762664805,0.02
21,octanol_dipole,212,0.05817316100001335,0.016158374026417732,0.5910941776118503,0.9630316813075885,2.8280532360076904,0.009806929156184196,0.0034677314526187822,0.04
21,octanol_dipole,213,0.11613143235445023,0.019818181172013283,0.5928487566471139,0.9516975343227474,3.5246238708496094,0.012739292345941067,0.0036143693093896754,0.04
21,octanol_dipole,214,0.17376014590263367,0.03255026414990425,0.5818667916748055,0.9485026574508779,5.729858875274658,0.06013338267803192,0.01049474061874682,0.06
21,octanol_dipole,215,0.08561453968286514,0.028408920392394066,0.5911640946140206,0.9690430028665553,5.279715538024902,0.0028509062249213457,0.0005399734520522759,0.04
21,octanol_dipole,216,0.07601670175790787,0.035919010639190674,0.5749479639579598,0.9651807797219623,6.217005729675293,0.004763235803693533,0.0007661623634923546,0.02
21,octanol_dipole,217,0.0865631178021431,0.021157467737793922,0.5887308199268566,0.9607297592645705,3.785252809524536,0.008663748390972614,0.00228881631609194,0.06
21,octanol_dipole,218,0.07778964936733246,0.027497049421072006,0.5806860484628618,0.9567662387403015,4.869631767272949,0.0045868330635130405,0.0009419260598592901,0.02
21,octanol_dipole,219,0.0870973989367485,0.02329327166080475,0.5885668619191333,0.9561809317233898,4.1211934089660645,0.008252729661762714,0.002002509672030457,0.1
21,octanol_dipole,220,0.13833877444267273,0.026881037279963493,0.5848709433009132,0.9322197255635578,4.7527642250061035,0.11482736468315125,0.024160122246123787,0.04
21,octanol_dipole,221,0.06591234356164932,0.02703244797885418,0.5802469621723516,0.9597676476598149,4.694180488586426,0.012190114706754684,0.002596856839312869,0.06
21,octanol_dipole,222,0.15142390131950378,0.026732638478279114,0.5804634680825802,0.9196627131500756,4.667494773864746,0.22741113603115082,0.04872231187156777,0.08
21,octanol_dipole,223,0.05210695415735245,0.02585591748356819,0.5884805160923803,0.9684405689724735,4.602448463439941,0.007782472297549248,0.001690941758364092,0.06
21,octanol_dipole,224,0.23649290204048157,0.009775672107934952,0.5913515985768076,0.9381596604804414,1.6810685396194458,0.22102966904640198,0.13148165219749927,0.12
21,octanol_dipole,225,0.14554192125797272,0.0241381973028183,0.5884200101156476,0.950738540293329,4.2955451011657715,0.021516861394047737,0.005009110808360098,0.06
21,octanol_dipole,226,0.1029825210571289,0.017054244875907898,0.5895757238375294,0.9439456428500417,3.007411479949951,0.09089925140142441,0.030225079609969813,0.02
21,octanol_dipole,227,0.2251741886138916,0.019540712237358093,0.591860479381936,0.9451771181487059,3.503293991088867,0.20310303568840027,0.05797487627502062,0.12
21,octanol_dipole,228,0.24135109782218933,0.021580778062343597,0.5893948971579288,0.9089087453212992,3.880831003189087,0.35326600074768066,0.09102844222213827,0.12
21,octanol_dipole,229,0.1542794555425644,0.040657661855220795,0.5810785199271229,0.8989940941612096,7.314987659454346,0.5867878794670105,0.08021720702544306,0.04
21,octanol_dipole,230,0.23197823762893677,0.02066679671406746,0.589512625006527,0.9163455720009519,3.723666191101074,0.24147550761699677,0.0648488600278086,0.04
21,octanol_dipole,231,0.3006121814250946,0.02294755168259144,0.5878446672809146,0.905583630464212,4.213183879852295,0.42564716935157776,0.10102743708553732,0.12
21,octanol_dipole,232,0.1965208500623703,0.02133549563586712,0.5892155581375931,0.933500435668349,3.8689382076263428,0.11734424531459808,0.03032983186014509,0.06
21,octanol_dipole,233,0.07418836653232574,0.025738058611750603,0.5761700266766026,0.9310034187182108,4.525831699371338,0.13825571537017822,0.030548134476450522,0.08
21,octanol_dipole,234,0.23605427145957947,0.02134540304541588,0.5874159095667335,0.8950707262403528,3.8609845638275146,0.4896486699581146,0.12681963935973642,0.02
21,octanol_dipole,235,0.13859423995018005,0.023676641285419464,0.5928475356745471,0.9704853031546197,4.269205093383789,0.007690956816077232,0.001801496214833134,0.04
21,octanol_dipole,236,0.05246251821517944,0.0491987019777298,0.574352712272076,0.9532974187514782,8.546161651611328,0.009658017195761204,0.0011300999898521977,0.0
21,octanol_dipole,237,0.11962325125932693,0.03983483836054802,0.5863602824247209,0.9143998140157537,7.065347194671631,0.11403951793909073,0.016140681384362008,0.02
21,octanol_dipole,238,0.0920790582895279,0.016813982278108597,0.5904473688366096,0.9605573835289176,2.981346368789673,0.007601724471896887,0.0025497622656246188,0.06
21,octanol_dipole,239,0.07834175229072571,0.020606057718396187,0.5891469649807217,0.9646240542302582,3.6488454341888428,0.004333519376814365,0.0011876412566589655,0.02
21,octanol_dipole,240,0.06833045929670334,0.029714874923229218,0.5849833717160637,0.9665355447604644,5.163609027862549,0.00586053216829896,0.0011349682240998208,0.02
21,octanol_dipole,241,0.06007102504372597,0.031778935343027115,0.5806947541860301,0.9632496592689754,5.520089149475098,0.003143243957310915,0.0005694190568661024,0.04
21,octanol_dipole,242,0.1436985731124878,0.03303667530417442,0.5749538857777137,0.9178821183190486,5.796555519104004,0.10610942542552948,0.01830559977831994,0.02
21,octanol_dipole,243,0.11659205704927444,0.019194578751921654,0.5913075136970589,0.9708174404465402,3.4119508266448975,0.011162752285599709,0.0032716627093293932,0.06
21,octanol_dipole,244,0.09318432211875916,0.016284549608826637,0.5919899055869824,0.9525963792977727,2.861828088760376,0.04346470162272453,0.015187740239684215,0.04
21,octanol_dipole,245,0.03624154254794121,0.03671008720993996,0.5713952251378451,0.9636136273025442,6.358184337615967,0.0054518841207027435,0.0008574592731526489,0.0
21,octanol_dipole,246,0.07649188488721848,0.029273955151438713,0.5873377133070912,0.9590818518683906,5.200291156768799,0.00631629629060626,0.0012146043558320476,0.04
21,octanol_dipole,247,0.12577243149280548,0.020995372906327248,0.5920017625227751,0.9665446570681879,3.8164963722229004,0.01206737570464611,0.0031618989061471385,0.1
21,octanol_dipole,248,0.0375322550535202,0.0362652987241745,0.5806406607594339,0.9711613468726985,6.31787633895874,0.0041884020902216434,0.0006629446139035923,0.02
21,octanol_dipole,249,0.09552448987960815,0.03646709769964218,0.5752417300201691,0.9578380371634143,6.374378681182861,0.006585105787962675,0.0010330584543716988,0.0
21,hexane_gsolv_eV,0,0.9999999403953552,0.0,0.6420020960274047,0.6420020960274047,,,,1.0
21,hexane_gsolv_eV,1,0.9999999403953552,0.0,0.6420020960274047,0.6420020960274047,,,,1.0
21,hexane_gsolv_eV,2,0.9999999403953552,0.0,0.6420020960274047,0.6420020960274047,,,,1.0
21,hexane_gsolv_eV,3,0.9999999403953552,0.0,0.6420020960274047,0.6420020960274047,,,,1.0
21,hexane_gsolv_eV,4,0.9999999403953552,0.0,0.6420020960274047,0.6420020960274047,,,,1.0
21,hexane_gsolv_eV,5,0.9999999403953552,0.0,0.6420020960274047,0.6420020960274047,,,,1.0
21,hexane_gsolv_eV,6,0.9999999403953552,0.0,0.6420020960274047,0.6420020960274047,,,,1.0
21,hexane_gsolv_eV,7,0.9999999403953552,0.0,0.6420020960274047,0.6420020960274047,,,,1.0
21,hexane_gsolv_eV,8,0.9999999403953552,0.0,0.6420020960274047,0.6420020960274047,,,,1.0
21,hexane_gsolv_eV,9,0.9999999403953552,0.0,0.6420020960274047,0.6420020960274047,,,,1.0
21,hexane_gsolv_eV,10,0.9999999403953552,0.0,0.6420020960274047,0.6420020960274047,,,,1.0
21,hexane_gsolv_eV,11,0.9999999403953552,0.0,0.6420020960274047,0.6420020960274047,,,,1.0
21,hexane_gsolv_eV,12,0.9999999403953552,0.0,0.6420020960274047,0.6420020960274047,,,,1.0
21,hexane_gsolv_eV,13,0.9999999403953552,0.0,0.6420020960274047,0.6420020960274047,,,,1.0
21,hexane_gsolv_eV,14,0.9999999403953552,0.0,0.6420020960274047,0.6420020960274047,,,,1.0
21,hexane_gsolv_eV,15,0.9999999403953552,0.0,0.6420020960274047,0.6420020960274047,,,,1.0
21,hexane_gsolv_eV,16,0.9999999403953552,0.0,0.6420020960274047,0.6420020960274047,,,,1.0
21,hexane_gsolv_eV,17,0.9999999403953552,0.0,0.6420020960274047,0.6420020960274047,,,,1.0
21,hexane_gsolv_eV,18,0.9999999403953552,0.0,0.6420020960274047,0.6420020960274047,,,,1.0
21,hexane_gsolv_eV,19,0.9999999403953552,0.0,0.6420020960274047,0.6420020960274047,,,,1.0
21,hexane_gsolv_eV,20,0.9999999403953552,0.0,0.6420020960274047,0.6420020960274047,,,,1.0
21,hexane_gsolv_eV,21,0.9999999403953552,0.0,0.6420020960274047,0.6420020960274047,,,,1.0
21,hexane_gsolv_eV,22,0.9999999403953552,0.0,0.6420020960274047,0.6420020960274047,,,,1.0
21,hexane_gsolv_eV,23,0.9999999403953552,0.0,0.6420020960274047,0.6420020960274047,,,,1.0
21,hexane_gsolv_eV,24,0.9999999403953552,0.0,0.6420020960274047,0.6420020960274047,,,,1.0
21,hexane_gsolv_eV,25,0.9999999403953552,0.0,0.6420020960274047,0.6420020960274047,,,,1.0
21,hexane_gsolv_eV,26,0.9999999403953552,0.0,0.6420020960274047,0.6420020960274047,,,,1.0
21,hexane_gsolv_eV,27,0.9999999403953552,0.0,0.6420020960274047,0.6420020960274047,,,,1.0
21,hexane_gsolv_eV,28,0.9999999403953552,0.0,0.6420020960274047,0.6420020960274047,,,,1.0
21,hexane_gsolv_eV,29,0.9999999403953552,0.0,0.6420020960274047,0.6420020960274047,,,,1.0
21,hexane_gsolv_eV,30,0.9999999403953552,0.0,0.6420020960274047,0.6420020960274047,,,,1.0
21,hexane_gsolv_eV,31,0.9999999403953552,0.0,0.6420020960274047,0.6420020960274047,,,,1.0
21,hexane_gsolv_eV,32,0.9999999403953552,0.0,0.6420020960274047,0.6420020960274047,,,,1.0
21,hexane_gsolv_eV,33,0.9999999403953552,0.0,0.6420020960274047,0.6420020960274047,,,,1.0
21,hexane_gsolv_eV,34,0.9999999403953552,0.0,0.6420020960274047,0.6420020960274047,,,,1.0
21,hexane_gsolv_eV,35,0.9999999403953552,0.0,0.6420020960274047,0.6420020960274047,,,,1.0
21,hexane_gsolv_eV,36,0.9999999403953552,0.0,0.6420020960274047,0.6420020960274047,,,,1.0
21,hexane_gsolv_eV,37,0.9999999403953552,0.0,0.6420020960274047,0.6420020960274047,,,,1.0
21,hexane_gsolv_eV,38,0.9999999403953552,0.0,0.6420020960274047,0.6420020960274047,,,,1.0
21,hexane_gsolv_eV,39,0.9999999403953552,0.0,0.6420020960274047,0.6420020960274047,,,,1.0
21,hexane_gsolv_eV,40,0.9999999403953552,0.0,0.6420020960274047,0.6420020960274047,,,,1.0
21,hexane_gsolv_eV,41,0.9999999403953552,0.0,0.6420020960274047,0.6420020960274047,,,,1.0
21,hexane_gsolv_eV,42,0.9999999403953552,0.0,0.6420020960274047,0.6420020960274047,,,,1.0
21,hexane_gsolv_eV,43,0.9999999403953552,0.0,0.6420020960274047,0.6420020960274047,,,,1.0
21,hexane_gsolv_eV,44,0.9999999403953552,0.0,0.6420020960274047,0.6420020960274047,,,,1.0
21,hexane_gsolv_eV,45,0.9999999403953552,0.0,0.6420020960274047,0.6420020960274047,,,,1.0
21,hexane_gsolv_eV,46,0.9999999403953552,0.0,0.6420020960274047,0.6420020960274047,,,,1.0
21,hexane_gsolv_eV,47,0.9999999403953552,0.0,0.6420020960274047,0.6420020960274047,,,,1.0
21,hexane_gsolv_eV,48,0.9999999403953552,0.0,0.6420020960274047,0.6420020960274047,,,,1.0
21,hexane_gsolv_eV,49,0.9999999403953552,0.0,0.6420020960274047,0.6420020960274047,,,,1.0
21,hexane_gsolv_eV,50,0.9999999403953552,0.0,0.6420020960274047,0.6420020960274047,,,,1.0
21,hexane_gsolv_eV,51,0.9999999403953552,0.0,0.6420020960274047,0.6420020960274047,,,,1.0
21,hexane_gsolv_eV,52,0.9999999403953552,0.0,0.6420020960274047,0.6420020960274047,,,,1.0
21,hexane_gsolv_eV,53,0.9999999403953552,0.0,0.6420020960274047,0.6420020960274047,,,,1.0
21,hexane_gsolv_eV,54,0.9999999403953552,0.0,0.6420020960274047,0.6420020960274047,,,,1.0
21,hexane_gsolv_eV,55,0.9999999403953552,0.0,0.6420020960274047,0.6420020960274047,,,,1.0
21,hexane_gsolv_eV,56,0.9999999403953552,0.0,0.6420020960274047,0.6420020960274047,,,,1.0
21,hexane_gsolv_eV,57,0.9999999403953552,0.0,0.6420020960274047,0.6420020960274047,,,,1.0
21,hexane_gsolv_eV,58,0.9999999403953552,0.0,0.6420020960274047,0.6420020960274047,,,,1.0
21,hexane_gsolv_eV,59,0.9999999403953552,0.0,0.6420020960274047,0.6420020960274047,,,,1.0
21,hexane_gsolv_eV,60,0.9999999403953552,0.0,0.6420020960274047,0.6420020960274047,,,,1.0
21,hexane_gsolv_eV,61,0.9999999403953552,0.0,0.6420020960274047,0.6420020960274047,,,,1.0
21,hexane_gsolv_eV,62,0.9999999403953552,0.0,0.6420020960274047,0.6420020960274047,,,,1.0
21,hexane_gsolv_eV,63,0.9999999403953552,0.0,0.6420020960274047,0.6420020960274047,,,,1.0
21,hexane_gsolv_eV,64,0.9999999403953552,0.0,0.6420020960274047,0.6420020960274047,,,,1.0
21,hexane_gsolv_eV,65,0.9999999403953552,0.0,0.6420020960274047,0.6420020960274047,,,,1.0
21,hexane_gsolv_eV,66,0.9999999403953552,0.0,0.6420020960274047,0.6420020960274047,,,,1.0
21,hexane_gsolv_eV,67,0.9999999403953552,0.0,0.6420020960274047,0.6420020960274047,,,,1.0
21,hexane_gsolv_eV,68,0.9999999403953552,0.0,0.6420020960274047,0.6420020960274047,,,,1.0
21,hexane_gsolv_eV,69,0.9999999403953552,0.0,0.6420020960274047,0.6420020960274047,,,,1.0
21,hexane_gsolv_eV,70,0.9999999403953552,0.0,0.6420020960274047,0.6420020960274047,,,,1.0
21,hexane_gsolv_eV,71,0.9999999403953552,0.0,0.6420020960274047,0.6420020960274047,,,,1.0
21,hexane_gsolv_eV,72,0.9999999403953552,0.0,0.6420020960274047,0.6420020960274047,,,,1.0
21,hexane_gsolv_eV,73,0.9999999403953552,0.0,0.6420020960274047,0.6420020960274047,,,,1.0
21,hexane_gsolv_eV,74,0.9999999403953552,0.0,0.6420020960274047,0.6420020960274047,,,,1.0
21,hexane_gsolv_eV,75,0.9999999403953552,0.0,0.6420020960274047,0.6420020960274047,,,,1.0
21,hexane_gsolv_eV,76,0.9999999403953552,0.0,0.6420020960274047,0.6420020960274047,,,,1.0
21,hexane_gsolv_eV,77,0.9999999403953552,0.0,0.6420020960274047,0.6420020960274047,,,,1.0
21,hexane_gsolv_eV,78,0.9999999403953552,0.0,0.6420020960274047,0.6420020960274047,,,,1.0
21,hexane_gsolv_eV,79,0.9999999403953552,0.0,0.6420020960274047,0.6420020960274047,,,,1.0
21,hexane_gsolv_eV,80,0.9999999403953552,0.0,0.6420020960274047,0.6420020960274047,,,,1.0
21,hexane_gsolv_eV,81,0.9999999403953552,0.0,0.6420020960274047,0.6420020960274047,,,,1.0
21,hexane_gsolv_eV,82,0.9999999403953552,0.0,0.6420020960274047,0.6420020960274047,,,,1.0
21,hexane_gsolv_eV,83,0.9999999403953552,0.0,0.6420020960274047,0.6420020960274047,,,,1.0
21,hexane_gsolv_eV,84,0.9999999403953552,0.0,0.6420020960274047,0.6420020960274047,,,,1.0
21,hexane_gsolv_eV,85,0.9999999403953552,0.0,0.6420020960274047,0.6420020960274047,,,,1.0
21,hexane_gsolv_eV,86,0.9999999403953552,0.0,0.6420020960274047,0.6420020960274047,,,,1.0
21,hexane_gsolv_eV,87,0.9999999403953552,0.0,0.6420020960274047,0.6420020960274047,,,,1.0
21,hexane_gsolv_eV,88,0.9999999403953552,0.0,0.6420020960274047,0.6420020960274047,,,,1.0
21,hexane_gsolv_eV,89,0.9999999403953552,0.0,0.6420020960274047,0.6420020960274047,,,,1.0
21,hexane_gsolv_eV,90,0.9999999403953552,0.0,0.6420020960274047,0.6420020960274047,,,,1.0
21,hexane_gsolv_eV,91,0.9999999403953552,0.0,0.6420020960274047,0.6420020960274047,,,,1.0
21,hexane_gsolv_eV,92,0.9999999403953552,0.0,0.6420020960274047,0.6420020960274047,,,,1.0
21,hexane_gsolv_eV,93,0.9999999403953552,0.0,0.6420020960274047,0.6420020960274047,,,,1.0
21,hexane_gsolv_eV,94,0.9999999403953552,0.0,0.6420020960274047,0.6420020960274047,,,,1.0
21,hexane_gsolv_eV,95,0.9999999403953552,0.0,0.6420020960274047,0.6420020960274047,,,,1.0
21,hexane_gsolv_eV,96,0.9999999403953552,0.0,0.6420020960274047,0.6420020960274047,,,,1.0
21,hexane_gsolv_eV,97,0.9999999403953552,0.0,0.6420020960274047,0.6420020960274047,,,,1.0
21,hexane_gsolv_eV,98,0.9999999403953552,0.0,0.6420020960274047,0.6420020960274047,,,,1.0
21,hexane_gsolv_eV,99,0.9999999403953552,0.0,0.6420020960274047,0.6420020960274047,,,,1.0
21,hexane_gsolv_eV,100,0.9999999403953552,0.0,0.6420020960274047,0.6420020960274047,,,,1.0
21,hexane_gsolv_eV,101,0.9999999403953552,0.0,0.6420020960274047,0.6420020960274047,,,,1.0
21,hexane_gsolv_eV,102,0.9999999403953552,0.0,0.6420020960274047,0.6420020960274047,,,,1.0
21,hexane_gsolv_eV,103,0.9999999403953552,0.0,0.6420020960274047,0.6420020960274047,,,,1.0
21,hexane_gsolv_eV,104,0.9999999403953552,0.0,0.6420020960274047,0.6420020960274047,,,,1.0
21,hexane_gsolv_eV,105,0.9999999403953552,0.0,0.6420020960274047,0.6420020960274047,,,,1.0
21,hexane_gsolv_eV,106,0.9999999403953552,0.0,0.6420020960274047,0.6420020960274047,,,,1.0
21,hexane_gsolv_eV,107,0.9999999403953552,0.0,0.6420020960274047,0.6420020960274047,,,,1.0
21,hexane_gsolv_eV,108,0.9999999403953552,0.0,0.6420020960274047,0.6420020960274047,,,,1.0
21,hexane_gsolv_eV,109,0.9999999403953552,0.0,0.6420020960274047,0.6420020960274047,,,,1.0
21,hexane_gsolv_eV,110,0.9999999403953552,0.0,0.6420020960274047,0.6420020960274047,,,,1.0
21,hexane_gsolv_eV,111,0.9999999403953552,0.0,0.6420020960274047,0.6420020960274047,,,,1.0
21,hexane_gsolv_eV,112,0.9999999403953552,0.0,0.6420020960274047,0.6420020960274047,,,,1.0
21,hexane_gsolv_eV,113,0.9999999403953552,0.0,0.6420020960274047,0.6420020960274047,,,,1.0
21,hexane_gsolv_eV,114,0.9999999403953552,0.0,0.6420020960274047,0.6420020960274047,,,,1.0
21,hexane_gsolv_eV,115,0.9999999403953552,0.0,0.6420020960274047,0.6420020960274047,,,,1.0
21,hexane_gsolv_eV,116,0.9999999403953552,0.0,0.6420020960274047,0.6420020960274047,,,,1.0
21,hexane_gsolv_eV,117,0.9999999403953552,0.0,0.6420020960274047,0.6420020960274047,,,,1.0
21,hexane_gsolv_eV,118,0.9999999403953552,0.0,0.6420020960274047,0.6420020960274047,,,,1.0
21,hexane_gsolv_eV,119,0.9999999403953552,0.0,0.6420020960274047,0.6420020960274047,,,,1.0
21,hexane_gsolv_eV,120,0.9999999403953552,0.0,0.6420020960274047,0.6420020960274047,,,,1.0
21,hexane_gsolv_eV,121,0.9999999403953552,0.0,0.6420020960274047,0.6420020960274047,,,,1.0
21,hexane_gsolv_eV,122,0.9999999403953552,0.0,0.6420020960274047,0.6420020960274047,,,,1.0
21,hexane_gsolv_eV,123,0.9999999403953552,0.0,0.6420020960274047,0.6420020960274047,,,,1.0
21,hexane_gsolv_eV,124,0.9999999403953552,0.0,0.6420020960274047,0.6420020960274047,,,,1.0
21,hexane_gsolv_eV,125,0.9999999403953552,0.0,0.6420020960274047,0.6420020960274047,,,,1.0
21,hexane_gsolv_eV,126,0.9999999403953552,0.0,0.6420020960274047,0.6420020960274047,,,,1.0
21,hexane_gsolv_eV,127,0.9999999403953552,0.0,0.6420020960274047,0.6420020960274047,,,,1.0
21,hexane_gsolv_eV,128,0.9999999403953552,0.0,0.6420020960274047,0.6420020960274047,,,,1.0
21,hexane_gsolv_eV,129,0.9999999403953552,0.0,0.6420020960274047,0.6420020960274047,,,,1.0
21,hexane_gsolv_eV,130,0.9999999403953552,0.0,0.6420020960274047,0.6420020960274047,,,,1.0
21,hexane_gsolv_eV,131,0.9999999403953552,0.0,0.6420020960274047,0.6420020960274047,,,,1.0
21,hexane_gsolv_eV,132,0.9999999403953552,0.0,0.6420020960274047,0.6420020960274047,,,,1.0
21,hexane_gsolv_eV,133,0.9999999403953552,0.0,0.6420020960274047,0.6420020960274047,,,,1.0
21,hexane_gsolv_eV,134,0.9999999403953552,0.0,0.6420020960274047,0.6420020960274047,,,,1.0
21,hexane_gsolv_eV,135,0.9999999403953552,0.0,0.6420020960274047,0.6420020960274047,,,,1.0
21,hexane_gsolv_eV,136,0.9999999403953552,0.0,0.6420020960274047,0.6420020960274047,,,,1.0
21,hexane_gsolv_eV,137,0.9999999403953552,0.0,0.6420020960274047,0.6420020960274047,,,,1.0
21,hexane_gsolv_eV,138,0.9999999403953552,0.0,0.6420020960274047,0.6420020960274047,,,,1.0
21,hexane_gsolv_eV,139,0.9999999403953552,0.0,0.6420020960274047,0.6420020960274047,,,,1.0
21,hexane_gsolv_eV,140,0.9999999403953552,0.0,0.6420020960274047,0.6420020960274047,,,,1.0
21,hexane_gsolv_eV,141,0.9999999403953552,0.0,0.6420020960274047,0.6420020960274047,,,,1.0
21,hexane_gsolv_eV,142,0.9999999403953552,0.0,0.6420020960274047,0.6420020960274047,,,,1.0
21,hexane_gsolv_eV,143,0.9999999403953552,0.0,0.6420020960274047,0.6420020960274047,,,,1.0
21,hexane_gsolv_eV,144,0.9999999403953552,0.0,0.6420020960274047,0.6420020960274047,,,,1.0
21,hexane_gsolv_eV,145,0.9999999403953552,0.0,0.6420020960274047,0.6420020960274047,,,,1.0
21,hexane_gsolv_eV,146,0.9999999403953552,0.0,0.6420020960274047,0.6420020960274047,,,,1.0
21,hexane_gsolv_eV,147,0.9999999403953552,0.0,0.6420020960274047,0.6420020960274047,,,,1.0
21,hexane_gsolv_eV,148,0.9999999403953552,0.0,0.6420020960274047,0.6420020960274047,,,,1.0
21,hexane_gsolv_eV,149,0.9999999403953552,0.0,0.6420020960274047,0.6420020960274047,,,,1.0
21,hexane_gsolv_eV,150,0.9999999403953552,0.0,0.6420020960274047,0.6420020960274047,,,,1.0
21,hexane_gsolv_eV,151,0.9999999403953552,0.0,0.6420020960274047,0.6420020960274047,,,,1.0
21,hexane_gsolv_eV,152,0.9999999403953552,0.0,0.6420020960274047,0.6420020960274047,,,,1.0
21,hexane_gsolv_eV,153,0.9999999403953552,0.0,0.6420020960274047,0.6420020960274047,,,,1.0
21,hexane_gsolv_eV,154,0.9999999403953552,0.0,0.6420020960274047,0.6420020960274047,,,,1.0
21,hexane_gsolv_eV,155,0.9999999403953552,0.0,0.6420020960274047,0.6420020960274047,,,,1.0
21,hexane_gsolv_eV,156,0.9999999403953552,0.0,0.6420020960274047,0.6420020960274047,,,,1.0
21,hexane_gsolv_eV,157,0.9999999403953552,0.0,0.6420020960274047,0.6420020960274047,,,,1.0
21,hexane_gsolv_eV,158,0.9999999403953552,0.0,0.6420020960274047,0.6420020960274047,,,,1.0
21,hexane_gsolv_eV,159,0.9999999403953552,0.0,0.6420020960274047,0.6420020960274047,,,,1.0
21,hexane_gsolv_eV,160,0.9999999403953552,0.0,0.6420020960274047,0.6420020960274047,,,,1.0
21,hexane_gsolv_eV,161,0.9999999403953552,0.0,0.6420020960274047,0.6420020960274047,,,,1.0
21,hexane_gsolv_eV,162,0.9999999403953552,0.0,0.6420020960274047,0.6420020960274047,,,,1.0
21,hexane_gsolv_eV,163,0.9999999403953552,0.0,0.6420020960274047,0.6420020960274047,,,,1.0
21,hexane_gsolv_eV,164,0.9999999403953552,0.0,0.6420020960274047,0.6420020960274047,,,,1.0
21,hexane_gsolv_eV,165,0.9999999403953552,0.0,0.6420020960274047,0.6420020960274047,,,,1.0
21,hexane_gsolv_eV,166,0.9999999403953552,0.0,0.6420020960274047,0.6420020960274047,,,,1.0
21,hexane_gsolv_eV,167,0.9999999403953552,0.0,0.6420020960274047,0.6420020960274047,,,,1.0
21,hexane_gsolv_eV,168,0.9999999403953552,0.0,0.6420020960274047,0.6420020960274047,,,,1.0
21,hexane_gsolv_eV,169,0.9999999403953552,0.0,0.6420020960274047,0.6420020960274047,,,,1.0
21,hexane_gsolv_eV,170,0.9999999403953552,0.0,0.6420020960274047,0.6420020960274047,,,,1.0
21,hexane_gsolv_eV,171,0.9999999403953552,0.0,0.6420020960274047,0.6420020960274047,,,,1.0
21,hexane_gsolv_eV,172,0.9999999403953552,0.0,0.6420020960274047,0.6420020960274047,,,,1.0
21,hexane_gsolv_eV,173,0.9999999403953552,0.0,0.6420020960274047,0.6420020960274047,,,,1.0
21,hexane_gsolv_eV,174,0.9999999403953552,0.0,0.6420020960274047,0.6420020960274047,,,,1.0
21,hexane_gsolv_eV,175,0.9999999403953552,0.0,0.6420020960274047,0.6420020960274047,,,,1.0
21,hexane_gsolv_eV,176,0.9999999403953552,0.0,0.6420020960274047,0.6420020960274047,,,,1.0
21,hexane_gsolv_eV,177,0.9999999403953552,0.0,0.6420020960274047,0.6420020960274047,,,,1.0
21,hexane_gsolv_eV,178,0.9999999403953552,0.0,0.6420020960274047,0.6420020960274047,,,,1.0
21,hexane_gsolv_eV,179,0.9999999403953552,0.0,0.6420020960274047,0.6420020960274047,,,,1.0
21,hexane_gsolv_eV,180,0.9999999403953552,0.0,0.6420020960274047,0.6420020960274047,,,,1.0
21,hexane_gsolv_eV,181,0.9999999403953552,0.0,0.6420020960274047,0.6420020960274047,,,,1.0
21,hexane_gsolv_eV,182,0.9999999403953552,0.0,0.6420020960274047,0.6420020960274047,,,,1.0
21,hexane_gsolv_eV,183,0.9999999403953552,0.0,0.6420020960274047,0.6420020960274047,,,,1.0
21,hexane_gsolv_eV,184,0.9999999403953552,0.0,0.6420020960274047,0.6420020960274047,,,,1.0
21,hexane_gsolv_eV,185,0.9999999403953552,0.0,0.6420020960274047,0.6420020960274047,,,,1.0
21,hexane_gsolv_eV,186,0.9999999403953552,0.0,0.6420020960274047,0.6420020960274047,,,,1.0
21,hexane_gsolv_eV,187,0.9999999403953552,0.0,0.6420020960274047,0.6420020960274047,,,,1.0
21,hexane_gsolv_eV,188,0.9999999403953552,0.0,0.6420020960274047,0.6420020960274047,,,,1.0
21,hexane_gsolv_eV,189,0.9999999403953552,0.0,0.6420020960274047,0.6420020960274047,,,,1.0
21,hexane_gsolv_eV,190,0.9999999403953552,0.0,0.6420020960274047,0.6420020960274047,,,,1.0
21,hexane_gsolv_eV,191,0.9999999403953552,0.0,0.6420020960274047,0.6420020960274047,,,,1.0
21,hexane_gsolv_eV,192,0.9999999403953552,0.0,0.6420020960274047,0.6420020960274047,,,,1.0
21,hexane_gsolv_eV,193,0.9999999403953552,0.0,0.6420020960274047,0.6420020960274047,,,,1.0
21,hexane_gsolv_eV,194,0.9999999403953552,0.0,0.6420020960274047,0.6420020960274047,,,,1.0
21,hexane_gsolv_eV,195,0.9999999403953552,0.0,0.6420020960274047,0.6420020960274047,,,,1.0
21,hexane_gsolv_eV,196,0.9999999403953552,0.0,0.6420020960274047,0.6420020960274047,,,,1.0
21,hexane_gsolv_eV,197,0.9999999403953552,0.0,0.6420020960274047,0.6420020960274047,,,,1.0
21,hexane_gsolv_eV,198,0.9999999403953552,0.0,0.6420020960274047,0.6420020960274047,,,,1.0
21,hexane_gsolv_eV,199,0.9999999403953552,0.0,0.6420020960274047,0.6420020960274047,,,,1.0
21,hexane_gsolv_eV,200,0.9999999403953552,0.0,0.6420020960274047,0.6420020960274047,,,,1.0
21,hexane_gsolv_eV,201,0.9999999403953552,0.0,0.6420020960274047,0.6420020960274047,,,,1.0
21,hexane_gsolv_eV,202,0.9999999403953552,0.0,0.6420020960274047,0.6420020960274047,,,,1.0
21,hexane_gsolv_eV,203,0.9999999403953552,0.0,0.6420020960274047,0.6420020960274047,,,,1.0
21,hexane_gsolv_eV,204,0.9999999403953552,0.0,0.6420020960274047,0.6420020960274047,,,,1.0
21,hexane_gsolv_eV,205,0.9999999403953552,0.0,0.6420020960274047,0.6420020960274047,,,,1.0
21,hexane_gsolv_eV,206,0.9999999403953552,0.0,0.6420020960274047,0.6420020960274047,,,,1.0
21,hexane_gsolv_eV,207,0.9999999403953552,0.0,0.6420020960274047,0.6420020960274047,,,,1.0
21,hexane_gsolv_eV,208,0.9999999403953552,0.0,0.6420020960274047,0.6420020960274047,,,,1.0
21,hexane_gsolv_eV,209,0.9999999403953552,0.0,0.6420020960274047,0.6420020960274047,,,,1.0
21,hexane_gsolv_eV,210,0.9999999403953552,0.0,0.6420020960274047,0.6420020960274047,,,,1.0
21,hexane_gsolv_eV,211,0.9999999403953552,0.0,0.6420020960274047,0.6420020960274047,,,,1.0
21,hexane_gsolv_eV,212,0.9999999403953552,0.0,0.6420020960274047,0.6420020960274047,,,,1.0
21,hexane_gsolv_eV,213,0.9999999403953552,0.0,0.6420020960274047,0.6420020960274047,,,,1.0
21,hexane_gsolv_eV,214,0.9999999403953552,0.0,0.6420020960274047,0.6420020960274047,,,,1.0
21,hexane_gsolv_eV,215,0.9999999403953552,0.0,0.6420020960274047,0.6420020960274047,,,,1.0
21,hexane_gsolv_eV,216,0.9999999403953552,0.0,0.6420020960274047,0.6420020960274047,,,,1.0
21,hexane_gsolv_eV,217,0.9999999403953552,0.0,0.6420020960274047,0.6420020960274047,,,,1.0
21,hexane_gsolv_eV,218,0.9999999403953552,0.0,0.6420020960274047,0.6420020960274047,,,,1.0
21,hexane_gsolv_eV,219,0.9999999403953552,0.0,0.6420020960274047,0.6420020960274047,,,,1.0
21,hexane_gsolv_eV,220,0.9999999403953552,0.0,0.6420020960274047,0.6420020960274047,,,,1.0
21,hexane_gsolv_eV,221,0.9999999403953552,0.0,0.6420020960274047,0.6420020960274047,,,,1.0
21,hexane_gsolv_eV,222,0.9999999403953552,0.0,0.6420020960274047,0.6420020960274047,,,,1.0
21,hexane_gsolv_eV,223,0.9999999403953552,0.0,0.6420020960274047,0.6420020960274047,,,,1.0
21,hexane_gsolv_eV,224,0.9999999403953552,0.0,0.6420020960274047,0.6420020960274047,,,,1.0
21,hexane_gsolv_eV,225,0.9999999403953552,0.0,0.6420020960274047,0.6420020960274047,,,,1.0
21,hexane_gsolv_eV,226,0.9999999403953552,0.0,0.6420020960274047,0.6420020960274047,,,,1.0
21,hexane_gsolv_eV,227,0.9999999403953552,0.0,0.6420020960274047,0.6420020960274047,,,,1.0
21,hexane_gsolv_eV,228,0.9999999403953552,0.0,0.6420020960274047,0.6420020960274047,,,,1.0
21,hexane_gsolv_eV,229,0.9999999403953552,0.0,0.6420020960274047,0.6420020960274047,,,,1.0
21,hexane_gsolv_eV,230,0.9999999403953552,0.0,0.6420020960274047,0.6420020960274047,,,,1.0
21,hexane_gsolv_eV,231,0.9999999403953552,0.0,0.6420020960274047,0.6420020960274047,,,,1.0
21,hexane_gsolv_eV,232,0.9999999403953552,0.0,0.6420020960274047,0.6420020960274047,,,,1.0
21,hexane_gsolv_eV,233,0.9999999403953552,0.0,0.6420020960274047,0.6420020960274047,,,,1.0
21,hexane_gsolv_eV,234,0.9999999403953552,0.0,0.6420020960274047,0.6420020960274047,,,,1.0
21,hexane_gsolv_eV,235,0.9999999403953552,0.0,0.6420020960274047,0.6420020960274047,,,,1.0
21,hexane_gsolv_eV,236,0.9999999403953552,0.0,0.6420020960274047,0.6420020960274047,,,,1.0
21,hexane_gsolv_eV,237,0.9999999403953552,0.0,0.6420020960274047,0.6420020960274047,,,,1.0
21,hexane_gsolv_eV,238,0.9999999403953552,0.0,0.6420020960274047,0.6420020960274047,,,,1.0
21,hexane_gsolv_eV,239,0.9999999403953552,0.0,0.6420020960274047,0.6420020960274047,,,,1.0
21,hexane_gsolv_eV,240,0.9999999403953552,0.0,0.6420020960274047,0.6420020960274047,,,,1.0
21,hexane_gsolv_eV,241,0.9999999403953552,0.0,0.6420020960274047,0.6420020960274047,,,,1.0
21,hexane_gsolv_eV,242,0.9999999403953552,0.0,0.6420020960274047,0.6420020960274047,,,,1.0
21,hexane_gsolv_eV,243,0.9999999403953552,0.0,0.6420020960274047,0.6420020960274047,,,,1.0
21,hexane_gsolv_eV,244,0.9999999403953552,0.0,0.6420020960274047,0.6420020960274047,,,,1.0
21,hexane_gsolv_eV,245,0.9999999403953552,0.0,0.6420020960274047,0.6420020960274047,,,,1.0
21,hexane_gsolv_eV,246,0.9999999403953552,0.0,0.6420020960274047,0.6420020960274047,,,,1.0
21,hexane_gsolv_eV,247,0.9999999403953552,0.0,0.6420020960274047,0.6420020960274047,,,,1.0
21,hexane_gsolv_eV,248,0.9999999403953552,0.0,0.6420020960274047,0.6420020960274047,,,,1.0
21,hexane_gsolv_eV,249,0.9999999403953552,0.0,0.6420020960274047,0.6420020960274047,,,,1.0
21,hexane_hl_gap_eV,0,1.0,0.0,0.7051576794854666,0.7051576794854666,,,,1.0
21,hexane_hl_gap_eV,1,1.0,0.0,0.7051576794854666,0.7051576794854666,,,,1.0
21,hexane_hl_gap_eV,2,1.0,0.0,0.7051576794854666,0.7051576794854666,,,,1.0
21,hexane_hl_gap_eV,3,1.0,0.0,0.7051576794854666,0.7051576794854666,,,,1.0
21,hexane_hl_gap_eV,4,1.0,0.0,0.7051576794854666,0.7051576794854666,,,,1.0
21,hexane_hl_gap_eV,5,1.0,0.0,0.7051576794854666,0.7051576794854666,,,,1.0
21,hexane_hl_gap_eV,6,1.0,0.0,0.7051576794854666,0.7051576794854666,,,,1.0
21,hexane_hl_gap_eV,7,1.0,0.0,0.7051576794854666,0.7051576794854666,,,,1.0
21,hexane_hl_gap_eV,8,1.0,0.0,0.7051576794854666,0.7051576794854666,,,,1.0
21,hexane_hl_gap_eV,9,1.0,0.0,0.7051576794854666,0.7051576794854666,,,,1.0
21,hexane_hl_gap_eV,10,1.0,0.0,0.7051576794854666,0.7051576794854666,,,,1.0
21,hexane_hl_gap_eV,11,1.0,0.0,0.7051576794854666,0.7051576794854666,,,,1.0
21,hexane_hl_gap_eV,12,1.0,0.0,0.7051576794854666,0.7051576794854666,,,,1.0
21,hexane_hl_gap_eV,13,1.0,0.0,0.7051576794854666,0.7051576794854666,,,,1.0
21,hexane_hl_gap_eV,14,1.0,0.0,0.7051576794854666,0.7051576794854666,,,,1.0
21,hexane_hl_gap_eV,15,1.0,0.0,0.7051576794854666,0.7051576794854666,,,,1.0
21,hexane_hl_gap_eV,16,1.0,0.0,0.7051576794854666,0.7051576794854666,,,,1.0
21,hexane_hl_gap_eV,17,1.0,0.0,0.7051576794854666,0.7051576794854666,,,,1.0
21,hexane_hl_gap_eV,18,1.0,0.0,0.7051576794854666,0.7051576794854666,,,,1.0
21,hexane_hl_gap_eV,19,1.0,0.0,0.7051576794854666,0.7051576794854666,,,,1.0
21,hexane_hl_gap_eV,20,1.0,0.0,0.7051576794854666,0.7051576794854666,,,,1.0
21,hexane_hl_gap_eV,21,1.0,0.0,0.7051576794854666,0.7051576794854666,,,,1.0
21,hexane_hl_gap_eV,22,1.0,0.0,0.7051576794854666,0.7051576794854666,,,,1.0
21,hexane_hl_gap_eV,23,1.0,0.0,0.7051576794854666,0.7051576794854666,,,,1.0
21,hexane_hl_gap_eV,24,1.0,0.0,0.7051576794854666,0.7051576794854666,,,,1.0
21,hexane_hl_gap_eV,25,1.0,0.0,0.7051576794854666,0.7051576794854666,,,,1.0
21,hexane_hl_gap_eV,26,1.0,0.0,0.7051576794854666,0.7051576794854666,,,,1.0
21,hexane_hl_gap_eV,27,1.0,0.0,0.7051576794854666,0.7051576794854666,,,,1.0
21,hexane_hl_gap_eV,28,1.0,0.0,0.7051576794854666,0.7051576794854666,,,,1.0
21,hexane_hl_gap_eV,29,1.0,0.0,0.7051576794854666,0.7051576794854666,,,,1.0
21,hexane_hl_gap_eV,30,1.0,0.0,0.7051576794854666,0.7051576794854666,,,,1.0
21,hexane_hl_gap_eV,31,1.0,0.0,0.7051576794854666,0.7051576794854666,,,,1.0
21,hexane_hl_gap_eV,32,1.0,0.0,0.7051576794854666,0.7051576794854666,,,,1.0
21,hexane_hl_gap_eV,33,1.0,0.0,0.7051576794854666,0.7051576794854666,,,,1.0
21,hexane_hl_gap_eV,34,1.0,0.0,0.7051576794854666,0.7051576794854666,,,,1.0
21,hexane_hl_gap_eV,35,1.0,0.0,0.7051576794854666,0.7051576794854666,,,,1.0
21,hexane_hl_gap_eV,36,1.0,0.0,0.7051576794854666,0.7051576794854666,,,,1.0
21,hexane_hl_gap_eV,37,1.0,0.0,0.7051576794854666,0.7051576794854666,,,,1.0
21,hexane_hl_gap_eV,38,1.0,0.0,0.7051576794854666,0.7051576794854666,,,,1.0
21,hexane_hl_gap_eV,39,1.0,0.0,0.7051576794854666,0.7051576794854666,,,,1.0
21,hexane_hl_gap_eV,40,1.0,0.0,0.7051576794854666,0.7051576794854666,,,,1.0
21,hexane_hl_gap_eV,41,1.0,0.0,0.7051576794854666,0.7051576794854666,,,,1.0
21,hexane_hl_gap_eV,42,1.0,0.0,0.7051576794854666,0.7051576794854666,,,,1.0
21,hexane_hl_gap_eV,43,1.0,0.0,0.7051576794854666,0.7051576794854666,,,,1.0
21,hexane_hl_gap_eV,44,1.0,0.0,0.7051576794854666,0.7051576794854666,,,,1.0
21,hexane_hl_gap_eV,45,1.0,0.0,0.7051576794854666,0.7051576794854666,,,,1.0
21,hexane_hl_gap_eV,46,1.0,0.0,0.7051576794854666,0.7051576794854666,,,,1.0
21,hexane_hl_gap_eV,47,1.0,0.0,0.7051576794854666,0.7051576794854666,,,,1.0
21,hexane_hl_gap_eV,48,1.0,0.0,0.7051576794854666,0.7051576794854666,,,,1.0
21,hexane_hl_gap_eV,49,1.0,0.0,0.7051576794854666,0.7051576794854666,,,,1.0
21,hexane_hl_gap_eV,50,1.0,0.0,0.7051576794854666,0.7051576794854666,,,,1.0
21,hexane_hl_gap_eV,51,1.0,0.0,0.7051576794854666,0.7051576794854666,,,,1.0
21,hexane_hl_gap_eV,52,1.0,0.0,0.7051576794854666,0.7051576794854666,,,,1.0
21,hexane_hl_gap_eV,53,1.0,0.0,0.7051576794854666,0.7051576794854666,,,,1.0
21,hexane_hl_gap_eV,54,1.0,0.0,0.7051576794854666,0.7051576794854666,,,,1.0
21,hexane_hl_gap_eV,55,1.0,0.0,0.7051576794854666,0.7051576794854666,,,,1.0
21,hexane_hl_gap_eV,56,1.0,0.0,0.7051576794854666,0.7051576794854666,,,,1.0
21,hexane_hl_gap_eV,57,1.0,0.0,0.7051576794854666,0.7051576794854666,,,,1.0
21,hexane_hl_gap_eV,58,1.0,0.0,0.7051576794854666,0.7051576794854666,,,,1.0
21,hexane_hl_gap_eV,59,1.0,0.0,0.7051576794854666,0.7051576794854666,,,,1.0
21,hexane_hl_gap_eV,60,1.0,0.0,0.7051576794854666,0.7051576794854666,,,,1.0
21,hexane_hl_gap_eV,61,1.0,0.0,0.7051576794854666,0.7051576794854666,,,,1.0
21,hexane_hl_gap_eV,62,1.0,0.0,0.7051576794854666,0.7051576794854666,,,,1.0
21,hexane_hl_gap_eV,63,1.0,0.0,0.7051576794854666,0.7051576794854666,,,,1.0
21,hexane_hl_gap_eV,64,1.0,0.0,0.7051576794854666,0.7051576794854666,,,,1.0
21,hexane_hl_gap_eV,65,1.0,0.0,0.7051576794854666,0.7051576794854666,,,,1.0
21,hexane_hl_gap_eV,66,1.0,0.0,0.7051576794854666,0.7051576794854666,,,,1.0
21,hexane_hl_gap_eV,67,1.0,0.0,0.7051576794854666,0.7051576794854666,,,,1.0
21,hexane_hl_gap_eV,68,1.0,0.0,0.7051576794854666,0.7051576794854666,,,,1.0
21,hexane_hl_gap_eV,69,1.0,0.0,0.7051576794854666,0.7051576794854666,,,,1.0
21,hexane_hl_gap_eV,70,1.0,0.0,0.7051576794854666,0.7051576794854666,,,,1.0
21,hexane_hl_gap_eV,71,1.0,0.0,0.7051576794854666,0.7051576794854666,,,,1.0
21,hexane_hl_gap_eV,72,1.0,0.0,0.7051576794854666,0.7051576794854666,,,,1.0
21,hexane_hl_gap_eV,73,1.0,0.0,0.7051576794854666,0.7051576794854666,,,,1.0
21,hexane_hl_gap_eV,74,1.0,0.0,0.7051576794854666,0.7051576794854666,,,,1.0
21,hexane_hl_gap_eV,75,1.0,0.0,0.7051576794854666,0.7051576794854666,,,,1.0
21,hexane_hl_gap_eV,76,1.0,0.0,0.7051576794854666,0.7051576794854666,,,,1.0
21,hexane_hl_gap_eV,77,1.0,0.0,0.7051576794854666,0.7051576794854666,,,,1.0
21,hexane_hl_gap_eV,78,1.0,0.0,0.7051576794854666,0.7051576794854666,,,,1.0
21,hexane_hl_gap_eV,79,1.0,0.0,0.7051576794854666,0.7051576794854666,,,,1.0
21,hexane_hl_gap_eV,80,1.0,0.0,0.7051576794854666,0.7051576794854666,,,,1.0
21,hexane_hl_gap_eV,81,1.0,0.0,0.7051576794854666,0.7051576794854666,,,,1.0
21,hexane_hl_gap_eV,82,1.0,0.0,0.7051576794854666,0.7051576794854666,,,,1.0
21,hexane_hl_gap_eV,83,1.0,0.0,0.7051576794854666,0.7051576794854666,,,,1.0
21,hexane_hl_gap_eV,84,1.0,0.0,0.7051576794854666,0.7051576794854666,,,,1.0
21,hexane_hl_gap_eV,85,1.0,0.0,0.7051576794854666,0.7051576794854666,,,,1.0
21,hexane_hl_gap_eV,86,1.0,0.0,0.7051576794854666,0.7051576794854666,,,,1.0
21,hexane_hl_gap_eV,87,1.0,0.0,0.7051576794854666,0.7051576794854666,,,,1.0
21,hexane_hl_gap_eV,88,1.0,0.0,0.7051576794854666,0.7051576794854666,,,,1.0
21,hexane_hl_gap_eV,89,1.0,0.0,0.7051576794854666,0.7051576794854666,,,,1.0
21,hexane_hl_gap_eV,90,1.0,0.0,0.7051576794854666,0.7051576794854666,,,,1.0
21,hexane_hl_gap_eV,91,1.0,0.0,0.7051576794854666,0.7051576794854666,,,,1.0
21,hexane_hl_gap_eV,92,1.0,0.0,0.7051576794854666,0.7051576794854666,,,,1.0
21,hexane_hl_gap_eV,93,1.0,0.0,0.7051576794854666,0.7051576794854666,,,,1.0
21,hexane_hl_gap_eV,94,1.0,0.0,0.7051576794854666,0.7051576794854666,,,,1.0
21,hexane_hl_gap_eV,95,1.0,0.0,0.7051576794854666,0.7051576794854666,,,,1.0
21,hexane_hl_gap_eV,96,1.0,0.0,0.7051576794854666,0.7051576794854666,,,,1.0
21,hexane_hl_gap_eV,97,1.0,0.0,0.7051576794854666,0.7051576794854666,,,,1.0
21,hexane_hl_gap_eV,98,1.0,0.0,0.7051576794854666,0.7051576794854666,,,,1.0
21,hexane_hl_gap_eV,99,1.0,0.0,0.7051576794854666,0.7051576794854666,,,,1.0
21,hexane_hl_gap_eV,100,1.0,0.0,0.7051576794854666,0.7051576794854666,,,,1.0
21,hexane_hl_gap_eV,101,1.0,0.0,0.7051576794854666,0.7051576794854666,,,,1.0
21,hexane_hl_gap_eV,102,1.0,0.0,0.7051576794854666,0.7051576794854666,,,,1.0
21,hexane_hl_gap_eV,103,1.0,0.0,0.7051576794854666,0.7051576794854666,,,,1.0
21,hexane_hl_gap_eV,104,1.0,0.0,0.7051576794854666,0.7051576794854666,,,,1.0
21,hexane_hl_gap_eV,105,1.0,0.0,0.7051576794854666,0.7051576794854666,,,,1.0
21,hexane_hl_gap_eV,106,1.0,0.0,0.7051576794854666,0.7051576794854666,,,,1.0
21,hexane_hl_gap_eV,107,1.0,0.0,0.7051576794854666,0.7051576794854666,,,,1.0
21,hexane_hl_gap_eV,108,1.0,0.0,0.7051576794854666,0.7051576794854666,,,,1.0
21,hexane_hl_gap_eV,109,1.0,0.0,0.7051576794854666,0.7051576794854666,,,,1.0
21,hexane_hl_gap_eV,110,1.0,0.0,0.7051576794854666,0.7051576794854666,,,,1.0
21,hexane_hl_gap_eV,111,1.0,0.0,0.7051576794854666,0.7051576794854666,,,,1.0
21,hexane_hl_gap_eV,112,1.0,0.0,0.7051576794854666,0.7051576794854666,,,,1.0
21,hexane_hl_gap_eV,113,1.0,0.0,0.7051576794854666,0.7051576794854666,,,,1.0
21,hexane_hl_gap_eV,114,1.0,0.0,0.7051576794854666,0.7051576794854666,,,,1.0
21,hexane_hl_gap_eV,115,1.0,0.0,0.7051576794854666,0.7051576794854666,,,,1.0
21,hexane_hl_gap_eV,116,1.0,0.0,0.7051576794854666,0.7051576794854666,,,,1.0
21,hexane_hl_gap_eV,117,1.0,0.0,0.7051576794854666,0.7051576794854666,,,,1.0
21,hexane_hl_gap_eV,118,1.0,0.0,0.7051576794854666,0.7051576794854666,,,,1.0
21,hexane_hl_gap_eV,119,1.0,0.0,0.7051576794854666,0.7051576794854666,,,,1.0
21,hexane_hl_gap_eV,120,1.0,0.0,0.7051576794854666,0.7051576794854666,,,,1.0
21,hexane_hl_gap_eV,121,1.0,0.0,0.7051576794854666,0.7051576794854666,,,,1.0
21,hexane_hl_gap_eV,122,1.0,0.0,0.7051576794854666,0.7051576794854666,,,,1.0
21,hexane_hl_gap_eV,123,1.0,0.0,0.7051576794854666,0.7051576794854666,,,,1.0
21,hexane_hl_gap_eV,124,1.0,0.0,0.7051576794854666,0.7051576794854666,,,,1.0
21,hexane_hl_gap_eV,125,1.0,0.0,0.7051576794854666,0.7051576794854666,,,,1.0
21,hexane_hl_gap_eV,126,1.0,0.0,0.7051576794854666,0.7051576794854666,,,,1.0
21,hexane_hl_gap_eV,127,1.0,0.0,0.7051576794854666,0.7051576794854666,,,,1.0
21,hexane_hl_gap_eV,128,1.0,0.0,0.7051576794854666,0.7051576794854666,,,,1.0
21,hexane_hl_gap_eV,129,1.0,0.0,0.7051576794854666,0.7051576794854666,,,,1.0
21,hexane_hl_gap_eV,130,1.0,0.0,0.7051576794854666,0.7051576794854666,,,,1.0
21,hexane_hl_gap_eV,131,1.0,0.0,0.7051576794854666,0.7051576794854666,,,,1.0
21,hexane_hl_gap_eV,132,1.0,0.0,0.7051576794854666,0.7051576794854666,,,,1.0
21,hexane_hl_gap_eV,133,1.0,0.0,0.7051576794854666,0.7051576794854666,,,,1.0
21,hexane_hl_gap_eV,134,1.0,0.0,0.7051576794854666,0.7051576794854666,,,,1.0
21,hexane_hl_gap_eV,135,1.0,0.0,0.7051576794854666,0.7051576794854666,,,,1.0
21,hexane_hl_gap_eV,136,1.0,0.0,0.7051576794854666,0.7051576794854666,,,,1.0
21,hexane_hl_gap_eV,137,1.0,0.0,0.7051576794854666,0.7051576794854666,,,,1.0
21,hexane_hl_gap_eV,138,1.0,0.0,0.7051576794854666,0.7051576794854666,,,,1.0
21,hexane_hl_gap_eV,139,1.0,0.0,0.7051576794854666,0.7051576794854666,,,,1.0
21,hexane_hl_gap_eV,140,1.0,0.0,0.7051576794854666,0.7051576794854666,,,,1.0
21,hexane_hl_gap_eV,141,1.0,0.0,0.7051576794854666,0.7051576794854666,,,,1.0
21,hexane_hl_gap_eV,142,1.0,0.0,0.7051576794854666,0.7051576794854666,,,,1.0
21,hexane_hl_gap_eV,143,1.0,0.0,0.7051576794854666,0.7051576794854666,,,,1.0
21,hexane_hl_gap_eV,144,1.0,0.0,0.7051576794854666,0.7051576794854666,,,,1.0
21,hexane_hl_gap_eV,145,1.0,0.0,0.7051576794854666,0.7051576794854666,,,,1.0
21,hexane_hl_gap_eV,146,1.0,0.0,0.7051576794854666,0.7051576794854666,,,,1.0
21,hexane_hl_gap_eV,147,1.0,0.0,0.7051576794854666,0.7051576794854666,,,,1.0
21,hexane_hl_gap_eV,148,1.0,0.0,0.7051576794854666,0.7051576794854666,,,,1.0
21,hexane_hl_gap_eV,149,1.0,0.0,0.7051576794854666,0.7051576794854666,,,,1.0
21,hexane_hl_gap_eV,150,1.0,0.0,0.7051576794854666,0.7051576794854666,,,,1.0
21,hexane_hl_gap_eV,151,1.0,0.0,0.7051576794854666,0.7051576794854666,,,,1.0
21,hexane_hl_gap_eV,152,1.0,0.0,0.7051576794854666,0.7051576794854666,,,,1.0
21,hexane_hl_gap_eV,153,1.0,0.0,0.7051576794854666,0.7051576794854666,,,,1.0
21,hexane_hl_gap_eV,154,1.0,0.0,0.7051576794854666,0.7051576794854666,,,,1.0
21,hexane_hl_gap_eV,155,1.0,0.0,0.7051576794854666,0.7051576794854666,,,,1.0
21,hexane_hl_gap_eV,156,1.0,0.0,0.7051576794854666,0.7051576794854666,,,,1.0
21,hexane_hl_gap_eV,157,1.0,0.0,0.7051576794854666,0.7051576794854666,,,,1.0
21,hexane_hl_gap_eV,158,1.0,0.0,0.7051576794854666,0.7051576794854666,,,,1.0
21,hexane_hl_gap_eV,159,1.0,0.0,0.7051576794854666,0.7051576794854666,,,,1.0
21,hexane_hl_gap_eV,160,1.0,0.0,0.7051576794854666,0.7051576794854666,,,,1.0
21,hexane_hl_gap_eV,161,1.0,0.0,0.7051576794854666,0.7051576794854666,,,,1.0
21,hexane_hl_gap_eV,162,1.0,0.0,0.7051576794854666,0.7051576794854666,,,,1.0
21,hexane_hl_gap_eV,163,1.0,0.0,0.7051576794854666,0.7051576794854666,,,,1.0
21,hexane_hl_gap_eV,164,1.0,0.0,0.7051576794854666,0.7051576794854666,,,,1.0
21,hexane_hl_gap_eV,165,1.0,0.0,0.7051576794854666,0.7051576794854666,,,,1.0
21,hexane_hl_gap_eV,166,1.0,0.0,0.7051576794854666,0.7051576794854666,,,,1.0
21,hexane_hl_gap_eV,167,1.0,0.0,0.7051576794854666,0.7051576794854666,,,,1.0
21,hexane_hl_gap_eV,168,1.0,0.0,0.7051576794854666,0.7051576794854666,,,,1.0
21,hexane_hl_gap_eV,169,1.0,0.0,0.7051576794854666,0.7051576794854666,,,,1.0
21,hexane_hl_gap_eV,170,1.0,0.0,0.7051576794854666,0.7051576794854666,,,,1.0
21,hexane_hl_gap_eV,171,1.0,0.0,0.7051576794854666,0.7051576794854666,,,,1.0
21,hexane_hl_gap_eV,172,1.0,0.0,0.7051576794854666,0.7051576794854666,,,,1.0
21,hexane_hl_gap_eV,173,1.0,0.0,0.7051576794854666,0.7051576794854666,,,,1.0
21,hexane_hl_gap_eV,174,1.0,0.0,0.7051576794854666,0.7051576794854666,,,,1.0
21,hexane_hl_gap_eV,175,1.0,0.0,0.7051576794854666,0.7051576794854666,,,,1.0
21,hexane_hl_gap_eV,176,1.0,0.0,0.7051576794854666,0.7051576794854666,,,,1.0
21,hexane_hl_gap_eV,177,1.0,0.0,0.7051576794854666,0.7051576794854666,,,,1.0
21,hexane_hl_gap_eV,178,1.0,0.0,0.7051576794854666,0.7051576794854666,,,,1.0
21,hexane_hl_gap_eV,179,1.0,0.0,0.7051576794854666,0.7051576794854666,,,,1.0
21,hexane_hl_gap_eV,180,1.0,0.0,0.7051576794854666,0.7051576794854666,,,,1.0
21,hexane_hl_gap_eV,181,1.0,0.0,0.7051576794854666,0.7051576794854666,,,,1.0
21,hexane_hl_gap_eV,182,1.0,0.0,0.7051576794854666,0.7051576794854666,,,,1.0
21,hexane_hl_gap_eV,183,1.0,0.0,0.7051576794854666,0.7051576794854666,,,,1.0
21,hexane_hl_gap_eV,184,1.0,0.0,0.7051576794854666,0.7051576794854666,,,,1.0
21,hexane_hl_gap_eV,185,1.0,0.0,0.7051576794854666,0.7051576794854666,,,,1.0
21,hexane_hl_gap_eV,186,1.0,0.0,0.7051576794854666,0.7051576794854666,,,,1.0
21,hexane_hl_gap_eV,187,1.0,0.0,0.7051576794854666,0.7051576794854666,,,,1.0
21,hexane_hl_gap_eV,188,1.0,0.0,0.7051576794854666,0.7051576794854666,,,,1.0
21,hexane_hl_gap_eV,189,1.0,0.0,0.7051576794854666,0.7051576794854666,,,,1.0
21,hexane_hl_gap_eV,190,1.0,0.0,0.7051576794854666,0.7051576794854666,,,,1.0
21,hexane_hl_gap_eV,191,1.0,0.0,0.7051576794854666,0.7051576794854666,,,,1.0
21,hexane_hl_gap_eV,192,1.0,0.0,0.7051576794854666,0.7051576794854666,,,,1.0
21,hexane_hl_gap_eV,193,1.0,0.0,0.7051576794854666,0.7051576794854666,,,,1.0
21,hexane_hl_gap_eV,194,1.0,0.0,0.7051576794854666,0.7051576794854666,,,,1.0
21,hexane_hl_gap_eV,195,1.0,0.0,0.7051576794854666,0.7051576794854666,,,,1.0
21,hexane_hl_gap_eV,196,1.0,0.0,0.7051576794854666,0.7051576794854666,,,,1.0
21,hexane_hl_gap_eV,197,1.0,0.0,0.7051576794854666,0.7051576794854666,,,,1.0
21,hexane_hl_gap_eV,198,1.0,0.0,0.7051576794854666,0.7051576794854666,,,,1.0
21,hexane_hl_gap_eV,199,1.0,0.0,0.7051576794854666,0.7051576794854666,,,,1.0
21,hexane_hl_gap_eV,200,1.0,0.0,0.7051576794854666,0.7051576794854666,,,,1.0
21,hexane_hl_gap_eV,201,1.0,0.0,0.7051576794854666,0.7051576794854666,,,,1.0
21,hexane_hl_gap_eV,202,1.0,0.0,0.7051576794854666,0.7051576794854666,,,,1.0
21,hexane_hl_gap_eV,203,1.0,0.0,0.7051576794854666,0.7051576794854666,,,,1.0
21,hexane_hl_gap_eV,204,1.0,0.0,0.7051576794854666,0.7051576794854666,,,,1.0
21,hexane_hl_gap_eV,205,1.0,0.0,0.7051576794854666,0.7051576794854666,,,,1.0
21,hexane_hl_gap_eV,206,1.0,0.0,0.7051576794854666,0.7051576794854666,,,,1.0
21,hexane_hl_gap_eV,207,1.0,0.0,0.7051576794854666,0.7051576794854666,,,,1.0
21,hexane_hl_gap_eV,208,1.0,0.0,0.7051576794854666,0.7051576794854666,,,,1.0
21,hexane_hl_gap_eV,209,1.0,0.0,0.7051576794854666,0.7051576794854666,,,,1.0
21,hexane_hl_gap_eV,210,1.0,0.0,0.7051576794854666,0.7051576794854666,,,,1.0
21,hexane_hl_gap_eV,211,1.0,0.0,0.7051576794854666,0.7051576794854666,,,,1.0
21,hexane_hl_gap_eV,212,1.0,0.0,0.7051576794854666,0.7051576794854666,,,,1.0
21,hexane_hl_gap_eV,213,1.0,0.0,0.7051576794854666,0.7051576794854666,,,,1.0
21,hexane_hl_gap_eV,214,1.0,0.0,0.7051576794854666,0.7051576794854666,,,,1.0
21,hexane_hl_gap_eV,215,1.0,0.0,0.7051576794854666,0.7051576794854666,,,,1.0
21,hexane_hl_gap_eV,216,1.0,0.0,0.7051576794854666,0.7051576794854666,,,,1.0
21,hexane_hl_gap_eV,217,1.0,0.0,0.7051576794854666,0.7051576794854666,,,,1.0
21,hexane_hl_gap_eV,218,1.0,0.0,0.7051576794854666,0.7051576794854666,,,,1.0
21,hexane_hl_gap_eV,219,1.0,0.0,0.7051576794854666,0.7051576794854666,,,,1.0
21,hexane_hl_gap_eV,220,1.0,0.0,0.7051576794854666,0.7051576794854666,,,,1.0
21,hexane_hl_gap_eV,221,1.0,0.0,0.7051576794854666,0.7051576794854666,,,,1.0
21,hexane_hl_gap_eV,222,1.0,0.0,0.7051576794854666,0.7051576794854666,,,,1.0
21,hexane_hl_gap_eV,223,1.0,0.0,0.7051576794854666,0.7051576794854666,,,,1.0
21,hexane_hl_gap_eV,224,1.0,0.0,0.7051576794854666,0.7051576794854666,,,,1.0
21,hexane_hl_gap_eV,225,1.0,0.0,0.7051576794854666,0.7051576794854666,,,,1.0
21,hexane_hl_gap_eV,226,1.0,0.0,0.7051576794854666,0.7051576794854666,,,,1.0
21,hexane_hl_gap_eV,227,1.0,0.0,0.7051576794854666,0.7051576794854666,,,,1.0
21,hexane_hl_gap_eV,228,1.0,0.0,0.7051576794854666,0.7051576794854666,,,,1.0
21,hexane_hl_gap_eV,229,1.0,0.0,0.7051576794854666,0.7051576794854666,,,,1.0
21,hexane_hl_gap_eV,230,1.0,0.0,0.7051576794854666,0.7051576794854666,,,,1.0
21,hexane_hl_gap_eV,231,1.0,0.0,0.7051576794854666,0.7051576794854666,,,,1.0
21,hexane_hl_gap_eV,232,1.0,0.0,0.7051576794854666,0.7051576794854666,,,,1.0
21,hexane_hl_gap_eV,233,1.0,0.0,0.7051576794854666,0.7051576794854666,,,,1.0
21,hexane_hl_gap_eV,234,1.0,0.0,0.7051576794854666,0.7051576794854666,,,,1.0
21,hexane_hl_gap_eV,235,1.0,0.0,0.7051576794854666,0.7051576794854666,,,,1.0
21,hexane_hl_gap_eV,236,1.0,0.0,0.7051576794854666,0.7051576794854666,,,,1.0
21,hexane_hl_gap_eV,237,1.0,0.0,0.7051576794854666,0.7051576794854666,,,,1.0
21,hexane_hl_gap_eV,238,1.0,0.0,0.7051576794854666,0.7051576794854666,,,,1.0
21,hexane_hl_gap_eV,239,1.0,0.0,0.7051576794854666,0.7051576794854666,,,,1.0
21,hexane_hl_gap_eV,240,1.0,0.0,0.7051576794854666,0.7051576794854666,,,,1.0
21,hexane_hl_gap_eV,241,1.0,0.0,0.7051576794854666,0.7051576794854666,,,,1.0
21,hexane_hl_gap_eV,242,1.0,0.0,0.7051576794854666,0.7051576794854666,,,,1.0
21,hexane_hl_gap_eV,243,1.0,0.0,0.7051576794854666,0.7051576794854666,,,,1.0
21,hexane_hl_gap_eV,244,1.0,0.0,0.7051576794854666,0.7051576794854666,,,,1.0
21,hexane_hl_gap_eV,245,1.0,0.0,0.7051576794854666,0.7051576794854666,,,,1.0
21,hexane_hl_gap_eV,246,1.0,0.0,0.7051576794854666,0.7051576794854666,,,,1.0
21,hexane_hl_gap_eV,247,1.0,0.0,0.7051576794854666,0.7051576794854666,,,,1.0
21,hexane_hl_gap_eV,248,1.0,0.0,0.7051576794854666,0.7051576794854666,,,,1.0
21,hexane_hl_gap_eV,249,1.0,0.0,0.7051576794854666,0.7051576794854666,,,,1.0
21,hexane_dipole,0,1.0,0.0,0.5830452576372238,0.5830452576372238,,,,1.0
21,hexane_dipole,1,1.0,0.0,0.5830452576372238,0.5830452576372238,,,,1.0
21,hexane_dipole,2,1.0,0.0,0.5830452576372238,0.5830452576372238,,,,1.0
21,hexane_dipole,3,1.0,0.0,0.5830452576372238,0.5830452576372238,,,,1.0
21,hexane_dipole,4,1.0,0.0,0.5830452576372238,0.5830452576372238,,,,1.0
21,hexane_dipole,5,1.0,0.0,0.5830452576372238,0.5830452576372238,,,,1.0
21,hexane_dipole,6,1.0,0.0,0.5830452576372238,0.5830452576372238,,,,1.0
21,hexane_dipole,7,1.0,0.0,0.5830452576372238,0.5830452576372238,,,,1.0
21,hexane_dipole,8,1.0,0.0,0.5830452576372238,0.5830452576372238,,,,1.0
21,hexane_dipole,9,1.0,0.0,0.5830452576372238,0.5830452576372238,,,,1.0
21,hexane_dipole,10,1.0,0.0,0.5830452576372238,0.5830452576372238,,,,1.0
21,hexane_dipole,11,1.0,0.0,0.5830452576372238,0.5830452576372238,,,,1.0
21,hexane_dipole,12,1.0,0.0,0.5830452576372238,0.5830452576372238,,,,1.0
21,hexane_dipole,13,1.0,0.0,0.5830452576372238,0.5830452576372238,,,,1.0
21,hexane_dipole,14,1.0,0.0,0.5830452576372238,0.5830452576372238,,,,1.0
21,hexane_dipole,15,1.0,0.0,0.5830452576372238,0.5830452576372238,,,,1.0
21,hexane_dipole,16,1.0,0.0,0.5830452576372238,0.5830452576372238,,,,1.0
21,hexane_dipole,17,1.0,0.0,0.5830452576372238,0.5830452576372238,,,,1.0
21,hexane_dipole,18,1.0,0.0,0.5830452576372238,0.5830452576372238,,,,1.0
21,hexane_dipole,19,1.0,0.0,0.5830452576372238,0.5830452576372238,,,,1.0
21,hexane_dipole,20,1.0,0.0,0.5830452576372238,0.5830452576372238,,,,1.0
21,hexane_dipole,21,1.0,0.0,0.5830452576372238,0.5830452576372238,,,,1.0
21,hexane_dipole,22,1.0,0.0,0.5830452576372238,0.5830452576372238,,,,1.0
21,hexane_dipole,23,1.0,0.0,0.5830452576372238,0.5830452576372238,,,,1.0
21,hexane_dipole,24,1.0,0.0,0.5830452576372238,0.5830452576372238,,,,1.0
21,hexane_dipole,25,1.0,0.0,0.5830452576372238,0.5830452576372238,,,,1.0
21,hexane_dipole,26,1.0,0.0,0.5830452576372238,0.5830452576372238,,,,1.0
21,hexane_dipole,27,1.0,0.0,0.5830452576372238,0.5830452576372238,,,,1.0
21,hexane_dipole,28,1.0,0.0,0.5830452576372238,0.5830452576372238,,,,1.0
21,hexane_dipole,29,1.0,0.0,0.5830452576372238,0.5830452576372238,,,,1.0
21,hexane_dipole,30,1.0,0.0,0.5830452576372238,0.5830452576372238,,,,1.0
21,hexane_dipole,31,1.0,0.0,0.5830452576372238,0.5830452576372238,,,,1.0
21,hexane_dipole,32,1.0,0.0,0.5830452576372238,0.5830452576372238,,,,1.0
21,hexane_dipole,33,1.0,0.0,0.5830452576372238,0.5830452576372238,,,,1.0
21,hexane_dipole,34,1.0,0.0,0.5830452576372238,0.5830452576372238,,,,1.0
21,hexane_dipole,35,1.0,0.0,0.5830452576372238,0.5830452576372238,,,,1.0
21,hexane_dipole,36,1.0,0.0,0.5830452576372238,0.5830452576372238,,,,1.0
21,hexane_dipole,37,1.0,0.0,0.5830452576372238,0.5830452576372238,,,,1.0
21,hexane_dipole,38,1.0,0.0,0.5830452576372238,0.5830452576372238,,,,1.0
21,hexane_dipole,39,1.0,0.0,0.5830452576372238,0.5830452576372238,,,,1.0
21,hexane_dipole,40,1.0,0.0,0.5830452576372238,0.5830452576372238,,,,1.0
21,hexane_dipole,41,1.0,0.0,0.5830452576372238,0.5830452576372238,,,,1.0
21,hexane_dipole,42,1.0,0.0,0.5830452576372238,0.5830452576372238,,,,1.0
21,hexane_dipole,43,1.0,0.0,0.5830452576372238,0.5830452576372238,,,,1.0
21,hexane_dipole,44,1.0,0.0,0.5830452576372238,0.5830452576372238,,,,1.0
21,hexane_dipole,45,1.0,0.0,0.5830452576372238,0.5830452576372238,,,,1.0
21,hexane_dipole,46,1.0,0.0,0.5830452576372238,0.5830452576372238,,,,1.0
21,hexane_dipole,47,1.0,0.0,0.5830452576372238,0.5830452576372238,,,,1.0
21,hexane_dipole,48,1.0,0.0,0.5830452576372238,0.5830452576372238,,,,1.0
21,hexane_dipole,49,1.0,0.0,0.5830452576372238,0.5830452576372238,,,,1.0
21,hexane_dipole,50,1.0,0.0,0.5830452576372238,0.5830452576372238,,,,1.0
21,hexane_dipole,51,1.0,0.0,0.5830452576372238,0.5830452576372238,,,,1.0
21,hexane_dipole,52,1.0,0.0,0.5830452576372238,0.5830452576372238,,,,1.0
21,hexane_dipole,53,1.0,0.0,0.5830452576372238,0.5830452576372238,,,,1.0
21,hexane_dipole,54,1.0,0.0,0.5830452576372238,0.5830452576372238,,,,1.0
21,hexane_dipole,55,1.0,0.0,0.5830452576372238,0.5830452576372238,,,,1.0
21,hexane_dipole,56,1.0,0.0,0.5830452576372238,0.5830452576372238,,,,1.0
21,hexane_dipole,57,1.0,0.0,0.5830452576372238,0.5830452576372238,,,,1.0
21,hexane_dipole,58,1.0,0.0,0.5830452576372238,0.5830452576372238,,,,1.0
21,hexane_dipole,59,1.0,0.0,0.5830452576372238,0.5830452576372238,,,,1.0
21,hexane_dipole,60,1.0,0.0,0.5830452576372238,0.5830452576372238,,,,1.0
21,hexane_dipole,61,1.0,0.0,0.5830452576372238,0.5830452576372238,,,,1.0
21,hexane_dipole,62,1.0,0.0,0.5830452576372238,0.5830452576372238,,,,1.0
21,hexane_dipole,63,1.0,0.0,0.5830452576372238,0.5830452576372238,,,,1.0
21,hexane_dipole,64,1.0,0.0,0.5830452576372238,0.5830452576372238,,,,1.0
21,hexane_dipole,65,1.0,0.0,0.5830452576372238,0.5830452576372238,,,,1.0
21,hexane_dipole,66,1.0,0.0,0.5830452576372238,0.5830452576372238,,,,1.0
21,hexane_dipole,67,1.0,0.0,0.5830452576372238,0.5830452576372238,,,,1.0
21,hexane_dipole,68,1.0,0.0,0.5830452576372238,0.5830452576372238,,,,1.0
21,hexane_dipole,69,1.0,0.0,0.5830452576372238,0.5830452576372238,,,,1.0
21,hexane_dipole,70,1.0,0.0,0.5830452576372238,0.5830452576372238,,,,1.0
21,hexane_dipole,71,1.0,0.0,0.5830452576372238,0.5830452576372238,,,,1.0
21,hexane_dipole,72,1.0,0.0,0.5830452576372238,0.5830452576372238,,,,1.0
21,hexane_dipole,73,1.0,0.0,0.5830452576372238,0.5830452576372238,,,,1.0
21,hexane_dipole,74,1.0,0.0,0.5830452576372238,0.5830452576372238,,,,1.0
21,hexane_dipole,75,1.0,0.0,0.5830452576372238,0.5830452576372238,,,,1.0
21,hexane_dipole,76,1.0,0.0,0.5830452576372238,0.5830452576372238,,,,1.0
21,hexane_dipole,77,1.0,0.0,0.5830452576372238,0.5830452576372238,,,,1.0
21,hexane_dipole,78,1.0,0.0,0.5830452576372238,0.5830452576372238,,,,1.0
21,hexane_dipole,79,1.0,0.0,0.5830452576372238,0.5830452576372238,,,,1.0
21,hexane_dipole,80,1.0,0.0,0.5830452576372238,0.5830452576372238,,,,1.0
21,hexane_dipole,81,1.0,0.0,0.5830452576372238,0.5830452576372238,,,,1.0
21,hexane_dipole,82,1.0,0.0,0.5830452576372238,0.5830452576372238,,,,1.0
21,hexane_dipole,83,1.0,0.0,0.5830452576372238,0.5830452576372238,,,,1.0
21,hexane_dipole,84,1.0,0.0,0.5830452576372238,0.5830452576372238,,,,1.0
21,hexane_dipole,85,1.0,0.0,0.5830452576372238,0.5830452576372238,,,,1.0
21,hexane_dipole,86,1.0,0.0,0.5830452576372238,0.5830452576372238,,,,1.0
21,hexane_dipole,87,1.0,0.0,0.5830452576372238,0.5830452576372238,,,,1.0
21,hexane_dipole,88,1.0,0.0,0.5830452576372238,0.5830452576372238,,,,1.0
21,hexane_dipole,89,1.0,0.0,0.5830452576372238,0.5830452576372238,,,,1.0
21,hexane_dipole,90,1.0,0.0,0.5830452576372238,0.5830452576372238,,,,1.0
21,hexane_dipole,91,1.0,0.0,0.5830452576372238,0.5830452576372238,,,,1.0
21,hexane_dipole,92,1.0,0.0,0.5830452576372238,0.5830452576372238,,,,1.0
21,hexane_dipole,93,1.0,0.0,0.5830452576372238,0.5830452576372238,,,,1.0
21,hexane_dipole,94,1.0,0.0,0.5830452576372238,0.5830452576372238,,,,1.0
21,hexane_dipole,95,1.0,0.0,0.5830452576372238,0.5830452576372238,,,,1.0
21,hexane_dipole,96,1.0,0.0,0.5830452576372238,0.5830452576372238,,,,1.0
21,hexane_dipole,97,1.0,0.0,0.5830452576372238,0.5830452576372238,,,,1.0
21,hexane_dipole,98,1.0,0.0,0.5830452576372238,0.5830452576372238,,,,1.0
21,hexane_dipole,99,1.0,0.0,0.5830452576372238,0.5830452576372238,,,,1.0
21,hexane_dipole,100,1.0,0.0,0.5830452576372238,0.5830452576372238,,,,1.0
21,hexane_dipole,101,1.0,0.0,0.5830452576372238,0.5830452576372238,,,,1.0
21,hexane_dipole,102,1.0,0.0,0.5830452576372238,0.5830452576372238,,,,1.0
21,hexane_dipole,103,1.0,0.0,0.5830452576372238,0.5830452576372238,,,,1.0
21,hexane_dipole,104,1.0,0.0,0.5830452576372238,0.5830452576372238,,,,1.0
21,hexane_dipole,105,1.0,0.0,0.5830452576372238,0.5830452576372238,,,,1.0
21,hexane_dipole,106,1.0,0.0,0.5830452576372238,0.5830452576372238,,,,1.0
21,hexane_dipole,107,1.0,0.0,0.5830452576372238,0.5830452576372238,,,,1.0
21,hexane_dipole,108,1.0,0.0,0.5830452576372238,0.5830452576372238,,,,1.0
21,hexane_dipole,109,1.0,0.0,0.5830452576372238,0.5830452576372238,,,,1.0
21,hexane_dipole,110,1.0,0.0,0.5830452576372238,0.5830452576372238,,,,1.0
21,hexane_dipole,111,1.0,0.0,0.5830452576372238,0.5830452576372238,,,,1.0
21,hexane_dipole,112,1.0,0.0,0.5830452576372238,0.5830452576372238,,,,1.0
21,hexane_dipole,113,1.0,0.0,0.5830452576372238,0.5830452576372238,,,,1.0
21,hexane_dipole,114,1.0,0.0,0.5830452576372238,0.5830452576372238,,,,1.0
21,hexane_dipole,115,1.0,0.0,0.5830452576372238,0.5830452576372238,,,,1.0
21,hexane_dipole,116,1.0,0.0,0.5830452576372238,0.5830452576372238,,,,1.0
21,hexane_dipole,117,1.0,0.0,0.5830452576372238,0.5830452576372238,,,,1.0
21,hexane_dipole,118,1.0,0.0,0.5830452576372238,0.5830452576372238,,,,1.0
21,hexane_dipole,119,1.0,0.0,0.5830452576372238,0.5830452576372238,,,,1.0
21,hexane_dipole,120,1.0,0.0,0.5830452576372238,0.5830452576372238,,,,1.0
21,hexane_dipole,121,1.0,0.0,0.5830452576372238,0.5830452576372238,,,,1.0
21,hexane_dipole,122,1.0,0.0,0.5830452576372238,0.5830452576372238,,,,1.0
21,hexane_dipole,123,1.0,0.0,0.5830452576372238,0.5830452576372238,,,,1.0
21,hexane_dipole,124,1.0,0.0,0.5830452576372238,0.5830452576372238,,,,1.0
21,hexane_dipole,125,1.0,0.0,0.5830452576372238,0.5830452576372238,,,,1.0
21,hexane_dipole,126,1.0,0.0,0.5830452576372238,0.5830452576372238,,,,1.0
21,hexane_dipole,127,1.0,0.0,0.5830452576372238,0.5830452576372238,,,,1.0
21,hexane_dipole,128,1.0,0.0,0.5830452576372238,0.5830452576372238,,,,1.0
21,hexane_dipole,129,1.0,0.0,0.5830452576372238,0.5830452576372238,,,,1.0
21,hexane_dipole,130,1.0,0.0,0.5830452576372238,0.5830452576372238,,,,1.0
21,hexane_dipole,131,1.0,0.0,0.5830452576372238,0.5830452576372238,,,,1.0
21,hexane_dipole,132,1.0,0.0,0.5830452576372238,0.5830452576372238,,,,1.0
21,hexane_dipole,133,1.0,0.0,0.5830452576372238,0.5830452576372238,,,,1.0
21,hexane_dipole,134,1.0,0.0,0.5830452576372238,0.5830452576372238,,,,1.0
21,hexane_dipole,135,1.0,0.0,0.5830452576372238,0.5830452576372238,,,,1.0
21,hexane_dipole,136,1.0,0.0,0.5830452576372238,0.5830452576372238,,,,1.0
21,hexane_dipole,137,1.0,0.0,0.5830452576372238,0.5830452576372238,,,,1.0
21,hexane_dipole,138,1.0,0.0,0.5830452576372238,0.5830452576372238,,,,1.0
21,hexane_dipole,139,1.0,0.0,0.5830452576372238,0.5830452576372238,,,,1.0
21,hexane_dipole,140,1.0,0.0,0.5830452576372238,0.5830452576372238,,,,1.0
21,hexane_dipole,141,1.0,0.0,0.5830452576372238,0.5830452576372238,,,,1.0
21,hexane_dipole,142,1.0,0.0,0.5830452576372238,0.5830452576372238,,,,1.0
21,hexane_dipole,143,1.0,0.0,0.5830452576372238,0.5830452576372238,,,,1.0
21,hexane_dipole,144,1.0,0.0,0.5830452576372238,0.5830452576372238,,,,1.0
21,hexane_dipole,145,1.0,0.0,0.5830452576372238,0.5830452576372238,,,,1.0
21,hexane_dipole,146,1.0,0.0,0.5830452576372238,0.5830452576372238,,,,1.0
21,hexane_dipole,147,1.0,0.0,0.5830452576372238,0.5830452576372238,,,,1.0
21,hexane_dipole,148,1.0,0.0,0.5830452576372238,0.5830452576372238,,,,1.0
21,hexane_dipole,149,1.0,0.0,0.5830452576372238,0.5830452576372238,,,,1.0
21,hexane_dipole,150,1.0,0.0,0.5830452576372238,0.5830452576372238,,,,1.0
21,hexane_dipole,151,1.0,0.0,0.5830452576372238,0.5830452576372238,,,,1.0
21,hexane_dipole,152,1.0,0.0,0.5830452576372238,0.5830452576372238,,,,1.0
21,hexane_dipole,153,1.0,0.0,0.5830452576372238,0.5830452576372238,,,,1.0
21,hexane_dipole,154,1.0,0.0,0.5830452576372238,0.5830452576372238,,,,1.0
21,hexane_dipole,155,1.0,0.0,0.5830452576372238,0.5830452576372238,,,,1.0
21,hexane_dipole,156,1.0,0.0,0.5830452576372238,0.5830452576372238,,,,1.0
21,hexane_dipole,157,1.0,0.0,0.5830452576372238,0.5830452576372238,,,,1.0
21,hexane_dipole,158,1.0,0.0,0.5830452576372238,0.5830452576372238,,,,1.0
21,hexane_dipole,159,1.0,0.0,0.5830452576372238,0.5830452576372238,,,,1.0
21,hexane_dipole,160,1.0,0.0,0.5830452576372238,0.5830452576372238,,,,1.0
21,hexane_dipole,161,1.0,0.0,0.5830452576372238,0.5830452576372238,,,,1.0
21,hexane_dipole,162,1.0,0.0,0.5830452576372238,0.5830452576372238,,,,1.0
21,hexane_dipole,163,1.0,0.0,0.5830452576372238,0.5830452576372238,,,,1.0
21,hexane_dipole,164,1.0,0.0,0.5830452576372238,0.5830452576372238,,,,1.0
21,hexane_dipole,165,1.0,0.0,0.5830452576372238,0.5830452576372238,,,,1.0
21,hexane_dipole,166,1.0,0.0,0.5830452576372238,0.5830452576372238,,,,1.0
21,hexane_dipole,167,1.0,0.0,0.5830452576372238,0.5830452576372238,,,,1.0
21,hexane_dipole,168,1.0,0.0,0.5830452576372238,0.5830452576372238,,,,1.0
21,hexane_dipole,169,1.0,0.0,0.5830452576372238,0.5830452576372238,,,,1.0
21,hexane_dipole,170,1.0,0.0,0.5830452576372238,0.5830452576372238,,,,1.0
21,hexane_dipole,171,1.0,0.0,0.5830452576372238,0.5830452576372238,,,,1.0
21,hexane_dipole,172,1.0,0.0,0.5830452576372238,0.5830452576372238,,,,1.0
21,hexane_dipole,173,1.0,0.0,0.5830452576372238,0.5830452576372238,,,,1.0
21,hexane_dipole,174,1.0,0.0,0.5830452576372238,0.5830452576372238,,,,1.0
21,hexane_dipole,175,1.0,0.0,0.5830452576372238,0.5830452576372238,,,,1.0
21,hexane_dipole,176,1.0,0.0,0.5830452576372238,0.5830452576372238,,,,1.0
21,hexane_dipole,177,1.0,0.0,0.5830452576372238,0.5830452576372238,,,,1.0
21,hexane_dipole,178,1.0,0.0,0.5830452576372238,0.5830452576372238,,,,1.0
21,hexane_dipole,179,1.0,0.0,0.5830452576372238,0.5830452576372238,,,,1.0
21,hexane_dipole,180,1.0,0.0,0.5830452576372238,0.5830452576372238,,,,1.0
21,hexane_dipole,181,1.0,0.0,0.5830452576372238,0.5830452576372238,,,,1.0
21,hexane_dipole,182,1.0,0.0,0.5830452576372238,0.5830452576372238,,,,1.0
21,hexane_dipole,183,1.0,0.0,0.5830452576372238,0.5830452576372238,,,,1.0
21,hexane_dipole,184,1.0,0.0,0.5830452576372238,0.5830452576372238,,,,1.0
21,hexane_dipole,185,1.0,0.0,0.5830452576372238,0.5830452576372238,,,,1.0
21,hexane_dipole,186,1.0,0.0,0.5830452576372238,0.5830452576372238,,,,1.0
21,hexane_dipole,187,1.0,0.0,0.5830452576372238,0.5830452576372238,,,,1.0
21,hexane_dipole,188,1.0,0.0,0.5830452576372238,0.5830452576372238,,,,1.0
21,hexane_dipole,189,1.0,0.0,0.5830452576372238,0.5830452576372238,,,,1.0
21,hexane_dipole,190,1.0,0.0,0.5830452576372238,0.5830452576372238,,,,1.0
21,hexane_dipole,191,1.0,0.0,0.5830452576372238,0.5830452576372238,,,,1.0
21,hexane_dipole,192,1.0,0.0,0.5830452576372238,0.5830452576372238,,,,1.0
21,hexane_dipole,193,1.0,0.0,0.5830452576372238,0.5830452576372238,,,,1.0
21,hexane_dipole,194,1.0,0.0,0.5830452576372238,0.5830452576372238,,,,1.0
21,hexane_dipole,195,1.0,0.0,0.5830452576372238,0.5830452576372238,,,,1.0
21,hexane_dipole,196,1.0,0.0,0.5830452576372238,0.5830452576372238,,,,1.0
21,hexane_dipole,197,1.0,0.0,0.5830452576372238,0.5830452576372238,,,,1.0
21,hexane_dipole,198,1.0,0.0,0.5830452576372238,0.5830452576372238,,,,1.0
21,hexane_dipole,199,1.0,0.0,0.5830452576372238,0.5830452576372238,,,,1.0
21,hexane_dipole,200,1.0,0.0,0.5830452576372238,0.5830452576372238,,,,1.0
21,hexane_dipole,201,1.0,0.0,0.5830452576372238,0.5830452576372238,,,,1.0
21,hexane_dipole,202,1.0,0.0,0.5830452576372238,0.5830452576372238,,,,1.0
21,hexane_dipole,203,1.0,0.0,0.5830452576372238,0.5830452576372238,,,,1.0
21,hexane_dipole,204,1.0,0.0,0.5830452576372238,0.5830452576372238,,,,1.0
21,hexane_dipole,205,1.0,0.0,0.5830452576372238,0.5830452576372238,,,,1.0
21,hexane_dipole,206,1.0,0.0,0.5830452576372238,0.5830452576372238,,,,1.0
21,hexane_dipole,207,1.0,0.0,0.5830452576372238,0.5830452576372238,,,,1.0
21,hexane_dipole,208,1.0,0.0,0.5830452576372238,0.5830452576372238,,,,1.0
21,hexane_dipole,209,1.0,0.0,0.5830452576372238,0.5830452576372238,,,,1.0
21,hexane_dipole,210,1.0,0.0,0.5830452576372238,0.5830452576372238,,,,1.0
21,hexane_dipole,211,1.0,0.0,0.5830452576372238,0.5830452576372238,,,,1.0
21,hexane_dipole,212,1.0,0.0,0.5830452576372238,0.5830452576372238,,,,1.0
21,hexane_dipole,213,1.0,0.0,0.5830452576372238,0.5830452576372238,,,,1.0
21,hexane_dipole,214,1.0,0.0,0.5830452576372238,0.5830452576372238,,,,1.0
21,hexane_dipole,215,1.0,0.0,0.5830452576372238,0.5830452576372238,,,,1.0
21,hexane_dipole,216,1.0,0.0,0.5830452576372238,0.5830452576372238,,,,1.0
21,hexane_dipole,217,1.0,0.0,0.5830452576372238,0.5830452576372238,,,,1.0
21,hexane_dipole,218,1.0,0.0,0.5830452576372238,0.5830452576372238,,,,1.0
21,hexane_dipole,219,1.0,0.0,0.5830452576372238,0.5830452576372238,,,,1.0
21,hexane_dipole,220,1.0,0.0,0.5830452576372238,0.5830452576372238,,,,1.0
21,hexane_dipole,221,1.0,0.0,0.5830452576372238,0.5830452576372238,,,,1.0
21,hexane_dipole,222,1.0,0.0,0.5830452576372238,0.5830452576372238,,,,1.0
21,hexane_dipole,223,1.0,0.0,0.5830452576372238,0.5830452576372238,,,,1.0
21,hexane_dipole,224,1.0,0.0,0.5830452576372238,0.5830452576372238,,,,1.0
21,hexane_dipole,225,1.0,0.0,0.5830452576372238,0.5830452576372238,,,,1.0
21,hexane_dipole,226,1.0,0.0,0.5830452576372238,0.5830452576372238,,,,1.0
21,hexane_dipole,227,1.0,0.0,0.5830452576372238,0.5830452576372238,,,,1.0
21,hexane_dipole,228,1.0,0.0,0.5830452576372238,0.5830452576372238,,,,1.0
21,hexane_dipole,229,1.0,0.0,0.5830452576372238,0.5830452576372238,,,,1.0
21,hexane_dipole,230,1.0,0.0,0.5830452576372238,0.5830452576372238,,,,1.0
21,hexane_dipole,231,1.0,0.0,0.5830452576372238,0.5830452576372238,,,,1.0
21,hexane_dipole,232,1.0,0.0,0.5830452576372238,0.5830452576372238,,,,1.0
21,hexane_dipole,233,1.0,0.0,0.5830452576372238,0.5830452576372238,,,,1.0
21,hexane_dipole,234,1.0,0.0,0.5830452576372238,0.5830452576372238,,,,1.0
21,hexane_dipole,235,1.0,0.0,0.5830452576372238,0.5830452576372238,,,,1.0
21,hexane_dipole,236,1.0,0.0,0.5830452576372238,0.5830452576372238,,,,1.0
21,hexane_dipole,237,1.0,0.0,0.5830452576372238,0.5830452576372238,,,,1.0
21,hexane_dipole,238,1.0,0.0,0.5830452576372238,0.5830452576372238,,,,1.0
21,hexane_dipole,239,1.0,0.0,0.5830452576372238,0.5830452576372238,,,,1.0
21,hexane_dipole,240,1.0,0.0,0.5830452576372238,0.5830452576372238,,,,1.0
21,hexane_dipole,241,1.0,0.0,0.5830452576372238,0.5830452576372238,,,,1.0
21,hexane_dipole,242,1.0,0.0,0.5830452576372238,0.5830452576372238,,,,1.0
21,hexane_dipole,243,1.0,0.0,0.5830452576372238,0.5830452576372238,,,,1.0
21,hexane_dipole,244,1.0,0.0,0.5830452576372238,0.5830452576372238,,,,1.0
21,hexane_dipole,245,1.0,0.0,0.5830452576372238,0.5830452576372238,,,,1.0
21,hexane_dipole,246,1.0,0.0,0.5830452576372238,0.5830452576372238,,,,1.0
21,hexane_dipole,247,1.0,0.0,0.5830452576372238,0.5830452576372238,,,,1.0
21,hexane_dipole,248,1.0,0.0,0.5830452576372238,0.5830452576372238,,,,1.0
21,hexane_dipole,249,1.0,0.0,0.5830452576372238,0.5830452576372238,,,,1.0
22,sco_kcal,0,0.36899057030677795,0.04229681193828583,0.6106021857781672,0.8879957411134571,8.34803295135498,2.5862202644348145,0.3097999588052706,0.1
22,sco_kcal,1,0.15776292979717255,0.017737427726387978,0.652794282972184,0.9516568123509748,3.965564489364624,0.3561374843120575,0.08980751297001831,0.12
22,sco_kcal,2,0.5037723779678345,0.07492726296186447,0.593712508008257,0.9260304780568351,13.602705955505371,7.541763782501221,0.5544311409193456,0.14
22,sco_kcal,3,0.18405315279960632,0.10339213907718658,0.5684711966805145,0.8961378000581588,17.808765411376953,3.1391725540161133,0.17627120586420236,0.02
22,sco_kcal,4,0.7895373106002808,0.01323799230158329,0.6974350068964448,0.9021245157987285,3.200160264968872,3.4230759143829346,1.0696576517914582,0.7
22,sco_kcal,5,0.8214823007583618,0.017060568556189537,0.6879940393302568,0.8990933967708776,3.8317935466766357,5.063589096069336,1.3214670974277967,0.52
22,sco_kcal,6,0.13581278920173645,0.04428897425532341,0.5747635104383486,0.9154394893647388,7.947136878967285,0.3954063653945923,0.0497545683957031,0.06
22,sco_kcal,7,0.365481972694397,0.021481696516275406,0.6697146275085994,0.9281644076083506,4.871325492858887,1.1057630777359009,0.22699429125746018,0.18
22,sco_kcal,8,0.30278241634368896,0.04927767068147659,0.6117837486623185,0.9364822949069125,9.66647720336914,1.0694795846939087,0.11063798757226198,0.36
22,sco_kcal,9,0.3903157413005829,0.020444761961698532,0.6529933997142499,0.9065278342628651,4.61143684387207,1.6770329475402832,0.36366820241045184,0.16
22,sco_kcal,10,0.44880393147468567,0.01493087038397789,0.6438528694057617,0.9250008577068429,3.2715179920196533,1.0972286462783813,0.3353882353558488,0.26
22,sco_kcal,11,0.16766715049743652,0.04380711913108826,0.6174204561323653,0.920010901045095,9.075921058654785,1.1593103408813477,0.12773473164752033,0.0
22,sco_kcal,12,0.16098466515541077,0.092970110476017,0.6354423903988717,0.9042086088871792,19.928651809692383,3.1995010375976562,0.16054779159930757,0.02
22,sco_kcal,13,0.04172535985708237,0.08303134888410568,0.5953608288699022,0.9591672725877463,15.406203269958496,0.09515301883220673,0.006176279591075593,0.02
22,sco_kcal,14,0.7507734298706055,0.015430391766130924,0.7017154553812068,0.8871807726022916,3.6358187198638916,3.529737949371338,0.9708234159439817,0.56
22,sco_kcal,15,0.20554329454898834,0.11543165147304535,0.6441836494835567,0.8985290240096595,25.741029739379883,2.6497983932495117,0.10294065233900573,0.08
22,sco_kcal,16,0.25209346413612366,0.041987344622612,0.6312882814908869,0.9251167398680364,8.806011199951172,1.312268853187561,0.14901966661078483,0.14
22,sco_kcal,17,0.20494957268238068,0.050700508058071136,0.588182771737191,0.9275407599969774,9.357061386108398,1.1918144226074219,0.12737058927248285,0.12
22,sco_kcal,18,0.37804511189460754,0.026063209399580956,0.6612049250039074,0.9620293250010536,5.82058048248291,1.1850532293319702,0.20359708673359964,0.38
22,sco_kcal,19,0.10595703125,0.027021627873182297,0.5967318584031251,0.9647646389832623,5.150687217712402,0.09202486276626587,0.017866521276968025,0.06
22,sco_kcal,20,0.13201257586479187,0.0317186638712883,0.6144164676842279,0.9563697845249746,6.07811975479126,0.1579199880361557,0.02598171711106392,0.1
22,sco_kcal,21,0.08266741782426834,0.024208862334489822,0.6417432930192373,0.9559612339001842,5.370209217071533,0.2488698810338974,0.046342678836935595,0.04
22,sco_kcal,22,0.15121832489967346,0.026209494099020958,0.6550010720654402,0.968823263877669,5.845587253570557,0.25148773193359375,0.043021807908175856,0.08
22,sco_kcal,23,0.4583877623081207,0.025572460144758224,0.6206356310410697,0.922423415092229,4.910874843597412,2.1854050159454346,0.4450133806188671,0.32
22,sco_kcal,24,0.5950620174407959,0.02339465729892254,0.6453323160952376,0.9144389225938243,5.026881217956543,3.4506657123565674,0.6864426595222561,0.44
22,sco_kcal,25,0.5794450044631958,0.02283719927072525,0.6171724507928427,0.8969568076384662,4.447309970855713,2.513132333755493,0.5650904367414574,0.42
22,sco_kcal,26,0.3838425874710083,0.025553500279784203,0.6613687356071309,0.9475805721277433,5.747274875640869,1.5869066715240479,0.27611462925672137,0.24
22,sco_kcal,27,0.3345913887023926,0.011342769488692284,0.6621315416844253,0.9254111888336178,2.6083271503448486,0.43356597423553467,0.1662237707329821,0.16
22,sco_kcal,28,0.4348178505897522,0.024413714185357094,0.6560171514958373,0.9557801606658161,5.501195430755615,1.0414515733718872,0.1893136839948329,0.48
22,sco_kcal,29,0.679358720779419,0.016269391402602196,0.6944494746934027,0.8989764096038841,3.7796239852905273,3.1711745262145996,0.8390185210370449,0.38
22,sco_kcal,30,0.0417126901447773,0.12188193202018738,0.6380427646593498,0.9669150083405238,26.42560577392578,0.1476360261440277,0.00558685493937477,0.04
22,sco_kcal,31,0.25074902176856995,0.04973446577787399,0.6310121064304786,0.902755250739111,10.323824882507324,2.2732560634613037,0.2201951398181023,0.0
22,sco_kcal,32,0.2798297107219696,0.046808261424303055,0.602450597179992,0.9150601535144476,8.915766716003418,2.0065886974334717,0.2250606999207069,0.08
22,sco_kcal,33,0.09560614079236984,0.030946362763643265,0.647543232010608,0.9600837582872448,6.915449619293213,0.09251993894577026,0.013378730818550332,0.08
22,sco_kcal,34,0.15454401075839996,0.045349255204200745,0.6535912762645641,0.963628483392494,10.09404468536377,0.15724144876003265,0.015577645399968426,0.08
22,sco_kcal,35,0.537261426448822,0.014922603033483028,0.6682535305625046,0.9124954770261691,3.464891195297241,2.1142489910125732,0.6101920296608907,0.32
22,sco_kcal,36,0.1523894965648651,0.08545141667127609,0.6239413021038054,0.9228282177823439,17.241060256958008,2.298666477203369,0.13332512287205145,0.0
22,sco_kcal,37,0.46654587984085083,0.041940320283174515,0.6541977509454897,0.9175002355238222,9.44241714477539,4.3455023765563965,0.4602108030104154,0.32
22,sco_kcal,38,0.12599515914916992,0.0469500757753849,0.640612007020714,0.9317148557621537,9.835332870483398,0.6157405376434326,0.06260495153054942,0.08
22,sco_kcal,39,0.5205592513084412,0.02932881750166416,0.6467202865638113,0.890842369610243,6.2529520988464355,3.4588191509246826,0.5531497916900365,0.3
22,sco_kcal,40,0.2570057213306427,0.029908617958426476,0.6371544721668587,0.92898048557486,6.426644325256348,0.8064697980880737,0.12548847536477056,0.18
22,sco_kcal,41,0.6797699332237244,0.013258317485451698,0.6795768465925696,0.9156104507400153,3.140533208847046,2.2437644004821777,0.7144533272762015,0.52
22,sco_kcal,42,0.10082963109016418,0.03373534977436066,0.6387332384176194,0.9647540231184026,7.402995586395264,0.12125008553266525,0.016378516523161333,0.06
22,sco_kcal,43,0.64673912525177,0.016284547746181488,0.6634571870517485,0.9003057639786558,3.7703776359558105,2.8887929916381836,0.7661813405876144,0.58
22,sco_kcal,44,0.23435935378074646,0.008780577220022678,0.6524764651551309,0.9536325588429921,1.9879521131515503,0.29708659648895264,0.14944353766045895,0.06
22,sco_kcal,45,0.17863257229328156,0.021206924691796303,0.6631840329237557,0.9630127072876487,4.733038902282715,0.09584949165582657,0.020251152300818604,0.16
22,sco_kcal,46,0.028286851942539215,0.08162346482276917,0.6206567905176288,0.958883185381679,16.544450759887695,0.02211398258805275,0.0013366404789736798,0.06
22,sco_kcal,47,0.3072235882282257,0.019125787541270256,0.6460092038099314,0.9231928533311087,4.332666397094727,0.9018542170524597,0.20815224030569232,0.2
22,sco_kcal,48,0.6459569931030273,0.022008853033185005,0.6356710296191372,0.9072270015959203,4.5652079582214355,3.049804210662842,0.6680537313027507,0.46
22,sco_kcal,49,0.6747388243675232,0.016655974090099335,0.6760053920511386,0.9015695151609517,3.8986568450927734,3.269362211227417,0.8385868110815017,0.4
22,sco_kcal,50,0.2162209153175354,0.016508910804986954,0.5979593365251941,0.9344867274498707,3.1708028316497803,0.36871591210365295,0.1162847176819912,0.16
22,sco_kcal,51,0.05384046211838722,0.027066875249147415,0.6259720543912906,0.9487750003286575,5.586042881011963,0.08288025110960007,0.014837023788579573,0.04
22,sco_kcal,52,0.12196823954582214,0.03790664300322533,0.6244109475145174,0.9237387136691553,7.891871929168701,0.6525793075561523,0.08269005293207951,0.04
22,sco_kcal,53,0.2036581039428711,0.07622265070676804,0.6235695315541956,0.9033822943514371,15.423238754272461,2.7150814533233643,0.17603834684665354,0.0
22,sco_kcal,54,0.4693344533443451,0.027111351490020752,0.6414345648301394,0.8982070946271834,5.813142776489258,2.844937324523926,0.4893974625963125,0.2
22,sco_kcal,55,0.12025272101163864,0.007921412587165833,0.6023547883585858,0.9637881592558601,1.4644272327423096,0.1372963935136795,0.09375432964093143,0.08
22,sco_kcal,56,0.11925932765007019,0.10043010860681534,0.6149265725012765,0.9230209263738736,20.03029441833496,1.7537460327148438,0.08755468072948204,0.08
22,sco_kcal,57,0.08913462609052658,0.030104052275419235,0.6008962847019468,0.9449303418116051,5.751749038696289,0.14524351060390472,0.02525205978681332,0.06
22,sco_kcal,58,0.06499151885509491,0.044652167707681656,0.597456417708901,0.9585729927029663,8.40364933013916,0.07317861169576645,0.008707956367636136,0.04
22,sco_kcal,59,0.4113118052482605,0.041838791221380234,0.6200172877494685,0.9112328695887466,8.386697769165039,3.4492523670196533,0.41127657892971303,0.18
22,sco_kcal,60,0.22072140872478485,0.5726151466369629,0.6535869463858912,0.9802394402507271,126.17957305908203,3.302542209625244,0.026173350642729385,0.16
22,sco_kcal,61,0.45190444588661194,0.03055064007639885,0.6446127800460468,0.8892022677131575,6.852972507476807,3.02571177482605,0.44151815457086746,0.18
22,sco_kcal,62,0.3284037709236145,0.03927181661128998,0.6182253799252013,0.9159475482052819,8.087695121765137,2.1451971530914307,0.2652420894697675,0.14
22,sco_kcal,63,0.2864293158054352,0.10725512355566025,0.655781192104351,0.9839141128126736,24.182872772216797,1.4936954975128174,0.06176666898024181,0.28
22,sco_kcal,64,0.32129982113838196,0.03786109387874603,0.6161070418130905,0.8923285966250905,7.648441314697266,2.2130792140960693,0.28935035558727634,0.08
22,sco_kcal,65,0.061391230672597885,0.08201806247234344,0.5862565544140508,0.9538474374868962,14.528666496276855,0.04906562343239784,0.003377159455409861,0.06
22,sco_kcal,66,0.14759190380573273,0.016830671578645706,0.6498453881171262,0.9446804842029852,3.8563103675842285,0.3457798659801483,0.08966598458639127,0.02
22,sco_kcal,67,0.29319679737091064,0.10753060132265091,0.6517629592377507,0.986082690502573,23.955198287963867,0.9206404685974121,0.038431761554651035,0.22
22,sco_kcal,68,0.08011522144079208,0.1303694248199463,0.6168315302057878,0.9311593113325578,25.896060943603516,1.3617240190505981,0.0525842143334526,0.14
22,sco_kcal,69,0.17732667922973633,0.0296469759196043,0.6370328261745677,0.9233700426924079,6.45615816116333,0.6513544321060181,0.10088885926373449,0.04
22,sco_kcal,70,0.17915281653404236,0.026872608810663223,0.6134169708885611,0.9467169405488265,5.327569961547852,0.5531817674636841,0.103833787534714,0.04
22,sco_kcal,71,0.09860873967409134,0.17429322004318237,0.6156320200246441,0.9079872299404059,35.64176940917969,2.944396734237671,0.08261084629202863,0.02
22,sco_kcal,72,0.6483414173126221,0.013344219885766506,0.6762270091036111,0.8879047601334513,3.101649522781372,1.8782579898834229,0.6055674492194445,0.36
22,sco_kcal,73,0.06103173643350601,0.033440180122852325,0.6372133242447817,0.9606571143936236,7.043155670166016,0.0655336007475853,0.00930457934149858,0.06
22,sco_kcal,74,0.07719741761684418,0.022443678230047226,0.6577008789853866,0.9439777678741317,4.955690860748291,0.1383487433195114,0.027917145602302816,0.04
22,sco_kcal,75,0.5785706043243408,0.02314356528222561,0.6424018225634669,0.9072399559325119,4.87870979309082,2.890732765197754,0.5925199259221322,0.36
22,sco_kcal,76,0.9539171457290649,0.01339415367692709,0.7695746044741218,0.9385542534323463,3.1532273292541504,8.162039756774902,2.5884717162798134,0.84
22,sco_kcal,77,0.24264270067214966,0.03930346667766571,0.6113799506399653,0.9338195738671267,7.803777694702148,1.653918981552124,0.21193824917321022,0.08
22,sco_kcal,78,0.06160024181008339,0.04003845155239105,0.6576015170990994,0.9724714943127917,8.869282722473145,0.11937315762042999,0.01345916703252228,0.16
22,sco_kcal,79,0.049426253885030746,0.09417953342199326,0.5796161676995024,0.9591082627224279,16.333528518676758,0.10939467698335648,0.0066975532481097335,0.06
22,sco_kcal,80,0.07324641197919846,0.050159335136413574,0.6013514000741806,0.9500190230304568,9.18848705291748,0.1870943009853363,0.020361817991127396,0.04
22,sco_kcal,81,0.3482802212238312,0.021176019683480263,0.6413629420692115,0.9177822011405612,4.600582599639893,1.3508890867233276,0.2936343511861014,0.06
22,sco_kcal,82,0.562964141368866,0.0248288344591856,0.6703394328002448,0.9086851049869598,5.687900066375732,3.4510209560394287,0.6067302371292155,0.28
22,sco_kcal,83,0.1054053008556366,0.03457287698984146,0.6027683830400241,0.9580694217354291,6.556471347808838,0.13258914649486542,0.020222637980287443,0.06
22,sco_kcal,84,0.6744873523712158,0.01604529097676277,0.6675061298451743,0.9040225408179428,3.698652982711792,2.614621877670288,0.706911918985514,0.44
22,sco_kcal,85,0.5244346261024475,0.018841244280338287,0.6680831297191143,0.9157424269196863,4.316005229949951,2.2568070888519287,0.5228925751042472,0.22
22,sco_kcal,86,0.03157738968729973,0.09943446516990662,0.6439008539007465,0.9645731731219265,21.664932250976562,0.08212635666131973,0.0037907506799435215,0.02
22,sco_kcal,87,0.11596816778182983,0.024322832003235817,0.643137617120008,0.9541624568731726,5.361634731292725,0.1945926398038864,0.036293527917551534,0.04
22,sco_kcal,88,0.14748094975948334,0.034481607377529144,0.5852589363273641,0.9396617849230116,6.167081832885742,0.41603323817253113,0.06746030771864399,0.1
22,sco_kcal,89,0.06742323189973831,0.03128077834844589,0.5947518934866247,0.9464483094866118,5.820714473724365,0.05948345735669136,0.010219270782858218,0.08
22,sco_kcal,90,0.6325042843818665,0.016776515170931816,0.6766480615265758,0.8835152277905591,3.8603947162628174,2.8638429641723633,0.741852368647111,0.3
22,sco_kcal,91,0.5163472890853882,0.017120158299803734,0.6599975402778728,0.9325750060175273,3.8622283935546875,1.82610023021698,0.47281000607431406,0.2
22,sco_kcal,92,0.276362806558609,0.0285642109811306,0.6377229734778158,0.933152050933308,6.175894737243652,1.2856345176696777,0.20816975877465585,0.14
22,sco_kcal,93,0.2775438129901886,0.027152802795171738,0.6599503826061146,0.9643926112210082,6.260808944702148,0.2596849799156189,0.041477863676923486,0.2
22,sco_kcal,94,0.43403252959251404,0.039293646812438965,0.6614862938421473,0.9503408738450652,8.78625774383545,1.8610032796859741,0.21180840967153255,0.42
22,sco_kcal,95,0.3028448820114136,0.2302781343460083,0.652841319679216,0.9871404954181842,51.08926010131836,1.2134257555007935,0.02375109275597986,0.28
22,sco_kcal,96,0.028788302093744278,0.1232260912656784,0.6302369878465119,0.9558795798661779,25.08753204345703,0.05332356318831444,0.002125500551267717,0.06
22,sco_kcal,97,0.24056978523731232,0.03039088100194931,0.6379340187672944,0.9208634588802538,6.421330451965332,1.3091648817062378,0.20387751284557404,0.04
22,sco_kcal,98,0.17089609801769257,0.027560267597436905,0.61398166113693,0.9258099683050396,5.579411506652832,0.7624287605285645,0.13665039038964097,0.04
22,sco_kcal,99,0.24221733212471008,0.1268366575241089,0.624559842413581,0.919883174936182,26.07961082458496,3.194912910461426,0.12250615747109296,0.16
22,sco_kcal,100,0.3744700253009796,0.024929627776145935,0.6136583839721397,0.9106635723887324,5.044074058532715,1.3604681491851807,0.26971613291120694,0.12
22,sco_kcal,101,0.07686357200145721,0.05713000148534775,0.6246818446112954,0.9565476424992321,11.637845993041992,0.22465164959430695,0.019303542058265864,0.02
22,sco_kcal,102,0.0636042058467865,0.04887942597270012,0.6287452970859166,0.9520901129844379,10.08066177368164,0.2069472372531891,0.020529132104549146,0.02
22,sco_kcal,103,0.07883314788341522,0.019984986633062363,0.6166623888898299,0.955126549241972,4.098395824432373,0.1075877845287323,0.026251194159274058,0.04
22,sco_kcal,104,0.4085957407951355,0.0396345816552639,0.6162650465186559,0.933950046680424,8.077651023864746,0.8995137214660645,0.11135832914897242,0.32
22,sco_kcal,105,0.049956344068050385,0.048904627561569214,0.6581987450785769,0.954109928397054,10.702967643737793,0.20791973173618317,0.019426362730138223,0.06
22,sco_kcal,106,0.2163390964269638,0.03277159109711647,0.6222959837665998,0.9348335471923732,6.827429294586182,0.7541497349739075,0.11045881289051378,0.08
22,sco_kcal,107,0.22591137886047363,0.014624548144638538,0.648636672515229,0.9564370526409061,3.200934886932373,0.6329538226127625,0.19774029930966697,0.06
22,sco_kcal,108,0.20645752549171448,0.015620013698935509,0.6569195816917774,0.9687013276848779,3.513345956802368,0.1725163608789444,0.04910315209492156,0.2
22,sco_kcal,109,0.07804198563098907,0.023687776178121567,0.6427374018121028,0.9620628904202473,5.10624361038208,0.1570831537246704,0.030762957216785923,0.02
22,sco_kcal,110,0.3063338100910187,0.023878807201981544,0.6356218970954564,0.9110918006435074,5.136355400085449,1.3612741231918335,0.2650272454217609,0.14
22,sco_kcal,111,0.3763332664966583,0.02040480636060238,0.6322862531714624,0.9246925709304188,4.288288116455078,1.0967111587524414,0.255745679620762,0.26
22,sco_kcal,112,0.14377835392951965,0.05319620296359062,0.572848596841051,0.9368281172887833,9.706026077270508,0.7344505786895752,0.07566954517147914,0.1
22,sco_kcal,113,0.3579225242137909,0.012071221135556698,0.6567663454192039,0.9240002269605243,2.7571704387664795,0.8228909969329834,0.2984548888827974,0.12
22,sco_kcal,114,0.2429056614637375,0.01524630282074213,0.6474148526876038,0.9512438056189751,3.3871707916259766,0.38529452681541443,0.1137511364257064,0.16
22,sco_kcal,115,0.06866943836212158,0.04376895725727081,0.6408886574372183,0.9654262516418202,9.224617004394531,0.2874763011932373,0.031164036518403524,0.04
22,sco_kcal,116,0.06382797658443451,0.03220285475254059,0.6100189155221811,0.9529134673986643,6.132122039794922,0.08085010200738907,0.013184685738918034,0.04
22,sco_kcal,117,0.1368028074502945,0.034872978925704956,0.628517647733055,0.9289820190696148,7.329330921173096,0.28446024656295776,0.03881121614269103,0.12
22,sco_kcal,118,0.19273702800273895,0.02006165124475956,0.6295756358810116,0.9282204036294828,4.344109058380127,0.5364125967025757,0.12348046273557375,0.04
22,sco_kcal,119,0.05977803096175194,0.02370762638747692,0.6525691958184101,0.9608869158145901,5.218476295471191,0.14241012930870056,0.027289599730919527,0.1
22,sco_kcal,120,0.5400031805038452,0.028578894212841988,0.6498113225674571,0.9020658871744704,6.164830207824707,3.6688501834869385,0.5951259093608535,0.36
22,sco_kcal,121,0.3713061213493347,0.022595377638936043,0.6694339654091293,0.9193670385556487,5.0890212059021,1.8442760705947876,0.3624029053869631,0.16
22,sco_kcal,122,0.1684032678604126,0.03465162590146065,0.6643134548169225,0.9531794877778337,7.643202304840088,0.23905691504478455,0.03127706235034507,0.18
22,sco_kcal,123,0.06961218267679214,0.037198130041360855,0.6020850690177602,0.9628401193752663,7.278805732727051,0.2787800133228302,0.03830024094054005,0.02
22,sco_kcal,124,0.22542698681354523,0.006743204314261675,0.6488259923914257,0.943755370095662,1.5957163572311401,0.20726551115512848,0.12988869244580037,0.08
22,sco_kcal,125,0.5567288398742676,0.01829206757247448,0.6536242178099476,0.908454831497852,4.1259989738464355,2.3129806518554688,0.5605868218864843,0.16
22,sco_kcal,126,0.06114432215690613,0.054466016590595245,0.6122367125379395,0.9639403467725787,10.807779312133789,0.08060962706804276,0.00745848196377799,0.02
22,sco_kcal,127,0.13497160375118256,0.015346097759902477,0.6359298712549408,0.952861863074959,3.2220559120178223,0.12380567193031311,0.0384244331293368,0.1
22,sco_kcal,128,0.20941856503486633,0.08290418982505798,0.6556172955347994,0.9752558948708492,18.374839782714844,0.4418746829032898,0.024047811470931026,0.24
22,sco_kcal,129,0.09120248258113861,0.05677667632699013,0.6274242066113465,0.9292002172788565,11.883017539978027,0.7316973805427551,0.061575048432025464,0.02
22,sco_kcal,130,0.11407472938299179,0.017309581860899925,0.6384330803712981,0.9810939303677932,3.6707265377044678,0.3290325105190277,0.0896368899015812,0.02
22,sco_kcal,131,0.4484684467315674,0.029950227588415146,0.6300582811682376,0.9335405359891458,6.191510200500488,2.61354660987854,0.42211779117593556,0.22
22,sco_kcal,132,0.5996873378753662,0.02585364319384098,0.679784803173954,0.9645147168385471,6.762720108032227,0.6867350935935974,0.10154717075721462,0.54
22,sco_kcal,133,0.13609622418880463,0.024123650044202805,0.6527279446652823,0.9670946683913972,5.345640182495117,0.11512307077646255,0.021535880988295026,0.1
22,sco_kcal,134,0.7980917692184448,0.029875213280320168,0.6473262956138104,0.9159859727572623,6.344136714935303,7.480300426483154,1.1790887811218045,0.4
22,sco_kcal,135,0.11645445972681046,0.023019962012767792,0.6604237821129928,0.9438316006652518,5.169351100921631,0.1818590760231018,0.035180252312650734,0.04
22,sco_kcal,136,0.1275164783000946,0.014199156314134598,0.6510002187888158,0.9650005611753787,3.1831271648406982,0.08653771132230759,0.027186382083053986,0.04
22,sco_kcal,137,0.10326613485813141,0.01368347555398941,0.6545893562838694,0.9593392951712496,3.0235636234283447,0.07845045626163483,0.025946355371441392,0.04
22,sco_kcal,138,0.15378431975841522,0.0347912572324276,0.5786835976633824,0.9352451980211958,5.888197898864746,0.5170875787734985,0.08781762903607467,0.08
22,sco_kcal,139,0.19938555359840393,0.027508052065968513,0.649194648495905,0.9403562762208855,6.158043384552002,0.3659645617008209,0.05942870792675405,0.1
22,sco_kcal,140,0.3191123604774475,0.055944301187992096,0.5968561444388576,0.9007891218709756,10.654234886169434,2.9594554901123047,0.2777726905527546,0.1
22,sco_kcal,141,0.41198423504829407,0.03163513168692589,0.6344032984620616,0.8953562952269336,6.61070442199707,2.5753543376922607,0.3895733606123408,0.14
22,sco_kcal,142,0.1015235185623169,0.019018976017832756,0.6392569549069842,0.9366821256416955,4.233090877532959,0.33593690395355225,0.07935971933334347,0.02
22,sco_kcal,143,0.23450066149234772,0.04680563881993294,0.6260448047531026,0.9086957761582577,9.808372497558594,1.2892744541168213,0.13144631838133544,0.28
22,sco_kcal,144,0.9241756796836853,0.006623766850680113,0.7567878389314227,0.8974504508256427,1.5127943754196167,3.3628299236297607,2.222925982717898,0.78
22,sco_kcal,145,0.4413551092147827,0.01250885333865881,0.6637016614031785,0.9300222705758188,2.8580634593963623,0.9100025296211243,0.31839829400195385,0.24
22,sco_kcal,146,0.1912112534046173,0.07289344817399979,0.6213939972528253,0.9086083060446024,14.734840393066406,2.643771171569824,0.17942312919886608,0.04
22,sco_kcal,147,0.17434391379356384,0.02742679975926876,0.617049401808268,0.9529615895633166,5.483150005340576,0.3530149459838867,0.06438177792693085,0.14
22,sco_kcal,148,0.3340586721897125,0.046556875109672546,0.6508134192687782,0.9559848429446243,10.289009094238281,1.0701707601547241,0.10401106174101903,0.16
22,sco_kcal,149,0.3935988247394562,0.02610844559967518,0.6208414065095595,0.9219254098547618,5.418866157531738,1.722604751586914,0.31789025628408407,0.18
22,sco_kcal,150,0.25623244047164917,0.009517546743154526,0.6388623750723768,0.9293432666660444,2.014157772064209,0.4057142436504364,0.2014312132235005,0.06
22,sco_kcal,151,0.0920632928609848,0.025004787370562553,0.6461105564136198,0.9687801391528001,5.424310207366943,0.2502547800540924,0.0461357795714214,0.04
22,sco_kcal,152,0.5455443263053894,0.02902630902826786,0.6364232464080941,0.8889402424291382,6.281729698181152,3.0307672023773193,0.48247335495108373,0.26
22,sco_kcal,153,0.14084118604660034,0.06800615787506104,0.594216073371286,0.9180648319766505,12.617715835571289,1.1866114139556885,0.0940432824307588,0.1
22,sco_kcal,154,0.20546197891235352,0.02162543125450611,0.6408995225544012,0.967546984431715,4.725189208984375,0.17951908707618713,0.03799193622444861,0.12
22,sco_kcal,155,0.7807796597480774,0.01446785219013691,0.6610772413380328,0.9101512591113694,2.96976375579834,3.255572557449341,1.0962395749806602,0.66
22,sco_kcal,156,0.3802073299884796,0.05610007420182228,0.5905513964949616,0.9078740510055165,10.393553733825684,3.7555601596832275,0.3613355215993935,0.3
22,sco_kcal,157,0.11368368566036224,0.08117621392011642,0.6029065077813289,0.9290356083852935,15.901470184326172,1.189215064048767,0.0747864851654382,0.1
22,sco_kcal,158,0.49336546659469604,0.01908954605460167,0.6732722094643879,0.9020508565162082,4.363058567047119,2.2313637733459473,0.5114219163131966,0.2
22,sco_kcal,159,0.07370439171791077,0.024924665689468384,0.6545838166405202,0.9623661348491226,5.553125858306885,0.08330989629030228,0.015002342539324864,0.06
22,sco_kcal,160,0.10016441345214844,0.033303823322057724,0.6492744906049219,0.9590260607653529,7.244863986968994,0.315071702003479,0.04348897406082213,0.1
22,sco_kcal,161,0.4113271236419678,0.020189857110381126,0.6426108936238495,0.9357699649766034,4.307336807250977,1.4411410093307495,0.3345782031497353,0.16
22,sco_kcal,162,0.12405386567115784,0.04017958790063858,0.6084859656914212,0.9544513189256454,7.720221519470215,0.3957972228527069,0.051267599233327146,0.1
22,sco_kcal,163,0.11711391061544418,0.055916380137205124,0.574305747039912,0.9280034183966728,9.795424461364746,0.6677583456039429,0.06817043490434997,0.02
22,sco_kcal,164,0.13283942639827728,0.02138022519648075,0.6479933927976094,0.9527539254665243,4.730802536010742,0.07830703258514404,0.01655258954248735,0.16
22,sco_kcal,165,0.8346604108810425,0.012071178294718266,0.6654243160956053,0.941939330824259,2.8857882022857666,2.9127979278564453,1.0093595661487855,0.72
22,sco_kcal,166,0.08120810985565186,0.016755759716033936,0.6449202845298225,0.9636325870655416,3.6485862731933594,0.1655222326517105,0.04536612820911595,0.04
22,sco_kcal,167,0.49834078550338745,0.01638859137892723,0.6698569038871967,0.9475106583652684,3.7112228870391846,1.7845245599746704,0.48084542866094604,0.38
22,sco_kcal,168,0.12110483646392822,0.020391792058944702,0.6124346833226253,0.9502963272160698,4.030416011810303,0.09453042596578598,0.023454260227426665,0.04
22,sco_kcal,169,0.7746157050132751,0.016014467924833298,0.6869549484204511,0.900860713156614,3.5551071166992188,3.9462506771087646,1.1100230028435,0.64
22,sco_kcal,170,0.5841388702392578,0.013595460914075375,0.6363564024308141,0.8946085867868301,2.9228787422180176,1.5474016666412354,0.5294101477049281,0.24
22,sco_kcal,171,0.1245698481798172,0.026015954092144966,0.640772208895513,0.9539353659078205,5.444930553436279,0.19456052780151367,0.035732416766771635,0.12
22,sco_kcal,172,0.11771135777235031,0.015321006998419762,0.6589398555399661,0.9601412539116958,3.4453437328338623,0.12918712198734283,0.03749614900719468,0.04
22,sco_kcal,173,0.5445088744163513,0.014101107604801655,0.6768116771741253,0.9475261154742185,3.360598564147949,1.534806251525879,0.45670621534500827,0.38
22,sco_kcal,174,0.3572012186050415,0.022956443950533867,0.6150113348762345,0.911794755698331,4.638478755950928,1.3440051078796387,0.2897512694556054,0.22
22,sco_kcal,175,0.37130114436149597,0.018292414024472237,0.6477407887316331,0.9270881359626348,4.1719889640808105,1.2616486549377441,0.3024093941283269,0.16
22,sco_kcal,176,0.46633246541023254,0.014634829945862293,0.6593837860955662,0.9231306673366166,3.346515655517578,1.0783640146255493,0.3222348632517506,0.2
22,sco_kcal,177,0.24776314198970795,0.021828098222613335,0.62183605847718,0.941888538343657,4.447024345397949,0.7974565029144287,0.17932361979076752,0.08
22,sco_kcal,178,0.2341972142457962,0.013927051797509193,0.6425848999715464,0.9719926702510462,3.16483736038208,0.056897372007369995,0.01797797659987841,0.18
22,sco_kcal,179,0.2607531249523163,0.01805153489112854,0.6266413946282219,0.9265429486890455,3.8753204345703125,0.5674642324447632,0.1464302738381639,0.16
22,sco_kcal,180,0.18538695573806763,0.06299241632223129,0.6071656887128238,0.9075706825247374,12.128521919250488,1.4467796087265015,0.11928738047050574,0.12
22,sco_kcal,181,0.140227273106575,0.1034458726644516,0.6299306603980848,0.9103904918762367,21.851531982421875,2.3860116004943848,0.10919195974056989,0.12
22,sco_kcal,182,0.687114417552948,0.020603379234671593,0.6846697933845487,0.9682281737873755,5.088341236114502,1.7387241125106812,0.34170745078378134,0.62
22,sco_kcal,183,0.16422459483146667,0.029341859742999077,0.6180743406516809,0.9282606819317609,5.800820350646973,0.5058600902557373,0.08720492269672135,0.06
22,sco_kcal,184,0.12507270276546478,0.012072206474840641,0.6558310435218846,0.961210151117049,2.69954514503479,0.22809098660945892,0.08449237718027473,0.14
22,sco_kcal,185,0.13578002154827118,0.016376957297325134,0.6566739880025447,0.9508309804644981,3.713557004928589,0.28088611364364624,0.07563802394062015,0.1
22,sco_kcal,186,0.05155898630619049,0.026395590975880623,0.6109009442070858,0.9505952058691964,5.226365566253662,0.15248622000217438,0.029176340244312225,0.02
22,sco_kcal,187,0.821871280670166,0.017231276258826256,0.6976793903247558,0.9244532077410641,3.930327892303467,5.081948757171631,1.2930088522953305,0.6
22,sco_kcal,188,0.033551182597875595,0.10936323553323746,0.6324630587590134,0.9568172155527428,22.88741683959961,0.058512259274721146,0.0025565252594816094,0.1
22,sco_kcal,189,0.2024298757314682,0.030942507088184357,0.6164886805797583,0.9298895234489124,6.355341911315918,0.5045742988586426,0.07939372985743373,0.3
22,sco_kcal,190,0.31364497542381287,0.025480587035417557,0.6385843379641263,0.9316960584220182,5.645120143890381,1.4634339809417725,0.25923876616259844,0.14
22,sco_kcal,191,0.11882676929235458,0.022565370425581932,0.6320828805109844,0.9351050192776249,4.825952529907227,0.2981362044811249,0.061777691063790094,0.04
22,sco_kcal,192,0.23633211851119995,0.0475584976375103,0.5766295309104756,0.8926574370259166,8.252094268798828,1.8096528053283691,0.2192961866868956,0.04
22,sco_kcal,193,0.24334290623664856,0.037382591515779495,0.654279815722147,0.9572478559367288,8.32317066192627,0.16642917692661285,0.01999588662622657,0.24
22,sco_kcal,194,0.45119374990463257,0.12789757549762726,0.6656612157600914,0.978342742330244,30.418699264526367,1.3644609451293945,0.04485599246909941,0.28
22,sco_kcal,195,0.26701536774635315,0.0712508037686348,0.5831469402897469,0.889097394329414,12.866559028625488,3.4462499618530273,0.2678455019858704,0.12
22,sco_kcal,196,0.3365313708782196,0.03960467129945755,0.6527336799449936,0.9813789976741756,8.78736400604248,1.0030847787857056,0.11415081679738673,0.32
22,sco_kcal,197,0.3277641236782074,0.04085420444607735,0.6182698332851433,0.8927165259214076,8.22387409210205,2.5845837593078613,0.31427812857568116,0.08
22,sco_kcal,198,0.10118523240089417,0.057197898626327515,0.6363707758309904,0.9339892895855166,12.367377281188965,0.827079176902771,0.06687587498125212,0.12
22,sco_kcal,199,0.04126109555363655,0.02522011660039425,0.6462397026848898,0.9497513812762617,5.605435848236084,0.10790162533521652,0.019249462175036924,0.02
22,sco_kcal,200,0.18142114579677582,0.023931294679641724,0.6343839658255024,0.9587310191474638,5.337118148803711,0.17737610638141632,0.033234435033291196,0.18
22,sco_kcal,201,0.23432403802871704,0.1172829419374466,0.6279519836772018,0.9298971351864642,23.885168075561523,2.003422260284424,0.0838772519392173,0.12
22,sco_kcal,202,0.23328937590122223,0.1219915971159935,0.6228538362986793,0.9156008212223978,24.33770179748535,5.443774700164795,0.22367661274932965,0.1
22,sco_kcal,203,0.25936582684516907,0.027113093063235283,0.6503318914385054,0.928936247669252,6.136743545532227,1.3398652076721191,0.21833488685503077,0.08
22,sco_kcal,204,0.4708074629306793,0.025606798008084297,0.6283309558378158,0.9077156511746713,5.2398681640625,2.269169330596924,0.4330584777227723,0.22
22,sco_kcal,205,0.2724885046482086,0.02322239615023136,0.6599960866201517,0.9259038059466576,5.212532997131348,0.8974615931510925,0.17217379604982824,0.16
22,sco_kcal,206,0.05675134062767029,0.03377366438508034,0.5855728953198738,0.9565435420317159,6.01257848739624,0.03594643250107765,0.0059785385881331475,0.04
22,sco_kcal,207,0.28971150517463684,0.027486808598041534,0.5962547175914676,0.9276565805574915,5.261022567749023,0.8832931518554688,0.16789381540961415,0.18
22,sco_kcal,208,0.6103147864341736,0.027415527030825615,0.6615032428338916,0.9095620672166373,6.109905242919922,4.077116966247559,0.6672962679694695,0.34
22,sco_kcal,209,0.1327422857284546,0.03295911103487015,0.6113823538915433,0.9394700047602298,6.501058578491211,0.1467151641845703,0.02256788835436405,0.1
22,sco_kcal,210,0.15858221054077148,0.043366141617298126,0.5890824292414008,0.9418016244489642,7.730842113494873,0.736243724822998,0.09523460885817589,0.1
22,sco_kcal,211,0.47749391198158264,0.06513955444097519,0.6745950487667278,0.9824164460934943,16.058351516723633,1.3938817977905273,0.08680105154871584,0.44
22,sco_kcal,212,0.06440993398427963,0.030787009745836258,0.6484590326822721,0.9610523505610185,6.698966979980469,0.24392104148864746,0.03641173963352759,0.04
22,sco_kcal,213,0.7197417616844177,0.013258172199130058,0.6864948961341824,0.889785373594929,3.041680097579956,2.590702772140503,0.8517341367363837,0.46
22,sco_kcal,214,0.2428998500108719,0.018946468830108643,0.6148648005281943,0.9481557231936975,3.7588770389556885,0.45683553814888,0.12153511099575647,0.18
22,sco_kcal,215,0.2288096398115158,0.03308560699224472,0.6150442430008289,0.9318413693283667,6.434688568115234,0.642082691192627,0.09978457922178781,0.14
22,sco_kcal,216,0.2871413230895996,0.07953893393278122,0.6297427801502022,0.9231789662056686,16.295164108276367,4.333020210266113,0.26590835056796747,0.16
22,sco_kcal,217,0.294667512178421,0.07886131852865219,0.5700714207186288,0.8826538990859261,13.770711898803711,3.508596658706665,0.2547868755435559,0.06
22,sco_kcal,218,0.22429929673671722,0.07112476974725723,0.6285913584098455,0.9044666651105908,14.885557174682617,3.6196632385253906,0.24316612378351013,0.04
22,sco_kcal,219,0.22969205677509308,0.045514464378356934,0.6030457098635971,0.9369446771265368,8.71780776977539,0.9882840514183044,0.11336382695253752,0.12
22,sco_kcal,220,0.2916640639305115,0.06077921763062477,0.629990766259801,0.888068296974942,12.689065933227539,2.599057912826538,0.20482657482460195,0.06
22,sco_kcal,221,0.27590808272361755,0.028692670166492462,0.6547771977538386,0.9575428965196708,6.39502477645874,0.3861920237541199,0.06038944918177074,0.3
22,sco_kcal,222,0.11701681464910507,0.021115630865097046,0.6253810865065195,0.9334988844504413,4.353397846221924,0.2932209372520447,0.06735450046370449,0.06
22,sco_kcal,223,0.04461909085512161,0.07935069501399994,0.6037231756887198,0.960994007228507,15.335562705993652,0.1501895934343338,0.0097935495627842,0.02
22,sco_kcal,224,0.05549556761980057,0.02262711524963379,0.6558105986584095,0.9568800311049352,4.981992721557617,0.190145343542099,0.03816652375249761,0.02
22,sco_kcal,225,0.351751446723938,0.29226428270339966,0.6568735815648095,0.9813296785870593,66.36212158203125,2.6228156089782715,0.039522781165701105,0.28
22,sco_kcal,226,0.42166438698768616,0.059040315449237823,0.6599217673041571,0.9699531757752091,13.413043022155762,0.788755476474762,0.058805110456433336,0.28
22,sco_kcal,227,0.39813506603240967,0.021126635372638702,0.6334272858752004,0.9574802425505871,4.455148696899414,1.514186143875122,0.3398733121812362,0.28
22,sco_kcal,228,0.1347489356994629,0.08532730489969254,0.6411486109728237,0.9126600984168418,18.84580421447754,2.1290740966796875,0.11297337446836633,0.02
22,sco_kcal,229,0.0813799723982811,0.04350152984261513,0.6078119443265235,0.9458061164625526,8.492183685302734,0.4668232500553131,0.054970931783215604,0.04
22,sco_kcal,230,0.10568778216838837,0.01354820467531681,0.6380850244456804,0.9571807140721567,2.9681169986724854,0.11753138899803162,0.03959796364179663,0.02
22,sco_kcal,231,0.6920530796051025,0.008772548288106918,0.6474211393449161,0.9177613126287594,1.8088561296463013,1.4748536348342896,0.8153515421498327,0.64
22,sco_kcal,232,0.2872362732887268,0.09742378443479538,0.6319401648873371,0.918212612706722,20.176557540893555,5.155270099639893,0.25550791254609545,0.12
22,sco_kcal,233,0.0657522976398468,0.056700099259614944,0.6493321360216227,0.9435916857286788,12.79074478149414,0.19956791400909424,0.015602524905182408,0.02
22,sco_kcal,234,0.565912663936615,0.01921367086470127,0.6289404811067782,0.9014633315736091,3.9409940242767334,2.2202227115631104,0.5633661705362708,0.28
22,sco_kcal,235,0.38925766944885254,0.039903424680233,0.6307063061348495,0.9055139725718804,8.119139671325684,3.309577703475952,0.40762664979940766,0.06
22,sco_kcal,236,0.11639967560768127,0.030207911506295204,0.6356858379922521,0.9527242934412004,6.370705604553223,0.3063577115535736,0.04808850550786964,0.04
22,sco_kcal,237,0.05575656518340111,0.022614844143390656,0.6589430616730314,0.9513638070907364,5.073536396026611,0.12069293111562729,0.023788718892437454,0.02
22,sco_kcal,238,0.5362049341201782,0.02569921500980854,0.6271122398861677,0.8881593626558311,5.393474102020264,2.757974863052368,0.5113540569369376,0.36
22,sco_kcal,239,0.1208706796169281,0.0496898889541626,0.6168532239678304,0.935883538514845,9.657119750976562,0.6097533106803894,0.06314028679397177,0.12
22,sco_kcal,240,0.0848846361041069,0.012507622130215168,0.6449086081653432,0.9523004721597474,2.7830464839935303,0.09750742465257645,0.035036218479778405,0.04
22,sco_kcal,241,0.1698848456144333,0.020079031586647034,0.6430583238535352,0.9633766039982243,4.488698482513428,0.08427146077156067,0.018774141569066413,0.12
22,sco_kcal,242,0.6256914734840393,0.018826959654688835,0.6320158741046533,0.9256496627446313,3.8968958854675293,2.432279586791992,0.6241582167649264,0.48
22,sco_kcal,243,0.3034287095069885,0.05964680388569832,0.5842347586592056,0.9010874001264728,10.663625717163086,2.624187707901001,0.2460877545314982,0.12
22,sco_kcal,244,0.7440348267555237,0.021937308833003044,0.6625909824913832,0.9177366168287626,4.811812877655029,4.717880725860596,0.9804788435912308,0.62
22,sco_kcal,245,0.2236931025981903,0.05966852605342865,0.597290889921618,0.9071743198699822,10.926309585571289,1.8657982349395752,0.17076197780478877,0.12
22,sco_kcal,246,0.14296136796474457,0.015095287933945656,0.6468587858577113,0.9587442935953894,3.3737354278564453,0.10303540527820587,0.030540452113540808,0.08
22,sco_kcal,247,0.26708561182022095,0.07899198681116104,0.6536119397974725,0.970619600172735,17.525136947631836,0.34776654839515686,0.019843870517779343,0.28
22,sco_kcal,248,0.28933340311050415,0.24372154474258423,0.6545068302184727,0.9876647359116848,53.958457946777344,0.8747352361679077,0.016211271957228924,0.28
22,sco_kcal,249,0.6423634886741638,0.022444427013397217,0.6453718980879009,0.888358842776382,4.72190523147583,3.571714162826538,0.756413775316325,0.32
22,water_gsolv_eV,0,1.0,0.0,0.6724474244162775,0.6724474244162775,,,,1.0
22,water_gsolv_eV,1,1.0,0.0,0.6724474244162775,0.6724474244162775,,,,1.0
22,water_gsolv_eV,2,1.0,0.0,0.6724474244162775,0.6724474244162775,,,,1.0
22,water_gsolv_eV,3,1.0,0.0,0.6724474244162775,0.6724474244162775,,,,1.0
22,water_gsolv_eV,4,1.0,0.0,0.6724474244162775,0.6724474244162775,,,,1.0
22,water_gsolv_eV,5,1.0,0.0,0.6724474244162775,0.6724474244162775,,,,1.0
22,water_gsolv_eV,6,1.0,0.0,0.6724474244162775,0.6724474244162775,,,,1.0
22,water_gsolv_eV,7,1.0,0.0,0.6724474244162775,0.6724474244162775,,,,1.0
22,water_gsolv_eV,8,1.0,0.0,0.6724474244162775,0.6724474244162775,,,,1.0
22,water_gsolv_eV,9,1.0,0.0,0.6724474244162775,0.6724474244162775,,,,1.0
22,water_gsolv_eV,10,1.0,0.0,0.6724474244162775,0.6724474244162775,,,,1.0
22,water_gsolv_eV,11,1.0,0.0,0.6724474244162775,0.6724474244162775,,,,1.0
22,water_gsolv_eV,12,1.0,0.0,0.6724474244162775,0.6724474244162775,,,,1.0
22,water_gsolv_eV,13,1.0,0.0,0.6724474244162775,0.6724474244162775,,,,1.0
22,water_gsolv_eV,14,1.0,0.0,0.6724474244162775,0.6724474244162775,,,,1.0
22,water_gsolv_eV,15,1.0,0.0,0.6724474244162775,0.6724474244162775,,,,1.0
22,water_gsolv_eV,16,1.0,0.0,0.6724474244162775,0.6724474244162775,,,,1.0
22,water_gsolv_eV,17,1.0,0.0,0.6724474244162775,0.6724474244162775,,,,1.0
22,water_gsolv_eV,18,1.0,0.0,0.6724474244162775,0.6724474244162775,,,,1.0
22,water_gsolv_eV,19,1.0,0.0,0.6724474244162775,0.6724474244162775,,,,1.0
22,water_gsolv_eV,20,1.0,0.0,0.6724474244162775,0.6724474244162775,,,,1.0
22,water_gsolv_eV,21,1.0,0.0,0.6724474244162775,0.6724474244162775,,,,1.0
22,water_gsolv_eV,22,1.0,0.0,0.6724474244162775,0.6724474244162775,,,,1.0
22,water_gsolv_eV,23,1.0,0.0,0.6724474244162775,0.6724474244162775,,,,1.0
22,water_gsolv_eV,24,1.0,0.0,0.6724474244162775,0.6724474244162775,,,,1.0
22,water_gsolv_eV,25,1.0,0.0,0.6724474244162775,0.6724474244162775,,,,1.0
22,water_gsolv_eV,26,1.0,0.0,0.6724474244162775,0.6724474244162775,,,,1.0
22,water_gsolv_eV,27,1.0,0.0,0.6724474244162775,0.6724474244162775,,,,1.0
22,water_gsolv_eV,28,1.0,0.0,0.6724474244162775,0.6724474244162775,,,,1.0
22,water_gsolv_eV,29,1.0,0.0,0.6724474244162775,0.6724474244162775,,,,1.0
22,water_gsolv_eV,30,1.0,0.0,0.6724474244162775,0.6724474244162775,,,,1.0
22,water_gsolv_eV,31,1.0,0.0,0.6724474244162775,0.6724474244162775,,,,1.0
22,water_gsolv_eV,32,1.0,0.0,0.6724474244162775,0.6724474244162775,,,,1.0
22,water_gsolv_eV,33,1.0,0.0,0.6724474244162775,0.6724474244162775,,,,1.0
22,water_gsolv_eV,34,1.0,0.0,0.6724474244162775,0.6724474244162775,,,,1.0
22,water_gsolv_eV,35,1.0,0.0,0.6724474244162775,0.6724474244162775,,,,1.0
22,water_gsolv_eV,36,1.0,0.0,0.6724474244162775,0.6724474244162775,,,,1.0
22,water_gsolv_eV,37,1.0,0.0,0.6724474244162775,0.6724474244162775,,,,1.0
22,water_gsolv_eV,38,1.0,0.0,0.6724474244162775,0.6724474244162775,,,,1.0
22,water_gsolv_eV,39,1.0,0.0,0.6724474244162775,0.6724474244162775,,,,1.0
22,water_gsolv_eV,40,1.0,0.0,0.6724474244162775,0.6724474244162775,,,,1.0
22,water_gsolv_eV,41,1.0,0.0,0.6724474244162775,0.6724474244162775,,,,1.0
22,water_gsolv_eV,42,1.0,0.0,0.6724474244162775,0.6724474244162775,,,,1.0
22,water_gsolv_eV,43,1.0,0.0,0.6724474244162775,0.6724474244162775,,,,1.0
22,water_gsolv_eV,44,1.0,0.0,0.6724474244162775,0.6724474244162775,,,,1.0
22,water_gsolv_eV,45,1.0,0.0,0.6724474244162775,0.6724474244162775,,,,1.0
22,water_gsolv_eV,46,1.0,0.0,0.6724474244162775,0.6724474244162775,,,,1.0
22,water_gsolv_eV,47,1.0,0.0,0.6724474244162775,0.6724474244162775,,,,1.0
22,water_gsolv_eV,48,1.0,0.0,0.6724474244162775,0.6724474244162775,,,,1.0
22,water_gsolv_eV,49,1.0,0.0,0.6724474244162775,0.6724474244162775,,,,1.0
22,water_gsolv_eV,50,1.0,0.0,0.6724474244162775,0.6724474244162775,,,,1.0
22,water_gsolv_eV,51,1.0,0.0,0.6724474244162775,0.6724474244162775,,,,1.0
22,water_gsolv_eV,52,1.0,0.0,0.6724474244162775,0.6724474244162775,,,,1.0
22,water_gsolv_eV,53,1.0,0.0,0.6724474244162775,0.6724474244162775,,,,1.0
22,water_gsolv_eV,54,1.0,0.0,0.6724474244162775,0.6724474244162775,,,,1.0
22,water_gsolv_eV,55,1.0,0.0,0.6724474244162775,0.6724474244162775,,,,1.0
22,water_gsolv_eV,56,1.0,0.0,0.6724474244162775,0.6724474244162775,,,,1.0
22,water_gsolv_eV,57,1.0,0.0,0.6724474244162775,0.6724474244162775,,,,1.0
22,water_gsolv_eV,58,1.0,0.0,0.6724474244162775,0.6724474244162775,,,,1.0
22,water_gsolv_eV,59,1.0,0.0,0.6724474244162775,0.6724474244162775,,,,1.0
22,water_gsolv_eV,60,1.0,0.0,0.6724474244162775,0.6724474244162775,,,,1.0
22,water_gsolv_eV,61,1.0,0.0,0.6724474244162775,0.6724474244162775,,,,1.0
22,water_gsolv_eV,62,1.0,0.0,0.6724474244162775,0.6724474244162775,,,,1.0
22,water_gsolv_eV,63,1.0,0.0,0.6724474244162775,0.6724474244162775,,,,1.0
22,water_gsolv_eV,64,1.0,0.0,0.6724474244162775,0.6724474244162775,,,,1.0
22,water_gsolv_eV,65,1.0,0.0,0.6724474244162775,0.6724474244162775,,,,1.0
22,water_gsolv_eV,66,1.0,0.0,0.6724474244162775,0.6724474244162775,,,,1.0
22,water_gsolv_eV,67,1.0,0.0,0.6724474244162775,0.6724474244162775,,,,1.0
22,water_gsolv_eV,68,1.0,0.0,0.6724474244162775,0.6724474244162775,,,,1.0
22,water_gsolv_eV,69,1.0,0.0,0.6724474244162775,0.6724474244162775,,,,1.0
22,water_gsolv_eV,70,1.0,0.0,0.6724474244162775,0.6724474244162775,,,,1.0
22,water_gsolv_eV,71,1.0,0.0,0.6724474244162775,0.6724474244162775,,,,1.0
22,water_gsolv_eV,72,1.0,0.0,0.6724474244162775,0.6724474244162775,,,,1.0
22,water_gsolv_eV,73,1.0,0.0,0.6724474244162775,0.6724474244162775,,,,1.0
22,water_gsolv_eV,74,1.0,0.0,0.6724474244162775,0.6724474244162775,,,,1.0
22,water_gsolv_eV,75,1.0,0.0,0.6724474244162775,0.6724474244162775,,,,1.0
22,water_gsolv_eV,76,1.0,0.0,0.6724474244162775,0.6724474244162775,,,,1.0
22,water_gsolv_eV,77,1.0,0.0,0.6724474244162775,0.6724474244162775,,,,1.0
22,water_gsolv_eV,78,1.0,0.0,0.6724474244162775,0.6724474244162775,,,,1.0
22,water_gsolv_eV,79,1.0,0.0,0.6724474244162775,0.6724474244162775,,,,1.0
22,water_gsolv_eV,80,1.0,0.0,0.6724474244162775,0.6724474244162775,,,,1.0
22,water_gsolv_eV,81,1.0,0.0,0.6724474244162775,0.6724474244162775,,,,1.0
22,water_gsolv_eV,82,1.0,0.0,0.6724474244162775,0.6724474244162775,,,,1.0
22,water_gsolv_eV,83,1.0,0.0,0.6724474244162775,0.6724474244162775,,,,1.0
22,water_gsolv_eV,84,1.0,0.0,0.6724474244162775,0.6724474244162775,,,,1.0
22,water_gsolv_eV,85,1.0,0.0,0.6724474244162775,0.6724474244162775,,,,1.0
22,water_gsolv_eV,86,1.0,0.0,0.6724474244162775,0.6724474244162775,,,,1.0
22,water_gsolv_eV,87,1.0,0.0,0.6724474244162775,0.6724474244162775,,,,1.0
22,water_gsolv_eV,88,1.0,0.0,0.6724474244162775,0.6724474244162775,,,,1.0
22,water_gsolv_eV,89,1.0,0.0,0.6724474244162775,0.6724474244162775,,,,1.0
22,water_gsolv_eV,90,1.0,0.0,0.6724474244162775,0.6724474244162775,,,,1.0
22,water_gsolv_eV,91,1.0,0.0,0.6724474244162775,0.6724474244162775,,,,1.0
22,water_gsolv_eV,92,1.0,0.0,0.6724474244162775,0.6724474244162775,,,,1.0
22,water_gsolv_eV,93,1.0,0.0,0.6724474244162775,0.6724474244162775,,,,1.0
22,water_gsolv_eV,94,1.0,0.0,0.6724474244162775,0.6724474244162775,,,,1.0
22,water_gsolv_eV,95,1.0,0.0,0.6724474244162775,0.6724474244162775,,,,1.0
22,water_gsolv_eV,96,1.0,0.0,0.6724474244162775,0.6724474244162775,,,,1.0
22,water_gsolv_eV,97,1.0,0.0,0.6724474244162775,0.6724474244162775,,,,1.0
22,water_gsolv_eV,98,1.0,0.0,0.6724474244162775,0.6724474244162775,,,,1.0
22,water_gsolv_eV,99,1.0,0.0,0.6724474244162775,0.6724474244162775,,,,1.0
22,water_gsolv_eV,100,1.0,0.0,0.6724474244162775,0.6724474244162775,,,,1.0
22,water_gsolv_eV,101,1.0,0.0,0.6724474244162775,0.6724474244162775,,,,1.0
22,water_gsolv_eV,102,1.0,0.0,0.6724474244162775,0.6724474244162775,,,,1.0
22,water_gsolv_eV,103,1.0,0.0,0.6724474244162775,0.6724474244162775,,,,1.0
22,water_gsolv_eV,104,1.0,0.0,0.6724474244162775,0.6724474244162775,,,,1.0
22,water_gsolv_eV,105,1.0,0.0,0.6724474244162775,0.6724474244162775,,,,1.0
22,water_gsolv_eV,106,1.0,0.0,0.6724474244162775,0.6724474244162775,,,,1.0
22,water_gsolv_eV,107,1.0,0.0,0.6724474244162775,0.6724474244162775,,,,1.0
22,water_gsolv_eV,108,1.0,0.0,0.6724474244162775,0.6724474244162775,,,,1.0
22,water_gsolv_eV,109,1.0,0.0,0.6724474244162775,0.6724474244162775,,,,1.0
22,water_gsolv_eV,110,1.0,0.0,0.6724474244162775,0.6724474244162775,,,,1.0
22,water_gsolv_eV,111,1.0,0.0,0.6724474244162775,0.6724474244162775,,,,1.0
22,water_gsolv_eV,112,1.0,0.0,0.6724474244162775,0.6724474244162775,,,,1.0
22,water_gsolv_eV,113,1.0,0.0,0.6724474244162775,0.6724474244162775,,,,1.0
22,water_gsolv_eV,114,1.0,0.0,0.6724474244162775,0.6724474244162775,,,,1.0
22,water_gsolv_eV,115,1.0,0.0,0.6724474244162775,0.6724474244162775,,,,1.0
22,water_gsolv_eV,116,1.0,0.0,0.6724474244162775,0.6724474244162775,,,,1.0
22,water_gsolv_eV,117,1.0,0.0,0.6724474244162775,0.6724474244162775,,,,1.0
22,water_gsolv_eV,118,1.0,0.0,0.6724474244162775,0.6724474244162775,,,,1.0
22,water_gsolv_eV,119,1.0,0.0,0.6724474244162775,0.6724474244162775,,,,1.0
22,water_gsolv_eV,120,1.0,0.0,0.6724474244162775,0.6724474244162775,,,,1.0
22,water_gsolv_eV,121,1.0,0.0,0.6724474244162775,0.6724474244162775,,,,1.0
22,water_gsolv_eV,122,1.0,0.0,0.6724474244162775,0.6724474244162775,,,,1.0
22,water_gsolv_eV,123,1.0,0.0,0.6724474244162775,0.6724474244162775,,,,1.0
22,water_gsolv_eV,124,1.0,0.0,0.6724474244162775,0.6724474244162775,,,,1.0
22,water_gsolv_eV,125,1.0,0.0,0.6724474244162775,0.6724474244162775,,,,1.0
22,water_gsolv_eV,126,1.0,0.0,0.6724474244162775,0.6724474244162775,,,,1.0
22,water_gsolv_eV,127,1.0,0.0,0.6724474244162775,0.6724474244162775,,,,1.0
22,water_gsolv_eV,128,1.0,0.0,0.6724474244162775,0.6724474244162775,,,,1.0
22,water_gsolv_eV,129,1.0,0.0,0.6724474244162775,0.6724474244162775,,,,1.0
22,water_gsolv_eV,130,1.0,0.0,0.6724474244162775,0.6724474244162775,,,,1.0
22,water_gsolv_eV,131,1.0,0.0,0.6724474244162775,0.6724474244162775,,,,1.0
22,water_gsolv_eV,132,1.0,0.0,0.6724474244162775,0.6724474244162775,,,,1.0
22,water_gsolv_eV,133,1.0,0.0,0.6724474244162775,0.6724474244162775,,,,1.0
22,water_gsolv_eV,134,1.0,0.0,0.6724474244162775,0.6724474244162775,,,,1.0
22,water_gsolv_eV,135,1.0,0.0,0.6724474244162775,0.6724474244162775,,,,1.0
22,water_gsolv_eV,136,1.0,0.0,0.6724474244162775,0.6724474244162775,,,,1.0
22,water_gsolv_eV,137,1.0,0.0,0.6724474244162775,0.6724474244162775,,,,1.0
22,water_gsolv_eV,138,1.0,0.0,0.6724474244162775,0.6724474244162775,,,,1.0
22,water_gsolv_eV,139,1.0,0.0,0.6724474244162775,0.6724474244162775,,,,1.0
22,water_gsolv_eV,140,1.0,0.0,0.6724474244162775,0.6724474244162775,,,,1.0
22,water_gsolv_eV,141,1.0,0.0,0.6724474244162775,0.6724474244162775,,,,1.0
22,water_gsolv_eV,142,1.0,0.0,0.6724474244162775,0.6724474244162775,,,,1.0
22,water_gsolv_eV,143,1.0,0.0,0.6724474244162775,0.6724474244162775,,,,1.0
22,water_gsolv_eV,144,1.0,0.0,0.6724474244162775,0.6724474244162775,,,,1.0
22,water_gsolv_eV,145,1.0,0.0,0.6724474244162775,0.6724474244162775,,,,1.0
22,water_gsolv_eV,146,1.0,0.0,0.6724474244162775,0.6724474244162775,,,,1.0
22,water_gsolv_eV,147,1.0,0.0,0.6724474244162775,0.6724474244162775,,,,1.0
22,water_gsolv_eV,148,1.0,0.0,0.6724474244162775,0.6724474244162775,,,,1.0
22,water_gsolv_eV,149,1.0,0.0,0.6724474244162775,0.6724474244162775,,,,1.0
22,water_gsolv_eV,150,1.0,0.0,0.6724474244162775,0.6724474244162775,,,,1.0
22,water_gsolv_eV,151,1.0,0.0,0.6724474244162775,0.6724474244162775,,,,1.0
22,water_gsolv_eV,152,1.0,0.0,0.6724474244162775,0.6724474244162775,,,,1.0
22,water_gsolv_eV,153,1.0,0.0,0.6724474244162775,0.6724474244162775,,,,1.0
22,water_gsolv_eV,154,1.0,0.0,0.6724474244162775,0.6724474244162775,,,,1.0
22,water_gsolv_eV,155,1.0,0.0,0.6724474244162775,0.6724474244162775,,,,1.0
22,water_gsolv_eV,156,1.0,0.0,0.6724474244162775,0.6724474244162775,,,,1.0
22,water_gsolv_eV,157,1.0,0.0,0.6724474244162775,0.6724474244162775,,,,1.0
22,water_gsolv_eV,158,1.0,0.0,0.6724474244162775,0.6724474244162775,,,,1.0
22,water_gsolv_eV,159,1.0,0.0,0.6724474244162775,0.6724474244162775,,,,1.0
22,water_gsolv_eV,160,1.0,0.0,0.6724474244162775,0.6724474244162775,,,,1.0
22,water_gsolv_eV,161,1.0,0.0,0.6724474244162775,0.6724474244162775,,,,1.0
22,water_gsolv_eV,162,1.0,0.0,0.6724474244162775,0.6724474244162775,,,,1.0
22,water_gsolv_eV,163,1.0,0.0,0.6724474244162775,0.6724474244162775,,,,1.0
22,water_gsolv_eV,164,1.0,0.0,0.6724474244162775,0.6724474244162775,,,,1.0
22,water_gsolv_eV,165,1.0,0.0,0.6724474244162775,0.6724474244162775,,,,1.0
22,water_gsolv_eV,166,1.0,0.0,0.6724474244162775,0.6724474244162775,,,,1.0
22,water_gsolv_eV,167,1.0,0.0,0.6724474244162775,0.6724474244162775,,,,1.0
22,water_gsolv_eV,168,1.0,0.0,0.6724474244162775,0.6724474244162775,,,,1.0
22,water_gsolv_eV,169,1.0,0.0,0.6724474244162775,0.6724474244162775,,,,1.0
22,water_gsolv_eV,170,1.0,0.0,0.6724474244162775,0.6724474244162775,,,,1.0
22,water_gsolv_eV,171,1.0,0.0,0.6724474244162775,0.6724474244162775,,,,1.0
22,water_gsolv_eV,172,1.0,0.0,0.6724474244162775,0.6724474244162775,,,,1.0
22,water_gsolv_eV,173,1.0,0.0,0.6724474244162775,0.6724474244162775,,,,1.0
22,water_gsolv_eV,174,1.0,0.0,0.6724474244162775,0.6724474244162775,,,,1.0
22,water_gsolv_eV,175,1.0,0.0,0.6724474244162775,0.6724474244162775,,,,1.0
22,water_gsolv_eV,176,1.0,0.0,0.6724474244162775,0.6724474244162775,,,,1.0
22,water_gsolv_eV,177,1.0,0.0,0.6724474244162775,0.6724474244162775,,,,1.0
22,water_gsolv_eV,178,1.0,0.0,0.6724474244162775,0.6724474244162775,,,,1.0
22,water_gsolv_eV,179,1.0,0.0,0.6724474244162775,0.6724474244162775,,,,1.0
22,water_gsolv_eV,180,1.0,0.0,0.6724474244162775,0.6724474244162775,,,,1.0
22,water_gsolv_eV,181,1.0,0.0,0.6724474244162775,0.6724474244162775,,,,1.0
22,water_gsolv_eV,182,1.0,0.0,0.6724474244162775,0.6724474244162775,,,,1.0
22,water_gsolv_eV,183,1.0,0.0,0.6724474244162775,0.6724474244162775,,,,1.0
22,water_gsolv_eV,184,1.0,0.0,0.6724474244162775,0.6724474244162775,,,,1.0
22,water_gsolv_eV,185,1.0,0.0,0.6724474244162775,0.6724474244162775,,,,1.0
22,water_gsolv_eV,186,1.0,0.0,0.6724474244162775,0.6724474244162775,,,,1.0
22,water_gsolv_eV,187,1.0,0.0,0.6724474244162775,0.6724474244162775,,,,1.0
22,water_gsolv_eV,188,1.0,0.0,0.6724474244162775,0.6724474244162775,,,,1.0
22,water_gsolv_eV,189,1.0,0.0,0.6724474244162775,0.6724474244162775,,,,1.0
22,water_gsolv_eV,190,1.0,0.0,0.6724474244162775,0.6724474244162775,,,,1.0
22,water_gsolv_eV,191,1.0,0.0,0.6724474244162775,0.6724474244162775,,,,1.0
22,water_gsolv_eV,192,1.0,0.0,0.6724474244162775,0.6724474244162775,,,,1.0
22,water_gsolv_eV,193,1.0,0.0,0.6724474244162775,0.6724474244162775,,,,1.0
22,water_gsolv_eV,194,1.0,0.0,0.6724474244162775,0.6724474244162775,,,,1.0
22,water_gsolv_eV,195,1.0,0.0,0.6724474244162775,0.6724474244162775,,,,1.0
22,water_gsolv_eV,196,1.0,0.0,0.6724474244162775,0.6724474244162775,,,,1.0
22,water_gsolv_eV,197,1.0,0.0,0.6724474244162775,0.6724474244162775,,,,1.0
22,water_gsolv_eV,198,1.0,0.0,0.6724474244162775,0.6724474244162775,,,,1.0
22,water_gsolv_eV,199,1.0,0.0,0.6724474244162775,0.6724474244162775,,,,1.0
22,water_gsolv_eV,200,1.0,0.0,0.6724474244162775,0.6724474244162775,,,,1.0
22,water_gsolv_eV,201,1.0,0.0,0.6724474244162775,0.6724474244162775,,,,1.0
22,water_gsolv_eV,202,1.0,0.0,0.6724474244162775,0.6724474244162775,,,,1.0
22,water_gsolv_eV,203,1.0,0.0,0.6724474244162775,0.6724474244162775,,,,1.0
22,water_gsolv_eV,204,1.0,0.0,0.6724474244162775,0.6724474244162775,,,,1.0
22,water_gsolv_eV,205,1.0,0.0,0.6724474244162775,0.6724474244162775,,,,1.0
22,water_gsolv_eV,206,1.0,0.0,0.6724474244162775,0.6724474244162775,,,,1.0
22,water_gsolv_eV,207,1.0,0.0,0.6724474244162775,0.6724474244162775,,,,1.0
22,water_gsolv_eV,208,1.0,0.0,0.6724474244162775,0.6724474244162775,,,,1.0
22,water_gsolv_eV,209,1.0,0.0,0.6724474244162775,0.6724474244162775,,,,1.0
22,water_gsolv_eV,210,1.0,0.0,0.6724474244162775,0.6724474244162775,,,,1.0
22,water_gsolv_eV,211,1.0,0.0,0.6724474244162775,0.6724474244162775,,,,1.0
22,water_gsolv_eV,212,1.0,0.0,0.6724474244162775,0.6724474244162775,,,,1.0
22,water_gsolv_eV,213,1.0,0.0,0.6724474244162775,0.6724474244162775,,,,1.0
22,water_gsolv_eV,214,1.0,0.0,0.6724474244162775,0.6724474244162775,,,,1.0
22,water_gsolv_eV,215,1.0,0.0,0.6724474244162775,0.6724474244162775,,,,1.0
22,water_gsolv_eV,216,1.0,0.0,0.6724474244162775,0.6724474244162775,,,,1.0
22,water_gsolv_eV,217,1.0,0.0,0.6724474244162775,0.6724474244162775,,,,1.0
22,water_gsolv_eV,218,1.0,0.0,0.6724474244162775,0.6724474244162775,,,,1.0
22,water_gsolv_eV,219,1.0,0.0,0.6724474244162775,0.6724474244162775,,,,1.0
22,water_gsolv_eV,220,1.0,0.0,0.6724474244162775,0.6724474244162775,,,,1.0
22,water_gsolv_eV,221,1.0,0.0,0.6724474244162775,0.6724474244162775,,,,1.0
22,water_gsolv_eV,222,1.0,0.0,0.6724474244162775,0.6724474244162775,,,,1.0
22,water_gsolv_eV,223,1.0,0.0,0.6724474244162775,0.6724474244162775,,,,1.0
22,water_gsolv_eV,224,1.0,0.0,0.6724474244162775,0.6724474244162775,,,,1.0
22,water_gsolv_eV,225,1.0,0.0,0.6724474244162775,0.6724474244162775,,,,1.0
22,water_gsolv_eV,226,1.0,0.0,0.6724474244162775,0.6724474244162775,,,,1.0
22,water_gsolv_eV,227,1.0,0.0,0.6724474244162775,0.6724474244162775,,,,1.0
22,water_gsolv_eV,228,1.0,0.0,0.6724474244162775,0.6724474244162775,,,,1.0
22,water_gsolv_eV,229,1.0,0.0,0.6724474244162775,0.6724474244162775,,,,1.0
22,water_gsolv_eV,230,1.0,0.0,0.6724474244162775,0.6724474244162775,,,,1.0
22,water_gsolv_eV,231,1.0,0.0,0.6724474244162775,0.6724474244162775,,,,1.0
22,water_gsolv_eV,232,1.0,0.0,0.6724474244162775,0.6724474244162775,,,,1.0
22,water_gsolv_eV,233,1.0,0.0,0.6724474244162775,0.6724474244162775,,,,1.0
22,water_gsolv_eV,234,1.0,0.0,0.6724474244162775,0.6724474244162775,,,,1.0
22,water_gsolv_eV,235,1.0,0.0,0.6724474244162775,0.6724474244162775,,,,1.0
22,water_gsolv_eV,236,1.0,0.0,0.6724474244162775,0.6724474244162775,,,,1.0
22,water_gsolv_eV,237,1.0,0.0,0.6724474244162775,0.6724474244162775,,,,1.0
22,water_gsolv_eV,238,1.0,0.0,0.6724474244162775,0.6724474244162775,,,,1.0
22,water_gsolv_eV,239,1.0,0.0,0.6724474244162775,0.6724474244162775,,,,1.0
22,water_gsolv_eV,240,1.0,0.0,0.6724474244162775,0.6724474244162775,,,,1.0
22,water_gsolv_eV,241,1.0,0.0,0.6724474244162775,0.6724474244162775,,,,1.0
22,water_gsolv_eV,242,1.0,0.0,0.6724474244162775,0.6724474244162775,,,,1.0
22,water_gsolv_eV,243,1.0,0.0,0.6724474244162775,0.6724474244162775,,,,1.0
22,water_gsolv_eV,244,1.0,0.0,0.6724474244162775,0.6724474244162775,,,,1.0
22,water_gsolv_eV,245,1.0,0.0,0.6724474244162775,0.6724474244162775,,,,1.0
22,water_gsolv_eV,246,1.0,0.0,0.6724474244162775,0.6724474244162775,,,,1.0
22,water_gsolv_eV,247,1.0,0.0,0.6724474244162775,0.6724474244162775,,,,1.0
22,water_gsolv_eV,248,1.0,0.0,0.6724474244162775,0.6724474244162775,,,,1.0
22,water_gsolv_eV,249,1.0,0.0,0.6724474244162775,0.6724474244162775,,,,1.0
22,water_hl_gap_eV,0,1.0,0.0,0.7077000904025406,0.7077000904025406,,,,1.0
22,water_hl_gap_eV,1,1.0,0.0,0.7077000904025406,0.7077000904025406,,,,1.0
22,water_hl_gap_eV,2,1.0,0.0,0.7077000904025406,0.7077000904025406,,,,1.0
22,water_hl_gap_eV,3,1.0,0.0,0.7077000904025406,0.7077000904025406,,,,1.0
22,water_hl_gap_eV,4,1.0,0.0,0.7077000904025406,0.7077000904025406,,,,1.0
22,water_hl_gap_eV,5,1.0,0.0,0.7077000904025406,0.7077000904025406,,,,1.0
22,water_hl_gap_eV,6,1.0,0.0,0.7077000904025406,0.7077000904025406,,,,1.0
22,water_hl_gap_eV,7,1.0,0.0,0.7077000904025406,0.7077000904025406,,,,1.0
22,water_hl_gap_eV,8,1.0,0.0,0.7077000904025406,0.7077000904025406,,,,1.0
22,water_hl_gap_eV,9,1.0,0.0,0.7077000904025406,0.7077000904025406,,,,1.0
22,water_hl_gap_eV,10,1.0,0.0,0.7077000904025406,0.7077000904025406,,,,1.0
22,water_hl_gap_eV,11,1.0,0.0,0.7077000904025406,0.7077000904025406,,,,1.0
22,water_hl_gap_eV,12,1.0,0.0,0.7077000904025406,0.7077000904025406,,,,1.0
22,water_hl_gap_eV,13,1.0,0.0,0.7077000904025406,0.7077000904025406,,,,1.0
22,water_hl_gap_eV,14,1.0,0.0,0.7077000904025406,0.7077000904025406,,,,1.0
22,water_hl_gap_eV,15,1.0,0.0,0.7077000904025406,0.7077000904025406,,,,1.0
22,water_hl_gap_eV,16,1.0,0.0,0.7077000904025406,0.7077000904025406,,,,1.0
22,water_hl_gap_eV,17,1.0,0.0,0.7077000904025406,0.7077000904025406,,,,1.0
22,water_hl_gap_eV,18,1.0,0.0,0.7077000904025406,0.7077000904025406,,,,1.0
22,water_hl_gap_eV,19,1.0,0.0,0.7077000904025406,0.7077000904025406,,,,1.0
22,water_hl_gap_eV,20,1.0,0.0,0.7077000904025406,0.7077000904025406,,,,1.0
22,water_hl_gap_eV,21,1.0,0.0,0.7077000904025406,0.7077000904025406,,,,1.0
22,water_hl_gap_eV,22,1.0,0.0,0.7077000904025406,0.7077000904025406,,,,1.0
22,water_hl_gap_eV,23,1.0,0.0,0.7077000904025406,0.7077000904025406,,,,1.0
22,water_hl_gap_eV,24,1.0,0.0,0.7077000904025406,0.7077000904025406,,,,1.0
22,water_hl_gap_eV,25,1.0,0.0,0.7077000904025406,0.7077000904025406,,,,1.0
22,water_hl_gap_eV,26,1.0,0.0,0.7077000904025406,0.7077000904025406,,,,1.0
22,water_hl_gap_eV,27,1.0,0.0,0.7077000904025406,0.7077000904025406,,,,1.0
22,water_hl_gap_eV,28,1.0,0.0,0.7077000904025406,0.7077000904025406,,,,1.0
22,water_hl_gap_eV,29,1.0,0.0,0.7077000904025406,0.7077000904025406,,,,1.0
22,water_hl_gap_eV,30,1.0,0.0,0.7077000904025406,0.7077000904025406,,,,1.0
22,water_hl_gap_eV,31,1.0,0.0,0.7077000904025406,0.7077000904025406,,,,1.0
22,water_hl_gap_eV,32,1.0,0.0,0.7077000904025406,0.7077000904025406,,,,1.0
22,water_hl_gap_eV,33,1.0,0.0,0.7077000904025406,0.7077000904025406,,,,1.0
22,water_hl_gap_eV,34,1.0,0.0,0.7077000904025406,0.7077000904025406,,,,1.0
22,water_hl_gap_eV,35,1.0,0.0,0.7077000904025406,0.7077000904025406,,,,1.0
22,water_hl_gap_eV,36,1.0,0.0,0.7077000904025406,0.7077000904025406,,,,1.0
22,water_hl_gap_eV,37,1.0,0.0,0.7077000904025406,0.7077000904025406,,,,1.0
22,water_hl_gap_eV,38,1.0,0.0,0.7077000904025406,0.7077000904025406,,,,1.0
22,water_hl_gap_eV,39,1.0,0.0,0.7077000904025406,0.7077000904025406,,,,1.0
22,water_hl_gap_eV,40,1.0,0.0,0.7077000904025406,0.7077000904025406,,,,1.0
22,water_hl_gap_eV,41,1.0,0.0,0.7077000904025406,0.7077000904025406,,,,1.0
22,water_hl_gap_eV,42,1.0,0.0,0.7077000904025406,0.7077000904025406,,,,1.0
22,water_hl_gap_eV,43,1.0,0.0,0.7077000904025406,0.7077000904025406,,,,1.0
22,water_hl_gap_eV,44,1.0,0.0,0.7077000904025406,0.7077000904025406,,,,1.0
22,water_hl_gap_eV,45,1.0,0.0,0.7077000904025406,0.7077000904025406,,,,1.0
22,water_hl_gap_eV,46,1.0,0.0,0.7077000904025406,0.7077000904025406,,,,1.0
22,water_hl_gap_eV,47,1.0,0.0,0.7077000904025406,0.7077000904025406,,,,1.0
22,water_hl_gap_eV,48,1.0,0.0,0.7077000904025406,0.7077000904025406,,,,1.0
22,water_hl_gap_eV,49,1.0,0.0,0.7077000904025406,0.7077000904025406,,,,1.0
22,water_hl_gap_eV,50,1.0,0.0,0.7077000904025406,0.7077000904025406,,,,1.0
22,water_hl_gap_eV,51,1.0,0.0,0.7077000904025406,0.7077000904025406,,,,1.0
22,water_hl_gap_eV,52,1.0,0.0,0.7077000904025406,0.7077000904025406,,,,1.0
22,water_hl_gap_eV,53,1.0,0.0,0.7077000904025406,0.7077000904025406,,,,1.0
22,water_hl_gap_eV,54,1.0,0.0,0.7077000904025406,0.7077000904025406,,,,1.0
22,water_hl_gap_eV,55,1.0,0.0,0.7077000904025406,0.7077000904025406,,,,1.0
22,water_hl_gap_eV,56,1.0,0.0,0.7077000904025406,0.7077000904025406,,,,1.0
22,water_hl_gap_eV,57,1.0,0.0,0.7077000904025406,0.7077000904025406,,,,1.0
22,water_hl_gap_eV,58,1.0,0.0,0.7077000904025406,0.7077000904025406,,,,1.0
22,water_hl_gap_eV,59,1.0,0.0,0.7077000904025406,0.7077000904025406,,,,1.0
22,water_hl_gap_eV,60,1.0,0.0,0.7077000904025406,0.7077000904025406,,,,1.0
22,water_hl_gap_eV,61,1.0,0.0,0.7077000904025406,0.7077000904025406,,,,1.0
22,water_hl_gap_eV,62,1.0,0.0,0.7077000904025406,0.7077000904025406,,,,1.0
22,water_hl_gap_eV,63,1.0,0.0,0.7077000904025406,0.7077000904025406,,,,1.0
22,water_hl_gap_eV,64,1.0,0.0,0.7077000904025406,0.7077000904025406,,,,1.0
22,water_hl_gap_eV,65,1.0,0.0,0.7077000904025406,0.7077000904025406,,,,1.0
22,water_hl_gap_eV,66,1.0,0.0,0.7077000904025406,0.7077000904025406,,,,1.0
22,water_hl_gap_eV,67,1.0,0.0,0.7077000904025406,0.7077000904025406,,,,1.0
22,water_hl_gap_eV,68,1.0,0.0,0.7077000904025406,0.7077000904025406,,,,1.0
22,water_hl_gap_eV,69,1.0,0.0,0.7077000904025406,0.7077000904025406,,,,1.0
22,water_hl_gap_eV,70,1.0,0.0,0.7077000904025406,0.7077000904025406,,,,1.0
22,water_hl_gap_eV,71,1.0,0.0,0.7077000904025406,0.7077000904025406,,,,1.0
22,water_hl_gap_eV,72,1.0,0.0,0.7077000904025406,0.7077000904025406,,,,1.0
22,water_hl_gap_eV,73,1.0,0.0,0.7077000904025406,0.7077000904025406,,,,1.0
22,water_hl_gap_eV,74,1.0,0.0,0.7077000904025406,0.7077000904025406,,,,1.0
22,water_hl_gap_eV,75,1.0,0.0,0.7077000904025406,0.7077000904025406,,,,1.0
22,water_hl_gap_eV,76,1.0,0.0,0.7077000904025406,0.7077000904025406,,,,1.0
22,water_hl_gap_eV,77,1.0,0.0,0.7077000904025406,0.7077000904025406,,,,1.0
22,water_hl_gap_eV,78,1.0,0.0,0.7077000904025406,0.7077000904025406,,,,1.0
22,water_hl_gap_eV,79,1.0,0.0,0.7077000904025406,0.7077000904025406,,,,1.0
22,water_hl_gap_eV,80,1.0,0.0,0.7077000904025406,0.7077000904025406,,,,1.0
22,water_hl_gap_eV,81,1.0,0.0,0.7077000904025406,0.7077000904025406,,,,1.0
22,water_hl_gap_eV,82,1.0,0.0,0.7077000904025406,0.7077000904025406,,,,1.0
22,water_hl_gap_eV,83,1.0,0.0,0.7077000904025406,0.7077000904025406,,,,1.0
22,water_hl_gap_eV,84,1.0,0.0,0.7077000904025406,0.7077000904025406,,,,1.0
22,water_hl_gap_eV,85,1.0,0.0,0.7077000904025406,0.7077000904025406,,,,1.0
22,water_hl_gap_eV,86,1.0,0.0,0.7077000904025406,0.7077000904025406,,,,1.0
22,water_hl_gap_eV,87,1.0,0.0,0.7077000904025406,0.7077000904025406,,,,1.0
22,water_hl_gap_eV,88,1.0,0.0,0.7077000904025406,0.7077000904025406,,,,1.0
22,water_hl_gap_eV,89,1.0,0.0,0.7077000904025406,0.7077000904025406,,,,1.0
22,water_hl_gap_eV,90,1.0,0.0,0.7077000904025406,0.7077000904025406,,,,1.0
22,water_hl_gap_eV,91,1.0,0.0,0.7077000904025406,0.7077000904025406,,,,1.0
22,water_hl_gap_eV,92,1.0,0.0,0.7077000904025406,0.7077000904025406,,,,1.0
22,water_hl_gap_eV,93,1.0,0.0,0.7077000904025406,0.7077000904025406,,,,1.0
22,water_hl_gap_eV,94,1.0,0.0,0.7077000904025406,0.7077000904025406,,,,1.0
22,water_hl_gap_eV,95,1.0,0.0,0.7077000904025406,0.7077000904025406,,,,1.0
22,water_hl_gap_eV,96,1.0,0.0,0.7077000904025406,0.7077000904025406,,,,1.0
22,water_hl_gap_eV,97,1.0,0.0,0.7077000904025406,0.7077000904025406,,,,1.0
22,water_hl_gap_eV,98,1.0,0.0,0.7077000904025406,0.7077000904025406,,,,1.0
22,water_hl_gap_eV,99,1.0,0.0,0.7077000904025406,0.7077000904025406,,,,1.0
22,water_hl_gap_eV,100,1.0,0.0,0.7077000904025406,0.7077000904025406,,,,1.0
22,water_hl_gap_eV,101,1.0,0.0,0.7077000904025406,0.7077000904025406,,,,1.0
22,water_hl_gap_eV,102,1.0,0.0,0.7077000904025406,0.7077000904025406,,,,1.0
22,water_hl_gap_eV,103,1.0,0.0,0.7077000904025406,0.7077000904025406,,,,1.0
22,water_hl_gap_eV,104,1.0,0.0,0.7077000904025406,0.7077000904025406,,,,1.0
22,water_hl_gap_eV,105,1.0,0.0,0.7077000904025406,0.7077000904025406,,,,1.0
22,water_hl_gap_eV,106,1.0,0.0,0.7077000904025406,0.7077000904025406,,,,1.0
22,water_hl_gap_eV,107,1.0,0.0,0.7077000904025406,0.7077000904025406,,,,1.0
22,water_hl_gap_eV,108,1.0,0.0,0.7077000904025406,0.7077000904025406,,,,1.0
22,water_hl_gap_eV,109,1.0,0.0,0.7077000904025406,0.7077000904025406,,,,1.0
22,water_hl_gap_eV,110,1.0,0.0,0.7077000904025406,0.7077000904025406,,,,1.0
22,water_hl_gap_eV,111,1.0,0.0,0.7077000904025406,0.7077000904025406,,,,1.0
22,water_hl_gap_eV,112,1.0,0.0,0.7077000904025406,0.7077000904025406,,,,1.0
22,water_hl_gap_eV,113,1.0,0.0,0.7077000904025406,0.7077000904025406,,,,1.0
22,water_hl_gap_eV,114,1.0,0.0,0.7077000904025406,0.7077000904025406,,,,1.0
22,water_hl_gap_eV,115,1.0,0.0,0.7077000904025406,0.7077000904025406,,,,1.0
22,water_hl_gap_eV,116,1.0,0.0,0.7077000904025406,0.7077000904025406,,,,1.0
22,water_hl_gap_eV,117,1.0,0.0,0.7077000904025406,0.7077000904025406,,,,1.0
22,water_hl_gap_eV,118,1.0,0.0,0.7077000904025406,0.7077000904025406,,,,1.0
22,water_hl_gap_eV,119,1.0,0.0,0.7077000904025406,0.7077000904025406,,,,1.0
22,water_hl_gap_eV,120,1.0,0.0,0.7077000904025406,0.7077000904025406,,,,1.0
22,water_hl_gap_eV,121,1.0,0.0,0.7077000904025406,0.7077000904025406,,,,1.0
22,water_hl_gap_eV,122,1.0,0.0,0.7077000904025406,0.7077000904025406,,,,1.0
22,water_hl_gap_eV,123,1.0,0.0,0.7077000904025406,0.7077000904025406,,,,1.0
22,water_hl_gap_eV,124,1.0,0.0,0.7077000904025406,0.7077000904025406,,,,1.0
22,water_hl_gap_eV,125,1.0,0.0,0.7077000904025406,0.7077000904025406,,,,1.0
22,water_hl_gap_eV,126,1.0,0.0,0.7077000904025406,0.7077000904025406,,,,1.0
22,water_hl_gap_eV,127,1.0,0.0,0.7077000904025406,0.7077000904025406,,,,1.0
22,water_hl_gap_eV,128,1.0,0.0,0.7077000904025406,0.7077000904025406,,,,1.0
22,water_hl_gap_eV,129,1.0,0.0,0.7077000904025406,0.7077000904025406,,,,1.0
22,water_hl_gap_eV,130,1.0,0.0,0.7077000904025406,0.7077000904025406,,,,1.0
22,water_hl_gap_eV,131,1.0,0.0,0.7077000904025406,0.7077000904025406,,,,1.0
22,water_hl_gap_eV,132,1.0,0.0,0.7077000904025406,0.7077000904025406,,,,1.0
22,water_hl_gap_eV,133,1.0,0.0,0.7077000904025406,0.7077000904025406,,,,1.0
22,water_hl_gap_eV,134,1.0,0.0,0.7077000904025406,0.7077000904025406,,,,1.0
22,water_hl_gap_eV,135,1.0,0.0,0.7077000904025406,0.7077000904025406,,,,1.0
22,water_hl_gap_eV,136,1.0,0.0,0.7077000904025406,0.7077000904025406,,,,1.0
22,water_hl_gap_eV,137,1.0,0.0,0.7077000904025406,0.7077000904025406,,,,1.0
22,water_hl_gap_eV,138,1.0,0.0,0.7077000904025406,0.7077000904025406,,,,1.0
22,water_hl_gap_eV,139,1.0,0.0,0.7077000904025406,0.7077000904025406,,,,1.0
22,water_hl_gap_eV,140,1.0,0.0,0.7077000904025406,0.7077000904025406,,,,1.0
22,water_hl_gap_eV,141,1.0,0.0,0.7077000904025406,0.7077000904025406,,,,1.0
22,water_hl_gap_eV,142,1.0,0.0,0.7077000904025406,0.7077000904025406,,,,1.0
22,water_hl_gap_eV,143,1.0,0.0,0.7077000904025406,0.7077000904025406,,,,1.0
22,water_hl_gap_eV,144,1.0,0.0,0.7077000904025406,0.7077000904025406,,,,1.0
22,water_hl_gap_eV,145,1.0,0.0,0.7077000904025406,0.7077000904025406,,,,1.0
22,water_hl_gap_eV,146,1.0,0.0,0.7077000904025406,0.7077000904025406,,,,1.0
22,water_hl_gap_eV,147,1.0,0.0,0.7077000904025406,0.7077000904025406,,,,1.0
22,water_hl_gap_eV,148,1.0,0.0,0.7077000904025406,0.7077000904025406,,,,1.0
22,water_hl_gap_eV,149,1.0,0.0,0.7077000904025406,0.7077000904025406,,,,1.0
22,water_hl_gap_eV,150,1.0,0.0,0.7077000904025406,0.7077000904025406,,,,1.0
22,water_hl_gap_eV,151,1.0,0.0,0.7077000904025406,0.7077000904025406,,,,1.0
22,water_hl_gap_eV,152,1.0,0.0,0.7077000904025406,0.7077000904025406,,,,1.0
22,water_hl_gap_eV,153,1.0,0.0,0.7077000904025406,0.7077000904025406,,,,1.0
22,water_hl_gap_eV,154,1.0,0.0,0.7077000904025406,0.7077000904025406,,,,1.0
22,water_hl_gap_eV,155,1.0,0.0,0.7077000904025406,0.7077000904025406,,,,1.0
22,water_hl_gap_eV,156,1.0,0.0,0.7077000904025406,0.7077000904025406,,,,1.0
22,water_hl_gap_eV,157,1.0,0.0,0.7077000904025406,0.7077000904025406,,,,1.0
22,water_hl_gap_eV,158,1.0,0.0,0.7077000904025406,0.7077000904025406,,,,1.0
22,water_hl_gap_eV,159,1.0,0.0,0.7077000904025406,0.7077000904025406,,,,1.0
22,water_hl_gap_eV,160,1.0,0.0,0.7077000904025406,0.7077000904025406,,,,1.0
22,water_hl_gap_eV,161,1.0,0.0,0.7077000904025406,0.7077000904025406,,,,1.0
22,water_hl_gap_eV,162,1.0,0.0,0.7077000904025406,0.7077000904025406,,,,1.0
22,water_hl_gap_eV,163,1.0,0.0,0.7077000904025406,0.7077000904025406,,,,1.0
22,water_hl_gap_eV,164,1.0,0.0,0.7077000904025406,0.7077000904025406,,,,1.0
22,water_hl_gap_eV,165,1.0,0.0,0.7077000904025406,0.7077000904025406,,,,1.0
22,water_hl_gap_eV,166,1.0,0.0,0.7077000904025406,0.7077000904025406,,,,1.0
22,water_hl_gap_eV,167,1.0,0.0,0.7077000904025406,0.7077000904025406,,,,1.0
22,water_hl_gap_eV,168,1.0,0.0,0.7077000904025406,0.7077000904025406,,,,1.0
22,water_hl_gap_eV,169,1.0,0.0,0.7077000904025406,0.7077000904025406,,,,1.0
22,water_hl_gap_eV,170,1.0,0.0,0.7077000904025406,0.7077000904025406,,,,1.0
22,water_hl_gap_eV,171,1.0,0.0,0.7077000904025406,0.7077000904025406,,,,1.0
22,water_hl_gap_eV,172,1.0,0.0,0.7077000904025406,0.7077000904025406,,,,1.0
22,water_hl_gap_eV,173,1.0,0.0,0.7077000904025406,0.7077000904025406,,,,1.0
22,water_hl_gap_eV,174,1.0,0.0,0.7077000904025406,0.7077000904025406,,,,1.0
22,water_hl_gap_eV,175,1.0,0.0,0.7077000904025406,0.7077000904025406,,,,1.0
22,water_hl_gap_eV,176,1.0,0.0,0.7077000904025406,0.7077000904025406,,,,1.0
22,water_hl_gap_eV,177,1.0,0.0,0.7077000904025406,0.7077000904025406,,,,1.0
22,water_hl_gap_eV,178,1.0,0.0,0.7077000904025406,0.7077000904025406,,,,1.0
22,water_hl_gap_eV,179,1.0,0.0,0.7077000904025406,0.7077000904025406,,,,1.0
22,water_hl_gap_eV,180,1.0,0.0,0.7077000904025406,0.7077000904025406,,,,1.0
22,water_hl_gap_eV,181,1.0,0.0,0.7077000904025406,0.7077000904025406,,,,1.0
22,water_hl_gap_eV,182,1.0,0.0,0.7077000904025406,0.7077000904025406,,,,1.0
22,water_hl_gap_eV,183,1.0,0.0,0.7077000904025406,0.7077000904025406,,,,1.0
22,water_hl_gap_eV,184,1.0,0.0,0.7077000904025406,0.7077000904025406,,,,1.0
22,water_hl_gap_eV,185,1.0,0.0,0.7077000904025406,0.7077000904025406,,,,1.0
22,water_hl_gap_eV,186,1.0,0.0,0.7077000904025406,0.7077000904025406,,,,1.0
22,water_hl_gap_eV,187,1.0,0.0,0.7077000904025406,0.7077000904025406,,,,1.0
22,water_hl_gap_eV,188,1.0,0.0,0.7077000904025406,0.7077000904025406,,,,1.0
22,water_hl_gap_eV,189,1.0,0.0,0.7077000904025406,0.7077000904025406,,,,1.0
22,water_hl_gap_eV,190,1.0,0.0,0.7077000904025406,0.7077000904025406,,,,1.0
22,water_hl_gap_eV,191,1.0,0.0,0.7077000904025406,0.7077000904025406,,,,1.0
22,water_hl_gap_eV,192,1.0,0.0,0.7077000904025406,0.7077000904025406,,,,1.0
22,water_hl_gap_eV,193,1.0,0.0,0.7077000904025406,0.7077000904025406,,,,1.0
22,water_hl_gap_eV,194,1.0,0.0,0.7077000904025406,0.7077000904025406,,,,1.0
22,water_hl_gap_eV,195,1.0,0.0,0.7077000904025406,0.7077000904025406,,,,1.0
22,water_hl_gap_eV,196,1.0,0.0,0.7077000904025406,0.7077000904025406,,,,1.0
22,water_hl_gap_eV,197,1.0,0.0,0.7077000904025406,0.7077000904025406,,,,1.0
22,water_hl_gap_eV,198,1.0,0.0,0.7077000904025406,0.7077000904025406,,,,1.0
22,water_hl_gap_eV,199,1.0,0.0,0.7077000904025406,0.7077000904025406,,,,1.0
22,water_hl_gap_eV,200,1.0,0.0,0.7077000904025406,0.7077000904025406,,,,1.0
22,water_hl_gap_eV,201,1.0,0.0,0.7077000904025406,0.7077000904025406,,,,1.0
22,water_hl_gap_eV,202,1.0,0.0,0.7077000904025406,0.7077000904025406,,,,1.0
22,water_hl_gap_eV,203,1.0,0.0,0.7077000904025406,0.7077000904025406,,,,1.0
22,water_hl_gap_eV,204,1.0,0.0,0.7077000904025406,0.7077000904025406,,,,1.0
22,water_hl_gap_eV,205,1.0,0.0,0.7077000904025406,0.7077000904025406,,,,1.0
22,water_hl_gap_eV,206,1.0,0.0,0.7077000904025406,0.7077000904025406,,,,1.0
22,water_hl_gap_eV,207,1.0,0.0,0.7077000904025406,0.7077000904025406,,,,1.0
22,water_hl_gap_eV,208,1.0,0.0,0.7077000904025406,0.7077000904025406,,,,1.0
22,water_hl_gap_eV,209,1.0,0.0,0.7077000904025406,0.7077000904025406,,,,1.0
22,water_hl_gap_eV,210,1.0,0.0,0.7077000904025406,0.7077000904025406,,,,1.0
22,water_hl_gap_eV,211,1.0,0.0,0.7077000904025406,0.7077000904025406,,,,1.0
22,water_hl_gap_eV,212,1.0,0.0,0.7077000904025406,0.7077000904025406,,,,1.0
22,water_hl_gap_eV,213,1.0,0.0,0.7077000904025406,0.7077000904025406,,,,1.0
22,water_hl_gap_eV,214,1.0,0.0,0.7077000904025406,0.7077000904025406,,,,1.0
22,water_hl_gap_eV,215,1.0,0.0,0.7077000904025406,0.7077000904025406,,,,1.0
22,water_hl_gap_eV,216,1.0,0.0,0.7077000904025406,0.7077000904025406,,,,1.0
22,water_hl_gap_eV,217,1.0,0.0,0.7077000904025406,0.7077000904025406,,,,1.0
22,water_hl_gap_eV,218,1.0,0.0,0.7077000904025406,0.7077000904025406,,,,1.0
22,water_hl_gap_eV,219,1.0,0.0,0.7077000904025406,0.7077000904025406,,,,1.0
22,water_hl_gap_eV,220,1.0,0.0,0.7077000904025406,0.7077000904025406,,,,1.0
22,water_hl_gap_eV,221,1.0,0.0,0.7077000904025406,0.7077000904025406,,,,1.0
22,water_hl_gap_eV,222,1.0,0.0,0.7077000904025406,0.7077000904025406,,,,1.0
22,water_hl_gap_eV,223,1.0,0.0,0.7077000904025406,0.7077000904025406,,,,1.0
22,water_hl_gap_eV,224,1.0,0.0,0.7077000904025406,0.7077000904025406,,,,1.0
22,water_hl_gap_eV,225,1.0,0.0,0.7077000904025406,0.7077000904025406,,,,1.0
22,water_hl_gap_eV,226,1.0,0.0,0.7077000904025406,0.7077000904025406,,,,1.0
22,water_hl_gap_eV,227,1.0,0.0,0.7077000904025406,0.7077000904025406,,,,1.0
22,water_hl_gap_eV,228,1.0,0.0,0.7077000904025406,0.7077000904025406,,,,1.0
22,water_hl_gap_eV,229,1.0,0.0,0.7077000904025406,0.7077000904025406,,,,1.0
22,water_hl_gap_eV,230,1.0,0.0,0.7077000904025406,0.7077000904025406,,,,1.0
22,water_hl_gap_eV,231,1.0,0.0,0.7077000904025406,0.7077000904025406,,,,1.0
22,water_hl_gap_eV,232,1.0,0.0,0.7077000904025406,0.7077000904025406,,,,1.0
22,water_hl_gap_eV,233,1.0,0.0,0.7077000904025406,0.7077000904025406,,,,1.0
22,water_hl_gap_eV,234,1.0,0.0,0.7077000904025406,0.7077000904025406,,,,1.0
22,water_hl_gap_eV,235,1.0,0.0,0.7077000904025406,0.7077000904025406,,,,1.0
22,water_hl_gap_eV,236,1.0,0.0,0.7077000904025406,0.7077000904025406,,,,1.0
22,water_hl_gap_eV,237,1.0,0.0,0.7077000904025406,0.7077000904025406,,,,1.0
22,water_hl_gap_eV,238,1.0,0.0,0.7077000904025406,0.7077000904025406,,,,1.0
22,water_hl_gap_eV,239,1.0,0.0,0.7077000904025406,0.7077000904025406,,,,1.0
22,water_hl_gap_eV,240,1.0,0.0,0.7077000904025406,0.7077000904025406,,,,1.0
22,water_hl_gap_eV,241,1.0,0.0,0.7077000904025406,0.7077000904025406,,,,1.0
22,water_hl_gap_eV,242,1.0,0.0,0.7077000904025406,0.7077000904025406,,,,1.0
22,water_hl_gap_eV,243,1.0,0.0,0.7077000904025406,0.7077000904025406,,,,1.0
22,water_hl_gap_eV,244,1.0,0.0,0.7077000904025406,0.7077000904025406,,,,1.0
22,water_hl_gap_eV,245,1.0,0.0,0.7077000904025406,0.7077000904025406,,,,1.0
22,water_hl_gap_eV,246,1.0,0.0,0.7077000904025406,0.7077000904025406,,,,1.0
22,water_hl_gap_eV,247,1.0,0.0,0.7077000904025406,0.7077000904025406,,,,1.0
22,water_hl_gap_eV,248,1.0,0.0,0.7077000904025406,0.7077000904025406,,,,1.0
22,water_hl_gap_eV,249,1.0,0.0,0.7077000904025406,0.7077000904025406,,,,1.0
22,water_dipole,0,1.0,0.0,0.6085077237673371,0.6085077237673371,,,,1.0
22,water_dipole,1,1.0,0.0,0.6085077237673371,0.6085077237673371,,,,1.0
22,water_dipole,2,1.0,0.0,0.6085077237673371,0.6085077237673371,,,,1.0
22,water_dipole,3,1.0,0.0,0.6085077237673371,0.6085077237673371,,,,1.0
22,water_dipole,4,1.0,0.0,0.6085077237673371,0.6085077237673371,,,,1.0
22,water_dipole,5,1.0,0.0,0.6085077237673371,0.6085077237673371,,,,1.0
22,water_dipole,6,1.0,0.0,0.6085077237673371,0.6085077237673371,,,,1.0
22,water_dipole,7,1.0,0.0,0.6085077237673371,0.6085077237673371,,,,1.0
22,water_dipole,8,1.0,0.0,0.6085077237673371,0.6085077237673371,,,,1.0
22,water_dipole,9,1.0,0.0,0.6085077237673371,0.6085077237673371,,,,1.0
22,water_dipole,10,1.0,0.0,0.6085077237673371,0.6085077237673371,,,,1.0
22,water_dipole,11,1.0,0.0,0.6085077237673371,0.6085077237673371,,,,1.0
22,water_dipole,12,1.0,0.0,0.6085077237673371,0.6085077237673371,,,,1.0
22,water_dipole,13,1.0,0.0,0.6085077237673371,0.6085077237673371,,,,1.0
22,water_dipole,14,1.0,0.0,0.6085077237673371,0.6085077237673371,,,,1.0
22,water_dipole,15,1.0,0.0,0.6085077237673371,0.6085077237673371,,,,1.0
22,water_dipole,16,1.0,0.0,0.6085077237673371,0.6085077237673371,,,,1.0
22,water_dipole,17,1.0,0.0,0.6085077237673371,0.6085077237673371,,,,1.0
22,water_dipole,18,1.0,0.0,0.6085077237673371,0.6085077237673371,,,,1.0
22,water_dipole,19,1.0,0.0,0.6085077237673371,0.6085077237673371,,,,1.0
22,water_dipole,20,1.0,0.0,0.6085077237673371,0.6085077237673371,,,,1.0
22,water_dipole,21,1.0,0.0,0.6085077237673371,0.6085077237673371,,,,1.0
22,water_dipole,22,1.0,0.0,0.6085077237673371,0.6085077237673371,,,,1.0
22,water_dipole,23,1.0,0.0,0.6085077237673371,0.6085077237673371,,,,1.0
22,water_dipole,24,1.0,0.0,0.6085077237673371,0.6085077237673371,,,,1.0
22,water_dipole,25,1.0,0.0,0.6085077237673371,0.6085077237673371,,,,1.0
22,water_dipole,26,1.0,0.0,0.6085077237673371,0.6085077237673371,,,,1.0
22,water_dipole,27,1.0,0.0,0.6085077237673371,0.6085077237673371,,,,1.0
22,water_dipole,28,1.0,0.0,0.6085077237673371,0.6085077237673371,,,,1.0
22,water_dipole,29,1.0,0.0,0.6085077237673371,0.6085077237673371,,,,1.0
22,water_dipole,30,1.0,0.0,0.6085077237673371,0.6085077237673371,,,,1.0
22,water_dipole,31,1.0,0.0,0.6085077237673371,0.6085077237673371,,,,1.0
22,water_dipole,32,1.0,0.0,0.6085077237673371,0.6085077237673371,,,,1.0
22,water_dipole,33,1.0,0.0,0.6085077237673371,0.6085077237673371,,,,1.0
22,water_dipole,34,1.0,0.0,0.6085077237673371,0.6085077237673371,,,,1.0
22,water_dipole,35,1.0,0.0,0.6085077237673371,0.6085077237673371,,,,1.0
22,water_dipole,36,1.0,0.0,0.6085077237673371,0.6085077237673371,,,,1.0
22,water_dipole,37,1.0,0.0,0.6085077237673371,0.6085077237673371,,,,1.0
22,water_dipole,38,1.0,0.0,0.6085077237673371,0.6085077237673371,,,,1.0
22,water_dipole,39,1.0,0.0,0.6085077237673371,0.6085077237673371,,,,1.0
22,water_dipole,40,1.0,0.0,0.6085077237673371,0.6085077237673371,,,,1.0
22,water_dipole,41,1.0,0.0,0.6085077237673371,0.6085077237673371,,,,1.0
22,water_dipole,42,1.0,0.0,0.6085077237673371,0.6085077237673371,,,,1.0
22,water_dipole,43,1.0,0.0,0.6085077237673371,0.6085077237673371,,,,1.0
22,water_dipole,44,1.0,0.0,0.6085077237673371,0.6085077237673371,,,,1.0
22,water_dipole,45,1.0,0.0,0.6085077237673371,0.6085077237673371,,,,1.0
22,water_dipole,46,1.0,0.0,0.6085077237673371,0.6085077237673371,,,,1.0
22,water_dipole,47,1.0,0.0,0.6085077237673371,0.6085077237673371,,,,1.0
22,water_dipole,48,1.0,0.0,0.6085077237673371,0.6085077237673371,,,,1.0
22,water_dipole,49,1.0,0.0,0.6085077237673371,0.6085077237673371,,,,1.0
22,water_dipole,50,1.0,0.0,0.6085077237673371,0.6085077237673371,,,,1.0
22,water_dipole,51,1.0,0.0,0.6085077237673371,0.6085077237673371,,,,1.0
22,water_dipole,52,1.0,0.0,0.6085077237673371,0.6085077237673371,,,,1.0
22,water_dipole,53,1.0,0.0,0.6085077237673371,0.6085077237673371,,,,1.0
22,water_dipole,54,1.0,0.0,0.6085077237673371,0.6085077237673371,,,,1.0
22,water_dipole,55,1.0,0.0,0.6085077237673371,0.6085077237673371,,,,1.0
22,water_dipole,56,1.0,0.0,0.6085077237673371,0.6085077237673371,,,,1.0
22,water_dipole,57,1.0,0.0,0.6085077237673371,0.6085077237673371,,,,1.0
22,water_dipole,58,1.0,0.0,0.6085077237673371,0.6085077237673371,,,,1.0
22,water_dipole,59,1.0,0.0,0.6085077237673371,0.6085077237673371,,,,1.0
22,water_dipole,60,1.0,0.0,0.6085077237673371,0.6085077237673371,,,,1.0
22,water_dipole,61,1.0,0.0,0.6085077237673371,0.6085077237673371,,,,1.0
22,water_dipole,62,1.0,0.0,0.6085077237673371,0.6085077237673371,,,,1.0
22,water_dipole,63,1.0,0.0,0.6085077237673371,0.6085077237673371,,,,1.0
22,water_dipole,64,1.0,0.0,0.6085077237673371,0.6085077237673371,,,,1.0
22,water_dipole,65,1.0,0.0,0.6085077237673371,0.6085077237673371,,,,1.0
22,water_dipole,66,1.0,0.0,0.6085077237673371,0.6085077237673371,,,,1.0
22,water_dipole,67,1.0,0.0,0.6085077237673371,0.6085077237673371,,,,1.0
22,water_dipole,68,1.0,0.0,0.6085077237673371,0.6085077237673371,,,,1.0
22,water_dipole,69,1.0,0.0,0.6085077237673371,0.6085077237673371,,,,1.0
22,water_dipole,70,1.0,0.0,0.6085077237673371,0.6085077237673371,,,,1.0
22,water_dipole,71,1.0,0.0,0.6085077237673371,0.6085077237673371,,,,1.0
22,water_dipole,72,1.0,0.0,0.6085077237673371,0.6085077237673371,,,,1.0
22,water_dipole,73,1.0,0.0,0.6085077237673371,0.6085077237673371,,,,1.0
22,water_dipole,74,1.0,0.0,0.6085077237673371,0.6085077237673371,,,,1.0
22,water_dipole,75,1.0,0.0,0.6085077237673371,0.6085077237673371,,,,1.0
22,water_dipole,76,1.0,0.0,0.6085077237673371,0.6085077237673371,,,,1.0
22,water_dipole,77,1.0,0.0,0.6085077237673371,0.6085077237673371,,,,1.0
22,water_dipole,78,1.0,0.0,0.6085077237673371,0.6085077237673371,,,,1.0
22,water_dipole,79,1.0,0.0,0.6085077237673371,0.6085077237673371,,,,1.0
22,water_dipole,80,1.0,0.0,0.6085077237673371,0.6085077237673371,,,,1.0
22,water_dipole,81,1.0,0.0,0.6085077237673371,0.6085077237673371,,,,1.0
22,water_dipole,82,1.0,0.0,0.6085077237673371,0.6085077237673371,,,,1.0
22,water_dipole,83,1.0,0.0,0.6085077237673371,0.6085077237673371,,,,1.0
22,water_dipole,84,1.0,0.0,0.6085077237673371,0.6085077237673371,,,,1.0
22,water_dipole,85,1.0,0.0,0.6085077237673371,0.6085077237673371,,,,1.0
22,water_dipole,86,1.0,0.0,0.6085077237673371,0.6085077237673371,,,,1.0
22,water_dipole,87,1.0,0.0,0.6085077237673371,0.6085077237673371,,,,1.0
22,water_dipole,88,1.0,0.0,0.6085077237673371,0.6085077237673371,,,,1.0
22,water_dipole,89,1.0,0.0,0.6085077237673371,0.6085077237673371,,,,1.0
22,water_dipole,90,1.0,0.0,0.6085077237673371,0.6085077237673371,,,,1.0
22,water_dipole,91,1.0,0.0,0.6085077237673371,0.6085077237673371,,,,1.0
22,water_dipole,92,1.0,0.0,0.6085077237673371,0.6085077237673371,,,,1.0
22,water_dipole,93,1.0,0.0,0.6085077237673371,0.6085077237673371,,,,1.0
22,water_dipole,94,1.0,0.0,0.6085077237673371,0.6085077237673371,,,,1.0
22,water_dipole,95,1.0,0.0,0.6085077237673371,0.6085077237673371,,,,1.0
22,water_dipole,96,1.0,0.0,0.6085077237673371,0.6085077237673371,,,,1.0
22,water_dipole,97,1.0,0.0,0.6085077237673371,0.6085077237673371,,,,1.0
22,water_dipole,98,1.0,0.0,0.6085077237673371,0.6085077237673371,,,,1.0
22,water_dipole,99,1.0,0.0,0.6085077237673371,0.6085077237673371,,,,1.0
22,water_dipole,100,1.0,0.0,0.6085077237673371,0.6085077237673371,,,,1.0
22,water_dipole,101,1.0,0.0,0.6085077237673371,0.6085077237673371,,,,1.0
22,water_dipole,102,1.0,0.0,0.6085077237673371,0.6085077237673371,,,,1.0
22,water_dipole,103,1.0,0.0,0.6085077237673371,0.6085077237673371,,,,1.0
22,water_dipole,104,1.0,0.0,0.6085077237673371,0.6085077237673371,,,,1.0
22,water_dipole,105,1.0,0.0,0.6085077237673371,0.6085077237673371,,,,1.0
22,water_dipole,106,1.0,0.0,0.6085077237673371,0.6085077237673371,,,,1.0
22,water_dipole,107,1.0,0.0,0.6085077237673371,0.6085077237673371,,,,1.0
22,water_dipole,108,1.0,0.0,0.6085077237673371,0.6085077237673371,,,,1.0
22,water_dipole,109,1.0,0.0,0.6085077237673371,0.6085077237673371,,,,1.0
22,water_dipole,110,1.0,0.0,0.6085077237673371,0.6085077237673371,,,,1.0
22,water_dipole,111,1.0,0.0,0.6085077237673371,0.6085077237673371,,,,1.0
22,water_dipole,112,1.0,0.0,0.6085077237673371,0.6085077237673371,,,,1.0
22,water_dipole,113,1.0,0.0,0.6085077237673371,0.6085077237673371,,,,1.0
22,water_dipole,114,1.0,0.0,0.6085077237673371,0.6085077237673371,,,,1.0
22,water_dipole,115,1.0,0.0,0.6085077237673371,0.6085077237673371,,,,1.0
22,water_dipole,116,1.0,0.0,0.6085077237673371,0.6085077237673371,,,,1.0
22,water_dipole,117,1.0,0.0,0.6085077237673371,0.6085077237673371,,,,1.0
22,water_dipole,118,1.0,0.0,0.6085077237673371,0.6085077237673371,,,,1.0
22,water_dipole,119,1.0,0.0,0.6085077237673371,0.6085077237673371,,,,1.0
22,water_dipole,120,1.0,0.0,0.6085077237673371,0.6085077237673371,,,,1.0
22,water_dipole,121,1.0,0.0,0.6085077237673371,0.6085077237673371,,,,1.0
22,water_dipole,122,1.0,0.0,0.6085077237673371,0.6085077237673371,,,,1.0
22,water_dipole,123,1.0,0.0,0.6085077237673371,0.6085077237673371,,,,1.0
22,water_dipole,124,1.0,0.0,0.6085077237673371,0.6085077237673371,,,,1.0
22,water_dipole,125,1.0,0.0,0.6085077237673371,0.6085077237673371,,,,1.0
22,water_dipole,126,1.0,0.0,0.6085077237673371,0.6085077237673371,,,,1.0
22,water_dipole,127,1.0,0.0,0.6085077237673371,0.6085077237673371,,,,1.0
22,water_dipole,128,1.0,0.0,0.6085077237673371,0.6085077237673371,,,,1.0
22,water_dipole,129,1.0,0.0,0.6085077237673371,0.6085077237673371,,,,1.0
22,water_dipole,130,1.0,0.0,0.6085077237673371,0.6085077237673371,,,,1.0
22,water_dipole,131,1.0,0.0,0.6085077237673371,0.6085077237673371,,,,1.0
22,water_dipole,132,1.0,0.0,0.6085077237673371,0.6085077237673371,,,,1.0
22,water_dipole,133,1.0,0.0,0.6085077237673371,0.6085077237673371,,,,1.0
22,water_dipole,134,1.0,0.0,0.6085077237673371,0.6085077237673371,,,,1.0
22,water_dipole,135,1.0,0.0,0.6085077237673371,0.6085077237673371,,,,1.0
22,water_dipole,136,1.0,0.0,0.6085077237673371,0.6085077237673371,,,,1.0
22,water_dipole,137,1.0,0.0,0.6085077237673371,0.6085077237673371,,,,1.0
22,water_dipole,138,1.0,0.0,0.6085077237673371,0.6085077237673371,,,,1.0
22,water_dipole,139,1.0,0.0,0.6085077237673371,0.6085077237673371,,,,1.0
22,water_dipole,140,1.0,0.0,0.6085077237673371,0.6085077237673371,,,,1.0
22,water_dipole,141,1.0,0.0,0.6085077237673371,0.6085077237673371,,,,1.0
22,water_dipole,142,1.0,0.0,0.6085077237673371,0.6085077237673371,,,,1.0
22,water_dipole,143,1.0,0.0,0.6085077237673371,0.6085077237673371,,,,1.0
22,water_dipole,144,1.0,0.0,0.6085077237673371,0.6085077237673371,,,,1.0
22,water_dipole,145,1.0,0.0,0.6085077237673371,0.6085077237673371,,,,1.0
22,water_dipole,146,1.0,0.0,0.6085077237673371,0.6085077237673371,,,,1.0
22,water_dipole,147,1.0,0.0,0.6085077237673371,0.6085077237673371,,,,1.0
22,water_dipole,148,1.0,0.0,0.6085077237673371,0.6085077237673371,,,,1.0
22,water_dipole,149,1.0,0.0,0.6085077237673371,0.6085077237673371,,,,1.0
22,water_dipole,150,1.0,0.0,0.6085077237673371,0.6085077237673371,,,,1.0
22,water_dipole,151,1.0,0.0,0.6085077237673371,0.6085077237673371,,,,1.0
22,water_dipole,152,1.0,0.0,0.6085077237673371,0.6085077237673371,,,,1.0
22,water_dipole,153,1.0,0.0,0.6085077237673371,0.6085077237673371,,,,1.0
22,water_dipole,154,1.0,0.0,0.6085077237673371,0.6085077237673371,,,,1.0
22,water_dipole,155,1.0,0.0,0.6085077237673371,0.6085077237673371,,,,1.0
22,water_dipole,156,1.0,0.0,0.6085077237673371,0.6085077237673371,,,,1.0
22,water_dipole,157,1.0,0.0,0.6085077237673371,0.6085077237673371,,,,1.0
22,water_dipole,158,1.0,0.0,0.6085077237673371,0.6085077237673371,,,,1.0
22,water_dipole,159,1.0,0.0,0.6085077237673371,0.6085077237673371,,,,1.0
22,water_dipole,160,1.0,0.0,0.6085077237673371,0.6085077237673371,,,,1.0
22,water_dipole,161,1.0,0.0,0.6085077237673371,0.6085077237673371,,,,1.0
22,water_dipole,162,1.0,0.0,0.6085077237673371,0.6085077237673371,,,,1.0
22,water_dipole,163,1.0,0.0,0.6085077237673371,0.6085077237673371,,,,1.0
22,water_dipole,164,1.0,0.0,0.6085077237673371,0.6085077237673371,,,,1.0
22,water_dipole,165,1.0,0.0,0.6085077237673371,0.6085077237673371,,,,1.0
22,water_dipole,166,1.0,0.0,0.6085077237673371,0.6085077237673371,,,,1.0
22,water_dipole,167,1.0,0.0,0.6085077237673371,0.6085077237673371,,,,1.0
22,water_dipole,168,1.0,0.0,0.6085077237673371,0.6085077237673371,,,,1.0
22,water_dipole,169,1.0,0.0,0.6085077237673371,0.6085077237673371,,,,1.0
22,water_dipole,170,1.0,0.0,0.6085077237673371,0.6085077237673371,,,,1.0
22,water_dipole,171,1.0,0.0,0.6085077237673371,0.6085077237673371,,,,1.0
22,water_dipole,172,1.0,0.0,0.6085077237673371,0.6085077237673371,,,,1.0
22,water_dipole,173,1.0,0.0,0.6085077237673371,0.6085077237673371,,,,1.0
22,water_dipole,174,1.0,0.0,0.6085077237673371,0.6085077237673371,,,,1.0
22,water_dipole,175,1.0,0.0,0.6085077237673371,0.6085077237673371,,,,1.0
22,water_dipole,176,1.0,0.0,0.6085077237673371,0.6085077237673371,,,,1.0
22,water_dipole,177,1.0,0.0,0.6085077237673371,0.6085077237673371,,,,1.0
22,water_dipole,178,1.0,0.0,0.6085077237673371,0.6085077237673371,,,,1.0
22,water_dipole,179,1.0,0.0,0.6085077237673371,0.6085077237673371,,,,1.0
22,water_dipole,180,1.0,0.0,0.6085077237673371,0.6085077237673371,,,,1.0
22,water_dipole,181,1.0,0.0,0.6085077237673371,0.6085077237673371,,,,1.0
22,water_dipole,182,1.0,0.0,0.6085077237673371,0.6085077237673371,,,,1.0
22,water_dipole,183,1.0,0.0,0.6085077237673371,0.6085077237673371,,,,1.0
22,water_dipole,184,1.0,0.0,0.6085077237673371,0.6085077237673371,,,,1.0
22,water_dipole,185,1.0,0.0,0.6085077237673371,0.6085077237673371,,,,1.0
22,water_dipole,186,1.0,0.0,0.6085077237673371,0.6085077237673371,,,,1.0
22,water_dipole,187,1.0,0.0,0.6085077237673371,0.6085077237673371,,,,1.0
22,water_dipole,188,1.0,0.0,0.6085077237673371,0.6085077237673371,,,,1.0
22,water_dipole,189,1.0,0.0,0.6085077237673371,0.6085077237673371,,,,1.0
22,water_dipole,190,1.0,0.0,0.6085077237673371,0.6085077237673371,,,,1.0
22,water_dipole,191,1.0,0.0,0.6085077237673371,0.6085077237673371,,,,1.0
22,water_dipole,192,1.0,0.0,0.6085077237673371,0.6085077237673371,,,,1.0
22,water_dipole,193,1.0,0.0,0.6085077237673371,0.6085077237673371,,,,1.0
22,water_dipole,194,1.0,0.0,0.6085077237673371,0.6085077237673371,,,,1.0
22,water_dipole,195,1.0,0.0,0.6085077237673371,0.6085077237673371,,,,1.0
22,water_dipole,196,1.0,0.0,0.6085077237673371,0.6085077237673371,,,,1.0
22,water_dipole,197,1.0,0.0,0.6085077237673371,0.6085077237673371,,,,1.0
22,water_dipole,198,1.0,0.0,0.6085077237673371,0.6085077237673371,,,,1.0
22,water_dipole,199,1.0,0.0,0.6085077237673371,0.6085077237673371,,,,1.0
22,water_dipole,200,1.0,0.0,0.6085077237673371,0.6085077237673371,,,,1.0
22,water_dipole,201,1.0,0.0,0.6085077237673371,0.6085077237673371,,,,1.0
22,water_dipole,202,1.0,0.0,0.6085077237673371,0.6085077237673371,,,,1.0
22,water_dipole,203,1.0,0.0,0.6085077237673371,0.6085077237673371,,,,1.0
22,water_dipole,204,1.0,0.0,0.6085077237673371,0.6085077237673371,,,,1.0
22,water_dipole,205,1.0,0.0,0.6085077237673371,0.6085077237673371,,,,1.0
22,water_dipole,206,1.0,0.0,0.6085077237673371,0.6085077237673371,,,,1.0
22,water_dipole,207,1.0,0.0,0.6085077237673371,0.6085077237673371,,,,1.0
22,water_dipole,208,1.0,0.0,0.6085077237673371,0.6085077237673371,,,,1.0
22,water_dipole,209,1.0,0.0,0.6085077237673371,0.6085077237673371,,,,1.0
22,water_dipole,210,1.0,0.0,0.6085077237673371,0.6085077237673371,,,,1.0
22,water_dipole,211,1.0,0.0,0.6085077237673371,0.6085077237673371,,,,1.0
22,water_dipole,212,1.0,0.0,0.6085077237673371,0.6085077237673371,,,,1.0
22,water_dipole,213,1.0,0.0,0.6085077237673371,0.6085077237673371,,,,1.0
22,water_dipole,214,1.0,0.0,0.6085077237673371,0.6085077237673371,,,,1.0
22,water_dipole,215,1.0,0.0,0.6085077237673371,0.6085077237673371,,,,1.0
22,water_dipole,216,1.0,0.0,0.6085077237673371,0.6085077237673371,,,,1.0
22,water_dipole,217,1.0,0.0,0.6085077237673371,0.6085077237673371,,,,1.0
22,water_dipole,218,1.0,0.0,0.6085077237673371,0.6085077237673371,,,,1.0
22,water_dipole,219,1.0,0.0,0.6085077237673371,0.6085077237673371,,,,1.0
22,water_dipole,220,1.0,0.0,0.6085077237673371,0.6085077237673371,,,,1.0
22,water_dipole,221,1.0,0.0,0.6085077237673371,0.6085077237673371,,,,1.0
22,water_dipole,222,1.0,0.0,0.6085077237673371,0.6085077237673371,,,,1.0
22,water_dipole,223,1.0,0.0,0.6085077237673371,0.6085077237673371,,,,1.0
22,water_dipole,224,1.0,0.0,0.6085077237673371,0.6085077237673371,,,,1.0
22,water_dipole,225,1.0,0.0,0.6085077237673371,0.6085077237673371,,,,1.0
22,water_dipole,226,1.0,0.0,0.6085077237673371,0.6085077237673371,,,,1.0
22,water_dipole,227,1.0,0.0,0.6085077237673371,0.6085077237673371,,,,1.0
22,water_dipole,228,1.0,0.0,0.6085077237673371,0.6085077237673371,,,,1.0
22,water_dipole,229,1.0,0.0,0.6085077237673371,0.6085077237673371,,,,1.0
22,water_dipole,230,1.0,0.0,0.6085077237673371,0.6085077237673371,,,,1.0
22,water_dipole,231,1.0,0.0,0.6085077237673371,0.6085077237673371,,,,1.0
22,water_dipole,232,1.0,0.0,0.6085077237673371,0.6085077237673371,,,,1.0
22,water_dipole,233,1.0,0.0,0.6085077237673371,0.6085077237673371,,,,1.0
22,water_dipole,234,1.0,0.0,0.6085077237673371,0.6085077237673371,,,,1.0
22,water_dipole,235,1.0,0.0,0.6085077237673371,0.6085077237673371,,,,1.0
22,water_dipole,236,1.0,0.0,0.6085077237673371,0.6085077237673371,,,,1.0
22,water_dipole,237,1.0,0.0,0.6085077237673371,0.6085077237673371,,,,1.0
22,water_dipole,238,1.0,0.0,0.6085077237673371,0.6085077237673371,,,,1.0
22,water_dipole,239,1.0,0.0,0.6085077237673371,0.6085077237673371,,,,1.0
22,water_dipole,240,1.0,0.0,0.6085077237673371,0.6085077237673371,,,,1.0
22,water_dipole,241,1.0,0.0,0.6085077237673371,0.6085077237673371,,,,1.0
22,water_dipole,242,1.0,0.0,0.6085077237673371,0.6085077237673371,,,,1.0
22,water_dipole,243,1.0,0.0,0.6085077237673371,0.6085077237673371,,,,1.0
22,water_dipole,244,1.0,0.0,0.6085077237673371,0.6085077237673371,,,,1.0
22,water_dipole,245,1.0,0.0,0.6085077237673371,0.6085077237673371,,,,1.0
22,water_dipole,246,1.0,0.0,0.6085077237673371,0.6085077237673371,,,,1.0
22,water_dipole,247,1.0,0.0,0.6085077237673371,0.6085077237673371,,,,1.0
22,water_dipole,248,1.0,0.0,0.6085077237673371,0.6085077237673371,,,,1.0
22,water_dipole,249,1.0,0.0,0.6085077237673371,0.6085077237673371,,,,1.0
22,acetone_gsolv_eV,0,1.0,0.0,0.649011283508486,0.649011283508486,,,,1.0
22,acetone_gsolv_eV,1,1.0,0.0,0.649011283508486,0.649011283508486,,,,1.0
22,acetone_gsolv_eV,2,1.0,0.0,0.649011283508486,0.649011283508486,,,,1.0
22,acetone_gsolv_eV,3,1.0,0.0,0.649011283508486,0.649011283508486,,,,1.0
22,acetone_gsolv_eV,4,1.0,0.0,0.649011283508486,0.649011283508486,,,,1.0
22,acetone_gsolv_eV,5,1.0,0.0,0.649011283508486,0.649011283508486,,,,1.0
22,acetone_gsolv_eV,6,1.0,0.0,0.649011283508486,0.649011283508486,,,,1.0
22,acetone_gsolv_eV,7,1.0,0.0,0.649011283508486,0.649011283508486,,,,1.0
22,acetone_gsolv_eV,8,1.0,0.0,0.649011283508486,0.649011283508486,,,,1.0
22,acetone_gsolv_eV,9,1.0,0.0,0.649011283508486,0.649011283508486,,,,1.0
22,acetone_gsolv_eV,10,1.0,0.0,0.649011283508486,0.649011283508486,,,,1.0
22,acetone_gsolv_eV,11,1.0,0.0,0.649011283508486,0.649011283508486,,,,1.0
22,acetone_gsolv_eV,12,1.0,0.0,0.649011283508486,0.649011283508486,,,,1.0
22,acetone_gsolv_eV,13,1.0,0.0,0.649011283508486,0.649011283508486,,,,1.0
22,acetone_gsolv_eV,14,1.0,0.0,0.649011283508486,0.649011283508486,,,,1.0
22,acetone_gsolv_eV,15,1.0,0.0,0.649011283508486,0.649011283508486,,,,1.0
22,acetone_gsolv_eV,16,1.0,0.0,0.649011283508486,0.649011283508486,,,,1.0
22,acetone_gsolv_eV,17,1.0,0.0,0.649011283508486,0.649011283508486,,,,1.0
22,acetone_gsolv_eV,18,1.0,0.0,0.649011283508486,0.649011283508486,,,,1.0
22,acetone_gsolv_eV,19,1.0,0.0,0.649011283508486,0.649011283508486,,,,1.0
22,acetone_gsolv_eV,20,1.0,0.0,0.649011283508486,0.649011283508486,,,,1.0
22,acetone_gsolv_eV,21,1.0,0.0,0.649011283508486,0.649011283508486,,,,1.0
22,acetone_gsolv_eV,22,1.0,0.0,0.649011283508486,0.649011283508486,,,,1.0
22,acetone_gsolv_eV,23,1.0,0.0,0.649011283508486,0.649011283508486,,,,1.0
22,acetone_gsolv_eV,24,1.0,0.0,0.649011283508486,0.649011283508486,,,,1.0
22,acetone_gsolv_eV,25,1.0,0.0,0.649011283508486,0.649011283508486,,,,1.0
22,acetone_gsolv_eV,26,1.0,0.0,0.649011283508486,0.649011283508486,,,,1.0
22,acetone_gsolv_eV,27,1.0,0.0,0.649011283508486,0.649011283508486,,,,1.0
22,acetone_gsolv_eV,28,1.0,0.0,0.649011283508486,0.649011283508486,,,,1.0
22,acetone_gsolv_eV,29,1.0,0.0,0.649011283508486,0.649011283508486,,,,1.0
22,acetone_gsolv_eV,30,1.0,0.0,0.649011283508486,0.649011283508486,,,,1.0
22,acetone_gsolv_eV,31,1.0,0.0,0.649011283508486,0.649011283508486,,,,1.0
22,acetone_gsolv_eV,32,1.0,0.0,0.649011283508486,0.649011283508486,,,,1.0
22,acetone_gsolv_eV,33,1.0,0.0,0.649011283508486,0.649011283508486,,,,1.0
22,acetone_gsolv_eV,34,1.0,0.0,0.649011283508486,0.649011283508486,,,,1.0
22,acetone_gsolv_eV,35,1.0,0.0,0.649011283508486,0.649011283508486,,,,1.0
22,acetone_gsolv_eV,36,1.0,0.0,0.649011283508486,0.649011283508486,,,,1.0
22,acetone_gsolv_eV,37,1.0,0.0,0.649011283508486,0.649011283508486,,,,1.0
22,acetone_gsolv_eV,38,1.0,0.0,0.649011283508486,0.649011283508486,,,,1.0
22,acetone_gsolv_eV,39,1.0,0.0,0.649011283508486,0.649011283508486,,,,1.0
22,acetone_gsolv_eV,40,1.0,0.0,0.649011283508486,0.649011283508486,,,,1.0
22,acetone_gsolv_eV,41,1.0,0.0,0.649011283508486,0.649011283508486,,,,1.0
22,acetone_gsolv_eV,42,1.0,0.0,0.649011283508486,0.649011283508486,,,,1.0
22,acetone_gsolv_eV,43,1.0,0.0,0.649011283508486,0.649011283508486,,,,1.0
22,acetone_gsolv_eV,44,1.0,0.0,0.649011283508486,0.649011283508486,,,,1.0
22,acetone_gsolv_eV,45,1.0,0.0,0.649011283508486,0.649011283508486,,,,1.0
22,acetone_gsolv_eV,46,1.0,0.0,0.649011283508486,0.649011283508486,,,,1.0
22,acetone_gsolv_eV,47,1.0,0.0,0.649011283508486,0.649011283508486,,,,1.0
22,acetone_gsolv_eV,48,1.0,0.0,0.649011283508486,0.649011283508486,,,,1.0
22,acetone_gsolv_eV,49,1.0,0.0,0.649011283508486,0.649011283508486,,,,1.0
22,acetone_gsolv_eV,50,1.0,0.0,0.649011283508486,0.649011283508486,,,,1.0
22,acetone_gsolv_eV,51,1.0,0.0,0.649011283508486,0.649011283508486,,,,1.0
22,acetone_gsolv_eV,52,1.0,0.0,0.649011283508486,0.649011283508486,,,,1.0
22,acetone_gsolv_eV,53,1.0,0.0,0.649011283508486,0.649011283508486,,,,1.0
22,acetone_gsolv_eV,54,1.0,0.0,0.649011283508486,0.649011283508486,,,,1.0
22,acetone_gsolv_eV,55,1.0,0.0,0.649011283508486,0.649011283508486,,,,1.0
22,acetone_gsolv_eV,56,1.0,0.0,0.649011283508486,0.649011283508486,,,,1.0
22,acetone_gsolv_eV,57,1.0,0.0,0.649011283508486,0.649011283508486,,,,1.0
22,acetone_gsolv_eV,58,1.0,0.0,0.649011283508486,0.649011283508486,,,,1.0
22,acetone_gsolv_eV,59,1.0,0.0,0.649011283508486,0.649011283508486,,,,1.0
22,acetone_gsolv_eV,60,1.0,0.0,0.649011283508486,0.649011283508486,,,,1.0
22,acetone_gsolv_eV,61,1.0,0.0,0.649011283508486,0.649011283508486,,,,1.0
22,acetone_gsolv_eV,62,1.0,0.0,0.649011283508486,0.649011283508486,,,,1.0
22,acetone_gsolv_eV,63,1.0,0.0,0.649011283508486,0.649011283508486,,,,1.0
22,acetone_gsolv_eV,64,1.0,0.0,0.649011283508486,0.649011283508486,,,,1.0
22,acetone_gsolv_eV,65,1.0,0.0,0.649011283508486,0.649011283508486,,,,1.0
22,acetone_gsolv_eV,66,1.0,0.0,0.649011283508486,0.649011283508486,,,,1.0
22,acetone_gsolv_eV,67,1.0,0.0,0.649011283508486,0.649011283508486,,,,1.0
22,acetone_gsolv_eV,68,1.0,0.0,0.649011283508486,0.649011283508486,,,,1.0
22,acetone_gsolv_eV,69,1.0,0.0,0.649011283508486,0.649011283508486,,,,1.0
22,acetone_gsolv_eV,70,1.0,0.0,0.649011283508486,0.649011283508486,,,,1.0
22,acetone_gsolv_eV,71,1.0,0.0,0.649011283508486,0.649011283508486,,,,1.0
22,acetone_gsolv_eV,72,1.0,0.0,0.649011283508486,0.649011283508486,,,,1.0
22,acetone_gsolv_eV,73,1.0,0.0,0.649011283508486,0.649011283508486,,,,1.0
22,acetone_gsolv_eV,74,1.0,0.0,0.649011283508486,0.649011283508486,,,,1.0
22,acetone_gsolv_eV,75,1.0,0.0,0.649011283508486,0.649011283508486,,,,1.0
22,acetone_gsolv_eV,76,1.0,0.0,0.649011283508486,0.649011283508486,,,,1.0
22,acetone_gsolv_eV,77,1.0,0.0,0.649011283508486,0.649011283508486,,,,1.0
22,acetone_gsolv_eV,78,1.0,0.0,0.649011283508486,0.649011283508486,,,,1.0
22,acetone_gsolv_eV,79,1.0,0.0,0.649011283508486,0.649011283508486,,,,1.0
22,acetone_gsolv_eV,80,1.0,0.0,0.649011283508486,0.649011283508486,,,,1.0
22,acetone_gsolv_eV,81,1.0,0.0,0.649011283508486,0.649011283508486,,,,1.0
22,acetone_gsolv_eV,82,1.0,0.0,0.649011283508486,0.649011283508486,,,,1.0
22,acetone_gsolv_eV,83,1.0,0.0,0.649011283508486,0.649011283508486,,,,1.0
22,acetone_gsolv_eV,84,1.0,0.0,0.649011283508486,0.649011283508486,,,,1.0
22,acetone_gsolv_eV,85,1.0,0.0,0.649011283508486,0.649011283508486,,,,1.0
22,acetone_gsolv_eV,86,1.0,0.0,0.649011283508486,0.649011283508486,,,,1.0
22,acetone_gsolv_eV,87,1.0,0.0,0.649011283508486,0.649011283508486,,,,1.0
22,acetone_gsolv_eV,88,1.0,0.0,0.649011283508486,0.649011283508486,,,,1.0
22,acetone_gsolv_eV,89,1.0,0.0,0.649011283508486,0.649011283508486,,,,1.0
22,acetone_gsolv_eV,90,1.0,0.0,0.649011283508486,0.649011283508486,,,,1.0
22,acetone_gsolv_eV,91,1.0,0.0,0.649011283508486,0.649011283508486,,,,1.0
22,acetone_gsolv_eV,92,1.0,0.0,0.649011283508486,0.649011283508486,,,,1.0
22,acetone_gsolv_eV,93,1.0,0.0,0.649011283508486,0.649011283508486,,,,1.0
22,acetone_gsolv_eV,94,1.0,0.0,0.649011283508486,0.649011283508486,,,,1.0
22,acetone_gsolv_eV,95,1.0,0.0,0.649011283508486,0.649011283508486,,,,1.0
22,acetone_gsolv_eV,96,1.0,0.0,0.649011283508486,0.649011283508486,,,,1.0
22,acetone_gsolv_eV,97,1.0,0.0,0.649011283508486,0.649011283508486,,,,1.0
22,acetone_gsolv_eV,98,1.0,0.0,0.649011283508486,0.649011283508486,,,,1.0
22,acetone_gsolv_eV,99,1.0,0.0,0.649011283508486,0.649011283508486,,,,1.0
22,acetone_gsolv_eV,100,1.0,0.0,0.649011283508486,0.649011283508486,,,,1.0
22,acetone_gsolv_eV,101,1.0,0.0,0.649011283508486,0.649011283508486,,,,1.0
22,acetone_gsolv_eV,102,1.0,0.0,0.649011283508486,0.649011283508486,,,,1.0
22,acetone_gsolv_eV,103,1.0,0.0,0.649011283508486,0.649011283508486,,,,1.0
22,acetone_gsolv_eV,104,1.0,0.0,0.649011283508486,0.649011283508486,,,,1.0
22,acetone_gsolv_eV,105,1.0,0.0,0.649011283508486,0.649011283508486,,,,1.0
22,acetone_gsolv_eV,106,1.0,0.0,0.649011283508486,0.649011283508486,,,,1.0
22,acetone_gsolv_eV,107,1.0,0.0,0.649011283508486,0.649011283508486,,,,1.0
22,acetone_gsolv_eV,108,1.0,0.0,0.649011283508486,0.649011283508486,,,,1.0
22,acetone_gsolv_eV,109,1.0,0.0,0.649011283508486,0.649011283508486,,,,1.0
22,acetone_gsolv_eV,110,1.0,0.0,0.649011283508486,0.649011283508486,,,,1.0
22,acetone_gsolv_eV,111,1.0,0.0,0.649011283508486,0.649011283508486,,,,1.0
22,acetone_gsolv_eV,112,1.0,0.0,0.649011283508486,0.649011283508486,,,,1.0
22,acetone_gsolv_eV,113,1.0,0.0,0.649011283508486,0.649011283508486,,,,1.0
22,acetone_gsolv_eV,114,1.0,0.0,0.649011283508486,0.649011283508486,,,,1.0
22,acetone_gsolv_eV,115,1.0,0.0,0.649011283508486,0.649011283508486,,,,1.0
22,acetone_gsolv_eV,116,1.0,0.0,0.649011283508486,0.649011283508486,,,,1.0
22,acetone_gsolv_eV,117,1.0,0.0,0.649011283508486,0.649011283508486,,,,1.0
22,acetone_gsolv_eV,118,1.0,0.0,0.649011283508486,0.649011283508486,,,,1.0
22,acetone_gsolv_eV,119,1.0,0.0,0.649011283508486,0.649011283508486,,,,1.0
22,acetone_gsolv_eV,120,1.0,0.0,0.649011283508486,0.649011283508486,,,,1.0
22,acetone_gsolv_eV,121,1.0,0.0,0.649011283508486,0.649011283508486,,,,1.0
22,acetone_gsolv_eV,122,1.0,0.0,0.649011283508486,0.649011283508486,,,,1.0
22,acetone_gsolv_eV,123,1.0,0.0,0.649011283508486,0.649011283508486,,,,1.0
22,acetone_gsolv_eV,124,1.0,0.0,0.649011283508486,0.649011283508486,,,,1.0
22,acetone_gsolv_eV,125,1.0,0.0,0.649011283508486,0.649011283508486,,,,1.0
22,acetone_gsolv_eV,126,1.0,0.0,0.649011283508486,0.649011283508486,,,,1.0
22,acetone_gsolv_eV,127,1.0,0.0,0.649011283508486,0.649011283508486,,,,1.0
22,acetone_gsolv_eV,128,1.0,0.0,0.649011283508486,0.649011283508486,,,,1.0
22,acetone_gsolv_eV,129,1.0,0.0,0.649011283508486,0.649011283508486,,,,1.0
22,acetone_gsolv_eV,130,1.0,0.0,0.649011283508486,0.649011283508486,,,,1.0
22,acetone_gsolv_eV,131,1.0,0.0,0.649011283508486,0.649011283508486,,,,1.0
22,acetone_gsolv_eV,132,1.0,0.0,0.649011283508486,0.649011283508486,,,,1.0
22,acetone_gsolv_eV,133,1.0,0.0,0.649011283508486,0.649011283508486,,,,1.0
22,acetone_gsolv_eV,134,1.0,0.0,0.649011283508486,0.649011283508486,,,,1.0
22,acetone_gsolv_eV,135,1.0,0.0,0.649011283508486,0.649011283508486,,,,1.0
22,acetone_gsolv_eV,136,1.0,0.0,0.649011283508486,0.649011283508486,,,,1.0
22,acetone_gsolv_eV,137,1.0,0.0,0.649011283508486,0.649011283508486,,,,1.0
22,acetone_gsolv_eV,138,1.0,0.0,0.649011283508486,0.649011283508486,,,,1.0
22,acetone_gsolv_eV,139,1.0,0.0,0.649011283508486,0.649011283508486,,,,1.0
22,acetone_gsolv_eV,140,1.0,0.0,0.649011283508486,0.649011283508486,,,,1.0
22,acetone_gsolv_eV,141,1.0,0.0,0.649011283508486,0.649011283508486,,,,1.0
22,acetone_gsolv_eV,142,1.0,0.0,0.649011283508486,0.649011283508486,,,,1.0
22,acetone_gsolv_eV,143,1.0,0.0,0.649011283508486,0.649011283508486,,,,1.0
22,acetone_gsolv_eV,144,1.0,0.0,0.649011283508486,0.649011283508486,,,,1.0
22,acetone_gsolv_eV,145,1.0,0.0,0.649011283508486,0.649011283508486,,,,1.0
22,acetone_gsolv_eV,146,1.0,0.0,0.649011283508486,0.649011283508486,,,,1.0
22,acetone_gsolv_eV,147,1.0,0.0,0.649011283508486,0.649011283508486,,,,1.0
22,acetone_gsolv_eV,148,1.0,0.0,0.649011283508486,0.649011283508486,,,,1.0
22,acetone_gsolv_eV,149,1.0,0.0,0.649011283508486,0.649011283508486,,,,1.0
22,acetone_gsolv_eV,150,1.0,0.0,0.649011283508486,0.649011283508486,,,,1.0
22,acetone_gsolv_eV,151,1.0,0.0,0.649011283508486,0.649011283508486,,,,1.0
22,acetone_gsolv_eV,152,1.0,0.0,0.649011283508486,0.649011283508486,,,,1.0
22,acetone_gsolv_eV,153,1.0,0.0,0.649011283508486,0.649011283508486,,,,1.0
22,acetone_gsolv_eV,154,1.0,0.0,0.649011283508486,0.649011283508486,,,,1.0
22,acetone_gsolv_eV,155,1.0,0.0,0.649011283508486,0.649011283508486,,,,1.0
22,acetone_gsolv_eV,156,1.0,0.0,0.649011283508486,0.649011283508486,,,,1.0
22,acetone_gsolv_eV,157,1.0,0.0,0.649011283508486,0.649011283508486,,,,1.0
22,acetone_gsolv_eV,158,1.0,0.0,0.649011283508486,0.649011283508486,,,,1.0
22,acetone_gsolv_eV,159,1.0,0.0,0.649011283508486,0.649011283508486,,,,1.0
22,acetone_gsolv_eV,160,1.0,0.0,0.649011283508486,0.649011283508486,,,,1.0
22,acetone_gsolv_eV,161,1.0,0.0,0.649011283508486,0.649011283508486,,,,1.0
22,acetone_gsolv_eV,162,1.0,0.0,0.649011283508486,0.649011283508486,,,,1.0
22,acetone_gsolv_eV,163,1.0,0.0,0.649011283508486,0.649011283508486,,,,1.0
22,acetone_gsolv_eV,164,1.0,0.0,0.649011283508486,0.649011283508486,,,,1.0
22,acetone_gsolv_eV,165,1.0,0.0,0.649011283508486,0.649011283508486,,,,1.0
22,acetone_gsolv_eV,166,1.0,0.0,0.649011283508486,0.649011283508486,,,,1.0
22,acetone_gsolv_eV,167,1.0,0.0,0.649011283508486,0.649011283508486,,,,1.0
22,acetone_gsolv_eV,168,1.0,0.0,0.649011283508486,0.649011283508486,,,,1.0
22,acetone_gsolv_eV,169,1.0,0.0,0.649011283508486,0.649011283508486,,,,1.0
22,acetone_gsolv_eV,170,1.0,0.0,0.649011283508486,0.649011283508486,,,,1.0
22,acetone_gsolv_eV,171,1.0,0.0,0.649011283508486,0.649011283508486,,,,1.0
22,acetone_gsolv_eV,172,1.0,0.0,0.649011283508486,0.649011283508486,,,,1.0
22,acetone_gsolv_eV,173,1.0,0.0,0.649011283508486,0.649011283508486,,,,1.0
22,acetone_gsolv_eV,174,1.0,0.0,0.649011283508486,0.649011283508486,,,,1.0
22,acetone_gsolv_eV,175,1.0,0.0,0.649011283508486,0.649011283508486,,,,1.0
22,acetone_gsolv_eV,176,1.0,0.0,0.649011283508486,0.649011283508486,,,,1.0
22,acetone_gsolv_eV,177,1.0,0.0,0.649011283508486,0.649011283508486,,,,1.0
22,acetone_gsolv_eV,178,1.0,0.0,0.649011283508486,0.649011283508486,,,,1.0
22,acetone_gsolv_eV,179,1.0,0.0,0.649011283508486,0.649011283508486,,,,1.0
22,acetone_gsolv_eV,180,1.0,0.0,0.649011283508486,0.649011283508486,,,,1.0
22,acetone_gsolv_eV,181,1.0,0.0,0.649011283508486,0.649011283508486,,,,1.0
22,acetone_gsolv_eV,182,1.0,0.0,0.649011283508486,0.649011283508486,,,,1.0
22,acetone_gsolv_eV,183,1.0,0.0,0.649011283508486,0.649011283508486,,,,1.0
22,acetone_gsolv_eV,184,1.0,0.0,0.649011283508486,0.649011283508486,,,,1.0
22,acetone_gsolv_eV,185,1.0,0.0,0.649011283508486,0.649011283508486,,,,1.0
22,acetone_gsolv_eV,186,1.0,0.0,0.649011283508486,0.649011283508486,,,,1.0
22,acetone_gsolv_eV,187,1.0,0.0,0.649011283508486,0.649011283508486,,,,1.0
22,acetone_gsolv_eV,188,1.0,0.0,0.649011283508486,0.649011283508486,,,,1.0
22,acetone_gsolv_eV,189,1.0,0.0,0.649011283508486,0.649011283508486,,,,1.0
22,acetone_gsolv_eV,190,1.0,0.0,0.649011283508486,0.649011283508486,,,,1.0
22,acetone_gsolv_eV,191,1.0,0.0,0.649011283508486,0.649011283508486,,,,1.0
22,acetone_gsolv_eV,192,1.0,0.0,0.649011283508486,0.649011283508486,,,,1.0
22,acetone_gsolv_eV,193,1.0,0.0,0.649011283508486,0.649011283508486,,,,1.0
22,acetone_gsolv_eV,194,1.0,0.0,0.649011283508486,0.649011283508486,,,,1.0
22,acetone_gsolv_eV,195,1.0,0.0,0.649011283508486,0.649011283508486,,,,1.0
22,acetone_gsolv_eV,196,1.0,0.0,0.649011283508486,0.649011283508486,,,,1.0
22,acetone_gsolv_eV,197,1.0,0.0,0.649011283508486,0.649011283508486,,,,1.0
22,acetone_gsolv_eV,198,1.0,0.0,0.649011283508486,0.649011283508486,,,,1.0
22,acetone_gsolv_eV,199,1.0,0.0,0.649011283508486,0.649011283508486,,,,1.0
22,acetone_gsolv_eV,200,1.0,0.0,0.649011283508486,0.649011283508486,,,,1.0
22,acetone_gsolv_eV,201,1.0,0.0,0.649011283508486,0.649011283508486,,,,1.0
22,acetone_gsolv_eV,202,1.0,0.0,0.649011283508486,0.649011283508486,,,,1.0
22,acetone_gsolv_eV,203,1.0,0.0,0.649011283508486,0.649011283508486,,,,1.0
22,acetone_gsolv_eV,204,1.0,0.0,0.649011283508486,0.649011283508486,,,,1.0
22,acetone_gsolv_eV,205,1.0,0.0,0.649011283508486,0.649011283508486,,,,1.0
22,acetone_gsolv_eV,206,1.0,0.0,0.649011283508486,0.649011283508486,,,,1.0
22,acetone_gsolv_eV,207,1.0,0.0,0.649011283508486,0.649011283508486,,,,1.0
22,acetone_gsolv_eV,208,1.0,0.0,0.649011283508486,0.649011283508486,,,,1.0
22,acetone_gsolv_eV,209,1.0,0.0,0.649011283508486,0.649011283508486,,,,1.0
22,acetone_gsolv_eV,210,1.0,0.0,0.649011283508486,0.649011283508486,,,,1.0
22,acetone_gsolv_eV,211,1.0,0.0,0.649011283508486,0.649011283508486,,,,1.0
22,acetone_gsolv_eV,212,1.0,0.0,0.649011283508486,0.649011283508486,,,,1.0
22,acetone_gsolv_eV,213,1.0,0.0,0.649011283508486,0.649011283508486,,,,1.0
22,acetone_gsolv_eV,214,1.0,0.0,0.649011283508486,0.649011283508486,,,,1.0
22,acetone_gsolv_eV,215,1.0,0.0,0.649011283508486,0.649011283508486,,,,1.0
22,acetone_gsolv_eV,216,1.0,0.0,0.649011283508486,0.649011283508486,,,,1.0
22,acetone_gsolv_eV,217,1.0,0.0,0.649011283508486,0.649011283508486,,,,1.0
22,acetone_gsolv_eV,218,1.0,0.0,0.649011283508486,0.649011283508486,,,,1.0
22,acetone_gsolv_eV,219,1.0,0.0,0.649011283508486,0.649011283508486,,,,1.0
22,acetone_gsolv_eV,220,1.0,0.0,0.649011283508486,0.649011283508486,,,,1.0
22,acetone_gsolv_eV,221,1.0,0.0,0.649011283508486,0.649011283508486,,,,1.0
22,acetone_gsolv_eV,222,1.0,0.0,0.649011283508486,0.649011283508486,,,,1.0
22,acetone_gsolv_eV,223,1.0,0.0,0.649011283508486,0.649011283508486,,,,1.0
22,acetone_gsolv_eV,224,1.0,0.0,0.649011283508486,0.649011283508486,,,,1.0
22,acetone_gsolv_eV,225,1.0,0.0,0.649011283508486,0.649011283508486,,,,1.0
22,acetone_gsolv_eV,226,1.0,0.0,0.649011283508486,0.649011283508486,,,,1.0
22,acetone_gsolv_eV,227,1.0,0.0,0.649011283508486,0.649011283508486,,,,1.0
22,acetone_gsolv_eV,228,1.0,0.0,0.649011283508486,0.649011283508486,,,,1.0
22,acetone_gsolv_eV,229,1.0,0.0,0.649011283508486,0.649011283508486,,,,1.0
22,acetone_gsolv_eV,230,1.0,0.0,0.649011283508486,0.649011283508486,,,,1.0
22,acetone_gsolv_eV,231,1.0,0.0,0.649011283508486,0.649011283508486,,,,1.0
22,acetone_gsolv_eV,232,1.0,0.0,0.649011283508486,0.649011283508486,,,,1.0
22,acetone_gsolv_eV,233,1.0,0.0,0.649011283508486,0.649011283508486,,,,1.0
22,acetone_gsolv_eV,234,1.0,0.0,0.649011283508486,0.649011283508486,,,,1.0
22,acetone_gsolv_eV,235,1.0,0.0,0.649011283508486,0.649011283508486,,,,1.0
22,acetone_gsolv_eV,236,1.0,0.0,0.649011283508486,0.649011283508486,,,,1.0
22,acetone_gsolv_eV,237,1.0,0.0,0.649011283508486,0.649011283508486,,,,1.0
22,acetone_gsolv_eV,238,1.0,0.0,0.649011283508486,0.649011283508486,,,,1.0
22,acetone_gsolv_eV,239,1.0,0.0,0.649011283508486,0.649011283508486,,,,1.0
22,acetone_gsolv_eV,240,1.0,0.0,0.649011283508486,0.649011283508486,,,,1.0
22,acetone_gsolv_eV,241,1.0,0.0,0.649011283508486,0.649011283508486,,,,1.0
22,acetone_gsolv_eV,242,1.0,0.0,0.649011283508486,0.649011283508486,,,,1.0
22,acetone_gsolv_eV,243,1.0,0.0,0.649011283508486,0.649011283508486,,,,1.0
22,acetone_gsolv_eV,244,1.0,0.0,0.649011283508486,0.649011283508486,,,,1.0
22,acetone_gsolv_eV,245,1.0,0.0,0.649011283508486,0.649011283508486,,,,1.0
22,acetone_gsolv_eV,246,1.0,0.0,0.649011283508486,0.649011283508486,,,,1.0
22,acetone_gsolv_eV,247,1.0,0.0,0.649011283508486,0.649011283508486,,,,1.0
22,acetone_gsolv_eV,248,1.0,0.0,0.649011283508486,0.649011283508486,,,,1.0
22,acetone_gsolv_eV,249,1.0,0.0,0.649011283508486,0.649011283508486,,,,1.0
22,acetone_hl_gap_eV,0,0.9999999403953552,0.0,0.7115537662725786,0.7115537662725786,,,,1.0
22,acetone_hl_gap_eV,1,0.9999999403953552,0.0,0.7115537662725786,0.7115537662725786,,,,1.0
22,acetone_hl_gap_eV,2,0.9999999403953552,0.0,0.7115537662725786,0.7115537662725786,,,,1.0
22,acetone_hl_gap_eV,3,0.9999999403953552,0.0,0.7115537662725786,0.7115537662725786,,,,1.0
22,acetone_hl_gap_eV,4,0.9999999403953552,0.0,0.7115537662725786,0.7115537662725786,,,,1.0
22,acetone_hl_gap_eV,5,0.9999999403953552,0.0,0.7115537662725786,0.7115537662725786,,,,1.0
22,acetone_hl_gap_eV,6,0.9999999403953552,0.0,0.7115537662725786,0.7115537662725786,,,,1.0
22,acetone_hl_gap_eV,7,0.9999999403953552,0.0,0.7115537662725786,0.7115537662725786,,,,1.0
22,acetone_hl_gap_eV,8,0.9999999403953552,0.0,0.7115537662725786,0.7115537662725786,,,,1.0
22,acetone_hl_gap_eV,9,0.9999999403953552,0.0,0.7115537662725786,0.7115537662725786,,,,1.0
22,acetone_hl_gap_eV,10,0.9999999403953552,0.0,0.7115537662725786,0.7115537662725786,,,,1.0
22,acetone_hl_gap_eV,11,0.9999999403953552,0.0,0.7115537662725786,0.7115537662725786,,,,1.0
22,acetone_hl_gap_eV,12,0.9999999403953552,0.0,0.7115537662725786,0.7115537662725786,,,,1.0
22,acetone_hl_gap_eV,13,0.9999999403953552,0.0,0.7115537662725786,0.7115537662725786,,,,1.0
22,acetone_hl_gap_eV,14,0.9999999403953552,0.0,0.7115537662725786,0.7115537662725786,,,,1.0
22,acetone_hl_gap_eV,15,0.9999999403953552,0.0,0.7115537662725786,0.7115537662725786,,,,1.0
22,acetone_hl_gap_eV,16,0.9999999403953552,0.0,0.7115537662725786,0.7115537662725786,,,,1.0
22,acetone_hl_gap_eV,17,0.9999999403953552,0.0,0.7115537662725786,0.7115537662725786,,,,1.0
22,acetone_hl_gap_eV,18,0.9999999403953552,0.0,0.7115537662725786,0.7115537662725786,,,,1.0
22,acetone_hl_gap_eV,19,0.9999999403953552,0.0,0.7115537662725786,0.7115537662725786,,,,1.0
22,acetone_hl_gap_eV,20,0.9999999403953552,0.0,0.7115537662725786,0.7115537662725786,,,,1.0
22,acetone_hl_gap_eV,21,0.9999999403953552,0.0,0.7115537662725786,0.7115537662725786,,,,1.0
22,acetone_hl_gap_eV,22,0.9999999403953552,0.0,0.7115537662725786,0.7115537662725786,,,,1.0
22,acetone_hl_gap_eV,23,0.9999999403953552,0.0,0.7115537662725786,0.7115537662725786,,,,1.0
22,acetone_hl_gap_eV,24,0.9999999403953552,0.0,0.7115537662725786,0.7115537662725786,,,,1.0
22,acetone_hl_gap_eV,25,0.9999999403953552,0.0,0.7115537662725786,0.7115537662725786,,,,1.0
22,acetone_hl_gap_eV,26,0.9999999403953552,0.0,0.7115537662725786,0.7115537662725786,,,,1.0
22,acetone_hl_gap_eV,27,0.9999999403953552,0.0,0.7115537662725786,0.7115537662725786,,,,1.0
22,acetone_hl_gap_eV,28,0.9999999403953552,0.0,0.7115537662725786,0.7115537662725786,,,,1.0
22,acetone_hl_gap_eV,29,0.9999999403953552,0.0,0.7115537662725786,0.7115537662725786,,,,1.0
22,acetone_hl_gap_eV,30,0.9999999403953552,0.0,0.7115537662725786,0.7115537662725786,,,,1.0
22,acetone_hl_gap_eV,31,0.9999999403953552,0.0,0.7115537662725786,0.7115537662725786,,,,1.0
22,acetone_hl_gap_eV,32,0.9999999403953552,0.0,0.7115537662725786,0.7115537662725786,,,,1.0
22,acetone_hl_gap_eV,33,0.9999999403953552,0.0,0.7115537662725786,0.7115537662725786,,,,1.0
22,acetone_hl_gap_eV,34,0.9999999403953552,0.0,0.7115537662725786,0.7115537662725786,,,,1.0
22,acetone_hl_gap_eV,35,0.9999999403953552,0.0,0.7115537662725786,0.7115537662725786,,,,1.0
22,acetone_hl_gap_eV,36,0.9999999403953552,0.0,0.7115537662725786,0.7115537662725786,,,,1.0
22,acetone_hl_gap_eV,37,0.9999999403953552,0.0,0.7115537662725786,0.7115537662725786,,,,1.0
22,acetone_hl_gap_eV,38,0.9999999403953552,0.0,0.7115537662725786,0.7115537662725786,,,,1.0
22,acetone_hl_gap_eV,39,0.9999999403953552,0.0,0.7115537662725786,0.7115537662725786,,,,1.0
22,acetone_hl_gap_eV,40,0.9999999403953552,0.0,0.7115537662725786,0.7115537662725786,,,,1.0
22,acetone_hl_gap_eV,41,0.9999999403953552,0.0,0.7115537662725786,0.7115537662725786,,,,1.0
22,acetone_hl_gap_eV,42,0.9999999403953552,0.0,0.7115537662725786,0.7115537662725786,,,,1.0
22,acetone_hl_gap_eV,43,0.9999999403953552,0.0,0.7115537662725786,0.7115537662725786,,,,1.0
22,acetone_hl_gap_eV,44,0.9999999403953552,0.0,0.7115537662725786,0.7115537662725786,,,,1.0
22,acetone_hl_gap_eV,45,0.9999999403953552,0.0,0.7115537662725786,0.7115537662725786,,,,1.0
22,acetone_hl_gap_eV,46,0.9999999403953552,0.0,0.7115537662725786,0.7115537662725786,,,,1.0
22,acetone_hl_gap_eV,47,0.9999999403953552,0.0,0.7115537662725786,0.7115537662725786,,,,1.0
22,acetone_hl_gap_eV,48,0.9999999403953552,0.0,0.7115537662725786,0.7115537662725786,,,,1.0
22,acetone_hl_gap_eV,49,0.9999999403953552,0.0,0.7115537662725786,0.7115537662725786,,,,1.0
22,acetone_hl_gap_eV,50,0.9999999403953552,0.0,0.7115537662725786,0.7115537662725786,,,,1.0
22,acetone_hl_gap_eV,51,0.9999999403953552,0.0,0.7115537662725786,0.7115537662725786,,,,1.0
22,acetone_hl_gap_eV,52,0.9999999403953552,0.0,0.7115537662725786,0.7115537662725786,,,,1.0
22,acetone_hl_gap_eV,53,0.9999999403953552,0.0,0.7115537662725786,0.7115537662725786,,,,1.0
22,acetone_hl_gap_eV,54,0.9999999403953552,0.0,0.7115537662725786,0.7115537662725786,,,,1.0
22,acetone_hl_gap_eV,55,0.9999999403953552,0.0,0.7115537662725786,0.7115537662725786,,,,1.0
22,acetone_hl_gap_eV,56,0.9999999403953552,0.0,0.7115537662725786,0.7115537662725786,,,,1.0
22,acetone_hl_gap_eV,57,0.9999999403953552,0.0,0.7115537662725786,0.7115537662725786,,,,1.0
22,acetone_hl_gap_eV,58,0.9999999403953552,0.0,0.7115537662725786,0.7115537662725786,,,,1.0
22,acetone_hl_gap_eV,59,0.9999999403953552,0.0,0.7115537662725786,0.7115537662725786,,,,1.0
22,acetone_hl_gap_eV,60,0.9999999403953552,0.0,0.7115537662725786,0.7115537662725786,,,,1.0
22,acetone_hl_gap_eV,61,0.9999999403953552,0.0,0.7115537662725786,0.7115537662725786,,,,1.0
22,acetone_hl_gap_eV,62,0.9999999403953552,0.0,0.7115537662725786,0.7115537662725786,,,,1.0
22,acetone_hl_gap_eV,63,0.9999999403953552,0.0,0.7115537662725786,0.7115537662725786,,,,1.0
22,acetone_hl_gap_eV,64,0.9999999403953552,0.0,0.7115537662725786,0.7115537662725786,,,,1.0
22,acetone_hl_gap_eV,65,0.9999999403953552,0.0,0.7115537662725786,0.7115537662725786,,,,1.0
22,acetone_hl_gap_eV,66,0.9999999403953552,0.0,0.7115537662725786,0.7115537662725786,,,,1.0
22,acetone_hl_gap_eV,67,0.9999999403953552,0.0,0.7115537662725786,0.7115537662725786,,,,1.0
22,acetone_hl_gap_eV,68,0.9999999403953552,0.0,0.7115537662725786,0.7115537662725786,,,,1.0
22,acetone_hl_gap_eV,69,0.9999999403953552,0.0,0.7115537662725786,0.7115537662725786,,,,1.0
22,acetone_hl_gap_eV,70,0.9999999403953552,0.0,0.7115537662725786,0.7115537662725786,,,,1.0
22,acetone_hl_gap_eV,71,0.9999999403953552,0.0,0.7115537662725786,0.7115537662725786,,,,1.0
22,acetone_hl_gap_eV,72,0.9999999403953552,0.0,0.7115537662725786,0.7115537662725786,,,,1.0
22,acetone_hl_gap_eV,73,0.9999999403953552,0.0,0.7115537662725786,0.7115537662725786,,,,1.0
22,acetone_hl_gap_eV,74,0.9999999403953552,0.0,0.7115537662725786,0.7115537662725786,,,,1.0
22,acetone_hl_gap_eV,75,0.9999999403953552,0.0,0.7115537662725786,0.7115537662725786,,,,1.0
22,acetone_hl_gap_eV,76,0.9999999403953552,0.0,0.7115537662725786,0.7115537662725786,,,,1.0
22,acetone_hl_gap_eV,77,0.9999999403953552,0.0,0.7115537662725786,0.7115537662725786,,,,1.0
22,acetone_hl_gap_eV,78,0.9999999403953552,0.0,0.7115537662725786,0.7115537662725786,,,,1.0
22,acetone_hl_gap_eV,79,0.9999999403953552,0.0,0.7115537662725786,0.7115537662725786,,,,1.0
22,acetone_hl_gap_eV,80,0.9999999403953552,0.0,0.7115537662725786,0.7115537662725786,,,,1.0
22,acetone_hl_gap_eV,81,0.9999999403953552,0.0,0.7115537662725786,0.7115537662725786,,,,1.0
22,acetone_hl_gap_eV,82,0.9999999403953552,0.0,0.7115537662725786,0.7115537662725786,,,,1.0
22,acetone_hl_gap_eV,83,0.9999999403953552,0.0,0.7115537662725786,0.7115537662725786,,,,1.0
22,acetone_hl_gap_eV,84,0.9999999403953552,0.0,0.7115537662725786,0.7115537662725786,,,,1.0
22,acetone_hl_gap_eV,85,0.9999999403953552,0.0,0.7115537662725786,0.7115537662725786,,,,1.0
22,acetone_hl_gap_eV,86,0.9999999403953552,0.0,0.7115537662725786,0.7115537662725786,,,,1.0
22,acetone_hl_gap_eV,87,0.9999999403953552,0.0,0.7115537662725786,0.7115537662725786,,,,1.0
22,acetone_hl_gap_eV,88,0.9999999403953552,0.0,0.7115537662725786,0.7115537662725786,,,,1.0
22,acetone_hl_gap_eV,89,0.9999999403953552,0.0,0.7115537662725786,0.7115537662725786,,,,1.0
22,acetone_hl_gap_eV,90,0.9999999403953552,0.0,0.7115537662725786,0.7115537662725786,,,,1.0
22,acetone_hl_gap_eV,91,0.9999999403953552,0.0,0.7115537662725786,0.7115537662725786,,,,1.0
22,acetone_hl_gap_eV,92,0.9999999403953552,0.0,0.7115537662725786,0.7115537662725786,,,,1.0
22,acetone_hl_gap_eV,93,0.9999999403953552,0.0,0.7115537662725786,0.7115537662725786,,,,1.0
22,acetone_hl_gap_eV,94,0.9999999403953552,0.0,0.7115537662725786,0.7115537662725786,,,,1.0
22,acetone_hl_gap_eV,95,0.9999999403953552,0.0,0.7115537662725786,0.7115537662725786,,,,1.0
22,acetone_hl_gap_eV,96,0.9999999403953552,0.0,0.7115537662725786,0.7115537662725786,,,,1.0
22,acetone_hl_gap_eV,97,0.9999999403953552,0.0,0.7115537662725786,0.7115537662725786,,,,1.0
22,acetone_hl_gap_eV,98,0.9999999403953552,0.0,0.7115537662725786,0.7115537662725786,,,,1.0
22,acetone_hl_gap_eV,99,0.9999999403953552,0.0,0.7115537662725786,0.7115537662725786,,,,1.0
22,acetone_hl_gap_eV,100,0.9999999403953552,0.0,0.7115537662725786,0.7115537662725786,,,,1.0
22,acetone_hl_gap_eV,101,0.9999999403953552,0.0,0.7115537662725786,0.7115537662725786,,,,1.0
22,acetone_hl_gap_eV,102,0.9999999403953552,0.0,0.7115537662725786,0.7115537662725786,,,,1.0
22,acetone_hl_gap_eV,103,0.9999999403953552,0.0,0.7115537662725786,0.7115537662725786,,,,1.0
22,acetone_hl_gap_eV,104,0.9999999403953552,0.0,0.7115537662725786,0.7115537662725786,,,,1.0
22,acetone_hl_gap_eV,105,0.9999999403953552,0.0,0.7115537662725786,0.7115537662725786,,,,1.0
22,acetone_hl_gap_eV,106,0.9999999403953552,0.0,0.7115537662725786,0.7115537662725786,,,,1.0
22,acetone_hl_gap_eV,107,0.9999999403953552,0.0,0.7115537662725786,0.7115537662725786,,,,1.0
22,acetone_hl_gap_eV,108,0.9999999403953552,0.0,0.7115537662725786,0.7115537662725786,,,,1.0
22,acetone_hl_gap_eV,109,0.9999999403953552,0.0,0.7115537662725786,0.7115537662725786,,,,1.0
22,acetone_hl_gap_eV,110,0.9999999403953552,0.0,0.7115537662725786,0.7115537662725786,,,,1.0
22,acetone_hl_gap_eV,111,0.9999999403953552,0.0,0.7115537662725786,0.7115537662725786,,,,1.0
22,acetone_hl_gap_eV,112,0.9999999403953552,0.0,0.7115537662725786,0.7115537662725786,,,,1.0
22,acetone_hl_gap_eV,113,0.9999999403953552,0.0,0.7115537662725786,0.7115537662725786,,,,1.0
22,acetone_hl_gap_eV,114,0.9999999403953552,0.0,0.7115537662725786,0.7115537662725786,,,,1.0
22,acetone_hl_gap_eV,115,0.9999999403953552,0.0,0.7115537662725786,0.7115537662725786,,,,1.0
22,acetone_hl_gap_eV,116,0.9999999403953552,0.0,0.7115537662725786,0.7115537662725786,,,,1.0
22,acetone_hl_gap_eV,117,0.9999999403953552,0.0,0.7115537662725786,0.7115537662725786,,,,1.0
22,acetone_hl_gap_eV,118,0.9999999403953552,0.0,0.7115537662725786,0.7115537662725786,,,,1.0
22,acetone_hl_gap_eV,119,0.9999999403953552,0.0,0.7115537662725786,0.7115537662725786,,,,1.0
22,acetone_hl_gap_eV,120,0.9999999403953552,0.0,0.7115537662725786,0.7115537662725786,,,,1.0
22,acetone_hl_gap_eV,121,0.9999999403953552,0.0,0.7115537662725786,0.7115537662725786,,,,1.0
22,acetone_hl_gap_eV,122,0.9999999403953552,0.0,0.7115537662725786,0.7115537662725786,,,,1.0
22,acetone_hl_gap_eV,123,0.9999999403953552,0.0,0.7115537662725786,0.7115537662725786,,,,1.0
22,acetone_hl_gap_eV,124,0.9999999403953552,0.0,0.7115537662725786,0.7115537662725786,,,,1.0
22,acetone_hl_gap_eV,125,0.9999999403953552,0.0,0.7115537662725786,0.7115537662725786,,,,1.0
22,acetone_hl_gap_eV,126,0.9999999403953552,0.0,0.7115537662725786,0.7115537662725786,,,,1.0
22,acetone_hl_gap_eV,127,0.9999999403953552,0.0,0.7115537662725786,0.7115537662725786,,,,1.0
22,acetone_hl_gap_eV,128,0.9999999403953552,0.0,0.7115537662725786,0.7115537662725786,,,,1.0
22,acetone_hl_gap_eV,129,0.9999999403953552,0.0,0.7115537662725786,0.7115537662725786,,,,1.0
22,acetone_hl_gap_eV,130,0.9999999403953552,0.0,0.7115537662725786,0.7115537662725786,,,,1.0
22,acetone_hl_gap_eV,131,0.9999999403953552,0.0,0.7115537662725786,0.7115537662725786,,,,1.0
22,acetone_hl_gap_eV,132,0.9999999403953552,0.0,0.7115537662725786,0.7115537662725786,,,,1.0
22,acetone_hl_gap_eV,133,0.9999999403953552,0.0,0.7115537662725786,0.7115537662725786,,,,1.0
22,acetone_hl_gap_eV,134,0.9999999403953552,0.0,0.7115537662725786,0.7115537662725786,,,,1.0
22,acetone_hl_gap_eV,135,0.9999999403953552,0.0,0.7115537662725786,0.7115537662725786,,,,1.0
22,acetone_hl_gap_eV,136,0.9999999403953552,0.0,0.7115537662725786,0.7115537662725786,,,,1.0
22,acetone_hl_gap_eV,137,0.9999999403953552,0.0,0.7115537662725786,0.7115537662725786,,,,1.0
22,acetone_hl_gap_eV,138,0.9999999403953552,0.0,0.7115537662725786,0.7115537662725786,,,,1.0
22,acetone_hl_gap_eV,139,0.9999999403953552,0.0,0.7115537662725786,0.7115537662725786,,,,1.0
22,acetone_hl_gap_eV,140,0.9999999403953552,0.0,0.7115537662725786,0.7115537662725786,,,,1.0
22,acetone_hl_gap_eV,141,0.9999999403953552,0.0,0.7115537662725786,0.7115537662725786,,,,1.0
22,acetone_hl_gap_eV,142,0.9999999403953552,0.0,0.7115537662725786,0.7115537662725786,,,,1.0
22,acetone_hl_gap_eV,143,0.9999999403953552,0.0,0.7115537662725786,0.7115537662725786,,,,1.0
22,acetone_hl_gap_eV,144,0.9999999403953552,0.0,0.7115537662725786,0.7115537662725786,,,,1.0
22,acetone_hl_gap_eV,145,0.9999999403953552,0.0,0.7115537662725786,0.7115537662725786,,,,1.0
22,acetone_hl_gap_eV,146,0.9999999403953552,0.0,0.7115537662725786,0.7115537662725786,,,,1.0
22,acetone_hl_gap_eV,147,0.9999999403953552,0.0,0.7115537662725786,0.7115537662725786,,,,1.0
22,acetone_hl_gap_eV,148,0.9999999403953552,0.0,0.7115537662725786,0.7115537662725786,,,,1.0
22,acetone_hl_gap_eV,149,0.9999999403953552,0.0,0.7115537662725786,0.7115537662725786,,,,1.0
22,acetone_hl_gap_eV,150,0.9999999403953552,0.0,0.7115537662725786,0.7115537662725786,,,,1.0
22,acetone_hl_gap_eV,151,0.9999999403953552,0.0,0.7115537662725786,0.7115537662725786,,,,1.0
22,acetone_hl_gap_eV,152,0.9999999403953552,0.0,0.7115537662725786,0.7115537662725786,,,,1.0
22,acetone_hl_gap_eV,153,0.9999999403953552,0.0,0.7115537662725786,0.7115537662725786,,,,1.0
22,acetone_hl_gap_eV,154,0.9999999403953552,0.0,0.7115537662725786,0.7115537662725786,,,,1.0
22,acetone_hl_gap_eV,155,0.9999999403953552,0.0,0.7115537662725786,0.7115537662725786,,,,1.0
22,acetone_hl_gap_eV,156,0.9999999403953552,0.0,0.7115537662725786,0.7115537662725786,,,,1.0
22,acetone_hl_gap_eV,157,0.9999999403953552,0.0,0.7115537662725786,0.7115537662725786,,,,1.0
22,acetone_hl_gap_eV,158,0.9999999403953552,0.0,0.7115537662725786,0.7115537662725786,,,,1.0
22,acetone_hl_gap_eV,159,0.9999999403953552,0.0,0.7115537662725786,0.7115537662725786,,,,1.0
22,acetone_hl_gap_eV,160,0.9999999403953552,0.0,0.7115537662725786,0.7115537662725786,,,,1.0
22,acetone_hl_gap_eV,161,0.9999999403953552,0.0,0.7115537662725786,0.7115537662725786,,,,1.0
22,acetone_hl_gap_eV,162,0.9999999403953552,0.0,0.7115537662725786,0.7115537662725786,,,,1.0
22,acetone_hl_gap_eV,163,0.9999999403953552,0.0,0.7115537662725786,0.7115537662725786,,,,1.0
22,acetone_hl_gap_eV,164,0.9999999403953552,0.0,0.7115537662725786,0.7115537662725786,,,,1.0
22,acetone_hl_gap_eV,165,0.9999999403953552,0.0,0.7115537662725786,0.7115537662725786,,,,1.0
22,acetone_hl_gap_eV,166,0.9999999403953552,0.0,0.7115537662725786,0.7115537662725786,,,,1.0
22,acetone_hl_gap_eV,167,0.9999999403953552,0.0,0.7115537662725786,0.7115537662725786,,,,1.0
22,acetone_hl_gap_eV,168,0.9999999403953552,0.0,0.7115537662725786,0.7115537662725786,,,,1.0
22,acetone_hl_gap_eV,169,0.9999999403953552,0.0,0.7115537662725786,0.7115537662725786,,,,1.0
22,acetone_hl_gap_eV,170,0.9999999403953552,0.0,0.7115537662725786,0.7115537662725786,,,,1.0
22,acetone_hl_gap_eV,171,0.9999999403953552,0.0,0.7115537662725786,0.7115537662725786,,,,1.0
22,acetone_hl_gap_eV,172,0.9999999403953552,0.0,0.7115537662725786,0.7115537662725786,,,,1.0
22,acetone_hl_gap_eV,173,0.9999999403953552,0.0,0.7115537662725786,0.7115537662725786,,,,1.0
22,acetone_hl_gap_eV,174,0.9999999403953552,0.0,0.7115537662725786,0.7115537662725786,,,,1.0
22,acetone_hl_gap_eV,175,0.9999999403953552,0.0,0.7115537662725786,0.7115537662725786,,,,1.0
22,acetone_hl_gap_eV,176,0.9999999403953552,0.0,0.7115537662725786,0.7115537662725786,,,,1.0
22,acetone_hl_gap_eV,177,0.9999999403953552,0.0,0.7115537662725786,0.7115537662725786,,,,1.0
22,acetone_hl_gap_eV,178,0.9999999403953552,0.0,0.7115537662725786,0.7115537662725786,,,,1.0
22,acetone_hl_gap_eV,179,0.9999999403953552,0.0,0.7115537662725786,0.7115537662725786,,,,1.0
22,acetone_hl_gap_eV,180,0.9999999403953552,0.0,0.7115537662725786,0.7115537662725786,,,,1.0
22,acetone_hl_gap_eV,181,0.9999999403953552,0.0,0.7115537662725786,0.7115537662725786,,,,1.0
22,acetone_hl_gap_eV,182,0.9999999403953552,0.0,0.7115537662725786,0.7115537662725786,,,,1.0
22,acetone_hl_gap_eV,183,0.9999999403953552,0.0,0.7115537662725786,0.7115537662725786,,,,1.0
22,acetone_hl_gap_eV,184,0.9999999403953552,0.0,0.7115537662725786,0.7115537662725786,,,,1.0
22,acetone_hl_gap_eV,185,0.9999999403953552,0.0,0.7115537662725786,0.7115537662725786,,,,1.0
22,acetone_hl_gap_eV,186,0.9999999403953552,0.0,0.7115537662725786,0.7115537662725786,,,,1.0
22,acetone_hl_gap_eV,187,0.9999999403953552,0.0,0.7115537662725786,0.7115537662725786,,,,1.0
22,acetone_hl_gap_eV,188,0.9999999403953552,0.0,0.7115537662725786,0.7115537662725786,,,,1.0
22,acetone_hl_gap_eV,189,0.9999999403953552,0.0,0.7115537662725786,0.7115537662725786,,,,1.0
22,acetone_hl_gap_eV,190,0.9999999403953552,0.0,0.7115537662725786,0.7115537662725786,,,,1.0
22,acetone_hl_gap_eV,191,0.9999999403953552,0.0,0.7115537662725786,0.7115537662725786,,,,1.0
22,acetone_hl_gap_eV,192,0.9999999403953552,0.0,0.7115537662725786,0.7115537662725786,,,,1.0
22,acetone_hl_gap_eV,193,0.9999999403953552,0.0,0.7115537662725786,0.7115537662725786,,,,1.0
22,acetone_hl_gap_eV,194,0.9999999403953552,0.0,0.7115537662725786,0.7115537662725786,,,,1.0
22,acetone_hl_gap_eV,195,0.9999999403953552,0.0,0.7115537662725786,0.7115537662725786,,,,1.0
22,acetone_hl_gap_eV,196,0.9999999403953552,0.0,0.7115537662725786,0.7115537662725786,,,,1.0
22,acetone_hl_gap_eV,197,0.9999999403953552,0.0,0.7115537662725786,0.7115537662725786,,,,1.0
22,acetone_hl_gap_eV,198,0.9999999403953552,0.0,0.7115537662725786,0.7115537662725786,,,,1.0
22,acetone_hl_gap_eV,199,0.9999999403953552,0.0,0.7115537662725786,0.7115537662725786,,,,1.0
22,acetone_hl_gap_eV,200,0.9999999403953552,0.0,0.7115537662725786,0.7115537662725786,,,,1.0
22,acetone_hl_gap_eV,201,0.9999999403953552,0.0,0.7115537662725786,0.7115537662725786,,,,1.0
22,acetone_hl_gap_eV,202,0.9999999403953552,0.0,0.7115537662725786,0.7115537662725786,,,,1.0
22,acetone_hl_gap_eV,203,0.9999999403953552,0.0,0.7115537662725786,0.7115537662725786,,,,1.0
22,acetone_hl_gap_eV,204,0.9999999403953552,0.0,0.7115537662725786,0.7115537662725786,,,,1.0
22,acetone_hl_gap_eV,205,0.9999999403953552,0.0,0.7115537662725786,0.7115537662725786,,,,1.0
22,acetone_hl_gap_eV,206,0.9999999403953552,0.0,0.7115537662725786,0.7115537662725786,,,,1.0
22,acetone_hl_gap_eV,207,0.9999999403953552,0.0,0.7115537662725786,0.7115537662725786,,,,1.0
22,acetone_hl_gap_eV,208,0.9999999403953552,0.0,0.7115537662725786,0.7115537662725786,,,,1.0
22,acetone_hl_gap_eV,209,0.9999999403953552,0.0,0.7115537662725786,0.7115537662725786,,,,1.0
22,acetone_hl_gap_eV,210,0.9999999403953552,0.0,0.7115537662725786,0.7115537662725786,,,,1.0
22,acetone_hl_gap_eV,211,0.9999999403953552,0.0,0.7115537662725786,0.7115537662725786,,,,1.0
22,acetone_hl_gap_eV,212,0.9999999403953552,0.0,0.7115537662725786,0.7115537662725786,,,,1.0
22,acetone_hl_gap_eV,213,0.9999999403953552,0.0,0.7115537662725786,0.7115537662725786,,,,1.0
22,acetone_hl_gap_eV,214,0.9999999403953552,0.0,0.7115537662725786,0.7115537662725786,,,,1.0
22,acetone_hl_gap_eV,215,0.9999999403953552,0.0,0.7115537662725786,0.7115537662725786,,,,1.0
22,acetone_hl_gap_eV,216,0.9999999403953552,0.0,0.7115537662725786,0.7115537662725786,,,,1.0
22,acetone_hl_gap_eV,217,0.9999999403953552,0.0,0.7115537662725786,0.7115537662725786,,,,1.0
22,acetone_hl_gap_eV,218,0.9999999403953552,0.0,0.7115537662725786,0.7115537662725786,,,,1.0
22,acetone_hl_gap_eV,219,0.9999999403953552,0.0,0.7115537662725786,0.7115537662725786,,,,1.0
22,acetone_hl_gap_eV,220,0.9999999403953552,0.0,0.7115537662725786,0.7115537662725786,,,,1.0
22,acetone_hl_gap_eV,221,0.9999999403953552,0.0,0.7115537662725786,0.7115537662725786,,,,1.0
22,acetone_hl_gap_eV,222,0.9999999403953552,0.0,0.7115537662725786,0.7115537662725786,,,,1.0
22,acetone_hl_gap_eV,223,0.9999999403953552,0.0,0.7115537662725786,0.7115537662725786,,,,1.0
22,acetone_hl_gap_eV,224,0.9999999403953552,0.0,0.7115537662725786,0.7115537662725786,,,,1.0
22,acetone_hl_gap_eV,225,0.9999999403953552,0.0,0.7115537662725786,0.7115537662725786,,,,1.0
22,acetone_hl_gap_eV,226,0.9999999403953552,0.0,0.7115537662725786,0.7115537662725786,,,,1.0
22,acetone_hl_gap_eV,227,0.9999999403953552,0.0,0.7115537662725786,0.7115537662725786,,,,1.0
22,acetone_hl_gap_eV,228,0.9999999403953552,0.0,0.7115537662725786,0.7115537662725786,,,,1.0
22,acetone_hl_gap_eV,229,0.9999999403953552,0.0,0.7115537662725786,0.7115537662725786,,,,1.0
22,acetone_hl_gap_eV,230,0.9999999403953552,0.0,0.7115537662725786,0.7115537662725786,,,,1.0
22,acetone_hl_gap_eV,231,0.9999999403953552,0.0,0.7115537662725786,0.7115537662725786,,,,1.0
22,acetone_hl_gap_eV,232,0.9999999403953552,0.0,0.7115537662725786,0.7115537662725786,,,,1.0
22,acetone_hl_gap_eV,233,0.9999999403953552,0.0,0.7115537662725786,0.7115537662725786,,,,1.0
22,acetone_hl_gap_eV,234,0.9999999403953552,0.0,0.7115537662725786,0.7115537662725786,,,,1.0
22,acetone_hl_gap_eV,235,0.9999999403953552,0.0,0.7115537662725786,0.7115537662725786,,,,1.0
22,acetone_hl_gap_eV,236,0.9999999403953552,0.0,0.7115537662725786,0.7115537662725786,,,,1.0
22,acetone_hl_gap_eV,237,0.9999999403953552,0.0,0.7115537662725786,0.7115537662725786,,,,1.0
22,acetone_hl_gap_eV,238,0.9999999403953552,0.0,0.7115537662725786,0.7115537662725786,,,,1.0
22,acetone_hl_gap_eV,239,0.9999999403953552,0.0,0.7115537662725786,0.7115537662725786,,,,1.0
22,acetone_hl_gap_eV,240,0.9999999403953552,0.0,0.7115537662725786,0.7115537662725786,,,,1.0
22,acetone_hl_gap_eV,241,0.9999999403953552,0.0,0.7115537662725786,0.7115537662725786,,,,1.0
22,acetone_hl_gap_eV,242,0.9999999403953552,0.0,0.7115537662725786,0.7115537662725786,,,,1.0
22,acetone_hl_gap_eV,243,0.9999999403953552,0.0,0.7115537662725786,0.7115537662725786,,,,1.0
22,acetone_hl_gap_eV,244,0.9999999403953552,0.0,0.7115537662725786,0.7115537662725786,,,,1.0
22,acetone_hl_gap_eV,245,0.9999999403953552,0.0,0.7115537662725786,0.7115537662725786,,,,1.0
22,acetone_hl_gap_eV,246,0.9999999403953552,0.0,0.7115537662725786,0.7115537662725786,,,,1.0
22,acetone_hl_gap_eV,247,0.9999999403953552,0.0,0.7115537662725786,0.7115537662725786,,,,1.0
22,acetone_hl_gap_eV,248,0.9999999403953552,0.0,0.7115537662725786,0.7115537662725786,,,,1.0
22,acetone_hl_gap_eV,249,0.9999999403953552,0.0,0.7115537662725786,0.7115537662725786,,,,1.0
22,acetone_dipole,0,1.0000001192092896,0.0,0.5858529689478524,0.5858529689478524,,,,1.0
22,acetone_dipole,1,1.0000001192092896,0.0,0.5858529689478524,0.5858529689478524,,,,1.0
22,acetone_dipole,2,1.0000001192092896,0.0,0.5858529689478524,0.5858529689478524,,,,1.0
22,acetone_dipole,3,1.0000001192092896,0.0,0.5858529689478524,0.5858529689478524,,,,1.0
22,acetone_dipole,4,1.0000001192092896,0.0,0.5858529689478524,0.5858529689478524,,,,1.0
22,acetone_dipole,5,1.0000001192092896,0.0,0.5858529689478524,0.5858529689478524,,,,1.0
22,acetone_dipole,6,1.0000001192092896,0.0,0.5858529689478524,0.5858529689478524,,,,1.0
22,acetone_dipole,7,1.0000001192092896,0.0,0.5858529689478524,0.5858529689478524,,,,1.0
22,acetone_dipole,8,1.0000001192092896,0.0,0.5858529689478524,0.5858529689478524,,,,1.0
22,acetone_dipole,9,1.0000001192092896,0.0,0.5858529689478524,0.5858529689478524,,,,1.0
22,acetone_dipole,10,1.0000001192092896,0.0,0.5858529689478524,0.5858529689478524,,,,1.0
22,acetone_dipole,11,1.0000001192092896,0.0,0.5858529689478524,0.5858529689478524,,,,1.0
22,acetone_dipole,12,1.0000001192092896,0.0,0.5858529689478524,0.5858529689478524,,,,1.0
22,acetone_dipole,13,1.0000001192092896,0.0,0.5858529689478524,0.5858529689478524,,,,1.0
22,acetone_dipole,14,1.0000001192092896,0.0,0.5858529689478524,0.5858529689478524,,,,1.0
22,acetone_dipole,15,1.0000001192092896,0.0,0.5858529689478524,0.5858529689478524,,,,1.0
22,acetone_dipole,16,1.0000001192092896,0.0,0.5858529689478524,0.5858529689478524,,,,1.0
22,acetone_dipole,17,1.0000001192092896,0.0,0.5858529689478524,0.5858529689478524,,,,1.0
22,acetone_dipole,18,1.0000001192092896,0.0,0.5858529689478524,0.5858529689478524,,,,1.0
22,acetone_dipole,19,1.0000001192092896,0.0,0.5858529689478524,0.5858529689478524,,,,1.0
22,acetone_dipole,20,1.0000001192092896,0.0,0.5858529689478524,0.5858529689478524,,,,1.0
22,acetone_dipole,21,1.0000001192092896,0.0,0.5858529689478524,0.5858529689478524,,,,1.0
22,acetone_dipole,22,1.0000001192092896,0.0,0.5858529689478524,0.5858529689478524,,,,1.0
22,acetone_dipole,23,1.0000001192092896,0.0,0.5858529689478524,0.5858529689478524,,,,1.0
22,acetone_dipole,24,1.0000001192092896,0.0,0.5858529689478524,0.5858529689478524,,,,1.0
22,acetone_dipole,25,1.0000001192092896,0.0,0.5858529689478524,0.5858529689478524,,,,1.0
22,acetone_dipole,26,1.0000001192092896,0.0,0.5858529689478524,0.5858529689478524,,,,1.0
22,acetone_dipole,27,1.0000001192092896,0.0,0.5858529689478524,0.5858529689478524,,,,1.0
22,acetone_dipole,28,1.0000001192092896,0.0,0.5858529689478524,0.5858529689478524,,,,1.0
22,acetone_dipole,29,1.0000001192092896,0.0,0.5858529689478524,0.5858529689478524,,,,1.0
22,acetone_dipole,30,1.0000001192092896,0.0,0.5858529689478524,0.5858529689478524,,,,1.0
22,acetone_dipole,31,1.0000001192092896,0.0,0.5858529689478524,0.5858529689478524,,,,1.0
22,acetone_dipole,32,1.0000001192092896,0.0,0.5858529689478524,0.5858529689478524,,,,1.0
22,acetone_dipole,33,1.0000001192092896,0.0,0.5858529689478524,0.5858529689478524,,,,1.0
22,acetone_dipole,34,1.0000001192092896,0.0,0.5858529689478524,0.5858529689478524,,,,1.0
22,acetone_dipole,35,1.0000001192092896,0.0,0.5858529689478524,0.5858529689478524,,,,1.0
22,acetone_dipole,36,1.0000001192092896,0.0,0.5858529689478524,0.5858529689478524,,,,1.0
22,acetone_dipole,37,1.0000001192092896,0.0,0.5858529689478524,0.5858529689478524,,,,1.0
22,acetone_dipole,38,1.0000001192092896,0.0,0.5858529689478524,0.5858529689478524,,,,1.0
22,acetone_dipole,39,1.0000001192092896,0.0,0.5858529689478524,0.5858529689478524,,,,1.0
22,acetone_dipole,40,1.0000001192092896,0.0,0.5858529689478524,0.5858529689478524,,,,1.0
22,acetone_dipole,41,1.0000001192092896,0.0,0.5858529689478524,0.5858529689478524,,,,1.0
22,acetone_dipole,42,1.0000001192092896,0.0,0.5858529689478524,0.5858529689478524,,,,1.0
22,acetone_dipole,43,1.0000001192092896,0.0,0.5858529689478524,0.5858529689478524,,,,1.0
22,acetone_dipole,44,1.0000001192092896,0.0,0.5858529689478524,0.5858529689478524,,,,1.0
22,acetone_dipole,45,1.0000001192092896,0.0,0.5858529689478524,0.5858529689478524,,,,1.0
22,acetone_dipole,46,1.0000001192092896,0.0,0.5858529689478524,0.5858529689478524,,,,1.0
22,acetone_dipole,47,1.0000001192092896,0.0,0.5858529689478524,0.5858529689478524,,,,1.0
22,acetone_dipole,48,1.0000001192092896,0.0,0.5858529689478524,0.5858529689478524,,,,1.0
22,acetone_dipole,49,1.0000001192092896,0.0,0.5858529689478524,0.5858529689478524,,,,1.0
22,acetone_dipole,50,1.0000001192092896,0.0,0.5858529689478524,0.5858529689478524,,,,1.0
22,acetone_dipole,51,1.0000001192092896,0.0,0.5858529689478524,0.5858529689478524,,,,1.0
22,acetone_dipole,52,1.0000001192092896,0.0,0.5858529689478524,0.5858529689478524,,,,1.0
22,acetone_dipole,53,1.0000001192092896,0.0,0.5858529689478524,0.5858529689478524,,,,1.0
22,acetone_dipole,54,1.0000001192092896,0.0,0.5858529689478524,0.5858529689478524,,,,1.0
22,acetone_dipole,55,1.0000001192092896,0.0,0.5858529689478524,0.5858529689478524,,,,1.0
22,acetone_dipole,56,1.0000001192092896,0.0,0.5858529689478524,0.5858529689478524,,,,1.0
22,acetone_dipole,57,1.0000001192092896,0.0,0.5858529689478524,0.5858529689478524,,,,1.0
22,acetone_dipole,58,1.0000001192092896,0.0,0.5858529689478524,0.5858529689478524,,,,1.0
22,acetone_dipole,59,1.0000001192092896,0.0,0.5858529689478524,0.5858529689478524,,,,1.0
22,acetone_dipole,60,1.0000001192092896,0.0,0.5858529689478524,0.5858529689478524,,,,1.0
22,acetone_dipole,61,1.0000001192092896,0.0,0.5858529689478524,0.5858529689478524,,,,1.0
22,acetone_dipole,62,1.0000001192092896,0.0,0.5858529689478524,0.5858529689478524,,,,1.0
22,acetone_dipole,63,1.0000001192092896,0.0,0.5858529689478524,0.5858529689478524,,,,1.0
22,acetone_dipole,64,1.0000001192092896,0.0,0.5858529689478524,0.5858529689478524,,,,1.0
22,acetone_dipole,65,1.0000001192092896,0.0,0.5858529689478524,0.5858529689478524,,,,1.0
22,acetone_dipole,66,1.0000001192092896,0.0,0.5858529689478524,0.5858529689478524,,,,1.0
22,acetone_dipole,67,1.0000001192092896,0.0,0.5858529689478524,0.5858529689478524,,,,1.0
22,acetone_dipole,68,1.0000001192092896,0.0,0.5858529689478524,0.5858529689478524,,,,1.0
22,acetone_dipole,69,1.0000001192092896,0.0,0.5858529689478524,0.5858529689478524,,,,1.0
22,acetone_dipole,70,1.0000001192092896,0.0,0.5858529689478524,0.5858529689478524,,,,1.0
22,acetone_dipole,71,1.0000001192092896,0.0,0.5858529689478524,0.5858529689478524,,,,1.0
22,acetone_dipole,72,1.0000001192092896,0.0,0.5858529689478524,0.5858529689478524,,,,1.0
22,acetone_dipole,73,1.0000001192092896,0.0,0.5858529689478524,0.5858529689478524,,,,1.0
22,acetone_dipole,74,1.0000001192092896,0.0,0.5858529689478524,0.5858529689478524,,,,1.0
22,acetone_dipole,75,1.0000001192092896,0.0,0.5858529689478524,0.5858529689478524,,,,1.0
22,acetone_dipole,76,1.0000001192092896,0.0,0.5858529689478524,0.5858529689478524,,,,1.0
22,acetone_dipole,77,1.0000001192092896,0.0,0.5858529689478524,0.5858529689478524,,,,1.0
22,acetone_dipole,78,1.0000001192092896,0.0,0.5858529689478524,0.5858529689478524,,,,1.0
22,acetone_dipole,79,1.0000001192092896,0.0,0.5858529689478524,0.5858529689478524,,,,1.0
22,acetone_dipole,80,1.0000001192092896,0.0,0.5858529689478524,0.5858529689478524,,,,1.0
22,acetone_dipole,81,1.0000001192092896,0.0,0.5858529689478524,0.5858529689478524,,,,1.0
22,acetone_dipole,82,1.0000001192092896,0.0,0.5858529689478524,0.5858529689478524,,,,1.0
22,acetone_dipole,83,1.0000001192092896,0.0,0.5858529689478524,0.5858529689478524,,,,1.0
22,acetone_dipole,84,1.0000001192092896,0.0,0.5858529689478524,0.5858529689478524,,,,1.0
22,acetone_dipole,85,1.0000001192092896,0.0,0.5858529689478524,0.5858529689478524,,,,1.0
22,acetone_dipole,86,1.0000001192092896,0.0,0.5858529689478524,0.5858529689478524,,,,1.0
22,acetone_dipole,87,1.0000001192092896,0.0,0.5858529689478524,0.5858529689478524,,,,1.0
22,acetone_dipole,88,1.0000001192092896,0.0,0.5858529689478524,0.5858529689478524,,,,1.0
22,acetone_dipole,89,1.0000001192092896,0.0,0.5858529689478524,0.5858529689478524,,,,1.0
22,acetone_dipole,90,1.0000001192092896,0.0,0.5858529689478524,0.5858529689478524,,,,1.0
22,acetone_dipole,91,1.0000001192092896,0.0,0.5858529689478524,0.5858529689478524,,,,1.0
22,acetone_dipole,92,1.0000001192092896,0.0,0.5858529689478524,0.5858529689478524,,,,1.0
22,acetone_dipole,93,1.0000001192092896,0.0,0.5858529689478524,0.5858529689478524,,,,1.0
22,acetone_dipole,94,1.0000001192092896,0.0,0.5858529689478524,0.5858529689478524,,,,1.0
22,acetone_dipole,95,1.0000001192092896,0.0,0.5858529689478524,0.5858529689478524,,,,1.0
22,acetone_dipole,96,1.0000001192092896,0.0,0.5858529689478524,0.5858529689478524,,,,1.0
22,acetone_dipole,97,1.0000001192092896,0.0,0.5858529689478524,0.5858529689478524,,,,1.0
22,acetone_dipole,98,1.0000001192092896,0.0,0.5858529689478524,0.5858529689478524,,,,1.0
22,acetone_dipole,99,1.0000001192092896,0.0,0.5858529689478524,0.5858529689478524,,,,1.0
22,acetone_dipole,100,1.0000001192092896,0.0,0.5858529689478524,0.5858529689478524,,,,1.0
22,acetone_dipole,101,1.0000001192092896,0.0,0.5858529689478524,0.5858529689478524,,,,1.0
22,acetone_dipole,102,1.0000001192092896,0.0,0.5858529689478524,0.5858529689478524,,,,1.0
22,acetone_dipole,103,1.0000001192092896,0.0,0.5858529689478524,0.5858529689478524,,,,1.0
22,acetone_dipole,104,1.0000001192092896,0.0,0.5858529689478524,0.5858529689478524,,,,1.0
22,acetone_dipole,105,1.0000001192092896,0.0,0.5858529689478524,0.5858529689478524,,,,1.0
22,acetone_dipole,106,1.0000001192092896,0.0,0.5858529689478524,0.5858529689478524,,,,1.0
22,acetone_dipole,107,1.0000001192092896,0.0,0.5858529689478524,0.5858529689478524,,,,1.0
22,acetone_dipole,108,1.0000001192092896,0.0,0.5858529689478524,0.5858529689478524,,,,1.0
22,acetone_dipole,109,1.0000001192092896,0.0,0.5858529689478524,0.5858529689478524,,,,1.0
22,acetone_dipole,110,1.0000001192092896,0.0,0.5858529689478524,0.5858529689478524,,,,1.0
22,acetone_dipole,111,1.0000001192092896,0.0,0.5858529689478524,0.5858529689478524,,,,1.0
22,acetone_dipole,112,1.0000001192092896,0.0,0.5858529689478524,0.5858529689478524,,,,1.0
22,acetone_dipole,113,1.0000001192092896,0.0,0.5858529689478524,0.5858529689478524,,,,1.0
22,acetone_dipole,114,1.0000001192092896,0.0,0.5858529689478524,0.5858529689478524,,,,1.0
22,acetone_dipole,115,1.0000001192092896,0.0,0.5858529689478524,0.5858529689478524,,,,1.0
22,acetone_dipole,116,1.0000001192092896,0.0,0.5858529689478524,0.5858529689478524,,,,1.0
22,acetone_dipole,117,1.0000001192092896,0.0,0.5858529689478524,0.5858529689478524,,,,1.0
22,acetone_dipole,118,1.0000001192092896,0.0,0.5858529689478524,0.5858529689478524,,,,1.0
22,acetone_dipole,119,1.0000001192092896,0.0,0.5858529689478524,0.5858529689478524,,,,1.0
22,acetone_dipole,120,1.0000001192092896,0.0,0.5858529689478524,0.5858529689478524,,,,1.0
22,acetone_dipole,121,1.0000001192092896,0.0,0.5858529689478524,0.5858529689478524,,,,1.0
22,acetone_dipole,122,1.0000001192092896,0.0,0.5858529689478524,0.5858529689478524,,,,1.0
22,acetone_dipole,123,1.0000001192092896,0.0,0.5858529689478524,0.5858529689478524,,,,1.0
22,acetone_dipole,124,1.0000001192092896,0.0,0.5858529689478524,0.5858529689478524,,,,1.0
22,acetone_dipole,125,1.0000001192092896,0.0,0.5858529689478524,0.5858529689478524,,,,1.0
22,acetone_dipole,126,1.0000001192092896,0.0,0.5858529689478524,0.5858529689478524,,,,1.0
22,acetone_dipole,127,1.0000001192092896,0.0,0.5858529689478524,0.5858529689478524,,,,1.0
22,acetone_dipole,128,1.0000001192092896,0.0,0.5858529689478524,0.5858529689478524,,,,1.0
22,acetone_dipole,129,1.0000001192092896,0.0,0.5858529689478524,0.5858529689478524,,,,1.0
22,acetone_dipole,130,1.0000001192092896,0.0,0.5858529689478524,0.5858529689478524,,,,1.0
22,acetone_dipole,131,1.0000001192092896,0.0,0.5858529689478524,0.5858529689478524,,,,1.0
22,acetone_dipole,132,1.0000001192092896,0.0,0.5858529689478524,0.5858529689478524,,,,1.0
22,acetone_dipole,133,1.0000001192092896,0.0,0.5858529689478524,0.5858529689478524,,,,1.0
22,acetone_dipole,134,1.0000001192092896,0.0,0.5858529689478524,0.5858529689478524,,,,1.0
22,acetone_dipole,135,1.0000001192092896,0.0,0.5858529689478524,0.5858529689478524,,,,1.0
22,acetone_dipole,136,1.0000001192092896,0.0,0.5858529689478524,0.5858529689478524,,,,1.0
22,acetone_dipole,137,1.0000001192092896,0.0,0.5858529689478524,0.5858529689478524,,,,1.0
22,acetone_dipole,138,1.0000001192092896,0.0,0.5858529689478524,0.5858529689478524,,,,1.0
22,acetone_dipole,139,1.0000001192092896,0.0,0.5858529689478524,0.5858529689478524,,,,1.0
22,acetone_dipole,140,1.0000001192092896,0.0,0.5858529689478524,0.5858529689478524,,,,1.0
22,acetone_dipole,141,1.0000001192092896,0.0,0.5858529689478524,0.5858529689478524,,,,1.0
22,acetone_dipole,142,1.0000001192092896,0.0,0.5858529689478524,0.5858529689478524,,,,1.0
22,acetone_dipole,143,1.0000001192092896,0.0,0.5858529689478524,0.5858529689478524,,,,1.0
22,acetone_dipole,144,1.0000001192092896,0.0,0.5858529689478524,0.5858529689478524,,,,1.0
22,acetone_dipole,145,1.0000001192092896,0.0,0.5858529689478524,0.5858529689478524,,,,1.0
22,acetone_dipole,146,1.0000001192092896,0.0,0.5858529689478524,0.5858529689478524,,,,1.0
22,acetone_dipole,147,1.0000001192092896,0.0,0.5858529689478524,0.5858529689478524,,,,1.0
22,acetone_dipole,148,1.0000001192092896,0.0,0.5858529689478524,0.5858529689478524,,,,1.0
22,acetone_dipole,149,1.0000001192092896,0.0,0.5858529689478524,0.5858529689478524,,,,1.0
22,acetone_dipole,150,1.0000001192092896,0.0,0.5858529689478524,0.5858529689478524,,,,1.0
22,acetone_dipole,151,1.0000001192092896,0.0,0.5858529689478524,0.5858529689478524,,,,1.0
22,acetone_dipole,152,1.0000001192092896,0.0,0.5858529689478524,0.5858529689478524,,,,1.0
22,acetone_dipole,153,1.0000001192092896,0.0,0.5858529689478524,0.5858529689478524,,,,1.0
22,acetone_dipole,154,1.0000001192092896,0.0,0.5858529689478524,0.5858529689478524,,,,1.0
22,acetone_dipole,155,1.0000001192092896,0.0,0.5858529689478524,0.5858529689478524,,,,1.0
22,acetone_dipole,156,1.0000001192092896,0.0,0.5858529689478524,0.5858529689478524,,,,1.0
22,acetone_dipole,157,1.0000001192092896,0.0,0.5858529689478524,0.5858529689478524,,,,1.0
22,acetone_dipole,158,1.0000001192092896,0.0,0.5858529689478524,0.5858529689478524,,,,1.0
22,acetone_dipole,159,1.0000001192092896,0.0,0.5858529689478524,0.5858529689478524,,,,1.0
22,acetone_dipole,160,1.0000001192092896,0.0,0.5858529689478524,0.5858529689478524,,,,1.0
22,acetone_dipole,161,1.0000001192092896,0.0,0.5858529689478524,0.5858529689478524,,,,1.0
22,acetone_dipole,162,1.0000001192092896,0.0,0.5858529689478524,0.5858529689478524,,,,1.0
22,acetone_dipole,163,1.0000001192092896,0.0,0.5858529689478524,0.5858529689478524,,,,1.0
22,acetone_dipole,164,1.0000001192092896,0.0,0.5858529689478524,0.5858529689478524,,,,1.0
22,acetone_dipole,165,1.0000001192092896,0.0,0.5858529689478524,0.5858529689478524,,,,1.0
22,acetone_dipole,166,1.0000001192092896,0.0,0.5858529689478524,0.5858529689478524,,,,1.0
22,acetone_dipole,167,1.0000001192092896,0.0,0.5858529689478524,0.5858529689478524,,,,1.0
22,acetone_dipole,168,1.0000001192092896,0.0,0.5858529689478524,0.5858529689478524,,,,1.0
22,acetone_dipole,169,1.0000001192092896,0.0,0.5858529689478524,0.5858529689478524,,,,1.0
22,acetone_dipole,170,1.0000001192092896,0.0,0.5858529689478524,0.5858529689478524,,,,1.0
22,acetone_dipole,171,1.0000001192092896,0.0,0.5858529689478524,0.5858529689478524,,,,1.0
22,acetone_dipole,172,1.0000001192092896,0.0,0.5858529689478524,0.5858529689478524,,,,1.0
22,acetone_dipole,173,1.0000001192092896,0.0,0.5858529689478524,0.5858529689478524,,,,1.0
22,acetone_dipole,174,1.0000001192092896,0.0,0.5858529689478524,0.5858529689478524,,,,1.0
22,acetone_dipole,175,1.0000001192092896,0.0,0.5858529689478524,0.5858529689478524,,,,1.0
22,acetone_dipole,176,1.0000001192092896,0.0,0.5858529689478524,0.5858529689478524,,,,1.0
22,acetone_dipole,177,1.0000001192092896,0.0,0.5858529689478524,0.5858529689478524,,,,1.0
22,acetone_dipole,178,1.0000001192092896,0.0,0.5858529689478524,0.5858529689478524,,,,1.0
22,acetone_dipole,179,1.0000001192092896,0.0,0.5858529689478524,0.5858529689478524,,,,1.0
22,acetone_dipole,180,1.0000001192092896,0.0,0.5858529689478524,0.5858529689478524,,,,1.0
22,acetone_dipole,181,1.0000001192092896,0.0,0.5858529689478524,0.5858529689478524,,,,1.0
22,acetone_dipole,182,1.0000001192092896,0.0,0.5858529689478524,0.5858529689478524,,,,1.0
22,acetone_dipole,183,1.0000001192092896,0.0,0.5858529689478524,0.5858529689478524,,,,1.0
22,acetone_dipole,184,1.0000001192092896,0.0,0.5858529689478524,0.5858529689478524,,,,1.0
22,acetone_dipole,185,1.0000001192092896,0.0,0.5858529689478524,0.5858529689478524,,,,1.0
22,acetone_dipole,186,1.0000001192092896,0.0,0.5858529689478524,0.5858529689478524,,,,1.0
22,acetone_dipole,187,1.0000001192092896,0.0,0.5858529689478524,0.5858529689478524,,,,1.0
22,acetone_dipole,188,1.0000001192092896,0.0,0.5858529689478524,0.5858529689478524,,,,1.0
22,acetone_dipole,189,1.0000001192092896,0.0,0.5858529689478524,0.5858529689478524,,,,1.0
22,acetone_dipole,190,1.0000001192092896,0.0,0.5858529689478524,0.5858529689478524,,,,1.0
22,acetone_dipole,191,1.0000001192092896,0.0,0.5858529689478524,0.5858529689478524,,,,1.0
22,acetone_dipole,192,1.0000001192092896,0.0,0.5858529689478524,0.5858529689478524,,,,1.0
22,acetone_dipole,193,1.0000001192092896,0.0,0.5858529689478524,0.5858529689478524,,,,1.0
22,acetone_dipole,194,1.0000001192092896,0.0,0.5858529689478524,0.5858529689478524,,,,1.0
22,acetone_dipole,195,1.0000001192092896,0.0,0.5858529689478524,0.5858529689478524,,,,1.0
22,acetone_dipole,196,1.0000001192092896,0.0,0.5858529689478524,0.5858529689478524,,,,1.0
22,acetone_dipole,197,1.0000001192092896,0.0,0.5858529689478524,0.5858529689478524,,,,1.0
22,acetone_dipole,198,1.0000001192092896,0.0,0.5858529689478524,0.5858529689478524,,,,1.0
22,acetone_dipole,199,1.0000001192092896,0.0,0.5858529689478524,0.5858529689478524,,,,1.0
22,acetone_dipole,200,1.0000001192092896,0.0,0.5858529689478524,0.5858529689478524,,,,1.0
22,acetone_dipole,201,1.0000001192092896,0.0,0.5858529689478524,0.5858529689478524,,,,1.0
22,acetone_dipole,202,1.0000001192092896,0.0,0.5858529689478524,0.5858529689478524,,,,1.0
22,acetone_dipole,203,1.0000001192092896,0.0,0.5858529689478524,0.5858529689478524,,,,1.0
22,acetone_dipole,204,1.0000001192092896,0.0,0.5858529689478524,0.5858529689478524,,,,1.0
22,acetone_dipole,205,1.0000001192092896,0.0,0.5858529689478524,0.5858529689478524,,,,1.0
22,acetone_dipole,206,1.0000001192092896,0.0,0.5858529689478524,0.5858529689478524,,,,1.0
22,acetone_dipole,207,1.0000001192092896,0.0,0.5858529689478524,0.5858529689478524,,,,1.0
22,acetone_dipole,208,1.0000001192092896,0.0,0.5858529689478524,0.5858529689478524,,,,1.0
22,acetone_dipole,209,1.0000001192092896,0.0,0.5858529689478524,0.5858529689478524,,,,1.0
22,acetone_dipole,210,1.0000001192092896,0.0,0.5858529689478524,0.5858529689478524,,,,1.0
22,acetone_dipole,211,1.0000001192092896,0.0,0.5858529689478524,0.5858529689478524,,,,1.0
22,acetone_dipole,212,1.0000001192092896,0.0,0.5858529689478524,0.5858529689478524,,,,1.0
22,acetone_dipole,213,1.0000001192092896,0.0,0.5858529689478524,0.5858529689478524,,,,1.0
22,acetone_dipole,214,1.0000001192092896,0.0,0.5858529689478524,0.5858529689478524,,,,1.0
22,acetone_dipole,215,1.0000001192092896,0.0,0.5858529689478524,0.5858529689478524,,,,1.0
22,acetone_dipole,216,1.0000001192092896,0.0,0.5858529689478524,0.5858529689478524,,,,1.0
22,acetone_dipole,217,1.0000001192092896,0.0,0.5858529689478524,0.5858529689478524,,,,1.0
22,acetone_dipole,218,1.0000001192092896,0.0,0.5858529689478524,0.5858529689478524,,,,1.0
22,acetone_dipole,219,1.0000001192092896,0.0,0.5858529689478524,0.5858529689478524,,,,1.0
22,acetone_dipole,220,1.0000001192092896,0.0,0.5858529689478524,0.5858529689478524,,,,1.0
22,acetone_dipole,221,1.0000001192092896,0.0,0.5858529689478524,0.5858529689478524,,,,1.0
22,acetone_dipole,222,1.0000001192092896,0.0,0.5858529689478524,0.5858529689478524,,,,1.0
22,acetone_dipole,223,1.0000001192092896,0.0,0.5858529689478524,0.5858529689478524,,,,1.0
22,acetone_dipole,224,1.0000001192092896,0.0,0.5858529689478524,0.5858529689478524,,,,1.0
22,acetone_dipole,225,1.0000001192092896,0.0,0.5858529689478524,0.5858529689478524,,,,1.0
22,acetone_dipole,226,1.0000001192092896,0.0,0.5858529689478524,0.5858529689478524,,,,1.0
22,acetone_dipole,227,1.0000001192092896,0.0,0.5858529689478524,0.5858529689478524,,,,1.0
22,acetone_dipole,228,1.0000001192092896,0.0,0.5858529689478524,0.5858529689478524,,,,1.0
22,acetone_dipole,229,1.0000001192092896,0.0,0.5858529689478524,0.5858529689478524,,,,1.0
22,acetone_dipole,230,1.0000001192092896,0.0,0.5858529689478524,0.5858529689478524,,,,1.0
22,acetone_dipole,231,1.0000001192092896,0.0,0.5858529689478524,0.5858529689478524,,,,1.0
22,acetone_dipole,232,1.0000001192092896,0.0,0.5858529689478524,0.5858529689478524,,,,1.0
22,acetone_dipole,233,1.0000001192092896,0.0,0.5858529689478524,0.5858529689478524,,,,1.0
22,acetone_dipole,234,1.0000001192092896,0.0,0.5858529689478524,0.5858529689478524,,,,1.0
22,acetone_dipole,235,1.0000001192092896,0.0,0.5858529689478524,0.5858529689478524,,,,1.0
22,acetone_dipole,236,1.0000001192092896,0.0,0.5858529689478524,0.5858529689478524,,,,1.0
22,acetone_dipole,237,1.0000001192092896,0.0,0.5858529689478524,0.5858529689478524,,,,1.0
22,acetone_dipole,238,1.0000001192092896,0.0,0.5858529689478524,0.5858529689478524,,,,1.0
22,acetone_dipole,239,1.0000001192092896,0.0,0.5858529689478524,0.5858529689478524,,,,1.0
22,acetone_dipole,240,1.0000001192092896,0.0,0.5858529689478524,0.5858529689478524,,,,1.0
22,acetone_dipole,241,1.0000001192092896,0.0,0.5858529689478524,0.5858529689478524,,,,1.0
22,acetone_dipole,242,1.0000001192092896,0.0,0.5858529689478524,0.5858529689478524,,,,1.0
22,acetone_dipole,243,1.0000001192092896,0.0,0.5858529689478524,0.5858529689478524,,,,1.0
22,acetone_dipole,244,1.0000001192092896,0.0,0.5858529689478524,0.5858529689478524,,,,1.0
22,acetone_dipole,245,1.0000001192092896,0.0,0.5858529689478524,0.5858529689478524,,,,1.0
22,acetone_dipole,246,1.0000001192092896,0.0,0.5858529689478524,0.5858529689478524,,,,1.0
22,acetone_dipole,247,1.0000001192092896,0.0,0.5858529689478524,0.5858529689478524,,,,1.0
22,acetone_dipole,248,1.0000001192092896,0.0,0.5858529689478524,0.5858529689478524,,,,1.0
22,acetone_dipole,249,1.0000001192092896,0.0,0.5858529689478524,0.5858529689478524,,,,1.0
22,octanol_gsolv_eV,0,0.3365321159362793,0.04831699654459953,0.6449952336950522,0.9286524385476989,10.843371391296387,0.5681496262550354,0.05239603124827673,0.44
22,octanol_gsolv_eV,1,0.11530546844005585,0.049082934856414795,0.6472235373316273,0.9740210733805144,10.86507797241211,0.007741555571556091,0.0007125172586163615,0.12
22,octanol_gsolv_eV,2,0.19524125754833221,0.014177449978888035,0.6573373962075018,0.9749775831484997,3.0555803775787354,0.21691808104515076,0.07099079527963138,0.12
22,octanol_gsolv_eV,3,0.2913516163825989,0.04042911157011986,0.6507835514933595,0.9066997647575337,9.140427589416504,0.8611462116241455,0.09421290231774795,0.22
22,octanol_gsolv_eV,4,0.36818769574165344,0.04655244201421738,0.64844568020839,0.9292969056958102,10.55548095703125,1.3942840099334717,0.13209099761623908,0.52
22,octanol_gsolv_eV,5,0.15282507240772247,0.04824761673808098,0.6441718777889134,0.945531448153965,10.576666831970215,0.09185460209846497,0.008684645508622336,0.12
22,octanol_gsolv_eV,6,0.27135342359542847,0.03512571379542351,0.6489387543627738,0.9144739765837429,7.770820140838623,0.5979903936386108,0.07695331802829193,0.22
22,octanol_gsolv_eV,7,0.2903940677642822,0.040383126586675644,0.6490662654266595,0.9343346575092788,9.080788612365723,0.37060627341270447,0.04081212428048739,0.26
22,octanol_gsolv_eV,8,0.44436314702033997,0.03780966252088547,0.6526197135433855,0.9247297608086193,8.693870544433594,1.0148897171020508,0.11673623524931045,0.44
22,octanol_gsolv_eV,9,0.43345654010772705,0.034773290157318115,0.658868588694044,0.9256857152903954,7.809037685394287,1.1098904609680176,0.14212896718937756,0.4
22,octanol_gsolv_eV,10,0.12793076038360596,0.043490469455718994,0.6436900712975011,0.9641861033690724,9.642783164978027,0.009207685478031635,0.0009548784122278474,0.1
22,octanol_gsolv_eV,11,0.09844060242176056,0.04098565876483917,0.6411199651559076,0.9349841841370627,9.047685623168945,0.1182621493935585,0.013070983488939713,0.06
22,octanol_gsolv_eV,12,0.28084760904312134,0.04573536291718483,0.6276135017356987,0.9240704243236681,9.978095054626465,0.4448586404323578,0.04458352400903354,0.26
22,octanol_gsolv_eV,13,0.13673488795757294,0.04641672968864441,0.6437283220962435,0.9732374841187073,10.153520584106445,0.00928775779902935,0.0009147327493054681,0.12
22,octanol_gsolv_eV,14,0.2182793915271759,0.025721611455082893,0.6562258000493524,0.9693553459919904,5.590956687927246,0.10205952078104019,0.018254393027479714,0.18
22,octanol_gsolv_eV,15,0.1610863357782364,0.04992207512259483,0.6461660322942782,0.924540176587983,11.138388633728027,0.258498877286911,0.023207924035273244,0.04
22,octanol_gsolv_eV,16,0.1354350596666336,0.03602704033255577,0.6513361524149728,0.9509452256272672,7.990628719329834,0.021534401923418045,0.0026949571403968465,0.1
22,octanol_gsolv_eV,17,0.17129698395729065,0.04406765475869179,0.6305015896988264,0.9691159484523895,9.575875282287598,0.052549101412296295,0.005487655160828572,0.14
22,octanol_gsolv_eV,18,0.16971972584724426,0.04420232027769089,0.6449129361803383,0.9507633643416546,9.794485092163086,0.055004775524139404,0.005615892515692394,0.16
22,octanol_gsolv_eV,19,0.17929178476333618,0.04762721434235573,0.6453361527957016,0.9324704937105432,10.586803436279297,0.1970779150724411,0.018615431585051096,0.06
22,octanol_gsolv_eV,20,0.432043194770813,0.03322172537446022,0.6583931517317112,0.9209852981591016,7.427400588989258,1.489226222038269,0.20050436275727082,0.3
22,octanol_gsolv_eV,21,0.2043614685535431,0.04292985051870346,0.6486201905484736,0.9452418312002404,9.533843040466309,0.31802481412887573,0.03335746275442362,0.1
22,octanol_gsolv_eV,22,0.1341085582971573,0.04957396164536476,0.6423224878381866,0.9725207895028556,10.886845588684082,0.006951635703444481,0.0006385353449552086,0.14
22,octanol_gsolv_eV,23,0.1246003583073616,0.029946036636829376,0.6489218572215578,0.9301358709375105,6.6362624168396,0.1580754816532135,0.023819956433925062,0.12
22,octanol_gsolv_eV,24,0.2023397982120514,0.03456609696149826,0.6559863369565178,0.9694494073537081,7.547601699829102,0.17128746211528778,0.02269429004436816,0.2
22,octanol_gsolv_eV,25,0.0979250967502594,0.03096194937825203,0.6508326396332309,0.9663979276205117,6.729405403137207,0.03422032669186592,0.005085193214234443,0.02
22,octanol_gsolv_eV,26,0.1995876580476761,0.036752279847860336,0.6507871434058283,0.9705542456879537,8.007885932922363,0.0332004576921463,0.004145970356002595,0.14
22,octanol_gsolv_eV,27,0.11777490377426147,0.04233504831790924,0.6466168492780056,0.9621667171204065,9.395374298095703,0.015265430323779583,0.0016247814977284778,0.1
22,octanol_gsolv_eV,28,0.3223665952682495,0.046549923717975616,0.6428470605481744,0.9442222771718327,10.235437393188477,0.4123171865940094,0.040283299164958014,0.4
22,octanol_gsolv_eV,29,0.20103493332862854,0.009038261137902737,0.655259097642177,0.9463862361910882,1.8750334978103638,0.15001502633094788,0.08000658468562465,0.1
22,octanol_gsolv_eV,30,0.10174480080604553,0.04874328151345253,0.6478721961582861,0.9425453391147729,10.805771827697754,0.053486429154872894,0.004949801828849884,0.04
22,octanol_gsolv_eV,31,0.07168055325746536,0.05928190425038338,0.6327898775724103,0.9692316451985878,12.446525573730469,0.01179466675966978,0.0009476272466400989,0.04
22,octanol_gsolv_eV,32,0.1428351104259491,0.04805464670062065,0.6392773121758792,0.9744413117783965,10.268707275390625,0.007385216187685728,0.0007191962911811401,0.1
22,octanol_gsolv_eV,33,0.28288406133651733,0.04544020816683769,0.646814081719197,0.9005540296357919,10.17242431640625,0.45896410942077637,0.04511845899708997,0.26
22,octanol_gsolv_eV,34,0.11777419596910477,0.03962065652012825,0.6502644341570782,0.96544707282469,8.806631088256836,0.017100507393479347,0.001941776284495662,0.1
22,octanol_gsolv_eV,35,0.09572742879390717,0.028447499498724937,0.652641252191628,0.933046061897717,6.167997360229492,0.045633215457201004,0.0073983844013031696,0.06
22,octanol_gsolv_eV,36,0.21899355947971344,0.02459665574133396,0.6509941834963955,0.8989891952924893,5.342673301696777,0.6255064606666565,0.1170774302198119,0.1
22,octanol_gsolv_eV,37,0.049513496458530426,0.048043109476566315,0.6370614645363344,0.9483773553703891,10.29571533203125,0.037784118205308914,0.003669887617012664,0.06
22,octanol_gsolv_eV,38,0.36132314801216125,0.04694630950689316,0.6443003814573878,0.9159210580806674,10.372591972351074,1.3529763221740723,0.13043763080438647,0.42
22,octanol_gsolv_eV,39,0.174659863114357,0.045467179268598557,0.6474926981718729,0.9776646902392581,10.137752532958984,0.007902163080871105,0.0007794787903117852,0.18
22,octanol_gsolv_eV,40,0.14197462797164917,0.043514981865882874,0.6481177255301185,0.9703144873408833,9.7040433883667,0.026253558695316315,0.0027054247023245315,0.12
22,octanol_gsolv_eV,41,0.15256544947624207,0.04467717185616493,0.6429755572683558,0.973307794408097,9.849565505981445,0.008075527846813202,0.0008198867089019403,0.14
22,octanol_gsolv_eV,42,0.19736813008785248,0.045335836708545685,0.6479452170264008,0.9514859776292637,10.094352722167969,0.12493859231472015,0.012377078130066277,0.12
22,octanol_gsolv_eV,43,0.4188416004180908,0.0399148054420948,0.6543170008720283,0.9294004505328075,9.065524101257324,1.5263564586639404,0.16836935643381562,0.42
22,octanol_gsolv_eV,44,0.3572639524936676,0.04545780271291733,0.6513912208149175,0.9307295986979678,10.34979248046875,1.4039340019226074,0.13564851706659747,0.32
22,octanol_gsolv_eV,45,0.17796994745731354,0.04361124709248543,0.6480369395478531,0.9680448918436162,9.671915054321289,0.011872577480971813,0.001227531198763713,0.12
22,octanol_gsolv_eV,46,0.3953149616718292,0.030219150707125664,0.6567056527219122,0.918392099045982,6.671222686767578,0.9611703157424927,0.1440770846473138,0.42
22,octanol_gsolv_eV,47,0.0921752005815506,0.05388682335615158,0.6352867683498105,0.9653111633093125,11.349913597106934,0.00833076797425747,0.0007339939553708112,0.12
22,octanol_gsolv_eV,48,0.1673605740070343,0.05007218196988106,0.6424722145997261,0.9592423481161156,10.995065689086914,0.06855805218219757,0.00623534721127173,0.14
22,octanol_gsolv_eV,49,0.09685094654560089,0.04196795076131821,0.648449106834956,0.9635647406481891,9.342926979064941,0.0059217181988060474,0.0006338183111218863,0.1
22,octanol_gsolv_eV,50,0.20994022488594055,0.018468806520104408,0.6559797833125196,0.9589559711466202,3.9704577922821045,0.19263610243797302,0.048517353039849685,0.16
22,octanol_gsolv_eV,51,0.07730787247419357,0.06374207139015198,0.6374615135921129,0.9519133265590445,13.889054298400879,0.008847021497786045,0.0006369779617612014,0.02
22,octanol_gsolv_eV,52,0.21941958367824554,0.040076710283756256,0.6471667856875949,0.9005284171884735,8.992111206054688,0.7173797488212585,0.07977878969492981,0.16
22,octanol_gsolv_eV,53,0.11980414390563965,0.044136691838502884,0.6501983581131217,0.9624811352169891,9.799407958984375,0.008505449630320072,0.0008679554587297323,0.18
22,octanol_gsolv_eV,54,0.095435231924057,0.04524899274110794,0.6344055882381787,0.9758627656395984,9.736852645874023,0.01527778897434473,0.001569068520392847,0.08
22,octanol_gsolv_eV,55,0.0641973614692688,0.05059115216135979,0.6472853373770193,0.9716268915493258,11.262879371643066,0.010605277493596077,0.0009416133427032295,0.04
22,octanol_gsolv_eV,56,0.16425536572933197,0.0366051010787487,0.6526248141661519,0.970659737489872,8.038783073425293,0.007401314564049244,0.0009207008693289161,0.16
22,octanol_gsolv_eV,57,0.1435549408197403,0.05558096244931221,0.6380945844633668,0.9315444548017795,12.079421997070312,0.37694892287254333,0.031205874168810956,0.06
22,octanol_gsolv_eV,58,0.11447060108184814,0.04247724264860153,0.6476934171398125,0.9689390890565241,9.413290977478027,0.007616054732352495,0.0008090746106302728,0.1
22,octanol_gsolv_eV,59,0.1486150622367859,0.0618925616145134,0.6416388840891614,0.9498090426114889,13.487587928771973,0.2786731719970703,0.020661453587457215,0.14
22,octanol_gsolv_eV,60,0.13692018389701843,0.06666112691164017,0.6415803878534718,0.9709232361147502,14.654597282409668,0.01235475018620491,0.0008430630980924102,0.14
22,octanol_gsolv_eV,61,0.11928411573171616,0.026139656081795692,0.6560678099722634,0.9596194822427382,5.689915657043457,0.02409517392516136,0.004234715482176669,0.12
22,octanol_gsolv_eV,62,0.13067570328712463,0.05189986899495125,0.6409412046262153,0.9693168110140726,11.354010581970215,0.006302822381258011,0.0005551185931838641,0.12
22,octanol_gsolv_eV,63,0.3265213072299957,0.03681010380387306,0.6540908501383731,0.9422657142513657,8.275629997253418,0.6655182838439941,0.08041904774196909,0.14
22,octanol_gsolv_eV,64,0.19486966729164124,0.04435670003294945,0.6475082933025844,0.909378647764068,9.911011695861816,0.5082040429115295,0.0512767070110231,0.14
22,octanol_gsolv_eV,65,0.16576188802719116,0.037287045270204544,0.6489787538383311,0.9197232681833429,8.319575309753418,0.28079861402511597,0.03375155624781988,0.08
22,octanol_gsolv_eV,66,0.16232745349407196,0.0398532897233963,0.6421298197751162,0.9418338385825225,8.649142265319824,0.19803234934806824,0.0228961836067967,0.16
22,octanol_gsolv_eV,67,0.19520075619220734,0.054191432893276215,0.6392362518871022,0.9650076620432102,11.78975772857666,0.10565134882926941,0.008961282433580962,0.14
22,octanol_gsolv_eV,68,0.26445886492729187,0.04480837658047676,0.644716963069532,0.928639848780834,9.862497329711914,0.7997991442680359,0.08109499222459086,0.22
22,octanol_gsolv_eV,69,0.1370723843574524,0.043282561004161835,0.64638964011083,0.9461370746978468,9.554031372070312,0.07441843301057816,0.007789217986883378,0.1
22,octanol_gsolv_eV,70,0.11232985556125641,0.04639584943652153,0.6454171264350368,0.961462006819843,10.268403053283691,0.011048918589949608,0.0010760113848877716,0.1
22,octanol_gsolv_eV,71,0.3035774827003479,0.04419441521167755,0.6419024426978013,0.9193158895954292,9.836787223815918,0.5664743781089783,0.05758733672082313,0.38
22,octanol_gsolv_eV,72,0.2688591778278351,0.043405815958976746,0.6461820121058088,0.9303478624589863,9.741101264953613,0.5889326930046082,0.06045853307402329,0.3
22,octanol_gsolv_eV,73,0.056751083582639694,0.0455709807574749,0.6486663669931059,0.9718292730320173,10.11567497253418,0.005651276092976332,0.0005586652505463581,0.04
22,octanol_gsolv_eV,74,0.09754928946495056,0.040434353053569794,0.6503979763194838,0.9625461960188835,8.976554870605469,0.015698155388236046,0.0017487951240225867,0.06
22,octanol_gsolv_eV,75,0.24220725893974304,0.01785300485789776,0.6563291145657766,0.9710968642080573,3.855295181274414,0.1692303568124771,0.04389556411515447,0.2
22,octanol_gsolv_eV,76,0.29827409982681274,0.04014994204044342,0.6484588407115717,0.9219927095777536,9.149176597595215,0.5534023642539978,0.060486575852023126,0.22
22,octanol_gsolv_eV,77,0.17202632129192352,0.04307069256901741,0.6476796182263282,0.9615740749564616,9.601719856262207,0.03198675811290741,0.0033313571518175217,0.12
22,octanol_gsolv_eV,78,0.029445266351103783,0.0707373097538948,0.6208064266411688,0.9772734563606045,14.175801277160645,0.009443833492696285,0.0006661939814232389,0.0
22,octanol_gsolv_eV,79,0.1201203241944313,0.048703353852033615,0.6423058726952888,0.950369241596901,10.664986610412598,0.022675057873129845,0.0021261215509629796,0.12
22,octanol_gsolv_eV,80,0.12909923493862152,0.06262852996587753,0.6384290270116715,0.9673830763284565,13.581247329711914,0.014737621881067753,0.0010851449445903264,0.18
22,octanol_gsolv_eV,81,0.11641580611467361,0.0396420955657959,0.6487238723831852,0.9709171337830746,8.819769859313965,0.007822246290743351,0.0008868991385849829,0.1
22,octanol_gsolv_eV,82,0.07302549481391907,0.04228934645652771,0.6452667869908444,0.9698361146816821,9.307002067565918,0.005707543808966875,0.0006132526636968485,0.02
22,octanol_gsolv_eV,83,0.4644649028778076,0.022535676136612892,0.6599778039530466,0.9133836757287896,4.93144416809082,1.3533047437667847,0.2744236166199381,0.28
22,octanol_gsolv_eV,84,0.15816336870193481,0.03303183242678642,0.6552814902759423,0.97548031988909,7.197774410247803,0.06450778990983963,0.008962185563637133,0.12
22,octanol_gsolv_eV,85,0.11209176480770111,0.04257882758975029,0.6465558309526915,0.9462287369433655,9.451530456542969,0.03160197287797928,0.003343582610592163,0.1
22,octanol_gsolv_eV,86,0.24801716208457947,0.048199765384197235,0.6445449061575763,0.9265876153454586,10.670927047729492,0.8577850461006165,0.08038524134443706,0.4
22,octanol_gsolv_eV,87,0.17867623269557953,0.026159243658185005,0.6540575484497497,0.9572975969588924,5.682132244110107,0.08088217675685883,0.014234476299051006,0.18
22,octanol_gsolv_eV,88,0.09532490372657776,0.04886207357048988,0.6418038713465188,0.966474362191353,10.642045021057129,0.00794520229101181,0.000746586043875106,0.04
22,octanol_gsolv_eV,89,0.14501792192459106,0.036034125834703445,0.6442530423786088,0.8967030931809339,7.990759372711182,0.5022032260894775,0.06284799762642398,0.02
22,octanol_gsolv_eV,90,0.270935982465744,0.04099736362695694,0.647963416077995,0.9164134254268057,9.237067222595215,0.5907645225524902,0.06395585398657638,0.28
22,octanol_gsolv_eV,91,0.2689657509326935,0.03306494653224945,0.6535532185432786,0.9483513069395544,7.290984630584717,0.1878514140844345,0.02576488960029111,0.28
22,octanol_gsolv_eV,92,0.30538201332092285,0.03301568701863289,0.6575100166011656,0.9517408814264552,7.272233963012695,0.714438796043396,0.09824199821913084,0.34
22,octanol_gsolv_eV,93,0.30675986409187317,0.05807013437151909,0.6369233937922698,0.9373943775160107,12.60932731628418,0.7748202681541443,0.061448184246396004,0.36
22,octanol_gsolv_eV,94,0.17148658633232117,0.045523323118686676,0.6442100606853449,0.9379354670663198,10.080971717834473,0.1288464218378067,0.01278115100847487,0.16
22,octanol_gsolv_eV,95,0.16341303288936615,0.06873632967472076,0.6329060570279206,0.9740814808224423,14.534278869628906,0.025577764958143234,0.0017598234620082181,0.12
22,octanol_gsolv_eV,96,0.14852412045001984,0.036081161350011826,0.6556192120538975,0.9744771068658586,7.8574018478393555,0.018213709816336632,0.0023180321140562608,0.2
22,octanol_gsolv_eV,97,0.07463663816452026,0.02928214706480503,0.6540587750030542,0.9608720769970902,6.3494110107421875,0.03553861379623413,0.005597151253259315,0.1
22,octanol_gsolv_eV,98,0.11553362011909485,0.0494069941341877,0.6389031173456745,0.9436501118293601,10.70743179321289,0.07340864092111588,0.006855858840739694,0.12
22,octanol_gsolv_eV,99,0.3474839925765991,0.04132230952382088,0.6512899443410205,0.9278627039611937,9.350582122802734,1.0109773874282837,0.10811919238299297,0.42
22,octanol_gsolv_eV,100,0.2518541216850281,0.04142080992460251,0.6478882568404007,0.9146029528683917,9.323034286499023,0.39455538988113403,0.042320491135863565,0.2
22,octanol_gsolv_eV,101,0.3532066345214844,0.03227022662758827,0.6536503890042706,0.9070904825893147,7.243863582611084,0.8160808682441711,0.11265823257676687,0.16
22,octanol_gsolv_eV,102,0.10254961997270584,0.04745117574930191,0.6391873119915155,0.9653163187313338,10.35814094543457,0.009338469244539738,0.0009015584257574463,0.12
22,octanol_gsolv_eV,103,0.048155345022678375,0.0486220084130764,0.6457596886906474,0.9729152883261027,10.719640731811523,0.03342834487557411,0.0031184202635049525,0.04
22,octanol_gsolv_eV,104,0.47648096084594727,0.044899120926856995,0.6485735565192441,0.9151648657163807,10.237832069396973,1.6318910121917725,0.15939810314625466,0.32
22,octanol_gsolv_eV,105,0.11143972724676132,0.02960996702313423,0.6496220173538629,0.9282234018580278,6.548950672149658,0.24640631675720215,0.03762531267872882,0.02
22,octanol_gsolv_eV,106,0.29835471510887146,0.042844515293836594,0.6461902930611283,0.9210453017653681,9.489629745483398,0.6926570534706116,0.07299094612203207,0.32
22,octanol_gsolv_eV,107,0.1925238072872162,0.050397805869579315,0.6477289407318971,0.9247117714156767,11.327224731445312,0.3682926297187805,0.032513933328820584,0.14
22,octanol_gsolv_eV,108,0.2682977318763733,0.04953410476446152,0.648092571615505,0.9175874935387422,11.289459228515625,0.8326174020767212,0.07375175242881819,0.18
22,octanol_gsolv_eV,109,0.1421906054019928,0.0438394770026207,0.6482638099328661,0.9569332358064988,9.717780113220215,0.01977207325398922,0.002034628590442275,0.12
22,octanol_gsolv_eV,110,0.1483994871377945,0.04667213186621666,0.6460062002586977,0.9688174067794006,10.35761547088623,0.015602233819663525,0.0015063538382477282,0.14
22,octanol_gsolv_eV,111,0.1381656378507614,0.045465137809515,0.6485540628499911,0.966261170465825,10.135167121887207,0.009435746818780899,0.0009309907478885189,0.12
22,octanol_gsolv_eV,112,0.2613811492919922,0.04249444603919983,0.650523156978694,0.9507270528685823,9.525059700012207,0.291238009929657,0.0305759773798881,0.32
22,octanol_gsolv_eV,113,0.14633868634700775,0.0455799363553524,0.6464553022498705,0.958191615302076,10.13046646118164,0.018946301192045212,0.00187022989164857,0.12
22,octanol_gsolv_eV,114,0.12409891933202744,0.022758888080716133,0.652335399615614,0.9718810004844667,4.908690929412842,0.11564940214157104,0.023560131164217457,0.08
22,octanol_gsolv_eV,115,0.11073965579271317,0.028409408405423164,0.650425093114813,0.9530108917007238,6.247882843017578,0.06600597500801086,0.010564534685821919,0.02
22,octanol_gsolv_eV,116,0.32935693860054016,0.02301853895187378,0.6534362762493129,0.9296998996485315,4.893139362335205,0.7047975063323975,0.1440378975832071,0.2
22,octanol_gsolv_eV,117,0.1074133962392807,0.04665082320570946,0.6452858564315411,0.9516391814665823,10.33359432220459,0.014458144083619118,0.001399139895839707,0.16
22,octanol_gsolv_eV,118,0.1644158959388733,0.04008126258850098,0.6487495673270309,0.9506195074380515,8.924949645996094,0.08828726410865784,0.009892186243119615,0.12
22,octanol_gsolv_eV,119,0.04816634953022003,0.04517824947834015,0.648672073173284,0.9620944065728454,10.071478843688965,0.006261997856199741,0.0006217555488510669,0.04
22,octanol_gsolv_eV,120,0.13360334932804108,0.045135241001844406,0.6477920069849585,0.9615025864899596,10.017333030700684,0.012036333791911602,0.001201550727626123,0.14
22,octanol_gsolv_eV,121,0.052657827734947205,0.033638082444667816,0.6505504499322794,0.9662565234076694,7.420910358428955,0.016426511108875275,0.0022135439340292547,0.06
22,octanol_gsolv_eV,122,0.05810564011335373,0.05593763664364815,0.6243884352771814,0.9657422598158614,11.861811637878418,0.012951635755598545,0.0010918767007090202,0.06
22,octanol_gsolv_eV,123,0.2050497829914093,0.06785392016172409,0.6340400833226121,0.964031282139381,14.720498085021973,0.14665858447551727,0.009962881937041356,0.26
22,octanol_gsolv_eV,124,0.0742955431342125,0.04027825966477394,0.64789456786534,0.9518475234582897,8.960890769958496,0.1216568872332573,0.013576427874906545,0.06
22,octanol_gsolv_eV,125,0.13264994323253632,0.042718030512332916,0.643530454609675,0.9496858703782807,9.335960388183594,0.09351233392953873,0.010016359329019444,0.14
22,octanol_gsolv_eV,126,0.14318881928920746,0.04110515117645264,0.6484835963906885,0.97120019167913,9.099702835083008,0.00510709173977375,0.0005612371999757905,0.12
22,octanol_gsolv_eV,127,0.08123940229415894,0.04057205095887184,0.6501458078149664,0.9573785938309511,8.995718002319336,0.046022869646549225,0.005116086301803069,0.06
22,octanol_gsolv_eV,128,0.2165435552597046,0.056207023561000824,0.6399999455795777,0.9482591928124229,12.360542297363281,0.21756905317306519,0.017601901918128337,0.16
22,octanol_gsolv_eV,129,0.23371362686157227,0.045882731676101685,0.6448783800500621,0.9285306720804116,10.223897933959961,0.3244855999946594,0.031737953771705775,0.18
22,octanol_gsolv_eV,130,0.12095445394515991,0.027051938697695732,0.6548054158192158,0.9583212074745486,5.837493896484375,0.01783899776637554,0.0030559342900759283,0.12
22,octanol_gsolv_eV,131,0.10913949459791183,0.0483526773750782,0.6410502443049053,0.9687630556327202,10.513275146484375,0.007035516668111086,0.0006692031331895421,0.14
22,octanol_gsolv_eV,132,0.3956449031829834,0.06368434429168701,0.6352992336316776,0.9240183351699538,13.90918254852295,1.4486490488052368,0.10415055261166821,0.42
22,octanol_gsolv_eV,133,0.14025214314460754,0.044013604521751404,0.6445381562258892,0.9718949906434544,9.75993824005127,0.015452304854989052,0.0015832379749677473,0.18
22,octanol_gsolv_eV,134,0.21721620857715607,0.019013991579413414,0.658083738734933,0.9730463658636173,4.189107418060303,0.07016745209693909,0.016749976807572287,0.24
22,octanol_gsolv_eV,135,0.11803745478391647,0.044573817402124405,0.6466221370154286,0.9581676655122642,9.903470993041992,0.008117001503705978,0.0008196117815065893,0.14
22,octanol_gsolv_eV,136,0.25235849618911743,0.0455862395465374,0.6389591675219679,0.9301332489386342,10.092638969421387,0.5990022420883179,0.05935040814430904,0.22
22,octanol_gsolv_eV,137,0.07428394258022308,0.023148521780967712,0.6490264906202003,0.9585997716227268,4.941429138183594,0.026801524683833122,0.0054238407420904595,0.08
22,octanol_gsolv_eV,138,0.17894339561462402,0.052515339106321335,0.6439104654580143,0.9686961587310678,11.607337951660156,0.006244829390197992,0.0005380070276410637,0.1
22,octanol_gsolv_eV,139,0.18976639211177826,0.023018255829811096,0.6543424952925263,0.9610426032615791,4.9784040451049805,0.08497292548418045,0.0170683063717438,0.18
22,octanol_gsolv_eV,140,0.4657179117202759,0.02958284318447113,0.6605789567971758,0.9296680301150688,6.604348659515381,1.8271253108978271,0.2766548837886308,0.4
22,octanol_gsolv_eV,141,0.06094878539443016,0.036836665123701096,0.6485260358097336,0.9569733242398446,8.161935806274414,0.025596600025892258,0.0031360942591848254,0.02
22,octanol_gsolv_eV,142,0.09445682168006897,0.04603804275393486,0.6432194667330495,0.9413545579803566,10.139646530151367,0.04163762181997299,0.004106417486660792,0.06
22,octanol_gsolv_eV,143,0.1906149983406067,0.05242595821619034,0.6421358755035937,0.9465875251540812,11.56558609008789,0.1309729367494583,0.011324366593207643,0.18
22,octanol_gsolv_eV,144,0.10966358333826065,0.041020963340997696,0.6461515976012129,0.9064795446056289,9.116801261901855,0.48375508189201355,0.053061931262401725,0.04
22,octanol_gsolv_eV,145,0.28039810061454773,0.03878328576683998,0.6478928935855779,0.9281911193213566,8.707852363586426,0.48918527364730835,0.05617748822808842,0.22
22,octanol_gsolv_eV,146,0.29309168457984924,0.040726661682128906,0.6495865853504454,0.9283499839801477,9.201294898986816,0.7866475582122803,0.08549313622139211,0.28
22,octanol_gsolv_eV,147,0.3859688639640808,0.04040151089429855,0.6540922127246311,0.9426102427469538,9.132601737976074,1.3142236471176147,0.14390462705196944,0.28
22,octanol_gsolv_eV,148,0.16743631660938263,0.05164165794849396,0.6444018149209938,0.9603675848117781,11.388344764709473,0.03528125584125519,0.0030980143796301065,0.14
22,octanol_gsolv_eV,149,0.3211743235588074,0.044568948447704315,0.6491702046824708,0.9403105007591823,10.035049438476562,0.892065167427063,0.08889494495230797,0.38
22,octanol_gsolv_eV,150,0.05325404554605484,0.033375926315784454,0.6484620153593974,0.9640975771334173,7.389560699462891,0.01357610709965229,0.0018372008366666598,0.04
22,octanol_gsolv_eV,151,0.09349095076322556,0.04400555416941643,0.6467853354023039,0.9551659925153388,9.761308670043945,0.021863173693418503,0.0022397789510041253,0.04
22,octanol_gsolv_eV,152,0.20442824065685272,0.02097102254629135,0.6550417055410258,0.9361254810804993,4.57149076461792,0.1342889815568924,0.029375315071453748,0.14
22,octanol_gsolv_eV,153,0.3242442309856415,0.03857596963644028,0.6495463794694509,0.9184227925299635,8.762117385864258,0.636813223361969,0.07267800639025067,0.22
22,octanol_gsolv_eV,154,0.3033676743507385,0.0453680083155632,0.6398511366199062,0.927567030759928,10.203716278076172,0.5711698532104492,0.055976649844495546,0.2
22,octanol_gsolv_eV,155,0.2904125452041626,0.042983174324035645,0.6474163596086642,0.9183783652196396,9.69587516784668,0.47436556220054626,0.04892447086918265,0.4
22,octanol_gsolv_eV,156,0.24550068378448486,0.024942537769675255,0.6547654951922599,0.9606887998682223,5.402132034301758,0.18523231148719788,0.03428874198391186,0.2
22,octanol_gsolv_eV,157,0.2546336352825165,0.047906920313835144,0.6435510378876932,0.9366040067930674,10.594409942626953,0.40543726086616516,0.03826897987351567,0.38
22,octanol_gsolv_eV,158,0.10725444555282593,0.04234616085886955,0.6484802153489981,0.9662368612437253,9.446276664733887,0.011650258675217628,0.0012333175375555054,0.12
22,octanol_gsolv_eV,159,0.10704401135444641,0.044137753546237946,0.6464994671513729,0.966409037910319,9.759733200073242,0.013426623307168484,0.0013757162241963463,0.1
22,octanol_gsolv_eV,160,0.09238751232624054,0.05197179317474365,0.6375516080480179,0.9705202610624617,11.19794750213623,0.009728163480758667,0.0008687452302221302,0.12
22,octanol_gsolv_eV,161,0.11743881553411484,0.04665665701031685,0.6412599069434437,0.9741719253908268,10.174650192260742,0.0063256435096263885,0.0006217062395361693,0.14
22,octanol_gsolv_eV,162,0.11518549919128418,0.029644524678587914,0.6472462827567618,0.9384565892497791,6.521215438842773,0.11073610186576843,0.01698089917504998,0.02
22,octanol_gsolv_eV,163,0.09230519086122513,0.041764818131923676,0.6463616310648514,0.9522566541340323,9.251178741455078,0.025477202609181404,0.002753941235079218,0.04
22,octanol_gsolv_eV,164,0.16782724857330322,0.03918430954217911,0.6494121812664724,0.9671441200900868,8.663692474365234,0.02992880344390869,0.003454508978990681,0.2
22,octanol_gsolv_eV,165,0.4048369824886322,0.032677967101335526,0.658654362844437,0.9237308880533377,7.3741631507873535,1.2708790302276611,0.17234213621812353,0.3
22,octanol_gsolv_eV,166,0.08974316716194153,0.04173152521252632,0.6513790432563877,0.9722291644794201,9.2080078125,0.02617110125720501,0.0028422110178574537,0.06
22,octanol_gsolv_eV,167,0.20218095183372498,0.04358287155628204,0.6387874016908981,0.9555201555176358,9.566845893859863,0.07948601245880127,0.008308486761537209,0.24
22,octanol_gsolv_eV,168,0.2149791270494461,0.04794095456600189,0.6510962324450402,0.9750253225446246,10.67453384399414,0.03945959731936455,0.0036966108212365518,0.12
22,octanol_gsolv_eV,169,0.06921757012605667,0.024119827896356583,0.6508289532782172,0.9580980664489434,5.2465996742248535,0.03848402574658394,0.007335041386070621,0.04
22,octanol_gsolv_eV,170,0.15746250748634338,0.06517729163169861,0.6349121261518311,0.9641583309885371,13.886916160583496,0.006427204702049494,0.00046282447648761767,0.16
22,octanol_gsolv_eV,171,0.11955628544092178,0.0489080585539341,0.6413345645017696,0.9690686591339324,10.698258399963379,0.008353939279913902,0.0007808690879949673,0.12
22,octanol_gsolv_eV,172,0.14564315974712372,0.022857869043946266,0.654795014492281,0.9680183308741168,4.926856994628906,0.10156577080488205,0.020614718656459002,0.14
22,octanol_gsolv_eV,173,0.3071201741695404,0.043849147856235504,0.6458074036074417,0.9143863082541079,9.911589622497559,0.8436049818992615,0.08511298530605294,0.4
22,octanol_gsolv_eV,174,0.11164034903049469,0.04500395059585571,0.6368027071790292,0.9637752215542927,9.751919746398926,0.009261976927518845,0.0009497593467110923,0.18
22,octanol_gsolv_eV,175,0.1504281610250473,0.049018632620573044,0.6462314747814517,0.9724742324630464,10.87100601196289,0.0046317800879478455,0.0004260672915506485,0.22
22,octanol_gsolv_eV,176,0.1458820104598999,0.02745218202471733,0.6499533227215248,0.9756763563224318,6.056527137756348,0.10947836190462112,0.018076095328977193,0.06
22,octanol_gsolv_eV,177,0.13288980722427368,0.04278620332479477,0.6483611822928446,0.9794799926930635,9.477540016174316,0.011242086067795753,0.001186181862446381,0.12
22,octanol_gsolv_eV,178,0.17180101573467255,0.04414902254939079,0.6460635144001219,0.9521063259243285,9.851912498474121,0.11118347197771072,0.011285470916934248,0.14
22,octanol_gsolv_eV,179,0.21898645162582397,0.04851308837532997,0.6430284844561192,0.9200884434839318,10.823808670043945,0.35445746779441833,0.03274794285447945,0.22
22,octanol_gsolv_eV,180,0.24888445436954498,0.04251894727349281,0.62460164229039,0.9361589699293524,9.115638732910156,0.2747530937194824,0.03014084934361674,0.18
22,octanol_gsolv_eV,181,0.30233943462371826,0.04290107637643814,0.6479444321960051,0.9269654564998981,9.630115509033203,0.9080241918563843,0.09429006235747048,0.18
22,octanol_gsolv_eV,182,0.509371817111969,0.039229318499565125,0.6560161488879386,0.9231953083368307,9.040886878967285,1.858383297920227,0.20555320764421564,0.42
22,octanol_gsolv_eV,183,0.03283149003982544,0.03007710725069046,0.6459107522386254,0.9491145972151469,6.585999011993408,0.023106331005692482,0.00350840183298157,0.02
22,octanol_gsolv_eV,184,0.22568483650684357,0.03543693944811821,0.655103267773401,0.9785155520559488,7.758543968200684,0.13183698058128357,0.01699248997255582,0.24
22,octanol_gsolv_eV,185,0.23382896184921265,0.04472959041595459,0.6454720875843025,0.9110551481373654,10.032876014709473,0.5698572993278503,0.05679899746517021,0.16
22,octanol_gsolv_eV,186,0.11646809428930283,0.044784676283597946,0.6473641069064431,0.9013647127130673,9.992788314819336,0.44784459471702576,0.044816779922463766,0.04
22,octanol_gsolv_eV,187,0.40546512603759766,0.02427241951227188,0.6550560720098468,0.9267081819817744,5.324070930480957,0.8423457741737366,0.15821460404503704,0.3
22,octanol_gsolv_eV,188,0.3265897333621979,0.04332243278622627,0.6474459026211752,0.8973963257682915,9.78686237335205,0.828667402267456,0.08467140648914973,0.32
22,octanol_gsolv_eV,189,0.12565825879573822,0.04256613925099373,0.6471393647333705,0.9741209937127282,9.47408390045166,0.009852376766502857,0.0010399292290448434,0.14
22,octanol_gsolv_eV,190,0.12267696112394333,0.03597526252269745,0.6487499707061295,0.9584792200321772,7.9762187004089355,0.034744612872600555,0.004356025602810919,0.12
22,octanol_gsolv_eV,191,0.15388250350952148,0.040065255016088486,0.6449173730069984,0.941569948189309,8.865737915039062,0.22018970549106598,0.024836026916333204,0.12
22,octanol_gsolv_eV,192,0.19254638254642487,0.0467677116394043,0.627344970576927,0.9078762826444027,10.04779052734375,0.7306238412857056,0.07271487590206108,0.16
22,octanol_gsolv_eV,193,0.13423286378383636,0.04673240706324577,0.6453234715901546,0.9645401931751698,10.332444190979004,0.021855400875210762,0.002115220800736786,0.14
22,octanol_gsolv_eV,194,0.2929360866546631,0.06682733446359634,0.6452728317852243,0.9372631636627877,15.168863296508789,0.8733833432197571,0.05757737584864199,0.24
22,octanol_gsolv_eV,195,0.11526287347078323,0.03465250879526138,0.6308302510864152,0.9616973698627265,7.441631317138672,0.014828784391283989,0.0019926792606793234,0.14
22,octanol_gsolv_eV,196,0.27101051807403564,0.04834054037928581,0.6515914565647338,0.9630283208000305,10.897953033447266,0.22042584419250488,0.020226352922974495,0.16
22,octanol_gsolv_eV,197,0.08593602478504181,0.027917828410863876,0.652159980119001,0.9551183303422268,6.1017327308654785,0.018861090764403343,0.0030911040513123328,0.08
22,octanol_gsolv_eV,198,0.23724982142448425,0.043387409299612045,0.6481080511412605,0.9073976176843896,9.723028182983398,0.5691785216331482,0.05853922367820417,0.24
22,octanol_gsolv_eV,199,0.09479186683893204,0.04161473736166954,0.647618005060155,0.949249292397073,9.18885326385498,0.01323781069368124,0.001440637946168226,0.08
22,octanol_gsolv_eV,200,0.18159551918506622,0.03505272418260574,0.6559862581124076,0.9773733669684932,7.647822856903076,0.018296947702765465,0.002392438743040482,0.24
22,octanol_gsolv_eV,201,0.08835829049348831,0.02933078072965145,0.6543497873143655,0.960534319634442,6.398728847503662,0.02442621812224388,0.003817354775358748,0.06
22,octanol_gsolv_eV,202,0.2231111079454422,0.021239858120679855,0.6571060071884158,0.9668048511091687,4.605743885040283,0.19413015246391296,0.04214957611830278,0.22
22,octanol_gsolv_eV,203,0.1074264645576477,0.03353392705321312,0.6473510528449271,0.9322077516524405,7.423575401306152,0.1258450597524643,0.01695208210996581,0.12
22,octanol_gsolv_eV,204,0.33168718218803406,0.024169761687517166,0.657841218446692,0.9533996918106105,5.293566703796387,0.3304304778575897,0.062421141802296534,0.26
22,octanol_gsolv_eV,205,0.06178934499621391,0.05443267896771431,0.6389751893924349,0.972627011156922,11.782654762268066,0.013699322938919067,0.0011626686188573395,0.06
22,octanol_gsolv_eV,206,0.09297671914100647,0.03538573160767555,0.6493517650988263,0.9604852581222301,7.860561847686768,0.022034360095858574,0.0028031533270542128,0.06
22,octanol_gsolv_eV,207,0.33298149704933167,0.041906457394361496,0.6502519300914607,0.9039169118101265,9.518523216247559,1.0440016984939575,0.10968105816161777,0.26
22,octanol_gsolv_eV,208,0.15694378316402435,0.04860791563987732,0.63564407872522,0.9750964676048224,10.330485343933105,0.014081469736993313,0.0013630985639278882,0.2
22,octanol_gsolv_eV,209,0.17517738044261932,0.0422600694000721,0.649724943548529,0.9659311688701477,9.244153022766113,0.035026948899030685,0.0037890922849035257,0.22
22,octanol_gsolv_eV,210,0.07148630172014236,0.03755633533000946,0.649138702163955,0.9560353204735152,8.342317581176758,0.04258595034480095,0.005104810495453929,0.04
22,octanol_gsolv_eV,211,0.3530980348587036,0.0465906485915184,0.6476443586338008,0.9297536765652701,10.412676811218262,1.5275073051452637,0.14669689003499845,0.38
22,octanol_gsolv_eV,212,0.20450887084007263,0.045199520885944366,0.6456834282805284,0.9437573720731607,10.020617485046387,0.18977802991867065,0.01893875603992204,0.08
22,octanol_gsolv_eV,213,0.1232215091586113,0.05065472424030304,0.6399543936595693,0.9744579827015933,11.046746253967285,0.005743987392634153,0.0005199709724998236,0.14
22,octanol_gsolv_eV,214,0.18131758272647858,0.047609440982341766,0.6447551195569088,0.9623705542902259,10.57798957824707,0.05393896624445915,0.0050991699174464155,0.16
22,octanol_gsolv_eV,215,0.1913333386182785,0.052949827164411545,0.6369574547223897,0.9381857228202681,11.425344467163086,0.225307434797287,0.019719968657822957,0.24
22,octanol_gsolv_eV,216,0.07340890169143677,0.03848402574658394,0.6489070761996829,0.9427141491130067,8.556455612182617,0.025379717350006104,0.002966148426443147,0.06
22,octanol_gsolv_eV,217,0.057414378970861435,0.036864977329969406,0.6452393579964171,0.9567122077929473,8.123807907104492,0.006690234877169132,0.0008235343515838599,0.04
22,octanol_gsolv_eV,218,0.1835700124502182,0.021545561030507088,0.6556964882243108,0.9343848680085869,4.6793928146362305,0.14482524991035461,0.030949581633191683,0.14
22,octanol_gsolv_eV,219,0.17467011511325836,0.04787406697869301,0.644564960514113,0.9674410710951664,10.588637351989746,0.029983798041939735,0.0028316956228844102,0.16
22,octanol_gsolv_eV,220,0.04809589684009552,0.06524138152599335,0.6452396951657899,0.9645807377863842,14.503742218017578,0.011480972170829773,0.0007915868882837213,0.04
22,octanol_gsolv_eV,221,0.16700272262096405,0.038599833846092224,0.6496819122183339,0.9608185109804057,8.590436935424805,0.02312660403549671,0.0026921336143134237,0.12
22,octanol_gsolv_eV,222,0.15468917787075043,0.04032227396965027,0.6470240224997541,0.9284437035565838,8.967899322509766,0.1504329890012741,0.01677460725096251,0.12
22,octanol_gsolv_eV,223,0.1633831411600113,0.045700185000896454,0.6451614806537946,0.9414074619791137,10.12317180633545,0.1747908741235733,0.01726641387378043,0.14
22,octanol_gsolv_eV,224,0.15236911177635193,0.040880121290683746,0.6492687560471337,0.9166220206849442,9.121329307556152,0.24089118838310242,0.026409658094851046,0.08
22,octanol_gsolv_eV,225,0.638177752494812,0.016162320971488953,0.6735502263913733,0.9481173549054209,3.660048246383667,1.6678016185760498,0.45567749556960935,0.6
22,octanol_gsolv_eV,226,0.3616056740283966,0.04836830496788025,0.6449222700152104,0.9410417243248637,10.768157005310059,0.8427083492279053,0.07825929254303628,0.3
22,octanol_gsolv_eV,227,0.2406921535730362,0.04089511185884476,0.647863898161791,0.9061127645084999,9.097651481628418,0.812545657157898,0.08931378156205845,0.16
22,octanol_gsolv_eV,228,0.06734100729227066,0.03699563816189766,0.6436210643955476,0.9216382847734661,8.14474105834961,0.18651115894317627,0.02289958116617762,0.02
22,octanol_gsolv_eV,229,0.03006519190967083,0.048645343631505966,0.6379530269566824,0.9556105189346369,10.428570747375488,0.010322012938559055,0.0009897821272542788,0.04
22,octanol_gsolv_eV,230,0.15658317506313324,0.04614807292819023,0.6483140324252348,0.9272657453453697,10.33825397491455,0.27642402052879333,0.026737979275758515,0.06
22,octanol_gsolv_eV,231,0.07078947126865387,0.022062072530388832,0.6539075083552359,0.968817523315693,4.731660842895508,0.02409157156944275,0.005091567711497275,0.04
22,octanol_gsolv_eV,232,0.2916397750377655,0.04423002526164055,0.648386224607673,0.9150194378372203,9.977062225341797,0.748258113861084,0.07499783974089126,0.28
22,octanol_gsolv_eV,233,0.08784165978431702,0.041589122265577316,0.6387243721892988,0.9299833184071498,8.983024597167969,0.1391896903514862,0.015494746657530896,0.1
22,octanol_gsolv_eV,234,0.5330430865287781,0.01226789504289627,0.6693908043494958,0.9560257607426996,2.6214632987976074,1.0351251363754272,0.3948653932520095,0.38
22,octanol_gsolv_eV,235,0.3244328498840332,0.03802134469151497,0.651038954016141,0.9252973556256054,8.480620384216309,0.802094042301178,0.0945796422858396,0.24
22,octanol_gsolv_eV,236,0.12129465490579605,0.046457964926958084,0.6355275192066534,0.9722493453240355,9.828680038452148,0.007851474918425083,0.0007988330973954014,0.12
22,octanol_gsolv_eV,237,0.07825391739606857,0.031101606786251068,0.6222890351920631,0.9601626887283596,6.57701301574707,0.023340923711657524,0.003548863846821242,0.02
22,octanol_gsolv_eV,238,0.2952007055282593,0.039321206510066986,0.6495829156099138,0.9382190165871827,8.852506637573242,0.35980433225631714,0.04064434481519362,0.24
22,octanol_gsolv_eV,239,0.3286432921886444,0.0414099246263504,0.6488046934109666,0.9039949469952255,9.42100715637207,0.6567926406860352,0.06971575647745915,0.22
22,octanol_gsolv_eV,240,0.37339723110198975,0.03018927574157715,0.6517860188523068,0.9235204610881618,6.583679676055908,0.7567138075828552,0.11493782273990896,0.4
22,octanol_gsolv_eV,241,0.25782620906829834,0.049278177320957184,0.6383814794243419,0.9260041060042288,10.998135566711426,0.4099079966545105,0.03727068048653613,0.26
22,octanol_gsolv_eV,242,0.38737842440605164,0.02388574369251728,0.6602911698553331,0.938164073127743,5.25166130065918,0.7890589237213135,0.15024939320101852,0.24
22,octanol_gsolv_eV,243,0.20072008669376373,0.02805212512612343,0.6550656017887762,0.9722970246426983,6.099747180938721,0.1390715390443802,0.02279955790282078,0.2
22,octanol_gsolv_eV,244,0.14236894249916077,0.0173026230186224,0.6522257661845297,0.9731744518090486,3.6876885890960693,0.09504330903291702,0.02577313857627391,0.12
22,octanol_gsolv_eV,245,0.22310414910316467,0.04643171280622482,0.6403700268610546,0.940634590263169,10.307823181152344,0.16473865509033203,0.015981905412536905,0.36
22,octanol_gsolv_eV,246,0.2263030707836151,0.053555767983198166,0.6395284961157335,0.9197066626057218,11.70785140991211,0.8541710376739502,0.07295711294651308,0.14
22,octanol_gsolv_eV,247,0.14736303687095642,0.051294878125190735,0.6476427367950663,0.9485185956662985,11.42483901977539,0.025863366201519966,0.0022637838622279714,0.08
22,octanol_gsolv_eV,248,0.2751782238483429,0.070107601583004,0.6457255055962055,0.9658279980089648,15.638076782226562,0.047337643802165985,0.0030270758010324853,0.26
22,octanol_gsolv_eV,249,0.06411834061145782,0.05460752919316292,0.6460627627499147,0.9584286516673597,12.06833553314209,0.017301470041275024,0.0014336252081955866,0.06
22,octanol_hl_gap_eV,0,0.1793966293334961,0.0018786069704219699,0.6129402225809448,0.9418100578448132,0.3796420991420746,0.03777820244431496,0.09951004519700832,0.12
22,octanol_hl_gap_eV,1,0.24166400730609894,0.0011240356834605336,0.6502323190146377,0.9384350743525849,0.35380446910858154,0.017265673726797104,0.04880004418909225,0.26
22,octanol_hl_gap_eV,2,0.159946471452713,0.0029385718517005444,0.6247527628338438,0.9786699095267579,0.673090934753418,0.0049400851130485535,0.007339402238210679,0.14
22,octanol_hl_gap_eV,3,0.016582852229475975,0.0023351581767201424,0.6223863239800942,0.9728725044864905,0.5103421211242676,0.001983013702556491,0.0038856555641301454,0.02
22,octanol_hl_gap_eV,4,0.024027425795793533,0.0015302452957257628,0.6327337891992189,0.9830915397310105,0.22857068479061127,0.025117971003055573,0.1098914807297603,0.1
22,octanol_hl_gap_eV,5,0.09990280866622925,0.001522268634289503,0.6087650881755173,0.9793860919371729,0.37944161891937256,0.0012484194012358785,0.0032901488371025393,0.16
22,octanol_hl_gap_eV,6,0.033630046993494034,0.001970514189451933,0.6029216927032672,0.9870185348570808,0.40678662061691284,0.0008351219585165381,0.002052973023670328,0.0
22,octanol_hl_gap_eV,7,0.13836780190467834,0.0011839654762297869,0.6468009338171616,0.9815298062655049,0.2451666295528412,0.0004950669826939702,0.0020193081888710616,0.16
22,octanol_hl_gap_eV,8,0.030164845287799835,0.001909285201691091,0.6394570039241056,0.9557507495608182,0.36006075143814087,0.0031075573060661554,0.008630647171773288,0.0
22,octanol_hl_gap_eV,9,0.10004258900880814,0.0017230353550985456,0.6107771461447711,0.960035386060387,0.44079723954200745,0.002241885755211115,0.0050859795708803794,0.1
22,octanol_hl_gap_eV,10,0.13742010295391083,0.0010507284896448255,0.6441503618883568,0.9724048256397688,0.3433988690376282,0.0007660967530682683,0.0022309239259152096,0.22
22,octanol_hl_gap_eV,11,0.24497757852077484,0.0013356429990381002,0.6207582884140421,0.9102945404516039,0.25663551688194275,0.05140180513262749,0.2002910811299486,0.16
22,octanol_hl_gap_eV,12,0.030814338475465775,0.0010221815900877118,0.6588462726628943,0.9658048588529025,0.24739237129688263,0.0006424313178285956,0.0025968113505717098,0.16
22,octanol_hl_gap_eV,13,0.030134113505482674,0.0007424514042213559,0.6362254151038549,0.9665957958144633,0.2653812766075134,0.00034976695314981043,0.0013179790135198555,0.02
22,octanol_hl_gap_eV,14,0.10588435083627701,0.001373049570247531,0.617648284226272,0.9797304184862938,0.3078821003437042,0.005354590248316526,0.01739169065801139,0.2
22,octanol_hl_gap_eV,15,0.05510329455137253,0.0018661590293049812,0.604560055397833,0.9744472101151926,0.3744189441204071,0.0008597641717642546,0.002296262476205713,0.02
22,octanol_hl_gap_eV,16,0.09382903575897217,0.0009809571783989668,0.6769492902620851,0.9558750211128273,0.2704690396785736,0.0028897617012262344,0.010684260589161842,0.22
22,octanol_hl_gap_eV,17,0.051356032490730286,0.0007639053510501981,0.6933249797508745,0.9717438971690844,0.2945566177368164,0.00044449453707784414,0.0015090291995238615,0.02
22,octanol_hl_gap_eV,18,0.05820663273334503,0.0011432809988036752,0.6549135797792915,0.9701402156770882,0.31824350357055664,0.0015672693261876702,0.004924748843585416,0.06
22,octanol_hl_gap_eV,19,0.06279953569173813,0.0011605146573856473,0.6354990092997126,0.9723101361369311,0.2426651269197464,0.0010082721710205078,0.004154994101620383,0.18
22,octanol_hl_gap_eV,20,0.12264472991228104,0.0034615923650562763,0.6392092030132828,0.982134244578087,0.6482477188110352,0.0014491919428110123,0.002235552707333866,0.08
22,octanol_hl_gap_eV,21,0.13325373828411102,0.001048108795657754,0.6315807276414493,0.9753027046552885,0.28670045733451843,0.000688232306856662,0.002400527411972843,0.16
22,octanol_hl_gap_eV,22,0.21529489755630493,0.0020812591537833214,0.5999562190144341,0.9299311338736382,0.33812636137008667,0.09784296154975891,0.28936803730208915,0.18
22,octanol_hl_gap_eV,23,0.0651727244257927,0.0016625162679702044,0.6144793945921903,0.9700747028125631,0.37942978739738464,0.0012070860248059034,0.0031813159243127566,0.14
22,octanol_hl_gap_eV,24,0.07853000611066818,0.0015505914343521,0.6049605478874183,0.9804807806874356,0.24084800481796265,0.0011050000321120024,0.00458795593074222,0.08
22,octanol_hl_gap_eV,25,0.05165773257613182,0.0013878170866519213,0.6047920493026084,0.9692982864508941,0.342112272977829,0.0014896552311256528,0.004354287609033517,0.12
22,octanol_hl_gap_eV,26,0.16478750109672546,0.0011041274992749095,0.6421321884207261,0.921639099352189,0.2907313406467438,0.01880563236773014,0.064683884186329,0.04
22,octanol_hl_gap_eV,27,0.11293695867061615,0.001853361027315259,0.585490886233353,0.9740606236718035,0.4008919596672058,0.0020751229021698236,0.005176264707060861,0.2
22,octanol_hl_gap_eV,28,0.022808441892266273,0.0013154554180800915,0.6205422315877216,0.9771930626510348,0.26268270611763,0.0010691751958802342,0.004070215400481883,0.24
22,octanol_hl_gap_eV,29,0.24302691221237183,0.0007873163558542728,0.6539350653943448,0.9301115390558456,0.25890877842903137,0.0428026020526886,0.16531923835259638,0.02
22,octanol_hl_gap_eV,30,0.06299484521150589,0.0009753392077982426,0.6530401411732474,0.9616457209542404,0.3414892256259918,0.0009188924450427294,0.0026908387617743616,0.1
22,octanol_hl_gap_eV,31,0.40576326847076416,0.0018341954564675689,0.6208487788277153,0.9381697296890004,0.3880375027656555,0.14087405800819397,0.3630423786467643,0.26
22,octanol_hl_gap_eV,32,0.07066494226455688,0.0022628302685916424,0.5947001659872861,0.9799699319815733,0.48740240931510925,0.0013804929330945015,0.0028323473719269257,0.16
22,octanol_hl_gap_eV,33,0.037081506103277206,0.0026698086876422167,0.6175127848953954,0.9655103317721887,0.4864380359649658,0.0029216501861810684,0.0060062124467410915,0.02
22,octanol_hl_gap_eV,34,0.1045401468873024,0.0013332880334928632,0.6103175099451628,0.9771518656690203,0.2982541620731354,0.001524485880509019,0.005111364984523492,0.08
22,octanol_hl_gap_eV,35,0.06644007563591003,0.0012689101276919246,0.6247375975003571,0.9525888567642755,0.3088028132915497,0.0013170833699405193,0.004265127496416371,0.12
22,octanol_hl_gap_eV,36,0.06169445812702179,0.002099165925756097,0.5793238651062993,0.9614959524175957,0.4557090699672699,0.0013712469954043627,0.0030090403851361766,0.02
22,octanol_hl_gap_eV,37,0.046201709657907486,0.0025339804124087095,0.5944128309450656,0.9726403544888378,0.4405214190483093,0.0012652837904170156,0.0028722412479976586,0.02
22,octanol_hl_gap_eV,38,0.07272319495677948,0.0010881751077249646,0.6264854596505778,0.9673022467685692,0.251032292842865,0.00044813621207140386,0.00178517356072558,0.12
22,octanol_hl_gap_eV,39,0.07220965623855591,0.0010689094197005033,0.6648325002621656,0.9660039767067119,0.2923785150051117,0.0009991861879825592,0.003417440532403998,0.18
22,octanol_hl_gap_eV,40,0.12285088747739792,0.00119635125156492,0.6570574690343676,0.972731725596236,0.25057175755500793,0.0006786292651668191,0.002708323044019994,0.08
22,octanol_hl_gap_eV,41,0.0704362764954567,0.0022688398603349924,0.5830736209540766,0.9756602470919948,0.33075636625289917,0.0023596384562551975,0.007134068145043647,0.02
22,octanol_hl_gap_eV,42,0.09293936938047409,0.0013111800653859973,0.6235372536666648,0.9625086854256331,0.3034091889858246,0.001181637984700501,0.003894535919133641,0.08
22,octanol_hl_gap_eV,43,0.057496923953294754,0.0023129277396947145,0.596547009355241,0.9831966571078308,0.5028409361839294,0.0033745826222002506,0.006711034005723619,0.02
22,octanol_hl_gap_eV,44,0.1072896271944046,0.0008812356973066926,0.6603947466412481,0.9701239299724136,0.2811400890350342,0.0009545278153382242,0.0033952035037567198,0.06
22,octanol_hl_gap_eV,45,0.08655090630054474,0.0010181724792346358,0.6148800131850578,0.9660790709806248,0.3056856691837311,0.0021477469708770514,0.007025998230836779,0.18
22,octanol_hl_gap_eV,46,0.029554957523941994,0.0031592093873769045,0.5964854978855834,0.9724960093716815,0.4604809880256653,0.0014825529651716352,0.0032195747570994263,0.0
22,octanol_hl_gap_eV,47,0.036483559757471085,0.00413258234038949,0.5740335450502063,0.9718790081599107,0.8628061413764954,0.001696534687653184,0.0019662988083818953,0.02
22,octanol_hl_gap_eV,48,0.06857550144195557,0.0012481792364269495,0.5933832832168255,0.9712479475039102,0.3254852592945099,0.0010329758515581489,0.0031736486432507776,0.2
22,octanol_hl_gap_eV,49,0.0360574871301651,0.001382353249937296,0.5923044003818305,0.9624394494252937,0.2620222866535187,0.0006084158667363226,0.00232200044701103,0.08
22,octanol_hl_gap_eV,50,0.10533470660448074,0.0011639277217909694,0.6237521410218936,0.922416040747317,0.2835581302642822,0.024459682404994965,0.0862598521939682,0.04
22,octanol_hl_gap_eV,51,0.03728732094168663,0.001236403826624155,0.6121881219054948,0.9603167693146104,0.36136409640312195,0.001485781162045896,0.004111590434231805,0.02
22,octanol_hl_gap_eV,52,0.048652537167072296,0.0021649575792253017,0.5985367035776628,0.9635505703046665,0.2498391568660736,0.0022619564551860094,0.009053650690946465,0.0
22,octanol_hl_gap_eV,53,0.11627600342035294,0.0009348345920443535,0.6718580027648453,0.9788762356924181,0.27277734875679016,0.0015862256987020373,0.005815093173723619,0.18
22,octanol_hl_gap_eV,54,0.06440307199954987,0.001515379175543785,0.6222336563864521,0.973250238559739,0.29594185948371887,0.0036582667380571365,0.012361437291902921,0.02
22,octanol_hl_gap_eV,55,0.13840171694755554,0.0014330893754959106,0.5988281329641147,0.9368273725704002,0.31824052333831787,0.006540959235280752,0.02055350829198811,0.1
22,octanol_hl_gap_eV,56,0.04305679723620415,0.0011746907839551568,0.646548969734561,0.9730873422607211,0.29734280705451965,0.0006607016548514366,0.002222019968790746,0.02
22,octanol_hl_gap_eV,57,0.31987038254737854,0.0015849568881094456,0.624520906280543,0.9156058277688086,0.4190526008605957,0.07814846932888031,0.1864884483914171,0.14
22,octanol_hl_gap_eV,58,0.06801711022853851,0.001082542003132403,0.6029079028106727,0.9704215219184855,0.3614603281021118,0.0010392775293439627,0.0028752187959348303,0.04
22,octanol_hl_gap_eV,59,0.05307229980826378,0.001196189085021615,0.6198768401850079,0.9671285216097885,0.2538962960243225,0.0006778698298148811,0.0026698689206160896,0.1
22,octanol_hl_gap_eV,60,0.1983088254928589,0.0010872287675738335,0.6457949275233781,0.9726282598216338,0.3355028033256531,0.0014021210372447968,0.004179163402947305,0.22
22,octanol_hl_gap_eV,61,0.3227304518222809,0.0012348215095698833,0.6207842367125125,0.9149440555997079,0.25670546293258667,0.0711519718170166,0.27717357863826136,0.1
22,octanol_hl_gap_eV,62,0.09805773198604584,0.0008833173778839409,0.6756193731133628,0.9792275373514725,0.26551738381385803,0.0005931995110586286,0.0022341268301833426,0.08
22,octanol_hl_gap_eV,63,0.1221151277422905,0.0011379402130842209,0.6417370737488959,0.9713980494845607,0.3549317419528961,0.001670364523306489,0.00470615706027264,0.08
22,octanol_hl_gap_eV,64,0.0358293354511261,0.0011822630185633898,0.6245195944929152,0.963471877649519,0.3661985397338867,0.0009712380706332624,0.0026522172134794764,0.02
22,octanol_hl_gap_eV,65,0.04656755551695824,0.0020380732603371143,0.6372053099296164,0.9722090816843856,0.3633309304714203,0.0010301718721166253,0.0028353541791225475,0.0
22,octanol_hl_gap_eV,66,0.07883378863334656,0.0010689068585634232,0.604470281099512,0.9771281343127147,0.21884262561798096,0.007089351769536734,0.03239474827866553,0.06
22,octanol_hl_gap_eV,67,0.3614789843559265,0.001509974361397326,0.6300149094679859,0.9145985380889636,0.32961148023605347,0.07156200706958771,0.21711017777153302,0.18
22,octanol_hl_gap_eV,68,0.05379669368267059,0.0010753405513241887,0.6224515866297258,0.9762700923355654,0.22176626324653625,0.0006247321143746376,0.0028170746317717705,0.02
22,octanol_hl_gap_eV,69,0.23601879179477692,0.0013649982865899801,0.6108861252112383,0.9115037751756239,0.33414605259895325,0.04141365364193916,0.12393877862637631,0.08
22,octanol_hl_gap_eV,70,0.07809567451477051,0.0026769659016281366,0.6033815308724342,0.973118457612645,0.5300648212432861,0.001000140211544931,0.0018868262360800818,0.16
22,octanol_hl_gap_eV,71,0.23350854218006134,0.0013878928730264306,0.6043521421996878,0.9459262459941873,0.1935690939426422,0.027566710487008095,0.14241276810014195,0.16
22,octanol_hl_gap_eV,72,0.22910867631435394,0.0013921052450314164,0.6155420672259386,0.9579947200172425,0.3065670430660248,0.03129877522587776,0.10209438990197325,0.12
22,octanol_hl_gap_eV,73,0.11272141337394714,0.003102370770648122,0.6330529030160414,0.9805071352960173,0.6633623242378235,0.0036092603113502264,0.0054408581547001796,0.12
22,octanol_hl_gap_eV,74,0.08788154274225235,0.0014465834246948361,0.5977587211012636,0.9660699718253156,0.30820780992507935,0.0012102024629712105,0.003926579483061745,0.12
22,octanol_hl_gap_eV,75,0.03593006730079651,0.0013941716169938445,0.6007056960004833,0.9735237068754667,0.25710606575012207,0.0016457921592518687,0.006401218712791444,0.1
22,octanol_hl_gap_eV,76,0.1428115963935852,0.002071953611448407,0.5993836509516843,0.9208160358429978,0.43370872735977173,0.0223112553358078,0.05144294760132895,0.06
22,octanol_hl_gap_eV,77,0.06757619231939316,0.0015555191785097122,0.6123914419039731,0.9774439624585849,0.26875874400138855,0.003077964996919036,0.011452520394659731,0.08
22,octanol_hl_gap_eV,78,0.02661122940480709,0.0010541235096752644,0.5948243450993198,0.9554651636724893,0.30294299125671387,0.001509019872173667,0.004981200805847076,0.02
22,octanol_hl_gap_eV,79,0.08688806742429733,0.0010921143693849444,0.6095836408476185,0.9574023292180884,0.2728402316570282,0.0007307783816941082,0.002678411381107196,0.12
22,octanol_hl_gap_eV,80,0.10407742857933044,0.0009800934931263328,0.6460339631602197,0.9642605950975789,0.3408375084400177,0.0010614783968776464,0.003114323895089882,0.04
22,octanol_hl_gap_eV,81,0.03946038335561752,0.002127415733411908,0.5789787696870512,0.9510469961038832,0.47876834869384766,0.002940454753115773,0.006141706654455704,0.02
22,octanol_hl_gap_eV,82,0.09503809362649918,0.001561152981594205,0.6170425354368991,0.9869043845162686,0.23864957690238953,0.0013105131220072508,0.005491369978599485,0.08
22,octanol_hl_gap_eV,83,0.05281541123986244,0.002341283019632101,0.6195279923981014,0.9753815586224683,0.456308513879776,0.002144165337085724,0.00469893782795087,0.04
22,octanol_hl_gap_eV,84,0.20317651331424713,0.0024610795080661774,0.6313579253544801,0.9841706129421959,0.5757141709327698,0.0011397759662941098,0.001979760137652074,0.18
22,octanol_hl_gap_eV,85,0.14216724038124084,0.0009954029228538275,0.6660565533418275,0.9719920653494025,0.3014860451221466,0.001566530903801322,0.005196031223158751,0.12
22,octanol_hl_gap_eV,86,0.06049118936061859,0.0028460202738642693,0.6259692886878643,0.9775219714623433,0.5124413371086121,0.0018438890110701323,0.0035982440867749895,0.1
22,octanol_hl_gap_eV,87,0.08714209496974945,0.0035574256908148527,0.5820301950523554,0.9750045221932542,0.6365187168121338,0.0033445118460804224,0.005254380991073893,0.06
22,octanol_hl_gap_eV,88,0.07398322224617004,0.0020912301260977983,0.5854135377600154,0.9777442258730664,0.34947702288627625,0.0014704250497743487,0.004207501361978929,0.08
22,octanol_hl_gap_eV,89,0.03946567326784134,0.0021657475735992193,0.6314507325829906,0.9671273590788201,0.3903049826622009,0.0011099011171609163,0.002843676525957927,0.0
22,octanol_hl_gap_eV,90,0.295110285282135,0.001489249407313764,0.6204878413814532,0.9254607221153766,0.37368908524513245,0.029028864577412605,0.07768186367651134,0.22
22,octanol_hl_gap_eV,91,0.060725849121809006,0.0028597419150173664,0.6045995777638196,0.973558016563951,0.5366133451461792,0.0015057324199005961,0.0028059913781876195,0.0
22,octanol_hl_gap_eV,92,0.04941103979945183,0.0010175888892263174,0.6449352793126626,0.9726213184870869,0.27482476830482483,0.001039436087012291,0.0037821776160269125,0.06
22,octanol_hl_gap_eV,93,0.0638723149895668,0.004184158053249121,0.6237128500242799,0.9774010674750302,0.8654815554618835,0.004255183972418308,0.004916550728972421,0.06
22,octanol_hl_gap_eV,94,0.10841397196054459,0.002072741277515888,0.5805030618934992,0.9796501225663035,0.47686344385147095,0.0014118350809440017,0.0029606695567625583,0.14
22,octanol_hl_gap_eV,95,0.06400810182094574,0.0009755901410244405,0.6213926637805709,0.9664860802034172,0.24026170372962952,0.000613201642408967,0.0025522238163224425,0.04
22,octanol_hl_gap_eV,96,0.08648961782455444,0.0006778899696655571,0.6390081118136355,0.9676552166850245,0.275866836309433,0.000789210491348058,0.0028608385912064476,0.18
22,octanol_hl_gap_eV,97,0.09462475031614304,0.0011492142220959067,0.6487443670422803,0.9720186780455962,0.2934809625148773,0.0006638767663389444,0.002262077787431581,0.06
22,octanol_hl_gap_eV,98,0.06324807554483414,0.002465633675456047,0.5869291135987345,0.9672057689438749,0.5344462990760803,0.0009309243177995086,0.0017418481883190815,0.04
22,octanol_hl_gap_eV,99,0.07454399019479752,0.0010367367649450898,0.6346090951285759,0.9414015767814969,0.3070118725299835,0.004534154199063778,0.014768660774253808,0.06
22,octanol_hl_gap_eV,100,0.03111746907234192,0.0016787985805422068,0.6346542426686117,0.9658686626434168,0.3216168284416199,0.0010313499951735139,0.0032067662633540497,0.0
22,octanol_hl_gap_eV,101,0.10818768292665482,0.0021437935065478086,0.6437218570530121,0.9470778223171028,0.37518948316574097,0.01893429644405842,0.05046595731920914,0.02
22,octanol_hl_gap_eV,102,0.16125579178333282,0.0009544859640300274,0.6257872193208773,0.9676022120000001,0.28763529658317566,0.0018258764175698161,0.006347887200421616,0.24
22,octanol_hl_gap_eV,103,0.2197522222995758,0.0012356344377622008,0.5869168903556259,0.9148615247038667,0.3208208680152893,0.03332939371466637,0.103887860913954,0.12
22,octanol_hl_gap_eV,104,0.07037084549665451,0.0011681340401992202,0.5939946483187308,0.9389886172893198,0.24983657896518707,0.0031832833774387836,0.012741462401637958,0.1
22,octanol_hl_gap_eV,105,0.09773989766836166,0.0015520351007580757,0.6475063729794506,0.9849355767653301,0.2851775288581848,0.002011152682825923,0.007052283154561045,0.06
22,octanol_hl_gap_eV,106,0.1292332112789154,0.0016169075388461351,0.6145562712322372,0.964345293132312,0.09765328466892242,0.030151139944791794,0.30875704843942864,0.1
22,octanol_hl_gap_eV,107,0.6314384341239929,0.0007872226415202022,0.6841325452099618,0.9194877942371957,0.2737220227718353,0.09076292812824249,0.3315879636177435,0.5
22,octanol_hl_gap_eV,108,0.43355605006217957,0.002322818385437131,0.6379710913562904,0.9282144949684865,0.4630368649959564,0.1537577211856842,0.33206367097148287,0.36
22,octanol_hl_gap_eV,109,0.033492669463157654,0.0008021145476959646,0.6215263685574324,0.9684442967368883,0.27527916431427,0.0005189588409848511,0.0018852093011746663,0.12
22,octanol_hl_gap_eV,110,0.06963381171226501,0.0011484366841614246,0.6446852956663944,0.961868044990954,0.24797803163528442,0.0006138354074209929,0.0024753620446661016,0.14
22,octanol_hl_gap_eV,111,0.10639429092407227,0.0011589714558795094,0.6526504316895487,0.9503963414975007,0.2760864496231079,0.0016261953860521317,0.005890167330820072,0.16
22,octanol_hl_gap_eV,112,0.0845675840973854,0.001851613400503993,0.6254442018870745,0.9294081774384624,0.45690250396728516,0.006950778886675835,0.015212827301934682,0.04
22,octanol_hl_gap_eV,113,0.13338008522987366,0.0030255650635808706,0.575040790506413,0.9403019758425937,0.63399338722229,0.03106100857257843,0.04899263809148825,0.08
22,octanol_hl_gap_eV,114,0.10030440241098404,0.0010902578942477703,0.643917774033246,0.9799682365060169,0.30191799998283386,0.0018261203076690435,0.006048398266326855,0.14
22,octanol_hl_gap_eV,115,0.23435071110725403,0.0011428786674514413,0.6415595747602585,0.9914664579647745,0.2631673812866211,0.0020386571995913982,0.007746618101470007,0.2
22,octanol_hl_gap_eV,116,0.0845528170466423,0.0008599275024607778,0.6218451168817976,0.9734668412763079,0.34793686866760254,0.0008646813221275806,0.0024851672817508856,0.14
22,octanol_hl_gap_eV,117,0.047961343079805374,0.0009568827808834612,0.6353248073470772,0.9595888362203595,0.30500683188438416,0.000992919085547328,0.0032553994919159836,0.08
22,octanol_hl_gap_eV,118,0.05620348080992699,0.0012638876214623451,0.6362966949535065,0.9708267455753681,0.31376442313194275,0.0004594989004544914,0.0014644710062022075,0.08
22,octanol_hl_gap_eV,119,0.0575375035405159,0.0022895338479429483,0.621727141348912,0.9636162689706751,0.6040869355201721,0.0011807819828391075,0.0019546557182574227,0.06
22,octanol_hl_gap_eV,120,0.09354255348443985,0.0015388044994324446,0.6241758720893722,0.9723049071701821,0.32772475481033325,0.005421347916126251,0.01654238148492564,0.22
22,octanol_hl_gap_eV,121,0.0679992213845253,0.00121965236030519,0.6213865182199829,0.9705181281451232,0.3123379349708557,0.0019380254670977592,0.006204899405762533,0.1
22,octanol_hl_gap_eV,122,0.12018417567014694,0.0019338000565767288,0.6365833067711426,0.9794911958477508,0.466340035200119,0.0014276464935392141,0.0030613852248961913,0.08
22,octanol_hl_gap_eV,123,0.13959941267967224,0.0019741980358958244,0.602008871283493,0.9411586582679594,0.28802886605262756,0.017314378172159195,0.06011334353201799,0.08
22,octanol_hl_gap_eV,124,0.21940328180789948,0.0007955250330269337,0.6305574715394897,0.9378981322744906,0.29279178380966187,0.005226948764175177,0.017852101914079366,0.28
22,octanol_hl_gap_eV,125,0.08194193243980408,0.0018086569616571069,0.5869342174179488,0.97217702361614,0.35539090633392334,0.0016847566002979875,0.004740573183701554,0.02
22,octanol_hl_gap_eV,126,0.03231356665492058,0.001012602704577148,0.5902636738441267,0.973365085643507,0.29345881938934326,0.0005580285796895623,0.001901556684684961,0.08
22,octanol_hl_gap_eV,127,0.20559076964855194,0.0029618090484291315,0.6038712321792339,0.9318275496518122,0.6346261501312256,0.05405333638191223,0.08517350942871688,0.16
22,octanol_hl_gap_eV,128,0.40453264117240906,0.0015060880687087774,0.6096149721871993,0.9069535161102058,0.3654552400112152,0.08704487979412079,0.2381820542276245,0.22
22,octanol_hl_gap_eV,129,0.03609957918524742,0.001522146281786263,0.6090878030371973,0.962205570034431,0.2373163104057312,0.0008260922622866929,0.0034809755000587716,0.1
22,octanol_hl_gap_eV,130,0.04565393552184105,0.00188819644972682,0.6130076863285099,0.9699468500997108,0.43548429012298584,0.0006663179956376553,0.0015300620728464838,0.04
22,octanol_hl_gap_eV,131,0.14154522120952606,0.0013125318801030517,0.6214928404994418,0.9647817140293737,0.25782352685928345,0.0014095106162130833,0.005466958866722721,0.18
22,octanol_hl_gap_eV,132,0.13408108055591583,0.0016193622723221779,0.6027414278013103,0.9741636911723921,0.4302443563938141,0.00045243778731673956,0.0010515833167666498,0.2
22,octanol_hl_gap_eV,133,0.2713598310947418,0.0007706757169216871,0.665145767411288,0.9463740141227321,0.29004520177841187,0.014610129408538342,0.05037190520290061,0.22
22,octanol_hl_gap_eV,134,0.5164496302604675,0.0008171535446308553,0.6676007210623893,0.8932164029053291,0.28501734137535095,0.0650421753525734,0.22820427360213394,0.2
22,octanol_hl_gap_eV,135,0.08477279543876648,0.0009997336892411113,0.6086779696386131,0.9671859166372623,0.27491089701652527,0.002605914371088147,0.00947912359738691,0.08
22,octanol_hl_gap_eV,136,0.07476447522640228,0.001389194163493812,0.6404780861887929,0.959277140396847,0.35474881529808044,0.0005006960709579289,0.0014114101284234456,0.06
22,octanol_hl_gap_eV,137,0.14347824454307556,0.0013711691135540605,0.6023316906845213,0.9737835879536085,0.38880467414855957,0.0010824321070685983,0.002783999727984259,0.24
22,octanol_hl_gap_eV,138,0.10877291113138199,0.0012053365353494883,0.6109945687504841,0.9707983136540776,0.30132776498794556,0.002714958041906357,0.009009983006428123,0.08
22,octanol_hl_gap_eV,139,0.13371707499027252,0.000780763104557991,0.6256663864537468,0.9433561256946235,0.26532256603240967,0.01139640249311924,0.042953008722700005,0.02
22,octanol_hl_gap_eV,140,0.05281411111354828,0.001448102411814034,0.6313223491215125,0.9459221310432921,0.26166966557502747,0.007357879541814327,0.02811896260747363,0.04
22,octanol_hl_gap_eV,141,0.0436958372592926,0.0010877263266593218,0.6184278650088939,0.9711719428720207,0.23830215632915497,0.0011727947276085615,0.004921460828028086,0.08
22,octanol_hl_gap_eV,142,0.08542568981647491,0.0015534705016762018,0.6043051386721408,0.9710990200877339,0.34936365485191345,0.0020079545211046934,0.005747462545741386,0.02
22,octanol_hl_gap_eV,143,0.2742656171321869,0.0013278204714879394,0.6451145671459904,0.9282763197649815,0.26691174507141113,0.05103456601500511,0.19120389775785634,0.16
22,octanol_hl_gap_eV,144,0.07905833423137665,0.0018173506250604987,0.6127884910886936,0.9544783915492063,0.43176427483558655,0.0038278503343462944,0.008865602268283819,0.14
22,octanol_hl_gap_eV,145,0.28213486075401306,0.002104954794049263,0.5817190047884633,0.9401021837150769,0.5139414072036743,0.0620516836643219,0.12073688322165273,0.26
22,octanol_hl_gap_eV,146,0.02970612607896328,0.0012237979099154472,0.6170931936572819,0.9721489340205414,0.2875271141529083,0.0007796731078997254,0.0027116507262166987,0.14
22,octanol_hl_gap_eV,147,0.04495730996131897,0.0013553836615756154,0.6227872357635384,0.9649697765641043,0.2517163157463074,0.0006396941607818007,0.0025413297460881216,0.02
22,octanol_hl_gap_eV,148,0.2594170570373535,0.00213792035356164,0.6016164181746104,0.9470494959174212,0.4376707971096039,0.02146175317466259,0.04903629238321793,0.22
22,octanol_hl_gap_eV,149,0.11775863915681839,0.0011795650934800506,0.6333408096880033,0.9723643985859689,0.21662624180316925,0.0010435405420139432,0.004817239745875867,0.1
22,octanol_hl_gap_eV,150,0.10521843284368515,0.002260893816128373,0.6176152428927195,0.9695399936917486,0.5033079981803894,0.0010984333930537105,0.0021824278513849953,0.16
22,octanol_hl_gap_eV,151,0.11912035197019577,0.001743437023833394,0.5876775907919687,0.9733989925254174,0.35209178924560547,0.002072043949738145,0.00588495390414449,0.08
22,octanol_hl_gap_eV,152,0.10218920558691025,0.001069958321750164,0.6693062129158915,0.9665035139937217,0.22625192999839783,0.0011662356555461884,0.005154588761096743,0.02
22,octanol_hl_gap_eV,153,0.013369861990213394,0.003276993753388524,0.6310529399983971,0.9771529078231742,0.5417605638504028,0.000425277859903872,0.0007849922793961515,0.0
22,octanol_hl_gap_eV,154,0.05252494663000107,0.0029655471444129944,0.6295374624085477,0.9750497602360872,0.5542750358581543,0.001310079824179411,0.0023635916096258684,0.02
22,octanol_hl_gap_eV,155,0.16474536061286926,0.0020174768287688494,0.6251610084137207,0.9199156132374298,0.44040703773498535,0.02295893430709839,0.05213117034908491,0.06
22,octanol_hl_gap_eV,156,0.05512518808245659,0.001202237675897777,0.6338185159072915,0.971155977309188,0.29439932107925415,0.0004390576796140522,0.001491367840131177,0.12
22,octanol_hl_gap_eV,157,0.07325239479541779,0.003501840168610215,0.6016820348274445,0.9793806559517326,0.742040753364563,0.006106683053076267,0.00822957907013507,0.04
22,octanol_hl_gap_eV,158,0.049696050584316254,0.0009231268195435405,0.6329403212846532,0.9616727153125888,0.2598983943462372,0.0005765973473899066,0.002218549094311689,0.18
22,octanol_hl_gap_eV,159,0.0713559165596962,0.0009653073502704501,0.6275420950997188,0.9807234287237889,0.36050793528556824,0.00105098239146173,0.002915282268694635,0.2
22,octanol_hl_gap_eV,160,0.0804673507809639,0.0017907825531437993,0.5940932675981938,0.9520164692505628,0.4456651210784912,0.006833191495388746,0.015332569618310504,0.1
22,octanol_hl_gap_eV,161,0.04759848117828369,0.0012113788397982717,0.6105653575977172,0.9740636672875829,0.2321443110704422,0.0006222474621608853,0.0026804338184797027,0.04
22,octanol_hl_gap_eV,162,0.07022079080343246,0.0012673708843067288,0.5891416085056478,0.972712417929896,0.290444552898407,0.0013524178648367524,0.004656371935161777,0.18
22,octanol_hl_gap_eV,163,0.03505665436387062,0.0012093306286260486,0.5929459770941201,0.9729773697599777,0.22637154161930084,0.0014561967691406608,0.00643277312476677,0.02
22,octanol_hl_gap_eV,164,0.09065192192792892,0.0013149010483175516,0.6090965411154368,0.9638473637267191,0.28260180354118347,0.0013568141730502248,0.004801151854122887,0.16
22,octanol_hl_gap_eV,165,0.09155865013599396,0.0020230798982083797,0.6171505308347018,0.9753854718259294,0.2438889741897583,0.0014185865875333548,0.005816526114992064,0.08
22,octanol_hl_gap_eV,166,0.343353807926178,0.0017387878615409136,0.6423379721528724,0.9251137953294541,0.414542019367218,0.0714561715722084,0.1723737720998306,0.24
22,octanol_hl_gap_eV,167,0.09304191172122955,0.001580371055752039,0.5810473263377136,0.9633267443381504,0.40791189670562744,0.0020773103460669518,0.005092546608333068,0.04
22,octanol_hl_gap_eV,168,0.08465593308210373,0.005207057110965252,0.5780882635834053,0.9748856324320694,1.0468792915344238,0.0013915934832766652,0.0013292778780990017,0.14
22,octanol_hl_gap_eV,169,0.07155440747737885,0.002090193796902895,0.5822237082423931,0.9612203490407332,0.320239394903183,0.0009971491526812315,0.0031137616687750007,0.1
22,octanol_hl_gap_eV,170,0.07269483804702759,0.0015738564543426037,0.6114320176509795,0.967864395250642,0.41098347306251526,0.0017259931191802025,0.004199665515303238,0.06
22,octanol_hl_gap_eV,171,0.0790112167596817,0.0013828676892444491,0.6316747202789708,0.9720859104749298,0.4012832045555115,0.00041550412424840033,0.0010354386117620868,0.1
22,octanol_hl_gap_eV,172,0.17001762986183167,0.0011879298835992813,0.6190531673163953,0.9334391895941696,0.33351030945777893,0.01714140735566616,0.051396933976447866,0.16
22,octanol_hl_gap_eV,173,0.3171285092830658,0.0009594616130925715,0.6271766704424591,0.8996348701881345,0.2433176040649414,0.04252120852470398,0.17475598893927577,0.14
22,octanol_hl_gap_eV,174,0.13338276743888855,0.0014564810553565621,0.6149544164100986,0.9797051147705413,0.26572123169898987,0.0006057535647414625,0.0022796581246757983,0.18
22,octanol_hl_gap_eV,175,0.11672956496477127,0.0014883006224408746,0.6784780828042809,0.9762657614445076,0.342255175113678,0.0034608272835612297,0.010111833319720402,0.12
22,octanol_hl_gap_eV,176,0.1667628437280655,0.002536532236263156,0.6283196671544855,0.9732207509565816,0.6231547594070435,0.0031311975326389074,0.005024751051598108,0.16
22,octanol_hl_gap_eV,177,0.030955538153648376,0.0010383102344349027,0.6180414724074772,0.9679471037791183,0.29826515913009644,0.0010966419940814376,0.003676735148281625,0.04
22,octanol_hl_gap_eV,178,0.11802107840776443,0.0019713903311640024,0.6133619239468064,0.9758649735387144,0.47101354598999023,0.0009215944446623325,0.0019566198308061354,0.14
22,octanol_hl_gap_eV,179,0.04099538177251816,0.002676576841622591,0.6309641843994314,0.9733423432863566,0.4677070081233978,0.0008613786776550114,0.0018417057317810148,0.0
22,octanol_hl_gap_eV,180,0.09020518511533737,0.0012000917922705412,0.6228938931897248,0.9442612386169478,0.19014444947242737,0.007613105233758688,0.040038535202483815,0.14
22,octanol_hl_gap_eV,181,0.0642218217253685,0.002631640061736107,0.6220444487226335,0.9550267356468334,0.46302974224090576,0.007894028909504414,0.017048643292977273,0.0
22,octanol_hl_gap_eV,182,0.15470615029335022,0.001612887135706842,0.5922468130526761,0.942833429633186,0.27691757678985596,0.011316132731735706,0.04086462427888123,0.18
22,octanol_hl_gap_eV,183,0.3974306881427765,0.0009841585997492075,0.6483170257928785,0.9199855499177483,0.27918875217437744,0.056569501757621765,0.2026209914154752,0.3
22,octanol_hl_gap_eV,184,0.1167987585067749,0.0017904856940731406,0.61602777611219,0.9695437780640841,0.42057082056999207,0.002373241586610675,0.005642905951949456,0.08
22,octanol_hl_gap_eV,185,0.45137903094291687,0.001321279676631093,0.6402375992376925,0.9001585764408266,0.29560256004333496,0.10788055509328842,0.3649513558931062,0.34
22,octanol_hl_gap_eV,186,0.04100387915968895,0.007148023694753647,0.6469597667591531,0.9801392371982542,1.5048267841339111,0.007817651145160198,0.00519505050520454,0.02
22,octanol_hl_gap_eV,187,0.06940281391143799,0.0038475000765174627,0.613599320446311,0.9774336973987059,0.7402392029762268,0.0018731497693806887,0.0025304655060816145,0.06
22,octanol_hl_gap_eV,188,0.2379675805568695,0.0020991156343370676,0.6376526427772138,0.9161530079350473,0.39738625288009644,0.07422871142625809,0.1867923484727469,0.1
22,octanol_hl_gap_eV,189,0.07348325103521347,0.0009461220470257103,0.6236730808560997,0.9678829765630903,0.2671230733394623,0.0019357323180884123,0.00724659346678176,0.06
22,octanol_hl_gap_eV,190,0.06447185575962067,0.0018188348039984703,0.5700765271717789,0.9707854788717651,0.4643503427505493,0.0013242176501080394,0.002851764127628552,0.04
22,octanol_hl_gap_eV,191,0.07127577811479568,0.0026814150623977184,0.6346399527391164,0.9245145430617459,0.49199119210243225,0.03845589607954025,0.07816378971177548,0.02
22,octanol_hl_gap_eV,192,0.1028292179107666,0.001339632784947753,0.6179503910178885,0.9613767053298778,0.28869521617889404,0.0013942871009930968,0.004829616227963775,0.18
22,octanol_hl_gap_eV,193,0.0909503623843193,0.001524144085124135,0.6006857621964581,0.9698926882295407,0.25853899121284485,0.001408545533195138,0.005448097119074541,0.02
22,octanol_hl_gap_eV,194,0.032511383295059204,0.0031848172657191753,0.600169978603794,0.9721911735384776,0.567082405090332,0.0026556875091046095,0.004683071605230951,0.0
22,octanol_hl_gap_eV,195,0.05224664881825447,0.00105897372122854,0.6259819462749383,0.9651796134652761,0.2647469639778137,0.0012630625860765576,0.004770829350029504,0.12
22,octanol_hl_gap_eV,196,0.12211467325687408,0.0011247389484196901,0.6182126134664241,0.9514082700302917,0.22092463076114655,0.008512219414114952,0.038529970084313366,0.02
22,octanol_hl_gap_eV,197,0.05124311149120331,0.0021328290458768606,0.5760701410518589,0.9646372254252262,0.2866673171520233,0.0009258665959350765,0.003229759866361318,0.02
22,octanol_hl_gap_eV,198,0.10515505820512772,0.0011655917624011636,0.6495367255375808,0.954922915065332,0.2706565856933594,0.0005045265424996614,0.0018640837473331067,0.06
22,octanol_hl_gap_eV,199,0.20047566294670105,0.0012463174061849713,0.5734990798855826,0.9342526170901473,0.38716834783554077,0.01856076903641224,0.047939789345322156,0.24
22,octanol_hl_gap_eV,200,0.08497745543718338,0.0033035259693861008,0.6053089872548638,0.9782900539164368,0.6676130294799805,0.002281698165461421,0.0034176956780467413,0.1
22,octanol_hl_gap_eV,201,0.2711978852748871,0.00167348503600806,0.603968974946294,0.9078834104120055,0.449189692735672,0.061324648559093475,0.1365228311130912,0.1
22,octanol_hl_gap_eV,202,0.03675441816449165,0.00145044457167387,0.6087836277809129,0.9622879799584405,0.2049878090620041,0.0015754092019051313,0.007685379970223528,0.02
22,octanol_hl_gap_eV,203,0.05881057307124138,0.0008534824009984732,0.6453671245017782,0.9854324095330718,0.2873394191265106,0.0003843860176857561,0.0013377420294586088,0.08
22,octanol_hl_gap_eV,204,0.036678072065114975,0.0011798616033047438,0.6425724183666017,0.962129502175668,0.2132703810930252,0.000767538498621434,0.003598898706363945,0.02
22,octanol_hl_gap_eV,205,0.181905597448349,0.002691431436687708,0.5749729851100391,0.9022945351424889,0.40426719188690186,0.06370347738265991,0.15757765819513164,0.04
22,octanol_hl_gap_eV,206,0.06582015752792358,0.0009109085658565164,0.6169170212718236,0.968588499061751,0.24280716478824615,0.00072378886397928,0.002980920536716869,0.06
22,octanol_hl_gap_eV,207,0.032935306429862976,0.0013001160696148872,0.6191232424281368,0.9573615965269582,0.30363112688064575,0.0004414078139234334,0.0014537633820953615,0.02
22,octanol_hl_gap_eV,208,0.05079176276922226,0.001448968192562461,0.608976771870473,0.9796234050654793,0.24435579776763916,0.0005587691557593644,0.0022867030815888582,0.02
22,octanol_hl_gap_eV,209,0.0749870240688324,0.0011901314137503505,0.6191052862143278,0.957967012331415,0.3369693160057068,0.0010470246197655797,0.0031071808916508224,0.04
22,octanol_hl_gap_eV,210,0.11350147426128387,0.0012769207824021578,0.6334480733454173,0.9820038964235993,0.37239351868629456,0.0004975824849680066,0.0013361738591029873,0.2
22,octanol_hl_gap_eV,211,0.12893541157245636,0.0011190777877345681,0.6423147030539311,0.9631746752053292,0.2958231270313263,0.0010527612175792456,0.0035587522454515975,0.1
22,octanol_hl_gap_eV,212,0.043400201946496964,0.0017927903681993484,0.6194500432396428,0.9685993632442216,0.36594635248184204,0.0023544111754745245,0.006433760466546387,0.02
22,octanol_hl_gap_eV,213,0.13237641751766205,0.0012283871183171868,0.6442981854180456,0.9708645545825279,0.33028846979141235,0.0008829255239106715,0.0026731951147682116,0.2
22,octanol_hl_gap_eV,214,0.13100884854793549,0.0012010367354378104,0.6409082984275714,0.9616659027002696,0.34701108932495117,0.000598403625190258,0.0017244510149642383,0.08
22,octanol_hl_gap_eV,215,0.08202087879180908,0.0032278764992952347,0.6176328254967103,0.9160218773706337,0.6251025795936584,0.040549397468566895,0.0648683892728864,0.02
22,octanol_hl_gap_eV,216,0.1578058898448944,0.003109026001766324,0.6264966632744629,0.9713619092346393,0.550278902053833,0.002132783178240061,0.0038758221881299995,0.2
22,octanol_hl_gap_eV,217,0.05906201899051666,0.0008932827622629702,0.671710101118717,0.9583277239453387,0.30860838294029236,0.0008220208110287786,0.0026636373360856436,0.02
22,octanol_hl_gap_eV,218,0.16490422189235687,0.0033662121277302504,0.6393438650564163,0.947588550854578,0.7761341333389282,0.21333694458007812,0.27487123090734694,0.08
22,octanol_hl_gap_eV,219,0.09529948234558105,0.0009100327151827514,0.6534885846769112,0.9401815371540494,0.2809734046459198,0.005605085287243128,0.01994881079334397,0.04
22,octanol_hl_gap_eV,220,0.0837271511554718,0.003054246539250016,0.633881359831896,0.9684647106741118,0.7295331358909607,0.001982634188607335,0.0027176753063944013,0.08
22,octanol_hl_gap_eV,221,0.02889229729771614,0.0007645278237760067,0.6651674800286966,0.9647052526486901,0.3032526671886444,0.0005885795108042657,0.0019408881585800794,0.08
22,octanol_hl_gap_eV,222,0.022196510806679726,0.002206293633207679,0.6026162853469388,0.9697383136002382,0.46934235095977783,0.0017479272792115808,0.0037242053175835744,0.0
22,octanol_hl_gap_eV,223,0.2063334733247757,0.0014156432589516044,0.6174736667061334,0.955416730603114,0.30953332781791687,0.009512537159025669,0.030731867311624108,0.18
22,octanol_hl_gap_eV,224,0.4939452111721039,0.0009222855442203581,0.6707997611648993,0.9011910989974672,0.2712990939617157,0.09178055822849274,0.3383002754938958,0.32
22,octanol_hl_gap_eV,225,0.2518346607685089,0.001768768299371004,0.6070027355319618,0.8880070101015958,0.21551933884620667,0.06788244098424911,0.3149714607870509,0.12
22,octanol_hl_gap_eV,226,0.045460835099220276,0.0014847778948023915,0.6348421163579456,0.9584523361257915,0.312771201133728,0.0010554559994488955,0.0033745306333290773,0.04
22,octanol_hl_gap_eV,227,0.16324491798877716,0.0016197742661461234,0.612827509173125,0.9649130224528004,0.3805399537086487,0.0015463553136214614,0.0040635820195778745,0.24
22,octanol_hl_gap_eV,228,0.1424805074930191,0.0013522031949833035,0.6470442998567321,0.9596646551554397,0.3756030797958374,0.004158843774348497,0.011072443220138334,0.08
22,octanol_hl_gap_eV,229,0.07810665667057037,0.001447836635634303,0.6001476311965888,0.9493172742240539,0.3470820188522339,0.007481711450964212,0.021556032996769746,0.1
22,octanol_hl_gap_eV,230,0.08295246958732605,0.0013770443620160222,0.6283375989460986,0.9791153096449461,0.23395924270153046,0.0003481188032310456,0.0014879463585678993,0.04
22,octanol_hl_gap_eV,231,0.026617400348186493,0.0015821268316358328,0.6053224976171687,0.9670281146924189,0.2883189022541046,0.0009181373752653599,0.003184450856628804,0.02
22,octanol_hl_gap_eV,232,0.042180243879556656,0.00248180259950459,0.6340714846798103,0.9668046300741691,0.455631822347641,0.0013035270385444164,0.002860921855343639,0.02
22,octanol_hl_gap_eV,233,0.05314454436302185,0.005037042312324047,0.6245878387808825,0.9629982952006899,1.134974718093872,0.003226913046091795,0.0028431585256024194,0.02
22,octanol_hl_gap_eV,234,0.24827951192855835,0.001092432765290141,0.6567935855692661,0.9275436646877118,0.3009996712207794,0.02628347836434841,0.08732062150682489,0.22
22,octanol_hl_gap_eV,235,0.04619832709431648,0.001230174326337874,0.6030512019022303,0.9617612559205142,0.25392481684684753,0.0010409723035991192,0.004099529602996513,0.02
22,octanol_hl_gap_eV,236,0.1371307671070099,0.001389803597703576,0.61740386581399,0.9650299348428448,0.3906629979610443,0.0017375005409121513,0.00444756874846235,0.08
22,octanol_hl_gap_eV,237,0.051558151841163635,0.004940618295222521,0.6098007906154179,0.9774492786491258,1.0675679445266724,0.01052804570645094,0.009861710217534453,0.02
22,octanol_hl_gap_eV,238,0.018176645040512085,0.0029744969215244055,0.6281146718245438,0.975519196519609,0.476579487323761,0.0011764348018914461,0.0024684965114586295,0.0
22,octanol_hl_gap_eV,239,0.06243032589554787,0.0018380037508904934,0.6290821025919746,0.9701825875754693,0.3003620505332947,0.000715606554877013,0.002382479922501691,0.02
22,octanol_hl_gap_eV,240,0.024192316457629204,0.002557208528742194,0.6367000427123071,0.9716194259680906,0.474037766456604,0.0008169059292413294,0.0017232929252612903,0.0
22,octanol_hl_gap_eV,241,0.020595217123627663,0.0025819430593401194,0.6229983990824444,0.9721676160061086,0.5279637575149536,0.0004661297134589404,0.0008828820289728659,0.0
22,octanol_hl_gap_eV,242,0.18677589297294617,0.0013523921370506287,0.6234280354172315,0.9503854714223359,0.27101343870162964,0.007920868694782257,0.029226848427626066,0.22
22,octanol_hl_gap_eV,243,0.049442775547504425,0.000963508035056293,0.6501359901974046,0.9520340828755318,0.26107853651046753,0.0020874838810414076,0.00799561660235411,0.02
22,octanol_hl_gap_eV,244,0.12337250262498856,0.004856272600591183,0.5848972192294926,0.9842587083695968,1.0032752752304077,0.0012996713630855083,0.0012954284782778402,0.08
22,octanol_hl_gap_eV,245,0.03282788023352623,0.0016316591063514352,0.6156617910305624,0.9596896686549816,0.23560763895511627,0.0007681859424337745,0.0032604458235758454,0.02
22,octanol_hl_gap_eV,246,0.09625424444675446,0.0027637167368084192,0.6219867190393509,0.9752762239525603,0.4447827935218811,0.0008785874233581126,0.0019753179218136513,0.04
22,octanol_hl_gap_eV,247,0.049879658967256546,0.0028633377514779568,0.5746137400628983,0.97707730669733,0.38207465410232544,0.0026985330041497946,0.0070628422356094995,0.16
22,octanol_hl_gap_eV,248,0.04127584025263786,0.0009556151344440877,0.6417599084377972,0.9733588210907067,0.29277440905570984,0.0008141323924064636,0.002780749844333384,0.04
22,octanol_hl_gap_eV,249,0.13022302091121674,0.0017059644451364875,0.6365040929969319,0.9712311354352012,0.40938955545425415,0.004861054942011833,0.011873910502230718,0.14
22,octanol_dipole,0,0.16397428512573242,0.02532680332660675,0.5900728968140505,0.927383552839639,4.5922064781188965,0.2269822508096695,0.04942771016312144,0.04
22,octanol_dipole,1,0.07584318518638611,0.031311407685279846,0.5790355754282943,0.9630677595204002,5.503026008605957,0.008406213484704494,0.001527562012528809,0.04
22,octanol_dipole,2,0.04842834547162056,0.03886304423213005,0.5819661213189309,0.9674911661744561,6.9861226081848145,0.0071439845487475395,0.0010225965030126692,0.02
22,octanol_dipole,3,0.21042680740356445,0.03234601020812988,0.5797833915391235,0.9110377663465048,5.70844841003418,0.5025864839553833,0.08804257266684731,0.08
22,octanol_dipole,4,0.10062331706285477,0.021918751299381256,0.5933086905224305,0.9503167518022939,3.9424383640289307,0.047637518495321274,0.012083262716284713,0.02
22,octanol_dipole,5,0.1480720341205597,0.03677331283688545,0.5864313063520381,0.9274393068210958,6.5634331703186035,0.21954244375228882,0.03344933025982677,0.04
22,octanol_dipole,6,0.2829093039035797,0.024484124034643173,0.5887953611098,0.898969934410917,4.514040946960449,0.43630972504615784,0.09665612921388075,0.06
22,octanol_dipole,7,0.06310920417308807,0.023145603016018867,0.5886000172411703,0.9716272833477093,4.085923194885254,0.00901580136269331,0.002206551844630673,0.08
22,octanol_dipole,8,0.033103588968515396,0.022038226947188377,0.5811708229326478,0.9656682287300082,3.8521504402160645,0.004433696623891592,0.0011509666334949549,0.02
22,octanol_dipole,9,0.06970508396625519,0.030120404437184334,0.585673523498947,0.952493898500548,5.52546501159668,0.014278668910264969,0.0025841569678384225,0.04
22,octanol_dipole,10,0.04540325701236725,0.026137392967939377,0.5851044770954981,0.9625113716170512,4.640556812286377,0.007084051612764597,0.0015265520710809537,0.04
22,octanol_dipole,11,0.05671011283993721,0.0202473197132349,0.5928022775280875,0.9659225921636683,3.636049270629883,0.008009878918528557,0.0022029071451886524,0.04
22,octanol_dipole,12,0.11565843224525452,0.035343460738658905,0.5970100314795523,0.9555548526736208,6.4167399406433105,0.01984853297472,0.0030932425434604858,0.0
22,octanol_dipole,13,0.07578481733798981,0.012816508300602436,0.592541543500112,0.9740627073222312,2.2528674602508545,0.019921815022826195,0.00884287041928686,0.04
22,octanol_dipole,14,0.04019627720117569,0.03243938460946083,0.5834382327529513,0.9513266000187532,5.754518032073975,0.008501773700118065,0.0014774084732607844,0.02
22,octanol_dipole,15,0.18685626983642578,0.032574303448200226,0.5774190572857081,0.8928301648432977,5.787805080413818,0.389593243598938,0.06731277888354228,0.04
22,octanol_dipole,16,0.23449888825416565,0.03285461291670799,0.5750220472059482,0.9062589031264685,5.86293888092041,0.39847567677497864,0.06796517665768721,0.02
22,octanol_dipole,17,0.050769854336977005,0.03043643943965435,0.5833871953069054,0.9658412416868145,5.368432521820068,0.009326713159680367,0.0017373252102493254,0.0
22,octanol_dipole,18,0.1495526134967804,0.024058964103460312,0.5866387385957572,0.9256790420108254,4.247406482696533,0.08310597389936447,0.01956628691836514,0.04
22,octanol_dipole,19,0.23006074130535126,0.020186005160212517,0.5912842699474663,0.9095568678532209,3.6275739669799805,0.2841174304485321,0.07832160916213236,0.1
22,octanol_dipole,20,0.0680878758430481,0.02468619868159294,0.5960900851350506,0.9588066382044502,4.449088096618652,0.019082820042967796,0.004289153109256459,0.0
22,octanol_dipole,21,0.10633740574121475,0.017208069562911987,0.5949879456367868,0.949624208489408,3.044525146484375,0.01649211160838604,0.005416973358696047,0.08
22,octanol_dipole,22,0.1007632240653038,0.024422502145171165,0.5810795111997022,0.9371399186323515,4.2771477699279785,0.05822580307722092,0.013613231576098051,0.02
22,octanol_dipole,23,0.20795457065105438,0.030767958611249924,0.5831064509208328,0.9000885667398222,5.48744010925293,0.5696837902069092,0.10381594675562973,0.04
22,octanol_dipole,24,0.25069835782051086,0.02931852824985981,0.5905234726547781,0.9189897538447234,5.287867069244385,0.6075964570045471,0.11490388261431281,0.1
22,octanol_dipole,25,0.0872359648346901,0.022535517811775208,0.5991125434182045,0.9595880382101256,4.076932430267334,0.012347293086349964,0.003028574374861622,0.02
22,octanol_dipole,26,0.12317273020744324,0.03627185896039009,0.5801209306010364,0.9412478000501587,6.383975505828857,0.02989874593913555,0.004683405491113907,0.02
22,octanol_dipole,27,0.30832767486572266,0.026782875880599022,0.5897289719239263,0.8934988517016214,4.8705668449401855,0.6448937654495239,0.13240630628434455,0.12
22,octanol_dipole,28,0.08400822430849075,0.02913808450102806,0.5841373702426405,0.9681537458979323,5.133808612823486,0.0069171469658613205,0.0013473714132200647,0.02
22,octanol_dipole,29,0.20393015444278717,0.002125960309058428,0.6143772422687794,0.9587761705392925,0.20261944830417633,0.028696278110146523,0.1416264744096386,0.14
22,octanol_dipole,30,0.12933647632598877,0.021224912256002426,0.5916613970192581,0.9248628662423619,3.756929874420166,0.10311883687973022,0.027447634192438924,0.08
22,octanol_dipole,31,0.5522469282150269,0.0031689349561929703,0.6510390851641277,0.9337919852721523,0.4967072010040283,0.37763503193855286,0.7602769421808527,0.44
22,octanol_dipole,32,0.2022436112165451,0.023741375654935837,0.591938346197943,0.9301797086077301,4.24946928024292,0.20306330919265747,0.04778556939727998,0.02
22,octanol_dipole,33,0.2765938937664032,0.019468368962407112,0.5924335449107521,0.8953498741897226,3.5450005531311035,0.3405497670173645,0.09606479940223865,0.06
22,octanol_dipole,34,0.0720369890332222,0.021562740206718445,0.5904987493925931,0.9630032916522877,3.8652472496032715,0.0058847167529165745,0.0015224683889292156,0.04
22,octanol_dipole,35,0.09070812910795212,0.022946158424019814,0.5935472057976856,0.9538612845620595,4.081439971923828,0.005004530306905508,0.0012261678087468163,0.06
22,octanol_dipole,36,0.1837596446275711,0.021046718582510948,0.5915502543375968,0.9325724404170916,3.8260791301727295,0.24296754598617554,0.06350301123416825,0.06
22,octanol_dipole,37,0.3417404592037201,0.0203245896846056,0.5918303713078152,0.910943077615479,3.7057082653045654,0.6376600861549377,0.17207509077958397,0.12
22,octanol_dipole,38,0.07343170791864395,0.016504008322954178,0.5929540722191944,0.9604541991755189,2.986628770828247,0.00816406961530447,0.0027335401356360814,0.04
22,octanol_dipole,39,0.0903562605381012,0.03175663203001022,0.5808670632663602,0.9669435229179653,5.588172435760498,0.008707779459655285,0.0015582517468379154,0.02
22,octanol_dipole,40,0.22004738450050354,0.023890508338809013,0.5840968409052691,0.8932178264843351,4.281420707702637,0.375088632106781,0.08760845002500336,0.04
22,octanol_dipole,41,0.5636820197105408,0.00975954718887806,0.6114999798519098,0.8929062099458827,1.7318062782287598,0.9194430708885193,0.5309156586664523,0.38
22,octanol_dipole,42,0.14203405380249023,0.024505631998181343,0.5876962557400565,0.9489066944407141,4.351739406585693,0.06067412346601486,0.013942499262293564,0.04
22,octanol_dipole,43,0.05460812896490097,0.030941462144255638,0.5799502605025102,0.9429262406052157,5.508259296417236,0.025945555418729782,0.0047103003004244325,0.02
22,octanol_dipole,44,0.06735680997371674,0.029765427112579346,0.5862373265248051,0.9636919443839138,5.26067590713501,0.009802989661693573,0.0018634467955720027,0.02
22,octanol_dipole,45,0.08687283098697662,0.02576403319835663,0.5843732606804639,0.9469206254472862,4.56669282913208,0.015030665323138237,0.0032913677108418263,0.02
22,octanol_dipole,46,0.23806211352348328,0.018896443769335747,0.5901455487917644,0.8920465394226174,3.4371352195739746,0.4301443099975586,0.12514617043517828,0.08
22,octanol_dipole,47,0.3165670335292816,0.01879359595477581,0.5941106146885424,0.884425773532387,3.4229228496551514,0.5352154970169067,0.15636212690882823,0.12
22,octanol_dipole,48,0.10974015295505524,0.0234895758330822,0.5891012431665994,0.9728006692806594,4.197452545166016,0.010845374315977097,0.0025837991494310378,0.06
22,octanol_dipole,49,0.058314111083745956,0.025896849110722542,0.5924910028866803,0.965337017851776,4.669092178344727,0.005364714656025171,0.0011489845244235582,0.04
22,octanol_dipole,50,0.1834644377231598,0.01746337115764618,0.5920872135981474,0.9238698522880122,3.153805732727051,0.08209899812936783,0.026031723285117502,0.08
22,octanol_dipole,51,0.09851472824811935,0.02582591213285923,0.5843244487720125,0.9531394763401229,4.5539164543151855,0.003645294811576605,0.0008004746789156415,0.04
22,octanol_dipole,52,0.2646084725856781,0.02106340043246746,0.5908964188495562,0.909936865481692,3.8878493309020996,0.3762205243110657,0.09676828814345309,0.14
22,octanol_dipole,53,0.08232390135526657,0.025398213416337967,0.5857085853995454,0.9673081131374979,4.454417705535889,0.006103876978158951,0.0013702973950047695,0.04
22,octanol_dipole,54,0.3296586871147156,0.016992488875985146,0.5947962500873516,0.9288183120384428,3.0962483882904053,0.6992465853691101,0.22583672163175492,0.14
22,octanol_dipole,55,0.08870881050825119,0.011843176558613777,0.5932876735078785,0.9438391536476818,2.0597805976867676,0.044167060405015945,0.021442604350491345,0.04
22,octanol_dipole,56,0.11570229381322861,0.024600176140666008,0.5868155577079288,0.9500164703118656,4.449126243591309,0.07556074112653732,0.01698327648836171,0.04
22,octanol_dipole,57,0.06099698320031166,0.021220946684479713,0.5926031734772548,0.9619124417932914,3.7655792236328125,0.007436650805175304,0.001974902229782555,0.12
22,octanol_dipole,58,0.04894595220685005,0.03160171955823898,0.5737575969356181,0.9474252543617008,5.450498104095459,0.016753410920500755,0.003073739427211686,0.0
22,octanol_dipole,59,0.08928351104259491,0.02338404208421707,0.5903169625609841,0.946792146010605,4.125589847564697,0.04079514369368553,0.009888317840845614,0.02
22,octanol_dipole,60,0.07149422913789749,0.027827609330415726,0.5800419010956455,0.9626717602468375,4.933584690093994,0.006714096292853355,0.0013608961261644906,0.06
22,octanol_dipole,61,0.2901502549648285,0.02533385530114174,0.5814253823169349,0.8885891321692891,4.529318332672119,0.49417856335639954,0.10910660877855624,0.1
22,octanol_dipole,62,0.05253507196903229,0.02641741745173931,0.5815884918303726,0.9614509825738471,4.620580196380615,0.009492949582636356,0.0020544929812217863,0.02
22,octanol_dipole,63,0.0940929427742958,0.01865474320948124,0.5931083528476155,0.955478184692472,3.340282440185547,0.00707065686583519,0.002116784132015623,0.04
22,octanol_dipole,64,0.04306635633111,0.036950547248125076,0.5870166012046119,0.9609003925042687,6.5364155769348145,0.005430988967418671,0.0008308818347754868,0.02
22,octanol_dipole,65,0.18863755464553833,0.02108931541442871,0.5898485471187898,0.9301165411874932,3.8263847827911377,0.223390594124794,0.05838163352767748,0.04
22,octanol_dipole,66,0.09985262155532837,0.018290121108293533,0.5907807084373284,0.9655546672328543,3.289900302886963,0.01449608989059925,0.004406239872338563,0.06
22,octanol_dipole,67,0.15425121784210205,0.01762259379029274,0.592395134477534,0.9329215407876819,3.1496472358703613,0.12155185639858246,0.03859221280855387,0.04
22,octanol_dipole,68,0.024191496893763542,0.030161915346980095,0.5849764563873125,0.9635155697788327,5.44188117980957,0.004324093461036682,0.0007945953463813035,0.0
22,octanol_dipole,69,0.3245134651660919,0.022820407524704933,0.5907000201101729,0.891115052522877,4.217158794403076,0.547844648361206,0.12990847038728867,0.08
22,octanol_dipole,70,0.15911836922168732,0.02032775804400444,0.592573561696073,0.9503436815570272,3.67214035987854,0.07998663932085037,0.02178202124155625,0.08
22,octanol_dipole,71,0.19065038859844208,0.020159529522061348,0.5916503016750825,0.9276806461665814,3.724834442138672,0.22145776450634003,0.05945439131495643,0.02
22,octanol_dipole,72,0.12506873905658722,0.02142242155969143,0.5962737187322629,0.9432225730118036,4.006403923034668,0.08182161301374435,0.02042270689266104,0.04
22,octanol_dipole,73,0.157339945435524,0.0399446003139019,0.5809612731694607,0.9264012348825468,7.122787952423096,0.37139633297920227,0.05214198926880271,0.0
22,octanol_dipole,74,0.04615924134850502,0.030880067497491837,0.5806820054958941,0.9510359368971779,5.410480976104736,0.01539965346455574,0.002846263304975649,0.02
22,octanol_dipole,75,0.08307962119579315,0.036711905151605606,0.5798523057576457,0.9672016774215313,6.494034767150879,0.004032500088214874,0.0006209544963652926,0.02
22,octanol_dipole,76,0.2670002281665802,0.0174026470631361,0.5929643682386196,0.9083089061811107,3.1847829818725586,0.41694706678390503,0.13091851757470532,0.12
22,octanol_dipole,77,0.23626726865768433,0.025007832795381546,0.5920814526691354,0.8954669327228741,4.559944152832031,0.45988982915878296,0.10085426789123295,0.08
22,octanol_dipole,78,0.059530701488256454,0.029587045311927795,0.5812494736375333,0.9751498781808758,5.1415276527404785,0.006096468772739172,0.001185731009243858,0.02
22,octanol_dipole,79,0.055336080491542816,0.02706199325621128,0.5852581314188121,0.9482722621862678,4.813126087188721,0.01138906180858612,0.0023662504580756393,0.02
22,octanol_dipole,80,0.03187554329633713,0.03668925166130066,0.5800315574799126,0.950093085950656,6.470616817474365,0.015084766782820225,0.0023312718413618203,0.0
22,octanol_dipole,81,0.26146385073661804,0.025037230923771858,0.5884761061391375,0.8911914961904974,4.536133766174316,0.40144094824790955,0.08849848107245671,0.1
22,octanol_dipole,82,0.12722176313400269,0.015265294350683689,0.5921471729170835,0.9407018958001003,2.7190167903900146,0.11849083751440048,0.04357856043154636,0.04
22,octanol_dipole,83,0.04245567321777344,0.015451210550963879,0.5937503328532057,0.962817447520266,2.7284555435180664,0.010751198045909405,0.003940397002784523,0.08
22,octanol_dipole,84,0.45237648487091064,0.01109240110963583,0.6011252882732641,0.9212321168614406,2.0012435913085938,0.6145147085189819,0.3070664216929018,0.2
22,octanol_dipole,85,0.1267235279083252,0.01976553536951542,0.5928120402325949,0.9719704876297466,3.556706428527832,0.014218181371688843,0.003997569565384101,0.08
22,octanol_dipole,86,0.10765121877193451,0.0280431117862463,0.5893283302798895,0.9377348741689322,4.966262340545654,0.07458824664354324,0.015018990445709734,0.02
22,octanol_dipole,87,0.07289756089448929,0.029554756358265877,0.5791914306774224,0.9662960365150628,5.180620193481445,0.004395443480461836,0.0008484396300644537,0.02
22,octanol_dipole,88,0.08063803613185883,0.019334521144628525,0.5927338213293825,0.9684405856113771,3.4287571907043457,0.013701336458325386,0.0039960066275532375,0.04
22,octanol_dipole,89,0.1762876808643341,0.022209517657756805,0.5907157261303484,0.9257872995954421,3.981872320175171,0.08689235895872116,0.021821985230028314,0.04
22,octanol_dipole,90,0.24069903790950775,0.02897700108587742,0.5862840616368619,0.8895803350687077,5.2359514236450195,0.45655399560928345,0.08719599527748337,0.06
22,octanol_dipole,91,0.10101564228534698,0.026255996897816658,0.5895752114731763,0.9586901763370457,4.698953151702881,0.02703879028558731,0.005754215760969774,0.02
22,octanol_dipole,92,0.055117614567279816,0.03153209388256073,0.5884973757494445,0.9576211637184946,5.783755302429199,0.005360110197216272,0.0009267525884030754,0.0
22,octanol_dipole,93,0.12314572930335999,0.018281161785125732,0.5925893944432339,0.9618820015151268,3.2958366870880127,0.012182860635221004,0.003696439414898615,0.04
22,octanol_dipole,94,0.21827815473079681,0.024183770641684532,0.5864366160701084,0.9054170221518645,4.335463047027588,0.3112659454345703,0.07179531737630092,0.08
22,octanol_dipole,95,0.1409369856119156,0.016557523980736732,0.5927738349344676,0.9460254841951983,2.9538938999176025,0.027182726189494133,0.00920233668184642,0.04
22,octanol_dipole,96,0.08545421063899994,0.02447771281003952,0.5882881043703867,0.9662922616080458,4.422004699707031,0.010906808078289032,0.002466484958510251,0.04
22,octanol_dipole,97,0.36946022510528564,0.02123442478477955,0.5922704312449838,0.9104158426587394,3.8557968139648438,0.8129652738571167,0.21084235323623282,0.12
22,octanol_dipole,98,0.12309899181127548,0.034159671515226364,0.5821837623927091,0.9473514688446674,6.0398478507995605,0.10359911620616913,0.017152603635943342,0.02
22,octanol_dipole,99,0.07835038751363754,0.02789231948554516,0.587267571020391,0.9631631441808672,5.070263862609863,0.004312728997319937,0.0008505926149374022,0.02
22,octanol_dipole,100,0.08932576328516006,0.029966847971081734,0.5880126784418012,0.9626596435304189,5.323603630065918,0.004642738029360771,0.0008721043774070918,0.04
22,octanol_dipole,101,0.2488200068473816,0.02171267941594124,0.5918660591859095,0.8963452458798591,3.9266486167907715,0.3611620366573334,0.09197717236856022,0.06
22,octanol_dipole,102,0.05456666648387909,0.028149373829364777,0.5815208517325421,0.9545778158306817,4.889720916748047,0.009313796646893024,0.0019047706005043841,0.0
22,octanol_dipole,103,0.07548440247774124,0.026651887223124504,0.5857486549200477,0.9643531763737132,4.706512451171875,0.013040725141763687,0.0027707830962003886,0.06
22,octanol_dipole,104,0.06060776114463806,0.01681804098188877,0.5944156046019331,0.9464029500049607,2.9752390384674072,0.006782808806747198,0.002279752557374728,0.06
22,octanol_dipole,105,0.11946120858192444,0.03162704408168793,0.5827728536914691,0.9328922307192946,5.5660624504089355,0.11645961552858353,0.02092316005545847,0.04
22,octanol_dipole,106,0.17573164403438568,0.01987166702747345,0.5916603066167234,0.9238645087675583,3.5774149894714355,0.15936344861984253,0.044547095902728505,0.02
22,octanol_dipole,107,0.07371460646390915,0.0219718050211668,0.5909540988232906,0.9626618502821429,3.922010898590088,0.00937837827950716,0.00239121678190098,0.04
22,octanol_dipole,108,0.2164330929517746,0.019409429281949997,0.5942560714922558,0.9313293823369286,3.503020763397217,0.28051966428756714,0.08007936099571393,0.1
22,octanol_dipole,109,0.09630260616540909,0.02067655697464943,0.5913059938681404,0.959704619972858,3.6928861141204834,0.008794419467449188,0.002381448871066448,0.04
22,octanol_dipole,110,0.32635700702667236,0.01966344565153122,0.5927838092390867,0.9023719782634281,3.618375301361084,0.43232256174087524,0.11947974594516308,0.14
22,octanol_dipole,111,0.16341862082481384,0.020227551460266113,0.5931539091664066,0.9358246605860157,3.645981788635254,0.09156475961208344,0.02511388287717079,0.04
22,octanol_dipole,112,0.08240437507629395,0.02764763869345188,0.5799377450453058,0.9439049860395143,4.8285298347473145,0.05654818192124367,0.011711262818406698,0.02
22,octanol_dipole,113,0.037861280143260956,0.029161179438233376,0.5837016112316968,0.9488698578080699,5.153486728668213,0.009870379231870174,0.0019152817794140166,0.0
22,octanol_dipole,114,0.09201013296842575,0.013776176609098911,0.5922976493418766,0.955030675362909,2.439685106277466,0.01856219582259655,0.0076084392099762515,0.04
22,octanol_dipole,115,0.09080983698368073,0.02072077989578247,0.5932040146089894,0.9688500396486659,3.751403570175171,0.019784584641456604,0.0052739152883337385,0.04
22,octanol_dipole,116,0.04621230065822601,0.0317038930952549,0.5880942852188407,0.9655343068627575,5.608415126800537,0.007176372688263655,0.0012795723080430386,0.02
22,octanol_dipole,117,0.3096795678138733,0.02071450836956501,0.5932917278632612,0.8802995774365745,3.792041778564453,0.4830628037452698,0.12738857638012155,0.16
22,octanol_dipole,118,0.18290413916110992,0.02091420441865921,0.5907733999583309,0.939726077605286,3.80765962600708,0.1759878545999527,0.04621942922574284,0.06
22,octanol_dipole,119,0.04136301949620247,0.03720688447356224,0.5829142339792852,0.9617023803452598,6.581863880157471,0.006235500797629356,0.0009473761401276765,0.06
22,octanol_dipole,120,0.11840535700321198,0.024518072605133057,0.5918224953913633,0.9651701029214503,4.425720691680908,0.009450259618461132,0.002135304118089721,0.04
22,octanol_dipole,121,0.07211879640817642,0.031840283423662186,0.5824451902933445,0.9578503963130647,5.621492862701416,0.003619612194597721,0.0006438880708385906,0.02
22,octanol_dipole,122,0.08319022506475449,0.038545023649930954,0.5804675172319556,0.952587563376069,6.795675754547119,0.0137058449909091,0.0020168479906855843,0.02
22,octanol_dipole,123,0.06397111713886261,0.03178739547729492,0.581742800524417,0.9527580407937462,5.610036849975586,0.052410248667001724,0.009342228949392696,0.04
22,octanol_dipole,124,0.11469569057226181,0.019967617467045784,0.5919905454499919,0.9532003071375319,3.535200834274292,0.019529564306139946,0.005524315370373855,0.06
22,octanol_dipole,125,0.5443923473358154,0.010124699212610722,0.6154692696775206,0.9020612436491326,1.8256815671920776,0.8597569465637207,0.4709238248409542,0.22
22,octanol_dipole,126,0.04950259253382683,0.020555740222334862,0.5908195149383437,0.9484070465853962,3.6631438732147217,0.005684038624167442,0.0015516831500203166,0.04
22,octanol_dipole,127,0.11639195680618286,0.02084258943796158,0.5916259813268923,0.959160623525557,3.7357380390167236,0.014238807372748852,0.0038115111991355315,0.04
22,octanol_dipole,128,0.03557618707418442,0.037102606147527695,0.5812790207618901,0.9583886149186505,6.560060024261475,0.00830981694161892,0.001266728796822927,0.0
22,octanol_dipole,129,0.11844602972269058,0.019462116062641144,0.5919359892761389,0.9641163427035746,3.4950764179229736,0.010611580684781075,0.0030361512642081917,0.04
22,octanol_dipole,130,0.2013102024793625,0.0317162461578846,0.5846254618198561,0.9047185410430534,5.712130069732666,0.34038934111595154,0.05959061452742482,0.02
22,octanol_dipole,131,0.08280399441719055,0.024464162066578865,0.5920720064763183,0.961819023322253,4.403846263885498,0.017325889319181442,0.0039342629785388715,0.06
22,octanol_dipole,132,0.15983247756958008,0.04037559777498245,0.5788048915726487,0.944357498409357,7.182796001434326,0.08499190211296082,0.011832704436543771,0.04
22,octanol_dipole,133,0.11853679269552231,0.036797262728214264,0.57957299384652,0.9640133378845726,6.472141742706299,0.015541198663413525,0.002401245102662884,0.02
22,octanol_dipole,134,0.06901326775550842,0.02777189575135708,0.5813711950780898,0.9614449463075274,4.883151531219482,0.005649934988468885,0.0011570263491409434,0.02
22,octanol_dipole,135,0.08915053308010101,0.030678626149892807,0.5889339146235992,0.9576961716287309,5.495968818664551,0.008599120192229748,0.001564623176723048,0.04
22,octanol_dipole,136,0.20504902303218842,0.030801719054579735,0.5868079849430214,0.9043373384297924,5.670563220977783,0.5149785280227661,0.09081611613422196,0.04
22,octanol_dipole,137,0.15106043219566345,0.017299070954322815,0.5952938781054031,0.9493562729918035,3.071559190750122,0.07747389376163483,0.025222985770531257,0.08
22,octanol_dipole,138,0.05473947897553444,0.027399949729442596,0.585209112990906,0.953382527261043,4.866586685180664,0.008653064258396626,0.0017780561239659485,0.0
22,octanol_dipole,139,0.10538791865110397,0.016880519688129425,0.592082659383623,0.9742909197486729,3.0303847789764404,0.02140112780034542,0.007062181657199976,0.04
22,octanol_dipole,140,0.32521727681159973,0.0028130554128438234,0.6172736884858079,0.9425321314280357,0.41380709409713745,0.1608448475599289,0.3886952395315196,0.2
22,octanol_dipole,141,0.06976194679737091,0.021063724532723427,0.5927175916489007,0.96380909502448,3.7712743282318115,0.0066155437380075455,0.001754193188356385,0.06
22,octanol_dipole,142,0.06117743253707886,0.028438575565814972,0.5828018882948376,0.9584243579392202,5.0191779136657715,0.006132511887699366,0.0012218160011826453,0.02
22,octanol_dipole,143,0.1340838223695755,0.017623525112867355,0.5918983262628761,0.954084243645251,3.1674866676330566,0.025864385068416595,0.008165586088399884,0.06
22,octanol_dipole,144,0.05343693494796753,0.023791823536157608,0.5871285267986963,0.9468092018785557,4.174005031585693,0.01717294752597809,0.004114261337977864,0.08
22,octanol_dipole,145,0.3081751763820648,0.021418994292616844,0.5916191688024706,0.9043028957599213,3.9148151874542236,0.5014496445655823,0.12809024706263883,0.18
22,octanol_dipole,146,0.21963195502758026,0.026403997093439102,0.5883743463164415,0.9013391526825985,4.714660167694092,0.4428936839103699,0.09393968348878604,0.04
22,octanol_dipole,147,0.07227669656276703,0.031384360045194626,0.5867937673320605,0.9662018195149142,5.762302875518799,0.009366288781166077,0.0016254419428313718,0.06
22,octanol_dipole,148,0.08318787068128586,0.0367085300385952,0.57766270426056,0.9392469773407366,6.42489767074585,0.02689867466688156,0.004186630829835297,0.0
22,octanol_dipole,149,0.12119486182928085,0.02488136664032936,0.5876213412072644,0.9461684736870242,4.465177536010742,0.017575975507497787,0.003936232180187942,0.06
22,octanol_dipole,150,0.3366539478302002,0.01894422061741352,0.5918014640075548,0.8930276224673681,3.4732110500335693,0.612061083316803,0.1762234066688482,0.12
22,octanol_dipole,151,0.09750378131866455,0.028604190796613693,0.591943978150804,0.9600733935496248,5.144427299499512,0.011589115485548973,0.002252751338652691,0.04
22,octanol_dipole,152,0.17518487572669983,0.03000829555094242,0.5846455239751738,0.9130547354555463,5.348572731018066,0.21239514648914337,0.039710621350888,0.0
22,octanol_dipole,153,0.27507734298706055,0.01989283226430416,0.5935157935594388,0.9192854521529232,3.653764486312866,0.3257542550563812,0.0891557888519275,0.1
22,octanol_dipole,154,0.27097654342651367,0.007967745885252953,0.5988523441922613,0.9481832398276469,1.3586536645889282,0.21377839148044586,0.1573457585639577,0.16
22,octanol_dipole,155,0.08452366292476654,0.019519750028848648,0.5920674522933604,0.9697262323675901,3.4603359699249268,0.02573871612548828,0.007438213037460259,0.02
22,octanol_dipole,156,0.15648069977760315,0.03968341648578644,0.5807917650020264,0.9215550573878224,7.03477668762207,0.214601069688797,0.030505740156101174,0.02
22,octanol_dipole,157,0.2196715772151947,0.018841726705431938,0.59309870381999,0.9296331161357341,3.3840417861938477,0.18625085055828094,0.055037987804448456,0.14
22,octanol_dipole,158,0.05367913469672203,0.03279987722635269,0.5772507033611205,0.9533256881566419,5.711634635925293,0.004977166652679443,0.0008714084443311272,0.02
22,octanol_dipole,159,0.0804590955376625,0.025074439123272896,0.5892666861720406,0.9679860129248004,4.457352161407471,0.00947037898004055,0.0021246647420046223,0.06
22,octanol_dipole,160,0.10324273258447647,0.032959695905447006,0.584037648965609,0.9677482784827742,5.844589710235596,0.006619662512093782,0.0011326137231670525,0.04
22,octanol_dipole,161,0.09253981709480286,0.0217522494494915,0.593767648208501,0.9689453193412494,3.9102752208709717,0.005319490563124418,0.0013603877636877845,0.04
22,octanol_dipole,162,0.030375776812434196,0.04246257245540619,0.5818289302832917,0.9604250548814857,7.48726224899292,0.005642658565193415,0.0007536344230432673,0.0
22,octanol_dipole,163,0.12457343190908432,0.0038497736677527428,0.6101664602124135,0.9697048076670458,0.5689637660980225,0.07054722309112549,0.12399247068919929,0.06
22,octanol_dipole,164,0.059426743537187576,0.024780316278338432,0.5864141002153245,0.9511985125203257,4.423470497131348,0.00967977475374937,0.0021882760967947617,0.04
22,octanol_dipole,165,0.340309202671051,0.019961653277277946,0.5945984256308186,0.9184325058178275,3.7260563373565674,0.6113518476486206,0.16407477297628334,0.26
22,octanol_dipole,166,0.10684730112552643,0.018801195546984673,0.5904721560875439,0.9717306062709798,3.385253429412842,0.011084936559200287,0.0032744776101217695,0.08
22,octanol_dipole,167,0.058102935552597046,0.014912250451743603,0.5926496713965372,0.9488195970864381,2.6431796550750732,0.009737031534314156,0.0036838326579952427,0.04
22,octanol_dipole,168,0.23265089094638824,0.041722893714904785,0.5789482965501003,0.8973808721849004,7.460977554321289,0.6730252504348755,0.09020604143823877,0.1
22,octanol_dipole,169,0.1600484549999237,0.034071873873472214,0.5801678131040229,0.9177362285851114,6.052427768707275,0.3029623329639435,0.05005633186245402,0.08
22,octanol_dipole,170,0.20223626494407654,0.024429814890027046,0.5874588828966725,0.9009801341677945,4.38970947265625,0.3306924104690552,0.07533355283053628,0.08
22,octanol_dipole,171,0.19038236141204834,0.023978393524885178,0.5882573101439634,0.9303496272486127,4.2751359939575195,0.29017457365989685,0.06787493405356691,0.08
22,octanol_dipole,172,0.14184312522411346,0.01989857852458954,0.5933051106676159,0.9374288708813758,3.585587739944458,0.1529819816350937,0.0426658034137141,0.02
22,octanol_dipole,173,0.058560002595186234,0.021603206172585487,0.5881052402332354,0.9497934398953911,3.85502290725708,0.013910450972616673,0.00360839644984476,0.02
22,octanol_dipole,174,0.30814772844314575,0.018175700679421425,0.5939901423067593,0.8911997572581423,3.3036446571350098,0.5049473643302917,0.15284554385706625,0.12
22,octanol_dipole,175,0.06995517760515213,0.019180240109562874,0.5905956773574648,0.9509862873477244,3.4276163578033447,0.008430124260485172,0.0024594713586580568,0.06
22,octanol_dipole,176,0.06943794339895248,0.03713981434702873,0.5792924920215086,0.9577843926951601,6.571907997131348,0.017920417711138725,0.002726821148281599,0.0
22,octanol_dipole,177,0.08002249151468277,0.03433952480554581,0.5801678775700416,0.9673269290278963,6.045849323272705,0.007934029214084148,0.00131231011390627,0.02
22,octanol_dipole,178,0.08297036588191986,0.02592773362994194,0.5874391845954539,0.9676943658797932,4.6017279624938965,0.003712485311552882,0.0008067589700676067,0.04
22,octanol_dipole,179,0.029887940734624863,0.032336264848709106,0.5887717220107058,0.9593943658903337,5.738572120666504,0.005884332582354546,0.0010254001271785206,0.02
22,octanol_dipole,180,0.1595527082681656,0.023067908361554146,0.5902110880385556,0.9243337473686013,4.236052513122559,0.1410800963640213,0.03330461459742993,0.14
22,octanol_dipole,181,0.1878168284893036,0.022744249552488327,0.5905996960285804,0.9454395056389551,4.0778422355651855,0.10931633412837982,0.026807396611612334,0.06
22,octanol_dipole,182,0.06313373148441315,0.02463797852396965,0.5922341879066242,0.9596204888264976,4.524903774261475,0.004812875296920538,0.001063641468863294,0.06
22,octanol_dipole,183,0.13286757469177246,0.02700977213680744,0.5915593034754105,0.9345510525459269,4.81304931640625,0.1431010216474533,0.029731883519178704,0.02
22,octanol_dipole,184,0.11114997416734695,0.020809270441532135,0.5921669120884423,0.9479552945491578,3.7411859035491943,0.015136261470615864,0.004045845852315538,0.02
22,octanol_dipole,185,0.07652013003826141,0.01134060975164175,0.5924649353000777,0.9383075798252216,1.9716713428497314,0.018307765945792198,0.009285404493089244,0.06
22,octanol_dipole,186,0.04446697607636452,0.01388542540371418,0.5939634505852569,0.9625135858972649,2.436046838760376,0.014260864816606045,0.005854101238818105,0.08
22,octanol_dipole,187,0.06410964578390121,0.05331762135028839,0.576697823524728,0.9485803114105256,9.308483123779297,0.0892568975687027,0.009588769338872035,0.0
22,octanol_dipole,188,0.12583792209625244,0.01824365369975567,0.590926447927286,0.9381192196383092,3.2815592288970947,0.04397678002715111,0.013401184302844761,0.02
22,octanol_dipole,189,0.06555622071027756,0.025975219905376434,0.5847671475887097,0.9584966157411434,4.61232328414917,0.005321092903614044,0.00115366867754059,0.04
22,octanol_dipole,190,0.08596333861351013,0.018202725797891617,0.5916677789041531,0.96322530492411,3.254347801208496,0.012667424976825714,0.0038924619464833134,0.06
22,octanol_dipole,191,0.21025194227695465,0.030164634808897972,0.5828374974382398,0.9170111576461322,5.378598213195801,0.29843536019325256,0.05548571363093717,0.1
22,octanol_dipole,192,0.09021605551242828,0.022646768018603325,0.586147713289997,0.9483579543802994,3.9827401638031006,0.0077061159536242485,0.0019348779073414906,0.06
22,octanol_dipole,193,0.33229056000709534,0.018714094534516335,0.5934451206418925,0.8972081277235149,3.422133445739746,0.5106551051139832,0.1492212718208589,0.22
22,octanol_dipole,194,0.13534358143806458,0.02726130746304989,0.5882363796063781,0.9281289267971571,4.907907485961914,0.05872238054871559,0.01196485074681607,0.02
22,octanol_dipole,195,0.044260330498218536,0.021710697561502457,0.5917241005466414,0.9580777764497928,3.8783628940582275,0.006031377241015434,0.0015551348354368004,0.04
22,octanol_dipole,196,0.05639854446053505,0.01590704172849655,0.5903533797052711,0.9647693120969723,2.851266384124756,0.012381110340356827,0.004342319752827099,0.0
22,octanol_dipole,197,0.11321239173412323,0.025467371568083763,0.5896823798278221,0.9623128305568036,4.595280647277832,0.006371594965457916,0.0013865518679979521,0.02
22,octanol_dipole,198,0.08715298026800156,0.020385095849633217,0.5906838850151659,0.9561952626821779,3.659435510635376,0.005539392586797476,0.0015137287078016272,0.04
22,octanol_dipole,199,0.28480958938598633,0.01837502047419548,0.5926014743396908,0.883965315268884,3.314206600189209,0.5697727203369141,0.17191828665852804,0.1
22,octanol_dipole,200,0.07807271927595139,0.02401372604072094,0.5920183795958294,0.9727348980490154,4.319283485412598,0.006961173377931118,0.0016116500344191126,0.02
22,octanol_dipole,201,0.03994753211736679,0.03436027467250824,0.5786257318921497,0.9599865456133807,6.044924736022949,0.007548229768872261,0.001248688792416357,0.0
22,octanol_dipole,202,0.10894741117954254,0.03093637339770794,0.576026936905782,0.9450663727951081,5.338921070098877,0.10417225956916809,0.019511856085042068,0.04
22,octanol_dipole,203,0.06264305859804153,0.03172491863369942,0.5804298853409628,0.9559270779612998,5.546729564666748,0.003203406697139144,0.0005775307160358388,0.02
22,octanol_dipole,204,0.08860639482736588,0.031024927273392677,0.5756403637632739,0.9620347157086078,5.379116058349609,0.010304871946573257,0.0019157184628090997,0.02
22,octanol_dipole,205,0.18903322517871857,0.013790772296488285,0.5923955012454076,0.9273047351546169,2.436927318572998,0.0745321735739708,0.030584487689035763,0.06
22,octanol_dipole,206,0.04859805852174759,0.01947975531220436,0.591652131436682,0.9563081076598028,3.4822564125061035,0.007607824169099331,0.002184739797384463,0.02
22,octanol_dipole,207,0.08127090334892273,0.022205183282494545,0.5863556329472059,0.9699872950304482,3.9522101879119873,0.012422993779182434,0.003143302908630396,0.04
22,octanol_dipole,208,0.32671889662742615,0.020544758066534996,0.5909759959377796,0.8994378768378704,3.758924722671509,0.45946407318115234,0.12223284771039687,0.16
22,octanol_dipole,209,0.11996711790561676,0.03610933944582939,0.5816863996220876,0.9361466647630725,6.376000881195068,0.03776425123214722,0.005922874217838718,0.06
22,octanol_dipole,210,0.06066998094320297,0.03269904851913452,0.5768933248267984,0.960623213440132,5.69142484664917,0.013338038697838783,0.002343532429439275,0.02
22,octanol_dipole,211,0.04154939576983452,0.03580884262919426,0.5796514197472433,0.9602536502499162,6.293027400970459,0.007569128647446632,0.0012027801827589983,0.0
22,octanol_dipole,212,0.03434399887919426,0.02908043935894966,0.580673171006648,0.9596089777026979,5.137760162353516,0.0050470465794205666,0.0009823437490138903,0.0
22,octanol_dipole,213,0.08930911123752594,0.026547124609351158,0.5874320283903298,0.9680146740758271,4.767053127288818,0.008162504993379116,0.0017122748111727893,0.02
22,octanol_dipole,214,0.09679170697927475,0.020665820688009262,0.5916399905412915,0.9680010361616957,3.7191007137298584,0.01149161346256733,0.0030898903652013436,0.06
22,octanol_dipole,215,0.0767805203795433,0.028987018391489983,0.5893192929136317,0.9635242284309979,5.356919765472412,0.006004448514431715,0.0011208770669168683,0.06
22,octanol_dipole,216,0.10219781845808029,0.02035284787416458,0.5865342953787427,0.9591021393951344,3.6255741119384766,0.005701672751456499,0.0015726261759983718,0.04
22,octanol_dipole,217,0.23376265168190002,0.01775260828435421,0.592086347012609,0.9038387154759278,3.2245121002197266,0.3421711325645447,0.10611562987815373,0.1
22,octanol_dipole,218,0.1689845621585846,0.03415532410144806,0.578792805675652,0.916693859626887,6.044040203094482,0.3372006118297577,0.055790597100448584,0.04
22,octanol_dipole,219,0.11427906155586243,0.013067017309367657,0.5917721392527773,0.9648919521774673,2.322857141494751,0.035107336938381195,0.015113859699434525,0.04
22,octanol_dipole,220,0.14173796772956848,0.033207572996616364,0.585250636802664,0.9247808710043288,6.0456767082214355,0.12301952391862869,0.020348346406174195,0.02
22,octanol_dipole,221,0.26363247632980347,0.010719905607402325,0.5947597946840613,0.9132147687332579,1.8933026790618896,0.277361661195755,0.14649620700541374,0.16
22,octanol_dipole,222,0.24643979966640472,0.018861526623368263,0.5937932205745429,0.895088702847924,3.3902947902679443,0.3845025599002838,0.11341272180933137,0.14
22,octanol_dipole,223,0.1762159913778305,0.03279048949480057,0.5758279657156484,0.9191432208034442,5.80069637298584,0.13270601630210876,0.02287760085498147,0.1
22,octanol_dipole,224,0.055164266377687454,0.03360622376203537,0.5799617543957927,0.9553703467445285,5.9046454429626465,0.004859234672039747,0.0008229511355048668,0.08
22,octanol_dipole,225,0.1457817703485489,0.01717364974319935,0.591009287560309,0.9435376799305566,3.1223974227905273,0.0583355687558651,0.018682941617255703,0.02
22,octanol_dipole,226,0.02886142022907734,0.032581083476543427,0.5839551965298919,0.9530791074274614,5.732365131378174,0.0060005392879247665,0.0010467824624566646,0.0
22,octanol_dipole,227,0.08008246123790741,0.02338549494743347,0.5904777265977339,0.9684379605357119,4.195733070373535,0.0069135380908846855,0.0016477545103385691,0.04
22,octanol_dipole,228,0.09706301987171173,0.021920863538980484,0.5920634109786875,0.9584076364321492,3.9519619941711426,0.014166359789669514,0.0035846396829129095,0.04
22,octanol_dipole,229,0.08175361156463623,0.02773364633321762,0.5915357079512678,0.9651540479965122,5.051009178161621,0.011097519658505917,0.002197089584886678,0.02
22,octanol_dipole,230,0.07181678712368011,0.024953031912446022,0.5893091500964327,0.9544186834145529,4.4422149658203125,0.009332988411188126,0.0021009763109167026,0.04
22,octanol_dipole,231,0.1448671519756317,0.033477332442998886,0.5806125970598626,0.9258659746761744,5.980112552642822,0.23094257712364197,0.038618433196810034,0.06
22,octanol_dipole,232,0.0886668860912323,0.020224278792738914,0.5914772601302272,0.9580180502003999,3.6498162746429443,0.008407769724726677,0.002303614508801322,0.06
22,octanol_dipole,233,0.061548080295324326,0.02423350140452385,0.5895850242452019,0.9628608571283064,4.329818248748779,0.009644858539104462,0.002227543509913288,0.04
22,octanol_dipole,234,0.1019163429737091,0.03699389472603798,0.5790864442959631,0.9579847265526695,6.479002475738525,0.01169745996594429,0.0018054415027231373,0.0
22,octanol_dipole,235,0.05034082755446434,0.029606042429804802,0.5786179827703235,0.9549293524723903,5.2552924156188965,0.010980376042425632,0.0020893939240738736,0.0
22,octanol_dipole,236,0.35144904255867004,0.0202377587556839,0.5926708423426139,0.89657503493988,3.732525110244751,0.6147246360778809,0.16469403900073745,0.18
22,octanol_dipole,237,0.17511339485645294,0.026987381279468536,0.5866977825674247,0.9143307285072371,4.817344665527344,0.2557748854160309,0.05309457868903216,0.04
22,octanol_dipole,238,0.2946837246417999,0.0237268153578043,0.5920017795590382,0.8982635991836208,4.348843097686768,0.45196178555488586,0.10392690087975189,0.06
22,octanol_dipole,239,0.2252470850944519,0.022005632519721985,0.5979084177431262,0.907575553805571,4.0020551681518555,0.3729155659675598,0.09318101582786821,0.08
22,octanol_dipole,240,0.07013075053691864,0.019539695233106613,0.5938782765382209,0.9573831022816897,3.6042978763580322,0.00973675586283207,0.0027014292927061254,0.02
22,octanol_dipole,241,0.09258866310119629,0.039828117936849594,0.5800557548391816,0.9747498701444948,6.954051494598389,0.004334168042987585,0.0006232579736221657,0.02
22,octanol_dipole,242,0.12751822173595428,0.023906368762254715,0.5879348691920427,0.9587131558715709,4.296003818511963,0.006655675359070301,0.001549271285651621,0.04
22,octanol_dipole,243,0.16875982284545898,0.02182931825518608,0.5977841655609373,0.9519317015304334,3.91545033454895,0.02439487725496292,0.006230414172211215,0.1
22,octanol_dipole,244,0.22388200461864471,0.03711261600255966,0.5803560101139027,0.9235831594013324,6.6522345542907715,0.32844939827919006,0.04937429605024018,0.06
22,octanol_dipole,245,0.12503990530967712,0.020704885944724083,0.5936331233504468,0.9243105935390687,3.6996333599090576,0.0761907622218132,0.02059413861045033,0.04
22,octanol_dipole,246,0.16352428495883942,0.025098899379372597,0.584731146258888,0.9204446810091569,4.4690117835998535,0.25662827491760254,0.05742394232643638,0.04
22,octanol_dipole,247,0.23653823137283325,0.03040073998272419,0.5833710673439094,0.9200760328969653,5.500642776489258,0.3361494839191437,0.061110946043598284,0.1
22,octanol_dipole,248,0.028480811044573784,0.03493501991033554,0.5857937445068202,0.959425667656145,6.2926154136657715,0.005354327615350485,0.0008508906493351568,0.0
22,octanol_dipole,249,0.24088943004608154,0.023638853803277016,0.5872723004948994,0.8957205119445655,4.3084588050842285,0.4067420959472656,0.09440547405658994,0.06
22,hexane_gsolv_eV,0,0.9999999403953552,0.0,0.6480802053568306,0.6480802053568306,,,,1.0
22,hexane_gsolv_eV,1,0.9999999403953552,0.0,0.6480802053568306,0.6480802053568306,,,,1.0
22,hexane_gsolv_eV,2,0.9999999403953552,0.0,0.6480802053568306,0.6480802053568306,,,,1.0
22,hexane_gsolv_eV,3,0.9999999403953552,0.0,0.6480802053568306,0.6480802053568306,,,,1.0
22,hexane_gsolv_eV,4,0.9999999403953552,0.0,0.6480802053568306,0.6480802053568306,,,,1.0
22,hexane_gsolv_eV,5,0.9999999403953552,0.0,0.6480802053568306,0.6480802053568306,,,,1.0
22,hexane_gsolv_eV,6,0.9999999403953552,0.0,0.6480802053568306,0.6480802053568306,,,,1.0
22,hexane_gsolv_eV,7,0.9999999403953552,0.0,0.6480802053568306,0.6480802053568306,,,,1.0
22,hexane_gsolv_eV,8,0.9999999403953552,0.0,0.6480802053568306,0.6480802053568306,,,,1.0
22,hexane_gsolv_eV,9,0.9999999403953552,0.0,0.6480802053568306,0.6480802053568306,,,,1.0
22,hexane_gsolv_eV,10,0.9999999403953552,0.0,0.6480802053568306,0.6480802053568306,,,,1.0
22,hexane_gsolv_eV,11,0.9999999403953552,0.0,0.6480802053568306,0.6480802053568306,,,,1.0
22,hexane_gsolv_eV,12,0.9999999403953552,0.0,0.6480802053568306,0.6480802053568306,,,,1.0
22,hexane_gsolv_eV,13,0.9999999403953552,0.0,0.6480802053568306,0.6480802053568306,,,,1.0
22,hexane_gsolv_eV,14,0.9999999403953552,0.0,0.6480802053568306,0.6480802053568306,,,,1.0
22,hexane_gsolv_eV,15,0.9999999403953552,0.0,0.6480802053568306,0.6480802053568306,,,,1.0
22,hexane_gsolv_eV,16,0.9999999403953552,0.0,0.6480802053568306,0.6480802053568306,,,,1.0
22,hexane_gsolv_eV,17,0.9999999403953552,0.0,0.6480802053568306,0.6480802053568306,,,,1.0
22,hexane_gsolv_eV,18,0.9999999403953552,0.0,0.6480802053568306,0.6480802053568306,,,,1.0
22,hexane_gsolv_eV,19,0.9999999403953552,0.0,0.6480802053568306,0.6480802053568306,,,,1.0
22,hexane_gsolv_eV,20,0.9999999403953552,0.0,0.6480802053568306,0.6480802053568306,,,,1.0
22,hexane_gsolv_eV,21,0.9999999403953552,0.0,0.6480802053568306,0.6480802053568306,,,,1.0
22,hexane_gsolv_eV,22,0.9999999403953552,0.0,0.6480802053568306,0.6480802053568306,,,,1.0
22,hexane_gsolv_eV,23,0.9999999403953552,0.0,0.6480802053568306,0.6480802053568306,,,,1.0
22,hexane_gsolv_eV,24,0.9999999403953552,0.0,0.6480802053568306,0.6480802053568306,,,,1.0
22,hexane_gsolv_eV,25,0.9999999403953552,0.0,0.6480802053568306,0.6480802053568306,,,,1.0
22,hexane_gsolv_eV,26,0.9999999403953552,0.0,0.6480802053568306,0.6480802053568306,,,,1.0
22,hexane_gsolv_eV,27,0.9999999403953552,0.0,0.6480802053568306,0.6480802053568306,,,,1.0
22,hexane_gsolv_eV,28,0.9999999403953552,0.0,0.6480802053568306,0.6480802053568306,,,,1.0
22,hexane_gsolv_eV,29,0.9999999403953552,0.0,0.6480802053568306,0.6480802053568306,,,,1.0
22,hexane_gsolv_eV,30,0.9999999403953552,0.0,0.6480802053568306,0.6480802053568306,,,,1.0
22,hexane_gsolv_eV,31,0.9999999403953552,0.0,0.6480802053568306,0.6480802053568306,,,,1.0
22,hexane_gsolv_eV,32,0.9999999403953552,0.0,0.6480802053568306,0.6480802053568306,,,,1.0
22,hexane_gsolv_eV,33,0.9999999403953552,0.0,0.6480802053568306,0.6480802053568306,,,,1.0
22,hexane_gsolv_eV,34,0.9999999403953552,0.0,0.6480802053568306,0.6480802053568306,,,,1.0
22,hexane_gsolv_eV,35,0.9999999403953552,0.0,0.6480802053568306,0.6480802053568306,,,,1.0
22,hexane_gsolv_eV,36,0.9999999403953552,0.0,0.6480802053568306,0.6480802053568306,,,,1.0
22,hexane_gsolv_eV,37,0.9999999403953552,0.0,0.6480802053568306,0.6480802053568306,,,,1.0
22,hexane_gsolv_eV,38,0.9999999403953552,0.0,0.6480802053568306,0.6480802053568306,,,,1.0
22,hexane_gsolv_eV,39,0.9999999403953552,0.0,0.6480802053568306,0.6480802053568306,,,,1.0
22,hexane_gsolv_eV,40,0.9999999403953552,0.0,0.6480802053568306,0.6480802053568306,,,,1.0
22,hexane_gsolv_eV,41,0.9999999403953552,0.0,0.6480802053568306,0.6480802053568306,,,,1.0
22,hexane_gsolv_eV,42,0.9999999403953552,0.0,0.6480802053568306,0.6480802053568306,,,,1.0
22,hexane_gsolv_eV,43,0.9999999403953552,0.0,0.6480802053568306,0.6480802053568306,,,,1.0
22,hexane_gsolv_eV,44,0.9999999403953552,0.0,0.6480802053568306,0.6480802053568306,,,,1.0
22,hexane_gsolv_eV,45,0.9999999403953552,0.0,0.6480802053568306,0.6480802053568306,,,,1.0
22,hexane_gsolv_eV,46,0.9999999403953552,0.0,0.6480802053568306,0.6480802053568306,,,,1.0
22,hexane_gsolv_eV,47,0.9999999403953552,0.0,0.6480802053568306,0.6480802053568306,,,,1.0
22,hexane_gsolv_eV,48,0.9999999403953552,0.0,0.6480802053568306,0.6480802053568306,,,,1.0
22,hexane_gsolv_eV,49,0.9999999403953552,0.0,0.6480802053568306,0.6480802053568306,,,,1.0
22,hexane_gsolv_eV,50,0.9999999403953552,0.0,0.6480802053568306,0.6480802053568306,,,,1.0
22,hexane_gsolv_eV,51,0.9999999403953552,0.0,0.6480802053568306,0.6480802053568306,,,,1.0
22,hexane_gsolv_eV,52,0.9999999403953552,0.0,0.6480802053568306,0.6480802053568306,,,,1.0
22,hexane_gsolv_eV,53,0.9999999403953552,0.0,0.6480802053568306,0.6480802053568306,,,,1.0
22,hexane_gsolv_eV,54,0.9999999403953552,0.0,0.6480802053568306,0.6480802053568306,,,,1.0
22,hexane_gsolv_eV,55,0.9999999403953552,0.0,0.6480802053568306,0.6480802053568306,,,,1.0
22,hexane_gsolv_eV,56,0.9999999403953552,0.0,0.6480802053568306,0.6480802053568306,,,,1.0
22,hexane_gsolv_eV,57,0.9999999403953552,0.0,0.6480802053568306,0.6480802053568306,,,,1.0
22,hexane_gsolv_eV,58,0.9999999403953552,0.0,0.6480802053568306,0.6480802053568306,,,,1.0
22,hexane_gsolv_eV,59,0.9999999403953552,0.0,0.6480802053568306,0.6480802053568306,,,,1.0
22,hexane_gsolv_eV,60,0.9999999403953552,0.0,0.6480802053568306,0.6480802053568306,,,,1.0
22,hexane_gsolv_eV,61,0.9999999403953552,0.0,0.6480802053568306,0.6480802053568306,,,,1.0
22,hexane_gsolv_eV,62,0.9999999403953552,0.0,0.6480802053568306,0.6480802053568306,,,,1.0
22,hexane_gsolv_eV,63,0.9999999403953552,0.0,0.6480802053568306,0.6480802053568306,,,,1.0
22,hexane_gsolv_eV,64,0.9999999403953552,0.0,0.6480802053568306,0.6480802053568306,,,,1.0
22,hexane_gsolv_eV,65,0.9999999403953552,0.0,0.6480802053568306,0.6480802053568306,,,,1.0
22,hexane_gsolv_eV,66,0.9999999403953552,0.0,0.6480802053568306,0.6480802053568306,,,,1.0
22,hexane_gsolv_eV,67,0.9999999403953552,0.0,0.6480802053568306,0.6480802053568306,,,,1.0
22,hexane_gsolv_eV,68,0.9999999403953552,0.0,0.6480802053568306,0.6480802053568306,,,,1.0
22,hexane_gsolv_eV,69,0.9999999403953552,0.0,0.6480802053568306,0.6480802053568306,,,,1.0
22,hexane_gsolv_eV,70,0.9999999403953552,0.0,0.6480802053568306,0.6480802053568306,,,,1.0
22,hexane_gsolv_eV,71,0.9999999403953552,0.0,0.6480802053568306,0.6480802053568306,,,,1.0
22,hexane_gsolv_eV,72,0.9999999403953552,0.0,0.6480802053568306,0.6480802053568306,,,,1.0
22,hexane_gsolv_eV,73,0.9999999403953552,0.0,0.6480802053568306,0.6480802053568306,,,,1.0
22,hexane_gsolv_eV,74,0.9999999403953552,0.0,0.6480802053568306,0.6480802053568306,,,,1.0
22,hexane_gsolv_eV,75,0.9999999403953552,0.0,0.6480802053568306,0.6480802053568306,,,,1.0
22,hexane_gsolv_eV,76,0.9999999403953552,0.0,0.6480802053568306,0.6480802053568306,,,,1.0
22,hexane_gsolv_eV,77,0.9999999403953552,0.0,0.6480802053568306,0.6480802053568306,,,,1.0
22,hexane_gsolv_eV,78,0.9999999403953552,0.0,0.6480802053568306,0.6480802053568306,,,,1.0
22,hexane_gsolv_eV,79,0.9999999403953552,0.0,0.6480802053568306,0.6480802053568306,,,,1.0
22,hexane_gsolv_eV,80,0.9999999403953552,0.0,0.6480802053568306,0.6480802053568306,,,,1.0
22,hexane_gsolv_eV,81,0.9999999403953552,0.0,0.6480802053568306,0.6480802053568306,,,,1.0
22,hexane_gsolv_eV,82,0.9999999403953552,0.0,0.6480802053568306,0.6480802053568306,,,,1.0
22,hexane_gsolv_eV,83,0.9999999403953552,0.0,0.6480802053568306,0.6480802053568306,,,,1.0
22,hexane_gsolv_eV,84,0.9999999403953552,0.0,0.6480802053568306,0.6480802053568306,,,,1.0
22,hexane_gsolv_eV,85,0.9999999403953552,0.0,0.6480802053568306,0.6480802053568306,,,,1.0
22,hexane_gsolv_eV,86,0.9999999403953552,0.0,0.6480802053568306,0.6480802053568306,,,,1.0
22,hexane_gsolv_eV,87,0.9999999403953552,0.0,0.6480802053568306,0.6480802053568306,,,,1.0
22,hexane_gsolv_eV,88,0.9999999403953552,0.0,0.6480802053568306,0.6480802053568306,,,,1.0
22,hexane_gsolv_eV,89,0.9999999403953552,0.0,0.6480802053568306,0.6480802053568306,,,,1.0
22,hexane_gsolv_eV,90,0.9999999403953552,0.0,0.6480802053568306,0.6480802053568306,,,,1.0
22,hexane_gsolv_eV,91,0.9999999403953552,0.0,0.6480802053568306,0.6480802053568306,,,,1.0
22,hexane_gsolv_eV,92,0.9999999403953552,0.0,0.6480802053568306,0.6480802053568306,,,,1.0
22,hexane_gsolv_eV,93,0.9999999403953552,0.0,0.6480802053568306,0.6480802053568306,,,,1.0
22,hexane_gsolv_eV,94,0.9999999403953552,0.0,0.6480802053568306,0.6480802053568306,,,,1.0
22,hexane_gsolv_eV,95,0.9999999403953552,0.0,0.6480802053568306,0.6480802053568306,,,,1.0
22,hexane_gsolv_eV,96,0.9999999403953552,0.0,0.6480802053568306,0.6480802053568306,,,,1.0
22,hexane_gsolv_eV,97,0.9999999403953552,0.0,0.6480802053568306,0.6480802053568306,,,,1.0
22,hexane_gsolv_eV,98,0.9999999403953552,0.0,0.6480802053568306,0.6480802053568306,,,,1.0
22,hexane_gsolv_eV,99,0.9999999403953552,0.0,0.6480802053568306,0.6480802053568306,,,,1.0
22,hexane_gsolv_eV,100,0.9999999403953552,0.0,0.6480802053568306,0.6480802053568306,,,,1.0
22,hexane_gsolv_eV,101,0.9999999403953552,0.0,0.6480802053568306,0.6480802053568306,,,,1.0
22,hexane_gsolv_eV,102,0.9999999403953552,0.0,0.6480802053568306,0.6480802053568306,,,,1.0
22,hexane_gsolv_eV,103,0.9999999403953552,0.0,0.6480802053568306,0.6480802053568306,,,,1.0
22,hexane_gsolv_eV,104,0.9999999403953552,0.0,0.6480802053568306,0.6480802053568306,,,,1.0
22,hexane_gsolv_eV,105,0.9999999403953552,0.0,0.6480802053568306,0.6480802053568306,,,,1.0
22,hexane_gsolv_eV,106,0.9999999403953552,0.0,0.6480802053568306,0.6480802053568306,,,,1.0
22,hexane_gsolv_eV,107,0.9999999403953552,0.0,0.6480802053568306,0.6480802053568306,,,,1.0
22,hexane_gsolv_eV,108,0.9999999403953552,0.0,0.6480802053568306,0.6480802053568306,,,,1.0
22,hexane_gsolv_eV,109,0.9999999403953552,0.0,0.6480802053568306,0.6480802053568306,,,,1.0
22,hexane_gsolv_eV,110,0.9999999403953552,0.0,0.6480802053568306,0.6480802053568306,,,,1.0
22,hexane_gsolv_eV,111,0.9999999403953552,0.0,0.6480802053568306,0.6480802053568306,,,,1.0
22,hexane_gsolv_eV,112,0.9999999403953552,0.0,0.6480802053568306,0.6480802053568306,,,,1.0
22,hexane_gsolv_eV,113,0.9999999403953552,0.0,0.6480802053568306,0.6480802053568306,,,,1.0
22,hexane_gsolv_eV,114,0.9999999403953552,0.0,0.6480802053568306,0.6480802053568306,,,,1.0
22,hexane_gsolv_eV,115,0.9999999403953552,0.0,0.6480802053568306,0.6480802053568306,,,,1.0
22,hexane_gsolv_eV,116,0.9999999403953552,0.0,0.6480802053568306,0.6480802053568306,,,,1.0
22,hexane_gsolv_eV,117,0.9999999403953552,0.0,0.6480802053568306,0.6480802053568306,,,,1.0
22,hexane_gsolv_eV,118,0.9999999403953552,0.0,0.6480802053568306,0.6480802053568306,,,,1.0
22,hexane_gsolv_eV,119,0.9999999403953552,0.0,0.6480802053568306,0.6480802053568306,,,,1.0
22,hexane_gsolv_eV,120,0.9999999403953552,0.0,0.6480802053568306,0.6480802053568306,,,,1.0
22,hexane_gsolv_eV,121,0.9999999403953552,0.0,0.6480802053568306,0.6480802053568306,,,,1.0
22,hexane_gsolv_eV,122,0.9999999403953552,0.0,0.6480802053568306,0.6480802053568306,,,,1.0
22,hexane_gsolv_eV,123,0.9999999403953552,0.0,0.6480802053568306,0.6480802053568306,,,,1.0
22,hexane_gsolv_eV,124,0.9999999403953552,0.0,0.6480802053568306,0.6480802053568306,,,,1.0
22,hexane_gsolv_eV,125,0.9999999403953552,0.0,0.6480802053568306,0.6480802053568306,,,,1.0
22,hexane_gsolv_eV,126,0.9999999403953552,0.0,0.6480802053568306,0.6480802053568306,,,,1.0
22,hexane_gsolv_eV,127,0.9999999403953552,0.0,0.6480802053568306,0.6480802053568306,,,,1.0
22,hexane_gsolv_eV,128,0.9999999403953552,0.0,0.6480802053568306,0.6480802053568306,,,,1.0
22,hexane_gsolv_eV,129,0.9999999403953552,0.0,0.6480802053568306,0.6480802053568306,,,,1.0
22,hexane_gsolv_eV,130,0.9999999403953552,0.0,0.6480802053568306,0.6480802053568306,,,,1.0
22,hexane_gsolv_eV,131,0.9999999403953552,0.0,0.6480802053568306,0.6480802053568306,,,,1.0
22,hexane_gsolv_eV,132,0.9999999403953552,0.0,0.6480802053568306,0.6480802053568306,,,,1.0
22,hexane_gsolv_eV,133,0.9999999403953552,0.0,0.6480802053568306,0.6480802053568306,,,,1.0
22,hexane_gsolv_eV,134,0.9999999403953552,0.0,0.6480802053568306,0.6480802053568306,,,,1.0
22,hexane_gsolv_eV,135,0.9999999403953552,0.0,0.6480802053568306,0.6480802053568306,,,,1.0
22,hexane_gsolv_eV,136,0.9999999403953552,0.0,0.6480802053568306,0.6480802053568306,,,,1.0
22,hexane_gsolv_eV,137,0.9999999403953552,0.0,0.6480802053568306,0.6480802053568306,,,,1.0
22,hexane_gsolv_eV,138,0.9999999403953552,0.0,0.6480802053568306,0.6480802053568306,,,,1.0
22,hexane_gsolv_eV,139,0.9999999403953552,0.0,0.6480802053568306,0.6480802053568306,,,,1.0
22,hexane_gsolv_eV,140,0.9999999403953552,0.0,0.6480802053568306,0.6480802053568306,,,,1.0
22,hexane_gsolv_eV,141,0.9999999403953552,0.0,0.6480802053568306,0.6480802053568306,,,,1.0
22,hexane_gsolv_eV,142,0.9999999403953552,0.0,0.6480802053568306,0.6480802053568306,,,,1.0
22,hexane_gsolv_eV,143,0.9999999403953552,0.0,0.6480802053568306,0.6480802053568306,,,,1.0
22,hexane_gsolv_eV,144,0.9999999403953552,0.0,0.6480802053568306,0.6480802053568306,,,,1.0
22,hexane_gsolv_eV,145,0.9999999403953552,0.0,0.6480802053568306,0.6480802053568306,,,,1.0
22,hexane_gsolv_eV,146,0.9999999403953552,0.0,0.6480802053568306,0.6480802053568306,,,,1.0
22,hexane_gsolv_eV,147,0.9999999403953552,0.0,0.6480802053568306,0.6480802053568306,,,,1.0
22,hexane_gsolv_eV,148,0.9999999403953552,0.0,0.6480802053568306,0.6480802053568306,,,,1.0
22,hexane_gsolv_eV,149,0.9999999403953552,0.0,0.6480802053568306,0.6480802053568306,,,,1.0
22,hexane_gsolv_eV,150,0.9999999403953552,0.0,0.6480802053568306,0.6480802053568306,,,,1.0
22,hexane_gsolv_eV,151,0.9999999403953552,0.0,0.6480802053568306,0.6480802053568306,,,,1.0
22,hexane_gsolv_eV,152,0.9999999403953552,0.0,0.6480802053568306,0.6480802053568306,,,,1.0
22,hexane_gsolv_eV,153,0.9999999403953552,0.0,0.6480802053568306,0.6480802053568306,,,,1.0
22,hexane_gsolv_eV,154,0.9999999403953552,0.0,0.6480802053568306,0.6480802053568306,,,,1.0
22,hexane_gsolv_eV,155,0.9999999403953552,0.0,0.6480802053568306,0.6480802053568306,,,,1.0
22,hexane_gsolv_eV,156,0.9999999403953552,0.0,0.6480802053568306,0.6480802053568306,,,,1.0
22,hexane_gsolv_eV,157,0.9999999403953552,0.0,0.6480802053568306,0.6480802053568306,,,,1.0
22,hexane_gsolv_eV,158,0.9999999403953552,0.0,0.6480802053568306,0.6480802053568306,,,,1.0
22,hexane_gsolv_eV,159,0.9999999403953552,0.0,0.6480802053568306,0.6480802053568306,,,,1.0
22,hexane_gsolv_eV,160,0.9999999403953552,0.0,0.6480802053568306,0.6480802053568306,,,,1.0
22,hexane_gsolv_eV,161,0.9999999403953552,0.0,0.6480802053568306,0.6480802053568306,,,,1.0
22,hexane_gsolv_eV,162,0.9999999403953552,0.0,0.6480802053568306,0.6480802053568306,,,,1.0
22,hexane_gsolv_eV,163,0.9999999403953552,0.0,0.6480802053568306,0.6480802053568306,,,,1.0
22,hexane_gsolv_eV,164,0.9999999403953552,0.0,0.6480802053568306,0.6480802053568306,,,,1.0
22,hexane_gsolv_eV,165,0.9999999403953552,0.0,0.6480802053568306,0.6480802053568306,,,,1.0
22,hexane_gsolv_eV,166,0.9999999403953552,0.0,0.6480802053568306,0.6480802053568306,,,,1.0
22,hexane_gsolv_eV,167,0.9999999403953552,0.0,0.6480802053568306,0.6480802053568306,,,,1.0
22,hexane_gsolv_eV,168,0.9999999403953552,0.0,0.6480802053568306,0.6480802053568306,,,,1.0
22,hexane_gsolv_eV,169,0.9999999403953552,0.0,0.6480802053568306,0.6480802053568306,,,,1.0
22,hexane_gsolv_eV,170,0.9999999403953552,0.0,0.6480802053568306,0.6480802053568306,,,,1.0
22,hexane_gsolv_eV,171,0.9999999403953552,0.0,0.6480802053568306,0.6480802053568306,,,,1.0
22,hexane_gsolv_eV,172,0.9999999403953552,0.0,0.6480802053568306,0.6480802053568306,,,,1.0
22,hexane_gsolv_eV,173,0.9999999403953552,0.0,0.6480802053568306,0.6480802053568306,,,,1.0
22,hexane_gsolv_eV,174,0.9999999403953552,0.0,0.6480802053568306,0.6480802053568306,,,,1.0
22,hexane_gsolv_eV,175,0.9999999403953552,0.0,0.6480802053568306,0.6480802053568306,,,,1.0
22,hexane_gsolv_eV,176,0.9999999403953552,0.0,0.6480802053568306,0.6480802053568306,,,,1.0
22,hexane_gsolv_eV,177,0.9999999403953552,0.0,0.6480802053568306,0.6480802053568306,,,,1.0
22,hexane_gsolv_eV,178,0.9999999403953552,0.0,0.6480802053568306,0.6480802053568306,,,,1.0
22,hexane_gsolv_eV,179,0.9999999403953552,0.0,0.6480802053568306,0.6480802053568306,,,,1.0
22,hexane_gsolv_eV,180,0.9999999403953552,0.0,0.6480802053568306,0.6480802053568306,,,,1.0
22,hexane_gsolv_eV,181,0.9999999403953552,0.0,0.6480802053568306,0.6480802053568306,,,,1.0
22,hexane_gsolv_eV,182,0.9999999403953552,0.0,0.6480802053568306,0.6480802053568306,,,,1.0
22,hexane_gsolv_eV,183,0.9999999403953552,0.0,0.6480802053568306,0.6480802053568306,,,,1.0
22,hexane_gsolv_eV,184,0.9999999403953552,0.0,0.6480802053568306,0.6480802053568306,,,,1.0
22,hexane_gsolv_eV,185,0.9999999403953552,0.0,0.6480802053568306,0.6480802053568306,,,,1.0
22,hexane_gsolv_eV,186,0.9999999403953552,0.0,0.6480802053568306,0.6480802053568306,,,,1.0
22,hexane_gsolv_eV,187,0.9999999403953552,0.0,0.6480802053568306,0.6480802053568306,,,,1.0
22,hexane_gsolv_eV,188,0.9999999403953552,0.0,0.6480802053568306,0.6480802053568306,,,,1.0
22,hexane_gsolv_eV,189,0.9999999403953552,0.0,0.6480802053568306,0.6480802053568306,,,,1.0
22,hexane_gsolv_eV,190,0.9999999403953552,0.0,0.6480802053568306,0.6480802053568306,,,,1.0
22,hexane_gsolv_eV,191,0.9999999403953552,0.0,0.6480802053568306,0.6480802053568306,,,,1.0
22,hexane_gsolv_eV,192,0.9999999403953552,0.0,0.6480802053568306,0.6480802053568306,,,,1.0
22,hexane_gsolv_eV,193,0.9999999403953552,0.0,0.6480802053568306,0.6480802053568306,,,,1.0
22,hexane_gsolv_eV,194,0.9999999403953552,0.0,0.6480802053568306,0.6480802053568306,,,,1.0
22,hexane_gsolv_eV,195,0.9999999403953552,0.0,0.6480802053568306,0.6480802053568306,,,,1.0
22,hexane_gsolv_eV,196,0.9999999403953552,0.0,0.6480802053568306,0.6480802053568306,,,,1.0
22,hexane_gsolv_eV,197,0.9999999403953552,0.0,0.6480802053568306,0.6480802053568306,,,,1.0
22,hexane_gsolv_eV,198,0.9999999403953552,0.0,0.6480802053568306,0.6480802053568306,,,,1.0
22,hexane_gsolv_eV,199,0.9999999403953552,0.0,0.6480802053568306,0.6480802053568306,,,,1.0
22,hexane_gsolv_eV,200,0.9999999403953552,0.0,0.6480802053568306,0.6480802053568306,,,,1.0
22,hexane_gsolv_eV,201,0.9999999403953552,0.0,0.6480802053568306,0.6480802053568306,,,,1.0
22,hexane_gsolv_eV,202,0.9999999403953552,0.0,0.6480802053568306,0.6480802053568306,,,,1.0
22,hexane_gsolv_eV,203,0.9999999403953552,0.0,0.6480802053568306,0.6480802053568306,,,,1.0
22,hexane_gsolv_eV,204,0.9999999403953552,0.0,0.6480802053568306,0.6480802053568306,,,,1.0
22,hexane_gsolv_eV,205,0.9999999403953552,0.0,0.6480802053568306,0.6480802053568306,,,,1.0
22,hexane_gsolv_eV,206,0.9999999403953552,0.0,0.6480802053568306,0.6480802053568306,,,,1.0
22,hexane_gsolv_eV,207,0.9999999403953552,0.0,0.6480802053568306,0.6480802053568306,,,,1.0
22,hexane_gsolv_eV,208,0.9999999403953552,0.0,0.6480802053568306,0.6480802053568306,,,,1.0
22,hexane_gsolv_eV,209,0.9999999403953552,0.0,0.6480802053568306,0.6480802053568306,,,,1.0
22,hexane_gsolv_eV,210,0.9999999403953552,0.0,0.6480802053568306,0.6480802053568306,,,,1.0
22,hexane_gsolv_eV,211,0.9999999403953552,0.0,0.6480802053568306,0.6480802053568306,,,,1.0
22,hexane_gsolv_eV,212,0.9999999403953552,0.0,0.6480802053568306,0.6480802053568306,,,,1.0
22,hexane_gsolv_eV,213,0.9999999403953552,0.0,0.6480802053568306,0.6480802053568306,,,,1.0
22,hexane_gsolv_eV,214,0.9999999403953552,0.0,0.6480802053568306,0.6480802053568306,,,,1.0
22,hexane_gsolv_eV,215,0.9999999403953552,0.0,0.6480802053568306,0.6480802053568306,,,,1.0
22,hexane_gsolv_eV,216,0.9999999403953552,0.0,0.6480802053568306,0.6480802053568306,,,,1.0
22,hexane_gsolv_eV,217,0.9999999403953552,0.0,0.6480802053568306,0.6480802053568306,,,,1.0
22,hexane_gsolv_eV,218,0.9999999403953552,0.0,0.6480802053568306,0.6480802053568306,,,,1.0
22,hexane_gsolv_eV,219,0.9999999403953552,0.0,0.6480802053568306,0.6480802053568306,,,,1.0
22,hexane_gsolv_eV,220,0.9999999403953552,0.0,0.6480802053568306,0.6480802053568306,,,,1.0
22,hexane_gsolv_eV,221,0.9999999403953552,0.0,0.6480802053568306,0.6480802053568306,,,,1.0
22,hexane_gsolv_eV,222,0.9999999403953552,0.0,0.6480802053568306,0.6480802053568306,,,,1.0
22,hexane_gsolv_eV,223,0.9999999403953552,0.0,0.6480802053568306,0.6480802053568306,,,,1.0
22,hexane_gsolv_eV,224,0.9999999403953552,0.0,0.6480802053568306,0.6480802053568306,,,,1.0
22,hexane_gsolv_eV,225,0.9999999403953552,0.0,0.6480802053568306,0.6480802053568306,,,,1.0
22,hexane_gsolv_eV,226,0.9999999403953552,0.0,0.6480802053568306,0.6480802053568306,,,,1.0
22,hexane_gsolv_eV,227,0.9999999403953552,0.0,0.6480802053568306,0.6480802053568306,,,,1.0
22,hexane_gsolv_eV,228,0.9999999403953552,0.0,0.6480802053568306,0.6480802053568306,,,,1.0
22,hexane_gsolv_eV,229,0.9999999403953552,0.0,0.6480802053568306,0.6480802053568306,,,,1.0
22,hexane_gsolv_eV,230,0.9999999403953552,0.0,0.6480802053568306,0.6480802053568306,,,,1.0
22,hexane_gsolv_eV,231,0.9999999403953552,0.0,0.6480802053568306,0.6480802053568306,,,,1.0
22,hexane_gsolv_eV,232,0.9999999403953552,0.0,0.6480802053568306,0.6480802053568306,,,,1.0
22,hexane_gsolv_eV,233,0.9999999403953552,0.0,0.6480802053568306,0.6480802053568306,,,,1.0
22,hexane_gsolv_eV,234,0.9999999403953552,0.0,0.6480802053568306,0.6480802053568306,,,,1.0
22,hexane_gsolv_eV,235,0.9999999403953552,0.0,0.6480802053568306,0.6480802053568306,,,,1.0
22,hexane_gsolv_eV,236,0.9999999403953552,0.0,0.6480802053568306,0.6480802053568306,,,,1.0
22,hexane_gsolv_eV,237,0.9999999403953552,0.0,0.6480802053568306,0.6480802053568306,,,,1.0
22,hexane_gsolv_eV,238,0.9999999403953552,0.0,0.6480802053568306,0.6480802053568306,,,,1.0
22,hexane_gsolv_eV,239,0.9999999403953552,0.0,0.6480802053568306,0.6480802053568306,,,,1.0
22,hexane_gsolv_eV,240,0.9999999403953552,0.0,0.6480802053568306,0.6480802053568306,,,,1.0
22,hexane_gsolv_eV,241,0.9999999403953552,0.0,0.6480802053568306,0.6480802053568306,,,,1.0
22,hexane_gsolv_eV,242,0.9999999403953552,0.0,0.6480802053568306,0.6480802053568306,,,,1.0
22,hexane_gsolv_eV,243,0.9999999403953552,0.0,0.6480802053568306,0.6480802053568306,,,,1.0
22,hexane_gsolv_eV,244,0.9999999403953552,0.0,0.6480802053568306,0.6480802053568306,,,,1.0
22,hexane_gsolv_eV,245,0.9999999403953552,0.0,0.6480802053568306,0.6480802053568306,,,,1.0
22,hexane_gsolv_eV,246,0.9999999403953552,0.0,0.6480802053568306,0.6480802053568306,,,,1.0
22,hexane_gsolv_eV,247,0.9999999403953552,0.0,0.6480802053568306,0.6480802053568306,,,,1.0
22,hexane_gsolv_eV,248,0.9999999403953552,0.0,0.6480802053568306,0.6480802053568306,,,,1.0
22,hexane_gsolv_eV,249,0.9999999403953552,0.0,0.6480802053568306,0.6480802053568306,,,,1.0
22,hexane_hl_gap_eV,0,1.0000001192092896,0.0,0.7035405990437098,0.7035405990437098,,,,1.0
22,hexane_hl_gap_eV,1,1.0000001192092896,0.0,0.7035405990437098,0.7035405990437098,,,,1.0
22,hexane_hl_gap_eV,2,1.0000001192092896,0.0,0.7035405990437098,0.7035405990437098,,,,1.0
22,hexane_hl_gap_eV,3,1.0000001192092896,0.0,0.7035405990437098,0.7035405990437098,,,,1.0
22,hexane_hl_gap_eV,4,1.0000001192092896,0.0,0.7035405990437098,0.7035405990437098,,,,1.0
22,hexane_hl_gap_eV,5,1.0000001192092896,0.0,0.7035405990437098,0.7035405990437098,,,,1.0
22,hexane_hl_gap_eV,6,1.0000001192092896,0.0,0.7035405990437098,0.7035405990437098,,,,1.0
22,hexane_hl_gap_eV,7,1.0000001192092896,0.0,0.7035405990437098,0.7035405990437098,,,,1.0
22,hexane_hl_gap_eV,8,1.0000001192092896,0.0,0.7035405990437098,0.7035405990437098,,,,1.0
22,hexane_hl_gap_eV,9,1.0000001192092896,0.0,0.7035405990437098,0.7035405990437098,,,,1.0
22,hexane_hl_gap_eV,10,1.0000001192092896,0.0,0.7035405990437098,0.7035405990437098,,,,1.0
22,hexane_hl_gap_eV,11,1.0000001192092896,0.0,0.7035405990437098,0.7035405990437098,,,,1.0
22,hexane_hl_gap_eV,12,1.0000001192092896,0.0,0.7035405990437098,0.7035405990437098,,,,1.0
22,hexane_hl_gap_eV,13,1.0000001192092896,0.0,0.7035405990437098,0.7035405990437098,,,,1.0
22,hexane_hl_gap_eV,14,1.0000001192092896,0.0,0.7035405990437098,0.7035405990437098,,,,1.0
22,hexane_hl_gap_eV,15,1.0000001192092896,0.0,0.7035405990437098,0.7035405990437098,,,,1.0
22,hexane_hl_gap_eV,16,1.0000001192092896,0.0,0.7035405990437098,0.7035405990437098,,,,1.0
22,hexane_hl_gap_eV,17,1.0000001192092896,0.0,0.7035405990437098,0.7035405990437098,,,,1.0
22,hexane_hl_gap_eV,18,1.0000001192092896,0.0,0.7035405990437098,0.7035405990437098,,,,1.0
22,hexane_hl_gap_eV,19,1.0000001192092896,0.0,0.7035405990437098,0.7035405990437098,,,,1.0
22,hexane_hl_gap_eV,20,1.0000001192092896,0.0,0.7035405990437098,0.7035405990437098,,,,1.0
22,hexane_hl_gap_eV,21,1.0000001192092896,0.0,0.7035405990437098,0.7035405990437098,,,,1.0
22,hexane_hl_gap_eV,22,1.0000001192092896,0.0,0.7035405990437098,0.7035405990437098,,,,1.0
22,hexane_hl_gap_eV,23,1.0000001192092896,0.0,0.7035405990437098,0.7035405990437098,,,,1.0
22,hexane_hl_gap_eV,24,1.0000001192092896,0.0,0.7035405990437098,0.7035405990437098,,,,1.0
22,hexane_hl_gap_eV,25,1.0000001192092896,0.0,0.7035405990437098,0.7035405990437098,,,,1.0
22,hexane_hl_gap_eV,26,1.0000001192092896,0.0,0.7035405990437098,0.7035405990437098,,,,1.0
22,hexane_hl_gap_eV,27,1.0000001192092896,0.0,0.7035405990437098,0.7035405990437098,,,,1.0
22,hexane_hl_gap_eV,28,1.0000001192092896,0.0,0.7035405990437098,0.7035405990437098,,,,1.0
22,hexane_hl_gap_eV,29,1.0000001192092896,0.0,0.7035405990437098,0.7035405990437098,,,,1.0
22,hexane_hl_gap_eV,30,1.0000001192092896,0.0,0.7035405990437098,0.7035405990437098,,,,1.0
22,hexane_hl_gap_eV,31,1.0000001192092896,0.0,0.7035405990437098,0.7035405990437098,,,,1.0
22,hexane_hl_gap_eV,32,1.0000001192092896,0.0,0.7035405990437098,0.7035405990437098,,,,1.0
22,hexane_hl_gap_eV,33,1.0000001192092896,0.0,0.7035405990437098,0.7035405990437098,,,,1.0
22,hexane_hl_gap_eV,34,1.0000001192092896,0.0,0.7035405990437098,0.7035405990437098,,,,1.0
22,hexane_hl_gap_eV,35,1.0000001192092896,0.0,0.7035405990437098,0.7035405990437098,,,,1.0
22,hexane_hl_gap_eV,36,1.0000001192092896,0.0,0.7035405990437098,0.7035405990437098,,,,1.0
22,hexane_hl_gap_eV,37,1.0000001192092896,0.0,0.7035405990437098,0.7035405990437098,,,,1.0
22,hexane_hl_gap_eV,38,1.0000001192092896,0.0,0.7035405990437098,0.7035405990437098,,,,1.0
22,hexane_hl_gap_eV,39,1.0000001192092896,0.0,0.7035405990437098,0.7035405990437098,,,,1.0
22,hexane_hl_gap_eV,40,1.0000001192092896,0.0,0.7035405990437098,0.7035405990437098,,,,1.0
22,hexane_hl_gap_eV,41,1.0000001192092896,0.0,0.7035405990437098,0.7035405990437098,,,,1.0
22,hexane_hl_gap_eV,42,1.0000001192092896,0.0,0.7035405990437098,0.7035405990437098,,,,1.0
22,hexane_hl_gap_eV,43,1.0000001192092896,0.0,0.7035405990437098,0.7035405990437098,,,,1.0
22,hexane_hl_gap_eV,44,1.0000001192092896,0.0,0.7035405990437098,0.7035405990437098,,,,1.0
22,hexane_hl_gap_eV,45,1.0000001192092896,0.0,0.7035405990437098,0.7035405990437098,,,,1.0
22,hexane_hl_gap_eV,46,1.0000001192092896,0.0,0.7035405990437098,0.7035405990437098,,,,1.0
22,hexane_hl_gap_eV,47,1.0000001192092896,0.0,0.7035405990437098,0.7035405990437098,,,,1.0
22,hexane_hl_gap_eV,48,1.0000001192092896,0.0,0.7035405990437098,0.7035405990437098,,,,1.0
22,hexane_hl_gap_eV,49,1.0000001192092896,0.0,0.7035405990437098,0.7035405990437098,,,,1.0
22,hexane_hl_gap_eV,50,1.0000001192092896,0.0,0.7035405990437098,0.7035405990437098,,,,1.0
22,hexane_hl_gap_eV,51,1.0000001192092896,0.0,0.7035405990437098,0.7035405990437098,,,,1.0
22,hexane_hl_gap_eV,52,1.0000001192092896,0.0,0.7035405990437098,0.7035405990437098,,,,1.0
22,hexane_hl_gap_eV,53,1.0000001192092896,0.0,0.7035405990437098,0.7035405990437098,,,,1.0
22,hexane_hl_gap_eV,54,1.0000001192092896,0.0,0.7035405990437098,0.7035405990437098,,,,1.0
22,hexane_hl_gap_eV,55,1.0000001192092896,0.0,0.7035405990437098,0.7035405990437098,,,,1.0
22,hexane_hl_gap_eV,56,1.0000001192092896,0.0,0.7035405990437098,0.7035405990437098,,,,1.0
22,hexane_hl_gap_eV,57,1.0000001192092896,0.0,0.7035405990437098,0.7035405990437098,,,,1.0
22,hexane_hl_gap_eV,58,1.0000001192092896,0.0,0.7035405990437098,0.7035405990437098,,,,1.0
22,hexane_hl_gap_eV,59,1.0000001192092896,0.0,0.7035405990437098,0.7035405990437098,,,,1.0
22,hexane_hl_gap_eV,60,1.0000001192092896,0.0,0.7035405990437098,0.7035405990437098,,,,1.0
22,hexane_hl_gap_eV,61,1.0000001192092896,0.0,0.7035405990437098,0.7035405990437098,,,,1.0
22,hexane_hl_gap_eV,62,1.0000001192092896,0.0,0.7035405990437098,0.7035405990437098,,,,1.0
22,hexane_hl_gap_eV,63,1.0000001192092896,0.0,0.7035405990437098,0.7035405990437098,,,,1.0
22,hexane_hl_gap_eV,64,1.0000001192092896,0.0,0.7035405990437098,0.7035405990437098,,,,1.0
22,hexane_hl_gap_eV,65,1.0000001192092896,0.0,0.7035405990437098,0.7035405990437098,,,,1.0
22,hexane_hl_gap_eV,66,1.0000001192092896,0.0,0.7035405990437098,0.7035405990437098,,,,1.0
22,hexane_hl_gap_eV,67,1.0000001192092896,0.0,0.7035405990437098,0.7035405990437098,,,,1.0
22,hexane_hl_gap_eV,68,1.0000001192092896,0.0,0.7035405990437098,0.7035405990437098,,,,1.0
22,hexane_hl_gap_eV,69,1.0000001192092896,0.0,0.7035405990437098,0.7035405990437098,,,,1.0
22,hexane_hl_gap_eV,70,1.0000001192092896,0.0,0.7035405990437098,0.7035405990437098,,,,1.0
22,hexane_hl_gap_eV,71,1.0000001192092896,0.0,0.7035405990437098,0.7035405990437098,,,,1.0
22,hexane_hl_gap_eV,72,1.0000001192092896,0.0,0.7035405990437098,0.7035405990437098,,,,1.0
22,hexane_hl_gap_eV,73,1.0000001192092896,0.0,0.7035405990437098,0.7035405990437098,,,,1.0
22,hexane_hl_gap_eV,74,1.0000001192092896,0.0,0.7035405990437098,0.7035405990437098,,,,1.0
22,hexane_hl_gap_eV,75,1.0000001192092896,0.0,0.7035405990437098,0.7035405990437098,,,,1.0
22,hexane_hl_gap_eV,76,1.0000001192092896,0.0,0.7035405990437098,0.7035405990437098,,,,1.0
22,hexane_hl_gap_eV,77,1.0000001192092896,0.0,0.7035405990437098,0.7035405990437098,,,,1.0
22,hexane_hl_gap_eV,78,1.0000001192092896,0.0,0.7035405990437098,0.7035405990437098,,,,1.0
22,hexane_hl_gap_eV,79,1.0000001192092896,0.0,0.7035405990437098,0.7035405990437098,,,,1.0
22,hexane_hl_gap_eV,80,1.0000001192092896,0.0,0.7035405990437098,0.7035405990437098,,,,1.0
22,hexane_hl_gap_eV,81,1.0000001192092896,0.0,0.7035405990437098,0.7035405990437098,,,,1.0
22,hexane_hl_gap_eV,82,1.0000001192092896,0.0,0.7035405990437098,0.7035405990437098,,,,1.0
22,hexane_hl_gap_eV,83,1.0000001192092896,0.0,0.7035405990437098,0.7035405990437098,,,,1.0
22,hexane_hl_gap_eV,84,1.0000001192092896,0.0,0.7035405990437098,0.7035405990437098,,,,1.0
22,hexane_hl_gap_eV,85,1.0000001192092896,0.0,0.7035405990437098,0.7035405990437098,,,,1.0
22,hexane_hl_gap_eV,86,1.0000001192092896,0.0,0.7035405990437098,0.7035405990437098,,,,1.0
22,hexane_hl_gap_eV,87,1.0000001192092896,0.0,0.7035405990437098,0.7035405990437098,,,,1.0
22,hexane_hl_gap_eV,88,1.0000001192092896,0.0,0.7035405990437098,0.7035405990437098,,,,1.0
22,hexane_hl_gap_eV,89,1.0000001192092896,0.0,0.7035405990437098,0.7035405990437098,,,,1.0
22,hexane_hl_gap_eV,90,1.0000001192092896,0.0,0.7035405990437098,0.7035405990437098,,,,1.0
22,hexane_hl_gap_eV,91,1.0000001192092896,0.0,0.7035405990437098,0.7035405990437098,,,,1.0
22,hexane_hl_gap_eV,92,1.0000001192092896,0.0,0.7035405990437098,0.7035405990437098,,,,1.0
22,hexane_hl_gap_eV,93,1.0000001192092896,0.0,0.7035405990437098,0.7035405990437098,,,,1.0
22,hexane_hl_gap_eV,94,1.0000001192092896,0.0,0.7035405990437098,0.7035405990437098,,,,1.0
22,hexane_hl_gap_eV,95,1.0000001192092896,0.0,0.7035405990437098,0.7035405990437098,,,,1.0
22,hexane_hl_gap_eV,96,1.0000001192092896,0.0,0.7035405990437098,0.7035405990437098,,,,1.0
22,hexane_hl_gap_eV,97,1.0000001192092896,0.0,0.7035405990437098,0.7035405990437098,,,,1.0
22,hexane_hl_gap_eV,98,1.0000001192092896,0.0,0.7035405990437098,0.7035405990437098,,,,1.0
22,hexane_hl_gap_eV,99,1.0000001192092896,0.0,0.7035405990437098,0.7035405990437098,,,,1.0
22,hexane_hl_gap_eV,100,1.0000001192092896,0.0,0.7035405990437098,0.7035405990437098,,,,1.0
22,hexane_hl_gap_eV,101,1.0000001192092896,0.0,0.7035405990437098,0.7035405990437098,,,,1.0
22,hexane_hl_gap_eV,102,1.0000001192092896,0.0,0.7035405990437098,0.7035405990437098,,,,1.0
22,hexane_hl_gap_eV,103,1.0000001192092896,0.0,0.7035405990437098,0.7035405990437098,,,,1.0
22,hexane_hl_gap_eV,104,1.0000001192092896,0.0,0.7035405990437098,0.7035405990437098,,,,1.0
22,hexane_hl_gap_eV,105,1.0000001192092896,0.0,0.7035405990437098,0.7035405990437098,,,,1.0
22,hexane_hl_gap_eV,106,1.0000001192092896,0.0,0.7035405990437098,0.7035405990437098,,,,1.0
22,hexane_hl_gap_eV,107,1.0000001192092896,0.0,0.7035405990437098,0.7035405990437098,,,,1.0
22,hexane_hl_gap_eV,108,1.0000001192092896,0.0,0.7035405990437098,0.7035405990437098,,,,1.0
22,hexane_hl_gap_eV,109,1.0000001192092896,0.0,0.7035405990437098,0.7035405990437098,,,,1.0
22,hexane_hl_gap_eV,110,1.0000001192092896,0.0,0.7035405990437098,0.7035405990437098,,,,1.0
22,hexane_hl_gap_eV,111,1.0000001192092896,0.0,0.7035405990437098,0.7035405990437098,,,,1.0
22,hexane_hl_gap_eV,112,1.0000001192092896,0.0,0.7035405990437098,0.7035405990437098,,,,1.0
22,hexane_hl_gap_eV,113,1.0000001192092896,0.0,0.7035405990437098,0.7035405990437098,,,,1.0
22,hexane_hl_gap_eV,114,1.0000001192092896,0.0,0.7035405990437098,0.7035405990437098,,,,1.0
22,hexane_hl_gap_eV,115,1.0000001192092896,0.0,0.7035405990437098,0.7035405990437098,,,,1.0
22,hexane_hl_gap_eV,116,1.0000001192092896,0.0,0.7035405990437098,0.7035405990437098,,,,1.0
22,hexane_hl_gap_eV,117,1.0000001192092896,0.0,0.7035405990437098,0.7035405990437098,,,,1.0
22,hexane_hl_gap_eV,118,1.0000001192092896,0.0,0.7035405990437098,0.7035405990437098,,,,1.0
22,hexane_hl_gap_eV,119,1.0000001192092896,0.0,0.7035405990437098,0.7035405990437098,,,,1.0
22,hexane_hl_gap_eV,120,1.0000001192092896,0.0,0.7035405990437098,0.7035405990437098,,,,1.0
22,hexane_hl_gap_eV,121,1.0000001192092896,0.0,0.7035405990437098,0.7035405990437098,,,,1.0
22,hexane_hl_gap_eV,122,1.0000001192092896,0.0,0.7035405990437098,0.7035405990437098,,,,1.0
22,hexane_hl_gap_eV,123,1.0000001192092896,0.0,0.7035405990437098,0.7035405990437098,,,,1.0
22,hexane_hl_gap_eV,124,1.0000001192092896,0.0,0.7035405990437098,0.7035405990437098,,,,1.0
22,hexane_hl_gap_eV,125,1.0000001192092896,0.0,0.7035405990437098,0.7035405990437098,,,,1.0
22,hexane_hl_gap_eV,126,1.0000001192092896,0.0,0.7035405990437098,0.7035405990437098,,,,1.0
22,hexane_hl_gap_eV,127,1.0000001192092896,0.0,0.7035405990437098,0.7035405990437098,,,,1.0
22,hexane_hl_gap_eV,128,1.0000001192092896,0.0,0.7035405990437098,0.7035405990437098,,,,1.0
22,hexane_hl_gap_eV,129,1.0000001192092896,0.0,0.7035405990437098,0.7035405990437098,,,,1.0
22,hexane_hl_gap_eV,130,1.0000001192092896,0.0,0.7035405990437098,0.7035405990437098,,,,1.0
22,hexane_hl_gap_eV,131,1.0000001192092896,0.0,0.7035405990437098,0.7035405990437098,,,,1.0
22,hexane_hl_gap_eV,132,1.0000001192092896,0.0,0.7035405990437098,0.7035405990437098,,,,1.0
22,hexane_hl_gap_eV,133,1.0000001192092896,0.0,0.7035405990437098,0.7035405990437098,,,,1.0
22,hexane_hl_gap_eV,134,1.0000001192092896,0.0,0.7035405990437098,0.7035405990437098,,,,1.0
22,hexane_hl_gap_eV,135,1.0000001192092896,0.0,0.7035405990437098,0.7035405990437098,,,,1.0
22,hexane_hl_gap_eV,136,1.0000001192092896,0.0,0.7035405990437098,0.7035405990437098,,,,1.0
22,hexane_hl_gap_eV,137,1.0000001192092896,0.0,0.7035405990437098,0.7035405990437098,,,,1.0
22,hexane_hl_gap_eV,138,1.0000001192092896,0.0,0.7035405990437098,0.7035405990437098,,,,1.0
22,hexane_hl_gap_eV,139,1.0000001192092896,0.0,0.7035405990437098,0.7035405990437098,,,,1.0
22,hexane_hl_gap_eV,140,1.0000001192092896,0.0,0.7035405990437098,0.7035405990437098,,,,1.0
22,hexane_hl_gap_eV,141,1.0000001192092896,0.0,0.7035405990437098,0.7035405990437098,,,,1.0
22,hexane_hl_gap_eV,142,1.0000001192092896,0.0,0.7035405990437098,0.7035405990437098,,,,1.0
22,hexane_hl_gap_eV,143,1.0000001192092896,0.0,0.7035405990437098,0.7035405990437098,,,,1.0
22,hexane_hl_gap_eV,144,1.0000001192092896,0.0,0.7035405990437098,0.7035405990437098,,,,1.0
22,hexane_hl_gap_eV,145,1.0000001192092896,0.0,0.7035405990437098,0.7035405990437098,,,,1.0
22,hexane_hl_gap_eV,146,1.0000001192092896,0.0,0.7035405990437098,0.7035405990437098,,,,1.0
22,hexane_hl_gap_eV,147,1.0000001192092896,0.0,0.7035405990437098,0.7035405990437098,,,,1.0
22,hexane_hl_gap_eV,148,1.0000001192092896,0.0,0.7035405990437098,0.7035405990437098,,,,1.0
22,hexane_hl_gap_eV,149,1.0000001192092896,0.0,0.7035405990437098,0.7035405990437098,,,,1.0
22,hexane_hl_gap_eV,150,1.0000001192092896,0.0,0.7035405990437098,0.7035405990437098,,,,1.0
22,hexane_hl_gap_eV,151,1.0000001192092896,0.0,0.7035405990437098,0.7035405990437098,,,,1.0
22,hexane_hl_gap_eV,152,1.0000001192092896,0.0,0.7035405990437098,0.7035405990437098,,,,1.0
22,hexane_hl_gap_eV,153,1.0000001192092896,0.0,0.7035405990437098,0.7035405990437098,,,,1.0
22,hexane_hl_gap_eV,154,1.0000001192092896,0.0,0.7035405990437098,0.7035405990437098,,,,1.0
22,hexane_hl_gap_eV,155,1.0000001192092896,0.0,0.7035405990437098,0.7035405990437098,,,,1.0
22,hexane_hl_gap_eV,156,1.0000001192092896,0.0,0.7035405990437098,0.7035405990437098,,,,1.0
22,hexane_hl_gap_eV,157,1.0000001192092896,0.0,0.7035405990437098,0.7035405990437098,,,,1.0
22,hexane_hl_gap_eV,158,1.0000001192092896,0.0,0.7035405990437098,0.7035405990437098,,,,1.0
22,hexane_hl_gap_eV,159,1.0000001192092896,0.0,0.7035405990437098,0.7035405990437098,,,,1.0
22,hexane_hl_gap_eV,160,1.0000001192092896,0.0,0.7035405990437098,0.7035405990437098,,,,1.0
22,hexane_hl_gap_eV,161,1.0000001192092896,0.0,0.7035405990437098,0.7035405990437098,,,,1.0
22,hexane_hl_gap_eV,162,1.0000001192092896,0.0,0.7035405990437098,0.7035405990437098,,,,1.0
22,hexane_hl_gap_eV,163,1.0000001192092896,0.0,0.7035405990437098,0.7035405990437098,,,,1.0
22,hexane_hl_gap_eV,164,1.0000001192092896,0.0,0.7035405990437098,0.7035405990437098,,,,1.0
22,hexane_hl_gap_eV,165,1.0000001192092896,0.0,0.7035405990437098,0.7035405990437098,,,,1.0
22,hexane_hl_gap_eV,166,1.0000001192092896,0.0,0.7035405990437098,0.7035405990437098,,,,1.0
22,hexane_hl_gap_eV,167,1.0000001192092896,0.0,0.7035405990437098,0.7035405990437098,,,,1.0
22,hexane_hl_gap_eV,168,1.0000001192092896,0.0,0.7035405990437098,0.7035405990437098,,,,1.0
22,hexane_hl_gap_eV,169,1.0000001192092896,0.0,0.7035405990437098,0.7035405990437098,,,,1.0
22,hexane_hl_gap_eV,170,1.0000001192092896,0.0,0.7035405990437098,0.7035405990437098,,,,1.0
22,hexane_hl_gap_eV,171,1.0000001192092896,0.0,0.7035405990437098,0.7035405990437098,,,,1.0
22,hexane_hl_gap_eV,172,1.0000001192092896,0.0,0.7035405990437098,0.7035405990437098,,,,1.0
22,hexane_hl_gap_eV,173,1.0000001192092896,0.0,0.7035405990437098,0.7035405990437098,,,,1.0
22,hexane_hl_gap_eV,174,1.0000001192092896,0.0,0.7035405990437098,0.7035405990437098,,,,1.0
22,hexane_hl_gap_eV,175,1.0000001192092896,0.0,0.7035405990437098,0.7035405990437098,,,,1.0
22,hexane_hl_gap_eV,176,1.0000001192092896,0.0,0.7035405990437098,0.7035405990437098,,,,1.0
22,hexane_hl_gap_eV,177,1.0000001192092896,0.0,0.7035405990437098,0.7035405990437098,,,,1.0
22,hexane_hl_gap_eV,178,1.0000001192092896,0.0,0.7035405990437098,0.7035405990437098,,,,1.0
22,hexane_hl_gap_eV,179,1.0000001192092896,0.0,0.7035405990437098,0.7035405990437098,,,,1.0
22,hexane_hl_gap_eV,180,1.0000001192092896,0.0,0.7035405990437098,0.7035405990437098,,,,1.0
22,hexane_hl_gap_eV,181,1.0000001192092896,0.0,0.7035405990437098,0.7035405990437098,,,,1.0
22,hexane_hl_gap_eV,182,1.0000001192092896,0.0,0.7035405990437098,0.7035405990437098,,,,1.0
22,hexane_hl_gap_eV,183,1.0000001192092896,0.0,0.7035405990437098,0.7035405990437098,,,,1.0
22,hexane_hl_gap_eV,184,1.0000001192092896,0.0,0.7035405990437098,0.7035405990437098,,,,1.0
22,hexane_hl_gap_eV,185,1.0000001192092896,0.0,0.7035405990437098,0.7035405990437098,,,,1.0
22,hexane_hl_gap_eV,186,1.0000001192092896,0.0,0.7035405990437098,0.7035405990437098,,,,1.0
22,hexane_hl_gap_eV,187,1.0000001192092896,0.0,0.7035405990437098,0.7035405990437098,,,,1.0
22,hexane_hl_gap_eV,188,1.0000001192092896,0.0,0.7035405990437098,0.7035405990437098,,,,1.0
22,hexane_hl_gap_eV,189,1.0000001192092896,0.0,0.7035405990437098,0.7035405990437098,,,,1.0
22,hexane_hl_gap_eV,190,1.0000001192092896,0.0,0.7035405990437098,0.7035405990437098,,,,1.0
22,hexane_hl_gap_eV,191,1.0000001192092896,0.0,0.7035405990437098,0.7035405990437098,,,,1.0
22,hexane_hl_gap_eV,192,1.0000001192092896,0.0,0.7035405990437098,0.7035405990437098,,,,1.0
22,hexane_hl_gap_eV,193,1.0000001192092896,0.0,0.7035405990437098,0.7035405990437098,,,,1.0
22,hexane_hl_gap_eV,194,1.0000001192092896,0.0,0.7035405990437098,0.7035405990437098,,,,1.0
22,hexane_hl_gap_eV,195,1.0000001192092896,0.0,0.7035405990437098,0.7035405990437098,,,,1.0
22,hexane_hl_gap_eV,196,1.0000001192092896,0.0,0.7035405990437098,0.7035405990437098,,,,1.0
22,hexane_hl_gap_eV,197,1.0000001192092896,0.0,0.7035405990437098,0.7035405990437098,,,,1.0
22,hexane_hl_gap_eV,198,1.0000001192092896,0.0,0.7035405990437098,0.7035405990437098,,,,1.0
22,hexane_hl_gap_eV,199,1.0000001192092896,0.0,0.7035405990437098,0.7035405990437098,,,,1.0
22,hexane_hl_gap_eV,200,1.0000001192092896,0.0,0.7035405990437098,0.7035405990437098,,,,1.0
22,hexane_hl_gap_eV,201,1.0000001192092896,0.0,0.7035405990437098,0.7035405990437098,,,,1.0
22,hexane_hl_gap_eV,202,1.0000001192092896,0.0,0.7035405990437098,0.7035405990437098,,,,1.0
22,hexane_hl_gap_eV,203,1.0000001192092896,0.0,0.7035405990437098,0.7035405990437098,,,,1.0
22,hexane_hl_gap_eV,204,1.0000001192092896,0.0,0.7035405990437098,0.7035405990437098,,,,1.0
22,hexane_hl_gap_eV,205,1.0000001192092896,0.0,0.7035405990437098,0.7035405990437098,,,,1.0
22,hexane_hl_gap_eV,206,1.0000001192092896,0.0,0.7035405990437098,0.7035405990437098,,,,1.0
22,hexane_hl_gap_eV,207,1.0000001192092896,0.0,0.7035405990437098,0.7035405990437098,,,,1.0
22,hexane_hl_gap_eV,208,1.0000001192092896,0.0,0.7035405990437098,0.7035405990437098,,,,1.0
22,hexane_hl_gap_eV,209,1.0000001192092896,0.0,0.7035405990437098,0.7035405990437098,,,,1.0
22,hexane_hl_gap_eV,210,1.0000001192092896,0.0,0.7035405990437098,0.7035405990437098,,,,1.0
22,hexane_hl_gap_eV,211,1.0000001192092896,0.0,0.7035405990437098,0.7035405990437098,,,,1.0
22,hexane_hl_gap_eV,212,1.0000001192092896,0.0,0.7035405990437098,0.7035405990437098,,,,1.0
22,hexane_hl_gap_eV,213,1.0000001192092896,0.0,0.7035405990437098,0.7035405990437098,,,,1.0
22,hexane_hl_gap_eV,214,1.0000001192092896,0.0,0.7035405990437098,0.7035405990437098,,,,1.0
22,hexane_hl_gap_eV,215,1.0000001192092896,0.0,0.7035405990437098,0.7035405990437098,,,,1.0
22,hexane_hl_gap_eV,216,1.0000001192092896,0.0,0.7035405990437098,0.7035405990437098,,,,1.0
22,hexane_hl_gap_eV,217,1.0000001192092896,0.0,0.7035405990437098,0.7035405990437098,,,,1.0
22,hexane_hl_gap_eV,218,1.0000001192092896,0.0,0.7035405990437098,0.7035405990437098,,,,1.0
22,hexane_hl_gap_eV,219,1.0000001192092896,0.0,0.7035405990437098,0.7035405990437098,,,,1.0
22,hexane_hl_gap_eV,220,1.0000001192092896,0.0,0.7035405990437098,0.7035405990437098,,,,1.0
22,hexane_hl_gap_eV,221,1.0000001192092896,0.0,0.7035405990437098,0.7035405990437098,,,,1.0
22,hexane_hl_gap_eV,222,1.0000001192092896,0.0,0.7035405990437098,0.7035405990437098,,,,1.0
22,hexane_hl_gap_eV,223,1.0000001192092896,0.0,0.7035405990437098,0.7035405990437098,,,,1.0
22,hexane_hl_gap_eV,224,1.0000001192092896,0.0,0.7035405990437098,0.7035405990437098,,,,1.0
22,hexane_hl_gap_eV,225,1.0000001192092896,0.0,0.7035405990437098,0.7035405990437098,,,,1.0
22,hexane_hl_gap_eV,226,1.0000001192092896,0.0,0.7035405990437098,0.7035405990437098,,,,1.0
22,hexane_hl_gap_eV,227,1.0000001192092896,0.0,0.7035405990437098,0.7035405990437098,,,,1.0
22,hexane_hl_gap_eV,228,1.0000001192092896,0.0,0.7035405990437098,0.7035405990437098,,,,1.0
22,hexane_hl_gap_eV,229,1.0000001192092896,0.0,0.7035405990437098,0.7035405990437098,,,,1.0
22,hexane_hl_gap_eV,230,1.0000001192092896,0.0,0.7035405990437098,0.7035405990437098,,,,1.0
22,hexane_hl_gap_eV,231,1.0000001192092896,0.0,0.7035405990437098,0.7035405990437098,,,,1.0
22,hexane_hl_gap_eV,232,1.0000001192092896,0.0,0.7035405990437098,0.7035405990437098,,,,1.0
22,hexane_hl_gap_eV,233,1.0000001192092896,0.0,0.7035405990437098,0.7035405990437098,,,,1.0
22,hexane_hl_gap_eV,234,1.0000001192092896,0.0,0.7035405990437098,0.7035405990437098,,,,1.0
22,hexane_hl_gap_eV,235,1.0000001192092896,0.0,0.7035405990437098,0.7035405990437098,,,,1.0
22,hexane_hl_gap_eV,236,1.0000001192092896,0.0,0.7035405990437098,0.7035405990437098,,,,1.0
22,hexane_hl_gap_eV,237,1.0000001192092896,0.0,0.7035405990437098,0.7035405990437098,,,,1.0
22,hexane_hl_gap_eV,238,1.0000001192092896,0.0,0.7035405990437098,0.7035405990437098,,,,1.0
22,hexane_hl_gap_eV,239,1.0000001192092896,0.0,0.7035405990437098,0.7035405990437098,,,,1.0
22,hexane_hl_gap_eV,240,1.0000001192092896,0.0,0.7035405990437098,0.7035405990437098,,,,1.0
22,hexane_hl_gap_eV,241,1.0000001192092896,0.0,0.7035405990437098,0.7035405990437098,,,,1.0
22,hexane_hl_gap_eV,242,1.0000001192092896,0.0,0.7035405990437098,0.7035405990437098,,,,1.0
22,hexane_hl_gap_eV,243,1.0000001192092896,0.0,0.7035405990437098,0.7035405990437098,,,,1.0
22,hexane_hl_gap_eV,244,1.0000001192092896,0.0,0.7035405990437098,0.7035405990437098,,,,1.0
22,hexane_hl_gap_eV,245,1.0000001192092896,0.0,0.7035405990437098,0.7035405990437098,,,,1.0
22,hexane_hl_gap_eV,246,1.0000001192092896,0.0,0.7035405990437098,0.7035405990437098,,,,1.0
22,hexane_hl_gap_eV,247,1.0000001192092896,0.0,0.7035405990437098,0.7035405990437098,,,,1.0
22,hexane_hl_gap_eV,248,1.0000001192092896,0.0,0.7035405990437098,0.7035405990437098,,,,1.0
22,hexane_hl_gap_eV,249,1.0000001192092896,0.0,0.7035405990437098,0.7035405990437098,,,,1.0
22,hexane_dipole,0,1.0000001192092896,0.0,0.5862321320754471,0.5862321320754471,,,,1.0
22,hexane_dipole,1,1.0000001192092896,0.0,0.5862321320754471,0.5862321320754471,,,,1.0
22,hexane_dipole,2,1.0000001192092896,0.0,0.5862321320754471,0.5862321320754471,,,,1.0
22,hexane_dipole,3,1.0000001192092896,0.0,0.5862321320754471,0.5862321320754471,,,,1.0
22,hexane_dipole,4,1.0000001192092896,0.0,0.5862321320754471,0.5862321320754471,,,,1.0
22,hexane_dipole,5,1.0000001192092896,0.0,0.5862321320754471,0.5862321320754471,,,,1.0
22,hexane_dipole,6,1.0000001192092896,0.0,0.5862321320754471,0.5862321320754471,,,,1.0
22,hexane_dipole,7,1.0000001192092896,0.0,0.5862321320754471,0.5862321320754471,,,,1.0
22,hexane_dipole,8,1.0000001192092896,0.0,0.5862321320754471,0.5862321320754471,,,,1.0
22,hexane_dipole,9,1.0000001192092896,0.0,0.5862321320754471,0.5862321320754471,,,,1.0
22,hexane_dipole,10,1.0000001192092896,0.0,0.5862321320754471,0.5862321320754471,,,,1.0
22,hexane_dipole,11,1.0000001192092896,0.0,0.5862321320754471,0.5862321320754471,,,,1.0
22,hexane_dipole,12,1.0000001192092896,0.0,0.5862321320754471,0.5862321320754471,,,,1.0
22,hexane_dipole,13,1.0000001192092896,0.0,0.5862321320754471,0.5862321320754471,,,,1.0
22,hexane_dipole,14,1.0000001192092896,0.0,0.5862321320754471,0.5862321320754471,,,,1.0
22,hexane_dipole,15,1.0000001192092896,0.0,0.5862321320754471,0.5862321320754471,,,,1.0
22,hexane_dipole,16,1.0000001192092896,0.0,0.5862321320754471,0.5862321320754471,,,,1.0
22,hexane_dipole,17,1.0000001192092896,0.0,0.5862321320754471,0.5862321320754471,,,,1.0
22,hexane_dipole,18,1.0000001192092896,0.0,0.5862321320754471,0.5862321320754471,,,,1.0
22,hexane_dipole,19,1.0000001192092896,0.0,0.5862321320754471,0.5862321320754471,,,,1.0
22,hexane_dipole,20,1.0000001192092896,0.0,0.5862321320754471,0.5862321320754471,,,,1.0
22,hexane_dipole,21,1.0000001192092896,0.0,0.5862321320754471,0.5862321320754471,,,,1.0
22,hexane_dipole,22,1.0000001192092896,0.0,0.5862321320754471,0.5862321320754471,,,,1.0
22,hexane_dipole,23,1.0000001192092896,0.0,0.5862321320754471,0.5862321320754471,,,,1.0
22,hexane_dipole,24,1.0000001192092896,0.0,0.5862321320754471,0.5862321320754471,,,,1.0
22,hexane_dipole,25,1.0000001192092896,0.0,0.5862321320754471,0.5862321320754471,,,,1.0
22,hexane_dipole,26,1.0000001192092896,0.0,0.5862321320754471,0.5862321320754471,,,,1.0
22,hexane_dipole,27,1.0000001192092896,0.0,0.5862321320754471,0.5862321320754471,,,,1.0
22,hexane_dipole,28,1.0000001192092896,0.0,0.5862321320754471,0.5862321320754471,,,,1.0
22,hexane_dipole,29,1.0000001192092896,0.0,0.5862321320754471,0.5862321320754471,,,,1.0
22,hexane_dipole,30,1.0000001192092896,0.0,0.5862321320754471,0.5862321320754471,,,,1.0
22,hexane_dipole,31,1.0000001192092896,0.0,0.5862321320754471,0.5862321320754471,,,,1.0
22,hexane_dipole,32,1.0000001192092896,0.0,0.5862321320754471,0.5862321320754471,,,,1.0
22,hexane_dipole,33,1.0000001192092896,0.0,0.5862321320754471,0.5862321320754471,,,,1.0
22,hexane_dipole,34,1.0000001192092896,0.0,0.5862321320754471,0.5862321320754471,,,,1.0
22,hexane_dipole,35,1.0000001192092896,0.0,0.5862321320754471,0.5862321320754471,,,,1.0
22,hexane_dipole,36,1.0000001192092896,0.0,0.5862321320754471,0.5862321320754471,,,,1.0
22,hexane_dipole,37,1.0000001192092896,0.0,0.5862321320754471,0.5862321320754471,,,,1.0
22,hexane_dipole,38,1.0000001192092896,0.0,0.5862321320754471,0.5862321320754471,,,,1.0
22,hexane_dipole,39,1.0000001192092896,0.0,0.5862321320754471,0.5862321320754471,,,,1.0
22,hexane_dipole,40,1.0000001192092896,0.0,0.5862321320754471,0.5862321320754471,,,,1.0
22,hexane_dipole,41,1.0000001192092896,0.0,0.5862321320754471,0.5862321320754471,,,,1.0
22,hexane_dipole,42,1.0000001192092896,0.0,0.5862321320754471,0.5862321320754471,,,,1.0
22,hexane_dipole,43,1.0000001192092896,0.0,0.5862321320754471,0.5862321320754471,,,,1.0
22,hexane_dipole,44,1.0000001192092896,0.0,0.5862321320754471,0.5862321320754471,,,,1.0
22,hexane_dipole,45,1.0000001192092896,0.0,0.5862321320754471,0.5862321320754471,,,,1.0
22,hexane_dipole,46,1.0000001192092896,0.0,0.5862321320754471,0.5862321320754471,,,,1.0
22,hexane_dipole,47,1.0000001192092896,0.0,0.5862321320754471,0.5862321320754471,,,,1.0
22,hexane_dipole,48,1.0000001192092896,0.0,0.5862321320754471,0.5862321320754471,,,,1.0
22,hexane_dipole,49,1.0000001192092896,0.0,0.5862321320754471,0.5862321320754471,,,,1.0
22,hexane_dipole,50,1.0000001192092896,0.0,0.5862321320754471,0.5862321320754471,,,,1.0
22,hexane_dipole,51,1.0000001192092896,0.0,0.5862321320754471,0.5862321320754471,,,,1.0
22,hexane_dipole,52,1.0000001192092896,0.0,0.5862321320754471,0.5862321320754471,,,,1.0
22,hexane_dipole,53,1.0000001192092896,0.0,0.5862321320754471,0.5862321320754471,,,,1.0
22,hexane_dipole,54,1.0000001192092896,0.0,0.5862321320754471,0.5862321320754471,,,,1.0
22,hexane_dipole,55,1.0000001192092896,0.0,0.5862321320754471,0.5862321320754471,,,,1.0
22,hexane_dipole,56,1.0000001192092896,0.0,0.5862321320754471,0.5862321320754471,,,,1.0
22,hexane_dipole,57,1.0000001192092896,0.0,0.5862321320754471,0.5862321320754471,,,,1.0
22,hexane_dipole,58,1.0000001192092896,0.0,0.5862321320754471,0.5862321320754471,,,,1.0
22,hexane_dipole,59,1.0000001192092896,0.0,0.5862321320754471,0.5862321320754471,,,,1.0
22,hexane_dipole,60,1.0000001192092896,0.0,0.5862321320754471,0.5862321320754471,,,,1.0
22,hexane_dipole,61,1.0000001192092896,0.0,0.5862321320754471,0.5862321320754471,,,,1.0
22,hexane_dipole,62,1.0000001192092896,0.0,0.5862321320754471,0.5862321320754471,,,,1.0
22,hexane_dipole,63,1.0000001192092896,0.0,0.5862321320754471,0.5862321320754471,,,,1.0
22,hexane_dipole,64,1.0000001192092896,0.0,0.5862321320754471,0.5862321320754471,,,,1.0
22,hexane_dipole,65,1.0000001192092896,0.0,0.5862321320754471,0.5862321320754471,,,,1.0
22,hexane_dipole,66,1.0000001192092896,0.0,0.5862321320754471,0.5862321320754471,,,,1.0
22,hexane_dipole,67,1.0000001192092896,0.0,0.5862321320754471,0.5862321320754471,,,,1.0
22,hexane_dipole,68,1.0000001192092896,0.0,0.5862321320754471,0.5862321320754471,,,,1.0
22,hexane_dipole,69,1.0000001192092896,0.0,0.5862321320754471,0.5862321320754471,,,,1.0
22,hexane_dipole,70,1.0000001192092896,0.0,0.5862321320754471,0.5862321320754471,,,,1.0
22,hexane_dipole,71,1.0000001192092896,0.0,0.5862321320754471,0.5862321320754471,,,,1.0
22,hexane_dipole,72,1.0000001192092896,0.0,0.5862321320754471,0.5862321320754471,,,,1.0
22,hexane_dipole,73,1.0000001192092896,0.0,0.5862321320754471,0.5862321320754471,,,,1.0
22,hexane_dipole,74,1.0000001192092896,0.0,0.5862321320754471,0.5862321320754471,,,,1.0
22,hexane_dipole,75,1.0000001192092896,0.0,0.5862321320754471,0.5862321320754471,,,,1.0
22,hexane_dipole,76,1.0000001192092896,0.0,0.5862321320754471,0.5862321320754471,,,,1.0
22,hexane_dipole,77,1.0000001192092896,0.0,0.5862321320754471,0.5862321320754471,,,,1.0
22,hexane_dipole,78,1.0000001192092896,0.0,0.5862321320754471,0.5862321320754471,,,,1.0
22,hexane_dipole,79,1.0000001192092896,0.0,0.5862321320754471,0.5862321320754471,,,,1.0
22,hexane_dipole,80,1.0000001192092896,0.0,0.5862321320754471,0.5862321320754471,,,,1.0
22,hexane_dipole,81,1.0000001192092896,0.0,0.5862321320754471,0.5862321320754471,,,,1.0
22,hexane_dipole,82,1.0000001192092896,0.0,0.5862321320754471,0.5862321320754471,,,,1.0
22,hexane_dipole,83,1.0000001192092896,0.0,0.5862321320754471,0.5862321320754471,,,,1.0
22,hexane_dipole,84,1.0000001192092896,0.0,0.5862321320754471,0.5862321320754471,,,,1.0
22,hexane_dipole,85,1.0000001192092896,0.0,0.5862321320754471,0.5862321320754471,,,,1.0
22,hexane_dipole,86,1.0000001192092896,0.0,0.5862321320754471,0.5862321320754471,,,,1.0
22,hexane_dipole,87,1.0000001192092896,0.0,0.5862321320754471,0.5862321320754471,,,,1.0
22,hexane_dipole,88,1.0000001192092896,0.0,0.5862321320754471,0.5862321320754471,,,,1.0
22,hexane_dipole,89,1.0000001192092896,0.0,0.5862321320754471,0.5862321320754471,,,,1.0
22,hexane_dipole,90,1.0000001192092896,0.0,0.5862321320754471,0.5862321320754471,,,,1.0
22,hexane_dipole,91,1.0000001192092896,0.0,0.5862321320754471,0.5862321320754471,,,,1.0
22,hexane_dipole,92,1.0000001192092896,0.0,0.5862321320754471,0.5862321320754471,,,,1.0
22,hexane_dipole,93,1.0000001192092896,0.0,0.5862321320754471,0.5862321320754471,,,,1.0
22,hexane_dipole,94,1.0000001192092896,0.0,0.5862321320754471,0.5862321320754471,,,,1.0
22,hexane_dipole,95,1.0000001192092896,0.0,0.5862321320754471,0.5862321320754471,,,,1.0
22,hexane_dipole,96,1.0000001192092896,0.0,0.5862321320754471,0.5862321320754471,,,,1.0
22,hexane_dipole,97,1.0000001192092896,0.0,0.5862321320754471,0.5862321320754471,,,,1.0
22,hexane_dipole,98,1.0000001192092896,0.0,0.5862321320754471,0.5862321320754471,,,,1.0
22,hexane_dipole,99,1.0000001192092896,0.0,0.5862321320754471,0.5862321320754471,,,,1.0
22,hexane_dipole,100,1.0000001192092896,0.0,0.5862321320754471,0.5862321320754471,,,,1.0
22,hexane_dipole,101,1.0000001192092896,0.0,0.5862321320754471,0.5862321320754471,,,,1.0
22,hexane_dipole,102,1.0000001192092896,0.0,0.5862321320754471,0.5862321320754471,,,,1.0
22,hexane_dipole,103,1.0000001192092896,0.0,0.5862321320754471,0.5862321320754471,,,,1.0
22,hexane_dipole,104,1.0000001192092896,0.0,0.5862321320754471,0.5862321320754471,,,,1.0
22,hexane_dipole,105,1.0000001192092896,0.0,0.5862321320754471,0.5862321320754471,,,,1.0
22,hexane_dipole,106,1.0000001192092896,0.0,0.5862321320754471,0.5862321320754471,,,,1.0
22,hexane_dipole,107,1.0000001192092896,0.0,0.5862321320754471,0.5862321320754471,,,,1.0
22,hexane_dipole,108,1.0000001192092896,0.0,0.5862321320754471,0.5862321320754471,,,,1.0
22,hexane_dipole,109,1.0000001192092896,0.0,0.5862321320754471,0.5862321320754471,,,,1.0
22,hexane_dipole,110,1.0000001192092896,0.0,0.5862321320754471,0.5862321320754471,,,,1.0
22,hexane_dipole,111,1.0000001192092896,0.0,0.5862321320754471,0.5862321320754471,,,,1.0
22,hexane_dipole,112,1.0000001192092896,0.0,0.5862321320754471,0.5862321320754471,,,,1.0
22,hexane_dipole,113,1.0000001192092896,0.0,0.5862321320754471,0.5862321320754471,,,,1.0
22,hexane_dipole,114,1.0000001192092896,0.0,0.5862321320754471,0.5862321320754471,,,,1.0
22,hexane_dipole,115,1.0000001192092896,0.0,0.5862321320754471,0.5862321320754471,,,,1.0
22,hexane_dipole,116,1.0000001192092896,0.0,0.5862321320754471,0.5862321320754471,,,,1.0
22,hexane_dipole,117,1.0000001192092896,0.0,0.5862321320754471,0.5862321320754471,,,,1.0
22,hexane_dipole,118,1.0000001192092896,0.0,0.5862321320754471,0.5862321320754471,,,,1.0
22,hexane_dipole,119,1.0000001192092896,0.0,0.5862321320754471,0.5862321320754471,,,,1.0
22,hexane_dipole,120,1.0000001192092896,0.0,0.5862321320754471,0.5862321320754471,,,,1.0
22,hexane_dipole,121,1.0000001192092896,0.0,0.5862321320754471,0.5862321320754471,,,,1.0
22,hexane_dipole,122,1.0000001192092896,0.0,0.5862321320754471,0.5862321320754471,,,,1.0
22,hexane_dipole,123,1.0000001192092896,0.0,0.5862321320754471,0.5862321320754471,,,,1.0
22,hexane_dipole,124,1.0000001192092896,0.0,0.5862321320754471,0.5862321320754471,,,,1.0
22,hexane_dipole,125,1.0000001192092896,0.0,0.5862321320754471,0.5862321320754471,,,,1.0
22,hexane_dipole,126,1.0000001192092896,0.0,0.5862321320754471,0.5862321320754471,,,,1.0
22,hexane_dipole,127,1.0000001192092896,0.0,0.5862321320754471,0.5862321320754471,,,,1.0
22,hexane_dipole,128,1.0000001192092896,0.0,0.5862321320754471,0.5862321320754471,,,,1.0
22,hexane_dipole,129,1.0000001192092896,0.0,0.5862321320754471,0.5862321320754471,,,,1.0
22,hexane_dipole,130,1.0000001192092896,0.0,0.5862321320754471,0.5862321320754471,,,,1.0
22,hexane_dipole,131,1.0000001192092896,0.0,0.5862321320754471,0.5862321320754471,,,,1.0
22,hexane_dipole,132,1.0000001192092896,0.0,0.5862321320754471,0.5862321320754471,,,,1.0
22,hexane_dipole,133,1.0000001192092896,0.0,0.5862321320754471,0.5862321320754471,,,,1.0
22,hexane_dipole,134,1.0000001192092896,0.0,0.5862321320754471,0.5862321320754471,,,,1.0
22,hexane_dipole,135,1.0000001192092896,0.0,0.5862321320754471,0.5862321320754471,,,,1.0
22,hexane_dipole,136,1.0000001192092896,0.0,0.5862321320754471,0.5862321320754471,,,,1.0
22,hexane_dipole,137,1.0000001192092896,0.0,0.5862321320754471,0.5862321320754471,,,,1.0
22,hexane_dipole,138,1.0000001192092896,0.0,0.5862321320754471,0.5862321320754471,,,,1.0
22,hexane_dipole,139,1.0000001192092896,0.0,0.5862321320754471,0.5862321320754471,,,,1.0
22,hexane_dipole,140,1.0000001192092896,0.0,0.5862321320754471,0.5862321320754471,,,,1.0
22,hexane_dipole,141,1.0000001192092896,0.0,0.5862321320754471,0.5862321320754471,,,,1.0
22,hexane_dipole,142,1.0000001192092896,0.0,0.5862321320754471,0.5862321320754471,,,,1.0
22,hexane_dipole,143,1.0000001192092896,0.0,0.5862321320754471,0.5862321320754471,,,,1.0
22,hexane_dipole,144,1.0000001192092896,0.0,0.5862321320754471,0.5862321320754471,,,,1.0
22,hexane_dipole,145,1.0000001192092896,0.0,0.5862321320754471,0.5862321320754471,,,,1.0
22,hexane_dipole,146,1.0000001192092896,0.0,0.5862321320754471,0.5862321320754471,,,,1.0
22,hexane_dipole,147,1.0000001192092896,0.0,0.5862321320754471,0.5862321320754471,,,,1.0
22,hexane_dipole,148,1.0000001192092896,0.0,0.5862321320754471,0.5862321320754471,,,,1.0
22,hexane_dipole,149,1.0000001192092896,0.0,0.5862321320754471,0.5862321320754471,,,,1.0
22,hexane_dipole,150,1.0000001192092896,0.0,0.5862321320754471,0.5862321320754471,,,,1.0
22,hexane_dipole,151,1.0000001192092896,0.0,0.5862321320754471,0.5862321320754471,,,,1.0
22,hexane_dipole,152,1.0000001192092896,0.0,0.5862321320754471,0.5862321320754471,,,,1.0
22,hexane_dipole,153,1.0000001192092896,0.0,0.5862321320754471,0.5862321320754471,,,,1.0
22,hexane_dipole,154,1.0000001192092896,0.0,0.5862321320754471,0.5862321320754471,,,,1.0
22,hexane_dipole,155,1.0000001192092896,0.0,0.5862321320754471,0.5862321320754471,,,,1.0
22,hexane_dipole,156,1.0000001192092896,0.0,0.5862321320754471,0.5862321320754471,,,,1.0
22,hexane_dipole,157,1.0000001192092896,0.0,0.5862321320754471,0.5862321320754471,,,,1.0
22,hexane_dipole,158,1.0000001192092896,0.0,0.5862321320754471,0.5862321320754471,,,,1.0
22,hexane_dipole,159,1.0000001192092896,0.0,0.5862321320754471,0.5862321320754471,,,,1.0
22,hexane_dipole,160,1.0000001192092896,0.0,0.5862321320754471,0.5862321320754471,,,,1.0
22,hexane_dipole,161,1.0000001192092896,0.0,0.5862321320754471,0.5862321320754471,,,,1.0
22,hexane_dipole,162,1.0000001192092896,0.0,0.5862321320754471,0.5862321320754471,,,,1.0
22,hexane_dipole,163,1.0000001192092896,0.0,0.5862321320754471,0.5862321320754471,,,,1.0
22,hexane_dipole,164,1.0000001192092896,0.0,0.5862321320754471,0.5862321320754471,,,,1.0
22,hexane_dipole,165,1.0000001192092896,0.0,0.5862321320754471,0.5862321320754471,,,,1.0
22,hexane_dipole,166,1.0000001192092896,0.0,0.5862321320754471,0.5862321320754471,,,,1.0
22,hexane_dipole,167,1.0000001192092896,0.0,0.5862321320754471,0.5862321320754471,,,,1.0
22,hexane_dipole,168,1.0000001192092896,0.0,0.5862321320754471,0.5862321320754471,,,,1.0
22,hexane_dipole,169,1.0000001192092896,0.0,0.5862321320754471,0.5862321320754471,,,,1.0
22,hexane_dipole,170,1.0000001192092896,0.0,0.5862321320754471,0.5862321320754471,,,,1.0
22,hexane_dipole,171,1.0000001192092896,0.0,0.5862321320754471,0.5862321320754471,,,,1.0
22,hexane_dipole,172,1.0000001192092896,0.0,0.5862321320754471,0.5862321320754471,,,,1.0
22,hexane_dipole,173,1.0000001192092896,0.0,0.5862321320754471,0.5862321320754471,,,,1.0
22,hexane_dipole,174,1.0000001192092896,0.0,0.5862321320754471,0.5862321320754471,,,,1.0
22,hexane_dipole,175,1.0000001192092896,0.0,0.5862321320754471,0.5862321320754471,,,,1.0
22,hexane_dipole,176,1.0000001192092896,0.0,0.5862321320754471,0.5862321320754471,,,,1.0
22,hexane_dipole,177,1.0000001192092896,0.0,0.5862321320754471,0.5862321320754471,,,,1.0
22,hexane_dipole,178,1.0000001192092896,0.0,0.5862321320754471,0.5862321320754471,,,,1.0
22,hexane_dipole,179,1.0000001192092896,0.0,0.5862321320754471,0.5862321320754471,,,,1.0
22,hexane_dipole,180,1.0000001192092896,0.0,0.5862321320754471,0.5862321320754471,,,,1.0
22,hexane_dipole,181,1.0000001192092896,0.0,0.5862321320754471,0.5862321320754471,,,,1.0
22,hexane_dipole,182,1.0000001192092896,0.0,0.5862321320754471,0.5862321320754471,,,,1.0
22,hexane_dipole,183,1.0000001192092896,0.0,0.5862321320754471,0.5862321320754471,,,,1.0
22,hexane_dipole,184,1.0000001192092896,0.0,0.5862321320754471,0.5862321320754471,,,,1.0
22,hexane_dipole,185,1.0000001192092896,0.0,0.5862321320754471,0.5862321320754471,,,,1.0
22,hexane_dipole,186,1.0000001192092896,0.0,0.5862321320754471,0.5862321320754471,,,,1.0
22,hexane_dipole,187,1.0000001192092896,0.0,0.5862321320754471,0.5862321320754471,,,,1.0
22,hexane_dipole,188,1.0000001192092896,0.0,0.5862321320754471,0.5862321320754471,,,,1.0
22,hexane_dipole,189,1.0000001192092896,0.0,0.5862321320754471,0.5862321320754471,,,,1.0
22,hexane_dipole,190,1.0000001192092896,0.0,0.5862321320754471,0.5862321320754471,,,,1.0
22,hexane_dipole,191,1.0000001192092896,0.0,0.5862321320754471,0.5862321320754471,,,,1.0
22,hexane_dipole,192,1.0000001192092896,0.0,0.5862321320754471,0.5862321320754471,,,,1.0
22,hexane_dipole,193,1.0000001192092896,0.0,0.5862321320754471,0.5862321320754471,,,,1.0
22,hexane_dipole,194,1.0000001192092896,0.0,0.5862321320754471,0.5862321320754471,,,,1.0
22,hexane_dipole,195,1.0000001192092896,0.0,0.5862321320754471,0.5862321320754471,,,,1.0
22,hexane_dipole,196,1.0000001192092896,0.0,0.5862321320754471,0.5862321320754471,,,,1.0
22,hexane_dipole,197,1.0000001192092896,0.0,0.5862321320754471,0.5862321320754471,,,,1.0
22,hexane_dipole,198,1.0000001192092896,0.0,0.5862321320754471,0.5862321320754471,,,,1.0
22,hexane_dipole,199,1.0000001192092896,0.0,0.5862321320754471,0.5862321320754471,,,,1.0
22,hexane_dipole,200,1.0000001192092896,0.0,0.5862321320754471,0.5862321320754471,,,,1.0
22,hexane_dipole,201,1.0000001192092896,0.0,0.5862321320754471,0.5862321320754471,,,,1.0
22,hexane_dipole,202,1.0000001192092896,0.0,0.5862321320754471,0.5862321320754471,,,,1.0
22,hexane_dipole,203,1.0000001192092896,0.0,0.5862321320754471,0.5862321320754471,,,,1.0
22,hexane_dipole,204,1.0000001192092896,0.0,0.5862321320754471,0.5862321320754471,,,,1.0
22,hexane_dipole,205,1.0000001192092896,0.0,0.5862321320754471,0.5862321320754471,,,,1.0
22,hexane_dipole,206,1.0000001192092896,0.0,0.5862321320754471,0.5862321320754471,,,,1.0
22,hexane_dipole,207,1.0000001192092896,0.0,0.5862321320754471,0.5862321320754471,,,,1.0
22,hexane_dipole,208,1.0000001192092896,0.0,0.5862321320754471,0.5862321320754471,,,,1.0
22,hexane_dipole,209,1.0000001192092896,0.0,0.5862321320754471,0.5862321320754471,,,,1.0
22,hexane_dipole,210,1.0000001192092896,0.0,0.5862321320754471,0.5862321320754471,,,,1.0
22,hexane_dipole,211,1.0000001192092896,0.0,0.5862321320754471,0.5862321320754471,,,,1.0
22,hexane_dipole,212,1.0000001192092896,0.0,0.5862321320754471,0.5862321320754471,,,,1.0
22,hexane_dipole,213,1.0000001192092896,0.0,0.5862321320754471,0.5862321320754471,,,,1.0
22,hexane_dipole,214,1.0000001192092896,0.0,0.5862321320754471,0.5862321320754471,,,,1.0
22,hexane_dipole,215,1.0000001192092896,0.0,0.5862321320754471,0.5862321320754471,,,,1.0
22,hexane_dipole,216,1.0000001192092896,0.0,0.5862321320754471,0.5862321320754471,,,,1.0
22,hexane_dipole,217,1.0000001192092896,0.0,0.5862321320754471,0.5862321320754471,,,,1.0
22,hexane_dipole,218,1.0000001192092896,0.0,0.5862321320754471,0.5862321320754471,,,,1.0
22,hexane_dipole,219,1.0000001192092896,0.0,0.5862321320754471,0.5862321320754471,,,,1.0
22,hexane_dipole,220,1.0000001192092896,0.0,0.5862321320754471,0.5862321320754471,,,,1.0
22,hexane_dipole,221,1.0000001192092896,0.0,0.5862321320754471,0.5862321320754471,,,,1.0
22,hexane_dipole,222,1.0000001192092896,0.0,0.5862321320754471,0.5862321320754471,,,,1.0
22,hexane_dipole,223,1.0000001192092896,0.0,0.5862321320754471,0.5862321320754471,,,,1.0
22,hexane_dipole,224,1.0000001192092896,0.0,0.5862321320754471,0.5862321320754471,,,,1.0
22,hexane_dipole,225,1.0000001192092896,0.0,0.5862321320754471,0.5862321320754471,,,,1.0
22,hexane_dipole,226,1.0000001192092896,0.0,0.5862321320754471,0.5862321320754471,,,,1.0
22,hexane_dipole,227,1.0000001192092896,0.0,0.5862321320754471,0.5862321320754471,,,,1.0
22,hexane_dipole,228,1.0000001192092896,0.0,0.5862321320754471,0.5862321320754471,,,,1.0
22,hexane_dipole,229,1.0000001192092896,0.0,0.5862321320754471,0.5862321320754471,,,,1.0
22,hexane_dipole,230,1.0000001192092896,0.0,0.5862321320754471,0.5862321320754471,,,,1.0
22,hexane_dipole,231,1.0000001192092896,0.0,0.5862321320754471,0.5862321320754471,,,,1.0
22,hexane_dipole,232,1.0000001192092896,0.0,0.5862321320754471,0.5862321320754471,,,,1.0
22,hexane_dipole,233,1.0000001192092896,0.0,0.5862321320754471,0.5862321320754471,,,,1.0
22,hexane_dipole,234,1.0000001192092896,0.0,0.5862321320754471,0.5862321320754471,,,,1.0
22,hexane_dipole,235,1.0000001192092896,0.0,0.5862321320754471,0.5862321320754471,,,,1.0
22,hexane_dipole,236,1.0000001192092896,0.0,0.5862321320754471,0.5862321320754471,,,,1.0
22,hexane_dipole,237,1.0000001192092896,0.0,0.5862321320754471,0.5862321320754471,,,,1.0
22,hexane_dipole,238,1.0000001192092896,0.0,0.5862321320754471,0.5862321320754471,,,,1.0
22,hexane_dipole,239,1.0000001192092896,0.0,0.5862321320754471,0.5862321320754471,,,,1.0
22,hexane_dipole,240,1.0000001192092896,0.0,0.5862321320754471,0.5862321320754471,,,,1.0
22,hexane_dipole,241,1.0000001192092896,0.0,0.5862321320754471,0.5862321320754471,,,,1.0
22,hexane_dipole,242,1.0000001192092896,0.0,0.5862321320754471,0.5862321320754471,,,,1.0
22,hexane_dipole,243,1.0000001192092896,0.0,0.5862321320754471,0.5862321320754471,,,,1.0
22,hexane_dipole,244,1.0000001192092896,0.0,0.5862321320754471,0.5862321320754471,,,,1.0
22,hexane_dipole,245,1.0000001192092896,0.0,0.5862321320754471,0.5862321320754471,,,,1.0
22,hexane_dipole,246,1.0000001192092896,0.0,0.5862321320754471,0.5862321320754471,,,,1.0
22,hexane_dipole,247,1.0000001192092896,0.0,0.5862321320754471,0.5862321320754471,,,,1.0
22,hexane_dipole,248,1.0000001192092896,0.0,0.5862321320754471,0.5862321320754471,,,,1.0
22,hexane_dipole,249,1.0000001192092896,0.0,0.5862321320754471,0.5862321320754471,,,,1.0
23,sco_kcal,0,0.297770231962204,0.058602433651685715,0.6127040255261706,0.9015289110400038,11.223531723022461,2.74648380279541,0.2447076259571342,0.24
23,sco_kcal,1,0.7472639083862305,0.01832328364253044,0.6695146317303422,0.9056650491852396,3.9290361404418945,3.9170660972595215,0.9969534402956581,0.56
23,sco_kcal,2,0.1812647432088852,0.035536281764507294,0.6207066403812354,0.9187984852273092,7.2007737159729,0.8447226881980896,0.11730998938687781,0.06
23,sco_kcal,3,0.5592954158782959,0.029494477435946465,0.6324650972672206,0.8951575372911391,6.066848278045654,3.7572062015533447,0.6193011641892705,0.3
23,sco_kcal,4,0.11567538976669312,0.025314418599009514,0.6201632606238425,0.936763545699816,5.0775885581970215,0.21437394618988037,0.042219637084183415,0.04
23,sco_kcal,5,0.0431116558611393,0.06041954830288887,0.5857057333952813,0.96154101238565,11.080735206604004,0.035856928676366806,0.003235970177772721,0.12
23,sco_kcal,6,0.1756807416677475,0.04551324620842934,0.6200567308854605,0.9441032454335865,9.360048294067383,0.7988958954811096,0.08535168520310611,0.04
23,sco_kcal,7,0.3931604027748108,0.022513186559081078,0.6357714510123404,0.919455466020155,4.843508243560791,1.6608601808547974,0.3429043778469522,0.28
23,sco_kcal,8,0.4851648807525635,0.03204100579023361,0.6448371171663512,0.9013905824844872,6.857243061065674,3.3036048412323,0.48176866589280437,0.14
23,sco_kcal,9,0.5782361030578613,0.019853394478559494,0.6697646782821254,0.9085126514987145,4.540156364440918,3.086049795150757,0.6797232402216565,0.36
23,sco_kcal,10,0.2774863541126251,0.6813091039657593,0.6308779669855542,0.9873573836190697,143.51776123046875,2.2866904735565186,0.01593315317875134,0.38
23,sco_kcal,11,0.21381764113903046,0.029011445119976997,0.6330973216896076,0.9360151981819189,6.090847969055176,0.885814905166626,0.14543375728093166,0.08
23,sco_kcal,12,0.24187926948070526,0.02139103226363659,0.6430076466806345,0.9492886944591981,4.689921855926514,0.4999485909938812,0.10660062285731076,0.16
23,sco_kcal,13,0.09828010201454163,0.02475811168551445,0.6261473830846553,0.9419881534518397,5.288887977600098,0.16976480185985565,0.032098392436908575,0.04
23,sco_kcal,14,0.17880897223949432,0.028705865144729614,0.6328180322461314,0.9296610760896193,6.119174957275391,0.37258604168891907,0.060888280575461085,0.14
23,sco_kcal,15,0.46898582577705383,0.033296775072813034,0.631493438365818,0.9076142719800815,6.897208213806152,3.0047733783721924,0.4356506698402308,0.24
23,sco_kcal,16,0.05527585372328758,0.047282394021749496,0.6559379705986479,0.9562755916425354,10.443008422851562,0.12687818706035614,0.012149581990446278,0.04
23,sco_kcal,17,0.26073065400123596,0.04113924130797386,0.6383545805693256,0.9452188757913809,8.758563041687012,1.1002583503723145,0.12562087469549008,0.16
23,sco_kcal,18,0.07830917090177536,0.02209203504025936,0.649736757393254,0.9708882455526264,4.801573276519775,0.09637437015771866,0.020071415056602385,0.06
23,sco_kcal,19,0.0976705476641655,0.03677824139595032,0.618091758574898,0.9556280171599971,7.461736679077148,0.17206275463104248,0.023059344229274362,0.08
23,sco_kcal,20,0.035943277180194855,0.1358158439397812,0.6335342017415297,0.9516651702994936,29.11130142211914,0.19710451364517212,0.006770721472981266,0.04
23,sco_kcal,21,0.16842271387577057,0.09051455557346344,0.5697878425472689,0.9068745294878982,16.039806365966797,2.3646600246429443,0.14742447450364934,0.16
23,sco_kcal,22,0.44344764947891235,0.03730516880750656,0.6330449435196901,0.8908123845280878,7.65727424621582,3.2342138290405273,0.422371424223033,0.2
23,sco_kcal,23,0.2892741858959198,0.016875701025128365,0.6134462262563181,0.9342305353686089,3.3734381198883057,0.7265570759773254,0.21537584213976385,0.08
23,sco_kcal,24,0.49393415451049805,0.017873171716928482,0.6424071982988226,0.9177863166883371,3.7621521949768066,1.69435453414917,0.4503684184843605,0.3
23,sco_kcal,25,0.26916223764419556,0.01513428334146738,0.6391238277865858,0.9370713677976776,3.280120372772217,0.6445301175117493,0.1964958734020545,0.12
23,sco_kcal,26,0.036628950387239456,0.028196312487125397,0.6384288946322372,0.9624127856643538,6.008476257324219,0.08476029336452484,0.014106786768309794,0.02
23,sco_kcal,27,0.14063388109207153,0.011699962429702282,0.6386108210718884,0.966277464026311,2.5376501083374023,0.27696019411087036,0.1091404182164132,0.04
23,sco_kcal,28,0.7229750156402588,0.013224595226347446,0.6681454676990028,0.9025486269512251,2.960632562637329,2.542933464050293,0.8589155899119916,0.38
23,sco_kcal,29,0.1592278778553009,0.02507023513317108,0.6377039773749691,0.9451844267173806,5.3585615158081055,0.4997031092643738,0.09325321875847035,0.1
23,sco_kcal,30,0.14739368855953217,0.011163465678691864,0.6315468270604052,0.9480494649471645,2.337026357650757,0.21323327720165253,0.09124128040044892,0.04
23,sco_kcal,31,0.12325835227966309,0.08783544600009918,0.6090524895355229,0.9008019842267885,16.909666061401367,1.6276651620864868,0.09625649354494681,0.02
23,sco_kcal,32,0.059386227279901505,0.03510810062289238,0.6204171253341952,0.9597136323332334,7.268179416656494,0.08836733549833298,0.012158111465413396,0.04
23,sco_kcal,33,0.5874939560890198,0.03019157610833645,0.6116887719437432,0.9171738981274955,6.006715774536133,3.9199647903442383,0.652597015986986,0.38
23,sco_kcal,34,0.3152988851070404,0.023093856871128082,0.628197579635962,0.8960276221083006,4.857022285461426,1.1624243259429932,0.23932859633411396,0.08
23,sco_kcal,35,0.19747456908226013,0.01625322923064232,0.6376755077565477,0.9481816221284776,3.535597324371338,0.18336918950080872,0.05186370864035357,0.12
23,sco_kcal,36,0.041464630514383316,0.07793319970369339,0.6304721510227045,0.957060508095982,16.489173889160156,0.18761363625526428,0.011377988825662145,0.02
23,sco_kcal,37,0.454735666513443,0.029899384826421738,0.6270266487310168,0.8979902238916189,6.220595836639404,2.7677690982818604,0.4449363326226176,0.12
23,sco_kcal,38,0.2316557765007019,0.04535142704844475,0.6377217052292616,0.9632266169401194,9.868671417236328,0.25168856978416443,0.025503794699717395,0.18
23,sco_kcal,39,0.20079302787780762,0.0969872698187828,0.624391169266072,0.9247604854896769,20.41769790649414,2.4362573623657227,0.11932086435615429,0.1
23,sco_kcal,40,0.7138878107070923,0.021677039563655853,0.6780983208473135,0.8992367878752905,4.93881893157959,4.581212997436523,0.9275928234873165,0.32
23,sco_kcal,41,0.18103939294815063,0.02246704325079918,0.6363959986257903,0.9505394752002834,4.8301544189453125,0.3366323411464691,0.06969390871357989,0.16
23,sco_kcal,42,0.026346396654844284,0.1029599979519844,0.6088377588454559,0.949759846804149,19.98305320739746,0.15243040025234222,0.00762798350533914,0.0
23,sco_kcal,43,0.2293211668729782,0.024282163009047508,0.6252142297048979,0.9435674158009226,5.064310550689697,0.8202337026596069,0.16196354754506537,0.08
23,sco_kcal,44,0.10485173016786575,0.02969294600188732,0.6587445238387881,0.9607917650807343,6.5654988288879395,0.12789098918437958,0.01947924940930066,0.04
23,sco_kcal,45,0.10215461254119873,0.03111013025045395,0.6199273843396156,0.9587997028618302,6.335024833679199,0.12735630571842194,0.020103521148228408,0.04
23,sco_kcal,46,0.05183956399559975,0.031161760911345482,0.6350642739467325,0.9632472407921902,6.564183712005615,0.11057666689157486,0.01684545584690672,0.02
23,sco_kcal,47,0.3887552320957184,0.021657971665263176,0.6566400764702718,0.9170065247549117,4.801816463470459,1.2351852655410767,0.25723291902922096,0.22
23,sco_kcal,48,0.23107029497623444,0.05893225222826004,0.6331606212891716,0.8854663666224438,12.715883255004883,2.7517967224121094,0.21640625878890649,0.04
23,sco_kcal,49,0.3517284691333771,0.030067602172493935,0.6333042653157113,0.9675670901429325,6.420647144317627,0.9508383274078369,0.14809073073721918,0.26
23,sco_kcal,50,0.20687171816825867,0.018970174714922905,0.6438134442118284,0.953807389578746,4.062270641326904,0.17694318294525146,0.04355770419261248,0.1
23,sco_kcal,51,0.1706608086824417,0.04468199983239174,0.6285362191617061,0.9336013765168163,9.511115074157715,0.860794723033905,0.09050408036516532,0.06
23,sco_kcal,52,0.45545363426208496,0.012027174234390259,0.6145266366055548,0.9245350294088319,2.507742166519165,0.8993732333183289,0.35863863730723594,0.3
23,sco_kcal,53,0.3016427457332611,0.02099457196891308,0.6266279394599026,0.9271103093196174,4.464095592498779,0.8996477127075195,0.2015296702470346,0.14
23,sco_kcal,54,0.06364108622074127,0.12310080975294113,0.6165444533686599,0.9454411829530855,24.61102867126465,0.3378015458583832,0.01372561668878122,0.0
23,sco_kcal,55,0.316299170255661,0.04042793810367584,0.6231437284839463,0.9075766751309595,8.379359245300293,1.8750046491622925,0.22376468107796202,0.12
23,sco_kcal,56,0.1522664576768875,0.0889158844947815,0.6295151857053078,0.8877998444680424,18.450523376464844,2.5054450035095215,0.13579262508647436,0.12
23,sco_kcal,57,0.4300295412540436,0.0329941101372242,0.6531813543713292,0.9264544900635807,7.0881571769714355,2.258103609085083,0.31857414454936017,0.3
23,sco_kcal,58,0.15964384377002716,0.024359920993447304,0.6340616225590692,0.9338535400693599,5.035940170288086,0.2602250874042511,0.051673585984911466,0.04
23,sco_kcal,59,0.18319351971149445,0.012199362739920616,0.635433028827691,0.9395356544623166,2.6365697383880615,0.41198912262916565,0.15625952032698606,0.08
23,sco_kcal,60,0.33484500646591187,0.017182398587465286,0.6336660181678284,0.9413752760426706,3.7868492603302,0.7899556756019592,0.20860499621077544,0.16
23,sco_kcal,61,0.20068256556987762,0.029237085953354836,0.6379493405408896,0.9479180423949156,6.116008281707764,0.33102843165397644,0.054124915534212434,0.12
23,sco_kcal,62,0.10315951704978943,0.06066949665546417,0.6219891652790899,0.9299484114659073,12.434074401855469,0.47053757309913635,0.037842589475652534,0.06
23,sco_kcal,63,0.055893950164318085,0.017717454582452774,0.6294669765460907,0.9689618222633907,3.7928500175476074,0.11671020090579987,0.030771108893270373,0.02
23,sco_kcal,64,0.11220667511224747,0.09204606711864471,0.6178091009819164,0.9295386729627213,18.753665924072266,1.667203664779663,0.08890014739143003,0.0
23,sco_kcal,65,0.07818318158388138,0.06961247324943542,0.5789141287999411,0.9459417342984808,12.126842498779297,0.5448338985443115,0.04492792733138533,0.0
23,sco_kcal,66,0.2519509792327881,0.018254246562719345,0.6381322367207787,0.9335844486277607,3.920740842819214,0.7837073802947998,0.19988757526020873,0.08
23,sco_kcal,67,0.060337845236063004,0.026225758716464043,0.6437751557221048,0.9597697419937019,5.614731311798096,0.08172721415758133,0.01455585487872767,0.04
23,sco_kcal,68,0.03433668985962868,0.059052471071481705,0.6103110228933122,0.968418684602093,11.574750900268555,0.04063839837908745,0.003510952307245296,0.0
23,sco_kcal,69,0.1776491105556488,0.03717285022139549,0.6190889265031425,0.9474060647723221,7.636997222900391,0.6223479509353638,0.08149118465948682,0.04
23,sco_kcal,70,0.09512919932603836,0.018864283338189125,0.6107997526492563,0.9516488369890601,3.6091346740722656,0.11930493265390396,0.03305638149526008,0.02
23,sco_kcal,71,0.17969200015068054,0.03836129978299141,0.6313168526783612,0.9263015966641501,8.240677833557129,1.3588882684707642,0.1649000599122067,0.02
23,sco_kcal,72,0.2003774344921112,0.052915263921022415,0.6303012785013151,0.9477007821111292,11.166837692260742,0.5042822957038879,0.045158916928951555,0.18
23,sco_kcal,73,0.4642152488231659,0.05142905190587044,0.6407277073999009,0.9236096179055309,10.985509872436523,4.821952819824219,0.43893755281426344,0.42
23,sco_kcal,74,0.2429398149251938,0.03685656934976578,0.6260467674995942,0.9274878733064182,7.78425931930542,1.2843973636627197,0.16499930320632292,0.18
23,sco_kcal,75,0.05013347417116165,0.0314476452767849,0.6383732505503543,0.9645865781345191,6.6489715576171875,0.14885078370571136,0.022387038719572365,0.02
23,sco_kcal,76,0.14337962865829468,0.008321087807416916,0.6324161360717748,0.9637112391327471,1.8214765787124634,0.16874153912067413,0.09263997192868188,0.02
23,sco_kcal,77,0.5651772618293762,0.027631964534521103,0.6292575602159545,0.8894889171613756,5.786075592041016,3.6322062015533447,0.6277495244876499,0.44
23,sco_kcal,78,0.21784482896327972,0.029906703159213066,0.632371577119651,0.932515065722415,6.373319149017334,1.1473032236099243,0.1800165968131096,0.14
23,sco_kcal,79,0.2043159157037735,0.04298887401819229,0.6258104888550495,0.913831949307184,9.061118125915527,0.8722328543663025,0.0962610620726427,0.16
23,sco_kcal,80,0.04083690047264099,0.0402146652340889,0.6158437990401142,0.965517532112206,8.155925750732422,0.08877665549516678,0.010884926887324155,0.02
23,sco_kcal,81,0.11226881295442581,0.0880642980337143,0.624065119621509,0.9646812126414168,18.041336059570312,0.16791103780269623,0.009307017908666757,0.1
23,sco_kcal,82,0.37075212597846985,0.03515341877937317,0.6201988170843438,0.8947957312562433,7.048695087432861,2.4595162868499756,0.3489321436580587,0.12
23,sco_kcal,83,0.20346295833587646,0.036913275718688965,0.641134612343915,0.9155573876846692,8.0736083984375,1.2826842069625854,0.15887372085210694,0.02
23,sco_kcal,84,0.46286824345588684,0.02392568811774254,0.6504344873821934,0.9356132901071683,5.240502834320068,2.2651000022888184,0.4322295157355267,0.2
23,sco_kcal,85,0.31022515892982483,0.012659789063036442,0.6284720660752121,0.9223392406379463,2.6417784690856934,0.4442981481552124,0.1681814555438412,0.08
23,sco_kcal,86,0.036910269409418106,0.059510353952646255,0.6051115272875913,0.9647562341121725,11.418220520019531,0.2036329060792923,0.017834031644621273,0.0
23,sco_kcal,87,0.18692559003829956,0.0386674590408802,0.602313249648696,0.9280549189501845,7.414245128631592,0.9276404976844788,0.12511597358741341,0.1
23,sco_kcal,88,0.1519407331943512,0.017996320500969887,0.6458377322678555,0.9443686653415826,4.406383991241455,0.1761254370212555,0.03997051491003486,0.14
23,sco_kcal,89,0.5579055547714233,0.025021862238645554,0.6557421151880687,0.8977517310312557,5.464923858642578,3.170553684234619,0.5801642925400514,0.3
23,sco_kcal,90,0.12293602526187897,0.13646253943443298,0.6200521859606749,0.9241183078286968,27.73516845703125,1.7033305168151855,0.061414103882371326,0.12
23,sco_kcal,91,0.42324283719062805,0.03386514633893967,0.6803519277822967,0.8910772138643355,8.007325172424316,3.639023780822754,0.4544618461799016,0.12
23,sco_kcal,92,0.6637288928031921,0.029484296217560768,0.6467256194021513,0.9152877740964052,6.211450576782227,5.0121636390686035,0.806923210144111,0.48
23,sco_kcal,93,0.1799686998128891,0.08650186657905579,0.6268510522317716,0.8853199808346939,18.270875930786133,2.851515054702759,0.1560688751598385,0.06
23,sco_kcal,94,0.16988369822502136,0.07315395772457123,0.6328625954371525,0.9777310388241631,15.450357437133789,0.3101189434528351,0.02007195915788247,0.12
23,sco_kcal,95,0.5597617626190186,0.02150176465511322,0.6275284771249525,0.902180152928278,4.564700126647949,2.3399784564971924,0.512624792773745,0.44
23,sco_kcal,96,0.535010814666748,0.02449108473956585,0.6458138394037936,0.8937340597657615,5.302685260772705,2.9290170669555664,0.552364872307875,0.28
23,sco_kcal,97,0.2726729214191437,0.024698808789253235,0.6381232204952882,0.9103096199683309,5.251759052276611,1.3245208263397217,0.25220517795186137,0.04
23,sco_kcal,98,0.5389113426208496,0.020401321351528168,0.6452876626417317,0.9205959621079651,4.501272201538086,2.217055320739746,0.49253971354635645,0.28
23,sco_kcal,99,0.2910626232624054,0.06481412798166275,0.6264140695008868,0.8868507201103133,13.6380033493042,3.2755727767944336,0.2401797897315776,0.08
23,sco_kcal,100,0.07911856472492218,0.015936633571982384,0.6380156692060148,0.9554440427328283,3.435345411300659,0.09550364315509796,0.02780030294506521,0.02
23,sco_kcal,101,0.16493958234786987,0.06220381706953049,0.5944035512108341,0.9403718685828919,11.463896751403809,1.4736111164093018,0.12854364867067133,0.06
23,sco_kcal,102,0.4439355134963989,0.029548538848757744,0.6232008141659733,0.940097665849229,5.907127380371094,2.64608097076416,0.44794716625831926,0.2
23,sco_kcal,103,0.025733089074492455,0.13304631412029266,0.6189485906334986,0.9559830248947954,26.770265579223633,0.06399817764759064,0.002390644106917622,0.02
23,sco_kcal,104,0.4549371600151062,0.02344294637441635,0.5953805533632208,0.909355188200931,4.443521499633789,1.6318297386169434,0.3672379527704389,0.3
23,sco_kcal,105,0.5951160192489624,0.02057982049882412,0.6479554294145902,0.8918036456991225,4.477657794952393,2.708988904953003,0.6050013263646035,0.36
23,sco_kcal,106,0.8049207925796509,0.015079408884048462,0.6717294672783085,0.9073470167056767,3.3415451049804688,3.4467623233795166,1.0314875948381559,0.64
23,sco_kcal,107,0.3900773525238037,0.04129801690578461,0.6185720986198346,0.9115279918487715,8.423529624938965,3.029672145843506,0.35966777357484014,0.16
23,sco_kcal,108,0.40843209624290466,0.5179905295372009,0.6390612762287662,0.9856556241296477,113.50946807861328,3.085212469100952,0.027180221362364466,0.34
23,sco_kcal,109,0.7698633074760437,0.015054642222821712,0.6734419572906891,0.8886983752870525,3.3536665439605713,3.293379306793213,0.9820234849299713,0.44
23,sco_kcal,110,0.14153696596622467,0.11234358698129654,0.5974461774377353,0.9159175894545897,20.8668212890625,2.7624268531799316,0.13238369250940382,0.06
23,sco_kcal,111,0.07343479245901108,0.08332297205924988,0.5882259517599757,0.9569161367093362,14.913684844970703,0.09999652206897736,0.006705017781215813,0.0
23,sco_kcal,112,0.8108296990394592,0.02106594108045101,0.6686768042464599,0.9091679204617724,4.332605838775635,5.274160385131836,1.2173183025165932,0.64
23,sco_kcal,113,0.09549984335899353,0.02326282486319542,0.6394393136159269,0.9677793892931477,5.004988670349121,0.15917940437793732,0.031804148792775155,0.04
23,sco_kcal,114,0.3494240939617157,0.024311114102602005,0.6293286739500883,0.9341069139695994,5.1910929679870605,1.1248340606689453,0.2166854008598347,0.26
23,sco_kcal,115,0.1573096215724945,0.010523135773837566,0.613604094728178,0.9716978876078379,2.1410539150238037,0.17898990213871002,0.08359897005990158,0.12
23,sco_kcal,116,0.11907029896974564,0.03546517342329025,0.5689537364059121,0.9538224698552906,6.1655192375183105,0.056400444358587265,0.009147720116641639,0.1
23,sco_kcal,117,0.07163278758525848,0.029928117990493774,0.598928744482051,0.9612117412748584,5.514975547790527,0.09338313341140747,0.01693264686346972,0.0
23,sco_kcal,118,0.15416152775287628,0.07020393759012222,0.6035666951144696,0.9471448529361486,13.384039878845215,0.6579698324203491,0.049160779434043296,0.06
23,sco_kcal,119,0.03265993669629097,0.0786241739988327,0.5840655347124257,0.9566807362023186,14.18765926361084,0.07154238224029541,0.005042578265450073,0.04
23,sco_kcal,120,0.049645282328128815,0.11403992027044296,0.6233208837291939,0.9382019821185188,23.4442081451416,0.40684041380882263,0.017353557488062703,0.0
23,sco_kcal,121,0.16306304931640625,0.024137232452630997,0.6373726470634744,0.959564104450962,5.207413196563721,0.35557371377944946,0.06828221620940052,0.16
23,sco_kcal,122,0.37610626220703125,0.02253943681716919,0.6278642129931995,0.921064437811915,4.795440196990967,1.3670307397842407,0.2850688745200122,0.14
23,sco_kcal,123,0.22268028557300568,0.05634886398911476,0.6286816128278683,0.9246040680197316,11.894275665283203,2.271419048309326,0.19096741257974229,0.04
23,sco_kcal,124,0.16883385181427002,0.028037315234541893,0.6330785969282118,0.9571958620357139,5.944676876068115,0.3045676648616791,0.051233678669365124,0.2
23,sco_kcal,125,0.5904269814491272,0.02520107664167881,0.6511923239898403,0.9002225322996986,5.449317455291748,3.2863569259643555,0.6030767986865997,0.52
23,sco_kcal,126,0.193069726228714,0.02285480685532093,0.6323979070747399,0.9474562902680885,4.883978843688965,0.23151607811450958,0.04740316973601814,0.14
23,sco_kcal,127,0.31169623136520386,0.03022216074168682,0.6335664229398534,0.9061527287700482,6.514806270599365,1.8413286209106445,0.28263750976300966,0.08
23,sco_kcal,128,0.5912198424339294,0.012792549096047878,0.6422114791932874,0.9250221286026394,2.6981894969940186,1.6488676071166992,0.6111014845153236,0.4
23,sco_kcal,129,0.17951293289661407,0.45272865891456604,0.6355886351259579,0.9815250728469651,95.51012420654297,1.9661176204681396,0.02058543674612298,0.2
23,sco_kcal,130,0.11094699054956436,0.036313459277153015,0.6119452376988184,0.9396181117321907,7.227609634399414,0.2904103696346283,0.040180693801230766,0.04
23,sco_kcal,131,0.06582187116146088,0.026042284443974495,0.6511256574075466,0.9560683083480774,5.648426055908203,0.1597958356142044,0.02829032973655721,0.02
23,sco_kcal,132,0.5058342218399048,0.01897534355521202,0.644724470661894,0.888104698667608,4.195379257202148,1.7842377424240112,0.42528640035606685,0.32
23,sco_kcal,133,0.43226200342178345,0.029725106433033943,0.6448699344629221,0.8881641045645876,6.313016891479492,2.7297849655151367,0.43240577562836136,0.12
23,sco_kcal,134,0.10640735924243927,0.011581429280340672,0.6576916254117484,0.9602531018730467,2.5849051475524902,0.1059800460934639,0.040999588009568086,0.02
23,sco_kcal,135,0.40696999430656433,0.019423283636569977,0.6376298443495769,0.9280709874284998,4.234035015106201,1.198311686515808,0.2830188418944266,0.2
23,sco_kcal,136,0.31529438495635986,0.18624766170978546,0.6352987194973132,0.9806395714703455,40.073394775390625,1.4464011192321777,0.03609380057115659,0.26
23,sco_kcal,137,0.04860830679535866,0.05354882776737213,0.63376208228931,0.9598282852494973,11.343588829040527,0.1190708801150322,0.010496755648459408,0.02
23,sco_kcal,138,0.14476735889911652,0.10999710112810135,0.6252058341302944,0.8923867625019617,22.68109703063965,2.958871841430664,0.13045541128074872,0.02
23,sco_kcal,139,0.3142356872558594,0.033619288355112076,0.6390853711129703,0.9152629708102571,7.02373743057251,2.143059015274048,0.3051166186745346,0.14
23,sco_kcal,140,0.14804935455322266,0.08128152042627335,0.6328772139689978,0.9777792459214651,17.15117073059082,0.3998683989048004,0.023314350092241535,0.12
23,sco_kcal,141,0.3186892569065094,0.05370568111538887,0.582292173990137,0.8825881283684562,9.621636390686035,2.9132156372070312,0.30277756495008384,0.1
23,sco_kcal,142,0.09120707213878632,0.03908821567893028,0.5761120945790388,0.9613041933961686,6.856349468231201,0.05286628380417824,0.007710558519388987,0.18
23,sco_kcal,143,0.25699329376220703,0.48146918416023254,0.6318894396872707,0.9847572630958643,101.33934783935547,1.535384178161621,0.01515091828492456,0.28
23,sco_kcal,144,0.5308154225349426,0.02524803765118122,0.6606187648839501,0.9069164154353142,5.520901679992676,2.9801883697509766,0.5398010220958925,0.28
23,sco_kcal,145,0.06198320910334587,0.032348234206438065,0.6448368885690265,0.9689223290246016,6.942474842071533,0.11602514982223511,0.016712361580213504,0.02
23,sco_kcal,146,0.10682868957519531,0.10361185669898987,0.6286835428274624,0.960207175723538,21.801523208618164,0.16800513863563538,0.007706119293959368,0.02
23,sco_kcal,147,0.12821057438850403,0.04845117777585983,0.6396373454767601,0.9722224592891324,10.303535461425781,0.27766644954681396,0.02694865763177478,0.1
23,sco_kcal,148,0.0772639587521553,0.021623747423291206,0.6272872082148129,0.9528452093568593,4.449541091918945,0.17025557160377502,0.03826362496415315,0.04
23,sco_kcal,149,0.19634468853473663,0.00616433285176754,0.626025540578466,0.967443164564129,1.3448848724365234,0.16719728708267212,0.12432089207737265,0.08
23,sco_kcal,150,0.4969255328178406,0.03240171819925308,0.626470582988423,0.9063156180425871,6.738239765167236,3.4661126136779785,0.5143943721913483,0.2
23,sco_kcal,151,0.10704414546489716,0.12818437814712524,0.5817788099537167,0.906509577823746,23.156492233276367,1.8345701694488525,0.07922487356753181,0.02
23,sco_kcal,152,0.1842513382434845,0.02471162937581539,0.6350790337601018,0.9656818651604675,5.310209274291992,0.11562659591436386,0.02177439530945422,0.14
23,sco_kcal,153,0.08715080469846725,0.02376793697476387,0.6095988339947924,0.967911449995629,4.6519036293029785,0.03521197289228439,0.007569368520551318,0.02
23,sco_kcal,154,0.8560253977775574,0.01583830825984478,0.7019144357270459,0.9251869215646016,3.488410234451294,4.33057165145874,1.2414169665856152,0.7
23,sco_kcal,155,0.07612921297550201,0.06237996742129326,0.6175272750826084,0.9442092380585347,12.57673168182373,0.1635018140077591,0.013000342071705069,0.08
23,sco_kcal,156,0.5715032815933228,0.021405057981610298,0.6824925040390717,0.9010256138087485,4.821531772613525,3.0691819190979004,0.636557439386994,0.38
23,sco_kcal,157,0.05389977619051933,0.11983215808868408,0.5862448353149552,0.9326094982297068,21.403295516967773,0.4578714966773987,0.02139256995794944,0.0
23,sco_kcal,158,0.025706687942147255,0.07714104652404785,0.6316935048837262,0.9684900806240191,16.255176544189453,0.08313106745481491,0.005114128857894859,0.04
23,sco_kcal,159,0.17216724157333374,0.044685810804367065,0.6256085543819905,0.922710024405972,9.2103910446167,0.985938549041748,0.10704632889805592,0.12
23,sco_kcal,160,0.2454373836517334,0.05512815713882446,0.6586354622089992,0.94031819083912,12.068313598632812,1.1471483707427979,0.09505457091144494,0.08
23,sco_kcal,161,0.16056224703788757,0.02004851959645748,0.6544159478829805,0.9506345793640008,4.4351606369018555,0.2233242243528366,0.05035313095420099,0.08
23,sco_kcal,162,0.841122567653656,0.008316847495734692,0.6966642831678,0.8987543810807337,1.6291790008544922,2.7101385593414307,1.663499565069267,0.78
23,sco_kcal,163,0.27873921394348145,0.4405533969402313,0.6315430915742157,0.9848937179069466,92.76595306396484,1.3669580221176147,0.014735557356642013,0.36
23,sco_kcal,164,0.06162950396537781,0.03762277960777283,0.5914337736370407,0.9504802059948672,7.014193534851074,0.0873158797621727,0.012448456023964927,0.02
23,sco_kcal,165,0.3397636413574219,0.03794229030609131,0.644017528209583,0.9314401178591458,8.113844871520996,2.303743362426758,0.2839274596575945,0.1
23,sco_kcal,166,0.29517999291419983,0.029353678226470947,0.6079311068277333,0.9311023050530889,5.78300142288208,1.148040533065796,0.1985198427451961,0.16
23,sco_kcal,167,0.35635149478912354,0.04779255390167236,0.6449873768210419,0.892020158883243,10.327226638793945,3.6566898822784424,0.3540824666849265,0.1
23,sco_kcal,168,0.42624425888061523,0.03086460754275322,0.638893980885092,0.8888230034623807,6.66377067565918,2.794780969619751,0.4193993319470424,0.08
23,sco_kcal,169,0.32022881507873535,0.03336000815033913,0.62540153995022,0.9211822107067549,7.102182388305664,0.9626058340072632,0.13553662541703718,0.22
23,sco_kcal,170,0.6593474745750427,0.024280663579702377,0.665832599405211,0.9090441314295845,5.228116989135742,4.399715900421143,0.84154886158132,0.44
23,sco_kcal,171,0.45782944560050964,0.023900331929326057,0.6199678904363963,0.9011125851417765,4.854963779449463,2.2684075832366943,0.46723470787539517,0.2
23,sco_kcal,172,0.19808362424373627,0.039745230227708817,0.5972566618212758,0.9385927147300672,7.2391839027404785,1.2131847143173218,0.16758583987043849,0.04
23,sco_kcal,173,0.7308819890022278,0.024899214506149292,0.6531969415371586,0.9132618601038518,5.314149856567383,4.931574821472168,0.9280082335987538,0.5
23,sco_kcal,174,0.35638928413391113,0.02607666328549385,0.6392813985914703,0.9170668197260832,5.452003479003906,1.7386442422866821,0.3189000610477117,0.14
23,sco_kcal,175,0.09606128931045532,0.02244454249739647,0.6221356157725422,0.9518438668769111,4.5749287605285645,0.0892522856593132,0.01950900010276913,0.06
23,sco_kcal,176,0.11969998478889465,0.05148644745349884,0.5738682580595611,0.9520657856652752,9.209907531738281,0.5610337853431702,0.060916332048914765,0.12
23,sco_kcal,177,0.13107220828533173,0.006176708731800318,0.6299776704484861,0.9524588009965675,1.3400534391403198,0.10980820655822754,0.08194315491527894,0.06
23,sco_kcal,178,0.23895804584026337,0.010475491173565388,0.589040314994197,0.9762444238714427,1.9633853435516357,0.2651384174823761,0.13504145701870118,0.12
23,sco_kcal,179,0.1288662850856781,0.05027056485414505,0.6410886407002128,0.9715767766656629,10.703390121459961,0.37462562322616577,0.035000651099790635,0.1
23,sco_kcal,180,0.18182021379470825,0.04443153366446495,0.6300485806778835,0.9278932087232368,9.478625297546387,1.4771416187286377,0.15583922481997542,0.1
23,sco_kcal,181,0.2773458957672119,0.44310662150382996,0.6309028524559457,0.9866068148780742,93.36238861083984,1.9696924686431885,0.021097280156931388,0.34
23,sco_kcal,182,0.1826867163181305,0.028687752783298492,0.6109852386611971,0.9334483044848496,5.785533905029297,0.5445606112480164,0.09412452164088714,0.04
23,sco_kcal,183,0.7131398916244507,0.019916430115699768,0.6576305617846234,0.9159052884669414,4.279456615447998,3.9275548458099365,0.9177695204648727,0.3
23,sco_kcal,184,0.21765832602977753,0.014437539502978325,0.6223339791616054,0.9615253333943619,3.122382879257202,0.05957881733775139,0.01908120164684123,0.12
23,sco_kcal,185,0.5975055694580078,0.030111322179436684,0.6078788375468347,0.8942364165583931,5.625006675720215,3.526305913925171,0.6268980851429247,0.36
23,sco_kcal,186,0.11121343076229095,0.01870502531528473,0.6517030225356732,0.951613032024345,4.130263328552246,0.19236092269420624,0.04657352507391659,0.04
23,sco_kcal,187,0.09314709901809692,0.03230668976902962,0.6289823512228867,0.9568302130821069,6.746821403503418,0.17514730989933014,0.025959974249263735,0.04
23,sco_kcal,188,0.060440510511398315,0.045959874987602234,0.6112726776108242,0.949150627794342,9.122607231140137,0.1734173446893692,0.019009625241499697,0.04
23,sco_kcal,189,0.5617015957832336,0.024886656552553177,0.6425026830423808,0.899422183725985,5.193112850189209,3.1543450355529785,0.6074092989213687,0.28
23,sco_kcal,190,0.24323506653308868,0.03704215958714485,0.634372313460061,0.9801176126944131,7.938612461090088,0.3676544427871704,0.04631217918612015,0.08
23,sco_kcal,191,0.2545238137245178,0.03804047778248787,0.6580417282983544,0.9041835732608356,8.337162017822266,1.7792446613311768,0.21341130921142035,0.18
23,sco_kcal,192,0.08963221311569214,0.03948373347520828,0.627533216995829,0.9374226216470583,8.397138595581055,0.7285206913948059,0.08675820734674854,0.04
23,sco_kcal,193,0.07336540520191193,0.018410369753837585,0.6348856268033616,0.9621632295660956,3.9288721084594727,0.2218162566423416,0.05645799876375123,0.06
23,sco_kcal,194,0.13084377348423004,0.017105819657444954,0.6150040302119184,0.9663605470519592,3.4027328491210938,0.12148763984441757,0.0357029614816212,0.08
23,sco_kcal,195,0.16122086346149445,0.02910480834543705,0.6330097180429068,0.9401004486506281,6.207817554473877,0.6416613459587097,0.10336343494764508,0.04
23,sco_kcal,196,0.2698471248149872,0.023115424439311028,0.6357986433449305,0.9296305167240924,4.98613977432251,0.9263434410095215,0.18578368897317726,0.14
23,sco_kcal,197,0.5208171606063843,0.021052876487374306,0.6495740683543894,0.9237550957869263,4.605811595916748,2.3632326126098633,0.5130979770655343,0.28
23,sco_kcal,198,0.6570931077003479,0.03516917675733566,0.6232714161021695,0.9102228438556452,7.046507358551025,5.169088840484619,0.7335675076265783,0.56
23,sco_kcal,199,0.5237525105476379,0.016018744558095932,0.6119138352074047,0.9164589882406042,3.0470383167266846,1.6516985893249512,0.5420668917282626,0.28
23,sco_kcal,200,0.09414185583591461,0.027267159894108772,0.6372847350952624,0.973376376125856,5.835465431213379,0.19893652200698853,0.0340909434477831,0.04
23,sco_kcal,201,0.27540114521980286,0.05375969409942627,0.6264333808904228,0.8884861013848391,11.348503112792969,3.0860724449157715,0.27193652010694663,0.04
23,sco_kcal,202,0.05067549645900726,0.03488912060856819,0.6377148674370876,0.9528154172903167,7.161819934844971,0.03326939046382904,0.004645382146786578,0.08
23,sco_kcal,203,0.2758568227291107,0.01807585544884205,0.6307808415105804,0.9220310814295654,3.851985454559326,0.6880379915237427,0.1786190523407507,0.16
23,sco_kcal,204,0.16675753891468048,0.04366995766758919,0.6292779142115965,0.9192173852306582,9.154366493225098,1.499847173690796,0.1638395376458647,0.02
23,sco_kcal,205,0.07965642958879471,0.02610579878091812,0.6492241102333816,0.9650689091191267,5.651042938232422,0.15660475194454193,0.027712539730502563,0.02
23,sco_kcal,206,0.12453813850879669,0.09908957779407501,0.615857983223226,0.9073708196252823,19.65359115600586,1.9654157161712646,0.10000287990984597,0.04
23,sco_kcal,207,0.053549498319625854,0.04134918004274368,0.6271386702928656,0.9547729565292042,8.626710891723633,0.06578917056322098,0.007626217151468279,0.02
23,sco_kcal,208,0.19382379949092865,0.02619660273194313,0.6034892810836792,0.9314491313143303,5.081753253936768,0.5486155152320862,0.1079579207839501,0.04
23,sco_kcal,209,0.764227032661438,0.012821609154343605,0.6853874638316115,0.8910331596530368,2.822065830230713,2.981715679168701,1.0565719790189785,0.62
23,sco_kcal,210,0.10375352203845978,0.11765602976083755,0.631943049231126,0.9694930383516553,24.808361053466797,0.19358523190021515,0.0078032253514450905,0.02
23,sco_kcal,211,0.0521618090569973,0.016361825168132782,0.6358048212419569,0.9607532403576893,3.4754745960235596,0.10649250447750092,0.030641140234298817,0.02
23,sco_kcal,212,0.04197647050023079,0.02738185040652752,0.6250780418936299,0.9647132975312194,5.7287139892578125,0.09851720184087753,0.017197088565708094,0.02
23,sco_kcal,213,0.44199445843696594,0.028916189447045326,0.6332051594613708,0.9172498060735759,6.1773834228515625,2.3100666999816895,0.37395553130735276,0.16
23,sco_kcal,214,0.04015641659498215,0.10509628057479858,0.625718357790062,0.9621640797962085,21.321504592895508,0.04085725173354149,0.0019162461802604421,0.08
23,sco_kcal,215,0.4319174289703369,0.017267266288399696,0.6534347351294432,0.926637226865618,3.824465036392212,1.356760025024414,0.3547581196622224,0.28
23,sco_kcal,216,0.02731586992740631,0.0762816071510315,0.6334722007019964,0.9569220317747151,16.288169860839844,0.12643539905548096,0.007762406712092193,0.02
23,sco_kcal,217,0.16439229249954224,0.10985184460878372,0.638941483005989,0.9030299208034136,23.995319366455078,3.562187671661377,0.14845343865859256,0.06
23,sco_kcal,218,0.3856859803199768,0.021329814568161964,0.6377661087014572,0.9172237147115396,4.6028337478637695,1.7542437314987183,0.3811225491932842,0.04
23,sco_kcal,219,0.2746366262435913,0.023243259638547897,0.6407072732312948,0.9310348020982955,4.88983678817749,0.9333252906799316,0.1908704382396769,0.14
23,sco_kcal,220,0.7752090096473694,0.016346493735909462,0.6729053001129901,0.9125327089990345,3.5753097534179688,3.7864363193511963,1.0590512656228994,0.52
23,sco_kcal,221,0.20244373381137848,0.0284501314163208,0.6252975363162994,0.9424449801326886,5.79966402053833,0.6365639567375183,0.10975876438415338,0.1
23,sco_kcal,222,0.07423114776611328,0.02288101613521576,0.6105222225606626,0.9696685388628727,4.502834796905518,0.18749183416366577,0.04163862158401098,0.1
23,sco_kcal,223,0.18822529911994934,0.027243847027420998,0.6340683317442131,0.9585870035409891,5.837374210357666,0.3700580298900604,0.06339460458667191,0.16
23,sco_kcal,224,0.14413507282733917,0.030510645359754562,0.6197238959481925,0.9485397224685401,6.279216289520264,0.41221293807029724,0.06564719529700905,0.1
23,sco_kcal,225,0.5684928894042969,0.029624274000525475,0.646767291589124,0.9018747074712687,6.267911434173584,3.9039435386657715,0.6228459957779383,0.32
23,sco_kcal,226,0.1331370621919632,0.07620158791542053,0.5868769393961288,0.9024257053657001,13.781403541564941,1.2819247245788574,0.09301844479864124,0.02
23,sco_kcal,227,0.0998656302690506,0.06335336714982986,0.5863361105974456,0.9474653087544997,11.1856050491333,0.3335602283477783,0.029820490432354727,0.02
23,sco_kcal,228,0.6800011992454529,0.01884538307785988,0.6600584402019465,0.9089822931007594,3.9897449016571045,3.3316595554351807,0.8350557836545905,0.56
23,sco_kcal,229,0.16614845395088196,0.022191327065229416,0.6253979461647636,0.9661165472973126,4.49851655960083,0.05856361612677574,0.013018428486561425,0.12
23,sco_kcal,230,0.1326662003993988,0.13398300111293793,0.589910860128593,0.8891236574295196,24.300926208496094,2.6585910320281982,0.10940286840172789,0.04
23,sco_kcal,231,0.10616905987262726,0.020141160115599632,0.6371476507418561,0.9428789415759182,4.332776069641113,0.21085116267204285,0.048664218801759536,0.04
23,sco_kcal,232,0.14806358516216278,0.047801073640584946,0.6170999969689812,0.9344660208393107,9.721209526062012,0.9057797789573669,0.09317562557714888,0.06
23,sco_kcal,233,0.8691688776016235,0.006821818184107542,0.7316783030216218,0.9005503980527758,1.5969321727752686,2.47379469871521,1.5490919031433026,0.72
23,sco_kcal,234,0.3245675563812256,0.14313927292823792,0.6174165952689388,0.9332435045230167,28.112096786499023,3.5713353157043457,0.12703909433818888,0.34
23,sco_kcal,235,0.2533867061138153,0.004524437244981527,0.6332331743998658,0.9604765109169477,0.9804123044013977,0.22931823134422302,0.23389978921596255,0.12
23,sco_kcal,236,0.23595374822616577,0.04564564302563667,0.5820543123722894,0.9159215292359821,8.520895004272461,1.8804841041564941,0.2206909137142989,0.04
23,sco_kcal,237,0.19022008776664734,0.060459334403276443,0.6355120720892606,0.9767204750072433,12.86465835571289,0.7200732827186584,0.05597298138888321,0.12
23,sco_kcal,238,0.1531335860490799,0.03935014083981514,0.6264433708096453,0.9290735370273331,8.23489761352539,0.5540823936462402,0.06728467306456716,0.04
23,sco_kcal,239,0.28742364048957825,0.09942393004894257,0.6207582190624634,0.8927249491358769,19.999160766601562,5.311925888061523,0.2656074397347911,0.18
23,sco_kcal,240,0.04798261448740959,0.05318763107061386,0.6248123785596205,0.9512010852588542,11.100140571594238,0.11878470331430435,0.010701189101900184,0.04
23,sco_kcal,241,0.08616986125707626,0.01964215748012066,0.6440282207777708,0.9564916530895147,4.246767997741699,0.12129693478345871,0.02856217595309202,0.04
23,sco_kcal,242,0.0889480784535408,0.036173753440380096,0.6109181108746089,0.9619167401735269,7.230477333068848,0.09864582866430283,0.013643058973871972,0.02
23,sco_kcal,243,0.17225681245326996,0.02581079490482807,0.6395413332353244,0.9373073586742289,5.519277572631836,0.7792690992355347,0.14119041649574884,0.04
23,sco_kcal,244,0.18645218014717102,0.01664702035486698,0.6406043459476833,0.9563106336377847,3.623866319656372,0.42279326915740967,0.1166691130034566,0.1
23,sco_kcal,245,0.716713011264801,0.011309372261166573,0.6809564586787002,0.8919309424510129,2.5090255737304688,2.375054359436035,0.946604285067034,0.5
23,sco_kcal,246,0.08609197288751602,0.029916709288954735,0.6377631457381578,0.9423284123859477,6.404227256774902,0.12603290379047394,0.019679642638719023,0.04
23,sco_kcal,247,0.46709689497947693,0.03824377804994583,0.6147343544004897,0.9029861438976079,7.600350856781006,3.2173614501953125,0.42331749031359445,0.18
23,sco_kcal,248,0.12796734273433685,0.048545368015766144,0.635821836621058,0.9567350711007128,10.289850234985352,0.1881939172744751,0.01828927661499079,0.12
23,sco_kcal,249,0.4159431755542755,0.02562822587788105,0.6183199790725555,0.9050376361527745,5.368022918701172,1.8270856142044067,0.3403647193530392,0.24
23,water_gsolv_eV,0,1.0,0.0,0.6752794951630925,0.6752794951630925,,,,1.0
23,water_gsolv_eV,1,1.0,0.0,0.6752794951630925,0.6752794951630925,,,,1.0
23,water_gsolv_eV,2,1.0,0.0,0.6752794951630925,0.6752794951630925,,,,1.0
23,water_gsolv_eV,3,1.0,0.0,0.6752794951630925,0.6752794951630925,,,,1.0
23,water_gsolv_eV,4,1.0,0.0,0.6752794951630925,0.6752794951630925,,,,1.0
23,water_gsolv_eV,5,1.0,0.0,0.6752794951630925,0.6752794951630925,,,,1.0
23,water_gsolv_eV,6,1.0,0.0,0.6752794951630925,0.6752794951630925,,,,1.0
23,water_gsolv_eV,7,1.0,0.0,0.6752794951630925,0.6752794951630925,,,,1.0
23,water_gsolv_eV,8,1.0,0.0,0.6752794951630925,0.6752794951630925,,,,1.0
23,water_gsolv_eV,9,1.0,0.0,0.6752794951630925,0.6752794951630925,,,,1.0
23,water_gsolv_eV,10,1.0,0.0,0.6752794951630925,0.6752794951630925,,,,1.0
23,water_gsolv_eV,11,1.0,0.0,0.6752794951630925,0.6752794951630925,,,,1.0
23,water_gsolv_eV,12,1.0,0.0,0.6752794951630925,0.6752794951630925,,,,1.0
23,water_gsolv_eV,13,1.0,0.0,0.6752794951630925,0.6752794951630925,,,,1.0
23,water_gsolv_eV,14,1.0,0.0,0.6752794951630925,0.6752794951630925,,,,1.0
23,water_gsolv_eV,15,1.0,0.0,0.6752794951630925,0.6752794951630925,,,,1.0
23,water_gsolv_eV,16,1.0,0.0,0.6752794951630925,0.6752794951630925,,,,1.0
23,water_gsolv_eV,17,1.0,0.0,0.6752794951630925,0.6752794951630925,,,,1.0
23,water_gsolv_eV,18,1.0,0.0,0.6752794951630925,0.6752794951630925,,,,1.0
23,water_gsolv_eV,19,1.0,0.0,0.6752794951630925,0.6752794951630925,,,,1.0
23,water_gsolv_eV,20,1.0,0.0,0.6752794951630925,0.6752794951630925,,,,1.0
23,water_gsolv_eV,21,1.0,0.0,0.6752794951630925,0.6752794951630925,,,,1.0
23,water_gsolv_eV,22,1.0,0.0,0.6752794951630925,0.6752794951630925,,,,1.0
23,water_gsolv_eV,23,1.0,0.0,0.6752794951630925,0.6752794951630925,,,,1.0
23,water_gsolv_eV,24,1.0,0.0,0.6752794951630925,0.6752794951630925,,,,1.0
23,water_gsolv_eV,25,1.0,0.0,0.6752794951630925,0.6752794951630925,,,,1.0
23,water_gsolv_eV,26,1.0,0.0,0.6752794951630925,0.6752794951630925,,,,1.0
23,water_gsolv_eV,27,1.0,0.0,0.6752794951630925,0.6752794951630925,,,,1.0
23,water_gsolv_eV,28,1.0,0.0,0.6752794951630925,0.6752794951630925,,,,1.0
23,water_gsolv_eV,29,1.0,0.0,0.6752794951630925,0.6752794951630925,,,,1.0
23,water_gsolv_eV,30,1.0,0.0,0.6752794951630925,0.6752794951630925,,,,1.0
23,water_gsolv_eV,31,1.0,0.0,0.6752794951630925,0.6752794951630925,,,,1.0
23,water_gsolv_eV,32,1.0,0.0,0.6752794951630925,0.6752794951630925,,,,1.0
23,water_gsolv_eV,33,1.0,0.0,0.6752794951630925,0.6752794951630925,,,,1.0
23,water_gsolv_eV,34,1.0,0.0,0.6752794951630925,0.6752794951630925,,,,1.0
23,water_gsolv_eV,35,1.0,0.0,0.6752794951630925,0.6752794951630925,,,,1.0
23,water_gsolv_eV,36,1.0,0.0,0.6752794951630925,0.6752794951630925,,,,1.0
23,water_gsolv_eV,37,1.0,0.0,0.6752794951630925,0.6752794951630925,,,,1.0
23,water_gsolv_eV,38,1.0,0.0,0.6752794951630925,0.6752794951630925,,,,1.0
23,water_gsolv_eV,39,1.0,0.0,0.6752794951630925,0.6752794951630925,,,,1.0
23,water_gsolv_eV,40,1.0,0.0,0.6752794951630925,0.6752794951630925,,,,1.0
23,water_gsolv_eV,41,1.0,0.0,0.6752794951630925,0.6752794951630925,,,,1.0
23,water_gsolv_eV,42,1.0,0.0,0.6752794951630925,0.6752794951630925,,,,1.0
23,water_gsolv_eV,43,1.0,0.0,0.6752794951630925,0.6752794951630925,,,,1.0
23,water_gsolv_eV,44,1.0,0.0,0.6752794951630925,0.6752794951630925,,,,1.0
23,water_gsolv_eV,45,1.0,0.0,0.6752794951630925,0.6752794951630925,,,,1.0
23,water_gsolv_eV,46,1.0,0.0,0.6752794951630925,0.6752794951630925,,,,1.0
23,water_gsolv_eV,47,1.0,0.0,0.6752794951630925,0.6752794951630925,,,,1.0
23,water_gsolv_eV,48,1.0,0.0,0.6752794951630925,0.6752794951630925,,,,1.0
23,water_gsolv_eV,49,1.0,0.0,0.6752794951630925,0.6752794951630925,,,,1.0
23,water_gsolv_eV,50,1.0,0.0,0.6752794951630925,0.6752794951630925,,,,1.0
23,water_gsolv_eV,51,1.0,0.0,0.6752794951630925,0.6752794951630925,,,,1.0
23,water_gsolv_eV,52,1.0,0.0,0.6752794951630925,0.6752794951630925,,,,1.0
23,water_gsolv_eV,53,1.0,0.0,0.6752794951630925,0.6752794951630925,,,,1.0
23,water_gsolv_eV,54,1.0,0.0,0.6752794951630925,0.6752794951630925,,,,1.0
23,water_gsolv_eV,55,1.0,0.0,0.6752794951630925,0.6752794951630925,,,,1.0
23,water_gsolv_eV,56,1.0,0.0,0.6752794951630925,0.6752794951630925,,,,1.0
23,water_gsolv_eV,57,1.0,0.0,0.6752794951630925,0.6752794951630925,,,,1.0
23,water_gsolv_eV,58,1.0,0.0,0.6752794951630925,0.6752794951630925,,,,1.0
23,water_gsolv_eV,59,1.0,0.0,0.6752794951630925,0.6752794951630925,,,,1.0
23,water_gsolv_eV,60,1.0,0.0,0.6752794951630925,0.6752794951630925,,,,1.0
23,water_gsolv_eV,61,1.0,0.0,0.6752794951630925,0.6752794951630925,,,,1.0
23,water_gsolv_eV,62,1.0,0.0,0.6752794951630925,0.6752794951630925,,,,1.0
23,water_gsolv_eV,63,1.0,0.0,0.6752794951630925,0.6752794951630925,,,,1.0
23,water_gsolv_eV,64,1.0,0.0,0.6752794951630925,0.6752794951630925,,,,1.0
23,water_gsolv_eV,65,1.0,0.0,0.6752794951630925,0.6752794951630925,,,,1.0
23,water_gsolv_eV,66,1.0,0.0,0.6752794951630925,0.6752794951630925,,,,1.0
23,water_gsolv_eV,67,1.0,0.0,0.6752794951630925,0.6752794951630925,,,,1.0
23,water_gsolv_eV,68,1.0,0.0,0.6752794951630925,0.6752794951630925,,,,1.0
23,water_gsolv_eV,69,1.0,0.0,0.6752794951630925,0.6752794951630925,,,,1.0
23,water_gsolv_eV,70,1.0,0.0,0.6752794951630925,0.6752794951630925,,,,1.0
23,water_gsolv_eV,71,1.0,0.0,0.6752794951630925,0.6752794951630925,,,,1.0
23,water_gsolv_eV,72,1.0,0.0,0.6752794951630925,0.6752794951630925,,,,1.0
23,water_gsolv_eV,73,1.0,0.0,0.6752794951630925,0.6752794951630925,,,,1.0
23,water_gsolv_eV,74,1.0,0.0,0.6752794951630925,0.6752794951630925,,,,1.0
23,water_gsolv_eV,75,1.0,0.0,0.6752794951630925,0.6752794951630925,,,,1.0
23,water_gsolv_eV,76,1.0,0.0,0.6752794951630925,0.6752794951630925,,,,1.0
23,water_gsolv_eV,77,1.0,0.0,0.6752794951630925,0.6752794951630925,,,,1.0
23,water_gsolv_eV,78,1.0,0.0,0.6752794951630925,0.6752794951630925,,,,1.0
23,water_gsolv_eV,79,1.0,0.0,0.6752794951630925,0.6752794951630925,,,,1.0
23,water_gsolv_eV,80,1.0,0.0,0.6752794951630925,0.6752794951630925,,,,1.0
23,water_gsolv_eV,81,1.0,0.0,0.6752794951630925,0.6752794951630925,,,,1.0
23,water_gsolv_eV,82,1.0,0.0,0.6752794951630925,0.6752794951630925,,,,1.0
23,water_gsolv_eV,83,1.0,0.0,0.6752794951630925,0.6752794951630925,,,,1.0
23,water_gsolv_eV,84,1.0,0.0,0.6752794951630925,0.6752794951630925,,,,1.0
23,water_gsolv_eV,85,1.0,0.0,0.6752794951630925,0.6752794951630925,,,,1.0
23,water_gsolv_eV,86,1.0,0.0,0.6752794951630925,0.6752794951630925,,,,1.0
23,water_gsolv_eV,87,1.0,0.0,0.6752794951630925,0.6752794951630925,,,,1.0
23,water_gsolv_eV,88,1.0,0.0,0.6752794951630925,0.6752794951630925,,,,1.0
23,water_gsolv_eV,89,1.0,0.0,0.6752794951630925,0.6752794951630925,,,,1.0
23,water_gsolv_eV,90,1.0,0.0,0.6752794951630925,0.6752794951630925,,,,1.0
23,water_gsolv_eV,91,1.0,0.0,0.6752794951630925,0.6752794951630925,,,,1.0
23,water_gsolv_eV,92,1.0,0.0,0.6752794951630925,0.6752794951630925,,,,1.0
23,water_gsolv_eV,93,1.0,0.0,0.6752794951630925,0.6752794951630925,,,,1.0
23,water_gsolv_eV,94,1.0,0.0,0.6752794951630925,0.6752794951630925,,,,1.0
23,water_gsolv_eV,95,1.0,0.0,0.6752794951630925,0.6752794951630925,,,,1.0
23,water_gsolv_eV,96,1.0,0.0,0.6752794951630925,0.6752794951630925,,,,1.0
23,water_gsolv_eV,97,1.0,0.0,0.6752794951630925,0.6752794951630925,,,,1.0
23,water_gsolv_eV,98,1.0,0.0,0.6752794951630925,0.6752794951630925,,,,1.0
23,water_gsolv_eV,99,1.0,0.0,0.6752794951630925,0.6752794951630925,,,,1.0
23,water_gsolv_eV,100,1.0,0.0,0.6752794951630925,0.6752794951630925,,,,1.0
23,water_gsolv_eV,101,1.0,0.0,0.6752794951630925,0.6752794951630925,,,,1.0
23,water_gsolv_eV,102,1.0,0.0,0.6752794951630925,0.6752794951630925,,,,1.0
23,water_gsolv_eV,103,1.0,0.0,0.6752794951630925,0.6752794951630925,,,,1.0
23,water_gsolv_eV,104,1.0,0.0,0.6752794951630925,0.6752794951630925,,,,1.0
23,water_gsolv_eV,105,1.0,0.0,0.6752794951630925,0.6752794951630925,,,,1.0
23,water_gsolv_eV,106,1.0,0.0,0.6752794951630925,0.6752794951630925,,,,1.0
23,water_gsolv_eV,107,1.0,0.0,0.6752794951630925,0.6752794951630925,,,,1.0
23,water_gsolv_eV,108,1.0,0.0,0.6752794951630925,0.6752794951630925,,,,1.0
23,water_gsolv_eV,109,1.0,0.0,0.6752794951630925,0.6752794951630925,,,,1.0
23,water_gsolv_eV,110,1.0,0.0,0.6752794951630925,0.6752794951630925,,,,1.0
23,water_gsolv_eV,111,1.0,0.0,0.6752794951630925,0.6752794951630925,,,,1.0
23,water_gsolv_eV,112,1.0,0.0,0.6752794951630925,0.6752794951630925,,,,1.0
23,water_gsolv_eV,113,1.0,0.0,0.6752794951630925,0.6752794951630925,,,,1.0
23,water_gsolv_eV,114,1.0,0.0,0.6752794951630925,0.6752794951630925,,,,1.0
23,water_gsolv_eV,115,1.0,0.0,0.6752794951630925,0.6752794951630925,,,,1.0
23,water_gsolv_eV,116,1.0,0.0,0.6752794951630925,0.6752794951630925,,,,1.0
23,water_gsolv_eV,117,1.0,0.0,0.6752794951630925,0.6752794951630925,,,,1.0
23,water_gsolv_eV,118,1.0,0.0,0.6752794951630925,0.6752794951630925,,,,1.0
23,water_gsolv_eV,119,1.0,0.0,0.6752794951630925,0.6752794951630925,,,,1.0
23,water_gsolv_eV,120,1.0,0.0,0.6752794951630925,0.6752794951630925,,,,1.0
23,water_gsolv_eV,121,1.0,0.0,0.6752794951630925,0.6752794951630925,,,,1.0
23,water_gsolv_eV,122,1.0,0.0,0.6752794951630925,0.6752794951630925,,,,1.0
23,water_gsolv_eV,123,1.0,0.0,0.6752794951630925,0.6752794951630925,,,,1.0
23,water_gsolv_eV,124,1.0,0.0,0.6752794951630925,0.6752794951630925,,,,1.0
23,water_gsolv_eV,125,1.0,0.0,0.6752794951630925,0.6752794951630925,,,,1.0
23,water_gsolv_eV,126,1.0,0.0,0.6752794951630925,0.6752794951630925,,,,1.0
23,water_gsolv_eV,127,1.0,0.0,0.6752794951630925,0.6752794951630925,,,,1.0
23,water_gsolv_eV,128,1.0,0.0,0.6752794951630925,0.6752794951630925,,,,1.0
23,water_gsolv_eV,129,1.0,0.0,0.6752794951630925,0.6752794951630925,,,,1.0
23,water_gsolv_eV,130,1.0,0.0,0.6752794951630925,0.6752794951630925,,,,1.0
23,water_gsolv_eV,131,1.0,0.0,0.6752794951630925,0.6752794951630925,,,,1.0
23,water_gsolv_eV,132,1.0,0.0,0.6752794951630925,0.6752794951630925,,,,1.0
23,water_gsolv_eV,133,1.0,0.0,0.6752794951630925,0.6752794951630925,,,,1.0
23,water_gsolv_eV,134,1.0,0.0,0.6752794951630925,0.6752794951630925,,,,1.0
23,water_gsolv_eV,135,1.0,0.0,0.6752794951630925,0.6752794951630925,,,,1.0
23,water_gsolv_eV,136,1.0,0.0,0.6752794951630925,0.6752794951630925,,,,1.0
23,water_gsolv_eV,137,1.0,0.0,0.6752794951630925,0.6752794951630925,,,,1.0
23,water_gsolv_eV,138,1.0,0.0,0.6752794951630925,0.6752794951630925,,,,1.0
23,water_gsolv_eV,139,1.0,0.0,0.6752794951630925,0.6752794951630925,,,,1.0
23,water_gsolv_eV,140,1.0,0.0,0.6752794951630925,0.6752794951630925,,,,1.0
23,water_gsolv_eV,141,1.0,0.0,0.6752794951630925,0.6752794951630925,,,,1.0
23,water_gsolv_eV,142,1.0,0.0,0.6752794951630925,0.6752794951630925,,,,1.0
23,water_gsolv_eV,143,1.0,0.0,0.6752794951630925,0.6752794951630925,,,,1.0
23,water_gsolv_eV,144,1.0,0.0,0.6752794951630925,0.6752794951630925,,,,1.0
23,water_gsolv_eV,145,1.0,0.0,0.6752794951630925,0.6752794951630925,,,,1.0
23,water_gsolv_eV,146,1.0,0.0,0.6752794951630925,0.6752794951630925,,,,1.0
23,water_gsolv_eV,147,1.0,0.0,0.6752794951630925,0.6752794951630925,,,,1.0
23,water_gsolv_eV,148,1.0,0.0,0.6752794951630925,0.6752794951630925,,,,1.0
23,water_gsolv_eV,149,1.0,0.0,0.6752794951630925,0.6752794951630925,,,,1.0
23,water_gsolv_eV,150,1.0,0.0,0.6752794951630925,0.6752794951630925,,,,1.0
23,water_gsolv_eV,151,1.0,0.0,0.6752794951630925,0.6752794951630925,,,,1.0
23,water_gsolv_eV,152,1.0,0.0,0.6752794951630925,0.6752794951630925,,,,1.0
23,water_gsolv_eV,153,1.0,0.0,0.6752794951630925,0.6752794951630925,,,,1.0
23,water_gsolv_eV,154,1.0,0.0,0.6752794951630925,0.6752794951630925,,,,1.0
23,water_gsolv_eV,155,1.0,0.0,0.6752794951630925,0.6752794951630925,,,,1.0
23,water_gsolv_eV,156,1.0,0.0,0.6752794951630925,0.6752794951630925,,,,1.0
23,water_gsolv_eV,157,1.0,0.0,0.6752794951630925,0.6752794951630925,,,,1.0
23,water_gsolv_eV,158,1.0,0.0,0.6752794951630925,0.6752794951630925,,,,1.0
23,water_gsolv_eV,159,1.0,0.0,0.6752794951630925,0.6752794951630925,,,,1.0
23,water_gsolv_eV,160,1.0,0.0,0.6752794951630925,0.6752794951630925,,,,1.0
23,water_gsolv_eV,161,1.0,0.0,0.6752794951630925,0.6752794951630925,,,,1.0
23,water_gsolv_eV,162,1.0,0.0,0.6752794951630925,0.6752794951630925,,,,1.0
23,water_gsolv_eV,163,1.0,0.0,0.6752794951630925,0.6752794951630925,,,,1.0
23,water_gsolv_eV,164,1.0,0.0,0.6752794951630925,0.6752794951630925,,,,1.0
23,water_gsolv_eV,165,1.0,0.0,0.6752794951630925,0.6752794951630925,,,,1.0
23,water_gsolv_eV,166,1.0,0.0,0.6752794951630925,0.6752794951630925,,,,1.0
23,water_gsolv_eV,167,1.0,0.0,0.6752794951630925,0.6752794951630925,,,,1.0
23,water_gsolv_eV,168,1.0,0.0,0.6752794951630925,0.6752794951630925,,,,1.0
23,water_gsolv_eV,169,1.0,0.0,0.6752794951630925,0.6752794951630925,,,,1.0
23,water_gsolv_eV,170,1.0,0.0,0.6752794951630925,0.6752794951630925,,,,1.0
23,water_gsolv_eV,171,1.0,0.0,0.6752794951630925,0.6752794951630925,,,,1.0
23,water_gsolv_eV,172,1.0,0.0,0.6752794951630925,0.6752794951630925,,,,1.0
23,water_gsolv_eV,173,1.0,0.0,0.6752794951630925,0.6752794951630925,,,,1.0
23,water_gsolv_eV,174,1.0,0.0,0.6752794951630925,0.6752794951630925,,,,1.0
23,water_gsolv_eV,175,1.0,0.0,0.6752794951630925,0.6752794951630925,,,,1.0
23,water_gsolv_eV,176,1.0,0.0,0.6752794951630925,0.6752794951630925,,,,1.0
23,water_gsolv_eV,177,1.0,0.0,0.6752794951630925,0.6752794951630925,,,,1.0
23,water_gsolv_eV,178,1.0,0.0,0.6752794951630925,0.6752794951630925,,,,1.0
23,water_gsolv_eV,179,1.0,0.0,0.6752794951630925,0.6752794951630925,,,,1.0
23,water_gsolv_eV,180,1.0,0.0,0.6752794951630925,0.6752794951630925,,,,1.0
23,water_gsolv_eV,181,1.0,0.0,0.6752794951630925,0.6752794951630925,,,,1.0
23,water_gsolv_eV,182,1.0,0.0,0.6752794951630925,0.6752794951630925,,,,1.0
23,water_gsolv_eV,183,1.0,0.0,0.6752794951630925,0.6752794951630925,,,,1.0
23,water_gsolv_eV,184,1.0,0.0,0.6752794951630925,0.6752794951630925,,,,1.0
23,water_gsolv_eV,185,1.0,0.0,0.6752794951630925,0.6752794951630925,,,,1.0
23,water_gsolv_eV,186,1.0,0.0,0.6752794951630925,0.6752794951630925,,,,1.0
23,water_gsolv_eV,187,1.0,0.0,0.6752794951630925,0.6752794951630925,,,,1.0
23,water_gsolv_eV,188,1.0,0.0,0.6752794951630925,0.6752794951630925,,,,1.0
23,water_gsolv_eV,189,1.0,0.0,0.6752794951630925,0.6752794951630925,,,,1.0
23,water_gsolv_eV,190,1.0,0.0,0.6752794951630925,0.6752794951630925,,,,1.0
23,water_gsolv_eV,191,1.0,0.0,0.6752794951630925,0.6752794951630925,,,,1.0
23,water_gsolv_eV,192,1.0,0.0,0.6752794951630925,0.6752794951630925,,,,1.0
23,water_gsolv_eV,193,1.0,0.0,0.6752794951630925,0.6752794951630925,,,,1.0
23,water_gsolv_eV,194,1.0,0.0,0.6752794951630925,0.6752794951630925,,,,1.0
23,water_gsolv_eV,195,1.0,0.0,0.6752794951630925,0.6752794951630925,,,,1.0
23,water_gsolv_eV,196,1.0,0.0,0.6752794951630925,0.6752794951630925,,,,1.0
23,water_gsolv_eV,197,1.0,0.0,0.6752794951630925,0.6752794951630925,,,,1.0
23,water_gsolv_eV,198,1.0,0.0,0.6752794951630925,0.6752794951630925,,,,1.0
23,water_gsolv_eV,199,1.0,0.0,0.6752794951630925,0.6752794951630925,,,,1.0
23,water_gsolv_eV,200,1.0,0.0,0.6752794951630925,0.6752794951630925,,,,1.0
23,water_gsolv_eV,201,1.0,0.0,0.6752794951630925,0.6752794951630925,,,,1.0
23,water_gsolv_eV,202,1.0,0.0,0.6752794951630925,0.6752794951630925,,,,1.0
23,water_gsolv_eV,203,1.0,0.0,0.6752794951630925,0.6752794951630925,,,,1.0
23,water_gsolv_eV,204,1.0,0.0,0.6752794951630925,0.6752794951630925,,,,1.0
23,water_gsolv_eV,205,1.0,0.0,0.6752794951630925,0.6752794951630925,,,,1.0
23,water_gsolv_eV,206,1.0,0.0,0.6752794951630925,0.6752794951630925,,,,1.0
23,water_gsolv_eV,207,1.0,0.0,0.6752794951630925,0.6752794951630925,,,,1.0
23,water_gsolv_eV,208,1.0,0.0,0.6752794951630925,0.6752794951630925,,,,1.0
23,water_gsolv_eV,209,1.0,0.0,0.6752794951630925,0.6752794951630925,,,,1.0
23,water_gsolv_eV,210,1.0,0.0,0.6752794951630925,0.6752794951630925,,,,1.0
23,water_gsolv_eV,211,1.0,0.0,0.6752794951630925,0.6752794951630925,,,,1.0
23,water_gsolv_eV,212,1.0,0.0,0.6752794951630925,0.6752794951630925,,,,1.0
23,water_gsolv_eV,213,1.0,0.0,0.6752794951630925,0.6752794951630925,,,,1.0
23,water_gsolv_eV,214,1.0,0.0,0.6752794951630925,0.6752794951630925,,,,1.0
23,water_gsolv_eV,215,1.0,0.0,0.6752794951630925,0.6752794951630925,,,,1.0
23,water_gsolv_eV,216,1.0,0.0,0.6752794951630925,0.6752794951630925,,,,1.0
23,water_gsolv_eV,217,1.0,0.0,0.6752794951630925,0.6752794951630925,,,,1.0
23,water_gsolv_eV,218,1.0,0.0,0.6752794951630925,0.6752794951630925,,,,1.0
23,water_gsolv_eV,219,1.0,0.0,0.6752794951630925,0.6752794951630925,,,,1.0
23,water_gsolv_eV,220,1.0,0.0,0.6752794951630925,0.6752794951630925,,,,1.0
23,water_gsolv_eV,221,1.0,0.0,0.6752794951630925,0.6752794951630925,,,,1.0
23,water_gsolv_eV,222,1.0,0.0,0.6752794951630925,0.6752794951630925,,,,1.0
23,water_gsolv_eV,223,1.0,0.0,0.6752794951630925,0.6752794951630925,,,,1.0
23,water_gsolv_eV,224,1.0,0.0,0.6752794951630925,0.6752794951630925,,,,1.0
23,water_gsolv_eV,225,1.0,0.0,0.6752794951630925,0.6752794951630925,,,,1.0
23,water_gsolv_eV,226,1.0,0.0,0.6752794951630925,0.6752794951630925,,,,1.0
23,water_gsolv_eV,227,1.0,0.0,0.6752794951630925,0.6752794951630925,,,,1.0
23,water_gsolv_eV,228,1.0,0.0,0.6752794951630925,0.6752794951630925,,,,1.0
23,water_gsolv_eV,229,1.0,0.0,0.6752794951630925,0.6752794951630925,,,,1.0
23,water_gsolv_eV,230,1.0,0.0,0.6752794951630925,0.6752794951630925,,,,1.0
23,water_gsolv_eV,231,1.0,0.0,0.6752794951630925,0.6752794951630925,,,,1.0
23,water_gsolv_eV,232,1.0,0.0,0.6752794951630925,0.6752794951630925,,,,1.0
23,water_gsolv_eV,233,1.0,0.0,0.6752794951630925,0.6752794951630925,,,,1.0
23,water_gsolv_eV,234,1.0,0.0,0.6752794951630925,0.6752794951630925,,,,1.0
23,water_gsolv_eV,235,1.0,0.0,0.6752794951630925,0.6752794951630925,,,,1.0
23,water_gsolv_eV,236,1.0,0.0,0.6752794951630925,0.6752794951630925,,,,1.0
23,water_gsolv_eV,237,1.0,0.0,0.6752794951630925,0.6752794951630925,,,,1.0
23,water_gsolv_eV,238,1.0,0.0,0.6752794951630925,0.6752794951630925,,,,1.0
23,water_gsolv_eV,239,1.0,0.0,0.6752794951630925,0.6752794951630925,,,,1.0
23,water_gsolv_eV,240,1.0,0.0,0.6752794951630925,0.6752794951630925,,,,1.0
23,water_gsolv_eV,241,1.0,0.0,0.6752794951630925,0.6752794951630925,,,,1.0
23,water_gsolv_eV,242,1.0,0.0,0.6752794951630925,0.6752794951630925,,,,1.0
23,water_gsolv_eV,243,1.0,0.0,0.6752794951630925,0.6752794951630925,,,,1.0
23,water_gsolv_eV,244,1.0,0.0,0.6752794951630925,0.6752794951630925,,,,1.0
23,water_gsolv_eV,245,1.0,0.0,0.6752794951630925,0.6752794951630925,,,,1.0
23,water_gsolv_eV,246,1.0,0.0,0.6752794951630925,0.6752794951630925,,,,1.0
23,water_gsolv_eV,247,1.0,0.0,0.6752794951630925,0.6752794951630925,,,,1.0
23,water_gsolv_eV,248,1.0,0.0,0.6752794951630925,0.6752794951630925,,,,1.0
23,water_gsolv_eV,249,1.0,0.0,0.6752794951630925,0.6752794951630925,,,,1.0
23,water_hl_gap_eV,0,1.0000001192092896,0.0,0.6703710996522922,0.6703710996522922,,,,1.0
23,water_hl_gap_eV,1,1.0000001192092896,0.0,0.6703710996522922,0.6703710996522922,,,,1.0
23,water_hl_gap_eV,2,1.0000001192092896,0.0,0.6703710996522922,0.6703710996522922,,,,1.0
23,water_hl_gap_eV,3,1.0000001192092896,0.0,0.6703710996522922,0.6703710996522922,,,,1.0
23,water_hl_gap_eV,4,1.0000001192092896,0.0,0.6703710996522922,0.6703710996522922,,,,1.0
23,water_hl_gap_eV,5,1.0000001192092896,0.0,0.6703710996522922,0.6703710996522922,,,,1.0
23,water_hl_gap_eV,6,1.0000001192092896,0.0,0.6703710996522922,0.6703710996522922,,,,1.0
23,water_hl_gap_eV,7,1.0000001192092896,0.0,0.6703710996522922,0.6703710996522922,,,,1.0
23,water_hl_gap_eV,8,1.0000001192092896,0.0,0.6703710996522922,0.6703710996522922,,,,1.0
23,water_hl_gap_eV,9,1.0000001192092896,0.0,0.6703710996522922,0.6703710996522922,,,,1.0
23,water_hl_gap_eV,10,1.0000001192092896,0.0,0.6703710996522922,0.6703710996522922,,,,1.0
23,water_hl_gap_eV,11,1.0000001192092896,0.0,0.6703710996522922,0.6703710996522922,,,,1.0
23,water_hl_gap_eV,12,1.0000001192092896,0.0,0.6703710996522922,0.6703710996522922,,,,1.0
23,water_hl_gap_eV,13,1.0000001192092896,0.0,0.6703710996522922,0.6703710996522922,,,,1.0
23,water_hl_gap_eV,14,1.0000001192092896,0.0,0.6703710996522922,0.6703710996522922,,,,1.0
23,water_hl_gap_eV,15,1.0000001192092896,0.0,0.6703710996522922,0.6703710996522922,,,,1.0
23,water_hl_gap_eV,16,1.0000001192092896,0.0,0.6703710996522922,0.6703710996522922,,,,1.0
23,water_hl_gap_eV,17,1.0000001192092896,0.0,0.6703710996522922,0.6703710996522922,,,,1.0
23,water_hl_gap_eV,18,1.0000001192092896,0.0,0.6703710996522922,0.6703710996522922,,,,1.0
23,water_hl_gap_eV,19,1.0000001192092896,0.0,0.6703710996522922,0.6703710996522922,,,,1.0
23,water_hl_gap_eV,20,1.0000001192092896,0.0,0.6703710996522922,0.6703710996522922,,,,1.0
23,water_hl_gap_eV,21,1.0000001192092896,0.0,0.6703710996522922,0.6703710996522922,,,,1.0
23,water_hl_gap_eV,22,1.0000001192092896,0.0,0.6703710996522922,0.6703710996522922,,,,1.0
23,water_hl_gap_eV,23,1.0000001192092896,0.0,0.6703710996522922,0.6703710996522922,,,,1.0
23,water_hl_gap_eV,24,1.0000001192092896,0.0,0.6703710996522922,0.6703710996522922,,,,1.0
23,water_hl_gap_eV,25,1.0000001192092896,0.0,0.6703710996522922,0.6703710996522922,,,,1.0
23,water_hl_gap_eV,26,1.0000001192092896,0.0,0.6703710996522922,0.6703710996522922,,,,1.0
23,water_hl_gap_eV,27,1.0000001192092896,0.0,0.6703710996522922,0.6703710996522922,,,,1.0
23,water_hl_gap_eV,28,1.0000001192092896,0.0,0.6703710996522922,0.6703710996522922,,,,1.0
23,water_hl_gap_eV,29,1.0000001192092896,0.0,0.6703710996522922,0.6703710996522922,,,,1.0
23,water_hl_gap_eV,30,1.0000001192092896,0.0,0.6703710996522922,0.6703710996522922,,,,1.0
23,water_hl_gap_eV,31,1.0000001192092896,0.0,0.6703710996522922,0.6703710996522922,,,,1.0
23,water_hl_gap_eV,32,1.0000001192092896,0.0,0.6703710996522922,0.6703710996522922,,,,1.0
23,water_hl_gap_eV,33,1.0000001192092896,0.0,0.6703710996522922,0.6703710996522922,,,,1.0
23,water_hl_gap_eV,34,1.0000001192092896,0.0,0.6703710996522922,0.6703710996522922,,,,1.0
23,water_hl_gap_eV,35,1.0000001192092896,0.0,0.6703710996522922,0.6703710996522922,,,,1.0
23,water_hl_gap_eV,36,1.0000001192092896,0.0,0.6703710996522922,0.6703710996522922,,,,1.0
23,water_hl_gap_eV,37,1.0000001192092896,0.0,0.6703710996522922,0.6703710996522922,,,,1.0
23,water_hl_gap_eV,38,1.0000001192092896,0.0,0.6703710996522922,0.6703710996522922,,,,1.0
23,water_hl_gap_eV,39,1.0000001192092896,0.0,0.6703710996522922,0.6703710996522922,,,,1.0
23,water_hl_gap_eV,40,1.0000001192092896,0.0,0.6703710996522922,0.6703710996522922,,,,1.0
23,water_hl_gap_eV,41,1.0000001192092896,0.0,0.6703710996522922,0.6703710996522922,,,,1.0
23,water_hl_gap_eV,42,1.0000001192092896,0.0,0.6703710996522922,0.6703710996522922,,,,1.0
23,water_hl_gap_eV,43,1.0000001192092896,0.0,0.6703710996522922,0.6703710996522922,,,,1.0
23,water_hl_gap_eV,44,1.0000001192092896,0.0,0.6703710996522922,0.6703710996522922,,,,1.0
23,water_hl_gap_eV,45,1.0000001192092896,0.0,0.6703710996522922,0.6703710996522922,,,,1.0
23,water_hl_gap_eV,46,1.0000001192092896,0.0,0.6703710996522922,0.6703710996522922,,,,1.0
23,water_hl_gap_eV,47,1.0000001192092896,0.0,0.6703710996522922,0.6703710996522922,,,,1.0
23,water_hl_gap_eV,48,1.0000001192092896,0.0,0.6703710996522922,0.6703710996522922,,,,1.0
23,water_hl_gap_eV,49,1.0000001192092896,0.0,0.6703710996522922,0.6703710996522922,,,,1.0
23,water_hl_gap_eV,50,1.0000001192092896,0.0,0.6703710996522922,0.6703710996522922,,,,1.0
23,water_hl_gap_eV,51,1.0000001192092896,0.0,0.6703710996522922,0.6703710996522922,,,,1.0
23,water_hl_gap_eV,52,1.0000001192092896,0.0,0.6703710996522922,0.6703710996522922,,,,1.0
23,water_hl_gap_eV,53,1.0000001192092896,0.0,0.6703710996522922,0.6703710996522922,,,,1.0
23,water_hl_gap_eV,54,1.0000001192092896,0.0,0.6703710996522922,0.6703710996522922,,,,1.0
23,water_hl_gap_eV,55,1.0000001192092896,0.0,0.6703710996522922,0.6703710996522922,,,,1.0
23,water_hl_gap_eV,56,1.0000001192092896,0.0,0.6703710996522922,0.6703710996522922,,,,1.0
23,water_hl_gap_eV,57,1.0000001192092896,0.0,0.6703710996522922,0.6703710996522922,,,,1.0
23,water_hl_gap_eV,58,1.0000001192092896,0.0,0.6703710996522922,0.6703710996522922,,,,1.0
23,water_hl_gap_eV,59,1.0000001192092896,0.0,0.6703710996522922,0.6703710996522922,,,,1.0
23,water_hl_gap_eV,60,1.0000001192092896,0.0,0.6703710996522922,0.6703710996522922,,,,1.0
23,water_hl_gap_eV,61,1.0000001192092896,0.0,0.6703710996522922,0.6703710996522922,,,,1.0
23,water_hl_gap_eV,62,1.0000001192092896,0.0,0.6703710996522922,0.6703710996522922,,,,1.0
23,water_hl_gap_eV,63,1.0000001192092896,0.0,0.6703710996522922,0.6703710996522922,,,,1.0
23,water_hl_gap_eV,64,1.0000001192092896,0.0,0.6703710996522922,0.6703710996522922,,,,1.0
23,water_hl_gap_eV,65,1.0000001192092896,0.0,0.6703710996522922,0.6703710996522922,,,,1.0
23,water_hl_gap_eV,66,1.0000001192092896,0.0,0.6703710996522922,0.6703710996522922,,,,1.0
23,water_hl_gap_eV,67,1.0000001192092896,0.0,0.6703710996522922,0.6703710996522922,,,,1.0
23,water_hl_gap_eV,68,1.0000001192092896,0.0,0.6703710996522922,0.6703710996522922,,,,1.0
23,water_hl_gap_eV,69,1.0000001192092896,0.0,0.6703710996522922,0.6703710996522922,,,,1.0
23,water_hl_gap_eV,70,1.0000001192092896,0.0,0.6703710996522922,0.6703710996522922,,,,1.0
23,water_hl_gap_eV,71,1.0000001192092896,0.0,0.6703710996522922,0.6703710996522922,,,,1.0
23,water_hl_gap_eV,72,1.0000001192092896,0.0,0.6703710996522922,0.6703710996522922,,,,1.0
23,water_hl_gap_eV,73,1.0000001192092896,0.0,0.6703710996522922,0.6703710996522922,,,,1.0
23,water_hl_gap_eV,74,1.0000001192092896,0.0,0.6703710996522922,0.6703710996522922,,,,1.0
23,water_hl_gap_eV,75,1.0000001192092896,0.0,0.6703710996522922,0.6703710996522922,,,,1.0
23,water_hl_gap_eV,76,1.0000001192092896,0.0,0.6703710996522922,0.6703710996522922,,,,1.0
23,water_hl_gap_eV,77,1.0000001192092896,0.0,0.6703710996522922,0.6703710996522922,,,,1.0
23,water_hl_gap_eV,78,1.0000001192092896,0.0,0.6703710996522922,0.6703710996522922,,,,1.0
23,water_hl_gap_eV,79,1.0000001192092896,0.0,0.6703710996522922,0.6703710996522922,,,,1.0
23,water_hl_gap_eV,80,1.0000001192092896,0.0,0.6703710996522922,0.6703710996522922,,,,1.0
23,water_hl_gap_eV,81,1.0000001192092896,0.0,0.6703710996522922,0.6703710996522922,,,,1.0
23,water_hl_gap_eV,82,1.0000001192092896,0.0,0.6703710996522922,0.6703710996522922,,,,1.0
23,water_hl_gap_eV,83,1.0000001192092896,0.0,0.6703710996522922,0.6703710996522922,,,,1.0
23,water_hl_gap_eV,84,1.0000001192092896,0.0,0.6703710996522922,0.6703710996522922,,,,1.0
23,water_hl_gap_eV,85,1.0000001192092896,0.0,0.6703710996522922,0.6703710996522922,,,,1.0
23,water_hl_gap_eV,86,1.0000001192092896,0.0,0.6703710996522922,0.6703710996522922,,,,1.0
23,water_hl_gap_eV,87,1.0000001192092896,0.0,0.6703710996522922,0.6703710996522922,,,,1.0
23,water_hl_gap_eV,88,1.0000001192092896,0.0,0.6703710996522922,0.6703710996522922,,,,1.0
23,water_hl_gap_eV,89,1.0000001192092896,0.0,0.6703710996522922,0.6703710996522922,,,,1.0
23,water_hl_gap_eV,90,1.0000001192092896,0.0,0.6703710996522922,0.6703710996522922,,,,1.0
23,water_hl_gap_eV,91,1.0000001192092896,0.0,0.6703710996522922,0.6703710996522922,,,,1.0
23,water_hl_gap_eV,92,1.0000001192092896,0.0,0.6703710996522922,0.6703710996522922,,,,1.0
23,water_hl_gap_eV,93,1.0000001192092896,0.0,0.6703710996522922,0.6703710996522922,,,,1.0
23,water_hl_gap_eV,94,1.0000001192092896,0.0,0.6703710996522922,0.6703710996522922,,,,1.0
23,water_hl_gap_eV,95,1.0000001192092896,0.0,0.6703710996522922,0.6703710996522922,,,,1.0
23,water_hl_gap_eV,96,1.0000001192092896,0.0,0.6703710996522922,0.6703710996522922,,,,1.0
23,water_hl_gap_eV,97,1.0000001192092896,0.0,0.6703710996522922,0.6703710996522922,,,,1.0
23,water_hl_gap_eV,98,1.0000001192092896,0.0,0.6703710996522922,0.6703710996522922,,,,1.0
23,water_hl_gap_eV,99,1.0000001192092896,0.0,0.6703710996522922,0.6703710996522922,,,,1.0
23,water_hl_gap_eV,100,1.0000001192092896,0.0,0.6703710996522922,0.6703710996522922,,,,1.0
23,water_hl_gap_eV,101,1.0000001192092896,0.0,0.6703710996522922,0.6703710996522922,,,,1.0
23,water_hl_gap_eV,102,1.0000001192092896,0.0,0.6703710996522922,0.6703710996522922,,,,1.0
23,water_hl_gap_eV,103,1.0000001192092896,0.0,0.6703710996522922,0.6703710996522922,,,,1.0
23,water_hl_gap_eV,104,1.0000001192092896,0.0,0.6703710996522922,0.6703710996522922,,,,1.0
23,water_hl_gap_eV,105,1.0000001192092896,0.0,0.6703710996522922,0.6703710996522922,,,,1.0
23,water_hl_gap_eV,106,1.0000001192092896,0.0,0.6703710996522922,0.6703710996522922,,,,1.0
23,water_hl_gap_eV,107,1.0000001192092896,0.0,0.6703710996522922,0.6703710996522922,,,,1.0
23,water_hl_gap_eV,108,1.0000001192092896,0.0,0.6703710996522922,0.6703710996522922,,,,1.0
23,water_hl_gap_eV,109,1.0000001192092896,0.0,0.6703710996522922,0.6703710996522922,,,,1.0
23,water_hl_gap_eV,110,1.0000001192092896,0.0,0.6703710996522922,0.6703710996522922,,,,1.0
23,water_hl_gap_eV,111,1.0000001192092896,0.0,0.6703710996522922,0.6703710996522922,,,,1.0
23,water_hl_gap_eV,112,1.0000001192092896,0.0,0.6703710996522922,0.6703710996522922,,,,1.0
23,water_hl_gap_eV,113,1.0000001192092896,0.0,0.6703710996522922,0.6703710996522922,,,,1.0
23,water_hl_gap_eV,114,1.0000001192092896,0.0,0.6703710996522922,0.6703710996522922,,,,1.0
23,water_hl_gap_eV,115,1.0000001192092896,0.0,0.6703710996522922,0.6703710996522922,,,,1.0
23,water_hl_gap_eV,116,1.0000001192092896,0.0,0.6703710996522922,0.6703710996522922,,,,1.0
23,water_hl_gap_eV,117,1.0000001192092896,0.0,0.6703710996522922,0.6703710996522922,,,,1.0
23,water_hl_gap_eV,118,1.0000001192092896,0.0,0.6703710996522922,0.6703710996522922,,,,1.0
23,water_hl_gap_eV,119,1.0000001192092896,0.0,0.6703710996522922,0.6703710996522922,,,,1.0
23,water_hl_gap_eV,120,1.0000001192092896,0.0,0.6703710996522922,0.6703710996522922,,,,1.0
23,water_hl_gap_eV,121,1.0000001192092896,0.0,0.6703710996522922,0.6703710996522922,,,,1.0
23,water_hl_gap_eV,122,1.0000001192092896,0.0,0.6703710996522922,0.6703710996522922,,,,1.0
23,water_hl_gap_eV,123,1.0000001192092896,0.0,0.6703710996522922,0.6703710996522922,,,,1.0
23,water_hl_gap_eV,124,1.0000001192092896,0.0,0.6703710996522922,0.6703710996522922,,,,1.0
23,water_hl_gap_eV,125,1.0000001192092896,0.0,0.6703710996522922,0.6703710996522922,,,,1.0
23,water_hl_gap_eV,126,1.0000001192092896,0.0,0.6703710996522922,0.6703710996522922,,,,1.0
23,water_hl_gap_eV,127,1.0000001192092896,0.0,0.6703710996522922,0.6703710996522922,,,,1.0
23,water_hl_gap_eV,128,1.0000001192092896,0.0,0.6703710996522922,0.6703710996522922,,,,1.0
23,water_hl_gap_eV,129,1.0000001192092896,0.0,0.6703710996522922,0.6703710996522922,,,,1.0
23,water_hl_gap_eV,130,1.0000001192092896,0.0,0.6703710996522922,0.6703710996522922,,,,1.0
23,water_hl_gap_eV,131,1.0000001192092896,0.0,0.6703710996522922,0.6703710996522922,,,,1.0
23,water_hl_gap_eV,132,1.0000001192092896,0.0,0.6703710996522922,0.6703710996522922,,,,1.0
23,water_hl_gap_eV,133,1.0000001192092896,0.0,0.6703710996522922,0.6703710996522922,,,,1.0
23,water_hl_gap_eV,134,1.0000001192092896,0.0,0.6703710996522922,0.6703710996522922,,,,1.0
23,water_hl_gap_eV,135,1.0000001192092896,0.0,0.6703710996522922,0.6703710996522922,,,,1.0
23,water_hl_gap_eV,136,1.0000001192092896,0.0,0.6703710996522922,0.6703710996522922,,,,1.0
23,water_hl_gap_eV,137,1.0000001192092896,0.0,0.6703710996522922,0.6703710996522922,,,,1.0
23,water_hl_gap_eV,138,1.0000001192092896,0.0,0.6703710996522922,0.6703710996522922,,,,1.0
23,water_hl_gap_eV,139,1.0000001192092896,0.0,0.6703710996522922,0.6703710996522922,,,,1.0
23,water_hl_gap_eV,140,1.0000001192092896,0.0,0.6703710996522922,0.6703710996522922,,,,1.0
23,water_hl_gap_eV,141,1.0000001192092896,0.0,0.6703710996522922,0.6703710996522922,,,,1.0
23,water_hl_gap_eV,142,1.0000001192092896,0.0,0.6703710996522922,0.6703710996522922,,,,1.0
23,water_hl_gap_eV,143,1.0000001192092896,0.0,0.6703710996522922,0.6703710996522922,,,,1.0
23,water_hl_gap_eV,144,1.0000001192092896,0.0,0.6703710996522922,0.6703710996522922,,,,1.0
23,water_hl_gap_eV,145,1.0000001192092896,0.0,0.6703710996522922,0.6703710996522922,,,,1.0
23,water_hl_gap_eV,146,1.0000001192092896,0.0,0.6703710996522922,0.6703710996522922,,,,1.0
23,water_hl_gap_eV,147,1.0000001192092896,0.0,0.6703710996522922,0.6703710996522922,,,,1.0
23,water_hl_gap_eV,148,1.0000001192092896,0.0,0.6703710996522922,0.6703710996522922,,,,1.0
23,water_hl_gap_eV,149,1.0000001192092896,0.0,0.6703710996522922,0.6703710996522922,,,,1.0
23,water_hl_gap_eV,150,1.0000001192092896,0.0,0.6703710996522922,0.6703710996522922,,,,1.0
23,water_hl_gap_eV,151,1.0000001192092896,0.0,0.6703710996522922,0.6703710996522922,,,,1.0
23,water_hl_gap_eV,152,1.0000001192092896,0.0,0.6703710996522922,0.6703710996522922,,,,1.0
23,water_hl_gap_eV,153,1.0000001192092896,0.0,0.6703710996522922,0.6703710996522922,,,,1.0
23,water_hl_gap_eV,154,1.0000001192092896,0.0,0.6703710996522922,0.6703710996522922,,,,1.0
23,water_hl_gap_eV,155,1.0000001192092896,0.0,0.6703710996522922,0.6703710996522922,,,,1.0
23,water_hl_gap_eV,156,1.0000001192092896,0.0,0.6703710996522922,0.6703710996522922,,,,1.0
23,water_hl_gap_eV,157,1.0000001192092896,0.0,0.6703710996522922,0.6703710996522922,,,,1.0
23,water_hl_gap_eV,158,1.0000001192092896,0.0,0.6703710996522922,0.6703710996522922,,,,1.0
23,water_hl_gap_eV,159,1.0000001192092896,0.0,0.6703710996522922,0.6703710996522922,,,,1.0
23,water_hl_gap_eV,160,1.0000001192092896,0.0,0.6703710996522922,0.6703710996522922,,,,1.0
23,water_hl_gap_eV,161,1.0000001192092896,0.0,0.6703710996522922,0.6703710996522922,,,,1.0
23,water_hl_gap_eV,162,1.0000001192092896,0.0,0.6703710996522922,0.6703710996522922,,,,1.0
23,water_hl_gap_eV,163,1.0000001192092896,0.0,0.6703710996522922,0.6703710996522922,,,,1.0
23,water_hl_gap_eV,164,1.0000001192092896,0.0,0.6703710996522922,0.6703710996522922,,,,1.0
23,water_hl_gap_eV,165,1.0000001192092896,0.0,0.6703710996522922,0.6703710996522922,,,,1.0
23,water_hl_gap_eV,166,1.0000001192092896,0.0,0.6703710996522922,0.6703710996522922,,,,1.0
23,water_hl_gap_eV,167,1.0000001192092896,0.0,0.6703710996522922,0.6703710996522922,,,,1.0
23,water_hl_gap_eV,168,1.0000001192092896,0.0,0.6703710996522922,0.6703710996522922,,,,1.0
23,water_hl_gap_eV,169,1.0000001192092896,0.0,0.6703710996522922,0.6703710996522922,,,,1.0
23,water_hl_gap_eV,170,1.0000001192092896,0.0,0.6703710996522922,0.6703710996522922,,,,1.0
23,water_hl_gap_eV,171,1.0000001192092896,0.0,0.6703710996522922,0.6703710996522922,,,,1.0
23,water_hl_gap_eV,172,1.0000001192092896,0.0,0.6703710996522922,0.6703710996522922,,,,1.0
23,water_hl_gap_eV,173,1.0000001192092896,0.0,0.6703710996522922,0.6703710996522922,,,,1.0
23,water_hl_gap_eV,174,1.0000001192092896,0.0,0.6703710996522922,0.6703710996522922,,,,1.0
23,water_hl_gap_eV,175,1.0000001192092896,0.0,0.6703710996522922,0.6703710996522922,,,,1.0
23,water_hl_gap_eV,176,1.0000001192092896,0.0,0.6703710996522922,0.6703710996522922,,,,1.0
23,water_hl_gap_eV,177,1.0000001192092896,0.0,0.6703710996522922,0.6703710996522922,,,,1.0
23,water_hl_gap_eV,178,1.0000001192092896,0.0,0.6703710996522922,0.6703710996522922,,,,1.0
23,water_hl_gap_eV,179,1.0000001192092896,0.0,0.6703710996522922,0.6703710996522922,,,,1.0
23,water_hl_gap_eV,180,1.0000001192092896,0.0,0.6703710996522922,0.6703710996522922,,,,1.0
23,water_hl_gap_eV,181,1.0000001192092896,0.0,0.6703710996522922,0.6703710996522922,,,,1.0
23,water_hl_gap_eV,182,1.0000001192092896,0.0,0.6703710996522922,0.6703710996522922,,,,1.0
23,water_hl_gap_eV,183,1.0000001192092896,0.0,0.6703710996522922,0.6703710996522922,,,,1.0
23,water_hl_gap_eV,184,1.0000001192092896,0.0,0.6703710996522922,0.6703710996522922,,,,1.0
23,water_hl_gap_eV,185,1.0000001192092896,0.0,0.6703710996522922,0.6703710996522922,,,,1.0
23,water_hl_gap_eV,186,1.0000001192092896,0.0,0.6703710996522922,0.6703710996522922,,,,1.0
23,water_hl_gap_eV,187,1.0000001192092896,0.0,0.6703710996522922,0.6703710996522922,,,,1.0
23,water_hl_gap_eV,188,1.0000001192092896,0.0,0.6703710996522922,0.6703710996522922,,,,1.0
23,water_hl_gap_eV,189,1.0000001192092896,0.0,0.6703710996522922,0.6703710996522922,,,,1.0
23,water_hl_gap_eV,190,1.0000001192092896,0.0,0.6703710996522922,0.6703710996522922,,,,1.0
23,water_hl_gap_eV,191,1.0000001192092896,0.0,0.6703710996522922,0.6703710996522922,,,,1.0
23,water_hl_gap_eV,192,1.0000001192092896,0.0,0.6703710996522922,0.6703710996522922,,,,1.0
23,water_hl_gap_eV,193,1.0000001192092896,0.0,0.6703710996522922,0.6703710996522922,,,,1.0
23,water_hl_gap_eV,194,1.0000001192092896,0.0,0.6703710996522922,0.6703710996522922,,,,1.0
23,water_hl_gap_eV,195,1.0000001192092896,0.0,0.6703710996522922,0.6703710996522922,,,,1.0
23,water_hl_gap_eV,196,1.0000001192092896,0.0,0.6703710996522922,0.6703710996522922,,,,1.0
23,water_hl_gap_eV,197,1.0000001192092896,0.0,0.6703710996522922,0.6703710996522922,,,,1.0
23,water_hl_gap_eV,198,1.0000001192092896,0.0,0.6703710996522922,0.6703710996522922,,,,1.0
23,water_hl_gap_eV,199,1.0000001192092896,0.0,0.6703710996522922,0.6703710996522922,,,,1.0
23,water_hl_gap_eV,200,1.0000001192092896,0.0,0.6703710996522922,0.6703710996522922,,,,1.0
23,water_hl_gap_eV,201,1.0000001192092896,0.0,0.6703710996522922,0.6703710996522922,,,,1.0
23,water_hl_gap_eV,202,1.0000001192092896,0.0,0.6703710996522922,0.6703710996522922,,,,1.0
23,water_hl_gap_eV,203,1.0000001192092896,0.0,0.6703710996522922,0.6703710996522922,,,,1.0
23,water_hl_gap_eV,204,1.0000001192092896,0.0,0.6703710996522922,0.6703710996522922,,,,1.0
23,water_hl_gap_eV,205,1.0000001192092896,0.0,0.6703710996522922,0.6703710996522922,,,,1.0
23,water_hl_gap_eV,206,1.0000001192092896,0.0,0.6703710996522922,0.6703710996522922,,,,1.0
23,water_hl_gap_eV,207,1.0000001192092896,0.0,0.6703710996522922,0.6703710996522922,,,,1.0
23,water_hl_gap_eV,208,1.0000001192092896,0.0,0.6703710996522922,0.6703710996522922,,,,1.0
23,water_hl_gap_eV,209,1.0000001192092896,0.0,0.6703710996522922,0.6703710996522922,,,,1.0
23,water_hl_gap_eV,210,1.0000001192092896,0.0,0.6703710996522922,0.6703710996522922,,,,1.0
23,water_hl_gap_eV,211,1.0000001192092896,0.0,0.6703710996522922,0.6703710996522922,,,,1.0
23,water_hl_gap_eV,212,1.0000001192092896,0.0,0.6703710996522922,0.6703710996522922,,,,1.0
23,water_hl_gap_eV,213,1.0000001192092896,0.0,0.6703710996522922,0.6703710996522922,,,,1.0
23,water_hl_gap_eV,214,1.0000001192092896,0.0,0.6703710996522922,0.6703710996522922,,,,1.0
23,water_hl_gap_eV,215,1.0000001192092896,0.0,0.6703710996522922,0.6703710996522922,,,,1.0
23,water_hl_gap_eV,216,1.0000001192092896,0.0,0.6703710996522922,0.6703710996522922,,,,1.0
23,water_hl_gap_eV,217,1.0000001192092896,0.0,0.6703710996522922,0.6703710996522922,,,,1.0
23,water_hl_gap_eV,218,1.0000001192092896,0.0,0.6703710996522922,0.6703710996522922,,,,1.0
23,water_hl_gap_eV,219,1.0000001192092896,0.0,0.6703710996522922,0.6703710996522922,,,,1.0
23,water_hl_gap_eV,220,1.0000001192092896,0.0,0.6703710996522922,0.6703710996522922,,,,1.0
23,water_hl_gap_eV,221,1.0000001192092896,0.0,0.6703710996522922,0.6703710996522922,,,,1.0
23,water_hl_gap_eV,222,1.0000001192092896,0.0,0.6703710996522922,0.6703710996522922,,,,1.0
23,water_hl_gap_eV,223,1.0000001192092896,0.0,0.6703710996522922,0.6703710996522922,,,,1.0
23,water_hl_gap_eV,224,1.0000001192092896,0.0,0.6703710996522922,0.6703710996522922,,,,1.0
23,water_hl_gap_eV,225,1.0000001192092896,0.0,0.6703710996522922,0.6703710996522922,,,,1.0
23,water_hl_gap_eV,226,1.0000001192092896,0.0,0.6703710996522922,0.6703710996522922,,,,1.0
23,water_hl_gap_eV,227,1.0000001192092896,0.0,0.6703710996522922,0.6703710996522922,,,,1.0
23,water_hl_gap_eV,228,1.0000001192092896,0.0,0.6703710996522922,0.6703710996522922,,,,1.0
23,water_hl_gap_eV,229,1.0000001192092896,0.0,0.6703710996522922,0.6703710996522922,,,,1.0
23,water_hl_gap_eV,230,1.0000001192092896,0.0,0.6703710996522922,0.6703710996522922,,,,1.0
23,water_hl_gap_eV,231,1.0000001192092896,0.0,0.6703710996522922,0.6703710996522922,,,,1.0
23,water_hl_gap_eV,232,1.0000001192092896,0.0,0.6703710996522922,0.6703710996522922,,,,1.0
23,water_hl_gap_eV,233,1.0000001192092896,0.0,0.6703710996522922,0.6703710996522922,,,,1.0
23,water_hl_gap_eV,234,1.0000001192092896,0.0,0.6703710996522922,0.6703710996522922,,,,1.0
23,water_hl_gap_eV,235,1.0000001192092896,0.0,0.6703710996522922,0.6703710996522922,,,,1.0
23,water_hl_gap_eV,236,1.0000001192092896,0.0,0.6703710996522922,0.6703710996522922,,,,1.0
23,water_hl_gap_eV,237,1.0000001192092896,0.0,0.6703710996522922,0.6703710996522922,,,,1.0
23,water_hl_gap_eV,238,1.0000001192092896,0.0,0.6703710996522922,0.6703710996522922,,,,1.0
23,water_hl_gap_eV,239,1.0000001192092896,0.0,0.6703710996522922,0.6703710996522922,,,,1.0
23,water_hl_gap_eV,240,1.0000001192092896,0.0,0.6703710996522922,0.6703710996522922,,,,1.0
23,water_hl_gap_eV,241,1.0000001192092896,0.0,0.6703710996522922,0.6703710996522922,,,,1.0
23,water_hl_gap_eV,242,1.0000001192092896,0.0,0.6703710996522922,0.6703710996522922,,,,1.0
23,water_hl_gap_eV,243,1.0000001192092896,0.0,0.6703710996522922,0.6703710996522922,,,,1.0
23,water_hl_gap_eV,244,1.0000001192092896,0.0,0.6703710996522922,0.6703710996522922,,,,1.0
23,water_hl_gap_eV,245,1.0000001192092896,0.0,0.6703710996522922,0.6703710996522922,,,,1.0
23,water_hl_gap_eV,246,1.0000001192092896,0.0,0.6703710996522922,0.6703710996522922,,,,1.0
23,water_hl_gap_eV,247,1.0000001192092896,0.0,0.6703710996522922,0.6703710996522922,,,,1.0
23,water_hl_gap_eV,248,1.0000001192092896,0.0,0.6703710996522922,0.6703710996522922,,,,1.0
23,water_hl_gap_eV,249,1.0000001192092896,0.0,0.6703710996522922,0.6703710996522922,,,,1.0
23,water_dipole,0,1.0000001192092896,0.0,0.6055915050880378,0.6055915050880378,,,,1.0
23,water_dipole,1,1.0000001192092896,0.0,0.6055915050880378,0.6055915050880378,,,,1.0
23,water_dipole,2,1.0000001192092896,0.0,0.6055915050880378,0.6055915050880378,,,,1.0
23,water_dipole,3,1.0000001192092896,0.0,0.6055915050880378,0.6055915050880378,,,,1.0
23,water_dipole,4,1.0000001192092896,0.0,0.6055915050880378,0.6055915050880378,,,,1.0
23,water_dipole,5,1.0000001192092896,0.0,0.6055915050880378,0.6055915050880378,,,,1.0
23,water_dipole,6,1.0000001192092896,0.0,0.6055915050880378,0.6055915050880378,,,,1.0
23,water_dipole,7,1.0000001192092896,0.0,0.6055915050880378,0.6055915050880378,,,,1.0
23,water_dipole,8,1.0000001192092896,0.0,0.6055915050880378,0.6055915050880378,,,,1.0
23,water_dipole,9,1.0000001192092896,0.0,0.6055915050880378,0.6055915050880378,,,,1.0
23,water_dipole,10,1.0000001192092896,0.0,0.6055915050880378,0.6055915050880378,,,,1.0
23,water_dipole,11,1.0000001192092896,0.0,0.6055915050880378,0.6055915050880378,,,,1.0
23,water_dipole,12,1.0000001192092896,0.0,0.6055915050880378,0.6055915050880378,,,,1.0
23,water_dipole,13,1.0000001192092896,0.0,0.6055915050880378,0.6055915050880378,,,,1.0
23,water_dipole,14,1.0000001192092896,0.0,0.6055915050880378,0.6055915050880378,,,,1.0
23,water_dipole,15,1.0000001192092896,0.0,0.6055915050880378,0.6055915050880378,,,,1.0
23,water_dipole,16,1.0000001192092896,0.0,0.6055915050880378,0.6055915050880378,,,,1.0
23,water_dipole,17,1.0000001192092896,0.0,0.6055915050880378,0.6055915050880378,,,,1.0
23,water_dipole,18,1.0000001192092896,0.0,0.6055915050880378,0.6055915050880378,,,,1.0
23,water_dipole,19,1.0000001192092896,0.0,0.6055915050880378,0.6055915050880378,,,,1.0
23,water_dipole,20,1.0000001192092896,0.0,0.6055915050880378,0.6055915050880378,,,,1.0
23,water_dipole,21,1.0000001192092896,0.0,0.6055915050880378,0.6055915050880378,,,,1.0
23,water_dipole,22,1.0000001192092896,0.0,0.6055915050880378,0.6055915050880378,,,,1.0
23,water_dipole,23,1.0000001192092896,0.0,0.6055915050880378,0.6055915050880378,,,,1.0
23,water_dipole,24,1.0000001192092896,0.0,0.6055915050880378,0.6055915050880378,,,,1.0
23,water_dipole,25,1.0000001192092896,0.0,0.6055915050880378,0.6055915050880378,,,,1.0
23,water_dipole,26,1.0000001192092896,0.0,0.6055915050880378,0.6055915050880378,,,,1.0
23,water_dipole,27,1.0000001192092896,0.0,0.6055915050880378,0.6055915050880378,,,,1.0
23,water_dipole,28,1.0000001192092896,0.0,0.6055915050880378,0.6055915050880378,,,,1.0
23,water_dipole,29,1.0000001192092896,0.0,0.6055915050880378,0.6055915050880378,,,,1.0
23,water_dipole,30,1.0000001192092896,0.0,0.6055915050880378,0.6055915050880378,,,,1.0
23,water_dipole,31,1.0000001192092896,0.0,0.6055915050880378,0.6055915050880378,,,,1.0
23,water_dipole,32,1.0000001192092896,0.0,0.6055915050880378,0.6055915050880378,,,,1.0
23,water_dipole,33,1.0000001192092896,0.0,0.6055915050880378,0.6055915050880378,,,,1.0
23,water_dipole,34,1.0000001192092896,0.0,0.6055915050880378,0.6055915050880378,,,,1.0
23,water_dipole,35,1.0000001192092896,0.0,0.6055915050880378,0.6055915050880378,,,,1.0
23,water_dipole,36,1.0000001192092896,0.0,0.6055915050880378,0.6055915050880378,,,,1.0
23,water_dipole,37,1.0000001192092896,0.0,0.6055915050880378,0.6055915050880378,,,,1.0
23,water_dipole,38,1.0000001192092896,0.0,0.6055915050880378,0.6055915050880378,,,,1.0
23,water_dipole,39,1.0000001192092896,0.0,0.6055915050880378,0.6055915050880378,,,,1.0
23,water_dipole,40,1.0000001192092896,0.0,0.6055915050880378,0.6055915050880378,,,,1.0
23,water_dipole,41,1.0000001192092896,0.0,0.6055915050880378,0.6055915050880378,,,,1.0
23,water_dipole,42,1.0000001192092896,0.0,0.6055915050880378,0.6055915050880378,,,,1.0
23,water_dipole,43,1.0000001192092896,0.0,0.6055915050880378,0.6055915050880378,,,,1.0
23,water_dipole,44,1.0000001192092896,0.0,0.6055915050880378,0.6055915050880378,,,,1.0
23,water_dipole,45,1.0000001192092896,0.0,0.6055915050880378,0.6055915050880378,,,,1.0
23,water_dipole,46,1.0000001192092896,0.0,0.6055915050880378,0.6055915050880378,,,,1.0
23,water_dipole,47,1.0000001192092896,0.0,0.6055915050880378,0.6055915050880378,,,,1.0
23,water_dipole,48,1.0000001192092896,0.0,0.6055915050880378,0.6055915050880378,,,,1.0
23,water_dipole,49,1.0000001192092896,0.0,0.6055915050880378,0.6055915050880378,,,,1.0
23,water_dipole,50,1.0000001192092896,0.0,0.6055915050880378,0.6055915050880378,,,,1.0
23,water_dipole,51,1.0000001192092896,0.0,0.6055915050880378,0.6055915050880378,,,,1.0
23,water_dipole,52,1.0000001192092896,0.0,0.6055915050880378,0.6055915050880378,,,,1.0
23,water_dipole,53,1.0000001192092896,0.0,0.6055915050880378,0.6055915050880378,,,,1.0
23,water_dipole,54,1.0000001192092896,0.0,0.6055915050880378,0.6055915050880378,,,,1.0
23,water_dipole,55,1.0000001192092896,0.0,0.6055915050880378,0.6055915050880378,,,,1.0
23,water_dipole,56,1.0000001192092896,0.0,0.6055915050880378,0.6055915050880378,,,,1.0
23,water_dipole,57,1.0000001192092896,0.0,0.6055915050880378,0.6055915050880378,,,,1.0
23,water_dipole,58,1.0000001192092896,0.0,0.6055915050880378,0.6055915050880378,,,,1.0
23,water_dipole,59,1.0000001192092896,0.0,0.6055915050880378,0.6055915050880378,,,,1.0
23,water_dipole,60,1.0000001192092896,0.0,0.6055915050880378,0.6055915050880378,,,,1.0
23,water_dipole,61,1.0000001192092896,0.0,0.6055915050880378,0.6055915050880378,,,,1.0
23,water_dipole,62,1.0000001192092896,0.0,0.6055915050880378,0.6055915050880378,,,,1.0
23,water_dipole,63,1.0000001192092896,0.0,0.6055915050880378,0.6055915050880378,,,,1.0
23,water_dipole,64,1.0000001192092896,0.0,0.6055915050880378,0.6055915050880378,,,,1.0
23,water_dipole,65,1.0000001192092896,0.0,0.6055915050880378,0.6055915050880378,,,,1.0
23,water_dipole,66,1.0000001192092896,0.0,0.6055915050880378,0.6055915050880378,,,,1.0
23,water_dipole,67,1.0000001192092896,0.0,0.6055915050880378,0.6055915050880378,,,,1.0
23,water_dipole,68,1.0000001192092896,0.0,0.6055915050880378,0.6055915050880378,,,,1.0
23,water_dipole,69,1.0000001192092896,0.0,0.6055915050880378,0.6055915050880378,,,,1.0
23,water_dipole,70,1.0000001192092896,0.0,0.6055915050880378,0.6055915050880378,,,,1.0
23,water_dipole,71,1.0000001192092896,0.0,0.6055915050880378,0.6055915050880378,,,,1.0
23,water_dipole,72,1.0000001192092896,0.0,0.6055915050880378,0.6055915050880378,,,,1.0
23,water_dipole,73,1.0000001192092896,0.0,0.6055915050880378,0.6055915050880378,,,,1.0
23,water_dipole,74,1.0000001192092896,0.0,0.6055915050880378,0.6055915050880378,,,,1.0
23,water_dipole,75,1.0000001192092896,0.0,0.6055915050880378,0.6055915050880378,,,,1.0
23,water_dipole,76,1.0000001192092896,0.0,0.6055915050880378,0.6055915050880378,,,,1.0
23,water_dipole,77,1.0000001192092896,0.0,0.6055915050880378,0.6055915050880378,,,,1.0
23,water_dipole,78,1.0000001192092896,0.0,0.6055915050880378,0.6055915050880378,,,,1.0
23,water_dipole,79,1.0000001192092896,0.0,0.6055915050880378,0.6055915050880378,,,,1.0
23,water_dipole,80,1.0000001192092896,0.0,0.6055915050880378,0.6055915050880378,,,,1.0
23,water_dipole,81,1.0000001192092896,0.0,0.6055915050880378,0.6055915050880378,,,,1.0
23,water_dipole,82,1.0000001192092896,0.0,0.6055915050880378,0.6055915050880378,,,,1.0
23,water_dipole,83,1.0000001192092896,0.0,0.6055915050880378,0.6055915050880378,,,,1.0
23,water_dipole,84,1.0000001192092896,0.0,0.6055915050880378,0.6055915050880378,,,,1.0
23,water_dipole,85,1.0000001192092896,0.0,0.6055915050880378,0.6055915050880378,,,,1.0
23,water_dipole,86,1.0000001192092896,0.0,0.6055915050880378,0.6055915050880378,,,,1.0
23,water_dipole,87,1.0000001192092896,0.0,0.6055915050880378,0.6055915050880378,,,,1.0
23,water_dipole,88,1.0000001192092896,0.0,0.6055915050880378,0.6055915050880378,,,,1.0
23,water_dipole,89,1.0000001192092896,0.0,0.6055915050880378,0.6055915050880378,,,,1.0
23,water_dipole,90,1.0000001192092896,0.0,0.6055915050880378,0.6055915050880378,,,,1.0
23,water_dipole,91,1.0000001192092896,0.0,0.6055915050880378,0.6055915050880378,,,,1.0
23,water_dipole,92,1.0000001192092896,0.0,0.6055915050880378,0.6055915050880378,,,,1.0
23,water_dipole,93,1.0000001192092896,0.0,0.6055915050880378,0.6055915050880378,,,,1.0
23,water_dipole,94,1.0000001192092896,0.0,0.6055915050880378,0.6055915050880378,,,,1.0
23,water_dipole,95,1.0000001192092896,0.0,0.6055915050880378,0.6055915050880378,,,,1.0
23,water_dipole,96,1.0000001192092896,0.0,0.6055915050880378,0.6055915050880378,,,,1.0
23,water_dipole,97,1.0000001192092896,0.0,0.6055915050880378,0.6055915050880378,,,,1.0
23,water_dipole,98,1.0000001192092896,0.0,0.6055915050880378,0.6055915050880378,,,,1.0
23,water_dipole,99,1.0000001192092896,0.0,0.6055915050880378,0.6055915050880378,,,,1.0
23,water_dipole,100,1.0000001192092896,0.0,0.6055915050880378,0.6055915050880378,,,,1.0
23,water_dipole,101,1.0000001192092896,0.0,0.6055915050880378,0.6055915050880378,,,,1.0
23,water_dipole,102,1.0000001192092896,0.0,0.6055915050880378,0.6055915050880378,,,,1.0
23,water_dipole,103,1.0000001192092896,0.0,0.6055915050880378,0.6055915050880378,,,,1.0
23,water_dipole,104,1.0000001192092896,0.0,0.6055915050880378,0.6055915050880378,,,,1.0
23,water_dipole,105,1.0000001192092896,0.0,0.6055915050880378,0.6055915050880378,,,,1.0
23,water_dipole,106,1.0000001192092896,0.0,0.6055915050880378,0.6055915050880378,,,,1.0
23,water_dipole,107,1.0000001192092896,0.0,0.6055915050880378,0.6055915050880378,,,,1.0
23,water_dipole,108,1.0000001192092896,0.0,0.6055915050880378,0.6055915050880378,,,,1.0
23,water_dipole,109,1.0000001192092896,0.0,0.6055915050880378,0.6055915050880378,,,,1.0
23,water_dipole,110,1.0000001192092896,0.0,0.6055915050880378,0.6055915050880378,,,,1.0
23,water_dipole,111,1.0000001192092896,0.0,0.6055915050880378,0.6055915050880378,,,,1.0
23,water_dipole,112,1.0000001192092896,0.0,0.6055915050880378,0.6055915050880378,,,,1.0
23,water_dipole,113,1.0000001192092896,0.0,0.6055915050880378,0.6055915050880378,,,,1.0
23,water_dipole,114,1.0000001192092896,0.0,0.6055915050880378,0.6055915050880378,,,,1.0
23,water_dipole,115,1.0000001192092896,0.0,0.6055915050880378,0.6055915050880378,,,,1.0
23,water_dipole,116,1.0000001192092896,0.0,0.6055915050880378,0.6055915050880378,,,,1.0
23,water_dipole,117,1.0000001192092896,0.0,0.6055915050880378,0.6055915050880378,,,,1.0
23,water_dipole,118,1.0000001192092896,0.0,0.6055915050880378,0.6055915050880378,,,,1.0
23,water_dipole,119,1.0000001192092896,0.0,0.6055915050880378,0.6055915050880378,,,,1.0
23,water_dipole,120,1.0000001192092896,0.0,0.6055915050880378,0.6055915050880378,,,,1.0
23,water_dipole,121,1.0000001192092896,0.0,0.6055915050880378,0.6055915050880378,,,,1.0
23,water_dipole,122,1.0000001192092896,0.0,0.6055915050880378,0.6055915050880378,,,,1.0
23,water_dipole,123,1.0000001192092896,0.0,0.6055915050880378,0.6055915050880378,,,,1.0
23,water_dipole,124,1.0000001192092896,0.0,0.6055915050880378,0.6055915050880378,,,,1.0
23,water_dipole,125,1.0000001192092896,0.0,0.6055915050880378,0.6055915050880378,,,,1.0
23,water_dipole,126,1.0000001192092896,0.0,0.6055915050880378,0.6055915050880378,,,,1.0
23,water_dipole,127,1.0000001192092896,0.0,0.6055915050880378,0.6055915050880378,,,,1.0
23,water_dipole,128,1.0000001192092896,0.0,0.6055915050880378,0.6055915050880378,,,,1.0
23,water_dipole,129,1.0000001192092896,0.0,0.6055915050880378,0.6055915050880378,,,,1.0
23,water_dipole,130,1.0000001192092896,0.0,0.6055915050880378,0.6055915050880378,,,,1.0
23,water_dipole,131,1.0000001192092896,0.0,0.6055915050880378,0.6055915050880378,,,,1.0
23,water_dipole,132,1.0000001192092896,0.0,0.6055915050880378,0.6055915050880378,,,,1.0
23,water_dipole,133,1.0000001192092896,0.0,0.6055915050880378,0.6055915050880378,,,,1.0
23,water_dipole,134,1.0000001192092896,0.0,0.6055915050880378,0.6055915050880378,,,,1.0
23,water_dipole,135,1.0000001192092896,0.0,0.6055915050880378,0.6055915050880378,,,,1.0
23,water_dipole,136,1.0000001192092896,0.0,0.6055915050880378,0.6055915050880378,,,,1.0
23,water_dipole,137,1.0000001192092896,0.0,0.6055915050880378,0.6055915050880378,,,,1.0
23,water_dipole,138,1.0000001192092896,0.0,0.6055915050880378,0.6055915050880378,,,,1.0
23,water_dipole,139,1.0000001192092896,0.0,0.6055915050880378,0.6055915050880378,,,,1.0
23,water_dipole,140,1.0000001192092896,0.0,0.6055915050880378,0.6055915050880378,,,,1.0
23,water_dipole,141,1.0000001192092896,0.0,0.6055915050880378,0.6055915050880378,,,,1.0
23,water_dipole,142,1.0000001192092896,0.0,0.6055915050880378,0.6055915050880378,,,,1.0
23,water_dipole,143,1.0000001192092896,0.0,0.6055915050880378,0.6055915050880378,,,,1.0
23,water_dipole,144,1.0000001192092896,0.0,0.6055915050880378,0.6055915050880378,,,,1.0
23,water_dipole,145,1.0000001192092896,0.0,0.6055915050880378,0.6055915050880378,,,,1.0
23,water_dipole,146,1.0000001192092896,0.0,0.6055915050880378,0.6055915050880378,,,,1.0
23,water_dipole,147,1.0000001192092896,0.0,0.6055915050880378,0.6055915050880378,,,,1.0
23,water_dipole,148,1.0000001192092896,0.0,0.6055915050880378,0.6055915050880378,,,,1.0
23,water_dipole,149,1.0000001192092896,0.0,0.6055915050880378,0.6055915050880378,,,,1.0
23,water_dipole,150,1.0000001192092896,0.0,0.6055915050880378,0.6055915050880378,,,,1.0
23,water_dipole,151,1.0000001192092896,0.0,0.6055915050880378,0.6055915050880378,,,,1.0
23,water_dipole,152,1.0000001192092896,0.0,0.6055915050880378,0.6055915050880378,,,,1.0
23,water_dipole,153,1.0000001192092896,0.0,0.6055915050880378,0.6055915050880378,,,,1.0
23,water_dipole,154,1.0000001192092896,0.0,0.6055915050880378,0.6055915050880378,,,,1.0
23,water_dipole,155,1.0000001192092896,0.0,0.6055915050880378,0.6055915050880378,,,,1.0
23,water_dipole,156,1.0000001192092896,0.0,0.6055915050880378,0.6055915050880378,,,,1.0
23,water_dipole,157,1.0000001192092896,0.0,0.6055915050880378,0.6055915050880378,,,,1.0
23,water_dipole,158,1.0000001192092896,0.0,0.6055915050880378,0.6055915050880378,,,,1.0
23,water_dipole,159,1.0000001192092896,0.0,0.6055915050880378,0.6055915050880378,,,,1.0
23,water_dipole,160,1.0000001192092896,0.0,0.6055915050880378,0.6055915050880378,,,,1.0
23,water_dipole,161,1.0000001192092896,0.0,0.6055915050880378,0.6055915050880378,,,,1.0
23,water_dipole,162,1.0000001192092896,0.0,0.6055915050880378,0.6055915050880378,,,,1.0
23,water_dipole,163,1.0000001192092896,0.0,0.6055915050880378,0.6055915050880378,,,,1.0
23,water_dipole,164,1.0000001192092896,0.0,0.6055915050880378,0.6055915050880378,,,,1.0
23,water_dipole,165,1.0000001192092896,0.0,0.6055915050880378,0.6055915050880378,,,,1.0
23,water_dipole,166,1.0000001192092896,0.0,0.6055915050880378,0.6055915050880378,,,,1.0
23,water_dipole,167,1.0000001192092896,0.0,0.6055915050880378,0.6055915050880378,,,,1.0
23,water_dipole,168,1.0000001192092896,0.0,0.6055915050880378,0.6055915050880378,,,,1.0
23,water_dipole,169,1.0000001192092896,0.0,0.6055915050880378,0.6055915050880378,,,,1.0
23,water_dipole,170,1.0000001192092896,0.0,0.6055915050880378,0.6055915050880378,,,,1.0
23,water_dipole,171,1.0000001192092896,0.0,0.6055915050880378,0.6055915050880378,,,,1.0
23,water_dipole,172,1.0000001192092896,0.0,0.6055915050880378,0.6055915050880378,,,,1.0
23,water_dipole,173,1.0000001192092896,0.0,0.6055915050880378,0.6055915050880378,,,,1.0
23,water_dipole,174,1.0000001192092896,0.0,0.6055915050880378,0.6055915050880378,,,,1.0
23,water_dipole,175,1.0000001192092896,0.0,0.6055915050880378,0.6055915050880378,,,,1.0
23,water_dipole,176,1.0000001192092896,0.0,0.6055915050880378,0.6055915050880378,,,,1.0
23,water_dipole,177,1.0000001192092896,0.0,0.6055915050880378,0.6055915050880378,,,,1.0
23,water_dipole,178,1.0000001192092896,0.0,0.6055915050880378,0.6055915050880378,,,,1.0
23,water_dipole,179,1.0000001192092896,0.0,0.6055915050880378,0.6055915050880378,,,,1.0
23,water_dipole,180,1.0000001192092896,0.0,0.6055915050880378,0.6055915050880378,,,,1.0
23,water_dipole,181,1.0000001192092896,0.0,0.6055915050880378,0.6055915050880378,,,,1.0
23,water_dipole,182,1.0000001192092896,0.0,0.6055915050880378,0.6055915050880378,,,,1.0
23,water_dipole,183,1.0000001192092896,0.0,0.6055915050880378,0.6055915050880378,,,,1.0
23,water_dipole,184,1.0000001192092896,0.0,0.6055915050880378,0.6055915050880378,,,,1.0
23,water_dipole,185,1.0000001192092896,0.0,0.6055915050880378,0.6055915050880378,,,,1.0
23,water_dipole,186,1.0000001192092896,0.0,0.6055915050880378,0.6055915050880378,,,,1.0
23,water_dipole,187,1.0000001192092896,0.0,0.6055915050880378,0.6055915050880378,,,,1.0
23,water_dipole,188,1.0000001192092896,0.0,0.6055915050880378,0.6055915050880378,,,,1.0
23,water_dipole,189,1.0000001192092896,0.0,0.6055915050880378,0.6055915050880378,,,,1.0
23,water_dipole,190,1.0000001192092896,0.0,0.6055915050880378,0.6055915050880378,,,,1.0
23,water_dipole,191,1.0000001192092896,0.0,0.6055915050880378,0.6055915050880378,,,,1.0
23,water_dipole,192,1.0000001192092896,0.0,0.6055915050880378,0.6055915050880378,,,,1.0
23,water_dipole,193,1.0000001192092896,0.0,0.6055915050880378,0.6055915050880378,,,,1.0
23,water_dipole,194,1.0000001192092896,0.0,0.6055915050880378,0.6055915050880378,,,,1.0
23,water_dipole,195,1.0000001192092896,0.0,0.6055915050880378,0.6055915050880378,,,,1.0
23,water_dipole,196,1.0000001192092896,0.0,0.6055915050880378,0.6055915050880378,,,,1.0
23,water_dipole,197,1.0000001192092896,0.0,0.6055915050880378,0.6055915050880378,,,,1.0
23,water_dipole,198,1.0000001192092896,0.0,0.6055915050880378,0.6055915050880378,,,,1.0
23,water_dipole,199,1.0000001192092896,0.0,0.6055915050880378,0.6055915050880378,,,,1.0
23,water_dipole,200,1.0000001192092896,0.0,0.6055915050880378,0.6055915050880378,,,,1.0
23,water_dipole,201,1.0000001192092896,0.0,0.6055915050880378,0.6055915050880378,,,,1.0
23,water_dipole,202,1.0000001192092896,0.0,0.6055915050880378,0.6055915050880378,,,,1.0
23,water_dipole,203,1.0000001192092896,0.0,0.6055915050880378,0.6055915050880378,,,,1.0
23,water_dipole,204,1.0000001192092896,0.0,0.6055915050880378,0.6055915050880378,,,,1.0
23,water_dipole,205,1.0000001192092896,0.0,0.6055915050880378,0.6055915050880378,,,,1.0
23,water_dipole,206,1.0000001192092896,0.0,0.6055915050880378,0.6055915050880378,,,,1.0
23,water_dipole,207,1.0000001192092896,0.0,0.6055915050880378,0.6055915050880378,,,,1.0
23,water_dipole,208,1.0000001192092896,0.0,0.6055915050880378,0.6055915050880378,,,,1.0
23,water_dipole,209,1.0000001192092896,0.0,0.6055915050880378,0.6055915050880378,,,,1.0
23,water_dipole,210,1.0000001192092896,0.0,0.6055915050880378,0.6055915050880378,,,,1.0
23,water_dipole,211,1.0000001192092896,0.0,0.6055915050880378,0.6055915050880378,,,,1.0
23,water_dipole,212,1.0000001192092896,0.0,0.6055915050880378,0.6055915050880378,,,,1.0
23,water_dipole,213,1.0000001192092896,0.0,0.6055915050880378,0.6055915050880378,,,,1.0
23,water_dipole,214,1.0000001192092896,0.0,0.6055915050880378,0.6055915050880378,,,,1.0
23,water_dipole,215,1.0000001192092896,0.0,0.6055915050880378,0.6055915050880378,,,,1.0
23,water_dipole,216,1.0000001192092896,0.0,0.6055915050880378,0.6055915050880378,,,,1.0
23,water_dipole,217,1.0000001192092896,0.0,0.6055915050880378,0.6055915050880378,,,,1.0
23,water_dipole,218,1.0000001192092896,0.0,0.6055915050880378,0.6055915050880378,,,,1.0
23,water_dipole,219,1.0000001192092896,0.0,0.6055915050880378,0.6055915050880378,,,,1.0
23,water_dipole,220,1.0000001192092896,0.0,0.6055915050880378,0.6055915050880378,,,,1.0
23,water_dipole,221,1.0000001192092896,0.0,0.6055915050880378,0.6055915050880378,,,,1.0
23,water_dipole,222,1.0000001192092896,0.0,0.6055915050880378,0.6055915050880378,,,,1.0
23,water_dipole,223,1.0000001192092896,0.0,0.6055915050880378,0.6055915050880378,,,,1.0
23,water_dipole,224,1.0000001192092896,0.0,0.6055915050880378,0.6055915050880378,,,,1.0
23,water_dipole,225,1.0000001192092896,0.0,0.6055915050880378,0.6055915050880378,,,,1.0
23,water_dipole,226,1.0000001192092896,0.0,0.6055915050880378,0.6055915050880378,,,,1.0
23,water_dipole,227,1.0000001192092896,0.0,0.6055915050880378,0.6055915050880378,,,,1.0
23,water_dipole,228,1.0000001192092896,0.0,0.6055915050880378,0.6055915050880378,,,,1.0
23,water_dipole,229,1.0000001192092896,0.0,0.6055915050880378,0.6055915050880378,,,,1.0
23,water_dipole,230,1.0000001192092896,0.0,0.6055915050880378,0.6055915050880378,,,,1.0
23,water_dipole,231,1.0000001192092896,0.0,0.6055915050880378,0.6055915050880378,,,,1.0
23,water_dipole,232,1.0000001192092896,0.0,0.6055915050880378,0.6055915050880378,,,,1.0
23,water_dipole,233,1.0000001192092896,0.0,0.6055915050880378,0.6055915050880378,,,,1.0
23,water_dipole,234,1.0000001192092896,0.0,0.6055915050880378,0.6055915050880378,,,,1.0
23,water_dipole,235,1.0000001192092896,0.0,0.6055915050880378,0.6055915050880378,,,,1.0
23,water_dipole,236,1.0000001192092896,0.0,0.6055915050880378,0.6055915050880378,,,,1.0
23,water_dipole,237,1.0000001192092896,0.0,0.6055915050880378,0.6055915050880378,,,,1.0
23,water_dipole,238,1.0000001192092896,0.0,0.6055915050880378,0.6055915050880378,,,,1.0
23,water_dipole,239,1.0000001192092896,0.0,0.6055915050880378,0.6055915050880378,,,,1.0
23,water_dipole,240,1.0000001192092896,0.0,0.6055915050880378,0.6055915050880378,,,,1.0
23,water_dipole,241,1.0000001192092896,0.0,0.6055915050880378,0.6055915050880378,,,,1.0
23,water_dipole,242,1.0000001192092896,0.0,0.6055915050880378,0.6055915050880378,,,,1.0
23,water_dipole,243,1.0000001192092896,0.0,0.6055915050880378,0.6055915050880378,,,,1.0
23,water_dipole,244,1.0000001192092896,0.0,0.6055915050880378,0.6055915050880378,,,,1.0
23,water_dipole,245,1.0000001192092896,0.0,0.6055915050880378,0.6055915050880378,,,,1.0
23,water_dipole,246,1.0000001192092896,0.0,0.6055915050880378,0.6055915050880378,,,,1.0
23,water_dipole,247,1.0000001192092896,0.0,0.6055915050880378,0.6055915050880378,,,,1.0
23,water_dipole,248,1.0000001192092896,0.0,0.6055915050880378,0.6055915050880378,,,,1.0
23,water_dipole,249,1.0000001192092896,0.0,0.6055915050880378,0.6055915050880378,,,,1.0
23,acetone_gsolv_eV,0,0.9999998807907104,0.0,0.6278739048683009,0.6278739048683009,,,,1.0
23,acetone_gsolv_eV,1,0.9999998807907104,0.0,0.6278739048683009,0.6278739048683009,,,,1.0
23,acetone_gsolv_eV,2,0.9999998807907104,0.0,0.6278739048683009,0.6278739048683009,,,,1.0
23,acetone_gsolv_eV,3,0.9999998807907104,0.0,0.6278739048683009,0.6278739048683009,,,,1.0
23,acetone_gsolv_eV,4,0.9999998807907104,0.0,0.6278739048683009,0.6278739048683009,,,,1.0
23,acetone_gsolv_eV,5,0.9999998807907104,0.0,0.6278739048683009,0.6278739048683009,,,,1.0
23,acetone_gsolv_eV,6,0.9999998807907104,0.0,0.6278739048683009,0.6278739048683009,,,,1.0
23,acetone_gsolv_eV,7,0.9999998807907104,0.0,0.6278739048683009,0.6278739048683009,,,,1.0
23,acetone_gsolv_eV,8,0.9999998807907104,0.0,0.6278739048683009,0.6278739048683009,,,,1.0
23,acetone_gsolv_eV,9,0.9999998807907104,0.0,0.6278739048683009,0.6278739048683009,,,,1.0
23,acetone_gsolv_eV,10,0.9999998807907104,0.0,0.6278739048683009,0.6278739048683009,,,,1.0
23,acetone_gsolv_eV,11,0.9999998807907104,0.0,0.6278739048683009,0.6278739048683009,,,,1.0
23,acetone_gsolv_eV,12,0.9999998807907104,0.0,0.6278739048683009,0.6278739048683009,,,,1.0
23,acetone_gsolv_eV,13,0.9999998807907104,0.0,0.6278739048683009,0.6278739048683009,,,,1.0
23,acetone_gsolv_eV,14,0.9999998807907104,0.0,0.6278739048683009,0.6278739048683009,,,,1.0
23,acetone_gsolv_eV,15,0.9999998807907104,0.0,0.6278739048683009,0.6278739048683009,,,,1.0
23,acetone_gsolv_eV,16,0.9999998807907104,0.0,0.6278739048683009,0.6278739048683009,,,,1.0
23,acetone_gsolv_eV,17,0.9999998807907104,0.0,0.6278739048683009,0.6278739048683009,,,,1.0
23,acetone_gsolv_eV,18,0.9999998807907104,0.0,0.6278739048683009,0.6278739048683009,,,,1.0
23,acetone_gsolv_eV,19,0.9999998807907104,0.0,0.6278739048683009,0.6278739048683009,,,,1.0
23,acetone_gsolv_eV,20,0.9999998807907104,0.0,0.6278739048683009,0.6278739048683009,,,,1.0
23,acetone_gsolv_eV,21,0.9999998807907104,0.0,0.6278739048683009,0.6278739048683009,,,,1.0
23,acetone_gsolv_eV,22,0.9999998807907104,0.0,0.6278739048683009,0.6278739048683009,,,,1.0
23,acetone_gsolv_eV,23,0.9999998807907104,0.0,0.6278739048683009,0.6278739048683009,,,,1.0
23,acetone_gsolv_eV,24,0.9999998807907104,0.0,0.6278739048683009,0.6278739048683009,,,,1.0
23,acetone_gsolv_eV,25,0.9999998807907104,0.0,0.6278739048683009,0.6278739048683009,,,,1.0
23,acetone_gsolv_eV,26,0.9999998807907104,0.0,0.6278739048683009,0.6278739048683009,,,,1.0
23,acetone_gsolv_eV,27,0.9999998807907104,0.0,0.6278739048683009,0.6278739048683009,,,,1.0
23,acetone_gsolv_eV,28,0.9999998807907104,0.0,0.6278739048683009,0.6278739048683009,,,,1.0
23,acetone_gsolv_eV,29,0.9999998807907104,0.0,0.6278739048683009,0.6278739048683009,,,,1.0
23,acetone_gsolv_eV,30,0.9999998807907104,0.0,0.6278739048683009,0.6278739048683009,,,,1.0
23,acetone_gsolv_eV,31,0.9999998807907104,0.0,0.6278739048683009,0.6278739048683009,,,,1.0
23,acetone_gsolv_eV,32,0.9999998807907104,0.0,0.6278739048683009,0.6278739048683009,,,,1.0
23,acetone_gsolv_eV,33,0.9999998807907104,0.0,0.6278739048683009,0.6278739048683009,,,,1.0
23,acetone_gsolv_eV,34,0.9999998807907104,0.0,0.6278739048683009,0.6278739048683009,,,,1.0
23,acetone_gsolv_eV,35,0.9999998807907104,0.0,0.6278739048683009,0.6278739048683009,,,,1.0
23,acetone_gsolv_eV,36,0.9999998807907104,0.0,0.6278739048683009,0.6278739048683009,,,,1.0
23,acetone_gsolv_eV,37,0.9999998807907104,0.0,0.6278739048683009,0.6278739048683009,,,,1.0
23,acetone_gsolv_eV,38,0.9999998807907104,0.0,0.6278739048683009,0.6278739048683009,,,,1.0
23,acetone_gsolv_eV,39,0.9999998807907104,0.0,0.6278739048683009,0.6278739048683009,,,,1.0
23,acetone_gsolv_eV,40,0.9999998807907104,0.0,0.6278739048683009,0.6278739048683009,,,,1.0
23,acetone_gsolv_eV,41,0.9999998807907104,0.0,0.6278739048683009,0.6278739048683009,,,,1.0
23,acetone_gsolv_eV,42,0.9999998807907104,0.0,0.6278739048683009,0.6278739048683009,,,,1.0
23,acetone_gsolv_eV,43,0.9999998807907104,0.0,0.6278739048683009,0.6278739048683009,,,,1.0
23,acetone_gsolv_eV,44,0.9999998807907104,0.0,0.6278739048683009,0.6278739048683009,,,,1.0
23,acetone_gsolv_eV,45,0.9999998807907104,0.0,0.6278739048683009,0.6278739048683009,,,,1.0
23,acetone_gsolv_eV,46,0.9999998807907104,0.0,0.6278739048683009,0.6278739048683009,,,,1.0
23,acetone_gsolv_eV,47,0.9999998807907104,0.0,0.6278739048683009,0.6278739048683009,,,,1.0
23,acetone_gsolv_eV,48,0.9999998807907104,0.0,0.6278739048683009,0.6278739048683009,,,,1.0
23,acetone_gsolv_eV,49,0.9999998807907104,0.0,0.6278739048683009,0.6278739048683009,,,,1.0
23,acetone_gsolv_eV,50,0.9999998807907104,0.0,0.6278739048683009,0.6278739048683009,,,,1.0
23,acetone_gsolv_eV,51,0.9999998807907104,0.0,0.6278739048683009,0.6278739048683009,,,,1.0
23,acetone_gsolv_eV,52,0.9999998807907104,0.0,0.6278739048683009,0.6278739048683009,,,,1.0
23,acetone_gsolv_eV,53,0.9999998807907104,0.0,0.6278739048683009,0.6278739048683009,,,,1.0
23,acetone_gsolv_eV,54,0.9999998807907104,0.0,0.6278739048683009,0.6278739048683009,,,,1.0
23,acetone_gsolv_eV,55,0.9999998807907104,0.0,0.6278739048683009,0.6278739048683009,,,,1.0
23,acetone_gsolv_eV,56,0.9999998807907104,0.0,0.6278739048683009,0.6278739048683009,,,,1.0
23,acetone_gsolv_eV,57,0.9999998807907104,0.0,0.6278739048683009,0.6278739048683009,,,,1.0
23,acetone_gsolv_eV,58,0.9999998807907104,0.0,0.6278739048683009,0.6278739048683009,,,,1.0
23,acetone_gsolv_eV,59,0.9999998807907104,0.0,0.6278739048683009,0.6278739048683009,,,,1.0
23,acetone_gsolv_eV,60,0.9999998807907104,0.0,0.6278739048683009,0.6278739048683009,,,,1.0
23,acetone_gsolv_eV,61,0.9999998807907104,0.0,0.6278739048683009,0.6278739048683009,,,,1.0
23,acetone_gsolv_eV,62,0.9999998807907104,0.0,0.6278739048683009,0.6278739048683009,,,,1.0
23,acetone_gsolv_eV,63,0.9999998807907104,0.0,0.6278739048683009,0.6278739048683009,,,,1.0
23,acetone_gsolv_eV,64,0.9999998807907104,0.0,0.6278739048683009,0.6278739048683009,,,,1.0
23,acetone_gsolv_eV,65,0.9999998807907104,0.0,0.6278739048683009,0.6278739048683009,,,,1.0
23,acetone_gsolv_eV,66,0.9999998807907104,0.0,0.6278739048683009,0.6278739048683009,,,,1.0
23,acetone_gsolv_eV,67,0.9999998807907104,0.0,0.6278739048683009,0.6278739048683009,,,,1.0
23,acetone_gsolv_eV,68,0.9999998807907104,0.0,0.6278739048683009,0.6278739048683009,,,,1.0
23,acetone_gsolv_eV,69,0.9999998807907104,0.0,0.6278739048683009,0.6278739048683009,,,,1.0
23,acetone_gsolv_eV,70,0.9999998807907104,0.0,0.6278739048683009,0.6278739048683009,,,,1.0
23,acetone_gsolv_eV,71,0.9999998807907104,0.0,0.6278739048683009,0.6278739048683009,,,,1.0
23,acetone_gsolv_eV,72,0.9999998807907104,0.0,0.6278739048683009,0.6278739048683009,,,,1.0
23,acetone_gsolv_eV,73,0.9999998807907104,0.0,0.6278739048683009,0.6278739048683009,,,,1.0
23,acetone_gsolv_eV,74,0.9999998807907104,0.0,0.6278739048683009,0.6278739048683009,,,,1.0
23,acetone_gsolv_eV,75,0.9999998807907104,0.0,0.6278739048683009,0.6278739048683009,,,,1.0
23,acetone_gsolv_eV,76,0.9999998807907104,0.0,0.6278739048683009,0.6278739048683009,,,,1.0
23,acetone_gsolv_eV,77,0.9999998807907104,0.0,0.6278739048683009,0.6278739048683009,,,,1.0
23,acetone_gsolv_eV,78,0.9999998807907104,0.0,0.6278739048683009,0.6278739048683009,,,,1.0
23,acetone_gsolv_eV,79,0.9999998807907104,0.0,0.6278739048683009,0.6278739048683009,,,,1.0
23,acetone_gsolv_eV,80,0.9999998807907104,0.0,0.6278739048683009,0.6278739048683009,,,,1.0
23,acetone_gsolv_eV,81,0.9999998807907104,0.0,0.6278739048683009,0.6278739048683009,,,,1.0
23,acetone_gsolv_eV,82,0.9999998807907104,0.0,0.6278739048683009,0.6278739048683009,,,,1.0
23,acetone_gsolv_eV,83,0.9999998807907104,0.0,0.6278739048683009,0.6278739048683009,,,,1.0
23,acetone_gsolv_eV,84,0.9999998807907104,0.0,0.6278739048683009,0.6278739048683009,,,,1.0
23,acetone_gsolv_eV,85,0.9999998807907104,0.0,0.6278739048683009,0.6278739048683009,,,,1.0
23,acetone_gsolv_eV,86,0.9999998807907104,0.0,0.6278739048683009,0.6278739048683009,,,,1.0
23,acetone_gsolv_eV,87,0.9999998807907104,0.0,0.6278739048683009,0.6278739048683009,,,,1.0
23,acetone_gsolv_eV,88,0.9999998807907104,0.0,0.6278739048683009,0.6278739048683009,,,,1.0
23,acetone_gsolv_eV,89,0.9999998807907104,0.0,0.6278739048683009,0.6278739048683009,,,,1.0
23,acetone_gsolv_eV,90,0.9999998807907104,0.0,0.6278739048683009,0.6278739048683009,,,,1.0
23,acetone_gsolv_eV,91,0.9999998807907104,0.0,0.6278739048683009,0.6278739048683009,,,,1.0
23,acetone_gsolv_eV,92,0.9999998807907104,0.0,0.6278739048683009,0.6278739048683009,,,,1.0
23,acetone_gsolv_eV,93,0.9999998807907104,0.0,0.6278739048683009,0.6278739048683009,,,,1.0
23,acetone_gsolv_eV,94,0.9999998807907104,0.0,0.6278739048683009,0.6278739048683009,,,,1.0
23,acetone_gsolv_eV,95,0.9999998807907104,0.0,0.6278739048683009,0.6278739048683009,,,,1.0
23,acetone_gsolv_eV,96,0.9999998807907104,0.0,0.6278739048683009,0.6278739048683009,,,,1.0
23,acetone_gsolv_eV,97,0.9999998807907104,0.0,0.6278739048683009,0.6278739048683009,,,,1.0
23,acetone_gsolv_eV,98,0.9999998807907104,0.0,0.6278739048683009,0.6278739048683009,,,,1.0
23,acetone_gsolv_eV,99,0.9999998807907104,0.0,0.6278739048683009,0.6278739048683009,,,,1.0
23,acetone_gsolv_eV,100,0.9999998807907104,0.0,0.6278739048683009,0.6278739048683009,,,,1.0
23,acetone_gsolv_eV,101,0.9999998807907104,0.0,0.6278739048683009,0.6278739048683009,,,,1.0
23,acetone_gsolv_eV,102,0.9999998807907104,0.0,0.6278739048683009,0.6278739048683009,,,,1.0
23,acetone_gsolv_eV,103,0.9999998807907104,0.0,0.6278739048683009,0.6278739048683009,,,,1.0
23,acetone_gsolv_eV,104,0.9999998807907104,0.0,0.6278739048683009,0.6278739048683009,,,,1.0
23,acetone_gsolv_eV,105,0.9999998807907104,0.0,0.6278739048683009,0.6278739048683009,,,,1.0
23,acetone_gsolv_eV,106,0.9999998807907104,0.0,0.6278739048683009,0.6278739048683009,,,,1.0
23,acetone_gsolv_eV,107,0.9999998807907104,0.0,0.6278739048683009,0.6278739048683009,,,,1.0
23,acetone_gsolv_eV,108,0.9999998807907104,0.0,0.6278739048683009,0.6278739048683009,,,,1.0
23,acetone_gsolv_eV,109,0.9999998807907104,0.0,0.6278739048683009,0.6278739048683009,,,,1.0
23,acetone_gsolv_eV,110,0.9999998807907104,0.0,0.6278739048683009,0.6278739048683009,,,,1.0
23,acetone_gsolv_eV,111,0.9999998807907104,0.0,0.6278739048683009,0.6278739048683009,,,,1.0
23,acetone_gsolv_eV,112,0.9999998807907104,0.0,0.6278739048683009,0.6278739048683009,,,,1.0
23,acetone_gsolv_eV,113,0.9999998807907104,0.0,0.6278739048683009,0.6278739048683009,,,,1.0
23,acetone_gsolv_eV,114,0.9999998807907104,0.0,0.6278739048683009,0.6278739048683009,,,,1.0
23,acetone_gsolv_eV,115,0.9999998807907104,0.0,0.6278739048683009,0.6278739048683009,,,,1.0
23,acetone_gsolv_eV,116,0.9999998807907104,0.0,0.6278739048683009,0.6278739048683009,,,,1.0
23,acetone_gsolv_eV,117,0.9999998807907104,0.0,0.6278739048683009,0.6278739048683009,,,,1.0
23,acetone_gsolv_eV,118,0.9999998807907104,0.0,0.6278739048683009,0.6278739048683009,,,,1.0
23,acetone_gsolv_eV,119,0.9999998807907104,0.0,0.6278739048683009,0.6278739048683009,,,,1.0
23,acetone_gsolv_eV,120,0.9999998807907104,0.0,0.6278739048683009,0.6278739048683009,,,,1.0
23,acetone_gsolv_eV,121,0.9999998807907104,0.0,0.6278739048683009,0.6278739048683009,,,,1.0
23,acetone_gsolv_eV,122,0.9999998807907104,0.0,0.6278739048683009,0.6278739048683009,,,,1.0
23,acetone_gsolv_eV,123,0.9999998807907104,0.0,0.6278739048683009,0.6278739048683009,,,,1.0
23,acetone_gsolv_eV,124,0.9999998807907104,0.0,0.6278739048683009,0.6278739048683009,,,,1.0
23,acetone_gsolv_eV,125,0.9999998807907104,0.0,0.6278739048683009,0.6278739048683009,,,,1.0
23,acetone_gsolv_eV,126,0.9999998807907104,0.0,0.6278739048683009,0.6278739048683009,,,,1.0
23,acetone_gsolv_eV,127,0.9999998807907104,0.0,0.6278739048683009,0.6278739048683009,,,,1.0
23,acetone_gsolv_eV,128,0.9999998807907104,0.0,0.6278739048683009,0.6278739048683009,,,,1.0
23,acetone_gsolv_eV,129,0.9999998807907104,0.0,0.6278739048683009,0.6278739048683009,,,,1.0
23,acetone_gsolv_eV,130,0.9999998807907104,0.0,0.6278739048683009,0.6278739048683009,,,,1.0
23,acetone_gsolv_eV,131,0.9999998807907104,0.0,0.6278739048683009,0.6278739048683009,,,,1.0
23,acetone_gsolv_eV,132,0.9999998807907104,0.0,0.6278739048683009,0.6278739048683009,,,,1.0
23,acetone_gsolv_eV,133,0.9999998807907104,0.0,0.6278739048683009,0.6278739048683009,,,,1.0
23,acetone_gsolv_eV,134,0.9999998807907104,0.0,0.6278739048683009,0.6278739048683009,,,,1.0
23,acetone_gsolv_eV,135,0.9999998807907104,0.0,0.6278739048683009,0.6278739048683009,,,,1.0
23,acetone_gsolv_eV,136,0.9999998807907104,0.0,0.6278739048683009,0.6278739048683009,,,,1.0
23,acetone_gsolv_eV,137,0.9999998807907104,0.0,0.6278739048683009,0.6278739048683009,,,,1.0
23,acetone_gsolv_eV,138,0.9999998807907104,0.0,0.6278739048683009,0.6278739048683009,,,,1.0
23,acetone_gsolv_eV,139,0.9999998807907104,0.0,0.6278739048683009,0.6278739048683009,,,,1.0
23,acetone_gsolv_eV,140,0.9999998807907104,0.0,0.6278739048683009,0.6278739048683009,,,,1.0
23,acetone_gsolv_eV,141,0.9999998807907104,0.0,0.6278739048683009,0.6278739048683009,,,,1.0
23,acetone_gsolv_eV,142,0.9999998807907104,0.0,0.6278739048683009,0.6278739048683009,,,,1.0
23,acetone_gsolv_eV,143,0.9999998807907104,0.0,0.6278739048683009,0.6278739048683009,,,,1.0
23,acetone_gsolv_eV,144,0.9999998807907104,0.0,0.6278739048683009,0.6278739048683009,,,,1.0
23,acetone_gsolv_eV,145,0.9999998807907104,0.0,0.6278739048683009,0.6278739048683009,,,,1.0
23,acetone_gsolv_eV,146,0.9999998807907104,0.0,0.6278739048683009,0.6278739048683009,,,,1.0
23,acetone_gsolv_eV,147,0.9999998807907104,0.0,0.6278739048683009,0.6278739048683009,,,,1.0
23,acetone_gsolv_eV,148,0.9999998807907104,0.0,0.6278739048683009,0.6278739048683009,,,,1.0
23,acetone_gsolv_eV,149,0.9999998807907104,0.0,0.6278739048683009,0.6278739048683009,,,,1.0
23,acetone_gsolv_eV,150,0.9999998807907104,0.0,0.6278739048683009,0.6278739048683009,,,,1.0
23,acetone_gsolv_eV,151,0.9999998807907104,0.0,0.6278739048683009,0.6278739048683009,,,,1.0
23,acetone_gsolv_eV,152,0.9999998807907104,0.0,0.6278739048683009,0.6278739048683009,,,,1.0
23,acetone_gsolv_eV,153,0.9999998807907104,0.0,0.6278739048683009,0.6278739048683009,,,,1.0
23,acetone_gsolv_eV,154,0.9999998807907104,0.0,0.6278739048683009,0.6278739048683009,,,,1.0
23,acetone_gsolv_eV,155,0.9999998807907104,0.0,0.6278739048683009,0.6278739048683009,,,,1.0
23,acetone_gsolv_eV,156,0.9999998807907104,0.0,0.6278739048683009,0.6278739048683009,,,,1.0
23,acetone_gsolv_eV,157,0.9999998807907104,0.0,0.6278739048683009,0.6278739048683009,,,,1.0
23,acetone_gsolv_eV,158,0.9999998807907104,0.0,0.6278739048683009,0.6278739048683009,,,,1.0
23,acetone_gsolv_eV,159,0.9999998807907104,0.0,0.6278739048683009,0.6278739048683009,,,,1.0
23,acetone_gsolv_eV,160,0.9999998807907104,0.0,0.6278739048683009,0.6278739048683009,,,,1.0
23,acetone_gsolv_eV,161,0.9999998807907104,0.0,0.6278739048683009,0.6278739048683009,,,,1.0
23,acetone_gsolv_eV,162,0.9999998807907104,0.0,0.6278739048683009,0.6278739048683009,,,,1.0
23,acetone_gsolv_eV,163,0.9999998807907104,0.0,0.6278739048683009,0.6278739048683009,,,,1.0
23,acetone_gsolv_eV,164,0.9999998807907104,0.0,0.6278739048683009,0.6278739048683009,,,,1.0
23,acetone_gsolv_eV,165,0.9999998807907104,0.0,0.6278739048683009,0.6278739048683009,,,,1.0
23,acetone_gsolv_eV,166,0.9999998807907104,0.0,0.6278739048683009,0.6278739048683009,,,,1.0
23,acetone_gsolv_eV,167,0.9999998807907104,0.0,0.6278739048683009,0.6278739048683009,,,,1.0
23,acetone_gsolv_eV,168,0.9999998807907104,0.0,0.6278739048683009,0.6278739048683009,,,,1.0
23,acetone_gsolv_eV,169,0.9999998807907104,0.0,0.6278739048683009,0.6278739048683009,,,,1.0
23,acetone_gsolv_eV,170,0.9999998807907104,0.0,0.6278739048683009,0.6278739048683009,,,,1.0
23,acetone_gsolv_eV,171,0.9999998807907104,0.0,0.6278739048683009,0.6278739048683009,,,,1.0
23,acetone_gsolv_eV,172,0.9999998807907104,0.0,0.6278739048683009,0.6278739048683009,,,,1.0
23,acetone_gsolv_eV,173,0.9999998807907104,0.0,0.6278739048683009,0.6278739048683009,,,,1.0
23,acetone_gsolv_eV,174,0.9999998807907104,0.0,0.6278739048683009,0.6278739048683009,,,,1.0
23,acetone_gsolv_eV,175,0.9999998807907104,0.0,0.6278739048683009,0.6278739048683009,,,,1.0
23,acetone_gsolv_eV,176,0.9999998807907104,0.0,0.6278739048683009,0.6278739048683009,,,,1.0
23,acetone_gsolv_eV,177,0.9999998807907104,0.0,0.6278739048683009,0.6278739048683009,,,,1.0
23,acetone_gsolv_eV,178,0.9999998807907104,0.0,0.6278739048683009,0.6278739048683009,,,,1.0
23,acetone_gsolv_eV,179,0.9999998807907104,0.0,0.6278739048683009,0.6278739048683009,,,,1.0
23,acetone_gsolv_eV,180,0.9999998807907104,0.0,0.6278739048683009,0.6278739048683009,,,,1.0
23,acetone_gsolv_eV,181,0.9999998807907104,0.0,0.6278739048683009,0.6278739048683009,,,,1.0
23,acetone_gsolv_eV,182,0.9999998807907104,0.0,0.6278739048683009,0.6278739048683009,,,,1.0
23,acetone_gsolv_eV,183,0.9999998807907104,0.0,0.6278739048683009,0.6278739048683009,,,,1.0
23,acetone_gsolv_eV,184,0.9999998807907104,0.0,0.6278739048683009,0.6278739048683009,,,,1.0
23,acetone_gsolv_eV,185,0.9999998807907104,0.0,0.6278739048683009,0.6278739048683009,,,,1.0
23,acetone_gsolv_eV,186,0.9999998807907104,0.0,0.6278739048683009,0.6278739048683009,,,,1.0
23,acetone_gsolv_eV,187,0.9999998807907104,0.0,0.6278739048683009,0.6278739048683009,,,,1.0
23,acetone_gsolv_eV,188,0.9999998807907104,0.0,0.6278739048683009,0.6278739048683009,,,,1.0
23,acetone_gsolv_eV,189,0.9999998807907104,0.0,0.6278739048683009,0.6278739048683009,,,,1.0
23,acetone_gsolv_eV,190,0.9999998807907104,0.0,0.6278739048683009,0.6278739048683009,,,,1.0
23,acetone_gsolv_eV,191,0.9999998807907104,0.0,0.6278739048683009,0.6278739048683009,,,,1.0
23,acetone_gsolv_eV,192,0.9999998807907104,0.0,0.6278739048683009,0.6278739048683009,,,,1.0
23,acetone_gsolv_eV,193,0.9999998807907104,0.0,0.6278739048683009,0.6278739048683009,,,,1.0
23,acetone_gsolv_eV,194,0.9999998807907104,0.0,0.6278739048683009,0.6278739048683009,,,,1.0
23,acetone_gsolv_eV,195,0.9999998807907104,0.0,0.6278739048683009,0.6278739048683009,,,,1.0
23,acetone_gsolv_eV,196,0.9999998807907104,0.0,0.6278739048683009,0.6278739048683009,,,,1.0
23,acetone_gsolv_eV,197,0.9999998807907104,0.0,0.6278739048683009,0.6278739048683009,,,,1.0
23,acetone_gsolv_eV,198,0.9999998807907104,0.0,0.6278739048683009,0.6278739048683009,,,,1.0
23,acetone_gsolv_eV,199,0.9999998807907104,0.0,0.6278739048683009,0.6278739048683009,,,,1.0
23,acetone_gsolv_eV,200,0.9999998807907104,0.0,0.6278739048683009,0.6278739048683009,,,,1.0
23,acetone_gsolv_eV,201,0.9999998807907104,0.0,0.6278739048683009,0.6278739048683009,,,,1.0
23,acetone_gsolv_eV,202,0.9999998807907104,0.0,0.6278739048683009,0.6278739048683009,,,,1.0
23,acetone_gsolv_eV,203,0.9999998807907104,0.0,0.6278739048683009,0.6278739048683009,,,,1.0
23,acetone_gsolv_eV,204,0.9999998807907104,0.0,0.6278739048683009,0.6278739048683009,,,,1.0
23,acetone_gsolv_eV,205,0.9999998807907104,0.0,0.6278739048683009,0.6278739048683009,,,,1.0
23,acetone_gsolv_eV,206,0.9999998807907104,0.0,0.6278739048683009,0.6278739048683009,,,,1.0
23,acetone_gsolv_eV,207,0.9999998807907104,0.0,0.6278739048683009,0.6278739048683009,,,,1.0
23,acetone_gsolv_eV,208,0.9999998807907104,0.0,0.6278739048683009,0.6278739048683009,,,,1.0
23,acetone_gsolv_eV,209,0.9999998807907104,0.0,0.6278739048683009,0.6278739048683009,,,,1.0
23,acetone_gsolv_eV,210,0.9999998807907104,0.0,0.6278739048683009,0.6278739048683009,,,,1.0
23,acetone_gsolv_eV,211,0.9999998807907104,0.0,0.6278739048683009,0.6278739048683009,,,,1.0
23,acetone_gsolv_eV,212,0.9999998807907104,0.0,0.6278739048683009,0.6278739048683009,,,,1.0
23,acetone_gsolv_eV,213,0.9999998807907104,0.0,0.6278739048683009,0.6278739048683009,,,,1.0
23,acetone_gsolv_eV,214,0.9999998807907104,0.0,0.6278739048683009,0.6278739048683009,,,,1.0
23,acetone_gsolv_eV,215,0.9999998807907104,0.0,0.6278739048683009,0.6278739048683009,,,,1.0
23,acetone_gsolv_eV,216,0.9999998807907104,0.0,0.6278739048683009,0.6278739048683009,,,,1.0
23,acetone_gsolv_eV,217,0.9999998807907104,0.0,0.6278739048683009,0.6278739048683009,,,,1.0
23,acetone_gsolv_eV,218,0.9999998807907104,0.0,0.6278739048683009,0.6278739048683009,,,,1.0
23,acetone_gsolv_eV,219,0.9999998807907104,0.0,0.6278739048683009,0.6278739048683009,,,,1.0
23,acetone_gsolv_eV,220,0.9999998807907104,0.0,0.6278739048683009,0.6278739048683009,,,,1.0
23,acetone_gsolv_eV,221,0.9999998807907104,0.0,0.6278739048683009,0.6278739048683009,,,,1.0
23,acetone_gsolv_eV,222,0.9999998807907104,0.0,0.6278739048683009,0.6278739048683009,,,,1.0
23,acetone_gsolv_eV,223,0.9999998807907104,0.0,0.6278739048683009,0.6278739048683009,,,,1.0
23,acetone_gsolv_eV,224,0.9999998807907104,0.0,0.6278739048683009,0.6278739048683009,,,,1.0
23,acetone_gsolv_eV,225,0.9999998807907104,0.0,0.6278739048683009,0.6278739048683009,,,,1.0
23,acetone_gsolv_eV,226,0.9999998807907104,0.0,0.6278739048683009,0.6278739048683009,,,,1.0
23,acetone_gsolv_eV,227,0.9999998807907104,0.0,0.6278739048683009,0.6278739048683009,,,,1.0
23,acetone_gsolv_eV,228,0.9999998807907104,0.0,0.6278739048683009,0.6278739048683009,,,,1.0
23,acetone_gsolv_eV,229,0.9999998807907104,0.0,0.6278739048683009,0.6278739048683009,,,,1.0
23,acetone_gsolv_eV,230,0.9999998807907104,0.0,0.6278739048683009,0.6278739048683009,,,,1.0
23,acetone_gsolv_eV,231,0.9999998807907104,0.0,0.6278739048683009,0.6278739048683009,,,,1.0
23,acetone_gsolv_eV,232,0.9999998807907104,0.0,0.6278739048683009,0.6278739048683009,,,,1.0
23,acetone_gsolv_eV,233,0.9999998807907104,0.0,0.6278739048683009,0.6278739048683009,,,,1.0
23,acetone_gsolv_eV,234,0.9999998807907104,0.0,0.6278739048683009,0.6278739048683009,,,,1.0
23,acetone_gsolv_eV,235,0.9999998807907104,0.0,0.6278739048683009,0.6278739048683009,,,,1.0
23,acetone_gsolv_eV,236,0.9999998807907104,0.0,0.6278739048683009,0.6278739048683009,,,,1.0
23,acetone_gsolv_eV,237,0.9999998807907104,0.0,0.6278739048683009,0.6278739048683009,,,,1.0
23,acetone_gsolv_eV,238,0.9999998807907104,0.0,0.6278739048683009,0.6278739048683009,,,,1.0
23,acetone_gsolv_eV,239,0.9999998807907104,0.0,0.6278739048683009,0.6278739048683009,,,,1.0
23,acetone_gsolv_eV,240,0.9999998807907104,0.0,0.6278739048683009,0.6278739048683009,,,,1.0
23,acetone_gsolv_eV,241,0.9999998807907104,0.0,0.6278739048683009,0.6278739048683009,,,,1.0
23,acetone_gsolv_eV,242,0.9999998807907104,0.0,0.6278739048683009,0.6278739048683009,,,,1.0
23,acetone_gsolv_eV,243,0.9999998807907104,0.0,0.6278739048683009,0.6278739048683009,,,,1.0
23,acetone_gsolv_eV,244,0.9999998807907104,0.0,0.6278739048683009,0.6278739048683009,,,,1.0
23,acetone_gsolv_eV,245,0.9999998807907104,0.0,0.6278739048683009,0.6278739048683009,,,,1.0
23,acetone_gsolv_eV,246,0.9999998807907104,0.0,0.6278739048683009,0.6278739048683009,,,,1.0
23,acetone_gsolv_eV,247,0.9999998807907104,0.0,0.6278739048683009,0.6278739048683009,,,,1.0
23,acetone_gsolv_eV,248,0.9999998807907104,0.0,0.6278739048683009,0.6278739048683009,,,,1.0
23,acetone_gsolv_eV,249,0.9999998807907104,0.0,0.6278739048683009,0.6278739048683009,,,,1.0
23,acetone_hl_gap_eV,0,1.0,0.0,0.6722915137140177,0.6722915137140177,,,,1.0
23,acetone_hl_gap_eV,1,1.0,0.0,0.6722915137140177,0.6722915137140177,,,,1.0
23,acetone_hl_gap_eV,2,1.0,0.0,0.6722915137140177,0.6722915137140177,,,,1.0
23,acetone_hl_gap_eV,3,1.0,0.0,0.6722915137140177,0.6722915137140177,,,,1.0
23,acetone_hl_gap_eV,4,1.0,0.0,0.6722915137140177,0.6722915137140177,,,,1.0
23,acetone_hl_gap_eV,5,1.0,0.0,0.6722915137140177,0.6722915137140177,,,,1.0
23,acetone_hl_gap_eV,6,1.0,0.0,0.6722915137140177,0.6722915137140177,,,,1.0
23,acetone_hl_gap_eV,7,1.0,0.0,0.6722915137140177,0.6722915137140177,,,,1.0
23,acetone_hl_gap_eV,8,1.0,0.0,0.6722915137140177,0.6722915137140177,,,,1.0
23,acetone_hl_gap_eV,9,1.0,0.0,0.6722915137140177,0.6722915137140177,,,,1.0
23,acetone_hl_gap_eV,10,1.0,0.0,0.6722915137140177,0.6722915137140177,,,,1.0
23,acetone_hl_gap_eV,11,1.0,0.0,0.6722915137140177,0.6722915137140177,,,,1.0
23,acetone_hl_gap_eV,12,1.0,0.0,0.6722915137140177,0.6722915137140177,,,,1.0
23,acetone_hl_gap_eV,13,1.0,0.0,0.6722915137140177,0.6722915137140177,,,,1.0
23,acetone_hl_gap_eV,14,1.0,0.0,0.6722915137140177,0.6722915137140177,,,,1.0
23,acetone_hl_gap_eV,15,1.0,0.0,0.6722915137140177,0.6722915137140177,,,,1.0
23,acetone_hl_gap_eV,16,1.0,0.0,0.6722915137140177,0.6722915137140177,,,,1.0
23,acetone_hl_gap_eV,17,1.0,0.0,0.6722915137140177,0.6722915137140177,,,,1.0
23,acetone_hl_gap_eV,18,1.0,0.0,0.6722915137140177,0.6722915137140177,,,,1.0
23,acetone_hl_gap_eV,19,1.0,0.0,0.6722915137140177,0.6722915137140177,,,,1.0
23,acetone_hl_gap_eV,20,1.0,0.0,0.6722915137140177,0.6722915137140177,,,,1.0
23,acetone_hl_gap_eV,21,1.0,0.0,0.6722915137140177,0.6722915137140177,,,,1.0
23,acetone_hl_gap_eV,22,1.0,0.0,0.6722915137140177,0.6722915137140177,,,,1.0
23,acetone_hl_gap_eV,23,1.0,0.0,0.6722915137140177,0.6722915137140177,,,,1.0
23,acetone_hl_gap_eV,24,1.0,0.0,0.6722915137140177,0.6722915137140177,,,,1.0
23,acetone_hl_gap_eV,25,1.0,0.0,0.6722915137140177,0.6722915137140177,,,,1.0
23,acetone_hl_gap_eV,26,1.0,0.0,0.6722915137140177,0.6722915137140177,,,,1.0
23,acetone_hl_gap_eV,27,1.0,0.0,0.6722915137140177,0.6722915137140177,,,,1.0
23,acetone_hl_gap_eV,28,1.0,0.0,0.6722915137140177,0.6722915137140177,,,,1.0
23,acetone_hl_gap_eV,29,1.0,0.0,0.6722915137140177,0.6722915137140177,,,,1.0
23,acetone_hl_gap_eV,30,1.0,0.0,0.6722915137140177,0.6722915137140177,,,,1.0
23,acetone_hl_gap_eV,31,1.0,0.0,0.6722915137140177,0.6722915137140177,,,,1.0
23,acetone_hl_gap_eV,32,1.0,0.0,0.6722915137140177,0.6722915137140177,,,,1.0
23,acetone_hl_gap_eV,33,1.0,0.0,0.6722915137140177,0.6722915137140177,,,,1.0
23,acetone_hl_gap_eV,34,1.0,0.0,0.6722915137140177,0.6722915137140177,,,,1.0
23,acetone_hl_gap_eV,35,1.0,0.0,0.6722915137140177,0.6722915137140177,,,,1.0
23,acetone_hl_gap_eV,36,1.0,0.0,0.6722915137140177,0.6722915137140177,,,,1.0
23,acetone_hl_gap_eV,37,1.0,0.0,0.6722915137140177,0.6722915137140177,,,,1.0
23,acetone_hl_gap_eV,38,1.0,0.0,0.6722915137140177,0.6722915137140177,,,,1.0
23,acetone_hl_gap_eV,39,1.0,0.0,0.6722915137140177,0.6722915137140177,,,,1.0
23,acetone_hl_gap_eV,40,1.0,0.0,0.6722915137140177,0.6722915137140177,,,,1.0
23,acetone_hl_gap_eV,41,1.0,0.0,0.6722915137140177,0.6722915137140177,,,,1.0
23,acetone_hl_gap_eV,42,1.0,0.0,0.6722915137140177,0.6722915137140177,,,,1.0
23,acetone_hl_gap_eV,43,1.0,0.0,0.6722915137140177,0.6722915137140177,,,,1.0
23,acetone_hl_gap_eV,44,1.0,0.0,0.6722915137140177,0.6722915137140177,,,,1.0
23,acetone_hl_gap_eV,45,1.0,0.0,0.6722915137140177,0.6722915137140177,,,,1.0
23,acetone_hl_gap_eV,46,1.0,0.0,0.6722915137140177,0.6722915137140177,,,,1.0
23,acetone_hl_gap_eV,47,1.0,0.0,0.6722915137140177,0.6722915137140177,,,,1.0
23,acetone_hl_gap_eV,48,1.0,0.0,0.6722915137140177,0.6722915137140177,,,,1.0
23,acetone_hl_gap_eV,49,1.0,0.0,0.6722915137140177,0.6722915137140177,,,,1.0
23,acetone_hl_gap_eV,50,1.0,0.0,0.6722915137140177,0.6722915137140177,,,,1.0
23,acetone_hl_gap_eV,51,1.0,0.0,0.6722915137140177,0.6722915137140177,,,,1.0
23,acetone_hl_gap_eV,52,1.0,0.0,0.6722915137140177,0.6722915137140177,,,,1.0
23,acetone_hl_gap_eV,53,1.0,0.0,0.6722915137140177,0.6722915137140177,,,,1.0
23,acetone_hl_gap_eV,54,1.0,0.0,0.6722915137140177,0.6722915137140177,,,,1.0
23,acetone_hl_gap_eV,55,1.0,0.0,0.6722915137140177,0.6722915137140177,,,,1.0
23,acetone_hl_gap_eV,56,1.0,0.0,0.6722915137140177,0.6722915137140177,,,,1.0
23,acetone_hl_gap_eV,57,1.0,0.0,0.6722915137140177,0.6722915137140177,,,,1.0
23,acetone_hl_gap_eV,58,1.0,0.0,0.6722915137140177,0.6722915137140177,,,,1.0
23,acetone_hl_gap_eV,59,1.0,0.0,0.6722915137140177,0.6722915137140177,,,,1.0
23,acetone_hl_gap_eV,60,1.0,0.0,0.6722915137140177,0.6722915137140177,,,,1.0
23,acetone_hl_gap_eV,61,1.0,0.0,0.6722915137140177,0.6722915137140177,,,,1.0
23,acetone_hl_gap_eV,62,1.0,0.0,0.6722915137140177,0.6722915137140177,,,,1.0
23,acetone_hl_gap_eV,63,1.0,0.0,0.6722915137140177,0.6722915137140177,,,,1.0
23,acetone_hl_gap_eV,64,1.0,0.0,0.6722915137140177,0.6722915137140177,,,,1.0
23,acetone_hl_gap_eV,65,1.0,0.0,0.6722915137140177,0.6722915137140177,,,,1.0
23,acetone_hl_gap_eV,66,1.0,0.0,0.6722915137140177,0.6722915137140177,,,,1.0
23,acetone_hl_gap_eV,67,1.0,0.0,0.6722915137140177,0.6722915137140177,,,,1.0
23,acetone_hl_gap_eV,68,1.0,0.0,0.6722915137140177,0.6722915137140177,,,,1.0
23,acetone_hl_gap_eV,69,1.0,0.0,0.6722915137140177,0.6722915137140177,,,,1.0
23,acetone_hl_gap_eV,70,1.0,0.0,0.6722915137140177,0.6722915137140177,,,,1.0
23,acetone_hl_gap_eV,71,1.0,0.0,0.6722915137140177,0.6722915137140177,,,,1.0
23,acetone_hl_gap_eV,72,1.0,0.0,0.6722915137140177,0.6722915137140177,,,,1.0
23,acetone_hl_gap_eV,73,1.0,0.0,0.6722915137140177,0.6722915137140177,,,,1.0
23,acetone_hl_gap_eV,74,1.0,0.0,0.6722915137140177,0.6722915137140177,,,,1.0
23,acetone_hl_gap_eV,75,1.0,0.0,0.6722915137140177,0.6722915137140177,,,,1.0
23,acetone_hl_gap_eV,76,1.0,0.0,0.6722915137140177,0.6722915137140177,,,,1.0
23,acetone_hl_gap_eV,77,1.0,0.0,0.6722915137140177,0.6722915137140177,,,,1.0
23,acetone_hl_gap_eV,78,1.0,0.0,0.6722915137140177,0.6722915137140177,,,,1.0
23,acetone_hl_gap_eV,79,1.0,0.0,0.6722915137140177,0.6722915137140177,,,,1.0
23,acetone_hl_gap_eV,80,1.0,0.0,0.6722915137140177,0.6722915137140177,,,,1.0
23,acetone_hl_gap_eV,81,1.0,0.0,0.6722915137140177,0.6722915137140177,,,,1.0
23,acetone_hl_gap_eV,82,1.0,0.0,0.6722915137140177,0.6722915137140177,,,,1.0
23,acetone_hl_gap_eV,83,1.0,0.0,0.6722915137140177,0.6722915137140177,,,,1.0
23,acetone_hl_gap_eV,84,1.0,0.0,0.6722915137140177,0.6722915137140177,,,,1.0
23,acetone_hl_gap_eV,85,1.0,0.0,0.6722915137140177,0.6722915137140177,,,,1.0
23,acetone_hl_gap_eV,86,1.0,0.0,0.6722915137140177,0.6722915137140177,,,,1.0
23,acetone_hl_gap_eV,87,1.0,0.0,0.6722915137140177,0.6722915137140177,,,,1.0
23,acetone_hl_gap_eV,88,1.0,0.0,0.6722915137140177,0.6722915137140177,,,,1.0
23,acetone_hl_gap_eV,89,1.0,0.0,0.6722915137140177,0.6722915137140177,,,,1.0
23,acetone_hl_gap_eV,90,1.0,0.0,0.6722915137140177,0.6722915137140177,,,,1.0
23,acetone_hl_gap_eV,91,1.0,0.0,0.6722915137140177,0.6722915137140177,,,,1.0
23,acetone_hl_gap_eV,92,1.0,0.0,0.6722915137140177,0.6722915137140177,,,,1.0
23,acetone_hl_gap_eV,93,1.0,0.0,0.6722915137140177,0.6722915137140177,,,,1.0
23,acetone_hl_gap_eV,94,1.0,0.0,0.6722915137140177,0.6722915137140177,,,,1.0
23,acetone_hl_gap_eV,95,1.0,0.0,0.6722915137140177,0.6722915137140177,,,,1.0
23,acetone_hl_gap_eV,96,1.0,0.0,0.6722915137140177,0.6722915137140177,,,,1.0
23,acetone_hl_gap_eV,97,1.0,0.0,0.6722915137140177,0.6722915137140177,,,,1.0
23,acetone_hl_gap_eV,98,1.0,0.0,0.6722915137140177,0.6722915137140177,,,,1.0
23,acetone_hl_gap_eV,99,1.0,0.0,0.6722915137140177,0.6722915137140177,,,,1.0
23,acetone_hl_gap_eV,100,1.0,0.0,0.6722915137140177,0.6722915137140177,,,,1.0
23,acetone_hl_gap_eV,101,1.0,0.0,0.6722915137140177,0.6722915137140177,,,,1.0
23,acetone_hl_gap_eV,102,1.0,0.0,0.6722915137140177,0.6722915137140177,,,,1.0
23,acetone_hl_gap_eV,103,1.0,0.0,0.6722915137140177,0.6722915137140177,,,,1.0
23,acetone_hl_gap_eV,104,1.0,0.0,0.6722915137140177,0.6722915137140177,,,,1.0
23,acetone_hl_gap_eV,105,1.0,0.0,0.6722915137140177,0.6722915137140177,,,,1.0
23,acetone_hl_gap_eV,106,1.0,0.0,0.6722915137140177,0.6722915137140177,,,,1.0
23,acetone_hl_gap_eV,107,1.0,0.0,0.6722915137140177,0.6722915137140177,,,,1.0
23,acetone_hl_gap_eV,108,1.0,0.0,0.6722915137140177,0.6722915137140177,,,,1.0
23,acetone_hl_gap_eV,109,1.0,0.0,0.6722915137140177,0.6722915137140177,,,,1.0
23,acetone_hl_gap_eV,110,1.0,0.0,0.6722915137140177,0.6722915137140177,,,,1.0
23,acetone_hl_gap_eV,111,1.0,0.0,0.6722915137140177,0.6722915137140177,,,,1.0
23,acetone_hl_gap_eV,112,1.0,0.0,0.6722915137140177,0.6722915137140177,,,,1.0
23,acetone_hl_gap_eV,113,1.0,0.0,0.6722915137140177,0.6722915137140177,,,,1.0
23,acetone_hl_gap_eV,114,1.0,0.0,0.6722915137140177,0.6722915137140177,,,,1.0
23,acetone_hl_gap_eV,115,1.0,0.0,0.6722915137140177,0.6722915137140177,,,,1.0
23,acetone_hl_gap_eV,116,1.0,0.0,0.6722915137140177,0.6722915137140177,,,,1.0
23,acetone_hl_gap_eV,117,1.0,0.0,0.6722915137140177,0.6722915137140177,,,,1.0
23,acetone_hl_gap_eV,118,1.0,0.0,0.6722915137140177,0.6722915137140177,,,,1.0
23,acetone_hl_gap_eV,119,1.0,0.0,0.6722915137140177,0.6722915137140177,,,,1.0
23,acetone_hl_gap_eV,120,1.0,0.0,0.6722915137140177,0.6722915137140177,,,,1.0
23,acetone_hl_gap_eV,121,1.0,0.0,0.6722915137140177,0.6722915137140177,,,,1.0
23,acetone_hl_gap_eV,122,1.0,0.0,0.6722915137140177,0.6722915137140177,,,,1.0
23,acetone_hl_gap_eV,123,1.0,0.0,0.6722915137140177,0.6722915137140177,,,,1.0
23,acetone_hl_gap_eV,124,1.0,0.0,0.6722915137140177,0.6722915137140177,,,,1.0
23,acetone_hl_gap_eV,125,1.0,0.0,0.6722915137140177,0.6722915137140177,,,,1.0
23,acetone_hl_gap_eV,126,1.0,0.0,0.6722915137140177,0.6722915137140177,,,,1.0
23,acetone_hl_gap_eV,127,1.0,0.0,0.6722915137140177,0.6722915137140177,,,,1.0
23,acetone_hl_gap_eV,128,1.0,0.0,0.6722915137140177,0.6722915137140177,,,,1.0
23,acetone_hl_gap_eV,129,1.0,0.0,0.6722915137140177,0.6722915137140177,,,,1.0
23,acetone_hl_gap_eV,130,1.0,0.0,0.6722915137140177,0.6722915137140177,,,,1.0
23,acetone_hl_gap_eV,131,1.0,0.0,0.6722915137140177,0.6722915137140177,,,,1.0
23,acetone_hl_gap_eV,132,1.0,0.0,0.6722915137140177,0.6722915137140177,,,,1.0
23,acetone_hl_gap_eV,133,1.0,0.0,0.6722915137140177,0.6722915137140177,,,,1.0
23,acetone_hl_gap_eV,134,1.0,0.0,0.6722915137140177,0.6722915137140177,,,,1.0
23,acetone_hl_gap_eV,135,1.0,0.0,0.6722915137140177,0.6722915137140177,,,,1.0
23,acetone_hl_gap_eV,136,1.0,0.0,0.6722915137140177,0.6722915137140177,,,,1.0
23,acetone_hl_gap_eV,137,1.0,0.0,0.6722915137140177,0.6722915137140177,,,,1.0
23,acetone_hl_gap_eV,138,1.0,0.0,0.6722915137140177,0.6722915137140177,,,,1.0
23,acetone_hl_gap_eV,139,1.0,0.0,0.6722915137140177,0.6722915137140177,,,,1.0
23,acetone_hl_gap_eV,140,1.0,0.0,0.6722915137140177,0.6722915137140177,,,,1.0
23,acetone_hl_gap_eV,141,1.0,0.0,0.6722915137140177,0.6722915137140177,,,,1.0
23,acetone_hl_gap_eV,142,1.0,0.0,0.6722915137140177,0.6722915137140177,,,,1.0
23,acetone_hl_gap_eV,143,1.0,0.0,0.6722915137140177,0.6722915137140177,,,,1.0
23,acetone_hl_gap_eV,144,1.0,0.0,0.6722915137140177,0.6722915137140177,,,,1.0
23,acetone_hl_gap_eV,145,1.0,0.0,0.6722915137140177,0.6722915137140177,,,,1.0
23,acetone_hl_gap_eV,146,1.0,0.0,0.6722915137140177,0.6722915137140177,,,,1.0
23,acetone_hl_gap_eV,147,1.0,0.0,0.6722915137140177,0.6722915137140177,,,,1.0
23,acetone_hl_gap_eV,148,1.0,0.0,0.6722915137140177,0.6722915137140177,,,,1.0
23,acetone_hl_gap_eV,149,1.0,0.0,0.6722915137140177,0.6722915137140177,,,,1.0
23,acetone_hl_gap_eV,150,1.0,0.0,0.6722915137140177,0.6722915137140177,,,,1.0
23,acetone_hl_gap_eV,151,1.0,0.0,0.6722915137140177,0.6722915137140177,,,,1.0
23,acetone_hl_gap_eV,152,1.0,0.0,0.6722915137140177,0.6722915137140177,,,,1.0
23,acetone_hl_gap_eV,153,1.0,0.0,0.6722915137140177,0.6722915137140177,,,,1.0
23,acetone_hl_gap_eV,154,1.0,0.0,0.6722915137140177,0.6722915137140177,,,,1.0
23,acetone_hl_gap_eV,155,1.0,0.0,0.6722915137140177,0.6722915137140177,,,,1.0
23,acetone_hl_gap_eV,156,1.0,0.0,0.6722915137140177,0.6722915137140177,,,,1.0
23,acetone_hl_gap_eV,157,1.0,0.0,0.6722915137140177,0.6722915137140177,,,,1.0
23,acetone_hl_gap_eV,158,1.0,0.0,0.6722915137140177,0.6722915137140177,,,,1.0
23,acetone_hl_gap_eV,159,1.0,0.0,0.6722915137140177,0.6722915137140177,,,,1.0
23,acetone_hl_gap_eV,160,1.0,0.0,0.6722915137140177,0.6722915137140177,,,,1.0
23,acetone_hl_gap_eV,161,1.0,0.0,0.6722915137140177,0.6722915137140177,,,,1.0
23,acetone_hl_gap_eV,162,1.0,0.0,0.6722915137140177,0.6722915137140177,,,,1.0
23,acetone_hl_gap_eV,163,1.0,0.0,0.6722915137140177,0.6722915137140177,,,,1.0
23,acetone_hl_gap_eV,164,1.0,0.0,0.6722915137140177,0.6722915137140177,,,,1.0
23,acetone_hl_gap_eV,165,1.0,0.0,0.6722915137140177,0.6722915137140177,,,,1.0
23,acetone_hl_gap_eV,166,1.0,0.0,0.6722915137140177,0.6722915137140177,,,,1.0
23,acetone_hl_gap_eV,167,1.0,0.0,0.6722915137140177,0.6722915137140177,,,,1.0
23,acetone_hl_gap_eV,168,1.0,0.0,0.6722915137140177,0.6722915137140177,,,,1.0
23,acetone_hl_gap_eV,169,1.0,0.0,0.6722915137140177,0.6722915137140177,,,,1.0
23,acetone_hl_gap_eV,170,1.0,0.0,0.6722915137140177,0.6722915137140177,,,,1.0
23,acetone_hl_gap_eV,171,1.0,0.0,0.6722915137140177,0.6722915137140177,,,,1.0
23,acetone_hl_gap_eV,172,1.0,0.0,0.6722915137140177,0.6722915137140177,,,,1.0
23,acetone_hl_gap_eV,173,1.0,0.0,0.6722915137140177,0.6722915137140177,,,,1.0
23,acetone_hl_gap_eV,174,1.0,0.0,0.6722915137140177,0.6722915137140177,,,,1.0
23,acetone_hl_gap_eV,175,1.0,0.0,0.6722915137140177,0.6722915137140177,,,,1.0
23,acetone_hl_gap_eV,176,1.0,0.0,0.6722915137140177,0.6722915137140177,,,,1.0
23,acetone_hl_gap_eV,177,1.0,0.0,0.6722915137140177,0.6722915137140177,,,,1.0
23,acetone_hl_gap_eV,178,1.0,0.0,0.6722915137140177,0.6722915137140177,,,,1.0
23,acetone_hl_gap_eV,179,1.0,0.0,0.6722915137140177,0.6722915137140177,,,,1.0
23,acetone_hl_gap_eV,180,1.0,0.0,0.6722915137140177,0.6722915137140177,,,,1.0
23,acetone_hl_gap_eV,181,1.0,0.0,0.6722915137140177,0.6722915137140177,,,,1.0
23,acetone_hl_gap_eV,182,1.0,0.0,0.6722915137140177,0.6722915137140177,,,,1.0
23,acetone_hl_gap_eV,183,1.0,0.0,0.6722915137140177,0.6722915137140177,,,,1.0
23,acetone_hl_gap_eV,184,1.0,0.0,0.6722915137140177,0.6722915137140177,,,,1.0
23,acetone_hl_gap_eV,185,1.0,0.0,0.6722915137140177,0.6722915137140177,,,,1.0
23,acetone_hl_gap_eV,186,1.0,0.0,0.6722915137140177,0.6722915137140177,,,,1.0
23,acetone_hl_gap_eV,187,1.0,0.0,0.6722915137140177,0.6722915137140177,,,,1.0
23,acetone_hl_gap_eV,188,1.0,0.0,0.6722915137140177,0.6722915137140177,,,,1.0
23,acetone_hl_gap_eV,189,1.0,0.0,0.6722915137140177,0.6722915137140177,,,,1.0
23,acetone_hl_gap_eV,190,1.0,0.0,0.6722915137140177,0.6722915137140177,,,,1.0
23,acetone_hl_gap_eV,191,1.0,0.0,0.6722915137140177,0.6722915137140177,,,,1.0
23,acetone_hl_gap_eV,192,1.0,0.0,0.6722915137140177,0.6722915137140177,,,,1.0
23,acetone_hl_gap_eV,193,1.0,0.0,0.6722915137140177,0.6722915137140177,,,,1.0
23,acetone_hl_gap_eV,194,1.0,0.0,0.6722915137140177,0.6722915137140177,,,,1.0
23,acetone_hl_gap_eV,195,1.0,0.0,0.6722915137140177,0.6722915137140177,,,,1.0
23,acetone_hl_gap_eV,196,1.0,0.0,0.6722915137140177,0.6722915137140177,,,,1.0
23,acetone_hl_gap_eV,197,1.0,0.0,0.6722915137140177,0.6722915137140177,,,,1.0
23,acetone_hl_gap_eV,198,1.0,0.0,0.6722915137140177,0.6722915137140177,,,,1.0
23,acetone_hl_gap_eV,199,1.0,0.0,0.6722915137140177,0.6722915137140177,,,,1.0
23,acetone_hl_gap_eV,200,1.0,0.0,0.6722915137140177,0.6722915137140177,,,,1.0
23,acetone_hl_gap_eV,201,1.0,0.0,0.6722915137140177,0.6722915137140177,,,,1.0
23,acetone_hl_gap_eV,202,1.0,0.0,0.6722915137140177,0.6722915137140177,,,,1.0
23,acetone_hl_gap_eV,203,1.0,0.0,0.6722915137140177,0.6722915137140177,,,,1.0
23,acetone_hl_gap_eV,204,1.0,0.0,0.6722915137140177,0.6722915137140177,,,,1.0
23,acetone_hl_gap_eV,205,1.0,0.0,0.6722915137140177,0.6722915137140177,,,,1.0
23,acetone_hl_gap_eV,206,1.0,0.0,0.6722915137140177,0.6722915137140177,,,,1.0
23,acetone_hl_gap_eV,207,1.0,0.0,0.6722915137140177,0.6722915137140177,,,,1.0
23,acetone_hl_gap_eV,208,1.0,0.0,0.6722915137140177,0.6722915137140177,,,,1.0
23,acetone_hl_gap_eV,209,1.0,0.0,0.6722915137140177,0.6722915137140177,,,,1.0
23,acetone_hl_gap_eV,210,1.0,0.0,0.6722915137140177,0.6722915137140177,,,,1.0
23,acetone_hl_gap_eV,211,1.0,0.0,0.6722915137140177,0.6722915137140177,,,,1.0
23,acetone_hl_gap_eV,212,1.0,0.0,0.6722915137140177,0.6722915137140177,,,,1.0
23,acetone_hl_gap_eV,213,1.0,0.0,0.6722915137140177,0.6722915137140177,,,,1.0
23,acetone_hl_gap_eV,214,1.0,0.0,0.6722915137140177,0.6722915137140177,,,,1.0
23,acetone_hl_gap_eV,215,1.0,0.0,0.6722915137140177,0.6722915137140177,,,,1.0
23,acetone_hl_gap_eV,216,1.0,0.0,0.6722915137140177,0.6722915137140177,,,,1.0
23,acetone_hl_gap_eV,217,1.0,0.0,0.6722915137140177,0.6722915137140177,,,,1.0
23,acetone_hl_gap_eV,218,1.0,0.0,0.6722915137140177,0.6722915137140177,,,,1.0
23,acetone_hl_gap_eV,219,1.0,0.0,0.6722915137140177,0.6722915137140177,,,,1.0
23,acetone_hl_gap_eV,220,1.0,0.0,0.6722915137140177,0.6722915137140177,,,,1.0
23,acetone_hl_gap_eV,221,1.0,0.0,0.6722915137140177,0.6722915137140177,,,,1.0
23,acetone_hl_gap_eV,222,1.0,0.0,0.6722915137140177,0.6722915137140177,,,,1.0
23,acetone_hl_gap_eV,223,1.0,0.0,0.6722915137140177,0.6722915137140177,,,,1.0
23,acetone_hl_gap_eV,224,1.0,0.0,0.6722915137140177,0.6722915137140177,,,,1.0
23,acetone_hl_gap_eV,225,1.0,0.0,0.6722915137140177,0.6722915137140177,,,,1.0
23,acetone_hl_gap_eV,226,1.0,0.0,0.6722915137140177,0.6722915137140177,,,,1.0
23,acetone_hl_gap_eV,227,1.0,0.0,0.6722915137140177,0.6722915137140177,,,,1.0
23,acetone_hl_gap_eV,228,1.0,0.0,0.6722915137140177,0.6722915137140177,,,,1.0
23,acetone_hl_gap_eV,229,1.0,0.0,0.6722915137140177,0.6722915137140177,,,,1.0
23,acetone_hl_gap_eV,230,1.0,0.0,0.6722915137140177,0.6722915137140177,,,,1.0
23,acetone_hl_gap_eV,231,1.0,0.0,0.6722915137140177,0.6722915137140177,,,,1.0
23,acetone_hl_gap_eV,232,1.0,0.0,0.6722915137140177,0.6722915137140177,,,,1.0
23,acetone_hl_gap_eV,233,1.0,0.0,0.6722915137140177,0.6722915137140177,,,,1.0
23,acetone_hl_gap_eV,234,1.0,0.0,0.6722915137140177,0.6722915137140177,,,,1.0
23,acetone_hl_gap_eV,235,1.0,0.0,0.6722915137140177,0.6722915137140177,,,,1.0
23,acetone_hl_gap_eV,236,1.0,0.0,0.6722915137140177,0.6722915137140177,,,,1.0
23,acetone_hl_gap_eV,237,1.0,0.0,0.6722915137140177,0.6722915137140177,,,,1.0
23,acetone_hl_gap_eV,238,1.0,0.0,0.6722915137140177,0.6722915137140177,,,,1.0
23,acetone_hl_gap_eV,239,1.0,0.0,0.6722915137140177,0.6722915137140177,,,,1.0
23,acetone_hl_gap_eV,240,1.0,0.0,0.6722915137140177,0.6722915137140177,,,,1.0
23,acetone_hl_gap_eV,241,1.0,0.0,0.6722915137140177,0.6722915137140177,,,,1.0
23,acetone_hl_gap_eV,242,1.0,0.0,0.6722915137140177,0.6722915137140177,,,,1.0
23,acetone_hl_gap_eV,243,1.0,0.0,0.6722915137140177,0.6722915137140177,,,,1.0
23,acetone_hl_gap_eV,244,1.0,0.0,0.6722915137140177,0.6722915137140177,,,,1.0
23,acetone_hl_gap_eV,245,1.0,0.0,0.6722915137140177,0.6722915137140177,,,,1.0
23,acetone_hl_gap_eV,246,1.0,0.0,0.6722915137140177,0.6722915137140177,,,,1.0
23,acetone_hl_gap_eV,247,1.0,0.0,0.6722915137140177,0.6722915137140177,,,,1.0
23,acetone_hl_gap_eV,248,1.0,0.0,0.6722915137140177,0.6722915137140177,,,,1.0
23,acetone_hl_gap_eV,249,1.0,0.0,0.6722915137140177,0.6722915137140177,,,,1.0
23,acetone_dipole,0,1.0000001192092896,0.0,0.6201916666288461,0.6201916666288461,,,,1.0
23,acetone_dipole,1,1.0000001192092896,0.0,0.6201916666288461,0.6201916666288461,,,,1.0
23,acetone_dipole,2,1.0000001192092896,0.0,0.6201916666288461,0.6201916666288461,,,,1.0
23,acetone_dipole,3,1.0000001192092896,0.0,0.6201916666288461,0.6201916666288461,,,,1.0
23,acetone_dipole,4,1.0000001192092896,0.0,0.6201916666288461,0.6201916666288461,,,,1.0
23,acetone_dipole,5,1.0000001192092896,0.0,0.6201916666288461,0.6201916666288461,,,,1.0
23,acetone_dipole,6,1.0000001192092896,0.0,0.6201916666288461,0.6201916666288461,,,,1.0
23,acetone_dipole,7,1.0000001192092896,0.0,0.6201916666288461,0.6201916666288461,,,,1.0
23,acetone_dipole,8,1.0000001192092896,0.0,0.6201916666288461,0.6201916666288461,,,,1.0
23,acetone_dipole,9,1.0000001192092896,0.0,0.6201916666288461,0.6201916666288461,,,,1.0
23,acetone_dipole,10,1.0000001192092896,0.0,0.6201916666288461,0.6201916666288461,,,,1.0
23,acetone_dipole,11,1.0000001192092896,0.0,0.6201916666288461,0.6201916666288461,,,,1.0
23,acetone_dipole,12,1.0000001192092896,0.0,0.6201916666288461,0.6201916666288461,,,,1.0
23,acetone_dipole,13,1.0000001192092896,0.0,0.6201916666288461,0.6201916666288461,,,,1.0
23,acetone_dipole,14,1.0000001192092896,0.0,0.6201916666288461,0.6201916666288461,,,,1.0
23,acetone_dipole,15,1.0000001192092896,0.0,0.6201916666288461,0.6201916666288461,,,,1.0
23,acetone_dipole,16,1.0000001192092896,0.0,0.6201916666288461,0.6201916666288461,,,,1.0
23,acetone_dipole,17,1.0000001192092896,0.0,0.6201916666288461,0.6201916666288461,,,,1.0
23,acetone_dipole,18,1.0000001192092896,0.0,0.6201916666288461,0.6201916666288461,,,,1.0
23,acetone_dipole,19,1.0000001192092896,0.0,0.6201916666288461,0.6201916666288461,,,,1.0
23,acetone_dipole,20,1.0000001192092896,0.0,0.6201916666288461,0.6201916666288461,,,,1.0
23,acetone_dipole,21,1.0000001192092896,0.0,0.6201916666288461,0.6201916666288461,,,,1.0
23,acetone_dipole,22,1.0000001192092896,0.0,0.6201916666288461,0.6201916666288461,,,,1.0
23,acetone_dipole,23,1.0000001192092896,0.0,0.6201916666288461,0.6201916666288461,,,,1.0
23,acetone_dipole,24,1.0000001192092896,0.0,0.6201916666288461,0.6201916666288461,,,,1.0
23,acetone_dipole,25,1.0000001192092896,0.0,0.6201916666288461,0.6201916666288461,,,,1.0
23,acetone_dipole,26,1.0000001192092896,0.0,0.6201916666288461,0.6201916666288461,,,,1.0
23,acetone_dipole,27,1.0000001192092896,0.0,0.6201916666288461,0.6201916666288461,,,,1.0
23,acetone_dipole,28,1.0000001192092896,0.0,0.6201916666288461,0.6201916666288461,,,,1.0
23,acetone_dipole,29,1.0000001192092896,0.0,0.6201916666288461,0.6201916666288461,,,,1.0
23,acetone_dipole,30,1.0000001192092896,0.0,0.6201916666288461,0.6201916666288461,,,,1.0
23,acetone_dipole,31,1.0000001192092896,0.0,0.6201916666288461,0.6201916666288461,,,,1.0
23,acetone_dipole,32,1.0000001192092896,0.0,0.6201916666288461,0.6201916666288461,,,,1.0
23,acetone_dipole,33,1.0000001192092896,0.0,0.6201916666288461,0.6201916666288461,,,,1.0
23,acetone_dipole,34,1.0000001192092896,0.0,0.6201916666288461,0.6201916666288461,,,,1.0
23,acetone_dipole,35,1.0000001192092896,0.0,0.6201916666288461,0.6201916666288461,,,,1.0
23,acetone_dipole,36,1.0000001192092896,0.0,0.6201916666288461,0.6201916666288461,,,,1.0
23,acetone_dipole,37,1.0000001192092896,0.0,0.6201916666288461,0.6201916666288461,,,,1.0
23,acetone_dipole,38,1.0000001192092896,0.0,0.6201916666288461,0.6201916666288461,,,,1.0
23,acetone_dipole,39,1.0000001192092896,0.0,0.6201916666288461,0.6201916666288461,,,,1.0
23,acetone_dipole,40,1.0000001192092896,0.0,0.6201916666288461,0.6201916666288461,,,,1.0
23,acetone_dipole,41,1.0000001192092896,0.0,0.6201916666288461,0.6201916666288461,,,,1.0
23,acetone_dipole,42,1.0000001192092896,0.0,0.6201916666288461,0.6201916666288461,,,,1.0
23,acetone_dipole,43,1.0000001192092896,0.0,0.6201916666288461,0.6201916666288461,,,,1.0
23,acetone_dipole,44,1.0000001192092896,0.0,0.6201916666288461,0.6201916666288461,,,,1.0
23,acetone_dipole,45,1.0000001192092896,0.0,0.6201916666288461,0.6201916666288461,,,,1.0
23,acetone_dipole,46,1.0000001192092896,0.0,0.6201916666288461,0.6201916666288461,,,,1.0
23,acetone_dipole,47,1.0000001192092896,0.0,0.6201916666288461,0.6201916666288461,,,,1.0
23,acetone_dipole,48,1.0000001192092896,0.0,0.6201916666288461,0.6201916666288461,,,,1.0
23,acetone_dipole,49,1.0000001192092896,0.0,0.6201916666288461,0.6201916666288461,,,,1.0
23,acetone_dipole,50,1.0000001192092896,0.0,0.6201916666288461,0.6201916666288461,,,,1.0
23,acetone_dipole,51,1.0000001192092896,0.0,0.6201916666288461,0.6201916666288461,,,,1.0
23,acetone_dipole,52,1.0000001192092896,0.0,0.6201916666288461,0.6201916666288461,,,,1.0
23,acetone_dipole,53,1.0000001192092896,0.0,0.6201916666288461,0.6201916666288461,,,,1.0
23,acetone_dipole,54,1.0000001192092896,0.0,0.6201916666288461,0.6201916666288461,,,,1.0
23,acetone_dipole,55,1.0000001192092896,0.0,0.6201916666288461,0.6201916666288461,,,,1.0
23,acetone_dipole,56,1.0000001192092896,0.0,0.6201916666288461,0.6201916666288461,,,,1.0
23,acetone_dipole,57,1.0000001192092896,0.0,0.6201916666288461,0.6201916666288461,,,,1.0
23,acetone_dipole,58,1.0000001192092896,0.0,0.6201916666288461,0.6201916666288461,,,,1.0
23,acetone_dipole,59,1.0000001192092896,0.0,0.6201916666288461,0.6201916666288461,,,,1.0
23,acetone_dipole,60,1.0000001192092896,0.0,0.6201916666288461,0.6201916666288461,,,,1.0
23,acetone_dipole,61,1.0000001192092896,0.0,0.6201916666288461,0.6201916666288461,,,,1.0
23,acetone_dipole,62,1.0000001192092896,0.0,0.6201916666288461,0.6201916666288461,,,,1.0
23,acetone_dipole,63,1.0000001192092896,0.0,0.6201916666288461,0.6201916666288461,,,,1.0
23,acetone_dipole,64,1.0000001192092896,0.0,0.6201916666288461,0.6201916666288461,,,,1.0
23,acetone_dipole,65,1.0000001192092896,0.0,0.6201916666288461,0.6201916666288461,,,,1.0
23,acetone_dipole,66,1.0000001192092896,0.0,0.6201916666288461,0.6201916666288461,,,,1.0
23,acetone_dipole,67,1.0000001192092896,0.0,0.6201916666288461,0.6201916666288461,,,,1.0
23,acetone_dipole,68,1.0000001192092896,0.0,0.6201916666288461,0.6201916666288461,,,,1.0
23,acetone_dipole,69,1.0000001192092896,0.0,0.6201916666288461,0.6201916666288461,,,,1.0
23,acetone_dipole,70,1.0000001192092896,0.0,0.6201916666288461,0.6201916666288461,,,,1.0
23,acetone_dipole,71,1.0000001192092896,0.0,0.6201916666288461,0.6201916666288461,,,,1.0
23,acetone_dipole,72,1.0000001192092896,0.0,0.6201916666288461,0.6201916666288461,,,,1.0
23,acetone_dipole,73,1.0000001192092896,0.0,0.6201916666288461,0.6201916666288461,,,,1.0
23,acetone_dipole,74,1.0000001192092896,0.0,0.6201916666288461,0.6201916666288461,,,,1.0
23,acetone_dipole,75,1.0000001192092896,0.0,0.6201916666288461,0.6201916666288461,,,,1.0
23,acetone_dipole,76,1.0000001192092896,0.0,0.6201916666288461,0.6201916666288461,,,,1.0
23,acetone_dipole,77,1.0000001192092896,0.0,0.6201916666288461,0.6201916666288461,,,,1.0
23,acetone_dipole,78,1.0000001192092896,0.0,0.6201916666288461,0.6201916666288461,,,,1.0
23,acetone_dipole,79,1.0000001192092896,0.0,0.6201916666288461,0.6201916666288461,,,,1.0
23,acetone_dipole,80,1.0000001192092896,0.0,0.6201916666288461,0.6201916666288461,,,,1.0
23,acetone_dipole,81,1.0000001192092896,0.0,0.6201916666288461,0.6201916666288461,,,,1.0
23,acetone_dipole,82,1.0000001192092896,0.0,0.6201916666288461,0.6201916666288461,,,,1.0
23,acetone_dipole,83,1.0000001192092896,0.0,0.6201916666288461,0.6201916666288461,,,,1.0
23,acetone_dipole,84,1.0000001192092896,0.0,0.6201916666288461,0.6201916666288461,,,,1.0
23,acetone_dipole,85,1.0000001192092896,0.0,0.6201916666288461,0.6201916666288461,,,,1.0
23,acetone_dipole,86,1.0000001192092896,0.0,0.6201916666288461,0.6201916666288461,,,,1.0
23,acetone_dipole,87,1.0000001192092896,0.0,0.6201916666288461,0.6201916666288461,,,,1.0
23,acetone_dipole,88,1.0000001192092896,0.0,0.6201916666288461,0.6201916666288461,,,,1.0
23,acetone_dipole,89,1.0000001192092896,0.0,0.6201916666288461,0.6201916666288461,,,,1.0
23,acetone_dipole,90,1.0000001192092896,0.0,0.6201916666288461,0.6201916666288461,,,,1.0
23,acetone_dipole,91,1.0000001192092896,0.0,0.6201916666288461,0.6201916666288461,,,,1.0
23,acetone_dipole,92,1.0000001192092896,0.0,0.6201916666288461,0.6201916666288461,,,,1.0
23,acetone_dipole,93,1.0000001192092896,0.0,0.6201916666288461,0.6201916666288461,,,,1.0
23,acetone_dipole,94,1.0000001192092896,0.0,0.6201916666288461,0.6201916666288461,,,,1.0
23,acetone_dipole,95,1.0000001192092896,0.0,0.6201916666288461,0.6201916666288461,,,,1.0
23,acetone_dipole,96,1.0000001192092896,0.0,0.6201916666288461,0.6201916666288461,,,,1.0
23,acetone_dipole,97,1.0000001192092896,0.0,0.6201916666288461,0.6201916666288461,,,,1.0
23,acetone_dipole,98,1.0000001192092896,0.0,0.6201916666288461,0.6201916666288461,,,,1.0
23,acetone_dipole,99,1.0000001192092896,0.0,0.6201916666288461,0.6201916666288461,,,,1.0
23,acetone_dipole,100,1.0000001192092896,0.0,0.6201916666288461,0.6201916666288461,,,,1.0
23,acetone_dipole,101,1.0000001192092896,0.0,0.6201916666288461,0.6201916666288461,,,,1.0
23,acetone_dipole,102,1.0000001192092896,0.0,0.6201916666288461,0.6201916666288461,,,,1.0
23,acetone_dipole,103,1.0000001192092896,0.0,0.6201916666288461,0.6201916666288461,,,,1.0
23,acetone_dipole,104,1.0000001192092896,0.0,0.6201916666288461,0.6201916666288461,,,,1.0
23,acetone_dipole,105,1.0000001192092896,0.0,0.6201916666288461,0.6201916666288461,,,,1.0
23,acetone_dipole,106,1.0000001192092896,0.0,0.6201916666288461,0.6201916666288461,,,,1.0
23,acetone_dipole,107,1.0000001192092896,0.0,0.6201916666288461,0.6201916666288461,,,,1.0
23,acetone_dipole,108,1.0000001192092896,0.0,0.6201916666288461,0.6201916666288461,,,,1.0
23,acetone_dipole,109,1.0000001192092896,0.0,0.6201916666288461,0.6201916666288461,,,,1.0
23,acetone_dipole,110,1.0000001192092896,0.0,0.6201916666288461,0.6201916666288461,,,,1.0
23,acetone_dipole,111,1.0000001192092896,0.0,0.6201916666288461,0.6201916666288461,,,,1.0
23,acetone_dipole,112,1.0000001192092896,0.0,0.6201916666288461,0.6201916666288461,,,,1.0
23,acetone_dipole,113,1.0000001192092896,0.0,0.6201916666288461,0.6201916666288461,,,,1.0
23,acetone_dipole,114,1.0000001192092896,0.0,0.6201916666288461,0.6201916666288461,,,,1.0
23,acetone_dipole,115,1.0000001192092896,0.0,0.6201916666288461,0.6201916666288461,,,,1.0
23,acetone_dipole,116,1.0000001192092896,0.0,0.6201916666288461,0.6201916666288461,,,,1.0
23,acetone_dipole,117,1.0000001192092896,0.0,0.6201916666288461,0.6201916666288461,,,,1.0
23,acetone_dipole,118,1.0000001192092896,0.0,0.6201916666288461,0.6201916666288461,,,,1.0
23,acetone_dipole,119,1.0000001192092896,0.0,0.6201916666288461,0.6201916666288461,,,,1.0
23,acetone_dipole,120,1.0000001192092896,0.0,0.6201916666288461,0.6201916666288461,,,,1.0
23,acetone_dipole,121,1.0000001192092896,0.0,0.6201916666288461,0.6201916666288461,,,,1.0
23,acetone_dipole,122,1.0000001192092896,0.0,0.6201916666288461,0.6201916666288461,,,,1.0
23,acetone_dipole,123,1.0000001192092896,0.0,0.6201916666288461,0.6201916666288461,,,,1.0
23,acetone_dipole,124,1.0000001192092896,0.0,0.6201916666288461,0.6201916666288461,,,,1.0
23,acetone_dipole,125,1.0000001192092896,0.0,0.6201916666288461,0.6201916666288461,,,,1.0
23,acetone_dipole,126,1.0000001192092896,0.0,0.6201916666288461,0.6201916666288461,,,,1.0
23,acetone_dipole,127,1.0000001192092896,0.0,0.6201916666288461,0.6201916666288461,,,,1.0
23,acetone_dipole,128,1.0000001192092896,0.0,0.6201916666288461,0.6201916666288461,,,,1.0
23,acetone_dipole,129,1.0000001192092896,0.0,0.6201916666288461,0.6201916666288461,,,,1.0
23,acetone_dipole,130,1.0000001192092896,0.0,0.6201916666288461,0.6201916666288461,,,,1.0
23,acetone_dipole,131,1.0000001192092896,0.0,0.6201916666288461,0.6201916666288461,,,,1.0
23,acetone_dipole,132,1.0000001192092896,0.0,0.6201916666288461,0.6201916666288461,,,,1.0
23,acetone_dipole,133,1.0000001192092896,0.0,0.6201916666288461,0.6201916666288461,,,,1.0
23,acetone_dipole,134,1.0000001192092896,0.0,0.6201916666288461,0.6201916666288461,,,,1.0
23,acetone_dipole,135,1.0000001192092896,0.0,0.6201916666288461,0.6201916666288461,,,,1.0
23,acetone_dipole,136,1.0000001192092896,0.0,0.6201916666288461,0.6201916666288461,,,,1.0
23,acetone_dipole,137,1.0000001192092896,0.0,0.6201916666288461,0.6201916666288461,,,,1.0
23,acetone_dipole,138,1.0000001192092896,0.0,0.6201916666288461,0.6201916666288461,,,,1.0
23,acetone_dipole,139,1.0000001192092896,0.0,0.6201916666288461,0.6201916666288461,,,,1.0
23,acetone_dipole,140,1.0000001192092896,0.0,0.6201916666288461,0.6201916666288461,,,,1.0
23,acetone_dipole,141,1.0000001192092896,0.0,0.6201916666288461,0.6201916666288461,,,,1.0
23,acetone_dipole,142,1.0000001192092896,0.0,0.6201916666288461,0.6201916666288461,,,,1.0
23,acetone_dipole,143,1.0000001192092896,0.0,0.6201916666288461,0.6201916666288461,,,,1.0
23,acetone_dipole,144,1.0000001192092896,0.0,0.6201916666288461,0.6201916666288461,,,,1.0
23,acetone_dipole,145,1.0000001192092896,0.0,0.6201916666288461,0.6201916666288461,,,,1.0
23,acetone_dipole,146,1.0000001192092896,0.0,0.6201916666288461,0.6201916666288461,,,,1.0
23,acetone_dipole,147,1.0000001192092896,0.0,0.6201916666288461,0.6201916666288461,,,,1.0
23,acetone_dipole,148,1.0000001192092896,0.0,0.6201916666288461,0.6201916666288461,,,,1.0
23,acetone_dipole,149,1.0000001192092896,0.0,0.6201916666288461,0.6201916666288461,,,,1.0
23,acetone_dipole,150,1.0000001192092896,0.0,0.6201916666288461,0.6201916666288461,,,,1.0
23,acetone_dipole,151,1.0000001192092896,0.0,0.6201916666288461,0.6201916666288461,,,,1.0
23,acetone_dipole,152,1.0000001192092896,0.0,0.6201916666288461,0.6201916666288461,,,,1.0
23,acetone_dipole,153,1.0000001192092896,0.0,0.6201916666288461,0.6201916666288461,,,,1.0
23,acetone_dipole,154,1.0000001192092896,0.0,0.6201916666288461,0.6201916666288461,,,,1.0
23,acetone_dipole,155,1.0000001192092896,0.0,0.6201916666288461,0.6201916666288461,,,,1.0
23,acetone_dipole,156,1.0000001192092896,0.0,0.6201916666288461,0.6201916666288461,,,,1.0
23,acetone_dipole,157,1.0000001192092896,0.0,0.6201916666288461,0.6201916666288461,,,,1.0
23,acetone_dipole,158,1.0000001192092896,0.0,0.6201916666288461,0.6201916666288461,,,,1.0
23,acetone_dipole,159,1.0000001192092896,0.0,0.6201916666288461,0.6201916666288461,,,,1.0
23,acetone_dipole,160,1.0000001192092896,0.0,0.6201916666288461,0.6201916666288461,,,,1.0
23,acetone_dipole,161,1.0000001192092896,0.0,0.6201916666288461,0.6201916666288461,,,,1.0
23,acetone_dipole,162,1.0000001192092896,0.0,0.6201916666288461,0.6201916666288461,,,,1.0
23,acetone_dipole,163,1.0000001192092896,0.0,0.6201916666288461,0.6201916666288461,,,,1.0
23,acetone_dipole,164,1.0000001192092896,0.0,0.6201916666288461,0.6201916666288461,,,,1.0
23,acetone_dipole,165,1.0000001192092896,0.0,0.6201916666288461,0.6201916666288461,,,,1.0
23,acetone_dipole,166,1.0000001192092896,0.0,0.6201916666288461,0.6201916666288461,,,,1.0
23,acetone_dipole,167,1.0000001192092896,0.0,0.6201916666288461,0.6201916666288461,,,,1.0
23,acetone_dipole,168,1.0000001192092896,0.0,0.6201916666288461,0.6201916666288461,,,,1.0
23,acetone_dipole,169,1.0000001192092896,0.0,0.6201916666288461,0.6201916666288461,,,,1.0
23,acetone_dipole,170,1.0000001192092896,0.0,0.6201916666288461,0.6201916666288461,,,,1.0
23,acetone_dipole,171,1.0000001192092896,0.0,0.6201916666288461,0.6201916666288461,,,,1.0
23,acetone_dipole,172,1.0000001192092896,0.0,0.6201916666288461,0.6201916666288461,,,,1.0
23,acetone_dipole,173,1.0000001192092896,0.0,0.6201916666288461,0.6201916666288461,,,,1.0
23,acetone_dipole,174,1.0000001192092896,0.0,0.6201916666288461,0.6201916666288461,,,,1.0
23,acetone_dipole,175,1.0000001192092896,0.0,0.6201916666288461,0.6201916666288461,,,,1.0
23,acetone_dipole,176,1.0000001192092896,0.0,0.6201916666288461,0.6201916666288461,,,,1.0
23,acetone_dipole,177,1.0000001192092896,0.0,0.6201916666288461,0.6201916666288461,,,,1.0
23,acetone_dipole,178,1.0000001192092896,0.0,0.6201916666288461,0.6201916666288461,,,,1.0
23,acetone_dipole,179,1.0000001192092896,0.0,0.6201916666288461,0.6201916666288461,,,,1.0
23,acetone_dipole,180,1.0000001192092896,0.0,0.6201916666288461,0.6201916666288461,,,,1.0
23,acetone_dipole,181,1.0000001192092896,0.0,0.6201916666288461,0.6201916666288461,,,,1.0
23,acetone_dipole,182,1.0000001192092896,0.0,0.6201916666288461,0.6201916666288461,,,,1.0
23,acetone_dipole,183,1.0000001192092896,0.0,0.6201916666288461,0.6201916666288461,,,,1.0
23,acetone_dipole,184,1.0000001192092896,0.0,0.6201916666288461,0.6201916666288461,,,,1.0
23,acetone_dipole,185,1.0000001192092896,0.0,0.6201916666288461,0.6201916666288461,,,,1.0
23,acetone_dipole,186,1.0000001192092896,0.0,0.6201916666288461,0.6201916666288461,,,,1.0
23,acetone_dipole,187,1.0000001192092896,0.0,0.6201916666288461,0.6201916666288461,,,,1.0
23,acetone_dipole,188,1.0000001192092896,0.0,0.6201916666288461,0.6201916666288461,,,,1.0
23,acetone_dipole,189,1.0000001192092896,0.0,0.6201916666288461,0.6201916666288461,,,,1.0
23,acetone_dipole,190,1.0000001192092896,0.0,0.6201916666288461,0.6201916666288461,,,,1.0
23,acetone_dipole,191,1.0000001192092896,0.0,0.6201916666288461,0.6201916666288461,,,,1.0
23,acetone_dipole,192,1.0000001192092896,0.0,0.6201916666288461,0.6201916666288461,,,,1.0
23,acetone_dipole,193,1.0000001192092896,0.0,0.6201916666288461,0.6201916666288461,,,,1.0
23,acetone_dipole,194,1.0000001192092896,0.0,0.6201916666288461,0.6201916666288461,,,,1.0
23,acetone_dipole,195,1.0000001192092896,0.0,0.6201916666288461,0.6201916666288461,,,,1.0
23,acetone_dipole,196,1.0000001192092896,0.0,0.6201916666288461,0.6201916666288461,,,,1.0
23,acetone_dipole,197,1.0000001192092896,0.0,0.6201916666288461,0.6201916666288461,,,,1.0
23,acetone_dipole,198,1.0000001192092896,0.0,0.6201916666288461,0.6201916666288461,,,,1.0
23,acetone_dipole,199,1.0000001192092896,0.0,0.6201916666288461,0.6201916666288461,,,,1.0
23,acetone_dipole,200,1.0000001192092896,0.0,0.6201916666288461,0.6201916666288461,,,,1.0
23,acetone_dipole,201,1.0000001192092896,0.0,0.6201916666288461,0.6201916666288461,,,,1.0
23,acetone_dipole,202,1.0000001192092896,0.0,0.6201916666288461,0.6201916666288461,,,,1.0
23,acetone_dipole,203,1.0000001192092896,0.0,0.6201916666288461,0.6201916666288461,,,,1.0
23,acetone_dipole,204,1.0000001192092896,0.0,0.6201916666288461,0.6201916666288461,,,,1.0
23,acetone_dipole,205,1.0000001192092896,0.0,0.6201916666288461,0.6201916666288461,,,,1.0
23,acetone_dipole,206,1.0000001192092896,0.0,0.6201916666288461,0.6201916666288461,,,,1.0
23,acetone_dipole,207,1.0000001192092896,0.0,0.6201916666288461,0.6201916666288461,,,,1.0
23,acetone_dipole,208,1.0000001192092896,0.0,0.6201916666288461,0.6201916666288461,,,,1.0
23,acetone_dipole,209,1.0000001192092896,0.0,0.6201916666288461,0.6201916666288461,,,,1.0
23,acetone_dipole,210,1.0000001192092896,0.0,0.6201916666288461,0.6201916666288461,,,,1.0
23,acetone_dipole,211,1.0000001192092896,0.0,0.6201916666288461,0.6201916666288461,,,,1.0
23,acetone_dipole,212,1.0000001192092896,0.0,0.6201916666288461,0.6201916666288461,,,,1.0
23,acetone_dipole,213,1.0000001192092896,0.0,0.6201916666288461,0.6201916666288461,,,,1.0
23,acetone_dipole,214,1.0000001192092896,0.0,0.6201916666288461,0.6201916666288461,,,,1.0
23,acetone_dipole,215,1.0000001192092896,0.0,0.6201916666288461,0.6201916666288461,,,,1.0
23,acetone_dipole,216,1.0000001192092896,0.0,0.6201916666288461,0.6201916666288461,,,,1.0
23,acetone_dipole,217,1.0000001192092896,0.0,0.6201916666288461,0.6201916666288461,,,,1.0
23,acetone_dipole,218,1.0000001192092896,0.0,0.6201916666288461,0.6201916666288461,,,,1.0
23,acetone_dipole,219,1.0000001192092896,0.0,0.6201916666288461,0.6201916666288461,,,,1.0
23,acetone_dipole,220,1.0000001192092896,0.0,0.6201916666288461,0.6201916666288461,,,,1.0
23,acetone_dipole,221,1.0000001192092896,0.0,0.6201916666288461,0.6201916666288461,,,,1.0
23,acetone_dipole,222,1.0000001192092896,0.0,0.6201916666288461,0.6201916666288461,,,,1.0
23,acetone_dipole,223,1.0000001192092896,0.0,0.6201916666288461,0.6201916666288461,,,,1.0
23,acetone_dipole,224,1.0000001192092896,0.0,0.6201916666288461,0.6201916666288461,,,,1.0
23,acetone_dipole,225,1.0000001192092896,0.0,0.6201916666288461,0.6201916666288461,,,,1.0
23,acetone_dipole,226,1.0000001192092896,0.0,0.6201916666288461,0.6201916666288461,,,,1.0
23,acetone_dipole,227,1.0000001192092896,0.0,0.6201916666288461,0.6201916666288461,,,,1.0
23,acetone_dipole,228,1.0000001192092896,0.0,0.6201916666288461,0.6201916666288461,,,,1.0
23,acetone_dipole,229,1.0000001192092896,0.0,0.6201916666288461,0.6201916666288461,,,,1.0
23,acetone_dipole,230,1.0000001192092896,0.0,0.6201916666288461,0.6201916666288461,,,,1.0
23,acetone_dipole,231,1.0000001192092896,0.0,0.6201916666288461,0.6201916666288461,,,,1.0
23,acetone_dipole,232,1.0000001192092896,0.0,0.6201916666288461,0.6201916666288461,,,,1.0
23,acetone_dipole,233,1.0000001192092896,0.0,0.6201916666288461,0.6201916666288461,,,,1.0
23,acetone_dipole,234,1.0000001192092896,0.0,0.6201916666288461,0.6201916666288461,,,,1.0
23,acetone_dipole,235,1.0000001192092896,0.0,0.6201916666288461,0.6201916666288461,,,,1.0
23,acetone_dipole,236,1.0000001192092896,0.0,0.6201916666288461,0.6201916666288461,,,,1.0
23,acetone_dipole,237,1.0000001192092896,0.0,0.6201916666288461,0.6201916666288461,,,,1.0
23,acetone_dipole,238,1.0000001192092896,0.0,0.6201916666288461,0.6201916666288461,,,,1.0
23,acetone_dipole,239,1.0000001192092896,0.0,0.6201916666288461,0.6201916666288461,,,,1.0
23,acetone_dipole,240,1.0000001192092896,0.0,0.6201916666288461,0.6201916666288461,,,,1.0
23,acetone_dipole,241,1.0000001192092896,0.0,0.6201916666288461,0.6201916666288461,,,,1.0
23,acetone_dipole,242,1.0000001192092896,0.0,0.6201916666288461,0.6201916666288461,,,,1.0
23,acetone_dipole,243,1.0000001192092896,0.0,0.6201916666288461,0.6201916666288461,,,,1.0
23,acetone_dipole,244,1.0000001192092896,0.0,0.6201916666288461,0.6201916666288461,,,,1.0
23,acetone_dipole,245,1.0000001192092896,0.0,0.6201916666288461,0.6201916666288461,,,,1.0
23,acetone_dipole,246,1.0000001192092896,0.0,0.6201916666288461,0.6201916666288461,,,,1.0
23,acetone_dipole,247,1.0000001192092896,0.0,0.6201916666288461,0.6201916666288461,,,,1.0
23,acetone_dipole,248,1.0000001192092896,0.0,0.6201916666288461,0.6201916666288461,,,,1.0
23,acetone_dipole,249,1.0000001192092896,0.0,0.6201916666288461,0.6201916666288461,,,,1.0
23,octanol_gsolv_eV,0,0.252818763256073,0.06885144859552383,0.6327439701085629,0.9234604541267462,14.67038631439209,0.5314087867736816,0.036223230621565405,0.34
23,octanol_gsolv_eV,1,0.09464339166879654,0.0684424415230751,0.6307429664209652,0.9789539847019593,14.362483024597168,0.009084582328796387,0.0006325217104339232,0.14
23,octanol_gsolv_eV,2,0.1466919332742691,0.0645115002989769,0.6312172400235354,0.9098734522527516,13.648916244506836,0.43141505122184753,0.031608007807614434,0.12
23,octanol_gsolv_eV,3,0.1254729926586151,0.07146469503641129,0.6302268098557378,0.9667634140314629,14.980464935302734,0.00926639698445797,0.0006185653799449789,0.26
23,octanol_gsolv_eV,4,0.19863073527812958,0.06077628955245018,0.6369676386034873,0.9310421425077953,13.096900939941406,0.3862956762313843,0.029495197222825793,0.24
23,octanol_gsolv_eV,5,0.06834051758050919,0.06308375298976898,0.6368517798792388,0.9624281677873405,13.463562965393066,0.006965660024434328,0.0005173712220412205,0.1
23,octanol_gsolv_eV,6,0.12367867678403854,0.040505144745111465,0.6398292949032403,0.9686258213638219,8.492886543273926,0.016939790919423103,0.0019945858022604617,0.12
23,octanol_gsolv_eV,7,0.10377804189920425,0.07080764323472977,0.627112889368193,0.9736771968975573,14.682236671447754,0.006394010502845049,0.0004354929460631397,0.14
23,octanol_gsolv_eV,8,0.030618268996477127,0.06310287863016129,0.6307008209820144,0.9685831810632977,13.220746994018555,0.008040884509682655,0.0006082019808200385,0.02
23,octanol_gsolv_eV,9,0.07706267386674881,0.060333650559186935,0.6318642590985306,0.9643424671194254,12.644449234008789,0.011515693739056587,0.0009107311458124822,0.1
23,octanol_gsolv_eV,10,0.17952929437160492,0.09527274966239929,0.6265244145431741,0.9672562317181383,19.788349151611328,0.01525124628096819,0.000770718475003576,0.22
23,octanol_gsolv_eV,11,0.09352166205644608,0.06850624829530716,0.6301874001414931,0.9793974479222958,14.326013565063477,0.012475486844778061,0.0008708275186337773,0.12
23,octanol_gsolv_eV,12,0.2335984855890274,0.06021880730986595,0.632608684126692,0.9201418294928314,12.747330665588379,0.4259820282459259,0.03341735139858505,0.32
23,octanol_gsolv_eV,13,0.14761289954185486,0.07274802774190903,0.6294971609697904,0.9296079295877842,15.195080757141113,0.2906101942062378,0.019125281323013832,0.12
23,octanol_gsolv_eV,14,0.08586880564689636,0.04702693596482277,0.6327140707343697,0.9673532759758199,9.896857261657715,0.04422151669859886,0.004468238303276468,0.1
23,octanol_gsolv_eV,15,0.08023524284362793,0.07543432712554932,0.6265303545604983,0.9605571859055488,15.672229766845703,0.08622420579195023,0.005501719096433607,0.02
23,octanol_gsolv_eV,16,0.19455625116825104,0.04988710582256317,0.6354502516460931,0.9083968079826032,10.65944766998291,0.39571255445480347,0.03712317623821478,0.14
23,octanol_gsolv_eV,17,0.17023657262325287,0.059650667011737823,0.632086927373934,0.9479451293646879,12.561735153198242,0.1643342673778534,0.013082131200323354,0.14
23,octanol_gsolv_eV,18,0.12082891911268234,0.06559232622385025,0.6332440942365438,0.9246790857259628,13.882292747497559,0.23710644245147705,0.017079775420686054,0.12
23,octanol_gsolv_eV,19,0.1780921369791031,0.06982219219207764,0.6305770162292061,0.9361025136691392,14.707878112792969,0.33888405561447144,0.023040988850710476,0.2
23,octanol_gsolv_eV,20,0.19045034050941467,0.06539396941661835,0.6319385511832107,0.9443376238188783,13.833333015441895,0.3323042392730713,0.0240219937524909,0.16
23,octanol_gsolv_eV,21,0.2816709280014038,0.05714551731944084,0.639991783226626,0.9267873916028517,12.60611343383789,0.42779862880706787,0.033935806706193186,0.4
23,octanol_gsolv_eV,22,0.27929338812828064,0.04734722152352333,0.6376251793120837,0.9039654140086604,10.044389724731445,0.4621650278568268,0.04601225564942758,0.22
23,octanol_gsolv_eV,23,0.11057116091251373,0.053484994918107986,0.6299340434920939,0.9069460199156212,11.193403244018555,0.4180043935775757,0.03734381621612227,0.02
23,octanol_gsolv_eV,24,0.05991359055042267,0.05962130427360535,0.6322576539337523,0.9683743875922397,12.525460243225098,0.019821416586637497,0.0015824900803432522,0.02
23,octanol_gsolv_eV,25,0.17162597179412842,0.06401126831769943,0.6324922905664503,0.9078127618763325,13.61095142364502,0.8902377486228943,0.06540598970005641,0.16
23,octanol_gsolv_eV,26,0.1273675262928009,0.06379123777151108,0.6320608586470202,0.9401830302761214,13.460491180419922,0.07520235329866409,0.005586895180174104,0.16
23,octanol_gsolv_eV,27,0.13557228446006775,0.06387579441070557,0.6320017157505655,0.943143068929021,13.441691398620605,0.2044542133808136,0.015210452860254983,0.12
23,octanol_gsolv_eV,28,0.2445213794708252,0.06427232176065445,0.6349386112585398,0.9075705701400416,13.725212097167969,0.8174601793289185,0.0595590198199991,0.32
23,octanol_gsolv_eV,29,0.15891379117965698,0.07160994410514832,0.631329170417934,0.923028242665197,15.137486457824707,0.39568325877189636,0.026139297291814523,0.16
23,octanol_gsolv_eV,30,0.07381903380155563,0.07275360077619553,0.6322037220475565,0.9480987289016398,15.313945770263672,0.07731542736291885,0.0050486940807279385,0.02
23,octanol_gsolv_eV,31,0.2494332492351532,0.04327244684100151,0.6383586296499031,0.9174872007741315,9.168248176574707,0.437507301568985,0.0477198362372908,0.2
23,octanol_gsolv_eV,32,0.10050588846206665,0.07135047763586044,0.6332766268761187,0.9609591904088477,15.058910369873047,0.016422871500253677,0.0010905750214908895,0.1
23,octanol_gsolv_eV,33,0.13054905831813812,0.06345408409833908,0.6292834162182095,0.9535444815059559,13.251442909240723,0.14686940610408783,0.011083276523922565,0.16
23,octanol_gsolv_eV,34,0.08920956403017044,0.0644775852560997,0.6294461492128909,0.9535631528609099,13.469632148742676,0.03191334754228592,0.002369281298098766,0.14
23,octanol_gsolv_eV,35,0.23823437094688416,0.07863663882017136,0.6294526375005693,0.9193587237902459,16.657682418823242,0.7200283408164978,0.04322500109636279,0.24
23,octanol_gsolv_eV,36,0.1617794632911682,0.0733729675412178,0.63061679520712,0.9408443194670564,15.410476684570312,0.07540186494588852,0.004892896338591809,0.12
23,octanol_gsolv_eV,37,0.2220265120267868,0.05813046172261238,0.6380897931910376,0.9013246770317347,12.597790718078613,0.46606525778770447,0.03699579300987052,0.26
23,octanol_gsolv_eV,38,0.3765268623828888,0.06554500758647919,0.6332794947182718,0.9323877111280239,14.140801429748535,0.9992254376411438,0.07066257472076765,0.4
23,octanol_gsolv_eV,39,0.11114466935396194,0.06482721120119095,0.633828914921448,0.9839852097312387,13.756502151489258,0.024124395102262497,0.001753672178915832,0.08
23,octanol_gsolv_eV,40,0.10121796280145645,0.05212835222482681,0.6436675337965689,0.9733252590030708,11.382580757141113,0.00829721987247467,0.0007289401278588976,0.08
23,octanol_gsolv_eV,41,0.17715738713741302,0.05325645953416824,0.6336106651329723,0.9480454067996165,11.247857093811035,0.19422267377376556,0.0172675267967828,0.16
23,octanol_gsolv_eV,42,0.08243381977081299,0.025799350813031197,0.6410524193113689,0.9721309966388534,5.369229793548584,0.10490112751722336,0.019537462830007325,0.06
23,octanol_gsolv_eV,43,0.15177097916603088,0.09105422347784042,0.6218788684149714,0.949964391074045,18.50947380065918,0.10549896955490112,0.005699728187364461,0.1
23,octanol_gsolv_eV,44,0.10753804445266724,0.05712469667196274,0.6360116748338971,0.9753712683419895,12.186775207519531,0.006791590712964535,0.0005572918673985191,0.14
23,octanol_gsolv_eV,45,0.08998256176710129,0.0658927634358406,0.631062660043201,0.963631921541541,13.82352352142334,0.0038632445503026247,0.00027946887378716925,0.16
23,octanol_gsolv_eV,46,0.11027559638023376,0.03172950819134712,0.6387823944746109,0.9565659832574764,6.624073505401611,0.13339774310588837,0.02013832470263335,0.04
23,octanol_gsolv_eV,47,0.1553625911474228,0.06472227722406387,0.6347117810401504,0.9552879773986178,13.776485443115234,0.03648519888520241,0.0026483676867989432,0.18
23,octanol_gsolv_eV,48,0.20322246849536896,0.06471750140190125,0.6329525900282598,0.9069084367028977,13.711264610290527,0.6897968053817749,0.05030876618514613,0.18
23,octanol_gsolv_eV,49,0.1719340831041336,0.03725875914096832,0.6335051601122381,0.9708476669702424,7.833085060119629,0.22045941650867462,0.02814464732817643,0.26
23,octanol_gsolv_eV,50,0.11835502833127975,0.07660199701786041,0.6293403271563123,0.9692672387928993,15.955348014831543,0.013720236718654633,0.0008599146007909556,0.14
23,octanol_gsolv_eV,51,0.1551429033279419,0.06445010006427765,0.6307335912935661,0.9438584852730005,13.539886474609375,0.08807341009378433,0.006504737706548994,0.14
23,octanol_gsolv_eV,52,0.12274687737226486,0.060690801590681076,0.6362007750213583,0.9564741173557052,12.963955879211426,0.04387102276086807,0.0033840768334624004,0.14
23,octanol_gsolv_eV,53,0.3205001950263977,0.03224649652838707,0.6427891480699643,0.9205995064240255,6.840312480926514,0.7336254119873047,0.10725027753234101,0.24
23,octanol_gsolv_eV,54,0.2478150576353073,0.05986647307872772,0.6324616334705013,0.924116444337094,12.63843059539795,0.9967934489250183,0.07887003385436023,0.2
23,octanol_gsolv_eV,55,0.09565458446741104,0.04786679148674011,0.6335174713509217,0.9643242765678803,10.039308547973633,0.012309609912335873,0.0012261412081831556,0.1
23,octanol_gsolv_eV,56,0.2411470264196396,0.05536315217614174,0.6402214422732941,0.9139323920628168,12.074701309204102,0.7394684553146362,0.06124113850758085,0.28
23,octanol_gsolv_eV,57,0.16967104375362396,0.06145186349749565,0.6306349022326287,0.9288385617804191,12.885027885437012,0.44061097502708435,0.034195577917613525,0.16
23,octanol_gsolv_eV,58,0.027034368366003036,0.08207472413778305,0.6243917524384259,0.9730201559131482,16.87291145324707,0.009612886235117912,0.0005697230298252992,0.06
23,octanol_gsolv_eV,59,0.05672825500369072,0.08066461980342865,0.6285354110226784,0.9745596228105673,16.79875373840332,0.013681638985872269,0.0008144436902241698,0.02
23,octanol_gsolv_eV,60,0.2293810248374939,0.06061238795518875,0.6346066547209948,0.9275452475573283,12.93455982208252,0.7745773792266846,0.059884324621877566,0.28
23,octanol_gsolv_eV,61,0.2612624168395996,0.0729973241686821,0.6317724991479889,0.9528719882403647,15.505913734436035,1.0068624019622803,0.06493409025784838,0.26
23,octanol_gsolv_eV,62,0.24287208914756775,0.06154707446694374,0.630750147825744,0.9158325690254585,13.012332916259766,0.6052098274230957,0.04651047827610114,0.18
23,octanol_gsolv_eV,63,0.2543502151966095,0.07093150913715363,0.6312307984476613,0.953756202019838,14.9821195602417,0.21332389116287231,0.014238565531740481,0.18
23,octanol_gsolv_eV,64,0.27508512139320374,0.04393043741583824,0.6368909174368163,0.9347765178983585,9.32888126373291,0.48969537019729614,0.052492400358984385,0.26
23,octanol_gsolv_eV,65,0.09260515123605728,0.047017261385917664,0.6319196478368665,0.9523054219809477,9.815131187438965,0.10085135698318481,0.010275090068307043,0.1
23,octanol_gsolv_eV,66,0.211928591132164,0.06568323075771332,0.6312851456767523,0.9038946656397433,13.946403503417969,0.5807456970214844,0.041641251587131826,0.2
23,octanol_gsolv_eV,67,0.0939558893442154,0.054160039871931076,0.6307300433981617,0.9228704175457714,11.352811813354492,0.16114336252212524,0.014194136674807713,0.04
23,octanol_gsolv_eV,68,0.10484561324119568,0.05742667615413666,0.6335348501847209,0.9675753354629231,12.083736419677734,0.01641000062227249,0.001358023714879254,0.16
23,octanol_gsolv_eV,69,0.15429416298866272,0.05866222456097603,0.6329986033035959,0.9629255625554392,12.429062843322754,0.0749812200665474,0.006032733200542906,0.18
23,octanol_gsolv_eV,70,0.08495432138442993,0.05255786329507828,0.6321653906508375,0.9414130857671685,11.007628440856934,0.05115795508027077,0.00464750017273368,0.02
23,octanol_gsolv_eV,71,0.059532281011343,0.05856799706816673,0.6320632198895448,0.9378023912806537,12.344268798828125,0.08083707839250565,0.006548551373101964,0.02
23,octanol_gsolv_eV,72,0.0995352640748024,0.0679868832230568,0.6308275005165775,0.9694569149732954,14.280126571655273,0.01206143107265234,0.0008446305438631869,0.14
23,octanol_gsolv_eV,73,0.09029696136713028,0.05834106728434563,0.638356002456351,0.9583154163021406,12.533930778503418,0.09747414290904999,0.00777682154398244,0.04
23,octanol_gsolv_eV,74,0.06762133538722992,0.06428403407335281,0.6315670080597604,0.9671105503090645,13.527388572692871,0.005906602367758751,0.000436640252922293,0.1
23,octanol_gsolv_eV,75,0.14989562332630157,0.06819049268960953,0.6320765934109076,0.9109637634563559,14.435786247253418,0.5809232592582703,0.040241885638116724,0.12
23,octanol_gsolv_eV,76,0.1972932517528534,0.07138005644083023,0.632022425548328,0.9268623677011452,15.197160720825195,0.5126422643661499,0.03373276586222178,0.32
23,octanol_gsolv_eV,77,0.20445163547992706,0.06004052236676216,0.6318580685698365,0.9179984820911895,12.757431983947754,0.4472183585166931,0.03505551580282089,0.2
23,octanol_gsolv_eV,78,0.11763148754835129,0.06310973316431046,0.6342206210335106,0.9576302237514165,13.400535583496094,0.03411155566573143,0.002545536740169007,0.12
23,octanol_gsolv_eV,79,0.20170104503631592,0.06584825366735458,0.6307946161674498,0.9333535424697392,13.927428245544434,0.4194844365119934,0.03011930337147434,0.32
23,octanol_gsolv_eV,80,0.18010027706623077,0.06111999601125717,0.631539465340162,0.9394081324321428,12.803733825683594,0.19616061449050903,0.01532057891558332,0.2
23,octanol_gsolv_eV,81,0.06997019797563553,0.10087993741035461,0.6246251981285347,0.9653360465081169,20.776613235473633,0.03172152489423752,0.0015267899794215128,0.06
23,octanol_gsolv_eV,82,0.2768162190914154,0.06358056515455246,0.6342470894627181,0.9368406154892213,13.585265159606934,0.49185508489608765,0.03620504120585885,0.26
23,octanol_gsolv_eV,83,0.2148393839597702,0.04236792027950287,0.6367184333131515,0.9812596009803916,8.858107566833496,0.1001443862915039,0.011305392888483796,0.18
23,octanol_gsolv_eV,84,0.20392602682113647,0.07301323860883713,0.6287433774105946,0.9334978563942866,15.29037857055664,0.2619189918041229,0.017129660367499185,0.26
23,octanol_gsolv_eV,85,0.17141848802566528,0.059744901955127716,0.6353839500891338,0.9312240497618118,12.744625091552734,0.24631643295288086,0.019327083471144386,0.16
23,octanol_gsolv_eV,86,0.08028224110603333,0.05284487083554268,0.6435529928689314,0.968581351708458,11.552671432495117,0.008882859721779823,0.0007689009224995612,0.04
23,octanol_gsolv_eV,87,0.0628962516784668,0.06382399052381516,0.6314558295416708,0.9708435835407081,13.444001197814941,0.00945296324789524,0.0007031361503769901,0.06
23,octanol_gsolv_eV,88,0.35272449254989624,0.049341101199388504,0.6365315487674454,0.9172206841765682,10.414076805114746,3.0933196544647217,0.2970325370507615,0.16
23,octanol_gsolv_eV,89,0.42854976654052734,0.02294924110174179,0.6523084583691334,0.9197067462437387,4.863198280334473,1.0991145372390747,0.22600652366645468,0.26
23,octanol_gsolv_eV,90,0.27547168731689453,0.048466093838214874,0.634018994801532,0.9219725243046906,10.24730396270752,1.2911615371704102,0.1260001207995066,0.28
23,octanol_gsolv_eV,91,0.23970410227775574,0.06267976015806198,0.6339046945931832,0.9138476779081959,13.392618179321289,0.7231735587120056,0.05399792251440522,0.32
23,octanol_gsolv_eV,92,0.052519381046295166,0.07728303223848343,0.627266602524025,0.9604856161473481,16.028261184692383,0.007419279310852289,0.0004628873478763867,0.1
23,octanol_gsolv_eV,93,0.091009721159935,0.049260463565588,0.6325711101340281,0.9249434882432184,10.340624809265137,0.08019717782735825,0.0077555446896692415,0.1
23,octanol_gsolv_eV,94,0.09462489932775497,0.10799384862184525,0.6165644562063612,0.9767337347178096,21.68178367614746,0.005094268824905157,0.000234956168781882,0.06
23,octanol_gsolv_eV,95,0.21574413776397705,0.06796018034219742,0.6290586887753624,0.9386079128227942,14.2254056930542,0.6639409065246582,0.0466728978315774,0.32
23,octanol_gsolv_eV,96,0.05710303783416748,0.06577964127063751,0.6317365127445724,0.9672448456530409,13.807533264160156,0.023727627471089363,0.0017184552097135647,0.02
23,octanol_gsolv_eV,97,0.07904653996229172,0.060845669358968735,0.6368093977301328,0.9633295249397458,12.991434097290039,0.0082144346088171,0.0006322962151292133,0.1
23,octanol_gsolv_eV,98,0.2476610243320465,0.05894909054040909,0.6387798062062524,0.9244464267962991,12.747269630432129,0.6816645264625549,0.053475335991574745,0.32
23,octanol_gsolv_eV,99,0.28135108947753906,0.042008012533187866,0.6410259377929264,0.9494561637420336,8.928953170776367,0.3197970390319824,0.03581573706519689,0.34
23,octanol_gsolv_eV,100,0.13705435395240784,0.07889991253614426,0.6310616233503903,0.921460938644302,16.67342758178711,0.624886155128479,0.037477966186812185,0.2
23,octanol_gsolv_eV,101,0.1776416152715683,0.0660935491323471,0.6278127921054624,0.9336176866499981,13.816143989562988,0.2726471722126007,0.019733955611534175,0.26
23,octanol_gsolv_eV,102,0.1071900725364685,0.060162030160427094,0.6342041874998336,0.9382380365147116,12.769047737121582,0.12254121154546738,0.009596738462275559,0.08
23,octanol_gsolv_eV,103,0.21754322946071625,0.0641523078083992,0.6304480860161898,0.9092817334188878,13.590517044067383,0.707074761390686,0.052027068513875466,0.18
23,octanol_gsolv_eV,104,0.213392972946167,0.06423836201429367,0.6317641185218477,0.9386851025709286,13.586841583251953,0.18505510687828064,0.013620171085706328,0.18
23,octanol_gsolv_eV,105,0.15669827163219452,0.06162940338253975,0.6349519792755238,0.9429629241297013,13.146554946899414,0.16079843044281006,0.01223122187465044,0.16
23,octanol_gsolv_eV,106,0.2886280417442322,0.049891531467437744,0.6351023114931935,0.9182836843225868,10.594734191894531,1.0847373008728027,0.10238456965750756,0.26
23,octanol_gsolv_eV,107,0.16514654457569122,0.03323698416352272,0.640294396714226,0.9276888757310382,6.956925868988037,0.32185858488082886,0.046264483903095954,0.14
23,octanol_gsolv_eV,108,0.29396602511405945,0.0794738382101059,0.6272967831730483,0.9541213659342678,16.756731033325195,0.18991142511367798,0.011333441154840335,0.3
23,octanol_gsolv_eV,109,0.24334445595741272,0.07250479608774185,0.6302143263651412,0.9155795375237485,15.305886268615723,0.4380941390991211,0.028622592080631126,0.2
23,octanol_gsolv_eV,110,0.21688483655452728,0.06601905077695847,0.6329860619621612,0.9139001445973842,14.039738655090332,0.40273696184158325,0.028685502752970726,0.2
23,octanol_gsolv_eV,111,0.1032886803150177,0.06435107439756393,0.631641483324721,0.9691758808982243,13.500959396362305,0.01919464021921158,0.0014217241646088778,0.12
23,octanol_gsolv_eV,112,0.1331908255815506,0.06569622457027435,0.6321857920387284,0.9160885914602837,13.912347793579102,0.3410257399082184,0.024512450735713374,0.14
23,octanol_gsolv_eV,113,0.18378619849681854,0.054696738719940186,0.6321892653584473,0.9183727518407789,11.539024353027344,0.5334347486495972,0.04622875663744022,0.2
23,octanol_gsolv_eV,114,0.1703004091978073,0.08704398572444916,0.6210492453158825,0.9420461413222414,17.78345489501953,0.6401426792144775,0.03599653065129415,0.22
23,octanol_gsolv_eV,115,0.02140691876411438,0.06972299516201019,0.6284095748445135,0.9786724233016937,14.481979370117188,0.005098497495055199,0.0003520580553771319,0.06
23,octanol_gsolv_eV,116,0.15402452647686005,0.05915677547454834,0.6315225858823812,0.9330887292776586,12.44499683380127,0.163096621632576,0.013105396796051964,0.18
23,octanol_gsolv_eV,117,0.044598739594221115,0.06174254044890404,0.6357098117753608,0.9650227905234134,13.15734577178955,0.016844799742102623,0.001280258194492333,0.04
23,octanol_gsolv_eV,118,0.10850037634372711,0.06714487075805664,0.6328894964856324,0.9812932324083561,14.20546817779541,0.005989916156977415,0.000421662706361221,0.14
23,octanol_gsolv_eV,119,0.14454956352710724,0.053006861358881,0.6398067449608149,0.9234558444718195,11.522801399230957,0.35626018047332764,0.030917844379154603,0.2
23,octanol_gsolv_eV,120,0.34225594997406006,0.01820479892194271,0.6481757281053966,0.9433439434599955,3.7838826179504395,0.8245555758476257,0.21791256735502296,0.2
23,octanol_gsolv_eV,121,0.3180709481239319,0.044926151633262634,0.6398269993394219,0.9217653087949886,9.610513687133789,0.845305323600769,0.0879563102576331,0.4
23,octanol_gsolv_eV,122,0.07560281455516815,0.11873234063386917,0.6203651128265062,0.964917425682212,24.04684066772461,0.014639423228800297,0.0006087878000725958,0.04
23,octanol_gsolv_eV,123,0.07664632052183151,0.06549753993749619,0.6295961880667731,0.92267612051093,13.661140441894531,0.15370695292949677,0.011251399806865658,0.04
23,octanol_gsolv_eV,124,0.17434990406036377,0.043052222579717636,0.6396571213384237,0.9769108523567458,9.036735534667969,0.16369867324829102,0.018114801813142328,0.26
23,octanol_gsolv_eV,125,0.19502976536750793,0.04430288076400757,0.6343555694985017,0.9545197520819835,9.26602840423584,0.1631205677986145,0.017604151496454095,0.24
23,octanol_gsolv_eV,126,0.10518525540828705,0.059531066566705704,0.6319606244249969,0.9691812103762201,12.525352478027344,0.011099057272076607,0.0008861273398530843,0.12
23,octanol_gsolv_eV,127,0.17171603441238403,0.07706265151500702,0.6315653806360715,0.9144214782418818,16.316673278808594,0.9458412528038025,0.057967775455320364,0.26
23,octanol_gsolv_eV,128,0.19212613999843597,0.07068672776222229,0.6298924327395268,0.9206722195742156,14.906373023986816,0.44913673400878906,0.03013051755018165,0.24
23,octanol_gsolv_eV,129,0.16824747622013092,0.07169127464294434,0.6332048451379078,0.9659283539492853,15.208166122436523,0.04708313196897507,0.0030959112091439862,0.26
23,octanol_gsolv_eV,130,0.16139766573905945,0.07006925344467163,0.6307227989102364,0.9232479964319833,14.703886985778809,0.4386257231235504,0.029830596735936358,0.18
23,octanol_gsolv_eV,131,0.1679612547159195,0.05118275806307793,0.636039344211295,0.9109038122142097,10.95711898803711,0.4163280129432678,0.037996120458106845,0.1
23,octanol_gsolv_eV,132,0.057506661862134933,0.06541062146425247,0.6330306928578635,0.9621500286794662,13.805537223815918,0.010768258944153786,0.0007799956473680339,0.02
23,octanol_gsolv_eV,133,0.22511568665504456,0.047778207808732986,0.6424993911760026,0.9109552242469539,10.581009864807129,0.6203790903091431,0.058631368672337154,0.26
23,octanol_gsolv_eV,134,0.06528317183256149,0.06890392303466797,0.6293633752658947,0.96646069416751,14.396453857421875,0.0049880435690283775,0.0003464772379662695,0.08
23,octanol_gsolv_eV,135,0.20937635004520416,0.09154371172189713,0.6236588323534096,0.914198661925218,18.891324996948242,0.976208508014679,0.05167496235295187,0.1
23,octanol_gsolv_eV,136,0.2396908402442932,0.07228662073612213,0.6313549007984967,0.9112510382008816,15.46493148803711,0.7559711337089539,0.048882928081106274,0.26
23,octanol_gsolv_eV,137,0.0584934838116169,0.07980303466320038,0.6306846247333047,0.9653256952900247,16.754344940185547,0.017790546640753746,0.0010618467450841872,0.06
23,octanol_gsolv_eV,138,0.1591414213180542,0.04333333671092987,0.6393215224303472,0.9240119760014933,9.130484580993652,0.3187769651412964,0.034913477188809244,0.12
23,octanol_gsolv_eV,139,0.19181962311267853,0.05078236013650894,0.6329366443978406,0.9088936400040684,10.702705383300781,0.6558229327201843,0.061276369780621245,0.16
23,octanol_gsolv_eV,140,0.13410523533821106,0.08020581305027008,0.6287600807165143,0.9769568790984662,16.75969696044922,0.020659949630498886,0.0012327161809222312,0.12
23,octanol_gsolv_eV,141,0.053626060485839844,0.06252876669168472,0.6386228712640512,0.9461944622387661,13.431548118591309,0.00919406395405531,0.0006845126021868859,0.02
23,octanol_gsolv_eV,142,0.2377391904592514,0.06491010636091232,0.6316508734313311,0.9185675064610506,13.760931968688965,0.6726986765861511,0.04888467424421405,0.32
23,octanol_gsolv_eV,143,0.20687149465084076,0.0642937421798706,0.6309057757568559,0.967049933317385,13.525790214538574,0.08563593029975891,0.006331307002507752,0.16
23,octanol_gsolv_eV,144,0.10114340484142303,0.07457376271486282,0.6307321381758555,0.9725590582702663,15.643500328063965,0.01042933203279972,0.0006666878776541983,0.08
23,octanol_gsolv_eV,145,0.06927808374166489,0.06437209248542786,0.6325801853551771,0.9701764649267408,13.535085678100586,0.008714140392839909,0.0006438186355140078,0.08
23,octanol_gsolv_eV,146,0.11920514702796936,0.0708889365196228,0.6302126265059853,0.9565954539507495,14.856523513793945,0.010698760859668255,0.0007201389241389278,0.14
23,octanol_gsolv_eV,147,0.09310081601142883,0.06974682956933975,0.6370334407554477,0.9794580494943419,14.890556335449219,0.017153345048427582,0.0011519613278377955,0.08
23,octanol_gsolv_eV,148,0.07426852732896805,0.02698426879942417,0.6406595350471311,0.9639657004635673,5.61193323135376,0.09101120382547379,0.016217442380995553,0.04
23,octanol_gsolv_eV,149,0.24308055639266968,0.06515283137559891,0.6325414254251667,0.9293111035361128,13.900497436523438,0.6793410778045654,0.048871709872741864,0.24
23,octanol_gsolv_eV,150,0.2023114114999771,0.06608045846223831,0.632493341697961,0.925084060504626,14.036413192749023,0.6575050950050354,0.04684281418451628,0.24
23,octanol_gsolv_eV,151,0.14358407258987427,0.06526483595371246,0.6290182555785464,0.9105166251694854,13.647907257080078,0.3451652526855469,0.02529070913099052,0.14
23,octanol_gsolv_eV,152,0.26793336868286133,0.06840786337852478,0.6308064446685258,0.951098076936689,14.440408706665039,0.39608877897262573,0.02742919449293766,0.3
23,octanol_gsolv_eV,153,0.13774679601192474,0.07059164345264435,0.6340182361302094,0.9667598544743141,14.942192077636719,0.005792250856757164,0.000387643983336699,0.12
23,octanol_gsolv_eV,154,0.2872348129749298,0.06980552524328232,0.6334355675574774,0.9088739052762591,14.914544105529785,0.6267895698547363,0.04202539249069939,0.26
23,octanol_gsolv_eV,155,0.07231494039297104,0.0718391090631485,0.6303700009401021,0.9653875454563827,15.015076637268066,0.018823150545358658,0.0012536166814253074,0.14
23,octanol_gsolv_eV,156,0.21873366832733154,0.04058181121945381,0.6319150484881975,0.8868127104592674,8.581315994262695,0.7950745820999146,0.09265182433923728,0.1
23,octanol_gsolv_eV,157,0.09633329510688782,0.08531540632247925,0.6233368091092382,0.964923342260344,17.441986083984375,0.027005761861801147,0.001548319195518591,0.06
23,octanol_gsolv_eV,158,0.014180767349898815,0.06377708166837692,0.6305576103630308,0.971513610855117,13.335312843322754,0.006391966249793768,0.0004793263063936552,0.04
23,octanol_gsolv_eV,159,0.1065341979265213,0.06798620522022247,0.630942673237179,0.9678572832695298,14.279801368713379,0.014042789116501808,0.0009834022724762223,0.14
23,octanol_gsolv_eV,160,0.08583103120326996,0.05579836666584015,0.6438764388377443,0.9698004450093567,12.20668888092041,0.00998788420110941,0.0008182304225612656,0.08
23,octanol_gsolv_eV,161,0.20631496608257294,0.0667615607380867,0.6297847707512756,0.9079392815969143,14.093779563903809,0.40124303102493286,0.028469512326741213,0.32
23,octanol_gsolv_eV,162,0.09536521881818771,0.06717817485332489,0.630615866993494,0.9424061078856953,14.100144386291504,0.0627150610089302,0.004447831120786485,0.14
23,octanol_gsolv_eV,163,0.17463994026184082,0.06934398412704468,0.6302239317183758,0.9758753343982849,14.568225860595703,0.027066195383667946,0.001857892350287957,0.24
23,octanol_gsolv_eV,164,0.06798199564218521,0.0647474080324173,0.6356669954821017,0.9707409443356496,13.774090766906738,0.019414111971855164,0.0014094659531719502,0.02
23,octanol_gsolv_eV,165,0.16279643774032593,0.06500468403100967,0.6314630143971021,0.9319664437284572,13.750085830688477,0.2746942341327667,0.019977637777335428,0.14
23,octanol_gsolv_eV,166,0.181607186794281,0.0697081908583641,0.6344715163405132,0.9162597145758165,14.896682739257812,0.8195043802261353,0.05501254168932948,0.08
23,octanol_gsolv_eV,167,0.1257992386817932,0.0692705363035202,0.629561376831548,0.9182103448401437,14.53273868560791,0.42771443724632263,0.029431096677593027,0.14
23,octanol_gsolv_eV,168,0.14560095965862274,0.04130854457616806,0.6529071941362876,0.9646441994292447,9.31162166595459,0.03861116245388985,0.004146556189569111,0.12
23,octanol_gsolv_eV,169,0.07018768787384033,0.03760197386145592,0.6336344843648862,0.9426645408373018,7.849765300750732,0.06682751327753067,0.008513313547239361,0.06
23,octanol_gsolv_eV,170,0.0982426106929779,0.07221665233373642,0.630865278153814,0.9716582914218581,15.160767555236816,0.015355193056166172,0.0010128242518210892,0.16
23,octanol_gsolv_eV,171,0.16528306901454926,0.05325944721698761,0.6322501890502059,0.9157661697487682,11.22321605682373,0.22590307891368866,0.020128194785695077,0.22
23,octanol_gsolv_eV,172,0.04924006015062332,0.05553019791841507,0.630873687649915,0.9600289867638627,11.600214004516602,0.039707064628601074,0.003422959663773524,0.06
23,octanol_gsolv_eV,173,0.06379953026771545,0.06303049623966217,0.6340949199960169,0.9684543841311894,13.34652328491211,0.015575956553220749,0.0011670422491847712,0.02
23,octanol_gsolv_eV,174,0.2708362638950348,0.060744669288396835,0.6335230594163681,0.9171886359297161,12.950209617614746,0.6413592100143433,0.04952500607727406,0.2
23,octanol_gsolv_eV,175,0.1690058559179306,0.05034376308321953,0.6329625519735724,0.9392477001788995,10.537796020507812,0.07495547086000443,0.007113012124559263,0.04
23,octanol_gsolv_eV,176,0.08486344665288925,0.06410535424947739,0.6312595579284488,0.9729156053561723,13.484030723571777,0.01292735431343317,0.0009587158749819913,0.12
23,octanol_gsolv_eV,177,0.09908220171928406,0.07673010230064392,0.6321422689216096,0.9351727423738709,16.173906326293945,0.30973121523857117,0.019150056207203368,0.02
23,octanol_gsolv_eV,178,0.033673543483018875,0.07302046567201614,0.6312569261152134,0.9749857725629991,15.329017639160156,0.00833969097584486,0.000544046016004309,0.04
23,octanol_gsolv_eV,179,0.11351586133241653,0.0627647116780281,0.6325702920676153,0.9731843798770579,13.121023178100586,0.029302535578608513,0.0022332508052813594,0.08
23,octanol_gsolv_eV,180,0.060959212481975555,0.06389135867357254,0.6318929122581107,0.9631938341576676,13.428178787231445,0.014454172924160957,0.0010764060527630975,0.02
23,octanol_gsolv_eV,181,0.15050169825553894,0.08550538122653961,0.6263889406778786,0.9672923837109986,17.716066360473633,0.018094679340720177,0.0010213711651640269,0.1
23,octanol_gsolv_eV,182,0.03730163350701332,0.07452309131622314,0.6323397163700772,0.9664344488988661,15.709933280944824,0.007702241186052561,0.0004902784148291007,0.02
23,octanol_gsolv_eV,183,0.07298851758241653,0.06242102384567261,0.6300914316611888,0.9542731082133458,13.05424976348877,0.04885664954781532,0.0037425857811041532,0.02
23,octanol_gsolv_eV,184,0.25097355246543884,0.05894263833761215,0.6320700607666445,0.923879938974022,12.537801742553711,0.979372501373291,0.07811357377340468,0.38
23,octanol_gsolv_eV,185,0.08431033045053482,0.07341375201940536,0.6271734971730254,0.9626258385361364,15.280350685119629,0.01046757958829403,0.0006850352982073644,0.1
23,octanol_gsolv_eV,186,0.09740433096885681,0.06578652560710907,0.6322083658618609,0.9640815113557908,13.862937927246094,0.01838362030684948,0.0013260984362281879,0.18
23,octanol_gsolv_eV,187,0.05476652458310127,0.06511048227548599,0.6319123451406752,0.9722727319464606,13.713147163391113,0.010295908898115158,0.0007508056885440068,0.02
23,octanol_gsolv_eV,188,0.08604635298252106,0.06752251088619232,0.6319589412128379,0.9650017972253093,14.236682891845703,0.010775843635201454,0.0007569069085168356,0.14
23,octanol_gsolv_eV,189,0.32283535599708557,0.03838697448372841,0.6427415088027146,0.9084646725192924,8.211030006408691,0.8720943927764893,0.10621010909664456,0.24
23,octanol_gsolv_eV,190,0.21912914514541626,0.08365273475646973,0.6295290537130205,0.9128813274922687,17.662851333618164,0.5437085032463074,0.03078260089363108,0.12
23,octanol_gsolv_eV,191,0.12914495170116425,0.0792265385389328,0.6263791714142422,0.9486638643164915,16.425334930419922,0.13618521392345428,0.00829116815580044,0.14
23,octanol_gsolv_eV,192,0.11285288631916046,0.06196145340800285,0.6348488758537982,0.9271507159190746,13.13501262664795,0.16500431299209595,0.012562173915032239,0.08
23,octanol_gsolv_eV,193,0.23469603061676025,0.025018148124217987,0.6414484659668873,0.9087815931512462,5.235728740692139,0.575125515460968,0.10984631632862996,0.08
23,octanol_gsolv_eV,194,0.09417721629142761,0.08390094339847565,0.6254544855016413,0.9672954673853791,17.3857479095459,0.022677531465888023,0.0013043748007778597,0.02
23,octanol_gsolv_eV,195,0.0739087238907814,0.07853417843580246,0.6307246732989185,0.9399121322987651,16.522634506225586,0.2553093433380127,0.01545209653108373,0.02
23,octanol_gsolv_eV,196,0.1591525673866272,0.06713202595710754,0.6315497927743106,0.9409778876917771,14.149280548095703,0.1198904737830162,0.008473255822123889,0.18
23,octanol_gsolv_eV,197,0.23146682977676392,0.04397457093000412,0.6411334320648099,0.9553615555622281,9.299522399902344,0.19140857458114624,0.02058262417682399,0.18
23,octanol_gsolv_eV,198,0.21194016933441162,0.07313857227563858,0.6291974779324467,0.916982071099423,15.375312805175781,0.440178781747818,0.028628931802912063,0.28
23,octanol_gsolv_eV,199,0.12495438009500504,0.06399070471525192,0.6324609144887579,0.8940204299461192,13.497445106506348,0.4849231243133545,0.035927030670389666,0.02
23,octanol_gsolv_eV,200,0.2539861500263214,0.04286376014351845,0.6366701113922895,0.9173564346634404,9.059523582458496,0.9619787335395813,0.1061842518299983,0.18
23,octanol_gsolv_eV,201,0.30214622616767883,0.03173597529530525,0.639850557604781,0.8969690189290074,6.73030948638916,0.9432799816131592,0.14015402761504106,0.16
23,octanol_gsolv_eV,202,0.11900736391544342,0.0560881681740284,0.6385366708890965,0.9269845476085974,12.112627029418945,0.12735676765441895,0.010514380352428665,0.08
23,octanol_gsolv_eV,203,0.14857575297355652,0.02555120177567005,0.6411702017285135,0.9684608834909478,5.331481456756592,0.08447320014238358,0.01584422656770767,0.1
23,octanol_gsolv_eV,204,0.13301143050193787,0.018574899062514305,0.6440289145698401,0.9492591863474598,3.8496038913726807,0.2112581580877304,0.05487789498581387,0.04
23,octanol_gsolv_eV,205,0.11230357736349106,0.056508008390665054,0.6314230715351663,0.9610200937236064,11.867563247680664,0.037904608994722366,0.0031939673042930905,0.12
23,octanol_gsolv_eV,206,0.07743664085865021,0.06413551419973373,0.6322374142392171,0.9637526421034515,13.501192092895508,0.0060494644567370415,0.00044806891236814147,0.1
23,octanol_gsolv_eV,207,0.08421585708856583,0.0547761507332325,0.6326254143514773,0.948547612701877,11.53192138671875,0.059982940554618835,0.0052014697762075325,0.04
23,octanol_gsolv_eV,208,0.17809022963047028,0.05708572268486023,0.6379690686759649,0.9113602212039495,12.413446426391602,0.4976888597011566,0.040092722246985776,0.22
23,octanol_gsolv_eV,209,0.12409044057130814,0.06622634083032608,0.6327644594695567,0.9288677932053968,14.023088455200195,0.23129089176654816,0.016493577182049246,0.08
23,octanol_gsolv_eV,210,0.12555699050426483,0.04034556820988655,0.6337153524288834,0.9402728700978031,8.467267036437988,0.09808602929115295,0.011584142660087381,0.08
23,octanol_gsolv_eV,211,0.11422668397426605,0.08362729847431183,0.6276196392124735,0.9311834863867314,17.372941970825195,0.21698454022407532,0.012489798249971866,0.1
23,octanol_gsolv_eV,212,0.049166489392519,0.03635106608271599,0.6342872841922076,0.9618922416457032,7.614105701446533,0.04807828366756439,0.006314370400509471,0.02
23,octanol_gsolv_eV,213,0.2448236346244812,0.06148620694875717,0.634295425999212,0.9134540119161487,13.188529968261719,0.3877201974391937,0.02939828763116472,0.34
23,octanol_gsolv_eV,214,0.2075684517621994,0.06406420469284058,0.6331027226626882,0.9242137923775233,13.691248893737793,0.4693322777748108,0.03427972724894933,0.34
23,octanol_gsolv_eV,215,0.2416437268257141,0.067346952855587,0.6299516488931143,0.9123861201789389,14.320716857910156,0.746314525604248,0.05211432730701715,0.26
23,octanol_gsolv_eV,216,0.041195280849933624,0.050715960562229156,0.6421528614941439,0.9647438508717332,10.978958129882812,0.01113579049706459,0.001014284813306183,0.02
23,octanol_gsolv_eV,217,0.10749819129705429,0.07565515488386154,0.6296141731890863,0.9063928095667164,15.801684379577637,0.315510630607605,0.019966898656410086,0.1
23,octanol_gsolv_eV,218,0.18594418466091156,0.03908825293183327,0.6385065869432414,0.9312199329162449,8.24364185333252,0.29343053698539734,0.035594770152075086,0.14
23,octanol_gsolv_eV,219,0.06004916876554489,0.06589651852846146,0.6299758336069214,0.9683062824027275,13.80045223236084,0.007949968799948692,0.0005760658177060835,0.08
23,octanol_gsolv_eV,220,0.20805388689041138,0.06762553751468658,0.6333520384903215,0.9205887644650899,14.377204895019531,0.4538112282752991,0.031564635239531555,0.18
23,octanol_gsolv_eV,221,0.2034519761800766,0.062033507972955704,0.6308794607139809,0.9291312652525621,13.06776237487793,0.8850036859512329,0.06772419489755989,0.22
23,octanol_gsolv_eV,222,0.06335858255624771,0.06991659104824066,0.6271978190837091,0.9503658989324546,14.476419448852539,0.06590494513511658,0.004552572227405339,0.02
23,octanol_gsolv_eV,223,0.11165929585695267,0.07020257413387299,0.6315286215045948,0.9771362065069527,14.771499633789062,0.005570868495851755,0.0003771362850058009,0.16
23,octanol_gsolv_eV,224,0.11395878344774246,0.06573605537414551,0.6310946007294327,0.9625403612776702,13.827406883239746,0.017175504937767982,0.0012421349196418368,0.16
23,octanol_gsolv_eV,225,0.14441099762916565,0.0189707949757576,0.6422413938320013,0.9465855229692268,3.9437735080718994,0.28744861483573914,0.07288669449384075,0.08
23,octanol_gsolv_eV,226,0.1029612198472023,0.06395811587572098,0.6319025367702056,0.9484273531079344,13.49774169921875,0.12446113675832748,0.009220885947575311,0.14
23,octanol_gsolv_eV,227,0.11530636250972748,0.07459087669849396,0.6291710426312631,0.9727405434122838,15.598474502563477,0.01754206232726574,0.001124601147656,0.1
23,octanol_gsolv_eV,228,0.1424216777086258,0.06018855422735214,0.63166722994939,0.8928088124679388,12.716720581054688,0.5219722390174866,0.04104613573055293,0.08
23,octanol_gsolv_eV,229,0.08806750178337097,0.07935453951358795,0.6296318070895113,0.9744340925007215,16.541288375854492,0.00632057897746563,0.0003821092307834891,0.14
23,octanol_gsolv_eV,230,0.2145686000585556,0.04953542724251747,0.6336602890041878,0.9210563266645402,10.498779296875,0.4298613369464874,0.040943934984368824,0.26
23,octanol_gsolv_eV,231,0.16770997643470764,0.059245284646749496,0.6344760556057936,0.8993216652133829,12.615181922912598,0.7434101104736328,0.05892979705059965,0.12
23,octanol_gsolv_eV,232,0.2128935158252716,0.04454142600297928,0.6400099668801327,0.9461138357202101,9.414693832397461,0.2517128884792328,0.02673617357720637,0.18
23,octanol_gsolv_eV,233,0.038875870406627655,0.06097102537751198,0.6357695910580579,0.9691001530810752,12.977337837219238,0.004907980561256409,0.000378196254333476,0.04
23,octanol_gsolv_eV,234,0.05455094203352928,0.05460212007164955,0.6384576399936139,0.969933192482386,11.77532958984375,0.0088571235537529,0.0007521762755067331,0.04
23,octanol_gsolv_eV,235,0.1834499090909958,0.06231989338994026,0.6300064262994443,0.9341307751450596,13.073200225830078,0.25287768244743347,0.019343211920505646,0.1
23,octanol_gsolv_eV,236,0.047079555690288544,0.06766931712627411,0.627865353825984,0.959835310819416,14.039850234985352,0.02284005656838417,0.001626802009003624,0.08
23,octanol_gsolv_eV,237,0.12192784994840622,0.06880321353673935,0.6307655753779104,0.978250573379462,14.49699592590332,0.012001026421785355,0.0008278285020651657,0.1
23,octanol_gsolv_eV,238,0.21480199694633484,0.05355466529726982,0.633284734188515,0.9375567048116396,11.334810256958008,0.15128068625926971,0.013346556565991412,0.14
23,octanol_gsolv_eV,239,0.24507388472557068,0.061380527913570404,0.6332732804460923,0.9008664385311602,13.179329872131348,0.5184374451637268,0.03933716282950019,0.28
23,octanol_gsolv_eV,240,0.08348450809717178,0.06057022139430046,0.6357465870419527,0.9641224726105779,12.877640724182129,0.010265628807246685,0.0007971668900476073,0.08
23,octanol_gsolv_eV,241,0.12064287811517715,0.08619220554828644,0.6299590874034939,0.9550737580250817,18.139097213745117,0.12359539419412613,0.006813756646084362,0.06
23,octanol_gsolv_eV,242,0.15642990171909332,0.05815916508436203,0.6366686377307336,0.9179597909609036,12.499631881713867,0.6143739223480225,0.04915136126903151,0.16
23,octanol_gsolv_eV,243,0.08180935680866241,0.07420508563518524,0.6296164165648448,0.9319518806259326,15.489327430725098,0.18516425788402557,0.011954312329709562,0.02
23,octanol_gsolv_eV,244,0.3084777295589447,0.0554378516972065,0.6400813183868117,0.9261851184567698,12.311683654785156,0.539470911026001,0.043817801541410295,0.22
23,octanol_gsolv_eV,245,0.1066601350903511,0.07044508308172226,0.6313572157360716,0.9028291307638108,14.868574142456055,0.3873886466026306,0.026054189385683765,0.02
23,octanol_gsolv_eV,246,0.1164621040225029,0.050156380981206894,0.6277110948351226,0.926378387135008,10.389996528625488,0.1794905662536621,0.01727532494925744,0.12
23,octanol_gsolv_eV,247,0.16615340113639832,0.07667942345142365,0.6301508020974902,0.9266654241140022,16.111072540283203,0.48900356888771057,0.030352018319390845,0.22
23,octanol_gsolv_eV,248,0.11241823434829712,0.06712867319583893,0.6345190495259314,0.9385636110179472,14.270716667175293,0.0506901815533638,0.0035520417604505126,0.06
23,octanol_gsolv_eV,249,0.21347804367542267,0.060627374798059464,0.6303691402681699,0.946186000037261,12.845165252685547,0.459446519613266,0.0357680505135743,0.34
23,octanol_hl_gap_eV,0,0.160567045211792,0.004415380768477917,0.5980359490262974,0.9274559066995576,0.7510874271392822,0.07498544454574585,0.09983584045781196,0.04
23,octanol_hl_gap_eV,1,0.10115159302949905,0.0024284864775836468,0.6059808561035929,0.9763624459312976,0.5037803649902344,0.0007141341920942068,0.0014175506663663838,0.18
23,octanol_hl_gap_eV,2,0.03465740755200386,0.0025015980936586857,0.6332505916689994,0.9701424415702466,0.4107455909252167,0.0020307088270783424,0.004943957700201018,0.02
23,octanol_hl_gap_eV,3,0.12865041196346283,0.0022872888948768377,0.6222016250786715,0.9861468285895492,0.452199250459671,0.0034369868226349354,0.00760060265279334,0.08
23,octanol_hl_gap_eV,4,0.042876649647951126,0.0022398512810468674,0.6394771477400734,0.9604563837323483,0.36305099725723267,0.001338360132649541,0.0036864246146148774,0.02
23,octanol_hl_gap_eV,5,0.21209046244621277,0.0016526553081348538,0.6026503569484063,0.8985527396354245,0.3842237591743469,0.05119730159640312,0.13324866142172023,0.08
23,octanol_hl_gap_eV,6,0.02915254607796669,0.0019281524000689387,0.6238464124447627,0.9627958852464604,0.39350780844688416,0.0005493392236530781,0.0013960059034692017,0.02
23,octanol_hl_gap_eV,7,0.1623821258544922,0.0023656936828047037,0.6004440163199416,0.9052487245458771,0.48743531107902527,0.0368606261909008,0.07562157552620308,0.2
23,octanol_hl_gap_eV,8,0.03593418002128601,0.001990722957998514,0.6225583947049729,0.9607589586746741,0.415145605802536,0.0007159773376770318,0.0017246414936584594,0.04
23,octanol_hl_gap_eV,9,0.019624974578619003,0.002025758847594261,0.6271532977701679,0.9706991297008112,0.4030227065086365,0.0017676881980150938,0.004386075944277382,0.02
23,octanol_hl_gap_eV,10,0.0496375598013401,0.0017991869244724512,0.6306808169220852,0.9757883668538776,0.256510466337204,0.002353015821427107,0.009173176654452279,0.14
23,octanol_hl_gap_eV,11,0.020696690306067467,0.0025942756328731775,0.5964871469204778,0.9731794380151586,0.5016327500343323,0.0009726331918500364,0.0019389347920036487,0.06
23,octanol_hl_gap_eV,12,0.10881088674068451,0.004031346645206213,0.6264078314529484,0.9109565781240427,0.7038192749023438,0.06579355150461197,0.0934807469058601,0.08
23,octanol_hl_gap_eV,13,0.05626142397522926,0.0022273703943938017,0.6086039734119211,0.9572072314328459,0.42815256118774414,0.00136203458532691,0.0031811898579993786,0.04
23,octanol_hl_gap_eV,14,0.09860639274120331,0.0022778338752686977,0.6197668233388558,0.9703527873954425,0.44385382533073425,0.0014425126137211919,0.0032499722462599363,0.14
23,octanol_hl_gap_eV,15,0.04223120957612991,0.0024885148741304874,0.604617629975756,0.9614747913246318,0.5180535316467285,0.0004772205138579011,0.0009211799258292243,0.04
23,octanol_hl_gap_eV,16,0.08431288599967957,0.0019927260000258684,0.6369669914157188,0.9725842598592978,0.3429774045944214,0.0006132553680799901,0.001788034313237569,0.06
23,octanol_hl_gap_eV,17,0.05401727184653282,0.0018490192014724016,0.6121533478714334,0.968710815897283,0.36951327323913574,0.0006734664202667773,0.0018225770737900773,0.04
23,octanol_hl_gap_eV,18,0.17737749218940735,0.004695252049714327,0.5999505048104423,0.9154012308239505,0.8042493462562561,0.10837353020906448,0.1347511573537962,0.04
23,octanol_hl_gap_eV,19,0.04200620576739311,0.004070382099598646,0.5825454083937354,0.9698420226104447,0.7529230713844299,0.0012360335094854236,0.0016416464795170629,0.1
23,octanol_hl_gap_eV,20,0.09959143400192261,0.0042652105912566185,0.6024491840311437,0.9480271934684579,0.6967161893844604,0.031035153195261955,0.04454490030249061,0.0
23,octanol_hl_gap_eV,21,0.009527723304927349,0.004285522736608982,0.6115894480402109,0.9827228339427105,0.9092522859573364,0.001568177598528564,0.0017246892009487292,0.08
23,octanol_hl_gap_eV,22,0.028064990416169167,0.009916882030665874,0.6277456689853294,0.9731035648108597,1.9328296184539795,0.0019406626233831048,0.0010040526101495644,0.0
23,octanol_hl_gap_eV,23,0.026382021605968475,0.0027201774064451456,0.5913838326398297,0.9776327158315015,0.563379168510437,0.001106194918975234,0.001963499860848584,0.02
23,octanol_hl_gap_eV,24,0.10455381125211716,0.0035254491958767176,0.590301005898406,0.9361625168649377,0.6930817365646362,0.022763485088944435,0.03284386802886348,0.1
23,octanol_hl_gap_eV,25,0.13388459384441376,0.002695865463465452,0.628498257938493,0.9011067852225851,0.4631975293159485,0.04502153396606445,0.09719726707642934,0.0
23,octanol_hl_gap_eV,26,0.08862007409334183,0.0048201438039541245,0.5946478740590155,0.9735293376856808,0.9667588472366333,0.0013372611720114946,0.0013832417213805685,0.04
23,octanol_hl_gap_eV,27,0.048481535166502,0.002638221252709627,0.6199807929777181,0.9792538098033439,0.4432538151741028,0.0023412127047777176,0.005281878293271154,0.0
23,octanol_hl_gap_eV,28,0.05847351998090744,0.0012940269662067294,0.6359393465974128,0.9663981667185255,0.3072773814201355,0.0005127778276801109,0.001668778304833957,0.02
23,octanol_hl_gap_eV,29,0.011871928349137306,0.005835704039782286,0.6333212210655461,0.9705768267600887,1.1069692373275757,0.0012335648061707616,0.0011143623188199978,0.02
23,octanol_hl_gap_eV,30,0.26623427867889404,0.0017541554989293218,0.6421335822687726,0.902281104492044,0.39195215702056885,0.05437208712100983,0.13872123458720115,0.24
23,octanol_hl_gap_eV,31,0.026578646153211594,0.00434846943244338,0.62506088089972,0.975169293055336,0.7850860357284546,0.0013691094936802983,0.001743897396429868,0.02
23,octanol_hl_gap_eV,32,0.036513056606054306,0.0018515362171456218,0.6394956036770254,0.9613174752369964,0.4543749988079071,0.0011479667155072093,0.0025264742085700166,0.04
23,octanol_hl_gap_eV,33,0.01896347478032112,0.001979476772248745,0.5933717793525566,0.9783828987026952,0.40104588866233826,0.00046696997014805675,0.0011643803947363825,0.14
23,octanol_hl_gap_eV,34,0.1290639340877533,0.0017394771566614509,0.640897964027614,0.9690877868532966,0.3415599763393402,0.0033486278261989355,0.009803923346311718,0.22
23,octanol_hl_gap_eV,35,0.03649303317070007,0.004793933592736721,0.6175667784180092,0.9731773615586667,0.8480470776557922,0.0010400430765002966,0.0012263978072717706,0.02
23,octanol_hl_gap_eV,36,0.03751615062355995,0.0017660949379205704,0.6361960368727326,0.9701035154442934,0.38277146220207214,0.0010362376924604177,0.002707196838810749,0.02
23,octanol_hl_gap_eV,37,0.16648584604263306,0.002068060450255871,0.6511683138043676,0.940306668956105,0.39016246795654297,0.018380703404545784,0.0471103832739572,0.02
23,octanol_hl_gap_eV,38,0.05958211049437523,0.005289195105433464,0.6310189930611194,0.9805407869047518,0.9939696192741394,0.001091326237656176,0.0010979472777579789,0.08
23,octanol_hl_gap_eV,39,0.15027675032615662,0.0030509980861097574,0.6060216103114666,0.9847397218722114,0.6532028913497925,0.00128135085105896,0.0019616429566181944,0.14
23,octanol_hl_gap_eV,40,0.36669832468032837,0.00232873298227787,0.6264456377152232,0.9159712619144491,0.49271097779273987,0.11294709891080856,0.22923601056504175,0.32
23,octanol_hl_gap_eV,41,0.029451318085193634,0.002520340494811535,0.602089199285684,0.9704484023429789,0.5130853056907654,0.0016294564120471478,0.0031758001914582506,0.02
23,octanol_hl_gap_eV,42,0.07405600696802139,0.0022281704004853964,0.6393946048157721,0.9776573156775288,0.5021049976348877,0.0019426846411079168,0.003869080471731464,0.08
23,octanol_hl_gap_eV,43,0.06510376185178757,0.0013408310478553176,0.6527532971190397,0.9537968384102056,0.33020734786987305,0.002103239530697465,0.006369451026045314,0.04
23,octanol_hl_gap_eV,44,0.09408076107501984,0.0030678038019686937,0.6186143475466694,0.9834426678437433,0.6202600002288818,0.0016684429720044136,0.0026899090242619907,0.18
23,octanol_hl_gap_eV,45,0.06106167286634445,0.0012047007912769914,0.6580857714533945,0.9673309105505015,0.3297998309135437,0.00043737285886891186,0.0013261767225816686,0.1
23,octanol_hl_gap_eV,46,0.019473038613796234,0.0018123672343790531,0.650332754255406,0.9650030653273682,0.38826701045036316,0.0005832812748849392,0.0015022684368892758,0.02
23,octanol_hl_gap_eV,47,0.056072432547807693,0.00253056432120502,0.6002295026465416,0.9712053246512722,0.44206833839416504,0.002526772441342473,0.005715796002312896,0.06
23,octanol_hl_gap_eV,48,0.03094850294291973,0.0022071441635489464,0.6396767947669209,0.9706924600188407,0.3696479797363281,0.0010603516129776835,0.0028685443208266363,0.04
23,octanol_hl_gap_eV,49,0.018663151189684868,0.002037128433585167,0.5995355954655532,0.9844929373732334,0.41853365302085876,0.0003843468439299613,0.0009183176577459265,0.02
23,octanol_hl_gap_eV,50,0.07506457716226578,0.004010892007499933,0.5920248636238745,0.9853355729762956,0.7475954294204712,0.0018389074830338359,0.002459762875301872,0.18
23,octanol_hl_gap_eV,51,0.06479186564683914,0.0018319074297323823,0.6330330564078392,0.9799965614430921,0.3502665162086487,0.003344298806041479,0.009547868983426692,0.14
23,octanol_hl_gap_eV,52,0.05626889690756798,0.0018199788173660636,0.6389021833985884,0.9611947098511266,0.3621840476989746,0.0019884260836988688,0.005490098463286069,0.04
23,octanol_hl_gap_eV,53,0.00879465788602829,0.0033764017280191183,0.6006144964012661,0.9661191279576977,0.713188111782074,0.0010668401373550296,0.0014958748186215136,0.02
23,octanol_hl_gap_eV,54,0.18180687725543976,0.0017183684976771474,0.651725189981381,0.9373005189599326,0.37272414565086365,0.01690254732966423,0.04534867817631837,0.1
23,octanol_hl_gap_eV,55,0.09091619402170181,0.0018013474764302373,0.6620048513075529,0.9663862312723883,0.39702004194259644,0.00039976523839868605,0.0010069145034660152,0.14
23,octanol_hl_gap_eV,56,0.0872824415564537,0.004542076960206032,0.6126992380496772,0.9755586062025214,0.8473262786865234,0.0014536718372255564,0.001715598670536874,0.1
23,octanol_hl_gap_eV,57,0.07589901238679886,0.0030094070825725794,0.5907908742023893,0.9730194018542493,0.5795540809631348,0.0022083267103880644,0.0038103893716323178,0.02
23,octanol_hl_gap_eV,58,0.06461122632026672,0.00148736999835819,0.6574066111100159,0.9725656814721555,0.35822486877441406,0.0012202572543174028,0.003406400171189228,0.02
23,octanol_hl_gap_eV,59,0.04596355929970741,0.0015048604691401124,0.6518075993832395,0.9551568594767281,0.33189162611961365,0.000857713574077934,0.0025843182128639014,0.02
23,octanol_hl_gap_eV,60,0.08530928939580917,0.0015995415160432458,0.6514086196973918,0.981002234457397,0.37751081585884094,0.0005439247470349073,0.0014408189757357628,0.14
23,octanol_hl_gap_eV,61,0.08812129497528076,0.003199737286195159,0.5970370329944121,0.9723314197651864,0.6526643633842468,0.0025708270259201527,0.003938972571736102,0.08
23,octanol_hl_gap_eV,62,0.030294004827737808,0.0031200051307678223,0.6255191259466388,0.9724318298817183,0.5124112367630005,0.000623897707555443,0.0012175722599229554,0.02
23,octanol_hl_gap_eV,63,0.33576101064682007,0.0017775986343622208,0.6196934999209229,0.9429844182661653,0.37680667638778687,0.09612571448087692,0.2551061870834531,0.22
23,octanol_hl_gap_eV,64,0.03937991335988045,0.001943763461895287,0.6339057327919146,0.9729361816769593,0.40069323778152466,0.0007672833162359893,0.0019148896060340941,0.04
23,octanol_hl_gap_eV,65,0.08184856176376343,0.007955125533044338,0.5799840901010365,0.9139416682895785,1.441480278968811,0.0891287624835968,0.06183141301617853,0.04
23,octanol_hl_gap_eV,66,0.057926397770643234,0.002208440564572811,0.6434955818954111,0.9729954878966909,0.363420307636261,0.0007792784017510712,0.0021442896430846486,0.06
23,octanol_hl_gap_eV,67,0.017810245975852013,0.0027210696134716272,0.6127554846385086,0.9642764450009786,0.5820990204811096,0.0016516095492988825,0.0028373343558176986,0.06
23,octanol_hl_gap_eV,68,0.25695210695266724,0.002419504802674055,0.6143149725518326,0.9422967807409852,0.535509467124939,0.03578606992959976,0.06682621340333945,0.3
23,octanol_hl_gap_eV,69,0.022439396008849144,0.0018370646284893155,0.6098851796831022,0.9628623824084828,0.3624574840068817,0.0018942479509860277,0.005226124537547314,0.04
23,octanol_hl_gap_eV,70,0.06454354524612427,0.002305560512468219,0.6130241517064388,0.9790477564257336,0.3856212794780731,0.0037677858490496874,0.009770689662534374,0.2
23,octanol_hl_gap_eV,71,0.02468991093337536,0.0019452342530712485,0.6064412727521109,0.9648067891983734,0.4024045765399933,0.0005433286423794925,0.0013502049282123245,0.04
23,octanol_hl_gap_eV,72,0.03188380226492882,0.0015451764920726418,0.6397259100951056,0.9748816878732685,0.358401894569397,0.0011760060442611575,0.0032812495192696273,0.1
23,octanol_hl_gap_eV,73,0.11392245441675186,0.0021610113326460123,0.5966805642774635,0.9885244616096707,0.4290119409561157,0.0015339356614276767,0.0035755080802857774,0.12
23,octanol_hl_gap_eV,74,0.07013332843780518,0.001964690163731575,0.6391069879870706,0.9720542930131775,0.37392738461494446,0.0020571097265928984,0.005501361524273564,0.18
23,octanol_hl_gap_eV,75,0.05718187987804413,0.0027866875752806664,0.6491281621264011,0.9723662411635365,0.4809180498123169,0.005716404411941767,0.011886441804737108,0.06
23,octanol_hl_gap_eV,76,0.05881107226014137,0.0024807360023260117,0.6297011643430335,0.983523105177287,0.4151364862918854,0.000633270014077425,0.0015254501470925116,0.1
23,octanol_hl_gap_eV,77,0.018026133999228477,0.001757357269525528,0.6031814607252608,0.9647498205761196,0.35803741216659546,0.0007509395945817232,0.0020973774501316907,0.02
23,octanol_hl_gap_eV,78,0.008568000979721546,0.0017245329217985272,0.61505341293305,0.9650467527895745,0.3552228510379791,0.0005762286018580198,0.0016221608496588852,0.02
23,octanol_hl_gap_eV,79,0.01829821988940239,0.008495341055095196,0.6293187030278911,0.9680468937303413,1.652856469154358,0.001432788441888988,0.0008668559361491551,0.0
23,octanol_hl_gap_eV,80,0.043129317462444305,0.0016061876667663455,0.6107552498372921,0.9499762637923876,0.3704366683959961,0.00115440902300179,0.0031163465215266676,0.04
23,octanol_hl_gap_eV,81,0.11695494502782822,0.002850205171853304,0.6038000507007888,0.9752947078021246,0.5891721844673157,0.0014728473033756018,0.0024998588565535176,0.1
23,octanol_hl_gap_eV,82,0.043139874935150146,0.002304167952388525,0.6403534122475569,0.9727990273411673,0.38146793842315674,0.0008479973766952753,0.0022229846634046722,0.08
23,octanol_hl_gap_eV,83,0.021858518943190575,0.0016931501450017095,0.6423184184545696,0.9548172974620965,0.37672358751296997,0.0003386826429050416,0.0008990216013309262,0.04
23,octanol_hl_gap_eV,84,0.10313806682825089,0.0017632542876526713,0.6571072822327981,0.9762050291112525,0.3859200179576874,0.001218165154568851,0.003156522330755104,0.06
23,octanol_hl_gap_eV,85,0.10155200958251953,0.001723890076391399,0.6525067590524043,0.9622516908849004,0.32829833030700684,0.0014826846309006214,0.00451627222567381,0.14
23,octanol_hl_gap_eV,86,0.15679597854614258,0.002000367036089301,0.6224437162894165,0.892931962361255,0.44501519203186035,0.03889722749590874,0.08740651598501818,0.06
23,octanol_hl_gap_eV,87,0.034719422459602356,0.0030076808761805296,0.5891811060665304,0.9814686156783354,0.5947776436805725,0.0008536294335499406,0.001435207665620306,0.12
23,octanol_hl_gap_eV,88,0.049060072749853134,0.004534672014415264,0.6006880171012554,0.9428726343182459,0.7694336771965027,0.009212764911353588,0.011973436027548318,0.02
23,octanol_hl_gap_eV,89,0.08912378549575806,0.0037628591526299715,0.5803186112295813,0.9694064597878285,0.680938720703125,0.021723778918385506,0.03190269294122961,0.08
23,octanol_hl_gap_eV,90,0.04600510746240616,0.002605217043310404,0.6340454457896469,0.9531221802220571,0.4091908633708954,0.010741280391812325,0.026250049434941324,0.0
23,octanol_hl_gap_eV,91,0.019290363416075706,0.007551392540335655,0.6141916277939079,0.9744945623085104,1.3892533779144287,0.0014368881238624454,0.0010342880188058472,0.0
23,octanol_hl_gap_eV,92,0.02156703546643257,0.0018739738734439015,0.6131282321174791,0.9598154919997575,0.409694105386734,0.0015963786281645298,0.0038965135382106986,0.02
23,octanol_hl_gap_eV,93,0.030434563755989075,0.0017678248696029186,0.6578426428061503,0.9674513199316463,0.3501055836677551,0.0010289587080478668,0.0029389954232330465,0.02
23,octanol_hl_gap_eV,94,0.09443023055791855,0.0018445136956870556,0.5984605516635835,0.9867714162041843,0.4181373417377472,0.0006601660861633718,0.0015788259508700453,0.12
23,octanol_hl_gap_eV,95,0.03989141061902046,0.0020765503868460655,0.6395449632567136,0.962503746390891,0.3708140552043915,0.0009210322750732303,0.002483811662871194,0.02
23,octanol_hl_gap_eV,96,0.14419297873973846,0.001831436064094305,0.6542281428708432,0.9748283051974855,0.3972691595554352,0.0012422658037394285,0.0031270129428863504,0.2
23,octanol_hl_gap_eV,97,0.031246956437826157,0.003941874951124191,0.5900536379968966,0.9772756078084335,0.747782826423645,0.0014137843390926719,0.001890634939898598,0.06
23,octanol_hl_gap_eV,98,0.25809165835380554,0.004221686162054539,0.6198476474035006,0.9349979890312459,0.7199347019195557,0.15886269509792328,0.22066264436809208,0.04
23,octanol_hl_gap_eV,99,0.07012489438056946,0.002430442487820983,0.6110019438778538,0.9717224423679234,0.4285219609737396,0.0009560637408867478,0.002231072915643025,0.1
23,octanol_hl_gap_eV,100,0.06958240270614624,0.0019388991640880704,0.6434220739573515,0.9609800951855616,0.3196084499359131,0.0016371385427191854,0.005122325592603886,0.06
23,octanol_hl_gap_eV,101,0.07615222781896591,0.002019324339926243,0.601539149008351,0.9771880100328785,0.4232056140899658,0.0019621204119175673,0.004636328882679841,0.06
23,octanol_hl_gap_eV,102,0.03690033033490181,0.002139060292392969,0.6315035849567183,0.9852102141858523,0.3999149203300476,0.0012566462391987443,0.0031422839592022246,0.02
23,octanol_hl_gap_eV,103,0.05671767517924309,0.001881490577943623,0.6234501200994229,0.9534073239511027,0.359637588262558,0.001432847580872476,0.003984143002945531,0.02
23,octanol_hl_gap_eV,104,0.04925035312771797,0.001481007318943739,0.6036061850335779,0.973152032579913,0.3064141869544983,0.0009157974855042994,0.0029887568020481145,0.02
23,octanol_hl_gap_eV,105,0.04309345781803131,0.0015601543709635735,0.6478434803635358,0.979962996424534,0.30646398663520813,0.0010564043186604977,0.0034470749084066525,0.02
23,octanol_hl_gap_eV,106,0.014788040891289711,0.005316153168678284,0.5968530344697125,0.9771234124133341,1.0644643306732178,0.0018286663107573986,0.0017179216419594475,0.04
23,octanol_hl_gap_eV,107,0.05893905088305473,0.002595991361886263,0.6443895407418267,0.9668512786721344,0.41823381185531616,0.0022527773398905993,0.005386406541109415,0.14
23,octanol_hl_gap_eV,108,0.058792173862457275,0.0025238769594579935,0.6109419759424168,0.9638202455962757,0.4009784460067749,0.001953416969627142,0.004871625866877984,0.04
23,octanol_hl_gap_eV,109,0.018231039866805077,0.0013442565687000751,0.6011687043801188,0.9646779953938749,0.2815358340740204,0.0005744006484746933,0.002040239923148376,0.06
23,octanol_hl_gap_eV,110,0.016500450670719147,0.004804385360330343,0.6044628248120092,0.9695062720504046,0.9911490082740784,0.001376346219331026,0.0013886370342313158,0.04
23,octanol_hl_gap_eV,111,0.05577481910586357,0.002267155796289444,0.6033578516110587,0.9833133846474094,0.45532602071762085,0.0027794954366981983,0.006104407194470345,0.06
23,octanol_hl_gap_eV,112,0.06631157547235489,0.002494175685569644,0.6278219896779835,0.9741571597144101,0.4075393080711365,0.0010713962838053703,0.00262893974295691,0.0
23,octanol_hl_gap_eV,113,0.01908649504184723,0.0017048325389623642,0.6472287541369453,0.9386842122085985,0.32013413310050964,0.004510530270636082,0.014089501256712138,0.04
23,octanol_hl_gap_eV,114,0.03214248642325401,0.0015092951944097877,0.6395064388713414,0.9686536280937825,0.26216045022010803,0.001568325562402606,0.005982311828827923,0.08
23,octanol_hl_gap_eV,115,0.11697503924369812,0.001738513819873333,0.6278483555930434,0.9773282414696334,0.41917937994003296,0.0004274848324712366,0.0010198135999256255,0.16
23,octanol_hl_gap_eV,116,0.05935433879494667,0.0017804123926907778,0.6210693667350926,0.9730878018184279,0.3353729546070099,0.0010097007034346461,0.00301068016834516,0.04
23,octanol_hl_gap_eV,117,0.06414379924535751,0.0017062575789168477,0.627194825672373,0.9764698586802705,0.38245153427124023,0.0005596958799287677,0.0014634426320063424,0.1
23,octanol_hl_gap_eV,118,0.025223130360245705,0.0021521328017115593,0.6220011638532903,0.9740273047652637,0.45862019062042236,0.0006785902078263462,0.0014796343940033426,0.06
23,octanol_hl_gap_eV,119,0.034607186913490295,0.002144922036677599,0.6408762123493985,0.9705576678415531,0.37046319246292114,0.0006083956686779857,0.0016422567236254616,0.06
23,octanol_hl_gap_eV,120,0.027945799753069878,0.001849242253229022,0.6355960819766497,0.9780585563243729,0.3235609233379364,0.0005141815636307001,0.0015891336887232021,0.04
23,octanol_hl_gap_eV,121,0.06639034301042557,0.004171207547187805,0.6020177382228757,0.9221852147451668,0.8596554398536682,0.0328238271176815,0.03818253871954654,0.06
23,octanol_hl_gap_eV,122,0.05587562546133995,0.001987435156479478,0.6219649100121114,0.9745696616854238,0.3586971163749695,0.0010290091158822179,0.002868740976458053,0.16
23,octanol_hl_gap_eV,123,0.11621275544166565,0.0021318625658750534,0.5995375036218114,0.986297179016423,0.39259517192840576,0.0019545299001038074,0.004978486848178149,0.1
23,octanol_hl_gap_eV,124,0.021419359371066093,0.0012380322441458702,0.6456819180730704,0.9496284994777524,0.3015430271625519,0.00123695470392704,0.004102083591739757,0.02
23,octanol_hl_gap_eV,125,0.05668698251247406,0.0014641612069681287,0.5957137458187887,0.9648128232623796,0.276221364736557,0.0010787597857415676,0.003905417623182126,0.02
23,octanol_hl_gap_eV,126,0.018723221495747566,0.0017372602596879005,0.6028592707537381,0.9629649960590136,0.3925696313381195,0.000519513909239322,0.0013233675449333612,0.02
23,octanol_hl_gap_eV,127,0.2476794421672821,0.001998880412429571,0.6350175229401955,0.8967546559480983,0.4071400761604309,0.054661329835653305,0.1342568148808676,0.16
23,octanol_hl_gap_eV,128,0.036064114421606064,0.0016460369806736708,0.6210053655360834,0.965498138198023,0.2725188434123993,0.0025730105116963387,0.009441587522821806,0.1
23,octanol_hl_gap_eV,129,0.15545548498630524,0.001667382544837892,0.6508209473738555,0.9682854850653149,0.39686161279678345,0.0013257517712190747,0.0033405895870758802,0.16
23,octanol_hl_gap_eV,130,0.16998770833015442,0.0036869151517748833,0.6255147018863316,0.9332681747212164,0.6295380592346191,0.040685657411813736,0.06462779623090399,0.1
23,octanol_hl_gap_eV,131,0.040477268397808075,0.0024992150720208883,0.6238790001466139,0.9732184291104973,0.4080587327480316,0.000515652762260288,0.0012636729001917811,0.0
23,octanol_hl_gap_eV,132,0.059129755944013596,0.002016625599935651,0.6507884783220719,0.9747154660110793,0.4452721178531647,0.001352257328107953,0.003036923431513582,0.08
23,octanol_hl_gap_eV,133,0.1861381232738495,0.0016373037360608578,0.6544878435663064,0.9648336447961474,0.3297570049762726,0.00290283584035933,0.008802954286196896,0.1
23,octanol_hl_gap_eV,134,0.10317463427782059,0.0016828192165121436,0.6147241240602563,0.9429795752987349,0.3753162622451782,0.012531401589512825,0.03338891183278009,0.14
23,octanol_hl_gap_eV,135,0.054780106991529465,0.0030135102570056915,0.5936139046353821,0.9703885659435774,0.5407103896141052,0.0017562526045367122,0.0032480467146009835,0.04
23,octanol_hl_gap_eV,136,0.08775405585765839,0.00255160266533494,0.6069397681273663,0.9693923631086108,0.5324940085411072,0.0020787985995411873,0.003903891060176519,0.12
23,octanol_hl_gap_eV,137,0.06146984547376633,0.0049270265735685825,0.6086924958467614,0.967960210808835,1.0660208463668823,0.0004484717210289091,0.0004206969521818927,0.08
23,octanol_hl_gap_eV,138,0.08716192841529846,0.0018881531432271004,0.6326387960624842,0.9729843191458714,0.33715325593948364,0.0010027603711932898,0.0029741975007747732,0.06
23,octanol_hl_gap_eV,139,0.04624079540371895,0.0022399695590138435,0.6229235782117319,0.9838445506925095,0.47171908617019653,0.002299023326486349,0.004873712753816495,0.1
23,octanol_hl_gap_eV,140,0.037878911942243576,0.002016920829191804,0.6200492192550884,0.9727508799153426,0.38314124941825867,0.0013676605885848403,0.0035695989159648654,0.2
23,octanol_hl_gap_eV,141,0.07718393206596375,0.0029855025932192802,0.608437078968088,0.9643316000714335,0.6324131488800049,0.0013322136364877224,0.0021065558786167787,0.12
23,octanol_hl_gap_eV,142,0.026237037032842636,0.002200172282755375,0.6418249527451831,0.9422836005709991,0.36814358830451965,0.004954238422214985,0.013457353542490481,0.0
23,octanol_hl_gap_eV,143,0.0744246244430542,0.0015168735990300775,0.6627723484541783,0.9634532449048452,0.35510557889938354,0.000538030406460166,0.0015151280025724767,0.06
23,octanol_hl_gap_eV,144,0.10697785019874573,0.0018832586938515306,0.6513275139001544,0.9756863237675646,0.37861910462379456,0.0034294486977159977,0.009057780380954585,0.16
23,octanol_hl_gap_eV,145,0.041479822248220444,0.0023112373892217875,0.6045721624193252,0.9729355907155486,0.4206642806529999,0.0011710065882652998,0.0027837081542733764,0.02
23,octanol_hl_gap_eV,146,0.03343229368329048,0.0015077384887263179,0.6374200556927616,0.9598464078798432,0.3552204370498657,0.0011205892078578472,0.003154630451908766,0.02
23,octanol_hl_gap_eV,147,0.08991813659667969,0.004489007871598005,0.6077395199480569,0.9819231011718599,0.9706027507781982,0.0019492802675813437,0.002008319331486,0.08
23,octanol_hl_gap_eV,148,0.0747423768043518,0.0018007650505751371,0.6397271653786116,0.9634457103615457,0.4606797397136688,0.001840204931795597,0.003994542787879839,0.06
23,octanol_hl_gap_eV,149,0.062439389526844025,0.0021569328382611275,0.6150519288175742,0.9781529021199218,0.43937742710113525,0.00166578299831599,0.0037912348144652466,0.04
23,octanol_hl_gap_eV,150,0.04124078527092934,0.0018497459823265672,0.6137868648954694,0.9752656118016862,0.41239026188850403,0.00043650437146425247,0.0010584740033998865,0.02
23,octanol_hl_gap_eV,151,0.04020067676901817,0.005655549466609955,0.6449985564385547,0.9785634875778568,1.1134297847747803,0.003075248561799526,0.0027619600300359975,0.0
23,octanol_hl_gap_eV,152,0.0115110594779253,0.0015784443821758032,0.6007684999930469,0.9772335262612111,0.35667872428894043,0.0007350167725235224,0.0020607250235876013,0.04
23,octanol_hl_gap_eV,153,0.04302811622619629,0.0017537587555125356,0.6251711993616764,0.9599201647119289,0.4135996997356415,0.0007313654059544206,0.0017682928842111922,0.04
23,octanol_hl_gap_eV,154,0.09576927125453949,0.0041597397066652775,0.6026294858193277,0.9129156535594478,0.7378555536270142,0.04934141784906387,0.0668713782887727,0.04
23,octanol_hl_gap_eV,155,0.037686921656131744,0.0020240407902747393,0.5908951955210557,0.9505586091142708,0.4351533353328705,0.00236348994076252,0.00543139566873495,0.12
23,octanol_hl_gap_eV,156,0.10382412374019623,0.0017172029474750161,0.655201093715815,0.9719176747991869,0.3689495921134949,0.0005831526941619813,0.0015805755220420303,0.18
23,octanol_hl_gap_eV,157,0.05337711423635483,0.0027823355048894882,0.5934480237147497,0.9684834154636714,0.581514298915863,0.0026617436669766903,0.004577262626110948,0.06
23,octanol_hl_gap_eV,158,0.04374266788363457,0.0012234322493895888,0.6576002506175667,0.9699766245276373,0.31127554178237915,0.0006350622279569507,0.002040193149518118,0.02
23,octanol_hl_gap_eV,159,0.0756760984659195,0.001959628891199827,0.6222569334229475,0.9202426665383054,0.38300928473472595,0.034677911549806595,0.09054065510141532,0.02
23,octanol_hl_gap_eV,160,0.08829880505800247,0.001640530303120613,0.648054513358743,0.9798109114536164,0.3569004535675049,0.0006842322763986886,0.0019171516022443817,0.1
23,octanol_hl_gap_eV,161,0.04091896116733551,0.0015006894245743752,0.6478205456062982,0.9549215471379868,0.30938413739204407,0.0008000683737918735,0.0025860032144377405,0.02
23,octanol_hl_gap_eV,162,0.1029156818985939,0.0014729609247297049,0.6583255001185857,0.9258992523956258,0.3538239002227783,0.01163637638092041,0.03288747982709419,0.08
23,octanol_hl_gap_eV,163,0.07603350281715393,0.0020604808814823627,0.6124875716684026,0.982395059176159,0.3697996437549591,0.0011485329596325755,0.0031058249488028974,0.08
23,octanol_hl_gap_eV,164,0.05617332085967064,0.0019166059792041779,0.6313953588166961,0.9686576195990433,0.42959514260292053,0.0006660452927462757,0.0015504022897249296,0.04
23,octanol_hl_gap_eV,165,0.034268610179424286,0.001909232814796269,0.6478075725138759,0.9701379303580364,0.34373047947883606,0.0014214874245226383,0.004135470984935339,0.04
23,octanol_hl_gap_eV,166,0.04246979206800461,0.002222705166786909,0.5950926863233594,0.9806890070372738,0.4555451571941376,0.002058932790532708,0.00451971173003879,0.16
23,octanol_hl_gap_eV,167,0.07593072205781937,0.0022468366660177708,0.6164672497929315,0.9802546551386906,0.4930034279823303,0.0007492101867683232,0.0015196855523592334,0.2
23,octanol_hl_gap_eV,168,0.10505498200654984,0.0017732398118823767,0.64598251433773,0.9604852463100924,0.3963775932788849,0.0010037774918600917,0.002532376978115032,0.06
23,octanol_hl_gap_eV,169,0.07721660286188126,0.0023907760623842478,0.5912701112446803,0.97401474984776,0.45156198740005493,0.001307629863731563,0.002895792604821466,0.06
23,octanol_hl_gap_eV,170,0.04155794158577919,0.0017805597744882107,0.6424302916144511,0.9803335879084092,0.3680216670036316,0.0009135226137004793,0.002482252257423378,0.04
23,octanol_hl_gap_eV,171,0.04068461060523987,0.001910158433020115,0.621463036423848,0.9661892459956194,0.3473517596721649,0.0010843543568626046,0.003121775913517848,0.02
23,octanol_hl_gap_eV,172,0.04467230290174484,0.0017826830735430121,0.6593928741963695,0.9723130991138225,0.3947347402572632,0.000691019173245877,0.0017505912268971167,0.18
23,octanol_hl_gap_eV,173,0.5447932481765747,0.002416748320683837,0.6160132539848946,0.9241847540360417,0.518517792224884,0.11179009824991226,0.21559549146855173,0.34
23,octanol_hl_gap_eV,174,0.0604143850505352,0.0020804964005947113,0.640528232523337,0.9711357159079466,0.36333146691322327,0.000978517229668796,0.002693180521858024,0.04
23,octanol_hl_gap_eV,175,0.021470816805958748,0.002060813596472144,0.6146382154365291,0.9609663754200652,0.4160231053829193,0.0007056863978505135,0.0016962673195782718,0.02
23,octanol_hl_gap_eV,176,0.03511103242635727,0.001570108812302351,0.6493145749869496,0.9749830721463553,0.34544575214385986,0.0007459626067429781,0.002159420407150713,0.08
23,octanol_hl_gap_eV,177,0.037084825336933136,0.0020460975356400013,0.6358054311611068,0.961053168883975,0.3314184546470642,0.0006965664797462523,0.0021017733622831695,0.02
23,octanol_hl_gap_eV,178,0.06017664819955826,0.0019054419826716185,0.6482796934876811,0.9830702133793561,0.4538303017616272,0.000642657105345279,0.0014160735914959517,0.14
23,octanol_hl_gap_eV,179,0.09162551909685135,0.003926452714949846,0.5999225649243549,0.9759876107366476,0.8166019320487976,0.002139834687113762,0.0026204134513190106,0.1
23,octanol_hl_gap_eV,180,0.027813492342829704,0.001531368587166071,0.6508971866899351,0.9669639836865171,0.3511139750480652,0.0006663909880444407,0.001897933535551287,0.06
23,octanol_hl_gap_eV,181,0.07863114774227142,0.001922623603604734,0.6207706850853909,0.969097989699363,0.4518946707248688,0.001821407931856811,0.004030602814888595,0.12
23,octanol_hl_gap_eV,182,0.052919190376996994,0.004263439681380987,0.5979393802145994,0.9776041887752955,0.8357658982276917,0.0013401559554040432,0.001603506386472517,0.06
23,octanol_hl_gap_eV,183,0.11168572306632996,0.0030615851283073425,0.5868555703623954,0.9765434107404474,0.6054818630218506,0.002178202848881483,0.003597470018359371,0.14
23,octanol_hl_gap_eV,184,0.036573633551597595,0.002216949360445142,0.6149156581785373,0.9667441105646639,0.4510990381240845,0.0005546248285099864,0.0012294968103155762,0.06
23,octanol_hl_gap_eV,185,0.13838621973991394,0.002725579310208559,0.5944649795136936,0.9652126442026783,0.5086777806282043,0.02326221950352192,0.04573075606879007,0.3
23,octanol_hl_gap_eV,186,0.03330899775028229,0.002965772757306695,0.5910072451623156,0.9756669890671534,0.6261683106422424,0.001365280244499445,0.0021803726271281874,0.02
23,octanol_hl_gap_eV,187,0.04736858978867531,0.001749446731992066,0.6260381174854974,0.9772693413549072,0.42302748560905457,0.00081003422383219,0.001914850101680608,0.06
23,octanol_hl_gap_eV,188,0.12789767980575562,0.0018459672573953867,0.6358991770686313,0.9769545585003461,0.43083611130714417,0.0016037827590480447,0.003722489171537211,0.18
23,octanol_hl_gap_eV,189,0.04343172535300255,0.0015363587299361825,0.6520396563595954,0.9691163694617768,0.3239477276802063,0.0009295515483245254,0.0028694492008974892,0.06
23,octanol_hl_gap_eV,190,0.03718907758593559,0.0020943288691341877,0.639288234436227,0.9829620215570485,0.4902594983577728,0.0004587934527080506,0.0009358175705822644,0.06
23,octanol_hl_gap_eV,191,0.011332908645272255,0.0019187016878277063,0.6027015405788634,0.9633204034284537,0.38123610615730286,0.0016235336661338806,0.004258604156092157,0.04
23,octanol_hl_gap_eV,192,0.2570367753505707,0.0016184174455702305,0.6685399177988125,0.910915067998237,0.3772979974746704,0.045981038361787796,0.1218692881211878,0.18
23,octanol_hl_gap_eV,193,0.04344025254249573,0.0033004358410835266,0.6376009523316652,0.9822022999345836,0.5609361529350281,0.0007416422013193369,0.0013221508320310378,0.08
23,octanol_hl_gap_eV,194,0.04060584679245949,0.002029384719207883,0.6308951062872132,0.9673803814616446,0.4593968391418457,0.0009746484574861825,0.0021215828548294497,0.06
23,octanol_hl_gap_eV,195,0.2412853240966797,0.0025343478191643953,0.6466352677116538,0.9318620535422737,0.4773452877998352,0.09720911830663681,0.203645287365651,0.14
23,octanol_hl_gap_eV,196,0.1423368602991104,0.002354307333007455,0.6398797340872096,0.9168578433194365,0.3759516775608063,0.04917854070663452,0.13081080266939468,0.12
23,octanol_hl_gap_eV,197,0.034359369426965714,0.0030311543960124254,0.5963643357009625,0.9750308802442833,0.5037469863891602,0.001391326542943716,0.00276195506977956,0.02
23,octanol_hl_gap_eV,198,0.030847761780023575,0.003778382670134306,0.6022838664889338,0.9725469599560674,0.7963167428970337,0.0009425261523574591,0.0011836071020289104,0.02
23,octanol_hl_gap_eV,199,0.1435553878545761,0.0017863208195194602,0.6404641145475287,0.921515422252573,0.41369470953941345,0.033707041293382645,0.08147805740834912,0.1
23,octanol_hl_gap_eV,200,0.06270192563533783,0.002760630566626787,0.6246386710353031,0.9757115328396331,0.4164242446422577,0.006409119348973036,0.015390841026749032,0.02
23,octanol_hl_gap_eV,201,0.07363883405923843,0.0033644577488303185,0.6417615966284806,0.9790902320522181,0.5513087511062622,0.002870411379262805,0.005206540570058077,0.02
23,octanol_hl_gap_eV,202,0.2825475037097931,0.0014885064447298646,0.6401273702299857,0.8951859600210197,0.3279270827770233,0.05004516988992691,0.1526106641333907,0.08
23,octanol_hl_gap_eV,203,0.06747887283563614,0.0019701216369867325,0.6451288438049925,0.9774627364730633,0.4539630711078644,0.0017448075814172626,0.003843501140212098,0.18
23,octanol_hl_gap_eV,204,0.16299551725387573,0.001539505203254521,0.6461090977930761,0.9019487048920798,0.31551358103752136,0.03838995844125748,0.12167450388353357,0.04
23,octanol_hl_gap_eV,205,0.0463518425822258,0.0016991511220112443,0.610873212120788,0.975020818059007,0.40041226148605347,0.0011225680354982615,0.0028035306194971778,0.2
23,octanol_hl_gap_eV,206,0.014955487102270126,0.0018766358261927962,0.6433465888023149,0.9678943080309246,0.35771363973617554,0.001743143075145781,0.004873012604247914,0.04
23,octanol_hl_gap_eV,207,0.02907087467610836,0.0021706356201320887,0.5949359683821409,0.9686667755266387,0.45513078570365906,0.0018935526022687554,0.004160458184214481,0.02
23,octanol_hl_gap_eV,208,0.015576846897602081,0.0060823895037174225,0.6121398975053693,0.9749367352777412,1.2646268606185913,0.004670882131904364,0.0036934864167123614,0.04
23,octanol_hl_gap_eV,209,0.05226346477866173,0.00247383420355618,0.6323587286408843,0.9731907604993215,0.4024105668067932,0.0007735159015282989,0.0019222057404364385,0.0
23,octanol_hl_gap_eV,210,0.12906213104724884,0.0015964434714987874,0.662959770736955,0.9140894705510922,0.3789406716823578,0.03926190733909607,0.10360964201806995,0.16
23,octanol_hl_gap_eV,211,0.03148852288722992,0.0016020708717405796,0.6267230756103788,0.9678328501014177,0.38231539726257324,0.0016045506345108151,0.004196929148026999,0.16
23,octanol_hl_gap_eV,212,0.04139448702335358,0.0017082486301660538,0.6081849760301112,0.9654683352476192,0.39367741346359253,0.0006602595094591379,0.0016771587266085283,0.04
23,octanol_hl_gap_eV,213,0.051567625254392624,0.00204991502687335,0.6364023174798772,0.9724291025035865,0.4023960828781128,0.0010741703445091844,0.0026694353901912968,0.02
23,octanol_hl_gap_eV,214,0.03862239792943001,0.0031171732116490602,0.6283506688705938,0.9802484542621392,0.5123189687728882,0.0015366480220109224,0.002999397085943388,0.02
23,octanol_hl_gap_eV,215,0.059247937053442,0.002393185393884778,0.6031744568161439,0.9730943998686437,0.41702309250831604,0.0012989342212677002,0.003114777681626342,0.1
23,octanol_hl_gap_eV,216,0.016622869297862053,0.002495067659765482,0.5917864103334205,0.9643814858905757,0.5422481298446655,0.0009274385520257056,0.0017103582308183951,0.02
23,octanol_hl_gap_eV,217,0.05789567902684212,0.002659119199961424,0.6201082158145774,0.9733522970965773,0.4480881989002228,0.0010981294326484203,0.002450699293897147,0.06
23,octanol_hl_gap_eV,218,0.007777007296681404,0.002486009616404772,0.639021258182467,0.9502822036603245,0.41722193360328674,0.0016003039199858904,0.0038356179076326578,0.0
23,octanol_hl_gap_eV,219,0.051105838268995285,0.0018601745832711458,0.6248511893086042,0.9697021939769042,0.3888418972492218,0.0008116437820717692,0.0020873362356617644,0.04
23,octanol_hl_gap_eV,220,0.1268913894891739,0.004952721297740936,0.6135457472619561,0.914176524644835,0.8849512338638306,0.08726511895656586,0.09861008789778526,0.02
23,octanol_hl_gap_eV,221,0.025342145934700966,0.0017716672737151384,0.6253765378099094,0.9723984630635703,0.34506234526634216,0.0004554463957902044,0.0013198959609419581,0.02
23,octanol_hl_gap_eV,222,0.24219736456871033,0.0019394492264837027,0.6257586483496864,0.9541038761721077,0.43530404567718506,0.0201142355799675,0.04620732515517192,0.2
23,octanol_hl_gap_eV,223,0.11618932336568832,0.001952933263964951,0.6090978663649174,0.9873115927373788,0.3411334753036499,0.0038175012450665236,0.01119063803887463,0.1
23,octanol_hl_gap_eV,224,0.10530586540699005,0.001985708950087428,0.6278465260344515,0.9721309261190829,0.435455322265625,0.0006248932331800461,0.0014350340924272024,0.14
23,octanol_hl_gap_eV,225,0.026543952524662018,0.0032188158947974443,0.5949312681985817,0.9554158441777036,0.673604428768158,0.0013658483512699604,0.00202767127551066,0.02
23,octanol_hl_gap_eV,226,0.019070081412792206,0.001978714019060135,0.5982487108591212,0.9671463810860375,0.40544942021369934,0.0006707410793751478,0.001654315053704163,0.02
23,octanol_hl_gap_eV,227,0.028423327952623367,0.0017298266757279634,0.6202348740028536,0.9700199320851068,0.3687698543071747,0.0011632735840976238,0.0031544703844708804,0.12
23,octanol_hl_gap_eV,228,0.06282081454992294,0.0014302360359579325,0.634859001968143,0.9823892209039309,0.18226809799671173,0.0106434291228652,0.058394361053008936,0.04
23,octanol_hl_gap_eV,229,0.057440802454948425,0.0015624790685251355,0.6467728875700671,0.9757332697051895,0.3584967851638794,0.0008872518665157259,0.002474922797732027,0.08
23,octanol_hl_gap_eV,230,0.03847244381904602,0.002949034096673131,0.6272292339823571,0.9667403474896814,0.4903319776058197,0.001194325857795775,0.00243574947656361,0.0
23,octanol_hl_gap_eV,231,0.06679202616214752,0.0016922230133786798,0.6567288200075869,0.9624775265071635,0.3497624397277832,0.0007770251831971109,0.0022215798351642967,0.14
23,octanol_hl_gap_eV,232,0.07558371126651764,0.0021312322933226824,0.632960623445092,0.9727835776591167,0.45650357007980347,0.0011224710615351796,0.0024588439940107266,0.12
23,octanol_hl_gap_eV,233,0.02763531170785427,0.0022384081967175007,0.6254819097408924,0.9653282687344835,0.3729940950870514,0.00229146727360785,0.0061434411530645145,0.02
23,octanol_hl_gap_eV,234,0.07093749940395355,0.00205876468680799,0.6308640323766515,0.9751181590618387,0.43311619758605957,0.0009423306910321116,0.0021756994919241547,0.08
23,octanol_hl_gap_eV,235,0.2323467880487442,0.002287148730829358,0.6278478961618081,0.9104498732417547,0.3800346553325653,0.07401093095541,0.1947478471157943,0.1
23,octanol_hl_gap_eV,236,0.04227672889828682,0.0019271494820713997,0.6372258496945942,0.9722037509118391,0.46006935834884644,0.0008190565276890993,0.0017802892386239984,0.06
23,octanol_hl_gap_eV,237,0.24831050634384155,0.0017354495357722044,0.6167547958215942,0.979466056101131,0.3572010099887848,0.0018358287634328008,0.005139483685923624,0.16
23,octanol_hl_gap_eV,238,0.05901480093598366,0.0016094878083094954,0.6313769026580633,0.9712270499338962,0.37379515171051025,0.0007560713565908372,0.0020226890400557814,0.16
23,octanol_hl_gap_eV,239,0.11157006025314331,0.004510785453021526,0.6359767393200997,0.962085945954646,0.8195961713790894,0.0013445197837427258,0.001640466159670288,0.04
23,octanol_hl_gap_eV,240,0.03388700634241104,0.0014530476182699203,0.6518478134388195,0.9614558257174977,0.3553260564804077,0.0004051532014273107,0.0011402293584671305,0.02
23,octanol_hl_gap_eV,241,0.10938529670238495,0.002615260658785701,0.6093966041087513,0.931850912466202,0.4553680121898651,0.03658529743552208,0.0803422648410971,0.08
23,octanol_hl_gap_eV,242,0.09503859281539917,0.0032618101686239243,0.6486655060414497,0.962215774686844,0.5686064958572388,0.02116270363330841,0.03721854004042503,0.1
23,octanol_hl_gap_eV,243,0.09251181036233902,0.0022726496681571007,0.6154165111614942,0.9783281995604383,0.45183664560317993,0.002305334433913231,0.005102141352071436,0.08
23,octanol_hl_gap_eV,244,0.02684560790657997,0.004484329838305712,0.6197843384712369,0.9800912629597667,0.805140495300293,0.0012021878501400352,0.00149314046077344,0.02
23,octanol_hl_gap_eV,245,0.010906207375228405,0.009705103002488613,0.6196421106441323,0.9742356440972499,2.0877389907836914,0.0017010712763294578,0.0008147911610784799,0.06
23,octanol_hl_gap_eV,246,0.043114349246025085,0.0020648615900427103,0.6187065930227627,0.9452712086425366,0.4240570664405823,0.0013357416028156877,0.003149910020430819,0.04
23,octanol_hl_gap_eV,247,0.040092386305332184,0.0020019467920064926,0.6126338518735515,0.9590166602580108,0.4040190577507019,0.0010495600290596485,0.002597798318977504,0.04
23,octanol_hl_gap_eV,248,0.008966747671365738,0.0016179251251742244,0.656898966104605,0.9737883054321894,0.39463236927986145,0.0011895179050043225,0.0030142431224660948,0.04
23,octanol_hl_gap_eV,249,0.02782229520380497,0.002276805927976966,0.608836815423689,0.9792171266191523,0.48170503973960876,0.0008813659660518169,0.0018296797694461523,0.08
23,octanol_dipole,0,0.19029691815376282,0.02033117413520813,0.6108115150197502,0.9288164074752849,3.8110623359680176,0.2681829035282135,0.07036959248794195,0.1
23,octanol_dipole,1,0.08125273138284683,0.014965959824621677,0.6155600439491951,0.9580671901257212,2.8054614067077637,0.012438810430467129,0.004433784189911276,0.04
23,octanol_dipole,2,0.13882651925086975,0.015923596918582916,0.6103502361110447,0.9445680723109611,3.070793867111206,0.02796076238155365,0.009105385640182104,0.08
23,octanol_dipole,3,0.20950166881084442,0.00999301765114069,0.6128622330661382,0.9542688562233517,1.867903470993042,0.0908612310886383,0.04864342965235422,0.12
23,octanol_dipole,4,0.16302362084388733,0.017063306644558907,0.6058923602152639,0.9512079077982805,3.2672433853149414,0.011043752543628216,0.003380143821934364,0.14
23,octanol_dipole,5,0.3119579553604126,0.007859497331082821,0.6164221723400165,0.9164988548849731,1.4269250631332397,0.19506864249706268,0.13670559690691203,0.22
23,octanol_dipole,6,0.2871650457382202,0.01508072018623352,0.6104455222440197,0.9272076708241959,2.894160509109497,0.17723479866981506,0.0612387592574637,0.12
23,octanol_dipole,7,0.12368754297494888,0.014666618779301643,0.6133187959090383,0.9686841547752787,2.7326908111572266,0.009679787792265415,0.003542218443720044,0.1
23,octanol_dipole,8,0.36507177352905273,0.01853056624531746,0.6110824970287985,0.9010947840091312,3.6624178886413574,0.6675712466239929,0.18227609926611651,0.16
23,octanol_dipole,9,0.24822765588760376,0.0213248822838068,0.6020072561905239,0.9016246134141888,3.9707841873168945,0.3914332091808319,0.09857831368199538,0.1
23,octanol_dipole,10,0.23201298713684082,0.016483338549733162,0.5962040504459423,0.9290228698085019,3.0116820335388184,0.18473945558071136,0.06134095615785736,0.1
23,octanol_dipole,11,0.24361643195152283,0.016766730695962906,0.6073526737229191,0.9357091488291758,3.2559878826141357,0.2437335103750229,0.07485700781519386,0.1
23,octanol_dipole,12,0.1079859733581543,0.014581582508981228,0.6084253780725382,0.9621797763845845,2.7975878715515137,0.014634320512413979,0.005231049455579007,0.08
23,octanol_dipole,13,0.1325910985469818,0.032834459096193314,0.6014989301713962,0.9342009066981505,6.053723335266113,0.15406547486782074,0.02544970530290153,0.06
23,octanol_dipole,14,0.17023955285549164,0.010996753349900246,0.6096780795799692,0.9496067787985547,2.0730340480804443,0.017133956775069237,0.008265159364331073,0.1
23,octanol_dipole,15,0.3689376711845398,0.007653644774109125,0.6245833925689259,0.9314156910511135,1.3906461000442505,0.24882161617279053,0.1789251889210871,0.16
23,octanol_dipole,16,0.07368622720241547,0.01249816082417965,0.6203861487783824,0.9618105754642023,2.3025641441345215,0.011609292589128017,0.00504189758131219,0.06
23,octanol_dipole,17,0.14548859000205994,0.013457994908094406,0.6142512365823063,0.946135030154599,2.47817325592041,0.02017616294324398,0.008141546558555857,0.04
23,octanol_dipole,18,0.11311907321214676,0.020631635561585426,0.5873075396122105,0.9750157363919634,3.791222095489502,0.017997069284319878,0.004747036399089195,0.12
23,octanol_dipole,19,0.2879749536514282,0.016830487176775932,0.6041577299758121,0.8987351690757379,3.2269270420074463,0.4503350257873535,0.13955537882480404,0.18
23,octanol_dipole,20,0.24005988240242004,0.023529671132564545,0.6035149264826125,0.9068457190835029,4.6953630447387695,0.5993044972419739,0.12763752057756306,0.12
23,octanol_dipole,21,0.1928805410861969,0.012367362156510353,0.614323749528394,0.9490699688419071,2.3054511547088623,0.06926582753658295,0.030044370011964097,0.1
23,octanol_dipole,22,0.11442941427230835,0.01575789973139763,0.6121434951056683,0.9686691766189623,2.9340193271636963,0.010931692086160183,0.003725841880096885,0.04
23,octanol_dipole,23,0.2584381401538849,0.020450664684176445,0.6104329797263883,0.9230961311781654,4.056192398071289,0.4720139503479004,0.11636872811367184,0.16
23,octanol_dipole,24,0.15805450081825256,0.012731368653476238,0.6108916417371422,0.9670587831393422,2.4147789478302,0.011546352878212929,0.004781536168595434,0.12
23,octanol_dipole,25,0.1429164707660675,0.013095554895699024,0.6163380282746105,0.9392277352492029,2.496241569519043,0.062235597521066666,0.024931720663981152,0.12
23,octanol_dipole,26,0.2884644865989685,0.010517125949263573,0.6064455603997538,0.9019452640714483,1.9616137742996216,0.41232603788375854,0.2101973606047787,0.16
23,octanol_dipole,27,0.13773925602436066,0.007224647793918848,0.6216296550967855,0.9585866121785205,1.268282413482666,0.02031627669930458,0.016018732486810003,0.08
23,octanol_dipole,28,0.2756941020488739,0.02221517823636532,0.598779167319754,0.9092847563777333,4.081404685974121,0.5826653838157654,0.14276099251272822,0.16
23,octanol_dipole,29,0.13263268768787384,0.015909336507320404,0.6131743027479639,0.9724539971084647,2.938584089279175,0.013244377449154854,0.004507060899660576,0.04
23,octanol_dipole,30,0.10209529846906662,0.01651509664952755,0.6148599540511879,0.9668406140691901,3.123432159423828,0.012073120102286339,0.003865337707387068,0.06
23,octanol_dipole,31,0.4770987927913666,0.01423553191125393,0.6168969157144504,0.8867183684534841,2.8032724857330322,0.765647292137146,0.2731262465685478,0.36
23,octanol_dipole,32,0.19371755421161652,0.021592959761619568,0.5986124875101193,0.9282465400843241,3.9436283111572266,0.2550806999206543,0.06468172956335301,0.12
23,octanol_dipole,33,0.3802400827407837,0.012141234241425991,0.6098193070524787,0.9150932681015684,2.432969570159912,0.762937605381012,0.3135828802539714,0.18
23,octanol_dipole,34,0.17799176275730133,0.008782858029007912,0.6173873578176474,0.9585605514472151,1.6180307865142822,0.03199063986539841,0.019771341887947463,0.08
23,octanol_dipole,35,0.2115996778011322,0.01867869310081005,0.6166694821545287,0.9064191097407523,3.5843727588653564,0.2663188874721527,0.07429999762537441,0.06
23,octanol_dipole,36,0.21686087548732758,0.012462165206670761,0.6154954484072075,0.9474051680432207,2.2999107837677,0.10158663243055344,0.0441698143891194,0.14
23,octanol_dipole,37,0.07483457028865814,0.01696978323161602,0.5992572236039031,0.9597669610502062,3.2283718585968018,0.011289369314908981,0.003496923467737034,0.06
23,octanol_dipole,38,0.12378209084272385,0.01321454718708992,0.6147564069157803,0.9661276066215396,2.490201234817505,0.011577890254557133,0.004649379372509074,0.06
23,octanol_dipole,39,0.2909488081932068,0.008050006814301014,0.6165719152955564,0.9438623154829917,1.4373193979263306,0.31564658880233765,0.21960782638690585,0.12
23,octanol_dipole,40,0.17921724915504456,0.013412724249064922,0.6024605380902901,0.9342362642543878,2.505831718444824,0.08831725269556046,0.03524468624348491,0.1
23,octanol_dipole,41,0.175404891371727,0.014393066987395287,0.6142939235258811,0.9479486582043986,2.729050874710083,0.05466914549469948,0.02003229254584973,0.08
23,octanol_dipole,42,0.10535050183534622,0.013357146643102169,0.6127106587099074,0.9628429624185626,2.431915044784546,0.012144635431468487,0.004993856778637773,0.06
23,octanol_dipole,43,0.1202734187245369,0.01613635942339897,0.606004500898669,0.9486572909368254,2.92587947845459,0.007684833370149136,0.002626503732207097,0.06
23,octanol_dipole,44,0.16987890005111694,0.021484922617673874,0.5739561400116389,0.925090284649132,3.858431100845337,0.19657984375953674,0.05094812855838437,0.12
23,octanol_dipole,45,0.07070056349039078,0.020040307193994522,0.5919660108777811,0.9605036151979374,3.5528903007507324,0.013045788742601871,0.0036718805362060494,0.02
23,octanol_dipole,46,0.4392819106578827,0.014938641339540482,0.6162012313030261,0.8935169062594208,2.940620183944702,0.7626921534538269,0.2593643876954934,0.18
23,octanol_dipole,47,0.0932043045759201,0.021423570811748505,0.6052389506976992,0.9589279757760087,3.8881547451019287,0.009246346540749073,0.0023780809013316875,0.04
23,octanol_dipole,48,0.11794887483119965,0.018757663667201996,0.6127333783409803,0.9525872775091369,3.481126070022583,0.007701903115957975,0.0022124746306323834,0.04
23,octanol_dipole,49,0.08511191606521606,0.04198575019836426,0.589565632250937,0.9686842045902193,7.467636585235596,0.03176476061344147,0.004253656461569671,0.08
23,octanol_dipole,50,0.17422184348106384,0.01254554558545351,0.614949698102988,0.9565877571059924,2.3663060665130615,0.008013508282601833,0.003386505404353871,0.16
23,octanol_dipole,51,0.2638099193572998,0.016930803656578064,0.616409613204784,0.9074749447188175,3.274531841278076,0.537277102470398,0.1640775318467187,0.08
23,octanol_dipole,52,0.1274271458387375,0.010604515671730042,0.6128838608939233,0.9386119671361299,1.9793717861175537,0.03150710090994835,0.015917727599698728,0.12
23,octanol_dipole,53,0.2875765860080719,0.01636871136724949,0.6124560536909263,0.9090275949392013,3.2094907760620117,0.41530489921569824,0.12939900071165494,0.1
23,octanol_dipole,54,0.09098555892705917,0.012222534976899624,0.6146440173970407,0.9498296089130029,2.292877197265625,0.00839225947856903,0.003660143460180613,0.08
23,octanol_dipole,55,0.28260254859924316,0.011650312691926956,0.6004790041337895,0.9161327992029409,2.207474708557129,0.29396626353263855,0.13316857601724627,0.14
23,octanol_dipole,56,0.44400641322135925,0.012294813990592957,0.6201777198434606,0.9038844852420329,2.4057979583740234,0.5534346103668213,0.23004201514114853,0.26
23,octanol_dipole,57,0.1545705795288086,0.015923229977488518,0.6084281678721677,0.9636110400275728,3.0223617553710938,0.015220352448523045,0.0050359135273845635,0.1
23,octanol_dipole,58,0.10444547235965729,0.013745315372943878,0.6127416590183281,0.9519180609788322,2.6379518508911133,0.005163412541151047,0.0019573566285551497,0.06
23,octanol_dipole,59,0.09195814281702042,0.008892948739230633,0.612999298643969,0.9417808179198104,1.640273094177246,0.014932987280189991,0.009103964049157505,0.02
23,octanol_dipole,60,0.26281481981277466,0.027544774115085602,0.6212155504345445,0.8951039933833875,5.432144641876221,0.802619457244873,0.14775369769381813,0.06
23,octanol_dipole,61,0.14158844947814941,0.021083587780594826,0.6004886576636628,0.9644902501847741,3.7868282794952393,0.008608452044427395,0.0022732617929997205,0.04
23,octanol_dipole,62,0.22380584478378296,0.018395941704511642,0.6120240636140148,0.9240099474184875,3.4447989463806152,0.20328335464000702,0.05901167464463869,0.1
23,octanol_dipole,63,0.16616396605968475,0.011046231724321842,0.6132561400743017,0.965885021407942,2.0312156677246094,0.023897819221019745,0.011765279089142882,0.2
23,octanol_dipole,64,0.10681430250406265,0.019650747999548912,0.6132231728675233,0.9586150927991084,3.6603612899780273,0.011146779172122478,0.003045267471995747,0.04
23,octanol_dipole,65,0.06971728056669235,0.0075552333146333694,0.6131789979453977,0.9596144183716158,1.3464431762695312,0.013283593580126762,0.00986569193133751,0.04
23,octanol_dipole,66,0.14218245446681976,0.015278246253728867,0.6051422992292332,0.9622995905206817,2.9298384189605713,0.025640616193413734,0.008751546169740767,0.1
23,octanol_dipole,67,0.2613399624824524,0.013058916665613651,0.6089915485638797,0.9377743917440862,2.5163698196411133,0.15976248681545258,0.06348927155637164,0.16
23,octanol_dipole,68,0.19702672958374023,0.021315576508641243,0.5997060018264118,0.8998573231017675,4.049274444580078,0.3574696183204651,0.0882799185910788,0.02
23,octanol_dipole,69,0.30201882123947144,0.018335219472646713,0.6110774641886922,0.8900860434646278,3.5826940536499023,0.5678789019584656,0.1585061111707079,0.14
23,octanol_dipole,70,0.11152133345603943,0.020274437963962555,0.6156024707879582,0.9574323995269653,3.850736141204834,0.00866168737411499,0.0022493588385427226,0.08
23,octanol_dipole,71,0.47377148270606995,0.011255557648837566,0.6186384466609318,0.9024728660730663,2.186220645904541,0.5652451515197754,0.2585489953077939,0.38
23,octanol_dipole,72,0.2003367692232132,0.010894798673689365,0.6093014955599187,0.9446952987090569,2.07614803314209,0.05752817913889885,0.027709093099606386,0.12
23,octanol_dipole,73,0.33378392457962036,0.018552828580141068,0.6136478153336669,0.9095818637210316,3.6368844509124756,0.7224372029304504,0.1986417805353136,0.12
23,octanol_dipole,74,0.332177072763443,0.013255316764116287,0.6153785105580396,0.9062497924186657,2.540844202041626,0.4181385934352875,0.1645667975625202,0.18
23,octanol_dipole,75,0.15259557962417603,0.01418568380177021,0.6136483728909161,0.9665640921848369,2.692440986633301,0.010929355397820473,0.004059273890153792,0.1
23,octanol_dipole,76,0.3715832531452179,0.014868388883769512,0.6160899187594555,0.9010085803556691,2.8731820583343506,0.49245354533195496,0.17139656845046622,0.22
23,octanol_dipole,77,0.24836687743663788,0.01683969609439373,0.6037745363090552,0.9292985005530285,3.2620718479156494,0.15507806837558746,0.047539746396044885,0.16
23,octanol_dipole,78,0.30790460109710693,0.016638461500406265,0.6166513401381652,0.9051059965394928,3.22631573677063,0.5364281535148621,0.16626647770431732,0.08
23,octanol_dipole,79,0.2562304139137268,0.01807120256125927,0.6007480045083482,0.9318852840701681,3.5071702003479004,0.3319423496723175,0.09464677523759464,0.12
23,octanol_dipole,80,0.06437387317419052,0.024373874068260193,0.5977427779188267,0.9633891678914297,4.325746059417725,0.007874790579080582,0.0018204468017571477,0.02
23,octanol_dipole,81,0.11640209704637527,0.01196381077170372,0.6018889360192137,0.9661580620546666,2.165790557861328,0.017695201560854912,0.008170319838465149,0.1
23,octanol_dipole,82,0.102293960750103,0.016853054985404015,0.6139216349278132,0.9561196304845789,3.1308093070983887,0.00780592393130064,0.002493260740474518,0.06
23,octanol_dipole,83,0.2023889124393463,0.014803562313318253,0.6165206826545746,0.9619789481665455,2.7885377407073975,0.008799908682703972,0.0031557430814874348,0.12
23,octanol_dipole,84,0.12153318524360657,0.021647736430168152,0.5822058206491885,0.9414677222950594,3.829274892807007,0.05882170796394348,0.01536105649516974,0.08
23,octanol_dipole,85,0.11808744817972183,0.01401956845074892,0.6010845222191938,0.9608776179824638,2.6102664470672607,0.005945295095443726,0.002277658321863465,0.08
23,octanol_dipole,86,0.11036737263202667,0.011444012634456158,0.6131638695272164,0.9518714791977474,2.1280314922332764,0.017958616837859154,0.008439074752137416,0.14
23,octanol_dipole,87,0.059413984417915344,0.019471876323223114,0.6016366919837492,0.9686841290439221,3.589369535446167,0.006748415529727936,0.0018801116639245929,0.12
23,octanol_dipole,88,0.09623079001903534,0.015616080723702908,0.6140220220286625,0.9605622693020437,2.9641356468200684,0.0094906035810709,0.003201811493091567,0.1
23,octanol_dipole,89,0.30872637033462524,0.024868646636605263,0.6029748831930488,0.9019556724032403,4.914732933044434,1.0263160467147827,0.20882437778343954,0.08
23,octanol_dipole,90,0.08374638110399246,0.008294587954878807,0.6094265502034895,0.9622399530066132,1.523545742034912,0.012376365251839161,0.00812339591150625,0.1
23,octanol_dipole,91,0.08405672013759613,0.013692070730030537,0.6138011441855513,0.9492309980156928,2.600222587585449,0.0236354973167181,0.009089797707920797,0.04
23,octanol_dipole,92,0.25025632977485657,0.002134703565388918,0.6421703725438794,0.9582739296056575,0.3090607523918152,0.040508560836315155,0.13106989652623371,0.12
23,octanol_dipole,93,0.1953166127204895,0.014729009941220284,0.6088799960565048,0.9486298043156156,2.8178586959838867,0.027096185833215714,0.009615878138898224,0.14
23,octanol_dipole,94,0.10765224695205688,0.010333964601159096,0.6139963110125202,0.9675054092050601,1.8804882764816284,0.009588517248630524,0.005098950824926453,0.04
23,octanol_dipole,95,0.11271163821220398,0.021214667707681656,0.6079839671041916,0.9651688660297442,3.9805078506469727,0.010479066520929337,0.002632595365746137,0.08
23,octanol_dipole,96,0.0792589858174324,0.013043003156781197,0.6285526025406638,0.9603985797521373,2.538700580596924,0.025657713413238525,0.01010663234937522,0.06
23,octanol_dipole,97,0.15072782337665558,0.010456583462655544,0.6155225363373493,0.9677758620643939,1.9561562538146973,0.016462018713355064,0.008415492720099688,0.1
23,octanol_dipole,98,0.04127035662531853,0.015739621594548225,0.6128553017120455,0.9700484286223277,2.9095876216888428,0.012669067829847336,0.004354248600526316,0.08
23,octanol_dipole,99,0.2362416684627533,0.01776030659675598,0.6064317538236141,0.93949641779614,3.4866654872894287,0.11930972337722778,0.03421886149163694,0.16
23,octanol_dipole,100,0.293173611164093,0.022712446749210358,0.6150509237139834,0.9024157686090608,4.342396259307861,0.6825669407844543,0.15718670061982076,0.12
23,octanol_dipole,101,0.21539966762065887,0.031127676367759705,0.5970828797904555,0.8904966628908786,6.131354808807373,0.4945516586303711,0.08065944217091682,0.06
23,octanol_dipole,102,0.17256271839141846,0.004528339486569166,0.6399272035818508,0.9688162848001269,0.8098389506340027,0.07261572778224945,0.0896668747846722,0.06
23,octanol_dipole,103,0.15018801391124725,0.015702083706855774,0.5979645714367465,0.9620535653865607,2.9188973903656006,0.019527627155184746,0.006690069757038925,0.14
23,octanol_dipole,104,0.44446036219596863,0.011081528849899769,0.6177302149432782,0.9006826005192665,2.148374557495117,0.5454495549201965,0.2538894128201554,0.08
23,octanol_dipole,105,0.08880239725112915,0.014872260391712189,0.6143299344712096,0.9531826744656633,2.7993650436401367,0.007545442320406437,0.0026954120676575886,0.08
23,octanol_dipole,106,0.06562287360429764,0.017454424872994423,0.5908284971708648,0.9583487173286136,3.2699036598205566,0.01055716723203659,0.003228586628333857,0.06
23,octanol_dipole,107,0.1338767409324646,0.016081606969237328,0.6039512756228151,0.9464545222047942,3.0290300846099854,0.011833397671580315,0.003906662311379443,0.08
23,octanol_dipole,108,0.3191327750682831,0.010803344659507275,0.612552583690777,0.9305178608767672,2.077448606491089,0.2836541533470154,0.1365396729722816,0.14
23,octanol_dipole,109,0.37345993518829346,0.015372066758573055,0.6063215808136597,0.919308311723505,3.0035862922668457,0.3597991466522217,0.11978984841506804,0.22
23,octanol_dipole,110,0.1570332646369934,0.014156163670122623,0.6116367336739001,0.9565683370308615,2.615126371383667,0.014233794994652271,0.005442870811295116,0.12
23,octanol_dipole,111,0.2686731517314911,0.01265724841505289,0.6126791123016042,0.9274996766958377,2.39548659324646,0.29026535153388977,0.12117177042536083,0.18
23,octanol_dipole,112,0.14658834040164948,0.015438208356499672,0.6124657010306029,0.9625627762303366,2.8836333751678467,0.028038525953888893,0.009723332444179686,0.08
23,octanol_dipole,113,0.153364360332489,0.016108650714159012,0.59751549322638,0.9524842270164169,3.02085280418396,0.020073484629392624,0.006644972771129505,0.14
23,octanol_dipole,114,0.21029706299304962,0.02122729830443859,0.5999125286507705,0.939719231058187,4.107222557067871,0.1582712084054947,0.03853485079184115,0.1
23,octanol_dipole,115,0.08369292318820953,0.016686512157320976,0.6052395098436163,0.9668770174447954,3.093223810195923,0.008855658583343029,0.0028629220278703718,0.12
23,octanol_dipole,116,0.15058116614818573,0.015835106372833252,0.6082559180307898,0.9658277384964533,2.9789719581604004,0.006996432784944773,0.0023486064599497836,0.08
23,octanol_dipole,117,0.14045394957065582,0.009828370064496994,0.6200877339960327,0.9613475582496271,1.773038625717163,0.03114902600646019,0.01756815985543516,0.1
23,octanol_dipole,118,0.26146021485328674,0.011598595418035984,0.61465936782592,0.9260299753802601,2.189626693725586,0.29546841979026794,0.13494008848035052,0.12
23,octanol_dipole,119,0.3354502320289612,0.015905916690826416,0.6134856258117862,0.8978289228007683,3.111607789993286,0.5376771688461304,0.1727972177519489,0.14
23,octanol_dipole,120,0.07874250411987305,0.04575517028570175,0.603126228704584,0.9424657220403159,8.944074630737305,0.09023953229188919,0.010089308957884924,0.06
23,octanol_dipole,121,0.11209755390882492,0.013365227729082108,0.6148159757136591,0.9617227889517876,2.5099806785583496,0.010674617253243923,0.004252868296729309,0.1
23,octanol_dipole,122,0.08099909871816635,0.028583986684679985,0.5992632536498763,0.9559856529690445,5.214235782623291,0.009138722904026508,0.0017526485730625708,0.02
23,octanol_dipole,123,0.1083701103925705,0.011028608307242393,0.6132271718953257,0.9585149012534482,2.0493857860565186,0.012168839573860168,0.005937798367029648,0.12
23,octanol_dipole,124,0.159746453166008,0.022817520424723625,0.605984931262971,0.9678250303467713,4.178668975830078,0.021021483466029167,0.005030664928861306,0.12
23,octanol_dipole,125,0.23380187153816223,0.023856204003095627,0.5951080149243198,0.9193541645853418,4.323996543884277,0.19452600181102753,0.044987547940147844,0.2
23,octanol_dipole,126,0.09245109558105469,0.010217718780040741,0.6052500206729474,0.9393461316667187,1.8976870775222778,0.02665853127837181,0.014047906840983827,0.06
23,octanol_dipole,127,0.44196009635925293,0.013103662058711052,0.6169956130286454,0.8992074039188191,2.567889928817749,0.6571210026741028,0.25589920942469674,0.2
23,octanol_dipole,128,0.115522101521492,0.024819044396281242,0.610071641747763,0.9611262935584313,4.667549133300781,0.031547918915748596,0.006758990214086648,0.08
23,octanol_dipole,129,0.0827753096818924,0.01225663535296917,0.6150878789438916,0.9587083029710048,2.297189950942993,0.011774684302508831,0.005125690323377629,0.08
23,octanol_dipole,130,0.2207542061805725,0.008360530249774456,0.6094385772550062,0.9377871773655007,1.5392773151397705,0.06900480389595032,0.044829351551695214,0.18
23,octanol_dipole,131,0.3614144027233124,0.01375416200608015,0.617723690955043,0.8952936896725896,2.653247356414795,0.44297340512275696,0.16695518570923049,0.1
23,octanol_dipole,132,0.22649116814136505,0.016835441812872887,0.6136626727071295,0.9099027252785838,3.200409173965454,0.10574312508106232,0.03304050180247475,0.12
23,octanol_dipole,133,0.18498525023460388,0.02322148159146309,0.615933849241828,0.9061332074294857,4.748504161834717,0.264139860868454,0.05562590910026626,0.1
23,octanol_dipole,134,0.08527705818414688,0.015330786816775799,0.6083435889015554,0.9608308460325383,2.8907597064971924,0.006580749060958624,0.0022764773724249414,0.06
23,octanol_dipole,135,0.11780013144016266,0.028549019247293472,0.6183977084589141,0.9496627357379746,5.8340744972229,0.042616020888090134,0.007304675473097909,0.1
23,octanol_dipole,136,0.11623875051736832,0.01745029166340828,0.5963142152118921,0.9675831919774602,3.197824239730835,0.009839428588747978,0.003076913504657209,0.14
23,octanol_dipole,137,0.09177173674106598,0.022244496271014214,0.5996627242624917,0.967613206001873,4.02245569229126,0.006291414611041546,0.0015640730668826455,0.0
23,octanol_dipole,138,0.10658138990402222,0.01796170510351658,0.6110792987001947,0.9687980616318188,3.3003015518188477,0.01038032304495573,0.0031452650256262107,0.04
23,octanol_dipole,139,0.21829208731651306,0.015524347312748432,0.618506730142329,0.9280667725859844,2.909642457962036,0.28885844349861145,0.09927626767617795,0.12
23,octanol_dipole,140,0.2967771589756012,0.014405275695025921,0.6133494819216683,0.921033920270578,2.732555389404297,0.29322394728660583,0.10730759508978492,0.12
23,octanol_dipole,141,0.1429901421070099,0.016493624076247215,0.6148909527204915,0.9512691508068585,3.104612112045288,0.02216457389295101,0.0071392409399411915,0.12
23,octanol_dipole,142,0.3229212164878845,0.01598898321390152,0.6131113103340069,0.9062553786409029,3.0300700664520264,0.37666502594947815,0.12430901520060335,0.14
23,octanol_dipole,143,0.09300965815782547,0.013232656754553318,0.6059347761820628,0.9592628795145612,2.4322710037231445,0.02338414452970028,0.009614119682348522,0.04
23,octanol_dipole,144,0.10343510657548904,0.013908284716308117,0.6132549297977536,0.9686200149931496,2.5669503211975098,0.016781652346253395,0.006537583609496803,0.08
23,octanol_dipole,145,0.2508389949798584,0.017724214121699333,0.613013866155264,0.9132194826955664,3.402122735977173,0.36617720127105713,0.10763197852880581,0.1
23,octanol_dipole,146,0.43113622069358826,0.016951877623796463,0.6194176484908012,0.8874674694358522,3.3582332134246826,0.7387672066688538,0.2199868680101191,0.2
23,octanol_dipole,147,0.3765881061553955,0.013582328334450722,0.6074870795492409,0.8994551584855881,2.620429039001465,0.4963843524456024,0.18942865655112476,0.24
23,octanol_dipole,148,0.14350752532482147,0.016522804275155067,0.5777362171525584,0.9589046290200136,2.962928295135498,0.006926939357072115,0.0023378693869995724,0.12
23,octanol_dipole,149,0.3980686366558075,0.010432975366711617,0.6212221426832476,0.9365019098084646,1.9803805351257324,0.5868569612503052,0.29633545212210755,0.28
23,octanol_dipole,150,0.1768932193517685,0.016030728816986084,0.6159178914016465,0.9312098048321349,2.9854989051818848,0.079794742166996,0.026727439768441212,0.08
23,octanol_dipole,151,0.15972453355789185,0.015934446826577187,0.6143780889192565,0.9357468502356063,2.969702959060669,0.13362129032611847,0.04499483354671388,0.14
23,octanol_dipole,152,0.041579052805900574,0.01175982691347599,0.6147984331867544,0.9663403210124935,2.1862945556640625,0.0126956170424819,0.005806910605705528,0.08
23,octanol_dipole,153,0.1913893222808838,0.009640607051551342,0.6137410875714568,0.9376499515336294,1.7787796258926392,0.044629741460084915,0.025090090312726916,0.12
23,octanol_dipole,154,0.282356321811676,0.015913905575871468,0.6121476510561441,0.9171853263896679,2.979316234588623,0.26117029786109924,0.08766115353214964,0.16
23,octanol_dipole,155,0.1412661224603653,0.01509618479758501,0.6129694436268414,0.9779263832386478,2.8291547298431396,0.021698039025068283,0.007669442323598651,0.08
23,octanol_dipole,156,0.11327889561653137,0.01712779328227043,0.6124109163290026,0.959276019134256,3.172137975692749,0.006382861640304327,0.0020121639377651606,0.08
23,octanol_dipole,157,0.379532128572464,0.012288753874599934,0.6170966335930046,0.9160781887549239,2.374786615371704,0.3602066934108734,0.15167960400286049,0.24
23,octanol_dipole,158,0.18354099988937378,0.023947779089212418,0.5990549477100482,0.9388816247326308,4.374119758605957,0.24471336603164673,0.05594573983718212,0.12
23,octanol_dipole,159,0.31760942935943604,0.016755789518356323,0.608634964973386,0.918731347765916,3.0863144397735596,0.3553485870361328,0.11513687084398454,0.12
23,octanol_dipole,160,0.05643940716981888,0.016212107613682747,0.5917420484999139,0.9604386242539653,2.982485055923462,0.00563927972689271,0.0018907989884786292,0.1
23,octanol_dipole,161,0.11629223078489304,0.00936851091682911,0.6104350181371749,0.9411372130693056,1.7375823259353638,0.017016630619764328,0.009793280218020202,0.1
23,octanol_dipole,162,0.08828186243772507,0.009814889170229435,0.6019288832966321,0.9569519560661401,1.8869565725326538,0.01171666756272316,0.0062092937025027386,0.1
23,octanol_dipole,163,0.06294141709804535,0.014108874835073948,0.5996416492207615,0.971852421847561,2.62221622467041,0.02281865105032921,0.008702047846263066,0.08
23,octanol_dipole,164,0.17511437833309174,0.018550388514995575,0.6149563039440458,0.9527003169770427,3.5685038566589355,0.061137571930885315,0.01713255033108645,0.06
23,octanol_dipole,165,0.05009850114583969,0.030441483482718468,0.6036337449465681,0.9634233363219993,5.693641662597656,0.007269306108355522,0.0012767410629489788,0.02
23,octanol_dipole,166,0.10049209743738174,0.03548838570713997,0.6150903076604075,0.9407173120086105,6.9277472496032715,0.11650461703538895,0.016817099821599405,0.06
23,octanol_dipole,167,0.09917798638343811,0.02201124094426632,0.585975105108282,0.9560840805098589,3.914989709854126,0.009072383865714073,0.002317345520188382,0.1
23,octanol_dipole,168,0.3145062029361725,0.016105085611343384,0.6091227917000708,0.9003204764336878,3.134805202484131,0.46459490060806274,0.1482053494870754,0.12
23,octanol_dipole,169,0.23855605721473694,0.013123869895935059,0.6123607945250535,0.9262196395183937,2.5148355960845947,0.1845632791519165,0.0733897990943294,0.18
23,octanol_dipole,170,0.10009743273258209,0.012781564146280289,0.6086503023511454,0.9670911174701307,2.40181565284729,0.01273624412715435,0.005302756734079847,0.08
23,octanol_dipole,171,0.24509930610656738,0.011531641706824303,0.61861084092297,0.9323039705696214,2.1223530769348145,0.1648351550102234,0.07766622660555839,0.1
23,octanol_dipole,172,0.18900999426841736,0.01911417581140995,0.5883733396993072,0.928190808246951,3.55253005027771,0.15531297028064728,0.04371897438798754,0.1
23,octanol_dipole,173,0.9640651345252991,0.0014619699213653803,0.7554614255909342,0.8960346239815076,0.2320806086063385,0.9280968904495239,3.9990281653551993,0.92
23,octanol_dipole,174,0.19191791117191315,0.012810376472771168,0.6129697379225991,0.9494475739172452,2.4403557777404785,0.03287998586893082,0.013473439475031932,0.16
23,octanol_dipole,175,0.49373820424079895,0.013505041599273682,0.6215552783110094,0.8870695769193082,2.6202993392944336,0.7324193716049194,0.27951744314912413,0.24
23,octanol_dipole,176,0.09124711155891418,0.014215684495866299,0.6123568049168586,0.9484554785944854,2.6946017742156982,0.009422100149095058,0.0034966577396533826,0.02
23,octanol_dipole,177,0.11461594700813293,0.02339489944279194,0.600967192549366,0.9389788344129213,4.264091491699219,0.03828100115060806,0.008977528091301173,0.04
23,octanol_dipole,178,0.14260751008987427,0.012043386697769165,0.6153210885908085,0.9476719404032388,2.2009382247924805,0.06669310480356216,0.030302124817633374,0.04
23,octanol_dipole,179,0.12436411529779434,0.01576649211347103,0.6056195126058646,0.9483609375497584,2.9969887733459473,0.026964666321873665,0.008997253030003623,0.06
23,octanol_dipole,180,0.11528033018112183,0.01831492781639099,0.6106414578635535,0.9554808065893539,3.36281156539917,0.013552729040384293,0.004030177955800972,0.04
23,octanol_dipole,181,0.12156354635953903,0.015406880527734756,0.6190202588069611,0.9493333368860253,2.921027421951294,0.004327491857111454,0.0014814964846241049,0.06
23,octanol_dipole,182,0.25351473689079285,0.011321615427732468,0.615119555986505,0.939392205345023,2.154440402984619,0.1013585776090622,0.04704635944844273,0.14
23,octanol_dipole,183,0.0748254805803299,0.015542172826826572,0.6142064687202204,0.9589528938653482,2.853881597518921,0.014244163408875465,0.004991154300605503,0.06
23,octanol_dipole,184,0.272645503282547,0.015023354440927505,0.6076590419553933,0.929455358646061,2.8909623622894287,0.26423850655555725,0.09140157270892309,0.12
23,octanol_dipole,185,0.3442631661891937,0.01559955719858408,0.6102415387067741,0.907107424976147,2.945758581161499,0.4855656623840332,0.1648355250458362,0.12
23,octanol_dipole,186,0.05812818929553032,0.008814881555736065,0.6125246039483334,0.9614342968856524,1.5728346109390259,0.012076778337359428,0.007678352354001962,0.06
23,octanol_dipole,187,0.067703478038311,0.013360915705561638,0.6156108924516821,0.9702490902047982,2.5195505619049072,0.01098003052175045,0.00435793219940345,0.02
23,octanol_dipole,188,0.2684168219566345,0.013033929280936718,0.6112726071548629,0.9210641228652503,2.511936664581299,0.23572249710559845,0.09384093971369686,0.18
23,octanol_dipole,189,0.07364151626825333,0.020888738334178925,0.6026474859876072,0.9587011664848766,3.7957534790039062,0.00415471475571394,0.0010945691754471456,0.04
23,octanol_dipole,190,0.14602920413017273,0.018588608130812645,0.591077954814289,0.950349746606461,3.4531514644622803,0.037084296345710754,0.010739261433319568,0.06
23,octanol_dipole,191,0.32912716269493103,0.013578718528151512,0.6006053820624302,0.9134132191306159,2.554178237915039,0.36373552680015564,0.14240804396527584,0.1
23,octanol_dipole,192,0.10423257946968079,0.010852986015379429,0.6334900284954199,0.9577403419141988,2.114570140838623,0.05195183306932449,0.024568507833332393,0.08
23,octanol_dipole,193,0.24240265786647797,0.019802089780569077,0.618294618093624,0.9122066274450735,3.8424086570739746,0.6458523869514465,0.16808529352087925,0.08
23,octanol_dipole,194,0.2824433445930481,0.019426215440034866,0.610060345669118,0.9291481507377177,3.6390950679779053,0.3344128727912903,0.09189451403288282,0.14
23,octanol_dipole,195,0.07343736290931702,0.008130742236971855,0.6144948781958888,0.9686332834367799,1.4596763849258423,0.009338729083538055,0.0063978078839800525,0.1
23,octanol_dipole,196,0.15551932156085968,0.013984693214297295,0.6114669150968455,0.9530700677599704,2.6698765754699707,0.02271362952888012,0.008507370616891496,0.12
23,octanol_dipole,197,0.30500900745391846,0.011405029334127903,0.6127149617032863,0.9298487213103546,2.173154830932617,0.27322906255722046,0.12572922033353842,0.16
23,octanol_dipole,198,0.049135223031044006,0.013059266842901707,0.5759076632629543,0.9548037915045691,2.325371503829956,0.00787653774023056,0.0033872169359853545,0.04
23,octanol_dipole,199,0.12304964661598206,0.014049945399165154,0.6071262410547442,0.9523578190835251,2.6945669651031494,0.018236199393868446,0.006767766260791502,0.06
23,octanol_dipole,200,0.3137226402759552,0.019325997680425644,0.6111030146710961,0.9099390606755138,3.808134078979492,0.6520223617553711,0.17121833113872417,0.16
23,octanol_dipole,201,0.12315446883440018,0.02186879701912403,0.604782747393501,0.9604594153635475,4.19913387298584,0.02421225607395172,0.005766011945871907,0.06
23,octanol_dipole,202,0.10423386096954346,0.017480134963989258,0.6169430245016481,0.9441571017284336,3.2750473022460938,0.031451769173145294,0.009603454933788294,0.1
23,octanol_dipole,203,0.0803176537156105,0.025909794494509697,0.59318736728265,0.95374172986543,4.777365684509277,0.014111899770796299,0.0029539082211258124,0.06
23,octanol_dipole,204,0.2392599880695343,0.028135018423199654,0.6067089685908114,0.899506961310804,5.424802303314209,0.8102083802223206,0.1493526095370028,0.08
23,octanol_dipole,205,0.08683779835700989,0.017015397548675537,0.6148598012754374,0.9611531141443663,3.237398147583008,0.00872647576034069,0.002695521329946934,0.04
23,octanol_dipole,206,0.14958882331848145,0.018797356635332108,0.6152331242565992,0.964138442800081,3.544999599456787,0.01557147316634655,0.0043925176095175366,0.1
23,octanol_dipole,207,0.1689695417881012,0.012744445353746414,0.6152567083105691,0.9459256700905769,2.390986919403076,0.07299039512872696,0.030527308424986882,0.08
23,octanol_dipole,208,0.2001832127571106,0.010463972575962543,0.6203675874470327,0.9333031105859413,1.9032096862792969,0.09898538887500763,0.052009712638926474,0.04
23,octanol_dipole,209,0.14140155911445618,0.010094036348164082,0.614868522379709,0.9453295316307189,1.8458672761917114,0.023913437500596046,0.012955122943580696,0.1
23,octanol_dipole,210,0.4053783118724823,0.014630363322794437,0.6087788071627735,0.9085897765604272,2.81194806098938,0.5104957222938538,0.18154521748678265,0.18
23,octanol_dipole,211,0.08573774993419647,0.017918122932314873,0.6090239198938834,0.9740812786668553,3.369976758956909,0.00607342878356576,0.001802216815716449,0.04
23,octanol_dipole,212,0.08960465341806412,0.008549022488296032,0.6288287777052415,0.9672615232972657,1.6074140071868896,0.05030194669961929,0.03129370932113,0.02
23,octanol_dipole,213,0.0895858108997345,0.027612483128905296,0.6008295730190889,0.9675827955334775,5.3726277351379395,0.006517771631479263,0.00121314409871577,0.08
23,octanol_dipole,214,0.08775816857814789,0.016601813957095146,0.6030016443271753,0.9516074123867588,3.207933187484741,0.024499811232089996,0.00763725732433339,0.06
23,octanol_dipole,215,0.3164953291416168,0.014087891206145287,0.6050400068111874,0.8936674103194657,2.7189433574676514,0.3628111481666565,0.1334382885065207,0.2
23,octanol_dipole,216,0.13060066103935242,0.011941220611333847,0.6011307379172104,0.9423605450572778,2.255488395690918,0.08273568749427795,0.03668193888842143,0.1
23,octanol_dipole,217,0.17796066403388977,0.013500995002686977,0.6137359624727305,0.9486772586812731,2.58792781829834,0.016233840957283974,0.006272911030400507,0.12
23,octanol_dipole,218,0.09623535722494125,0.017614929005503654,0.5972269969327828,0.9699923339037273,3.148026466369629,0.005851027090102434,0.0018586333859035064,0.08
23,octanol_dipole,219,0.16981132328510284,0.012202801182866096,0.6168243567214684,0.9353712198875355,2.2961812019348145,0.11493238061666489,0.050053706789263956,0.1
23,octanol_dipole,220,0.29205673933029175,0.016001658514142036,0.6118716846565484,0.9150223146403436,3.1178786754608154,0.36414361000061035,0.11679210383219633,0.16
23,octanol_dipole,221,0.13706955313682556,0.018146734684705734,0.6143890372275289,0.9614713527349761,3.538935422897339,0.006346540059894323,0.001793347236242697,0.02
23,octanol_dipole,222,0.13189387321472168,0.026897618547081947,0.5935263554340553,0.9463345375940089,5.019526481628418,0.03393154218792915,0.0067599089898458305,0.04
23,octanol_dipole,223,0.10529942810535431,0.0093355318531394,0.6143610112163003,0.9731301514617519,1.7260725498199463,0.021149132400751114,0.012252748242220333,0.18
23,octanol_dipole,224,0.15414030849933624,0.014572703279554844,0.613153078136905,0.9557043955962872,2.713634967803955,0.04768044501543045,0.017570692293229283,0.1
23,octanol_dipole,225,0.2956543266773224,0.018868345767259598,0.5965154660885483,0.8983374544818283,3.402879476547241,0.5848590731620789,0.1718718153825156,0.06
23,octanol_dipole,226,0.3696262836456299,0.015556770376861095,0.6140022413372481,0.8974999552726388,3.0456273555755615,0.42486876249313354,0.13950123008822332,0.22
23,octanol_dipole,227,0.24517099559307098,0.014995070174336433,0.6111557925847892,0.9371559609077289,2.756450653076172,0.1798563450574875,0.0652492526418964,0.08
23,octanol_dipole,228,0.38594260811805725,0.015153941698372364,0.6251163738226773,0.9017750060453822,2.8984148502349854,0.6117545366287231,0.21106520917084243,0.1
23,octanol_dipole,229,0.1047682911157608,0.010058737359941006,0.6130705578173044,0.950711301030513,1.8623112440109253,0.02561604045331478,0.0137549727714389,0.08
23,octanol_dipole,230,0.29426029324531555,0.016035450622439384,0.6117395879705412,0.9160761073918666,3.120373249053955,0.2844375967979431,0.0911549914370596,0.14
23,octanol_dipole,231,0.13362979888916016,0.01956150308251381,0.6081449362131293,0.947579822776444,3.742088556289673,0.04638274386525154,0.01239488140581061,0.06
23,octanol_dipole,232,0.12042633444070816,0.015911510214209557,0.6078190482716026,0.9701820755079325,2.9002485275268555,0.006809604819864035,0.002347938376740019,0.08
23,octanol_dipole,233,0.16826781630516052,0.014224013313651085,0.6136761037175316,0.9284034443936804,2.7047948837280273,0.16199332475662231,0.05989116798880749,0.08
23,octanol_dipole,234,0.1006971225142479,0.027606241405010223,0.5946303899745786,0.9683124570999011,4.967373371124268,0.005828270688652992,0.0011733103701310613,0.08
23,octanol_dipole,235,0.38433822989463806,0.013803748413920403,0.6160405694963018,0.8974595302536876,2.707310914993286,0.3976631164550781,0.14688490865707027,0.24
23,octanol_dipole,236,0.05046506226062775,0.027020037174224854,0.6056610270081748,0.9555823276923521,5.031546592712402,0.008089005015790462,0.0016076577781285828,0.04
23,octanol_dipole,237,0.1326931118965149,0.015469885431230068,0.6140197317306988,0.9634485658891747,2.918745756149292,0.010932604782283306,0.003745651624246545,0.08
23,octanol_dipole,238,0.13577613234519958,0.014906657859683037,0.612626698933866,0.9707332741781249,2.7481048107147217,0.008500367403030396,0.0030931743832651117,0.1
23,octanol_dipole,239,0.3070971369743347,0.016115602105855942,0.6120969971797277,0.9098026175182581,3.0626115798950195,0.201041117310524,0.06564368744319032,0.14
23,octanol_dipole,240,0.38697171211242676,0.01513153687119484,0.6122205240763547,0.8878541443909895,2.9345476627349854,0.5483635663986206,0.1868647673923102,0.28
23,octanol_dipole,241,0.2501949369907379,0.02137187123298645,0.6194045215452302,0.9334934949846856,4.086270332336426,0.29662275314331055,0.07259009537279174,0.18
23,octanol_dipole,242,0.043365079909563065,0.014488534070551395,0.6201607349157867,0.9583593119867484,2.693974256515503,0.010395857505500317,0.0038589297876018853,0.08
23,octanol_dipole,243,0.2694815695285797,0.015760542824864388,0.6173096205836419,0.909212242081354,2.9696481227874756,0.24534966051578522,0.08261910178283563,0.06
23,octanol_dipole,244,0.3251982033252716,0.021806417033076286,0.5943814736129864,0.9075884140573016,4.105476379394531,0.6893690228462219,0.16791450227461518,0.18
23,octanol_dipole,245,0.10040649771690369,0.021068118512630463,0.6066328672458194,0.9592158252870819,4.168930530548096,0.009184018708765507,0.0022029675576191645,0.04
23,octanol_dipole,246,0.2528769373893738,0.01571282558143139,0.6184164311106939,0.9221231887538397,3.030714988708496,0.2323913872241974,0.0766787335958728,0.16
23,octanol_dipole,247,0.08351206034421921,0.028436845168471336,0.5898881309486816,0.954089963660113,5.311155796051025,0.033272139728069305,0.006264576112191617,0.02
23,octanol_dipole,248,0.25399863719940186,0.013683274388313293,0.6164669789804642,0.9283098487190371,2.6056690216064453,0.21222485601902008,0.08144735738086158,0.1
23,octanol_dipole,249,0.12794530391693115,0.013285486958920956,0.605900579817805,0.9695451730087172,2.5410945415496826,0.015842171385884285,0.006234388814287469,0.12
23,hexane_gsolv_eV,0,1.0,0.0,0.65391044932199,0.65391044932199,,,,1.0
23,hexane_gsolv_eV,1,1.0,0.0,0.65391044932199,0.65391044932199,,,,1.0
23,hexane_gsolv_eV,2,1.0,0.0,0.65391044932199,0.65391044932199,,,,1.0
23,hexane_gsolv_eV,3,1.0,0.0,0.65391044932199,0.65391044932199,,,,1.0
23,hexane_gsolv_eV,4,1.0,0.0,0.65391044932199,0.65391044932199,,,,1.0
23,hexane_gsolv_eV,5,1.0,0.0,0.65391044932199,0.65391044932199,,,,1.0
23,hexane_gsolv_eV,6,1.0,0.0,0.65391044932199,0.65391044932199,,,,1.0
23,hexane_gsolv_eV,7,1.0,0.0,0.65391044932199,0.65391044932199,,,,1.0
23,hexane_gsolv_eV,8,1.0,0.0,0.65391044932199,0.65391044932199,,,,1.0
23,hexane_gsolv_eV,9,1.0,0.0,0.65391044932199,0.65391044932199,,,,1.0
23,hexane_gsolv_eV,10,1.0,0.0,0.65391044932199,0.65391044932199,,,,1.0
23,hexane_gsolv_eV,11,1.0,0.0,0.65391044932199,0.65391044932199,,,,1.0
23,hexane_gsolv_eV,12,1.0,0.0,0.65391044932199,0.65391044932199,,,,1.0
23,hexane_gsolv_eV,13,1.0,0.0,0.65391044932199,0.65391044932199,,,,1.0
23,hexane_gsolv_eV,14,1.0,0.0,0.65391044932199,0.65391044932199,,,,1.0
23,hexane_gsolv_eV,15,1.0,0.0,0.65391044932199,0.65391044932199,,,,1.0
23,hexane_gsolv_eV,16,1.0,0.0,0.65391044932199,0.65391044932199,,,,1.0
23,hexane_gsolv_eV,17,1.0,0.0,0.65391044932199,0.65391044932199,,,,1.0
23,hexane_gsolv_eV,18,1.0,0.0,0.65391044932199,0.65391044932199,,,,1.0
23,hexane_gsolv_eV,19,1.0,0.0,0.65391044932199,0.65391044932199,,,,1.0
23,hexane_gsolv_eV,20,1.0,0.0,0.65391044932199,0.65391044932199,,,,1.0
23,hexane_gsolv_eV,21,1.0,0.0,0.65391044932199,0.65391044932199,,,,1.0
23,hexane_gsolv_eV,22,1.0,0.0,0.65391044932199,0.65391044932199,,,,1.0
23,hexane_gsolv_eV,23,1.0,0.0,0.65391044932199,0.65391044932199,,,,1.0
23,hexane_gsolv_eV,24,1.0,0.0,0.65391044932199,0.65391044932199,,,,1.0
23,hexane_gsolv_eV,25,1.0,0.0,0.65391044932199,0.65391044932199,,,,1.0
23,hexane_gsolv_eV,26,1.0,0.0,0.65391044932199,0.65391044932199,,,,1.0
23,hexane_gsolv_eV,27,1.0,0.0,0.65391044932199,0.65391044932199,,,,1.0
23,hexane_gsolv_eV,28,1.0,0.0,0.65391044932199,0.65391044932199,,,,1.0
23,hexane_gsolv_eV,29,1.0,0.0,0.65391044932199,0.65391044932199,,,,1.0
23,hexane_gsolv_eV,30,1.0,0.0,0.65391044932199,0.65391044932199,,,,1.0
23,hexane_gsolv_eV,31,1.0,0.0,0.65391044932199,0.65391044932199,,,,1.0
23,hexane_gsolv_eV,32,1.0,0.0,0.65391044932199,0.65391044932199,,,,1.0
23,hexane_gsolv_eV,33,1.0,0.0,0.65391044932199,0.65391044932199,,,,1.0
23,hexane_gsolv_eV,34,1.0,0.0,0.65391044932199,0.65391044932199,,,,1.0
23,hexane_gsolv_eV,35,1.0,0.0,0.65391044932199,0.65391044932199,,,,1.0
23,hexane_gsolv_eV,36,1.0,0.0,0.65391044932199,0.65391044932199,,,,1.0
23,hexane_gsolv_eV,37,1.0,0.0,0.65391044932199,0.65391044932199,,,,1.0
23,hexane_gsolv_eV,38,1.0,0.0,0.65391044932199,0.65391044932199,,,,1.0
23,hexane_gsolv_eV,39,1.0,0.0,0.65391044932199,0.65391044932199,,,,1.0
23,hexane_gsolv_eV,40,1.0,0.0,0.65391044932199,0.65391044932199,,,,1.0
23,hexane_gsolv_eV,41,1.0,0.0,0.65391044932199,0.65391044932199,,,,1.0
23,hexane_gsolv_eV,42,1.0,0.0,0.65391044932199,0.65391044932199,,,,1.0
23,hexane_gsolv_eV,43,1.0,0.0,0.65391044932199,0.65391044932199,,,,1.0
23,hexane_gsolv_eV,44,1.0,0.0,0.65391044932199,0.65391044932199,,,,1.0
23,hexane_gsolv_eV,45,1.0,0.0,0.65391044932199,0.65391044932199,,,,1.0
23,hexane_gsolv_eV,46,1.0,0.0,0.65391044932199,0.65391044932199,,,,1.0
23,hexane_gsolv_eV,47,1.0,0.0,0.65391044932199,0.65391044932199,,,,1.0
23,hexane_gsolv_eV,48,1.0,0.0,0.65391044932199,0.65391044932199,,,,1.0
23,hexane_gsolv_eV,49,1.0,0.0,0.65391044932199,0.65391044932199,,,,1.0
23,hexane_gsolv_eV,50,1.0,0.0,0.65391044932199,0.65391044932199,,,,1.0
23,hexane_gsolv_eV,51,1.0,0.0,0.65391044932199,0.65391044932199,,,,1.0
23,hexane_gsolv_eV,52,1.0,0.0,0.65391044932199,0.65391044932199,,,,1.0
23,hexane_gsolv_eV,53,1.0,0.0,0.65391044932199,0.65391044932199,,,,1.0
23,hexane_gsolv_eV,54,1.0,0.0,0.65391044932199,0.65391044932199,,,,1.0
23,hexane_gsolv_eV,55,1.0,0.0,0.65391044932199,0.65391044932199,,,,1.0
23,hexane_gsolv_eV,56,1.0,0.0,0.65391044932199,0.65391044932199,,,,1.0
23,hexane_gsolv_eV,57,1.0,0.0,0.65391044932199,0.65391044932199,,,,1.0
23,hexane_gsolv_eV,58,1.0,0.0,0.65391044932199,0.65391044932199,,,,1.0
23,hexane_gsolv_eV,59,1.0,0.0,0.65391044932199,0.65391044932199,,,,1.0
23,hexane_gsolv_eV,60,1.0,0.0,0.65391044932199,0.65391044932199,,,,1.0
23,hexane_gsolv_eV,61,1.0,0.0,0.65391044932199,0.65391044932199,,,,1.0
23,hexane_gsolv_eV,62,1.0,0.0,0.65391044932199,0.65391044932199,,,,1.0
23,hexane_gsolv_eV,63,1.0,0.0,0.65391044932199,0.65391044932199,,,,1.0
23,hexane_gsolv_eV,64,1.0,0.0,0.65391044932199,0.65391044932199,,,,1.0
23,hexane_gsolv_eV,65,1.0,0.0,0.65391044932199,0.65391044932199,,,,1.0
23,hexane_gsolv_eV,66,1.0,0.0,0.65391044932199,0.65391044932199,,,,1.0
23,hexane_gsolv_eV,67,1.0,0.0,0.65391044932199,0.65391044932199,,,,1.0
23,hexane_gsolv_eV,68,1.0,0.0,0.65391044932199,0.65391044932199,,,,1.0
23,hexane_gsolv_eV,69,1.0,0.0,0.65391044932199,0.65391044932199,,,,1.0
23,hexane_gsolv_eV,70,1.0,0.0,0.65391044932199,0.65391044932199,,,,1.0
23,hexane_gsolv_eV,71,1.0,0.0,0.65391044932199,0.65391044932199,,,,1.0
23,hexane_gsolv_eV,72,1.0,0.0,0.65391044932199,0.65391044932199,,,,1.0
23,hexane_gsolv_eV,73,1.0,0.0,0.65391044932199,0.65391044932199,,,,1.0
23,hexane_gsolv_eV,74,1.0,0.0,0.65391044932199,0.65391044932199,,,,1.0
23,hexane_gsolv_eV,75,1.0,0.0,0.65391044932199,0.65391044932199,,,,1.0
23,hexane_gsolv_eV,76,1.0,0.0,0.65391044932199,0.65391044932199,,,,1.0
23,hexane_gsolv_eV,77,1.0,0.0,0.65391044932199,0.65391044932199,,,,1.0
23,hexane_gsolv_eV,78,1.0,0.0,0.65391044932199,0.65391044932199,,,,1.0
23,hexane_gsolv_eV,79,1.0,0.0,0.65391044932199,0.65391044932199,,,,1.0
23,hexane_gsolv_eV,80,1.0,0.0,0.65391044932199,0.65391044932199,,,,1.0
23,hexane_gsolv_eV,81,1.0,0.0,0.65391044932199,0.65391044932199,,,,1.0
23,hexane_gsolv_eV,82,1.0,0.0,0.65391044932199,0.65391044932199,,,,1.0
23,hexane_gsolv_eV,83,1.0,0.0,0.65391044932199,0.65391044932199,,,,1.0
23,hexane_gsolv_eV,84,1.0,0.0,0.65391044932199,0.65391044932199,,,,1.0
23,hexane_gsolv_eV,85,1.0,0.0,0.65391044932199,0.65391044932199,,,,1.0
23,hexane_gsolv_eV,86,1.0,0.0,0.65391044932199,0.65391044932199,,,,1.0
23,hexane_gsolv_eV,87,1.0,0.0,0.65391044932199,0.65391044932199,,,,1.0
23,hexane_gsolv_eV,88,1.0,0.0,0.65391044932199,0.65391044932199,,,,1.0
23,hexane_gsolv_eV,89,1.0,0.0,0.65391044932199,0.65391044932199,,,,1.0
23,hexane_gsolv_eV,90,1.0,0.0,0.65391044932199,0.65391044932199,,,,1.0
23,hexane_gsolv_eV,91,1.0,0.0,0.65391044932199,0.65391044932199,,,,1.0
23,hexane_gsolv_eV,92,1.0,0.0,0.65391044932199,0.65391044932199,,,,1.0
23,hexane_gsolv_eV,93,1.0,0.0,0.65391044932199,0.65391044932199,,,,1.0
23,hexane_gsolv_eV,94,1.0,0.0,0.65391044932199,0.65391044932199,,,,1.0
23,hexane_gsolv_eV,95,1.0,0.0,0.65391044932199,0.65391044932199,,,,1.0
23,hexane_gsolv_eV,96,1.0,0.0,0.65391044932199,0.65391044932199,,,,1.0
23,hexane_gsolv_eV,97,1.0,0.0,0.65391044932199,0.65391044932199,,,,1.0
23,hexane_gsolv_eV,98,1.0,0.0,0.65391044932199,0.65391044932199,,,,1.0
23,hexane_gsolv_eV,99,1.0,0.0,0.65391044932199,0.65391044932199,,,,1.0
23,hexane_gsolv_eV,100,1.0,0.0,0.65391044932199,0.65391044932199,,,,1.0
23,hexane_gsolv_eV,101,1.0,0.0,0.65391044932199,0.65391044932199,,,,1.0
23,hexane_gsolv_eV,102,1.0,0.0,0.65391044932199,0.65391044932199,,,,1.0
23,hexane_gsolv_eV,103,1.0,0.0,0.65391044932199,0.65391044932199,,,,1.0
23,hexane_gsolv_eV,104,1.0,0.0,0.65391044932199,0.65391044932199,,,,1.0
23,hexane_gsolv_eV,105,1.0,0.0,0.65391044932199,0.65391044932199,,,,1.0
23,hexane_gsolv_eV,106,1.0,0.0,0.65391044932199,0.65391044932199,,,,1.0
23,hexane_gsolv_eV,107,1.0,0.0,0.65391044932199,0.65391044932199,,,,1.0
23,hexane_gsolv_eV,108,1.0,0.0,0.65391044932199,0.65391044932199,,,,1.0
23,hexane_gsolv_eV,109,1.0,0.0,0.65391044932199,0.65391044932199,,,,1.0
23,hexane_gsolv_eV,110,1.0,0.0,0.65391044932199,0.65391044932199,,,,1.0
23,hexane_gsolv_eV,111,1.0,0.0,0.65391044932199,0.65391044932199,,,,1.0
23,hexane_gsolv_eV,112,1.0,0.0,0.65391044932199,0.65391044932199,,,,1.0
23,hexane_gsolv_eV,113,1.0,0.0,0.65391044932199,0.65391044932199,,,,1.0
23,hexane_gsolv_eV,114,1.0,0.0,0.65391044932199,0.65391044932199,,,,1.0
23,hexane_gsolv_eV,115,1.0,0.0,0.65391044932199,0.65391044932199,,,,1.0
23,hexane_gsolv_eV,116,1.0,0.0,0.65391044932199,0.65391044932199,,,,1.0
23,hexane_gsolv_eV,117,1.0,0.0,0.65391044932199,0.65391044932199,,,,1.0
23,hexane_gsolv_eV,118,1.0,0.0,0.65391044932199,0.65391044932199,,,,1.0
23,hexane_gsolv_eV,119,1.0,0.0,0.65391044932199,0.65391044932199,,,,1.0
23,hexane_gsolv_eV,120,1.0,0.0,0.65391044932199,0.65391044932199,,,,1.0
23,hexane_gsolv_eV,121,1.0,0.0,0.65391044932199,0.65391044932199,,,,1.0
23,hexane_gsolv_eV,122,1.0,0.0,0.65391044932199,0.65391044932199,,,,1.0
23,hexane_gsolv_eV,123,1.0,0.0,0.65391044932199,0.65391044932199,,,,1.0
23,hexane_gsolv_eV,124,1.0,0.0,0.65391044932199,0.65391044932199,,,,1.0
23,hexane_gsolv_eV,125,1.0,0.0,0.65391044932199,0.65391044932199,,,,1.0
23,hexane_gsolv_eV,126,1.0,0.0,0.65391044932199,0.65391044932199,,,,1.0
23,hexane_gsolv_eV,127,1.0,0.0,0.65391044932199,0.65391044932199,,,,1.0
23,hexane_gsolv_eV,128,1.0,0.0,0.65391044932199,0.65391044932199,,,,1.0
23,hexane_gsolv_eV,129,1.0,0.0,0.65391044932199,0.65391044932199,,,,1.0
23,hexane_gsolv_eV,130,1.0,0.0,0.65391044932199,0.65391044932199,,,,1.0
23,hexane_gsolv_eV,131,1.0,0.0,0.65391044932199,0.65391044932199,,,,1.0
23,hexane_gsolv_eV,132,1.0,0.0,0.65391044932199,0.65391044932199,,,,1.0
23,hexane_gsolv_eV,133,1.0,0.0,0.65391044932199,0.65391044932199,,,,1.0
23,hexane_gsolv_eV,134,1.0,0.0,0.65391044932199,0.65391044932199,,,,1.0
23,hexane_gsolv_eV,135,1.0,0.0,0.65391044932199,0.65391044932199,,,,1.0
23,hexane_gsolv_eV,136,1.0,0.0,0.65391044932199,0.65391044932199,,,,1.0
23,hexane_gsolv_eV,137,1.0,0.0,0.65391044932199,0.65391044932199,,,,1.0
23,hexane_gsolv_eV,138,1.0,0.0,0.65391044932199,0.65391044932199,,,,1.0
23,hexane_gsolv_eV,139,1.0,0.0,0.65391044932199,0.65391044932199,,,,1.0
23,hexane_gsolv_eV,140,1.0,0.0,0.65391044932199,0.65391044932199,,,,1.0
23,hexane_gsolv_eV,141,1.0,0.0,0.65391044932199,0.65391044932199,,,,1.0
23,hexane_gsolv_eV,142,1.0,0.0,0.65391044932199,0.65391044932199,,,,1.0
23,hexane_gsolv_eV,143,1.0,0.0,0.65391044932199,0.65391044932199,,,,1.0
23,hexane_gsolv_eV,144,1.0,0.0,0.65391044932199,0.65391044932199,,,,1.0
23,hexane_gsolv_eV,145,1.0,0.0,0.65391044932199,0.65391044932199,,,,1.0
23,hexane_gsolv_eV,146,1.0,0.0,0.65391044932199,0.65391044932199,,,,1.0
23,hexane_gsolv_eV,147,1.0,0.0,0.65391044932199,0.65391044932199,,,,1.0
23,hexane_gsolv_eV,148,1.0,0.0,0.65391044932199,0.65391044932199,,,,1.0
23,hexane_gsolv_eV,149,1.0,0.0,0.65391044932199,0.65391044932199,,,,1.0
23,hexane_gsolv_eV,150,1.0,0.0,0.65391044932199,0.65391044932199,,,,1.0
23,hexane_gsolv_eV,151,1.0,0.0,0.65391044932199,0.65391044932199,,,,1.0
23,hexane_gsolv_eV,152,1.0,0.0,0.65391044932199,0.65391044932199,,,,1.0
23,hexane_gsolv_eV,153,1.0,0.0,0.65391044932199,0.65391044932199,,,,1.0
23,hexane_gsolv_eV,154,1.0,0.0,0.65391044932199,0.65391044932199,,,,1.0
23,hexane_gsolv_eV,155,1.0,0.0,0.65391044932199,0.65391044932199,,,,1.0
23,hexane_gsolv_eV,156,1.0,0.0,0.65391044932199,0.65391044932199,,,,1.0
23,hexane_gsolv_eV,157,1.0,0.0,0.65391044932199,0.65391044932199,,,,1.0
23,hexane_gsolv_eV,158,1.0,0.0,0.65391044932199,0.65391044932199,,,,1.0
23,hexane_gsolv_eV,159,1.0,0.0,0.65391044932199,0.65391044932199,,,,1.0
23,hexane_gsolv_eV,160,1.0,0.0,0.65391044932199,0.65391044932199,,,,1.0
23,hexane_gsolv_eV,161,1.0,0.0,0.65391044932199,0.65391044932199,,,,1.0
23,hexane_gsolv_eV,162,1.0,0.0,0.65391044932199,0.65391044932199,,,,1.0
23,hexane_gsolv_eV,163,1.0,0.0,0.65391044932199,0.65391044932199,,,,1.0
23,hexane_gsolv_eV,164,1.0,0.0,0.65391044932199,0.65391044932199,,,,1.0
23,hexane_gsolv_eV,165,1.0,0.0,0.65391044932199,0.65391044932199,,,,1.0
23,hexane_gsolv_eV,166,1.0,0.0,0.65391044932199,0.65391044932199,,,,1.0
23,hexane_gsolv_eV,167,1.0,0.0,0.65391044932199,0.65391044932199,,,,1.0
23,hexane_gsolv_eV,168,1.0,0.0,0.65391044932199,0.65391044932199,,,,1.0
23,hexane_gsolv_eV,169,1.0,0.0,0.65391044932199,0.65391044932199,,,,1.0
23,hexane_gsolv_eV,170,1.0,0.0,0.65391044932199,0.65391044932199,,,,1.0
23,hexane_gsolv_eV,171,1.0,0.0,0.65391044932199,0.65391044932199,,,,1.0
23,hexane_gsolv_eV,172,1.0,0.0,0.65391044932199,0.65391044932199,,,,1.0
23,hexane_gsolv_eV,173,1.0,0.0,0.65391044932199,0.65391044932199,,,,1.0
23,hexane_gsolv_eV,174,1.0,0.0,0.65391044932199,0.65391044932199,,,,1.0
23,hexane_gsolv_eV,175,1.0,0.0,0.65391044932199,0.65391044932199,,,,1.0
23,hexane_gsolv_eV,176,1.0,0.0,0.65391044932199,0.65391044932199,,,,1.0
23,hexane_gsolv_eV,177,1.0,0.0,0.65391044932199,0.65391044932199,,,,1.0
23,hexane_gsolv_eV,178,1.0,0.0,0.65391044932199,0.65391044932199,,,,1.0
23,hexane_gsolv_eV,179,1.0,0.0,0.65391044932199,0.65391044932199,,,,1.0
23,hexane_gsolv_eV,180,1.0,0.0,0.65391044932199,0.65391044932199,,,,1.0
23,hexane_gsolv_eV,181,1.0,0.0,0.65391044932199,0.65391044932199,,,,1.0
23,hexane_gsolv_eV,182,1.0,0.0,0.65391044932199,0.65391044932199,,,,1.0
23,hexane_gsolv_eV,183,1.0,0.0,0.65391044932199,0.65391044932199,,,,1.0
23,hexane_gsolv_eV,184,1.0,0.0,0.65391044932199,0.65391044932199,,,,1.0
23,hexane_gsolv_eV,185,1.0,0.0,0.65391044932199,0.65391044932199,,,,1.0
23,hexane_gsolv_eV,186,1.0,0.0,0.65391044932199,0.65391044932199,,,,1.0
23,hexane_gsolv_eV,187,1.0,0.0,0.65391044932199,0.65391044932199,,,,1.0
23,hexane_gsolv_eV,188,1.0,0.0,0.65391044932199,0.65391044932199,,,,1.0
23,hexane_gsolv_eV,189,1.0,0.0,0.65391044932199,0.65391044932199,,,,1.0
23,hexane_gsolv_eV,190,1.0,0.0,0.65391044932199,0.65391044932199,,,,1.0
23,hexane_gsolv_eV,191,1.0,0.0,0.65391044932199,0.65391044932199,,,,1.0
23,hexane_gsolv_eV,192,1.0,0.0,0.65391044932199,0.65391044932199,,,,1.0
23,hexane_gsolv_eV,193,1.0,0.0,0.65391044932199,0.65391044932199,,,,1.0
23,hexane_gsolv_eV,194,1.0,0.0,0.65391044932199,0.65391044932199,,,,1.0
23,hexane_gsolv_eV,195,1.0,0.0,0.65391044932199,0.65391044932199,,,,1.0
23,hexane_gsolv_eV,196,1.0,0.0,0.65391044932199,0.65391044932199,,,,1.0
23,hexane_gsolv_eV,197,1.0,0.0,0.65391044932199,0.65391044932199,,,,1.0
23,hexane_gsolv_eV,198,1.0,0.0,0.65391044932199,0.65391044932199,,,,1.0
23,hexane_gsolv_eV,199,1.0,0.0,0.65391044932199,0.65391044932199,,,,1.0
23,hexane_gsolv_eV,200,1.0,0.0,0.65391044932199,0.65391044932199,,,,1.0
23,hexane_gsolv_eV,201,1.0,0.0,0.65391044932199,0.65391044932199,,,,1.0
23,hexane_gsolv_eV,202,1.0,0.0,0.65391044932199,0.65391044932199,,,,1.0
23,hexane_gsolv_eV,203,1.0,0.0,0.65391044932199,0.65391044932199,,,,1.0
23,hexane_gsolv_eV,204,1.0,0.0,0.65391044932199,0.65391044932199,,,,1.0
23,hexane_gsolv_eV,205,1.0,0.0,0.65391044932199,0.65391044932199,,,,1.0
23,hexane_gsolv_eV,206,1.0,0.0,0.65391044932199,0.65391044932199,,,,1.0
23,hexane_gsolv_eV,207,1.0,0.0,0.65391044932199,0.65391044932199,,,,1.0
23,hexane_gsolv_eV,208,1.0,0.0,0.65391044932199,0.65391044932199,,,,1.0
23,hexane_gsolv_eV,209,1.0,0.0,0.65391044932199,0.65391044932199,,,,1.0
23,hexane_gsolv_eV,210,1.0,0.0,0.65391044932199,0.65391044932199,,,,1.0
23,hexane_gsolv_eV,211,1.0,0.0,0.65391044932199,0.65391044932199,,,,1.0
23,hexane_gsolv_eV,212,1.0,0.0,0.65391044932199,0.65391044932199,,,,1.0
23,hexane_gsolv_eV,213,1.0,0.0,0.65391044932199,0.65391044932199,,,,1.0
23,hexane_gsolv_eV,214,1.0,0.0,0.65391044932199,0.65391044932199,,,,1.0
23,hexane_gsolv_eV,215,1.0,0.0,0.65391044932199,0.65391044932199,,,,1.0
23,hexane_gsolv_eV,216,1.0,0.0,0.65391044932199,0.65391044932199,,,,1.0
23,hexane_gsolv_eV,217,1.0,0.0,0.65391044932199,0.65391044932199,,,,1.0
23,hexane_gsolv_eV,218,1.0,0.0,0.65391044932199,0.65391044932199,,,,1.0
23,hexane_gsolv_eV,219,1.0,0.0,0.65391044932199,0.65391044932199,,,,1.0
23,hexane_gsolv_eV,220,1.0,0.0,0.65391044932199,0.65391044932199,,,,1.0
23,hexane_gsolv_eV,221,1.0,0.0,0.65391044932199,0.65391044932199,,,,1.0
23,hexane_gsolv_eV,222,1.0,0.0,0.65391044932199,0.65391044932199,,,,1.0
23,hexane_gsolv_eV,223,1.0,0.0,0.65391044932199,0.65391044932199,,,,1.0
23,hexane_gsolv_eV,224,1.0,0.0,0.65391044932199,0.65391044932199,,,,1.0
23,hexane_gsolv_eV,225,1.0,0.0,0.65391044932199,0.65391044932199,,,,1.0
23,hexane_gsolv_eV,226,1.0,0.0,0.65391044932199,0.65391044932199,,,,1.0
23,hexane_gsolv_eV,227,1.0,0.0,0.65391044932199,0.65391044932199,,,,1.0
23,hexane_gsolv_eV,228,1.0,0.0,0.65391044932199,0.65391044932199,,,,1.0
23,hexane_gsolv_eV,229,1.0,0.0,0.65391044932199,0.65391044932199,,,,1.0
23,hexane_gsolv_eV,230,1.0,0.0,0.65391044932199,0.65391044932199,,,,1.0
23,hexane_gsolv_eV,231,1.0,0.0,0.65391044932199,0.65391044932199,,,,1.0
23,hexane_gsolv_eV,232,1.0,0.0,0.65391044932199,0.65391044932199,,,,1.0
23,hexane_gsolv_eV,233,1.0,0.0,0.65391044932199,0.65391044932199,,,,1.0
23,hexane_gsolv_eV,234,1.0,0.0,0.65391044932199,0.65391044932199,,,,1.0
23,hexane_gsolv_eV,235,1.0,0.0,0.65391044932199,0.65391044932199,,,,1.0
23,hexane_gsolv_eV,236,1.0,0.0,0.65391044932199,0.65391044932199,,,,1.0
23,hexane_gsolv_eV,237,1.0,0.0,0.65391044932199,0.65391044932199,,,,1.0
23,hexane_gsolv_eV,238,1.0,0.0,0.65391044932199,0.65391044932199,,,,1.0
23,hexane_gsolv_eV,239,1.0,0.0,0.65391044932199,0.65391044932199,,,,1.0
23,hexane_gsolv_eV,240,1.0,0.0,0.65391044932199,0.65391044932199,,,,1.0
23,hexane_gsolv_eV,241,1.0,0.0,0.65391044932199,0.65391044932199,,,,1.0
23,hexane_gsolv_eV,242,1.0,0.0,0.65391044932199,0.65391044932199,,,,1.0
23,hexane_gsolv_eV,243,1.0,0.0,0.65391044932199,0.65391044932199,,,,1.0
23,hexane_gsolv_eV,244,1.0,0.0,0.65391044932199,0.65391044932199,,,,1.0
23,hexane_gsolv_eV,245,1.0,0.0,0.65391044932199,0.65391044932199,,,,1.0
23,hexane_gsolv_eV,246,1.0,0.0,0.65391044932199,0.65391044932199,,,,1.0
23,hexane_gsolv_eV,247,1.0,0.0,0.65391044932199,0.65391044932199,,,,1.0
23,hexane_gsolv_eV,248,1.0,0.0,0.65391044932199,0.65391044932199,,,,1.0
23,hexane_gsolv_eV,249,1.0,0.0,0.65391044932199,0.65391044932199,,,,1.0
23,hexane_hl_gap_eV,0,0.9999998807907104,0.0,0.6682735827710582,0.6682735827710582,,,,1.0
23,hexane_hl_gap_eV,1,0.9999998807907104,0.0,0.6682735827710582,0.6682735827710582,,,,1.0
23,hexane_hl_gap_eV,2,0.9999998807907104,0.0,0.6682735827710582,0.6682735827710582,,,,1.0
23,hexane_hl_gap_eV,3,0.9999998807907104,0.0,0.6682735827710582,0.6682735827710582,,,,1.0
23,hexane_hl_gap_eV,4,0.9999998807907104,0.0,0.6682735827710582,0.6682735827710582,,,,1.0
23,hexane_hl_gap_eV,5,0.9999998807907104,0.0,0.6682735827710582,0.6682735827710582,,,,1.0
23,hexane_hl_gap_eV,6,0.9999998807907104,0.0,0.6682735827710582,0.6682735827710582,,,,1.0
23,hexane_hl_gap_eV,7,0.9999998807907104,0.0,0.6682735827710582,0.6682735827710582,,,,1.0
23,hexane_hl_gap_eV,8,0.9999998807907104,0.0,0.6682735827710582,0.6682735827710582,,,,1.0
23,hexane_hl_gap_eV,9,0.9999998807907104,0.0,0.6682735827710582,0.6682735827710582,,,,1.0
23,hexane_hl_gap_eV,10,0.9999998807907104,0.0,0.6682735827710582,0.6682735827710582,,,,1.0
23,hexane_hl_gap_eV,11,0.9999998807907104,0.0,0.6682735827710582,0.6682735827710582,,,,1.0
23,hexane_hl_gap_eV,12,0.9999998807907104,0.0,0.6682735827710582,0.6682735827710582,,,,1.0
23,hexane_hl_gap_eV,13,0.9999998807907104,0.0,0.6682735827710582,0.6682735827710582,,,,1.0
23,hexane_hl_gap_eV,14,0.9999998807907104,0.0,0.6682735827710582,0.6682735827710582,,,,1.0
23,hexane_hl_gap_eV,15,0.9999998807907104,0.0,0.6682735827710582,0.6682735827710582,,,,1.0
23,hexane_hl_gap_eV,16,0.9999998807907104,0.0,0.6682735827710582,0.6682735827710582,,,,1.0
23,hexane_hl_gap_eV,17,0.9999998807907104,0.0,0.6682735827710582,0.6682735827710582,,,,1.0
23,hexane_hl_gap_eV,18,0.9999998807907104,0.0,0.6682735827710582,0.6682735827710582,,,,1.0
23,hexane_hl_gap_eV,19,0.9999998807907104,0.0,0.6682735827710582,0.6682735827710582,,,,1.0
23,hexane_hl_gap_eV,20,0.9999998807907104,0.0,0.6682735827710582,0.6682735827710582,,,,1.0
23,hexane_hl_gap_eV,21,0.9999998807907104,0.0,0.6682735827710582,0.6682735827710582,,,,1.0
23,hexane_hl_gap_eV,22,0.9999998807907104,0.0,0.6682735827710582,0.6682735827710582,,,,1.0
23,hexane_hl_gap_eV,23,0.9999998807907104,0.0,0.6682735827710582,0.6682735827710582,,,,1.0
23,hexane_hl_gap_eV,24,0.9999998807907104,0.0,0.6682735827710582,0.6682735827710582,,,,1.0
23,hexane_hl_gap_eV,25,0.9999998807907104,0.0,0.6682735827710582,0.6682735827710582,,,,1.0
23,hexane_hl_gap_eV,26,0.9999998807907104,0.0,0.6682735827710582,0.6682735827710582,,,,1.0
23,hexane_hl_gap_eV,27,0.9999998807907104,0.0,0.6682735827710582,0.6682735827710582,,,,1.0
23,hexane_hl_gap_eV,28,0.9999998807907104,0.0,0.6682735827710582,0.6682735827710582,,,,1.0
23,hexane_hl_gap_eV,29,0.9999998807907104,0.0,0.6682735827710582,0.6682735827710582,,,,1.0
23,hexane_hl_gap_eV,30,0.9999998807907104,0.0,0.6682735827710582,0.6682735827710582,,,,1.0
23,hexane_hl_gap_eV,31,0.9999998807907104,0.0,0.6682735827710582,0.6682735827710582,,,,1.0
23,hexane_hl_gap_eV,32,0.9999998807907104,0.0,0.6682735827710582,0.6682735827710582,,,,1.0
23,hexane_hl_gap_eV,33,0.9999998807907104,0.0,0.6682735827710582,0.6682735827710582,,,,1.0
23,hexane_hl_gap_eV,34,0.9999998807907104,0.0,0.6682735827710582,0.6682735827710582,,,,1.0
23,hexane_hl_gap_eV,35,0.9999998807907104,0.0,0.6682735827710582,0.6682735827710582,,,,1.0
23,hexane_hl_gap_eV,36,0.9999998807907104,0.0,0.6682735827710582,0.6682735827710582,,,,1.0
23,hexane_hl_gap_eV,37,0.9999998807907104,0.0,0.6682735827710582,0.6682735827710582,,,,1.0
23,hexane_hl_gap_eV,38,0.9999998807907104,0.0,0.6682735827710582,0.6682735827710582,,,,1.0
23,hexane_hl_gap_eV,39,0.9999998807907104,0.0,0.6682735827710582,0.6682735827710582,,,,1.0
23,hexane_hl_gap_eV,40,0.9999998807907104,0.0,0.6682735827710582,0.6682735827710582,,,,1.0
23,hexane_hl_gap_eV,41,0.9999998807907104,0.0,0.6682735827710582,0.6682735827710582,,,,1.0
23,hexane_hl_gap_eV,42,0.9999998807907104,0.0,0.6682735827710582,0.6682735827710582,,,,1.0
23,hexane_hl_gap_eV,43,0.9999998807907104,0.0,0.6682735827710582,0.6682735827710582,,,,1.0
23,hexane_hl_gap_eV,44,0.9999998807907104,0.0,0.6682735827710582,0.6682735827710582,,,,1.0
23,hexane_hl_gap_eV,45,0.9999998807907104,0.0,0.6682735827710582,0.6682735827710582,,,,1.0
23,hexane_hl_gap_eV,46,0.9999998807907104,0.0,0.6682735827710582,0.6682735827710582,,,,1.0
23,hexane_hl_gap_eV,47,0.9999998807907104,0.0,0.6682735827710582,0.6682735827710582,,,,1.0
23,hexane_hl_gap_eV,48,0.9999998807907104,0.0,0.6682735827710582,0.6682735827710582,,,,1.0
23,hexane_hl_gap_eV,49,0.9999998807907104,0.0,0.6682735827710582,0.6682735827710582,,,,1.0
23,hexane_hl_gap_eV,50,0.9999998807907104,0.0,0.6682735827710582,0.6682735827710582,,,,1.0
23,hexane_hl_gap_eV,51,0.9999998807907104,0.0,0.6682735827710582,0.6682735827710582,,,,1.0
23,hexane_hl_gap_eV,52,0.9999998807907104,0.0,0.6682735827710582,0.6682735827710582,,,,1.0
23,hexane_hl_gap_eV,53,0.9999998807907104,0.0,0.6682735827710582,0.6682735827710582,,,,1.0
23,hexane_hl_gap_eV,54,0.9999998807907104,0.0,0.6682735827710582,0.6682735827710582,,,,1.0
23,hexane_hl_gap_eV,55,0.9999998807907104,0.0,0.6682735827710582,0.6682735827710582,,,,1.0
23,hexane_hl_gap_eV,56,0.9999998807907104,0.0,0.6682735827710582,0.6682735827710582,,,,1.0
23,hexane_hl_gap_eV,57,0.9999998807907104,0.0,0.6682735827710582,0.6682735827710582,,,,1.0
23,hexane_hl_gap_eV,58,0.9999998807907104,0.0,0.6682735827710582,0.6682735827710582,,,,1.0
23,hexane_hl_gap_eV,59,0.9999998807907104,0.0,0.6682735827710582,0.6682735827710582,,,,1.0
23,hexane_hl_gap_eV,60,0.9999998807907104,0.0,0.6682735827710582,0.6682735827710582,,,,1.0
23,hexane_hl_gap_eV,61,0.9999998807907104,0.0,0.6682735827710582,0.6682735827710582,,,,1.0
23,hexane_hl_gap_eV,62,0.9999998807907104,0.0,0.6682735827710582,0.6682735827710582,,,,1.0
23,hexane_hl_gap_eV,63,0.9999998807907104,0.0,0.6682735827710582,0.6682735827710582,,,,1.0
23,hexane_hl_gap_eV,64,0.9999998807907104,0.0,0.6682735827710582,0.6682735827710582,,,,1.0
23,hexane_hl_gap_eV,65,0.9999998807907104,0.0,0.6682735827710582,0.6682735827710582,,,,1.0
23,hexane_hl_gap_eV,66,0.9999998807907104,0.0,0.6682735827710582,0.6682735827710582,,,,1.0
23,hexane_hl_gap_eV,67,0.9999998807907104,0.0,0.6682735827710582,0.6682735827710582,,,,1.0
23,hexane_hl_gap_eV,68,0.9999998807907104,0.0,0.6682735827710582,0.6682735827710582,,,,1.0
23,hexane_hl_gap_eV,69,0.9999998807907104,0.0,0.6682735827710582,0.6682735827710582,,,,1.0
23,hexane_hl_gap_eV,70,0.9999998807907104,0.0,0.6682735827710582,0.6682735827710582,,,,1.0
23,hexane_hl_gap_eV,71,0.9999998807907104,0.0,0.6682735827710582,0.6682735827710582,,,,1.0
23,hexane_hl_gap_eV,72,0.9999998807907104,0.0,0.6682735827710582,0.6682735827710582,,,,1.0
23,hexane_hl_gap_eV,73,0.9999998807907104,0.0,0.6682735827710582,0.6682735827710582,,,,1.0
23,hexane_hl_gap_eV,74,0.9999998807907104,0.0,0.6682735827710582,0.6682735827710582,,,,1.0
23,hexane_hl_gap_eV,75,0.9999998807907104,0.0,0.6682735827710582,0.6682735827710582,,,,1.0
23,hexane_hl_gap_eV,76,0.9999998807907104,0.0,0.6682735827710582,0.6682735827710582,,,,1.0
23,hexane_hl_gap_eV,77,0.9999998807907104,0.0,0.6682735827710582,0.6682735827710582,,,,1.0
23,hexane_hl_gap_eV,78,0.9999998807907104,0.0,0.6682735827710582,0.6682735827710582,,,,1.0
23,hexane_hl_gap_eV,79,0.9999998807907104,0.0,0.6682735827710582,0.6682735827710582,,,,1.0
23,hexane_hl_gap_eV,80,0.9999998807907104,0.0,0.6682735827710582,0.6682735827710582,,,,1.0
23,hexane_hl_gap_eV,81,0.9999998807907104,0.0,0.6682735827710582,0.6682735827710582,,,,1.0
23,hexane_hl_gap_eV,82,0.9999998807907104,0.0,0.6682735827710582,0.6682735827710582,,,,1.0
23,hexane_hl_gap_eV,83,0.9999998807907104,0.0,0.6682735827710582,0.6682735827710582,,,,1.0
23,hexane_hl_gap_eV,84,0.9999998807907104,0.0,0.6682735827710582,0.6682735827710582,,,,1.0
23,hexane_hl_gap_eV,85,0.9999998807907104,0.0,0.6682735827710582,0.6682735827710582,,,,1.0
23,hexane_hl_gap_eV,86,0.9999998807907104,0.0,0.6682735827710582,0.6682735827710582,,,,1.0
23,hexane_hl_gap_eV,87,0.9999998807907104,0.0,0.6682735827710582,0.6682735827710582,,,,1.0
23,hexane_hl_gap_eV,88,0.9999998807907104,0.0,0.6682735827710582,0.6682735827710582,,,,1.0
23,hexane_hl_gap_eV,89,0.9999998807907104,0.0,0.6682735827710582,0.6682735827710582,,,,1.0
23,hexane_hl_gap_eV,90,0.9999998807907104,0.0,0.6682735827710582,0.6682735827710582,,,,1.0
23,hexane_hl_gap_eV,91,0.9999998807907104,0.0,0.6682735827710582,0.6682735827710582,,,,1.0
23,hexane_hl_gap_eV,92,0.9999998807907104,0.0,0.6682735827710582,0.6682735827710582,,,,1.0
23,hexane_hl_gap_eV,93,0.9999998807907104,0.0,0.6682735827710582,0.6682735827710582,,,,1.0
23,hexane_hl_gap_eV,94,0.9999998807907104,0.0,0.6682735827710582,0.6682735827710582,,,,1.0
23,hexane_hl_gap_eV,95,0.9999998807907104,0.0,0.6682735827710582,0.6682735827710582,,,,1.0
23,hexane_hl_gap_eV,96,0.9999998807907104,0.0,0.6682735827710582,0.6682735827710582,,,,1.0
23,hexane_hl_gap_eV,97,0.9999998807907104,0.0,0.6682735827710582,0.6682735827710582,,,,1.0
23,hexane_hl_gap_eV,98,0.9999998807907104,0.0,0.6682735827710582,0.6682735827710582,,,,1.0
23,hexane_hl_gap_eV,99,0.9999998807907104,0.0,0.6682735827710582,0.6682735827710582,,,,1.0
23,hexane_hl_gap_eV,100,0.9999998807907104,0.0,0.6682735827710582,0.6682735827710582,,,,1.0
23,hexane_hl_gap_eV,101,0.9999998807907104,0.0,0.6682735827710582,0.6682735827710582,,,,1.0
23,hexane_hl_gap_eV,102,0.9999998807907104,0.0,0.6682735827710582,0.6682735827710582,,,,1.0
23,hexane_hl_gap_eV,103,0.9999998807907104,0.0,0.6682735827710582,0.6682735827710582,,,,1.0
23,hexane_hl_gap_eV,104,0.9999998807907104,0.0,0.6682735827710582,0.6682735827710582,,,,1.0
23,hexane_hl_gap_eV,105,0.9999998807907104,0.0,0.6682735827710582,0.6682735827710582,,,,1.0
23,hexane_hl_gap_eV,106,0.9999998807907104,0.0,0.6682735827710582,0.6682735827710582,,,,1.0
23,hexane_hl_gap_eV,107,0.9999998807907104,0.0,0.6682735827710582,0.6682735827710582,,,,1.0
23,hexane_hl_gap_eV,108,0.9999998807907104,0.0,0.6682735827710582,0.6682735827710582,,,,1.0
23,hexane_hl_gap_eV,109,0.9999998807907104,0.0,0.6682735827710582,0.6682735827710582,,,,1.0
23,hexane_hl_gap_eV,110,0.9999998807907104,0.0,0.6682735827710582,0.6682735827710582,,,,1.0
23,hexane_hl_gap_eV,111,0.9999998807907104,0.0,0.6682735827710582,0.6682735827710582,,,,1.0
23,hexane_hl_gap_eV,112,0.9999998807907104,0.0,0.6682735827710582,0.6682735827710582,,,,1.0
23,hexane_hl_gap_eV,113,0.9999998807907104,0.0,0.6682735827710582,0.6682735827710582,,,,1.0
23,hexane_hl_gap_eV,114,0.9999998807907104,0.0,0.6682735827710582,0.6682735827710582,,,,1.0
23,hexane_hl_gap_eV,115,0.9999998807907104,0.0,0.6682735827710582,0.6682735827710582,,,,1.0
23,hexane_hl_gap_eV,116,0.9999998807907104,0.0,0.6682735827710582,0.6682735827710582,,,,1.0
23,hexane_hl_gap_eV,117,0.9999998807907104,0.0,0.6682735827710582,0.6682735827710582,,,,1.0
23,hexane_hl_gap_eV,118,0.9999998807907104,0.0,0.6682735827710582,0.6682735827710582,,,,1.0
23,hexane_hl_gap_eV,119,0.9999998807907104,0.0,0.6682735827710582,0.6682735827710582,,,,1.0
23,hexane_hl_gap_eV,120,0.9999998807907104,0.0,0.6682735827710582,0.6682735827710582,,,,1.0
23,hexane_hl_gap_eV,121,0.9999998807907104,0.0,0.6682735827710582,0.6682735827710582,,,,1.0
23,hexane_hl_gap_eV,122,0.9999998807907104,0.0,0.6682735827710582,0.6682735827710582,,,,1.0
23,hexane_hl_gap_eV,123,0.9999998807907104,0.0,0.6682735827710582,0.6682735827710582,,,,1.0
23,hexane_hl_gap_eV,124,0.9999998807907104,0.0,0.6682735827710582,0.6682735827710582,,,,1.0
23,hexane_hl_gap_eV,125,0.9999998807907104,0.0,0.6682735827710582,0.6682735827710582,,,,1.0
23,hexane_hl_gap_eV,126,0.9999998807907104,0.0,0.6682735827710582,0.6682735827710582,,,,1.0
23,hexane_hl_gap_eV,127,0.9999998807907104,0.0,0.6682735827710582,0.6682735827710582,,,,1.0
23,hexane_hl_gap_eV,128,0.9999998807907104,0.0,0.6682735827710582,0.6682735827710582,,,,1.0
23,hexane_hl_gap_eV,129,0.9999998807907104,0.0,0.6682735827710582,0.6682735827710582,,,,1.0
23,hexane_hl_gap_eV,130,0.9999998807907104,0.0,0.6682735827710582,0.6682735827710582,,,,1.0
23,hexane_hl_gap_eV,131,0.9999998807907104,0.0,0.6682735827710582,0.6682735827710582,,,,1.0
23,hexane_hl_gap_eV,132,0.9999998807907104,0.0,0.6682735827710582,0.6682735827710582,,,,1.0
23,hexane_hl_gap_eV,133,0.9999998807907104,0.0,0.6682735827710582,0.6682735827710582,,,,1.0
23,hexane_hl_gap_eV,134,0.9999998807907104,0.0,0.6682735827710582,0.6682735827710582,,,,1.0
23,hexane_hl_gap_eV,135,0.9999998807907104,0.0,0.6682735827710582,0.6682735827710582,,,,1.0
23,hexane_hl_gap_eV,136,0.9999998807907104,0.0,0.6682735827710582,0.6682735827710582,,,,1.0
23,hexane_hl_gap_eV,137,0.9999998807907104,0.0,0.6682735827710582,0.6682735827710582,,,,1.0
23,hexane_hl_gap_eV,138,0.9999998807907104,0.0,0.6682735827710582,0.6682735827710582,,,,1.0
23,hexane_hl_gap_eV,139,0.9999998807907104,0.0,0.6682735827710582,0.6682735827710582,,,,1.0
23,hexane_hl_gap_eV,140,0.9999998807907104,0.0,0.6682735827710582,0.6682735827710582,,,,1.0
23,hexane_hl_gap_eV,141,0.9999998807907104,0.0,0.6682735827710582,0.6682735827710582,,,,1.0
23,hexane_hl_gap_eV,142,0.9999998807907104,0.0,0.6682735827710582,0.6682735827710582,,,,1.0
23,hexane_hl_gap_eV,143,0.9999998807907104,0.0,0.6682735827710582,0.6682735827710582,,,,1.0
23,hexane_hl_gap_eV,144,0.9999998807907104,0.0,0.6682735827710582,0.6682735827710582,,,,1.0
23,hexane_hl_gap_eV,145,0.9999998807907104,0.0,0.6682735827710582,0.6682735827710582,,,,1.0
23,hexane_hl_gap_eV,146,0.9999998807907104,0.0,0.6682735827710582,0.6682735827710582,,,,1.0
23,hexane_hl_gap_eV,147,0.9999998807907104,0.0,0.6682735827710582,0.6682735827710582,,,,1.0
23,hexane_hl_gap_eV,148,0.9999998807907104,0.0,0.6682735827710582,0.6682735827710582,,,,1.0
23,hexane_hl_gap_eV,149,0.9999998807907104,0.0,0.6682735827710582,0.6682735827710582,,,,1.0
23,hexane_hl_gap_eV,150,0.9999998807907104,0.0,0.6682735827710582,0.6682735827710582,,,,1.0
23,hexane_hl_gap_eV,151,0.9999998807907104,0.0,0.6682735827710582,0.6682735827710582,,,,1.0
23,hexane_hl_gap_eV,152,0.9999998807907104,0.0,0.6682735827710582,0.6682735827710582,,,,1.0
23,hexane_hl_gap_eV,153,0.9999998807907104,0.0,0.6682735827710582,0.6682735827710582,,,,1.0
23,hexane_hl_gap_eV,154,0.9999998807907104,0.0,0.6682735827710582,0.6682735827710582,,,,1.0
23,hexane_hl_gap_eV,155,0.9999998807907104,0.0,0.6682735827710582,0.6682735827710582,,,,1.0
23,hexane_hl_gap_eV,156,0.9999998807907104,0.0,0.6682735827710582,0.6682735827710582,,,,1.0
23,hexane_hl_gap_eV,157,0.9999998807907104,0.0,0.6682735827710582,0.6682735827710582,,,,1.0
23,hexane_hl_gap_eV,158,0.9999998807907104,0.0,0.6682735827710582,0.6682735827710582,,,,1.0
23,hexane_hl_gap_eV,159,0.9999998807907104,0.0,0.6682735827710582,0.6682735827710582,,,,1.0
23,hexane_hl_gap_eV,160,0.9999998807907104,0.0,0.6682735827710582,0.6682735827710582,,,,1.0
23,hexane_hl_gap_eV,161,0.9999998807907104,0.0,0.6682735827710582,0.6682735827710582,,,,1.0
23,hexane_hl_gap_eV,162,0.9999998807907104,0.0,0.6682735827710582,0.6682735827710582,,,,1.0
23,hexane_hl_gap_eV,163,0.9999998807907104,0.0,0.6682735827710582,0.6682735827710582,,,,1.0
23,hexane_hl_gap_eV,164,0.9999998807907104,0.0,0.6682735827710582,0.6682735827710582,,,,1.0
23,hexane_hl_gap_eV,165,0.9999998807907104,0.0,0.6682735827710582,0.6682735827710582,,,,1.0
23,hexane_hl_gap_eV,166,0.9999998807907104,0.0,0.6682735827710582,0.6682735827710582,,,,1.0
23,hexane_hl_gap_eV,167,0.9999998807907104,0.0,0.6682735827710582,0.6682735827710582,,,,1.0
23,hexane_hl_gap_eV,168,0.9999998807907104,0.0,0.6682735827710582,0.6682735827710582,,,,1.0
23,hexane_hl_gap_eV,169,0.9999998807907104,0.0,0.6682735827710582,0.6682735827710582,,,,1.0
23,hexane_hl_gap_eV,170,0.9999998807907104,0.0,0.6682735827710582,0.6682735827710582,,,,1.0
23,hexane_hl_gap_eV,171,0.9999998807907104,0.0,0.6682735827710582,0.6682735827710582,,,,1.0
23,hexane_hl_gap_eV,172,0.9999998807907104,0.0,0.6682735827710582,0.6682735827710582,,,,1.0
23,hexane_hl_gap_eV,173,0.9999998807907104,0.0,0.6682735827710582,0.6682735827710582,,,,1.0
23,hexane_hl_gap_eV,174,0.9999998807907104,0.0,0.6682735827710582,0.6682735827710582,,,,1.0
23,hexane_hl_gap_eV,175,0.9999998807907104,0.0,0.6682735827710582,0.6682735827710582,,,,1.0
23,hexane_hl_gap_eV,176,0.9999998807907104,0.0,0.6682735827710582,0.6682735827710582,,,,1.0
23,hexane_hl_gap_eV,177,0.9999998807907104,0.0,0.6682735827710582,0.6682735827710582,,,,1.0
23,hexane_hl_gap_eV,178,0.9999998807907104,0.0,0.6682735827710582,0.6682735827710582,,,,1.0
23,hexane_hl_gap_eV,179,0.9999998807907104,0.0,0.6682735827710582,0.6682735827710582,,,,1.0
23,hexane_hl_gap_eV,180,0.9999998807907104,0.0,0.6682735827710582,0.6682735827710582,,,,1.0
23,hexane_hl_gap_eV,181,0.9999998807907104,0.0,0.6682735827710582,0.6682735827710582,,,,1.0
23,hexane_hl_gap_eV,182,0.9999998807907104,0.0,0.6682735827710582,0.6682735827710582,,,,1.0
23,hexane_hl_gap_eV,183,0.9999998807907104,0.0,0.6682735827710582,0.6682735827710582,,,,1.0
23,hexane_hl_gap_eV,184,0.9999998807907104,0.0,0.6682735827710582,0.6682735827710582,,,,1.0
23,hexane_hl_gap_eV,185,0.9999998807907104,0.0,0.6682735827710582,0.6682735827710582,,,,1.0
23,hexane_hl_gap_eV,186,0.9999998807907104,0.0,0.6682735827710582,0.6682735827710582,,,,1.0
23,hexane_hl_gap_eV,187,0.9999998807907104,0.0,0.6682735827710582,0.6682735827710582,,,,1.0
23,hexane_hl_gap_eV,188,0.9999998807907104,0.0,0.6682735827710582,0.6682735827710582,,,,1.0
23,hexane_hl_gap_eV,189,0.9999998807907104,0.0,0.6682735827710582,0.6682735827710582,,,,1.0
23,hexane_hl_gap_eV,190,0.9999998807907104,0.0,0.6682735827710582,0.6682735827710582,,,,1.0
23,hexane_hl_gap_eV,191,0.9999998807907104,0.0,0.6682735827710582,0.6682735827710582,,,,1.0
23,hexane_hl_gap_eV,192,0.9999998807907104,0.0,0.6682735827710582,0.6682735827710582,,,,1.0
23,hexane_hl_gap_eV,193,0.9999998807907104,0.0,0.6682735827710582,0.6682735827710582,,,,1.0
23,hexane_hl_gap_eV,194,0.9999998807907104,0.0,0.6682735827710582,0.6682735827710582,,,,1.0
23,hexane_hl_gap_eV,195,0.9999998807907104,0.0,0.6682735827710582,0.6682735827710582,,,,1.0
23,hexane_hl_gap_eV,196,0.9999998807907104,0.0,0.6682735827710582,0.6682735827710582,,,,1.0
23,hexane_hl_gap_eV,197,0.9999998807907104,0.0,0.6682735827710582,0.6682735827710582,,,,1.0
23,hexane_hl_gap_eV,198,0.9999998807907104,0.0,0.6682735827710582,0.6682735827710582,,,,1.0
23,hexane_hl_gap_eV,199,0.9999998807907104,0.0,0.6682735827710582,0.6682735827710582,,,,1.0
23,hexane_hl_gap_eV,200,0.9999998807907104,0.0,0.6682735827710582,0.6682735827710582,,,,1.0
23,hexane_hl_gap_eV,201,0.9999998807907104,0.0,0.6682735827710582,0.6682735827710582,,,,1.0
23,hexane_hl_gap_eV,202,0.9999998807907104,0.0,0.6682735827710582,0.6682735827710582,,,,1.0
23,hexane_hl_gap_eV,203,0.9999998807907104,0.0,0.6682735827710582,0.6682735827710582,,,,1.0
23,hexane_hl_gap_eV,204,0.9999998807907104,0.0,0.6682735827710582,0.6682735827710582,,,,1.0
23,hexane_hl_gap_eV,205,0.9999998807907104,0.0,0.6682735827710582,0.6682735827710582,,,,1.0
23,hexane_hl_gap_eV,206,0.9999998807907104,0.0,0.6682735827710582,0.6682735827710582,,,,1.0
23,hexane_hl_gap_eV,207,0.9999998807907104,0.0,0.6682735827710582,0.6682735827710582,,,,1.0
23,hexane_hl_gap_eV,208,0.9999998807907104,0.0,0.6682735827710582,0.6682735827710582,,,,1.0
23,hexane_hl_gap_eV,209,0.9999998807907104,0.0,0.6682735827710582,0.6682735827710582,,,,1.0
23,hexane_hl_gap_eV,210,0.9999998807907104,0.0,0.6682735827710582,0.6682735827710582,,,,1.0
23,hexane_hl_gap_eV,211,0.9999998807907104,0.0,0.6682735827710582,0.6682735827710582,,,,1.0
23,hexane_hl_gap_eV,212,0.9999998807907104,0.0,0.6682735827710582,0.6682735827710582,,,,1.0
23,hexane_hl_gap_eV,213,0.9999998807907104,0.0,0.6682735827710582,0.6682735827710582,,,,1.0
23,hexane_hl_gap_eV,214,0.9999998807907104,0.0,0.6682735827710582,0.6682735827710582,,,,1.0
23,hexane_hl_gap_eV,215,0.9999998807907104,0.0,0.6682735827710582,0.6682735827710582,,,,1.0
23,hexane_hl_gap_eV,216,0.9999998807907104,0.0,0.6682735827710582,0.6682735827710582,,,,1.0
23,hexane_hl_gap_eV,217,0.9999998807907104,0.0,0.6682735827710582,0.6682735827710582,,,,1.0
23,hexane_hl_gap_eV,218,0.9999998807907104,0.0,0.6682735827710582,0.6682735827710582,,,,1.0
23,hexane_hl_gap_eV,219,0.9999998807907104,0.0,0.6682735827710582,0.6682735827710582,,,,1.0
23,hexane_hl_gap_eV,220,0.9999998807907104,0.0,0.6682735827710582,0.6682735827710582,,,,1.0
23,hexane_hl_gap_eV,221,0.9999998807907104,0.0,0.6682735827710582,0.6682735827710582,,,,1.0
23,hexane_hl_gap_eV,222,0.9999998807907104,0.0,0.6682735827710582,0.6682735827710582,,,,1.0
23,hexane_hl_gap_eV,223,0.9999998807907104,0.0,0.6682735827710582,0.6682735827710582,,,,1.0
23,hexane_hl_gap_eV,224,0.9999998807907104,0.0,0.6682735827710582,0.6682735827710582,,,,1.0
23,hexane_hl_gap_eV,225,0.9999998807907104,0.0,0.6682735827710582,0.6682735827710582,,,,1.0
23,hexane_hl_gap_eV,226,0.9999998807907104,0.0,0.6682735827710582,0.6682735827710582,,,,1.0
23,hexane_hl_gap_eV,227,0.9999998807907104,0.0,0.6682735827710582,0.6682735827710582,,,,1.0
23,hexane_hl_gap_eV,228,0.9999998807907104,0.0,0.6682735827710582,0.6682735827710582,,,,1.0
23,hexane_hl_gap_eV,229,0.9999998807907104,0.0,0.6682735827710582,0.6682735827710582,,,,1.0
23,hexane_hl_gap_eV,230,0.9999998807907104,0.0,0.6682735827710582,0.6682735827710582,,,,1.0
23,hexane_hl_gap_eV,231,0.9999998807907104,0.0,0.6682735827710582,0.6682735827710582,,,,1.0
23,hexane_hl_gap_eV,232,0.9999998807907104,0.0,0.6682735827710582,0.6682735827710582,,,,1.0
23,hexane_hl_gap_eV,233,0.9999998807907104,0.0,0.6682735827710582,0.6682735827710582,,,,1.0
23,hexane_hl_gap_eV,234,0.9999998807907104,0.0,0.6682735827710582,0.6682735827710582,,,,1.0
23,hexane_hl_gap_eV,235,0.9999998807907104,0.0,0.6682735827710582,0.6682735827710582,,,,1.0
23,hexane_hl_gap_eV,236,0.9999998807907104,0.0,0.6682735827710582,0.6682735827710582,,,,1.0
23,hexane_hl_gap_eV,237,0.9999998807907104,0.0,0.6682735827710582,0.6682735827710582,,,,1.0
23,hexane_hl_gap_eV,238,0.9999998807907104,0.0,0.6682735827710582,0.6682735827710582,,,,1.0
23,hexane_hl_gap_eV,239,0.9999998807907104,0.0,0.6682735827710582,0.6682735827710582,,,,1.0
23,hexane_hl_gap_eV,240,0.9999998807907104,0.0,0.6682735827710582,0.6682735827710582,,,,1.0
23,hexane_hl_gap_eV,241,0.9999998807907104,0.0,0.6682735827710582,0.6682735827710582,,,,1.0
23,hexane_hl_gap_eV,242,0.9999998807907104,0.0,0.6682735827710582,0.6682735827710582,,,,1.0
23,hexane_hl_gap_eV,243,0.9999998807907104,0.0,0.6682735827710582,0.6682735827710582,,,,1.0
23,hexane_hl_gap_eV,244,0.9999998807907104,0.0,0.6682735827710582,0.6682735827710582,,,,1.0
23,hexane_hl_gap_eV,245,0.9999998807907104,0.0,0.6682735827710582,0.6682735827710582,,,,1.0
23,hexane_hl_gap_eV,246,0.9999998807907104,0.0,0.6682735827710582,0.6682735827710582,,,,1.0
23,hexane_hl_gap_eV,247,0.9999998807907104,0.0,0.6682735827710582,0.6682735827710582,,,,1.0
23,hexane_hl_gap_eV,248,0.9999998807907104,0.0,0.6682735827710582,0.6682735827710582,,,,1.0
23,hexane_hl_gap_eV,249,0.9999998807907104,0.0,0.6682735827710582,0.6682735827710582,,,,1.0
23,hexane_dipole,0,0.9999999403953552,0.0,0.6198864993572084,0.6198864993572084,,,,1.0
23,hexane_dipole,1,0.9999999403953552,0.0,0.6198864993572084,0.6198864993572084,,,,1.0
23,hexane_dipole,2,0.9999999403953552,0.0,0.6198864993572084,0.6198864993572084,,,,1.0
23,hexane_dipole,3,0.9999999403953552,0.0,0.6198864993572084,0.6198864993572084,,,,1.0
23,hexane_dipole,4,0.9999999403953552,0.0,0.6198864993572084,0.6198864993572084,,,,1.0
23,hexane_dipole,5,0.9999999403953552,0.0,0.6198864993572084,0.6198864993572084,,,,1.0
23,hexane_dipole,6,0.9999999403953552,0.0,0.6198864993572084,0.6198864993572084,,,,1.0
23,hexane_dipole,7,0.9999999403953552,0.0,0.6198864993572084,0.6198864993572084,,,,1.0
23,hexane_dipole,8,0.9999999403953552,0.0,0.6198864993572084,0.6198864993572084,,,,1.0
23,hexane_dipole,9,0.9999999403953552,0.0,0.6198864993572084,0.6198864993572084,,,,1.0
23,hexane_dipole,10,0.9999999403953552,0.0,0.6198864993572084,0.6198864993572084,,,,1.0
23,hexane_dipole,11,0.9999999403953552,0.0,0.6198864993572084,0.6198864993572084,,,,1.0
23,hexane_dipole,12,0.9999999403953552,0.0,0.6198864993572084,0.6198864993572084,,,,1.0
23,hexane_dipole,13,0.9999999403953552,0.0,0.6198864993572084,0.6198864993572084,,,,1.0
23,hexane_dipole,14,0.9999999403953552,0.0,0.6198864993572084,0.6198864993572084,,,,1.0
23,hexane_dipole,15,0.9999999403953552,0.0,0.6198864993572084,0.6198864993572084,,,,1.0
23,hexane_dipole,16,0.9999999403953552,0.0,0.6198864993572084,0.6198864993572084,,,,1.0
23,hexane_dipole,17,0.9999999403953552,0.0,0.6198864993572084,0.6198864993572084,,,,1.0
23,hexane_dipole,18,0.9999999403953552,0.0,0.6198864993572084,0.6198864993572084,,,,1.0
23,hexane_dipole,19,0.9999999403953552,0.0,0.6198864993572084,0.6198864993572084,,,,1.0
23,hexane_dipole,20,0.9999999403953552,0.0,0.6198864993572084,0.6198864993572084,,,,1.0
23,hexane_dipole,21,0.9999999403953552,0.0,0.6198864993572084,0.6198864993572084,,,,1.0
23,hexane_dipole,22,0.9999999403953552,0.0,0.6198864993572084,0.6198864993572084,,,,1.0
23,hexane_dipole,23,0.9999999403953552,0.0,0.6198864993572084,0.6198864993572084,,,,1.0
23,hexane_dipole,24,0.9999999403953552,0.0,0.6198864993572084,0.6198864993572084,,,,1.0
23,hexane_dipole,25,0.9999999403953552,0.0,0.6198864993572084,0.6198864993572084,,,,1.0
23,hexane_dipole,26,0.9999999403953552,0.0,0.6198864993572084,0.6198864993572084,,,,1.0
23,hexane_dipole,27,0.9999999403953552,0.0,0.6198864993572084,0.6198864993572084,,,,1.0
23,hexane_dipole,28,0.9999999403953552,0.0,0.6198864993572084,0.6198864993572084,,,,1.0
23,hexane_dipole,29,0.9999999403953552,0.0,0.6198864993572084,0.6198864993572084,,,,1.0
23,hexane_dipole,30,0.9999999403953552,0.0,0.6198864993572084,0.6198864993572084,,,,1.0
23,hexane_dipole,31,0.9999999403953552,0.0,0.6198864993572084,0.6198864993572084,,,,1.0
23,hexane_dipole,32,0.9999999403953552,0.0,0.6198864993572084,0.6198864993572084,,,,1.0
23,hexane_dipole,33,0.9999999403953552,0.0,0.6198864993572084,0.6198864993572084,,,,1.0
23,hexane_dipole,34,0.9999999403953552,0.0,0.6198864993572084,0.6198864993572084,,,,1.0
23,hexane_dipole,35,0.9999999403953552,0.0,0.6198864993572084,0.6198864993572084,,,,1.0
23,hexane_dipole,36,0.9999999403953552,0.0,0.6198864993572084,0.6198864993572084,,,,1.0
23,hexane_dipole,37,0.9999999403953552,0.0,0.6198864993572084,0.6198864993572084,,,,1.0
23,hexane_dipole,38,0.9999999403953552,0.0,0.6198864993572084,0.6198864993572084,,,,1.0
23,hexane_dipole,39,0.9999999403953552,0.0,0.6198864993572084,0.6198864993572084,,,,1.0
23,hexane_dipole,40,0.9999999403953552,0.0,0.6198864993572084,0.6198864993572084,,,,1.0
23,hexane_dipole,41,0.9999999403953552,0.0,0.6198864993572084,0.6198864993572084,,,,1.0
23,hexane_dipole,42,0.9999999403953552,0.0,0.6198864993572084,0.6198864993572084,,,,1.0
23,hexane_dipole,43,0.9999999403953552,0.0,0.6198864993572084,0.6198864993572084,,,,1.0
23,hexane_dipole,44,0.9999999403953552,0.0,0.6198864993572084,0.6198864993572084,,,,1.0
23,hexane_dipole,45,0.9999999403953552,0.0,0.6198864993572084,0.6198864993572084,,,,1.0
23,hexane_dipole,46,0.9999999403953552,0.0,0.6198864993572084,0.6198864993572084,,,,1.0
23,hexane_dipole,47,0.9999999403953552,0.0,0.6198864993572084,0.6198864993572084,,,,1.0
23,hexane_dipole,48,0.9999999403953552,0.0,0.6198864993572084,0.6198864993572084,,,,1.0
23,hexane_dipole,49,0.9999999403953552,0.0,0.6198864993572084,0.6198864993572084,,,,1.0
23,hexane_dipole,50,0.9999999403953552,0.0,0.6198864993572084,0.6198864993572084,,,,1.0
23,hexane_dipole,51,0.9999999403953552,0.0,0.6198864993572084,0.6198864993572084,,,,1.0
23,hexane_dipole,52,0.9999999403953552,0.0,0.6198864993572084,0.6198864993572084,,,,1.0
23,hexane_dipole,53,0.9999999403953552,0.0,0.6198864993572084,0.6198864993572084,,,,1.0
23,hexane_dipole,54,0.9999999403953552,0.0,0.6198864993572084,0.6198864993572084,,,,1.0
23,hexane_dipole,55,0.9999999403953552,0.0,0.6198864993572084,0.6198864993572084,,,,1.0
23,hexane_dipole,56,0.9999999403953552,0.0,0.6198864993572084,0.6198864993572084,,,,1.0
23,hexane_dipole,57,0.9999999403953552,0.0,0.6198864993572084,0.6198864993572084,,,,1.0
23,hexane_dipole,58,0.9999999403953552,0.0,0.6198864993572084,0.6198864993572084,,,,1.0
23,hexane_dipole,59,0.9999999403953552,0.0,0.6198864993572084,0.6198864993572084,,,,1.0
23,hexane_dipole,60,0.9999999403953552,0.0,0.6198864993572084,0.6198864993572084,,,,1.0
23,hexane_dipole,61,0.9999999403953552,0.0,0.6198864993572084,0.6198864993572084,,,,1.0
23,hexane_dipole,62,0.9999999403953552,0.0,0.6198864993572084,0.6198864993572084,,,,1.0
23,hexane_dipole,63,0.9999999403953552,0.0,0.6198864993572084,0.6198864993572084,,,,1.0
23,hexane_dipole,64,0.9999999403953552,0.0,0.6198864993572084,0.6198864993572084,,,,1.0
23,hexane_dipole,65,0.9999999403953552,0.0,0.6198864993572084,0.6198864993572084,,,,1.0
23,hexane_dipole,66,0.9999999403953552,0.0,0.6198864993572084,0.6198864993572084,,,,1.0
23,hexane_dipole,67,0.9999999403953552,0.0,0.6198864993572084,0.6198864993572084,,,,1.0
23,hexane_dipole,68,0.9999999403953552,0.0,0.6198864993572084,0.6198864993572084,,,,1.0
23,hexane_dipole,69,0.9999999403953552,0.0,0.6198864993572084,0.6198864993572084,,,,1.0
23,hexane_dipole,70,0.9999999403953552,0.0,0.6198864993572084,0.6198864993572084,,,,1.0
23,hexane_dipole,71,0.9999999403953552,0.0,0.6198864993572084,0.6198864993572084,,,,1.0
23,hexane_dipole,72,0.9999999403953552,0.0,0.6198864993572084,0.6198864993572084,,,,1.0
23,hexane_dipole,73,0.9999999403953552,0.0,0.6198864993572084,0.6198864993572084,,,,1.0
23,hexane_dipole,74,0.9999999403953552,0.0,0.6198864993572084,0.6198864993572084,,,,1.0
23,hexane_dipole,75,0.9999999403953552,0.0,0.6198864993572084,0.6198864993572084,,,,1.0
23,hexane_dipole,76,0.9999999403953552,0.0,0.6198864993572084,0.6198864993572084,,,,1.0
23,hexane_dipole,77,0.9999999403953552,0.0,0.6198864993572084,0.6198864993572084,,,,1.0
23,hexane_dipole,78,0.9999999403953552,0.0,0.6198864993572084,0.6198864993572084,,,,1.0
23,hexane_dipole,79,0.9999999403953552,0.0,0.6198864993572084,0.6198864993572084,,,,1.0
23,hexane_dipole,80,0.9999999403953552,0.0,0.6198864993572084,0.6198864993572084,,,,1.0
23,hexane_dipole,81,0.9999999403953552,0.0,0.6198864993572084,0.6198864993572084,,,,1.0
23,hexane_dipole,82,0.9999999403953552,0.0,0.6198864993572084,0.6198864993572084,,,,1.0
23,hexane_dipole,83,0.9999999403953552,0.0,0.6198864993572084,0.6198864993572084,,,,1.0
23,hexane_dipole,84,0.9999999403953552,0.0,0.6198864993572084,0.6198864993572084,,,,1.0
23,hexane_dipole,85,0.9999999403953552,0.0,0.6198864993572084,0.6198864993572084,,,,1.0
23,hexane_dipole,86,0.9999999403953552,0.0,0.6198864993572084,0.6198864993572084,,,,1.0
23,hexane_dipole,87,0.9999999403953552,0.0,0.6198864993572084,0.6198864993572084,,,,1.0
23,hexane_dipole,88,0.9999999403953552,0.0,0.6198864993572084,0.6198864993572084,,,,1.0
23,hexane_dipole,89,0.9999999403953552,0.0,0.6198864993572084,0.6198864993572084,,,,1.0
23,hexane_dipole,90,0.9999999403953552,0.0,0.6198864993572084,0.6198864993572084,,,,1.0
23,hexane_dipole,91,0.9999999403953552,0.0,0.6198864993572084,0.6198864993572084,,,,1.0
23,hexane_dipole,92,0.9999999403953552,0.0,0.6198864993572084,0.6198864993572084,,,,1.0
23,hexane_dipole,93,0.9999999403953552,0.0,0.6198864993572084,0.6198864993572084,,,,1.0
23,hexane_dipole,94,0.9999999403953552,0.0,0.6198864993572084,0.6198864993572084,,,,1.0
23,hexane_dipole,95,0.9999999403953552,0.0,0.6198864993572084,0.6198864993572084,,,,1.0
23,hexane_dipole,96,0.9999999403953552,0.0,0.6198864993572084,0.6198864993572084,,,,1.0
23,hexane_dipole,97,0.9999999403953552,0.0,0.6198864993572084,0.6198864993572084,,,,1.0
23,hexane_dipole,98,0.9999999403953552,0.0,0.6198864993572084,0.6198864993572084,,,,1.0
23,hexane_dipole,99,0.9999999403953552,0.0,0.6198864993572084,0.6198864993572084,,,,1.0
23,hexane_dipole,100,0.9999999403953552,0.0,0.6198864993572084,0.6198864993572084,,,,1.0
23,hexane_dipole,101,0.9999999403953552,0.0,0.6198864993572084,0.6198864993572084,,,,1.0
23,hexane_dipole,102,0.9999999403953552,0.0,0.6198864993572084,0.6198864993572084,,,,1.0
23,hexane_dipole,103,0.9999999403953552,0.0,0.6198864993572084,0.6198864993572084,,,,1.0
23,hexane_dipole,104,0.9999999403953552,0.0,0.6198864993572084,0.6198864993572084,,,,1.0
23,hexane_dipole,105,0.9999999403953552,0.0,0.6198864993572084,0.6198864993572084,,,,1.0
23,hexane_dipole,106,0.9999999403953552,0.0,0.6198864993572084,0.6198864993572084,,,,1.0
23,hexane_dipole,107,0.9999999403953552,0.0,0.6198864993572084,0.6198864993572084,,,,1.0
23,hexane_dipole,108,0.9999999403953552,0.0,0.6198864993572084,0.6198864993572084,,,,1.0
23,hexane_dipole,109,0.9999999403953552,0.0,0.6198864993572084,0.6198864993572084,,,,1.0
23,hexane_dipole,110,0.9999999403953552,0.0,0.6198864993572084,0.6198864993572084,,,,1.0
23,hexane_dipole,111,0.9999999403953552,0.0,0.6198864993572084,0.6198864993572084,,,,1.0
23,hexane_dipole,112,0.9999999403953552,0.0,0.6198864993572084,0.6198864993572084,,,,1.0
23,hexane_dipole,113,0.9999999403953552,0.0,0.6198864993572084,0.6198864993572084,,,,1.0
23,hexane_dipole,114,0.9999999403953552,0.0,0.6198864993572084,0.6198864993572084,,,,1.0
23,hexane_dipole,115,0.9999999403953552,0.0,0.6198864993572084,0.6198864993572084,,,,1.0
23,hexane_dipole,116,0.9999999403953552,0.0,0.6198864993572084,0.6198864993572084,,,,1.0
23,hexane_dipole,117,0.9999999403953552,0.0,0.6198864993572084,0.6198864993572084,,,,1.0
23,hexane_dipole,118,0.9999999403953552,0.0,0.6198864993572084,0.6198864993572084,,,,1.0
23,hexane_dipole,119,0.9999999403953552,0.0,0.6198864993572084,0.6198864993572084,,,,1.0
23,hexane_dipole,120,0.9999999403953552,0.0,0.6198864993572084,0.6198864993572084,,,,1.0
23,hexane_dipole,121,0.9999999403953552,0.0,0.6198864993572084,0.6198864993572084,,,,1.0
23,hexane_dipole,122,0.9999999403953552,0.0,0.6198864993572084,0.6198864993572084,,,,1.0
23,hexane_dipole,123,0.9999999403953552,0.0,0.6198864993572084,0.6198864993572084,,,,1.0
23,hexane_dipole,124,0.9999999403953552,0.0,0.6198864993572084,0.6198864993572084,,,,1.0
23,hexane_dipole,125,0.9999999403953552,0.0,0.6198864993572084,0.6198864993572084,,,,1.0
23,hexane_dipole,126,0.9999999403953552,0.0,0.6198864993572084,0.6198864993572084,,,,1.0
23,hexane_dipole,127,0.9999999403953552,0.0,0.6198864993572084,0.6198864993572084,,,,1.0
23,hexane_dipole,128,0.9999999403953552,0.0,0.6198864993572084,0.6198864993572084,,,,1.0
23,hexane_dipole,129,0.9999999403953552,0.0,0.6198864993572084,0.6198864993572084,,,,1.0
23,hexane_dipole,130,0.9999999403953552,0.0,0.6198864993572084,0.6198864993572084,,,,1.0
23,hexane_dipole,131,0.9999999403953552,0.0,0.6198864993572084,0.6198864993572084,,,,1.0
23,hexane_dipole,132,0.9999999403953552,0.0,0.6198864993572084,0.6198864993572084,,,,1.0
23,hexane_dipole,133,0.9999999403953552,0.0,0.6198864993572084,0.6198864993572084,,,,1.0
23,hexane_dipole,134,0.9999999403953552,0.0,0.6198864993572084,0.6198864993572084,,,,1.0
23,hexane_dipole,135,0.9999999403953552,0.0,0.6198864993572084,0.6198864993572084,,,,1.0
23,hexane_dipole,136,0.9999999403953552,0.0,0.6198864993572084,0.6198864993572084,,,,1.0
23,hexane_dipole,137,0.9999999403953552,0.0,0.6198864993572084,0.6198864993572084,,,,1.0
23,hexane_dipole,138,0.9999999403953552,0.0,0.6198864993572084,0.6198864993572084,,,,1.0
23,hexane_dipole,139,0.9999999403953552,0.0,0.6198864993572084,0.6198864993572084,,,,1.0
23,hexane_dipole,140,0.9999999403953552,0.0,0.6198864993572084,0.6198864993572084,,,,1.0
23,hexane_dipole,141,0.9999999403953552,0.0,0.6198864993572084,0.6198864993572084,,,,1.0
23,hexane_dipole,142,0.9999999403953552,0.0,0.6198864993572084,0.6198864993572084,,,,1.0
23,hexane_dipole,143,0.9999999403953552,0.0,0.6198864993572084,0.6198864993572084,,,,1.0
23,hexane_dipole,144,0.9999999403953552,0.0,0.6198864993572084,0.6198864993572084,,,,1.0
23,hexane_dipole,145,0.9999999403953552,0.0,0.6198864993572084,0.6198864993572084,,,,1.0
23,hexane_dipole,146,0.9999999403953552,0.0,0.6198864993572084,0.6198864993572084,,,,1.0
23,hexane_dipole,147,0.9999999403953552,0.0,0.6198864993572084,0.6198864993572084,,,,1.0
23,hexane_dipole,148,0.9999999403953552,0.0,0.6198864993572084,0.6198864993572084,,,,1.0
23,hexane_dipole,149,0.9999999403953552,0.0,0.6198864993572084,0.6198864993572084,,,,1.0
23,hexane_dipole,150,0.9999999403953552,0.0,0.6198864993572084,0.6198864993572084,,,,1.0
23,hexane_dipole,151,0.9999999403953552,0.0,0.6198864993572084,0.6198864993572084,,,,1.0
23,hexane_dipole,152,0.9999999403953552,0.0,0.6198864993572084,0.6198864993572084,,,,1.0
23,hexane_dipole,153,0.9999999403953552,0.0,0.6198864993572084,0.6198864993572084,,,,1.0
23,hexane_dipole,154,0.9999999403953552,0.0,0.6198864993572084,0.6198864993572084,,,,1.0
23,hexane_dipole,155,0.9999999403953552,0.0,0.6198864993572084,0.6198864993572084,,,,1.0
23,hexane_dipole,156,0.9999999403953552,0.0,0.6198864993572084,0.6198864993572084,,,,1.0
23,hexane_dipole,157,0.9999999403953552,0.0,0.6198864993572084,0.6198864993572084,,,,1.0
23,hexane_dipole,158,0.9999999403953552,0.0,0.6198864993572084,0.6198864993572084,,,,1.0
23,hexane_dipole,159,0.9999999403953552,0.0,0.6198864993572084,0.6198864993572084,,,,1.0
23,hexane_dipole,160,0.9999999403953552,0.0,0.6198864993572084,0.6198864993572084,,,,1.0
23,hexane_dipole,161,0.9999999403953552,0.0,0.6198864993572084,0.6198864993572084,,,,1.0
23,hexane_dipole,162,0.9999999403953552,0.0,0.6198864993572084,0.6198864993572084,,,,1.0
23,hexane_dipole,163,0.9999999403953552,0.0,0.6198864993572084,0.6198864993572084,,,,1.0
23,hexane_dipole,164,0.9999999403953552,0.0,0.6198864993572084,0.6198864993572084,,,,1.0
23,hexane_dipole,165,0.9999999403953552,0.0,0.6198864993572084,0.6198864993572084,,,,1.0
23,hexane_dipole,166,0.9999999403953552,0.0,0.6198864993572084,0.6198864993572084,,,,1.0
23,hexane_dipole,167,0.9999999403953552,0.0,0.6198864993572084,0.6198864993572084,,,,1.0
23,hexane_dipole,168,0.9999999403953552,0.0,0.6198864993572084,0.6198864993572084,,,,1.0
23,hexane_dipole,169,0.9999999403953552,0.0,0.6198864993572084,0.6198864993572084,,,,1.0
23,hexane_dipole,170,0.9999999403953552,0.0,0.6198864993572084,0.6198864993572084,,,,1.0
23,hexane_dipole,171,0.9999999403953552,0.0,0.6198864993572084,0.6198864993572084,,,,1.0
23,hexane_dipole,172,0.9999999403953552,0.0,0.6198864993572084,0.6198864993572084,,,,1.0
23,hexane_dipole,173,0.9999999403953552,0.0,0.6198864993572084,0.6198864993572084,,,,1.0
23,hexane_dipole,174,0.9999999403953552,0.0,0.6198864993572084,0.6198864993572084,,,,1.0
23,hexane_dipole,175,0.9999999403953552,0.0,0.6198864993572084,0.6198864993572084,,,,1.0
23,hexane_dipole,176,0.9999999403953552,0.0,0.6198864993572084,0.6198864993572084,,,,1.0
23,hexane_dipole,177,0.9999999403953552,0.0,0.6198864993572084,0.6198864993572084,,,,1.0
23,hexane_dipole,178,0.9999999403953552,0.0,0.6198864993572084,0.6198864993572084,,,,1.0
23,hexane_dipole,179,0.9999999403953552,0.0,0.6198864993572084,0.6198864993572084,,,,1.0
23,hexane_dipole,180,0.9999999403953552,0.0,0.6198864993572084,0.6198864993572084,,,,1.0
23,hexane_dipole,181,0.9999999403953552,0.0,0.6198864993572084,0.6198864993572084,,,,1.0
23,hexane_dipole,182,0.9999999403953552,0.0,0.6198864993572084,0.6198864993572084,,,,1.0
23,hexane_dipole,183,0.9999999403953552,0.0,0.6198864993572084,0.6198864993572084,,,,1.0
23,hexane_dipole,184,0.9999999403953552,0.0,0.6198864993572084,0.6198864993572084,,,,1.0
23,hexane_dipole,185,0.9999999403953552,0.0,0.6198864993572084,0.6198864993572084,,,,1.0
23,hexane_dipole,186,0.9999999403953552,0.0,0.6198864993572084,0.6198864993572084,,,,1.0
23,hexane_dipole,187,0.9999999403953552,0.0,0.6198864993572084,0.6198864993572084,,,,1.0
23,hexane_dipole,188,0.9999999403953552,0.0,0.6198864993572084,0.6198864993572084,,,,1.0
23,hexane_dipole,189,0.9999999403953552,0.0,0.6198864993572084,0.6198864993572084,,,,1.0
23,hexane_dipole,190,0.9999999403953552,0.0,0.6198864993572084,0.6198864993572084,,,,1.0
23,hexane_dipole,191,0.9999999403953552,0.0,0.6198864993572084,0.6198864993572084,,,,1.0
23,hexane_dipole,192,0.9999999403953552,0.0,0.6198864993572084,0.6198864993572084,,,,1.0
23,hexane_dipole,193,0.9999999403953552,0.0,0.6198864993572084,0.6198864993572084,,,,1.0
23,hexane_dipole,194,0.9999999403953552,0.0,0.6198864993572084,0.6198864993572084,,,,1.0
23,hexane_dipole,195,0.9999999403953552,0.0,0.6198864993572084,0.6198864993572084,,,,1.0
23,hexane_dipole,196,0.9999999403953552,0.0,0.6198864993572084,0.6198864993572084,,,,1.0
23,hexane_dipole,197,0.9999999403953552,0.0,0.6198864993572084,0.6198864993572084,,,,1.0
23,hexane_dipole,198,0.9999999403953552,0.0,0.6198864993572084,0.6198864993572084,,,,1.0
23,hexane_dipole,199,0.9999999403953552,0.0,0.6198864993572084,0.6198864993572084,,,,1.0
23,hexane_dipole,200,0.9999999403953552,0.0,0.6198864993572084,0.6198864993572084,,,,1.0
23,hexane_dipole,201,0.9999999403953552,0.0,0.6198864993572084,0.6198864993572084,,,,1.0
23,hexane_dipole,202,0.9999999403953552,0.0,0.6198864993572084,0.6198864993572084,,,,1.0
23,hexane_dipole,203,0.9999999403953552,0.0,0.6198864993572084,0.6198864993572084,,,,1.0
23,hexane_dipole,204,0.9999999403953552,0.0,0.6198864993572084,0.6198864993572084,,,,1.0
23,hexane_dipole,205,0.9999999403953552,0.0,0.6198864993572084,0.6198864993572084,,,,1.0
23,hexane_dipole,206,0.9999999403953552,0.0,0.6198864993572084,0.6198864993572084,,,,1.0
23,hexane_dipole,207,0.9999999403953552,0.0,0.6198864993572084,0.6198864993572084,,,,1.0
23,hexane_dipole,208,0.9999999403953552,0.0,0.6198864993572084,0.6198864993572084,,,,1.0
23,hexane_dipole,209,0.9999999403953552,0.0,0.6198864993572084,0.6198864993572084,,,,1.0
23,hexane_dipole,210,0.9999999403953552,0.0,0.6198864993572084,0.6198864993572084,,,,1.0
23,hexane_dipole,211,0.9999999403953552,0.0,0.6198864993572084,0.6198864993572084,,,,1.0
23,hexane_dipole,212,0.9999999403953552,0.0,0.6198864993572084,0.6198864993572084,,,,1.0
23,hexane_dipole,213,0.9999999403953552,0.0,0.6198864993572084,0.6198864993572084,,,,1.0
23,hexane_dipole,214,0.9999999403953552,0.0,0.6198864993572084,0.6198864993572084,,,,1.0
23,hexane_dipole,215,0.9999999403953552,0.0,0.6198864993572084,0.6198864993572084,,,,1.0
23,hexane_dipole,216,0.9999999403953552,0.0,0.6198864993572084,0.6198864993572084,,,,1.0
23,hexane_dipole,217,0.9999999403953552,0.0,0.6198864993572084,0.6198864993572084,,,,1.0
23,hexane_dipole,218,0.9999999403953552,0.0,0.6198864993572084,0.6198864993572084,,,,1.0
23,hexane_dipole,219,0.9999999403953552,0.0,0.6198864993572084,0.6198864993572084,,,,1.0
23,hexane_dipole,220,0.9999999403953552,0.0,0.6198864993572084,0.6198864993572084,,,,1.0
23,hexane_dipole,221,0.9999999403953552,0.0,0.6198864993572084,0.6198864993572084,,,,1.0
23,hexane_dipole,222,0.9999999403953552,0.0,0.6198864993572084,0.6198864993572084,,,,1.0
23,hexane_dipole,223,0.9999999403953552,0.0,0.6198864993572084,0.6198864993572084,,,,1.0
23,hexane_dipole,224,0.9999999403953552,0.0,0.6198864993572084,0.6198864993572084,,,,1.0
23,hexane_dipole,225,0.9999999403953552,0.0,0.6198864993572084,0.6198864993572084,,,,1.0
23,hexane_dipole,226,0.9999999403953552,0.0,0.6198864993572084,0.6198864993572084,,,,1.0
23,hexane_dipole,227,0.9999999403953552,0.0,0.6198864993572084,0.6198864993572084,,,,1.0
23,hexane_dipole,228,0.9999999403953552,0.0,0.6198864993572084,0.6198864993572084,,,,1.0
23,hexane_dipole,229,0.9999999403953552,0.0,0.6198864993572084,0.6198864993572084,,,,1.0
23,hexane_dipole,230,0.9999999403953552,0.0,0.6198864993572084,0.6198864993572084,,,,1.0
23,hexane_dipole,231,0.9999999403953552,0.0,0.6198864993572084,0.6198864993572084,,,,1.0
23,hexane_dipole,232,0.9999999403953552,0.0,0.6198864993572084,0.6198864993572084,,,,1.0
23,hexane_dipole,233,0.9999999403953552,0.0,0.6198864993572084,0.6198864993572084,,,,1.0
23,hexane_dipole,234,0.9999999403953552,0.0,0.6198864993572084,0.6198864993572084,,,,1.0
23,hexane_dipole,235,0.9999999403953552,0.0,0.6198864993572084,0.6198864993572084,,,,1.0
23,hexane_dipole,236,0.9999999403953552,0.0,0.6198864993572084,0.6198864993572084,,,,1.0
23,hexane_dipole,237,0.9999999403953552,0.0,0.6198864993572084,0.6198864993572084,,,,1.0
23,hexane_dipole,238,0.9999999403953552,0.0,0.6198864993572084,0.6198864993572084,,,,1.0
23,hexane_dipole,239,0.9999999403953552,0.0,0.6198864993572084,0.6198864993572084,,,,1.0
23,hexane_dipole,240,0.9999999403953552,0.0,0.6198864993572084,0.6198864993572084,,,,1.0
23,hexane_dipole,241,0.9999999403953552,0.0,0.6198864993572084,0.6198864993572084,,,,1.0
23,hexane_dipole,242,0.9999999403953552,0.0,0.6198864993572084,0.6198864993572084,,,,1.0
23,hexane_dipole,243,0.9999999403953552,0.0,0.6198864993572084,0.6198864993572084,,,,1.0
23,hexane_dipole,244,0.9999999403953552,0.0,0.6198864993572084,0.6198864993572084,,,,1.0
23,hexane_dipole,245,0.9999999403953552,0.0,0.6198864993572084,0.6198864993572084,,,,1.0
23,hexane_dipole,246,0.9999999403953552,0.0,0.6198864993572084,0.6198864993572084,,,,1.0
23,hexane_dipole,247,0.9999999403953552,0.0,0.6198864993572084,0.6198864993572084,,,,1.0
23,hexane_dipole,248,0.9999999403953552,0.0,0.6198864993572084,0.6198864993572084,,,,1.0
23,hexane_dipole,249,0.9999999403953552,0.0,0.6198864993572084,0.6198864993572084,,,,1.0
24,sco_kcal,0,0.23423095047473907,0.06053813546895981,0.6343243443954134,0.8913536523295142,12.81408977508545,2.9639055728912354,0.23130051567564197,0.12
24,sco_kcal,1,0.06394324451684952,0.054722901433706284,0.6229804061981732,0.9548398417799133,11.149203300476074,0.23202472925186157,0.020810879755143945,0.04
24,sco_kcal,2,0.5993461012840271,0.012089640833437443,0.6441521648927155,0.9202943440690108,2.6070728302001953,1.2591856718063354,0.48298829906859314,0.44
24,sco_kcal,3,0.2994135916233063,0.0570877268910408,0.6041777554074155,0.8868113147679593,11.117988586425781,3.6924026012420654,0.33211066664973987,0.14
24,sco_kcal,4,0.2259674072265625,0.021288493648171425,0.6373182338683456,0.9403797749022977,4.456896781921387,0.8170090913772583,0.18331344236898442,0.08
24,sco_kcal,5,0.24697346985340118,0.047070518136024475,0.617324874533338,0.9331213353013657,9.366394996643066,0.6594111919403076,0.07040181330988517,0.22
24,sco_kcal,6,0.17345988750457764,0.0236139427870512,0.6372967865100279,0.9310635211537113,5.001523971557617,0.4999691843986511,0.09996336861361607,0.02
24,sco_kcal,7,0.449400931596756,0.04395512491464615,0.6419060512486261,0.885672288553778,9.143779754638672,4.111279010772705,0.44962576976846347,0.26
24,sco_kcal,8,0.8967557549476624,0.017622781917452812,0.6887493750111513,0.9226344764413645,3.690887689590454,7.094179630279541,1.922079517696384,0.8
24,sco_kcal,9,0.03187831863760948,0.0367860309779644,0.636789018631045,0.9580228300678533,7.67403507232666,0.12433890998363495,0.016202546484575437,0.02
24,sco_kcal,10,0.16169968247413635,0.005911595653742552,0.6296846824370756,0.9641616286978794,1.2630808353424072,0.12729565799236298,0.10078187747805906,0.04
24,sco_kcal,11,0.09609634429216385,0.015422980301082134,0.6353844056041915,0.9601293545172553,3.2710678577423096,0.1246592178940773,0.03810963982267157,0.06
24,sco_kcal,12,0.31184840202331543,0.058757465332746506,0.6021023382794131,0.897417323603674,11.144635200500488,2.9659526348114014,0.26613276984411344,0.12
24,sco_kcal,13,0.05690215155482292,0.061497028917074203,0.6393870390193384,0.945430327961559,13.490130424499512,0.14472797513008118,0.010728434090395433,0.02
24,sco_kcal,14,0.09001418203115463,0.032823558896780014,0.6325784206739047,0.9768358949347282,6.741421699523926,0.06209385395050049,0.0092107950990346,0.04
24,sco_kcal,15,0.2316870093345642,0.015167991630733013,0.6367832138674325,0.9648388341274345,3.453223943710327,0.04772039130330086,0.013819083870948589,0.24
24,sco_kcal,16,0.06113995611667633,0.02688567340373993,0.6311819623555355,0.9580454921715063,5.50675630569458,0.14977216720581055,0.02719789271425176,0.02
24,sco_kcal,17,0.19689331948757172,0.043335314840078354,0.6215037148536213,0.9111665539285623,8.510557174682617,1.3586736917495728,0.15964568051917724,0.04
24,sco_kcal,18,0.3111399710178375,0.031302955001592636,0.6371656941173458,0.9381450835046623,6.673486709594727,1.4176336526870728,0.21242773296437178,0.18
24,sco_kcal,19,0.5008045434951782,0.03205934911966324,0.6442431609130619,0.9078383753539885,6.621944427490234,3.4580559730529785,0.5222115665449049,0.2
24,sco_kcal,20,0.10504729300737381,0.02928449958562851,0.6269651863154668,0.9452194812346777,6.243688106536865,0.40054869651794434,0.06415257932224186,0.04
24,sco_kcal,21,0.23509381711483002,0.05895998328924179,0.6328485533305772,0.9070252180854237,12.130354881286621,2.9392852783203125,0.2423082677370568,0.06
24,sco_kcal,22,0.984612762928009,0.01933886855840683,0.6841120598088293,0.9223185335445352,4.272830486297607,22.111940383911133,5.175009974025684,0.4
24,sco_kcal,23,0.48543697595596313,0.02658630721271038,0.6252534633297651,0.9345110873527185,5.380055904388428,2.3563878536224365,0.4379857561889585,0.28
24,sco_kcal,24,0.13540826737880707,0.08009306341409683,0.6257047888116103,0.9138443729876757,16.452686309814453,1.0309182405471802,0.06265956945475894,0.02
24,sco_kcal,25,0.29079848527908325,0.031445860862731934,0.6350576122339264,0.902305196113389,6.831540584564209,1.3292969465255737,0.1945823098129733,0.08
24,sco_kcal,26,0.22272148728370667,0.03336397185921669,0.6269295178063305,0.9166082105532287,7.056829452514648,1.2129429578781128,0.17188214141208835,0.06
24,sco_kcal,27,0.13594317436218262,0.031572479754686356,0.6265587773905446,0.9565898056234734,6.341965675354004,0.2790692150592804,0.044003583328082733,0.02
24,sco_kcal,28,0.10608378797769547,0.02752862311899662,0.6254281292401187,0.9556882011952621,5.62809419631958,0.09185795485973358,0.016321325062363546,0.1
24,sco_kcal,29,0.11455957591533661,3.4303884506225586,0.6493155163098212,0.9806669044590428,771.1466064453125,0.5687177777290344,0.0007374963113053215,0.1
24,sco_kcal,30,0.2032921463251114,0.09751451760530472,0.6373351023484826,0.9818360111022921,20.185977935791016,0.6292568445205688,0.03117296801384374,0.1
24,sco_kcal,31,0.5439832806587219,0.041146863251924515,0.6195097481137386,0.920982879623784,8.04207992553711,4.5917510986328125,0.5709656135164737,0.34
24,sco_kcal,32,0.6715426445007324,0.01859692484140396,0.6648637693299386,0.9017049683760161,3.9701054096221924,3.1623477935791016,0.7965400077072615,0.4
24,sco_kcal,33,0.2144729495048523,0.018107840791344643,0.6337864986415094,0.9396662722469491,3.7540950775146484,0.49030613899230957,0.13060567962943298,0.08
24,sco_kcal,34,0.6613068580627441,0.016069086268544197,0.6322164812421811,0.8801899475878061,3.433276653289795,2.5108795166015625,0.7313362044959635,0.44
24,sco_kcal,35,0.1228388100862503,0.026788001880049706,0.6310668171859417,0.94614239631273,5.63633918762207,0.15677973628044128,0.027815880319045437,0.08
24,sco_kcal,36,0.2910389304161072,0.05622066557407379,0.6352631786785872,0.9104611668130054,11.886651039123535,1.9779226779937744,0.1663986493322359,0.12
24,sco_kcal,37,0.23493218421936035,0.03199401870369911,0.6395941949539226,0.9228224525160009,6.9381632804870605,1.026028037071228,0.1478817945891871,0.16
24,sco_kcal,38,0.35231101512908936,0.02519790455698967,0.6270222059841424,0.9224061313513483,5.352363109588623,1.4026554822921753,0.2620628409495151,0.18
24,sco_kcal,39,0.1760796755552292,0.04908786714076996,0.6173523865420649,0.9339139412567354,9.800844192504883,0.9637605547904968,0.09833444301946204,0.04
24,sco_kcal,40,0.15119606256484985,0.03202085196971893,0.6195207611172329,0.9596209888603637,6.457768440246582,0.14297915995121002,0.022140645220433228,0.1
24,sco_kcal,41,0.06007126346230507,0.07093097269535065,0.6325555231465605,0.9374848178155142,14.406049728393555,0.5372233390808105,0.037291509415101634,0.02
24,sco_kcal,42,0.10951053351163864,0.02939128503203392,0.6352389805092862,0.9515012906006286,6.107904434204102,0.07049715518951416,0.011541954519578266,0.1
24,sco_kcal,43,0.34833940863609314,0.022088129073381424,0.6392378685592419,0.9079119057862732,4.6510419845581055,1.2828514575958252,0.2758202273501319,0.2
24,sco_kcal,44,0.14437152445316315,0.01798427104949951,0.6218695996853656,0.9379659539125811,3.6321263313293457,0.19244413077831268,0.05298387589615552,0.04
24,sco_kcal,45,0.149766206741333,0.05117950215935707,0.5857048242299441,0.9463589074366918,9.096320152282715,0.3050667345523834,0.03353737879111776,0.1
24,sco_kcal,46,0.6610810160636902,0.027121303603053093,0.660349712273028,0.9075216782679254,5.764488697052002,4.4019598960876465,0.7636340580108758,0.56
24,sco_kcal,47,0.15717057883739471,0.049433983862400055,0.6379253532938014,0.931949258098751,10.578691482543945,0.6531381607055664,0.06174092152921931,0.06
24,sco_kcal,48,0.03974584490060806,0.044044025242328644,0.6363417702565837,0.9602336653262702,9.155401229858398,0.1264786273241043,0.013814646037753222,0.02
24,sco_kcal,49,0.11659685522317886,0.03309989720582962,0.6318624952078395,0.935674684837636,6.7723259925842285,0.38990122079849243,0.057572718918941376,0.04
24,sco_kcal,50,0.44212624430656433,0.016182173043489456,0.604114774666465,0.9149156422165743,3.193368434906006,1.0902851819992065,0.34142166938256785,0.22
24,sco_kcal,51,0.31016305088996887,0.046820394694805145,0.6420066652327168,0.9094509098510577,10.278983116149902,2.819479465484619,0.27429556344486766,0.02
24,sco_kcal,52,0.13193896412849426,0.11229277402162552,0.6235996416832783,0.9106952182131782,22.476398468017578,3.522587776184082,0.15672385329867194,0.04
24,sco_kcal,53,0.16565805673599243,0.032317254692316055,0.596042858348957,0.966528126956179,6.004749298095703,0.05670873448252678,0.009443980367425319,0.14
24,sco_kcal,54,0.6720947623252869,0.03527497872710228,0.6532601870279999,0.9192464157714522,7.425328254699707,4.257367134094238,0.5733574312219296,0.56
24,sco_kcal,55,0.7597225904464722,0.013268479146063328,0.6489782507817361,0.8947109998498031,2.83825945854187,2.489598274230957,0.8771566907804705,0.68
24,sco_kcal,56,0.07770994305610657,0.02378786727786064,0.61414639581943,0.9552013052420691,4.712865829467773,0.1113727018237114,0.023631630064098127,0.04
24,sco_kcal,57,0.11505898088216782,0.012698954902589321,0.6496298586316769,0.9597611156358943,3.0034775733947754,0.07548984885215759,0.025134147669640432,0.1
24,sco_kcal,58,0.27172473073005676,0.0645836740732193,0.6123098510711791,0.8861504868154646,12.569588661193848,3.1138851642608643,0.24773166793233076,0.06
24,sco_kcal,59,0.13148754835128784,0.07489649206399918,0.6140920103433198,0.929444796260658,15.062459945678711,1.1994733810424805,0.07963329929960072,0.0
24,sco_kcal,60,0.4263194501399994,0.022952508181333542,0.6454147298748676,0.9200286100338002,4.848768711090088,2.0726423263549805,0.4274574536035179,0.28
24,sco_kcal,61,0.4538404941558838,0.025069041177630424,0.6228232014461692,0.9228063317716884,5.137188911437988,2.2669482231140137,0.44128184931386055,0.24
24,sco_kcal,62,0.6377089023590088,0.017244791612029076,0.6457723725442523,0.908201217421412,3.5770304203033447,2.4150216579437256,0.6751470840829258,0.42
24,sco_kcal,63,0.06653077155351639,0.060553934425115585,0.5966018388692338,0.9611308244381414,11.448138236999512,0.04382692649960518,0.0038283016497791655,0.0
24,sco_kcal,64,0.29133185744285583,0.02568056248128414,0.6146115466919038,0.9494888697543011,5.103853702545166,1.0424678325653076,0.20425111951101863,0.14
24,sco_kcal,65,0.21496699750423431,0.01868198812007904,0.6198343107384676,0.9666883564243882,3.8197593688964844,0.07930837571620941,0.020762662790227367,0.14
24,sco_kcal,66,0.488031268119812,0.010568073019385338,0.6299021606393953,0.9199221621229796,2.2943270206451416,0.9041414260864258,0.3940769637242865,0.2
24,sco_kcal,67,0.6235983967781067,0.024088189005851746,0.6575870501188941,0.8879352546730639,5.085876941680908,3.6176037788391113,0.7113038361568133,0.34
24,sco_kcal,68,0.5456919074058533,0.026629282161593437,0.6540841399368289,0.9153784133277287,5.61942195892334,3.4473416805267334,0.6134690909004511,0.36
24,sco_kcal,69,0.06132745370268822,0.03420335799455643,0.6428260200106337,0.955599995760755,7.523560047149658,0.1297321617603302,0.01724345402273754,0.04
24,sco_kcal,70,0.03462567180395126,0.03598982095718384,0.6354361182778261,0.9674613091214026,7.469660758972168,0.12805825471878052,0.0171437845507192,0.02
24,sco_kcal,71,0.06909390538930893,0.1275804191827774,0.635300193430544,0.9612398434038971,26.548625946044922,0.13511669635772705,0.005089404499966449,0.0
24,sco_kcal,72,0.09281288087368011,0.05038793757557869,0.6090575990747196,0.9382956747961468,9.552773475646973,0.18249797821044922,0.0191041877707761,0.04
24,sco_kcal,73,0.10271890461444855,0.10554829984903336,0.6337562717453114,0.8967601494354458,22.473003387451172,2.959554433822632,0.1316937653057639,0.06
24,sco_kcal,74,0.27124854922294617,0.05694684758782387,0.606113987806882,0.9007066230235976,10.986083030700684,2.4801907539367676,0.22575751038890365,0.04
24,sco_kcal,75,0.32779085636138916,0.023804040625691414,0.6209082808604485,0.918426525599612,4.744802951812744,1.0727965831756592,0.22609929096545495,0.12
24,sco_kcal,76,0.06333354115486145,0.026403184980154037,0.6315160349811146,0.9621554652053772,5.589378356933594,0.13994131982326508,0.025037009643419223,0.02
24,sco_kcal,77,0.29532527923583984,0.03913618251681328,0.6324751996815012,0.8990259867739165,8.058320045471191,1.6454087495803833,0.204187565186755,0.1
24,sco_kcal,78,0.4108182191848755,0.02152610383927822,0.6402584814961343,0.9121471448023952,4.467456817626953,1.8246504068374634,0.40843157109836165,0.18
24,sco_kcal,79,0.34819620847702026,0.09240149706602097,0.6160701872193932,0.9034157472313797,18.627214431762695,6.624418258666992,0.3556311805468448,0.08
24,sco_kcal,80,0.24548886716365814,0.06231549382209778,0.6168063140195807,0.8800733244316266,12.54495906829834,2.8157827854156494,0.22445531867308005,0.16
24,sco_kcal,81,0.12308003753423691,0.03315407410264015,0.6321358567365964,0.9373401060904176,6.930061340332031,0.3301248848438263,0.04763664686812273,0.02
24,sco_kcal,82,0.4819992482662201,0.02765476703643799,0.6438539345659446,0.9036431803267873,5.819893836975098,2.7844130992889404,0.47843022180214634,0.2
24,sco_kcal,83,0.28376516699790955,0.0437348335981369,0.6483535077939042,0.906807242174704,9.810123443603516,3.068925380706787,0.31283249373460387,0.08
24,sco_kcal,84,0.259207159280777,0.021154403686523438,0.64652842561049,0.9345913874983325,4.740509510040283,0.9592174887657166,0.20234480845025568,0.08
24,sco_kcal,85,0.6836858987808228,0.01802469789981842,0.6628972703171887,0.8945440350878662,3.849121332168579,3.112454414367676,0.8086142643402024,0.48
24,sco_kcal,86,0.06830224394798279,0.048550620675086975,0.6330839212736299,0.9708319015330462,9.92714786529541,0.07146896421909332,0.007199345188454747,0.02
24,sco_kcal,87,0.24829228222370148,0.03138591721653938,0.6017428011628241,0.9126224434361241,6.000096321105957,1.0605634450912476,0.17675773659842867,0.06
24,sco_kcal,88,0.3872373104095459,0.041333191096782684,0.632024688078854,0.9028972732466278,8.446779251098633,2.8365046977996826,0.3358090241828863,0.18
24,sco_kcal,89,0.10611677169799805,0.05750313773751259,0.6241927536326326,0.9464893785126864,11.447144508361816,0.3856891691684723,0.03369304623408372,0.08
24,sco_kcal,90,0.2504443824291229,0.07146359235048294,0.6393517335661894,0.9073741886921967,15.013826370239258,4.227906227111816,0.28160084730248824,0.08
24,sco_kcal,91,0.18241970241069794,0.02124335803091526,0.6361046804804087,0.9445693882140698,4.475045204162598,0.676300585269928,0.1511270957980149,0.02
24,sco_kcal,92,0.1027924120426178,0.03947007283568382,0.6320125665579241,0.948678931819469,8.064151763916016,0.4911167323589325,0.0609012264075301,0.02
24,sco_kcal,93,0.18118585646152496,0.07928084582090378,0.6226555421444471,0.8897008828065964,16.303430557250977,2.745978593826294,0.168429496122521,0.1
24,sco_kcal,94,0.15854214131832123,0.050700459629297256,0.616673854555498,0.9348282217006267,9.934045791625977,0.8357895612716675,0.0841338543029675,0.04
24,sco_kcal,95,0.2782641351222992,0.022899340838193893,0.6330087290540989,0.9192675305249853,4.841057777404785,0.752043604850769,0.1553469591626993,0.16
24,sco_kcal,96,0.26479434967041016,0.054781895130872726,0.6301004039198062,0.9131926280423588,11.114474296569824,2.652391195297241,0.2386429735246973,0.04
24,sco_kcal,97,0.4645587205886841,0.03266068920493126,0.6188376028185112,0.8843671577874965,6.859202861785889,2.797183036804199,0.4078000160030132,0.22
24,sco_kcal,98,0.40762725472450256,0.03915306180715561,0.6398884515298029,0.9014536354890779,8.229024887084961,3.5637404918670654,0.43306959703818326,0.14
24,sco_kcal,99,0.5421582460403442,0.023210028186440468,0.6621809610441585,0.915709328473884,5.133199214935303,2.986506462097168,0.5818021738583176,0.3
24,sco_kcal,100,0.17762333154678345,0.033932555466890335,0.6329865084766366,0.9423027133261663,6.934065341949463,0.3004968762397766,0.043336320242303064,0.1
24,sco_kcal,101,0.16071784496307373,0.019871210679411888,0.6354285799853614,0.9474961976780307,4.185046672821045,0.2488408088684082,0.05945950626655025,0.08
24,sco_kcal,102,0.09154683351516724,0.03320067748427391,0.6301346426812886,0.9484179455359045,6.7859320640563965,0.33036065101623535,0.048683165097700244,0.04
24,sco_kcal,103,0.1857045292854309,0.01896585151553154,0.6381060307664124,0.9561670391142674,4.0688958168029785,0.32263943552970886,0.07929410091979544,0.14
24,sco_kcal,104,0.6204272508621216,0.031759560108184814,0.6579510943862401,0.9151643949975268,7.676661491394043,4.594624996185303,0.598518640080213,0.48
24,sco_kcal,105,0.07519222050905228,0.08612632751464844,0.6230342029938924,0.9515368137788502,16.9642391204834,0.11502058058977127,0.006780179162346878,0.04
24,sco_kcal,106,0.16865095496177673,0.07425064593553543,0.6185980574820553,0.9564563389964365,15.101393699645996,0.11868318170309067,0.007859087979798368,0.18
24,sco_kcal,107,0.15073595941066742,0.023614689707756042,0.6120612055317407,0.9560812883468695,4.706631183624268,0.24690665304660797,0.05245931610398276,0.02
24,sco_kcal,108,0.06579376012086868,0.022106202319264412,0.6331054761794888,0.956368182756445,4.574936866760254,0.12295518815517426,0.02687582183888039,0.02
24,sco_kcal,109,0.545905351638794,0.02078903093934059,0.643283810809689,0.9061357342269132,4.610620975494385,2.2737457752227783,0.49315391295615457,0.28
24,sco_kcal,110,0.19751781225204468,0.04011821374297142,0.617509661491854,0.9256758750320502,8.049863815307617,1.2704029083251953,0.1578166957196714,0.04
24,sco_kcal,111,0.30402377247810364,0.04595182090997696,0.6392044342540499,0.963597762443593,9.588451385498047,0.9670892953872681,0.10085980066081705,0.28
24,sco_kcal,112,0.41224461793899536,0.05947127193212509,0.6414134205990294,0.9474193861709896,12.232514381408691,4.579482078552246,0.3743696459913644,0.1
24,sco_kcal,113,0.3272787928581238,0.020431457087397575,0.6199169040419872,0.9401514561182716,4.248519420623779,0.8811057209968567,0.2073912423983907,0.2
24,sco_kcal,114,0.3493659496307373,0.03285824507474899,0.6402632424118424,0.9116819784473351,7.060629367828369,2.1498613357543945,0.30448579351158117,0.14
24,sco_kcal,115,0.16383375227451324,0.04644850641489029,0.6173417960792209,0.9306680495674522,9.061399459838867,0.5768272280693054,0.06365763154200055,0.08
24,sco_kcal,116,0.2550979554653168,0.04769730567932129,0.6320433736577982,0.8889163213342188,10.408748626708984,3.155080795288086,0.30311816611577186,0.08
24,sco_kcal,117,0.2135021835565567,0.040246497839689255,0.6453863340075907,0.9107841905345078,8.869599342346191,1.4424781799316406,0.16263171810307223,0.06
24,sco_kcal,118,0.2303648740053177,0.03592688590288162,0.6245335502699392,0.9349273328325942,7.346765041351318,1.031233310699463,0.14036563098114055,0.12
24,sco_kcal,119,0.4051234722137451,0.022617477923631668,0.6301029909728644,0.9136274828152757,4.630165100097656,1.6694425344467163,0.3605578847310446,0.2
24,sco_kcal,120,0.39951542019844055,0.026790665462613106,0.6505321111778788,0.9627363534575706,5.78117561340332,1.4040504693984985,0.24286590882022144,0.16
24,sco_kcal,121,0.16221055388450623,0.010820001363754272,0.6338879652594844,0.9544084406461064,2.421107292175293,0.21440884470939636,0.08855817559277036,0.02
24,sco_kcal,122,0.3796842098236084,0.02769147790968418,0.6350189401682513,0.8937886735479412,6.010409355163574,2.4750258922576904,0.4117899041487719,0.06
24,sco_kcal,123,0.15306659042835236,0.053113143891096115,0.6161522465194229,0.926968534696794,10.45875358581543,0.8813160061836243,0.08426587345732091,0.04
24,sco_kcal,124,0.048446450382471085,0.03130349889397621,0.6319576051874822,0.9614814413775159,6.5402960777282715,0.15777729451656342,0.024123876448628043,0.0
24,sco_kcal,125,0.1043350026011467,0.007319232448935509,0.6394817267451758,0.9524239682538111,1.6159194707870483,0.09622007608413696,0.05954509356661944,0.02
24,sco_kcal,126,0.4257434010505676,0.029967298731207848,0.635074058257787,0.9068292960789728,6.517908096313477,2.915924310684204,0.44737119143079795,0.1
24,sco_kcal,127,0.35137295722961426,0.0599919892847538,0.5883328469484959,0.8827156974690615,10.959933280944824,3.162463426589966,0.28854768961853927,0.16
24,sco_kcal,128,0.4350524842739105,0.025493117049336433,0.6318484095930124,0.9111648607037921,5.404584884643555,2.328428268432617,0.4308246272620404,0.24
24,sco_kcal,129,0.401682049036026,0.03484582528471947,0.6407651383630397,0.887979127842216,7.5412726402282715,3.1735849380493164,0.42082882948961425,0.12
24,sco_kcal,130,0.1258978694677353,0.023528264835476875,0.6375978056315559,0.9643685953323402,4.994690895080566,0.1347867101430893,0.02698599632578767,0.08
24,sco_kcal,131,0.08050276339054108,0.026526881381869316,0.6338854123921802,0.961741219223897,5.699134349822998,0.08632531762123108,0.015147092930685542,0.06
24,sco_kcal,132,0.10523537546396255,0.0239577479660511,0.6459104989746385,0.9688020121383614,5.15724515914917,0.06062237173318863,0.011754797350605292,0.08
24,sco_kcal,133,0.163426473736763,0.03010830096900463,0.6340096906464154,0.9230850831686643,6.192277431488037,0.8608039021492004,0.13901248961682014,0.06
24,sco_kcal,134,0.0767471119761467,0.029598858207464218,0.6378338633487386,0.9440743932834985,6.4111104011535645,0.13076570630073547,0.020396732877538112,0.04
24,sco_kcal,135,0.17475257813930511,0.14711099863052368,0.63967285106639,0.9819307165397666,31.020360946655273,0.8142314553260803,0.02624829081538697,0.14
24,sco_kcal,136,0.6364310383796692,0.030931023880839348,0.6545071088626155,0.9080654146710612,6.383413791656494,4.567172050476074,0.7154748539794871,0.48
24,sco_kcal,137,0.2490547001361847,0.03798083961009979,0.6317082197187398,0.9304884995288973,7.784708023071289,1.4168217182159424,0.1820006240461368,0.14
24,sco_kcal,138,0.2608751952648163,0.019287623465061188,0.6373717104834495,0.9439662136953921,4.081618785858154,0.5944010615348816,0.1456287548446075,0.16
24,sco_kcal,139,0.12377618253231049,0.05866653099656105,0.6025133751059435,0.9461919282804887,11.157917976379395,0.6929911375045776,0.062107566928847835,0.1
24,sco_kcal,140,0.30718016624450684,0.035273756831884384,0.6386658435318588,0.9265218639012198,7.530942440032959,1.7510149478912354,0.2325094052748559,0.14
24,sco_kcal,141,0.2552506923675537,0.02547111175954342,0.6441862999596399,0.9287167240545051,5.586907386779785,0.9160333275794983,0.16396071460699244,0.1
24,sco_kcal,142,0.05894035845994949,0.033231887966394424,0.6437505473976868,0.9700090394369378,7.506224632263184,0.16265955567359924,0.021669955755714728,0.02
24,sco_kcal,143,0.18726088106632233,0.03738917410373688,0.633995437168563,0.9156963219006045,7.701192855834961,1.125380516052246,0.14613067574324923,0.08
24,sco_kcal,144,0.1878080815076828,0.0784749686717987,0.6286673059431376,0.9043442968150439,16.65076446533203,2.9250707626342773,0.1756718599151687,0.06
24,sco_kcal,145,0.04902265593409538,0.033245112746953964,0.633820235179763,0.9555417924646252,6.847240924835205,0.11965285986661911,0.01747460928863093,0.02
24,sco_kcal,146,0.31287163496017456,0.012704212218523026,0.6321000531321457,0.9320644160131375,2.7344162464141846,0.3574318587779999,0.13071596515224163,0.2
24,sco_kcal,147,0.1689842939376831,0.1128624752163887,0.6387197897235659,0.9822549858233278,23.643388748168945,0.5818883180618286,0.024611037117379917,0.26
24,sco_kcal,148,0.431310772895813,0.02323475107550621,0.6446426210840825,0.9131426042422899,5.007779598236084,2.3325791358947754,0.46579109366482335,0.18
24,sco_kcal,149,0.07864215224981308,0.10496502369642258,0.6160587104609634,0.9151436855837773,20.543323516845703,0.707295298576355,0.03442944847732971,0.02
24,sco_kcal,150,0.19490763545036316,0.0904218852519989,0.645848559684971,0.9213704527074027,20.093143463134766,2.0540876388549805,0.10222828710816952,0.04
24,sco_kcal,151,0.18816359341144562,0.06085711345076561,0.6310828155851171,0.8992111209478024,12.500073432922363,2.3682212829589844,0.18945658964863563,0.04
24,sco_kcal,152,0.10533706843852997,0.09269005060195923,0.6087329153870318,0.9458176072826912,17.93269920349121,0.18304385244846344,0.010207267203412843,0.08
24,sco_kcal,153,0.15728238224983215,0.008672446012496948,0.6350391750688271,0.9516369373374323,1.8790377378463745,0.1772587150335312,0.09433483503992479,0.02
24,sco_kcal,154,0.8302149176597595,0.01751716248691082,0.6896039622842263,0.952994998480432,4.399255275726318,1.9337286949157715,0.439558191947957,0.82
24,sco_kcal,155,0.10665179789066315,0.053569890558719635,0.6331061976519012,0.9136192761615662,10.904566764831543,0.5362225770950317,0.049174129395439165,0.08
24,sco_kcal,156,0.2917419373989105,0.048502448946237564,0.6075826117697871,0.9014276146673146,9.424924850463867,2.274580717086792,0.24133674837469327,0.12
24,sco_kcal,157,0.23676317930221558,1.5284916162490845,0.6379731114350127,0.9859997521561008,316.2008361816406,4.124495029449463,0.013043909305414231,0.26
24,sco_kcal,158,0.10220524668693542,0.02906874381005764,0.6171643450744921,0.9600489591359638,5.729347229003906,0.24144820868968964,0.04214235916220902,0.06
24,sco_kcal,159,0.584380567073822,0.019568223506212234,0.6726774285533601,0.90866602315591,4.677681922912598,2.872821092605591,0.6141548613072016,0.3
24,sco_kcal,160,0.09463845938444138,0.021038565784692764,0.6409293728834122,0.9673337002504314,4.554603099822998,0.13328033685684204,0.02926277744421278,0.12
24,sco_kcal,161,0.18093587458133698,0.022141793742775917,0.6355061059072025,0.9386454751670881,4.5833740234375,0.7064966559410095,0.15414335647238794,0.02
24,sco_kcal,162,0.6399177312850952,0.018992822617292404,0.6600407108558521,0.9035199082797598,4.088572025299072,3.121030330657959,0.7633546165619183,0.3
24,sco_kcal,163,0.06375007331371307,0.028514893725514412,0.6385073856900132,0.9584705947603569,6.110598564147949,0.10654404759407043,0.017435942890960756,0.06
24,sco_kcal,164,0.4364292621612549,0.026857197284698486,0.6403428192732332,0.9106445705975286,5.570257186889648,2.4703335762023926,0.44348644834867873,0.2
24,sco_kcal,165,0.09392579644918442,0.03637629747390747,0.6370110224212591,0.9694356517268454,7.6046462059021,0.2428950071334839,0.03194034285841842,0.1
24,sco_kcal,166,0.2288835346698761,0.023173587396740913,0.6393043356374581,0.927254024009867,4.976366996765137,0.6417414546012878,0.12895782305011844,0.14
24,sco_kcal,167,0.23641666769981384,0.09533105790615082,0.638601143359635,0.9704498021040704,19.841291427612305,1.0127841234207153,0.05104426428671198,0.24
24,sco_kcal,168,0.03698227182030678,0.054597437381744385,0.631638007292397,0.9512096200813818,11.494682312011719,0.13226574659347534,0.011506690050516683,0.0
24,sco_kcal,169,0.11226717382669449,0.08569954335689545,0.6378062415540939,0.9352355758045434,17.83540153503418,0.6076774001121521,0.03407141683457409,0.08
24,sco_kcal,170,0.3293418884277344,0.02502966858446598,0.6422939927481828,0.9334181592225355,5.414235591888428,1.3822991847991943,0.2553082815365748,0.18
24,sco_kcal,171,0.4884141683578491,0.0174946878105402,0.6319267883684458,0.9322443063042687,3.7212324142456055,1.3119220733642578,0.3525504261281729,0.28
24,sco_kcal,172,0.2040541172027588,0.019675586372613907,0.6340442843358043,0.9412593219877332,4.347687244415283,0.48413100838661194,0.1113536878735909,0.12
24,sco_kcal,173,0.2281273454427719,0.04588654637336731,0.6220060213611962,0.9184167108888188,9.058643341064453,1.0809401273727417,0.11932693303782549,0.1
24,sco_kcal,174,0.08463812619447708,0.025455057621002197,0.6387407084852041,0.9554143900644088,5.45815896987915,0.09612655639648438,0.017611534755026147,0.02
24,sco_kcal,175,0.15113355219364166,0.07666027545928955,0.632653302053884,0.9068391210141251,16.127077102661133,1.9784014225006104,0.12267575890575694,0.04
24,sco_kcal,176,0.1276305764913559,0.03134233132004738,0.6365218565758712,0.9726916236253715,6.785776615142822,0.0905907079577446,0.013350086968024647,0.08
24,sco_kcal,177,0.74257892370224,0.019020257517695427,0.6742297056135944,0.9007437245684808,4.081111431121826,3.868710517883301,0.9479551301592027,0.68
24,sco_kcal,178,0.08098743110895157,0.011702246963977814,0.6354770745868241,0.957568470884105,2.5011165142059326,0.11000637710094452,0.0439829078238164,0.02
24,sco_kcal,179,0.6526939868927002,0.0068155392073094845,0.6631459703163869,0.9222229042158607,1.4582971334457397,1.1798243522644043,0.8090424956652382,0.5
24,sco_kcal,180,0.240300714969635,0.04670986905694008,0.6118638219756996,0.9076389758567711,9.249567985534668,1.495444655418396,0.16167724349473522,0.14
24,sco_kcal,181,0.284750372171402,0.029911579564213753,0.5897977498146723,0.9293201792902166,5.558583736419678,0.6664931178092957,0.11990340515020981,0.14
24,sco_kcal,182,0.5708931684494019,0.02109372988343239,0.6283947149577815,0.8925137710889384,4.422484874725342,2.563318967819214,0.579610567459184,0.36
24,sco_kcal,183,0.3234134018421173,0.04476715624332428,0.614634406147998,0.8993816057833091,8.821172714233398,2.4094762802124023,0.27314693389061445,0.08
24,sco_kcal,184,0.05352768674492836,0.03861210122704506,0.6327938710891918,0.9662658566342417,7.903207778930664,0.08225514739751816,0.010407817901081124,0.04
24,sco_kcal,185,0.26567044854164124,0.016280485317111015,0.6390790791377841,0.9336342405552993,3.4279353618621826,0.7961927652359009,0.2322659797188764,0.12
24,sco_kcal,186,0.4297061264514923,0.0077822464518249035,0.6411411218030731,0.9404192209972269,1.6620943546295166,0.7189784049987793,0.432573760326044,0.24
24,sco_kcal,187,0.28333431482315063,0.034040506929159164,0.6198621727827267,0.9452359795906313,7.064391136169434,1.4454847574234009,0.204615617901247,0.2
24,sco_kcal,188,0.10492807626724243,0.06545491516590118,0.6262114058953119,0.9262884709722272,13.589399337768555,0.5960950255393982,0.04386470738869904,0.02
24,sco_kcal,189,0.14203962683677673,0.09700585901737213,0.6375173090063957,0.9805189747083811,20.11424446105957,0.3833431005477905,0.01905828982490138,0.1
24,sco_kcal,190,0.08642464131116867,0.0551157146692276,0.603032886793414,0.9630506321375023,10.493460655212402,0.05968369543552399,0.005687703742032652,0.02
24,sco_kcal,191,0.08286356925964355,0.012671127915382385,0.6339514347384672,0.9576412953667388,2.6691596508026123,0.11439816653728485,0.04285924467009139,0.06
24,sco_kcal,192,0.28606516122817993,0.032172396779060364,0.6377207773078828,0.9481634732431032,6.81538724899292,0.4696430563926697,0.06890922543866701,0.16
24,sco_kcal,193,0.4148721992969513,0.033807627856731415,0.647115870518705,0.9466915663305957,7.097512245178223,2.104506492614746,0.2965132598460069,0.2
24,sco_kcal,194,0.1891225278377533,0.04015278443694115,0.6429811606670313,0.9738405203904272,8.764619827270508,0.3472873270511627,0.03962377534854418,0.18
24,sco_kcal,195,0.22580133378505707,0.07686660438776016,0.6218065329479303,0.9500721981762517,15.7188138961792,0.7367013096809387,0.04686748723833482,0.16
24,sco_kcal,196,0.44375449419021606,0.03386535122990608,0.63719894295364,0.9250487198593476,7.129157543182373,2.822148084640503,0.39585996908419124,0.32
24,sco_kcal,197,0.05894782021641731,0.04252184182405472,0.6383291414050949,0.9436101655387192,9.118391990661621,0.23265095055103302,0.025514471278411457,0.04
24,sco_kcal,198,0.4874589741230011,0.02283974178135395,0.6427960578567709,0.9130197706353307,4.955504417419434,2.071436882019043,0.41800727182032027,0.24
24,sco_kcal,199,0.21618087589740753,0.028976472094655037,0.6353596585251207,0.9573293617360006,6.178030490875244,0.9231724143028259,0.14942827097831946,0.04
24,sco_kcal,200,0.12572024762630463,0.057715073227882385,0.6162594109054946,0.9533606969882045,11.587754249572754,0.5559954643249512,0.047981295801595984,0.02
24,sco_kcal,201,0.14274254441261292,0.027792878448963165,0.6345422897399353,0.932434831983791,5.777080059051514,0.6376768946647644,0.11038048428386481,0.02
24,sco_kcal,202,0.05911138281226158,0.013416505418717861,0.6343770720050497,0.9576369834755345,2.815263032913208,0.13031424582004547,0.04628847972517776,0.02
24,sco_kcal,203,0.0782366394996643,0.05501912534236908,0.5995254625664528,0.9454587526688725,10.136000633239746,0.11444367468357086,0.011290811714066705,0.04
24,sco_kcal,204,0.2731097340583801,0.03363923355937004,0.6339558805399632,0.9268814538927463,6.9604926109313965,1.5881731510162354,0.22816964829788375,0.14
24,sco_kcal,205,0.08307591080665588,0.0788641944527626,0.5971412656915136,0.9386015536787622,14.655242919921875,0.27620789408683777,0.018847036217418782,0.08
24,sco_kcal,206,0.1660827249288559,0.04105257987976074,0.6410913292927067,0.9211770741044114,8.802786827087402,0.9497072100639343,0.10788710765340276,0.0
24,sco_kcal,207,0.28531500697135925,0.030930297449231148,0.6369572303068751,0.9202523298711376,6.602912425994873,0.9778767824172974,0.14809779674913057,0.26
24,sco_kcal,208,0.11426647007465363,0.07431910932064056,0.5986248818621407,0.9268899738103966,13.941807746887207,0.6101235151290894,0.04376215238409896,0.04
24,sco_kcal,209,0.19360829889774323,0.16229811310768127,0.6375996888787914,0.9819468006690957,33.60185623168945,0.4664340913295746,0.01388120013708311,0.12
24,sco_kcal,210,0.048392392694950104,0.0711875930428505,0.6177960758600538,0.9470868174702445,13.874889373779297,0.12068165838718414,0.008697846529518844,0.02
24,sco_kcal,211,0.14034852385520935,0.06574857980012894,0.6099362327893565,0.9318604971868154,12.488936424255371,0.8773559927940369,0.0702506573009757,0.08
24,sco_kcal,212,0.23677267134189606,0.06396053731441498,0.6065670820292002,0.8947647584861511,12.302813529968262,2.364946126937866,0.19222807215415605,0.1
24,sco_kcal,213,0.23690395057201385,0.4947875738143921,0.6384140052247713,0.9872806412737176,102.79369354248047,2.176950216293335,0.02117785771939102,0.22
24,sco_kcal,214,0.1972533017396927,0.07453291863203049,0.6040808799383754,0.9261539758445918,14.060063362121582,2.1210453510284424,0.15085603075891038,0.16
24,sco_kcal,215,0.06640971451997757,0.032741691917181015,0.6324312201703384,0.9581802011502594,6.733626365661621,0.0998409166932106,0.014827213639644914,0.02
24,sco_kcal,216,0.3879229426383972,0.03066825494170189,0.6407884344403314,0.914628791618405,6.686307907104492,2.125566005706787,0.3178983132751456,0.1
24,sco_kcal,217,0.6838595867156982,0.025713525712490082,0.666137785391657,0.9072557893547708,5.539126396179199,4.601405143737793,0.8307095405715545,0.5
24,sco_kcal,218,0.16227632761001587,0.12329702079296112,0.635571639056352,0.8930705158119912,26.115816116333008,3.13065767288208,0.11987592725176778,0.18
24,sco_kcal,219,0.6981470584869385,0.027465753257274628,0.6374743847902125,0.9076137305536711,5.493556499481201,4.5925374031066895,0.8359861964722486,0.54
24,sco_kcal,220,0.04277786239981651,0.03951692953705788,0.6341013680378056,0.9549695840264747,8.1018648147583,0.10876352339982986,0.013424504837664901,0.02
24,sco_kcal,221,0.060923729091882706,0.06869164109230042,0.6457930576942499,0.9627553683409109,15.136737823486328,0.19163736701011658,0.012660413970622517,0.02
24,sco_kcal,222,0.10033372044563293,0.01993848942220211,0.6252413860341992,0.9633112276233227,4.0910820960998535,0.11583798378705978,0.02831475415697267,0.02
24,sco_kcal,223,0.5051672458648682,0.02060599811375141,0.642652486177723,0.9033126865603232,4.56666898727417,2.1530959606170654,0.47148062769976273,0.2
24,sco_kcal,224,0.5391138195991516,0.037594106048345566,0.626052334408441,0.9032185005771334,7.678042411804199,3.917794704437256,0.5102595810637943,0.32
24,sco_kcal,225,0.24996903538703918,0.03764411434531212,0.6330902578723039,0.9154470367475911,7.706875801086426,1.555643081665039,0.20185132365124434,0.04
24,sco_kcal,226,0.3554397523403168,0.05115935951471329,0.6420844255190541,0.956079299589456,10.840007781982422,1.8389153480529785,0.16964151548945453,0.28
24,sco_kcal,227,0.2275511771440506,0.011736047454178333,0.6129335490925665,0.9432808208186447,2.418760299682617,0.3786219358444214,0.15653553429585523,0.12
24,sco_kcal,228,0.055029626935720444,0.0477869026362896,0.6371282715777926,0.9310551707446812,9.893879890441895,0.26819872856140137,0.027107538350096414,0.04
24,sco_kcal,229,0.26945868134498596,0.06576275080442429,0.6149564570404877,0.8899854344399389,13.313844680786133,3.0436832904815674,0.2286103949277745,0.06
24,sco_kcal,230,0.24797971546649933,0.055688586086034775,0.6296272834101342,0.9117758839941812,11.238353729248047,2.360544443130493,0.21004361492797008,0.1
24,sco_kcal,231,0.0907689556479454,0.02362692914903164,0.5968216880743602,0.9782860733108705,4.488498687744141,0.042955417186021805,0.009570107996981641,0.08
24,sco_kcal,232,0.05392976105213165,0.03924719989299774,0.6324570713643929,0.9619649724249688,8.015054702758789,0.1258215308189392,0.015698149979641602,0.02
24,sco_kcal,233,0.26869431138038635,0.0577571764588356,0.6135924108704387,0.8985777168281905,11.425811767578125,2.755927801132202,0.24120192570933305,0.14
24,sco_kcal,234,0.31123554706573486,0.05772365629673004,0.6407616060181058,0.9669269409449581,12.056609153747559,1.5670264959335327,0.12997240566983576,0.24
24,sco_kcal,235,0.2474725991487503,0.022997967898845673,0.6289789429830654,0.9161430804407391,4.836725234985352,0.7402135133743286,0.15304022399704714,0.06
24,sco_kcal,236,0.3792608976364136,0.05200326442718506,0.6267331426765521,0.9034849993783389,10.639293670654297,3.353156089782715,0.315167171203434,0.16
24,sco_kcal,237,0.39085859060287476,0.03851749747991562,0.6236278633479935,0.8847779768855855,8.06603717803955,2.953928232192993,0.3662180283814344,0.12
24,sco_kcal,238,0.22010356187820435,0.16965028643608093,0.6377868729816483,0.9813446869067128,35.161781311035156,0.372522234916687,0.010594521125690945,0.2
24,sco_kcal,239,0.1250297725200653,0.045151274651288986,0.636970696781515,0.945283350718543,9.414278984069824,0.5298483371734619,0.056281350708857654,0.02
24,sco_kcal,240,0.05690302699804306,0.034386325627565384,0.6225479741671247,0.9558071219664586,6.992257595062256,0.06766630709171295,0.009677318973416693,0.02
24,sco_kcal,241,0.47029829025268555,0.03796885535120964,0.6239238706860291,0.8949553622401754,7.874208927154541,3.2827327251434326,0.41689682805123324,0.3
24,sco_kcal,242,0.6231392025947571,0.023989776149392128,0.6511403511216454,0.9016795544139888,4.872711658477783,3.427578926086426,0.703423302325504,0.5
24,sco_kcal,243,0.579720139503479,0.033105917274951935,0.6569891681720326,0.9230313409435023,6.971408367156982,3.3969051837921143,0.48726240163971485,0.42
24,sco_kcal,244,0.15374653041362762,0.0195042472332716,0.6371103039324681,0.9584066804217393,4.148055553436279,0.27016517519950867,0.06513055857598192,0.08
24,sco_kcal,245,0.16553442180156708,0.020570358261466026,0.6354714915147903,0.931289451918951,4.5959930419921875,0.25894275307655334,0.05634098022139554,0.04
24,sco_kcal,246,0.6146534085273743,0.021096177399158478,0.6580879027832414,0.8964693706356512,4.478776454925537,2.670931577682495,0.5963529558938215,0.36
24,sco_kcal,247,0.21665893495082855,0.05511278659105301,0.6379138045036847,0.96465219124037,11.457282066345215,0.4935837984085083,0.0430803567155223,0.1
24,sco_kcal,248,0.06439018994569778,0.04997505247592926,0.6255286785809158,0.9611911009967449,10.111967086791992,0.12820084393024445,0.012678131053026993,0.04
24,sco_kcal,249,0.18359360098838806,0.1198783591389656,0.620492393948088,0.9534293511414453,24.181602478027344,0.278128445148468,0.01150165483868118,0.06
24,water_gsolv_eV,0,0.9999999403953552,0.0,0.6332170002680659,0.6332170002680659,,,,1.0
24,water_gsolv_eV,1,0.9999999403953552,0.0,0.6332170002680659,0.6332170002680659,,,,1.0
24,water_gsolv_eV,2,0.9999999403953552,0.0,0.6332170002680659,0.6332170002680659,,,,1.0
24,water_gsolv_eV,3,0.9999999403953552,0.0,0.6332170002680659,0.6332170002680659,,,,1.0
24,water_gsolv_eV,4,0.9999999403953552,0.0,0.6332170002680659,0.6332170002680659,,,,1.0
24,water_gsolv_eV,5,0.9999999403953552,0.0,0.6332170002680659,0.6332170002680659,,,,1.0
24,water_gsolv_eV,6,0.9999999403953552,0.0,0.6332170002680659,0.6332170002680659,,,,1.0
24,water_gsolv_eV,7,0.9999999403953552,0.0,0.6332170002680659,0.6332170002680659,,,,1.0
24,water_gsolv_eV,8,0.9999999403953552,0.0,0.6332170002680659,0.6332170002680659,,,,1.0
24,water_gsolv_eV,9,0.9999999403953552,0.0,0.6332170002680659,0.6332170002680659,,,,1.0
24,water_gsolv_eV,10,0.9999999403953552,0.0,0.6332170002680659,0.6332170002680659,,,,1.0
24,water_gsolv_eV,11,0.9999999403953552,0.0,0.6332170002680659,0.6332170002680659,,,,1.0
24,water_gsolv_eV,12,0.9999999403953552,0.0,0.6332170002680659,0.6332170002680659,,,,1.0
24,water_gsolv_eV,13,0.9999999403953552,0.0,0.6332170002680659,0.6332170002680659,,,,1.0
24,water_gsolv_eV,14,0.9999999403953552,0.0,0.6332170002680659,0.6332170002680659,,,,1.0
24,water_gsolv_eV,15,0.9999999403953552,0.0,0.6332170002680659,0.6332170002680659,,,,1.0
24,water_gsolv_eV,16,0.9999999403953552,0.0,0.6332170002680659,0.6332170002680659,,,,1.0
24,water_gsolv_eV,17,0.9999999403953552,0.0,0.6332170002680659,0.6332170002680659,,,,1.0
24,water_gsolv_eV,18,0.9999999403953552,0.0,0.6332170002680659,0.6332170002680659,,,,1.0
24,water_gsolv_eV,19,0.9999999403953552,0.0,0.6332170002680659,0.6332170002680659,,,,1.0
24,water_gsolv_eV,20,0.9999999403953552,0.0,0.6332170002680659,0.6332170002680659,,,,1.0
24,water_gsolv_eV,21,0.9999999403953552,0.0,0.6332170002680659,0.6332170002680659,,,,1.0
24,water_gsolv_eV,22,0.9999999403953552,0.0,0.6332170002680659,0.6332170002680659,,,,1.0
24,water_gsolv_eV,23,0.9999999403953552,0.0,0.6332170002680659,0.6332170002680659,,,,1.0
24,water_gsolv_eV,24,0.9999999403953552,0.0,0.6332170002680659,0.6332170002680659,,,,1.0
24,water_gsolv_eV,25,0.9999999403953552,0.0,0.6332170002680659,0.6332170002680659,,,,1.0
24,water_gsolv_eV,26,0.9999999403953552,0.0,0.6332170002680659,0.6332170002680659,,,,1.0
24,water_gsolv_eV,27,0.9999999403953552,0.0,0.6332170002680659,0.6332170002680659,,,,1.0
24,water_gsolv_eV,28,0.9999999403953552,0.0,0.6332170002680659,0.6332170002680659,,,,1.0
24,water_gsolv_eV,29,0.9999999403953552,0.0,0.6332170002680659,0.6332170002680659,,,,1.0
24,water_gsolv_eV,30,0.9999999403953552,0.0,0.6332170002680659,0.6332170002680659,,,,1.0
24,water_gsolv_eV,31,0.9999999403953552,0.0,0.6332170002680659,0.6332170002680659,,,,1.0
24,water_gsolv_eV,32,0.9999999403953552,0.0,0.6332170002680659,0.6332170002680659,,,,1.0
24,water_gsolv_eV,33,0.9999999403953552,0.0,0.6332170002680659,0.6332170002680659,,,,1.0
24,water_gsolv_eV,34,0.9999999403953552,0.0,0.6332170002680659,0.6332170002680659,,,,1.0
24,water_gsolv_eV,35,0.9999999403953552,0.0,0.6332170002680659,0.6332170002680659,,,,1.0
24,water_gsolv_eV,36,0.9999999403953552,0.0,0.6332170002680659,0.6332170002680659,,,,1.0
24,water_gsolv_eV,37,0.9999999403953552,0.0,0.6332170002680659,0.6332170002680659,,,,1.0
24,water_gsolv_eV,38,0.9999999403953552,0.0,0.6332170002680659,0.6332170002680659,,,,1.0
24,water_gsolv_eV,39,0.9999999403953552,0.0,0.6332170002680659,0.6332170002680659,,,,1.0
24,water_gsolv_eV,40,0.9999999403953552,0.0,0.6332170002680659,0.6332170002680659,,,,1.0
24,water_gsolv_eV,41,0.9999999403953552,0.0,0.6332170002680659,0.6332170002680659,,,,1.0
24,water_gsolv_eV,42,0.9999999403953552,0.0,0.6332170002680659,0.6332170002680659,,,,1.0
24,water_gsolv_eV,43,0.9999999403953552,0.0,0.6332170002680659,0.6332170002680659,,,,1.0
24,water_gsolv_eV,44,0.9999999403953552,0.0,0.6332170002680659,0.6332170002680659,,,,1.0
24,water_gsolv_eV,45,0.9999999403953552,0.0,0.6332170002680659,0.6332170002680659,,,,1.0
24,water_gsolv_eV,46,0.9999999403953552,0.0,0.6332170002680659,0.6332170002680659,,,,1.0
24,water_gsolv_eV,47,0.9999999403953552,0.0,0.6332170002680659,0.6332170002680659,,,,1.0
24,water_gsolv_eV,48,0.9999999403953552,0.0,0.6332170002680659,0.6332170002680659,,,,1.0
24,water_gsolv_eV,49,0.9999999403953552,0.0,0.6332170002680659,0.6332170002680659,,,,1.0
24,water_gsolv_eV,50,0.9999999403953552,0.0,0.6332170002680659,0.6332170002680659,,,,1.0
24,water_gsolv_eV,51,0.9999999403953552,0.0,0.6332170002680659,0.6332170002680659,,,,1.0
24,water_gsolv_eV,52,0.9999999403953552,0.0,0.6332170002680659,0.6332170002680659,,,,1.0
24,water_gsolv_eV,53,0.9999999403953552,0.0,0.6332170002680659,0.6332170002680659,,,,1.0
24,water_gsolv_eV,54,0.9999999403953552,0.0,0.6332170002680659,0.6332170002680659,,,,1.0
24,water_gsolv_eV,55,0.9999999403953552,0.0,0.6332170002680659,0.6332170002680659,,,,1.0
24,water_gsolv_eV,56,0.9999999403953552,0.0,0.6332170002680659,0.6332170002680659,,,,1.0
24,water_gsolv_eV,57,0.9999999403953552,0.0,0.6332170002680659,0.6332170002680659,,,,1.0
24,water_gsolv_eV,58,0.9999999403953552,0.0,0.6332170002680659,0.6332170002680659,,,,1.0
24,water_gsolv_eV,59,0.9999999403953552,0.0,0.6332170002680659,0.6332170002680659,,,,1.0
24,water_gsolv_eV,60,0.9999999403953552,0.0,0.6332170002680659,0.6332170002680659,,,,1.0
24,water_gsolv_eV,61,0.9999999403953552,0.0,0.6332170002680659,0.6332170002680659,,,,1.0
24,water_gsolv_eV,62,0.9999999403953552,0.0,0.6332170002680659,0.6332170002680659,,,,1.0
24,water_gsolv_eV,63,0.9999999403953552,0.0,0.6332170002680659,0.6332170002680659,,,,1.0
24,water_gsolv_eV,64,0.9999999403953552,0.0,0.6332170002680659,0.6332170002680659,,,,1.0
24,water_gsolv_eV,65,0.9999999403953552,0.0,0.6332170002680659,0.6332170002680659,,,,1.0
24,water_gsolv_eV,66,0.9999999403953552,0.0,0.6332170002680659,0.6332170002680659,,,,1.0
24,water_gsolv_eV,67,0.9999999403953552,0.0,0.6332170002680659,0.6332170002680659,,,,1.0
24,water_gsolv_eV,68,0.9999999403953552,0.0,0.6332170002680659,0.6332170002680659,,,,1.0
24,water_gsolv_eV,69,0.9999999403953552,0.0,0.6332170002680659,0.6332170002680659,,,,1.0
24,water_gsolv_eV,70,0.9999999403953552,0.0,0.6332170002680659,0.6332170002680659,,,,1.0
24,water_gsolv_eV,71,0.9999999403953552,0.0,0.6332170002680659,0.6332170002680659,,,,1.0
24,water_gsolv_eV,72,0.9999999403953552,0.0,0.6332170002680659,0.6332170002680659,,,,1.0
24,water_gsolv_eV,73,0.9999999403953552,0.0,0.6332170002680659,0.6332170002680659,,,,1.0
24,water_gsolv_eV,74,0.9999999403953552,0.0,0.6332170002680659,0.6332170002680659,,,,1.0
24,water_gsolv_eV,75,0.9999999403953552,0.0,0.6332170002680659,0.6332170002680659,,,,1.0
24,water_gsolv_eV,76,0.9999999403953552,0.0,0.6332170002680659,0.6332170002680659,,,,1.0
24,water_gsolv_eV,77,0.9999999403953552,0.0,0.6332170002680659,0.6332170002680659,,,,1.0
24,water_gsolv_eV,78,0.9999999403953552,0.0,0.6332170002680659,0.6332170002680659,,,,1.0
24,water_gsolv_eV,79,0.9999999403953552,0.0,0.6332170002680659,0.6332170002680659,,,,1.0
24,water_gsolv_eV,80,0.9999999403953552,0.0,0.6332170002680659,0.6332170002680659,,,,1.0
24,water_gsolv_eV,81,0.9999999403953552,0.0,0.6332170002680659,0.6332170002680659,,,,1.0
24,water_gsolv_eV,82,0.9999999403953552,0.0,0.6332170002680659,0.6332170002680659,,,,1.0
24,water_gsolv_eV,83,0.9999999403953552,0.0,0.6332170002680659,0.6332170002680659,,,,1.0
24,water_gsolv_eV,84,0.9999999403953552,0.0,0.6332170002680659,0.6332170002680659,,,,1.0
24,water_gsolv_eV,85,0.9999999403953552,0.0,0.6332170002680659,0.6332170002680659,,,,1.0
24,water_gsolv_eV,86,0.9999999403953552,0.0,0.6332170002680659,0.6332170002680659,,,,1.0
24,water_gsolv_eV,87,0.9999999403953552,0.0,0.6332170002680659,0.6332170002680659,,,,1.0
24,water_gsolv_eV,88,0.9999999403953552,0.0,0.6332170002680659,0.6332170002680659,,,,1.0
24,water_gsolv_eV,89,0.9999999403953552,0.0,0.6332170002680659,0.6332170002680659,,,,1.0
24,water_gsolv_eV,90,0.9999999403953552,0.0,0.6332170002680659,0.6332170002680659,,,,1.0
24,water_gsolv_eV,91,0.9999999403953552,0.0,0.6332170002680659,0.6332170002680659,,,,1.0
24,water_gsolv_eV,92,0.9999999403953552,0.0,0.6332170002680659,0.6332170002680659,,,,1.0
24,water_gsolv_eV,93,0.9999999403953552,0.0,0.6332170002680659,0.6332170002680659,,,,1.0
24,water_gsolv_eV,94,0.9999999403953552,0.0,0.6332170002680659,0.6332170002680659,,,,1.0
24,water_gsolv_eV,95,0.9999999403953552,0.0,0.6332170002680659,0.6332170002680659,,,,1.0
24,water_gsolv_eV,96,0.9999999403953552,0.0,0.6332170002680659,0.6332170002680659,,,,1.0
24,water_gsolv_eV,97,0.9999999403953552,0.0,0.6332170002680659,0.6332170002680659,,,,1.0
24,water_gsolv_eV,98,0.9999999403953552,0.0,0.6332170002680659,0.6332170002680659,,,,1.0
24,water_gsolv_eV,99,0.9999999403953552,0.0,0.6332170002680659,0.6332170002680659,,,,1.0
24,water_gsolv_eV,100,0.9999999403953552,0.0,0.6332170002680659,0.6332170002680659,,,,1.0
24,water_gsolv_eV,101,0.9999999403953552,0.0,0.6332170002680659,0.6332170002680659,,,,1.0
24,water_gsolv_eV,102,0.9999999403953552,0.0,0.6332170002680659,0.6332170002680659,,,,1.0
24,water_gsolv_eV,103,0.9999999403953552,0.0,0.6332170002680659,0.6332170002680659,,,,1.0
24,water_gsolv_eV,104,0.9999999403953552,0.0,0.6332170002680659,0.6332170002680659,,,,1.0
24,water_gsolv_eV,105,0.9999999403953552,0.0,0.6332170002680659,0.6332170002680659,,,,1.0
24,water_gsolv_eV,106,0.9999999403953552,0.0,0.6332170002680659,0.6332170002680659,,,,1.0
24,water_gsolv_eV,107,0.9999999403953552,0.0,0.6332170002680659,0.6332170002680659,,,,1.0
24,water_gsolv_eV,108,0.9999999403953552,0.0,0.6332170002680659,0.6332170002680659,,,,1.0
24,water_gsolv_eV,109,0.9999999403953552,0.0,0.6332170002680659,0.6332170002680659,,,,1.0
24,water_gsolv_eV,110,0.9999999403953552,0.0,0.6332170002680659,0.6332170002680659,,,,1.0
24,water_gsolv_eV,111,0.9999999403953552,0.0,0.6332170002680659,0.6332170002680659,,,,1.0
24,water_gsolv_eV,112,0.9999999403953552,0.0,0.6332170002680659,0.6332170002680659,,,,1.0
24,water_gsolv_eV,113,0.9999999403953552,0.0,0.6332170002680659,0.6332170002680659,,,,1.0
24,water_gsolv_eV,114,0.9999999403953552,0.0,0.6332170002680659,0.6332170002680659,,,,1.0
24,water_gsolv_eV,115,0.9999999403953552,0.0,0.6332170002680659,0.6332170002680659,,,,1.0
24,water_gsolv_eV,116,0.9999999403953552,0.0,0.6332170002680659,0.6332170002680659,,,,1.0
24,water_gsolv_eV,117,0.9999999403953552,0.0,0.6332170002680659,0.6332170002680659,,,,1.0
24,water_gsolv_eV,118,0.9999999403953552,0.0,0.6332170002680659,0.6332170002680659,,,,1.0
24,water_gsolv_eV,119,0.9999999403953552,0.0,0.6332170002680659,0.6332170002680659,,,,1.0
24,water_gsolv_eV,120,0.9999999403953552,0.0,0.6332170002680659,0.6332170002680659,,,,1.0
24,water_gsolv_eV,121,0.9999999403953552,0.0,0.6332170002680659,0.6332170002680659,,,,1.0
24,water_gsolv_eV,122,0.9999999403953552,0.0,0.6332170002680659,0.6332170002680659,,,,1.0
24,water_gsolv_eV,123,0.9999999403953552,0.0,0.6332170002680659,0.6332170002680659,,,,1.0
24,water_gsolv_eV,124,0.9999999403953552,0.0,0.6332170002680659,0.6332170002680659,,,,1.0
24,water_gsolv_eV,125,0.9999999403953552,0.0,0.6332170002680659,0.6332170002680659,,,,1.0
24,water_gsolv_eV,126,0.9999999403953552,0.0,0.6332170002680659,0.6332170002680659,,,,1.0
24,water_gsolv_eV,127,0.9999999403953552,0.0,0.6332170002680659,0.6332170002680659,,,,1.0
24,water_gsolv_eV,128,0.9999999403953552,0.0,0.6332170002680659,0.6332170002680659,,,,1.0
24,water_gsolv_eV,129,0.9999999403953552,0.0,0.6332170002680659,0.6332170002680659,,,,1.0
24,water_gsolv_eV,130,0.9999999403953552,0.0,0.6332170002680659,0.6332170002680659,,,,1.0
24,water_gsolv_eV,131,0.9999999403953552,0.0,0.6332170002680659,0.6332170002680659,,,,1.0
24,water_gsolv_eV,132,0.9999999403953552,0.0,0.6332170002680659,0.6332170002680659,,,,1.0
24,water_gsolv_eV,133,0.9999999403953552,0.0,0.6332170002680659,0.6332170002680659,,,,1.0
24,water_gsolv_eV,134,0.9999999403953552,0.0,0.6332170002680659,0.6332170002680659,,,,1.0
24,water_gsolv_eV,135,0.9999999403953552,0.0,0.6332170002680659,0.6332170002680659,,,,1.0
24,water_gsolv_eV,136,0.9999999403953552,0.0,0.6332170002680659,0.6332170002680659,,,,1.0
24,water_gsolv_eV,137,0.9999999403953552,0.0,0.6332170002680659,0.6332170002680659,,,,1.0
24,water_gsolv_eV,138,0.9999999403953552,0.0,0.6332170002680659,0.6332170002680659,,,,1.0
24,water_gsolv_eV,139,0.9999999403953552,0.0,0.6332170002680659,0.6332170002680659,,,,1.0
24,water_gsolv_eV,140,0.9999999403953552,0.0,0.6332170002680659,0.6332170002680659,,,,1.0
24,water_gsolv_eV,141,0.9999999403953552,0.0,0.6332170002680659,0.6332170002680659,,,,1.0
24,water_gsolv_eV,142,0.9999999403953552,0.0,0.6332170002680659,0.6332170002680659,,,,1.0
24,water_gsolv_eV,143,0.9999999403953552,0.0,0.6332170002680659,0.6332170002680659,,,,1.0
24,water_gsolv_eV,144,0.9999999403953552,0.0,0.6332170002680659,0.6332170002680659,,,,1.0
24,water_gsolv_eV,145,0.9999999403953552,0.0,0.6332170002680659,0.6332170002680659,,,,1.0
24,water_gsolv_eV,146,0.9999999403953552,0.0,0.6332170002680659,0.6332170002680659,,,,1.0
24,water_gsolv_eV,147,0.9999999403953552,0.0,0.6332170002680659,0.6332170002680659,,,,1.0
24,water_gsolv_eV,148,0.9999999403953552,0.0,0.6332170002680659,0.6332170002680659,,,,1.0
24,water_gsolv_eV,149,0.9999999403953552,0.0,0.6332170002680659,0.6332170002680659,,,,1.0
24,water_gsolv_eV,150,0.9999999403953552,0.0,0.6332170002680659,0.6332170002680659,,,,1.0
24,water_gsolv_eV,151,0.9999999403953552,0.0,0.6332170002680659,0.6332170002680659,,,,1.0
24,water_gsolv_eV,152,0.9999999403953552,0.0,0.6332170002680659,0.6332170002680659,,,,1.0
24,water_gsolv_eV,153,0.9999999403953552,0.0,0.6332170002680659,0.6332170002680659,,,,1.0
24,water_gsolv_eV,154,0.9999999403953552,0.0,0.6332170002680659,0.6332170002680659,,,,1.0
24,water_gsolv_eV,155,0.9999999403953552,0.0,0.6332170002680659,0.6332170002680659,,,,1.0
24,water_gsolv_eV,156,0.9999999403953552,0.0,0.6332170002680659,0.6332170002680659,,,,1.0
24,water_gsolv_eV,157,0.9999999403953552,0.0,0.6332170002680659,0.6332170002680659,,,,1.0
24,water_gsolv_eV,158,0.9999999403953552,0.0,0.6332170002680659,0.6332170002680659,,,,1.0
24,water_gsolv_eV,159,0.9999999403953552,0.0,0.6332170002680659,0.6332170002680659,,,,1.0
24,water_gsolv_eV,160,0.9999999403953552,0.0,0.6332170002680659,0.6332170002680659,,,,1.0
24,water_gsolv_eV,161,0.9999999403953552,0.0,0.6332170002680659,0.6332170002680659,,,,1.0
24,water_gsolv_eV,162,0.9999999403953552,0.0,0.6332170002680659,0.6332170002680659,,,,1.0
24,water_gsolv_eV,163,0.9999999403953552,0.0,0.6332170002680659,0.6332170002680659,,,,1.0
24,water_gsolv_eV,164,0.9999999403953552,0.0,0.6332170002680659,0.6332170002680659,,,,1.0
24,water_gsolv_eV,165,0.9999999403953552,0.0,0.6332170002680659,0.6332170002680659,,,,1.0
24,water_gsolv_eV,166,0.9999999403953552,0.0,0.6332170002680659,0.6332170002680659,,,,1.0
24,water_gsolv_eV,167,0.9999999403953552,0.0,0.6332170002680659,0.6332170002680659,,,,1.0
24,water_gsolv_eV,168,0.9999999403953552,0.0,0.6332170002680659,0.6332170002680659,,,,1.0
24,water_gsolv_eV,169,0.9999999403953552,0.0,0.6332170002680659,0.6332170002680659,,,,1.0
24,water_gsolv_eV,170,0.9999999403953552,0.0,0.6332170002680659,0.6332170002680659,,,,1.0
24,water_gsolv_eV,171,0.9999999403953552,0.0,0.6332170002680659,0.6332170002680659,,,,1.0
24,water_gsolv_eV,172,0.9999999403953552,0.0,0.6332170002680659,0.6332170002680659,,,,1.0
24,water_gsolv_eV,173,0.9999999403953552,0.0,0.6332170002680659,0.6332170002680659,,,,1.0
24,water_gsolv_eV,174,0.9999999403953552,0.0,0.6332170002680659,0.6332170002680659,,,,1.0
24,water_gsolv_eV,175,0.9999999403953552,0.0,0.6332170002680659,0.6332170002680659,,,,1.0
24,water_gsolv_eV,176,0.9999999403953552,0.0,0.6332170002680659,0.6332170002680659,,,,1.0
24,water_gsolv_eV,177,0.9999999403953552,0.0,0.6332170002680659,0.6332170002680659,,,,1.0
24,water_gsolv_eV,178,0.9999999403953552,0.0,0.6332170002680659,0.6332170002680659,,,,1.0
24,water_gsolv_eV,179,0.9999999403953552,0.0,0.6332170002680659,0.6332170002680659,,,,1.0
24,water_gsolv_eV,180,0.9999999403953552,0.0,0.6332170002680659,0.6332170002680659,,,,1.0
24,water_gsolv_eV,181,0.9999999403953552,0.0,0.6332170002680659,0.6332170002680659,,,,1.0
24,water_gsolv_eV,182,0.9999999403953552,0.0,0.6332170002680659,0.6332170002680659,,,,1.0
24,water_gsolv_eV,183,0.9999999403953552,0.0,0.6332170002680659,0.6332170002680659,,,,1.0
24,water_gsolv_eV,184,0.9999999403953552,0.0,0.6332170002680659,0.6332170002680659,,,,1.0
24,water_gsolv_eV,185,0.9999999403953552,0.0,0.6332170002680659,0.6332170002680659,,,,1.0
24,water_gsolv_eV,186,0.9999999403953552,0.0,0.6332170002680659,0.6332170002680659,,,,1.0
24,water_gsolv_eV,187,0.9999999403953552,0.0,0.6332170002680659,0.6332170002680659,,,,1.0
24,water_gsolv_eV,188,0.9999999403953552,0.0,0.6332170002680659,0.6332170002680659,,,,1.0
24,water_gsolv_eV,189,0.9999999403953552,0.0,0.6332170002680659,0.6332170002680659,,,,1.0
24,water_gsolv_eV,190,0.9999999403953552,0.0,0.6332170002680659,0.6332170002680659,,,,1.0
24,water_gsolv_eV,191,0.9999999403953552,0.0,0.6332170002680659,0.6332170002680659,,,,1.0
24,water_gsolv_eV,192,0.9999999403953552,0.0,0.6332170002680659,0.6332170002680659,,,,1.0
24,water_gsolv_eV,193,0.9999999403953552,0.0,0.6332170002680659,0.6332170002680659,,,,1.0
24,water_gsolv_eV,194,0.9999999403953552,0.0,0.6332170002680659,0.6332170002680659,,,,1.0
24,water_gsolv_eV,195,0.9999999403953552,0.0,0.6332170002680659,0.6332170002680659,,,,1.0
24,water_gsolv_eV,196,0.9999999403953552,0.0,0.6332170002680659,0.6332170002680659,,,,1.0
24,water_gsolv_eV,197,0.9999999403953552,0.0,0.6332170002680659,0.6332170002680659,,,,1.0
24,water_gsolv_eV,198,0.9999999403953552,0.0,0.6332170002680659,0.6332170002680659,,,,1.0
24,water_gsolv_eV,199,0.9999999403953552,0.0,0.6332170002680659,0.6332170002680659,,,,1.0
24,water_gsolv_eV,200,0.9999999403953552,0.0,0.6332170002680659,0.6332170002680659,,,,1.0
24,water_gsolv_eV,201,0.9999999403953552,0.0,0.6332170002680659,0.6332170002680659,,,,1.0
24,water_gsolv_eV,202,0.9999999403953552,0.0,0.6332170002680659,0.6332170002680659,,,,1.0
24,water_gsolv_eV,203,0.9999999403953552,0.0,0.6332170002680659,0.6332170002680659,,,,1.0
24,water_gsolv_eV,204,0.9999999403953552,0.0,0.6332170002680659,0.6332170002680659,,,,1.0
24,water_gsolv_eV,205,0.9999999403953552,0.0,0.6332170002680659,0.6332170002680659,,,,1.0
24,water_gsolv_eV,206,0.9999999403953552,0.0,0.6332170002680659,0.6332170002680659,,,,1.0
24,water_gsolv_eV,207,0.9999999403953552,0.0,0.6332170002680659,0.6332170002680659,,,,1.0
24,water_gsolv_eV,208,0.9999999403953552,0.0,0.6332170002680659,0.6332170002680659,,,,1.0
24,water_gsolv_eV,209,0.9999999403953552,0.0,0.6332170002680659,0.6332170002680659,,,,1.0
24,water_gsolv_eV,210,0.9999999403953552,0.0,0.6332170002680659,0.6332170002680659,,,,1.0
24,water_gsolv_eV,211,0.9999999403953552,0.0,0.6332170002680659,0.6332170002680659,,,,1.0
24,water_gsolv_eV,212,0.9999999403953552,0.0,0.6332170002680659,0.6332170002680659,,,,1.0
24,water_gsolv_eV,213,0.9999999403953552,0.0,0.6332170002680659,0.6332170002680659,,,,1.0
24,water_gsolv_eV,214,0.9999999403953552,0.0,0.6332170002680659,0.6332170002680659,,,,1.0
24,water_gsolv_eV,215,0.9999999403953552,0.0,0.6332170002680659,0.6332170002680659,,,,1.0
24,water_gsolv_eV,216,0.9999999403953552,0.0,0.6332170002680659,0.6332170002680659,,,,1.0
24,water_gsolv_eV,217,0.9999999403953552,0.0,0.6332170002680659,0.6332170002680659,,,,1.0
24,water_gsolv_eV,218,0.9999999403953552,0.0,0.6332170002680659,0.6332170002680659,,,,1.0
24,water_gsolv_eV,219,0.9999999403953552,0.0,0.6332170002680659,0.6332170002680659,,,,1.0
24,water_gsolv_eV,220,0.9999999403953552,0.0,0.6332170002680659,0.6332170002680659,,,,1.0
24,water_gsolv_eV,221,0.9999999403953552,0.0,0.6332170002680659,0.6332170002680659,,,,1.0
24,water_gsolv_eV,222,0.9999999403953552,0.0,0.6332170002680659,0.6332170002680659,,,,1.0
24,water_gsolv_eV,223,0.9999999403953552,0.0,0.6332170002680659,0.6332170002680659,,,,1.0
24,water_gsolv_eV,224,0.9999999403953552,0.0,0.6332170002680659,0.6332170002680659,,,,1.0
24,water_gsolv_eV,225,0.9999999403953552,0.0,0.6332170002680659,0.6332170002680659,,,,1.0
24,water_gsolv_eV,226,0.9999999403953552,0.0,0.6332170002680659,0.6332170002680659,,,,1.0
24,water_gsolv_eV,227,0.9999999403953552,0.0,0.6332170002680659,0.6332170002680659,,,,1.0
24,water_gsolv_eV,228,0.9999999403953552,0.0,0.6332170002680659,0.6332170002680659,,,,1.0
24,water_gsolv_eV,229,0.9999999403953552,0.0,0.6332170002680659,0.6332170002680659,,,,1.0
24,water_gsolv_eV,230,0.9999999403953552,0.0,0.6332170002680659,0.6332170002680659,,,,1.0
24,water_gsolv_eV,231,0.9999999403953552,0.0,0.6332170002680659,0.6332170002680659,,,,1.0
24,water_gsolv_eV,232,0.9999999403953552,0.0,0.6332170002680659,0.6332170002680659,,,,1.0
24,water_gsolv_eV,233,0.9999999403953552,0.0,0.6332170002680659,0.6332170002680659,,,,1.0
24,water_gsolv_eV,234,0.9999999403953552,0.0,0.6332170002680659,0.6332170002680659,,,,1.0
24,water_gsolv_eV,235,0.9999999403953552,0.0,0.6332170002680659,0.6332170002680659,,,,1.0
24,water_gsolv_eV,236,0.9999999403953552,0.0,0.6332170002680659,0.6332170002680659,,,,1.0
24,water_gsolv_eV,237,0.9999999403953552,0.0,0.6332170002680659,0.6332170002680659,,,,1.0
24,water_gsolv_eV,238,0.9999999403953552,0.0,0.6332170002680659,0.6332170002680659,,,,1.0
24,water_gsolv_eV,239,0.9999999403953552,0.0,0.6332170002680659,0.6332170002680659,,,,1.0
24,water_gsolv_eV,240,0.9999999403953552,0.0,0.6332170002680659,0.6332170002680659,,,,1.0
24,water_gsolv_eV,241,0.9999999403953552,0.0,0.6332170002680659,0.6332170002680659,,,,1.0
24,water_gsolv_eV,242,0.9999999403953552,0.0,0.6332170002680659,0.6332170002680659,,,,1.0
24,water_gsolv_eV,243,0.9999999403953552,0.0,0.6332170002680659,0.6332170002680659,,,,1.0
24,water_gsolv_eV,244,0.9999999403953552,0.0,0.6332170002680659,0.6332170002680659,,,,1.0
24,water_gsolv_eV,245,0.9999999403953552,0.0,0.6332170002680659,0.6332170002680659,,,,1.0
24,water_gsolv_eV,246,0.9999999403953552,0.0,0.6332170002680659,0.6332170002680659,,,,1.0
24,water_gsolv_eV,247,0.9999999403953552,0.0,0.6332170002680659,0.6332170002680659,,,,1.0
24,water_gsolv_eV,248,0.9999999403953552,0.0,0.6332170002680659,0.6332170002680659,,,,1.0
24,water_gsolv_eV,249,0.9999999403953552,0.0,0.6332170002680659,0.6332170002680659,,,,1.0
24,water_hl_gap_eV,0,1.0,0.0,0.7066271128112156,0.7066271128112156,,,,1.0
24,water_hl_gap_eV,1,1.0,0.0,0.7066271128112156,0.7066271128112156,,,,1.0
24,water_hl_gap_eV,2,1.0,0.0,0.7066271128112156,0.7066271128112156,,,,1.0
24,water_hl_gap_eV,3,1.0,0.0,0.7066271128112156,0.7066271128112156,,,,1.0
24,water_hl_gap_eV,4,1.0,0.0,0.7066271128112156,0.7066271128112156,,,,1.0
24,water_hl_gap_eV,5,1.0,0.0,0.7066271128112156,0.7066271128112156,,,,1.0
24,water_hl_gap_eV,6,1.0,0.0,0.7066271128112156,0.7066271128112156,,,,1.0
24,water_hl_gap_eV,7,1.0,0.0,0.7066271128112156,0.7066271128112156,,,,1.0
24,water_hl_gap_eV,8,1.0,0.0,0.7066271128112156,0.7066271128112156,,,,1.0
24,water_hl_gap_eV,9,1.0,0.0,0.7066271128112156,0.7066271128112156,,,,1.0
24,water_hl_gap_eV,10,1.0,0.0,0.7066271128112156,0.7066271128112156,,,,1.0
24,water_hl_gap_eV,11,1.0,0.0,0.7066271128112156,0.7066271128112156,,,,1.0
24,water_hl_gap_eV,12,1.0,0.0,0.7066271128112156,0.7066271128112156,,,,1.0
24,water_hl_gap_eV,13,1.0,0.0,0.7066271128112156,0.7066271128112156,,,,1.0
24,water_hl_gap_eV,14,1.0,0.0,0.7066271128112156,0.7066271128112156,,,,1.0
24,water_hl_gap_eV,15,1.0,0.0,0.7066271128112156,0.7066271128112156,,,,1.0
24,water_hl_gap_eV,16,1.0,0.0,0.7066271128112156,0.7066271128112156,,,,1.0
24,water_hl_gap_eV,17,1.0,0.0,0.7066271128112156,0.7066271128112156,,,,1.0
24,water_hl_gap_eV,18,1.0,0.0,0.7066271128112156,0.7066271128112156,,,,1.0
24,water_hl_gap_eV,19,1.0,0.0,0.7066271128112156,0.7066271128112156,,,,1.0
24,water_hl_gap_eV,20,1.0,0.0,0.7066271128112156,0.7066271128112156,,,,1.0
24,water_hl_gap_eV,21,1.0,0.0,0.7066271128112156,0.7066271128112156,,,,1.0
24,water_hl_gap_eV,22,1.0,0.0,0.7066271128112156,0.7066271128112156,,,,1.0
24,water_hl_gap_eV,23,1.0,0.0,0.7066271128112156,0.7066271128112156,,,,1.0
24,water_hl_gap_eV,24,1.0,0.0,0.7066271128112156,0.7066271128112156,,,,1.0
24,water_hl_gap_eV,25,1.0,0.0,0.7066271128112156,0.7066271128112156,,,,1.0
24,water_hl_gap_eV,26,1.0,0.0,0.7066271128112156,0.7066271128112156,,,,1.0
24,water_hl_gap_eV,27,1.0,0.0,0.7066271128112156,0.7066271128112156,,,,1.0
24,water_hl_gap_eV,28,1.0,0.0,0.7066271128112156,0.7066271128112156,,,,1.0
24,water_hl_gap_eV,29,1.0,0.0,0.7066271128112156,0.7066271128112156,,,,1.0
24,water_hl_gap_eV,30,1.0,0.0,0.7066271128112156,0.7066271128112156,,,,1.0
24,water_hl_gap_eV,31,1.0,0.0,0.7066271128112156,0.7066271128112156,,,,1.0
24,water_hl_gap_eV,32,1.0,0.0,0.7066271128112156,0.7066271128112156,,,,1.0
24,water_hl_gap_eV,33,1.0,0.0,0.7066271128112156,0.7066271128112156,,,,1.0
24,water_hl_gap_eV,34,1.0,0.0,0.7066271128112156,0.7066271128112156,,,,1.0
24,water_hl_gap_eV,35,1.0,0.0,0.7066271128112156,0.7066271128112156,,,,1.0
24,water_hl_gap_eV,36,1.0,0.0,0.7066271128112156,0.7066271128112156,,,,1.0
24,water_hl_gap_eV,37,1.0,0.0,0.7066271128112156,0.7066271128112156,,,,1.0
24,water_hl_gap_eV,38,1.0,0.0,0.7066271128112156,0.7066271128112156,,,,1.0
24,water_hl_gap_eV,39,1.0,0.0,0.7066271128112156,0.7066271128112156,,,,1.0
24,water_hl_gap_eV,40,1.0,0.0,0.7066271128112156,0.7066271128112156,,,,1.0
24,water_hl_gap_eV,41,1.0,0.0,0.7066271128112156,0.7066271128112156,,,,1.0
24,water_hl_gap_eV,42,1.0,0.0,0.7066271128112156,0.7066271128112156,,,,1.0
24,water_hl_gap_eV,43,1.0,0.0,0.7066271128112156,0.7066271128112156,,,,1.0
24,water_hl_gap_eV,44,1.0,0.0,0.7066271128112156,0.7066271128112156,,,,1.0
24,water_hl_gap_eV,45,1.0,0.0,0.7066271128112156,0.7066271128112156,,,,1.0
24,water_hl_gap_eV,46,1.0,0.0,0.7066271128112156,0.7066271128112156,,,,1.0
24,water_hl_gap_eV,47,1.0,0.0,0.7066271128112156,0.7066271128112156,,,,1.0
24,water_hl_gap_eV,48,1.0,0.0,0.7066271128112156,0.7066271128112156,,,,1.0
24,water_hl_gap_eV,49,1.0,0.0,0.7066271128112156,0.7066271128112156,,,,1.0
24,water_hl_gap_eV,50,1.0,0.0,0.7066271128112156,0.7066271128112156,,,,1.0
24,water_hl_gap_eV,51,1.0,0.0,0.7066271128112156,0.7066271128112156,,,,1.0
24,water_hl_gap_eV,52,1.0,0.0,0.7066271128112156,0.7066271128112156,,,,1.0
24,water_hl_gap_eV,53,1.0,0.0,0.7066271128112156,0.7066271128112156,,,,1.0
24,water_hl_gap_eV,54,1.0,0.0,0.7066271128112156,0.7066271128112156,,,,1.0
24,water_hl_gap_eV,55,1.0,0.0,0.7066271128112156,0.7066271128112156,,,,1.0
24,water_hl_gap_eV,56,1.0,0.0,0.7066271128112156,0.7066271128112156,,,,1.0
24,water_hl_gap_eV,57,1.0,0.0,0.7066271128112156,0.7066271128112156,,,,1.0
24,water_hl_gap_eV,58,1.0,0.0,0.7066271128112156,0.7066271128112156,,,,1.0
24,water_hl_gap_eV,59,1.0,0.0,0.7066271128112156,0.7066271128112156,,,,1.0
24,water_hl_gap_eV,60,1.0,0.0,0.7066271128112156,0.7066271128112156,,,,1.0
24,water_hl_gap_eV,61,1.0,0.0,0.7066271128112156,0.7066271128112156,,,,1.0
24,water_hl_gap_eV,62,1.0,0.0,0.7066271128112156,0.7066271128112156,,,,1.0
24,water_hl_gap_eV,63,1.0,0.0,0.7066271128112156,0.7066271128112156,,,,1.0
24,water_hl_gap_eV,64,1.0,0.0,0.7066271128112156,0.7066271128112156,,,,1.0
24,water_hl_gap_eV,65,1.0,0.0,0.7066271128112156,0.7066271128112156,,,,1.0
24,water_hl_gap_eV,66,1.0,0.0,0.7066271128112156,0.7066271128112156,,,,1.0
24,water_hl_gap_eV,67,1.0,0.0,0.7066271128112156,0.7066271128112156,,,,1.0
24,water_hl_gap_eV,68,1.0,0.0,0.7066271128112156,0.7066271128112156,,,,1.0
24,water_hl_gap_eV,69,1.0,0.0,0.7066271128112156,0.7066271128112156,,,,1.0
24,water_hl_gap_eV,70,1.0,0.0,0.7066271128112156,0.7066271128112156,,,,1.0
24,water_hl_gap_eV,71,1.0,0.0,0.7066271128112156,0.7066271128112156,,,,1.0
24,water_hl_gap_eV,72,1.0,0.0,0.7066271128112156,0.7066271128112156,,,,1.0
24,water_hl_gap_eV,73,1.0,0.0,0.7066271128112156,0.7066271128112156,,,,1.0
24,water_hl_gap_eV,74,1.0,0.0,0.7066271128112156,0.7066271128112156,,,,1.0
24,water_hl_gap_eV,75,1.0,0.0,0.7066271128112156,0.7066271128112156,,,,1.0
24,water_hl_gap_eV,76,1.0,0.0,0.7066271128112156,0.7066271128112156,,,,1.0
24,water_hl_gap_eV,77,1.0,0.0,0.7066271128112156,0.7066271128112156,,,,1.0
24,water_hl_gap_eV,78,1.0,0.0,0.7066271128112156,0.7066271128112156,,,,1.0
24,water_hl_gap_eV,79,1.0,0.0,0.7066271128112156,0.7066271128112156,,,,1.0
24,water_hl_gap_eV,80,1.0,0.0,0.7066271128112156,0.7066271128112156,,,,1.0
24,water_hl_gap_eV,81,1.0,0.0,0.7066271128112156,0.7066271128112156,,,,1.0
24,water_hl_gap_eV,82,1.0,0.0,0.7066271128112156,0.7066271128112156,,,,1.0
24,water_hl_gap_eV,83,1.0,0.0,0.7066271128112156,0.7066271128112156,,,,1.0
24,water_hl_gap_eV,84,1.0,0.0,0.7066271128112156,0.7066271128112156,,,,1.0
24,water_hl_gap_eV,85,1.0,0.0,0.7066271128112156,0.7066271128112156,,,,1.0
24,water_hl_gap_eV,86,1.0,0.0,0.7066271128112156,0.7066271128112156,,,,1.0
24,water_hl_gap_eV,87,1.0,0.0,0.7066271128112156,0.7066271128112156,,,,1.0
24,water_hl_gap_eV,88,1.0,0.0,0.7066271128112156,0.7066271128112156,,,,1.0
24,water_hl_gap_eV,89,1.0,0.0,0.7066271128112156,0.7066271128112156,,,,1.0
24,water_hl_gap_eV,90,1.0,0.0,0.7066271128112156,0.7066271128112156,,,,1.0
24,water_hl_gap_eV,91,1.0,0.0,0.7066271128112156,0.7066271128112156,,,,1.0
24,water_hl_gap_eV,92,1.0,0.0,0.7066271128112156,0.7066271128112156,,,,1.0
24,water_hl_gap_eV,93,1.0,0.0,0.7066271128112156,0.7066271128112156,,,,1.0
24,water_hl_gap_eV,94,1.0,0.0,0.7066271128112156,0.7066271128112156,,,,1.0
24,water_hl_gap_eV,95,1.0,0.0,0.7066271128112156,0.7066271128112156,,,,1.0
24,water_hl_gap_eV,96,1.0,0.0,0.7066271128112156,0.7066271128112156,,,,1.0
24,water_hl_gap_eV,97,1.0,0.0,0.7066271128112156,0.7066271128112156,,,,1.0
24,water_hl_gap_eV,98,1.0,0.0,0.7066271128112156,0.7066271128112156,,,,1.0
24,water_hl_gap_eV,99,1.0,0.0,0.7066271128112156,0.7066271128112156,,,,1.0
24,water_hl_gap_eV,100,1.0,0.0,0.7066271128112156,0.7066271128112156,,,,1.0
24,water_hl_gap_eV,101,1.0,0.0,0.7066271128112156,0.7066271128112156,,,,1.0
24,water_hl_gap_eV,102,1.0,0.0,0.7066271128112156,0.7066271128112156,,,,1.0
24,water_hl_gap_eV,103,1.0,0.0,0.7066271128112156,0.7066271128112156,,,,1.0
24,water_hl_gap_eV,104,1.0,0.0,0.7066271128112156,0.7066271128112156,,,,1.0
24,water_hl_gap_eV,105,1.0,0.0,0.7066271128112156,0.7066271128112156,,,,1.0
24,water_hl_gap_eV,106,1.0,0.0,0.7066271128112156,0.7066271128112156,,,,1.0
24,water_hl_gap_eV,107,1.0,0.0,0.7066271128112156,0.7066271128112156,,,,1.0
24,water_hl_gap_eV,108,1.0,0.0,0.7066271128112156,0.7066271128112156,,,,1.0
24,water_hl_gap_eV,109,1.0,0.0,0.7066271128112156,0.7066271128112156,,,,1.0
24,water_hl_gap_eV,110,1.0,0.0,0.7066271128112156,0.7066271128112156,,,,1.0
24,water_hl_gap_eV,111,1.0,0.0,0.7066271128112156,0.7066271128112156,,,,1.0
24,water_hl_gap_eV,112,1.0,0.0,0.7066271128112156,0.7066271128112156,,,,1.0
24,water_hl_gap_eV,113,1.0,0.0,0.7066271128112156,0.7066271128112156,,,,1.0
24,water_hl_gap_eV,114,1.0,0.0,0.7066271128112156,0.7066271128112156,,,,1.0
24,water_hl_gap_eV,115,1.0,0.0,0.7066271128112156,0.7066271128112156,,,,1.0
24,water_hl_gap_eV,116,1.0,0.0,0.7066271128112156,0.7066271128112156,,,,1.0
24,water_hl_gap_eV,117,1.0,0.0,0.7066271128112156,0.7066271128112156,,,,1.0
24,water_hl_gap_eV,118,1.0,0.0,0.7066271128112156,0.7066271128112156,,,,1.0
24,water_hl_gap_eV,119,1.0,0.0,0.7066271128112156,0.7066271128112156,,,,1.0
24,water_hl_gap_eV,120,1.0,0.0,0.7066271128112156,0.7066271128112156,,,,1.0
24,water_hl_gap_eV,121,1.0,0.0,0.7066271128112156,0.7066271128112156,,,,1.0
24,water_hl_gap_eV,122,1.0,0.0,0.7066271128112156,0.7066271128112156,,,,1.0
24,water_hl_gap_eV,123,1.0,0.0,0.7066271128112156,0.7066271128112156,,,,1.0
24,water_hl_gap_eV,124,1.0,0.0,0.7066271128112156,0.7066271128112156,,,,1.0
24,water_hl_gap_eV,125,1.0,0.0,0.7066271128112156,0.7066271128112156,,,,1.0
24,water_hl_gap_eV,126,1.0,0.0,0.7066271128112156,0.7066271128112156,,,,1.0
24,water_hl_gap_eV,127,1.0,0.0,0.7066271128112156,0.7066271128112156,,,,1.0
24,water_hl_gap_eV,128,1.0,0.0,0.7066271128112156,0.7066271128112156,,,,1.0
24,water_hl_gap_eV,129,1.0,0.0,0.7066271128112156,0.7066271128112156,,,,1.0
24,water_hl_gap_eV,130,1.0,0.0,0.7066271128112156,0.7066271128112156,,,,1.0
24,water_hl_gap_eV,131,1.0,0.0,0.7066271128112156,0.7066271128112156,,,,1.0
24,water_hl_gap_eV,132,1.0,0.0,0.7066271128112156,0.7066271128112156,,,,1.0
24,water_hl_gap_eV,133,1.0,0.0,0.7066271128112156,0.7066271128112156,,,,1.0
24,water_hl_gap_eV,134,1.0,0.0,0.7066271128112156,0.7066271128112156,,,,1.0
24,water_hl_gap_eV,135,1.0,0.0,0.7066271128112156,0.7066271128112156,,,,1.0
24,water_hl_gap_eV,136,1.0,0.0,0.7066271128112156,0.7066271128112156,,,,1.0
24,water_hl_gap_eV,137,1.0,0.0,0.7066271128112156,0.7066271128112156,,,,1.0
24,water_hl_gap_eV,138,1.0,0.0,0.7066271128112156,0.7066271128112156,,,,1.0
24,water_hl_gap_eV,139,1.0,0.0,0.7066271128112156,0.7066271128112156,,,,1.0
24,water_hl_gap_eV,140,1.0,0.0,0.7066271128112156,0.7066271128112156,,,,1.0
24,water_hl_gap_eV,141,1.0,0.0,0.7066271128112156,0.7066271128112156,,,,1.0
24,water_hl_gap_eV,142,1.0,0.0,0.7066271128112156,0.7066271128112156,,,,1.0
24,water_hl_gap_eV,143,1.0,0.0,0.7066271128112156,0.7066271128112156,,,,1.0
24,water_hl_gap_eV,144,1.0,0.0,0.7066271128112156,0.7066271128112156,,,,1.0
24,water_hl_gap_eV,145,1.0,0.0,0.7066271128112156,0.7066271128112156,,,,1.0
24,water_hl_gap_eV,146,1.0,0.0,0.7066271128112156,0.7066271128112156,,,,1.0
24,water_hl_gap_eV,147,1.0,0.0,0.7066271128112156,0.7066271128112156,,,,1.0
24,water_hl_gap_eV,148,1.0,0.0,0.7066271128112156,0.7066271128112156,,,,1.0
24,water_hl_gap_eV,149,1.0,0.0,0.7066271128112156,0.7066271128112156,,,,1.0
24,water_hl_gap_eV,150,1.0,0.0,0.7066271128112156,0.7066271128112156,,,,1.0
24,water_hl_gap_eV,151,1.0,0.0,0.7066271128112156,0.7066271128112156,,,,1.0
24,water_hl_gap_eV,152,1.0,0.0,0.7066271128112156,0.7066271128112156,,,,1.0
24,water_hl_gap_eV,153,1.0,0.0,0.7066271128112156,0.7066271128112156,,,,1.0
24,water_hl_gap_eV,154,1.0,0.0,0.7066271128112156,0.7066271128112156,,,,1.0
24,water_hl_gap_eV,155,1.0,0.0,0.7066271128112156,0.7066271128112156,,,,1.0
24,water_hl_gap_eV,156,1.0,0.0,0.7066271128112156,0.7066271128112156,,,,1.0
24,water_hl_gap_eV,157,1.0,0.0,0.7066271128112156,0.7066271128112156,,,,1.0
24,water_hl_gap_eV,158,1.0,0.0,0.7066271128112156,0.7066271128112156,,,,1.0
24,water_hl_gap_eV,159,1.0,0.0,0.7066271128112156,0.7066271128112156,,,,1.0
24,water_hl_gap_eV,160,1.0,0.0,0.7066271128112156,0.7066271128112156,,,,1.0
24,water_hl_gap_eV,161,1.0,0.0,0.7066271128112156,0.7066271128112156,,,,1.0
24,water_hl_gap_eV,162,1.0,0.0,0.7066271128112156,0.7066271128112156,,,,1.0
24,water_hl_gap_eV,163,1.0,0.0,0.7066271128112156,0.7066271128112156,,,,1.0
24,water_hl_gap_eV,164,1.0,0.0,0.7066271128112156,0.7066271128112156,,,,1.0
24,water_hl_gap_eV,165,1.0,0.0,0.7066271128112156,0.7066271128112156,,,,1.0
24,water_hl_gap_eV,166,1.0,0.0,0.7066271128112156,0.7066271128112156,,,,1.0
24,water_hl_gap_eV,167,1.0,0.0,0.7066271128112156,0.7066271128112156,,,,1.0
24,water_hl_gap_eV,168,1.0,0.0,0.7066271128112156,0.7066271128112156,,,,1.0
24,water_hl_gap_eV,169,1.0,0.0,0.7066271128112156,0.7066271128112156,,,,1.0
24,water_hl_gap_eV,170,1.0,0.0,0.7066271128112156,0.7066271128112156,,,,1.0
24,water_hl_gap_eV,171,1.0,0.0,0.7066271128112156,0.7066271128112156,,,,1.0
24,water_hl_gap_eV,172,1.0,0.0,0.7066271128112156,0.7066271128112156,,,,1.0
24,water_hl_gap_eV,173,1.0,0.0,0.7066271128112156,0.7066271128112156,,,,1.0
24,water_hl_gap_eV,174,1.0,0.0,0.7066271128112156,0.7066271128112156,,,,1.0
24,water_hl_gap_eV,175,1.0,0.0,0.7066271128112156,0.7066271128112156,,,,1.0
24,water_hl_gap_eV,176,1.0,0.0,0.7066271128112156,0.7066271128112156,,,,1.0
24,water_hl_gap_eV,177,1.0,0.0,0.7066271128112156,0.7066271128112156,,,,1.0
24,water_hl_gap_eV,178,1.0,0.0,0.7066271128112156,0.7066271128112156,,,,1.0
24,water_hl_gap_eV,179,1.0,0.0,0.7066271128112156,0.7066271128112156,,,,1.0
24,water_hl_gap_eV,180,1.0,0.0,0.7066271128112156,0.7066271128112156,,,,1.0
24,water_hl_gap_eV,181,1.0,0.0,0.7066271128112156,0.7066271128112156,,,,1.0
24,water_hl_gap_eV,182,1.0,0.0,0.7066271128112156,0.7066271128112156,,,,1.0
24,water_hl_gap_eV,183,1.0,0.0,0.7066271128112156,0.7066271128112156,,,,1.0
24,water_hl_gap_eV,184,1.0,0.0,0.7066271128112156,0.7066271128112156,,,,1.0
24,water_hl_gap_eV,185,1.0,0.0,0.7066271128112156,0.7066271128112156,,,,1.0
24,water_hl_gap_eV,186,1.0,0.0,0.7066271128112156,0.7066271128112156,,,,1.0
24,water_hl_gap_eV,187,1.0,0.0,0.7066271128112156,0.7066271128112156,,,,1.0
24,water_hl_gap_eV,188,1.0,0.0,0.7066271128112156,0.7066271128112156,,,,1.0
24,water_hl_gap_eV,189,1.0,0.0,0.7066271128112156,0.7066271128112156,,,,1.0
24,water_hl_gap_eV,190,1.0,0.0,0.7066271128112156,0.7066271128112156,,,,1.0
24,water_hl_gap_eV,191,1.0,0.0,0.7066271128112156,0.7066271128112156,,,,1.0
24,water_hl_gap_eV,192,1.0,0.0,0.7066271128112156,0.7066271128112156,,,,1.0
24,water_hl_gap_eV,193,1.0,0.0,0.7066271128112156,0.7066271128112156,,,,1.0
24,water_hl_gap_eV,194,1.0,0.0,0.7066271128112156,0.7066271128112156,,,,1.0
24,water_hl_gap_eV,195,1.0,0.0,0.7066271128112156,0.7066271128112156,,,,1.0
24,water_hl_gap_eV,196,1.0,0.0,0.7066271128112156,0.7066271128112156,,,,1.0
24,water_hl_gap_eV,197,1.0,0.0,0.7066271128112156,0.7066271128112156,,,,1.0
24,water_hl_gap_eV,198,1.0,0.0,0.7066271128112156,0.7066271128112156,,,,1.0
24,water_hl_gap_eV,199,1.0,0.0,0.7066271128112156,0.7066271128112156,,,,1.0
24,water_hl_gap_eV,200,1.0,0.0,0.7066271128112156,0.7066271128112156,,,,1.0
24,water_hl_gap_eV,201,1.0,0.0,0.7066271128112156,0.7066271128112156,,,,1.0
24,water_hl_gap_eV,202,1.0,0.0,0.7066271128112156,0.7066271128112156,,,,1.0
24,water_hl_gap_eV,203,1.0,0.0,0.7066271128112156,0.7066271128112156,,,,1.0
24,water_hl_gap_eV,204,1.0,0.0,0.7066271128112156,0.7066271128112156,,,,1.0
24,water_hl_gap_eV,205,1.0,0.0,0.7066271128112156,0.7066271128112156,,,,1.0
24,water_hl_gap_eV,206,1.0,0.0,0.7066271128112156,0.7066271128112156,,,,1.0
24,water_hl_gap_eV,207,1.0,0.0,0.7066271128112156,0.7066271128112156,,,,1.0
24,water_hl_gap_eV,208,1.0,0.0,0.7066271128112156,0.7066271128112156,,,,1.0
24,water_hl_gap_eV,209,1.0,0.0,0.7066271128112156,0.7066271128112156,,,,1.0
24,water_hl_gap_eV,210,1.0,0.0,0.7066271128112156,0.7066271128112156,,,,1.0
24,water_hl_gap_eV,211,1.0,0.0,0.7066271128112156,0.7066271128112156,,,,1.0
24,water_hl_gap_eV,212,1.0,0.0,0.7066271128112156,0.7066271128112156,,,,1.0
24,water_hl_gap_eV,213,1.0,0.0,0.7066271128112156,0.7066271128112156,,,,1.0
24,water_hl_gap_eV,214,1.0,0.0,0.7066271128112156,0.7066271128112156,,,,1.0
24,water_hl_gap_eV,215,1.0,0.0,0.7066271128112156,0.7066271128112156,,,,1.0
24,water_hl_gap_eV,216,1.0,0.0,0.7066271128112156,0.7066271128112156,,,,1.0
24,water_hl_gap_eV,217,1.0,0.0,0.7066271128112156,0.7066271128112156,,,,1.0
24,water_hl_gap_eV,218,1.0,0.0,0.7066271128112156,0.7066271128112156,,,,1.0
24,water_hl_gap_eV,219,1.0,0.0,0.7066271128112156,0.7066271128112156,,,,1.0
24,water_hl_gap_eV,220,1.0,0.0,0.7066271128112156,0.7066271128112156,,,,1.0
24,water_hl_gap_eV,221,1.0,0.0,0.7066271128112156,0.7066271128112156,,,,1.0
24,water_hl_gap_eV,222,1.0,0.0,0.7066271128112156,0.7066271128112156,,,,1.0
24,water_hl_gap_eV,223,1.0,0.0,0.7066271128112156,0.7066271128112156,,,,1.0
24,water_hl_gap_eV,224,1.0,0.0,0.7066271128112156,0.7066271128112156,,,,1.0
24,water_hl_gap_eV,225,1.0,0.0,0.7066271128112156,0.7066271128112156,,,,1.0
24,water_hl_gap_eV,226,1.0,0.0,0.7066271128112156,0.7066271128112156,,,,1.0
24,water_hl_gap_eV,227,1.0,0.0,0.7066271128112156,0.7066271128112156,,,,1.0
24,water_hl_gap_eV,228,1.0,0.0,0.7066271128112156,0.7066271128112156,,,,1.0
24,water_hl_gap_eV,229,1.0,0.0,0.7066271128112156,0.7066271128112156,,,,1.0
24,water_hl_gap_eV,230,1.0,0.0,0.7066271128112156,0.7066271128112156,,,,1.0
24,water_hl_gap_eV,231,1.0,0.0,0.7066271128112156,0.7066271128112156,,,,1.0
24,water_hl_gap_eV,232,1.0,0.0,0.7066271128112156,0.7066271128112156,,,,1.0
24,water_hl_gap_eV,233,1.0,0.0,0.7066271128112156,0.7066271128112156,,,,1.0
24,water_hl_gap_eV,234,1.0,0.0,0.7066271128112156,0.7066271128112156,,,,1.0
24,water_hl_gap_eV,235,1.0,0.0,0.7066271128112156,0.7066271128112156,,,,1.0
24,water_hl_gap_eV,236,1.0,0.0,0.7066271128112156,0.7066271128112156,,,,1.0
24,water_hl_gap_eV,237,1.0,0.0,0.7066271128112156,0.7066271128112156,,,,1.0
24,water_hl_gap_eV,238,1.0,0.0,0.7066271128112156,0.7066271128112156,,,,1.0
24,water_hl_gap_eV,239,1.0,0.0,0.7066271128112156,0.7066271128112156,,,,1.0
24,water_hl_gap_eV,240,1.0,0.0,0.7066271128112156,0.7066271128112156,,,,1.0
24,water_hl_gap_eV,241,1.0,0.0,0.7066271128112156,0.7066271128112156,,,,1.0
24,water_hl_gap_eV,242,1.0,0.0,0.7066271128112156,0.7066271128112156,,,,1.0
24,water_hl_gap_eV,243,1.0,0.0,0.7066271128112156,0.7066271128112156,,,,1.0
24,water_hl_gap_eV,244,1.0,0.0,0.7066271128112156,0.7066271128112156,,,,1.0
24,water_hl_gap_eV,245,1.0,0.0,0.7066271128112156,0.7066271128112156,,,,1.0
24,water_hl_gap_eV,246,1.0,0.0,0.7066271128112156,0.7066271128112156,,,,1.0
24,water_hl_gap_eV,247,1.0,0.0,0.7066271128112156,0.7066271128112156,,,,1.0
24,water_hl_gap_eV,248,1.0,0.0,0.7066271128112156,0.7066271128112156,,,,1.0
24,water_hl_gap_eV,249,1.0,0.0,0.7066271128112156,0.7066271128112156,,,,1.0
24,water_dipole,0,1.0,0.0,0.6074343297438423,0.6074343297438423,,,,1.0
24,water_dipole,1,1.0,0.0,0.6074343297438423,0.6074343297438423,,,,1.0
24,water_dipole,2,1.0,0.0,0.6074343297438423,0.6074343297438423,,,,1.0
24,water_dipole,3,1.0,0.0,0.6074343297438423,0.6074343297438423,,,,1.0
24,water_dipole,4,1.0,0.0,0.6074343297438423,0.6074343297438423,,,,1.0
24,water_dipole,5,1.0,0.0,0.6074343297438423,0.6074343297438423,,,,1.0
24,water_dipole,6,1.0,0.0,0.6074343297438423,0.6074343297438423,,,,1.0
24,water_dipole,7,1.0,0.0,0.6074343297438423,0.6074343297438423,,,,1.0
24,water_dipole,8,1.0,0.0,0.6074343297438423,0.6074343297438423,,,,1.0
24,water_dipole,9,1.0,0.0,0.6074343297438423,0.6074343297438423,,,,1.0
24,water_dipole,10,1.0,0.0,0.6074343297438423,0.6074343297438423,,,,1.0
24,water_dipole,11,1.0,0.0,0.6074343297438423,0.6074343297438423,,,,1.0
24,water_dipole,12,1.0,0.0,0.6074343297438423,0.6074343297438423,,,,1.0
24,water_dipole,13,1.0,0.0,0.6074343297438423,0.6074343297438423,,,,1.0
24,water_dipole,14,1.0,0.0,0.6074343297438423,0.6074343297438423,,,,1.0
24,water_dipole,15,1.0,0.0,0.6074343297438423,0.6074343297438423,,,,1.0
24,water_dipole,16,1.0,0.0,0.6074343297438423,0.6074343297438423,,,,1.0
24,water_dipole,17,1.0,0.0,0.6074343297438423,0.6074343297438423,,,,1.0
24,water_dipole,18,1.0,0.0,0.6074343297438423,0.6074343297438423,,,,1.0
24,water_dipole,19,1.0,0.0,0.6074343297438423,0.6074343297438423,,,,1.0
24,water_dipole,20,1.0,0.0,0.6074343297438423,0.6074343297438423,,,,1.0
24,water_dipole,21,1.0,0.0,0.6074343297438423,0.6074343297438423,,,,1.0
24,water_dipole,22,1.0,0.0,0.6074343297438423,0.6074343297438423,,,,1.0
24,water_dipole,23,1.0,0.0,0.6074343297438423,0.6074343297438423,,,,1.0
24,water_dipole,24,1.0,0.0,0.6074343297438423,0.6074343297438423,,,,1.0
24,water_dipole,25,1.0,0.0,0.6074343297438423,0.6074343297438423,,,,1.0
24,water_dipole,26,1.0,0.0,0.6074343297438423,0.6074343297438423,,,,1.0
24,water_dipole,27,1.0,0.0,0.6074343297438423,0.6074343297438423,,,,1.0
24,water_dipole,28,1.0,0.0,0.6074343297438423,0.6074343297438423,,,,1.0
24,water_dipole,29,1.0,0.0,0.6074343297438423,0.6074343297438423,,,,1.0
24,water_dipole,30,1.0,0.0,0.6074343297438423,0.6074343297438423,,,,1.0
24,water_dipole,31,1.0,0.0,0.6074343297438423,0.6074343297438423,,,,1.0
24,water_dipole,32,1.0,0.0,0.6074343297438423,0.6074343297438423,,,,1.0
24,water_dipole,33,1.0,0.0,0.6074343297438423,0.6074343297438423,,,,1.0
24,water_dipole,34,1.0,0.0,0.6074343297438423,0.6074343297438423,,,,1.0
24,water_dipole,35,1.0,0.0,0.6074343297438423,0.6074343297438423,,,,1.0
24,water_dipole,36,1.0,0.0,0.6074343297438423,0.6074343297438423,,,,1.0
24,water_dipole,37,1.0,0.0,0.6074343297438423,0.6074343297438423,,,,1.0
24,water_dipole,38,1.0,0.0,0.6074343297438423,0.6074343297438423,,,,1.0
24,water_dipole,39,1.0,0.0,0.6074343297438423,0.6074343297438423,,,,1.0
24,water_dipole,40,1.0,0.0,0.6074343297438423,0.6074343297438423,,,,1.0
24,water_dipole,41,1.0,0.0,0.6074343297438423,0.6074343297438423,,,,1.0
24,water_dipole,42,1.0,0.0,0.6074343297438423,0.6074343297438423,,,,1.0
24,water_dipole,43,1.0,0.0,0.6074343297438423,0.6074343297438423,,,,1.0
24,water_dipole,44,1.0,0.0,0.6074343297438423,0.6074343297438423,,,,1.0
24,water_dipole,45,1.0,0.0,0.6074343297438423,0.6074343297438423,,,,1.0
24,water_dipole,46,1.0,0.0,0.6074343297438423,0.6074343297438423,,,,1.0
24,water_dipole,47,1.0,0.0,0.6074343297438423,0.6074343297438423,,,,1.0
24,water_dipole,48,1.0,0.0,0.6074343297438423,0.6074343297438423,,,,1.0
24,water_dipole,49,1.0,0.0,0.6074343297438423,0.6074343297438423,,,,1.0
24,water_dipole,50,1.0,0.0,0.6074343297438423,0.6074343297438423,,,,1.0
24,water_dipole,51,1.0,0.0,0.6074343297438423,0.6074343297438423,,,,1.0
24,water_dipole,52,1.0,0.0,0.6074343297438423,0.6074343297438423,,,,1.0
24,water_dipole,53,1.0,0.0,0.6074343297438423,0.6074343297438423,,,,1.0
24,water_dipole,54,1.0,0.0,0.6074343297438423,0.6074343297438423,,,,1.0
24,water_dipole,55,1.0,0.0,0.6074343297438423,0.6074343297438423,,,,1.0
24,water_dipole,56,1.0,0.0,0.6074343297438423,0.6074343297438423,,,,1.0
24,water_dipole,57,1.0,0.0,0.6074343297438423,0.6074343297438423,,,,1.0
24,water_dipole,58,1.0,0.0,0.6074343297438423,0.6074343297438423,,,,1.0
24,water_dipole,59,1.0,0.0,0.6074343297438423,0.6074343297438423,,,,1.0
24,water_dipole,60,1.0,0.0,0.6074343297438423,0.6074343297438423,,,,1.0
24,water_dipole,61,1.0,0.0,0.6074343297438423,0.6074343297438423,,,,1.0
24,water_dipole,62,1.0,0.0,0.6074343297438423,0.6074343297438423,,,,1.0
24,water_dipole,63,1.0,0.0,0.6074343297438423,0.6074343297438423,,,,1.0
24,water_dipole,64,1.0,0.0,0.6074343297438423,0.6074343297438423,,,,1.0
24,water_dipole,65,1.0,0.0,0.6074343297438423,0.6074343297438423,,,,1.0
24,water_dipole,66,1.0,0.0,0.6074343297438423,0.6074343297438423,,,,1.0
24,water_dipole,67,1.0,0.0,0.6074343297438423,0.6074343297438423,,,,1.0
24,water_dipole,68,1.0,0.0,0.6074343297438423,0.6074343297438423,,,,1.0
24,water_dipole,69,1.0,0.0,0.6074343297438423,0.6074343297438423,,,,1.0
24,water_dipole,70,1.0,0.0,0.6074343297438423,0.6074343297438423,,,,1.0
24,water_dipole,71,1.0,0.0,0.6074343297438423,0.6074343297438423,,,,1.0
24,water_dipole,72,1.0,0.0,0.6074343297438423,0.6074343297438423,,,,1.0
24,water_dipole,73,1.0,0.0,0.6074343297438423,0.6074343297438423,,,,1.0
24,water_dipole,74,1.0,0.0,0.6074343297438423,0.6074343297438423,,,,1.0
24,water_dipole,75,1.0,0.0,0.6074343297438423,0.6074343297438423,,,,1.0
24,water_dipole,76,1.0,0.0,0.6074343297438423,0.6074343297438423,,,,1.0
24,water_dipole,77,1.0,0.0,0.6074343297438423,0.6074343297438423,,,,1.0
24,water_dipole,78,1.0,0.0,0.6074343297438423,0.6074343297438423,,,,1.0
24,water_dipole,79,1.0,0.0,0.6074343297438423,0.6074343297438423,,,,1.0
24,water_dipole,80,1.0,0.0,0.6074343297438423,0.6074343297438423,,,,1.0
24,water_dipole,81,1.0,0.0,0.6074343297438423,0.6074343297438423,,,,1.0
24,water_dipole,82,1.0,0.0,0.6074343297438423,0.6074343297438423,,,,1.0
24,water_dipole,83,1.0,0.0,0.6074343297438423,0.6074343297438423,,,,1.0
24,water_dipole,84,1.0,0.0,0.6074343297438423,0.6074343297438423,,,,1.0
24,water_dipole,85,1.0,0.0,0.6074343297438423,0.6074343297438423,,,,1.0
24,water_dipole,86,1.0,0.0,0.6074343297438423,0.6074343297438423,,,,1.0
24,water_dipole,87,1.0,0.0,0.6074343297438423,0.6074343297438423,,,,1.0
24,water_dipole,88,1.0,0.0,0.6074343297438423,0.6074343297438423,,,,1.0
24,water_dipole,89,1.0,0.0,0.6074343297438423,0.6074343297438423,,,,1.0
24,water_dipole,90,1.0,0.0,0.6074343297438423,0.6074343297438423,,,,1.0
24,water_dipole,91,1.0,0.0,0.6074343297438423,0.6074343297438423,,,,1.0
24,water_dipole,92,1.0,0.0,0.6074343297438423,0.6074343297438423,,,,1.0
24,water_dipole,93,1.0,0.0,0.6074343297438423,0.6074343297438423,,,,1.0
24,water_dipole,94,1.0,0.0,0.6074343297438423,0.6074343297438423,,,,1.0
24,water_dipole,95,1.0,0.0,0.6074343297438423,0.6074343297438423,,,,1.0
24,water_dipole,96,1.0,0.0,0.6074343297438423,0.6074343297438423,,,,1.0
24,water_dipole,97,1.0,0.0,0.6074343297438423,0.6074343297438423,,,,1.0
24,water_dipole,98,1.0,0.0,0.6074343297438423,0.6074343297438423,,,,1.0
24,water_dipole,99,1.0,0.0,0.6074343297438423,0.6074343297438423,,,,1.0
24,water_dipole,100,1.0,0.0,0.6074343297438423,0.6074343297438423,,,,1.0
24,water_dipole,101,1.0,0.0,0.6074343297438423,0.6074343297438423,,,,1.0
24,water_dipole,102,1.0,0.0,0.6074343297438423,0.6074343297438423,,,,1.0
24,water_dipole,103,1.0,0.0,0.6074343297438423,0.6074343297438423,,,,1.0
24,water_dipole,104,1.0,0.0,0.6074343297438423,0.6074343297438423,,,,1.0
24,water_dipole,105,1.0,0.0,0.6074343297438423,0.6074343297438423,,,,1.0
24,water_dipole,106,1.0,0.0,0.6074343297438423,0.6074343297438423,,,,1.0
24,water_dipole,107,1.0,0.0,0.6074343297438423,0.6074343297438423,,,,1.0
24,water_dipole,108,1.0,0.0,0.6074343297438423,0.6074343297438423,,,,1.0
24,water_dipole,109,1.0,0.0,0.6074343297438423,0.6074343297438423,,,,1.0
24,water_dipole,110,1.0,0.0,0.6074343297438423,0.6074343297438423,,,,1.0
24,water_dipole,111,1.0,0.0,0.6074343297438423,0.6074343297438423,,,,1.0
24,water_dipole,112,1.0,0.0,0.6074343297438423,0.6074343297438423,,,,1.0
24,water_dipole,113,1.0,0.0,0.6074343297438423,0.6074343297438423,,,,1.0
24,water_dipole,114,1.0,0.0,0.6074343297438423,0.6074343297438423,,,,1.0
24,water_dipole,115,1.0,0.0,0.6074343297438423,0.6074343297438423,,,,1.0
24,water_dipole,116,1.0,0.0,0.6074343297438423,0.6074343297438423,,,,1.0
24,water_dipole,117,1.0,0.0,0.6074343297438423,0.6074343297438423,,,,1.0
24,water_dipole,118,1.0,0.0,0.6074343297438423,0.6074343297438423,,,,1.0
24,water_dipole,119,1.0,0.0,0.6074343297438423,0.6074343297438423,,,,1.0
24,water_dipole,120,1.0,0.0,0.6074343297438423,0.6074343297438423,,,,1.0
24,water_dipole,121,1.0,0.0,0.6074343297438423,0.6074343297438423,,,,1.0
24,water_dipole,122,1.0,0.0,0.6074343297438423,0.6074343297438423,,,,1.0
24,water_dipole,123,1.0,0.0,0.6074343297438423,0.6074343297438423,,,,1.0
24,water_dipole,124,1.0,0.0,0.6074343297438423,0.6074343297438423,,,,1.0
24,water_dipole,125,1.0,0.0,0.6074343297438423,0.6074343297438423,,,,1.0
24,water_dipole,126,1.0,0.0,0.6074343297438423,0.6074343297438423,,,,1.0
24,water_dipole,127,1.0,0.0,0.6074343297438423,0.6074343297438423,,,,1.0
24,water_dipole,128,1.0,0.0,0.6074343297438423,0.6074343297438423,,,,1.0
24,water_dipole,129,1.0,0.0,0.6074343297438423,0.6074343297438423,,,,1.0
24,water_dipole,130,1.0,0.0,0.6074343297438423,0.6074343297438423,,,,1.0
24,water_dipole,131,1.0,0.0,0.6074343297438423,0.6074343297438423,,,,1.0
24,water_dipole,132,1.0,0.0,0.6074343297438423,0.6074343297438423,,,,1.0
24,water_dipole,133,1.0,0.0,0.6074343297438423,0.6074343297438423,,,,1.0
24,water_dipole,134,1.0,0.0,0.6074343297438423,0.6074343297438423,,,,1.0
24,water_dipole,135,1.0,0.0,0.6074343297438423,0.6074343297438423,,,,1.0
24,water_dipole,136,1.0,0.0,0.6074343297438423,0.6074343297438423,,,,1.0
24,water_dipole,137,1.0,0.0,0.6074343297438423,0.6074343297438423,,,,1.0
24,water_dipole,138,1.0,0.0,0.6074343297438423,0.6074343297438423,,,,1.0
24,water_dipole,139,1.0,0.0,0.6074343297438423,0.6074343297438423,,,,1.0
24,water_dipole,140,1.0,0.0,0.6074343297438423,0.6074343297438423,,,,1.0
24,water_dipole,141,1.0,0.0,0.6074343297438423,0.6074343297438423,,,,1.0
24,water_dipole,142,1.0,0.0,0.6074343297438423,0.6074343297438423,,,,1.0
24,water_dipole,143,1.0,0.0,0.6074343297438423,0.6074343297438423,,,,1.0
24,water_dipole,144,1.0,0.0,0.6074343297438423,0.6074343297438423,,,,1.0
24,water_dipole,145,1.0,0.0,0.6074343297438423,0.6074343297438423,,,,1.0
24,water_dipole,146,1.0,0.0,0.6074343297438423,0.6074343297438423,,,,1.0
24,water_dipole,147,1.0,0.0,0.6074343297438423,0.6074343297438423,,,,1.0
24,water_dipole,148,1.0,0.0,0.6074343297438423,0.6074343297438423,,,,1.0
24,water_dipole,149,1.0,0.0,0.6074343297438423,0.6074343297438423,,,,1.0
24,water_dipole,150,1.0,0.0,0.6074343297438423,0.6074343297438423,,,,1.0
24,water_dipole,151,1.0,0.0,0.6074343297438423,0.6074343297438423,,,,1.0
24,water_dipole,152,1.0,0.0,0.6074343297438423,0.6074343297438423,,,,1.0
24,water_dipole,153,1.0,0.0,0.6074343297438423,0.6074343297438423,,,,1.0
24,water_dipole,154,1.0,0.0,0.6074343297438423,0.6074343297438423,,,,1.0
24,water_dipole,155,1.0,0.0,0.6074343297438423,0.6074343297438423,,,,1.0
24,water_dipole,156,1.0,0.0,0.6074343297438423,0.6074343297438423,,,,1.0
24,water_dipole,157,1.0,0.0,0.6074343297438423,0.6074343297438423,,,,1.0
24,water_dipole,158,1.0,0.0,0.6074343297438423,0.6074343297438423,,,,1.0
24,water_dipole,159,1.0,0.0,0.6074343297438423,0.6074343297438423,,,,1.0
24,water_dipole,160,1.0,0.0,0.6074343297438423,0.6074343297438423,,,,1.0
24,water_dipole,161,1.0,0.0,0.6074343297438423,0.6074343297438423,,,,1.0
24,water_dipole,162,1.0,0.0,0.6074343297438423,0.6074343297438423,,,,1.0
24,water_dipole,163,1.0,0.0,0.6074343297438423,0.6074343297438423,,,,1.0
24,water_dipole,164,1.0,0.0,0.6074343297438423,0.6074343297438423,,,,1.0
24,water_dipole,165,1.0,0.0,0.6074343297438423,0.6074343297438423,,,,1.0
24,water_dipole,166,1.0,0.0,0.6074343297438423,0.6074343297438423,,,,1.0
24,water_dipole,167,1.0,0.0,0.6074343297438423,0.6074343297438423,,,,1.0
24,water_dipole,168,1.0,0.0,0.6074343297438423,0.6074343297438423,,,,1.0
24,water_dipole,169,1.0,0.0,0.6074343297438423,0.6074343297438423,,,,1.0
24,water_dipole,170,1.0,0.0,0.6074343297438423,0.6074343297438423,,,,1.0
24,water_dipole,171,1.0,0.0,0.6074343297438423,0.6074343297438423,,,,1.0
24,water_dipole,172,1.0,0.0,0.6074343297438423,0.6074343297438423,,,,1.0
24,water_dipole,173,1.0,0.0,0.6074343297438423,0.6074343297438423,,,,1.0
24,water_dipole,174,1.0,0.0,0.6074343297438423,0.6074343297438423,,,,1.0
24,water_dipole,175,1.0,0.0,0.6074343297438423,0.6074343297438423,,,,1.0
24,water_dipole,176,1.0,0.0,0.6074343297438423,0.6074343297438423,,,,1.0
24,water_dipole,177,1.0,0.0,0.6074343297438423,0.6074343297438423,,,,1.0
24,water_dipole,178,1.0,0.0,0.6074343297438423,0.6074343297438423,,,,1.0
24,water_dipole,179,1.0,0.0,0.6074343297438423,0.6074343297438423,,,,1.0
24,water_dipole,180,1.0,0.0,0.6074343297438423,0.6074343297438423,,,,1.0
24,water_dipole,181,1.0,0.0,0.6074343297438423,0.6074343297438423,,,,1.0
24,water_dipole,182,1.0,0.0,0.6074343297438423,0.6074343297438423,,,,1.0
24,water_dipole,183,1.0,0.0,0.6074343297438423,0.6074343297438423,,,,1.0
24,water_dipole,184,1.0,0.0,0.6074343297438423,0.6074343297438423,,,,1.0
24,water_dipole,185,1.0,0.0,0.6074343297438423,0.6074343297438423,,,,1.0
24,water_dipole,186,1.0,0.0,0.6074343297438423,0.6074343297438423,,,,1.0
24,water_dipole,187,1.0,0.0,0.6074343297438423,0.6074343297438423,,,,1.0
24,water_dipole,188,1.0,0.0,0.6074343297438423,0.6074343297438423,,,,1.0
24,water_dipole,189,1.0,0.0,0.6074343297438423,0.6074343297438423,,,,1.0
24,water_dipole,190,1.0,0.0,0.6074343297438423,0.6074343297438423,,,,1.0
24,water_dipole,191,1.0,0.0,0.6074343297438423,0.6074343297438423,,,,1.0
24,water_dipole,192,1.0,0.0,0.6074343297438423,0.6074343297438423,,,,1.0
24,water_dipole,193,1.0,0.0,0.6074343297438423,0.6074343297438423,,,,1.0
24,water_dipole,194,1.0,0.0,0.6074343297438423,0.6074343297438423,,,,1.0
24,water_dipole,195,1.0,0.0,0.6074343297438423,0.6074343297438423,,,,1.0
24,water_dipole,196,1.0,0.0,0.6074343297438423,0.6074343297438423,,,,1.0
24,water_dipole,197,1.0,0.0,0.6074343297438423,0.6074343297438423,,,,1.0
24,water_dipole,198,1.0,0.0,0.6074343297438423,0.6074343297438423,,,,1.0
24,water_dipole,199,1.0,0.0,0.6074343297438423,0.6074343297438423,,,,1.0
24,water_dipole,200,1.0,0.0,0.6074343297438423,0.6074343297438423,,,,1.0
24,water_dipole,201,1.0,0.0,0.6074343297438423,0.6074343297438423,,,,1.0
24,water_dipole,202,1.0,0.0,0.6074343297438423,0.6074343297438423,,,,1.0
24,water_dipole,203,1.0,0.0,0.6074343297438423,0.6074343297438423,,,,1.0
24,water_dipole,204,1.0,0.0,0.6074343297438423,0.6074343297438423,,,,1.0
24,water_dipole,205,1.0,0.0,0.6074343297438423,0.6074343297438423,,,,1.0
24,water_dipole,206,1.0,0.0,0.6074343297438423,0.6074343297438423,,,,1.0
24,water_dipole,207,1.0,0.0,0.6074343297438423,0.6074343297438423,,,,1.0
24,water_dipole,208,1.0,0.0,0.6074343297438423,0.6074343297438423,,,,1.0
24,water_dipole,209,1.0,0.0,0.6074343297438423,0.6074343297438423,,,,1.0
24,water_dipole,210,1.0,0.0,0.6074343297438423,0.6074343297438423,,,,1.0
24,water_dipole,211,1.0,0.0,0.6074343297438423,0.6074343297438423,,,,1.0
24,water_dipole,212,1.0,0.0,0.6074343297438423,0.6074343297438423,,,,1.0
24,water_dipole,213,1.0,0.0,0.6074343297438423,0.6074343297438423,,,,1.0
24,water_dipole,214,1.0,0.0,0.6074343297438423,0.6074343297438423,,,,1.0
24,water_dipole,215,1.0,0.0,0.6074343297438423,0.6074343297438423,,,,1.0
24,water_dipole,216,1.0,0.0,0.6074343297438423,0.6074343297438423,,,,1.0
24,water_dipole,217,1.0,0.0,0.6074343297438423,0.6074343297438423,,,,1.0
24,water_dipole,218,1.0,0.0,0.6074343297438423,0.6074343297438423,,,,1.0
24,water_dipole,219,1.0,0.0,0.6074343297438423,0.6074343297438423,,,,1.0
24,water_dipole,220,1.0,0.0,0.6074343297438423,0.6074343297438423,,,,1.0
24,water_dipole,221,1.0,0.0,0.6074343297438423,0.6074343297438423,,,,1.0
24,water_dipole,222,1.0,0.0,0.6074343297438423,0.6074343297438423,,,,1.0
24,water_dipole,223,1.0,0.0,0.6074343297438423,0.6074343297438423,,,,1.0
24,water_dipole,224,1.0,0.0,0.6074343297438423,0.6074343297438423,,,,1.0
24,water_dipole,225,1.0,0.0,0.6074343297438423,0.6074343297438423,,,,1.0
24,water_dipole,226,1.0,0.0,0.6074343297438423,0.6074343297438423,,,,1.0
24,water_dipole,227,1.0,0.0,0.6074343297438423,0.6074343297438423,,,,1.0
24,water_dipole,228,1.0,0.0,0.6074343297438423,0.6074343297438423,,,,1.0
24,water_dipole,229,1.0,0.0,0.6074343297438423,0.6074343297438423,,,,1.0
24,water_dipole,230,1.0,0.0,0.6074343297438423,0.6074343297438423,,,,1.0
24,water_dipole,231,1.0,0.0,0.6074343297438423,0.6074343297438423,,,,1.0
24,water_dipole,232,1.0,0.0,0.6074343297438423,0.6074343297438423,,,,1.0
24,water_dipole,233,1.0,0.0,0.6074343297438423,0.6074343297438423,,,,1.0
24,water_dipole,234,1.0,0.0,0.6074343297438423,0.6074343297438423,,,,1.0
24,water_dipole,235,1.0,0.0,0.6074343297438423,0.6074343297438423,,,,1.0
24,water_dipole,236,1.0,0.0,0.6074343297438423,0.6074343297438423,,,,1.0
24,water_dipole,237,1.0,0.0,0.6074343297438423,0.6074343297438423,,,,1.0
24,water_dipole,238,1.0,0.0,0.6074343297438423,0.6074343297438423,,,,1.0
24,water_dipole,239,1.0,0.0,0.6074343297438423,0.6074343297438423,,,,1.0
24,water_dipole,240,1.0,0.0,0.6074343297438423,0.6074343297438423,,,,1.0
24,water_dipole,241,1.0,0.0,0.6074343297438423,0.6074343297438423,,,,1.0
24,water_dipole,242,1.0,0.0,0.6074343297438423,0.6074343297438423,,,,1.0
24,water_dipole,243,1.0,0.0,0.6074343297438423,0.6074343297438423,,,,1.0
24,water_dipole,244,1.0,0.0,0.6074343297438423,0.6074343297438423,,,,1.0
24,water_dipole,245,1.0,0.0,0.6074343297438423,0.6074343297438423,,,,1.0
24,water_dipole,246,1.0,0.0,0.6074343297438423,0.6074343297438423,,,,1.0
24,water_dipole,247,1.0,0.0,0.6074343297438423,0.6074343297438423,,,,1.0
24,water_dipole,248,1.0,0.0,0.6074343297438423,0.6074343297438423,,,,1.0
24,water_dipole,249,1.0,0.0,0.6074343297438423,0.6074343297438423,,,,1.0
24,acetone_gsolv_eV,0,1.0,0.0,0.6499710442378734,0.6499710442378734,,,,1.0
24,acetone_gsolv_eV,1,1.0,0.0,0.6499710442378734,0.6499710442378734,,,,1.0
24,acetone_gsolv_eV,2,1.0,0.0,0.6499710442378734,0.6499710442378734,,,,1.0
24,acetone_gsolv_eV,3,1.0,0.0,0.6499710442378734,0.6499710442378734,,,,1.0
24,acetone_gsolv_eV,4,1.0,0.0,0.6499710442378734,0.6499710442378734,,,,1.0
24,acetone_gsolv_eV,5,1.0,0.0,0.6499710442378734,0.6499710442378734,,,,1.0
24,acetone_gsolv_eV,6,1.0,0.0,0.6499710442378734,0.6499710442378734,,,,1.0
24,acetone_gsolv_eV,7,1.0,0.0,0.6499710442378734,0.6499710442378734,,,,1.0
24,acetone_gsolv_eV,8,1.0,0.0,0.6499710442378734,0.6499710442378734,,,,1.0
24,acetone_gsolv_eV,9,1.0,0.0,0.6499710442378734,0.6499710442378734,,,,1.0
24,acetone_gsolv_eV,10,1.0,0.0,0.6499710442378734,0.6499710442378734,,,,1.0
24,acetone_gsolv_eV,11,1.0,0.0,0.6499710442378734,0.6499710442378734,,,,1.0
24,acetone_gsolv_eV,12,1.0,0.0,0.6499710442378734,0.6499710442378734,,,,1.0
24,acetone_gsolv_eV,13,1.0,0.0,0.6499710442378734,0.6499710442378734,,,,1.0
24,acetone_gsolv_eV,14,1.0,0.0,0.6499710442378734,0.6499710442378734,,,,1.0
24,acetone_gsolv_eV,15,1.0,0.0,0.6499710442378734,0.6499710442378734,,,,1.0
24,acetone_gsolv_eV,16,1.0,0.0,0.6499710442378734,0.6499710442378734,,,,1.0
24,acetone_gsolv_eV,17,1.0,0.0,0.6499710442378734,0.6499710442378734,,,,1.0
24,acetone_gsolv_eV,18,1.0,0.0,0.6499710442378734,0.6499710442378734,,,,1.0
24,acetone_gsolv_eV,19,1.0,0.0,0.6499710442378734,0.6499710442378734,,,,1.0
24,acetone_gsolv_eV,20,1.0,0.0,0.6499710442378734,0.6499710442378734,,,,1.0
24,acetone_gsolv_eV,21,1.0,0.0,0.6499710442378734,0.6499710442378734,,,,1.0
24,acetone_gsolv_eV,22,1.0,0.0,0.6499710442378734,0.6499710442378734,,,,1.0
24,acetone_gsolv_eV,23,1.0,0.0,0.6499710442378734,0.6499710442378734,,,,1.0
24,acetone_gsolv_eV,24,1.0,0.0,0.6499710442378734,0.6499710442378734,,,,1.0
24,acetone_gsolv_eV,25,1.0,0.0,0.6499710442378734,0.6499710442378734,,,,1.0
24,acetone_gsolv_eV,26,1.0,0.0,0.6499710442378734,0.6499710442378734,,,,1.0
24,acetone_gsolv_eV,27,1.0,0.0,0.6499710442378734,0.6499710442378734,,,,1.0
24,acetone_gsolv_eV,28,1.0,0.0,0.6499710442378734,0.6499710442378734,,,,1.0
24,acetone_gsolv_eV,29,1.0,0.0,0.6499710442378734,0.6499710442378734,,,,1.0
24,acetone_gsolv_eV,30,1.0,0.0,0.6499710442378734,0.6499710442378734,,,,1.0
24,acetone_gsolv_eV,31,1.0,0.0,0.6499710442378734,0.6499710442378734,,,,1.0
24,acetone_gsolv_eV,32,1.0,0.0,0.6499710442378734,0.6499710442378734,,,,1.0
24,acetone_gsolv_eV,33,1.0,0.0,0.6499710442378734,0.6499710442378734,,,,1.0
24,acetone_gsolv_eV,34,1.0,0.0,0.6499710442378734,0.6499710442378734,,,,1.0
24,acetone_gsolv_eV,35,1.0,0.0,0.6499710442378734,0.6499710442378734,,,,1.0
24,acetone_gsolv_eV,36,1.0,0.0,0.6499710442378734,0.6499710442378734,,,,1.0
24,acetone_gsolv_eV,37,1.0,0.0,0.6499710442378734,0.6499710442378734,,,,1.0
24,acetone_gsolv_eV,38,1.0,0.0,0.6499710442378734,0.6499710442378734,,,,1.0
24,acetone_gsolv_eV,39,1.0,0.0,0.6499710442378734,0.6499710442378734,,,,1.0
24,acetone_gsolv_eV,40,1.0,0.0,0.6499710442378734,0.6499710442378734,,,,1.0
24,acetone_gsolv_eV,41,1.0,0.0,0.6499710442378734,0.6499710442378734,,,,1.0
24,acetone_gsolv_eV,42,1.0,0.0,0.6499710442378734,0.6499710442378734,,,,1.0
24,acetone_gsolv_eV,43,1.0,0.0,0.6499710442378734,0.6499710442378734,,,,1.0
24,acetone_gsolv_eV,44,1.0,0.0,0.6499710442378734,0.6499710442378734,,,,1.0
24,acetone_gsolv_eV,45,1.0,0.0,0.6499710442378734,0.6499710442378734,,,,1.0
24,acetone_gsolv_eV,46,1.0,0.0,0.6499710442378734,0.6499710442378734,,,,1.0
24,acetone_gsolv_eV,47,1.0,0.0,0.6499710442378734,0.6499710442378734,,,,1.0
24,acetone_gsolv_eV,48,1.0,0.0,0.6499710442378734,0.6499710442378734,,,,1.0
24,acetone_gsolv_eV,49,1.0,0.0,0.6499710442378734,0.6499710442378734,,,,1.0
24,acetone_gsolv_eV,50,1.0,0.0,0.6499710442378734,0.6499710442378734,,,,1.0
24,acetone_gsolv_eV,51,1.0,0.0,0.6499710442378734,0.6499710442378734,,,,1.0
24,acetone_gsolv_eV,52,1.0,0.0,0.6499710442378734,0.6499710442378734,,,,1.0
24,acetone_gsolv_eV,53,1.0,0.0,0.6499710442378734,0.6499710442378734,,,,1.0
24,acetone_gsolv_eV,54,1.0,0.0,0.6499710442378734,0.6499710442378734,,,,1.0
24,acetone_gsolv_eV,55,1.0,0.0,0.6499710442378734,0.6499710442378734,,,,1.0
24,acetone_gsolv_eV,56,1.0,0.0,0.6499710442378734,0.6499710442378734,,,,1.0
24,acetone_gsolv_eV,57,1.0,0.0,0.6499710442378734,0.6499710442378734,,,,1.0
24,acetone_gsolv_eV,58,1.0,0.0,0.6499710442378734,0.6499710442378734,,,,1.0
24,acetone_gsolv_eV,59,1.0,0.0,0.6499710442378734,0.6499710442378734,,,,1.0
24,acetone_gsolv_eV,60,1.0,0.0,0.6499710442378734,0.6499710442378734,,,,1.0
24,acetone_gsolv_eV,61,1.0,0.0,0.6499710442378734,0.6499710442378734,,,,1.0
24,acetone_gsolv_eV,62,1.0,0.0,0.6499710442378734,0.6499710442378734,,,,1.0
24,acetone_gsolv_eV,63,1.0,0.0,0.6499710442378734,0.6499710442378734,,,,1.0
24,acetone_gsolv_eV,64,1.0,0.0,0.6499710442378734,0.6499710442378734,,,,1.0
24,acetone_gsolv_eV,65,1.0,0.0,0.6499710442378734,0.6499710442378734,,,,1.0
24,acetone_gsolv_eV,66,1.0,0.0,0.6499710442378734,0.6499710442378734,,,,1.0
24,acetone_gsolv_eV,67,1.0,0.0,0.6499710442378734,0.6499710442378734,,,,1.0
24,acetone_gsolv_eV,68,1.0,0.0,0.6499710442378734,0.6499710442378734,,,,1.0
24,acetone_gsolv_eV,69,1.0,0.0,0.6499710442378734,0.6499710442378734,,,,1.0
24,acetone_gsolv_eV,70,1.0,0.0,0.6499710442378734,0.6499710442378734,,,,1.0
24,acetone_gsolv_eV,71,1.0,0.0,0.6499710442378734,0.6499710442378734,,,,1.0
24,acetone_gsolv_eV,72,1.0,0.0,0.6499710442378734,0.6499710442378734,,,,1.0
24,acetone_gsolv_eV,73,1.0,0.0,0.6499710442378734,0.6499710442378734,,,,1.0
24,acetone_gsolv_eV,74,1.0,0.0,0.6499710442378734,0.6499710442378734,,,,1.0
24,acetone_gsolv_eV,75,1.0,0.0,0.6499710442378734,0.6499710442378734,,,,1.0
24,acetone_gsolv_eV,76,1.0,0.0,0.6499710442378734,0.6499710442378734,,,,1.0
24,acetone_gsolv_eV,77,1.0,0.0,0.6499710442378734,0.6499710442378734,,,,1.0
24,acetone_gsolv_eV,78,1.0,0.0,0.6499710442378734,0.6499710442378734,,,,1.0
24,acetone_gsolv_eV,79,1.0,0.0,0.6499710442378734,0.6499710442378734,,,,1.0
24,acetone_gsolv_eV,80,1.0,0.0,0.6499710442378734,0.6499710442378734,,,,1.0
24,acetone_gsolv_eV,81,1.0,0.0,0.6499710442378734,0.6499710442378734,,,,1.0
24,acetone_gsolv_eV,82,1.0,0.0,0.6499710442378734,0.6499710442378734,,,,1.0
24,acetone_gsolv_eV,83,1.0,0.0,0.6499710442378734,0.6499710442378734,,,,1.0
24,acetone_gsolv_eV,84,1.0,0.0,0.6499710442378734,0.6499710442378734,,,,1.0
24,acetone_gsolv_eV,85,1.0,0.0,0.6499710442378734,0.6499710442378734,,,,1.0
24,acetone_gsolv_eV,86,1.0,0.0,0.6499710442378734,0.6499710442378734,,,,1.0
24,acetone_gsolv_eV,87,1.0,0.0,0.6499710442378734,0.6499710442378734,,,,1.0
24,acetone_gsolv_eV,88,1.0,0.0,0.6499710442378734,0.6499710442378734,,,,1.0
24,acetone_gsolv_eV,89,1.0,0.0,0.6499710442378734,0.6499710442378734,,,,1.0
24,acetone_gsolv_eV,90,1.0,0.0,0.6499710442378734,0.6499710442378734,,,,1.0
24,acetone_gsolv_eV,91,1.0,0.0,0.6499710442378734,0.6499710442378734,,,,1.0
24,acetone_gsolv_eV,92,1.0,0.0,0.6499710442378734,0.6499710442378734,,,,1.0
24,acetone_gsolv_eV,93,1.0,0.0,0.6499710442378734,0.6499710442378734,,,,1.0
24,acetone_gsolv_eV,94,1.0,0.0,0.6499710442378734,0.6499710442378734,,,,1.0
24,acetone_gsolv_eV,95,1.0,0.0,0.6499710442378734,0.6499710442378734,,,,1.0
24,acetone_gsolv_eV,96,1.0,0.0,0.6499710442378734,0.6499710442378734,,,,1.0
24,acetone_gsolv_eV,97,1.0,0.0,0.6499710442378734,0.6499710442378734,,,,1.0
24,acetone_gsolv_eV,98,1.0,0.0,0.6499710442378734,0.6499710442378734,,,,1.0
24,acetone_gsolv_eV,99,1.0,0.0,0.6499710442378734,0.6499710442378734,,,,1.0
24,acetone_gsolv_eV,100,1.0,0.0,0.6499710442378734,0.6499710442378734,,,,1.0
24,acetone_gsolv_eV,101,1.0,0.0,0.6499710442378734,0.6499710442378734,,,,1.0
24,acetone_gsolv_eV,102,1.0,0.0,0.6499710442378734,0.6499710442378734,,,,1.0
24,acetone_gsolv_eV,103,1.0,0.0,0.6499710442378734,0.6499710442378734,,,,1.0
24,acetone_gsolv_eV,104,1.0,0.0,0.6499710442378734,0.6499710442378734,,,,1.0
24,acetone_gsolv_eV,105,1.0,0.0,0.6499710442378734,0.6499710442378734,,,,1.0
24,acetone_gsolv_eV,106,1.0,0.0,0.6499710442378734,0.6499710442378734,,,,1.0
24,acetone_gsolv_eV,107,1.0,0.0,0.6499710442378734,0.6499710442378734,,,,1.0
24,acetone_gsolv_eV,108,1.0,0.0,0.6499710442378734,0.6499710442378734,,,,1.0
24,acetone_gsolv_eV,109,1.0,0.0,0.6499710442378734,0.6499710442378734,,,,1.0
24,acetone_gsolv_eV,110,1.0,0.0,0.6499710442378734,0.6499710442378734,,,,1.0
24,acetone_gsolv_eV,111,1.0,0.0,0.6499710442378734,0.6499710442378734,,,,1.0
24,acetone_gsolv_eV,112,1.0,0.0,0.6499710442378734,0.6499710442378734,,,,1.0
24,acetone_gsolv_eV,113,1.0,0.0,0.6499710442378734,0.6499710442378734,,,,1.0
24,acetone_gsolv_eV,114,1.0,0.0,0.6499710442378734,0.6499710442378734,,,,1.0
24,acetone_gsolv_eV,115,1.0,0.0,0.6499710442378734,0.6499710442378734,,,,1.0
24,acetone_gsolv_eV,116,1.0,0.0,0.6499710442378734,0.6499710442378734,,,,1.0
24,acetone_gsolv_eV,117,1.0,0.0,0.6499710442378734,0.6499710442378734,,,,1.0
24,acetone_gsolv_eV,118,1.0,0.0,0.6499710442378734,0.6499710442378734,,,,1.0
24,acetone_gsolv_eV,119,1.0,0.0,0.6499710442378734,0.6499710442378734,,,,1.0
24,acetone_gsolv_eV,120,1.0,0.0,0.6499710442378734,0.6499710442378734,,,,1.0
24,acetone_gsolv_eV,121,1.0,0.0,0.6499710442378734,0.6499710442378734,,,,1.0
24,acetone_gsolv_eV,122,1.0,0.0,0.6499710442378734,0.6499710442378734,,,,1.0
24,acetone_gsolv_eV,123,1.0,0.0,0.6499710442378734,0.6499710442378734,,,,1.0
24,acetone_gsolv_eV,124,1.0,0.0,0.6499710442378734,0.6499710442378734,,,,1.0
24,acetone_gsolv_eV,125,1.0,0.0,0.6499710442378734,0.6499710442378734,,,,1.0
24,acetone_gsolv_eV,126,1.0,0.0,0.6499710442378734,0.6499710442378734,,,,1.0
24,acetone_gsolv_eV,127,1.0,0.0,0.6499710442378734,0.6499710442378734,,,,1.0
24,acetone_gsolv_eV,128,1.0,0.0,0.6499710442378734,0.6499710442378734,,,,1.0
24,acetone_gsolv_eV,129,1.0,0.0,0.6499710442378734,0.6499710442378734,,,,1.0
24,acetone_gsolv_eV,130,1.0,0.0,0.6499710442378734,0.6499710442378734,,,,1.0
24,acetone_gsolv_eV,131,1.0,0.0,0.6499710442378734,0.6499710442378734,,,,1.0
24,acetone_gsolv_eV,132,1.0,0.0,0.6499710442378734,0.6499710442378734,,,,1.0
24,acetone_gsolv_eV,133,1.0,0.0,0.6499710442378734,0.6499710442378734,,,,1.0
24,acetone_gsolv_eV,134,1.0,0.0,0.6499710442378734,0.6499710442378734,,,,1.0
24,acetone_gsolv_eV,135,1.0,0.0,0.6499710442378734,0.6499710442378734,,,,1.0
24,acetone_gsolv_eV,136,1.0,0.0,0.6499710442378734,0.6499710442378734,,,,1.0
24,acetone_gsolv_eV,137,1.0,0.0,0.6499710442378734,0.6499710442378734,,,,1.0
24,acetone_gsolv_eV,138,1.0,0.0,0.6499710442378734,0.6499710442378734,,,,1.0
24,acetone_gsolv_eV,139,1.0,0.0,0.6499710442378734,0.6499710442378734,,,,1.0
24,acetone_gsolv_eV,140,1.0,0.0,0.6499710442378734,0.6499710442378734,,,,1.0
24,acetone_gsolv_eV,141,1.0,0.0,0.6499710442378734,0.6499710442378734,,,,1.0
24,acetone_gsolv_eV,142,1.0,0.0,0.6499710442378734,0.6499710442378734,,,,1.0
24,acetone_gsolv_eV,143,1.0,0.0,0.6499710442378734,0.6499710442378734,,,,1.0
24,acetone_gsolv_eV,144,1.0,0.0,0.6499710442378734,0.6499710442378734,,,,1.0
24,acetone_gsolv_eV,145,1.0,0.0,0.6499710442378734,0.6499710442378734,,,,1.0
24,acetone_gsolv_eV,146,1.0,0.0,0.6499710442378734,0.6499710442378734,,,,1.0
24,acetone_gsolv_eV,147,1.0,0.0,0.6499710442378734,0.6499710442378734,,,,1.0
24,acetone_gsolv_eV,148,1.0,0.0,0.6499710442378734,0.6499710442378734,,,,1.0
24,acetone_gsolv_eV,149,1.0,0.0,0.6499710442378734,0.6499710442378734,,,,1.0
24,acetone_gsolv_eV,150,1.0,0.0,0.6499710442378734,0.6499710442378734,,,,1.0
24,acetone_gsolv_eV,151,1.0,0.0,0.6499710442378734,0.6499710442378734,,,,1.0
24,acetone_gsolv_eV,152,1.0,0.0,0.6499710442378734,0.6499710442378734,,,,1.0
24,acetone_gsolv_eV,153,1.0,0.0,0.6499710442378734,0.6499710442378734,,,,1.0
24,acetone_gsolv_eV,154,1.0,0.0,0.6499710442378734,0.6499710442378734,,,,1.0
24,acetone_gsolv_eV,155,1.0,0.0,0.6499710442378734,0.6499710442378734,,,,1.0
24,acetone_gsolv_eV,156,1.0,0.0,0.6499710442378734,0.6499710442378734,,,,1.0
24,acetone_gsolv_eV,157,1.0,0.0,0.6499710442378734,0.6499710442378734,,,,1.0
24,acetone_gsolv_eV,158,1.0,0.0,0.6499710442378734,0.6499710442378734,,,,1.0
24,acetone_gsolv_eV,159,1.0,0.0,0.6499710442378734,0.6499710442378734,,,,1.0
24,acetone_gsolv_eV,160,1.0,0.0,0.6499710442378734,0.6499710442378734,,,,1.0
24,acetone_gsolv_eV,161,1.0,0.0,0.6499710442378734,0.6499710442378734,,,,1.0
24,acetone_gsolv_eV,162,1.0,0.0,0.6499710442378734,0.6499710442378734,,,,1.0
24,acetone_gsolv_eV,163,1.0,0.0,0.6499710442378734,0.6499710442378734,,,,1.0
24,acetone_gsolv_eV,164,1.0,0.0,0.6499710442378734,0.6499710442378734,,,,1.0
24,acetone_gsolv_eV,165,1.0,0.0,0.6499710442378734,0.6499710442378734,,,,1.0
24,acetone_gsolv_eV,166,1.0,0.0,0.6499710442378734,0.6499710442378734,,,,1.0
24,acetone_gsolv_eV,167,1.0,0.0,0.6499710442378734,0.6499710442378734,,,,1.0
24,acetone_gsolv_eV,168,1.0,0.0,0.6499710442378734,0.6499710442378734,,,,1.0
24,acetone_gsolv_eV,169,1.0,0.0,0.6499710442378734,0.6499710442378734,,,,1.0
24,acetone_gsolv_eV,170,1.0,0.0,0.6499710442378734,0.6499710442378734,,,,1.0
24,acetone_gsolv_eV,171,1.0,0.0,0.6499710442378734,0.6499710442378734,,,,1.0
24,acetone_gsolv_eV,172,1.0,0.0,0.6499710442378734,0.6499710442378734,,,,1.0
24,acetone_gsolv_eV,173,1.0,0.0,0.6499710442378734,0.6499710442378734,,,,1.0
24,acetone_gsolv_eV,174,1.0,0.0,0.6499710442378734,0.6499710442378734,,,,1.0
24,acetone_gsolv_eV,175,1.0,0.0,0.6499710442378734,0.6499710442378734,,,,1.0
24,acetone_gsolv_eV,176,1.0,0.0,0.6499710442378734,0.6499710442378734,,,,1.0
24,acetone_gsolv_eV,177,1.0,0.0,0.6499710442378734,0.6499710442378734,,,,1.0
24,acetone_gsolv_eV,178,1.0,0.0,0.6499710442378734,0.6499710442378734,,,,1.0
24,acetone_gsolv_eV,179,1.0,0.0,0.6499710442378734,0.6499710442378734,,,,1.0
24,acetone_gsolv_eV,180,1.0,0.0,0.6499710442378734,0.6499710442378734,,,,1.0
24,acetone_gsolv_eV,181,1.0,0.0,0.6499710442378734,0.6499710442378734,,,,1.0
24,acetone_gsolv_eV,182,1.0,0.0,0.6499710442378734,0.6499710442378734,,,,1.0
24,acetone_gsolv_eV,183,1.0,0.0,0.6499710442378734,0.6499710442378734,,,,1.0
24,acetone_gsolv_eV,184,1.0,0.0,0.6499710442378734,0.6499710442378734,,,,1.0
24,acetone_gsolv_eV,185,1.0,0.0,0.6499710442378734,0.6499710442378734,,,,1.0
24,acetone_gsolv_eV,186,1.0,0.0,0.6499710442378734,0.6499710442378734,,,,1.0
24,acetone_gsolv_eV,187,1.0,0.0,0.6499710442378734,0.6499710442378734,,,,1.0
24,acetone_gsolv_eV,188,1.0,0.0,0.6499710442378734,0.6499710442378734,,,,1.0
24,acetone_gsolv_eV,189,1.0,0.0,0.6499710442378734,0.6499710442378734,,,,1.0
24,acetone_gsolv_eV,190,1.0,0.0,0.6499710442378734,0.6499710442378734,,,,1.0
24,acetone_gsolv_eV,191,1.0,0.0,0.6499710442378734,0.6499710442378734,,,,1.0
24,acetone_gsolv_eV,192,1.0,0.0,0.6499710442378734,0.6499710442378734,,,,1.0
24,acetone_gsolv_eV,193,1.0,0.0,0.6499710442378734,0.6499710442378734,,,,1.0
24,acetone_gsolv_eV,194,1.0,0.0,0.6499710442378734,0.6499710442378734,,,,1.0
24,acetone_gsolv_eV,195,1.0,0.0,0.6499710442378734,0.6499710442378734,,,,1.0
24,acetone_gsolv_eV,196,1.0,0.0,0.6499710442378734,0.6499710442378734,,,,1.0
24,acetone_gsolv_eV,197,1.0,0.0,0.6499710442378734,0.6499710442378734,,,,1.0
24,acetone_gsolv_eV,198,1.0,0.0,0.6499710442378734,0.6499710442378734,,,,1.0
24,acetone_gsolv_eV,199,1.0,0.0,0.6499710442378734,0.6499710442378734,,,,1.0
24,acetone_gsolv_eV,200,1.0,0.0,0.6499710442378734,0.6499710442378734,,,,1.0
24,acetone_gsolv_eV,201,1.0,0.0,0.6499710442378734,0.6499710442378734,,,,1.0
24,acetone_gsolv_eV,202,1.0,0.0,0.6499710442378734,0.6499710442378734,,,,1.0
24,acetone_gsolv_eV,203,1.0,0.0,0.6499710442378734,0.6499710442378734,,,,1.0
24,acetone_gsolv_eV,204,1.0,0.0,0.6499710442378734,0.6499710442378734,,,,1.0
24,acetone_gsolv_eV,205,1.0,0.0,0.6499710442378734,0.6499710442378734,,,,1.0
24,acetone_gsolv_eV,206,1.0,0.0,0.6499710442378734,0.6499710442378734,,,,1.0
24,acetone_gsolv_eV,207,1.0,0.0,0.6499710442378734,0.6499710442378734,,,,1.0
24,acetone_gsolv_eV,208,1.0,0.0,0.6499710442378734,0.6499710442378734,,,,1.0
24,acetone_gsolv_eV,209,1.0,0.0,0.6499710442378734,0.6499710442378734,,,,1.0
24,acetone_gsolv_eV,210,1.0,0.0,0.6499710442378734,0.6499710442378734,,,,1.0
24,acetone_gsolv_eV,211,1.0,0.0,0.6499710442378734,0.6499710442378734,,,,1.0
24,acetone_gsolv_eV,212,1.0,0.0,0.6499710442378734,0.6499710442378734,,,,1.0
24,acetone_gsolv_eV,213,1.0,0.0,0.6499710442378734,0.6499710442378734,,,,1.0
24,acetone_gsolv_eV,214,1.0,0.0,0.6499710442378734,0.6499710442378734,,,,1.0
24,acetone_gsolv_eV,215,1.0,0.0,0.6499710442378734,0.6499710442378734,,,,1.0
24,acetone_gsolv_eV,216,1.0,0.0,0.6499710442378734,0.6499710442378734,,,,1.0
24,acetone_gsolv_eV,217,1.0,0.0,0.6499710442378734,0.6499710442378734,,,,1.0
24,acetone_gsolv_eV,218,1.0,0.0,0.6499710442378734,0.6499710442378734,,,,1.0
24,acetone_gsolv_eV,219,1.0,0.0,0.6499710442378734,0.6499710442378734,,,,1.0
24,acetone_gsolv_eV,220,1.0,0.0,0.6499710442378734,0.6499710442378734,,,,1.0
24,acetone_gsolv_eV,221,1.0,0.0,0.6499710442378734,0.6499710442378734,,,,1.0
24,acetone_gsolv_eV,222,1.0,0.0,0.6499710442378734,0.6499710442378734,,,,1.0
24,acetone_gsolv_eV,223,1.0,0.0,0.6499710442378734,0.6499710442378734,,,,1.0
24,acetone_gsolv_eV,224,1.0,0.0,0.6499710442378734,0.6499710442378734,,,,1.0
24,acetone_gsolv_eV,225,1.0,0.0,0.6499710442378734,0.6499710442378734,,,,1.0
24,acetone_gsolv_eV,226,1.0,0.0,0.6499710442378734,0.6499710442378734,,,,1.0
24,acetone_gsolv_eV,227,1.0,0.0,0.6499710442378734,0.6499710442378734,,,,1.0
24,acetone_gsolv_eV,228,1.0,0.0,0.6499710442378734,0.6499710442378734,,,,1.0
24,acetone_gsolv_eV,229,1.0,0.0,0.6499710442378734,0.6499710442378734,,,,1.0
24,acetone_gsolv_eV,230,1.0,0.0,0.6499710442378734,0.6499710442378734,,,,1.0
24,acetone_gsolv_eV,231,1.0,0.0,0.6499710442378734,0.6499710442378734,,,,1.0
24,acetone_gsolv_eV,232,1.0,0.0,0.6499710442378734,0.6499710442378734,,,,1.0
24,acetone_gsolv_eV,233,1.0,0.0,0.6499710442378734,0.6499710442378734,,,,1.0
24,acetone_gsolv_eV,234,1.0,0.0,0.6499710442378734,0.6499710442378734,,,,1.0
24,acetone_gsolv_eV,235,1.0,0.0,0.6499710442378734,0.6499710442378734,,,,1.0
24,acetone_gsolv_eV,236,1.0,0.0,0.6499710442378734,0.6499710442378734,,,,1.0
24,acetone_gsolv_eV,237,1.0,0.0,0.6499710442378734,0.6499710442378734,,,,1.0
24,acetone_gsolv_eV,238,1.0,0.0,0.6499710442378734,0.6499710442378734,,,,1.0
24,acetone_gsolv_eV,239,1.0,0.0,0.6499710442378734,0.6499710442378734,,,,1.0
24,acetone_gsolv_eV,240,1.0,0.0,0.6499710442378734,0.6499710442378734,,,,1.0
24,acetone_gsolv_eV,241,1.0,0.0,0.6499710442378734,0.6499710442378734,,,,1.0
24,acetone_gsolv_eV,242,1.0,0.0,0.6499710442378734,0.6499710442378734,,,,1.0
24,acetone_gsolv_eV,243,1.0,0.0,0.6499710442378734,0.6499710442378734,,,,1.0
24,acetone_gsolv_eV,244,1.0,0.0,0.6499710442378734,0.6499710442378734,,,,1.0
24,acetone_gsolv_eV,245,1.0,0.0,0.6499710442378734,0.6499710442378734,,,,1.0
24,acetone_gsolv_eV,246,1.0,0.0,0.6499710442378734,0.6499710442378734,,,,1.0
24,acetone_gsolv_eV,247,1.0,0.0,0.6499710442378734,0.6499710442378734,,,,1.0
24,acetone_gsolv_eV,248,1.0,0.0,0.6499710442378734,0.6499710442378734,,,,1.0
24,acetone_gsolv_eV,249,1.0,0.0,0.6499710442378734,0.6499710442378734,,,,1.0
24,acetone_hl_gap_eV,0,1.0,0.0,0.7099297721126883,0.7099297721126883,,,,1.0
24,acetone_hl_gap_eV,1,1.0,0.0,0.7099297721126883,0.7099297721126883,,,,1.0
24,acetone_hl_gap_eV,2,1.0,0.0,0.7099297721126883,0.7099297721126883,,,,1.0
24,acetone_hl_gap_eV,3,1.0,0.0,0.7099297721126883,0.7099297721126883,,,,1.0
24,acetone_hl_gap_eV,4,1.0,0.0,0.7099297721126883,0.7099297721126883,,,,1.0
24,acetone_hl_gap_eV,5,1.0,0.0,0.7099297721126883,0.7099297721126883,,,,1.0
24,acetone_hl_gap_eV,6,1.0,0.0,0.7099297721126883,0.7099297721126883,,,,1.0
24,acetone_hl_gap_eV,7,1.0,0.0,0.7099297721126883,0.7099297721126883,,,,1.0
24,acetone_hl_gap_eV,8,1.0,0.0,0.7099297721126883,0.7099297721126883,,,,1.0
24,acetone_hl_gap_eV,9,1.0,0.0,0.7099297721126883,0.7099297721126883,,,,1.0
24,acetone_hl_gap_eV,10,1.0,0.0,0.7099297721126883,0.7099297721126883,,,,1.0
24,acetone_hl_gap_eV,11,1.0,0.0,0.7099297721126883,0.7099297721126883,,,,1.0
24,acetone_hl_gap_eV,12,1.0,0.0,0.7099297721126883,0.7099297721126883,,,,1.0
24,acetone_hl_gap_eV,13,1.0,0.0,0.7099297721126883,0.7099297721126883,,,,1.0
24,acetone_hl_gap_eV,14,1.0,0.0,0.7099297721126883,0.7099297721126883,,,,1.0
24,acetone_hl_gap_eV,15,1.0,0.0,0.7099297721126883,0.7099297721126883,,,,1.0
24,acetone_hl_gap_eV,16,1.0,0.0,0.7099297721126883,0.7099297721126883,,,,1.0
24,acetone_hl_gap_eV,17,1.0,0.0,0.7099297721126883,0.7099297721126883,,,,1.0
24,acetone_hl_gap_eV,18,1.0,0.0,0.7099297721126883,0.7099297721126883,,,,1.0
24,acetone_hl_gap_eV,19,1.0,0.0,0.7099297721126883,0.7099297721126883,,,,1.0
24,acetone_hl_gap_eV,20,1.0,0.0,0.7099297721126883,0.7099297721126883,,,,1.0
24,acetone_hl_gap_eV,21,1.0,0.0,0.7099297721126883,0.7099297721126883,,,,1.0
24,acetone_hl_gap_eV,22,1.0,0.0,0.7099297721126883,0.7099297721126883,,,,1.0
24,acetone_hl_gap_eV,23,1.0,0.0,0.7099297721126883,0.7099297721126883,,,,1.0
24,acetone_hl_gap_eV,24,1.0,0.0,0.7099297721126883,0.7099297721126883,,,,1.0
24,acetone_hl_gap_eV,25,1.0,0.0,0.7099297721126883,0.7099297721126883,,,,1.0
24,acetone_hl_gap_eV,26,1.0,0.0,0.7099297721126883,0.7099297721126883,,,,1.0
24,acetone_hl_gap_eV,27,1.0,0.0,0.7099297721126883,0.7099297721126883,,,,1.0
24,acetone_hl_gap_eV,28,1.0,0.0,0.7099297721126883,0.7099297721126883,,,,1.0
24,acetone_hl_gap_eV,29,1.0,0.0,0.7099297721126883,0.7099297721126883,,,,1.0
24,acetone_hl_gap_eV,30,1.0,0.0,0.7099297721126883,0.7099297721126883,,,,1.0
24,acetone_hl_gap_eV,31,1.0,0.0,0.7099297721126883,0.7099297721126883,,,,1.0
24,acetone_hl_gap_eV,32,1.0,0.0,0.7099297721126883,0.7099297721126883,,,,1.0
24,acetone_hl_gap_eV,33,1.0,0.0,0.7099297721126883,0.7099297721126883,,,,1.0
24,acetone_hl_gap_eV,34,1.0,0.0,0.7099297721126883,0.7099297721126883,,,,1.0
24,acetone_hl_gap_eV,35,1.0,0.0,0.7099297721126883,0.7099297721126883,,,,1.0
24,acetone_hl_gap_eV,36,1.0,0.0,0.7099297721126883,0.7099297721126883,,,,1.0
24,acetone_hl_gap_eV,37,1.0,0.0,0.7099297721126883,0.7099297721126883,,,,1.0
24,acetone_hl_gap_eV,38,1.0,0.0,0.7099297721126883,0.7099297721126883,,,,1.0
24,acetone_hl_gap_eV,39,1.0,0.0,0.7099297721126883,0.7099297721126883,,,,1.0
24,acetone_hl_gap_eV,40,1.0,0.0,0.7099297721126883,0.7099297721126883,,,,1.0
24,acetone_hl_gap_eV,41,1.0,0.0,0.7099297721126883,0.7099297721126883,,,,1.0
24,acetone_hl_gap_eV,42,1.0,0.0,0.7099297721126883,0.7099297721126883,,,,1.0
24,acetone_hl_gap_eV,43,1.0,0.0,0.7099297721126883,0.7099297721126883,,,,1.0
24,acetone_hl_gap_eV,44,1.0,0.0,0.7099297721126883,0.7099297721126883,,,,1.0
24,acetone_hl_gap_eV,45,1.0,0.0,0.7099297721126883,0.7099297721126883,,,,1.0
24,acetone_hl_gap_eV,46,1.0,0.0,0.7099297721126883,0.7099297721126883,,,,1.0
24,acetone_hl_gap_eV,47,1.0,0.0,0.7099297721126883,0.7099297721126883,,,,1.0
24,acetone_hl_gap_eV,48,1.0,0.0,0.7099297721126883,0.7099297721126883,,,,1.0
24,acetone_hl_gap_eV,49,1.0,0.0,0.7099297721126883,0.7099297721126883,,,,1.0
24,acetone_hl_gap_eV,50,1.0,0.0,0.7099297721126883,0.7099297721126883,,,,1.0
24,acetone_hl_gap_eV,51,1.0,0.0,0.7099297721126883,0.7099297721126883,,,,1.0
24,acetone_hl_gap_eV,52,1.0,0.0,0.7099297721126883,0.7099297721126883,,,,1.0
24,acetone_hl_gap_eV,53,1.0,0.0,0.7099297721126883,0.7099297721126883,,,,1.0
24,acetone_hl_gap_eV,54,1.0,0.0,0.7099297721126883,0.7099297721126883,,,,1.0
24,acetone_hl_gap_eV,55,1.0,0.0,0.7099297721126883,0.7099297721126883,,,,1.0
24,acetone_hl_gap_eV,56,1.0,0.0,0.7099297721126883,0.7099297721126883,,,,1.0
24,acetone_hl_gap_eV,57,1.0,0.0,0.7099297721126883,0.7099297721126883,,,,1.0
24,acetone_hl_gap_eV,58,1.0,0.0,0.7099297721126883,0.7099297721126883,,,,1.0
24,acetone_hl_gap_eV,59,1.0,0.0,0.7099297721126883,0.7099297721126883,,,,1.0
24,acetone_hl_gap_eV,60,1.0,0.0,0.7099297721126883,0.7099297721126883,,,,1.0
24,acetone_hl_gap_eV,61,1.0,0.0,0.7099297721126883,0.7099297721126883,,,,1.0
24,acetone_hl_gap_eV,62,1.0,0.0,0.7099297721126883,0.7099297721126883,,,,1.0
24,acetone_hl_gap_eV,63,1.0,0.0,0.7099297721126883,0.7099297721126883,,,,1.0
24,acetone_hl_gap_eV,64,1.0,0.0,0.7099297721126883,0.7099297721126883,,,,1.0
24,acetone_hl_gap_eV,65,1.0,0.0,0.7099297721126883,0.7099297721126883,,,,1.0
24,acetone_hl_gap_eV,66,1.0,0.0,0.7099297721126883,0.7099297721126883,,,,1.0
24,acetone_hl_gap_eV,67,1.0,0.0,0.7099297721126883,0.7099297721126883,,,,1.0
24,acetone_hl_gap_eV,68,1.0,0.0,0.7099297721126883,0.7099297721126883,,,,1.0
24,acetone_hl_gap_eV,69,1.0,0.0,0.7099297721126883,0.7099297721126883,,,,1.0
24,acetone_hl_gap_eV,70,1.0,0.0,0.7099297721126883,0.7099297721126883,,,,1.0
24,acetone_hl_gap_eV,71,1.0,0.0,0.7099297721126883,0.7099297721126883,,,,1.0
24,acetone_hl_gap_eV,72,1.0,0.0,0.7099297721126883,0.7099297721126883,,,,1.0
24,acetone_hl_gap_eV,73,1.0,0.0,0.7099297721126883,0.7099297721126883,,,,1.0
24,acetone_hl_gap_eV,74,1.0,0.0,0.7099297721126883,0.7099297721126883,,,,1.0
24,acetone_hl_gap_eV,75,1.0,0.0,0.7099297721126883,0.7099297721126883,,,,1.0
24,acetone_hl_gap_eV,76,1.0,0.0,0.7099297721126883,0.7099297721126883,,,,1.0
24,acetone_hl_gap_eV,77,1.0,0.0,0.7099297721126883,0.7099297721126883,,,,1.0
24,acetone_hl_gap_eV,78,1.0,0.0,0.7099297721126883,0.7099297721126883,,,,1.0
24,acetone_hl_gap_eV,79,1.0,0.0,0.7099297721126883,0.7099297721126883,,,,1.0
24,acetone_hl_gap_eV,80,1.0,0.0,0.7099297721126883,0.7099297721126883,,,,1.0
24,acetone_hl_gap_eV,81,1.0,0.0,0.7099297721126883,0.7099297721126883,,,,1.0
24,acetone_hl_gap_eV,82,1.0,0.0,0.7099297721126883,0.7099297721126883,,,,1.0
24,acetone_hl_gap_eV,83,1.0,0.0,0.7099297721126883,0.7099297721126883,,,,1.0
24,acetone_hl_gap_eV,84,1.0,0.0,0.7099297721126883,0.7099297721126883,,,,1.0
24,acetone_hl_gap_eV,85,1.0,0.0,0.7099297721126883,0.7099297721126883,,,,1.0
24,acetone_hl_gap_eV,86,1.0,0.0,0.7099297721126883,0.7099297721126883,,,,1.0
24,acetone_hl_gap_eV,87,1.0,0.0,0.7099297721126883,0.7099297721126883,,,,1.0
24,acetone_hl_gap_eV,88,1.0,0.0,0.7099297721126883,0.7099297721126883,,,,1.0
24,acetone_hl_gap_eV,89,1.0,0.0,0.7099297721126883,0.7099297721126883,,,,1.0
24,acetone_hl_gap_eV,90,1.0,0.0,0.7099297721126883,0.7099297721126883,,,,1.0
24,acetone_hl_gap_eV,91,1.0,0.0,0.7099297721126883,0.7099297721126883,,,,1.0
24,acetone_hl_gap_eV,92,1.0,0.0,0.7099297721126883,0.7099297721126883,,,,1.0
24,acetone_hl_gap_eV,93,1.0,0.0,0.7099297721126883,0.7099297721126883,,,,1.0
24,acetone_hl_gap_eV,94,1.0,0.0,0.7099297721126883,0.7099297721126883,,,,1.0
24,acetone_hl_gap_eV,95,1.0,0.0,0.7099297721126883,0.7099297721126883,,,,1.0
24,acetone_hl_gap_eV,96,1.0,0.0,0.7099297721126883,0.7099297721126883,,,,1.0
24,acetone_hl_gap_eV,97,1.0,0.0,0.7099297721126883,0.7099297721126883,,,,1.0
24,acetone_hl_gap_eV,98,1.0,0.0,0.7099297721126883,0.7099297721126883,,,,1.0
24,acetone_hl_gap_eV,99,1.0,0.0,0.7099297721126883,0.7099297721126883,,,,1.0
24,acetone_hl_gap_eV,100,1.0,0.0,0.7099297721126883,0.7099297721126883,,,,1.0
24,acetone_hl_gap_eV,101,1.0,0.0,0.7099297721126883,0.7099297721126883,,,,1.0
24,acetone_hl_gap_eV,102,1.0,0.0,0.7099297721126883,0.7099297721126883,,,,1.0
24,acetone_hl_gap_eV,103,1.0,0.0,0.7099297721126883,0.7099297721126883,,,,1.0
24,acetone_hl_gap_eV,104,1.0,0.0,0.7099297721126883,0.7099297721126883,,,,1.0
24,acetone_hl_gap_eV,105,1.0,0.0,0.7099297721126883,0.7099297721126883,,,,1.0
24,acetone_hl_gap_eV,106,1.0,0.0,0.7099297721126883,0.7099297721126883,,,,1.0
24,acetone_hl_gap_eV,107,1.0,0.0,0.7099297721126883,0.7099297721126883,,,,1.0
24,acetone_hl_gap_eV,108,1.0,0.0,0.7099297721126883,0.7099297721126883,,,,1.0
24,acetone_hl_gap_eV,109,1.0,0.0,0.7099297721126883,0.7099297721126883,,,,1.0
24,acetone_hl_gap_eV,110,1.0,0.0,0.7099297721126883,0.7099297721126883,,,,1.0
24,acetone_hl_gap_eV,111,1.0,0.0,0.7099297721126883,0.7099297721126883,,,,1.0
24,acetone_hl_gap_eV,112,1.0,0.0,0.7099297721126883,0.7099297721126883,,,,1.0
24,acetone_hl_gap_eV,113,1.0,0.0,0.7099297721126883,0.7099297721126883,,,,1.0
24,acetone_hl_gap_eV,114,1.0,0.0,0.7099297721126883,0.7099297721126883,,,,1.0
24,acetone_hl_gap_eV,115,1.0,0.0,0.7099297721126883,0.7099297721126883,,,,1.0
24,acetone_hl_gap_eV,116,1.0,0.0,0.7099297721126883,0.7099297721126883,,,,1.0
24,acetone_hl_gap_eV,117,1.0,0.0,0.7099297721126883,0.7099297721126883,,,,1.0
24,acetone_hl_gap_eV,118,1.0,0.0,0.7099297721126883,0.7099297721126883,,,,1.0
24,acetone_hl_gap_eV,119,1.0,0.0,0.7099297721126883,0.7099297721126883,,,,1.0
24,acetone_hl_gap_eV,120,1.0,0.0,0.7099297721126883,0.7099297721126883,,,,1.0
24,acetone_hl_gap_eV,121,1.0,0.0,0.7099297721126883,0.7099297721126883,,,,1.0
24,acetone_hl_gap_eV,122,1.0,0.0,0.7099297721126883,0.7099297721126883,,,,1.0
24,acetone_hl_gap_eV,123,1.0,0.0,0.7099297721126883,0.7099297721126883,,,,1.0
24,acetone_hl_gap_eV,124,1.0,0.0,0.7099297721126883,0.7099297721126883,,,,1.0
24,acetone_hl_gap_eV,125,1.0,0.0,0.7099297721126883,0.7099297721126883,,,,1.0
24,acetone_hl_gap_eV,126,1.0,0.0,0.7099297721126883,0.7099297721126883,,,,1.0
24,acetone_hl_gap_eV,127,1.0,0.0,0.7099297721126883,0.7099297721126883,,,,1.0
24,acetone_hl_gap_eV,128,1.0,0.0,0.7099297721126883,0.7099297721126883,,,,1.0
24,acetone_hl_gap_eV,129,1.0,0.0,0.7099297721126883,0.7099297721126883,,,,1.0
24,acetone_hl_gap_eV,130,1.0,0.0,0.7099297721126883,0.7099297721126883,,,,1.0
24,acetone_hl_gap_eV,131,1.0,0.0,0.7099297721126883,0.7099297721126883,,,,1.0
24,acetone_hl_gap_eV,132,1.0,0.0,0.7099297721126883,0.7099297721126883,,,,1.0
24,acetone_hl_gap_eV,133,1.0,0.0,0.7099297721126883,0.7099297721126883,,,,1.0
24,acetone_hl_gap_eV,134,1.0,0.0,0.7099297721126883,0.7099297721126883,,,,1.0
24,acetone_hl_gap_eV,135,1.0,0.0,0.7099297721126883,0.7099297721126883,,,,1.0
24,acetone_hl_gap_eV,136,1.0,0.0,0.7099297721126883,0.7099297721126883,,,,1.0
24,acetone_hl_gap_eV,137,1.0,0.0,0.7099297721126883,0.7099297721126883,,,,1.0
24,acetone_hl_gap_eV,138,1.0,0.0,0.7099297721126883,0.7099297721126883,,,,1.0
24,acetone_hl_gap_eV,139,1.0,0.0,0.7099297721126883,0.7099297721126883,,,,1.0
24,acetone_hl_gap_eV,140,1.0,0.0,0.7099297721126883,0.7099297721126883,,,,1.0
24,acetone_hl_gap_eV,141,1.0,0.0,0.7099297721126883,0.7099297721126883,,,,1.0
24,acetone_hl_gap_eV,142,1.0,0.0,0.7099297721126883,0.7099297721126883,,,,1.0
24,acetone_hl_gap_eV,143,1.0,0.0,0.7099297721126883,0.7099297721126883,,,,1.0
24,acetone_hl_gap_eV,144,1.0,0.0,0.7099297721126883,0.7099297721126883,,,,1.0
24,acetone_hl_gap_eV,145,1.0,0.0,0.7099297721126883,0.7099297721126883,,,,1.0
24,acetone_hl_gap_eV,146,1.0,0.0,0.7099297721126883,0.7099297721126883,,,,1.0
24,acetone_hl_gap_eV,147,1.0,0.0,0.7099297721126883,0.7099297721126883,,,,1.0
24,acetone_hl_gap_eV,148,1.0,0.0,0.7099297721126883,0.7099297721126883,,,,1.0
24,acetone_hl_gap_eV,149,1.0,0.0,0.7099297721126883,0.7099297721126883,,,,1.0
24,acetone_hl_gap_eV,150,1.0,0.0,0.7099297721126883,0.7099297721126883,,,,1.0
24,acetone_hl_gap_eV,151,1.0,0.0,0.7099297721126883,0.7099297721126883,,,,1.0
24,acetone_hl_gap_eV,152,1.0,0.0,0.7099297721126883,0.7099297721126883,,,,1.0
24,acetone_hl_gap_eV,153,1.0,0.0,0.7099297721126883,0.7099297721126883,,,,1.0
24,acetone_hl_gap_eV,154,1.0,0.0,0.7099297721126883,0.7099297721126883,,,,1.0
24,acetone_hl_gap_eV,155,1.0,0.0,0.7099297721126883,0.7099297721126883,,,,1.0
24,acetone_hl_gap_eV,156,1.0,0.0,0.7099297721126883,0.7099297721126883,,,,1.0
24,acetone_hl_gap_eV,157,1.0,0.0,0.7099297721126883,0.7099297721126883,,,,1.0
24,acetone_hl_gap_eV,158,1.0,0.0,0.7099297721126883,0.7099297721126883,,,,1.0
24,acetone_hl_gap_eV,159,1.0,0.0,0.7099297721126883,0.7099297721126883,,,,1.0
24,acetone_hl_gap_eV,160,1.0,0.0,0.7099297721126883,0.7099297721126883,,,,1.0
24,acetone_hl_gap_eV,161,1.0,0.0,0.7099297721126883,0.7099297721126883,,,,1.0
24,acetone_hl_gap_eV,162,1.0,0.0,0.7099297721126883,0.7099297721126883,,,,1.0
24,acetone_hl_gap_eV,163,1.0,0.0,0.7099297721126883,0.7099297721126883,,,,1.0
24,acetone_hl_gap_eV,164,1.0,0.0,0.7099297721126883,0.7099297721126883,,,,1.0
24,acetone_hl_gap_eV,165,1.0,0.0,0.7099297721126883,0.7099297721126883,,,,1.0
24,acetone_hl_gap_eV,166,1.0,0.0,0.7099297721126883,0.7099297721126883,,,,1.0
24,acetone_hl_gap_eV,167,1.0,0.0,0.7099297721126883,0.7099297721126883,,,,1.0
24,acetone_hl_gap_eV,168,1.0,0.0,0.7099297721126883,0.7099297721126883,,,,1.0
24,acetone_hl_gap_eV,169,1.0,0.0,0.7099297721126883,0.7099297721126883,,,,1.0
24,acetone_hl_gap_eV,170,1.0,0.0,0.7099297721126883,0.7099297721126883,,,,1.0
24,acetone_hl_gap_eV,171,1.0,0.0,0.7099297721126883,0.7099297721126883,,,,1.0
24,acetone_hl_gap_eV,172,1.0,0.0,0.7099297721126883,0.7099297721126883,,,,1.0
24,acetone_hl_gap_eV,173,1.0,0.0,0.7099297721126883,0.7099297721126883,,,,1.0
24,acetone_hl_gap_eV,174,1.0,0.0,0.7099297721126883,0.7099297721126883,,,,1.0
24,acetone_hl_gap_eV,175,1.0,0.0,0.7099297721126883,0.7099297721126883,,,,1.0
24,acetone_hl_gap_eV,176,1.0,0.0,0.7099297721126883,0.7099297721126883,,,,1.0
24,acetone_hl_gap_eV,177,1.0,0.0,0.7099297721126883,0.7099297721126883,,,,1.0
24,acetone_hl_gap_eV,178,1.0,0.0,0.7099297721126883,0.7099297721126883,,,,1.0
24,acetone_hl_gap_eV,179,1.0,0.0,0.7099297721126883,0.7099297721126883,,,,1.0
24,acetone_hl_gap_eV,180,1.0,0.0,0.7099297721126883,0.7099297721126883,,,,1.0
24,acetone_hl_gap_eV,181,1.0,0.0,0.7099297721126883,0.7099297721126883,,,,1.0
24,acetone_hl_gap_eV,182,1.0,0.0,0.7099297721126883,0.7099297721126883,,,,1.0
24,acetone_hl_gap_eV,183,1.0,0.0,0.7099297721126883,0.7099297721126883,,,,1.0
24,acetone_hl_gap_eV,184,1.0,0.0,0.7099297721126883,0.7099297721126883,,,,1.0
24,acetone_hl_gap_eV,185,1.0,0.0,0.7099297721126883,0.7099297721126883,,,,1.0
24,acetone_hl_gap_eV,186,1.0,0.0,0.7099297721126883,0.7099297721126883,,,,1.0
24,acetone_hl_gap_eV,187,1.0,0.0,0.7099297721126883,0.7099297721126883,,,,1.0
24,acetone_hl_gap_eV,188,1.0,0.0,0.7099297721126883,0.7099297721126883,,,,1.0
24,acetone_hl_gap_eV,189,1.0,0.0,0.7099297721126883,0.7099297721126883,,,,1.0
24,acetone_hl_gap_eV,190,1.0,0.0,0.7099297721126883,0.7099297721126883,,,,1.0
24,acetone_hl_gap_eV,191,1.0,0.0,0.7099297721126883,0.7099297721126883,,,,1.0
24,acetone_hl_gap_eV,192,1.0,0.0,0.7099297721126883,0.7099297721126883,,,,1.0
24,acetone_hl_gap_eV,193,1.0,0.0,0.7099297721126883,0.7099297721126883,,,,1.0
24,acetone_hl_gap_eV,194,1.0,0.0,0.7099297721126883,0.7099297721126883,,,,1.0
24,acetone_hl_gap_eV,195,1.0,0.0,0.7099297721126883,0.7099297721126883,,,,1.0
24,acetone_hl_gap_eV,196,1.0,0.0,0.7099297721126883,0.7099297721126883,,,,1.0
24,acetone_hl_gap_eV,197,1.0,0.0,0.7099297721126883,0.7099297721126883,,,,1.0
24,acetone_hl_gap_eV,198,1.0,0.0,0.7099297721126883,0.7099297721126883,,,,1.0
24,acetone_hl_gap_eV,199,1.0,0.0,0.7099297721126883,0.7099297721126883,,,,1.0
24,acetone_hl_gap_eV,200,1.0,0.0,0.7099297721126883,0.7099297721126883,,,,1.0
24,acetone_hl_gap_eV,201,1.0,0.0,0.7099297721126883,0.7099297721126883,,,,1.0
24,acetone_hl_gap_eV,202,1.0,0.0,0.7099297721126883,0.7099297721126883,,,,1.0
24,acetone_hl_gap_eV,203,1.0,0.0,0.7099297721126883,0.7099297721126883,,,,1.0
24,acetone_hl_gap_eV,204,1.0,0.0,0.7099297721126883,0.7099297721126883,,,,1.0
24,acetone_hl_gap_eV,205,1.0,0.0,0.7099297721126883,0.7099297721126883,,,,1.0
24,acetone_hl_gap_eV,206,1.0,0.0,0.7099297721126883,0.7099297721126883,,,,1.0
24,acetone_hl_gap_eV,207,1.0,0.0,0.7099297721126883,0.7099297721126883,,,,1.0
24,acetone_hl_gap_eV,208,1.0,0.0,0.7099297721126883,0.7099297721126883,,,,1.0
24,acetone_hl_gap_eV,209,1.0,0.0,0.7099297721126883,0.7099297721126883,,,,1.0
24,acetone_hl_gap_eV,210,1.0,0.0,0.7099297721126883,0.7099297721126883,,,,1.0
24,acetone_hl_gap_eV,211,1.0,0.0,0.7099297721126883,0.7099297721126883,,,,1.0
24,acetone_hl_gap_eV,212,1.0,0.0,0.7099297721126883,0.7099297721126883,,,,1.0
24,acetone_hl_gap_eV,213,1.0,0.0,0.7099297721126883,0.7099297721126883,,,,1.0
24,acetone_hl_gap_eV,214,1.0,0.0,0.7099297721126883,0.7099297721126883,,,,1.0
24,acetone_hl_gap_eV,215,1.0,0.0,0.7099297721126883,0.7099297721126883,,,,1.0
24,acetone_hl_gap_eV,216,1.0,0.0,0.7099297721126883,0.7099297721126883,,,,1.0
24,acetone_hl_gap_eV,217,1.0,0.0,0.7099297721126883,0.7099297721126883,,,,1.0
24,acetone_hl_gap_eV,218,1.0,0.0,0.7099297721126883,0.7099297721126883,,,,1.0
24,acetone_hl_gap_eV,219,1.0,0.0,0.7099297721126883,0.7099297721126883,,,,1.0
24,acetone_hl_gap_eV,220,1.0,0.0,0.7099297721126883,0.7099297721126883,,,,1.0
24,acetone_hl_gap_eV,221,1.0,0.0,0.7099297721126883,0.7099297721126883,,,,1.0
24,acetone_hl_gap_eV,222,1.0,0.0,0.7099297721126883,0.7099297721126883,,,,1.0
24,acetone_hl_gap_eV,223,1.0,0.0,0.7099297721126883,0.7099297721126883,,,,1.0
24,acetone_hl_gap_eV,224,1.0,0.0,0.7099297721126883,0.7099297721126883,,,,1.0
24,acetone_hl_gap_eV,225,1.0,0.0,0.7099297721126883,0.7099297721126883,,,,1.0
24,acetone_hl_gap_eV,226,1.0,0.0,0.7099297721126883,0.7099297721126883,,,,1.0
24,acetone_hl_gap_eV,227,1.0,0.0,0.7099297721126883,0.7099297721126883,,,,1.0
24,acetone_hl_gap_eV,228,1.0,0.0,0.7099297721126883,0.7099297721126883,,,,1.0
24,acetone_hl_gap_eV,229,1.0,0.0,0.7099297721126883,0.7099297721126883,,,,1.0
24,acetone_hl_gap_eV,230,1.0,0.0,0.7099297721126883,0.7099297721126883,,,,1.0
24,acetone_hl_gap_eV,231,1.0,0.0,0.7099297721126883,0.7099297721126883,,,,1.0
24,acetone_hl_gap_eV,232,1.0,0.0,0.7099297721126883,0.7099297721126883,,,,1.0
24,acetone_hl_gap_eV,233,1.0,0.0,0.7099297721126883,0.7099297721126883,,,,1.0
24,acetone_hl_gap_eV,234,1.0,0.0,0.7099297721126883,0.7099297721126883,,,,1.0
24,acetone_hl_gap_eV,235,1.0,0.0,0.7099297721126883,0.7099297721126883,,,,1.0
24,acetone_hl_gap_eV,236,1.0,0.0,0.7099297721126883,0.7099297721126883,,,,1.0
24,acetone_hl_gap_eV,237,1.0,0.0,0.7099297721126883,0.7099297721126883,,,,1.0
24,acetone_hl_gap_eV,238,1.0,0.0,0.7099297721126883,0.7099297721126883,,,,1.0
24,acetone_hl_gap_eV,239,1.0,0.0,0.7099297721126883,0.7099297721126883,,,,1.0
24,acetone_hl_gap_eV,240,1.0,0.0,0.7099297721126883,0.7099297721126883,,,,1.0
24,acetone_hl_gap_eV,241,1.0,0.0,0.7099297721126883,0.7099297721126883,,,,1.0
24,acetone_hl_gap_eV,242,1.0,0.0,0.7099297721126883,0.7099297721126883,,,,1.0
24,acetone_hl_gap_eV,243,1.0,0.0,0.7099297721126883,0.7099297721126883,,,,1.0
24,acetone_hl_gap_eV,244,1.0,0.0,0.7099297721126883,0.7099297721126883,,,,1.0
24,acetone_hl_gap_eV,245,1.0,0.0,0.7099297721126883,0.7099297721126883,,,,1.0
24,acetone_hl_gap_eV,246,1.0,0.0,0.7099297721126883,0.7099297721126883,,,,1.0
24,acetone_hl_gap_eV,247,1.0,0.0,0.7099297721126883,0.7099297721126883,,,,1.0
24,acetone_hl_gap_eV,248,1.0,0.0,0.7099297721126883,0.7099297721126883,,,,1.0
24,acetone_hl_gap_eV,249,1.0,0.0,0.7099297721126883,0.7099297721126883,,,,1.0
24,acetone_dipole,0,1.0,0.0,0.6227605304328832,0.6227605304328832,,,,1.0
24,acetone_dipole,1,1.0,0.0,0.6227605304328832,0.6227605304328832,,,,1.0
24,acetone_dipole,2,1.0,0.0,0.6227605304328832,0.6227605304328832,,,,1.0
24,acetone_dipole,3,1.0,0.0,0.6227605304328832,0.6227605304328832,,,,1.0
24,acetone_dipole,4,1.0,0.0,0.6227605304328832,0.6227605304328832,,,,1.0
24,acetone_dipole,5,1.0,0.0,0.6227605304328832,0.6227605304328832,,,,1.0
24,acetone_dipole,6,1.0,0.0,0.6227605304328832,0.6227605304328832,,,,1.0
24,acetone_dipole,7,1.0,0.0,0.6227605304328832,0.6227605304328832,,,,1.0
24,acetone_dipole,8,1.0,0.0,0.6227605304328832,0.6227605304328832,,,,1.0
24,acetone_dipole,9,1.0,0.0,0.6227605304328832,0.6227605304328832,,,,1.0
24,acetone_dipole,10,1.0,0.0,0.6227605304328832,0.6227605304328832,,,,1.0
24,acetone_dipole,11,1.0,0.0,0.6227605304328832,0.6227605304328832,,,,1.0
24,acetone_dipole,12,1.0,0.0,0.6227605304328832,0.6227605304328832,,,,1.0
24,acetone_dipole,13,1.0,0.0,0.6227605304328832,0.6227605304328832,,,,1.0
24,acetone_dipole,14,1.0,0.0,0.6227605304328832,0.6227605304328832,,,,1.0
24,acetone_dipole,15,1.0,0.0,0.6227605304328832,0.6227605304328832,,,,1.0
24,acetone_dipole,16,1.0,0.0,0.6227605304328832,0.6227605304328832,,,,1.0
24,acetone_dipole,17,1.0,0.0,0.6227605304328832,0.6227605304328832,,,,1.0
24,acetone_dipole,18,1.0,0.0,0.6227605304328832,0.6227605304328832,,,,1.0
24,acetone_dipole,19,1.0,0.0,0.6227605304328832,0.6227605304328832,,,,1.0
24,acetone_dipole,20,1.0,0.0,0.6227605304328832,0.6227605304328832,,,,1.0
24,acetone_dipole,21,1.0,0.0,0.6227605304328832,0.6227605304328832,,,,1.0
24,acetone_dipole,22,1.0,0.0,0.6227605304328832,0.6227605304328832,,,,1.0
24,acetone_dipole,23,1.0,0.0,0.6227605304328832,0.6227605304328832,,,,1.0
24,acetone_dipole,24,1.0,0.0,0.6227605304328832,0.6227605304328832,,,,1.0
24,acetone_dipole,25,1.0,0.0,0.6227605304328832,0.6227605304328832,,,,1.0
24,acetone_dipole,26,1.0,0.0,0.6227605304328832,0.6227605304328832,,,,1.0
24,acetone_dipole,27,1.0,0.0,0.6227605304328832,0.6227605304328832,,,,1.0
24,acetone_dipole,28,1.0,0.0,0.6227605304328832,0.6227605304328832,,,,1.0
24,acetone_dipole,29,1.0,0.0,0.6227605304328832,0.6227605304328832,,,,1.0
24,acetone_dipole,30,1.0,0.0,0.6227605304328832,0.6227605304328832,,,,1.0
24,acetone_dipole,31,1.0,0.0,0.6227605304328832,0.6227605304328832,,,,1.0
24,acetone_dipole,32,1.0,0.0,0.6227605304328832,0.6227605304328832,,,,1.0
24,acetone_dipole,33,1.0,0.0,0.6227605304328832,0.6227605304328832,,,,1.0
24,acetone_dipole,34,1.0,0.0,0.6227605304328832,0.6227605304328832,,,,1.0
24,acetone_dipole,35,1.0,0.0,0.6227605304328832,0.6227605304328832,,,,1.0
24,acetone_dipole,36,1.0,0.0,0.6227605304328832,0.6227605304328832,,,,1.0
24,acetone_dipole,37,1.0,0.0,0.6227605304328832,0.6227605304328832,,,,1.0
24,acetone_dipole,38,1.0,0.0,0.6227605304328832,0.6227605304328832,,,,1.0
24,acetone_dipole,39,1.0,0.0,0.6227605304328832,0.6227605304328832,,,,1.0
24,acetone_dipole,40,1.0,0.0,0.6227605304328832,0.6227605304328832,,,,1.0
24,acetone_dipole,41,1.0,0.0,0.6227605304328832,0.6227605304328832,,,,1.0
24,acetone_dipole,42,1.0,0.0,0.6227605304328832,0.6227605304328832,,,,1.0
24,acetone_dipole,43,1.0,0.0,0.6227605304328832,0.6227605304328832,,,,1.0
24,acetone_dipole,44,1.0,0.0,0.6227605304328832,0.6227605304328832,,,,1.0
24,acetone_dipole,45,1.0,0.0,0.6227605304328832,0.6227605304328832,,,,1.0
24,acetone_dipole,46,1.0,0.0,0.6227605304328832,0.6227605304328832,,,,1.0
24,acetone_dipole,47,1.0,0.0,0.6227605304328832,0.6227605304328832,,,,1.0
24,acetone_dipole,48,1.0,0.0,0.6227605304328832,0.6227605304328832,,,,1.0
24,acetone_dipole,49,1.0,0.0,0.6227605304328832,0.6227605304328832,,,,1.0
24,acetone_dipole,50,1.0,0.0,0.6227605304328832,0.6227605304328832,,,,1.0
24,acetone_dipole,51,1.0,0.0,0.6227605304328832,0.6227605304328832,,,,1.0
24,acetone_dipole,52,1.0,0.0,0.6227605304328832,0.6227605304328832,,,,1.0
24,acetone_dipole,53,1.0,0.0,0.6227605304328832,0.6227605304328832,,,,1.0
24,acetone_dipole,54,1.0,0.0,0.6227605304328832,0.6227605304328832,,,,1.0
24,acetone_dipole,55,1.0,0.0,0.6227605304328832,0.6227605304328832,,,,1.0
24,acetone_dipole,56,1.0,0.0,0.6227605304328832,0.6227605304328832,,,,1.0
24,acetone_dipole,57,1.0,0.0,0.6227605304328832,0.6227605304328832,,,,1.0
24,acetone_dipole,58,1.0,0.0,0.6227605304328832,0.6227605304328832,,,,1.0
24,acetone_dipole,59,1.0,0.0,0.6227605304328832,0.6227605304328832,,,,1.0
24,acetone_dipole,60,1.0,0.0,0.6227605304328832,0.6227605304328832,,,,1.0
24,acetone_dipole,61,1.0,0.0,0.6227605304328832,0.6227605304328832,,,,1.0
24,acetone_dipole,62,1.0,0.0,0.6227605304328832,0.6227605304328832,,,,1.0
24,acetone_dipole,63,1.0,0.0,0.6227605304328832,0.6227605304328832,,,,1.0
24,acetone_dipole,64,1.0,0.0,0.6227605304328832,0.6227605304328832,,,,1.0
24,acetone_dipole,65,1.0,0.0,0.6227605304328832,0.6227605304328832,,,,1.0
24,acetone_dipole,66,1.0,0.0,0.6227605304328832,0.6227605304328832,,,,1.0
24,acetone_dipole,67,1.0,0.0,0.6227605304328832,0.6227605304328832,,,,1.0
24,acetone_dipole,68,1.0,0.0,0.6227605304328832,0.6227605304328832,,,,1.0
24,acetone_dipole,69,1.0,0.0,0.6227605304328832,0.6227605304328832,,,,1.0
24,acetone_dipole,70,1.0,0.0,0.6227605304328832,0.6227605304328832,,,,1.0
24,acetone_dipole,71,1.0,0.0,0.6227605304328832,0.6227605304328832,,,,1.0
24,acetone_dipole,72,1.0,0.0,0.6227605304328832,0.6227605304328832,,,,1.0
24,acetone_dipole,73,1.0,0.0,0.6227605304328832,0.6227605304328832,,,,1.0
24,acetone_dipole,74,1.0,0.0,0.6227605304328832,0.6227605304328832,,,,1.0
24,acetone_dipole,75,1.0,0.0,0.6227605304328832,0.6227605304328832,,,,1.0
24,acetone_dipole,76,1.0,0.0,0.6227605304328832,0.6227605304328832,,,,1.0
24,acetone_dipole,77,1.0,0.0,0.6227605304328832,0.6227605304328832,,,,1.0
24,acetone_dipole,78,1.0,0.0,0.6227605304328832,0.6227605304328832,,,,1.0
24,acetone_dipole,79,1.0,0.0,0.6227605304328832,0.6227605304328832,,,,1.0
24,acetone_dipole,80,1.0,0.0,0.6227605304328832,0.6227605304328832,,,,1.0
24,acetone_dipole,81,1.0,0.0,0.6227605304328832,0.6227605304328832,,,,1.0
24,acetone_dipole,82,1.0,0.0,0.6227605304328832,0.6227605304328832,,,,1.0
24,acetone_dipole,83,1.0,0.0,0.6227605304328832,0.6227605304328832,,,,1.0
24,acetone_dipole,84,1.0,0.0,0.6227605304328832,0.6227605304328832,,,,1.0
24,acetone_dipole,85,1.0,0.0,0.6227605304328832,0.6227605304328832,,,,1.0
24,acetone_dipole,86,1.0,0.0,0.6227605304328832,0.6227605304328832,,,,1.0
24,acetone_dipole,87,1.0,0.0,0.6227605304328832,0.6227605304328832,,,,1.0
24,acetone_dipole,88,1.0,0.0,0.6227605304328832,0.6227605304328832,,,,1.0
24,acetone_dipole,89,1.0,0.0,0.6227605304328832,0.6227605304328832,,,,1.0
24,acetone_dipole,90,1.0,0.0,0.6227605304328832,0.6227605304328832,,,,1.0
24,acetone_dipole,91,1.0,0.0,0.6227605304328832,0.6227605304328832,,,,1.0
24,acetone_dipole,92,1.0,0.0,0.6227605304328832,0.6227605304328832,,,,1.0
24,acetone_dipole,93,1.0,0.0,0.6227605304328832,0.6227605304328832,,,,1.0
24,acetone_dipole,94,1.0,0.0,0.6227605304328832,0.6227605304328832,,,,1.0
24,acetone_dipole,95,1.0,0.0,0.6227605304328832,0.6227605304328832,,,,1.0
24,acetone_dipole,96,1.0,0.0,0.6227605304328832,0.6227605304328832,,,,1.0
24,acetone_dipole,97,1.0,0.0,0.6227605304328832,0.6227605304328832,,,,1.0
24,acetone_dipole,98,1.0,0.0,0.6227605304328832,0.6227605304328832,,,,1.0
24,acetone_dipole,99,1.0,0.0,0.6227605304328832,0.6227605304328832,,,,1.0
24,acetone_dipole,100,1.0,0.0,0.6227605304328832,0.6227605304328832,,,,1.0
24,acetone_dipole,101,1.0,0.0,0.6227605304328832,0.6227605304328832,,,,1.0
24,acetone_dipole,102,1.0,0.0,0.6227605304328832,0.6227605304328832,,,,1.0
24,acetone_dipole,103,1.0,0.0,0.6227605304328832,0.6227605304328832,,,,1.0
24,acetone_dipole,104,1.0,0.0,0.6227605304328832,0.6227605304328832,,,,1.0
24,acetone_dipole,105,1.0,0.0,0.6227605304328832,0.6227605304328832,,,,1.0
24,acetone_dipole,106,1.0,0.0,0.6227605304328832,0.6227605304328832,,,,1.0
24,acetone_dipole,107,1.0,0.0,0.6227605304328832,0.6227605304328832,,,,1.0
24,acetone_dipole,108,1.0,0.0,0.6227605304328832,0.6227605304328832,,,,1.0
24,acetone_dipole,109,1.0,0.0,0.6227605304328832,0.6227605304328832,,,,1.0
24,acetone_dipole,110,1.0,0.0,0.6227605304328832,0.6227605304328832,,,,1.0
24,acetone_dipole,111,1.0,0.0,0.6227605304328832,0.6227605304328832,,,,1.0
24,acetone_dipole,112,1.0,0.0,0.6227605304328832,0.6227605304328832,,,,1.0
24,acetone_dipole,113,1.0,0.0,0.6227605304328832,0.6227605304328832,,,,1.0
24,acetone_dipole,114,1.0,0.0,0.6227605304328832,0.6227605304328832,,,,1.0
24,acetone_dipole,115,1.0,0.0,0.6227605304328832,0.6227605304328832,,,,1.0
24,acetone_dipole,116,1.0,0.0,0.6227605304328832,0.6227605304328832,,,,1.0
24,acetone_dipole,117,1.0,0.0,0.6227605304328832,0.6227605304328832,,,,1.0
24,acetone_dipole,118,1.0,0.0,0.6227605304328832,0.6227605304328832,,,,1.0
24,acetone_dipole,119,1.0,0.0,0.6227605304328832,0.6227605304328832,,,,1.0
24,acetone_dipole,120,1.0,0.0,0.6227605304328832,0.6227605304328832,,,,1.0
24,acetone_dipole,121,1.0,0.0,0.6227605304328832,0.6227605304328832,,,,1.0
24,acetone_dipole,122,1.0,0.0,0.6227605304328832,0.6227605304328832,,,,1.0
24,acetone_dipole,123,1.0,0.0,0.6227605304328832,0.6227605304328832,,,,1.0
24,acetone_dipole,124,1.0,0.0,0.6227605304328832,0.6227605304328832,,,,1.0
24,acetone_dipole,125,1.0,0.0,0.6227605304328832,0.6227605304328832,,,,1.0
24,acetone_dipole,126,1.0,0.0,0.6227605304328832,0.6227605304328832,,,,1.0
24,acetone_dipole,127,1.0,0.0,0.6227605304328832,0.6227605304328832,,,,1.0
24,acetone_dipole,128,1.0,0.0,0.6227605304328832,0.6227605304328832,,,,1.0
24,acetone_dipole,129,1.0,0.0,0.6227605304328832,0.6227605304328832,,,,1.0
24,acetone_dipole,130,1.0,0.0,0.6227605304328832,0.6227605304328832,,,,1.0
24,acetone_dipole,131,1.0,0.0,0.6227605304328832,0.6227605304328832,,,,1.0
24,acetone_dipole,132,1.0,0.0,0.6227605304328832,0.6227605304328832,,,,1.0
24,acetone_dipole,133,1.0,0.0,0.6227605304328832,0.6227605304328832,,,,1.0
24,acetone_dipole,134,1.0,0.0,0.6227605304328832,0.6227605304328832,,,,1.0
24,acetone_dipole,135,1.0,0.0,0.6227605304328832,0.6227605304328832,,,,1.0
24,acetone_dipole,136,1.0,0.0,0.6227605304328832,0.6227605304328832,,,,1.0
24,acetone_dipole,137,1.0,0.0,0.6227605304328832,0.6227605304328832,,,,1.0
24,acetone_dipole,138,1.0,0.0,0.6227605304328832,0.6227605304328832,,,,1.0
24,acetone_dipole,139,1.0,0.0,0.6227605304328832,0.6227605304328832,,,,1.0
24,acetone_dipole,140,1.0,0.0,0.6227605304328832,0.6227605304328832,,,,1.0
24,acetone_dipole,141,1.0,0.0,0.6227605304328832,0.6227605304328832,,,,1.0
24,acetone_dipole,142,1.0,0.0,0.6227605304328832,0.6227605304328832,,,,1.0
24,acetone_dipole,143,1.0,0.0,0.6227605304328832,0.6227605304328832,,,,1.0
24,acetone_dipole,144,1.0,0.0,0.6227605304328832,0.6227605304328832,,,,1.0
24,acetone_dipole,145,1.0,0.0,0.6227605304328832,0.6227605304328832,,,,1.0
24,acetone_dipole,146,1.0,0.0,0.6227605304328832,0.6227605304328832,,,,1.0
24,acetone_dipole,147,1.0,0.0,0.6227605304328832,0.6227605304328832,,,,1.0
24,acetone_dipole,148,1.0,0.0,0.6227605304328832,0.6227605304328832,,,,1.0
24,acetone_dipole,149,1.0,0.0,0.6227605304328832,0.6227605304328832,,,,1.0
24,acetone_dipole,150,1.0,0.0,0.6227605304328832,0.6227605304328832,,,,1.0
24,acetone_dipole,151,1.0,0.0,0.6227605304328832,0.6227605304328832,,,,1.0
24,acetone_dipole,152,1.0,0.0,0.6227605304328832,0.6227605304328832,,,,1.0
24,acetone_dipole,153,1.0,0.0,0.6227605304328832,0.6227605304328832,,,,1.0
24,acetone_dipole,154,1.0,0.0,0.6227605304328832,0.6227605304328832,,,,1.0
24,acetone_dipole,155,1.0,0.0,0.6227605304328832,0.6227605304328832,,,,1.0
24,acetone_dipole,156,1.0,0.0,0.6227605304328832,0.6227605304328832,,,,1.0
24,acetone_dipole,157,1.0,0.0,0.6227605304328832,0.6227605304328832,,,,1.0
24,acetone_dipole,158,1.0,0.0,0.6227605304328832,0.6227605304328832,,,,1.0
24,acetone_dipole,159,1.0,0.0,0.6227605304328832,0.6227605304328832,,,,1.0
24,acetone_dipole,160,1.0,0.0,0.6227605304328832,0.6227605304328832,,,,1.0
24,acetone_dipole,161,1.0,0.0,0.6227605304328832,0.6227605304328832,,,,1.0
24,acetone_dipole,162,1.0,0.0,0.6227605304328832,0.6227605304328832,,,,1.0
24,acetone_dipole,163,1.0,0.0,0.6227605304328832,0.6227605304328832,,,,1.0
24,acetone_dipole,164,1.0,0.0,0.6227605304328832,0.6227605304328832,,,,1.0
24,acetone_dipole,165,1.0,0.0,0.6227605304328832,0.6227605304328832,,,,1.0
24,acetone_dipole,166,1.0,0.0,0.6227605304328832,0.6227605304328832,,,,1.0
24,acetone_dipole,167,1.0,0.0,0.6227605304328832,0.6227605304328832,,,,1.0
24,acetone_dipole,168,1.0,0.0,0.6227605304328832,0.6227605304328832,,,,1.0
24,acetone_dipole,169,1.0,0.0,0.6227605304328832,0.6227605304328832,,,,1.0
24,acetone_dipole,170,1.0,0.0,0.6227605304328832,0.6227605304328832,,,,1.0
24,acetone_dipole,171,1.0,0.0,0.6227605304328832,0.6227605304328832,,,,1.0
24,acetone_dipole,172,1.0,0.0,0.6227605304328832,0.6227605304328832,,,,1.0
24,acetone_dipole,173,1.0,0.0,0.6227605304328832,0.6227605304328832,,,,1.0
24,acetone_dipole,174,1.0,0.0,0.6227605304328832,0.6227605304328832,,,,1.0
24,acetone_dipole,175,1.0,0.0,0.6227605304328832,0.6227605304328832,,,,1.0
24,acetone_dipole,176,1.0,0.0,0.6227605304328832,0.6227605304328832,,,,1.0
24,acetone_dipole,177,1.0,0.0,0.6227605304328832,0.6227605304328832,,,,1.0
24,acetone_dipole,178,1.0,0.0,0.6227605304328832,0.6227605304328832,,,,1.0
24,acetone_dipole,179,1.0,0.0,0.6227605304328832,0.6227605304328832,,,,1.0
24,acetone_dipole,180,1.0,0.0,0.6227605304328832,0.6227605304328832,,,,1.0
24,acetone_dipole,181,1.0,0.0,0.6227605304328832,0.6227605304328832,,,,1.0
24,acetone_dipole,182,1.0,0.0,0.6227605304328832,0.6227605304328832,,,,1.0
24,acetone_dipole,183,1.0,0.0,0.6227605304328832,0.6227605304328832,,,,1.0
24,acetone_dipole,184,1.0,0.0,0.6227605304328832,0.6227605304328832,,,,1.0
24,acetone_dipole,185,1.0,0.0,0.6227605304328832,0.6227605304328832,,,,1.0
24,acetone_dipole,186,1.0,0.0,0.6227605304328832,0.6227605304328832,,,,1.0
24,acetone_dipole,187,1.0,0.0,0.6227605304328832,0.6227605304328832,,,,1.0
24,acetone_dipole,188,1.0,0.0,0.6227605304328832,0.6227605304328832,,,,1.0
24,acetone_dipole,189,1.0,0.0,0.6227605304328832,0.6227605304328832,,,,1.0
24,acetone_dipole,190,1.0,0.0,0.6227605304328832,0.6227605304328832,,,,1.0
24,acetone_dipole,191,1.0,0.0,0.6227605304328832,0.6227605304328832,,,,1.0
24,acetone_dipole,192,1.0,0.0,0.6227605304328832,0.6227605304328832,,,,1.0
24,acetone_dipole,193,1.0,0.0,0.6227605304328832,0.6227605304328832,,,,1.0
24,acetone_dipole,194,1.0,0.0,0.6227605304328832,0.6227605304328832,,,,1.0
24,acetone_dipole,195,1.0,0.0,0.6227605304328832,0.6227605304328832,,,,1.0
24,acetone_dipole,196,1.0,0.0,0.6227605304328832,0.6227605304328832,,,,1.0
24,acetone_dipole,197,1.0,0.0,0.6227605304328832,0.6227605304328832,,,,1.0
24,acetone_dipole,198,1.0,0.0,0.6227605304328832,0.6227605304328832,,,,1.0
24,acetone_dipole,199,1.0,0.0,0.6227605304328832,0.6227605304328832,,,,1.0
24,acetone_dipole,200,1.0,0.0,0.6227605304328832,0.6227605304328832,,,,1.0
24,acetone_dipole,201,1.0,0.0,0.6227605304328832,0.6227605304328832,,,,1.0
24,acetone_dipole,202,1.0,0.0,0.6227605304328832,0.6227605304328832,,,,1.0
24,acetone_dipole,203,1.0,0.0,0.6227605304328832,0.6227605304328832,,,,1.0
24,acetone_dipole,204,1.0,0.0,0.6227605304328832,0.6227605304328832,,,,1.0
24,acetone_dipole,205,1.0,0.0,0.6227605304328832,0.6227605304328832,,,,1.0
24,acetone_dipole,206,1.0,0.0,0.6227605304328832,0.6227605304328832,,,,1.0
24,acetone_dipole,207,1.0,0.0,0.6227605304328832,0.6227605304328832,,,,1.0
24,acetone_dipole,208,1.0,0.0,0.6227605304328832,0.6227605304328832,,,,1.0
24,acetone_dipole,209,1.0,0.0,0.6227605304328832,0.6227605304328832,,,,1.0
24,acetone_dipole,210,1.0,0.0,0.6227605304328832,0.6227605304328832,,,,1.0
24,acetone_dipole,211,1.0,0.0,0.6227605304328832,0.6227605304328832,,,,1.0
24,acetone_dipole,212,1.0,0.0,0.6227605304328832,0.6227605304328832,,,,1.0
24,acetone_dipole,213,1.0,0.0,0.6227605304328832,0.6227605304328832,,,,1.0
24,acetone_dipole,214,1.0,0.0,0.6227605304328832,0.6227605304328832,,,,1.0
24,acetone_dipole,215,1.0,0.0,0.6227605304328832,0.6227605304328832,,,,1.0
24,acetone_dipole,216,1.0,0.0,0.6227605304328832,0.6227605304328832,,,,1.0
24,acetone_dipole,217,1.0,0.0,0.6227605304328832,0.6227605304328832,,,,1.0
24,acetone_dipole,218,1.0,0.0,0.6227605304328832,0.6227605304328832,,,,1.0
24,acetone_dipole,219,1.0,0.0,0.6227605304328832,0.6227605304328832,,,,1.0
24,acetone_dipole,220,1.0,0.0,0.6227605304328832,0.6227605304328832,,,,1.0
24,acetone_dipole,221,1.0,0.0,0.6227605304328832,0.6227605304328832,,,,1.0
24,acetone_dipole,222,1.0,0.0,0.6227605304328832,0.6227605304328832,,,,1.0
24,acetone_dipole,223,1.0,0.0,0.6227605304328832,0.6227605304328832,,,,1.0
24,acetone_dipole,224,1.0,0.0,0.6227605304328832,0.6227605304328832,,,,1.0
24,acetone_dipole,225,1.0,0.0,0.6227605304328832,0.6227605304328832,,,,1.0
24,acetone_dipole,226,1.0,0.0,0.6227605304328832,0.6227605304328832,,,,1.0
24,acetone_dipole,227,1.0,0.0,0.6227605304328832,0.6227605304328832,,,,1.0
24,acetone_dipole,228,1.0,0.0,0.6227605304328832,0.6227605304328832,,,,1.0
24,acetone_dipole,229,1.0,0.0,0.6227605304328832,0.6227605304328832,,,,1.0
24,acetone_dipole,230,1.0,0.0,0.6227605304328832,0.6227605304328832,,,,1.0
24,acetone_dipole,231,1.0,0.0,0.6227605304328832,0.6227605304328832,,,,1.0
24,acetone_dipole,232,1.0,0.0,0.6227605304328832,0.6227605304328832,,,,1.0
24,acetone_dipole,233,1.0,0.0,0.6227605304328832,0.6227605304328832,,,,1.0
24,acetone_dipole,234,1.0,0.0,0.6227605304328832,0.6227605304328832,,,,1.0
24,acetone_dipole,235,1.0,0.0,0.6227605304328832,0.6227605304328832,,,,1.0
24,acetone_dipole,236,1.0,0.0,0.6227605304328832,0.6227605304328832,,,,1.0
24,acetone_dipole,237,1.0,0.0,0.6227605304328832,0.6227605304328832,,,,1.0
24,acetone_dipole,238,1.0,0.0,0.6227605304328832,0.6227605304328832,,,,1.0
24,acetone_dipole,239,1.0,0.0,0.6227605304328832,0.6227605304328832,,,,1.0
24,acetone_dipole,240,1.0,0.0,0.6227605304328832,0.6227605304328832,,,,1.0
24,acetone_dipole,241,1.0,0.0,0.6227605304328832,0.6227605304328832,,,,1.0
24,acetone_dipole,242,1.0,0.0,0.6227605304328832,0.6227605304328832,,,,1.0
24,acetone_dipole,243,1.0,0.0,0.6227605304328832,0.6227605304328832,,,,1.0
24,acetone_dipole,244,1.0,0.0,0.6227605304328832,0.6227605304328832,,,,1.0
24,acetone_dipole,245,1.0,0.0,0.6227605304328832,0.6227605304328832,,,,1.0
24,acetone_dipole,246,1.0,0.0,0.6227605304328832,0.6227605304328832,,,,1.0
24,acetone_dipole,247,1.0,0.0,0.6227605304328832,0.6227605304328832,,,,1.0
24,acetone_dipole,248,1.0,0.0,0.6227605304328832,0.6227605304328832,,,,1.0
24,acetone_dipole,249,1.0,0.0,0.6227605304328832,0.6227605304328832,,,,1.0
24,octanol_gsolv_eV,0,0.3317665755748749,0.046484366059303284,0.6461431678215697,0.9274315222158658,10.587220191955566,0.5020231604576111,0.047417844472438644,0.32
24,octanol_gsolv_eV,1,0.04705796018242836,0.03324450924992561,0.6387157849176506,0.9713892051638193,6.827856063842773,0.019550062716007233,0.002863279854350693,0.04
24,octanol_gsolv_eV,2,0.47494572401046753,0.0297529436647892,0.6508935172189685,0.9445565924400972,6.154882907867432,2.235710382461548,0.3632417408954715,0.36
24,octanol_gsolv_eV,3,0.13443560898303986,0.04631374403834343,0.6399271584783321,0.9573995061193232,10.031550407409668,0.09125849604606628,0.009097147732882789,0.12
24,octanol_gsolv_eV,4,0.05690960958600044,0.04018177464604378,0.6517158065753927,0.9671226296638391,8.991236686706543,0.004418216645717621,0.0004913914291957091,0.04
24,octanol_gsolv_eV,5,0.3252352476119995,0.03974207490682602,0.6527537051002625,0.9153790226328857,9.084175109863281,0.899797260761261,0.09905106956649178,0.28
24,octanol_gsolv_eV,6,0.26118603348731995,0.04105905070900917,0.6507003257702904,0.9412361255443482,9.276823997497559,0.24726712703704834,0.026654286758458403,0.32
24,octanol_gsolv_eV,7,0.3097330927848816,0.04408174008131027,0.64699236662294,0.8966621270562403,9.828027725219727,0.7786340713500977,0.07922587248630189,0.34
24,octanol_gsolv_eV,8,0.11955902725458145,0.029266124591231346,0.6396950226797002,0.930163078276321,6.052244186401367,0.5557892322540283,0.09183192467726549,0.06
24,octanol_gsolv_eV,9,0.03261728584766388,0.040620241314172745,0.6520613142748619,0.9617529288265596,9.15716552734375,0.0272000003606081,0.0029703515000780046,0.06
24,octanol_gsolv_eV,10,0.19169482588768005,0.036669716238975525,0.638396402471556,0.9445945529665689,7.541264057159424,0.3424757719039917,0.0454135764651891,0.18
24,octanol_gsolv_eV,11,0.40513089299201965,0.045638758689165115,0.6494458678919766,0.9370990854140038,10.410259246826172,1.0005594491958618,0.09611282730551667,0.26
24,octanol_gsolv_eV,12,0.04021213576197624,0.045164838433265686,0.6400832441640638,0.9531717821147441,9.415753364562988,0.019195547327399254,0.0020386629284113765,0.02
24,octanol_gsolv_eV,13,0.17977863550186157,0.04455507546663284,0.6534571591517089,0.9360257801263974,10.087532043457031,0.23306052386760712,0.02310381992974929,0.06
24,octanol_gsolv_eV,14,0.12276198714971542,0.04533353075385094,0.6381986435082263,0.9818175301553793,9.29826545715332,0.04505204036831856,0.004845209095816814,0.14
24,octanol_gsolv_eV,15,0.39657941460609436,0.04453472048044205,0.6544409010761318,0.9235835828950072,10.320240020751953,1.0332123041152954,0.10011514286854867,0.3
24,octanol_gsolv_eV,16,0.09828947484493256,0.0417432077229023,0.6452096654317592,0.9699668046628731,9.239940643310547,0.009422066621482372,0.0010197107303176974,0.04
24,octanol_gsolv_eV,17,0.290468692779541,0.046942103654146194,0.6461499061820086,0.9203568373663837,10.32181453704834,0.5921893119812012,0.05737259760438842,0.3
24,octanol_gsolv_eV,18,0.2132961004972458,0.04646972194314003,0.6382043905776829,0.9406333938965128,9.973289489746094,0.836158037185669,0.08383974395262003,0.14
24,octanol_gsolv_eV,19,0.11894425004720688,0.04539090394973755,0.6519430554674539,0.9707286611260921,10.17329216003418,0.006456261500716209,0.0006346285351048562,0.14
24,octanol_gsolv_eV,20,0.05534486845135689,0.04338665306568146,0.6525009723297528,0.9598858399529087,9.788644790649414,0.034222476184368134,0.0034961403663415283,0.04
24,octanol_gsolv_eV,21,0.2848157286643982,0.0405111163854599,0.6459416436589815,0.9131375197798799,9.111067771911621,0.6141066551208496,0.06740227056745973,0.26
24,octanol_gsolv_eV,22,0.1954059600830078,0.037525076419115067,0.6452230463687907,0.9567944726792386,8.254197120666504,0.10652387142181396,0.01290541888745352,0.08
24,octanol_gsolv_eV,23,0.1522493064403534,0.028901616111397743,0.6510361354167835,0.9421742281117584,6.490396976470947,0.14928331971168518,0.02300064545402517,0.04
24,octanol_gsolv_eV,24,0.47815248370170593,0.03634629026055336,0.6443855892276977,0.9049027496100333,7.595480442047119,2.222012758255005,0.29254406949090006,0.44
24,octanol_gsolv_eV,25,0.48709842562675476,0.01921912096440792,0.6508850510792346,0.9101180948386003,4.079751491546631,1.4219132661819458,0.3485293820293205,0.24
24,octanol_gsolv_eV,26,0.085587278008461,0.04435382038354874,0.648645462061129,0.9621573211917154,9.928372383117676,0.025047896429896355,0.0025228602900197517,0.04
24,octanol_gsolv_eV,27,0.15594057738780975,0.05322292819619179,0.6448162948633989,0.9591747545654388,11.706995964050293,0.06343463063240051,0.005418523319491596,0.12
24,octanol_gsolv_eV,28,0.2576372027397156,0.04100409150123596,0.6379128409006323,0.9111280393827494,8.516399383544922,0.8887191414833069,0.10435385912037637,0.2
24,octanol_gsolv_eV,29,0.27601611614227295,0.057486046105623245,0.6468360164655633,0.9259865583141069,13.131058692932129,1.1175434589385986,0.0851068817124489,0.32
24,octanol_gsolv_eV,30,0.22297918796539307,0.04812353104352951,0.6387597259874098,0.9708760119386954,9.91248607635498,0.08923017233610153,0.009001795477821569,0.16
24,octanol_gsolv_eV,31,0.1805879920721054,0.040491461753845215,0.651722948689923,0.9456289229694801,9.134763717651367,0.11557167023420334,0.0126518510830095,0.14
24,octanol_gsolv_eV,32,0.11899077147245407,0.040693409740924835,0.6523846313092008,0.9667589408211181,9.16919994354248,0.011443769559264183,0.0012480663121893852,0.1
24,octanol_gsolv_eV,33,0.06273192167282104,0.03757397457957268,0.6511769922888271,0.9725270740291225,8.433083534240723,0.021229565143585205,0.0025174143072800264,0.04
24,octanol_gsolv_eV,34,0.3013507127761841,0.040850404649972916,0.6469039364651263,0.9048889017136326,9.26832389831543,0.6378197073936462,0.06881715770740096,0.24
24,octanol_gsolv_eV,35,0.11962349712848663,0.044657450169324875,0.6532691648040594,0.9642976785072168,10.09781551361084,0.007036835886538029,0.0006968671468648919,0.12
24,octanol_gsolv_eV,36,0.09247850626707077,0.04291078448295593,0.6510669236313631,0.9367506458591202,9.590669631958008,0.0296862181276083,0.0030953227737808785,0.04
24,octanol_gsolv_eV,37,0.2873580753803253,0.04387981444597244,0.6510859516846117,0.9216159348344408,10.057887077331543,0.5138674974441528,0.05109099888408043,0.36
24,octanol_gsolv_eV,38,0.28928178548812866,0.04487623646855354,0.6389376954878219,0.9433656604455856,9.297933578491211,0.38607749342918396,0.04152293519522359,0.26
24,octanol_gsolv_eV,39,0.16374509036540985,0.043683987110853195,0.6382721303443963,0.960162921588628,9.436267852783203,0.05001054331660271,0.005299822355281302,0.12
24,octanol_gsolv_eV,40,0.1573515236377716,0.04292137548327446,0.6525778273777254,0.9740469870127826,9.652010917663574,0.014223179779946804,0.001473597564411972,0.14
24,octanol_gsolv_eV,41,0.26207324862480164,0.043307285755872726,0.6502061635448508,0.8933492812674799,9.833370208740234,0.6673045754432678,0.06786122776605572,0.18
24,octanol_gsolv_eV,42,0.1546686291694641,0.043036043643951416,0.6518219426480087,0.9690765019776737,9.691192626953125,0.007253073621541262,0.0007484190956404094,0.16
24,octanol_gsolv_eV,43,0.10968062281608582,0.04549165815114975,0.6535878967911175,0.9741232569514142,10.295917510986328,0.011099614202976227,0.001078059744664068,0.04
24,octanol_gsolv_eV,44,0.14355604350566864,0.04668905586004257,0.6395302260683153,0.9462948352625786,10.100654602050781,0.06718846410512924,0.006651892055737424,0.12
24,octanol_gsolv_eV,45,0.20288102328777313,0.04545796662569046,0.642664170207387,0.9568419377814821,9.718899726867676,0.17192918062210083,0.017690189780105104,0.16
24,octanol_gsolv_eV,46,0.31505507230758667,0.04655693471431732,0.6425039770912946,0.9060197478781793,10.011751174926758,0.8176590204238892,0.0816699302786928,0.34
24,octanol_gsolv_eV,47,0.2159946709871292,0.04234412685036659,0.651123499724138,0.9461104957072921,9.604257583618164,0.11314811557531357,0.011781037169214265,0.22
24,octanol_gsolv_eV,48,0.18774022161960602,0.03963228315114975,0.652176137787225,0.9060233678873926,8.927849769592285,0.1449003964662552,0.01623015621967309,0.18
24,octanol_gsolv_eV,49,0.27667737007141113,0.041697777807712555,0.6496924051908026,0.908485678917029,9.36291790008545,0.47127798199653625,0.050334520394783686,0.18
24,octanol_gsolv_eV,50,0.0948387086391449,0.04176536947488785,0.6392860557167008,0.952711411946005,8.628988265991211,0.07384806126356125,0.008558136711648238,0.08
24,octanol_gsolv_eV,51,0.18812943994998932,0.04303101450204849,0.6469829374535092,0.9450583313493401,9.59129524230957,0.14920343458652496,0.015556129888312873,0.14
24,octanol_gsolv_eV,52,0.34339067339897156,0.02953372150659561,0.639692561185728,0.913372459663971,6.0766215324401855,0.9078434109687805,0.14939936708617402,0.28
24,octanol_gsolv_eV,53,0.25448518991470337,0.04272045940160751,0.650949799739281,0.9317268643315206,9.60462474822998,0.39215773344039917,0.04083009422233484,0.24
24,octanol_gsolv_eV,54,0.17862436175346375,0.04040786623954773,0.6518829061254829,0.9349878632610058,9.058724403381348,0.1179296225309372,0.013018347537642014,0.14
24,octanol_gsolv_eV,55,0.17651134729385376,0.03038303554058075,0.65302760948067,0.9362711437059759,6.849402904510498,0.15901434421539307,0.023215796534713742,0.1
24,octanol_gsolv_eV,56,0.1304427683353424,0.04345957934856415,0.6449262786891046,0.9644318245273302,9.381322860717773,0.03513863682746887,0.0037455950881516067,0.12
24,octanol_gsolv_eV,57,0.30874428153038025,0.03949529305100441,0.6522067046071731,0.9111488114672501,8.92213249206543,1.7945231199264526,0.20113163770234815,0.18
24,octanol_gsolv_eV,58,0.20033004879951477,0.035089168697595596,0.6527533238301708,0.939583320363911,7.831791400909424,0.15774980187416077,0.02014223742678373,0.14
24,octanol_gsolv_eV,59,0.14986203610897064,0.041540808975696564,0.6390064480217819,0.9591680847909629,8.560586929321289,0.05644534155726433,0.006593629855440239,0.14
24,octanol_gsolv_eV,60,0.13696984946727753,0.05445374920964241,0.6458367898278878,0.96923912835107,12.04065990447998,0.010016212239861488,0.000831865721590122,0.12
24,octanol_gsolv_eV,61,0.3102943003177643,0.03984520211815834,0.6485803531311654,0.9205383889094554,9.011292457580566,0.9536502957344055,0.1058283592751633,0.26
24,octanol_gsolv_eV,62,0.24465113878250122,0.026447955518960953,0.6397463345663201,0.9478698323502326,5.415538311004639,0.4366507828235626,0.08062924823858542,0.12
24,octanol_gsolv_eV,63,0.32308194041252136,0.040181923657655716,0.6474587941637802,0.9121606603906347,9.190450668334961,1.5773037672042847,0.17162420256917016,0.26
24,octanol_gsolv_eV,64,0.21094660460948944,0.038260508328676224,0.6534405348998749,0.9545902695175366,8.654698371887207,0.11023300886154175,0.012736782279970412,0.3
24,octanol_gsolv_eV,65,0.20259808003902435,0.0399177186191082,0.638354277481062,0.9710853352013389,8.197059631347656,0.16829700767993927,0.02053138750343213,0.22
24,octanol_gsolv_eV,66,0.11509217321872711,0.04322916641831398,0.6453884265382681,0.970601410680942,9.524834632873535,0.02293349988758564,0.0024077583256337186,0.1
24,octanol_gsolv_eV,67,0.12318266183137894,0.043752409517765045,0.6540550513609633,0.9605254256008724,9.858007431030273,0.011438579298555851,0.0011603338076770337,0.12
24,octanol_gsolv_eV,68,0.23887518048286438,0.042974039912223816,0.6517810723565383,0.9307186472826987,9.803118705749512,0.2820848226547241,0.028775008354155893,0.2
24,octanol_gsolv_eV,69,0.05428316816687584,0.03853362426161766,0.6539487023036172,0.9483446568706577,8.687152862548828,0.028786245733499527,0.0033136570967456863,0.04
24,octanol_gsolv_eV,70,0.31447452306747437,0.043414920568466187,0.652423880126364,0.9064983866791803,9.829737663269043,0.7233784794807434,0.07359082248794947,0.28
24,octanol_gsolv_eV,71,0.2102498859167099,0.04765105992555618,0.6384606620235345,0.9624215907486606,9.811371803283691,0.1350364089012146,0.013763254681268966,0.16
24,octanol_gsolv_eV,72,0.09894715249538422,0.026804672554135323,0.6496719501723529,0.9497990986400662,5.937184810638428,0.0560169443488121,0.009434933581390165,0.12
24,octanol_gsolv_eV,73,0.22058920562267303,0.04175538569688797,0.6534235678461966,0.9272987690813825,9.46619987487793,0.19331122934818268,0.02042120723239805,0.16
24,octanol_gsolv_eV,74,0.1270306408405304,0.04271077364683151,0.6462781152240937,0.9422845164409799,9.504303932189941,0.035642944276332855,0.0037501898645743497,0.1
24,octanol_gsolv_eV,75,0.34611764550209045,0.05464785546064377,0.6424674113014202,0.9321970632487162,12.350064277648926,1.1559215784072876,0.0935964018016706,0.3
24,octanol_gsolv_eV,76,0.06341985613107681,0.04533621668815613,0.6415959707728085,0.9523775765948357,9.959531784057617,0.010278924368321896,0.0010320690360942002,0.04
24,octanol_gsolv_eV,77,0.24499107897281647,0.037931110709905624,0.6533565422739218,0.934766949640006,8.623544692993164,0.43223366141319275,0.050122504932848894,0.18
24,octanol_gsolv_eV,78,0.19294095039367676,0.04183470830321312,0.6511890678235703,0.9071371125986025,9.4839506149292,0.41500404477119446,0.04375856239887143,0.18
24,octanol_gsolv_eV,79,0.21117369830608368,0.040327731519937515,0.649806796104279,0.9162637583433133,8.929275512695312,0.3696160614490509,0.04139373467909513,0.14
24,octanol_gsolv_eV,80,0.2926439344882965,0.042922910302877426,0.6523832947646588,0.9113933245530159,9.78653621673584,0.8264233469963074,0.08444492808222082,0.3
24,octanol_gsolv_eV,81,0.1644744575023651,0.04931240156292915,0.6417518600909313,0.9486715987761596,10.72793197631836,0.06786514818668365,0.006326023350678795,0.14
24,octanol_gsolv_eV,82,0.1768658310174942,0.0414000004529953,0.6500333657241015,0.959207662280354,9.206003189086914,0.10591493546962738,0.011504985746168574,0.18
24,octanol_gsolv_eV,83,0.023881802335381508,0.03226529806852341,0.6535130682382044,0.9617696048062012,7.239483833312988,0.011106949299573898,0.0015342183994478307,0.02
24,octanol_gsolv_eV,84,0.20365221798419952,0.037835508584976196,0.651255179733875,0.9209533748018086,8.481132507324219,0.29662036895751953,0.0349741462831009,0.14
24,octanol_gsolv_eV,85,0.2537987530231476,0.047310665249824524,0.6415499625357997,0.9078759785937058,10.43818187713623,0.6144953370094299,0.05886995879573809,0.28
24,octanol_gsolv_eV,86,0.25759246945381165,0.033540356904268265,0.6515673970584488,0.9304628548642548,7.438248157501221,0.5912574529647827,0.07948880441270566,0.14
24,octanol_gsolv_eV,87,0.12627999484539032,0.04029244929552078,0.6517725664017342,0.9431351350913155,9.069053649902344,0.05060745030641556,0.005580234968282551,0.12
24,octanol_gsolv_eV,88,0.05745704844594002,0.04608359932899475,0.6497639608210029,0.9684262092947564,10.344589233398438,0.007152718957513571,0.0006914454306624736,0.04
24,octanol_gsolv_eV,89,0.17790943384170532,0.04104273021221161,0.6530982445870332,0.9731044729658163,9.231758117675781,0.01695225201547146,0.0018362972468931426,0.14
24,octanol_gsolv_eV,90,0.0452115572988987,0.026903381571173668,0.6377849828127107,0.9522695782431532,5.447160243988037,0.0107553880661726,0.001974494522727358,0.02
24,octanol_gsolv_eV,91,0.06133493781089783,0.03561587631702423,0.6497825527489818,0.9525560198523921,7.943038463592529,0.025306010618805885,0.003185935802123803,0.06
24,octanol_gsolv_eV,92,0.13332585990428925,0.042989786714315414,0.6531589871630235,0.9617044618300699,9.717568397521973,0.015848789364099503,0.0016309418895514049,0.1
24,octanol_gsolv_eV,93,0.29596880078315735,0.03746718913316727,0.6499292222069704,0.9121482382145303,8.515037536621094,0.633384644985199,0.07438424578413971,0.22
24,octanol_gsolv_eV,94,0.10750101506710052,0.04229581356048584,0.6514723513606091,0.9639626872081961,9.535369873046875,0.00935413595288992,0.000980993509159069,0.12
24,octanol_gsolv_eV,95,0.351665198802948,0.03725423663854599,0.6564121957354982,0.9177044112925401,8.544234275817871,0.9539754390716553,0.11165136725845907,0.28
24,octanol_gsolv_eV,96,0.14364299178123474,0.033136919140815735,0.6385903311209113,0.9704606804435674,6.789438724517822,0.0307649876922369,0.004531300589125178,0.14
24,octanol_gsolv_eV,97,0.1649322360754013,0.04223889485001564,0.6490044499881016,0.9756439496177378,9.344694137573242,0.01573411002755165,0.0016837479960192362,0.16
24,octanol_gsolv_eV,98,0.14461977779865265,0.04532565549015999,0.6384972203030803,0.9623295231799207,9.318954467773438,0.04540567845106125,0.004872400504593296,0.1
24,octanol_gsolv_eV,99,0.08661581575870514,0.046376630663871765,0.6515404150356499,0.958256993758547,10.278684616088867,0.006300315726548433,0.0006129496099809083,0.04
24,octanol_gsolv_eV,100,0.1690319925546646,0.045520249754190445,0.6543641897836794,0.9691347122712264,10.256138801574707,0.027138618752360344,0.0026460853618901427,0.14
24,octanol_gsolv_eV,101,0.2343800663948059,0.047713372856378555,0.6393412946821115,0.9399221017229338,9.919512748718262,0.3554551303386688,0.035833930490648196,0.2
24,octanol_gsolv_eV,102,0.07118429988622665,0.04468575865030289,0.6431350218907106,0.9659982449234832,9.76004695892334,0.013573228381574154,0.0013906929381281847,0.14
24,octanol_gsolv_eV,103,0.2961443066596985,0.07229340076446533,0.6261138291592796,0.9213572374203429,15.035979270935059,0.8906930685043335,0.05923744988303266,0.24
24,octanol_gsolv_eV,104,0.38375353813171387,0.03181774914264679,0.6550803962658656,0.9166331983169396,7.275820255279541,1.1673401594161987,0.16044103873637391,0.36
24,octanol_gsolv_eV,105,0.18877284228801727,0.04507137089967728,0.6477507058841003,0.9553654034766215,10.066092491149902,0.059452123939991,0.00590617699889617,0.14
24,octanol_gsolv_eV,106,0.4461328685283661,0.04395722970366478,0.6534557496554247,0.9203887769333725,9.896717071533203,1.7844319343566895,0.18030544083041514,0.28
24,octanol_gsolv_eV,107,0.04374122619628906,0.039958320558071136,0.6388071537756375,0.9662698921415995,8.221203804016113,0.03559551760554314,0.004329720860119596,0.04
24,octanol_gsolv_eV,108,0.20663467049598694,0.03845643997192383,0.6388702883919788,0.9524185949339976,7.913222312927246,0.30502378940582275,0.03854609125634294,0.18
24,octanol_gsolv_eV,109,0.27534517645835876,0.06329454481601715,0.628530106645691,0.9289387864177134,13.140807151794434,0.6662063598632812,0.05069752201426287,0.28
24,octanol_gsolv_eV,110,0.14150600135326385,0.040167149156332016,0.6459670396288404,0.9308260278654159,8.701190948486328,0.11793085187673569,0.013553414995133638,0.14
24,octanol_gsolv_eV,111,0.314567506313324,0.041925378143787384,0.6549314080832642,0.9384189770185658,9.555639266967773,0.37646687030792236,0.039397350589541885,0.28
24,octanol_gsolv_eV,112,0.04211626946926117,0.03518221154808998,0.6400277020363974,0.9618591734816275,7.328662872314453,0.018416516482830048,0.002512943602905008,0.04
24,octanol_gsolv_eV,113,0.23897480964660645,0.042878638952970505,0.6495972554963658,0.9159382986622431,9.701277732849121,0.42545050382614136,0.043855099868498754,0.2
24,octanol_gsolv_eV,114,0.1354445070028305,0.043430112302303314,0.646176252822612,0.9686005071197119,9.667929649353027,0.018540821969509125,0.0019177655032636555,0.12
24,octanol_gsolv_eV,115,0.13298602402210236,0.04226471483707428,0.6509464520944135,0.9661184036345696,9.499223709106445,0.007143831346184015,0.0007520437000905211,0.16
24,octanol_gsolv_eV,116,0.2575047016143799,0.040612176060676575,0.6538924103152475,0.9414362893259951,9.227120399475098,0.3833692669868469,0.04154809413873646,0.24
24,octanol_gsolv_eV,117,0.3267483115196228,0.046278249472379684,0.6451084329574204,0.9166733945686592,10.110066413879395,0.9684242606163025,0.09578812056929926,0.24
24,octanol_gsolv_eV,118,0.1549583226442337,0.04580996185541153,0.6505333563967817,0.9735366122481515,10.285128593444824,0.009107217192649841,0.0008854743146774345,0.18
24,octanol_gsolv_eV,119,0.11333903670310974,0.04544207453727722,0.6504753148936246,0.9635547381371987,10.234697341918945,0.005544467829167843,0.0005417324659380976,0.12
24,octanol_gsolv_eV,120,0.393730491399765,0.0513199158012867,0.6409695906485127,0.9108064352784386,11.356184959411621,1.493774652481079,0.13153842226240683,0.26
24,octanol_gsolv_eV,121,0.10439682751893997,0.039710648357868195,0.6340164975563534,0.9568922736512755,8.319879531860352,0.07562759518623352,0.009089986807696356,0.06
24,octanol_gsolv_eV,122,0.040746528655290604,0.04594314470887184,0.6532864846308266,0.9751815365965599,10.338382720947266,0.004994411487132311,0.0004830940797938164,0.06
24,octanol_gsolv_eV,123,0.06972435861825943,0.04168936237692833,0.6538405336162825,0.9666449087507698,9.390608787536621,0.00811309926211834,0.0008639588173331409,0.08
24,octanol_gsolv_eV,124,0.3256668150424957,0.04159632325172424,0.6482316508905486,0.9050793603697067,9.17646598815918,0.5064682364463806,0.055192079074874806,0.26
24,octanol_gsolv_eV,125,0.03303774073719978,0.026795146986842155,0.6516643240730933,0.9689528174832382,5.904546737670898,0.017081433907151222,0.002892928901412871,0.04
24,octanol_gsolv_eV,126,0.30820024013519287,0.041295766830444336,0.6537807270493534,0.9239150846213731,9.456724166870117,0.5603581666946411,0.05925499748187139,0.24
24,octanol_gsolv_eV,127,0.3576691150665283,0.03934372961521149,0.638952161248638,0.9107217334148952,8.205183982849121,1.2838889360427856,0.15647290039156142,0.3
24,octanol_gsolv_eV,128,0.32123732566833496,0.041354790329933167,0.6541056125550113,0.932016820549797,9.467915534973145,0.6873064041137695,0.07259321247374426,0.32
24,octanol_gsolv_eV,129,0.15425890684127808,0.04203227162361145,0.6529378576524325,0.9712085337494918,9.49166202545166,0.01658625714480877,0.001747455514148431,0.16
24,octanol_gsolv_eV,130,0.359298974275589,0.04365476965904236,0.6488750506929655,0.918947116754536,9.809014320373535,1.15127432346344,0.1173690124064982,0.32
24,octanol_gsolv_eV,131,0.377090722322464,0.05042272433638573,0.6533473126153799,0.9214763129166064,11.615150451660156,1.420132040977478,0.12226548824208285,0.32
24,octanol_gsolv_eV,132,0.2975110411643982,0.044463809579610825,0.6514704065878039,0.9134255653680641,10.046768188476562,0.655322253704071,0.06522716971371074,0.26
24,octanol_gsolv_eV,133,0.10529567301273346,0.044018618762493134,0.6543709018754622,0.9749818645263999,9.895062446594238,0.006350637413561344,0.0006417986190422838,0.1
24,octanol_gsolv_eV,134,0.1301003247499466,0.03830086439847946,0.6519396621454538,0.9436738327568608,8.63231372833252,0.04549074545502663,0.005269820686164281,0.1
24,octanol_gsolv_eV,135,0.1305910050868988,0.04790394380688667,0.6402256382539919,0.9667169125179758,10.424605369567871,0.01038458663970232,0.0009961611275969855,0.16
24,octanol_gsolv_eV,136,0.3054812252521515,0.04265277087688446,0.6448293867977783,0.9200520335180746,9.36669635772705,0.8824059963226318,0.09420674724815772,0.36
24,octanol_gsolv_eV,137,0.14460383355617523,0.044505029916763306,0.6527427903941871,0.9754324218096693,9.987500190734863,0.007915602065622807,0.0007925508800456293,0.18
24,octanol_gsolv_eV,138,0.3812735676765442,0.04243917018175125,0.6551874038235115,0.9156643161478406,9.839482307434082,0.7194265723228455,0.07311630326112716,0.32
24,octanol_gsolv_eV,139,0.2039901167154312,0.03368894010782242,0.6394544234778519,0.9506814825722172,6.9370269775390625,0.4288705587387085,0.06182339496838053,0.12
24,octanol_gsolv_eV,140,0.19429737329483032,0.04710810258984566,0.6339031798457673,0.9577210223658712,10.12005615234375,0.13229499757289886,0.013072555683622374,0.18
24,octanol_gsolv_eV,141,0.10430945456027985,0.023453183472156525,0.6512437645277265,0.9663929652939995,5.16047477722168,0.026094233617186546,0.005056556759538176,0.08
24,octanol_gsolv_eV,142,0.1572137326002121,0.044906873255968094,0.6515772778753985,0.9502326173500375,10.100496292114258,0.045246273279190063,0.0044796089192681654,0.18
24,octanol_gsolv_eV,143,0.21641533076763153,0.04539185389876366,0.65326194198818,0.9384886394231688,10.241929054260254,0.22891008853912354,0.022350290392209426,0.22
24,octanol_gsolv_eV,144,0.24856968224048615,0.04336211457848549,0.6479945262017841,0.9333274246080956,9.690885543823242,0.4312886595726013,0.04450456644258844,0.24
24,octanol_gsolv_eV,145,0.12644840776920319,0.042772818356752396,0.6460681316992531,0.9625935987053897,9.27165699005127,0.04938778281211853,0.00532674826787843,0.12
24,octanol_gsolv_eV,146,0.14218752086162567,0.04372907429933548,0.6540938375370762,0.9677024620349326,9.880354881286621,0.015029058791697025,0.0015211051599130353,0.14
24,octanol_gsolv_eV,147,0.19005003571510315,0.05017426237463951,0.6529617106801098,0.9629629987151502,11.338773727416992,0.08515232801437378,0.0075098357248700245,0.22
24,octanol_gsolv_eV,148,0.23864760994911194,0.045444805175065994,0.6510324620461552,0.9435230201786495,10.266467094421387,0.167827770113945,0.01634717849581767,0.28
24,octanol_gsolv_eV,149,0.17346249520778656,0.04279381036758423,0.6529961543655858,0.9419935203409502,9.707624435424805,0.1570177972316742,0.016174688079061757,0.14
24,octanol_gsolv_eV,150,0.31073206663131714,0.04464276507496834,0.6504080478692142,0.9180071513787689,10.136045455932617,0.6972713470458984,0.06879126085980466,0.2
24,octanol_gsolv_eV,151,0.07187410444021225,0.030644118785858154,0.6455323389936438,0.9518689041145314,6.6147990226745605,0.0688280463218689,0.010405160623313944,0.04
24,octanol_gsolv_eV,152,0.16617907583713531,0.04597590118646622,0.6435628650162946,0.9688318188620135,10.147096633911133,0.01489042304456234,0.0014674565131073283,0.18
24,octanol_gsolv_eV,153,0.29579177498817444,0.042891018092632294,0.6537072472573153,0.9158160067688077,9.880255699157715,0.6655064821243286,0.06735721244350615,0.3
24,octanol_gsolv_eV,154,0.4845748245716095,0.03970913589000702,0.6570452166932623,0.9209272576916807,9.228681564331055,1.5504835844039917,0.16800705210120437,0.36
24,octanol_gsolv_eV,155,0.23172591626644135,0.043002087622880936,0.6385156256666908,0.9298154745609715,8.876276016235352,0.3978995680809021,0.04482730903738403,0.16
24,octanol_gsolv_eV,156,0.06677224487066269,0.046123892068862915,0.6510444304952898,0.9727597306165727,10.325872421264648,0.01454770565032959,0.001408859712460778,0.04
24,octanol_gsolv_eV,157,0.23422975838184357,0.08347971737384796,0.6390855029218656,0.9833190301313646,17.426366806030273,0.06391190737485886,0.003667540577232805,0.3
24,octanol_gsolv_eV,158,0.07272712886333466,0.04495514929294586,0.6528894211394975,0.9698606510167862,10.129053115844727,0.008237980306148529,0.0008133021134287448,0.1
24,octanol_gsolv_eV,159,0.21466019749641418,0.03763635456562042,0.6529854506865056,0.9519594691432989,8.538797378540039,0.11811591684818268,0.013832851584584397,0.16
24,octanol_gsolv_eV,160,0.30075356364250183,0.03912337124347687,0.6539770320158282,0.9426398891654311,8.90534496307373,0.7099153995513916,0.0797179000358859,0.3
24,octanol_gsolv_eV,161,0.04565697908401489,0.04245859012007713,0.6531052641276485,0.9718314702585977,9.568154335021973,0.010746721178293228,0.0011231759858803061,0.04
24,octanol_gsolv_eV,162,0.16460052132606506,0.03584953770041466,0.6399085080143534,0.9503531485584529,7.472042083740234,0.21878765523433685,0.029280838194211515,0.12
24,octanol_gsolv_eV,163,0.23519550263881683,0.0392119400203228,0.6503637908158313,0.9135614284471154,8.880911827087402,0.6828092336654663,0.07688503691511162,0.16
24,octanol_gsolv_eV,164,0.20907238125801086,0.034742727875709534,0.641506795162528,0.8937009991926819,7.711947917938232,0.5685397982597351,0.0737219447420403,0.14
24,octanol_gsolv_eV,165,0.22816301882266998,0.022045789286494255,0.6515074452348404,0.9348277633573658,4.866186618804932,0.30314111709594727,0.062295415454164095,0.1
24,octanol_gsolv_eV,166,0.10007752478122711,0.04489106684923172,0.651794575148757,0.9623255052355109,10.147449493408203,0.01342418510466814,0.0013229122365564382,0.04
24,octanol_gsolv_eV,167,0.18860900402069092,0.03958370164036751,0.6391068121034469,0.9672470432463678,8.160243034362793,0.10364799201488495,0.012701581506631988,0.24
24,octanol_gsolv_eV,168,0.1155247911810875,0.0417323112487793,0.6380128426405027,0.9688402817547579,8.541337966918945,0.05921372398734093,0.006932605198000456,0.06
24,octanol_gsolv_eV,169,0.2658933997154236,0.023209135979413986,0.6430058014128193,0.9036185629811633,4.891382694244385,0.3766207695007324,0.07699679069149432,0.18
24,octanol_gsolv_eV,170,0.16506390273571014,0.030727170407772064,0.6514227016319525,0.9799007148442225,6.8690690994262695,0.03035108745098114,0.004418515378381647,0.16
24,octanol_gsolv_eV,171,0.2759609520435333,0.040550217032432556,0.6505172486783726,0.9335145063621759,9.224159240722656,0.79245525598526,0.08591083862545894,0.3
24,octanol_gsolv_eV,172,0.2688041627407074,0.03929339349269867,0.650951906209746,0.9207885844012229,8.929924011230469,0.572568953037262,0.06411800955049413,0.22
24,octanol_gsolv_eV,173,0.2959953546524048,0.04986966773867607,0.6412613841127657,0.9272288918544884,10.87857723236084,0.7237631678581238,0.06653105019148305,0.3
24,octanol_gsolv_eV,174,0.09034646302461624,0.04205960035324097,0.6534223075901202,0.9619944256962158,9.473501205444336,0.015430859290063381,0.001628844389780138,0.06
24,octanol_gsolv_eV,175,0.15568016469478607,0.044888678938150406,0.65188403079923,0.9593261727034785,10.118913650512695,0.019622737541794777,0.001939213854325217,0.18
24,octanol_gsolv_eV,176,0.29951176047325134,0.043613921850919724,0.654684358910846,0.9164364248619346,9.898611068725586,1.1232457160949707,0.11347508335223286,0.26
24,octanol_gsolv_eV,177,0.16513967514038086,0.04040682688355446,0.651085196235899,0.9758144256250827,9.111181259155273,0.024753721430897713,0.002716850946854361,0.18
24,octanol_gsolv_eV,178,0.17133288085460663,0.025675764307379723,0.6508212362673504,0.9285394683334558,5.686459541320801,0.3325295150279999,0.05847742564800924,0.04
24,octanol_gsolv_eV,179,0.06633708626031876,0.03962468355894089,0.6545451522516024,0.9439741007472005,8.915690422058105,0.05539512261748314,0.006213217372423714,0.04
24,octanol_gsolv_eV,180,0.43843525648117065,0.03404361009597778,0.6473972825402836,0.9157870497003338,7.419755458831787,1.4718842506408691,0.1983736874897777,0.44
24,octanol_gsolv_eV,181,0.17294837534427643,0.030900584533810616,0.6393098379450417,0.9588288189783443,6.350034236907959,0.1165504977107048,0.01835431012848477,0.14
24,octanol_gsolv_eV,182,0.3046153783798218,0.04042306914925575,0.653461167307348,0.9203046021396311,9.213530540466309,0.5986841917037964,0.0649788036273765,0.24
24,octanol_gsolv_eV,183,0.11471614241600037,0.044032447040081024,0.6534341356270783,0.9712380464374208,9.957079887390137,0.009484367445111275,0.0009525249925053312,0.16
24,octanol_gsolv_eV,184,0.046843789517879486,0.03288818150758743,0.6388599022983177,0.9697932355877465,6.764004707336426,0.03031926602125168,0.0044824430693205415,0.04
24,octanol_gsolv_eV,185,0.19469501078128815,0.045472774654626846,0.6444331195362192,0.9433635823885753,10.071343421936035,0.08224498480558395,0.008166237746043798,0.14
24,octanol_gsolv_eV,186,0.10717452317476273,0.03935011848807335,0.6525309531993491,0.9446840927665994,8.795943260192871,0.03224365413188934,0.0036657414876482873,0.06
24,octanol_gsolv_eV,187,0.18490664660930634,0.04621027782559395,0.643403740218673,0.9778950512855118,10.145576477050781,0.023488689213991165,0.0023151655568436555,0.18
24,octanol_gsolv_eV,188,0.331556499004364,0.03843482583761215,0.6534818448213153,0.9054025946685873,8.70220947265625,1.5499101877212524,0.17810536422862733,0.3
24,octanol_gsolv_eV,189,0.1617293655872345,0.03733597695827484,0.6387077489199078,0.975767273339911,7.664314270019531,0.09964965283870697,0.013001770194693885,0.06
24,octanol_gsolv_eV,190,0.16723202168941498,0.043181054294109344,0.6493798068439762,0.972163464844982,9.690475463867188,0.008910809643566608,0.000919543078850185,0.14
24,octanol_gsolv_eV,191,0.22900821268558502,0.04180820286273956,0.6536117979169547,0.9426220387478113,9.486841201782227,0.11683082580566406,0.01231503967661184,0.14
24,octanol_gsolv_eV,192,0.3986673951148987,0.04405764490365982,0.6535675517783233,0.9263030393562082,10.172123908996582,0.9818133115768433,0.09651999133715755,0.26
24,octanol_gsolv_eV,193,0.3453924059867859,0.03223564475774765,0.6449523145315026,0.9480492874531865,6.755578994750977,0.789274275302887,0.11683295775478991,0.22
24,octanol_gsolv_eV,194,0.11965139210224152,0.0465872548520565,0.6534230834633195,0.9670508638208453,10.554146766662598,0.007962467148900032,0.0007544396837507595,0.04
24,octanol_gsolv_eV,195,0.15347401797771454,0.0433741956949234,0.645784361471063,0.9845703640135466,9.68762493133545,0.013850311748683453,0.0014296911623697815,0.1
24,octanol_gsolv_eV,196,0.3002137541770935,0.0416836179792881,0.6522207492802206,0.9166319702026176,9.584549903869629,1.5294549465179443,0.1595750412755896,0.24
24,octanol_gsolv_eV,197,0.23405075073242188,0.03788144141435623,0.6527046366843832,0.9041074429246152,8.585322380065918,0.6377081274986267,0.07427887961194189,0.14
24,octanol_gsolv_eV,198,0.3699018061161041,0.04032021760940552,0.6525142043454459,0.9264869138936354,9.273411750793457,0.6590898036956787,0.07107306581520931,0.34
24,octanol_gsolv_eV,199,0.2244594395160675,0.0375833660364151,0.6524084626038051,0.9644325995579215,8.492629051208496,0.09701467305421829,0.011423396979809586,0.2
24,octanol_gsolv_eV,200,0.19756779074668884,0.04244322329759598,0.6534350973970091,0.9372895162637398,9.597981452941895,0.32600951194763184,0.033966466131032796,0.16
24,octanol_gsolv_eV,201,0.24938271939754486,0.043185312300920486,0.6518607995844699,0.9108231251480101,9.797527313232422,0.6284648180007935,0.06414524786799997,0.24
24,octanol_gsolv_eV,202,0.14092668890953064,0.022285638377070427,0.6382442538747677,0.9452079702429892,4.548926830291748,0.2623976767063141,0.05768342435384591,0.06
24,octanol_gsolv_eV,203,0.08852462470531464,0.04205324873328209,0.6540120728951206,0.9629245366218793,9.48050594329834,0.009964114055037498,0.0010510107914737416,0.04
24,octanol_gsolv_eV,204,0.08309710770845413,0.04282355681061745,0.6539592523752611,0.9695364337651657,9.697373390197754,0.008751312270760536,0.0009024415085023425,0.02
24,octanol_gsolv_eV,205,0.22235819697380066,0.04353015497326851,0.6486558599877734,0.9560592873680749,9.658418655395508,0.0867871567606926,0.008985648671608417,0.22
24,octanol_gsolv_eV,206,0.17492425441741943,0.033252447843551636,0.6499364185708378,0.9484270990564865,7.465325832366943,0.05626528337597847,0.007536882466942383,0.14
24,octanol_gsolv_eV,207,0.43320223689079285,0.047218795865774155,0.6540965171054862,0.9185132733405763,10.754744529724121,1.7712175846099854,0.16469173951223742,0.38
24,octanol_gsolv_eV,208,0.18756908178329468,0.047857001423835754,0.6383384426152088,0.9290585738821384,9.861196517944336,0.31720468401908875,0.03216695696530072,0.1
24,octanol_gsolv_eV,209,0.20478540658950806,0.06737762689590454,0.6404842596329903,0.9781431642394871,14.187500953674316,0.02970832772552967,0.002093978905977499,0.1
24,octanol_gsolv_eV,210,0.04864351451396942,0.03831653669476509,0.650441502304987,0.9574326164615579,8.445718765258789,0.018031058833003044,0.0021349347917163975,0.04
24,octanol_gsolv_eV,211,0.1478843241930008,0.04620538279414177,0.6509681514210557,0.9506229519457101,10.18923282623291,0.06300131976604462,0.006183126918431307,0.14
24,octanol_gsolv_eV,212,0.28282755613327026,0.03578057140111923,0.6523942863666015,0.9101893544158017,8.08230972290039,0.8789190053939819,0.10874601883959675,0.18
24,octanol_gsolv_eV,213,0.272921085357666,0.05315913259983063,0.6400104570167233,0.9705831659555428,11.113381385803223,0.223968967795372,0.020153089327203413,0.2
24,octanol_gsolv_eV,214,0.20759804546833038,0.03995530679821968,0.6533289017773494,0.9620434696049811,9.040216445922852,0.10712765157222748,0.011850120205976061,0.16
24,octanol_gsolv_eV,215,0.0853700265288353,0.04948967695236206,0.6399637516117636,0.9696581653250842,10.667266845703125,0.006692669820040464,0.00062740249370778,0.04
24,octanol_gsolv_eV,216,0.15053845942020416,0.03762497380375862,0.6534549926685231,0.9331858267581943,8.491467475891113,0.11607725918292999,0.013669870315407243,0.18
24,octanol_gsolv_eV,217,0.2290946990251541,0.04252384975552559,0.6488933521219866,0.9308339536468209,9.447633743286133,0.4053272008895874,0.04290250997268275,0.18
24,octanol_gsolv_eV,218,0.2836940586566925,0.0451740138232708,0.6540334530216168,0.9086395512332395,10.315937995910645,0.6957334280014038,0.06744257558325772,0.28
24,octanol_gsolv_eV,219,0.15750105679035187,0.026346823200583458,0.6395268083751813,0.9297401274493278,5.420032978057861,0.4064597487449646,0.07499211727870514,0.1
24,octanol_gsolv_eV,220,0.10778266191482544,0.047456707805395126,0.6409740882676471,0.9648540039374283,9.962347030639648,0.03908287733793259,0.003923059216641564,0.04
24,octanol_gsolv_eV,221,0.23735922574996948,0.040242280811071396,0.6516758070280286,0.9315822983673328,9.16176700592041,0.3287760019302368,0.03588565412302878,0.16
24,octanol_gsolv_eV,222,0.10801805555820465,0.041007161140441895,0.6515649837101845,0.9455717206401308,9.251421928405762,0.08071622252464294,0.008724736926851228,0.06
24,octanol_gsolv_eV,223,0.28689780831336975,0.04258177801966667,0.6416762593668461,0.912139062761328,9.421854019165039,0.6115235090255737,0.064904795572259,0.24
24,octanol_gsolv_eV,224,0.32510092854499817,0.04422685131430626,0.6439291056789787,0.9232869344023498,9.894103050231934,0.7496911883354187,0.07577151607672458,0.24
24,octanol_gsolv_eV,225,0.09466124325990677,0.03268299996852875,0.6386755364688637,0.9652609961367369,6.689733028411865,0.042298391461372375,0.006322881837246346,0.04
24,octanol_gsolv_eV,226,0.24412715435028076,0.041899535804986954,0.653986325506366,0.9638286788927337,9.494983673095703,0.09479284286499023,0.009983465599165627,0.26
24,octanol_gsolv_eV,227,0.12758482992649078,0.04954299330711365,0.6450072994402318,0.9625490506659435,10.956954002380371,0.023235106840729713,0.002120580850816928,0.04
24,octanol_gsolv_eV,228,0.2552334666252136,0.04590703919529915,0.6429940976020179,0.9153388982778365,10.016158103942871,0.9092186689376831,0.0907751913959673,0.16
24,octanol_gsolv_eV,229,0.20515534281730652,0.024775933474302292,0.6404121644238077,0.9149992447346256,5.092215061187744,0.3720265030860901,0.07305789300252295,0.16
24,octanol_gsolv_eV,230,0.29591622948646545,0.04276548698544502,0.6487554919010321,0.9209622284243395,9.768635749816895,0.5916547179222107,0.06056677033262304,0.38
24,octanol_gsolv_eV,231,0.04236116632819176,0.02884584106504917,0.6518750414247303,0.9708901309329914,6.421489238739014,0.010557198897004128,0.0016440421379694224,0.02
24,octanol_gsolv_eV,232,0.21114671230316162,0.04096286743879318,0.6557041367135634,0.935598371806085,9.264466285705566,0.4148612916469574,0.044779837159865304,0.12
24,octanol_gsolv_eV,233,0.1196007952094078,0.046742994338274,0.6467937812109588,0.9746129447590539,10.170103073120117,0.016817111521959305,0.001653583193901685,0.16
24,octanol_gsolv_eV,234,0.1784464418888092,0.044597845524549484,0.6481846833911815,0.9523929092570287,9.9725923538208,0.021405940875411034,0.0021464770759640817,0.16
24,octanol_gsolv_eV,235,0.1736394613981247,0.04351676255464554,0.653202213449871,0.9646062830582514,9.758573532104492,0.08555921912193298,0.00876759485804496,0.12
24,octanol_gsolv_eV,236,0.20696407556533813,0.045559920370578766,0.6515222371142186,0.9349275452132848,10.251185417175293,0.2524115741252899,0.02462267180363242,0.14
24,octanol_gsolv_eV,237,0.30534642934799194,0.040126506239175797,0.6523239363316358,0.9068701833830404,9.183871269226074,0.6878157258033752,0.07489387706338545,0.24
24,octanol_gsolv_eV,238,0.19097156822681427,0.051023054867982864,0.6389850517090736,0.9467859798655489,10.566305160522461,0.07598043978214264,0.007190823909384964,0.08
24,octanol_gsolv_eV,239,0.20725272595882416,0.04414607211947441,0.6528682003760282,0.9384545568039939,9.987550735473633,0.16307830810546875,0.016328158166571276,0.18
24,octanol_gsolv_eV,240,0.11056291311979294,0.03849099203944206,0.6536504836947334,0.9600937672930931,8.63801097869873,0.014750920236110687,0.0017076755600897412,0.1
24,octanol_gsolv_eV,241,0.16608431935310364,0.042063936591148376,0.6536138785903034,0.9773719934820502,9.482695579528809,0.015820296481251717,0.001668333265427658,0.14
24,octanol_gsolv_eV,242,0.2099665105342865,0.028394954279065132,0.6395853259952187,0.9220926980654653,5.86190128326416,0.457762211561203,0.07809108162024543,0.08
24,octanol_gsolv_eV,243,0.09838104993104935,0.04204722121357918,0.6521933239452069,0.9758137152074751,9.499674797058105,0.011168807744979858,0.001175704219731675,0.08
24,octanol_gsolv_eV,244,0.28464198112487793,0.040433403104543686,0.6521932820021314,0.9204599213791345,9.22264575958252,0.33685213327407837,0.0365244575206721,0.24
24,octanol_gsolv_eV,245,0.30079385638237,0.040528859943151474,0.6482797083136516,0.9160904026836163,9.186463356018066,0.8765295743942261,0.09541534542997009,0.3
24,octanol_gsolv_eV,246,0.1827278882265091,0.01056260522454977,0.6390920432377529,0.9438950298952149,2.102745294570923,0.08665324747562408,0.041209578592021616,0.12
24,octanol_gsolv_eV,247,0.26026079058647156,0.04926542192697525,0.6394413010264841,0.9625254256661202,10.230286598205566,0.33887767791748047,0.03312494470848167,0.14
24,octanol_gsolv_eV,248,0.19842249155044556,0.03856440633535385,0.6527750197338413,0.9098159135326143,8.78536605834961,0.34814712405204773,0.039628072608445135,0.14
24,octanol_gsolv_eV,249,0.14268416166305542,0.05331702157855034,0.6382661010113262,0.9629048233788744,10.947449684143066,0.02159983292222023,0.00197304701509674,0.1
24,octanol_hl_gap_eV,0,0.16902680695056915,0.002500719390809536,0.6240731986488286,0.9364750445069949,0.44810745120048523,0.02844313345849514,0.06347391319268547,0.12
24,octanol_hl_gap_eV,1,0.17850394546985626,0.0012468175264075398,0.6601286700094808,0.9786064893664828,0.3255464434623718,0.0016604088013991714,0.00510037456941559,0.22
24,octanol_hl_gap_eV,2,0.05918213725090027,0.002175977686420083,0.6143327652573689,0.9666233101466173,0.5041825771331787,0.001458326238207519,0.002892456630492222,0.1
24,octanol_hl_gap_eV,3,0.10369222611188889,0.00177694670855999,0.6327625812039925,0.9774940290478271,0.2860298752784729,0.0028728453908115625,0.010043864781658274,0.12
24,octanol_hl_gap_eV,4,0.16924670338630676,0.001121213543228805,0.6248381872171429,0.94937165961574,0.23782651126384735,0.01688437908887863,0.07099452032976641,0.06
24,octanol_hl_gap_eV,5,0.05380669981241226,0.002122951438650489,0.6344929256889733,0.9731329416033903,0.5407129526138306,0.0017516808584332466,0.0032395762852832416,0.12
24,octanol_hl_gap_eV,6,0.011007601395249367,0.0025203039404004812,0.6268803427967755,0.9640803810833056,0.3885030448436737,0.0008908560266718268,0.00229304773410538,0.02
24,octanol_hl_gap_eV,7,0.09595335274934769,0.0011274212738499045,0.663248575401522,0.9713803310472051,0.2926357686519623,0.001029563951306045,0.0035182437063273923,0.08
24,octanol_hl_gap_eV,8,0.06194039434194565,0.0015771823236718774,0.6477102129255667,0.9616656754112434,0.45508402585983276,0.002339096274226904,0.005139921731613037,0.1
24,octanol_hl_gap_eV,9,0.05569940432906151,0.0007363741751760244,0.6750371837471068,0.9660554329826736,0.2816125750541687,0.0006107658846303821,0.0021688160925090088,0.04
24,octanol_hl_gap_eV,10,0.04473341628909111,0.0008850083686411381,0.6608496933626413,0.9607842476628086,0.2633652091026306,0.00035683269379660487,0.0013548968560139277,0.02
24,octanol_hl_gap_eV,11,0.040688179433345795,0.002474704058840871,0.6289842614553744,0.9763242603941391,0.4731754660606384,0.003005210543051362,0.0063511546109329305,0.0
24,octanol_hl_gap_eV,12,0.035422831773757935,0.0015606931410729885,0.6231363914758656,0.9617798642726492,0.33815011382102966,0.000990718835964799,0.002929819614046174,0.02
24,octanol_hl_gap_eV,13,0.14462631940841675,0.00114414282143116,0.6479813546830175,0.9273084189886496,0.2729390859603882,0.020757360383868217,0.07605125631174989,0.22
24,octanol_hl_gap_eV,14,0.016852816566824913,0.002483923453837633,0.641036154114804,0.9798990658616975,0.6118953824043274,0.001036197878420353,0.0016934232684495984,0.02
24,octanol_hl_gap_eV,15,0.03266650810837746,0.0015362169360741973,0.6413769176450039,0.9664153496425181,0.30553388595581055,0.0011601028963923454,0.003796969664307976,0.0
24,octanol_hl_gap_eV,16,0.25078070163726807,0.0012155026197433472,0.6544250976243897,0.9447185184363784,0.319338321685791,0.018321309238672256,0.057372723517659374,0.22
24,octanol_hl_gap_eV,17,0.05706535652279854,0.0014232165412977338,0.6439162198372146,0.9632238768618524,0.2754923105239868,0.0019700999837368727,0.007151197723049835,0.04
24,octanol_hl_gap_eV,18,0.10912889242172241,0.0024345091078430414,0.6346931330282908,0.9885660805660641,0.5166939496994019,0.002292953198775649,0.004437739594414886,0.22
24,octanol_hl_gap_eV,19,0.2019246220588684,0.001445136615075171,0.6414247167841942,0.9486990450748116,0.33810362219810486,0.03933340683579445,0.11633536068048347,0.08
24,octanol_hl_gap_eV,20,0.051685553044080734,0.0008861483074724674,0.6641325746678037,0.9678573767926542,0.3177633583545685,0.0006494460976682603,0.002043804235426011,0.08
24,octanol_hl_gap_eV,21,0.016801686957478523,0.0014863036340102553,0.6283743374018353,0.9539681700245746,0.31300973892211914,0.0011240130988880992,0.003590984429937396,0.02
24,octanol_hl_gap_eV,22,0.3385222852230072,0.00183058250695467,0.6263957207969884,0.9733614731321587,0.5696208477020264,0.002589019015431404,0.00454516197199605,0.12
24,octanol_hl_gap_eV,23,0.08449157327413559,0.001297827810049057,0.6448584751040269,0.9785652323708274,0.21172425150871277,0.001072063110768795,0.0050634875463223825,0.14
24,octanol_hl_gap_eV,24,0.060287702828645706,0.0022635203786194324,0.6298491010833756,0.9766905664909515,0.3810137212276459,0.0018587267259135842,0.004878372148710736,0.06
24,octanol_hl_gap_eV,25,0.033832959830760956,0.0013675077352672815,0.6270630440043072,0.9725329774680451,0.21421433985233307,0.000724402314517647,0.003381670503557362,0.0
24,octanol_hl_gap_eV,26,0.06359918415546417,0.0012739063240587711,0.6213110866833305,0.9524387976053414,0.2721184492111206,0.0068035367876291275,0.025002115098600557,0.02
24,octanol_hl_gap_eV,27,0.07640164345502853,0.0015061909798532724,0.6391457013750161,0.9793288211274227,0.34951257705688477,0.0013401019386947155,0.0038342023339452184,0.18
24,octanol_hl_gap_eV,28,0.02746831625699997,0.0018592688720673323,0.6423794292144993,0.9685076336009064,0.3684690296649933,0.0020192409865558147,0.005480083328554586,0.0
24,octanol_hl_gap_eV,29,0.13533340394496918,0.0011793874436989427,0.6440180770980257,0.9687360440149382,0.3163597285747528,0.0011433287290856242,0.0036140147617286455,0.08
24,octanol_hl_gap_eV,30,0.1560351401567459,0.0010191049659624696,0.6681014789670907,0.9835141710446367,0.3108068108558655,0.0006223328527994454,0.0020023140776282665,0.26
24,octanol_hl_gap_eV,31,0.10087225586175919,0.001376682543195784,0.6412599355517548,0.9707389228581071,0.23411470651626587,0.002455661306157708,0.01048913732374644,0.08
24,octanol_hl_gap_eV,32,0.32904404401779175,0.0009785338770598173,0.6753281149725499,0.9153434779589569,0.2555387020111084,0.054995015263557434,0.21521207876044848,0.2
24,octanol_hl_gap_eV,33,0.0903957188129425,0.0009711514576338232,0.6680919139724784,0.9720796733080657,0.3217719793319702,0.0007385931094177067,0.002295392877127143,0.14
24,octanol_hl_gap_eV,34,0.02131642773747444,0.0007959293434396386,0.70385528787305,0.9612526353414537,0.2762949764728546,0.0006534037529490888,0.00236487742661975,0.04
24,octanol_hl_gap_eV,35,0.11420396715402603,0.0011913165217265487,0.6454301792049668,0.9675994249055835,0.3301284909248352,0.0010751662775874138,0.0032568115359428683,0.2
24,octanol_hl_gap_eV,36,0.06157588213682175,0.0017237483989447355,0.6259844835761044,0.9570354393727545,0.40571799874305725,0.002478954615071416,0.006110043485256732,0.04
24,octanol_hl_gap_eV,37,0.27767688035964966,0.002220476046204567,0.6220090483254201,0.9153374587374858,0.45883697271347046,0.09221726655960083,0.20098046156622096,0.16
24,octanol_hl_gap_eV,38,0.19355152547359467,0.0009887191699817777,0.6734564629242699,0.9337241280849062,0.2692478895187378,0.017719971016049385,0.06581285018695085,0.08
24,octanol_hl_gap_eV,39,0.0626881942152977,0.0011236317222937942,0.6482287426705191,0.972193851977722,0.31600427627563477,0.0009043389582075179,0.00286179341895585,0.06
24,octanol_hl_gap_eV,40,0.07421603798866272,0.0018122545443475246,0.6094765083519607,0.9671989932969332,0.3026549816131592,0.004794935695827007,0.015842910201807586,0.04
24,octanol_hl_gap_eV,41,0.1408548355102539,0.0029967124573886395,0.6404862358862062,0.9134096937916529,0.5294629335403442,0.03040054813027382,0.05741770802914449,0.08
24,octanol_hl_gap_eV,42,0.10260627418756485,0.0015090493252500892,0.6361326313439077,0.9708197047028622,0.4161272943019867,0.0019264945294708014,0.004629579832542131,0.1
24,octanol_hl_gap_eV,43,0.060029927641153336,0.0008904639980755746,0.6665591169035991,0.9639876930821276,0.2701599895954132,0.0008189473301172256,0.003031342025677698,0.04
24,octanol_hl_gap_eV,44,0.26735422015190125,0.001168519607745111,0.6269718139812634,0.9183655547908836,0.26085495948791504,0.03970354050397873,0.15220542703853834,0.28
24,octanol_hl_gap_eV,45,0.03272769972681999,0.001365037402138114,0.6218252753440503,0.9685523167650889,0.3474987745285034,0.0016718939878046513,0.004811222687254441,0.02
24,octanol_hl_gap_eV,46,0.06723611801862717,0.00199863757006824,0.630833676045438,0.9699036055531012,0.38663551211357117,0.001033180276863277,0.0026722332649045137,0.12
24,octanol_hl_gap_eV,47,0.1754889041185379,0.0009329210151918232,0.6635940182256814,0.9749269256110544,0.32818731665611267,0.0006540127214975655,0.0019928031593703095,0.28
24,octanol_hl_gap_eV,48,0.033984262496232986,0.0017373517621308565,0.6427996544292165,0.9713063257150913,0.34995177388191223,0.001438931911252439,0.004111800592666783,0.0
24,octanol_hl_gap_eV,49,0.11617353558540344,0.0012039098655804992,0.6510457195601946,0.9677044492412696,0.2777184545993805,0.0006175657035782933,0.0022237114363507296,0.14
24,octanol_hl_gap_eV,50,0.10283675044775009,0.002780272625386715,0.6421935765855171,0.9767369568318662,0.7096767425537109,0.0007827374502085149,0.0011029492771482143,0.1
24,octanol_hl_gap_eV,51,0.09998386353254318,0.002506194170564413,0.6286839154427561,0.9522894680345133,0.4055810272693634,0.00795948039740324,0.01962488346901152,0.04
24,octanol_hl_gap_eV,52,0.23351313173770905,0.0011973666260018945,0.6379103787399742,0.9181617781731339,0.3070259690284729,0.05481069162487984,0.17852135374189412,0.18
24,octanol_hl_gap_eV,53,0.08734191954135895,0.0033712817821651697,0.6451443891589341,0.9284416258624035,0.6589820981025696,0.04652486369013786,0.07060110407262739,0.02
24,octanol_hl_gap_eV,54,0.0459018275141716,0.001310398569330573,0.6258423224577845,0.9625434722709638,0.2568459212779999,0.0027610803954303265,0.01074994838030479,0.02
24,octanol_hl_gap_eV,55,0.16173040866851807,0.0015121588949114084,0.6264003221527694,0.9832602639703545,0.24799829721450806,0.007304300554096699,0.029453027041467093,0.12
24,octanol_hl_gap_eV,56,0.08642129600048065,0.0014367561088874936,0.6495141095830026,0.9787750856793764,0.3569793105125427,0.0014287801459431648,0.004002417237827466,0.16
24,octanol_hl_gap_eV,57,0.07372196763753891,0.00184885342605412,0.629666922489742,0.9691957190312448,0.38720929622650146,0.0024011863861232996,0.0062012622360148725,0.1
24,octanol_hl_gap_eV,58,0.10558103770017624,0.0011256097350269556,0.6521866429513519,0.9722475363014278,0.2621579170227051,0.0010204636491835117,0.0038925532395618287,0.08
24,octanol_hl_gap_eV,59,0.06829503178596497,0.0014140866696834564,0.6537036665897071,0.9735973971124132,0.34576547145843506,0.0012086384231224656,0.0034955440114492684,0.08
24,octanol_hl_gap_eV,60,0.1259153187274933,0.000995052047073841,0.6634606585975342,0.9751044397918611,0.31503602862358093,0.003840493271127343,0.012190647805924876,0.08
24,octanol_hl_gap_eV,61,0.01970619522035122,0.0016513693844899535,0.6211286261210602,0.9679115780267464,0.2598614990711212,0.00040659031947143376,0.0015646423996043927,0.0
24,octanol_hl_gap_eV,62,0.012350236065685749,0.001485619693994522,0.6231263416819115,0.9675169043695226,0.2849627733230591,0.0007161605753935874,0.002513172394562865,0.08
24,octanol_hl_gap_eV,63,0.08223084360361099,0.0026979311369359493,0.6267246234252186,0.979593171841096,0.512053906917572,0.0020641814917325974,0.004031180045394868,0.1
24,octanol_hl_gap_eV,64,0.08283019810914993,0.0010495403548702598,0.6806427814125593,0.9715706358141087,0.2957189679145813,0.0010568905854597688,0.003573969545859678,0.24
24,octanol_hl_gap_eV,65,0.04851822182536125,0.004906973801553249,0.6346184230216587,0.9913250025143296,1.0810545682907104,0.004946770146489143,0.004575874605766328,0.0
24,octanol_hl_gap_eV,66,0.09878899902105331,0.0010230877669528127,0.6531616277381533,0.9672964834465483,0.3393583297729492,0.0007484072120860219,0.0022053597817585633,0.2
24,octanol_hl_gap_eV,67,0.1543714553117752,0.0012803339632228017,0.6520810744513272,0.9751172707055682,0.3909456431865692,0.0009653750457800925,0.0024693331735619085,0.28
24,octanol_hl_gap_eV,68,0.1269247829914093,0.001409380929544568,0.6340796741250869,0.9788364177196545,0.38378793001174927,0.0011656879214569926,0.00303732303780712,0.24
24,octanol_hl_gap_eV,69,0.09207715094089508,0.0015006901230663061,0.629799449028954,0.9799223875413521,0.315164178609848,0.0027815219946205616,0.008825628619627797,0.12
24,octanol_hl_gap_eV,70,0.04376300796866417,0.0019147213315591216,0.6432605596487786,0.9600085169956929,0.372013658285141,0.0007180693210102618,0.001930223003962602,0.02
24,octanol_hl_gap_eV,71,0.05015278235077858,0.006012211088091135,0.6436987071782123,0.9684687198146862,1.3302057981491089,0.0016535272588953376,0.0012430612324770413,0.02
24,octanol_hl_gap_eV,72,0.07677345722913742,0.0009418751578778028,0.659201659924139,0.9795360951385275,0.29244565963745117,0.0008675953722558916,0.002966689173405621,0.04
24,octanol_hl_gap_eV,73,0.004288472700864077,0.0028747408650815487,0.6248965643106394,0.97277859611657,0.5302762985229492,0.002421822166070342,0.004567094876418526,0.0
24,octanol_hl_gap_eV,74,0.05616623908281326,0.0012401413405314088,0.6514914455918359,0.960301247752394,0.2509348690509796,0.0022384768817573786,0.008920549345027902,0.02
24,octanol_hl_gap_eV,75,0.4824177324771881,0.0012689613504335284,0.6542839496578676,0.9267887604423879,0.26847097277641296,0.11557502299547195,0.4304935531772544,0.22
24,octanol_hl_gap_eV,76,0.08217903226613998,0.0016319885617122054,0.6258188101876354,0.9592570692766034,0.4458693861961365,0.0017208574572578073,0.0038595550861633,0.12
24,octanol_hl_gap_eV,77,0.06449048966169357,0.0011452932376414537,0.6405078320434536,0.9808155103787253,0.2965860366821289,0.0010057807667180896,0.0033911939279732584,0.22
24,octanol_hl_gap_eV,78,0.37416571378707886,0.0008860171074047685,0.6688417406158318,0.9238797127163816,0.3006490170955658,0.036890991032123566,0.12270451235301132,0.32
24,octanol_hl_gap_eV,79,0.14200563728809357,0.001977645792067051,0.6239905101133001,0.9708249568089615,0.3105674088001251,0.001522693783044815,0.004902941325774431,0.24
24,octanol_hl_gap_eV,80,0.04077090322971344,0.0013090396532788873,0.6539902202587691,0.9618746581659516,0.28145483136177063,0.000823833339381963,0.002927053465012441,0.14
24,octanol_hl_gap_eV,81,0.03061763569712639,0.0010522641241550446,0.6643580787255448,0.9644896736943778,0.2521393299102783,0.0008261288749054074,0.0032764776332172315,0.1
24,octanol_hl_gap_eV,82,0.2624112069606781,0.0011437017237767577,0.6470580312373102,0.9138124910124363,0.2858021855354309,0.046557217836380005,0.1629001462992952,0.12
24,octanol_hl_gap_eV,83,0.03329463675618172,0.0018185301451012492,0.6132675906036544,0.9743702585572083,0.41092827916145325,0.0008042061235755682,0.0019570474079239424,0.02
24,octanol_hl_gap_eV,84,0.1884848177433014,0.0028892462141811848,0.6429409381425606,0.9275031258562316,0.504304051399231,0.07883837819099426,0.15633104269587172,0.04
24,octanol_hl_gap_eV,85,0.12574751675128937,0.004112609662115574,0.6246180846333116,0.9161968884583154,0.7716875672340393,0.06906762719154358,0.08950206032099592,0.04
24,octanol_hl_gap_eV,86,0.028696829453110695,0.0014744907384738326,0.6439447222634465,0.9693309112052351,0.28370025753974915,0.0009955972200259566,0.003509327868292343,0.04
24,octanol_hl_gap_eV,87,0.06412459909915924,0.0010872372658923268,0.6697235832102246,0.9688216075022436,0.29592883586883545,0.0009070722735486925,0.0030651702828673787,0.16
24,octanol_hl_gap_eV,88,0.09447146207094193,0.0016356445848941803,0.6298107939716495,0.9806466587486722,0.40224477648735046,0.0023638885468244553,0.0058767414395468065,0.08
24,octanol_hl_gap_eV,89,0.05433235689997673,0.000772452971432358,0.6849460979795248,0.9693778857120086,0.29078346490859985,0.0004410195688251406,0.0015166597212250825,0.04
24,octanol_hl_gap_eV,90,0.03586406633257866,0.0010402671759948134,0.648816748036845,0.9676094698301376,0.3038591742515564,0.00042851889156736434,0.001410254907138679,0.06
24,octanol_hl_gap_eV,91,0.08312787860631943,0.0012647458352148533,0.6444012742461036,0.9648843366278403,0.37657397985458374,0.0007051920401863754,0.0018726520628395233,0.1
24,octanol_hl_gap_eV,92,0.12891866266727448,0.0014532528584823012,0.6419143179826423,0.9801691048509207,0.2999139428138733,0.001274598529562354,0.004249880874505959,0.14
24,octanol_hl_gap_eV,93,0.07367081195116043,0.0017055802745744586,0.6394025213795453,0.9335952415309077,0.4986422061920166,0.020073601976037025,0.04025652407030123,0.04
24,octanol_hl_gap_eV,94,0.05344168469309807,0.0010129224974662066,0.6613378210429992,0.96796896228783,0.35012978315353394,0.0008621143060736358,0.002462270699478295,0.04
24,octanol_hl_gap_eV,95,0.10060274600982666,0.0009989294921979308,0.6522643752364221,0.9418991258647254,0.23742973804473877,0.004096272401511669,0.017252566739301253,0.02
24,octanol_hl_gap_eV,96,0.09013503044843674,0.00088560237782076,0.6580271391005894,0.941606549993135,0.2569796144962311,0.008453094400465488,0.03289402708863299,0.1
24,octanol_hl_gap_eV,97,0.04976813867688179,0.0011158159468322992,0.639310148966671,0.9532601619982557,0.2491290271282196,0.001399423461407423,0.005617263783104566,0.02
24,octanol_hl_gap_eV,98,0.08793146908283234,0.0031150728464126587,0.6263532589145566,0.9803067091342583,0.6296372413635254,0.029059026390314102,0.04615201338374563,0.08
24,octanol_hl_gap_eV,99,0.08331380039453506,0.000995255308225751,0.6579503507533209,0.9656116337864415,0.3339533805847168,0.00045666389632970095,0.001367448041789938,0.12
24,octanol_hl_gap_eV,100,0.06809289753437042,0.0010594610357657075,0.6679357980095737,0.9659254329938767,0.3014473021030426,0.0010659018298611045,0.0035359474854306417,0.06
24,octanol_hl_gap_eV,101,0.38945695757865906,0.0011765435338020325,0.6481968788178074,0.9112013164799742,0.36709219217300415,0.05081922188401222,0.13843721813636942,0.2
24,octanol_hl_gap_eV,102,0.14109869301319122,0.00212172232568264,0.6339609469517375,0.9835946541107479,0.45289909839630127,0.0024487001355737448,0.005406723361217764,0.04
24,octanol_hl_gap_eV,103,0.05546799302101135,0.004812981933355331,0.6161341188503484,0.9728285172905167,1.0110446214675903,0.001670709578320384,0.001652458796423101,0.06
24,octanol_hl_gap_eV,104,0.07621445506811142,0.0013884232612326741,0.6228190937352294,0.9778587009548314,0.28196606040000916,0.0033886153250932693,0.012017812783162747,0.2
24,octanol_hl_gap_eV,105,0.023015011101961136,0.0006353777716867626,0.672834725141298,0.9682535434346011,0.30520159006118774,0.0004101745435036719,0.0013439462861954254,0.1
24,octanol_hl_gap_eV,106,0.07342495024204254,0.0036515684332698584,0.6257184192854315,0.9783033120097195,0.6987711191177368,0.0019677835516631603,0.0028160630824978416,0.08
24,octanol_hl_gap_eV,107,0.054892368614673615,0.0017792630242183805,0.6260254100244482,0.9695501815494723,0.46573153138160706,0.0008107958128675818,0.001740908137489276,0.08
24,octanol_hl_gap_eV,108,0.08213891088962555,0.0016746988985687494,0.6279757716377354,0.9823724269398855,0.281760036945343,0.0004035122401546687,0.0014321131006699282,0.08
24,octanol_hl_gap_eV,109,0.060503486543893814,0.0014703836059197783,0.641540867229291,0.9764174191792441,0.3456789255142212,0.0007692232611589134,0.0022252535644591027,0.08
24,octanol_hl_gap_eV,110,0.030584953725337982,0.002123588230460882,0.6389664838525007,0.9703507413486416,0.45946064591407776,0.0019143222598358989,0.004166455335967751,0.02
24,octanol_hl_gap_eV,111,0.09441269189119339,0.001237252727150917,0.6546522795421006,0.9523428581962883,0.26561403274536133,0.0023430483415722847,0.008821252090316013,0.1
24,octanol_hl_gap_eV,112,0.06914859265089035,0.0015884649474173784,0.6353335626707717,0.9681316038277579,0.4087931215763092,0.0005952835199423134,0.0014561974958064263,0.1
24,octanol_hl_gap_eV,113,0.08023896813392639,0.0013839146122336388,0.6337593493406657,0.9831651597259929,0.1955549418926239,0.014575641602277756,0.07453476481448885,0.08
24,octanol_hl_gap_eV,114,0.01920367404818535,0.0017829297576099634,0.6051899915726682,0.9579439744772653,0.33766624331474304,0.0021401045378297567,0.00633792859132483,0.02
24,octanol_hl_gap_eV,115,0.0781261995434761,0.0012780888937413692,0.6347116143024689,0.9724657355890081,0.2644600570201874,0.0009534885757602751,0.0036054162072856667,0.14
24,octanol_hl_gap_eV,116,0.04703473672270775,0.0012463349848985672,0.6258076289661656,0.9572711426363978,0.25666722655296326,0.0006760131218470633,0.002633811612514417,0.04
24,octanol_hl_gap_eV,117,0.12042132765054703,0.0023172576911747456,0.631215733210782,0.931650987797374,0.42488712072372437,0.026224518194794655,0.06172114172377256,0.08
24,octanol_hl_gap_eV,118,0.051946792751550674,0.0006873892270959914,0.6672714596706735,0.9711754487037001,0.27130332589149475,0.0008692206465639174,0.0032038702205646904,0.02
24,octanol_hl_gap_eV,119,0.07626869529485703,0.0009029614739120007,0.6751678556031964,0.9656955580841362,0.2784386873245239,0.001089947996661067,0.0039144991205576195,0.08
24,octanol_hl_gap_eV,120,0.19203777611255646,0.0015636116731911898,0.6413048624434226,0.9295578482057427,0.41186681389808655,0.01504779327660799,0.03653558084515024,0.16
24,octanol_hl_gap_eV,121,0.054898831993341446,0.0011149626225233078,0.6367675756396436,0.9816586459565386,0.23444204032421112,0.0014447245048359036,0.006162395203684401,0.1
24,octanol_hl_gap_eV,122,0.4204845130443573,0.0016000367468222976,0.6324459183209279,0.9170557168052087,0.4091283977031708,0.10183410346508026,0.24890499910730357,0.24
24,octanol_hl_gap_eV,123,0.14843688905239105,0.0013402197510004044,0.6641954902411236,0.976068982934235,0.333204448223114,0.0014890939928591251,0.00446900994509541,0.24
24,octanol_hl_gap_eV,124,0.15637652575969696,0.0011382878292351961,0.6377046185356354,0.9754911467563319,0.3211853504180908,0.002774625550955534,0.008638705181739361,0.12
24,octanol_hl_gap_eV,125,0.11419232934713364,0.0009096265421248972,0.6834271071023839,0.9733822351442096,0.30973586440086365,0.0016373610123991966,0.0052863139228852924,0.2
24,octanol_hl_gap_eV,126,0.10701249539852142,0.001010795240290463,0.6621657539640515,0.9771779435702248,0.2811417281627655,0.00048046751180663705,0.001708986833603274,0.02
24,octanol_hl_gap_eV,127,0.1017850786447525,0.0022677364759147167,0.6264635689934566,0.975495826300808,0.47675636410713196,0.002412690781056881,0.005060636758515771,0.1
24,octanol_hl_gap_eV,128,0.09195274859666824,0.0012066321214661002,0.6561722441482356,0.9836322695588589,0.29465341567993164,0.0013772380771115422,0.004674095068382211,0.1
24,octanol_hl_gap_eV,129,0.07951430976390839,0.0011225902708247304,0.6405012909786767,0.971142402592273,0.23698729276657104,0.0011085671139881015,0.004677749178222917,0.1
24,octanol_hl_gap_eV,130,0.08537917584180832,0.0027156968135386705,0.6133021912694865,0.9733678705937903,0.5106924772262573,0.0037532802671194077,0.007349394076655947,0.08
24,octanol_hl_gap_eV,131,0.3277560770511627,0.0011772721773013473,0.6382983131348017,0.9289106588904958,0.32688838243484497,0.060424987226724625,0.18484898966627689,0.34
24,octanol_hl_gap_eV,132,0.07065734267234802,0.0015961567405611277,0.6490696636292084,0.9664378345562068,0.31377190351486206,0.006054931785911322,0.019297240186530992,0.18
24,octanol_hl_gap_eV,133,0.07834097743034363,0.001060945331119001,0.6581104904308652,0.9628550629507027,0.3484819829463959,0.0018697790801525116,0.00536549713228682,0.1
24,octanol_hl_gap_eV,134,0.04792536795139313,0.001083944458514452,0.6745051699837459,0.9641763462257185,0.3132280111312866,0.0012055435217916965,0.003848773030986696,0.02
24,octanol_hl_gap_eV,135,0.07525511831045151,0.001040771254338324,0.6539637208918399,0.9773921390686251,0.2874298393726349,0.0007927058031782508,0.002757910608406099,0.04
24,octanol_hl_gap_eV,136,0.27994003891944885,0.0014328809920698404,0.6393277739816785,0.9123359161510025,0.2860262393951416,0.05741725116968155,0.20074120224459668,0.14
24,octanol_hl_gap_eV,137,0.13952985405921936,0.0022909329272806644,0.6362988511081049,0.9722664983287288,0.38058212399482727,0.0020086963195353746,0.005277957615168168,0.18
24,octanol_hl_gap_eV,138,0.09476207941770554,0.0026176238898187876,0.6297863475120029,0.9149398014384043,0.5152942538261414,0.02844052202999592,0.055192779307784906,0.04
24,octanol_hl_gap_eV,139,0.050289854407310486,0.00134732061997056,0.6340773670023503,0.9681453669369924,0.31664901971817017,0.0022507254034280777,0.007107950011755318,0.12
24,octanol_hl_gap_eV,140,0.06549186259508133,0.0014595045940950513,0.6167063817789389,0.9774792282657059,0.18550507724285126,0.0011247528018429875,0.006063191469258461,0.12
24,octanol_hl_gap_eV,141,0.06178944930434227,0.0014863517135381699,0.6043386230805015,0.981815559627349,0.26872193813323975,0.001479582628235221,0.005505998648690912,0.02
24,octanol_hl_gap_eV,142,0.06844621896743774,0.0009692992316558957,0.6637386351680712,0.9751663195532276,0.30317503213882446,0.0006505798082798719,0.00214588847798644,0.1
24,octanol_hl_gap_eV,143,0.08189323544502258,0.0012982302578166127,0.6341468296681358,0.9604382085475471,0.3828926682472229,0.000766551645938307,0.0020020013688101398,0.12
24,octanol_hl_gap_eV,144,0.07973631471395493,0.0018433613004162908,0.6316718982867908,0.9811615167338434,0.3142799437046051,0.0028944637160748243,0.009209826379488473,0.18
24,octanol_hl_gap_eV,145,0.5128829479217529,0.0011971329804509878,0.652788635438539,0.932833926028046,0.2888619005680084,0.10576684027910233,0.366150191739118,0.36
24,octanol_hl_gap_eV,146,0.04932042211294174,0.0006656361510977149,0.6837320413270869,0.9667709838912364,0.26507124304771423,0.0011497394880279899,0.00433747348376463,0.1
24,octanol_hl_gap_eV,147,0.09964685142040253,0.0008806107216514647,0.6715080749381341,0.975016990710124,0.23809948563575745,0.0015950137749314308,0.0066989383478613185,0.12
24,octanol_hl_gap_eV,148,0.037470802664756775,0.00167731789406389,0.6156704296383995,0.9614317322046158,0.3592022657394409,0.003745534224435687,0.010427368036571998,0.08
24,octanol_hl_gap_eV,149,0.26524150371551514,0.0019374514231458306,0.6402984507871865,0.9142204308062085,0.4235607087612152,0.05975780636072159,0.14108439504574158,0.14
24,octanol_hl_gap_eV,150,0.05522590130567551,0.0017909586895257235,0.6441909968804276,0.9755800908935992,0.3305965065956116,0.0009286027052439749,0.00280887028966658,0.1
24,octanol_hl_gap_eV,151,0.039188191294670105,0.0015958910807967186,0.6298799115092699,0.9764067390010787,0.40407317876815796,0.0008774554007686675,0.0021715259682507124,0.06
24,octanol_hl_gap_eV,152,0.0846681073307991,0.0010293248342350125,0.6772333678451739,0.9584230270911833,0.3332591652870178,0.0007394008571282029,0.002218696240481181,0.24
24,octanol_hl_gap_eV,153,0.06478412449359894,0.0026041697710752487,0.6279898919625801,0.9675848075398692,0.46741634607315063,0.0021131320390850306,0.004520877493561865,0.0
24,octanol_hl_gap_eV,154,0.1484070122241974,0.0014919533859938383,0.6362410356508519,0.935634829606814,0.3867388069629669,0.025724705308675766,0.0665170002221657,0.04
24,octanol_hl_gap_eV,155,0.0385567806661129,0.0038945372216403484,0.6370296595893243,0.9706440490206139,0.8632857799530029,0.0013428162783384323,0.0015554713277120525,0.02
24,octanol_hl_gap_eV,156,0.045223169028759,0.0026106368750333786,0.6069374610997793,0.9692670814940874,0.46036297082901,0.0021565782371908426,0.004684517161116002,0.06
24,octanol_hl_gap_eV,157,0.10843532532453537,0.0012643582886084914,0.6465183921286244,0.9683455380924983,0.30128493905067444,0.0005634553381241858,0.0018701742606171752,0.14
24,octanol_hl_gap_eV,158,0.10012664645910263,0.0008494803332723677,0.6834175422408404,0.9684340382434178,0.29732033610343933,0.0008318344480358064,0.0027977717869470146,0.14
24,octanol_hl_gap_eV,159,0.05711475759744644,0.0011276704026386142,0.6262465276435814,0.9776649428188608,0.22290737926959991,0.0018397975945845246,0.008253641492771505,0.12
24,octanol_hl_gap_eV,160,0.04094651713967323,0.001056501641869545,0.6247397876716327,0.972836662497955,0.2634643614292145,0.00048282244824804366,0.0018325911164184707,0.02
24,octanol_hl_gap_eV,161,0.11938832700252533,0.0023888973519206047,0.6232059121458664,0.9775652692242918,0.58050137758255,0.00453124288469553,0.007805740106191506,0.22
24,octanol_hl_gap_eV,162,0.019567877054214478,0.0015777630032971501,0.6231627356211578,0.964294091514641,0.2143031805753708,0.0009705055272206664,0.004528656665827403,0.02
24,octanol_hl_gap_eV,163,0.05584387853741646,0.003173135919496417,0.6395856738773664,0.9809203145875214,0.5742992162704468,0.0013206795556470752,0.00229963670196817,0.06
24,octanol_hl_gap_eV,164,0.05749599635601044,0.0027137016877532005,0.6257698125334976,0.9754284295835269,0.4250144064426422,0.003296369919553399,0.007755901610827539,0.0
24,octanol_hl_gap_eV,165,0.043379876762628555,0.0009375277440994978,0.6446166864638896,0.9646702633336841,0.21775022149085999,0.0008598366985097528,0.003948729386462848,0.0
24,octanol_hl_gap_eV,166,0.3922956883907318,0.0010067885741591454,0.6663505150709068,0.8909148201860502,0.33061492443084717,0.061435356736183167,0.18582148655855144,0.18
24,octanol_hl_gap_eV,167,0.10227557271718979,0.0009449212229810655,0.6725324178762175,0.9701658854215949,0.3032921254634857,0.0006881694425828755,0.0022689987138018405,0.22
24,octanol_hl_gap_eV,168,0.13420599699020386,0.0032353978604078293,0.6076612104447459,0.9358776974327705,0.5979999303817749,0.11691433191299438,0.19550893900331054,0.08
24,octanol_hl_gap_eV,169,0.11037798970937729,0.0018965972121804953,0.6423075979366806,0.9808196782693128,0.3114900290966034,0.003663943847641349,0.011762636056979655,0.18
24,octanol_hl_gap_eV,170,0.05877929925918579,0.001196179655380547,0.618754279049271,0.9829289832257186,0.21968789398670197,0.002018512226641178,0.00918809038591522,0.08
24,octanol_hl_gap_eV,171,0.03716737776994705,0.006069691386073828,0.6466029734626562,0.9702362689504243,1.2386687994003296,0.001978198764845729,0.001597036080834057,0.02
24,octanol_hl_gap_eV,172,0.08073759824037552,0.0012732598697766662,0.6439839183600458,0.9783660158605463,0.27445006370544434,0.0013212539488449693,0.004814187072891393,0.14
24,octanol_hl_gap_eV,173,0.07372439652681351,0.0018708003917708993,0.6434584536774162,0.9803679593598076,0.4821440875530243,0.0006320349057205021,0.0013108838665391567,0.04
24,octanol_hl_gap_eV,174,0.21339784562587738,0.001483170548453927,0.6228339116806123,0.9256954521678242,0.418613076210022,0.04049050435423851,0.09672536921403778,0.12
24,octanol_hl_gap_eV,175,0.019540058448910713,0.001729344017803669,0.6476687652629041,0.9569171110453902,0.3942498564720154,0.000951795547734946,0.0024141937710572287,0.04
24,octanol_hl_gap_eV,176,0.22283485531806946,0.004246887750923634,0.6017061807990833,0.9232728187148562,0.7826442122459412,0.16337047517299652,0.2087416895400976,0.18
24,octanol_hl_gap_eV,177,0.09110476076602936,0.000850516022183001,0.6676769566128151,0.9682180273040422,0.22661733627319336,0.0009169193217530847,0.00404611287394056,0.1
24,octanol_hl_gap_eV,178,0.04163877293467522,0.0014499761164188385,0.6206100759869058,0.9673509255481652,0.3516833186149597,0.0010419859318062663,0.002962852875450382,0.02
24,octanol_hl_gap_eV,179,0.31328415870666504,0.0014252582332119346,0.630803656414628,0.9086506535763466,0.34406524896621704,0.06548040360212326,0.1903139122560809,0.24
24,octanol_hl_gap_eV,180,0.013812713325023651,0.0010917719919234514,0.6409361691399069,0.9645625677540846,0.21768519282341003,0.0008595864637754858,0.00394875945684003,0.1
24,octanol_hl_gap_eV,181,0.14097973704338074,0.0012068399228155613,0.6357617812235696,0.9419975853124776,0.28241246938705444,0.005292038898915052,0.018738687106843573,0.1
24,octanol_hl_gap_eV,182,0.06255464255809784,0.0016317990375682712,0.6262973700979968,0.9675339406785235,0.2549794614315033,0.0007422061753459275,0.002910846901860411,0.06
24,octanol_hl_gap_eV,183,0.06676925718784332,0.0022564977407455444,0.6325991235566448,0.9833067630756098,0.48102501034736633,0.00246627745218575,0.0051271293573794795,0.22
24,octanol_hl_gap_eV,184,0.0574977844953537,0.001621999777853489,0.6350348852474312,0.9752617789248628,0.43247225880622864,0.0006077797734178603,0.0014053612943765233,0.08
24,octanol_hl_gap_eV,185,0.0738222524523735,0.0016381886089220643,0.6392240924050843,0.9684661151233591,0.302715927362442,0.0041550761088728905,0.013725991047369022,0.1
24,octanol_hl_gap_eV,186,0.07515005022287369,0.0020579819101840258,0.624192839725813,0.9725656310946273,0.3763774037361145,0.0036549195647239685,0.009710783719860354,0.08
24,octanol_hl_gap_eV,187,0.07053631544113159,0.0017619464779272676,0.6405681996316248,0.9627906175591086,0.4190983772277832,0.0017748844111338258,0.004235006641815657,0.08
24,octanol_hl_gap_eV,188,0.05541430041193962,0.0015438213013112545,0.6321219602535011,0.9713941412864677,0.290396511554718,0.0014573518419638276,0.005018489492733544,0.06
24,octanol_hl_gap_eV,189,0.05862608924508095,0.0008814212633296847,0.6755198109717611,0.9617128719170054,0.2863154113292694,0.0006229790742509067,0.002175848905089032,0.1
24,octanol_hl_gap_eV,190,0.08038626611232758,0.0008888077572919428,0.6665569059018037,0.9698754765543853,0.28557875752449036,0.001030612620525062,0.003608856027874132,0.06
24,octanol_hl_gap_eV,191,0.06834470480680466,0.002071972703561187,0.6346740528550965,0.9699549340176923,0.5147372484207153,0.0016416643047705293,0.0031893248639133483,0.08
24,octanol_hl_gap_eV,192,0.04754042997956276,0.0015960680320858955,0.6449985232098672,0.9571691870661583,0.3038078546524048,0.0006505548371933401,0.0021413364639227593,0.04
24,octanol_hl_gap_eV,193,0.10545175522565842,0.0012251880252733827,0.6478882572859062,0.9738206488841266,0.3087003827095032,0.0014462178805842996,0.00468485937040524,0.08
24,octanol_hl_gap_eV,194,0.14772570133209229,0.0011898883385583758,0.6680814291451593,0.9686479556599692,0.3392963707447052,0.0006559771718457341,0.0019333456777211073,0.24
24,octanol_hl_gap_eV,195,0.4276634454727173,0.0014043720439076424,0.6174584399468903,0.9160446925206729,0.23853175342082977,0.0860745832324028,0.3608516769695885,0.42
24,octanol_hl_gap_eV,196,0.12801161408424377,0.0018831412307918072,0.6336525254806125,0.9773596523646777,0.25446847081184387,0.00637805974110961,0.025064243600636877,0.06
24,octanol_hl_gap_eV,197,0.03403697535395622,0.005087779834866524,0.649481154758228,0.9774760510540468,1.0160342454910278,0.003713291836902499,0.0036546916143637893,0.06
24,octanol_hl_gap_eV,198,0.07497875392436981,0.001469810027629137,0.6212115443679269,0.9765277366398373,0.36539605259895325,0.0013882708735764027,0.003799359253341807,0.2
24,octanol_hl_gap_eV,199,0.08154615759849548,0.0011363275116309524,0.663861433723993,0.956535508390723,0.2762814164161682,0.003524349769577384,0.012756376506585537,0.18
24,octanol_hl_gap_eV,200,0.1964704394340515,0.001420640735886991,0.6181294106494588,0.9767527802797475,0.3162464201450348,0.0023774353321641684,0.007517667175722796,0.12
24,octanol_hl_gap_eV,201,0.18538382649421692,0.001940205111168325,0.6465471922799113,0.9478371867836781,0.3663422763347626,0.031376488506793976,0.08564801425790734,0.04
24,octanol_hl_gap_eV,202,0.11364080756902695,0.0013815496349707246,0.6404043696084873,0.9793828916851055,0.25513237714767456,0.0017507297452539206,0.006862044577903851,0.16
24,octanol_hl_gap_eV,203,0.12124025821685791,0.0015786433359608054,0.632976925501008,0.9725298008047267,0.3077971637248993,0.002249529818072915,0.007308481309085367,0.22
24,octanol_hl_gap_eV,204,0.8118767142295837,0.0013158925576135516,0.6624624054268433,0.9305751475487196,0.34075918793678284,0.36625075340270996,1.0748081529958813,0.16
24,octanol_hl_gap_eV,205,0.04587899520993233,0.0013312012888491154,0.6341752125157645,0.9761500966506329,0.26916947960853577,0.000556698243599385,0.0020682071548714,0.24
24,octanol_hl_gap_eV,206,0.06687711179256439,0.001254261122085154,0.6660873941828613,0.9782464999177827,0.3000606596469879,0.0009269318543374538,0.0030891482256553077,0.18
24,octanol_hl_gap_eV,207,0.07110057026147842,0.001279340940527618,0.6401007962500638,0.9749419598163873,0.2989295721054077,0.0010916247265413404,0.003651778975404998,0.06
24,octanol_hl_gap_eV,208,0.03621797636151314,0.002123070415109396,0.6292116970371988,0.9554046970105639,0.4086105525493622,0.0011232539545744658,0.0027489597308889154,0.0
24,octanol_hl_gap_eV,209,0.06504715979099274,0.0012976800790056586,0.656345873758915,0.974076862949413,0.3567051589488983,0.002757404465228319,0.007730206295175411,0.1
24,octanol_hl_gap_eV,210,0.043886858969926834,0.0014406334375962615,0.6389395876430808,0.9768345738031865,0.3742273151874542,0.000994464848190546,0.0026573817779506786,0.08
24,octanol_hl_gap_eV,211,0.16784217953681946,0.0010632348712533712,0.6408188382238926,0.9828449634238989,0.22509312629699707,0.006046237889677286,0.02686105075327637,0.1
24,octanol_hl_gap_eV,212,0.025800487026572227,0.0011055860668420792,0.6220443171946952,0.9700981333316518,0.24283921718597412,0.0007583459955640137,0.0031228316593659906,0.08
24,octanol_hl_gap_eV,213,0.09843145310878754,0.00169628974981606,0.6132841427982862,0.9854273271107166,0.3113177716732025,0.0030359970405697823,0.009752083937426928,0.1
24,octanol_hl_gap_eV,214,0.10775139182806015,0.0015122070908546448,0.6498427295915685,0.9804368232515315,0.37838515639305115,0.0010296425316482782,0.002721149374524426,0.14
24,octanol_hl_gap_eV,215,0.1175699457526207,0.0010710638016462326,0.6656433241091466,0.9755330103069375,0.342820405960083,0.0010775119299069047,0.0031430799076539425,0.08
24,octanol_hl_gap_eV,216,0.11464347690343857,0.001491712755523622,0.6330282384765895,0.9558619614128823,0.3507091701030731,0.0005409903242252767,0.0015425611028827108,0.04
24,octanol_hl_gap_eV,217,0.08164273202419281,0.0017580750863999128,0.6341814845844673,0.9795399650463092,0.4002419114112854,0.002500165719538927,0.006246636467238376,0.08
24,octanol_hl_gap_eV,218,0.08902955055236816,0.0011968136532232165,0.6374190762020628,0.9779678146549464,0.2956206500530243,0.0034231566824018955,0.011579558741203965,0.16
24,octanol_hl_gap_eV,219,0.10215036571025848,0.0013524434762075543,0.6218177448219244,0.96907266782852,0.23881348967552185,0.0008363392553292215,0.0035020603587576377,0.2
24,octanol_hl_gap_eV,220,0.29702088236808777,0.0013124012621119618,0.6270476657431958,0.9161073167383933,0.27189862728118896,0.07595466822385788,0.27934921549018327,0.2
24,octanol_hl_gap_eV,221,0.050272293388843536,0.0015460693975910544,0.6378663639574065,0.9596322087738485,0.32110971212387085,0.0025012183468788862,0.007789295223540357,0.0
24,octanol_hl_gap_eV,222,0.12500646710395813,0.001273101894184947,0.6534702812684394,0.9773416386232958,0.3051697015762329,0.0032198659610003233,0.010551066978043313,0.16
24,octanol_hl_gap_eV,223,0.13261353969573975,0.0011143151205033064,0.6530997059488695,0.9356980301346531,0.2416502684354782,0.017912376672029495,0.07412520908004779,0.02
24,octanol_hl_gap_eV,224,0.06284383684396744,0.0016395007260143757,0.6116112182649767,0.9633188199754497,0.30183348059654236,0.0012263570679351687,0.004063025299616868,0.1
24,octanol_hl_gap_eV,225,0.1263934075832367,0.001978445565328002,0.6245153815765823,0.9779176520209885,0.38408195972442627,0.0036602134350687265,0.009529771816658303,0.08
24,octanol_hl_gap_eV,226,0.09197673201560974,0.0007828482775948942,0.6664701688317571,0.938570344234436,0.28810444474220276,0.012991217896342278,0.04509204260269876,0.14
24,octanol_hl_gap_eV,227,0.19574381411075592,0.0014815069735050201,0.6400405147333277,0.9453235708166632,0.3503537178039551,0.019716592505574226,0.05627624741406883,0.16
24,octanol_hl_gap_eV,228,0.04319264367222786,0.0010980508523061872,0.6428858122943535,0.9799670763123218,0.2804848253726959,0.0006369181210175157,0.002270775683394661,0.08
24,octanol_hl_gap_eV,229,0.0384456068277359,0.0011137304827570915,0.6569406652266638,0.9722529179619921,0.2794336676597595,0.0007716093678027391,0.0027613328567918176,0.08
24,octanol_hl_gap_eV,230,0.03561560437083244,0.0022704422008246183,0.623932275959517,0.9706576642929834,0.3868050277233124,0.0018565570935606956,0.004799723272699339,0.0
24,octanol_hl_gap_eV,231,0.027560321614146233,0.0007792768301442266,0.6524016291805068,0.9780911933587118,0.306356281042099,0.0004002664645668119,0.0013065391158466502,0.02
24,octanol_hl_gap_eV,232,0.10684312880039215,0.003671096172183752,0.6093080462406937,0.9150256111558057,0.7575870156288147,0.10947310924530029,0.14450235680773263,0.04
24,octanol_hl_gap_eV,233,0.04779302328824997,0.002913619624450803,0.6207881926660184,0.9743922087749866,0.6939619779586792,0.0022690286859869957,0.0032696729187691913,0.04
24,octanol_hl_gap_eV,234,0.061876460909843445,0.002267099916934967,0.6232372436621925,0.9646097427972706,0.5023640394210815,0.0029237905982881784,0.005820063477587927,0.06
24,octanol_hl_gap_eV,235,0.22788655757904053,0.0022016558796167374,0.6252805688046494,0.9773004239871155,0.5362251996994019,0.001805005595088005,0.003366133475449976,0.22
24,octanol_hl_gap_eV,236,0.08988198637962341,0.0013336477568373084,0.642250873681091,0.97592519922272,0.3010452091693878,0.0008016257197596133,0.0026628084265860746,0.1
24,octanol_hl_gap_eV,237,0.03059564158320427,0.0012580623151734471,0.6334726118952974,0.9800134113707377,0.2420763373374939,0.0014805154642090201,0.006115903274531704,0.02
24,octanol_hl_gap_eV,238,0.04662279412150383,0.003132173093035817,0.6195371388040685,0.9853332438498001,0.5501751899719238,0.011320676654577255,0.020576494289309855,0.04
24,octanol_hl_gap_eV,239,0.12384023517370224,0.001104768831282854,0.6540909727582662,0.9100716884489772,0.3288324773311615,0.033106595277786255,0.10067921376405037,0.02
24,octanol_hl_gap_eV,240,0.06100123003125191,0.0011449545854702592,0.605211856073353,0.9672940362871465,0.2477157562971115,0.0036797511857002974,0.014854732055423982,0.02
24,octanol_hl_gap_eV,241,0.05713636428117752,0.0009313379414379597,0.6592330771505153,0.9595048955666938,0.3427336812019348,0.0013504259986802936,0.003940161334434586,0.02
24,octanol_hl_gap_eV,242,0.07868204265832901,0.0011487524025142193,0.643818909517583,0.9621129170372531,0.31395167112350464,0.0009090474341064692,0.0028955011796986466,0.02
24,octanol_hl_gap_eV,243,0.11303771287202835,0.0012873976957052946,0.6431429771129533,0.9722371041567694,0.36187881231307983,0.0015391524648293853,0.004253226252709666,0.1
24,octanol_hl_gap_eV,244,0.09508475661277771,0.001320313080213964,0.6684021194656915,0.9721887892077345,0.3094390630722046,0.0023843960370868444,0.007705543099225546,0.08
24,octanol_hl_gap_eV,245,0.05486831068992615,0.004335507750511169,0.641205639051069,0.9784883118702752,0.8409794569015503,0.003317876486107707,0.00394525271560363,0.0
24,octanol_hl_gap_eV,246,0.3176243305206299,0.0012079651933163404,0.6737872455949929,0.8964744156361808,0.3547380566596985,0.07019486278295517,0.19787801580672626,0.06
24,octanol_hl_gap_eV,247,0.07356324046850204,0.0008625328773632646,0.6515236855584023,0.9794088185272822,0.2919604480266571,0.0007883708458393812,0.0027002659133041197,0.22
24,octanol_hl_gap_eV,248,0.17448905110359192,0.0017382397782057524,0.6486304964887555,0.9863584072112999,0.33590540289878845,0.002378326142206788,0.007080345006904818,0.1
24,octanol_hl_gap_eV,249,0.14948756992816925,0.0029835649766027927,0.6394095191049327,0.9483471174280258,0.6892892122268677,0.01796264387667179,0.026059661979389425,0.06
24,octanol_dipole,0,0.13550034165382385,0.019006863236427307,0.6144555141596317,0.9722238154238845,3.597219944000244,0.00984108168631792,0.0027357464485127554,0.1
24,octanol_dipole,1,0.39403316378593445,0.014696965925395489,0.6131066844392161,0.8974119204975417,2.7664849758148193,0.6370621919631958,0.23027856559226764,0.18
24,octanol_dipole,2,0.4090628921985626,0.014835606329143047,0.6201901345014127,0.9162717623656613,3.0479650497436523,0.4952421486377716,0.16248288302368288,0.22
24,octanol_dipole,3,0.07220115512609482,0.01912817545235157,0.6106867810389041,0.9625462370064581,3.5990312099456787,0.007254701107740402,0.0020157372038598965,0.0
24,octanol_dipole,4,0.08351847529411316,0.009883852675557137,0.6124288530265571,0.9538347623123555,1.7957358360290527,0.025537757202982903,0.014221332943633327,0.06
24,octanol_dipole,5,0.08246786892414093,0.024540608748793602,0.6280795843284839,0.9542230033271086,4.886716365814209,0.015397208742797375,0.003150829225635227,0.02
24,octanol_dipole,6,0.29949960112571716,0.014066287316381931,0.6097842135699278,0.908757411053261,2.7577383518218994,0.41865435242652893,0.15181075904098915,0.2
24,octanol_dipole,7,0.12608088552951813,0.019289864227175713,0.6180018724225935,0.9604217946092506,3.694417953491211,0.007500567939132452,0.002030243473682896,0.1
24,octanol_dipole,8,0.17777326703071594,0.014750566333532333,0.6157182694075589,0.9583626180461366,2.828139543533325,0.01140067633241415,0.004031157641595987,0.18
24,octanol_dipole,9,0.13117490708827972,0.018322186544537544,0.61568200198608,0.9545123106349,3.6814424991607666,0.01979668438434601,0.005377425938028075,0.1
24,octanol_dipole,10,0.18214742839336395,0.015346381813287735,0.6076947602129292,0.9520561506049536,2.934089183807373,0.07877811044454575,0.026849255598400255,0.14
24,octanol_dipole,11,0.1661369353532791,0.029227998107671738,0.6179388258228216,0.9476641658449838,5.536615371704102,0.1368291676044464,0.024713504265392393,0.1
24,octanol_dipole,12,0.34109026193618774,0.020742980763316154,0.6113697105351514,0.8955095950802134,4.026186943054199,0.6162983775138855,0.1530724693688395,0.18
24,octanol_dipole,13,0.13297797739505768,0.015644170343875885,0.6147978626222643,0.9392992912343712,2.937605381011963,0.049824588000774384,0.016960953408796702,0.08
24,octanol_dipole,14,0.06842444092035294,0.013429457321763039,0.6057024489259268,0.9710095987848231,2.5103607177734375,0.002541209803894162,0.001012288706520267,0.08
24,octanol_dipole,15,0.1549813598394394,0.017834441736340523,0.6095646384774054,0.9292943503327531,3.3157784938812256,0.09668401628732681,0.029158768134162984,0.02
24,octanol_dipole,16,0.0872228816151619,0.015386161394417286,0.6168667727431125,0.9803372949079192,2.934793472290039,0.007118058856576681,0.0024254036693840716,0.08
24,octanol_dipole,17,0.15941961109638214,0.013627604581415653,0.6125619037970511,0.9247620771777609,2.5673062801361084,0.12784984707832336,0.04979921876385753,0.04
24,octanol_dipole,18,0.036326538771390915,0.013902662321925163,0.6120457621711319,0.9649528052577876,2.689708709716797,0.007796643767505884,0.00289869447176189,0.02
24,octanol_dipole,19,0.2550259232521057,0.01346211601048708,0.6118318733650645,0.930607828333953,2.53890061378479,0.25331106781959534,0.09977195107372851,0.12
24,octanol_dipole,20,0.11423903703689575,0.009473246522247791,0.6266004323777614,0.9705562893696664,1.7734363079071045,0.05345731973648071,0.030143354739120914,0.04
24,octanol_dipole,21,0.0763983204960823,0.03379765525460243,0.6282605293657662,0.9634334115502412,6.869122505187988,0.017385998740792274,0.002531036348188766,0.04
24,octanol_dipole,22,0.12548865377902985,0.014777099713683128,0.6093351992685854,0.9624742314110444,2.7705767154693604,0.005856006406247616,0.0021136416737897678,0.1
24,octanol_dipole,23,0.1879945695400238,0.016872968524694443,0.617524800367647,0.9555213023269036,3.218611478805542,0.05356549471616745,0.01664242331480348,0.04
24,octanol_dipole,24,0.41822758316993713,0.01248221192508936,0.6144744920793901,0.9002568326137599,2.4569101333618164,0.5394981503486633,0.21958399821912178,0.2
24,octanol_dipole,25,0.4252431392669678,0.017916947603225708,0.6153629180255771,0.9094417006306805,3.614583969116211,0.5784207582473755,0.16002415857247412,0.3
24,octanol_dipole,26,0.13801927864551544,0.01324306707829237,0.6150937591483487,0.9707143266961622,2.555190324783325,0.025848351418972015,0.01011601803915092,0.12
24,octanol_dipole,27,0.11020524054765701,0.024117566645145416,0.6095670542506801,0.9744400127156856,4.52333927154541,0.008142651990056038,0.0018001417760720125,0.08
24,octanol_dipole,28,0.05507652088999748,0.018247179687023163,0.6119313876151198,0.9632348972962081,3.4365017414093018,0.007728131487965584,0.0022488367734090813,0.06
24,octanol_dipole,29,0.3633509874343872,0.013947711326181889,0.6172123479312017,0.9102333679883492,2.7019662857055664,0.398324191570282,0.1474201190731243,0.22
24,octanol_dipole,30,0.23944993317127228,0.016888413578271866,0.6149179965042886,0.960845859752046,3.24470853805542,0.059713102877140045,0.01840322549060958,0.14
24,octanol_dipole,31,0.10562305897474289,0.013851068913936615,0.6147343177310305,0.9577886109992488,2.69584584236145,0.012780374847352505,0.0047407661990633045,0.1
24,octanol_dipole,32,0.2299836277961731,0.011884688399732113,0.615893548039151,0.9491224457270229,2.303279399871826,0.09152352809906006,0.03973618142208592,0.2
24,octanol_dipole,33,0.18543407320976257,0.01086412277072668,0.6172904991018782,0.959072330452885,2.0490643978118896,0.04135855659842491,0.020184117513627187,0.08
24,octanol_dipole,34,0.09686990827322006,0.019461989402770996,0.6164682988744179,0.9675884859401673,3.927356243133545,0.008878831751644611,0.002260765563900157,0.04
24,octanol_dipole,35,0.15779538452625275,0.012986157089471817,0.6179316091585032,0.9540836165221984,2.4869916439056396,0.024024533107876778,0.009660077936630295,0.08
24,octanol_dipole,36,0.34279292821884155,0.0122878048568964,0.6141756077595675,0.8916157158334079,2.407351493835449,0.49087586998939514,0.20390702032768807,0.14
24,octanol_dipole,37,0.08454478532075882,0.008990277536213398,0.6136399117872764,0.9578545590267487,1.6839497089385986,0.024040957912802696,0.014276529628640646,0.06
24,octanol_dipole,38,0.13994523882865906,0.01515060942620039,0.6152759998726671,0.9594517593291005,2.865708112716675,0.03168438747525215,0.011056390333213501,0.02
24,octanol_dipole,39,0.11743318289518356,0.013938525691628456,0.6155466187166094,0.9611199302173958,2.6438775062561035,0.018055375665426254,0.006829127152336872,0.14
24,octanol_dipole,40,0.2134982794523239,0.00819317251443863,0.6188550731862701,0.9384634758414623,1.5338854789733887,0.17712463438510895,0.11547448412097647,0.08
24,octanol_dipole,41,0.14510580897331238,0.015700077638030052,0.6161985287434344,0.9474927050298123,2.9808661937713623,0.010842904448509216,0.0036375012307381972,0.06
24,octanol_dipole,42,0.08406929671764374,0.01801142655313015,0.617734695812368,0.9528052113756122,3.4635379314422607,0.003086670534685254,0.0008911900478017649,0.08
24,octanol_dipole,43,0.11551189422607422,0.016236985102295876,0.6124634758452401,0.9490517655821544,3.054138660430908,0.007467764429748058,0.0024451294653054264,0.04
24,octanol_dipole,44,0.1316951960325241,0.01597827486693859,0.6155702213696193,0.9615515463111994,3.03220796585083,0.007557046599686146,0.00249225867249038,0.08
24,octanol_dipole,45,0.3891434967517853,0.012025286443531513,0.6192571536712936,0.9002074105968507,2.3722360134124756,0.5500773787498474,0.23188138770330774,0.1
24,octanol_dipole,46,0.3013503849506378,0.020996779203414917,0.6109096339630882,0.8939614989487763,3.9755148887634277,0.5294013619422913,0.133165483404078,0.08
24,octanol_dipole,47,0.11801017075777054,0.013581594452261925,0.6116164755248357,0.9607884960384987,2.5692875385284424,0.016184508800506592,0.006299220526238281,0.08
24,octanol_dipole,48,0.28180113434791565,0.014684122055768967,0.612333409541209,0.9252305160944592,2.891594648361206,0.2120818793773651,0.07334426334533481,0.2
24,octanol_dipole,49,0.16501277685165405,0.024739740416407585,0.6249669357427481,0.9220297463731044,5.195532321929932,0.2549678683280945,0.04907444560625583,0.1
24,octanol_dipole,50,0.12865222990512848,0.018112827092409134,0.6134695582306178,0.9687008990338954,3.603621244430542,0.011249489150941372,0.0031217179575482993,0.14
24,octanol_dipole,51,0.13430193066596985,0.013650628738105297,0.6162460961327738,0.9713137107239522,2.5852952003479004,0.011036348529160023,0.004268892978904255,0.1
24,octanol_dipole,52,0.12260572612285614,0.01603277213871479,0.608226963237233,0.9720898299363465,3.1171138286590576,0.010456575080752373,0.0033545695330769033,0.1
24,octanol_dipole,53,0.18018072843551636,0.014866267330944538,0.6216676866686812,0.9394680391358428,2.860412359237671,0.07987114787101746,0.027922948805991013,0.04
24,octanol_dipole,54,0.15086007118225098,0.01788029819726944,0.6182877013744006,0.9661821921424503,3.4777445793151855,0.005504321306943893,0.0015827273054157898,0.1
24,octanol_dipole,55,0.1331232786178589,0.014433088712394238,0.6144518689553411,0.9593837037087509,2.8053486347198486,0.010889129713177681,0.0038815602376155666,0.08
24,octanol_dipole,56,0.2896275818347931,0.011976316571235657,0.6185764113691494,0.9302790834380608,2.3083901405334473,0.33365797996520996,0.14454141616118008,0.2
24,octanol_dipole,57,0.10103091597557068,0.01999281346797943,0.6088483835271332,0.960221241671682,3.7993369102478027,0.010652786120772362,0.0028038540335917615,0.08
24,octanol_dipole,58,0.13113045692443848,0.014979730360209942,0.613652351186587,0.9547564578892549,2.866950273513794,0.007003385573625565,0.002442799806584043,0.06
24,octanol_dipole,59,0.14181983470916748,0.016291644424200058,0.6136709340134108,0.9668470523047634,3.065077066421509,0.010746220126748085,0.003506019553137809,0.12
24,octanol_dipole,60,0.11232565343379974,0.016605671495199203,0.6102531889484819,0.9653728808386581,3.1523447036743164,0.009844412095844746,0.003122885668045844,0.08
24,octanol_dipole,61,0.2812916338443756,0.014135690405964851,0.614682422180286,0.9227500748931063,2.693610191345215,0.2947549819946289,0.10942748247006945,0.16
24,octanol_dipole,62,0.16381917893886566,0.010922480374574661,0.6146043986888192,0.9625640886152012,2.1102123260498047,0.017809206619858742,0.008439533027084788,0.12
24,octanol_dipole,63,0.4193430244922638,0.01903083361685276,0.6099153031180387,0.8947797683881367,3.724128246307373,0.8584347367286682,0.23050622318923675,0.26
24,octanol_dipole,64,0.22969356179237366,0.01218059379607439,0.6117397926008079,0.9418518034797865,2.318737745285034,0.0574420690536499,0.024772990895780996,0.18
24,octanol_dipole,65,0.13457639515399933,0.009223641827702522,0.6133135804432392,0.962665435895228,1.7481999397277832,0.03269124776124954,0.018699947882586006,0.08
24,octanol_dipole,66,0.15897126495838165,0.0165836364030838,0.616639898043007,0.9563647956238714,3.1597483158111572,0.00864019338041544,0.0027344562024704698,0.12
24,octanol_dipole,67,0.22309793531894684,0.018715929239988327,0.6058590852284904,0.9288491563480334,3.5366716384887695,0.12225618213415146,0.034568146164225724,0.12
24,octanol_dipole,68,0.08063875883817673,0.016554856672883034,0.605123517462238,0.9689360897422239,3.023803234100342,0.0059658680111169815,0.0019729683280439968,0.1
24,octanol_dipole,69,0.14701026678085327,0.016651390120387077,0.6101264551586625,0.9680074074984206,3.1695621013641357,0.011164981871843338,0.0035225629013667485,0.14
24,octanol_dipole,70,0.08647796511650085,0.009188045747578144,0.6111119914403296,0.959520891921902,1.6888785362243652,0.008212997578084469,0.004862988901762787,0.12
24,octanol_dipole,71,0.243372842669487,0.02224051021039486,0.6073441593477684,0.909756382391897,4.2869367599487305,0.4157197177410126,0.09697360633469769,0.16
24,octanol_dipole,72,0.3375503122806549,0.013458679430186749,0.617133242893867,0.914106081641068,2.5818562507629395,0.3777693212032318,0.14631694583755422,0.14
24,octanol_dipole,73,0.12945064902305603,0.012937470339238644,0.6122864019883396,0.9703450893445766,2.4559810161590576,0.005750022828578949,0.0023412326034879085,0.12
24,octanol_dipole,74,0.4409532845020294,0.013604803010821342,0.6249914446616522,0.8996458898246675,2.680730104446411,0.7008782625198364,0.2614505135587204,0.16
24,octanol_dipole,75,0.11630618572235107,0.013826349750161171,0.6132846280791904,0.9540385467986647,2.601957321166992,0.026443859562277794,0.010163064300538788,0.1
24,octanol_dipole,76,0.2627928555011749,0.01067870482802391,0.6157238299425067,0.9023605211858641,2.0294172763824463,0.3127298355102539,0.15409834101132366,0.16
24,octanol_dipole,77,0.13131840527057648,0.013898412697017193,0.6104544015071518,0.968907550929573,2.708564519882202,0.01631578803062439,0.006023776768416791,0.08
24,octanol_dipole,78,0.12303576618432999,0.0061405133455991745,0.6311519869610405,0.9669692894581721,1.1109923124313354,0.041517868638038635,0.037370077338500604,0.04
24,octanol_dipole,79,0.12456855177879333,0.018354129046201706,0.6176884658612576,0.9642435328204464,3.5284903049468994,0.01135950069874525,0.003219365710830882,0.1
24,octanol_dipole,80,0.14012672007083893,0.0120211998000741,0.6148547115015286,0.9468295645551392,2.2560577392578125,0.016689252108335495,0.007397528803418768,0.06
24,octanol_dipole,81,0.24529071152210236,0.020436570048332214,0.6196305765180059,0.9233140668725883,3.9802870750427246,0.30494529008865356,0.07661389350550306,0.1
24,octanol_dipole,82,0.3528338670730591,0.01640961691737175,0.617262668514734,0.9087522440706228,3.219259023666382,0.5577855706214905,0.1732652037381677,0.16
24,octanol_dipole,83,0.3092215657234192,0.015379689633846283,0.611946232027869,0.921958937983173,3.0239670276641846,0.34075579047203064,0.11268502181230529,0.18
24,octanol_dipole,84,0.13225093483924866,0.003359828144311905,0.6242501370430322,0.9579047242317189,0.5151874423027039,0.02734285593032837,0.053073607167355576,0.12
24,octanol_dipole,85,0.14407607913017273,0.014582186006009579,0.6079674671908248,0.9346688129230738,2.75129771232605,0.10213636606931686,0.03712297858997127,0.06
24,octanol_dipole,86,0.15564315021038055,0.007525500375777483,0.6153929110695804,0.9653241906991454,1.3635095357894897,0.03104577586054802,0.02276901997797332,0.08
24,octanol_dipole,87,0.3394082188606262,0.015065811574459076,0.6124034232435285,0.893297706023436,2.9551239013671875,0.5112244486808777,0.17299594390758363,0.18
24,octanol_dipole,88,0.1306907832622528,0.007546653505414724,0.6128823025475572,0.9542081307602834,1.326068639755249,0.038417261093854904,0.028970793775008157,0.1
24,octanol_dipole,89,0.11643866449594498,0.01389132346957922,0.6173225796659978,0.9623638213447796,2.664015054702759,0.0036469867918640375,0.0013689812996462046,0.08
24,octanol_dipole,90,0.18960396945476532,0.01240132562816143,0.6144201550668682,0.940749932180772,2.3268439769744873,0.06964173167943954,0.029929695488217573,0.12
24,octanol_dipole,91,0.0699305534362793,0.008216728456318378,0.6206201022394071,0.9682935557402883,1.4852640628814697,0.022859588265419006,0.015390925315374912,0.04
24,octanol_dipole,92,0.39410871267318726,0.016927748918533325,0.6020246672830729,0.9035808931211431,3.131124973297119,0.5953795313835144,0.19014876009773934,0.16
24,octanol_dipole,93,0.10147061198949814,0.01741880550980568,0.6169337645696855,0.9607052246738472,3.3080849647521973,0.008933662436902523,0.0027005541067086007,0.06
24,octanol_dipole,94,0.2297772914171219,0.010608648881316185,0.6123031061879962,0.9510519483378461,2.0328660011291504,0.09219770133495331,0.045353555661682726,0.18
24,octanol_dipole,95,0.4751282036304474,0.01248411275446415,0.6168356708872893,0.9083656264063908,2.4582040309906006,0.843756914138794,0.34324120516504847,0.18
24,octanol_dipole,96,0.15174156427383423,0.014010556042194366,0.6050940505686371,0.9500015890154281,2.653756618499756,0.03559790179133415,0.013414154690439797,0.14
24,octanol_dipole,97,0.13193300366401672,0.016858235001564026,0.6109013129363765,0.9527190571575419,3.201003074645996,0.013847976922988892,0.004326136714042476,0.08
24,octanol_dipole,98,0.48927098512649536,0.012095971032977104,0.62192834893032,0.8982899141564638,2.3875715732574463,0.6514304876327515,0.27284228666870175,0.34
24,octanol_dipole,99,0.1158895418047905,0.014043863862752914,0.609170181958022,0.9605669543846234,2.6428020000457764,0.014819951727986336,0.00560766630558386,0.1
24,octanol_dipole,100,0.3427017033100128,0.015352984890341759,0.6074977843082365,0.8888940754363721,2.936978340148926,0.6776782870292664,0.23073996759366744,0.12
24,octanol_dipole,101,0.11075032502412796,0.02224753238260746,0.6105093206644729,0.9639672494517206,4.119302272796631,0.008539940230548382,0.0020731521177615696,0.06
24,octanol_dipole,102,0.4092973470687866,0.01759267784655094,0.6166841365846571,0.9117417645851753,3.4634909629821777,0.8197715282440186,0.2366893798787824,0.14
24,octanol_dipole,103,0.24950151145458221,0.014073283411562443,0.6159374975102265,0.9157721444344822,2.7000131607055664,0.21338112652301788,0.0790296616433,0.1
24,octanol_dipole,104,0.08051575720310211,0.025487635284662247,0.6268894479068614,0.9614399031114553,5.023356914520264,0.008526050485670567,0.0016972814456057447,0.04
24,octanol_dipole,105,0.10873208194971085,0.015520726330578327,0.6162699178191546,0.9643072012286515,2.9914050102233887,0.010481375269591808,0.003503830218165307,0.06
24,octanol_dipole,106,0.07311290502548218,0.014592241495847702,0.6155080922021148,0.9692337152262982,2.798433780670166,0.00958886556327343,0.003426511511370156,0.06
24,octanol_dipole,107,0.059427086263895035,0.031204460188746452,0.6097560603734105,0.9600839764007978,6.021661758422852,0.012757990509271622,0.0021186826861250172,0.02
24,octanol_dipole,108,0.2500099837779999,0.013411223888397217,0.6068444717459323,0.9287315595941552,2.5984420776367188,0.22082014381885529,0.08498174568497253,0.08
24,octanol_dipole,109,0.1323796957731247,0.016823265701532364,0.6098952786934935,0.9682030099484369,3.12520170211792,0.008386444300413132,0.0026834889712013523,0.12
24,octanol_dipole,110,0.091936394572258,0.014476179145276546,0.612058402656708,0.9500165325970096,2.668475866317749,0.04306778684258461,0.016139470244493605,0.06
24,octanol_dipole,111,0.2681507468223572,0.011754865758121014,0.6105856813389154,0.9206054556236287,2.290440320968628,0.3373248875141144,0.14727512628290598,0.16
24,octanol_dipole,112,0.15543991327285767,0.01698417402803898,0.6073521403853559,0.9650649840213921,3.1955971717834473,0.008247151039540768,0.0025807855609466797,0.16
24,octanol_dipole,113,0.15986154973506927,0.01506888773292303,0.6152353403229665,0.9637481664529712,2.929995536804199,0.02546493522822857,0.008691117412418877,0.16
24,octanol_dipole,114,0.2805335223674774,0.01313881203532219,0.6221341358814343,0.9160924106862247,2.544667959213257,0.2506258487701416,0.09849059004445845,0.14
24,octanol_dipole,115,0.1657598912715912,0.016229066997766495,0.6158503102788087,0.9679668332094868,3.0984582901000977,0.011263039894402027,0.0036350464779173024,0.16
24,octanol_dipole,116,0.2966937720775604,0.015270472504198551,0.6182015202521358,0.9031581821194554,2.96915864944458,0.300554096698761,0.10122534097495382,0.14
24,octanol_dipole,117,0.23485395312309265,0.011048320680856705,0.60701638019964,0.9485732490182845,2.0944459438323975,0.12952055037021637,0.06184000630411157,0.16
24,octanol_dipole,118,0.10881593823432922,0.017416978254914284,0.6181948666492578,0.9600050756792002,3.3437671661376953,0.006820575334131718,0.002039787758909661,0.08
24,octanol_dipole,119,0.06693831831216812,0.019045386463403702,0.6175651765650505,0.9563990812859908,3.648066282272339,0.009777897037565708,0.0026802958830767646,0.08
24,octanol_dipole,120,0.13729742169380188,0.015960844233632088,0.615291232394648,0.9647952995654834,3.0556719303131104,0.015760811045765877,0.005157887170220819,0.06
24,octanol_dipole,121,0.22603079676628113,0.01245917845517397,0.6176003617468504,0.9463733565796488,2.3005924224853516,0.17621879279613495,0.07659713692604626,0.08
24,octanol_dipole,122,0.15217837691307068,0.013883810490369797,0.6139432307551966,0.9726546643795397,2.6368813514709473,0.008584484457969666,0.0032555444533675856,0.16
24,octanol_dipole,123,0.14460718631744385,0.013698030263185501,0.6163712089505595,0.9539045733925942,2.60750675201416,0.022318661212921143,0.008559387696956553,0.14
24,octanol_dipole,124,0.07356443256139755,0.015659691765904427,0.6146181462232969,0.9609337282612593,3.0207667350769043,0.008185621351003647,0.002709782670721595,0.02
24,octanol_dipole,125,0.19286341965198517,0.008978456258773804,0.6172139410399338,0.9359385584277196,1.6857563257217407,0.10419387370347977,0.061808383639830114,0.06
24,octanol_dipole,126,0.08547360450029373,0.0247888695448637,0.6089429702652513,0.9716008303738499,4.723008632659912,0.005843122489750385,0.001237161086123115,0.0
24,octanol_dipole,127,0.4413800537586212,0.016164079308509827,0.6174289082833802,0.8858856121454382,3.1216442584991455,0.8740403652191162,0.279993584419304,0.18
24,octanol_dipole,128,0.09246358275413513,0.01704314723610878,0.6140941660958206,0.9631427425356895,3.36259126663208,0.01569068618118763,0.00466624841885799,0.06
24,octanol_dipole,129,0.24225857853889465,0.013221582397818565,0.6171384785288423,0.9336114269163833,2.5523831844329834,0.07666017860174179,0.030034745201775803,0.08
24,octanol_dipole,130,0.3240419626235962,0.020032042637467384,0.6170677547082191,0.8977535457383095,4.134731769561768,0.7615711092948914,0.18418875799907303,0.22
24,octanol_dipole,131,0.10187773406505585,0.020240841433405876,0.6154659777106792,0.9664295002924628,4.016226768493652,0.012701429426670074,0.0031625279544247303,0.06
24,octanol_dipole,132,0.2725870907306671,0.022115154191851616,0.6255863379139779,0.8961408850543737,4.371223449707031,0.5999860763549805,0.13725815741476058,0.12
24,octanol_dipole,133,0.07181014120578766,0.012208676896989346,0.6143375118974681,0.96902459870574,2.3202507495880127,0.01600724458694458,0.006898928742846803,0.04
24,octanol_dipole,134,0.24481171369552612,0.02292434312403202,0.6098385780274249,0.9060958539624839,4.4287919998168945,0.5154603719711304,0.11638848064945062,0.06
24,octanol_dipole,135,0.15353278815746307,0.00794126559048891,0.6398687455265097,0.9794618660362733,1.5400365591049194,0.06608838587999344,0.04291351753259968,0.14
24,octanol_dipole,136,0.15007717907428741,0.013804951682686806,0.6144888045766428,0.9592755383471241,2.660956382751465,0.011512012220919132,0.004326268666236294,0.14
24,octanol_dipole,137,0.23175141215324402,0.014949259348213673,0.6089888851155727,0.9269928784893664,2.824462890625,0.32077834010124207,0.11357144792589571,0.2
24,octanol_dipole,138,0.3553864359855652,0.016542211174964905,0.6163845255486275,0.9004045535657852,3.2194721698760986,0.5696365833282471,0.17693477479265476,0.2
24,octanol_dipole,139,0.3483710289001465,0.011297200806438923,0.6190102385795941,0.9335691237568531,2.1486799716949463,0.3163549602031708,0.14723223763919577,0.1
24,octanol_dipole,140,0.33298301696777344,0.011447499506175518,0.6136532209752461,0.9235845546644053,2.2358336448669434,0.43105271458625793,0.19279283840095818,0.2
24,octanol_dipole,141,0.40547075867652893,0.011795343831181526,0.6170839847174354,0.8862609880528138,2.336949110031128,0.5942567586898804,0.2542874194988204,0.26
24,octanol_dipole,142,0.1660042107105255,0.018624505028128624,0.6196962933799517,0.9590974961679177,3.6175270080566406,0.03772803768515587,0.010429234557511602,0.04
24,octanol_dipole,143,0.05868954584002495,0.020809229463338852,0.6091795559062769,0.9492961668284532,3.958749294281006,0.004111187998205423,0.0010385067839846886,0.06
24,octanol_dipole,144,0.12588220834732056,0.01871599443256855,0.6078755169738417,0.9749146185091129,3.587231397628784,0.00823983270674944,0.002296989458833377,0.14
24,octanol_dipole,145,0.09242966026067734,0.017537923529744148,0.6082085732889986,0.9649550053230092,3.2798426151275635,0.010716317221522331,0.0032673266613756527,0.06
24,octanol_dipole,146,0.11902691423892975,0.01717284321784973,0.6137702470448692,0.9653184183647541,3.278503894805908,0.01162084098905325,0.003544556103002958,0.1
24,octanol_dipole,147,0.1228998675942421,0.014242243953049183,0.6143745404076493,0.9614319586230717,2.683880567550659,0.01872897334396839,0.006978318473038713,0.04
24,octanol_dipole,148,0.381805419921875,0.0140071427449584,0.6185065530137701,0.9046143271039997,2.7624967098236084,0.48690348863601685,0.17625486644185243,0.22
24,octanol_dipole,149,0.29024210572242737,0.01727537252008915,0.6168587238093632,0.9032589716535804,3.4070382118225098,0.3484344482421875,0.10226901683494803,0.12
24,octanol_dipole,150,0.13697004318237305,0.02162543684244156,0.6123882113689394,0.9479966231068002,4.059340953826904,0.02969440072774887,0.007315079237124628,0.08
24,octanol_dipole,151,0.16368909180164337,0.012912844307720661,0.6121523682793564,0.9453064473936152,2.367793560028076,0.07647101581096649,0.03229631886069482,0.06
24,octanol_dipole,152,0.3825240135192871,0.013814711011946201,0.6100285133954162,0.8938071854160206,2.619070529937744,0.5214084386825562,0.19908148051856783,0.16
24,octanol_dipole,153,0.4080001711845398,0.011893409304320812,0.6199469582955361,0.8875751217533627,2.227562189102173,0.641604483127594,0.2880298858844408,0.14
24,octanol_dipole,154,0.20912864804267883,0.011892935261130333,0.6152557216835957,0.9536422660889818,2.251805067062378,0.07741241902112961,0.03437793979303857,0.1
24,octanol_dipole,155,0.06930776685476303,0.02016451023519039,0.6109957413110094,0.9706017689832136,3.7990779876708984,0.006365083158016205,0.001675428400962742,0.06
24,octanol_dipole,156,0.12764960527420044,0.011943833902478218,0.6145980253241019,0.9355003319023343,2.229637622833252,0.033758409321308136,0.015140760532382185,0.08
24,octanol_dipole,157,0.24113574624061584,0.014550373889505863,0.6161647736163784,0.9347948238924462,2.841747283935547,0.2222539335489273,0.07821030913105227,0.12
24,octanol_dipole,158,0.3094087541103363,0.009434216655790806,0.6151580533043013,0.9321861020605808,1.739699125289917,0.22016280889511108,0.12655223290890685,0.2
24,octanol_dipole,159,0.08982347697019577,0.018549878150224686,0.6159430115120437,0.9648441928898646,3.5187628269195557,0.010693930089473724,0.0030391164780024555,0.04
24,octanol_dipole,160,0.08010359108448029,0.019830698147416115,0.6130865661781857,0.9671097628091796,3.839277982711792,0.01990152895450592,0.00518366449215769,0.12
24,octanol_dipole,161,0.1642083078622818,0.00720891822129488,0.6150366297906849,0.9328992450090756,1.3138099908828735,0.0873989462852478,0.06652327725603317,0.08
24,octanol_dipole,162,0.2752908170223236,0.015305954031646252,0.6126937281652187,0.9207872537607156,3.014472484588623,0.39493700861930847,0.13101363858466417,0.12
24,octanol_dipole,163,0.15992872416973114,0.015940817072987556,0.6158414033057402,0.9717474580059693,3.0477042198181152,0.012344593182206154,0.00405045643928756,0.14
24,octanol_dipole,164,0.39867591857910156,0.01234657596796751,0.611267844853016,0.903233057310938,2.41379714012146,0.4803617298603058,0.19900666956467372,0.22
24,octanol_dipole,165,0.06502140313386917,0.010387951508164406,0.6159869551158552,0.9616439188616568,1.9317524433135986,0.010880832560360432,0.0056326226468730025,0.08
24,octanol_dipole,166,0.15190507471561432,0.011877787299454212,0.6158740561542453,0.9648894445240299,2.2814433574676514,0.009906376712024212,0.004342153259952093,0.12
24,octanol_dipole,167,0.13289906084537506,0.017768068239092827,0.6145563780239858,0.96270902931758,3.407223701477051,0.010867562144994736,0.0031895651994565503,0.06
24,octanol_dipole,168,0.15287096798419952,0.012382161803543568,0.6108567750486722,0.9443173602764519,2.291548013687134,0.04762434959411621,0.020782610405569443,0.1
24,octanol_dipole,169,0.1717759668827057,0.015440794639289379,0.6156864186787321,0.9423286729933997,2.953364849090576,0.04996192082762718,0.016916948423426878,0.08
24,octanol_dipole,170,0.0965857207775116,0.013720465824007988,0.6135976400792771,0.9702205622389242,2.6589183807373047,0.012906421907246113,0.004854012067744338,0.14
24,octanol_dipole,171,0.46018970012664795,0.01329880952835083,0.6277971263560378,0.8980008680304474,2.6638972759246826,0.7897789478302002,0.2964750011075614,0.3
24,octanol_dipole,172,0.15392491221427917,0.01351143978536129,0.6045411981534072,0.948541578159094,2.59200119972229,0.02943730354309082,0.011356979134980634,0.14
24,octanol_dipole,173,0.11669223010540009,0.010996738448739052,0.6108622042934273,0.9597005314821034,2.1104846000671387,0.008577302098274231,0.0040641386807567185,0.14
24,octanol_dipole,174,0.12780146300792694,0.017838317900896072,0.6230908090261911,0.9629722499065321,3.452418088912964,0.007043252699077129,0.002040092630059989,0.08
24,octanol_dipole,175,0.30358874797821045,0.00606226921081543,0.6270484871902517,0.9490119626165356,1.0925519466400146,0.21371835470199585,0.19561390683459556,0.18
24,octanol_dipole,176,0.18252095580101013,0.015589012764394283,0.613715141041393,0.955920198048384,3.0541179180145264,0.026092536747455597,0.008543395326536142,0.12
24,octanol_dipole,177,0.048090483993291855,0.012896468862891197,0.6137227750501344,0.9685656453182356,2.496760129928589,0.013418280519545078,0.005374276991490112,0.04
24,octanol_dipole,178,0.49891147017478943,0.012008889578282833,0.6215457910754545,0.8995301353205196,2.3438944816589355,0.8406844735145569,0.3586699316428044,0.26
24,octanol_dipole,179,0.2462652176618576,0.014357229694724083,0.6067172642215419,0.9281526635548201,2.69960355758667,0.20062081515789032,0.07431491731224296,0.18
24,octanol_dipole,180,0.31314030289649963,0.02287769876420498,0.6132654138663629,0.9032068887308504,4.748969554901123,0.653468668460846,0.1376022021001252,0.18
24,octanol_dipole,181,0.13877102732658386,0.019485045224428177,0.6161842180859465,0.9643966370971002,3.7620255947113037,0.027166076004505157,0.007221130032367542,0.16
24,octanol_dipole,182,0.23336276412010193,0.015288440510630608,0.6139077012232257,0.925650944603577,2.9254698753356934,0.14028003811836243,0.047951284441876366,0.04
24,octanol_dipole,183,0.13724012672901154,0.016642512753605843,0.6195937696778586,0.9345808957876272,3.224428415298462,0.1221315786242485,0.03787697008399663,0.1
24,octanol_dipole,184,0.15423189103603363,0.013140745460987091,0.6147396639468863,0.9686042439958238,2.467888116836548,0.031115582212805748,0.012608181870372279,0.12
24,octanol_dipole,185,0.16323478519916534,0.010230942629277706,0.6092063719914138,0.9450386775556943,1.919124722480774,0.04130290448665619,0.021521740615829083,0.12
24,octanol_dipole,186,0.30420756340026855,0.017755942419171333,0.6136310320482254,0.911614578145169,3.4788177013397217,0.6070465445518494,0.17449794633333926,0.18
24,octanol_dipole,187,0.09210372716188431,0.02147865854203701,0.6135961745616858,0.9718339195029657,4.034305095672607,0.00464418763294816,0.0011511741236253407,0.04
24,octanol_dipole,188,0.4350718557834625,0.016084522008895874,0.620831937496219,0.8817072525806879,3.1238861083984375,0.8946091532707214,0.28637700678830835,0.26
24,octanol_dipole,189,0.4705292284488678,0.014097282662987709,0.6176613300159013,0.8957521651265097,2.8220090866088867,0.700502336025238,0.24822823546149814,0.32
24,octanol_dipole,190,0.21975336968898773,0.014931236393749714,0.614680963778079,0.9187454435178717,2.827385902404785,0.32111725211143494,0.11357390296043922,0.04
24,octanol_dipole,191,0.10828695446252823,0.013392915949225426,0.6075048059553356,0.9489625543743974,2.547365427017212,0.03513388708233833,0.013792244610730104,0.06
24,octanol_dipole,192,0.1616995632648468,0.016260843724012375,0.6174069458343221,0.950201945498667,3.1290841102600098,0.0695284903049469,0.022220077139175867,0.04
24,octanol_dipole,193,0.35801762342453003,0.014040099456906319,0.6123672859723184,0.911291605254789,2.6860790252685547,0.5811867713928223,0.21636994516001445,0.12
24,octanol_dipole,194,0.1473139077425003,0.012942703440785408,0.6164273387781463,0.9445574640304977,2.502183198928833,0.04417286440730095,0.017653729121916827,0.14
24,octanol_dipole,195,0.174630805850029,0.0044347504153847694,0.6109396137306182,0.9718452671451325,0.7746745944023132,0.010752844624221325,0.013880466329888482,0.22
24,octanol_dipole,196,0.14073359966278076,0.014497044496238232,0.6138487865812892,0.965439304022691,2.862114667892456,0.011296700686216354,0.003946976972286992,0.18
24,octanol_dipole,197,0.043983813375234604,0.028591560199856758,0.6213599807948829,0.957578370503668,5.588138103485107,0.009314036928117275,0.0016667513858164076,0.04
24,octanol_dipole,198,0.35807108879089355,0.016251729801297188,0.6136745653955162,0.8936203866275789,3.183702230453491,0.5386472344398499,0.16918894904412093,0.24
24,octanol_dipole,199,0.2944706380367279,0.013262759894132614,0.6235010543419433,0.9118349479976711,2.5709228515625,0.4820080101490021,0.1874844318475203,0.1
24,octanol_dipole,200,0.12237896025180817,0.01371052861213684,0.6205942890937517,0.9389051747608632,2.6385715007781982,0.02940257638692856,0.011143369197407313,0.06
24,octanol_dipole,201,0.10839459300041199,0.017135290428996086,0.604955476509685,0.965546251025502,3.317382335662842,0.013095540925860405,0.00394755249796789,0.06
24,octanol_dipole,202,0.12507539987564087,0.014783508144319057,0.6198440065792297,0.9684672745128604,2.7902045249938965,0.022006263956427574,0.00788697163928358,0.1
24,octanol_dipole,203,0.4144939184188843,0.01423317939043045,0.6182384360793673,0.8994038185421067,2.832909345626831,0.4632530212402344,0.1635255367261784,0.24
24,octanol_dipole,204,0.2309303730726242,0.017079563811421394,0.6141042591223975,0.9236285022247099,3.3641231060028076,0.2569388151168823,0.07637616312506844,0.16
24,octanol_dipole,205,0.3780156970024109,0.018374018371105194,0.6084966236273954,0.9066782828949127,3.5894908905029297,0.7501976490020752,0.20899834318759442,0.12
24,octanol_dipole,206,0.29195207357406616,0.012637387961149216,0.612652137151436,0.9277017032111574,2.4336624145507812,0.20389918982982635,0.08378285690353779,0.2
24,octanol_dipole,207,0.342196524143219,0.01792292483150959,0.6113380328823241,0.9236872085409396,3.5818378925323486,0.40969061851501465,0.11438000010250732,0.24
24,octanol_dipole,208,0.24660776555538177,0.019197732210159302,0.6103778322981672,0.9219199304838379,3.5979416370391846,0.3523448705673218,0.09792956810085256,0.06
24,octanol_dipole,209,0.2240370661020279,0.016295988112688065,0.6119509080680727,0.9648356970697032,3.040309190750122,0.008743342012166977,0.0028758068550290344,0.14
24,octanol_dipole,210,0.061915524303913116,0.01913061924278736,0.609578644076086,0.956612649395155,3.5553994178771973,0.011889916844666004,0.0033441859682153663,0.02
24,octanol_dipole,211,0.12242899090051651,0.017962858080863953,0.6054301105164617,0.9684149037060212,3.3601326942443848,0.0065734609961509705,0.0019563099419885226,0.06
24,octanol_dipole,212,0.37695398926734924,0.01540027093142271,0.6103042532790828,0.8965045177703639,2.9277334213256836,0.6045655012130737,0.20649608902552516,0.26
24,octanol_dipole,213,0.11197565495967865,0.01143207773566246,0.6089930754458934,0.947729203114809,2.1320648193359375,0.02293894626200199,0.010759028550148236,0.08
24,octanol_dipole,214,0.041375041007995605,0.010774506255984306,0.6141472637245493,0.9777600222084013,2.0461556911468506,0.0066977329552173615,0.00327332518448943,0.1
24,octanol_dipole,215,0.06672131270170212,0.01466140616685152,0.613488025688119,0.9518700233730419,2.745342969894409,0.0082114078104496,0.0029910316854747754,0.12
24,octanol_dipole,216,0.3957580626010895,0.012412097305059433,0.6116134859438791,0.8819315719532359,2.4437453746795654,0.5020578503608704,0.20544605651752992,0.26
24,octanol_dipole,217,0.43610823154449463,0.010070409625768661,0.6234512598719579,0.9086954833292744,2.0206356048583984,0.45727500319480896,0.22630255652990622,0.22
24,octanol_dipole,218,0.15057159960269928,0.016093529760837555,0.6094862333982363,0.9466798164683983,3.166424512863159,0.016883399337530136,0.005332007527399966,0.08
24,octanol_dipole,219,0.3935329020023346,0.01428999099880457,0.6110868093199224,0.8955774014388225,2.747892379760742,0.5891231298446655,0.21439090343704081,0.16
24,octanol_dipole,220,0.12249317020177841,0.02260417677462101,0.606426004478609,0.9567928714096072,4.211656093597412,0.007907730527222157,0.0018775822031726526,0.02
24,octanol_dipole,221,0.07445073872804642,0.01153979729861021,0.6159664125805075,0.964781550855385,2.1982452869415283,0.014851808547973633,0.0067562107996770975,0.1
24,octanol_dipole,222,0.4056365489959717,0.015314997173845768,0.6207885149179233,0.899606969634438,3.0980207920074463,0.780462384223938,0.25192290065884815,0.22
24,octanol_dipole,223,0.1490885615348816,0.0122534753754735,0.6124574423301026,0.9651765415208711,2.279419422149658,0.017425116151571274,0.00764454140481883,0.08
24,octanol_dipole,224,0.09246591478586197,0.012186029925942421,0.6084712975027537,0.9554196206887273,2.3140783309936523,0.017209170386195183,0.007436727683632758,0.16
24,octanol_dipole,225,0.14099708199501038,0.012884525582194328,0.6148636900600655,0.9679995718450976,2.4569790363311768,0.007990691810846329,0.003252242568084029,0.1
24,octanol_dipole,226,0.17348603904247284,0.003063312964513898,0.6316951977251564,0.9606454703570819,0.47348156571388245,0.035014133900403976,0.07395036351122163,0.04
24,octanol_dipole,227,0.07383786141872406,0.019100584089756012,0.6132531419977552,0.9588115265173074,3.643108367919922,0.006586147006601095,0.0018078372481578247,0.08
24,octanol_dipole,228,0.09951909631490707,0.01546518411487341,0.6075864029978739,0.953501773063826,2.9225666522979736,0.010171974077820778,0.003480493445657671,0.14
24,octanol_dipole,229,0.09049219638109207,0.011872949078679085,0.6138402859984371,0.9466647917873665,2.2665557861328125,0.016568534076213837,0.007310004976530049,0.14
24,octanol_dipole,230,0.12033435702323914,0.014978530816733837,0.6113563808340925,0.9320234166755228,2.744501829147339,0.11905945092439651,0.043381079094192435,0.06
24,octanol_dipole,231,0.07997030764818192,0.006563822738826275,0.6157124254315363,0.9604740013281285,1.2264906167984009,0.006961575243622065,0.005676011824529387,0.02
24,octanol_dipole,232,0.2950761318206787,0.019932463765144348,0.6139886097620522,0.9072823304874407,3.9030864238739014,0.6511390209197998,0.16682669820913923,0.14
24,octanol_dipole,233,0.09946361929178238,0.009108891710639,0.6128639553187287,0.9594863149037118,1.7056705951690674,0.013625633902847767,0.007988432198713718,0.06
24,octanol_dipole,234,0.21385662257671356,0.00459986412897706,0.6205215809024842,0.9507705894997807,0.7991327047348022,0.04848508536815643,0.060672132526782954,0.14
24,octanol_dipole,235,0.20068150758743286,0.006549899000674486,0.6090390466839899,0.9588692013863518,1.2283036708831787,0.07334482669830322,0.05971229137951416,0.14
24,octanol_dipole,236,0.09715048223733902,0.019946424290537834,0.6057280420239959,0.9639215712189895,3.7076497077941895,0.007505940739065409,0.002024447110870934,0.06
24,octanol_dipole,237,0.3988153636455536,0.013309014029800892,0.6203972821120676,0.8988231354618881,2.631181001663208,0.48728781938552856,0.18519737679677178,0.34
24,octanol_dipole,238,0.3970486521720886,0.013802796602249146,0.6100392479170493,0.9034872337434448,2.685609817504883,0.49252715706825256,0.1833949048956949,0.24
24,octanol_dipole,239,0.29113635420799255,0.01435878872871399,0.6149920539639886,0.9122152070265026,2.8389251232147217,0.33157193660736084,0.11679488616871225,0.14
24,octanol_dipole,240,0.1245996281504631,0.01565699651837349,0.61470029625685,0.9406176318764528,2.9543397426605225,0.012166343629360199,0.004118126109085826,0.08
24,octanol_dipole,241,0.23463216423988342,0.0029263203032314777,0.622861119916454,0.9680604741615082,0.4960393011569977,0.07441036403179169,0.15000900908099743,0.24
24,octanol_dipole,242,0.3609637916088104,0.008729884400963783,0.634344686542899,0.922086293806198,1.682586908340454,0.49512779712677,0.2942658086024915,0.1
24,octanol_dipole,243,0.13375245034694672,0.01760934852063656,0.6163609327299098,0.947695391645544,3.4121360778808594,0.0749124214053154,0.0219546992545035,0.1
24,octanol_dipole,244,0.12824362516403198,0.016488641500473022,0.6165131998335964,0.9620226381356234,3.1679599285125732,0.006177079863846302,0.0019498604790580722,0.1
24,octanol_dipole,245,0.25073501467704773,0.014422236941754818,0.615706027554181,0.9227534004723692,2.7703659534454346,0.2894524037837982,0.10448164922898129,0.18
24,octanol_dipole,246,0.1335848569869995,0.014473981224000454,0.6158730763827234,0.947149151088382,2.749068021774292,0.008903169073164463,0.003238613596551975,0.08
24,octanol_dipole,247,0.07395659387111664,0.020306216552853584,0.612186545977637,0.9675248642503229,3.768793821334839,0.008880297653377056,0.0023562704871533183,0.06
24,octanol_dipole,248,0.16007335484027863,0.010516118258237839,0.6099338237193888,0.9486134577385748,1.9912737607955933,0.05826466530561447,0.02925999752155395,0.1
24,octanol_dipole,249,0.1835295855998993,0.015377565287053585,0.6124998313933072,0.9345861950908019,2.9431545734405518,0.06568575650453568,0.022318147030840087,0.1
24,hexane_gsolv_eV,0,0.9999999403953552,0.0,0.6527363726571751,0.6527363726571751,,,,1.0
24,hexane_gsolv_eV,1,0.9999999403953552,0.0,0.6527363726571751,0.6527363726571751,,,,1.0
24,hexane_gsolv_eV,2,0.9999999403953552,0.0,0.6527363726571751,0.6527363726571751,,,,1.0
24,hexane_gsolv_eV,3,0.9999999403953552,0.0,0.6527363726571751,0.6527363726571751,,,,1.0
24,hexane_gsolv_eV,4,0.9999999403953552,0.0,0.6527363726571751,0.6527363726571751,,,,1.0
24,hexane_gsolv_eV,5,0.9999999403953552,0.0,0.6527363726571751,0.6527363726571751,,,,1.0
24,hexane_gsolv_eV,6,0.9999999403953552,0.0,0.6527363726571751,0.6527363726571751,,,,1.0
24,hexane_gsolv_eV,7,0.9999999403953552,0.0,0.6527363726571751,0.6527363726571751,,,,1.0
24,hexane_gsolv_eV,8,0.9999999403953552,0.0,0.6527363726571751,0.6527363726571751,,,,1.0
24,hexane_gsolv_eV,9,0.9999999403953552,0.0,0.6527363726571751,0.6527363726571751,,,,1.0
24,hexane_gsolv_eV,10,0.9999999403953552,0.0,0.6527363726571751,0.6527363726571751,,,,1.0
24,hexane_gsolv_eV,11,0.9999999403953552,0.0,0.6527363726571751,0.6527363726571751,,,,1.0
24,hexane_gsolv_eV,12,0.9999999403953552,0.0,0.6527363726571751,0.6527363726571751,,,,1.0
24,hexane_gsolv_eV,13,0.9999999403953552,0.0,0.6527363726571751,0.6527363726571751,,,,1.0
24,hexane_gsolv_eV,14,0.9999999403953552,0.0,0.6527363726571751,0.6527363726571751,,,,1.0
24,hexane_gsolv_eV,15,0.9999999403953552,0.0,0.6527363726571751,0.6527363726571751,,,,1.0
24,hexane_gsolv_eV,16,0.9999999403953552,0.0,0.6527363726571751,0.6527363726571751,,,,1.0
24,hexane_gsolv_eV,17,0.9999999403953552,0.0,0.6527363726571751,0.6527363726571751,,,,1.0
24,hexane_gsolv_eV,18,0.9999999403953552,0.0,0.6527363726571751,0.6527363726571751,,,,1.0
24,hexane_gsolv_eV,19,0.9999999403953552,0.0,0.6527363726571751,0.6527363726571751,,,,1.0
24,hexane_gsolv_eV,20,0.9999999403953552,0.0,0.6527363726571751,0.6527363726571751,,,,1.0
24,hexane_gsolv_eV,21,0.9999999403953552,0.0,0.6527363726571751,0.6527363726571751,,,,1.0
24,hexane_gsolv_eV,22,0.9999999403953552,0.0,0.6527363726571751,0.6527363726571751,,,,1.0
24,hexane_gsolv_eV,23,0.9999999403953552,0.0,0.6527363726571751,0.6527363726571751,,,,1.0
24,hexane_gsolv_eV,24,0.9999999403953552,0.0,0.6527363726571751,0.6527363726571751,,,,1.0
24,hexane_gsolv_eV,25,0.9999999403953552,0.0,0.6527363726571751,0.6527363726571751,,,,1.0
24,hexane_gsolv_eV,26,0.9999999403953552,0.0,0.6527363726571751,0.6527363726571751,,,,1.0
24,hexane_gsolv_eV,27,0.9999999403953552,0.0,0.6527363726571751,0.6527363726571751,,,,1.0
24,hexane_gsolv_eV,28,0.9999999403953552,0.0,0.6527363726571751,0.6527363726571751,,,,1.0
24,hexane_gsolv_eV,29,0.9999999403953552,0.0,0.6527363726571751,0.6527363726571751,,,,1.0
24,hexane_gsolv_eV,30,0.9999999403953552,0.0,0.6527363726571751,0.6527363726571751,,,,1.0
24,hexane_gsolv_eV,31,0.9999999403953552,0.0,0.6527363726571751,0.6527363726571751,,,,1.0
24,hexane_gsolv_eV,32,0.9999999403953552,0.0,0.6527363726571751,0.6527363726571751,,,,1.0
24,hexane_gsolv_eV,33,0.9999999403953552,0.0,0.6527363726571751,0.6527363726571751,,,,1.0
24,hexane_gsolv_eV,34,0.9999999403953552,0.0,0.6527363726571751,0.6527363726571751,,,,1.0
24,hexane_gsolv_eV,35,0.9999999403953552,0.0,0.6527363726571751,0.6527363726571751,,,,1.0
24,hexane_gsolv_eV,36,0.9999999403953552,0.0,0.6527363726571751,0.6527363726571751,,,,1.0
24,hexane_gsolv_eV,37,0.9999999403953552,0.0,0.6527363726571751,0.6527363726571751,,,,1.0
24,hexane_gsolv_eV,38,0.9999999403953552,0.0,0.6527363726571751,0.6527363726571751,,,,1.0
24,hexane_gsolv_eV,39,0.9999999403953552,0.0,0.6527363726571751,0.6527363726571751,,,,1.0
24,hexane_gsolv_eV,40,0.9999999403953552,0.0,0.6527363726571751,0.6527363726571751,,,,1.0
24,hexane_gsolv_eV,41,0.9999999403953552,0.0,0.6527363726571751,0.6527363726571751,,,,1.0
24,hexane_gsolv_eV,42,0.9999999403953552,0.0,0.6527363726571751,0.6527363726571751,,,,1.0
24,hexane_gsolv_eV,43,0.9999999403953552,0.0,0.6527363726571751,0.6527363726571751,,,,1.0
24,hexane_gsolv_eV,44,0.9999999403953552,0.0,0.6527363726571751,0.6527363726571751,,,,1.0
24,hexane_gsolv_eV,45,0.9999999403953552,0.0,0.6527363726571751,0.6527363726571751,,,,1.0
24,hexane_gsolv_eV,46,0.9999999403953552,0.0,0.6527363726571751,0.6527363726571751,,,,1.0
24,hexane_gsolv_eV,47,0.9999999403953552,0.0,0.6527363726571751,0.6527363726571751,,,,1.0
24,hexane_gsolv_eV,48,0.9999999403953552,0.0,0.6527363726571751,0.6527363726571751,,,,1.0
24,hexane_gsolv_eV,49,0.9999999403953552,0.0,0.6527363726571751,0.6527363726571751,,,,1.0
24,hexane_gsolv_eV,50,0.9999999403953552,0.0,0.6527363726571751,0.6527363726571751,,,,1.0
24,hexane_gsolv_eV,51,0.9999999403953552,0.0,0.6527363726571751,0.6527363726571751,,,,1.0
24,hexane_gsolv_eV,52,0.9999999403953552,0.0,0.6527363726571751,0.6527363726571751,,,,1.0
24,hexane_gsolv_eV,53,0.9999999403953552,0.0,0.6527363726571751,0.6527363726571751,,,,1.0
24,hexane_gsolv_eV,54,0.9999999403953552,0.0,0.6527363726571751,0.6527363726571751,,,,1.0
24,hexane_gsolv_eV,55,0.9999999403953552,0.0,0.6527363726571751,0.6527363726571751,,,,1.0
24,hexane_gsolv_eV,56,0.9999999403953552,0.0,0.6527363726571751,0.6527363726571751,,,,1.0
24,hexane_gsolv_eV,57,0.9999999403953552,0.0,0.6527363726571751,0.6527363726571751,,,,1.0
24,hexane_gsolv_eV,58,0.9999999403953552,0.0,0.6527363726571751,0.6527363726571751,,,,1.0
24,hexane_gsolv_eV,59,0.9999999403953552,0.0,0.6527363726571751,0.6527363726571751,,,,1.0
24,hexane_gsolv_eV,60,0.9999999403953552,0.0,0.6527363726571751,0.6527363726571751,,,,1.0
24,hexane_gsolv_eV,61,0.9999999403953552,0.0,0.6527363726571751,0.6527363726571751,,,,1.0
24,hexane_gsolv_eV,62,0.9999999403953552,0.0,0.6527363726571751,0.6527363726571751,,,,1.0
24,hexane_gsolv_eV,63,0.9999999403953552,0.0,0.6527363726571751,0.6527363726571751,,,,1.0
24,hexane_gsolv_eV,64,0.9999999403953552,0.0,0.6527363726571751,0.6527363726571751,,,,1.0
24,hexane_gsolv_eV,65,0.9999999403953552,0.0,0.6527363726571751,0.6527363726571751,,,,1.0
24,hexane_gsolv_eV,66,0.9999999403953552,0.0,0.6527363726571751,0.6527363726571751,,,,1.0
24,hexane_gsolv_eV,67,0.9999999403953552,0.0,0.6527363726571751,0.6527363726571751,,,,1.0
24,hexane_gsolv_eV,68,0.9999999403953552,0.0,0.6527363726571751,0.6527363726571751,,,,1.0
24,hexane_gsolv_eV,69,0.9999999403953552,0.0,0.6527363726571751,0.6527363726571751,,,,1.0
24,hexane_gsolv_eV,70,0.9999999403953552,0.0,0.6527363726571751,0.6527363726571751,,,,1.0
24,hexane_gsolv_eV,71,0.9999999403953552,0.0,0.6527363726571751,0.6527363726571751,,,,1.0
24,hexane_gsolv_eV,72,0.9999999403953552,0.0,0.6527363726571751,0.6527363726571751,,,,1.0
24,hexane_gsolv_eV,73,0.9999999403953552,0.0,0.6527363726571751,0.6527363726571751,,,,1.0
24,hexane_gsolv_eV,74,0.9999999403953552,0.0,0.6527363726571751,0.6527363726571751,,,,1.0
24,hexane_gsolv_eV,75,0.9999999403953552,0.0,0.6527363726571751,0.6527363726571751,,,,1.0
24,hexane_gsolv_eV,76,0.9999999403953552,0.0,0.6527363726571751,0.6527363726571751,,,,1.0
24,hexane_gsolv_eV,77,0.9999999403953552,0.0,0.6527363726571751,0.6527363726571751,,,,1.0
24,hexane_gsolv_eV,78,0.9999999403953552,0.0,0.6527363726571751,0.6527363726571751,,,,1.0
24,hexane_gsolv_eV,79,0.9999999403953552,0.0,0.6527363726571751,0.6527363726571751,,,,1.0
24,hexane_gsolv_eV,80,0.9999999403953552,0.0,0.6527363726571751,0.6527363726571751,,,,1.0
24,hexane_gsolv_eV,81,0.9999999403953552,0.0,0.6527363726571751,0.6527363726571751,,,,1.0
24,hexane_gsolv_eV,82,0.9999999403953552,0.0,0.6527363726571751,0.6527363726571751,,,,1.0
24,hexane_gsolv_eV,83,0.9999999403953552,0.0,0.6527363726571751,0.6527363726571751,,,,1.0
24,hexane_gsolv_eV,84,0.9999999403953552,0.0,0.6527363726571751,0.6527363726571751,,,,1.0
24,hexane_gsolv_eV,85,0.9999999403953552,0.0,0.6527363726571751,0.6527363726571751,,,,1.0
24,hexane_gsolv_eV,86,0.9999999403953552,0.0,0.6527363726571751,0.6527363726571751,,,,1.0
24,hexane_gsolv_eV,87,0.9999999403953552,0.0,0.6527363726571751,0.6527363726571751,,,,1.0
24,hexane_gsolv_eV,88,0.9999999403953552,0.0,0.6527363726571751,0.6527363726571751,,,,1.0
24,hexane_gsolv_eV,89,0.9999999403953552,0.0,0.6527363726571751,0.6527363726571751,,,,1.0
24,hexane_gsolv_eV,90,0.9999999403953552,0.0,0.6527363726571751,0.6527363726571751,,,,1.0
24,hexane_gsolv_eV,91,0.9999999403953552,0.0,0.6527363726571751,0.6527363726571751,,,,1.0
24,hexane_gsolv_eV,92,0.9999999403953552,0.0,0.6527363726571751,0.6527363726571751,,,,1.0
24,hexane_gsolv_eV,93,0.9999999403953552,0.0,0.6527363726571751,0.6527363726571751,,,,1.0
24,hexane_gsolv_eV,94,0.9999999403953552,0.0,0.6527363726571751,0.6527363726571751,,,,1.0
24,hexane_gsolv_eV,95,0.9999999403953552,0.0,0.6527363726571751,0.6527363726571751,,,,1.0
24,hexane_gsolv_eV,96,0.9999999403953552,0.0,0.6527363726571751,0.6527363726571751,,,,1.0
24,hexane_gsolv_eV,97,0.9999999403953552,0.0,0.6527363726571751,0.6527363726571751,,,,1.0
24,hexane_gsolv_eV,98,0.9999999403953552,0.0,0.6527363726571751,0.6527363726571751,,,,1.0
24,hexane_gsolv_eV,99,0.9999999403953552,0.0,0.6527363726571751,0.6527363726571751,,,,1.0
24,hexane_gsolv_eV,100,0.9999999403953552,0.0,0.6527363726571751,0.6527363726571751,,,,1.0
24,hexane_gsolv_eV,101,0.9999999403953552,0.0,0.6527363726571751,0.6527363726571751,,,,1.0
24,hexane_gsolv_eV,102,0.9999999403953552,0.0,0.6527363726571751,0.6527363726571751,,,,1.0
24,hexane_gsolv_eV,103,0.9999999403953552,0.0,0.6527363726571751,0.6527363726571751,,,,1.0
24,hexane_gsolv_eV,104,0.9999999403953552,0.0,0.6527363726571751,0.6527363726571751,,,,1.0
24,hexane_gsolv_eV,105,0.9999999403953552,0.0,0.6527363726571751,0.6527363726571751,,,,1.0
24,hexane_gsolv_eV,106,0.9999999403953552,0.0,0.6527363726571751,0.6527363726571751,,,,1.0
24,hexane_gsolv_eV,107,0.9999999403953552,0.0,0.6527363726571751,0.6527363726571751,,,,1.0
24,hexane_gsolv_eV,108,0.9999999403953552,0.0,0.6527363726571751,0.6527363726571751,,,,1.0
24,hexane_gsolv_eV,109,0.9999999403953552,0.0,0.6527363726571751,0.6527363726571751,,,,1.0
24,hexane_gsolv_eV,110,0.9999999403953552,0.0,0.6527363726571751,0.6527363726571751,,,,1.0
24,hexane_gsolv_eV,111,0.9999999403953552,0.0,0.6527363726571751,0.6527363726571751,,,,1.0
24,hexane_gsolv_eV,112,0.9999999403953552,0.0,0.6527363726571751,0.6527363726571751,,,,1.0
24,hexane_gsolv_eV,113,0.9999999403953552,0.0,0.6527363726571751,0.6527363726571751,,,,1.0
24,hexane_gsolv_eV,114,0.9999999403953552,0.0,0.6527363726571751,0.6527363726571751,,,,1.0
24,hexane_gsolv_eV,115,0.9999999403953552,0.0,0.6527363726571751,0.6527363726571751,,,,1.0
24,hexane_gsolv_eV,116,0.9999999403953552,0.0,0.6527363726571751,0.6527363726571751,,,,1.0
24,hexane_gsolv_eV,117,0.9999999403953552,0.0,0.6527363726571751,0.6527363726571751,,,,1.0
24,hexane_gsolv_eV,118,0.9999999403953552,0.0,0.6527363726571751,0.6527363726571751,,,,1.0
24,hexane_gsolv_eV,119,0.9999999403953552,0.0,0.6527363726571751,0.6527363726571751,,,,1.0
24,hexane_gsolv_eV,120,0.9999999403953552,0.0,0.6527363726571751,0.6527363726571751,,,,1.0
24,hexane_gsolv_eV,121,0.9999999403953552,0.0,0.6527363726571751,0.6527363726571751,,,,1.0
24,hexane_gsolv_eV,122,0.9999999403953552,0.0,0.6527363726571751,0.6527363726571751,,,,1.0
24,hexane_gsolv_eV,123,0.9999999403953552,0.0,0.6527363726571751,0.6527363726571751,,,,1.0
24,hexane_gsolv_eV,124,0.9999999403953552,0.0,0.6527363726571751,0.6527363726571751,,,,1.0
24,hexane_gsolv_eV,125,0.9999999403953552,0.0,0.6527363726571751,0.6527363726571751,,,,1.0
24,hexane_gsolv_eV,126,0.9999999403953552,0.0,0.6527363726571751,0.6527363726571751,,,,1.0
24,hexane_gsolv_eV,127,0.9999999403953552,0.0,0.6527363726571751,0.6527363726571751,,,,1.0
24,hexane_gsolv_eV,128,0.9999999403953552,0.0,0.6527363726571751,0.6527363726571751,,,,1.0
24,hexane_gsolv_eV,129,0.9999999403953552,0.0,0.6527363726571751,0.6527363726571751,,,,1.0
24,hexane_gsolv_eV,130,0.9999999403953552,0.0,0.6527363726571751,0.6527363726571751,,,,1.0
24,hexane_gsolv_eV,131,0.9999999403953552,0.0,0.6527363726571751,0.6527363726571751,,,,1.0
24,hexane_gsolv_eV,132,0.9999999403953552,0.0,0.6527363726571751,0.6527363726571751,,,,1.0
24,hexane_gsolv_eV,133,0.9999999403953552,0.0,0.6527363726571751,0.6527363726571751,,,,1.0
24,hexane_gsolv_eV,134,0.9999999403953552,0.0,0.6527363726571751,0.6527363726571751,,,,1.0
24,hexane_gsolv_eV,135,0.9999999403953552,0.0,0.6527363726571751,0.6527363726571751,,,,1.0
24,hexane_gsolv_eV,136,0.9999999403953552,0.0,0.6527363726571751,0.6527363726571751,,,,1.0
24,hexane_gsolv_eV,137,0.9999999403953552,0.0,0.6527363726571751,0.6527363726571751,,,,1.0
24,hexane_gsolv_eV,138,0.9999999403953552,0.0,0.6527363726571751,0.6527363726571751,,,,1.0
24,hexane_gsolv_eV,139,0.9999999403953552,0.0,0.6527363726571751,0.6527363726571751,,,,1.0
24,hexane_gsolv_eV,140,0.9999999403953552,0.0,0.6527363726571751,0.6527363726571751,,,,1.0
24,hexane_gsolv_eV,141,0.9999999403953552,0.0,0.6527363726571751,0.6527363726571751,,,,1.0
24,hexane_gsolv_eV,142,0.9999999403953552,0.0,0.6527363726571751,0.6527363726571751,,,,1.0
24,hexane_gsolv_eV,143,0.9999999403953552,0.0,0.6527363726571751,0.6527363726571751,,,,1.0
24,hexane_gsolv_eV,144,0.9999999403953552,0.0,0.6527363726571751,0.6527363726571751,,,,1.0
24,hexane_gsolv_eV,145,0.9999999403953552,0.0,0.6527363726571751,0.6527363726571751,,,,1.0
24,hexane_gsolv_eV,146,0.9999999403953552,0.0,0.6527363726571751,0.6527363726571751,,,,1.0
24,hexane_gsolv_eV,147,0.9999999403953552,0.0,0.6527363726571751,0.6527363726571751,,,,1.0
24,hexane_gsolv_eV,148,0.9999999403953552,0.0,0.6527363726571751,0.6527363726571751,,,,1.0
24,hexane_gsolv_eV,149,0.9999999403953552,0.0,0.6527363726571751,0.6527363726571751,,,,1.0
24,hexane_gsolv_eV,150,0.9999999403953552,0.0,0.6527363726571751,0.6527363726571751,,,,1.0
24,hexane_gsolv_eV,151,0.9999999403953552,0.0,0.6527363726571751,0.6527363726571751,,,,1.0
24,hexane_gsolv_eV,152,0.9999999403953552,0.0,0.6527363726571751,0.6527363726571751,,,,1.0
24,hexane_gsolv_eV,153,0.9999999403953552,0.0,0.6527363726571751,0.6527363726571751,,,,1.0
24,hexane_gsolv_eV,154,0.9999999403953552,0.0,0.6527363726571751,0.6527363726571751,,,,1.0
24,hexane_gsolv_eV,155,0.9999999403953552,0.0,0.6527363726571751,0.6527363726571751,,,,1.0
24,hexane_gsolv_eV,156,0.9999999403953552,0.0,0.6527363726571751,0.6527363726571751,,,,1.0
24,hexane_gsolv_eV,157,0.9999999403953552,0.0,0.6527363726571751,0.6527363726571751,,,,1.0
24,hexane_gsolv_eV,158,0.9999999403953552,0.0,0.6527363726571751,0.6527363726571751,,,,1.0
24,hexane_gsolv_eV,159,0.9999999403953552,0.0,0.6527363726571751,0.6527363726571751,,,,1.0
24,hexane_gsolv_eV,160,0.9999999403953552,0.0,0.6527363726571751,0.6527363726571751,,,,1.0
24,hexane_gsolv_eV,161,0.9999999403953552,0.0,0.6527363726571751,0.6527363726571751,,,,1.0
24,hexane_gsolv_eV,162,0.9999999403953552,0.0,0.6527363726571751,0.6527363726571751,,,,1.0
24,hexane_gsolv_eV,163,0.9999999403953552,0.0,0.6527363726571751,0.6527363726571751,,,,1.0
24,hexane_gsolv_eV,164,0.9999999403953552,0.0,0.6527363726571751,0.6527363726571751,,,,1.0
24,hexane_gsolv_eV,165,0.9999999403953552,0.0,0.6527363726571751,0.6527363726571751,,,,1.0
24,hexane_gsolv_eV,166,0.9999999403953552,0.0,0.6527363726571751,0.6527363726571751,,,,1.0
24,hexane_gsolv_eV,167,0.9999999403953552,0.0,0.6527363726571751,0.6527363726571751,,,,1.0
24,hexane_gsolv_eV,168,0.9999999403953552,0.0,0.6527363726571751,0.6527363726571751,,,,1.0
24,hexane_gsolv_eV,169,0.9999999403953552,0.0,0.6527363726571751,0.6527363726571751,,,,1.0
24,hexane_gsolv_eV,170,0.9999999403953552,0.0,0.6527363726571751,0.6527363726571751,,,,1.0
24,hexane_gsolv_eV,171,0.9999999403953552,0.0,0.6527363726571751,0.6527363726571751,,,,1.0
24,hexane_gsolv_eV,172,0.9999999403953552,0.0,0.6527363726571751,0.6527363726571751,,,,1.0
24,hexane_gsolv_eV,173,0.9999999403953552,0.0,0.6527363726571751,0.6527363726571751,,,,1.0
24,hexane_gsolv_eV,174,0.9999999403953552,0.0,0.6527363726571751,0.6527363726571751,,,,1.0
24,hexane_gsolv_eV,175,0.9999999403953552,0.0,0.6527363726571751,0.6527363726571751,,,,1.0
24,hexane_gsolv_eV,176,0.9999999403953552,0.0,0.6527363726571751,0.6527363726571751,,,,1.0
24,hexane_gsolv_eV,177,0.9999999403953552,0.0,0.6527363726571751,0.6527363726571751,,,,1.0
24,hexane_gsolv_eV,178,0.9999999403953552,0.0,0.6527363726571751,0.6527363726571751,,,,1.0
24,hexane_gsolv_eV,179,0.9999999403953552,0.0,0.6527363726571751,0.6527363726571751,,,,1.0
24,hexane_gsolv_eV,180,0.9999999403953552,0.0,0.6527363726571751,0.6527363726571751,,,,1.0
24,hexane_gsolv_eV,181,0.9999999403953552,0.0,0.6527363726571751,0.6527363726571751,,,,1.0
24,hexane_gsolv_eV,182,0.9999999403953552,0.0,0.6527363726571751,0.6527363726571751,,,,1.0
24,hexane_gsolv_eV,183,0.9999999403953552,0.0,0.6527363726571751,0.6527363726571751,,,,1.0
24,hexane_gsolv_eV,184,0.9999999403953552,0.0,0.6527363726571751,0.6527363726571751,,,,1.0
24,hexane_gsolv_eV,185,0.9999999403953552,0.0,0.6527363726571751,0.6527363726571751,,,,1.0
24,hexane_gsolv_eV,186,0.9999999403953552,0.0,0.6527363726571751,0.6527363726571751,,,,1.0
24,hexane_gsolv_eV,187,0.9999999403953552,0.0,0.6527363726571751,0.6527363726571751,,,,1.0
24,hexane_gsolv_eV,188,0.9999999403953552,0.0,0.6527363726571751,0.6527363726571751,,,,1.0
24,hexane_gsolv_eV,189,0.9999999403953552,0.0,0.6527363726571751,0.6527363726571751,,,,1.0
24,hexane_gsolv_eV,190,0.9999999403953552,0.0,0.6527363726571751,0.6527363726571751,,,,1.0
24,hexane_gsolv_eV,191,0.9999999403953552,0.0,0.6527363726571751,0.6527363726571751,,,,1.0
24,hexane_gsolv_eV,192,0.9999999403953552,0.0,0.6527363726571751,0.6527363726571751,,,,1.0
24,hexane_gsolv_eV,193,0.9999999403953552,0.0,0.6527363726571751,0.6527363726571751,,,,1.0
24,hexane_gsolv_eV,194,0.9999999403953552,0.0,0.6527363726571751,0.6527363726571751,,,,1.0
24,hexane_gsolv_eV,195,0.9999999403953552,0.0,0.6527363726571751,0.6527363726571751,,,,1.0
24,hexane_gsolv_eV,196,0.9999999403953552,0.0,0.6527363726571751,0.6527363726571751,,,,1.0
24,hexane_gsolv_eV,197,0.9999999403953552,0.0,0.6527363726571751,0.6527363726571751,,,,1.0
24,hexane_gsolv_eV,198,0.9999999403953552,0.0,0.6527363726571751,0.6527363726571751,,,,1.0
24,hexane_gsolv_eV,199,0.9999999403953552,0.0,0.6527363726571751,0.6527363726571751,,,,1.0
24,hexane_gsolv_eV,200,0.9999999403953552,0.0,0.6527363726571751,0.6527363726571751,,,,1.0
24,hexane_gsolv_eV,201,0.9999999403953552,0.0,0.6527363726571751,0.6527363726571751,,,,1.0
24,hexane_gsolv_eV,202,0.9999999403953552,0.0,0.6527363726571751,0.6527363726571751,,,,1.0
24,hexane_gsolv_eV,203,0.9999999403953552,0.0,0.6527363726571751,0.6527363726571751,,,,1.0
24,hexane_gsolv_eV,204,0.9999999403953552,0.0,0.6527363726571751,0.6527363726571751,,,,1.0
24,hexane_gsolv_eV,205,0.9999999403953552,0.0,0.6527363726571751,0.6527363726571751,,,,1.0
24,hexane_gsolv_eV,206,0.9999999403953552,0.0,0.6527363726571751,0.6527363726571751,,,,1.0
24,hexane_gsolv_eV,207,0.9999999403953552,0.0,0.6527363726571751,0.6527363726571751,,,,1.0
24,hexane_gsolv_eV,208,0.9999999403953552,0.0,0.6527363726571751,0.6527363726571751,,,,1.0
24,hexane_gsolv_eV,209,0.9999999403953552,0.0,0.6527363726571751,0.6527363726571751,,,,1.0
24,hexane_gsolv_eV,210,0.9999999403953552,0.0,0.6527363726571751,0.6527363726571751,,,,1.0
24,hexane_gsolv_eV,211,0.9999999403953552,0.0,0.6527363726571751,0.6527363726571751,,,,1.0
24,hexane_gsolv_eV,212,0.9999999403953552,0.0,0.6527363726571751,0.6527363726571751,,,,1.0
24,hexane_gsolv_eV,213,0.9999999403953552,0.0,0.6527363726571751,0.6527363726571751,,,,1.0
24,hexane_gsolv_eV,214,0.9999999403953552,0.0,0.6527363726571751,0.6527363726571751,,,,1.0
24,hexane_gsolv_eV,215,0.9999999403953552,0.0,0.6527363726571751,0.6527363726571751,,,,1.0
24,hexane_gsolv_eV,216,0.9999999403953552,0.0,0.6527363726571751,0.6527363726571751,,,,1.0
24,hexane_gsolv_eV,217,0.9999999403953552,0.0,0.6527363726571751,0.6527363726571751,,,,1.0
24,hexane_gsolv_eV,218,0.9999999403953552,0.0,0.6527363726571751,0.6527363726571751,,,,1.0
24,hexane_gsolv_eV,219,0.9999999403953552,0.0,0.6527363726571751,0.6527363726571751,,,,1.0
24,hexane_gsolv_eV,220,0.9999999403953552,0.0,0.6527363726571751,0.6527363726571751,,,,1.0
24,hexane_gsolv_eV,221,0.9999999403953552,0.0,0.6527363726571751,0.6527363726571751,,,,1.0
24,hexane_gsolv_eV,222,0.9999999403953552,0.0,0.6527363726571751,0.6527363726571751,,,,1.0
24,hexane_gsolv_eV,223,0.9999999403953552,0.0,0.6527363726571751,0.6527363726571751,,,,1.0
24,hexane_gsolv_eV,224,0.9999999403953552,0.0,0.6527363726571751,0.6527363726571751,,,,1.0
24,hexane_gsolv_eV,225,0.9999999403953552,0.0,0.6527363726571751,0.6527363726571751,,,,1.0
24,hexane_gsolv_eV,226,0.9999999403953552,0.0,0.6527363726571751,0.6527363726571751,,,,1.0
24,hexane_gsolv_eV,227,0.9999999403953552,0.0,0.6527363726571751,0.6527363726571751,,,,1.0
24,hexane_gsolv_eV,228,0.9999999403953552,0.0,0.6527363726571751,0.6527363726571751,,,,1.0
24,hexane_gsolv_eV,229,0.9999999403953552,0.0,0.6527363726571751,0.6527363726571751,,,,1.0
24,hexane_gsolv_eV,230,0.9999999403953552,0.0,0.6527363726571751,0.6527363726571751,,,,1.0
24,hexane_gsolv_eV,231,0.9999999403953552,0.0,0.6527363726571751,0.6527363726571751,,,,1.0
24,hexane_gsolv_eV,232,0.9999999403953552,0.0,0.6527363726571751,0.6527363726571751,,,,1.0
24,hexane_gsolv_eV,233,0.9999999403953552,0.0,0.6527363726571751,0.6527363726571751,,,,1.0
24,hexane_gsolv_eV,234,0.9999999403953552,0.0,0.6527363726571751,0.6527363726571751,,,,1.0
24,hexane_gsolv_eV,235,0.9999999403953552,0.0,0.6527363726571751,0.6527363726571751,,,,1.0
24,hexane_gsolv_eV,236,0.9999999403953552,0.0,0.6527363726571751,0.6527363726571751,,,,1.0
24,hexane_gsolv_eV,237,0.9999999403953552,0.0,0.6527363726571751,0.6527363726571751,,,,1.0
24,hexane_gsolv_eV,238,0.9999999403953552,0.0,0.6527363726571751,0.6527363726571751,,,,1.0
24,hexane_gsolv_eV,239,0.9999999403953552,0.0,0.6527363726571751,0.6527363726571751,,,,1.0
24,hexane_gsolv_eV,240,0.9999999403953552,0.0,0.6527363726571751,0.6527363726571751,,,,1.0
24,hexane_gsolv_eV,241,0.9999999403953552,0.0,0.6527363726571751,0.6527363726571751,,,,1.0
24,hexane_gsolv_eV,242,0.9999999403953552,0.0,0.6527363726571751,0.6527363726571751,,,,1.0
24,hexane_gsolv_eV,243,0.9999999403953552,0.0,0.6527363726571751,0.6527363726571751,,,,1.0
24,hexane_gsolv_eV,244,0.9999999403953552,0.0,0.6527363726571751,0.6527363726571751,,,,1.0
24,hexane_gsolv_eV,245,0.9999999403953552,0.0,0.6527363726571751,0.6527363726571751,,,,1.0
24,hexane_gsolv_eV,246,0.9999999403953552,0.0,0.6527363726571751,0.6527363726571751,,,,1.0
24,hexane_gsolv_eV,247,0.9999999403953552,0.0,0.6527363726571751,0.6527363726571751,,,,1.0
24,hexane_gsolv_eV,248,0.9999999403953552,0.0,0.6527363726571751,0.6527363726571751,,,,1.0
24,hexane_gsolv_eV,249,0.9999999403953552,0.0,0.6527363726571751,0.6527363726571751,,,,1.0
24,hexane_hl_gap_eV,0,1.0,0.0,0.7023995803707583,0.7023995803707583,,,,1.0
24,hexane_hl_gap_eV,1,1.0,0.0,0.7023995803707583,0.7023995803707583,,,,1.0
24,hexane_hl_gap_eV,2,1.0,0.0,0.7023995803707583,0.7023995803707583,,,,1.0
24,hexane_hl_gap_eV,3,1.0,0.0,0.7023995803707583,0.7023995803707583,,,,1.0
24,hexane_hl_gap_eV,4,1.0,0.0,0.7023995803707583,0.7023995803707583,,,,1.0
24,hexane_hl_gap_eV,5,1.0,0.0,0.7023995803707583,0.7023995803707583,,,,1.0
24,hexane_hl_gap_eV,6,1.0,0.0,0.7023995803707583,0.7023995803707583,,,,1.0
24,hexane_hl_gap_eV,7,1.0,0.0,0.7023995803707583,0.7023995803707583,,,,1.0
24,hexane_hl_gap_eV,8,1.0,0.0,0.7023995803707583,0.7023995803707583,,,,1.0
24,hexane_hl_gap_eV,9,1.0,0.0,0.7023995803707583,0.7023995803707583,,,,1.0
24,hexane_hl_gap_eV,10,1.0,0.0,0.7023995803707583,0.7023995803707583,,,,1.0
24,hexane_hl_gap_eV,11,1.0,0.0,0.7023995803707583,0.7023995803707583,,,,1.0
24,hexane_hl_gap_eV,12,1.0,0.0,0.7023995803707583,0.7023995803707583,,,,1.0
24,hexane_hl_gap_eV,13,1.0,0.0,0.7023995803707583,0.7023995803707583,,,,1.0
24,hexane_hl_gap_eV,14,1.0,0.0,0.7023995803707583,0.7023995803707583,,,,1.0
24,hexane_hl_gap_eV,15,1.0,0.0,0.7023995803707583,0.7023995803707583,,,,1.0
24,hexane_hl_gap_eV,16,1.0,0.0,0.7023995803707583,0.7023995803707583,,,,1.0
24,hexane_hl_gap_eV,17,1.0,0.0,0.7023995803707583,0.7023995803707583,,,,1.0
24,hexane_hl_gap_eV,18,1.0,0.0,0.7023995803707583,0.7023995803707583,,,,1.0
24,hexane_hl_gap_eV,19,1.0,0.0,0.7023995803707583,0.7023995803707583,,,,1.0
24,hexane_hl_gap_eV,20,1.0,0.0,0.7023995803707583,0.7023995803707583,,,,1.0
24,hexane_hl_gap_eV,21,1.0,0.0,0.7023995803707583,0.7023995803707583,,,,1.0
24,hexane_hl_gap_eV,22,1.0,0.0,0.7023995803707583,0.7023995803707583,,,,1.0
24,hexane_hl_gap_eV,23,1.0,0.0,0.7023995803707583,0.7023995803707583,,,,1.0
24,hexane_hl_gap_eV,24,1.0,0.0,0.7023995803707583,0.7023995803707583,,,,1.0
24,hexane_hl_gap_eV,25,1.0,0.0,0.7023995803707583,0.7023995803707583,,,,1.0
24,hexane_hl_gap_eV,26,1.0,0.0,0.7023995803707583,0.7023995803707583,,,,1.0
24,hexane_hl_gap_eV,27,1.0,0.0,0.7023995803707583,0.7023995803707583,,,,1.0
24,hexane_hl_gap_eV,28,1.0,0.0,0.7023995803707583,0.7023995803707583,,,,1.0
24,hexane_hl_gap_eV,29,1.0,0.0,0.7023995803707583,0.7023995803707583,,,,1.0
24,hexane_hl_gap_eV,30,1.0,0.0,0.7023995803707583,0.7023995803707583,,,,1.0
24,hexane_hl_gap_eV,31,1.0,0.0,0.7023995803707583,0.7023995803707583,,,,1.0
24,hexane_hl_gap_eV,32,1.0,0.0,0.7023995803707583,0.7023995803707583,,,,1.0
24,hexane_hl_gap_eV,33,1.0,0.0,0.7023995803707583,0.7023995803707583,,,,1.0
24,hexane_hl_gap_eV,34,1.0,0.0,0.7023995803707583,0.7023995803707583,,,,1.0
24,hexane_hl_gap_eV,35,1.0,0.0,0.7023995803707583,0.7023995803707583,,,,1.0
24,hexane_hl_gap_eV,36,1.0,0.0,0.7023995803707583,0.7023995803707583,,,,1.0
24,hexane_hl_gap_eV,37,1.0,0.0,0.7023995803707583,0.7023995803707583,,,,1.0
24,hexane_hl_gap_eV,38,1.0,0.0,0.7023995803707583,0.7023995803707583,,,,1.0
24,hexane_hl_gap_eV,39,1.0,0.0,0.7023995803707583,0.7023995803707583,,,,1.0
24,hexane_hl_gap_eV,40,1.0,0.0,0.7023995803707583,0.7023995803707583,,,,1.0
24,hexane_hl_gap_eV,41,1.0,0.0,0.7023995803707583,0.7023995803707583,,,,1.0
24,hexane_hl_gap_eV,42,1.0,0.0,0.7023995803707583,0.7023995803707583,,,,1.0
24,hexane_hl_gap_eV,43,1.0,0.0,0.7023995803707583,0.7023995803707583,,,,1.0
24,hexane_hl_gap_eV,44,1.0,0.0,0.7023995803707583,0.7023995803707583,,,,1.0
24,hexane_hl_gap_eV,45,1.0,0.0,0.7023995803707583,0.7023995803707583,,,,1.0
24,hexane_hl_gap_eV,46,1.0,0.0,0.7023995803707583,0.7023995803707583,,,,1.0
24,hexane_hl_gap_eV,47,1.0,0.0,0.7023995803707583,0.7023995803707583,,,,1.0
24,hexane_hl_gap_eV,48,1.0,0.0,0.7023995803707583,0.7023995803707583,,,,1.0
24,hexane_hl_gap_eV,49,1.0,0.0,0.7023995803707583,0.7023995803707583,,,,1.0
24,hexane_hl_gap_eV,50,1.0,0.0,0.7023995803707583,0.7023995803707583,,,,1.0
24,hexane_hl_gap_eV,51,1.0,0.0,0.7023995803707583,0.7023995803707583,,,,1.0
24,hexane_hl_gap_eV,52,1.0,0.0,0.7023995803707583,0.7023995803707583,,,,1.0
24,hexane_hl_gap_eV,53,1.0,0.0,0.7023995803707583,0.7023995803707583,,,,1.0
24,hexane_hl_gap_eV,54,1.0,0.0,0.7023995803707583,0.7023995803707583,,,,1.0
24,hexane_hl_gap_eV,55,1.0,0.0,0.7023995803707583,0.7023995803707583,,,,1.0
24,hexane_hl_gap_eV,56,1.0,0.0,0.7023995803707583,0.7023995803707583,,,,1.0
24,hexane_hl_gap_eV,57,1.0,0.0,0.7023995803707583,0.7023995803707583,,,,1.0
24,hexane_hl_gap_eV,58,1.0,0.0,0.7023995803707583,0.7023995803707583,,,,1.0
24,hexane_hl_gap_eV,59,1.0,0.0,0.7023995803707583,0.7023995803707583,,,,1.0
24,hexane_hl_gap_eV,60,1.0,0.0,0.7023995803707583,0.7023995803707583,,,,1.0
24,hexane_hl_gap_eV,61,1.0,0.0,0.7023995803707583,0.7023995803707583,,,,1.0
24,hexane_hl_gap_eV,62,1.0,0.0,0.7023995803707583,0.7023995803707583,,,,1.0
24,hexane_hl_gap_eV,63,1.0,0.0,0.7023995803707583,0.7023995803707583,,,,1.0
24,hexane_hl_gap_eV,64,1.0,0.0,0.7023995803707583,0.7023995803707583,,,,1.0
24,hexane_hl_gap_eV,65,1.0,0.0,0.7023995803707583,0.7023995803707583,,,,1.0
24,hexane_hl_gap_eV,66,1.0,0.0,0.7023995803707583,0.7023995803707583,,,,1.0
24,hexane_hl_gap_eV,67,1.0,0.0,0.7023995803707583,0.7023995803707583,,,,1.0
24,hexane_hl_gap_eV,68,1.0,0.0,0.7023995803707583,0.7023995803707583,,,,1.0
24,hexane_hl_gap_eV,69,1.0,0.0,0.7023995803707583,0.7023995803707583,,,,1.0
24,hexane_hl_gap_eV,70,1.0,0.0,0.7023995803707583,0.7023995803707583,,,,1.0
24,hexane_hl_gap_eV,71,1.0,0.0,0.7023995803707583,0.7023995803707583,,,,1.0
24,hexane_hl_gap_eV,72,1.0,0.0,0.7023995803707583,0.7023995803707583,,,,1.0
24,hexane_hl_gap_eV,73,1.0,0.0,0.7023995803707583,0.7023995803707583,,,,1.0
24,hexane_hl_gap_eV,74,1.0,0.0,0.7023995803707583,0.7023995803707583,,,,1.0
24,hexane_hl_gap_eV,75,1.0,0.0,0.7023995803707583,0.7023995803707583,,,,1.0
24,hexane_hl_gap_eV,76,1.0,0.0,0.7023995803707583,0.7023995803707583,,,,1.0
24,hexane_hl_gap_eV,77,1.0,0.0,0.7023995803707583,0.7023995803707583,,,,1.0
24,hexane_hl_gap_eV,78,1.0,0.0,0.7023995803707583,0.7023995803707583,,,,1.0
24,hexane_hl_gap_eV,79,1.0,0.0,0.7023995803707583,0.7023995803707583,,,,1.0
24,hexane_hl_gap_eV,80,1.0,0.0,0.7023995803707583,0.7023995803707583,,,,1.0
24,hexane_hl_gap_eV,81,1.0,0.0,0.7023995803707583,0.7023995803707583,,,,1.0
24,hexane_hl_gap_eV,82,1.0,0.0,0.7023995803707583,0.7023995803707583,,,,1.0
24,hexane_hl_gap_eV,83,1.0,0.0,0.7023995803707583,0.7023995803707583,,,,1.0
24,hexane_hl_gap_eV,84,1.0,0.0,0.7023995803707583,0.7023995803707583,,,,1.0
24,hexane_hl_gap_eV,85,1.0,0.0,0.7023995803707583,0.7023995803707583,,,,1.0
24,hexane_hl_gap_eV,86,1.0,0.0,0.7023995803707583,0.7023995803707583,,,,1.0
24,hexane_hl_gap_eV,87,1.0,0.0,0.7023995803707583,0.7023995803707583,,,,1.0
24,hexane_hl_gap_eV,88,1.0,0.0,0.7023995803707583,0.7023995803707583,,,,1.0
24,hexane_hl_gap_eV,89,1.0,0.0,0.7023995803707583,0.7023995803707583,,,,1.0
24,hexane_hl_gap_eV,90,1.0,0.0,0.7023995803707583,0.7023995803707583,,,,1.0
24,hexane_hl_gap_eV,91,1.0,0.0,0.7023995803707583,0.7023995803707583,,,,1.0
24,hexane_hl_gap_eV,92,1.0,0.0,0.7023995803707583,0.7023995803707583,,,,1.0
24,hexane_hl_gap_eV,93,1.0,0.0,0.7023995803707583,0.7023995803707583,,,,1.0
24,hexane_hl_gap_eV,94,1.0,0.0,0.7023995803707583,0.7023995803707583,,,,1.0
24,hexane_hl_gap_eV,95,1.0,0.0,0.7023995803707583,0.7023995803707583,,,,1.0
24,hexane_hl_gap_eV,96,1.0,0.0,0.7023995803707583,0.7023995803707583,,,,1.0
24,hexane_hl_gap_eV,97,1.0,0.0,0.7023995803707583,0.7023995803707583,,,,1.0
24,hexane_hl_gap_eV,98,1.0,0.0,0.7023995803707583,0.7023995803707583,,,,1.0
24,hexane_hl_gap_eV,99,1.0,0.0,0.7023995803707583,0.7023995803707583,,,,1.0
24,hexane_hl_gap_eV,100,1.0,0.0,0.7023995803707583,0.7023995803707583,,,,1.0
24,hexane_hl_gap_eV,101,1.0,0.0,0.7023995803707583,0.7023995803707583,,,,1.0
24,hexane_hl_gap_eV,102,1.0,0.0,0.7023995803707583,0.7023995803707583,,,,1.0
24,hexane_hl_gap_eV,103,1.0,0.0,0.7023995803707583,0.7023995803707583,,,,1.0
24,hexane_hl_gap_eV,104,1.0,0.0,0.7023995803707583,0.7023995803707583,,,,1.0
24,hexane_hl_gap_eV,105,1.0,0.0,0.7023995803707583,0.7023995803707583,,,,1.0
24,hexane_hl_gap_eV,106,1.0,0.0,0.7023995803707583,0.7023995803707583,,,,1.0
24,hexane_hl_gap_eV,107,1.0,0.0,0.7023995803707583,0.7023995803707583,,,,1.0
24,hexane_hl_gap_eV,108,1.0,0.0,0.7023995803707583,0.7023995803707583,,,,1.0
24,hexane_hl_gap_eV,109,1.0,0.0,0.7023995803707583,0.7023995803707583,,,,1.0
24,hexane_hl_gap_eV,110,1.0,0.0,0.7023995803707583,0.7023995803707583,,,,1.0
24,hexane_hl_gap_eV,111,1.0,0.0,0.7023995803707583,0.7023995803707583,,,,1.0
24,hexane_hl_gap_eV,112,1.0,0.0,0.7023995803707583,0.7023995803707583,,,,1.0
24,hexane_hl_gap_eV,113,1.0,0.0,0.7023995803707583,0.7023995803707583,,,,1.0
24,hexane_hl_gap_eV,114,1.0,0.0,0.7023995803707583,0.7023995803707583,,,,1.0
24,hexane_hl_gap_eV,115,1.0,0.0,0.7023995803707583,0.7023995803707583,,,,1.0
24,hexane_hl_gap_eV,116,1.0,0.0,0.7023995803707583,0.7023995803707583,,,,1.0
24,hexane_hl_gap_eV,117,1.0,0.0,0.7023995803707583,0.7023995803707583,,,,1.0
24,hexane_hl_gap_eV,118,1.0,0.0,0.7023995803707583,0.7023995803707583,,,,1.0
24,hexane_hl_gap_eV,119,1.0,0.0,0.7023995803707583,0.7023995803707583,,,,1.0
24,hexane_hl_gap_eV,120,1.0,0.0,0.7023995803707583,0.7023995803707583,,,,1.0
24,hexane_hl_gap_eV,121,1.0,0.0,0.7023995803707583,0.7023995803707583,,,,1.0
24,hexane_hl_gap_eV,122,1.0,0.0,0.7023995803707583,0.7023995803707583,,,,1.0
24,hexane_hl_gap_eV,123,1.0,0.0,0.7023995803707583,0.7023995803707583,,,,1.0
24,hexane_hl_gap_eV,124,1.0,0.0,0.7023995803707583,0.7023995803707583,,,,1.0
24,hexane_hl_gap_eV,125,1.0,0.0,0.7023995803707583,0.7023995803707583,,,,1.0
24,hexane_hl_gap_eV,126,1.0,0.0,0.7023995803707583,0.7023995803707583,,,,1.0
24,hexane_hl_gap_eV,127,1.0,0.0,0.7023995803707583,0.7023995803707583,,,,1.0
24,hexane_hl_gap_eV,128,1.0,0.0,0.7023995803707583,0.7023995803707583,,,,1.0
24,hexane_hl_gap_eV,129,1.0,0.0,0.7023995803707583,0.7023995803707583,,,,1.0
24,hexane_hl_gap_eV,130,1.0,0.0,0.7023995803707583,0.7023995803707583,,,,1.0
24,hexane_hl_gap_eV,131,1.0,0.0,0.7023995803707583,0.7023995803707583,,,,1.0
24,hexane_hl_gap_eV,132,1.0,0.0,0.7023995803707583,0.7023995803707583,,,,1.0
24,hexane_hl_gap_eV,133,1.0,0.0,0.7023995803707583,0.7023995803707583,,,,1.0
24,hexane_hl_gap_eV,134,1.0,0.0,0.7023995803707583,0.7023995803707583,,,,1.0
24,hexane_hl_gap_eV,135,1.0,0.0,0.7023995803707583,0.7023995803707583,,,,1.0
24,hexane_hl_gap_eV,136,1.0,0.0,0.7023995803707583,0.7023995803707583,,,,1.0
24,hexane_hl_gap_eV,137,1.0,0.0,0.7023995803707583,0.7023995803707583,,,,1.0
24,hexane_hl_gap_eV,138,1.0,0.0,0.7023995803707583,0.7023995803707583,,,,1.0
24,hexane_hl_gap_eV,139,1.0,0.0,0.7023995803707583,0.7023995803707583,,,,1.0
24,hexane_hl_gap_eV,140,1.0,0.0,0.7023995803707583,0.7023995803707583,,,,1.0
24,hexane_hl_gap_eV,141,1.0,0.0,0.7023995803707583,0.7023995803707583,,,,1.0
24,hexane_hl_gap_eV,142,1.0,0.0,0.7023995803707583,0.7023995803707583,,,,1.0
24,hexane_hl_gap_eV,143,1.0,0.0,0.7023995803707583,0.7023995803707583,,,,1.0
24,hexane_hl_gap_eV,144,1.0,0.0,0.7023995803707583,0.7023995803707583,,,,1.0
24,hexane_hl_gap_eV,145,1.0,0.0,0.7023995803707583,0.7023995803707583,,,,1.0
24,hexane_hl_gap_eV,146,1.0,0.0,0.7023995803707583,0.7023995803707583,,,,1.0
24,hexane_hl_gap_eV,147,1.0,0.0,0.7023995803707583,0.7023995803707583,,,,1.0
24,hexane_hl_gap_eV,148,1.0,0.0,0.7023995803707583,0.7023995803707583,,,,1.0
24,hexane_hl_gap_eV,149,1.0,0.0,0.7023995803707583,0.7023995803707583,,,,1.0
24,hexane_hl_gap_eV,150,1.0,0.0,0.7023995803707583,0.7023995803707583,,,,1.0
24,hexane_hl_gap_eV,151,1.0,0.0,0.7023995803707583,0.7023995803707583,,,,1.0
24,hexane_hl_gap_eV,152,1.0,0.0,0.7023995803707583,0.7023995803707583,,,,1.0
24,hexane_hl_gap_eV,153,1.0,0.0,0.7023995803707583,0.7023995803707583,,,,1.0
24,hexane_hl_gap_eV,154,1.0,0.0,0.7023995803707583,0.7023995803707583,,,,1.0
24,hexane_hl_gap_eV,155,1.0,0.0,0.7023995803707583,0.7023995803707583,,,,1.0
24,hexane_hl_gap_eV,156,1.0,0.0,0.7023995803707583,0.7023995803707583,,,,1.0
24,hexane_hl_gap_eV,157,1.0,0.0,0.7023995803707583,0.7023995803707583,,,,1.0
24,hexane_hl_gap_eV,158,1.0,0.0,0.7023995803707583,0.7023995803707583,,,,1.0
24,hexane_hl_gap_eV,159,1.0,0.0,0.7023995803707583,0.7023995803707583,,,,1.0
24,hexane_hl_gap_eV,160,1.0,0.0,0.7023995803707583,0.7023995803707583,,,,1.0
24,hexane_hl_gap_eV,161,1.0,0.0,0.7023995803707583,0.7023995803707583,,,,1.0
24,hexane_hl_gap_eV,162,1.0,0.0,0.7023995803707583,0.7023995803707583,,,,1.0
24,hexane_hl_gap_eV,163,1.0,0.0,0.7023995803707583,0.7023995803707583,,,,1.0
24,hexane_hl_gap_eV,164,1.0,0.0,0.7023995803707583,0.7023995803707583,,,,1.0
24,hexane_hl_gap_eV,165,1.0,0.0,0.7023995803707583,0.7023995803707583,,,,1.0
24,hexane_hl_gap_eV,166,1.0,0.0,0.7023995803707583,0.7023995803707583,,,,1.0
24,hexane_hl_gap_eV,167,1.0,0.0,0.7023995803707583,0.7023995803707583,,,,1.0
24,hexane_hl_gap_eV,168,1.0,0.0,0.7023995803707583,0.7023995803707583,,,,1.0
24,hexane_hl_gap_eV,169,1.0,0.0,0.7023995803707583,0.7023995803707583,,,,1.0
24,hexane_hl_gap_eV,170,1.0,0.0,0.7023995803707583,0.7023995803707583,,,,1.0
24,hexane_hl_gap_eV,171,1.0,0.0,0.7023995803707583,0.7023995803707583,,,,1.0
24,hexane_hl_gap_eV,172,1.0,0.0,0.7023995803707583,0.7023995803707583,,,,1.0
24,hexane_hl_gap_eV,173,1.0,0.0,0.7023995803707583,0.7023995803707583,,,,1.0
24,hexane_hl_gap_eV,174,1.0,0.0,0.7023995803707583,0.7023995803707583,,,,1.0
24,hexane_hl_gap_eV,175,1.0,0.0,0.7023995803707583,0.7023995803707583,,,,1.0
24,hexane_hl_gap_eV,176,1.0,0.0,0.7023995803707583,0.7023995803707583,,,,1.0
24,hexane_hl_gap_eV,177,1.0,0.0,0.7023995803707583,0.7023995803707583,,,,1.0
24,hexane_hl_gap_eV,178,1.0,0.0,0.7023995803707583,0.7023995803707583,,,,1.0
24,hexane_hl_gap_eV,179,1.0,0.0,0.7023995803707583,0.7023995803707583,,,,1.0
24,hexane_hl_gap_eV,180,1.0,0.0,0.7023995803707583,0.7023995803707583,,,,1.0
24,hexane_hl_gap_eV,181,1.0,0.0,0.7023995803707583,0.7023995803707583,,,,1.0
24,hexane_hl_gap_eV,182,1.0,0.0,0.7023995803707583,0.7023995803707583,,,,1.0
24,hexane_hl_gap_eV,183,1.0,0.0,0.7023995803707583,0.7023995803707583,,,,1.0
24,hexane_hl_gap_eV,184,1.0,0.0,0.7023995803707583,0.7023995803707583,,,,1.0
24,hexane_hl_gap_eV,185,1.0,0.0,0.7023995803707583,0.7023995803707583,,,,1.0
24,hexane_hl_gap_eV,186,1.0,0.0,0.7023995803707583,0.7023995803707583,,,,1.0
24,hexane_hl_gap_eV,187,1.0,0.0,0.7023995803707583,0.7023995803707583,,,,1.0
24,hexane_hl_gap_eV,188,1.0,0.0,0.7023995803707583,0.7023995803707583,,,,1.0
24,hexane_hl_gap_eV,189,1.0,0.0,0.7023995803707583,0.7023995803707583,,,,1.0
24,hexane_hl_gap_eV,190,1.0,0.0,0.7023995803707583,0.7023995803707583,,,,1.0
24,hexane_hl_gap_eV,191,1.0,0.0,0.7023995803707583,0.7023995803707583,,,,1.0
24,hexane_hl_gap_eV,192,1.0,0.0,0.7023995803707583,0.7023995803707583,,,,1.0
24,hexane_hl_gap_eV,193,1.0,0.0,0.7023995803707583,0.7023995803707583,,,,1.0
24,hexane_hl_gap_eV,194,1.0,0.0,0.7023995803707583,0.7023995803707583,,,,1.0
24,hexane_hl_gap_eV,195,1.0,0.0,0.7023995803707583,0.7023995803707583,,,,1.0
24,hexane_hl_gap_eV,196,1.0,0.0,0.7023995803707583,0.7023995803707583,,,,1.0
24,hexane_hl_gap_eV,197,1.0,0.0,0.7023995803707583,0.7023995803707583,,,,1.0
24,hexane_hl_gap_eV,198,1.0,0.0,0.7023995803707583,0.7023995803707583,,,,1.0
24,hexane_hl_gap_eV,199,1.0,0.0,0.7023995803707583,0.7023995803707583,,,,1.0
24,hexane_hl_gap_eV,200,1.0,0.0,0.7023995803707583,0.7023995803707583,,,,1.0
24,hexane_hl_gap_eV,201,1.0,0.0,0.7023995803707583,0.7023995803707583,,,,1.0
24,hexane_hl_gap_eV,202,1.0,0.0,0.7023995803707583,0.7023995803707583,,,,1.0
24,hexane_hl_gap_eV,203,1.0,0.0,0.7023995803707583,0.7023995803707583,,,,1.0
24,hexane_hl_gap_eV,204,1.0,0.0,0.7023995803707583,0.7023995803707583,,,,1.0
24,hexane_hl_gap_eV,205,1.0,0.0,0.7023995803707583,0.7023995803707583,,,,1.0
24,hexane_hl_gap_eV,206,1.0,0.0,0.7023995803707583,0.7023995803707583,,,,1.0
24,hexane_hl_gap_eV,207,1.0,0.0,0.7023995803707583,0.7023995803707583,,,,1.0
24,hexane_hl_gap_eV,208,1.0,0.0,0.7023995803707583,0.7023995803707583,,,,1.0
24,hexane_hl_gap_eV,209,1.0,0.0,0.7023995803707583,0.7023995803707583,,,,1.0
24,hexane_hl_gap_eV,210,1.0,0.0,0.7023995803707583,0.7023995803707583,,,,1.0
24,hexane_hl_gap_eV,211,1.0,0.0,0.7023995803707583,0.7023995803707583,,,,1.0
24,hexane_hl_gap_eV,212,1.0,0.0,0.7023995803707583,0.7023995803707583,,,,1.0
24,hexane_hl_gap_eV,213,1.0,0.0,0.7023995803707583,0.7023995803707583,,,,1.0
24,hexane_hl_gap_eV,214,1.0,0.0,0.7023995803707583,0.7023995803707583,,,,1.0
24,hexane_hl_gap_eV,215,1.0,0.0,0.7023995803707583,0.7023995803707583,,,,1.0
24,hexane_hl_gap_eV,216,1.0,0.0,0.7023995803707583,0.7023995803707583,,,,1.0
24,hexane_hl_gap_eV,217,1.0,0.0,0.7023995803707583,0.7023995803707583,,,,1.0
24,hexane_hl_gap_eV,218,1.0,0.0,0.7023995803707583,0.7023995803707583,,,,1.0
24,hexane_hl_gap_eV,219,1.0,0.0,0.7023995803707583,0.7023995803707583,,,,1.0
24,hexane_hl_gap_eV,220,1.0,0.0,0.7023995803707583,0.7023995803707583,,,,1.0
24,hexane_hl_gap_eV,221,1.0,0.0,0.7023995803707583,0.7023995803707583,,,,1.0
24,hexane_hl_gap_eV,222,1.0,0.0,0.7023995803707583,0.7023995803707583,,,,1.0
24,hexane_hl_gap_eV,223,1.0,0.0,0.7023995803707583,0.7023995803707583,,,,1.0
24,hexane_hl_gap_eV,224,1.0,0.0,0.7023995803707583,0.7023995803707583,,,,1.0
24,hexane_hl_gap_eV,225,1.0,0.0,0.7023995803707583,0.7023995803707583,,,,1.0
24,hexane_hl_gap_eV,226,1.0,0.0,0.7023995803707583,0.7023995803707583,,,,1.0
24,hexane_hl_gap_eV,227,1.0,0.0,0.7023995803707583,0.7023995803707583,,,,1.0
24,hexane_hl_gap_eV,228,1.0,0.0,0.7023995803707583,0.7023995803707583,,,,1.0
24,hexane_hl_gap_eV,229,1.0,0.0,0.7023995803707583,0.7023995803707583,,,,1.0
24,hexane_hl_gap_eV,230,1.0,0.0,0.7023995803707583,0.7023995803707583,,,,1.0
24,hexane_hl_gap_eV,231,1.0,0.0,0.7023995803707583,0.7023995803707583,,,,1.0
24,hexane_hl_gap_eV,232,1.0,0.0,0.7023995803707583,0.7023995803707583,,,,1.0
24,hexane_hl_gap_eV,233,1.0,0.0,0.7023995803707583,0.7023995803707583,,,,1.0
24,hexane_hl_gap_eV,234,1.0,0.0,0.7023995803707583,0.7023995803707583,,,,1.0
24,hexane_hl_gap_eV,235,1.0,0.0,0.7023995803707583,0.7023995803707583,,,,1.0
24,hexane_hl_gap_eV,236,1.0,0.0,0.7023995803707583,0.7023995803707583,,,,1.0
24,hexane_hl_gap_eV,237,1.0,0.0,0.7023995803707583,0.7023995803707583,,,,1.0
24,hexane_hl_gap_eV,238,1.0,0.0,0.7023995803707583,0.7023995803707583,,,,1.0
24,hexane_hl_gap_eV,239,1.0,0.0,0.7023995803707583,0.7023995803707583,,,,1.0
24,hexane_hl_gap_eV,240,1.0,0.0,0.7023995803707583,0.7023995803707583,,,,1.0
24,hexane_hl_gap_eV,241,1.0,0.0,0.7023995803707583,0.7023995803707583,,,,1.0
24,hexane_hl_gap_eV,242,1.0,0.0,0.7023995803707583,0.7023995803707583,,,,1.0
24,hexane_hl_gap_eV,243,1.0,0.0,0.7023995803707583,0.7023995803707583,,,,1.0
24,hexane_hl_gap_eV,244,1.0,0.0,0.7023995803707583,0.7023995803707583,,,,1.0
24,hexane_hl_gap_eV,245,1.0,0.0,0.7023995803707583,0.7023995803707583,,,,1.0
24,hexane_hl_gap_eV,246,1.0,0.0,0.7023995803707583,0.7023995803707583,,,,1.0
24,hexane_hl_gap_eV,247,1.0,0.0,0.7023995803707583,0.7023995803707583,,,,1.0
24,hexane_hl_gap_eV,248,1.0,0.0,0.7023995803707583,0.7023995803707583,,,,1.0
24,hexane_hl_gap_eV,249,1.0,0.0,0.7023995803707583,0.7023995803707583,,,,1.0
24,hexane_dipole,0,1.0,0.0,0.6208646667461781,0.6208646667461781,,,,1.0
24,hexane_dipole,1,1.0,0.0,0.6208646667461781,0.6208646667461781,,,,1.0
24,hexane_dipole,2,1.0,0.0,0.6208646667461781,0.6208646667461781,,,,1.0
24,hexane_dipole,3,1.0,0.0,0.6208646667461781,0.6208646667461781,,,,1.0
24,hexane_dipole,4,1.0,0.0,0.6208646667461781,0.6208646667461781,,,,1.0
24,hexane_dipole,5,1.0,0.0,0.6208646667461781,0.6208646667461781,,,,1.0
24,hexane_dipole,6,1.0,0.0,0.6208646667461781,0.6208646667461781,,,,1.0
24,hexane_dipole,7,1.0,0.0,0.6208646667461781,0.6208646667461781,,,,1.0
24,hexane_dipole,8,1.0,0.0,0.6208646667461781,0.6208646667461781,,,,1.0
24,hexane_dipole,9,1.0,0.0,0.6208646667461781,0.6208646667461781,,,,1.0
24,hexane_dipole,10,1.0,0.0,0.6208646667461781,0.6208646667461781,,,,1.0
24,hexane_dipole,11,1.0,0.0,0.6208646667461781,0.6208646667461781,,,,1.0
24,hexane_dipole,12,1.0,0.0,0.6208646667461781,0.6208646667461781,,,,1.0
24,hexane_dipole,13,1.0,0.0,0.6208646667461781,0.6208646667461781,,,,1.0
24,hexane_dipole,14,1.0,0.0,0.6208646667461781,0.6208646667461781,,,,1.0
24,hexane_dipole,15,1.0,0.0,0.6208646667461781,0.6208646667461781,,,,1.0
24,hexane_dipole,16,1.0,0.0,0.6208646667461781,0.6208646667461781,,,,1.0
24,hexane_dipole,17,1.0,0.0,0.6208646667461781,0.6208646667461781,,,,1.0
24,hexane_dipole,18,1.0,0.0,0.6208646667461781,0.6208646667461781,,,,1.0
24,hexane_dipole,19,1.0,0.0,0.6208646667461781,0.6208646667461781,,,,1.0
24,hexane_dipole,20,1.0,0.0,0.6208646667461781,0.6208646667461781,,,,1.0
24,hexane_dipole,21,1.0,0.0,0.6208646667461781,0.6208646667461781,,,,1.0
24,hexane_dipole,22,1.0,0.0,0.6208646667461781,0.6208646667461781,,,,1.0
24,hexane_dipole,23,1.0,0.0,0.6208646667461781,0.6208646667461781,,,,1.0
24,hexane_dipole,24,1.0,0.0,0.6208646667461781,0.6208646667461781,,,,1.0
24,hexane_dipole,25,1.0,0.0,0.6208646667461781,0.6208646667461781,,,,1.0
24,hexane_dipole,26,1.0,0.0,0.6208646667461781,0.6208646667461781,,,,1.0
24,hexane_dipole,27,1.0,0.0,0.6208646667461781,0.6208646667461781,,,,1.0
24,hexane_dipole,28,1.0,0.0,0.6208646667461781,0.6208646667461781,,,,1.0
24,hexane_dipole,29,1.0,0.0,0.6208646667461781,0.6208646667461781,,,,1.0
24,hexane_dipole,30,1.0,0.0,0.6208646667461781,0.6208646667461781,,,,1.0
24,hexane_dipole,31,1.0,0.0,0.6208646667461781,0.6208646667461781,,,,1.0
24,hexane_dipole,32,1.0,0.0,0.6208646667461781,0.6208646667461781,,,,1.0
24,hexane_dipole,33,1.0,0.0,0.6208646667461781,0.6208646667461781,,,,1.0
24,hexane_dipole,34,1.0,0.0,0.6208646667461781,0.6208646667461781,,,,1.0
24,hexane_dipole,35,1.0,0.0,0.6208646667461781,0.6208646667461781,,,,1.0
24,hexane_dipole,36,1.0,0.0,0.6208646667461781,0.6208646667461781,,,,1.0
24,hexane_dipole,37,1.0,0.0,0.6208646667461781,0.6208646667461781,,,,1.0
24,hexane_dipole,38,1.0,0.0,0.6208646667461781,0.6208646667461781,,,,1.0
24,hexane_dipole,39,1.0,0.0,0.6208646667461781,0.6208646667461781,,,,1.0
24,hexane_dipole,40,1.0,0.0,0.6208646667461781,0.6208646667461781,,,,1.0
24,hexane_dipole,41,1.0,0.0,0.6208646667461781,0.6208646667461781,,,,1.0
24,hexane_dipole,42,1.0,0.0,0.6208646667461781,0.6208646667461781,,,,1.0
24,hexane_dipole,43,1.0,0.0,0.6208646667461781,0.6208646667461781,,,,1.0
24,hexane_dipole,44,1.0,0.0,0.6208646667461781,0.6208646667461781,,,,1.0
24,hexane_dipole,45,1.0,0.0,0.6208646667461781,0.6208646667461781,,,,1.0
24,hexane_dipole,46,1.0,0.0,0.6208646667461781,0.6208646667461781,,,,1.0
24,hexane_dipole,47,1.0,0.0,0.6208646667461781,0.6208646667461781,,,,1.0
24,hexane_dipole,48,1.0,0.0,0.6208646667461781,0.6208646667461781,,,,1.0
24,hexane_dipole,49,1.0,0.0,0.6208646667461781,0.6208646667461781,,,,1.0
24,hexane_dipole,50,1.0,0.0,0.6208646667461781,0.6208646667461781,,,,1.0
24,hexane_dipole,51,1.0,0.0,0.6208646667461781,0.6208646667461781,,,,1.0
24,hexane_dipole,52,1.0,0.0,0.6208646667461781,0.6208646667461781,,,,1.0
24,hexane_dipole,53,1.0,0.0,0.6208646667461781,0.6208646667461781,,,,1.0
24,hexane_dipole,54,1.0,0.0,0.6208646667461781,0.6208646667461781,,,,1.0
24,hexane_dipole,55,1.0,0.0,0.6208646667461781,0.6208646667461781,,,,1.0
24,hexane_dipole,56,1.0,0.0,0.6208646667461781,0.6208646667461781,,,,1.0
24,hexane_dipole,57,1.0,0.0,0.6208646667461781,0.6208646667461781,,,,1.0
24,hexane_dipole,58,1.0,0.0,0.6208646667461781,0.6208646667461781,,,,1.0
24,hexane_dipole,59,1.0,0.0,0.6208646667461781,0.6208646667461781,,,,1.0
24,hexane_dipole,60,1.0,0.0,0.6208646667461781,0.6208646667461781,,,,1.0
24,hexane_dipole,61,1.0,0.0,0.6208646667461781,0.6208646667461781,,,,1.0
24,hexane_dipole,62,1.0,0.0,0.6208646667461781,0.6208646667461781,,,,1.0
24,hexane_dipole,63,1.0,0.0,0.6208646667461781,0.6208646667461781,,,,1.0
24,hexane_dipole,64,1.0,0.0,0.6208646667461781,0.6208646667461781,,,,1.0
24,hexane_dipole,65,1.0,0.0,0.6208646667461781,0.6208646667461781,,,,1.0
24,hexane_dipole,66,1.0,0.0,0.6208646667461781,0.6208646667461781,,,,1.0
24,hexane_dipole,67,1.0,0.0,0.6208646667461781,0.6208646667461781,,,,1.0
24,hexane_dipole,68,1.0,0.0,0.6208646667461781,0.6208646667461781,,,,1.0
24,hexane_dipole,69,1.0,0.0,0.6208646667461781,0.6208646667461781,,,,1.0
24,hexane_dipole,70,1.0,0.0,0.6208646667461781,0.6208646667461781,,,,1.0
24,hexane_dipole,71,1.0,0.0,0.6208646667461781,0.6208646667461781,,,,1.0
24,hexane_dipole,72,1.0,0.0,0.6208646667461781,0.6208646667461781,,,,1.0
24,hexane_dipole,73,1.0,0.0,0.6208646667461781,0.6208646667461781,,,,1.0
24,hexane_dipole,74,1.0,0.0,0.6208646667461781,0.6208646667461781,,,,1.0
24,hexane_dipole,75,1.0,0.0,0.6208646667461781,0.6208646667461781,,,,1.0
24,hexane_dipole,76,1.0,0.0,0.6208646667461781,0.6208646667461781,,,,1.0
24,hexane_dipole,77,1.0,0.0,0.6208646667461781,0.6208646667461781,,,,1.0
24,hexane_dipole,78,1.0,0.0,0.6208646667461781,0.6208646667461781,,,,1.0
24,hexane_dipole,79,1.0,0.0,0.6208646667461781,0.6208646667461781,,,,1.0
24,hexane_dipole,80,1.0,0.0,0.6208646667461781,0.6208646667461781,,,,1.0
24,hexane_dipole,81,1.0,0.0,0.6208646667461781,0.6208646667461781,,,,1.0
24,hexane_dipole,82,1.0,0.0,0.6208646667461781,0.6208646667461781,,,,1.0
24,hexane_dipole,83,1.0,0.0,0.6208646667461781,0.6208646667461781,,,,1.0
24,hexane_dipole,84,1.0,0.0,0.6208646667461781,0.6208646667461781,,,,1.0
24,hexane_dipole,85,1.0,0.0,0.6208646667461781,0.6208646667461781,,,,1.0
24,hexane_dipole,86,1.0,0.0,0.6208646667461781,0.6208646667461781,,,,1.0
24,hexane_dipole,87,1.0,0.0,0.6208646667461781,0.6208646667461781,,,,1.0
24,hexane_dipole,88,1.0,0.0,0.6208646667461781,0.6208646667461781,,,,1.0
24,hexane_dipole,89,1.0,0.0,0.6208646667461781,0.6208646667461781,,,,1.0
24,hexane_dipole,90,1.0,0.0,0.6208646667461781,0.6208646667461781,,,,1.0
24,hexane_dipole,91,1.0,0.0,0.6208646667461781,0.6208646667461781,,,,1.0
24,hexane_dipole,92,1.0,0.0,0.6208646667461781,0.6208646667461781,,,,1.0
24,hexane_dipole,93,1.0,0.0,0.6208646667461781,0.6208646667461781,,,,1.0
24,hexane_dipole,94,1.0,0.0,0.6208646667461781,0.6208646667461781,,,,1.0
24,hexane_dipole,95,1.0,0.0,0.6208646667461781,0.6208646667461781,,,,1.0
24,hexane_dipole,96,1.0,0.0,0.6208646667461781,0.6208646667461781,,,,1.0
24,hexane_dipole,97,1.0,0.0,0.6208646667461781,0.6208646667461781,,,,1.0
24,hexane_dipole,98,1.0,0.0,0.6208646667461781,0.6208646667461781,,,,1.0
24,hexane_dipole,99,1.0,0.0,0.6208646667461781,0.6208646667461781,,,,1.0
24,hexane_dipole,100,1.0,0.0,0.6208646667461781,0.6208646667461781,,,,1.0
24,hexane_dipole,101,1.0,0.0,0.6208646667461781,0.6208646667461781,,,,1.0
24,hexane_dipole,102,1.0,0.0,0.6208646667461781,0.6208646667461781,,,,1.0
24,hexane_dipole,103,1.0,0.0,0.6208646667461781,0.6208646667461781,,,,1.0
24,hexane_dipole,104,1.0,0.0,0.6208646667461781,0.6208646667461781,,,,1.0
24,hexane_dipole,105,1.0,0.0,0.6208646667461781,0.6208646667461781,,,,1.0
24,hexane_dipole,106,1.0,0.0,0.6208646667461781,0.6208646667461781,,,,1.0
24,hexane_dipole,107,1.0,0.0,0.6208646667461781,0.6208646667461781,,,,1.0
24,hexane_dipole,108,1.0,0.0,0.6208646667461781,0.6208646667461781,,,,1.0
24,hexane_dipole,109,1.0,0.0,0.6208646667461781,0.6208646667461781,,,,1.0
24,hexane_dipole,110,1.0,0.0,0.6208646667461781,0.6208646667461781,,,,1.0
24,hexane_dipole,111,1.0,0.0,0.6208646667461781,0.6208646667461781,,,,1.0
24,hexane_dipole,112,1.0,0.0,0.6208646667461781,0.6208646667461781,,,,1.0
24,hexane_dipole,113,1.0,0.0,0.6208646667461781,0.6208646667461781,,,,1.0
24,hexane_dipole,114,1.0,0.0,0.6208646667461781,0.6208646667461781,,,,1.0
24,hexane_dipole,115,1.0,0.0,0.6208646667461781,0.6208646667461781,,,,1.0
24,hexane_dipole,116,1.0,0.0,0.6208646667461781,0.6208646667461781,,,,1.0
24,hexane_dipole,117,1.0,0.0,0.6208646667461781,0.6208646667461781,,,,1.0
24,hexane_dipole,118,1.0,0.0,0.6208646667461781,0.6208646667461781,,,,1.0
24,hexane_dipole,119,1.0,0.0,0.6208646667461781,0.6208646667461781,,,,1.0
24,hexane_dipole,120,1.0,0.0,0.6208646667461781,0.6208646667461781,,,,1.0
24,hexane_dipole,121,1.0,0.0,0.6208646667461781,0.6208646667461781,,,,1.0
24,hexane_dipole,122,1.0,0.0,0.6208646667461781,0.6208646667461781,,,,1.0
24,hexane_dipole,123,1.0,0.0,0.6208646667461781,0.6208646667461781,,,,1.0
24,hexane_dipole,124,1.0,0.0,0.6208646667461781,0.6208646667461781,,,,1.0
24,hexane_dipole,125,1.0,0.0,0.6208646667461781,0.6208646667461781,,,,1.0
24,hexane_dipole,126,1.0,0.0,0.6208646667461781,0.6208646667461781,,,,1.0
24,hexane_dipole,127,1.0,0.0,0.6208646667461781,0.6208646667461781,,,,1.0
24,hexane_dipole,128,1.0,0.0,0.6208646667461781,0.6208646667461781,,,,1.0
24,hexane_dipole,129,1.0,0.0,0.6208646667461781,0.6208646667461781,,,,1.0
24,hexane_dipole,130,1.0,0.0,0.6208646667461781,0.6208646667461781,,,,1.0
24,hexane_dipole,131,1.0,0.0,0.6208646667461781,0.6208646667461781,,,,1.0
24,hexane_dipole,132,1.0,0.0,0.6208646667461781,0.6208646667461781,,,,1.0
24,hexane_dipole,133,1.0,0.0,0.6208646667461781,0.6208646667461781,,,,1.0
24,hexane_dipole,134,1.0,0.0,0.6208646667461781,0.6208646667461781,,,,1.0
24,hexane_dipole,135,1.0,0.0,0.6208646667461781,0.6208646667461781,,,,1.0
24,hexane_dipole,136,1.0,0.0,0.6208646667461781,0.6208646667461781,,,,1.0
24,hexane_dipole,137,1.0,0.0,0.6208646667461781,0.6208646667461781,,,,1.0
24,hexane_dipole,138,1.0,0.0,0.6208646667461781,0.6208646667461781,,,,1.0
24,hexane_dipole,139,1.0,0.0,0.6208646667461781,0.6208646667461781,,,,1.0
24,hexane_dipole,140,1.0,0.0,0.6208646667461781,0.6208646667461781,,,,1.0
24,hexane_dipole,141,1.0,0.0,0.6208646667461781,0.6208646667461781,,,,1.0
24,hexane_dipole,142,1.0,0.0,0.6208646667461781,0.6208646667461781,,,,1.0
24,hexane_dipole,143,1.0,0.0,0.6208646667461781,0.6208646667461781,,,,1.0
24,hexane_dipole,144,1.0,0.0,0.6208646667461781,0.6208646667461781,,,,1.0
24,hexane_dipole,145,1.0,0.0,0.6208646667461781,0.6208646667461781,,,,1.0
24,hexane_dipole,146,1.0,0.0,0.6208646667461781,0.6208646667461781,,,,1.0
24,hexane_dipole,147,1.0,0.0,0.6208646667461781,0.6208646667461781,,,,1.0
24,hexane_dipole,148,1.0,0.0,0.6208646667461781,0.6208646667461781,,,,1.0
24,hexane_dipole,149,1.0,0.0,0.6208646667461781,0.6208646667461781,,,,1.0
24,hexane_dipole,150,1.0,0.0,0.6208646667461781,0.6208646667461781,,,,1.0
24,hexane_dipole,151,1.0,0.0,0.6208646667461781,0.6208646667461781,,,,1.0
24,hexane_dipole,152,1.0,0.0,0.6208646667461781,0.6208646667461781,,,,1.0
24,hexane_dipole,153,1.0,0.0,0.6208646667461781,0.6208646667461781,,,,1.0
24,hexane_dipole,154,1.0,0.0,0.6208646667461781,0.6208646667461781,,,,1.0
24,hexane_dipole,155,1.0,0.0,0.6208646667461781,0.6208646667461781,,,,1.0
24,hexane_dipole,156,1.0,0.0,0.6208646667461781,0.6208646667461781,,,,1.0
24,hexane_dipole,157,1.0,0.0,0.6208646667461781,0.6208646667461781,,,,1.0
24,hexane_dipole,158,1.0,0.0,0.6208646667461781,0.6208646667461781,,,,1.0
24,hexane_dipole,159,1.0,0.0,0.6208646667461781,0.6208646667461781,,,,1.0
24,hexane_dipole,160,1.0,0.0,0.6208646667461781,0.6208646667461781,,,,1.0
24,hexane_dipole,161,1.0,0.0,0.6208646667461781,0.6208646667461781,,,,1.0
24,hexane_dipole,162,1.0,0.0,0.6208646667461781,0.6208646667461781,,,,1.0
24,hexane_dipole,163,1.0,0.0,0.6208646667461781,0.6208646667461781,,,,1.0
24,hexane_dipole,164,1.0,0.0,0.6208646667461781,0.6208646667461781,,,,1.0
24,hexane_dipole,165,1.0,0.0,0.6208646667461781,0.6208646667461781,,,,1.0
24,hexane_dipole,166,1.0,0.0,0.6208646667461781,0.6208646667461781,,,,1.0
24,hexane_dipole,167,1.0,0.0,0.6208646667461781,0.6208646667461781,,,,1.0
24,hexane_dipole,168,1.0,0.0,0.6208646667461781,0.6208646667461781,,,,1.0
24,hexane_dipole,169,1.0,0.0,0.6208646667461781,0.6208646667461781,,,,1.0
24,hexane_dipole,170,1.0,0.0,0.6208646667461781,0.6208646667461781,,,,1.0
24,hexane_dipole,171,1.0,0.0,0.6208646667461781,0.6208646667461781,,,,1.0
24,hexane_dipole,172,1.0,0.0,0.6208646667461781,0.6208646667461781,,,,1.0
24,hexane_dipole,173,1.0,0.0,0.6208646667461781,0.6208646667461781,,,,1.0
24,hexane_dipole,174,1.0,0.0,0.6208646667461781,0.6208646667461781,,,,1.0
24,hexane_dipole,175,1.0,0.0,0.6208646667461781,0.6208646667461781,,,,1.0
24,hexane_dipole,176,1.0,0.0,0.6208646667461781,0.6208646667461781,,,,1.0
24,hexane_dipole,177,1.0,0.0,0.6208646667461781,0.6208646667461781,,,,1.0
24,hexane_dipole,178,1.0,0.0,0.6208646667461781,0.6208646667461781,,,,1.0
24,hexane_dipole,179,1.0,0.0,0.6208646667461781,0.6208646667461781,,,,1.0
24,hexane_dipole,180,1.0,0.0,0.6208646667461781,0.6208646667461781,,,,1.0
24,hexane_dipole,181,1.0,0.0,0.6208646667461781,0.6208646667461781,,,,1.0
24,hexane_dipole,182,1.0,0.0,0.6208646667461781,0.6208646667461781,,,,1.0
24,hexane_dipole,183,1.0,0.0,0.6208646667461781,0.6208646667461781,,,,1.0
24,hexane_dipole,184,1.0,0.0,0.6208646667461781,0.6208646667461781,,,,1.0
24,hexane_dipole,185,1.0,0.0,0.6208646667461781,0.6208646667461781,,,,1.0
24,hexane_dipole,186,1.0,0.0,0.6208646667461781,0.6208646667461781,,,,1.0
24,hexane_dipole,187,1.0,0.0,0.6208646667461781,0.6208646667461781,,,,1.0
24,hexane_dipole,188,1.0,0.0,0.6208646667461781,0.6208646667461781,,,,1.0
24,hexane_dipole,189,1.0,0.0,0.6208646667461781,0.6208646667461781,,,,1.0
24,hexane_dipole,190,1.0,0.0,0.6208646667461781,0.6208646667461781,,,,1.0
24,hexane_dipole,191,1.0,0.0,0.6208646667461781,0.6208646667461781,,,,1.0
24,hexane_dipole,192,1.0,0.0,0.6208646667461781,0.6208646667461781,,,,1.0
24,hexane_dipole,193,1.0,0.0,0.6208646667461781,0.6208646667461781,,,,1.0
24,hexane_dipole,194,1.0,0.0,0.6208646667461781,0.6208646667461781,,,,1.0
24,hexane_dipole,195,1.0,0.0,0.6208646667461781,0.6208646667461781,,,,1.0
24,hexane_dipole,196,1.0,0.0,0.6208646667461781,0.6208646667461781,,,,1.0
24,hexane_dipole,197,1.0,0.0,0.6208646667461781,0.6208646667461781,,,,1.0
24,hexane_dipole,198,1.0,0.0,0.6208646667461781,0.6208646667461781,,,,1.0
24,hexane_dipole,199,1.0,0.0,0.6208646667461781,0.6208646667461781,,,,1.0
24,hexane_dipole,200,1.0,0.0,0.6208646667461781,0.6208646667461781,,,,1.0
24,hexane_dipole,201,1.0,0.0,0.6208646667461781,0.6208646667461781,,,,1.0
24,hexane_dipole,202,1.0,0.0,0.6208646667461781,0.6208646667461781,,,,1.0
24,hexane_dipole,203,1.0,0.0,0.6208646667461781,0.6208646667461781,,,,1.0
24,hexane_dipole,204,1.0,0.0,0.6208646667461781,0.6208646667461781,,,,1.0
24,hexane_dipole,205,1.0,0.0,0.6208646667461781,0.6208646667461781,,,,1.0
24,hexane_dipole,206,1.0,0.0,0.6208646667461781,0.6208646667461781,,,,1.0
24,hexane_dipole,207,1.0,0.0,0.6208646667461781,0.6208646667461781,,,,1.0
24,hexane_dipole,208,1.0,0.0,0.6208646667461781,0.6208646667461781,,,,1.0
24,hexane_dipole,209,1.0,0.0,0.6208646667461781,0.6208646667461781,,,,1.0
24,hexane_dipole,210,1.0,0.0,0.6208646667461781,0.6208646667461781,,,,1.0
24,hexane_dipole,211,1.0,0.0,0.6208646667461781,0.6208646667461781,,,,1.0
24,hexane_dipole,212,1.0,0.0,0.6208646667461781,0.6208646667461781,,,,1.0
24,hexane_dipole,213,1.0,0.0,0.6208646667461781,0.6208646667461781,,,,1.0
24,hexane_dipole,214,1.0,0.0,0.6208646667461781,0.6208646667461781,,,,1.0
24,hexane_dipole,215,1.0,0.0,0.6208646667461781,0.6208646667461781,,,,1.0
24,hexane_dipole,216,1.0,0.0,0.6208646667461781,0.6208646667461781,,,,1.0
24,hexane_dipole,217,1.0,0.0,0.6208646667461781,0.6208646667461781,,,,1.0
24,hexane_dipole,218,1.0,0.0,0.6208646667461781,0.6208646667461781,,,,1.0
24,hexane_dipole,219,1.0,0.0,0.6208646667461781,0.6208646667461781,,,,1.0
24,hexane_dipole,220,1.0,0.0,0.6208646667461781,0.6208646667461781,,,,1.0
24,hexane_dipole,221,1.0,0.0,0.6208646667461781,0.6208646667461781,,,,1.0
24,hexane_dipole,222,1.0,0.0,0.6208646667461781,0.6208646667461781,,,,1.0
24,hexane_dipole,223,1.0,0.0,0.6208646667461781,0.6208646667461781,,,,1.0
24,hexane_dipole,224,1.0,0.0,0.6208646667461781,0.6208646667461781,,,,1.0
24,hexane_dipole,225,1.0,0.0,0.6208646667461781,0.6208646667461781,,,,1.0
24,hexane_dipole,226,1.0,0.0,0.6208646667461781,0.6208646667461781,,,,1.0
24,hexane_dipole,227,1.0,0.0,0.6208646667461781,0.6208646667461781,,,,1.0
24,hexane_dipole,228,1.0,0.0,0.6208646667461781,0.6208646667461781,,,,1.0
24,hexane_dipole,229,1.0,0.0,0.6208646667461781,0.6208646667461781,,,,1.0
24,hexane_dipole,230,1.0,0.0,0.6208646667461781,0.6208646667461781,,,,1.0
24,hexane_dipole,231,1.0,0.0,0.6208646667461781,0.6208646667461781,,,,1.0
24,hexane_dipole,232,1.0,0.0,0.6208646667461781,0.6208646667461781,,,,1.0
24,hexane_dipole,233,1.0,0.0,0.6208646667461781,0.6208646667461781,,,,1.0
24,hexane_dipole,234,1.0,0.0,0.6208646667461781,0.6208646667461781,,,,1.0
24,hexane_dipole,235,1.0,0.0,0.6208646667461781,0.6208646667461781,,,,1.0
24,hexane_dipole,236,1.0,0.0,0.6208646667461781,0.6208646667461781,,,,1.0
24,hexane_dipole,237,1.0,0.0,0.6208646667461781,0.6208646667461781,,,,1.0
24,hexane_dipole,238,1.0,0.0,0.6208646667461781,0.6208646667461781,,,,1.0
24,hexane_dipole,239,1.0,0.0,0.6208646667461781,0.6208646667461781,,,,1.0
24,hexane_dipole,240,1.0,0.0,0.6208646667461781,0.6208646667461781,,,,1.0
24,hexane_dipole,241,1.0,0.0,0.6208646667461781,0.6208646667461781,,,,1.0
24,hexane_dipole,242,1.0,0.0,0.6208646667461781,0.6208646667461781,,,,1.0
24,hexane_dipole,243,1.0,0.0,0.6208646667461781,0.6208646667461781,,,,1.0
24,hexane_dipole,244,1.0,0.0,0.6208646667461781,0.6208646667461781,,,,1.0
24,hexane_dipole,245,1.0,0.0,0.6208646667461781,0.6208646667461781,,,,1.0
24,hexane_dipole,246,1.0,0.0,0.6208646667461781,0.6208646667461781,,,,1.0
24,hexane_dipole,247,1.0,0.0,0.6208646667461781,0.6208646667461781,,,,1.0
24,hexane_dipole,248,1.0,0.0,0.6208646667461781,0.6208646667461781,,,,1.0
24,hexane_dipole,249,1.0,0.0,0.6208646667461781,0.6208646667461781,,,,1.0
25,sco_kcal,0,0.4469680190086365,0.020096834748983383,0.6302383716105786,0.9168697462772468,4.111945152282715,1.791951298713684,0.43579163445769603,0.18
25,sco_kcal,1,0.22924737632274628,0.16918684542179108,0.6256448467725237,0.9744934187336929,34.72626495361328,1.1684104204177856,0.03364630264667183,0.2
25,sco_kcal,2,0.10006740689277649,0.03090093284845352,0.6244731594718331,0.9433381289851035,6.457064151763916,0.17941348254680634,0.02778561252141112,0.04
25,sco_kcal,3,0.0856572613120079,0.04869253933429718,0.623133708047011,0.9548276493190411,10.004537582397461,0.21968093514442444,0.021958129832101714,0.04
25,sco_kcal,4,0.23910091817378998,0.04236631467938423,0.623458166646617,0.9188253476512345,8.632386207580566,1.149169921875,0.13312308951907778,0.08
25,sco_kcal,5,0.10755489021539688,0.05543937906622887,0.620215119286265,0.9434969124360857,11.204474449157715,0.4250994622707367,0.03794015187411964,0.08
25,sco_kcal,6,0.524590790271759,0.021784953773021698,0.6394359475353848,0.9058350426889274,4.556773662567139,2.4592862129211426,0.5396990052684909,0.2
25,sco_kcal,7,0.5586294531822205,0.023861603811383247,0.6314672681886133,0.8923240356604127,5.023458957672119,3.0639116764068604,0.6099207144367081,0.46
25,sco_kcal,8,0.33213376998901367,0.019911237061023712,0.6170635193066378,0.9474103132587077,4.015319347381592,1.358674168586731,0.33837263018014463,0.12
25,sco_kcal,9,0.1879725307226181,0.038210976868867874,0.6268016449953273,0.9610744631743244,8.055426597595215,0.22013959288597107,0.027328111083736933,0.12
25,sco_kcal,10,0.0738336443901062,0.04361630231142044,0.6245321711049803,0.9623445565925892,8.980786323547363,0.08013935387134552,0.008923422847866054,0.04
25,sco_kcal,11,0.08068840950727463,0.022126732394099236,0.621876150043077,0.9684612900978036,4.576348781585693,0.06658964604139328,0.014550824078212005,0.02
25,sco_kcal,12,0.4233006536960602,0.03915872052311897,0.6378566509149795,0.8908634121526666,8.13577651977539,3.4971439838409424,0.4298475966418864,0.16
25,sco_kcal,13,0.2550247311592102,0.04124487191438675,0.6257105240518421,0.9065522443615481,8.549509048461914,1.7404539585113525,0.20357355593704718,0.06
25,sco_kcal,14,0.09600906074047089,0.03866270184516907,0.6414775751908723,0.9375502371205278,8.187466621398926,0.4230995178222656,0.051676487659374916,0.02
25,sco_kcal,15,0.12246660888195038,0.022089039906859398,0.6250630833568065,0.9504749150701375,4.5843305587768555,0.2423115074634552,0.052856464942202225,0.02
25,sco_kcal,16,0.07782023400068283,0.026937147602438927,0.6249812054818065,0.9537975568419035,5.604426383972168,0.10928915441036224,0.01950050672855889,0.02
25,sco_kcal,17,0.3711113929748535,0.01881730556488037,0.6165418028931497,0.9196624052609921,3.783972978591919,1.1251628398895264,0.2973495969065347,0.12
25,sco_kcal,18,0.08826194703578949,0.04975607991218567,0.5839464622777768,0.9326099851276175,8.964065551757812,0.36992770433425903,0.041267849080121675,0.0
25,sco_kcal,19,0.6519929766654968,0.03901348263025284,0.6513312253040917,0.9364630368201265,8.133740425109863,4.971187591552734,0.611180998130462,0.66
25,sco_kcal,20,0.11932831257581711,0.026506682857871056,0.625525959318056,0.9657043769770934,5.518576622009277,0.12814761698246002,0.023221135767396907,0.12
25,sco_kcal,21,0.28499266505241394,0.12503021955490112,0.626651211258265,0.9750022640247151,25.663496017456055,1.9853357076644897,0.0773602983129845,0.2
25,sco_kcal,22,0.5280892252922058,0.02399788238108158,0.6542517885936208,0.9215670616751401,5.079933166503906,2.9257967472076416,0.575951818913638,0.48
25,sco_kcal,23,0.19185267388820648,0.13681453466415405,0.6244207429173805,0.9770925137477777,28.052207946777344,0.2985968589782715,0.0106443264481994,0.22
25,sco_kcal,24,0.10391587018966675,0.05504389852285385,0.609652366335586,0.9358883883193068,11.07726001739502,0.5510813593864441,0.04974888722672044,0.04
25,sco_kcal,25,0.13387462496757507,0.016563666984438896,0.6246108469346596,0.9477333389103142,3.4583287239074707,0.13589349389076233,0.03929455663116374,0.1
25,sco_kcal,26,0.07263428717851639,0.026587916538119316,0.6211327720361812,0.9575103580056903,5.462428569793701,0.06929676234722137,0.012686072039535794,0.04
25,sco_kcal,27,0.19361478090286255,0.08888973295688629,0.5754216479975516,0.8987321712473524,16.014427185058594,2.527646780014038,0.15783560353456313,0.02
25,sco_kcal,28,0.3943239450454712,0.04153910279273987,0.6318187334800089,0.8850013424615595,8.817109107971191,3.450568437576294,0.3913491820643089,0.1
25,sco_kcal,29,0.17720797657966614,0.030125463381409645,0.6036563712489575,0.9330319969808101,5.830709457397461,0.6768303513526917,0.11608027398689749,0.02
25,sco_kcal,30,0.32536062598228455,0.03693922609090805,0.6252665154520591,0.9057784327661373,7.7331929206848145,2.2362518310546875,0.28917574590349876,0.08
25,sco_kcal,31,0.592863142490387,0.004461666103452444,0.6599350618596305,0.9114487793416677,1.1001745462417603,0.6437282562255859,0.5851146606005266,0.4
25,sco_kcal,32,0.43791836500167847,0.029729433357715607,0.6325465513462745,0.9026173322123288,6.365032196044922,2.1658313274383545,0.340270286265661,0.18
25,sco_kcal,33,0.41922810673713684,0.028497444465756416,0.6171540986630752,0.9209952622338471,5.814113140106201,1.9380534887313843,0.3333360466212021,0.32
25,sco_kcal,34,0.47910475730895996,0.036581866443157196,0.6291232137248206,0.8833703175389302,7.719749450683594,3.58371639251709,0.4642270342335718,0.18
25,sco_kcal,35,0.463126540184021,0.024607567116618156,0.6364166099218316,0.9026940447579925,5.136048793792725,2.446692705154419,0.4763764526753365,0.06
25,sco_kcal,36,0.2867618203163147,0.02926456369459629,0.6295295248083479,0.9144248071900134,6.070245742797852,1.7446439266204834,0.2874091100332217,0.02
25,sco_kcal,37,0.6749765276908875,0.023078974336385727,0.6447272365038501,0.8948773794625251,4.827208042144775,4.018720626831055,0.8325144869964001,0.4
25,sco_kcal,38,0.11822965741157532,0.03193128854036331,0.6257580706605663,0.9532384048835953,6.572168827056885,0.44740816950798035,0.06807618326328607,0.06
25,sco_kcal,39,0.15620727837085724,0.06627810746431351,0.612741323606208,0.9146137487849721,13.126818656921387,1.250015377998352,0.09522607195759923,0.04
25,sco_kcal,40,0.05586272105574608,0.03958049416542053,0.6227262899877724,0.9655645941291136,8.11765193939209,0.11527698487043381,0.014200779453358356,0.04
25,sco_kcal,41,0.16659219563007355,0.05477234721183777,0.624392660050882,0.9525552123696801,11.2677640914917,0.46412143111228943,0.04119019774852652,0.1
25,sco_kcal,42,0.09209006279706955,0.03736024349927902,0.6308942690862556,0.9465614884256419,7.653388977050781,0.12973758578300476,0.016951651898529124,0.1
25,sco_kcal,43,0.255047082901001,0.03188956901431084,0.6257254268519294,0.9246996305225157,6.590773582458496,1.5490801334381104,0.23503768018385957,0.04
25,sco_kcal,44,0.23097363114356995,0.02387579344213009,0.6161726040158866,0.910953223021377,4.978542804718018,0.7999377846717834,0.16067709288623694,0.1
25,sco_kcal,45,0.5580169558525085,0.026161769405007362,0.6491211146871001,0.9195853998582082,5.62921142578125,3.2596969604492188,0.5790681347515424,0.3
25,sco_kcal,46,0.1280631721019745,0.04649997502565384,0.6127157505805632,0.9348632717286467,9.387872695922852,0.8134351968765259,0.08664744646886832,0.02
25,sco_kcal,47,0.2877843976020813,0.06461489945650101,0.626931193869841,0.9688854945700538,13.340227127075195,1.325954794883728,0.0993952188559506,0.22
25,sco_kcal,48,0.13434810936450958,0.03212249279022217,0.6215980597184478,0.9529321758747384,6.600986003875732,0.4960622787475586,0.07514972436788964,0.04
25,sco_kcal,49,0.184286430478096,0.03290674835443497,0.6307021412781875,0.9352305108440169,7.135805130004883,0.9660913944244385,0.1353864598070628,0.02
25,sco_kcal,50,0.09664656966924667,0.029078761115670204,0.626710582839987,0.9586846698162439,5.978227615356445,0.1078869104385376,0.018046638130907795,0.1
25,sco_kcal,51,0.6326615214347839,0.030126215890049934,0.6331898845354555,0.8841377211907626,5.9611735343933105,4.425479888916016,0.7423840059986464,0.32
25,sco_kcal,52,0.04072814807295799,0.06891722232103348,0.6063204611912854,0.962494375903042,13.509464263916016,0.11994334310293198,0.008878467773389243,0.02
25,sco_kcal,53,0.18528211116790771,0.14294081926345825,0.6042007373251481,0.8941753122247269,28.203271865844727,3.4252889156341553,0.12145005487048881,0.08
25,sco_kcal,54,0.4846033751964569,0.028237234801054,0.6228108256091089,0.8875996365127066,5.943987846374512,2.8427038192749023,0.4782485921482472,0.14
25,sco_kcal,55,0.22367586195468903,0.039743080735206604,0.6354296607395682,0.9094529240691112,8.380595207214355,1.4209954738616943,0.16955782241319137,0.02
25,sco_kcal,56,0.334086149930954,0.022334692999720573,0.6150227775350612,0.8890809054230464,4.665537357330322,1.453210711479187,0.3114776713117419,0.08
25,sco_kcal,57,0.14775265753269196,0.0788225382566452,0.6292861609862761,0.9230331547079882,16.657875061035156,1.2527459859848022,0.07520442922009489,0.08
25,sco_kcal,58,0.1505938470363617,0.0769951343536377,0.6264726724550076,0.9113784390313293,16.484373092651367,2.5287652015686035,0.15340378353216913,0.12
25,sco_kcal,59,0.1150801032781601,0.02626323141157627,0.6257484716909167,0.9666048630430786,5.442319393157959,0.10539095848798752,0.019365081479871284,0.1
25,sco_kcal,60,0.3938826024532318,0.03383728116750717,0.6340311993363941,0.8991294685079689,7.077970504760742,2.969557523727417,0.4195492933645387,0.14
25,sco_kcal,61,0.306575208902359,0.00651936698704958,0.6633992942479339,0.9727564155918758,1.5555059909820557,0.3133956491947174,0.20147505121266535,0.26
25,sco_kcal,62,0.7894355058670044,0.02914256416261196,0.6468581772707998,0.9056260802422775,6.299324035644531,7.37937068939209,1.1714543731416494,0.14
25,sco_kcal,63,0.19505517184734344,0.14773574471473694,0.6249253117142084,0.9742084268908906,30.272945404052734,0.8851971626281738,0.02924053642000985,0.12
25,sco_kcal,64,0.200018510222435,0.074831523001194,0.6282203809870586,0.9733105841843024,15.703963279724121,0.4921862781047821,0.031341532665213195,0.16
25,sco_kcal,65,0.08519098162651062,0.028490979224443436,0.6241936807512474,0.9510310071437229,5.905485153198242,0.08223488181829453,0.013925169513593386,0.02
25,sco_kcal,66,0.10987203568220139,0.1503748893737793,0.6052183335449228,0.9112393170595967,29.18441390991211,2.757844924926758,0.09449718378583205,0.0
25,sco_kcal,67,0.09905697405338287,0.03905978426337242,0.6245149169190547,0.9739147891213007,8.167415618896484,0.2935407757759094,0.035940472417830785,0.02
25,sco_kcal,68,0.31771910190582275,0.1007649153470993,0.6360503948065332,0.9782373043574752,21.829151153564453,1.2154496908187866,0.055680117026461536,0.36
25,sco_kcal,69,0.07575351744890213,0.027659734711050987,0.6140556275573938,0.9600916627384228,5.405961513519287,0.1456269770860672,0.02693821935688622,0.02
25,sco_kcal,70,0.20633231103420258,0.0496470183134079,0.6339969170315807,0.932275699087804,10.538787841796875,1.8263816833496094,0.173300925188585,0.02
25,sco_kcal,71,0.09489770978689194,0.0734332799911499,0.6249497219640796,0.9334806451560635,15.329090118408203,0.5290656685829163,0.034513833795495705,0.02
25,sco_kcal,72,0.17175573110580444,0.03320544585585594,0.6259894314422427,0.9344920135025732,6.722590446472168,0.4309160113334656,0.06409969709810279,0.06
25,sco_kcal,73,0.38368576765060425,0.07682587206363678,0.5843483441732114,0.9032960526537168,13.987513542175293,4.382435321807861,0.31331053289735145,0.22
25,sco_kcal,74,0.18617038428783417,0.038591932505369186,0.6290760957538477,0.9091303319012574,8.1408052444458,1.2267032861709595,0.15068574291319622,0.06
25,sco_kcal,75,0.11165261268615723,0.021141327917575836,0.6259185069296178,0.961003157180021,4.404414176940918,0.17639026045799255,0.04004851800302402,0.04
25,sco_kcal,76,0.10310517251491547,0.13539035618305206,0.6061573010186079,0.9019814403461963,26.12942886352539,1.2699201107025146,0.04860114307646511,0.0
25,sco_kcal,77,0.13855025172233582,0.025035306811332703,0.6318728266030118,0.9325395631035158,5.1452317237854,0.15328501164913177,0.029791663403715158,0.06
25,sco_kcal,78,0.5194804072380066,0.023354053497314453,0.6399255445574317,0.8904563345258683,4.900849342346191,2.778033494949341,0.5668473566296997,0.32
25,sco_kcal,79,0.40326952934265137,0.05111150071024895,0.6153375730102506,0.9055330319503097,10.120606422424316,3.2597148418426514,0.3220869092014163,0.3
25,sco_kcal,80,0.2539871037006378,0.04096430167555809,0.6276793068477937,0.9215887436931105,8.421056747436523,2.1966004371643066,0.2608461744225842,0.04
25,sco_kcal,81,0.15481749176979065,0.0298639964312315,0.6209136651061256,0.947724016077075,6.1744771003723145,0.3235727548599243,0.052404883782047426,0.2
25,sco_kcal,82,0.07433116436004639,0.17854125797748566,0.6027953393192618,0.9616478645970246,34.23933410644531,0.23381754755973816,0.006828916322754176,0.02
25,sco_kcal,83,0.5166265368461609,0.02503960393369198,0.6311215634829592,0.881419931458393,5.301314353942871,2.5031936168670654,0.47218358500195456,0.26
25,sco_kcal,84,0.24244748055934906,0.03108499012887478,0.6307337243885289,0.9436104284113445,6.434144973754883,0.665500283241272,0.10343259064815487,0.22
25,sco_kcal,85,0.4867359697818756,0.02686803601682186,0.6264161467605471,0.8943128868689594,5.580412864685059,2.750244140625,0.4928388288310305,0.18
25,sco_kcal,86,0.3384922444820404,0.042401038110256195,0.5951570999666032,0.8984643007899304,8.048260688781738,2.009037733078003,0.2496238393319377,0.08
25,sco_kcal,87,0.11736395210027695,0.04989702254533768,0.6275479374308435,0.9378782277911879,10.503531455993652,0.7936694622039795,0.0755621540744838,0.02
25,sco_kcal,88,0.22420981526374817,0.0744047686457634,0.6293965317032011,0.9059734048454522,15.844158172607422,2.8276169300079346,0.17846432099475834,0.08
25,sco_kcal,89,0.6738787889480591,0.022189998999238014,0.6557158977237563,0.8932054021555016,4.610621929168701,3.8064732551574707,0.8255878086806786,0.48
25,sco_kcal,90,0.34934917092323303,0.06557939201593399,0.6048975715786886,0.890018288718768,12.799696922302246,4.747401714324951,0.3708995410706216,0.06
25,sco_kcal,91,0.44127756357192993,0.026863737031817436,0.6294093549645057,0.8919401401832412,5.5722856521606445,2.4358062744140625,0.437128752268754,0.18
25,sco_kcal,92,0.24978962540626526,0.039172615855932236,0.6203999377353491,0.9044230905280859,7.991755485534668,1.6159685850143433,0.20220445782397847,0.04
25,sco_kcal,93,0.22013068199157715,0.05729983374476433,0.6250900768621637,0.9438220524154799,11.736464500427246,1.1520441770553589,0.09815938837572598,0.1
25,sco_kcal,94,0.28542187809944153,0.019021304324269295,0.5890593966551916,0.920473013231466,3.59147310256958,0.8737521767616272,0.24328517903600236,0.12
25,sco_kcal,95,0.07326963543891907,0.03924720361828804,0.6282146642507473,0.9614213019102764,7.978436470031738,0.2756090760231018,0.03454424648968916,0.06
25,sco_kcal,96,0.1063123568892479,0.02201784960925579,0.6254723062334755,0.9547885031084944,4.591687202453613,0.1847994327545166,0.04024652041972006,0.06
25,sco_kcal,97,0.10970181971788406,0.023384394124150276,0.6271859595333553,0.9362763454324108,4.807693958282471,0.2692064046859741,0.0559949129503549,0.06
25,sco_kcal,98,0.7135605216026306,0.024068932980298996,0.6362849267730217,0.9031119108692491,5.029155254364014,3.777937412261963,0.7512071553137447,0.56
25,sco_kcal,99,0.20647063851356506,0.024299554526805878,0.6267995541880651,0.929645279084218,5.174289226531982,0.8613003492355347,0.1664577126495136,0.04
25,sco_kcal,100,0.02709839679300785,0.1571463644504547,0.616650137887039,0.9547501917857326,31.643325805664062,0.06279291957616806,0.001984396961362649,0.02
25,sco_kcal,101,0.06851432472467422,0.052201833575963974,0.6067781188813706,0.9585191559419257,10.204444885253906,0.15206067264080048,0.014901415446962543,0.02
25,sco_kcal,102,0.12246734648942947,0.031243370845913887,0.6158180248401648,0.9394544012950687,6.295440673828125,0.39162787795066833,0.06220817544652163,0.04
25,sco_kcal,103,0.05585818365216255,0.058217715471982956,0.6156027344809158,0.9573298793798941,11.812006950378418,0.17693176865577698,0.014978976002897515,0.04
25,sco_kcal,104,0.04218463599681854,0.10736782848834991,0.5835579692008268,0.9630583005335205,19.61985206604004,0.15410083532333374,0.007854332173587922,0.0
25,sco_kcal,105,0.022116446867585182,0.08708782494068146,0.6243912105804206,0.9668953551505564,17.815061569213867,0.10863856971263885,0.006098130466210497,0.02
25,sco_kcal,106,0.2296607792377472,0.46476006507873535,0.6253356752165458,0.9836160556816063,96.38260650634766,1.7210564613342285,0.01785650465077308,0.24
25,sco_kcal,107,0.20806147158145905,0.026660695672035217,0.6263501622843124,0.971092297946736,5.526907920837402,0.8846850991249084,0.16006872410330775,0.08
25,sco_kcal,108,0.3034944534301758,0.03966053947806358,0.631481667925917,0.9589646279111173,8.449204444885254,0.601731538772583,0.07121753801765829,0.24
25,sco_kcal,109,0.3305952548980713,0.05518700182437897,0.6306414224295802,0.9736119659332121,11.654026985168457,0.610181987285614,0.05235803796079797,0.26
25,sco_kcal,110,0.215431809425354,0.03799130395054817,0.6176023475393086,0.9085411777630592,7.61522102355957,1.2369669675827026,0.16243349520070913,0.04
25,sco_kcal,111,0.08091338723897934,0.0640934631228447,0.6006254969323781,0.9381138483264695,12.073988914489746,0.24283958971500397,0.020112623212994438,0.02
25,sco_kcal,112,0.19420209527015686,0.04297393560409546,0.6258566660275549,0.9358390890593997,8.905411720275879,0.9904950261116028,0.11122394530692382,0.06
25,sco_kcal,113,0.06506231427192688,0.06972303241491318,0.6104425092385681,0.937278274648395,13.670622825622559,0.2050892859697342,0.015002190359998792,0.0
25,sco_kcal,114,0.07006406784057617,0.05735854059457779,0.6233685518443559,0.953267753492367,11.997916221618652,0.4644447863101959,0.03871045419314798,0.02
25,sco_kcal,115,0.38089609146118164,0.053964342921972275,0.632270642253306,0.8944324255871896,11.279343605041504,4.179866313934326,0.37057708855203775,0.12
25,sco_kcal,116,0.07272854447364807,0.05803866311907768,0.6032761955878883,0.946897563854534,11.356928825378418,0.16597378253936768,0.014614319160694163,0.06
25,sco_kcal,117,0.6429784893989563,0.025864150375127792,0.640381968447254,0.896497872942271,5.2860589027404785,3.856205701828003,0.7295048679515869,0.42
25,sco_kcal,118,0.2302820086479187,0.10553440451622009,0.6249056356146219,0.9684151777600623,21.750059127807617,0.8367692232131958,0.03847204360669438,0.24
25,sco_kcal,119,0.031063934788107872,0.37759923934936523,0.6313632840844332,0.907707901399992,79.62415313720703,2.203310489654541,0.027671383654879603,0.06
25,sco_kcal,120,0.08975312858819962,0.027549009770154953,0.6363395607791884,0.96557461355119,5.729602336883545,0.12866292893886566,0.02245582177852298,0.02
25,sco_kcal,121,0.058841004967689514,0.1495101898908615,0.6072904759290838,0.9345672524178352,28.758644104003906,0.7827749252319336,0.027218770203528204,0.0
25,sco_kcal,122,0.5995196104049683,0.04104937985539436,0.6405591020443517,0.913258694230463,8.547767639160156,5.298643112182617,0.6198861896886126,0.62
25,sco_kcal,123,0.13363170623779297,0.08904165029525757,0.6247389970351225,0.9740107464654788,18.249835968017578,0.3694005310535431,0.020241306919191446,0.1
25,sco_kcal,124,0.18447421491146088,0.05635259672999382,0.6279887266539002,0.9296624506743207,11.852994918823242,0.9905970692634583,0.08357356735978455,0.12
25,sco_kcal,125,0.09242311120033264,0.06924711167812347,0.6252628932228985,0.9150561584734269,14.103276252746582,1.0121594667434692,0.0717676835229228,0.02
25,sco_kcal,126,0.06677966564893723,0.04730082303285599,0.6231313210138711,0.958817113315203,9.673395156860352,0.1625462770462036,0.016803436064629917,0.04
25,sco_kcal,127,0.11364160478115082,0.04306129738688469,0.6239945266015257,0.9464564480804136,8.885838508605957,0.2518015503883362,0.028337398901011508,0.04
25,sco_kcal,128,0.09619414061307907,0.03290284052491188,0.6240899604511116,0.9594179399791183,6.783305644989014,0.1777431070804596,0.02620302200473048,0.02
25,sco_kcal,129,0.3068062961101532,0.0271848663687706,0.6281399374784891,0.9293613697716816,5.695180416107178,1.3296829462051392,0.23347512265713546,0.16
25,sco_kcal,130,0.24319970607757568,0.038558874279260635,0.635740844292382,0.9303384263364174,8.088895797729492,1.52659010887146,0.18872663797943415,0.08
25,sco_kcal,131,0.6128690838813782,0.018117494881153107,0.6509285914611129,0.908880654195261,3.8103256225585938,2.756941318511963,0.7235448073492222,0.42
25,sco_kcal,132,0.5103121399879456,0.025934014469385147,0.6382786086458763,0.9156265332195879,5.633090019226074,2.645054340362549,0.4695565544549829,0.16
25,sco_kcal,133,0.11401186138391495,0.06893022358417511,0.6137170384366863,0.959097487444627,13.760710716247559,0.1715545952320099,0.012466986536491302,0.16
25,sco_kcal,134,0.05991744250059128,0.035528384149074554,0.6149530568140475,0.9662442780356966,7.112967014312744,0.08134391903877258,0.011436003973460299,0.0
25,sco_kcal,135,0.09781086444854736,0.024967733770608902,0.6248125396017767,0.9731686633007393,5.227190971374512,0.14381855726242065,0.027513545621349847,0.1
25,sco_kcal,136,0.2539727985858917,0.048439327627420425,0.6212867473457551,0.9166404742643657,10.108073234558105,1.9634379148483276,0.19424452804077486,0.1
25,sco_kcal,137,0.34882280230522156,0.06165632605552673,0.635791055691322,0.9634850947012508,13.459050178527832,0.30928319692611694,0.02297957083327753,0.4
25,sco_kcal,138,0.37953856587409973,0.018598632887005806,0.6391129152619122,0.9320762362303796,3.903843402862549,1.3499568700790405,0.34580200350484486,0.16
25,sco_kcal,139,0.46549442410469055,0.06982174515724182,0.6246427662942473,0.9040731240504087,14.373836517333984,7.133506774902344,0.496284117764924,0.1
25,sco_kcal,140,0.3054371476173401,0.06557033210992813,0.6114778769417317,0.9044807964466213,13.083908081054688,3.1405274868011475,0.24002977301167275,0.1
25,sco_kcal,141,0.5275532007217407,0.015156888402998447,0.6397721064741524,0.9311854164992122,3.167881727218628,1.5499622821807861,0.48927403724180046,0.32
25,sco_kcal,142,0.12396756559610367,0.15362869203090668,0.6091267804369358,0.9038099196806093,30.51017189025879,3.826162099838257,0.125406114183836,0.0
25,sco_kcal,143,0.054714761674404144,0.018909085541963577,0.6241443657145467,0.9566692333155411,3.9167699813842773,0.11600733548402786,0.02961811289286592,0.02
25,sco_kcal,144,0.5356444716453552,0.029912453144788742,0.6310184746857921,0.9043530064759429,6.148866176605225,3.467623710632324,0.5639452235642558,0.38
25,sco_kcal,145,0.09891077131032944,0.012475003488361835,0.6220810015536651,0.96783665772764,2.610626459121704,0.1904875785112381,0.07296623300727752,0.04
25,sco_kcal,146,0.7032635807991028,0.028714606538414955,0.6491355156886853,0.8980480342536568,6.018935680389404,5.304476261138916,0.8812980471649989,0.6
25,sco_kcal,147,0.47007325291633606,0.03252816200256348,0.6341976814248103,0.8932672197886788,6.762191295623779,3.18843674659729,0.4715093979463017,0.26
25,sco_kcal,148,0.012787273153662682,0.27326351404190063,0.6264187775923746,0.9578572291326772,57.281707763671875,0.139051616191864,0.0024275047239434907,0.02
25,sco_kcal,149,0.25608813762664795,0.053732458502054214,0.590792060323998,0.9116511523487265,10.11316967010498,2.183943271636963,0.21595042334677772,0.06
25,sco_kcal,150,0.042370256036520004,0.03119073621928692,0.6247847292187865,0.9638373989660292,6.4058685302734375,0.11629155278205872,0.018153908752962616,0.02
25,sco_kcal,151,0.19717153906822205,3.2373082637786865,0.6241391910293075,0.9870083595735193,672.4508666992188,1.0566579103469849,0.0015713533325247663,0.24
25,sco_kcal,152,0.2337089627981186,0.062485385686159134,0.6256723566980018,0.9572935298554943,13.027294158935547,1.2941824197769165,0.099343916241365,0.14
25,sco_kcal,153,0.8706510663032532,0.011971999891102314,0.687594689593551,0.8940949996382994,2.540484666824341,4.130779266357422,1.6259807903194246,0.74
25,sco_kcal,154,0.15602229535579681,0.04254123196005821,0.6269527618672157,0.9269783953956197,8.920968055725098,1.0622013807296753,0.11906795025994961,0.04
25,sco_kcal,155,0.06099792942404747,0.03692081570625305,0.6221006018344983,0.9629210918226492,7.479518413543701,0.2227582037448883,0.02978242601041319,0.06
25,sco_kcal,156,0.1398743838071823,0.030845854431390762,0.6303911261506865,0.9306785018789587,6.3134050369262695,0.6251075863838196,0.09901274870337767,0.04
25,sco_kcal,157,0.164139524102211,0.050774432718753815,0.6291087722272459,0.9200353302656126,10.702790260314941,1.2293729782104492,0.11486471735962744,0.04
25,sco_kcal,158,0.09733662009239197,0.021203456446528435,0.6203640801270813,0.95011399652815,4.39678955078125,0.07361956685781479,0.016743936912953585,0.04
25,sco_kcal,159,0.5926156044006348,0.021295495331287384,0.6154185417990437,0.8929539214975479,4.110715389251709,2.611639976501465,0.635324932329327,0.36
25,sco_kcal,160,0.1421482414007187,0.11757110804319382,0.6132075578928562,0.8892767774944732,23.79168128967285,2.8576998710632324,0.12011340586945662,0.0
25,sco_kcal,161,0.6776837110519409,0.021382883191108704,0.6515314144552016,0.8943133048901635,4.459617614746094,3.6170856952667236,0.8110753001123978,0.62
25,sco_kcal,162,0.09285838156938553,0.061384160071611404,0.6026988111999807,0.9375106047334918,11.881757736206055,0.5236392021179199,0.04407085329826985,0.02
25,sco_kcal,163,0.24240829050540924,0.0040916274301707745,0.6186766868559901,0.9456971433273926,0.838844895362854,0.2217441201210022,0.26434460213897315,0.1
25,sco_kcal,164,0.28908804059028625,0.226540669798851,0.6270625803606706,0.9832098987645956,47.1260871887207,1.151234745979309,0.024428820949405048,0.3
25,sco_kcal,165,0.13353730738162994,0.022067617624998093,0.6258187727579827,0.9640814451727853,4.523284912109375,0.16051892936229706,0.03548724709614658,0.08
25,sco_kcal,166,0.3542816936969757,0.04540789872407913,0.6282456194363961,0.8914788345147349,9.349539756774902,3.516554594039917,0.37612060973287337,0.16
25,sco_kcal,167,0.2008541077375412,0.1121487021446228,0.6257591339495407,0.8913608633775105,23.435136795043945,3.886841058731079,0.1658552750395324,0.0
25,sco_kcal,168,0.06070495769381523,0.05036695674061775,0.5685399766148089,0.9542796773186626,9.008722305297852,0.13795585930347443,0.01531358772401557,0.02
25,sco_kcal,169,0.068871408700943,0.046232905238866806,0.6295205207088226,0.9360585911123471,9.79452896118164,0.2383006066083908,0.02432997110456668,0.06
25,sco_kcal,170,0.12787972390651703,0.02127576433122158,0.6274378129821105,0.9731841886327914,4.4393134117126465,0.10226985812187195,0.02303731425045234,0.08
25,sco_kcal,171,0.0933956429362297,0.03398718312382698,0.6232494446376842,0.9655597844634611,6.867381572723389,0.1524485945701599,0.022198940448521425,0.06
25,sco_kcal,172,0.08293657004833221,0.11421976238489151,0.6205628636449378,0.9210733344681192,23.34370231628418,1.3705235719680786,0.058710634388617275,0.08
25,sco_kcal,173,0.2888237237930298,0.02116776630282402,0.625046622666491,0.90504998187019,4.420469284057617,0.8153119087219238,0.1844401253193499,0.06
25,sco_kcal,174,0.24628691375255585,0.6948331594467163,0.629055068398702,0.9818984934769242,144.91983032226562,2.7568328380584717,0.01902315805868639,0.2
25,sco_kcal,175,0.31077831983566284,0.027937790378928185,0.6218028819578179,0.9044011004873274,5.803912162780762,1.50674569606781,0.2596086318690771,0.14
25,sco_kcal,176,0.7007080912590027,0.02950911410152912,0.6561483483064747,0.9222836750604584,6.287358283996582,5.439262390136719,0.8651109328350908,0.58
25,sco_kcal,177,0.873167097568512,0.0566081665456295,0.6174594636606563,0.9282482954433597,11.224239349365234,18.877580642700195,1.6818583473781483,0.08
25,sco_kcal,178,0.7760531306266785,0.024362990632653236,0.6642476336768368,0.9096747059198169,5.126712322235107,5.86451530456543,1.1439134743586823,0.8
25,sco_kcal,179,0.051770348101854324,0.05327485129237175,0.6193714722700892,0.9646263570693043,10.945637702941895,0.07170973718166351,0.006551444431820528,0.02
25,sco_kcal,180,0.10847979784011841,0.021625487133860588,0.6242645651652441,0.9506855690144063,4.473276138305664,0.28347253799438477,0.06337023005732778,0.12
25,sco_kcal,181,0.21023216843605042,0.07456234842538834,0.6234120466354298,0.9082680754198968,15.358463287353516,2.606600284576416,0.16971751898659979,0.04
25,sco_kcal,182,0.24424222111701965,0.03659110516309738,0.5912782254623261,0.9241605750283721,6.868505001068115,1.1659657955169678,0.16975539732964443,0.06
25,sco_kcal,183,0.16426101326942444,0.08458265662193298,0.5814752724735388,0.9323790737476418,15.472349166870117,1.6977577209472656,0.10972850357995785,0.04
25,sco_kcal,184,0.08903542906045914,0.031034866347908974,0.6253586971013934,0.9608581807483365,6.4857048988342285,0.11593896150588989,0.01787607720584532,0.02
25,sco_kcal,185,0.19176048040390015,0.029841052368283272,0.6191728658796021,0.9235450762076256,6.149813175201416,0.9800271987915039,0.15935885706957373,0.02
25,sco_kcal,186,0.12192804366350174,0.07882511615753174,0.6246985683087927,0.9619255778470015,16.173568725585938,0.242530956864357,0.01499551280112241,0.1
25,sco_kcal,187,0.4555080831050873,0.04496609419584274,0.6291397505762599,0.9155709223436983,9.44070053100586,3.42394757270813,0.3626793966679637,0.2
25,sco_kcal,188,0.22361868619918823,1.139021635055542,0.6250056214708608,0.9855149542824404,233.7532501220703,2.628453254699707,0.011244563458805727,0.28
25,sco_kcal,189,0.29015475511550903,0.05298198387026787,0.6006054702649712,0.9016155312861311,10.097330093383789,2.757617950439453,0.2731036744303689,0.1
25,sco_kcal,190,0.6923187971115112,0.017298532649874687,0.6592174785763523,0.9041913463512556,3.694082498550415,3.252506732940674,0.8804640216391976,0.58
25,sco_kcal,191,0.0416807122528553,0.08877968788146973,0.6337223837868737,0.9560373749138997,18.876205444335938,0.22692012786865234,0.012021490682426474,0.02
25,sco_kcal,192,0.15629205107688904,0.06421295553445816,0.6251482806504338,0.9335968108327872,13.162980079650879,0.4852549731731415,0.03686513010251489,0.02
25,sco_kcal,193,0.059333253651857376,0.07085966318845749,0.5942132053222322,0.9459493657040705,13.23560619354248,0.10116764903068542,0.007643597697855661,0.04
25,sco_kcal,194,0.09166451543569565,0.03657931834459305,0.623622211262364,0.946250368209556,7.48553466796875,0.49705424904823303,0.06640197007906078,0.04
25,sco_kcal,195,0.2586246728897095,1.3339133262634277,0.6456542579795346,0.9787027743258234,280.6960754394531,2.4926774501800537,0.008880343076680211,0.18
25,sco_kcal,196,0.08360868692398071,0.09375107288360596,0.5843076139131742,0.9197699455747266,17.08242416381836,0.3794133961200714,0.022210746699739062,0.04
25,sco_kcal,197,0.5543115139007568,0.027486305683851242,0.639894917376745,0.9007636548801585,5.879650115966797,3.5590579509735107,0.6053179833453901,0.34
25,sco_kcal,198,0.06522741168737411,0.030865808948874474,0.6278673939977248,0.9495085073231486,6.359556198120117,0.13302810490131378,0.02091782834478872,0.02
25,sco_kcal,199,0.2561782896518707,0.3499971032142639,0.6307103266904914,0.9790849302842577,73.39887237548828,1.1162601709365845,0.015208137874736098,0.26
25,sco_kcal,200,0.4603136479854584,0.022661328315734863,0.6322051430723872,0.892198075812968,4.867231369018555,2.0025970935821533,0.4114448115882282,0.22
25,sco_kcal,201,0.07169497758150101,0.02148008905351162,0.6238088015382572,0.963407908441581,4.437870502471924,0.23071539402008057,0.05198786082008714,0.02
25,sco_kcal,202,0.24522845447063446,0.07376885414123535,0.5971592327459945,0.9061938193369359,13.964792251586914,3.523510694503784,0.2523138641108953,0.06
25,sco_kcal,203,0.23136425018310547,0.0435471385717392,0.6338198945030027,0.926440011506025,9.057313919067383,1.7708247900009155,0.1955132399985596,0.06
25,sco_kcal,204,0.6358482837677002,0.034341055899858475,0.6534576455644103,0.9184243922876536,7.174644947052002,5.578835964202881,0.777576591646556,0.48
25,sco_kcal,205,0.04496503621339798,0.05098460614681244,0.6260245121096195,0.9624854902140085,10.452530860900879,0.1677926927804947,0.016052829215567898,0.02
25,sco_kcal,206,0.2438439279794693,0.02211000770330429,0.6065888003766704,0.9293911210039552,4.2176337242126465,0.5779470801353455,0.1370311216968556,0.06
25,sco_kcal,207,0.3273967504501343,0.010759337805211544,0.633962381676227,0.9441946824330245,2.413789987564087,0.3355858325958252,0.1390285958284576,0.18
25,sco_kcal,208,0.06338097155094147,0.03962785378098488,0.6186164371548817,0.9512880098438456,8.012578964233398,0.07463476061820984,0.009314698919207531,0.04
25,sco_kcal,209,0.2908714711666107,0.06183336302638054,0.5930536076171513,0.9108983744092636,11.674593925476074,2.8667192459106445,0.24555194503638753,0.1
25,sco_kcal,210,0.10954441130161285,0.0649162009358406,0.6254886798706942,0.9310046982542977,13.405834197998047,1.099169135093689,0.08199184913519464,0.04
25,sco_kcal,211,0.10930133610963821,0.02846343256533146,0.6242450672703623,0.9512886814509744,5.906967639923096,0.0818798765540123,0.013861575269282889,0.1
25,sco_kcal,212,0.6589425206184387,0.07571017742156982,0.6347602588947756,0.9251452654503098,15.567591667175293,12.07454776763916,0.7756207913070257,0.28
25,sco_kcal,213,0.08936620503664017,0.16359542310237885,0.6253855552529328,0.9077688092110938,33.99253845214844,2.702890157699585,0.07951421931917396,0.04
25,sco_kcal,214,0.41304317116737366,0.037210069596767426,0.6302956414003584,0.9100612214217048,7.751099109649658,3.280191659927368,0.4231905196314319,0.12
25,sco_kcal,215,0.1909557729959488,0.07547078281641006,0.6246965765210404,0.961921655505908,15.47005558013916,0.6312417387962341,0.04080410283765482,0.12
25,sco_kcal,216,0.24353931844234467,0.037802502512931824,0.6256542380041852,0.9366896442532178,7.796748638153076,1.2051504850387573,0.1545709039716122,0.02
25,sco_kcal,217,0.08708921074867249,0.035345204174518585,0.6154718317473855,0.9446533807942847,7.131416320800781,0.17826497554779053,0.024997134864757593,0.06
25,sco_kcal,218,0.43236568570137024,0.03993753343820572,0.6285777422759156,0.9061103180634917,8.221073150634766,3.3778042793273926,0.410871454059083,0.14
25,sco_kcal,219,0.07247765362262726,0.027843480929732323,0.6088127902935885,0.9574589860683427,5.6315741539001465,0.10452695190906525,0.018560876417950584,0.02
25,sco_kcal,220,0.1229364201426506,0.07301591336727142,0.6229254754537854,0.9441110070176941,15.198741912841797,1.005981683731079,0.0661884838560947,0.04
25,sco_kcal,221,0.4303063452243805,0.028590282425284386,0.6392268357883433,0.8951090952163425,6.075877666473389,2.5348503589630127,0.41719904483105097,0.2
25,sco_kcal,222,0.08300061523914337,0.016365831717848778,0.6259445596434312,0.9659459193094677,3.43669056892395,0.22310225665569305,0.06491776090436556,0.02
25,sco_kcal,223,0.3759916424751282,0.054153818637132645,0.6412762510293222,0.9757017978045979,12.041805267333984,0.4155580699443817,0.03450961552016402,0.34
25,sco_kcal,224,0.39348214864730835,0.03102945163846016,0.6253995821352489,0.8972730980399786,6.364549160003662,2.1966564655303955,0.3451393665610608,0.12
25,sco_kcal,225,0.35709670186042786,0.02361808344721794,0.6296596732037754,0.9164462584725024,4.942702770233154,1.2977521419525146,0.2625592114840638,0.14
25,sco_kcal,226,0.11921083182096481,4.952957630157471,0.6186092167850905,0.9840715991274283,995.1609497070312,0.6034873127937317,0.0006064218184720716,0.14
25,sco_kcal,227,0.17411427199840546,0.08193956315517426,0.6222110136700683,0.9358910497840778,16.809358596801758,1.0351676940917969,0.06158281936401509,0.08
25,sco_kcal,228,0.4669341742992401,0.027027573436498642,0.6165511847448737,0.9164910776418904,5.554783344268799,2.8567099571228027,0.5142792760891819,0.34
25,sco_kcal,229,0.16172796487808228,0.07583337277173996,0.6192969958388199,0.8965474894089995,15.736449241638184,2.5515048503875732,0.16213980747552417,0.0
25,sco_kcal,230,0.27567043900489807,0.027287548407912254,0.6212907921566924,0.9067964016007373,5.662069320678711,1.431885838508606,0.2528909056763307,0.02
25,sco_kcal,231,0.5156533122062683,0.0173941683024168,0.6363163386829753,0.9022428168321022,3.669529438018799,1.756378173828125,0.478638529406758,0.28
25,sco_kcal,232,0.21643967926502228,0.051617495715618134,0.6040091317474023,0.9061399123658889,9.88964557647705,1.3710609674453735,0.1386360064011294,0.08
25,sco_kcal,233,0.27027228474617004,0.07432932406663895,0.5832816787107313,0.8987655966687222,13.819228172302246,3.092491626739502,0.2237817907180775,0.06
25,sco_kcal,234,0.11772894859313965,0.03966648131608963,0.6353897383232445,0.9451685436862907,8.243674278259277,0.27592283487319946,0.033470856023615596,0.06
25,sco_kcal,235,0.21858996152877808,0.03638707846403122,0.62410747381815,0.9367804009745797,7.479844093322754,1.1598727703094482,0.15506643665806685,0.08
25,sco_kcal,236,0.1106114462018013,0.041047919541597366,0.6239273488468955,0.9603009933118454,8.441296577453613,0.15976622700691223,0.018926740168523616,0.06
25,sco_kcal,237,0.2056245505809784,0.07317552715539932,0.6307031183778296,0.9150081514264141,15.47627067565918,1.1106160879135132,0.07176251379864218,0.12
25,sco_kcal,238,0.039295461028814316,0.03778911754488945,0.6098048610546851,0.9518024623495531,7.519516944885254,0.10446632653474808,0.01389269115296105,0.0
25,sco_kcal,239,0.4426490068435669,0.044571369886398315,0.6339006414669321,0.8935543230378526,9.183587074279785,3.246431350708008,0.35350362820647685,0.18
25,sco_kcal,240,0.22534801065921783,0.040031835436820984,0.6243026342434594,0.9308001359095555,8.180741310119629,1.1499590873718262,0.14056905649238896,0.16
25,sco_kcal,241,0.520021915435791,0.02264314703643322,0.638329161477154,0.9035095787346996,4.745695114135742,2.4631364345550537,0.5190254273221734,0.26
25,sco_kcal,242,0.2685055136680603,0.02218472585082054,0.6271808292276333,0.9430171222695805,4.680056571960449,0.7859616279602051,0.16793848875014136,0.16
25,sco_kcal,243,0.16374337673187256,0.10394413024187088,0.6248829697269223,0.9722762937752245,21.34648895263672,0.3115428686141968,0.014594571936651672,0.2
25,sco_kcal,244,0.11760248988866806,0.04653213545680046,0.6244275555137608,0.9701139730174895,9.591109275817871,0.14328449964523315,0.014939304258215193,0.1
25,sco_kcal,245,0.1264042854309082,0.03271792456507683,0.6227781042214946,0.925401745025153,6.8670854568481445,0.6228773593902588,0.09070476307661199,0.04
25,sco_kcal,246,0.2257506549358368,0.03841657564043999,0.6190659464274599,0.9194474409136786,7.9884352684021,0.9530771374702454,0.11930711152409278,0.04
25,sco_kcal,247,0.5483922362327576,0.026694664731621742,0.6442238990302751,0.9386104792847163,5.5907182693481445,2.997331142425537,0.5361263075728218,0.38
25,sco_kcal,248,0.14900055527687073,0.3596135973930359,0.6247718688527986,0.9776570575980585,73.56643676757812,1.0324054956436157,0.01403364823697174,0.24
25,sco_kcal,249,0.07045493274927139,0.037831246852874756,0.6241941173898942,0.9495155903440631,7.781960487365723,0.20519593358039856,0.02636815413205209,0.02
25,water_gsolv_eV,0,1.0,0.0,0.6328727868853543,0.6328727868853543,,,,1.0
25,water_gsolv_eV,1,1.0,0.0,0.6328727868853543,0.6328727868853543,,,,1.0
25,water_gsolv_eV,2,1.0,0.0,0.6328727868853543,0.6328727868853543,,,,1.0
25,water_gsolv_eV,3,1.0,0.0,0.6328727868853543,0.6328727868853543,,,,1.0
25,water_gsolv_eV,4,1.0,0.0,0.6328727868853543,0.6328727868853543,,,,1.0
25,water_gsolv_eV,5,1.0,0.0,0.6328727868853543,0.6328727868853543,,,,1.0
25,water_gsolv_eV,6,1.0,0.0,0.6328727868853543,0.6328727868853543,,,,1.0
25,water_gsolv_eV,7,1.0,0.0,0.6328727868853543,0.6328727868853543,,,,1.0
25,water_gsolv_eV,8,1.0,0.0,0.6328727868853543,0.6328727868853543,,,,1.0
25,water_gsolv_eV,9,1.0,0.0,0.6328727868853543,0.6328727868853543,,,,1.0
25,water_gsolv_eV,10,1.0,0.0,0.6328727868853543,0.6328727868853543,,,,1.0
25,water_gsolv_eV,11,1.0,0.0,0.6328727868853543,0.6328727868853543,,,,1.0
25,water_gsolv_eV,12,1.0,0.0,0.6328727868853543,0.6328727868853543,,,,1.0
25,water_gsolv_eV,13,1.0,0.0,0.6328727868853543,0.6328727868853543,,,,1.0
25,water_gsolv_eV,14,1.0,0.0,0.6328727868853543,0.6328727868853543,,,,1.0
25,water_gsolv_eV,15,1.0,0.0,0.6328727868853543,0.6328727868853543,,,,1.0
25,water_gsolv_eV,16,1.0,0.0,0.6328727868853543,0.6328727868853543,,,,1.0
25,water_gsolv_eV,17,1.0,0.0,0.6328727868853543,0.6328727868853543,,,,1.0
25,water_gsolv_eV,18,1.0,0.0,0.6328727868853543,0.6328727868853543,,,,1.0
25,water_gsolv_eV,19,1.0,0.0,0.6328727868853543,0.6328727868853543,,,,1.0
25,water_gsolv_eV,20,1.0,0.0,0.6328727868853543,0.6328727868853543,,,,1.0
25,water_gsolv_eV,21,1.0,0.0,0.6328727868853543,0.6328727868853543,,,,1.0
25,water_gsolv_eV,22,1.0,0.0,0.6328727868853543,0.6328727868853543,,,,1.0
25,water_gsolv_eV,23,1.0,0.0,0.6328727868853543,0.6328727868853543,,,,1.0
25,water_gsolv_eV,24,1.0,0.0,0.6328727868853543,0.6328727868853543,,,,1.0
25,water_gsolv_eV,25,1.0,0.0,0.6328727868853543,0.6328727868853543,,,,1.0
25,water_gsolv_eV,26,1.0,0.0,0.6328727868853543,0.6328727868853543,,,,1.0
25,water_gsolv_eV,27,1.0,0.0,0.6328727868853543,0.6328727868853543,,,,1.0
25,water_gsolv_eV,28,1.0,0.0,0.6328727868853543,0.6328727868853543,,,,1.0
25,water_gsolv_eV,29,1.0,0.0,0.6328727868853543,0.6328727868853543,,,,1.0
25,water_gsolv_eV,30,1.0,0.0,0.6328727868853543,0.6328727868853543,,,,1.0
25,water_gsolv_eV,31,1.0,0.0,0.6328727868853543,0.6328727868853543,,,,1.0
25,water_gsolv_eV,32,1.0,0.0,0.6328727868853543,0.6328727868853543,,,,1.0
25,water_gsolv_eV,33,1.0,0.0,0.6328727868853543,0.6328727868853543,,,,1.0
25,water_gsolv_eV,34,1.0,0.0,0.6328727868853543,0.6328727868853543,,,,1.0
25,water_gsolv_eV,35,1.0,0.0,0.6328727868853543,0.6328727868853543,,,,1.0
25,water_gsolv_eV,36,1.0,0.0,0.6328727868853543,0.6328727868853543,,,,1.0
25,water_gsolv_eV,37,1.0,0.0,0.6328727868853543,0.6328727868853543,,,,1.0
25,water_gsolv_eV,38,1.0,0.0,0.6328727868853543,0.6328727868853543,,,,1.0
25,water_gsolv_eV,39,1.0,0.0,0.6328727868853543,0.6328727868853543,,,,1.0
25,water_gsolv_eV,40,1.0,0.0,0.6328727868853543,0.6328727868853543,,,,1.0
25,water_gsolv_eV,41,1.0,0.0,0.6328727868853543,0.6328727868853543,,,,1.0
25,water_gsolv_eV,42,1.0,0.0,0.6328727868853543,0.6328727868853543,,,,1.0
25,water_gsolv_eV,43,1.0,0.0,0.6328727868853543,0.6328727868853543,,,,1.0
25,water_gsolv_eV,44,1.0,0.0,0.6328727868853543,0.6328727868853543,,,,1.0
25,water_gsolv_eV,45,1.0,0.0,0.6328727868853543,0.6328727868853543,,,,1.0
25,water_gsolv_eV,46,1.0,0.0,0.6328727868853543,0.6328727868853543,,,,1.0
25,water_gsolv_eV,47,1.0,0.0,0.6328727868853543,0.6328727868853543,,,,1.0
25,water_gsolv_eV,48,1.0,0.0,0.6328727868853543,0.6328727868853543,,,,1.0
25,water_gsolv_eV,49,1.0,0.0,0.6328727868853543,0.6328727868853543,,,,1.0
25,water_gsolv_eV,50,1.0,0.0,0.6328727868853543,0.6328727868853543,,,,1.0
25,water_gsolv_eV,51,1.0,0.0,0.6328727868853543,0.6328727868853543,,,,1.0
25,water_gsolv_eV,52,1.0,0.0,0.6328727868853543,0.6328727868853543,,,,1.0
25,water_gsolv_eV,53,1.0,0.0,0.6328727868853543,0.6328727868853543,,,,1.0
25,water_gsolv_eV,54,1.0,0.0,0.6328727868853543,0.6328727868853543,,,,1.0
25,water_gsolv_eV,55,1.0,0.0,0.6328727868853543,0.6328727868853543,,,,1.0
25,water_gsolv_eV,56,1.0,0.0,0.6328727868853543,0.6328727868853543,,,,1.0
25,water_gsolv_eV,57,1.0,0.0,0.6328727868853543,0.6328727868853543,,,,1.0
25,water_gsolv_eV,58,1.0,0.0,0.6328727868853543,0.6328727868853543,,,,1.0
25,water_gsolv_eV,59,1.0,0.0,0.6328727868853543,0.6328727868853543,,,,1.0
25,water_gsolv_eV,60,1.0,0.0,0.6328727868853543,0.6328727868853543,,,,1.0
25,water_gsolv_eV,61,1.0,0.0,0.6328727868853543,0.6328727868853543,,,,1.0
25,water_gsolv_eV,62,1.0,0.0,0.6328727868853543,0.6328727868853543,,,,1.0
25,water_gsolv_eV,63,1.0,0.0,0.6328727868853543,0.6328727868853543,,,,1.0
25,water_gsolv_eV,64,1.0,0.0,0.6328727868853543,0.6328727868853543,,,,1.0
25,water_gsolv_eV,65,1.0,0.0,0.6328727868853543,0.6328727868853543,,,,1.0
25,water_gsolv_eV,66,1.0,0.0,0.6328727868853543,0.6328727868853543,,,,1.0
25,water_gsolv_eV,67,1.0,0.0,0.6328727868853543,0.6328727868853543,,,,1.0
25,water_gsolv_eV,68,1.0,0.0,0.6328727868853543,0.6328727868853543,,,,1.0
25,water_gsolv_eV,69,1.0,0.0,0.6328727868853543,0.6328727868853543,,,,1.0
25,water_gsolv_eV,70,1.0,0.0,0.6328727868853543,0.6328727868853543,,,,1.0
25,water_gsolv_eV,71,1.0,0.0,0.6328727868853543,0.6328727868853543,,,,1.0
25,water_gsolv_eV,72,1.0,0.0,0.6328727868853543,0.6328727868853543,,,,1.0
25,water_gsolv_eV,73,1.0,0.0,0.6328727868853543,0.6328727868853543,,,,1.0
25,water_gsolv_eV,74,1.0,0.0,0.6328727868853543,0.6328727868853543,,,,1.0
25,water_gsolv_eV,75,1.0,0.0,0.6328727868853543,0.6328727868853543,,,,1.0
25,water_gsolv_eV,76,1.0,0.0,0.6328727868853543,0.6328727868853543,,,,1.0
25,water_gsolv_eV,77,1.0,0.0,0.6328727868853543,0.6328727868853543,,,,1.0
25,water_gsolv_eV,78,1.0,0.0,0.6328727868853543,0.6328727868853543,,,,1.0
25,water_gsolv_eV,79,1.0,0.0,0.6328727868853543,0.6328727868853543,,,,1.0
25,water_gsolv_eV,80,1.0,0.0,0.6328727868853543,0.6328727868853543,,,,1.0
25,water_gsolv_eV,81,1.0,0.0,0.6328727868853543,0.6328727868853543,,,,1.0
25,water_gsolv_eV,82,1.0,0.0,0.6328727868853543,0.6328727868853543,,,,1.0
25,water_gsolv_eV,83,1.0,0.0,0.6328727868853543,0.6328727868853543,,,,1.0
25,water_gsolv_eV,84,1.0,0.0,0.6328727868853543,0.6328727868853543,,,,1.0
25,water_gsolv_eV,85,1.0,0.0,0.6328727868853543,0.6328727868853543,,,,1.0
25,water_gsolv_eV,86,1.0,0.0,0.6328727868853543,0.6328727868853543,,,,1.0
25,water_gsolv_eV,87,1.0,0.0,0.6328727868853543,0.6328727868853543,,,,1.0
25,water_gsolv_eV,88,1.0,0.0,0.6328727868853543,0.6328727868853543,,,,1.0
25,water_gsolv_eV,89,1.0,0.0,0.6328727868853543,0.6328727868853543,,,,1.0
25,water_gsolv_eV,90,1.0,0.0,0.6328727868853543,0.6328727868853543,,,,1.0
25,water_gsolv_eV,91,1.0,0.0,0.6328727868853543,0.6328727868853543,,,,1.0
25,water_gsolv_eV,92,1.0,0.0,0.6328727868853543,0.6328727868853543,,,,1.0
25,water_gsolv_eV,93,1.0,0.0,0.6328727868853543,0.6328727868853543,,,,1.0
25,water_gsolv_eV,94,1.0,0.0,0.6328727868853543,0.6328727868853543,,,,1.0
25,water_gsolv_eV,95,1.0,0.0,0.6328727868853543,0.6328727868853543,,,,1.0
25,water_gsolv_eV,96,1.0,0.0,0.6328727868853543,0.6328727868853543,,,,1.0
25,water_gsolv_eV,97,1.0,0.0,0.6328727868853543,0.6328727868853543,,,,1.0
25,water_gsolv_eV,98,1.0,0.0,0.6328727868853543,0.6328727868853543,,,,1.0
25,water_gsolv_eV,99,1.0,0.0,0.6328727868853543,0.6328727868853543,,,,1.0
25,water_gsolv_eV,100,1.0,0.0,0.6328727868853543,0.6328727868853543,,,,1.0
25,water_gsolv_eV,101,1.0,0.0,0.6328727868853543,0.6328727868853543,,,,1.0
25,water_gsolv_eV,102,1.0,0.0,0.6328727868853543,0.6328727868853543,,,,1.0
25,water_gsolv_eV,103,1.0,0.0,0.6328727868853543,0.6328727868853543,,,,1.0
25,water_gsolv_eV,104,1.0,0.0,0.6328727868853543,0.6328727868853543,,,,1.0
25,water_gsolv_eV,105,1.0,0.0,0.6328727868853543,0.6328727868853543,,,,1.0
25,water_gsolv_eV,106,1.0,0.0,0.6328727868853543,0.6328727868853543,,,,1.0
25,water_gsolv_eV,107,1.0,0.0,0.6328727868853543,0.6328727868853543,,,,1.0
25,water_gsolv_eV,108,1.0,0.0,0.6328727868853543,0.6328727868853543,,,,1.0
25,water_gsolv_eV,109,1.0,0.0,0.6328727868853543,0.6328727868853543,,,,1.0
25,water_gsolv_eV,110,1.0,0.0,0.6328727868853543,0.6328727868853543,,,,1.0
25,water_gsolv_eV,111,1.0,0.0,0.6328727868853543,0.6328727868853543,,,,1.0
25,water_gsolv_eV,112,1.0,0.0,0.6328727868853543,0.6328727868853543,,,,1.0
25,water_gsolv_eV,113,1.0,0.0,0.6328727868853543,0.6328727868853543,,,,1.0
25,water_gsolv_eV,114,1.0,0.0,0.6328727868853543,0.6328727868853543,,,,1.0
25,water_gsolv_eV,115,1.0,0.0,0.6328727868853543,0.6328727868853543,,,,1.0
25,water_gsolv_eV,116,1.0,0.0,0.6328727868853543,0.6328727868853543,,,,1.0
25,water_gsolv_eV,117,1.0,0.0,0.6328727868853543,0.6328727868853543,,,,1.0
25,water_gsolv_eV,118,1.0,0.0,0.6328727868853543,0.6328727868853543,,,,1.0
25,water_gsolv_eV,119,1.0,0.0,0.6328727868853543,0.6328727868853543,,,,1.0
25,water_gsolv_eV,120,1.0,0.0,0.6328727868853543,0.6328727868853543,,,,1.0
25,water_gsolv_eV,121,1.0,0.0,0.6328727868853543,0.6328727868853543,,,,1.0
25,water_gsolv_eV,122,1.0,0.0,0.6328727868853543,0.6328727868853543,,,,1.0
25,water_gsolv_eV,123,1.0,0.0,0.6328727868853543,0.6328727868853543,,,,1.0
25,water_gsolv_eV,124,1.0,0.0,0.6328727868853543,0.6328727868853543,,,,1.0
25,water_gsolv_eV,125,1.0,0.0,0.6328727868853543,0.6328727868853543,,,,1.0
25,water_gsolv_eV,126,1.0,0.0,0.6328727868853543,0.6328727868853543,,,,1.0
25,water_gsolv_eV,127,1.0,0.0,0.6328727868853543,0.6328727868853543,,,,1.0
25,water_gsolv_eV,128,1.0,0.0,0.6328727868853543,0.6328727868853543,,,,1.0
25,water_gsolv_eV,129,1.0,0.0,0.6328727868853543,0.6328727868853543,,,,1.0
25,water_gsolv_eV,130,1.0,0.0,0.6328727868853543,0.6328727868853543,,,,1.0
25,water_gsolv_eV,131,1.0,0.0,0.6328727868853543,0.6328727868853543,,,,1.0
25,water_gsolv_eV,132,1.0,0.0,0.6328727868853543,0.6328727868853543,,,,1.0
25,water_gsolv_eV,133,1.0,0.0,0.6328727868853543,0.6328727868853543,,,,1.0
25,water_gsolv_eV,134,1.0,0.0,0.6328727868853543,0.6328727868853543,,,,1.0
25,water_gsolv_eV,135,1.0,0.0,0.6328727868853543,0.6328727868853543,,,,1.0
25,water_gsolv_eV,136,1.0,0.0,0.6328727868853543,0.6328727868853543,,,,1.0
25,water_gsolv_eV,137,1.0,0.0,0.6328727868853543,0.6328727868853543,,,,1.0
25,water_gsolv_eV,138,1.0,0.0,0.6328727868853543,0.6328727868853543,,,,1.0
25,water_gsolv_eV,139,1.0,0.0,0.6328727868853543,0.6328727868853543,,,,1.0
25,water_gsolv_eV,140,1.0,0.0,0.6328727868853543,0.6328727868853543,,,,1.0
25,water_gsolv_eV,141,1.0,0.0,0.6328727868853543,0.6328727868853543,,,,1.0
25,water_gsolv_eV,142,1.0,0.0,0.6328727868853543,0.6328727868853543,,,,1.0
25,water_gsolv_eV,143,1.0,0.0,0.6328727868853543,0.6328727868853543,,,,1.0
25,water_gsolv_eV,144,1.0,0.0,0.6328727868853543,0.6328727868853543,,,,1.0
25,water_gsolv_eV,145,1.0,0.0,0.6328727868853543,0.6328727868853543,,,,1.0
25,water_gsolv_eV,146,1.0,0.0,0.6328727868853543,0.6328727868853543,,,,1.0
25,water_gsolv_eV,147,1.0,0.0,0.6328727868853543,0.6328727868853543,,,,1.0
25,water_gsolv_eV,148,1.0,0.0,0.6328727868853543,0.6328727868853543,,,,1.0
25,water_gsolv_eV,149,1.0,0.0,0.6328727868853543,0.6328727868853543,,,,1.0
25,water_gsolv_eV,150,1.0,0.0,0.6328727868853543,0.6328727868853543,,,,1.0
25,water_gsolv_eV,151,1.0,0.0,0.6328727868853543,0.6328727868853543,,,,1.0
25,water_gsolv_eV,152,1.0,0.0,0.6328727868853543,0.6328727868853543,,,,1.0
25,water_gsolv_eV,153,1.0,0.0,0.6328727868853543,0.6328727868853543,,,,1.0
25,water_gsolv_eV,154,1.0,0.0,0.6328727868853543,0.6328727868853543,,,,1.0
25,water_gsolv_eV,155,1.0,0.0,0.6328727868853543,0.6328727868853543,,,,1.0
25,water_gsolv_eV,156,1.0,0.0,0.6328727868853543,0.6328727868853543,,,,1.0
25,water_gsolv_eV,157,1.0,0.0,0.6328727868853543,0.6328727868853543,,,,1.0
25,water_gsolv_eV,158,1.0,0.0,0.6328727868853543,0.6328727868853543,,,,1.0
25,water_gsolv_eV,159,1.0,0.0,0.6328727868853543,0.6328727868853543,,,,1.0
25,water_gsolv_eV,160,1.0,0.0,0.6328727868853543,0.6328727868853543,,,,1.0
25,water_gsolv_eV,161,1.0,0.0,0.6328727868853543,0.6328727868853543,,,,1.0
25,water_gsolv_eV,162,1.0,0.0,0.6328727868853543,0.6328727868853543,,,,1.0
25,water_gsolv_eV,163,1.0,0.0,0.6328727868853543,0.6328727868853543,,,,1.0
25,water_gsolv_eV,164,1.0,0.0,0.6328727868853543,0.6328727868853543,,,,1.0
25,water_gsolv_eV,165,1.0,0.0,0.6328727868853543,0.6328727868853543,,,,1.0
25,water_gsolv_eV,166,1.0,0.0,0.6328727868853543,0.6328727868853543,,,,1.0
25,water_gsolv_eV,167,1.0,0.0,0.6328727868853543,0.6328727868853543,,,,1.0
25,water_gsolv_eV,168,1.0,0.0,0.6328727868853543,0.6328727868853543,,,,1.0
25,water_gsolv_eV,169,1.0,0.0,0.6328727868853543,0.6328727868853543,,,,1.0
25,water_gsolv_eV,170,1.0,0.0,0.6328727868853543,0.6328727868853543,,,,1.0
25,water_gsolv_eV,171,1.0,0.0,0.6328727868853543,0.6328727868853543,,,,1.0
25,water_gsolv_eV,172,1.0,0.0,0.6328727868853543,0.6328727868853543,,,,1.0
25,water_gsolv_eV,173,1.0,0.0,0.6328727868853543,0.6328727868853543,,,,1.0
25,water_gsolv_eV,174,1.0,0.0,0.6328727868853543,0.6328727868853543,,,,1.0
25,water_gsolv_eV,175,1.0,0.0,0.6328727868853543,0.6328727868853543,,,,1.0
25,water_gsolv_eV,176,1.0,0.0,0.6328727868853543,0.6328727868853543,,,,1.0
25,water_gsolv_eV,177,1.0,0.0,0.6328727868853543,0.6328727868853543,,,,1.0
25,water_gsolv_eV,178,1.0,0.0,0.6328727868853543,0.6328727868853543,,,,1.0
25,water_gsolv_eV,179,1.0,0.0,0.6328727868853543,0.6328727868853543,,,,1.0
25,water_gsolv_eV,180,1.0,0.0,0.6328727868853543,0.6328727868853543,,,,1.0
25,water_gsolv_eV,181,1.0,0.0,0.6328727868853543,0.6328727868853543,,,,1.0
25,water_gsolv_eV,182,1.0,0.0,0.6328727868853543,0.6328727868853543,,,,1.0
25,water_gsolv_eV,183,1.0,0.0,0.6328727868853543,0.6328727868853543,,,,1.0
25,water_gsolv_eV,184,1.0,0.0,0.6328727868853543,0.6328727868853543,,,,1.0
25,water_gsolv_eV,185,1.0,0.0,0.6328727868853543,0.6328727868853543,,,,1.0
25,water_gsolv_eV,186,1.0,0.0,0.6328727868853543,0.6328727868853543,,,,1.0
25,water_gsolv_eV,187,1.0,0.0,0.6328727868853543,0.6328727868853543,,,,1.0
25,water_gsolv_eV,188,1.0,0.0,0.6328727868853543,0.6328727868853543,,,,1.0
25,water_gsolv_eV,189,1.0,0.0,0.6328727868853543,0.6328727868853543,,,,1.0
25,water_gsolv_eV,190,1.0,0.0,0.6328727868853543,0.6328727868853543,,,,1.0
25,water_gsolv_eV,191,1.0,0.0,0.6328727868853543,0.6328727868853543,,,,1.0
25,water_gsolv_eV,192,1.0,0.0,0.6328727868853543,0.6328727868853543,,,,1.0
25,water_gsolv_eV,193,1.0,0.0,0.6328727868853543,0.6328727868853543,,,,1.0
25,water_gsolv_eV,194,1.0,0.0,0.6328727868853543,0.6328727868853543,,,,1.0
25,water_gsolv_eV,195,1.0,0.0,0.6328727868853543,0.6328727868853543,,,,1.0
25,water_gsolv_eV,196,1.0,0.0,0.6328727868853543,0.6328727868853543,,,,1.0
25,water_gsolv_eV,197,1.0,0.0,0.6328727868853543,0.6328727868853543,,,,1.0
25,water_gsolv_eV,198,1.0,0.0,0.6328727868853543,0.6328727868853543,,,,1.0
25,water_gsolv_eV,199,1.0,0.0,0.6328727868853543,0.6328727868853543,,,,1.0
25,water_gsolv_eV,200,1.0,0.0,0.6328727868853543,0.6328727868853543,,,,1.0
25,water_gsolv_eV,201,1.0,0.0,0.6328727868853543,0.6328727868853543,,,,1.0
25,water_gsolv_eV,202,1.0,0.0,0.6328727868853543,0.6328727868853543,,,,1.0
25,water_gsolv_eV,203,1.0,0.0,0.6328727868853543,0.6328727868853543,,,,1.0
25,water_gsolv_eV,204,1.0,0.0,0.6328727868853543,0.6328727868853543,,,,1.0
25,water_gsolv_eV,205,1.0,0.0,0.6328727868853543,0.6328727868853543,,,,1.0
25,water_gsolv_eV,206,1.0,0.0,0.6328727868853543,0.6328727868853543,,,,1.0
25,water_gsolv_eV,207,1.0,0.0,0.6328727868853543,0.6328727868853543,,,,1.0
25,water_gsolv_eV,208,1.0,0.0,0.6328727868853543,0.6328727868853543,,,,1.0
25,water_gsolv_eV,209,1.0,0.0,0.6328727868853543,0.6328727868853543,,,,1.0
25,water_gsolv_eV,210,1.0,0.0,0.6328727868853543,0.6328727868853543,,,,1.0
25,water_gsolv_eV,211,1.0,0.0,0.6328727868853543,0.6328727868853543,,,,1.0
25,water_gsolv_eV,212,1.0,0.0,0.6328727868853543,0.6328727868853543,,,,1.0
25,water_gsolv_eV,213,1.0,0.0,0.6328727868853543,0.6328727868853543,,,,1.0
25,water_gsolv_eV,214,1.0,0.0,0.6328727868853543,0.6328727868853543,,,,1.0
25,water_gsolv_eV,215,1.0,0.0,0.6328727868853543,0.6328727868853543,,,,1.0
25,water_gsolv_eV,216,1.0,0.0,0.6328727868853543,0.6328727868853543,,,,1.0
25,water_gsolv_eV,217,1.0,0.0,0.6328727868853543,0.6328727868853543,,,,1.0
25,water_gsolv_eV,218,1.0,0.0,0.6328727868853543,0.6328727868853543,,,,1.0
25,water_gsolv_eV,219,1.0,0.0,0.6328727868853543,0.6328727868853543,,,,1.0
25,water_gsolv_eV,220,1.0,0.0,0.6328727868853543,0.6328727868853543,,,,1.0
25,water_gsolv_eV,221,1.0,0.0,0.6328727868853543,0.6328727868853543,,,,1.0
25,water_gsolv_eV,222,1.0,0.0,0.6328727868853543,0.6328727868853543,,,,1.0
25,water_gsolv_eV,223,1.0,0.0,0.6328727868853543,0.6328727868853543,,,,1.0
25,water_gsolv_eV,224,1.0,0.0,0.6328727868853543,0.6328727868853543,,,,1.0
25,water_gsolv_eV,225,1.0,0.0,0.6328727868853543,0.6328727868853543,,,,1.0
25,water_gsolv_eV,226,1.0,0.0,0.6328727868853543,0.6328727868853543,,,,1.0
25,water_gsolv_eV,227,1.0,0.0,0.6328727868853543,0.6328727868853543,,,,1.0
25,water_gsolv_eV,228,1.0,0.0,0.6328727868853543,0.6328727868853543,,,,1.0
25,water_gsolv_eV,229,1.0,0.0,0.6328727868853543,0.6328727868853543,,,,1.0
25,water_gsolv_eV,230,1.0,0.0,0.6328727868853543,0.6328727868853543,,,,1.0
25,water_gsolv_eV,231,1.0,0.0,0.6328727868853543,0.6328727868853543,,,,1.0
25,water_gsolv_eV,232,1.0,0.0,0.6328727868853543,0.6328727868853543,,,,1.0
25,water_gsolv_eV,233,1.0,0.0,0.6328727868853543,0.6328727868853543,,,,1.0
25,water_gsolv_eV,234,1.0,0.0,0.6328727868853543,0.6328727868853543,,,,1.0
25,water_gsolv_eV,235,1.0,0.0,0.6328727868853543,0.6328727868853543,,,,1.0
25,water_gsolv_eV,236,1.0,0.0,0.6328727868853543,0.6328727868853543,,,,1.0
25,water_gsolv_eV,237,1.0,0.0,0.6328727868853543,0.6328727868853543,,,,1.0
25,water_gsolv_eV,238,1.0,0.0,0.6328727868853543,0.6328727868853543,,,,1.0
25,water_gsolv_eV,239,1.0,0.0,0.6328727868853543,0.6328727868853543,,,,1.0
25,water_gsolv_eV,240,1.0,0.0,0.6328727868853543,0.6328727868853543,,,,1.0
25,water_gsolv_eV,241,1.0,0.0,0.6328727868853543,0.6328727868853543,,,,1.0
25,water_gsolv_eV,242,1.0,0.0,0.6328727868853543,0.6328727868853543,,,,1.0
25,water_gsolv_eV,243,1.0,0.0,0.6328727868853543,0.6328727868853543,,,,1.0
25,water_gsolv_eV,244,1.0,0.0,0.6328727868853543,0.6328727868853543,,,,1.0
25,water_gsolv_eV,245,1.0,0.0,0.6328727868853543,0.6328727868853543,,,,1.0
25,water_gsolv_eV,246,1.0,0.0,0.6328727868853543,0.6328727868853543,,,,1.0
25,water_gsolv_eV,247,1.0,0.0,0.6328727868853543,0.6328727868853543,,,,1.0
25,water_gsolv_eV,248,1.0,0.0,0.6328727868853543,0.6328727868853543,,,,1.0
25,water_gsolv_eV,249,1.0,0.0,0.6328727868853543,0.6328727868853543,,,,1.0
25,water_hl_gap_eV,0,1.0000001192092896,0.0,0.7087958655788706,0.7087958655788706,,,,1.0
25,water_hl_gap_eV,1,1.0000001192092896,0.0,0.7087958655788706,0.7087958655788706,,,,1.0
25,water_hl_gap_eV,2,1.0000001192092896,0.0,0.7087958655788706,0.7087958655788706,,,,1.0
25,water_hl_gap_eV,3,1.0000001192092896,0.0,0.7087958655788706,0.7087958655788706,,,,1.0
25,water_hl_gap_eV,4,1.0000001192092896,0.0,0.7087958655788706,0.7087958655788706,,,,1.0
25,water_hl_gap_eV,5,1.0000001192092896,0.0,0.7087958655788706,0.7087958655788706,,,,1.0
25,water_hl_gap_eV,6,1.0000001192092896,0.0,0.7087958655788706,0.7087958655788706,,,,1.0
25,water_hl_gap_eV,7,1.0000001192092896,0.0,0.7087958655788706,0.7087958655788706,,,,1.0
25,water_hl_gap_eV,8,1.0000001192092896,0.0,0.7087958655788706,0.7087958655788706,,,,1.0
25,water_hl_gap_eV,9,1.0000001192092896,0.0,0.7087958655788706,0.7087958655788706,,,,1.0
25,water_hl_gap_eV,10,1.0000001192092896,0.0,0.7087958655788706,0.7087958655788706,,,,1.0
25,water_hl_gap_eV,11,1.0000001192092896,0.0,0.7087958655788706,0.7087958655788706,,,,1.0
25,water_hl_gap_eV,12,1.0000001192092896,0.0,0.7087958655788706,0.7087958655788706,,,,1.0
25,water_hl_gap_eV,13,1.0000001192092896,0.0,0.7087958655788706,0.7087958655788706,,,,1.0
25,water_hl_gap_eV,14,1.0000001192092896,0.0,0.7087958655788706,0.7087958655788706,,,,1.0
25,water_hl_gap_eV,15,1.0000001192092896,0.0,0.7087958655788706,0.7087958655788706,,,,1.0
25,water_hl_gap_eV,16,1.0000001192092896,0.0,0.7087958655788706,0.7087958655788706,,,,1.0
25,water_hl_gap_eV,17,1.0000001192092896,0.0,0.7087958655788706,0.7087958655788706,,,,1.0
25,water_hl_gap_eV,18,1.0000001192092896,0.0,0.7087958655788706,0.7087958655788706,,,,1.0
25,water_hl_gap_eV,19,1.0000001192092896,0.0,0.7087958655788706,0.7087958655788706,,,,1.0
25,water_hl_gap_eV,20,1.0000001192092896,0.0,0.7087958655788706,0.7087958655788706,,,,1.0
25,water_hl_gap_eV,21,1.0000001192092896,0.0,0.7087958655788706,0.7087958655788706,,,,1.0
25,water_hl_gap_eV,22,1.0000001192092896,0.0,0.7087958655788706,0.7087958655788706,,,,1.0
25,water_hl_gap_eV,23,1.0000001192092896,0.0,0.7087958655788706,0.7087958655788706,,,,1.0
25,water_hl_gap_eV,24,1.0000001192092896,0.0,0.7087958655788706,0.7087958655788706,,,,1.0
25,water_hl_gap_eV,25,1.0000001192092896,0.0,0.7087958655788706,0.7087958655788706,,,,1.0
25,water_hl_gap_eV,26,1.0000001192092896,0.0,0.7087958655788706,0.7087958655788706,,,,1.0
25,water_hl_gap_eV,27,1.0000001192092896,0.0,0.7087958655788706,0.7087958655788706,,,,1.0
25,water_hl_gap_eV,28,1.0000001192092896,0.0,0.7087958655788706,0.7087958655788706,,,,1.0
25,water_hl_gap_eV,29,1.0000001192092896,0.0,0.7087958655788706,0.7087958655788706,,,,1.0
25,water_hl_gap_eV,30,1.0000001192092896,0.0,0.7087958655788706,0.7087958655788706,,,,1.0
25,water_hl_gap_eV,31,1.0000001192092896,0.0,0.7087958655788706,0.7087958655788706,,,,1.0
25,water_hl_gap_eV,32,1.0000001192092896,0.0,0.7087958655788706,0.7087958655788706,,,,1.0
25,water_hl_gap_eV,33,1.0000001192092896,0.0,0.7087958655788706,0.7087958655788706,,,,1.0
25,water_hl_gap_eV,34,1.0000001192092896,0.0,0.7087958655788706,0.7087958655788706,,,,1.0
25,water_hl_gap_eV,35,1.0000001192092896,0.0,0.7087958655788706,0.7087958655788706,,,,1.0
25,water_hl_gap_eV,36,1.0000001192092896,0.0,0.7087958655788706,0.7087958655788706,,,,1.0
25,water_hl_gap_eV,37,1.0000001192092896,0.0,0.7087958655788706,0.7087958655788706,,,,1.0
25,water_hl_gap_eV,38,1.0000001192092896,0.0,0.7087958655788706,0.7087958655788706,,,,1.0
25,water_hl_gap_eV,39,1.0000001192092896,0.0,0.7087958655788706,0.7087958655788706,,,,1.0
25,water_hl_gap_eV,40,1.0000001192092896,0.0,0.7087958655788706,0.7087958655788706,,,,1.0
25,water_hl_gap_eV,41,1.0000001192092896,0.0,0.7087958655788706,0.7087958655788706,,,,1.0
25,water_hl_gap_eV,42,1.0000001192092896,0.0,0.7087958655788706,0.7087958655788706,,,,1.0
25,water_hl_gap_eV,43,1.0000001192092896,0.0,0.7087958655788706,0.7087958655788706,,,,1.0
25,water_hl_gap_eV,44,1.0000001192092896,0.0,0.7087958655788706,0.7087958655788706,,,,1.0
25,water_hl_gap_eV,45,1.0000001192092896,0.0,0.7087958655788706,0.7087958655788706,,,,1.0
25,water_hl_gap_eV,46,1.0000001192092896,0.0,0.7087958655788706,0.7087958655788706,,,,1.0
25,water_hl_gap_eV,47,1.0000001192092896,0.0,0.7087958655788706,0.7087958655788706,,,,1.0
25,water_hl_gap_eV,48,1.0000001192092896,0.0,0.7087958655788706,0.7087958655788706,,,,1.0
25,water_hl_gap_eV,49,1.0000001192092896,0.0,0.7087958655788706,0.7087958655788706,,,,1.0
25,water_hl_gap_eV,50,1.0000001192092896,0.0,0.7087958655788706,0.7087958655788706,,,,1.0
25,water_hl_gap_eV,51,1.0000001192092896,0.0,0.7087958655788706,0.7087958655788706,,,,1.0
25,water_hl_gap_eV,52,1.0000001192092896,0.0,0.7087958655788706,0.7087958655788706,,,,1.0
25,water_hl_gap_eV,53,1.0000001192092896,0.0,0.7087958655788706,0.7087958655788706,,,,1.0
25,water_hl_gap_eV,54,1.0000001192092896,0.0,0.7087958655788706,0.7087958655788706,,,,1.0
25,water_hl_gap_eV,55,1.0000001192092896,0.0,0.7087958655788706,0.7087958655788706,,,,1.0
25,water_hl_gap_eV,56,1.0000001192092896,0.0,0.7087958655788706,0.7087958655788706,,,,1.0
25,water_hl_gap_eV,57,1.0000001192092896,0.0,0.7087958655788706,0.7087958655788706,,,,1.0
25,water_hl_gap_eV,58,1.0000001192092896,0.0,0.7087958655788706,0.7087958655788706,,,,1.0
25,water_hl_gap_eV,59,1.0000001192092896,0.0,0.7087958655788706,0.7087958655788706,,,,1.0
25,water_hl_gap_eV,60,1.0000001192092896,0.0,0.7087958655788706,0.7087958655788706,,,,1.0
25,water_hl_gap_eV,61,1.0000001192092896,0.0,0.7087958655788706,0.7087958655788706,,,,1.0
25,water_hl_gap_eV,62,1.0000001192092896,0.0,0.7087958655788706,0.7087958655788706,,,,1.0
25,water_hl_gap_eV,63,1.0000001192092896,0.0,0.7087958655788706,0.7087958655788706,,,,1.0
25,water_hl_gap_eV,64,1.0000001192092896,0.0,0.7087958655788706,0.7087958655788706,,,,1.0
25,water_hl_gap_eV,65,1.0000001192092896,0.0,0.7087958655788706,0.7087958655788706,,,,1.0
25,water_hl_gap_eV,66,1.0000001192092896,0.0,0.7087958655788706,0.7087958655788706,,,,1.0
25,water_hl_gap_eV,67,1.0000001192092896,0.0,0.7087958655788706,0.7087958655788706,,,,1.0
25,water_hl_gap_eV,68,1.0000001192092896,0.0,0.7087958655788706,0.7087958655788706,,,,1.0
25,water_hl_gap_eV,69,1.0000001192092896,0.0,0.7087958655788706,0.7087958655788706,,,,1.0
25,water_hl_gap_eV,70,1.0000001192092896,0.0,0.7087958655788706,0.7087958655788706,,,,1.0
25,water_hl_gap_eV,71,1.0000001192092896,0.0,0.7087958655788706,0.7087958655788706,,,,1.0
25,water_hl_gap_eV,72,1.0000001192092896,0.0,0.7087958655788706,0.7087958655788706,,,,1.0
25,water_hl_gap_eV,73,1.0000001192092896,0.0,0.7087958655788706,0.7087958655788706,,,,1.0
25,water_hl_gap_eV,74,1.0000001192092896,0.0,0.7087958655788706,0.7087958655788706,,,,1.0
25,water_hl_gap_eV,75,1.0000001192092896,0.0,0.7087958655788706,0.7087958655788706,,,,1.0
25,water_hl_gap_eV,76,1.0000001192092896,0.0,0.7087958655788706,0.7087958655788706,,,,1.0
25,water_hl_gap_eV,77,1.0000001192092896,0.0,0.7087958655788706,0.7087958655788706,,,,1.0
25,water_hl_gap_eV,78,1.0000001192092896,0.0,0.7087958655788706,0.7087958655788706,,,,1.0
25,water_hl_gap_eV,79,1.0000001192092896,0.0,0.7087958655788706,0.7087958655788706,,,,1.0
25,water_hl_gap_eV,80,1.0000001192092896,0.0,0.7087958655788706,0.7087958655788706,,,,1.0
25,water_hl_gap_eV,81,1.0000001192092896,0.0,0.7087958655788706,0.7087958655788706,,,,1.0
25,water_hl_gap_eV,82,1.0000001192092896,0.0,0.7087958655788706,0.7087958655788706,,,,1.0
25,water_hl_gap_eV,83,1.0000001192092896,0.0,0.7087958655788706,0.7087958655788706,,,,1.0
25,water_hl_gap_eV,84,1.0000001192092896,0.0,0.7087958655788706,0.7087958655788706,,,,1.0
25,water_hl_gap_eV,85,1.0000001192092896,0.0,0.7087958655788706,0.7087958655788706,,,,1.0
25,water_hl_gap_eV,86,1.0000001192092896,0.0,0.7087958655788706,0.7087958655788706,,,,1.0
25,water_hl_gap_eV,87,1.0000001192092896,0.0,0.7087958655788706,0.7087958655788706,,,,1.0
25,water_hl_gap_eV,88,1.0000001192092896,0.0,0.7087958655788706,0.7087958655788706,,,,1.0
25,water_hl_gap_eV,89,1.0000001192092896,0.0,0.7087958655788706,0.7087958655788706,,,,1.0
25,water_hl_gap_eV,90,1.0000001192092896,0.0,0.7087958655788706,0.7087958655788706,,,,1.0
25,water_hl_gap_eV,91,1.0000001192092896,0.0,0.7087958655788706,0.7087958655788706,,,,1.0
25,water_hl_gap_eV,92,1.0000001192092896,0.0,0.7087958655788706,0.7087958655788706,,,,1.0
25,water_hl_gap_eV,93,1.0000001192092896,0.0,0.7087958655788706,0.7087958655788706,,,,1.0
25,water_hl_gap_eV,94,1.0000001192092896,0.0,0.7087958655788706,0.7087958655788706,,,,1.0
25,water_hl_gap_eV,95,1.0000001192092896,0.0,0.7087958655788706,0.7087958655788706,,,,1.0
25,water_hl_gap_eV,96,1.0000001192092896,0.0,0.7087958655788706,0.7087958655788706,,,,1.0
25,water_hl_gap_eV,97,1.0000001192092896,0.0,0.7087958655788706,0.7087958655788706,,,,1.0
25,water_hl_gap_eV,98,1.0000001192092896,0.0,0.7087958655788706,0.7087958655788706,,,,1.0
25,water_hl_gap_eV,99,1.0000001192092896,0.0,0.7087958655788706,0.7087958655788706,,,,1.0
25,water_hl_gap_eV,100,1.0000001192092896,0.0,0.7087958655788706,0.7087958655788706,,,,1.0
25,water_hl_gap_eV,101,1.0000001192092896,0.0,0.7087958655788706,0.7087958655788706,,,,1.0
25,water_hl_gap_eV,102,1.0000001192092896,0.0,0.7087958655788706,0.7087958655788706,,,,1.0
25,water_hl_gap_eV,103,1.0000001192092896,0.0,0.7087958655788706,0.7087958655788706,,,,1.0
25,water_hl_gap_eV,104,1.0000001192092896,0.0,0.7087958655788706,0.7087958655788706,,,,1.0
25,water_hl_gap_eV,105,1.0000001192092896,0.0,0.7087958655788706,0.7087958655788706,,,,1.0
25,water_hl_gap_eV,106,1.0000001192092896,0.0,0.7087958655788706,0.7087958655788706,,,,1.0
25,water_hl_gap_eV,107,1.0000001192092896,0.0,0.7087958655788706,0.7087958655788706,,,,1.0
25,water_hl_gap_eV,108,1.0000001192092896,0.0,0.7087958655788706,0.7087958655788706,,,,1.0
25,water_hl_gap_eV,109,1.0000001192092896,0.0,0.7087958655788706,0.7087958655788706,,,,1.0
25,water_hl_gap_eV,110,1.0000001192092896,0.0,0.7087958655788706,0.7087958655788706,,,,1.0
25,water_hl_gap_eV,111,1.0000001192092896,0.0,0.7087958655788706,0.7087958655788706,,,,1.0
25,water_hl_gap_eV,112,1.0000001192092896,0.0,0.7087958655788706,0.7087958655788706,,,,1.0
25,water_hl_gap_eV,113,1.0000001192092896,0.0,0.7087958655788706,0.7087958655788706,,,,1.0
25,water_hl_gap_eV,114,1.0000001192092896,0.0,0.7087958655788706,0.7087958655788706,,,,1.0
25,water_hl_gap_eV,115,1.0000001192092896,0.0,0.7087958655788706,0.7087958655788706,,,,1.0
25,water_hl_gap_eV,116,1.0000001192092896,0.0,0.7087958655788706,0.7087958655788706,,,,1.0
25,water_hl_gap_eV,117,1.0000001192092896,0.0,0.7087958655788706,0.7087958655788706,,,,1.0
25,water_hl_gap_eV,118,1.0000001192092896,0.0,0.7087958655788706,0.7087958655788706,,,,1.0
25,water_hl_gap_eV,119,1.0000001192092896,0.0,0.7087958655788706,0.7087958655788706,,,,1.0
25,water_hl_gap_eV,120,1.0000001192092896,0.0,0.7087958655788706,0.7087958655788706,,,,1.0
25,water_hl_gap_eV,121,1.0000001192092896,0.0,0.7087958655788706,0.7087958655788706,,,,1.0
25,water_hl_gap_eV,122,1.0000001192092896,0.0,0.7087958655788706,0.7087958655788706,,,,1.0
25,water_hl_gap_eV,123,1.0000001192092896,0.0,0.7087958655788706,0.7087958655788706,,,,1.0
25,water_hl_gap_eV,124,1.0000001192092896,0.0,0.7087958655788706,0.7087958655788706,,,,1.0
25,water_hl_gap_eV,125,1.0000001192092896,0.0,0.7087958655788706,0.7087958655788706,,,,1.0
25,water_hl_gap_eV,126,1.0000001192092896,0.0,0.7087958655788706,0.7087958655788706,,,,1.0
25,water_hl_gap_eV,127,1.0000001192092896,0.0,0.7087958655788706,0.7087958655788706,,,,1.0
25,water_hl_gap_eV,128,1.0000001192092896,0.0,0.7087958655788706,0.7087958655788706,,,,1.0
25,water_hl_gap_eV,129,1.0000001192092896,0.0,0.7087958655788706,0.7087958655788706,,,,1.0
25,water_hl_gap_eV,130,1.0000001192092896,0.0,0.7087958655788706,0.7087958655788706,,,,1.0
25,water_hl_gap_eV,131,1.0000001192092896,0.0,0.7087958655788706,0.7087958655788706,,,,1.0
25,water_hl_gap_eV,132,1.0000001192092896,0.0,0.7087958655788706,0.7087958655788706,,,,1.0
25,water_hl_gap_eV,133,1.0000001192092896,0.0,0.7087958655788706,0.7087958655788706,,,,1.0
25,water_hl_gap_eV,134,1.0000001192092896,0.0,0.7087958655788706,0.7087958655788706,,,,1.0
25,water_hl_gap_eV,135,1.0000001192092896,0.0,0.7087958655788706,0.7087958655788706,,,,1.0
25,water_hl_gap_eV,136,1.0000001192092896,0.0,0.7087958655788706,0.7087958655788706,,,,1.0
25,water_hl_gap_eV,137,1.0000001192092896,0.0,0.7087958655788706,0.7087958655788706,,,,1.0
25,water_hl_gap_eV,138,1.0000001192092896,0.0,0.7087958655788706,0.7087958655788706,,,,1.0
25,water_hl_gap_eV,139,1.0000001192092896,0.0,0.7087958655788706,0.7087958655788706,,,,1.0
25,water_hl_gap_eV,140,1.0000001192092896,0.0,0.7087958655788706,0.7087958655788706,,,,1.0
25,water_hl_gap_eV,141,1.0000001192092896,0.0,0.7087958655788706,0.7087958655788706,,,,1.0
25,water_hl_gap_eV,142,1.0000001192092896,0.0,0.7087958655788706,0.7087958655788706,,,,1.0
25,water_hl_gap_eV,143,1.0000001192092896,0.0,0.7087958655788706,0.7087958655788706,,,,1.0
25,water_hl_gap_eV,144,1.0000001192092896,0.0,0.7087958655788706,0.7087958655788706,,,,1.0
25,water_hl_gap_eV,145,1.0000001192092896,0.0,0.7087958655788706,0.7087958655788706,,,,1.0
25,water_hl_gap_eV,146,1.0000001192092896,0.0,0.7087958655788706,0.7087958655788706,,,,1.0
25,water_hl_gap_eV,147,1.0000001192092896,0.0,0.7087958655788706,0.7087958655788706,,,,1.0
25,water_hl_gap_eV,148,1.0000001192092896,0.0,0.7087958655788706,0.7087958655788706,,,,1.0
25,water_hl_gap_eV,149,1.0000001192092896,0.0,0.7087958655788706,0.7087958655788706,,,,1.0
25,water_hl_gap_eV,150,1.0000001192092896,0.0,0.7087958655788706,0.7087958655788706,,,,1.0
25,water_hl_gap_eV,151,1.0000001192092896,0.0,0.7087958655788706,0.7087958655788706,,,,1.0
25,water_hl_gap_eV,152,1.0000001192092896,0.0,0.7087958655788706,0.7087958655788706,,,,1.0
25,water_hl_gap_eV,153,1.0000001192092896,0.0,0.7087958655788706,0.7087958655788706,,,,1.0
25,water_hl_gap_eV,154,1.0000001192092896,0.0,0.7087958655788706,0.7087958655788706,,,,1.0
25,water_hl_gap_eV,155,1.0000001192092896,0.0,0.7087958655788706,0.7087958655788706,,,,1.0
25,water_hl_gap_eV,156,1.0000001192092896,0.0,0.7087958655788706,0.7087958655788706,,,,1.0
25,water_hl_gap_eV,157,1.0000001192092896,0.0,0.7087958655788706,0.7087958655788706,,,,1.0
25,water_hl_gap_eV,158,1.0000001192092896,0.0,0.7087958655788706,0.7087958655788706,,,,1.0
25,water_hl_gap_eV,159,1.0000001192092896,0.0,0.7087958655788706,0.7087958655788706,,,,1.0
25,water_hl_gap_eV,160,1.0000001192092896,0.0,0.7087958655788706,0.7087958655788706,,,,1.0
25,water_hl_gap_eV,161,1.0000001192092896,0.0,0.7087958655788706,0.7087958655788706,,,,1.0
25,water_hl_gap_eV,162,1.0000001192092896,0.0,0.7087958655788706,0.7087958655788706,,,,1.0
25,water_hl_gap_eV,163,1.0000001192092896,0.0,0.7087958655788706,0.7087958655788706,,,,1.0
25,water_hl_gap_eV,164,1.0000001192092896,0.0,0.7087958655788706,0.7087958655788706,,,,1.0
25,water_hl_gap_eV,165,1.0000001192092896,0.0,0.7087958655788706,0.7087958655788706,,,,1.0
25,water_hl_gap_eV,166,1.0000001192092896,0.0,0.7087958655788706,0.7087958655788706,,,,1.0
25,water_hl_gap_eV,167,1.0000001192092896,0.0,0.7087958655788706,0.7087958655788706,,,,1.0
25,water_hl_gap_eV,168,1.0000001192092896,0.0,0.7087958655788706,0.7087958655788706,,,,1.0
25,water_hl_gap_eV,169,1.0000001192092896,0.0,0.7087958655788706,0.7087958655788706,,,,1.0
25,water_hl_gap_eV,170,1.0000001192092896,0.0,0.7087958655788706,0.7087958655788706,,,,1.0
25,water_hl_gap_eV,171,1.0000001192092896,0.0,0.7087958655788706,0.7087958655788706,,,,1.0
25,water_hl_gap_eV,172,1.0000001192092896,0.0,0.7087958655788706,0.7087958655788706,,,,1.0
25,water_hl_gap_eV,173,1.0000001192092896,0.0,0.7087958655788706,0.7087958655788706,,,,1.0
25,water_hl_gap_eV,174,1.0000001192092896,0.0,0.7087958655788706,0.7087958655788706,,,,1.0
25,water_hl_gap_eV,175,1.0000001192092896,0.0,0.7087958655788706,0.7087958655788706,,,,1.0
25,water_hl_gap_eV,176,1.0000001192092896,0.0,0.7087958655788706,0.7087958655788706,,,,1.0
25,water_hl_gap_eV,177,1.0000001192092896,0.0,0.7087958655788706,0.7087958655788706,,,,1.0
25,water_hl_gap_eV,178,1.0000001192092896,0.0,0.7087958655788706,0.7087958655788706,,,,1.0
25,water_hl_gap_eV,179,1.0000001192092896,0.0,0.7087958655788706,0.7087958655788706,,,,1.0
25,water_hl_gap_eV,180,1.0000001192092896,0.0,0.7087958655788706,0.7087958655788706,,,,1.0
25,water_hl_gap_eV,181,1.0000001192092896,0.0,0.7087958655788706,0.7087958655788706,,,,1.0
25,water_hl_gap_eV,182,1.0000001192092896,0.0,0.7087958655788706,0.7087958655788706,,,,1.0
25,water_hl_gap_eV,183,1.0000001192092896,0.0,0.7087958655788706,0.7087958655788706,,,,1.0
25,water_hl_gap_eV,184,1.0000001192092896,0.0,0.7087958655788706,0.7087958655788706,,,,1.0
25,water_hl_gap_eV,185,1.0000001192092896,0.0,0.7087958655788706,0.7087958655788706,,,,1.0
25,water_hl_gap_eV,186,1.0000001192092896,0.0,0.7087958655788706,0.7087958655788706,,,,1.0
25,water_hl_gap_eV,187,1.0000001192092896,0.0,0.7087958655788706,0.7087958655788706,,,,1.0
25,water_hl_gap_eV,188,1.0000001192092896,0.0,0.7087958655788706,0.7087958655788706,,,,1.0
25,water_hl_gap_eV,189,1.0000001192092896,0.0,0.7087958655788706,0.7087958655788706,,,,1.0
25,water_hl_gap_eV,190,1.0000001192092896,0.0,0.7087958655788706,0.7087958655788706,,,,1.0
25,water_hl_gap_eV,191,1.0000001192092896,0.0,0.7087958655788706,0.7087958655788706,,,,1.0
25,water_hl_gap_eV,192,1.0000001192092896,0.0,0.7087958655788706,0.7087958655788706,,,,1.0
25,water_hl_gap_eV,193,1.0000001192092896,0.0,0.7087958655788706,0.7087958655788706,,,,1.0
25,water_hl_gap_eV,194,1.0000001192092896,0.0,0.7087958655788706,0.7087958655788706,,,,1.0
25,water_hl_gap_eV,195,1.0000001192092896,0.0,0.7087958655788706,0.7087958655788706,,,,1.0
25,water_hl_gap_eV,196,1.0000001192092896,0.0,0.7087958655788706,0.7087958655788706,,,,1.0
25,water_hl_gap_eV,197,1.0000001192092896,0.0,0.7087958655788706,0.7087958655788706,,,,1.0
25,water_hl_gap_eV,198,1.0000001192092896,0.0,0.7087958655788706,0.7087958655788706,,,,1.0
25,water_hl_gap_eV,199,1.0000001192092896,0.0,0.7087958655788706,0.7087958655788706,,,,1.0
25,water_hl_gap_eV,200,1.0000001192092896,0.0,0.7087958655788706,0.7087958655788706,,,,1.0
25,water_hl_gap_eV,201,1.0000001192092896,0.0,0.7087958655788706,0.7087958655788706,,,,1.0
25,water_hl_gap_eV,202,1.0000001192092896,0.0,0.7087958655788706,0.7087958655788706,,,,1.0
25,water_hl_gap_eV,203,1.0000001192092896,0.0,0.7087958655788706,0.7087958655788706,,,,1.0
25,water_hl_gap_eV,204,1.0000001192092896,0.0,0.7087958655788706,0.7087958655788706,,,,1.0
25,water_hl_gap_eV,205,1.0000001192092896,0.0,0.7087958655788706,0.7087958655788706,,,,1.0
25,water_hl_gap_eV,206,1.0000001192092896,0.0,0.7087958655788706,0.7087958655788706,,,,1.0
25,water_hl_gap_eV,207,1.0000001192092896,0.0,0.7087958655788706,0.7087958655788706,,,,1.0
25,water_hl_gap_eV,208,1.0000001192092896,0.0,0.7087958655788706,0.7087958655788706,,,,1.0
25,water_hl_gap_eV,209,1.0000001192092896,0.0,0.7087958655788706,0.7087958655788706,,,,1.0
25,water_hl_gap_eV,210,1.0000001192092896,0.0,0.7087958655788706,0.7087958655788706,,,,1.0
25,water_hl_gap_eV,211,1.0000001192092896,0.0,0.7087958655788706,0.7087958655788706,,,,1.0
25,water_hl_gap_eV,212,1.0000001192092896,0.0,0.7087958655788706,0.7087958655788706,,,,1.0
25,water_hl_gap_eV,213,1.0000001192092896,0.0,0.7087958655788706,0.7087958655788706,,,,1.0
25,water_hl_gap_eV,214,1.0000001192092896,0.0,0.7087958655788706,0.7087958655788706,,,,1.0
25,water_hl_gap_eV,215,1.0000001192092896,0.0,0.7087958655788706,0.7087958655788706,,,,1.0
25,water_hl_gap_eV,216,1.0000001192092896,0.0,0.7087958655788706,0.7087958655788706,,,,1.0
25,water_hl_gap_eV,217,1.0000001192092896,0.0,0.7087958655788706,0.7087958655788706,,,,1.0
25,water_hl_gap_eV,218,1.0000001192092896,0.0,0.7087958655788706,0.7087958655788706,,,,1.0
25,water_hl_gap_eV,219,1.0000001192092896,0.0,0.7087958655788706,0.7087958655788706,,,,1.0
25,water_hl_gap_eV,220,1.0000001192092896,0.0,0.7087958655788706,0.7087958655788706,,,,1.0
25,water_hl_gap_eV,221,1.0000001192092896,0.0,0.7087958655788706,0.7087958655788706,,,,1.0
25,water_hl_gap_eV,222,1.0000001192092896,0.0,0.7087958655788706,0.7087958655788706,,,,1.0
25,water_hl_gap_eV,223,1.0000001192092896,0.0,0.7087958655788706,0.7087958655788706,,,,1.0
25,water_hl_gap_eV,224,1.0000001192092896,0.0,0.7087958655788706,0.7087958655788706,,,,1.0
25,water_hl_gap_eV,225,1.0000001192092896,0.0,0.7087958655788706,0.7087958655788706,,,,1.0
25,water_hl_gap_eV,226,1.0000001192092896,0.0,0.7087958655788706,0.7087958655788706,,,,1.0
25,water_hl_gap_eV,227,1.0000001192092896,0.0,0.7087958655788706,0.7087958655788706,,,,1.0
25,water_hl_gap_eV,228,1.0000001192092896,0.0,0.7087958655788706,0.7087958655788706,,,,1.0
25,water_hl_gap_eV,229,1.0000001192092896,0.0,0.7087958655788706,0.7087958655788706,,,,1.0
25,water_hl_gap_eV,230,1.0000001192092896,0.0,0.7087958655788706,0.7087958655788706,,,,1.0
25,water_hl_gap_eV,231,1.0000001192092896,0.0,0.7087958655788706,0.7087958655788706,,,,1.0
25,water_hl_gap_eV,232,1.0000001192092896,0.0,0.7087958655788706,0.7087958655788706,,,,1.0
25,water_hl_gap_eV,233,1.0000001192092896,0.0,0.7087958655788706,0.7087958655788706,,,,1.0
25,water_hl_gap_eV,234,1.0000001192092896,0.0,0.7087958655788706,0.7087958655788706,,,,1.0
25,water_hl_gap_eV,235,1.0000001192092896,0.0,0.7087958655788706,0.7087958655788706,,,,1.0
25,water_hl_gap_eV,236,1.0000001192092896,0.0,0.7087958655788706,0.7087958655788706,,,,1.0
25,water_hl_gap_eV,237,1.0000001192092896,0.0,0.7087958655788706,0.7087958655788706,,,,1.0
25,water_hl_gap_eV,238,1.0000001192092896,0.0,0.7087958655788706,0.7087958655788706,,,,1.0
25,water_hl_gap_eV,239,1.0000001192092896,0.0,0.7087958655788706,0.7087958655788706,,,,1.0
25,water_hl_gap_eV,240,1.0000001192092896,0.0,0.7087958655788706,0.7087958655788706,,,,1.0
25,water_hl_gap_eV,241,1.0000001192092896,0.0,0.7087958655788706,0.7087958655788706,,,,1.0
25,water_hl_gap_eV,242,1.0000001192092896,0.0,0.7087958655788706,0.7087958655788706,,,,1.0
25,water_hl_gap_eV,243,1.0000001192092896,0.0,0.7087958655788706,0.7087958655788706,,,,1.0
25,water_hl_gap_eV,244,1.0000001192092896,0.0,0.7087958655788706,0.7087958655788706,,,,1.0
25,water_hl_gap_eV,245,1.0000001192092896,0.0,0.7087958655788706,0.7087958655788706,,,,1.0
25,water_hl_gap_eV,246,1.0000001192092896,0.0,0.7087958655788706,0.7087958655788706,,,,1.0
25,water_hl_gap_eV,247,1.0000001192092896,0.0,0.7087958655788706,0.7087958655788706,,,,1.0
25,water_hl_gap_eV,248,1.0000001192092896,0.0,0.7087958655788706,0.7087958655788706,,,,1.0
25,water_hl_gap_eV,249,1.0000001192092896,0.0,0.7087958655788706,0.7087958655788706,,,,1.0
25,water_dipole,0,1.0000001192092896,0.0,0.6066970795012903,0.6066970795012903,,,,1.0
25,water_dipole,1,1.0000001192092896,0.0,0.6066970795012903,0.6066970795012903,,,,1.0
25,water_dipole,2,1.0000001192092896,0.0,0.6066970795012903,0.6066970795012903,,,,1.0
25,water_dipole,3,1.0000001192092896,0.0,0.6066970795012903,0.6066970795012903,,,,1.0
25,water_dipole,4,1.0000001192092896,0.0,0.6066970795012903,0.6066970795012903,,,,1.0
25,water_dipole,5,1.0000001192092896,0.0,0.6066970795012903,0.6066970795012903,,,,1.0
25,water_dipole,6,1.0000001192092896,0.0,0.6066970795012903,0.6066970795012903,,,,1.0
25,water_dipole,7,1.0000001192092896,0.0,0.6066970795012903,0.6066970795012903,,,,1.0
25,water_dipole,8,1.0000001192092896,0.0,0.6066970795012903,0.6066970795012903,,,,1.0
25,water_dipole,9,1.0000001192092896,0.0,0.6066970795012903,0.6066970795012903,,,,1.0
25,water_dipole,10,1.0000001192092896,0.0,0.6066970795012903,0.6066970795012903,,,,1.0
25,water_dipole,11,1.0000001192092896,0.0,0.6066970795012903,0.6066970795012903,,,,1.0
25,water_dipole,12,1.0000001192092896,0.0,0.6066970795012903,0.6066970795012903,,,,1.0
25,water_dipole,13,1.0000001192092896,0.0,0.6066970795012903,0.6066970795012903,,,,1.0
25,water_dipole,14,1.0000001192092896,0.0,0.6066970795012903,0.6066970795012903,,,,1.0
25,water_dipole,15,1.0000001192092896,0.0,0.6066970795012903,0.6066970795012903,,,,1.0
25,water_dipole,16,1.0000001192092896,0.0,0.6066970795012903,0.6066970795012903,,,,1.0
25,water_dipole,17,1.0000001192092896,0.0,0.6066970795012903,0.6066970795012903,,,,1.0
25,water_dipole,18,1.0000001192092896,0.0,0.6066970795012903,0.6066970795012903,,,,1.0
25,water_dipole,19,1.0000001192092896,0.0,0.6066970795012903,0.6066970795012903,,,,1.0
25,water_dipole,20,1.0000001192092896,0.0,0.6066970795012903,0.6066970795012903,,,,1.0
25,water_dipole,21,1.0000001192092896,0.0,0.6066970795012903,0.6066970795012903,,,,1.0
25,water_dipole,22,1.0000001192092896,0.0,0.6066970795012903,0.6066970795012903,,,,1.0
25,water_dipole,23,1.0000001192092896,0.0,0.6066970795012903,0.6066970795012903,,,,1.0
25,water_dipole,24,1.0000001192092896,0.0,0.6066970795012903,0.6066970795012903,,,,1.0
25,water_dipole,25,1.0000001192092896,0.0,0.6066970795012903,0.6066970795012903,,,,1.0
25,water_dipole,26,1.0000001192092896,0.0,0.6066970795012903,0.6066970795012903,,,,1.0
25,water_dipole,27,1.0000001192092896,0.0,0.6066970795012903,0.6066970795012903,,,,1.0
25,water_dipole,28,1.0000001192092896,0.0,0.6066970795012903,0.6066970795012903,,,,1.0
25,water_dipole,29,1.0000001192092896,0.0,0.6066970795012903,0.6066970795012903,,,,1.0
25,water_dipole,30,1.0000001192092896,0.0,0.6066970795012903,0.6066970795012903,,,,1.0
25,water_dipole,31,1.0000001192092896,0.0,0.6066970795012903,0.6066970795012903,,,,1.0
25,water_dipole,32,1.0000001192092896,0.0,0.6066970795012903,0.6066970795012903,,,,1.0
25,water_dipole,33,1.0000001192092896,0.0,0.6066970795012903,0.6066970795012903,,,,1.0
25,water_dipole,34,1.0000001192092896,0.0,0.6066970795012903,0.6066970795012903,,,,1.0
25,water_dipole,35,1.0000001192092896,0.0,0.6066970795012903,0.6066970795012903,,,,1.0
25,water_dipole,36,1.0000001192092896,0.0,0.6066970795012903,0.6066970795012903,,,,1.0
25,water_dipole,37,1.0000001192092896,0.0,0.6066970795012903,0.6066970795012903,,,,1.0
25,water_dipole,38,1.0000001192092896,0.0,0.6066970795012903,0.6066970795012903,,,,1.0
25,water_dipole,39,1.0000001192092896,0.0,0.6066970795012903,0.6066970795012903,,,,1.0
25,water_dipole,40,1.0000001192092896,0.0,0.6066970795012903,0.6066970795012903,,,,1.0
25,water_dipole,41,1.0000001192092896,0.0,0.6066970795012903,0.6066970795012903,,,,1.0
25,water_dipole,42,1.0000001192092896,0.0,0.6066970795012903,0.6066970795012903,,,,1.0
25,water_dipole,43,1.0000001192092896,0.0,0.6066970795012903,0.6066970795012903,,,,1.0
25,water_dipole,44,1.0000001192092896,0.0,0.6066970795012903,0.6066970795012903,,,,1.0
25,water_dipole,45,1.0000001192092896,0.0,0.6066970795012903,0.6066970795012903,,,,1.0
25,water_dipole,46,1.0000001192092896,0.0,0.6066970795012903,0.6066970795012903,,,,1.0
25,water_dipole,47,1.0000001192092896,0.0,0.6066970795012903,0.6066970795012903,,,,1.0
25,water_dipole,48,1.0000001192092896,0.0,0.6066970795012903,0.6066970795012903,,,,1.0
25,water_dipole,49,1.0000001192092896,0.0,0.6066970795012903,0.6066970795012903,,,,1.0
25,water_dipole,50,1.0000001192092896,0.0,0.6066970795012903,0.6066970795012903,,,,1.0
25,water_dipole,51,1.0000001192092896,0.0,0.6066970795012903,0.6066970795012903,,,,1.0
25,water_dipole,52,1.0000001192092896,0.0,0.6066970795012903,0.6066970795012903,,,,1.0
25,water_dipole,53,1.0000001192092896,0.0,0.6066970795012903,0.6066970795012903,,,,1.0
25,water_dipole,54,1.0000001192092896,0.0,0.6066970795012903,0.6066970795012903,,,,1.0
25,water_dipole,55,1.0000001192092896,0.0,0.6066970795012903,0.6066970795012903,,,,1.0
25,water_dipole,56,1.0000001192092896,0.0,0.6066970795012903,0.6066970795012903,,,,1.0
25,water_dipole,57,1.0000001192092896,0.0,0.6066970795012903,0.6066970795012903,,,,1.0
25,water_dipole,58,1.0000001192092896,0.0,0.6066970795012903,0.6066970795012903,,,,1.0
25,water_dipole,59,1.0000001192092896,0.0,0.6066970795012903,0.6066970795012903,,,,1.0
25,water_dipole,60,1.0000001192092896,0.0,0.6066970795012903,0.6066970795012903,,,,1.0
25,water_dipole,61,1.0000001192092896,0.0,0.6066970795012903,0.6066970795012903,,,,1.0
25,water_dipole,62,1.0000001192092896,0.0,0.6066970795012903,0.6066970795012903,,,,1.0
25,water_dipole,63,1.0000001192092896,0.0,0.6066970795012903,0.6066970795012903,,,,1.0
25,water_dipole,64,1.0000001192092896,0.0,0.6066970795012903,0.6066970795012903,,,,1.0
25,water_dipole,65,1.0000001192092896,0.0,0.6066970795012903,0.6066970795012903,,,,1.0
25,water_dipole,66,1.0000001192092896,0.0,0.6066970795012903,0.6066970795012903,,,,1.0
25,water_dipole,67,1.0000001192092896,0.0,0.6066970795012903,0.6066970795012903,,,,1.0
25,water_dipole,68,1.0000001192092896,0.0,0.6066970795012903,0.6066970795012903,,,,1.0
25,water_dipole,69,1.0000001192092896,0.0,0.6066970795012903,0.6066970795012903,,,,1.0
25,water_dipole,70,1.0000001192092896,0.0,0.6066970795012903,0.6066970795012903,,,,1.0
25,water_dipole,71,1.0000001192092896,0.0,0.6066970795012903,0.6066970795012903,,,,1.0
25,water_dipole,72,1.0000001192092896,0.0,0.6066970795012903,0.6066970795012903,,,,1.0
25,water_dipole,73,1.0000001192092896,0.0,0.6066970795012903,0.6066970795012903,,,,1.0
25,water_dipole,74,1.0000001192092896,0.0,0.6066970795012903,0.6066970795012903,,,,1.0
25,water_dipole,75,1.0000001192092896,0.0,0.6066970795012903,0.6066970795012903,,,,1.0
25,water_dipole,76,1.0000001192092896,0.0,0.6066970795012903,0.6066970795012903,,,,1.0
25,water_dipole,77,1.0000001192092896,0.0,0.6066970795012903,0.6066970795012903,,,,1.0
25,water_dipole,78,1.0000001192092896,0.0,0.6066970795012903,0.6066970795012903,,,,1.0
25,water_dipole,79,1.0000001192092896,0.0,0.6066970795012903,0.6066970795012903,,,,1.0
25,water_dipole,80,1.0000001192092896,0.0,0.6066970795012903,0.6066970795012903,,,,1.0
25,water_dipole,81,1.0000001192092896,0.0,0.6066970795012903,0.6066970795012903,,,,1.0
25,water_dipole,82,1.0000001192092896,0.0,0.6066970795012903,0.6066970795012903,,,,1.0
25,water_dipole,83,1.0000001192092896,0.0,0.6066970795012903,0.6066970795012903,,,,1.0
25,water_dipole,84,1.0000001192092896,0.0,0.6066970795012903,0.6066970795012903,,,,1.0
25,water_dipole,85,1.0000001192092896,0.0,0.6066970795012903,0.6066970795012903,,,,1.0
25,water_dipole,86,1.0000001192092896,0.0,0.6066970795012903,0.6066970795012903,,,,1.0
25,water_dipole,87,1.0000001192092896,0.0,0.6066970795012903,0.6066970795012903,,,,1.0
25,water_dipole,88,1.0000001192092896,0.0,0.6066970795012903,0.6066970795012903,,,,1.0
25,water_dipole,89,1.0000001192092896,0.0,0.6066970795012903,0.6066970795012903,,,,1.0
25,water_dipole,90,1.0000001192092896,0.0,0.6066970795012903,0.6066970795012903,,,,1.0
25,water_dipole,91,1.0000001192092896,0.0,0.6066970795012903,0.6066970795012903,,,,1.0
25,water_dipole,92,1.0000001192092896,0.0,0.6066970795012903,0.6066970795012903,,,,1.0
25,water_dipole,93,1.0000001192092896,0.0,0.6066970795012903,0.6066970795012903,,,,1.0
25,water_dipole,94,1.0000001192092896,0.0,0.6066970795012903,0.6066970795012903,,,,1.0
25,water_dipole,95,1.0000001192092896,0.0,0.6066970795012903,0.6066970795012903,,,,1.0
25,water_dipole,96,1.0000001192092896,0.0,0.6066970795012903,0.6066970795012903,,,,1.0
25,water_dipole,97,1.0000001192092896,0.0,0.6066970795012903,0.6066970795012903,,,,1.0
25,water_dipole,98,1.0000001192092896,0.0,0.6066970795012903,0.6066970795012903,,,,1.0
25,water_dipole,99,1.0000001192092896,0.0,0.6066970795012903,0.6066970795012903,,,,1.0
25,water_dipole,100,1.0000001192092896,0.0,0.6066970795012903,0.6066970795012903,,,,1.0
25,water_dipole,101,1.0000001192092896,0.0,0.6066970795012903,0.6066970795012903,,,,1.0
25,water_dipole,102,1.0000001192092896,0.0,0.6066970795012903,0.6066970795012903,,,,1.0
25,water_dipole,103,1.0000001192092896,0.0,0.6066970795012903,0.6066970795012903,,,,1.0
25,water_dipole,104,1.0000001192092896,0.0,0.6066970795012903,0.6066970795012903,,,,1.0
25,water_dipole,105,1.0000001192092896,0.0,0.6066970795012903,0.6066970795012903,,,,1.0
25,water_dipole,106,1.0000001192092896,0.0,0.6066970795012903,0.6066970795012903,,,,1.0
25,water_dipole,107,1.0000001192092896,0.0,0.6066970795012903,0.6066970795012903,,,,1.0
25,water_dipole,108,1.0000001192092896,0.0,0.6066970795012903,0.6066970795012903,,,,1.0
25,water_dipole,109,1.0000001192092896,0.0,0.6066970795012903,0.6066970795012903,,,,1.0
25,water_dipole,110,1.0000001192092896,0.0,0.6066970795012903,0.6066970795012903,,,,1.0
25,water_dipole,111,1.0000001192092896,0.0,0.6066970795012903,0.6066970795012903,,,,1.0
25,water_dipole,112,1.0000001192092896,0.0,0.6066970795012903,0.6066970795012903,,,,1.0
25,water_dipole,113,1.0000001192092896,0.0,0.6066970795012903,0.6066970795012903,,,,1.0
25,water_dipole,114,1.0000001192092896,0.0,0.6066970795012903,0.6066970795012903,,,,1.0
25,water_dipole,115,1.0000001192092896,0.0,0.6066970795012903,0.6066970795012903,,,,1.0
25,water_dipole,116,1.0000001192092896,0.0,0.6066970795012903,0.6066970795012903,,,,1.0
25,water_dipole,117,1.0000001192092896,0.0,0.6066970795012903,0.6066970795012903,,,,1.0
25,water_dipole,118,1.0000001192092896,0.0,0.6066970795012903,0.6066970795012903,,,,1.0
25,water_dipole,119,1.0000001192092896,0.0,0.6066970795012903,0.6066970795012903,,,,1.0
25,water_dipole,120,1.0000001192092896,0.0,0.6066970795012903,0.6066970795012903,,,,1.0
25,water_dipole,121,1.0000001192092896,0.0,0.6066970795012903,0.6066970795012903,,,,1.0
25,water_dipole,122,1.0000001192092896,0.0,0.6066970795012903,0.6066970795012903,,,,1.0
25,water_dipole,123,1.0000001192092896,0.0,0.6066970795012903,0.6066970795012903,,,,1.0
25,water_dipole,124,1.0000001192092896,0.0,0.6066970795012903,0.6066970795012903,,,,1.0
25,water_dipole,125,1.0000001192092896,0.0,0.6066970795012903,0.6066970795012903,,,,1.0
25,water_dipole,126,1.0000001192092896,0.0,0.6066970795012903,0.6066970795012903,,,,1.0
25,water_dipole,127,1.0000001192092896,0.0,0.6066970795012903,0.6066970795012903,,,,1.0
25,water_dipole,128,1.0000001192092896,0.0,0.6066970795012903,0.6066970795012903,,,,1.0
25,water_dipole,129,1.0000001192092896,0.0,0.6066970795012903,0.6066970795012903,,,,1.0
25,water_dipole,130,1.0000001192092896,0.0,0.6066970795012903,0.6066970795012903,,,,1.0
25,water_dipole,131,1.0000001192092896,0.0,0.6066970795012903,0.6066970795012903,,,,1.0
25,water_dipole,132,1.0000001192092896,0.0,0.6066970795012903,0.6066970795012903,,,,1.0
25,water_dipole,133,1.0000001192092896,0.0,0.6066970795012903,0.6066970795012903,,,,1.0
25,water_dipole,134,1.0000001192092896,0.0,0.6066970795012903,0.6066970795012903,,,,1.0
25,water_dipole,135,1.0000001192092896,0.0,0.6066970795012903,0.6066970795012903,,,,1.0
25,water_dipole,136,1.0000001192092896,0.0,0.6066970795012903,0.6066970795012903,,,,1.0
25,water_dipole,137,1.0000001192092896,0.0,0.6066970795012903,0.6066970795012903,,,,1.0
25,water_dipole,138,1.0000001192092896,0.0,0.6066970795012903,0.6066970795012903,,,,1.0
25,water_dipole,139,1.0000001192092896,0.0,0.6066970795012903,0.6066970795012903,,,,1.0
25,water_dipole,140,1.0000001192092896,0.0,0.6066970795012903,0.6066970795012903,,,,1.0
25,water_dipole,141,1.0000001192092896,0.0,0.6066970795012903,0.6066970795012903,,,,1.0
25,water_dipole,142,1.0000001192092896,0.0,0.6066970795012903,0.6066970795012903,,,,1.0
25,water_dipole,143,1.0000001192092896,0.0,0.6066970795012903,0.6066970795012903,,,,1.0
25,water_dipole,144,1.0000001192092896,0.0,0.6066970795012903,0.6066970795012903,,,,1.0
25,water_dipole,145,1.0000001192092896,0.0,0.6066970795012903,0.6066970795012903,,,,1.0
25,water_dipole,146,1.0000001192092896,0.0,0.6066970795012903,0.6066970795012903,,,,1.0
25,water_dipole,147,1.0000001192092896,0.0,0.6066970795012903,0.6066970795012903,,,,1.0
25,water_dipole,148,1.0000001192092896,0.0,0.6066970795012903,0.6066970795012903,,,,1.0
25,water_dipole,149,1.0000001192092896,0.0,0.6066970795012903,0.6066970795012903,,,,1.0
25,water_dipole,150,1.0000001192092896,0.0,0.6066970795012903,0.6066970795012903,,,,1.0
25,water_dipole,151,1.0000001192092896,0.0,0.6066970795012903,0.6066970795012903,,,,1.0
25,water_dipole,152,1.0000001192092896,0.0,0.6066970795012903,0.6066970795012903,,,,1.0
25,water_dipole,153,1.0000001192092896,0.0,0.6066970795012903,0.6066970795012903,,,,1.0
25,water_dipole,154,1.0000001192092896,0.0,0.6066970795012903,0.6066970795012903,,,,1.0
25,water_dipole,155,1.0000001192092896,0.0,0.6066970795012903,0.6066970795012903,,,,1.0
25,water_dipole,156,1.0000001192092896,0.0,0.6066970795012903,0.6066970795012903,,,,1.0
25,water_dipole,157,1.0000001192092896,0.0,0.6066970795012903,0.6066970795012903,,,,1.0
25,water_dipole,158,1.0000001192092896,0.0,0.6066970795012903,0.6066970795012903,,,,1.0
25,water_dipole,159,1.0000001192092896,0.0,0.6066970795012903,0.6066970795012903,,,,1.0
25,water_dipole,160,1.0000001192092896,0.0,0.6066970795012903,0.6066970795012903,,,,1.0
25,water_dipole,161,1.0000001192092896,0.0,0.6066970795012903,0.6066970795012903,,,,1.0
25,water_dipole,162,1.0000001192092896,0.0,0.6066970795012903,0.6066970795012903,,,,1.0
25,water_dipole,163,1.0000001192092896,0.0,0.6066970795012903,0.6066970795012903,,,,1.0
25,water_dipole,164,1.0000001192092896,0.0,0.6066970795012903,0.6066970795012903,,,,1.0
25,water_dipole,165,1.0000001192092896,0.0,0.6066970795012903,0.6066970795012903,,,,1.0
25,water_dipole,166,1.0000001192092896,0.0,0.6066970795012903,0.6066970795012903,,,,1.0
25,water_dipole,167,1.0000001192092896,0.0,0.6066970795012903,0.6066970795012903,,,,1.0
25,water_dipole,168,1.0000001192092896,0.0,0.6066970795012903,0.6066970795012903,,,,1.0
25,water_dipole,169,1.0000001192092896,0.0,0.6066970795012903,0.6066970795012903,,,,1.0
25,water_dipole,170,1.0000001192092896,0.0,0.6066970795012903,0.6066970795012903,,,,1.0
25,water_dipole,171,1.0000001192092896,0.0,0.6066970795012903,0.6066970795012903,,,,1.0
25,water_dipole,172,1.0000001192092896,0.0,0.6066970795012903,0.6066970795012903,,,,1.0
25,water_dipole,173,1.0000001192092896,0.0,0.6066970795012903,0.6066970795012903,,,,1.0
25,water_dipole,174,1.0000001192092896,0.0,0.6066970795012903,0.6066970795012903,,,,1.0
25,water_dipole,175,1.0000001192092896,0.0,0.6066970795012903,0.6066970795012903,,,,1.0
25,water_dipole,176,1.0000001192092896,0.0,0.6066970795012903,0.6066970795012903,,,,1.0
25,water_dipole,177,1.0000001192092896,0.0,0.6066970795012903,0.6066970795012903,,,,1.0
25,water_dipole,178,1.0000001192092896,0.0,0.6066970795012903,0.6066970795012903,,,,1.0
25,water_dipole,179,1.0000001192092896,0.0,0.6066970795012903,0.6066970795012903,,,,1.0
25,water_dipole,180,1.0000001192092896,0.0,0.6066970795012903,0.6066970795012903,,,,1.0
25,water_dipole,181,1.0000001192092896,0.0,0.6066970795012903,0.6066970795012903,,,,1.0
25,water_dipole,182,1.0000001192092896,0.0,0.6066970795012903,0.6066970795012903,,,,1.0
25,water_dipole,183,1.0000001192092896,0.0,0.6066970795012903,0.6066970795012903,,,,1.0
25,water_dipole,184,1.0000001192092896,0.0,0.6066970795012903,0.6066970795012903,,,,1.0
25,water_dipole,185,1.0000001192092896,0.0,0.6066970795012903,0.6066970795012903,,,,1.0
25,water_dipole,186,1.0000001192092896,0.0,0.6066970795012903,0.6066970795012903,,,,1.0
25,water_dipole,187,1.0000001192092896,0.0,0.6066970795012903,0.6066970795012903,,,,1.0
25,water_dipole,188,1.0000001192092896,0.0,0.6066970795012903,0.6066970795012903,,,,1.0
25,water_dipole,189,1.0000001192092896,0.0,0.6066970795012903,0.6066970795012903,,,,1.0
25,water_dipole,190,1.0000001192092896,0.0,0.6066970795012903,0.6066970795012903,,,,1.0
25,water_dipole,191,1.0000001192092896,0.0,0.6066970795012903,0.6066970795012903,,,,1.0
25,water_dipole,192,1.0000001192092896,0.0,0.6066970795012903,0.6066970795012903,,,,1.0
25,water_dipole,193,1.0000001192092896,0.0,0.6066970795012903,0.6066970795012903,,,,1.0
25,water_dipole,194,1.0000001192092896,0.0,0.6066970795012903,0.6066970795012903,,,,1.0
25,water_dipole,195,1.0000001192092896,0.0,0.6066970795012903,0.6066970795012903,,,,1.0
25,water_dipole,196,1.0000001192092896,0.0,0.6066970795012903,0.6066970795012903,,,,1.0
25,water_dipole,197,1.0000001192092896,0.0,0.6066970795012903,0.6066970795012903,,,,1.0
25,water_dipole,198,1.0000001192092896,0.0,0.6066970795012903,0.6066970795012903,,,,1.0
25,water_dipole,199,1.0000001192092896,0.0,0.6066970795012903,0.6066970795012903,,,,1.0
25,water_dipole,200,1.0000001192092896,0.0,0.6066970795012903,0.6066970795012903,,,,1.0
25,water_dipole,201,1.0000001192092896,0.0,0.6066970795012903,0.6066970795012903,,,,1.0
25,water_dipole,202,1.0000001192092896,0.0,0.6066970795012903,0.6066970795012903,,,,1.0
25,water_dipole,203,1.0000001192092896,0.0,0.6066970795012903,0.6066970795012903,,,,1.0
25,water_dipole,204,1.0000001192092896,0.0,0.6066970795012903,0.6066970795012903,,,,1.0
25,water_dipole,205,1.0000001192092896,0.0,0.6066970795012903,0.6066970795012903,,,,1.0
25,water_dipole,206,1.0000001192092896,0.0,0.6066970795012903,0.6066970795012903,,,,1.0
25,water_dipole,207,1.0000001192092896,0.0,0.6066970795012903,0.6066970795012903,,,,1.0
25,water_dipole,208,1.0000001192092896,0.0,0.6066970795012903,0.6066970795012903,,,,1.0
25,water_dipole,209,1.0000001192092896,0.0,0.6066970795012903,0.6066970795012903,,,,1.0
25,water_dipole,210,1.0000001192092896,0.0,0.6066970795012903,0.6066970795012903,,,,1.0
25,water_dipole,211,1.0000001192092896,0.0,0.6066970795012903,0.6066970795012903,,,,1.0
25,water_dipole,212,1.0000001192092896,0.0,0.6066970795012903,0.6066970795012903,,,,1.0
25,water_dipole,213,1.0000001192092896,0.0,0.6066970795012903,0.6066970795012903,,,,1.0
25,water_dipole,214,1.0000001192092896,0.0,0.6066970795012903,0.6066970795012903,,,,1.0
25,water_dipole,215,1.0000001192092896,0.0,0.6066970795012903,0.6066970795012903,,,,1.0
25,water_dipole,216,1.0000001192092896,0.0,0.6066970795012903,0.6066970795012903,,,,1.0
25,water_dipole,217,1.0000001192092896,0.0,0.6066970795012903,0.6066970795012903,,,,1.0
25,water_dipole,218,1.0000001192092896,0.0,0.6066970795012903,0.6066970795012903,,,,1.0
25,water_dipole,219,1.0000001192092896,0.0,0.6066970795012903,0.6066970795012903,,,,1.0
25,water_dipole,220,1.0000001192092896,0.0,0.6066970795012903,0.6066970795012903,,,,1.0
25,water_dipole,221,1.0000001192092896,0.0,0.6066970795012903,0.6066970795012903,,,,1.0
25,water_dipole,222,1.0000001192092896,0.0,0.6066970795012903,0.6066970795012903,,,,1.0
25,water_dipole,223,1.0000001192092896,0.0,0.6066970795012903,0.6066970795012903,,,,1.0
25,water_dipole,224,1.0000001192092896,0.0,0.6066970795012903,0.6066970795012903,,,,1.0
25,water_dipole,225,1.0000001192092896,0.0,0.6066970795012903,0.6066970795012903,,,,1.0
25,water_dipole,226,1.0000001192092896,0.0,0.6066970795012903,0.6066970795012903,,,,1.0
25,water_dipole,227,1.0000001192092896,0.0,0.6066970795012903,0.6066970795012903,,,,1.0
25,water_dipole,228,1.0000001192092896,0.0,0.6066970795012903,0.6066970795012903,,,,1.0
25,water_dipole,229,1.0000001192092896,0.0,0.6066970795012903,0.6066970795012903,,,,1.0
25,water_dipole,230,1.0000001192092896,0.0,0.6066970795012903,0.6066970795012903,,,,1.0
25,water_dipole,231,1.0000001192092896,0.0,0.6066970795012903,0.6066970795012903,,,,1.0
25,water_dipole,232,1.0000001192092896,0.0,0.6066970795012903,0.6066970795012903,,,,1.0
25,water_dipole,233,1.0000001192092896,0.0,0.6066970795012903,0.6066970795012903,,,,1.0
25,water_dipole,234,1.0000001192092896,0.0,0.6066970795012903,0.6066970795012903,,,,1.0
25,water_dipole,235,1.0000001192092896,0.0,0.6066970795012903,0.6066970795012903,,,,1.0
25,water_dipole,236,1.0000001192092896,0.0,0.6066970795012903,0.6066970795012903,,,,1.0
25,water_dipole,237,1.0000001192092896,0.0,0.6066970795012903,0.6066970795012903,,,,1.0
25,water_dipole,238,1.0000001192092896,0.0,0.6066970795012903,0.6066970795012903,,,,1.0
25,water_dipole,239,1.0000001192092896,0.0,0.6066970795012903,0.6066970795012903,,,,1.0
25,water_dipole,240,1.0000001192092896,0.0,0.6066970795012903,0.6066970795012903,,,,1.0
25,water_dipole,241,1.0000001192092896,0.0,0.6066970795012903,0.6066970795012903,,,,1.0
25,water_dipole,242,1.0000001192092896,0.0,0.6066970795012903,0.6066970795012903,,,,1.0
25,water_dipole,243,1.0000001192092896,0.0,0.6066970795012903,0.6066970795012903,,,,1.0
25,water_dipole,244,1.0000001192092896,0.0,0.6066970795012903,0.6066970795012903,,,,1.0
25,water_dipole,245,1.0000001192092896,0.0,0.6066970795012903,0.6066970795012903,,,,1.0
25,water_dipole,246,1.0000001192092896,0.0,0.6066970795012903,0.6066970795012903,,,,1.0
25,water_dipole,247,1.0000001192092896,0.0,0.6066970795012903,0.6066970795012903,,,,1.0
25,water_dipole,248,1.0000001192092896,0.0,0.6066970795012903,0.6066970795012903,,,,1.0
25,water_dipole,249,1.0000001192092896,0.0,0.6066970795012903,0.6066970795012903,,,,1.0
25,acetone_gsolv_eV,0,1.0000001192092896,0.0,0.6290377757114838,0.6290377757114838,,,,1.0
25,acetone_gsolv_eV,1,1.0000001192092896,0.0,0.6290377757114838,0.6290377757114838,,,,1.0
25,acetone_gsolv_eV,2,1.0000001192092896,0.0,0.6290377757114838,0.6290377757114838,,,,1.0
25,acetone_gsolv_eV,3,1.0000001192092896,0.0,0.6290377757114838,0.6290377757114838,,,,1.0
25,acetone_gsolv_eV,4,1.0000001192092896,0.0,0.6290377757114838,0.6290377757114838,,,,1.0
25,acetone_gsolv_eV,5,1.0000001192092896,0.0,0.6290377757114838,0.6290377757114838,,,,1.0
25,acetone_gsolv_eV,6,1.0000001192092896,0.0,0.6290377757114838,0.6290377757114838,,,,1.0
25,acetone_gsolv_eV,7,1.0000001192092896,0.0,0.6290377757114838,0.6290377757114838,,,,1.0
25,acetone_gsolv_eV,8,1.0000001192092896,0.0,0.6290377757114838,0.6290377757114838,,,,1.0
25,acetone_gsolv_eV,9,1.0000001192092896,0.0,0.6290377757114838,0.6290377757114838,,,,1.0
25,acetone_gsolv_eV,10,1.0000001192092896,0.0,0.6290377757114838,0.6290377757114838,,,,1.0
25,acetone_gsolv_eV,11,1.0000001192092896,0.0,0.6290377757114838,0.6290377757114838,,,,1.0
25,acetone_gsolv_eV,12,1.0000001192092896,0.0,0.6290377757114838,0.6290377757114838,,,,1.0
25,acetone_gsolv_eV,13,1.0000001192092896,0.0,0.6290377757114838,0.6290377757114838,,,,1.0
25,acetone_gsolv_eV,14,1.0000001192092896,0.0,0.6290377757114838,0.6290377757114838,,,,1.0
25,acetone_gsolv_eV,15,1.0000001192092896,0.0,0.6290377757114838,0.6290377757114838,,,,1.0
25,acetone_gsolv_eV,16,1.0000001192092896,0.0,0.6290377757114838,0.6290377757114838,,,,1.0
25,acetone_gsolv_eV,17,1.0000001192092896,0.0,0.6290377757114838,0.6290377757114838,,,,1.0
25,acetone_gsolv_eV,18,1.0000001192092896,0.0,0.6290377757114838,0.6290377757114838,,,,1.0
25,acetone_gsolv_eV,19,1.0000001192092896,0.0,0.6290377757114838,0.6290377757114838,,,,1.0
25,acetone_gsolv_eV,20,1.0000001192092896,0.0,0.6290377757114838,0.6290377757114838,,,,1.0
25,acetone_gsolv_eV,21,1.0000001192092896,0.0,0.6290377757114838,0.6290377757114838,,,,1.0
25,acetone_gsolv_eV,22,1.0000001192092896,0.0,0.6290377757114838,0.6290377757114838,,,,1.0
25,acetone_gsolv_eV,23,1.0000001192092896,0.0,0.6290377757114838,0.6290377757114838,,,,1.0
25,acetone_gsolv_eV,24,1.0000001192092896,0.0,0.6290377757114838,0.6290377757114838,,,,1.0
25,acetone_gsolv_eV,25,1.0000001192092896,0.0,0.6290377757114838,0.6290377757114838,,,,1.0
25,acetone_gsolv_eV,26,1.0000001192092896,0.0,0.6290377757114838,0.6290377757114838,,,,1.0
25,acetone_gsolv_eV,27,1.0000001192092896,0.0,0.6290377757114838,0.6290377757114838,,,,1.0
25,acetone_gsolv_eV,28,1.0000001192092896,0.0,0.6290377757114838,0.6290377757114838,,,,1.0
25,acetone_gsolv_eV,29,1.0000001192092896,0.0,0.6290377757114838,0.6290377757114838,,,,1.0
25,acetone_gsolv_eV,30,1.0000001192092896,0.0,0.6290377757114838,0.6290377757114838,,,,1.0
25,acetone_gsolv_eV,31,1.0000001192092896,0.0,0.6290377757114838,0.6290377757114838,,,,1.0
25,acetone_gsolv_eV,32,1.0000001192092896,0.0,0.6290377757114838,0.6290377757114838,,,,1.0
25,acetone_gsolv_eV,33,1.0000001192092896,0.0,0.6290377757114838,0.6290377757114838,,,,1.0
25,acetone_gsolv_eV,34,1.0000001192092896,0.0,0.6290377757114838,0.6290377757114838,,,,1.0
25,acetone_gsolv_eV,35,1.0000001192092896,0.0,0.6290377757114838,0.6290377757114838,,,,1.0
25,acetone_gsolv_eV,36,1.0000001192092896,0.0,0.6290377757114838,0.6290377757114838,,,,1.0
25,acetone_gsolv_eV,37,1.0000001192092896,0.0,0.6290377757114838,0.6290377757114838,,,,1.0
25,acetone_gsolv_eV,38,1.0000001192092896,0.0,0.6290377757114838,0.6290377757114838,,,,1.0
25,acetone_gsolv_eV,39,1.0000001192092896,0.0,0.6290377757114838,0.6290377757114838,,,,1.0
25,acetone_gsolv_eV,40,1.0000001192092896,0.0,0.6290377757114838,0.6290377757114838,,,,1.0
25,acetone_gsolv_eV,41,1.0000001192092896,0.0,0.6290377757114838,0.6290377757114838,,,,1.0
25,acetone_gsolv_eV,42,1.0000001192092896,0.0,0.6290377757114838,0.6290377757114838,,,,1.0
25,acetone_gsolv_eV,43,1.0000001192092896,0.0,0.6290377757114838,0.6290377757114838,,,,1.0
25,acetone_gsolv_eV,44,1.0000001192092896,0.0,0.6290377757114838,0.6290377757114838,,,,1.0
25,acetone_gsolv_eV,45,1.0000001192092896,0.0,0.6290377757114838,0.6290377757114838,,,,1.0
25,acetone_gsolv_eV,46,1.0000001192092896,0.0,0.6290377757114838,0.6290377757114838,,,,1.0
25,acetone_gsolv_eV,47,1.0000001192092896,0.0,0.6290377757114838,0.6290377757114838,,,,1.0
25,acetone_gsolv_eV,48,1.0000001192092896,0.0,0.6290377757114838,0.6290377757114838,,,,1.0
25,acetone_gsolv_eV,49,1.0000001192092896,0.0,0.6290377757114838,0.6290377757114838,,,,1.0
25,acetone_gsolv_eV,50,1.0000001192092896,0.0,0.6290377757114838,0.6290377757114838,,,,1.0
25,acetone_gsolv_eV,51,1.0000001192092896,0.0,0.6290377757114838,0.6290377757114838,,,,1.0
25,acetone_gsolv_eV,52,1.0000001192092896,0.0,0.6290377757114838,0.6290377757114838,,,,1.0
25,acetone_gsolv_eV,53,1.0000001192092896,0.0,0.6290377757114838,0.6290377757114838,,,,1.0
25,acetone_gsolv_eV,54,1.0000001192092896,0.0,0.6290377757114838,0.6290377757114838,,,,1.0
25,acetone_gsolv_eV,55,1.0000001192092896,0.0,0.6290377757114838,0.6290377757114838,,,,1.0
25,acetone_gsolv_eV,56,1.0000001192092896,0.0,0.6290377757114838,0.6290377757114838,,,,1.0
25,acetone_gsolv_eV,57,1.0000001192092896,0.0,0.6290377757114838,0.6290377757114838,,,,1.0
25,acetone_gsolv_eV,58,1.0000001192092896,0.0,0.6290377757114838,0.6290377757114838,,,,1.0
25,acetone_gsolv_eV,59,1.0000001192092896,0.0,0.6290377757114838,0.6290377757114838,,,,1.0
25,acetone_gsolv_eV,60,1.0000001192092896,0.0,0.6290377757114838,0.6290377757114838,,,,1.0
25,acetone_gsolv_eV,61,1.0000001192092896,0.0,0.6290377757114838,0.6290377757114838,,,,1.0
25,acetone_gsolv_eV,62,1.0000001192092896,0.0,0.6290377757114838,0.6290377757114838,,,,1.0
25,acetone_gsolv_eV,63,1.0000001192092896,0.0,0.6290377757114838,0.6290377757114838,,,,1.0
25,acetone_gsolv_eV,64,1.0000001192092896,0.0,0.6290377757114838,0.6290377757114838,,,,1.0
25,acetone_gsolv_eV,65,1.0000001192092896,0.0,0.6290377757114838,0.6290377757114838,,,,1.0
25,acetone_gsolv_eV,66,1.0000001192092896,0.0,0.6290377757114838,0.6290377757114838,,,,1.0
25,acetone_gsolv_eV,67,1.0000001192092896,0.0,0.6290377757114838,0.6290377757114838,,,,1.0
25,acetone_gsolv_eV,68,1.0000001192092896,0.0,0.6290377757114838,0.6290377757114838,,,,1.0
25,acetone_gsolv_eV,69,1.0000001192092896,0.0,0.6290377757114838,0.6290377757114838,,,,1.0
25,acetone_gsolv_eV,70,1.0000001192092896,0.0,0.6290377757114838,0.6290377757114838,,,,1.0
25,acetone_gsolv_eV,71,1.0000001192092896,0.0,0.6290377757114838,0.6290377757114838,,,,1.0
25,acetone_gsolv_eV,72,1.0000001192092896,0.0,0.6290377757114838,0.6290377757114838,,,,1.0
25,acetone_gsolv_eV,73,1.0000001192092896,0.0,0.6290377757114838,0.6290377757114838,,,,1.0
25,acetone_gsolv_eV,74,1.0000001192092896,0.0,0.6290377757114838,0.6290377757114838,,,,1.0
25,acetone_gsolv_eV,75,1.0000001192092896,0.0,0.6290377757114838,0.6290377757114838,,,,1.0
25,acetone_gsolv_eV,76,1.0000001192092896,0.0,0.6290377757114838,0.6290377757114838,,,,1.0
25,acetone_gsolv_eV,77,1.0000001192092896,0.0,0.6290377757114838,0.6290377757114838,,,,1.0
25,acetone_gsolv_eV,78,1.0000001192092896,0.0,0.6290377757114838,0.6290377757114838,,,,1.0
25,acetone_gsolv_eV,79,1.0000001192092896,0.0,0.6290377757114838,0.6290377757114838,,,,1.0
25,acetone_gsolv_eV,80,1.0000001192092896,0.0,0.6290377757114838,0.6290377757114838,,,,1.0
25,acetone_gsolv_eV,81,1.0000001192092896,0.0,0.6290377757114838,0.6290377757114838,,,,1.0
25,acetone_gsolv_eV,82,1.0000001192092896,0.0,0.6290377757114838,0.6290377757114838,,,,1.0
25,acetone_gsolv_eV,83,1.0000001192092896,0.0,0.6290377757114838,0.6290377757114838,,,,1.0
25,acetone_gsolv_eV,84,1.0000001192092896,0.0,0.6290377757114838,0.6290377757114838,,,,1.0
25,acetone_gsolv_eV,85,1.0000001192092896,0.0,0.6290377757114838,0.6290377757114838,,,,1.0
25,acetone_gsolv_eV,86,1.0000001192092896,0.0,0.6290377757114838,0.6290377757114838,,,,1.0
25,acetone_gsolv_eV,87,1.0000001192092896,0.0,0.6290377757114838,0.6290377757114838,,,,1.0
25,acetone_gsolv_eV,88,1.0000001192092896,0.0,0.6290377757114838,0.6290377757114838,,,,1.0
25,acetone_gsolv_eV,89,1.0000001192092896,0.0,0.6290377757114838,0.6290377757114838,,,,1.0
25,acetone_gsolv_eV,90,1.0000001192092896,0.0,0.6290377757114838,0.6290377757114838,,,,1.0
25,acetone_gsolv_eV,91,1.0000001192092896,0.0,0.6290377757114838,0.6290377757114838,,,,1.0
25,acetone_gsolv_eV,92,1.0000001192092896,0.0,0.6290377757114838,0.6290377757114838,,,,1.0
25,acetone_gsolv_eV,93,1.0000001192092896,0.0,0.6290377757114838,0.6290377757114838,,,,1.0
25,acetone_gsolv_eV,94,1.0000001192092896,0.0,0.6290377757114838,0.6290377757114838,,,,1.0
25,acetone_gsolv_eV,95,1.0000001192092896,0.0,0.6290377757114838,0.6290377757114838,,,,1.0
25,acetone_gsolv_eV,96,1.0000001192092896,0.0,0.6290377757114838,0.6290377757114838,,,,1.0
25,acetone_gsolv_eV,97,1.0000001192092896,0.0,0.6290377757114838,0.6290377757114838,,,,1.0
25,acetone_gsolv_eV,98,1.0000001192092896,0.0,0.6290377757114838,0.6290377757114838,,,,1.0
25,acetone_gsolv_eV,99,1.0000001192092896,0.0,0.6290377757114838,0.6290377757114838,,,,1.0
25,acetone_gsolv_eV,100,1.0000001192092896,0.0,0.6290377757114838,0.6290377757114838,,,,1.0
25,acetone_gsolv_eV,101,1.0000001192092896,0.0,0.6290377757114838,0.6290377757114838,,,,1.0
25,acetone_gsolv_eV,102,1.0000001192092896,0.0,0.6290377757114838,0.6290377757114838,,,,1.0
25,acetone_gsolv_eV,103,1.0000001192092896,0.0,0.6290377757114838,0.6290377757114838,,,,1.0
25,acetone_gsolv_eV,104,1.0000001192092896,0.0,0.6290377757114838,0.6290377757114838,,,,1.0
25,acetone_gsolv_eV,105,1.0000001192092896,0.0,0.6290377757114838,0.6290377757114838,,,,1.0
25,acetone_gsolv_eV,106,1.0000001192092896,0.0,0.6290377757114838,0.6290377757114838,,,,1.0
25,acetone_gsolv_eV,107,1.0000001192092896,0.0,0.6290377757114838,0.6290377757114838,,,,1.0
25,acetone_gsolv_eV,108,1.0000001192092896,0.0,0.6290377757114838,0.6290377757114838,,,,1.0
25,acetone_gsolv_eV,109,1.0000001192092896,0.0,0.6290377757114838,0.6290377757114838,,,,1.0
25,acetone_gsolv_eV,110,1.0000001192092896,0.0,0.6290377757114838,0.6290377757114838,,,,1.0
25,acetone_gsolv_eV,111,1.0000001192092896,0.0,0.6290377757114838,0.6290377757114838,,,,1.0
25,acetone_gsolv_eV,112,1.0000001192092896,0.0,0.6290377757114838,0.6290377757114838,,,,1.0
25,acetone_gsolv_eV,113,1.0000001192092896,0.0,0.6290377757114838,0.6290377757114838,,,,1.0
25,acetone_gsolv_eV,114,1.0000001192092896,0.0,0.6290377757114838,0.6290377757114838,,,,1.0
25,acetone_gsolv_eV,115,1.0000001192092896,0.0,0.6290377757114838,0.6290377757114838,,,,1.0
25,acetone_gsolv_eV,116,1.0000001192092896,0.0,0.6290377757114838,0.6290377757114838,,,,1.0
25,acetone_gsolv_eV,117,1.0000001192092896,0.0,0.6290377757114838,0.6290377757114838,,,,1.0
25,acetone_gsolv_eV,118,1.0000001192092896,0.0,0.6290377757114838,0.6290377757114838,,,,1.0
25,acetone_gsolv_eV,119,1.0000001192092896,0.0,0.6290377757114838,0.6290377757114838,,,,1.0
25,acetone_gsolv_eV,120,1.0000001192092896,0.0,0.6290377757114838,0.6290377757114838,,,,1.0
25,acetone_gsolv_eV,121,1.0000001192092896,0.0,0.6290377757114838,0.6290377757114838,,,,1.0
25,acetone_gsolv_eV,122,1.0000001192092896,0.0,0.6290377757114838,0.6290377757114838,,,,1.0
25,acetone_gsolv_eV,123,1.0000001192092896,0.0,0.6290377757114838,0.6290377757114838,,,,1.0
25,acetone_gsolv_eV,124,1.0000001192092896,0.0,0.6290377757114838,0.6290377757114838,,,,1.0
25,acetone_gsolv_eV,125,1.0000001192092896,0.0,0.6290377757114838,0.6290377757114838,,,,1.0
25,acetone_gsolv_eV,126,1.0000001192092896,0.0,0.6290377757114838,0.6290377757114838,,,,1.0
25,acetone_gsolv_eV,127,1.0000001192092896,0.0,0.6290377757114838,0.6290377757114838,,,,1.0
25,acetone_gsolv_eV,128,1.0000001192092896,0.0,0.6290377757114838,0.6290377757114838,,,,1.0
25,acetone_gsolv_eV,129,1.0000001192092896,0.0,0.6290377757114838,0.6290377757114838,,,,1.0
25,acetone_gsolv_eV,130,1.0000001192092896,0.0,0.6290377757114838,0.6290377757114838,,,,1.0
25,acetone_gsolv_eV,131,1.0000001192092896,0.0,0.6290377757114838,0.6290377757114838,,,,1.0
25,acetone_gsolv_eV,132,1.0000001192092896,0.0,0.6290377757114838,0.6290377757114838,,,,1.0
25,acetone_gsolv_eV,133,1.0000001192092896,0.0,0.6290377757114838,0.6290377757114838,,,,1.0
25,acetone_gsolv_eV,134,1.0000001192092896,0.0,0.6290377757114838,0.6290377757114838,,,,1.0
25,acetone_gsolv_eV,135,1.0000001192092896,0.0,0.6290377757114838,0.6290377757114838,,,,1.0
25,acetone_gsolv_eV,136,1.0000001192092896,0.0,0.6290377757114838,0.6290377757114838,,,,1.0
25,acetone_gsolv_eV,137,1.0000001192092896,0.0,0.6290377757114838,0.6290377757114838,,,,1.0
25,acetone_gsolv_eV,138,1.0000001192092896,0.0,0.6290377757114838,0.6290377757114838,,,,1.0
25,acetone_gsolv_eV,139,1.0000001192092896,0.0,0.6290377757114838,0.6290377757114838,,,,1.0
25,acetone_gsolv_eV,140,1.0000001192092896,0.0,0.6290377757114838,0.6290377757114838,,,,1.0
25,acetone_gsolv_eV,141,1.0000001192092896,0.0,0.6290377757114838,0.6290377757114838,,,,1.0
25,acetone_gsolv_eV,142,1.0000001192092896,0.0,0.6290377757114838,0.6290377757114838,,,,1.0
25,acetone_gsolv_eV,143,1.0000001192092896,0.0,0.6290377757114838,0.6290377757114838,,,,1.0
25,acetone_gsolv_eV,144,1.0000001192092896,0.0,0.6290377757114838,0.6290377757114838,,,,1.0
25,acetone_gsolv_eV,145,1.0000001192092896,0.0,0.6290377757114838,0.6290377757114838,,,,1.0
25,acetone_gsolv_eV,146,1.0000001192092896,0.0,0.6290377757114838,0.6290377757114838,,,,1.0
25,acetone_gsolv_eV,147,1.0000001192092896,0.0,0.6290377757114838,0.6290377757114838,,,,1.0
25,acetone_gsolv_eV,148,1.0000001192092896,0.0,0.6290377757114838,0.6290377757114838,,,,1.0
25,acetone_gsolv_eV,149,1.0000001192092896,0.0,0.6290377757114838,0.6290377757114838,,,,1.0
25,acetone_gsolv_eV,150,1.0000001192092896,0.0,0.6290377757114838,0.6290377757114838,,,,1.0
25,acetone_gsolv_eV,151,1.0000001192092896,0.0,0.6290377757114838,0.6290377757114838,,,,1.0
25,acetone_gsolv_eV,152,1.0000001192092896,0.0,0.6290377757114838,0.6290377757114838,,,,1.0
25,acetone_gsolv_eV,153,1.0000001192092896,0.0,0.6290377757114838,0.6290377757114838,,,,1.0
25,acetone_gsolv_eV,154,1.0000001192092896,0.0,0.6290377757114838,0.6290377757114838,,,,1.0
25,acetone_gsolv_eV,155,1.0000001192092896,0.0,0.6290377757114838,0.6290377757114838,,,,1.0
25,acetone_gsolv_eV,156,1.0000001192092896,0.0,0.6290377757114838,0.6290377757114838,,,,1.0
25,acetone_gsolv_eV,157,1.0000001192092896,0.0,0.6290377757114838,0.6290377757114838,,,,1.0
25,acetone_gsolv_eV,158,1.0000001192092896,0.0,0.6290377757114838,0.6290377757114838,,,,1.0
25,acetone_gsolv_eV,159,1.0000001192092896,0.0,0.6290377757114838,0.6290377757114838,,,,1.0
25,acetone_gsolv_eV,160,1.0000001192092896,0.0,0.6290377757114838,0.6290377757114838,,,,1.0
25,acetone_gsolv_eV,161,1.0000001192092896,0.0,0.6290377757114838,0.6290377757114838,,,,1.0
25,acetone_gsolv_eV,162,1.0000001192092896,0.0,0.6290377757114838,0.6290377757114838,,,,1.0
25,acetone_gsolv_eV,163,1.0000001192092896,0.0,0.6290377757114838,0.6290377757114838,,,,1.0
25,acetone_gsolv_eV,164,1.0000001192092896,0.0,0.6290377757114838,0.6290377757114838,,,,1.0
25,acetone_gsolv_eV,165,1.0000001192092896,0.0,0.6290377757114838,0.6290377757114838,,,,1.0
25,acetone_gsolv_eV,166,1.0000001192092896,0.0,0.6290377757114838,0.6290377757114838,,,,1.0
25,acetone_gsolv_eV,167,1.0000001192092896,0.0,0.6290377757114838,0.6290377757114838,,,,1.0
25,acetone_gsolv_eV,168,1.0000001192092896,0.0,0.6290377757114838,0.6290377757114838,,,,1.0
25,acetone_gsolv_eV,169,1.0000001192092896,0.0,0.6290377757114838,0.6290377757114838,,,,1.0
25,acetone_gsolv_eV,170,1.0000001192092896,0.0,0.6290377757114838,0.6290377757114838,,,,1.0
25,acetone_gsolv_eV,171,1.0000001192092896,0.0,0.6290377757114838,0.6290377757114838,,,,1.0
25,acetone_gsolv_eV,172,1.0000001192092896,0.0,0.6290377757114838,0.6290377757114838,,,,1.0
25,acetone_gsolv_eV,173,1.0000001192092896,0.0,0.6290377757114838,0.6290377757114838,,,,1.0
25,acetone_gsolv_eV,174,1.0000001192092896,0.0,0.6290377757114838,0.6290377757114838,,,,1.0
25,acetone_gsolv_eV,175,1.0000001192092896,0.0,0.6290377757114838,0.6290377757114838,,,,1.0
25,acetone_gsolv_eV,176,1.0000001192092896,0.0,0.6290377757114838,0.6290377757114838,,,,1.0
25,acetone_gsolv_eV,177,1.0000001192092896,0.0,0.6290377757114838,0.6290377757114838,,,,1.0
25,acetone_gsolv_eV,178,1.0000001192092896,0.0,0.6290377757114838,0.6290377757114838,,,,1.0
25,acetone_gsolv_eV,179,1.0000001192092896,0.0,0.6290377757114838,0.6290377757114838,,,,1.0
25,acetone_gsolv_eV,180,1.0000001192092896,0.0,0.6290377757114838,0.6290377757114838,,,,1.0
25,acetone_gsolv_eV,181,1.0000001192092896,0.0,0.6290377757114838,0.6290377757114838,,,,1.0
25,acetone_gsolv_eV,182,1.0000001192092896,0.0,0.6290377757114838,0.6290377757114838,,,,1.0
25,acetone_gsolv_eV,183,1.0000001192092896,0.0,0.6290377757114838,0.6290377757114838,,,,1.0
25,acetone_gsolv_eV,184,1.0000001192092896,0.0,0.6290377757114838,0.6290377757114838,,,,1.0
25,acetone_gsolv_eV,185,1.0000001192092896,0.0,0.6290377757114838,0.6290377757114838,,,,1.0
25,acetone_gsolv_eV,186,1.0000001192092896,0.0,0.6290377757114838,0.6290377757114838,,,,1.0
25,acetone_gsolv_eV,187,1.0000001192092896,0.0,0.6290377757114838,0.6290377757114838,,,,1.0
25,acetone_gsolv_eV,188,1.0000001192092896,0.0,0.6290377757114838,0.6290377757114838,,,,1.0
25,acetone_gsolv_eV,189,1.0000001192092896,0.0,0.6290377757114838,0.6290377757114838,,,,1.0
25,acetone_gsolv_eV,190,1.0000001192092896,0.0,0.6290377757114838,0.6290377757114838,,,,1.0
25,acetone_gsolv_eV,191,1.0000001192092896,0.0,0.6290377757114838,0.6290377757114838,,,,1.0
25,acetone_gsolv_eV,192,1.0000001192092896,0.0,0.6290377757114838,0.6290377757114838,,,,1.0
25,acetone_gsolv_eV,193,1.0000001192092896,0.0,0.6290377757114838,0.6290377757114838,,,,1.0
25,acetone_gsolv_eV,194,1.0000001192092896,0.0,0.6290377757114838,0.6290377757114838,,,,1.0
25,acetone_gsolv_eV,195,1.0000001192092896,0.0,0.6290377757114838,0.6290377757114838,,,,1.0
25,acetone_gsolv_eV,196,1.0000001192092896,0.0,0.6290377757114838,0.6290377757114838,,,,1.0
25,acetone_gsolv_eV,197,1.0000001192092896,0.0,0.6290377757114838,0.6290377757114838,,,,1.0
25,acetone_gsolv_eV,198,1.0000001192092896,0.0,0.6290377757114838,0.6290377757114838,,,,1.0
25,acetone_gsolv_eV,199,1.0000001192092896,0.0,0.6290377757114838,0.6290377757114838,,,,1.0
25,acetone_gsolv_eV,200,1.0000001192092896,0.0,0.6290377757114838,0.6290377757114838,,,,1.0
25,acetone_gsolv_eV,201,1.0000001192092896,0.0,0.6290377757114838,0.6290377757114838,,,,1.0
25,acetone_gsolv_eV,202,1.0000001192092896,0.0,0.6290377757114838,0.6290377757114838,,,,1.0
25,acetone_gsolv_eV,203,1.0000001192092896,0.0,0.6290377757114838,0.6290377757114838,,,,1.0
25,acetone_gsolv_eV,204,1.0000001192092896,0.0,0.6290377757114838,0.6290377757114838,,,,1.0
25,acetone_gsolv_eV,205,1.0000001192092896,0.0,0.6290377757114838,0.6290377757114838,,,,1.0
25,acetone_gsolv_eV,206,1.0000001192092896,0.0,0.6290377757114838,0.6290377757114838,,,,1.0
25,acetone_gsolv_eV,207,1.0000001192092896,0.0,0.6290377757114838,0.6290377757114838,,,,1.0
25,acetone_gsolv_eV,208,1.0000001192092896,0.0,0.6290377757114838,0.6290377757114838,,,,1.0
25,acetone_gsolv_eV,209,1.0000001192092896,0.0,0.6290377757114838,0.6290377757114838,,,,1.0
25,acetone_gsolv_eV,210,1.0000001192092896,0.0,0.6290377757114838,0.6290377757114838,,,,1.0
25,acetone_gsolv_eV,211,1.0000001192092896,0.0,0.6290377757114838,0.6290377757114838,,,,1.0
25,acetone_gsolv_eV,212,1.0000001192092896,0.0,0.6290377757114838,0.6290377757114838,,,,1.0
25,acetone_gsolv_eV,213,1.0000001192092896,0.0,0.6290377757114838,0.6290377757114838,,,,1.0
25,acetone_gsolv_eV,214,1.0000001192092896,0.0,0.6290377757114838,0.6290377757114838,,,,1.0
25,acetone_gsolv_eV,215,1.0000001192092896,0.0,0.6290377757114838,0.6290377757114838,,,,1.0
25,acetone_gsolv_eV,216,1.0000001192092896,0.0,0.6290377757114838,0.6290377757114838,,,,1.0
25,acetone_gsolv_eV,217,1.0000001192092896,0.0,0.6290377757114838,0.6290377757114838,,,,1.0
25,acetone_gsolv_eV,218,1.0000001192092896,0.0,0.6290377757114838,0.6290377757114838,,,,1.0
25,acetone_gsolv_eV,219,1.0000001192092896,0.0,0.6290377757114838,0.6290377757114838,,,,1.0
25,acetone_gsolv_eV,220,1.0000001192092896,0.0,0.6290377757114838,0.6290377757114838,,,,1.0
25,acetone_gsolv_eV,221,1.0000001192092896,0.0,0.6290377757114838,0.6290377757114838,,,,1.0
25,acetone_gsolv_eV,222,1.0000001192092896,0.0,0.6290377757114838,0.6290377757114838,,,,1.0
25,acetone_gsolv_eV,223,1.0000001192092896,0.0,0.6290377757114838,0.6290377757114838,,,,1.0
25,acetone_gsolv_eV,224,1.0000001192092896,0.0,0.6290377757114838,0.6290377757114838,,,,1.0
25,acetone_gsolv_eV,225,1.0000001192092896,0.0,0.6290377757114838,0.6290377757114838,,,,1.0
25,acetone_gsolv_eV,226,1.0000001192092896,0.0,0.6290377757114838,0.6290377757114838,,,,1.0
25,acetone_gsolv_eV,227,1.0000001192092896,0.0,0.6290377757114838,0.6290377757114838,,,,1.0
25,acetone_gsolv_eV,228,1.0000001192092896,0.0,0.6290377757114838,0.6290377757114838,,,,1.0
25,acetone_gsolv_eV,229,1.0000001192092896,0.0,0.6290377757114838,0.6290377757114838,,,,1.0
25,acetone_gsolv_eV,230,1.0000001192092896,0.0,0.6290377757114838,0.6290377757114838,,,,1.0
25,acetone_gsolv_eV,231,1.0000001192092896,0.0,0.6290377757114838,0.6290377757114838,,,,1.0
25,acetone_gsolv_eV,232,1.0000001192092896,0.0,0.6290377757114838,0.6290377757114838,,,,1.0
25,acetone_gsolv_eV,233,1.0000001192092896,0.0,0.6290377757114838,0.6290377757114838,,,,1.0
25,acetone_gsolv_eV,234,1.0000001192092896,0.0,0.6290377757114838,0.6290377757114838,,,,1.0
25,acetone_gsolv_eV,235,1.0000001192092896,0.0,0.6290377757114838,0.6290377757114838,,,,1.0
25,acetone_gsolv_eV,236,1.0000001192092896,0.0,0.6290377757114838,0.6290377757114838,,,,1.0
25,acetone_gsolv_eV,237,1.0000001192092896,0.0,0.6290377757114838,0.6290377757114838,,,,1.0
25,acetone_gsolv_eV,238,1.0000001192092896,0.0,0.6290377757114838,0.6290377757114838,,,,1.0
25,acetone_gsolv_eV,239,1.0000001192092896,0.0,0.6290377757114838,0.6290377757114838,,,,1.0
25,acetone_gsolv_eV,240,1.0000001192092896,0.0,0.6290377757114838,0.6290377757114838,,,,1.0
25,acetone_gsolv_eV,241,1.0000001192092896,0.0,0.6290377757114838,0.6290377757114838,,,,1.0
25,acetone_gsolv_eV,242,1.0000001192092896,0.0,0.6290377757114838,0.6290377757114838,,,,1.0
25,acetone_gsolv_eV,243,1.0000001192092896,0.0,0.6290377757114838,0.6290377757114838,,,,1.0
25,acetone_gsolv_eV,244,1.0000001192092896,0.0,0.6290377757114838,0.6290377757114838,,,,1.0
25,acetone_gsolv_eV,245,1.0000001192092896,0.0,0.6290377757114838,0.6290377757114838,,,,1.0
25,acetone_gsolv_eV,246,1.0000001192092896,0.0,0.6290377757114838,0.6290377757114838,,,,1.0
25,acetone_gsolv_eV,247,1.0000001192092896,0.0,0.6290377757114838,0.6290377757114838,,,,1.0
25,acetone_gsolv_eV,248,1.0000001192092896,0.0,0.6290377757114838,0.6290377757114838,,,,1.0
25,acetone_gsolv_eV,249,1.0000001192092896,0.0,0.6290377757114838,0.6290377757114838,,,,1.0
25,acetone_hl_gap_eV,0,0.9999999403953552,0.0,0.710238392983209,0.710238392983209,,,,1.0
25,acetone_hl_gap_eV,1,0.9999999403953552,0.0,0.710238392983209,0.710238392983209,,,,1.0
25,acetone_hl_gap_eV,2,0.9999999403953552,0.0,0.710238392983209,0.710238392983209,,,,1.0
25,acetone_hl_gap_eV,3,0.9999999403953552,0.0,0.710238392983209,0.710238392983209,,,,1.0
25,acetone_hl_gap_eV,4,0.9999999403953552,0.0,0.710238392983209,0.710238392983209,,,,1.0
25,acetone_hl_gap_eV,5,0.9999999403953552,0.0,0.710238392983209,0.710238392983209,,,,1.0
25,acetone_hl_gap_eV,6,0.9999999403953552,0.0,0.710238392983209,0.710238392983209,,,,1.0
25,acetone_hl_gap_eV,7,0.9999999403953552,0.0,0.710238392983209,0.710238392983209,,,,1.0
25,acetone_hl_gap_eV,8,0.9999999403953552,0.0,0.710238392983209,0.710238392983209,,,,1.0
25,acetone_hl_gap_eV,9,0.9999999403953552,0.0,0.710238392983209,0.710238392983209,,,,1.0
25,acetone_hl_gap_eV,10,0.9999999403953552,0.0,0.710238392983209,0.710238392983209,,,,1.0
25,acetone_hl_gap_eV,11,0.9999999403953552,0.0,0.710238392983209,0.710238392983209,,,,1.0
25,acetone_hl_gap_eV,12,0.9999999403953552,0.0,0.710238392983209,0.710238392983209,,,,1.0
25,acetone_hl_gap_eV,13,0.9999999403953552,0.0,0.710238392983209,0.710238392983209,,,,1.0
25,acetone_hl_gap_eV,14,0.9999999403953552,0.0,0.710238392983209,0.710238392983209,,,,1.0
25,acetone_hl_gap_eV,15,0.9999999403953552,0.0,0.710238392983209,0.710238392983209,,,,1.0
25,acetone_hl_gap_eV,16,0.9999999403953552,0.0,0.710238392983209,0.710238392983209,,,,1.0
25,acetone_hl_gap_eV,17,0.9999999403953552,0.0,0.710238392983209,0.710238392983209,,,,1.0
25,acetone_hl_gap_eV,18,0.9999999403953552,0.0,0.710238392983209,0.710238392983209,,,,1.0
25,acetone_hl_gap_eV,19,0.9999999403953552,0.0,0.710238392983209,0.710238392983209,,,,1.0
25,acetone_hl_gap_eV,20,0.9999999403953552,0.0,0.710238392983209,0.710238392983209,,,,1.0
25,acetone_hl_gap_eV,21,0.9999999403953552,0.0,0.710238392983209,0.710238392983209,,,,1.0
25,acetone_hl_gap_eV,22,0.9999999403953552,0.0,0.710238392983209,0.710238392983209,,,,1.0
25,acetone_hl_gap_eV,23,0.9999999403953552,0.0,0.710238392983209,0.710238392983209,,,,1.0
25,acetone_hl_gap_eV,24,0.9999999403953552,0.0,0.710238392983209,0.710238392983209,,,,1.0
25,acetone_hl_gap_eV,25,0.9999999403953552,0.0,0.710238392983209,0.710238392983209,,,,1.0
25,acetone_hl_gap_eV,26,0.9999999403953552,0.0,0.710238392983209,0.710238392983209,,,,1.0
25,acetone_hl_gap_eV,27,0.9999999403953552,0.0,0.710238392983209,0.710238392983209,,,,1.0
25,acetone_hl_gap_eV,28,0.9999999403953552,0.0,0.710238392983209,0.710238392983209,,,,1.0
25,acetone_hl_gap_eV,29,0.9999999403953552,0.0,0.710238392983209,0.710238392983209,,,,1.0
25,acetone_hl_gap_eV,30,0.9999999403953552,0.0,0.710238392983209,0.710238392983209,,,,1.0
25,acetone_hl_gap_eV,31,0.9999999403953552,0.0,0.710238392983209,0.710238392983209,,,,1.0
25,acetone_hl_gap_eV,32,0.9999999403953552,0.0,0.710238392983209,0.710238392983209,,,,1.0
25,acetone_hl_gap_eV,33,0.9999999403953552,0.0,0.710238392983209,0.710238392983209,,,,1.0
25,acetone_hl_gap_eV,34,0.9999999403953552,0.0,0.710238392983209,0.710238392983209,,,,1.0
25,acetone_hl_gap_eV,35,0.9999999403953552,0.0,0.710238392983209,0.710238392983209,,,,1.0
25,acetone_hl_gap_eV,36,0.9999999403953552,0.0,0.710238392983209,0.710238392983209,,,,1.0
25,acetone_hl_gap_eV,37,0.9999999403953552,0.0,0.710238392983209,0.710238392983209,,,,1.0
25,acetone_hl_gap_eV,38,0.9999999403953552,0.0,0.710238392983209,0.710238392983209,,,,1.0
25,acetone_hl_gap_eV,39,0.9999999403953552,0.0,0.710238392983209,0.710238392983209,,,,1.0
25,acetone_hl_gap_eV,40,0.9999999403953552,0.0,0.710238392983209,0.710238392983209,,,,1.0
25,acetone_hl_gap_eV,41,0.9999999403953552,0.0,0.710238392983209,0.710238392983209,,,,1.0
25,acetone_hl_gap_eV,42,0.9999999403953552,0.0,0.710238392983209,0.710238392983209,,,,1.0
25,acetone_hl_gap_eV,43,0.9999999403953552,0.0,0.710238392983209,0.710238392983209,,,,1.0
25,acetone_hl_gap_eV,44,0.9999999403953552,0.0,0.710238392983209,0.710238392983209,,,,1.0
25,acetone_hl_gap_eV,45,0.9999999403953552,0.0,0.710238392983209,0.710238392983209,,,,1.0
25,acetone_hl_gap_eV,46,0.9999999403953552,0.0,0.710238392983209,0.710238392983209,,,,1.0
25,acetone_hl_gap_eV,47,0.9999999403953552,0.0,0.710238392983209,0.710238392983209,,,,1.0
25,acetone_hl_gap_eV,48,0.9999999403953552,0.0,0.710238392983209,0.710238392983209,,,,1.0
25,acetone_hl_gap_eV,49,0.9999999403953552,0.0,0.710238392983209,0.710238392983209,,,,1.0
25,acetone_hl_gap_eV,50,0.9999999403953552,0.0,0.710238392983209,0.710238392983209,,,,1.0
25,acetone_hl_gap_eV,51,0.9999999403953552,0.0,0.710238392983209,0.710238392983209,,,,1.0
25,acetone_hl_gap_eV,52,0.9999999403953552,0.0,0.710238392983209,0.710238392983209,,,,1.0
25,acetone_hl_gap_eV,53,0.9999999403953552,0.0,0.710238392983209,0.710238392983209,,,,1.0
25,acetone_hl_gap_eV,54,0.9999999403953552,0.0,0.710238392983209,0.710238392983209,,,,1.0
25,acetone_hl_gap_eV,55,0.9999999403953552,0.0,0.710238392983209,0.710238392983209,,,,1.0
25,acetone_hl_gap_eV,56,0.9999999403953552,0.0,0.710238392983209,0.710238392983209,,,,1.0
25,acetone_hl_gap_eV,57,0.9999999403953552,0.0,0.710238392983209,0.710238392983209,,,,1.0
25,acetone_hl_gap_eV,58,0.9999999403953552,0.0,0.710238392983209,0.710238392983209,,,,1.0
25,acetone_hl_gap_eV,59,0.9999999403953552,0.0,0.710238392983209,0.710238392983209,,,,1.0
25,acetone_hl_gap_eV,60,0.9999999403953552,0.0,0.710238392983209,0.710238392983209,,,,1.0
25,acetone_hl_gap_eV,61,0.9999999403953552,0.0,0.710238392983209,0.710238392983209,,,,1.0
25,acetone_hl_gap_eV,62,0.9999999403953552,0.0,0.710238392983209,0.710238392983209,,,,1.0
25,acetone_hl_gap_eV,63,0.9999999403953552,0.0,0.710238392983209,0.710238392983209,,,,1.0
25,acetone_hl_gap_eV,64,0.9999999403953552,0.0,0.710238392983209,0.710238392983209,,,,1.0
25,acetone_hl_gap_eV,65,0.9999999403953552,0.0,0.710238392983209,0.710238392983209,,,,1.0
25,acetone_hl_gap_eV,66,0.9999999403953552,0.0,0.710238392983209,0.710238392983209,,,,1.0
25,acetone_hl_gap_eV,67,0.9999999403953552,0.0,0.710238392983209,0.710238392983209,,,,1.0
25,acetone_hl_gap_eV,68,0.9999999403953552,0.0,0.710238392983209,0.710238392983209,,,,1.0
25,acetone_hl_gap_eV,69,0.9999999403953552,0.0,0.710238392983209,0.710238392983209,,,,1.0
25,acetone_hl_gap_eV,70,0.9999999403953552,0.0,0.710238392983209,0.710238392983209,,,,1.0
25,acetone_hl_gap_eV,71,0.9999999403953552,0.0,0.710238392983209,0.710238392983209,,,,1.0
25,acetone_hl_gap_eV,72,0.9999999403953552,0.0,0.710238392983209,0.710238392983209,,,,1.0
25,acetone_hl_gap_eV,73,0.9999999403953552,0.0,0.710238392983209,0.710238392983209,,,,1.0
25,acetone_hl_gap_eV,74,0.9999999403953552,0.0,0.710238392983209,0.710238392983209,,,,1.0
25,acetone_hl_gap_eV,75,0.9999999403953552,0.0,0.710238392983209,0.710238392983209,,,,1.0
25,acetone_hl_gap_eV,76,0.9999999403953552,0.0,0.710238392983209,0.710238392983209,,,,1.0
25,acetone_hl_gap_eV,77,0.9999999403953552,0.0,0.710238392983209,0.710238392983209,,,,1.0
25,acetone_hl_gap_eV,78,0.9999999403953552,0.0,0.710238392983209,0.710238392983209,,,,1.0
25,acetone_hl_gap_eV,79,0.9999999403953552,0.0,0.710238392983209,0.710238392983209,,,,1.0
25,acetone_hl_gap_eV,80,0.9999999403953552,0.0,0.710238392983209,0.710238392983209,,,,1.0
25,acetone_hl_gap_eV,81,0.9999999403953552,0.0,0.710238392983209,0.710238392983209,,,,1.0
25,acetone_hl_gap_eV,82,0.9999999403953552,0.0,0.710238392983209,0.710238392983209,,,,1.0
25,acetone_hl_gap_eV,83,0.9999999403953552,0.0,0.710238392983209,0.710238392983209,,,,1.0
25,acetone_hl_gap_eV,84,0.9999999403953552,0.0,0.710238392983209,0.710238392983209,,,,1.0
25,acetone_hl_gap_eV,85,0.9999999403953552,0.0,0.710238392983209,0.710238392983209,,,,1.0
25,acetone_hl_gap_eV,86,0.9999999403953552,0.0,0.710238392983209,0.710238392983209,,,,1.0
25,acetone_hl_gap_eV,87,0.9999999403953552,0.0,0.710238392983209,0.710238392983209,,,,1.0
25,acetone_hl_gap_eV,88,0.9999999403953552,0.0,0.710238392983209,0.710238392983209,,,,1.0
25,acetone_hl_gap_eV,89,0.9999999403953552,0.0,0.710238392983209,0.710238392983209,,,,1.0
25,acetone_hl_gap_eV,90,0.9999999403953552,0.0,0.710238392983209,0.710238392983209,,,,1.0
25,acetone_hl_gap_eV,91,0.9999999403953552,0.0,0.710238392983209,0.710238392983209,,,,1.0
25,acetone_hl_gap_eV,92,0.9999999403953552,0.0,0.710238392983209,0.710238392983209,,,,1.0
25,acetone_hl_gap_eV,93,0.9999999403953552,0.0,0.710238392983209,0.710238392983209,,,,1.0
25,acetone_hl_gap_eV,94,0.9999999403953552,0.0,0.710238392983209,0.710238392983209,,,,1.0
25,acetone_hl_gap_eV,95,0.9999999403953552,0.0,0.710238392983209,0.710238392983209,,,,1.0
25,acetone_hl_gap_eV,96,0.9999999403953552,0.0,0.710238392983209,0.710238392983209,,,,1.0
25,acetone_hl_gap_eV,97,0.9999999403953552,0.0,0.710238392983209,0.710238392983209,,,,1.0
25,acetone_hl_gap_eV,98,0.9999999403953552,0.0,0.710238392983209,0.710238392983209,,,,1.0
25,acetone_hl_gap_eV,99,0.9999999403953552,0.0,0.710238392983209,0.710238392983209,,,,1.0
25,acetone_hl_gap_eV,100,0.9999999403953552,0.0,0.710238392983209,0.710238392983209,,,,1.0
25,acetone_hl_gap_eV,101,0.9999999403953552,0.0,0.710238392983209,0.710238392983209,,,,1.0
25,acetone_hl_gap_eV,102,0.9999999403953552,0.0,0.710238392983209,0.710238392983209,,,,1.0
25,acetone_hl_gap_eV,103,0.9999999403953552,0.0,0.710238392983209,0.710238392983209,,,,1.0
25,acetone_hl_gap_eV,104,0.9999999403953552,0.0,0.710238392983209,0.710238392983209,,,,1.0
25,acetone_hl_gap_eV,105,0.9999999403953552,0.0,0.710238392983209,0.710238392983209,,,,1.0
25,acetone_hl_gap_eV,106,0.9999999403953552,0.0,0.710238392983209,0.710238392983209,,,,1.0
25,acetone_hl_gap_eV,107,0.9999999403953552,0.0,0.710238392983209,0.710238392983209,,,,1.0
25,acetone_hl_gap_eV,108,0.9999999403953552,0.0,0.710238392983209,0.710238392983209,,,,1.0
25,acetone_hl_gap_eV,109,0.9999999403953552,0.0,0.710238392983209,0.710238392983209,,,,1.0
25,acetone_hl_gap_eV,110,0.9999999403953552,0.0,0.710238392983209,0.710238392983209,,,,1.0
25,acetone_hl_gap_eV,111,0.9999999403953552,0.0,0.710238392983209,0.710238392983209,,,,1.0
25,acetone_hl_gap_eV,112,0.9999999403953552,0.0,0.710238392983209,0.710238392983209,,,,1.0
25,acetone_hl_gap_eV,113,0.9999999403953552,0.0,0.710238392983209,0.710238392983209,,,,1.0
25,acetone_hl_gap_eV,114,0.9999999403953552,0.0,0.710238392983209,0.710238392983209,,,,1.0
25,acetone_hl_gap_eV,115,0.9999999403953552,0.0,0.710238392983209,0.710238392983209,,,,1.0
25,acetone_hl_gap_eV,116,0.9999999403953552,0.0,0.710238392983209,0.710238392983209,,,,1.0
25,acetone_hl_gap_eV,117,0.9999999403953552,0.0,0.710238392983209,0.710238392983209,,,,1.0
25,acetone_hl_gap_eV,118,0.9999999403953552,0.0,0.710238392983209,0.710238392983209,,,,1.0
25,acetone_hl_gap_eV,119,0.9999999403953552,0.0,0.710238392983209,0.710238392983209,,,,1.0
25,acetone_hl_gap_eV,120,0.9999999403953552,0.0,0.710238392983209,0.710238392983209,,,,1.0
25,acetone_hl_gap_eV,121,0.9999999403953552,0.0,0.710238392983209,0.710238392983209,,,,1.0
25,acetone_hl_gap_eV,122,0.9999999403953552,0.0,0.710238392983209,0.710238392983209,,,,1.0
25,acetone_hl_gap_eV,123,0.9999999403953552,0.0,0.710238392983209,0.710238392983209,,,,1.0
25,acetone_hl_gap_eV,124,0.9999999403953552,0.0,0.710238392983209,0.710238392983209,,,,1.0
25,acetone_hl_gap_eV,125,0.9999999403953552,0.0,0.710238392983209,0.710238392983209,,,,1.0
25,acetone_hl_gap_eV,126,0.9999999403953552,0.0,0.710238392983209,0.710238392983209,,,,1.0
25,acetone_hl_gap_eV,127,0.9999999403953552,0.0,0.710238392983209,0.710238392983209,,,,1.0
25,acetone_hl_gap_eV,128,0.9999999403953552,0.0,0.710238392983209,0.710238392983209,,,,1.0
25,acetone_hl_gap_eV,129,0.9999999403953552,0.0,0.710238392983209,0.710238392983209,,,,1.0
25,acetone_hl_gap_eV,130,0.9999999403953552,0.0,0.710238392983209,0.710238392983209,,,,1.0
25,acetone_hl_gap_eV,131,0.9999999403953552,0.0,0.710238392983209,0.710238392983209,,,,1.0
25,acetone_hl_gap_eV,132,0.9999999403953552,0.0,0.710238392983209,0.710238392983209,,,,1.0
25,acetone_hl_gap_eV,133,0.9999999403953552,0.0,0.710238392983209,0.710238392983209,,,,1.0
25,acetone_hl_gap_eV,134,0.9999999403953552,0.0,0.710238392983209,0.710238392983209,,,,1.0
25,acetone_hl_gap_eV,135,0.9999999403953552,0.0,0.710238392983209,0.710238392983209,,,,1.0
25,acetone_hl_gap_eV,136,0.9999999403953552,0.0,0.710238392983209,0.710238392983209,,,,1.0
25,acetone_hl_gap_eV,137,0.9999999403953552,0.0,0.710238392983209,0.710238392983209,,,,1.0
25,acetone_hl_gap_eV,138,0.9999999403953552,0.0,0.710238392983209,0.710238392983209,,,,1.0
25,acetone_hl_gap_eV,139,0.9999999403953552,0.0,0.710238392983209,0.710238392983209,,,,1.0
25,acetone_hl_gap_eV,140,0.9999999403953552,0.0,0.710238392983209,0.710238392983209,,,,1.0
25,acetone_hl_gap_eV,141,0.9999999403953552,0.0,0.710238392983209,0.710238392983209,,,,1.0
25,acetone_hl_gap_eV,142,0.9999999403953552,0.0,0.710238392983209,0.710238392983209,,,,1.0
25,acetone_hl_gap_eV,143,0.9999999403953552,0.0,0.710238392983209,0.710238392983209,,,,1.0
25,acetone_hl_gap_eV,144,0.9999999403953552,0.0,0.710238392983209,0.710238392983209,,,,1.0
25,acetone_hl_gap_eV,145,0.9999999403953552,0.0,0.710238392983209,0.710238392983209,,,,1.0
25,acetone_hl_gap_eV,146,0.9999999403953552,0.0,0.710238392983209,0.710238392983209,,,,1.0
25,acetone_hl_gap_eV,147,0.9999999403953552,0.0,0.710238392983209,0.710238392983209,,,,1.0
25,acetone_hl_gap_eV,148,0.9999999403953552,0.0,0.710238392983209,0.710238392983209,,,,1.0
25,acetone_hl_gap_eV,149,0.9999999403953552,0.0,0.710238392983209,0.710238392983209,,,,1.0
25,acetone_hl_gap_eV,150,0.9999999403953552,0.0,0.710238392983209,0.710238392983209,,,,1.0
25,acetone_hl_gap_eV,151,0.9999999403953552,0.0,0.710238392983209,0.710238392983209,,,,1.0
25,acetone_hl_gap_eV,152,0.9999999403953552,0.0,0.710238392983209,0.710238392983209,,,,1.0
25,acetone_hl_gap_eV,153,0.9999999403953552,0.0,0.710238392983209,0.710238392983209,,,,1.0
25,acetone_hl_gap_eV,154,0.9999999403953552,0.0,0.710238392983209,0.710238392983209,,,,1.0
25,acetone_hl_gap_eV,155,0.9999999403953552,0.0,0.710238392983209,0.710238392983209,,,,1.0
25,acetone_hl_gap_eV,156,0.9999999403953552,0.0,0.710238392983209,0.710238392983209,,,,1.0
25,acetone_hl_gap_eV,157,0.9999999403953552,0.0,0.710238392983209,0.710238392983209,,,,1.0
25,acetone_hl_gap_eV,158,0.9999999403953552,0.0,0.710238392983209,0.710238392983209,,,,1.0
25,acetone_hl_gap_eV,159,0.9999999403953552,0.0,0.710238392983209,0.710238392983209,,,,1.0
25,acetone_hl_gap_eV,160,0.9999999403953552,0.0,0.710238392983209,0.710238392983209,,,,1.0
25,acetone_hl_gap_eV,161,0.9999999403953552,0.0,0.710238392983209,0.710238392983209,,,,1.0
25,acetone_hl_gap_eV,162,0.9999999403953552,0.0,0.710238392983209,0.710238392983209,,,,1.0
25,acetone_hl_gap_eV,163,0.9999999403953552,0.0,0.710238392983209,0.710238392983209,,,,1.0
25,acetone_hl_gap_eV,164,0.9999999403953552,0.0,0.710238392983209,0.710238392983209,,,,1.0
25,acetone_hl_gap_eV,165,0.9999999403953552,0.0,0.710238392983209,0.710238392983209,,,,1.0
25,acetone_hl_gap_eV,166,0.9999999403953552,0.0,0.710238392983209,0.710238392983209,,,,1.0
25,acetone_hl_gap_eV,167,0.9999999403953552,0.0,0.710238392983209,0.710238392983209,,,,1.0
25,acetone_hl_gap_eV,168,0.9999999403953552,0.0,0.710238392983209,0.710238392983209,,,,1.0
25,acetone_hl_gap_eV,169,0.9999999403953552,0.0,0.710238392983209,0.710238392983209,,,,1.0
25,acetone_hl_gap_eV,170,0.9999999403953552,0.0,0.710238392983209,0.710238392983209,,,,1.0
25,acetone_hl_gap_eV,171,0.9999999403953552,0.0,0.710238392983209,0.710238392983209,,,,1.0
25,acetone_hl_gap_eV,172,0.9999999403953552,0.0,0.710238392983209,0.710238392983209,,,,1.0
25,acetone_hl_gap_eV,173,0.9999999403953552,0.0,0.710238392983209,0.710238392983209,,,,1.0
25,acetone_hl_gap_eV,174,0.9999999403953552,0.0,0.710238392983209,0.710238392983209,,,,1.0
25,acetone_hl_gap_eV,175,0.9999999403953552,0.0,0.710238392983209,0.710238392983209,,,,1.0
25,acetone_hl_gap_eV,176,0.9999999403953552,0.0,0.710238392983209,0.710238392983209,,,,1.0
25,acetone_hl_gap_eV,177,0.9999999403953552,0.0,0.710238392983209,0.710238392983209,,,,1.0
25,acetone_hl_gap_eV,178,0.9999999403953552,0.0,0.710238392983209,0.710238392983209,,,,1.0
25,acetone_hl_gap_eV,179,0.9999999403953552,0.0,0.710238392983209,0.710238392983209,,,,1.0
25,acetone_hl_gap_eV,180,0.9999999403953552,0.0,0.710238392983209,0.710238392983209,,,,1.0
25,acetone_hl_gap_eV,181,0.9999999403953552,0.0,0.710238392983209,0.710238392983209,,,,1.0
25,acetone_hl_gap_eV,182,0.9999999403953552,0.0,0.710238392983209,0.710238392983209,,,,1.0
25,acetone_hl_gap_eV,183,0.9999999403953552,0.0,0.710238392983209,0.710238392983209,,,,1.0
25,acetone_hl_gap_eV,184,0.9999999403953552,0.0,0.710238392983209,0.710238392983209,,,,1.0
25,acetone_hl_gap_eV,185,0.9999999403953552,0.0,0.710238392983209,0.710238392983209,,,,1.0
25,acetone_hl_gap_eV,186,0.9999999403953552,0.0,0.710238392983209,0.710238392983209,,,,1.0
25,acetone_hl_gap_eV,187,0.9999999403953552,0.0,0.710238392983209,0.710238392983209,,,,1.0
25,acetone_hl_gap_eV,188,0.9999999403953552,0.0,0.710238392983209,0.710238392983209,,,,1.0
25,acetone_hl_gap_eV,189,0.9999999403953552,0.0,0.710238392983209,0.710238392983209,,,,1.0
25,acetone_hl_gap_eV,190,0.9999999403953552,0.0,0.710238392983209,0.710238392983209,,,,1.0
25,acetone_hl_gap_eV,191,0.9999999403953552,0.0,0.710238392983209,0.710238392983209,,,,1.0
25,acetone_hl_gap_eV,192,0.9999999403953552,0.0,0.710238392983209,0.710238392983209,,,,1.0
25,acetone_hl_gap_eV,193,0.9999999403953552,0.0,0.710238392983209,0.710238392983209,,,,1.0
25,acetone_hl_gap_eV,194,0.9999999403953552,0.0,0.710238392983209,0.710238392983209,,,,1.0
25,acetone_hl_gap_eV,195,0.9999999403953552,0.0,0.710238392983209,0.710238392983209,,,,1.0
25,acetone_hl_gap_eV,196,0.9999999403953552,0.0,0.710238392983209,0.710238392983209,,,,1.0
25,acetone_hl_gap_eV,197,0.9999999403953552,0.0,0.710238392983209,0.710238392983209,,,,1.0
25,acetone_hl_gap_eV,198,0.9999999403953552,0.0,0.710238392983209,0.710238392983209,,,,1.0
25,acetone_hl_gap_eV,199,0.9999999403953552,0.0,0.710238392983209,0.710238392983209,,,,1.0
25,acetone_hl_gap_eV,200,0.9999999403953552,0.0,0.710238392983209,0.710238392983209,,,,1.0
25,acetone_hl_gap_eV,201,0.9999999403953552,0.0,0.710238392983209,0.710238392983209,,,,1.0
25,acetone_hl_gap_eV,202,0.9999999403953552,0.0,0.710238392983209,0.710238392983209,,,,1.0
25,acetone_hl_gap_eV,203,0.9999999403953552,0.0,0.710238392983209,0.710238392983209,,,,1.0
25,acetone_hl_gap_eV,204,0.9999999403953552,0.0,0.710238392983209,0.710238392983209,,,,1.0
25,acetone_hl_gap_eV,205,0.9999999403953552,0.0,0.710238392983209,0.710238392983209,,,,1.0
25,acetone_hl_gap_eV,206,0.9999999403953552,0.0,0.710238392983209,0.710238392983209,,,,1.0
25,acetone_hl_gap_eV,207,0.9999999403953552,0.0,0.710238392983209,0.710238392983209,,,,1.0
25,acetone_hl_gap_eV,208,0.9999999403953552,0.0,0.710238392983209,0.710238392983209,,,,1.0
25,acetone_hl_gap_eV,209,0.9999999403953552,0.0,0.710238392983209,0.710238392983209,,,,1.0
25,acetone_hl_gap_eV,210,0.9999999403953552,0.0,0.710238392983209,0.710238392983209,,,,1.0
25,acetone_hl_gap_eV,211,0.9999999403953552,0.0,0.710238392983209,0.710238392983209,,,,1.0
25,acetone_hl_gap_eV,212,0.9999999403953552,0.0,0.710238392983209,0.710238392983209,,,,1.0
25,acetone_hl_gap_eV,213,0.9999999403953552,0.0,0.710238392983209,0.710238392983209,,,,1.0
25,acetone_hl_gap_eV,214,0.9999999403953552,0.0,0.710238392983209,0.710238392983209,,,,1.0
25,acetone_hl_gap_eV,215,0.9999999403953552,0.0,0.710238392983209,0.710238392983209,,,,1.0
25,acetone_hl_gap_eV,216,0.9999999403953552,0.0,0.710238392983209,0.710238392983209,,,,1.0
25,acetone_hl_gap_eV,217,0.9999999403953552,0.0,0.710238392983209,0.710238392983209,,,,1.0
25,acetone_hl_gap_eV,218,0.9999999403953552,0.0,0.710238392983209,0.710238392983209,,,,1.0
25,acetone_hl_gap_eV,219,0.9999999403953552,0.0,0.710238392983209,0.710238392983209,,,,1.0
25,acetone_hl_gap_eV,220,0.9999999403953552,0.0,0.710238392983209,0.710238392983209,,,,1.0
25,acetone_hl_gap_eV,221,0.9999999403953552,0.0,0.710238392983209,0.710238392983209,,,,1.0
25,acetone_hl_gap_eV,222,0.9999999403953552,0.0,0.710238392983209,0.710238392983209,,,,1.0
25,acetone_hl_gap_eV,223,0.9999999403953552,0.0,0.710238392983209,0.710238392983209,,,,1.0
25,acetone_hl_gap_eV,224,0.9999999403953552,0.0,0.710238392983209,0.710238392983209,,,,1.0
25,acetone_hl_gap_eV,225,0.9999999403953552,0.0,0.710238392983209,0.710238392983209,,,,1.0
25,acetone_hl_gap_eV,226,0.9999999403953552,0.0,0.710238392983209,0.710238392983209,,,,1.0
25,acetone_hl_gap_eV,227,0.9999999403953552,0.0,0.710238392983209,0.710238392983209,,,,1.0
25,acetone_hl_gap_eV,228,0.9999999403953552,0.0,0.710238392983209,0.710238392983209,,,,1.0
25,acetone_hl_gap_eV,229,0.9999999403953552,0.0,0.710238392983209,0.710238392983209,,,,1.0
25,acetone_hl_gap_eV,230,0.9999999403953552,0.0,0.710238392983209,0.710238392983209,,,,1.0
25,acetone_hl_gap_eV,231,0.9999999403953552,0.0,0.710238392983209,0.710238392983209,,,,1.0
25,acetone_hl_gap_eV,232,0.9999999403953552,0.0,0.710238392983209,0.710238392983209,,,,1.0
25,acetone_hl_gap_eV,233,0.9999999403953552,0.0,0.710238392983209,0.710238392983209,,,,1.0
25,acetone_hl_gap_eV,234,0.9999999403953552,0.0,0.710238392983209,0.710238392983209,,,,1.0
25,acetone_hl_gap_eV,235,0.9999999403953552,0.0,0.710238392983209,0.710238392983209,,,,1.0
25,acetone_hl_gap_eV,236,0.9999999403953552,0.0,0.710238392983209,0.710238392983209,,,,1.0
25,acetone_hl_gap_eV,237,0.9999999403953552,0.0,0.710238392983209,0.710238392983209,,,,1.0
25,acetone_hl_gap_eV,238,0.9999999403953552,0.0,0.710238392983209,0.710238392983209,,,,1.0
25,acetone_hl_gap_eV,239,0.9999999403953552,0.0,0.710238392983209,0.710238392983209,,,,1.0
25,acetone_hl_gap_eV,240,0.9999999403953552,0.0,0.710238392983209,0.710238392983209,,,,1.0
25,acetone_hl_gap_eV,241,0.9999999403953552,0.0,0.710238392983209,0.710238392983209,,,,1.0
25,acetone_hl_gap_eV,242,0.9999999403953552,0.0,0.710238392983209,0.710238392983209,,,,1.0
25,acetone_hl_gap_eV,243,0.9999999403953552,0.0,0.710238392983209,0.710238392983209,,,,1.0
25,acetone_hl_gap_eV,244,0.9999999403953552,0.0,0.710238392983209,0.710238392983209,,,,1.0
25,acetone_hl_gap_eV,245,0.9999999403953552,0.0,0.710238392983209,0.710238392983209,,,,1.0
25,acetone_hl_gap_eV,246,0.9999999403953552,0.0,0.710238392983209,0.710238392983209,,,,1.0
25,acetone_hl_gap_eV,247,0.9999999403953552,0.0,0.710238392983209,0.710238392983209,,,,1.0
25,acetone_hl_gap_eV,248,0.9999999403953552,0.0,0.710238392983209,0.710238392983209,,,,1.0
25,acetone_hl_gap_eV,249,0.9999999403953552,0.0,0.710238392983209,0.710238392983209,,,,1.0
25,acetone_dipole,0,1.0000001192092896,0.0,0.6212509820090719,0.6212509820090719,,,,1.0
25,acetone_dipole,1,1.0000001192092896,0.0,0.6212509820090719,0.6212509820090719,,,,1.0
25,acetone_dipole,2,1.0000001192092896,0.0,0.6212509820090719,0.6212509820090719,,,,1.0
25,acetone_dipole,3,1.0000001192092896,0.0,0.6212509820090719,0.6212509820090719,,,,1.0
25,acetone_dipole,4,1.0000001192092896,0.0,0.6212509820090719,0.6212509820090719,,,,1.0
25,acetone_dipole,5,1.0000001192092896,0.0,0.6212509820090719,0.6212509820090719,,,,1.0
25,acetone_dipole,6,1.0000001192092896,0.0,0.6212509820090719,0.6212509820090719,,,,1.0
25,acetone_dipole,7,1.0000001192092896,0.0,0.6212509820090719,0.6212509820090719,,,,1.0
25,acetone_dipole,8,1.0000001192092896,0.0,0.6212509820090719,0.6212509820090719,,,,1.0
25,acetone_dipole,9,1.0000001192092896,0.0,0.6212509820090719,0.6212509820090719,,,,1.0
25,acetone_dipole,10,1.0000001192092896,0.0,0.6212509820090719,0.6212509820090719,,,,1.0
25,acetone_dipole,11,1.0000001192092896,0.0,0.6212509820090719,0.6212509820090719,,,,1.0
25,acetone_dipole,12,1.0000001192092896,0.0,0.6212509820090719,0.6212509820090719,,,,1.0
25,acetone_dipole,13,1.0000001192092896,0.0,0.6212509820090719,0.6212509820090719,,,,1.0
25,acetone_dipole,14,1.0000001192092896,0.0,0.6212509820090719,0.6212509820090719,,,,1.0
25,acetone_dipole,15,1.0000001192092896,0.0,0.6212509820090719,0.6212509820090719,,,,1.0
25,acetone_dipole,16,1.0000001192092896,0.0,0.6212509820090719,0.6212509820090719,,,,1.0
25,acetone_dipole,17,1.0000001192092896,0.0,0.6212509820090719,0.6212509820090719,,,,1.0
25,acetone_dipole,18,1.0000001192092896,0.0,0.6212509820090719,0.6212509820090719,,,,1.0
25,acetone_dipole,19,1.0000001192092896,0.0,0.6212509820090719,0.6212509820090719,,,,1.0
25,acetone_dipole,20,1.0000001192092896,0.0,0.6212509820090719,0.6212509820090719,,,,1.0
25,acetone_dipole,21,1.0000001192092896,0.0,0.6212509820090719,0.6212509820090719,,,,1.0
25,acetone_dipole,22,1.0000001192092896,0.0,0.6212509820090719,0.6212509820090719,,,,1.0
25,acetone_dipole,23,1.0000001192092896,0.0,0.6212509820090719,0.6212509820090719,,,,1.0
25,acetone_dipole,24,1.0000001192092896,0.0,0.6212509820090719,0.6212509820090719,,,,1.0
25,acetone_dipole,25,1.0000001192092896,0.0,0.6212509820090719,0.6212509820090719,,,,1.0
25,acetone_dipole,26,1.0000001192092896,0.0,0.6212509820090719,0.6212509820090719,,,,1.0
25,acetone_dipole,27,1.0000001192092896,0.0,0.6212509820090719,0.6212509820090719,,,,1.0
25,acetone_dipole,28,1.0000001192092896,0.0,0.6212509820090719,0.6212509820090719,,,,1.0
25,acetone_dipole,29,1.0000001192092896,0.0,0.6212509820090719,0.6212509820090719,,,,1.0
25,acetone_dipole,30,1.0000001192092896,0.0,0.6212509820090719,0.6212509820090719,,,,1.0
25,acetone_dipole,31,1.0000001192092896,0.0,0.6212509820090719,0.6212509820090719,,,,1.0
25,acetone_dipole,32,1.0000001192092896,0.0,0.6212509820090719,0.6212509820090719,,,,1.0
25,acetone_dipole,33,1.0000001192092896,0.0,0.6212509820090719,0.6212509820090719,,,,1.0
25,acetone_dipole,34,1.0000001192092896,0.0,0.6212509820090719,0.6212509820090719,,,,1.0
25,acetone_dipole,35,1.0000001192092896,0.0,0.6212509820090719,0.6212509820090719,,,,1.0
25,acetone_dipole,36,1.0000001192092896,0.0,0.6212509820090719,0.6212509820090719,,,,1.0
25,acetone_dipole,37,1.0000001192092896,0.0,0.6212509820090719,0.6212509820090719,,,,1.0
25,acetone_dipole,38,1.0000001192092896,0.0,0.6212509820090719,0.6212509820090719,,,,1.0
25,acetone_dipole,39,1.0000001192092896,0.0,0.6212509820090719,0.6212509820090719,,,,1.0
25,acetone_dipole,40,1.0000001192092896,0.0,0.6212509820090719,0.6212509820090719,,,,1.0
25,acetone_dipole,41,1.0000001192092896,0.0,0.6212509820090719,0.6212509820090719,,,,1.0
25,acetone_dipole,42,1.0000001192092896,0.0,0.6212509820090719,0.6212509820090719,,,,1.0
25,acetone_dipole,43,1.0000001192092896,0.0,0.6212509820090719,0.6212509820090719,,,,1.0
25,acetone_dipole,44,1.0000001192092896,0.0,0.6212509820090719,0.6212509820090719,,,,1.0
25,acetone_dipole,45,1.0000001192092896,0.0,0.6212509820090719,0.6212509820090719,,,,1.0
25,acetone_dipole,46,1.0000001192092896,0.0,0.6212509820090719,0.6212509820090719,,,,1.0
25,acetone_dipole,47,1.0000001192092896,0.0,0.6212509820090719,0.6212509820090719,,,,1.0
25,acetone_dipole,48,1.0000001192092896,0.0,0.6212509820090719,0.6212509820090719,,,,1.0
25,acetone_dipole,49,1.0000001192092896,0.0,0.6212509820090719,0.6212509820090719,,,,1.0
25,acetone_dipole,50,1.0000001192092896,0.0,0.6212509820090719,0.6212509820090719,,,,1.0
25,acetone_dipole,51,1.0000001192092896,0.0,0.6212509820090719,0.6212509820090719,,,,1.0
25,acetone_dipole,52,1.0000001192092896,0.0,0.6212509820090719,0.6212509820090719,,,,1.0
25,acetone_dipole,53,1.0000001192092896,0.0,0.6212509820090719,0.6212509820090719,,,,1.0
25,acetone_dipole,54,1.0000001192092896,0.0,0.6212509820090719,0.6212509820090719,,,,1.0
25,acetone_dipole,55,1.0000001192092896,0.0,0.6212509820090719,0.6212509820090719,,,,1.0
25,acetone_dipole,56,1.0000001192092896,0.0,0.6212509820090719,0.6212509820090719,,,,1.0
25,acetone_dipole,57,1.0000001192092896,0.0,0.6212509820090719,0.6212509820090719,,,,1.0
25,acetone_dipole,58,1.0000001192092896,0.0,0.6212509820090719,0.6212509820090719,,,,1.0
25,acetone_dipole,59,1.0000001192092896,0.0,0.6212509820090719,0.6212509820090719,,,,1.0
25,acetone_dipole,60,1.0000001192092896,0.0,0.6212509820090719,0.6212509820090719,,,,1.0
25,acetone_dipole,61,1.0000001192092896,0.0,0.6212509820090719,0.6212509820090719,,,,1.0
25,acetone_dipole,62,1.0000001192092896,0.0,0.6212509820090719,0.6212509820090719,,,,1.0
25,acetone_dipole,63,1.0000001192092896,0.0,0.6212509820090719,0.6212509820090719,,,,1.0
25,acetone_dipole,64,1.0000001192092896,0.0,0.6212509820090719,0.6212509820090719,,,,1.0
25,acetone_dipole,65,1.0000001192092896,0.0,0.6212509820090719,0.6212509820090719,,,,1.0
25,acetone_dipole,66,1.0000001192092896,0.0,0.6212509820090719,0.6212509820090719,,,,1.0
25,acetone_dipole,67,1.0000001192092896,0.0,0.6212509820090719,0.6212509820090719,,,,1.0
25,acetone_dipole,68,1.0000001192092896,0.0,0.6212509820090719,0.6212509820090719,,,,1.0
25,acetone_dipole,69,1.0000001192092896,0.0,0.6212509820090719,0.6212509820090719,,,,1.0
25,acetone_dipole,70,1.0000001192092896,0.0,0.6212509820090719,0.6212509820090719,,,,1.0
25,acetone_dipole,71,1.0000001192092896,0.0,0.6212509820090719,0.6212509820090719,,,,1.0
25,acetone_dipole,72,1.0000001192092896,0.0,0.6212509820090719,0.6212509820090719,,,,1.0
25,acetone_dipole,73,1.0000001192092896,0.0,0.6212509820090719,0.6212509820090719,,,,1.0
25,acetone_dipole,74,1.0000001192092896,0.0,0.6212509820090719,0.6212509820090719,,,,1.0
25,acetone_dipole,75,1.0000001192092896,0.0,0.6212509820090719,0.6212509820090719,,,,1.0
25,acetone_dipole,76,1.0000001192092896,0.0,0.6212509820090719,0.6212509820090719,,,,1.0
25,acetone_dipole,77,1.0000001192092896,0.0,0.6212509820090719,0.6212509820090719,,,,1.0
25,acetone_dipole,78,1.0000001192092896,0.0,0.6212509820090719,0.6212509820090719,,,,1.0
25,acetone_dipole,79,1.0000001192092896,0.0,0.6212509820090719,0.6212509820090719,,,,1.0
25,acetone_dipole,80,1.0000001192092896,0.0,0.6212509820090719,0.6212509820090719,,,,1.0
25,acetone_dipole,81,1.0000001192092896,0.0,0.6212509820090719,0.6212509820090719,,,,1.0
25,acetone_dipole,82,1.0000001192092896,0.0,0.6212509820090719,0.6212509820090719,,,,1.0
25,acetone_dipole,83,1.0000001192092896,0.0,0.6212509820090719,0.6212509820090719,,,,1.0
25,acetone_dipole,84,1.0000001192092896,0.0,0.6212509820090719,0.6212509820090719,,,,1.0
25,acetone_dipole,85,1.0000001192092896,0.0,0.6212509820090719,0.6212509820090719,,,,1.0
25,acetone_dipole,86,1.0000001192092896,0.0,0.6212509820090719,0.6212509820090719,,,,1.0
25,acetone_dipole,87,1.0000001192092896,0.0,0.6212509820090719,0.6212509820090719,,,,1.0
25,acetone_dipole,88,1.0000001192092896,0.0,0.6212509820090719,0.6212509820090719,,,,1.0
25,acetone_dipole,89,1.0000001192092896,0.0,0.6212509820090719,0.6212509820090719,,,,1.0
25,acetone_dipole,90,1.0000001192092896,0.0,0.6212509820090719,0.6212509820090719,,,,1.0
25,acetone_dipole,91,1.0000001192092896,0.0,0.6212509820090719,0.6212509820090719,,,,1.0
25,acetone_dipole,92,1.0000001192092896,0.0,0.6212509820090719,0.6212509820090719,,,,1.0
25,acetone_dipole,93,1.0000001192092896,0.0,0.6212509820090719,0.6212509820090719,,,,1.0
25,acetone_dipole,94,1.0000001192092896,0.0,0.6212509820090719,0.6212509820090719,,,,1.0
25,acetone_dipole,95,1.0000001192092896,0.0,0.6212509820090719,0.6212509820090719,,,,1.0
25,acetone_dipole,96,1.0000001192092896,0.0,0.6212509820090719,0.6212509820090719,,,,1.0
25,acetone_dipole,97,1.0000001192092896,0.0,0.6212509820090719,0.6212509820090719,,,,1.0
25,acetone_dipole,98,1.0000001192092896,0.0,0.6212509820090719,0.6212509820090719,,,,1.0
25,acetone_dipole,99,1.0000001192092896,0.0,0.6212509820090719,0.6212509820090719,,,,1.0
25,acetone_dipole,100,1.0000001192092896,0.0,0.6212509820090719,0.6212509820090719,,,,1.0
25,acetone_dipole,101,1.0000001192092896,0.0,0.6212509820090719,0.6212509820090719,,,,1.0
25,acetone_dipole,102,1.0000001192092896,0.0,0.6212509820090719,0.6212509820090719,,,,1.0
25,acetone_dipole,103,1.0000001192092896,0.0,0.6212509820090719,0.6212509820090719,,,,1.0
25,acetone_dipole,104,1.0000001192092896,0.0,0.6212509820090719,0.6212509820090719,,,,1.0
25,acetone_dipole,105,1.0000001192092896,0.0,0.6212509820090719,0.6212509820090719,,,,1.0
25,acetone_dipole,106,1.0000001192092896,0.0,0.6212509820090719,0.6212509820090719,,,,1.0
25,acetone_dipole,107,1.0000001192092896,0.0,0.6212509820090719,0.6212509820090719,,,,1.0
25,acetone_dipole,108,1.0000001192092896,0.0,0.6212509820090719,0.6212509820090719,,,,1.0
25,acetone_dipole,109,1.0000001192092896,0.0,0.6212509820090719,0.6212509820090719,,,,1.0
25,acetone_dipole,110,1.0000001192092896,0.0,0.6212509820090719,0.6212509820090719,,,,1.0
25,acetone_dipole,111,1.0000001192092896,0.0,0.6212509820090719,0.6212509820090719,,,,1.0
25,acetone_dipole,112,1.0000001192092896,0.0,0.6212509820090719,0.6212509820090719,,,,1.0
25,acetone_dipole,113,1.0000001192092896,0.0,0.6212509820090719,0.6212509820090719,,,,1.0
25,acetone_dipole,114,1.0000001192092896,0.0,0.6212509820090719,0.6212509820090719,,,,1.0
25,acetone_dipole,115,1.0000001192092896,0.0,0.6212509820090719,0.6212509820090719,,,,1.0
25,acetone_dipole,116,1.0000001192092896,0.0,0.6212509820090719,0.6212509820090719,,,,1.0
25,acetone_dipole,117,1.0000001192092896,0.0,0.6212509820090719,0.6212509820090719,,,,1.0
25,acetone_dipole,118,1.0000001192092896,0.0,0.6212509820090719,0.6212509820090719,,,,1.0
25,acetone_dipole,119,1.0000001192092896,0.0,0.6212509820090719,0.6212509820090719,,,,1.0
25,acetone_dipole,120,1.0000001192092896,0.0,0.6212509820090719,0.6212509820090719,,,,1.0
25,acetone_dipole,121,1.0000001192092896,0.0,0.6212509820090719,0.6212509820090719,,,,1.0
25,acetone_dipole,122,1.0000001192092896,0.0,0.6212509820090719,0.6212509820090719,,,,1.0
25,acetone_dipole,123,1.0000001192092896,0.0,0.6212509820090719,0.6212509820090719,,,,1.0
25,acetone_dipole,124,1.0000001192092896,0.0,0.6212509820090719,0.6212509820090719,,,,1.0
25,acetone_dipole,125,1.0000001192092896,0.0,0.6212509820090719,0.6212509820090719,,,,1.0
25,acetone_dipole,126,1.0000001192092896,0.0,0.6212509820090719,0.6212509820090719,,,,1.0
25,acetone_dipole,127,1.0000001192092896,0.0,0.6212509820090719,0.6212509820090719,,,,1.0
25,acetone_dipole,128,1.0000001192092896,0.0,0.6212509820090719,0.6212509820090719,,,,1.0
25,acetone_dipole,129,1.0000001192092896,0.0,0.6212509820090719,0.6212509820090719,,,,1.0
25,acetone_dipole,130,1.0000001192092896,0.0,0.6212509820090719,0.6212509820090719,,,,1.0
25,acetone_dipole,131,1.0000001192092896,0.0,0.6212509820090719,0.6212509820090719,,,,1.0
25,acetone_dipole,132,1.0000001192092896,0.0,0.6212509820090719,0.6212509820090719,,,,1.0
25,acetone_dipole,133,1.0000001192092896,0.0,0.6212509820090719,0.6212509820090719,,,,1.0
25,acetone_dipole,134,1.0000001192092896,0.0,0.6212509820090719,0.6212509820090719,,,,1.0
25,acetone_dipole,135,1.0000001192092896,0.0,0.6212509820090719,0.6212509820090719,,,,1.0
25,acetone_dipole,136,1.0000001192092896,0.0,0.6212509820090719,0.6212509820090719,,,,1.0
25,acetone_dipole,137,1.0000001192092896,0.0,0.6212509820090719,0.6212509820090719,,,,1.0
25,acetone_dipole,138,1.0000001192092896,0.0,0.6212509820090719,0.6212509820090719,,,,1.0
25,acetone_dipole,139,1.0000001192092896,0.0,0.6212509820090719,0.6212509820090719,,,,1.0
25,acetone_dipole,140,1.0000001192092896,0.0,0.6212509820090719,0.6212509820090719,,,,1.0
25,acetone_dipole,141,1.0000001192092896,0.0,0.6212509820090719,0.6212509820090719,,,,1.0
25,acetone_dipole,142,1.0000001192092896,0.0,0.6212509820090719,0.6212509820090719,,,,1.0
25,acetone_dipole,143,1.0000001192092896,0.0,0.6212509820090719,0.6212509820090719,,,,1.0
25,acetone_dipole,144,1.0000001192092896,0.0,0.6212509820090719,0.6212509820090719,,,,1.0
25,acetone_dipole,145,1.0000001192092896,0.0,0.6212509820090719,0.6212509820090719,,,,1.0
25,acetone_dipole,146,1.0000001192092896,0.0,0.6212509820090719,0.6212509820090719,,,,1.0
25,acetone_dipole,147,1.0000001192092896,0.0,0.6212509820090719,0.6212509820090719,,,,1.0
25,acetone_dipole,148,1.0000001192092896,0.0,0.6212509820090719,0.6212509820090719,,,,1.0
25,acetone_dipole,149,1.0000001192092896,0.0,0.6212509820090719,0.6212509820090719,,,,1.0
25,acetone_dipole,150,1.0000001192092896,0.0,0.6212509820090719,0.6212509820090719,,,,1.0
25,acetone_dipole,151,1.0000001192092896,0.0,0.6212509820090719,0.6212509820090719,,,,1.0
25,acetone_dipole,152,1.0000001192092896,0.0,0.6212509820090719,0.6212509820090719,,,,1.0
25,acetone_dipole,153,1.0000001192092896,0.0,0.6212509820090719,0.6212509820090719,,,,1.0
25,acetone_dipole,154,1.0000001192092896,0.0,0.6212509820090719,0.6212509820090719,,,,1.0
25,acetone_dipole,155,1.0000001192092896,0.0,0.6212509820090719,0.6212509820090719,,,,1.0
25,acetone_dipole,156,1.0000001192092896,0.0,0.6212509820090719,0.6212509820090719,,,,1.0
25,acetone_dipole,157,1.0000001192092896,0.0,0.6212509820090719,0.6212509820090719,,,,1.0
25,acetone_dipole,158,1.0000001192092896,0.0,0.6212509820090719,0.6212509820090719,,,,1.0
25,acetone_dipole,159,1.0000001192092896,0.0,0.6212509820090719,0.6212509820090719,,,,1.0
25,acetone_dipole,160,1.0000001192092896,0.0,0.6212509820090719,0.6212509820090719,,,,1.0
25,acetone_dipole,161,1.0000001192092896,0.0,0.6212509820090719,0.6212509820090719,,,,1.0
25,acetone_dipole,162,1.0000001192092896,0.0,0.6212509820090719,0.6212509820090719,,,,1.0
25,acetone_dipole,163,1.0000001192092896,0.0,0.6212509820090719,0.6212509820090719,,,,1.0
25,acetone_dipole,164,1.0000001192092896,0.0,0.6212509820090719,0.6212509820090719,,,,1.0
25,acetone_dipole,165,1.0000001192092896,0.0,0.6212509820090719,0.6212509820090719,,,,1.0
25,acetone_dipole,166,1.0000001192092896,0.0,0.6212509820090719,0.6212509820090719,,,,1.0
25,acetone_dipole,167,1.0000001192092896,0.0,0.6212509820090719,0.6212509820090719,,,,1.0
25,acetone_dipole,168,1.0000001192092896,0.0,0.6212509820090719,0.6212509820090719,,,,1.0
25,acetone_dipole,169,1.0000001192092896,0.0,0.6212509820090719,0.6212509820090719,,,,1.0
25,acetone_dipole,170,1.0000001192092896,0.0,0.6212509820090719,0.6212509820090719,,,,1.0
25,acetone_dipole,171,1.0000001192092896,0.0,0.6212509820090719,0.6212509820090719,,,,1.0
25,acetone_dipole,172,1.0000001192092896,0.0,0.6212509820090719,0.6212509820090719,,,,1.0
25,acetone_dipole,173,1.0000001192092896,0.0,0.6212509820090719,0.6212509820090719,,,,1.0
25,acetone_dipole,174,1.0000001192092896,0.0,0.6212509820090719,0.6212509820090719,,,,1.0
25,acetone_dipole,175,1.0000001192092896,0.0,0.6212509820090719,0.6212509820090719,,,,1.0
25,acetone_dipole,176,1.0000001192092896,0.0,0.6212509820090719,0.6212509820090719,,,,1.0
25,acetone_dipole,177,1.0000001192092896,0.0,0.6212509820090719,0.6212509820090719,,,,1.0
25,acetone_dipole,178,1.0000001192092896,0.0,0.6212509820090719,0.6212509820090719,,,,1.0
25,acetone_dipole,179,1.0000001192092896,0.0,0.6212509820090719,0.6212509820090719,,,,1.0
25,acetone_dipole,180,1.0000001192092896,0.0,0.6212509820090719,0.6212509820090719,,,,1.0
25,acetone_dipole,181,1.0000001192092896,0.0,0.6212509820090719,0.6212509820090719,,,,1.0
25,acetone_dipole,182,1.0000001192092896,0.0,0.6212509820090719,0.6212509820090719,,,,1.0
25,acetone_dipole,183,1.0000001192092896,0.0,0.6212509820090719,0.6212509820090719,,,,1.0
25,acetone_dipole,184,1.0000001192092896,0.0,0.6212509820090719,0.6212509820090719,,,,1.0
25,acetone_dipole,185,1.0000001192092896,0.0,0.6212509820090719,0.6212509820090719,,,,1.0
25,acetone_dipole,186,1.0000001192092896,0.0,0.6212509820090719,0.6212509820090719,,,,1.0
25,acetone_dipole,187,1.0000001192092896,0.0,0.6212509820090719,0.6212509820090719,,,,1.0
25,acetone_dipole,188,1.0000001192092896,0.0,0.6212509820090719,0.6212509820090719,,,,1.0
25,acetone_dipole,189,1.0000001192092896,0.0,0.6212509820090719,0.6212509820090719,,,,1.0
25,acetone_dipole,190,1.0000001192092896,0.0,0.6212509820090719,0.6212509820090719,,,,1.0
25,acetone_dipole,191,1.0000001192092896,0.0,0.6212509820090719,0.6212509820090719,,,,1.0
25,acetone_dipole,192,1.0000001192092896,0.0,0.6212509820090719,0.6212509820090719,,,,1.0
25,acetone_dipole,193,1.0000001192092896,0.0,0.6212509820090719,0.6212509820090719,,,,1.0
25,acetone_dipole,194,1.0000001192092896,0.0,0.6212509820090719,0.6212509820090719,,,,1.0
25,acetone_dipole,195,1.0000001192092896,0.0,0.6212509820090719,0.6212509820090719,,,,1.0
25,acetone_dipole,196,1.0000001192092896,0.0,0.6212509820090719,0.6212509820090719,,,,1.0
25,acetone_dipole,197,1.0000001192092896,0.0,0.6212509820090719,0.6212509820090719,,,,1.0
25,acetone_dipole,198,1.0000001192092896,0.0,0.6212509820090719,0.6212509820090719,,,,1.0
25,acetone_dipole,199,1.0000001192092896,0.0,0.6212509820090719,0.6212509820090719,,,,1.0
25,acetone_dipole,200,1.0000001192092896,0.0,0.6212509820090719,0.6212509820090719,,,,1.0
25,acetone_dipole,201,1.0000001192092896,0.0,0.6212509820090719,0.6212509820090719,,,,1.0
25,acetone_dipole,202,1.0000001192092896,0.0,0.6212509820090719,0.6212509820090719,,,,1.0
25,acetone_dipole,203,1.0000001192092896,0.0,0.6212509820090719,0.6212509820090719,,,,1.0
25,acetone_dipole,204,1.0000001192092896,0.0,0.6212509820090719,0.6212509820090719,,,,1.0
25,acetone_dipole,205,1.0000001192092896,0.0,0.6212509820090719,0.6212509820090719,,,,1.0
25,acetone_dipole,206,1.0000001192092896,0.0,0.6212509820090719,0.6212509820090719,,,,1.0
25,acetone_dipole,207,1.0000001192092896,0.0,0.6212509820090719,0.6212509820090719,,,,1.0
25,acetone_dipole,208,1.0000001192092896,0.0,0.6212509820090719,0.6212509820090719,,,,1.0
25,acetone_dipole,209,1.0000001192092896,0.0,0.6212509820090719,0.6212509820090719,,,,1.0
25,acetone_dipole,210,1.0000001192092896,0.0,0.6212509820090719,0.6212509820090719,,,,1.0
25,acetone_dipole,211,1.0000001192092896,0.0,0.6212509820090719,0.6212509820090719,,,,1.0
25,acetone_dipole,212,1.0000001192092896,0.0,0.6212509820090719,0.6212509820090719,,,,1.0
25,acetone_dipole,213,1.0000001192092896,0.0,0.6212509820090719,0.6212509820090719,,,,1.0
25,acetone_dipole,214,1.0000001192092896,0.0,0.6212509820090719,0.6212509820090719,,,,1.0
25,acetone_dipole,215,1.0000001192092896,0.0,0.6212509820090719,0.6212509820090719,,,,1.0
25,acetone_dipole,216,1.0000001192092896,0.0,0.6212509820090719,0.6212509820090719,,,,1.0
25,acetone_dipole,217,1.0000001192092896,0.0,0.6212509820090719,0.6212509820090719,,,,1.0
25,acetone_dipole,218,1.0000001192092896,0.0,0.6212509820090719,0.6212509820090719,,,,1.0
25,acetone_dipole,219,1.0000001192092896,0.0,0.6212509820090719,0.6212509820090719,,,,1.0
25,acetone_dipole,220,1.0000001192092896,0.0,0.6212509820090719,0.6212509820090719,,,,1.0
25,acetone_dipole,221,1.0000001192092896,0.0,0.6212509820090719,0.6212509820090719,,,,1.0
25,acetone_dipole,222,1.0000001192092896,0.0,0.6212509820090719,0.6212509820090719,,,,1.0
25,acetone_dipole,223,1.0000001192092896,0.0,0.6212509820090719,0.6212509820090719,,,,1.0
25,acetone_dipole,224,1.0000001192092896,0.0,0.6212509820090719,0.6212509820090719,,,,1.0
25,acetone_dipole,225,1.0000001192092896,0.0,0.6212509820090719,0.6212509820090719,,,,1.0
25,acetone_dipole,226,1.0000001192092896,0.0,0.6212509820090719,0.6212509820090719,,,,1.0
25,acetone_dipole,227,1.0000001192092896,0.0,0.6212509820090719,0.6212509820090719,,,,1.0
25,acetone_dipole,228,1.0000001192092896,0.0,0.6212509820090719,0.6212509820090719,,,,1.0
25,acetone_dipole,229,1.0000001192092896,0.0,0.6212509820090719,0.6212509820090719,,,,1.0
25,acetone_dipole,230,1.0000001192092896,0.0,0.6212509820090719,0.6212509820090719,,,,1.0
25,acetone_dipole,231,1.0000001192092896,0.0,0.6212509820090719,0.6212509820090719,,,,1.0
25,acetone_dipole,232,1.0000001192092896,0.0,0.6212509820090719,0.6212509820090719,,,,1.0
25,acetone_dipole,233,1.0000001192092896,0.0,0.6212509820090719,0.6212509820090719,,,,1.0
25,acetone_dipole,234,1.0000001192092896,0.0,0.6212509820090719,0.6212509820090719,,,,1.0
25,acetone_dipole,235,1.0000001192092896,0.0,0.6212509820090719,0.6212509820090719,,,,1.0
25,acetone_dipole,236,1.0000001192092896,0.0,0.6212509820090719,0.6212509820090719,,,,1.0
25,acetone_dipole,237,1.0000001192092896,0.0,0.6212509820090719,0.6212509820090719,,,,1.0
25,acetone_dipole,238,1.0000001192092896,0.0,0.6212509820090719,0.6212509820090719,,,,1.0
25,acetone_dipole,239,1.0000001192092896,0.0,0.6212509820090719,0.6212509820090719,,,,1.0
25,acetone_dipole,240,1.0000001192092896,0.0,0.6212509820090719,0.6212509820090719,,,,1.0
25,acetone_dipole,241,1.0000001192092896,0.0,0.6212509820090719,0.6212509820090719,,,,1.0
25,acetone_dipole,242,1.0000001192092896,0.0,0.6212509820090719,0.6212509820090719,,,,1.0
25,acetone_dipole,243,1.0000001192092896,0.0,0.6212509820090719,0.6212509820090719,,,,1.0
25,acetone_dipole,244,1.0000001192092896,0.0,0.6212509820090719,0.6212509820090719,,,,1.0
25,acetone_dipole,245,1.0000001192092896,0.0,0.6212509820090719,0.6212509820090719,,,,1.0
25,acetone_dipole,246,1.0000001192092896,0.0,0.6212509820090719,0.6212509820090719,,,,1.0
25,acetone_dipole,247,1.0000001192092896,0.0,0.6212509820090719,0.6212509820090719,,,,1.0
25,acetone_dipole,248,1.0000001192092896,0.0,0.6212509820090719,0.6212509820090719,,,,1.0
25,acetone_dipole,249,1.0000001192092896,0.0,0.6212509820090719,0.6212509820090719,,,,1.0
25,octanol_gsolv_eV,0,0.24462434649467468,0.0759434849023819,0.6317457185343185,0.9230355463545354,16.178295135498047,0.5085412263870239,0.03143354859877629,0.26
25,octanol_gsolv_eV,1,0.09254541993141174,0.0757676362991333,0.6316589130171597,0.9687740703942005,15.943022727966309,0.009980130940675735,0.0006259873746005003,0.06
25,octanol_gsolv_eV,2,0.10088267177343369,0.07777826488018036,0.6337244624489933,0.9554316552274065,16.428768157958984,0.019494982436299324,0.0011866368950404172,0.08
25,octanol_gsolv_eV,3,0.10028088837862015,0.052738603204488754,0.6256736758029187,0.9761772176632986,10.683030128479004,0.03887788951396942,0.003639219308230544,0.18
25,octanol_gsolv_eV,4,0.07492023706436157,0.04106276482343674,0.6253283547894859,0.9475267651948356,8.33604907989502,0.14350301027297974,0.01721475112461633,0.04
25,octanol_gsolv_eV,5,0.2274082750082016,0.0731133222579956,0.6352967804502763,0.9366016288437362,15.557668685913086,1.654554009437561,0.10634973933695481,0.18
25,octanol_gsolv_eV,6,0.1649194210767746,0.07198497653007507,0.6321781076044373,0.9356722599961951,15.197630882263184,0.3008590042591095,0.019796441076236123,0.12
25,octanol_gsolv_eV,7,0.22065123915672302,0.06910359114408493,0.6332602225965622,0.9073657520132461,14.731268882751465,0.451203852891922,0.030628987664479274,0.16
25,octanol_gsolv_eV,8,0.046660054475069046,0.07393471896648407,0.6333293236694437,0.9698377963248184,15.587650299072266,0.007522420957684517,0.0004825885116329708,0.04
25,octanol_gsolv_eV,9,0.30647844076156616,0.08417002111673355,0.6235106601621894,0.9301629022537563,17.517406463623047,1.1478315591812134,0.06552519983850466,0.3
25,octanol_gsolv_eV,10,0.08678920567035675,0.06866790354251862,0.635797246579966,0.9680224825429946,14.537201881408691,0.006008665077388287,0.00041333023551613714,0.12
25,octanol_gsolv_eV,11,0.06120812147855759,0.0765303298830986,0.6332249231836016,0.940465458570156,16.13142967224121,0.07111271470785141,0.004408333058676219,0.04
25,octanol_gsolv_eV,12,0.1416657716035843,0.06604374200105667,0.6352076959934454,0.9342415748964006,14.048450469970703,0.22985702753067017,0.01636173526909616,0.08
25,octanol_gsolv_eV,13,0.08996948599815369,0.05757300555706024,0.6279706960186713,0.9330016283092073,11.973878860473633,0.1408255696296692,0.011761065171165324,0.1
25,octanol_gsolv_eV,14,0.03979852423071861,0.06531594693660736,0.6293612976898912,0.965409435985684,13.640312194824219,0.009359409101307392,0.0006861579828692481,0.04
25,octanol_gsolv_eV,15,0.17801664769649506,0.06942331045866013,0.634183094591283,0.9174335949857406,14.732857704162598,0.6043204069137573,0.04101854637087913,0.24
25,octanol_gsolv_eV,16,0.168577641248703,0.0748124048113823,0.6310564904749842,0.9203902425004098,15.76700496673584,0.21495775878429413,0.013633391962379504,0.12
25,octanol_gsolv_eV,17,0.17715950310230255,0.04709779471158981,0.626057402424778,0.9551658846797815,9.563260078430176,0.22613096237182617,0.02364580284518895,0.22
25,octanol_gsolv_eV,18,0.09178467839956284,0.041095394641160965,0.6253364738682363,0.9418456263726145,8.317383766174316,0.08274494111537933,0.00994843371925339,0.06
25,octanol_gsolv_eV,19,0.24015367031097412,0.08033669739961624,0.6329073667136156,0.9185683859373293,17.06024932861328,0.4552241265773773,0.026683322020029328,0.28
25,octanol_gsolv_eV,20,0.20266370475292206,0.06984663754701614,0.6342350383525976,0.9294627358701695,14.766983985900879,0.5300997495651245,0.035897631504933546,0.22
25,octanol_gsolv_eV,21,0.06242488697171211,0.0901818796992302,0.6267515521940379,0.9688193701947136,18.759164810180664,0.007512829732149839,0.00040048849765809405,0.0
25,octanol_gsolv_eV,22,0.05987400561571121,0.07158687710762024,0.6363959413829816,0.9712866899795289,15.174554824829102,0.005549261812120676,0.0003656951967408489,0.04
25,octanol_gsolv_eV,23,0.2428526133298874,0.11162493377923965,0.6225640928854279,0.9415412291689451,23.06748390197754,0.1497342735528946,0.0064911402643293105,0.26
25,octanol_gsolv_eV,24,0.2084137350320816,0.06485039740800858,0.6320474827568616,0.9244185855215521,13.725387573242188,0.430228054523468,0.031345421193220285,0.16
25,octanol_gsolv_eV,25,0.22270266711711884,0.07204624265432358,0.6326488491602689,0.9108068538795873,15.250178337097168,0.4733915627002716,0.031041706676223725,0.2
25,octanol_gsolv_eV,26,0.13936847448349,0.0694466382265091,0.6335298321539633,0.9405589066449194,14.671902656555176,0.12296239286661148,0.00838080757110761,0.1
25,octanol_gsolv_eV,27,0.09593503177165985,0.073179230093956,0.632614670880471,0.9786190826271579,15.397751808166504,0.010212838649749756,0.0006632681690799285,0.06
25,octanol_gsolv_eV,28,0.10912768542766571,0.06960311532020569,0.6315404112296061,0.9375991913599042,14.630663871765137,0.1582670509815216,0.010817489374966228,0.06
25,octanol_gsolv_eV,29,0.05922633782029152,0.07272397726774216,0.6312647837074801,0.9647812720817577,15.270471572875977,0.008877433836460114,0.0005813464105606645,0.02
25,octanol_gsolv_eV,30,0.10916643589735031,0.06741099804639816,0.6333096514195677,0.96465464352597,14.22750186920166,0.05387132242321968,0.003786421742796266,0.12
25,octanol_gsolv_eV,31,0.033622849732637405,0.07444395124912262,0.6323304484644856,0.9536590147301336,15.662712097167969,0.007420459762215614,0.0004737659554859171,0.02
25,octanol_gsolv_eV,32,0.1475568562746048,0.07417057454586029,0.6337486128905556,0.95638113347767,15.689713478088379,0.06983743607997894,0.004451160703317565,0.12
25,octanol_gsolv_eV,33,0.22191138565540314,0.06546138972043991,0.632749813632006,0.911612784687879,13.921048164367676,0.5116491317749023,0.03675363562669942,0.26
25,octanol_gsolv_eV,34,0.21195322275161743,0.07923230528831482,0.6343408931243386,0.956695948490597,16.790721893310547,1.3148391246795654,0.07830748034742924,0.2
25,octanol_gsolv_eV,35,0.1288619488477707,0.07393431663513184,0.633140618885502,0.9158797840887145,15.679817199707031,0.3367615044116974,0.021477387148237263,0.04
25,octanol_gsolv_eV,36,0.12101588398218155,0.0897509902715683,0.6323721392997155,0.9093663901173712,18.9857120513916,0.5043753385543823,0.02656604804650521,0.14
25,octanol_gsolv_eV,37,0.12596292793750763,0.03910220041871071,0.6270515101378591,0.9694299329747105,7.9113264083862305,0.0873345285654068,0.011039176499256778,0.14
25,octanol_gsolv_eV,38,0.15095244348049164,0.06960093230009079,0.6330284023341788,0.9169241789189186,14.736859321594238,0.4545852243900299,0.03084681847535291,0.16
25,octanol_gsolv_eV,39,0.33592793345451355,0.07016773521900177,0.6329924430201903,0.940934599697308,14.905502319335938,1.7717632055282593,0.11886638689323917,0.3
25,octanol_gsolv_eV,40,0.09813527762889862,0.0692949891090393,0.6321820242825789,0.9056861367048306,14.60805606842041,0.5596278309822083,0.03830953470886572,0.12
25,octanol_gsolv_eV,41,0.1402767449617386,0.06582897901535034,0.6322233437434028,0.9514797225299179,13.859320640563965,0.04903347045183182,0.0035379418460324,0.1
25,octanol_gsolv_eV,42,0.0957302525639534,0.06971118599176407,0.6307484480235217,0.966817639126454,14.623745918273926,0.016650820150971413,0.0011386152524822278,0.08
25,octanol_gsolv_eV,43,0.10319674015045166,0.06450282782316208,0.6323403806298764,0.970340824142824,13.58146858215332,0.05387474223971367,0.0039667832616060075,0.06
25,octanol_gsolv_eV,44,0.21863649785518646,0.08220148086547852,0.6334539273431692,0.9360810339075878,17.499967575073242,0.2394656538963318,0.013683777005245654,0.1
25,octanol_gsolv_eV,45,0.23279131948947906,0.07174482941627502,0.6349446374834817,0.9487230983298696,15.193848609924316,1.5417561531066895,0.10147239140579861,0.2
25,octanol_gsolv_eV,46,0.18201668560504913,0.06624282896518707,0.6302021057242648,0.9100315982424834,13.912468910217285,0.47863897681236267,0.03440359722643127,0.16
25,octanol_gsolv_eV,47,0.14801786839962006,0.0656249076128006,0.6322487058083224,0.9627902922241172,13.838459968566895,0.05445044860243797,0.00393471880007735,0.1
25,octanol_gsolv_eV,48,0.11508560925722122,0.06793398410081863,0.63213016707265,0.9480075877824996,14.289560317993164,0.06260689347982407,0.0043813029992945665,0.12
25,octanol_gsolv_eV,49,0.054772477596998215,0.07072339951992035,0.6298705258465096,0.9431867551958077,14.790114402770996,0.017170261591672897,0.0011609282473471585,0.02
25,octanol_gsolv_eV,50,0.17081515491008759,0.07423537969589233,0.6286938113845084,0.9129179868498696,15.551416397094727,0.4799026846885681,0.0308590981319375,0.18
25,octanol_gsolv_eV,51,0.18335309624671936,0.07055892795324326,0.6326968425973425,0.9060906733625527,14.989471435546875,0.5433566570281982,0.03624922061892401,0.1
25,octanol_gsolv_eV,52,0.102012500166893,0.07451533526182175,0.6352717910709211,0.9450300692817559,15.804694175720215,0.09602146595716476,0.006075502941694163,0.12
25,octanol_gsolv_eV,53,0.26107558608055115,0.06617514789104462,0.6329192558303824,0.9184899363286847,14.146992683410645,0.6026725769042969,0.042600755538031485,0.16
25,octanol_gsolv_eV,54,0.2290017455816269,0.07114516198635101,0.637329654051813,0.9208086683557759,15.193889617919922,1.4508503675460815,0.0954890685683885,0.2
25,octanol_gsolv_eV,55,0.06026569381356239,0.066945880651474,0.6299131656309112,0.9589615992106832,13.999917984008789,0.05475464090704918,0.0039110686912303275,0.04
25,octanol_gsolv_eV,56,0.10222107917070389,0.07575949281454086,0.6312940192871728,0.9529458490480212,15.908708572387695,0.014226209372282028,0.0008942403657437076,0.06
25,octanol_gsolv_eV,57,0.16135506331920624,0.07326950877904892,0.6326113486496174,0.9444746220574383,15.50719928741455,0.21013963222503662,0.013551101545176074,0.2
25,octanol_gsolv_eV,58,0.0676538273692131,0.07355838268995285,0.6315719590970272,0.9379832080944943,15.452089309692383,0.07006332278251648,0.004534229732840658,0.02
25,octanol_gsolv_eV,59,0.1669207364320755,0.07866855710744858,0.627967414275981,0.9507648702319451,16.397245407104492,0.2701887786388397,0.016477693169230367,0.2
25,octanol_gsolv_eV,60,0.1416744440793991,0.03829921409487724,0.6266643904102325,0.9786980020006848,7.744264602661133,0.08755266666412354,0.011305484917707763,0.14
25,octanol_gsolv_eV,61,0.258259654045105,0.05523879826068878,0.6294886020139743,0.936920647323813,11.53477954864502,1.307566523551941,0.11335860542783756,0.16
25,octanol_gsolv_eV,62,0.04529218748211861,0.04014609009027481,0.6266672996506746,0.9684145468455514,8.142099380493164,0.02106570452451706,0.002587257111474991,0.04
25,octanol_gsolv_eV,63,0.21855273842811584,0.03763259947299957,0.626776069014443,0.9732415804992669,7.641227722167969,0.18115049600601196,0.023706988273687512,0.12
25,octanol_gsolv_eV,64,0.25417473912239075,0.07510212063789368,0.6339070705327228,0.9223544479275099,15.964428901672363,0.8000615835189819,0.050115264908422184,0.32
25,octanol_gsolv_eV,65,0.17357924580574036,0.07665611803531647,0.6275394321239607,0.9309561805252835,16.014619827270508,0.2001183182001114,0.012495976823585893,0.08
25,octanol_gsolv_eV,66,0.13372865319252014,0.07610190659761429,0.6296766049588607,0.926612565791741,15.960698127746582,0.5646151900291443,0.03537534420550185,0.06
25,octanol_gsolv_eV,67,0.13259121775627136,0.0882016271352768,0.6347433548858279,0.9658238035199984,18.661457061767578,0.06626278907060623,0.0035507832454498567,0.1
25,octanol_gsolv_eV,68,0.289573609828949,0.0658830776810646,0.6323063521456638,0.9223075762217479,14.01735782623291,1.0135587453842163,0.07230740328875551,0.28
25,octanol_gsolv_eV,69,0.11749836802482605,0.06026644632220268,0.6340252019941317,0.942043030685711,12.702580451965332,0.06821347028017044,0.005370048277837635,0.08
25,octanol_gsolv_eV,70,0.3322890102863312,0.0356426015496254,0.6285477245242419,0.9208226735184459,7.221006393432617,1.1054664850234985,0.15309036231139492,0.24
25,octanol_gsolv_eV,71,0.22948317229747772,0.06462058424949646,0.6334495449113691,0.9094099699066698,13.77296257019043,0.5953770279884338,0.043227956581907846,0.2
25,octanol_gsolv_eV,72,0.08906199038028717,0.06756550073623657,0.633167284161076,0.9690540052678234,14.252519607543945,0.010687792673707008,0.000749887947394922,0.06
25,octanol_gsolv_eV,73,0.24792681634426117,0.06630202382802963,0.632874315211817,0.9226131980903907,14.101292610168457,0.7562713623046875,0.053631350203976295,0.26
25,octanol_gsolv_eV,74,0.10522167384624481,0.07142184674739838,0.6337768812706395,0.955926544546503,15.10309886932373,0.031149502843618393,0.002062457718984208,0.06
25,octanol_gsolv_eV,75,0.04036148637533188,0.04484928771853447,0.6334534002293706,0.9653471703125687,9.415423393249512,0.033567558974027634,0.0035651672338064214,0.02
25,octanol_gsolv_eV,76,0.347205251455307,0.05563855171203613,0.6271608792834555,0.9030203257397758,11.670543670654297,1.1622508764266968,0.09958840900867272,0.2
25,octanol_gsolv_eV,77,0.1819804459810257,0.0698598325252533,0.63345723399558,0.9109432938729176,14.86731243133545,0.5560920238494873,0.037403668377710725,0.14
25,octanol_gsolv_eV,78,0.040466003119945526,0.07255005091428757,0.6328139075887282,0.9546467188210326,15.28542423248291,0.012409999966621399,0.0008118845625657563,0.02
25,octanol_gsolv_eV,79,0.10196312516927719,0.05100666731595993,0.6291296977713339,0.9313668756707649,10.628735542297363,0.4322495758533478,0.04066801494243581,0.04
25,octanol_gsolv_eV,80,0.053924404084682465,0.07519955933094025,0.6322138303106959,0.9597864517125931,15.822535514831543,0.02017177827656269,0.0012748764733474167,0.04
25,octanol_gsolv_eV,81,0.22821176052093506,0.06693960726261139,0.6338418257818215,0.9273220849024346,14.205056190490723,0.4856071472167969,0.034185513996197806,0.2
25,octanol_gsolv_eV,82,0.29796072840690613,0.0812796801328659,0.6255008776915143,0.9276818200438472,17.116886138916016,0.7727447748184204,0.045145172348932686,0.24
25,octanol_gsolv_eV,83,0.07193215936422348,0.0842045471072197,0.6266345566711973,0.9774702923428567,17.419431686401367,0.022603733465075493,0.001297616011360537,0.06
25,octanol_gsolv_eV,84,0.2847164571285248,0.06133090704679489,0.6265336692402301,0.9485388431985358,12.588214874267578,0.9241352677345276,0.07341273381213209,0.38
25,octanol_gsolv_eV,85,0.19003771245479584,0.05452363193035126,0.6335211980543305,0.9203525246403321,11.49739933013916,0.5765938758850098,0.05014993907131091,0.2
25,octanol_gsolv_eV,86,0.1014247015118599,0.06746036559343338,0.6327272624878462,0.9715851601917418,14.215700149536133,0.018262427300214767,0.0012846660458585067,0.08
25,octanol_gsolv_eV,87,0.08706314116716385,0.06410299241542816,0.6361368324653043,0.9494225484804562,13.58303451538086,0.06927675753831863,0.005100241588863854,0.06
25,octanol_gsolv_eV,88,0.1662219762802124,0.05687626451253891,0.6256704376035909,0.9382718748235552,11.56700611114502,0.3919949233531952,0.0338890564755128,0.12
25,octanol_gsolv_eV,89,0.04725734889507294,0.07101336866617203,0.630175431755049,0.9708861151757482,14.867775917053223,0.0070251282304525375,0.00047250700236844235,0.02
25,octanol_gsolv_eV,90,0.16180534660816193,0.06706854701042175,0.6337246319763765,0.9070147489293088,14.191889762878418,0.5712428092956543,0.040251356150598654,0.12
25,octanol_gsolv_eV,91,0.11357876658439636,0.07539813220500946,0.6330292913561211,0.9314068037661702,15.89451789855957,0.1238773986697197,0.007793718529893002,0.08
25,octanol_gsolv_eV,92,0.09460102021694183,0.06473670899868011,0.6336983079088752,0.9397171975784124,13.655497550964355,0.08543217927217484,0.006256248002193196,0.12
25,octanol_gsolv_eV,93,0.17390559613704681,0.06543069332838058,0.631620974829761,0.9411577694360744,13.763757705688477,0.10814674198627472,0.00785735583979209,0.12
25,octanol_gsolv_eV,94,0.11849577724933624,0.06553991138935089,0.6317580388231745,0.9492451822088428,13.78923225402832,0.047106221318244934,0.0034161598303983566,0.1
25,octanol_gsolv_eV,95,0.228816419839859,0.08643488585948944,0.6230979143789392,0.9355420449319396,18.02198028564453,0.641080915927887,0.035572168305973685,0.24
25,octanol_gsolv_eV,96,0.21455875039100647,0.07272307574748993,0.6361439943630289,0.9132898917924062,15.59582233428955,0.3816874325275421,0.024473697144417324,0.16
25,octanol_gsolv_eV,97,0.06636904180049896,0.062071189284324646,0.6330236790396797,0.9560160766791095,13.076613426208496,0.059542834758758545,0.0045533834195496834,0.02
25,octanol_gsolv_eV,98,0.2690431475639343,0.06598333269357681,0.6335897640818804,0.9185696333616991,14.065926551818848,1.442421793937683,0.10254722919416676,0.1
25,octanol_gsolv_eV,99,0.10272084176540375,0.06459835171699524,0.6306568190697466,0.9516206714431346,13.573413848876953,0.2232826203107834,0.016449997237007366,0.14
25,octanol_gsolv_eV,100,0.18992306292057037,0.06441202014684677,0.633363179201818,0.9292657875523218,13.648783683776855,0.4396321177482605,0.03221035133488222,0.16
25,octanol_gsolv_eV,101,0.09631682932376862,0.07625014334917068,0.6313944426506413,0.9771433382903407,16.014751434326172,0.011523213237524033,0.0007195374392652181,0.08
25,octanol_gsolv_eV,102,0.10829354077577591,0.06837712973356247,0.6312503070242521,0.9424839256127242,14.354966163635254,0.03407977521419525,0.0023740756213363923,0.06
25,octanol_gsolv_eV,103,0.06902308762073517,0.06567595899105072,0.632055319804451,0.9525309299977311,13.816635131835938,0.04889194667339325,0.003538629066113042,0.02
25,octanol_gsolv_eV,104,0.0472649484872818,0.06968413293361664,0.6337299864289188,0.9603580490395285,14.694272994995117,0.006202281452715397,0.0004220883506674947,0.04
25,octanol_gsolv_eV,105,0.030187105759978294,0.0663374811410904,0.6314660756984432,0.9577389405540202,13.916446685791016,0.015946203842759132,0.0011458531191759274,0.04
25,octanol_gsolv_eV,106,0.07706300169229507,0.10258613526821136,0.6317589066975009,0.9630981027760908,21.58718490600586,0.014636225067079067,0.0006780052670511505,0.0
25,octanol_gsolv_eV,107,0.17186123132705688,0.06760256737470627,0.6347075525542345,0.911520327544523,14.434351921081543,0.5475423336029053,0.0379332814245171,0.1
25,octanol_gsolv_eV,108,0.3355129063129425,0.06765535473823547,0.636073434834352,0.9400090473533107,14.512557029724121,0.98244708776474,0.0676963463952304,0.3
25,octanol_gsolv_eV,109,0.30911266803741455,0.07213907688856125,0.6350167063123626,0.9363097586506575,15.549005508422852,0.9218043684959412,0.05928381516082185,0.26
25,octanol_gsolv_eV,110,0.10729006677865982,0.07091803848743439,0.6347105439343961,0.9444615167458648,15.023632049560547,0.07098863273859024,0.004725131213571402,0.06
25,octanol_gsolv_eV,111,0.059951670467853546,0.07006698846817017,0.6322018048715281,0.9695656114899383,14.731096267700195,0.008367746137082577,0.0005680328188085992,0.02
25,octanol_gsolv_eV,112,0.1005498617887497,0.07129103690385818,0.6327883800548719,0.9725050256116521,15.036473274230957,0.02744264341890812,0.001825071804964963,0.08
25,octanol_gsolv_eV,113,0.06776739656925201,0.07994998246431351,0.6322127947733995,0.9599106900434475,16.840206146240234,0.012622581794857979,0.0007495503134132424,0.06
25,octanol_gsolv_eV,114,0.032472193241119385,0.05602581053972244,0.6311061256510533,0.9623280283286004,11.717852592468262,0.02579474076628685,0.002201319786431399,0.02
25,octanol_gsolv_eV,115,0.09485264122486115,0.03207998722791672,0.6263155567586511,0.93452259088397,6.501200199127197,0.13409341871738434,0.02062594822651158,0.04
25,octanol_gsolv_eV,116,0.10417734831571579,0.05058123171329498,0.6306247204550433,0.9234922512593755,10.605838775634766,0.13377602398395538,0.0126134317911078,0.06
25,octanol_gsolv_eV,117,0.30186766386032104,0.03758184611797333,0.6264979762667304,0.9144140787929476,7.728628158569336,1.228969693183899,0.1590152440988177,0.24
25,octanol_gsolv_eV,118,0.197367861866951,0.07796992361545563,0.6332833285860542,0.9355544382154246,16.519113540649414,0.21355627477169037,0.012927828981027444,0.2
25,octanol_gsolv_eV,119,0.19151030480861664,0.07236984372138977,0.6348720804986616,0.9301199425334148,15.398527145385742,0.38548073172569275,0.025033610558085374,0.12
25,octanol_gsolv_eV,120,0.20786452293395996,0.06942266970872879,0.6322032773575739,0.9244862653202364,14.7112455368042,0.39407679438591003,0.026787452727916158,0.26
25,octanol_gsolv_eV,121,0.06756500154733658,0.06329311430454254,0.6332267979894237,0.9616740336227549,13.329991340637207,0.01632939651608467,0.001225011787239772,0.04
25,octanol_gsolv_eV,122,0.10699500143527985,0.07641161233186722,0.6317014233773408,0.9780385057552896,16.047765731811523,0.008878129534423351,0.0005532315016802753,0.08
25,octanol_gsolv_eV,123,0.13599540293216705,0.08022534847259521,0.6335357884229664,0.9701465463889738,16.950576782226562,0.03211023285984993,0.0018943445566713072,0.06
25,octanol_gsolv_eV,124,0.16993273794651031,0.06464268267154694,0.6350784821334039,0.9435315434025193,13.732841491699219,0.13290591537952423,0.00967796180126734,0.16
25,octanol_gsolv_eV,125,0.11002278327941895,0.04465574398636818,0.6321829260751404,0.893707668708758,9.362154006958008,0.5816544890403748,0.06212827610057319,0.06
25,octanol_gsolv_eV,126,0.0847303569316864,0.07380551099777222,0.6288885254360204,0.9724285133796533,15.405780792236328,0.0142426248639822,0.0009244987356408255,0.06
25,octanol_gsolv_eV,127,0.1506626307964325,0.04667675495147705,0.6255393859772314,0.9557627275035459,9.484471321105957,0.10237019509077072,0.010793452963789828,0.14
25,octanol_gsolv_eV,128,0.16169345378875732,0.09352704137563705,0.6254648638040354,0.9509082680395082,19.431549072265625,0.11643645167350769,0.0059921342987366765,0.02
25,octanol_gsolv_eV,129,0.224272683262825,0.07064463198184967,0.6314390807836239,0.9026199568738615,14.967883110046387,0.7167743444442749,0.04788748944486202,0.18
25,octanol_gsolv_eV,130,0.19471301138401031,0.06122048199176788,0.6256058569549303,0.9559223054546306,12.520380973815918,0.22149473428726196,0.017690734391427675,0.24
25,octanol_gsolv_eV,131,0.18801991641521454,0.061656974256038666,0.6340206779810109,0.9151909706910928,12.996700286865234,0.4117791950702667,0.031683364698839776,0.24
25,octanol_gsolv_eV,132,0.2022808939218521,0.07734612375497818,0.6276701178533082,0.9284954989988756,16.160255432128906,0.923222005367279,0.05712917158052968,0.12
25,octanol_gsolv_eV,133,0.10618235915899277,0.05871385708451271,0.6256225048603841,0.9652935652266401,11.881954193115234,0.011643036268651485,0.0009798923711890604,0.08
25,octanol_gsolv_eV,134,0.06002364680171013,0.0745394378900528,0.6339762179888231,0.9194417323788007,15.761154174804688,0.22551842033863068,0.014308496562969843,0.04
25,octanol_gsolv_eV,135,0.10778632760047913,0.08080346882343292,0.6324349769201263,0.9583710652214161,17.033153533935547,0.04502106085419655,0.002643143018965927,0.06
25,octanol_gsolv_eV,136,0.042626406997442245,0.05477299913764,0.6337912797067766,0.9644180662407615,11.547163963317871,0.007996407337486744,0.0006924996789591892,0.04
25,octanol_gsolv_eV,137,0.35118362307548523,0.07559984922409058,0.6344154808395668,0.9239590077627582,16.13901138305664,1.9624103307724,0.12159420947138151,0.24
25,octanol_gsolv_eV,138,0.05948754400014877,0.07007310539484024,0.634753924737611,0.9643984488893294,14.825338363647461,0.012255282141268253,0.0008266443463657379,0.04
25,octanol_gsolv_eV,139,0.19575680792331696,0.07278339564800262,0.6300413062491357,0.9184747685933665,15.31692886352539,0.5306154489517212,0.03464241779011521,0.22
25,octanol_gsolv_eV,140,0.10321193933486938,0.08332343399524689,0.6248924982141566,0.9527796763853624,17.187768936157227,0.05923581123352051,0.00344639327265498,0.04
25,octanol_gsolv_eV,141,0.18820181488990784,0.07704050093889236,0.6313227063379678,0.9193999285761225,16.280906677246094,0.3046644330024719,0.0187129893342037,0.18
25,octanol_gsolv_eV,142,0.1580040007829666,0.07753533124923706,0.6325562077214693,0.9408208690055602,16.318716049194336,0.10475484281778336,0.006419306672289035,0.18
25,octanol_gsolv_eV,143,0.06241514906287193,0.07596590369939804,0.6354769414885082,0.947179353014741,16.1050968170166,0.06865983456373215,0.004263236374412003,0.04
25,octanol_gsolv_eV,144,0.09219038486480713,0.07456362992525101,0.6284776126266369,0.9605526191865901,15.549842834472656,0.02509753219783306,0.0016140055217917703,0.04
25,octanol_gsolv_eV,145,0.2206580638885498,0.06762894243001938,0.6344820438792482,0.9286027510262393,14.443979263305664,0.7424682378768921,0.05140330267318385,0.22
25,octanol_gsolv_eV,146,0.17809481918811798,0.07201191037893295,0.6328970344087066,0.9008248503238507,15.264537811279297,0.7316012978553772,0.047928165719815057,0.1
25,octanol_gsolv_eV,147,0.08838129043579102,0.07770172506570816,0.6312784992678668,0.9734986221820785,16.31346893310547,0.009873805567622185,0.0006052548117209418,0.0
25,octanol_gsolv_eV,148,0.08509401977062225,0.07170385867357254,0.6333255718398476,0.9049922281173886,15.167801856994629,0.3152666985988617,0.020785259563070868,0.02
25,octanol_gsolv_eV,149,0.1261240541934967,0.03714995086193085,0.6264050927603446,0.9701509588053114,7.49662446975708,0.08132179826498032,0.01084778870717736,0.12
25,octanol_gsolv_eV,150,0.08617202192544937,0.08716940879821777,0.6207003769003552,0.951038571954915,17.7327880859375,0.05824876204133034,0.003284805624419711,0.0
25,octanol_gsolv_eV,151,0.15693017840385437,0.11272238194942474,0.6315039923647319,0.9721262177376995,23.747209548950195,0.01631690375506878,0.0006871082567168448,0.24
25,octanol_gsolv_eV,152,0.1817930042743683,0.036491915583610535,0.6269251592805316,0.9615321635069392,7.398007869720459,0.19629886746406555,0.026534017119325244,0.14
25,octanol_gsolv_eV,153,0.11728259176015854,0.08759959042072296,0.623261984028485,0.9802170260548262,18.100191116333008,0.008077256381511688,0.0004462525467050479,0.02
25,octanol_gsolv_eV,154,0.13276579976081848,0.05021664872765541,0.6259835629768429,0.9371845171278108,10.259235382080078,0.17792485654354095,0.01734289641646436,0.12
25,octanol_gsolv_eV,155,0.049879349768161774,0.08975772559642792,0.6198649995822048,0.9737892053464188,18.211702346801758,0.008069426752626896,0.00044309019546676293,0.0
25,octanol_gsolv_eV,156,0.0724315345287323,0.07117591798305511,0.6330895214792425,0.9666351802279589,15.007416725158691,0.007130649872124195,0.0004751417251025122,0.06
25,octanol_gsolv_eV,157,0.14012882113456726,0.06738294661045074,0.6328643053575227,0.9356749735587648,14.243274688720703,0.2008667290210724,0.014102566538307333,0.06
25,octanol_gsolv_eV,158,0.028516072779893875,0.059101831167936325,0.6309321634966176,0.9458566851230907,12.356560707092285,0.024145349860191345,0.001954051004365046,0.04
25,octanol_gsolv_eV,159,0.074382483959198,0.06904186308383942,0.6320104253294374,0.9524404873749694,14.512397766113281,0.012909719720482826,0.0008895649036458511,0.04
25,octanol_gsolv_eV,160,0.07174176722764969,0.04439936950802803,0.6256313247718073,0.9461939420191376,9.07789421081543,0.10357541590929031,0.011409630196603333,0.02
25,octanol_gsolv_eV,161,0.0668596550822258,0.06897755712270737,0.6327544177297746,0.9694505952856025,14.563860893249512,0.009515625424683094,0.0006533724466630739,0.02
25,octanol_gsolv_eV,162,0.11482661962509155,0.03847420960664749,0.6260347809982778,0.9638755654843134,7.780558109283447,0.04641235992312431,0.0059651710418751275,0.16
25,octanol_gsolv_eV,163,0.1373109072446823,0.06989505887031555,0.6324949815748093,0.9476319530578936,14.702733993530273,0.13255664706230164,0.009015782174977203,0.1
25,octanol_gsolv_eV,164,0.3033836781978607,0.07494807243347168,0.6343046030529365,0.9429892832787923,16.010154724121094,1.0675337314605713,0.0666785393305545,0.3
25,octanol_gsolv_eV,165,0.07985274493694305,0.07226531952619553,0.634232874627576,0.9763140672778181,15.277280807495117,0.007799174170941114,0.0005105080065763272,0.08
25,octanol_gsolv_eV,166,0.14251872897148132,0.06817632913589478,0.6309575144104513,0.9372013186728809,14.358537673950195,0.13970938324928284,0.00973005652955516,0.08
25,octanol_gsolv_eV,167,0.2231617569923401,0.07215288281440735,0.635337435556748,0.9024461889349371,15.38784408569336,0.5855246782302856,0.038051118465300106,0.2
25,octanol_gsolv_eV,168,0.13866226375102997,0.0627465769648552,0.6258317822586332,0.9206952111703537,12.939350128173828,0.519490122795105,0.040148084536639886,0.06
25,octanol_gsolv_eV,169,0.16144773364067078,0.07631336152553558,0.6332309867121677,0.9209384762856025,16.154035568237305,0.27438274025917053,0.016985399041628494,0.16
25,octanol_gsolv_eV,170,0.07174200564622879,0.07045823335647583,0.6313403136608504,0.9799107076519551,14.79916763305664,0.007188071496784687,0.0004857078232378974,0.02
25,octanol_gsolv_eV,171,0.17029337584972382,0.07254090905189514,0.6311912464441523,0.9362690030364655,15.289522171020508,0.44076865911483765,0.028828151343425423,0.22
25,octanol_gsolv_eV,172,0.3343295156955719,0.06377331167459488,0.6313707518727567,0.9227796162439301,13.627717971801758,1.4097843170166016,0.10344977199658104,0.28
25,octanol_gsolv_eV,173,0.10970909893512726,0.07252933830022812,0.6327608584299564,0.9296520793974885,15.314080238342285,0.17520198225975037,0.011440581447463774,0.06
25,octanol_gsolv_eV,174,0.20467254519462585,0.08386629819869995,0.6339581814274471,0.9272115864936534,17.83769416809082,0.9442024230957031,0.05293298641619001,0.22
25,octanol_gsolv_eV,175,0.24909277260303497,0.04528290033340454,0.6272244789401624,0.9371096167540445,9.161433219909668,0.6473805904388428,0.07066368055076278,0.22
25,octanol_gsolv_eV,176,0.2055918127298355,0.06866046786308289,0.6315585540255386,0.9248888322283775,14.537446975708008,0.8453141450881958,0.05814735878319701,0.24
25,octanol_gsolv_eV,177,0.21192187070846558,0.05401737242937088,0.6277803977023186,0.9571979647301443,11.137145042419434,0.24882304668426514,0.02234172633440094,0.18
25,octanol_gsolv_eV,178,0.1687755584716797,0.07499220222234726,0.6305228771171223,0.9110675721919903,15.89615249633789,0.42458561062812805,0.02670996083649442,0.1
25,octanol_gsolv_eV,179,0.06455819308757782,0.07822778075933456,0.6315512906321166,0.9502917267143649,16.465492248535156,0.010611053556203842,0.0006444419271551295,0.06
25,octanol_gsolv_eV,180,0.09807110577821732,0.04746859148144722,0.6257213907057433,0.9738083206081667,9.59557056427002,0.03819730132818222,0.003980722258498453,0.1
25,octanol_gsolv_eV,181,0.1922556757926941,0.06809777766466141,0.6324218287657766,0.9000681331863318,14.482725143432617,0.886741042137146,0.06122749920026276,0.12
25,octanol_gsolv_eV,182,0.1018180325627327,0.08088762313127518,0.6329884376141959,0.9638893392551777,17.064167022705078,0.0254297386854887,0.0014902420171844684,0.04
25,octanol_gsolv_eV,183,0.17995098233222961,0.0647265836596489,0.6317163795200229,0.9390764789186359,13.631497383117676,0.2955628037452698,0.021682343137982635,0.22
25,octanol_gsolv_eV,184,0.10702057927846909,0.06982008367776871,0.634495969334359,0.9648271966006283,14.765466690063477,0.008870950900018215,0.0006007904176837149,0.06
25,octanol_gsolv_eV,185,0.049204014241695404,0.07402138411998749,0.6332201909685362,0.9637748069780567,15.616985321044922,0.006935336161404848,0.0004440893052552866,0.04
25,octanol_gsolv_eV,186,0.17280852794647217,0.07011884450912476,0.6351575511400327,0.9408082178408113,14.885376930236816,0.15873706340789795,0.01066395994887128,0.2
25,octanol_gsolv_eV,187,0.19970226287841797,0.07196202129125595,0.633473796943476,0.9195273774219725,15.33884334564209,0.493773877620697,0.03219107637349871,0.14
25,octanol_gsolv_eV,188,0.20492082834243774,0.0874473825097084,0.6318456553662046,0.9727364206342433,18.468647003173828,0.03640873730182648,0.0019713808648554308,0.14
25,octanol_gsolv_eV,189,0.2260790318250656,0.06474192440509796,0.6317481630085828,0.9241340829281617,13.717069625854492,0.4239400625228882,0.03090602250234472,0.14
25,octanol_gsolv_eV,190,0.14227652549743652,0.06915834546089172,0.6370339286781608,0.9071196853951133,14.736842155456543,0.517441987991333,0.03511213477982066,0.12
25,octanol_gsolv_eV,191,0.14205628633499146,0.06941666454076767,0.6361534514089306,0.9451837610589424,14.749970436096191,0.21912099421024323,0.014855690400165779,0.08
25,octanol_gsolv_eV,192,0.151769757270813,0.05696228891611099,0.6302827511206051,0.9135765465840153,11.924659729003906,0.12171713262796402,0.010207178686358316,0.08
25,octanol_gsolv_eV,193,0.14547094702720642,0.06381282955408096,0.6308074658526421,0.957197374943344,13.378734588623047,0.06323552876710892,0.004726570240871875,0.12
25,octanol_gsolv_eV,194,0.1441173255443573,0.057734619826078415,0.6329856840784813,0.9385234792168302,12.157980918884277,0.25920426845550537,0.021319680478598103,0.08
25,octanol_gsolv_eV,195,0.20018714666366577,0.09217336773872375,0.6217865322567693,0.9280007436906061,19.137359619140625,0.9282240867614746,0.048503247325356845,0.16
25,octanol_gsolv_eV,196,0.16854502260684967,0.06908193975687027,0.6330352555385621,0.9448359730341116,14.578746795654297,0.06813246011734009,0.004673409935183821,0.16
25,octanol_gsolv_eV,197,0.06077485904097557,0.07789330929517746,0.6299973370172136,0.9683615356161928,16.312402725219727,0.010001389309763908,0.0006131156444722457,0.0
25,octanol_gsolv_eV,198,0.18007956445217133,0.04901899769902229,0.6259105842037691,0.9502069150278596,9.944334030151367,0.2528299391269684,0.025424521980092814,0.14
25,octanol_gsolv_eV,199,0.3340992033481598,0.07770455628633499,0.6324069429617418,0.9324151281194566,16.740619659423828,0.6420131325721741,0.038350619369741455,0.22
25,octanol_gsolv_eV,200,0.1945469081401825,0.06941778212785721,0.6327129482426028,0.9132482151153305,14.763023376464844,0.4771096408367157,0.03231788155245504,0.26
25,octanol_gsolv_eV,201,0.09151791781187057,0.0755787193775177,0.6334689356497545,0.9456695089897307,15.966014862060547,0.11983294785022736,0.007505501459539661,0.06
25,octanol_gsolv_eV,202,0.07028909772634506,0.06953684985637665,0.6340622198179309,0.9512831392165852,14.677629470825195,0.01781420037150383,0.0012136973757862748,0.06
25,octanol_gsolv_eV,203,0.18872356414794922,0.07373365014791489,0.6338827964962299,0.9103136641288412,15.657201766967773,0.6912094354629517,0.044146421930974046,0.1
25,octanol_gsolv_eV,204,0.1656220555305481,0.0725029930472374,0.6235037063262154,0.9373959777753453,14.981568336486816,0.38439708948135376,0.02565800060766502,0.14
25,octanol_gsolv_eV,205,0.057827360928058624,0.07213668525218964,0.6339390089845094,0.965737380612536,15.208147048950195,0.006760165095329285,0.0004445094509916599,0.02
25,octanol_gsolv_eV,206,0.056978557258844376,0.071243517100811,0.6304806943462258,0.9520836257252083,14.919733047485352,0.025404972955584526,0.0017027766431696584,0.04
25,octanol_gsolv_eV,207,0.14983023703098297,0.06574308127164841,0.6334106217664903,0.8958297373972395,13.977951049804688,0.5260505080223083,0.037634307499571536,0.06
25,octanol_gsolv_eV,208,0.12174203991889954,0.06787368655204773,0.6327450550836518,0.9568425197622792,14.295293807983398,0.01688573695719242,0.0011812095074088197,0.1
25,octanol_gsolv_eV,209,0.19897408783435822,0.06819266080856323,0.6364461639334202,0.90140687344816,14.650419235229492,0.44013965129852295,0.030042802477633558,0.22
25,octanol_gsolv_eV,210,0.13894197344779968,0.058934345841407776,0.6322581477069298,0.9449735028407631,12.397917747497559,0.15721486508846283,0.012680747548933825,0.08
25,octanol_gsolv_eV,211,0.1438736766576767,0.06793046742677689,0.6317327644884627,0.9325080181886944,14.316612243652344,0.21046492457389832,0.014700749101255683,0.1
25,octanol_gsolv_eV,212,0.05872480571269989,0.07039329409599304,0.6331911876753149,0.9577307084044213,14.851621627807617,0.00647219130769372,0.0004357902099778406,0.02
25,octanol_gsolv_eV,213,0.24142855405807495,0.06369466334581375,0.6342682156122319,0.9137546623095723,13.532639503479004,0.627163827419281,0.04634453073681954,0.2
25,octanol_gsolv_eV,214,0.11116620153188705,0.06787577271461487,0.634723474207022,0.9465038837580682,14.381393432617188,0.08634527027606964,0.006003957174291432,0.06
25,octanol_gsolv_eV,215,0.13786102831363678,0.09950704127550125,0.6193571878812674,0.9664239133537116,20.24140739440918,0.07596658915281296,0.003753029009919314,0.04
25,octanol_gsolv_eV,216,0.12947314977645874,0.07205472886562347,0.6328369581198605,0.9427487687956682,15.232069969177246,0.0646914392709732,0.004247055022848447,0.06
25,octanol_gsolv_eV,217,0.1824621558189392,0.06977180391550064,0.6330149805414358,0.8994676377160711,14.806193351745605,0.4789699912071228,0.032349300041435276,0.12
25,octanol_gsolv_eV,218,0.09063896536827087,0.0811382383108139,0.6272139884831542,0.9750553980395258,16.84965705871582,0.006257985252887011,0.00037140134253652024,0.08
25,octanol_gsolv_eV,219,0.21031783521175385,0.07675914466381073,0.6309442687014328,0.9099040366688802,16.23613166809082,1.0640288591384888,0.06553462862275532,0.18
25,octanol_gsolv_eV,220,0.08366910368204117,0.072862409055233,0.6355034513435642,0.951395268352746,15.413460731506348,0.024997960776090622,0.0016218266106191707,0.04
25,octanol_gsolv_eV,221,0.1395767629146576,0.0751863643527031,0.6306110525287654,0.9210585451883087,15.816703796386719,0.3313439190387726,0.02094898679928919,0.1
25,octanol_gsolv_eV,222,0.30317798256874084,0.0759400725364685,0.6383162705378989,0.9374735719557692,16.3310546875,1.5934594869613647,0.09757235631456303,0.16
25,octanol_gsolv_eV,223,0.3849104344844818,0.07151065766811371,0.6363790403974445,0.9262126419526462,15.380550384521484,2.295926809310913,0.14927468470968785,0.32
25,octanol_gsolv_eV,224,0.10333205759525299,0.07718575745820999,0.6273866125882028,0.9539104028392265,16.065847396850586,0.052888236939907074,0.0032919668432973438,0.04
25,octanol_gsolv_eV,225,0.06364402920007706,0.07533013820648193,0.6319170840669792,0.9656072930337296,15.869213104248047,0.009520617313683033,0.0005999426216750753,0.02
25,octanol_gsolv_eV,226,0.31098321080207825,0.07353105396032333,0.6327453768148439,0.922432953842953,15.748119354248047,1.1224699020385742,0.07127644112855853,0.18
25,octanol_gsolv_eV,227,0.29054492712020874,0.07366316765546799,0.636120594008988,0.9364410137712449,15.792475700378418,0.5324631929397583,0.033716258491820854,0.12
25,octanol_gsolv_eV,228,0.10494861006736755,0.04726322367787361,0.6331376223534615,0.9301867294687782,9.939776420593262,0.19681605696678162,0.019800853524131332,0.12
25,octanol_gsolv_eV,229,0.11057545989751816,0.07151465862989426,0.6337742945175877,0.9683316377866891,15.09837818145752,0.008850124664604664,0.0005861639282206878,0.14
25,octanol_gsolv_eV,230,0.146593376994133,0.07423520088195801,0.6338321802907654,0.9161054160006603,15.752215385437012,0.46555665135383606,0.029554995279219273,0.14
25,octanol_gsolv_eV,231,0.20454567670822144,0.06631532311439514,0.6327419304366468,0.9225330940487448,14.023336410522461,0.4885440170764923,0.03483793034515749,0.22
25,octanol_gsolv_eV,232,0.09639575332403183,0.04362653195858002,0.6253865980500417,0.9339216517487354,8.848021507263184,0.05655374377965927,0.006391682449374169,0.08
25,octanol_gsolv_eV,233,0.20572054386138916,0.07345017045736313,0.6296104907522775,0.924288031667797,15.437788009643555,0.6222212910652161,0.040305080668067976,0.22
25,octanol_gsolv_eV,234,0.21632498502731323,0.06505946069955826,0.6320592918261407,0.9172525315952984,13.735554695129395,1.2298681735992432,0.0895390248808337,0.22
25,octanol_gsolv_eV,235,0.04759730398654938,0.06508966535329819,0.6324718427561384,0.9598005863926027,13.695194244384766,0.007940921001136303,0.0005798326668051604,0.02
25,octanol_gsolv_eV,236,0.15639632940292358,0.07526678591966629,0.6333712230583093,0.9470046361588371,15.914263725280762,0.07167232036590576,0.0045036529243919704,0.1
25,octanol_gsolv_eV,237,0.04936826229095459,0.06794437766075134,0.6342034428675729,0.9509217326698876,14.356195449829102,0.027556169778108597,0.0019194618709678147,0.04
25,octanol_gsolv_eV,238,0.13675136864185333,0.07428744435310364,0.6247290644291925,0.939236589772418,15.364479064941406,0.15646934509277344,0.010183836655406328,0.14
25,octanol_gsolv_eV,239,0.07734508067369461,0.06381642073392868,0.6329433966402753,0.9412976031297211,13.448856353759766,0.1429101675748825,0.010626194809117022,0.02
25,octanol_gsolv_eV,240,0.1430717259645462,0.07416805624961853,0.629926193350201,0.9736919961879607,15.524323463439941,0.03630141541361809,0.002338357320311482,0.16
25,octanol_gsolv_eV,241,0.1370193213224411,0.025545649230480194,0.626489476066096,0.971479884878071,5.126713752746582,0.055507492274045944,0.010827109714153321,0.14
25,octanol_gsolv_eV,242,0.28796786069869995,0.02373075857758522,0.6292186828114534,0.9418446801564724,4.82295036315918,0.6591587662696838,0.13667127310800575,0.24
25,octanol_gsolv_eV,243,0.24300122261047363,0.043948061764240265,0.6269915558979298,0.948832719419336,8.933709144592285,0.5501417517662048,0.061580441321980386,0.16
25,octanol_gsolv_eV,244,0.13836202025413513,0.07043207436800003,0.6341009651721803,0.9435211731861626,14.90648365020752,0.13818241655826569,0.00926995392077876,0.08
25,octanol_gsolv_eV,245,0.0348643995821476,0.0691528394818306,0.6336729350510262,0.9560108724057046,14.585775375366211,0.014129934832453728,0.0009687475961214685,0.02
25,octanol_gsolv_eV,246,0.13789516687393188,0.07618184387683868,0.6324669128033631,0.9437672372868926,16.056961059570312,0.0443444661796093,0.0027616973109104597,0.06
25,octanol_gsolv_eV,247,0.08181922137737274,0.035374611616134644,0.6300699884103655,0.9650526700155255,7.342759609222412,0.08596283942461014,0.011707156981775886,0.04
25,octanol_gsolv_eV,248,0.11659779399633408,0.09808605909347534,0.6206201885855815,0.9580273461523567,19.99822235107422,0.04470590129494667,0.0022354937609014663,0.04
25,octanol_gsolv_eV,249,0.16386152803897858,0.07918606698513031,0.6302509225505017,0.9429432457713391,16.62919044494629,0.07465090602636337,0.004489148541145623,0.16
25,octanol_hl_gap_eV,0,0.22895945608615875,0.0020741538610309362,0.6170252934273113,0.926041863981224,0.46872368454933167,0.04075828939676285,0.08695589905159394,0.12
25,octanol_hl_gap_eV,1,0.09085310995578766,0.001633357722312212,0.6096350240104187,0.9819364367562422,0.28898000717163086,0.0017765081720426679,0.0061475123813238925,0.18
25,octanol_hl_gap_eV,2,0.101137176156044,0.0010329021606594324,0.6065665773615827,0.9531983769621164,0.28439250588417053,0.0008172808447852731,0.002873777711702928,0.06
25,octanol_hl_gap_eV,3,0.03527753800153732,0.0014533617068082094,0.6228369850154345,0.9662190640600901,0.3273255527019501,0.0006617038161493838,0.0020215464716618245,0.06
25,octanol_hl_gap_eV,4,0.05241302400827408,0.00192554434761405,0.5934577598141073,0.9532229292296446,0.3433639705181122,0.0009298808872699738,0.002708149273398862,0.06
25,octanol_hl_gap_eV,5,0.06819233298301697,0.001790091977454722,0.6140621341288544,0.9732638704700016,0.33332735300064087,0.0008688463130965829,0.0026065857040388535,0.04
25,octanol_hl_gap_eV,6,0.017473148182034492,0.00281661469489336,0.613658790894575,0.9651423457839163,0.6525640487670898,0.0012887216871604323,0.001974858543916502,0.04
25,octanol_hl_gap_eV,7,0.09526325017213821,0.002165056997910142,0.6211129982655161,0.9523663563290703,0.401676744222641,0.006859826389700174,0.01707797747409025,0.12
25,octanol_hl_gap_eV,8,0.1380799114704132,0.0012414453085511923,0.6071874019167556,0.973336478481061,0.32481181621551514,0.0022696726955473423,0.006987654334722222,0.1
25,octanol_hl_gap_eV,9,0.05443357676267624,0.0019733523949980736,0.6075864070821246,0.9754034920384558,0.35442715883255005,0.0025451506953686476,0.007181026148651069,0.04
25,octanol_hl_gap_eV,10,0.02635493502020836,0.0019840619061142206,0.5864642057223679,0.9743018677008091,0.42536553740501404,0.0011567899491637945,0.0027195196776422224,0.04
25,octanol_hl_gap_eV,11,0.033765725791454315,0.0020609719213098288,0.5986840679557466,0.9748385449895489,0.5168423652648926,0.0009378867689520121,0.0018146476217585712,0.02
25,octanol_hl_gap_eV,12,0.06641475856304169,0.0018842669669538736,0.5869933881363658,0.9536695080906517,0.3528171479701996,0.004938517231494188,0.013997384367245427,0.08
25,octanol_hl_gap_eV,13,0.17605803906917572,0.002474628621712327,0.5972701080289837,0.9299589577106335,0.5134586095809937,0.05716458335518837,0.11133240788743878,0.12
25,octanol_hl_gap_eV,14,0.04300745949149132,0.001486235880292952,0.6139348435240566,0.9695130061577129,0.2840501070022583,0.001538624637760222,0.005416736694797264,0.1
25,octanol_hl_gap_eV,15,0.019285492599010468,0.0094586918130517,0.6307529386511463,0.9753018615756457,1.8837497234344482,0.0024082304444164038,0.001278423781279035,0.02
25,octanol_hl_gap_eV,16,0.050638556480407715,0.0007383223855867982,0.6571878961613673,0.9547671330358332,0.28925344347953796,0.000561139895580709,0.0019399592579799469,0.12
25,octanol_hl_gap_eV,17,0.12193571031093597,0.0012950754025951028,0.6418578225999032,0.9714876253851701,0.33588069677352905,0.0019196717767044902,0.005715338199381098,0.12
25,octanol_hl_gap_eV,18,0.03984206169843674,0.0040232716128230095,0.5908210258051845,0.9879365932084816,0.8158705234527588,0.0048898495733737946,0.005993413700840646,0.1
25,octanol_hl_gap_eV,19,0.11890097707509995,0.005303595680743456,0.6075607882489158,0.9018769039283001,1.1699798107147217,0.2109205722808838,0.18027710422800872,0.08
25,octanol_hl_gap_eV,20,0.1712721586227417,0.001959181623533368,0.6238713756812502,0.9247567031087307,0.3519952893257141,0.03659834712743759,0.10397396850834502,0.1
25,octanol_hl_gap_eV,21,0.06459535658359528,0.0024411301128566265,0.6157315431236701,0.9713116329035381,0.4626220166683197,0.00152967416215688,0.00330653126535824,0.04
25,octanol_hl_gap_eV,22,0.057673368602991104,0.0015693679451942444,0.6045906668639494,0.9724529016418542,0.38095855712890625,0.0015933553222566843,0.004182489912459258,0.2
25,octanol_hl_gap_eV,23,0.06405878067016602,0.0009839273989200592,0.6289051812387147,0.9689521040386362,0.28437668085098267,0.0004929372225888073,0.0017333953723410722,0.22
25,octanol_hl_gap_eV,24,0.02959374524652958,0.0029240648727864027,0.6231023342322646,0.9744164570796421,0.5043902397155762,0.0011476556537672877,0.0022753327947314097,0.02
25,octanol_hl_gap_eV,25,0.01924785040318966,0.0035861784126609564,0.6243974486375141,0.9601206011757706,0.6636750102043152,0.0013830256648361683,0.0020838899213794383,0.0
25,octanol_hl_gap_eV,26,0.054121267050504684,0.0008261044276878238,0.6268541929190752,0.9730825651097732,0.28263232111930847,0.001035141758620739,0.003662503122506542,0.26
25,octanol_hl_gap_eV,27,0.06352680921554565,0.0011475387727841735,0.6127159997043174,0.9810986223630147,0.25500985980033875,0.0004671182541642338,0.0018317654640097696,0.2
25,octanol_hl_gap_eV,28,0.08538270741701126,0.001970156328752637,0.6045376933692943,0.977150592254312,0.27313947677612305,0.001962448703125119,0.007184786052488587,0.02
25,octanol_hl_gap_eV,29,0.1097370982170105,0.0011758198961615562,0.6311498607881023,0.9669986883832733,0.30460062623023987,0.005646837409585714,0.018538495732826937,0.26
25,octanol_hl_gap_eV,30,0.04392925649881363,0.000939174264203757,0.6638096688882285,0.9617147262580596,0.321841835975647,0.0009302233811467886,0.0028903121880561743,0.14
25,octanol_hl_gap_eV,31,0.06551070511341095,0.0020216843113303185,0.6096348279585286,0.963864864380682,0.5131157040596008,0.0008261239272542298,0.0016100148966757633,0.06
25,octanol_hl_gap_eV,32,0.06473472714424133,0.0008267418015748262,0.6505623448179931,0.9675897447041018,0.24647533893585205,0.0005457569495774806,0.002214245660169352,0.08
25,octanol_hl_gap_eV,33,0.06368232518434525,0.0011422011302784085,0.6362280930938615,0.9610169348703825,0.2563816010951996,0.0013696016976609826,0.005342043624855991,0.02
25,octanol_hl_gap_eV,34,0.08601026237010956,0.0010573244653642178,0.6524094328580858,0.9659309247744525,0.3211934268474579,0.0016157758655026555,0.0050305383935208125,0.02
25,octanol_hl_gap_eV,35,0.045102719217538834,0.0018121497705578804,0.58104149874266,0.9568836473426632,0.3436436951160431,0.0015174110885709524,0.004415652346127132,0.04
25,octanol_hl_gap_eV,36,0.07885430753231049,0.0008787629194557667,0.6600125444320359,0.9755357243591383,0.2711251676082611,0.0009550125687383115,0.003522404714999289,0.26
25,octanol_hl_gap_eV,37,0.257989764213562,0.0010567124700173736,0.6615452422058206,0.9423147567140444,0.3258800804615021,0.02957284450531006,0.09074762858604257,0.26
25,octanol_hl_gap_eV,38,0.11529485136270523,0.004376450087875128,0.6021119776779598,0.9267289826060179,0.7428081631660461,0.06492763012647629,0.08740834221548864,0.02
25,octanol_hl_gap_eV,39,0.041429366916418076,0.0009116226574406028,0.6677034627403244,0.9416698319368171,0.2631080746650696,0.0036209383979439735,0.013762171315165236,0.2
25,octanol_hl_gap_eV,40,0.0417601503431797,0.0025921908672899008,0.6213173439246569,0.9726650523736884,0.4467087686061859,0.0015961527824401855,0.0035731395813439655,0.02
25,octanol_hl_gap_eV,41,0.05642874166369438,0.0012819485273212194,0.6031548599613461,0.9628824146447412,0.2752820551395416,0.001719959662295878,0.006247990488969661,0.08
25,octanol_hl_gap_eV,42,0.12292691320180893,0.0009007554035633802,0.6146742402947509,0.9672107614601912,0.26802510023117065,0.0034077384043484926,0.012714251021301106,0.02
25,octanol_hl_gap_eV,43,0.06983599811792374,0.00510449381545186,0.5994402082595904,0.9261795138496229,1.0183064937591553,0.06629961729049683,0.06510772316274523,0.04
25,octanol_hl_gap_eV,44,0.11078128218650818,0.002009221352636814,0.6300732801875353,0.9797344522737421,0.25042399764060974,0.007855663076043129,0.031369450013001565,0.06
25,octanol_hl_gap_eV,45,0.04308225214481354,0.0018168998649343848,0.6049880475603482,0.9618621597955013,0.3343309760093689,0.002124482300132513,0.006354428553078429,0.0
25,octanol_hl_gap_eV,46,0.04169277846813202,0.003614467801526189,0.603653371363635,0.9750658852547771,0.7811866998672485,0.0043521178886294365,0.005571162296246232,0.06
25,octanol_hl_gap_eV,47,0.04931265488266945,0.001265533035621047,0.6157591418537847,0.9780172309656721,0.2424793541431427,0.0009359974646940827,0.0038601120000572747,0.04
25,octanol_hl_gap_eV,48,0.14338193833827972,0.0008160915458574891,0.6777086721970635,0.9661106189568676,0.3074703514575958,0.0005489577306434512,0.0017854005371284055,0.24
25,octanol_hl_gap_eV,49,0.18096879124641418,0.001418192987330258,0.6267499801677932,0.9317843256345761,0.37657180428504944,0.022932065650820732,0.06089692693365353,0.1
25,octanol_hl_gap_eV,50,0.024302486330270767,0.01882832683622837,0.615404478036295,0.9856924911680771,3.7049508094787598,0.003489888971671462,0.0009419528493449676,0.0
25,octanol_hl_gap_eV,51,0.128803089261055,0.0029211041983217,0.6169927891010156,0.9023604492983075,0.5315377116203308,0.05834075063467026,0.10975844114018792,0.02
25,octanol_hl_gap_eV,52,0.2358628213405609,0.0009946421487256885,0.6301873614943256,0.9363533320464383,0.22205084562301636,0.037420760840177536,0.1685233881239439,0.02
25,octanol_hl_gap_eV,53,0.21070830523967743,0.0018550530076026917,0.6196262004031972,0.984085245181219,0.35219326615333557,0.0023226477205753326,0.006594810133491063,0.2
25,octanol_hl_gap_eV,54,0.1575493961572647,0.001263096579350531,0.654317730920539,0.971908745816763,0.3343244194984436,0.0017425169935449958,0.0052120541962179575,0.24
25,octanol_hl_gap_eV,55,0.07012802362442017,0.0018148170784115791,0.5997595330829726,0.9635291052642214,0.30714842677116394,0.0015264367684721947,0.004969704010919262,0.02
25,octanol_hl_gap_eV,56,0.13330645859241486,0.0011496369261294603,0.6471556496160444,0.9399438302990644,0.24219965934753418,0.004986518062651157,0.02058846026490881,0.04
25,octanol_hl_gap_eV,57,0.04996778815984726,0.001191060058772564,0.6574863062835399,0.9647890046497911,0.3357681334018707,0.0004991548485122621,0.0014866057819573925,0.06
25,octanol_hl_gap_eV,58,0.05482597276568413,0.009440618567168713,0.6001029789315047,0.954163427935252,1.6683077812194824,0.07812588661909103,0.046829420505359855,0.0
25,octanol_hl_gap_eV,59,0.06062665581703186,0.001739436644129455,0.6266978478471885,0.9769135598559369,0.3917146921157837,0.002160267671570182,0.005514900806762812,0.06
25,octanol_hl_gap_eV,60,0.1391412764787674,0.0019940705969929695,0.596019311076581,0.9887205179140472,0.2722104489803314,0.0017415223410353065,0.006397705699978991,0.1
25,octanol_hl_gap_eV,61,0.3541918694972992,0.00222150981426239,0.6098630455123615,0.9276367209903706,0.4054276645183563,0.07631522417068481,0.18823388448675912,0.34
25,octanol_hl_gap_eV,62,0.4045482277870178,0.00267573120072484,0.6226153822882556,0.9612390100563957,0.663973331451416,0.005983219016343355,0.009011233935050232,0.14
25,octanol_hl_gap_eV,63,0.156697079539299,0.0015536999562755227,0.6154656056717698,0.9281091914997386,0.38061246275901794,0.02624480240046978,0.06895413305760954,0.02
25,octanol_hl_gap_eV,64,0.06560061872005463,0.0016235888469964266,0.5940146233456511,0.9751059611391766,0.37810856103897095,0.003164167981594801,0.008368411370798547,0.2
25,octanol_hl_gap_eV,65,0.06994538754224777,0.0011357659241184592,0.6345602018069147,0.9682604176177898,0.3471660614013672,0.001354082371108234,0.003900388089902446,0.1
25,octanol_hl_gap_eV,66,0.0677042081952095,0.002041497500613332,0.6014020373042201,0.9767227504491114,0.44054660201072693,0.00350212212651968,0.007949492994692095,0.12
25,octanol_hl_gap_eV,67,0.20820282399654388,0.0008757878676988184,0.6657490928453671,0.9178327365962564,0.2940889894962311,0.023878194391727448,0.08119377210493445,0.16
25,octanol_hl_gap_eV,68,0.09140247106552124,0.0012372593628242612,0.644080994110954,0.9668420572626792,0.29486778378486633,0.0009552457486279309,0.003239573127883215,0.14
25,octanol_hl_gap_eV,69,0.03400374576449394,0.0015477135311812162,0.5959090221459353,0.9678646888194016,0.3431321680545807,0.0007624666322953999,0.0022220785553807867,0.12
25,octanol_hl_gap_eV,70,0.040370870381593704,0.001650413847528398,0.616827153816522,0.9576364621174525,0.24829724431037903,0.0014047754229977727,0.005657635979406043,0.1
25,octanol_hl_gap_eV,71,0.04407588765025139,0.002568618394434452,0.6077501747346268,0.974516900443277,0.5769517421722412,0.0019329383503645658,0.00335026001149939,0.02
25,octanol_hl_gap_eV,72,0.0800163671374321,0.001788230612874031,0.609145046670585,0.961880207562869,0.37615644931793213,0.0016687061870470643,0.0044362025164605195,0.1
25,octanol_hl_gap_eV,73,0.1105235293507576,0.001788042369298637,0.6215628109289097,0.9259603007432615,0.34720364212989807,0.01953635737299919,0.056267720157411605,0.04
25,octanol_hl_gap_eV,74,0.06388051062822342,0.002342643216252327,0.6110877768843523,0.9776629347770487,0.5386245846748352,0.0011884092818945646,0.002206377717816206,0.08
25,octanol_hl_gap_eV,75,0.045374851673841476,0.000902910775039345,0.6284309110016633,0.9770023500991865,0.258370041847229,0.0006394893862307072,0.002475091081220745,0.02
25,octanol_hl_gap_eV,76,0.070189468562603,0.004262563306838274,0.6017276457838934,0.9777302056528987,0.9054936766624451,0.0020723144989460707,0.0022886018448901877,0.08
25,octanol_hl_gap_eV,77,0.03283756598830223,0.003746609902009368,0.6197478127276865,0.9627593764762181,0.6606598496437073,0.001717714942060411,0.0025999989903832837,0.02
25,octanol_hl_gap_eV,78,0.05507630854845047,0.0021014350932091475,0.6185533146117113,0.9665017629435753,0.5327522158622742,0.0017651425441727042,0.003313252374400306,0.06
25,octanol_hl_gap_eV,79,0.07646354287862778,0.0015161612536758184,0.6189392839373593,0.9863121735234468,0.2648276388645172,0.0008828329737298191,0.0033336134306641094,0.18
25,octanol_hl_gap_eV,80,0.07707057893276215,0.001353004015982151,0.6203283115729132,0.9673348839692955,0.28384605050086975,0.0005523288273252547,0.0019458746258777422,0.08
25,octanol_hl_gap_eV,81,0.06190617382526398,0.0057530831545591354,0.6253556137988352,0.9008912639368196,1.0998694896697998,0.07470403611660004,0.06792081862278725,0.04
25,octanol_hl_gap_eV,82,0.061163678765296936,0.0016961365472525358,0.6112485814244653,0.9795226315512497,0.3084689974784851,0.0005545748281292617,0.0017978300336906365,0.12
25,octanol_hl_gap_eV,83,0.14048558473587036,0.0010784582700580359,0.663345771723179,0.9794917510161196,0.27064090967178345,0.000604598259087652,0.002233949996033014,0.22
25,octanol_hl_gap_eV,84,0.16378353536128998,0.003191941184923053,0.6157995637673075,0.9852180262860026,0.5845282673835754,0.0023050003219395876,0.0039433513322752875,0.16
25,octanol_hl_gap_eV,85,0.07483033835887909,0.0018994868732988834,0.6035146290868367,0.9760824337069054,0.40791571140289307,0.0014038759982213378,0.003441583540367112,0.04
25,octanol_hl_gap_eV,86,0.05694747716188431,0.0016010910039767623,0.5943401851246406,0.9774223927288859,0.23068293929100037,0.0009578577592037618,0.0041522696136425145,0.12
25,octanol_hl_gap_eV,87,0.11085567623376846,0.001656753709539771,0.6079235583205445,0.9697896869608575,0.39947709441185,0.001071706647053361,0.0026827737110465227,0.14
25,octanol_hl_gap_eV,88,0.1236075609922409,0.0011592514347285032,0.671715374647865,0.9773702360745311,0.27215951681137085,0.0007830028189346194,0.0028769995924019273,0.1
25,octanol_hl_gap_eV,89,0.22803916037082672,0.0012951289536431432,0.6345662881154519,0.917031347670179,0.358635812997818,0.03690676391124725,0.10290875192509512,0.34
25,octanol_hl_gap_eV,90,0.10015629976987839,0.0013283578446134925,0.6393432591111192,0.98327763087027,0.09446008503437042,0.007438970264047384,0.07875252559153029,0.08
25,octanol_hl_gap_eV,91,0.17703786492347717,0.0021981941536068916,0.6114350918686617,0.9216504088502326,0.48268017172813416,0.04189738631248474,0.08680154845076818,0.24
25,octanol_hl_gap_eV,92,0.04452056810259819,0.0012325140414759517,0.60786432888314,0.9581014824386542,0.24509672820568085,0.00265116011723876,0.010816791136493479,0.06
25,octanol_hl_gap_eV,93,0.08040283620357513,0.0018547134241089225,0.6109601478580682,0.9775590956864899,0.4053212106227875,0.0031260403338819742,0.007712501226073822,0.06
25,octanol_hl_gap_eV,94,0.14610330760478973,0.0010997316567227244,0.6370879775812575,0.9704071486178372,0.3404465317726135,0.0016821263125166297,0.004940941250769248,0.24
25,octanol_hl_gap_eV,95,0.027827350422739983,0.003745530266314745,0.6169305865205843,0.9799198084403722,0.6647613048553467,0.0036209404934197664,0.005446978437181583,0.02
25,octanol_hl_gap_eV,96,0.031641360372304916,0.0067651476711034775,0.6261355307207392,0.9693959791347133,1.3009623289108276,0.0011761417845264077,0.0009040552200393686,0.06
25,octanol_hl_gap_eV,97,0.06967147439718246,0.0014688321389257908,0.61427518631497,0.9783893701040682,0.3808637857437134,0.0012078718282282352,0.0031714010978219466,0.06
25,octanol_hl_gap_eV,98,0.02414529025554657,0.005118559114634991,0.6249171345227389,0.971588205789885,0.9769523739814758,0.0012724814005196095,0.00130250095542911,0.02
25,octanol_hl_gap_eV,99,0.03846953064203262,0.0016094541642814875,0.6063120681393579,0.9629724104059942,0.26801303029060364,0.0006091614486649632,0.0022728799715612934,0.06
25,octanol_hl_gap_eV,100,0.08125150203704834,0.0009205605019815266,0.6573653917421323,0.9734013794208702,0.30403387546539307,0.0019988887943327427,0.006574559467338922,0.06
25,octanol_hl_gap_eV,101,0.06660614162683487,0.0021584229543805122,0.6061089393508257,0.963633742168841,0.5170050263404846,0.006847237702459097,0.013244044745417433,0.04
25,octanol_hl_gap_eV,102,0.060322411358356476,0.00104456243570894,0.6556065779664779,0.9730106773236582,0.33975422382354736,0.0010390637908130884,0.003058280715746834,0.08
25,octanol_hl_gap_eV,103,0.02584672160446644,0.000961042707785964,0.605401209032451,0.9658238393654999,0.2876412868499756,0.0006481190212070942,0.0022532197248343287,0.02
25,octanol_hl_gap_eV,104,0.13831274211406708,0.0012634573504328728,0.6273454926305673,0.9780676020031196,0.3731670081615448,0.0010351014789193869,0.0027738290263626124,0.24
25,octanol_hl_gap_eV,105,0.042452942579984665,0.0010826988145709038,0.6083648037379439,0.9654400413252862,0.3335267901420593,0.0005900029209442437,0.001768982097938649,0.12
25,octanol_hl_gap_eV,106,0.0705888643860817,0.00167173077352345,0.6047450102854794,0.945979280927193,0.26137423515319824,0.0137258255854249,0.05251407269496106,0.06
25,octanol_hl_gap_eV,107,0.062031492590904236,0.0011974273947998881,0.6322715680721545,0.9717883983730542,0.2892329692840576,0.0009652083972468972,0.0033371313084953314,0.2
25,octanol_hl_gap_eV,108,0.14788179099559784,0.0013821176253259182,0.6254687356055297,0.9760127177715554,0.27762681245803833,0.001802019658498466,0.006490798358212721,0.22
25,octanol_hl_gap_eV,109,0.062009185552597046,0.0011477735824882984,0.6395997331131695,0.9629464505309173,0.26007628440856934,0.00045827837311662734,0.0017620921267726608,0.06
25,octanol_hl_gap_eV,110,0.09907148033380508,0.000919787329621613,0.6492814775371691,0.9555334965516511,0.28994864225387573,0.0009545565117150545,0.0032921572051344723,0.18
25,octanol_hl_gap_eV,111,0.3075694143772125,0.001978621818125248,0.6101778024728917,0.8956758753799066,0.36866602301597595,0.0903962105512619,0.2451981058947345,0.18
25,octanol_hl_gap_eV,112,0.0932767391204834,0.0013566419947892427,0.6408675574419598,0.974902216797273,0.3201751410961151,0.001786238281056285,0.005578941184943726,0.12
25,octanol_hl_gap_eV,113,0.1669384092092514,0.0023104441352188587,0.5917034032191784,0.9078283666454772,0.3215937614440918,0.04979095607995987,0.15482562801087138,0.02
25,octanol_hl_gap_eV,114,0.1964525580406189,0.000944844214245677,0.6658415665119899,0.9241546707409569,0.31972482800483704,0.014641165733337402,0.045793020907077944,0.16
25,octanol_hl_gap_eV,115,0.009096554480493069,0.0012755743227899075,0.6268891075256173,0.969129870712488,0.24752312898635864,0.001265140948817134,0.005111202957065308,0.02
25,octanol_hl_gap_eV,116,0.059048011898994446,0.0031459552701562643,0.5963316523629512,0.9836967596985722,0.6521036028862,0.0016264006262645125,0.002494083177989034,0.02
25,octanol_hl_gap_eV,117,0.03593210130929947,0.000908517453353852,0.6487490169127001,0.957856018879307,0.2611626386642456,0.0005196440033614635,0.001989733317212824,0.08
25,octanol_hl_gap_eV,118,0.20312190055847168,0.001418944215402007,0.6461534540975133,0.9763049650510836,0.2833617031574249,0.0020431741140782833,0.007210480778848135,0.1
25,octanol_hl_gap_eV,119,0.020124047994613647,0.00373388035222888,0.6191994546549076,0.9669286004923847,0.678217887878418,0.0010674610966816545,0.0015739205877050163,0.0
25,octanol_hl_gap_eV,120,0.08632754534482956,0.0026238812133669853,0.6229467697479623,0.9540705247087797,0.4490602910518646,0.010129297152161598,0.022556652979569967,0.06
25,octanol_hl_gap_eV,121,0.06529077142477036,0.0011442102259024978,0.6597464888972377,0.9692455005909562,0.335205078125,0.00041585174039937556,0.0012405890230705334,0.08
25,octanol_hl_gap_eV,122,0.131394162774086,0.0018465332686901093,0.6369440371383137,0.9843336386840531,0.3895711302757263,0.0022644835989922285,0.0058127602971747355,0.16
25,octanol_hl_gap_eV,123,0.10668513178825378,0.0009852438233792782,0.6708002906784327,0.9758631574646954,0.28478896617889404,0.002952516544610262,0.010367383906143326,0.28
25,octanol_hl_gap_eV,124,0.24028755724430084,0.0016708867624402046,0.6284329479349438,0.9394663624479991,0.4167381227016449,0.019686488434672356,0.04723947093452377,0.2
25,octanol_hl_gap_eV,125,0.17144575715065002,0.0014612531522288918,0.6210749701584701,0.895838254549908,0.209647998213768,0.03894636780023575,0.18577028224483214,0.1
25,octanol_hl_gap_eV,126,0.09908222407102585,0.0009544166969135404,0.6352201237221342,0.9655682593801531,0.3102753460407257,0.00042700671474449337,0.0013762186399703374,0.14
25,octanol_hl_gap_eV,127,0.053424280136823654,0.001430624513886869,0.6077453403018005,0.964487903200367,0.39388254284858704,0.0012429022463038564,0.0031555149342621215,0.02
25,octanol_hl_gap_eV,128,0.06317061930894852,0.0023992760106921196,0.5991881413286455,0.9793128764755492,0.5261427164077759,0.0020400339271873236,0.0038773394814159852,0.08
25,octanol_hl_gap_eV,129,0.08634019643068314,0.0014576871180906892,0.6221343688801104,0.9791500708466969,0.38587141036987305,0.0016353458631783724,0.004238059154501311,0.2
25,octanol_hl_gap_eV,130,0.03401933237910271,0.00257103075273335,0.5973849762027945,0.9772276103969344,0.5160285830497742,0.0020511141046881676,0.003974807156157714,0.14
25,octanol_hl_gap_eV,131,0.22139640152454376,0.001841376069933176,0.6050450994464298,0.9257703432208333,0.3528386652469635,0.047264888882637024,0.1339560925091777,0.32
25,octanol_hl_gap_eV,132,0.02490975521504879,0.005825272295624018,0.6286217737314943,0.9785248860282143,1.1077171564102173,0.000990039436146617,0.0008937655523500611,0.04
25,octanol_hl_gap_eV,133,0.17827586829662323,0.003356166649609804,0.608060740845596,0.9349027065837912,0.6800695657730103,0.07475396990776062,0.10992106347648495,0.1
25,octanol_hl_gap_eV,134,0.27328234910964966,0.0012248916318640113,0.6138288012842277,0.9269412482792336,0.32080531120300293,0.029062461107969284,0.0905922068403001,0.3
25,octanol_hl_gap_eV,135,0.08971868455410004,0.001387062598951161,0.635551431606769,0.9721665473547372,0.3685623109340668,0.0010901055065914989,0.0029577237667866457,0.14
25,octanol_hl_gap_eV,136,0.08614517003297806,0.0011814209865406156,0.6495482663226715,0.9740917798952837,0.3680654466152191,0.0008196988492272794,0.002227046458083321,0.02
25,octanol_hl_gap_eV,137,0.14953558146953583,0.0015201017959043384,0.6370446270109602,0.9770512414890544,0.4296341836452484,0.0008242809562943876,0.001918564647954087,0.2
25,octanol_hl_gap_eV,138,0.11654728651046753,0.0012077974388375878,0.649634663221986,0.9627024518411214,0.3319658637046814,0.0014939575921744108,0.004500334990779183,0.14
25,octanol_hl_gap_eV,139,0.026645634323358536,0.0032839917112141848,0.627494928983773,0.9761258080105135,0.5695897340774536,0.00205414230003953,0.0036063541478087886,0.04
25,octanol_hl_gap_eV,140,0.029919059947133064,0.0010044428054243326,0.6241614719764892,0.9678075368013401,0.24481014907360077,0.0008574555395171046,0.00350253264728545,0.02
25,octanol_hl_gap_eV,141,0.09309979528188705,0.0023353828582912683,0.6059120206876893,0.9749195353351923,0.4298005998134613,0.001839722041040659,0.004280408268018055,0.06
25,octanol_hl_gap_eV,142,0.13012421131134033,0.000819372246041894,0.6678631966117556,0.9875768935580975,0.2720808982849121,0.000707264756783843,0.002599464943118587,0.12
25,octanol_hl_gap_eV,143,0.10493066161870956,0.0012899540597572923,0.6199802179817486,0.9739488862354015,0.2657242715358734,0.0009391570347361267,0.0035343291348879967,0.1
25,octanol_hl_gap_eV,144,0.056481651961803436,0.0016348653007298708,0.6104639223292754,0.9709405789880889,0.39549314975738525,0.0010688246693462133,0.0027025112065831797,0.1
25,octanol_hl_gap_eV,145,0.2333928495645523,0.002562653971835971,0.6051188527315805,0.9110723034506254,0.3736875653266907,0.08258125185966492,0.22099009847295698,0.06
25,octanol_hl_gap_eV,146,0.13767610490322113,0.0013233490753918886,0.6291834014178497,0.9720264722360932,0.375139057636261,0.0022163873072713614,0.005908175281019112,0.22
25,octanol_hl_gap_eV,147,0.08705466985702515,0.0014487790176644921,0.6114799948146292,0.9739234455768062,0.388301819562912,0.0008091718191280961,0.0020838733643816867,0.16
25,octanol_hl_gap_eV,148,0.15527908504009247,0.002147955819964409,0.5924251310276434,0.9448069254094615,0.42529022693634033,0.029652729630470276,0.06972351526645557,0.08
25,octanol_hl_gap_eV,149,0.08840756118297577,0.0012647842522710562,0.6468120034883063,0.9750977313691507,0.31158965826034546,0.0019326158799231052,0.006202439101198694,0.08
25,octanol_hl_gap_eV,150,0.18048827350139618,0.0014153466327115893,0.6143177884316666,0.9069603849462744,0.30755534768104553,0.036299269646406174,0.11802516171512266,0.06
25,octanol_hl_gap_eV,151,0.06160503253340721,0.0009495610138401389,0.687576569125095,0.9715856855895633,0.28473663330078125,0.00047486418043263257,0.0016677312466886207,0.24
25,octanol_hl_gap_eV,152,0.08080247789621353,0.0018932668026536703,0.6089318097954393,0.9735174393097588,0.3178078234195709,0.0013609582092612982,0.00428233073250861,0.08
25,octanol_hl_gap_eV,153,0.23356959223747253,0.002744757104665041,0.5931838441960522,0.9392367116006126,0.5486800074577332,0.06646065413951874,0.1211282591604879,0.16
25,octanol_hl_gap_eV,154,0.09350617229938507,0.0018130694516003132,0.6145170816264649,0.9759573458649344,0.4012863337993622,0.0018079240107908845,0.004505321658162479,0.02
25,octanol_hl_gap_eV,155,0.9125798344612122,0.0008795990142971277,0.7206508323289353,0.9331611353750171,0.2988700270652771,0.42037785053253174,1.4065574077815295,0.6
25,octanol_hl_gap_eV,156,0.05790562182664871,0.001584068639203906,0.6101319692786098,0.9733362867459374,0.261370986700058,0.0008440826204605401,0.0032294426826692344,0.18
25,octanol_hl_gap_eV,157,0.1310531049966812,0.00206444482319057,0.5983436031885856,0.972279948052911,0.41461899876594543,0.005194270983338356,0.012527817101479589,0.04
25,octanol_hl_gap_eV,158,0.11123288422822952,0.0016502466751262546,0.6231411548619117,0.9576257960809984,0.4486869275569916,0.0037703895941376686,0.008403163458910354,0.02
25,octanol_hl_gap_eV,159,0.03191480040550232,0.0014346634270623326,0.5833360650788693,0.959268095280142,0.29048386216163635,0.0012482027523219585,0.004296977956136547,0.02
25,octanol_hl_gap_eV,160,0.0536453053355217,0.0021415739320218563,0.620732845562842,0.9638693160831002,0.5092884302139282,0.0008657246362417936,0.0016998710060586754,0.06
25,octanol_hl_gap_eV,161,0.08602934330701828,0.001089319703169167,0.6518655967762568,0.9799903769044049,0.32125869393348694,0.0009349451866000891,0.002910256451436795,0.08
25,octanol_hl_gap_eV,162,0.08655504137277603,0.0010009562829509377,0.6203476585351242,0.9694400870166875,0.2853614389896393,0.0020160262938588858,0.007064816819668765,0.04
25,octanol_hl_gap_eV,163,0.08823219686746597,0.003080579685047269,0.599082772282054,0.9788292090508113,0.5666046738624573,0.001394184771925211,0.002460595254926626,0.06
25,octanol_hl_gap_eV,164,0.0636129379272461,0.0020481222309172153,0.6143330523738271,0.9780251530540325,0.37706395983695984,0.0009496209095232189,0.0025184610853125,0.04
25,octanol_hl_gap_eV,165,0.05260373279452324,0.0013411715626716614,0.6016172442667069,0.9685122935149761,0.26207059621810913,0.004041289445012808,0.015420613770991047,0.08
25,octanol_hl_gap_eV,166,0.20418603718280792,0.0018250271677970886,0.616055923815908,0.9092932346253368,0.3220834732055664,0.06569749116897583,0.20397659810084418,0.0
25,octanol_hl_gap_eV,167,0.1466411054134369,0.0023425817489624023,0.5784433621465526,0.9276931659116423,0.4172235131263733,0.04491597041487694,0.1076544561889835,0.06
25,octanol_hl_gap_eV,168,0.010148254223167896,0.003062629606574774,0.5987257202685421,0.970877930795158,0.6797492504119873,0.00101272517349571,0.0014898511074222004,0.02
25,octanol_hl_gap_eV,169,0.046680718660354614,0.0020742325577884912,0.607388628857443,0.9764827632075954,0.2562854290008545,0.0012305553536862135,0.0048015033803662345,0.06
25,octanol_hl_gap_eV,170,0.04922165349125862,0.0013030366972088814,0.5882604963920632,0.9530634078191433,0.26953765749931335,0.007776739075779915,0.02885214313996079,0.04
25,octanol_hl_gap_eV,171,0.0318654365837574,0.0022207042202353477,0.6249891699844989,0.9844445924279737,0.3687266409397125,0.000670179259032011,0.001817550414377535,0.04
25,octanol_hl_gap_eV,172,0.04089798778295517,0.0033937355037778616,0.6187277865006466,0.9739022177813275,0.6174022555351257,0.0011221938766539097,0.0018176057288311364,0.0
25,octanol_hl_gap_eV,173,0.024227531626820564,0.0034238125663250685,0.6010364659008405,0.9652951699771821,0.5473454594612122,0.0021262005902826786,0.0038845678785307484,0.0
25,octanol_hl_gap_eV,174,0.05409921705722809,0.00209830142557621,0.6180211876917383,0.9692555059214218,0.29362642765045166,0.0008337252074852586,0.002839407931215813,0.02
25,octanol_hl_gap_eV,175,0.11181571334600449,0.0018627517856657505,0.6139105665704077,0.9349482705800389,0.34637540578842163,0.011312813498079777,0.03266055646280511,0.12
25,octanol_hl_gap_eV,176,0.050421249121427536,0.003064100630581379,0.6236556516718363,0.9801257381529338,0.5006118416786194,0.0020331330597400665,0.0040612963786927124,0.06
25,octanol_hl_gap_eV,177,0.08153030276298523,0.002835117280483246,0.6198017981968025,0.9884856388027854,0.7354487776756287,0.0034352175425738096,0.004670913389006841,0.02
25,octanol_hl_gap_eV,178,0.047561585903167725,0.0022886586375534534,0.6121107129565533,0.9774549622305022,0.41120976209640503,0.001003757701255381,0.0024409870430557963,0.1
25,octanol_hl_gap_eV,179,0.05596955120563507,0.0017142551951110363,0.6109813949969713,0.9725428246964638,0.4960668385028839,0.0019487901590764523,0.003928483034580274,0.08
25,octanol_hl_gap_eV,180,0.0595586933195591,0.0008471198962070048,0.657099478587978,0.9677622244116113,0.29676175117492676,0.001444765250198543,0.004868434845388561,0.02
25,octanol_hl_gap_eV,181,0.06732037663459778,0.0016346668126061559,0.6020820428249964,0.9703131140837815,0.3615286648273468,0.0024049950297921896,0.006652294171309292,0.06
25,octanol_hl_gap_eV,182,0.0873398631811142,0.0010492841247469187,0.6790793905595718,0.9716406946747851,0.30472707748413086,0.0010593126062303782,0.0034762667465464848,0.12
25,octanol_hl_gap_eV,183,0.028943970799446106,0.0013238305691629648,0.6223226276254579,0.9634204490344569,0.28265756368637085,0.0005760821513831615,0.0020380921135454443,0.14
25,octanol_hl_gap_eV,184,0.09080666303634644,0.0008782044751569629,0.6478959952967265,0.977172669870753,0.2731630802154541,0.0014311729464679956,0.00523926200180191,0.1
25,octanol_hl_gap_eV,185,0.06665831059217453,0.002266709227114916,0.6063109145429568,0.9677657406659186,0.5965051651000977,0.0031817934941500425,0.005334058580391531,0.1
25,octanol_hl_gap_eV,186,0.03442693501710892,0.0013403482735157013,0.5985594320912198,0.9615422801982592,0.3666872978210449,0.0005913213826715946,0.0016126039439745695,0.04
25,octanol_hl_gap_eV,187,0.06172879412770271,0.0008732245769351721,0.6557503523280992,0.9642260168182066,0.2686881422996521,0.0008577950648032129,0.0031925304089026915,0.06
25,octanol_hl_gap_eV,188,0.14073169231414795,0.001169874332845211,0.648344505454739,0.9724352327199357,0.2627982497215271,0.0007858554599806666,0.002990337495829575,0.2
25,octanol_hl_gap_eV,189,0.035635992884635925,0.0018686939729377627,0.6039690656934265,0.9665638097854305,0.43993157148361206,0.0006049372022971511,0.001375071128123583,0.02
25,octanol_hl_gap_eV,190,0.07789143919944763,0.0012119094608351588,0.654633867977128,0.9776440546615319,0.2675403654575348,0.0012622232316061854,0.004717879597150102,0.14
25,octanol_hl_gap_eV,191,0.30317169427871704,0.0015540015883743763,0.6393895156418086,0.9259575999471341,0.28743529319763184,0.05340799689292908,0.185808765161651,0.32
25,octanol_hl_gap_eV,192,0.020505977794528008,0.0010875356383621693,0.606404663029886,0.9618459366162964,0.28580597043037415,0.001375863910652697,0.0048139788982745355,0.06
25,octanol_hl_gap_eV,193,0.1106131449341774,0.0015496306587010622,0.5992323014642429,0.9410815203414928,0.27617311477661133,0.02248084731400013,0.08140128821802316,0.02
25,octanol_hl_gap_eV,194,0.09977644681930542,0.0012954793637618423,0.6218325511427893,0.9764648686320132,0.24221216142177582,0.0006260305526666343,0.002584637158563219,0.08
25,octanol_hl_gap_eV,195,0.1456889510154724,0.002232007449492812,0.6010129922700094,0.9191592439430518,0.47984182834625244,0.03159455209970474,0.065843680632415,0.08
25,octanol_hl_gap_eV,196,0.033244527876377106,0.0014239358715713024,0.6038281645343615,0.9576398016953958,0.32780346274375916,0.0017894956981763244,0.005459050625023922,0.06
25,octanol_hl_gap_eV,197,0.20285676419734955,0.0016904097283259034,0.6171741846517447,0.9396062882519163,0.422563374042511,0.01953052543103695,0.04621916292506725,0.18
25,octanol_hl_gap_eV,198,0.05508223548531532,0.0025968714617192745,0.6083296697933276,0.976047605904814,0.4678431451320648,0.0032686558552086353,0.006986649028032557,0.04
25,octanol_hl_gap_eV,199,0.08208812773227692,0.002375489566475153,0.6195297424460411,0.9796939883606344,0.44508859515190125,0.0059188129380345345,0.013298055718580126,0.08
25,octanol_hl_gap_eV,200,0.07031019032001495,0.004871274810284376,0.6271028416045605,0.9320616385948697,0.9188647270202637,0.036794889718294144,0.04004385916261503,0.04
25,octanol_hl_gap_eV,201,0.1003551036119461,0.0012213081354275346,0.6049352401233312,0.9806974742876309,0.2456049919128418,0.0009136095177382231,0.003719832852837279,0.1
25,octanol_hl_gap_eV,202,0.2590830624103546,0.0015008614864200354,0.6015436351236574,0.8965825630002111,0.25883960723876953,0.07168601453304291,0.27695148859855645,0.06
25,octanol_hl_gap_eV,203,0.12207964807748795,0.0016745886532589793,0.6324017629895384,0.9374896986047678,0.3649088740348816,0.019491024315357208,0.053413401816843904,0.06
25,octanol_hl_gap_eV,204,0.025734860450029373,0.002051882678642869,0.6099859500461979,0.964497930385241,0.513968288898468,0.0005270874826237559,0.0010255252979778282,0.02
25,octanol_hl_gap_eV,205,0.06798533350229263,0.0029501719400286674,0.5820173382078144,0.9757960820876894,0.6352134943008423,0.0023699391167610884,0.0037309332028117558,0.02
25,octanol_hl_gap_eV,206,0.07783688604831696,0.0013116386253386736,0.6342067330946111,0.9644646053532433,0.3610914349555969,0.0007610595785081387,0.002107664444053417,0.06
25,octanol_hl_gap_eV,207,0.07181603461503983,0.0026326971128582954,0.623333712630773,0.9749625135490838,0.4510057866573334,0.0009269210859201849,0.002055231026613066,0.04
25,octanol_hl_gap_eV,208,0.010679285041987896,0.002072635106742382,0.6096616864280378,0.9636150327226747,0.3918813169002533,0.001150782103650272,0.002936557712811769,0.0
25,octanol_hl_gap_eV,209,0.03427103906869888,0.0017108428291976452,0.6156743901894255,0.9707685963104826,0.3195618987083435,0.0018796779913827777,0.005882046636286621,0.0
25,octanol_hl_gap_eV,210,0.062082093209028244,0.002145919017493725,0.6157756414679239,0.9803593530702013,0.44019320607185364,0.002654380863532424,0.006030035963569924,0.02
25,octanol_hl_gap_eV,211,0.04988133907318115,0.001322697615250945,0.6116382194377135,0.9661868120057286,0.2915215790271759,0.0006362227723002434,0.0021824208500219947,0.02
25,octanol_hl_gap_eV,212,0.027739010751247406,0.0010066000977531075,0.6391527402489918,0.9736972450275292,0.28301316499710083,0.0008565831813029945,0.0030266548954066123,0.02
25,octanol_hl_gap_eV,213,0.3659166097640991,0.0015131738036870956,0.6072386376419336,0.9097966142582616,0.30506670475006104,0.09935300797224045,0.32567634037165627,0.14
25,octanol_hl_gap_eV,214,0.039425306022167206,0.0027742113452404737,0.605238126645951,0.9761622176196052,0.43620991706848145,0.001884411321952939,0.004319964421297422,0.02
25,octanol_hl_gap_eV,215,0.07323472201824188,0.0012331927428022027,0.6371123044567351,0.9720691301249522,0.3125133812427521,0.0012047720374539495,0.003855105444326925,0.14
25,octanol_hl_gap_eV,216,0.07224813848733902,0.002931450493633747,0.5937247099105469,0.962752659020111,0.5576997995376587,0.0020310203544795513,0.0036417806787151386,0.02
25,octanol_hl_gap_eV,217,0.01760847121477127,0.005667333025485277,0.6283198026797161,0.9606435814972913,1.0873494148254395,0.00192064861766994,0.0017663582575048117,0.02
25,octanol_hl_gap_eV,218,0.05804404988884926,0.0016751146176829934,0.6052333078252432,0.9633697076022398,0.32861995697021484,0.0005469588795676827,0.0016644116340665746,0.02
25,octanol_hl_gap_eV,219,0.026110945269465446,0.0116088492795825,0.6335882294234392,0.9551843989123323,2.3570642471313477,0.02078794501721859,0.00881942231422773,0.04
25,octanol_hl_gap_eV,220,0.051038797944784164,0.00417259382084012,0.5952728198508559,0.9736249222059152,0.8348754048347473,0.0016480972990393639,0.0019740637818472843,0.04
25,octanol_hl_gap_eV,221,0.055541668087244034,0.0018912850646302104,0.5933101690060856,0.9837069710152855,0.4203985929489136,0.0011666027130559087,0.0027749919543562152,0.02
25,octanol_hl_gap_eV,222,0.13808906078338623,0.004540668334811926,0.6009792207876374,0.924643550504276,0.8801589012145996,0.09846054017543793,0.11186677773702519,0.1
25,octanol_hl_gap_eV,223,0.0642424002289772,0.0012030452489852905,0.6213331826550321,0.9744653672243511,0.27078038454055786,0.0011315469164401293,0.0041788363598052455,0.1
25,octanol_hl_gap_eV,224,0.07306311279535294,0.0017594797536730766,0.612052234730704,0.9530113057925969,0.31730908155441284,0.0006307740113697946,0.0019878851505913428,0.02
25,octanol_hl_gap_eV,225,0.0813535526394844,0.0013063971418887377,0.6169805464573526,0.969876017343553,0.21527360379695892,0.0010884207440540195,0.005055987937474177,0.14
25,octanol_hl_gap_eV,226,0.021733323112130165,0.0037911608815193176,0.5964616535644409,0.9598125090706662,0.7977055907249451,0.0006311318138614297,0.0007911838919016035,0.02
25,octanol_hl_gap_eV,227,0.028874287381768227,0.0043881540186703205,0.6103774417562431,0.9698567277191756,0.8032567501068115,0.002285966882482171,0.002845873230667777,0.0
25,octanol_hl_gap_eV,228,0.08564651012420654,0.0026921157259494066,0.5800836376776446,0.9586016537511182,0.3844314515590668,0.027446944266557693,0.07139619860770041,0.0
25,octanol_hl_gap_eV,229,0.09052545577287674,0.001031245687045157,0.641305826912312,0.9635526582225655,0.31692397594451904,0.0016198860248550773,0.0051112763558748735,0.18
25,octanol_hl_gap_eV,230,0.05657476559281349,0.0012860471615567803,0.62301731426355,0.9446307818305839,0.3075961172580719,0.0022470769472420216,0.007305283848419755,0.02
25,octanol_hl_gap_eV,231,0.010638461448252201,0.002779098693281412,0.6052676904802772,0.9620520187075436,0.43404409289360046,0.001109684002585709,0.002556615838699438,0.0
25,octanol_hl_gap_eV,232,0.04475414752960205,0.0013290980132296681,0.6251910897083206,0.9495168022317064,0.2609083950519562,0.0018528110813349485,0.007101385453564987,0.06
25,octanol_hl_gap_eV,233,0.021317673847079277,0.00098274031188339,0.618210937164466,0.9702585490091464,0.27295786142349243,0.0005547811742872,0.0020324791943854676,0.12
25,octanol_hl_gap_eV,234,0.15128755569458008,0.0016592747997492552,0.6153708088547285,0.9767075008191999,0.36878466606140137,0.0035623677540570498,0.009659750206273294,0.14
25,octanol_hl_gap_eV,235,0.12944002449512482,0.001339643495157361,0.6228073050760388,0.97142089154447,0.3884625732898712,0.0012897973647341132,0.0033202615989769107,0.22
25,octanol_hl_gap_eV,236,0.10699189454317093,0.001362640643492341,0.6510268668263421,0.974180792402167,0.30667567253112793,0.004206049721688032,0.013714976760216002,0.24
25,octanol_hl_gap_eV,237,0.07039155066013336,0.0011534597724676132,0.6610165860165325,0.9784230545138257,0.33199289441108704,0.0007514490862376988,0.0022634493053553854,0.18
25,octanol_hl_gap_eV,238,0.05160976201295853,0.001334445783868432,0.6407514943019041,0.968162021815727,0.37923139333724976,0.0005512581556104124,0.001453619519099727,0.04
25,octanol_hl_gap_eV,239,0.09095197916030884,0.0010980772785842419,0.656772374463904,0.9382055538547787,0.29115885496139526,0.006297474727034569,0.02162899949537702,0.06
25,octanol_hl_gap_eV,240,0.036650076508522034,0.0008930478943511844,0.6899161973398265,0.9739803880267828,0.26915737986564636,0.0008716063457541168,0.003238277717628219,0.04
25,octanol_hl_gap_eV,241,0.2622857391834259,0.0013378566363826394,0.6226742596145467,0.9514459858245359,0.4089597761631012,0.011877878569066525,0.029044124291405602,0.26
25,octanol_hl_gap_eV,242,0.16319333016872406,0.0011191262165084481,0.6291765357988091,0.9718181187073556,0.2784275412559509,0.001002198550850153,0.003599495029584228,0.16
25,octanol_hl_gap_eV,243,0.06553865969181061,0.0013458169996738434,0.6182382176853978,0.9703409019275824,0.3171549141407013,0.0009989244863390923,0.00314964215215008,0.08
25,octanol_hl_gap_eV,244,0.015349620953202248,0.001022057724185288,0.6419321217316436,0.9646412783286415,0.31747663021087646,0.0009603875805623829,0.0030250654352872142,0.02
25,octanol_hl_gap_eV,245,0.04232022538781166,0.001786773675121367,0.601429252435155,0.973444728848303,0.3139502704143524,0.001245151157490909,0.00396607767162473,0.08
25,octanol_hl_gap_eV,246,0.024787746369838715,0.0013209556927904487,0.6387597801336993,0.9675288450538786,0.2841828465461731,0.0012194908922538161,0.004291219217046153,0.02
25,octanol_hl_gap_eV,247,0.07260526716709137,0.0013718443224206567,0.6230994775586727,0.9730524128578295,0.324165940284729,0.0006277269567362964,0.001936437110527209,0.04
25,octanol_hl_gap_eV,248,0.30233776569366455,0.0015778460074216127,0.5951296268427573,0.904967113025785,0.35611510276794434,0.051651481539011,0.1450415361144307,0.24
25,octanol_hl_gap_eV,249,0.03907975181937218,0.001426897943019867,0.6015976885134533,0.9580774720998653,0.3797750771045685,0.0005470016621984541,0.0014403305934892641,0.02
25,octanol_dipole,0,0.13725966215133667,0.015439681708812714,0.6140641044582091,0.9726115908138493,3.004910469055176,0.01438855193555355,0.004788346303068955,0.08
25,octanol_dipole,1,0.3971376419067383,0.013392706401646137,0.6161655196623099,0.9151769463506121,2.621530294418335,0.6427862644195557,0.24519505488384105,0.24
25,octanol_dipole,2,0.1543608009815216,0.01614329218864441,0.6089304890948997,0.9528117732079009,3.009159564971924,0.03575863689184189,0.011883263788364618,0.06
25,octanol_dipole,3,0.22858774662017822,0.014707998372614384,0.6153935435149611,0.9267284429663476,2.8615610599517822,0.20010331273078918,0.06992802478733791,0.12
25,octanol_dipole,4,0.3983624577522278,0.011997069232165813,0.6143086843070875,0.8922499297032447,2.351090431213379,0.43897196650505066,0.18670994559681856,0.22
25,octanol_dipole,5,0.1758982241153717,0.012460896745324135,0.6119971837093054,0.961198518459575,2.4037222862243652,0.026471808552742004,0.01101283983780109,0.2
25,octanol_dipole,6,0.2760443091392517,0.01796887069940567,0.6135861851417255,0.9114826807061709,3.4960365295410156,0.420675128698349,0.12032915707364711,0.18
25,octanol_dipole,7,0.11224953085184097,0.013845429755747318,0.6105916674510787,0.9618516308924112,2.666764974594116,0.009469549171626568,0.0035509500319081703,0.08
25,octanol_dipole,8,0.08875110745429993,0.013731180690228939,0.6110184629060382,0.9519521748847697,2.552002191543579,0.021738113835453987,0.00851806236980764,0.02
25,octanol_dipole,9,0.17889820039272308,0.016098689287900925,0.6100269223154782,0.9421586306286736,3.127382755279541,0.04709130525588989,0.015057736433569557,0.14
25,octanol_dipole,10,0.11833136528730392,0.008320668712258339,0.6121245075351922,0.9553357487279694,1.5056959390640259,0.04571463540196419,0.03036113349045852,0.08
25,octanol_dipole,11,0.1400536596775055,0.010828234255313873,0.6118666939243937,0.9638125340471098,2.005854845046997,0.022973237559199333,0.011453090743792615,0.08
25,octanol_dipole,12,0.16916657984256744,0.012039748020470142,0.6071229071367612,0.9263016486534643,2.2357053756713867,0.058096904307603836,0.02598593935489251,0.08
25,octanol_dipole,13,0.23201023042201996,0.018855107948184013,0.6106609462538426,0.9077764428365782,3.781712293624878,0.2692475914955139,0.07119727006980547,0.08
25,octanol_dipole,14,0.12653641402721405,0.014323588460683823,0.6132350725745535,0.966725889280081,2.7752346992492676,0.012576287612318993,0.004531612268944684,0.1
25,octanol_dipole,15,0.19539734721183777,0.00862213596701622,0.6113189309059985,0.9311693067024207,1.604483962059021,0.15342089533805847,0.09562008656114873,0.1
25,octanol_dipole,16,0.10186178982257843,0.016501137986779213,0.6094563744659047,0.9537013054889067,3.193350315093994,0.009211627766489983,0.0028846280105722898,0.02
25,octanol_dipole,17,0.33225759863853455,0.016474910080432892,0.618491135022236,0.9035851744538368,3.2176523208618164,0.37772926688194275,0.1173928160084032,0.1
25,octanol_dipole,18,0.1804337352514267,0.0207767765969038,0.6134805674640411,0.9326556856499859,3.9849436283111572,0.19752347469329834,0.04956744514275851,0.04
25,octanol_dipole,19,0.18093213438987732,0.009910037741065025,0.6192880330376629,0.9474152055110385,1.8891212940216064,0.08467571437358856,0.044822804465524224,0.06
25,octanol_dipole,20,0.16346445679664612,0.014750630594789982,0.6134398897769981,0.9476104576939459,2.8298861980438232,0.15802638232707977,0.05584195662578817,0.06
25,octanol_dipole,21,0.15385593473911285,0.01421585027128458,0.6138966270921822,0.9494505605467727,2.73264741897583,0.03652944043278694,0.013367783995521026,0.08
25,octanol_dipole,22,0.08722700923681259,0.019972890615463257,0.597958700967997,0.951296456447704,3.746795654296875,0.040177568793296814,0.010723181219456323,0.06
25,octanol_dipole,23,0.06916152685880661,0.02190803550183773,0.6150523787149405,0.9686718612433456,4.246923923492432,0.018786035478115082,0.004423445255093362,0.04
25,octanol_dipole,24,0.0953826829791069,0.013965380378067493,0.6107845584475904,0.9484163374639467,2.6519691944122314,0.0205097533762455,0.0077337826621289895,0.06
25,octanol_dipole,25,0.18409325182437897,0.01939084567129612,0.6112342778219968,0.9362197299631843,3.650235652923584,0.0934918224811554,0.025612544331562532,0.08
25,octanol_dipole,26,0.14270681142807007,0.013136696070432663,0.6144155719981526,0.9427019654606807,2.537628173828125,0.02129076048731804,0.008390023687040005,0.04
25,octanol_dipole,27,0.11289957910776138,0.021882664412260056,0.611876526448554,0.9535314405320026,4.164170742034912,0.020236395299434662,0.00485964590624488,0.08
25,octanol_dipole,28,0.1719636172056198,0.0158238485455513,0.6137446668990423,0.9549935620091676,2.9835503101348877,0.03512991592288017,0.011774534454319939,0.08
25,octanol_dipole,29,0.1901150643825531,0.015772517770528793,0.6035051171139041,0.9360258807577293,2.990424394607544,0.07209249585866928,0.02410778081822414,0.12
25,octanol_dipole,30,0.1430140882730484,0.013268130831420422,0.6116974535301944,0.9620676132360517,2.553081750869751,0.014274890534579754,0.005591239109251698,0.1
25,octanol_dipole,31,0.14034634828567505,0.018495207652449608,0.6057258862020909,0.9531491756577852,3.4351282119750977,0.00749398535117507,0.0021815736964490907,0.04
25,octanol_dipole,32,0.0710119754076004,0.009169051423668861,0.6109866644064978,0.9650973014262041,1.677048921585083,0.011084661819040775,0.006609623414303247,0.06
25,octanol_dipole,33,0.04418284073472023,0.02486482635140419,0.6125493666132709,0.9558534039822999,4.744497776031494,0.004157228861004114,0.0008762210580023504,0.02
25,octanol_dipole,34,0.16892747581005096,0.015242029912769794,0.6015663051582454,0.9628650233086093,2.9610607624053955,0.014082563109695911,0.004755918314305731,0.14
25,octanol_dipole,35,0.5278118848800659,0.00982778798788786,0.6258037495515874,0.8797899721143259,1.8853821754455566,0.845008134841919,0.44818930922704053,0.24
25,octanol_dipole,36,0.1325964778661728,0.014895301312208176,0.6107651476753395,0.9536606400801917,2.834094524383545,0.010980190709233284,0.003874320568620282,0.1
25,octanol_dipole,37,0.13346117734909058,0.01761978305876255,0.6110936823343072,0.9687938508853775,3.348784923553467,0.014334033243358135,0.004280368423346815,0.1
25,octanol_dipole,38,0.13911545276641846,0.01840796321630478,0.6006732380497659,0.9421751716729294,3.5645344257354736,0.12799938023090363,0.03590914406851139,0.1
25,octanol_dipole,39,0.07394054532051086,0.027030102908611298,0.6019316866967399,0.9688929677386511,5.215051651000977,0.012744242325425148,0.002443742301762058,0.04
25,octanol_dipole,40,0.12565498054027557,0.018820682540535927,0.6153244429372957,0.9680633866670287,3.663607358932495,0.006855675019323826,0.0018712908747190195,0.1
25,octanol_dipole,41,0.2145358771085739,0.013348464854061604,0.616827061350135,0.9352648389398934,2.5729422569274902,0.03382977098226547,0.013148282240373205,0.14
25,octanol_dipole,42,0.08496291935443878,0.01888846419751644,0.6010779565315658,0.967749696572882,3.46254563331604,0.014334632083773613,0.004139911383650272,0.04
25,octanol_dipole,43,0.27132147550582886,0.012240834534168243,0.6107995302046467,0.9257715408027705,2.338313579559326,0.2712581157684326,0.11600587626042584,0.12
25,octanol_dipole,44,0.4458058178424835,0.013636933639645576,0.6162445332987558,0.8827209607169733,2.715005874633789,0.6637070178985596,0.24445877782422223,0.16
25,octanol_dipole,45,0.3327430486679077,0.014729003421962261,0.6088562193714453,0.930204363789362,2.916607141494751,0.35120242834091187,0.12041471864493956,0.18
25,octanol_dipole,46,0.37017330527305603,0.016637049615383148,0.5989683207508194,0.8837870647706649,3.290217876434326,0.5356401801109314,0.16279778428880678,0.2
25,octanol_dipole,47,0.41811132431030273,0.016568973660469055,0.6138724795852888,0.8858225415106962,3.2342283725738525,0.8538612723350525,0.2640077242459955,0.26
25,octanol_dipole,48,0.09239993244409561,0.015587500296533108,0.6101958671494163,0.9503168441181307,2.9072697162628174,0.007853289134800434,0.0027012592229989354,0.08
25,octanol_dipole,49,0.24587470293045044,0.018560392782092094,0.6146181999169102,0.9092705646145092,3.64483380317688,0.476347953081131,0.13069126846495457,0.16
25,octanol_dipole,50,0.09269605576992035,0.025152944028377533,0.6001501460758627,0.9634077450295415,4.601477146148682,0.024141384288668633,0.005246442288401747,0.04
25,octanol_dipole,51,0.1450614333152771,0.013928918167948723,0.6130611549431542,0.9572510062569322,2.6773035526275635,0.039761725813150406,0.014851407407324952,0.1
25,octanol_dipole,52,0.1188972145318985,0.010150869376957417,0.6099798413919284,0.9599950082034461,1.8286641836166382,0.027655458077788353,0.015123311500033213,0.06
25,octanol_dipole,53,0.4225583076477051,0.013283444568514824,0.6161124448241315,0.8980670579449117,2.5752949714660645,0.49706608057022095,0.19301326103520136,0.28
25,octanol_dipole,54,0.10437464714050293,0.020589465275406837,0.6044006095383514,0.9631785770841239,4.039364814758301,0.007636036723852158,0.0018904053171808072,0.1
25,octanol_dipole,55,0.13348999619483948,0.017406564205884933,0.6086891349105157,0.9612250751005871,3.400444507598877,0.006676915567368269,0.001963541987657071,0.1
25,octanol_dipole,56,0.23617367446422577,0.015721602365374565,0.6133049960308423,0.9314334713124066,3.0854732990264893,0.09530003368854523,0.030886682350683037,0.16
25,octanol_dipole,57,0.1399993896484375,0.016175763681530952,0.6123502955770368,0.959073010810459,3.109745979309082,0.007848687469959259,0.0025238998690507407,0.08
25,octanol_dipole,58,0.337149441242218,0.015491078607738018,0.619219494917977,0.9118382703135328,3.0507583618164062,0.4118873178958893,0.13501145257884456,0.18
25,octanol_dipole,59,0.11885711550712585,0.014999523758888245,0.613720978368312,0.9440000082083542,2.864511728286743,0.08618947863578796,0.030088715568756867,0.14
25,octanol_dipole,60,0.061148855835199356,0.01674775220453739,0.6118238058684407,0.9633941500076004,3.236679792404175,0.009071605280041695,0.0028027503064501145,0.08
25,octanol_dipole,61,0.4796956181526184,0.00488247349858284,0.6263189412384129,0.9193378089695985,0.9249228835105896,0.34927448630332947,0.3776255215760705,0.36
25,octanol_dipole,62,0.2638511657714844,0.01878574676811695,0.6021618656548735,0.9057846988787797,3.4782800674438477,0.47852301597595215,0.1375746077651573,0.02
25,octanol_dipole,63,0.5389799475669861,0.00921810045838356,0.6372749476764961,0.8962044541754743,1.8122127056121826,0.8558318018913269,0.472257919415822,0.28
25,octanol_dipole,64,0.11516149342060089,0.01533481478691101,0.614037874706294,0.9544732071970914,2.9776947498321533,0.019808562472462654,0.006652314671804161,0.04
25,octanol_dipole,65,0.3164924383163452,0.01465290505439043,0.6100405812510072,0.9004093560085709,2.862401008605957,0.37293922901153564,0.130288952487885,0.14
25,octanol_dipole,66,0.357001930475235,0.016549842432141304,0.6132457320525846,0.9118140156813983,3.284083366394043,0.5184911489486694,0.15788002042042495,0.16
25,octanol_dipole,67,0.20276294648647308,0.009340226650238037,0.6109279962118921,0.9603250736879765,1.7280426025390625,0.10251766443252563,0.05932588946701516,0.1
25,octanol_dipole,68,0.15987741947174072,0.01760617084801197,0.608889488654214,0.9595515330761486,3.413858652114868,0.005705289077013731,0.0016712142060947173,0.1
25,octanol_dipole,69,0.1386711448431015,0.015381994657218456,0.5988962603600525,0.9323381736901624,2.970021963119507,0.12831194698810577,0.04320235627258989,0.1
25,octanol_dipole,70,0.1397676318883896,0.016519896686077118,0.6068942706523461,0.9413394274064009,3.1224005222320557,0.10581670701503754,0.03388953667590159,0.06
25,octanol_dipole,71,0.21993090212345123,0.01881520450115204,0.5960922097276371,0.9035137906940938,3.664975166320801,0.46659547090530396,0.12731204161847304,0.1
25,octanol_dipole,72,0.09022476524114609,0.016257338225841522,0.614066948575382,0.950304279854943,3.1464343070983887,0.011012453585863113,0.0034999788684667286,0.06
25,octanol_dipole,73,0.08656776696443558,0.01542748510837555,0.6128239236875457,0.9652335682882245,2.899343252182007,0.01001763716340065,0.003455140110044408,0.04
25,octanol_dipole,74,0.14659607410430908,0.016641100868582726,0.6151622717634135,0.9378627338022107,3.1352694034576416,0.041012056171894073,0.013080871495975787,0.1
25,octanol_dipole,75,0.09649644047021866,0.015415728092193604,0.6100435921440308,0.9636633247467794,2.8577041625976562,0.050646018236875534,0.01772262465084498,0.06
25,octanol_dipole,76,0.09468188881874084,0.02464064210653305,0.6167494925352823,0.9543302619701375,4.706252098083496,0.009607117623090744,0.002041352104151625,0.04
25,octanol_dipole,77,0.44724178314208984,0.015070503577589989,0.6050240803530307,0.8863843355960683,2.9781713485717773,0.8920088410377502,0.29951562104226315,0.22
25,octanol_dipole,78,0.1976563036441803,0.01458497904241085,0.613863543905854,0.9417191506556346,2.760918378829956,0.12022795528173447,0.0435463634867343,0.1
25,octanol_dipole,79,0.11169462651014328,0.01618306338787079,0.6141477434977398,0.9678194432471616,3.0435609817504883,0.010159021243453026,0.0033378734003910505,0.1
25,octanol_dipole,80,0.1078956201672554,0.01798688992857933,0.6126971671579828,0.9486194646606454,3.396798610687256,0.005649379454553127,0.001663148188055258,0.06
25,octanol_dipole,81,0.05911993235349655,0.01684749498963356,0.6019017102381283,0.9605936483612418,3.2646660804748535,0.017024125903844833,0.0052146606985816555,0.08
25,octanol_dipole,82,0.08784011006355286,0.021575048565864563,0.6141232927396856,0.9692849202750324,4.213564395904541,0.0101939020678401,0.0024193061052415073,0.06
25,octanol_dipole,83,0.30817779898643494,0.01529175415635109,0.6124829255100004,0.9132216449023709,2.9092864990234375,0.37393608689308167,0.1285318881514767,0.22
25,octanol_dipole,84,0.021724089980125427,0.03022361546754837,0.6211309037581381,0.9691151133322031,5.968364238739014,0.005509927403181791,0.0009231888642818355,0.02
25,octanol_dipole,85,0.25993356108665466,0.03055790811777115,0.6006102866739078,0.9013487892513368,6.082249164581299,0.897936224937439,0.14763226573590277,0.1
25,octanol_dipole,86,0.4167160391807556,0.016727503389120102,0.6160049702723298,0.8974022901756151,3.2971575260162354,0.6650331020355225,0.20169891695743256,0.22
25,octanol_dipole,87,0.24643144011497498,0.022381380200386047,0.6056576325422285,0.9231744636647412,4.416938304901123,0.5451298356056213,0.12341803257716649,0.08
25,octanol_dipole,88,0.1764691025018692,0.01611563190817833,0.610404316864829,0.9619858422213339,3.135172128677368,0.011119641363620758,0.003546740308740812,0.1
25,octanol_dipole,89,0.3808900713920593,0.01789001375436783,0.6197861449330937,0.9052091953233239,3.5487499237060547,0.8532458543777466,0.24043561048863063,0.26
25,octanol_dipole,90,0.2653619050979614,0.021781332790851593,0.612580180007873,0.9252409061190416,4.164700508117676,0.35930103063583374,0.08627295766778376,0.14
25,octanol_dipole,91,0.19194839894771576,0.013210411183536053,0.6148106024709552,0.9241413298909047,2.544522762298584,0.045298557728528976,0.017802378662004466,0.08
25,octanol_dipole,92,0.14320437610149384,0.013529909774661064,0.6098886516050546,0.9696427637255234,2.6075820922851562,0.013393931090831757,0.005136532855651719,0.18
25,octanol_dipole,93,0.2626030743122101,0.010040529072284698,0.6194444953879241,0.9578206566964786,1.862281084060669,0.2073645293712616,0.11134974797634047,0.08
25,octanol_dipole,94,0.1342904418706894,0.01632002182304859,0.6102891051532304,0.96147880503168,3.06382417678833,0.012279278598725796,0.004007827437277296,0.06
25,octanol_dipole,95,0.06009705737233162,0.011276616714894772,0.6105569229297232,0.9609433075049514,2.0939390659332275,0.015205854550004005,0.007261841950127166,0.04
25,octanol_dipole,96,0.29987964034080505,0.014329935424029827,0.6076573030465076,0.9082383584779932,2.786088466644287,0.3456437885761261,0.12406059345001268,0.16
25,octanol_dipole,97,0.11806770414113998,0.01194089837372303,0.6097918077917217,0.9628309872111203,2.2423479557037354,0.06692473590373993,0.029845830007562926,0.1
25,octanol_dipole,98,0.06099871173501015,0.02427821047604084,0.6132743218247501,0.97194542592338,4.635147571563721,0.011588450521230698,0.0025001254743915735,0.02
25,octanol_dipole,99,0.38530799746513367,0.013398563489317894,0.6190813351194175,0.9176113082584645,2.639439344406128,0.4404003620147705,0.16685375360041105,0.3
25,octanol_dipole,100,0.1291426122188568,0.016421036794781685,0.6128090457887541,0.971012291847005,3.1076366901397705,0.006593489553779364,0.0021217054022755833,0.1
25,octanol_dipole,101,0.10509943962097168,0.007334361784160137,0.6155405849345437,0.9618468873084791,1.362717628479004,0.013468722812831402,0.009883722446494294,0.08
25,octanol_dipole,102,0.2757805287837982,0.01685907505452633,0.6149371842509288,0.9237582760186394,3.3315272331237793,0.27331364154815674,0.08203854341358226,0.24
25,octanol_dipole,103,0.10507702827453613,0.01610318385064602,0.5887920799283923,0.9424019698699315,2.85343599319458,0.06832385808229446,0.023944415870987213,0.06
25,octanol_dipole,104,0.18573012948036194,0.015211950056254864,0.6091807555794206,0.9351249080419954,2.876885175704956,0.10681817680597305,0.037129801949707004,0.04
25,octanol_dipole,105,0.07159828394651413,0.014656747691333294,0.6063491179151492,0.9621715503226176,2.738771915435791,0.01166213396936655,0.004258161807355499,0.02
25,octanol_dipole,106,0.20038458704948425,0.014809600077569485,0.6108760482184048,0.9457196844722189,2.775618076324463,0.08176489919424057,0.02945826729249275,0.1
25,octanol_dipole,107,0.0593554712831974,0.016697075217962265,0.6121766742078043,0.9525387773766643,3.118374824523926,0.008313123136758804,0.00266585115791138,0.04
25,octanol_dipole,108,0.16527383029460907,0.014830958098173141,0.6137613970017859,0.9647514261444405,2.848381757736206,0.011233498342335224,0.0039438176823823,0.1
25,octanol_dipole,109,0.15638695657253265,0.015718922019004822,0.6139116437820904,0.9421010232195035,3.0600593090057373,0.035733237862586975,0.011677302383461739,0.08
25,octanol_dipole,110,0.06307236850261688,0.008893998339772224,0.6182668999057217,0.9450397869645413,1.6356455087661743,0.046579789370298386,0.028477924538450376,0.02
25,octanol_dipole,111,0.25443387031555176,0.01451670192182064,0.6161535988263946,0.9231299795687533,2.818007469177246,0.2439385950565338,0.08656421167249598,0.18
25,octanol_dipole,112,0.3883960247039795,0.017022091895341873,0.614122020585163,0.9324715265784929,3.2585721015930176,0.6080223917961121,0.18659166433631108,0.22
25,octanol_dipole,113,0.15523044764995575,0.017892256379127502,0.609114379712034,0.9630971540685875,3.398082733154297,0.006883922498673201,0.002025825454897958,0.08
25,octanol_dipole,114,0.17196564376354218,0.01420447789132595,0.6116094473389175,0.929786329604489,2.6699695587158203,0.08911221474409103,0.03337574185188519,0.08
25,octanol_dipole,115,0.39185985922813416,0.018442433327436447,0.6072108782389607,0.9016791654957503,3.5632143020629883,0.6990607380867004,0.19618823871524269,0.24
25,octanol_dipole,116,0.2567727863788605,0.019024286419153214,0.5988705744938556,0.9138530187198071,3.7618963718414307,0.2985611855983734,0.0793645427963315,0.18
25,octanol_dipole,117,0.11955788731575012,0.01686958223581314,0.6046011225203347,0.97206759738214,3.2966785430908203,0.005346114281564951,0.0016216668418488477,0.08
25,octanol_dipole,118,0.083159901201725,0.007847440429031849,0.6160684049079181,0.9476699704919866,1.4938480854034424,0.014689921401441097,0.009833611292190934,0.12
25,octanol_dipole,119,0.14662037789821625,0.012213924899697304,0.6140928442156774,0.9615040140777089,2.3238279819488525,0.020150847733020782,0.008671402483122481,0.1
25,octanol_dipole,120,0.10183214396238327,0.01627172715961933,0.612587274452858,0.9730559674662604,3.1078004837036133,0.008860461413860321,0.0028510393316179597,0.08
25,octanol_dipole,121,0.13953359425067902,0.011626803316175938,0.6160541777786299,0.9548983757879412,2.2330610752105713,0.025201747193932533,0.011285740221662356,0.1
25,octanol_dipole,122,0.1558031290769577,0.011649507097899914,0.6074857438424848,0.949775672914299,2.152517318725586,0.020904388278722763,0.0097116005046126,0.08
25,octanol_dipole,123,0.2936805486679077,0.01503387838602066,0.6155807595761473,0.906726794276276,2.9541335105895996,0.38403964042663574,0.13000077317087383,0.16
25,octanol_dipole,124,0.2229243367910385,0.013442893512547016,0.61066432369779,0.9507991139649916,2.603025197982788,0.10903988033533096,0.04188967529773869,0.14
25,octanol_dipole,125,0.38180288672447205,0.01575828343629837,0.6122485096626396,0.888937070365353,3.125394582748413,0.6876039505004883,0.22000548484211627,0.14
25,octanol_dipole,126,0.1724475622177124,0.01774868182837963,0.615256375672182,0.9692727025733108,3.420806884765625,0.007941709831357002,0.0023215896421177615,0.12
25,octanol_dipole,127,0.11689889430999756,0.017396673560142517,0.6240847148060416,0.9668996023443632,3.4210424423217773,0.006155200302600861,0.001799217754931879,0.0
25,octanol_dipole,128,0.12327300012111664,0.01669449359178543,0.6104993763483164,0.9524329783081451,3.145552635192871,0.024104658514261246,0.007663091771085006,0.06
25,octanol_dipole,129,0.37635600566864014,0.012530977837741375,0.6112730431213764,0.8908018406182576,2.4735074043273926,0.4433506429195404,0.17923966677597164,0.18
25,octanol_dipole,130,0.18866340816020966,0.02268810011446476,0.6046388234559512,0.9417400512879148,4.226076126098633,0.165421262383461,0.03914299161860394,0.1
25,octanol_dipole,131,0.13310031592845917,0.020464008674025536,0.6060924964742915,0.9463163802407444,3.9664413928985596,0.11194401979446411,0.02822278428086358,0.08
25,octanol_dipole,132,0.08921622484922409,0.012139878235757351,0.6111566005416318,0.9595799326223888,2.332406997680664,0.015661297366023064,0.006714650308285215,0.1
25,octanol_dipole,133,0.33619052171707153,0.024310017004609108,0.6010032312808946,0.9188985212350136,4.715250492095947,0.8137484788894653,0.1725779956448827,0.1
25,octanol_dipole,134,0.13064980506896973,0.015747258439660072,0.6120132165276899,0.9374519944517916,3.0076749324798584,0.051950983703136444,0.017272805362746543,0.08
25,octanol_dipole,135,0.28345465660095215,0.014412282034754753,0.6117846088739971,0.9326440083385488,2.6847429275512695,0.2439235895872116,0.09085547338034788,0.22
25,octanol_dipole,136,0.30983731150627136,0.01818298175930977,0.6178649802091172,0.90420364927127,3.6168200969696045,0.4905921518802643,0.13564184524724154,0.14
25,octanol_dipole,137,0.1674835979938507,0.013419345952570438,0.6131940694847173,0.9657819412813671,2.5851924419403076,0.02135571837425232,0.008260784778646443,0.14
25,octanol_dipole,138,0.09738381952047348,0.008660474792122841,0.6123224427985108,0.9608557398550905,1.6215091943740845,0.028514644131064415,0.017585249735245133,0.06
25,octanol_dipole,139,0.18312005698680878,0.011337215080857277,0.611963981823439,0.939433465310145,2.187296152114868,0.04176810756325722,0.019095771518123954,0.1
25,octanol_dipole,140,0.05856558308005333,0.012151594273746014,0.6113344696440568,0.9503146332757455,2.245659351348877,0.016216550022363663,0.007221286707007915,0.06
25,octanol_dipole,141,0.4579964578151703,0.012477301992475986,0.6134358478002968,0.8892869790485178,2.492196798324585,0.6703743934631348,0.26898934863964336,0.32
25,octanol_dipole,142,0.09055530279874802,0.014179598540067673,0.610650297182106,0.9736001213977254,2.6433041095733643,0.011578473262488842,0.004380303129161191,0.14
25,octanol_dipole,143,0.23741768300533295,0.02064795047044754,0.6074138883955154,0.9220597856579018,3.9929850101470947,0.31522488594055176,0.0789446705007639,0.04
25,octanol_dipole,144,0.3354835510253906,0.01596490852534771,0.609893242130298,0.9233751530952512,3.0373404026031494,0.6277334094047546,0.20667206377881003,0.12
25,octanol_dipole,145,0.22987863421440125,0.016182901337742805,0.6062626798468589,0.9344955948748861,3.1718437671661377,0.12912088632583618,0.04070846353230013,0.14
25,octanol_dipole,146,0.39974135160446167,0.011584474705159664,0.6168375482550958,0.9026360563934055,2.276853322982788,0.47687479853630066,0.20944467248841994,0.28
25,octanol_dipole,147,0.14199863374233246,0.016113905236124992,0.617981861426738,0.9524725929099316,3.090599536895752,0.007565185893326998,0.0024478052892370496,0.08
25,octanol_dipole,148,0.25606027245521545,0.0191161148250103,0.6137300665005632,0.9117651646990943,3.658170223236084,0.2476164698600769,0.06768861336393221,0.06
25,octanol_dipole,149,0.18630126118659973,0.014414399862289429,0.6156566287371841,0.9474459679997329,2.7922098636627197,0.0356857031583786,0.012780451649707801,0.08
25,octanol_dipole,150,0.10998119413852692,0.012168407440185547,0.6126444151282329,0.9669819191816826,2.2831695079803467,0.01227298192679882,0.005375414258074642,0.12
25,octanol_dipole,151,0.1638069450855255,0.014220383018255234,0.6137099015809233,0.9682585121442575,2.725517988204956,0.011389695107936859,0.00417891026851677,0.12
25,octanol_dipole,152,0.09022890776395798,0.01783336140215397,0.6159182091923765,0.965312857124802,3.4163224697113037,0.00708129582926631,0.0020727832024196226,0.08
25,octanol_dipole,153,0.08293692022562027,0.015704866498708725,0.6155171744025252,0.9732511556375507,3.0536603927612305,0.017798548564314842,0.005828594629090614,0.08
25,octanol_dipole,154,0.3787921071052551,0.016834931448101997,0.6179801886170626,0.9064468418773333,3.230318784713745,0.9303226470947266,0.2879971634679291,0.2
25,octanol_dipole,155,0.07168219983577728,0.029307497665286064,0.6003726753073764,0.9692835578841974,5.430357933044434,0.008717505261301994,0.001605327930274143,0.02
25,octanol_dipole,156,0.25161439180374146,0.016471998766064644,0.611179924032593,0.9181622408491095,3.204833984375,0.35216641426086426,0.10988600844157081,0.12
25,octanol_dipole,157,0.3815893232822418,0.015378981828689575,0.60911965812055,0.8815209946722855,3.127655506134033,0.6081385612487793,0.19443911263759175,0.22
25,octanol_dipole,158,0.1278652399778366,0.019669637084007263,0.6048245285481357,0.9680579682040322,3.842442512512207,0.01011587493121624,0.002632667866409388,0.06
25,octanol_dipole,159,0.1391066163778305,0.013068776577711105,0.615872209859704,0.959445802606524,2.506500482559204,0.011865537613630295,0.0047339059761581466,0.12
25,octanol_dipole,160,0.4883837401866913,0.01375183928757906,0.6218251590811117,0.8970447075208043,2.6989588737487793,0.8502534627914429,0.31503016628425473,0.2
25,octanol_dipole,161,0.08671564608812332,0.007681939285248518,0.612433574352508,0.9551859065440931,1.3801937103271484,0.017936287447810173,0.01299548557104982,0.06
25,octanol_dipole,162,0.16600185632705688,0.012315705418586731,0.6099941836184328,0.9589582874429345,2.313572406768799,0.05433700233697891,0.0234861905242324,0.08
25,octanol_dipole,163,0.289482980966568,0.015760427340865135,0.6074614919605215,0.9061617646119984,2.9879262447357178,0.4432924687862396,0.14836124873137518,0.22
25,octanol_dipole,164,0.11706361919641495,0.015831327065825462,0.6096081874459149,0.9574648980309122,3.0453641414642334,0.008526111021637917,0.002799701653260585,0.08
25,octanol_dipole,165,0.13874325156211853,0.012562083080410957,0.6150927638099539,0.9497887307294823,2.4053361415863037,0.01136160921305418,0.004723501641463414,0.06
25,octanol_dipole,166,0.3134770393371582,0.019585782662034035,0.6092408633475368,0.8930663058096526,3.7771241664886475,0.4850921034812927,0.12842895337810725,0.22
25,octanol_dipole,167,0.05437382310628891,0.03263804316520691,0.6166991451719614,0.9622091571925602,6.650814056396484,0.013331666588783264,0.0020045165111722534,0.06
25,octanol_dipole,168,0.0674985721707344,0.05191795527935028,0.6140958772904817,0.9200709652981356,10.338301658630371,0.33813583850860596,0.03270709732350783,0.02
25,octanol_dipole,169,0.583543062210083,0.011609021574258804,0.6257807028954951,0.8959858927331796,2.3070833683013916,0.848723828792572,0.3678773989938004,0.42
25,octanol_dipole,170,0.1501002460718155,0.01577872410416603,0.6192246706714837,0.9589926188067142,3.0730478763580322,0.06899672001600266,0.022452211222225696,0.08
25,octanol_dipole,171,0.04608531296253204,0.03201555833220482,0.611280271939967,0.9634467907671669,6.115445137023926,0.02163766510784626,0.003538199529719958,0.02
25,octanol_dipole,172,0.06299395114183426,0.012796016409993172,0.600178685604756,0.963912388030634,2.4426729679107666,0.013365798629820347,0.005471792092271851,0.04
25,octanol_dipole,173,0.5261881947517395,0.015579763799905777,0.6175710081119707,0.8833186408632534,3.099580764770508,0.9279542565345764,0.2993805701343878,0.36
25,octanol_dipole,174,0.31335046887397766,0.012710907496511936,0.6146326880793436,0.9211215146377758,2.4959890842437744,0.2570437490940094,0.10298272164595125,0.16
25,octanol_dipole,175,0.07331573963165283,0.01731882058084011,0.6121943677737909,0.9526155022400988,3.231816291809082,0.026137949898838997,0.00808769668161048,0.08
25,octanol_dipole,176,0.04950863495469093,0.019415689632296562,0.609733183779005,0.9707834349918236,3.634209156036377,0.005727287847548723,0.0015759378730406223,0.04
25,octanol_dipole,177,0.10966750979423523,0.018588848412036896,0.6106992290867761,0.9685284664040132,3.5658698081970215,0.004595702979713678,0.0012888027962067864,0.08
25,octanol_dipole,178,0.08303460478782654,0.019586795940995216,0.6091536833617714,0.9568109488636374,3.6877639293670654,0.00886260811239481,0.002403247138955532,0.1
25,octanol_dipole,179,0.11987171322107315,0.01749464124441147,0.6077712050134638,0.9616003694371418,3.2459535598754883,0.015807442367076874,0.004869891720719268,0.02
25,octanol_dipole,180,0.1643187701702118,0.011280691251158714,0.6146599198223923,0.9627737832547825,2.1488046646118164,0.014872578904032707,0.006921326609610396,0.12
25,octanol_dipole,181,0.5291523337364197,0.013289197348058224,0.6170085609234597,0.8812321951775037,2.591825485229492,0.7835994362831116,0.3023349530085078,0.34
25,octanol_dipole,182,0.17366476356983185,0.01628994755446911,0.6104045618223686,0.9568010654373871,3.0652825832366943,0.029704101383686066,0.009690493641966575,0.12
25,octanol_dipole,183,0.08908642828464508,0.005467708222568035,0.617868985419078,0.9599708042548545,0.9426541328430176,0.021107401698827744,0.02239145935229545,0.04
25,octanol_dipole,184,0.1266329437494278,0.014918721280992031,0.6141039332687028,0.9706536039999429,2.8700003623962402,0.008864201605319977,0.00308857159792099,0.08
25,octanol_dipole,185,0.25925302505493164,0.008207693696022034,0.6090726701742142,0.9236914563394345,1.502280831336975,0.18751585483551025,0.1248207731364235,0.14
25,octanol_dipole,186,0.08122994005680084,0.01427190750837326,0.6184197129373639,0.9657387784386646,2.7116291522979736,0.03092063218355179,0.011402972326561713,0.04
25,octanol_dipole,187,0.13214628398418427,0.018532752990722656,0.593697191255057,0.9557996554089774,3.474479913711548,0.006962232757359743,0.0020038201199219104,0.16
25,octanol_dipole,188,0.16211777925491333,0.016495171934366226,0.6133827343652882,0.9660777906376286,3.149486780166626,0.01245475746691227,0.0039545355596804065,0.12
25,octanol_dipole,189,0.28519609570503235,0.020336776971817017,0.5976097611881872,0.8990926488325983,3.9109442234039307,0.6215845942497253,0.15893466097778372,0.14
25,octanol_dipole,190,0.11477330327033997,0.017495866864919662,0.6103526235405896,0.9688788124458791,3.283628225326538,0.007910116575658321,0.0024089562011459765,0.1
25,octanol_dipole,191,0.12705697119235992,0.0149106215685606,0.6136561618103662,0.9620936273313727,2.8909683227539062,0.00849934946745634,0.002939966308368246,0.08
25,octanol_dipole,192,0.11254021525382996,0.01411494892090559,0.6149777903674165,0.9696780109251364,2.735517978668213,0.009101529605686665,0.0033271686300953302,0.06
25,octanol_dipole,193,0.4028502106666565,0.014268731698393822,0.6199371671154337,0.9041501547489568,2.793598175048828,0.6405982971191406,0.22930939132215888,0.26
25,octanol_dipole,194,0.07367674261331558,0.011942408978939056,0.6187663066127451,0.9621734238548874,2.2519333362579346,0.02638564445078373,0.011716885231882166,0.04
25,octanol_dipole,195,0.24764515459537506,0.01433175802230835,0.6159125639609775,0.9327232775561947,2.7908756732940674,0.17221549153327942,0.0617066153040109,0.12
25,octanol_dipole,196,0.38526713848114014,0.014404887333512306,0.6140633756912088,0.891885717720273,2.8357272148132324,0.4538826048374176,0.16005862710151808,0.14
25,octanol_dipole,197,0.1408301293849945,0.018091849982738495,0.6158705596060137,0.9686129309186597,3.4690792560577393,0.006388533394783735,0.001841564554522073,0.14
25,octanol_dipole,198,0.03653344884514809,0.02092602290213108,0.6045258924289263,0.9624541195916065,3.8406379222869873,0.008837035857141018,0.002300929177900431,0.04
25,octanol_dipole,199,0.19174335896968842,0.014900575391948223,0.616034046695976,0.953014631888109,2.888261318206787,0.018903180956840515,0.006544830565600204,0.16
25,octanol_dipole,200,0.1314021348953247,0.00973657239228487,0.6131033554301675,0.9660256728571757,1.8473626375198364,0.016732487827539444,0.0090575003995986,0.16
25,octanol_dipole,201,0.12367402762174606,0.011341718956828117,0.6188636099989597,0.9305674667847994,2.1060898303985596,0.11587094515562057,0.055017095416909634,0.04
25,octanol_dipole,202,0.3169023394584656,0.016690848395228386,0.6080439053783797,0.9167215026965443,3.1385064125061035,0.5401256084442139,0.17209638517606932,0.16
25,octanol_dipole,203,0.09815951436758041,0.026216546073555946,0.5977772305670312,0.956506422538292,5.0189361572265625,0.01016918569803238,0.002026163589148306,0.06
25,octanol_dipole,204,0.06301936507225037,0.015698539093136787,0.6133482018982888,0.9583520499842486,2.9672646522521973,0.00824889075011015,0.0027799646195525974,0.06
25,octanol_dipole,205,0.05909540131688118,0.017179859802126884,0.6040318558153304,0.9627370822011394,3.151639938354492,0.005590466316789389,0.0017738277297336942,0.04
25,octanol_dipole,206,0.4201244115829468,0.01589675433933735,0.6148335759759158,0.8922705716872916,3.1202197074890137,0.9195074439048767,0.2946931723102433,0.16
25,octanol_dipole,207,0.17074643075466156,0.015246296301484108,0.6112540510374058,0.9347955659192817,2.8898308277130127,0.06122088059782982,0.021184935813796234,0.08
25,octanol_dipole,208,0.12729103863239288,0.021437140181660652,0.6044268308979992,0.9583972878448852,3.9720988273620605,0.006312128156423569,0.0015891165932081207,0.04
25,octanol_dipole,209,0.06847948580980301,0.01803910732269287,0.6115328233555306,0.9641833487213032,3.393249273300171,0.00823731254786253,0.0024275589219683734,0.06
25,octanol_dipole,210,0.28550979495048523,0.017737990245223045,0.6088186452836042,0.9036612065850418,3.36299991607666,0.4933902323246002,0.14671134244338568,0.12
25,octanol_dipole,211,0.1587972640991211,0.01795857958495617,0.6078336890163025,0.9512371307100915,3.414135694503784,0.02134859189391136,0.006253000408940747,0.08
25,octanol_dipole,212,0.11049798876047134,0.021590812131762505,0.6031254913015522,0.9627307452520502,3.9771432876586914,0.04057813808321953,0.010202835338906664,0.02
25,octanol_dipole,213,0.13451334834098816,0.0425356961786747,0.6134591548216599,0.8942645916212881,8.724273681640625,0.743843674659729,0.0852613869994788,0.08
25,octanol_dipole,214,0.04317967966198921,0.012701945379376411,0.6042039468230129,0.9687956717509343,2.4507791996002197,0.00820635911077261,0.0033484693815384356,0.06
25,octanol_dipole,215,0.515227198600769,0.014075190760195255,0.6223408184103054,0.8982107107672486,2.756696939468384,0.7506973743438721,0.27231770152022605,0.22
25,octanol_dipole,216,0.35238146781921387,0.016038166359066963,0.6225013457404369,0.8875309247384191,3.222642421722412,0.5587599277496338,0.17338564278285404,0.26
25,octanol_dipole,217,0.0864119678735733,0.015744704753160477,0.6129545060665669,0.9469246951391947,3.001993417739868,0.011860407888889313,0.003950844068745074,0.08
25,octanol_dipole,218,0.36277663707733154,0.016774464398622513,0.6058820257981894,0.8976217887256199,3.183593511581421,0.6019493341445923,0.18907857801405667,0.22
25,octanol_dipole,219,0.048987459391355515,0.010444006882607937,0.6094128060238442,0.965269087655894,1.990986704826355,0.00476430356502533,0.0023929359013177593,0.12
25,octanol_dipole,220,0.09819479286670685,0.01851721480488777,0.6151584919378978,0.9650995913141367,3.600649833679199,0.010386991314589977,0.0028847546399635286,0.08
25,octanol_dipole,221,0.07093151658773422,0.013527908362448215,0.610647953901233,0.9584816090014145,2.5881731510162354,0.016485340893268585,0.0063694891845994485,0.1
25,octanol_dipole,222,0.3196614384651184,0.020989499986171722,0.6118213161371213,0.9181628916060349,4.183071613311768,0.6391409039497375,0.15279224527636645,0.2
25,octanol_dipole,223,0.05500634014606476,0.03301747143268585,0.6038753579203919,0.9722695692765924,6.5260138511657715,0.008387249894440174,0.0012852025885513438,0.02
25,octanol_dipole,224,0.33340102434158325,0.01595931686460972,0.6100953345491769,0.9042167428381207,3.06044864654541,0.4869396686553955,0.15910728291587115,0.18
25,octanol_dipole,225,0.12263881415128708,0.00857403501868248,0.6129535953603187,0.957788203249615,1.5921235084533691,0.01652117818593979,0.010376819447876188,0.06
25,octanol_dipole,226,0.13461077213287354,0.01577078364789486,0.6122057491583146,0.9604924900506495,3.0794432163238525,0.008907672949135303,0.0028926245179376996,0.1
25,octanol_dipole,227,0.22734874486923218,0.0037386352196335793,0.6231275258870446,0.932514191136913,0.6224384307861328,0.2126762866973877,0.3416824478989511,0.04
25,octanol_dipole,228,0.08419303596019745,0.005660223308950663,0.6262981666349385,0.9606792569202849,1.0274943113327026,0.015933001413941383,0.015506656570463753,0.04
25,octanol_dipole,229,0.14356635510921478,0.017221299931406975,0.607196295865496,0.9618140322593787,3.218529224395752,0.009098494425415993,0.0028269106138454118,0.1
25,octanol_dipole,230,0.30109304189682007,0.018430549651384354,0.6026589450628943,0.8931146886997576,3.6674299240112305,0.4968656301498413,0.13548060643143725,0.12
25,octanol_dipole,231,0.35177555680274963,0.013621293008327484,0.6076816697748657,0.9041856721131207,2.6879427433013916,0.4799293279647827,0.17854894013676897,0.16
25,octanol_dipole,232,0.35483646392822266,0.021482745185494423,0.5997204458352943,0.8929370195214485,4.045975685119629,0.6991949677467346,0.17281244924882963,0.16
25,octanol_dipole,233,0.07146932184696198,0.010569003410637379,0.6118538311025377,0.9658960382074508,1.945487380027771,0.008691013790667057,0.00446726814056383,0.06
25,octanol_dipole,234,0.12813295423984528,0.01324321236461401,0.6027907132687176,0.9493745845166612,2.528029441833496,0.01984826661646366,0.007851279849837654,0.06
25,octanol_dipole,235,0.1107274740934372,0.019417403265833855,0.6054726071809673,0.9565648160110549,3.6064422130584717,0.00802930723875761,0.0022263790085654232,0.04
25,octanol_dipole,236,0.44089388847351074,0.016962410882115364,0.6175893514397919,0.9009644579919831,3.272343158721924,0.8781988024711609,0.26837002107509966,0.18
25,octanol_dipole,237,0.19420026242733002,0.010782763361930847,0.6150628489462076,0.9647058811523646,2.0586366653442383,0.04563712701201439,0.02216861662880327,0.14
25,octanol_dipole,238,0.4057496190071106,0.017248570919036865,0.6114160888716715,0.8993289802319921,3.41515851020813,0.7037134170532227,0.2060558580076965,0.24
25,octanol_dipole,239,0.3410288691520691,0.020031753927469254,0.6002274636679801,0.8902276492355938,3.9512369632720947,0.7125794291496277,0.18034338000308822,0.16
25,octanol_dipole,240,0.3905573785305023,0.021094568073749542,0.6048525737667887,0.9090166467590719,3.9856128692626953,0.7883256673812866,0.19779283468821202,0.2
25,octanol_dipole,241,0.06364116072654724,0.008879700675606728,0.6113808578707949,0.9541105709702185,1.6976089477539062,0.008984066545963287,0.005292188497150677,0.06
25,octanol_dipole,242,0.09632069617509842,0.014779713936150074,0.6064306195660194,0.957172964934502,2.8735058307647705,0.008992890827357769,0.003129588508600434,0.08
25,octanol_dipole,243,0.06375734508037567,0.019193675369024277,0.6128836495060483,0.9612902174809472,3.638859987258911,0.005732869263738394,0.001575457501473384,0.08
25,octanol_dipole,244,0.3210345208644867,0.01935853250324726,0.593758684158064,0.9084845581537506,3.758329153060913,0.5134074091911316,0.13660522755783508,0.14
25,octanol_dipole,245,0.293390691280365,0.01799812912940979,0.5984176460120743,0.9035183255937953,3.356292247772217,0.5581881403923035,0.1663109464805421,0.18
25,octanol_dipole,246,0.29536008834838867,0.014863517135381699,0.6127851990315976,0.9223744736956516,2.887352228164673,0.2505742013454437,0.08678338544955412,0.08
25,octanol_dipole,247,0.28888556361198425,0.013773024082183838,0.613419475384801,0.9262045372922976,2.677546501159668,0.2679923176765442,0.10008876318692297,0.18
25,octanol_dipole,248,0.12224379926919937,0.017682554200291634,0.607972146033819,0.9631490995432974,3.409852981567383,0.010779639706015587,0.0031613209614276645,0.06
25,octanol_dipole,249,0.19951781630516052,0.015394994057714939,0.6128639515969851,0.9479426635114516,2.934699535369873,0.0634966716170311,0.02163651537465771,0.12
25,hexane_gsolv_eV,0,1.0,0.0,0.6368818177735389,0.6368818177735389,,,,1.0
25,hexane_gsolv_eV,1,1.0,0.0,0.6368818177735389,0.6368818177735389,,,,1.0
25,hexane_gsolv_eV,2,1.0,0.0,0.6368818177735389,0.6368818177735389,,,,1.0
25,hexane_gsolv_eV,3,1.0,0.0,0.6368818177735389,0.6368818177735389,,,,1.0
25,hexane_gsolv_eV,4,1.0,0.0,0.6368818177735389,0.6368818177735389,,,,1.0
25,hexane_gsolv_eV,5,1.0,0.0,0.6368818177735389,0.6368818177735389,,,,1.0
25,hexane_gsolv_eV,6,1.0,0.0,0.6368818177735389,0.6368818177735389,,,,1.0
25,hexane_gsolv_eV,7,1.0,0.0,0.6368818177735389,0.6368818177735389,,,,1.0
25,hexane_gsolv_eV,8,1.0,0.0,0.6368818177735389,0.6368818177735389,,,,1.0
25,hexane_gsolv_eV,9,1.0,0.0,0.6368818177735389,0.6368818177735389,,,,1.0
25,hexane_gsolv_eV,10,1.0,0.0,0.6368818177735389,0.6368818177735389,,,,1.0
25,hexane_gsolv_eV,11,1.0,0.0,0.6368818177735389,0.6368818177735389,,,,1.0
25,hexane_gsolv_eV,12,1.0,0.0,0.6368818177735389,0.6368818177735389,,,,1.0
25,hexane_gsolv_eV,13,1.0,0.0,0.6368818177735389,0.6368818177735389,,,,1.0
25,hexane_gsolv_eV,14,1.0,0.0,0.6368818177735389,0.6368818177735389,,,,1.0
25,hexane_gsolv_eV,15,1.0,0.0,0.6368818177735389,0.6368818177735389,,,,1.0
25,hexane_gsolv_eV,16,1.0,0.0,0.6368818177735389,0.6368818177735389,,,,1.0
25,hexane_gsolv_eV,17,1.0,0.0,0.6368818177735389,0.6368818177735389,,,,1.0
25,hexane_gsolv_eV,18,1.0,0.0,0.6368818177735389,0.6368818177735389,,,,1.0
25,hexane_gsolv_eV,19,1.0,0.0,0.6368818177735389,0.6368818177735389,,,,1.0
25,hexane_gsolv_eV,20,1.0,0.0,0.6368818177735389,0.6368818177735389,,,,1.0
25,hexane_gsolv_eV,21,1.0,0.0,0.6368818177735389,0.6368818177735389,,,,1.0
25,hexane_gsolv_eV,22,1.0,0.0,0.6368818177735389,0.6368818177735389,,,,1.0
25,hexane_gsolv_eV,23,1.0,0.0,0.6368818177735389,0.6368818177735389,,,,1.0
25,hexane_gsolv_eV,24,1.0,0.0,0.6368818177735389,0.6368818177735389,,,,1.0
25,hexane_gsolv_eV,25,1.0,0.0,0.6368818177735389,0.6368818177735389,,,,1.0
25,hexane_gsolv_eV,26,1.0,0.0,0.6368818177735389,0.6368818177735389,,,,1.0
25,hexane_gsolv_eV,27,1.0,0.0,0.6368818177735389,0.6368818177735389,,,,1.0
25,hexane_gsolv_eV,28,1.0,0.0,0.6368818177735389,0.6368818177735389,,,,1.0
25,hexane_gsolv_eV,29,1.0,0.0,0.6368818177735389,0.6368818177735389,,,,1.0
25,hexane_gsolv_eV,30,1.0,0.0,0.6368818177735389,0.6368818177735389,,,,1.0
25,hexane_gsolv_eV,31,1.0,0.0,0.6368818177735389,0.6368818177735389,,,,1.0
25,hexane_gsolv_eV,32,1.0,0.0,0.6368818177735389,0.6368818177735389,,,,1.0
25,hexane_gsolv_eV,33,1.0,0.0,0.6368818177735389,0.6368818177735389,,,,1.0
25,hexane_gsolv_eV,34,1.0,0.0,0.6368818177735389,0.6368818177735389,,,,1.0
25,hexane_gsolv_eV,35,1.0,0.0,0.6368818177735389,0.6368818177735389,,,,1.0
25,hexane_gsolv_eV,36,1.0,0.0,0.6368818177735389,0.6368818177735389,,,,1.0
25,hexane_gsolv_eV,37,1.0,0.0,0.6368818177735389,0.6368818177735389,,,,1.0
25,hexane_gsolv_eV,38,1.0,0.0,0.6368818177735389,0.6368818177735389,,,,1.0
25,hexane_gsolv_eV,39,1.0,0.0,0.6368818177735389,0.6368818177735389,,,,1.0
25,hexane_gsolv_eV,40,1.0,0.0,0.6368818177735389,0.6368818177735389,,,,1.0
25,hexane_gsolv_eV,41,1.0,0.0,0.6368818177735389,0.6368818177735389,,,,1.0
25,hexane_gsolv_eV,42,1.0,0.0,0.6368818177735389,0.6368818177735389,,,,1.0
25,hexane_gsolv_eV,43,1.0,0.0,0.6368818177735389,0.6368818177735389,,,,1.0
25,hexane_gsolv_eV,44,1.0,0.0,0.6368818177735389,0.6368818177735389,,,,1.0
25,hexane_gsolv_eV,45,1.0,0.0,0.6368818177735389,0.6368818177735389,,,,1.0
25,hexane_gsolv_eV,46,1.0,0.0,0.6368818177735389,0.6368818177735389,,,,1.0
25,hexane_gsolv_eV,47,1.0,0.0,0.6368818177735389,0.6368818177735389,,,,1.0
25,hexane_gsolv_eV,48,1.0,0.0,0.6368818177735389,0.6368818177735389,,,,1.0
25,hexane_gsolv_eV,49,1.0,0.0,0.6368818177735389,0.6368818177735389,,,,1.0
25,hexane_gsolv_eV,50,1.0,0.0,0.6368818177735389,0.6368818177735389,,,,1.0
25,hexane_gsolv_eV,51,1.0,0.0,0.6368818177735389,0.6368818177735389,,,,1.0
25,hexane_gsolv_eV,52,1.0,0.0,0.6368818177735389,0.6368818177735389,,,,1.0
25,hexane_gsolv_eV,53,1.0,0.0,0.6368818177735389,0.6368818177735389,,,,1.0
25,hexane_gsolv_eV,54,1.0,0.0,0.6368818177735389,0.6368818177735389,,,,1.0
25,hexane_gsolv_eV,55,1.0,0.0,0.6368818177735389,0.6368818177735389,,,,1.0
25,hexane_gsolv_eV,56,1.0,0.0,0.6368818177735389,0.6368818177735389,,,,1.0
25,hexane_gsolv_eV,57,1.0,0.0,0.6368818177735389,0.6368818177735389,,,,1.0
25,hexane_gsolv_eV,58,1.0,0.0,0.6368818177735389,0.6368818177735389,,,,1.0
25,hexane_gsolv_eV,59,1.0,0.0,0.6368818177735389,0.6368818177735389,,,,1.0
25,hexane_gsolv_eV,60,1.0,0.0,0.6368818177735389,0.6368818177735389,,,,1.0
25,hexane_gsolv_eV,61,1.0,0.0,0.6368818177735389,0.6368818177735389,,,,1.0
25,hexane_gsolv_eV,62,1.0,0.0,0.6368818177735389,0.6368818177735389,,,,1.0
25,hexane_gsolv_eV,63,1.0,0.0,0.6368818177735389,0.6368818177735389,,,,1.0
25,hexane_gsolv_eV,64,1.0,0.0,0.6368818177735389,0.6368818177735389,,,,1.0
25,hexane_gsolv_eV,65,1.0,0.0,0.6368818177735389,0.6368818177735389,,,,1.0
25,hexane_gsolv_eV,66,1.0,0.0,0.6368818177735389,0.6368818177735389,,,,1.0
25,hexane_gsolv_eV,67,1.0,0.0,0.6368818177735389,0.6368818177735389,,,,1.0
25,hexane_gsolv_eV,68,1.0,0.0,0.6368818177735389,0.6368818177735389,,,,1.0
25,hexane_gsolv_eV,69,1.0,0.0,0.6368818177735389,0.6368818177735389,,,,1.0
25,hexane_gsolv_eV,70,1.0,0.0,0.6368818177735389,0.6368818177735389,,,,1.0
25,hexane_gsolv_eV,71,1.0,0.0,0.6368818177735389,0.6368818177735389,,,,1.0
25,hexane_gsolv_eV,72,1.0,0.0,0.6368818177735389,0.6368818177735389,,,,1.0
25,hexane_gsolv_eV,73,1.0,0.0,0.6368818177735389,0.6368818177735389,,,,1.0
25,hexane_gsolv_eV,74,1.0,0.0,0.6368818177735389,0.6368818177735389,,,,1.0
25,hexane_gsolv_eV,75,1.0,0.0,0.6368818177735389,0.6368818177735389,,,,1.0
25,hexane_gsolv_eV,76,1.0,0.0,0.6368818177735389,0.6368818177735389,,,,1.0
25,hexane_gsolv_eV,77,1.0,0.0,0.6368818177735389,0.6368818177735389,,,,1.0
25,hexane_gsolv_eV,78,1.0,0.0,0.6368818177735389,0.6368818177735389,,,,1.0
25,hexane_gsolv_eV,79,1.0,0.0,0.6368818177735389,0.6368818177735389,,,,1.0
25,hexane_gsolv_eV,80,1.0,0.0,0.6368818177735389,0.6368818177735389,,,,1.0
25,hexane_gsolv_eV,81,1.0,0.0,0.6368818177735389,0.6368818177735389,,,,1.0
25,hexane_gsolv_eV,82,1.0,0.0,0.6368818177735389,0.6368818177735389,,,,1.0
25,hexane_gsolv_eV,83,1.0,0.0,0.6368818177735389,0.6368818177735389,,,,1.0
25,hexane_gsolv_eV,84,1.0,0.0,0.6368818177735389,0.6368818177735389,,,,1.0
25,hexane_gsolv_eV,85,1.0,0.0,0.6368818177735389,0.6368818177735389,,,,1.0
25,hexane_gsolv_eV,86,1.0,0.0,0.6368818177735389,0.6368818177735389,,,,1.0
25,hexane_gsolv_eV,87,1.0,0.0,0.6368818177735389,0.6368818177735389,,,,1.0
25,hexane_gsolv_eV,88,1.0,0.0,0.6368818177735389,0.6368818177735389,,,,1.0
25,hexane_gsolv_eV,89,1.0,0.0,0.6368818177735389,0.6368818177735389,,,,1.0
25,hexane_gsolv_eV,90,1.0,0.0,0.6368818177735389,0.6368818177735389,,,,1.0
25,hexane_gsolv_eV,91,1.0,0.0,0.6368818177735389,0.6368818177735389,,,,1.0
25,hexane_gsolv_eV,92,1.0,0.0,0.6368818177735389,0.6368818177735389,,,,1.0
25,hexane_gsolv_eV,93,1.0,0.0,0.6368818177735389,0.6368818177735389,,,,1.0
25,hexane_gsolv_eV,94,1.0,0.0,0.6368818177735389,0.6368818177735389,,,,1.0
25,hexane_gsolv_eV,95,1.0,0.0,0.6368818177735389,0.6368818177735389,,,,1.0
25,hexane_gsolv_eV,96,1.0,0.0,0.6368818177735389,0.6368818177735389,,,,1.0
25,hexane_gsolv_eV,97,1.0,0.0,0.6368818177735389,0.6368818177735389,,,,1.0
25,hexane_gsolv_eV,98,1.0,0.0,0.6368818177735389,0.6368818177735389,,,,1.0
25,hexane_gsolv_eV,99,1.0,0.0,0.6368818177735389,0.6368818177735389,,,,1.0
25,hexane_gsolv_eV,100,1.0,0.0,0.6368818177735389,0.6368818177735389,,,,1.0
25,hexane_gsolv_eV,101,1.0,0.0,0.6368818177735389,0.6368818177735389,,,,1.0
25,hexane_gsolv_eV,102,1.0,0.0,0.6368818177735389,0.6368818177735389,,,,1.0
25,hexane_gsolv_eV,103,1.0,0.0,0.6368818177735389,0.6368818177735389,,,,1.0
25,hexane_gsolv_eV,104,1.0,0.0,0.6368818177735389,0.6368818177735389,,,,1.0
25,hexane_gsolv_eV,105,1.0,0.0,0.6368818177735389,0.6368818177735389,,,,1.0
25,hexane_gsolv_eV,106,1.0,0.0,0.6368818177735389,0.6368818177735389,,,,1.0
25,hexane_gsolv_eV,107,1.0,0.0,0.6368818177735389,0.6368818177735389,,,,1.0
25,hexane_gsolv_eV,108,1.0,0.0,0.6368818177735389,0.6368818177735389,,,,1.0
25,hexane_gsolv_eV,109,1.0,0.0,0.6368818177735389,0.6368818177735389,,,,1.0
25,hexane_gsolv_eV,110,1.0,0.0,0.6368818177735389,0.6368818177735389,,,,1.0
25,hexane_gsolv_eV,111,1.0,0.0,0.6368818177735389,0.6368818177735389,,,,1.0
25,hexane_gsolv_eV,112,1.0,0.0,0.6368818177735389,0.6368818177735389,,,,1.0
25,hexane_gsolv_eV,113,1.0,0.0,0.6368818177735389,0.6368818177735389,,,,1.0
25,hexane_gsolv_eV,114,1.0,0.0,0.6368818177735389,0.6368818177735389,,,,1.0
25,hexane_gsolv_eV,115,1.0,0.0,0.6368818177735389,0.6368818177735389,,,,1.0
25,hexane_gsolv_eV,116,1.0,0.0,0.6368818177735389,0.6368818177735389,,,,1.0
25,hexane_gsolv_eV,117,1.0,0.0,0.6368818177735389,0.6368818177735389,,,,1.0
25,hexane_gsolv_eV,118,1.0,0.0,0.6368818177735389,0.6368818177735389,,,,1.0
25,hexane_gsolv_eV,119,1.0,0.0,0.6368818177735389,0.6368818177735389,,,,1.0
25,hexane_gsolv_eV,120,1.0,0.0,0.6368818177735389,0.6368818177735389,,,,1.0
25,hexane_gsolv_eV,121,1.0,0.0,0.6368818177735389,0.6368818177735389,,,,1.0
25,hexane_gsolv_eV,122,1.0,0.0,0.6368818177735389,0.6368818177735389,,,,1.0
25,hexane_gsolv_eV,123,1.0,0.0,0.6368818177735389,0.6368818177735389,,,,1.0
25,hexane_gsolv_eV,124,1.0,0.0,0.6368818177735389,0.6368818177735389,,,,1.0
25,hexane_gsolv_eV,125,1.0,0.0,0.6368818177735389,0.6368818177735389,,,,1.0
25,hexane_gsolv_eV,126,1.0,0.0,0.6368818177735389,0.6368818177735389,,,,1.0
25,hexane_gsolv_eV,127,1.0,0.0,0.6368818177735389,0.6368818177735389,,,,1.0
25,hexane_gsolv_eV,128,1.0,0.0,0.6368818177735389,0.6368818177735389,,,,1.0
25,hexane_gsolv_eV,129,1.0,0.0,0.6368818177735389,0.6368818177735389,,,,1.0
25,hexane_gsolv_eV,130,1.0,0.0,0.6368818177735389,0.6368818177735389,,,,1.0
25,hexane_gsolv_eV,131,1.0,0.0,0.6368818177735389,0.6368818177735389,,,,1.0
25,hexane_gsolv_eV,132,1.0,0.0,0.6368818177735389,0.6368818177735389,,,,1.0
25,hexane_gsolv_eV,133,1.0,0.0,0.6368818177735389,0.6368818177735389,,,,1.0
25,hexane_gsolv_eV,134,1.0,0.0,0.6368818177735389,0.6368818177735389,,,,1.0
25,hexane_gsolv_eV,135,1.0,0.0,0.6368818177735389,0.6368818177735389,,,,1.0
25,hexane_gsolv_eV,136,1.0,0.0,0.6368818177735389,0.6368818177735389,,,,1.0
25,hexane_gsolv_eV,137,1.0,0.0,0.6368818177735389,0.6368818177735389,,,,1.0
25,hexane_gsolv_eV,138,1.0,0.0,0.6368818177735389,0.6368818177735389,,,,1.0
25,hexane_gsolv_eV,139,1.0,0.0,0.6368818177735389,0.6368818177735389,,,,1.0
25,hexane_gsolv_eV,140,1.0,0.0,0.6368818177735389,0.6368818177735389,,,,1.0
25,hexane_gsolv_eV,141,1.0,0.0,0.6368818177735389,0.6368818177735389,,,,1.0
25,hexane_gsolv_eV,142,1.0,0.0,0.6368818177735389,0.6368818177735389,,,,1.0
25,hexane_gsolv_eV,143,1.0,0.0,0.6368818177735389,0.6368818177735389,,,,1.0
25,hexane_gsolv_eV,144,1.0,0.0,0.6368818177735389,0.6368818177735389,,,,1.0
25,hexane_gsolv_eV,145,1.0,0.0,0.6368818177735389,0.6368818177735389,,,,1.0
25,hexane_gsolv_eV,146,1.0,0.0,0.6368818177735389,0.6368818177735389,,,,1.0
25,hexane_gsolv_eV,147,1.0,0.0,0.6368818177735389,0.6368818177735389,,,,1.0
25,hexane_gsolv_eV,148,1.0,0.0,0.6368818177735389,0.6368818177735389,,,,1.0
25,hexane_gsolv_eV,149,1.0,0.0,0.6368818177735389,0.6368818177735389,,,,1.0
25,hexane_gsolv_eV,150,1.0,0.0,0.6368818177735389,0.6368818177735389,,,,1.0
25,hexane_gsolv_eV,151,1.0,0.0,0.6368818177735389,0.6368818177735389,,,,1.0
25,hexane_gsolv_eV,152,1.0,0.0,0.6368818177735389,0.6368818177735389,,,,1.0
25,hexane_gsolv_eV,153,1.0,0.0,0.6368818177735389,0.6368818177735389,,,,1.0
25,hexane_gsolv_eV,154,1.0,0.0,0.6368818177735389,0.6368818177735389,,,,1.0
25,hexane_gsolv_eV,155,1.0,0.0,0.6368818177735389,0.6368818177735389,,,,1.0
25,hexane_gsolv_eV,156,1.0,0.0,0.6368818177735389,0.6368818177735389,,,,1.0
25,hexane_gsolv_eV,157,1.0,0.0,0.6368818177735389,0.6368818177735389,,,,1.0
25,hexane_gsolv_eV,158,1.0,0.0,0.6368818177735389,0.6368818177735389,,,,1.0
25,hexane_gsolv_eV,159,1.0,0.0,0.6368818177735389,0.6368818177735389,,,,1.0
25,hexane_gsolv_eV,160,1.0,0.0,0.6368818177735389,0.6368818177735389,,,,1.0
25,hexane_gsolv_eV,161,1.0,0.0,0.6368818177735389,0.6368818177735389,,,,1.0
25,hexane_gsolv_eV,162,1.0,0.0,0.6368818177735389,0.6368818177735389,,,,1.0
25,hexane_gsolv_eV,163,1.0,0.0,0.6368818177735389,0.6368818177735389,,,,1.0
25,hexane_gsolv_eV,164,1.0,0.0,0.6368818177735389,0.6368818177735389,,,,1.0
25,hexane_gsolv_eV,165,1.0,0.0,0.6368818177735389,0.6368818177735389,,,,1.0
25,hexane_gsolv_eV,166,1.0,0.0,0.6368818177735389,0.6368818177735389,,,,1.0
25,hexane_gsolv_eV,167,1.0,0.0,0.6368818177735389,0.6368818177735389,,,,1.0
25,hexane_gsolv_eV,168,1.0,0.0,0.6368818177735389,0.6368818177735389,,,,1.0
25,hexane_gsolv_eV,169,1.0,0.0,0.6368818177735389,0.6368818177735389,,,,1.0
25,hexane_gsolv_eV,170,1.0,0.0,0.6368818177735389,0.6368818177735389,,,,1.0
25,hexane_gsolv_eV,171,1.0,0.0,0.6368818177735389,0.6368818177735389,,,,1.0
25,hexane_gsolv_eV,172,1.0,0.0,0.6368818177735389,0.6368818177735389,,,,1.0
25,hexane_gsolv_eV,173,1.0,0.0,0.6368818177735389,0.6368818177735389,,,,1.0
25,hexane_gsolv_eV,174,1.0,0.0,0.6368818177735389,0.6368818177735389,,,,1.0
25,hexane_gsolv_eV,175,1.0,0.0,0.6368818177735389,0.6368818177735389,,,,1.0
25,hexane_gsolv_eV,176,1.0,0.0,0.6368818177735389,0.6368818177735389,,,,1.0
25,hexane_gsolv_eV,177,1.0,0.0,0.6368818177735389,0.6368818177735389,,,,1.0
25,hexane_gsolv_eV,178,1.0,0.0,0.6368818177735389,0.6368818177735389,,,,1.0
25,hexane_gsolv_eV,179,1.0,0.0,0.6368818177735389,0.6368818177735389,,,,1.0
25,hexane_gsolv_eV,180,1.0,0.0,0.6368818177735389,0.6368818177735389,,,,1.0
25,hexane_gsolv_eV,181,1.0,0.0,0.6368818177735389,0.6368818177735389,,,,1.0
25,hexane_gsolv_eV,182,1.0,0.0,0.6368818177735389,0.6368818177735389,,,,1.0
25,hexane_gsolv_eV,183,1.0,0.0,0.6368818177735389,0.6368818177735389,,,,1.0
25,hexane_gsolv_eV,184,1.0,0.0,0.6368818177735389,0.6368818177735389,,,,1.0
25,hexane_gsolv_eV,185,1.0,0.0,0.6368818177735389,0.6368818177735389,,,,1.0
25,hexane_gsolv_eV,186,1.0,0.0,0.6368818177735389,0.6368818177735389,,,,1.0
25,hexane_gsolv_eV,187,1.0,0.0,0.6368818177735389,0.6368818177735389,,,,1.0
25,hexane_gsolv_eV,188,1.0,0.0,0.6368818177735389,0.6368818177735389,,,,1.0
25,hexane_gsolv_eV,189,1.0,0.0,0.6368818177735389,0.6368818177735389,,,,1.0
25,hexane_gsolv_eV,190,1.0,0.0,0.6368818177735389,0.6368818177735389,,,,1.0
25,hexane_gsolv_eV,191,1.0,0.0,0.6368818177735389,0.6368818177735389,,,,1.0
25,hexane_gsolv_eV,192,1.0,0.0,0.6368818177735389,0.6368818177735389,,,,1.0
25,hexane_gsolv_eV,193,1.0,0.0,0.6368818177735389,0.6368818177735389,,,,1.0
25,hexane_gsolv_eV,194,1.0,0.0,0.6368818177735389,0.6368818177735389,,,,1.0
25,hexane_gsolv_eV,195,1.0,0.0,0.6368818177735389,0.6368818177735389,,,,1.0
25,hexane_gsolv_eV,196,1.0,0.0,0.6368818177735389,0.6368818177735389,,,,1.0
25,hexane_gsolv_eV,197,1.0,0.0,0.6368818177735389,0.6368818177735389,,,,1.0
25,hexane_gsolv_eV,198,1.0,0.0,0.6368818177735389,0.6368818177735389,,,,1.0
25,hexane_gsolv_eV,199,1.0,0.0,0.6368818177735389,0.6368818177735389,,,,1.0
25,hexane_gsolv_eV,200,1.0,0.0,0.6368818177735389,0.6368818177735389,,,,1.0
25,hexane_gsolv_eV,201,1.0,0.0,0.6368818177735389,0.6368818177735389,,,,1.0
25,hexane_gsolv_eV,202,1.0,0.0,0.6368818177735389,0.6368818177735389,,,,1.0
25,hexane_gsolv_eV,203,1.0,0.0,0.6368818177735389,0.6368818177735389,,,,1.0
25,hexane_gsolv_eV,204,1.0,0.0,0.6368818177735389,0.6368818177735389,,,,1.0
25,hexane_gsolv_eV,205,1.0,0.0,0.6368818177735389,0.6368818177735389,,,,1.0
25,hexane_gsolv_eV,206,1.0,0.0,0.6368818177735389,0.6368818177735389,,,,1.0
25,hexane_gsolv_eV,207,1.0,0.0,0.6368818177735389,0.6368818177735389,,,,1.0
25,hexane_gsolv_eV,208,1.0,0.0,0.6368818177735389,0.6368818177735389,,,,1.0
25,hexane_gsolv_eV,209,1.0,0.0,0.6368818177735389,0.6368818177735389,,,,1.0
25,hexane_gsolv_eV,210,1.0,0.0,0.6368818177735389,0.6368818177735389,,,,1.0
25,hexane_gsolv_eV,211,1.0,0.0,0.6368818177735389,0.6368818177735389,,,,1.0
25,hexane_gsolv_eV,212,1.0,0.0,0.6368818177735389,0.6368818177735389,,,,1.0
25,hexane_gsolv_eV,213,1.0,0.0,0.6368818177735389,0.6368818177735389,,,,1.0
25,hexane_gsolv_eV,214,1.0,0.0,0.6368818177735389,0.6368818177735389,,,,1.0
25,hexane_gsolv_eV,215,1.0,0.0,0.6368818177735389,0.6368818177735389,,,,1.0
25,hexane_gsolv_eV,216,1.0,0.0,0.6368818177735389,0.6368818177735389,,,,1.0
25,hexane_gsolv_eV,217,1.0,0.0,0.6368818177735389,0.6368818177735389,,,,1.0
25,hexane_gsolv_eV,218,1.0,0.0,0.6368818177735389,0.6368818177735389,,,,1.0
25,hexane_gsolv_eV,219,1.0,0.0,0.6368818177735389,0.6368818177735389,,,,1.0
25,hexane_gsolv_eV,220,1.0,0.0,0.6368818177735389,0.6368818177735389,,,,1.0
25,hexane_gsolv_eV,221,1.0,0.0,0.6368818177735389,0.6368818177735389,,,,1.0
25,hexane_gsolv_eV,222,1.0,0.0,0.6368818177735389,0.6368818177735389,,,,1.0
25,hexane_gsolv_eV,223,1.0,0.0,0.6368818177735389,0.6368818177735389,,,,1.0
25,hexane_gsolv_eV,224,1.0,0.0,0.6368818177735389,0.6368818177735389,,,,1.0
25,hexane_gsolv_eV,225,1.0,0.0,0.6368818177735389,0.6368818177735389,,,,1.0
25,hexane_gsolv_eV,226,1.0,0.0,0.6368818177735389,0.6368818177735389,,,,1.0
25,hexane_gsolv_eV,227,1.0,0.0,0.6368818177735389,0.6368818177735389,,,,1.0
25,hexane_gsolv_eV,228,1.0,0.0,0.6368818177735389,0.6368818177735389,,,,1.0
25,hexane_gsolv_eV,229,1.0,0.0,0.6368818177735389,0.6368818177735389,,,,1.0
25,hexane_gsolv_eV,230,1.0,0.0,0.6368818177735389,0.6368818177735389,,,,1.0
25,hexane_gsolv_eV,231,1.0,0.0,0.6368818177735389,0.6368818177735389,,,,1.0
25,hexane_gsolv_eV,232,1.0,0.0,0.6368818177735389,0.6368818177735389,,,,1.0
25,hexane_gsolv_eV,233,1.0,0.0,0.6368818177735389,0.6368818177735389,,,,1.0
25,hexane_gsolv_eV,234,1.0,0.0,0.6368818177735389,0.6368818177735389,,,,1.0
25,hexane_gsolv_eV,235,1.0,0.0,0.6368818177735389,0.6368818177735389,,,,1.0
25,hexane_gsolv_eV,236,1.0,0.0,0.6368818177735389,0.6368818177735389,,,,1.0
25,hexane_gsolv_eV,237,1.0,0.0,0.6368818177735389,0.6368818177735389,,,,1.0
25,hexane_gsolv_eV,238,1.0,0.0,0.6368818177735389,0.6368818177735389,,,,1.0
25,hexane_gsolv_eV,239,1.0,0.0,0.6368818177735389,0.6368818177735389,,,,1.0
25,hexane_gsolv_eV,240,1.0,0.0,0.6368818177735389,0.6368818177735389,,,,1.0
25,hexane_gsolv_eV,241,1.0,0.0,0.6368818177735389,0.6368818177735389,,,,1.0
25,hexane_gsolv_eV,242,1.0,0.0,0.6368818177735389,0.6368818177735389,,,,1.0
25,hexane_gsolv_eV,243,1.0,0.0,0.6368818177735389,0.6368818177735389,,,,1.0
25,hexane_gsolv_eV,244,1.0,0.0,0.6368818177735389,0.6368818177735389,,,,1.0
25,hexane_gsolv_eV,245,1.0,0.0,0.6368818177735389,0.6368818177735389,,,,1.0
25,hexane_gsolv_eV,246,1.0,0.0,0.6368818177735389,0.6368818177735389,,,,1.0
25,hexane_gsolv_eV,247,1.0,0.0,0.6368818177735389,0.6368818177735389,,,,1.0
25,hexane_gsolv_eV,248,1.0,0.0,0.6368818177735389,0.6368818177735389,,,,1.0
25,hexane_gsolv_eV,249,1.0,0.0,0.6368818177735389,0.6368818177735389,,,,1.0
25,hexane_hl_gap_eV,0,1.0000001192092896,0.0,0.7031780390460656,0.7031780390460656,,,,1.0
25,hexane_hl_gap_eV,1,1.0000001192092896,0.0,0.7031780390460656,0.7031780390460656,,,,1.0
25,hexane_hl_gap_eV,2,1.0000001192092896,0.0,0.7031780390460656,0.7031780390460656,,,,1.0
25,hexane_hl_gap_eV,3,1.0000001192092896,0.0,0.7031780390460656,0.7031780390460656,,,,1.0
25,hexane_hl_gap_eV,4,1.0000001192092896,0.0,0.7031780390460656,0.7031780390460656,,,,1.0
25,hexane_hl_gap_eV,5,1.0000001192092896,0.0,0.7031780390460656,0.7031780390460656,,,,1.0
25,hexane_hl_gap_eV,6,1.0000001192092896,0.0,0.7031780390460656,0.7031780390460656,,,,1.0
25,hexane_hl_gap_eV,7,1.0000001192092896,0.0,0.7031780390460656,0.7031780390460656,,,,1.0
25,hexane_hl_gap_eV,8,1.0000001192092896,0.0,0.7031780390460656,0.7031780390460656,,,,1.0
25,hexane_hl_gap_eV,9,1.0000001192092896,0.0,0.7031780390460656,0.7031780390460656,,,,1.0
25,hexane_hl_gap_eV,10,1.0000001192092896,0.0,0.7031780390460656,0.7031780390460656,,,,1.0
25,hexane_hl_gap_eV,11,1.0000001192092896,0.0,0.7031780390460656,0.7031780390460656,,,,1.0
25,hexane_hl_gap_eV,12,1.0000001192092896,0.0,0.7031780390460656,0.7031780390460656,,,,1.0
25,hexane_hl_gap_eV,13,1.0000001192092896,0.0,0.7031780390460656,0.7031780390460656,,,,1.0
25,hexane_hl_gap_eV,14,1.0000001192092896,0.0,0.7031780390460656,0.7031780390460656,,,,1.0
25,hexane_hl_gap_eV,15,1.0000001192092896,0.0,0.7031780390460656,0.7031780390460656,,,,1.0
25,hexane_hl_gap_eV,16,1.0000001192092896,0.0,0.7031780390460656,0.7031780390460656,,,,1.0
25,hexane_hl_gap_eV,17,1.0000001192092896,0.0,0.7031780390460656,0.7031780390460656,,,,1.0
25,hexane_hl_gap_eV,18,1.0000001192092896,0.0,0.7031780390460656,0.7031780390460656,,,,1.0
25,hexane_hl_gap_eV,19,1.0000001192092896,0.0,0.7031780390460656,0.7031780390460656,,,,1.0
25,hexane_hl_gap_eV,20,1.0000001192092896,0.0,0.7031780390460656,0.7031780390460656,,,,1.0
25,hexane_hl_gap_eV,21,1.0000001192092896,0.0,0.7031780390460656,0.7031780390460656,,,,1.0
25,hexane_hl_gap_eV,22,1.0000001192092896,0.0,0.7031780390460656,0.7031780390460656,,,,1.0
25,hexane_hl_gap_eV,23,1.0000001192092896,0.0,0.7031780390460656,0.7031780390460656,,,,1.0
25,hexane_hl_gap_eV,24,1.0000001192092896,0.0,0.7031780390460656,0.7031780390460656,,,,1.0
25,hexane_hl_gap_eV,25,1.0000001192092896,0.0,0.7031780390460656,0.7031780390460656,,,,1.0
25,hexane_hl_gap_eV,26,1.0000001192092896,0.0,0.7031780390460656,0.7031780390460656,,,,1.0
25,hexane_hl_gap_eV,27,1.0000001192092896,0.0,0.7031780390460656,0.7031780390460656,,,,1.0
25,hexane_hl_gap_eV,28,1.0000001192092896,0.0,0.7031780390460656,0.7031780390460656,,,,1.0
25,hexane_hl_gap_eV,29,1.0000001192092896,0.0,0.7031780390460656,0.7031780390460656,,,,1.0
25,hexane_hl_gap_eV,30,1.0000001192092896,0.0,0.7031780390460656,0.7031780390460656,,,,1.0
25,hexane_hl_gap_eV,31,1.0000001192092896,0.0,0.7031780390460656,0.7031780390460656,,,,1.0
25,hexane_hl_gap_eV,32,1.0000001192092896,0.0,0.7031780390460656,0.7031780390460656,,,,1.0
25,hexane_hl_gap_eV,33,1.0000001192092896,0.0,0.7031780390460656,0.7031780390460656,,,,1.0
25,hexane_hl_gap_eV,34,1.0000001192092896,0.0,0.7031780390460656,0.7031780390460656,,,,1.0
25,hexane_hl_gap_eV,35,1.0000001192092896,0.0,0.7031780390460656,0.7031780390460656,,,,1.0
25,hexane_hl_gap_eV,36,1.0000001192092896,0.0,0.7031780390460656,0.7031780390460656,,,,1.0
25,hexane_hl_gap_eV,37,1.0000001192092896,0.0,0.7031780390460656,0.7031780390460656,,,,1.0
25,hexane_hl_gap_eV,38,1.0000001192092896,0.0,0.7031780390460656,0.7031780390460656,,,,1.0
25,hexane_hl_gap_eV,39,1.0000001192092896,0.0,0.7031780390460656,0.7031780390460656,,,,1.0
25,hexane_hl_gap_eV,40,1.0000001192092896,0.0,0.7031780390460656,0.7031780390460656,,,,1.0
25,hexane_hl_gap_eV,41,1.0000001192092896,0.0,0.7031780390460656,0.7031780390460656,,,,1.0
25,hexane_hl_gap_eV,42,1.0000001192092896,0.0,0.7031780390460656,0.7031780390460656,,,,1.0
25,hexane_hl_gap_eV,43,1.0000001192092896,0.0,0.7031780390460656,0.7031780390460656,,,,1.0
25,hexane_hl_gap_eV,44,1.0000001192092896,0.0,0.7031780390460656,0.7031780390460656,,,,1.0
25,hexane_hl_gap_eV,45,1.0000001192092896,0.0,0.7031780390460656,0.7031780390460656,,,,1.0
25,hexane_hl_gap_eV,46,1.0000001192092896,0.0,0.7031780390460656,0.7031780390460656,,,,1.0
25,hexane_hl_gap_eV,47,1.0000001192092896,0.0,0.7031780390460656,0.7031780390460656,,,,1.0
25,hexane_hl_gap_eV,48,1.0000001192092896,0.0,0.7031780390460656,0.7031780390460656,,,,1.0
25,hexane_hl_gap_eV,49,1.0000001192092896,0.0,0.7031780390460656,0.7031780390460656,,,,1.0
25,hexane_hl_gap_eV,50,1.0000001192092896,0.0,0.7031780390460656,0.7031780390460656,,,,1.0
25,hexane_hl_gap_eV,51,1.0000001192092896,0.0,0.7031780390460656,0.7031780390460656,,,,1.0
25,hexane_hl_gap_eV,52,1.0000001192092896,0.0,0.7031780390460656,0.7031780390460656,,,,1.0
25,hexane_hl_gap_eV,53,1.0000001192092896,0.0,0.7031780390460656,0.7031780390460656,,,,1.0
25,hexane_hl_gap_eV,54,1.0000001192092896,0.0,0.7031780390460656,0.7031780390460656,,,,1.0
25,hexane_hl_gap_eV,55,1.0000001192092896,0.0,0.7031780390460656,0.7031780390460656,,,,1.0
25,hexane_hl_gap_eV,56,1.0000001192092896,0.0,0.7031780390460656,0.7031780390460656,,,,1.0
25,hexane_hl_gap_eV,57,1.0000001192092896,0.0,0.7031780390460656,0.7031780390460656,,,,1.0
25,hexane_hl_gap_eV,58,1.0000001192092896,0.0,0.7031780390460656,0.7031780390460656,,,,1.0
25,hexane_hl_gap_eV,59,1.0000001192092896,0.0,0.7031780390460656,0.7031780390460656,,,,1.0
25,hexane_hl_gap_eV,60,1.0000001192092896,0.0,0.7031780390460656,0.7031780390460656,,,,1.0
25,hexane_hl_gap_eV,61,1.0000001192092896,0.0,0.7031780390460656,0.7031780390460656,,,,1.0
25,hexane_hl_gap_eV,62,1.0000001192092896,0.0,0.7031780390460656,0.7031780390460656,,,,1.0
25,hexane_hl_gap_eV,63,1.0000001192092896,0.0,0.7031780390460656,0.7031780390460656,,,,1.0
25,hexane_hl_gap_eV,64,1.0000001192092896,0.0,0.7031780390460656,0.7031780390460656,,,,1.0
25,hexane_hl_gap_eV,65,1.0000001192092896,0.0,0.7031780390460656,0.7031780390460656,,,,1.0
25,hexane_hl_gap_eV,66,1.0000001192092896,0.0,0.7031780390460656,0.7031780390460656,,,,1.0
25,hexane_hl_gap_eV,67,1.0000001192092896,0.0,0.7031780390460656,0.7031780390460656,,,,1.0
25,hexane_hl_gap_eV,68,1.0000001192092896,0.0,0.7031780390460656,0.7031780390460656,,,,1.0
25,hexane_hl_gap_eV,69,1.0000001192092896,0.0,0.7031780390460656,0.7031780390460656,,,,1.0
25,hexane_hl_gap_eV,70,1.0000001192092896,0.0,0.7031780390460656,0.7031780390460656,,,,1.0
25,hexane_hl_gap_eV,71,1.0000001192092896,0.0,0.7031780390460656,0.7031780390460656,,,,1.0
25,hexane_hl_gap_eV,72,1.0000001192092896,0.0,0.7031780390460656,0.7031780390460656,,,,1.0
25,hexane_hl_gap_eV,73,1.0000001192092896,0.0,0.7031780390460656,0.7031780390460656,,,,1.0
25,hexane_hl_gap_eV,74,1.0000001192092896,0.0,0.7031780390460656,0.7031780390460656,,,,1.0
25,hexane_hl_gap_eV,75,1.0000001192092896,0.0,0.7031780390460656,0.7031780390460656,,,,1.0
25,hexane_hl_gap_eV,76,1.0000001192092896,0.0,0.7031780390460656,0.7031780390460656,,,,1.0
25,hexane_hl_gap_eV,77,1.0000001192092896,0.0,0.7031780390460656,0.7031780390460656,,,,1.0
25,hexane_hl_gap_eV,78,1.0000001192092896,0.0,0.7031780390460656,0.7031780390460656,,,,1.0
25,hexane_hl_gap_eV,79,1.0000001192092896,0.0,0.7031780390460656,0.7031780390460656,,,,1.0
25,hexane_hl_gap_eV,80,1.0000001192092896,0.0,0.7031780390460656,0.7031780390460656,,,,1.0
25,hexane_hl_gap_eV,81,1.0000001192092896,0.0,0.7031780390460656,0.7031780390460656,,,,1.0
25,hexane_hl_gap_eV,82,1.0000001192092896,0.0,0.7031780390460656,0.7031780390460656,,,,1.0
25,hexane_hl_gap_eV,83,1.0000001192092896,0.0,0.7031780390460656,0.7031780390460656,,,,1.0
25,hexane_hl_gap_eV,84,1.0000001192092896,0.0,0.7031780390460656,0.7031780390460656,,,,1.0
25,hexane_hl_gap_eV,85,1.0000001192092896,0.0,0.7031780390460656,0.7031780390460656,,,,1.0
25,hexane_hl_gap_eV,86,1.0000001192092896,0.0,0.7031780390460656,0.7031780390460656,,,,1.0
25,hexane_hl_gap_eV,87,1.0000001192092896,0.0,0.7031780390460656,0.7031780390460656,,,,1.0
25,hexane_hl_gap_eV,88,1.0000001192092896,0.0,0.7031780390460656,0.7031780390460656,,,,1.0
25,hexane_hl_gap_eV,89,1.0000001192092896,0.0,0.7031780390460656,0.7031780390460656,,,,1.0
25,hexane_hl_gap_eV,90,1.0000001192092896,0.0,0.7031780390460656,0.7031780390460656,,,,1.0
25,hexane_hl_gap_eV,91,1.0000001192092896,0.0,0.7031780390460656,0.7031780390460656,,,,1.0
25,hexane_hl_gap_eV,92,1.0000001192092896,0.0,0.7031780390460656,0.7031780390460656,,,,1.0
25,hexane_hl_gap_eV,93,1.0000001192092896,0.0,0.7031780390460656,0.7031780390460656,,,,1.0
25,hexane_hl_gap_eV,94,1.0000001192092896,0.0,0.7031780390460656,0.7031780390460656,,,,1.0
25,hexane_hl_gap_eV,95,1.0000001192092896,0.0,0.7031780390460656,0.7031780390460656,,,,1.0
25,hexane_hl_gap_eV,96,1.0000001192092896,0.0,0.7031780390460656,0.7031780390460656,,,,1.0
25,hexane_hl_gap_eV,97,1.0000001192092896,0.0,0.7031780390460656,0.7031780390460656,,,,1.0
25,hexane_hl_gap_eV,98,1.0000001192092896,0.0,0.7031780390460656,0.7031780390460656,,,,1.0
25,hexane_hl_gap_eV,99,1.0000001192092896,0.0,0.7031780390460656,0.7031780390460656,,,,1.0
25,hexane_hl_gap_eV,100,1.0000001192092896,0.0,0.7031780390460656,0.7031780390460656,,,,1.0
25,hexane_hl_gap_eV,101,1.0000001192092896,0.0,0.7031780390460656,0.7031780390460656,,,,1.0
25,hexane_hl_gap_eV,102,1.0000001192092896,0.0,0.7031780390460656,0.7031780390460656,,,,1.0
25,hexane_hl_gap_eV,103,1.0000001192092896,0.0,0.7031780390460656,0.7031780390460656,,,,1.0
25,hexane_hl_gap_eV,104,1.0000001192092896,0.0,0.7031780390460656,0.7031780390460656,,,,1.0
25,hexane_hl_gap_eV,105,1.0000001192092896,0.0,0.7031780390460656,0.7031780390460656,,,,1.0
25,hexane_hl_gap_eV,106,1.0000001192092896,0.0,0.7031780390460656,0.7031780390460656,,,,1.0
25,hexane_hl_gap_eV,107,1.0000001192092896,0.0,0.7031780390460656,0.7031780390460656,,,,1.0
25,hexane_hl_gap_eV,108,1.0000001192092896,0.0,0.7031780390460656,0.7031780390460656,,,,1.0
25,hexane_hl_gap_eV,109,1.0000001192092896,0.0,0.7031780390460656,0.7031780390460656,,,,1.0
25,hexane_hl_gap_eV,110,1.0000001192092896,0.0,0.7031780390460656,0.7031780390460656,,,,1.0
25,hexane_hl_gap_eV,111,1.0000001192092896,0.0,0.7031780390460656,0.7031780390460656,,,,1.0
25,hexane_hl_gap_eV,112,1.0000001192092896,0.0,0.7031780390460656,0.7031780390460656,,,,1.0
25,hexane_hl_gap_eV,113,1.0000001192092896,0.0,0.7031780390460656,0.7031780390460656,,,,1.0
25,hexane_hl_gap_eV,114,1.0000001192092896,0.0,0.7031780390460656,0.7031780390460656,,,,1.0
25,hexane_hl_gap_eV,115,1.0000001192092896,0.0,0.7031780390460656,0.7031780390460656,,,,1.0
25,hexane_hl_gap_eV,116,1.0000001192092896,0.0,0.7031780390460656,0.7031780390460656,,,,1.0
25,hexane_hl_gap_eV,117,1.0000001192092896,0.0,0.7031780390460656,0.7031780390460656,,,,1.0
25,hexane_hl_gap_eV,118,1.0000001192092896,0.0,0.7031780390460656,0.7031780390460656,,,,1.0
25,hexane_hl_gap_eV,119,1.0000001192092896,0.0,0.7031780390460656,0.7031780390460656,,,,1.0
25,hexane_hl_gap_eV,120,1.0000001192092896,0.0,0.7031780390460656,0.7031780390460656,,,,1.0
25,hexane_hl_gap_eV,121,1.0000001192092896,0.0,0.7031780390460656,0.7031780390460656,,,,1.0
25,hexane_hl_gap_eV,122,1.0000001192092896,0.0,0.7031780390460656,0.7031780390460656,,,,1.0
25,hexane_hl_gap_eV,123,1.0000001192092896,0.0,0.7031780390460656,0.7031780390460656,,,,1.0
25,hexane_hl_gap_eV,124,1.0000001192092896,0.0,0.7031780390460656,0.7031780390460656,,,,1.0
25,hexane_hl_gap_eV,125,1.0000001192092896,0.0,0.7031780390460656,0.7031780390460656,,,,1.0
25,hexane_hl_gap_eV,126,1.0000001192092896,0.0,0.7031780390460656,0.7031780390460656,,,,1.0
25,hexane_hl_gap_eV,127,1.0000001192092896,0.0,0.7031780390460656,0.7031780390460656,,,,1.0
25,hexane_hl_gap_eV,128,1.0000001192092896,0.0,0.7031780390460656,0.7031780390460656,,,,1.0
25,hexane_hl_gap_eV,129,1.0000001192092896,0.0,0.7031780390460656,0.7031780390460656,,,,1.0
25,hexane_hl_gap_eV,130,1.0000001192092896,0.0,0.7031780390460656,0.7031780390460656,,,,1.0
25,hexane_hl_gap_eV,131,1.0000001192092896,0.0,0.7031780390460656,0.7031780390460656,,,,1.0
25,hexane_hl_gap_eV,132,1.0000001192092896,0.0,0.7031780390460656,0.7031780390460656,,,,1.0
25,hexane_hl_gap_eV,133,1.0000001192092896,0.0,0.7031780390460656,0.7031780390460656,,,,1.0
25,hexane_hl_gap_eV,134,1.0000001192092896,0.0,0.7031780390460656,0.7031780390460656,,,,1.0
25,hexane_hl_gap_eV,135,1.0000001192092896,0.0,0.7031780390460656,0.7031780390460656,,,,1.0
25,hexane_hl_gap_eV,136,1.0000001192092896,0.0,0.7031780390460656,0.7031780390460656,,,,1.0
25,hexane_hl_gap_eV,137,1.0000001192092896,0.0,0.7031780390460656,0.7031780390460656,,,,1.0
25,hexane_hl_gap_eV,138,1.0000001192092896,0.0,0.7031780390460656,0.7031780390460656,,,,1.0
25,hexane_hl_gap_eV,139,1.0000001192092896,0.0,0.7031780390460656,0.7031780390460656,,,,1.0
25,hexane_hl_gap_eV,140,1.0000001192092896,0.0,0.7031780390460656,0.7031780390460656,,,,1.0
25,hexane_hl_gap_eV,141,1.0000001192092896,0.0,0.7031780390460656,0.7031780390460656,,,,1.0
25,hexane_hl_gap_eV,142,1.0000001192092896,0.0,0.7031780390460656,0.7031780390460656,,,,1.0
25,hexane_hl_gap_eV,143,1.0000001192092896,0.0,0.7031780390460656,0.7031780390460656,,,,1.0
25,hexane_hl_gap_eV,144,1.0000001192092896,0.0,0.7031780390460656,0.7031780390460656,,,,1.0
25,hexane_hl_gap_eV,145,1.0000001192092896,0.0,0.7031780390460656,0.7031780390460656,,,,1.0
25,hexane_hl_gap_eV,146,1.0000001192092896,0.0,0.7031780390460656,0.7031780390460656,,,,1.0
25,hexane_hl_gap_eV,147,1.0000001192092896,0.0,0.7031780390460656,0.7031780390460656,,,,1.0
25,hexane_hl_gap_eV,148,1.0000001192092896,0.0,0.7031780390460656,0.7031780390460656,,,,1.0
25,hexane_hl_gap_eV,149,1.0000001192092896,0.0,0.7031780390460656,0.7031780390460656,,,,1.0
25,hexane_hl_gap_eV,150,1.0000001192092896,0.0,0.7031780390460656,0.7031780390460656,,,,1.0
25,hexane_hl_gap_eV,151,1.0000001192092896,0.0,0.7031780390460656,0.7031780390460656,,,,1.0
25,hexane_hl_gap_eV,152,1.0000001192092896,0.0,0.7031780390460656,0.7031780390460656,,,,1.0
25,hexane_hl_gap_eV,153,1.0000001192092896,0.0,0.7031780390460656,0.7031780390460656,,,,1.0
25,hexane_hl_gap_eV,154,1.0000001192092896,0.0,0.7031780390460656,0.7031780390460656,,,,1.0
25,hexane_hl_gap_eV,155,1.0000001192092896,0.0,0.7031780390460656,0.7031780390460656,,,,1.0
25,hexane_hl_gap_eV,156,1.0000001192092896,0.0,0.7031780390460656,0.7031780390460656,,,,1.0
25,hexane_hl_gap_eV,157,1.0000001192092896,0.0,0.7031780390460656,0.7031780390460656,,,,1.0
25,hexane_hl_gap_eV,158,1.0000001192092896,0.0,0.7031780390460656,0.7031780390460656,,,,1.0
25,hexane_hl_gap_eV,159,1.0000001192092896,0.0,0.7031780390460656,0.7031780390460656,,,,1.0
25,hexane_hl_gap_eV,160,1.0000001192092896,0.0,0.7031780390460656,0.7031780390460656,,,,1.0
25,hexane_hl_gap_eV,161,1.0000001192092896,0.0,0.7031780390460656,0.7031780390460656,,,,1.0
25,hexane_hl_gap_eV,162,1.0000001192092896,0.0,0.7031780390460656,0.7031780390460656,,,,1.0
25,hexane_hl_gap_eV,163,1.0000001192092896,0.0,0.7031780390460656,0.7031780390460656,,,,1.0
25,hexane_hl_gap_eV,164,1.0000001192092896,0.0,0.7031780390460656,0.7031780390460656,,,,1.0
25,hexane_hl_gap_eV,165,1.0000001192092896,0.0,0.7031780390460656,0.7031780390460656,,,,1.0
25,hexane_hl_gap_eV,166,1.0000001192092896,0.0,0.7031780390460656,0.7031780390460656,,,,1.0
25,hexane_hl_gap_eV,167,1.0000001192092896,0.0,0.7031780390460656,0.7031780390460656,,,,1.0
25,hexane_hl_gap_eV,168,1.0000001192092896,0.0,0.7031780390460656,0.7031780390460656,,,,1.0
25,hexane_hl_gap_eV,169,1.0000001192092896,0.0,0.7031780390460656,0.7031780390460656,,,,1.0
25,hexane_hl_gap_eV,170,1.0000001192092896,0.0,0.7031780390460656,0.7031780390460656,,,,1.0
25,hexane_hl_gap_eV,171,1.0000001192092896,0.0,0.7031780390460656,0.7031780390460656,,,,1.0
25,hexane_hl_gap_eV,172,1.0000001192092896,0.0,0.7031780390460656,0.7031780390460656,,,,1.0
25,hexane_hl_gap_eV,173,1.0000001192092896,0.0,0.7031780390460656,0.7031780390460656,,,,1.0
25,hexane_hl_gap_eV,174,1.0000001192092896,0.0,0.7031780390460656,0.7031780390460656,,,,1.0
25,hexane_hl_gap_eV,175,1.0000001192092896,0.0,0.7031780390460656,0.7031780390460656,,,,1.0
25,hexane_hl_gap_eV,176,1.0000001192092896,0.0,0.7031780390460656,0.7031780390460656,,,,1.0
25,hexane_hl_gap_eV,177,1.0000001192092896,0.0,0.7031780390460656,0.7031780390460656,,,,1.0
25,hexane_hl_gap_eV,178,1.0000001192092896,0.0,0.7031780390460656,0.7031780390460656,,,,1.0
25,hexane_hl_gap_eV,179,1.0000001192092896,0.0,0.7031780390460656,0.7031780390460656,,,,1.0
25,hexane_hl_gap_eV,180,1.0000001192092896,0.0,0.7031780390460656,0.7031780390460656,,,,1.0
25,hexane_hl_gap_eV,181,1.0000001192092896,0.0,0.7031780390460656,0.7031780390460656,,,,1.0
25,hexane_hl_gap_eV,182,1.0000001192092896,0.0,0.7031780390460656,0.7031780390460656,,,,1.0
25,hexane_hl_gap_eV,183,1.0000001192092896,0.0,0.7031780390460656,0.7031780390460656,,,,1.0
25,hexane_hl_gap_eV,184,1.0000001192092896,0.0,0.7031780390460656,0.7031780390460656,,,,1.0
25,hexane_hl_gap_eV,185,1.0000001192092896,0.0,0.7031780390460656,0.7031780390460656,,,,1.0
25,hexane_hl_gap_eV,186,1.0000001192092896,0.0,0.7031780390460656,0.7031780390460656,,,,1.0
25,hexane_hl_gap_eV,187,1.0000001192092896,0.0,0.7031780390460656,0.7031780390460656,,,,1.0
25,hexane_hl_gap_eV,188,1.0000001192092896,0.0,0.7031780390460656,0.7031780390460656,,,,1.0
25,hexane_hl_gap_eV,189,1.0000001192092896,0.0,0.7031780390460656,0.7031780390460656,,,,1.0
25,hexane_hl_gap_eV,190,1.0000001192092896,0.0,0.7031780390460656,0.7031780390460656,,,,1.0
25,hexane_hl_gap_eV,191,1.0000001192092896,0.0,0.7031780390460656,0.7031780390460656,,,,1.0
25,hexane_hl_gap_eV,192,1.0000001192092896,0.0,0.7031780390460656,0.7031780390460656,,,,1.0
25,hexane_hl_gap_eV,193,1.0000001192092896,0.0,0.7031780390460656,0.7031780390460656,,,,1.0
25,hexane_hl_gap_eV,194,1.0000001192092896,0.0,0.7031780390460656,0.7031780390460656,,,,1.0
25,hexane_hl_gap_eV,195,1.0000001192092896,0.0,0.7031780390460656,0.7031780390460656,,,,1.0
25,hexane_hl_gap_eV,196,1.0000001192092896,0.0,0.7031780390460656,0.7031780390460656,,,,1.0
25,hexane_hl_gap_eV,197,1.0000001192092896,0.0,0.7031780390460656,0.7031780390460656,,,,1.0
25,hexane_hl_gap_eV,198,1.0000001192092896,0.0,0.7031780390460656,0.7031780390460656,,,,1.0
25,hexane_hl_gap_eV,199,1.0000001192092896,0.0,0.7031780390460656,0.7031780390460656,,,,1.0
25,hexane_hl_gap_eV,200,1.0000001192092896,0.0,0.7031780390460656,0.7031780390460656,,,,1.0
25,hexane_hl_gap_eV,201,1.0000001192092896,0.0,0.7031780390460656,0.7031780390460656,,,,1.0
25,hexane_hl_gap_eV,202,1.0000001192092896,0.0,0.7031780390460656,0.7031780390460656,,,,1.0
25,hexane_hl_gap_eV,203,1.0000001192092896,0.0,0.7031780390460656,0.7031780390460656,,,,1.0
25,hexane_hl_gap_eV,204,1.0000001192092896,0.0,0.7031780390460656,0.7031780390460656,,,,1.0
25,hexane_hl_gap_eV,205,1.0000001192092896,0.0,0.7031780390460656,0.7031780390460656,,,,1.0
25,hexane_hl_gap_eV,206,1.0000001192092896,0.0,0.7031780390460656,0.7031780390460656,,,,1.0
25,hexane_hl_gap_eV,207,1.0000001192092896,0.0,0.7031780390460656,0.7031780390460656,,,,1.0
25,hexane_hl_gap_eV,208,1.0000001192092896,0.0,0.7031780390460656,0.7031780390460656,,,,1.0
25,hexane_hl_gap_eV,209,1.0000001192092896,0.0,0.7031780390460656,0.7031780390460656,,,,1.0
25,hexane_hl_gap_eV,210,1.0000001192092896,0.0,0.7031780390460656,0.7031780390460656,,,,1.0
25,hexane_hl_gap_eV,211,1.0000001192092896,0.0,0.7031780390460656,0.7031780390460656,,,,1.0
25,hexane_hl_gap_eV,212,1.0000001192092896,0.0,0.7031780390460656,0.7031780390460656,,,,1.0
25,hexane_hl_gap_eV,213,1.0000001192092896,0.0,0.7031780390460656,0.7031780390460656,,,,1.0
25,hexane_hl_gap_eV,214,1.0000001192092896,0.0,0.7031780390460656,0.7031780390460656,,,,1.0
25,hexane_hl_gap_eV,215,1.0000001192092896,0.0,0.7031780390460656,0.7031780390460656,,,,1.0
25,hexane_hl_gap_eV,216,1.0000001192092896,0.0,0.7031780390460656,0.7031780390460656,,,,1.0
25,hexane_hl_gap_eV,217,1.0000001192092896,0.0,0.7031780390460656,0.7031780390460656,,,,1.0
25,hexane_hl_gap_eV,218,1.0000001192092896,0.0,0.7031780390460656,0.7031780390460656,,,,1.0
25,hexane_hl_gap_eV,219,1.0000001192092896,0.0,0.7031780390460656,0.7031780390460656,,,,1.0
25,hexane_hl_gap_eV,220,1.0000001192092896,0.0,0.7031780390460656,0.7031780390460656,,,,1.0
25,hexane_hl_gap_eV,221,1.0000001192092896,0.0,0.7031780390460656,0.7031780390460656,,,,1.0
25,hexane_hl_gap_eV,222,1.0000001192092896,0.0,0.7031780390460656,0.7031780390460656,,,,1.0
25,hexane_hl_gap_eV,223,1.0000001192092896,0.0,0.7031780390460656,0.7031780390460656,,,,1.0
25,hexane_hl_gap_eV,224,1.0000001192092896,0.0,0.7031780390460656,0.7031780390460656,,,,1.0
25,hexane_hl_gap_eV,225,1.0000001192092896,0.0,0.7031780390460656,0.7031780390460656,,,,1.0
25,hexane_hl_gap_eV,226,1.0000001192092896,0.0,0.7031780390460656,0.7031780390460656,,,,1.0
25,hexane_hl_gap_eV,227,1.0000001192092896,0.0,0.7031780390460656,0.7031780390460656,,,,1.0
25,hexane_hl_gap_eV,228,1.0000001192092896,0.0,0.7031780390460656,0.7031780390460656,,,,1.0
25,hexane_hl_gap_eV,229,1.0000001192092896,0.0,0.7031780390460656,0.7031780390460656,,,,1.0
25,hexane_hl_gap_eV,230,1.0000001192092896,0.0,0.7031780390460656,0.7031780390460656,,,,1.0
25,hexane_hl_gap_eV,231,1.0000001192092896,0.0,0.7031780390460656,0.7031780390460656,,,,1.0
25,hexane_hl_gap_eV,232,1.0000001192092896,0.0,0.7031780390460656,0.7031780390460656,,,,1.0
25,hexane_hl_gap_eV,233,1.0000001192092896,0.0,0.7031780390460656,0.7031780390460656,,,,1.0
25,hexane_hl_gap_eV,234,1.0000001192092896,0.0,0.7031780390460656,0.7031780390460656,,,,1.0
25,hexane_hl_gap_eV,235,1.0000001192092896,0.0,0.7031780390460656,0.7031780390460656,,,,1.0
25,hexane_hl_gap_eV,236,1.0000001192092896,0.0,0.7031780390460656,0.7031780390460656,,,,1.0
25,hexane_hl_gap_eV,237,1.0000001192092896,0.0,0.7031780390460656,0.7031780390460656,,,,1.0
25,hexane_hl_gap_eV,238,1.0000001192092896,0.0,0.7031780390460656,0.7031780390460656,,,,1.0
25,hexane_hl_gap_eV,239,1.0000001192092896,0.0,0.7031780390460656,0.7031780390460656,,,,1.0
25,hexane_hl_gap_eV,240,1.0000001192092896,0.0,0.7031780390460656,0.7031780390460656,,,,1.0
25,hexane_hl_gap_eV,241,1.0000001192092896,0.0,0.7031780390460656,0.7031780390460656,,,,1.0
25,hexane_hl_gap_eV,242,1.0000001192092896,0.0,0.7031780390460656,0.7031780390460656,,,,1.0
25,hexane_hl_gap_eV,243,1.0000001192092896,0.0,0.7031780390460656,0.7031780390460656,,,,1.0
25,hexane_hl_gap_eV,244,1.0000001192092896,0.0,0.7031780390460656,0.7031780390460656,,,,1.0
25,hexane_hl_gap_eV,245,1.0000001192092896,0.0,0.7031780390460656,0.7031780390460656,,,,1.0
25,hexane_hl_gap_eV,246,1.0000001192092896,0.0,0.7031780390460656,0.7031780390460656,,,,1.0
25,hexane_hl_gap_eV,247,1.0000001192092896,0.0,0.7031780390460656,0.7031780390460656,,,,1.0
25,hexane_hl_gap_eV,248,1.0000001192092896,0.0,0.7031780390460656,0.7031780390460656,,,,1.0
25,hexane_hl_gap_eV,249,1.0000001192092896,0.0,0.7031780390460656,0.7031780390460656,,,,1.0
25,hexane_dipole,0,1.0,0.0,0.6210356957804215,0.6210356957804215,,,,1.0
25,hexane_dipole,1,1.0,0.0,0.6210356957804215,0.6210356957804215,,,,1.0
25,hexane_dipole,2,1.0,0.0,0.6210356957804215,0.6210356957804215,,,,1.0
25,hexane_dipole,3,1.0,0.0,0.6210356957804215,0.6210356957804215,,,,1.0
25,hexane_dipole,4,1.0,0.0,0.6210356957804215,0.6210356957804215,,,,1.0
25,hexane_dipole,5,1.0,0.0,0.6210356957804215,0.6210356957804215,,,,1.0
25,hexane_dipole,6,1.0,0.0,0.6210356957804215,0.6210356957804215,,,,1.0
25,hexane_dipole,7,1.0,0.0,0.6210356957804215,0.6210356957804215,,,,1.0
25,hexane_dipole,8,1.0,0.0,0.6210356957804215,0.6210356957804215,,,,1.0
25,hexane_dipole,9,1.0,0.0,0.6210356957804215,0.6210356957804215,,,,1.0
25,hexane_dipole,10,1.0,0.0,0.6210356957804215,0.6210356957804215,,,,1.0
25,hexane_dipole,11,1.0,0.0,0.6210356957804215,0.6210356957804215,,,,1.0
25,hexane_dipole,12,1.0,0.0,0.6210356957804215,0.6210356957804215,,,,1.0
25,hexane_dipole,13,1.0,0.0,0.6210356957804215,0.6210356957804215,,,,1.0
25,hexane_dipole,14,1.0,0.0,0.6210356957804215,0.6210356957804215,,,,1.0
25,hexane_dipole,15,1.0,0.0,0.6210356957804215,0.6210356957804215,,,,1.0
25,hexane_dipole,16,1.0,0.0,0.6210356957804215,0.6210356957804215,,,,1.0
25,hexane_dipole,17,1.0,0.0,0.6210356957804215,0.6210356957804215,,,,1.0
25,hexane_dipole,18,1.0,0.0,0.6210356957804215,0.6210356957804215,,,,1.0
25,hexane_dipole,19,1.0,0.0,0.6210356957804215,0.6210356957804215,,,,1.0
25,hexane_dipole,20,1.0,0.0,0.6210356957804215,0.6210356957804215,,,,1.0
25,hexane_dipole,21,1.0,0.0,0.6210356957804215,0.6210356957804215,,,,1.0
25,hexane_dipole,22,1.0,0.0,0.6210356957804215,0.6210356957804215,,,,1.0
25,hexane_dipole,23,1.0,0.0,0.6210356957804215,0.6210356957804215,,,,1.0
25,hexane_dipole,24,1.0,0.0,0.6210356957804215,0.6210356957804215,,,,1.0
25,hexane_dipole,25,1.0,0.0,0.6210356957804215,0.6210356957804215,,,,1.0
25,hexane_dipole,26,1.0,0.0,0.6210356957804215,0.6210356957804215,,,,1.0
25,hexane_dipole,27,1.0,0.0,0.6210356957804215,0.6210356957804215,,,,1.0
25,hexane_dipole,28,1.0,0.0,0.6210356957804215,0.6210356957804215,,,,1.0
25,hexane_dipole,29,1.0,0.0,0.6210356957804215,0.6210356957804215,,,,1.0
25,hexane_dipole,30,1.0,0.0,0.6210356957804215,0.6210356957804215,,,,1.0
25,hexane_dipole,31,1.0,0.0,0.6210356957804215,0.6210356957804215,,,,1.0
25,hexane_dipole,32,1.0,0.0,0.6210356957804215,0.6210356957804215,,,,1.0
25,hexane_dipole,33,1.0,0.0,0.6210356957804215,0.6210356957804215,,,,1.0
25,hexane_dipole,34,1.0,0.0,0.6210356957804215,0.6210356957804215,,,,1.0
25,hexane_dipole,35,1.0,0.0,0.6210356957804215,0.6210356957804215,,,,1.0
25,hexane_dipole,36,1.0,0.0,0.6210356957804215,0.6210356957804215,,,,1.0
25,hexane_dipole,37,1.0,0.0,0.6210356957804215,0.6210356957804215,,,,1.0
25,hexane_dipole,38,1.0,0.0,0.6210356957804215,0.6210356957804215,,,,1.0
25,hexane_dipole,39,1.0,0.0,0.6210356957804215,0.6210356957804215,,,,1.0
25,hexane_dipole,40,1.0,0.0,0.6210356957804215,0.6210356957804215,,,,1.0
25,hexane_dipole,41,1.0,0.0,0.6210356957804215,0.6210356957804215,,,,1.0
25,hexane_dipole,42,1.0,0.0,0.6210356957804215,0.6210356957804215,,,,1.0
25,hexane_dipole,43,1.0,0.0,0.6210356957804215,0.6210356957804215,,,,1.0
25,hexane_dipole,44,1.0,0.0,0.6210356957804215,0.6210356957804215,,,,1.0
25,hexane_dipole,45,1.0,0.0,0.6210356957804215,0.6210356957804215,,,,1.0
25,hexane_dipole,46,1.0,0.0,0.6210356957804215,0.6210356957804215,,,,1.0
25,hexane_dipole,47,1.0,0.0,0.6210356957804215,0.6210356957804215,,,,1.0
25,hexane_dipole,48,1.0,0.0,0.6210356957804215,0.6210356957804215,,,,1.0
25,hexane_dipole,49,1.0,0.0,0.6210356957804215,0.6210356957804215,,,,1.0
25,hexane_dipole,50,1.0,0.0,0.6210356957804215,0.6210356957804215,,,,1.0
25,hexane_dipole,51,1.0,0.0,0.6210356957804215,0.6210356957804215,,,,1.0
25,hexane_dipole,52,1.0,0.0,0.6210356957804215,0.6210356957804215,,,,1.0
25,hexane_dipole,53,1.0,0.0,0.6210356957804215,0.6210356957804215,,,,1.0
25,hexane_dipole,54,1.0,0.0,0.6210356957804215,0.6210356957804215,,,,1.0
25,hexane_dipole,55,1.0,0.0,0.6210356957804215,0.6210356957804215,,,,1.0
25,hexane_dipole,56,1.0,0.0,0.6210356957804215,0.6210356957804215,,,,1.0
25,hexane_dipole,57,1.0,0.0,0.6210356957804215,0.6210356957804215,,,,1.0
25,hexane_dipole,58,1.0,0.0,0.6210356957804215,0.6210356957804215,,,,1.0
25,hexane_dipole,59,1.0,0.0,0.6210356957804215,0.6210356957804215,,,,1.0
25,hexane_dipole,60,1.0,0.0,0.6210356957804215,0.6210356957804215,,,,1.0
25,hexane_dipole,61,1.0,0.0,0.6210356957804215,0.6210356957804215,,,,1.0
25,hexane_dipole,62,1.0,0.0,0.6210356957804215,0.6210356957804215,,,,1.0
25,hexane_dipole,63,1.0,0.0,0.6210356957804215,0.6210356957804215,,,,1.0
25,hexane_dipole,64,1.0,0.0,0.6210356957804215,0.6210356957804215,,,,1.0
25,hexane_dipole,65,1.0,0.0,0.6210356957804215,0.6210356957804215,,,,1.0
25,hexane_dipole,66,1.0,0.0,0.6210356957804215,0.6210356957804215,,,,1.0
25,hexane_dipole,67,1.0,0.0,0.6210356957804215,0.6210356957804215,,,,1.0
25,hexane_dipole,68,1.0,0.0,0.6210356957804215,0.6210356957804215,,,,1.0
25,hexane_dipole,69,1.0,0.0,0.6210356957804215,0.6210356957804215,,,,1.0
25,hexane_dipole,70,1.0,0.0,0.6210356957804215,0.6210356957804215,,,,1.0
25,hexane_dipole,71,1.0,0.0,0.6210356957804215,0.6210356957804215,,,,1.0
25,hexane_dipole,72,1.0,0.0,0.6210356957804215,0.6210356957804215,,,,1.0
25,hexane_dipole,73,1.0,0.0,0.6210356957804215,0.6210356957804215,,,,1.0
25,hexane_dipole,74,1.0,0.0,0.6210356957804215,0.6210356957804215,,,,1.0
25,hexane_dipole,75,1.0,0.0,0.6210356957804215,0.6210356957804215,,,,1.0
25,hexane_dipole,76,1.0,0.0,0.6210356957804215,0.6210356957804215,,,,1.0
25,hexane_dipole,77,1.0,0.0,0.6210356957804215,0.6210356957804215,,,,1.0
25,hexane_dipole,78,1.0,0.0,0.6210356957804215,0.6210356957804215,,,,1.0
25,hexane_dipole,79,1.0,0.0,0.6210356957804215,0.6210356957804215,,,,1.0
25,hexane_dipole,80,1.0,0.0,0.6210356957804215,0.6210356957804215,,,,1.0
25,hexane_dipole,81,1.0,0.0,0.6210356957804215,0.6210356957804215,,,,1.0
25,hexane_dipole,82,1.0,0.0,0.6210356957804215,0.6210356957804215,,,,1.0
25,hexane_dipole,83,1.0,0.0,0.6210356957804215,0.6210356957804215,,,,1.0
25,hexane_dipole,84,1.0,0.0,0.6210356957804215,0.6210356957804215,,,,1.0
25,hexane_dipole,85,1.0,0.0,0.6210356957804215,0.6210356957804215,,,,1.0
25,hexane_dipole,86,1.0,0.0,0.6210356957804215,0.6210356957804215,,,,1.0
25,hexane_dipole,87,1.0,0.0,0.6210356957804215,0.6210356957804215,,,,1.0
25,hexane_dipole,88,1.0,0.0,0.6210356957804215,0.6210356957804215,,,,1.0
25,hexane_dipole,89,1.0,0.0,0.6210356957804215,0.6210356957804215,,,,1.0
25,hexane_dipole,90,1.0,0.0,0.6210356957804215,0.6210356957804215,,,,1.0
25,hexane_dipole,91,1.0,0.0,0.6210356957804215,0.6210356957804215,,,,1.0
25,hexane_dipole,92,1.0,0.0,0.6210356957804215,0.6210356957804215,,,,1.0
25,hexane_dipole,93,1.0,0.0,0.6210356957804215,0.6210356957804215,,,,1.0
25,hexane_dipole,94,1.0,0.0,0.6210356957804215,0.6210356957804215,,,,1.0
25,hexane_dipole,95,1.0,0.0,0.6210356957804215,0.6210356957804215,,,,1.0
25,hexane_dipole,96,1.0,0.0,0.6210356957804215,0.6210356957804215,,,,1.0
25,hexane_dipole,97,1.0,0.0,0.6210356957804215,0.6210356957804215,,,,1.0
25,hexane_dipole,98,1.0,0.0,0.6210356957804215,0.6210356957804215,,,,1.0
25,hexane_dipole,99,1.0,0.0,0.6210356957804215,0.6210356957804215,,,,1.0
25,hexane_dipole,100,1.0,0.0,0.6210356957804215,0.6210356957804215,,,,1.0
25,hexane_dipole,101,1.0,0.0,0.6210356957804215,0.6210356957804215,,,,1.0
25,hexane_dipole,102,1.0,0.0,0.6210356957804215,0.6210356957804215,,,,1.0
25,hexane_dipole,103,1.0,0.0,0.6210356957804215,0.6210356957804215,,,,1.0
25,hexane_dipole,104,1.0,0.0,0.6210356957804215,0.6210356957804215,,,,1.0
25,hexane_dipole,105,1.0,0.0,0.6210356957804215,0.6210356957804215,,,,1.0
25,hexane_dipole,106,1.0,0.0,0.6210356957804215,0.6210356957804215,,,,1.0
25,hexane_dipole,107,1.0,0.0,0.6210356957804215,0.6210356957804215,,,,1.0
25,hexane_dipole,108,1.0,0.0,0.6210356957804215,0.6210356957804215,,,,1.0
25,hexane_dipole,109,1.0,0.0,0.6210356957804215,0.6210356957804215,,,,1.0
25,hexane_dipole,110,1.0,0.0,0.6210356957804215,0.6210356957804215,,,,1.0
25,hexane_dipole,111,1.0,0.0,0.6210356957804215,0.6210356957804215,,,,1.0
25,hexane_dipole,112,1.0,0.0,0.6210356957804215,0.6210356957804215,,,,1.0
25,hexane_dipole,113,1.0,0.0,0.6210356957804215,0.6210356957804215,,,,1.0
25,hexane_dipole,114,1.0,0.0,0.6210356957804215,0.6210356957804215,,,,1.0
25,hexane_dipole,115,1.0,0.0,0.6210356957804215,0.6210356957804215,,,,1.0
25,hexane_dipole,116,1.0,0.0,0.6210356957804215,0.6210356957804215,,,,1.0
25,hexane_dipole,117,1.0,0.0,0.6210356957804215,0.6210356957804215,,,,1.0
25,hexane_dipole,118,1.0,0.0,0.6210356957804215,0.6210356957804215,,,,1.0
25,hexane_dipole,119,1.0,0.0,0.6210356957804215,0.6210356957804215,,,,1.0
25,hexane_dipole,120,1.0,0.0,0.6210356957804215,0.6210356957804215,,,,1.0
25,hexane_dipole,121,1.0,0.0,0.6210356957804215,0.6210356957804215,,,,1.0
25,hexane_dipole,122,1.0,0.0,0.6210356957804215,0.6210356957804215,,,,1.0
25,hexane_dipole,123,1.0,0.0,0.6210356957804215,0.6210356957804215,,,,1.0
25,hexane_dipole,124,1.0,0.0,0.6210356957804215,0.6210356957804215,,,,1.0
25,hexane_dipole,125,1.0,0.0,0.6210356957804215,0.6210356957804215,,,,1.0
25,hexane_dipole,126,1.0,0.0,0.6210356957804215,0.6210356957804215,,,,1.0
25,hexane_dipole,127,1.0,0.0,0.6210356957804215,0.6210356957804215,,,,1.0
25,hexane_dipole,128,1.0,0.0,0.6210356957804215,0.6210356957804215,,,,1.0
25,hexane_dipole,129,1.0,0.0,0.6210356957804215,0.6210356957804215,,,,1.0
25,hexane_dipole,130,1.0,0.0,0.6210356957804215,0.6210356957804215,,,,1.0
25,hexane_dipole,131,1.0,0.0,0.6210356957804215,0.6210356957804215,,,,1.0
25,hexane_dipole,132,1.0,0.0,0.6210356957804215,0.6210356957804215,,,,1.0
25,hexane_dipole,133,1.0,0.0,0.6210356957804215,0.6210356957804215,,,,1.0
25,hexane_dipole,134,1.0,0.0,0.6210356957804215,0.6210356957804215,,,,1.0
25,hexane_dipole,135,1.0,0.0,0.6210356957804215,0.6210356957804215,,,,1.0
25,hexane_dipole,136,1.0,0.0,0.6210356957804215,0.6210356957804215,,,,1.0
25,hexane_dipole,137,1.0,0.0,0.6210356957804215,0.6210356957804215,,,,1.0
25,hexane_dipole,138,1.0,0.0,0.6210356957804215,0.6210356957804215,,,,1.0
25,hexane_dipole,139,1.0,0.0,0.6210356957804215,0.6210356957804215,,,,1.0
25,hexane_dipole,140,1.0,0.0,0.6210356957804215,0.6210356957804215,,,,1.0
25,hexane_dipole,141,1.0,0.0,0.6210356957804215,0.6210356957804215,,,,1.0
25,hexane_dipole,142,1.0,0.0,0.6210356957804215,0.6210356957804215,,,,1.0
25,hexane_dipole,143,1.0,0.0,0.6210356957804215,0.6210356957804215,,,,1.0
25,hexane_dipole,144,1.0,0.0,0.6210356957804215,0.6210356957804215,,,,1.0
25,hexane_dipole,145,1.0,0.0,0.6210356957804215,0.6210356957804215,,,,1.0
25,hexane_dipole,146,1.0,0.0,0.6210356957804215,0.6210356957804215,,,,1.0
25,hexane_dipole,147,1.0,0.0,0.6210356957804215,0.6210356957804215,,,,1.0
25,hexane_dipole,148,1.0,0.0,0.6210356957804215,0.6210356957804215,,,,1.0
25,hexane_dipole,149,1.0,0.0,0.6210356957804215,0.6210356957804215,,,,1.0
25,hexane_dipole,150,1.0,0.0,0.6210356957804215,0.6210356957804215,,,,1.0
25,hexane_dipole,151,1.0,0.0,0.6210356957804215,0.6210356957804215,,,,1.0
25,hexane_dipole,152,1.0,0.0,0.6210356957804215,0.6210356957804215,,,,1.0
25,hexane_dipole,153,1.0,0.0,0.6210356957804215,0.6210356957804215,,,,1.0
25,hexane_dipole,154,1.0,0.0,0.6210356957804215,0.6210356957804215,,,,1.0
25,hexane_dipole,155,1.0,0.0,0.6210356957804215,0.6210356957804215,,,,1.0
25,hexane_dipole,156,1.0,0.0,0.6210356957804215,0.6210356957804215,,,,1.0
25,hexane_dipole,157,1.0,0.0,0.6210356957804215,0.6210356957804215,,,,1.0
25,hexane_dipole,158,1.0,0.0,0.6210356957804215,0.6210356957804215,,,,1.0
25,hexane_dipole,159,1.0,0.0,0.6210356957804215,0.6210356957804215,,,,1.0
25,hexane_dipole,160,1.0,0.0,0.6210356957804215,0.6210356957804215,,,,1.0
25,hexane_dipole,161,1.0,0.0,0.6210356957804215,0.6210356957804215,,,,1.0
25,hexane_dipole,162,1.0,0.0,0.6210356957804215,0.6210356957804215,,,,1.0
25,hexane_dipole,163,1.0,0.0,0.6210356957804215,0.6210356957804215,,,,1.0
25,hexane_dipole,164,1.0,0.0,0.6210356957804215,0.6210356957804215,,,,1.0
25,hexane_dipole,165,1.0,0.0,0.6210356957804215,0.6210356957804215,,,,1.0
25,hexane_dipole,166,1.0,0.0,0.6210356957804215,0.6210356957804215,,,,1.0
25,hexane_dipole,167,1.0,0.0,0.6210356957804215,0.6210356957804215,,,,1.0
25,hexane_dipole,168,1.0,0.0,0.6210356957804215,0.6210356957804215,,,,1.0
25,hexane_dipole,169,1.0,0.0,0.6210356957804215,0.6210356957804215,,,,1.0
25,hexane_dipole,170,1.0,0.0,0.6210356957804215,0.6210356957804215,,,,1.0
25,hexane_dipole,171,1.0,0.0,0.6210356957804215,0.6210356957804215,,,,1.0
25,hexane_dipole,172,1.0,0.0,0.6210356957804215,0.6210356957804215,,,,1.0
25,hexane_dipole,173,1.0,0.0,0.6210356957804215,0.6210356957804215,,,,1.0
25,hexane_dipole,174,1.0,0.0,0.6210356957804215,0.6210356957804215,,,,1.0
25,hexane_dipole,175,1.0,0.0,0.6210356957804215,0.6210356957804215,,,,1.0
25,hexane_dipole,176,1.0,0.0,0.6210356957804215,0.6210356957804215,,,,1.0
25,hexane_dipole,177,1.0,0.0,0.6210356957804215,0.6210356957804215,,,,1.0
25,hexane_dipole,178,1.0,0.0,0.6210356957804215,0.6210356957804215,,,,1.0
25,hexane_dipole,179,1.0,0.0,0.6210356957804215,0.6210356957804215,,,,1.0
25,hexane_dipole,180,1.0,0.0,0.6210356957804215,0.6210356957804215,,,,1.0
25,hexane_dipole,181,1.0,0.0,0.6210356957804215,0.6210356957804215,,,,1.0
25,hexane_dipole,182,1.0,0.0,0.6210356957804215,0.6210356957804215,,,,1.0
25,hexane_dipole,183,1.0,0.0,0.6210356957804215,0.6210356957804215,,,,1.0
25,hexane_dipole,184,1.0,0.0,0.6210356957804215,0.6210356957804215,,,,1.0
25,hexane_dipole,185,1.0,0.0,0.6210356957804215,0.6210356957804215,,,,1.0
25,hexane_dipole,186,1.0,0.0,0.6210356957804215,0.6210356957804215,,,,1.0
25,hexane_dipole,187,1.0,0.0,0.6210356957804215,0.6210356957804215,,,,1.0
25,hexane_dipole,188,1.0,0.0,0.6210356957804215,0.6210356957804215,,,,1.0
25,hexane_dipole,189,1.0,0.0,0.6210356957804215,0.6210356957804215,,,,1.0
25,hexane_dipole,190,1.0,0.0,0.6210356957804215,0.6210356957804215,,,,1.0
25,hexane_dipole,191,1.0,0.0,0.6210356957804215,0.6210356957804215,,,,1.0
25,hexane_dipole,192,1.0,0.0,0.6210356957804215,0.6210356957804215,,,,1.0
25,hexane_dipole,193,1.0,0.0,0.6210356957804215,0.6210356957804215,,,,1.0
25,hexane_dipole,194,1.0,0.0,0.6210356957804215,0.6210356957804215,,,,1.0
25,hexane_dipole,195,1.0,0.0,0.6210356957804215,0.6210356957804215,,,,1.0
25,hexane_dipole,196,1.0,0.0,0.6210356957804215,0.6210356957804215,,,,1.0
25,hexane_dipole,197,1.0,0.0,0.6210356957804215,0.6210356957804215,,,,1.0
25,hexane_dipole,198,1.0,0.0,0.6210356957804215,0.6210356957804215,,,,1.0
25,hexane_dipole,199,1.0,0.0,0.6210356957804215,0.6210356957804215,,,,1.0
25,hexane_dipole,200,1.0,0.0,0.6210356957804215,0.6210356957804215,,,,1.0
25,hexane_dipole,201,1.0,0.0,0.6210356957804215,0.6210356957804215,,,,1.0
25,hexane_dipole,202,1.0,0.0,0.6210356957804215,0.6210356957804215,,,,1.0
25,hexane_dipole,203,1.0,0.0,0.6210356957804215,0.6210356957804215,,,,1.0
25,hexane_dipole,204,1.0,0.0,0.6210356957804215,0.6210356957804215,,,,1.0
25,hexane_dipole,205,1.0,0.0,0.6210356957804215,0.6210356957804215,,,,1.0
25,hexane_dipole,206,1.0,0.0,0.6210356957804215,0.6210356957804215,,,,1.0
25,hexane_dipole,207,1.0,0.0,0.6210356957804215,0.6210356957804215,,,,1.0
25,hexane_dipole,208,1.0,0.0,0.6210356957804215,0.6210356957804215,,,,1.0
25,hexane_dipole,209,1.0,0.0,0.6210356957804215,0.6210356957804215,,,,1.0
25,hexane_dipole,210,1.0,0.0,0.6210356957804215,0.6210356957804215,,,,1.0
25,hexane_dipole,211,1.0,0.0,0.6210356957804215,0.6210356957804215,,,,1.0
25,hexane_dipole,212,1.0,0.0,0.6210356957804215,0.6210356957804215,,,,1.0
25,hexane_dipole,213,1.0,0.0,0.6210356957804215,0.6210356957804215,,,,1.0
25,hexane_dipole,214,1.0,0.0,0.6210356957804215,0.6210356957804215,,,,1.0
25,hexane_dipole,215,1.0,0.0,0.6210356957804215,0.6210356957804215,,,,1.0
25,hexane_dipole,216,1.0,0.0,0.6210356957804215,0.6210356957804215,,,,1.0
25,hexane_dipole,217,1.0,0.0,0.6210356957804215,0.6210356957804215,,,,1.0
25,hexane_dipole,218,1.0,0.0,0.6210356957804215,0.6210356957804215,,,,1.0
25,hexane_dipole,219,1.0,0.0,0.6210356957804215,0.6210356957804215,,,,1.0
25,hexane_dipole,220,1.0,0.0,0.6210356957804215,0.6210356957804215,,,,1.0
25,hexane_dipole,221,1.0,0.0,0.6210356957804215,0.6210356957804215,,,,1.0
25,hexane_dipole,222,1.0,0.0,0.6210356957804215,0.6210356957804215,,,,1.0
25,hexane_dipole,223,1.0,0.0,0.6210356957804215,0.6210356957804215,,,,1.0
25,hexane_dipole,224,1.0,0.0,0.6210356957804215,0.6210356957804215,,,,1.0
25,hexane_dipole,225,1.0,0.0,0.6210356957804215,0.6210356957804215,,,,1.0
25,hexane_dipole,226,1.0,0.0,0.6210356957804215,0.6210356957804215,,,,1.0
25,hexane_dipole,227,1.0,0.0,0.6210356957804215,0.6210356957804215,,,,1.0
25,hexane_dipole,228,1.0,0.0,0.6210356957804215,0.6210356957804215,,,,1.0
25,hexane_dipole,229,1.0,0.0,0.6210356957804215,0.6210356957804215,,,,1.0
25,hexane_dipole,230,1.0,0.0,0.6210356957804215,0.6210356957804215,,,,1.0
25,hexane_dipole,231,1.0,0.0,0.6210356957804215,0.6210356957804215,,,,1.0
25,hexane_dipole,232,1.0,0.0,0.6210356957804215,0.6210356957804215,,,,1.0
25,hexane_dipole,233,1.0,0.0,0.6210356957804215,0.6210356957804215,,,,1.0
25,hexane_dipole,234,1.0,0.0,0.6210356957804215,0.6210356957804215,,,,1.0
25,hexane_dipole,235,1.0,0.0,0.6210356957804215,0.6210356957804215,,,,1.0
25,hexane_dipole,236,1.0,0.0,0.6210356957804215,0.6210356957804215,,,,1.0
25,hexane_dipole,237,1.0,0.0,0.6210356957804215,0.6210356957804215,,,,1.0
25,hexane_dipole,238,1.0,0.0,0.6210356957804215,0.6210356957804215,,,,1.0
25,hexane_dipole,239,1.0,0.0,0.6210356957804215,0.6210356957804215,,,,1.0
25,hexane_dipole,240,1.0,0.0,0.6210356957804215,0.6210356957804215,,,,1.0
25,hexane_dipole,241,1.0,0.0,0.6210356957804215,0.6210356957804215,,,,1.0
25,hexane_dipole,242,1.0,0.0,0.6210356957804215,0.6210356957804215,,,,1.0
25,hexane_dipole,243,1.0,0.0,0.6210356957804215,0.6210356957804215,,,,1.0
25,hexane_dipole,244,1.0,0.0,0.6210356957804215,0.6210356957804215,,,,1.0
25,hexane_dipole,245,1.0,0.0,0.6210356957804215,0.6210356957804215,,,,1.0
25,hexane_dipole,246,1.0,0.0,0.6210356957804215,0.6210356957804215,,,,1.0
25,hexane_dipole,247,1.0,0.0,0.6210356957804215,0.6210356957804215,,,,1.0
25,hexane_dipole,248,1.0,0.0,0.6210356957804215,0.6210356957804215,,,,1.0
25,hexane_dipole,249,1.0,0.0,0.6210356957804215,0.6210356957804215,,,,1.0
26,sco_kcal,0,0.2068174183368683,0.04030822589993477,0.6264782688039765,0.9421886260621284,8.246338844299316,0.6514138579368591,0.0789943113224338,0.12
26,sco_kcal,1,0.4530014395713806,0.015662573277950287,0.6048529637886424,0.936075557425297,3.1723597049713135,1.1674715280532837,0.3680136039503253,0.42
26,sco_kcal,2,0.2989893853664398,0.05556080490350723,0.633018247798838,0.898883614291375,11.416472434997559,2.9067142009735107,0.25460703536259466,0.1
26,sco_kcal,3,0.26117658615112305,0.017604224383831024,0.6327331787909862,0.9335709391133107,3.8149397373199463,0.30517780780792236,0.07999544653942933,0.24
26,sco_kcal,4,0.03986979275941849,0.3159913122653961,0.6346850303057483,0.9176731108462088,66.51858520507812,2.142261028289795,0.03220545087790369,0.0
26,sco_kcal,5,0.3294636607170105,0.1190648153424263,0.6154819136449645,0.9176024499542876,23.678226470947266,6.461399078369141,0.2728835745488436,0.16
26,sco_kcal,6,0.033389102667570114,0.045310668647289276,0.6227243114161085,0.9596345160124267,9.205117225646973,0.09226661920547485,0.01002340512822638,0.02
26,sco_kcal,7,0.4128030240535736,0.02368088997900486,0.6246955501598708,0.9202715490587772,5.058363914489746,1.3962808847427368,0.2760340909326577,0.2
26,sco_kcal,8,0.05887322500348091,0.08936826139688492,0.6259260039348125,0.9533036182903729,18.11564064025879,0.6450912356376648,0.03560962863240201,0.02
26,sco_kcal,9,0.6064666509628296,0.023762604221701622,0.6399777517285059,0.9018265451343719,5.139908313751221,3.185685396194458,0.6197942067704848,0.4
26,sco_kcal,10,0.29790350794792175,0.02752336673438549,0.6313830520848749,0.927991371014004,5.842970371246338,1.5906916856765747,0.2722402450480459,0.08
26,sco_kcal,11,0.05582783371210098,0.09186464548110962,0.6357919813753263,0.9125055496127177,19.585601806640625,0.6857017278671265,0.035010500807518455,0.02
26,sco_kcal,12,0.4658673405647278,0.0244910791516304,0.6317786509430221,0.9095632140809637,5.123163223266602,2.2614452838897705,0.4414158177938826,0.34
26,sco_kcal,13,0.2846134901046753,0.04651102051138878,0.6196710229063078,0.9110920306652754,9.411624908447266,1.8543704748153687,0.19702978952667416,0.16
26,sco_kcal,14,0.3337496519088745,0.03289549797773361,0.6311132469208995,0.9462836490828617,6.728738784790039,2.1555566787719727,0.3203507741516873,0.12
26,sco_kcal,15,0.13944658637046814,0.04664858803153038,0.6309238397789747,0.9304958264338137,9.875344276428223,0.49564483761787415,0.050190132489957316,0.02
26,sco_kcal,16,0.24552468955516815,0.026144085451960564,0.6321040764011858,0.9427229138879234,5.456866264343262,1.085742712020874,0.198968173201427,0.04
26,sco_kcal,17,0.26761406660079956,0.05540896952152252,0.6105796111029156,0.9084793228574739,11.032796859741211,2.347743272781372,0.21279674615856578,0.08
26,sco_kcal,18,0.15257380902767181,0.5415500402450562,0.6254776879287016,0.9812276245890885,110.81005859375,2.1054916381835938,0.019000907182106206,0.12
26,sco_kcal,19,0.09327097237110138,0.036976125091314316,0.6201660500373092,0.9546552856802455,7.519364356994629,0.16389746963977814,0.021796718693025983,0.04
26,sco_kcal,20,0.06808711588382721,0.02399054355919361,0.625567611890403,0.9523231474228024,4.874239921569824,0.18587686121463776,0.038134532605192985,0.02
26,sco_kcal,21,0.49540096521377563,0.05193452909588814,0.6146677337018411,0.8992278688368849,10.270373344421387,4.582547187805176,0.44619090602916617,0.32
26,sco_kcal,22,0.21345561742782593,0.05187726765871048,0.6155978791300818,0.913259342747051,10.369229316711426,1.7041852474212646,0.16435023234318272,0.04
26,sco_kcal,23,0.2376352846622467,0.03836870566010475,0.6265848843443318,0.9193064617809432,7.815552234649658,1.7014412879943848,0.21769943273505024,0.08
26,sco_kcal,24,0.08907491713762283,0.034796424210071564,0.6232622576458069,0.9470690459581159,6.936211109161377,0.16423410177230835,0.02367778304143414,0.08
26,sco_kcal,25,0.17983540892601013,0.020251315087080002,0.6248509602390855,0.9480096177299788,4.193472385406494,0.40899524092674255,0.09753140198325083,0.1
26,sco_kcal,26,0.08810839056968689,0.013806306757032871,0.6240239925781019,0.9595504856147674,2.8752269744873047,0.10907861590385437,0.03793739307252593,0.02
26,sco_kcal,27,0.22917702794075012,0.03546014055609703,0.6393123596727219,0.9312956275160462,7.4901227951049805,1.6886447668075562,0.22544954375262527,0.04
26,sco_kcal,28,0.3304213881492615,0.027519481256604195,0.6379222714237407,0.9160704346706645,5.842166900634766,1.8391964435577393,0.314814087792991,0.08
26,sco_kcal,29,0.1499856412410736,0.052085354924201965,0.6236483581318708,0.9302984441164222,10.591350555419922,0.6884335279464722,0.06499959795912708,0.08
26,sco_kcal,30,0.2605602741241455,0.09471078217029572,0.5868325081037624,0.8995592601632483,17.421464920043945,3.5937626361846924,0.2062836077607891,0.02
26,sco_kcal,31,0.24264061450958252,0.12256494909524918,0.6255802806687571,0.9723079172422202,24.97320556640625,0.9421548843383789,0.037726629920740246,0.28
26,sco_kcal,32,0.24548806250095367,0.03989842161536217,0.6161902003837854,0.9362876395562336,8.021378517150879,1.1846466064453125,0.14768616191248984,0.08
26,sco_kcal,33,0.6208151578903198,0.028982723131775856,0.6394819188660985,0.8925177263408632,5.853729724884033,4.036425590515137,0.6895476525601122,0.5
26,sco_kcal,34,0.14498759806156158,0.04252820461988449,0.6199931302023698,0.9305690041223413,8.68808650970459,0.45198339223861694,0.052023353097802566,0.1
26,sco_kcal,35,0.23854587972164154,0.04125247895717621,0.6256836485757982,0.9349590650901467,8.657685279846191,1.1083422899246216,0.1280183159931533,0.14
26,sco_kcal,36,0.1127091497182846,0.023196740075945854,0.6142027484215888,0.9507354833912187,4.663003444671631,0.12169919908046722,0.026098886806427673,0.02
26,sco_kcal,37,0.035840779542922974,0.1514967978000641,0.6216799655263539,0.9401149017254768,31.338764190673828,0.5963879823684692,0.01903036057005559,0.0
26,sco_kcal,38,0.2196834683418274,0.023075656965374947,0.6269100332645283,0.9250475893194119,4.736786365509033,0.9144397377967834,0.1930506607718869,0.02
26,sco_kcal,39,0.17442487180233002,0.09530995041131973,0.6249776863030765,0.8902368326405308,19.758106231689453,3.102654218673706,0.15703196360476335,0.06
26,sco_kcal,40,0.23605571687221527,0.04043383523821831,0.6211683316264249,0.9194615482325639,8.15281867980957,1.268957495689392,0.1556464758417799,0.04
26,sco_kcal,41,0.34700632095336914,0.06178226321935654,0.6009128254066944,0.9063618089469327,11.660323143005371,2.8972272872924805,0.24846886760856435,0.14
26,sco_kcal,42,0.03700753301382065,0.06363401561975479,0.5887952431177133,0.9707924233118226,11.505243301391602,0.08091291785240173,0.007032699416501259,0.0
26,sco_kcal,43,0.1465243250131607,0.04275669530034065,0.6319332759143559,0.9330818082364212,8.723501205444336,0.7316529750823975,0.08387148208631792,0.04
26,sco_kcal,44,0.44834357500076294,0.03570988401770592,0.6257668501153135,0.8900549975346452,7.1857476234436035,3.214383125305176,0.4473275842332961,0.16
26,sco_kcal,45,0.5518693327903748,0.01861344464123249,0.6405771837175531,0.9154387848211984,3.8621699810028076,2.5787582397460938,0.6676967229382593,0.38
26,sco_kcal,46,0.08774945884943008,0.030231887474656105,0.6237820005991692,0.9505559978137115,6.202439785003662,0.1402692198753357,0.022615168343025335,0.06
26,sco_kcal,47,0.12092194706201553,0.05683638155460358,0.6206260537464598,0.9098060171519151,11.660515785217285,1.0436023473739624,0.08949881519795187,0.0
26,sco_kcal,48,0.3984886705875397,0.01364445686340332,0.6270324218598371,0.9311684639256843,3.0888092517852783,0.6147502064704895,0.1990249822371435,0.26
26,sco_kcal,49,0.1715964376926422,4.367464542388916,0.6233765377555351,0.9878698690841208,892.5110473632812,0.3479165732860565,0.00038981766591449606,0.2
26,sco_kcal,50,0.18591059744358063,0.11592462658882141,0.6142552413926974,0.9103691343110822,23.031225204467773,3.5378105640411377,0.1536093079127569,0.08
26,sco_kcal,51,0.33182188868522644,0.0743015930056572,0.5736459738316837,0.8918132609225224,13.334224700927734,3.7468926906585693,0.2809981663499249,0.1
26,sco_kcal,52,0.06413272768259048,0.07210037112236023,0.5719360558615276,0.9285989003269599,12.795900344848633,0.26265591382980347,0.020526567631135337,0.02
26,sco_kcal,53,0.16527725756168365,0.058392833918333054,0.6254566096567877,0.9656918241666559,12.031801223754883,0.7615822553634644,0.06329744326725087,0.1
26,sco_kcal,54,0.04232722893357277,0.03558718413114548,0.6215026628011233,0.9490757664708014,7.254188537597656,0.1261361539363861,0.017388044614864418,0.04
26,sco_kcal,55,0.02447444759309292,0.14984287321567535,0.6154650569772702,0.9559388549830425,29.97977066040039,0.12338625639677048,0.004115650442908445,0.0
26,sco_kcal,56,0.060005929321050644,0.07395857572555542,0.605123805610138,0.9603975966396325,14.321687698364258,0.08162041008472443,0.005699077636921705,0.0
26,sco_kcal,57,0.5440731048583984,0.030054274946451187,0.643569824771671,0.8916859188908675,6.36828088760376,3.5546748638153076,0.5581843713481129,0.18
26,sco_kcal,58,0.10562331974506378,0.04959959536790848,0.6243756308535942,0.9670696155604277,10.140873908996582,0.8114025592803955,0.08001308038753457,0.02
26,sco_kcal,59,0.5888922810554504,0.03945013880729675,0.6431910425848033,0.9083515793803376,8.111879348754883,5.212947845458984,0.6426313337930915,0.38
26,sco_kcal,60,0.44741350412368774,0.03324473276734352,0.6357275827446964,0.9430429434621885,6.9904656410217285,2.3861358165740967,0.34134146981163593,0.32
26,sco_kcal,61,0.2817946672439575,0.052508898079395294,0.6262834122274563,0.9542083863171449,10.867852210998535,1.068949818611145,0.09835888433680956,0.24
26,sco_kcal,62,0.06008993461728096,0.15152528882026672,0.6333077312564666,0.918900649879165,31.861976623535156,1.2578389644622803,0.039477744250592584,0.08
26,sco_kcal,63,0.18386206030845642,0.08674681186676025,0.5796799054710109,0.910776833304765,15.842243194580078,2.9757063388824463,0.18783364845077558,0.06
26,sco_kcal,64,0.19543173909187317,0.03358389064669609,0.6271652058369583,0.9234798332868817,6.825957775115967,1.146788477897644,0.16800403923948404,0.04
26,sco_kcal,65,0.4393625259399414,0.045824382454156876,0.6345940296556036,0.904014990475358,9.644396781921387,3.986292839050293,0.4133273370215002,0.18
26,sco_kcal,66,0.10059278458356857,0.03153987228870392,0.6249352759706823,0.9706590758654043,6.548668384552002,0.2470369040966034,0.0377232270119757,0.02
26,sco_kcal,67,0.038225021213293076,0.05720941722393036,0.6244725244012428,0.9559882887953024,11.820472717285156,0.2353973388671875,0.019914376057309825,0.02
26,sco_kcal,68,0.042917974293231964,0.0890878364443779,0.6304168299437221,0.948175810284472,18.68121337890625,0.25904351472854614,0.013866525127379743,0.04
26,sco_kcal,69,0.12345145642757416,0.14112244546413422,0.6071779462649278,0.9234677986944266,27.580585479736328,1.7467626333236694,0.06333305123660372,0.04
26,sco_kcal,70,0.06298255920410156,0.034616030752658844,0.6273850168303969,0.9565962632072342,7.0901312828063965,0.05697060748934746,0.008035197828776664,0.02
26,sco_kcal,71,0.11401088535785675,0.06636360287666321,0.5738476951929203,0.916630517237641,11.715044021606445,0.8967838883399963,0.07654976683707103,0.0
26,sco_kcal,72,0.2500276565551758,0.0893448069691658,0.584999356049438,0.8896384724335518,16.569150924682617,3.643193006515503,0.2198780748075833,0.06
26,sco_kcal,73,0.3873521685600281,0.02691502682864666,0.6336698119127984,0.9160198208416663,5.566979885101318,1.7405531406402588,0.3126566246985067,0.22
26,sco_kcal,74,0.04031824693083763,0.027509961277246475,0.6251130450689921,0.959312365137341,5.645025730133057,0.1601686179637909,0.028373407956107866,0.02
26,sco_kcal,75,0.4708171486854553,0.03561074659228325,0.6355473219744989,0.907562090802362,7.334081172943115,3.49859881401062,0.47703300952239897,0.32
26,sco_kcal,76,0.12269797921180725,0.0034347791224718094,0.6183902471836429,0.9587683156988007,0.7245780825614929,0.08972496539354324,0.12383063682571234,0.12
26,sco_kcal,77,0.2912474274635315,0.034188687801361084,0.6289675390714908,0.9612486107892537,7.101332664489746,1.046215295791626,0.14732661392181096,0.12
26,sco_kcal,78,0.06467792391777039,0.15152707695960999,0.6302648591141031,0.9139226794245006,31.47223472595215,1.2707457542419434,0.04037672460526232,0.02
26,sco_kcal,79,0.12516175210475922,0.021975750103592873,0.6271250365193919,0.9523341368458516,4.538134574890137,0.3402421772480011,0.07497401666547934,0.02
26,sco_kcal,80,0.11758144199848175,0.09793530404567719,0.6078368496115514,0.9039637302579171,19.12286376953125,1.3509641885757446,0.07064654148340775,0.0
26,sco_kcal,81,0.4204559028148651,0.028203150257468224,0.6310431769404587,0.9095020228121129,5.802340507507324,2.7138588428497314,0.46771795611416134,0.18
26,sco_kcal,82,0.13179047405719757,0.026891862973570824,0.6116135519692154,0.938425726237053,5.321039199829102,0.34978076815605164,0.06573542404410133,0.04
26,sco_kcal,83,0.08460643887519836,0.026812927797436714,0.6206850230190233,0.9584901649162436,5.422147274017334,0.11270353198051453,0.02078577476502425,0.1
26,sco_kcal,84,0.16000963747501373,0.049463480710983276,0.6257744516077672,0.9207543731507328,10.014215469360352,1.42042875289917,0.14184124130793227,0.02
26,sco_kcal,85,0.19569990038871765,0.07297483831644058,0.6274022550423253,0.927892453771664,15.205066680908203,1.3553235530853271,0.08913631104210148,0.02
26,sco_kcal,86,0.16255992650985718,0.027967682108283043,0.6261642279986968,0.9178879101968827,5.78190803527832,0.4918578565120697,0.08506843303473495,0.08
26,sco_kcal,87,0.30540889501571655,0.04075572267174721,0.6219784498503851,0.8858599398019875,8.55080795288086,2.5018930435180664,0.2925914202850447,0.04
26,sco_kcal,88,0.08005760610103607,0.13185222446918488,0.6145461387143658,0.9679487035474776,26.12333106994629,0.09975814819335938,0.0038187376612214136,0.08
26,sco_kcal,89,0.37410280108451843,0.03956874832510948,0.6243881241326723,0.8821491113556239,8.228511810302734,3.152106761932373,0.3830713055531732,0.14
26,sco_kcal,90,0.11354715377092361,0.033732932060956955,0.6273051536399437,0.931999476437749,6.8292059898376465,0.5214125514030457,0.07635039156513149,0.06
26,sco_kcal,91,0.2696159780025482,0.06722381711006165,0.6256130399267954,0.9546644736310099,13.746929168701172,2.2297487258911133,0.1621997682920907,0.2
26,sco_kcal,92,0.10164148360490799,0.06706983596086502,0.5885270745866478,0.9228853827337309,12.354419708251953,0.5561275482177734,0.045014461330491806,0.06
26,sco_kcal,93,0.4179130494594574,0.04551273584365845,0.6375705972004624,0.9673241171505709,9.732208251953125,1.5719428062438965,0.16151964338909708,0.34
26,sco_kcal,94,0.23366418480873108,0.01805322989821434,0.626469593787816,0.9424724574171581,3.7877650260925293,0.4006102979183197,0.10576429508131094,0.1
26,sco_kcal,95,0.08568160980939865,0.019070332869887352,0.6242805043193207,0.9493620308584603,3.9132399559020996,0.15599599480628967,0.039863641525741476,0.04
26,sco_kcal,96,0.24982710182666779,0.05980147048830986,0.605220906064029,0.9027934412666581,11.664376258850098,2.955394744873047,0.2533692911895485,0.04
26,sco_kcal,97,0.1197877824306488,0.13128721714019775,0.6084253532477644,0.913263508341563,25.511476516723633,1.6220799684524536,0.06358236330967067,0.06
26,sco_kcal,98,0.20841729640960693,0.007166177500039339,0.6105317794600247,0.9682549566066625,1.5136771202087402,0.1792655736207962,0.11843052341048466,0.1
26,sco_kcal,99,0.29242590069770813,0.05753221735358238,0.5960249669716002,0.9091989597095493,10.929797172546387,2.645301103591919,0.2420265501574377,0.1
26,sco_kcal,100,0.09876304119825363,0.06419862806797028,0.624634477648897,0.9393661964167419,13.180835723876953,0.4546298682689667,0.034491733133841365,0.08
26,sco_kcal,101,0.18044662475585938,0.03847740963101387,0.6292264235111775,0.9284187303863427,7.803240776062012,0.7716643214225769,0.09889023593758765,0.06
26,sco_kcal,102,0.060833923518657684,0.04804760590195656,0.6211247641788689,0.9569614337313563,9.618741035461426,0.10478164255619049,0.010893488261082388,0.06
26,sco_kcal,103,0.058948688209056854,0.030500328168272972,0.621124299629799,0.9653982550939024,6.2172746658325195,0.12811286747455597,0.02060595266582148,0.04
26,sco_kcal,104,0.22518032789230347,0.022068696096539497,0.604492971788267,0.9476555957913562,4.3916335105896,0.37655168771743774,0.08574296712361222,0.1
26,sco_kcal,105,0.38868099451065063,0.02992900274693966,0.6233368671163029,0.8898425446515381,6.117814540863037,2.4321787357330322,0.3975567940949589,0.1
26,sco_kcal,106,0.17933636903762817,0.03661775961518288,0.6255658882987942,0.9094728932697214,7.469106674194336,1.2993220090866089,0.17395949285016227,0.04
26,sco_kcal,107,0.05300058424472809,0.018206767737865448,0.624202142182456,0.9666083269853598,3.7669124603271484,0.10445188730955124,0.027728780110934624,0.02
26,sco_kcal,108,0.09064961969852448,0.02579822577536106,0.6213463628758893,0.9491904249858742,5.175688743591309,0.11961009353399277,0.023109985831759595,0.02
26,sco_kcal,109,0.5235879421234131,0.02796132303774357,0.6141346872456588,0.8935710535256087,5.20991325378418,3.4346253871917725,0.6592480949077337,0.52
26,sco_kcal,110,0.19536034762859344,0.02895449288189411,0.6315387767641134,0.9290629248319902,5.955850601196289,0.7187686562538147,0.1206827881326377,0.06
26,sco_kcal,111,0.12478318810462952,0.038483042269945145,0.6235476076647697,0.918725120575123,7.9034037590026855,0.6457081437110901,0.0817000071615436,0.04
26,sco_kcal,112,0.14570161700248718,0.031097393482923508,0.6029103392283357,0.9373405380491944,5.995509147644043,0.3060802221298218,0.05105158120726029,0.06
26,sco_kcal,113,0.23295462131500244,0.048158615827560425,0.6126121804427824,0.9153483779943576,9.689281463623047,1.4440230131149292,0.14903303392891382,0.04
26,sco_kcal,114,0.5744470357894897,0.024312563240528107,0.6415549062219514,0.8866834268838435,5.15013313293457,3.0442094802856445,0.5910933565616467,0.2
26,sco_kcal,115,0.35475578904151917,0.03966979682445526,0.632224812360535,0.9133428303878388,8.115440368652344,2.8607001304626465,0.3525009119052521,0.08
26,sco_kcal,116,0.2623865306377411,0.11161846667528152,0.6026450413906832,0.8988056586824027,21.44304084777832,4.749753952026367,0.22150561507317568,0.04
26,sco_kcal,117,0.644851565361023,0.020978379994630814,0.649049106079387,0.8860991141001391,4.41347074508667,3.384751319885254,0.7669137319315765,0.52
26,sco_kcal,118,0.08467825502157211,0.03905468061566353,0.6252456131891115,0.9442023341740231,8.069765090942383,0.363762766122818,0.045077243516184924,0.02
26,sco_kcal,119,0.4739498496055603,0.023072991520166397,0.6362758497766803,0.9549140596841361,4.832808017730713,2.0464487075805664,0.42344920387329893,0.38
26,sco_kcal,120,0.2176537811756134,0.0768200159072876,0.5687085740761575,0.9013118546935586,13.624396324157715,2.097768545150757,0.15397148579942274,0.0
26,sco_kcal,121,0.14432646334171295,0.045839931815862656,0.6233807833781668,0.9178584929186069,9.536697387695312,1.003338098526001,0.105208129999024,0.02
26,sco_kcal,122,0.1625968962907791,0.03581015393137932,0.6202772549711515,0.9303132130325378,7.36032247543335,0.5951817035675049,0.08086353628581507,0.1
26,sco_kcal,123,0.07528362423181534,0.06747784465551376,0.62664955647623,0.9281341811920698,14.01003646850586,0.484274297952652,0.03456624106877138,0.02
26,sco_kcal,124,0.11551989614963531,0.04860362783074379,0.6185292754192346,0.9217722229829897,9.832345962524414,0.46159374713897705,0.04694645091805382,0.04
26,sco_kcal,125,0.34558919072151184,0.029681731015443802,0.623890623179258,0.9274997867335872,6.018085956573486,1.8139973878860474,0.30142430682709653,0.18
26,sco_kcal,126,0.273922324180603,0.042094189673662186,0.6124007760375014,0.8993177245262558,8.47301197052002,2.4198925495147705,0.285600039033847,0.06
26,sco_kcal,127,0.2215164750814438,0.023380206897854805,0.6267182368665938,0.9629233460933844,4.793191432952881,0.609145998954773,0.12708568132016043,0.16
26,sco_kcal,128,0.7688032388687134,0.023346496745944023,0.6755238293527299,0.9084149096009058,4.8882527351379395,5.365705966949463,1.0976735978439647,0.66
26,sco_kcal,129,0.3892707824707031,0.01696331799030304,0.6220318180403532,0.9361245075655493,3.6265623569488525,0.9275494813919067,0.255765485354093,0.24
26,sco_kcal,130,0.23867137730121613,0.05037339776754379,0.62162352508522,0.8957643163362923,10.177842140197754,2.0920474529266357,0.20554921407790547,0.02
26,sco_kcal,131,0.1577598601579666,0.032477106899023056,0.625210457347628,0.9442759007826007,6.7155022621154785,0.432519793510437,0.0644061719628082,0.08
26,sco_kcal,132,0.3335328698158264,0.04141718149185181,0.6076663740898274,0.9280845185693425,8.079285621643066,2.5167794227600098,0.31151014342381644,0.12
26,sco_kcal,133,0.07896647602319717,0.1886846423149109,0.6003094561409292,0.9121974389620353,36.2520751953125,3.437196969985962,0.09481379897475226,0.0
26,sco_kcal,134,0.23744040727615356,0.06373390555381775,0.6332957653414075,0.8920531303576924,13.398236274719238,3.2045276165008545,0.23917533254338774,0.02
26,sco_kcal,135,0.2163703590631485,0.055181656032800674,0.6268859032842473,0.966067814142854,11.382489204406738,0.5077028870582581,0.04460385403763006,0.12
26,sco_kcal,136,0.05305744707584381,0.03739238530397415,0.6250923992858519,0.9598813659803842,7.6021647453308105,0.16357927024364471,0.021517459266337764,0.02
26,sco_kcal,137,0.06470039486885071,0.029187187552452087,0.6382815611237407,0.9626327256529503,6.16146183013916,0.042711369693279266,0.006932018873241093,0.02
26,sco_kcal,138,0.18820631504058838,0.043837256729602814,0.6200518971653239,0.9192475481396902,8.982542037963867,0.9297451972961426,0.1035057997353825,0.1
26,sco_kcal,139,0.14381511509418488,0.040598783642053604,0.6267815191093067,0.94122377144144,8.240372657775879,0.2240726500749588,0.027192053003029747,0.1
26,sco_kcal,140,0.2497102916240692,0.03514586761593819,0.6030635826527091,0.9285428433642415,6.845259189605713,0.8262099623680115,0.12069812690549139,0.18
26,sco_kcal,141,0.03255685791373253,0.09201075881719589,0.6238165586617257,0.9419469152016666,19.029420852661133,0.15160587430000305,0.007966920037863477,0.0
26,sco_kcal,142,0.4768194556236267,0.057771723717451096,0.6362347616433697,0.9085300140124328,12.290682792663574,5.9162917137146,0.481363957846678,0.12
26,sco_kcal,143,0.17907719314098358,0.04802634194493294,0.6120168529362964,0.9302642434337656,9.418496131896973,1.2355916500091553,0.13118778547083138,0.04
26,sco_kcal,144,0.13631567358970642,0.031168973073363304,0.6218296806055212,0.9604753982580396,6.340371608734131,0.08124919980764389,0.01281458009428338,0.12
26,sco_kcal,145,0.18121445178985596,0.0488305389881134,0.6157036809965004,0.9206921351812676,9.93320083618164,1.030322790145874,0.10372515437248865,0.02
26,sco_kcal,146,0.21228843927383423,0.1298951953649521,0.62993468663912,0.929877225682934,26.943819046020508,2.3188564777374268,0.08606265035319528,0.16
26,sco_kcal,147,0.2113504707813263,0.04172296077013016,0.6136151413856712,0.927378878105831,8.274500846862793,0.9885925650596619,0.1194745862446166,0.08
26,sco_kcal,148,0.7261337637901306,0.025044916197657585,0.6595901847566863,0.9058667736270687,5.175890922546387,4.887125015258789,0.9442094295245439,0.64
26,sco_kcal,149,0.16230963170528412,0.034290194511413574,0.6186418577557347,0.9400653421892988,6.832492351531982,0.5559017658233643,0.08136149112537534,0.08
26,sco_kcal,150,0.018604231998324394,0.16974352300167084,0.6055900769487208,0.9547680407874912,32.412803649902344,0.06824828684329987,0.0021055965284726454,0.02
26,sco_kcal,151,0.4644860327243805,0.03855258971452713,0.6325490941489715,0.8955959938086462,8.003156661987305,3.8090765476226807,0.4759467680689921,0.18
26,sco_kcal,152,0.18964551389217377,0.1119004637002945,0.6272120618362078,0.9777940266925176,23.09559440612793,0.377151757478714,0.01633003034460307,0.1
26,sco_kcal,153,0.35551875829696655,0.05050503835082054,0.601149068932159,0.8865153746145569,9.877559661865234,3.384073257446289,0.34260215815363204,0.12
26,sco_kcal,154,0.09990553557872772,0.11193753033876419,0.6255810734500016,0.9217109519994182,23.15580940246582,1.5439592599868774,0.06667697220821242,0.0
26,sco_kcal,155,0.2750794291496277,0.03463023155927658,0.6263953258434911,0.9209008486048103,7.109247207641602,1.805747151374817,0.25399976940369323,0.12
26,sco_kcal,156,0.16150818765163422,0.016228869557380676,0.6303823442187744,0.9377589431372229,3.374699592590332,0.19955764710903168,0.05913345518137109,0.08
26,sco_kcal,157,0.06473857164382935,0.049560546875,0.6243397906214663,0.9689203403805635,10.065814018249512,0.36462879180908203,0.03622447137886743,0.06
26,sco_kcal,158,0.4488150477409363,0.0253318902105093,0.6428174457127054,0.9113176293709242,5.370519161224365,2.099980115890503,0.3910199466473464,0.34
26,sco_kcal,159,0.18958516418933868,0.0421903133392334,0.6222726396788951,0.9203946299366379,8.549053192138672,1.050868034362793,0.12292215415493313,0.08
26,sco_kcal,160,0.12859110534191132,0.03872275725007057,0.6202712481800956,0.9522689453367508,7.755160808563232,0.1610758751630783,0.02077015282329396,0.06
26,sco_kcal,161,0.058477599173784256,0.11651920527219772,0.6306572117533547,0.9272565347812791,24.386558532714844,0.5844064950942993,0.02396428730648121,0.08
26,sco_kcal,162,0.1546417772769928,0.13113458454608917,0.6026595708146252,0.8791290144748549,25.409475326538086,3.219775676727295,0.1267155513976515,0.04
26,sco_kcal,163,0.7895274758338928,0.010173718445003033,0.6655227266035428,0.8950760114949656,2.4744012355804443,2.1719353199005127,0.8777619767842626,0.66
26,sco_kcal,164,0.4456143081188202,0.01847727783024311,0.64944947092283,0.9241844861959045,3.946751356124878,1.6536645889282227,0.41899386095400626,0.3
26,sco_kcal,165,0.15131820738315582,0.05630183592438698,0.6224222281178577,0.9247762372189952,11.395853996276855,1.2124202251434326,0.10639134421514553,0.02
26,sco_kcal,166,0.2045585960149765,0.043189577758312225,0.6333176931043087,0.9375063286681018,9.170406341552734,1.7362301349639893,0.18932968401812503,0.0
26,sco_kcal,167,0.11634717881679535,0.04955685883760452,0.624417344088992,0.9671422724227117,10.100249290466309,0.15872062742710114,0.015714525737193296,0.08
26,sco_kcal,168,0.4181695580482483,0.037044040858745575,0.6321915178897839,0.9092668219986022,7.60146427154541,3.2121148109436035,0.42256527113697356,0.12
26,sco_kcal,169,0.0354810506105423,0.03983104228973389,0.6249608584030584,0.9589910075273218,8.238962173461914,0.08507707715034485,0.010326188585302907,0.02
26,sco_kcal,170,0.3138045370578766,0.08250178396701813,0.6288299182824881,0.9163401776499287,17.082233428955078,5.076021194458008,0.29715207999991067,0.14
26,sco_kcal,171,0.33571991324424744,0.025027476251125336,0.6254771434829964,0.9115532269981632,5.251984119415283,1.6148580312728882,0.30747580239307243,0.06
26,sco_kcal,172,0.2782338857650757,0.08673843741416931,0.6094534892588499,0.8873947187688098,17.079864501953125,4.40006160736084,0.2576168919172445,0.1
26,sco_kcal,173,0.08410272002220154,0.017795544117689133,0.6265776405948951,0.9486417503116231,3.6534667015075684,0.14177045226097107,0.038804364140631376,0.02
26,sco_kcal,174,0.4606338441371918,0.024276040494441986,0.6227228556463791,0.8880784902917731,4.967371940612793,2.0196542739868164,0.40658406459848556,0.14
26,sco_kcal,175,0.11338094621896744,0.07620474696159363,0.6249406832005553,0.9655836620548359,15.511295318603516,0.263201504945755,0.0169683768853323,0.08
26,sco_kcal,176,0.16575220227241516,0.05224422365427017,0.5842831319518227,0.9066169311349492,9.589372634887695,1.104547381401062,0.1151845301519037,0.06
26,sco_kcal,177,0.045838356018066406,0.02398567460477352,0.6175810955246541,0.9538767139113424,4.803920745849609,0.1366264373064041,0.028440610187926967,0.02
26,sco_kcal,178,0.14667978882789612,0.03648371994495392,0.622807180678361,0.9174062931211528,7.526668548583984,0.9109790325164795,0.12103349930134293,0.04
26,sco_kcal,179,0.041457872837781906,0.03202981874346733,0.6258699380349437,0.9626633512003036,6.508403778076172,0.14755360782146454,0.022671243649403712,0.02
26,sco_kcal,180,0.21695420145988464,0.2439386248588562,0.6252532758172415,0.9740239243457784,49.98555374145508,0.7682828903198242,0.015370098614765482,0.18
26,sco_kcal,181,0.09686937183141708,0.0824093371629715,0.596793107540174,0.924436884829877,15.618128776550293,0.524192750453949,0.03356309567897748,0.02
26,sco_kcal,182,0.29926931858062744,0.0367281474173069,0.627998692795265,0.9273899828520518,7.594254493713379,2.35540771484375,0.31015654226410067,0.14
26,sco_kcal,183,0.5752045512199402,0.036084119230508804,0.6520987363244335,0.9620485376669239,7.729193210601807,3.3192574977874756,0.42944423917810604,0.56
26,sco_kcal,184,0.33609873056411743,0.0305573008954525,0.6266554570906684,0.9181376722719237,6.351402282714844,2.013584613800049,0.3170299288520837,0.06
26,sco_kcal,185,0.1974048912525177,0.06523571908473969,0.5987675998692197,0.9294439609839178,12.488195419311523,1.440545916557312,0.11535260845851895,0.04
26,sco_kcal,186,0.16594356298446655,0.032640229910612106,0.6255868265956981,0.9335895782523691,6.680053234100342,0.6763955950737,0.10125601868273072,0.1
26,sco_kcal,187,0.09649064391851425,0.05702117830514908,0.6110198147173389,0.9311215074582038,11.33215618133545,0.3553808033466339,0.031360386996074185,0.02
26,sco_kcal,188,0.20500850677490234,0.08071168512105942,0.6252562118088885,0.9610417582010315,16.452016830444336,0.44980326294898987,0.027340311378519395,0.2
26,sco_kcal,189,0.5359703302383423,0.028259625658392906,0.6457166724043111,0.9094175294258249,5.929736614227295,3.2714827060699463,0.5517079288514493,0.3
26,sco_kcal,190,0.07681223005056381,0.041830334812402725,0.6215959369095725,0.9626479485043076,8.521642684936523,0.10947030037641525,0.012846150023389614,0.06
26,sco_kcal,191,0.3164511024951935,0.04518766701221466,0.6240052774575782,0.8997876197863375,9.208806991577148,2.7859835624694824,0.3025346893487601,0.14
26,sco_kcal,192,0.8643938302993774,0.007907654158771038,0.700010198238753,0.9040336042816803,2.081386089324951,2.499129295349121,1.2007043326400126,0.9
26,sco_kcal,193,0.17478367686271667,0.03233678266406059,0.6297045010012237,0.9239429781170991,6.593870162963867,0.5882068276405334,0.08920509702243536,0.04
26,sco_kcal,194,0.1177968978881836,0.056938670575618744,0.6247302157060484,0.9742319048386514,11.647344589233398,0.24705132842063904,0.021210957272527933,0.06
26,sco_kcal,195,0.17143629491329193,0.09455502778291702,0.6211354922587315,0.8923752269647507,19.174541473388672,2.78562068939209,0.14527704316987736,0.02
26,sco_kcal,196,0.3344440758228302,0.08637843281030655,0.6209438771239413,0.9137901689875323,17.476560592651367,5.819204330444336,0.33297194259671575,0.22
26,sco_kcal,197,0.05152827128767967,0.04065122455358505,0.6272140910662483,0.9525524750698762,8.15559196472168,0.06404682248830795,0.00785311756220183,0.04
26,sco_kcal,198,0.4337040185928345,0.03519044443964958,0.6341561797395376,0.8923741131045504,7.271992206573486,3.4593894481658936,0.47571413030926973,0.2
26,sco_kcal,199,0.4469236731529236,0.029161764308810234,0.616218470412512,0.9250745845004678,5.717209339141846,2.534940242767334,0.4433876901117336,0.22
26,sco_kcal,200,0.43504735827445984,0.03389991074800491,0.6240089131754687,0.8927199915042285,6.962337493896484,3.0745625495910645,0.44159918307412876,0.14
26,sco_kcal,201,0.19442015886306763,0.10140949487686157,0.6253231359702385,0.9741207392575351,20.626052856445312,0.7305911183357239,0.035420791531009084,0.12
26,sco_kcal,202,0.07229872792959213,0.03841239586472511,0.6247470984636208,0.9480698007449957,7.872518539428711,0.24793744087219238,0.031494043441171064,0.02
26,sco_kcal,203,0.5880355834960938,0.033229295164346695,0.6436948624955692,0.9044605929312681,7.060330390930176,3.8176958560943604,0.5407248166457819,0.4
26,sco_kcal,204,0.09850933402776718,0.08342879265546799,0.5689119074891984,0.9391502358162527,14.799339294433594,0.810854434967041,0.054789907767843656,0.1
26,sco_kcal,205,0.251186728477478,0.988781750202179,0.6300838777417228,0.9801238097327081,206.84716796875,7.485929012298584,0.0361906285003116,0.18
26,sco_kcal,206,0.5326029658317566,0.02712753228843212,0.6346285867605745,0.9011688326079268,5.727982521057129,2.761207103729248,0.4820557837909835,0.3
26,sco_kcal,207,0.4936457872390747,0.03831367567181587,0.6556185887070107,0.9228292933788531,8.132875442504883,3.852041721343994,0.47363835196738063,0.32
26,sco_kcal,208,0.5775188207626343,0.029781708493828773,0.6413767338245675,0.8969140327355583,6.21992826461792,4.1260857582092285,0.6633654895476013,0.46
26,sco_kcal,209,0.07531687617301941,0.036042626947164536,0.6258785452557645,0.9607452455825589,7.315427303314209,0.18048562109470367,0.024671917799379373,0.02
26,sco_kcal,210,0.18943139910697937,0.05420127511024475,0.6239482615061631,0.9167567472876235,11.117511749267578,1.9841049909591675,0.1784666421503787,0.06
26,sco_kcal,211,0.10152547061443329,0.0431639663875103,0.610600918776038,0.9601236089762657,8.517900466918945,0.11795984953641891,0.013848465357694746,0.02
26,sco_kcal,212,0.2293872833251953,0.07909409701824188,0.5779367798112158,0.915121564064574,14.135360717773438,2.5276293754577637,0.17881605046552423,0.12
26,sco_kcal,213,0.12983262538909912,0.06984847038984299,0.5943487897966719,0.9321551215045323,12.984474182128906,0.786005973815918,0.06053429371038621,0.06
26,sco_kcal,214,0.19341105222702026,0.10019337385892868,0.6355760204295147,0.9304814803742281,21.174335479736328,2.3564372062683105,0.11128742191335365,0.2
26,sco_kcal,215,0.28908270597457886,0.05092088505625725,0.6286168884135934,0.964785422447922,10.478620529174805,1.7187427282333374,0.16402375899079238,0.22
26,sco_kcal,216,0.0530724935233593,0.05627884715795517,0.6073174021035019,0.9418544414475989,11.121554374694824,0.028087154030799866,0.0025254701891947165,0.02
26,sco_kcal,217,0.29200688004493713,0.0745982751250267,0.6331260595686905,0.9391684375724239,15.611270904541016,2.205636501312256,0.14128487775269336,0.3
26,sco_kcal,218,0.21854843199253082,0.8451568484306335,0.6253951854628157,0.9858299538241204,171.9569854736328,2.2623257637023926,0.013156346963579962,0.22
26,sco_kcal,219,0.26287201046943665,0.08081357926130295,0.6274959684705497,0.9348709841087754,16.655715942382812,1.488538146018982,0.08937100939811222,0.26
26,sco_kcal,220,0.7825731635093689,0.015590494498610497,0.6539277485883244,0.8996184538978251,3.3175010681152344,3.572974681854248,1.0770078467176365,0.68
26,sco_kcal,221,0.14533506333827972,0.09285503625869751,0.6251391950071543,0.9664230970687564,18.946285247802734,0.28327032923698425,0.014951233211789424,0.08
26,sco_kcal,222,0.08264271169900894,0.022139020264148712,0.6200482877209803,0.9568068314704068,4.5034379959106445,0.2215021699666977,0.04918512704467857,0.04
26,sco_kcal,223,0.30558449029922485,0.07312560826539993,0.6314368200563323,0.8877632065437537,15.659497261047363,4.9547505378723145,0.31640546661719093,0.16
26,sco_kcal,224,0.11067447066307068,0.08170337229967117,0.5854012760003786,0.9206593636577045,14.89963436126709,0.6209912300109863,0.04167828652395039,0.04
26,sco_kcal,225,0.48667076230049133,0.02725759707391262,0.625502618795208,0.8925075037986787,5.624764442443848,2.66619610786438,0.4740102692559995,0.2
26,sco_kcal,226,0.6297473907470703,0.027817586436867714,0.6341734821636704,0.8853422312373156,5.7817840576171875,4.283620357513428,0.7408821074647348,0.32
26,sco_kcal,227,0.5482606887817383,0.0184035524725914,0.6412393590453336,0.9168542490379967,3.814366102218628,2.372462749481201,0.6219808707143389,0.42
26,sco_kcal,228,0.3903263509273529,0.04569176584482193,0.6246923828680715,0.8982327255396294,9.015605926513672,2.896021604537964,0.3212231799108652,0.16
26,sco_kcal,229,0.4137256443500519,0.024943452328443527,0.6185409583769457,0.9139371740910525,5.2053399085998535,1.8725779056549072,0.3597417149572079,0.2
26,sco_kcal,230,0.6906436085700989,0.02751667983829975,0.6603578739595015,0.9047816282103263,5.88651704788208,5.016462802886963,0.8521954089459138,0.4
26,sco_kcal,231,0.08179990202188492,0.03813067078590393,0.6192926693243104,0.9479184001690031,7.842652797698975,0.1580544412136078,0.0201531860826455,0.02
26,sco_kcal,232,0.13971607387065887,0.1983744502067566,0.6024268051578794,0.9480015213076656,37.83871841430664,1.0181951522827148,0.026908817078163515,0.08
26,sco_kcal,233,0.1794569045305252,0.06176150217652321,0.6119032179207329,0.9155037197152252,12.090100288391113,1.3292616605758667,0.10994628901897702,0.06
26,sco_kcal,234,0.31384384632110596,0.02585446648299694,0.6288035451683791,0.9386776572412412,5.324388027191162,0.9193790555000305,0.17267318813070082,0.14
26,sco_kcal,235,0.3088093400001526,0.039679884910583496,0.6215147733238238,0.928901318336198,8.002002716064453,1.4471869468688965,0.18085309368410865,0.08
26,sco_kcal,236,0.14303548634052277,0.03129255399107933,0.619507700852491,0.9349448045575277,6.506494045257568,0.2766681909561157,0.042521854170876054,0.02
26,sco_kcal,237,0.03300222381949425,0.07039207220077515,0.6254559827219717,0.966019301564202,14.263992309570312,0.16141477227210999,0.011316240836992742,0.02
26,sco_kcal,238,0.15469038486480713,0.060917969793081284,0.6252146183064218,0.9595028979626057,12.425042152404785,0.5245953798294067,0.04222081288697075,0.08
26,sco_kcal,239,0.11852341145277023,0.06718043982982635,0.6290194965059626,0.9180493430800967,14.093124389648438,0.8010588884353638,0.056840404319694414,0.04
26,sco_kcal,240,0.3735399544239044,0.03222846984863281,0.631909134896661,0.9489108356461151,6.636509895324707,1.8208104372024536,0.27436264933247206,0.4
26,sco_kcal,241,0.3901134729385376,0.03229242190718651,0.6242654256603002,0.8955370937550564,6.525970935821533,2.2236952781677246,0.34074550745571025,0.22
26,sco_kcal,242,0.06496092677116394,0.03216622397303581,0.6153189413451623,0.949070957044754,6.56587028503418,0.19265200197696686,0.029341426743699973,0.02
26,sco_kcal,243,0.03537491336464882,0.09575319290161133,0.6210278210511082,0.9482801749909466,19.383325576782227,0.08490865677595139,0.004380499952890274,0.02
26,sco_kcal,244,0.11496802419424057,0.0260812696069479,0.6241986078090651,0.9613792807418207,5.371288776397705,0.16546863317489624,0.03080613239451799,0.08
26,sco_kcal,245,0.029664454981684685,0.11573386192321777,0.6200893625859163,0.9662616103858035,23.723777770996094,0.07376780360937119,0.0031094459036603043,0.04
26,sco_kcal,246,0.14182807505130768,0.04717747122049332,0.6181383652690378,0.9328886868905444,9.565046310424805,0.4998576045036316,0.052258775157088794,0.04
26,sco_kcal,247,0.11454374343156815,0.09848784655332565,0.6389228341890765,0.9597997353577725,21.04180145263672,0.13406413793563843,0.006371324158599503,0.08
26,sco_kcal,248,0.14195352792739868,0.042309246957302094,0.6241383485307255,0.9333292658977943,8.616133689880371,0.7625518441200256,0.08850278693048147,0.04
26,sco_kcal,249,0.13302835822105408,0.03592927008867264,0.6237865518183741,0.9353878465965464,7.322488784790039,0.6643663048744202,0.09072957629575527,0.04
26,water_gsolv_eV,0,0.9999999403953552,0.0,0.6313215444750218,0.6313215444750218,,,,1.0
26,water_gsolv_eV,1,0.9999999403953552,0.0,0.6313215444750218,0.6313215444750218,,,,1.0
26,water_gsolv_eV,2,0.9999999403953552,0.0,0.6313215444750218,0.6313215444750218,,,,1.0
26,water_gsolv_eV,3,0.9999999403953552,0.0,0.6313215444750218,0.6313215444750218,,,,1.0
26,water_gsolv_eV,4,0.9999999403953552,0.0,0.6313215444750218,0.6313215444750218,,,,1.0
26,water_gsolv_eV,5,0.9999999403953552,0.0,0.6313215444750218,0.6313215444750218,,,,1.0
26,water_gsolv_eV,6,0.9999999403953552,0.0,0.6313215444750218,0.6313215444750218,,,,1.0
26,water_gsolv_eV,7,0.9999999403953552,0.0,0.6313215444750218,0.6313215444750218,,,,1.0
26,water_gsolv_eV,8,0.9999999403953552,0.0,0.6313215444750218,0.6313215444750218,,,,1.0
26,water_gsolv_eV,9,0.9999999403953552,0.0,0.6313215444750218,0.6313215444750218,,,,1.0
26,water_gsolv_eV,10,0.9999999403953552,0.0,0.6313215444750218,0.6313215444750218,,,,1.0
26,water_gsolv_eV,11,0.9999999403953552,0.0,0.6313215444750218,0.6313215444750218,,,,1.0
26,water_gsolv_eV,12,0.9999999403953552,0.0,0.6313215444750218,0.6313215444750218,,,,1.0
26,water_gsolv_eV,13,0.9999999403953552,0.0,0.6313215444750218,0.6313215444750218,,,,1.0
26,water_gsolv_eV,14,0.9999999403953552,0.0,0.6313215444750218,0.6313215444750218,,,,1.0
26,water_gsolv_eV,15,0.9999999403953552,0.0,0.6313215444750218,0.6313215444750218,,,,1.0
26,water_gsolv_eV,16,0.9999999403953552,0.0,0.6313215444750218,0.6313215444750218,,,,1.0
26,water_gsolv_eV,17,0.9999999403953552,0.0,0.6313215444750218,0.6313215444750218,,,,1.0
26,water_gsolv_eV,18,0.9999999403953552,0.0,0.6313215444750218,0.6313215444750218,,,,1.0
26,water_gsolv_eV,19,0.9999999403953552,0.0,0.6313215444750218,0.6313215444750218,,,,1.0
26,water_gsolv_eV,20,0.9999999403953552,0.0,0.6313215444750218,0.6313215444750218,,,,1.0
26,water_gsolv_eV,21,0.9999999403953552,0.0,0.6313215444750218,0.6313215444750218,,,,1.0
26,water_gsolv_eV,22,0.9999999403953552,0.0,0.6313215444750218,0.6313215444750218,,,,1.0
26,water_gsolv_eV,23,0.9999999403953552,0.0,0.6313215444750218,0.6313215444750218,,,,1.0
26,water_gsolv_eV,24,0.9999999403953552,0.0,0.6313215444750218,0.6313215444750218,,,,1.0
26,water_gsolv_eV,25,0.9999999403953552,0.0,0.6313215444750218,0.6313215444750218,,,,1.0
26,water_gsolv_eV,26,0.9999999403953552,0.0,0.6313215444750218,0.6313215444750218,,,,1.0
26,water_gsolv_eV,27,0.9999999403953552,0.0,0.6313215444750218,0.6313215444750218,,,,1.0
26,water_gsolv_eV,28,0.9999999403953552,0.0,0.6313215444750218,0.6313215444750218,,,,1.0
26,water_gsolv_eV,29,0.9999999403953552,0.0,0.6313215444750218,0.6313215444750218,,,,1.0
26,water_gsolv_eV,30,0.9999999403953552,0.0,0.6313215444750218,0.6313215444750218,,,,1.0
26,water_gsolv_eV,31,0.9999999403953552,0.0,0.6313215444750218,0.6313215444750218,,,,1.0
26,water_gsolv_eV,32,0.9999999403953552,0.0,0.6313215444750218,0.6313215444750218,,,,1.0
26,water_gsolv_eV,33,0.9999999403953552,0.0,0.6313215444750218,0.6313215444750218,,,,1.0
26,water_gsolv_eV,34,0.9999999403953552,0.0,0.6313215444750218,0.6313215444750218,,,,1.0
26,water_gsolv_eV,35,0.9999999403953552,0.0,0.6313215444750218,0.6313215444750218,,,,1.0
26,water_gsolv_eV,36,0.9999999403953552,0.0,0.6313215444750218,0.6313215444750218,,,,1.0
26,water_gsolv_eV,37,0.9999999403953552,0.0,0.6313215444750218,0.6313215444750218,,,,1.0
26,water_gsolv_eV,38,0.9999999403953552,0.0,0.6313215444750218,0.6313215444750218,,,,1.0
26,water_gsolv_eV,39,0.9999999403953552,0.0,0.6313215444750218,0.6313215444750218,,,,1.0
26,water_gsolv_eV,40,0.9999999403953552,0.0,0.6313215444750218,0.6313215444750218,,,,1.0
26,water_gsolv_eV,41,0.9999999403953552,0.0,0.6313215444750218,0.6313215444750218,,,,1.0
26,water_gsolv_eV,42,0.9999999403953552,0.0,0.6313215444750218,0.6313215444750218,,,,1.0
26,water_gsolv_eV,43,0.9999999403953552,0.0,0.6313215444750218,0.6313215444750218,,,,1.0
26,water_gsolv_eV,44,0.9999999403953552,0.0,0.6313215444750218,0.6313215444750218,,,,1.0
26,water_gsolv_eV,45,0.9999999403953552,0.0,0.6313215444750218,0.6313215444750218,,,,1.0
26,water_gsolv_eV,46,0.9999999403953552,0.0,0.6313215444750218,0.6313215444750218,,,,1.0
26,water_gsolv_eV,47,0.9999999403953552,0.0,0.6313215444750218,0.6313215444750218,,,,1.0
26,water_gsolv_eV,48,0.9999999403953552,0.0,0.6313215444750218,0.6313215444750218,,,,1.0
26,water_gsolv_eV,49,0.9999999403953552,0.0,0.6313215444750218,0.6313215444750218,,,,1.0
26,water_gsolv_eV,50,0.9999999403953552,0.0,0.6313215444750218,0.6313215444750218,,,,1.0
26,water_gsolv_eV,51,0.9999999403953552,0.0,0.6313215444750218,0.6313215444750218,,,,1.0
26,water_gsolv_eV,52,0.9999999403953552,0.0,0.6313215444750218,0.6313215444750218,,,,1.0
26,water_gsolv_eV,53,0.9999999403953552,0.0,0.6313215444750218,0.6313215444750218,,,,1.0
26,water_gsolv_eV,54,0.9999999403953552,0.0,0.6313215444750218,0.6313215444750218,,,,1.0
26,water_gsolv_eV,55,0.9999999403953552,0.0,0.6313215444750218,0.6313215444750218,,,,1.0
26,water_gsolv_eV,56,0.9999999403953552,0.0,0.6313215444750218,0.6313215444750218,,,,1.0
26,water_gsolv_eV,57,0.9999999403953552,0.0,0.6313215444750218,0.6313215444750218,,,,1.0
26,water_gsolv_eV,58,0.9999999403953552,0.0,0.6313215444750218,0.6313215444750218,,,,1.0
26,water_gsolv_eV,59,0.9999999403953552,0.0,0.6313215444750218,0.6313215444750218,,,,1.0
26,water_gsolv_eV,60,0.9999999403953552,0.0,0.6313215444750218,0.6313215444750218,,,,1.0
26,water_gsolv_eV,61,0.9999999403953552,0.0,0.6313215444750218,0.6313215444750218,,,,1.0
26,water_gsolv_eV,62,0.9999999403953552,0.0,0.6313215444750218,0.6313215444750218,,,,1.0
26,water_gsolv_eV,63,0.9999999403953552,0.0,0.6313215444750218,0.6313215444750218,,,,1.0
26,water_gsolv_eV,64,0.9999999403953552,0.0,0.6313215444750218,0.6313215444750218,,,,1.0
26,water_gsolv_eV,65,0.9999999403953552,0.0,0.6313215444750218,0.6313215444750218,,,,1.0
26,water_gsolv_eV,66,0.9999999403953552,0.0,0.6313215444750218,0.6313215444750218,,,,1.0
26,water_gsolv_eV,67,0.9999999403953552,0.0,0.6313215444750218,0.6313215444750218,,,,1.0
26,water_gsolv_eV,68,0.9999999403953552,0.0,0.6313215444750218,0.6313215444750218,,,,1.0
26,water_gsolv_eV,69,0.9999999403953552,0.0,0.6313215444750218,0.6313215444750218,,,,1.0
26,water_gsolv_eV,70,0.9999999403953552,0.0,0.6313215444750218,0.6313215444750218,,,,1.0
26,water_gsolv_eV,71,0.9999999403953552,0.0,0.6313215444750218,0.6313215444750218,,,,1.0
26,water_gsolv_eV,72,0.9999999403953552,0.0,0.6313215444750218,0.6313215444750218,,,,1.0
26,water_gsolv_eV,73,0.9999999403953552,0.0,0.6313215444750218,0.6313215444750218,,,,1.0
26,water_gsolv_eV,74,0.9999999403953552,0.0,0.6313215444750218,0.6313215444750218,,,,1.0
26,water_gsolv_eV,75,0.9999999403953552,0.0,0.6313215444750218,0.6313215444750218,,,,1.0
26,water_gsolv_eV,76,0.9999999403953552,0.0,0.6313215444750218,0.6313215444750218,,,,1.0
26,water_gsolv_eV,77,0.9999999403953552,0.0,0.6313215444750218,0.6313215444750218,,,,1.0
26,water_gsolv_eV,78,0.9999999403953552,0.0,0.6313215444750218,0.6313215444750218,,,,1.0
26,water_gsolv_eV,79,0.9999999403953552,0.0,0.6313215444750218,0.6313215444750218,,,,1.0
26,water_gsolv_eV,80,0.9999999403953552,0.0,0.6313215444750218,0.6313215444750218,,,,1.0
26,water_gsolv_eV,81,0.9999999403953552,0.0,0.6313215444750218,0.6313215444750218,,,,1.0
26,water_gsolv_eV,82,0.9999999403953552,0.0,0.6313215444750218,0.6313215444750218,,,,1.0
26,water_gsolv_eV,83,0.9999999403953552,0.0,0.6313215444750218,0.6313215444750218,,,,1.0
26,water_gsolv_eV,84,0.9999999403953552,0.0,0.6313215444750218,0.6313215444750218,,,,1.0
26,water_gsolv_eV,85,0.9999999403953552,0.0,0.6313215444750218,0.6313215444750218,,,,1.0
26,water_gsolv_eV,86,0.9999999403953552,0.0,0.6313215444750218,0.6313215444750218,,,,1.0
26,water_gsolv_eV,87,0.9999999403953552,0.0,0.6313215444750218,0.6313215444750218,,,,1.0
26,water_gsolv_eV,88,0.9999999403953552,0.0,0.6313215444750218,0.6313215444750218,,,,1.0
26,water_gsolv_eV,89,0.9999999403953552,0.0,0.6313215444750218,0.6313215444750218,,,,1.0
26,water_gsolv_eV,90,0.9999999403953552,0.0,0.6313215444750218,0.6313215444750218,,,,1.0
26,water_gsolv_eV,91,0.9999999403953552,0.0,0.6313215444750218,0.6313215444750218,,,,1.0
26,water_gsolv_eV,92,0.9999999403953552,0.0,0.6313215444750218,0.6313215444750218,,,,1.0
26,water_gsolv_eV,93,0.9999999403953552,0.0,0.6313215444750218,0.6313215444750218,,,,1.0
26,water_gsolv_eV,94,0.9999999403953552,0.0,0.6313215444750218,0.6313215444750218,,,,1.0
26,water_gsolv_eV,95,0.9999999403953552,0.0,0.6313215444750218,0.6313215444750218,,,,1.0
26,water_gsolv_eV,96,0.9999999403953552,0.0,0.6313215444750218,0.6313215444750218,,,,1.0
26,water_gsolv_eV,97,0.9999999403953552,0.0,0.6313215444750218,0.6313215444750218,,,,1.0
26,water_gsolv_eV,98,0.9999999403953552,0.0,0.6313215444750218,0.6313215444750218,,,,1.0
26,water_gsolv_eV,99,0.9999999403953552,0.0,0.6313215444750218,0.6313215444750218,,,,1.0
26,water_gsolv_eV,100,0.9999999403953552,0.0,0.6313215444750218,0.6313215444750218,,,,1.0
26,water_gsolv_eV,101,0.9999999403953552,0.0,0.6313215444750218,0.6313215444750218,,,,1.0
26,water_gsolv_eV,102,0.9999999403953552,0.0,0.6313215444750218,0.6313215444750218,,,,1.0
26,water_gsolv_eV,103,0.9999999403953552,0.0,0.6313215444750218,0.6313215444750218,,,,1.0
26,water_gsolv_eV,104,0.9999999403953552,0.0,0.6313215444750218,0.6313215444750218,,,,1.0
26,water_gsolv_eV,105,0.9999999403953552,0.0,0.6313215444750218,0.6313215444750218,,,,1.0
26,water_gsolv_eV,106,0.9999999403953552,0.0,0.6313215444750218,0.6313215444750218,,,,1.0
26,water_gsolv_eV,107,0.9999999403953552,0.0,0.6313215444750218,0.6313215444750218,,,,1.0
26,water_gsolv_eV,108,0.9999999403953552,0.0,0.6313215444750218,0.6313215444750218,,,,1.0
26,water_gsolv_eV,109,0.9999999403953552,0.0,0.6313215444750218,0.6313215444750218,,,,1.0
26,water_gsolv_eV,110,0.9999999403953552,0.0,0.6313215444750218,0.6313215444750218,,,,1.0
26,water_gsolv_eV,111,0.9999999403953552,0.0,0.6313215444750218,0.6313215444750218,,,,1.0
26,water_gsolv_eV,112,0.9999999403953552,0.0,0.6313215444750218,0.6313215444750218,,,,1.0
26,water_gsolv_eV,113,0.9999999403953552,0.0,0.6313215444750218,0.6313215444750218,,,,1.0
26,water_gsolv_eV,114,0.9999999403953552,0.0,0.6313215444750218,0.6313215444750218,,,,1.0
26,water_gsolv_eV,115,0.9999999403953552,0.0,0.6313215444750218,0.6313215444750218,,,,1.0
26,water_gsolv_eV,116,0.9999999403953552,0.0,0.6313215444750218,0.6313215444750218,,,,1.0
26,water_gsolv_eV,117,0.9999999403953552,0.0,0.6313215444750218,0.6313215444750218,,,,1.0
26,water_gsolv_eV,118,0.9999999403953552,0.0,0.6313215444750218,0.6313215444750218,,,,1.0
26,water_gsolv_eV,119,0.9999999403953552,0.0,0.6313215444750218,0.6313215444750218,,,,1.0
26,water_gsolv_eV,120,0.9999999403953552,0.0,0.6313215444750218,0.6313215444750218,,,,1.0
26,water_gsolv_eV,121,0.9999999403953552,0.0,0.6313215444750218,0.6313215444750218,,,,1.0
26,water_gsolv_eV,122,0.9999999403953552,0.0,0.6313215444750218,0.6313215444750218,,,,1.0
26,water_gsolv_eV,123,0.9999999403953552,0.0,0.6313215444750218,0.6313215444750218,,,,1.0
26,water_gsolv_eV,124,0.9999999403953552,0.0,0.6313215444750218,0.6313215444750218,,,,1.0
26,water_gsolv_eV,125,0.9999999403953552,0.0,0.6313215444750218,0.6313215444750218,,,,1.0
26,water_gsolv_eV,126,0.9999999403953552,0.0,0.6313215444750218,0.6313215444750218,,,,1.0
26,water_gsolv_eV,127,0.9999999403953552,0.0,0.6313215444750218,0.6313215444750218,,,,1.0
26,water_gsolv_eV,128,0.9999999403953552,0.0,0.6313215444750218,0.6313215444750218,,,,1.0
26,water_gsolv_eV,129,0.9999999403953552,0.0,0.6313215444750218,0.6313215444750218,,,,1.0
26,water_gsolv_eV,130,0.9999999403953552,0.0,0.6313215444750218,0.6313215444750218,,,,1.0
26,water_gsolv_eV,131,0.9999999403953552,0.0,0.6313215444750218,0.6313215444750218,,,,1.0
26,water_gsolv_eV,132,0.9999999403953552,0.0,0.6313215444750218,0.6313215444750218,,,,1.0
26,water_gsolv_eV,133,0.9999999403953552,0.0,0.6313215444750218,0.6313215444750218,,,,1.0
26,water_gsolv_eV,134,0.9999999403953552,0.0,0.6313215444750218,0.6313215444750218,,,,1.0
26,water_gsolv_eV,135,0.9999999403953552,0.0,0.6313215444750218,0.6313215444750218,,,,1.0
26,water_gsolv_eV,136,0.9999999403953552,0.0,0.6313215444750218,0.6313215444750218,,,,1.0
26,water_gsolv_eV,137,0.9999999403953552,0.0,0.6313215444750218,0.6313215444750218,,,,1.0
26,water_gsolv_eV,138,0.9999999403953552,0.0,0.6313215444750218,0.6313215444750218,,,,1.0
26,water_gsolv_eV,139,0.9999999403953552,0.0,0.6313215444750218,0.6313215444750218,,,,1.0
26,water_gsolv_eV,140,0.9999999403953552,0.0,0.6313215444750218,0.6313215444750218,,,,1.0
26,water_gsolv_eV,141,0.9999999403953552,0.0,0.6313215444750218,0.6313215444750218,,,,1.0
26,water_gsolv_eV,142,0.9999999403953552,0.0,0.6313215444750218,0.6313215444750218,,,,1.0
26,water_gsolv_eV,143,0.9999999403953552,0.0,0.6313215444750218,0.6313215444750218,,,,1.0
26,water_gsolv_eV,144,0.9999999403953552,0.0,0.6313215444750218,0.6313215444750218,,,,1.0
26,water_gsolv_eV,145,0.9999999403953552,0.0,0.6313215444750218,0.6313215444750218,,,,1.0
26,water_gsolv_eV,146,0.9999999403953552,0.0,0.6313215444750218,0.6313215444750218,,,,1.0
26,water_gsolv_eV,147,0.9999999403953552,0.0,0.6313215444750218,0.6313215444750218,,,,1.0
26,water_gsolv_eV,148,0.9999999403953552,0.0,0.6313215444750218,0.6313215444750218,,,,1.0
26,water_gsolv_eV,149,0.9999999403953552,0.0,0.6313215444750218,0.6313215444750218,,,,1.0
26,water_gsolv_eV,150,0.9999999403953552,0.0,0.6313215444750218,0.6313215444750218,,,,1.0
26,water_gsolv_eV,151,0.9999999403953552,0.0,0.6313215444750218,0.6313215444750218,,,,1.0
26,water_gsolv_eV,152,0.9999999403953552,0.0,0.6313215444750218,0.6313215444750218,,,,1.0
26,water_gsolv_eV,153,0.9999999403953552,0.0,0.6313215444750218,0.6313215444750218,,,,1.0
26,water_gsolv_eV,154,0.9999999403953552,0.0,0.6313215444750218,0.6313215444750218,,,,1.0
26,water_gsolv_eV,155,0.9999999403953552,0.0,0.6313215444750218,0.6313215444750218,,,,1.0
26,water_gsolv_eV,156,0.9999999403953552,0.0,0.6313215444750218,0.6313215444750218,,,,1.0
26,water_gsolv_eV,157,0.9999999403953552,0.0,0.6313215444750218,0.6313215444750218,,,,1.0
26,water_gsolv_eV,158,0.9999999403953552,0.0,0.6313215444750218,0.6313215444750218,,,,1.0
26,water_gsolv_eV,159,0.9999999403953552,0.0,0.6313215444750218,0.6313215444750218,,,,1.0
26,water_gsolv_eV,160,0.9999999403953552,0.0,0.6313215444750218,0.6313215444750218,,,,1.0
26,water_gsolv_eV,161,0.9999999403953552,0.0,0.6313215444750218,0.6313215444750218,,,,1.0
26,water_gsolv_eV,162,0.9999999403953552,0.0,0.6313215444750218,0.6313215444750218,,,,1.0
26,water_gsolv_eV,163,0.9999999403953552,0.0,0.6313215444750218,0.6313215444750218,,,,1.0
26,water_gsolv_eV,164,0.9999999403953552,0.0,0.6313215444750218,0.6313215444750218,,,,1.0
26,water_gsolv_eV,165,0.9999999403953552,0.0,0.6313215444750218,0.6313215444750218,,,,1.0
26,water_gsolv_eV,166,0.9999999403953552,0.0,0.6313215444750218,0.6313215444750218,,,,1.0
26,water_gsolv_eV,167,0.9999999403953552,0.0,0.6313215444750218,0.6313215444750218,,,,1.0
26,water_gsolv_eV,168,0.9999999403953552,0.0,0.6313215444750218,0.6313215444750218,,,,1.0
26,water_gsolv_eV,169,0.9999999403953552,0.0,0.6313215444750218,0.6313215444750218,,,,1.0
26,water_gsolv_eV,170,0.9999999403953552,0.0,0.6313215444750218,0.6313215444750218,,,,1.0
26,water_gsolv_eV,171,0.9999999403953552,0.0,0.6313215444750218,0.6313215444750218,,,,1.0
26,water_gsolv_eV,172,0.9999999403953552,0.0,0.6313215444750218,0.6313215444750218,,,,1.0
26,water_gsolv_eV,173,0.9999999403953552,0.0,0.6313215444750218,0.6313215444750218,,,,1.0
26,water_gsolv_eV,174,0.9999999403953552,0.0,0.6313215444750218,0.6313215444750218,,,,1.0
26,water_gsolv_eV,175,0.9999999403953552,0.0,0.6313215444750218,0.6313215444750218,,,,1.0
26,water_gsolv_eV,176,0.9999999403953552,0.0,0.6313215444750218,0.6313215444750218,,,,1.0
26,water_gsolv_eV,177,0.9999999403953552,0.0,0.6313215444750218,0.6313215444750218,,,,1.0
26,water_gsolv_eV,178,0.9999999403953552,0.0,0.6313215444750218,0.6313215444750218,,,,1.0
26,water_gsolv_eV,179,0.9999999403953552,0.0,0.6313215444750218,0.6313215444750218,,,,1.0
26,water_gsolv_eV,180,0.9999999403953552,0.0,0.6313215444750218,0.6313215444750218,,,,1.0
26,water_gsolv_eV,181,0.9999999403953552,0.0,0.6313215444750218,0.6313215444750218,,,,1.0
26,water_gsolv_eV,182,0.9999999403953552,0.0,0.6313215444750218,0.6313215444750218,,,,1.0
26,water_gsolv_eV,183,0.9999999403953552,0.0,0.6313215444750218,0.6313215444750218,,,,1.0
26,water_gsolv_eV,184,0.9999999403953552,0.0,0.6313215444750218,0.6313215444750218,,,,1.0
26,water_gsolv_eV,185,0.9999999403953552,0.0,0.6313215444750218,0.6313215444750218,,,,1.0
26,water_gsolv_eV,186,0.9999999403953552,0.0,0.6313215444750218,0.6313215444750218,,,,1.0
26,water_gsolv_eV,187,0.9999999403953552,0.0,0.6313215444750218,0.6313215444750218,,,,1.0
26,water_gsolv_eV,188,0.9999999403953552,0.0,0.6313215444750218,0.6313215444750218,,,,1.0
26,water_gsolv_eV,189,0.9999999403953552,0.0,0.6313215444750218,0.6313215444750218,,,,1.0
26,water_gsolv_eV,190,0.9999999403953552,0.0,0.6313215444750218,0.6313215444750218,,,,1.0
26,water_gsolv_eV,191,0.9999999403953552,0.0,0.6313215444750218,0.6313215444750218,,,,1.0
26,water_gsolv_eV,192,0.9999999403953552,0.0,0.6313215444750218,0.6313215444750218,,,,1.0
26,water_gsolv_eV,193,0.9999999403953552,0.0,0.6313215444750218,0.6313215444750218,,,,1.0
26,water_gsolv_eV,194,0.9999999403953552,0.0,0.6313215444750218,0.6313215444750218,,,,1.0
26,water_gsolv_eV,195,0.9999999403953552,0.0,0.6313215444750218,0.6313215444750218,,,,1.0
26,water_gsolv_eV,196,0.9999999403953552,0.0,0.6313215444750218,0.6313215444750218,,,,1.0
26,water_gsolv_eV,197,0.9999999403953552,0.0,0.6313215444750218,0.6313215444750218,,,,1.0
26,water_gsolv_eV,198,0.9999999403953552,0.0,0.6313215444750218,0.6313215444750218,,,,1.0
26,water_gsolv_eV,199,0.9999999403953552,0.0,0.6313215444750218,0.6313215444750218,,,,1.0
26,water_gsolv_eV,200,0.9999999403953552,0.0,0.6313215444750218,0.6313215444750218,,,,1.0
26,water_gsolv_eV,201,0.9999999403953552,0.0,0.6313215444750218,0.6313215444750218,,,,1.0
26,water_gsolv_eV,202,0.9999999403953552,0.0,0.6313215444750218,0.6313215444750218,,,,1.0
26,water_gsolv_eV,203,0.9999999403953552,0.0,0.6313215444750218,0.6313215444750218,,,,1.0
26,water_gsolv_eV,204,0.9999999403953552,0.0,0.6313215444750218,0.6313215444750218,,,,1.0
26,water_gsolv_eV,205,0.9999999403953552,0.0,0.6313215444750218,0.6313215444750218,,,,1.0
26,water_gsolv_eV,206,0.9999999403953552,0.0,0.6313215444750218,0.6313215444750218,,,,1.0
26,water_gsolv_eV,207,0.9999999403953552,0.0,0.6313215444750218,0.6313215444750218,,,,1.0
26,water_gsolv_eV,208,0.9999999403953552,0.0,0.6313215444750218,0.6313215444750218,,,,1.0
26,water_gsolv_eV,209,0.9999999403953552,0.0,0.6313215444750218,0.6313215444750218,,,,1.0
26,water_gsolv_eV,210,0.9999999403953552,0.0,0.6313215444750218,0.6313215444750218,,,,1.0
26,water_gsolv_eV,211,0.9999999403953552,0.0,0.6313215444750218,0.6313215444750218,,,,1.0
26,water_gsolv_eV,212,0.9999999403953552,0.0,0.6313215444750218,0.6313215444750218,,,,1.0
26,water_gsolv_eV,213,0.9999999403953552,0.0,0.6313215444750218,0.6313215444750218,,,,1.0
26,water_gsolv_eV,214,0.9999999403953552,0.0,0.6313215444750218,0.6313215444750218,,,,1.0
26,water_gsolv_eV,215,0.9999999403953552,0.0,0.6313215444750218,0.6313215444750218,,,,1.0
26,water_gsolv_eV,216,0.9999999403953552,0.0,0.6313215444750218,0.6313215444750218,,,,1.0
26,water_gsolv_eV,217,0.9999999403953552,0.0,0.6313215444750218,0.6313215444750218,,,,1.0
26,water_gsolv_eV,218,0.9999999403953552,0.0,0.6313215444750218,0.6313215444750218,,,,1.0
26,water_gsolv_eV,219,0.9999999403953552,0.0,0.6313215444750218,0.6313215444750218,,,,1.0
26,water_gsolv_eV,220,0.9999999403953552,0.0,0.6313215444750218,0.6313215444750218,,,,1.0
26,water_gsolv_eV,221,0.9999999403953552,0.0,0.6313215444750218,0.6313215444750218,,,,1.0
26,water_gsolv_eV,222,0.9999999403953552,0.0,0.6313215444750218,0.6313215444750218,,,,1.0
26,water_gsolv_eV,223,0.9999999403953552,0.0,0.6313215444750218,0.6313215444750218,,,,1.0
26,water_gsolv_eV,224,0.9999999403953552,0.0,0.6313215444750218,0.6313215444750218,,,,1.0
26,water_gsolv_eV,225,0.9999999403953552,0.0,0.6313215444750218,0.6313215444750218,,,,1.0
26,water_gsolv_eV,226,0.9999999403953552,0.0,0.6313215444750218,0.6313215444750218,,,,1.0
26,water_gsolv_eV,227,0.9999999403953552,0.0,0.6313215444750218,0.6313215444750218,,,,1.0
26,water_gsolv_eV,228,0.9999999403953552,0.0,0.6313215444750218,0.6313215444750218,,,,1.0
26,water_gsolv_eV,229,0.9999999403953552,0.0,0.6313215444750218,0.6313215444750218,,,,1.0
26,water_gsolv_eV,230,0.9999999403953552,0.0,0.6313215444750218,0.6313215444750218,,,,1.0
26,water_gsolv_eV,231,0.9999999403953552,0.0,0.6313215444750218,0.6313215444750218,,,,1.0
26,water_gsolv_eV,232,0.9999999403953552,0.0,0.6313215444750218,0.6313215444750218,,,,1.0
26,water_gsolv_eV,233,0.9999999403953552,0.0,0.6313215444750218,0.6313215444750218,,,,1.0
26,water_gsolv_eV,234,0.9999999403953552,0.0,0.6313215444750218,0.6313215444750218,,,,1.0
26,water_gsolv_eV,235,0.9999999403953552,0.0,0.6313215444750218,0.6313215444750218,,,,1.0
26,water_gsolv_eV,236,0.9999999403953552,0.0,0.6313215444750218,0.6313215444750218,,,,1.0
26,water_gsolv_eV,237,0.9999999403953552,0.0,0.6313215444750218,0.6313215444750218,,,,1.0
26,water_gsolv_eV,238,0.9999999403953552,0.0,0.6313215444750218,0.6313215444750218,,,,1.0
26,water_gsolv_eV,239,0.9999999403953552,0.0,0.6313215444750218,0.6313215444750218,,,,1.0
26,water_gsolv_eV,240,0.9999999403953552,0.0,0.6313215444750218,0.6313215444750218,,,,1.0
26,water_gsolv_eV,241,0.9999999403953552,0.0,0.6313215444750218,0.6313215444750218,,,,1.0
26,water_gsolv_eV,242,0.9999999403953552,0.0,0.6313215444750218,0.6313215444750218,,,,1.0
26,water_gsolv_eV,243,0.9999999403953552,0.0,0.6313215444750218,0.6313215444750218,,,,1.0
26,water_gsolv_eV,244,0.9999999403953552,0.0,0.6313215444750218,0.6313215444750218,,,,1.0
26,water_gsolv_eV,245,0.9999999403953552,0.0,0.6313215444750218,0.6313215444750218,,,,1.0
26,water_gsolv_eV,246,0.9999999403953552,0.0,0.6313215444750218,0.6313215444750218,,,,1.0
26,water_gsolv_eV,247,0.9999999403953552,0.0,0.6313215444750218,0.6313215444750218,,,,1.0
26,water_gsolv_eV,248,0.9999999403953552,0.0,0.6313215444750218,0.6313215444750218,,,,1.0
26,water_gsolv_eV,249,0.9999999403953552,0.0,0.6313215444750218,0.6313215444750218,,,,1.0
26,water_hl_gap_eV,0,0.9999999403953552,0.0,0.7093296935285629,0.7093296935285629,,,,1.0
26,water_hl_gap_eV,1,0.9999999403953552,0.0,0.7093296935285629,0.7093296935285629,,,,1.0
26,water_hl_gap_eV,2,0.9999999403953552,0.0,0.7093296935285629,0.7093296935285629,,,,1.0
26,water_hl_gap_eV,3,0.9999999403953552,0.0,0.7093296935285629,0.7093296935285629,,,,1.0
26,water_hl_gap_eV,4,0.9999999403953552,0.0,0.7093296935285629,0.7093296935285629,,,,1.0
26,water_hl_gap_eV,5,0.9999999403953552,0.0,0.7093296935285629,0.7093296935285629,,,,1.0
26,water_hl_gap_eV,6,0.9999999403953552,0.0,0.7093296935285629,0.7093296935285629,,,,1.0
26,water_hl_gap_eV,7,0.9999999403953552,0.0,0.7093296935285629,0.7093296935285629,,,,1.0
26,water_hl_gap_eV,8,0.9999999403953552,0.0,0.7093296935285629,0.7093296935285629,,,,1.0
26,water_hl_gap_eV,9,0.9999999403953552,0.0,0.7093296935285629,0.7093296935285629,,,,1.0
26,water_hl_gap_eV,10,0.9999999403953552,0.0,0.7093296935285629,0.7093296935285629,,,,1.0
26,water_hl_gap_eV,11,0.9999999403953552,0.0,0.7093296935285629,0.7093296935285629,,,,1.0
26,water_hl_gap_eV,12,0.9999999403953552,0.0,0.7093296935285629,0.7093296935285629,,,,1.0
26,water_hl_gap_eV,13,0.9999999403953552,0.0,0.7093296935285629,0.7093296935285629,,,,1.0
26,water_hl_gap_eV,14,0.9999999403953552,0.0,0.7093296935285629,0.7093296935285629,,,,1.0
26,water_hl_gap_eV,15,0.9999999403953552,0.0,0.7093296935285629,0.7093296935285629,,,,1.0
26,water_hl_gap_eV,16,0.9999999403953552,0.0,0.7093296935285629,0.7093296935285629,,,,1.0
26,water_hl_gap_eV,17,0.9999999403953552,0.0,0.7093296935285629,0.7093296935285629,,,,1.0
26,water_hl_gap_eV,18,0.9999999403953552,0.0,0.7093296935285629,0.7093296935285629,,,,1.0
26,water_hl_gap_eV,19,0.9999999403953552,0.0,0.7093296935285629,0.7093296935285629,,,,1.0
26,water_hl_gap_eV,20,0.9999999403953552,0.0,0.7093296935285629,0.7093296935285629,,,,1.0
26,water_hl_gap_eV,21,0.9999999403953552,0.0,0.7093296935285629,0.7093296935285629,,,,1.0
26,water_hl_gap_eV,22,0.9999999403953552,0.0,0.7093296935285629,0.7093296935285629,,,,1.0
26,water_hl_gap_eV,23,0.9999999403953552,0.0,0.7093296935285629,0.7093296935285629,,,,1.0
26,water_hl_gap_eV,24,0.9999999403953552,0.0,0.7093296935285629,0.7093296935285629,,,,1.0
26,water_hl_gap_eV,25,0.9999999403953552,0.0,0.7093296935285629,0.7093296935285629,,,,1.0
26,water_hl_gap_eV,26,0.9999999403953552,0.0,0.7093296935285629,0.7093296935285629,,,,1.0
26,water_hl_gap_eV,27,0.9999999403953552,0.0,0.7093296935285629,0.7093296935285629,,,,1.0
26,water_hl_gap_eV,28,0.9999999403953552,0.0,0.7093296935285629,0.7093296935285629,,,,1.0
26,water_hl_gap_eV,29,0.9999999403953552,0.0,0.7093296935285629,0.7093296935285629,,,,1.0
26,water_hl_gap_eV,30,0.9999999403953552,0.0,0.7093296935285629,0.7093296935285629,,,,1.0
26,water_hl_gap_eV,31,0.9999999403953552,0.0,0.7093296935285629,0.7093296935285629,,,,1.0
26,water_hl_gap_eV,32,0.9999999403953552,0.0,0.7093296935285629,0.7093296935285629,,,,1.0
26,water_hl_gap_eV,33,0.9999999403953552,0.0,0.7093296935285629,0.7093296935285629,,,,1.0
26,water_hl_gap_eV,34,0.9999999403953552,0.0,0.7093296935285629,0.7093296935285629,,,,1.0
26,water_hl_gap_eV,35,0.9999999403953552,0.0,0.7093296935285629,0.7093296935285629,,,,1.0
26,water_hl_gap_eV,36,0.9999999403953552,0.0,0.7093296935285629,0.7093296935285629,,,,1.0
26,water_hl_gap_eV,37,0.9999999403953552,0.0,0.7093296935285629,0.7093296935285629,,,,1.0
26,water_hl_gap_eV,38,0.9999999403953552,0.0,0.7093296935285629,0.7093296935285629,,,,1.0
26,water_hl_gap_eV,39,0.9999999403953552,0.0,0.7093296935285629,0.7093296935285629,,,,1.0
26,water_hl_gap_eV,40,0.9999999403953552,0.0,0.7093296935285629,0.7093296935285629,,,,1.0
26,water_hl_gap_eV,41,0.9999999403953552,0.0,0.7093296935285629,0.7093296935285629,,,,1.0
26,water_hl_gap_eV,42,0.9999999403953552,0.0,0.7093296935285629,0.7093296935285629,,,,1.0
26,water_hl_gap_eV,43,0.9999999403953552,0.0,0.7093296935285629,0.7093296935285629,,,,1.0
26,water_hl_gap_eV,44,0.9999999403953552,0.0,0.7093296935285629,0.7093296935285629,,,,1.0
26,water_hl_gap_eV,45,0.9999999403953552,0.0,0.7093296935285629,0.7093296935285629,,,,1.0
26,water_hl_gap_eV,46,0.9999999403953552,0.0,0.7093296935285629,0.7093296935285629,,,,1.0
26,water_hl_gap_eV,47,0.9999999403953552,0.0,0.7093296935285629,0.7093296935285629,,,,1.0
26,water_hl_gap_eV,48,0.9999999403953552,0.0,0.7093296935285629,0.7093296935285629,,,,1.0
26,water_hl_gap_eV,49,0.9999999403953552,0.0,0.7093296935285629,0.7093296935285629,,,,1.0
26,water_hl_gap_eV,50,0.9999999403953552,0.0,0.7093296935285629,0.7093296935285629,,,,1.0
26,water_hl_gap_eV,51,0.9999999403953552,0.0,0.7093296935285629,0.7093296935285629,,,,1.0
26,water_hl_gap_eV,52,0.9999999403953552,0.0,0.7093296935285629,0.7093296935285629,,,,1.0
26,water_hl_gap_eV,53,0.9999999403953552,0.0,0.7093296935285629,0.7093296935285629,,,,1.0
26,water_hl_gap_eV,54,0.9999999403953552,0.0,0.7093296935285629,0.7093296935285629,,,,1.0
26,water_hl_gap_eV,55,0.9999999403953552,0.0,0.7093296935285629,0.7093296935285629,,,,1.0
26,water_hl_gap_eV,56,0.9999999403953552,0.0,0.7093296935285629,0.7093296935285629,,,,1.0
26,water_hl_gap_eV,57,0.9999999403953552,0.0,0.7093296935285629,0.7093296935285629,,,,1.0
26,water_hl_gap_eV,58,0.9999999403953552,0.0,0.7093296935285629,0.7093296935285629,,,,1.0
26,water_hl_gap_eV,59,0.9999999403953552,0.0,0.7093296935285629,0.7093296935285629,,,,1.0
26,water_hl_gap_eV,60,0.9999999403953552,0.0,0.7093296935285629,0.7093296935285629,,,,1.0
26,water_hl_gap_eV,61,0.9999999403953552,0.0,0.7093296935285629,0.7093296935285629,,,,1.0
26,water_hl_gap_eV,62,0.9999999403953552,0.0,0.7093296935285629,0.7093296935285629,,,,1.0
26,water_hl_gap_eV,63,0.9999999403953552,0.0,0.7093296935285629,0.7093296935285629,,,,1.0
26,water_hl_gap_eV,64,0.9999999403953552,0.0,0.7093296935285629,0.7093296935285629,,,,1.0
26,water_hl_gap_eV,65,0.9999999403953552,0.0,0.7093296935285629,0.7093296935285629,,,,1.0
26,water_hl_gap_eV,66,0.9999999403953552,0.0,0.7093296935285629,0.7093296935285629,,,,1.0
26,water_hl_gap_eV,67,0.9999999403953552,0.0,0.7093296935285629,0.7093296935285629,,,,1.0
26,water_hl_gap_eV,68,0.9999999403953552,0.0,0.7093296935285629,0.7093296935285629,,,,1.0
26,water_hl_gap_eV,69,0.9999999403953552,0.0,0.7093296935285629,0.7093296935285629,,,,1.0
26,water_hl_gap_eV,70,0.9999999403953552,0.0,0.7093296935285629,0.7093296935285629,,,,1.0
26,water_hl_gap_eV,71,0.9999999403953552,0.0,0.7093296935285629,0.7093296935285629,,,,1.0
26,water_hl_gap_eV,72,0.9999999403953552,0.0,0.7093296935285629,0.7093296935285629,,,,1.0
26,water_hl_gap_eV,73,0.9999999403953552,0.0,0.7093296935285629,0.7093296935285629,,,,1.0
26,water_hl_gap_eV,74,0.9999999403953552,0.0,0.7093296935285629,0.7093296935285629,,,,1.0
26,water_hl_gap_eV,75,0.9999999403953552,0.0,0.7093296935285629,0.7093296935285629,,,,1.0
26,water_hl_gap_eV,76,0.9999999403953552,0.0,0.7093296935285629,0.7093296935285629,,,,1.0
26,water_hl_gap_eV,77,0.9999999403953552,0.0,0.7093296935285629,0.7093296935285629,,,,1.0
26,water_hl_gap_eV,78,0.9999999403953552,0.0,0.7093296935285629,0.7093296935285629,,,,1.0
26,water_hl_gap_eV,79,0.9999999403953552,0.0,0.7093296935285629,0.7093296935285629,,,,1.0
26,water_hl_gap_eV,80,0.9999999403953552,0.0,0.7093296935285629,0.7093296935285629,,,,1.0
26,water_hl_gap_eV,81,0.9999999403953552,0.0,0.7093296935285629,0.7093296935285629,,,,1.0
26,water_hl_gap_eV,82,0.9999999403953552,0.0,0.7093296935285629,0.7093296935285629,,,,1.0
26,water_hl_gap_eV,83,0.9999999403953552,0.0,0.7093296935285629,0.7093296935285629,,,,1.0
26,water_hl_gap_eV,84,0.9999999403953552,0.0,0.7093296935285629,0.7093296935285629,,,,1.0
26,water_hl_gap_eV,85,0.9999999403953552,0.0,0.7093296935285629,0.7093296935285629,,,,1.0
26,water_hl_gap_eV,86,0.9999999403953552,0.0,0.7093296935285629,0.7093296935285629,,,,1.0
26,water_hl_gap_eV,87,0.9999999403953552,0.0,0.7093296935285629,0.7093296935285629,,,,1.0
26,water_hl_gap_eV,88,0.9999999403953552,0.0,0.7093296935285629,0.7093296935285629,,,,1.0
26,water_hl_gap_eV,89,0.9999999403953552,0.0,0.7093296935285629,0.7093296935285629,,,,1.0
26,water_hl_gap_eV,90,0.9999999403953552,0.0,0.7093296935285629,0.7093296935285629,,,,1.0
26,water_hl_gap_eV,91,0.9999999403953552,0.0,0.7093296935285629,0.7093296935285629,,,,1.0
26,water_hl_gap_eV,92,0.9999999403953552,0.0,0.7093296935285629,0.7093296935285629,,,,1.0
26,water_hl_gap_eV,93,0.9999999403953552,0.0,0.7093296935285629,0.7093296935285629,,,,1.0
26,water_hl_gap_eV,94,0.9999999403953552,0.0,0.7093296935285629,0.7093296935285629,,,,1.0
26,water_hl_gap_eV,95,0.9999999403953552,0.0,0.7093296935285629,0.7093296935285629,,,,1.0
26,water_hl_gap_eV,96,0.9999999403953552,0.0,0.7093296935285629,0.7093296935285629,,,,1.0
26,water_hl_gap_eV,97,0.9999999403953552,0.0,0.7093296935285629,0.7093296935285629,,,,1.0
26,water_hl_gap_eV,98,0.9999999403953552,0.0,0.7093296935285629,0.7093296935285629,,,,1.0
26,water_hl_gap_eV,99,0.9999999403953552,0.0,0.7093296935285629,0.7093296935285629,,,,1.0
26,water_hl_gap_eV,100,0.9999999403953552,0.0,0.7093296935285629,0.7093296935285629,,,,1.0
26,water_hl_gap_eV,101,0.9999999403953552,0.0,0.7093296935285629,0.7093296935285629,,,,1.0
26,water_hl_gap_eV,102,0.9999999403953552,0.0,0.7093296935285629,0.7093296935285629,,,,1.0
26,water_hl_gap_eV,103,0.9999999403953552,0.0,0.7093296935285629,0.7093296935285629,,,,1.0
26,water_hl_gap_eV,104,0.9999999403953552,0.0,0.7093296935285629,0.7093296935285629,,,,1.0
26,water_hl_gap_eV,105,0.9999999403953552,0.0,0.7093296935285629,0.7093296935285629,,,,1.0
26,water_hl_gap_eV,106,0.9999999403953552,0.0,0.7093296935285629,0.7093296935285629,,,,1.0
26,water_hl_gap_eV,107,0.9999999403953552,0.0,0.7093296935285629,0.7093296935285629,,,,1.0
26,water_hl_gap_eV,108,0.9999999403953552,0.0,0.7093296935285629,0.7093296935285629,,,,1.0
26,water_hl_gap_eV,109,0.9999999403953552,0.0,0.7093296935285629,0.7093296935285629,,,,1.0
26,water_hl_gap_eV,110,0.9999999403953552,0.0,0.7093296935285629,0.7093296935285629,,,,1.0
26,water_hl_gap_eV,111,0.9999999403953552,0.0,0.7093296935285629,0.7093296935285629,,,,1.0
26,water_hl_gap_eV,112,0.9999999403953552,0.0,0.7093296935285629,0.7093296935285629,,,,1.0
26,water_hl_gap_eV,113,0.9999999403953552,0.0,0.7093296935285629,0.7093296935285629,,,,1.0
26,water_hl_gap_eV,114,0.9999999403953552,0.0,0.7093296935285629,0.7093296935285629,,,,1.0
26,water_hl_gap_eV,115,0.9999999403953552,0.0,0.7093296935285629,0.7093296935285629,,,,1.0
26,water_hl_gap_eV,116,0.9999999403953552,0.0,0.7093296935285629,0.7093296935285629,,,,1.0
26,water_hl_gap_eV,117,0.9999999403953552,0.0,0.7093296935285629,0.7093296935285629,,,,1.0
26,water_hl_gap_eV,118,0.9999999403953552,0.0,0.7093296935285629,0.7093296935285629,,,,1.0
26,water_hl_gap_eV,119,0.9999999403953552,0.0,0.7093296935285629,0.7093296935285629,,,,1.0
26,water_hl_gap_eV,120,0.9999999403953552,0.0,0.7093296935285629,0.7093296935285629,,,,1.0
26,water_hl_gap_eV,121,0.9999999403953552,0.0,0.7093296935285629,0.7093296935285629,,,,1.0
26,water_hl_gap_eV,122,0.9999999403953552,0.0,0.7093296935285629,0.7093296935285629,,,,1.0
26,water_hl_gap_eV,123,0.9999999403953552,0.0,0.7093296935285629,0.7093296935285629,,,,1.0
26,water_hl_gap_eV,124,0.9999999403953552,0.0,0.7093296935285629,0.7093296935285629,,,,1.0
26,water_hl_gap_eV,125,0.9999999403953552,0.0,0.7093296935285629,0.7093296935285629,,,,1.0
26,water_hl_gap_eV,126,0.9999999403953552,0.0,0.7093296935285629,0.7093296935285629,,,,1.0
26,water_hl_gap_eV,127,0.9999999403953552,0.0,0.7093296935285629,0.7093296935285629,,,,1.0
26,water_hl_gap_eV,128,0.9999999403953552,0.0,0.7093296935285629,0.7093296935285629,,,,1.0
26,water_hl_gap_eV,129,0.9999999403953552,0.0,0.7093296935285629,0.7093296935285629,,,,1.0
26,water_hl_gap_eV,130,0.9999999403953552,0.0,0.7093296935285629,0.7093296935285629,,,,1.0
26,water_hl_gap_eV,131,0.9999999403953552,0.0,0.7093296935285629,0.7093296935285629,,,,1.0
26,water_hl_gap_eV,132,0.9999999403953552,0.0,0.7093296935285629,0.7093296935285629,,,,1.0
26,water_hl_gap_eV,133,0.9999999403953552,0.0,0.7093296935285629,0.7093296935285629,,,,1.0
26,water_hl_gap_eV,134,0.9999999403953552,0.0,0.7093296935285629,0.7093296935285629,,,,1.0
26,water_hl_gap_eV,135,0.9999999403953552,0.0,0.7093296935285629,0.7093296935285629,,,,1.0
26,water_hl_gap_eV,136,0.9999999403953552,0.0,0.7093296935285629,0.7093296935285629,,,,1.0
26,water_hl_gap_eV,137,0.9999999403953552,0.0,0.7093296935285629,0.7093296935285629,,,,1.0
26,water_hl_gap_eV,138,0.9999999403953552,0.0,0.7093296935285629,0.7093296935285629,,,,1.0
26,water_hl_gap_eV,139,0.9999999403953552,0.0,0.7093296935285629,0.7093296935285629,,,,1.0
26,water_hl_gap_eV,140,0.9999999403953552,0.0,0.7093296935285629,0.7093296935285629,,,,1.0
26,water_hl_gap_eV,141,0.9999999403953552,0.0,0.7093296935285629,0.7093296935285629,,,,1.0
26,water_hl_gap_eV,142,0.9999999403953552,0.0,0.7093296935285629,0.7093296935285629,,,,1.0
26,water_hl_gap_eV,143,0.9999999403953552,0.0,0.7093296935285629,0.7093296935285629,,,,1.0
26,water_hl_gap_eV,144,0.9999999403953552,0.0,0.7093296935285629,0.7093296935285629,,,,1.0
26,water_hl_gap_eV,145,0.9999999403953552,0.0,0.7093296935285629,0.7093296935285629,,,,1.0
26,water_hl_gap_eV,146,0.9999999403953552,0.0,0.7093296935285629,0.7093296935285629,,,,1.0
26,water_hl_gap_eV,147,0.9999999403953552,0.0,0.7093296935285629,0.7093296935285629,,,,1.0
26,water_hl_gap_eV,148,0.9999999403953552,0.0,0.7093296935285629,0.7093296935285629,,,,1.0
26,water_hl_gap_eV,149,0.9999999403953552,0.0,0.7093296935285629,0.7093296935285629,,,,1.0
26,water_hl_gap_eV,150,0.9999999403953552,0.0,0.7093296935285629,0.7093296935285629,,,,1.0
26,water_hl_gap_eV,151,0.9999999403953552,0.0,0.7093296935285629,0.7093296935285629,,,,1.0
26,water_hl_gap_eV,152,0.9999999403953552,0.0,0.7093296935285629,0.7093296935285629,,,,1.0
26,water_hl_gap_eV,153,0.9999999403953552,0.0,0.7093296935285629,0.7093296935285629,,,,1.0
26,water_hl_gap_eV,154,0.9999999403953552,0.0,0.7093296935285629,0.7093296935285629,,,,1.0
26,water_hl_gap_eV,155,0.9999999403953552,0.0,0.7093296935285629,0.7093296935285629,,,,1.0
26,water_hl_gap_eV,156,0.9999999403953552,0.0,0.7093296935285629,0.7093296935285629,,,,1.0
26,water_hl_gap_eV,157,0.9999999403953552,0.0,0.7093296935285629,0.7093296935285629,,,,1.0
26,water_hl_gap_eV,158,0.9999999403953552,0.0,0.7093296935285629,0.7093296935285629,,,,1.0
26,water_hl_gap_eV,159,0.9999999403953552,0.0,0.7093296935285629,0.7093296935285629,,,,1.0
26,water_hl_gap_eV,160,0.9999999403953552,0.0,0.7093296935285629,0.7093296935285629,,,,1.0
26,water_hl_gap_eV,161,0.9999999403953552,0.0,0.7093296935285629,0.7093296935285629,,,,1.0
26,water_hl_gap_eV,162,0.9999999403953552,0.0,0.7093296935285629,0.7093296935285629,,,,1.0
26,water_hl_gap_eV,163,0.9999999403953552,0.0,0.7093296935285629,0.7093296935285629,,,,1.0
26,water_hl_gap_eV,164,0.9999999403953552,0.0,0.7093296935285629,0.7093296935285629,,,,1.0
26,water_hl_gap_eV,165,0.9999999403953552,0.0,0.7093296935285629,0.7093296935285629,,,,1.0
26,water_hl_gap_eV,166,0.9999999403953552,0.0,0.7093296935285629,0.7093296935285629,,,,1.0
26,water_hl_gap_eV,167,0.9999999403953552,0.0,0.7093296935285629,0.7093296935285629,,,,1.0
26,water_hl_gap_eV,168,0.9999999403953552,0.0,0.7093296935285629,0.7093296935285629,,,,1.0
26,water_hl_gap_eV,169,0.9999999403953552,0.0,0.7093296935285629,0.7093296935285629,,,,1.0
26,water_hl_gap_eV,170,0.9999999403953552,0.0,0.7093296935285629,0.7093296935285629,,,,1.0
26,water_hl_gap_eV,171,0.9999999403953552,0.0,0.7093296935285629,0.7093296935285629,,,,1.0
26,water_hl_gap_eV,172,0.9999999403953552,0.0,0.7093296935285629,0.7093296935285629,,,,1.0
26,water_hl_gap_eV,173,0.9999999403953552,0.0,0.7093296935285629,0.7093296935285629,,,,1.0
26,water_hl_gap_eV,174,0.9999999403953552,0.0,0.7093296935285629,0.7093296935285629,,,,1.0
26,water_hl_gap_eV,175,0.9999999403953552,0.0,0.7093296935285629,0.7093296935285629,,,,1.0
26,water_hl_gap_eV,176,0.9999999403953552,0.0,0.7093296935285629,0.7093296935285629,,,,1.0
26,water_hl_gap_eV,177,0.9999999403953552,0.0,0.7093296935285629,0.7093296935285629,,,,1.0
26,water_hl_gap_eV,178,0.9999999403953552,0.0,0.7093296935285629,0.7093296935285629,,,,1.0
26,water_hl_gap_eV,179,0.9999999403953552,0.0,0.7093296935285629,0.7093296935285629,,,,1.0
26,water_hl_gap_eV,180,0.9999999403953552,0.0,0.7093296935285629,0.7093296935285629,,,,1.0
26,water_hl_gap_eV,181,0.9999999403953552,0.0,0.7093296935285629,0.7093296935285629,,,,1.0
26,water_hl_gap_eV,182,0.9999999403953552,0.0,0.7093296935285629,0.7093296935285629,,,,1.0
26,water_hl_gap_eV,183,0.9999999403953552,0.0,0.7093296935285629,0.7093296935285629,,,,1.0
26,water_hl_gap_eV,184,0.9999999403953552,0.0,0.7093296935285629,0.7093296935285629,,,,1.0
26,water_hl_gap_eV,185,0.9999999403953552,0.0,0.7093296935285629,0.7093296935285629,,,,1.0
26,water_hl_gap_eV,186,0.9999999403953552,0.0,0.7093296935285629,0.7093296935285629,,,,1.0
26,water_hl_gap_eV,187,0.9999999403953552,0.0,0.7093296935285629,0.7093296935285629,,,,1.0
26,water_hl_gap_eV,188,0.9999999403953552,0.0,0.7093296935285629,0.7093296935285629,,,,1.0
26,water_hl_gap_eV,189,0.9999999403953552,0.0,0.7093296935285629,0.7093296935285629,,,,1.0
26,water_hl_gap_eV,190,0.9999999403953552,0.0,0.7093296935285629,0.7093296935285629,,,,1.0
26,water_hl_gap_eV,191,0.9999999403953552,0.0,0.7093296935285629,0.7093296935285629,,,,1.0
26,water_hl_gap_eV,192,0.9999999403953552,0.0,0.7093296935285629,0.7093296935285629,,,,1.0
26,water_hl_gap_eV,193,0.9999999403953552,0.0,0.7093296935285629,0.7093296935285629,,,,1.0
26,water_hl_gap_eV,194,0.9999999403953552,0.0,0.7093296935285629,0.7093296935285629,,,,1.0
26,water_hl_gap_eV,195,0.9999999403953552,0.0,0.7093296935285629,0.7093296935285629,,,,1.0
26,water_hl_gap_eV,196,0.9999999403953552,0.0,0.7093296935285629,0.7093296935285629,,,,1.0
26,water_hl_gap_eV,197,0.9999999403953552,0.0,0.7093296935285629,0.7093296935285629,,,,1.0
26,water_hl_gap_eV,198,0.9999999403953552,0.0,0.7093296935285629,0.7093296935285629,,,,1.0
26,water_hl_gap_eV,199,0.9999999403953552,0.0,0.7093296935285629,0.7093296935285629,,,,1.0
26,water_hl_gap_eV,200,0.9999999403953552,0.0,0.7093296935285629,0.7093296935285629,,,,1.0
26,water_hl_gap_eV,201,0.9999999403953552,0.0,0.7093296935285629,0.7093296935285629,,,,1.0
26,water_hl_gap_eV,202,0.9999999403953552,0.0,0.7093296935285629,0.7093296935285629,,,,1.0
26,water_hl_gap_eV,203,0.9999999403953552,0.0,0.7093296935285629,0.7093296935285629,,,,1.0
26,water_hl_gap_eV,204,0.9999999403953552,0.0,0.7093296935285629,0.7093296935285629,,,,1.0
26,water_hl_gap_eV,205,0.9999999403953552,0.0,0.7093296935285629,0.7093296935285629,,,,1.0
26,water_hl_gap_eV,206,0.9999999403953552,0.0,0.7093296935285629,0.7093296935285629,,,,1.0
26,water_hl_gap_eV,207,0.9999999403953552,0.0,0.7093296935285629,0.7093296935285629,,,,1.0
26,water_hl_gap_eV,208,0.9999999403953552,0.0,0.7093296935285629,0.7093296935285629,,,,1.0
26,water_hl_gap_eV,209,0.9999999403953552,0.0,0.7093296935285629,0.7093296935285629,,,,1.0
26,water_hl_gap_eV,210,0.9999999403953552,0.0,0.7093296935285629,0.7093296935285629,,,,1.0
26,water_hl_gap_eV,211,0.9999999403953552,0.0,0.7093296935285629,0.7093296935285629,,,,1.0
26,water_hl_gap_eV,212,0.9999999403953552,0.0,0.7093296935285629,0.7093296935285629,,,,1.0
26,water_hl_gap_eV,213,0.9999999403953552,0.0,0.7093296935285629,0.7093296935285629,,,,1.0
26,water_hl_gap_eV,214,0.9999999403953552,0.0,0.7093296935285629,0.7093296935285629,,,,1.0
26,water_hl_gap_eV,215,0.9999999403953552,0.0,0.7093296935285629,0.7093296935285629,,,,1.0
26,water_hl_gap_eV,216,0.9999999403953552,0.0,0.7093296935285629,0.7093296935285629,,,,1.0
26,water_hl_gap_eV,217,0.9999999403953552,0.0,0.7093296935285629,0.7093296935285629,,,,1.0
26,water_hl_gap_eV,218,0.9999999403953552,0.0,0.7093296935285629,0.7093296935285629,,,,1.0
26,water_hl_gap_eV,219,0.9999999403953552,0.0,0.7093296935285629,0.7093296935285629,,,,1.0
26,water_hl_gap_eV,220,0.9999999403953552,0.0,0.7093296935285629,0.7093296935285629,,,,1.0
26,water_hl_gap_eV,221,0.9999999403953552,0.0,0.7093296935285629,0.7093296935285629,,,,1.0
26,water_hl_gap_eV,222,0.9999999403953552,0.0,0.7093296935285629,0.7093296935285629,,,,1.0
26,water_hl_gap_eV,223,0.9999999403953552,0.0,0.7093296935285629,0.7093296935285629,,,,1.0
26,water_hl_gap_eV,224,0.9999999403953552,0.0,0.7093296935285629,0.7093296935285629,,,,1.0
26,water_hl_gap_eV,225,0.9999999403953552,0.0,0.7093296935285629,0.7093296935285629,,,,1.0
26,water_hl_gap_eV,226,0.9999999403953552,0.0,0.7093296935285629,0.7093296935285629,,,,1.0
26,water_hl_gap_eV,227,0.9999999403953552,0.0,0.7093296935285629,0.7093296935285629,,,,1.0
26,water_hl_gap_eV,228,0.9999999403953552,0.0,0.7093296935285629,0.7093296935285629,,,,1.0
26,water_hl_gap_eV,229,0.9999999403953552,0.0,0.7093296935285629,0.7093296935285629,,,,1.0
26,water_hl_gap_eV,230,0.9999999403953552,0.0,0.7093296935285629,0.7093296935285629,,,,1.0
26,water_hl_gap_eV,231,0.9999999403953552,0.0,0.7093296935285629,0.7093296935285629,,,,1.0
26,water_hl_gap_eV,232,0.9999999403953552,0.0,0.7093296935285629,0.7093296935285629,,,,1.0
26,water_hl_gap_eV,233,0.9999999403953552,0.0,0.7093296935285629,0.7093296935285629,,,,1.0
26,water_hl_gap_eV,234,0.9999999403953552,0.0,0.7093296935285629,0.7093296935285629,,,,1.0
26,water_hl_gap_eV,235,0.9999999403953552,0.0,0.7093296935285629,0.7093296935285629,,,,1.0
26,water_hl_gap_eV,236,0.9999999403953552,0.0,0.7093296935285629,0.7093296935285629,,,,1.0
26,water_hl_gap_eV,237,0.9999999403953552,0.0,0.7093296935285629,0.7093296935285629,,,,1.0
26,water_hl_gap_eV,238,0.9999999403953552,0.0,0.7093296935285629,0.7093296935285629,,,,1.0
26,water_hl_gap_eV,239,0.9999999403953552,0.0,0.7093296935285629,0.7093296935285629,,,,1.0
26,water_hl_gap_eV,240,0.9999999403953552,0.0,0.7093296935285629,0.7093296935285629,,,,1.0
26,water_hl_gap_eV,241,0.9999999403953552,0.0,0.7093296935285629,0.7093296935285629,,,,1.0
26,water_hl_gap_eV,242,0.9999999403953552,0.0,0.7093296935285629,0.7093296935285629,,,,1.0
26,water_hl_gap_eV,243,0.9999999403953552,0.0,0.7093296935285629,0.7093296935285629,,,,1.0
26,water_hl_gap_eV,244,0.9999999403953552,0.0,0.7093296935285629,0.7093296935285629,,,,1.0
26,water_hl_gap_eV,245,0.9999999403953552,0.0,0.7093296935285629,0.7093296935285629,,,,1.0
26,water_hl_gap_eV,246,0.9999999403953552,0.0,0.7093296935285629,0.7093296935285629,,,,1.0
26,water_hl_gap_eV,247,0.9999999403953552,0.0,0.7093296935285629,0.7093296935285629,,,,1.0
26,water_hl_gap_eV,248,0.9999999403953552,0.0,0.7093296935285629,0.7093296935285629,,,,1.0
26,water_hl_gap_eV,249,0.9999999403953552,0.0,0.7093296935285629,0.7093296935285629,,,,1.0
26,water_dipole,0,1.0,0.0,0.606003589916708,0.606003589916708,,,,1.0
26,water_dipole,1,1.0,0.0,0.606003589916708,0.606003589916708,,,,1.0
26,water_dipole,2,1.0,0.0,0.606003589916708,0.606003589916708,,,,1.0
26,water_dipole,3,1.0,0.0,0.606003589916708,0.606003589916708,,,,1.0
26,water_dipole,4,1.0,0.0,0.606003589916708,0.606003589916708,,,,1.0
26,water_dipole,5,1.0,0.0,0.606003589916708,0.606003589916708,,,,1.0
26,water_dipole,6,1.0,0.0,0.606003589916708,0.606003589916708,,,,1.0
26,water_dipole,7,1.0,0.0,0.606003589916708,0.606003589916708,,,,1.0
26,water_dipole,8,1.0,0.0,0.606003589916708,0.606003589916708,,,,1.0
26,water_dipole,9,1.0,0.0,0.606003589916708,0.606003589916708,,,,1.0
26,water_dipole,10,1.0,0.0,0.606003589916708,0.606003589916708,,,,1.0
26,water_dipole,11,1.0,0.0,0.606003589916708,0.606003589916708,,,,1.0
26,water_dipole,12,1.0,0.0,0.606003589916708,0.606003589916708,,,,1.0
26,water_dipole,13,1.0,0.0,0.606003589916708,0.606003589916708,,,,1.0
26,water_dipole,14,1.0,0.0,0.606003589916708,0.606003589916708,,,,1.0
26,water_dipole,15,1.0,0.0,0.606003589916708,0.606003589916708,,,,1.0
26,water_dipole,16,1.0,0.0,0.606003589916708,0.606003589916708,,,,1.0
26,water_dipole,17,1.0,0.0,0.606003589916708,0.606003589916708,,,,1.0
26,water_dipole,18,1.0,0.0,0.606003589916708,0.606003589916708,,,,1.0
26,water_dipole,19,1.0,0.0,0.606003589916708,0.606003589916708,,,,1.0
26,water_dipole,20,1.0,0.0,0.606003589916708,0.606003589916708,,,,1.0
26,water_dipole,21,1.0,0.0,0.606003589916708,0.606003589916708,,,,1.0
26,water_dipole,22,1.0,0.0,0.606003589916708,0.606003589916708,,,,1.0
26,water_dipole,23,1.0,0.0,0.606003589916708,0.606003589916708,,,,1.0
26,water_dipole,24,1.0,0.0,0.606003589916708,0.606003589916708,,,,1.0
26,water_dipole,25,1.0,0.0,0.606003589916708,0.606003589916708,,,,1.0
26,water_dipole,26,1.0,0.0,0.606003589916708,0.606003589916708,,,,1.0
26,water_dipole,27,1.0,0.0,0.606003589916708,0.606003589916708,,,,1.0
26,water_dipole,28,1.0,0.0,0.606003589916708,0.606003589916708,,,,1.0
26,water_dipole,29,1.0,0.0,0.606003589916708,0.606003589916708,,,,1.0
26,water_dipole,30,1.0,0.0,0.606003589916708,0.606003589916708,,,,1.0
26,water_dipole,31,1.0,0.0,0.606003589916708,0.606003589916708,,,,1.0
26,water_dipole,32,1.0,0.0,0.606003589916708,0.606003589916708,,,,1.0
26,water_dipole,33,1.0,0.0,0.606003589916708,0.606003589916708,,,,1.0
26,water_dipole,34,1.0,0.0,0.606003589916708,0.606003589916708,,,,1.0
26,water_dipole,35,1.0,0.0,0.606003589916708,0.606003589916708,,,,1.0
26,water_dipole,36,1.0,0.0,0.606003589916708,0.606003589916708,,,,1.0
26,water_dipole,37,1.0,0.0,0.606003589916708,0.606003589916708,,,,1.0
26,water_dipole,38,1.0,0.0,0.606003589916708,0.606003589916708,,,,1.0
26,water_dipole,39,1.0,0.0,0.606003589916708,0.606003589916708,,,,1.0
26,water_dipole,40,1.0,0.0,0.606003589916708,0.606003589916708,,,,1.0
26,water_dipole,41,1.0,0.0,0.606003589916708,0.606003589916708,,,,1.0
26,water_dipole,42,1.0,0.0,0.606003589916708,0.606003589916708,,,,1.0
26,water_dipole,43,1.0,0.0,0.606003589916708,0.606003589916708,,,,1.0
26,water_dipole,44,1.0,0.0,0.606003589916708,0.606003589916708,,,,1.0
26,water_dipole,45,1.0,0.0,0.606003589916708,0.606003589916708,,,,1.0
26,water_dipole,46,1.0,0.0,0.606003589916708,0.606003589916708,,,,1.0
26,water_dipole,47,1.0,0.0,0.606003589916708,0.606003589916708,,,,1.0
26,water_dipole,48,1.0,0.0,0.606003589916708,0.606003589916708,,,,1.0
26,water_dipole,49,1.0,0.0,0.606003589916708,0.606003589916708,,,,1.0
26,water_dipole,50,1.0,0.0,0.606003589916708,0.606003589916708,,,,1.0
26,water_dipole,51,1.0,0.0,0.606003589916708,0.606003589916708,,,,1.0
26,water_dipole,52,1.0,0.0,0.606003589916708,0.606003589916708,,,,1.0
26,water_dipole,53,1.0,0.0,0.606003589916708,0.606003589916708,,,,1.0
26,water_dipole,54,1.0,0.0,0.606003589916708,0.606003589916708,,,,1.0
26,water_dipole,55,1.0,0.0,0.606003589916708,0.606003589916708,,,,1.0
26,water_dipole,56,1.0,0.0,0.606003589916708,0.606003589916708,,,,1.0
26,water_dipole,57,1.0,0.0,0.606003589916708,0.606003589916708,,,,1.0
26,water_dipole,58,1.0,0.0,0.606003589916708,0.606003589916708,,,,1.0
26,water_dipole,59,1.0,0.0,0.606003589916708,0.606003589916708,,,,1.0
26,water_dipole,60,1.0,0.0,0.606003589916708,0.606003589916708,,,,1.0
26,water_dipole,61,1.0,0.0,0.606003589916708,0.606003589916708,,,,1.0
26,water_dipole,62,1.0,0.0,0.606003589916708,0.606003589916708,,,,1.0
26,water_dipole,63,1.0,0.0,0.606003589916708,0.606003589916708,,,,1.0
26,water_dipole,64,1.0,0.0,0.606003589916708,0.606003589916708,,,,1.0
26,water_dipole,65,1.0,0.0,0.606003589916708,0.606003589916708,,,,1.0
26,water_dipole,66,1.0,0.0,0.606003589916708,0.606003589916708,,,,1.0
26,water_dipole,67,1.0,0.0,0.606003589916708,0.606003589916708,,,,1.0
26,water_dipole,68,1.0,0.0,0.606003589916708,0.606003589916708,,,,1.0
26,water_dipole,69,1.0,0.0,0.606003589916708,0.606003589916708,,,,1.0
26,water_dipole,70,1.0,0.0,0.606003589916708,0.606003589916708,,,,1.0
26,water_dipole,71,1.0,0.0,0.606003589916708,0.606003589916708,,,,1.0
26,water_dipole,72,1.0,0.0,0.606003589916708,0.606003589916708,,,,1.0
26,water_dipole,73,1.0,0.0,0.606003589916708,0.606003589916708,,,,1.0
26,water_dipole,74,1.0,0.0,0.606003589916708,0.606003589916708,,,,1.0
26,water_dipole,75,1.0,0.0,0.606003589916708,0.606003589916708,,,,1.0
26,water_dipole,76,1.0,0.0,0.606003589916708,0.606003589916708,,,,1.0
26,water_dipole,77,1.0,0.0,0.606003589916708,0.606003589916708,,,,1.0
26,water_dipole,78,1.0,0.0,0.606003589916708,0.606003589916708,,,,1.0
26,water_dipole,79,1.0,0.0,0.606003589916708,0.606003589916708,,,,1.0
26,water_dipole,80,1.0,0.0,0.606003589916708,0.606003589916708,,,,1.0
26,water_dipole,81,1.0,0.0,0.606003589916708,0.606003589916708,,,,1.0
26,water_dipole,82,1.0,0.0,0.606003589916708,0.606003589916708,,,,1.0
26,water_dipole,83,1.0,0.0,0.606003589916708,0.606003589916708,,,,1.0
26,water_dipole,84,1.0,0.0,0.606003589916708,0.606003589916708,,,,1.0
26,water_dipole,85,1.0,0.0,0.606003589916708,0.606003589916708,,,,1.0
26,water_dipole,86,1.0,0.0,0.606003589916708,0.606003589916708,,,,1.0
26,water_dipole,87,1.0,0.0,0.606003589916708,0.606003589916708,,,,1.0
26,water_dipole,88,1.0,0.0,0.606003589916708,0.606003589916708,,,,1.0
26,water_dipole,89,1.0,0.0,0.606003589916708,0.606003589916708,,,,1.0
26,water_dipole,90,1.0,0.0,0.606003589916708,0.606003589916708,,,,1.0
26,water_dipole,91,1.0,0.0,0.606003589916708,0.606003589916708,,,,1.0
26,water_dipole,92,1.0,0.0,0.606003589916708,0.606003589916708,,,,1.0
26,water_dipole,93,1.0,0.0,0.606003589916708,0.606003589916708,,,,1.0
26,water_dipole,94,1.0,0.0,0.606003589916708,0.606003589916708,,,,1.0
26,water_dipole,95,1.0,0.0,0.606003589916708,0.606003589916708,,,,1.0
26,water_dipole,96,1.0,0.0,0.606003589916708,0.606003589916708,,,,1.0
26,water_dipole,97,1.0,0.0,0.606003589916708,0.606003589916708,,,,1.0
26,water_dipole,98,1.0,0.0,0.606003589916708,0.606003589916708,,,,1.0
26,water_dipole,99,1.0,0.0,0.606003589916708,0.606003589916708,,,,1.0
26,water_dipole,100,1.0,0.0,0.606003589916708,0.606003589916708,,,,1.0
26,water_dipole,101,1.0,0.0,0.606003589916708,0.606003589916708,,,,1.0
26,water_dipole,102,1.0,0.0,0.606003589916708,0.606003589916708,,,,1.0
26,water_dipole,103,1.0,0.0,0.606003589916708,0.606003589916708,,,,1.0
26,water_dipole,104,1.0,0.0,0.606003589916708,0.606003589916708,,,,1.0
26,water_dipole,105,1.0,0.0,0.606003589916708,0.606003589916708,,,,1.0
26,water_dipole,106,1.0,0.0,0.606003589916708,0.606003589916708,,,,1.0
26,water_dipole,107,1.0,0.0,0.606003589916708,0.606003589916708,,,,1.0
26,water_dipole,108,1.0,0.0,0.606003589916708,0.606003589916708,,,,1.0
26,water_dipole,109,1.0,0.0,0.606003589916708,0.606003589916708,,,,1.0
26,water_dipole,110,1.0,0.0,0.606003589916708,0.606003589916708,,,,1.0
26,water_dipole,111,1.0,0.0,0.606003589916708,0.606003589916708,,,,1.0
26,water_dipole,112,1.0,0.0,0.606003589916708,0.606003589916708,,,,1.0
26,water_dipole,113,1.0,0.0,0.606003589916708,0.606003589916708,,,,1.0
26,water_dipole,114,1.0,0.0,0.606003589916708,0.606003589916708,,,,1.0
26,water_dipole,115,1.0,0.0,0.606003589916708,0.606003589916708,,,,1.0
26,water_dipole,116,1.0,0.0,0.606003589916708,0.606003589916708,,,,1.0
26,water_dipole,117,1.0,0.0,0.606003589916708,0.606003589916708,,,,1.0
26,water_dipole,118,1.0,0.0,0.606003589916708,0.606003589916708,,,,1.0
26,water_dipole,119,1.0,0.0,0.606003589916708,0.606003589916708,,,,1.0
26,water_dipole,120,1.0,0.0,0.606003589916708,0.606003589916708,,,,1.0
26,water_dipole,121,1.0,0.0,0.606003589916708,0.606003589916708,,,,1.0
26,water_dipole,122,1.0,0.0,0.606003589916708,0.606003589916708,,,,1.0
26,water_dipole,123,1.0,0.0,0.606003589916708,0.606003589916708,,,,1.0
26,water_dipole,124,1.0,0.0,0.606003589916708,0.606003589916708,,,,1.0
26,water_dipole,125,1.0,0.0,0.606003589916708,0.606003589916708,,,,1.0
26,water_dipole,126,1.0,0.0,0.606003589916708,0.606003589916708,,,,1.0
26,water_dipole,127,1.0,0.0,0.606003589916708,0.606003589916708,,,,1.0
26,water_dipole,128,1.0,0.0,0.606003589916708,0.606003589916708,,,,1.0
26,water_dipole,129,1.0,0.0,0.606003589916708,0.606003589916708,,,,1.0
26,water_dipole,130,1.0,0.0,0.606003589916708,0.606003589916708,,,,1.0
26,water_dipole,131,1.0,0.0,0.606003589916708,0.606003589916708,,,,1.0
26,water_dipole,132,1.0,0.0,0.606003589916708,0.606003589916708,,,,1.0
26,water_dipole,133,1.0,0.0,0.606003589916708,0.606003589916708,,,,1.0
26,water_dipole,134,1.0,0.0,0.606003589916708,0.606003589916708,,,,1.0
26,water_dipole,135,1.0,0.0,0.606003589916708,0.606003589916708,,,,1.0
26,water_dipole,136,1.0,0.0,0.606003589916708,0.606003589916708,,,,1.0
26,water_dipole,137,1.0,0.0,0.606003589916708,0.606003589916708,,,,1.0
26,water_dipole,138,1.0,0.0,0.606003589916708,0.606003589916708,,,,1.0
26,water_dipole,139,1.0,0.0,0.606003589916708,0.606003589916708,,,,1.0
26,water_dipole,140,1.0,0.0,0.606003589916708,0.606003589916708,,,,1.0
26,water_dipole,141,1.0,0.0,0.606003589916708,0.606003589916708,,,,1.0
26,water_dipole,142,1.0,0.0,0.606003589916708,0.606003589916708,,,,1.0
26,water_dipole,143,1.0,0.0,0.606003589916708,0.606003589916708,,,,1.0
26,water_dipole,144,1.0,0.0,0.606003589916708,0.606003589916708,,,,1.0
26,water_dipole,145,1.0,0.0,0.606003589916708,0.606003589916708,,,,1.0
26,water_dipole,146,1.0,0.0,0.606003589916708,0.606003589916708,,,,1.0
26,water_dipole,147,1.0,0.0,0.606003589916708,0.606003589916708,,,,1.0
26,water_dipole,148,1.0,0.0,0.606003589916708,0.606003589916708,,,,1.0
26,water_dipole,149,1.0,0.0,0.606003589916708,0.606003589916708,,,,1.0
26,water_dipole,150,1.0,0.0,0.606003589916708,0.606003589916708,,,,1.0
26,water_dipole,151,1.0,0.0,0.606003589916708,0.606003589916708,,,,1.0
26,water_dipole,152,1.0,0.0,0.606003589916708,0.606003589916708,,,,1.0
26,water_dipole,153,1.0,0.0,0.606003589916708,0.606003589916708,,,,1.0
26,water_dipole,154,1.0,0.0,0.606003589916708,0.606003589916708,,,,1.0
26,water_dipole,155,1.0,0.0,0.606003589916708,0.606003589916708,,,,1.0
26,water_dipole,156,1.0,0.0,0.606003589916708,0.606003589916708,,,,1.0
26,water_dipole,157,1.0,0.0,0.606003589916708,0.606003589916708,,,,1.0
26,water_dipole,158,1.0,0.0,0.606003589916708,0.606003589916708,,,,1.0
26,water_dipole,159,1.0,0.0,0.606003589916708,0.606003589916708,,,,1.0
26,water_dipole,160,1.0,0.0,0.606003589916708,0.606003589916708,,,,1.0
26,water_dipole,161,1.0,0.0,0.606003589916708,0.606003589916708,,,,1.0
26,water_dipole,162,1.0,0.0,0.606003589916708,0.606003589916708,,,,1.0
26,water_dipole,163,1.0,0.0,0.606003589916708,0.606003589916708,,,,1.0
26,water_dipole,164,1.0,0.0,0.606003589916708,0.606003589916708,,,,1.0
26,water_dipole,165,1.0,0.0,0.606003589916708,0.606003589916708,,,,1.0
26,water_dipole,166,1.0,0.0,0.606003589916708,0.606003589916708,,,,1.0
26,water_dipole,167,1.0,0.0,0.606003589916708,0.606003589916708,,,,1.0
26,water_dipole,168,1.0,0.0,0.606003589916708,0.606003589916708,,,,1.0
26,water_dipole,169,1.0,0.0,0.606003589916708,0.606003589916708,,,,1.0
26,water_dipole,170,1.0,0.0,0.606003589916708,0.606003589916708,,,,1.0
26,water_dipole,171,1.0,0.0,0.606003589916708,0.606003589916708,,,,1.0
26,water_dipole,172,1.0,0.0,0.606003589916708,0.606003589916708,,,,1.0
26,water_dipole,173,1.0,0.0,0.606003589916708,0.606003589916708,,,,1.0
26,water_dipole,174,1.0,0.0,0.606003589916708,0.606003589916708,,,,1.0
26,water_dipole,175,1.0,0.0,0.606003589916708,0.606003589916708,,,,1.0
26,water_dipole,176,1.0,0.0,0.606003589916708,0.606003589916708,,,,1.0
26,water_dipole,177,1.0,0.0,0.606003589916708,0.606003589916708,,,,1.0
26,water_dipole,178,1.0,0.0,0.606003589916708,0.606003589916708,,,,1.0
26,water_dipole,179,1.0,0.0,0.606003589916708,0.606003589916708,,,,1.0
26,water_dipole,180,1.0,0.0,0.606003589916708,0.606003589916708,,,,1.0
26,water_dipole,181,1.0,0.0,0.606003589916708,0.606003589916708,,,,1.0
26,water_dipole,182,1.0,0.0,0.606003589916708,0.606003589916708,,,,1.0
26,water_dipole,183,1.0,0.0,0.606003589916708,0.606003589916708,,,,1.0
26,water_dipole,184,1.0,0.0,0.606003589916708,0.606003589916708,,,,1.0
26,water_dipole,185,1.0,0.0,0.606003589916708,0.606003589916708,,,,1.0
26,water_dipole,186,1.0,0.0,0.606003589916708,0.606003589916708,,,,1.0
26,water_dipole,187,1.0,0.0,0.606003589916708,0.606003589916708,,,,1.0
26,water_dipole,188,1.0,0.0,0.606003589916708,0.606003589916708,,,,1.0
26,water_dipole,189,1.0,0.0,0.606003589916708,0.606003589916708,,,,1.0
26,water_dipole,190,1.0,0.0,0.606003589916708,0.606003589916708,,,,1.0
26,water_dipole,191,1.0,0.0,0.606003589916708,0.606003589916708,,,,1.0
26,water_dipole,192,1.0,0.0,0.606003589916708,0.606003589916708,,,,1.0
26,water_dipole,193,1.0,0.0,0.606003589916708,0.606003589916708,,,,1.0
26,water_dipole,194,1.0,0.0,0.606003589916708,0.606003589916708,,,,1.0
26,water_dipole,195,1.0,0.0,0.606003589916708,0.606003589916708,,,,1.0
26,water_dipole,196,1.0,0.0,0.606003589916708,0.606003589916708,,,,1.0
26,water_dipole,197,1.0,0.0,0.606003589916708,0.606003589916708,,,,1.0
26,water_dipole,198,1.0,0.0,0.606003589916708,0.606003589916708,,,,1.0
26,water_dipole,199,1.0,0.0,0.606003589916708,0.606003589916708,,,,1.0
26,water_dipole,200,1.0,0.0,0.606003589916708,0.606003589916708,,,,1.0
26,water_dipole,201,1.0,0.0,0.606003589916708,0.606003589916708,,,,1.0
26,water_dipole,202,1.0,0.0,0.606003589916708,0.606003589916708,,,,1.0
26,water_dipole,203,1.0,0.0,0.606003589916708,0.606003589916708,,,,1.0
26,water_dipole,204,1.0,0.0,0.606003589916708,0.606003589916708,,,,1.0
26,water_dipole,205,1.0,0.0,0.606003589916708,0.606003589916708,,,,1.0
26,water_dipole,206,1.0,0.0,0.606003589916708,0.606003589916708,,,,1.0
26,water_dipole,207,1.0,0.0,0.606003589916708,0.606003589916708,,,,1.0
26,water_dipole,208,1.0,0.0,0.606003589916708,0.606003589916708,,,,1.0
26,water_dipole,209,1.0,0.0,0.606003589916708,0.606003589916708,,,,1.0
26,water_dipole,210,1.0,0.0,0.606003589916708,0.606003589916708,,,,1.0
26,water_dipole,211,1.0,0.0,0.606003589916708,0.606003589916708,,,,1.0
26,water_dipole,212,1.0,0.0,0.606003589916708,0.606003589916708,,,,1.0
26,water_dipole,213,1.0,0.0,0.606003589916708,0.606003589916708,,,,1.0
26,water_dipole,214,1.0,0.0,0.606003589916708,0.606003589916708,,,,1.0
26,water_dipole,215,1.0,0.0,0.606003589916708,0.606003589916708,,,,1.0
26,water_dipole,216,1.0,0.0,0.606003589916708,0.606003589916708,,,,1.0
26,water_dipole,217,1.0,0.0,0.606003589916708,0.606003589916708,,,,1.0
26,water_dipole,218,1.0,0.0,0.606003589916708,0.606003589916708,,,,1.0
26,water_dipole,219,1.0,0.0,0.606003589916708,0.606003589916708,,,,1.0
26,water_dipole,220,1.0,0.0,0.606003589916708,0.606003589916708,,,,1.0
26,water_dipole,221,1.0,0.0,0.606003589916708,0.606003589916708,,,,1.0
26,water_dipole,222,1.0,0.0,0.606003589916708,0.606003589916708,,,,1.0
26,water_dipole,223,1.0,0.0,0.606003589916708,0.606003589916708,,,,1.0
26,water_dipole,224,1.0,0.0,0.606003589916708,0.606003589916708,,,,1.0
26,water_dipole,225,1.0,0.0,0.606003589916708,0.606003589916708,,,,1.0
26,water_dipole,226,1.0,0.0,0.606003589916708,0.606003589916708,,,,1.0
26,water_dipole,227,1.0,0.0,0.606003589916708,0.606003589916708,,,,1.0
26,water_dipole,228,1.0,0.0,0.606003589916708,0.606003589916708,,,,1.0
26,water_dipole,229,1.0,0.0,0.606003589916708,0.606003589916708,,,,1.0
26,water_dipole,230,1.0,0.0,0.606003589916708,0.606003589916708,,,,1.0
26,water_dipole,231,1.0,0.0,0.606003589916708,0.606003589916708,,,,1.0
26,water_dipole,232,1.0,0.0,0.606003589916708,0.606003589916708,,,,1.0
26,water_dipole,233,1.0,0.0,0.606003589916708,0.606003589916708,,,,1.0
26,water_dipole,234,1.0,0.0,0.606003589916708,0.606003589916708,,,,1.0
26,water_dipole,235,1.0,0.0,0.606003589916708,0.606003589916708,,,,1.0
26,water_dipole,236,1.0,0.0,0.606003589916708,0.606003589916708,,,,1.0
26,water_dipole,237,1.0,0.0,0.606003589916708,0.606003589916708,,,,1.0
26,water_dipole,238,1.0,0.0,0.606003589916708,0.606003589916708,,,,1.0
26,water_dipole,239,1.0,0.0,0.606003589916708,0.606003589916708,,,,1.0
26,water_dipole,240,1.0,0.0,0.606003589916708,0.606003589916708,,,,1.0
26,water_dipole,241,1.0,0.0,0.606003589916708,0.606003589916708,,,,1.0
26,water_dipole,242,1.0,0.0,0.606003589916708,0.606003589916708,,,,1.0
26,water_dipole,243,1.0,0.0,0.606003589916708,0.606003589916708,,,,1.0
26,water_dipole,244,1.0,0.0,0.606003589916708,0.606003589916708,,,,1.0
26,water_dipole,245,1.0,0.0,0.606003589916708,0.606003589916708,,,,1.0
26,water_dipole,246,1.0,0.0,0.606003589916708,0.606003589916708,,,,1.0
26,water_dipole,247,1.0,0.0,0.606003589916708,0.606003589916708,,,,1.0
26,water_dipole,248,1.0,0.0,0.606003589916708,0.606003589916708,,,,1.0
26,water_dipole,249,1.0,0.0,0.606003589916708,0.606003589916708,,,,1.0
26,acetone_gsolv_eV,0,1.0,0.0,0.630675484722435,0.630675484722435,,,,1.0
26,acetone_gsolv_eV,1,1.0,0.0,0.630675484722435,0.630675484722435,,,,1.0
26,acetone_gsolv_eV,2,1.0,0.0,0.630675484722435,0.630675484722435,,,,1.0
26,acetone_gsolv_eV,3,1.0,0.0,0.630675484722435,0.630675484722435,,,,1.0
26,acetone_gsolv_eV,4,1.0,0.0,0.630675484722435,0.630675484722435,,,,1.0
26,acetone_gsolv_eV,5,1.0,0.0,0.630675484722435,0.630675484722435,,,,1.0
26,acetone_gsolv_eV,6,1.0,0.0,0.630675484722435,0.630675484722435,,,,1.0
26,acetone_gsolv_eV,7,1.0,0.0,0.630675484722435,0.630675484722435,,,,1.0
26,acetone_gsolv_eV,8,1.0,0.0,0.630675484722435,0.630675484722435,,,,1.0
26,acetone_gsolv_eV,9,1.0,0.0,0.630675484722435,0.630675484722435,,,,1.0
26,acetone_gsolv_eV,10,1.0,0.0,0.630675484722435,0.630675484722435,,,,1.0
26,acetone_gsolv_eV,11,1.0,0.0,0.630675484722435,0.630675484722435,,,,1.0
26,acetone_gsolv_eV,12,1.0,0.0,0.630675484722435,0.630675484722435,,,,1.0
26,acetone_gsolv_eV,13,1.0,0.0,0.630675484722435,0.630675484722435,,,,1.0
26,acetone_gsolv_eV,14,1.0,0.0,0.630675484722435,0.630675484722435,,,,1.0
26,acetone_gsolv_eV,15,1.0,0.0,0.630675484722435,0.630675484722435,,,,1.0
26,acetone_gsolv_eV,16,1.0,0.0,0.630675484722435,0.630675484722435,,,,1.0
26,acetone_gsolv_eV,17,1.0,0.0,0.630675484722435,0.630675484722435,,,,1.0
26,acetone_gsolv_eV,18,1.0,0.0,0.630675484722435,0.630675484722435,,,,1.0
26,acetone_gsolv_eV,19,1.0,0.0,0.630675484722435,0.630675484722435,,,,1.0
26,acetone_gsolv_eV,20,1.0,0.0,0.630675484722435,0.630675484722435,,,,1.0
26,acetone_gsolv_eV,21,1.0,0.0,0.630675484722435,0.630675484722435,,,,1.0
26,acetone_gsolv_eV,22,1.0,0.0,0.630675484722435,0.630675484722435,,,,1.0
26,acetone_gsolv_eV,23,1.0,0.0,0.630675484722435,0.630675484722435,,,,1.0
26,acetone_gsolv_eV,24,1.0,0.0,0.630675484722435,0.630675484722435,,,,1.0
26,acetone_gsolv_eV,25,1.0,0.0,0.630675484722435,0.630675484722435,,,,1.0
26,acetone_gsolv_eV,26,1.0,0.0,0.630675484722435,0.630675484722435,,,,1.0
26,acetone_gsolv_eV,27,1.0,0.0,0.630675484722435,0.630675484722435,,,,1.0
26,acetone_gsolv_eV,28,1.0,0.0,0.630675484722435,0.630675484722435,,,,1.0
26,acetone_gsolv_eV,29,1.0,0.0,0.630675484722435,0.630675484722435,,,,1.0
26,acetone_gsolv_eV,30,1.0,0.0,0.630675484722435,0.630675484722435,,,,1.0
26,acetone_gsolv_eV,31,1.0,0.0,0.630675484722435,0.630675484722435,,,,1.0
26,acetone_gsolv_eV,32,1.0,0.0,0.630675484722435,0.630675484722435,,,,1.0
26,acetone_gsolv_eV,33,1.0,0.0,0.630675484722435,0.630675484722435,,,,1.0
26,acetone_gsolv_eV,34,1.0,0.0,0.630675484722435,0.630675484722435,,,,1.0
26,acetone_gsolv_eV,35,1.0,0.0,0.630675484722435,0.630675484722435,,,,1.0
26,acetone_gsolv_eV,36,1.0,0.0,0.630675484722435,0.630675484722435,,,,1.0
26,acetone_gsolv_eV,37,1.0,0.0,0.630675484722435,0.630675484722435,,,,1.0
26,acetone_gsolv_eV,38,1.0,0.0,0.630675484722435,0.630675484722435,,,,1.0
26,acetone_gsolv_eV,39,1.0,0.0,0.630675484722435,0.630675484722435,,,,1.0
26,acetone_gsolv_eV,40,1.0,0.0,0.630675484722435,0.630675484722435,,,,1.0
26,acetone_gsolv_eV,41,1.0,0.0,0.630675484722435,0.630675484722435,,,,1.0
26,acetone_gsolv_eV,42,1.0,0.0,0.630675484722435,0.630675484722435,,,,1.0
26,acetone_gsolv_eV,43,1.0,0.0,0.630675484722435,0.630675484722435,,,,1.0
26,acetone_gsolv_eV,44,1.0,0.0,0.630675484722435,0.630675484722435,,,,1.0
26,acetone_gsolv_eV,45,1.0,0.0,0.630675484722435,0.630675484722435,,,,1.0
26,acetone_gsolv_eV,46,1.0,0.0,0.630675484722435,0.630675484722435,,,,1.0
26,acetone_gsolv_eV,47,1.0,0.0,0.630675484722435,0.630675484722435,,,,1.0
26,acetone_gsolv_eV,48,1.0,0.0,0.630675484722435,0.630675484722435,,,,1.0
26,acetone_gsolv_eV,49,1.0,0.0,0.630675484722435,0.630675484722435,,,,1.0
26,acetone_gsolv_eV,50,1.0,0.0,0.630675484722435,0.630675484722435,,,,1.0
26,acetone_gsolv_eV,51,1.0,0.0,0.630675484722435,0.630675484722435,,,,1.0
26,acetone_gsolv_eV,52,1.0,0.0,0.630675484722435,0.630675484722435,,,,1.0
26,acetone_gsolv_eV,53,1.0,0.0,0.630675484722435,0.630675484722435,,,,1.0
26,acetone_gsolv_eV,54,1.0,0.0,0.630675484722435,0.630675484722435,,,,1.0
26,acetone_gsolv_eV,55,1.0,0.0,0.630675484722435,0.630675484722435,,,,1.0
26,acetone_gsolv_eV,56,1.0,0.0,0.630675484722435,0.630675484722435,,,,1.0
26,acetone_gsolv_eV,57,1.0,0.0,0.630675484722435,0.630675484722435,,,,1.0
26,acetone_gsolv_eV,58,1.0,0.0,0.630675484722435,0.630675484722435,,,,1.0
26,acetone_gsolv_eV,59,1.0,0.0,0.630675484722435,0.630675484722435,,,,1.0
26,acetone_gsolv_eV,60,1.0,0.0,0.630675484722435,0.630675484722435,,,,1.0
26,acetone_gsolv_eV,61,1.0,0.0,0.630675484722435,0.630675484722435,,,,1.0
26,acetone_gsolv_eV,62,1.0,0.0,0.630675484722435,0.630675484722435,,,,1.0
26,acetone_gsolv_eV,63,1.0,0.0,0.630675484722435,0.630675484722435,,,,1.0
26,acetone_gsolv_eV,64,1.0,0.0,0.630675484722435,0.630675484722435,,,,1.0
26,acetone_gsolv_eV,65,1.0,0.0,0.630675484722435,0.630675484722435,,,,1.0
26,acetone_gsolv_eV,66,1.0,0.0,0.630675484722435,0.630675484722435,,,,1.0
26,acetone_gsolv_eV,67,1.0,0.0,0.630675484722435,0.630675484722435,,,,1.0
26,acetone_gsolv_eV,68,1.0,0.0,0.630675484722435,0.630675484722435,,,,1.0
26,acetone_gsolv_eV,69,1.0,0.0,0.630675484722435,0.630675484722435,,,,1.0
26,acetone_gsolv_eV,70,1.0,0.0,0.630675484722435,0.630675484722435,,,,1.0
26,acetone_gsolv_eV,71,1.0,0.0,0.630675484722435,0.630675484722435,,,,1.0
26,acetone_gsolv_eV,72,1.0,0.0,0.630675484722435,0.630675484722435,,,,1.0
26,acetone_gsolv_eV,73,1.0,0.0,0.630675484722435,0.630675484722435,,,,1.0
26,acetone_gsolv_eV,74,1.0,0.0,0.630675484722435,0.630675484722435,,,,1.0
26,acetone_gsolv_eV,75,1.0,0.0,0.630675484722435,0.630675484722435,,,,1.0
26,acetone_gsolv_eV,76,1.0,0.0,0.630675484722435,0.630675484722435,,,,1.0
26,acetone_gsolv_eV,77,1.0,0.0,0.630675484722435,0.630675484722435,,,,1.0
26,acetone_gsolv_eV,78,1.0,0.0,0.630675484722435,0.630675484722435,,,,1.0
26,acetone_gsolv_eV,79,1.0,0.0,0.630675484722435,0.630675484722435,,,,1.0
26,acetone_gsolv_eV,80,1.0,0.0,0.630675484722435,0.630675484722435,,,,1.0
26,acetone_gsolv_eV,81,1.0,0.0,0.630675484722435,0.630675484722435,,,,1.0
26,acetone_gsolv_eV,82,1.0,0.0,0.630675484722435,0.630675484722435,,,,1.0
26,acetone_gsolv_eV,83,1.0,0.0,0.630675484722435,0.630675484722435,,,,1.0
26,acetone_gsolv_eV,84,1.0,0.0,0.630675484722435,0.630675484722435,,,,1.0
26,acetone_gsolv_eV,85,1.0,0.0,0.630675484722435,0.630675484722435,,,,1.0
26,acetone_gsolv_eV,86,1.0,0.0,0.630675484722435,0.630675484722435,,,,1.0
26,acetone_gsolv_eV,87,1.0,0.0,0.630675484722435,0.630675484722435,,,,1.0
26,acetone_gsolv_eV,88,1.0,0.0,0.630675484722435,0.630675484722435,,,,1.0
26,acetone_gsolv_eV,89,1.0,0.0,0.630675484722435,0.630675484722435,,,,1.0
26,acetone_gsolv_eV,90,1.0,0.0,0.630675484722435,0.630675484722435,,,,1.0
26,acetone_gsolv_eV,91,1.0,0.0,0.630675484722435,0.630675484722435,,,,1.0
26,acetone_gsolv_eV,92,1.0,0.0,0.630675484722435,0.630675484722435,,,,1.0
26,acetone_gsolv_eV,93,1.0,0.0,0.630675484722435,0.630675484722435,,,,1.0
26,acetone_gsolv_eV,94,1.0,0.0,0.630675484722435,0.630675484722435,,,,1.0
26,acetone_gsolv_eV,95,1.0,0.0,0.630675484722435,0.630675484722435,,,,1.0
26,acetone_gsolv_eV,96,1.0,0.0,0.630675484722435,0.630675484722435,,,,1.0
26,acetone_gsolv_eV,97,1.0,0.0,0.630675484722435,0.630675484722435,,,,1.0
26,acetone_gsolv_eV,98,1.0,0.0,0.630675484722435,0.630675484722435,,,,1.0
26,acetone_gsolv_eV,99,1.0,0.0,0.630675484722435,0.630675484722435,,,,1.0
26,acetone_gsolv_eV,100,1.0,0.0,0.630675484722435,0.630675484722435,,,,1.0
26,acetone_gsolv_eV,101,1.0,0.0,0.630675484722435,0.630675484722435,,,,1.0
26,acetone_gsolv_eV,102,1.0,0.0,0.630675484722435,0.630675484722435,,,,1.0
26,acetone_gsolv_eV,103,1.0,0.0,0.630675484722435,0.630675484722435,,,,1.0
26,acetone_gsolv_eV,104,1.0,0.0,0.630675484722435,0.630675484722435,,,,1.0
26,acetone_gsolv_eV,105,1.0,0.0,0.630675484722435,0.630675484722435,,,,1.0
26,acetone_gsolv_eV,106,1.0,0.0,0.630675484722435,0.630675484722435,,,,1.0
26,acetone_gsolv_eV,107,1.0,0.0,0.630675484722435,0.630675484722435,,,,1.0
26,acetone_gsolv_eV,108,1.0,0.0,0.630675484722435,0.630675484722435,,,,1.0
26,acetone_gsolv_eV,109,1.0,0.0,0.630675484722435,0.630675484722435,,,,1.0
26,acetone_gsolv_eV,110,1.0,0.0,0.630675484722435,0.630675484722435,,,,1.0
26,acetone_gsolv_eV,111,1.0,0.0,0.630675484722435,0.630675484722435,,,,1.0
26,acetone_gsolv_eV,112,1.0,0.0,0.630675484722435,0.630675484722435,,,,1.0
26,acetone_gsolv_eV,113,1.0,0.0,0.630675484722435,0.630675484722435,,,,1.0
26,acetone_gsolv_eV,114,1.0,0.0,0.630675484722435,0.630675484722435,,,,1.0
26,acetone_gsolv_eV,115,1.0,0.0,0.630675484722435,0.630675484722435,,,,1.0
26,acetone_gsolv_eV,116,1.0,0.0,0.630675484722435,0.630675484722435,,,,1.0
26,acetone_gsolv_eV,117,1.0,0.0,0.630675484722435,0.630675484722435,,,,1.0
26,acetone_gsolv_eV,118,1.0,0.0,0.630675484722435,0.630675484722435,,,,1.0
26,acetone_gsolv_eV,119,1.0,0.0,0.630675484722435,0.630675484722435,,,,1.0
26,acetone_gsolv_eV,120,1.0,0.0,0.630675484722435,0.630675484722435,,,,1.0
26,acetone_gsolv_eV,121,1.0,0.0,0.630675484722435,0.630675484722435,,,,1.0
26,acetone_gsolv_eV,122,1.0,0.0,0.630675484722435,0.630675484722435,,,,1.0
26,acetone_gsolv_eV,123,1.0,0.0,0.630675484722435,0.630675484722435,,,,1.0
26,acetone_gsolv_eV,124,1.0,0.0,0.630675484722435,0.630675484722435,,,,1.0
26,acetone_gsolv_eV,125,1.0,0.0,0.630675484722435,0.630675484722435,,,,1.0
26,acetone_gsolv_eV,126,1.0,0.0,0.630675484722435,0.630675484722435,,,,1.0
26,acetone_gsolv_eV,127,1.0,0.0,0.630675484722435,0.630675484722435,,,,1.0
26,acetone_gsolv_eV,128,1.0,0.0,0.630675484722435,0.630675484722435,,,,1.0
26,acetone_gsolv_eV,129,1.0,0.0,0.630675484722435,0.630675484722435,,,,1.0
26,acetone_gsolv_eV,130,1.0,0.0,0.630675484722435,0.630675484722435,,,,1.0
26,acetone_gsolv_eV,131,1.0,0.0,0.630675484722435,0.630675484722435,,,,1.0
26,acetone_gsolv_eV,132,1.0,0.0,0.630675484722435,0.630675484722435,,,,1.0
26,acetone_gsolv_eV,133,1.0,0.0,0.630675484722435,0.630675484722435,,,,1.0
26,acetone_gsolv_eV,134,1.0,0.0,0.630675484722435,0.630675484722435,,,,1.0
26,acetone_gsolv_eV,135,1.0,0.0,0.630675484722435,0.630675484722435,,,,1.0
26,acetone_gsolv_eV,136,1.0,0.0,0.630675484722435,0.630675484722435,,,,1.0
26,acetone_gsolv_eV,137,1.0,0.0,0.630675484722435,0.630675484722435,,,,1.0
26,acetone_gsolv_eV,138,1.0,0.0,0.630675484722435,0.630675484722435,,,,1.0
26,acetone_gsolv_eV,139,1.0,0.0,0.630675484722435,0.630675484722435,,,,1.0
26,acetone_gsolv_eV,140,1.0,0.0,0.630675484722435,0.630675484722435,,,,1.0
26,acetone_gsolv_eV,141,1.0,0.0,0.630675484722435,0.630675484722435,,,,1.0
26,acetone_gsolv_eV,142,1.0,0.0,0.630675484722435,0.630675484722435,,,,1.0
26,acetone_gsolv_eV,143,1.0,0.0,0.630675484722435,0.630675484722435,,,,1.0
26,acetone_gsolv_eV,144,1.0,0.0,0.630675484722435,0.630675484722435,,,,1.0
26,acetone_gsolv_eV,145,1.0,0.0,0.630675484722435,0.630675484722435,,,,1.0
26,acetone_gsolv_eV,146,1.0,0.0,0.630675484722435,0.630675484722435,,,,1.0
26,acetone_gsolv_eV,147,1.0,0.0,0.630675484722435,0.630675484722435,,,,1.0
26,acetone_gsolv_eV,148,1.0,0.0,0.630675484722435,0.630675484722435,,,,1.0
26,acetone_gsolv_eV,149,1.0,0.0,0.630675484722435,0.630675484722435,,,,1.0
26,acetone_gsolv_eV,150,1.0,0.0,0.630675484722435,0.630675484722435,,,,1.0
26,acetone_gsolv_eV,151,1.0,0.0,0.630675484722435,0.630675484722435,,,,1.0
26,acetone_gsolv_eV,152,1.0,0.0,0.630675484722435,0.630675484722435,,,,1.0
26,acetone_gsolv_eV,153,1.0,0.0,0.630675484722435,0.630675484722435,,,,1.0
26,acetone_gsolv_eV,154,1.0,0.0,0.630675484722435,0.630675484722435,,,,1.0
26,acetone_gsolv_eV,155,1.0,0.0,0.630675484722435,0.630675484722435,,,,1.0
26,acetone_gsolv_eV,156,1.0,0.0,0.630675484722435,0.630675484722435,,,,1.0
26,acetone_gsolv_eV,157,1.0,0.0,0.630675484722435,0.630675484722435,,,,1.0
26,acetone_gsolv_eV,158,1.0,0.0,0.630675484722435,0.630675484722435,,,,1.0
26,acetone_gsolv_eV,159,1.0,0.0,0.630675484722435,0.630675484722435,,,,1.0
26,acetone_gsolv_eV,160,1.0,0.0,0.630675484722435,0.630675484722435,,,,1.0
26,acetone_gsolv_eV,161,1.0,0.0,0.630675484722435,0.630675484722435,,,,1.0
26,acetone_gsolv_eV,162,1.0,0.0,0.630675484722435,0.630675484722435,,,,1.0
26,acetone_gsolv_eV,163,1.0,0.0,0.630675484722435,0.630675484722435,,,,1.0
26,acetone_gsolv_eV,164,1.0,0.0,0.630675484722435,0.630675484722435,,,,1.0
26,acetone_gsolv_eV,165,1.0,0.0,0.630675484722435,0.630675484722435,,,,1.0
26,acetone_gsolv_eV,166,1.0,0.0,0.630675484722435,0.630675484722435,,,,1.0
26,acetone_gsolv_eV,167,1.0,0.0,0.630675484722435,0.630675484722435,,,,1.0
26,acetone_gsolv_eV,168,1.0,0.0,0.630675484722435,0.630675484722435,,,,1.0
26,acetone_gsolv_eV,169,1.0,0.0,0.630675484722435,0.630675484722435,,,,1.0
26,acetone_gsolv_eV,170,1.0,0.0,0.630675484722435,0.630675484722435,,,,1.0
26,acetone_gsolv_eV,171,1.0,0.0,0.630675484722435,0.630675484722435,,,,1.0
26,acetone_gsolv_eV,172,1.0,0.0,0.630675484722435,0.630675484722435,,,,1.0
26,acetone_gsolv_eV,173,1.0,0.0,0.630675484722435,0.630675484722435,,,,1.0
26,acetone_gsolv_eV,174,1.0,0.0,0.630675484722435,0.630675484722435,,,,1.0
26,acetone_gsolv_eV,175,1.0,0.0,0.630675484722435,0.630675484722435,,,,1.0
26,acetone_gsolv_eV,176,1.0,0.0,0.630675484722435,0.630675484722435,,,,1.0
26,acetone_gsolv_eV,177,1.0,0.0,0.630675484722435,0.630675484722435,,,,1.0
26,acetone_gsolv_eV,178,1.0,0.0,0.630675484722435,0.630675484722435,,,,1.0
26,acetone_gsolv_eV,179,1.0,0.0,0.630675484722435,0.630675484722435,,,,1.0
26,acetone_gsolv_eV,180,1.0,0.0,0.630675484722435,0.630675484722435,,,,1.0
26,acetone_gsolv_eV,181,1.0,0.0,0.630675484722435,0.630675484722435,,,,1.0
26,acetone_gsolv_eV,182,1.0,0.0,0.630675484722435,0.630675484722435,,,,1.0
26,acetone_gsolv_eV,183,1.0,0.0,0.630675484722435,0.630675484722435,,,,1.0
26,acetone_gsolv_eV,184,1.0,0.0,0.630675484722435,0.630675484722435,,,,1.0
26,acetone_gsolv_eV,185,1.0,0.0,0.630675484722435,0.630675484722435,,,,1.0
26,acetone_gsolv_eV,186,1.0,0.0,0.630675484722435,0.630675484722435,,,,1.0
26,acetone_gsolv_eV,187,1.0,0.0,0.630675484722435,0.630675484722435,,,,1.0
26,acetone_gsolv_eV,188,1.0,0.0,0.630675484722435,0.630675484722435,,,,1.0
26,acetone_gsolv_eV,189,1.0,0.0,0.630675484722435,0.630675484722435,,,,1.0
26,acetone_gsolv_eV,190,1.0,0.0,0.630675484722435,0.630675484722435,,,,1.0
26,acetone_gsolv_eV,191,1.0,0.0,0.630675484722435,0.630675484722435,,,,1.0
26,acetone_gsolv_eV,192,1.0,0.0,0.630675484722435,0.630675484722435,,,,1.0
26,acetone_gsolv_eV,193,1.0,0.0,0.630675484722435,0.630675484722435,,,,1.0
26,acetone_gsolv_eV,194,1.0,0.0,0.630675484722435,0.630675484722435,,,,1.0
26,acetone_gsolv_eV,195,1.0,0.0,0.630675484722435,0.630675484722435,,,,1.0
26,acetone_gsolv_eV,196,1.0,0.0,0.630675484722435,0.630675484722435,,,,1.0
26,acetone_gsolv_eV,197,1.0,0.0,0.630675484722435,0.630675484722435,,,,1.0
26,acetone_gsolv_eV,198,1.0,0.0,0.630675484722435,0.630675484722435,,,,1.0
26,acetone_gsolv_eV,199,1.0,0.0,0.630675484722435,0.630675484722435,,,,1.0
26,acetone_gsolv_eV,200,1.0,0.0,0.630675484722435,0.630675484722435,,,,1.0
26,acetone_gsolv_eV,201,1.0,0.0,0.630675484722435,0.630675484722435,,,,1.0
26,acetone_gsolv_eV,202,1.0,0.0,0.630675484722435,0.630675484722435,,,,1.0
26,acetone_gsolv_eV,203,1.0,0.0,0.630675484722435,0.630675484722435,,,,1.0
26,acetone_gsolv_eV,204,1.0,0.0,0.630675484722435,0.630675484722435,,,,1.0
26,acetone_gsolv_eV,205,1.0,0.0,0.630675484722435,0.630675484722435,,,,1.0
26,acetone_gsolv_eV,206,1.0,0.0,0.630675484722435,0.630675484722435,,,,1.0
26,acetone_gsolv_eV,207,1.0,0.0,0.630675484722435,0.630675484722435,,,,1.0
26,acetone_gsolv_eV,208,1.0,0.0,0.630675484722435,0.630675484722435,,,,1.0
26,acetone_gsolv_eV,209,1.0,0.0,0.630675484722435,0.630675484722435,,,,1.0
26,acetone_gsolv_eV,210,1.0,0.0,0.630675484722435,0.630675484722435,,,,1.0
26,acetone_gsolv_eV,211,1.0,0.0,0.630675484722435,0.630675484722435,,,,1.0
26,acetone_gsolv_eV,212,1.0,0.0,0.630675484722435,0.630675484722435,,,,1.0
26,acetone_gsolv_eV,213,1.0,0.0,0.630675484722435,0.630675484722435,,,,1.0
26,acetone_gsolv_eV,214,1.0,0.0,0.630675484722435,0.630675484722435,,,,1.0
26,acetone_gsolv_eV,215,1.0,0.0,0.630675484722435,0.630675484722435,,,,1.0
26,acetone_gsolv_eV,216,1.0,0.0,0.630675484722435,0.630675484722435,,,,1.0
26,acetone_gsolv_eV,217,1.0,0.0,0.630675484722435,0.630675484722435,,,,1.0
26,acetone_gsolv_eV,218,1.0,0.0,0.630675484722435,0.630675484722435,,,,1.0
26,acetone_gsolv_eV,219,1.0,0.0,0.630675484722435,0.630675484722435,,,,1.0
26,acetone_gsolv_eV,220,1.0,0.0,0.630675484722435,0.630675484722435,,,,1.0
26,acetone_gsolv_eV,221,1.0,0.0,0.630675484722435,0.630675484722435,,,,1.0
26,acetone_gsolv_eV,222,1.0,0.0,0.630675484722435,0.630675484722435,,,,1.0
26,acetone_gsolv_eV,223,1.0,0.0,0.630675484722435,0.630675484722435,,,,1.0
26,acetone_gsolv_eV,224,1.0,0.0,0.630675484722435,0.630675484722435,,,,1.0
26,acetone_gsolv_eV,225,1.0,0.0,0.630675484722435,0.630675484722435,,,,1.0
26,acetone_gsolv_eV,226,1.0,0.0,0.630675484722435,0.630675484722435,,,,1.0
26,acetone_gsolv_eV,227,1.0,0.0,0.630675484722435,0.630675484722435,,,,1.0
26,acetone_gsolv_eV,228,1.0,0.0,0.630675484722435,0.630675484722435,,,,1.0
26,acetone_gsolv_eV,229,1.0,0.0,0.630675484722435,0.630675484722435,,,,1.0
26,acetone_gsolv_eV,230,1.0,0.0,0.630675484722435,0.630675484722435,,,,1.0
26,acetone_gsolv_eV,231,1.0,0.0,0.630675484722435,0.630675484722435,,,,1.0
26,acetone_gsolv_eV,232,1.0,0.0,0.630675484722435,0.630675484722435,,,,1.0
26,acetone_gsolv_eV,233,1.0,0.0,0.630675484722435,0.630675484722435,,,,1.0
26,acetone_gsolv_eV,234,1.0,0.0,0.630675484722435,0.630675484722435,,,,1.0
26,acetone_gsolv_eV,235,1.0,0.0,0.630675484722435,0.630675484722435,,,,1.0
26,acetone_gsolv_eV,236,1.0,0.0,0.630675484722435,0.630675484722435,,,,1.0
26,acetone_gsolv_eV,237,1.0,0.0,0.630675484722435,0.630675484722435,,,,1.0
26,acetone_gsolv_eV,238,1.0,0.0,0.630675484722435,0.630675484722435,,,,1.0
26,acetone_gsolv_eV,239,1.0,0.0,0.630675484722435,0.630675484722435,,,,1.0
26,acetone_gsolv_eV,240,1.0,0.0,0.630675484722435,0.630675484722435,,,,1.0
26,acetone_gsolv_eV,241,1.0,0.0,0.630675484722435,0.630675484722435,,,,1.0
26,acetone_gsolv_eV,242,1.0,0.0,0.630675484722435,0.630675484722435,,,,1.0
26,acetone_gsolv_eV,243,1.0,0.0,0.630675484722435,0.630675484722435,,,,1.0
26,acetone_gsolv_eV,244,1.0,0.0,0.630675484722435,0.630675484722435,,,,1.0
26,acetone_gsolv_eV,245,1.0,0.0,0.630675484722435,0.630675484722435,,,,1.0
26,acetone_gsolv_eV,246,1.0,0.0,0.630675484722435,0.630675484722435,,,,1.0
26,acetone_gsolv_eV,247,1.0,0.0,0.630675484722435,0.630675484722435,,,,1.0
26,acetone_gsolv_eV,248,1.0,0.0,0.630675484722435,0.630675484722435,,,,1.0
26,acetone_gsolv_eV,249,1.0,0.0,0.630675484722435,0.630675484722435,,,,1.0
26,acetone_hl_gap_eV,0,1.0,0.0,0.710840205627917,0.710840205627917,,,,1.0
26,acetone_hl_gap_eV,1,1.0,0.0,0.710840205627917,0.710840205627917,,,,1.0
26,acetone_hl_gap_eV,2,1.0,0.0,0.710840205627917,0.710840205627917,,,,1.0
26,acetone_hl_gap_eV,3,1.0,0.0,0.710840205627917,0.710840205627917,,,,1.0
26,acetone_hl_gap_eV,4,1.0,0.0,0.710840205627917,0.710840205627917,,,,1.0
26,acetone_hl_gap_eV,5,1.0,0.0,0.710840205627917,0.710840205627917,,,,1.0
26,acetone_hl_gap_eV,6,1.0,0.0,0.710840205627917,0.710840205627917,,,,1.0
26,acetone_hl_gap_eV,7,1.0,0.0,0.710840205627917,0.710840205627917,,,,1.0
26,acetone_hl_gap_eV,8,1.0,0.0,0.710840205627917,0.710840205627917,,,,1.0
26,acetone_hl_gap_eV,9,1.0,0.0,0.710840205627917,0.710840205627917,,,,1.0
26,acetone_hl_gap_eV,10,1.0,0.0,0.710840205627917,0.710840205627917,,,,1.0
26,acetone_hl_gap_eV,11,1.0,0.0,0.710840205627917,0.710840205627917,,,,1.0
26,acetone_hl_gap_eV,12,1.0,0.0,0.710840205627917,0.710840205627917,,,,1.0
26,acetone_hl_gap_eV,13,1.0,0.0,0.710840205627917,0.710840205627917,,,,1.0
26,acetone_hl_gap_eV,14,1.0,0.0,0.710840205627917,0.710840205627917,,,,1.0
26,acetone_hl_gap_eV,15,1.0,0.0,0.710840205627917,0.710840205627917,,,,1.0
26,acetone_hl_gap_eV,16,1.0,0.0,0.710840205627917,0.710840205627917,,,,1.0
26,acetone_hl_gap_eV,17,1.0,0.0,0.710840205627917,0.710840205627917,,,,1.0
26,acetone_hl_gap_eV,18,1.0,0.0,0.710840205627917,0.710840205627917,,,,1.0
26,acetone_hl_gap_eV,19,1.0,0.0,0.710840205627917,0.710840205627917,,,,1.0
26,acetone_hl_gap_eV,20,1.0,0.0,0.710840205627917,0.710840205627917,,,,1.0
26,acetone_hl_gap_eV,21,1.0,0.0,0.710840205627917,0.710840205627917,,,,1.0
26,acetone_hl_gap_eV,22,1.0,0.0,0.710840205627917,0.710840205627917,,,,1.0
26,acetone_hl_gap_eV,23,1.0,0.0,0.710840205627917,0.710840205627917,,,,1.0
26,acetone_hl_gap_eV,24,1.0,0.0,0.710840205627917,0.710840205627917,,,,1.0
26,acetone_hl_gap_eV,25,1.0,0.0,0.710840205627917,0.710840205627917,,,,1.0
26,acetone_hl_gap_eV,26,1.0,0.0,0.710840205627917,0.710840205627917,,,,1.0
26,acetone_hl_gap_eV,27,1.0,0.0,0.710840205627917,0.710840205627917,,,,1.0
26,acetone_hl_gap_eV,28,1.0,0.0,0.710840205627917,0.710840205627917,,,,1.0
26,acetone_hl_gap_eV,29,1.0,0.0,0.710840205627917,0.710840205627917,,,,1.0
26,acetone_hl_gap_eV,30,1.0,0.0,0.710840205627917,0.710840205627917,,,,1.0
26,acetone_hl_gap_eV,31,1.0,0.0,0.710840205627917,0.710840205627917,,,,1.0
26,acetone_hl_gap_eV,32,1.0,0.0,0.710840205627917,0.710840205627917,,,,1.0
26,acetone_hl_gap_eV,33,1.0,0.0,0.710840205627917,0.710840205627917,,,,1.0
26,acetone_hl_gap_eV,34,1.0,0.0,0.710840205627917,0.710840205627917,,,,1.0
26,acetone_hl_gap_eV,35,1.0,0.0,0.710840205627917,0.710840205627917,,,,1.0
26,acetone_hl_gap_eV,36,1.0,0.0,0.710840205627917,0.710840205627917,,,,1.0
26,acetone_hl_gap_eV,37,1.0,0.0,0.710840205627917,0.710840205627917,,,,1.0
26,acetone_hl_gap_eV,38,1.0,0.0,0.710840205627917,0.710840205627917,,,,1.0
26,acetone_hl_gap_eV,39,1.0,0.0,0.710840205627917,0.710840205627917,,,,1.0
26,acetone_hl_gap_eV,40,1.0,0.0,0.710840205627917,0.710840205627917,,,,1.0
26,acetone_hl_gap_eV,41,1.0,0.0,0.710840205627917,0.710840205627917,,,,1.0
26,acetone_hl_gap_eV,42,1.0,0.0,0.710840205627917,0.710840205627917,,,,1.0
26,acetone_hl_gap_eV,43,1.0,0.0,0.710840205627917,0.710840205627917,,,,1.0
26,acetone_hl_gap_eV,44,1.0,0.0,0.710840205627917,0.710840205627917,,,,1.0
26,acetone_hl_gap_eV,45,1.0,0.0,0.710840205627917,0.710840205627917,,,,1.0
26,acetone_hl_gap_eV,46,1.0,0.0,0.710840205627917,0.710840205627917,,,,1.0
26,acetone_hl_gap_eV,47,1.0,0.0,0.710840205627917,0.710840205627917,,,,1.0
26,acetone_hl_gap_eV,48,1.0,0.0,0.710840205627917,0.710840205627917,,,,1.0
26,acetone_hl_gap_eV,49,1.0,0.0,0.710840205627917,0.710840205627917,,,,1.0
26,acetone_hl_gap_eV,50,1.0,0.0,0.710840205627917,0.710840205627917,,,,1.0
26,acetone_hl_gap_eV,51,1.0,0.0,0.710840205627917,0.710840205627917,,,,1.0
26,acetone_hl_gap_eV,52,1.0,0.0,0.710840205627917,0.710840205627917,,,,1.0
26,acetone_hl_gap_eV,53,1.0,0.0,0.710840205627917,0.710840205627917,,,,1.0
26,acetone_hl_gap_eV,54,1.0,0.0,0.710840205627917,0.710840205627917,,,,1.0
26,acetone_hl_gap_eV,55,1.0,0.0,0.710840205627917,0.710840205627917,,,,1.0
26,acetone_hl_gap_eV,56,1.0,0.0,0.710840205627917,0.710840205627917,,,,1.0
26,acetone_hl_gap_eV,57,1.0,0.0,0.710840205627917,0.710840205627917,,,,1.0
26,acetone_hl_gap_eV,58,1.0,0.0,0.710840205627917,0.710840205627917,,,,1.0
26,acetone_hl_gap_eV,59,1.0,0.0,0.710840205627917,0.710840205627917,,,,1.0
26,acetone_hl_gap_eV,60,1.0,0.0,0.710840205627917,0.710840205627917,,,,1.0
26,acetone_hl_gap_eV,61,1.0,0.0,0.710840205627917,0.710840205627917,,,,1.0
26,acetone_hl_gap_eV,62,1.0,0.0,0.710840205627917,0.710840205627917,,,,1.0
26,acetone_hl_gap_eV,63,1.0,0.0,0.710840205627917,0.710840205627917,,,,1.0
26,acetone_hl_gap_eV,64,1.0,0.0,0.710840205627917,0.710840205627917,,,,1.0
26,acetone_hl_gap_eV,65,1.0,0.0,0.710840205627917,0.710840205627917,,,,1.0
26,acetone_hl_gap_eV,66,1.0,0.0,0.710840205627917,0.710840205627917,,,,1.0
26,acetone_hl_gap_eV,67,1.0,0.0,0.710840205627917,0.710840205627917,,,,1.0
26,acetone_hl_gap_eV,68,1.0,0.0,0.710840205627917,0.710840205627917,,,,1.0
26,acetone_hl_gap_eV,69,1.0,0.0,0.710840205627917,0.710840205627917,,,,1.0
26,acetone_hl_gap_eV,70,1.0,0.0,0.710840205627917,0.710840205627917,,,,1.0
26,acetone_hl_gap_eV,71,1.0,0.0,0.710840205627917,0.710840205627917,,,,1.0
26,acetone_hl_gap_eV,72,1.0,0.0,0.710840205627917,0.710840205627917,,,,1.0
26,acetone_hl_gap_eV,73,1.0,0.0,0.710840205627917,0.710840205627917,,,,1.0
26,acetone_hl_gap_eV,74,1.0,0.0,0.710840205627917,0.710840205627917,,,,1.0
26,acetone_hl_gap_eV,75,1.0,0.0,0.710840205627917,0.710840205627917,,,,1.0
26,acetone_hl_gap_eV,76,1.0,0.0,0.710840205627917,0.710840205627917,,,,1.0
26,acetone_hl_gap_eV,77,1.0,0.0,0.710840205627917,0.710840205627917,,,,1.0
26,acetone_hl_gap_eV,78,1.0,0.0,0.710840205627917,0.710840205627917,,,,1.0
26,acetone_hl_gap_eV,79,1.0,0.0,0.710840205627917,0.710840205627917,,,,1.0
26,acetone_hl_gap_eV,80,1.0,0.0,0.710840205627917,0.710840205627917,,,,1.0
26,acetone_hl_gap_eV,81,1.0,0.0,0.710840205627917,0.710840205627917,,,,1.0
26,acetone_hl_gap_eV,82,1.0,0.0,0.710840205627917,0.710840205627917,,,,1.0
26,acetone_hl_gap_eV,83,1.0,0.0,0.710840205627917,0.710840205627917,,,,1.0
26,acetone_hl_gap_eV,84,1.0,0.0,0.710840205627917,0.710840205627917,,,,1.0
26,acetone_hl_gap_eV,85,1.0,0.0,0.710840205627917,0.710840205627917,,,,1.0
26,acetone_hl_gap_eV,86,1.0,0.0,0.710840205627917,0.710840205627917,,,,1.0
26,acetone_hl_gap_eV,87,1.0,0.0,0.710840205627917,0.710840205627917,,,,1.0
26,acetone_hl_gap_eV,88,1.0,0.0,0.710840205627917,0.710840205627917,,,,1.0
26,acetone_hl_gap_eV,89,1.0,0.0,0.710840205627917,0.710840205627917,,,,1.0
26,acetone_hl_gap_eV,90,1.0,0.0,0.710840205627917,0.710840205627917,,,,1.0
26,acetone_hl_gap_eV,91,1.0,0.0,0.710840205627917,0.710840205627917,,,,1.0
26,acetone_hl_gap_eV,92,1.0,0.0,0.710840205627917,0.710840205627917,,,,1.0
26,acetone_hl_gap_eV,93,1.0,0.0,0.710840205627917,0.710840205627917,,,,1.0
26,acetone_hl_gap_eV,94,1.0,0.0,0.710840205627917,0.710840205627917,,,,1.0
26,acetone_hl_gap_eV,95,1.0,0.0,0.710840205627917,0.710840205627917,,,,1.0
26,acetone_hl_gap_eV,96,1.0,0.0,0.710840205627917,0.710840205627917,,,,1.0
26,acetone_hl_gap_eV,97,1.0,0.0,0.710840205627917,0.710840205627917,,,,1.0
26,acetone_hl_gap_eV,98,1.0,0.0,0.710840205627917,0.710840205627917,,,,1.0
26,acetone_hl_gap_eV,99,1.0,0.0,0.710840205627917,0.710840205627917,,,,1.0
26,acetone_hl_gap_eV,100,1.0,0.0,0.710840205627917,0.710840205627917,,,,1.0
26,acetone_hl_gap_eV,101,1.0,0.0,0.710840205627917,0.710840205627917,,,,1.0
26,acetone_hl_gap_eV,102,1.0,0.0,0.710840205627917,0.710840205627917,,,,1.0
26,acetone_hl_gap_eV,103,1.0,0.0,0.710840205627917,0.710840205627917,,,,1.0
26,acetone_hl_gap_eV,104,1.0,0.0,0.710840205627917,0.710840205627917,,,,1.0
26,acetone_hl_gap_eV,105,1.0,0.0,0.710840205627917,0.710840205627917,,,,1.0
26,acetone_hl_gap_eV,106,1.0,0.0,0.710840205627917,0.710840205627917,,,,1.0
26,acetone_hl_gap_eV,107,1.0,0.0,0.710840205627917,0.710840205627917,,,,1.0
26,acetone_hl_gap_eV,108,1.0,0.0,0.710840205627917,0.710840205627917,,,,1.0
26,acetone_hl_gap_eV,109,1.0,0.0,0.710840205627917,0.710840205627917,,,,1.0
26,acetone_hl_gap_eV,110,1.0,0.0,0.710840205627917,0.710840205627917,,,,1.0
26,acetone_hl_gap_eV,111,1.0,0.0,0.710840205627917,0.710840205627917,,,,1.0
26,acetone_hl_gap_eV,112,1.0,0.0,0.710840205627917,0.710840205627917,,,,1.0
26,acetone_hl_gap_eV,113,1.0,0.0,0.710840205627917,0.710840205627917,,,,1.0
26,acetone_hl_gap_eV,114,1.0,0.0,0.710840205627917,0.710840205627917,,,,1.0
26,acetone_hl_gap_eV,115,1.0,0.0,0.710840205627917,0.710840205627917,,,,1.0
26,acetone_hl_gap_eV,116,1.0,0.0,0.710840205627917,0.710840205627917,,,,1.0
26,acetone_hl_gap_eV,117,1.0,0.0,0.710840205627917,0.710840205627917,,,,1.0
26,acetone_hl_gap_eV,118,1.0,0.0,0.710840205627917,0.710840205627917,,,,1.0
26,acetone_hl_gap_eV,119,1.0,0.0,0.710840205627917,0.710840205627917,,,,1.0
26,acetone_hl_gap_eV,120,1.0,0.0,0.710840205627917,0.710840205627917,,,,1.0
26,acetone_hl_gap_eV,121,1.0,0.0,0.710840205627917,0.710840205627917,,,,1.0
26,acetone_hl_gap_eV,122,1.0,0.0,0.710840205627917,0.710840205627917,,,,1.0
26,acetone_hl_gap_eV,123,1.0,0.0,0.710840205627917,0.710840205627917,,,,1.0
26,acetone_hl_gap_eV,124,1.0,0.0,0.710840205627917,0.710840205627917,,,,1.0
26,acetone_hl_gap_eV,125,1.0,0.0,0.710840205627917,0.710840205627917,,,,1.0
26,acetone_hl_gap_eV,126,1.0,0.0,0.710840205627917,0.710840205627917,,,,1.0
26,acetone_hl_gap_eV,127,1.0,0.0,0.710840205627917,0.710840205627917,,,,1.0
26,acetone_hl_gap_eV,128,1.0,0.0,0.710840205627917,0.710840205627917,,,,1.0
26,acetone_hl_gap_eV,129,1.0,0.0,0.710840205627917,0.710840205627917,,,,1.0
26,acetone_hl_gap_eV,130,1.0,0.0,0.710840205627917,0.710840205627917,,,,1.0
26,acetone_hl_gap_eV,131,1.0,0.0,0.710840205627917,0.710840205627917,,,,1.0
26,acetone_hl_gap_eV,132,1.0,0.0,0.710840205627917,0.710840205627917,,,,1.0
26,acetone_hl_gap_eV,133,1.0,0.0,0.710840205627917,0.710840205627917,,,,1.0
26,acetone_hl_gap_eV,134,1.0,0.0,0.710840205627917,0.710840205627917,,,,1.0
26,acetone_hl_gap_eV,135,1.0,0.0,0.710840205627917,0.710840205627917,,,,1.0
26,acetone_hl_gap_eV,136,1.0,0.0,0.710840205627917,0.710840205627917,,,,1.0
26,acetone_hl_gap_eV,137,1.0,0.0,0.710840205627917,0.710840205627917,,,,1.0
26,acetone_hl_gap_eV,138,1.0,0.0,0.710840205627917,0.710840205627917,,,,1.0
26,acetone_hl_gap_eV,139,1.0,0.0,0.710840205627917,0.710840205627917,,,,1.0
26,acetone_hl_gap_eV,140,1.0,0.0,0.710840205627917,0.710840205627917,,,,1.0
26,acetone_hl_gap_eV,141,1.0,0.0,0.710840205627917,0.710840205627917,,,,1.0
26,acetone_hl_gap_eV,142,1.0,0.0,0.710840205627917,0.710840205627917,,,,1.0
26,acetone_hl_gap_eV,143,1.0,0.0,0.710840205627917,0.710840205627917,,,,1.0
26,acetone_hl_gap_eV,144,1.0,0.0,0.710840205627917,0.710840205627917,,,,1.0
26,acetone_hl_gap_eV,145,1.0,0.0,0.710840205627917,0.710840205627917,,,,1.0
26,acetone_hl_gap_eV,146,1.0,0.0,0.710840205627917,0.710840205627917,,,,1.0
26,acetone_hl_gap_eV,147,1.0,0.0,0.710840205627917,0.710840205627917,,,,1.0
26,acetone_hl_gap_eV,148,1.0,0.0,0.710840205627917,0.710840205627917,,,,1.0
26,acetone_hl_gap_eV,149,1.0,0.0,0.710840205627917,0.710840205627917,,,,1.0
26,acetone_hl_gap_eV,150,1.0,0.0,0.710840205627917,0.710840205627917,,,,1.0
26,acetone_hl_gap_eV,151,1.0,0.0,0.710840205627917,0.710840205627917,,,,1.0
26,acetone_hl_gap_eV,152,1.0,0.0,0.710840205627917,0.710840205627917,,,,1.0
26,acetone_hl_gap_eV,153,1.0,0.0,0.710840205627917,0.710840205627917,,,,1.0
26,acetone_hl_gap_eV,154,1.0,0.0,0.710840205627917,0.710840205627917,,,,1.0
26,acetone_hl_gap_eV,155,1.0,0.0,0.710840205627917,0.710840205627917,,,,1.0
26,acetone_hl_gap_eV,156,1.0,0.0,0.710840205627917,0.710840205627917,,,,1.0
26,acetone_hl_gap_eV,157,1.0,0.0,0.710840205627917,0.710840205627917,,,,1.0
26,acetone_hl_gap_eV,158,1.0,0.0,0.710840205627917,0.710840205627917,,,,1.0
26,acetone_hl_gap_eV,159,1.0,0.0,0.710840205627917,0.710840205627917,,,,1.0
26,acetone_hl_gap_eV,160,1.0,0.0,0.710840205627917,0.710840205627917,,,,1.0
26,acetone_hl_gap_eV,161,1.0,0.0,0.710840205627917,0.710840205627917,,,,1.0
26,acetone_hl_gap_eV,162,1.0,0.0,0.710840205627917,0.710840205627917,,,,1.0
26,acetone_hl_gap_eV,163,1.0,0.0,0.710840205627917,0.710840205627917,,,,1.0
26,acetone_hl_gap_eV,164,1.0,0.0,0.710840205627917,0.710840205627917,,,,1.0
26,acetone_hl_gap_eV,165,1.0,0.0,0.710840205627917,0.710840205627917,,,,1.0
26,acetone_hl_gap_eV,166,1.0,0.0,0.710840205627917,0.710840205627917,,,,1.0
26,acetone_hl_gap_eV,167,1.0,0.0,0.710840205627917,0.710840205627917,,,,1.0
26,acetone_hl_gap_eV,168,1.0,0.0,0.710840205627917,0.710840205627917,,,,1.0
26,acetone_hl_gap_eV,169,1.0,0.0,0.710840205627917,0.710840205627917,,,,1.0
26,acetone_hl_gap_eV,170,1.0,0.0,0.710840205627917,0.710840205627917,,,,1.0
26,acetone_hl_gap_eV,171,1.0,0.0,0.710840205627917,0.710840205627917,,,,1.0
26,acetone_hl_gap_eV,172,1.0,0.0,0.710840205627917,0.710840205627917,,,,1.0
26,acetone_hl_gap_eV,173,1.0,0.0,0.710840205627917,0.710840205627917,,,,1.0
26,acetone_hl_gap_eV,174,1.0,0.0,0.710840205627917,0.710840205627917,,,,1.0
26,acetone_hl_gap_eV,175,1.0,0.0,0.710840205627917,0.710840205627917,,,,1.0
26,acetone_hl_gap_eV,176,1.0,0.0,0.710840205627917,0.710840205627917,,,,1.0
26,acetone_hl_gap_eV,177,1.0,0.0,0.710840205627917,0.710840205627917,,,,1.0
26,acetone_hl_gap_eV,178,1.0,0.0,0.710840205627917,0.710840205627917,,,,1.0
26,acetone_hl_gap_eV,179,1.0,0.0,0.710840205627917,0.710840205627917,,,,1.0
26,acetone_hl_gap_eV,180,1.0,0.0,0.710840205627917,0.710840205627917,,,,1.0
26,acetone_hl_gap_eV,181,1.0,0.0,0.710840205627917,0.710840205627917,,,,1.0
26,acetone_hl_gap_eV,182,1.0,0.0,0.710840205627917,0.710840205627917,,,,1.0
26,acetone_hl_gap_eV,183,1.0,0.0,0.710840205627917,0.710840205627917,,,,1.0
26,acetone_hl_gap_eV,184,1.0,0.0,0.710840205627917,0.710840205627917,,,,1.0
26,acetone_hl_gap_eV,185,1.0,0.0,0.710840205627917,0.710840205627917,,,,1.0
26,acetone_hl_gap_eV,186,1.0,0.0,0.710840205627917,0.710840205627917,,,,1.0
26,acetone_hl_gap_eV,187,1.0,0.0,0.710840205627917,0.710840205627917,,,,1.0
26,acetone_hl_gap_eV,188,1.0,0.0,0.710840205627917,0.710840205627917,,,,1.0
26,acetone_hl_gap_eV,189,1.0,0.0,0.710840205627917,0.710840205627917,,,,1.0
26,acetone_hl_gap_eV,190,1.0,0.0,0.710840205627917,0.710840205627917,,,,1.0
26,acetone_hl_gap_eV,191,1.0,0.0,0.710840205627917,0.710840205627917,,,,1.0
26,acetone_hl_gap_eV,192,1.0,0.0,0.710840205627917,0.710840205627917,,,,1.0
26,acetone_hl_gap_eV,193,1.0,0.0,0.710840205627917,0.710840205627917,,,,1.0
26,acetone_hl_gap_eV,194,1.0,0.0,0.710840205627917,0.710840205627917,,,,1.0
26,acetone_hl_gap_eV,195,1.0,0.0,0.710840205627917,0.710840205627917,,,,1.0
26,acetone_hl_gap_eV,196,1.0,0.0,0.710840205627917,0.710840205627917,,,,1.0
26,acetone_hl_gap_eV,197,1.0,0.0,0.710840205627917,0.710840205627917,,,,1.0
26,acetone_hl_gap_eV,198,1.0,0.0,0.710840205627917,0.710840205627917,,,,1.0
26,acetone_hl_gap_eV,199,1.0,0.0,0.710840205627917,0.710840205627917,,,,1.0
26,acetone_hl_gap_eV,200,1.0,0.0,0.710840205627917,0.710840205627917,,,,1.0
26,acetone_hl_gap_eV,201,1.0,0.0,0.710840205627917,0.710840205627917,,,,1.0
26,acetone_hl_gap_eV,202,1.0,0.0,0.710840205627917,0.710840205627917,,,,1.0
26,acetone_hl_gap_eV,203,1.0,0.0,0.710840205627917,0.710840205627917,,,,1.0
26,acetone_hl_gap_eV,204,1.0,0.0,0.710840205627917,0.710840205627917,,,,1.0
26,acetone_hl_gap_eV,205,1.0,0.0,0.710840205627917,0.710840205627917,,,,1.0
26,acetone_hl_gap_eV,206,1.0,0.0,0.710840205627917,0.710840205627917,,,,1.0
26,acetone_hl_gap_eV,207,1.0,0.0,0.710840205627917,0.710840205627917,,,,1.0
26,acetone_hl_gap_eV,208,1.0,0.0,0.710840205627917,0.710840205627917,,,,1.0
26,acetone_hl_gap_eV,209,1.0,0.0,0.710840205627917,0.710840205627917,,,,1.0
26,acetone_hl_gap_eV,210,1.0,0.0,0.710840205627917,0.710840205627917,,,,1.0
26,acetone_hl_gap_eV,211,1.0,0.0,0.710840205627917,0.710840205627917,,,,1.0
26,acetone_hl_gap_eV,212,1.0,0.0,0.710840205627917,0.710840205627917,,,,1.0
26,acetone_hl_gap_eV,213,1.0,0.0,0.710840205627917,0.710840205627917,,,,1.0
26,acetone_hl_gap_eV,214,1.0,0.0,0.710840205627917,0.710840205627917,,,,1.0
26,acetone_hl_gap_eV,215,1.0,0.0,0.710840205627917,0.710840205627917,,,,1.0
26,acetone_hl_gap_eV,216,1.0,0.0,0.710840205627917,0.710840205627917,,,,1.0
26,acetone_hl_gap_eV,217,1.0,0.0,0.710840205627917,0.710840205627917,,,,1.0
26,acetone_hl_gap_eV,218,1.0,0.0,0.710840205627917,0.710840205627917,,,,1.0
26,acetone_hl_gap_eV,219,1.0,0.0,0.710840205627917,0.710840205627917,,,,1.0
26,acetone_hl_gap_eV,220,1.0,0.0,0.710840205627917,0.710840205627917,,,,1.0
26,acetone_hl_gap_eV,221,1.0,0.0,0.710840205627917,0.710840205627917,,,,1.0
26,acetone_hl_gap_eV,222,1.0,0.0,0.710840205627917,0.710840205627917,,,,1.0
26,acetone_hl_gap_eV,223,1.0,0.0,0.710840205627917,0.710840205627917,,,,1.0
26,acetone_hl_gap_eV,224,1.0,0.0,0.710840205627917,0.710840205627917,,,,1.0
26,acetone_hl_gap_eV,225,1.0,0.0,0.710840205627917,0.710840205627917,,,,1.0
26,acetone_hl_gap_eV,226,1.0,0.0,0.710840205627917,0.710840205627917,,,,1.0
26,acetone_hl_gap_eV,227,1.0,0.0,0.710840205627917,0.710840205627917,,,,1.0
26,acetone_hl_gap_eV,228,1.0,0.0,0.710840205627917,0.710840205627917,,,,1.0
26,acetone_hl_gap_eV,229,1.0,0.0,0.710840205627917,0.710840205627917,,,,1.0
26,acetone_hl_gap_eV,230,1.0,0.0,0.710840205627917,0.710840205627917,,,,1.0
26,acetone_hl_gap_eV,231,1.0,0.0,0.710840205627917,0.710840205627917,,,,1.0
26,acetone_hl_gap_eV,232,1.0,0.0,0.710840205627917,0.710840205627917,,,,1.0
26,acetone_hl_gap_eV,233,1.0,0.0,0.710840205627917,0.710840205627917,,,,1.0
26,acetone_hl_gap_eV,234,1.0,0.0,0.710840205627917,0.710840205627917,,,,1.0
26,acetone_hl_gap_eV,235,1.0,0.0,0.710840205627917,0.710840205627917,,,,1.0
26,acetone_hl_gap_eV,236,1.0,0.0,0.710840205627917,0.710840205627917,,,,1.0
26,acetone_hl_gap_eV,237,1.0,0.0,0.710840205627917,0.710840205627917,,,,1.0
26,acetone_hl_gap_eV,238,1.0,0.0,0.710840205627917,0.710840205627917,,,,1.0
26,acetone_hl_gap_eV,239,1.0,0.0,0.710840205627917,0.710840205627917,,,,1.0
26,acetone_hl_gap_eV,240,1.0,0.0,0.710840205627917,0.710840205627917,,,,1.0
26,acetone_hl_gap_eV,241,1.0,0.0,0.710840205627917,0.710840205627917,,,,1.0
26,acetone_hl_gap_eV,242,1.0,0.0,0.710840205627917,0.710840205627917,,,,1.0
26,acetone_hl_gap_eV,243,1.0,0.0,0.710840205627917,0.710840205627917,,,,1.0
26,acetone_hl_gap_eV,244,1.0,0.0,0.710840205627917,0.710840205627917,,,,1.0
26,acetone_hl_gap_eV,245,1.0,0.0,0.710840205627917,0.710840205627917,,,,1.0
26,acetone_hl_gap_eV,246,1.0,0.0,0.710840205627917,0.710840205627917,,,,1.0
26,acetone_hl_gap_eV,247,1.0,0.0,0.710840205627917,0.710840205627917,,,,1.0
26,acetone_hl_gap_eV,248,1.0,0.0,0.710840205627917,0.710840205627917,,,,1.0
26,acetone_hl_gap_eV,249,1.0,0.0,0.710840205627917,0.710840205627917,,,,1.0
26,acetone_dipole,0,1.0,0.0,0.6210922458782746,0.6210922458782746,,,,1.0
26,acetone_dipole,1,1.0,0.0,0.6210922458782746,0.6210922458782746,,,,1.0
26,acetone_dipole,2,1.0,0.0,0.6210922458782746,0.6210922458782746,,,,1.0
26,acetone_dipole,3,1.0,0.0,0.6210922458782746,0.6210922458782746,,,,1.0
26,acetone_dipole,4,1.0,0.0,0.6210922458782746,0.6210922458782746,,,,1.0
26,acetone_dipole,5,1.0,0.0,0.6210922458782746,0.6210922458782746,,,,1.0
26,acetone_dipole,6,1.0,0.0,0.6210922458782746,0.6210922458782746,,,,1.0
26,acetone_dipole,7,1.0,0.0,0.6210922458782746,0.6210922458782746,,,,1.0
26,acetone_dipole,8,1.0,0.0,0.6210922458782746,0.6210922458782746,,,,1.0
26,acetone_dipole,9,1.0,0.0,0.6210922458782746,0.6210922458782746,,,,1.0
26,acetone_dipole,10,1.0,0.0,0.6210922458782746,0.6210922458782746,,,,1.0
26,acetone_dipole,11,1.0,0.0,0.6210922458782746,0.6210922458782746,,,,1.0
26,acetone_dipole,12,1.0,0.0,0.6210922458782746,0.6210922458782746,,,,1.0
26,acetone_dipole,13,1.0,0.0,0.6210922458782746,0.6210922458782746,,,,1.0
26,acetone_dipole,14,1.0,0.0,0.6210922458782746,0.6210922458782746,,,,1.0
26,acetone_dipole,15,1.0,0.0,0.6210922458782746,0.6210922458782746,,,,1.0
26,acetone_dipole,16,1.0,0.0,0.6210922458782746,0.6210922458782746,,,,1.0
26,acetone_dipole,17,1.0,0.0,0.6210922458782746,0.6210922458782746,,,,1.0
26,acetone_dipole,18,1.0,0.0,0.6210922458782746,0.6210922458782746,,,,1.0
26,acetone_dipole,19,1.0,0.0,0.6210922458782746,0.6210922458782746,,,,1.0
26,acetone_dipole,20,1.0,0.0,0.6210922458782746,0.6210922458782746,,,,1.0
26,acetone_dipole,21,1.0,0.0,0.6210922458782746,0.6210922458782746,,,,1.0
26,acetone_dipole,22,1.0,0.0,0.6210922458782746,0.6210922458782746,,,,1.0
26,acetone_dipole,23,1.0,0.0,0.6210922458782746,0.6210922458782746,,,,1.0
26,acetone_dipole,24,1.0,0.0,0.6210922458782746,0.6210922458782746,,,,1.0
26,acetone_dipole,25,1.0,0.0,0.6210922458782746,0.6210922458782746,,,,1.0
26,acetone_dipole,26,1.0,0.0,0.6210922458782746,0.6210922458782746,,,,1.0
26,acetone_dipole,27,1.0,0.0,0.6210922458782746,0.6210922458782746,,,,1.0
26,acetone_dipole,28,1.0,0.0,0.6210922458782746,0.6210922458782746,,,,1.0
26,acetone_dipole,29,1.0,0.0,0.6210922458782746,0.6210922458782746,,,,1.0
26,acetone_dipole,30,1.0,0.0,0.6210922458782746,0.6210922458782746,,,,1.0
26,acetone_dipole,31,1.0,0.0,0.6210922458782746,0.6210922458782746,,,,1.0
26,acetone_dipole,32,1.0,0.0,0.6210922458782746,0.6210922458782746,,,,1.0
26,acetone_dipole,33,1.0,0.0,0.6210922458782746,0.6210922458782746,,,,1.0
26,acetone_dipole,34,1.0,0.0,0.6210922458782746,0.6210922458782746,,,,1.0
26,acetone_dipole,35,1.0,0.0,0.6210922458782746,0.6210922458782746,,,,1.0
26,acetone_dipole,36,1.0,0.0,0.6210922458782746,0.6210922458782746,,,,1.0
26,acetone_dipole,37,1.0,0.0,0.6210922458782746,0.6210922458782746,,,,1.0
26,acetone_dipole,38,1.0,0.0,0.6210922458782746,0.6210922458782746,,,,1.0
26,acetone_dipole,39,1.0,0.0,0.6210922458782746,0.6210922458782746,,,,1.0
26,acetone_dipole,40,1.0,0.0,0.6210922458782746,0.6210922458782746,,,,1.0
26,acetone_dipole,41,1.0,0.0,0.6210922458782746,0.6210922458782746,,,,1.0
26,acetone_dipole,42,1.0,0.0,0.6210922458782746,0.6210922458782746,,,,1.0
26,acetone_dipole,43,1.0,0.0,0.6210922458782746,0.6210922458782746,,,,1.0
26,acetone_dipole,44,1.0,0.0,0.6210922458782746,0.6210922458782746,,,,1.0
26,acetone_dipole,45,1.0,0.0,0.6210922458782746,0.6210922458782746,,,,1.0
26,acetone_dipole,46,1.0,0.0,0.6210922458782746,0.6210922458782746,,,,1.0
26,acetone_dipole,47,1.0,0.0,0.6210922458782746,0.6210922458782746,,,,1.0
26,acetone_dipole,48,1.0,0.0,0.6210922458782746,0.6210922458782746,,,,1.0
26,acetone_dipole,49,1.0,0.0,0.6210922458782746,0.6210922458782746,,,,1.0
26,acetone_dipole,50,1.0,0.0,0.6210922458782746,0.6210922458782746,,,,1.0
26,acetone_dipole,51,1.0,0.0,0.6210922458782746,0.6210922458782746,,,,1.0
26,acetone_dipole,52,1.0,0.0,0.6210922458782746,0.6210922458782746,,,,1.0
26,acetone_dipole,53,1.0,0.0,0.6210922458782746,0.6210922458782746,,,,1.0
26,acetone_dipole,54,1.0,0.0,0.6210922458782746,0.6210922458782746,,,,1.0
26,acetone_dipole,55,1.0,0.0,0.6210922458782746,0.6210922458782746,,,,1.0
26,acetone_dipole,56,1.0,0.0,0.6210922458782746,0.6210922458782746,,,,1.0
26,acetone_dipole,57,1.0,0.0,0.6210922458782746,0.6210922458782746,,,,1.0
26,acetone_dipole,58,1.0,0.0,0.6210922458782746,0.6210922458782746,,,,1.0
26,acetone_dipole,59,1.0,0.0,0.6210922458782746,0.6210922458782746,,,,1.0
26,acetone_dipole,60,1.0,0.0,0.6210922458782746,0.6210922458782746,,,,1.0
26,acetone_dipole,61,1.0,0.0,0.6210922458782746,0.6210922458782746,,,,1.0
26,acetone_dipole,62,1.0,0.0,0.6210922458782746,0.6210922458782746,,,,1.0
26,acetone_dipole,63,1.0,0.0,0.6210922458782746,0.6210922458782746,,,,1.0
26,acetone_dipole,64,1.0,0.0,0.6210922458782746,0.6210922458782746,,,,1.0
26,acetone_dipole,65,1.0,0.0,0.6210922458782746,0.6210922458782746,,,,1.0
26,acetone_dipole,66,1.0,0.0,0.6210922458782746,0.6210922458782746,,,,1.0
26,acetone_dipole,67,1.0,0.0,0.6210922458782746,0.6210922458782746,,,,1.0
26,acetone_dipole,68,1.0,0.0,0.6210922458782746,0.6210922458782746,,,,1.0
26,acetone_dipole,69,1.0,0.0,0.6210922458782746,0.6210922458782746,,,,1.0
26,acetone_dipole,70,1.0,0.0,0.6210922458782746,0.6210922458782746,,,,1.0
26,acetone_dipole,71,1.0,0.0,0.6210922458782746,0.6210922458782746,,,,1.0
26,acetone_dipole,72,1.0,0.0,0.6210922458782746,0.6210922458782746,,,,1.0
26,acetone_dipole,73,1.0,0.0,0.6210922458782746,0.6210922458782746,,,,1.0
26,acetone_dipole,74,1.0,0.0,0.6210922458782746,0.6210922458782746,,,,1.0
26,acetone_dipole,75,1.0,0.0,0.6210922458782746,0.6210922458782746,,,,1.0
26,acetone_dipole,76,1.0,0.0,0.6210922458782746,0.6210922458782746,,,,1.0
26,acetone_dipole,77,1.0,0.0,0.6210922458782746,0.6210922458782746,,,,1.0
26,acetone_dipole,78,1.0,0.0,0.6210922458782746,0.6210922458782746,,,,1.0
26,acetone_dipole,79,1.0,0.0,0.6210922458782746,0.6210922458782746,,,,1.0
26,acetone_dipole,80,1.0,0.0,0.6210922458782746,0.6210922458782746,,,,1.0
26,acetone_dipole,81,1.0,0.0,0.6210922458782746,0.6210922458782746,,,,1.0
26,acetone_dipole,82,1.0,0.0,0.6210922458782746,0.6210922458782746,,,,1.0
26,acetone_dipole,83,1.0,0.0,0.6210922458782746,0.6210922458782746,,,,1.0
26,acetone_dipole,84,1.0,0.0,0.6210922458782746,0.6210922458782746,,,,1.0
26,acetone_dipole,85,1.0,0.0,0.6210922458782746,0.6210922458782746,,,,1.0
26,acetone_dipole,86,1.0,0.0,0.6210922458782746,0.6210922458782746,,,,1.0
26,acetone_dipole,87,1.0,0.0,0.6210922458782746,0.6210922458782746,,,,1.0
26,acetone_dipole,88,1.0,0.0,0.6210922458782746,0.6210922458782746,,,,1.0
26,acetone_dipole,89,1.0,0.0,0.6210922458782746,0.6210922458782746,,,,1.0
26,acetone_dipole,90,1.0,0.0,0.6210922458782746,0.6210922458782746,,,,1.0
26,acetone_dipole,91,1.0,0.0,0.6210922458782746,0.6210922458782746,,,,1.0
26,acetone_dipole,92,1.0,0.0,0.6210922458782746,0.6210922458782746,,,,1.0
26,acetone_dipole,93,1.0,0.0,0.6210922458782746,0.6210922458782746,,,,1.0
26,acetone_dipole,94,1.0,0.0,0.6210922458782746,0.6210922458782746,,,,1.0
26,acetone_dipole,95,1.0,0.0,0.6210922458782746,0.6210922458782746,,,,1.0
26,acetone_dipole,96,1.0,0.0,0.6210922458782746,0.6210922458782746,,,,1.0
26,acetone_dipole,97,1.0,0.0,0.6210922458782746,0.6210922458782746,,,,1.0
26,acetone_dipole,98,1.0,0.0,0.6210922458782746,0.6210922458782746,,,,1.0
26,acetone_dipole,99,1.0,0.0,0.6210922458782746,0.6210922458782746,,,,1.0
26,acetone_dipole,100,1.0,0.0,0.6210922458782746,0.6210922458782746,,,,1.0
26,acetone_dipole,101,1.0,0.0,0.6210922458782746,0.6210922458782746,,,,1.0
26,acetone_dipole,102,1.0,0.0,0.6210922458782746,0.6210922458782746,,,,1.0
26,acetone_dipole,103,1.0,0.0,0.6210922458782746,0.6210922458782746,,,,1.0
26,acetone_dipole,104,1.0,0.0,0.6210922458782746,0.6210922458782746,,,,1.0
26,acetone_dipole,105,1.0,0.0,0.6210922458782746,0.6210922458782746,,,,1.0
26,acetone_dipole,106,1.0,0.0,0.6210922458782746,0.6210922458782746,,,,1.0
26,acetone_dipole,107,1.0,0.0,0.6210922458782746,0.6210922458782746,,,,1.0
26,acetone_dipole,108,1.0,0.0,0.6210922458782746,0.6210922458782746,,,,1.0
26,acetone_dipole,109,1.0,0.0,0.6210922458782746,0.6210922458782746,,,,1.0
26,acetone_dipole,110,1.0,0.0,0.6210922458782746,0.6210922458782746,,,,1.0
26,acetone_dipole,111,1.0,0.0,0.6210922458782746,0.6210922458782746,,,,1.0
26,acetone_dipole,112,1.0,0.0,0.6210922458782746,0.6210922458782746,,,,1.0
26,acetone_dipole,113,1.0,0.0,0.6210922458782746,0.6210922458782746,,,,1.0
26,acetone_dipole,114,1.0,0.0,0.6210922458782746,0.6210922458782746,,,,1.0
26,acetone_dipole,115,1.0,0.0,0.6210922458782746,0.6210922458782746,,,,1.0
26,acetone_dipole,116,1.0,0.0,0.6210922458782746,0.6210922458782746,,,,1.0
26,acetone_dipole,117,1.0,0.0,0.6210922458782746,0.6210922458782746,,,,1.0
26,acetone_dipole,118,1.0,0.0,0.6210922458782746,0.6210922458782746,,,,1.0
26,acetone_dipole,119,1.0,0.0,0.6210922458782746,0.6210922458782746,,,,1.0
26,acetone_dipole,120,1.0,0.0,0.6210922458782746,0.6210922458782746,,,,1.0
26,acetone_dipole,121,1.0,0.0,0.6210922458782746,0.6210922458782746,,,,1.0
26,acetone_dipole,122,1.0,0.0,0.6210922458782746,0.6210922458782746,,,,1.0
26,acetone_dipole,123,1.0,0.0,0.6210922458782746,0.6210922458782746,,,,1.0
26,acetone_dipole,124,1.0,0.0,0.6210922458782746,0.6210922458782746,,,,1.0
26,acetone_dipole,125,1.0,0.0,0.6210922458782746,0.6210922458782746,,,,1.0
26,acetone_dipole,126,1.0,0.0,0.6210922458782746,0.6210922458782746,,,,1.0
26,acetone_dipole,127,1.0,0.0,0.6210922458782746,0.6210922458782746,,,,1.0
26,acetone_dipole,128,1.0,0.0,0.6210922458782746,0.6210922458782746,,,,1.0
26,acetone_dipole,129,1.0,0.0,0.6210922458782746,0.6210922458782746,,,,1.0
26,acetone_dipole,130,1.0,0.0,0.6210922458782746,0.6210922458782746,,,,1.0
26,acetone_dipole,131,1.0,0.0,0.6210922458782746,0.6210922458782746,,,,1.0
26,acetone_dipole,132,1.0,0.0,0.6210922458782746,0.6210922458782746,,,,1.0
26,acetone_dipole,133,1.0,0.0,0.6210922458782746,0.6210922458782746,,,,1.0
26,acetone_dipole,134,1.0,0.0,0.6210922458782746,0.6210922458782746,,,,1.0
26,acetone_dipole,135,1.0,0.0,0.6210922458782746,0.6210922458782746,,,,1.0
26,acetone_dipole,136,1.0,0.0,0.6210922458782746,0.6210922458782746,,,,1.0
26,acetone_dipole,137,1.0,0.0,0.6210922458782746,0.6210922458782746,,,,1.0
26,acetone_dipole,138,1.0,0.0,0.6210922458782746,0.6210922458782746,,,,1.0
26,acetone_dipole,139,1.0,0.0,0.6210922458782746,0.6210922458782746,,,,1.0
26,acetone_dipole,140,1.0,0.0,0.6210922458782746,0.6210922458782746,,,,1.0
26,acetone_dipole,141,1.0,0.0,0.6210922458782746,0.6210922458782746,,,,1.0
26,acetone_dipole,142,1.0,0.0,0.6210922458782746,0.6210922458782746,,,,1.0
26,acetone_dipole,143,1.0,0.0,0.6210922458782746,0.6210922458782746,,,,1.0
26,acetone_dipole,144,1.0,0.0,0.6210922458782746,0.6210922458782746,,,,1.0
26,acetone_dipole,145,1.0,0.0,0.6210922458782746,0.6210922458782746,,,,1.0
26,acetone_dipole,146,1.0,0.0,0.6210922458782746,0.6210922458782746,,,,1.0
26,acetone_dipole,147,1.0,0.0,0.6210922458782746,0.6210922458782746,,,,1.0
26,acetone_dipole,148,1.0,0.0,0.6210922458782746,0.6210922458782746,,,,1.0
26,acetone_dipole,149,1.0,0.0,0.6210922458782746,0.6210922458782746,,,,1.0
26,acetone_dipole,150,1.0,0.0,0.6210922458782746,0.6210922458782746,,,,1.0
26,acetone_dipole,151,1.0,0.0,0.6210922458782746,0.6210922458782746,,,,1.0
26,acetone_dipole,152,1.0,0.0,0.6210922458782746,0.6210922458782746,,,,1.0
26,acetone_dipole,153,1.0,0.0,0.6210922458782746,0.6210922458782746,,,,1.0
26,acetone_dipole,154,1.0,0.0,0.6210922458782746,0.6210922458782746,,,,1.0
26,acetone_dipole,155,1.0,0.0,0.6210922458782746,0.6210922458782746,,,,1.0
26,acetone_dipole,156,1.0,0.0,0.6210922458782746,0.6210922458782746,,,,1.0
26,acetone_dipole,157,1.0,0.0,0.6210922458782746,0.6210922458782746,,,,1.0
26,acetone_dipole,158,1.0,0.0,0.6210922458782746,0.6210922458782746,,,,1.0
26,acetone_dipole,159,1.0,0.0,0.6210922458782746,0.6210922458782746,,,,1.0
26,acetone_dipole,160,1.0,0.0,0.6210922458782746,0.6210922458782746,,,,1.0
26,acetone_dipole,161,1.0,0.0,0.6210922458782746,0.6210922458782746,,,,1.0
26,acetone_dipole,162,1.0,0.0,0.6210922458782746,0.6210922458782746,,,,1.0
26,acetone_dipole,163,1.0,0.0,0.6210922458782746,0.6210922458782746,,,,1.0
26,acetone_dipole,164,1.0,0.0,0.6210922458782746,0.6210922458782746,,,,1.0
26,acetone_dipole,165,1.0,0.0,0.6210922458782746,0.6210922458782746,,,,1.0
26,acetone_dipole,166,1.0,0.0,0.6210922458782746,0.6210922458782746,,,,1.0
26,acetone_dipole,167,1.0,0.0,0.6210922458782746,0.6210922458782746,,,,1.0
26,acetone_dipole,168,1.0,0.0,0.6210922458782746,0.6210922458782746,,,,1.0
26,acetone_dipole,169,1.0,0.0,0.6210922458782746,0.6210922458782746,,,,1.0
26,acetone_dipole,170,1.0,0.0,0.6210922458782746,0.6210922458782746,,,,1.0
26,acetone_dipole,171,1.0,0.0,0.6210922458782746,0.6210922458782746,,,,1.0
26,acetone_dipole,172,1.0,0.0,0.6210922458782746,0.6210922458782746,,,,1.0
26,acetone_dipole,173,1.0,0.0,0.6210922458782746,0.6210922458782746,,,,1.0
26,acetone_dipole,174,1.0,0.0,0.6210922458782746,0.6210922458782746,,,,1.0
26,acetone_dipole,175,1.0,0.0,0.6210922458782746,0.6210922458782746,,,,1.0
26,acetone_dipole,176,1.0,0.0,0.6210922458782746,0.6210922458782746,,,,1.0
26,acetone_dipole,177,1.0,0.0,0.6210922458782746,0.6210922458782746,,,,1.0
26,acetone_dipole,178,1.0,0.0,0.6210922458782746,0.6210922458782746,,,,1.0
26,acetone_dipole,179,1.0,0.0,0.6210922458782746,0.6210922458782746,,,,1.0
26,acetone_dipole,180,1.0,0.0,0.6210922458782746,0.6210922458782746,,,,1.0
26,acetone_dipole,181,1.0,0.0,0.6210922458782746,0.6210922458782746,,,,1.0
26,acetone_dipole,182,1.0,0.0,0.6210922458782746,0.6210922458782746,,,,1.0
26,acetone_dipole,183,1.0,0.0,0.6210922458782746,0.6210922458782746,,,,1.0
26,acetone_dipole,184,1.0,0.0,0.6210922458782746,0.6210922458782746,,,,1.0
26,acetone_dipole,185,1.0,0.0,0.6210922458782746,0.6210922458782746,,,,1.0
26,acetone_dipole,186,1.0,0.0,0.6210922458782746,0.6210922458782746,,,,1.0
26,acetone_dipole,187,1.0,0.0,0.6210922458782746,0.6210922458782746,,,,1.0
26,acetone_dipole,188,1.0,0.0,0.6210922458782746,0.6210922458782746,,,,1.0
26,acetone_dipole,189,1.0,0.0,0.6210922458782746,0.6210922458782746,,,,1.0
26,acetone_dipole,190,1.0,0.0,0.6210922458782746,0.6210922458782746,,,,1.0
26,acetone_dipole,191,1.0,0.0,0.6210922458782746,0.6210922458782746,,,,1.0
26,acetone_dipole,192,1.0,0.0,0.6210922458782746,0.6210922458782746,,,,1.0
26,acetone_dipole,193,1.0,0.0,0.6210922458782746,0.6210922458782746,,,,1.0
26,acetone_dipole,194,1.0,0.0,0.6210922458782746,0.6210922458782746,,,,1.0
26,acetone_dipole,195,1.0,0.0,0.6210922458782746,0.6210922458782746,,,,1.0
26,acetone_dipole,196,1.0,0.0,0.6210922458782746,0.6210922458782746,,,,1.0
26,acetone_dipole,197,1.0,0.0,0.6210922458782746,0.6210922458782746,,,,1.0
26,acetone_dipole,198,1.0,0.0,0.6210922458782746,0.6210922458782746,,,,1.0
26,acetone_dipole,199,1.0,0.0,0.6210922458782746,0.6210922458782746,,,,1.0
26,acetone_dipole,200,1.0,0.0,0.6210922458782746,0.6210922458782746,,,,1.0
26,acetone_dipole,201,1.0,0.0,0.6210922458782746,0.6210922458782746,,,,1.0
26,acetone_dipole,202,1.0,0.0,0.6210922458782746,0.6210922458782746,,,,1.0
26,acetone_dipole,203,1.0,0.0,0.6210922458782746,0.6210922458782746,,,,1.0
26,acetone_dipole,204,1.0,0.0,0.6210922458782746,0.6210922458782746,,,,1.0
26,acetone_dipole,205,1.0,0.0,0.6210922458782746,0.6210922458782746,,,,1.0
26,acetone_dipole,206,1.0,0.0,0.6210922458782746,0.6210922458782746,,,,1.0
26,acetone_dipole,207,1.0,0.0,0.6210922458782746,0.6210922458782746,,,,1.0
26,acetone_dipole,208,1.0,0.0,0.6210922458782746,0.6210922458782746,,,,1.0
26,acetone_dipole,209,1.0,0.0,0.6210922458782746,0.6210922458782746,,,,1.0
26,acetone_dipole,210,1.0,0.0,0.6210922458782746,0.6210922458782746,,,,1.0
26,acetone_dipole,211,1.0,0.0,0.6210922458782746,0.6210922458782746,,,,1.0
26,acetone_dipole,212,1.0,0.0,0.6210922458782746,0.6210922458782746,,,,1.0
26,acetone_dipole,213,1.0,0.0,0.6210922458782746,0.6210922458782746,,,,1.0
26,acetone_dipole,214,1.0,0.0,0.6210922458782746,0.6210922458782746,,,,1.0
26,acetone_dipole,215,1.0,0.0,0.6210922458782746,0.6210922458782746,,,,1.0
26,acetone_dipole,216,1.0,0.0,0.6210922458782746,0.6210922458782746,,,,1.0
26,acetone_dipole,217,1.0,0.0,0.6210922458782746,0.6210922458782746,,,,1.0
26,acetone_dipole,218,1.0,0.0,0.6210922458782746,0.6210922458782746,,,,1.0
26,acetone_dipole,219,1.0,0.0,0.6210922458782746,0.6210922458782746,,,,1.0
26,acetone_dipole,220,1.0,0.0,0.6210922458782746,0.6210922458782746,,,,1.0
26,acetone_dipole,221,1.0,0.0,0.6210922458782746,0.6210922458782746,,,,1.0
26,acetone_dipole,222,1.0,0.0,0.6210922458782746,0.6210922458782746,,,,1.0
26,acetone_dipole,223,1.0,0.0,0.6210922458782746,0.6210922458782746,,,,1.0
26,acetone_dipole,224,1.0,0.0,0.6210922458782746,0.6210922458782746,,,,1.0
26,acetone_dipole,225,1.0,0.0,0.6210922458782746,0.6210922458782746,,,,1.0
26,acetone_dipole,226,1.0,0.0,0.6210922458782746,0.6210922458782746,,,,1.0
26,acetone_dipole,227,1.0,0.0,0.6210922458782746,0.6210922458782746,,,,1.0
26,acetone_dipole,228,1.0,0.0,0.6210922458782746,0.6210922458782746,,,,1.0
26,acetone_dipole,229,1.0,0.0,0.6210922458782746,0.6210922458782746,,,,1.0
26,acetone_dipole,230,1.0,0.0,0.6210922458782746,0.6210922458782746,,,,1.0
26,acetone_dipole,231,1.0,0.0,0.6210922458782746,0.6210922458782746,,,,1.0
26,acetone_dipole,232,1.0,0.0,0.6210922458782746,0.6210922458782746,,,,1.0
26,acetone_dipole,233,1.0,0.0,0.6210922458782746,0.6210922458782746,,,,1.0
26,acetone_dipole,234,1.0,0.0,0.6210922458782746,0.6210922458782746,,,,1.0
26,acetone_dipole,235,1.0,0.0,0.6210922458782746,0.6210922458782746,,,,1.0
26,acetone_dipole,236,1.0,0.0,0.6210922458782746,0.6210922458782746,,,,1.0
26,acetone_dipole,237,1.0,0.0,0.6210922458782746,0.6210922458782746,,,,1.0
26,acetone_dipole,238,1.0,0.0,0.6210922458782746,0.6210922458782746,,,,1.0
26,acetone_dipole,239,1.0,0.0,0.6210922458782746,0.6210922458782746,,,,1.0
26,acetone_dipole,240,1.0,0.0,0.6210922458782746,0.6210922458782746,,,,1.0
26,acetone_dipole,241,1.0,0.0,0.6210922458782746,0.6210922458782746,,,,1.0
26,acetone_dipole,242,1.0,0.0,0.6210922458782746,0.6210922458782746,,,,1.0
26,acetone_dipole,243,1.0,0.0,0.6210922458782746,0.6210922458782746,,,,1.0
26,acetone_dipole,244,1.0,0.0,0.6210922458782746,0.6210922458782746,,,,1.0
26,acetone_dipole,245,1.0,0.0,0.6210922458782746,0.6210922458782746,,,,1.0
26,acetone_dipole,246,1.0,0.0,0.6210922458782746,0.6210922458782746,,,,1.0
26,acetone_dipole,247,1.0,0.0,0.6210922458782746,0.6210922458782746,,,,1.0
26,acetone_dipole,248,1.0,0.0,0.6210922458782746,0.6210922458782746,,,,1.0
26,acetone_dipole,249,1.0,0.0,0.6210922458782746,0.6210922458782746,,,,1.0
26,octanol_gsolv_eV,0,0.06832722574472427,0.07751049101352692,0.6362220876503568,0.967421222006426,16.29843521118164,0.016823919489979744,0.0010322413944645185,0.02
26,octanol_gsolv_eV,1,0.20701728761196136,0.06218249350786209,0.6250844865562728,0.9489217165821726,12.667384147644043,0.39089035987854004,0.030858017355638513,0.18
26,octanol_gsolv_eV,2,0.20977185666561127,0.07731810212135315,0.6346108598046241,0.9245909299306818,16.287208557128906,0.4977141320705414,0.0305585902166576,0.12
26,octanol_gsolv_eV,3,0.21454274654388428,0.0676540657877922,0.6361489426715188,0.9054720990584078,14.270768165588379,0.5693113803863525,0.03989353437603686,0.2
26,octanol_gsolv_eV,4,0.16879956424236298,0.07411130517721176,0.6364745015732673,0.9276157772707974,15.653205871582031,0.9277524352073669,0.05926916459277369,0.08
26,octanol_gsolv_eV,5,0.11735431104898453,0.07727833092212677,0.6350299783719369,0.9530275111985316,16.19188690185547,0.07662571221590042,0.0047323522379050026,0.04
26,octanol_gsolv_eV,6,0.04759605973958969,0.07485733926296234,0.6363012995573032,0.9580167103499035,15.715316772460938,0.006474776659160852,0.00041200420919971923,0.02
26,octanol_gsolv_eV,7,0.20641057193279266,0.07262729853391647,0.6371147625594573,0.9208799302584536,15.371684074401855,0.43191730976104736,0.02809824269549686,0.2
26,octanol_gsolv_eV,8,0.05221448093652725,0.05244932696223259,0.6361700850393457,0.9304646733078994,10.97601318359375,0.10693731158971786,0.009742819164025878,0.06
26,octanol_gsolv_eV,9,0.36175134778022766,0.04381198063492775,0.630092213357196,0.9205395084262353,9.002535820007324,1.5742837190628052,0.1748711419247121,0.34
26,octanol_gsolv_eV,10,0.07238811999559402,0.07577627152204514,0.6352618508584909,0.9754024764400624,15.919051170349121,0.006645509973168373,0.0004174564113184285,0.04
26,octanol_gsolv_eV,11,0.10119619965553284,0.06561239808797836,0.638976864489107,0.9089929675730197,13.8792724609375,0.41713300347328186,0.030054385389960553,0.04
26,octanol_gsolv_eV,12,0.07122688740491867,0.07467556744813919,0.6354229178019672,0.9631943896458302,15.651898384094238,0.008563609793782234,0.0005471291458475567,0.04
26,octanol_gsolv_eV,13,0.19976435601711273,0.06438946723937988,0.6356437438123346,0.9459286082491294,13.598898887634277,0.3612397015094757,0.02656389348096098,0.24
26,octanol_gsolv_eV,14,0.12390090525150299,0.058613501489162445,0.6326652606644962,0.9441160303616964,12.224590301513672,0.09773049503564835,0.007994582446132954,0.08
26,octanol_gsolv_eV,15,0.2342013567686081,0.07024029642343521,0.6363992183880887,0.9253902775846965,14.874410629272461,0.558114230632782,0.03752177108344901,0.24
26,octanol_gsolv_eV,16,0.1527620404958725,0.0725654736161232,0.635313540239842,0.9259362345304571,15.296517372131348,0.42328909039497375,0.02767225245441568,0.08
26,octanol_gsolv_eV,17,0.20904640853405,0.0734129548072815,0.6361628713330405,0.9225870248107362,15.5681734085083,0.712791383266449,0.04578516467942829,0.1
26,octanol_gsolv_eV,18,0.10603509098291397,0.0816434845328331,0.6370179930372719,0.963281896646556,17.20319938659668,0.018773674964904785,0.0010912897387872916,0.1
26,octanol_gsolv_eV,19,0.10524196177721024,0.0690372884273529,0.6381883866047582,0.9644866921605924,14.54017162322998,0.024885646998882294,0.0017115098530971914,0.08
26,octanol_gsolv_eV,20,0.15201929211616516,0.07098463922739029,0.6372932466418095,0.90944504178882,15.012919425964355,0.4250831604003906,0.02831449022934361,0.04
26,octanol_gsolv_eV,21,0.08573170751333237,0.07518376410007477,0.6362039993375297,0.9632564043677418,15.758319854736328,0.007089273538440466,0.0004498749615308583,0.06
26,octanol_gsolv_eV,22,0.08569221943616867,0.06899624317884445,0.6371132111230848,0.9449840133704195,14.499332427978516,0.03750677779316902,0.0025867934251093093,0.1
26,octanol_gsolv_eV,23,0.22332970798015594,0.0583098866045475,0.6266217934694851,0.914999778945379,11.831636428833008,0.7291222810745239,0.06162480443514098,0.2
26,octanol_gsolv_eV,24,0.02385268360376358,0.06482330709695816,0.6342735997139801,0.9632399451325435,13.51158332824707,0.012411031872034073,0.0009185475580857941,0.04
26,octanol_gsolv_eV,25,0.16953836381435394,0.07784368097782135,0.6376660958211773,0.9494080666488784,16.449480056762695,0.3372603952884674,0.020502799731339425,0.18
26,octanol_gsolv_eV,26,0.22407297790050507,0.07145658880472183,0.6354092094307142,0.9131805092306713,15.125033378601074,0.43902522325515747,0.02902639698476905,0.18
26,octanol_gsolv_eV,27,0.08642476797103882,0.07523445039987564,0.6341223068265642,0.9761179387000756,15.710439682006836,0.00564020499587059,0.0003590100029046492,0.04
26,octanol_gsolv_eV,28,0.06678775697946548,0.07172857224941254,0.6348955097773448,0.9632241670377171,15.018172264099121,0.007616598159074783,0.0005071587956999421,0.04
26,octanol_gsolv_eV,29,0.06461381912231445,0.07229772210121155,0.6352848762712899,0.9617108269977259,15.158585548400879,0.008319539949297905,0.00054883352557756,0.04
26,octanol_gsolv_eV,30,0.1525937169790268,0.03565830737352371,0.626751074462482,0.9397363680088053,7.252327919006348,0.3549603521823883,0.04894433292958738,0.06
26,octanol_gsolv_eV,31,0.14871908724308014,0.05513129383325577,0.6261236470828717,0.9653273364867874,11.120927810668945,0.11153268069028854,0.010029080539780938,0.1
26,octanol_gsolv_eV,32,0.07326333969831467,0.07718408852815628,0.6373410495555822,0.9680099870666723,16.233474731445312,0.005649548023939133,0.00034801840748213843,0.02
26,octanol_gsolv_eV,33,0.17899765074253082,0.07137070596218109,0.6367695405314229,0.9407769397683885,15.040885925292969,0.26916465163230896,0.017895531750538565,0.2
26,octanol_gsolv_eV,34,0.11108508706092834,0.04911164939403534,0.6261026227488609,0.9715756299642584,9.863078117370605,0.04127950593829155,0.004185255905617448,0.1
26,octanol_gsolv_eV,35,0.07223106175661087,0.0735352411866188,0.6363435091003351,0.9729119504341408,15.473027229309082,0.014682215638458729,0.0009488909584963184,0.06
26,octanol_gsolv_eV,36,0.208250030875206,0.05875192582607269,0.6326624475245293,0.9041504045417286,12.237486839294434,0.869574248790741,0.07105823770927767,0.08
26,octanol_gsolv_eV,37,0.14967362582683563,0.07225639373064041,0.6377616262718067,0.9144613218455446,15.337115287780762,0.5322015881538391,0.03470024044077243,0.06
26,octanol_gsolv_eV,38,0.05041177570819855,0.07507314532995224,0.6377962935017256,0.9626383436742185,15.808449745178223,0.007270448841154575,0.0004599090333555417,0.04
26,octanol_gsolv_eV,39,0.19065023958683014,0.07188171148300171,0.6349259243734788,0.908509469420588,15.148409843444824,0.5198897123336792,0.034319754859197395,0.12
26,octanol_gsolv_eV,40,0.08567777276039124,0.07044624537229538,0.6353376376458866,0.945517825495352,14.789158821105957,0.08432906866073608,0.005702086892216485,0.02
26,octanol_gsolv_eV,41,0.087761789560318,0.07306855916976929,0.638050134967399,0.9818090815555376,15.408788681030273,0.01104369293898344,0.0007167138941024811,0.04
26,octanol_gsolv_eV,42,0.027112644165754318,0.04905969277024269,0.6363992606607731,0.9576035350725525,10.261234283447266,0.013522760011255741,0.0013178492604023037,0.02
26,octanol_gsolv_eV,43,0.0636867955327034,0.06250640749931335,0.632829409627407,0.9690326213464593,13.03701400756836,0.022995492443442345,0.0017638619111778819,0.04
26,octanol_gsolv_eV,44,0.12881653010845184,0.057704608887434006,0.6368365690706661,0.9208610767907703,12.108436584472656,0.3071971535682678,0.02537050521965853,0.04
26,octanol_gsolv_eV,45,0.054384756833314896,0.07413430511951447,0.6369587043121521,0.952703623305565,15.591238021850586,0.038711123168468475,0.002482876800047319,0.02
26,octanol_gsolv_eV,46,0.1051195040345192,0.07248696684837341,0.6361906285308425,0.9242609386550538,15.253548622131348,0.14522680640220642,0.00952085380260283,0.04
26,octanol_gsolv_eV,47,0.04107615351676941,0.06834402680397034,0.6359033719916674,0.9485039843514362,14.330259323120117,0.008294510655105114,0.0005788109250558319,0.06
26,octanol_gsolv_eV,48,0.27240777015686035,0.06982601433992386,0.6356881187003081,0.9185195477093437,14.811345100402832,0.8939751982688904,0.06035746194615211,0.26
26,octanol_gsolv_eV,49,0.17660224437713623,0.13223853707313538,0.6254381234583892,0.9847064912988395,27.123395919799805,0.0284382626414299,0.0010484772159621155,0.22
26,octanol_gsolv_eV,50,0.19717811048030853,0.07624566555023193,0.6341209569189474,0.9150406571465215,16.034889221191406,0.753491997718811,0.04699078286883394,0.2
26,octanol_gsolv_eV,51,0.12474574893712997,0.05394774675369263,0.6323711696626284,0.9117133259482231,11.222140312194824,0.2195669412612915,0.01956551381047103,0.04
26,octanol_gsolv_eV,52,0.08955288678407669,0.061342474073171616,0.6359514139159568,0.9459448660312981,12.86227798461914,0.10521577298641205,0.008180181855207162,0.02
26,octanol_gsolv_eV,53,0.1518225073814392,0.05865832418203354,0.6344808947254219,0.9698930581932448,12.281316757202148,0.09191790968179703,0.00748436926585201,0.08
26,octanol_gsolv_eV,54,0.11346700042486191,0.07540974020957947,0.6373737603513081,0.929794416121845,15.930408477783203,0.1391686052083969,0.008736034948663346,0.08
26,octanol_gsolv_eV,55,0.07101161777973175,0.06159556284546852,0.6361701280771508,0.954242416170989,12.895241737365723,0.07430972158908844,0.005762569101265149,0.02
26,octanol_gsolv_eV,56,0.07142890989780426,0.08331725001335144,0.6322866978860471,0.961935647074851,17.300899505615234,0.014295187778770924,0.0008262684708463414,0.0
26,octanol_gsolv_eV,57,0.1939924657344818,0.07375627011060715,0.6353613526294888,0.897771167734513,15.615232467651367,0.44792264699935913,0.02868498102268276,0.2
26,octanol_gsolv_eV,58,0.09198365360498428,0.05126909539103508,0.6298108885932674,0.9526963141833957,10.622076988220215,0.10308316349983215,0.009704614607308008,0.02
26,octanol_gsolv_eV,59,0.07853253185749054,0.08878002315759659,0.6255352467008339,0.9720148054899609,18.0747013092041,0.03387390077114105,0.001874105701204124,0.02
26,octanol_gsolv_eV,60,0.5305742025375366,0.0469670444726944,0.6385793568429385,0.9296899123720683,9.746949195861816,3.6455771923065186,0.3740223857793669,0.32
26,octanol_gsolv_eV,61,0.13782158493995667,0.07645096629858017,0.6357688113690021,0.9443691650311778,16.07708740234375,0.10903216898441315,0.006781835929343658,0.06
26,octanol_gsolv_eV,62,0.18704035878181458,0.0757894217967987,0.6382278268891393,0.9234761202762927,16.105457305908203,0.5593064427375793,0.03472775917591615,0.14
26,octanol_gsolv_eV,63,0.11137755960226059,0.04252666234970093,0.6259512491394106,0.9518947778356868,8.537399291992188,0.09492668509483337,0.011118922970356045,0.04
26,octanol_gsolv_eV,64,0.16877523064613342,0.07629741728305817,0.6350785727503241,0.9129475138926799,16.061229705810547,0.5252729654312134,0.032704405269864414,0.12
26,octanol_gsolv_eV,65,0.09048202633857727,0.07776320725679398,0.6333380976429615,0.9614341886485718,16.210851669311523,0.021115003153681755,0.001302522753548735,0.02
26,octanol_gsolv_eV,66,0.09430329501628876,0.07455793023109436,0.6361280244173588,0.9616227821861392,15.671594619750977,0.03393198177218437,0.0021651901159706975,0.06
26,octanol_gsolv_eV,67,0.11818987876176834,0.0503755547106266,0.6288364565561351,0.9500280560367398,10.388650894165039,0.13066528737545013,0.012577695478133788,0.08
26,octanol_gsolv_eV,68,0.15514379739761353,0.07813121378421783,0.6345532572379795,0.9204957838899099,16.381038665771484,0.6070379018783569,0.037057351140179835,0.12
26,octanol_gsolv_eV,69,0.1886412650346756,0.07262777537107468,0.6301329831937785,0.9235218798110836,15.133795738220215,0.8594838976860046,0.05679235484296835,0.16
26,octanol_gsolv_eV,70,0.07213225960731506,0.0766865685582161,0.6368141677521459,0.9671711270436179,16.111570358276367,0.002797463210299611,0.00017363069819339985,0.06
26,octanol_gsolv_eV,71,0.039580121636390686,0.04873131588101387,0.6280036898306969,0.9410561936755002,9.995589256286621,0.04616258293390274,0.004618295305088619,0.06
26,octanol_gsolv_eV,72,0.1620146930217743,0.07026317715644836,0.6374928834867952,0.9281832504122731,14.818440437316895,0.34102439880371094,0.02301351483283747,0.08
26,octanol_gsolv_eV,73,0.1249171644449234,0.07128198444843292,0.6362919254598527,0.9481084957031749,14.99830150604248,0.04117327928543091,0.002745196132298255,0.08
26,octanol_gsolv_eV,74,0.09102372825145721,0.03906786069273949,0.6361633137948113,0.909185167366354,8.154550552368164,0.36766916513442993,0.045087606333822416,0.04
26,octanol_gsolv_eV,75,0.1240139901638031,0.07761291414499283,0.6305126085280912,0.9153441424106299,16.251617431640625,0.6943758726119995,0.042726570172646576,0.06
26,octanol_gsolv_eV,76,0.17163485288619995,0.06389488279819489,0.6344563074149747,0.9212481614603214,13.463286399841309,0.6845582127571106,0.05084629357399539,0.18
26,octanol_gsolv_eV,77,0.25224483013153076,0.06939732283353806,0.6368529883365182,0.9256800068452413,14.772433280944824,0.5161522626876831,0.03494023312689287,0.3
26,octanol_gsolv_eV,78,0.48444533348083496,0.02410336583852768,0.6381547234075673,0.918704730721644,4.801308631896973,1.6573597192764282,0.34518916535919786,0.36
26,octanol_gsolv_eV,79,0.10567396879196167,0.06508450210094452,0.6295073709528765,0.949383370896429,13.484431266784668,0.0560576356947422,0.0041572117196240505,0.06
26,octanol_gsolv_eV,80,0.10308070480823517,0.06418795883655548,0.6326493971355724,0.9723533648312048,13.396103858947754,0.010040746070444584,0.0007495273384087715,0.12
26,octanol_gsolv_eV,81,0.08196362107992172,0.07387650012969971,0.6366608349032583,0.969509293402272,15.507028579711914,0.010814636945724487,0.0006974022708562906,0.04
26,octanol_gsolv_eV,82,0.3527106046676636,0.030303137376904488,0.6310635842754084,0.9008907272671423,6.090287208557129,1.2623072862625122,0.20726564167432257,0.22
26,octanol_gsolv_eV,83,0.1837032288312912,0.07336816936731339,0.6350731930415066,0.9131593714790331,15.43837833404541,0.6050696969032288,0.039192568274408826,0.12
26,octanol_gsolv_eV,84,0.08185254782438278,0.06749942153692245,0.632709140424206,0.9686061118894975,14.074379920959473,0.011493849568068981,0.0008166505119669548,0.1
26,octanol_gsolv_eV,85,0.12195154279470444,0.051026251167058945,0.6352388667303972,0.9278288257162739,10.679893493652344,0.3203354477882385,0.029994254903256454,0.06
26,octanol_gsolv_eV,86,0.2002912312746048,0.07482520490884781,0.6345998167238114,0.9295600945161417,15.787574768066406,0.25249233841896057,0.015993104838982482,0.18
26,octanol_gsolv_eV,87,0.07108040899038315,0.06689206510782242,0.6345967913916555,0.9457922095309164,13.985625267028809,0.031123081222176552,0.0022253621577827767,0.04
26,octanol_gsolv_eV,88,0.30332034826278687,0.0635083019733429,0.6272696712760717,0.9146969571193582,13.137775421142578,0.9087186455726624,0.06916838021985552,0.26
26,octanol_gsolv_eV,89,0.12760291993618011,0.04864024370908737,0.6258838456582285,0.9605633649547405,9.822667121887207,0.05015493556857109,0.005106040441583745,0.12
26,octanol_gsolv_eV,90,0.035327568650245667,0.07277290523052216,0.6390409183349537,0.9759263364435098,15.375968933105469,0.012188676744699478,0.000792709506485569,0.04
26,octanol_gsolv_eV,91,0.0837908387184143,0.07079307734966278,0.6353516835775015,0.9674151743907844,14.843852043151855,0.01293144654482603,0.000871165146838815,0.06
26,octanol_gsolv_eV,92,0.03283427655696869,0.06930620968341827,0.6369665384321435,0.9586326970789849,14.570364952087402,0.008657820522785187,0.0005942075268021915,0.02
26,octanol_gsolv_eV,93,0.3200285732746124,0.07540224492549896,0.6382361166382973,0.936752655549828,16.076072692871094,0.7479625940322876,0.046526450105190825,0.22
26,octanol_gsolv_eV,94,0.17516663670539856,0.06975868344306946,0.6359918506646007,0.9252360630991181,14.720020294189453,0.4909800589084625,0.03335457758181698,0.1
26,octanol_gsolv_eV,95,0.09984169155359268,0.07395411282777786,0.6365242118457799,0.9716544245499439,15.554579734802246,0.017670685425400734,0.0011360439000395399,0.06
26,octanol_gsolv_eV,96,0.1419849693775177,0.0706542581319809,0.6349041154779294,0.9366227892906096,14.823882102966309,0.3176474869251251,0.02142809047716069,0.04
26,octanol_gsolv_eV,97,0.24683068692684174,0.06703465431928635,0.6329793260001184,0.9297080366913488,14.093838691711426,1.1655988693237305,0.08270272527024296,0.26
26,octanol_gsolv_eV,98,0.0360085666179657,0.08382166922092438,0.636201625610036,0.9742336898244586,17.61686897277832,0.013147924095392227,0.0007463258150871457,0.02
26,octanol_gsolv_eV,99,0.07785487174987793,0.07773355394601822,0.6344841040809637,0.9760001790544923,16.229366302490234,0.004342721309512854,0.00026758415754326193,0.04
26,octanol_gsolv_eV,100,0.19765764474868774,0.07030819356441498,0.6355542548474169,0.9427960773495079,14.795418739318848,0.2905385196208954,0.019637059602023214,0.16
26,octanol_gsolv_eV,101,0.1533324420452118,0.0654614120721817,0.6343951603008449,0.9343264558787985,13.693229675292969,0.10880952328443527,0.00794622787060696,0.12
26,octanol_gsolv_eV,102,0.068851999938488,0.07707458734512329,0.6330563664056388,0.968134533669063,16.045059204101562,0.006016635801643133,0.00037498370838701014,0.1
26,octanol_gsolv_eV,103,0.13538090884685516,0.07515086233615875,0.6369529027468854,0.9178721880245209,15.865432739257812,0.31837889552116394,0.02006745739328997,0.14
26,octanol_gsolv_eV,104,0.20730246603488922,0.042722489684820175,0.6270289241369609,0.9403662788706384,8.608980178833008,0.7725934386253357,0.0897427363725287,0.18
26,octanol_gsolv_eV,105,0.0957598090171814,0.07212366908788681,0.6358755528125055,0.9611624453044807,15.135115623474121,0.01776277646422386,0.0011736135293657299,0.04
26,octanol_gsolv_eV,106,0.13256914913654327,0.06487612426280975,0.633825211871625,0.9259132571325417,13.537700653076172,0.2870953679084778,0.0212070997332358,0.1
26,octanol_gsolv_eV,107,0.1263916790485382,0.07241557538509369,0.6378635203155245,0.9406967502748966,15.28199577331543,0.14365048706531525,0.00939998212250194,0.08
26,octanol_gsolv_eV,108,0.16820822656154633,0.06581161171197891,0.6327321298170694,0.9334812678738738,13.763833999633789,0.25150495767593384,0.01827288513379525,0.12
26,octanol_gsolv_eV,109,0.11527246981859207,0.08259090781211853,0.6372937096930045,0.9802729258639162,17.397600173950195,0.009019725024700165,0.0005184465060994788,0.04
26,octanol_gsolv_eV,110,0.13212613761425018,0.06115208566188812,0.6337337333605018,0.9358878058812259,12.796882629394531,0.19296446442604065,0.015079021197146865,0.12
26,octanol_gsolv_eV,111,0.21850594878196716,0.05247422307729721,0.636969316723043,0.908539562593502,11.010571479797363,0.8999279737472534,0.08173308491738845,0.16
26,octanol_gsolv_eV,112,0.06835682690143585,0.08288290351629257,0.633049425100608,0.9625285375300954,17.280550003051758,0.008578109554946423,0.0004964025770841508,0.02
26,octanol_gsolv_eV,113,0.22627881169319153,0.07017524540424347,0.6353918976489616,0.9167907594535294,14.837071418762207,0.5288861393928528,0.03564626228893461,0.12
26,octanol_gsolv_eV,114,0.18880918622016907,0.07315555959939957,0.6363685021435439,0.9336206913691973,15.473286628723145,0.26165536046028137,0.016910134655850628,0.1
26,octanol_gsolv_eV,115,0.23273155093193054,0.027585648000240326,0.6275038931685912,0.913380363360047,5.5392680168151855,0.6478559374809265,0.11695695812411921,0.08
26,octanol_gsolv_eV,116,0.04177993908524513,0.06525313854217529,0.6384934441317325,0.9469682111230617,13.755702018737793,0.009364895522594452,0.0006808009878258299,0.04
26,octanol_gsolv_eV,117,0.052064429968595505,0.07907551527023315,0.637250289024601,0.9541585471121516,16.620765686035156,0.00541308056563139,0.00032568178072442746,0.04
26,octanol_gsolv_eV,118,0.11564014106988907,0.061970148235559464,0.6369568702151063,0.9216532606619687,13.040738105773926,0.18872176110744476,0.0144717085472245,0.06
26,octanol_gsolv_eV,119,0.1715938001871109,0.07451821118593216,0.6381829827752696,0.9245952978703575,15.800032615661621,0.3079172372817993,0.019488392509809094,0.14
26,octanol_gsolv_eV,120,0.24281045794487,0.07653108984231949,0.6289254121132795,0.9177047995608594,15.989286422729492,0.8394808173179626,0.05250270682027453,0.12
26,octanol_gsolv_eV,121,0.08206899464130402,0.0693468227982521,0.6361327800525294,0.9702331800325683,14.562106132507324,0.015483526512980461,0.0010632752139071579,0.06
26,octanol_gsolv_eV,122,0.18087874352931976,0.07324521988630295,0.6374158519612785,0.9192965741612147,15.48897933959961,0.5462053418159485,0.035264127470265444,0.14
26,octanol_gsolv_eV,123,0.16079209744930267,0.07346054166555405,0.6348534496290617,0.9205257312916284,15.472977638244629,0.43628472089767456,0.028196558613211437,0.12
26,octanol_gsolv_eV,124,0.0441695898771286,0.072297103703022,0.6363954898943804,0.9626579255777719,15.182817459106445,0.019954780116677284,0.001314300206165535,0.02
26,octanol_gsolv_eV,125,0.15150563418865204,0.07156827300786972,0.6358917533413349,0.9451917925188136,15.053683280944824,0.11259722709655762,0.007479712771630107,0.1
26,octanol_gsolv_eV,126,0.06072874739766121,0.042727258056402206,0.6256841629103687,0.9501254011246618,8.601365089416504,0.08463183790445328,0.009839349571219572,0.04
26,octanol_gsolv_eV,127,0.19004854559898376,0.06685677170753479,0.6353363560005398,0.9283169559808455,14.110254287719727,0.45587971806526184,0.03230839847174248,0.1
26,octanol_gsolv_eV,128,0.07099976390600204,0.05546098202466965,0.6306691506222268,0.9652990986857148,11.491371154785156,0.014827237464487553,0.0012902931482039286,0.0
26,octanol_gsolv_eV,129,0.41178128123283386,0.04994311183691025,0.6309871009691461,0.9316034260438997,10.204728126525879,2.4342641830444336,0.23854277672688573,0.44
26,octanol_gsolv_eV,130,0.07816489040851593,0.0663440003991127,0.6375280949092874,0.9508256399860211,13.992874145507812,0.01321448478847742,0.0009443724463654751,0.06
26,octanol_gsolv_eV,131,0.1316695660352707,0.07703358680009842,0.6360623114205131,0.9562029209242089,16.179969787597656,0.05579814687371254,0.003448594008901252,0.12
26,octanol_gsolv_eV,132,0.15594063699245453,0.06641732156276703,0.6349534966126156,0.9336958913555871,13.94894790649414,0.61541748046875,0.04411927584748045,0.2
26,octanol_gsolv_eV,133,0.1889696568250656,0.07468018680810928,0.636640760092072,0.9341123371894751,15.746102333068848,0.4071488380432129,0.02585711876063118,0.2
26,octanol_gsolv_eV,134,0.2184104025363922,0.07331215590238571,0.6364959491382094,0.9241137573230649,15.456475257873535,1.2061691284179688,0.07803649333333909,0.2
26,octanol_gsolv_eV,135,0.21310745179653168,0.07396786659955978,0.6357153020123145,0.9296299955196548,15.65956974029541,0.521703839302063,0.03331533675281051,0.22
26,octanol_gsolv_eV,136,0.10821480304002762,0.03794417902827263,0.6261485254789991,0.9646996945650077,7.585843086242676,0.07923270761966705,0.010444812358874088,0.06
26,octanol_gsolv_eV,137,0.12332537770271301,0.07048357278108597,0.634008612823489,0.9616959505087102,14.752084732055664,0.02282467857003212,0.0015472171550394533,0.14
26,octanol_gsolv_eV,138,0.09231545776128769,0.07480467110872269,0.6361826956242012,0.9668224484967523,15.706533432006836,0.014969228766858578,0.0009530574541900012,0.08
26,octanol_gsolv_eV,139,0.3004978597164154,0.06730331480503082,0.6277304076092218,0.9189038384492545,13.788540840148926,1.8640024662017822,0.1351848964884126,0.26
26,octanol_gsolv_eV,140,0.17416206002235413,0.07813924551010132,0.633964922596163,0.9229095692050273,16.486875534057617,0.5496202111244202,0.03333683268179268,0.22
26,octanol_gsolv_eV,141,0.10904651880264282,0.06698564440011978,0.6344643115870199,0.9476295010480107,14.022561073303223,0.0425247848033905,0.0030325975819318115,0.12
26,octanol_gsolv_eV,142,0.17648182809352875,0.07313842326402664,0.6359305950229095,0.9532081192466035,15.412931442260742,0.2111368179321289,0.013698680145505125,0.1
26,octanol_gsolv_eV,143,0.1813114583492279,0.06273075938224792,0.6294496364427902,0.9327054706651978,13.032500267028809,0.31103500723838806,0.02386610403724924,0.14
26,octanol_gsolv_eV,144,0.2494121789932251,0.06628576666116714,0.6310144106543187,0.9168609110160697,13.808930397033691,1.5319772958755493,0.11094105421840889,0.24
26,octanol_gsolv_eV,145,0.1739664077758789,0.0731063112616539,0.6396105472048099,0.9202758163777218,15.442933082580566,0.26740556955337524,0.017315724164796476,0.16
26,octanol_gsolv_eV,146,0.20667673647403717,0.08910740166902542,0.6274905176946797,0.9390841547180371,18.501848220825195,0.38226449489593506,0.02066088156888392,0.14
26,octanol_gsolv_eV,147,0.10335854440927505,0.07448314130306244,0.6374871188700173,0.9582070932455582,15.691372871398926,0.023147115483880043,0.0014751491583041081,0.06
26,octanol_gsolv_eV,148,0.07670977711677551,0.07262395322322845,0.6361642912892012,0.9619363351261461,15.266512870788574,0.021377235651016235,0.0014002697165978297,0.04
26,octanol_gsolv_eV,149,0.07935724407434464,0.07580991089344025,0.634199420986294,0.9772782985304196,15.827880859375,0.006627846509218216,0.0004187450340386206,0.06
26,octanol_gsolv_eV,150,0.11189460754394531,0.05173896998167038,0.6259171781049953,0.9537540491759149,10.395477294921875,0.10488899797201157,0.010089868410683671,0.04
26,octanol_gsolv_eV,151,0.11362213641405106,0.07185182720422745,0.636477744652399,0.9809166119244181,15.10636043548584,0.006432885304093361,0.00042583952180712487,0.14
26,octanol_gsolv_eV,152,0.24043849110603333,0.06975114345550537,0.6370218570847277,0.9224225332963827,14.822144508361816,0.7156099677085876,0.048279786187813846,0.22
26,octanol_gsolv_eV,153,0.2264794260263443,0.032180123031139374,0.6279094882702614,0.9189645886761806,6.465064525604248,0.5812219977378845,0.08990196392255828,0.12
26,octanol_gsolv_eV,154,0.23165766894817352,0.07427544891834259,0.6381739500963031,0.9225707055626553,15.771872520446777,1.0178786516189575,0.0645375905935945,0.3
26,octanol_gsolv_eV,155,0.14735358953475952,0.07274900376796722,0.6387336656966529,0.9318661581548073,15.459888458251953,0.5280393958091736,0.03415544667318246,0.08
26,octanol_gsolv_eV,156,0.08623203635215759,0.07452846318483353,0.6359779884565582,0.9645695204765452,15.639421463012695,0.010943454690277576,0.0006997352629800851,0.04
26,octanol_gsolv_eV,157,0.07442095875740051,0.07115114480257034,0.6366583578605813,0.9585208429325132,14.963069915771484,0.006854645442217588,0.0004581042179715143,0.04
26,octanol_gsolv_eV,158,0.05395660549402237,0.07220485806465149,0.6360849034221197,0.9684777375143718,15.154271125793457,0.014213447459042072,0.0009379169305510149,0.02
26,octanol_gsolv_eV,159,0.20195157825946808,0.0711006298661232,0.63852567605829,0.9065865891930174,15.155325889587402,0.5983120799064636,0.039478668044844824,0.22
26,octanol_gsolv_eV,160,0.09970375895500183,0.1000242829322815,0.6358891233563158,0.9647106516549349,21.043102264404297,0.015067067928612232,0.0007160098230430171,0.02
26,octanol_gsolv_eV,161,0.18408027291297913,0.06088317558169365,0.6254243588908992,0.9258099038857515,12.425453186035156,0.5532016754150391,0.04452164980483585,0.12
26,octanol_gsolv_eV,162,0.11535583436489105,0.07597122341394424,0.6368921803796082,0.9266340753127202,15.988730430603027,0.08232193440198898,0.005148747410514954,0.06
26,octanol_gsolv_eV,163,0.13293428719043732,0.12038544565439224,0.623736574666516,0.9771128429956466,24.46511459350586,0.0343703031539917,0.0014048699025147882,0.08
26,octanol_gsolv_eV,164,0.053363457322120667,0.07520506531000137,0.6362705115472667,0.9664781648833987,15.803230285644531,0.010461404919624329,0.0006619788948546391,0.04
26,octanol_gsolv_eV,165,0.03941674157977104,0.07831104844808578,0.6324546874795902,0.9655532111119296,16.27105140686035,0.007768352050334215,0.00047743393196206425,0.04
26,octanol_gsolv_eV,166,0.08162045478820801,0.07359211891889572,0.6397457973687215,0.9720398456386738,15.549285888671875,0.006849892903119326,0.0004405278127987652,0.08
26,octanol_gsolv_eV,167,0.14114391803741455,0.0784849226474762,0.6349382779112518,0.9582391800539831,16.442848205566406,0.030003776773810387,0.0018247311170611665,0.1
26,octanol_gsolv_eV,168,0.07494617998600006,0.07246436923742294,0.6349392604606887,0.9741804147833422,15.166666984558105,0.010777976363897324,0.0007106357893181729,0.08
26,octanol_gsolv_eV,169,0.0528586246073246,0.06961321085691452,0.6366011530023425,0.9509925349084318,14.620292663574219,0.021986696869134903,0.0015038479307540634,0.02
26,octanol_gsolv_eV,170,0.049205172806978226,0.039561085402965546,0.6261991480469111,0.9503259872531706,8.033217430114746,0.04837906360626221,0.006022376965037677,0.04
26,octanol_gsolv_eV,171,0.14003711938858032,0.0715298131108284,0.6370285241799072,0.9525452287997527,15.044970512390137,0.08966024219989777,0.005959482747145231,0.08
26,octanol_gsolv_eV,172,0.13699795305728912,0.055836740881204605,0.6253325045370153,0.9779314944486242,11.230058670043945,0.024221036583185196,0.0021568041000350727,0.1
26,octanol_gsolv_eV,173,0.08907170593738556,0.06959963589906693,0.6357030350154904,0.958539133297523,14.595014572143555,0.032589033246040344,0.0022328880238489564,0.02
26,octanol_gsolv_eV,174,0.14528274536132812,0.07645613700151443,0.6366400684465536,0.9496766753214383,16.094051361083984,0.11176762729883194,0.006944654567779635,0.06
26,octanol_gsolv_eV,175,0.11274386197328568,0.09591387212276459,0.6365719411119002,0.9688382345866735,20.230745315551758,0.026441095396876335,0.0013069758421876115,0.04
26,octanol_gsolv_eV,176,0.1664045751094818,0.07243931293487549,0.6330764515846152,0.9107327889816244,15.258370399475098,0.5340426564216614,0.03499997984319695,0.14
26,octanol_gsolv_eV,177,0.13208812475204468,0.09360025823116302,0.6287810467516128,0.9589615005207337,19.33369255065918,0.07397019863128662,0.0038259736694098104,0.04
26,octanol_gsolv_eV,178,0.06961388140916824,0.06110014021396637,0.63702760654033,0.9233566241550815,12.821194648742676,0.1507977545261383,0.011761599340583012,0.06
26,octanol_gsolv_eV,179,0.2109510600566864,0.0613001249730587,0.6256819596001357,0.9311183010522703,12.593220710754395,0.8710201978683472,0.06916580101899675,0.14
26,octanol_gsolv_eV,180,0.09810767322778702,0.07364630699157715,0.635980392193872,0.9575854835812618,15.479839324951172,0.015867827460169792,0.0010250640931778433,0.08
26,octanol_gsolv_eV,181,0.05464593693614006,0.07051802426576614,0.635197389737099,0.9534868529700615,14.754762649536133,0.009736362844705582,0.0006598793268295426,0.02
26,octanol_gsolv_eV,182,0.09737027436494827,0.07468526810407639,0.6357924996046005,0.9560690424734781,15.676190376281738,0.09264152497053146,0.005909696345018825,0.04
26,octanol_gsolv_eV,183,0.3160683810710907,0.06893763691186905,0.6397803759907337,0.9462133004838287,14.768926620483398,0.7182285189628601,0.04863105745049412,0.24
26,octanol_gsolv_eV,184,0.11176968365907669,0.06815867871046066,0.633075399514661,0.9304383530872271,14.228694915771484,0.2640402615070343,0.018556885439603085,0.04
26,octanol_gsolv_eV,185,0.09420973062515259,0.07908273488283157,0.6339283742827881,0.9804191899191019,16.514741897583008,0.005560896825045347,0.0003367232052145607,0.04
26,octanol_gsolv_eV,186,0.1907486468553543,0.08093346655368805,0.6338323523280036,0.9251438164539847,16.950048446655273,0.2624443471431732,0.01548339805453246,0.18
26,octanol_gsolv_eV,187,0.2397368848323822,0.04176829755306244,0.6272809188691801,0.9278518655284518,8.408605575561523,0.8478555679321289,0.10083188708438252,0.16
26,octanol_gsolv_eV,188,0.09294717013835907,0.07163446396589279,0.6361400108976973,0.9511742621137538,15.054611206054688,0.022546779364347458,0.0014976660011837143,0.04
26,octanol_gsolv_eV,189,0.07659389823675156,0.07011086493730545,0.6363596548853667,0.96576931676875,14.727643013000488,0.012065037153661251,0.0008192103205523868,0.04
26,octanol_gsolv_eV,190,0.26704540848731995,0.05494222417473793,0.6256534870844115,0.9192845471593121,11.148744583129883,0.7643909454345703,0.06856296148278754,0.34
26,octanol_gsolv_eV,191,0.02273678593337536,0.06235498934984207,0.6347442809891839,0.9629608208422817,13.049169540405273,0.008657436817884445,0.0006634473397772689,0.06
26,octanol_gsolv_eV,192,0.180734321475029,0.0724678710103035,0.6382903570750718,0.9194120485401254,15.428125381469727,0.5442118048667908,0.03527400714026007,0.14
26,octanol_gsolv_eV,193,0.10164786130189896,0.06581833958625793,0.6325256063765587,0.9514597965366767,13.729633331298828,0.027754750102758408,0.0020215215827714167,0.06
26,octanol_gsolv_eV,194,0.1990315318107605,0.048454105854034424,0.627236107057038,0.951647766946276,9.754853248596191,0.4541756212711334,0.04655893940141983,0.16
26,octanol_gsolv_eV,195,0.20207366347312927,0.08870549499988556,0.6303088447659242,0.9158833405207605,18.54867935180664,0.8026174902915955,0.04327086985917521,0.1
26,octanol_gsolv_eV,196,0.2842876613140106,0.07277994602918625,0.6374777700792806,0.9191932340007849,15.568492889404297,1.103663682937622,0.07089084927987863,0.24
26,octanol_gsolv_eV,197,0.08758512139320374,0.07802626490592957,0.6352507074383844,0.952184695930888,16.355411529541016,0.035673122853040695,0.0021811204682076132,0.04
26,octanol_gsolv_eV,198,0.09774179756641388,0.06565641611814499,0.6327058712406695,0.945122612087669,13.691524505615234,0.056676313281059265,0.004139518083454833,0.08
26,octanol_gsolv_eV,199,0.06687192618846893,0.05758417025208473,0.6253515366325362,0.9639185446063228,11.667004585266113,0.04903532937169075,0.004202906496978316,0.04
26,octanol_gsolv_eV,200,0.055384378880262375,0.07153670489788055,0.6349507115341202,0.963100206866284,14.976865768432617,0.009305943734943867,0.0006213545530039004,0.04
26,octanol_gsolv_eV,201,0.15512074530124664,0.09005921334028244,0.6312311816687892,0.9705807328854683,18.759130477905273,0.005935675464570522,0.00031641527690004777,0.04
26,octanol_gsolv_eV,202,0.06664139032363892,0.08567611128091812,0.6281355264368185,0.9643732356944035,17.639097213745117,0.010071881115436554,0.0005709975399187735,0.02
26,octanol_gsolv_eV,203,0.277425616979599,0.08459735661745071,0.6362426525636475,0.9271377694724663,17.984159469604492,2.255336284637451,0.1254068219562474,0.24
26,octanol_gsolv_eV,204,0.14440695941448212,0.06463077664375305,0.6325548262477854,0.9424209280593525,13.49553394317627,0.22583229839801788,0.01673385427719258,0.12
26,octanol_gsolv_eV,205,0.1951114386320114,0.07465274631977081,0.6361064169338537,0.9326059746815367,15.80025577545166,0.35237205028533936,0.022301667472548657,0.1
26,octanol_gsolv_eV,206,0.14662639796733856,0.10088059306144714,0.6253777008126484,0.9573736765701717,20.623018264770508,0.08232875913381577,0.0039920809881866205,0.08
26,octanol_gsolv_eV,207,0.0505879782140255,0.08180561661720276,0.632515014549111,0.9720284581220429,17.02613639831543,0.014474759809672832,0.0008501494097689109,0.02
26,octanol_gsolv_eV,208,0.09164000302553177,0.07080505788326263,0.6255395840850997,0.9607339581281127,14.355119705200195,0.03415219485759735,0.0023790950935244095,0.04
26,octanol_gsolv_eV,209,0.17134544253349304,0.06591559946537018,0.6313349935632273,0.9279369938058433,13.788473129272461,0.43419745564460754,0.03148988663021876,0.14
26,octanol_gsolv_eV,210,0.03629295155405998,0.08133243024349213,0.6296572243412748,0.9448621521563427,16.801677703857422,0.07249213755130768,0.004314577319541401,0.04
26,octanol_gsolv_eV,211,0.19142931699752808,0.07220657169818878,0.637832580414748,0.9146306188429036,15.29438304901123,0.8876311182975769,0.05803641215556985,0.1
26,octanol_gsolv_eV,212,0.19972363114356995,0.06808924674987793,0.6364195968945159,0.8998038424553783,14.432132720947266,0.7645106315612793,0.05297281048778354,0.14
26,octanol_gsolv_eV,213,0.26916295289993286,0.05821746215224266,0.6278985775773114,0.9561327859942983,11.821304321289062,0.933261513710022,0.07894742308844087,0.26
26,octanol_gsolv_eV,214,0.23250000178813934,0.0692293643951416,0.6364276792576753,0.9172938758201963,14.703326225280762,0.6870517134666443,0.04672763855877277,0.16
26,octanol_gsolv_eV,215,0.16192159056663513,0.07310091704130173,0.6352888068545683,0.9438417863207123,15.375577926635742,0.18856404721736908,0.012263867291174263,0.06
26,octanol_gsolv_eV,216,0.07318985462188721,0.06676510721445084,0.6347723714351128,0.949974758587403,13.984166145324707,0.014443538151681423,0.00103284943854234,0.04
26,octanol_gsolv_eV,217,0.22693108022212982,0.07967774569988251,0.6343496709794969,0.9299324573347543,16.816307067871094,0.5820786356925964,0.03461393951378924,0.26
26,octanol_gsolv_eV,218,0.14361199736595154,0.11319108307361603,0.6225520236701791,0.9725178610450282,22.88710594177246,0.02661941386759281,0.0011630746995848137,0.12
26,octanol_gsolv_eV,219,0.15930582582950592,0.07332667708396912,0.6362948854391612,0.9324238730412406,15.44468879699707,0.1734178066253662,0.011228313428955852,0.08
26,octanol_gsolv_eV,220,0.09730835258960724,0.11894349753856659,0.6183959188268151,0.9709934937317963,23.690715789794922,0.010828932747244835,0.00045709605582747046,0.04
26,octanol_gsolv_eV,221,0.10865677148103714,0.050199102610349655,0.6258407464010691,0.9654253722544861,10.087231636047363,0.03405731916427612,0.003376280072975635,0.04
26,octanol_gsolv_eV,222,0.12138930708169937,0.03793351352214813,0.6258825486926833,0.9427868881841543,7.592509746551514,0.17029240727424622,0.022429000812490538,0.06
26,octanol_gsolv_eV,223,0.26385876536369324,0.035950370132923126,0.6321800014785375,0.8874622244728965,7.504075050354004,0.9013518691062927,0.12011498593204656,0.2
26,octanol_gsolv_eV,224,0.09877462685108185,0.07464051246643066,0.6360675708040264,0.9719561817771132,15.681840896606445,0.00867831613868475,0.0005533990681261624,0.06
26,octanol_gsolv_eV,225,0.17888163030147552,0.0704687237739563,0.6349901930614843,0.9131638034762604,14.847458839416504,0.3247488737106323,0.021872353863578366,0.08
26,octanol_gsolv_eV,226,0.10886824131011963,0.03740350157022476,0.6259630042640631,0.9653781605924039,7.527037143707275,0.12063872069120407,0.016027384798022418,0.04
26,octanol_gsolv_eV,227,0.11530949175357819,0.0693429559469223,0.636751570507766,0.9226915640181648,14.597029685974121,0.2451908439397812,0.016797310769010646,0.06
26,octanol_gsolv_eV,228,0.08470277488231659,0.07212260365486145,0.6364238912783078,0.9011345763912171,15.200881004333496,0.5578013062477112,0.03669532746744693,0.02
26,octanol_gsolv_eV,229,0.18054547905921936,0.07235605269670486,0.6341149064512952,0.9287856362698637,15.199835777282715,0.591622531414032,0.03892295548997022,0.14
26,octanol_gsolv_eV,230,0.06120680272579193,0.07015928626060486,0.6353622697454249,0.967773465264445,14.708826065063477,0.007708437275141478,0.0005240688305812943,0.04
26,octanol_gsolv_eV,231,0.08208920806646347,0.07230570167303085,0.6363900176494759,0.9715705451022887,15.190909385681152,0.00975019671022892,0.0006418441755316761,0.06
26,octanol_gsolv_eV,232,0.12740060687065125,0.07087521255016327,0.6364026613562581,0.9637119573376944,14.907126426696777,0.018984921276569366,0.0012735466737955462,0.06
26,octanol_gsolv_eV,233,0.12139984220266342,0.06973544508218765,0.6386723820262041,0.9764814109360695,14.73090648651123,0.008633097633719444,0.0005860533865736357,0.08
26,octanol_gsolv_eV,234,0.13015155494213104,0.0786670595407486,0.6361372402621179,0.9552958462761882,16.537025451660156,0.05218477174639702,0.0031556323051530515,0.06
26,octanol_gsolv_eV,235,0.21263273060321808,0.06889414042234421,0.6350458864501118,0.9181971282107948,14.58604907989502,1.4652608633041382,0.10045632338669494,0.1
26,octanol_gsolv_eV,236,0.09778417646884918,0.07450859248638153,0.6351836113792102,0.9633782276937388,15.608567237854004,0.013214611448347569,0.0008466255260315888,0.06
26,octanol_gsolv_eV,237,0.05143442377448082,0.07843692600727081,0.6351185026058195,0.9512727406409196,16.427980422973633,0.021019913256168365,0.001279519010551849,0.02
26,octanol_gsolv_eV,238,0.08138629794120789,0.04411861300468445,0.6312574588836375,0.9466096236171138,9.138171195983887,0.14519159495830536,0.015888473945652855,0.02
26,octanol_gsolv_eV,239,0.12038709223270416,0.08438471704721451,0.6336780221965985,0.954816646715895,17.624027252197266,0.10688906908035278,0.00606496276649972,0.06
26,octanol_gsolv_eV,240,0.14747358858585358,0.07338108122348785,0.6369402755443212,0.9379915584695997,15.507603645324707,0.1363949328660965,0.00879535845676694,0.06
26,octanol_gsolv_eV,241,0.07931666821241379,0.07836046069860458,0.6351999841157421,0.958417603176305,16.407100677490234,0.054096926003694534,0.003297165481401169,0.04
26,octanol_gsolv_eV,242,0.06630247831344604,0.09103178977966309,0.6332876119035902,0.9546524571622195,18.9691162109375,0.021154580637812614,0.001115211715852897,0.04
26,octanol_gsolv_eV,243,0.28419679403305054,0.04529836028814316,0.6279945062240935,0.9109310166743625,9.33448314666748,1.16879141330719,0.12521222599501527,0.16
26,octanol_gsolv_eV,244,0.2543286383152008,0.07125008851289749,0.6380245034708947,0.904666282020012,15.188164710998535,0.6855400204658508,0.045136462074934956,0.2
26,octanol_gsolv_eV,245,0.14761076867580414,0.0760338082909584,0.637517552925436,0.9299641733737511,16.079208374023438,0.2290956974029541,0.014247946296477305,0.1
26,octanol_gsolv_eV,246,0.15643325448036194,0.0733269527554512,0.6372985268426459,0.914437587667486,15.519072532653809,0.3721858263015747,0.023982478689912393,0.08
26,octanol_gsolv_eV,247,0.13476479053497314,0.08276380598545074,0.6370318303834128,0.9738587119016031,17.42934799194336,0.03845812380313873,0.00220651534531962,0.08
26,octanol_gsolv_eV,248,0.10044674575328827,0.05722453445196152,0.6338352498723199,0.9394496951501228,11.961435317993164,0.13551375269889832,0.011329221710963882,0.06
26,octanol_gsolv_eV,249,0.19837221503257751,0.06799188256263733,0.6252860395911031,0.9163360015497852,13.974902153015137,0.5258844494819641,0.03763063552960209,0.16
26,octanol_hl_gap_eV,0,0.13984055817127228,0.0033954589162021875,0.605656977087262,0.9235293299382479,0.7239453196525574,0.04326312988996506,0.05976021767877207,0.06
26,octanol_hl_gap_eV,1,0.009060638025403023,0.002476111287251115,0.5944003769527504,0.9697569046214003,0.5627527236938477,0.0008936664671637118,0.0015880269069117646,0.02
26,octanol_hl_gap_eV,2,0.12248697876930237,0.0010893834987655282,0.6464016409957447,0.9680919255395264,0.2581484019756317,0.0006647156551480293,0.0025749361609868735,0.12
26,octanol_hl_gap_eV,3,0.13105301558971405,0.003006707178428769,0.6126742016473998,0.9005332188819786,0.5445104241371155,0.05373898521065712,0.09869229830781877,0.04
26,octanol_hl_gap_eV,4,0.04865093156695366,0.005254550836980343,0.6300195222945812,0.9451675331160845,0.9967023730278015,0.013791406527161598,0.013837035909993672,0.0
26,octanol_hl_gap_eV,5,0.014665295369923115,0.0011615841649472713,0.6187128394624717,0.9755852851107816,0.20529459416866302,0.0015841409331187606,0.007716427894917118,0.06
26,octanol_hl_gap_eV,6,0.27773112058639526,0.001476691453717649,0.5889399085307199,0.935489107982842,0.3732498586177826,0.05073505640029907,0.13592786501830417,0.1
26,octanol_hl_gap_eV,7,0.07532458007335663,0.0023940717801451683,0.5949834230805324,0.9731646635974827,0.4866410493850708,0.003467031056061387,0.007124411433113577,0.04
26,octanol_hl_gap_eV,8,0.16995374858379364,0.0018129077507182956,0.62394925974807,0.9309208871184631,0.2504136264324188,0.024692535400390625,0.09860699576208806,0.2
26,octanol_hl_gap_eV,9,0.07103675603866577,0.0010375487618148327,0.6501443531868385,0.964759815130817,0.27764275670051575,0.0008745722007006407,0.0031499910571915744,0.1
26,octanol_hl_gap_eV,10,0.13372774422168732,0.0016222269041463733,0.6364653857490785,0.9757308880087172,0.3576858341693878,0.002686323830857873,0.0075102885667698025,0.24
26,octanol_hl_gap_eV,11,0.16058632731437683,0.0013706862227991223,0.6379220117319284,0.968095253024408,0.25876951217651367,0.0013963019009679556,0.0053959289455069205,0.22
26,octanol_hl_gap_eV,12,0.05287686735391617,0.0024239595513790846,0.6155257133392447,0.9702112073073106,0.4401969611644745,0.0017695213900879025,0.004019840085690054,0.06
26,octanol_hl_gap_eV,13,0.1490791141986847,0.000970713677816093,0.6600632888804379,0.9734565502031305,0.2599005401134491,0.0006884374306537211,0.002648849557423819,0.08
26,octanol_hl_gap_eV,14,0.006432738620787859,0.0013435044093057513,0.6386615640389659,0.960979043261253,0.3259597718715668,0.002821933710947633,0.008657306681572715,0.04
26,octanol_hl_gap_eV,15,0.3398865759372711,0.0016483739018440247,0.6164502712902011,0.9156746336269173,0.3711297810077667,0.07051176577806473,0.18999220592483013,0.4
26,octanol_hl_gap_eV,16,0.07719690352678299,0.0009431563084945083,0.649847931368295,0.9468820015260371,0.23335054516792297,0.006212476175278425,0.02662293405317662,0.02
26,octanol_hl_gap_eV,17,0.06904059648513794,0.001275978283956647,0.6286740989184243,0.9845961374940941,0.3020591735839844,0.0016621692338958383,0.00550279342346704,0.06
26,octanol_hl_gap_eV,18,0.06665772944688797,0.001316931564360857,0.6188259014406752,0.9597681307269508,0.3347965180873871,0.0008634414407424629,0.0025790036457819174,0.1
26,octanol_hl_gap_eV,19,0.05402190983295441,0.0016277204267680645,0.6024009241673196,0.967131090311198,0.42963695526123047,0.0027047269977629185,0.0062953779106789684,0.02
26,octanol_hl_gap_eV,20,0.09272965043783188,0.005686793942004442,0.6217213565369624,0.9084850874537524,1.263861060142517,0.08545655012130737,0.06761546250318924,0.02
26,octanol_hl_gap_eV,21,0.10786804556846619,0.0016593034379184246,0.6322235647638903,0.9642702000945356,0.32626596093177795,0.0011385590769350529,0.003489665528342152,0.02
26,octanol_hl_gap_eV,22,0.033871881663799286,0.0014503415441140532,0.6209612057179719,0.9640165162580436,0.34125787019729614,0.0005659929011017084,0.0016585490051100743,0.04
26,octanol_hl_gap_eV,23,0.057062435895204544,0.002598846098408103,0.6174235803136099,0.9775168695975827,0.4728357791900635,0.0011745865922421217,0.0024841322165892587,0.06
26,octanol_hl_gap_eV,24,0.06940463185310364,0.0007529834401793778,0.6331764330766816,0.9565684066112281,0.26219505071640015,0.0004634608922060579,0.0017676187667911181,0.1
26,octanol_hl_gap_eV,25,0.2782900929450989,0.0013700106646865606,0.6232507465111319,0.9282367908859352,0.2624671161174774,0.047523271292448044,0.1810637156967776,0.14
26,octanol_hl_gap_eV,26,0.04419441148638725,0.0028857265133410692,0.6297416929962254,0.9749140628898578,0.5009779930114746,0.0008724558865651488,0.0017415054128838065,0.06
26,octanol_hl_gap_eV,27,0.011206918396055698,0.0010849505197256804,0.6254613433517748,0.9698882750617004,0.2697509527206421,0.0013796495040878654,0.005114530607484638,0.02
26,octanol_hl_gap_eV,28,0.07581153512001038,0.0028693494386970997,0.6010054595475487,0.9809990471345991,0.5536349415779114,0.0036667727399617434,0.006623087642393195,0.12
26,octanol_hl_gap_eV,29,0.11524586379528046,0.0013502013171091676,0.626584260573577,0.9679959460016863,0.37021341919898987,0.0007030242122709751,0.0018989700962003739,0.08
26,octanol_hl_gap_eV,30,0.18389971554279327,0.0016100070206448436,0.6173322823050391,0.9330482266879876,0.24424976110458374,0.017328042536973953,0.07094394876216223,0.04
26,octanol_hl_gap_eV,31,0.07839485257863998,0.0011538469698280096,0.6339045816537032,0.9565798856310952,0.2974632978439331,0.0014196408446878195,0.004772490774416975,0.12
26,octanol_hl_gap_eV,32,0.03634395822882652,0.0010575834894552827,0.6216920054352999,0.9715923487496927,0.283358097076416,0.0013676374219357967,0.004826533760801522,0.12
26,octanol_hl_gap_eV,33,0.19622159004211426,0.0019754311069846153,0.61506656067373,0.8960509963167393,0.356571227312088,0.06413140892982483,0.17985581566202477,0.0
26,octanol_hl_gap_eV,34,0.09386713802814484,0.0010625488357618451,0.630048970439697,0.9324956387340555,0.2726680636405945,0.0030734268948435783,0.011271679029102146,0.12
26,octanol_hl_gap_eV,35,0.1937779039144516,0.0015202375361695886,0.6191627998875191,0.9209478119472614,0.4017934799194336,0.029412891715765,0.07320400450913933,0.22
26,octanol_hl_gap_eV,36,0.09263251721858978,0.0009889289503917098,0.648288044951171,0.9642128214123662,0.3191812038421631,0.0014579454436898232,0.004567767231089164,0.12
26,octanol_hl_gap_eV,37,0.04933401942253113,0.0033122666645795107,0.628495214285314,0.978783516695658,0.6017397046089172,0.0012359876418486238,0.002054023745453056,0.04
26,octanol_hl_gap_eV,38,0.13422301411628723,0.002435155911371112,0.593861325584522,0.9342560216116929,0.5461240410804749,0.026934394612908363,0.04931918865834989,0.1
26,octanol_hl_gap_eV,39,0.05084818974137306,0.0024519851431250572,0.6225454296345081,0.9740086866339526,0.42198723554611206,0.001561730750836432,0.0037008957126755935,0.0
26,octanol_hl_gap_eV,40,0.09531951695680618,0.0014490975299850106,0.6164721075793858,0.9796436601427276,0.2517302632331848,0.0007614348432980478,0.0030248045408537523,0.06
26,octanol_hl_gap_eV,41,0.013649402186274529,0.0009867096086964011,0.658120714475757,0.9743024655752872,0.27792057394981384,0.0008207449573092163,0.0029531637246022102,0.08
26,octanol_hl_gap_eV,42,0.030280549079179764,0.003719946136698127,0.6195132004851067,0.9724226366794686,0.8817107677459717,0.0009167151874862611,0.0010397005696434621,0.02
26,octanol_hl_gap_eV,43,0.0834038108587265,0.001461537554860115,0.6162693445989849,0.9729014800745626,0.3876902163028717,0.0010730779031291604,0.002767874601949845,0.1
26,octanol_hl_gap_eV,44,0.03985609859228134,0.0019031171686947346,0.6084389658198335,0.964418572161027,0.4531676769256592,0.0017188958590850234,0.0037930680995304157,0.02
26,octanol_hl_gap_eV,45,0.10685538500547409,0.0013591625029221177,0.6236772322711972,0.9747949829859419,0.37603050470352173,0.0008340046042576432,0.0022179174131503176,0.12
26,octanol_hl_gap_eV,46,0.11686403304338455,0.001551332650706172,0.5877886131050694,0.9347962010263056,0.3157922625541687,0.014046362601220608,0.04447975541772876,0.04
26,octanol_hl_gap_eV,47,0.07463914155960083,0.0010030666599050164,0.6746827301518685,0.9605833752009325,0.27937188744544983,0.0011751939309760928,0.004206557580728524,0.24
26,octanol_hl_gap_eV,48,0.11159705370664597,0.001616823603399098,0.6102069256244802,0.9778231917110656,0.29248255491256714,0.0014219526201486588,0.004861666435366473,0.18
26,octanol_hl_gap_eV,49,0.043494533747434616,0.0009343271376565099,0.6485731993548216,0.9793618127399581,0.2537894546985626,0.0010237620444968343,0.004033903007171056,0.22
26,octanol_hl_gap_eV,50,0.08014016598463058,0.0009538898011669517,0.6445792717584531,0.9603706009628519,0.280892550945282,0.000728595070540905,0.0025938568612409937,0.16
26,octanol_hl_gap_eV,51,0.03961099684238434,0.001261559664271772,0.6322303648493399,0.9763534987351237,0.26400187611579895,0.0010830886894837022,0.004102579517308535,0.16
26,octanol_hl_gap_eV,52,0.11515232175588608,0.0015556422295048833,0.6072225953008275,0.9642428596752461,0.3231894075870514,0.0019440747564658523,0.006015279928201897,0.2
26,octanol_hl_gap_eV,53,0.05922060087323189,0.0009372142958454788,0.6627715555648752,0.9720348253786917,0.30370476841926575,0.0007160237873904407,0.0023576310346302065,0.14
26,octanol_hl_gap_eV,54,0.4909227788448334,0.0017751476261764765,0.6290465536363612,0.9368399418353441,0.35071542859077454,0.13067325949668884,0.3725905644406719,0.5
26,octanol_hl_gap_eV,55,0.2212200164794922,0.0013602733379229903,0.630842302055483,0.9384310738217547,0.3547098934650421,0.029497720301151276,0.08316012844467892,0.24
26,octanol_hl_gap_eV,56,0.02150043286383152,0.001845263410359621,0.6118585889494312,0.9726953900776041,0.3917872905731201,0.0008934361976571381,0.002280411384325889,0.02
26,octanol_hl_gap_eV,57,0.018610643222928047,0.002350469818338752,0.6266403198814288,0.9534148087493,0.40832051634788513,0.0008961632265709341,0.0021947543429520246,0.06
26,octanol_hl_gap_eV,58,0.02527156099677086,0.0010286275064572692,0.6318342104374337,0.9716483169636128,0.29805582761764526,0.0005208731745369732,0.001747569167495576,0.12
26,octanol_hl_gap_eV,59,0.07710418850183487,0.0012714590411633253,0.6194245627583961,0.9585893842637476,0.3503868281841278,0.0006200102507136762,0.0017695021640136018,0.2
26,octanol_hl_gap_eV,60,0.06674101948738098,0.002297414466738701,0.5914610143123842,0.9868041944363317,0.416216641664505,0.0023756450973451138,0.005707712906059203,0.1
26,octanol_hl_gap_eV,61,0.09675301611423492,0.0014279056340456009,0.646821988524237,0.9673869692403623,0.29605868458747864,0.0012040589936077595,0.00406696055981424,0.06
26,octanol_hl_gap_eV,62,0.3524961471557617,0.0012596726883202791,0.6245153071194416,0.9061722350733348,0.3569115102291107,0.04992455989122391,0.13987937754984714,0.34
26,octanol_hl_gap_eV,63,0.037268541753292084,0.0015169279649853706,0.6030198529440114,0.9672513418403328,0.28874528408050537,0.0008710061083547771,0.0030165206373099795,0.12
26,octanol_hl_gap_eV,64,0.0673711746931076,0.002522964496165514,0.611312509937787,0.9459252102955482,0.5865495204925537,0.008412574417889118,0.014342479405361507,0.06
26,octanol_hl_gap_eV,65,0.062451884150505066,0.0014919114764779806,0.6084928356464674,0.9721712889611911,0.2829669415950775,0.0006207334226928651,0.0021936605710681486,0.02
26,octanol_hl_gap_eV,66,0.10492710024118423,0.0009436464169993997,0.662057585651386,0.9760586484603633,0.3108700215816498,0.0007406081422232091,0.0023823723447347236,0.14
26,octanol_hl_gap_eV,67,0.08661504089832306,0.0012028024066239595,0.6554990661912696,0.9649193050407328,0.3485511839389801,0.002455024281516671,0.0070435115261191185,0.16
26,octanol_hl_gap_eV,68,0.052975960075855255,0.005652004852890968,0.6193483972719089,0.9153900325329538,1.047995686531067,0.048887040466070175,0.04664813137532028,0.0
26,octanol_hl_gap_eV,69,0.09811408817768097,0.0023354797158390284,0.6153695491008506,0.9761107389042669,0.48237940669059753,0.003104463219642639,0.006435729172066148,0.12
26,octanol_hl_gap_eV,70,0.1611020267009735,0.001344073098152876,0.6374835064480888,0.9468049189547203,0.3267797529697418,0.007653102278709412,0.023419756607191176,0.04
26,octanol_hl_gap_eV,71,0.004677038174122572,0.003586024045944214,0.6068239031494989,0.9661184335159025,0.6044577360153198,0.0007983988034538925,0.0013208513281955205,0.02
26,octanol_hl_gap_eV,72,0.04203160107135773,0.0062747523188591,0.6015069562934179,0.9758881461095656,1.2573978900909424,0.002241777488961816,0.001782870407711339,0.02
26,octanol_hl_gap_eV,73,0.09209702908992767,0.0011732092825695872,0.6487222602246128,0.9653415566598125,0.3386509418487549,0.0010882338974624872,0.0032134382722269353,0.18
26,octanol_hl_gap_eV,74,0.03186619654297829,0.0013647251762449741,0.5904729581855805,0.9675818872503261,0.3439028263092041,0.0006384910084307194,0.0018566029691673722,0.18
26,octanol_hl_gap_eV,75,0.1347733587026596,0.001450957264751196,0.6379184558238431,0.9853987000048385,0.19278372824192047,0.009518051519989967,0.049371653960576765,0.06
26,octanol_hl_gap_eV,76,0.013300339691340923,0.0015513343969359994,0.6268402409072122,0.9676558333981395,0.3254087269306183,0.001123426016420126,0.003452353681527589,0.0
26,octanol_hl_gap_eV,77,0.017534669488668442,0.0015089097432792187,0.6287088656249227,0.9619751589971977,0.2755078375339508,0.0018689350690692663,0.006783600371582742,0.14
26,octanol_hl_gap_eV,78,0.1436743438243866,0.0017272972036153078,0.6093281308518226,0.9538111684249846,0.38892826437950134,0.008335291408002377,0.021431436517735613,0.08
26,octanol_hl_gap_eV,79,0.07968567311763763,0.0008215777925215662,0.6667421780639449,0.9755276636344088,0.262136310338974,0.00042398006189614534,0.0016174030272566504,0.12
26,octanol_hl_gap_eV,80,0.01973390206694603,0.0011913120979443192,0.6035878872058664,0.9595440471486896,0.253190279006958,0.0010636498918756843,0.004200990243572715,0.02
26,octanol_hl_gap_eV,81,0.07205197215080261,0.0014352659927681088,0.5975319451410501,0.9700972941031254,0.2878873348236084,0.0010013438295572996,0.003478248982960065,0.12
26,octanol_hl_gap_eV,82,0.10222321003675461,0.000988920102827251,0.6216286490331768,0.9316315901043881,0.2439557909965515,0.004014947451651096,0.01645768454706554,0.12
26,octanol_hl_gap_eV,83,0.1657487004995346,0.0021667710971087217,0.6270254497217456,0.9466067107057499,0.3896203935146332,0.02829628996551037,0.07262527946820019,0.06
26,octanol_hl_gap_eV,84,0.019290801137685776,0.0015781860565766692,0.6064071965495423,0.9660318001796431,0.30947059392929077,0.001653374289162457,0.005342589317356037,0.04
26,octanol_hl_gap_eV,85,0.034399837255477905,0.00200867373496294,0.5992589303433118,0.9602456838601916,0.4339282214641571,0.002804793883115053,0.006463727742001063,0.02
26,octanol_hl_gap_eV,86,0.03522932156920433,0.0013325666077435017,0.6197641968744845,0.9643733101854308,0.234825000166893,0.0011909144232049584,0.005071497593350627,0.02
26,octanol_hl_gap_eV,87,0.18344202637672424,0.0012417820980772376,0.6044237643874375,0.9215723157081055,0.24871733784675598,0.0259285569190979,0.10424909314152217,0.1
26,octanol_hl_gap_eV,88,0.029210831969976425,0.011876607313752174,0.624825250793019,0.9857063657195932,2.3264319896698,0.000875693338457495,0.00037641046131840105,0.08
26,octanol_hl_gap_eV,89,0.15184138715267181,0.0011651513632386923,0.6626661924575419,0.9762876495024682,0.20400242507457733,0.004225101787596941,0.020711037067585678,0.02
26,octanol_hl_gap_eV,90,0.06356813758611679,0.004773266147822142,0.5996453391425314,0.9767003480589789,0.9808169603347778,0.007614419795572758,0.007763344337942283,0.02
26,octanol_hl_gap_eV,91,0.061890408396720886,0.001437848201021552,0.6287100854936969,0.9736876862081105,0.3292181193828583,0.0019688992761075497,0.005980531326156608,0.12
26,octanol_hl_gap_eV,92,0.20587699115276337,0.0017620293656364083,0.6172308121583181,0.9280978071766053,0.40015774965286255,0.037052541971206665,0.09259483791917013,0.12
26,octanol_hl_gap_eV,93,0.33201050758361816,0.002245592884719372,0.6110179990161,0.9167531356729841,0.3732924461364746,0.22457927465438843,0.6016175172542412,0.26
26,octanol_hl_gap_eV,94,0.0311411265283823,0.0010460616322234273,0.633593449387615,0.9715308804633913,0.2645840048789978,0.000979958102107048,0.0037037692530023205,0.14
26,octanol_hl_gap_eV,95,0.049405019730329514,0.0006870848010294139,0.6736829110989866,0.9502958036040936,0.2855476140975952,0.0004199174582026899,0.0014705689610811086,0.04
26,octanol_hl_gap_eV,96,0.041141360998153687,0.001512031420134008,0.6144998360248228,0.9659357502527783,0.41743960976600647,0.0008894273196347058,0.002130673033479668,0.04
26,octanol_hl_gap_eV,97,0.1051650196313858,0.0011563946027308702,0.6323446996622275,0.9771368257335173,0.2593189775943756,0.000991674023680389,0.003824147514693492,0.18
26,octanol_hl_gap_eV,98,0.2485484927892685,0.0010673130163922906,0.6330787193131444,0.9125254664398261,0.33580222725868225,0.030805209651589394,0.09173616834845731,0.16
26,octanol_hl_gap_eV,99,0.05959897115826607,0.0021472873631864786,0.5792666013929753,0.9687675743828523,0.31979960203170776,0.0010061986977234483,0.0031463413066526733,0.0
26,octanol_hl_gap_eV,100,0.2900434732437134,0.0013951247092336416,0.623698242165748,0.9133657531134778,0.296566903591156,0.05090939253568649,0.17166242058442788,0.28
26,octanol_hl_gap_eV,101,0.04357979819178581,0.0010643661953508854,0.6162825150145221,0.9596092943402998,0.28401532769203186,0.0007673290674574673,0.0027017170998936725,0.02
26,octanol_hl_gap_eV,102,0.03708964213728905,0.001127027440816164,0.6090256049750671,0.9648252589187232,0.3596915602684021,0.0005234637064859271,0.0014553127298714435,0.12
26,octanol_hl_gap_eV,103,0.17126940190792084,0.0024879565462470055,0.6204641491942728,0.9173987189577173,0.44834670424461365,0.03910749778151512,0.08722601819367551,0.14
26,octanol_hl_gap_eV,104,0.017346994951367378,0.009877249598503113,0.6346221559861269,0.9719123452410179,1.9668152332305908,0.002196123357862234,0.001116588544138431,0.0
26,octanol_hl_gap_eV,105,0.2700852155685425,0.0010468936525285244,0.6495457028177813,0.9104187332002189,0.2893580198287964,0.03920503705739975,0.13548971989992217,0.14
26,octanol_hl_gap_eV,106,0.04232170432806015,0.001112844911403954,0.635033391671691,0.9684605561027189,0.2662208080291748,0.0007583965198136866,0.0028487499734828198,0.26
26,octanol_hl_gap_eV,107,0.07643650472164154,0.001364341820590198,0.6052716689965554,0.9606859010728526,0.2986506223678589,0.0008390960283577442,0.002809624241546696,0.16
26,octanol_hl_gap_eV,108,0.045014385133981705,0.0013204674469307065,0.6157609662151757,0.9711340855768442,0.36646169424057007,0.0003666988341137767,0.0010006471068516399,0.02
26,octanol_hl_gap_eV,109,0.06760851293802261,0.0015590500552207232,0.6265977798308549,0.9626936158778625,0.3816901743412018,0.0013443164061754942,0.003522009463554538,0.02
26,octanol_hl_gap_eV,110,0.04361600801348686,0.002335554687306285,0.6294502625000129,0.9810249007713325,0.3949037492275238,0.0026296540163457394,0.0066589745513676146,0.1
26,octanol_hl_gap_eV,111,0.12488628178834915,0.0012730619637295604,0.6216902202508003,0.9368276229447214,0.2554946541786194,0.0047658635303378105,0.01865347651072941,0.14
26,octanol_hl_gap_eV,112,0.1184244453907013,0.0010205893777310848,0.6313365263004818,0.9576507739645514,0.32282528281211853,0.003930368460714817,0.012174909060645838,0.14
26,octanol_hl_gap_eV,113,0.02516365982592106,0.0019477522000670433,0.6136094744849279,0.9715754964361838,0.33751463890075684,0.0006019432912580669,0.0017834583211517026,0.14
26,octanol_hl_gap_eV,114,0.025131257250905037,0.002017280552536249,0.5988019030731373,0.9654492814977595,0.43795281648635864,0.0012965623755007982,0.0029605069922896215,0.06
26,octanol_hl_gap_eV,115,0.23856376111507416,0.0012793532805517316,0.619695681101331,0.9329052496013854,0.2806358337402344,0.017615845426917076,0.06277119066420746,0.22
26,octanol_hl_gap_eV,116,0.13679298758506775,0.0011535856174305081,0.6361183943723456,0.9728134164591409,0.35585424304008484,0.0013113602763041854,0.0036851050730803527,0.24
26,octanol_hl_gap_eV,117,0.05650705099105835,0.001204014173708856,0.6271689263369629,0.9672509345021254,0.3278615176677704,0.0012746582506224513,0.003887794638692827,0.22
26,octanol_hl_gap_eV,118,0.032226838171482086,0.0017890639137476683,0.6133660881872258,0.9820403358019594,0.3164428472518921,0.0007187124574556947,0.00227122358333349,0.0
26,octanol_hl_gap_eV,119,0.07396847009658813,0.0015530758537352085,0.6155758700593188,0.9812179131739172,0.27102890610694885,0.001225953921675682,0.00452333272965326,0.08
26,octanol_hl_gap_eV,120,0.021296387538313866,0.0033856171648949385,0.6202844134443943,0.9688464217341397,0.5720046162605286,0.0005268754321150482,0.0009211034616459711,0.0
26,octanol_hl_gap_eV,121,0.08140450716018677,0.0012240592623129487,0.6258742723949484,0.9554683163732534,0.21580758690834045,0.008347438648343086,0.03868000549901185,0.02
26,octanol_hl_gap_eV,122,0.007969359867274761,0.0019987537525594234,0.622474080329553,0.953773435313265,0.3292098641395569,0.001760713174007833,0.00534830017505624,0.02
26,octanol_hl_gap_eV,123,0.02509908750653267,0.0028333982918411493,0.59428913020794,0.9672670793764362,0.5839910507202148,0.0014989881310611963,0.0025667998323134385,0.06
26,octanol_hl_gap_eV,124,0.28685975074768066,0.0018280167132616043,0.6267980715983195,0.9220439123722195,0.4778330624103546,0.07733472436666489,0.16184464920983468,0.32
26,octanol_hl_gap_eV,125,0.037156496196985245,0.001119178137741983,0.6656231717316095,0.9715498845500579,0.31094473600387573,0.0011556897079572082,0.003716704527015383,0.28
26,octanol_hl_gap_eV,126,0.0582435205578804,0.0013799236621707678,0.6285249338754937,0.9698681366559894,0.32879650592803955,0.003475762903690338,0.010571167396928007,0.04
26,octanol_hl_gap_eV,127,0.0811234787106514,0.0028008283115923405,0.6259735354653375,0.9481133557107067,0.48756250739097595,0.011626477353274822,0.023846126757141234,0.02
26,octanol_hl_gap_eV,128,0.09151647984981537,0.0012029008939862251,0.6488337163809987,0.9672682069590337,0.2955785393714905,0.0022482527419924736,0.007606278679003869,0.04
26,octanol_hl_gap_eV,129,0.04215048626065254,0.0016820308519527316,0.6173723158717455,0.9706316028280721,0.29694509506225586,0.0011701063485816121,0.003940480472783341,0.08
26,octanol_hl_gap_eV,130,0.04821702465415001,0.0012932589743286371,0.6189531223438121,0.970575316634732,0.2692052721977234,0.0019809294026345015,0.007358434649004819,0.04
26,octanol_hl_gap_eV,131,0.06192717328667641,0.0011334881419315934,0.6533770438660131,0.9794787654665009,0.30311957001686096,0.0011346385581418872,0.003743204564716073,0.26
26,octanol_hl_gap_eV,132,0.13282836973667145,0.0011351874563843012,0.6571039281477329,0.9828294403486746,0.3202391564846039,0.0013181469403207302,0.00411613293886534,0.22
26,octanol_hl_gap_eV,133,0.012638428248465061,0.0017068542074412107,0.6165728570633968,0.9666276402433325,0.25733256340026855,0.0019540737848728895,0.007593573697213829,0.08
26,octanol_hl_gap_eV,134,0.008868005126714706,0.0025865870993584394,0.6248751123969434,0.9580393125274291,0.45003294944763184,0.0008121627033688128,0.001804673867470498,0.02
26,octanol_hl_gap_eV,135,0.028987692669034004,0.011173555627465248,0.6291166675209434,0.8998969825236605,2.2177398204803467,0.05443615838885307,0.02454578210038299,0.06
26,octanol_hl_gap_eV,136,0.07719869166612625,0.0008812048472464085,0.6584341138566918,0.9690726281555324,0.2896556556224823,0.0006538526504300535,0.0022573446702599206,0.14
26,octanol_hl_gap_eV,137,0.07179837673902512,0.001005225465632975,0.643368623200125,0.9797909205966493,0.283010333776474,0.0008977753459475935,0.0031722352112296738,0.24
26,octanol_hl_gap_eV,138,0.03694456070661545,0.0011159215355291963,0.6238381663472032,0.9776987115810858,0.23553737998008728,0.0015136140864342451,0.006426216028055541,0.14
26,octanol_hl_gap_eV,139,0.07626748830080032,0.0020912261679768562,0.6064384722094103,0.9685581596999726,0.36230531334877014,0.002530388068407774,0.006984131822466311,0.04
26,octanol_hl_gap_eV,140,0.060916561633348465,0.0023327001836150885,0.6054464738377365,0.9706439945427388,0.42167380452156067,0.0015391065971925855,0.0036499933851449127,0.04
26,octanol_hl_gap_eV,141,0.05130881443619728,0.0014181712176650763,0.6368066438057807,0.9686661838389534,0.36645767092704773,0.0007737818523310125,0.0021115176832662143,0.12
26,octanol_hl_gap_eV,142,0.05463455989956856,0.0015555096324533224,0.6196934277371555,0.9837150987546339,0.401873916387558,0.0018892961088567972,0.004701216057612466,0.06
26,octanol_hl_gap_eV,143,0.09816038608551025,0.0018718178616836667,0.6210368665401971,0.9910746719388597,0.31622248888015747,0.0021336479112505913,0.006747299721808226,0.02
26,octanol_hl_gap_eV,144,0.010828421451151371,0.0028788908384740353,0.6081680369290197,0.9649818124446659,0.506188154220581,0.0009790756739675999,0.0019342129320966866,0.0
26,octanol_hl_gap_eV,145,0.11436168849468231,0.0017996445531025529,0.6251996443510877,0.9235319855593507,0.26829785108566284,0.01679930090904236,0.06261436996630522,0.06
26,octanol_hl_gap_eV,146,0.14738072454929352,0.003739306004717946,0.5992848029431865,0.9779269376239783,0.6783433556556702,0.0041235750541090965,0.006078890608611253,0.1
26,octanol_hl_gap_eV,147,0.042193830013275146,0.0017013911856338382,0.6126963812718864,0.969391888869426,0.3338194787502289,0.0007297148113138974,0.002185956355949756,0.04
26,octanol_hl_gap_eV,148,0.22943465411663055,0.0011833029566332698,0.6388650187758067,0.924429679542824,0.2231588065624237,0.02696423977613449,0.12082982603956455,0.14
26,octanol_hl_gap_eV,149,0.07034590095281601,0.0016902086790651083,0.6045040050000507,0.981074267856799,0.25252944231033325,0.0013032942079007626,0.005160959434976082,0.18
26,octanol_hl_gap_eV,150,0.10056423395872116,0.000998027389869094,0.6323777262239945,0.9692687973499527,0.2839663326740265,0.0006915057892911136,0.002435168221455724,0.14
26,octanol_hl_gap_eV,151,0.02552560716867447,0.0009569457033649087,0.6124199979235769,0.95782025013241,0.2569637894630432,0.0006073334370739758,0.0023634981346713174,0.04
26,octanol_hl_gap_eV,152,0.06854858994483948,0.0025201409589499235,0.6160451963768572,0.9708058136980016,0.45640188455581665,0.0008627660572528839,0.0018903648000764776,0.0
26,octanol_hl_gap_eV,153,0.02246192842721939,0.0015787354204803705,0.6123501633024391,0.9572876869820279,0.23757857084274292,0.0006440415745601058,0.0027108571799028427,0.08
26,octanol_hl_gap_eV,154,0.030001800507307053,0.0018527151551097631,0.6073928852383428,0.9695977187499529,0.306445837020874,0.0020175441168248653,0.0065836890996415695,0.02
26,octanol_hl_gap_eV,155,0.0478183776140213,0.003497290425002575,0.5841245016264847,0.9796226263061487,0.6354147791862488,0.0011298254830762744,0.0017780912879036246,0.0
26,octanol_hl_gap_eV,156,0.09998130798339844,0.0016057740431278944,0.6219731452868043,0.9582264368504823,0.4226473271846771,0.001288645202293992,0.003048984624788398,0.14
26,octanol_hl_gap_eV,157,0.09149147570133209,0.0017086261650547385,0.6206831239122186,0.9756278298527188,0.3460293114185333,0.0012138511519879103,0.0035079431479714132,0.2
26,octanol_hl_gap_eV,158,0.07801471650600433,0.001028486411087215,0.6736112149139533,0.9698596158315353,0.3035058379173279,0.0007076343172229826,0.0023315344511288627,0.14
26,octanol_hl_gap_eV,159,0.019255273044109344,0.006154600530862808,0.6239349789642199,0.9727368029276617,1.1601641178131104,0.0014644541079178452,0.0012622818491217574,0.04
26,octanol_hl_gap_eV,160,0.12727943062782288,0.001445292728021741,0.629180306244133,0.9773695815162164,0.38504353165626526,0.004324359819293022,0.011230833564952468,0.16
26,octanol_hl_gap_eV,161,0.020391101017594337,0.0037783144507557154,0.6211842198666644,0.96390348760906,0.6811462640762329,0.0013775672996416688,0.002022425097654934,0.02
26,octanol_hl_gap_eV,162,0.12014393508434296,0.0018675433238968253,0.6051792876498818,0.9813952291625638,0.2560514211654663,0.0018634777516126633,0.007277748130163438,0.06
26,octanol_hl_gap_eV,163,0.048598743975162506,0.000883335480466485,0.6505390540671963,0.9770746803265602,0.28586673736572266,0.00019064587831962854,0.000666904726574489,0.04
26,octanol_hl_gap_eV,164,0.09385782480239868,0.0014632574748247862,0.6115005983578798,0.9763788999518757,0.3694818317890167,0.002427007770165801,0.0065686795976254726,0.12
26,octanol_hl_gap_eV,165,0.14757965505123138,0.005378864239901304,0.591103379639407,0.9409655113347895,1.1031177043914795,0.0704975426197052,0.0639075434462311,0.16
26,octanol_hl_gap_eV,166,0.3809973895549774,0.001289692590944469,0.6302805364997996,0.9306719450765459,0.35831576585769653,0.051150500774383545,0.14275258207504532,0.28
26,octanol_hl_gap_eV,167,0.7031084895133972,0.001315686502493918,0.6331207773984917,0.9264010789616026,0.19481921195983887,0.2366352677345276,1.2146403085918904,0.68
26,octanol_hl_gap_eV,168,0.11960124224424362,0.0023859660141170025,0.6138223656015822,0.9219111311677237,0.46609437465667725,0.027669493108987808,0.05936457209844898,0.08
26,octanol_hl_gap_eV,169,0.03538036346435547,0.0008642089087516069,0.6010172389979622,0.9657149308254243,0.25343915820121765,0.0017347022658213973,0.0068446497302683314,0.02
26,octanol_hl_gap_eV,170,0.06483519077301025,0.0015810892218723893,0.6159453576065481,0.966153042581434,0.3507038652896881,0.0013209154130890965,0.003766469502689955,0.04
26,octanol_hl_gap_eV,171,0.30848413705825806,0.0011176853440701962,0.6508206960945635,0.9231352709271632,0.3453105390071869,0.028078066185116768,0.08131250863597993,0.32
26,octanol_hl_gap_eV,172,0.052320316433906555,0.0021798775997012854,0.5981359396116834,0.9658048450399939,0.307032972574234,0.0012801351258531213,0.004169373455626535,0.06
26,octanol_hl_gap_eV,173,0.136438250541687,0.0012128158705309033,0.6621991782864209,0.9764316912237165,0.35867464542388916,0.0012218026677146554,0.003406437235814936,0.26
26,octanol_hl_gap_eV,174,0.05338411405682564,0.00257404544390738,0.6086282337750708,0.9696787673903411,0.5707918405532837,0.0034902773331850767,0.006114798925299735,0.06
26,octanol_hl_gap_eV,175,0.04640530049800873,0.0015586105873808265,0.5977733353080845,0.9574823235410894,0.36654290556907654,0.004650109447538853,0.012686398718642012,0.06
26,octanol_hl_gap_eV,176,0.04638868570327759,0.00466439314186573,0.6157779466296895,0.9306447051906723,0.8482357263565063,0.021826328709721565,0.025731442370947887,0.02
26,octanol_hl_gap_eV,177,0.3101854622364044,0.0011351598659530282,0.6567012304056592,0.9026894805506989,0.3568849265575409,0.037863168865442276,0.10609349414295748,0.26
26,octanol_hl_gap_eV,178,0.054004717618227005,0.0021139278542250395,0.6137716123753989,0.9777039420455655,0.31102144718170166,0.005740726366639137,0.01845765434717867,0.02
26,octanol_hl_gap_eV,179,0.08429304510354996,0.007275829091668129,0.6283617917653748,0.9281225669076214,1.4191571474075317,0.07389049977064133,0.052066467695717836,0.08
26,octanol_hl_gap_eV,180,0.08223608136177063,0.0008729762630537152,0.6870248764024292,0.9603970179279315,0.2906418740749359,0.0010367147624492645,0.003566983476654742,0.08
26,octanol_hl_gap_eV,181,0.0290346872061491,0.0019652496557682753,0.6026624721759248,0.9580906457127811,0.3205249607563019,0.001567992614582181,0.004891951662305453,0.0
26,octanol_hl_gap_eV,182,0.20492759346961975,0.0019869664683938026,0.6228902641397562,0.9550771500975244,0.31219539046287537,0.032272037118673325,0.10337127998855238,0.16
26,octanol_hl_gap_eV,183,0.04921257123351097,0.0010823407210409641,0.6409631089449179,0.9747455519256805,0.24293258786201477,0.0015108949737623334,0.006219400151537178,0.02
26,octanol_hl_gap_eV,184,0.06671981513500214,0.0011372531298547983,0.6390003980313101,0.9571564337532035,0.2613251209259033,0.0013150650775060058,0.005032294916181755,0.12
26,octanol_hl_gap_eV,185,0.03763473033905029,0.0027920356951653957,0.6013878649993933,0.9687549548881411,0.6414594650268555,0.0012809934560209513,0.001996998291961162,0.08
26,octanol_hl_gap_eV,186,0.036045826971530914,0.0009835417149588466,0.626938124149286,0.9632913668005112,0.2604525685310364,0.00044129189336672425,0.001694327285215997,0.24
26,octanol_hl_gap_eV,187,0.16759757697582245,0.0024829856120049953,0.6114032823199713,0.911020501304703,0.49463334679603577,0.04094420745968819,0.08277688458512222,0.1
26,octanol_hl_gap_eV,188,0.055084194988012314,0.001019141054712236,0.6335520054366375,0.9686731888334037,0.2517954409122467,0.0007837547454982996,0.003112664560798963,0.02
26,octanol_hl_gap_eV,189,0.08105254173278809,0.0009171283454634249,0.684211561432368,0.9709818062603481,0.28679996728897095,0.0011172497179359198,0.0038955712878802834,0.14
26,octanol_hl_gap_eV,190,0.15379521250724792,0.002011844189837575,0.6103305505476018,0.9121977300374193,0.36441951990127563,0.033285561949014664,0.0913385813087949,0.08
26,octanol_hl_gap_eV,191,0.055881716310977936,0.0014972746139392257,0.6297561170144803,0.9782416729487013,0.3917674422264099,0.0010091352742165327,0.0025758528286108423,0.12
26,octanol_hl_gap_eV,192,0.02320939674973488,0.0040858737193048,0.6287014739897936,0.9748498946220823,0.7501134872436523,0.0010709906928241253,0.0014277715452891803,0.04
26,octanol_hl_gap_eV,193,0.06989717483520508,0.0011396575719118118,0.6467082097033823,0.9660808198500785,0.27718695998191833,0.001248980755917728,0.004505914549512728,0.16
26,octanol_hl_gap_eV,194,0.16394461691379547,0.0008401251980103552,0.6329487188791347,0.9297159932819834,0.25614550709724426,0.025272957980632782,0.09866641139654282,0.02
26,octanol_hl_gap_eV,195,0.09251859784126282,0.00481838034465909,0.6230083612765205,0.9777428035844251,0.9054966568946838,0.0010673623764887452,0.0011787590471611068,0.08
26,octanol_hl_gap_eV,196,0.12289460748434067,0.00309547851793468,0.6280572201182815,0.9245489695606262,0.5430594086647034,0.02657858468592167,0.048942315079807154,0.06
26,octanol_hl_gap_eV,197,0.4495832026004791,0.001973374281078577,0.6247080857593528,0.926227527035189,0.49722063541412354,0.102654829621315,0.2064572994558365,0.5
26,octanol_hl_gap_eV,198,0.05310546234250069,0.0017567418981343508,0.6141541982077743,0.9684702916298156,0.4078129529953003,0.0035969216842204332,0.008820028049138215,0.04
26,octanol_hl_gap_eV,199,0.11425788700580597,0.0014524051221087575,0.6165573684988581,0.9734119097487886,0.2540566623210907,0.0012324020499363542,0.004850894437000739,0.04
26,octanol_hl_gap_eV,200,0.06642121076583862,0.0012081611203029752,0.6275754565614893,0.9708182040054998,0.2508614659309387,0.0009287511347793043,0.003702247100138473,0.2
26,octanol_hl_gap_eV,201,0.26250553131103516,0.0011143313022330403,0.6463719037310132,0.8866189742026893,0.34999603033065796,0.04092176631093025,0.11692065842080981,0.16
26,octanol_hl_gap_eV,202,0.07200483977794647,0.001417631865479052,0.6358487639713193,0.9589728152593999,0.37366873025894165,0.0008881859830580652,0.002376934196347064,0.08
26,octanol_hl_gap_eV,203,0.26191145181655884,0.0010556950001046062,0.6619916153870313,0.9535992035784204,0.2752518057823181,0.0065530152060091496,0.023807346830602004,0.24
26,octanol_hl_gap_eV,204,0.0653008297085762,0.0011263353517279029,0.6522327337919922,0.9658107422558104,0.27245691418647766,0.0008185598999261856,0.003004364570340611,0.12
26,octanol_hl_gap_eV,205,0.054947614669799805,0.0025165891274809837,0.5990730109475386,0.966666942138295,0.5507175326347351,0.0025421304162591696,0.004616033203259654,0.08
26,octanol_hl_gap_eV,206,0.08665481209754944,0.0014677847502753139,0.6170946129851067,0.9678678516592827,0.2904382050037384,0.002405221341177821,0.008281353140668466,0.16
26,octanol_hl_gap_eV,207,0.11014340072870255,0.0029644572641700506,0.6047966406596175,0.9784784136205871,0.6543324589729309,0.004332148004323244,0.006620713896912855,0.14
26,octanol_hl_gap_eV,208,0.11828385293483734,0.0017674583941698074,0.597353429464986,0.9389974033993937,0.38785168528556824,0.010271397419273853,0.0264827969271584,0.08
26,octanol_hl_gap_eV,209,0.08204106986522675,0.0031941302586346865,0.6276586117754837,0.9403504747508498,0.5366137623786926,0.01306536328047514,0.024347797608766524,0.04
26,octanol_hl_gap_eV,210,0.06665539741516113,0.0013830459211021662,0.6201875477416647,0.962074413418819,0.3511568605899811,0.00045100500574335456,0.0012843405792659665,0.1
26,octanol_hl_gap_eV,211,0.0338246151804924,0.005099845584481955,0.6227853341319669,0.9737202911541714,0.9418671727180481,0.0029217430856078863,0.0031020755051652305,0.0
26,octanol_hl_gap_eV,212,0.06406214833259583,0.0012644133530557156,0.6096407752194639,0.9739254947463221,0.23650749027729034,0.0028968772385269403,0.012248564454049772,0.02
26,octanol_hl_gap_eV,213,0.07985702157020569,0.0014804941602051258,0.608298666561174,0.9761258451384012,0.2943934202194214,0.003719949396327138,0.0126359800893462,0.2
26,octanol_hl_gap_eV,214,0.07071631401777267,0.0021205127704888582,0.5910342182764243,0.9737899004643153,0.44361352920532227,0.0014360594796016812,0.003237185940145245,0.12
26,octanol_hl_gap_eV,215,0.08943609148263931,0.0009869060013443232,0.6393316111124003,0.9655718914570341,0.30757516622543335,0.00057908397866413,0.0018827397080546408,0.16
26,octanol_hl_gap_eV,216,0.04609019681811333,0.0008219837909564376,0.6186802111179601,0.9437294228892483,0.26821762323379517,0.0015864447923377156,0.005914767170070967,0.02
26,octanol_hl_gap_eV,217,0.019354043528437614,0.004332865122705698,0.6199491838649585,0.9688643070610705,0.7908602356910706,0.0010966970585286617,0.0013867141234763744,0.02
26,octanol_hl_gap_eV,218,0.11927387863397598,0.0027351004537194967,0.6252385416094561,0.9841476539957303,0.5983508229255676,0.01129203476011753,0.01887192985697993,0.06
26,octanol_hl_gap_eV,219,0.18348172307014465,0.0015626174863427877,0.6118098328004689,0.98110907384819,0.31011974811553955,0.0029614928644150496,0.009549513961657492,0.1
26,octanol_hl_gap_eV,220,0.14415307343006134,0.0022150701843202114,0.6194500636151161,0.9681207671430321,0.37995561957359314,0.03333253040909767,0.08772743102603733,0.08
26,octanol_hl_gap_eV,221,0.1502610743045807,0.002203795127570629,0.5998724529460222,0.9679071592763326,0.5439946055412292,0.0016240308759734035,0.002985380478833293,0.2
26,octanol_hl_gap_eV,222,0.029680654406547546,0.0010941668879240751,0.6437662522687391,0.9670445411522639,0.29709649085998535,0.0009686439880169928,0.003260368324153287,0.02
26,octanol_hl_gap_eV,223,0.07726926356554031,0.002227681688964367,0.6087944337274862,0.9738059550073035,0.5222249031066895,0.0027831261977553368,0.00532936323258171,0.02
26,octanol_hl_gap_eV,224,0.09799909591674805,0.0016179768135771155,0.6321183174601375,0.9583763308717899,0.3330644369125366,0.0011471938341856003,0.0034443600308094605,0.06
26,octanol_hl_gap_eV,225,0.036814719438552856,0.0016019240720197558,0.6239821795049603,0.9455421076515664,0.3851223886013031,0.0005107525503262877,0.0013262084091793555,0.04
26,octanol_hl_gap_eV,226,0.059347327798604965,0.0014051685575395823,0.6287414925744481,0.9732482448000377,0.32334989309310913,0.004559927154332399,0.014102145235654557,0.08
26,octanol_hl_gap_eV,227,0.08796929568052292,0.002777078654617071,0.6298238113410644,0.9008109860901994,0.4883805513381958,0.03822789341211319,0.07827480702776998,0.04
26,octanol_hl_gap_eV,228,0.06524502485990524,0.004808424506336451,0.6264872040389813,0.9258910985039333,0.9029887914657593,0.027612673118710518,0.03057919808050859,0.02
26,octanol_hl_gap_eV,229,0.43257370591163635,0.0011548431357368827,0.6341883726126283,0.9505897110651778,0.16694417595863342,0.12424460798501968,0.7442284660221143,0.38
26,octanol_hl_gap_eV,230,0.06333059817552567,0.0013194854836910963,0.627651267689723,0.9748157589860034,0.2794894576072693,0.003276362782344222,0.011722670366150536,0.04
26,octanol_hl_gap_eV,231,0.07873731851577759,0.0007920184289105237,0.6624446919589306,0.9721078886356282,0.2895793914794922,0.00045845736167393625,0.0015831836628001337,0.1
26,octanol_hl_gap_eV,232,0.050778258591890335,0.0012906183255836368,0.6220556651275992,0.9715557246836366,0.2616400718688965,0.000991746550425887,0.0037904994572958033,0.02
26,octanol_hl_gap_eV,233,0.016329674050211906,0.0015870877541601658,0.6050645173046663,0.9713199686928748,0.26842132210731506,0.001159627572633326,0.004320176815795974,0.04
26,octanol_hl_gap_eV,234,0.0895390585064888,0.0013279694830998778,0.6352637252005808,0.9625511383927547,0.30210769176483154,0.001250928151421249,0.004140669653637961,0.16
26,octanol_hl_gap_eV,235,0.011170318350195885,0.0011992790969088674,0.6427265689894708,0.9712273334961372,0.34683099389076233,0.0009296380449086428,0.002680377651604692,0.02
26,octanol_hl_gap_eV,236,0.32515397667884827,0.002268905285745859,0.6194129986150165,0.9015470571791857,0.28988707065582275,0.2093084305524826,0.722034377314435,0.16
26,octanol_hl_gap_eV,237,0.12889978289604187,0.002370218513533473,0.6251318735896434,0.9832155241659819,0.4768112599849701,0.007369450759142637,0.01545569783602622,0.08
26,octanol_hl_gap_eV,238,0.1325651854276657,0.0014703351771458983,0.6131045118457417,0.9438070474186429,0.35942816734313965,0.017224084585905075,0.047920797953104076,0.02
26,octanol_hl_gap_eV,239,0.03711726889014244,0.000860563712194562,0.6626822976787248,0.9584649190598857,0.26967355608940125,0.0006625039968639612,0.0024566887701971424,0.04
26,octanol_hl_gap_eV,240,0.07424792647361755,0.0025663929991424084,0.5988118072549624,0.9587162217528906,0.5595923066139221,0.0012959274463355541,0.0023158421426076707,0.12
26,octanol_hl_gap_eV,241,0.06289942562580109,0.0011049145832657814,0.6516802514943669,0.9692378965783357,0.2815454304218292,0.0012540005845949054,0.004453990188070473,0.12
26,octanol_hl_gap_eV,242,0.10029692202806473,0.0013313723029568791,0.6329621086721449,0.9680572319419929,0.38234132528305054,0.0004913214943371713,0.0012850337168587305,0.12
26,octanol_hl_gap_eV,243,0.1879330724477768,0.0017663596663624048,0.6080722339244091,0.9408880442817606,0.41480961441993713,0.015123831108212471,0.036459692790297024,0.2
26,octanol_hl_gap_eV,244,0.043472956866025925,0.003691266058012843,0.6068344557930505,0.9747346003554345,0.6673896908760071,0.0013633760390803218,0.002042848515221702,0.02
26,octanol_hl_gap_eV,245,0.1426958292722702,0.0011884536361321807,0.6342307296055427,0.978300343878399,0.35966092348098755,0.0005005034036003053,0.0013915979494134925,0.24
26,octanol_hl_gap_eV,246,0.042061787098646164,0.0032695091795176268,0.6276075705580619,0.9744709802565961,0.5763634443283081,0.0016959592467173934,0.0029425170236010685,0.0
26,octanol_hl_gap_eV,247,0.030161118134856224,0.0012234830064699054,0.6098623293238967,0.961760790029659,0.26941579580307007,0.0005339098279364407,0.0019817317182348987,0.04
26,octanol_hl_gap_eV,248,0.09064336121082306,0.0013727865880355239,0.6308473618556534,0.9820214291225859,0.3482110798358917,0.0006926102796569467,0.001989052961736217,0.04
26,octanol_hl_gap_eV,249,0.38665449619293213,0.0017546272138133645,0.6289061254459671,0.9075287417086135,0.46789443492889404,0.09154725819826126,0.19565793342289636,0.26
26,octanol_dipole,0,0.1186060681939125,0.02081896737217903,0.6031464837052471,0.970760849109862,3.850841999053955,0.009744539856910706,0.0025304958913673083,0.04
26,octanol_dipole,1,0.11906387656927109,0.013357345014810562,0.6134506645482818,0.9705126996303086,2.5756609439849854,0.008771995082497597,0.0034057258596024015,0.06
26,octanol_dipole,2,0.11869927495718002,0.014736944809556007,0.6136642018256457,0.9562471005720918,2.7754738330841064,0.007644838187843561,0.0027544263241525923,0.1
26,octanol_dipole,3,0.09348276257514954,0.009618411771953106,0.6098566339827569,0.953431228930824,1.8263795375823975,0.007357177324593067,0.0040282850159019295,0.06
26,octanol_dipole,4,0.11650816351175308,0.014740996062755585,0.6080390472854567,0.9669083932055289,2.856851816177368,0.010930978693068027,0.0038262322991936995,0.1
26,octanol_dipole,5,0.046624474227428436,0.021791165694594383,0.6079160128186951,0.9661616618338815,4.157099723815918,0.006064620800316334,0.0014588586281854814,0.02
26,octanol_dipole,6,0.09662465751171112,0.009679042734205723,0.6091888446618061,0.9463861453895717,1.764404296875,0.009750067256391048,0.005525982493728758,0.08
26,octanol_dipole,7,0.28586411476135254,0.016432086005806923,0.613196108253226,0.9200805493991553,3.1326522827148438,0.34787407517433167,0.11104777797836353,0.1
26,octanol_dipole,8,0.26278743147850037,0.014468119479715824,0.6151764331880294,0.9206411273701955,2.844822883605957,0.24637886881828308,0.08660604856566163,0.08
26,octanol_dipole,9,0.07931099832057953,0.031697116792201996,0.6085601467506487,0.9631740702598597,6.3471479415893555,0.013965939171612263,0.002200348770839447,0.02
26,octanol_dipole,10,0.1044246256351471,0.013670556247234344,0.6106260241421984,0.967462544444254,2.6493518352508545,0.007240543141961098,0.0027329488841845444,0.1
26,octanol_dipole,11,0.15927930176258087,0.015589804388582706,0.6083446086934525,0.9600758106516389,3.022394895553589,0.0156650859862566,0.0051830043814930895,0.06
26,octanol_dipole,12,0.46874693036079407,0.010283395648002625,0.6169903753233141,0.890732675853696,2.0051987171173096,0.6462001800537109,0.32226241446169174,0.26
26,octanol_dipole,13,0.04550127312541008,0.01005973108112812,0.6047690155082475,0.9639115778671434,1.9087414741516113,0.004761183634400368,0.002494409902481213,0.06
26,octanol_dipole,14,0.3211927115917206,0.016314269974827766,0.6104353537665899,0.9029316270176939,3.1959786415100098,0.47184109687805176,0.14763587301544673,0.2
26,octanol_dipole,15,0.3331108093261719,0.014779225923120975,0.6153653686097555,0.8977461069310368,2.94796085357666,0.37255778908729553,0.1263781330865652,0.14
26,octanol_dipole,16,0.05446415767073631,0.013020128011703491,0.6132343826999975,0.9697953567771276,2.415590763092041,0.015762129798531532,0.006525165619674523,0.08
26,octanol_dipole,17,0.12431354075670242,0.01502339355647564,0.603171901709803,0.9602966667852266,2.8929553031921387,0.019591502845287323,0.006772141561838065,0.06
26,octanol_dipole,18,0.2588861882686615,0.015067159198224545,0.6141665379582273,0.9272261442538761,2.920473575592041,0.19481493532657623,0.06670662489630065,0.14
26,octanol_dipole,19,0.11490441858768463,0.01873534545302391,0.6109309841701522,0.970697699144947,3.5644021034240723,0.012713405303657055,0.003566770789256401,0.08
26,octanol_dipole,20,0.07258002460002899,0.03662433475255966,0.6278379717487741,0.9440192179349747,7.358015060424805,0.04762543737888336,0.006472593082207387,0.02
26,octanol_dipole,21,0.19381846487522125,0.018169933930039406,0.6020215731839413,0.9259248617902691,3.3625617027282715,0.13829642534255981,0.041128293714387656,0.1
26,octanol_dipole,22,0.31136375665664673,0.014503479935228825,0.6130273638926869,0.9229860596903874,2.7095580101013184,0.3600417375564575,0.13287840164861223,0.14
26,octanol_dipole,23,0.1699855923652649,0.02592165768146515,0.6125161651295208,0.9173421457188882,4.955575942993164,0.11723941564559937,0.02365808071438551,0.06
26,octanol_dipole,24,0.12640736997127533,0.019455820322036743,0.6114845057596838,0.9653212974233736,3.651216506958008,0.016451295465230942,0.004505702533355726,0.06
26,octanol_dipole,25,0.3983246684074402,0.0152338407933712,0.6145626451220316,0.915884039022486,2.920276403427124,0.6478683352470398,0.22185171735344175,0.16
26,octanol_dipole,26,0.46878746151924133,0.015645522624254227,0.6128577454808961,0.895916842883292,3.1558690071105957,0.6749892234802246,0.21388378984025747,0.26
26,octanol_dipole,27,0.13444922864437103,0.025652891024947166,0.5970395222454405,0.959349731878675,4.736436367034912,0.010081102140247822,0.002128414985243169,0.06
26,octanol_dipole,28,0.22696298360824585,0.01493804156780243,0.6151188903467548,0.9401843773523229,2.9267611503601074,0.08148521184921265,0.027841428686173023,0.16
26,octanol_dipole,29,0.1441553831100464,0.01853621006011963,0.6006395982446071,0.960218237574008,3.477372884750366,0.008182908408343792,0.002353186925747604,0.14
26,octanol_dipole,30,0.1492537409067154,0.014694925397634506,0.6091220728747615,0.9550198402543661,2.861095905303955,0.023617921397089958,0.008254851350248902,0.14
26,octanol_dipole,31,0.28553375601768494,0.014184612780809402,0.6176850049278684,0.9395138826864047,2.8095405101776123,0.21874822676181793,0.07785907552121012,0.2
26,octanol_dipole,32,0.051554299890995026,0.0107554467394948,0.6112405737186781,0.9684302900481832,2.0210065841674805,0.01105757337063551,0.005471319815214996,0.06
26,octanol_dipole,33,0.1245989203453064,0.014773287810385227,0.6195985597381657,0.9696527714057075,2.8794991970062256,0.008438708260655403,0.0029306166396674146,0.04
26,octanol_dipole,34,0.21380294859409332,0.017518987879157066,0.6127922178111627,0.9450908435645993,3.4030508995056152,0.05242194980382919,0.015404397804171807,0.12
26,octanol_dipole,35,0.2125582993030548,0.018160980194807053,0.6020794240542322,0.9283215194900238,3.359977960586548,0.21042491495609283,0.06262687357608714,0.08
26,octanol_dipole,36,0.08420927822589874,0.015352895483374596,0.6009508158886654,0.9541110553638499,2.9640655517578125,0.01135636493563652,0.003831347430525526,0.04
26,octanol_dipole,37,0.07534793019294739,0.01645134575664997,0.6138912303045279,0.9752439571197191,3.233151912689209,0.004243809729814529,0.0013125921219967343,0.1
26,octanol_dipole,38,0.1842615008354187,0.012576686218380928,0.6139141561167989,0.9505322948319983,2.4152908325195312,0.07085748016834259,0.02933703851077305,0.14
26,octanol_dipole,39,0.09592057764530182,0.01660672202706337,0.6041255453729149,0.9591451203039285,3.2200276851654053,0.01124079804867506,0.0034909010566776064,0.1
26,octanol_dipole,40,0.1576974242925644,0.012778420932590961,0.6132524774207362,0.9721834115987775,2.4857068061828613,0.01435184944421053,0.005773749908280508,0.16
26,octanol_dipole,41,0.1390089988708496,0.016852974891662598,0.6118811921116734,0.9695827580431939,3.256208896636963,0.01320433896034956,0.004055126492034065,0.08
26,octanol_dipole,42,0.06289919465780258,0.015841500833630562,0.6110669805775211,0.9681620365821195,3.010413646697998,0.00770261837169528,0.0025586578044329467,0.08
26,octanol_dipole,43,0.14924749732017517,0.017035825178027153,0.6152015531330504,0.9289257659588115,3.341122627258301,0.030730411410331726,0.009197630508865478,0.06
26,octanol_dipole,44,0.27432510256767273,0.0201377272605896,0.6101453371627528,0.909217592205243,3.866176128387451,0.42602214217185974,0.11019211955807867,0.12
26,octanol_dipole,45,0.12465617060661316,0.01969579979777336,0.6102642001339362,0.9574666900519375,3.6992509365081787,0.006925097666680813,0.001872027009126771,0.1
26,octanol_dipole,46,0.19888919591903687,0.017298785969614983,0.6103723278320774,0.933705665517711,3.2829997539520264,0.08536262810230255,0.02600141166612769,0.12
26,octanol_dipole,47,0.3295559883117676,0.014898411929607391,0.6109043757099868,0.9134312250068655,2.986975908279419,0.4137270450592041,0.13851033880535124,0.2
26,octanol_dipole,48,0.3080844283103943,0.022452350705862045,0.6039650527940807,0.8948305640670593,4.4745893478393555,0.6221088171005249,0.13903148842047874,0.18
26,octanol_dipole,49,0.42302533984184265,0.014869718812406063,0.6141717408521299,0.9109283278187246,2.948029041290283,0.9158920049667358,0.3106794377323608,0.28
26,octanol_dipole,50,0.05542467162013054,0.019846556708216667,0.6121108970533453,0.9617122319333002,3.700016736984253,0.014978624880313873,0.0040482586823437985,0.02
26,octanol_dipole,51,0.10900953412055969,0.022259807214140892,0.6007912762122516,0.959504909545484,4.3473052978515625,0.010252695530653,0.002358402465021235,0.1
26,octanol_dipole,52,0.21873542666435242,0.0156744085252285,0.611078784741367,0.9229968518860985,2.9634151458740234,0.10678966343402863,0.036036011890778236,0.12
26,octanol_dipole,53,0.19561825692653656,0.018346799537539482,0.6013387143477533,0.9344159209389324,3.4726688861846924,0.18896497786045074,0.05441491373168617,0.04
26,octanol_dipole,54,0.16716381907463074,0.01716734655201435,0.6107569839711502,0.9412596020605364,3.259336233139038,0.046367671340703964,0.014226108638091525,0.1
26,octanol_dipole,55,0.40031880140304565,0.016168037429451942,0.6182246762365804,0.9172034822168145,3.1793956756591797,0.7199524641036987,0.226443179002699,0.2
26,octanol_dipole,56,0.16733713448047638,0.015248863026499748,0.6092788539360261,0.9537301543360439,2.8514719009399414,0.15308985114097595,0.053688009722456805,0.08
26,octanol_dipole,57,0.16167977452278137,0.011667264625430107,0.6132423342153546,0.9518364004136923,2.216313600540161,0.010453794151544571,0.004716748635660931,0.1
26,octanol_dipole,58,0.17021067440509796,0.015127559192478657,0.6088418824190782,0.9363017673844538,2.899949550628662,0.060341693460941315,0.020807842483970183,0.08
26,octanol_dipole,59,0.141005277633667,0.01198501419275999,0.6147842519368734,0.9595043401520438,2.293555736541748,0.010356847196817398,0.004515629174302771,0.08
26,octanol_dipole,60,0.30195388197898865,0.021310031414031982,0.6014966627977181,0.9338241920594526,4.241357326507568,0.3031769394874573,0.07148111232992957,0.16
26,octanol_dipole,61,0.3609274923801422,0.013698137365281582,0.6136270213526049,0.8823708659372671,2.708346366882324,0.6084290146827698,0.2246496320125976,0.12
26,octanol_dipole,62,0.1094391793012619,0.021138997748494148,0.6005721696753699,0.9666898968403372,4.070452690124512,0.008739951066672802,0.0021471693032760575,0.12
26,octanol_dipole,63,0.42875730991363525,0.017646072432398796,0.6110414080054614,0.9064118527265776,3.536149740219116,0.6812853813171387,0.19266304635474035,0.28
26,octanol_dipole,64,0.08568587899208069,0.030273474752902985,0.6132006614813366,0.948848246368472,5.809770584106445,0.030833054333925247,0.005307103591710487,0.02
26,octanol_dipole,65,0.32656052708625793,0.014241737313568592,0.6128067923593663,0.8902221130480803,2.8179447650909424,0.5382981896400452,0.1910251032272,0.14
26,octanol_dipole,66,0.09236083179712296,0.013523363508284092,0.5984721398533155,0.9505417335179469,2.521054267883301,0.03751486912369728,0.01488062736356528,0.12
26,octanol_dipole,67,0.2466665506362915,0.015096179209649563,0.6135986678710048,0.9205787628725492,2.959900140762329,0.1722164750099182,0.058183204439310396,0.1
26,octanol_dipole,68,0.11257022619247437,0.013708959333598614,0.6154046439758123,0.9687017959840609,2.646733283996582,0.01492379792034626,0.005638572655047146,0.06
26,octanol_dipole,69,0.061006251722574234,0.03396052494645119,0.5975441531282304,0.9591269559097955,6.4255900382995605,0.020636210218071938,0.0032115665791110776,0.04
26,octanol_dipole,70,0.21427388489246368,0.01271863467991352,0.6134239469430325,0.9279559026728743,2.4294016361236572,0.18508309125900269,0.07618464090372494,0.06
26,octanol_dipole,71,0.23926584422588348,0.01816423423588276,0.604648785725119,0.9080475668454242,3.395770788192749,0.3298514783382416,0.09713596673990786,0.06
26,octanol_dipole,72,0.08860993385314941,0.024629466235637665,0.6093302763406492,0.962168227154492,4.596916675567627,0.01166453305631876,0.0025374688904663306,0.02
26,octanol_dipole,73,0.17185604572296143,0.013603243976831436,0.6139433620891444,0.953797344647227,2.623894214630127,0.01116865873336792,0.004256520202336851,0.08
26,octanol_dipole,74,0.1347499042749405,0.014116210862994194,0.6119696729935484,0.9596844329654242,2.6111717224121094,0.011918113566935062,0.004564277969403531,0.06
26,octanol_dipole,75,0.22645586729049683,0.02338659204542637,0.6081166698617255,0.9010831398013446,4.748559474945068,0.5200942754745483,0.10952674768395206,0.04
26,octanol_dipole,76,0.09140625596046448,0.02126173861324787,0.6018752298034189,0.9542319016073535,4.16836404800415,0.005911235697567463,0.0014181188661767233,0.06
26,octanol_dipole,77,0.10241080075502396,0.018490785732865334,0.611018817720649,0.9608093025002369,3.5593018531799316,0.00938432663679123,0.002636563861086167,0.06
26,octanol_dipole,78,0.2659439444541931,0.017839519307017326,0.6113493220278645,0.9219759347062855,3.4307138919830322,0.3423667848110199,0.09979461872675251,0.1
26,octanol_dipole,79,0.05993570759892464,0.02106277085840702,0.5989760248703628,0.9573543306819299,3.9406485557556152,0.009554093703627586,0.002424497787216551,0.04
26,octanol_dipole,80,0.08167714625597,0.020613407716155052,0.6064405861843776,0.9505308576938793,3.8251686096191406,0.007067888509482145,0.0018477325396084622,0.06
26,octanol_dipole,81,0.44194933772087097,0.014855502173304558,0.6155957356546444,0.8874585766865739,2.966813087463379,0.5365771055221558,0.1808597608624305,0.24
26,octanol_dipole,82,0.06459890305995941,0.03259383887052536,0.6136111511979998,0.9654724687041503,6.621001720428467,0.006305602379143238,0.0009523638031520073,0.06
26,octanol_dipole,83,0.075303815305233,0.018999096006155014,0.6118155987133789,0.9637198840864245,3.5699427127838135,0.008617738261818886,0.0024139710228287784,0.08
26,octanol_dipole,84,0.3110808730125427,0.018581755459308624,0.6119637152163906,0.9074664711709772,3.6670753955841064,0.3661283254623413,0.0998420501261668,0.24
26,octanol_dipole,85,0.21972845494747162,0.014746219851076603,0.6100597179921874,0.924381548135701,2.8062326908111572,0.23741976916790009,0.0846044484996975,0.08
26,octanol_dipole,86,0.36707645654678345,0.013664539903402328,0.6130392791844776,0.8855310797770852,2.700153112411499,0.6493684649467468,0.2404932009084469,0.14
26,octanol_dipole,87,0.4105922281742096,0.01768697239458561,0.6177796830132642,0.8933947468799754,3.518695831298828,0.9197665452957153,0.26139416118733094,0.28
26,octanol_dipole,88,0.10830986499786377,0.011993899010121822,0.6078462509643721,0.9633102401571969,2.2862417697906494,0.010065661743283272,0.004402710980214915,0.08
26,octanol_dipole,89,0.3024386167526245,0.01776101253926754,0.613979580521343,0.92293557513575,3.502640962600708,0.24021504819393158,0.06858112228995691,0.1
26,octanol_dipole,90,0.2774824798107147,0.012695993296802044,0.6100401513674316,0.9404132928469784,2.459906578063965,0.34029078483581543,0.13833484079043218,0.12
26,octanol_dipole,91,0.13427555561065674,0.01654335856437683,0.6022685232105203,0.9371581518274776,3.00998592376709,0.03685867786407471,0.012245465194051453,0.02
26,octanol_dipole,92,0.20072928071022034,0.01629534550011158,0.6107021745483561,0.9432171839756358,3.1274285316467285,0.04181593284010887,0.013370707729039918,0.12
26,octanol_dipole,93,0.11272496730089188,0.013800092972815037,0.6054249495894435,0.9595115362790507,2.6755001544952393,0.011798884719610214,0.004409973477215588,0.08
26,octanol_dipole,94,0.09818357974290848,0.016505349427461624,0.6012947012021437,0.9537084498974482,3.198068857192993,0.01252118218690157,0.003915232206066899,0.02
26,octanol_dipole,95,0.15543898940086365,0.017471980303525925,0.6244478274640541,0.9517125489401916,3.3968660831451416,0.010685521177947521,0.003145699864639306,0.1
26,octanol_dipole,96,0.10041289031505585,0.011086360551416874,0.6136023480161972,0.9558786641376813,2.07839298248291,0.013328343629837036,0.006412812082301491,0.1
26,octanol_dipole,97,0.592048168182373,0.010920405387878418,0.6293086483453176,0.8979973387677813,2.153872489929199,0.9397749900817871,0.436318767464586,0.34
26,octanol_dipole,98,0.12300374358892441,0.015655996277928352,0.614440057504511,0.9643558217550721,3.030935525894165,0.007706514094024897,0.0025426189465879104,0.08
26,octanol_dipole,99,0.224478617310524,0.023317215964198112,0.6006197901625194,0.9104160243075441,4.518417835235596,0.5114556550979614,0.11319352785603846,0.1
26,octanol_dipole,100,0.5485078692436218,0.013078831136226654,0.6250662914790752,0.9150577644014191,2.558520793914795,0.8694857358932495,0.33983922974604736,0.38
26,octanol_dipole,101,0.12022185325622559,0.012791451066732407,0.6057455737716109,0.9422296078267987,2.351564407348633,0.01802370883524418,0.007664560995616422,0.1
26,octanol_dipole,102,0.4024774134159088,0.013350251130759716,0.6180470886299296,0.9109253774375505,2.6208784580230713,0.44311851263046265,0.16907251508515467,0.28
26,octanol_dipole,103,0.15977242588996887,0.04159853979945183,0.6197645637147975,0.8956969648693904,8.657299041748047,0.7275506854057312,0.08403899205713784,0.02
26,octanol_dipole,104,0.09913057833909988,0.020343659445643425,0.6037062870273249,0.9528457571996909,4.005354881286621,0.0057806591503322124,0.001443232702635158,0.04
26,octanol_dipole,105,0.05151987820863724,0.009323768317699432,0.606848685580504,0.9513185703363196,1.6844712495803833,0.017417006194591522,0.010339746789344285,0.02
26,octanol_dipole,106,0.11398963630199432,0.014494767412543297,0.6102912079911407,0.9577021862241573,2.8544654846191406,0.005211629904806614,0.0018257813705888897,0.04
26,octanol_dipole,107,0.1816476434469223,0.014572191052138805,0.608204293363424,0.9423036116597507,2.701763391494751,0.0563017912209034,0.02083890521210831,0.08
26,octanol_dipole,108,0.21879880130290985,0.015353680588304996,0.6047333123169001,0.9430933948696287,3.011484384536743,0.19084042310714722,0.06337088250799754,0.14
26,octanol_dipole,109,0.4134756624698639,0.013932918198406696,0.6145889501032546,0.8918913647713316,2.8037524223327637,0.6700096130371094,0.23896889315200356,0.24
26,octanol_dipole,110,0.15366676449775696,0.01738102175295353,0.618377062796567,0.9566360844190751,3.376891613006592,0.005711342673748732,0.0016913017438139441,0.12
26,octanol_dipole,111,0.10982587933540344,0.014226764440536499,0.6109691957970771,0.9555883162034327,2.713972806930542,0.0061009726487100124,0.0022479859168560022,0.06
26,octanol_dipole,112,0.11833743751049042,0.01462883222848177,0.6106822166826658,0.9591934353192606,2.7563509941101074,0.01440267264842987,0.005225268000775714,0.12
26,octanol_dipole,113,0.2306964248418808,0.022014182060956955,0.6067738689475488,0.9155819389036179,4.329677104949951,0.33750849962234497,0.07795234874131483,0.14
26,octanol_dipole,114,0.46631577610969543,0.009683473967015743,0.6186913714106268,0.8936868449117434,1.916667103767395,0.5831109285354614,0.3042317194202897,0.34
26,octanol_dipole,115,0.07197875529527664,0.02924802154302597,0.6133407690022901,0.9613400178068043,5.9650492668151855,0.007833889685571194,0.0013132984046171684,0.04
26,octanol_dipole,116,0.1429639607667923,0.017006685957312584,0.6153198519040848,0.9571329105555602,3.261810779571533,0.006046293769031763,0.001853661716645009,0.1
26,octanol_dipole,117,0.14837756752967834,0.01602468639612198,0.6119960203926242,0.947838688254059,3.142178535461426,0.010729320347309113,0.003414611940799068,0.08
26,octanol_dipole,118,0.07824904471635818,0.012330754660069942,0.6120549155843493,0.9537095138548519,2.2881579399108887,0.010936057195067406,0.004779415356045443,0.06
26,octanol_dipole,119,0.08279423415660858,0.02323872037231922,0.5884090182408355,0.9455645854829944,4.354738712310791,0.012894507497549057,0.0029610289731267798,0.08
26,octanol_dipole,120,0.22397977113723755,0.03232979029417038,0.5923138718819769,0.9056579218851195,5.9734272956848145,0.5679528713226318,0.09507990023297333,0.04
26,octanol_dipole,121,0.38720354437828064,0.013338085263967514,0.615053160654899,0.900306660050332,2.6106863021850586,0.5875866413116455,0.22506979901026591,0.22
26,octanol_dipole,122,0.16966533660888672,0.016232065856456757,0.603101764410908,0.945672672729214,3.1383140087127686,0.014174007810652256,0.0045164402833182266,0.12
26,octanol_dipole,123,0.26176801323890686,0.007469864562153816,0.618453335304151,0.928810250161231,1.3329850435256958,0.18657159805297852,0.13996525989481742,0.06
26,octanol_dipole,124,0.37305280566215515,0.017759280279278755,0.611429864307401,0.8887384110746936,3.5900650024414062,0.8462738990783691,0.23572662291709612,0.16
26,octanol_dipole,125,0.15346147119998932,0.01725279912352562,0.6115188505205054,0.9747431805571254,3.323507785797119,0.005509239621460438,0.0016576581059939016,0.08
26,octanol_dipole,126,0.17359670996665955,0.019377732649445534,0.5986184605000215,0.929166848483792,3.539829969406128,0.17079570889472961,0.04824969288662861,0.1
26,octanol_dipole,127,0.12346596270799637,0.010349341668188572,0.614798267501711,0.9606790528109257,1.9587546586990356,0.02360287867486477,0.012049941308393014,0.12
26,octanol_dipole,128,0.33751192688941956,0.014855574816465378,0.6018130513703148,0.9159752252376241,2.8227157592773438,0.3139677941799164,0.11122897980358344,0.16
26,octanol_dipole,129,0.35337716341018677,0.020673934370279312,0.6030494589724404,0.907716796491643,4.113278388977051,0.4885893166065216,0.11878343024772292,0.2
26,octanol_dipole,130,0.31671324372291565,0.01716269738972187,0.6130149584868594,0.9193875949396322,3.354534864425659,0.3924766778945923,0.11699883702409797,0.22
26,octanol_dipole,131,0.37441498041152954,0.01633097603917122,0.6129773755324628,0.902506595428261,3.1943366527557373,0.5772969126701355,0.1807251318273246,0.22
26,octanol_dipole,132,0.11747059226036072,0.015879666432738304,0.609590145350795,0.9669471554091147,3.0257863998413086,0.017068590968847275,0.005641042926804899,0.06
26,octanol_dipole,133,0.09544233232736588,0.015869777649641037,0.6129685252723165,0.9637585990204913,3.0452723503112793,0.008084550499916077,0.0026547873457327047,0.08
26,octanol_dipole,134,0.17655549943447113,0.014804304577410221,0.6074188174929374,0.961119910708317,2.848708152770996,0.03630330413579941,0.012743777947378165,0.06
26,octanol_dipole,135,0.13018852472305298,0.016051771119236946,0.6139369521135485,0.9652422643884317,3.120004177093506,0.011297063902020454,0.003620848967114022,0.04
26,octanol_dipole,136,0.12294236570596695,0.014192800037562847,0.6243602390693685,0.9614561502259644,2.742358684539795,0.1763295829296112,0.06429851205229986,0.04
26,octanol_dipole,137,0.14568474888801575,0.012965790927410126,0.6110026453587702,0.9472424744938839,2.45080828666687,0.04895830899477005,0.019976392792989107,0.04
26,octanol_dipole,138,0.24270318448543549,0.011170046404004097,0.6138138151606276,0.9343031897262133,2.1257758140563965,0.054600585252046585,0.025685015743902917,0.1
26,octanol_dipole,139,0.0633583664894104,0.0550176165997982,0.6153291985685732,0.9603123535247171,11.030577659606934,0.006105163600295782,0.0005534763263262619,0.04
26,octanol_dipole,140,0.05191526561975479,0.015746425837278366,0.6099488021015835,0.9656172386507795,2.9090394973754883,0.022477248683571815,0.007726690787062398,0.02
26,octanol_dipole,141,0.3268183171749115,0.017689574509859085,0.6118047897531462,0.8915676223722875,3.4504387378692627,0.5543949007987976,0.16067374120114103,0.16
26,octanol_dipole,142,0.11592256277799606,0.018481826409697533,0.6033064431310475,0.9682857073017319,3.444589614868164,0.008862314745783806,0.0025728216526957727,0.08
26,octanol_dipole,143,0.058421969413757324,0.02650090865790844,0.6119047192385938,0.9628057329860638,5.039524078369141,0.00919240154325962,0.0018240614391973316,0.04
26,octanol_dipole,144,0.09867984056472778,0.021549681201577187,0.600477355684657,0.9708122049672729,4.1583123207092285,0.006683525629341602,0.0016072687941346554,0.08
26,octanol_dipole,145,0.14364898204803467,0.017437607049942017,0.6154573767310165,0.9618012634027064,3.4187235832214355,0.022286586463451385,0.0065189787711502885,0.06
26,octanol_dipole,146,0.288474440574646,0.011183767579495907,0.6116421491622444,0.9319014056453525,2.152384042739868,0.15103180706501007,0.07016954412687187,0.14
26,octanol_dipole,147,0.08852574229240417,0.015587715432047844,0.6059380584450647,0.9622469421844191,2.914724111557007,0.010156143456697464,0.0034844270222447187,0.04
26,octanol_dipole,148,0.3650873601436615,0.019712453708052635,0.6110854625070752,0.9007515595968256,3.8794636726379395,1.0592323541641235,0.27303577080382135,0.14
26,octanol_dipole,149,0.25172939896583557,0.017948566004633904,0.6067744548395231,0.9394745555608457,3.4285495281219482,0.290914386510849,0.08485057139314618,0.18
26,octanol_dipole,150,0.15706852078437805,0.01745193637907505,0.6077395276148654,0.9669889290142024,3.3435490131378174,0.009119663387537003,0.0027275399139366826,0.06
26,octanol_dipole,151,0.13588696718215942,0.013958527706563473,0.6051299876818776,0.9456633784386792,2.637769937515259,0.025540666654706,0.009682674099608907,0.08
26,octanol_dipole,152,0.0560724176466465,0.010156474076211452,0.5981579837374877,0.9610844141565682,1.9387534856796265,0.018894530832767487,0.009745710825192428,0.04
26,octanol_dipole,153,0.2562008798122406,0.012236177921295166,0.6136686842032839,0.9199358369980346,2.383147954940796,0.13489051163196564,0.05660182002225569,0.12
26,octanol_dipole,154,0.39472290873527527,0.012523321434855461,0.6166137781765595,0.9093830457947314,2.44779634475708,0.5486608743667603,0.22414482133774472,0.14
26,octanol_dipole,155,0.1267864853143692,0.013718231581151485,0.6042886267634182,0.9735127230667697,2.642592430114746,0.009074692614376545,0.0034340114317146157,0.06
26,octanol_dipole,156,0.1413286328315735,0.014443137682974339,0.6123747820538092,0.9410654341174185,2.8060386180877686,0.0394883006811142,0.014072614833798793,0.04
26,octanol_dipole,157,0.38420552015304565,0.0134841063991189,0.6180970233918317,0.9140777748688067,2.687613010406494,0.5709995627403259,0.2124560197206233,0.18
26,octanol_dipole,158,0.19070805609226227,0.01564316265285015,0.6142793412733858,0.9503652349814304,3.032548666000366,0.07370161265134811,0.024303521812414408,0.08
26,octanol_dipole,159,0.36606141924858093,0.0138148358091712,0.6151862015544465,0.8960194854553025,2.7223808765411377,0.536239743232727,0.19697454821752747,0.16
26,octanol_dipole,160,0.18941959738731384,0.019595568999648094,0.6116389955111765,0.9515884453366052,3.684290885925293,0.023438045755028725,0.0063616165174597405,0.04
26,octanol_dipole,161,0.14121946692466736,0.016972651705145836,0.6022091754016403,0.9510669192034413,3.2734670639038086,0.005849131848663092,0.0017868308232457503,0.14
26,octanol_dipole,162,0.12102463841438293,0.0144827114418149,0.606211153418863,0.9618467299173465,2.7288765907287598,0.01090164389461279,0.003994920082370399,0.16
26,octanol_dipole,163,0.11864583194255829,0.031467270106077194,0.6001636213986645,0.9692691646274283,5.763331890106201,0.006618850398808718,0.0011484416523315564,0.06
26,octanol_dipole,164,0.14686256647109985,0.012660324573516846,0.6101112109490225,0.9499895192796932,2.3957958221435547,0.030651554465293884,0.012793892610543697,0.12
26,octanol_dipole,165,0.27664539217948914,0.015370039269328117,0.6074358252880943,0.9120233479093454,2.9459171295166016,0.23059219121932983,0.07827517919934426,0.14
26,octanol_dipole,166,0.11973132193088531,0.013381200842559338,0.6109913842717685,0.9637005358145654,2.579679489135742,0.011065921746194363,0.004289649854874695,0.06
26,octanol_dipole,167,0.3787822425365448,0.021109433844685555,0.6052137030954841,0.9050376973151739,4.027132511138916,0.5767313838005066,0.1432114245571226,0.18
26,octanol_dipole,168,0.4848703145980835,0.014787930995225906,0.6214772962181405,0.9065821336482611,2.9344334602355957,0.8785436749458313,0.2993912408820802,0.28
26,octanol_dipole,169,0.10926806926727295,0.013997012749314308,0.6128435287794773,0.9522377946511125,2.6599740982055664,0.010230250656604767,0.0038459963439140825,0.1
26,octanol_dipole,170,0.276745468378067,0.016205884516239166,0.6000188990863871,0.9048316734745931,2.9843428134918213,0.4155258536338806,0.13923529554156544,0.08
26,octanol_dipole,171,0.09397962689399719,0.015521216206252575,0.6130298782239063,0.9659896620116688,3.0065410137176514,0.012641362845897675,0.004204620122665935,0.08
26,octanol_dipole,172,0.400640070438385,0.01348112616688013,0.6148880187567107,0.8917916541528539,2.664766311645508,0.5902232527732849,0.2214915620157397,0.24
26,octanol_dipole,173,0.35963335633277893,0.014063817448914051,0.6139400747396162,0.9034517823320651,2.7781786918640137,0.38178446888923645,0.13742257472757408,0.16
26,octanol_dipole,174,0.31846392154693604,0.00870306883007288,0.6146235904181772,0.9384538710451054,1.6872180700302124,0.24124367535114288,0.14298310315442686,0.22
26,octanol_dipole,175,0.12489631772041321,0.01689344085752964,0.5999318732312464,0.9529486298538858,3.211505889892578,0.009647369384765625,0.003004001772230385,0.1
26,octanol_dipole,176,0.10496221482753754,0.016174986958503723,0.6094057666386283,0.9494218694895902,2.9914867877960205,0.005935658700764179,0.0019841834919609586,0.06
26,octanol_dipole,177,0.486669659614563,0.014742325060069561,0.6243392215759798,0.8810942992882742,3.0095176696777344,0.6725586652755737,0.22347722761421526,0.24
26,octanol_dipole,178,0.1315298080444336,0.012641893699765205,0.6124656297285831,0.9572950925553461,2.3456625938415527,0.0048202648758888245,0.0020549694097285113,0.1
26,octanol_dipole,179,0.28560149669647217,0.018538791686296463,0.6044772158504403,0.9165488008611404,3.500138521194458,0.5366694927215576,0.15332807243823415,0.16
26,octanol_dipole,180,0.16249527037143707,0.012754242867231369,0.6133801525973916,0.9481022348284724,2.4417333602905273,0.01014346070587635,0.004154204906578923,0.1
26,octanol_dipole,181,0.4409601092338562,0.01823277585208416,0.6139743440213807,0.8977563040307424,3.511197328567505,0.8814195990562439,0.25103106335975844,0.3
26,octanol_dipole,182,0.12511411309242249,0.01956322230398655,0.5997299698394822,0.9540916125821937,3.5638587474823,0.015567666850984097,0.0043682053510066664,0.12
26,octanol_dipole,183,0.06687813997268677,0.02946668118238449,0.6158255336799852,0.9641810498222831,5.6394572257995605,0.00925967562943697,0.0016419444742085327,0.04
26,octanol_dipole,184,0.1992810219526291,0.015683384612202644,0.615039282936013,0.9544826201444956,3.0665249824523926,0.09880325198173523,0.032219940338695456,0.1
26,octanol_dipole,185,0.05360773578286171,0.013666455633938313,0.5958505925105573,0.95868615103999,2.5484957695007324,0.01741700991988182,0.006834231442845962,0.06
26,octanol_dipole,186,0.08226358890533447,0.018120218068361282,0.6121581981126178,0.9564040736470063,3.355774164199829,0.013884901069104671,0.004137614866111072,0.06
26,octanol_dipole,187,0.14993144571781158,0.018236054107546806,0.6041530208494619,0.9669308605631339,3.4715819358825684,0.012331066653132439,0.003552002194065327,0.08
26,octanol_dipole,188,0.40585222840309143,0.013260919600725174,0.6183621402244732,0.9011521072857758,2.659351348876953,0.6351426243782043,0.2388336631962624,0.14
26,octanol_dipole,189,0.1195870116353035,0.01523167360574007,0.6130369649132013,0.9659079204893481,2.9367213249206543,0.011117054149508476,0.003785532544463967,0.06
26,octanol_dipole,190,0.07021387666463852,0.014832683838903904,0.6117767831736356,0.9580251727152735,2.8178648948669434,0.009589459747076035,0.00340309422376648,0.06
26,octanol_dipole,191,0.09499106556177139,0.01588207297027111,0.6132986531346636,0.9517438530473814,3.0749990940093994,0.007072029169648886,0.0022998475620452552,0.06
26,octanol_dipole,192,0.09054506570100784,0.012942240573465824,0.6037843861337258,0.9642451273862702,2.490504264831543,0.012236988171935081,0.004913458027249268,0.14
26,octanol_dipole,193,0.2439175397157669,0.01760338805615902,0.6150637237724004,0.9392975272741524,3.4152333736419678,0.07555636018514633,0.022123337388382878,0.1
26,octanol_dipole,194,0.08647388219833374,0.02101537212729454,0.6007988787651901,0.957490244184257,3.893136978149414,0.011157765053212643,0.0028660088550278647,0.02
26,octanol_dipole,195,0.1474599689245224,0.04515661671757698,0.6089111691947802,0.8994502059260918,8.837752342224121,0.7306320667266846,0.08267170638352746,0.0
26,octanol_dipole,196,0.17027047276496887,0.01268781814724207,0.6115488105777329,0.9602102923905365,2.4550669193267822,0.010638514533638954,0.004333289023566087,0.1
26,octanol_dipole,197,0.09380277991294861,0.03096737712621689,0.5995368878124199,0.9344180733737217,5.7229790687561035,0.10153880715370178,0.017742299235033086,0.0
26,octanol_dipole,198,0.40539899468421936,0.016349686309695244,0.6166114732519092,0.8844066851140755,3.3420393466949463,0.5709686279296875,0.17084437635192337,0.18
26,octanol_dipole,199,0.11030878871679306,0.014140084385871887,0.6045933104934897,0.9691083342895117,2.6798760890960693,0.0070258029736578465,0.002621689488646347,0.06
26,octanol_dipole,200,0.18690083920955658,0.015324043110013008,0.613184507076644,0.9673849794953149,2.9980411529541016,0.015034412033855915,0.005014745050794866,0.1
26,octanol_dipole,201,0.3896908164024353,0.01374089065939188,0.6144263710876565,0.903074968127692,2.6518359184265137,0.4153868854045868,0.15664124711421046,0.2
26,octanol_dipole,202,0.1575116068124771,0.013858351856470108,0.6102081812219537,0.9470365229581565,2.6288671493530273,0.043591998517513275,0.01658204695822739,0.08
26,octanol_dipole,203,0.13470558822155,0.02092006616294384,0.6068934511901944,0.9616692573006571,4.1371660232543945,0.010887465439736843,0.002631624009899535,0.12
26,octanol_dipole,204,0.25788477063179016,0.016875330358743668,0.6119370645127276,0.8958766929548914,3.257110834121704,0.3886997401714325,0.11933881282128592,0.18
26,octanol_dipole,205,0.19294391572475433,0.012341126799583435,0.6138384471921061,0.9333751525071181,2.361889362335205,0.13751228153705597,0.05822130525245996,0.1
26,octanol_dipole,206,0.10716958343982697,0.024346210062503815,0.5988406002196769,0.9485698039087738,4.423111438751221,0.017017023637890816,0.0038472970607982783,0.02
26,octanol_dipole,207,0.2985800504684448,0.013847594149410725,0.6138468248980944,0.9325924918541915,2.732469081878662,0.30774956941604614,0.1126269173389725,0.18
26,octanol_dipole,208,0.460134357213974,0.013773210346698761,0.6194339165918401,0.8923956082673028,2.6802172660827637,0.669083833694458,0.24963790889697113,0.26
26,octanol_dipole,209,0.27374014258384705,0.017162952572107315,0.608444410147861,0.917835127869246,3.3953402042388916,0.32916247844696045,0.09694536000722978,0.1
26,octanol_dipole,210,0.16726422309875488,0.013775907456874847,0.6078644649173861,0.9520293726893438,2.61357045173645,0.05353369191288948,0.0204829725853848,0.12
26,octanol_dipole,211,0.06584364920854568,0.012228519655764103,0.6086173913224882,0.9574032420930463,2.3488850593566895,0.008594036102294922,0.0036587725176508417,0.06
26,octanol_dipole,212,0.4607161283493042,0.01328575424849987,0.6122155205564743,0.8932645271663504,2.661341667175293,0.7553276419639587,0.28381460797765656,0.22
26,octanol_dipole,213,0.37902945280075073,0.02099202759563923,0.6095980895287372,0.9138891832437173,4.133131980895996,0.6108534336090088,0.14779432073122079,0.18
26,octanol_dipole,214,0.1572244018316269,0.012934158556163311,0.6140252100959644,0.9684484607454855,2.481311082839966,0.020808272063732147,0.008385998921149457,0.14
26,octanol_dipole,215,0.11398389935493469,0.01504096481949091,0.6114851896580347,0.9688283653270262,2.9080119132995605,0.011408363468945026,0.003923080031677238,0.06
26,octanol_dipole,216,0.35406816005706787,0.01480838656425476,0.6123377789062716,0.9132746335307034,2.912111282348633,0.328418105840683,0.1127766331703547,0.14
26,octanol_dipole,217,0.12392596900463104,0.013458743691444397,0.6137261679006851,0.9644583647473663,2.5320472717285156,0.02463093027472496,0.009727673945799015,0.12
26,octanol_dipole,218,0.1316639631986618,0.015023048035800457,0.6094009101406077,0.9557376438189236,2.841094970703125,0.009237862192094326,0.0032515147460234687,0.06
26,octanol_dipole,219,0.3324896991252899,0.013814105652272701,0.6119909010987585,0.9131545366113685,2.7578251361846924,0.4143404960632324,0.150241757762949,0.2
26,octanol_dipole,220,0.39828380942344666,0.016559427604079247,0.6164077531824801,0.9216996562012703,3.318211555480957,0.4654335677623749,0.14026639350151765,0.18
26,octanol_dipole,221,0.39603158831596375,0.01207868941128254,0.6159099763631783,0.8994073706207191,2.402980089187622,0.4495023787021637,0.18706038419741022,0.26
26,octanol_dipole,222,0.25945472717285156,0.017318326979875565,0.608696034966532,0.9341949352189718,3.3172519207000732,0.3303636312484741,0.09958955157640066,0.14
26,octanol_dipole,223,0.07466956973075867,0.022611629217863083,0.6128972950065923,0.9436060840695881,4.2805633544921875,0.015094657428562641,0.0035263249667176933,0.04
26,octanol_dipole,224,0.19288848340511322,0.013484083116054535,0.6125771595861327,0.938091216339892,2.6209542751312256,0.044138625264167786,0.016840669706821902,0.12
26,octanol_dipole,225,0.2734083831310272,0.014943892136216164,0.6110401831616266,0.9042414676848447,2.871396064758301,0.37939661741256714,0.1321296710227618,0.14
26,octanol_dipole,226,0.30693504214286804,0.012552091851830482,0.6135642759473394,0.9110132420221404,2.402676582336426,0.26779112219810486,0.11145533450769214,0.1
26,octanol_dipole,227,0.09335057437419891,0.036113712936639786,0.6155383088779844,0.9571459698768916,7.391378402709961,0.007405390497297049,0.001001895734979818,0.04
26,octanol_dipole,228,0.21542343497276306,0.005693056620657444,0.6164679887737228,0.9686727272738995,1.048304796218872,0.05679857358336449,0.05418135430480822,0.14
26,octanol_dipole,229,0.3643478453159332,0.012403822503983974,0.6099805945096366,0.9038636327251557,2.4614450931549072,0.48241397738456726,0.19598811231911045,0.14
26,octanol_dipole,230,0.4413473904132843,0.013770179823040962,0.614435268765406,0.90994230185602,2.7350168228149414,0.8044606447219849,0.29413370989580084,0.22
26,octanol_dipole,231,0.20231661200523376,0.01686461828649044,0.6077541729254574,0.9489372022978133,3.1441681385040283,0.05642511695623398,0.017945960416442815,0.08
26,octanol_dipole,232,0.18460482358932495,0.013490418903529644,0.6156902764833687,0.9539923655088216,2.6233699321746826,0.0751049593091011,0.028629191174285397,0.1
26,octanol_dipole,233,0.1271071434020996,0.007994825020432472,0.606502182910893,0.9590954872601829,1.5210462808609009,0.022119997069239616,0.014542619345362629,0.12
26,octanol_dipole,234,0.4196501076221466,0.019523710012435913,0.5975755499944995,0.8856495228709873,3.6785733699798584,0.7299373745918274,0.1984294728355042,0.22
26,octanol_dipole,235,0.11143463850021362,0.014733650721609592,0.6125255395754841,0.9789202704025386,2.8423285484313965,0.010152041912078857,0.003571734139489783,0.1
26,octanol_dipole,236,0.31242188811302185,0.012425169348716736,0.6163912867138288,0.9323750160206223,2.434779405593872,0.28909534215927124,0.11873574316222599,0.24
26,octanol_dipole,237,0.055704910308122635,0.007745860610157251,0.6257936771676165,0.959710268332503,1.4333255290985107,0.0648900642991066,0.04527238438285486,0.02
26,octanol_dipole,238,0.17696513235569,0.012642327696084976,0.6084010505704538,0.9636582665889377,2.4504446983337402,0.02688320353627205,0.010970744842579863,0.12
26,octanol_dipole,239,0.14425984025001526,0.010388372465968132,0.6106342166188203,0.9610380982174929,1.997025728225708,0.015660641714930534,0.007841982951739185,0.08
26,octanol_dipole,240,0.35839325189590454,0.01981785148382187,0.599697473391128,0.8911525955664932,3.7791740894317627,0.6997715830802917,0.18516521507626804,0.2
26,octanol_dipole,241,0.15575776994228363,0.01703854463994503,0.6125863018485733,0.9657118658995714,3.2429561614990234,0.010470078326761723,0.0032285599327750505,0.12
26,octanol_dipole,242,0.13271775841712952,0.016907135024666786,0.60719770730286,0.9547541666055668,3.103837728500366,0.03735747188329697,0.012035897218552855,0.06
26,octanol_dipole,243,0.06088246777653694,0.02568659372627735,0.6118394944008079,0.9718621839262864,4.8843607902526855,0.011438346467912197,0.0023418307858704373,0.06
26,octanol_dipole,244,0.0513417050242424,0.021394535899162292,0.6100723964973067,0.9534866952911869,3.985687732696533,0.007136974483728409,0.0017906506887582635,0.04
26,octanol_dipole,245,0.13702897727489471,0.0184773076325655,0.6079432156751445,0.9450118931545355,3.581602096557617,0.03836122527718544,0.010710632907562663,0.14
26,octanol_dipole,246,0.07627665251493454,0.013049792498350143,0.6142790232178152,0.9580335846139487,2.4170830249786377,0.01861121691763401,0.007699866626550198,0.04
26,octanol_dipole,247,0.3517630994319916,0.01748434454202652,0.6129370700510601,0.9014058368391693,3.4516143798828125,0.6228044033050537,0.18043858170685884,0.12
26,octanol_dipole,248,0.16501589119434357,0.015949856489896774,0.6091117635315444,0.9703159414352842,3.1121883392333984,0.01238313503563404,0.003978915697204972,0.12
26,octanol_dipole,249,0.10419143736362457,0.012701376341283321,0.6134283328954606,0.968353448938055,2.4103591442108154,0.02103523723781109,0.008727013685215078,0.1
26,hexane_gsolv_eV,0,1.0,0.0,0.6383629245653741,0.6383629245653741,,,,1.0
26,hexane_gsolv_eV,1,1.0,0.0,0.6383629245653741,0.6383629245653741,,,,1.0
26,hexane_gsolv_eV,2,1.0,0.0,0.6383629245653741,0.6383629245653741,,,,1.0
26,hexane_gsolv_eV,3,1.0,0.0,0.6383629245653741,0.6383629245653741,,,,1.0
26,hexane_gsolv_eV,4,1.0,0.0,0.6383629245653741,0.6383629245653741,,,,1.0
26,hexane_gsolv_eV,5,1.0,0.0,0.6383629245653741,0.6383629245653741,,,,1.0
26,hexane_gsolv_eV,6,1.0,0.0,0.6383629245653741,0.6383629245653741,,,,1.0
26,hexane_gsolv_eV,7,1.0,0.0,0.6383629245653741,0.6383629245653741,,,,1.0
26,hexane_gsolv_eV,8,1.0,0.0,0.6383629245653741,0.6383629245653741,,,,1.0
26,hexane_gsolv_eV,9,1.0,0.0,0.6383629245653741,0.6383629245653741,,,,1.0
26,hexane_gsolv_eV,10,1.0,0.0,0.6383629245653741,0.6383629245653741,,,,1.0
26,hexane_gsolv_eV,11,1.0,0.0,0.6383629245653741,0.6383629245653741,,,,1.0
26,hexane_gsolv_eV,12,1.0,0.0,0.6383629245653741,0.6383629245653741,,,,1.0
26,hexane_gsolv_eV,13,1.0,0.0,0.6383629245653741,0.6383629245653741,,,,1.0
26,hexane_gsolv_eV,14,1.0,0.0,0.6383629245653741,0.6383629245653741,,,,1.0
26,hexane_gsolv_eV,15,1.0,0.0,0.6383629245653741,0.6383629245653741,,,,1.0
26,hexane_gsolv_eV,16,1.0,0.0,0.6383629245653741,0.6383629245653741,,,,1.0
26,hexane_gsolv_eV,17,1.0,0.0,0.6383629245653741,0.6383629245653741,,,,1.0
26,hexane_gsolv_eV,18,1.0,0.0,0.6383629245653741,0.6383629245653741,,,,1.0
26,hexane_gsolv_eV,19,1.0,0.0,0.6383629245653741,0.6383629245653741,,,,1.0
26,hexane_gsolv_eV,20,1.0,0.0,0.6383629245653741,0.6383629245653741,,,,1.0
26,hexane_gsolv_eV,21,1.0,0.0,0.6383629245653741,0.6383629245653741,,,,1.0
26,hexane_gsolv_eV,22,1.0,0.0,0.6383629245653741,0.6383629245653741,,,,1.0
26,hexane_gsolv_eV,23,1.0,0.0,0.6383629245653741,0.6383629245653741,,,,1.0
26,hexane_gsolv_eV,24,1.0,0.0,0.6383629245653741,0.6383629245653741,,,,1.0
26,hexane_gsolv_eV,25,1.0,0.0,0.6383629245653741,0.6383629245653741,,,,1.0
26,hexane_gsolv_eV,26,1.0,0.0,0.6383629245653741,0.6383629245653741,,,,1.0
26,hexane_gsolv_eV,27,1.0,0.0,0.6383629245653741,0.6383629245653741,,,,1.0
26,hexane_gsolv_eV,28,1.0,0.0,0.6383629245653741,0.6383629245653741,,,,1.0
26,hexane_gsolv_eV,29,1.0,0.0,0.6383629245653741,0.6383629245653741,,,,1.0
26,hexane_gsolv_eV,30,1.0,0.0,0.6383629245653741,0.6383629245653741,,,,1.0
26,hexane_gsolv_eV,31,1.0,0.0,0.6383629245653741,0.6383629245653741,,,,1.0
26,hexane_gsolv_eV,32,1.0,0.0,0.6383629245653741,0.6383629245653741,,,,1.0
26,hexane_gsolv_eV,33,1.0,0.0,0.6383629245653741,0.6383629245653741,,,,1.0
26,hexane_gsolv_eV,34,1.0,0.0,0.6383629245653741,0.6383629245653741,,,,1.0
26,hexane_gsolv_eV,35,1.0,0.0,0.6383629245653741,0.6383629245653741,,,,1.0
26,hexane_gsolv_eV,36,1.0,0.0,0.6383629245653741,0.6383629245653741,,,,1.0
26,hexane_gsolv_eV,37,1.0,0.0,0.6383629245653741,0.6383629245653741,,,,1.0
26,hexane_gsolv_eV,38,1.0,0.0,0.6383629245653741,0.6383629245653741,,,,1.0
26,hexane_gsolv_eV,39,1.0,0.0,0.6383629245653741,0.6383629245653741,,,,1.0
26,hexane_gsolv_eV,40,1.0,0.0,0.6383629245653741,0.6383629245653741,,,,1.0
26,hexane_gsolv_eV,41,1.0,0.0,0.6383629245653741,0.6383629245653741,,,,1.0
26,hexane_gsolv_eV,42,1.0,0.0,0.6383629245653741,0.6383629245653741,,,,1.0
26,hexane_gsolv_eV,43,1.0,0.0,0.6383629245653741,0.6383629245653741,,,,1.0
26,hexane_gsolv_eV,44,1.0,0.0,0.6383629245653741,0.6383629245653741,,,,1.0
26,hexane_gsolv_eV,45,1.0,0.0,0.6383629245653741,0.6383629245653741,,,,1.0
26,hexane_gsolv_eV,46,1.0,0.0,0.6383629245653741,0.6383629245653741,,,,1.0
26,hexane_gsolv_eV,47,1.0,0.0,0.6383629245653741,0.6383629245653741,,,,1.0
26,hexane_gsolv_eV,48,1.0,0.0,0.6383629245653741,0.6383629245653741,,,,1.0
26,hexane_gsolv_eV,49,1.0,0.0,0.6383629245653741,0.6383629245653741,,,,1.0
26,hexane_gsolv_eV,50,1.0,0.0,0.6383629245653741,0.6383629245653741,,,,1.0
26,hexane_gsolv_eV,51,1.0,0.0,0.6383629245653741,0.6383629245653741,,,,1.0
26,hexane_gsolv_eV,52,1.0,0.0,0.6383629245653741,0.6383629245653741,,,,1.0
26,hexane_gsolv_eV,53,1.0,0.0,0.6383629245653741,0.6383629245653741,,,,1.0
26,hexane_gsolv_eV,54,1.0,0.0,0.6383629245653741,0.6383629245653741,,,,1.0
26,hexane_gsolv_eV,55,1.0,0.0,0.6383629245653741,0.6383629245653741,,,,1.0
26,hexane_gsolv_eV,56,1.0,0.0,0.6383629245653741,0.6383629245653741,,,,1.0
26,hexane_gsolv_eV,57,1.0,0.0,0.6383629245653741,0.6383629245653741,,,,1.0
26,hexane_gsolv_eV,58,1.0,0.0,0.6383629245653741,0.6383629245653741,,,,1.0
26,hexane_gsolv_eV,59,1.0,0.0,0.6383629245653741,0.6383629245653741,,,,1.0
26,hexane_gsolv_eV,60,1.0,0.0,0.6383629245653741,0.6383629245653741,,,,1.0
26,hexane_gsolv_eV,61,1.0,0.0,0.6383629245653741,0.6383629245653741,,,,1.0
26,hexane_gsolv_eV,62,1.0,0.0,0.6383629245653741,0.6383629245653741,,,,1.0
26,hexane_gsolv_eV,63,1.0,0.0,0.6383629245653741,0.6383629245653741,,,,1.0
26,hexane_gsolv_eV,64,1.0,0.0,0.6383629245653741,0.6383629245653741,,,,1.0
26,hexane_gsolv_eV,65,1.0,0.0,0.6383629245653741,0.6383629245653741,,,,1.0
26,hexane_gsolv_eV,66,1.0,0.0,0.6383629245653741,0.6383629245653741,,,,1.0
26,hexane_gsolv_eV,67,1.0,0.0,0.6383629245653741,0.6383629245653741,,,,1.0
26,hexane_gsolv_eV,68,1.0,0.0,0.6383629245653741,0.6383629245653741,,,,1.0
26,hexane_gsolv_eV,69,1.0,0.0,0.6383629245653741,0.6383629245653741,,,,1.0
26,hexane_gsolv_eV,70,1.0,0.0,0.6383629245653741,0.6383629245653741,,,,1.0
26,hexane_gsolv_eV,71,1.0,0.0,0.6383629245653741,0.6383629245653741,,,,1.0
26,hexane_gsolv_eV,72,1.0,0.0,0.6383629245653741,0.6383629245653741,,,,1.0
26,hexane_gsolv_eV,73,1.0,0.0,0.6383629245653741,0.6383629245653741,,,,1.0
26,hexane_gsolv_eV,74,1.0,0.0,0.6383629245653741,0.6383629245653741,,,,1.0
26,hexane_gsolv_eV,75,1.0,0.0,0.6383629245653741,0.6383629245653741,,,,1.0
26,hexane_gsolv_eV,76,1.0,0.0,0.6383629245653741,0.6383629245653741,,,,1.0
26,hexane_gsolv_eV,77,1.0,0.0,0.6383629245653741,0.6383629245653741,,,,1.0
26,hexane_gsolv_eV,78,1.0,0.0,0.6383629245653741,0.6383629245653741,,,,1.0
26,hexane_gsolv_eV,79,1.0,0.0,0.6383629245653741,0.6383629245653741,,,,1.0
26,hexane_gsolv_eV,80,1.0,0.0,0.6383629245653741,0.6383629245653741,,,,1.0
26,hexane_gsolv_eV,81,1.0,0.0,0.6383629245653741,0.6383629245653741,,,,1.0
26,hexane_gsolv_eV,82,1.0,0.0,0.6383629245653741,0.6383629245653741,,,,1.0
26,hexane_gsolv_eV,83,1.0,0.0,0.6383629245653741,0.6383629245653741,,,,1.0
26,hexane_gsolv_eV,84,1.0,0.0,0.6383629245653741,0.6383629245653741,,,,1.0
26,hexane_gsolv_eV,85,1.0,0.0,0.6383629245653741,0.6383629245653741,,,,1.0
26,hexane_gsolv_eV,86,1.0,0.0,0.6383629245653741,0.6383629245653741,,,,1.0
26,hexane_gsolv_eV,87,1.0,0.0,0.6383629245653741,0.6383629245653741,,,,1.0
26,hexane_gsolv_eV,88,1.0,0.0,0.6383629245653741,0.6383629245653741,,,,1.0
26,hexane_gsolv_eV,89,1.0,0.0,0.6383629245653741,0.6383629245653741,,,,1.0
26,hexane_gsolv_eV,90,1.0,0.0,0.6383629245653741,0.6383629245653741,,,,1.0
26,hexane_gsolv_eV,91,1.0,0.0,0.6383629245653741,0.6383629245653741,,,,1.0
26,hexane_gsolv_eV,92,1.0,0.0,0.6383629245653741,0.6383629245653741,,,,1.0
26,hexane_gsolv_eV,93,1.0,0.0,0.6383629245653741,0.6383629245653741,,,,1.0
26,hexane_gsolv_eV,94,1.0,0.0,0.6383629245653741,0.6383629245653741,,,,1.0
26,hexane_gsolv_eV,95,1.0,0.0,0.6383629245653741,0.6383629245653741,,,,1.0
26,hexane_gsolv_eV,96,1.0,0.0,0.6383629245653741,0.6383629245653741,,,,1.0
26,hexane_gsolv_eV,97,1.0,0.0,0.6383629245653741,0.6383629245653741,,,,1.0
26,hexane_gsolv_eV,98,1.0,0.0,0.6383629245653741,0.6383629245653741,,,,1.0
26,hexane_gsolv_eV,99,1.0,0.0,0.6383629245653741,0.6383629245653741,,,,1.0
26,hexane_gsolv_eV,100,1.0,0.0,0.6383629245653741,0.6383629245653741,,,,1.0
26,hexane_gsolv_eV,101,1.0,0.0,0.6383629245653741,0.6383629245653741,,,,1.0
26,hexane_gsolv_eV,102,1.0,0.0,0.6383629245653741,0.6383629245653741,,,,1.0
26,hexane_gsolv_eV,103,1.0,0.0,0.6383629245653741,0.6383629245653741,,,,1.0
26,hexane_gsolv_eV,104,1.0,0.0,0.6383629245653741,0.6383629245653741,,,,1.0
26,hexane_gsolv_eV,105,1.0,0.0,0.6383629245653741,0.6383629245653741,,,,1.0
26,hexane_gsolv_eV,106,1.0,0.0,0.6383629245653741,0.6383629245653741,,,,1.0
26,hexane_gsolv_eV,107,1.0,0.0,0.6383629245653741,0.6383629245653741,,,,1.0
26,hexane_gsolv_eV,108,1.0,0.0,0.6383629245653741,0.6383629245653741,,,,1.0
26,hexane_gsolv_eV,109,1.0,0.0,0.6383629245653741,0.6383629245653741,,,,1.0
26,hexane_gsolv_eV,110,1.0,0.0,0.6383629245653741,0.6383629245653741,,,,1.0
26,hexane_gsolv_eV,111,1.0,0.0,0.6383629245653741,0.6383629245653741,,,,1.0
26,hexane_gsolv_eV,112,1.0,0.0,0.6383629245653741,0.6383629245653741,,,,1.0
26,hexane_gsolv_eV,113,1.0,0.0,0.6383629245653741,0.6383629245653741,,,,1.0
26,hexane_gsolv_eV,114,1.0,0.0,0.6383629245653741,0.6383629245653741,,,,1.0
26,hexane_gsolv_eV,115,1.0,0.0,0.6383629245653741,0.6383629245653741,,,,1.0
26,hexane_gsolv_eV,116,1.0,0.0,0.6383629245653741,0.6383629245653741,,,,1.0
26,hexane_gsolv_eV,117,1.0,0.0,0.6383629245653741,0.6383629245653741,,,,1.0
26,hexane_gsolv_eV,118,1.0,0.0,0.6383629245653741,0.6383629245653741,,,,1.0
26,hexane_gsolv_eV,119,1.0,0.0,0.6383629245653741,0.6383629245653741,,,,1.0
26,hexane_gsolv_eV,120,1.0,0.0,0.6383629245653741,0.6383629245653741,,,,1.0
26,hexane_gsolv_eV,121,1.0,0.0,0.6383629245653741,0.6383629245653741,,,,1.0
26,hexane_gsolv_eV,122,1.0,0.0,0.6383629245653741,0.6383629245653741,,,,1.0
26,hexane_gsolv_eV,123,1.0,0.0,0.6383629245653741,0.6383629245653741,,,,1.0
26,hexane_gsolv_eV,124,1.0,0.0,0.6383629245653741,0.6383629245653741,,,,1.0
26,hexane_gsolv_eV,125,1.0,0.0,0.6383629245653741,0.6383629245653741,,,,1.0
26,hexane_gsolv_eV,126,1.0,0.0,0.6383629245653741,0.6383629245653741,,,,1.0
26,hexane_gsolv_eV,127,1.0,0.0,0.6383629245653741,0.6383629245653741,,,,1.0
26,hexane_gsolv_eV,128,1.0,0.0,0.6383629245653741,0.6383629245653741,,,,1.0
26,hexane_gsolv_eV,129,1.0,0.0,0.6383629245653741,0.6383629245653741,,,,1.0
26,hexane_gsolv_eV,130,1.0,0.0,0.6383629245653741,0.6383629245653741,,,,1.0
26,hexane_gsolv_eV,131,1.0,0.0,0.6383629245653741,0.6383629245653741,,,,1.0
26,hexane_gsolv_eV,132,1.0,0.0,0.6383629245653741,0.6383629245653741,,,,1.0
26,hexane_gsolv_eV,133,1.0,0.0,0.6383629245653741,0.6383629245653741,,,,1.0
26,hexane_gsolv_eV,134,1.0,0.0,0.6383629245653741,0.6383629245653741,,,,1.0
26,hexane_gsolv_eV,135,1.0,0.0,0.6383629245653741,0.6383629245653741,,,,1.0
26,hexane_gsolv_eV,136,1.0,0.0,0.6383629245653741,0.6383629245653741,,,,1.0
26,hexane_gsolv_eV,137,1.0,0.0,0.6383629245653741,0.6383629245653741,,,,1.0
26,hexane_gsolv_eV,138,1.0,0.0,0.6383629245653741,0.6383629245653741,,,,1.0
26,hexane_gsolv_eV,139,1.0,0.0,0.6383629245653741,0.6383629245653741,,,,1.0
26,hexane_gsolv_eV,140,1.0,0.0,0.6383629245653741,0.6383629245653741,,,,1.0
26,hexane_gsolv_eV,141,1.0,0.0,0.6383629245653741,0.6383629245653741,,,,1.0
26,hexane_gsolv_eV,142,1.0,0.0,0.6383629245653741,0.6383629245653741,,,,1.0
26,hexane_gsolv_eV,143,1.0,0.0,0.6383629245653741,0.6383629245653741,,,,1.0
26,hexane_gsolv_eV,144,1.0,0.0,0.6383629245653741,0.6383629245653741,,,,1.0
26,hexane_gsolv_eV,145,1.0,0.0,0.6383629245653741,0.6383629245653741,,,,1.0
26,hexane_gsolv_eV,146,1.0,0.0,0.6383629245653741,0.6383629245653741,,,,1.0
26,hexane_gsolv_eV,147,1.0,0.0,0.6383629245653741,0.6383629245653741,,,,1.0
26,hexane_gsolv_eV,148,1.0,0.0,0.6383629245653741,0.6383629245653741,,,,1.0
26,hexane_gsolv_eV,149,1.0,0.0,0.6383629245653741,0.6383629245653741,,,,1.0
26,hexane_gsolv_eV,150,1.0,0.0,0.6383629245653741,0.6383629245653741,,,,1.0
26,hexane_gsolv_eV,151,1.0,0.0,0.6383629245653741,0.6383629245653741,,,,1.0
26,hexane_gsolv_eV,152,1.0,0.0,0.6383629245653741,0.6383629245653741,,,,1.0
26,hexane_gsolv_eV,153,1.0,0.0,0.6383629245653741,0.6383629245653741,,,,1.0
26,hexane_gsolv_eV,154,1.0,0.0,0.6383629245653741,0.6383629245653741,,,,1.0
26,hexane_gsolv_eV,155,1.0,0.0,0.6383629245653741,0.6383629245653741,,,,1.0
26,hexane_gsolv_eV,156,1.0,0.0,0.6383629245653741,0.6383629245653741,,,,1.0
26,hexane_gsolv_eV,157,1.0,0.0,0.6383629245653741,0.6383629245653741,,,,1.0
26,hexane_gsolv_eV,158,1.0,0.0,0.6383629245653741,0.6383629245653741,,,,1.0
26,hexane_gsolv_eV,159,1.0,0.0,0.6383629245653741,0.6383629245653741,,,,1.0
26,hexane_gsolv_eV,160,1.0,0.0,0.6383629245653741,0.6383629245653741,,,,1.0
26,hexane_gsolv_eV,161,1.0,0.0,0.6383629245653741,0.6383629245653741,,,,1.0
26,hexane_gsolv_eV,162,1.0,0.0,0.6383629245653741,0.6383629245653741,,,,1.0
26,hexane_gsolv_eV,163,1.0,0.0,0.6383629245653741,0.6383629245653741,,,,1.0
26,hexane_gsolv_eV,164,1.0,0.0,0.6383629245653741,0.6383629245653741,,,,1.0
26,hexane_gsolv_eV,165,1.0,0.0,0.6383629245653741,0.6383629245653741,,,,1.0
26,hexane_gsolv_eV,166,1.0,0.0,0.6383629245653741,0.6383629245653741,,,,1.0
26,hexane_gsolv_eV,167,1.0,0.0,0.6383629245653741,0.6383629245653741,,,,1.0
26,hexane_gsolv_eV,168,1.0,0.0,0.6383629245653741,0.6383629245653741,,,,1.0
26,hexane_gsolv_eV,169,1.0,0.0,0.6383629245653741,0.6383629245653741,,,,1.0
26,hexane_gsolv_eV,170,1.0,0.0,0.6383629245653741,0.6383629245653741,,,,1.0
26,hexane_gsolv_eV,171,1.0,0.0,0.6383629245653741,0.6383629245653741,,,,1.0
26,hexane_gsolv_eV,172,1.0,0.0,0.6383629245653741,0.6383629245653741,,,,1.0
26,hexane_gsolv_eV,173,1.0,0.0,0.6383629245653741,0.6383629245653741,,,,1.0
26,hexane_gsolv_eV,174,1.0,0.0,0.6383629245653741,0.6383629245653741,,,,1.0
26,hexane_gsolv_eV,175,1.0,0.0,0.6383629245653741,0.6383629245653741,,,,1.0
26,hexane_gsolv_eV,176,1.0,0.0,0.6383629245653741,0.6383629245653741,,,,1.0
26,hexane_gsolv_eV,177,1.0,0.0,0.6383629245653741,0.6383629245653741,,,,1.0
26,hexane_gsolv_eV,178,1.0,0.0,0.6383629245653741,0.6383629245653741,,,,1.0
26,hexane_gsolv_eV,179,1.0,0.0,0.6383629245653741,0.6383629245653741,,,,1.0
26,hexane_gsolv_eV,180,1.0,0.0,0.6383629245653741,0.6383629245653741,,,,1.0
26,hexane_gsolv_eV,181,1.0,0.0,0.6383629245653741,0.6383629245653741,,,,1.0
26,hexane_gsolv_eV,182,1.0,0.0,0.6383629245653741,0.6383629245653741,,,,1.0
26,hexane_gsolv_eV,183,1.0,0.0,0.6383629245653741,0.6383629245653741,,,,1.0
26,hexane_gsolv_eV,184,1.0,0.0,0.6383629245653741,0.6383629245653741,,,,1.0
26,hexane_gsolv_eV,185,1.0,0.0,0.6383629245653741,0.6383629245653741,,,,1.0
26,hexane_gsolv_eV,186,1.0,0.0,0.6383629245653741,0.6383629245653741,,,,1.0
26,hexane_gsolv_eV,187,1.0,0.0,0.6383629245653741,0.6383629245653741,,,,1.0
26,hexane_gsolv_eV,188,1.0,0.0,0.6383629245653741,0.6383629245653741,,,,1.0
26,hexane_gsolv_eV,189,1.0,0.0,0.6383629245653741,0.6383629245653741,,,,1.0
26,hexane_gsolv_eV,190,1.0,0.0,0.6383629245653741,0.6383629245653741,,,,1.0
26,hexane_gsolv_eV,191,1.0,0.0,0.6383629245653741,0.6383629245653741,,,,1.0
26,hexane_gsolv_eV,192,1.0,0.0,0.6383629245653741,0.6383629245653741,,,,1.0
26,hexane_gsolv_eV,193,1.0,0.0,0.6383629245653741,0.6383629245653741,,,,1.0
26,hexane_gsolv_eV,194,1.0,0.0,0.6383629245653741,0.6383629245653741,,,,1.0
26,hexane_gsolv_eV,195,1.0,0.0,0.6383629245653741,0.6383629245653741,,,,1.0
26,hexane_gsolv_eV,196,1.0,0.0,0.6383629245653741,0.6383629245653741,,,,1.0
26,hexane_gsolv_eV,197,1.0,0.0,0.6383629245653741,0.6383629245653741,,,,1.0
26,hexane_gsolv_eV,198,1.0,0.0,0.6383629245653741,0.6383629245653741,,,,1.0
26,hexane_gsolv_eV,199,1.0,0.0,0.6383629245653741,0.6383629245653741,,,,1.0
26,hexane_gsolv_eV,200,1.0,0.0,0.6383629245653741,0.6383629245653741,,,,1.0
26,hexane_gsolv_eV,201,1.0,0.0,0.6383629245653741,0.6383629245653741,,,,1.0
26,hexane_gsolv_eV,202,1.0,0.0,0.6383629245653741,0.6383629245653741,,,,1.0
26,hexane_gsolv_eV,203,1.0,0.0,0.6383629245653741,0.6383629245653741,,,,1.0
26,hexane_gsolv_eV,204,1.0,0.0,0.6383629245653741,0.6383629245653741,,,,1.0
26,hexane_gsolv_eV,205,1.0,0.0,0.6383629245653741,0.6383629245653741,,,,1.0
26,hexane_gsolv_eV,206,1.0,0.0,0.6383629245653741,0.6383629245653741,,,,1.0
26,hexane_gsolv_eV,207,1.0,0.0,0.6383629245653741,0.6383629245653741,,,,1.0
26,hexane_gsolv_eV,208,1.0,0.0,0.6383629245653741,0.6383629245653741,,,,1.0
26,hexane_gsolv_eV,209,1.0,0.0,0.6383629245653741,0.6383629245653741,,,,1.0
26,hexane_gsolv_eV,210,1.0,0.0,0.6383629245653741,0.6383629245653741,,,,1.0
26,hexane_gsolv_eV,211,1.0,0.0,0.6383629245653741,0.6383629245653741,,,,1.0
26,hexane_gsolv_eV,212,1.0,0.0,0.6383629245653741,0.6383629245653741,,,,1.0
26,hexane_gsolv_eV,213,1.0,0.0,0.6383629245653741,0.6383629245653741,,,,1.0
26,hexane_gsolv_eV,214,1.0,0.0,0.6383629245653741,0.6383629245653741,,,,1.0
26,hexane_gsolv_eV,215,1.0,0.0,0.6383629245653741,0.6383629245653741,,,,1.0
26,hexane_gsolv_eV,216,1.0,0.0,0.6383629245653741,0.6383629245653741,,,,1.0
26,hexane_gsolv_eV,217,1.0,0.0,0.6383629245653741,0.6383629245653741,,,,1.0
26,hexane_gsolv_eV,218,1.0,0.0,0.6383629245653741,0.6383629245653741,,,,1.0
26,hexane_gsolv_eV,219,1.0,0.0,0.6383629245653741,0.6383629245653741,,,,1.0
26,hexane_gsolv_eV,220,1.0,0.0,0.6383629245653741,0.6383629245653741,,,,1.0
26,hexane_gsolv_eV,221,1.0,0.0,0.6383629245653741,0.6383629245653741,,,,1.0
26,hexane_gsolv_eV,222,1.0,0.0,0.6383629245653741,0.6383629245653741,,,,1.0
26,hexane_gsolv_eV,223,1.0,0.0,0.6383629245653741,0.6383629245653741,,,,1.0
26,hexane_gsolv_eV,224,1.0,0.0,0.6383629245653741,0.6383629245653741,,,,1.0
26,hexane_gsolv_eV,225,1.0,0.0,0.6383629245653741,0.6383629245653741,,,,1.0
26,hexane_gsolv_eV,226,1.0,0.0,0.6383629245653741,0.6383629245653741,,,,1.0
26,hexane_gsolv_eV,227,1.0,0.0,0.6383629245653741,0.6383629245653741,,,,1.0
26,hexane_gsolv_eV,228,1.0,0.0,0.6383629245653741,0.6383629245653741,,,,1.0
26,hexane_gsolv_eV,229,1.0,0.0,0.6383629245653741,0.6383629245653741,,,,1.0
26,hexane_gsolv_eV,230,1.0,0.0,0.6383629245653741,0.6383629245653741,,,,1.0
26,hexane_gsolv_eV,231,1.0,0.0,0.6383629245653741,0.6383629245653741,,,,1.0
26,hexane_gsolv_eV,232,1.0,0.0,0.6383629245653741,0.6383629245653741,,,,1.0
26,hexane_gsolv_eV,233,1.0,0.0,0.6383629245653741,0.6383629245653741,,,,1.0
26,hexane_gsolv_eV,234,1.0,0.0,0.6383629245653741,0.6383629245653741,,,,1.0
26,hexane_gsolv_eV,235,1.0,0.0,0.6383629245653741,0.6383629245653741,,,,1.0
26,hexane_gsolv_eV,236,1.0,0.0,0.6383629245653741,0.6383629245653741,,,,1.0
26,hexane_gsolv_eV,237,1.0,0.0,0.6383629245653741,0.6383629245653741,,,,1.0
26,hexane_gsolv_eV,238,1.0,0.0,0.6383629245653741,0.6383629245653741,,,,1.0
26,hexane_gsolv_eV,239,1.0,0.0,0.6383629245653741,0.6383629245653741,,,,1.0
26,hexane_gsolv_eV,240,1.0,0.0,0.6383629245653741,0.6383629245653741,,,,1.0
26,hexane_gsolv_eV,241,1.0,0.0,0.6383629245653741,0.6383629245653741,,,,1.0
26,hexane_gsolv_eV,242,1.0,0.0,0.6383629245653741,0.6383629245653741,,,,1.0
26,hexane_gsolv_eV,243,1.0,0.0,0.6383629245653741,0.6383629245653741,,,,1.0
26,hexane_gsolv_eV,244,1.0,0.0,0.6383629245653741,0.6383629245653741,,,,1.0
26,hexane_gsolv_eV,245,1.0,0.0,0.6383629245653741,0.6383629245653741,,,,1.0
26,hexane_gsolv_eV,246,1.0,0.0,0.6383629245653741,0.6383629245653741,,,,1.0
26,hexane_gsolv_eV,247,1.0,0.0,0.6383629245653741,0.6383629245653741,,,,1.0
26,hexane_gsolv_eV,248,1.0,0.0,0.6383629245653741,0.6383629245653741,,,,1.0
26,hexane_gsolv_eV,249,1.0,0.0,0.6383629245653741,0.6383629245653741,,,,1.0
26,hexane_hl_gap_eV,0,1.0000001192092896,0.0,0.7045657150212106,0.7045657150212106,,,,1.0
26,hexane_hl_gap_eV,1,1.0000001192092896,0.0,0.7045657150212106,0.7045657150212106,,,,1.0
26,hexane_hl_gap_eV,2,1.0000001192092896,0.0,0.7045657150212106,0.7045657150212106,,,,1.0
26,hexane_hl_gap_eV,3,1.0000001192092896,0.0,0.7045657150212106,0.7045657150212106,,,,1.0
26,hexane_hl_gap_eV,4,1.0000001192092896,0.0,0.7045657150212106,0.7045657150212106,,,,1.0
26,hexane_hl_gap_eV,5,1.0000001192092896,0.0,0.7045657150212106,0.7045657150212106,,,,1.0
26,hexane_hl_gap_eV,6,1.0000001192092896,0.0,0.7045657150212106,0.7045657150212106,,,,1.0
26,hexane_hl_gap_eV,7,1.0000001192092896,0.0,0.7045657150212106,0.7045657150212106,,,,1.0
26,hexane_hl_gap_eV,8,1.0000001192092896,0.0,0.7045657150212106,0.7045657150212106,,,,1.0
26,hexane_hl_gap_eV,9,1.0000001192092896,0.0,0.7045657150212106,0.7045657150212106,,,,1.0
26,hexane_hl_gap_eV,10,1.0000001192092896,0.0,0.7045657150212106,0.7045657150212106,,,,1.0
26,hexane_hl_gap_eV,11,1.0000001192092896,0.0,0.7045657150212106,0.7045657150212106,,,,1.0
26,hexane_hl_gap_eV,12,1.0000001192092896,0.0,0.7045657150212106,0.7045657150212106,,,,1.0
26,hexane_hl_gap_eV,13,1.0000001192092896,0.0,0.7045657150212106,0.7045657150212106,,,,1.0
26,hexane_hl_gap_eV,14,1.0000001192092896,0.0,0.7045657150212106,0.7045657150212106,,,,1.0
26,hexane_hl_gap_eV,15,1.0000001192092896,0.0,0.7045657150212106,0.7045657150212106,,,,1.0
26,hexane_hl_gap_eV,16,1.0000001192092896,0.0,0.7045657150212106,0.7045657150212106,,,,1.0
26,hexane_hl_gap_eV,17,1.0000001192092896,0.0,0.7045657150212106,0.7045657150212106,,,,1.0
26,hexane_hl_gap_eV,18,1.0000001192092896,0.0,0.7045657150212106,0.7045657150212106,,,,1.0
26,hexane_hl_gap_eV,19,1.0000001192092896,0.0,0.7045657150212106,0.7045657150212106,,,,1.0
26,hexane_hl_gap_eV,20,1.0000001192092896,0.0,0.7045657150212106,0.7045657150212106,,,,1.0
26,hexane_hl_gap_eV,21,1.0000001192092896,0.0,0.7045657150212106,0.7045657150212106,,,,1.0
26,hexane_hl_gap_eV,22,1.0000001192092896,0.0,0.7045657150212106,0.7045657150212106,,,,1.0
26,hexane_hl_gap_eV,23,1.0000001192092896,0.0,0.7045657150212106,0.7045657150212106,,,,1.0
26,hexane_hl_gap_eV,24,1.0000001192092896,0.0,0.7045657150212106,0.7045657150212106,,,,1.0
26,hexane_hl_gap_eV,25,1.0000001192092896,0.0,0.7045657150212106,0.7045657150212106,,,,1.0
26,hexane_hl_gap_eV,26,1.0000001192092896,0.0,0.7045657150212106,0.7045657150212106,,,,1.0
26,hexane_hl_gap_eV,27,1.0000001192092896,0.0,0.7045657150212106,0.7045657150212106,,,,1.0
26,hexane_hl_gap_eV,28,1.0000001192092896,0.0,0.7045657150212106,0.7045657150212106,,,,1.0
26,hexane_hl_gap_eV,29,1.0000001192092896,0.0,0.7045657150212106,0.7045657150212106,,,,1.0
26,hexane_hl_gap_eV,30,1.0000001192092896,0.0,0.7045657150212106,0.7045657150212106,,,,1.0
26,hexane_hl_gap_eV,31,1.0000001192092896,0.0,0.7045657150212106,0.7045657150212106,,,,1.0
26,hexane_hl_gap_eV,32,1.0000001192092896,0.0,0.7045657150212106,0.7045657150212106,,,,1.0
26,hexane_hl_gap_eV,33,1.0000001192092896,0.0,0.7045657150212106,0.7045657150212106,,,,1.0
26,hexane_hl_gap_eV,34,1.0000001192092896,0.0,0.7045657150212106,0.7045657150212106,,,,1.0
26,hexane_hl_gap_eV,35,1.0000001192092896,0.0,0.7045657150212106,0.7045657150212106,,,,1.0
26,hexane_hl_gap_eV,36,1.0000001192092896,0.0,0.7045657150212106,0.7045657150212106,,,,1.0
26,hexane_hl_gap_eV,37,1.0000001192092896,0.0,0.7045657150212106,0.7045657150212106,,,,1.0
26,hexane_hl_gap_eV,38,1.0000001192092896,0.0,0.7045657150212106,0.7045657150212106,,,,1.0
26,hexane_hl_gap_eV,39,1.0000001192092896,0.0,0.7045657150212106,0.7045657150212106,,,,1.0
26,hexane_hl_gap_eV,40,1.0000001192092896,0.0,0.7045657150212106,0.7045657150212106,,,,1.0
26,hexane_hl_gap_eV,41,1.0000001192092896,0.0,0.7045657150212106,0.7045657150212106,,,,1.0
26,hexane_hl_gap_eV,42,1.0000001192092896,0.0,0.7045657150212106,0.7045657150212106,,,,1.0
26,hexane_hl_gap_eV,43,1.0000001192092896,0.0,0.7045657150212106,0.7045657150212106,,,,1.0
26,hexane_hl_gap_eV,44,1.0000001192092896,0.0,0.7045657150212106,0.7045657150212106,,,,1.0
26,hexane_hl_gap_eV,45,1.0000001192092896,0.0,0.7045657150212106,0.7045657150212106,,,,1.0
26,hexane_hl_gap_eV,46,1.0000001192092896,0.0,0.7045657150212106,0.7045657150212106,,,,1.0
26,hexane_hl_gap_eV,47,1.0000001192092896,0.0,0.7045657150212106,0.7045657150212106,,,,1.0
26,hexane_hl_gap_eV,48,1.0000001192092896,0.0,0.7045657150212106,0.7045657150212106,,,,1.0
26,hexane_hl_gap_eV,49,1.0000001192092896,0.0,0.7045657150212106,0.7045657150212106,,,,1.0
26,hexane_hl_gap_eV,50,1.0000001192092896,0.0,0.7045657150212106,0.7045657150212106,,,,1.0
26,hexane_hl_gap_eV,51,1.0000001192092896,0.0,0.7045657150212106,0.7045657150212106,,,,1.0
26,hexane_hl_gap_eV,52,1.0000001192092896,0.0,0.7045657150212106,0.7045657150212106,,,,1.0
26,hexane_hl_gap_eV,53,1.0000001192092896,0.0,0.7045657150212106,0.7045657150212106,,,,1.0
26,hexane_hl_gap_eV,54,1.0000001192092896,0.0,0.7045657150212106,0.7045657150212106,,,,1.0
26,hexane_hl_gap_eV,55,1.0000001192092896,0.0,0.7045657150212106,0.7045657150212106,,,,1.0
26,hexane_hl_gap_eV,56,1.0000001192092896,0.0,0.7045657150212106,0.7045657150212106,,,,1.0
26,hexane_hl_gap_eV,57,1.0000001192092896,0.0,0.7045657150212106,0.7045657150212106,,,,1.0
26,hexane_hl_gap_eV,58,1.0000001192092896,0.0,0.7045657150212106,0.7045657150212106,,,,1.0
26,hexane_hl_gap_eV,59,1.0000001192092896,0.0,0.7045657150212106,0.7045657150212106,,,,1.0
26,hexane_hl_gap_eV,60,1.0000001192092896,0.0,0.7045657150212106,0.7045657150212106,,,,1.0
26,hexane_hl_gap_eV,61,1.0000001192092896,0.0,0.7045657150212106,0.7045657150212106,,,,1.0
26,hexane_hl_gap_eV,62,1.0000001192092896,0.0,0.7045657150212106,0.7045657150212106,,,,1.0
26,hexane_hl_gap_eV,63,1.0000001192092896,0.0,0.7045657150212106,0.7045657150212106,,,,1.0
26,hexane_hl_gap_eV,64,1.0000001192092896,0.0,0.7045657150212106,0.7045657150212106,,,,1.0
26,hexane_hl_gap_eV,65,1.0000001192092896,0.0,0.7045657150212106,0.7045657150212106,,,,1.0
26,hexane_hl_gap_eV,66,1.0000001192092896,0.0,0.7045657150212106,0.7045657150212106,,,,1.0
26,hexane_hl_gap_eV,67,1.0000001192092896,0.0,0.7045657150212106,0.7045657150212106,,,,1.0
26,hexane_hl_gap_eV,68,1.0000001192092896,0.0,0.7045657150212106,0.7045657150212106,,,,1.0
26,hexane_hl_gap_eV,69,1.0000001192092896,0.0,0.7045657150212106,0.7045657150212106,,,,1.0
26,hexane_hl_gap_eV,70,1.0000001192092896,0.0,0.7045657150212106,0.7045657150212106,,,,1.0
26,hexane_hl_gap_eV,71,1.0000001192092896,0.0,0.7045657150212106,0.7045657150212106,,,,1.0
26,hexane_hl_gap_eV,72,1.0000001192092896,0.0,0.7045657150212106,0.7045657150212106,,,,1.0
26,hexane_hl_gap_eV,73,1.0000001192092896,0.0,0.7045657150212106,0.7045657150212106,,,,1.0
26,hexane_hl_gap_eV,74,1.0000001192092896,0.0,0.7045657150212106,0.7045657150212106,,,,1.0
26,hexane_hl_gap_eV,75,1.0000001192092896,0.0,0.7045657150212106,0.7045657150212106,,,,1.0
26,hexane_hl_gap_eV,76,1.0000001192092896,0.0,0.7045657150212106,0.7045657150212106,,,,1.0
26,hexane_hl_gap_eV,77,1.0000001192092896,0.0,0.7045657150212106,0.7045657150212106,,,,1.0
26,hexane_hl_gap_eV,78,1.0000001192092896,0.0,0.7045657150212106,0.7045657150212106,,,,1.0
26,hexane_hl_gap_eV,79,1.0000001192092896,0.0,0.7045657150212106,0.7045657150212106,,,,1.0
26,hexane_hl_gap_eV,80,1.0000001192092896,0.0,0.7045657150212106,0.7045657150212106,,,,1.0
26,hexane_hl_gap_eV,81,1.0000001192092896,0.0,0.7045657150212106,0.7045657150212106,,,,1.0
26,hexane_hl_gap_eV,82,1.0000001192092896,0.0,0.7045657150212106,0.7045657150212106,,,,1.0
26,hexane_hl_gap_eV,83,1.0000001192092896,0.0,0.7045657150212106,0.7045657150212106,,,,1.0
26,hexane_hl_gap_eV,84,1.0000001192092896,0.0,0.7045657150212106,0.7045657150212106,,,,1.0
26,hexane_hl_gap_eV,85,1.0000001192092896,0.0,0.7045657150212106,0.7045657150212106,,,,1.0
26,hexane_hl_gap_eV,86,1.0000001192092896,0.0,0.7045657150212106,0.7045657150212106,,,,1.0
26,hexane_hl_gap_eV,87,1.0000001192092896,0.0,0.7045657150212106,0.7045657150212106,,,,1.0
26,hexane_hl_gap_eV,88,1.0000001192092896,0.0,0.7045657150212106,0.7045657150212106,,,,1.0
26,hexane_hl_gap_eV,89,1.0000001192092896,0.0,0.7045657150212106,0.7045657150212106,,,,1.0
26,hexane_hl_gap_eV,90,1.0000001192092896,0.0,0.7045657150212106,0.7045657150212106,,,,1.0
26,hexane_hl_gap_eV,91,1.0000001192092896,0.0,0.7045657150212106,0.7045657150212106,,,,1.0
26,hexane_hl_gap_eV,92,1.0000001192092896,0.0,0.7045657150212106,0.7045657150212106,,,,1.0
26,hexane_hl_gap_eV,93,1.0000001192092896,0.0,0.7045657150212106,0.7045657150212106,,,,1.0
26,hexane_hl_gap_eV,94,1.0000001192092896,0.0,0.7045657150212106,0.7045657150212106,,,,1.0
26,hexane_hl_gap_eV,95,1.0000001192092896,0.0,0.7045657150212106,0.7045657150212106,,,,1.0
26,hexane_hl_gap_eV,96,1.0000001192092896,0.0,0.7045657150212106,0.7045657150212106,,,,1.0
26,hexane_hl_gap_eV,97,1.0000001192092896,0.0,0.7045657150212106,0.7045657150212106,,,,1.0
26,hexane_hl_gap_eV,98,1.0000001192092896,0.0,0.7045657150212106,0.7045657150212106,,,,1.0
26,hexane_hl_gap_eV,99,1.0000001192092896,0.0,0.7045657150212106,0.7045657150212106,,,,1.0
26,hexane_hl_gap_eV,100,1.0000001192092896,0.0,0.7045657150212106,0.7045657150212106,,,,1.0
26,hexane_hl_gap_eV,101,1.0000001192092896,0.0,0.7045657150212106,0.7045657150212106,,,,1.0
26,hexane_hl_gap_eV,102,1.0000001192092896,0.0,0.7045657150212106,0.7045657150212106,,,,1.0
26,hexane_hl_gap_eV,103,1.0000001192092896,0.0,0.7045657150212106,0.7045657150212106,,,,1.0
26,hexane_hl_gap_eV,104,1.0000001192092896,0.0,0.7045657150212106,0.7045657150212106,,,,1.0
26,hexane_hl_gap_eV,105,1.0000001192092896,0.0,0.7045657150212106,0.7045657150212106,,,,1.0
26,hexane_hl_gap_eV,106,1.0000001192092896,0.0,0.7045657150212106,0.7045657150212106,,,,1.0
26,hexane_hl_gap_eV,107,1.0000001192092896,0.0,0.7045657150212106,0.7045657150212106,,,,1.0
26,hexane_hl_gap_eV,108,1.0000001192092896,0.0,0.7045657150212106,0.7045657150212106,,,,1.0
26,hexane_hl_gap_eV,109,1.0000001192092896,0.0,0.7045657150212106,0.7045657150212106,,,,1.0
26,hexane_hl_gap_eV,110,1.0000001192092896,0.0,0.7045657150212106,0.7045657150212106,,,,1.0
26,hexane_hl_gap_eV,111,1.0000001192092896,0.0,0.7045657150212106,0.7045657150212106,,,,1.0
26,hexane_hl_gap_eV,112,1.0000001192092896,0.0,0.7045657150212106,0.7045657150212106,,,,1.0
26,hexane_hl_gap_eV,113,1.0000001192092896,0.0,0.7045657150212106,0.7045657150212106,,,,1.0
26,hexane_hl_gap_eV,114,1.0000001192092896,0.0,0.7045657150212106,0.7045657150212106,,,,1.0
26,hexane_hl_gap_eV,115,1.0000001192092896,0.0,0.7045657150212106,0.7045657150212106,,,,1.0
26,hexane_hl_gap_eV,116,1.0000001192092896,0.0,0.7045657150212106,0.7045657150212106,,,,1.0
26,hexane_hl_gap_eV,117,1.0000001192092896,0.0,0.7045657150212106,0.7045657150212106,,,,1.0
26,hexane_hl_gap_eV,118,1.0000001192092896,0.0,0.7045657150212106,0.7045657150212106,,,,1.0
26,hexane_hl_gap_eV,119,1.0000001192092896,0.0,0.7045657150212106,0.7045657150212106,,,,1.0
26,hexane_hl_gap_eV,120,1.0000001192092896,0.0,0.7045657150212106,0.7045657150212106,,,,1.0
26,hexane_hl_gap_eV,121,1.0000001192092896,0.0,0.7045657150212106,0.7045657150212106,,,,1.0
26,hexane_hl_gap_eV,122,1.0000001192092896,0.0,0.7045657150212106,0.7045657150212106,,,,1.0
26,hexane_hl_gap_eV,123,1.0000001192092896,0.0,0.7045657150212106,0.7045657150212106,,,,1.0
26,hexane_hl_gap_eV,124,1.0000001192092896,0.0,0.7045657150212106,0.7045657150212106,,,,1.0
26,hexane_hl_gap_eV,125,1.0000001192092896,0.0,0.7045657150212106,0.7045657150212106,,,,1.0
26,hexane_hl_gap_eV,126,1.0000001192092896,0.0,0.7045657150212106,0.7045657150212106,,,,1.0
26,hexane_hl_gap_eV,127,1.0000001192092896,0.0,0.7045657150212106,0.7045657150212106,,,,1.0
26,hexane_hl_gap_eV,128,1.0000001192092896,0.0,0.7045657150212106,0.7045657150212106,,,,1.0
26,hexane_hl_gap_eV,129,1.0000001192092896,0.0,0.7045657150212106,0.7045657150212106,,,,1.0
26,hexane_hl_gap_eV,130,1.0000001192092896,0.0,0.7045657150212106,0.7045657150212106,,,,1.0
26,hexane_hl_gap_eV,131,1.0000001192092896,0.0,0.7045657150212106,0.7045657150212106,,,,1.0
26,hexane_hl_gap_eV,132,1.0000001192092896,0.0,0.7045657150212106,0.7045657150212106,,,,1.0
26,hexane_hl_gap_eV,133,1.0000001192092896,0.0,0.7045657150212106,0.7045657150212106,,,,1.0
26,hexane_hl_gap_eV,134,1.0000001192092896,0.0,0.7045657150212106,0.7045657150212106,,,,1.0
26,hexane_hl_gap_eV,135,1.0000001192092896,0.0,0.7045657150212106,0.7045657150212106,,,,1.0
26,hexane_hl_gap_eV,136,1.0000001192092896,0.0,0.7045657150212106,0.7045657150212106,,,,1.0
26,hexane_hl_gap_eV,137,1.0000001192092896,0.0,0.7045657150212106,0.7045657150212106,,,,1.0
26,hexane_hl_gap_eV,138,1.0000001192092896,0.0,0.7045657150212106,0.7045657150212106,,,,1.0
26,hexane_hl_gap_eV,139,1.0000001192092896,0.0,0.7045657150212106,0.7045657150212106,,,,1.0
26,hexane_hl_gap_eV,140,1.0000001192092896,0.0,0.7045657150212106,0.7045657150212106,,,,1.0
26,hexane_hl_gap_eV,141,1.0000001192092896,0.0,0.7045657150212106,0.7045657150212106,,,,1.0
26,hexane_hl_gap_eV,142,1.0000001192092896,0.0,0.7045657150212106,0.7045657150212106,,,,1.0
26,hexane_hl_gap_eV,143,1.0000001192092896,0.0,0.7045657150212106,0.7045657150212106,,,,1.0
26,hexane_hl_gap_eV,144,1.0000001192092896,0.0,0.7045657150212106,0.7045657150212106,,,,1.0
26,hexane_hl_gap_eV,145,1.0000001192092896,0.0,0.7045657150212106,0.7045657150212106,,,,1.0
26,hexane_hl_gap_eV,146,1.0000001192092896,0.0,0.7045657150212106,0.7045657150212106,,,,1.0
26,hexane_hl_gap_eV,147,1.0000001192092896,0.0,0.7045657150212106,0.7045657150212106,,,,1.0
26,hexane_hl_gap_eV,148,1.0000001192092896,0.0,0.7045657150212106,0.7045657150212106,,,,1.0
26,hexane_hl_gap_eV,149,1.0000001192092896,0.0,0.7045657150212106,0.7045657150212106,,,,1.0
26,hexane_hl_gap_eV,150,1.0000001192092896,0.0,0.7045657150212106,0.7045657150212106,,,,1.0
26,hexane_hl_gap_eV,151,1.0000001192092896,0.0,0.7045657150212106,0.7045657150212106,,,,1.0
26,hexane_hl_gap_eV,152,1.0000001192092896,0.0,0.7045657150212106,0.7045657150212106,,,,1.0
26,hexane_hl_gap_eV,153,1.0000001192092896,0.0,0.7045657150212106,0.7045657150212106,,,,1.0
26,hexane_hl_gap_eV,154,1.0000001192092896,0.0,0.7045657150212106,0.7045657150212106,,,,1.0
26,hexane_hl_gap_eV,155,1.0000001192092896,0.0,0.7045657150212106,0.7045657150212106,,,,1.0
26,hexane_hl_gap_eV,156,1.0000001192092896,0.0,0.7045657150212106,0.7045657150212106,,,,1.0
26,hexane_hl_gap_eV,157,1.0000001192092896,0.0,0.7045657150212106,0.7045657150212106,,,,1.0
26,hexane_hl_gap_eV,158,1.0000001192092896,0.0,0.7045657150212106,0.7045657150212106,,,,1.0
26,hexane_hl_gap_eV,159,1.0000001192092896,0.0,0.7045657150212106,0.7045657150212106,,,,1.0
26,hexane_hl_gap_eV,160,1.0000001192092896,0.0,0.7045657150212106,0.7045657150212106,,,,1.0
26,hexane_hl_gap_eV,161,1.0000001192092896,0.0,0.7045657150212106,0.7045657150212106,,,,1.0
26,hexane_hl_gap_eV,162,1.0000001192092896,0.0,0.7045657150212106,0.7045657150212106,,,,1.0
26,hexane_hl_gap_eV,163,1.0000001192092896,0.0,0.7045657150212106,0.7045657150212106,,,,1.0
26,hexane_hl_gap_eV,164,1.0000001192092896,0.0,0.7045657150212106,0.7045657150212106,,,,1.0
26,hexane_hl_gap_eV,165,1.0000001192092896,0.0,0.7045657150212106,0.7045657150212106,,,,1.0
26,hexane_hl_gap_eV,166,1.0000001192092896,0.0,0.7045657150212106,0.7045657150212106,,,,1.0
26,hexane_hl_gap_eV,167,1.0000001192092896,0.0,0.7045657150212106,0.7045657150212106,,,,1.0
26,hexane_hl_gap_eV,168,1.0000001192092896,0.0,0.7045657150212106,0.7045657150212106,,,,1.0
26,hexane_hl_gap_eV,169,1.0000001192092896,0.0,0.7045657150212106,0.7045657150212106,,,,1.0
26,hexane_hl_gap_eV,170,1.0000001192092896,0.0,0.7045657150212106,0.7045657150212106,,,,1.0
26,hexane_hl_gap_eV,171,1.0000001192092896,0.0,0.7045657150212106,0.7045657150212106,,,,1.0
26,hexane_hl_gap_eV,172,1.0000001192092896,0.0,0.7045657150212106,0.7045657150212106,,,,1.0
26,hexane_hl_gap_eV,173,1.0000001192092896,0.0,0.7045657150212106,0.7045657150212106,,,,1.0
26,hexane_hl_gap_eV,174,1.0000001192092896,0.0,0.7045657150212106,0.7045657150212106,,,,1.0
26,hexane_hl_gap_eV,175,1.0000001192092896,0.0,0.7045657150212106,0.7045657150212106,,,,1.0
26,hexane_hl_gap_eV,176,1.0000001192092896,0.0,0.7045657150212106,0.7045657150212106,,,,1.0
26,hexane_hl_gap_eV,177,1.0000001192092896,0.0,0.7045657150212106,0.7045657150212106,,,,1.0
26,hexane_hl_gap_eV,178,1.0000001192092896,0.0,0.7045657150212106,0.7045657150212106,,,,1.0
26,hexane_hl_gap_eV,179,1.0000001192092896,0.0,0.7045657150212106,0.7045657150212106,,,,1.0
26,hexane_hl_gap_eV,180,1.0000001192092896,0.0,0.7045657150212106,0.7045657150212106,,,,1.0
26,hexane_hl_gap_eV,181,1.0000001192092896,0.0,0.7045657150212106,0.7045657150212106,,,,1.0
26,hexane_hl_gap_eV,182,1.0000001192092896,0.0,0.7045657150212106,0.7045657150212106,,,,1.0
26,hexane_hl_gap_eV,183,1.0000001192092896,0.0,0.7045657150212106,0.7045657150212106,,,,1.0
26,hexane_hl_gap_eV,184,1.0000001192092896,0.0,0.7045657150212106,0.7045657150212106,,,,1.0
26,hexane_hl_gap_eV,185,1.0000001192092896,0.0,0.7045657150212106,0.7045657150212106,,,,1.0
26,hexane_hl_gap_eV,186,1.0000001192092896,0.0,0.7045657150212106,0.7045657150212106,,,,1.0
26,hexane_hl_gap_eV,187,1.0000001192092896,0.0,0.7045657150212106,0.7045657150212106,,,,1.0
26,hexane_hl_gap_eV,188,1.0000001192092896,0.0,0.7045657150212106,0.7045657150212106,,,,1.0
26,hexane_hl_gap_eV,189,1.0000001192092896,0.0,0.7045657150212106,0.7045657150212106,,,,1.0
26,hexane_hl_gap_eV,190,1.0000001192092896,0.0,0.7045657150212106,0.7045657150212106,,,,1.0
26,hexane_hl_gap_eV,191,1.0000001192092896,0.0,0.7045657150212106,0.7045657150212106,,,,1.0
26,hexane_hl_gap_eV,192,1.0000001192092896,0.0,0.7045657150212106,0.7045657150212106,,,,1.0
26,hexane_hl_gap_eV,193,1.0000001192092896,0.0,0.7045657150212106,0.7045657150212106,,,,1.0
26,hexane_hl_gap_eV,194,1.0000001192092896,0.0,0.7045657150212106,0.7045657150212106,,,,1.0
26,hexane_hl_gap_eV,195,1.0000001192092896,0.0,0.7045657150212106,0.7045657150212106,,,,1.0
26,hexane_hl_gap_eV,196,1.0000001192092896,0.0,0.7045657150212106,0.7045657150212106,,,,1.0
26,hexane_hl_gap_eV,197,1.0000001192092896,0.0,0.7045657150212106,0.7045657150212106,,,,1.0
26,hexane_hl_gap_eV,198,1.0000001192092896,0.0,0.7045657150212106,0.7045657150212106,,,,1.0
26,hexane_hl_gap_eV,199,1.0000001192092896,0.0,0.7045657150212106,0.7045657150212106,,,,1.0
26,hexane_hl_gap_eV,200,1.0000001192092896,0.0,0.7045657150212106,0.7045657150212106,,,,1.0
26,hexane_hl_gap_eV,201,1.0000001192092896,0.0,0.7045657150212106,0.7045657150212106,,,,1.0
26,hexane_hl_gap_eV,202,1.0000001192092896,0.0,0.7045657150212106,0.7045657150212106,,,,1.0
26,hexane_hl_gap_eV,203,1.0000001192092896,0.0,0.7045657150212106,0.7045657150212106,,,,1.0
26,hexane_hl_gap_eV,204,1.0000001192092896,0.0,0.7045657150212106,0.7045657150212106,,,,1.0
26,hexane_hl_gap_eV,205,1.0000001192092896,0.0,0.7045657150212106,0.7045657150212106,,,,1.0
26,hexane_hl_gap_eV,206,1.0000001192092896,0.0,0.7045657150212106,0.7045657150212106,,,,1.0
26,hexane_hl_gap_eV,207,1.0000001192092896,0.0,0.7045657150212106,0.7045657150212106,,,,1.0
26,hexane_hl_gap_eV,208,1.0000001192092896,0.0,0.7045657150212106,0.7045657150212106,,,,1.0
26,hexane_hl_gap_eV,209,1.0000001192092896,0.0,0.7045657150212106,0.7045657150212106,,,,1.0
26,hexane_hl_gap_eV,210,1.0000001192092896,0.0,0.7045657150212106,0.7045657150212106,,,,1.0
26,hexane_hl_gap_eV,211,1.0000001192092896,0.0,0.7045657150212106,0.7045657150212106,,,,1.0
26,hexane_hl_gap_eV,212,1.0000001192092896,0.0,0.7045657150212106,0.7045657150212106,,,,1.0
26,hexane_hl_gap_eV,213,1.0000001192092896,0.0,0.7045657150212106,0.7045657150212106,,,,1.0
26,hexane_hl_gap_eV,214,1.0000001192092896,0.0,0.7045657150212106,0.7045657150212106,,,,1.0
26,hexane_hl_gap_eV,215,1.0000001192092896,0.0,0.7045657150212106,0.7045657150212106,,,,1.0
26,hexane_hl_gap_eV,216,1.0000001192092896,0.0,0.7045657150212106,0.7045657150212106,,,,1.0
26,hexane_hl_gap_eV,217,1.0000001192092896,0.0,0.7045657150212106,0.7045657150212106,,,,1.0
26,hexane_hl_gap_eV,218,1.0000001192092896,0.0,0.7045657150212106,0.7045657150212106,,,,1.0
26,hexane_hl_gap_eV,219,1.0000001192092896,0.0,0.7045657150212106,0.7045657150212106,,,,1.0
26,hexane_hl_gap_eV,220,1.0000001192092896,0.0,0.7045657150212106,0.7045657150212106,,,,1.0
26,hexane_hl_gap_eV,221,1.0000001192092896,0.0,0.7045657150212106,0.7045657150212106,,,,1.0
26,hexane_hl_gap_eV,222,1.0000001192092896,0.0,0.7045657150212106,0.7045657150212106,,,,1.0
26,hexane_hl_gap_eV,223,1.0000001192092896,0.0,0.7045657150212106,0.7045657150212106,,,,1.0
26,hexane_hl_gap_eV,224,1.0000001192092896,0.0,0.7045657150212106,0.7045657150212106,,,,1.0
26,hexane_hl_gap_eV,225,1.0000001192092896,0.0,0.7045657150212106,0.7045657150212106,,,,1.0
26,hexane_hl_gap_eV,226,1.0000001192092896,0.0,0.7045657150212106,0.7045657150212106,,,,1.0
26,hexane_hl_gap_eV,227,1.0000001192092896,0.0,0.7045657150212106,0.7045657150212106,,,,1.0
26,hexane_hl_gap_eV,228,1.0000001192092896,0.0,0.7045657150212106,0.7045657150212106,,,,1.0
26,hexane_hl_gap_eV,229,1.0000001192092896,0.0,0.7045657150212106,0.7045657150212106,,,,1.0
26,hexane_hl_gap_eV,230,1.0000001192092896,0.0,0.7045657150212106,0.7045657150212106,,,,1.0
26,hexane_hl_gap_eV,231,1.0000001192092896,0.0,0.7045657150212106,0.7045657150212106,,,,1.0
26,hexane_hl_gap_eV,232,1.0000001192092896,0.0,0.7045657150212106,0.7045657150212106,,,,1.0
26,hexane_hl_gap_eV,233,1.0000001192092896,0.0,0.7045657150212106,0.7045657150212106,,,,1.0
26,hexane_hl_gap_eV,234,1.0000001192092896,0.0,0.7045657150212106,0.7045657150212106,,,,1.0
26,hexane_hl_gap_eV,235,1.0000001192092896,0.0,0.7045657150212106,0.7045657150212106,,,,1.0
26,hexane_hl_gap_eV,236,1.0000001192092896,0.0,0.7045657150212106,0.7045657150212106,,,,1.0
26,hexane_hl_gap_eV,237,1.0000001192092896,0.0,0.7045657150212106,0.7045657150212106,,,,1.0
26,hexane_hl_gap_eV,238,1.0000001192092896,0.0,0.7045657150212106,0.7045657150212106,,,,1.0
26,hexane_hl_gap_eV,239,1.0000001192092896,0.0,0.7045657150212106,0.7045657150212106,,,,1.0
26,hexane_hl_gap_eV,240,1.0000001192092896,0.0,0.7045657150212106,0.7045657150212106,,,,1.0
26,hexane_hl_gap_eV,241,1.0000001192092896,0.0,0.7045657150212106,0.7045657150212106,,,,1.0
26,hexane_hl_gap_eV,242,1.0000001192092896,0.0,0.7045657150212106,0.7045657150212106,,,,1.0
26,hexane_hl_gap_eV,243,1.0000001192092896,0.0,0.7045657150212106,0.7045657150212106,,,,1.0
26,hexane_hl_gap_eV,244,1.0000001192092896,0.0,0.7045657150212106,0.7045657150212106,,,,1.0
26,hexane_hl_gap_eV,245,1.0000001192092896,0.0,0.7045657150212106,0.7045657150212106,,,,1.0
26,hexane_hl_gap_eV,246,1.0000001192092896,0.0,0.7045657150212106,0.7045657150212106,,,,1.0
26,hexane_hl_gap_eV,247,1.0000001192092896,0.0,0.7045657150212106,0.7045657150212106,,,,1.0
26,hexane_hl_gap_eV,248,1.0000001192092896,0.0,0.7045657150212106,0.7045657150212106,,,,1.0
26,hexane_hl_gap_eV,249,1.0000001192092896,0.0,0.7045657150212106,0.7045657150212106,,,,1.0
26,hexane_dipole,0,1.0,0.0,0.620400750157243,0.620400750157243,,,,1.0
26,hexane_dipole,1,1.0,0.0,0.620400750157243,0.620400750157243,,,,1.0
26,hexane_dipole,2,1.0,0.0,0.620400750157243,0.620400750157243,,,,1.0
26,hexane_dipole,3,1.0,0.0,0.620400750157243,0.620400750157243,,,,1.0
26,hexane_dipole,4,1.0,0.0,0.620400750157243,0.620400750157243,,,,1.0
26,hexane_dipole,5,1.0,0.0,0.620400750157243,0.620400750157243,,,,1.0
26,hexane_dipole,6,1.0,0.0,0.620400750157243,0.620400750157243,,,,1.0
26,hexane_dipole,7,1.0,0.0,0.620400750157243,0.620400750157243,,,,1.0
26,hexane_dipole,8,1.0,0.0,0.620400750157243,0.620400750157243,,,,1.0
26,hexane_dipole,9,1.0,0.0,0.620400750157243,0.620400750157243,,,,1.0
26,hexane_dipole,10,1.0,0.0,0.620400750157243,0.620400750157243,,,,1.0
26,hexane_dipole,11,1.0,0.0,0.620400750157243,0.620400750157243,,,,1.0
26,hexane_dipole,12,1.0,0.0,0.620400750157243,0.620400750157243,,,,1.0
26,hexane_dipole,13,1.0,0.0,0.620400750157243,0.620400750157243,,,,1.0
26,hexane_dipole,14,1.0,0.0,0.620400750157243,0.620400750157243,,,,1.0
26,hexane_dipole,15,1.0,0.0,0.620400750157243,0.620400750157243,,,,1.0
26,hexane_dipole,16,1.0,0.0,0.620400750157243,0.620400750157243,,,,1.0
26,hexane_dipole,17,1.0,0.0,0.620400750157243,0.620400750157243,,,,1.0
26,hexane_dipole,18,1.0,0.0,0.620400750157243,0.620400750157243,,,,1.0
26,hexane_dipole,19,1.0,0.0,0.620400750157243,0.620400750157243,,,,1.0
26,hexane_dipole,20,1.0,0.0,0.620400750157243,0.620400750157243,,,,1.0
26,hexane_dipole,21,1.0,0.0,0.620400750157243,0.620400750157243,,,,1.0
26,hexane_dipole,22,1.0,0.0,0.620400750157243,0.620400750157243,,,,1.0
26,hexane_dipole,23,1.0,0.0,0.620400750157243,0.620400750157243,,,,1.0
26,hexane_dipole,24,1.0,0.0,0.620400750157243,0.620400750157243,,,,1.0
26,hexane_dipole,25,1.0,0.0,0.620400750157243,0.620400750157243,,,,1.0
26,hexane_dipole,26,1.0,0.0,0.620400750157243,0.620400750157243,,,,1.0
26,hexane_dipole,27,1.0,0.0,0.620400750157243,0.620400750157243,,,,1.0
26,hexane_dipole,28,1.0,0.0,0.620400750157243,0.620400750157243,,,,1.0
26,hexane_dipole,29,1.0,0.0,0.620400750157243,0.620400750157243,,,,1.0
26,hexane_dipole,30,1.0,0.0,0.620400750157243,0.620400750157243,,,,1.0
26,hexane_dipole,31,1.0,0.0,0.620400750157243,0.620400750157243,,,,1.0
26,hexane_dipole,32,1.0,0.0,0.620400750157243,0.620400750157243,,,,1.0
26,hexane_dipole,33,1.0,0.0,0.620400750157243,0.620400750157243,,,,1.0
26,hexane_dipole,34,1.0,0.0,0.620400750157243,0.620400750157243,,,,1.0
26,hexane_dipole,35,1.0,0.0,0.620400750157243,0.620400750157243,,,,1.0
26,hexane_dipole,36,1.0,0.0,0.620400750157243,0.620400750157243,,,,1.0
26,hexane_dipole,37,1.0,0.0,0.620400750157243,0.620400750157243,,,,1.0
26,hexane_dipole,38,1.0,0.0,0.620400750157243,0.620400750157243,,,,1.0
26,hexane_dipole,39,1.0,0.0,0.620400750157243,0.620400750157243,,,,1.0
26,hexane_dipole,40,1.0,0.0,0.620400750157243,0.620400750157243,,,,1.0
26,hexane_dipole,41,1.0,0.0,0.620400750157243,0.620400750157243,,,,1.0
26,hexane_dipole,42,1.0,0.0,0.620400750157243,0.620400750157243,,,,1.0
26,hexane_dipole,43,1.0,0.0,0.620400750157243,0.620400750157243,,,,1.0
26,hexane_dipole,44,1.0,0.0,0.620400750157243,0.620400750157243,,,,1.0
26,hexane_dipole,45,1.0,0.0,0.620400750157243,0.620400750157243,,,,1.0
26,hexane_dipole,46,1.0,0.0,0.620400750157243,0.620400750157243,,,,1.0
26,hexane_dipole,47,1.0,0.0,0.620400750157243,0.620400750157243,,,,1.0
26,hexane_dipole,48,1.0,0.0,0.620400750157243,0.620400750157243,,,,1.0
26,hexane_dipole,49,1.0,0.0,0.620400750157243,0.620400750157243,,,,1.0
26,hexane_dipole,50,1.0,0.0,0.620400750157243,0.620400750157243,,,,1.0
26,hexane_dipole,51,1.0,0.0,0.620400750157243,0.620400750157243,,,,1.0
26,hexane_dipole,52,1.0,0.0,0.620400750157243,0.620400750157243,,,,1.0
26,hexane_dipole,53,1.0,0.0,0.620400750157243,0.620400750157243,,,,1.0
26,hexane_dipole,54,1.0,0.0,0.620400750157243,0.620400750157243,,,,1.0
26,hexane_dipole,55,1.0,0.0,0.620400750157243,0.620400750157243,,,,1.0
26,hexane_dipole,56,1.0,0.0,0.620400750157243,0.620400750157243,,,,1.0
26,hexane_dipole,57,1.0,0.0,0.620400750157243,0.620400750157243,,,,1.0
26,hexane_dipole,58,1.0,0.0,0.620400750157243,0.620400750157243,,,,1.0
26,hexane_dipole,59,1.0,0.0,0.620400750157243,0.620400750157243,,,,1.0
26,hexane_dipole,60,1.0,0.0,0.620400750157243,0.620400750157243,,,,1.0
26,hexane_dipole,61,1.0,0.0,0.620400750157243,0.620400750157243,,,,1.0
26,hexane_dipole,62,1.0,0.0,0.620400750157243,0.620400750157243,,,,1.0
26,hexane_dipole,63,1.0,0.0,0.620400750157243,0.620400750157243,,,,1.0
26,hexane_dipole,64,1.0,0.0,0.620400750157243,0.620400750157243,,,,1.0
26,hexane_dipole,65,1.0,0.0,0.620400750157243,0.620400750157243,,,,1.0
26,hexane_dipole,66,1.0,0.0,0.620400750157243,0.620400750157243,,,,1.0
26,hexane_dipole,67,1.0,0.0,0.620400750157243,0.620400750157243,,,,1.0
26,hexane_dipole,68,1.0,0.0,0.620400750157243,0.620400750157243,,,,1.0
26,hexane_dipole,69,1.0,0.0,0.620400750157243,0.620400750157243,,,,1.0
26,hexane_dipole,70,1.0,0.0,0.620400750157243,0.620400750157243,,,,1.0
26,hexane_dipole,71,1.0,0.0,0.620400750157243,0.620400750157243,,,,1.0
26,hexane_dipole,72,1.0,0.0,0.620400750157243,0.620400750157243,,,,1.0
26,hexane_dipole,73,1.0,0.0,0.620400750157243,0.620400750157243,,,,1.0
26,hexane_dipole,74,1.0,0.0,0.620400750157243,0.620400750157243,,,,1.0
26,hexane_dipole,75,1.0,0.0,0.620400750157243,0.620400750157243,,,,1.0
26,hexane_dipole,76,1.0,0.0,0.620400750157243,0.620400750157243,,,,1.0
26,hexane_dipole,77,1.0,0.0,0.620400750157243,0.620400750157243,,,,1.0
26,hexane_dipole,78,1.0,0.0,0.620400750157243,0.620400750157243,,,,1.0
26,hexane_dipole,79,1.0,0.0,0.620400750157243,0.620400750157243,,,,1.0
26,hexane_dipole,80,1.0,0.0,0.620400750157243,0.620400750157243,,,,1.0
26,hexane_dipole,81,1.0,0.0,0.620400750157243,0.620400750157243,,,,1.0
26,hexane_dipole,82,1.0,0.0,0.620400750157243,0.620400750157243,,,,1.0
26,hexane_dipole,83,1.0,0.0,0.620400750157243,0.620400750157243,,,,1.0
26,hexane_dipole,84,1.0,0.0,0.620400750157243,0.620400750157243,,,,1.0
26,hexane_dipole,85,1.0,0.0,0.620400750157243,0.620400750157243,,,,1.0
26,hexane_dipole,86,1.0,0.0,0.620400750157243,0.620400750157243,,,,1.0
26,hexane_dipole,87,1.0,0.0,0.620400750157243,0.620400750157243,,,,1.0
26,hexane_dipole,88,1.0,0.0,0.620400750157243,0.620400750157243,,,,1.0
26,hexane_dipole,89,1.0,0.0,0.620400750157243,0.620400750157243,,,,1.0
26,hexane_dipole,90,1.0,0.0,0.620400750157243,0.620400750157243,,,,1.0
26,hexane_dipole,91,1.0,0.0,0.620400750157243,0.620400750157243,,,,1.0
26,hexane_dipole,92,1.0,0.0,0.620400750157243,0.620400750157243,,,,1.0
26,hexane_dipole,93,1.0,0.0,0.620400750157243,0.620400750157243,,,,1.0
26,hexane_dipole,94,1.0,0.0,0.620400750157243,0.620400750157243,,,,1.0
26,hexane_dipole,95,1.0,0.0,0.620400750157243,0.620400750157243,,,,1.0
26,hexane_dipole,96,1.0,0.0,0.620400750157243,0.620400750157243,,,,1.0
26,hexane_dipole,97,1.0,0.0,0.620400750157243,0.620400750157243,,,,1.0
26,hexane_dipole,98,1.0,0.0,0.620400750157243,0.620400750157243,,,,1.0
26,hexane_dipole,99,1.0,0.0,0.620400750157243,0.620400750157243,,,,1.0
26,hexane_dipole,100,1.0,0.0,0.620400750157243,0.620400750157243,,,,1.0
26,hexane_dipole,101,1.0,0.0,0.620400750157243,0.620400750157243,,,,1.0
26,hexane_dipole,102,1.0,0.0,0.620400750157243,0.620400750157243,,,,1.0
26,hexane_dipole,103,1.0,0.0,0.620400750157243,0.620400750157243,,,,1.0
26,hexane_dipole,104,1.0,0.0,0.620400750157243,0.620400750157243,,,,1.0
26,hexane_dipole,105,1.0,0.0,0.620400750157243,0.620400750157243,,,,1.0
26,hexane_dipole,106,1.0,0.0,0.620400750157243,0.620400750157243,,,,1.0
26,hexane_dipole,107,1.0,0.0,0.620400750157243,0.620400750157243,,,,1.0
26,hexane_dipole,108,1.0,0.0,0.620400750157243,0.620400750157243,,,,1.0
26,hexane_dipole,109,1.0,0.0,0.620400750157243,0.620400750157243,,,,1.0
26,hexane_dipole,110,1.0,0.0,0.620400750157243,0.620400750157243,,,,1.0
26,hexane_dipole,111,1.0,0.0,0.620400750157243,0.620400750157243,,,,1.0
26,hexane_dipole,112,1.0,0.0,0.620400750157243,0.620400750157243,,,,1.0
26,hexane_dipole,113,1.0,0.0,0.620400750157243,0.620400750157243,,,,1.0
26,hexane_dipole,114,1.0,0.0,0.620400750157243,0.620400750157243,,,,1.0
26,hexane_dipole,115,1.0,0.0,0.620400750157243,0.620400750157243,,,,1.0
26,hexane_dipole,116,1.0,0.0,0.620400750157243,0.620400750157243,,,,1.0
26,hexane_dipole,117,1.0,0.0,0.620400750157243,0.620400750157243,,,,1.0
26,hexane_dipole,118,1.0,0.0,0.620400750157243,0.620400750157243,,,,1.0
26,hexane_dipole,119,1.0,0.0,0.620400750157243,0.620400750157243,,,,1.0
26,hexane_dipole,120,1.0,0.0,0.620400750157243,0.620400750157243,,,,1.0
26,hexane_dipole,121,1.0,0.0,0.620400750157243,0.620400750157243,,,,1.0
26,hexane_dipole,122,1.0,0.0,0.620400750157243,0.620400750157243,,,,1.0
26,hexane_dipole,123,1.0,0.0,0.620400750157243,0.620400750157243,,,,1.0
26,hexane_dipole,124,1.0,0.0,0.620400750157243,0.620400750157243,,,,1.0
26,hexane_dipole,125,1.0,0.0,0.620400750157243,0.620400750157243,,,,1.0
26,hexane_dipole,126,1.0,0.0,0.620400750157243,0.620400750157243,,,,1.0
26,hexane_dipole,127,1.0,0.0,0.620400750157243,0.620400750157243,,,,1.0
26,hexane_dipole,128,1.0,0.0,0.620400750157243,0.620400750157243,,,,1.0
26,hexane_dipole,129,1.0,0.0,0.620400750157243,0.620400750157243,,,,1.0
26,hexane_dipole,130,1.0,0.0,0.620400750157243,0.620400750157243,,,,1.0
26,hexane_dipole,131,1.0,0.0,0.620400750157243,0.620400750157243,,,,1.0
26,hexane_dipole,132,1.0,0.0,0.620400750157243,0.620400750157243,,,,1.0
26,hexane_dipole,133,1.0,0.0,0.620400750157243,0.620400750157243,,,,1.0
26,hexane_dipole,134,1.0,0.0,0.620400750157243,0.620400750157243,,,,1.0
26,hexane_dipole,135,1.0,0.0,0.620400750157243,0.620400750157243,,,,1.0
26,hexane_dipole,136,1.0,0.0,0.620400750157243,0.620400750157243,,,,1.0
26,hexane_dipole,137,1.0,0.0,0.620400750157243,0.620400750157243,,,,1.0
26,hexane_dipole,138,1.0,0.0,0.620400750157243,0.620400750157243,,,,1.0
26,hexane_dipole,139,1.0,0.0,0.620400750157243,0.620400750157243,,,,1.0
26,hexane_dipole,140,1.0,0.0,0.620400750157243,0.620400750157243,,,,1.0
26,hexane_dipole,141,1.0,0.0,0.620400750157243,0.620400750157243,,,,1.0
26,hexane_dipole,142,1.0,0.0,0.620400750157243,0.620400750157243,,,,1.0
26,hexane_dipole,143,1.0,0.0,0.620400750157243,0.620400750157243,,,,1.0
26,hexane_dipole,144,1.0,0.0,0.620400750157243,0.620400750157243,,,,1.0
26,hexane_dipole,145,1.0,0.0,0.620400750157243,0.620400750157243,,,,1.0
26,hexane_dipole,146,1.0,0.0,0.620400750157243,0.620400750157243,,,,1.0
26,hexane_dipole,147,1.0,0.0,0.620400750157243,0.620400750157243,,,,1.0
26,hexane_dipole,148,1.0,0.0,0.620400750157243,0.620400750157243,,,,1.0
26,hexane_dipole,149,1.0,0.0,0.620400750157243,0.620400750157243,,,,1.0
26,hexane_dipole,150,1.0,0.0,0.620400750157243,0.620400750157243,,,,1.0
26,hexane_dipole,151,1.0,0.0,0.620400750157243,0.620400750157243,,,,1.0
26,hexane_dipole,152,1.0,0.0,0.620400750157243,0.620400750157243,,,,1.0
26,hexane_dipole,153,1.0,0.0,0.620400750157243,0.620400750157243,,,,1.0
26,hexane_dipole,154,1.0,0.0,0.620400750157243,0.620400750157243,,,,1.0
26,hexane_dipole,155,1.0,0.0,0.620400750157243,0.620400750157243,,,,1.0
26,hexane_dipole,156,1.0,0.0,0.620400750157243,0.620400750157243,,,,1.0
26,hexane_dipole,157,1.0,0.0,0.620400750157243,0.620400750157243,,,,1.0
26,hexane_dipole,158,1.0,0.0,0.620400750157243,0.620400750157243,,,,1.0
26,hexane_dipole,159,1.0,0.0,0.620400750157243,0.620400750157243,,,,1.0
26,hexane_dipole,160,1.0,0.0,0.620400750157243,0.620400750157243,,,,1.0
26,hexane_dipole,161,1.0,0.0,0.620400750157243,0.620400750157243,,,,1.0
26,hexane_dipole,162,1.0,0.0,0.620400750157243,0.620400750157243,,,,1.0
26,hexane_dipole,163,1.0,0.0,0.620400750157243,0.620400750157243,,,,1.0
26,hexane_dipole,164,1.0,0.0,0.620400750157243,0.620400750157243,,,,1.0
26,hexane_dipole,165,1.0,0.0,0.620400750157243,0.620400750157243,,,,1.0
26,hexane_dipole,166,1.0,0.0,0.620400750157243,0.620400750157243,,,,1.0
26,hexane_dipole,167,1.0,0.0,0.620400750157243,0.620400750157243,,,,1.0
26,hexane_dipole,168,1.0,0.0,0.620400750157243,0.620400750157243,,,,1.0
26,hexane_dipole,169,1.0,0.0,0.620400750157243,0.620400750157243,,,,1.0
26,hexane_dipole,170,1.0,0.0,0.620400750157243,0.620400750157243,,,,1.0
26,hexane_dipole,171,1.0,0.0,0.620400750157243,0.620400750157243,,,,1.0
26,hexane_dipole,172,1.0,0.0,0.620400750157243,0.620400750157243,,,,1.0
26,hexane_dipole,173,1.0,0.0,0.620400750157243,0.620400750157243,,,,1.0
26,hexane_dipole,174,1.0,0.0,0.620400750157243,0.620400750157243,,,,1.0
26,hexane_dipole,175,1.0,0.0,0.620400750157243,0.620400750157243,,,,1.0
26,hexane_dipole,176,1.0,0.0,0.620400750157243,0.620400750157243,,,,1.0
26,hexane_dipole,177,1.0,0.0,0.620400750157243,0.620400750157243,,,,1.0
26,hexane_dipole,178,1.0,0.0,0.620400750157243,0.620400750157243,,,,1.0
26,hexane_dipole,179,1.0,0.0,0.620400750157243,0.620400750157243,,,,1.0
26,hexane_dipole,180,1.0,0.0,0.620400750157243,0.620400750157243,,,,1.0
26,hexane_dipole,181,1.0,0.0,0.620400750157243,0.620400750157243,,,,1.0
26,hexane_dipole,182,1.0,0.0,0.620400750157243,0.620400750157243,,,,1.0
26,hexane_dipole,183,1.0,0.0,0.620400750157243,0.620400750157243,,,,1.0
26,hexane_dipole,184,1.0,0.0,0.620400750157243,0.620400750157243,,,,1.0
26,hexane_dipole,185,1.0,0.0,0.620400750157243,0.620400750157243,,,,1.0
26,hexane_dipole,186,1.0,0.0,0.620400750157243,0.620400750157243,,,,1.0
26,hexane_dipole,187,1.0,0.0,0.620400750157243,0.620400750157243,,,,1.0
26,hexane_dipole,188,1.0,0.0,0.620400750157243,0.620400750157243,,,,1.0
26,hexane_dipole,189,1.0,0.0,0.620400750157243,0.620400750157243,,,,1.0
26,hexane_dipole,190,1.0,0.0,0.620400750157243,0.620400750157243,,,,1.0
26,hexane_dipole,191,1.0,0.0,0.620400750157243,0.620400750157243,,,,1.0
26,hexane_dipole,192,1.0,0.0,0.620400750157243,0.620400750157243,,,,1.0
26,hexane_dipole,193,1.0,0.0,0.620400750157243,0.620400750157243,,,,1.0
26,hexane_dipole,194,1.0,0.0,0.620400750157243,0.620400750157243,,,,1.0
26,hexane_dipole,195,1.0,0.0,0.620400750157243,0.620400750157243,,,,1.0
26,hexane_dipole,196,1.0,0.0,0.620400750157243,0.620400750157243,,,,1.0
26,hexane_dipole,197,1.0,0.0,0.620400750157243,0.620400750157243,,,,1.0
26,hexane_dipole,198,1.0,0.0,0.620400750157243,0.620400750157243,,,,1.0
26,hexane_dipole,199,1.0,0.0,0.620400750157243,0.620400750157243,,,,1.0
26,hexane_dipole,200,1.0,0.0,0.620400750157243,0.620400750157243,,,,1.0
26,hexane_dipole,201,1.0,0.0,0.620400750157243,0.620400750157243,,,,1.0
26,hexane_dipole,202,1.0,0.0,0.620400750157243,0.620400750157243,,,,1.0
26,hexane_dipole,203,1.0,0.0,0.620400750157243,0.620400750157243,,,,1.0
26,hexane_dipole,204,1.0,0.0,0.620400750157243,0.620400750157243,,,,1.0
26,hexane_dipole,205,1.0,0.0,0.620400750157243,0.620400750157243,,,,1.0
26,hexane_dipole,206,1.0,0.0,0.620400750157243,0.620400750157243,,,,1.0
26,hexane_dipole,207,1.0,0.0,0.620400750157243,0.620400750157243,,,,1.0
26,hexane_dipole,208,1.0,0.0,0.620400750157243,0.620400750157243,,,,1.0
26,hexane_dipole,209,1.0,0.0,0.620400750157243,0.620400750157243,,,,1.0
26,hexane_dipole,210,1.0,0.0,0.620400750157243,0.620400750157243,,,,1.0
26,hexane_dipole,211,1.0,0.0,0.620400750157243,0.620400750157243,,,,1.0
26,hexane_dipole,212,1.0,0.0,0.620400750157243,0.620400750157243,,,,1.0
26,hexane_dipole,213,1.0,0.0,0.620400750157243,0.620400750157243,,,,1.0
26,hexane_dipole,214,1.0,0.0,0.620400750157243,0.620400750157243,,,,1.0
26,hexane_dipole,215,1.0,0.0,0.620400750157243,0.620400750157243,,,,1.0
26,hexane_dipole,216,1.0,0.0,0.620400750157243,0.620400750157243,,,,1.0
26,hexane_dipole,217,1.0,0.0,0.620400750157243,0.620400750157243,,,,1.0
26,hexane_dipole,218,1.0,0.0,0.620400750157243,0.620400750157243,,,,1.0
26,hexane_dipole,219,1.0,0.0,0.620400750157243,0.620400750157243,,,,1.0
26,hexane_dipole,220,1.0,0.0,0.620400750157243,0.620400750157243,,,,1.0
26,hexane_dipole,221,1.0,0.0,0.620400750157243,0.620400750157243,,,,1.0
26,hexane_dipole,222,1.0,0.0,0.620400750157243,0.620400750157243,,,,1.0
26,hexane_dipole,223,1.0,0.0,0.620400750157243,0.620400750157243,,,,1.0
26,hexane_dipole,224,1.0,0.0,0.620400750157243,0.620400750157243,,,,1.0
26,hexane_dipole,225,1.0,0.0,0.620400750157243,0.620400750157243,,,,1.0
26,hexane_dipole,226,1.0,0.0,0.620400750157243,0.620400750157243,,,,1.0
26,hexane_dipole,227,1.0,0.0,0.620400750157243,0.620400750157243,,,,1.0
26,hexane_dipole,228,1.0,0.0,0.620400750157243,0.620400750157243,,,,1.0
26,hexane_dipole,229,1.0,0.0,0.620400750157243,0.620400750157243,,,,1.0
26,hexane_dipole,230,1.0,0.0,0.620400750157243,0.620400750157243,,,,1.0
26,hexane_dipole,231,1.0,0.0,0.620400750157243,0.620400750157243,,,,1.0
26,hexane_dipole,232,1.0,0.0,0.620400750157243,0.620400750157243,,,,1.0
26,hexane_dipole,233,1.0,0.0,0.620400750157243,0.620400750157243,,,,1.0
26,hexane_dipole,234,1.0,0.0,0.620400750157243,0.620400750157243,,,,1.0
26,hexane_dipole,235,1.0,0.0,0.620400750157243,0.620400750157243,,,,1.0
26,hexane_dipole,236,1.0,0.0,0.620400750157243,0.620400750157243,,,,1.0
26,hexane_dipole,237,1.0,0.0,0.620400750157243,0.620400750157243,,,,1.0
26,hexane_dipole,238,1.0,0.0,0.620400750157243,0.620400750157243,,,,1.0
26,hexane_dipole,239,1.0,0.0,0.620400750157243,0.620400750157243,,,,1.0
26,hexane_dipole,240,1.0,0.0,0.620400750157243,0.620400750157243,,,,1.0
26,hexane_dipole,241,1.0,0.0,0.620400750157243,0.620400750157243,,,,1.0
26,hexane_dipole,242,1.0,0.0,0.620400750157243,0.620400750157243,,,,1.0
26,hexane_dipole,243,1.0,0.0,0.620400750157243,0.620400750157243,,,,1.0
26,hexane_dipole,244,1.0,0.0,0.620400750157243,0.620400750157243,,,,1.0
26,hexane_dipole,245,1.0,0.0,0.620400750157243,0.620400750157243,,,,1.0
26,hexane_dipole,246,1.0,0.0,0.620400750157243,0.620400750157243,,,,1.0
26,hexane_dipole,247,1.0,0.0,0.620400750157243,0.620400750157243,,,,1.0
26,hexane_dipole,248,1.0,0.0,0.620400750157243,0.620400750157243,,,,1.0
26,hexane_dipole,249,1.0,0.0,0.620400750157243,0.620400750157243,,,,1.0
27,sco_kcal,0,0.20322097837924957,0.020871158689260483,0.6361783025753851,0.9470119723981274,4.451918601989746,0.3680914342403412,0.08268152838100543,0.1
27,sco_kcal,1,0.15862517058849335,0.04004726558923721,0.6315387750894996,0.9502569467402873,8.308797836303711,0.4926851987838745,0.05929680905595997,0.08
27,sco_kcal,2,0.09778744727373123,0.04363042116165161,0.6269793301844035,0.9707009271587586,8.821349143981934,0.2259933054447174,0.025618904972023886,0.04
27,sco_kcal,3,0.16886937618255615,0.044109027832746506,0.6110284510763264,0.9391548903153364,8.620948791503906,0.8780165910720825,0.10184686306655516,0.08
27,sco_kcal,4,0.04222116246819496,0.09167223423719406,0.6339863091031568,0.9453687657570453,19.706295013427734,0.05684709548950195,0.0028847175712515584,0.08
27,sco_kcal,5,0.2729134261608124,0.1070316880941391,0.642752663103247,0.9830076422327589,23.365856170654297,0.9911499619483948,0.04241873076293272,0.28
27,sco_kcal,6,0.4702899754047394,0.026447441428899765,0.6161727907426917,0.9047668493787817,5.430108070373535,2.6287806034088135,0.4841120230647602,0.22
27,sco_kcal,7,0.44270971417427063,0.028133980929851532,0.6435090673593491,0.9120350235143606,6.021182060241699,2.848580837249756,0.47309329110958814,0.26
27,sco_kcal,8,0.1314171403646469,0.05635556951165199,0.6318466021531708,0.9205520674995471,11.715014457702637,0.8513681292533875,0.0726732461429966,0.02
27,sco_kcal,9,0.047572262585163116,0.09883549064397812,0.6352583178511493,0.9354088721238769,20.96163558959961,0.3408123254776001,0.016258861290704748,0.02
27,sco_kcal,10,0.13093328475952148,0.02049114555120468,0.6313526705701527,0.9631947978249682,4.314691066741943,0.20857302844524384,0.04834019984720226,0.08
27,sco_kcal,11,0.07777588069438934,0.015328406356275082,0.6323234566259519,0.9591468335921747,3.2533438205718994,0.17776328325271606,0.05464017732422372,0.04
27,sco_kcal,12,0.19445906579494476,0.016945239156484604,0.6334288473532961,0.9263023067991765,3.662745952606201,0.43720510601997375,0.11936539188825901,0.08
27,sco_kcal,13,0.3498954474925995,0.03685726225376129,0.6110797144355204,0.9165935253343016,7.312692165374756,1.8446768522262573,0.25225687209434483,0.18
27,sco_kcal,14,0.6930288076400757,0.016585227102041245,0.6613724532866765,0.9224786315993294,3.5792315006256104,2.8091490268707275,0.7848469780118216,0.64
27,sco_kcal,15,0.6705081462860107,0.008384848944842815,0.6570849470448221,0.9194861562225993,1.9647727012634277,1.2622047662734985,0.6424177033108461,0.52
27,sco_kcal,16,0.5459886193275452,0.03296311944723129,0.6321860329189462,0.9150780187889132,6.797244548797607,2.577186346054077,0.3791516293922316,0.44
27,sco_kcal,17,0.2873411476612091,0.05112344026565552,0.6270157805770897,0.8863797231489443,10.901987075805664,3.1695556640625,0.2907319227241212,0.02
27,sco_kcal,18,0.13864144682884216,0.08017147332429886,0.6335474115329742,0.9698505408879168,16.708187103271484,0.36882320046424866,0.022074399705042363,0.1
27,sco_kcal,19,0.14262033998966217,0.04271729663014412,0.6325201080737124,0.9746415716812233,8.882731437683105,0.2457931786775589,0.027670900601005837,0.12
27,sco_kcal,20,0.11155016720294952,0.03312581777572632,0.6113612276285001,0.9698859388081644,6.624922752380371,0.15470236539840698,0.02335157271725494,0.04
27,sco_kcal,21,0.49133723974227905,0.028800765052437782,0.6312946142086764,0.8992814276593033,5.874466419219971,2.7384822368621826,0.46616697440000116,0.28
27,sco_kcal,22,0.44296741485595703,0.04018653929233551,0.6354023316906767,0.89169991328569,8.378320693969727,3.926011323928833,0.46859167455294104,0.08
27,sco_kcal,23,0.5632531046867371,0.02637616917490959,0.6504674340299874,0.9087402379148344,5.619089603424072,3.34369158744812,0.595059310926559,0.34
27,sco_kcal,24,0.1479692906141281,0.04770796373486519,0.6313822008051029,0.9342299461798105,9.924701690673828,0.919877290725708,0.0926856362433654,0.02
27,sco_kcal,25,0.13647235929965973,0.1445448249578476,0.6271822169163284,0.9560208227925218,29.676036834716797,1.3816601037979126,0.04655810718571303,0.18
27,sco_kcal,26,0.17680124938488007,0.13478653132915497,0.63287665690407,0.9761556817436854,27.863996505737305,0.3871227502822876,0.013893295967166,0.12
27,sco_kcal,27,0.4427025318145752,0.02993353083729744,0.6373793575915321,0.9124368880976812,6.350387096405029,2.636422872543335,0.41515939619426045,0.18
27,sco_kcal,28,0.10943683981895447,0.02670685201883316,0.6318673348762314,0.9489298958038632,5.618274211883545,0.17185360193252563,0.030588325783214337,0.06
27,sco_kcal,29,0.06783413887023926,0.030061975121498108,0.6260435268834592,0.9635503457333865,6.116844654083252,0.036937031894922256,0.006038576093356438,0.02
27,sco_kcal,30,0.07312073558568954,0.045565616339445114,0.6290259185985423,0.9580756239987145,9.388872146606445,0.06709077954292297,0.007145776243973304,0.04
27,sco_kcal,31,0.10271181911230087,0.0453360378742218,0.6117543996639556,0.9472277609855893,8.791118621826172,0.1713756024837494,0.019494174729739876,0.12
27,sco_kcal,32,0.09965358674526215,0.03224320709705353,0.628348321566887,0.9440643461466489,6.618676662445068,0.296823650598526,0.04484637424316684,0.06
27,sco_kcal,33,0.359604150056839,0.05145299807190895,0.6117289018123147,0.8839605904416497,10.321226119995117,3.051654577255249,0.2956678345941221,0.14
27,sco_kcal,34,0.07967301458120346,0.02693459577858448,0.6319073495348397,0.9607723122175778,5.807286262512207,0.1427510380744934,0.024581367547867345,0.04
27,sco_kcal,35,0.1572958379983902,0.03444645181298256,0.6400330540864803,0.9445550118137869,7.547744274139404,0.37583184242248535,0.049793928990173396,0.08
27,sco_kcal,36,0.6206631064414978,0.023768432438373566,0.6497685789603818,0.891855767457101,5.3539719581604,3.393537759780884,0.6338355498124214,0.52
27,sco_kcal,37,0.1206137165427208,0.02879616804420948,0.6281875116060269,0.9684792943418312,5.9834794998168945,0.062313955277204514,0.010414334214583912,0.14
27,sco_kcal,38,0.7899779081344604,0.025772616267204285,0.6845077346008006,0.9553213429232621,5.452735424041748,5.943840503692627,1.090065818613817,0.72
27,sco_kcal,39,0.4583157002925873,0.03884883224964142,0.6351232809462277,0.9068583457724302,7.994313716888428,4.012382984161377,0.5019046194903506,0.24
27,sco_kcal,40,0.10514111816883087,0.02533605322241783,0.6280495436130904,0.9519658528828412,5.2318949699401855,0.29652220010757446,0.056675870179206694,0.04
27,sco_kcal,41,0.4378569424152374,0.030372872948646545,0.645088309823098,0.900322479288318,6.645699501037598,2.801612377166748,0.42156771860198167,0.16
27,sco_kcal,42,0.15808367729187012,0.1430482715368271,0.6350984637492607,0.9233541907114957,30.203269958496094,1.703920602798462,0.05641510356792192,0.04
27,sco_kcal,43,0.06265822798013687,0.033269453793764114,0.6256028019632014,0.9520911950764892,6.723026275634766,0.07366236299276352,0.01095672692217889,0.04
27,sco_kcal,44,0.14596448838710785,0.03838745504617691,0.6208370723364556,0.938723467278948,7.5524420738220215,0.6306881904602051,0.08350784875878384,0.04
27,sco_kcal,45,0.4030478298664093,0.04437572509050369,0.60419762208234,0.894745373317865,8.568992614746094,2.9952008724212646,0.34953943912460883,0.18
27,sco_kcal,46,0.21935206651687622,0.2569475471973419,0.6451862820740504,0.9823640093788453,56.76401138305664,2.3080813884735107,0.04066099861931965,0.2
27,sco_kcal,47,0.2582794725894928,0.02389456517994404,0.634961270530898,0.9424055578413826,5.042510032653809,0.5980672836303711,0.11860507559875214,0.1
27,sco_kcal,48,0.20314237475395203,0.026057938113808632,0.6343094578016777,0.940382828807871,5.5699286460876465,0.6422892808914185,0.11531373590262535,0.1
27,sco_kcal,49,0.02802405133843422,0.1434805542230606,0.6315674777067894,0.9438299586592045,30.120206832885742,0.12814266979694366,0.004254375493100379,0.02
27,sco_kcal,50,0.3339502215385437,0.020102698355913162,0.631969023121578,0.9353976996208897,4.270763397216797,0.9990175366401672,0.2339201317711055,0.06
27,sco_kcal,51,0.6171534061431885,0.01268069539219141,0.6548488695116355,0.9154724380934949,2.7309682369232178,1.970603108406067,0.7215767220442671,0.44
27,sco_kcal,52,0.6356163024902344,0.01800551451742649,0.6522518545591496,0.8904641714290022,3.8969972133636475,2.874098539352417,0.7375161905419153,0.42
27,sco_kcal,53,0.0959099680185318,0.03473302721977234,0.6316333471069286,0.9475070982175262,7.170197486877441,0.1920032501220703,0.02677795841376275,0.02
27,sco_kcal,54,0.7238820791244507,0.01852511428296566,0.6642350258590446,0.8894599927389635,4.003868103027344,3.426633596420288,0.8558307886889166,0.54
27,sco_kcal,55,0.24308882653713226,0.02345198206603527,0.628421572795886,0.9330226991514263,4.906036853790283,0.6525858044624329,0.133016898142186,0.08
27,sco_kcal,56,0.17918601632118225,0.029073795303702354,0.6242186851806781,0.9498321692885514,6.086258411407471,0.27969276905059814,0.045954796879207456,0.14
27,sco_kcal,57,0.09448400884866714,0.010202363133430481,0.6305776173226381,0.9604593040432432,2.174677848815918,0.1358174830675125,0.06245407021617627,0.02
27,sco_kcal,58,0.23523057997226715,0.07534746825695038,0.6155161862295306,0.909614610946273,15.103307723999023,2.892591953277588,0.19152042758695068,0.02
27,sco_kcal,59,0.6176586747169495,0.02331681363284588,0.6460549269112428,0.8835015919367055,5.159946441650391,3.6661217212677,0.7104960802839465,0.38
27,sco_kcal,60,0.13817906379699707,0.022708725184202194,0.6332188555475031,0.9528952367353647,4.8148884773254395,0.15243135392665863,0.031658335316487075,0.12
27,sco_kcal,61,0.3143768012523651,0.024402279406785965,0.6350703633265187,0.9214218692878522,5.2249860763549805,1.2266260385513306,0.23476158991165028,0.16
27,sco_kcal,62,0.38933807611465454,0.02987668290734291,0.6462459870474291,0.8824149581590144,6.668919563293457,2.2244601249694824,0.3335562985664396,0.18
27,sco_kcal,63,0.21521906554698944,0.028936242684721947,0.6322610844007459,0.9275937261600464,6.064564228057861,0.768269419670105,0.12668171871536735,0.04
27,sco_kcal,64,0.050767190754413605,0.052488118410110474,0.6329637984035708,0.9608349468636204,11.121912002563477,0.15086813271045685,0.013564945728367877,0.02
27,sco_kcal,65,0.5034909248352051,0.022631624713540077,0.6380017197095915,0.885852987333952,4.928664207458496,2.4571661949157715,0.49854607485682784,0.2
27,sco_kcal,66,0.1496855616569519,0.08022060990333557,0.632275077601246,0.9733794579137276,16.59926986694336,0.25442689657211304,0.015327595647974365,0.08
27,sco_kcal,67,0.5917350053787231,0.029680848121643066,0.6447424283860583,0.9221890655352416,6.21967887878418,3.872116804122925,0.6225589583621469,0.52
27,sco_kcal,68,0.2938418686389923,0.008018653839826584,0.6331210287960201,0.9480105578894138,1.7142523527145386,0.4700119197368622,0.27417895562026956,0.1
27,sco_kcal,69,0.574640691280365,0.026833217591047287,0.6546103052940082,0.9006568537064588,5.811573028564453,3.598928928375244,0.6192693287490589,0.18
27,sco_kcal,70,0.7851454615592957,0.02827398106455803,0.645085706183395,0.9071637414617586,6.0639777183532715,6.852817535400391,1.1300861997991205,0.26
27,sco_kcal,71,0.08768323063850403,0.03732061758637428,0.632164465702796,0.9532726060320358,8.048115730285645,0.2171218991279602,0.026977979244373278,0.02
27,sco_kcal,72,0.0796985849738121,0.019796153530478477,0.6244372327472212,0.9656349764080279,4.079991817474365,0.1208360493183136,0.029616738151478614,0.02
27,sco_kcal,73,0.1915532797574997,0.129892960190773,0.6406885468366239,0.9805900086030146,28.020376205444336,1.2204018831253052,0.043554086289825836,0.22
27,sco_kcal,74,0.053313009440898895,0.026393048465251923,0.6274072960863821,0.9626474841465593,5.386404037475586,0.19597014784812927,0.03638237059171177,0.02
27,sco_kcal,75,0.14851608872413635,0.0445447713136673,0.6347311922109709,0.9599544711350145,9.400715827941895,0.222955584526062,0.02371687311974346,0.12
27,sco_kcal,76,0.3437501788139343,0.05599886551499367,0.634579060844058,0.9093382369158116,11.586352348327637,4.4204792976379395,0.3815246735764934,0.14
27,sco_kcal,77,0.08586934953927994,0.01622757315635681,0.6292722620402567,0.9509047588712729,3.38935923576355,0.26061171293258667,0.07689114514114832,0.04
27,sco_kcal,78,0.0871010273694992,0.02641197107732296,0.6440715593922184,0.9603266490494882,5.911369800567627,0.10020652413368225,0.016951489674027858,0.06
27,sco_kcal,79,0.43430712819099426,0.03744566813111305,0.6339199698020028,0.8957851685998885,7.731570720672607,3.226926326751709,0.4173700847259382,0.1
27,sco_kcal,80,0.5192517638206482,0.0370897576212883,0.6375486080184314,0.8866879034729194,7.811990261077881,4.425973892211914,0.566561624412628,0.24
27,sco_kcal,81,0.5819437503814697,0.01557052880525589,0.6502366242233195,0.91235239852659,3.3323724269866943,1.911319613456726,0.5735612256235841,0.4
27,sco_kcal,82,0.059442199766635895,0.035413697361946106,0.6117938316217038,0.964411353402723,7.056396484375,0.10970791429281235,0.015547300174492592,0.02
27,sco_kcal,83,0.0822109580039978,0.026362275704741478,0.635177915459376,0.9657494638235233,5.725912094116211,0.11171916127204895,0.019511155504264285,0.02
27,sco_kcal,84,0.6321048736572266,0.018249278888106346,0.6480081506255682,0.8927467920908994,3.9763457775115967,2.794965982437134,0.7028981227548646,0.22
27,sco_kcal,85,0.30976808071136475,0.050260528922080994,0.6382900675852006,0.9006091081868239,10.583019256591797,3.439330577850342,0.32498576204593993,0.12
27,sco_kcal,86,0.3175211548805237,0.04076748341321945,0.6367891689045913,0.9571578386187234,8.557538986206055,0.9379352331161499,0.10960338417715806,0.22
27,sco_kcal,87,0.0748111829161644,0.050568725913763046,0.6131441286416655,0.9479880263953013,9.84972095489502,0.3172817528247833,0.032212258020071494,0.02
27,sco_kcal,88,0.26445767283439636,0.07087723165750504,0.6122051242033453,0.871514211897001,14.16727352142334,3.5697641372680664,0.2519725571663434,0.1
27,sco_kcal,89,0.18412384390830994,0.035065069794654846,0.6262191389852447,0.9462279694515578,7.179373264312744,0.7300235629081726,0.10168346679186838,0.06
27,sco_kcal,90,0.10066100209951401,0.0647353008389473,0.6284494640890281,0.9275513373850035,13.563581466674805,0.45920446515083313,0.03385569410845364,0.0
27,sco_kcal,91,0.7398632168769836,0.027327734977006912,0.6664623400132017,0.9055523770608018,6.2266950607299805,6.1804070472717285,0.9925661987608518,0.26
27,sco_kcal,92,0.45785632729530334,0.028656432405114174,0.6386663830543633,0.9067479914434742,6.119094371795654,2.476564884185791,0.4047273556689796,0.16
27,sco_kcal,93,0.42369693517684937,0.017023829743266106,0.6411347438381956,0.9187940794171388,3.6301686763763428,1.3521709442138672,0.37248157448254243,0.24
27,sco_kcal,94,0.17365191876888275,0.01744271069765091,0.6289988052322291,0.9454129719850899,3.657639741897583,0.6328453421592712,0.17302014053219772,0.06
27,sco_kcal,95,0.25166842341423035,0.03931691497564316,0.6310887231697395,0.932301670185437,8.084425926208496,1.8637338876724243,0.23053385666265785,0.02
27,sco_kcal,96,0.41357627511024475,0.04215448349714279,0.6477897735901021,0.9167960043230532,9.364277839660645,3.3324222564697266,0.35586537622323383,0.18
27,sco_kcal,97,0.1721218228340149,0.08158019930124283,0.6292435802699099,0.9111737888655669,16.497283935546875,2.3592400550842285,0.14300778626963853,0.16
27,sco_kcal,98,0.150352343916893,0.038446445018053055,0.6000639507219314,0.926012578632115,7.327755451202393,0.7391526103019714,0.10087026173624364,0.06
27,sco_kcal,99,0.5267772078514099,0.020137080922722816,0.6453052216695168,0.8974818297099381,4.304115295410156,2.330618143081665,0.5414859926189712,0.2
27,sco_kcal,100,0.6619594097137451,0.020420124754309654,0.6635786177601601,0.8979791873265763,4.534518241882324,3.4949703216552734,0.7707478799786405,0.38
27,sco_kcal,101,0.22047220170497894,0.021238556131720543,0.6318315094671578,0.9429241500153005,4.5045623779296875,0.3045387864112854,0.06760674197861868,0.1
27,sco_kcal,102,0.6640169024467468,0.01942746341228485,0.6565295149240005,0.8974490865182441,4.0905442237854,3.3414502143859863,0.8168717978787183,0.5
27,sco_kcal,103,0.18764951825141907,0.036838870495557785,0.626255714618758,0.9288907501050512,7.506693363189697,0.8139722943305969,0.10843286850133557,0.06
27,sco_kcal,104,0.10404226183891296,0.046548835933208466,0.6384241814626246,0.954557066562125,10.178033828735352,0.4961075782775879,0.04874296810420708,0.02
27,sco_kcal,105,0.2499454915523529,0.03877172991633415,0.6312686350975658,0.9139686233414517,8.02424430847168,1.5394731760025024,0.1918527299046949,0.14
27,sco_kcal,106,0.55763840675354,0.033648531883955,0.6425396896599638,0.8888324450918861,6.993931293487549,4.409059524536133,0.6304121872975306,0.46
27,sco_kcal,107,0.30151236057281494,0.038993898779153824,0.6321322452389553,0.9399436494332738,8.101922988891602,0.9121060371398926,0.11257895667367666,0.38
27,sco_kcal,108,0.5956555008888245,0.019429335370659828,0.6426462546854264,0.9103522291039623,4.205033779144287,2.5003840923309326,0.5946168862500205,0.38
27,sco_kcal,109,0.07400599867105484,0.03202527016401291,0.6278811933248507,0.9631538962840649,6.53038215637207,0.12059354782104492,0.018466537628793262,0.06
27,sco_kcal,110,0.23657841980457306,0.060354601591825485,0.6406538969723823,0.8832240172101689,12.967689514160156,2.8817341327667236,0.22222417722293508,0.04
27,sco_kcal,111,0.8563093543052673,0.021238718181848526,0.6613298211009226,0.897059712507223,4.4842848777771,6.828464031219482,1.5227542891085042,0.52
27,sco_kcal,112,0.4676778018474579,0.02554379776120186,0.6306291010618337,0.9172278254963704,5.404280185699463,1.81095552444458,0.3350965276072548,0.24
27,sco_kcal,113,0.1694219410419464,0.02659006044268608,0.6187657336282211,0.9202607726260135,5.3384881019592285,0.6608664393424988,0.12379280925997763,0.0
27,sco_kcal,114,0.22843080759048462,0.06743453443050385,0.6378044611287359,0.9704623045230572,14.383739471435547,0.31674450635910034,0.022021012476492536,0.16
27,sco_kcal,115,0.0749514251947403,0.053196024149656296,0.6167924366714284,0.9552042704633048,10.488770484924316,0.1621401458978653,0.015458451124553827,0.02
27,sco_kcal,116,0.05123541131615639,0.056032970547676086,0.6310591817457487,0.948386025206446,11.711258888244629,0.18773716688156128,0.01603048559280041,0.04
27,sco_kcal,117,0.07469505071640015,0.05448829382658005,0.6087619786590412,0.9569003119313351,10.59755802154541,0.06773445755243301,0.006391515612816197,0.08
27,sco_kcal,118,0.47073742747306824,0.03506750613451004,0.6365503225788622,0.8961653505805713,7.619434356689453,2.61649489402771,0.3433975242178664,0.34
27,sco_kcal,119,0.2817186415195465,0.08102422952651978,0.6383735208705621,0.9714002457280586,17.343177795410156,0.52324378490448,0.030170006389656893,0.28
27,sco_kcal,120,0.060703907161951065,0.04498206451535225,0.6149892898899578,0.957502568021029,8.753443717956543,0.18020205199718475,0.020586418077667406,0.0
27,sco_kcal,121,0.3817707598209381,0.05084054917097092,0.6408753240545464,0.9322986081486464,11.08277702331543,1.9542768001556396,0.17633457715916537,0.32
27,sco_kcal,122,0.3780030310153961,0.03286917507648468,0.6062587416807279,0.9278418434790614,6.44463586807251,1.8075473308563232,0.28047315129333017,0.24
27,sco_kcal,123,0.7262393236160278,0.012557427398860455,0.7290632550725442,0.9427224694589471,3.889174461364746,1.0995184183120728,0.28271254715743505,0.68
27,sco_kcal,124,0.14068791270256042,0.03762436285614967,0.6021102158636331,0.9418626873947462,7.265393257141113,0.7128830552101135,0.09812036733309995,0.08
27,sco_kcal,125,0.07918266206979752,0.027971802279353142,0.6230965246600615,0.9640323484549049,5.702054500579834,0.07135617733001709,0.012514117029705868,0.06
27,sco_kcal,126,0.3038047254085541,0.010644466616213322,0.6363446724091804,0.9461034474967775,2.4718880653381348,0.18523691594600677,0.07493742072850205,0.12
27,sco_kcal,127,0.10159031301736832,0.049727145582437515,0.6256159896383426,0.9367589582545879,10.452298164367676,0.3666292428970337,0.03507642406785603,0.08
27,sco_kcal,128,0.17133449018001556,0.0540730357170105,0.6323613384405105,0.9490134452898258,11.189634323120117,0.6346395611763,0.05671673826418102,0.1
27,sco_kcal,129,0.11337240785360336,0.032537322491407394,0.6265574058354142,0.9566115300908857,6.597282886505127,0.12671953439712524,0.019207837010647606,0.06
27,sco_kcal,130,0.37688949704170227,0.06686844676733017,0.5980809114922112,0.9042563887120469,12.718106269836426,4.124096393585205,0.3242696912642048,0.16
27,sco_kcal,131,0.05391588807106018,0.04190640151500702,0.6242229205421101,0.9591782918059475,8.412521362304688,0.12676583230495453,0.015068708517398149,0.02
27,sco_kcal,132,0.3115699589252472,0.027103804051876068,0.6139388348586343,0.929662301317302,5.566690444946289,1.1903733015060425,0.21383860181891756,0.14
27,sco_kcal,133,0.13237185776233673,0.015270223841071129,0.6297499124891026,0.9661507173326782,3.2158195972442627,0.13785114884376526,0.04286656781428108,0.1
27,sco_kcal,134,0.7547577619552612,0.025401348248124123,0.6764174968180667,0.9235017528557097,5.883898735046387,6.076274871826172,1.032695351406021,0.54
27,sco_kcal,135,0.30672821402549744,0.04311550781130791,0.6361120535539357,0.9392067952920111,9.112513542175293,1.6357202529907227,0.1795026416608487,0.22
27,sco_kcal,136,0.5399666428565979,0.025648243725299835,0.6512241144248538,0.9087684997589187,5.542164325714111,3.2121527194976807,0.5795845324531753,0.4
27,sco_kcal,137,0.17097799479961395,0.2994578182697296,0.6351759678517699,0.9817447267617321,62.572296142578125,1.3386390209197998,0.02139347768011514,0.2
27,sco_kcal,138,0.694928765296936,0.02327636070549488,0.6563529281496574,0.9185639485402026,5.056886672973633,4.302421569824219,0.8508044273205432,0.56
27,sco_kcal,139,0.27198874950408936,0.05836544930934906,0.6265256478032479,0.901858179635483,12.305929183959961,3.5151867866516113,0.2856498468424023,0.08
27,sco_kcal,140,0.7049630880355835,0.031830545514822006,0.6474621992315817,0.894872879865741,6.576776504516602,5.494024276733398,0.8353673373210078,0.62
27,sco_kcal,141,0.11921025812625885,0.03500889986753464,0.6400177288704323,0.9427431792599974,7.690326690673828,0.47348159551620483,0.06156846315650061,0.02
27,sco_kcal,142,0.10779502242803574,0.052565593272447586,0.6490339099621736,0.9222352569121808,11.686043739318848,0.9139689803123474,0.0782102994563685,0.06
27,sco_kcal,143,0.15971168875694275,0.03362167254090309,0.6331516075749184,0.9458660311637139,7.075129508972168,0.5179020762443542,0.07320036694559276,0.12
27,sco_kcal,144,0.15851633250713348,0.03320546820759773,0.6217324936303261,0.9465719876089489,6.939207077026367,0.26684561371803284,0.038454770228932726,0.12
27,sco_kcal,145,0.1668182760477066,0.031752895563840866,0.6039090216422549,0.9402293273922069,6.406851291656494,0.2861582338809967,0.04466441015318312,0.08
27,sco_kcal,146,0.24041980504989624,0.12398353219032288,0.6375315582577628,0.9802044662895735,26.37143898010254,1.091988205909729,0.04140798713083661,0.16
27,sco_kcal,147,0.6476738452911377,0.024134483188390732,0.6096265741208158,0.8825517326410883,4.772561550140381,3.1104414463043213,0.6517341711837809,0.6
27,sco_kcal,148,0.3840731084346771,0.033780813217163086,0.6266549403524075,0.8918047081097566,7.067944526672363,2.3829290866851807,0.3371459803755817,0.14
27,sco_kcal,149,0.06721529364585876,0.0821356251835823,0.6516193311549614,0.9396105732045572,18.619152069091797,0.42742273211479187,0.022956079338560375,0.02
27,sco_kcal,150,0.18291833996772766,0.03778001666069031,0.626638210935351,0.9340992209855263,7.770788669586182,0.8373956680297852,0.10776199220385942,0.08
27,sco_kcal,151,0.1777016520500183,0.09257189184427261,0.6105421629049894,0.9209391185636306,18.043630599975586,2.6573123931884766,0.14727149164714512,0.08
27,sco_kcal,152,0.0744464322924614,0.032842036336660385,0.6281999352120413,0.9576576226212796,6.704165458679199,0.12288521230220795,0.018329680712626355,0.02
27,sco_kcal,153,0.1106620728969574,0.07160146534442902,0.6459687276305213,0.919438291187058,15.629993438720703,1.256691336631775,0.0804025504910662,0.14
27,sco_kcal,154,0.429734468460083,0.03234916180372238,0.6029010457341724,0.9012626047526231,6.15040397644043,2.5454344749450684,0.41386459892643485,0.2
27,sco_kcal,155,0.28717637062072754,0.024211551994085312,0.632889387937206,0.9318688179449692,5.187697887420654,0.928442656993866,0.17897007056736908,0.14
27,sco_kcal,156,0.13396675884723663,0.07135225087404251,0.6233206029816614,0.9176548895885328,14.469246864318848,1.2403438091278076,0.08572276226667296,0.0
27,sco_kcal,157,0.07687468826770782,0.02151068113744259,0.6304216976448804,0.9664129516639646,4.478836536407471,0.23522737622261047,0.05251975023211926,0.02
27,sco_kcal,158,0.7313051819801331,0.04544960334897041,0.6613838367527656,0.9211529932673044,9.676410675048828,8.987080574035645,0.9287617977200306,0.74
27,sco_kcal,159,0.7276815176010132,0.009088637307286263,0.6691570627255332,0.9186482123324118,1.9221150875091553,1.8270771503448486,0.9505555428070308,0.64
27,sco_kcal,160,0.10247465968132019,0.027414485812187195,0.6310815087717427,0.9651566780957006,5.714418411254883,0.09572919458150864,0.016752220032219614,0.08
27,sco_kcal,161,0.10679441690444946,0.1371552050113678,0.6354181459256598,0.909152984657333,29.91350555419922,2.762760639190674,0.09235830398362793,0.0
27,sco_kcal,162,0.2789643704891205,0.08574934303760529,0.6372550261282561,0.9231247144097912,18.44952964782715,4.430201053619385,0.2401254198987746,0.08
27,sco_kcal,163,0.266640305519104,0.02449069172143936,0.6340130315938555,0.9244420914146705,5.199800491333008,1.110866665840149,0.21363640156804745,0.1
27,sco_kcal,164,0.06215875223278999,0.0491645373404026,0.6224552693149217,0.96006008875655,9.899017333984375,0.03387175872921944,0.003421729408729703,0.04
27,sco_kcal,165,0.5302374362945557,0.033969324082136154,0.6407563390169679,0.8858773426865392,7.1701436042785645,4.0891008377075195,0.5702955287070504,0.26
27,sco_kcal,166,0.49598774313926697,0.023103388026356697,0.6345058799442702,0.9044881965055327,5.041781902313232,2.1621522903442383,0.4288468506248189,0.26
27,sco_kcal,167,0.053611695766448975,0.03114194981753826,0.6250507447951477,0.9556194907615208,6.300224304199219,0.18986818194389343,0.03013673367428247,0.02
27,sco_kcal,168,0.16560541093349457,0.0538238026201725,0.64424119529253,0.9111779082772673,12.111845970153809,1.4272528886795044,0.11783941871425398,0.04
27,sco_kcal,169,0.6252551674842834,0.01988879218697548,0.6581727135364841,0.8986931676626455,4.452090740203857,2.9485931396484375,0.66229403480519,0.36
27,sco_kcal,170,0.5472344160079956,0.012448593974113464,0.64757570876365,0.9271899703010769,2.6590445041656494,1.379929542541504,0.518956918690045,0.38
27,sco_kcal,171,0.04677091911435127,0.05908479541540146,0.6243116118248497,0.9669964585850328,11.826525688171387,0.07302353531122208,0.0061745551683245825,0.04
27,sco_kcal,172,0.04180236905813217,0.03651970252394676,0.6329734071831505,0.9530999136750737,7.662909984588623,0.0729781836271286,0.009523560080165338,0.02
27,sco_kcal,173,0.09217344224452972,0.062313031405210495,0.6471054269427148,0.9239670442508612,13.862579345703125,0.694206953048706,0.0500777622790584,0.12
27,sco_kcal,174,0.21584022045135498,0.09008247405290604,0.6211569696334647,0.8972055978487139,18.735803604125977,3.584684133529663,0.19132801609535702,0.08
27,sco_kcal,175,0.5292229652404785,0.05008683353662491,0.6234274119119316,0.9243099516710289,10.090461730957031,5.661880016326904,0.5611120845894039,0.16
27,sco_kcal,176,0.2226681113243103,0.2519080638885498,0.6332421780180204,0.984801424597485,52.02477264404297,0.9061371684074402,0.01741741717176339,0.24
27,sco_kcal,177,0.6059615612030029,0.02791771851480007,0.6529164051255361,0.909397042671015,5.891273498535156,3.4610071182250977,0.5874802993080638,0.48
27,sco_kcal,178,0.055231694132089615,0.025556087493896484,0.6328312386280093,0.9615460182959294,5.3972907066345215,0.0879814550280571,0.016301040616527752,0.02
27,sco_kcal,179,0.24813424050807953,0.048209063708782196,0.6093314504073268,0.9076969689844836,9.624408721923828,1.734647274017334,0.18023416545744894,0.08
27,sco_kcal,180,0.2558596730232239,0.07542844861745834,0.6192091651111054,0.8940443621281826,15.2700777053833,3.6889569759368896,0.24158075990905978,0.04
27,sco_kcal,181,0.5077856183052063,0.01658451184630394,0.6376218451371221,0.9139869848528217,3.5691652297973633,1.7352842092514038,0.48618769306735715,0.3
27,sco_kcal,182,0.5947402715682983,0.033222563564777374,0.6445106192054788,0.9021135908445252,6.844829559326172,4.55911922454834,0.666067604026236,0.34
27,sco_kcal,183,0.6101984977722168,0.026701489463448524,0.648959287405338,0.9006465203640455,5.604179382324219,3.8247740268707275,0.6824860101613094,0.32
27,sco_kcal,184,0.28552380204200745,0.027364004403352737,0.6394069313140245,0.9763135719095748,5.981555938720703,0.2959544062614441,0.049477829730827684,0.22
27,sco_kcal,185,0.2557392716407776,0.0160541869699955,0.6297847521571802,0.9332993878619398,3.3256096839904785,0.7649385333061218,0.230014525453346,0.04
27,sco_kcal,186,0.14324302971363068,0.11416573822498322,0.6332831163604151,0.8906962711833792,24.560365676879883,3.6607842445373535,0.1490525138224414,0.02
27,sco_kcal,187,0.07060500234365463,0.035401519387960434,0.6311879316973843,0.9630934477195252,7.386691570281982,0.11637689173221588,0.01575494125142865,0.02
27,sco_kcal,188,0.6159263253211975,0.02351986989378929,0.6540245996841283,0.907113271075308,5.030997276306152,3.5798027515411377,0.7115493320579757,0.32
27,sco_kcal,189,0.3256044387817383,0.04572753235697746,0.6285082183605628,0.8790151377457809,9.324159622192383,2.6840109825134277,0.2878555377929425,0.08
27,sco_kcal,190,0.23699776828289032,0.026269597932696342,0.6370020712848938,0.921223693921476,5.723773956298828,0.8285455703735352,0.14475511728791238,0.02
27,sco_kcal,191,0.11641183495521545,0.013717263005673885,0.6458612189911446,0.9647742861838438,3.2194576263427734,0.15311232209205627,0.04755842128165799,0.06
27,sco_kcal,192,0.19784869253635406,0.1437569409608841,0.6331761783424352,0.9694210489528243,29.784542083740234,0.3727383017539978,0.012514488243802158,0.2
27,sco_kcal,193,0.8880932927131653,0.02059629000723362,0.691616446768083,0.9103425971013774,4.505258560180664,7.646974086761475,1.6973441112455987,0.78
27,sco_kcal,194,0.5165507793426514,0.025211015716195107,0.6430761791845787,0.9115306040689646,5.356870174407959,2.5841426849365234,0.48239785561391224,0.3
27,sco_kcal,195,0.07058553397655487,0.060928549617528915,0.6214655670405911,0.9483179380026885,12.363816261291504,0.14593273401260376,0.01180321115491568,0.02
27,sco_kcal,196,0.4451516568660736,0.03268898278474808,0.6370793834527111,0.9053663617115577,7.125805854797363,2.495046854019165,0.3501424126422704,0.24
27,sco_kcal,197,0.28382226824760437,0.028870556503534317,0.6341366958480859,0.9286811776408128,6.073820114135742,0.9898167252540588,0.1629644452179997,0.16
27,sco_kcal,198,0.28101661801338196,0.08923778682947159,0.6345372125674866,0.888706003520978,19.302770614624023,3.9925050735473633,0.20683585549747927,0.1
27,sco_kcal,199,0.14538852870464325,0.03076733648777008,0.628329730454322,0.9553172964395547,6.424840450286865,0.10419091582298279,0.016216887661129505,0.12
27,sco_kcal,200,0.6816961765289307,0.027580196037888527,0.6658099699218327,0.9257621348129708,5.8050103187561035,4.719335079193115,0.8129761740379426,0.64
27,sco_kcal,201,0.11971266567707062,0.019554059952497482,0.6316292736391098,0.9618085114949764,4.117257118225098,0.28385910391807556,0.06894373991402411,0.04
27,sco_kcal,202,0.09829715639352798,0.012741302140057087,0.6283496034480376,0.9590397199821645,2.6749484539031982,0.0826367661356926,0.03089284431448079,0.02
27,sco_kcal,203,0.12201512604951859,0.01765257678925991,0.6330151568213751,0.9527520649286714,3.9075865745544434,0.08887951076030731,0.022745372127920587,0.08
27,sco_kcal,204,0.029736852273344994,0.158132404088974,0.6343379177077106,0.9289697686631908,32.43833541870117,0.5212565660476685,0.016069152726842957,0.02
27,sco_kcal,205,0.21099147200584412,0.03323642536997795,0.6247799856662266,0.9268275852752337,6.896913528442383,1.0354105234146118,0.1501266500072318,0.04
27,sco_kcal,206,0.14513203501701355,0.01272761169821024,0.6325009677527502,0.9451694168243256,2.7040162086486816,0.27595481276512146,0.1020536829189454,0.04
27,sco_kcal,207,0.6233885288238525,0.026746714487671852,0.6571475871448067,0.8977836433130484,5.830031871795654,4.401538372039795,0.754976725484713,0.5
27,sco_kcal,208,0.6775570511817932,0.025670748203992844,0.6622574058665001,0.9144740070416324,5.558283805847168,4.616991996765137,0.8306506393049206,0.36
27,sco_kcal,209,0.14415031671524048,0.029434606432914734,0.6166167647770249,0.9541314687026943,6.021512508392334,0.23894649744033813,0.03968213918136222,0.12
27,sco_kcal,210,0.06840699166059494,0.04017249494791031,0.6258382781696101,0.959384664252593,8.111922264099121,0.15202224254608154,0.018740594102939736,0.06
27,sco_kcal,211,0.5943868160247803,0.0120547441765666,0.6360640358521932,0.936812722872129,2.831591844558716,0.9135562181472778,0.32262990865113517,0.4
27,sco_kcal,212,0.7603933215141296,0.013542629778385162,0.6828373153129752,0.9030777115751958,3.3369696140289307,3.046433687210083,0.9129342006599618,0.58
27,sco_kcal,213,0.17849616706371307,0.03439897671341896,0.6257632246029003,0.930984140561187,7.170876502990723,0.9167932868003845,0.12784954341606944,0.08
27,sco_kcal,214,0.329154908657074,0.03982427716255188,0.5981226621423388,0.9002537652232865,7.56734561920166,1.7140824794769287,0.2265103995154593,0.2
27,sco_kcal,215,0.4229485094547272,0.0489056371152401,0.63091746459697,0.8885635945025951,10.218544960021973,3.9639475345611572,0.38791702244001613,0.18
27,sco_kcal,216,0.696877121925354,0.028641944751143456,0.652831253361233,0.8970812477016521,6.378816604614258,5.223123073577881,0.8188232077090317,0.34
27,sco_kcal,217,0.13383466005325317,0.10774274915456772,0.6366752593275775,0.9188423363448242,23.20649528503418,2.0488088130950928,0.08828600734107253,0.16
27,sco_kcal,218,0.15954546630382538,0.022304199635982513,0.6286436579345203,0.9386605521743074,4.7399115562438965,0.2299027293920517,0.04850359055522888,0.08
27,sco_kcal,219,0.07209864258766174,0.03935913369059563,0.6234050665218542,0.9634551483616793,8.119065284729004,0.04132207855582237,0.005089511798056888,0.06
27,sco_kcal,220,0.5347334742546082,0.02458817884325981,0.6506335460992307,0.8973170179194709,5.425816059112549,3.0814242362976074,0.5679190379339192,0.22
27,sco_kcal,221,0.16451579332351685,0.1227831020951271,0.6354683164349431,0.9750910596830842,25.797311782836914,0.5766346454620361,0.022352509064362053,0.12
27,sco_kcal,222,0.1614876687526703,0.03362279012799263,0.6332310703909476,0.9396123323917545,7.098823547363281,0.6239732503890991,0.0878981208965057,0.08
27,sco_kcal,223,0.13496141135692596,0.030031492933630943,0.6323183661006746,0.9239440877355478,6.337510585784912,0.4480331242084503,0.07069544391979278,0.06
27,sco_kcal,224,0.1521376520395279,0.04256270453333855,0.6270524111490661,0.922951577344046,8.99079418182373,0.9680603742599487,0.10767239853149249,0.02
27,sco_kcal,225,0.07028219848871231,0.030871422961354256,0.6361560540215891,0.9662424067060364,6.637883186340332,0.12899087369441986,0.01943253143710962,0.04
27,sco_kcal,226,0.32619744539260864,0.02459832839667797,0.6349426797777891,0.9271922857436534,5.348908424377441,0.9884325861930847,0.18479145795212007,0.26
27,sco_kcal,227,0.28162476420402527,0.11744415760040283,0.6362664353857321,0.9764333781427219,24.581449508666992,1.39413321018219,0.05671484953280086,0.24
27,sco_kcal,228,0.10931820422410965,0.024831851944327354,0.6299726428761836,0.9799684167350382,5.102848052978516,0.33939751982688904,0.06651139056135207,0.02
27,sco_kcal,229,0.13054847717285156,0.014874368906021118,0.6303253231263004,0.9397353500791237,3.108717679977417,0.2749742567539215,0.08845263065378102,0.06
27,sco_kcal,230,0.8631861805915833,0.01665620692074299,0.688618124255574,0.9007276406554572,3.7053098678588867,5.35469388961792,1.4451406442592964,0.8
27,sco_kcal,231,0.07819497585296631,0.06512453407049179,0.6230400438978763,0.9524344378693503,13.198250770568848,0.15188784897327423,0.01150818025915777,0.0
27,sco_kcal,232,0.14305056631565094,0.023090962320566177,0.6349388848921438,0.9380790020921894,4.9683308601379395,0.3070639669895172,0.0618042508910109,0.1
27,sco_kcal,233,0.3157368302345276,0.019861707463860512,0.6365107234761422,0.9357505120911898,4.252676963806152,1.1155864000320435,0.2623256855685535,0.06
27,sco_kcal,234,0.35501813888549805,0.01650424674153328,0.6252345864902775,0.9151076399053151,3.5387516021728516,0.9021490812301636,0.2549342770134613,0.14
27,sco_kcal,235,0.46747568249702454,0.035278815776109695,0.6418389120191688,0.8949989048966143,7.637052536010742,3.7061314582824707,0.48528295972917185,0.24
27,sco_kcal,236,0.4820585250854492,0.018754703924059868,0.6306860981559916,0.9195159657403138,4.018869876861572,1.6974767446517944,0.4223766373788128,0.28
27,sco_kcal,237,0.2879875898361206,0.02503618225455284,0.6288013846724116,0.9067341893872194,5.385298728942871,1.0660920143127441,0.19796339404221258,0.16
27,sco_kcal,238,0.8075100779533386,0.019698437303304672,0.6792382295074988,0.916176122303973,4.263430595397949,5.292791366577148,1.2414395515879433,0.8
27,sco_kcal,239,0.8688649535179138,0.02109765075147152,0.667958323803747,0.9133412770474794,5.0164103507995605,7.208133220672607,1.4369106027228635,0.68
27,sco_kcal,240,0.17245471477508545,0.02541736513376236,0.6301107015247374,0.9411485938317685,5.356573581695557,0.4316408634185791,0.08058152414699932,0.08
27,sco_kcal,241,0.20281952619552612,0.01493056584149599,0.6295468557557717,0.9384847072382263,3.1270742416381836,0.29716992378234863,0.09503129789034682,0.12
27,sco_kcal,242,0.5558803677558899,0.032900962978601456,0.6636762130850822,0.9697631637265776,7.725564002990723,1.8231310844421387,0.23598679445751372,0.46
27,sco_kcal,243,0.38859888911247253,0.04159260541200638,0.6441769197469707,0.8883892146694259,9.28587532043457,3.5675737857818604,0.38419359109108747,0.12
27,sco_kcal,244,0.15129026770591736,0.03974128141999245,0.6332240545601953,0.9748660593302878,8.306196212768555,0.1923200786113739,0.023153808757338676,0.18
27,sco_kcal,245,0.04107793793082237,0.053874462842941284,0.6288538290683183,0.9571832683889367,10.911231994628906,0.16346651315689087,0.01498149001298459,0.02
27,sco_kcal,246,0.19239331781864166,0.04761551693081856,0.6226199871176015,0.9513081584363681,9.601594924926758,0.5614092946052551,0.058470420695188575,0.08
27,sco_kcal,247,0.2571859657764435,0.0468018613755703,0.6108302277744917,0.8972610859658168,9.521612167358398,2.4273159503936768,0.2549269921657702,0.06
27,sco_kcal,248,0.15754954516887665,0.08079684525728226,0.6072747336838915,0.9240402216280525,15.531938552856445,1.7018890380859375,0.10957351088495948,0.04
27,sco_kcal,249,0.4853146970272064,0.027660375460982323,0.6426297869772972,0.9080189684391764,5.858340263366699,2.5516364574432373,0.435556205807829,0.2
27,water_gsolv_eV,0,1.0000001192092896,0.0,0.6283132614445301,0.6283132614445301,,,,1.0
27,water_gsolv_eV,1,1.0000001192092896,0.0,0.6283132614445301,0.6283132614445301,,,,1.0
27,water_gsolv_eV,2,1.0000001192092896,0.0,0.6283132614445301,0.6283132614445301,,,,1.0
27,water_gsolv_eV,3,1.0000001192092896,0.0,0.6283132614445301,0.6283132614445301,,,,1.0
27,water_gsolv_eV,4,1.0000001192092896,0.0,0.6283132614445301,0.6283132614445301,,,,1.0
27,water_gsolv_eV,5,1.0000001192092896,0.0,0.6283132614445301,0.6283132614445301,,,,1.0
27,water_gsolv_eV,6,1.0000001192092896,0.0,0.6283132614445301,0.6283132614445301,,,,1.0
27,water_gsolv_eV,7,1.0000001192092896,0.0,0.6283132614445301,0.6283132614445301,,,,1.0
27,water_gsolv_eV,8,1.0000001192092896,0.0,0.6283132614445301,0.6283132614445301,,,,1.0
27,water_gsolv_eV,9,1.0000001192092896,0.0,0.6283132614445301,0.6283132614445301,,,,1.0
27,water_gsolv_eV,10,1.0000001192092896,0.0,0.6283132614445301,0.6283132614445301,,,,1.0
27,water_gsolv_eV,11,1.0000001192092896,0.0,0.6283132614445301,0.6283132614445301,,,,1.0
27,water_gsolv_eV,12,1.0000001192092896,0.0,0.6283132614445301,0.6283132614445301,,,,1.0
27,water_gsolv_eV,13,1.0000001192092896,0.0,0.6283132614445301,0.6283132614445301,,,,1.0
27,water_gsolv_eV,14,1.0000001192092896,0.0,0.6283132614445301,0.6283132614445301,,,,1.0
27,water_gsolv_eV,15,1.0000001192092896,0.0,0.6283132614445301,0.6283132614445301,,,,1.0
27,water_gsolv_eV,16,1.0000001192092896,0.0,0.6283132614445301,0.6283132614445301,,,,1.0
27,water_gsolv_eV,17,1.0000001192092896,0.0,0.6283132614445301,0.6283132614445301,,,,1.0
27,water_gsolv_eV,18,1.0000001192092896,0.0,0.6283132614445301,0.6283132614445301,,,,1.0
27,water_gsolv_eV,19,1.0000001192092896,0.0,0.6283132614445301,0.6283132614445301,,,,1.0
27,water_gsolv_eV,20,1.0000001192092896,0.0,0.6283132614445301,0.6283132614445301,,,,1.0
27,water_gsolv_eV,21,1.0000001192092896,0.0,0.6283132614445301,0.6283132614445301,,,,1.0
27,water_gsolv_eV,22,1.0000001192092896,0.0,0.6283132614445301,0.6283132614445301,,,,1.0
27,water_gsolv_eV,23,1.0000001192092896,0.0,0.6283132614445301,0.6283132614445301,,,,1.0
27,water_gsolv_eV,24,1.0000001192092896,0.0,0.6283132614445301,0.6283132614445301,,,,1.0
27,water_gsolv_eV,25,1.0000001192092896,0.0,0.6283132614445301,0.6283132614445301,,,,1.0
27,water_gsolv_eV,26,1.0000001192092896,0.0,0.6283132614445301,0.6283132614445301,,,,1.0
27,water_gsolv_eV,27,1.0000001192092896,0.0,0.6283132614445301,0.6283132614445301,,,,1.0
27,water_gsolv_eV,28,1.0000001192092896,0.0,0.6283132614445301,0.6283132614445301,,,,1.0
27,water_gsolv_eV,29,1.0000001192092896,0.0,0.6283132614445301,0.6283132614445301,,,,1.0
27,water_gsolv_eV,30,1.0000001192092896,0.0,0.6283132614445301,0.6283132614445301,,,,1.0
27,water_gsolv_eV,31,1.0000001192092896,0.0,0.6283132614445301,0.6283132614445301,,,,1.0
27,water_gsolv_eV,32,1.0000001192092896,0.0,0.6283132614445301,0.6283132614445301,,,,1.0
27,water_gsolv_eV,33,1.0000001192092896,0.0,0.6283132614445301,0.6283132614445301,,,,1.0
27,water_gsolv_eV,34,1.0000001192092896,0.0,0.6283132614445301,0.6283132614445301,,,,1.0
27,water_gsolv_eV,35,1.0000001192092896,0.0,0.6283132614445301,0.6283132614445301,,,,1.0
27,water_gsolv_eV,36,1.0000001192092896,0.0,0.6283132614445301,0.6283132614445301,,,,1.0
27,water_gsolv_eV,37,1.0000001192092896,0.0,0.6283132614445301,0.6283132614445301,,,,1.0
27,water_gsolv_eV,38,1.0000001192092896,0.0,0.6283132614445301,0.6283132614445301,,,,1.0
27,water_gsolv_eV,39,1.0000001192092896,0.0,0.6283132614445301,0.6283132614445301,,,,1.0
27,water_gsolv_eV,40,1.0000001192092896,0.0,0.6283132614445301,0.6283132614445301,,,,1.0
27,water_gsolv_eV,41,1.0000001192092896,0.0,0.6283132614445301,0.6283132614445301,,,,1.0
27,water_gsolv_eV,42,1.0000001192092896,0.0,0.6283132614445301,0.6283132614445301,,,,1.0
27,water_gsolv_eV,43,1.0000001192092896,0.0,0.6283132614445301,0.6283132614445301,,,,1.0
27,water_gsolv_eV,44,1.0000001192092896,0.0,0.6283132614445301,0.6283132614445301,,,,1.0
27,water_gsolv_eV,45,1.0000001192092896,0.0,0.6283132614445301,0.6283132614445301,,,,1.0
27,water_gsolv_eV,46,1.0000001192092896,0.0,0.6283132614445301,0.6283132614445301,,,,1.0
27,water_gsolv_eV,47,1.0000001192092896,0.0,0.6283132614445301,0.6283132614445301,,,,1.0
27,water_gsolv_eV,48,1.0000001192092896,0.0,0.6283132614445301,0.6283132614445301,,,,1.0
27,water_gsolv_eV,49,1.0000001192092896,0.0,0.6283132614445301,0.6283132614445301,,,,1.0
27,water_gsolv_eV,50,1.0000001192092896,0.0,0.6283132614445301,0.6283132614445301,,,,1.0
27,water_gsolv_eV,51,1.0000001192092896,0.0,0.6283132614445301,0.6283132614445301,,,,1.0
27,water_gsolv_eV,52,1.0000001192092896,0.0,0.6283132614445301,0.6283132614445301,,,,1.0
27,water_gsolv_eV,53,1.0000001192092896,0.0,0.6283132614445301,0.6283132614445301,,,,1.0
27,water_gsolv_eV,54,1.0000001192092896,0.0,0.6283132614445301,0.6283132614445301,,,,1.0
27,water_gsolv_eV,55,1.0000001192092896,0.0,0.6283132614445301,0.6283132614445301,,,,1.0
27,water_gsolv_eV,56,1.0000001192092896,0.0,0.6283132614445301,0.6283132614445301,,,,1.0
27,water_gsolv_eV,57,1.0000001192092896,0.0,0.6283132614445301,0.6283132614445301,,,,1.0
27,water_gsolv_eV,58,1.0000001192092896,0.0,0.6283132614445301,0.6283132614445301,,,,1.0
27,water_gsolv_eV,59,1.0000001192092896,0.0,0.6283132614445301,0.6283132614445301,,,,1.0
27,water_gsolv_eV,60,1.0000001192092896,0.0,0.6283132614445301,0.6283132614445301,,,,1.0
27,water_gsolv_eV,61,1.0000001192092896,0.0,0.6283132614445301,0.6283132614445301,,,,1.0
27,water_gsolv_eV,62,1.0000001192092896,0.0,0.6283132614445301,0.6283132614445301,,,,1.0
27,water_gsolv_eV,63,1.0000001192092896,0.0,0.6283132614445301,0.6283132614445301,,,,1.0
27,water_gsolv_eV,64,1.0000001192092896,0.0,0.6283132614445301,0.6283132614445301,,,,1.0
27,water_gsolv_eV,65,1.0000001192092896,0.0,0.6283132614445301,0.6283132614445301,,,,1.0
27,water_gsolv_eV,66,1.0000001192092896,0.0,0.6283132614445301,0.6283132614445301,,,,1.0
27,water_gsolv_eV,67,1.0000001192092896,0.0,0.6283132614445301,0.6283132614445301,,,,1.0
27,water_gsolv_eV,68,1.0000001192092896,0.0,0.6283132614445301,0.6283132614445301,,,,1.0
27,water_gsolv_eV,69,1.0000001192092896,0.0,0.6283132614445301,0.6283132614445301,,,,1.0
27,water_gsolv_eV,70,1.0000001192092896,0.0,0.6283132614445301,0.6283132614445301,,,,1.0
27,water_gsolv_eV,71,1.0000001192092896,0.0,0.6283132614445301,0.6283132614445301,,,,1.0
27,water_gsolv_eV,72,1.0000001192092896,0.0,0.6283132614445301,0.6283132614445301,,,,1.0
27,water_gsolv_eV,73,1.0000001192092896,0.0,0.6283132614445301,0.6283132614445301,,,,1.0
27,water_gsolv_eV,74,1.0000001192092896,0.0,0.6283132614445301,0.6283132614445301,,,,1.0
27,water_gsolv_eV,75,1.0000001192092896,0.0,0.6283132614445301,0.6283132614445301,,,,1.0
27,water_gsolv_eV,76,1.0000001192092896,0.0,0.6283132614445301,0.6283132614445301,,,,1.0
27,water_gsolv_eV,77,1.0000001192092896,0.0,0.6283132614445301,0.6283132614445301,,,,1.0
27,water_gsolv_eV,78,1.0000001192092896,0.0,0.6283132614445301,0.6283132614445301,,,,1.0
27,water_gsolv_eV,79,1.0000001192092896,0.0,0.6283132614445301,0.6283132614445301,,,,1.0
27,water_gsolv_eV,80,1.0000001192092896,0.0,0.6283132614445301,0.6283132614445301,,,,1.0
27,water_gsolv_eV,81,1.0000001192092896,0.0,0.6283132614445301,0.6283132614445301,,,,1.0
27,water_gsolv_eV,82,1.0000001192092896,0.0,0.6283132614445301,0.6283132614445301,,,,1.0
27,water_gsolv_eV,83,1.0000001192092896,0.0,0.6283132614445301,0.6283132614445301,,,,1.0
27,water_gsolv_eV,84,1.0000001192092896,0.0,0.6283132614445301,0.6283132614445301,,,,1.0
27,water_gsolv_eV,85,1.0000001192092896,0.0,0.6283132614445301,0.6283132614445301,,,,1.0
27,water_gsolv_eV,86,1.0000001192092896,0.0,0.6283132614445301,0.6283132614445301,,,,1.0
27,water_gsolv_eV,87,1.0000001192092896,0.0,0.6283132614445301,0.6283132614445301,,,,1.0
27,water_gsolv_eV,88,1.0000001192092896,0.0,0.6283132614445301,0.6283132614445301,,,,1.0
27,water_gsolv_eV,89,1.0000001192092896,0.0,0.6283132614445301,0.6283132614445301,,,,1.0
27,water_gsolv_eV,90,1.0000001192092896,0.0,0.6283132614445301,0.6283132614445301,,,,1.0
27,water_gsolv_eV,91,1.0000001192092896,0.0,0.6283132614445301,0.6283132614445301,,,,1.0
27,water_gsolv_eV,92,1.0000001192092896,0.0,0.6283132614445301,0.6283132614445301,,,,1.0
27,water_gsolv_eV,93,1.0000001192092896,0.0,0.6283132614445301,0.6283132614445301,,,,1.0
27,water_gsolv_eV,94,1.0000001192092896,0.0,0.6283132614445301,0.6283132614445301,,,,1.0
27,water_gsolv_eV,95,1.0000001192092896,0.0,0.6283132614445301,0.6283132614445301,,,,1.0
27,water_gsolv_eV,96,1.0000001192092896,0.0,0.6283132614445301,0.6283132614445301,,,,1.0
27,water_gsolv_eV,97,1.0000001192092896,0.0,0.6283132614445301,0.6283132614445301,,,,1.0
27,water_gsolv_eV,98,1.0000001192092896,0.0,0.6283132614445301,0.6283132614445301,,,,1.0
27,water_gsolv_eV,99,1.0000001192092896,0.0,0.6283132614445301,0.6283132614445301,,,,1.0
27,water_gsolv_eV,100,1.0000001192092896,0.0,0.6283132614445301,0.6283132614445301,,,,1.0
27,water_gsolv_eV,101,1.0000001192092896,0.0,0.6283132614445301,0.6283132614445301,,,,1.0
27,water_gsolv_eV,102,1.0000001192092896,0.0,0.6283132614445301,0.6283132614445301,,,,1.0
27,water_gsolv_eV,103,1.0000001192092896,0.0,0.6283132614445301,0.6283132614445301,,,,1.0
27,water_gsolv_eV,104,1.0000001192092896,0.0,0.6283132614445301,0.6283132614445301,,,,1.0
27,water_gsolv_eV,105,1.0000001192092896,0.0,0.6283132614445301,0.6283132614445301,,,,1.0
27,water_gsolv_eV,106,1.0000001192092896,0.0,0.6283132614445301,0.6283132614445301,,,,1.0
27,water_gsolv_eV,107,1.0000001192092896,0.0,0.6283132614445301,0.6283132614445301,,,,1.0
27,water_gsolv_eV,108,1.0000001192092896,0.0,0.6283132614445301,0.6283132614445301,,,,1.0
27,water_gsolv_eV,109,1.0000001192092896,0.0,0.6283132614445301,0.6283132614445301,,,,1.0
27,water_gsolv_eV,110,1.0000001192092896,0.0,0.6283132614445301,0.6283132614445301,,,,1.0
27,water_gsolv_eV,111,1.0000001192092896,0.0,0.6283132614445301,0.6283132614445301,,,,1.0
27,water_gsolv_eV,112,1.0000001192092896,0.0,0.6283132614445301,0.6283132614445301,,,,1.0
27,water_gsolv_eV,113,1.0000001192092896,0.0,0.6283132614445301,0.6283132614445301,,,,1.0
27,water_gsolv_eV,114,1.0000001192092896,0.0,0.6283132614445301,0.6283132614445301,,,,1.0
27,water_gsolv_eV,115,1.0000001192092896,0.0,0.6283132614445301,0.6283132614445301,,,,1.0
27,water_gsolv_eV,116,1.0000001192092896,0.0,0.6283132614445301,0.6283132614445301,,,,1.0
27,water_gsolv_eV,117,1.0000001192092896,0.0,0.6283132614445301,0.6283132614445301,,,,1.0
27,water_gsolv_eV,118,1.0000001192092896,0.0,0.6283132614445301,0.6283132614445301,,,,1.0
27,water_gsolv_eV,119,1.0000001192092896,0.0,0.6283132614445301,0.6283132614445301,,,,1.0
27,water_gsolv_eV,120,1.0000001192092896,0.0,0.6283132614445301,0.6283132614445301,,,,1.0
27,water_gsolv_eV,121,1.0000001192092896,0.0,0.6283132614445301,0.6283132614445301,,,,1.0
27,water_gsolv_eV,122,1.0000001192092896,0.0,0.6283132614445301,0.6283132614445301,,,,1.0
27,water_gsolv_eV,123,1.0000001192092896,0.0,0.6283132614445301,0.6283132614445301,,,,1.0
27,water_gsolv_eV,124,1.0000001192092896,0.0,0.6283132614445301,0.6283132614445301,,,,1.0
27,water_gsolv_eV,125,1.0000001192092896,0.0,0.6283132614445301,0.6283132614445301,,,,1.0
27,water_gsolv_eV,126,1.0000001192092896,0.0,0.6283132614445301,0.6283132614445301,,,,1.0
27,water_gsolv_eV,127,1.0000001192092896,0.0,0.6283132614445301,0.6283132614445301,,,,1.0
27,water_gsolv_eV,128,1.0000001192092896,0.0,0.6283132614445301,0.6283132614445301,,,,1.0
27,water_gsolv_eV,129,1.0000001192092896,0.0,0.6283132614445301,0.6283132614445301,,,,1.0
27,water_gsolv_eV,130,1.0000001192092896,0.0,0.6283132614445301,0.6283132614445301,,,,1.0
27,water_gsolv_eV,131,1.0000001192092896,0.0,0.6283132614445301,0.6283132614445301,,,,1.0
27,water_gsolv_eV,132,1.0000001192092896,0.0,0.6283132614445301,0.6283132614445301,,,,1.0
27,water_gsolv_eV,133,1.0000001192092896,0.0,0.6283132614445301,0.6283132614445301,,,,1.0
27,water_gsolv_eV,134,1.0000001192092896,0.0,0.6283132614445301,0.6283132614445301,,,,1.0
27,water_gsolv_eV,135,1.0000001192092896,0.0,0.6283132614445301,0.6283132614445301,,,,1.0
27,water_gsolv_eV,136,1.0000001192092896,0.0,0.6283132614445301,0.6283132614445301,,,,1.0
27,water_gsolv_eV,137,1.0000001192092896,0.0,0.6283132614445301,0.6283132614445301,,,,1.0
27,water_gsolv_eV,138,1.0000001192092896,0.0,0.6283132614445301,0.6283132614445301,,,,1.0
27,water_gsolv_eV,139,1.0000001192092896,0.0,0.6283132614445301,0.6283132614445301,,,,1.0
27,water_gsolv_eV,140,1.0000001192092896,0.0,0.6283132614445301,0.6283132614445301,,,,1.0
27,water_gsolv_eV,141,1.0000001192092896,0.0,0.6283132614445301,0.6283132614445301,,,,1.0
27,water_gsolv_eV,142,1.0000001192092896,0.0,0.6283132614445301,0.6283132614445301,,,,1.0
27,water_gsolv_eV,143,1.0000001192092896,0.0,0.6283132614445301,0.6283132614445301,,,,1.0
27,water_gsolv_eV,144,1.0000001192092896,0.0,0.6283132614445301,0.6283132614445301,,,,1.0
27,water_gsolv_eV,145,1.0000001192092896,0.0,0.6283132614445301,0.6283132614445301,,,,1.0
27,water_gsolv_eV,146,1.0000001192092896,0.0,0.6283132614445301,0.6283132614445301,,,,1.0
27,water_gsolv_eV,147,1.0000001192092896,0.0,0.6283132614445301,0.6283132614445301,,,,1.0
27,water_gsolv_eV,148,1.0000001192092896,0.0,0.6283132614445301,0.6283132614445301,,,,1.0
27,water_gsolv_eV,149,1.0000001192092896,0.0,0.6283132614445301,0.6283132614445301,,,,1.0
27,water_gsolv_eV,150,1.0000001192092896,0.0,0.6283132614445301,0.6283132614445301,,,,1.0
27,water_gsolv_eV,151,1.0000001192092896,0.0,0.6283132614445301,0.6283132614445301,,,,1.0
27,water_gsolv_eV,152,1.0000001192092896,0.0,0.6283132614445301,0.6283132614445301,,,,1.0
27,water_gsolv_eV,153,1.0000001192092896,0.0,0.6283132614445301,0.6283132614445301,,,,1.0
27,water_gsolv_eV,154,1.0000001192092896,0.0,0.6283132614445301,0.6283132614445301,,,,1.0
27,water_gsolv_eV,155,1.0000001192092896,0.0,0.6283132614445301,0.6283132614445301,,,,1.0
27,water_gsolv_eV,156,1.0000001192092896,0.0,0.6283132614445301,0.6283132614445301,,,,1.0
27,water_gsolv_eV,157,1.0000001192092896,0.0,0.6283132614445301,0.6283132614445301,,,,1.0
27,water_gsolv_eV,158,1.0000001192092896,0.0,0.6283132614445301,0.6283132614445301,,,,1.0
27,water_gsolv_eV,159,1.0000001192092896,0.0,0.6283132614445301,0.6283132614445301,,,,1.0
27,water_gsolv_eV,160,1.0000001192092896,0.0,0.6283132614445301,0.6283132614445301,,,,1.0
27,water_gsolv_eV,161,1.0000001192092896,0.0,0.6283132614445301,0.6283132614445301,,,,1.0
27,water_gsolv_eV,162,1.0000001192092896,0.0,0.6283132614445301,0.6283132614445301,,,,1.0
27,water_gsolv_eV,163,1.0000001192092896,0.0,0.6283132614445301,0.6283132614445301,,,,1.0
27,water_gsolv_eV,164,1.0000001192092896,0.0,0.6283132614445301,0.6283132614445301,,,,1.0
27,water_gsolv_eV,165,1.0000001192092896,0.0,0.6283132614445301,0.6283132614445301,,,,1.0
27,water_gsolv_eV,166,1.0000001192092896,0.0,0.6283132614445301,0.6283132614445301,,,,1.0
27,water_gsolv_eV,167,1.0000001192092896,0.0,0.6283132614445301,0.6283132614445301,,,,1.0
27,water_gsolv_eV,168,1.0000001192092896,0.0,0.6283132614445301,0.6283132614445301,,,,1.0
27,water_gsolv_eV,169,1.0000001192092896,0.0,0.6283132614445301,0.6283132614445301,,,,1.0
27,water_gsolv_eV,170,1.0000001192092896,0.0,0.6283132614445301,0.6283132614445301,,,,1.0
27,water_gsolv_eV,171,1.0000001192092896,0.0,0.6283132614445301,0.6283132614445301,,,,1.0
27,water_gsolv_eV,172,1.0000001192092896,0.0,0.6283132614445301,0.6283132614445301,,,,1.0
27,water_gsolv_eV,173,1.0000001192092896,0.0,0.6283132614445301,0.6283132614445301,,,,1.0
27,water_gsolv_eV,174,1.0000001192092896,0.0,0.6283132614445301,0.6283132614445301,,,,1.0
27,water_gsolv_eV,175,1.0000001192092896,0.0,0.6283132614445301,0.6283132614445301,,,,1.0
27,water_gsolv_eV,176,1.0000001192092896,0.0,0.6283132614445301,0.6283132614445301,,,,1.0
27,water_gsolv_eV,177,1.0000001192092896,0.0,0.6283132614445301,0.6283132614445301,,,,1.0
27,water_gsolv_eV,178,1.0000001192092896,0.0,0.6283132614445301,0.6283132614445301,,,,1.0
27,water_gsolv_eV,179,1.0000001192092896,0.0,0.6283132614445301,0.6283132614445301,,,,1.0
27,water_gsolv_eV,180,1.0000001192092896,0.0,0.6283132614445301,0.6283132614445301,,,,1.0
27,water_gsolv_eV,181,1.0000001192092896,0.0,0.6283132614445301,0.6283132614445301,,,,1.0
27,water_gsolv_eV,182,1.0000001192092896,0.0,0.6283132614445301,0.6283132614445301,,,,1.0
27,water_gsolv_eV,183,1.0000001192092896,0.0,0.6283132614445301,0.6283132614445301,,,,1.0
27,water_gsolv_eV,184,1.0000001192092896,0.0,0.6283132614445301,0.6283132614445301,,,,1.0
27,water_gsolv_eV,185,1.0000001192092896,0.0,0.6283132614445301,0.6283132614445301,,,,1.0
27,water_gsolv_eV,186,1.0000001192092896,0.0,0.6283132614445301,0.6283132614445301,,,,1.0
27,water_gsolv_eV,187,1.0000001192092896,0.0,0.6283132614445301,0.6283132614445301,,,,1.0
27,water_gsolv_eV,188,1.0000001192092896,0.0,0.6283132614445301,0.6283132614445301,,,,1.0
27,water_gsolv_eV,189,1.0000001192092896,0.0,0.6283132614445301,0.6283132614445301,,,,1.0
27,water_gsolv_eV,190,1.0000001192092896,0.0,0.6283132614445301,0.6283132614445301,,,,1.0
27,water_gsolv_eV,191,1.0000001192092896,0.0,0.6283132614445301,0.6283132614445301,,,,1.0
27,water_gsolv_eV,192,1.0000001192092896,0.0,0.6283132614445301,0.6283132614445301,,,,1.0
27,water_gsolv_eV,193,1.0000001192092896,0.0,0.6283132614445301,0.6283132614445301,,,,1.0
27,water_gsolv_eV,194,1.0000001192092896,0.0,0.6283132614445301,0.6283132614445301,,,,1.0
27,water_gsolv_eV,195,1.0000001192092896,0.0,0.6283132614445301,0.6283132614445301,,,,1.0
27,water_gsolv_eV,196,1.0000001192092896,0.0,0.6283132614445301,0.6283132614445301,,,,1.0
27,water_gsolv_eV,197,1.0000001192092896,0.0,0.6283132614445301,0.6283132614445301,,,,1.0
27,water_gsolv_eV,198,1.0000001192092896,0.0,0.6283132614445301,0.6283132614445301,,,,1.0
27,water_gsolv_eV,199,1.0000001192092896,0.0,0.6283132614445301,0.6283132614445301,,,,1.0
27,water_gsolv_eV,200,1.0000001192092896,0.0,0.6283132614445301,0.6283132614445301,,,,1.0
27,water_gsolv_eV,201,1.0000001192092896,0.0,0.6283132614445301,0.6283132614445301,,,,1.0
27,water_gsolv_eV,202,1.0000001192092896,0.0,0.6283132614445301,0.6283132614445301,,,,1.0
27,water_gsolv_eV,203,1.0000001192092896,0.0,0.6283132614445301,0.6283132614445301,,,,1.0
27,water_gsolv_eV,204,1.0000001192092896,0.0,0.6283132614445301,0.6283132614445301,,,,1.0
27,water_gsolv_eV,205,1.0000001192092896,0.0,0.6283132614445301,0.6283132614445301,,,,1.0
27,water_gsolv_eV,206,1.0000001192092896,0.0,0.6283132614445301,0.6283132614445301,,,,1.0
27,water_gsolv_eV,207,1.0000001192092896,0.0,0.6283132614445301,0.6283132614445301,,,,1.0
27,water_gsolv_eV,208,1.0000001192092896,0.0,0.6283132614445301,0.6283132614445301,,,,1.0
27,water_gsolv_eV,209,1.0000001192092896,0.0,0.6283132614445301,0.6283132614445301,,,,1.0
27,water_gsolv_eV,210,1.0000001192092896,0.0,0.6283132614445301,0.6283132614445301,,,,1.0
27,water_gsolv_eV,211,1.0000001192092896,0.0,0.6283132614445301,0.6283132614445301,,,,1.0
27,water_gsolv_eV,212,1.0000001192092896,0.0,0.6283132614445301,0.6283132614445301,,,,1.0
27,water_gsolv_eV,213,1.0000001192092896,0.0,0.6283132614445301,0.6283132614445301,,,,1.0
27,water_gsolv_eV,214,1.0000001192092896,0.0,0.6283132614445301,0.6283132614445301,,,,1.0
27,water_gsolv_eV,215,1.0000001192092896,0.0,0.6283132614445301,0.6283132614445301,,,,1.0
27,water_gsolv_eV,216,1.0000001192092896,0.0,0.6283132614445301,0.6283132614445301,,,,1.0
27,water_gsolv_eV,217,1.0000001192092896,0.0,0.6283132614445301,0.6283132614445301,,,,1.0
27,water_gsolv_eV,218,1.0000001192092896,0.0,0.6283132614445301,0.6283132614445301,,,,1.0
27,water_gsolv_eV,219,1.0000001192092896,0.0,0.6283132614445301,0.6283132614445301,,,,1.0
27,water_gsolv_eV,220,1.0000001192092896,0.0,0.6283132614445301,0.6283132614445301,,,,1.0
27,water_gsolv_eV,221,1.0000001192092896,0.0,0.6283132614445301,0.6283132614445301,,,,1.0
27,water_gsolv_eV,222,1.0000001192092896,0.0,0.6283132614445301,0.6283132614445301,,,,1.0
27,water_gsolv_eV,223,1.0000001192092896,0.0,0.6283132614445301,0.6283132614445301,,,,1.0
27,water_gsolv_eV,224,1.0000001192092896,0.0,0.6283132614445301,0.6283132614445301,,,,1.0
27,water_gsolv_eV,225,1.0000001192092896,0.0,0.6283132614445301,0.6283132614445301,,,,1.0
27,water_gsolv_eV,226,1.0000001192092896,0.0,0.6283132614445301,0.6283132614445301,,,,1.0
27,water_gsolv_eV,227,1.0000001192092896,0.0,0.6283132614445301,0.6283132614445301,,,,1.0
27,water_gsolv_eV,228,1.0000001192092896,0.0,0.6283132614445301,0.6283132614445301,,,,1.0
27,water_gsolv_eV,229,1.0000001192092896,0.0,0.6283132614445301,0.6283132614445301,,,,1.0
27,water_gsolv_eV,230,1.0000001192092896,0.0,0.6283132614445301,0.6283132614445301,,,,1.0
27,water_gsolv_eV,231,1.0000001192092896,0.0,0.6283132614445301,0.6283132614445301,,,,1.0
27,water_gsolv_eV,232,1.0000001192092896,0.0,0.6283132614445301,0.6283132614445301,,,,1.0
27,water_gsolv_eV,233,1.0000001192092896,0.0,0.6283132614445301,0.6283132614445301,,,,1.0
27,water_gsolv_eV,234,1.0000001192092896,0.0,0.6283132614445301,0.6283132614445301,,,,1.0
27,water_gsolv_eV,235,1.0000001192092896,0.0,0.6283132614445301,0.6283132614445301,,,,1.0
27,water_gsolv_eV,236,1.0000001192092896,0.0,0.6283132614445301,0.6283132614445301,,,,1.0
27,water_gsolv_eV,237,1.0000001192092896,0.0,0.6283132614445301,0.6283132614445301,,,,1.0
27,water_gsolv_eV,238,1.0000001192092896,0.0,0.6283132614445301,0.6283132614445301,,,,1.0
27,water_gsolv_eV,239,1.0000001192092896,0.0,0.6283132614445301,0.6283132614445301,,,,1.0
27,water_gsolv_eV,240,1.0000001192092896,0.0,0.6283132614445301,0.6283132614445301,,,,1.0
27,water_gsolv_eV,241,1.0000001192092896,0.0,0.6283132614445301,0.6283132614445301,,,,1.0
27,water_gsolv_eV,242,1.0000001192092896,0.0,0.6283132614445301,0.6283132614445301,,,,1.0
27,water_gsolv_eV,243,1.0000001192092896,0.0,0.6283132614445301,0.6283132614445301,,,,1.0
27,water_gsolv_eV,244,1.0000001192092896,0.0,0.6283132614445301,0.6283132614445301,,,,1.0
27,water_gsolv_eV,245,1.0000001192092896,0.0,0.6283132614445301,0.6283132614445301,,,,1.0
27,water_gsolv_eV,246,1.0000001192092896,0.0,0.6283132614445301,0.6283132614445301,,,,1.0
27,water_gsolv_eV,247,1.0000001192092896,0.0,0.6283132614445301,0.6283132614445301,,,,1.0
27,water_gsolv_eV,248,1.0000001192092896,0.0,0.6283132614445301,0.6283132614445301,,,,1.0
27,water_gsolv_eV,249,1.0000001192092896,0.0,0.6283132614445301,0.6283132614445301,,,,1.0
27,water_hl_gap_eV,0,1.0,0.0,0.7081423101061148,0.7081423101061148,,,,1.0
27,water_hl_gap_eV,1,1.0,0.0,0.7081423101061148,0.7081423101061148,,,,1.0
27,water_hl_gap_eV,2,1.0,0.0,0.7081423101061148,0.7081423101061148,,,,1.0
27,water_hl_gap_eV,3,1.0,0.0,0.7081423101061148,0.7081423101061148,,,,1.0
27,water_hl_gap_eV,4,1.0,0.0,0.7081423101061148,0.7081423101061148,,,,1.0
27,water_hl_gap_eV,5,1.0,0.0,0.7081423101061148,0.7081423101061148,,,,1.0
27,water_hl_gap_eV,6,1.0,0.0,0.7081423101061148,0.7081423101061148,,,,1.0
27,water_hl_gap_eV,7,1.0,0.0,0.7081423101061148,0.7081423101061148,,,,1.0
27,water_hl_gap_eV,8,1.0,0.0,0.7081423101061148,0.7081423101061148,,,,1.0
27,water_hl_gap_eV,9,1.0,0.0,0.7081423101061148,0.7081423101061148,,,,1.0
27,water_hl_gap_eV,10,1.0,0.0,0.7081423101061148,0.7081423101061148,,,,1.0
27,water_hl_gap_eV,11,1.0,0.0,0.7081423101061148,0.7081423101061148,,,,1.0
27,water_hl_gap_eV,12,1.0,0.0,0.7081423101061148,0.7081423101061148,,,,1.0
27,water_hl_gap_eV,13,1.0,0.0,0.7081423101061148,0.7081423101061148,,,,1.0
27,water_hl_gap_eV,14,1.0,0.0,0.7081423101061148,0.7081423101061148,,,,1.0
27,water_hl_gap_eV,15,1.0,0.0,0.7081423101061148,0.7081423101061148,,,,1.0
27,water_hl_gap_eV,16,1.0,0.0,0.7081423101061148,0.7081423101061148,,,,1.0
27,water_hl_gap_eV,17,1.0,0.0,0.7081423101061148,0.7081423101061148,,,,1.0
27,water_hl_gap_eV,18,1.0,0.0,0.7081423101061148,0.7081423101061148,,,,1.0
27,water_hl_gap_eV,19,1.0,0.0,0.7081423101061148,0.7081423101061148,,,,1.0
27,water_hl_gap_eV,20,1.0,0.0,0.7081423101061148,0.7081423101061148,,,,1.0
27,water_hl_gap_eV,21,1.0,0.0,0.7081423101061148,0.7081423101061148,,,,1.0
27,water_hl_gap_eV,22,1.0,0.0,0.7081423101061148,0.7081423101061148,,,,1.0
27,water_hl_gap_eV,23,1.0,0.0,0.7081423101061148,0.7081423101061148,,,,1.0
27,water_hl_gap_eV,24,1.0,0.0,0.7081423101061148,0.7081423101061148,,,,1.0
27,water_hl_gap_eV,25,1.0,0.0,0.7081423101061148,0.7081423101061148,,,,1.0
27,water_hl_gap_eV,26,1.0,0.0,0.7081423101061148,0.7081423101061148,,,,1.0
27,water_hl_gap_eV,27,1.0,0.0,0.7081423101061148,0.7081423101061148,,,,1.0
27,water_hl_gap_eV,28,1.0,0.0,0.7081423101061148,0.7081423101061148,,,,1.0
27,water_hl_gap_eV,29,1.0,0.0,0.7081423101061148,0.7081423101061148,,,,1.0
27,water_hl_gap_eV,30,1.0,0.0,0.7081423101061148,0.7081423101061148,,,,1.0
27,water_hl_gap_eV,31,1.0,0.0,0.7081423101061148,0.7081423101061148,,,,1.0
27,water_hl_gap_eV,32,1.0,0.0,0.7081423101061148,0.7081423101061148,,,,1.0
27,water_hl_gap_eV,33,1.0,0.0,0.7081423101061148,0.7081423101061148,,,,1.0
27,water_hl_gap_eV,34,1.0,0.0,0.7081423101061148,0.7081423101061148,,,,1.0
27,water_hl_gap_eV,35,1.0,0.0,0.7081423101061148,0.7081423101061148,,,,1.0
27,water_hl_gap_eV,36,1.0,0.0,0.7081423101061148,0.7081423101061148,,,,1.0
27,water_hl_gap_eV,37,1.0,0.0,0.7081423101061148,0.7081423101061148,,,,1.0
27,water_hl_gap_eV,38,1.0,0.0,0.7081423101061148,0.7081423101061148,,,,1.0
27,water_hl_gap_eV,39,1.0,0.0,0.7081423101061148,0.7081423101061148,,,,1.0
27,water_hl_gap_eV,40,1.0,0.0,0.7081423101061148,0.7081423101061148,,,,1.0
27,water_hl_gap_eV,41,1.0,0.0,0.7081423101061148,0.7081423101061148,,,,1.0
27,water_hl_gap_eV,42,1.0,0.0,0.7081423101061148,0.7081423101061148,,,,1.0
27,water_hl_gap_eV,43,1.0,0.0,0.7081423101061148,0.7081423101061148,,,,1.0
27,water_hl_gap_eV,44,1.0,0.0,0.7081423101061148,0.7081423101061148,,,,1.0
27,water_hl_gap_eV,45,1.0,0.0,0.7081423101061148,0.7081423101061148,,,,1.0
27,water_hl_gap_eV,46,1.0,0.0,0.7081423101061148,0.7081423101061148,,,,1.0
27,water_hl_gap_eV,47,1.0,0.0,0.7081423101061148,0.7081423101061148,,,,1.0
27,water_hl_gap_eV,48,1.0,0.0,0.7081423101061148,0.7081423101061148,,,,1.0
27,water_hl_gap_eV,49,1.0,0.0,0.7081423101061148,0.7081423101061148,,,,1.0
27,water_hl_gap_eV,50,1.0,0.0,0.7081423101061148,0.7081423101061148,,,,1.0
27,water_hl_gap_eV,51,1.0,0.0,0.7081423101061148,0.7081423101061148,,,,1.0
27,water_hl_gap_eV,52,1.0,0.0,0.7081423101061148,0.7081423101061148,,,,1.0
27,water_hl_gap_eV,53,1.0,0.0,0.7081423101061148,0.7081423101061148,,,,1.0
27,water_hl_gap_eV,54,1.0,0.0,0.7081423101061148,0.7081423101061148,,,,1.0
27,water_hl_gap_eV,55,1.0,0.0,0.7081423101061148,0.7081423101061148,,,,1.0
27,water_hl_gap_eV,56,1.0,0.0,0.7081423101061148,0.7081423101061148,,,,1.0
27,water_hl_gap_eV,57,1.0,0.0,0.7081423101061148,0.7081423101061148,,,,1.0
27,water_hl_gap_eV,58,1.0,0.0,0.7081423101061148,0.7081423101061148,,,,1.0
27,water_hl_gap_eV,59,1.0,0.0,0.7081423101061148,0.7081423101061148,,,,1.0
27,water_hl_gap_eV,60,1.0,0.0,0.7081423101061148,0.7081423101061148,,,,1.0
27,water_hl_gap_eV,61,1.0,0.0,0.7081423101061148,0.7081423101061148,,,,1.0
27,water_hl_gap_eV,62,1.0,0.0,0.7081423101061148,0.7081423101061148,,,,1.0
27,water_hl_gap_eV,63,1.0,0.0,0.7081423101061148,0.7081423101061148,,,,1.0
27,water_hl_gap_eV,64,1.0,0.0,0.7081423101061148,0.7081423101061148,,,,1.0
27,water_hl_gap_eV,65,1.0,0.0,0.7081423101061148,0.7081423101061148,,,,1.0
27,water_hl_gap_eV,66,1.0,0.0,0.7081423101061148,0.7081423101061148,,,,1.0
27,water_hl_gap_eV,67,1.0,0.0,0.7081423101061148,0.7081423101061148,,,,1.0
27,water_hl_gap_eV,68,1.0,0.0,0.7081423101061148,0.7081423101061148,,,,1.0
27,water_hl_gap_eV,69,1.0,0.0,0.7081423101061148,0.7081423101061148,,,,1.0
27,water_hl_gap_eV,70,1.0,0.0,0.7081423101061148,0.7081423101061148,,,,1.0
27,water_hl_gap_eV,71,1.0,0.0,0.7081423101061148,0.7081423101061148,,,,1.0
27,water_hl_gap_eV,72,1.0,0.0,0.7081423101061148,0.7081423101061148,,,,1.0
27,water_hl_gap_eV,73,1.0,0.0,0.7081423101061148,0.7081423101061148,,,,1.0
27,water_hl_gap_eV,74,1.0,0.0,0.7081423101061148,0.7081423101061148,,,,1.0
27,water_hl_gap_eV,75,1.0,0.0,0.7081423101061148,0.7081423101061148,,,,1.0
27,water_hl_gap_eV,76,1.0,0.0,0.7081423101061148,0.7081423101061148,,,,1.0
27,water_hl_gap_eV,77,1.0,0.0,0.7081423101061148,0.7081423101061148,,,,1.0
27,water_hl_gap_eV,78,1.0,0.0,0.7081423101061148,0.7081423101061148,,,,1.0
27,water_hl_gap_eV,79,1.0,0.0,0.7081423101061148,0.7081423101061148,,,,1.0
27,water_hl_gap_eV,80,1.0,0.0,0.7081423101061148,0.7081423101061148,,,,1.0
27,water_hl_gap_eV,81,1.0,0.0,0.7081423101061148,0.7081423101061148,,,,1.0
27,water_hl_gap_eV,82,1.0,0.0,0.7081423101061148,0.7081423101061148,,,,1.0
27,water_hl_gap_eV,83,1.0,0.0,0.7081423101061148,0.7081423101061148,,,,1.0
27,water_hl_gap_eV,84,1.0,0.0,0.7081423101061148,0.7081423101061148,,,,1.0
27,water_hl_gap_eV,85,1.0,0.0,0.7081423101061148,0.7081423101061148,,,,1.0
27,water_hl_gap_eV,86,1.0,0.0,0.7081423101061148,0.7081423101061148,,,,1.0
27,water_hl_gap_eV,87,1.0,0.0,0.7081423101061148,0.7081423101061148,,,,1.0
27,water_hl_gap_eV,88,1.0,0.0,0.7081423101061148,0.7081423101061148,,,,1.0
27,water_hl_gap_eV,89,1.0,0.0,0.7081423101061148,0.7081423101061148,,,,1.0
27,water_hl_gap_eV,90,1.0,0.0,0.7081423101061148,0.7081423101061148,,,,1.0
27,water_hl_gap_eV,91,1.0,0.0,0.7081423101061148,0.7081423101061148,,,,1.0
27,water_hl_gap_eV,92,1.0,0.0,0.7081423101061148,0.7081423101061148,,,,1.0
27,water_hl_gap_eV,93,1.0,0.0,0.7081423101061148,0.7081423101061148,,,,1.0
27,water_hl_gap_eV,94,1.0,0.0,0.7081423101061148,0.7081423101061148,,,,1.0
27,water_hl_gap_eV,95,1.0,0.0,0.7081423101061148,0.7081423101061148,,,,1.0
27,water_hl_gap_eV,96,1.0,0.0,0.7081423101061148,0.7081423101061148,,,,1.0
27,water_hl_gap_eV,97,1.0,0.0,0.7081423101061148,0.7081423101061148,,,,1.0
27,water_hl_gap_eV,98,1.0,0.0,0.7081423101061148,0.7081423101061148,,,,1.0
27,water_hl_gap_eV,99,1.0,0.0,0.7081423101061148,0.7081423101061148,,,,1.0
27,water_hl_gap_eV,100,1.0,0.0,0.7081423101061148,0.7081423101061148,,,,1.0
27,water_hl_gap_eV,101,1.0,0.0,0.7081423101061148,0.7081423101061148,,,,1.0
27,water_hl_gap_eV,102,1.0,0.0,0.7081423101061148,0.7081423101061148,,,,1.0
27,water_hl_gap_eV,103,1.0,0.0,0.7081423101061148,0.7081423101061148,,,,1.0
27,water_hl_gap_eV,104,1.0,0.0,0.7081423101061148,0.7081423101061148,,,,1.0
27,water_hl_gap_eV,105,1.0,0.0,0.7081423101061148,0.7081423101061148,,,,1.0
27,water_hl_gap_eV,106,1.0,0.0,0.7081423101061148,0.7081423101061148,,,,1.0
27,water_hl_gap_eV,107,1.0,0.0,0.7081423101061148,0.7081423101061148,,,,1.0
27,water_hl_gap_eV,108,1.0,0.0,0.7081423101061148,0.7081423101061148,,,,1.0
27,water_hl_gap_eV,109,1.0,0.0,0.7081423101061148,0.7081423101061148,,,,1.0
27,water_hl_gap_eV,110,1.0,0.0,0.7081423101061148,0.7081423101061148,,,,1.0
27,water_hl_gap_eV,111,1.0,0.0,0.7081423101061148,0.7081423101061148,,,,1.0
27,water_hl_gap_eV,112,1.0,0.0,0.7081423101061148,0.7081423101061148,,,,1.0
27,water_hl_gap_eV,113,1.0,0.0,0.7081423101061148,0.7081423101061148,,,,1.0
27,water_hl_gap_eV,114,1.0,0.0,0.7081423101061148,0.7081423101061148,,,,1.0
27,water_hl_gap_eV,115,1.0,0.0,0.7081423101061148,0.7081423101061148,,,,1.0
27,water_hl_gap_eV,116,1.0,0.0,0.7081423101061148,0.7081423101061148,,,,1.0
27,water_hl_gap_eV,117,1.0,0.0,0.7081423101061148,0.7081423101061148,,,,1.0
27,water_hl_gap_eV,118,1.0,0.0,0.7081423101061148,0.7081423101061148,,,,1.0
27,water_hl_gap_eV,119,1.0,0.0,0.7081423101061148,0.7081423101061148,,,,1.0
27,water_hl_gap_eV,120,1.0,0.0,0.7081423101061148,0.7081423101061148,,,,1.0
27,water_hl_gap_eV,121,1.0,0.0,0.7081423101061148,0.7081423101061148,,,,1.0
27,water_hl_gap_eV,122,1.0,0.0,0.7081423101061148,0.7081423101061148,,,,1.0
27,water_hl_gap_eV,123,1.0,0.0,0.7081423101061148,0.7081423101061148,,,,1.0
27,water_hl_gap_eV,124,1.0,0.0,0.7081423101061148,0.7081423101061148,,,,1.0
27,water_hl_gap_eV,125,1.0,0.0,0.7081423101061148,0.7081423101061148,,,,1.0
27,water_hl_gap_eV,126,1.0,0.0,0.7081423101061148,0.7081423101061148,,,,1.0
27,water_hl_gap_eV,127,1.0,0.0,0.7081423101061148,0.7081423101061148,,,,1.0
27,water_hl_gap_eV,128,1.0,0.0,0.7081423101061148,0.7081423101061148,,,,1.0
27,water_hl_gap_eV,129,1.0,0.0,0.7081423101061148,0.7081423101061148,,,,1.0
27,water_hl_gap_eV,130,1.0,0.0,0.7081423101061148,0.7081423101061148,,,,1.0
27,water_hl_gap_eV,131,1.0,0.0,0.7081423101061148,0.7081423101061148,,,,1.0
27,water_hl_gap_eV,132,1.0,0.0,0.7081423101061148,0.7081423101061148,,,,1.0
27,water_hl_gap_eV,133,1.0,0.0,0.7081423101061148,0.7081423101061148,,,,1.0
27,water_hl_gap_eV,134,1.0,0.0,0.7081423101061148,0.7081423101061148,,,,1.0
27,water_hl_gap_eV,135,1.0,0.0,0.7081423101061148,0.7081423101061148,,,,1.0
27,water_hl_gap_eV,136,1.0,0.0,0.7081423101061148,0.7081423101061148,,,,1.0
27,water_hl_gap_eV,137,1.0,0.0,0.7081423101061148,0.7081423101061148,,,,1.0
27,water_hl_gap_eV,138,1.0,0.0,0.7081423101061148,0.7081423101061148,,,,1.0
27,water_hl_gap_eV,139,1.0,0.0,0.7081423101061148,0.7081423101061148,,,,1.0
27,water_hl_gap_eV,140,1.0,0.0,0.7081423101061148,0.7081423101061148,,,,1.0
27,water_hl_gap_eV,141,1.0,0.0,0.7081423101061148,0.7081423101061148,,,,1.0
27,water_hl_gap_eV,142,1.0,0.0,0.7081423101061148,0.7081423101061148,,,,1.0
27,water_hl_gap_eV,143,1.0,0.0,0.7081423101061148,0.7081423101061148,,,,1.0
27,water_hl_gap_eV,144,1.0,0.0,0.7081423101061148,0.7081423101061148,,,,1.0
27,water_hl_gap_eV,145,1.0,0.0,0.7081423101061148,0.7081423101061148,,,,1.0
27,water_hl_gap_eV,146,1.0,0.0,0.7081423101061148,0.7081423101061148,,,,1.0
27,water_hl_gap_eV,147,1.0,0.0,0.7081423101061148,0.7081423101061148,,,,1.0
27,water_hl_gap_eV,148,1.0,0.0,0.7081423101061148,0.7081423101061148,,,,1.0
27,water_hl_gap_eV,149,1.0,0.0,0.7081423101061148,0.7081423101061148,,,,1.0
27,water_hl_gap_eV,150,1.0,0.0,0.7081423101061148,0.7081423101061148,,,,1.0
27,water_hl_gap_eV,151,1.0,0.0,0.7081423101061148,0.7081423101061148,,,,1.0
27,water_hl_gap_eV,152,1.0,0.0,0.7081423101061148,0.7081423101061148,,,,1.0
27,water_hl_gap_eV,153,1.0,0.0,0.7081423101061148,0.7081423101061148,,,,1.0
27,water_hl_gap_eV,154,1.0,0.0,0.7081423101061148,0.7081423101061148,,,,1.0
27,water_hl_gap_eV,155,1.0,0.0,0.7081423101061148,0.7081423101061148,,,,1.0
27,water_hl_gap_eV,156,1.0,0.0,0.7081423101061148,0.7081423101061148,,,,1.0
27,water_hl_gap_eV,157,1.0,0.0,0.7081423101061148,0.7081423101061148,,,,1.0
27,water_hl_gap_eV,158,1.0,0.0,0.7081423101061148,0.7081423101061148,,,,1.0
27,water_hl_gap_eV,159,1.0,0.0,0.7081423101061148,0.7081423101061148,,,,1.0
27,water_hl_gap_eV,160,1.0,0.0,0.7081423101061148,0.7081423101061148,,,,1.0
27,water_hl_gap_eV,161,1.0,0.0,0.7081423101061148,0.7081423101061148,,,,1.0
27,water_hl_gap_eV,162,1.0,0.0,0.7081423101061148,0.7081423101061148,,,,1.0
27,water_hl_gap_eV,163,1.0,0.0,0.7081423101061148,0.7081423101061148,,,,1.0
27,water_hl_gap_eV,164,1.0,0.0,0.7081423101061148,0.7081423101061148,,,,1.0
27,water_hl_gap_eV,165,1.0,0.0,0.7081423101061148,0.7081423101061148,,,,1.0
27,water_hl_gap_eV,166,1.0,0.0,0.7081423101061148,0.7081423101061148,,,,1.0
27,water_hl_gap_eV,167,1.0,0.0,0.7081423101061148,0.7081423101061148,,,,1.0
27,water_hl_gap_eV,168,1.0,0.0,0.7081423101061148,0.7081423101061148,,,,1.0
27,water_hl_gap_eV,169,1.0,0.0,0.7081423101061148,0.7081423101061148,,,,1.0
27,water_hl_gap_eV,170,1.0,0.0,0.7081423101061148,0.7081423101061148,,,,1.0
27,water_hl_gap_eV,171,1.0,0.0,0.7081423101061148,0.7081423101061148,,,,1.0
27,water_hl_gap_eV,172,1.0,0.0,0.7081423101061148,0.7081423101061148,,,,1.0
27,water_hl_gap_eV,173,1.0,0.0,0.7081423101061148,0.7081423101061148,,,,1.0
27,water_hl_gap_eV,174,1.0,0.0,0.7081423101061148,0.7081423101061148,,,,1.0
27,water_hl_gap_eV,175,1.0,0.0,0.7081423101061148,0.7081423101061148,,,,1.0
27,water_hl_gap_eV,176,1.0,0.0,0.7081423101061148,0.7081423101061148,,,,1.0
27,water_hl_gap_eV,177,1.0,0.0,0.7081423101061148,0.7081423101061148,,,,1.0
27,water_hl_gap_eV,178,1.0,0.0,0.7081423101061148,0.7081423101061148,,,,1.0
27,water_hl_gap_eV,179,1.0,0.0,0.7081423101061148,0.7081423101061148,,,,1.0
27,water_hl_gap_eV,180,1.0,0.0,0.7081423101061148,0.7081423101061148,,,,1.0
27,water_hl_gap_eV,181,1.0,0.0,0.7081423101061148,0.7081423101061148,,,,1.0
27,water_hl_gap_eV,182,1.0,0.0,0.7081423101061148,0.7081423101061148,,,,1.0
27,water_hl_gap_eV,183,1.0,0.0,0.7081423101061148,0.7081423101061148,,,,1.0
27,water_hl_gap_eV,184,1.0,0.0,0.7081423101061148,0.7081423101061148,,,,1.0
27,water_hl_gap_eV,185,1.0,0.0,0.7081423101061148,0.7081423101061148,,,,1.0
27,water_hl_gap_eV,186,1.0,0.0,0.7081423101061148,0.7081423101061148,,,,1.0
27,water_hl_gap_eV,187,1.0,0.0,0.7081423101061148,0.7081423101061148,,,,1.0
27,water_hl_gap_eV,188,1.0,0.0,0.7081423101061148,0.7081423101061148,,,,1.0
27,water_hl_gap_eV,189,1.0,0.0,0.7081423101061148,0.7081423101061148,,,,1.0
27,water_hl_gap_eV,190,1.0,0.0,0.7081423101061148,0.7081423101061148,,,,1.0
27,water_hl_gap_eV,191,1.0,0.0,0.7081423101061148,0.7081423101061148,,,,1.0
27,water_hl_gap_eV,192,1.0,0.0,0.7081423101061148,0.7081423101061148,,,,1.0
27,water_hl_gap_eV,193,1.0,0.0,0.7081423101061148,0.7081423101061148,,,,1.0
27,water_hl_gap_eV,194,1.0,0.0,0.7081423101061148,0.7081423101061148,,,,1.0
27,water_hl_gap_eV,195,1.0,0.0,0.7081423101061148,0.7081423101061148,,,,1.0
27,water_hl_gap_eV,196,1.0,0.0,0.7081423101061148,0.7081423101061148,,,,1.0
27,water_hl_gap_eV,197,1.0,0.0,0.7081423101061148,0.7081423101061148,,,,1.0
27,water_hl_gap_eV,198,1.0,0.0,0.7081423101061148,0.7081423101061148,,,,1.0
27,water_hl_gap_eV,199,1.0,0.0,0.7081423101061148,0.7081423101061148,,,,1.0
27,water_hl_gap_eV,200,1.0,0.0,0.7081423101061148,0.7081423101061148,,,,1.0
27,water_hl_gap_eV,201,1.0,0.0,0.7081423101061148,0.7081423101061148,,,,1.0
27,water_hl_gap_eV,202,1.0,0.0,0.7081423101061148,0.7081423101061148,,,,1.0
27,water_hl_gap_eV,203,1.0,0.0,0.7081423101061148,0.7081423101061148,,,,1.0
27,water_hl_gap_eV,204,1.0,0.0,0.7081423101061148,0.7081423101061148,,,,1.0
27,water_hl_gap_eV,205,1.0,0.0,0.7081423101061148,0.7081423101061148,,,,1.0
27,water_hl_gap_eV,206,1.0,0.0,0.7081423101061148,0.7081423101061148,,,,1.0
27,water_hl_gap_eV,207,1.0,0.0,0.7081423101061148,0.7081423101061148,,,,1.0
27,water_hl_gap_eV,208,1.0,0.0,0.7081423101061148,0.7081423101061148,,,,1.0
27,water_hl_gap_eV,209,1.0,0.0,0.7081423101061148,0.7081423101061148,,,,1.0
27,water_hl_gap_eV,210,1.0,0.0,0.7081423101061148,0.7081423101061148,,,,1.0
27,water_hl_gap_eV,211,1.0,0.0,0.7081423101061148,0.7081423101061148,,,,1.0
27,water_hl_gap_eV,212,1.0,0.0,0.7081423101061148,0.7081423101061148,,,,1.0
27,water_hl_gap_eV,213,1.0,0.0,0.7081423101061148,0.7081423101061148,,,,1.0
27,water_hl_gap_eV,214,1.0,0.0,0.7081423101061148,0.7081423101061148,,,,1.0
27,water_hl_gap_eV,215,1.0,0.0,0.7081423101061148,0.7081423101061148,,,,1.0
27,water_hl_gap_eV,216,1.0,0.0,0.7081423101061148,0.7081423101061148,,,,1.0
27,water_hl_gap_eV,217,1.0,0.0,0.7081423101061148,0.7081423101061148,,,,1.0
27,water_hl_gap_eV,218,1.0,0.0,0.7081423101061148,0.7081423101061148,,,,1.0
27,water_hl_gap_eV,219,1.0,0.0,0.7081423101061148,0.7081423101061148,,,,1.0
27,water_hl_gap_eV,220,1.0,0.0,0.7081423101061148,0.7081423101061148,,,,1.0
27,water_hl_gap_eV,221,1.0,0.0,0.7081423101061148,0.7081423101061148,,,,1.0
27,water_hl_gap_eV,222,1.0,0.0,0.7081423101061148,0.7081423101061148,,,,1.0
27,water_hl_gap_eV,223,1.0,0.0,0.7081423101061148,0.7081423101061148,,,,1.0
27,water_hl_gap_eV,224,1.0,0.0,0.7081423101061148,0.7081423101061148,,,,1.0
27,water_hl_gap_eV,225,1.0,0.0,0.7081423101061148,0.7081423101061148,,,,1.0
27,water_hl_gap_eV,226,1.0,0.0,0.7081423101061148,0.7081423101061148,,,,1.0
27,water_hl_gap_eV,227,1.0,0.0,0.7081423101061148,0.7081423101061148,,,,1.0
27,water_hl_gap_eV,228,1.0,0.0,0.7081423101061148,0.7081423101061148,,,,1.0
27,water_hl_gap_eV,229,1.0,0.0,0.7081423101061148,0.7081423101061148,,,,1.0
27,water_hl_gap_eV,230,1.0,0.0,0.7081423101061148,0.7081423101061148,,,,1.0
27,water_hl_gap_eV,231,1.0,0.0,0.7081423101061148,0.7081423101061148,,,,1.0
27,water_hl_gap_eV,232,1.0,0.0,0.7081423101061148,0.7081423101061148,,,,1.0
27,water_hl_gap_eV,233,1.0,0.0,0.7081423101061148,0.7081423101061148,,,,1.0
27,water_hl_gap_eV,234,1.0,0.0,0.7081423101061148,0.7081423101061148,,,,1.0
27,water_hl_gap_eV,235,1.0,0.0,0.7081423101061148,0.7081423101061148,,,,1.0
27,water_hl_gap_eV,236,1.0,0.0,0.7081423101061148,0.7081423101061148,,,,1.0
27,water_hl_gap_eV,237,1.0,0.0,0.7081423101061148,0.7081423101061148,,,,1.0
27,water_hl_gap_eV,238,1.0,0.0,0.7081423101061148,0.7081423101061148,,,,1.0
27,water_hl_gap_eV,239,1.0,0.0,0.7081423101061148,0.7081423101061148,,,,1.0
27,water_hl_gap_eV,240,1.0,0.0,0.7081423101061148,0.7081423101061148,,,,1.0
27,water_hl_gap_eV,241,1.0,0.0,0.7081423101061148,0.7081423101061148,,,,1.0
27,water_hl_gap_eV,242,1.0,0.0,0.7081423101061148,0.7081423101061148,,,,1.0
27,water_hl_gap_eV,243,1.0,0.0,0.7081423101061148,0.7081423101061148,,,,1.0
27,water_hl_gap_eV,244,1.0,0.0,0.7081423101061148,0.7081423101061148,,,,1.0
27,water_hl_gap_eV,245,1.0,0.0,0.7081423101061148,0.7081423101061148,,,,1.0
27,water_hl_gap_eV,246,1.0,0.0,0.7081423101061148,0.7081423101061148,,,,1.0
27,water_hl_gap_eV,247,1.0,0.0,0.7081423101061148,0.7081423101061148,,,,1.0
27,water_hl_gap_eV,248,1.0,0.0,0.7081423101061148,0.7081423101061148,,,,1.0
27,water_hl_gap_eV,249,1.0,0.0,0.7081423101061148,0.7081423101061148,,,,1.0
27,water_dipole,0,1.0,0.0,0.6052924501262933,0.6052924501262933,,,,1.0
27,water_dipole,1,1.0,0.0,0.6052924501262933,0.6052924501262933,,,,1.0
27,water_dipole,2,1.0,0.0,0.6052924501262933,0.6052924501262933,,,,1.0
27,water_dipole,3,1.0,0.0,0.6052924501262933,0.6052924501262933,,,,1.0
27,water_dipole,4,1.0,0.0,0.6052924501262933,0.6052924501262933,,,,1.0
27,water_dipole,5,1.0,0.0,0.6052924501262933,0.6052924501262933,,,,1.0
27,water_dipole,6,1.0,0.0,0.6052924501262933,0.6052924501262933,,,,1.0
27,water_dipole,7,1.0,0.0,0.6052924501262933,0.6052924501262933,,,,1.0
27,water_dipole,8,1.0,0.0,0.6052924501262933,0.6052924501262933,,,,1.0
27,water_dipole,9,1.0,0.0,0.6052924501262933,0.6052924501262933,,,,1.0
27,water_dipole,10,1.0,0.0,0.6052924501262933,0.6052924501262933,,,,1.0
27,water_dipole,11,1.0,0.0,0.6052924501262933,0.6052924501262933,,,,1.0
27,water_dipole,12,1.0,0.0,0.6052924501262933,0.6052924501262933,,,,1.0
27,water_dipole,13,1.0,0.0,0.6052924501262933,0.6052924501262933,,,,1.0
27,water_dipole,14,1.0,0.0,0.6052924501262933,0.6052924501262933,,,,1.0
27,water_dipole,15,1.0,0.0,0.6052924501262933,0.6052924501262933,,,,1.0
27,water_dipole,16,1.0,0.0,0.6052924501262933,0.6052924501262933,,,,1.0
27,water_dipole,17,1.0,0.0,0.6052924501262933,0.6052924501262933,,,,1.0
27,water_dipole,18,1.0,0.0,0.6052924501262933,0.6052924501262933,,,,1.0
27,water_dipole,19,1.0,0.0,0.6052924501262933,0.6052924501262933,,,,1.0
27,water_dipole,20,1.0,0.0,0.6052924501262933,0.6052924501262933,,,,1.0
27,water_dipole,21,1.0,0.0,0.6052924501262933,0.6052924501262933,,,,1.0
27,water_dipole,22,1.0,0.0,0.6052924501262933,0.6052924501262933,,,,1.0
27,water_dipole,23,1.0,0.0,0.6052924501262933,0.6052924501262933,,,,1.0
27,water_dipole,24,1.0,0.0,0.6052924501262933,0.6052924501262933,,,,1.0
27,water_dipole,25,1.0,0.0,0.6052924501262933,0.6052924501262933,,,,1.0
27,water_dipole,26,1.0,0.0,0.6052924501262933,0.6052924501262933,,,,1.0
27,water_dipole,27,1.0,0.0,0.6052924501262933,0.6052924501262933,,,,1.0
27,water_dipole,28,1.0,0.0,0.6052924501262933,0.6052924501262933,,,,1.0
27,water_dipole,29,1.0,0.0,0.6052924501262933,0.6052924501262933,,,,1.0
27,water_dipole,30,1.0,0.0,0.6052924501262933,0.6052924501262933,,,,1.0
27,water_dipole,31,1.0,0.0,0.6052924501262933,0.6052924501262933,,,,1.0
27,water_dipole,32,1.0,0.0,0.6052924501262933,0.6052924501262933,,,,1.0
27,water_dipole,33,1.0,0.0,0.6052924501262933,0.6052924501262933,,,,1.0
27,water_dipole,34,1.0,0.0,0.6052924501262933,0.6052924501262933,,,,1.0
27,water_dipole,35,1.0,0.0,0.6052924501262933,0.6052924501262933,,,,1.0
27,water_dipole,36,1.0,0.0,0.6052924501262933,0.6052924501262933,,,,1.0
27,water_dipole,37,1.0,0.0,0.6052924501262933,0.6052924501262933,,,,1.0
27,water_dipole,38,1.0,0.0,0.6052924501262933,0.6052924501262933,,,,1.0
27,water_dipole,39,1.0,0.0,0.6052924501262933,0.6052924501262933,,,,1.0
27,water_dipole,40,1.0,0.0,0.6052924501262933,0.6052924501262933,,,,1.0
27,water_dipole,41,1.0,0.0,0.6052924501262933,0.6052924501262933,,,,1.0
27,water_dipole,42,1.0,0.0,0.6052924501262933,0.6052924501262933,,,,1.0
27,water_dipole,43,1.0,0.0,0.6052924501262933,0.6052924501262933,,,,1.0
27,water_dipole,44,1.0,0.0,0.6052924501262933,0.6052924501262933,,,,1.0
27,water_dipole,45,1.0,0.0,0.6052924501262933,0.6052924501262933,,,,1.0
27,water_dipole,46,1.0,0.0,0.6052924501262933,0.6052924501262933,,,,1.0
27,water_dipole,47,1.0,0.0,0.6052924501262933,0.6052924501262933,,,,1.0
27,water_dipole,48,1.0,0.0,0.6052924501262933,0.6052924501262933,,,,1.0
27,water_dipole,49,1.0,0.0,0.6052924501262933,0.6052924501262933,,,,1.0
27,water_dipole,50,1.0,0.0,0.6052924501262933,0.6052924501262933,,,,1.0
27,water_dipole,51,1.0,0.0,0.6052924501262933,0.6052924501262933,,,,1.0
27,water_dipole,52,1.0,0.0,0.6052924501262933,0.6052924501262933,,,,1.0
27,water_dipole,53,1.0,0.0,0.6052924501262933,0.6052924501262933,,,,1.0
27,water_dipole,54,1.0,0.0,0.6052924501262933,0.6052924501262933,,,,1.0
27,water_dipole,55,1.0,0.0,0.6052924501262933,0.6052924501262933,,,,1.0
27,water_dipole,56,1.0,0.0,0.6052924501262933,0.6052924501262933,,,,1.0
27,water_dipole,57,1.0,0.0,0.6052924501262933,0.6052924501262933,,,,1.0
27,water_dipole,58,1.0,0.0,0.6052924501262933,0.6052924501262933,,,,1.0
27,water_dipole,59,1.0,0.0,0.6052924501262933,0.6052924501262933,,,,1.0
27,water_dipole,60,1.0,0.0,0.6052924501262933,0.6052924501262933,,,,1.0
27,water_dipole,61,1.0,0.0,0.6052924501262933,0.6052924501262933,,,,1.0
27,water_dipole,62,1.0,0.0,0.6052924501262933,0.6052924501262933,,,,1.0
27,water_dipole,63,1.0,0.0,0.6052924501262933,0.6052924501262933,,,,1.0
27,water_dipole,64,1.0,0.0,0.6052924501262933,0.6052924501262933,,,,1.0
27,water_dipole,65,1.0,0.0,0.6052924501262933,0.6052924501262933,,,,1.0
27,water_dipole,66,1.0,0.0,0.6052924501262933,0.6052924501262933,,,,1.0
27,water_dipole,67,1.0,0.0,0.6052924501262933,0.6052924501262933,,,,1.0
27,water_dipole,68,1.0,0.0,0.6052924501262933,0.6052924501262933,,,,1.0
27,water_dipole,69,1.0,0.0,0.6052924501262933,0.6052924501262933,,,,1.0
27,water_dipole,70,1.0,0.0,0.6052924501262933,0.6052924501262933,,,,1.0
27,water_dipole,71,1.0,0.0,0.6052924501262933,0.6052924501262933,,,,1.0
27,water_dipole,72,1.0,0.0,0.6052924501262933,0.6052924501262933,,,,1.0
27,water_dipole,73,1.0,0.0,0.6052924501262933,0.6052924501262933,,,,1.0
27,water_dipole,74,1.0,0.0,0.6052924501262933,0.6052924501262933,,,,1.0
27,water_dipole,75,1.0,0.0,0.6052924501262933,0.6052924501262933,,,,1.0
27,water_dipole,76,1.0,0.0,0.6052924501262933,0.6052924501262933,,,,1.0
27,water_dipole,77,1.0,0.0,0.6052924501262933,0.6052924501262933,,,,1.0
27,water_dipole,78,1.0,0.0,0.6052924501262933,0.6052924501262933,,,,1.0
27,water_dipole,79,1.0,0.0,0.6052924501262933,0.6052924501262933,,,,1.0
27,water_dipole,80,1.0,0.0,0.6052924501262933,0.6052924501262933,,,,1.0
27,water_dipole,81,1.0,0.0,0.6052924501262933,0.6052924501262933,,,,1.0
27,water_dipole,82,1.0,0.0,0.6052924501262933,0.6052924501262933,,,,1.0
27,water_dipole,83,1.0,0.0,0.6052924501262933,0.6052924501262933,,,,1.0
27,water_dipole,84,1.0,0.0,0.6052924501262933,0.6052924501262933,,,,1.0
27,water_dipole,85,1.0,0.0,0.6052924501262933,0.6052924501262933,,,,1.0
27,water_dipole,86,1.0,0.0,0.6052924501262933,0.6052924501262933,,,,1.0
27,water_dipole,87,1.0,0.0,0.6052924501262933,0.6052924501262933,,,,1.0
27,water_dipole,88,1.0,0.0,0.6052924501262933,0.6052924501262933,,,,1.0
27,water_dipole,89,1.0,0.0,0.6052924501262933,0.6052924501262933,,,,1.0
27,water_dipole,90,1.0,0.0,0.6052924501262933,0.6052924501262933,,,,1.0
27,water_dipole,91,1.0,0.0,0.6052924501262933,0.6052924501262933,,,,1.0
27,water_dipole,92,1.0,0.0,0.6052924501262933,0.6052924501262933,,,,1.0
27,water_dipole,93,1.0,0.0,0.6052924501262933,0.6052924501262933,,,,1.0
27,water_dipole,94,1.0,0.0,0.6052924501262933,0.6052924501262933,,,,1.0
27,water_dipole,95,1.0,0.0,0.6052924501262933,0.6052924501262933,,,,1.0
27,water_dipole,96,1.0,0.0,0.6052924501262933,0.6052924501262933,,,,1.0
27,water_dipole,97,1.0,0.0,0.6052924501262933,0.6052924501262933,,,,1.0
27,water_dipole,98,1.0,0.0,0.6052924501262933,0.6052924501262933,,,,1.0
27,water_dipole,99,1.0,0.0,0.6052924501262933,0.6052924501262933,,,,1.0
27,water_dipole,100,1.0,0.0,0.6052924501262933,0.6052924501262933,,,,1.0
27,water_dipole,101,1.0,0.0,0.6052924501262933,0.6052924501262933,,,,1.0
27,water_dipole,102,1.0,0.0,0.6052924501262933,0.6052924501262933,,,,1.0
27,water_dipole,103,1.0,0.0,0.6052924501262933,0.6052924501262933,,,,1.0
27,water_dipole,104,1.0,0.0,0.6052924501262933,0.6052924501262933,,,,1.0
27,water_dipole,105,1.0,0.0,0.6052924501262933,0.6052924501262933,,,,1.0
27,water_dipole,106,1.0,0.0,0.6052924501262933,0.6052924501262933,,,,1.0
27,water_dipole,107,1.0,0.0,0.6052924501262933,0.6052924501262933,,,,1.0
27,water_dipole,108,1.0,0.0,0.6052924501262933,0.6052924501262933,,,,1.0
27,water_dipole,109,1.0,0.0,0.6052924501262933,0.6052924501262933,,,,1.0
27,water_dipole,110,1.0,0.0,0.6052924501262933,0.6052924501262933,,,,1.0
27,water_dipole,111,1.0,0.0,0.6052924501262933,0.6052924501262933,,,,1.0
27,water_dipole,112,1.0,0.0,0.6052924501262933,0.6052924501262933,,,,1.0
27,water_dipole,113,1.0,0.0,0.6052924501262933,0.6052924501262933,,,,1.0
27,water_dipole,114,1.0,0.0,0.6052924501262933,0.6052924501262933,,,,1.0
27,water_dipole,115,1.0,0.0,0.6052924501262933,0.6052924501262933,,,,1.0
27,water_dipole,116,1.0,0.0,0.6052924501262933,0.6052924501262933,,,,1.0
27,water_dipole,117,1.0,0.0,0.6052924501262933,0.6052924501262933,,,,1.0
27,water_dipole,118,1.0,0.0,0.6052924501262933,0.6052924501262933,,,,1.0
27,water_dipole,119,1.0,0.0,0.6052924501262933,0.6052924501262933,,,,1.0
27,water_dipole,120,1.0,0.0,0.6052924501262933,0.6052924501262933,,,,1.0
27,water_dipole,121,1.0,0.0,0.6052924501262933,0.6052924501262933,,,,1.0
27,water_dipole,122,1.0,0.0,0.6052924501262933,0.6052924501262933,,,,1.0
27,water_dipole,123,1.0,0.0,0.6052924501262933,0.6052924501262933,,,,1.0
27,water_dipole,124,1.0,0.0,0.6052924501262933,0.6052924501262933,,,,1.0
27,water_dipole,125,1.0,0.0,0.6052924501262933,0.6052924501262933,,,,1.0
27,water_dipole,126,1.0,0.0,0.6052924501262933,0.6052924501262933,,,,1.0
27,water_dipole,127,1.0,0.0,0.6052924501262933,0.6052924501262933,,,,1.0
27,water_dipole,128,1.0,0.0,0.6052924501262933,0.6052924501262933,,,,1.0
27,water_dipole,129,1.0,0.0,0.6052924501262933,0.6052924501262933,,,,1.0
27,water_dipole,130,1.0,0.0,0.6052924501262933,0.6052924501262933,,,,1.0
27,water_dipole,131,1.0,0.0,0.6052924501262933,0.6052924501262933,,,,1.0
27,water_dipole,132,1.0,0.0,0.6052924501262933,0.6052924501262933,,,,1.0
27,water_dipole,133,1.0,0.0,0.6052924501262933,0.6052924501262933,,,,1.0
27,water_dipole,134,1.0,0.0,0.6052924501262933,0.6052924501262933,,,,1.0
27,water_dipole,135,1.0,0.0,0.6052924501262933,0.6052924501262933,,,,1.0
27,water_dipole,136,1.0,0.0,0.6052924501262933,0.6052924501262933,,,,1.0
27,water_dipole,137,1.0,0.0,0.6052924501262933,0.6052924501262933,,,,1.0
27,water_dipole,138,1.0,0.0,0.6052924501262933,0.6052924501262933,,,,1.0
27,water_dipole,139,1.0,0.0,0.6052924501262933,0.6052924501262933,,,,1.0
27,water_dipole,140,1.0,0.0,0.6052924501262933,0.6052924501262933,,,,1.0
27,water_dipole,141,1.0,0.0,0.6052924501262933,0.6052924501262933,,,,1.0
27,water_dipole,142,1.0,0.0,0.6052924501262933,0.6052924501262933,,,,1.0
27,water_dipole,143,1.0,0.0,0.6052924501262933,0.6052924501262933,,,,1.0
27,water_dipole,144,1.0,0.0,0.6052924501262933,0.6052924501262933,,,,1.0
27,water_dipole,145,1.0,0.0,0.6052924501262933,0.6052924501262933,,,,1.0
27,water_dipole,146,1.0,0.0,0.6052924501262933,0.6052924501262933,,,,1.0
27,water_dipole,147,1.0,0.0,0.6052924501262933,0.6052924501262933,,,,1.0
27,water_dipole,148,1.0,0.0,0.6052924501262933,0.6052924501262933,,,,1.0
27,water_dipole,149,1.0,0.0,0.6052924501262933,0.6052924501262933,,,,1.0
27,water_dipole,150,1.0,0.0,0.6052924501262933,0.6052924501262933,,,,1.0
27,water_dipole,151,1.0,0.0,0.6052924501262933,0.6052924501262933,,,,1.0
27,water_dipole,152,1.0,0.0,0.6052924501262933,0.6052924501262933,,,,1.0
27,water_dipole,153,1.0,0.0,0.6052924501262933,0.6052924501262933,,,,1.0
27,water_dipole,154,1.0,0.0,0.6052924501262933,0.6052924501262933,,,,1.0
27,water_dipole,155,1.0,0.0,0.6052924501262933,0.6052924501262933,,,,1.0
27,water_dipole,156,1.0,0.0,0.6052924501262933,0.6052924501262933,,,,1.0
27,water_dipole,157,1.0,0.0,0.6052924501262933,0.6052924501262933,,,,1.0
27,water_dipole,158,1.0,0.0,0.6052924501262933,0.6052924501262933,,,,1.0
27,water_dipole,159,1.0,0.0,0.6052924501262933,0.6052924501262933,,,,1.0
27,water_dipole,160,1.0,0.0,0.6052924501262933,0.6052924501262933,,,,1.0
27,water_dipole,161,1.0,0.0,0.6052924501262933,0.6052924501262933,,,,1.0
27,water_dipole,162,1.0,0.0,0.6052924501262933,0.6052924501262933,,,,1.0
27,water_dipole,163,1.0,0.0,0.6052924501262933,0.6052924501262933,,,,1.0
27,water_dipole,164,1.0,0.0,0.6052924501262933,0.6052924501262933,,,,1.0
27,water_dipole,165,1.0,0.0,0.6052924501262933,0.6052924501262933,,,,1.0
27,water_dipole,166,1.0,0.0,0.6052924501262933,0.6052924501262933,,,,1.0
27,water_dipole,167,1.0,0.0,0.6052924501262933,0.6052924501262933,,,,1.0
27,water_dipole,168,1.0,0.0,0.6052924501262933,0.6052924501262933,,,,1.0
27,water_dipole,169,1.0,0.0,0.6052924501262933,0.6052924501262933,,,,1.0
27,water_dipole,170,1.0,0.0,0.6052924501262933,0.6052924501262933,,,,1.0
27,water_dipole,171,1.0,0.0,0.6052924501262933,0.6052924501262933,,,,1.0
27,water_dipole,172,1.0,0.0,0.6052924501262933,0.6052924501262933,,,,1.0
27,water_dipole,173,1.0,0.0,0.6052924501262933,0.6052924501262933,,,,1.0
27,water_dipole,174,1.0,0.0,0.6052924501262933,0.6052924501262933,,,,1.0
27,water_dipole,175,1.0,0.0,0.6052924501262933,0.6052924501262933,,,,1.0
27,water_dipole,176,1.0,0.0,0.6052924501262933,0.6052924501262933,,,,1.0
27,water_dipole,177,1.0,0.0,0.6052924501262933,0.6052924501262933,,,,1.0
27,water_dipole,178,1.0,0.0,0.6052924501262933,0.6052924501262933,,,,1.0
27,water_dipole,179,1.0,0.0,0.6052924501262933,0.6052924501262933,,,,1.0
27,water_dipole,180,1.0,0.0,0.6052924501262933,0.6052924501262933,,,,1.0
27,water_dipole,181,1.0,0.0,0.6052924501262933,0.6052924501262933,,,,1.0
27,water_dipole,182,1.0,0.0,0.6052924501262933,0.6052924501262933,,,,1.0
27,water_dipole,183,1.0,0.0,0.6052924501262933,0.6052924501262933,,,,1.0
27,water_dipole,184,1.0,0.0,0.6052924501262933,0.6052924501262933,,,,1.0
27,water_dipole,185,1.0,0.0,0.6052924501262933,0.6052924501262933,,,,1.0
27,water_dipole,186,1.0,0.0,0.6052924501262933,0.6052924501262933,,,,1.0
27,water_dipole,187,1.0,0.0,0.6052924501262933,0.6052924501262933,,,,1.0
27,water_dipole,188,1.0,0.0,0.6052924501262933,0.6052924501262933,,,,1.0
27,water_dipole,189,1.0,0.0,0.6052924501262933,0.6052924501262933,,,,1.0
27,water_dipole,190,1.0,0.0,0.6052924501262933,0.6052924501262933,,,,1.0
27,water_dipole,191,1.0,0.0,0.6052924501262933,0.6052924501262933,,,,1.0
27,water_dipole,192,1.0,0.0,0.6052924501262933,0.6052924501262933,,,,1.0
27,water_dipole,193,1.0,0.0,0.6052924501262933,0.6052924501262933,,,,1.0
27,water_dipole,194,1.0,0.0,0.6052924501262933,0.6052924501262933,,,,1.0
27,water_dipole,195,1.0,0.0,0.6052924501262933,0.6052924501262933,,,,1.0
27,water_dipole,196,1.0,0.0,0.6052924501262933,0.6052924501262933,,,,1.0
27,water_dipole,197,1.0,0.0,0.6052924501262933,0.6052924501262933,,,,1.0
27,water_dipole,198,1.0,0.0,0.6052924501262933,0.6052924501262933,,,,1.0
27,water_dipole,199,1.0,0.0,0.6052924501262933,0.6052924501262933,,,,1.0
27,water_dipole,200,1.0,0.0,0.6052924501262933,0.6052924501262933,,,,1.0
27,water_dipole,201,1.0,0.0,0.6052924501262933,0.6052924501262933,,,,1.0
27,water_dipole,202,1.0,0.0,0.6052924501262933,0.6052924501262933,,,,1.0
27,water_dipole,203,1.0,0.0,0.6052924501262933,0.6052924501262933,,,,1.0
27,water_dipole,204,1.0,0.0,0.6052924501262933,0.6052924501262933,,,,1.0
27,water_dipole,205,1.0,0.0,0.6052924501262933,0.6052924501262933,,,,1.0
27,water_dipole,206,1.0,0.0,0.6052924501262933,0.6052924501262933,,,,1.0
27,water_dipole,207,1.0,0.0,0.6052924501262933,0.6052924501262933,,,,1.0
27,water_dipole,208,1.0,0.0,0.6052924501262933,0.6052924501262933,,,,1.0
27,water_dipole,209,1.0,0.0,0.6052924501262933,0.6052924501262933,,,,1.0
27,water_dipole,210,1.0,0.0,0.6052924501262933,0.6052924501262933,,,,1.0
27,water_dipole,211,1.0,0.0,0.6052924501262933,0.6052924501262933,,,,1.0
27,water_dipole,212,1.0,0.0,0.6052924501262933,0.6052924501262933,,,,1.0
27,water_dipole,213,1.0,0.0,0.6052924501262933,0.6052924501262933,,,,1.0
27,water_dipole,214,1.0,0.0,0.6052924501262933,0.6052924501262933,,,,1.0
27,water_dipole,215,1.0,0.0,0.6052924501262933,0.6052924501262933,,,,1.0
27,water_dipole,216,1.0,0.0,0.6052924501262933,0.6052924501262933,,,,1.0
27,water_dipole,217,1.0,0.0,0.6052924501262933,0.6052924501262933,,,,1.0
27,water_dipole,218,1.0,0.0,0.6052924501262933,0.6052924501262933,,,,1.0
27,water_dipole,219,1.0,0.0,0.6052924501262933,0.6052924501262933,,,,1.0
27,water_dipole,220,1.0,0.0,0.6052924501262933,0.6052924501262933,,,,1.0
27,water_dipole,221,1.0,0.0,0.6052924501262933,0.6052924501262933,,,,1.0
27,water_dipole,222,1.0,0.0,0.6052924501262933,0.6052924501262933,,,,1.0
27,water_dipole,223,1.0,0.0,0.6052924501262933,0.6052924501262933,,,,1.0
27,water_dipole,224,1.0,0.0,0.6052924501262933,0.6052924501262933,,,,1.0
27,water_dipole,225,1.0,0.0,0.6052924501262933,0.6052924501262933,,,,1.0
27,water_dipole,226,1.0,0.0,0.6052924501262933,0.6052924501262933,,,,1.0
27,water_dipole,227,1.0,0.0,0.6052924501262933,0.6052924501262933,,,,1.0
27,water_dipole,228,1.0,0.0,0.6052924501262933,0.6052924501262933,,,,1.0
27,water_dipole,229,1.0,0.0,0.6052924501262933,0.6052924501262933,,,,1.0
27,water_dipole,230,1.0,0.0,0.6052924501262933,0.6052924501262933,,,,1.0
27,water_dipole,231,1.0,0.0,0.6052924501262933,0.6052924501262933,,,,1.0
27,water_dipole,232,1.0,0.0,0.6052924501262933,0.6052924501262933,,,,1.0
27,water_dipole,233,1.0,0.0,0.6052924501262933,0.6052924501262933,,,,1.0
27,water_dipole,234,1.0,0.0,0.6052924501262933,0.6052924501262933,,,,1.0
27,water_dipole,235,1.0,0.0,0.6052924501262933,0.6052924501262933,,,,1.0
27,water_dipole,236,1.0,0.0,0.6052924501262933,0.6052924501262933,,,,1.0
27,water_dipole,237,1.0,0.0,0.6052924501262933,0.6052924501262933,,,,1.0
27,water_dipole,238,1.0,0.0,0.6052924501262933,0.6052924501262933,,,,1.0
27,water_dipole,239,1.0,0.0,0.6052924501262933,0.6052924501262933,,,,1.0
27,water_dipole,240,1.0,0.0,0.6052924501262933,0.6052924501262933,,,,1.0
27,water_dipole,241,1.0,0.0,0.6052924501262933,0.6052924501262933,,,,1.0
27,water_dipole,242,1.0,0.0,0.6052924501262933,0.6052924501262933,,,,1.0
27,water_dipole,243,1.0,0.0,0.6052924501262933,0.6052924501262933,,,,1.0
27,water_dipole,244,1.0,0.0,0.6052924501262933,0.6052924501262933,,,,1.0
27,water_dipole,245,1.0,0.0,0.6052924501262933,0.6052924501262933,,,,1.0
27,water_dipole,246,1.0,0.0,0.6052924501262933,0.6052924501262933,,,,1.0
27,water_dipole,247,1.0,0.0,0.6052924501262933,0.6052924501262933,,,,1.0
27,water_dipole,248,1.0,0.0,0.6052924501262933,0.6052924501262933,,,,1.0
27,water_dipole,249,1.0,0.0,0.6052924501262933,0.6052924501262933,,,,1.0
27,acetone_gsolv_eV,0,1.0,0.0,0.650892660385231,0.650892660385231,,,,1.0
27,acetone_gsolv_eV,1,1.0,0.0,0.650892660385231,0.650892660385231,,,,1.0
27,acetone_gsolv_eV,2,1.0,0.0,0.650892660385231,0.650892660385231,,,,1.0
27,acetone_gsolv_eV,3,1.0,0.0,0.650892660385231,0.650892660385231,,,,1.0
27,acetone_gsolv_eV,4,1.0,0.0,0.650892660385231,0.650892660385231,,,,1.0
27,acetone_gsolv_eV,5,1.0,0.0,0.650892660385231,0.650892660385231,,,,1.0
27,acetone_gsolv_eV,6,1.0,0.0,0.650892660385231,0.650892660385231,,,,1.0
27,acetone_gsolv_eV,7,1.0,0.0,0.650892660385231,0.650892660385231,,,,1.0
27,acetone_gsolv_eV,8,1.0,0.0,0.650892660385231,0.650892660385231,,,,1.0
27,acetone_gsolv_eV,9,1.0,0.0,0.650892660385231,0.650892660385231,,,,1.0
27,acetone_gsolv_eV,10,1.0,0.0,0.650892660385231,0.650892660385231,,,,1.0
27,acetone_gsolv_eV,11,1.0,0.0,0.650892660385231,0.650892660385231,,,,1.0
27,acetone_gsolv_eV,12,1.0,0.0,0.650892660385231,0.650892660385231,,,,1.0
27,acetone_gsolv_eV,13,1.0,0.0,0.650892660385231,0.650892660385231,,,,1.0
27,acetone_gsolv_eV,14,1.0,0.0,0.650892660385231,0.650892660385231,,,,1.0
27,acetone_gsolv_eV,15,1.0,0.0,0.650892660385231,0.650892660385231,,,,1.0
27,acetone_gsolv_eV,16,1.0,0.0,0.650892660385231,0.650892660385231,,,,1.0
27,acetone_gsolv_eV,17,1.0,0.0,0.650892660385231,0.650892660385231,,,,1.0
27,acetone_gsolv_eV,18,1.0,0.0,0.650892660385231,0.650892660385231,,,,1.0
27,acetone_gsolv_eV,19,1.0,0.0,0.650892660385231,0.650892660385231,,,,1.0
27,acetone_gsolv_eV,20,1.0,0.0,0.650892660385231,0.650892660385231,,,,1.0
27,acetone_gsolv_eV,21,1.0,0.0,0.650892660385231,0.650892660385231,,,,1.0
27,acetone_gsolv_eV,22,1.0,0.0,0.650892660385231,0.650892660385231,,,,1.0
27,acetone_gsolv_eV,23,1.0,0.0,0.650892660385231,0.650892660385231,,,,1.0
27,acetone_gsolv_eV,24,1.0,0.0,0.650892660385231,0.650892660385231,,,,1.0
27,acetone_gsolv_eV,25,1.0,0.0,0.650892660385231,0.650892660385231,,,,1.0
27,acetone_gsolv_eV,26,1.0,0.0,0.650892660385231,0.650892660385231,,,,1.0
27,acetone_gsolv_eV,27,1.0,0.0,0.650892660385231,0.650892660385231,,,,1.0
27,acetone_gsolv_eV,28,1.0,0.0,0.650892660385231,0.650892660385231,,,,1.0
27,acetone_gsolv_eV,29,1.0,0.0,0.650892660385231,0.650892660385231,,,,1.0
27,acetone_gsolv_eV,30,1.0,0.0,0.650892660385231,0.650892660385231,,,,1.0
27,acetone_gsolv_eV,31,1.0,0.0,0.650892660385231,0.650892660385231,,,,1.0
27,acetone_gsolv_eV,32,1.0,0.0,0.650892660385231,0.650892660385231,,,,1.0
27,acetone_gsolv_eV,33,1.0,0.0,0.650892660385231,0.650892660385231,,,,1.0
27,acetone_gsolv_eV,34,1.0,0.0,0.650892660385231,0.650892660385231,,,,1.0
27,acetone_gsolv_eV,35,1.0,0.0,0.650892660385231,0.650892660385231,,,,1.0
27,acetone_gsolv_eV,36,1.0,0.0,0.650892660385231,0.650892660385231,,,,1.0
27,acetone_gsolv_eV,37,1.0,0.0,0.650892660385231,0.650892660385231,,,,1.0
27,acetone_gsolv_eV,38,1.0,0.0,0.650892660385231,0.650892660385231,,,,1.0
27,acetone_gsolv_eV,39,1.0,0.0,0.650892660385231,0.650892660385231,,,,1.0
27,acetone_gsolv_eV,40,1.0,0.0,0.650892660385231,0.650892660385231,,,,1.0
27,acetone_gsolv_eV,41,1.0,0.0,0.650892660385231,0.650892660385231,,,,1.0
27,acetone_gsolv_eV,42,1.0,0.0,0.650892660385231,0.650892660385231,,,,1.0
27,acetone_gsolv_eV,43,1.0,0.0,0.650892660385231,0.650892660385231,,,,1.0
27,acetone_gsolv_eV,44,1.0,0.0,0.650892660385231,0.650892660385231,,,,1.0
27,acetone_gsolv_eV,45,1.0,0.0,0.650892660385231,0.650892660385231,,,,1.0
27,acetone_gsolv_eV,46,1.0,0.0,0.650892660385231,0.650892660385231,,,,1.0
27,acetone_gsolv_eV,47,1.0,0.0,0.650892660385231,0.650892660385231,,,,1.0
27,acetone_gsolv_eV,48,1.0,0.0,0.650892660385231,0.650892660385231,,,,1.0
27,acetone_gsolv_eV,49,1.0,0.0,0.650892660385231,0.650892660385231,,,,1.0
27,acetone_gsolv_eV,50,1.0,0.0,0.650892660385231,0.650892660385231,,,,1.0
27,acetone_gsolv_eV,51,1.0,0.0,0.650892660385231,0.650892660385231,,,,1.0
27,acetone_gsolv_eV,52,1.0,0.0,0.650892660385231,0.650892660385231,,,,1.0
27,acetone_gsolv_eV,53,1.0,0.0,0.650892660385231,0.650892660385231,,,,1.0
27,acetone_gsolv_eV,54,1.0,0.0,0.650892660385231,0.650892660385231,,,,1.0
27,acetone_gsolv_eV,55,1.0,0.0,0.650892660385231,0.650892660385231,,,,1.0
27,acetone_gsolv_eV,56,1.0,0.0,0.650892660385231,0.650892660385231,,,,1.0
27,acetone_gsolv_eV,57,1.0,0.0,0.650892660385231,0.650892660385231,,,,1.0
27,acetone_gsolv_eV,58,1.0,0.0,0.650892660385231,0.650892660385231,,,,1.0
27,acetone_gsolv_eV,59,1.0,0.0,0.650892660385231,0.650892660385231,,,,1.0
27,acetone_gsolv_eV,60,1.0,0.0,0.650892660385231,0.650892660385231,,,,1.0
27,acetone_gsolv_eV,61,1.0,0.0,0.650892660385231,0.650892660385231,,,,1.0
27,acetone_gsolv_eV,62,1.0,0.0,0.650892660385231,0.650892660385231,,,,1.0
27,acetone_gsolv_eV,63,1.0,0.0,0.650892660385231,0.650892660385231,,,,1.0
27,acetone_gsolv_eV,64,1.0,0.0,0.650892660385231,0.650892660385231,,,,1.0
27,acetone_gsolv_eV,65,1.0,0.0,0.650892660385231,0.650892660385231,,,,1.0
27,acetone_gsolv_eV,66,1.0,0.0,0.650892660385231,0.650892660385231,,,,1.0
27,acetone_gsolv_eV,67,1.0,0.0,0.650892660385231,0.650892660385231,,,,1.0
27,acetone_gsolv_eV,68,1.0,0.0,0.650892660385231,0.650892660385231,,,,1.0
27,acetone_gsolv_eV,69,1.0,0.0,0.650892660385231,0.650892660385231,,,,1.0
27,acetone_gsolv_eV,70,1.0,0.0,0.650892660385231,0.650892660385231,,,,1.0
27,acetone_gsolv_eV,71,1.0,0.0,0.650892660385231,0.650892660385231,,,,1.0
27,acetone_gsolv_eV,72,1.0,0.0,0.650892660385231,0.650892660385231,,,,1.0
27,acetone_gsolv_eV,73,1.0,0.0,0.650892660385231,0.650892660385231,,,,1.0
27,acetone_gsolv_eV,74,1.0,0.0,0.650892660385231,0.650892660385231,,,,1.0
27,acetone_gsolv_eV,75,1.0,0.0,0.650892660385231,0.650892660385231,,,,1.0
27,acetone_gsolv_eV,76,1.0,0.0,0.650892660385231,0.650892660385231,,,,1.0
27,acetone_gsolv_eV,77,1.0,0.0,0.650892660385231,0.650892660385231,,,,1.0
27,acetone_gsolv_eV,78,1.0,0.0,0.650892660385231,0.650892660385231,,,,1.0
27,acetone_gsolv_eV,79,1.0,0.0,0.650892660385231,0.650892660385231,,,,1.0
27,acetone_gsolv_eV,80,1.0,0.0,0.650892660385231,0.650892660385231,,,,1.0
27,acetone_gsolv_eV,81,1.0,0.0,0.650892660385231,0.650892660385231,,,,1.0
27,acetone_gsolv_eV,82,1.0,0.0,0.650892660385231,0.650892660385231,,,,1.0
27,acetone_gsolv_eV,83,1.0,0.0,0.650892660385231,0.650892660385231,,,,1.0
27,acetone_gsolv_eV,84,1.0,0.0,0.650892660385231,0.650892660385231,,,,1.0
27,acetone_gsolv_eV,85,1.0,0.0,0.650892660385231,0.650892660385231,,,,1.0
27,acetone_gsolv_eV,86,1.0,0.0,0.650892660385231,0.650892660385231,,,,1.0
27,acetone_gsolv_eV,87,1.0,0.0,0.650892660385231,0.650892660385231,,,,1.0
27,acetone_gsolv_eV,88,1.0,0.0,0.650892660385231,0.650892660385231,,,,1.0
27,acetone_gsolv_eV,89,1.0,0.0,0.650892660385231,0.650892660385231,,,,1.0
27,acetone_gsolv_eV,90,1.0,0.0,0.650892660385231,0.650892660385231,,,,1.0
27,acetone_gsolv_eV,91,1.0,0.0,0.650892660385231,0.650892660385231,,,,1.0
27,acetone_gsolv_eV,92,1.0,0.0,0.650892660385231,0.650892660385231,,,,1.0
27,acetone_gsolv_eV,93,1.0,0.0,0.650892660385231,0.650892660385231,,,,1.0
27,acetone_gsolv_eV,94,1.0,0.0,0.650892660385231,0.650892660385231,,,,1.0
27,acetone_gsolv_eV,95,1.0,0.0,0.650892660385231,0.650892660385231,,,,1.0
27,acetone_gsolv_eV,96,1.0,0.0,0.650892660385231,0.650892660385231,,,,1.0
27,acetone_gsolv_eV,97,1.0,0.0,0.650892660385231,0.650892660385231,,,,1.0
27,acetone_gsolv_eV,98,1.0,0.0,0.650892660385231,0.650892660385231,,,,1.0
27,acetone_gsolv_eV,99,1.0,0.0,0.650892660385231,0.650892660385231,,,,1.0
27,acetone_gsolv_eV,100,1.0,0.0,0.650892660385231,0.650892660385231,,,,1.0
27,acetone_gsolv_eV,101,1.0,0.0,0.650892660385231,0.650892660385231,,,,1.0
27,acetone_gsolv_eV,102,1.0,0.0,0.650892660385231,0.650892660385231,,,,1.0
27,acetone_gsolv_eV,103,1.0,0.0,0.650892660385231,0.650892660385231,,,,1.0
27,acetone_gsolv_eV,104,1.0,0.0,0.650892660385231,0.650892660385231,,,,1.0
27,acetone_gsolv_eV,105,1.0,0.0,0.650892660385231,0.650892660385231,,,,1.0
27,acetone_gsolv_eV,106,1.0,0.0,0.650892660385231,0.650892660385231,,,,1.0
27,acetone_gsolv_eV,107,1.0,0.0,0.650892660385231,0.650892660385231,,,,1.0
27,acetone_gsolv_eV,108,1.0,0.0,0.650892660385231,0.650892660385231,,,,1.0
27,acetone_gsolv_eV,109,1.0,0.0,0.650892660385231,0.650892660385231,,,,1.0
27,acetone_gsolv_eV,110,1.0,0.0,0.650892660385231,0.650892660385231,,,,1.0
27,acetone_gsolv_eV,111,1.0,0.0,0.650892660385231,0.650892660385231,,,,1.0
27,acetone_gsolv_eV,112,1.0,0.0,0.650892660385231,0.650892660385231,,,,1.0
27,acetone_gsolv_eV,113,1.0,0.0,0.650892660385231,0.650892660385231,,,,1.0
27,acetone_gsolv_eV,114,1.0,0.0,0.650892660385231,0.650892660385231,,,,1.0
27,acetone_gsolv_eV,115,1.0,0.0,0.650892660385231,0.650892660385231,,,,1.0
27,acetone_gsolv_eV,116,1.0,0.0,0.650892660385231,0.650892660385231,,,,1.0
27,acetone_gsolv_eV,117,1.0,0.0,0.650892660385231,0.650892660385231,,,,1.0
27,acetone_gsolv_eV,118,1.0,0.0,0.650892660385231,0.650892660385231,,,,1.0
27,acetone_gsolv_eV,119,1.0,0.0,0.650892660385231,0.650892660385231,,,,1.0
27,acetone_gsolv_eV,120,1.0,0.0,0.650892660385231,0.650892660385231,,,,1.0
27,acetone_gsolv_eV,121,1.0,0.0,0.650892660385231,0.650892660385231,,,,1.0
27,acetone_gsolv_eV,122,1.0,0.0,0.650892660385231,0.650892660385231,,,,1.0
27,acetone_gsolv_eV,123,1.0,0.0,0.650892660385231,0.650892660385231,,,,1.0
27,acetone_gsolv_eV,124,1.0,0.0,0.650892660385231,0.650892660385231,,,,1.0
27,acetone_gsolv_eV,125,1.0,0.0,0.650892660385231,0.650892660385231,,,,1.0
27,acetone_gsolv_eV,126,1.0,0.0,0.650892660385231,0.650892660385231,,,,1.0
27,acetone_gsolv_eV,127,1.0,0.0,0.650892660385231,0.650892660385231,,,,1.0
27,acetone_gsolv_eV,128,1.0,0.0,0.650892660385231,0.650892660385231,,,,1.0
27,acetone_gsolv_eV,129,1.0,0.0,0.650892660385231,0.650892660385231,,,,1.0
27,acetone_gsolv_eV,130,1.0,0.0,0.650892660385231,0.650892660385231,,,,1.0
27,acetone_gsolv_eV,131,1.0,0.0,0.650892660385231,0.650892660385231,,,,1.0
27,acetone_gsolv_eV,132,1.0,0.0,0.650892660385231,0.650892660385231,,,,1.0
27,acetone_gsolv_eV,133,1.0,0.0,0.650892660385231,0.650892660385231,,,,1.0
27,acetone_gsolv_eV,134,1.0,0.0,0.650892660385231,0.650892660385231,,,,1.0
27,acetone_gsolv_eV,135,1.0,0.0,0.650892660385231,0.650892660385231,,,,1.0
27,acetone_gsolv_eV,136,1.0,0.0,0.650892660385231,0.650892660385231,,,,1.0
27,acetone_gsolv_eV,137,1.0,0.0,0.650892660385231,0.650892660385231,,,,1.0
27,acetone_gsolv_eV,138,1.0,0.0,0.650892660385231,0.650892660385231,,,,1.0
27,acetone_gsolv_eV,139,1.0,0.0,0.650892660385231,0.650892660385231,,,,1.0
27,acetone_gsolv_eV,140,1.0,0.0,0.650892660385231,0.650892660385231,,,,1.0
27,acetone_gsolv_eV,141,1.0,0.0,0.650892660385231,0.650892660385231,,,,1.0
27,acetone_gsolv_eV,142,1.0,0.0,0.650892660385231,0.650892660385231,,,,1.0
27,acetone_gsolv_eV,143,1.0,0.0,0.650892660385231,0.650892660385231,,,,1.0
27,acetone_gsolv_eV,144,1.0,0.0,0.650892660385231,0.650892660385231,,,,1.0
27,acetone_gsolv_eV,145,1.0,0.0,0.650892660385231,0.650892660385231,,,,1.0
27,acetone_gsolv_eV,146,1.0,0.0,0.650892660385231,0.650892660385231,,,,1.0
27,acetone_gsolv_eV,147,1.0,0.0,0.650892660385231,0.650892660385231,,,,1.0
27,acetone_gsolv_eV,148,1.0,0.0,0.650892660385231,0.650892660385231,,,,1.0
27,acetone_gsolv_eV,149,1.0,0.0,0.650892660385231,0.650892660385231,,,,1.0
27,acetone_gsolv_eV,150,1.0,0.0,0.650892660385231,0.650892660385231,,,,1.0
27,acetone_gsolv_eV,151,1.0,0.0,0.650892660385231,0.650892660385231,,,,1.0
27,acetone_gsolv_eV,152,1.0,0.0,0.650892660385231,0.650892660385231,,,,1.0
27,acetone_gsolv_eV,153,1.0,0.0,0.650892660385231,0.650892660385231,,,,1.0
27,acetone_gsolv_eV,154,1.0,0.0,0.650892660385231,0.650892660385231,,,,1.0
27,acetone_gsolv_eV,155,1.0,0.0,0.650892660385231,0.650892660385231,,,,1.0
27,acetone_gsolv_eV,156,1.0,0.0,0.650892660385231,0.650892660385231,,,,1.0
27,acetone_gsolv_eV,157,1.0,0.0,0.650892660385231,0.650892660385231,,,,1.0
27,acetone_gsolv_eV,158,1.0,0.0,0.650892660385231,0.650892660385231,,,,1.0
27,acetone_gsolv_eV,159,1.0,0.0,0.650892660385231,0.650892660385231,,,,1.0
27,acetone_gsolv_eV,160,1.0,0.0,0.650892660385231,0.650892660385231,,,,1.0
27,acetone_gsolv_eV,161,1.0,0.0,0.650892660385231,0.650892660385231,,,,1.0
27,acetone_gsolv_eV,162,1.0,0.0,0.650892660385231,0.650892660385231,,,,1.0
27,acetone_gsolv_eV,163,1.0,0.0,0.650892660385231,0.650892660385231,,,,1.0
27,acetone_gsolv_eV,164,1.0,0.0,0.650892660385231,0.650892660385231,,,,1.0
27,acetone_gsolv_eV,165,1.0,0.0,0.650892660385231,0.650892660385231,,,,1.0
27,acetone_gsolv_eV,166,1.0,0.0,0.650892660385231,0.650892660385231,,,,1.0
27,acetone_gsolv_eV,167,1.0,0.0,0.650892660385231,0.650892660385231,,,,1.0
27,acetone_gsolv_eV,168,1.0,0.0,0.650892660385231,0.650892660385231,,,,1.0
27,acetone_gsolv_eV,169,1.0,0.0,0.650892660385231,0.650892660385231,,,,1.0
27,acetone_gsolv_eV,170,1.0,0.0,0.650892660385231,0.650892660385231,,,,1.0
27,acetone_gsolv_eV,171,1.0,0.0,0.650892660385231,0.650892660385231,,,,1.0
27,acetone_gsolv_eV,172,1.0,0.0,0.650892660385231,0.650892660385231,,,,1.0
27,acetone_gsolv_eV,173,1.0,0.0,0.650892660385231,0.650892660385231,,,,1.0
27,acetone_gsolv_eV,174,1.0,0.0,0.650892660385231,0.650892660385231,,,,1.0
27,acetone_gsolv_eV,175,1.0,0.0,0.650892660385231,0.650892660385231,,,,1.0
27,acetone_gsolv_eV,176,1.0,0.0,0.650892660385231,0.650892660385231,,,,1.0
27,acetone_gsolv_eV,177,1.0,0.0,0.650892660385231,0.650892660385231,,,,1.0
27,acetone_gsolv_eV,178,1.0,0.0,0.650892660385231,0.650892660385231,,,,1.0
27,acetone_gsolv_eV,179,1.0,0.0,0.650892660385231,0.650892660385231,,,,1.0
27,acetone_gsolv_eV,180,1.0,0.0,0.650892660385231,0.650892660385231,,,,1.0
27,acetone_gsolv_eV,181,1.0,0.0,0.650892660385231,0.650892660385231,,,,1.0
27,acetone_gsolv_eV,182,1.0,0.0,0.650892660385231,0.650892660385231,,,,1.0
27,acetone_gsolv_eV,183,1.0,0.0,0.650892660385231,0.650892660385231,,,,1.0
27,acetone_gsolv_eV,184,1.0,0.0,0.650892660385231,0.650892660385231,,,,1.0
27,acetone_gsolv_eV,185,1.0,0.0,0.650892660385231,0.650892660385231,,,,1.0
27,acetone_gsolv_eV,186,1.0,0.0,0.650892660385231,0.650892660385231,,,,1.0
27,acetone_gsolv_eV,187,1.0,0.0,0.650892660385231,0.650892660385231,,,,1.0
27,acetone_gsolv_eV,188,1.0,0.0,0.650892660385231,0.650892660385231,,,,1.0
27,acetone_gsolv_eV,189,1.0,0.0,0.650892660385231,0.650892660385231,,,,1.0
27,acetone_gsolv_eV,190,1.0,0.0,0.650892660385231,0.650892660385231,,,,1.0
27,acetone_gsolv_eV,191,1.0,0.0,0.650892660385231,0.650892660385231,,,,1.0
27,acetone_gsolv_eV,192,1.0,0.0,0.650892660385231,0.650892660385231,,,,1.0
27,acetone_gsolv_eV,193,1.0,0.0,0.650892660385231,0.650892660385231,,,,1.0
27,acetone_gsolv_eV,194,1.0,0.0,0.650892660385231,0.650892660385231,,,,1.0
27,acetone_gsolv_eV,195,1.0,0.0,0.650892660385231,0.650892660385231,,,,1.0
27,acetone_gsolv_eV,196,1.0,0.0,0.650892660385231,0.650892660385231,,,,1.0
27,acetone_gsolv_eV,197,1.0,0.0,0.650892660385231,0.650892660385231,,,,1.0
27,acetone_gsolv_eV,198,1.0,0.0,0.650892660385231,0.650892660385231,,,,1.0
27,acetone_gsolv_eV,199,1.0,0.0,0.650892660385231,0.650892660385231,,,,1.0
27,acetone_gsolv_eV,200,1.0,0.0,0.650892660385231,0.650892660385231,,,,1.0
27,acetone_gsolv_eV,201,1.0,0.0,0.650892660385231,0.650892660385231,,,,1.0
27,acetone_gsolv_eV,202,1.0,0.0,0.650892660385231,0.650892660385231,,,,1.0
27,acetone_gsolv_eV,203,1.0,0.0,0.650892660385231,0.650892660385231,,,,1.0
27,acetone_gsolv_eV,204,1.0,0.0,0.650892660385231,0.650892660385231,,,,1.0
27,acetone_gsolv_eV,205,1.0,0.0,0.650892660385231,0.650892660385231,,,,1.0
27,acetone_gsolv_eV,206,1.0,0.0,0.650892660385231,0.650892660385231,,,,1.0
27,acetone_gsolv_eV,207,1.0,0.0,0.650892660385231,0.650892660385231,,,,1.0
27,acetone_gsolv_eV,208,1.0,0.0,0.650892660385231,0.650892660385231,,,,1.0
27,acetone_gsolv_eV,209,1.0,0.0,0.650892660385231,0.650892660385231,,,,1.0
27,acetone_gsolv_eV,210,1.0,0.0,0.650892660385231,0.650892660385231,,,,1.0
27,acetone_gsolv_eV,211,1.0,0.0,0.650892660385231,0.650892660385231,,,,1.0
27,acetone_gsolv_eV,212,1.0,0.0,0.650892660385231,0.650892660385231,,,,1.0
27,acetone_gsolv_eV,213,1.0,0.0,0.650892660385231,0.650892660385231,,,,1.0
27,acetone_gsolv_eV,214,1.0,0.0,0.650892660385231,0.650892660385231,,,,1.0
27,acetone_gsolv_eV,215,1.0,0.0,0.650892660385231,0.650892660385231,,,,1.0
27,acetone_gsolv_eV,216,1.0,0.0,0.650892660385231,0.650892660385231,,,,1.0
27,acetone_gsolv_eV,217,1.0,0.0,0.650892660385231,0.650892660385231,,,,1.0
27,acetone_gsolv_eV,218,1.0,0.0,0.650892660385231,0.650892660385231,,,,1.0
27,acetone_gsolv_eV,219,1.0,0.0,0.650892660385231,0.650892660385231,,,,1.0
27,acetone_gsolv_eV,220,1.0,0.0,0.650892660385231,0.650892660385231,,,,1.0
27,acetone_gsolv_eV,221,1.0,0.0,0.650892660385231,0.650892660385231,,,,1.0
27,acetone_gsolv_eV,222,1.0,0.0,0.650892660385231,0.650892660385231,,,,1.0
27,acetone_gsolv_eV,223,1.0,0.0,0.650892660385231,0.650892660385231,,,,1.0
27,acetone_gsolv_eV,224,1.0,0.0,0.650892660385231,0.650892660385231,,,,1.0
27,acetone_gsolv_eV,225,1.0,0.0,0.650892660385231,0.650892660385231,,,,1.0
27,acetone_gsolv_eV,226,1.0,0.0,0.650892660385231,0.650892660385231,,,,1.0
27,acetone_gsolv_eV,227,1.0,0.0,0.650892660385231,0.650892660385231,,,,1.0
27,acetone_gsolv_eV,228,1.0,0.0,0.650892660385231,0.650892660385231,,,,1.0
27,acetone_gsolv_eV,229,1.0,0.0,0.650892660385231,0.650892660385231,,,,1.0
27,acetone_gsolv_eV,230,1.0,0.0,0.650892660385231,0.650892660385231,,,,1.0
27,acetone_gsolv_eV,231,1.0,0.0,0.650892660385231,0.650892660385231,,,,1.0
27,acetone_gsolv_eV,232,1.0,0.0,0.650892660385231,0.650892660385231,,,,1.0
27,acetone_gsolv_eV,233,1.0,0.0,0.650892660385231,0.650892660385231,,,,1.0
27,acetone_gsolv_eV,234,1.0,0.0,0.650892660385231,0.650892660385231,,,,1.0
27,acetone_gsolv_eV,235,1.0,0.0,0.650892660385231,0.650892660385231,,,,1.0
27,acetone_gsolv_eV,236,1.0,0.0,0.650892660385231,0.650892660385231,,,,1.0
27,acetone_gsolv_eV,237,1.0,0.0,0.650892660385231,0.650892660385231,,,,1.0
27,acetone_gsolv_eV,238,1.0,0.0,0.650892660385231,0.650892660385231,,,,1.0
27,acetone_gsolv_eV,239,1.0,0.0,0.650892660385231,0.650892660385231,,,,1.0
27,acetone_gsolv_eV,240,1.0,0.0,0.650892660385231,0.650892660385231,,,,1.0
27,acetone_gsolv_eV,241,1.0,0.0,0.650892660385231,0.650892660385231,,,,1.0
27,acetone_gsolv_eV,242,1.0,0.0,0.650892660385231,0.650892660385231,,,,1.0
27,acetone_gsolv_eV,243,1.0,0.0,0.650892660385231,0.650892660385231,,,,1.0
27,acetone_gsolv_eV,244,1.0,0.0,0.650892660385231,0.650892660385231,,,,1.0
27,acetone_gsolv_eV,245,1.0,0.0,0.650892660385231,0.650892660385231,,,,1.0
27,acetone_gsolv_eV,246,1.0,0.0,0.650892660385231,0.650892660385231,,,,1.0
27,acetone_gsolv_eV,247,1.0,0.0,0.650892660385231,0.650892660385231,,,,1.0
27,acetone_gsolv_eV,248,1.0,0.0,0.650892660385231,0.650892660385231,,,,1.0
27,acetone_gsolv_eV,249,1.0,0.0,0.650892660385231,0.650892660385231,,,,1.0
27,acetone_hl_gap_eV,0,1.0,0.0,0.7094526799477505,0.7094526799477505,,,,1.0
27,acetone_hl_gap_eV,1,1.0,0.0,0.7094526799477505,0.7094526799477505,,,,1.0
27,acetone_hl_gap_eV,2,1.0,0.0,0.7094526799477505,0.7094526799477505,,,,1.0
27,acetone_hl_gap_eV,3,1.0,0.0,0.7094526799477505,0.7094526799477505,,,,1.0
27,acetone_hl_gap_eV,4,1.0,0.0,0.7094526799477505,0.7094526799477505,,,,1.0
27,acetone_hl_gap_eV,5,1.0,0.0,0.7094526799477505,0.7094526799477505,,,,1.0
27,acetone_hl_gap_eV,6,1.0,0.0,0.7094526799477505,0.7094526799477505,,,,1.0
27,acetone_hl_gap_eV,7,1.0,0.0,0.7094526799477505,0.7094526799477505,,,,1.0
27,acetone_hl_gap_eV,8,1.0,0.0,0.7094526799477505,0.7094526799477505,,,,1.0
27,acetone_hl_gap_eV,9,1.0,0.0,0.7094526799477505,0.7094526799477505,,,,1.0
27,acetone_hl_gap_eV,10,1.0,0.0,0.7094526799477505,0.7094526799477505,,,,1.0
27,acetone_hl_gap_eV,11,1.0,0.0,0.7094526799477505,0.7094526799477505,,,,1.0
27,acetone_hl_gap_eV,12,1.0,0.0,0.7094526799477505,0.7094526799477505,,,,1.0
27,acetone_hl_gap_eV,13,1.0,0.0,0.7094526799477505,0.7094526799477505,,,,1.0
27,acetone_hl_gap_eV,14,1.0,0.0,0.7094526799477505,0.7094526799477505,,,,1.0
27,acetone_hl_gap_eV,15,1.0,0.0,0.7094526799477505,0.7094526799477505,,,,1.0
27,acetone_hl_gap_eV,16,1.0,0.0,0.7094526799477505,0.7094526799477505,,,,1.0
27,acetone_hl_gap_eV,17,1.0,0.0,0.7094526799477505,0.7094526799477505,,,,1.0
27,acetone_hl_gap_eV,18,1.0,0.0,0.7094526799477505,0.7094526799477505,,,,1.0
27,acetone_hl_gap_eV,19,1.0,0.0,0.7094526799477505,0.7094526799477505,,,,1.0
27,acetone_hl_gap_eV,20,1.0,0.0,0.7094526799477505,0.7094526799477505,,,,1.0
27,acetone_hl_gap_eV,21,1.0,0.0,0.7094526799477505,0.7094526799477505,,,,1.0
27,acetone_hl_gap_eV,22,1.0,0.0,0.7094526799477505,0.7094526799477505,,,,1.0
27,acetone_hl_gap_eV,23,1.0,0.0,0.7094526799477505,0.7094526799477505,,,,1.0
27,acetone_hl_gap_eV,24,1.0,0.0,0.7094526799477505,0.7094526799477505,,,,1.0
27,acetone_hl_gap_eV,25,1.0,0.0,0.7094526799477505,0.7094526799477505,,,,1.0
27,acetone_hl_gap_eV,26,1.0,0.0,0.7094526799477505,0.7094526799477505,,,,1.0
27,acetone_hl_gap_eV,27,1.0,0.0,0.7094526799477505,0.7094526799477505,,,,1.0
27,acetone_hl_gap_eV,28,1.0,0.0,0.7094526799477505,0.7094526799477505,,,,1.0
27,acetone_hl_gap_eV,29,1.0,0.0,0.7094526799477505,0.7094526799477505,,,,1.0
27,acetone_hl_gap_eV,30,1.0,0.0,0.7094526799477505,0.7094526799477505,,,,1.0
27,acetone_hl_gap_eV,31,1.0,0.0,0.7094526799477505,0.7094526799477505,,,,1.0
27,acetone_hl_gap_eV,32,1.0,0.0,0.7094526799477505,0.7094526799477505,,,,1.0
27,acetone_hl_gap_eV,33,1.0,0.0,0.7094526799477505,0.7094526799477505,,,,1.0
27,acetone_hl_gap_eV,34,1.0,0.0,0.7094526799477505,0.7094526799477505,,,,1.0
27,acetone_hl_gap_eV,35,1.0,0.0,0.7094526799477505,0.7094526799477505,,,,1.0
27,acetone_hl_gap_eV,36,1.0,0.0,0.7094526799477505,0.7094526799477505,,,,1.0
27,acetone_hl_gap_eV,37,1.0,0.0,0.7094526799477505,0.7094526799477505,,,,1.0
27,acetone_hl_gap_eV,38,1.0,0.0,0.7094526799477505,0.7094526799477505,,,,1.0
27,acetone_hl_gap_eV,39,1.0,0.0,0.7094526799477505,0.7094526799477505,,,,1.0
27,acetone_hl_gap_eV,40,1.0,0.0,0.7094526799477505,0.7094526799477505,,,,1.0
27,acetone_hl_gap_eV,41,1.0,0.0,0.7094526799477505,0.7094526799477505,,,,1.0
27,acetone_hl_gap_eV,42,1.0,0.0,0.7094526799477505,0.7094526799477505,,,,1.0
27,acetone_hl_gap_eV,43,1.0,0.0,0.7094526799477505,0.7094526799477505,,,,1.0
27,acetone_hl_gap_eV,44,1.0,0.0,0.7094526799477505,0.7094526799477505,,,,1.0
27,acetone_hl_gap_eV,45,1.0,0.0,0.7094526799477505,0.7094526799477505,,,,1.0
27,acetone_hl_gap_eV,46,1.0,0.0,0.7094526799477505,0.7094526799477505,,,,1.0
27,acetone_hl_gap_eV,47,1.0,0.0,0.7094526799477505,0.7094526799477505,,,,1.0
27,acetone_hl_gap_eV,48,1.0,0.0,0.7094526799477505,0.7094526799477505,,,,1.0
27,acetone_hl_gap_eV,49,1.0,0.0,0.7094526799477505,0.7094526799477505,,,,1.0
27,acetone_hl_gap_eV,50,1.0,0.0,0.7094526799477505,0.7094526799477505,,,,1.0
27,acetone_hl_gap_eV,51,1.0,0.0,0.7094526799477505,0.7094526799477505,,,,1.0
27,acetone_hl_gap_eV,52,1.0,0.0,0.7094526799477505,0.7094526799477505,,,,1.0
27,acetone_hl_gap_eV,53,1.0,0.0,0.7094526799477505,0.7094526799477505,,,,1.0
27,acetone_hl_gap_eV,54,1.0,0.0,0.7094526799477505,0.7094526799477505,,,,1.0
27,acetone_hl_gap_eV,55,1.0,0.0,0.7094526799477505,0.7094526799477505,,,,1.0
27,acetone_hl_gap_eV,56,1.0,0.0,0.7094526799477505,0.7094526799477505,,,,1.0
27,acetone_hl_gap_eV,57,1.0,0.0,0.7094526799477505,0.7094526799477505,,,,1.0
27,acetone_hl_gap_eV,58,1.0,0.0,0.7094526799477505,0.7094526799477505,,,,1.0
27,acetone_hl_gap_eV,59,1.0,0.0,0.7094526799477505,0.7094526799477505,,,,1.0
27,acetone_hl_gap_eV,60,1.0,0.0,0.7094526799477505,0.7094526799477505,,,,1.0
27,acetone_hl_gap_eV,61,1.0,0.0,0.7094526799477505,0.7094526799477505,,,,1.0
27,acetone_hl_gap_eV,62,1.0,0.0,0.7094526799477505,0.7094526799477505,,,,1.0
27,acetone_hl_gap_eV,63,1.0,0.0,0.7094526799477505,0.7094526799477505,,,,1.0
27,acetone_hl_gap_eV,64,1.0,0.0,0.7094526799477505,0.7094526799477505,,,,1.0
27,acetone_hl_gap_eV,65,1.0,0.0,0.7094526799477505,0.7094526799477505,,,,1.0
27,acetone_hl_gap_eV,66,1.0,0.0,0.7094526799477505,0.7094526799477505,,,,1.0
27,acetone_hl_gap_eV,67,1.0,0.0,0.7094526799477505,0.7094526799477505,,,,1.0
27,acetone_hl_gap_eV,68,1.0,0.0,0.7094526799477505,0.7094526799477505,,,,1.0
27,acetone_hl_gap_eV,69,1.0,0.0,0.7094526799477505,0.7094526799477505,,,,1.0
27,acetone_hl_gap_eV,70,1.0,0.0,0.7094526799477505,0.7094526799477505,,,,1.0
27,acetone_hl_gap_eV,71,1.0,0.0,0.7094526799477505,0.7094526799477505,,,,1.0
27,acetone_hl_gap_eV,72,1.0,0.0,0.7094526799477505,0.7094526799477505,,,,1.0
27,acetone_hl_gap_eV,73,1.0,0.0,0.7094526799477505,0.7094526799477505,,,,1.0
27,acetone_hl_gap_eV,74,1.0,0.0,0.7094526799477505,0.7094526799477505,,,,1.0
27,acetone_hl_gap_eV,75,1.0,0.0,0.7094526799477505,0.7094526799477505,,,,1.0
27,acetone_hl_gap_eV,76,1.0,0.0,0.7094526799477505,0.7094526799477505,,,,1.0
27,acetone_hl_gap_eV,77,1.0,0.0,0.7094526799477505,0.7094526799477505,,,,1.0
27,acetone_hl_gap_eV,78,1.0,0.0,0.7094526799477505,0.7094526799477505,,,,1.0
27,acetone_hl_gap_eV,79,1.0,0.0,0.7094526799477505,0.7094526799477505,,,,1.0
27,acetone_hl_gap_eV,80,1.0,0.0,0.7094526799477505,0.7094526799477505,,,,1.0
27,acetone_hl_gap_eV,81,1.0,0.0,0.7094526799477505,0.7094526799477505,,,,1.0
27,acetone_hl_gap_eV,82,1.0,0.0,0.7094526799477505,0.7094526799477505,,,,1.0
27,acetone_hl_gap_eV,83,1.0,0.0,0.7094526799477505,0.7094526799477505,,,,1.0
27,acetone_hl_gap_eV,84,1.0,0.0,0.7094526799477505,0.7094526799477505,,,,1.0
27,acetone_hl_gap_eV,85,1.0,0.0,0.7094526799477505,0.7094526799477505,,,,1.0
27,acetone_hl_gap_eV,86,1.0,0.0,0.7094526799477505,0.7094526799477505,,,,1.0
27,acetone_hl_gap_eV,87,1.0,0.0,0.7094526799477505,0.7094526799477505,,,,1.0
27,acetone_hl_gap_eV,88,1.0,0.0,0.7094526799477505,0.7094526799477505,,,,1.0
27,acetone_hl_gap_eV,89,1.0,0.0,0.7094526799477505,0.7094526799477505,,,,1.0
27,acetone_hl_gap_eV,90,1.0,0.0,0.7094526799477505,0.7094526799477505,,,,1.0
27,acetone_hl_gap_eV,91,1.0,0.0,0.7094526799477505,0.7094526799477505,,,,1.0
27,acetone_hl_gap_eV,92,1.0,0.0,0.7094526799477505,0.7094526799477505,,,,1.0
27,acetone_hl_gap_eV,93,1.0,0.0,0.7094526799477505,0.7094526799477505,,,,1.0
27,acetone_hl_gap_eV,94,1.0,0.0,0.7094526799477505,0.7094526799477505,,,,1.0
27,acetone_hl_gap_eV,95,1.0,0.0,0.7094526799477505,0.7094526799477505,,,,1.0
27,acetone_hl_gap_eV,96,1.0,0.0,0.7094526799477505,0.7094526799477505,,,,1.0
27,acetone_hl_gap_eV,97,1.0,0.0,0.7094526799477505,0.7094526799477505,,,,1.0
27,acetone_hl_gap_eV,98,1.0,0.0,0.7094526799477505,0.7094526799477505,,,,1.0
27,acetone_hl_gap_eV,99,1.0,0.0,0.7094526799477505,0.7094526799477505,,,,1.0
27,acetone_hl_gap_eV,100,1.0,0.0,0.7094526799477505,0.7094526799477505,,,,1.0
27,acetone_hl_gap_eV,101,1.0,0.0,0.7094526799477505,0.7094526799477505,,,,1.0
27,acetone_hl_gap_eV,102,1.0,0.0,0.7094526799477505,0.7094526799477505,,,,1.0
27,acetone_hl_gap_eV,103,1.0,0.0,0.7094526799477505,0.7094526799477505,,,,1.0
27,acetone_hl_gap_eV,104,1.0,0.0,0.7094526799477505,0.7094526799477505,,,,1.0
27,acetone_hl_gap_eV,105,1.0,0.0,0.7094526799477505,0.7094526799477505,,,,1.0
27,acetone_hl_gap_eV,106,1.0,0.0,0.7094526799477505,0.7094526799477505,,,,1.0
27,acetone_hl_gap_eV,107,1.0,0.0,0.7094526799477505,0.7094526799477505,,,,1.0
27,acetone_hl_gap_eV,108,1.0,0.0,0.7094526799477505,0.7094526799477505,,,,1.0
27,acetone_hl_gap_eV,109,1.0,0.0,0.7094526799477505,0.7094526799477505,,,,1.0
27,acetone_hl_gap_eV,110,1.0,0.0,0.7094526799477505,0.7094526799477505,,,,1.0
27,acetone_hl_gap_eV,111,1.0,0.0,0.7094526799477505,0.7094526799477505,,,,1.0
27,acetone_hl_gap_eV,112,1.0,0.0,0.7094526799477505,0.7094526799477505,,,,1.0
27,acetone_hl_gap_eV,113,1.0,0.0,0.7094526799477505,0.7094526799477505,,,,1.0
27,acetone_hl_gap_eV,114,1.0,0.0,0.7094526799477505,0.7094526799477505,,,,1.0
27,acetone_hl_gap_eV,115,1.0,0.0,0.7094526799477505,0.7094526799477505,,,,1.0
27,acetone_hl_gap_eV,116,1.0,0.0,0.7094526799477505,0.7094526799477505,,,,1.0
27,acetone_hl_gap_eV,117,1.0,0.0,0.7094526799477505,0.7094526799477505,,,,1.0
27,acetone_hl_gap_eV,118,1.0,0.0,0.7094526799477505,0.7094526799477505,,,,1.0
27,acetone_hl_gap_eV,119,1.0,0.0,0.7094526799477505,0.7094526799477505,,,,1.0
27,acetone_hl_gap_eV,120,1.0,0.0,0.7094526799477505,0.7094526799477505,,,,1.0
27,acetone_hl_gap_eV,121,1.0,0.0,0.7094526799477505,0.7094526799477505,,,,1.0
27,acetone_hl_gap_eV,122,1.0,0.0,0.7094526799477505,0.7094526799477505,,,,1.0
27,acetone_hl_gap_eV,123,1.0,0.0,0.7094526799477505,0.7094526799477505,,,,1.0
27,acetone_hl_gap_eV,124,1.0,0.0,0.7094526799477505,0.7094526799477505,,,,1.0
27,acetone_hl_gap_eV,125,1.0,0.0,0.7094526799477505,0.7094526799477505,,,,1.0
27,acetone_hl_gap_eV,126,1.0,0.0,0.7094526799477505,0.7094526799477505,,,,1.0
27,acetone_hl_gap_eV,127,1.0,0.0,0.7094526799477505,0.7094526799477505,,,,1.0
27,acetone_hl_gap_eV,128,1.0,0.0,0.7094526799477505,0.7094526799477505,,,,1.0
27,acetone_hl_gap_eV,129,1.0,0.0,0.7094526799477505,0.7094526799477505,,,,1.0
27,acetone_hl_gap_eV,130,1.0,0.0,0.7094526799477505,0.7094526799477505,,,,1.0
27,acetone_hl_gap_eV,131,1.0,0.0,0.7094526799477505,0.7094526799477505,,,,1.0
27,acetone_hl_gap_eV,132,1.0,0.0,0.7094526799477505,0.7094526799477505,,,,1.0
27,acetone_hl_gap_eV,133,1.0,0.0,0.7094526799477505,0.7094526799477505,,,,1.0
27,acetone_hl_gap_eV,134,1.0,0.0,0.7094526799477505,0.7094526799477505,,,,1.0
27,acetone_hl_gap_eV,135,1.0,0.0,0.7094526799477505,0.7094526799477505,,,,1.0
27,acetone_hl_gap_eV,136,1.0,0.0,0.7094526799477505,0.7094526799477505,,,,1.0
27,acetone_hl_gap_eV,137,1.0,0.0,0.7094526799477505,0.7094526799477505,,,,1.0
27,acetone_hl_gap_eV,138,1.0,0.0,0.7094526799477505,0.7094526799477505,,,,1.0
27,acetone_hl_gap_eV,139,1.0,0.0,0.7094526799477505,0.7094526799477505,,,,1.0
27,acetone_hl_gap_eV,140,1.0,0.0,0.7094526799477505,0.7094526799477505,,,,1.0
27,acetone_hl_gap_eV,141,1.0,0.0,0.7094526799477505,0.7094526799477505,,,,1.0
27,acetone_hl_gap_eV,142,1.0,0.0,0.7094526799477505,0.7094526799477505,,,,1.0
27,acetone_hl_gap_eV,143,1.0,0.0,0.7094526799477505,0.7094526799477505,,,,1.0
27,acetone_hl_gap_eV,144,1.0,0.0,0.7094526799477505,0.7094526799477505,,,,1.0
27,acetone_hl_gap_eV,145,1.0,0.0,0.7094526799477505,0.7094526799477505,,,,1.0
27,acetone_hl_gap_eV,146,1.0,0.0,0.7094526799477505,0.7094526799477505,,,,1.0
27,acetone_hl_gap_eV,147,1.0,0.0,0.7094526799477505,0.7094526799477505,,,,1.0
27,acetone_hl_gap_eV,148,1.0,0.0,0.7094526799477505,0.7094526799477505,,,,1.0
27,acetone_hl_gap_eV,149,1.0,0.0,0.7094526799477505,0.7094526799477505,,,,1.0
27,acetone_hl_gap_eV,150,1.0,0.0,0.7094526799477505,0.7094526799477505,,,,1.0
27,acetone_hl_gap_eV,151,1.0,0.0,0.7094526799477505,0.7094526799477505,,,,1.0
27,acetone_hl_gap_eV,152,1.0,0.0,0.7094526799477505,0.7094526799477505,,,,1.0
27,acetone_hl_gap_eV,153,1.0,0.0,0.7094526799477505,0.7094526799477505,,,,1.0
27,acetone_hl_gap_eV,154,1.0,0.0,0.7094526799477505,0.7094526799477505,,,,1.0
27,acetone_hl_gap_eV,155,1.0,0.0,0.7094526799477505,0.7094526799477505,,,,1.0
27,acetone_hl_gap_eV,156,1.0,0.0,0.7094526799477505,0.7094526799477505,,,,1.0
27,acetone_hl_gap_eV,157,1.0,0.0,0.7094526799477505,0.7094526799477505,,,,1.0
27,acetone_hl_gap_eV,158,1.0,0.0,0.7094526799477505,0.7094526799477505,,,,1.0
27,acetone_hl_gap_eV,159,1.0,0.0,0.7094526799477505,0.7094526799477505,,,,1.0
27,acetone_hl_gap_eV,160,1.0,0.0,0.7094526799477505,0.7094526799477505,,,,1.0
27,acetone_hl_gap_eV,161,1.0,0.0,0.7094526799477505,0.7094526799477505,,,,1.0
27,acetone_hl_gap_eV,162,1.0,0.0,0.7094526799477505,0.7094526799477505,,,,1.0
27,acetone_hl_gap_eV,163,1.0,0.0,0.7094526799477505,0.7094526799477505,,,,1.0
27,acetone_hl_gap_eV,164,1.0,0.0,0.7094526799477505,0.7094526799477505,,,,1.0
27,acetone_hl_gap_eV,165,1.0,0.0,0.7094526799477505,0.7094526799477505,,,,1.0
27,acetone_hl_gap_eV,166,1.0,0.0,0.7094526799477505,0.7094526799477505,,,,1.0
27,acetone_hl_gap_eV,167,1.0,0.0,0.7094526799477505,0.7094526799477505,,,,1.0
27,acetone_hl_gap_eV,168,1.0,0.0,0.7094526799477505,0.7094526799477505,,,,1.0
27,acetone_hl_gap_eV,169,1.0,0.0,0.7094526799477505,0.7094526799477505,,,,1.0
27,acetone_hl_gap_eV,170,1.0,0.0,0.7094526799477505,0.7094526799477505,,,,1.0
27,acetone_hl_gap_eV,171,1.0,0.0,0.7094526799477505,0.7094526799477505,,,,1.0
27,acetone_hl_gap_eV,172,1.0,0.0,0.7094526799477505,0.7094526799477505,,,,1.0
27,acetone_hl_gap_eV,173,1.0,0.0,0.7094526799477505,0.7094526799477505,,,,1.0
27,acetone_hl_gap_eV,174,1.0,0.0,0.7094526799477505,0.7094526799477505,,,,1.0
27,acetone_hl_gap_eV,175,1.0,0.0,0.7094526799477505,0.7094526799477505,,,,1.0
27,acetone_hl_gap_eV,176,1.0,0.0,0.7094526799477505,0.7094526799477505,,,,1.0
27,acetone_hl_gap_eV,177,1.0,0.0,0.7094526799477505,0.7094526799477505,,,,1.0
27,acetone_hl_gap_eV,178,1.0,0.0,0.7094526799477505,0.7094526799477505,,,,1.0
27,acetone_hl_gap_eV,179,1.0,0.0,0.7094526799477505,0.7094526799477505,,,,1.0
27,acetone_hl_gap_eV,180,1.0,0.0,0.7094526799477505,0.7094526799477505,,,,1.0
27,acetone_hl_gap_eV,181,1.0,0.0,0.7094526799477505,0.7094526799477505,,,,1.0
27,acetone_hl_gap_eV,182,1.0,0.0,0.7094526799477505,0.7094526799477505,,,,1.0
27,acetone_hl_gap_eV,183,1.0,0.0,0.7094526799477505,0.7094526799477505,,,,1.0
27,acetone_hl_gap_eV,184,1.0,0.0,0.7094526799477505,0.7094526799477505,,,,1.0
27,acetone_hl_gap_eV,185,1.0,0.0,0.7094526799477505,0.7094526799477505,,,,1.0
27,acetone_hl_gap_eV,186,1.0,0.0,0.7094526799477505,0.7094526799477505,,,,1.0
27,acetone_hl_gap_eV,187,1.0,0.0,0.7094526799477505,0.7094526799477505,,,,1.0
27,acetone_hl_gap_eV,188,1.0,0.0,0.7094526799477505,0.7094526799477505,,,,1.0
27,acetone_hl_gap_eV,189,1.0,0.0,0.7094526799477505,0.7094526799477505,,,,1.0
27,acetone_hl_gap_eV,190,1.0,0.0,0.7094526799477505,0.7094526799477505,,,,1.0
27,acetone_hl_gap_eV,191,1.0,0.0,0.7094526799477505,0.7094526799477505,,,,1.0
27,acetone_hl_gap_eV,192,1.0,0.0,0.7094526799477505,0.7094526799477505,,,,1.0
27,acetone_hl_gap_eV,193,1.0,0.0,0.7094526799477505,0.7094526799477505,,,,1.0
27,acetone_hl_gap_eV,194,1.0,0.0,0.7094526799477505,0.7094526799477505,,,,1.0
27,acetone_hl_gap_eV,195,1.0,0.0,0.7094526799477505,0.7094526799477505,,,,1.0
27,acetone_hl_gap_eV,196,1.0,0.0,0.7094526799477505,0.7094526799477505,,,,1.0
27,acetone_hl_gap_eV,197,1.0,0.0,0.7094526799477505,0.7094526799477505,,,,1.0
27,acetone_hl_gap_eV,198,1.0,0.0,0.7094526799477505,0.7094526799477505,,,,1.0
27,acetone_hl_gap_eV,199,1.0,0.0,0.7094526799477505,0.7094526799477505,,,,1.0
27,acetone_hl_gap_eV,200,1.0,0.0,0.7094526799477505,0.7094526799477505,,,,1.0
27,acetone_hl_gap_eV,201,1.0,0.0,0.7094526799477505,0.7094526799477505,,,,1.0
27,acetone_hl_gap_eV,202,1.0,0.0,0.7094526799477505,0.7094526799477505,,,,1.0
27,acetone_hl_gap_eV,203,1.0,0.0,0.7094526799477505,0.7094526799477505,,,,1.0
27,acetone_hl_gap_eV,204,1.0,0.0,0.7094526799477505,0.7094526799477505,,,,1.0
27,acetone_hl_gap_eV,205,1.0,0.0,0.7094526799477505,0.7094526799477505,,,,1.0
27,acetone_hl_gap_eV,206,1.0,0.0,0.7094526799477505,0.7094526799477505,,,,1.0
27,acetone_hl_gap_eV,207,1.0,0.0,0.7094526799477505,0.7094526799477505,,,,1.0
27,acetone_hl_gap_eV,208,1.0,0.0,0.7094526799477505,0.7094526799477505,,,,1.0
27,acetone_hl_gap_eV,209,1.0,0.0,0.7094526799477505,0.7094526799477505,,,,1.0
27,acetone_hl_gap_eV,210,1.0,0.0,0.7094526799477505,0.7094526799477505,,,,1.0
27,acetone_hl_gap_eV,211,1.0,0.0,0.7094526799477505,0.7094526799477505,,,,1.0
27,acetone_hl_gap_eV,212,1.0,0.0,0.7094526799477505,0.7094526799477505,,,,1.0
27,acetone_hl_gap_eV,213,1.0,0.0,0.7094526799477505,0.7094526799477505,,,,1.0
27,acetone_hl_gap_eV,214,1.0,0.0,0.7094526799477505,0.7094526799477505,,,,1.0
27,acetone_hl_gap_eV,215,1.0,0.0,0.7094526799477505,0.7094526799477505,,,,1.0
27,acetone_hl_gap_eV,216,1.0,0.0,0.7094526799477505,0.7094526799477505,,,,1.0
27,acetone_hl_gap_eV,217,1.0,0.0,0.7094526799477505,0.7094526799477505,,,,1.0
27,acetone_hl_gap_eV,218,1.0,0.0,0.7094526799477505,0.7094526799477505,,,,1.0
27,acetone_hl_gap_eV,219,1.0,0.0,0.7094526799477505,0.7094526799477505,,,,1.0
27,acetone_hl_gap_eV,220,1.0,0.0,0.7094526799477505,0.7094526799477505,,,,1.0
27,acetone_hl_gap_eV,221,1.0,0.0,0.7094526799477505,0.7094526799477505,,,,1.0
27,acetone_hl_gap_eV,222,1.0,0.0,0.7094526799477505,0.7094526799477505,,,,1.0
27,acetone_hl_gap_eV,223,1.0,0.0,0.7094526799477505,0.7094526799477505,,,,1.0
27,acetone_hl_gap_eV,224,1.0,0.0,0.7094526799477505,0.7094526799477505,,,,1.0
27,acetone_hl_gap_eV,225,1.0,0.0,0.7094526799477505,0.7094526799477505,,,,1.0
27,acetone_hl_gap_eV,226,1.0,0.0,0.7094526799477505,0.7094526799477505,,,,1.0
27,acetone_hl_gap_eV,227,1.0,0.0,0.7094526799477505,0.7094526799477505,,,,1.0
27,acetone_hl_gap_eV,228,1.0,0.0,0.7094526799477505,0.7094526799477505,,,,1.0
27,acetone_hl_gap_eV,229,1.0,0.0,0.7094526799477505,0.7094526799477505,,,,1.0
27,acetone_hl_gap_eV,230,1.0,0.0,0.7094526799477505,0.7094526799477505,,,,1.0
27,acetone_hl_gap_eV,231,1.0,0.0,0.7094526799477505,0.7094526799477505,,,,1.0
27,acetone_hl_gap_eV,232,1.0,0.0,0.7094526799477505,0.7094526799477505,,,,1.0
27,acetone_hl_gap_eV,233,1.0,0.0,0.7094526799477505,0.7094526799477505,,,,1.0
27,acetone_hl_gap_eV,234,1.0,0.0,0.7094526799477505,0.7094526799477505,,,,1.0
27,acetone_hl_gap_eV,235,1.0,0.0,0.7094526799477505,0.7094526799477505,,,,1.0
27,acetone_hl_gap_eV,236,1.0,0.0,0.7094526799477505,0.7094526799477505,,,,1.0
27,acetone_hl_gap_eV,237,1.0,0.0,0.7094526799477505,0.7094526799477505,,,,1.0
27,acetone_hl_gap_eV,238,1.0,0.0,0.7094526799477505,0.7094526799477505,,,,1.0
27,acetone_hl_gap_eV,239,1.0,0.0,0.7094526799477505,0.7094526799477505,,,,1.0
27,acetone_hl_gap_eV,240,1.0,0.0,0.7094526799477505,0.7094526799477505,,,,1.0
27,acetone_hl_gap_eV,241,1.0,0.0,0.7094526799477505,0.7094526799477505,,,,1.0
27,acetone_hl_gap_eV,242,1.0,0.0,0.7094526799477505,0.7094526799477505,,,,1.0
27,acetone_hl_gap_eV,243,1.0,0.0,0.7094526799477505,0.7094526799477505,,,,1.0
27,acetone_hl_gap_eV,244,1.0,0.0,0.7094526799477505,0.7094526799477505,,,,1.0
27,acetone_hl_gap_eV,245,1.0,0.0,0.7094526799477505,0.7094526799477505,,,,1.0
27,acetone_hl_gap_eV,246,1.0,0.0,0.7094526799477505,0.7094526799477505,,,,1.0
27,acetone_hl_gap_eV,247,1.0,0.0,0.7094526799477505,0.7094526799477505,,,,1.0
27,acetone_hl_gap_eV,248,1.0,0.0,0.7094526799477505,0.7094526799477505,,,,1.0
27,acetone_hl_gap_eV,249,1.0,0.0,0.7094526799477505,0.7094526799477505,,,,1.0
27,acetone_dipole,0,1.0,0.0,0.6194586968326723,0.6194586968326723,,,,1.0
27,acetone_dipole,1,1.0,0.0,0.6194586968326723,0.6194586968326723,,,,1.0
27,acetone_dipole,2,1.0,0.0,0.6194586968326723,0.6194586968326723,,,,1.0
27,acetone_dipole,3,1.0,0.0,0.6194586968326723,0.6194586968326723,,,,1.0
27,acetone_dipole,4,1.0,0.0,0.6194586968326723,0.6194586968326723,,,,1.0
27,acetone_dipole,5,1.0,0.0,0.6194586968326723,0.6194586968326723,,,,1.0
27,acetone_dipole,6,1.0,0.0,0.6194586968326723,0.6194586968326723,,,,1.0
27,acetone_dipole,7,1.0,0.0,0.6194586968326723,0.6194586968326723,,,,1.0
27,acetone_dipole,8,1.0,0.0,0.6194586968326723,0.6194586968326723,,,,1.0
27,acetone_dipole,9,1.0,0.0,0.6194586968326723,0.6194586968326723,,,,1.0
27,acetone_dipole,10,1.0,0.0,0.6194586968326723,0.6194586968326723,,,,1.0
27,acetone_dipole,11,1.0,0.0,0.6194586968326723,0.6194586968326723,,,,1.0
27,acetone_dipole,12,1.0,0.0,0.6194586968326723,0.6194586968326723,,,,1.0
27,acetone_dipole,13,1.0,0.0,0.6194586968326723,0.6194586968326723,,,,1.0
27,acetone_dipole,14,1.0,0.0,0.6194586968326723,0.6194586968326723,,,,1.0
27,acetone_dipole,15,1.0,0.0,0.6194586968326723,0.6194586968326723,,,,1.0
27,acetone_dipole,16,1.0,0.0,0.6194586968326723,0.6194586968326723,,,,1.0
27,acetone_dipole,17,1.0,0.0,0.6194586968326723,0.6194586968326723,,,,1.0
27,acetone_dipole,18,1.0,0.0,0.6194586968326723,0.6194586968326723,,,,1.0
27,acetone_dipole,19,1.0,0.0,0.6194586968326723,0.6194586968326723,,,,1.0
27,acetone_dipole,20,1.0,0.0,0.6194586968326723,0.6194586968326723,,,,1.0
27,acetone_dipole,21,1.0,0.0,0.6194586968326723,0.6194586968326723,,,,1.0
27,acetone_dipole,22,1.0,0.0,0.6194586968326723,0.6194586968326723,,,,1.0
27,acetone_dipole,23,1.0,0.0,0.6194586968326723,0.6194586968326723,,,,1.0
27,acetone_dipole,24,1.0,0.0,0.6194586968326723,0.6194586968326723,,,,1.0
27,acetone_dipole,25,1.0,0.0,0.6194586968326723,0.6194586968326723,,,,1.0
27,acetone_dipole,26,1.0,0.0,0.6194586968326723,0.6194586968326723,,,,1.0
27,acetone_dipole,27,1.0,0.0,0.6194586968326723,0.6194586968326723,,,,1.0
27,acetone_dipole,28,1.0,0.0,0.6194586968326723,0.6194586968326723,,,,1.0
27,acetone_dipole,29,1.0,0.0,0.6194586968326723,0.6194586968326723,,,,1.0
27,acetone_dipole,30,1.0,0.0,0.6194586968326723,0.6194586968326723,,,,1.0
27,acetone_dipole,31,1.0,0.0,0.6194586968326723,0.6194586968326723,,,,1.0
27,acetone_dipole,32,1.0,0.0,0.6194586968326723,0.6194586968326723,,,,1.0
27,acetone_dipole,33,1.0,0.0,0.6194586968326723,0.6194586968326723,,,,1.0
27,acetone_dipole,34,1.0,0.0,0.6194586968326723,0.6194586968326723,,,,1.0
27,acetone_dipole,35,1.0,0.0,0.6194586968326723,0.6194586968326723,,,,1.0
27,acetone_dipole,36,1.0,0.0,0.6194586968326723,0.6194586968326723,,,,1.0
27,acetone_dipole,37,1.0,0.0,0.6194586968326723,0.6194586968326723,,,,1.0
27,acetone_dipole,38,1.0,0.0,0.6194586968326723,0.6194586968326723,,,,1.0
27,acetone_dipole,39,1.0,0.0,0.6194586968326723,0.6194586968326723,,,,1.0
27,acetone_dipole,40,1.0,0.0,0.6194586968326723,0.6194586968326723,,,,1.0
27,acetone_dipole,41,1.0,0.0,0.6194586968326723,0.6194586968326723,,,,1.0
27,acetone_dipole,42,1.0,0.0,0.6194586968326723,0.6194586968326723,,,,1.0
27,acetone_dipole,43,1.0,0.0,0.6194586968326723,0.6194586968326723,,,,1.0
27,acetone_dipole,44,1.0,0.0,0.6194586968326723,0.6194586968326723,,,,1.0
27,acetone_dipole,45,1.0,0.0,0.6194586968326723,0.6194586968326723,,,,1.0
27,acetone_dipole,46,1.0,0.0,0.6194586968326723,0.6194586968326723,,,,1.0
27,acetone_dipole,47,1.0,0.0,0.6194586968326723,0.6194586968326723,,,,1.0
27,acetone_dipole,48,1.0,0.0,0.6194586968326723,0.6194586968326723,,,,1.0
27,acetone_dipole,49,1.0,0.0,0.6194586968326723,0.6194586968326723,,,,1.0
27,acetone_dipole,50,1.0,0.0,0.6194586968326723,0.6194586968326723,,,,1.0
27,acetone_dipole,51,1.0,0.0,0.6194586968326723,0.6194586968326723,,,,1.0
27,acetone_dipole,52,1.0,0.0,0.6194586968326723,0.6194586968326723,,,,1.0
27,acetone_dipole,53,1.0,0.0,0.6194586968326723,0.6194586968326723,,,,1.0
27,acetone_dipole,54,1.0,0.0,0.6194586968326723,0.6194586968326723,,,,1.0
27,acetone_dipole,55,1.0,0.0,0.6194586968326723,0.6194586968326723,,,,1.0
27,acetone_dipole,56,1.0,0.0,0.6194586968326723,0.6194586968326723,,,,1.0
27,acetone_dipole,57,1.0,0.0,0.6194586968326723,0.6194586968326723,,,,1.0
27,acetone_dipole,58,1.0,0.0,0.6194586968326723,0.6194586968326723,,,,1.0
27,acetone_dipole,59,1.0,0.0,0.6194586968326723,0.6194586968326723,,,,1.0
27,acetone_dipole,60,1.0,0.0,0.6194586968326723,0.6194586968326723,,,,1.0
27,acetone_dipole,61,1.0,0.0,0.6194586968326723,0.6194586968326723,,,,1.0
27,acetone_dipole,62,1.0,0.0,0.6194586968326723,0.6194586968326723,,,,1.0
27,acetone_dipole,63,1.0,0.0,0.6194586968326723,0.6194586968326723,,,,1.0
27,acetone_dipole,64,1.0,0.0,0.6194586968326723,0.6194586968326723,,,,1.0
27,acetone_dipole,65,1.0,0.0,0.6194586968326723,0.6194586968326723,,,,1.0
27,acetone_dipole,66,1.0,0.0,0.6194586968326723,0.6194586968326723,,,,1.0
27,acetone_dipole,67,1.0,0.0,0.6194586968326723,0.6194586968326723,,,,1.0
27,acetone_dipole,68,1.0,0.0,0.6194586968326723,0.6194586968326723,,,,1.0
27,acetone_dipole,69,1.0,0.0,0.6194586968326723,0.6194586968326723,,,,1.0
27,acetone_dipole,70,1.0,0.0,0.6194586968326723,0.6194586968326723,,,,1.0
27,acetone_dipole,71,1.0,0.0,0.6194586968326723,0.6194586968326723,,,,1.0
27,acetone_dipole,72,1.0,0.0,0.6194586968326723,0.6194586968326723,,,,1.0
27,acetone_dipole,73,1.0,0.0,0.6194586968326723,0.6194586968326723,,,,1.0
27,acetone_dipole,74,1.0,0.0,0.6194586968326723,0.6194586968326723,,,,1.0
27,acetone_dipole,75,1.0,0.0,0.6194586968326723,0.6194586968326723,,,,1.0
27,acetone_dipole,76,1.0,0.0,0.6194586968326723,0.6194586968326723,,,,1.0
27,acetone_dipole,77,1.0,0.0,0.6194586968326723,0.6194586968326723,,,,1.0
27,acetone_dipole,78,1.0,0.0,0.6194586968326723,0.6194586968326723,,,,1.0
27,acetone_dipole,79,1.0,0.0,0.6194586968326723,0.6194586968326723,,,,1.0
27,acetone_dipole,80,1.0,0.0,0.6194586968326723,0.6194586968326723,,,,1.0
27,acetone_dipole,81,1.0,0.0,0.6194586968326723,0.6194586968326723,,,,1.0
27,acetone_dipole,82,1.0,0.0,0.6194586968326723,0.6194586968326723,,,,1.0
27,acetone_dipole,83,1.0,0.0,0.6194586968326723,0.6194586968326723,,,,1.0
27,acetone_dipole,84,1.0,0.0,0.6194586968326723,0.6194586968326723,,,,1.0
27,acetone_dipole,85,1.0,0.0,0.6194586968326723,0.6194586968326723,,,,1.0
27,acetone_dipole,86,1.0,0.0,0.6194586968326723,0.6194586968326723,,,,1.0
27,acetone_dipole,87,1.0,0.0,0.6194586968326723,0.6194586968326723,,,,1.0
27,acetone_dipole,88,1.0,0.0,0.6194586968326723,0.6194586968326723,,,,1.0
27,acetone_dipole,89,1.0,0.0,0.6194586968326723,0.6194586968326723,,,,1.0
27,acetone_dipole,90,1.0,0.0,0.6194586968326723,0.6194586968326723,,,,1.0
27,acetone_dipole,91,1.0,0.0,0.6194586968326723,0.6194586968326723,,,,1.0
27,acetone_dipole,92,1.0,0.0,0.6194586968326723,0.6194586968326723,,,,1.0
27,acetone_dipole,93,1.0,0.0,0.6194586968326723,0.6194586968326723,,,,1.0
27,acetone_dipole,94,1.0,0.0,0.6194586968326723,0.6194586968326723,,,,1.0
27,acetone_dipole,95,1.0,0.0,0.6194586968326723,0.6194586968326723,,,,1.0
27,acetone_dipole,96,1.0,0.0,0.6194586968326723,0.6194586968326723,,,,1.0
27,acetone_dipole,97,1.0,0.0,0.6194586968326723,0.6194586968326723,,,,1.0
27,acetone_dipole,98,1.0,0.0,0.6194586968326723,0.6194586968326723,,,,1.0
27,acetone_dipole,99,1.0,0.0,0.6194586968326723,0.6194586968326723,,,,1.0
27,acetone_dipole,100,1.0,0.0,0.6194586968326723,0.6194586968326723,,,,1.0
27,acetone_dipole,101,1.0,0.0,0.6194586968326723,0.6194586968326723,,,,1.0
27,acetone_dipole,102,1.0,0.0,0.6194586968326723,0.6194586968326723,,,,1.0
27,acetone_dipole,103,1.0,0.0,0.6194586968326723,0.6194586968326723,,,,1.0
27,acetone_dipole,104,1.0,0.0,0.6194586968326723,0.6194586968326723,,,,1.0
27,acetone_dipole,105,1.0,0.0,0.6194586968326723,0.6194586968326723,,,,1.0
27,acetone_dipole,106,1.0,0.0,0.6194586968326723,0.6194586968326723,,,,1.0
27,acetone_dipole,107,1.0,0.0,0.6194586968326723,0.6194586968326723,,,,1.0
27,acetone_dipole,108,1.0,0.0,0.6194586968326723,0.6194586968326723,,,,1.0
27,acetone_dipole,109,1.0,0.0,0.6194586968326723,0.6194586968326723,,,,1.0
27,acetone_dipole,110,1.0,0.0,0.6194586968326723,0.6194586968326723,,,,1.0
27,acetone_dipole,111,1.0,0.0,0.6194586968326723,0.6194586968326723,,,,1.0
27,acetone_dipole,112,1.0,0.0,0.6194586968326723,0.6194586968326723,,,,1.0
27,acetone_dipole,113,1.0,0.0,0.6194586968326723,0.6194586968326723,,,,1.0
27,acetone_dipole,114,1.0,0.0,0.6194586968326723,0.6194586968326723,,,,1.0
27,acetone_dipole,115,1.0,0.0,0.6194586968326723,0.6194586968326723,,,,1.0
27,acetone_dipole,116,1.0,0.0,0.6194586968326723,0.6194586968326723,,,,1.0
27,acetone_dipole,117,1.0,0.0,0.6194586968326723,0.6194586968326723,,,,1.0
27,acetone_dipole,118,1.0,0.0,0.6194586968326723,0.6194586968326723,,,,1.0
27,acetone_dipole,119,1.0,0.0,0.6194586968326723,0.6194586968326723,,,,1.0
27,acetone_dipole,120,1.0,0.0,0.6194586968326723,0.6194586968326723,,,,1.0
27,acetone_dipole,121,1.0,0.0,0.6194586968326723,0.6194586968326723,,,,1.0
27,acetone_dipole,122,1.0,0.0,0.6194586968326723,0.6194586968326723,,,,1.0
27,acetone_dipole,123,1.0,0.0,0.6194586968326723,0.6194586968326723,,,,1.0
27,acetone_dipole,124,1.0,0.0,0.6194586968326723,0.6194586968326723,,,,1.0
27,acetone_dipole,125,1.0,0.0,0.6194586968326723,0.6194586968326723,,,,1.0
27,acetone_dipole,126,1.0,0.0,0.6194586968326723,0.6194586968326723,,,,1.0
27,acetone_dipole,127,1.0,0.0,0.6194586968326723,0.6194586968326723,,,,1.0
27,acetone_dipole,128,1.0,0.0,0.6194586968326723,0.6194586968326723,,,,1.0
27,acetone_dipole,129,1.0,0.0,0.6194586968326723,0.6194586968326723,,,,1.0
27,acetone_dipole,130,1.0,0.0,0.6194586968326723,0.6194586968326723,,,,1.0
27,acetone_dipole,131,1.0,0.0,0.6194586968326723,0.6194586968326723,,,,1.0
27,acetone_dipole,132,1.0,0.0,0.6194586968326723,0.6194586968326723,,,,1.0
27,acetone_dipole,133,1.0,0.0,0.6194586968326723,0.6194586968326723,,,,1.0
27,acetone_dipole,134,1.0,0.0,0.6194586968326723,0.6194586968326723,,,,1.0
27,acetone_dipole,135,1.0,0.0,0.6194586968326723,0.6194586968326723,,,,1.0
27,acetone_dipole,136,1.0,0.0,0.6194586968326723,0.6194586968326723,,,,1.0
27,acetone_dipole,137,1.0,0.0,0.6194586968326723,0.6194586968326723,,,,1.0
27,acetone_dipole,138,1.0,0.0,0.6194586968326723,0.6194586968326723,,,,1.0
27,acetone_dipole,139,1.0,0.0,0.6194586968326723,0.6194586968326723,,,,1.0
27,acetone_dipole,140,1.0,0.0,0.6194586968326723,0.6194586968326723,,,,1.0
27,acetone_dipole,141,1.0,0.0,0.6194586968326723,0.6194586968326723,,,,1.0
27,acetone_dipole,142,1.0,0.0,0.6194586968326723,0.6194586968326723,,,,1.0
27,acetone_dipole,143,1.0,0.0,0.6194586968326723,0.6194586968326723,,,,1.0
27,acetone_dipole,144,1.0,0.0,0.6194586968326723,0.6194586968326723,,,,1.0
27,acetone_dipole,145,1.0,0.0,0.6194586968326723,0.6194586968326723,,,,1.0
27,acetone_dipole,146,1.0,0.0,0.6194586968326723,0.6194586968326723,,,,1.0
27,acetone_dipole,147,1.0,0.0,0.6194586968326723,0.6194586968326723,,,,1.0
27,acetone_dipole,148,1.0,0.0,0.6194586968326723,0.6194586968326723,,,,1.0
27,acetone_dipole,149,1.0,0.0,0.6194586968326723,0.6194586968326723,,,,1.0
27,acetone_dipole,150,1.0,0.0,0.6194586968326723,0.6194586968326723,,,,1.0
27,acetone_dipole,151,1.0,0.0,0.6194586968326723,0.6194586968326723,,,,1.0
27,acetone_dipole,152,1.0,0.0,0.6194586968326723,0.6194586968326723,,,,1.0
27,acetone_dipole,153,1.0,0.0,0.6194586968326723,0.6194586968326723,,,,1.0
27,acetone_dipole,154,1.0,0.0,0.6194586968326723,0.6194586968326723,,,,1.0
27,acetone_dipole,155,1.0,0.0,0.6194586968326723,0.6194586968326723,,,,1.0
27,acetone_dipole,156,1.0,0.0,0.6194586968326723,0.6194586968326723,,,,1.0
27,acetone_dipole,157,1.0,0.0,0.6194586968326723,0.6194586968326723,,,,1.0
27,acetone_dipole,158,1.0,0.0,0.6194586968326723,0.6194586968326723,,,,1.0
27,acetone_dipole,159,1.0,0.0,0.6194586968326723,0.6194586968326723,,,,1.0
27,acetone_dipole,160,1.0,0.0,0.6194586968326723,0.6194586968326723,,,,1.0
27,acetone_dipole,161,1.0,0.0,0.6194586968326723,0.6194586968326723,,,,1.0
27,acetone_dipole,162,1.0,0.0,0.6194586968326723,0.6194586968326723,,,,1.0
27,acetone_dipole,163,1.0,0.0,0.6194586968326723,0.6194586968326723,,,,1.0
27,acetone_dipole,164,1.0,0.0,0.6194586968326723,0.6194586968326723,,,,1.0
27,acetone_dipole,165,1.0,0.0,0.6194586968326723,0.6194586968326723,,,,1.0
27,acetone_dipole,166,1.0,0.0,0.6194586968326723,0.6194586968326723,,,,1.0
27,acetone_dipole,167,1.0,0.0,0.6194586968326723,0.6194586968326723,,,,1.0
27,acetone_dipole,168,1.0,0.0,0.6194586968326723,0.6194586968326723,,,,1.0
27,acetone_dipole,169,1.0,0.0,0.6194586968326723,0.6194586968326723,,,,1.0
27,acetone_dipole,170,1.0,0.0,0.6194586968326723,0.6194586968326723,,,,1.0
27,acetone_dipole,171,1.0,0.0,0.6194586968326723,0.6194586968326723,,,,1.0
27,acetone_dipole,172,1.0,0.0,0.6194586968326723,0.6194586968326723,,,,1.0
27,acetone_dipole,173,1.0,0.0,0.6194586968326723,0.6194586968326723,,,,1.0
27,acetone_dipole,174,1.0,0.0,0.6194586968326723,0.6194586968326723,,,,1.0
27,acetone_dipole,175,1.0,0.0,0.6194586968326723,0.6194586968326723,,,,1.0
27,acetone_dipole,176,1.0,0.0,0.6194586968326723,0.6194586968326723,,,,1.0
27,acetone_dipole,177,1.0,0.0,0.6194586968326723,0.6194586968326723,,,,1.0
27,acetone_dipole,178,1.0,0.0,0.6194586968326723,0.6194586968326723,,,,1.0
27,acetone_dipole,179,1.0,0.0,0.6194586968326723,0.6194586968326723,,,,1.0
27,acetone_dipole,180,1.0,0.0,0.6194586968326723,0.6194586968326723,,,,1.0
27,acetone_dipole,181,1.0,0.0,0.6194586968326723,0.6194586968326723,,,,1.0
27,acetone_dipole,182,1.0,0.0,0.6194586968326723,0.6194586968326723,,,,1.0
27,acetone_dipole,183,1.0,0.0,0.6194586968326723,0.6194586968326723,,,,1.0
27,acetone_dipole,184,1.0,0.0,0.6194586968326723,0.6194586968326723,,,,1.0
27,acetone_dipole,185,1.0,0.0,0.6194586968326723,0.6194586968326723,,,,1.0
27,acetone_dipole,186,1.0,0.0,0.6194586968326723,0.6194586968326723,,,,1.0
27,acetone_dipole,187,1.0,0.0,0.6194586968326723,0.6194586968326723,,,,1.0
27,acetone_dipole,188,1.0,0.0,0.6194586968326723,0.6194586968326723,,,,1.0
27,acetone_dipole,189,1.0,0.0,0.6194586968326723,0.6194586968326723,,,,1.0
27,acetone_dipole,190,1.0,0.0,0.6194586968326723,0.6194586968326723,,,,1.0
27,acetone_dipole,191,1.0,0.0,0.6194586968326723,0.6194586968326723,,,,1.0
27,acetone_dipole,192,1.0,0.0,0.6194586968326723,0.6194586968326723,,,,1.0
27,acetone_dipole,193,1.0,0.0,0.6194586968326723,0.6194586968326723,,,,1.0
27,acetone_dipole,194,1.0,0.0,0.6194586968326723,0.6194586968326723,,,,1.0
27,acetone_dipole,195,1.0,0.0,0.6194586968326723,0.6194586968326723,,,,1.0
27,acetone_dipole,196,1.0,0.0,0.6194586968326723,0.6194586968326723,,,,1.0
27,acetone_dipole,197,1.0,0.0,0.6194586968326723,0.6194586968326723,,,,1.0
27,acetone_dipole,198,1.0,0.0,0.6194586968326723,0.6194586968326723,,,,1.0
27,acetone_dipole,199,1.0,0.0,0.6194586968326723,0.6194586968326723,,,,1.0
27,acetone_dipole,200,1.0,0.0,0.6194586968326723,0.6194586968326723,,,,1.0
27,acetone_dipole,201,1.0,0.0,0.6194586968326723,0.6194586968326723,,,,1.0
27,acetone_dipole,202,1.0,0.0,0.6194586968326723,0.6194586968326723,,,,1.0
27,acetone_dipole,203,1.0,0.0,0.6194586968326723,0.6194586968326723,,,,1.0
27,acetone_dipole,204,1.0,0.0,0.6194586968326723,0.6194586968326723,,,,1.0
27,acetone_dipole,205,1.0,0.0,0.6194586968326723,0.6194586968326723,,,,1.0
27,acetone_dipole,206,1.0,0.0,0.6194586968326723,0.6194586968326723,,,,1.0
27,acetone_dipole,207,1.0,0.0,0.6194586968326723,0.6194586968326723,,,,1.0
27,acetone_dipole,208,1.0,0.0,0.6194586968326723,0.6194586968326723,,,,1.0
27,acetone_dipole,209,1.0,0.0,0.6194586968326723,0.6194586968326723,,,,1.0
27,acetone_dipole,210,1.0,0.0,0.6194586968326723,0.6194586968326723,,,,1.0
27,acetone_dipole,211,1.0,0.0,0.6194586968326723,0.6194586968326723,,,,1.0
27,acetone_dipole,212,1.0,0.0,0.6194586968326723,0.6194586968326723,,,,1.0
27,acetone_dipole,213,1.0,0.0,0.6194586968326723,0.6194586968326723,,,,1.0
27,acetone_dipole,214,1.0,0.0,0.6194586968326723,0.6194586968326723,,,,1.0
27,acetone_dipole,215,1.0,0.0,0.6194586968326723,0.6194586968326723,,,,1.0
27,acetone_dipole,216,1.0,0.0,0.6194586968326723,0.6194586968326723,,,,1.0
27,acetone_dipole,217,1.0,0.0,0.6194586968326723,0.6194586968326723,,,,1.0
27,acetone_dipole,218,1.0,0.0,0.6194586968326723,0.6194586968326723,,,,1.0
27,acetone_dipole,219,1.0,0.0,0.6194586968326723,0.6194586968326723,,,,1.0
27,acetone_dipole,220,1.0,0.0,0.6194586968326723,0.6194586968326723,,,,1.0
27,acetone_dipole,221,1.0,0.0,0.6194586968326723,0.6194586968326723,,,,1.0
27,acetone_dipole,222,1.0,0.0,0.6194586968326723,0.6194586968326723,,,,1.0
27,acetone_dipole,223,1.0,0.0,0.6194586968326723,0.6194586968326723,,,,1.0
27,acetone_dipole,224,1.0,0.0,0.6194586968326723,0.6194586968326723,,,,1.0
27,acetone_dipole,225,1.0,0.0,0.6194586968326723,0.6194586968326723,,,,1.0
27,acetone_dipole,226,1.0,0.0,0.6194586968326723,0.6194586968326723,,,,1.0
27,acetone_dipole,227,1.0,0.0,0.6194586968326723,0.6194586968326723,,,,1.0
27,acetone_dipole,228,1.0,0.0,0.6194586968326723,0.6194586968326723,,,,1.0
27,acetone_dipole,229,1.0,0.0,0.6194586968326723,0.6194586968326723,,,,1.0
27,acetone_dipole,230,1.0,0.0,0.6194586968326723,0.6194586968326723,,,,1.0
27,acetone_dipole,231,1.0,0.0,0.6194586968326723,0.6194586968326723,,,,1.0
27,acetone_dipole,232,1.0,0.0,0.6194586968326723,0.6194586968326723,,,,1.0
27,acetone_dipole,233,1.0,0.0,0.6194586968326723,0.6194586968326723,,,,1.0
27,acetone_dipole,234,1.0,0.0,0.6194586968326723,0.6194586968326723,,,,1.0
27,acetone_dipole,235,1.0,0.0,0.6194586968326723,0.6194586968326723,,,,1.0
27,acetone_dipole,236,1.0,0.0,0.6194586968326723,0.6194586968326723,,,,1.0
27,acetone_dipole,237,1.0,0.0,0.6194586968326723,0.6194586968326723,,,,1.0
27,acetone_dipole,238,1.0,0.0,0.6194586968326723,0.6194586968326723,,,,1.0
27,acetone_dipole,239,1.0,0.0,0.6194586968326723,0.6194586968326723,,,,1.0
27,acetone_dipole,240,1.0,0.0,0.6194586968326723,0.6194586968326723,,,,1.0
27,acetone_dipole,241,1.0,0.0,0.6194586968326723,0.6194586968326723,,,,1.0
27,acetone_dipole,242,1.0,0.0,0.6194586968326723,0.6194586968326723,,,,1.0
27,acetone_dipole,243,1.0,0.0,0.6194586968326723,0.6194586968326723,,,,1.0
27,acetone_dipole,244,1.0,0.0,0.6194586968326723,0.6194586968326723,,,,1.0
27,acetone_dipole,245,1.0,0.0,0.6194586968326723,0.6194586968326723,,,,1.0
27,acetone_dipole,246,1.0,0.0,0.6194586968326723,0.6194586968326723,,,,1.0
27,acetone_dipole,247,1.0,0.0,0.6194586968326723,0.6194586968326723,,,,1.0
27,acetone_dipole,248,1.0,0.0,0.6194586968326723,0.6194586968326723,,,,1.0
27,acetone_dipole,249,1.0,0.0,0.6194586968326723,0.6194586968326723,,,,1.0
27,octanol_gsolv_eV,0,0.42392268776893616,0.049049414694309235,0.6493724161126355,0.9212140367570429,11.40134334564209,1.1871458292007446,0.10412332943683383,0.22
27,octanol_gsolv_eV,1,0.1830776035785675,0.04478534311056137,0.6537162848458802,0.9586765121089451,10.129434585571289,0.06366385519504547,0.006285035423964377,0.14
27,octanol_gsolv_eV,2,0.14245009422302246,0.04442707076668739,0.6501399088249848,0.9772378671812818,9.974533081054688,0.01592523232102394,0.0015965892530119352,0.12
27,octanol_gsolv_eV,3,0.1616794466972351,0.04643750935792923,0.6512794075695385,0.9554723196812687,10.511068344116211,0.03790616616606712,0.003606309551520126,0.16
27,octanol_gsolv_eV,4,0.32973670959472656,0.04189903661608696,0.650050898114767,0.9238501048170824,9.584334373474121,0.8124058842658997,0.08476393379120177,0.26
27,octanol_gsolv_eV,5,0.18182316422462463,0.042806100100278854,0.6534323356311877,0.9734941009459039,9.666888236999512,0.02075810916721821,0.002147341384145482,0.14
27,octanol_gsolv_eV,6,0.19830207526683807,0.04742039367556572,0.6365130742184897,0.9756032694834893,9.82594108581543,0.059030599892139435,0.006007628111810589,0.16
27,octanol_gsolv_eV,7,0.24130669236183167,0.05178278312087059,0.6375174885724462,0.9328753620437154,10.888017654418945,0.5755229592323303,0.052858378586367556,0.28
27,octanol_gsolv_eV,8,0.09817378968000412,0.04013672471046448,0.6360078475891993,0.9628614399219799,8.289497375488281,0.024230189621448517,0.002922998648035795,0.12
27,octanol_gsolv_eV,9,0.1793658286333084,0.03669890761375427,0.6416498008051692,0.9070863573422392,7.847911357879639,0.5556888580322266,0.07080722917114643,0.1
27,octanol_gsolv_eV,10,0.3038407266139984,0.04115458205342293,0.6544516583629822,0.9163697922866829,9.4369535446167,0.6519401669502258,0.06908375291538067,0.3
27,octanol_gsolv_eV,11,0.30248910188674927,0.03976726531982422,0.6383534435281799,0.9005211669986262,8.64803695678711,0.9070651531219482,0.10488682664683456,0.34
27,octanol_gsolv_eV,12,0.18146203458309174,0.026177283376455307,0.6352282190975778,0.9510000419218116,5.320394039154053,0.26099762320518494,0.04905607014902298,0.16
27,octanol_gsolv_eV,13,0.28816404938697815,0.044858917593955994,0.6426502414399116,0.9177633828486256,9.936993598937988,0.7834163904190063,0.07883837124567873,0.24
27,octanol_gsolv_eV,14,0.12228265404701233,0.04199159890413284,0.6453399425042081,0.9726558461175268,9.15505313873291,0.023670094087719917,0.0025854676897043042,0.12
27,octanol_gsolv_eV,15,0.23524896800518036,0.041212957352399826,0.6521526030495219,0.9211701421228609,9.335107803344727,0.23914407193660736,0.025617708651519067,0.2
27,octanol_gsolv_eV,16,0.11476245522499084,0.03809817507863045,0.6541860016582326,0.9613363461676026,8.61472225189209,0.014661763794720173,0.0017019427168995431,0.1
27,octanol_gsolv_eV,17,0.16974273324012756,0.026915859431028366,0.6351621512585361,0.954597062614529,5.491987228393555,0.17644090950489044,0.03212697010522741,0.1
27,octanol_gsolv_eV,18,0.16781246662139893,0.03634621575474739,0.6543375354327003,0.9423215989732028,8.20373249053955,0.15436096489429474,0.018815943239531764,0.1
27,octanol_gsolv_eV,19,0.18084272742271423,0.05489925667643547,0.6344812854345152,0.9760141978488557,11.296305656433105,0.021753940731287003,0.0019257570920009944,0.2
27,octanol_gsolv_eV,20,0.3095816671848297,0.04757978022098541,0.6476663440416943,0.927595932022601,10.815264701843262,0.7463269233703613,0.0690068106463602,0.34
27,octanol_gsolv_eV,21,0.18147066235542297,0.041617102921009064,0.6500444934966485,0.9584372905198468,9.383455276489258,0.039511073380708694,0.004210716864576077,0.16
27,octanol_gsolv_eV,22,0.2434598207473755,0.0460483655333519,0.6510294050269807,0.9126234813403917,10.507832527160645,0.8196589946746826,0.07800457349848583,0.2
27,octanol_gsolv_eV,23,0.14487029612064362,0.032485105097293854,0.635708461293657,0.9601348640223664,6.672523498535156,0.08716639876365662,0.013063483220822314,0.1
27,octanol_gsolv_eV,24,0.22107143700122833,0.04863905906677246,0.6530707035592795,0.9285789200129877,11.082521438598633,0.4136717617511749,0.037326502280466876,0.16
27,octanol_gsolv_eV,25,0.3110541105270386,0.04523249343037605,0.6512589501307569,0.9265247437451705,10.40434741973877,0.5559443831443787,0.053433854206911637,0.32
27,octanol_gsolv_eV,26,0.19533243775367737,0.06492001563310623,0.6494747292959044,0.9775039113228139,14.6392183303833,0.010442408733069897,0.0007133173710099644,0.12
27,octanol_gsolv_eV,27,0.37278929352760315,0.04704584181308746,0.6467038617549541,0.9300216052775767,10.697293281555176,1.407798409461975,0.13160323573528396,0.3
27,octanol_gsolv_eV,28,0.20130117237567902,0.04234897717833519,0.6528125290422799,0.9128358431695245,9.646321296691895,0.9685904383659363,0.10041034385803677,0.12
27,octanol_gsolv_eV,29,0.06051221117377281,0.03327386453747749,0.6535262872838545,0.9568909461689004,7.468448162078857,0.03058546781539917,0.004095290902693451,0.06
27,octanol_gsolv_eV,30,0.34520435333251953,0.04400608688592911,0.6511954758582528,0.9177119481908764,10.078468322753906,1.2572009563446045,0.12474127179685164,0.36
27,octanol_gsolv_eV,31,0.34153127670288086,0.04259946942329407,0.6496745667459853,0.91277709980806,9.67013168334961,0.9822812676429749,0.10157889259505154,0.34
27,octanol_gsolv_eV,32,0.11035849899053574,0.03292014077305794,0.6346070780051547,0.9559473519819279,6.72387170791626,0.13101209700107574,0.01948462176142213,0.06
27,octanol_gsolv_eV,33,0.1462162733078003,0.04597131535410881,0.6468936535453955,0.9769056951210691,10.250322341918945,0.0068686953745782375,0.0006700955487505538,0.14
27,octanol_gsolv_eV,34,0.2124101221561432,0.042009592056274414,0.6486630249315042,0.9231082939080872,9.552091598510742,0.44470879435539246,0.046556169376006255,0.2
27,octanol_gsolv_eV,35,0.17250880599021912,0.04462229833006859,0.6501477909329967,0.9612841472655862,10.066028594970703,0.03489941358566284,0.0034670489216670477,0.12
27,octanol_gsolv_eV,36,0.29295358061790466,0.03909996524453163,0.6495239940729984,0.9181229151538075,8.911901473999023,0.5983741283416748,0.06714326118701662,0.34
27,octanol_gsolv_eV,37,0.13323457539081573,0.04959414154291153,0.6369744245157773,0.9804183596743545,10.365297317504883,0.024821944534778595,0.0023947161161368105,0.16
27,octanol_gsolv_eV,38,0.2741546928882599,0.038754552602767944,0.6498378073662738,0.9222472234365946,8.846787452697754,0.5393125414848328,0.06096139919359925,0.1
27,octanol_gsolv_eV,39,0.11497259140014648,0.04423317313194275,0.64813274993509,0.9653233529557388,9.738434791564941,0.011543365195393562,0.0011853409138593795,0.12
27,octanol_gsolv_eV,40,0.2739301919937134,0.04724488407373428,0.646246434722775,0.9091646486475036,10.766295433044434,1.0139888525009155,0.09418177857062439,0.2
27,octanol_gsolv_eV,41,0.304993212223053,0.043368250131607056,0.6489665431564395,0.9180877153378035,9.880785942077637,0.5246899127960205,0.05310204227394625,0.32
27,octanol_gsolv_eV,42,0.2791922092437744,0.04357791319489479,0.654306190348966,0.9288255743758616,9.864601135253906,0.8331976532936096,0.08446339004178742,0.28
27,octanol_gsolv_eV,43,0.1780223399400711,0.042031317949295044,0.6455743854788238,0.9542716317135815,9.300369262695312,0.07306556403636932,0.007856200326307733,0.16
27,octanol_gsolv_eV,44,0.058660801500082016,0.03466638922691345,0.6355473338688067,0.953934724178394,7.119318008422852,0.020938200876116753,0.0029410402585394848,0.02
27,octanol_gsolv_eV,45,0.16712398827075958,0.031978681683540344,0.6547452797165738,0.9686481283397934,7.187475204467773,0.04949455335736275,0.006886222484161986,0.12
27,octanol_gsolv_eV,46,0.22844861447811127,0.04957883805036545,0.645126540726487,0.965983743815968,11.136356353759766,0.14357499778270721,0.012892457211485927,0.18
27,octanol_gsolv_eV,47,0.32251378893852234,0.037706974893808365,0.6359411849772598,0.9331896198716518,7.801636219024658,0.8168710470199585,0.10470509314802194,0.34
27,octanol_gsolv_eV,48,0.2169646918773651,0.044486094266176224,0.6514340502016671,0.93205129543108,10.036805152893066,0.5097489356994629,0.05078796767839315,0.2
27,octanol_gsolv_eV,49,0.3220875859260559,0.04589356109499931,0.6510125620081058,0.9130883959575489,10.350452423095703,0.8353716135025024,0.08070870521934656,0.4
27,octanol_gsolv_eV,50,0.32442834973335266,0.04543096199631691,0.6502855704257424,0.9106637901733337,10.384374618530273,1.4672465324401855,0.14129368270497242,0.32
27,octanol_gsolv_eV,51,0.28422775864601135,0.05056791380047798,0.6377778057540788,0.9526671330095595,10.984780311584473,0.1967059075832367,0.01790713168617419,0.2
27,octanol_gsolv_eV,52,0.3540569245815277,0.04497937485575676,0.6493811544649939,0.908884967590869,10.118577003479004,0.9688084125518799,0.09574551957442048,0.28
27,octanol_gsolv_eV,53,0.15624341368675232,0.05429500341415405,0.6272137091835746,0.9395464930771753,11.238005638122559,0.14054721593856812,0.012506419774500859,0.14
27,octanol_gsolv_eV,54,0.3352070152759552,0.05449076369404793,0.6379580442508541,0.9144941429062259,11.543166160583496,0.8294121026992798,0.07185308529400514,0.3
27,octanol_gsolv_eV,55,0.3280409574508667,0.050287142395973206,0.6348858517725389,0.9074660277962003,10.477677345275879,0.9424567818641663,0.0899490174021341,0.32
27,octanol_gsolv_eV,56,0.1889854073524475,0.04451877996325493,0.6505819062513798,0.9714365926160904,10.03439998626709,0.03027944825589657,0.0030175644081695476,0.12
27,octanol_gsolv_eV,57,0.22241555154323578,0.04443666711449623,0.651179593876388,0.942479117053822,10.052820205688477,0.16910290718078613,0.016821439528491494,0.16
27,octanol_gsolv_eV,58,0.2713807225227356,0.04422426223754883,0.6522507897372949,0.9110917072577793,10.118743896484375,0.7645988464355469,0.07556262459624032,0.2
27,octanol_gsolv_eV,59,0.39412808418273926,0.05661289021372795,0.6399401243526472,0.9247175374769048,12.267489433288574,1.4569711685180664,0.11876685742760756,0.26
27,octanol_gsolv_eV,60,0.32021191716194153,0.04408726096153259,0.636964101583247,0.9212098474830201,9.721567153930664,0.5975731015205383,0.061468803543565,0.32
27,octanol_gsolv_eV,61,0.19010265171527863,0.042477648705244064,0.6513227304779297,0.9620642794423708,9.626851081848145,0.06437472999095917,0.00668699759076367,0.18
27,octanol_gsolv_eV,62,0.2514570951461792,0.04276919737458229,0.6534634524884402,0.9262851993232875,9.693803787231445,0.35300058126449585,0.036415073897974264,0.28
27,octanol_gsolv_eV,63,0.23836784064769745,0.04366281256079674,0.6500880733274343,0.9366663982909129,9.911067008972168,0.294070839881897,0.02967095668061614,0.22
27,octanol_gsolv_eV,64,0.16671347618103027,0.03243380784988403,0.6351747730383122,0.9409496289395947,6.627882480621338,0.3192151188850403,0.04816245909886971,0.12
27,octanol_gsolv_eV,65,0.08307144790887833,0.040302734822034836,0.6531371058537108,0.9559594745547115,9.061219215393066,0.020598597824573517,0.002273270002074436,0.02
27,octanol_gsolv_eV,66,0.1365414410829544,0.061924245208501816,0.6527849177695955,0.9778004476097262,13.996797561645508,0.023913590237498283,0.0017085044012515478,0.08
27,octanol_gsolv_eV,67,0.3185810148715973,0.04102347418665886,0.6427855661325781,0.9111969860676292,9.164032936096191,0.668611466884613,0.07296039544456684,0.32
27,octanol_gsolv_eV,68,0.3696102797985077,0.0304594486951828,0.6521054380882569,0.9231662303800698,6.947256565093994,0.9830382466316223,0.14150020766050722,0.26
27,octanol_gsolv_eV,69,0.0890347808599472,0.044766973704099655,0.6462168866394089,0.9631403619750509,10.009943962097168,0.015208758413791656,0.0015193649905913453,0.04
27,octanol_gsolv_eV,70,0.2986082136631012,0.042912714183330536,0.6538201976646434,0.9190562519661614,9.758081436157227,0.9617375135421753,0.09855805363322645,0.24
27,octanol_gsolv_eV,71,0.22391416132450104,0.029689639806747437,0.6372338377818954,0.9096567986064059,6.117743968963623,0.7612592577934265,0.12443463826786914,0.16
27,octanol_gsolv_eV,72,0.09716036915779114,0.04486697167158127,0.6530509047578141,0.9674425511667823,10.124361038208008,0.007201372645795345,0.0007112915687832853,0.04
27,octanol_gsolv_eV,73,0.2083088457584381,0.045568861067295074,0.6531848752331626,0.9536043408369463,10.337442398071289,0.09160861372947693,0.008861825798088009,0.14
27,octanol_gsolv_eV,74,0.07398946583271027,0.040803465992212296,0.6536362358220438,0.9620139059602715,9.175365447998047,0.015001242980360985,0.0016349477375458732,0.04
27,octanol_gsolv_eV,75,0.07031591236591339,0.04732200875878334,0.6513639790459571,0.9596996952581316,10.664941787719727,0.0067413789220154285,0.0006321064902368121,0.06
27,octanol_gsolv_eV,76,0.11113572120666504,0.022386163473129272,0.6360473725408631,0.9529273180937512,4.554119110107422,0.0677044615149498,0.01486664267622829,0.1
27,octanol_gsolv_eV,77,0.18071511387825012,0.038541797548532486,0.634776849130855,0.929703448069229,7.934352397918701,0.3817547857761383,0.04811417071370289,0.14
27,octanol_gsolv_eV,78,0.22533446550369263,0.04232995957136154,0.6497137454064523,0.921391056397675,9.560999870300293,0.2338511049747467,0.024458854528506744,0.16
27,octanol_gsolv_eV,79,0.2615707516670227,0.04682637378573418,0.6510325591115453,0.9270785315268717,10.645641326904297,0.4570138156414032,0.04292966497813624,0.34
27,octanol_gsolv_eV,80,0.10701223462820053,0.04560411721467972,0.6537588223135249,0.9723466096853948,10.300679206848145,0.018693428486585617,0.0018147762988442323,0.04
27,octanol_gsolv_eV,81,0.33892202377319336,0.041985657066106796,0.6460429816073923,0.9207866613109732,9.622637748718262,0.5425527691841125,0.056382956872337915,0.28
27,octanol_gsolv_eV,82,0.1256553828716278,0.03816382214426994,0.6346136994592497,0.9695466109022033,7.810990333557129,0.028678027912974358,0.0036714970430534854,0.12
27,octanol_gsolv_eV,83,0.14919692277908325,0.03310798481106758,0.6352671187837435,0.9622575655661969,6.785544395446777,0.09504380822181702,0.014006806629338852,0.14
27,octanol_gsolv_eV,84,0.4034643769264221,0.04382108524441719,0.6412102365638965,0.9303124367282198,9.201192855834961,2.3093738555908203,0.2509863548970528,0.34
27,octanol_gsolv_eV,85,0.12952978909015656,0.02896060422062874,0.6374843722893773,0.9457962977839163,5.988956928253174,0.14282505214214325,0.023848068011369333,0.1
27,octanol_gsolv_eV,86,0.3387875258922577,0.0454326793551445,0.6487855873178077,0.9341192456505685,10.205327033996582,0.7191215753555298,0.07046531414034553,0.24
27,octanol_gsolv_eV,87,0.08374428749084473,0.04094291478395462,0.6353363642215584,0.9650527740045254,8.417763710021973,0.027912646532058716,0.0033159218402420395,0.06
27,octanol_gsolv_eV,88,0.27319979667663574,0.04344926029443741,0.6536349470290286,0.9048808262303196,9.90881061553955,0.5574923157691956,0.05626228388045937,0.26
27,octanol_gsolv_eV,89,0.25935542583465576,0.043048128485679626,0.6520200417154509,0.9372962363483592,9.833932876586914,0.330851286649704,0.03364384227569929,0.28
27,octanol_gsolv_eV,90,0.14876548945903778,0.04409134387969971,0.6348337719699002,0.9743642617271195,9.066834449768066,0.03467084467411041,0.0038239194579092937,0.14
27,octanol_gsolv_eV,91,0.12020006775856018,0.04224063828587532,0.6516815573933903,0.9532230853914692,9.511073112487793,0.009557647630572319,0.0010048968731008255,0.1
27,octanol_gsolv_eV,92,0.1291314959526062,0.0436268150806427,0.6539748553745246,0.9735135471683865,9.844294548034668,0.0058373319916427135,0.0005929660031157934,0.12
27,octanol_gsolv_eV,93,0.23532786965370178,0.05243336409330368,0.6336201190287816,0.9210951238763838,11.224578857421875,1.1004884243011475,0.098042736238027,0.2
27,octanol_gsolv_eV,94,0.1939695030450821,0.03601538762450218,0.6499625933749216,0.9150042312448192,8.111400604248047,0.3870324194431305,0.047714622705286744,0.12
27,octanol_gsolv_eV,95,0.1281096488237381,0.03782588616013527,0.635792291896039,0.9550119711359955,7.790143966674805,0.0770101547241211,0.009885588129508292,0.1
27,octanol_gsolv_eV,96,0.2730563282966614,0.04723481088876724,0.6480453608676207,0.9362338540067354,10.742725372314453,0.4476882815361023,0.04167362247664446,0.32
27,octanol_gsolv_eV,97,0.22621189057826996,0.0459258034825325,0.6492991787538409,0.931572911275059,10.403297424316406,0.5149271488189697,0.04949653247588519,0.2
27,octanol_gsolv_eV,98,0.03590786084532738,0.03509717434644699,0.6544795783724524,0.9644435684632828,7.893515586853027,0.00945274531841278,0.0011975329895030187,0.06
27,octanol_gsolv_eV,99,0.2532983720302582,0.04390424117445946,0.6519242526036542,0.9199566458890658,10.040828704833984,0.43940994143486023,0.04376231826595287,0.24
27,octanol_gsolv_eV,100,0.23922140896320343,0.043408721685409546,0.6453786381798532,0.9071989671667395,9.759096145629883,0.4995802938938141,0.051191246242360856,0.18
27,octanol_gsolv_eV,101,0.22301729023456573,0.04666285961866379,0.6445027816616375,0.9582851110086985,10.403741836547852,0.07531280070543289,0.0072390109144060645,0.2
27,octanol_gsolv_eV,102,0.06053783744573593,0.05058813467621803,0.6469683203909447,0.9758865824830449,11.307741165161133,0.009355260990560055,0.0008273324312890517,0.04
27,octanol_gsolv_eV,103,0.12889032065868378,0.04434788599610329,0.6538697192100607,0.9623894832349158,9.994744300842285,0.014372637495398521,0.0014380195293427665,0.1
27,octanol_gsolv_eV,104,0.09632587432861328,0.0433473065495491,0.6513944173526967,0.947838153451146,9.756963729858398,0.10787800699472427,0.011056514094092045,0.04
27,octanol_gsolv_eV,105,0.1385170966386795,0.04941732436418533,0.6392904312683334,0.9667746859077702,10.704641342163086,0.005724982358515263,0.0005348130942011006,0.16
27,octanol_gsolv_eV,106,0.1084408089518547,0.04564730450510979,0.6469968115068685,0.9653844730574648,10.225420951843262,0.014782946556806564,0.0014457054263513475,0.1
27,octanol_gsolv_eV,107,0.1489376425743103,0.04449716955423355,0.648379492107241,0.9660564074848437,10.007468223571777,0.011030979454517365,0.0011022747420306356,0.14
27,octanol_gsolv_eV,108,0.14911411702632904,0.04412137344479561,0.6478549665316131,0.9502077674241705,9.84483528137207,0.02392561361193657,0.002430270586365978,0.1
27,octanol_gsolv_eV,109,0.32670143246650696,0.04370054230093956,0.6538440986206635,0.929564682852901,10.000641822814941,0.69782954454422,0.06977847591263873,0.32
27,octanol_gsolv_eV,110,0.25496259331703186,0.04356513172388077,0.6542166282703126,0.9044001517293045,9.89294147491455,0.6764644980430603,0.06837849993941293,0.22
27,octanol_gsolv_eV,111,0.2846893072128296,0.04192511737346649,0.6490714316846897,0.910271485143922,9.488740921020508,0.8956345915794373,0.09438919231057605,0.22
27,octanol_gsolv_eV,112,0.15009546279907227,0.04772564023733139,0.6465955982957201,0.9733031214154377,10.679689407348633,0.008872583508491516,0.0008307904069182332,0.12
27,octanol_gsolv_eV,113,0.08259479701519012,0.046362556517124176,0.6503273661685343,0.9750172176261027,10.451401710510254,0.014381954446434975,0.0013760790030654007,0.02
27,octanol_gsolv_eV,114,0.3297799229621887,0.050458140671253204,0.6485352968304496,0.9286455302025765,11.584607124328613,0.4578471779823303,0.039522028936209166,0.22
27,octanol_gsolv_eV,115,0.12451348453760147,0.03710518404841423,0.6544390187369176,0.961592066961279,8.34605598449707,0.03397902846336365,0.00407126773729774,0.12
27,octanol_gsolv_eV,116,0.07861108332872391,0.04718562588095665,0.6454155612218051,0.9601321571952146,10.522088050842285,0.04109450802206993,0.003905546867076478,0.04
27,octanol_gsolv_eV,117,0.1311100572347641,0.05057280510663986,0.6492816306746723,0.969052795794761,11.208166122436523,0.015836482867598534,0.0014129414834329623,0.16
27,octanol_gsolv_eV,118,0.32841670513153076,0.041051577776670456,0.6537481160242646,0.9060061233395775,9.43548583984375,0.5074053406715393,0.05377628129427004,0.3
27,octanol_gsolv_eV,119,0.334975928068161,0.04349030181765556,0.653349511019409,0.9097017739531497,10.064509391784668,1.3229727745056152,0.1314493059726801,0.3
27,octanol_gsolv_eV,120,0.04554902762174606,0.03608991578221321,0.63529185664784,0.9690432962830342,7.408063888549805,0.03468545898795128,0.00468212201052457,0.04
27,octanol_gsolv_eV,121,0.1102534607052803,0.04434812813997269,0.6479883102051069,0.9680029332090407,9.892016410827637,0.007748435717076063,0.0007833019472748503,0.12
27,octanol_gsolv_eV,122,0.24622975289821625,0.037199798971414566,0.6560987439874921,0.9383545131076831,8.489027976989746,0.24414591491222382,0.028760173199334802,0.14
27,octanol_gsolv_eV,123,0.5233861804008484,0.04937718063592911,0.6455711521865073,0.9160613268395095,10.821544647216797,2.095273971557617,0.19362060037302556,0.34
27,octanol_gsolv_eV,124,0.10202185064554214,0.043729670345783234,0.6471570088558312,0.9520483009071221,9.578060150146484,0.04108773544430733,0.004289776301277346,0.06
27,octanol_gsolv_eV,125,0.2340177744626999,0.040685851126909256,0.6492355091397286,0.9367750122696212,9.181384086608887,0.370301216840744,0.04033174228936037,0.2
27,octanol_gsolv_eV,126,0.14675061404705048,0.04519196227192879,0.6508655993182435,0.9684957807897225,10.195621490478516,0.020960615947842598,0.002055844851382262,0.12
27,octanol_gsolv_eV,127,0.08120506256818771,0.04723649099469185,0.6498949410117814,0.946868097524628,10.583403587341309,0.02108696661889553,0.0019924560605547935,0.08
27,octanol_gsolv_eV,128,0.07412293553352356,0.053190067410469055,0.634613733430043,0.9638490472939698,10.943634986877441,0.014884108677506447,0.0013600699123603851,0.04
27,octanol_gsolv_eV,129,0.13715873658657074,0.04540879651904106,0.6533091253047913,0.9691351929517626,10.26023006439209,0.009631711058318615,0.0009387422112244113,0.16
27,octanol_gsolv_eV,130,0.1321554034948349,0.042585525661706924,0.6531630272288229,0.9564023963664845,9.601755142211914,0.015831615775823593,0.0016488251930340866,0.14
27,octanol_gsolv_eV,131,0.2941712737083435,0.04579886794090271,0.6494049692795616,0.9062315514807839,10.487350463867188,0.6395657658576965,0.060984494421278075,0.34
27,octanol_gsolv_eV,132,0.2589869797229767,0.04466121271252632,0.6474041371003032,0.9355760220173326,10.109489440917969,0.2816261053085327,0.02785759923430518,0.32
27,octanol_gsolv_eV,133,0.3101721704006195,0.051237162202596664,0.6392342584057531,0.9364660829367455,11.350712776184082,0.4873509705066681,0.042935715149908606,0.14
27,octanol_gsolv_eV,134,0.31403306126594543,0.04413255676627159,0.6486313559512251,0.9118894254462793,10.124765396118164,0.9512379169464111,0.09395160082535008,0.34
27,octanol_gsolv_eV,135,0.12880773842334747,0.04217764735221863,0.6497333658584079,0.973372541220668,9.37279224395752,0.010073079727590084,0.0010747149265027216,0.14
27,octanol_gsolv_eV,136,0.13625797629356384,0.0395866259932518,0.6494912315329595,0.961126625748095,8.876338005065918,0.07466539740562439,0.008411734361964499,0.12
27,octanol_gsolv_eV,137,0.2193618267774582,0.05851827561855316,0.640069191360592,0.9503151654223023,12.917726516723633,0.08319328725337982,0.006440242185470917,0.22
27,octanol_gsolv_eV,138,0.05134769156575203,0.05182243511080742,0.6485780356467639,0.9636289576670003,11.637153625488281,0.012564465403556824,0.0010796854461074998,0.04
27,octanol_gsolv_eV,139,0.29857856035232544,0.04310104250907898,0.6488820814816372,0.9140539435127482,9.69164752960205,0.7652527689933777,0.07896002889663485,0.32
27,octanol_gsolv_eV,140,0.2651095390319824,0.04537046700716019,0.6484344805704751,0.9501387233977341,10.296475410461426,0.17536212503910065,0.017031277019408913,0.36
27,octanol_gsolv_eV,141,0.14708952605724335,0.04470016434788704,0.6493899068950055,0.948259180948984,10.032820701599121,0.044281940907239914,0.004413707991430751,0.08
27,octanol_gsolv_eV,142,0.25637397170066833,0.046047285199165344,0.646901669627012,0.9136689981294155,10.416796684265137,0.8993182182312012,0.08633347136261635,0.3
27,octanol_gsolv_eV,143,0.14916293323040009,0.04523849114775658,0.6447748978017112,0.9792674767021965,9.972227096557617,0.00578515138477087,0.0005801263176976673,0.14
27,octanol_gsolv_eV,144,0.17413568496704102,0.04426112025976181,0.6521049476834699,0.9655179294512237,10.010078430175781,0.03224942088127136,0.0032216951251904475,0.3
27,octanol_gsolv_eV,145,0.14449717104434967,0.04496712237596512,0.6531872946858375,0.9668118598341107,10.115562438964844,0.0049239229410886765,0.00048676709484011215,0.14
27,octanol_gsolv_eV,146,0.306356817483902,0.04612431302666664,0.6469248835353476,0.9375915993929003,10.489258766174316,0.43062347173690796,0.041053756164885484,0.22
27,octanol_gsolv_eV,147,0.34015166759490967,0.04296860471367836,0.6505490982748288,0.9140575734879501,9.899247169494629,0.8505313396453857,0.08591879009409628,0.36
27,octanol_gsolv_eV,148,0.2646549344062805,0.042504534125328064,0.6530284893463538,0.9299131558851574,9.698185920715332,0.30740615725517273,0.03169728439610061,0.28
27,octanol_gsolv_eV,149,0.2863105833530426,0.045019663870334625,0.6496603179808764,0.9213011304746646,10.306318283081055,0.5512264966964722,0.053484326949359846,0.18
27,octanol_gsolv_eV,150,0.16234812140464783,0.04350743070244789,0.6519906939264182,0.9615403156808906,9.821454048156738,0.02127493917942047,0.002166170006508689,0.16
27,octanol_gsolv_eV,151,0.08880876749753952,0.03627952188253403,0.650324082611976,0.9601666051789861,8.159553527832031,0.018465232104063034,0.0022630199116996526,0.04
27,octanol_gsolv_eV,152,0.36922594904899597,0.044889070093631744,0.6514969695582016,0.9119560673510245,10.390665054321289,0.7658014893531799,0.07370091186171929,0.26
27,octanol_gsolv_eV,153,0.3671227991580963,0.04427492991089821,0.6529072540789702,0.9100669376456527,10.161782264709473,0.9647166132926941,0.09493576895885945,0.28
27,octanol_gsolv_eV,154,0.19608977437019348,0.04122915491461754,0.6538351227597978,0.9532790197248793,9.33629322052002,0.09558992832899094,0.010238531082003302,0.14
27,octanol_gsolv_eV,155,0.30606067180633545,0.04342270269989967,0.6469759340176835,0.9230437004569039,9.915009498596191,0.6480630040168762,0.06536181373387809,0.32
27,octanol_gsolv_eV,156,0.06379317492246628,0.04154913127422333,0.6447704309676847,0.9693265991299398,9.016164779663086,0.013981597498059273,0.0015507255956098147,0.04
27,octanol_gsolv_eV,157,0.11951202899217606,0.04452573508024216,0.6536196294608285,0.9440675407599113,10.077805519104004,0.1291300356388092,0.012813308948463402,0.04
27,octanol_gsolv_eV,158,0.1747984141111374,0.024846140295267105,0.6378701517448448,0.9715392342534195,5.102730751037598,0.07453574985265732,0.014607031703074104,0.16
27,octanol_gsolv_eV,159,0.3232319951057434,0.04211311414837837,0.6530915832176067,0.9153443767153777,9.557498931884766,0.757453441619873,0.0792522653696495,0.3
27,octanol_gsolv_eV,160,0.2628917396068573,0.043752409517765045,0.6330354455696308,0.9247172305670919,9.116530418395996,1.0196868181228638,0.11185031709709055,0.2
27,octanol_gsolv_eV,161,0.2592830955982208,0.04548635706305504,0.6503086529861277,0.9297613433577576,10.366929054260254,0.4002629816532135,0.03860959977233825,0.16
27,octanol_gsolv_eV,162,0.2821930944919586,0.04384901747107506,0.6509206145956137,0.9353610971658033,9.976228713989258,0.7990474104881287,0.08009513749094957,0.26
27,octanol_gsolv_eV,163,0.26978856325149536,0.04036283120512962,0.639829327490512,0.9046668027213869,8.628994941711426,0.8096156716346741,0.09382502563781774,0.2
27,octanol_gsolv_eV,164,0.13071833550930023,0.04566366225481033,0.6347290009051023,0.9741221133366786,9.37733268737793,0.03753317520022392,0.004002542775382631,0.14
27,octanol_gsolv_eV,165,0.3358486294746399,0.04260128363966942,0.6519136057299741,0.9088283956143606,9.750895500183105,0.7430514097213745,0.07620340200624869,0.3
27,octanol_gsolv_eV,166,0.3017265796661377,0.04351525381207466,0.651114881980887,0.9179269630899283,9.981620788574219,0.43630266189575195,0.043710602830672525,0.28
27,octanol_gsolv_eV,167,0.05076557397842407,0.049471739679574966,0.6461521679513498,0.9670606776183452,11.063362121582031,0.00504133990034461,0.00045567882935966953,0.04
27,octanol_gsolv_eV,168,0.26941078901290894,0.04811481386423111,0.6429075831870179,0.9188008898285132,10.859223365783691,0.7749081254005432,0.07135944250324566,0.16
27,octanol_gsolv_eV,169,0.161264568567276,0.04507463425397873,0.6524824217409262,0.9744135850175202,10.163069725036621,0.009314139373600483,0.0009164691009307152,0.14
27,octanol_gsolv_eV,170,0.3334478437900543,0.04556046053767204,0.6537216700485502,0.9050010769105961,10.416218757629395,1.198176383972168,0.11502987906187738,0.28
27,octanol_gsolv_eV,171,0.06591738015413284,0.04589596018195152,0.65005329576539,0.9692531486588638,10.31093978881836,0.009539443999528885,0.0009251769668826775,0.04
27,octanol_gsolv_eV,172,0.2855491638183594,0.03781770169734955,0.6360585518439958,0.9189438421919469,7.826957702636719,0.7190109491348267,0.0918634003723578,0.24
27,octanol_gsolv_eV,173,0.3070223033428192,0.0440375842154026,0.651460363026866,0.902511603126575,10.025707244873047,0.9176214933395386,0.09152685899628603,0.26
27,octanol_gsolv_eV,174,0.29947540163993835,0.042953647673130035,0.6486188780572628,0.9215269414981995,9.73007869720459,0.8139277696609497,0.08365068721333031,0.32
27,octanol_gsolv_eV,175,0.14167176187038422,0.020629946142435074,0.6361485133070954,0.9768282876206305,4.205000877380371,0.06009216606616974,0.014290642931709903,0.14
27,octanol_gsolv_eV,176,0.23533236980438232,0.042169202119112015,0.6356985334885072,0.9648528674402996,8.698280334472656,0.20886822044849396,0.024012587823907708,0.2
27,octanol_gsolv_eV,177,0.12100480496883392,0.041118256747722626,0.6529158201915499,0.9628489555642101,9.293851852416992,0.015756510198116302,0.0016953692019545813,0.12
27,octanol_gsolv_eV,178,0.10737345367670059,0.04293183982372284,0.6486825566519339,0.9669166407871721,9.61951732635498,0.020725462585687637,0.002154522091134994,0.08
27,octanol_gsolv_eV,179,0.3544372618198395,0.046248797327280045,0.6373269745742152,0.9147811339991669,9.758535385131836,1.723357915878296,0.17660005808904627,0.3
27,octanol_gsolv_eV,180,0.2281208634376526,0.04033610224723816,0.6518952022070144,0.9237854021952765,9.178831100463867,1.2754220962524414,0.1389525618559411,0.18
27,octanol_gsolv_eV,181,0.22876980900764465,0.04125426709651947,0.6527099463265684,0.9201287809497478,9.397480010986328,0.38630446791648865,0.04110724018192867,0.14
27,octanol_gsolv_eV,182,0.1571161150932312,0.04314621910452843,0.6510395641242932,0.9599256538513807,9.720390319824219,0.01629888266324997,0.0016767724470908606,0.14
27,octanol_gsolv_eV,183,0.06606704741716385,0.04137185215950012,0.6467654771632638,0.9594141605904385,9.175902366638184,0.018625974655151367,0.0020298793416625516,0.04
27,octanol_gsolv_eV,184,0.34012165665626526,0.04442140460014343,0.6477747585412494,0.9252409168946134,10.148639678955078,0.8080683350563049,0.07962331510615865,0.42
27,octanol_gsolv_eV,185,0.2816576063632965,0.05359497666358948,0.6421038980578933,0.9045759243703866,11.984808921813965,1.0954387187957764,0.09140226814980175,0.16
27,octanol_gsolv_eV,186,0.1771826595067978,0.04385729879140854,0.6489562153737172,0.9489877925737915,9.887959480285645,0.11845184862613678,0.011979402713199116,0.14
27,octanol_gsolv_eV,187,0.16867069900035858,0.045781783759593964,0.6478636677872684,0.9659515715928677,10.070240020751953,0.027913330122828484,0.0027718634377439768,0.14
27,octanol_gsolv_eV,188,0.3160369098186493,0.04092462733387947,0.6462497577613837,0.9290722856662161,9.27003002166748,0.7327653765678406,0.07904671018919006,0.28
27,octanol_gsolv_eV,189,0.4121955931186676,0.032157257199287415,0.6388293388087947,0.8947784699485495,6.676574230194092,1.361652135848999,0.2039447310704752,0.24
27,octanol_gsolv_eV,190,0.34090766310691833,0.04094904288649559,0.6503256045760872,0.9168981762637991,9.389984130859375,0.8583478927612305,0.09141100568427415,0.3
27,octanol_gsolv_eV,191,0.2805784344673157,0.04630834609270096,0.635054289868255,0.927967624739507,9.625665664672852,0.568770706653595,0.059088973840119956,0.34
27,octanol_gsolv_eV,192,0.26491779088974,0.05639076605439186,0.6452789890801061,0.9540505711013074,12.62537670135498,0.10866177082061768,0.008606616134388756,0.16
27,octanol_gsolv_eV,193,0.3219800293445587,0.04334361106157303,0.6362862278898911,0.935093754325574,9.061185836791992,0.7642775774002075,0.08434630865829269,0.32
27,octanol_gsolv_eV,194,0.3595959544181824,0.03941349685192108,0.6368875782354728,0.9163902407493207,8.21232795715332,1.0682069063186646,0.13007358107127304,0.38
27,octanol_gsolv_eV,195,0.49562618136405945,0.023163670673966408,0.6466190662337117,0.9128761524621807,4.8401288986206055,1.5933293104171753,0.3291915037368654,0.46
27,octanol_gsolv_eV,196,0.05797766521573067,0.03890135884284973,0.6550254283225321,0.9539463074434531,8.77304458618164,0.026982659474015236,0.0030756323199947516,0.08
27,octanol_gsolv_eV,197,0.13530895113945007,0.020684698596596718,0.6359462525501904,0.9693110707607275,4.206787109375,0.054501723498106,0.012955664758182472,0.14
27,octanol_gsolv_eV,198,0.40291738510131836,0.043873921036720276,0.6393008895811911,0.9044216767078468,9.6127290725708,1.0882359743118286,0.11320780665888401,0.34
27,octanol_gsolv_eV,199,0.16478492319583893,0.0424143485724926,0.6494868202279243,0.9629196992053435,9.551379203796387,0.03382785618305206,0.003541672407855664,0.16
27,octanol_gsolv_eV,200,0.13060897588729858,0.043212804943323135,0.6504702958995972,0.977549618495613,9.713708877563477,0.016442324966192245,0.0016926927884538918,0.12
27,octanol_gsolv_eV,201,0.3627394437789917,0.03552502393722534,0.6374268043527473,0.9132424520420579,7.433108329772949,1.1884183883666992,0.15988175277986302,0.3
27,octanol_gsolv_eV,202,0.13530945777893066,0.053532011806964874,0.6518215885200704,0.9743661143563471,12.036337852478027,0.018131280317902565,0.0015063784799102926,0.12
27,octanol_gsolv_eV,203,0.2816931903362274,0.02864507958292961,0.6362060607067077,0.9553844740934605,5.856133937835693,0.6406825184822083,0.10940366550410412,0.36
27,octanol_gsolv_eV,204,0.2613483667373657,0.04592800512909889,0.6496197010413882,0.9107345925709751,10.371562004089355,0.6636603474617004,0.06398846646243149,0.2
27,octanol_gsolv_eV,205,0.136557936668396,0.044325195252895355,0.6463412184747555,0.9669990552640273,9.703004837036133,0.010427682660520077,0.0010746859179867525,0.12
27,octanol_gsolv_eV,206,0.28237834572792053,0.0538262203335762,0.6452995784234847,0.945698204154118,12.248891830444336,0.46589574217796326,0.03803574630482002,0.26
27,octanol_gsolv_eV,207,0.28967276215553284,0.04241153970360756,0.6496029659864291,0.9033198159796176,9.6895170211792,0.5381693243980408,0.055541398319618865,0.24
27,octanol_gsolv_eV,208,0.23981237411499023,0.04711217060685158,0.6481724055813256,0.9496074450719254,10.604461669921875,0.3774941563606262,0.03559767276365734,0.28
27,octanol_gsolv_eV,209,0.12935326993465424,0.04458841681480408,0.6421179894647151,0.9713107861384596,9.894808769226074,0.011243131943047047,0.0011362657131903755,0.12
27,octanol_gsolv_eV,210,0.2934766411781311,0.046178314834833145,0.64776727975039,0.9143984155343481,10.525458335876465,0.5686874389648438,0.05402970785855936,0.34
27,octanol_gsolv_eV,211,0.3530455231666565,0.04178745299577713,0.6506053990151852,0.9144190471413143,9.562485694885254,1.0074952840805054,0.10535914156916236,0.3
27,octanol_gsolv_eV,212,0.11842948198318481,0.027982627972960472,0.635416799833352,0.9731577253729649,5.722226142883301,0.10063818097114563,0.01758724287684938,0.1
27,octanol_gsolv_eV,213,0.10956189036369324,0.045054804533720016,0.6347890822244178,0.96915719625069,9.260784149169922,0.02104315534234047,0.0022722865583932918,0.08
27,octanol_gsolv_eV,214,0.33584341406822205,0.035647764801979065,0.6449408966976027,0.9335477709021194,7.802978038787842,0.6274696588516235,0.08041412595710679,0.38
27,octanol_gsolv_eV,215,0.35451406240463257,0.04287987947463989,0.6555337762593956,0.9218361428873354,9.903414726257324,1.032301902770996,0.1042369658653204,0.34
27,octanol_gsolv_eV,216,0.349484920501709,0.04123276472091675,0.6515883883838858,0.912558085382589,9.42774486541748,1.9902349710464478,0.21110403383389778,0.38
27,octanol_gsolv_eV,217,0.30919986963272095,0.04435734078288078,0.6515644755715968,0.9076167321829058,10.116806983947754,1.0015716552734375,0.09900076742223334,0.28
27,octanol_gsolv_eV,218,0.12947231531143188,0.04336749017238617,0.6528925787402324,0.9647316642624575,9.793292999267578,0.03340844437479973,0.003411359629217494,0.12
27,octanol_gsolv_eV,219,0.37507688999176025,0.04434148967266083,0.6523216924285691,0.9131540916839409,10.084296226501465,2.259742021560669,0.22408524807334415,0.34
27,octanol_gsolv_eV,220,0.2293037474155426,0.03582603856921196,0.6286494940994254,0.8962405865400997,7.541225910186768,0.8171285390853882,0.1083548681364395,0.2
27,octanol_gsolv_eV,221,0.23213158547878265,0.02756422571837902,0.6386407472213542,0.9485859779876185,5.740547180175781,0.24281096458435059,0.04229752965411835,0.2
27,octanol_gsolv_eV,222,0.24428898096084595,0.04869182035326958,0.6454909757138305,0.9468108841798197,10.7269287109375,0.21059593558311462,0.019632454102951637,0.14
27,octanol_gsolv_eV,223,0.11883006244897842,0.04698321595788002,0.6325766481611543,0.9510347441121796,10.151163101196289,0.08538353443145752,0.008411207029211784,0.08
27,octanol_gsolv_eV,224,0.2289072871208191,0.04116184636950493,0.6534314570668092,0.9430320042997271,9.307960510253906,0.15844698250293732,0.017022739012309704,0.14
27,octanol_gsolv_eV,225,0.17446789145469666,0.028320178389549255,0.6502232723784707,0.9164349191095602,6.316354751586914,0.20511208474636078,0.032473173659986185,0.06
27,octanol_gsolv_eV,226,0.1847119927406311,0.04273641109466553,0.6534246761552238,0.9718725236336601,9.614372253417969,0.029818277806043625,0.0031014274276142204,0.14
27,octanol_gsolv_eV,227,0.27970167994499207,0.04988851770758629,0.6494030891964977,0.9407731582778431,11.3377103805542,0.3447106182575226,0.030403900495531336,0.22
27,octanol_gsolv_eV,228,0.09777554124593735,0.02764488384127617,0.6343607516340202,0.9731592289324758,5.617855072021484,0.12201906740665436,0.021719867430248247,0.1
27,octanol_gsolv_eV,229,0.31455346941947937,0.03680896759033203,0.6473659855918465,0.9026930078813693,8.151206970214844,0.8200762867927551,0.10060795778948797,0.3
27,octanol_gsolv_eV,230,0.40213316679000854,0.04413085803389549,0.651391206772866,0.9244804044242851,9.852007865905762,2.794020175933838,0.2835990606141243,0.32
27,octanol_gsolv_eV,231,0.10059642046689987,0.051782261580228806,0.6320966830665424,0.9691821948711694,11.069839477539062,0.017499124631285667,0.0015807929886238875,0.1
27,octanol_gsolv_eV,232,0.185142382979393,0.04162292182445526,0.6484052431328065,0.9326204864997971,9.342711448669434,0.21267054975032806,0.022763257852795624,0.14
27,octanol_gsolv_eV,233,0.32162711024284363,0.0477428175508976,0.6401622830609266,0.9158050338072299,10.318132400512695,0.7407839894294739,0.07179438687883723,0.34
27,octanol_gsolv_eV,234,0.2619031071662903,0.041220199316740036,0.6501605728601016,0.913104454921398,9.378482818603516,0.33980152010917664,0.036232035253626886,0.18
27,octanol_gsolv_eV,235,0.3418334722518921,0.04208269715309143,0.65306402716377,0.9220582491935219,9.632964134216309,0.9758773446083069,0.10130602906970125,0.34
27,octanol_gsolv_eV,236,0.18933340907096863,0.038828928023576736,0.6527800691097525,0.9636146356576758,8.756226539611816,0.09163565188646317,0.010465198847005343,0.14
27,octanol_gsolv_eV,237,0.2542043924331665,0.044090572744607925,0.6508611897514747,0.9303958464010931,10.079294204711914,0.29558050632476807,0.0293255162833315,0.2
27,octanol_gsolv_eV,238,0.24513378739356995,0.04917137697339058,0.6343247176547977,0.9171225619088603,10.199812889099121,0.6280987858772278,0.061579441966871554,0.2
27,octanol_gsolv_eV,239,0.49722495675086975,0.03873942792415619,0.6439602724437565,0.930019962239486,8.2252836227417,2.221798896789551,0.27011821095707916,0.4
27,octanol_gsolv_eV,240,0.13047467172145844,0.04292609915137291,0.6527663481722663,0.968052751177116,9.702709197998047,0.010138852521777153,0.0010449506745877836,0.12
27,octanol_gsolv_eV,241,0.26855137944221497,0.04326202720403671,0.6470880257149838,0.9083185538042469,9.823816299438477,0.6550774574279785,0.06668258418731042,0.22
27,octanol_gsolv_eV,242,0.68637615442276,0.021855657920241356,0.6688081005112236,0.9340085774165865,4.699723243713379,2.7820565700531006,0.5919617870636404,0.54
27,octanol_gsolv_eV,243,0.2855946123600006,0.04601634293794632,0.6442447656158128,0.9124391262819811,10.160539627075195,1.1748888492584229,0.11563252468674495,0.28
27,octanol_gsolv_eV,244,0.0847337618470192,0.04837309569120407,0.646545820164868,0.9755348910247992,10.829899787902832,0.011046845465898514,0.0010200321039201133,0.08
27,octanol_gsolv_eV,245,0.09687403589487076,0.08117333799600601,0.6407119049859336,0.9587085472892156,17.675344467163086,0.10154364258050919,0.005744931464795778,0.22
27,octanol_gsolv_eV,246,0.1436891108751297,0.03431728109717369,0.6514915835319908,0.9586754315266874,7.713654518127441,0.030888700857758522,0.00400441850035786,0.12
27,octanol_gsolv_eV,247,0.23276127874851227,0.042366258800029755,0.6477052734628674,0.9142586932911863,9.654085159301758,0.5617346167564392,0.05818620899725596,0.2
27,octanol_gsolv_eV,248,0.07752541452646255,0.04369930550456047,0.6504533891293216,0.9624679441469675,9.85867691040039,0.004215999040752649,0.00042764349405800996,0.1
27,octanol_gsolv_eV,249,0.17473576962947845,0.03802569583058357,0.646466514836558,0.9283720535991664,8.431659698486328,0.1515357494354248,0.017972232615439742,0.12
27,octanol_hl_gap_eV,0,0.17249208688735962,0.0021354227792471647,0.6242423776576089,0.9341968239159042,0.5247455835342407,0.03860567510128021,0.07357027159955337,0.1
27,octanol_hl_gap_eV,1,0.08001206070184708,0.0011384804965928197,0.6337341091714399,0.9792760443283659,0.34862878918647766,0.001982560846954584,0.005686738756087451,0.12
27,octanol_hl_gap_eV,2,0.13383860886096954,0.0015252000885084271,0.6623309498802217,0.9773139122894661,0.3408508002758026,0.0038852051366120577,0.011398550725033674,0.16
27,octanol_hl_gap_eV,3,0.057677652686834335,0.0009038888965733349,0.6535245900072122,0.9663171290233141,0.2512468099594116,0.001163798151537776,0.004632091256107033,0.2
27,octanol_hl_gap_eV,4,0.029603280127048492,0.0029351580888032913,0.6365682010387494,0.9684817687230314,0.5751455426216125,0.0008401981904171407,0.0014608444787511915,0.0
27,octanol_hl_gap_eV,5,0.0618952140212059,0.0010347211500629783,0.6510202738387525,0.9792267325252813,0.2868348956108093,0.0008219428127631545,0.002865560729676364,0.08
27,octanol_hl_gap_eV,6,0.13464593887329102,0.0012108410010114312,0.6578122073353978,0.9810554529636792,0.2464887648820877,0.0012954750563949347,0.0052557164502595,0.04
27,octanol_hl_gap_eV,7,0.10530932992696762,0.0024981433525681496,0.6319436903074789,0.8982004629812281,0.43590834736824036,0.06586510688066483,0.15109852169227733,0.1
27,octanol_hl_gap_eV,8,0.056580159813165665,0.0017967837629839778,0.6139596116342951,0.9717909969411853,0.3692423403263092,0.0013861038023605943,0.0037539134898117526,0.04
27,octanol_hl_gap_eV,9,0.024945979937911034,0.001857347204349935,0.6171266235477593,0.969802432715142,0.4836345911026001,0.0007488991832360625,0.0015484814300166304,0.04
27,octanol_hl_gap_eV,10,0.052497901022434235,0.0035528845619410276,0.6313330693497254,0.9770123673886841,0.6025294661521912,0.006924983114004135,0.011493185815836887,0.04
27,octanol_hl_gap_eV,11,0.14978067576885223,0.0012293830513954163,0.6490275151907485,0.9730038705093469,0.2911369502544403,0.0005185693735256791,0.0017811870773272625,0.22
27,octanol_hl_gap_eV,12,0.045625172555446625,0.0009621430654078722,0.6559374594155596,0.9649604148144302,0.30890339612960815,0.0007196806836873293,0.002329792073200028,0.06
27,octanol_hl_gap_eV,13,0.0633884072303772,0.002139499643817544,0.6270968635817422,0.9675132769166734,0.3469396233558655,0.0013594378251582384,0.00391837003801617,0.1
27,octanol_hl_gap_eV,14,0.08293941617012024,0.0012303885305300355,0.6626460893115496,0.9780368327802547,0.33679065108299255,0.0010177380172535777,0.0030218713434619206,0.16
27,octanol_hl_gap_eV,15,0.13285811245441437,0.0014863965334370732,0.6507896128239352,0.9692579525644187,0.24587757885456085,0.002469781320542097,0.010044760209726151,0.16
27,octanol_hl_gap_eV,16,0.06461388617753983,0.0009546686196699739,0.6853774438166582,0.9728384358418809,0.255529522895813,0.0009249564609490335,0.00361976358139316,0.06
27,octanol_hl_gap_eV,17,0.03209790587425232,0.0011079120449721813,0.6568249854180941,0.9585537908768613,0.26012179255485535,0.0019146414706483483,0.007360557728913014,0.04
27,octanol_hl_gap_eV,18,0.10927147418260574,0.0013363405596464872,0.6311312476981152,0.970599655490135,0.337957501411438,0.0015432278160005808,0.004566336919747244,0.12
27,octanol_hl_gap_eV,19,0.02060413919389248,0.0010332179954275489,0.6347039442529774,0.9693235776497997,0.2831234633922577,0.00032646642648614943,0.0011530885592263387,0.04
27,octanol_hl_gap_eV,20,0.06836538016796112,0.002245126059278846,0.6342463393112829,0.9740516214569304,0.41699665784835815,0.0023443386889994144,0.0056219603799605,0.04
27,octanol_hl_gap_eV,21,0.06167398765683174,0.0011405791155993938,0.6194767416758133,0.9458703988455193,0.21789245307445526,0.006233233492821455,0.02860692697186496,0.04
27,octanol_hl_gap_eV,22,0.07397131621837616,0.0013422657502815127,0.6527571271090669,0.9849751778824911,0.3617795407772064,0.0012701185187324882,0.0035107527529166203,0.12
27,octanol_hl_gap_eV,23,0.0947878509759903,0.0016478901961818337,0.6244820719169568,0.9656428126149346,0.3350622057914734,0.0033286563120782375,0.009934442782692815,0.2
27,octanol_hl_gap_eV,24,0.1837046891450882,0.0019344572210684419,0.6411160716578099,0.9341619002010504,0.3486279547214508,0.0516408309340477,0.14812590394625139,0.14
27,octanol_hl_gap_eV,25,0.08081479370594025,0.0012497903080657125,0.6431458375382884,0.9823652069434146,0.28787368535995483,0.0009299631929025054,0.0032304557178947676,0.26
27,octanol_hl_gap_eV,26,0.044776588678359985,0.0010436923475936055,0.6366603762046241,0.9612882569519634,0.31129688024520874,0.0007103571551851928,0.0022819282821775924,0.04
27,octanol_hl_gap_eV,27,0.12163449823856354,0.001664250041358173,0.6389573036397482,0.9262561685855915,0.3567253053188324,0.02135597914457321,0.059866734504539165,0.04
27,octanol_hl_gap_eV,28,0.059006623923778534,0.001095165149308741,0.6587900163970173,0.9611865545938993,0.25500378012657166,0.0013985260156914592,0.00548433444789445,0.02
27,octanol_hl_gap_eV,29,0.09577364474534988,0.002549912314862013,0.6214933527166313,0.9779048539681552,0.6200969219207764,0.0018394357757642865,0.0029663681768755707,0.04
27,octanol_hl_gap_eV,30,0.059369754046201706,0.0009637021576054394,0.6503590210100365,0.9577499008291084,0.2848808467388153,0.000629726389888674,0.002210490445733687,0.1
27,octanol_hl_gap_eV,31,0.04032145068049431,0.0009685729746706784,0.6387302533404218,0.9685311278502291,0.29508429765701294,0.0007001684862188995,0.002372774464037156,0.16
27,octanol_hl_gap_eV,32,0.07762429863214493,0.001408990123309195,0.6451344817007663,0.9591857776742214,0.30818283557891846,0.0010637640953063965,0.0034517305070158304,0.1
27,octanol_hl_gap_eV,33,0.06228581815958023,0.0009062740136869252,0.667996227551082,0.9654815612286547,0.3010194003582001,0.0010476468596607447,0.0034803300332606145,0.06
27,octanol_hl_gap_eV,34,0.04088934138417244,0.0015853764489293098,0.6308190353266374,0.9728623908429248,0.31052908301353455,0.0006910969386808574,0.0022255465799663463,0.0
27,octanol_hl_gap_eV,35,0.022378694266080856,0.0008228986989706755,0.6661828115522719,0.9711715475479561,0.266570121049881,0.0003716559149324894,0.0013942144508496683,0.04
27,octanol_hl_gap_eV,36,0.08239974826574326,0.0011927810264751315,0.6362450002580387,0.9723759972983461,0.2843308746814728,0.001866841921582818,0.0065657376240768235,0.22
27,octanol_hl_gap_eV,37,0.3471299707889557,0.0009510201634839177,0.6629159036326906,0.9173309152556128,0.2957548201084137,0.03571055456995964,0.12074377877212403,0.14
27,octanol_hl_gap_eV,38,0.0770631954073906,0.0020500870887190104,0.6376163945783617,0.9697453268612557,0.37070778012275696,0.001509598339907825,0.0040722057125640405,0.04
27,octanol_hl_gap_eV,39,0.21648158133029938,0.002471277257427573,0.6191308759941172,0.9135256080939962,0.5343366861343384,0.08961095660924911,0.16770504240975864,0.14
27,octanol_hl_gap_eV,40,0.04758260026574135,0.0011868043802678585,0.6305480292262369,0.965580432331391,0.3298397362232208,0.0012798970565199852,0.0038803604173810275,0.06
27,octanol_hl_gap_eV,41,0.03617994487285614,0.0023325954098254442,0.6294224940027273,0.9666064667992185,0.4474009573459625,0.001152655342593789,0.00257633633470854,0.02
27,octanol_hl_gap_eV,42,0.09561723470687866,0.0010618920205160975,0.6445430079815038,0.9724304208075059,0.2821432948112488,0.0007316892733797431,0.002593325047363739,0.1
27,octanol_hl_gap_eV,43,0.09927544742822647,0.0011437301291152835,0.6628019616423944,0.9755211404053163,0.29752132296562195,0.0011865411652252078,0.003988087823077845,0.24
27,octanol_hl_gap_eV,44,0.055653754621744156,0.0018333896296098828,0.6266081501185903,0.9700782552175755,0.4407899081707001,0.001190636889077723,0.002701143712701874,0.02
27,octanol_hl_gap_eV,45,0.15544593334197998,0.000977286254055798,0.6693550127935799,0.9718848864277874,0.29688599705696106,0.0012494816910475492,0.004208624534109709,0.24
27,octanol_hl_gap_eV,46,0.1259075105190277,0.0008474400965496898,0.6641904086890988,0.9637253989990844,0.2792189419269562,0.0008443634142167866,0.0030240191026784727,0.04
27,octanol_hl_gap_eV,47,0.0647321492433548,0.0023806614335626364,0.6278384406393058,0.9715781600539628,0.37262290716171265,0.0015770968748256564,0.0042324206175043885,0.04
27,octanol_hl_gap_eV,48,0.05576483905315399,0.0016171014867722988,0.6245109683419892,0.9688220550388802,0.37424665689468384,0.0013675317168235779,0.003654092004911116,0.06
27,octanol_hl_gap_eV,49,0.06643802672624588,0.001499398611485958,0.6184729237897246,0.9720084126443855,0.3716457188129425,0.0008100871345959604,0.002179729493947689,0.12
27,octanol_hl_gap_eV,50,0.054028790444135666,0.0011335073504596949,0.6423553972188512,0.9445155434828045,0.25028860569000244,0.004114985466003418,0.016440962043234506,0.04
27,octanol_hl_gap_eV,51,0.08129086345434189,0.0016026073135435581,0.6271909440587196,0.9767773875268684,0.4273664653301239,0.0023592407815158367,0.005520416253749379,0.1
27,octanol_hl_gap_eV,52,0.03949888423085213,0.002570471493527293,0.6271907515361714,0.9670511684221299,0.5633851885795593,0.0017070946050807834,0.0030300665329608917,0.04
27,octanol_hl_gap_eV,53,0.07647252827882767,0.0022635781206190586,0.624725995330994,0.968507845060905,0.4689992666244507,0.0018562047043815255,0.003957798735467691,0.02
27,octanol_hl_gap_eV,54,0.017745185643434525,0.002379079582169652,0.6135510266319899,0.9707445182789678,0.3827750086784363,0.004512668587267399,0.01178935010111495,0.08
27,octanol_hl_gap_eV,55,0.028736477717757225,0.003308305749669671,0.6274789107319518,0.9476922460489008,0.6501039266586304,0.0039460258558392525,0.006069838519697653,0.02
27,octanol_hl_gap_eV,56,0.10696099698543549,0.0011178284185007215,0.6352270296101992,0.9769546982026784,0.2685301899909973,0.0012650159187614918,0.004710889002104019,0.2
27,octanol_hl_gap_eV,57,0.05515813082456589,0.0011776314349845052,0.6467503335092217,0.968748683463794,0.29811373353004456,0.0018919146386906505,0.006346284742698643,0.02
27,octanol_hl_gap_eV,58,0.043130066245794296,0.001832946203649044,0.6255858377976171,0.9659516109875643,0.47333571314811707,0.0023969446774572134,0.0050639421680551645,0.02
27,octanol_hl_gap_eV,59,0.059034526348114014,0.0022014102432876825,0.6391581720486301,0.9709083345707146,0.39718759059906006,0.0018929317593574524,0.004765838118211169,0.06
27,octanol_hl_gap_eV,60,0.06514766812324524,0.0010662004351615906,0.6382556206589716,0.9747722660891365,0.3091283440589905,0.0009307617438025773,0.0030109233323003257,0.1
27,octanol_hl_gap_eV,61,0.10497251898050308,0.0011039894307032228,0.6572739441127029,0.9747013823026811,0.2564164102077484,0.0027439261320978403,0.01070105509189023,0.1
27,octanol_hl_gap_eV,62,0.21034230291843414,0.0030955104157328606,0.5972756022706829,0.9181048365314695,0.5789040923118591,0.10955584794282913,0.1892469744086914,0.14
27,octanol_hl_gap_eV,63,0.11219270527362823,0.0012812312925234437,0.661768341970828,0.9723331834692581,0.34310105443000793,0.00147104577627033,0.004287500015743673,0.24
27,octanol_hl_gap_eV,64,0.14735178649425507,0.001128193223848939,0.6442127983721961,0.9408749479068217,0.33020544052124023,0.01014736294746399,0.030730453536580257,0.12
27,octanol_hl_gap_eV,65,0.14686231315135956,0.001071525039151311,0.6697257207201224,0.9690470376173925,0.3349607586860657,0.0010647140443325043,0.003178623216967284,0.24
27,octanol_hl_gap_eV,66,0.16478225588798523,0.002697295742109418,0.6250900482611317,0.982928302771547,0.5661564469337463,0.0045883734710514545,0.0081044267815048,0.16
27,octanol_hl_gap_eV,67,0.11243698000907898,0.0017271200194954872,0.6298693265488415,0.9742316019086625,0.35369351506233215,0.0011260659666731954,0.003183733709323866,0.12
27,octanol_hl_gap_eV,68,0.13847798109054565,0.0018732225289568305,0.6299000489398421,0.9627992450042235,0.4222559928894043,0.0015582558698952198,0.003690310844927078,0.2
27,octanol_hl_gap_eV,69,0.10360174626111984,0.001274574315175414,0.6570699835536946,0.9698764698161451,0.3741065263748169,0.0015990734100341797,0.004274379881927187,0.16
27,octanol_hl_gap_eV,70,0.05198042839765549,0.0019069929840043187,0.6259958603440829,0.983754046613809,0.29920387268066406,0.0028319742996245623,0.009465032234549609,0.02
27,octanol_hl_gap_eV,71,0.09489880502223969,0.0016562310047447681,0.6260773927270957,0.9653705408924258,0.4066413938999176,0.001132344943471253,0.0027846278329203868,0.04
27,octanol_hl_gap_eV,72,0.08690240979194641,0.0013084752717986703,0.6366507859046435,0.9718848559403588,0.33729493618011475,0.0017853965982794762,0.00529328017342685,0.14
27,octanol_hl_gap_eV,73,0.517948567867279,0.0010424649808555841,0.6730956739344511,0.8983448652979398,0.25941234827041626,0.10923340171575546,0.42108019315213374,0.42
27,octanol_hl_gap_eV,74,0.6196318864822388,0.0012611986603587866,0.6486089670152932,0.9208171095811972,0.2657081186771393,0.16672185063362122,0.6274623879152303,0.44
27,octanol_hl_gap_eV,75,0.21430273354053497,0.002757954178377986,0.6341219151015376,0.9085877813962053,0.5951750874519348,0.09032493084669113,0.15176194829220838,0.2
27,octanol_hl_gap_eV,76,0.07082033902406693,0.0012360126711428165,0.6408788135107084,0.9452469579653107,0.2745266854763031,0.005362400319427252,0.019533257067973195,0.04
27,octanol_hl_gap_eV,77,0.08070532977581024,0.0017898071091622114,0.6349244189402301,0.9675378432147319,0.3382050395011902,0.001327915582805872,0.003926362495261395,0.06
27,octanol_hl_gap_eV,78,0.10069077461957932,0.0011496755760163069,0.6391848550064365,0.9670452235630149,0.272728830575943,0.0010508213890716434,0.0038529897512211706,0.14
27,octanol_hl_gap_eV,79,0.023363258689641953,0.002206318313255906,0.6340327666374717,0.966362925102471,0.38256531953811646,0.0010308942291885614,0.002694688139618075,0.06
27,octanol_hl_gap_eV,80,0.21437667310237885,0.0014122818829491735,0.6438971058901131,0.9386251857261605,0.27483469247817993,0.02580992318689823,0.09391071758143259,0.26
27,octanol_hl_gap_eV,81,-0.06390156596899033,0.001240439829416573,0.646330863500757,0.9742258166696192,0.12225247919559479,0.021702300757169724,0.17752033251160226,0.28
27,octanol_hl_gap_eV,82,0.11012531071901321,0.0008056816295720637,0.6709051417862057,0.9645350641674955,0.2733463943004608,0.0013156606582924724,0.004813162659999479,0.18
27,octanol_hl_gap_eV,83,0.03736010193824768,0.0011124091688543558,0.6163701525279839,0.9670107397454093,0.24922806024551392,0.0007742196321487427,0.0031064705610839363,0.06
27,octanol_hl_gap_eV,84,0.13882535696029663,0.001975118415430188,0.6230662908051772,0.905446738784027,0.4724322259426117,0.04030262678861618,0.08530880108401391,0.08
27,octanol_hl_gap_eV,85,-0.05920577794313431,0.0026886642444878817,0.6269344064972318,0.9755661079164024,0.5418277978897095,0.012617452070116997,0.023286830463957322,0.06
27,octanol_hl_gap_eV,86,0.02441728115081787,0.0013736751861870289,0.6378727637900947,0.9686590841920026,0.35137230157852173,0.001035560853779316,0.002947189773146924,0.08
27,octanol_hl_gap_eV,87,0.07554588466882706,0.0013100255746394396,0.6468676543474694,0.9774399572725394,0.36998823285102844,0.0010857407469302416,0.0029345277782588364,0.1
27,octanol_hl_gap_eV,88,0.05803137645125389,0.0018219448393210769,0.6131349548748275,0.961370870860424,0.251044899225235,0.003102086018770933,0.012356698058173939,0.0
27,octanol_hl_gap_eV,89,0.22387517988681793,0.001000263961032033,0.6656495414327586,0.937349931491898,0.29667767882347107,0.016903555020689964,0.0569761604166652,0.22
27,octanol_hl_gap_eV,90,0.09287900477647781,0.0010956820333376527,0.6585897871317876,0.9664306886080156,0.3562833070755005,0.0009477370767854154,0.0026600659025110573,0.16
27,octanol_hl_gap_eV,91,0.07689361274242401,0.0013273359509184957,0.6473089912914776,0.9612392732452633,0.3505992293357849,0.0007907378021627665,0.0022553894475490725,0.12
27,octanol_hl_gap_eV,92,0.08324400335550308,0.0008632506360299885,0.6660816587433034,0.9592289164682999,0.23557300865650177,0.0008991821086965501,0.0038169997226111876,0.06
27,octanol_hl_gap_eV,93,0.07987773418426514,0.0012413787189871073,0.6581744002037233,0.9707778574133834,0.3280751407146454,0.00121780124027282,0.0037119582959564876,0.18
27,octanol_hl_gap_eV,94,0.0834643766283989,0.0013972973683848977,0.6420864092647349,0.9665896271552474,0.283862829208374,0.0007811560644768178,0.002751878668493781,0.06
27,octanol_hl_gap_eV,95,0.0678633376955986,0.0008919173269532621,0.6609433001218952,0.9695317362018099,0.2726702094078064,0.0007385215722024441,0.0027084791323789574,0.08
27,octanol_hl_gap_eV,96,0.10742055624723434,0.0008711146074347198,0.6776315617988209,0.9701590317775488,0.28768861293792725,0.0008499011746607721,0.0029542398845106527,0.12
27,octanol_hl_gap_eV,97,0.4549446702003479,0.0012782850535586476,0.6537579734077452,0.8831880136617445,0.3569677770137787,0.09348183125257492,0.2618775062404767,0.44
27,octanol_hl_gap_eV,98,0.03495077043771744,0.0014205436455085874,0.613056424057314,0.9537186746449964,0.30121544003486633,0.003930789418518543,0.013049760722968071,0.22
27,octanol_hl_gap_eV,99,0.10475008934736252,0.0018452102085575461,0.6234208833540695,0.9513315415267718,0.3233455717563629,0.010094151832163334,0.031217844664868825,0.04
27,octanol_hl_gap_eV,100,0.040174439549446106,0.002358869882300496,0.6214134777147999,0.9747229342829469,0.5300077199935913,0.002286382718011737,0.004313866820731183,0.02
27,octanol_hl_gap_eV,101,0.04406512528657913,0.0011919975513592362,0.6524905701510006,0.9653113787560943,0.28512653708457947,0.000462530879303813,0.0016221951279358068,0.14
27,octanol_hl_gap_eV,102,0.46974968910217285,0.0014692499535158277,0.631404655881733,0.9482003575520772,0.40396150946617126,0.07676353305578232,0.19002684972938166,0.5
27,octanol_hl_gap_eV,103,0.3086877465248108,0.0010301417205482721,0.6934960000675743,0.9541518291042119,0.3181944489479065,0.01606997475028038,0.05050363010233183,0.3
27,octanol_hl_gap_eV,104,0.27211806178092957,0.0008831109153106809,0.6650494136066667,0.9364856595960942,0.30132538080215454,0.03463082015514374,0.11492832121527057,0.22
27,octanol_hl_gap_eV,105,0.011774662882089615,0.001280859811231494,0.6378060241759069,0.9616728287577996,0.3056463301181793,0.0013969667488709092,0.004570533362303963,0.02
27,octanol_hl_gap_eV,106,0.3023360073566437,0.0010167319560423493,0.6792220560576332,0.9213455022273365,0.29050296545028687,0.02732437290251255,0.09405884328980632,0.3
27,octanol_hl_gap_eV,107,0.12167391180992126,0.0010795592097565532,0.6682917667604009,0.9377017020190264,0.271660178899765,0.002847982570528984,0.01048362178830711,0.16
27,octanol_hl_gap_eV,108,0.13034704327583313,0.002123564714565873,0.6327424444216507,0.9741202153860864,0.5058133602142334,0.0033101567532867193,0.00654422562481293,0.16
27,octanol_hl_gap_eV,109,0.288583368062973,0.0014858515933156013,0.6285866086257845,0.9168234448365504,0.3830246031284332,0.05939178541302681,0.15505997507191974,0.14
27,octanol_hl_gap_eV,110,0.05751822888851166,0.004759257193654776,0.6447109018559296,0.939507425657788,0.947233259677887,0.02407369390130043,0.025414747270895925,0.02
27,octanol_hl_gap_eV,111,0.047520752996206284,0.0017621498554944992,0.6078452607345426,0.9739392064733661,0.3816865384578705,0.002712847897782922,0.007107528362785995,0.1
27,octanol_hl_gap_eV,112,0.734478235244751,0.0010648273164406419,0.6796612431856928,0.9203945675802123,0.33467140793800354,0.2249060422182083,0.6720204860161559,0.36
27,octanol_hl_gap_eV,113,0.017632344737648964,0.0009920509764924645,0.6388320677022943,0.9702488243245175,0.3673006594181061,0.001336010405793786,0.003637375462135986,0.06
27,octanol_hl_gap_eV,114,0.32284367084503174,0.002747902413830161,0.6261101272957956,0.9014542893433775,0.5290520787239075,0.15166693925857544,0.2866767665376186,0.2
27,octanol_hl_gap_eV,115,0.10929236561059952,0.0010732983937487006,0.6415152542620164,0.9601442385294228,0.3320939838886261,0.0034128588158637285,0.010276786034787953,0.16
27,octanol_hl_gap_eV,116,0.15838265419006348,0.0012739546364173293,0.6614989673354266,0.9604557927513053,0.32203617691993713,0.010210171341896057,0.0317050445684382,0.14
27,octanol_hl_gap_eV,117,0.12969982624053955,0.0018193124560639262,0.6722497469898272,0.9815050218050239,0.4324108958244324,0.00289264228194952,0.006689568440301263,0.12
27,octanol_hl_gap_eV,118,0.10005716979503632,0.001565671875141561,0.633526758292271,0.968240285940809,0.3485977351665497,0.0012205354869365692,0.0035012719929274167,0.12
27,octanol_hl_gap_eV,119,0.13719119131565094,0.0012250338913872838,0.648012878318402,0.9608196595555643,0.2734128534793854,0.0010430943220853806,0.0038150888256028065,0.18
27,octanol_hl_gap_eV,120,0.03178981691598892,0.004137704148888588,0.636117440023598,0.9738587791495497,0.9302815198898315,0.0018468431662768126,0.0019852519122335404,0.0
27,octanol_hl_gap_eV,121,0.13234075903892517,0.0022071735002100468,0.6103761848324003,0.9824778981786946,0.38008737564086914,0.005188977811485529,0.013652065667101785,0.08
27,octanol_hl_gap_eV,122,0.07278591394424438,0.001644480973482132,0.6076370883756146,0.9793341147774064,0.3055918216705322,0.0011843680404126644,0.0038756535889549015,0.02
27,octanol_hl_gap_eV,123,0.0716823861002922,0.004124313127249479,0.6100049625810395,0.9836246396072408,0.8557679653167725,0.006512383930385113,0.007609987980765882,0.06
27,octanol_hl_gap_eV,124,0.025890212506055832,0.0023102683480829,0.6198656860482836,0.9788637335869008,0.4925645589828491,0.0015631414717063308,0.003173475320543228,0.02
27,octanol_hl_gap_eV,125,0.05297481268644333,0.0014224835904315114,0.6437693998696503,0.9736378563444328,0.3130987882614136,0.0009770755423232913,0.0031206621646440477,0.08
27,octanol_hl_gap_eV,126,0.12158919870853424,0.0010338922729715705,0.6726911172341017,0.9797483912445368,0.3186081349849701,0.004564558621495962,0.014326560185637724,0.14
27,octanol_hl_gap_eV,127,0.5341464281082153,0.0013400871539488435,0.649348050819879,0.9244766982300539,0.4081374704837799,0.1538136899471283,0.37686735737546334,0.34
27,octanol_hl_gap_eV,128,0.07006695866584778,0.0015886281616985798,0.6392380457602338,0.9756836432922,0.4021429419517517,0.0007891688728705049,0.0019624088614868386,0.1
27,octanol_hl_gap_eV,129,0.062706358730793,0.0007270551868714392,0.6604602000925008,0.9753038848835258,0.26579079031944275,0.0007536577759310603,0.0028355300611630327,0.24
27,octanol_hl_gap_eV,130,0.2209789901971817,0.0011525191366672516,0.6237804782064262,0.90441785255023,0.263719379901886,0.06517286598682404,0.24712960424475028,0.08
27,octanol_hl_gap_eV,131,0.2344720959663391,0.0016165182460099459,0.6355604519791358,0.9308552192718564,0.4150814414024353,0.040328118950128555,0.09715712370534316,0.08
27,octanol_hl_gap_eV,132,0.10521243512630463,0.0031566296238452196,0.6022132284019497,0.9765722997949999,0.5741057991981506,0.003310784697532654,0.005766854649712305,0.12
27,octanol_hl_gap_eV,133,0.08374039828777313,0.0012922851601615548,0.6387336130214374,0.9739936053600757,0.2516395151615143,0.0004369781236164272,0.0017365242630353731,0.12
27,octanol_hl_gap_eV,134,0.063255675137043,0.001726704416796565,0.6272046532593556,0.9736953090986395,0.392814964056015,0.0017242226749658585,0.004389401710063128,0.08
27,octanol_hl_gap_eV,135,0.009516752324998379,0.0007819843012839556,0.6650118356406478,0.9756873269238826,0.3193614184856415,0.0006339162937365472,0.0019849495181430256,0.16
27,octanol_hl_gap_eV,136,0.06751807034015656,0.0013716391986235976,0.6201043161486353,0.97048322515909,0.22445601224899292,0.0026242644526064396,0.011691664777931179,0.06
27,octanol_hl_gap_eV,137,0.07723074406385422,0.0013418021844699979,0.6361525503863523,0.9554264565547965,0.3242771029472351,0.0009890036890283227,0.003049872100248931,0.04
27,octanol_hl_gap_eV,138,0.09800062328577042,0.0011719822650775313,0.6678859109024673,0.9650332141033449,0.34187594056129456,0.0013135343324393034,0.0038421373855169,0.1
27,octanol_hl_gap_eV,139,0.047772008925676346,0.002628811402246356,0.6359154334534254,0.9563233020156112,0.48788684606552124,0.004747666418552399,0.00973108100134105,0.02
27,octanol_hl_gap_eV,140,0.08542772382497787,0.0024262156803160906,0.6412500509535319,0.9852493621172242,0.42257004976272583,0.0064020222052931786,0.015150203401513976,0.12
27,octanol_hl_gap_eV,141,0.07151898741722107,0.0013258584076538682,0.6467861134871971,0.955517181651901,0.34847307205200195,0.001137206214480102,0.0032633976788611057,0.08
27,octanol_hl_gap_eV,142,0.05598553642630577,0.0022937997709959745,0.6466227636936759,0.9806433197444449,0.4091120958328247,0.0017418779898434877,0.004257703469504041,0.12
27,octanol_hl_gap_eV,143,0.03957698121666908,0.0010015721200034022,0.6335919823535263,0.9584422465497755,0.2555798292160034,0.0006524155614897609,0.002552687993771103,0.02
27,octanol_hl_gap_eV,144,0.09007962793111801,0.0012980746105313301,0.6421927912049743,0.9740918930509832,0.3233078420162201,0.0012400050181895494,0.0038353694437369677,0.04
27,octanol_hl_gap_eV,145,0.023713260889053345,0.0009737401851452887,0.6334803966093938,0.9607296499307003,0.26935479044914246,0.0010036540916189551,0.0037261416065605766,0.1
27,octanol_hl_gap_eV,146,0.0786251351237297,0.0011003264226019382,0.669508882365669,0.9718089211969974,0.32421940565109253,0.0015844935551285744,0.004887102769023397,0.14
27,octanol_hl_gap_eV,147,0.06572451442480087,0.0027966501656919718,0.6254063023492538,0.9637500585983929,0.6538353562355042,0.0017889596056193113,0.0027361010513707188,0.06
27,octanol_hl_gap_eV,148,0.15255451202392578,0.0015023043379187584,0.647974955622131,0.986237205463588,0.34224915504455566,0.0013156653149053454,0.0038441740337797643,0.26
27,octanol_hl_gap_eV,149,0.06307915598154068,0.0016327541088685393,0.6341407921624131,0.9772309220993407,0.2448364496231079,0.005305752158164978,0.021670597520640635,0.0
27,octanol_hl_gap_eV,150,0.12729869782924652,0.0009491664241068065,0.6723221944437308,0.9287276580024688,0.32088086009025574,0.015164707787334919,0.04725962085451113,0.12
27,octanol_hl_gap_eV,151,0.10277726501226425,0.0012842122232541442,0.649587194257774,0.9854742183926097,0.32562434673309326,0.0017524075228720903,0.005381684571358229,0.22
27,octanol_hl_gap_eV,152,0.07364673167467117,0.0011609449284151196,0.6441439032301175,0.9753869706416838,0.2978326678276062,0.0010629112366586924,0.0035688201848762097,0.2
27,octanol_hl_gap_eV,153,0.13846445083618164,0.001306159538216889,0.6797328870334856,0.9744136613252345,0.31858065724372864,0.001999859232455492,0.00627740318498216,0.24
27,octanol_hl_gap_eV,154,0.044710829854011536,0.001485553802922368,0.6275200333976532,0.9751557220135014,0.2942548096179962,0.0006165590602904558,0.002095323645145775,0.22
27,octanol_hl_gap_eV,155,0.01622086763381958,0.001125242211855948,0.6266077424302314,0.9701150635731344,0.3253242075443268,0.0007132398313842714,0.002192397045298541,0.06
27,octanol_hl_gap_eV,156,0.04410943388938904,0.0010081225773319602,0.654220477379629,0.9672414170675769,0.25277480483055115,0.0013353597605600953,0.005282804041547022,0.06
27,octanol_hl_gap_eV,157,0.08742967993021011,0.0007781852618791163,0.6530710222089162,0.9808553086868543,0.2533222734928131,0.0005960855633020401,0.002353072057514719,0.1
27,octanol_hl_gap_eV,158,0.045434385538101196,0.0008615890983492136,0.6816113067712242,0.9718842377785362,0.29188787937164307,0.000530290650203824,0.0018167614610973182,0.02
27,octanol_hl_gap_eV,159,0.318256676197052,0.002191798761487007,0.6138360709319983,0.8995791281623531,0.5531696081161499,0.08237414807081223,0.14891300400855717,0.18
27,octanol_hl_gap_eV,160,0.011978994123637676,0.002002678345888853,0.6328295217370714,0.9725306081867178,0.4902742803096771,0.001177556230686605,0.0024018315420152423,0.1
27,octanol_hl_gap_eV,161,0.07196588814258575,0.0020586284808814526,0.6331755043859839,0.9758529729220946,0.3504818379878998,0.001028914819471538,0.0029357150869171737,0.04
27,octanol_hl_gap_eV,162,0.02628016471862793,0.0025250292383134365,0.6327855522337291,0.9713258713271176,0.4161891043186188,0.004011974204331636,0.009639786728439242,0.0
27,octanol_hl_gap_eV,163,0.0663270428776741,0.0014067067531868815,0.6222099394250542,0.9689897382936021,0.23766867816448212,0.001016511581838131,0.004277011130320837,0.14
27,octanol_hl_gap_eV,164,0.1225752979516983,0.001155886915512383,0.6321758075808999,0.9726880917401377,0.3516942262649536,0.001236999873071909,0.003517259541645129,0.08
27,octanol_hl_gap_eV,165,0.09688491374254227,0.0017456876812502742,0.6336337753522137,0.9700393049852525,0.3621353507041931,0.0015707442071288824,0.004337450635720814,0.14
27,octanol_hl_gap_eV,166,0.038006123155355453,0.003306413535028696,0.6352884332163349,0.9599964284903368,0.6395302414894104,0.0033161488827317953,0.005185288619047588,0.02
27,octanol_hl_gap_eV,167,0.04405564069747925,0.002047549467533827,0.6135298700381193,0.9773184372923505,0.324061781167984,0.0031641991809010506,0.009764184994283,0.06
27,octanol_hl_gap_eV,168,0.10912982374429703,0.0010259380796924233,0.6782365925485991,0.9709432206936339,0.2723107635974884,0.0009924648329615593,0.003644603760241202,0.06
27,octanol_hl_gap_eV,169,0.07019680738449097,0.0012104484485462308,0.6304866437763281,0.9880953313276313,0.27970725297927856,0.0007290079956874251,0.0026063249626974527,0.06
27,octanol_hl_gap_eV,170,0.08586914837360382,0.0015905331820249557,0.6316708558633128,0.9753781112616429,0.28642889857292175,0.0016775656258687377,0.005856830907170658,0.12
27,octanol_hl_gap_eV,171,0.08029880374670029,0.0015742963878437877,0.6275201841013489,0.9784973269549881,0.44283488392829895,0.002046403707936406,0.00462114386694917,0.1
27,octanol_hl_gap_eV,172,0.0675005167722702,0.0012803091667592525,0.6339103247600515,0.9674688094076069,0.2669323980808258,0.0013252132339403033,0.0049646024366777515,0.04
27,octanol_hl_gap_eV,173,0.08430469781160355,0.001015839516185224,0.6684725906277993,0.9591658040807083,0.25896933674812317,0.0016921355854719877,0.006534115608898439,0.02
27,octanol_hl_gap_eV,174,0.17920851707458496,0.002464045537635684,0.6268464901530777,0.9214147445240348,0.47319138050079346,0.06232166290283203,0.13170498337665204,0.18
27,octanol_hl_gap_eV,175,0.07077832520008087,0.002135066082701087,0.6421339096405401,0.970165317333201,0.44418826699256897,0.0016193401534110308,0.0036456166759535804,0.06
27,octanol_hl_gap_eV,176,0.04155731201171875,0.0009347977465949953,0.6605881682237116,0.971493590664894,0.2825253903865814,0.000687268387991935,0.002432589818039154,0.16
27,octanol_hl_gap_eV,177,0.041537005454301834,0.00100673025008291,0.661927752343924,0.9596764362235171,0.3000815808773041,0.0010053458390757442,0.0033502417447167647,0.02
27,octanol_hl_gap_eV,178,0.10964988172054291,0.0011379312491044402,0.6250574987425106,0.9784927315609522,0.35766586661338806,0.0007158835651353002,0.002001542869924237,0.14
27,octanol_hl_gap_eV,179,0.04600222781300545,0.0015303362160921097,0.6436480029586173,0.965635130166818,0.3906174898147583,0.0011370762949809432,0.002910971281701125,0.14
27,octanol_hl_gap_eV,180,0.06468581408262253,0.001261632889509201,0.6176414463424318,0.9734646933427886,0.18687598407268524,0.0006160313496366143,0.0032964714684633285,0.16
27,octanol_hl_gap_eV,181,0.05296088010072708,0.0014616134576499462,0.6319248428929054,0.9657271242186309,0.32054248452186584,0.001059667905792594,0.0033058579032768077,0.02
27,octanol_hl_gap_eV,182,0.10812671482563019,0.002085239626467228,0.6298743139723124,0.9867574114193847,0.4836922585964203,0.003401882480829954,0.007033154697785628,0.2
27,octanol_hl_gap_eV,183,0.13383211195468903,0.0016265757149085402,0.6296077654346528,0.9711390246932026,0.3954077959060669,0.001994904363527894,0.005045182174409641,0.22
27,octanol_hl_gap_eV,184,0.07815708965063095,0.0015047284541651607,0.6402382481183477,0.9686758793837398,0.2884198725223541,0.000887999078258872,0.0030788415184187672,0.04
27,octanol_hl_gap_eV,185,0.039162054657936096,0.0021719997748732567,0.6227406781688052,0.9710483870429576,0.383891761302948,0.0017718026647344232,0.004615370381278399,0.0
27,octanol_hl_gap_eV,186,0.011853870935738087,0.0022454496938735247,0.6298013626873782,0.9740527875731795,0.44777554273605347,0.0010122028179466724,0.0022605138542444404,0.02
27,octanol_hl_gap_eV,187,0.03146951273083687,0.0012079518055543303,0.6528890673128667,0.9552238239313009,0.34419384598731995,0.0006069792434573174,0.0017634808133079707,0.08
27,octanol_hl_gap_eV,188,0.2528206706047058,0.0013004345819354057,0.6277787738782676,0.9490929389892002,0.31132006645202637,0.02173045091331005,0.06980099664297951,0.26
27,octanol_hl_gap_eV,189,0.09581057727336884,0.0013590254820883274,0.6316570805779407,0.9737942180302444,0.3307968080043793,0.0012507134815678,0.003780911578660827,0.1
27,octanol_hl_gap_eV,190,0.11206438392400742,0.0016429127426818013,0.6403914125935888,0.9219724159863107,0.3076236844062805,0.025425266474485397,0.08265054923698947,0.04
27,octanol_hl_gap_eV,191,0.1534092128276825,0.005692827515304089,0.6399484502535462,0.9187834664652286,1.1568875312805176,0.16579043865203857,0.14330730876538278,0.02
27,octanol_hl_gap_eV,192,0.05713294446468353,0.0007978564826771617,0.6909806702463506,0.9718177853071344,0.2817980647087097,0.0010862486669793725,0.003854705915394454,0.2
27,octanol_hl_gap_eV,193,0.1582772582769394,0.002071779454126954,0.6177828976873323,0.9655413902878287,0.4118823707103729,0.00287413178011775,0.006978040296215493,0.22
27,octanol_hl_gap_eV,194,0.025989199057221413,0.00553379999473691,0.6232529647342879,0.9748513840935966,1.179530382156372,0.003126556985080242,0.002650679484291359,0.02
27,octanol_hl_gap_eV,195,0.13543489575386047,0.0010567549616098404,0.6689757096975131,0.9698952993342482,0.25481119751930237,0.000998722855001688,0.003919462192889044,0.16
27,octanol_hl_gap_eV,196,0.10390868782997131,0.0019811256788671017,0.6233792027383549,0.9824317087187835,0.4155920743942261,0.0018864978337660432,0.004539301757657034,0.24
27,octanol_hl_gap_eV,197,0.5265808701515198,0.000863583292812109,0.6827231328693204,0.9217434176417245,0.32169443368911743,0.05799981206655502,0.180294733114983,0.46
27,octanol_hl_gap_eV,198,0.10355500131845474,0.003926573786884546,0.6223622131072157,0.9731382508679327,0.6601507663726807,0.0031017728615552187,0.004698582535317618,0.02
27,octanol_hl_gap_eV,199,0.06389685720205307,0.0009723535040393472,0.6574276369246119,0.9663957547344664,0.32144156098365784,0.0007858186145313084,0.002444670229097287,0.16
27,octanol_hl_gap_eV,200,0.10072334110736847,0.0008663193439133465,0.6714226409766471,0.9606785396907129,0.29343825578689575,0.0013458557659760118,0.004586504109244076,0.08
27,octanol_hl_gap_eV,201,0.036640964448451996,0.0020617679692804813,0.6282226479978239,0.9720261869136846,0.29524320363998413,0.0014252448454499245,0.0048273586923540165,0.04
27,octanol_hl_gap_eV,202,0.1558411866426468,0.0010862024500966072,0.6693017401338996,0.9774113032656722,0.30690041184425354,0.0028363612946122885,0.009241959883884715,0.28
27,octanol_hl_gap_eV,203,0.04406695067882538,0.0011225860798731446,0.6384771392449402,0.9612375426254514,0.2834877073764801,0.0018619564361870289,0.0065680323616794265,0.16
27,octanol_hl_gap_eV,204,0.11005696654319763,0.0023903758265078068,0.6405636947265827,0.9839807910377334,0.4367513358592987,0.0027391191106289625,0.00627157580466195,0.18
27,octanol_hl_gap_eV,205,0.02168261632323265,0.0011891669128090143,0.6273879293400211,0.9657412464359689,0.25618788599967957,0.0009772481862455606,0.003814576096883765,0.1
27,octanol_hl_gap_eV,206,0.06735862046480179,0.0010722724255174398,0.6536706523968976,0.9650072103308391,0.3015778064727783,0.0014544734731316566,0.004822879674545758,0.08
27,octanol_hl_gap_eV,207,0.12867999076843262,0.002787100151181221,0.6248411627995181,0.9305859413739304,0.5020474195480347,0.029484666883945465,0.05872884858264757,0.02
27,octanol_hl_gap_eV,208,0.07828440517187119,0.0009797847596928477,0.6803807732633063,0.9606234217217902,0.26233983039855957,0.0026051781605929136,0.009930547552138761,0.1
27,octanol_hl_gap_eV,209,0.12696079909801483,0.001160531654022634,0.6382401134531059,0.9839759481840848,0.26395586133003235,0.0019743582233786583,0.00747988020963117,0.22
27,octanol_hl_gap_eV,210,0.03126228228211403,0.0017443664837628603,0.6227096531923488,0.9619785915372281,0.33494406938552856,0.0011614151298999786,0.003467489757411296,0.1
27,octanol_hl_gap_eV,211,0.040971338748931885,0.0013885863590985537,0.6279626338472597,0.9592198264894407,0.21978150308132172,0.0006498323637060821,0.002956719990515474,0.08
27,octanol_hl_gap_eV,212,0.173948273062706,0.002031567972153425,0.6090921401529041,0.9317719523844781,0.41758376359939575,0.03597051277756691,0.08613963451911127,0.1
27,octanol_hl_gap_eV,213,0.06393846124410629,0.0010836479486897588,0.6660637620869416,0.9739719916174716,0.28583720326423645,0.0004511711886152625,0.00157842010579073,0.08
27,octanol_hl_gap_eV,214,0.06144419685006142,0.003367602825164795,0.6297812832297895,0.9681501139333142,0.604724645614624,0.0016447555972263217,0.002719842178012509,0.0
27,octanol_hl_gap_eV,215,0.17210419476032257,0.0016402768669649959,0.6307537662261558,0.9081136805956336,0.37564387917518616,0.04452870413661003,0.11853967708560352,0.02
27,octanol_hl_gap_eV,216,0.11814659833908081,0.001469592098146677,0.6515592498887668,0.9700459982287055,0.25706911087036133,0.0019207699224352837,0.007471803655958955,0.18
27,octanol_hl_gap_eV,217,0.032812196761369705,0.0014411838492378592,0.637318673922642,0.9656504929333367,0.28169092535972595,0.0016074724262580276,0.005706511220428018,0.04
27,octanol_hl_gap_eV,218,0.12400805205106735,0.0010910548735409975,0.6375124667442253,0.9689689656712852,0.28844478726387024,0.0023122953716665506,0.00801642280867865,0.28
27,octanol_hl_gap_eV,219,0.08765259385108948,0.0013934310991317034,0.6329665503610433,0.9735889224936618,0.37333744764328003,0.0018253223970532417,0.0048892025393534,0.16
27,octanol_hl_gap_eV,220,0.04137210547924042,0.0020384497474879026,0.6366832227857318,0.9670857329117724,0.3286689817905426,0.0018515068804845214,0.00563334839326112,0.0
27,octanol_hl_gap_eV,221,0.07594350725412369,0.0017046041321009398,0.622021244100665,0.9742188618084524,0.3743897080421448,0.002387935295701027,0.00637820763874262,0.14
27,octanol_hl_gap_eV,222,0.43270474672317505,0.00157527148257941,0.6438403373620218,0.9134204563118493,0.3769914209842682,0.10843264311552048,0.28762628823865294,0.34
27,octanol_hl_gap_eV,223,0.12758775055408478,0.0011114238295704126,0.6519550427818761,0.9716677609011042,0.21602727472782135,0.002807770622894168,0.012997296875738282,0.02
27,octanol_hl_gap_eV,224,0.11060433089733124,0.0010294397361576557,0.6358204144475412,0.9780842815049167,0.29600679874420166,0.002917773323133588,0.00985711590244595,0.22
27,octanol_hl_gap_eV,225,0.05170084163546562,0.0021771632600575686,0.6231235566229998,0.9717031041456972,0.5322182178497314,0.002171858446672559,0.00408076682426863,0.02
27,octanol_hl_gap_eV,226,0.08874351531267166,0.0008121752762235701,0.6788609241946797,0.9636847914857829,0.2825216054916382,0.0006398213445208967,0.002264681114945149,0.14
27,octanol_hl_gap_eV,227,0.043991390615701675,0.001215968863107264,0.6554564015972528,0.9767373628082086,0.3195437788963318,0.0006319280946627259,0.0019775947347350476,0.1
27,octanol_hl_gap_eV,228,0.04177958145737648,0.0012363709975033998,0.6218778280356916,0.9784520579929925,0.3491336703300476,0.0022880113683640957,0.006553396486225929,0.08
27,octanol_hl_gap_eV,229,0.07742448896169662,0.0018300487427040935,0.6241113308922206,0.9443707562089498,0.4618062674999237,0.00797989685088396,0.017279750000112934,0.06
27,octanol_hl_gap_eV,230,0.4065144658088684,0.0013360480079427361,0.6391994851999132,0.9455392334166834,0.038477592170238495,0.04926559329032898,1.2803710032675784,0.28
27,octanol_hl_gap_eV,231,0.07571498304605484,0.0029622348956763744,0.6073980302062987,0.9806971303833216,0.5517088174819946,0.006216091103851795,0.011266977990712758,0.12
27,octanol_hl_gap_eV,232,0.08081980049610138,0.0008717107702977955,0.6600084239532666,0.9769740015623085,0.23840871453285217,0.0008150895009748638,0.0034188746102338735,0.12
27,octanol_hl_gap_eV,233,0.12946416437625885,0.0013256092788651586,0.6311333675705086,0.9290918600703464,0.2975156009197235,0.019004447385668755,0.06387714569225762,0.14
27,octanol_hl_gap_eV,234,0.048254191875457764,0.0053957728669047356,0.6397066033420737,0.9807205683249987,1.0126601457595825,0.007312974892556667,0.007221549029236561,0.04
27,octanol_hl_gap_eV,235,0.20323693752288818,0.003014610381796956,0.6103443919651901,0.9124639312229856,0.6865066289901733,0.10030826926231384,0.14611405779120257,0.2
27,octanol_hl_gap_eV,236,0.032364461570978165,0.001019363640807569,0.6666036869245728,0.9798552195640804,0.2611839473247528,0.0010395074496045709,0.003979982155304746,0.02
27,octanol_hl_gap_eV,237,0.497255802154541,0.0017140875570476055,0.6385648152468577,0.9052499413820896,0.3818826973438263,0.12529847025871277,0.32810722017578314,0.42
27,octanol_hl_gap_eV,238,0.10287662595510483,0.0050796750001609325,0.6288932909230656,0.9477088655206987,1.0577133893966675,0.03825458884239197,0.036167254027305876,0.02
27,octanol_hl_gap_eV,239,0.05452333763241768,0.0025486652739346027,0.6407069086716743,0.9711403646094632,0.4859285354614258,0.001200652914121747,0.002470842575609676,0.06
27,octanol_hl_gap_eV,240,0.05802253633737564,0.004205788020044565,0.6182101570573293,0.9833831588078283,0.7602053880691528,0.008039834909141064,0.010575872041056505,0.1
27,octanol_hl_gap_eV,241,0.03250875696539879,0.002026274334639311,0.6376445102671466,0.9684438572017842,0.30170464515686035,0.001302919234149158,0.0043185256013269285,0.06
27,octanol_hl_gap_eV,242,0.03950662910938263,0.00303239026106894,0.631693610029987,0.9807529905700576,0.7272364497184753,0.001733700162731111,0.0023839566394152187,0.04
27,octanol_hl_gap_eV,243,0.11417441070079803,0.0009827333269640803,0.6813873595637265,0.974067202729697,0.2776159942150116,0.0008801933727227151,0.0031705427319184344,0.24
27,octanol_hl_gap_eV,244,0.02487753890454769,0.0005631426465697587,0.652582495676912,0.9717546705683913,0.2734379768371582,0.0016627484001219273,0.006080897830487356,0.02
27,octanol_hl_gap_eV,245,0.0950564295053482,0.0009487906354479492,0.6480369750459072,0.9485670090522411,0.28564053773880005,0.001970498589798808,0.006898525697359885,0.16
27,octanol_hl_gap_eV,246,0.043952442705631256,0.0010933916782960296,0.6547850792245411,0.9738568153203144,0.27440470457077026,0.0005856983480043709,0.002134432603553692,0.08
27,octanol_hl_gap_eV,247,0.10896158963441849,0.0017029333394020796,0.6347253804593955,0.9869108476957797,0.42897823452949524,0.009420651011168957,0.02196067364933225,0.22
27,octanol_hl_gap_eV,248,0.05499928817152977,0.0009773062774911523,0.6614811348454885,0.9730581554466751,0.3044036626815796,0.000705765443854034,0.0023185182386990444,0.02
27,octanol_hl_gap_eV,249,0.05770276486873627,0.0013187211006879807,0.650805171296508,0.9810234688341071,0.10389883816242218,0.013580245897173882,0.1307064269183093,0.06
27,octanol_dipole,0,0.12641873955726624,0.017872728407382965,0.6136497007506503,0.9720250133994917,3.5302913188934326,0.01042668055742979,0.002953490127465749,0.1
27,octanol_dipole,1,0.10745824873447418,0.01428678072988987,0.6062080060151056,0.9664126216078768,2.7055439949035645,0.00983912218362093,0.0036366520752036903,0.06
27,octanol_dipole,2,0.09421689063310623,0.014140324667096138,0.6129604002192237,0.9602414814147562,2.7281088829040527,0.0112755773589015,0.0041331111927243635,0.04
27,octanol_dipole,3,0.08708078414201736,0.015173415653407574,0.6130738915198164,0.9556440567719064,2.924325466156006,0.009815461933612823,0.003356487520698283,0.08
27,octanol_dipole,4,0.20962919294834137,0.01194233912974596,0.6140047293329529,0.9343191826477648,2.3231027126312256,0.07511298358440399,0.0323330445855872,0.1
27,octanol_dipole,5,0.1124880313873291,0.010852820239961147,0.6107848640544642,0.9486162439329435,2.094923973083496,0.021330371499061584,0.010181931073930879,0.08
27,octanol_dipole,6,0.32675668597221375,0.015212786383926868,0.6148559404517566,0.9166836259352154,2.9830727577209473,0.30502045154571533,0.10225042307675708,0.2
27,octanol_dipole,7,0.09855420142412186,0.014826353639364243,0.6141931534192295,0.960148690006402,2.8141930103302,0.026480410248041153,0.009409592785867272,0.04
27,octanol_dipole,8,0.41795554757118225,0.017905108630657196,0.6103755894448628,0.9001273137618822,3.579782485961914,0.6162645816802979,0.17215140419759414,0.2
27,octanol_dipole,9,0.1154312938451767,0.016796253621578217,0.6051144104219961,0.9657716132958165,3.265791177749634,0.010652543976902962,0.003261857049979336,0.06
27,octanol_dipole,10,0.042287133634090424,0.02405581809580326,0.6254229487132374,0.9697067515767421,4.714420318603516,0.008498556911945343,0.0018026727227543316,0.08
27,octanol_dipole,11,0.23097285628318787,0.015546404756605625,0.6059393524134822,0.9265782139212895,3.0499515533447266,0.17397618293762207,0.05704227752300893,0.16
27,octanol_dipole,12,0.13282738626003265,0.014952103607356548,0.6113120235447962,0.968672469555268,2.977666139602661,0.008070091716945171,0.002710207034164697,0.12
27,octanol_dipole,13,0.1120990589261055,0.01670876331627369,0.6049281588009812,0.9600032088978654,3.2457754611968994,0.013181552290916443,0.004061141150551328,0.06
27,octanol_dipole,14,0.3328133225440979,0.013811541721224785,0.6104595709097558,0.9180322512626025,2.751673936843872,0.32472047209739685,0.11800833948728906,0.18
27,octanol_dipole,15,0.11463508009910583,0.020226048305630684,0.6091581062369649,0.955173261788806,3.818908452987671,0.011101623997092247,0.0029070149582682567,0.04
27,octanol_dipole,16,0.1570470780134201,0.011882374994456768,0.614875565458608,0.965945644047667,2.2995238304138184,0.008600594475865364,0.0037401632294967848,0.06
27,octanol_dipole,17,0.34323394298553467,0.01591622456908226,0.6083528558615068,0.9136452040181602,3.0814402103424072,0.4630359709262848,0.1502660896590405,0.12
27,octanol_dipole,18,0.14697210490703583,0.013053767383098602,0.6132749248031009,0.9679973809347877,2.4888229370117188,0.008008982054889202,0.003217979847335155,0.08
27,octanol_dipole,19,0.44311240315437317,0.013915317133069038,0.6146665718716684,0.9030038363476003,2.7629101276397705,0.6509223580360413,0.23559302618073028,0.28
27,octanol_dipole,20,0.0684080645442009,0.02282549999654293,0.6047240156649831,0.9580223013050353,4.337814807891846,0.01406936440616846,0.0032434220982813454,0.0
27,octanol_dipole,21,0.15558835864067078,0.008258325047791004,0.6101306472244867,0.9369970507336476,1.5824673175811768,0.04009372368454933,0.02533620962601183,0.08
27,octanol_dipole,22,0.13371947407722473,0.01766457036137581,0.6093298638348723,0.9545717041276018,3.4905648231506348,0.005545977037400007,0.0015888480284385973,0.1
27,octanol_dipole,23,0.33106693625450134,0.014743014238774776,0.6144418838390395,0.9378688223130791,2.837027072906494,0.20502237975597382,0.07226662787744612,0.16
27,octanol_dipole,24,0.06192416697740555,0.011641430668532848,0.6044470598608682,0.9716897746592021,2.2077009677886963,0.016711734235286713,0.007569745395376494,0.08
27,octanol_dipole,25,0.13775107264518738,0.011644775047898293,0.6107517389604227,0.9619608185913358,2.2370615005493164,0.016704736277461052,0.007467267338586427,0.12
27,octanol_dipole,26,0.1343788355588913,0.010973642580211163,0.6340755630669088,0.9599482222162263,2.1657750606536865,0.0601968877017498,0.027794616714988323,0.12
27,octanol_dipole,27,0.1301131397485733,0.012637653388082981,0.609405487438146,0.9619489824800631,2.425542116165161,0.011842473410069942,0.004882402713663522,0.1
27,octanol_dipole,28,0.130283385515213,0.016817383468151093,0.6143105787946557,0.9645056963539995,3.220001459121704,0.008499634452164173,0.002639636832488441,0.08
27,octanol_dipole,29,0.2700521945953369,0.01731063798069954,0.6198510142348015,0.9375059297477992,3.359910011291504,0.2274983525276184,0.06770965643814107,0.14
27,octanol_dipole,30,0.1345749795436859,0.016422171145677567,0.6097918234156237,0.9652193404526976,3.268860101699829,0.009807954542338848,0.0030004204025857965,0.1
27,octanol_dipole,31,0.09860364347696304,0.014799268916249275,0.6076055633823128,0.9548319807926864,2.844040870666504,0.00617812667042017,0.0021723058673809846,0.1
27,octanol_dipole,32,0.2463826835155487,0.019824085757136345,0.6235695452526824,0.9297191557338025,3.8842365741729736,0.20022082328796387,0.051547020750298815,0.08
27,octanol_dipole,33,0.0637960433959961,0.019765211269259453,0.6054612519562035,0.9511502300510042,3.776679039001465,0.0071118236519396305,0.0018830892375275717,0.04
27,octanol_dipole,34,0.10444030910730362,0.011583054438233376,0.6142276148425014,0.9448912219416341,2.2184135913848877,0.011549165472388268,0.005206047022628669,0.06
27,octanol_dipole,35,0.13117367029190063,0.01282085757702589,0.6142231275956713,0.9630090945990457,2.471210241317749,0.006776259746402502,0.0027420814437824305,0.02
27,octanol_dipole,36,0.4366418123245239,0.012327930890023708,0.6125706666899453,0.8781478039896997,2.482527732849121,0.711593508720398,0.2866407087036743,0.28
27,octanol_dipole,37,0.10891906917095184,0.012285580858588219,0.6136549336594477,0.9593648753493653,2.353144645690918,0.01038454007357359,0.00441304791551585,0.08
27,octanol_dipole,38,0.0906921997666359,0.017555465921759605,0.6196393569770058,0.9616578693401634,3.366248369216919,0.008355118334293365,0.002482026700910662,0.06
27,octanol_dipole,39,0.09398370236158371,0.014214436523616314,0.6136849984181438,0.9570830262149448,2.713183641433716,0.01591288298368454,0.005865022455787683,0.1
27,octanol_dipole,40,0.06973101943731308,0.013606574386358261,0.6115094434652957,0.9604956696232276,2.546917676925659,0.011625519022345543,0.004564544479654525,0.08
27,octanol_dipole,41,0.3447727560997009,0.01472031231969595,0.6071550657298881,0.9069687415484391,2.900534152984619,0.4319191575050354,0.14891021264500373,0.2
27,octanol_dipole,42,0.16690278053283691,0.015260828658938408,0.6096705552252497,0.9627403879341716,3.007086753845215,0.008448855020105839,0.0028096479123198353,0.1
27,octanol_dipole,43,0.11852530390024185,0.016735780984163284,0.6146815321800543,0.9675076327753396,3.238147735595703,0.00986859668046236,0.003047605448009892,0.1
27,octanol_dipole,44,0.26531773805618286,0.019045690074563026,0.6113918596344974,0.9108320990797638,3.6621618270874023,0.42231354117393494,0.11531809928503628,0.1
27,octanol_dipole,45,0.12629666924476624,0.013528469018638134,0.6228293911837441,0.9645524241137218,2.5929207801818848,0.005582740064710379,0.002153070046482009,0.04
27,octanol_dipole,46,0.12586256861686707,0.00744217075407505,0.6115198761954965,0.9628300503194247,1.4133027791976929,0.01224001869559288,0.008660577815138328,0.18
27,octanol_dipole,47,0.3334987461566925,0.016880061477422714,0.5952439243628784,0.8921704702040814,3.279494285583496,0.7165200710296631,0.2184849274412375,0.22
27,octanol_dipole,48,0.36585304141044617,0.01533841248601675,0.615103698907328,0.904487298949679,3.0082318782806396,0.5422621369361877,0.1802594211075639,0.18
27,octanol_dipole,49,0.18108989298343658,0.01647450216114521,0.6064289011998834,0.9563771822633784,3.1925241947174072,0.014548777602612972,0.004557139340302098,0.16
27,octanol_dipole,50,0.29073870182037354,0.014962472952902317,0.6131823410179698,0.9281722566813106,2.8699707984924316,0.2544216215610504,0.08864955061378871,0.16
27,octanol_dipole,51,0.27582812309265137,0.01658385992050171,0.6056098618073478,0.9229259151193678,3.296682834625244,0.2958672046661377,0.08974694245944072,0.12
27,octanol_dipole,52,0.2407398521900177,0.010883824899792671,0.6049774947828861,0.9257938345981853,2.0681607723236084,0.12202374637126923,0.059001093147209145,0.18
27,octanol_dipole,53,0.3845086097717285,0.017855308949947357,0.6070110095980652,0.8911353709921728,3.606491804122925,0.7558101415634155,0.20956934955442763,0.24
27,octanol_dipole,54,0.23957479000091553,0.02121327444911003,0.61868670601516,0.8868902122812947,4.113039016723633,0.5463559031486511,0.1328350888302216,0.12
27,octanol_dipole,55,0.31041890382766724,0.016921916976571083,0.6080036930033756,0.8882299857199432,3.269488573074341,0.5186538100242615,0.1586345382258256,0.14
27,octanol_dipole,56,0.07486482709646225,0.015782373026013374,0.6081800271481053,0.9661471213556245,3.025508403778076,0.009088078513741493,0.0030038186317356903,0.1
27,octanol_dipole,57,0.14424599707126617,0.018192501738667488,0.6103794741772319,0.9508203170118728,3.518817663192749,0.017479902133345604,0.004967549843854502,0.02
27,octanol_dipole,58,0.11471424251794815,0.01435167621821165,0.6126570482915286,0.9613931444893511,2.7335875034332275,0.010894248262047768,0.003985329991582571,0.06
27,octanol_dipole,59,0.26663899421691895,0.0173194482922554,0.6120505587970912,0.9140973306873583,3.3750295639038086,0.3079494833946228,0.09124349211282928,0.12
27,octanol_dipole,60,0.17210473120212555,0.016650427132844925,0.6132998891490224,0.9447114421934859,3.218862533569336,0.035266976803541183,0.010956347602839162,0.12
27,octanol_dipole,61,0.2709845304489136,0.01725107803940773,0.6160122297445154,0.9358941853180722,3.3883562088012695,0.18828050792217255,0.055566916911838585,0.12
27,octanol_dipole,62,0.3377764821052551,0.0148196741938591,0.6136955186390609,0.8954660259500469,3.062405824661255,0.4277760684490204,0.13968627704538095,0.12
27,octanol_dipole,63,0.1680157482624054,0.012059185653924942,0.6154258078811568,0.9680247151771053,2.3264334201812744,0.03997102379798889,0.017181245528562934,0.1
27,octanol_dipole,64,0.08973480761051178,0.02302861027419567,0.6062787430209906,0.9692733955517796,4.586220741271973,0.028183674439787865,0.006145293920582466,0.04
27,octanol_dipole,65,0.123919278383255,0.011881759390234947,0.6118351742721222,0.9515797169204827,2.224170207977295,0.021858807653188705,0.009827848415012962,0.1
27,octanol_dipole,66,0.13971832394599915,0.00865871924906969,0.6138727029570357,0.9551327055447487,1.596970558166504,0.03220043703913689,0.02016345065002732,0.08
27,octanol_dipole,67,0.3901955485343933,0.014817836694419384,0.6067746457400303,0.8844537260516465,2.9089560508728027,0.5829728245735168,0.20040619878000623,0.22
27,octanol_dipole,68,0.1881392002105713,0.015615247189998627,0.6122574016235991,0.952742698509804,2.9960291385650635,0.05608963593840599,0.018721325242273813,0.08
27,octanol_dipole,69,0.07701313495635986,0.013103806413710117,0.6122241582851229,0.9497107336595658,2.5281894207000732,0.012362801469862461,0.004889982280852641,0.1
27,octanol_dipole,70,0.26792585849761963,0.015847977250814438,0.614137531022604,0.9320443164147376,3.1264002323150635,0.305656760931015,0.09776635690200154,0.12
27,octanol_dipole,71,0.10348197817802429,0.013406729325652122,0.6033741836340218,0.9725733983315554,2.5625317096710205,0.009253880009055138,0.00361122556030464,0.08
27,octanol_dipole,72,0.0727490782737732,0.01268494501709938,0.6051404845334218,0.960328424386135,2.389812707901001,0.009333262220025063,0.003905436685129426,0.08
27,octanol_dipole,73,0.17023208737373352,0.012739073485136032,0.6144414583945952,0.9520004060266849,2.465122699737549,0.025906948372721672,0.010509395080204273,0.14
27,octanol_dipole,74,0.0966116413474083,0.01216540951281786,0.614950604846209,0.9694158826331292,2.3235132694244385,0.014799145981669426,0.006369296950619674,0.1
27,octanol_dipole,75,0.15560342371463776,0.010393451899290085,0.614612821648582,0.962356981812438,1.9774471521377563,0.019018976017832756,0.009617944023066273,0.14
27,octanol_dipole,76,0.3074185848236084,0.014840775169432163,0.6141581537289815,0.9205205140052353,2.9422414302825928,0.2654949426651001,0.0902356074292653,0.16
27,octanol_dipole,77,0.16077354550361633,0.017103053629398346,0.613662135762477,0.9682421609456107,3.2930562496185303,0.009039451368153095,0.002745003632780409,0.12
27,octanol_dipole,78,0.07694654166698456,0.012152647599577904,0.6146337420887691,0.9559045693255814,2.3269221782684326,0.007373219355940819,0.0031686574758712227,0.04
27,octanol_dipole,79,0.3703606426715851,0.013056342490017414,0.6161947124634144,0.9072524876188026,2.5377774238586426,0.5573078989982605,0.2196047193732555,0.24
27,octanol_dipole,80,0.37655705213546753,0.015056968666613102,0.6129382668447994,0.883730925756808,2.975224018096924,0.5855249762535095,0.19680029896640708,0.22
27,octanol_dipole,81,0.36139264702796936,0.012769858352839947,0.617320217573692,0.9041191548818537,2.4943573474884033,0.5331656336784363,0.2137486973208898,0.2
27,octanol_dipole,82,0.39068275690078735,0.0171608105301857,0.6160399260355829,0.9202997933545534,3.400947332382202,0.5148254036903381,0.1513770586178785,0.22
27,octanol_dipole,83,0.0827065035700798,0.01001992728561163,0.6110172559949911,0.969497708698366,1.8969266414642334,0.010259871371090412,0.005408681151302108,0.04
27,octanol_dipole,84,0.2832888960838318,0.018324267119169235,0.6130840524398902,0.9258062803473879,3.851597309112549,0.4135841727256775,0.1073799100822853,0.12
27,octanol_dipole,85,0.33889222145080566,0.01562691666185856,0.6115049091776039,0.8879626459111427,3.0731277465820312,0.40393784642219543,0.1314419313910591,0.16
27,octanol_dipole,86,0.12558242678642273,0.015126790851354599,0.6039880069564043,0.9693868226166797,2.8826723098754883,0.006925314664840698,0.0024023940012591386,0.14
27,octanol_dipole,87,0.10803623497486115,0.013680876232683659,0.6120771640721054,0.9697110089602214,2.6153297424316406,0.015490243211388588,0.005922864318052037,0.08
27,octanol_dipole,88,0.40839746594429016,0.016893668100237846,0.6160252160177992,0.8939219520239796,3.419232130050659,0.5105186700820923,0.1493079880699789,0.18
27,octanol_dipole,89,0.1280350238084793,0.013475528918206692,0.6134193199733087,0.9550416341262984,2.581851005554199,0.02373560704290867,0.009193252047406111,0.08
27,octanol_dipole,90,0.1108483299612999,0.016078349202871323,0.6103794770649873,0.9532316217867085,3.0843052864074707,0.01002072636038065,0.003248941148770836,0.08
27,octanol_dipole,91,0.4569229781627655,0.016843348741531372,0.6179426273644046,0.8977024188522442,3.3244924545288086,1.018989086151123,0.30650967029959697,0.3
27,octanol_dipole,92,0.12979260087013245,0.016507720574736595,0.6146265075261119,0.955354904310667,3.1927149295806885,0.004738919902592897,0.0014842915847846391,0.08
27,octanol_dipole,93,0.18771296739578247,0.015950098633766174,0.6129066439141817,0.9571070232788348,3.0798959732055664,0.02705196663737297,0.008783402709935424,0.12
27,octanol_dipole,94,0.11749304085969925,0.017469696700572968,0.6116806762320459,0.9672696750789056,3.461749792098999,0.014191752299666405,0.00409958926900415,0.08
27,octanol_dipole,95,0.11944707483053207,0.011103687807917595,0.6155937291395179,0.9644065730478921,2.1309802532196045,0.019199814647436142,0.009009851038473016,0.08
27,octanol_dipole,96,0.11301501095294952,0.01822122000157833,0.6116127589052451,0.965085165509677,3.6331703662872314,0.020448029041290283,0.005628150342475215,0.1
27,octanol_dipole,97,0.17243839800357819,0.01288312952965498,0.6116996925169418,0.920357687460581,2.430173873901367,0.04646969214081764,0.01912196186448826,0.1
27,octanol_dipole,98,0.12587802112102509,0.013918331824243069,0.6117361834834558,0.9715876230665186,2.67097806930542,0.012365591712296009,0.004629611846836183,0.1
27,octanol_dipole,99,0.18269948661327362,0.015364333055913448,0.6122376126447022,0.9491364728396039,2.9157330989837646,0.038559868931770325,0.013224759476513743,0.1
27,octanol_dipole,100,0.3535190522670746,0.015395798720419407,0.6096691434462715,0.9043413577706911,3.095564126968384,0.7327010035514832,0.23669385401136822,0.16
27,octanol_dipole,101,0.33827969431877136,0.015271860174834728,0.6149017589402173,0.9100190691795951,2.9990451335906982,0.4642069637775421,0.15478492089972523,0.18
27,octanol_dipole,102,0.1613187938928604,0.01237467397004366,0.6195061890797713,0.9513960250526137,2.3864965438842773,0.04967435821890831,0.020814762269908006,0.02
27,octanol_dipole,103,0.11122214049100876,0.01328434981405735,0.6152757616961657,0.9624351867309293,2.5765249729156494,0.01204787939786911,0.004676018872130503,0.08
27,octanol_dipole,104,0.08560871332883835,0.014773059636354446,0.6151576377045553,0.9666156259077345,2.866731643676758,0.010349643416702747,0.0036102588951886336,0.08
27,octanol_dipole,105,0.31234613060951233,0.015597174875438213,0.61172258348528,0.9164889684547679,2.9919540882110596,0.3600028157234192,0.12032364304716689,0.2
27,octanol_dipole,106,0.15210235118865967,0.01574084348976612,0.6140874193008707,0.949069664489995,3.046769142150879,0.031759608536958694,0.01042402855456842,0.1
27,octanol_dipole,107,0.19482335448265076,0.01752115972340107,0.6132049998882168,0.9451103346636711,3.438416004180908,0.08509413152933121,0.024748061731291918,0.12
27,octanol_dipole,108,0.1336643099784851,0.022367699071764946,0.6044994142929982,0.9664570114771303,4.269383430480957,0.013943172059953213,0.003265851448339574,0.08
27,octanol_dipole,109,0.04363652691245079,0.014672324061393738,0.6013796612654259,0.959778439663189,2.801942825317383,0.013600203208625317,0.004853847510997941,0.04
27,octanol_dipole,110,0.22693361341953278,0.013388588093221188,0.6094091578430285,0.9427954645323231,2.61281418800354,0.05267667397856712,0.02016089556633093,0.14
27,octanol_dipole,111,0.39391952753067017,0.01702704094350338,0.6148096058704986,0.9022167580905922,3.457469940185547,0.9040327668190002,0.26147234320437357,0.24
27,octanol_dipole,112,0.13467924296855927,0.006563946604728699,0.6104868382367816,0.9483968796678313,1.2445149421691895,0.054332293570041656,0.04365740557147548,0.08
27,octanol_dipole,113,0.259748637676239,0.008079358376562595,0.6096421968835275,0.925372631869732,1.520453929901123,0.15282946825027466,0.10051568498376885,0.18
27,octanol_dipole,114,0.12286247313022614,0.00935460440814495,0.6117707425248131,0.9581606084361891,1.791985273361206,0.018617801368236542,0.010389483465628792,0.1
27,octanol_dipole,115,0.1122022196650505,0.015261270105838776,0.6126895176559948,0.967338001279902,2.923118829727173,0.008872201666235924,0.003035183371954812,0.08
27,octanol_dipole,116,0.3497946262359619,0.009962696582078934,0.6096585334856093,0.9270502096019084,1.926692008972168,0.2906266450881958,0.15084229536159044,0.24
27,octanol_dipole,117,0.08335180580615997,0.012755731120705605,0.6203626628561656,0.9537641610834855,2.467628240585327,0.009864791296422482,0.00399768130959732,0.04
27,octanol_dipole,118,0.2085813283920288,0.017970221117138863,0.6120986856542423,0.9207481320026216,3.5456809997558594,0.10052543133497238,0.02835151592652981,0.16
27,octanol_dipole,119,0.16383096575737,0.014803356491029263,0.6117895585416504,0.9509907725973998,2.816011905670166,0.00764411361888051,0.0027145175073616506,0.12
27,octanol_dipole,120,0.2280741035938263,0.012417311780154705,0.6137462866469574,0.9331526821642133,2.3670496940612793,0.16490671038627625,0.06966761652702635,0.12
27,octanol_dipole,121,0.4327760934829712,0.01503011491149664,0.6104638282686847,0.8853064152311498,2.9903111457824707,0.710761308670044,0.23768807793546848,0.24
27,octanol_dipole,122,0.393143892288208,0.01603783667087555,0.6171329025256123,0.8991998190343724,3.1092710494995117,0.706853985786438,0.22733752526985956,0.16
27,octanol_dipole,123,0.5635067224502563,0.01187879778444767,0.6223294654622038,0.8939558425962675,2.363632917404175,0.866247832775116,0.3664900020627822,0.32
27,octanol_dipole,124,0.14864614605903625,0.017049122601747513,0.6119834136408937,0.9528390982234094,3.2455711364746094,0.006243630778044462,0.0019237386935928918,0.08
27,octanol_dipole,125,0.09972040355205536,0.017276622354984283,0.6100174494700699,0.9643093982471254,3.4125845432281494,0.008664796128869057,0.002539071492327793,0.04
27,octanol_dipole,126,0.2808955907821655,0.015715260058641434,0.611335051839774,0.9138565995634691,3.078526258468628,0.3217962384223938,0.10452931416036292,0.12
27,octanol_dipole,127,0.26193767786026,0.013191773556172848,0.609593001761332,0.8834501611929597,2.5852229595184326,0.4074490964412689,0.15760694641098472,0.12
27,octanol_dipole,128,0.12565629184246063,0.01745367795228958,0.6130187976719252,0.9514368047762187,3.2917957305908203,0.020335759967565536,0.006177710171559042,0.08
27,octanol_dipole,129,0.29921650886535645,0.012617710046470165,0.6164313561734724,0.9255734878276909,2.4645326137542725,0.33147290349006653,0.13449726801753584,0.2
27,octanol_dipole,130,0.14510317146778107,0.018340077251195908,0.6115253998097268,0.9386698278991568,3.509831190109253,0.079291932284832,0.02259138060778468,0.1
27,octanol_dipole,131,0.08048928529024124,0.017718175426125526,0.6121965742668898,0.9632627561884832,3.4070918560028076,0.01174082513898611,0.003445996067966427,0.1
27,octanol_dipole,132,0.16653159260749817,0.01425783708691597,0.6127704240064298,0.9481326506612258,2.7305636405944824,0.033212464302778244,0.01216322659872063,0.08
27,octanol_dipole,133,0.16740114986896515,0.01838594302535057,0.6152704339808759,0.9220311768882075,3.580784559249878,0.19680176675319672,0.05496051591398277,0.08
27,octanol_dipole,134,0.18952620029449463,0.013644516468048096,0.614447822341992,0.9685581671190284,2.64658522605896,0.038870442658662796,0.014687017170629688,0.16
27,octanol_dipole,135,0.1000731885433197,0.02013855054974556,0.6044019578235855,0.9663041131923689,3.8286454677581787,0.005511122290045023,0.0014394444031068773,0.04
27,octanol_dipole,136,0.2783914804458618,0.015970857813954353,0.6156422190912685,0.9214828120861793,3.131216287612915,0.37342458963394165,0.11925863796480893,0.18
27,octanol_dipole,137,0.38098829984664917,0.01735900342464447,0.6202862337238237,0.8922877019231503,3.452355146408081,0.6641045212745667,0.19236274749007734,0.16
27,octanol_dipole,138,0.1222352385520935,0.01629563979804516,0.6128310640837715,0.9712164921278261,3.12961745262146,0.012272792868316174,0.003921499369846663,0.04
27,octanol_dipole,139,0.14475107192993164,0.014894064515829086,0.6128718815620127,0.9355982295931387,2.8060741424560547,0.029144687578082085,0.010386285642678279,0.08
27,octanol_dipole,140,0.11460825055837631,0.007254072930663824,0.6106342298189125,0.9520068276016711,1.3917200565338135,0.018362538889050484,0.01319413254328159,0.14
27,octanol_dipole,141,0.19225792586803436,0.01262648031115532,0.6135037315140746,0.9507915010122714,2.4227168560028076,0.04514673352241516,0.018634754371132687,0.06
27,octanol_dipole,142,0.15808536112308502,0.013669579289853573,0.6141437464824429,0.9651167652694093,2.6102147102355957,0.006502935197204351,0.0024913411037429186,0.1
27,octanol_dipole,143,0.15762154757976532,0.01641751639544964,0.6205464075521676,0.9448084700513819,3.2238738536834717,0.05891002342104912,0.018273054745532563,0.08
27,octanol_dipole,144,0.17236067354679108,0.020125994458794594,0.6115000806502415,0.944853691468412,3.8618757724761963,0.1256326586008072,0.03253151214655794,0.14
27,octanol_dipole,145,0.4480302333831787,0.01494316104799509,0.6130058148277637,0.8868475556829267,3.035490036010742,0.6779699921607971,0.22334779034616403,0.24
27,octanol_dipole,146,0.0796128436923027,0.011903306469321251,0.6110739274302734,0.9468517425453167,2.2774899005889893,0.009726615622639656,0.0042707612534853496,0.14
27,octanol_dipole,147,0.11146324872970581,0.01673213019967079,0.6149158280877867,0.94729305118661,3.233059883117676,0.008490806445479393,0.002626244719380704,0.1
27,octanol_dipole,148,0.10090558975934982,0.015014360658824444,0.614183950268441,0.9578779906833272,2.9092094898223877,0.00842987559735775,0.0028976516221499086,0.12
27,octanol_dipole,149,0.11538679897785187,0.014378534629940987,0.6104138980846225,0.9497261466382076,2.729787826538086,0.011358571238815784,0.004160972192927065,0.1
27,octanol_dipole,150,0.144023597240448,0.0037702869158238173,0.6087740326366347,0.953676506844275,0.6800127625465393,0.02649948000907898,0.038969092153274675,0.1
27,octanol_dipole,151,0.3579096794128418,0.014005612581968307,0.6098302387785417,0.9085410433294125,2.7417492866516113,0.4157702624797821,0.15164415816719176,0.22
27,octanol_dipole,152,0.2039100080728531,0.012722163461148739,0.6144036675349858,0.9291486406695264,2.4642505645751953,0.08833246678113937,0.03584557027234231,0.06
27,octanol_dipole,153,0.09606470912694931,0.01844770647585392,0.6067171920813419,0.9563741471066387,3.5698301792144775,0.010585032403469086,0.002965136119107567,0.04
27,octanol_dipole,154,0.17041023075580597,0.012415752746164799,0.6086700150028572,0.9463324157244759,2.3811655044555664,0.03546175733208656,0.01489260501453241,0.14
27,octanol_dipole,155,0.1245231181383133,0.017590291798114777,0.6119130475688923,0.9605337752237131,3.412156820297241,0.010698729194700718,0.003135474058829666,0.06
27,octanol_dipole,156,0.07635141909122467,0.02276131883263588,0.6067655944984176,0.9684862869538067,4.329712867736816,0.007330031134188175,0.0016929601010747058,0.0
27,octanol_dipole,157,0.04719619080424309,0.007973691448569298,0.6107605604468476,0.9647376339826219,1.454620599746704,0.010594009421765804,0.007283005220475057,0.06
27,octanol_dipole,158,0.1361856311559677,0.010586513206362724,0.6122528521128703,0.9529724758790312,2.0426998138427734,0.023044435307383537,0.01128136163288321,0.1
27,octanol_dipole,159,0.23998118937015533,0.021622082218527794,0.619058332797183,0.898158709476093,4.262338161468506,0.39323294162750244,0.09225756538566655,0.04
27,octanol_dipole,160,0.1922566443681717,0.010675935074687004,0.6114779839385522,0.9288590002005161,2.0068111419677734,0.10003667324781418,0.049848573767496365,0.12
27,octanol_dipole,161,0.1389508843421936,0.014029466547071934,0.6151166808323751,0.9653176215312309,2.6961851119995117,0.00893004983663559,0.0033121056105873217,0.1
27,octanol_dipole,162,0.3831894099712372,0.01659230887889862,0.6043601091270363,0.9059688480478809,3.232825994491577,0.7183708548545837,0.2222114200017626,0.16
27,octanol_dipole,163,0.3891465365886688,0.015059801749885082,0.6155387729213975,0.894336872115524,3.025824785232544,0.7935677766799927,0.2622649469172765,0.18
27,octanol_dipole,164,0.1518174111843109,0.011945863254368305,0.6136179635580445,0.9662911757334613,2.289504051208496,0.02494511939585209,0.010895424877140973,0.12
27,octanol_dipole,165,0.1607850193977356,0.014119386672973633,0.6141808682918222,0.9672966546007353,2.737396001815796,0.008023271337151527,0.0029309867230862667,0.06
27,octanol_dipole,166,0.14175264537334442,0.015147480182349682,0.6036317746722195,0.9692030476568372,2.989142894744873,0.01030972134321928,0.00344905603587721,0.1
27,octanol_dipole,167,0.06823573261499405,0.008379394188523293,0.624528942913039,0.9645342540967485,1.5445436239242554,0.012616313062608242,0.008168311252066615,0.08
27,octanol_dipole,168,0.10472927987575531,0.015102208591997623,0.6112527910573475,0.9648324663741155,2.8372397422790527,0.007330211345106363,0.0025835713619386524,0.08
27,octanol_dipole,169,0.3598532974720001,0.014890615828335285,0.6157542401621936,0.8975490456666173,3.022083282470703,0.5457260608673096,0.18057942480696673,0.16
27,octanol_dipole,170,0.06087540090084076,0.01508196722716093,0.6120244388323286,0.9679572066500006,2.8756020069122314,0.007210705429315567,0.002507546389237045,0.08
27,octanol_dipole,171,0.058577410876750946,0.010831731371581554,0.6128103967891301,0.9636042969873757,2.0639514923095703,0.010691539384424686,0.0051801311340223455,0.04
27,octanol_dipole,172,0.27335402369499207,0.015703914687037468,0.6171776851342685,0.9058480091549541,3.093813896179199,0.5237898826599121,0.1693023240042921,0.2
27,octanol_dipole,173,0.11765445023775101,0.021968122571706772,0.6244288315214448,0.9526466541600169,4.28170108795166,0.010709334164857864,0.002501186781812727,0.04
27,octanol_dipole,174,0.1077609658241272,0.017224635928869247,0.6195291605454134,0.9669893349275189,3.291353225708008,0.011051095090806484,0.0033576144318054066,0.1
27,octanol_dipole,175,0.0862775519490242,0.012751518748700619,0.6135144918748132,0.9668814257233393,2.456670045852661,0.020510580390691757,0.008348935757700805,0.1
27,octanol_dipole,176,0.12858659029006958,0.01600356213748455,0.612050665262474,0.9618678594662955,3.040165424346924,0.005959288217127323,0.0019601855114208047,0.1
27,octanol_dipole,177,0.16356976330280304,0.015690194442868233,0.6142162574980052,0.9581271676705265,3.050647020339966,0.015508227050304413,0.005083586185784341,0.1
27,octanol_dipole,178,0.06630769371986389,0.014125551097095013,0.6144291506064226,0.9655434557166616,2.7220919132232666,0.014234689995646477,0.005229320114613979,0.08
27,octanol_dipole,179,0.16058215498924255,0.02296765334904194,0.6115959553596029,0.9455991100683292,4.6949992179870605,0.06582801789045334,0.014020879415327469,0.06
27,octanol_dipole,180,0.35854920744895935,0.016332795843482018,0.618520010378474,0.903046532592152,3.230865001678467,0.5269662141799927,0.16310375515728093,0.18
27,octanol_dipole,181,0.20187413692474365,0.017122503370046616,0.6106500609898633,0.940918744109444,3.3532042503356934,0.0791638046503067,0.02360840519702357,0.14
27,octanol_dipole,182,0.3763258159160614,0.013548272661864758,0.6152546501884424,0.8893935339717653,2.6663625240325928,0.5794804692268372,0.21732996320036554,0.14
27,octanol_dipole,183,0.33194661140441895,0.016057752072811127,0.6127867427847629,0.9141412503885398,3.19673752784729,0.34333354234695435,0.10740122995901952,0.18
27,octanol_dipole,184,0.3358728587627411,0.014394479803740978,0.6128783791634997,0.891910337851562,2.7825937271118164,0.549467146396637,0.19746581796795556,0.18
27,octanol_dipole,185,0.26077452301979065,0.019946955144405365,0.614440649234862,0.8999054019805741,3.8546416759490967,0.5231407880783081,0.1357170995536179,0.06
27,octanol_dipole,186,0.054393842816352844,0.02321665734052658,0.6168241262657053,0.9666184661751507,4.48734188079834,0.008787525817751884,0.0019582920248074572,0.0
27,octanol_dipole,187,0.18396316468715668,0.01698208972811699,0.6153654546919582,0.9469859249009771,3.276252269744873,0.021157998591661453,0.006457988228516072,0.12
27,octanol_dipole,188,0.09461748600006104,0.012115695513784885,0.6152936129361255,0.9753371307506116,2.3191938400268555,0.02137359231710434,0.009215957695393344,0.1
27,octanol_dipole,189,0.051339343190193176,0.02331729047000408,0.6155855345345627,0.9681871571740956,4.474063873291016,0.0115623464807868,0.0025843051883570477,0.04
27,octanol_dipole,190,0.06486736983060837,0.0133106280118227,0.6151531891779609,0.9569997592572193,2.547098159790039,0.013162916526198387,0.005167808894841895,0.04
27,octanol_dipole,191,0.40629351139068604,0.01473996601998806,0.6147253384100015,0.8899229401044668,2.8903415203094482,0.8271281719207764,0.2861697021299482,0.12
27,octanol_dipole,192,0.09434402734041214,0.016112910583615303,0.6082308615664995,0.9361112222713681,3.0217180252075195,0.048183877021074295,0.015945854847844453,0.06
27,octanol_dipole,193,0.42872777581214905,0.013440316542983055,0.6162288388537345,0.9112007565329734,2.649444818496704,0.5072978138923645,0.1914732514339383,0.18
27,octanol_dipole,194,0.220928356051445,0.011524127796292305,0.6064947168250372,0.9408416201691798,2.1648130416870117,0.14959345757961273,0.06910225257283023,0.06
27,octanol_dipole,195,0.5776735544204712,0.010756456293165684,0.6270633329127289,0.8965860064907993,2.1290738582611084,0.8863315582275391,0.41629911277546666,0.52
27,octanol_dipole,196,0.323042631149292,0.018853481858968735,0.6073110207581711,0.8902609202226599,3.717740297317505,0.6332772970199585,0.17033930462461105,0.14
27,octanol_dipole,197,0.08084843307733536,0.012993198819458485,0.611974247560511,0.9602827173065784,2.506910562515259,0.009726319462060928,0.0038798031359771443,0.06
27,octanol_dipole,198,0.32778382301330566,0.015910549089312553,0.6085811025486834,0.8951484690464073,3.099121570587158,0.4761923849582672,0.15365398681925474,0.26
27,octanol_dipole,199,0.1393776684999466,0.011679990217089653,0.6077497406212775,0.9546701970572387,2.212005376815796,0.050275810062885284,0.02272861114617082,0.12
27,octanol_dipole,200,0.11766204982995987,0.016795480623841286,0.6153363279220738,0.9570906100218486,3.2735226154327393,0.005969567224383354,0.0018235912580045561,0.04
27,octanol_dipole,201,0.3127271234989166,0.02447941154241562,0.6178507327732146,0.8928629314059613,4.898278713226318,0.6515068411827087,0.1330073030396396,0.18
27,octanol_dipole,202,0.11159586906433105,0.014039523899555206,0.6148952186496939,0.9690475947421369,2.7109153270721436,0.004760063253343105,0.0017558878382542818,0.06
27,octanol_dipole,203,0.3153638243675232,0.017744658514857292,0.6075030961853869,0.8992150976967244,3.5470387935638428,0.5767838358879089,0.16260995987258223,0.16
27,octanol_dipole,204,0.17779140174388885,0.013714534230530262,0.6113790156577998,0.9679549190745256,2.6453444957733154,0.011213644407689571,0.004239010996717643,0.12
27,octanol_dipole,205,0.36442142724990845,0.005515743512660265,0.61199016534767,0.9172563566619389,1.0465484857559204,0.2865293622016907,0.27378508124707757,0.16
27,octanol_dipole,206,0.13236433267593384,0.017885327339172363,0.6042919203327697,0.9481973900883038,3.3698112964630127,0.027701007202267647,0.008220343741901186,0.08
27,octanol_dipole,207,0.17565038800239563,0.013416801579296589,0.6069173401434533,0.9519558353508628,2.603879451751709,0.027860097587108612,0.01069945752226213,0.14
27,octanol_dipole,208,0.14767463505268097,0.016691038385033607,0.6103262611917646,0.9444132935094232,3.1958167552948,0.03623776137828827,0.011339123658529507,0.12
27,octanol_dipole,209,0.041784271597862244,0.006946413777768612,0.6118932471720195,0.9598943446871058,1.2681727409362793,0.012462270446121693,0.009826950259884093,0.04
27,octanol_dipole,210,0.09400782734155655,0.014581614173948765,0.6129717465830977,0.965973524993383,2.7518346309661865,0.014070658944547176,0.005113192045121868,0.04
27,octanol_dipole,211,0.24926990270614624,0.011029758490622044,0.6140429877936497,0.9217689963042843,2.139204978942871,0.11135529726743698,0.05205452416367567,0.1
27,octanol_dipole,212,0.2979724109172821,0.013071831315755844,0.6039653076490699,0.9166486699352099,2.5021169185638428,0.32132747769355774,0.12842224730169374,0.14
27,octanol_dipole,213,0.2390739917755127,0.01609000563621521,0.6063345322185765,0.9337815329686017,3.072497606277466,0.14479480683803558,0.04712609264274223,0.14
27,octanol_dipole,214,0.2630159258842468,0.01278232503682375,0.6103980780043798,0.9231277919695966,2.5164358615875244,0.18352201581001282,0.07292934368461738,0.18
27,octanol_dipole,215,0.06516218930482864,0.01618860848248005,0.610757152489896,0.9637702299864712,3.079171895980835,0.009103507734835148,0.0029564792231046686,0.06
27,octanol_dipole,216,0.1316358745098114,0.015145523473620415,0.614496477850611,0.9556532627683381,2.9331281185150146,0.01343358214944601,0.00457995068972547,0.06
27,octanol_dipole,217,0.09026410430669785,0.014757679775357246,0.6120936929618677,0.9545892374581764,2.9009811878204346,0.006102373357862234,0.0021035549570202726,0.04
27,octanol_dipole,218,0.29415908455848694,0.014639219269156456,0.6120878584199745,0.9104147074813209,2.9231457710266113,0.2903810441493988,0.09933854377964077,0.12
27,octanol_dipole,219,0.11004979908466339,0.014474474824965,0.6103082404301241,0.9611540154951175,2.830688714981079,0.011984052136540413,0.0042336170957676346,0.12
27,octanol_dipole,220,0.22489990293979645,0.02656383253633976,0.629246303823835,0.9225756825699749,5.37362003326416,0.48513269424438477,0.09028042385603788,0.02
27,octanol_dipole,221,0.43550848960876465,0.01251239888370037,0.621414320665969,0.9163950476872837,2.406752347946167,0.6608684659004211,0.2745893097245264,0.28
27,octanol_dipole,222,0.1378621608018875,0.01706100068986416,0.605381032260816,0.9436126559670819,3.2547099590301514,0.049813833087682724,0.015305152752390387,0.06
27,octanol_dipole,223,0.47717005014419556,0.015342104248702526,0.6154887223993997,0.891621007693292,2.9857676029205322,0.8478031754493713,0.2839481460714128,0.34
27,octanol_dipole,224,0.15259939432144165,0.012371929362416267,0.6103770868056337,0.9533916808790341,2.4025816917419434,0.010485166683793068,0.004364124941030001,0.08
27,octanol_dipole,225,0.12681563198566437,0.012778601609170437,0.6109972681385802,0.9575495450232598,2.491575241088867,0.0056352815590798855,0.0022617344506189415,0.12
27,octanol_dipole,226,0.11960724741220474,0.01607383042573929,0.6133817113454547,0.9581286509358782,3.08773136138916,0.02013508602976799,0.006520996703777132,0.08
27,octanol_dipole,227,0.15806175768375397,0.01399335078895092,0.6092531816548798,0.9428833765268891,2.701036214828491,0.019317664206027985,0.007151945649590117,0.1
27,octanol_dipole,228,0.1071648821234703,0.01628175564110279,0.6039577304244408,0.9560562045056242,3.0448176860809326,0.035194866359233856,0.01155894046468645,0.04
27,octanol_dipole,229,0.3532492220401764,0.017382407560944557,0.6031868331848977,0.8815367536551673,3.4910101890563965,0.5218065977096558,0.14947151954623702,0.14
27,octanol_dipole,230,0.48485732078552246,0.014976589009165764,0.6187827943232047,0.8985641936634805,3.1063339710235596,0.66802579164505,0.21505279145015135,0.32
27,octanol_dipole,231,0.12290660291910172,0.009686634875833988,0.606490228242478,0.9488981247887005,1.8160525560379028,0.035150688141584396,0.019355545644710277,0.1
27,octanol_dipole,232,0.13695821166038513,0.012839683331549168,0.613605796757666,0.9561124181296718,2.4451229572296143,0.01005252543836832,0.004111255594998005,0.08
27,octanol_dipole,233,0.0537324920296669,0.0164700448513031,0.6182119912831316,0.9592128487487896,3.2045657634735107,0.003487030975520611,0.0010881446139338793,0.12
27,octanol_dipole,234,0.1611216813325882,0.01301821693778038,0.6133499386729595,0.9617454083889418,2.4889302253723145,0.008375742472708225,0.003365197781490766,0.1
27,octanol_dipole,235,0.1344175487756729,0.01678655669093132,0.620841809524914,0.9286780520245452,3.317687511444092,0.08264593780040741,0.02491070588032387,0.04
27,octanol_dipole,236,0.18103204667568207,0.014725679531693459,0.6116639237496293,0.9564967042760539,2.8903119564056396,0.04888271540403366,0.016912608791482726,0.12
27,octanol_dipole,237,0.36264100670814514,0.014635991305112839,0.615164784946117,0.9089186399041391,2.922761917114258,0.3081128001213074,0.10541837099941333,0.2
27,octanol_dipole,238,0.16617000102996826,0.013870639726519585,0.6140149163855917,0.9688195761266449,2.661611795425415,0.009871849790215492,0.0037089743166837893,0.1
27,octanol_dipole,239,0.16132090985774994,0.013660473749041557,0.6139952418877055,0.9628374553140016,2.647195339202881,0.010519838891923428,0.003973956411955282,0.08
27,octanol_dipole,240,0.12015475332736969,0.02149401605129242,0.6049487500846475,0.963476614128687,4.0606865882873535,0.010251662693917751,0.002524613134017201,0.06
27,octanol_dipole,241,0.38830113410949707,0.014126320369541645,0.6110865283696791,0.9026281300212173,2.869696617126465,0.4405571222305298,0.15352045216252727,0.24
27,octanol_dipole,242,0.13830749690532684,0.020919999107718468,0.6122252336236884,0.9638146426198286,4.099177360534668,0.004415242467075586,0.0010771045209177514,0.06
27,octanol_dipole,243,0.16336990892887115,0.017044568434357643,0.6114089327443437,0.9476988449598363,3.2579426765441895,0.02290617860853672,0.007030872204551519,0.04
27,octanol_dipole,244,0.07613527029752731,0.015580782666802406,0.6112343452522047,0.9705137121576208,3.028639078140259,0.01020247396081686,0.003368666155850339,0.02
27,octanol_dipole,245,0.1328873485326767,0.021257547661662102,0.6164884438942564,0.9608939197363415,4.058284282684326,0.013138971291482449,0.0032375679908731676,0.04
27,octanol_dipole,246,0.42587941884994507,0.01349932886660099,0.6191059643863415,0.9083248692594377,2.6705479621887207,0.5547605752944946,0.207732863498106,0.2
27,octanol_dipole,247,0.0918310284614563,0.0097586615011096,0.617112717552518,0.9550608074298859,1.8101412057876587,0.02491779997944832,0.013765666402033907,0.06
27,octanol_dipole,248,0.14633126556873322,0.012375293299555779,0.6108993470804169,0.9686619931260092,2.41900634765625,0.006863138172775507,0.0028371724528235033,0.1
27,octanol_dipole,249,0.3686053156852722,0.017842531204223633,0.6133262040430085,0.8989353116685534,3.5781896114349365,0.6083807349205017,0.17002473345075947,0.12
27,hexane_gsolv_eV,0,0.9999998807907104,0.0,0.6508214506777279,0.6508214506777279,,,,1.0
27,hexane_gsolv_eV,1,0.9999998807907104,0.0,0.6508214506777279,0.6508214506777279,,,,1.0
27,hexane_gsolv_eV,2,0.9999998807907104,0.0,0.6508214506777279,0.6508214506777279,,,,1.0
27,hexane_gsolv_eV,3,0.9999998807907104,0.0,0.6508214506777279,0.6508214506777279,,,,1.0
27,hexane_gsolv_eV,4,0.9999998807907104,0.0,0.6508214506777279,0.6508214506777279,,,,1.0
27,hexane_gsolv_eV,5,0.9999998807907104,0.0,0.6508214506777279,0.6508214506777279,,,,1.0
27,hexane_gsolv_eV,6,0.9999998807907104,0.0,0.6508214506777279,0.6508214506777279,,,,1.0
27,hexane_gsolv_eV,7,0.9999998807907104,0.0,0.6508214506777279,0.6508214506777279,,,,1.0
27,hexane_gsolv_eV,8,0.9999998807907104,0.0,0.6508214506777279,0.6508214506777279,,,,1.0
27,hexane_gsolv_eV,9,0.9999998807907104,0.0,0.6508214506777279,0.6508214506777279,,,,1.0
27,hexane_gsolv_eV,10,0.9999998807907104,0.0,0.6508214506777279,0.6508214506777279,,,,1.0
27,hexane_gsolv_eV,11,0.9999998807907104,0.0,0.6508214506777279,0.6508214506777279,,,,1.0
27,hexane_gsolv_eV,12,0.9999998807907104,0.0,0.6508214506777279,0.6508214506777279,,,,1.0
27,hexane_gsolv_eV,13,0.9999998807907104,0.0,0.6508214506777279,0.6508214506777279,,,,1.0
27,hexane_gsolv_eV,14,0.9999998807907104,0.0,0.6508214506777279,0.6508214506777279,,,,1.0
27,hexane_gsolv_eV,15,0.9999998807907104,0.0,0.6508214506777279,0.6508214506777279,,,,1.0
27,hexane_gsolv_eV,16,0.9999998807907104,0.0,0.6508214506777279,0.6508214506777279,,,,1.0
27,hexane_gsolv_eV,17,0.9999998807907104,0.0,0.6508214506777279,0.6508214506777279,,,,1.0
27,hexane_gsolv_eV,18,0.9999998807907104,0.0,0.6508214506777279,0.6508214506777279,,,,1.0
27,hexane_gsolv_eV,19,0.9999998807907104,0.0,0.6508214506777279,0.6508214506777279,,,,1.0
27,hexane_gsolv_eV,20,0.9999998807907104,0.0,0.6508214506777279,0.6508214506777279,,,,1.0
27,hexane_gsolv_eV,21,0.9999998807907104,0.0,0.6508214506777279,0.6508214506777279,,,,1.0
27,hexane_gsolv_eV,22,0.9999998807907104,0.0,0.6508214506777279,0.6508214506777279,,,,1.0
27,hexane_gsolv_eV,23,0.9999998807907104,0.0,0.6508214506777279,0.6508214506777279,,,,1.0
27,hexane_gsolv_eV,24,0.9999998807907104,0.0,0.6508214506777279,0.6508214506777279,,,,1.0
27,hexane_gsolv_eV,25,0.9999998807907104,0.0,0.6508214506777279,0.6508214506777279,,,,1.0
27,hexane_gsolv_eV,26,0.9999998807907104,0.0,0.6508214506777279,0.6508214506777279,,,,1.0
27,hexane_gsolv_eV,27,0.9999998807907104,0.0,0.6508214506777279,0.6508214506777279,,,,1.0
27,hexane_gsolv_eV,28,0.9999998807907104,0.0,0.6508214506777279,0.6508214506777279,,,,1.0
27,hexane_gsolv_eV,29,0.9999998807907104,0.0,0.6508214506777279,0.6508214506777279,,,,1.0
27,hexane_gsolv_eV,30,0.9999998807907104,0.0,0.6508214506777279,0.6508214506777279,,,,1.0
27,hexane_gsolv_eV,31,0.9999998807907104,0.0,0.6508214506777279,0.6508214506777279,,,,1.0
27,hexane_gsolv_eV,32,0.9999998807907104,0.0,0.6508214506777279,0.6508214506777279,,,,1.0
27,hexane_gsolv_eV,33,0.9999998807907104,0.0,0.6508214506777279,0.6508214506777279,,,,1.0
27,hexane_gsolv_eV,34,0.9999998807907104,0.0,0.6508214506777279,0.6508214506777279,,,,1.0
27,hexane_gsolv_eV,35,0.9999998807907104,0.0,0.6508214506777279,0.6508214506777279,,,,1.0
27,hexane_gsolv_eV,36,0.9999998807907104,0.0,0.6508214506777279,0.6508214506777279,,,,1.0
27,hexane_gsolv_eV,37,0.9999998807907104,0.0,0.6508214506777279,0.6508214506777279,,,,1.0
27,hexane_gsolv_eV,38,0.9999998807907104,0.0,0.6508214506777279,0.6508214506777279,,,,1.0
27,hexane_gsolv_eV,39,0.9999998807907104,0.0,0.6508214506777279,0.6508214506777279,,,,1.0
27,hexane_gsolv_eV,40,0.9999998807907104,0.0,0.6508214506777279,0.6508214506777279,,,,1.0
27,hexane_gsolv_eV,41,0.9999998807907104,0.0,0.6508214506777279,0.6508214506777279,,,,1.0
27,hexane_gsolv_eV,42,0.9999998807907104,0.0,0.6508214506777279,0.6508214506777279,,,,1.0
27,hexane_gsolv_eV,43,0.9999998807907104,0.0,0.6508214506777279,0.6508214506777279,,,,1.0
27,hexane_gsolv_eV,44,0.9999998807907104,0.0,0.6508214506777279,0.6508214506777279,,,,1.0
27,hexane_gsolv_eV,45,0.9999998807907104,0.0,0.6508214506777279,0.6508214506777279,,,,1.0
27,hexane_gsolv_eV,46,0.9999998807907104,0.0,0.6508214506777279,0.6508214506777279,,,,1.0
27,hexane_gsolv_eV,47,0.9999998807907104,0.0,0.6508214506777279,0.6508214506777279,,,,1.0
27,hexane_gsolv_eV,48,0.9999998807907104,0.0,0.6508214506777279,0.6508214506777279,,,,1.0
27,hexane_gsolv_eV,49,0.9999998807907104,0.0,0.6508214506777279,0.6508214506777279,,,,1.0
27,hexane_gsolv_eV,50,0.9999998807907104,0.0,0.6508214506777279,0.6508214506777279,,,,1.0
27,hexane_gsolv_eV,51,0.9999998807907104,0.0,0.6508214506777279,0.6508214506777279,,,,1.0
27,hexane_gsolv_eV,52,0.9999998807907104,0.0,0.6508214506777279,0.6508214506777279,,,,1.0
27,hexane_gsolv_eV,53,0.9999998807907104,0.0,0.6508214506777279,0.6508214506777279,,,,1.0
27,hexane_gsolv_eV,54,0.9999998807907104,0.0,0.6508214506777279,0.6508214506777279,,,,1.0
27,hexane_gsolv_eV,55,0.9999998807907104,0.0,0.6508214506777279,0.6508214506777279,,,,1.0
27,hexane_gsolv_eV,56,0.9999998807907104,0.0,0.6508214506777279,0.6508214506777279,,,,1.0
27,hexane_gsolv_eV,57,0.9999998807907104,0.0,0.6508214506777279,0.6508214506777279,,,,1.0
27,hexane_gsolv_eV,58,0.9999998807907104,0.0,0.6508214506777279,0.6508214506777279,,,,1.0
27,hexane_gsolv_eV,59,0.9999998807907104,0.0,0.6508214506777279,0.6508214506777279,,,,1.0
27,hexane_gsolv_eV,60,0.9999998807907104,0.0,0.6508214506777279,0.6508214506777279,,,,1.0
27,hexane_gsolv_eV,61,0.9999998807907104,0.0,0.6508214506777279,0.6508214506777279,,,,1.0
27,hexane_gsolv_eV,62,0.9999998807907104,0.0,0.6508214506777279,0.6508214506777279,,,,1.0
27,hexane_gsolv_eV,63,0.9999998807907104,0.0,0.6508214506777279,0.6508214506777279,,,,1.0
27,hexane_gsolv_eV,64,0.9999998807907104,0.0,0.6508214506777279,0.6508214506777279,,,,1.0
27,hexane_gsolv_eV,65,0.9999998807907104,0.0,0.6508214506777279,0.6508214506777279,,,,1.0
27,hexane_gsolv_eV,66,0.9999998807907104,0.0,0.6508214506777279,0.6508214506777279,,,,1.0
27,hexane_gsolv_eV,67,0.9999998807907104,0.0,0.6508214506777279,0.6508214506777279,,,,1.0
27,hexane_gsolv_eV,68,0.9999998807907104,0.0,0.6508214506777279,0.6508214506777279,,,,1.0
27,hexane_gsolv_eV,69,0.9999998807907104,0.0,0.6508214506777279,0.6508214506777279,,,,1.0
27,hexane_gsolv_eV,70,0.9999998807907104,0.0,0.6508214506777279,0.6508214506777279,,,,1.0
27,hexane_gsolv_eV,71,0.9999998807907104,0.0,0.6508214506777279,0.6508214506777279,,,,1.0
27,hexane_gsolv_eV,72,0.9999998807907104,0.0,0.6508214506777279,0.6508214506777279,,,,1.0
27,hexane_gsolv_eV,73,0.9999998807907104,0.0,0.6508214506777279,0.6508214506777279,,,,1.0
27,hexane_gsolv_eV,74,0.9999998807907104,0.0,0.6508214506777279,0.6508214506777279,,,,1.0
27,hexane_gsolv_eV,75,0.9999998807907104,0.0,0.6508214506777279,0.6508214506777279,,,,1.0
27,hexane_gsolv_eV,76,0.9999998807907104,0.0,0.6508214506777279,0.6508214506777279,,,,1.0
27,hexane_gsolv_eV,77,0.9999998807907104,0.0,0.6508214506777279,0.6508214506777279,,,,1.0
27,hexane_gsolv_eV,78,0.9999998807907104,0.0,0.6508214506777279,0.6508214506777279,,,,1.0
27,hexane_gsolv_eV,79,0.9999998807907104,0.0,0.6508214506777279,0.6508214506777279,,,,1.0
27,hexane_gsolv_eV,80,0.9999998807907104,0.0,0.6508214506777279,0.6508214506777279,,,,1.0
27,hexane_gsolv_eV,81,0.9999998807907104,0.0,0.6508214506777279,0.6508214506777279,,,,1.0
27,hexane_gsolv_eV,82,0.9999998807907104,0.0,0.6508214506777279,0.6508214506777279,,,,1.0
27,hexane_gsolv_eV,83,0.9999998807907104,0.0,0.6508214506777279,0.6508214506777279,,,,1.0
27,hexane_gsolv_eV,84,0.9999998807907104,0.0,0.6508214506777279,0.6508214506777279,,,,1.0
27,hexane_gsolv_eV,85,0.9999998807907104,0.0,0.6508214506777279,0.6508214506777279,,,,1.0
27,hexane_gsolv_eV,86,0.9999998807907104,0.0,0.6508214506777279,0.6508214506777279,,,,1.0
27,hexane_gsolv_eV,87,0.9999998807907104,0.0,0.6508214506777279,0.6508214506777279,,,,1.0
27,hexane_gsolv_eV,88,0.9999998807907104,0.0,0.6508214506777279,0.6508214506777279,,,,1.0
27,hexane_gsolv_eV,89,0.9999998807907104,0.0,0.6508214506777279,0.6508214506777279,,,,1.0
27,hexane_gsolv_eV,90,0.9999998807907104,0.0,0.6508214506777279,0.6508214506777279,,,,1.0
27,hexane_gsolv_eV,91,0.9999998807907104,0.0,0.6508214506777279,0.6508214506777279,,,,1.0
27,hexane_gsolv_eV,92,0.9999998807907104,0.0,0.6508214506777279,0.6508214506777279,,,,1.0
27,hexane_gsolv_eV,93,0.9999998807907104,0.0,0.6508214506777279,0.6508214506777279,,,,1.0
27,hexane_gsolv_eV,94,0.9999998807907104,0.0,0.6508214506777279,0.6508214506777279,,,,1.0
27,hexane_gsolv_eV,95,0.9999998807907104,0.0,0.6508214506777279,0.6508214506777279,,,,1.0
27,hexane_gsolv_eV,96,0.9999998807907104,0.0,0.6508214506777279,0.6508214506777279,,,,1.0
27,hexane_gsolv_eV,97,0.9999998807907104,0.0,0.6508214506777279,0.6508214506777279,,,,1.0
27,hexane_gsolv_eV,98,0.9999998807907104,0.0,0.6508214506777279,0.6508214506777279,,,,1.0
27,hexane_gsolv_eV,99,0.9999998807907104,0.0,0.6508214506777279,0.6508214506777279,,,,1.0
27,hexane_gsolv_eV,100,0.9999998807907104,0.0,0.6508214506777279,0.6508214506777279,,,,1.0
27,hexane_gsolv_eV,101,0.9999998807907104,0.0,0.6508214506777279,0.6508214506777279,,,,1.0
27,hexane_gsolv_eV,102,0.9999998807907104,0.0,0.6508214506777279,0.6508214506777279,,,,1.0
27,hexane_gsolv_eV,103,0.9999998807907104,0.0,0.6508214506777279,0.6508214506777279,,,,1.0
27,hexane_gsolv_eV,104,0.9999998807907104,0.0,0.6508214506777279,0.6508214506777279,,,,1.0
27,hexane_gsolv_eV,105,0.9999998807907104,0.0,0.6508214506777279,0.6508214506777279,,,,1.0
27,hexane_gsolv_eV,106,0.9999998807907104,0.0,0.6508214506777279,0.6508214506777279,,,,1.0
27,hexane_gsolv_eV,107,0.9999998807907104,0.0,0.6508214506777279,0.6508214506777279,,,,1.0
27,hexane_gsolv_eV,108,0.9999998807907104,0.0,0.6508214506777279,0.6508214506777279,,,,1.0
27,hexane_gsolv_eV,109,0.9999998807907104,0.0,0.6508214506777279,0.6508214506777279,,,,1.0
27,hexane_gsolv_eV,110,0.9999998807907104,0.0,0.6508214506777279,0.6508214506777279,,,,1.0
27,hexane_gsolv_eV,111,0.9999998807907104,0.0,0.6508214506777279,0.6508214506777279,,,,1.0
27,hexane_gsolv_eV,112,0.9999998807907104,0.0,0.6508214506777279,0.6508214506777279,,,,1.0
27,hexane_gsolv_eV,113,0.9999998807907104,0.0,0.6508214506777279,0.6508214506777279,,,,1.0
27,hexane_gsolv_eV,114,0.9999998807907104,0.0,0.6508214506777279,0.6508214506777279,,,,1.0
27,hexane_gsolv_eV,115,0.9999998807907104,0.0,0.6508214506777279,0.6508214506777279,,,,1.0
27,hexane_gsolv_eV,116,0.9999998807907104,0.0,0.6508214506777279,0.6508214506777279,,,,1.0
27,hexane_gsolv_eV,117,0.9999998807907104,0.0,0.6508214506777279,0.6508214506777279,,,,1.0
27,hexane_gsolv_eV,118,0.9999998807907104,0.0,0.6508214506777279,0.6508214506777279,,,,1.0
27,hexane_gsolv_eV,119,0.9999998807907104,0.0,0.6508214506777279,0.6508214506777279,,,,1.0
27,hexane_gsolv_eV,120,0.9999998807907104,0.0,0.6508214506777279,0.6508214506777279,,,,1.0
27,hexane_gsolv_eV,121,0.9999998807907104,0.0,0.6508214506777279,0.6508214506777279,,,,1.0
27,hexane_gsolv_eV,122,0.9999998807907104,0.0,0.6508214506777279,0.6508214506777279,,,,1.0
27,hexane_gsolv_eV,123,0.9999998807907104,0.0,0.6508214506777279,0.6508214506777279,,,,1.0
27,hexane_gsolv_eV,124,0.9999998807907104,0.0,0.6508214506777279,0.6508214506777279,,,,1.0
27,hexane_gsolv_eV,125,0.9999998807907104,0.0,0.6508214506777279,0.6508214506777279,,,,1.0
27,hexane_gsolv_eV,126,0.9999998807907104,0.0,0.6508214506777279,0.6508214506777279,,,,1.0
27,hexane_gsolv_eV,127,0.9999998807907104,0.0,0.6508214506777279,0.6508214506777279,,,,1.0
27,hexane_gsolv_eV,128,0.9999998807907104,0.0,0.6508214506777279,0.6508214506777279,,,,1.0
27,hexane_gsolv_eV,129,0.9999998807907104,0.0,0.6508214506777279,0.6508214506777279,,,,1.0
27,hexane_gsolv_eV,130,0.9999998807907104,0.0,0.6508214506777279,0.6508214506777279,,,,1.0
27,hexane_gsolv_eV,131,0.9999998807907104,0.0,0.6508214506777279,0.6508214506777279,,,,1.0
27,hexane_gsolv_eV,132,0.9999998807907104,0.0,0.6508214506777279,0.6508214506777279,,,,1.0
27,hexane_gsolv_eV,133,0.9999998807907104,0.0,0.6508214506777279,0.6508214506777279,,,,1.0
27,hexane_gsolv_eV,134,0.9999998807907104,0.0,0.6508214506777279,0.6508214506777279,,,,1.0
27,hexane_gsolv_eV,135,0.9999998807907104,0.0,0.6508214506777279,0.6508214506777279,,,,1.0
27,hexane_gsolv_eV,136,0.9999998807907104,0.0,0.6508214506777279,0.6508214506777279,,,,1.0
27,hexane_gsolv_eV,137,0.9999998807907104,0.0,0.6508214506777279,0.6508214506777279,,,,1.0
27,hexane_gsolv_eV,138,0.9999998807907104,0.0,0.6508214506777279,0.6508214506777279,,,,1.0
27,hexane_gsolv_eV,139,0.9999998807907104,0.0,0.6508214506777279,0.6508214506777279,,,,1.0
27,hexane_gsolv_eV,140,0.9999998807907104,0.0,0.6508214506777279,0.6508214506777279,,,,1.0
27,hexane_gsolv_eV,141,0.9999998807907104,0.0,0.6508214506777279,0.6508214506777279,,,,1.0
27,hexane_gsolv_eV,142,0.9999998807907104,0.0,0.6508214506777279,0.6508214506777279,,,,1.0
27,hexane_gsolv_eV,143,0.9999998807907104,0.0,0.6508214506777279,0.6508214506777279,,,,1.0
27,hexane_gsolv_eV,144,0.9999998807907104,0.0,0.6508214506777279,0.6508214506777279,,,,1.0
27,hexane_gsolv_eV,145,0.9999998807907104,0.0,0.6508214506777279,0.6508214506777279,,,,1.0
27,hexane_gsolv_eV,146,0.9999998807907104,0.0,0.6508214506777279,0.6508214506777279,,,,1.0
27,hexane_gsolv_eV,147,0.9999998807907104,0.0,0.6508214506777279,0.6508214506777279,,,,1.0
27,hexane_gsolv_eV,148,0.9999998807907104,0.0,0.6508214506777279,0.6508214506777279,,,,1.0
27,hexane_gsolv_eV,149,0.9999998807907104,0.0,0.6508214506777279,0.6508214506777279,,,,1.0
27,hexane_gsolv_eV,150,0.9999998807907104,0.0,0.6508214506777279,0.6508214506777279,,,,1.0
27,hexane_gsolv_eV,151,0.9999998807907104,0.0,0.6508214506777279,0.6508214506777279,,,,1.0
27,hexane_gsolv_eV,152,0.9999998807907104,0.0,0.6508214506777279,0.6508214506777279,,,,1.0
27,hexane_gsolv_eV,153,0.9999998807907104,0.0,0.6508214506777279,0.6508214506777279,,,,1.0
27,hexane_gsolv_eV,154,0.9999998807907104,0.0,0.6508214506777279,0.6508214506777279,,,,1.0
27,hexane_gsolv_eV,155,0.9999998807907104,0.0,0.6508214506777279,0.6508214506777279,,,,1.0
27,hexane_gsolv_eV,156,0.9999998807907104,0.0,0.6508214506777279,0.6508214506777279,,,,1.0
27,hexane_gsolv_eV,157,0.9999998807907104,0.0,0.6508214506777279,0.6508214506777279,,,,1.0
27,hexane_gsolv_eV,158,0.9999998807907104,0.0,0.6508214506777279,0.6508214506777279,,,,1.0
27,hexane_gsolv_eV,159,0.9999998807907104,0.0,0.6508214506777279,0.6508214506777279,,,,1.0
27,hexane_gsolv_eV,160,0.9999998807907104,0.0,0.6508214506777279,0.6508214506777279,,,,1.0
27,hexane_gsolv_eV,161,0.9999998807907104,0.0,0.6508214506777279,0.6508214506777279,,,,1.0
27,hexane_gsolv_eV,162,0.9999998807907104,0.0,0.6508214506777279,0.6508214506777279,,,,1.0
27,hexane_gsolv_eV,163,0.9999998807907104,0.0,0.6508214506777279,0.6508214506777279,,,,1.0
27,hexane_gsolv_eV,164,0.9999998807907104,0.0,0.6508214506777279,0.6508214506777279,,,,1.0
27,hexane_gsolv_eV,165,0.9999998807907104,0.0,0.6508214506777279,0.6508214506777279,,,,1.0
27,hexane_gsolv_eV,166,0.9999998807907104,0.0,0.6508214506777279,0.6508214506777279,,,,1.0
27,hexane_gsolv_eV,167,0.9999998807907104,0.0,0.6508214506777279,0.6508214506777279,,,,1.0
27,hexane_gsolv_eV,168,0.9999998807907104,0.0,0.6508214506777279,0.6508214506777279,,,,1.0
27,hexane_gsolv_eV,169,0.9999998807907104,0.0,0.6508214506777279,0.6508214506777279,,,,1.0
27,hexane_gsolv_eV,170,0.9999998807907104,0.0,0.6508214506777279,0.6508214506777279,,,,1.0
27,hexane_gsolv_eV,171,0.9999998807907104,0.0,0.6508214506777279,0.6508214506777279,,,,1.0
27,hexane_gsolv_eV,172,0.9999998807907104,0.0,0.6508214506777279,0.6508214506777279,,,,1.0
27,hexane_gsolv_eV,173,0.9999998807907104,0.0,0.6508214506777279,0.6508214506777279,,,,1.0
27,hexane_gsolv_eV,174,0.9999998807907104,0.0,0.6508214506777279,0.6508214506777279,,,,1.0
27,hexane_gsolv_eV,175,0.9999998807907104,0.0,0.6508214506777279,0.6508214506777279,,,,1.0
27,hexane_gsolv_eV,176,0.9999998807907104,0.0,0.6508214506777279,0.6508214506777279,,,,1.0
27,hexane_gsolv_eV,177,0.9999998807907104,0.0,0.6508214506777279,0.6508214506777279,,,,1.0
27,hexane_gsolv_eV,178,0.9999998807907104,0.0,0.6508214506777279,0.6508214506777279,,,,1.0
27,hexane_gsolv_eV,179,0.9999998807907104,0.0,0.6508214506777279,0.6508214506777279,,,,1.0
27,hexane_gsolv_eV,180,0.9999998807907104,0.0,0.6508214506777279,0.6508214506777279,,,,1.0
27,hexane_gsolv_eV,181,0.9999998807907104,0.0,0.6508214506777279,0.6508214506777279,,,,1.0
27,hexane_gsolv_eV,182,0.9999998807907104,0.0,0.6508214506777279,0.6508214506777279,,,,1.0
27,hexane_gsolv_eV,183,0.9999998807907104,0.0,0.6508214506777279,0.6508214506777279,,,,1.0
27,hexane_gsolv_eV,184,0.9999998807907104,0.0,0.6508214506777279,0.6508214506777279,,,,1.0
27,hexane_gsolv_eV,185,0.9999998807907104,0.0,0.6508214506777279,0.6508214506777279,,,,1.0
27,hexane_gsolv_eV,186,0.9999998807907104,0.0,0.6508214506777279,0.6508214506777279,,,,1.0
27,hexane_gsolv_eV,187,0.9999998807907104,0.0,0.6508214506777279,0.6508214506777279,,,,1.0
27,hexane_gsolv_eV,188,0.9999998807907104,0.0,0.6508214506777279,0.6508214506777279,,,,1.0
27,hexane_gsolv_eV,189,0.9999998807907104,0.0,0.6508214506777279,0.6508214506777279,,,,1.0
27,hexane_gsolv_eV,190,0.9999998807907104,0.0,0.6508214506777279,0.6508214506777279,,,,1.0
27,hexane_gsolv_eV,191,0.9999998807907104,0.0,0.6508214506777279,0.6508214506777279,,,,1.0
27,hexane_gsolv_eV,192,0.9999998807907104,0.0,0.6508214506777279,0.6508214506777279,,,,1.0
27,hexane_gsolv_eV,193,0.9999998807907104,0.0,0.6508214506777279,0.6508214506777279,,,,1.0
27,hexane_gsolv_eV,194,0.9999998807907104,0.0,0.6508214506777279,0.6508214506777279,,,,1.0
27,hexane_gsolv_eV,195,0.9999998807907104,0.0,0.6508214506777279,0.6508214506777279,,,,1.0
27,hexane_gsolv_eV,196,0.9999998807907104,0.0,0.6508214506777279,0.6508214506777279,,,,1.0
27,hexane_gsolv_eV,197,0.9999998807907104,0.0,0.6508214506777279,0.6508214506777279,,,,1.0
27,hexane_gsolv_eV,198,0.9999998807907104,0.0,0.6508214506777279,0.6508214506777279,,,,1.0
27,hexane_gsolv_eV,199,0.9999998807907104,0.0,0.6508214506777279,0.6508214506777279,,,,1.0
27,hexane_gsolv_eV,200,0.9999998807907104,0.0,0.6508214506777279,0.6508214506777279,,,,1.0
27,hexane_gsolv_eV,201,0.9999998807907104,0.0,0.6508214506777279,0.6508214506777279,,,,1.0
27,hexane_gsolv_eV,202,0.9999998807907104,0.0,0.6508214506777279,0.6508214506777279,,,,1.0
27,hexane_gsolv_eV,203,0.9999998807907104,0.0,0.6508214506777279,0.6508214506777279,,,,1.0
27,hexane_gsolv_eV,204,0.9999998807907104,0.0,0.6508214506777279,0.6508214506777279,,,,1.0
27,hexane_gsolv_eV,205,0.9999998807907104,0.0,0.6508214506777279,0.6508214506777279,,,,1.0
27,hexane_gsolv_eV,206,0.9999998807907104,0.0,0.6508214506777279,0.6508214506777279,,,,1.0
27,hexane_gsolv_eV,207,0.9999998807907104,0.0,0.6508214506777279,0.6508214506777279,,,,1.0
27,hexane_gsolv_eV,208,0.9999998807907104,0.0,0.6508214506777279,0.6508214506777279,,,,1.0
27,hexane_gsolv_eV,209,0.9999998807907104,0.0,0.6508214506777279,0.6508214506777279,,,,1.0
27,hexane_gsolv_eV,210,0.9999998807907104,0.0,0.6508214506777279,0.6508214506777279,,,,1.0
27,hexane_gsolv_eV,211,0.9999998807907104,0.0,0.6508214506777279,0.6508214506777279,,,,1.0
27,hexane_gsolv_eV,212,0.9999998807907104,0.0,0.6508214506777279,0.6508214506777279,,,,1.0
27,hexane_gsolv_eV,213,0.9999998807907104,0.0,0.6508214506777279,0.6508214506777279,,,,1.0
27,hexane_gsolv_eV,214,0.9999998807907104,0.0,0.6508214506777279,0.6508214506777279,,,,1.0
27,hexane_gsolv_eV,215,0.9999998807907104,0.0,0.6508214506777279,0.6508214506777279,,,,1.0
27,hexane_gsolv_eV,216,0.9999998807907104,0.0,0.6508214506777279,0.6508214506777279,,,,1.0
27,hexane_gsolv_eV,217,0.9999998807907104,0.0,0.6508214506777279,0.6508214506777279,,,,1.0
27,hexane_gsolv_eV,218,0.9999998807907104,0.0,0.6508214506777279,0.6508214506777279,,,,1.0
27,hexane_gsolv_eV,219,0.9999998807907104,0.0,0.6508214506777279,0.6508214506777279,,,,1.0
27,hexane_gsolv_eV,220,0.9999998807907104,0.0,0.6508214506777279,0.6508214506777279,,,,1.0
27,hexane_gsolv_eV,221,0.9999998807907104,0.0,0.6508214506777279,0.6508214506777279,,,,1.0
27,hexane_gsolv_eV,222,0.9999998807907104,0.0,0.6508214506777279,0.6508214506777279,,,,1.0
27,hexane_gsolv_eV,223,0.9999998807907104,0.0,0.6508214506777279,0.6508214506777279,,,,1.0
27,hexane_gsolv_eV,224,0.9999998807907104,0.0,0.6508214506777279,0.6508214506777279,,,,1.0
27,hexane_gsolv_eV,225,0.9999998807907104,0.0,0.6508214506777279,0.6508214506777279,,,,1.0
27,hexane_gsolv_eV,226,0.9999998807907104,0.0,0.6508214506777279,0.6508214506777279,,,,1.0
27,hexane_gsolv_eV,227,0.9999998807907104,0.0,0.6508214506777279,0.6508214506777279,,,,1.0
27,hexane_gsolv_eV,228,0.9999998807907104,0.0,0.6508214506777279,0.6508214506777279,,,,1.0
27,hexane_gsolv_eV,229,0.9999998807907104,0.0,0.6508214506777279,0.6508214506777279,,,,1.0
27,hexane_gsolv_eV,230,0.9999998807907104,0.0,0.6508214506777279,0.6508214506777279,,,,1.0
27,hexane_gsolv_eV,231,0.9999998807907104,0.0,0.6508214506777279,0.6508214506777279,,,,1.0
27,hexane_gsolv_eV,232,0.9999998807907104,0.0,0.6508214506777279,0.6508214506777279,,,,1.0
27,hexane_gsolv_eV,233,0.9999998807907104,0.0,0.6508214506777279,0.6508214506777279,,,,1.0
27,hexane_gsolv_eV,234,0.9999998807907104,0.0,0.6508214506777279,0.6508214506777279,,,,1.0
27,hexane_gsolv_eV,235,0.9999998807907104,0.0,0.6508214506777279,0.6508214506777279,,,,1.0
27,hexane_gsolv_eV,236,0.9999998807907104,0.0,0.6508214506777279,0.6508214506777279,,,,1.0
27,hexane_gsolv_eV,237,0.9999998807907104,0.0,0.6508214506777279,0.6508214506777279,,,,1.0
27,hexane_gsolv_eV,238,0.9999998807907104,0.0,0.6508214506777279,0.6508214506777279,,,,1.0
27,hexane_gsolv_eV,239,0.9999998807907104,0.0,0.6508214506777279,0.6508214506777279,,,,1.0
27,hexane_gsolv_eV,240,0.9999998807907104,0.0,0.6508214506777279,0.6508214506777279,,,,1.0
27,hexane_gsolv_eV,241,0.9999998807907104,0.0,0.6508214506777279,0.6508214506777279,,,,1.0
27,hexane_gsolv_eV,242,0.9999998807907104,0.0,0.6508214506777279,0.6508214506777279,,,,1.0
27,hexane_gsolv_eV,243,0.9999998807907104,0.0,0.6508214506777279,0.6508214506777279,,,,1.0
27,hexane_gsolv_eV,244,0.9999998807907104,0.0,0.6508214506777279,0.6508214506777279,,,,1.0
27,hexane_gsolv_eV,245,0.9999998807907104,0.0,0.6508214506777279,0.6508214506777279,,,,1.0
27,hexane_gsolv_eV,246,0.9999998807907104,0.0,0.6508214506777279,0.6508214506777279,,,,1.0
27,hexane_gsolv_eV,247,0.9999998807907104,0.0,0.6508214506777279,0.6508214506777279,,,,1.0
27,hexane_gsolv_eV,248,0.9999998807907104,0.0,0.6508214506777279,0.6508214506777279,,,,1.0
27,hexane_gsolv_eV,249,0.9999998807907104,0.0,0.6508214506777279,0.6508214506777279,,,,1.0
27,hexane_hl_gap_eV,0,0.9999999403953552,0.0,0.7045662390985106,0.7045662390985106,,,,1.0
27,hexane_hl_gap_eV,1,0.9999999403953552,0.0,0.7045662390985106,0.7045662390985106,,,,1.0
27,hexane_hl_gap_eV,2,0.9999999403953552,0.0,0.7045662390985106,0.7045662390985106,,,,1.0
27,hexane_hl_gap_eV,3,0.9999999403953552,0.0,0.7045662390985106,0.7045662390985106,,,,1.0
27,hexane_hl_gap_eV,4,0.9999999403953552,0.0,0.7045662390985106,0.7045662390985106,,,,1.0
27,hexane_hl_gap_eV,5,0.9999999403953552,0.0,0.7045662390985106,0.7045662390985106,,,,1.0
27,hexane_hl_gap_eV,6,0.9999999403953552,0.0,0.7045662390985106,0.7045662390985106,,,,1.0
27,hexane_hl_gap_eV,7,0.9999999403953552,0.0,0.7045662390985106,0.7045662390985106,,,,1.0
27,hexane_hl_gap_eV,8,0.9999999403953552,0.0,0.7045662390985106,0.7045662390985106,,,,1.0
27,hexane_hl_gap_eV,9,0.9999999403953552,0.0,0.7045662390985106,0.7045662390985106,,,,1.0
27,hexane_hl_gap_eV,10,0.9999999403953552,0.0,0.7045662390985106,0.7045662390985106,,,,1.0
27,hexane_hl_gap_eV,11,0.9999999403953552,0.0,0.7045662390985106,0.7045662390985106,,,,1.0
27,hexane_hl_gap_eV,12,0.9999999403953552,0.0,0.7045662390985106,0.7045662390985106,,,,1.0
27,hexane_hl_gap_eV,13,0.9999999403953552,0.0,0.7045662390985106,0.7045662390985106,,,,1.0
27,hexane_hl_gap_eV,14,0.9999999403953552,0.0,0.7045662390985106,0.7045662390985106,,,,1.0
27,hexane_hl_gap_eV,15,0.9999999403953552,0.0,0.7045662390985106,0.7045662390985106,,,,1.0
27,hexane_hl_gap_eV,16,0.9999999403953552,0.0,0.7045662390985106,0.7045662390985106,,,,1.0
27,hexane_hl_gap_eV,17,0.9999999403953552,0.0,0.7045662390985106,0.7045662390985106,,,,1.0
27,hexane_hl_gap_eV,18,0.9999999403953552,0.0,0.7045662390985106,0.7045662390985106,,,,1.0
27,hexane_hl_gap_eV,19,0.9999999403953552,0.0,0.7045662390985106,0.7045662390985106,,,,1.0
27,hexane_hl_gap_eV,20,0.9999999403953552,0.0,0.7045662390985106,0.7045662390985106,,,,1.0
27,hexane_hl_gap_eV,21,0.9999999403953552,0.0,0.7045662390985106,0.7045662390985106,,,,1.0
27,hexane_hl_gap_eV,22,0.9999999403953552,0.0,0.7045662390985106,0.7045662390985106,,,,1.0
27,hexane_hl_gap_eV,23,0.9999999403953552,0.0,0.7045662390985106,0.7045662390985106,,,,1.0
27,hexane_hl_gap_eV,24,0.9999999403953552,0.0,0.7045662390985106,0.7045662390985106,,,,1.0
27,hexane_hl_gap_eV,25,0.9999999403953552,0.0,0.7045662390985106,0.7045662390985106,,,,1.0
27,hexane_hl_gap_eV,26,0.9999999403953552,0.0,0.7045662390985106,0.7045662390985106,,,,1.0
27,hexane_hl_gap_eV,27,0.9999999403953552,0.0,0.7045662390985106,0.7045662390985106,,,,1.0
27,hexane_hl_gap_eV,28,0.9999999403953552,0.0,0.7045662390985106,0.7045662390985106,,,,1.0
27,hexane_hl_gap_eV,29,0.9999999403953552,0.0,0.7045662390985106,0.7045662390985106,,,,1.0
27,hexane_hl_gap_eV,30,0.9999999403953552,0.0,0.7045662390985106,0.7045662390985106,,,,1.0
27,hexane_hl_gap_eV,31,0.9999999403953552,0.0,0.7045662390985106,0.7045662390985106,,,,1.0
27,hexane_hl_gap_eV,32,0.9999999403953552,0.0,0.7045662390985106,0.7045662390985106,,,,1.0
27,hexane_hl_gap_eV,33,0.9999999403953552,0.0,0.7045662390985106,0.7045662390985106,,,,1.0
27,hexane_hl_gap_eV,34,0.9999999403953552,0.0,0.7045662390985106,0.7045662390985106,,,,1.0
27,hexane_hl_gap_eV,35,0.9999999403953552,0.0,0.7045662390985106,0.7045662390985106,,,,1.0
27,hexane_hl_gap_eV,36,0.9999999403953552,0.0,0.7045662390985106,0.7045662390985106,,,,1.0
27,hexane_hl_gap_eV,37,0.9999999403953552,0.0,0.7045662390985106,0.7045662390985106,,,,1.0
27,hexane_hl_gap_eV,38,0.9999999403953552,0.0,0.7045662390985106,0.7045662390985106,,,,1.0
27,hexane_hl_gap_eV,39,0.9999999403953552,0.0,0.7045662390985106,0.7045662390985106,,,,1.0
27,hexane_hl_gap_eV,40,0.9999999403953552,0.0,0.7045662390985106,0.7045662390985106,,,,1.0
27,hexane_hl_gap_eV,41,0.9999999403953552,0.0,0.7045662390985106,0.7045662390985106,,,,1.0
27,hexane_hl_gap_eV,42,0.9999999403953552,0.0,0.7045662390985106,0.7045662390985106,,,,1.0
27,hexane_hl_gap_eV,43,0.9999999403953552,0.0,0.7045662390985106,0.7045662390985106,,,,1.0
27,hexane_hl_gap_eV,44,0.9999999403953552,0.0,0.7045662390985106,0.7045662390985106,,,,1.0
27,hexane_hl_gap_eV,45,0.9999999403953552,0.0,0.7045662390985106,0.7045662390985106,,,,1.0
27,hexane_hl_gap_eV,46,0.9999999403953552,0.0,0.7045662390985106,0.7045662390985106,,,,1.0
27,hexane_hl_gap_eV,47,0.9999999403953552,0.0,0.7045662390985106,0.7045662390985106,,,,1.0
27,hexane_hl_gap_eV,48,0.9999999403953552,0.0,0.7045662390985106,0.7045662390985106,,,,1.0
27,hexane_hl_gap_eV,49,0.9999999403953552,0.0,0.7045662390985106,0.7045662390985106,,,,1.0
27,hexane_hl_gap_eV,50,0.9999999403953552,0.0,0.7045662390985106,0.7045662390985106,,,,1.0
27,hexane_hl_gap_eV,51,0.9999999403953552,0.0,0.7045662390985106,0.7045662390985106,,,,1.0
27,hexane_hl_gap_eV,52,0.9999999403953552,0.0,0.7045662390985106,0.7045662390985106,,,,1.0
27,hexane_hl_gap_eV,53,0.9999999403953552,0.0,0.7045662390985106,0.7045662390985106,,,,1.0
27,hexane_hl_gap_eV,54,0.9999999403953552,0.0,0.7045662390985106,0.7045662390985106,,,,1.0
27,hexane_hl_gap_eV,55,0.9999999403953552,0.0,0.7045662390985106,0.7045662390985106,,,,1.0
27,hexane_hl_gap_eV,56,0.9999999403953552,0.0,0.7045662390985106,0.7045662390985106,,,,1.0
27,hexane_hl_gap_eV,57,0.9999999403953552,0.0,0.7045662390985106,0.7045662390985106,,,,1.0
27,hexane_hl_gap_eV,58,0.9999999403953552,0.0,0.7045662390985106,0.7045662390985106,,,,1.0
27,hexane_hl_gap_eV,59,0.9999999403953552,0.0,0.7045662390985106,0.7045662390985106,,,,1.0
27,hexane_hl_gap_eV,60,0.9999999403953552,0.0,0.7045662390985106,0.7045662390985106,,,,1.0
27,hexane_hl_gap_eV,61,0.9999999403953552,0.0,0.7045662390985106,0.7045662390985106,,,,1.0
27,hexane_hl_gap_eV,62,0.9999999403953552,0.0,0.7045662390985106,0.7045662390985106,,,,1.0
27,hexane_hl_gap_eV,63,0.9999999403953552,0.0,0.7045662390985106,0.7045662390985106,,,,1.0
27,hexane_hl_gap_eV,64,0.9999999403953552,0.0,0.7045662390985106,0.7045662390985106,,,,1.0
27,hexane_hl_gap_eV,65,0.9999999403953552,0.0,0.7045662390985106,0.7045662390985106,,,,1.0
27,hexane_hl_gap_eV,66,0.9999999403953552,0.0,0.7045662390985106,0.7045662390985106,,,,1.0
27,hexane_hl_gap_eV,67,0.9999999403953552,0.0,0.7045662390985106,0.7045662390985106,,,,1.0
27,hexane_hl_gap_eV,68,0.9999999403953552,0.0,0.7045662390985106,0.7045662390985106,,,,1.0
27,hexane_hl_gap_eV,69,0.9999999403953552,0.0,0.7045662390985106,0.7045662390985106,,,,1.0
27,hexane_hl_gap_eV,70,0.9999999403953552,0.0,0.7045662390985106,0.7045662390985106,,,,1.0
27,hexane_hl_gap_eV,71,0.9999999403953552,0.0,0.7045662390985106,0.7045662390985106,,,,1.0
27,hexane_hl_gap_eV,72,0.9999999403953552,0.0,0.7045662390985106,0.7045662390985106,,,,1.0
27,hexane_hl_gap_eV,73,0.9999999403953552,0.0,0.7045662390985106,0.7045662390985106,,,,1.0
27,hexane_hl_gap_eV,74,0.9999999403953552,0.0,0.7045662390985106,0.7045662390985106,,,,1.0
27,hexane_hl_gap_eV,75,0.9999999403953552,0.0,0.7045662390985106,0.7045662390985106,,,,1.0
27,hexane_hl_gap_eV,76,0.9999999403953552,0.0,0.7045662390985106,0.7045662390985106,,,,1.0
27,hexane_hl_gap_eV,77,0.9999999403953552,0.0,0.7045662390985106,0.7045662390985106,,,,1.0
27,hexane_hl_gap_eV,78,0.9999999403953552,0.0,0.7045662390985106,0.7045662390985106,,,,1.0
27,hexane_hl_gap_eV,79,0.9999999403953552,0.0,0.7045662390985106,0.7045662390985106,,,,1.0
27,hexane_hl_gap_eV,80,0.9999999403953552,0.0,0.7045662390985106,0.7045662390985106,,,,1.0
27,hexane_hl_gap_eV,81,0.9999999403953552,0.0,0.7045662390985106,0.7045662390985106,,,,1.0
27,hexane_hl_gap_eV,82,0.9999999403953552,0.0,0.7045662390985106,0.7045662390985106,,,,1.0
27,hexane_hl_gap_eV,83,0.9999999403953552,0.0,0.7045662390985106,0.7045662390985106,,,,1.0
27,hexane_hl_gap_eV,84,0.9999999403953552,0.0,0.7045662390985106,0.7045662390985106,,,,1.0
27,hexane_hl_gap_eV,85,0.9999999403953552,0.0,0.7045662390985106,0.7045662390985106,,,,1.0
27,hexane_hl_gap_eV,86,0.9999999403953552,0.0,0.7045662390985106,0.7045662390985106,,,,1.0
27,hexane_hl_gap_eV,87,0.9999999403953552,0.0,0.7045662390985106,0.7045662390985106,,,,1.0
27,hexane_hl_gap_eV,88,0.9999999403953552,0.0,0.7045662390985106,0.7045662390985106,,,,1.0
27,hexane_hl_gap_eV,89,0.9999999403953552,0.0,0.7045662390985106,0.7045662390985106,,,,1.0
27,hexane_hl_gap_eV,90,0.9999999403953552,0.0,0.7045662390985106,0.7045662390985106,,,,1.0
27,hexane_hl_gap_eV,91,0.9999999403953552,0.0,0.7045662390985106,0.7045662390985106,,,,1.0
27,hexane_hl_gap_eV,92,0.9999999403953552,0.0,0.7045662390985106,0.7045662390985106,,,,1.0
27,hexane_hl_gap_eV,93,0.9999999403953552,0.0,0.7045662390985106,0.7045662390985106,,,,1.0
27,hexane_hl_gap_eV,94,0.9999999403953552,0.0,0.7045662390985106,0.7045662390985106,,,,1.0
27,hexane_hl_gap_eV,95,0.9999999403953552,0.0,0.7045662390985106,0.7045662390985106,,,,1.0
27,hexane_hl_gap_eV,96,0.9999999403953552,0.0,0.7045662390985106,0.7045662390985106,,,,1.0
27,hexane_hl_gap_eV,97,0.9999999403953552,0.0,0.7045662390985106,0.7045662390985106,,,,1.0
27,hexane_hl_gap_eV,98,0.9999999403953552,0.0,0.7045662390985106,0.7045662390985106,,,,1.0
27,hexane_hl_gap_eV,99,0.9999999403953552,0.0,0.7045662390985106,0.7045662390985106,,,,1.0
27,hexane_hl_gap_eV,100,0.9999999403953552,0.0,0.7045662390985106,0.7045662390985106,,,,1.0
27,hexane_hl_gap_eV,101,0.9999999403953552,0.0,0.7045662390985106,0.7045662390985106,,,,1.0
27,hexane_hl_gap_eV,102,0.9999999403953552,0.0,0.7045662390985106,0.7045662390985106,,,,1.0
27,hexane_hl_gap_eV,103,0.9999999403953552,0.0,0.7045662390985106,0.7045662390985106,,,,1.0
27,hexane_hl_gap_eV,104,0.9999999403953552,0.0,0.7045662390985106,0.7045662390985106,,,,1.0
27,hexane_hl_gap_eV,105,0.9999999403953552,0.0,0.7045662390985106,0.7045662390985106,,,,1.0
27,hexane_hl_gap_eV,106,0.9999999403953552,0.0,0.7045662390985106,0.7045662390985106,,,,1.0
27,hexane_hl_gap_eV,107,0.9999999403953552,0.0,0.7045662390985106,0.7045662390985106,,,,1.0
27,hexane_hl_gap_eV,108,0.9999999403953552,0.0,0.7045662390985106,0.7045662390985106,,,,1.0
27,hexane_hl_gap_eV,109,0.9999999403953552,0.0,0.7045662390985106,0.7045662390985106,,,,1.0
27,hexane_hl_gap_eV,110,0.9999999403953552,0.0,0.7045662390985106,0.7045662390985106,,,,1.0
27,hexane_hl_gap_eV,111,0.9999999403953552,0.0,0.7045662390985106,0.7045662390985106,,,,1.0
27,hexane_hl_gap_eV,112,0.9999999403953552,0.0,0.7045662390985106,0.7045662390985106,,,,1.0
27,hexane_hl_gap_eV,113,0.9999999403953552,0.0,0.7045662390985106,0.7045662390985106,,,,1.0
27,hexane_hl_gap_eV,114,0.9999999403953552,0.0,0.7045662390985106,0.7045662390985106,,,,1.0
27,hexane_hl_gap_eV,115,0.9999999403953552,0.0,0.7045662390985106,0.7045662390985106,,,,1.0
27,hexane_hl_gap_eV,116,0.9999999403953552,0.0,0.7045662390985106,0.7045662390985106,,,,1.0
27,hexane_hl_gap_eV,117,0.9999999403953552,0.0,0.7045662390985106,0.7045662390985106,,,,1.0
27,hexane_hl_gap_eV,118,0.9999999403953552,0.0,0.7045662390985106,0.7045662390985106,,,,1.0
27,hexane_hl_gap_eV,119,0.9999999403953552,0.0,0.7045662390985106,0.7045662390985106,,,,1.0
27,hexane_hl_gap_eV,120,0.9999999403953552,0.0,0.7045662390985106,0.7045662390985106,,,,1.0
27,hexane_hl_gap_eV,121,0.9999999403953552,0.0,0.7045662390985106,0.7045662390985106,,,,1.0
27,hexane_hl_gap_eV,122,0.9999999403953552,0.0,0.7045662390985106,0.7045662390985106,,,,1.0
27,hexane_hl_gap_eV,123,0.9999999403953552,0.0,0.7045662390985106,0.7045662390985106,,,,1.0
27,hexane_hl_gap_eV,124,0.9999999403953552,0.0,0.7045662390985106,0.7045662390985106,,,,1.0
27,hexane_hl_gap_eV,125,0.9999999403953552,0.0,0.7045662390985106,0.7045662390985106,,,,1.0
27,hexane_hl_gap_eV,126,0.9999999403953552,0.0,0.7045662390985106,0.7045662390985106,,,,1.0
27,hexane_hl_gap_eV,127,0.9999999403953552,0.0,0.7045662390985106,0.7045662390985106,,,,1.0
27,hexane_hl_gap_eV,128,0.9999999403953552,0.0,0.7045662390985106,0.7045662390985106,,,,1.0
27,hexane_hl_gap_eV,129,0.9999999403953552,0.0,0.7045662390985106,0.7045662390985106,,,,1.0
27,hexane_hl_gap_eV,130,0.9999999403953552,0.0,0.7045662390985106,0.7045662390985106,,,,1.0
27,hexane_hl_gap_eV,131,0.9999999403953552,0.0,0.7045662390985106,0.7045662390985106,,,,1.0
27,hexane_hl_gap_eV,132,0.9999999403953552,0.0,0.7045662390985106,0.7045662390985106,,,,1.0
27,hexane_hl_gap_eV,133,0.9999999403953552,0.0,0.7045662390985106,0.7045662390985106,,,,1.0
27,hexane_hl_gap_eV,134,0.9999999403953552,0.0,0.7045662390985106,0.7045662390985106,,,,1.0
27,hexane_hl_gap_eV,135,0.9999999403953552,0.0,0.7045662390985106,0.7045662390985106,,,,1.0
27,hexane_hl_gap_eV,136,0.9999999403953552,0.0,0.7045662390985106,0.7045662390985106,,,,1.0
27,hexane_hl_gap_eV,137,0.9999999403953552,0.0,0.7045662390985106,0.7045662390985106,,,,1.0
27,hexane_hl_gap_eV,138,0.9999999403953552,0.0,0.7045662390985106,0.7045662390985106,,,,1.0
27,hexane_hl_gap_eV,139,0.9999999403953552,0.0,0.7045662390985106,0.7045662390985106,,,,1.0
27,hexane_hl_gap_eV,140,0.9999999403953552,0.0,0.7045662390985106,0.7045662390985106,,,,1.0
27,hexane_hl_gap_eV,141,0.9999999403953552,0.0,0.7045662390985106,0.7045662390985106,,,,1.0
27,hexane_hl_gap_eV,142,0.9999999403953552,0.0,0.7045662390985106,0.7045662390985106,,,,1.0
27,hexane_hl_gap_eV,143,0.9999999403953552,0.0,0.7045662390985106,0.7045662390985106,,,,1.0
27,hexane_hl_gap_eV,144,0.9999999403953552,0.0,0.7045662390985106,0.7045662390985106,,,,1.0
27,hexane_hl_gap_eV,145,0.9999999403953552,0.0,0.7045662390985106,0.7045662390985106,,,,1.0
27,hexane_hl_gap_eV,146,0.9999999403953552,0.0,0.7045662390985106,0.7045662390985106,,,,1.0
27,hexane_hl_gap_eV,147,0.9999999403953552,0.0,0.7045662390985106,0.7045662390985106,,,,1.0
27,hexane_hl_gap_eV,148,0.9999999403953552,0.0,0.7045662390985106,0.7045662390985106,,,,1.0
27,hexane_hl_gap_eV,149,0.9999999403953552,0.0,0.7045662390985106,0.7045662390985106,,,,1.0
27,hexane_hl_gap_eV,150,0.9999999403953552,0.0,0.7045662390985106,0.7045662390985106,,,,1.0
27,hexane_hl_gap_eV,151,0.9999999403953552,0.0,0.7045662390985106,0.7045662390985106,,,,1.0
27,hexane_hl_gap_eV,152,0.9999999403953552,0.0,0.7045662390985106,0.7045662390985106,,,,1.0
27,hexane_hl_gap_eV,153,0.9999999403953552,0.0,0.7045662390985106,0.7045662390985106,,,,1.0
27,hexane_hl_gap_eV,154,0.9999999403953552,0.0,0.7045662390985106,0.7045662390985106,,,,1.0
27,hexane_hl_gap_eV,155,0.9999999403953552,0.0,0.7045662390985106,0.7045662390985106,,,,1.0
27,hexane_hl_gap_eV,156,0.9999999403953552,0.0,0.7045662390985106,0.7045662390985106,,,,1.0
27,hexane_hl_gap_eV,157,0.9999999403953552,0.0,0.7045662390985106,0.7045662390985106,,,,1.0
27,hexane_hl_gap_eV,158,0.9999999403953552,0.0,0.7045662390985106,0.7045662390985106,,,,1.0
27,hexane_hl_gap_eV,159,0.9999999403953552,0.0,0.7045662390985106,0.7045662390985106,,,,1.0
27,hexane_hl_gap_eV,160,0.9999999403953552,0.0,0.7045662390985106,0.7045662390985106,,,,1.0
27,hexane_hl_gap_eV,161,0.9999999403953552,0.0,0.7045662390985106,0.7045662390985106,,,,1.0
27,hexane_hl_gap_eV,162,0.9999999403953552,0.0,0.7045662390985106,0.7045662390985106,,,,1.0
27,hexane_hl_gap_eV,163,0.9999999403953552,0.0,0.7045662390985106,0.7045662390985106,,,,1.0
27,hexane_hl_gap_eV,164,0.9999999403953552,0.0,0.7045662390985106,0.7045662390985106,,,,1.0
27,hexane_hl_gap_eV,165,0.9999999403953552,0.0,0.7045662390985106,0.7045662390985106,,,,1.0
27,hexane_hl_gap_eV,166,0.9999999403953552,0.0,0.7045662390985106,0.7045662390985106,,,,1.0
27,hexane_hl_gap_eV,167,0.9999999403953552,0.0,0.7045662390985106,0.7045662390985106,,,,1.0
27,hexane_hl_gap_eV,168,0.9999999403953552,0.0,0.7045662390985106,0.7045662390985106,,,,1.0
27,hexane_hl_gap_eV,169,0.9999999403953552,0.0,0.7045662390985106,0.7045662390985106,,,,1.0
27,hexane_hl_gap_eV,170,0.9999999403953552,0.0,0.7045662390985106,0.7045662390985106,,,,1.0
27,hexane_hl_gap_eV,171,0.9999999403953552,0.0,0.7045662390985106,0.7045662390985106,,,,1.0
27,hexane_hl_gap_eV,172,0.9999999403953552,0.0,0.7045662390985106,0.7045662390985106,,,,1.0
27,hexane_hl_gap_eV,173,0.9999999403953552,0.0,0.7045662390985106,0.7045662390985106,,,,1.0
27,hexane_hl_gap_eV,174,0.9999999403953552,0.0,0.7045662390985106,0.7045662390985106,,,,1.0
27,hexane_hl_gap_eV,175,0.9999999403953552,0.0,0.7045662390985106,0.7045662390985106,,,,1.0
27,hexane_hl_gap_eV,176,0.9999999403953552,0.0,0.7045662390985106,0.7045662390985106,,,,1.0
27,hexane_hl_gap_eV,177,0.9999999403953552,0.0,0.7045662390985106,0.7045662390985106,,,,1.0
27,hexane_hl_gap_eV,178,0.9999999403953552,0.0,0.7045662390985106,0.7045662390985106,,,,1.0
27,hexane_hl_gap_eV,179,0.9999999403953552,0.0,0.7045662390985106,0.7045662390985106,,,,1.0
27,hexane_hl_gap_eV,180,0.9999999403953552,0.0,0.7045662390985106,0.7045662390985106,,,,1.0
27,hexane_hl_gap_eV,181,0.9999999403953552,0.0,0.7045662390985106,0.7045662390985106,,,,1.0
27,hexane_hl_gap_eV,182,0.9999999403953552,0.0,0.7045662390985106,0.7045662390985106,,,,1.0
27,hexane_hl_gap_eV,183,0.9999999403953552,0.0,0.7045662390985106,0.7045662390985106,,,,1.0
27,hexane_hl_gap_eV,184,0.9999999403953552,0.0,0.7045662390985106,0.7045662390985106,,,,1.0
27,hexane_hl_gap_eV,185,0.9999999403953552,0.0,0.7045662390985106,0.7045662390985106,,,,1.0
27,hexane_hl_gap_eV,186,0.9999999403953552,0.0,0.7045662390985106,0.7045662390985106,,,,1.0
27,hexane_hl_gap_eV,187,0.9999999403953552,0.0,0.7045662390985106,0.7045662390985106,,,,1.0
27,hexane_hl_gap_eV,188,0.9999999403953552,0.0,0.7045662390985106,0.7045662390985106,,,,1.0
27,hexane_hl_gap_eV,189,0.9999999403953552,0.0,0.7045662390985106,0.7045662390985106,,,,1.0
27,hexane_hl_gap_eV,190,0.9999999403953552,0.0,0.7045662390985106,0.7045662390985106,,,,1.0
27,hexane_hl_gap_eV,191,0.9999999403953552,0.0,0.7045662390985106,0.7045662390985106,,,,1.0
27,hexane_hl_gap_eV,192,0.9999999403953552,0.0,0.7045662390985106,0.7045662390985106,,,,1.0
27,hexane_hl_gap_eV,193,0.9999999403953552,0.0,0.7045662390985106,0.7045662390985106,,,,1.0
27,hexane_hl_gap_eV,194,0.9999999403953552,0.0,0.7045662390985106,0.7045662390985106,,,,1.0
27,hexane_hl_gap_eV,195,0.9999999403953552,0.0,0.7045662390985106,0.7045662390985106,,,,1.0
27,hexane_hl_gap_eV,196,0.9999999403953552,0.0,0.7045662390985106,0.7045662390985106,,,,1.0
27,hexane_hl_gap_eV,197,0.9999999403953552,0.0,0.7045662390985106,0.7045662390985106,,,,1.0
27,hexane_hl_gap_eV,198,0.9999999403953552,0.0,0.7045662390985106,0.7045662390985106,,,,1.0
27,hexane_hl_gap_eV,199,0.9999999403953552,0.0,0.7045662390985106,0.7045662390985106,,,,1.0
27,hexane_hl_gap_eV,200,0.9999999403953552,0.0,0.7045662390985106,0.7045662390985106,,,,1.0
27,hexane_hl_gap_eV,201,0.9999999403953552,0.0,0.7045662390985106,0.7045662390985106,,,,1.0
27,hexane_hl_gap_eV,202,0.9999999403953552,0.0,0.7045662390985106,0.7045662390985106,,,,1.0
27,hexane_hl_gap_eV,203,0.9999999403953552,0.0,0.7045662390985106,0.7045662390985106,,,,1.0
27,hexane_hl_gap_eV,204,0.9999999403953552,0.0,0.7045662390985106,0.7045662390985106,,,,1.0
27,hexane_hl_gap_eV,205,0.9999999403953552,0.0,0.7045662390985106,0.7045662390985106,,,,1.0
27,hexane_hl_gap_eV,206,0.9999999403953552,0.0,0.7045662390985106,0.7045662390985106,,,,1.0
27,hexane_hl_gap_eV,207,0.9999999403953552,0.0,0.7045662390985106,0.7045662390985106,,,,1.0
27,hexane_hl_gap_eV,208,0.9999999403953552,0.0,0.7045662390985106,0.7045662390985106,,,,1.0
27,hexane_hl_gap_eV,209,0.9999999403953552,0.0,0.7045662390985106,0.7045662390985106,,,,1.0
27,hexane_hl_gap_eV,210,0.9999999403953552,0.0,0.7045662390985106,0.7045662390985106,,,,1.0
27,hexane_hl_gap_eV,211,0.9999999403953552,0.0,0.7045662390985106,0.7045662390985106,,,,1.0
27,hexane_hl_gap_eV,212,0.9999999403953552,0.0,0.7045662390985106,0.7045662390985106,,,,1.0
27,hexane_hl_gap_eV,213,0.9999999403953552,0.0,0.7045662390985106,0.7045662390985106,,,,1.0
27,hexane_hl_gap_eV,214,0.9999999403953552,0.0,0.7045662390985106,0.7045662390985106,,,,1.0
27,hexane_hl_gap_eV,215,0.9999999403953552,0.0,0.7045662390985106,0.7045662390985106,,,,1.0
27,hexane_hl_gap_eV,216,0.9999999403953552,0.0,0.7045662390985106,0.7045662390985106,,,,1.0
27,hexane_hl_gap_eV,217,0.9999999403953552,0.0,0.7045662390985106,0.7045662390985106,,,,1.0
27,hexane_hl_gap_eV,218,0.9999999403953552,0.0,0.7045662390985106,0.7045662390985106,,,,1.0
27,hexane_hl_gap_eV,219,0.9999999403953552,0.0,0.7045662390985106,0.7045662390985106,,,,1.0
27,hexane_hl_gap_eV,220,0.9999999403953552,0.0,0.7045662390985106,0.7045662390985106,,,,1.0
27,hexane_hl_gap_eV,221,0.9999999403953552,0.0,0.7045662390985106,0.7045662390985106,,,,1.0
27,hexane_hl_gap_eV,222,0.9999999403953552,0.0,0.7045662390985106,0.7045662390985106,,,,1.0
27,hexane_hl_gap_eV,223,0.9999999403953552,0.0,0.7045662390985106,0.7045662390985106,,,,1.0
27,hexane_hl_gap_eV,224,0.9999999403953552,0.0,0.7045662390985106,0.7045662390985106,,,,1.0
27,hexane_hl_gap_eV,225,0.9999999403953552,0.0,0.7045662390985106,0.7045662390985106,,,,1.0
27,hexane_hl_gap_eV,226,0.9999999403953552,0.0,0.7045662390985106,0.7045662390985106,,,,1.0
27,hexane_hl_gap_eV,227,0.9999999403953552,0.0,0.7045662390985106,0.7045662390985106,,,,1.0
27,hexane_hl_gap_eV,228,0.9999999403953552,0.0,0.7045662390985106,0.7045662390985106,,,,1.0
27,hexane_hl_gap_eV,229,0.9999999403953552,0.0,0.7045662390985106,0.7045662390985106,,,,1.0
27,hexane_hl_gap_eV,230,0.9999999403953552,0.0,0.7045662390985106,0.7045662390985106,,,,1.0
27,hexane_hl_gap_eV,231,0.9999999403953552,0.0,0.7045662390985106,0.7045662390985106,,,,1.0
27,hexane_hl_gap_eV,232,0.9999999403953552,0.0,0.7045662390985106,0.7045662390985106,,,,1.0
27,hexane_hl_gap_eV,233,0.9999999403953552,0.0,0.7045662390985106,0.7045662390985106,,,,1.0
27,hexane_hl_gap_eV,234,0.9999999403953552,0.0,0.7045662390985106,0.7045662390985106,,,,1.0
27,hexane_hl_gap_eV,235,0.9999999403953552,0.0,0.7045662390985106,0.7045662390985106,,,,1.0
27,hexane_hl_gap_eV,236,0.9999999403953552,0.0,0.7045662390985106,0.7045662390985106,,,,1.0
27,hexane_hl_gap_eV,237,0.9999999403953552,0.0,0.7045662390985106,0.7045662390985106,,,,1.0
27,hexane_hl_gap_eV,238,0.9999999403953552,0.0,0.7045662390985106,0.7045662390985106,,,,1.0
27,hexane_hl_gap_eV,239,0.9999999403953552,0.0,0.7045662390985106,0.7045662390985106,,,,1.0
27,hexane_hl_gap_eV,240,0.9999999403953552,0.0,0.7045662390985106,0.7045662390985106,,,,1.0
27,hexane_hl_gap_eV,241,0.9999999403953552,0.0,0.7045662390985106,0.7045662390985106,,,,1.0
27,hexane_hl_gap_eV,242,0.9999999403953552,0.0,0.7045662390985106,0.7045662390985106,,,,1.0
27,hexane_hl_gap_eV,243,0.9999999403953552,0.0,0.7045662390985106,0.7045662390985106,,,,1.0
27,hexane_hl_gap_eV,244,0.9999999403953552,0.0,0.7045662390985106,0.7045662390985106,,,,1.0
27,hexane_hl_gap_eV,245,0.9999999403953552,0.0,0.7045662390985106,0.7045662390985106,,,,1.0
27,hexane_hl_gap_eV,246,0.9999999403953552,0.0,0.7045662390985106,0.7045662390985106,,,,1.0
27,hexane_hl_gap_eV,247,0.9999999403953552,0.0,0.7045662390985106,0.7045662390985106,,,,1.0
27,hexane_hl_gap_eV,248,0.9999999403953552,0.0,0.7045662390985106,0.7045662390985106,,,,1.0
27,hexane_hl_gap_eV,249,0.9999999403953552,0.0,0.7045662390985106,0.7045662390985106,,,,1.0
27,hexane_dipole,0,1.0,0.0,0.619573823639497,0.619573823639497,,,,1.0
27,hexane_dipole,1,1.0,0.0,0.619573823639497,0.619573823639497,,,,1.0
27,hexane_dipole,2,1.0,0.0,0.619573823639497,0.619573823639497,,,,1.0
27,hexane_dipole,3,1.0,0.0,0.619573823639497,0.619573823639497,,,,1.0
27,hexane_dipole,4,1.0,0.0,0.619573823639497,0.619573823639497,,,,1.0
27,hexane_dipole,5,1.0,0.0,0.619573823639497,0.619573823639497,,,,1.0
27,hexane_dipole,6,1.0,0.0,0.619573823639497,0.619573823639497,,,,1.0
27,hexane_dipole,7,1.0,0.0,0.619573823639497,0.619573823639497,,,,1.0
27,hexane_dipole,8,1.0,0.0,0.619573823639497,0.619573823639497,,,,1.0
27,hexane_dipole,9,1.0,0.0,0.619573823639497,0.619573823639497,,,,1.0
27,hexane_dipole,10,1.0,0.0,0.619573823639497,0.619573823639497,,,,1.0
27,hexane_dipole,11,1.0,0.0,0.619573823639497,0.619573823639497,,,,1.0
27,hexane_dipole,12,1.0,0.0,0.619573823639497,0.619573823639497,,,,1.0
27,hexane_dipole,13,1.0,0.0,0.619573823639497,0.619573823639497,,,,1.0
27,hexane_dipole,14,1.0,0.0,0.619573823639497,0.619573823639497,,,,1.0
27,hexane_dipole,15,1.0,0.0,0.619573823639497,0.619573823639497,,,,1.0
27,hexane_dipole,16,1.0,0.0,0.619573823639497,0.619573823639497,,,,1.0
27,hexane_dipole,17,1.0,0.0,0.619573823639497,0.619573823639497,,,,1.0
27,hexane_dipole,18,1.0,0.0,0.619573823639497,0.619573823639497,,,,1.0
27,hexane_dipole,19,1.0,0.0,0.619573823639497,0.619573823639497,,,,1.0
27,hexane_dipole,20,1.0,0.0,0.619573823639497,0.619573823639497,,,,1.0
27,hexane_dipole,21,1.0,0.0,0.619573823639497,0.619573823639497,,,,1.0
27,hexane_dipole,22,1.0,0.0,0.619573823639497,0.619573823639497,,,,1.0
27,hexane_dipole,23,1.0,0.0,0.619573823639497,0.619573823639497,,,,1.0
27,hexane_dipole,24,1.0,0.0,0.619573823639497,0.619573823639497,,,,1.0
27,hexane_dipole,25,1.0,0.0,0.619573823639497,0.619573823639497,,,,1.0
27,hexane_dipole,26,1.0,0.0,0.619573823639497,0.619573823639497,,,,1.0
27,hexane_dipole,27,1.0,0.0,0.619573823639497,0.619573823639497,,,,1.0
27,hexane_dipole,28,1.0,0.0,0.619573823639497,0.619573823639497,,,,1.0
27,hexane_dipole,29,1.0,0.0,0.619573823639497,0.619573823639497,,,,1.0
27,hexane_dipole,30,1.0,0.0,0.619573823639497,0.619573823639497,,,,1.0
27,hexane_dipole,31,1.0,0.0,0.619573823639497,0.619573823639497,,,,1.0
27,hexane_dipole,32,1.0,0.0,0.619573823639497,0.619573823639497,,,,1.0
27,hexane_dipole,33,1.0,0.0,0.619573823639497,0.619573823639497,,,,1.0
27,hexane_dipole,34,1.0,0.0,0.619573823639497,0.619573823639497,,,,1.0
27,hexane_dipole,35,1.0,0.0,0.619573823639497,0.619573823639497,,,,1.0
27,hexane_dipole,36,1.0,0.0,0.619573823639497,0.619573823639497,,,,1.0
27,hexane_dipole,37,1.0,0.0,0.619573823639497,0.619573823639497,,,,1.0
27,hexane_dipole,38,1.0,0.0,0.619573823639497,0.619573823639497,,,,1.0
27,hexane_dipole,39,1.0,0.0,0.619573823639497,0.619573823639497,,,,1.0
27,hexane_dipole,40,1.0,0.0,0.619573823639497,0.619573823639497,,,,1.0
27,hexane_dipole,41,1.0,0.0,0.619573823639497,0.619573823639497,,,,1.0
27,hexane_dipole,42,1.0,0.0,0.619573823639497,0.619573823639497,,,,1.0
27,hexane_dipole,43,1.0,0.0,0.619573823639497,0.619573823639497,,,,1.0
27,hexane_dipole,44,1.0,0.0,0.619573823639497,0.619573823639497,,,,1.0
27,hexane_dipole,45,1.0,0.0,0.619573823639497,0.619573823639497,,,,1.0
27,hexane_dipole,46,1.0,0.0,0.619573823639497,0.619573823639497,,,,1.0
27,hexane_dipole,47,1.0,0.0,0.619573823639497,0.619573823639497,,,,1.0
27,hexane_dipole,48,1.0,0.0,0.619573823639497,0.619573823639497,,,,1.0
27,hexane_dipole,49,1.0,0.0,0.619573823639497,0.619573823639497,,,,1.0
27,hexane_dipole,50,1.0,0.0,0.619573823639497,0.619573823639497,,,,1.0
27,hexane_dipole,51,1.0,0.0,0.619573823639497,0.619573823639497,,,,1.0
27,hexane_dipole,52,1.0,0.0,0.619573823639497,0.619573823639497,,,,1.0
27,hexane_dipole,53,1.0,0.0,0.619573823639497,0.619573823639497,,,,1.0
27,hexane_dipole,54,1.0,0.0,0.619573823639497,0.619573823639497,,,,1.0
27,hexane_dipole,55,1.0,0.0,0.619573823639497,0.619573823639497,,,,1.0
27,hexane_dipole,56,1.0,0.0,0.619573823639497,0.619573823639497,,,,1.0
27,hexane_dipole,57,1.0,0.0,0.619573823639497,0.619573823639497,,,,1.0
27,hexane_dipole,58,1.0,0.0,0.619573823639497,0.619573823639497,,,,1.0
27,hexane_dipole,59,1.0,0.0,0.619573823639497,0.619573823639497,,,,1.0
27,hexane_dipole,60,1.0,0.0,0.619573823639497,0.619573823639497,,,,1.0
27,hexane_dipole,61,1.0,0.0,0.619573823639497,0.619573823639497,,,,1.0
27,hexane_dipole,62,1.0,0.0,0.619573823639497,0.619573823639497,,,,1.0
27,hexane_dipole,63,1.0,0.0,0.619573823639497,0.619573823639497,,,,1.0
27,hexane_dipole,64,1.0,0.0,0.619573823639497,0.619573823639497,,,,1.0
27,hexane_dipole,65,1.0,0.0,0.619573823639497,0.619573823639497,,,,1.0
27,hexane_dipole,66,1.0,0.0,0.619573823639497,0.619573823639497,,,,1.0
27,hexane_dipole,67,1.0,0.0,0.619573823639497,0.619573823639497,,,,1.0
27,hexane_dipole,68,1.0,0.0,0.619573823639497,0.619573823639497,,,,1.0
27,hexane_dipole,69,1.0,0.0,0.619573823639497,0.619573823639497,,,,1.0
27,hexane_dipole,70,1.0,0.0,0.619573823639497,0.619573823639497,,,,1.0
27,hexane_dipole,71,1.0,0.0,0.619573823639497,0.619573823639497,,,,1.0
27,hexane_dipole,72,1.0,0.0,0.619573823639497,0.619573823639497,,,,1.0
27,hexane_dipole,73,1.0,0.0,0.619573823639497,0.619573823639497,,,,1.0
27,hexane_dipole,74,1.0,0.0,0.619573823639497,0.619573823639497,,,,1.0
27,hexane_dipole,75,1.0,0.0,0.619573823639497,0.619573823639497,,,,1.0
27,hexane_dipole,76,1.0,0.0,0.619573823639497,0.619573823639497,,,,1.0
27,hexane_dipole,77,1.0,0.0,0.619573823639497,0.619573823639497,,,,1.0
27,hexane_dipole,78,1.0,0.0,0.619573823639497,0.619573823639497,,,,1.0
27,hexane_dipole,79,1.0,0.0,0.619573823639497,0.619573823639497,,,,1.0
27,hexane_dipole,80,1.0,0.0,0.619573823639497,0.619573823639497,,,,1.0
27,hexane_dipole,81,1.0,0.0,0.619573823639497,0.619573823639497,,,,1.0
27,hexane_dipole,82,1.0,0.0,0.619573823639497,0.619573823639497,,,,1.0
27,hexane_dipole,83,1.0,0.0,0.619573823639497,0.619573823639497,,,,1.0
27,hexane_dipole,84,1.0,0.0,0.619573823639497,0.619573823639497,,,,1.0
27,hexane_dipole,85,1.0,0.0,0.619573823639497,0.619573823639497,,,,1.0
27,hexane_dipole,86,1.0,0.0,0.619573823639497,0.619573823639497,,,,1.0
27,hexane_dipole,87,1.0,0.0,0.619573823639497,0.619573823639497,,,,1.0
27,hexane_dipole,88,1.0,0.0,0.619573823639497,0.619573823639497,,,,1.0
27,hexane_dipole,89,1.0,0.0,0.619573823639497,0.619573823639497,,,,1.0
27,hexane_dipole,90,1.0,0.0,0.619573823639497,0.619573823639497,,,,1.0
27,hexane_dipole,91,1.0,0.0,0.619573823639497,0.619573823639497,,,,1.0
27,hexane_dipole,92,1.0,0.0,0.619573823639497,0.619573823639497,,,,1.0
27,hexane_dipole,93,1.0,0.0,0.619573823639497,0.619573823639497,,,,1.0
27,hexane_dipole,94,1.0,0.0,0.619573823639497,0.619573823639497,,,,1.0
27,hexane_dipole,95,1.0,0.0,0.619573823639497,0.619573823639497,,,,1.0
27,hexane_dipole,96,1.0,0.0,0.619573823639497,0.619573823639497,,,,1.0
27,hexane_dipole,97,1.0,0.0,0.619573823639497,0.619573823639497,,,,1.0
27,hexane_dipole,98,1.0,0.0,0.619573823639497,0.619573823639497,,,,1.0
27,hexane_dipole,99,1.0,0.0,0.619573823639497,0.619573823639497,,,,1.0
27,hexane_dipole,100,1.0,0.0,0.619573823639497,0.619573823639497,,,,1.0
27,hexane_dipole,101,1.0,0.0,0.619573823639497,0.619573823639497,,,,1.0
27,hexane_dipole,102,1.0,0.0,0.619573823639497,0.619573823639497,,,,1.0
27,hexane_dipole,103,1.0,0.0,0.619573823639497,0.619573823639497,,,,1.0
27,hexane_dipole,104,1.0,0.0,0.619573823639497,0.619573823639497,,,,1.0
27,hexane_dipole,105,1.0,0.0,0.619573823639497,0.619573823639497,,,,1.0
27,hexane_dipole,106,1.0,0.0,0.619573823639497,0.619573823639497,,,,1.0
27,hexane_dipole,107,1.0,0.0,0.619573823639497,0.619573823639497,,,,1.0
27,hexane_dipole,108,1.0,0.0,0.619573823639497,0.619573823639497,,,,1.0
27,hexane_dipole,109,1.0,0.0,0.619573823639497,0.619573823639497,,,,1.0
27,hexane_dipole,110,1.0,0.0,0.619573823639497,0.619573823639497,,,,1.0
27,hexane_dipole,111,1.0,0.0,0.619573823639497,0.619573823639497,,,,1.0
27,hexane_dipole,112,1.0,0.0,0.619573823639497,0.619573823639497,,,,1.0
27,hexane_dipole,113,1.0,0.0,0.619573823639497,0.619573823639497,,,,1.0
27,hexane_dipole,114,1.0,0.0,0.619573823639497,0.619573823639497,,,,1.0
27,hexane_dipole,115,1.0,0.0,0.619573823639497,0.619573823639497,,,,1.0
27,hexane_dipole,116,1.0,0.0,0.619573823639497,0.619573823639497,,,,1.0
27,hexane_dipole,117,1.0,0.0,0.619573823639497,0.619573823639497,,,,1.0
27,hexane_dipole,118,1.0,0.0,0.619573823639497,0.619573823639497,,,,1.0
27,hexane_dipole,119,1.0,0.0,0.619573823639497,0.619573823639497,,,,1.0
27,hexane_dipole,120,1.0,0.0,0.619573823639497,0.619573823639497,,,,1.0
27,hexane_dipole,121,1.0,0.0,0.619573823639497,0.619573823639497,,,,1.0
27,hexane_dipole,122,1.0,0.0,0.619573823639497,0.619573823639497,,,,1.0
27,hexane_dipole,123,1.0,0.0,0.619573823639497,0.619573823639497,,,,1.0
27,hexane_dipole,124,1.0,0.0,0.619573823639497,0.619573823639497,,,,1.0
27,hexane_dipole,125,1.0,0.0,0.619573823639497,0.619573823639497,,,,1.0
27,hexane_dipole,126,1.0,0.0,0.619573823639497,0.619573823639497,,,,1.0
27,hexane_dipole,127,1.0,0.0,0.619573823639497,0.619573823639497,,,,1.0
27,hexane_dipole,128,1.0,0.0,0.619573823639497,0.619573823639497,,,,1.0
27,hexane_dipole,129,1.0,0.0,0.619573823639497,0.619573823639497,,,,1.0
27,hexane_dipole,130,1.0,0.0,0.619573823639497,0.619573823639497,,,,1.0
27,hexane_dipole,131,1.0,0.0,0.619573823639497,0.619573823639497,,,,1.0
27,hexane_dipole,132,1.0,0.0,0.619573823639497,0.619573823639497,,,,1.0
27,hexane_dipole,133,1.0,0.0,0.619573823639497,0.619573823639497,,,,1.0
27,hexane_dipole,134,1.0,0.0,0.619573823639497,0.619573823639497,,,,1.0
27,hexane_dipole,135,1.0,0.0,0.619573823639497,0.619573823639497,,,,1.0
27,hexane_dipole,136,1.0,0.0,0.619573823639497,0.619573823639497,,,,1.0
27,hexane_dipole,137,1.0,0.0,0.619573823639497,0.619573823639497,,,,1.0
27,hexane_dipole,138,1.0,0.0,0.619573823639497,0.619573823639497,,,,1.0
27,hexane_dipole,139,1.0,0.0,0.619573823639497,0.619573823639497,,,,1.0
27,hexane_dipole,140,1.0,0.0,0.619573823639497,0.619573823639497,,,,1.0
27,hexane_dipole,141,1.0,0.0,0.619573823639497,0.619573823639497,,,,1.0
27,hexane_dipole,142,1.0,0.0,0.619573823639497,0.619573823639497,,,,1.0
27,hexane_dipole,143,1.0,0.0,0.619573823639497,0.619573823639497,,,,1.0
27,hexane_dipole,144,1.0,0.0,0.619573823639497,0.619573823639497,,,,1.0
27,hexane_dipole,145,1.0,0.0,0.619573823639497,0.619573823639497,,,,1.0
27,hexane_dipole,146,1.0,0.0,0.619573823639497,0.619573823639497,,,,1.0
27,hexane_dipole,147,1.0,0.0,0.619573823639497,0.619573823639497,,,,1.0
27,hexane_dipole,148,1.0,0.0,0.619573823639497,0.619573823639497,,,,1.0
27,hexane_dipole,149,1.0,0.0,0.619573823639497,0.619573823639497,,,,1.0
27,hexane_dipole,150,1.0,0.0,0.619573823639497,0.619573823639497,,,,1.0
27,hexane_dipole,151,1.0,0.0,0.619573823639497,0.619573823639497,,,,1.0
27,hexane_dipole,152,1.0,0.0,0.619573823639497,0.619573823639497,,,,1.0
27,hexane_dipole,153,1.0,0.0,0.619573823639497,0.619573823639497,,,,1.0
27,hexane_dipole,154,1.0,0.0,0.619573823639497,0.619573823639497,,,,1.0
27,hexane_dipole,155,1.0,0.0,0.619573823639497,0.619573823639497,,,,1.0
27,hexane_dipole,156,1.0,0.0,0.619573823639497,0.619573823639497,,,,1.0
27,hexane_dipole,157,1.0,0.0,0.619573823639497,0.619573823639497,,,,1.0
27,hexane_dipole,158,1.0,0.0,0.619573823639497,0.619573823639497,,,,1.0
27,hexane_dipole,159,1.0,0.0,0.619573823639497,0.619573823639497,,,,1.0
27,hexane_dipole,160,1.0,0.0,0.619573823639497,0.619573823639497,,,,1.0
27,hexane_dipole,161,1.0,0.0,0.619573823639497,0.619573823639497,,,,1.0
27,hexane_dipole,162,1.0,0.0,0.619573823639497,0.619573823639497,,,,1.0
27,hexane_dipole,163,1.0,0.0,0.619573823639497,0.619573823639497,,,,1.0
27,hexane_dipole,164,1.0,0.0,0.619573823639497,0.619573823639497,,,,1.0
27,hexane_dipole,165,1.0,0.0,0.619573823639497,0.619573823639497,,,,1.0
27,hexane_dipole,166,1.0,0.0,0.619573823639497,0.619573823639497,,,,1.0
27,hexane_dipole,167,1.0,0.0,0.619573823639497,0.619573823639497,,,,1.0
27,hexane_dipole,168,1.0,0.0,0.619573823639497,0.619573823639497,,,,1.0
27,hexane_dipole,169,1.0,0.0,0.619573823639497,0.619573823639497,,,,1.0
27,hexane_dipole,170,1.0,0.0,0.619573823639497,0.619573823639497,,,,1.0
27,hexane_dipole,171,1.0,0.0,0.619573823639497,0.619573823639497,,,,1.0
27,hexane_dipole,172,1.0,0.0,0.619573823639497,0.619573823639497,,,,1.0
27,hexane_dipole,173,1.0,0.0,0.619573823639497,0.619573823639497,,,,1.0
27,hexane_dipole,174,1.0,0.0,0.619573823639497,0.619573823639497,,,,1.0
27,hexane_dipole,175,1.0,0.0,0.619573823639497,0.619573823639497,,,,1.0
27,hexane_dipole,176,1.0,0.0,0.619573823639497,0.619573823639497,,,,1.0
27,hexane_dipole,177,1.0,0.0,0.619573823639497,0.619573823639497,,,,1.0
27,hexane_dipole,178,1.0,0.0,0.619573823639497,0.619573823639497,,,,1.0
27,hexane_dipole,179,1.0,0.0,0.619573823639497,0.619573823639497,,,,1.0
27,hexane_dipole,180,1.0,0.0,0.619573823639497,0.619573823639497,,,,1.0
27,hexane_dipole,181,1.0,0.0,0.619573823639497,0.619573823639497,,,,1.0
27,hexane_dipole,182,1.0,0.0,0.619573823639497,0.619573823639497,,,,1.0
27,hexane_dipole,183,1.0,0.0,0.619573823639497,0.619573823639497,,,,1.0
27,hexane_dipole,184,1.0,0.0,0.619573823639497,0.619573823639497,,,,1.0
27,hexane_dipole,185,1.0,0.0,0.619573823639497,0.619573823639497,,,,1.0
27,hexane_dipole,186,1.0,0.0,0.619573823639497,0.619573823639497,,,,1.0
27,hexane_dipole,187,1.0,0.0,0.619573823639497,0.619573823639497,,,,1.0
27,hexane_dipole,188,1.0,0.0,0.619573823639497,0.619573823639497,,,,1.0
27,hexane_dipole,189,1.0,0.0,0.619573823639497,0.619573823639497,,,,1.0
27,hexane_dipole,190,1.0,0.0,0.619573823639497,0.619573823639497,,,,1.0
27,hexane_dipole,191,1.0,0.0,0.619573823639497,0.619573823639497,,,,1.0
27,hexane_dipole,192,1.0,0.0,0.619573823639497,0.619573823639497,,,,1.0
27,hexane_dipole,193,1.0,0.0,0.619573823639497,0.619573823639497,,,,1.0
27,hexane_dipole,194,1.0,0.0,0.619573823639497,0.619573823639497,,,,1.0
27,hexane_dipole,195,1.0,0.0,0.619573823639497,0.619573823639497,,,,1.0
27,hexane_dipole,196,1.0,0.0,0.619573823639497,0.619573823639497,,,,1.0
27,hexane_dipole,197,1.0,0.0,0.619573823639497,0.619573823639497,,,,1.0
27,hexane_dipole,198,1.0,0.0,0.619573823639497,0.619573823639497,,,,1.0
27,hexane_dipole,199,1.0,0.0,0.619573823639497,0.619573823639497,,,,1.0
27,hexane_dipole,200,1.0,0.0,0.619573823639497,0.619573823639497,,,,1.0
27,hexane_dipole,201,1.0,0.0,0.619573823639497,0.619573823639497,,,,1.0
27,hexane_dipole,202,1.0,0.0,0.619573823639497,0.619573823639497,,,,1.0
27,hexane_dipole,203,1.0,0.0,0.619573823639497,0.619573823639497,,,,1.0
27,hexane_dipole,204,1.0,0.0,0.619573823639497,0.619573823639497,,,,1.0
27,hexane_dipole,205,1.0,0.0,0.619573823639497,0.619573823639497,,,,1.0
27,hexane_dipole,206,1.0,0.0,0.619573823639497,0.619573823639497,,,,1.0
27,hexane_dipole,207,1.0,0.0,0.619573823639497,0.619573823639497,,,,1.0
27,hexane_dipole,208,1.0,0.0,0.619573823639497,0.619573823639497,,,,1.0
27,hexane_dipole,209,1.0,0.0,0.619573823639497,0.619573823639497,,,,1.0
27,hexane_dipole,210,1.0,0.0,0.619573823639497,0.619573823639497,,,,1.0
27,hexane_dipole,211,1.0,0.0,0.619573823639497,0.619573823639497,,,,1.0
27,hexane_dipole,212,1.0,0.0,0.619573823639497,0.619573823639497,,,,1.0
27,hexane_dipole,213,1.0,0.0,0.619573823639497,0.619573823639497,,,,1.0
27,hexane_dipole,214,1.0,0.0,0.619573823639497,0.619573823639497,,,,1.0
27,hexane_dipole,215,1.0,0.0,0.619573823639497,0.619573823639497,,,,1.0
27,hexane_dipole,216,1.0,0.0,0.619573823639497,0.619573823639497,,,,1.0
27,hexane_dipole,217,1.0,0.0,0.619573823639497,0.619573823639497,,,,1.0
27,hexane_dipole,218,1.0,0.0,0.619573823639497,0.619573823639497,,,,1.0
27,hexane_dipole,219,1.0,0.0,0.619573823639497,0.619573823639497,,,,1.0
27,hexane_dipole,220,1.0,0.0,0.619573823639497,0.619573823639497,,,,1.0
27,hexane_dipole,221,1.0,0.0,0.619573823639497,0.619573823639497,,,,1.0
27,hexane_dipole,222,1.0,0.0,0.619573823639497,0.619573823639497,,,,1.0
27,hexane_dipole,223,1.0,0.0,0.619573823639497,0.619573823639497,,,,1.0
27,hexane_dipole,224,1.0,0.0,0.619573823639497,0.619573823639497,,,,1.0
27,hexane_dipole,225,1.0,0.0,0.619573823639497,0.619573823639497,,,,1.0
27,hexane_dipole,226,1.0,0.0,0.619573823639497,0.619573823639497,,,,1.0
27,hexane_dipole,227,1.0,0.0,0.619573823639497,0.619573823639497,,,,1.0
27,hexane_dipole,228,1.0,0.0,0.619573823639497,0.619573823639497,,,,1.0
27,hexane_dipole,229,1.0,0.0,0.619573823639497,0.619573823639497,,,,1.0
27,hexane_dipole,230,1.0,0.0,0.619573823639497,0.619573823639497,,,,1.0
27,hexane_dipole,231,1.0,0.0,0.619573823639497,0.619573823639497,,,,1.0
27,hexane_dipole,232,1.0,0.0,0.619573823639497,0.619573823639497,,,,1.0
27,hexane_dipole,233,1.0,0.0,0.619573823639497,0.619573823639497,,,,1.0
27,hexane_dipole,234,1.0,0.0,0.619573823639497,0.619573823639497,,,,1.0
27,hexane_dipole,235,1.0,0.0,0.619573823639497,0.619573823639497,,,,1.0
27,hexane_dipole,236,1.0,0.0,0.619573823639497,0.619573823639497,,,,1.0
27,hexane_dipole,237,1.0,0.0,0.619573823639497,0.619573823639497,,,,1.0
27,hexane_dipole,238,1.0,0.0,0.619573823639497,0.619573823639497,,,,1.0
27,hexane_dipole,239,1.0,0.0,0.619573823639497,0.619573823639497,,,,1.0
27,hexane_dipole,240,1.0,0.0,0.619573823639497,0.619573823639497,,,,1.0
27,hexane_dipole,241,1.0,0.0,0.619573823639497,0.619573823639497,,,,1.0
27,hexane_dipole,242,1.0,0.0,0.619573823639497,0.619573823639497,,,,1.0
27,hexane_dipole,243,1.0,0.0,0.619573823639497,0.619573823639497,,,,1.0
27,hexane_dipole,244,1.0,0.0,0.619573823639497,0.619573823639497,,,,1.0
27,hexane_dipole,245,1.0,0.0,0.619573823639497,0.619573823639497,,,,1.0
27,hexane_dipole,246,1.0,0.0,0.619573823639497,0.619573823639497,,,,1.0
27,hexane_dipole,247,1.0,0.0,0.619573823639497,0.619573823639497,,,,1.0
27,hexane_dipole,248,1.0,0.0,0.619573823639497,0.619573823639497,,,,1.0
27,hexane_dipole,249,1.0,0.0,0.619573823639497,0.619573823639497,,,,1.0
28,sco_kcal,0,0.6363452672958374,0.01614801026880741,0.6697857324679888,0.9019551826077485,3.854369640350342,2.6865267753601074,0.6970080781136281,0.32
28,sco_kcal,1,0.7234390377998352,0.015196360647678375,0.6873731515321144,0.902780555523415,3.7462315559387207,3.175001621246338,0.8475187862355066,0.6
28,sco_kcal,2,0.20343127846717834,0.028675489127635956,0.6150324193979373,0.9142949637577471,5.77295446395874,0.6677871346473694,0.11567510861491218,0.1
28,sco_kcal,3,0.6024963855743408,0.01713886857032776,0.6748142699465225,0.9173915645202595,4.091805934906006,2.6079916954040527,0.637369351551117,0.4
28,sco_kcal,4,0.14820416271686554,0.009298275224864483,0.660442912193153,0.9641995256681968,2.195983409881592,0.2190638780593872,0.09975661795696317,0.02
28,sco_kcal,5,0.10181056708097458,0.018618809059262276,0.64719609833693,0.9617473906468763,4.23610782623291,0.08922767639160156,0.02106359895728859,0.06
28,sco_kcal,6,0.4959714114665985,0.020679401233792305,0.6671900410662708,0.9136926027499295,4.892958641052246,1.7885682582855225,0.36553921451109694,0.24
28,sco_kcal,7,0.7594325542449951,0.018295858055353165,0.6601875651663536,0.9068009668709056,3.9513118267059326,4.046417236328125,1.0240693252755702,0.68
28,sco_kcal,8,0.2824820876121521,0.04128669202327728,0.6576468372054116,0.9714959930483078,9.440289497375488,0.7394694685935974,0.07833122795642852,0.32
28,sco_kcal,9,0.3850404918193817,0.030311288312077522,0.626059122909302,0.9159892021428129,6.347345352172852,2.2684359550476074,0.35738341451218913,0.12
28,sco_kcal,10,0.07695530354976654,0.01759432628750801,0.6602605323510364,0.966018492284435,4.09141206741333,0.1427830159664154,0.03489822428389267,0.02
28,sco_kcal,11,0.10548857599496841,0.014926236122846603,0.6557995642185592,0.9621213738640111,3.46266508102417,0.11478690057992935,0.03314987095026189,0.08
28,sco_kcal,12,0.6142724752426147,0.014704128727316856,0.6855480202697686,0.9162448382629644,3.674485445022583,2.21500825881958,0.602807737834424,0.44
28,sco_kcal,13,0.1676735132932663,0.04106748104095459,0.6581085908788651,0.934200844750011,9.497236251831055,0.7028098106384277,0.07400150864973239,0.04
28,sco_kcal,14,0.04746970534324646,0.04503317549824715,0.6397179002312803,0.9571784147738178,9.915006637573242,0.08889439702033997,0.008965641705520572,0.04
28,sco_kcal,15,0.3026271462440491,0.031070448458194733,0.6442365640635337,0.9216348716318785,6.887526512145996,1.7948366403579712,0.2605923385111938,0.16
28,sco_kcal,16,0.03999568894505501,0.08058559149503708,0.6229442763661555,0.9628923404218452,16.516775131225586,0.15635813772678375,0.009466626292634015,0.02
28,sco_kcal,17,0.30991995334625244,0.021663768216967583,0.6496887432544236,0.9354040895039095,4.933156967163086,0.8711268901824951,0.17658608797186817,0.12
28,sco_kcal,18,0.49576660990715027,0.025643454864621162,0.6947674069015308,0.8961954749984085,6.316983699798584,3.477984666824341,0.5505767993251646,0.24
28,sco_kcal,19,0.6364153027534485,0.014741137623786926,0.6877205530882367,0.897987886086723,3.685194492340088,2.719841480255127,0.7380455728750521,0.5
28,sco_kcal,20,0.06530007719993591,0.13521398603916168,0.6341170001908061,0.9211745809514953,29.730520248413086,0.8351335525512695,0.02809010893766133,0.08
28,sco_kcal,21,0.9075653553009033,0.01217255275696516,0.6800335052664317,0.9171413877531756,3.0680441856384277,5.261537551879883,1.7149484275712972,0.44
28,sco_kcal,22,0.841678261756897,0.029112810268998146,0.6877015228918859,0.9026430144407853,7.128147602081299,9.772187232971191,1.3709294165173962,0.32
28,sco_kcal,23,0.28877779841423035,0.04251737520098686,0.6571974392752435,0.9547939076287775,9.700071334838867,0.644569993019104,0.06645002606362907,0.22
28,sco_kcal,24,0.09424728900194168,0.028749212622642517,0.62299317291813,0.9592175594795167,5.995448112487793,0.10097211599349976,0.016841462739571884,0.04
28,sco_kcal,25,0.25379982590675354,0.018340284004807472,0.6563595536287914,0.9294910250732651,4.246002197265625,0.6435279250144958,0.15156090249527432,0.12
28,sco_kcal,26,0.4558849036693573,0.013668018393218517,0.6731714291893061,0.9180390009355879,3.3192453384399414,1.1120795011520386,0.3350398623063881,0.26
28,sco_kcal,27,0.5720434784889221,0.026662133634090424,0.637892542876622,0.8920430646354556,5.576833248138428,3.411027193069458,0.611642314069203,0.36
28,sco_kcal,28,0.13703206181526184,0.01915949583053589,0.6652299691307562,0.9529843782590979,4.476376533508301,0.12064309418201447,0.026951060367449035,0.12
28,sco_kcal,29,0.6073603630065918,0.021451612934470177,0.6434310677570092,0.8812454097472522,4.7560272216796875,2.913069486618042,0.6125005915313564,0.38
28,sco_kcal,30,0.20038989186286926,0.04365914314985275,0.655545164281365,0.9652124511095361,9.961071968078613,0.2348666489124298,0.023578451161188944,0.18
28,sco_kcal,31,0.3410344123840332,0.04848767817020416,0.6542623298039925,0.9501289088235074,11.065328598022461,1.227686882019043,0.11094897644869299,0.28
28,sco_kcal,32,0.8262420892715454,0.02045874297618866,0.6818472250705199,0.9068597487684518,4.603362083435059,5.552228927612305,1.2061247468652727,0.7
28,sco_kcal,33,0.1252528876066208,0.015056091360747814,0.6585978995078923,0.9593670356829882,3.4953699111938477,0.16271410882472992,0.046551327315498554,0.04
28,sco_kcal,34,0.07244040817022324,0.03472357988357544,0.6325655559522412,0.9539261196215654,7.504419803619385,0.08754175156354904,0.011665359062312535,0.04
28,sco_kcal,35,0.12619926035404205,0.02862834744155407,0.6341125752622165,0.9444419241100668,6.010105133056641,0.2065262347459793,0.034363165065124816,0.08
28,sco_kcal,36,0.7362914681434631,0.02023039385676384,0.6760109762618522,0.8983943104260503,4.800232887268066,3.9827537536621094,0.8297001098062963,0.64
28,sco_kcal,37,0.6581400036811829,0.022658800706267357,0.6504674749126287,0.9151410564482867,4.951478481292725,3.370706081390381,0.6807473957779095,0.46
28,sco_kcal,38,0.23592354357242584,0.026123328134417534,0.643361805059899,0.9342785808701728,5.86519193649292,0.5653948187828064,0.09639834892102152,0.14
28,sco_kcal,39,0.24638788402080536,0.020713182166218758,0.642727346970331,0.9387649711840209,4.575537204742432,0.42085689306259155,0.09197977728743714,0.08
28,sco_kcal,40,0.16953758895397186,0.031023627147078514,0.6081281180849809,0.9370149990416208,6.274220943450928,0.4365769922733307,0.06958266153011915,0.06
28,sco_kcal,41,0.7421553134918213,0.01768898032605648,0.6820290051410296,0.885946007551506,4.241891860961914,4.080785751342773,0.9620202223678075,0.6
28,sco_kcal,42,0.7797020673751831,0.023354502394795418,0.6955096180440365,0.9655903624556501,5.807328224182129,3.5163843631744385,0.6055081144771468,0.72
28,sco_kcal,43,0.6495101451873779,0.009591763839125633,0.6814330800345623,0.911758856874731,2.341855525970459,1.6287670135498047,0.6955027735431492,0.42
28,sco_kcal,44,0.09248696267604828,0.027297483757138252,0.6303559920266311,0.9571757513422487,5.863015174865723,0.18305090069770813,0.03122129062234611,0.02
28,sco_kcal,45,0.636865496635437,0.014742577448487282,0.6735834795533326,0.8960954684042226,3.5186352729797363,2.2543582916259766,0.6406910966128314,0.32
28,sco_kcal,46,0.402645081281662,0.02235330082476139,0.6346940744546041,0.9330418186524723,4.733953475952148,1.3833284378051758,0.29221420211083604,0.18
28,sco_kcal,47,0.273333340883255,0.21547432243824005,0.6506527719961728,0.9831470638537771,48.54059982299805,1.3291159868240356,0.027381531989110565,0.2
28,sco_kcal,48,0.08446191251277924,0.05981868505477905,0.6086911625402553,0.9257198655739067,11.833114624023438,0.25202885270118713,0.021298606555329176,0.02
28,sco_kcal,49,0.43093135952949524,0.02525835670530796,0.6653765725633396,0.9024460298699295,6.0491766929626465,2.690904378890991,0.4448381185528064,0.08
28,sco_kcal,50,0.5659734606742859,0.014695295132696629,0.6317462646009451,0.9126909671160188,3.0110671520233154,1.916029930114746,0.6363291927339619,0.44
28,sco_kcal,51,0.27267369627952576,0.03686123713850975,0.6489644482904242,0.9096049871129954,8.279705047607422,1.3678628206253052,0.1652067087849434,0.12
28,sco_kcal,52,0.5409395098686218,0.02208155021071434,0.6349665339025825,0.8919912084706034,4.672299385070801,2.445063829421997,0.5233106074569206,0.32
28,sco_kcal,53,0.33246731758117676,0.01971890591084957,0.6585918119541585,0.9383328545421665,4.542791843414307,1.3011910915374756,0.2864298291421419,0.08
28,sco_kcal,54,0.13993576169013977,0.01630575954914093,0.6567515491390801,0.9619445999360008,3.8025827407836914,0.17794741690158844,0.046796461518918704,0.06
28,sco_kcal,55,0.4866625666618347,0.02231409028172493,0.6536003558870733,0.9018511151244839,5.111367225646973,2.0743408203125,0.40582895509917893,0.3
28,sco_kcal,56,0.8695718050003052,0.015361804515123367,0.7091686476755881,0.8896381731407106,3.632446050643921,5.6429033279418945,1.5534720266365916,0.76
28,sco_kcal,57,0.5002162456512451,0.025547560304403305,0.6357901839706301,0.9021284951932202,5.424378395080566,2.6029629707336426,0.47986382607347244,0.22
28,sco_kcal,58,0.4393261969089508,0.011336228810250759,0.6905587761481808,0.9349793995577571,2.931870222091675,0.9673569202423096,0.32994534101586914,0.3
28,sco_kcal,59,0.48893821239471436,0.016828376799821854,0.6783958461845756,0.903864396493447,4.083363056182861,1.7307770252227783,0.4238606759695557,0.28
28,sco_kcal,60,0.4517127275466919,0.026525380089879036,0.6463759436060124,0.9051477559720762,5.847637176513672,2.5220248699188232,0.4312895608585689,0.26
28,sco_kcal,61,0.07322529703378677,0.042801737785339355,0.6025964923233325,0.9556839359816587,8.370820045471191,0.09537465125322342,0.011393704647231466,0.02
28,sco_kcal,62,0.15360116958618164,0.02651630900800228,0.6069338686160854,0.9528229810460469,5.2660441398620605,0.13958382606506348,0.0265063912033065,0.16
28,sco_kcal,63,0.11596459150314331,0.14951243996620178,0.6423932526828686,0.8842982688099819,33.179359436035156,3.685480833053589,0.1110775161334457,0.1
28,sco_kcal,64,0.46006980538368225,0.016449838876724243,0.65633734869304,0.9292694123258911,3.8109748363494873,1.5860363245010376,0.4161760160086214,0.36
28,sco_kcal,65,0.5480643510818481,0.1385619193315506,0.6700063883408494,0.9811630513706022,34.032203674316406,0.9453995823860168,0.027779558192392216,0.46
28,sco_kcal,66,0.25841546058654785,0.013266135938465595,0.6665143866233876,0.93142952975154,3.192436695098877,0.36194637417793274,0.11337621032034981,0.18
28,sco_kcal,67,0.2999933362007141,0.030026501044631004,0.6229668090432983,0.911907718330939,6.3408026695251465,1.1511259078979492,0.181542616588659,0.12
28,sco_kcal,68,0.12757723033428192,0.023606805130839348,0.6208479838915844,0.9454447229689924,4.8990373611450195,0.1475452482700348,0.030117191887581364,0.14
28,sco_kcal,69,0.06991869956254959,0.17233341932296753,0.6306190638523423,0.935444676210536,36.319679260253906,1.9806791543960571,0.05453459927889821,0.0
28,sco_kcal,70,0.14687272906303406,0.08155902475118637,0.6027805972737015,0.8968050832648018,16.51485824584961,2.0361948013305664,0.12329471867203508,0.02
28,sco_kcal,71,0.06501278281211853,0.05217726528644562,0.6113587925956077,0.960561932681397,10.5474214553833,0.05813036486506462,0.005511334226186198,0.0
28,sco_kcal,72,0.2612367868423462,0.021192913874983788,0.6225932387191053,0.9353448055952072,4.434789180755615,0.7501349449157715,0.1691478251482432,0.1
28,sco_kcal,73,0.3179030418395996,0.04325440526008606,0.647469083133098,0.8932358497712034,9.890972137451172,3.0748353004455566,0.31087291094502245,0.12
28,sco_kcal,74,0.08140413463115692,0.023724758997559547,0.644834805232926,0.9640797566846853,5.276780605316162,0.09010793268680573,0.017076308345286385,0.06
28,sco_kcal,75,0.128987655043602,0.015449273400008678,0.6249521418907258,0.9595324422261253,3.3136708736419678,0.075059674680233,0.022651517770603726,0.06
28,sco_kcal,76,0.8028637766838074,0.013393108732998371,0.6992404849692082,0.8936823539473884,3.2277748584747314,3.7907326221466064,1.1744104803945024,0.68
28,sco_kcal,77,0.12229373306035995,0.030519871041178703,0.6508834258582028,0.9512571117827062,6.979421615600586,0.3932601809501648,0.056345669112629525,0.04
28,sco_kcal,78,0.200852632522583,0.0374903529882431,0.6418041944994621,0.9274515688598,8.330086708068848,1.2636388540267944,0.15169576239858157,0.06
28,sco_kcal,79,0.36331892013549805,0.04013388231396675,0.651793639848943,0.9446166833884084,9.104143142700195,1.9506611824035645,0.21426082079647732,0.2
28,sco_kcal,80,0.1912146806716919,0.010729672387242317,0.6574263254938901,0.9467341567532832,2.517167806625366,0.26713764667510986,0.10612627651282701,0.1
28,sco_kcal,81,0.11979126930236816,0.01213512010872364,0.6552708010824837,0.9668034473345684,2.8335187435150146,0.08396442979574203,0.029632565511665942,0.02
28,sco_kcal,82,0.5076420307159424,0.029315683990716934,0.6246667609987397,0.8981525120768621,6.17424201965332,2.998788356781006,0.4856933607778119,0.24
28,sco_kcal,83,0.510724663734436,0.015355688519775867,0.6354588583984491,0.9165220144390613,3.3196887969970703,1.66216242313385,0.5006982656438795,0.26
28,sco_kcal,84,0.8860165476799011,0.01413057092577219,0.7193404759370872,0.8880090318351195,3.660201072692871,5.983392715454102,1.634716944949699,0.78
28,sco_kcal,85,0.35645171999931335,0.05635020509362221,0.6285360572623653,0.9018287463987331,11.824838638305664,4.037076473236084,0.3414064746861139,0.12
28,sco_kcal,86,0.19021160900592804,0.013799803331494331,0.6588127925688809,0.9587975412301217,3.2385048866271973,0.11131952702999115,0.03437374063867076,0.1
28,sco_kcal,87,0.12277984619140625,0.0246629286557436,0.6304519074008443,0.9538655465837675,5.156253337860107,0.037114467471838,0.007197952668330459,0.04
28,sco_kcal,88,0.9388845562934875,0.02336435765028,0.6783538080466169,0.9135056047767705,5.155992031097412,12.604219436645508,2.4445769816216725,0.48
28,sco_kcal,89,0.36514702439308167,0.01472222339361906,0.6701583782758578,0.9199760697066828,3.5519161224365234,1.01250159740448,0.2850578568026347,0.16
28,sco_kcal,90,0.2924668788909912,0.028693832457065582,0.6545701804398245,0.9489019677722665,6.598171710968018,0.7104012966156006,0.10766638513434165,0.24
28,sco_kcal,91,0.8685337901115417,0.021702483296394348,0.7139908703866198,0.9248227863526473,4.969701766967773,6.747498989105225,1.3577271445047217,0.78
28,sco_kcal,92,0.05893299728631973,0.05894555151462555,0.604488111201477,0.9541177126429758,11.521714210510254,0.06636206805706024,0.005759739119073438,0.08
28,sco_kcal,93,0.17396272718906403,0.018898801878094673,0.6616307487836175,0.9610659208558461,4.430865287780762,0.19987830519676208,0.04511044507445924,0.08
28,sco_kcal,94,0.6182246208190918,0.01548093743622303,0.6995706419077843,0.9017344602424686,4.042436122894287,2.5964415073394775,0.6422962363300098,0.48
28,sco_kcal,95,0.46877750754356384,0.02371371164917946,0.6484948693971679,0.9243034783140003,5.293445587158203,2.08744740486145,0.3943456809918963,0.22
28,sco_kcal,96,0.1276727169752121,0.02382936142385006,0.6312441156153965,0.9596723280376032,5.070751667022705,0.04734328016638756,0.009336540867162046,0.08
28,sco_kcal,97,0.05758613720536232,0.02665531262755394,0.6198333527794746,0.9586960176930841,5.4630351066589355,0.09795036166906357,0.017929659933847233,0.04
28,sco_kcal,98,0.078999362885952,0.045993003994226456,0.6059278705255937,0.9464055871796813,9.120451927185059,0.1247655525803566,0.013679755518306242,0.02
28,sco_kcal,99,0.10634299367666245,0.08782073110342026,0.6008364062428906,0.9520691657544549,16.85562515258789,0.9137051701545715,0.05420772957888707,0.04
28,sco_kcal,100,0.19717593491077423,0.07719738781452179,0.6045941580712331,0.9480558933721066,15.133501052856445,0.9086817502975464,0.060044384119960985,0.12
28,sco_kcal,101,0.3740554451942444,0.04366098344326019,0.6376781058820005,0.9344468725493709,9.423101425170898,1.8728269338607788,0.1987484639460742,0.28
28,sco_kcal,102,0.1561328023672104,0.0126230763271451,0.6683385874824526,0.9592306982420884,3.0303688049316406,0.06973318010568619,0.023011449956916792,0.12
28,sco_kcal,103,0.3682892918586731,0.015955466777086258,0.6380183418578027,0.9236625401033458,3.626312255859375,0.7252445816993713,0.19999507227418853,0.12
28,sco_kcal,104,0.05832526087760925,0.05228331312537193,0.6454964189415668,0.956465858716754,11.719141960144043,0.1589605063199997,0.013564176188036028,0.02
28,sco_kcal,105,0.1841585338115692,0.01634814217686653,0.652281726441925,0.9529574535268621,3.6877171993255615,0.311899334192276,0.08457788852391354,0.06
28,sco_kcal,106,0.49694907665252686,0.0420059897005558,0.6547603490535272,0.9310987817313638,9.516779899597168,2.708747148513794,0.28462853791842463,0.48
28,sco_kcal,107,0.06342843174934387,0.08222237229347229,0.6348555480680314,0.9381047088078616,17.92861557006836,0.5319743156433105,0.029671801125092795,0.04
28,sco_kcal,108,0.8944859504699707,0.015453160740435123,0.6568496737160381,0.8887213517582557,3.5602710247039795,5.651115894317627,1.5872712653350574,0.52
28,sco_kcal,109,0.7628145217895508,0.019193004816770554,0.6873457806026722,0.8876202779207467,4.655029296875,4.550280570983887,0.9774977300440552,0.62
28,sco_kcal,110,0.6250700354576111,0.011060805991292,0.6819205322001021,0.9283808142086905,2.612273931503296,1.7163946628570557,0.6570500291557536,0.48
28,sco_kcal,111,0.38637471199035645,0.015388933010399342,0.6491465316242422,0.9203081705831266,3.592937707901001,1.105125069618225,0.3075825854670441,0.12
28,sco_kcal,112,0.3294793963432312,0.052776236087083817,0.6158227966166727,0.8972139334979783,10.78144359588623,3.1033153533935547,0.28783857428681037,0.06
28,sco_kcal,113,0.5710180401802063,0.023130973801016808,0.6434597579221417,0.8888343499903544,5.00686502456665,2.8382022380828857,0.5668621431089078,0.32
28,sco_kcal,114,0.18089959025382996,0.02776459790766239,0.6564532211588894,0.9528706228740902,6.372338771820068,0.2631007134914398,0.04128793570343922,0.1
28,sco_kcal,115,0.21953073143959045,0.07172919809818268,0.613252997095125,0.9138722421475185,14.519779205322266,3.293199062347412,0.22680779203173287,0.06
28,sco_kcal,116,0.35082554817199707,0.022862182930111885,0.6336514693789299,0.9235471795202195,4.941265106201172,1.213773488998413,0.2456402283445905,0.1
28,sco_kcal,117,0.4433077573776245,0.01636800356209278,0.6539031629449128,0.9210670524355062,3.8270909786224365,1.2302166223526,0.32144953679554733,0.2
28,sco_kcal,118,0.3542858064174652,0.016759153455495834,0.6216802635299499,0.9339682871275032,3.643164873123169,0.6302508115768433,0.17299541292418902,0.28
28,sco_kcal,119,0.07736974209547043,0.024862004444003105,0.6342375417482073,0.9727069905172994,5.455756187438965,0.14642781019210815,0.026839141112873693,0.04
28,sco_kcal,120,0.7091097235679626,0.013256858102977276,0.6843236048869263,0.9194071750692532,3.2422330379486084,2.1028125286102295,0.6485692126376884,0.58
28,sco_kcal,121,0.10680709779262543,0.022741761058568954,0.6494511815106847,0.9563194971514628,5.169414043426514,0.07511825114488602,0.014531289332570922,0.02
28,sco_kcal,122,0.5494604110717773,0.02030245028436184,0.6731365581272848,0.951295670181926,5.013169288635254,1.1453275680541992,0.22846377253818898,0.56
28,sco_kcal,123,0.14857442677021027,0.016751429066061974,0.6163449518880468,0.946672242574661,3.4529292583465576,0.318526029586792,0.09224806121261774,0.04
28,sco_kcal,124,0.14833398163318634,0.03692232072353363,0.6223541041944833,0.948984957125,7.676062107086182,0.20645152032375336,0.026895498947717863,0.14
28,sco_kcal,125,0.2689821124076843,0.05767394229769707,0.6296021978830868,0.8952649742509982,12.241726875305176,2.689868927001953,0.21972953280211924,0.06
28,sco_kcal,126,0.09886455535888672,0.019530070945620537,0.676752578158087,0.9493585342659925,4.629416465759277,0.09188932925462723,0.0198490090347826,0.04
28,sco_kcal,127,0.2985352575778961,0.008702675811946392,0.6597160336322594,0.9530937068941061,2.1025350093841553,0.3003155291080475,0.1428349719589267,0.22
28,sco_kcal,128,0.11852293461561203,0.016523737460374832,0.6344792162071224,0.9467970556894887,3.657093048095703,0.21424606442451477,0.05858370613131529,0.04
28,sco_kcal,129,0.08998870104551315,0.038873787969350815,0.6425225924554241,0.9662666704815395,8.678955078125,0.06622110307216644,0.007630077869520767,0.04
28,sco_kcal,130,0.056132420897483826,0.04610120877623558,0.6318398877341174,0.9585216261318414,9.856306076049805,0.05952960252761841,0.006039747758267324,0.04
28,sco_kcal,131,0.5748688578605652,0.012666989117860794,0.6762514048793333,0.9216410927722491,3.114248275756836,1.5546932220458984,0.4992194213122174,0.48
28,sco_kcal,132,0.24230414628982544,0.01231265440583229,0.6415671707495179,0.9559598940926528,2.6645116806030273,0.09332574903964996,0.035025460657214555,0.2
28,sco_kcal,133,0.5957326889038086,0.011524694971740246,0.6573439397345318,0.9097134815418233,2.6010966300964355,1.553157925605774,0.5971165806124591,0.42
28,sco_kcal,134,0.19809621572494507,0.07422298938035965,0.6282700135646693,0.9040190020527972,15.790797233581543,2.335740089416504,0.14791780648346214,0.04
28,sco_kcal,135,0.6265568733215332,0.01950548216700554,0.6660766910652243,0.9068130951939062,4.368595600128174,2.8820204734802246,0.6597132665233804,0.36
28,sco_kcal,136,0.36794576048851013,0.06738919764757156,0.6295220891861484,0.9153299564961386,14.57262897491455,4.889260292053223,0.33550983151150265,0.26
28,sco_kcal,137,0.6747211813926697,0.01712224818766117,0.6842125304266993,0.9158022481777828,4.025378227233887,3.257124900817871,0.8091475426536663,0.46
28,sco_kcal,138,0.13263007998466492,0.012222000397741795,0.6538088387124803,0.9735587489548512,2.831550359725952,0.23413297533988953,0.08268720156633548,0.04
28,sco_kcal,139,0.8807865977287292,0.01457546278834343,0.6927358855416996,0.8944553152948873,3.6639246940612793,5.425484657287598,1.4807849806742934,0.58
28,sco_kcal,140,0.7796146273612976,0.013977834023535252,0.7041052780595718,0.8967529192116697,3.522662401199341,3.469271183013916,0.9848435041157373,0.56
28,sco_kcal,141,0.15516577661037445,0.017481449991464615,0.6388501198248779,0.9588603707686374,3.8943846225738525,0.07425965368747711,0.019068392283861754,0.08
28,sco_kcal,142,0.10149288922548294,0.03225349634885788,0.6204165920950744,0.9567948099098531,6.604788780212402,0.16098546981811523,0.02437405270255109,0.06
28,sco_kcal,143,0.11169761419296265,0.00993725098669529,0.6558813506542123,0.9649140183103557,2.317689895629883,0.21653476357460022,0.09342697829545146,0.04
28,sco_kcal,144,0.10844531655311584,0.02009117603302002,0.6579401616413372,0.9586849265334372,4.737332344055176,0.10253801941871643,0.021644675098083464,0.02
28,sco_kcal,145,0.41607406735420227,0.08041277527809143,0.6421076647882191,0.9157200032233064,17.039899826049805,4.975251197814941,0.29197655201053524,0.2
28,sco_kcal,146,0.6159903407096863,0.025194797664880753,0.6358639097803178,0.8939167828477239,5.444911479949951,3.4839468002319336,0.6398537080099523,0.38
28,sco_kcal,147,0.22537286579608917,0.014480308629572392,0.6601813856444625,0.9432672656662429,3.3868155479431152,0.7332862615585327,0.21651201583855753,0.04
28,sco_kcal,148,0.628862202167511,0.021011387929320335,0.6706920952887891,0.8958901845203759,4.961507797241211,3.313931941986084,0.6679283954423608,0.42
28,sco_kcal,149,0.14607445895671844,0.021480079740285873,0.6389454572757285,0.9445222991918205,4.623218536376953,0.37623459100723267,0.08137936548897684,0.1
28,sco_kcal,150,0.2977343499660492,0.019438251852989197,0.6576344359478232,0.9689657020681384,4.573525905609131,0.19242160022258759,0.04207292233473414,0.16
28,sco_kcal,151,0.5053260326385498,0.04677480086684227,0.6468892200798686,0.9235364795312206,10.41874885559082,4.587119102478027,0.4402754271225692,0.38
28,sco_kcal,152,0.05942079424858093,0.022042209282517433,0.6484627201210831,0.9637119931065508,4.950588703155518,0.14540700614452362,0.029371659587038777,0.02
28,sco_kcal,153,0.13212083280086517,0.0443623811006546,0.6426162017761012,0.9325512913098435,9.925641059875488,0.6904897689819336,0.06956626426611838,0.04
28,sco_kcal,154,0.6952536106109619,0.01315945852547884,0.6873419958804163,0.905054288705567,3.204599142074585,2.7798471450805664,0.8674554981254087,0.48
28,sco_kcal,155,0.613594114780426,0.01748332753777504,0.6821946365029159,0.9208191522867364,4.192391872406006,2.644888401031494,0.6308781434388188,0.42
28,sco_kcal,156,0.3963718116283417,0.024911874905228615,0.6450740206468573,0.9177525092585037,5.5899658203125,1.9983513355255127,0.3574890079406241,0.14
28,sco_kcal,157,0.43637704849243164,0.017069952562451363,0.6270236578717263,0.9225834928142644,3.7726316452026367,1.1946959495544434,0.3166744230313727,0.3
28,sco_kcal,158,0.280563086271286,0.03124680556356907,0.6345050953892446,0.91079921775107,6.7563018798828125,1.4376511573791504,0.21278669647071577,0.04
28,sco_kcal,159,0.16234390437602997,0.04278051480650902,0.6591243695521121,0.9766172723253712,9.830039978027344,0.327859103679657,0.033352774191407766,0.12
28,sco_kcal,160,0.09322982281446457,0.03142450377345085,0.6096078198313852,0.9665481244863716,6.33291482925415,0.07085788249969482,0.011188826063533212,0.1
28,sco_kcal,161,0.1792309731245041,0.12975671887397766,0.6212393345102107,0.9088604129578364,26.696683883666992,2.4510128498077393,0.09180963675070021,0.1
28,sco_kcal,162,0.20328395068645477,0.006908912677317858,0.6551971527954976,0.9342755001066678,1.6345080137252808,0.3274480104446411,0.20033429490403024,0.06
28,sco_kcal,163,0.10927429050207138,0.02538369782269001,0.6422444991349416,0.9490768355791672,5.670149803161621,0.15893329679965973,0.02802982325282483,0.04
28,sco_kcal,164,0.415672242641449,0.03597124665975571,0.6294169039809012,0.8968966576510615,7.510852813720703,3.152707099914551,0.41975354571657125,0.18
28,sco_kcal,165,0.42939212918281555,0.03588087484240532,0.6214149145978753,0.8934730840122087,7.5279693603515625,3.272865056991577,0.4347606771925984,0.16
28,sco_kcal,166,0.04256211966276169,0.0600825771689415,0.6358323910636676,0.9529306565357096,12.800681114196777,0.06671889871358871,0.005212136613542632,0.04
28,sco_kcal,167,0.3774024546146393,0.0246753990650177,0.6316917405745672,0.9232283141349344,5.31350564956665,1.785405158996582,0.3360126584493597,0.16
28,sco_kcal,168,0.5996187925338745,0.025449587032198906,0.6319084365835912,0.8907081967653752,5.080377578735352,3.6899161338806152,0.7263074597693856,0.44
28,sco_kcal,169,0.24559634923934937,0.015270802192389965,0.6575227980542238,0.9355068755853246,3.520721912384033,0.3286827802658081,0.09335664345135478,0.18
28,sco_kcal,170,0.7076894044876099,0.014695012010633945,0.7004713846060293,0.914599133290922,3.565471887588501,3.362245798110962,0.9430016289891461,0.46
28,sco_kcal,171,0.37340831756591797,0.2917250096797943,0.6585212574701638,0.9811568808555393,68.28675079345703,3.05220890045166,0.044696941426946774,0.28
28,sco_kcal,172,0.1401938647031784,0.07889516651630402,0.6365156881372269,0.9370175828619249,16.982179641723633,1.4925352334976196,0.08788831969664246,0.08
28,sco_kcal,173,0.11576507240533829,0.018513081595301628,0.6327206509444978,0.9585632917157496,4.104638576507568,0.07787294685840607,0.018971937579133766,0.02
28,sco_kcal,174,0.30972597002983093,0.016333788633346558,0.6304494190824657,0.9376187656842161,3.5466504096984863,0.26249757409095764,0.07401281315269906,0.26
28,sco_kcal,175,0.09509655833244324,0.023817047476768494,0.6175681449320498,0.9630042099454554,4.898926258087158,0.14654050767421722,0.029912780873626713,0.06
28,sco_kcal,176,0.3683641254901886,0.043338123708963394,0.649226756252236,0.9496665449820325,9.666472434997559,1.7276254892349243,0.17872346927510382,0.42
28,sco_kcal,177,0.23684310913085938,0.018922828137874603,0.6504657021286695,0.929677947473101,4.288064479827881,0.3010373115539551,0.07020354124106791,0.22
28,sco_kcal,178,0.22693926095962524,0.055563997477293015,0.6559745915420199,0.9754346014122823,12.672112464904785,0.46379244327545166,0.03659945763264945,0.2
28,sco_kcal,179,0.24845701456069946,0.027388859540224075,0.645702156713736,0.9460972238548857,6.1134033203125,0.46844053268432617,0.07662516410914319,0.18
28,sco_kcal,180,0.15061071515083313,0.019929075613617897,0.6306898963555365,0.9524250805057399,4.364371299743652,0.31071290373802185,0.07119304990303461,0.04
28,sco_kcal,181,0.4621717035770416,0.032254792749881744,0.6602841912491335,0.9617010178226619,7.356126308441162,2.275883913040161,0.30938619289728375,0.4
28,sco_kcal,182,0.2577945590019226,0.08947573602199554,0.6557154148513473,0.9726806655311733,20.33418083190918,0.4488111436367035,0.022071759238631916,0.32
28,sco_kcal,183,0.04218943417072296,0.03984469920396805,0.632081175992423,0.9683562775370986,8.553816795349121,0.12466298788785934,0.01457396047523967,0.04
28,sco_kcal,184,0.10854992270469666,0.108954519033432,0.6311238223485292,0.920481096712378,22.917783737182617,2.215038299560547,0.09665150544058895,0.04
28,sco_kcal,185,0.2642868459224701,0.01420548465102911,0.6629057431688921,0.9497329622234727,3.374286651611328,0.4620119333267212,0.13692136472937055,0.14
28,sco_kcal,186,0.06387235969305038,0.024716828018426895,0.6033951292970503,0.9538502685759964,4.827884674072266,0.06535763293504715,0.01353752985982549,0.02
28,sco_kcal,187,0.6140579581260681,0.01840127445757389,0.660425446387894,0.891401608852348,4.319449424743652,2.981464385986328,0.6902417629680362,0.44
28,sco_kcal,188,0.05427711084485054,0.03125768527388573,0.6560306926360406,0.9632664656291454,7.117650032043457,0.0790366381406784,0.011104316422535208,0.04
28,sco_kcal,189,0.03295956179499626,0.1362716108560562,0.6328056739060892,0.946092021743965,29.05238151550293,0.2488323152065277,0.008564954135472366,0.0
28,sco_kcal,190,0.40574708580970764,0.0350487045943737,0.624520469210732,0.9095614145334507,7.37075662612915,2.4434707164764404,0.3315088043762559,0.24
28,sco_kcal,191,0.2955385446548462,0.02138104848563671,0.6474006719725427,0.940438416614211,4.70219612121582,0.6766323447227478,0.14389709133352668,0.12
28,sco_kcal,192,0.32761991024017334,0.03076944313943386,0.6338353213883008,0.9280043537268692,6.516928195953369,1.7464185953140259,0.26798186857397777,0.1
28,sco_kcal,193,0.3133266866207123,0.01678929664194584,0.645750404453719,0.9414363609043253,3.85190749168396,0.5943834781646729,0.1543088663079037,0.22
28,sco_kcal,194,0.3464697301387787,0.028786320239305496,0.6340721434338215,0.9257251909093736,6.211698055267334,1.646270990371704,0.2650275296262534,0.16
28,sco_kcal,195,0.06310976296663284,0.03874346986413002,0.6332785041835507,0.9512601239512262,8.409174919128418,0.1508665233850479,0.01794070462749807,0.02
28,sco_kcal,196,0.07200086861848831,0.02423432096838951,0.6362346036074491,0.9671934064542891,5.343566417694092,0.08114830404520035,0.015186169255142946,0.02
28,sco_kcal,197,0.22135087847709656,0.01597708836197853,0.6233387309315719,0.9389836614046705,3.352264642715454,0.3491438627243042,0.10415164073725551,0.08
28,sco_kcal,198,0.3712559640407562,0.06670964509248734,0.6587802653855648,0.9807927934798384,15.57662582397461,0.5308789610862732,0.03408176886865807,0.42
28,sco_kcal,199,0.4685644209384918,0.019817102700471878,0.6787530015599472,0.9212716005219252,4.851115703582764,1.4950555562973022,0.3081879814149016,0.24
28,sco_kcal,200,0.13961128890514374,0.013033371418714523,0.6101702983600752,0.9419651544175556,2.5936832427978516,0.12999513745307922,0.05011989718252997,0.02
28,sco_kcal,201,0.1077895313501358,0.017245018854737282,0.6498351175174746,0.9682313045674877,3.9292731285095215,0.10991043597459793,0.02797220564208778,0.12
28,sco_kcal,202,0.5315478444099426,0.02753664180636406,0.6415945696457728,0.9026217905152849,5.75130558013916,3.883852243423462,0.6752992323752491,0.4
28,sco_kcal,203,0.35471081733703613,0.029750749468803406,0.6520144899442184,0.9341198141605214,6.7683563232421875,1.4569408893585205,0.2152577109977884,0.12
28,sco_kcal,204,0.10708871483802795,0.14697310328483582,0.6391797661530891,0.8882523009970564,32.262290954589844,3.6373589038848877,0.11274335443210097,0.08
28,sco_kcal,205,0.19285964965820312,0.02984830178320408,0.624849344594,0.9324698805180685,6.122262001037598,0.7341364622116089,0.11991261760558236,0.04
28,sco_kcal,206,0.5625562071800232,0.014422985725104809,0.6433145984282003,0.9071068679103258,3.385504961013794,1.3171800374984741,0.38906457165670283,0.34
28,sco_kcal,207,0.06047585979104042,0.09361399710178375,0.63689497624981,0.955002533589483,20.52993392944336,0.14958682656288147,0.007286279004938683,0.08
28,sco_kcal,208,0.10392846167087555,0.048782188445329666,0.6226413262082415,0.9373644062558784,10.04615306854248,0.6751368045806885,0.06720351561183598,0.02
28,sco_kcal,209,0.17584455013275146,0.03685061261057854,0.6128980551223695,0.9380265161378853,7.512307643890381,0.3362019658088684,0.044753487443008964,0.08
28,sco_kcal,210,0.26562222838401794,0.026510344818234444,0.6603349773620835,0.9472708678412081,6.162045955657959,0.440791517496109,0.07153330576695496,0.12
28,sco_kcal,211,0.5455291271209717,0.024372180923819542,0.6532680766953503,0.8850586502450632,5.438052177429199,3.0523033142089844,0.561286139709667,0.18
28,sco_kcal,212,0.5780632495880127,0.015990888699889183,0.6775328479937845,0.9491421121693036,3.8417422771453857,1.5419377088546753,0.40136417219543813,0.42
28,sco_kcal,213,0.4418201148509979,0.0175984725356102,0.6622604910814722,0.9002072171258775,4.2105302810668945,1.6508241891860962,0.3920703756980934,0.24
28,sco_kcal,214,0.5599896311759949,0.015587515197694302,0.6751366288081568,0.8994878407718085,3.828270435333252,2.0955605506896973,0.5473909396129896,0.42
28,sco_kcal,215,0.1821272373199463,0.01273922249674797,0.6479287915410483,0.9476985418604347,2.89298415184021,0.2720932066440582,0.09405278161340129,0.06
28,sco_kcal,216,0.17926113307476044,0.0679871141910553,0.6174790642409673,0.9192637006622919,13.930736541748047,1.7681678533554077,0.1269256545091144,0.02
28,sco_kcal,217,0.7839779257774353,0.01750601828098297,0.6694222019385794,0.8993629010287993,3.8436625003814697,3.9911856651306152,1.0383808840486137,0.56
28,sco_kcal,218,0.2907872498035431,0.045624759048223495,0.6580145656401566,0.9731750933168224,10.439682960510254,0.5944989323616028,0.05694607150527355,0.22
28,sco_kcal,219,0.5954532623291016,0.038720112293958664,0.6433231282004306,0.9078228711379166,8.499146461486816,5.357536315917969,0.6303616886937063,0.48
28,sco_kcal,220,0.13565076887607574,0.010249871760606766,0.6608575021524621,0.9378375358794231,2.407543897628784,0.1807679533958435,0.07508396983908945,0.02
28,sco_kcal,221,0.9159876108169556,0.01595078781247139,0.6951582694409435,0.9180611469160604,3.899357795715332,7.3594136238098145,1.8873399183569253,0.38
28,sco_kcal,222,0.2839539647102356,0.043636202812194824,0.657545001675718,0.9707681217941437,10.00459098815918,0.7002609968185425,0.06999396553515566,0.14
28,sco_kcal,223,0.1950291097164154,0.02702966332435608,0.6692185767344268,0.9346381388066851,6.287982940673828,0.5978559255599976,0.09507912651810257,0.16
28,sco_kcal,224,0.25468605756759644,0.031702689826488495,0.6350212928416563,0.9393334626715419,7.011517524719238,1.3120344877243042,0.18712560912793866,0.06
28,sco_kcal,225,0.3731461763381958,0.2149713635444641,0.6639087135806088,0.9820956926949798,51.0996208190918,2.7656195163726807,0.05412211425528606,0.4
28,sco_kcal,226,0.7935670018196106,0.015333146788179874,0.6889486342859699,0.8907399401192309,3.6458964347839355,3.784745216369629,1.0380835780909727,0.74
28,sco_kcal,227,0.35903891921043396,0.06070796400308609,0.6006910996741288,0.9004757561602348,11.876750946044922,3.623976230621338,0.3051319546132403,0.14
28,sco_kcal,228,0.07086805999279022,0.02314917743206024,0.6358980597487229,0.9550804237259187,5.120115280151367,0.07468794286251068,0.014587160400869463,0.02
28,sco_kcal,229,0.46518784761428833,0.02800200879573822,0.634739336724951,0.9022025942973109,6.088831901550293,2.589923620223999,0.42535640039012607,0.34
28,sco_kcal,230,0.793550968170166,0.010547349229454994,0.7041720978643549,0.9025134260673735,2.67714524269104,2.6019814014434814,0.9719238836769257,0.66
28,sco_kcal,231,0.2553970515727997,0.013266348280012608,0.6577498324758482,0.9497792050731206,3.2170608043670654,0.2957601845264435,0.09193490658459352,0.12
28,sco_kcal,232,0.2751743495464325,0.0339139848947525,0.6321767052365708,0.9258789370640879,7.214961051940918,1.3132283687591553,0.18201461647611802,0.14
28,sco_kcal,233,0.6034477949142456,0.019148532301187515,0.6832808774926273,0.9694299254307506,4.7118754386901855,1.7690730094909668,0.37544986757602755,0.48
28,sco_kcal,234,0.150304913520813,0.05901965871453285,0.6072778341728986,0.9300253337104878,11.598846435546875,0.8959169983863831,0.07724190533643714,0.06
28,sco_kcal,235,0.21678273379802704,0.023979220539331436,0.5976447911119225,0.9452410780889455,4.7223286628723145,0.5369992852210999,0.11371493251688984,0.12
28,sco_kcal,236,0.14925742149353027,0.017648059874773026,0.6661707499579868,0.9696297719738394,4.165468215942383,0.2504902780056,0.06013496323100135,0.06
28,sco_kcal,237,0.24019111692905426,0.05285954475402832,0.6352527617269814,0.9130169489460309,11.468596458435059,2.3956170082092285,0.20888493346954168,0.04
28,sco_kcal,238,0.28883224725723267,0.041523922234773636,0.6502074022208,0.9649675118808054,9.412421226501465,0.6187505125999451,0.06573765641276241,0.18
28,sco_kcal,239,0.5400001406669617,0.028132759034633636,0.6070950198296876,0.8977093534309126,5.886337757110596,3.2021522521972656,0.5439973688783183,0.34
28,sco_kcal,240,0.7018997073173523,0.015532166697084904,0.6899148289659058,0.9036954681421439,3.7622361183166504,3.0665974617004395,0.8150996814821228,0.46
28,sco_kcal,241,0.45431575179100037,0.030026480555534363,0.6407568700655342,0.8854531319160457,6.576810359954834,2.7954111099243164,0.42504055262793283,0.2
28,sco_kcal,242,0.3506952226161957,0.05286840721964836,0.6684125241745424,0.9770414321602414,12.753087043762207,0.4118538200855255,0.03229444123389494,0.4
28,sco_kcal,243,0.6109269857406616,0.012860530987381935,0.6766063670948492,0.9317462532602374,2.988537073135376,2.0068283081054688,0.6715085873102578,0.46
28,sco_kcal,244,0.15085911750793457,0.01045327540487051,0.6559994112282226,0.9540545088795322,2.450666666030884,0.20372448861598969,0.08313023204658969,0.06
28,sco_kcal,245,0.13234923779964447,0.03539058193564415,0.6265471648211582,0.941886177938541,7.460383892059326,0.3425358533859253,0.045913971498237935,0.08
28,sco_kcal,246,0.3195875883102417,0.015470294281840324,0.654589466343384,0.9335100277873021,3.640693187713623,0.4037191867828369,0.11089074688998304,0.18
28,sco_kcal,247,0.44660136103630066,0.020772481337189674,0.6289103293913645,0.9245891404014148,4.496249675750732,1.6761072874069214,0.3727789620862334,0.24
28,sco_kcal,248,0.21216221153736115,0.04534228518605232,0.6573134315062448,0.9694876456126051,10.386194229125977,0.3829387426376343,0.03686997702813608,0.16
28,sco_kcal,249,0.9638574719429016,0.006531397812068462,0.7641740468518636,0.9009596678122938,1.612334132194519,5.002895832061768,3.1028902335847817,0.8
28,water_gsolv_eV,0,0.9999998807907104,0.0,0.7170424795726984,0.7170424795726984,,,,1.0
28,water_gsolv_eV,1,0.9999998807907104,0.0,0.7170424795726984,0.7170424795726984,,,,1.0
28,water_gsolv_eV,2,0.9999998807907104,0.0,0.7170424795726984,0.7170424795726984,,,,1.0
28,water_gsolv_eV,3,0.9999998807907104,0.0,0.7170424795726984,0.7170424795726984,,,,1.0
28,water_gsolv_eV,4,0.9999998807907104,0.0,0.7170424795726984,0.7170424795726984,,,,1.0
28,water_gsolv_eV,5,0.9999998807907104,0.0,0.7170424795726984,0.7170424795726984,,,,1.0
28,water_gsolv_eV,6,0.9999998807907104,0.0,0.7170424795726984,0.7170424795726984,,,,1.0
28,water_gsolv_eV,7,0.9999998807907104,0.0,0.7170424795726984,0.7170424795726984,,,,1.0
28,water_gsolv_eV,8,0.9999998807907104,0.0,0.7170424795726984,0.7170424795726984,,,,1.0
28,water_gsolv_eV,9,0.9999998807907104,0.0,0.7170424795726984,0.7170424795726984,,,,1.0
28,water_gsolv_eV,10,0.9999998807907104,0.0,0.7170424795726984,0.7170424795726984,,,,1.0
28,water_gsolv_eV,11,0.9999998807907104,0.0,0.7170424795726984,0.7170424795726984,,,,1.0
28,water_gsolv_eV,12,0.9999998807907104,0.0,0.7170424795726984,0.7170424795726984,,,,1.0
28,water_gsolv_eV,13,0.9999998807907104,0.0,0.7170424795726984,0.7170424795726984,,,,1.0
28,water_gsolv_eV,14,0.9999998807907104,0.0,0.7170424795726984,0.7170424795726984,,,,1.0
28,water_gsolv_eV,15,0.9999998807907104,0.0,0.7170424795726984,0.7170424795726984,,,,1.0
28,water_gsolv_eV,16,0.9999998807907104,0.0,0.7170424795726984,0.7170424795726984,,,,1.0
28,water_gsolv_eV,17,0.9999998807907104,0.0,0.7170424795726984,0.7170424795726984,,,,1.0
28,water_gsolv_eV,18,0.9999998807907104,0.0,0.7170424795726984,0.7170424795726984,,,,1.0
28,water_gsolv_eV,19,0.9999998807907104,0.0,0.7170424795726984,0.7170424795726984,,,,1.0
28,water_gsolv_eV,20,0.9999998807907104,0.0,0.7170424795726984,0.7170424795726984,,,,1.0
28,water_gsolv_eV,21,0.9999998807907104,0.0,0.7170424795726984,0.7170424795726984,,,,1.0
28,water_gsolv_eV,22,0.9999998807907104,0.0,0.7170424795726984,0.7170424795726984,,,,1.0
28,water_gsolv_eV,23,0.9999998807907104,0.0,0.7170424795726984,0.7170424795726984,,,,1.0
28,water_gsolv_eV,24,0.9999998807907104,0.0,0.7170424795726984,0.7170424795726984,,,,1.0
28,water_gsolv_eV,25,0.9999998807907104,0.0,0.7170424795726984,0.7170424795726984,,,,1.0
28,water_gsolv_eV,26,0.9999998807907104,0.0,0.7170424795726984,0.7170424795726984,,,,1.0
28,water_gsolv_eV,27,0.9999998807907104,0.0,0.7170424795726984,0.7170424795726984,,,,1.0
28,water_gsolv_eV,28,0.9999998807907104,0.0,0.7170424795726984,0.7170424795726984,,,,1.0
28,water_gsolv_eV,29,0.9999998807907104,0.0,0.7170424795726984,0.7170424795726984,,,,1.0
28,water_gsolv_eV,30,0.9999998807907104,0.0,0.7170424795726984,0.7170424795726984,,,,1.0
28,water_gsolv_eV,31,0.9999998807907104,0.0,0.7170424795726984,0.7170424795726984,,,,1.0
28,water_gsolv_eV,32,0.9999998807907104,0.0,0.7170424795726984,0.7170424795726984,,,,1.0
28,water_gsolv_eV,33,0.9999998807907104,0.0,0.7170424795726984,0.7170424795726984,,,,1.0
28,water_gsolv_eV,34,0.9999998807907104,0.0,0.7170424795726984,0.7170424795726984,,,,1.0
28,water_gsolv_eV,35,0.9999998807907104,0.0,0.7170424795726984,0.7170424795726984,,,,1.0
28,water_gsolv_eV,36,0.9999998807907104,0.0,0.7170424795726984,0.7170424795726984,,,,1.0
28,water_gsolv_eV,37,0.9999998807907104,0.0,0.7170424795726984,0.7170424795726984,,,,1.0
28,water_gsolv_eV,38,0.9999998807907104,0.0,0.7170424795726984,0.7170424795726984,,,,1.0
28,water_gsolv_eV,39,0.9999998807907104,0.0,0.7170424795726984,0.7170424795726984,,,,1.0
28,water_gsolv_eV,40,0.9999998807907104,0.0,0.7170424795726984,0.7170424795726984,,,,1.0
28,water_gsolv_eV,41,0.9999998807907104,0.0,0.7170424795726984,0.7170424795726984,,,,1.0
28,water_gsolv_eV,42,0.9999998807907104,0.0,0.7170424795726984,0.7170424795726984,,,,1.0
28,water_gsolv_eV,43,0.9999998807907104,0.0,0.7170424795726984,0.7170424795726984,,,,1.0
28,water_gsolv_eV,44,0.9999998807907104,0.0,0.7170424795726984,0.7170424795726984,,,,1.0
28,water_gsolv_eV,45,0.9999998807907104,0.0,0.7170424795726984,0.7170424795726984,,,,1.0
28,water_gsolv_eV,46,0.9999998807907104,0.0,0.7170424795726984,0.7170424795726984,,,,1.0
28,water_gsolv_eV,47,0.9999998807907104,0.0,0.7170424795726984,0.7170424795726984,,,,1.0
28,water_gsolv_eV,48,0.9999998807907104,0.0,0.7170424795726984,0.7170424795726984,,,,1.0
28,water_gsolv_eV,49,0.9999998807907104,0.0,0.7170424795726984,0.7170424795726984,,,,1.0
28,water_gsolv_eV,50,0.9999998807907104,0.0,0.7170424795726984,0.7170424795726984,,,,1.0
28,water_gsolv_eV,51,0.9999998807907104,0.0,0.7170424795726984,0.7170424795726984,,,,1.0
28,water_gsolv_eV,52,0.9999998807907104,0.0,0.7170424795726984,0.7170424795726984,,,,1.0
28,water_gsolv_eV,53,0.9999998807907104,0.0,0.7170424795726984,0.7170424795726984,,,,1.0
28,water_gsolv_eV,54,0.9999998807907104,0.0,0.7170424795726984,0.7170424795726984,,,,1.0
28,water_gsolv_eV,55,0.9999998807907104,0.0,0.7170424795726984,0.7170424795726984,,,,1.0
28,water_gsolv_eV,56,0.9999998807907104,0.0,0.7170424795726984,0.7170424795726984,,,,1.0
28,water_gsolv_eV,57,0.9999998807907104,0.0,0.7170424795726984,0.7170424795726984,,,,1.0
28,water_gsolv_eV,58,0.9999998807907104,0.0,0.7170424795726984,0.7170424795726984,,,,1.0
28,water_gsolv_eV,59,0.9999998807907104,0.0,0.7170424795726984,0.7170424795726984,,,,1.0
28,water_gsolv_eV,60,0.9999998807907104,0.0,0.7170424795726984,0.7170424795726984,,,,1.0
28,water_gsolv_eV,61,0.9999998807907104,0.0,0.7170424795726984,0.7170424795726984,,,,1.0
28,water_gsolv_eV,62,0.9999998807907104,0.0,0.7170424795726984,0.7170424795726984,,,,1.0
28,water_gsolv_eV,63,0.9999998807907104,0.0,0.7170424795726984,0.7170424795726984,,,,1.0
28,water_gsolv_eV,64,0.9999998807907104,0.0,0.7170424795726984,0.7170424795726984,,,,1.0
28,water_gsolv_eV,65,0.9999998807907104,0.0,0.7170424795726984,0.7170424795726984,,,,1.0
28,water_gsolv_eV,66,0.9999998807907104,0.0,0.7170424795726984,0.7170424795726984,,,,1.0
28,water_gsolv_eV,67,0.9999998807907104,0.0,0.7170424795726984,0.7170424795726984,,,,1.0
28,water_gsolv_eV,68,0.9999998807907104,0.0,0.7170424795726984,0.7170424795726984,,,,1.0
28,water_gsolv_eV,69,0.9999998807907104,0.0,0.7170424795726984,0.7170424795726984,,,,1.0
28,water_gsolv_eV,70,0.9999998807907104,0.0,0.7170424795726984,0.7170424795726984,,,,1.0
28,water_gsolv_eV,71,0.9999998807907104,0.0,0.7170424795726984,0.7170424795726984,,,,1.0
28,water_gsolv_eV,72,0.9999998807907104,0.0,0.7170424795726984,0.7170424795726984,,,,1.0
28,water_gsolv_eV,73,0.9999998807907104,0.0,0.7170424795726984,0.7170424795726984,,,,1.0
28,water_gsolv_eV,74,0.9999998807907104,0.0,0.7170424795726984,0.7170424795726984,,,,1.0
28,water_gsolv_eV,75,0.9999998807907104,0.0,0.7170424795726984,0.7170424795726984,,,,1.0
28,water_gsolv_eV,76,0.9999998807907104,0.0,0.7170424795726984,0.7170424795726984,,,,1.0
28,water_gsolv_eV,77,0.9999998807907104,0.0,0.7170424795726984,0.7170424795726984,,,,1.0
28,water_gsolv_eV,78,0.9999998807907104,0.0,0.7170424795726984,0.7170424795726984,,,,1.0
28,water_gsolv_eV,79,0.9999998807907104,0.0,0.7170424795726984,0.7170424795726984,,,,1.0
28,water_gsolv_eV,80,0.9999998807907104,0.0,0.7170424795726984,0.7170424795726984,,,,1.0
28,water_gsolv_eV,81,0.9999998807907104,0.0,0.7170424795726984,0.7170424795726984,,,,1.0
28,water_gsolv_eV,82,0.9999998807907104,0.0,0.7170424795726984,0.7170424795726984,,,,1.0
28,water_gsolv_eV,83,0.9999998807907104,0.0,0.7170424795726984,0.7170424795726984,,,,1.0
28,water_gsolv_eV,84,0.9999998807907104,0.0,0.7170424795726984,0.7170424795726984,,,,1.0
28,water_gsolv_eV,85,0.9999998807907104,0.0,0.7170424795726984,0.7170424795726984,,,,1.0
28,water_gsolv_eV,86,0.9999998807907104,0.0,0.7170424795726984,0.7170424795726984,,,,1.0
28,water_gsolv_eV,87,0.9999998807907104,0.0,0.7170424795726984,0.7170424795726984,,,,1.0
28,water_gsolv_eV,88,0.9999998807907104,0.0,0.7170424795726984,0.7170424795726984,,,,1.0
28,water_gsolv_eV,89,0.9999998807907104,0.0,0.7170424795726984,0.7170424795726984,,,,1.0
28,water_gsolv_eV,90,0.9999998807907104,0.0,0.7170424795726984,0.7170424795726984,,,,1.0
28,water_gsolv_eV,91,0.9999998807907104,0.0,0.7170424795726984,0.7170424795726984,,,,1.0
28,water_gsolv_eV,92,0.9999998807907104,0.0,0.7170424795726984,0.7170424795726984,,,,1.0
28,water_gsolv_eV,93,0.9999998807907104,0.0,0.7170424795726984,0.7170424795726984,,,,1.0
28,water_gsolv_eV,94,0.9999998807907104,0.0,0.7170424795726984,0.7170424795726984,,,,1.0
28,water_gsolv_eV,95,0.9999998807907104,0.0,0.7170424795726984,0.7170424795726984,,,,1.0
28,water_gsolv_eV,96,0.9999998807907104,0.0,0.7170424795726984,0.7170424795726984,,,,1.0
28,water_gsolv_eV,97,0.9999998807907104,0.0,0.7170424795726984,0.7170424795726984,,,,1.0
28,water_gsolv_eV,98,0.9999998807907104,0.0,0.7170424795726984,0.7170424795726984,,,,1.0
28,water_gsolv_eV,99,0.9999998807907104,0.0,0.7170424795726984,0.7170424795726984,,,,1.0
28,water_gsolv_eV,100,0.9999998807907104,0.0,0.7170424795726984,0.7170424795726984,,,,1.0
28,water_gsolv_eV,101,0.9999998807907104,0.0,0.7170424795726984,0.7170424795726984,,,,1.0
28,water_gsolv_eV,102,0.9999998807907104,0.0,0.7170424795726984,0.7170424795726984,,,,1.0
28,water_gsolv_eV,103,0.9999998807907104,0.0,0.7170424795726984,0.7170424795726984,,,,1.0
28,water_gsolv_eV,104,0.9999998807907104,0.0,0.7170424795726984,0.7170424795726984,,,,1.0
28,water_gsolv_eV,105,0.9999998807907104,0.0,0.7170424795726984,0.7170424795726984,,,,1.0
28,water_gsolv_eV,106,0.9999998807907104,0.0,0.7170424795726984,0.7170424795726984,,,,1.0
28,water_gsolv_eV,107,0.9999998807907104,0.0,0.7170424795726984,0.7170424795726984,,,,1.0
28,water_gsolv_eV,108,0.9999998807907104,0.0,0.7170424795726984,0.7170424795726984,,,,1.0
28,water_gsolv_eV,109,0.9999998807907104,0.0,0.7170424795726984,0.7170424795726984,,,,1.0
28,water_gsolv_eV,110,0.9999998807907104,0.0,0.7170424795726984,0.7170424795726984,,,,1.0
28,water_gsolv_eV,111,0.9999998807907104,0.0,0.7170424795726984,0.7170424795726984,,,,1.0
28,water_gsolv_eV,112,0.9999998807907104,0.0,0.7170424795726984,0.7170424795726984,,,,1.0
28,water_gsolv_eV,113,0.9999998807907104,0.0,0.7170424795726984,0.7170424795726984,,,,1.0
28,water_gsolv_eV,114,0.9999998807907104,0.0,0.7170424795726984,0.7170424795726984,,,,1.0
28,water_gsolv_eV,115,0.9999998807907104,0.0,0.7170424795726984,0.7170424795726984,,,,1.0
28,water_gsolv_eV,116,0.9999998807907104,0.0,0.7170424795726984,0.7170424795726984,,,,1.0
28,water_gsolv_eV,117,0.9999998807907104,0.0,0.7170424795726984,0.7170424795726984,,,,1.0
28,water_gsolv_eV,118,0.9999998807907104,0.0,0.7170424795726984,0.7170424795726984,,,,1.0
28,water_gsolv_eV,119,0.9999998807907104,0.0,0.7170424795726984,0.7170424795726984,,,,1.0
28,water_gsolv_eV,120,0.9999998807907104,0.0,0.7170424795726984,0.7170424795726984,,,,1.0
28,water_gsolv_eV,121,0.9999998807907104,0.0,0.7170424795726984,0.7170424795726984,,,,1.0
28,water_gsolv_eV,122,0.9999998807907104,0.0,0.7170424795726984,0.7170424795726984,,,,1.0
28,water_gsolv_eV,123,0.9999998807907104,0.0,0.7170424795726984,0.7170424795726984,,,,1.0
28,water_gsolv_eV,124,0.9999998807907104,0.0,0.7170424795726984,0.7170424795726984,,,,1.0
28,water_gsolv_eV,125,0.9999998807907104,0.0,0.7170424795726984,0.7170424795726984,,,,1.0
28,water_gsolv_eV,126,0.9999998807907104,0.0,0.7170424795726984,0.7170424795726984,,,,1.0
28,water_gsolv_eV,127,0.9999998807907104,0.0,0.7170424795726984,0.7170424795726984,,,,1.0
28,water_gsolv_eV,128,0.9999998807907104,0.0,0.7170424795726984,0.7170424795726984,,,,1.0
28,water_gsolv_eV,129,0.9999998807907104,0.0,0.7170424795726984,0.7170424795726984,,,,1.0
28,water_gsolv_eV,130,0.9999998807907104,0.0,0.7170424795726984,0.7170424795726984,,,,1.0
28,water_gsolv_eV,131,0.9999998807907104,0.0,0.7170424795726984,0.7170424795726984,,,,1.0
28,water_gsolv_eV,132,0.9999998807907104,0.0,0.7170424795726984,0.7170424795726984,,,,1.0
28,water_gsolv_eV,133,0.9999998807907104,0.0,0.7170424795726984,0.7170424795726984,,,,1.0
28,water_gsolv_eV,134,0.9999998807907104,0.0,0.7170424795726984,0.7170424795726984,,,,1.0
28,water_gsolv_eV,135,0.9999998807907104,0.0,0.7170424795726984,0.7170424795726984,,,,1.0
28,water_gsolv_eV,136,0.9999998807907104,0.0,0.7170424795726984,0.7170424795726984,,,,1.0
28,water_gsolv_eV,137,0.9999998807907104,0.0,0.7170424795726984,0.7170424795726984,,,,1.0
28,water_gsolv_eV,138,0.9999998807907104,0.0,0.7170424795726984,0.7170424795726984,,,,1.0
28,water_gsolv_eV,139,0.9999998807907104,0.0,0.7170424795726984,0.7170424795726984,,,,1.0
28,water_gsolv_eV,140,0.9999998807907104,0.0,0.7170424795726984,0.7170424795726984,,,,1.0
28,water_gsolv_eV,141,0.9999998807907104,0.0,0.7170424795726984,0.7170424795726984,,,,1.0
28,water_gsolv_eV,142,0.9999998807907104,0.0,0.7170424795726984,0.7170424795726984,,,,1.0
28,water_gsolv_eV,143,0.9999998807907104,0.0,0.7170424795726984,0.7170424795726984,,,,1.0
28,water_gsolv_eV,144,0.9999998807907104,0.0,0.7170424795726984,0.7170424795726984,,,,1.0
28,water_gsolv_eV,145,0.9999998807907104,0.0,0.7170424795726984,0.7170424795726984,,,,1.0
28,water_gsolv_eV,146,0.9999998807907104,0.0,0.7170424795726984,0.7170424795726984,,,,1.0
28,water_gsolv_eV,147,0.9999998807907104,0.0,0.7170424795726984,0.7170424795726984,,,,1.0
28,water_gsolv_eV,148,0.9999998807907104,0.0,0.7170424795726984,0.7170424795726984,,,,1.0
28,water_gsolv_eV,149,0.9999998807907104,0.0,0.7170424795726984,0.7170424795726984,,,,1.0
28,water_gsolv_eV,150,0.9999998807907104,0.0,0.7170424795726984,0.7170424795726984,,,,1.0
28,water_gsolv_eV,151,0.9999998807907104,0.0,0.7170424795726984,0.7170424795726984,,,,1.0
28,water_gsolv_eV,152,0.9999998807907104,0.0,0.7170424795726984,0.7170424795726984,,,,1.0
28,water_gsolv_eV,153,0.9999998807907104,0.0,0.7170424795726984,0.7170424795726984,,,,1.0
28,water_gsolv_eV,154,0.9999998807907104,0.0,0.7170424795726984,0.7170424795726984,,,,1.0
28,water_gsolv_eV,155,0.9999998807907104,0.0,0.7170424795726984,0.7170424795726984,,,,1.0
28,water_gsolv_eV,156,0.9999998807907104,0.0,0.7170424795726984,0.7170424795726984,,,,1.0
28,water_gsolv_eV,157,0.9999998807907104,0.0,0.7170424795726984,0.7170424795726984,,,,1.0
28,water_gsolv_eV,158,0.9999998807907104,0.0,0.7170424795726984,0.7170424795726984,,,,1.0
28,water_gsolv_eV,159,0.9999998807907104,0.0,0.7170424795726984,0.7170424795726984,,,,1.0
28,water_gsolv_eV,160,0.9999998807907104,0.0,0.7170424795726984,0.7170424795726984,,,,1.0
28,water_gsolv_eV,161,0.9999998807907104,0.0,0.7170424795726984,0.7170424795726984,,,,1.0
28,water_gsolv_eV,162,0.9999998807907104,0.0,0.7170424795726984,0.7170424795726984,,,,1.0
28,water_gsolv_eV,163,0.9999998807907104,0.0,0.7170424795726984,0.7170424795726984,,,,1.0
28,water_gsolv_eV,164,0.9999998807907104,0.0,0.7170424795726984,0.7170424795726984,,,,1.0
28,water_gsolv_eV,165,0.9999998807907104,0.0,0.7170424795726984,0.7170424795726984,,,,1.0
28,water_gsolv_eV,166,0.9999998807907104,0.0,0.7170424795726984,0.7170424795726984,,,,1.0
28,water_gsolv_eV,167,0.9999998807907104,0.0,0.7170424795726984,0.7170424795726984,,,,1.0
28,water_gsolv_eV,168,0.9999998807907104,0.0,0.7170424795726984,0.7170424795726984,,,,1.0
28,water_gsolv_eV,169,0.9999998807907104,0.0,0.7170424795726984,0.7170424795726984,,,,1.0
28,water_gsolv_eV,170,0.9999998807907104,0.0,0.7170424795726984,0.7170424795726984,,,,1.0
28,water_gsolv_eV,171,0.9999998807907104,0.0,0.7170424795726984,0.7170424795726984,,,,1.0
28,water_gsolv_eV,172,0.9999998807907104,0.0,0.7170424795726984,0.7170424795726984,,,,1.0
28,water_gsolv_eV,173,0.9999998807907104,0.0,0.7170424795726984,0.7170424795726984,,,,1.0
28,water_gsolv_eV,174,0.9999998807907104,0.0,0.7170424795726984,0.7170424795726984,,,,1.0
28,water_gsolv_eV,175,0.9999998807907104,0.0,0.7170424795726984,0.7170424795726984,,,,1.0
28,water_gsolv_eV,176,0.9999998807907104,0.0,0.7170424795726984,0.7170424795726984,,,,1.0
28,water_gsolv_eV,177,0.9999998807907104,0.0,0.7170424795726984,0.7170424795726984,,,,1.0
28,water_gsolv_eV,178,0.9999998807907104,0.0,0.7170424795726984,0.7170424795726984,,,,1.0
28,water_gsolv_eV,179,0.9999998807907104,0.0,0.7170424795726984,0.7170424795726984,,,,1.0
28,water_gsolv_eV,180,0.9999998807907104,0.0,0.7170424795726984,0.7170424795726984,,,,1.0
28,water_gsolv_eV,181,0.9999998807907104,0.0,0.7170424795726984,0.7170424795726984,,,,1.0
28,water_gsolv_eV,182,0.9999998807907104,0.0,0.7170424795726984,0.7170424795726984,,,,1.0
28,water_gsolv_eV,183,0.9999998807907104,0.0,0.7170424795726984,0.7170424795726984,,,,1.0
28,water_gsolv_eV,184,0.9999998807907104,0.0,0.7170424795726984,0.7170424795726984,,,,1.0
28,water_gsolv_eV,185,0.9999998807907104,0.0,0.7170424795726984,0.7170424795726984,,,,1.0
28,water_gsolv_eV,186,0.9999998807907104,0.0,0.7170424795726984,0.7170424795726984,,,,1.0
28,water_gsolv_eV,187,0.9999998807907104,0.0,0.7170424795726984,0.7170424795726984,,,,1.0
28,water_gsolv_eV,188,0.9999998807907104,0.0,0.7170424795726984,0.7170424795726984,,,,1.0
28,water_gsolv_eV,189,0.9999998807907104,0.0,0.7170424795726984,0.7170424795726984,,,,1.0
28,water_gsolv_eV,190,0.9999998807907104,0.0,0.7170424795726984,0.7170424795726984,,,,1.0
28,water_gsolv_eV,191,0.9999998807907104,0.0,0.7170424795726984,0.7170424795726984,,,,1.0
28,water_gsolv_eV,192,0.9999998807907104,0.0,0.7170424795726984,0.7170424795726984,,,,1.0
28,water_gsolv_eV,193,0.9999998807907104,0.0,0.7170424795726984,0.7170424795726984,,,,1.0
28,water_gsolv_eV,194,0.9999998807907104,0.0,0.7170424795726984,0.7170424795726984,,,,1.0
28,water_gsolv_eV,195,0.9999998807907104,0.0,0.7170424795726984,0.7170424795726984,,,,1.0
28,water_gsolv_eV,196,0.9999998807907104,0.0,0.7170424795726984,0.7170424795726984,,,,1.0
28,water_gsolv_eV,197,0.9999998807907104,0.0,0.7170424795726984,0.7170424795726984,,,,1.0
28,water_gsolv_eV,198,0.9999998807907104,0.0,0.7170424795726984,0.7170424795726984,,,,1.0
28,water_gsolv_eV,199,0.9999998807907104,0.0,0.7170424795726984,0.7170424795726984,,,,1.0
28,water_gsolv_eV,200,0.9999998807907104,0.0,0.7170424795726984,0.7170424795726984,,,,1.0
28,water_gsolv_eV,201,0.9999998807907104,0.0,0.7170424795726984,0.7170424795726984,,,,1.0
28,water_gsolv_eV,202,0.9999998807907104,0.0,0.7170424795726984,0.7170424795726984,,,,1.0
28,water_gsolv_eV,203,0.9999998807907104,0.0,0.7170424795726984,0.7170424795726984,,,,1.0
28,water_gsolv_eV,204,0.9999998807907104,0.0,0.7170424795726984,0.7170424795726984,,,,1.0
28,water_gsolv_eV,205,0.9999998807907104,0.0,0.7170424795726984,0.7170424795726984,,,,1.0
28,water_gsolv_eV,206,0.9999998807907104,0.0,0.7170424795726984,0.7170424795726984,,,,1.0
28,water_gsolv_eV,207,0.9999998807907104,0.0,0.7170424795726984,0.7170424795726984,,,,1.0
28,water_gsolv_eV,208,0.9999998807907104,0.0,0.7170424795726984,0.7170424795726984,,,,1.0
28,water_gsolv_eV,209,0.9999998807907104,0.0,0.7170424795726984,0.7170424795726984,,,,1.0
28,water_gsolv_eV,210,0.9999998807907104,0.0,0.7170424795726984,0.7170424795726984,,,,1.0
28,water_gsolv_eV,211,0.9999998807907104,0.0,0.7170424795726984,0.7170424795726984,,,,1.0
28,water_gsolv_eV,212,0.9999998807907104,0.0,0.7170424795726984,0.7170424795726984,,,,1.0
28,water_gsolv_eV,213,0.9999998807907104,0.0,0.7170424795726984,0.7170424795726984,,,,1.0
28,water_gsolv_eV,214,0.9999998807907104,0.0,0.7170424795726984,0.7170424795726984,,,,1.0
28,water_gsolv_eV,215,0.9999998807907104,0.0,0.7170424795726984,0.7170424795726984,,,,1.0
28,water_gsolv_eV,216,0.9999998807907104,0.0,0.7170424795726984,0.7170424795726984,,,,1.0
28,water_gsolv_eV,217,0.9999998807907104,0.0,0.7170424795726984,0.7170424795726984,,,,1.0
28,water_gsolv_eV,218,0.9999998807907104,0.0,0.7170424795726984,0.7170424795726984,,,,1.0
28,water_gsolv_eV,219,0.9999998807907104,0.0,0.7170424795726984,0.7170424795726984,,,,1.0
28,water_gsolv_eV,220,0.9999998807907104,0.0,0.7170424795726984,0.7170424795726984,,,,1.0
28,water_gsolv_eV,221,0.9999998807907104,0.0,0.7170424795726984,0.7170424795726984,,,,1.0
28,water_gsolv_eV,222,0.9999998807907104,0.0,0.7170424795726984,0.7170424795726984,,,,1.0
28,water_gsolv_eV,223,0.9999998807907104,0.0,0.7170424795726984,0.7170424795726984,,,,1.0
28,water_gsolv_eV,224,0.9999998807907104,0.0,0.7170424795726984,0.7170424795726984,,,,1.0
28,water_gsolv_eV,225,0.9999998807907104,0.0,0.7170424795726984,0.7170424795726984,,,,1.0
28,water_gsolv_eV,226,0.9999998807907104,0.0,0.7170424795726984,0.7170424795726984,,,,1.0
28,water_gsolv_eV,227,0.9999998807907104,0.0,0.7170424795726984,0.7170424795726984,,,,1.0
28,water_gsolv_eV,228,0.9999998807907104,0.0,0.7170424795726984,0.7170424795726984,,,,1.0
28,water_gsolv_eV,229,0.9999998807907104,0.0,0.7170424795726984,0.7170424795726984,,,,1.0
28,water_gsolv_eV,230,0.9999998807907104,0.0,0.7170424795726984,0.7170424795726984,,,,1.0
28,water_gsolv_eV,231,0.9999998807907104,0.0,0.7170424795726984,0.7170424795726984,,,,1.0
28,water_gsolv_eV,232,0.9999998807907104,0.0,0.7170424795726984,0.7170424795726984,,,,1.0
28,water_gsolv_eV,233,0.9999998807907104,0.0,0.7170424795726984,0.7170424795726984,,,,1.0
28,water_gsolv_eV,234,0.9999998807907104,0.0,0.7170424795726984,0.7170424795726984,,,,1.0
28,water_gsolv_eV,235,0.9999998807907104,0.0,0.7170424795726984,0.7170424795726984,,,,1.0
28,water_gsolv_eV,236,0.9999998807907104,0.0,0.7170424795726984,0.7170424795726984,,,,1.0
28,water_gsolv_eV,237,0.9999998807907104,0.0,0.7170424795726984,0.7170424795726984,,,,1.0
28,water_gsolv_eV,238,0.9999998807907104,0.0,0.7170424795726984,0.7170424795726984,,,,1.0
28,water_gsolv_eV,239,0.9999998807907104,0.0,0.7170424795726984,0.7170424795726984,,,,1.0
28,water_gsolv_eV,240,0.9999998807907104,0.0,0.7170424795726984,0.7170424795726984,,,,1.0
28,water_gsolv_eV,241,0.9999998807907104,0.0,0.7170424795726984,0.7170424795726984,,,,1.0
28,water_gsolv_eV,242,0.9999998807907104,0.0,0.7170424795726984,0.7170424795726984,,,,1.0
28,water_gsolv_eV,243,0.9999998807907104,0.0,0.7170424795726984,0.7170424795726984,,,,1.0
28,water_gsolv_eV,244,0.9999998807907104,0.0,0.7170424795726984,0.7170424795726984,,,,1.0
28,water_gsolv_eV,245,0.9999998807907104,0.0,0.7170424795726984,0.7170424795726984,,,,1.0
28,water_gsolv_eV,246,0.9999998807907104,0.0,0.7170424795726984,0.7170424795726984,,,,1.0
28,water_gsolv_eV,247,0.9999998807907104,0.0,0.7170424795726984,0.7170424795726984,,,,1.0
28,water_gsolv_eV,248,0.9999998807907104,0.0,0.7170424795726984,0.7170424795726984,,,,1.0
28,water_gsolv_eV,249,0.9999998807907104,0.0,0.7170424795726984,0.7170424795726984,,,,1.0
28,water_hl_gap_eV,0,1.0000001192092896,0.0,0.7086376939722889,0.7086376939722889,,,,1.0
28,water_hl_gap_eV,1,1.0000001192092896,0.0,0.7086376939722889,0.7086376939722889,,,,1.0
28,water_hl_gap_eV,2,1.0000001192092896,0.0,0.7086376939722889,0.7086376939722889,,,,1.0
28,water_hl_gap_eV,3,1.0000001192092896,0.0,0.7086376939722889,0.7086376939722889,,,,1.0
28,water_hl_gap_eV,4,1.0000001192092896,0.0,0.7086376939722889,0.7086376939722889,,,,1.0
28,water_hl_gap_eV,5,1.0000001192092896,0.0,0.7086376939722889,0.7086376939722889,,,,1.0
28,water_hl_gap_eV,6,1.0000001192092896,0.0,0.7086376939722889,0.7086376939722889,,,,1.0
28,water_hl_gap_eV,7,1.0000001192092896,0.0,0.7086376939722889,0.7086376939722889,,,,1.0
28,water_hl_gap_eV,8,1.0000001192092896,0.0,0.7086376939722889,0.7086376939722889,,,,1.0
28,water_hl_gap_eV,9,1.0000001192092896,0.0,0.7086376939722889,0.7086376939722889,,,,1.0
28,water_hl_gap_eV,10,1.0000001192092896,0.0,0.7086376939722889,0.7086376939722889,,,,1.0
28,water_hl_gap_eV,11,1.0000001192092896,0.0,0.7086376939722889,0.7086376939722889,,,,1.0
28,water_hl_gap_eV,12,1.0000001192092896,0.0,0.7086376939722889,0.7086376939722889,,,,1.0
28,water_hl_gap_eV,13,1.0000001192092896,0.0,0.7086376939722889,0.7086376939722889,,,,1.0
28,water_hl_gap_eV,14,1.0000001192092896,0.0,0.7086376939722889,0.7086376939722889,,,,1.0
28,water_hl_gap_eV,15,1.0000001192092896,0.0,0.7086376939722889,0.7086376939722889,,,,1.0
28,water_hl_gap_eV,16,1.0000001192092896,0.0,0.7086376939722889,0.7086376939722889,,,,1.0
28,water_hl_gap_eV,17,1.0000001192092896,0.0,0.7086376939722889,0.7086376939722889,,,,1.0
28,water_hl_gap_eV,18,1.0000001192092896,0.0,0.7086376939722889,0.7086376939722889,,,,1.0
28,water_hl_gap_eV,19,1.0000001192092896,0.0,0.7086376939722889,0.7086376939722889,,,,1.0
28,water_hl_gap_eV,20,1.0000001192092896,0.0,0.7086376939722889,0.7086376939722889,,,,1.0
28,water_hl_gap_eV,21,1.0000001192092896,0.0,0.7086376939722889,0.7086376939722889,,,,1.0
28,water_hl_gap_eV,22,1.0000001192092896,0.0,0.7086376939722889,0.7086376939722889,,,,1.0
28,water_hl_gap_eV,23,1.0000001192092896,0.0,0.7086376939722889,0.7086376939722889,,,,1.0
28,water_hl_gap_eV,24,1.0000001192092896,0.0,0.7086376939722889,0.7086376939722889,,,,1.0
28,water_hl_gap_eV,25,1.0000001192092896,0.0,0.7086376939722889,0.7086376939722889,,,,1.0
28,water_hl_gap_eV,26,1.0000001192092896,0.0,0.7086376939722889,0.7086376939722889,,,,1.0
28,water_hl_gap_eV,27,1.0000001192092896,0.0,0.7086376939722889,0.7086376939722889,,,,1.0
28,water_hl_gap_eV,28,1.0000001192092896,0.0,0.7086376939722889,0.7086376939722889,,,,1.0
28,water_hl_gap_eV,29,1.0000001192092896,0.0,0.7086376939722889,0.7086376939722889,,,,1.0
28,water_hl_gap_eV,30,1.0000001192092896,0.0,0.7086376939722889,0.7086376939722889,,,,1.0
28,water_hl_gap_eV,31,1.0000001192092896,0.0,0.7086376939722889,0.7086376939722889,,,,1.0
28,water_hl_gap_eV,32,1.0000001192092896,0.0,0.7086376939722889,0.7086376939722889,,,,1.0
28,water_hl_gap_eV,33,1.0000001192092896,0.0,0.7086376939722889,0.7086376939722889,,,,1.0
28,water_hl_gap_eV,34,1.0000001192092896,0.0,0.7086376939722889,0.7086376939722889,,,,1.0
28,water_hl_gap_eV,35,1.0000001192092896,0.0,0.7086376939722889,0.7086376939722889,,,,1.0
28,water_hl_gap_eV,36,1.0000001192092896,0.0,0.7086376939722889,0.7086376939722889,,,,1.0
28,water_hl_gap_eV,37,1.0000001192092896,0.0,0.7086376939722889,0.7086376939722889,,,,1.0
28,water_hl_gap_eV,38,1.0000001192092896,0.0,0.7086376939722889,0.7086376939722889,,,,1.0
28,water_hl_gap_eV,39,1.0000001192092896,0.0,0.7086376939722889,0.7086376939722889,,,,1.0
28,water_hl_gap_eV,40,1.0000001192092896,0.0,0.7086376939722889,0.7086376939722889,,,,1.0
28,water_hl_gap_eV,41,1.0000001192092896,0.0,0.7086376939722889,0.7086376939722889,,,,1.0
28,water_hl_gap_eV,42,1.0000001192092896,0.0,0.7086376939722889,0.7086376939722889,,,,1.0
28,water_hl_gap_eV,43,1.0000001192092896,0.0,0.7086376939722889,0.7086376939722889,,,,1.0
28,water_hl_gap_eV,44,1.0000001192092896,0.0,0.7086376939722889,0.7086376939722889,,,,1.0
28,water_hl_gap_eV,45,1.0000001192092896,0.0,0.7086376939722889,0.7086376939722889,,,,1.0
28,water_hl_gap_eV,46,1.0000001192092896,0.0,0.7086376939722889,0.7086376939722889,,,,1.0
28,water_hl_gap_eV,47,1.0000001192092896,0.0,0.7086376939722889,0.7086376939722889,,,,1.0
28,water_hl_gap_eV,48,1.0000001192092896,0.0,0.7086376939722889,0.7086376939722889,,,,1.0
28,water_hl_gap_eV,49,1.0000001192092896,0.0,0.7086376939722889,0.7086376939722889,,,,1.0
28,water_hl_gap_eV,50,1.0000001192092896,0.0,0.7086376939722889,0.7086376939722889,,,,1.0
28,water_hl_gap_eV,51,1.0000001192092896,0.0,0.7086376939722889,0.7086376939722889,,,,1.0
28,water_hl_gap_eV,52,1.0000001192092896,0.0,0.7086376939722889,0.7086376939722889,,,,1.0
28,water_hl_gap_eV,53,1.0000001192092896,0.0,0.7086376939722889,0.7086376939722889,,,,1.0
28,water_hl_gap_eV,54,1.0000001192092896,0.0,0.7086376939722889,0.7086376939722889,,,,1.0
28,water_hl_gap_eV,55,1.0000001192092896,0.0,0.7086376939722889,0.7086376939722889,,,,1.0
28,water_hl_gap_eV,56,1.0000001192092896,0.0,0.7086376939722889,0.7086376939722889,,,,1.0
28,water_hl_gap_eV,57,1.0000001192092896,0.0,0.7086376939722889,0.7086376939722889,,,,1.0
28,water_hl_gap_eV,58,1.0000001192092896,0.0,0.7086376939722889,0.7086376939722889,,,,1.0
28,water_hl_gap_eV,59,1.0000001192092896,0.0,0.7086376939722889,0.7086376939722889,,,,1.0
28,water_hl_gap_eV,60,1.0000001192092896,0.0,0.7086376939722889,0.7086376939722889,,,,1.0
28,water_hl_gap_eV,61,1.0000001192092896,0.0,0.7086376939722889,0.7086376939722889,,,,1.0
28,water_hl_gap_eV,62,1.0000001192092896,0.0,0.7086376939722889,0.7086376939722889,,,,1.0
28,water_hl_gap_eV,63,1.0000001192092896,0.0,0.7086376939722889,0.7086376939722889,,,,1.0
28,water_hl_gap_eV,64,1.0000001192092896,0.0,0.7086376939722889,0.7086376939722889,,,,1.0
28,water_hl_gap_eV,65,1.0000001192092896,0.0,0.7086376939722889,0.7086376939722889,,,,1.0
28,water_hl_gap_eV,66,1.0000001192092896,0.0,0.7086376939722889,0.7086376939722889,,,,1.0
28,water_hl_gap_eV,67,1.0000001192092896,0.0,0.7086376939722889,0.7086376939722889,,,,1.0
28,water_hl_gap_eV,68,1.0000001192092896,0.0,0.7086376939722889,0.7086376939722889,,,,1.0
28,water_hl_gap_eV,69,1.0000001192092896,0.0,0.7086376939722889,0.7086376939722889,,,,1.0
28,water_hl_gap_eV,70,1.0000001192092896,0.0,0.7086376939722889,0.7086376939722889,,,,1.0
28,water_hl_gap_eV,71,1.0000001192092896,0.0,0.7086376939722889,0.7086376939722889,,,,1.0
28,water_hl_gap_eV,72,1.0000001192092896,0.0,0.7086376939722889,0.7086376939722889,,,,1.0
28,water_hl_gap_eV,73,1.0000001192092896,0.0,0.7086376939722889,0.7086376939722889,,,,1.0
28,water_hl_gap_eV,74,1.0000001192092896,0.0,0.7086376939722889,0.7086376939722889,,,,1.0
28,water_hl_gap_eV,75,1.0000001192092896,0.0,0.7086376939722889,0.7086376939722889,,,,1.0
28,water_hl_gap_eV,76,1.0000001192092896,0.0,0.7086376939722889,0.7086376939722889,,,,1.0
28,water_hl_gap_eV,77,1.0000001192092896,0.0,0.7086376939722889,0.7086376939722889,,,,1.0
28,water_hl_gap_eV,78,1.0000001192092896,0.0,0.7086376939722889,0.7086376939722889,,,,1.0
28,water_hl_gap_eV,79,1.0000001192092896,0.0,0.7086376939722889,0.7086376939722889,,,,1.0
28,water_hl_gap_eV,80,1.0000001192092896,0.0,0.7086376939722889,0.7086376939722889,,,,1.0
28,water_hl_gap_eV,81,1.0000001192092896,0.0,0.7086376939722889,0.7086376939722889,,,,1.0
28,water_hl_gap_eV,82,1.0000001192092896,0.0,0.7086376939722889,0.7086376939722889,,,,1.0
28,water_hl_gap_eV,83,1.0000001192092896,0.0,0.7086376939722889,0.7086376939722889,,,,1.0
28,water_hl_gap_eV,84,1.0000001192092896,0.0,0.7086376939722889,0.7086376939722889,,,,1.0
28,water_hl_gap_eV,85,1.0000001192092896,0.0,0.7086376939722889,0.7086376939722889,,,,1.0
28,water_hl_gap_eV,86,1.0000001192092896,0.0,0.7086376939722889,0.7086376939722889,,,,1.0
28,water_hl_gap_eV,87,1.0000001192092896,0.0,0.7086376939722889,0.7086376939722889,,,,1.0
28,water_hl_gap_eV,88,1.0000001192092896,0.0,0.7086376939722889,0.7086376939722889,,,,1.0
28,water_hl_gap_eV,89,1.0000001192092896,0.0,0.7086376939722889,0.7086376939722889,,,,1.0
28,water_hl_gap_eV,90,1.0000001192092896,0.0,0.7086376939722889,0.7086376939722889,,,,1.0
28,water_hl_gap_eV,91,1.0000001192092896,0.0,0.7086376939722889,0.7086376939722889,,,,1.0
28,water_hl_gap_eV,92,1.0000001192092896,0.0,0.7086376939722889,0.7086376939722889,,,,1.0
28,water_hl_gap_eV,93,1.0000001192092896,0.0,0.7086376939722889,0.7086376939722889,,,,1.0
28,water_hl_gap_eV,94,1.0000001192092896,0.0,0.7086376939722889,0.7086376939722889,,,,1.0
28,water_hl_gap_eV,95,1.0000001192092896,0.0,0.7086376939722889,0.7086376939722889,,,,1.0
28,water_hl_gap_eV,96,1.0000001192092896,0.0,0.7086376939722889,0.7086376939722889,,,,1.0
28,water_hl_gap_eV,97,1.0000001192092896,0.0,0.7086376939722889,0.7086376939722889,,,,1.0
28,water_hl_gap_eV,98,1.0000001192092896,0.0,0.7086376939722889,0.7086376939722889,,,,1.0
28,water_hl_gap_eV,99,1.0000001192092896,0.0,0.7086376939722889,0.7086376939722889,,,,1.0
28,water_hl_gap_eV,100,1.0000001192092896,0.0,0.7086376939722889,0.7086376939722889,,,,1.0
28,water_hl_gap_eV,101,1.0000001192092896,0.0,0.7086376939722889,0.7086376939722889,,,,1.0
28,water_hl_gap_eV,102,1.0000001192092896,0.0,0.7086376939722889,0.7086376939722889,,,,1.0
28,water_hl_gap_eV,103,1.0000001192092896,0.0,0.7086376939722889,0.7086376939722889,,,,1.0
28,water_hl_gap_eV,104,1.0000001192092896,0.0,0.7086376939722889,0.7086376939722889,,,,1.0
28,water_hl_gap_eV,105,1.0000001192092896,0.0,0.7086376939722889,0.7086376939722889,,,,1.0
28,water_hl_gap_eV,106,1.0000001192092896,0.0,0.7086376939722889,0.7086376939722889,,,,1.0
28,water_hl_gap_eV,107,1.0000001192092896,0.0,0.7086376939722889,0.7086376939722889,,,,1.0
28,water_hl_gap_eV,108,1.0000001192092896,0.0,0.7086376939722889,0.7086376939722889,,,,1.0
28,water_hl_gap_eV,109,1.0000001192092896,0.0,0.7086376939722889,0.7086376939722889,,,,1.0
28,water_hl_gap_eV,110,1.0000001192092896,0.0,0.7086376939722889,0.7086376939722889,,,,1.0
28,water_hl_gap_eV,111,1.0000001192092896,0.0,0.7086376939722889,0.7086376939722889,,,,1.0
28,water_hl_gap_eV,112,1.0000001192092896,0.0,0.7086376939722889,0.7086376939722889,,,,1.0
28,water_hl_gap_eV,113,1.0000001192092896,0.0,0.7086376939722889,0.7086376939722889,,,,1.0
28,water_hl_gap_eV,114,1.0000001192092896,0.0,0.7086376939722889,0.7086376939722889,,,,1.0
28,water_hl_gap_eV,115,1.0000001192092896,0.0,0.7086376939722889,0.7086376939722889,,,,1.0
28,water_hl_gap_eV,116,1.0000001192092896,0.0,0.7086376939722889,0.7086376939722889,,,,1.0
28,water_hl_gap_eV,117,1.0000001192092896,0.0,0.7086376939722889,0.7086376939722889,,,,1.0
28,water_hl_gap_eV,118,1.0000001192092896,0.0,0.7086376939722889,0.7086376939722889,,,,1.0
28,water_hl_gap_eV,119,1.0000001192092896,0.0,0.7086376939722889,0.7086376939722889,,,,1.0
28,water_hl_gap_eV,120,1.0000001192092896,0.0,0.7086376939722889,0.7086376939722889,,,,1.0
28,water_hl_gap_eV,121,1.0000001192092896,0.0,0.7086376939722889,0.7086376939722889,,,,1.0
28,water_hl_gap_eV,122,1.0000001192092896,0.0,0.7086376939722889,0.7086376939722889,,,,1.0
28,water_hl_gap_eV,123,1.0000001192092896,0.0,0.7086376939722889,0.7086376939722889,,,,1.0
28,water_hl_gap_eV,124,1.0000001192092896,0.0,0.7086376939722889,0.7086376939722889,,,,1.0
28,water_hl_gap_eV,125,1.0000001192092896,0.0,0.7086376939722889,0.7086376939722889,,,,1.0
28,water_hl_gap_eV,126,1.0000001192092896,0.0,0.7086376939722889,0.7086376939722889,,,,1.0
28,water_hl_gap_eV,127,1.0000001192092896,0.0,0.7086376939722889,0.7086376939722889,,,,1.0
28,water_hl_gap_eV,128,1.0000001192092896,0.0,0.7086376939722889,0.7086376939722889,,,,1.0
28,water_hl_gap_eV,129,1.0000001192092896,0.0,0.7086376939722889,0.7086376939722889,,,,1.0
28,water_hl_gap_eV,130,1.0000001192092896,0.0,0.7086376939722889,0.7086376939722889,,,,1.0
28,water_hl_gap_eV,131,1.0000001192092896,0.0,0.7086376939722889,0.7086376939722889,,,,1.0
28,water_hl_gap_eV,132,1.0000001192092896,0.0,0.7086376939722889,0.7086376939722889,,,,1.0
28,water_hl_gap_eV,133,1.0000001192092896,0.0,0.7086376939722889,0.7086376939722889,,,,1.0
28,water_hl_gap_eV,134,1.0000001192092896,0.0,0.7086376939722889,0.7086376939722889,,,,1.0
28,water_hl_gap_eV,135,1.0000001192092896,0.0,0.7086376939722889,0.7086376939722889,,,,1.0
28,water_hl_gap_eV,136,1.0000001192092896,0.0,0.7086376939722889,0.7086376939722889,,,,1.0
28,water_hl_gap_eV,137,1.0000001192092896,0.0,0.7086376939722889,0.7086376939722889,,,,1.0
28,water_hl_gap_eV,138,1.0000001192092896,0.0,0.7086376939722889,0.7086376939722889,,,,1.0
28,water_hl_gap_eV,139,1.0000001192092896,0.0,0.7086376939722889,0.7086376939722889,,,,1.0
28,water_hl_gap_eV,140,1.0000001192092896,0.0,0.7086376939722889,0.7086376939722889,,,,1.0
28,water_hl_gap_eV,141,1.0000001192092896,0.0,0.7086376939722889,0.7086376939722889,,,,1.0
28,water_hl_gap_eV,142,1.0000001192092896,0.0,0.7086376939722889,0.7086376939722889,,,,1.0
28,water_hl_gap_eV,143,1.0000001192092896,0.0,0.7086376939722889,0.7086376939722889,,,,1.0
28,water_hl_gap_eV,144,1.0000001192092896,0.0,0.7086376939722889,0.7086376939722889,,,,1.0
28,water_hl_gap_eV,145,1.0000001192092896,0.0,0.7086376939722889,0.7086376939722889,,,,1.0
28,water_hl_gap_eV,146,1.0000001192092896,0.0,0.7086376939722889,0.7086376939722889,,,,1.0
28,water_hl_gap_eV,147,1.0000001192092896,0.0,0.7086376939722889,0.7086376939722889,,,,1.0
28,water_hl_gap_eV,148,1.0000001192092896,0.0,0.7086376939722889,0.7086376939722889,,,,1.0
28,water_hl_gap_eV,149,1.0000001192092896,0.0,0.7086376939722889,0.7086376939722889,,,,1.0
28,water_hl_gap_eV,150,1.0000001192092896,0.0,0.7086376939722889,0.7086376939722889,,,,1.0
28,water_hl_gap_eV,151,1.0000001192092896,0.0,0.7086376939722889,0.7086376939722889,,,,1.0
28,water_hl_gap_eV,152,1.0000001192092896,0.0,0.7086376939722889,0.7086376939722889,,,,1.0
28,water_hl_gap_eV,153,1.0000001192092896,0.0,0.7086376939722889,0.7086376939722889,,,,1.0
28,water_hl_gap_eV,154,1.0000001192092896,0.0,0.7086376939722889,0.7086376939722889,,,,1.0
28,water_hl_gap_eV,155,1.0000001192092896,0.0,0.7086376939722889,0.7086376939722889,,,,1.0
28,water_hl_gap_eV,156,1.0000001192092896,0.0,0.7086376939722889,0.7086376939722889,,,,1.0
28,water_hl_gap_eV,157,1.0000001192092896,0.0,0.7086376939722889,0.7086376939722889,,,,1.0
28,water_hl_gap_eV,158,1.0000001192092896,0.0,0.7086376939722889,0.7086376939722889,,,,1.0
28,water_hl_gap_eV,159,1.0000001192092896,0.0,0.7086376939722889,0.7086376939722889,,,,1.0
28,water_hl_gap_eV,160,1.0000001192092896,0.0,0.7086376939722889,0.7086376939722889,,,,1.0
28,water_hl_gap_eV,161,1.0000001192092896,0.0,0.7086376939722889,0.7086376939722889,,,,1.0
28,water_hl_gap_eV,162,1.0000001192092896,0.0,0.7086376939722889,0.7086376939722889,,,,1.0
28,water_hl_gap_eV,163,1.0000001192092896,0.0,0.7086376939722889,0.7086376939722889,,,,1.0
28,water_hl_gap_eV,164,1.0000001192092896,0.0,0.7086376939722889,0.7086376939722889,,,,1.0
28,water_hl_gap_eV,165,1.0000001192092896,0.0,0.7086376939722889,0.7086376939722889,,,,1.0
28,water_hl_gap_eV,166,1.0000001192092896,0.0,0.7086376939722889,0.7086376939722889,,,,1.0
28,water_hl_gap_eV,167,1.0000001192092896,0.0,0.7086376939722889,0.7086376939722889,,,,1.0
28,water_hl_gap_eV,168,1.0000001192092896,0.0,0.7086376939722889,0.7086376939722889,,,,1.0
28,water_hl_gap_eV,169,1.0000001192092896,0.0,0.7086376939722889,0.7086376939722889,,,,1.0
28,water_hl_gap_eV,170,1.0000001192092896,0.0,0.7086376939722889,0.7086376939722889,,,,1.0
28,water_hl_gap_eV,171,1.0000001192092896,0.0,0.7086376939722889,0.7086376939722889,,,,1.0
28,water_hl_gap_eV,172,1.0000001192092896,0.0,0.7086376939722889,0.7086376939722889,,,,1.0
28,water_hl_gap_eV,173,1.0000001192092896,0.0,0.7086376939722889,0.7086376939722889,,,,1.0
28,water_hl_gap_eV,174,1.0000001192092896,0.0,0.7086376939722889,0.7086376939722889,,,,1.0
28,water_hl_gap_eV,175,1.0000001192092896,0.0,0.7086376939722889,0.7086376939722889,,,,1.0
28,water_hl_gap_eV,176,1.0000001192092896,0.0,0.7086376939722889,0.7086376939722889,,,,1.0
28,water_hl_gap_eV,177,1.0000001192092896,0.0,0.7086376939722889,0.7086376939722889,,,,1.0
28,water_hl_gap_eV,178,1.0000001192092896,0.0,0.7086376939722889,0.7086376939722889,,,,1.0
28,water_hl_gap_eV,179,1.0000001192092896,0.0,0.7086376939722889,0.7086376939722889,,,,1.0
28,water_hl_gap_eV,180,1.0000001192092896,0.0,0.7086376939722889,0.7086376939722889,,,,1.0
28,water_hl_gap_eV,181,1.0000001192092896,0.0,0.7086376939722889,0.7086376939722889,,,,1.0
28,water_hl_gap_eV,182,1.0000001192092896,0.0,0.7086376939722889,0.7086376939722889,,,,1.0
28,water_hl_gap_eV,183,1.0000001192092896,0.0,0.7086376939722889,0.7086376939722889,,,,1.0
28,water_hl_gap_eV,184,1.0000001192092896,0.0,0.7086376939722889,0.7086376939722889,,,,1.0
28,water_hl_gap_eV,185,1.0000001192092896,0.0,0.7086376939722889,0.7086376939722889,,,,1.0
28,water_hl_gap_eV,186,1.0000001192092896,0.0,0.7086376939722889,0.7086376939722889,,,,1.0
28,water_hl_gap_eV,187,1.0000001192092896,0.0,0.7086376939722889,0.7086376939722889,,,,1.0
28,water_hl_gap_eV,188,1.0000001192092896,0.0,0.7086376939722889,0.7086376939722889,,,,1.0
28,water_hl_gap_eV,189,1.0000001192092896,0.0,0.7086376939722889,0.7086376939722889,,,,1.0
28,water_hl_gap_eV,190,1.0000001192092896,0.0,0.7086376939722889,0.7086376939722889,,,,1.0
28,water_hl_gap_eV,191,1.0000001192092896,0.0,0.7086376939722889,0.7086376939722889,,,,1.0
28,water_hl_gap_eV,192,1.0000001192092896,0.0,0.7086376939722889,0.7086376939722889,,,,1.0
28,water_hl_gap_eV,193,1.0000001192092896,0.0,0.7086376939722889,0.7086376939722889,,,,1.0
28,water_hl_gap_eV,194,1.0000001192092896,0.0,0.7086376939722889,0.7086376939722889,,,,1.0
28,water_hl_gap_eV,195,1.0000001192092896,0.0,0.7086376939722889,0.7086376939722889,,,,1.0
28,water_hl_gap_eV,196,1.0000001192092896,0.0,0.7086376939722889,0.7086376939722889,,,,1.0
28,water_hl_gap_eV,197,1.0000001192092896,0.0,0.7086376939722889,0.7086376939722889,,,,1.0
28,water_hl_gap_eV,198,1.0000001192092896,0.0,0.7086376939722889,0.7086376939722889,,,,1.0
28,water_hl_gap_eV,199,1.0000001192092896,0.0,0.7086376939722889,0.7086376939722889,,,,1.0
28,water_hl_gap_eV,200,1.0000001192092896,0.0,0.7086376939722889,0.7086376939722889,,,,1.0
28,water_hl_gap_eV,201,1.0000001192092896,0.0,0.7086376939722889,0.7086376939722889,,,,1.0
28,water_hl_gap_eV,202,1.0000001192092896,0.0,0.7086376939722889,0.7086376939722889,,,,1.0
28,water_hl_gap_eV,203,1.0000001192092896,0.0,0.7086376939722889,0.7086376939722889,,,,1.0
28,water_hl_gap_eV,204,1.0000001192092896,0.0,0.7086376939722889,0.7086376939722889,,,,1.0
28,water_hl_gap_eV,205,1.0000001192092896,0.0,0.7086376939722889,0.7086376939722889,,,,1.0
28,water_hl_gap_eV,206,1.0000001192092896,0.0,0.7086376939722889,0.7086376939722889,,,,1.0
28,water_hl_gap_eV,207,1.0000001192092896,0.0,0.7086376939722889,0.7086376939722889,,,,1.0
28,water_hl_gap_eV,208,1.0000001192092896,0.0,0.7086376939722889,0.7086376939722889,,,,1.0
28,water_hl_gap_eV,209,1.0000001192092896,0.0,0.7086376939722889,0.7086376939722889,,,,1.0
28,water_hl_gap_eV,210,1.0000001192092896,0.0,0.7086376939722889,0.7086376939722889,,,,1.0
28,water_hl_gap_eV,211,1.0000001192092896,0.0,0.7086376939722889,0.7086376939722889,,,,1.0
28,water_hl_gap_eV,212,1.0000001192092896,0.0,0.7086376939722889,0.7086376939722889,,,,1.0
28,water_hl_gap_eV,213,1.0000001192092896,0.0,0.7086376939722889,0.7086376939722889,,,,1.0
28,water_hl_gap_eV,214,1.0000001192092896,0.0,0.7086376939722889,0.7086376939722889,,,,1.0
28,water_hl_gap_eV,215,1.0000001192092896,0.0,0.7086376939722889,0.7086376939722889,,,,1.0
28,water_hl_gap_eV,216,1.0000001192092896,0.0,0.7086376939722889,0.7086376939722889,,,,1.0
28,water_hl_gap_eV,217,1.0000001192092896,0.0,0.7086376939722889,0.7086376939722889,,,,1.0
28,water_hl_gap_eV,218,1.0000001192092896,0.0,0.7086376939722889,0.7086376939722889,,,,1.0
28,water_hl_gap_eV,219,1.0000001192092896,0.0,0.7086376939722889,0.7086376939722889,,,,1.0
28,water_hl_gap_eV,220,1.0000001192092896,0.0,0.7086376939722889,0.7086376939722889,,,,1.0
28,water_hl_gap_eV,221,1.0000001192092896,0.0,0.7086376939722889,0.7086376939722889,,,,1.0
28,water_hl_gap_eV,222,1.0000001192092896,0.0,0.7086376939722889,0.7086376939722889,,,,1.0
28,water_hl_gap_eV,223,1.0000001192092896,0.0,0.7086376939722889,0.7086376939722889,,,,1.0
28,water_hl_gap_eV,224,1.0000001192092896,0.0,0.7086376939722889,0.7086376939722889,,,,1.0
28,water_hl_gap_eV,225,1.0000001192092896,0.0,0.7086376939722889,0.7086376939722889,,,,1.0
28,water_hl_gap_eV,226,1.0000001192092896,0.0,0.7086376939722889,0.7086376939722889,,,,1.0
28,water_hl_gap_eV,227,1.0000001192092896,0.0,0.7086376939722889,0.7086376939722889,,,,1.0
28,water_hl_gap_eV,228,1.0000001192092896,0.0,0.7086376939722889,0.7086376939722889,,,,1.0
28,water_hl_gap_eV,229,1.0000001192092896,0.0,0.7086376939722889,0.7086376939722889,,,,1.0
28,water_hl_gap_eV,230,1.0000001192092896,0.0,0.7086376939722889,0.7086376939722889,,,,1.0
28,water_hl_gap_eV,231,1.0000001192092896,0.0,0.7086376939722889,0.7086376939722889,,,,1.0
28,water_hl_gap_eV,232,1.0000001192092896,0.0,0.7086376939722889,0.7086376939722889,,,,1.0
28,water_hl_gap_eV,233,1.0000001192092896,0.0,0.7086376939722889,0.7086376939722889,,,,1.0
28,water_hl_gap_eV,234,1.0000001192092896,0.0,0.7086376939722889,0.7086376939722889,,,,1.0
28,water_hl_gap_eV,235,1.0000001192092896,0.0,0.7086376939722889,0.7086376939722889,,,,1.0
28,water_hl_gap_eV,236,1.0000001192092896,0.0,0.7086376939722889,0.7086376939722889,,,,1.0
28,water_hl_gap_eV,237,1.0000001192092896,0.0,0.7086376939722889,0.7086376939722889,,,,1.0
28,water_hl_gap_eV,238,1.0000001192092896,0.0,0.7086376939722889,0.7086376939722889,,,,1.0
28,water_hl_gap_eV,239,1.0000001192092896,0.0,0.7086376939722889,0.7086376939722889,,,,1.0
28,water_hl_gap_eV,240,1.0000001192092896,0.0,0.7086376939722889,0.7086376939722889,,,,1.0
28,water_hl_gap_eV,241,1.0000001192092896,0.0,0.7086376939722889,0.7086376939722889,,,,1.0
28,water_hl_gap_eV,242,1.0000001192092896,0.0,0.7086376939722889,0.7086376939722889,,,,1.0
28,water_hl_gap_eV,243,1.0000001192092896,0.0,0.7086376939722889,0.7086376939722889,,,,1.0
28,water_hl_gap_eV,244,1.0000001192092896,0.0,0.7086376939722889,0.7086376939722889,,,,1.0
28,water_hl_gap_eV,245,1.0000001192092896,0.0,0.7086376939722889,0.7086376939722889,,,,1.0
28,water_hl_gap_eV,246,1.0000001192092896,0.0,0.7086376939722889,0.7086376939722889,,,,1.0
28,water_hl_gap_eV,247,1.0000001192092896,0.0,0.7086376939722889,0.7086376939722889,,,,1.0
28,water_hl_gap_eV,248,1.0000001192092896,0.0,0.7086376939722889,0.7086376939722889,,,,1.0
28,water_hl_gap_eV,249,1.0000001192092896,0.0,0.7086376939722889,0.7086376939722889,,,,1.0
28,water_dipole,0,1.0000001192092896,0.0,0.6070502190541303,0.6070502190541303,,,,1.0
28,water_dipole,1,1.0000001192092896,0.0,0.6070502190541303,0.6070502190541303,,,,1.0
28,water_dipole,2,1.0000001192092896,0.0,0.6070502190541303,0.6070502190541303,,,,1.0
28,water_dipole,3,1.0000001192092896,0.0,0.6070502190541303,0.6070502190541303,,,,1.0
28,water_dipole,4,1.0000001192092896,0.0,0.6070502190541303,0.6070502190541303,,,,1.0
28,water_dipole,5,1.0000001192092896,0.0,0.6070502190541303,0.6070502190541303,,,,1.0
28,water_dipole,6,1.0000001192092896,0.0,0.6070502190541303,0.6070502190541303,,,,1.0
28,water_dipole,7,1.0000001192092896,0.0,0.6070502190541303,0.6070502190541303,,,,1.0
28,water_dipole,8,1.0000001192092896,0.0,0.6070502190541303,0.6070502190541303,,,,1.0
28,water_dipole,9,1.0000001192092896,0.0,0.6070502190541303,0.6070502190541303,,,,1.0
28,water_dipole,10,1.0000001192092896,0.0,0.6070502190541303,0.6070502190541303,,,,1.0
28,water_dipole,11,1.0000001192092896,0.0,0.6070502190541303,0.6070502190541303,,,,1.0
28,water_dipole,12,1.0000001192092896,0.0,0.6070502190541303,0.6070502190541303,,,,1.0
28,water_dipole,13,1.0000001192092896,0.0,0.6070502190541303,0.6070502190541303,,,,1.0
28,water_dipole,14,1.0000001192092896,0.0,0.6070502190541303,0.6070502190541303,,,,1.0
28,water_dipole,15,1.0000001192092896,0.0,0.6070502190541303,0.6070502190541303,,,,1.0
28,water_dipole,16,1.0000001192092896,0.0,0.6070502190541303,0.6070502190541303,,,,1.0
28,water_dipole,17,1.0000001192092896,0.0,0.6070502190541303,0.6070502190541303,,,,1.0
28,water_dipole,18,1.0000001192092896,0.0,0.6070502190541303,0.6070502190541303,,,,1.0
28,water_dipole,19,1.0000001192092896,0.0,0.6070502190541303,0.6070502190541303,,,,1.0
28,water_dipole,20,1.0000001192092896,0.0,0.6070502190541303,0.6070502190541303,,,,1.0
28,water_dipole,21,1.0000001192092896,0.0,0.6070502190541303,0.6070502190541303,,,,1.0
28,water_dipole,22,1.0000001192092896,0.0,0.6070502190541303,0.6070502190541303,,,,1.0
28,water_dipole,23,1.0000001192092896,0.0,0.6070502190541303,0.6070502190541303,,,,1.0
28,water_dipole,24,1.0000001192092896,0.0,0.6070502190541303,0.6070502190541303,,,,1.0
28,water_dipole,25,1.0000001192092896,0.0,0.6070502190541303,0.6070502190541303,,,,1.0
28,water_dipole,26,1.0000001192092896,0.0,0.6070502190541303,0.6070502190541303,,,,1.0
28,water_dipole,27,1.0000001192092896,0.0,0.6070502190541303,0.6070502190541303,,,,1.0
28,water_dipole,28,1.0000001192092896,0.0,0.6070502190541303,0.6070502190541303,,,,1.0
28,water_dipole,29,1.0000001192092896,0.0,0.6070502190541303,0.6070502190541303,,,,1.0
28,water_dipole,30,1.0000001192092896,0.0,0.6070502190541303,0.6070502190541303,,,,1.0
28,water_dipole,31,1.0000001192092896,0.0,0.6070502190541303,0.6070502190541303,,,,1.0
28,water_dipole,32,1.0000001192092896,0.0,0.6070502190541303,0.6070502190541303,,,,1.0
28,water_dipole,33,1.0000001192092896,0.0,0.6070502190541303,0.6070502190541303,,,,1.0
28,water_dipole,34,1.0000001192092896,0.0,0.6070502190541303,0.6070502190541303,,,,1.0
28,water_dipole,35,1.0000001192092896,0.0,0.6070502190541303,0.6070502190541303,,,,1.0
28,water_dipole,36,1.0000001192092896,0.0,0.6070502190541303,0.6070502190541303,,,,1.0
28,water_dipole,37,1.0000001192092896,0.0,0.6070502190541303,0.6070502190541303,,,,1.0
28,water_dipole,38,1.0000001192092896,0.0,0.6070502190541303,0.6070502190541303,,,,1.0
28,water_dipole,39,1.0000001192092896,0.0,0.6070502190541303,0.6070502190541303,,,,1.0
28,water_dipole,40,1.0000001192092896,0.0,0.6070502190541303,0.6070502190541303,,,,1.0
28,water_dipole,41,1.0000001192092896,0.0,0.6070502190541303,0.6070502190541303,,,,1.0
28,water_dipole,42,1.0000001192092896,0.0,0.6070502190541303,0.6070502190541303,,,,1.0
28,water_dipole,43,1.0000001192092896,0.0,0.6070502190541303,0.6070502190541303,,,,1.0
28,water_dipole,44,1.0000001192092896,0.0,0.6070502190541303,0.6070502190541303,,,,1.0
28,water_dipole,45,1.0000001192092896,0.0,0.6070502190541303,0.6070502190541303,,,,1.0
28,water_dipole,46,1.0000001192092896,0.0,0.6070502190541303,0.6070502190541303,,,,1.0
28,water_dipole,47,1.0000001192092896,0.0,0.6070502190541303,0.6070502190541303,,,,1.0
28,water_dipole,48,1.0000001192092896,0.0,0.6070502190541303,0.6070502190541303,,,,1.0
28,water_dipole,49,1.0000001192092896,0.0,0.6070502190541303,0.6070502190541303,,,,1.0
28,water_dipole,50,1.0000001192092896,0.0,0.6070502190541303,0.6070502190541303,,,,1.0
28,water_dipole,51,1.0000001192092896,0.0,0.6070502190541303,0.6070502190541303,,,,1.0
28,water_dipole,52,1.0000001192092896,0.0,0.6070502190541303,0.6070502190541303,,,,1.0
28,water_dipole,53,1.0000001192092896,0.0,0.6070502190541303,0.6070502190541303,,,,1.0
28,water_dipole,54,1.0000001192092896,0.0,0.6070502190541303,0.6070502190541303,,,,1.0
28,water_dipole,55,1.0000001192092896,0.0,0.6070502190541303,0.6070502190541303,,,,1.0
28,water_dipole,56,1.0000001192092896,0.0,0.6070502190541303,0.6070502190541303,,,,1.0
28,water_dipole,57,1.0000001192092896,0.0,0.6070502190541303,0.6070502190541303,,,,1.0
28,water_dipole,58,1.0000001192092896,0.0,0.6070502190541303,0.6070502190541303,,,,1.0
28,water_dipole,59,1.0000001192092896,0.0,0.6070502190541303,0.6070502190541303,,,,1.0
28,water_dipole,60,1.0000001192092896,0.0,0.6070502190541303,0.6070502190541303,,,,1.0
28,water_dipole,61,1.0000001192092896,0.0,0.6070502190541303,0.6070502190541303,,,,1.0
28,water_dipole,62,1.0000001192092896,0.0,0.6070502190541303,0.6070502190541303,,,,1.0
28,water_dipole,63,1.0000001192092896,0.0,0.6070502190541303,0.6070502190541303,,,,1.0
28,water_dipole,64,1.0000001192092896,0.0,0.6070502190541303,0.6070502190541303,,,,1.0
28,water_dipole,65,1.0000001192092896,0.0,0.6070502190541303,0.6070502190541303,,,,1.0
28,water_dipole,66,1.0000001192092896,0.0,0.6070502190541303,0.6070502190541303,,,,1.0
28,water_dipole,67,1.0000001192092896,0.0,0.6070502190541303,0.6070502190541303,,,,1.0
28,water_dipole,68,1.0000001192092896,0.0,0.6070502190541303,0.6070502190541303,,,,1.0
28,water_dipole,69,1.0000001192092896,0.0,0.6070502190541303,0.6070502190541303,,,,1.0
28,water_dipole,70,1.0000001192092896,0.0,0.6070502190541303,0.6070502190541303,,,,1.0
28,water_dipole,71,1.0000001192092896,0.0,0.6070502190541303,0.6070502190541303,,,,1.0
28,water_dipole,72,1.0000001192092896,0.0,0.6070502190541303,0.6070502190541303,,,,1.0
28,water_dipole,73,1.0000001192092896,0.0,0.6070502190541303,0.6070502190541303,,,,1.0
28,water_dipole,74,1.0000001192092896,0.0,0.6070502190541303,0.6070502190541303,,,,1.0
28,water_dipole,75,1.0000001192092896,0.0,0.6070502190541303,0.6070502190541303,,,,1.0
28,water_dipole,76,1.0000001192092896,0.0,0.6070502190541303,0.6070502190541303,,,,1.0
28,water_dipole,77,1.0000001192092896,0.0,0.6070502190541303,0.6070502190541303,,,,1.0
28,water_dipole,78,1.0000001192092896,0.0,0.6070502190541303,0.6070502190541303,,,,1.0
28,water_dipole,79,1.0000001192092896,0.0,0.6070502190541303,0.6070502190541303,,,,1.0
28,water_dipole,80,1.0000001192092896,0.0,0.6070502190541303,0.6070502190541303,,,,1.0
28,water_dipole,81,1.0000001192092896,0.0,0.6070502190541303,0.6070502190541303,,,,1.0
28,water_dipole,82,1.0000001192092896,0.0,0.6070502190541303,0.6070502190541303,,,,1.0
28,water_dipole,83,1.0000001192092896,0.0,0.6070502190541303,0.6070502190541303,,,,1.0
28,water_dipole,84,1.0000001192092896,0.0,0.6070502190541303,0.6070502190541303,,,,1.0
28,water_dipole,85,1.0000001192092896,0.0,0.6070502190541303,0.6070502190541303,,,,1.0
28,water_dipole,86,1.0000001192092896,0.0,0.6070502190541303,0.6070502190541303,,,,1.0
28,water_dipole,87,1.0000001192092896,0.0,0.6070502190541303,0.6070502190541303,,,,1.0
28,water_dipole,88,1.0000001192092896,0.0,0.6070502190541303,0.6070502190541303,,,,1.0
28,water_dipole,89,1.0000001192092896,0.0,0.6070502190541303,0.6070502190541303,,,,1.0
28,water_dipole,90,1.0000001192092896,0.0,0.6070502190541303,0.6070502190541303,,,,1.0
28,water_dipole,91,1.0000001192092896,0.0,0.6070502190541303,0.6070502190541303,,,,1.0
28,water_dipole,92,1.0000001192092896,0.0,0.6070502190541303,0.6070502190541303,,,,1.0
28,water_dipole,93,1.0000001192092896,0.0,0.6070502190541303,0.6070502190541303,,,,1.0
28,water_dipole,94,1.0000001192092896,0.0,0.6070502190541303,0.6070502190541303,,,,1.0
28,water_dipole,95,1.0000001192092896,0.0,0.6070502190541303,0.6070502190541303,,,,1.0
28,water_dipole,96,1.0000001192092896,0.0,0.6070502190541303,0.6070502190541303,,,,1.0
28,water_dipole,97,1.0000001192092896,0.0,0.6070502190541303,0.6070502190541303,,,,1.0
28,water_dipole,98,1.0000001192092896,0.0,0.6070502190541303,0.6070502190541303,,,,1.0
28,water_dipole,99,1.0000001192092896,0.0,0.6070502190541303,0.6070502190541303,,,,1.0
28,water_dipole,100,1.0000001192092896,0.0,0.6070502190541303,0.6070502190541303,,,,1.0
28,water_dipole,101,1.0000001192092896,0.0,0.6070502190541303,0.6070502190541303,,,,1.0
28,water_dipole,102,1.0000001192092896,0.0,0.6070502190541303,0.6070502190541303,,,,1.0
28,water_dipole,103,1.0000001192092896,0.0,0.6070502190541303,0.6070502190541303,,,,1.0
28,water_dipole,104,1.0000001192092896,0.0,0.6070502190541303,0.6070502190541303,,,,1.0
28,water_dipole,105,1.0000001192092896,0.0,0.6070502190541303,0.6070502190541303,,,,1.0
28,water_dipole,106,1.0000001192092896,0.0,0.6070502190541303,0.6070502190541303,,,,1.0
28,water_dipole,107,1.0000001192092896,0.0,0.6070502190541303,0.6070502190541303,,,,1.0
28,water_dipole,108,1.0000001192092896,0.0,0.6070502190541303,0.6070502190541303,,,,1.0
28,water_dipole,109,1.0000001192092896,0.0,0.6070502190541303,0.6070502190541303,,,,1.0
28,water_dipole,110,1.0000001192092896,0.0,0.6070502190541303,0.6070502190541303,,,,1.0
28,water_dipole,111,1.0000001192092896,0.0,0.6070502190541303,0.6070502190541303,,,,1.0
28,water_dipole,112,1.0000001192092896,0.0,0.6070502190541303,0.6070502190541303,,,,1.0
28,water_dipole,113,1.0000001192092896,0.0,0.6070502190541303,0.6070502190541303,,,,1.0
28,water_dipole,114,1.0000001192092896,0.0,0.6070502190541303,0.6070502190541303,,,,1.0
28,water_dipole,115,1.0000001192092896,0.0,0.6070502190541303,0.6070502190541303,,,,1.0
28,water_dipole,116,1.0000001192092896,0.0,0.6070502190541303,0.6070502190541303,,,,1.0
28,water_dipole,117,1.0000001192092896,0.0,0.6070502190541303,0.6070502190541303,,,,1.0
28,water_dipole,118,1.0000001192092896,0.0,0.6070502190541303,0.6070502190541303,,,,1.0
28,water_dipole,119,1.0000001192092896,0.0,0.6070502190541303,0.6070502190541303,,,,1.0
28,water_dipole,120,1.0000001192092896,0.0,0.6070502190541303,0.6070502190541303,,,,1.0
28,water_dipole,121,1.0000001192092896,0.0,0.6070502190541303,0.6070502190541303,,,,1.0
28,water_dipole,122,1.0000001192092896,0.0,0.6070502190541303,0.6070502190541303,,,,1.0
28,water_dipole,123,1.0000001192092896,0.0,0.6070502190541303,0.6070502190541303,,,,1.0
28,water_dipole,124,1.0000001192092896,0.0,0.6070502190541303,0.6070502190541303,,,,1.0
28,water_dipole,125,1.0000001192092896,0.0,0.6070502190541303,0.6070502190541303,,,,1.0
28,water_dipole,126,1.0000001192092896,0.0,0.6070502190541303,0.6070502190541303,,,,1.0
28,water_dipole,127,1.0000001192092896,0.0,0.6070502190541303,0.6070502190541303,,,,1.0
28,water_dipole,128,1.0000001192092896,0.0,0.6070502190541303,0.6070502190541303,,,,1.0
28,water_dipole,129,1.0000001192092896,0.0,0.6070502190541303,0.6070502190541303,,,,1.0
28,water_dipole,130,1.0000001192092896,0.0,0.6070502190541303,0.6070502190541303,,,,1.0
28,water_dipole,131,1.0000001192092896,0.0,0.6070502190541303,0.6070502190541303,,,,1.0
28,water_dipole,132,1.0000001192092896,0.0,0.6070502190541303,0.6070502190541303,,,,1.0
28,water_dipole,133,1.0000001192092896,0.0,0.6070502190541303,0.6070502190541303,,,,1.0
28,water_dipole,134,1.0000001192092896,0.0,0.6070502190541303,0.6070502190541303,,,,1.0
28,water_dipole,135,1.0000001192092896,0.0,0.6070502190541303,0.6070502190541303,,,,1.0
28,water_dipole,136,1.0000001192092896,0.0,0.6070502190541303,0.6070502190541303,,,,1.0
28,water_dipole,137,1.0000001192092896,0.0,0.6070502190541303,0.6070502190541303,,,,1.0
28,water_dipole,138,1.0000001192092896,0.0,0.6070502190541303,0.6070502190541303,,,,1.0
28,water_dipole,139,1.0000001192092896,0.0,0.6070502190541303,0.6070502190541303,,,,1.0
28,water_dipole,140,1.0000001192092896,0.0,0.6070502190541303,0.6070502190541303,,,,1.0
28,water_dipole,141,1.0000001192092896,0.0,0.6070502190541303,0.6070502190541303,,,,1.0
28,water_dipole,142,1.0000001192092896,0.0,0.6070502190541303,0.6070502190541303,,,,1.0
28,water_dipole,143,1.0000001192092896,0.0,0.6070502190541303,0.6070502190541303,,,,1.0
28,water_dipole,144,1.0000001192092896,0.0,0.6070502190541303,0.6070502190541303,,,,1.0
28,water_dipole,145,1.0000001192092896,0.0,0.6070502190541303,0.6070502190541303,,,,1.0
28,water_dipole,146,1.0000001192092896,0.0,0.6070502190541303,0.6070502190541303,,,,1.0
28,water_dipole,147,1.0000001192092896,0.0,0.6070502190541303,0.6070502190541303,,,,1.0
28,water_dipole,148,1.0000001192092896,0.0,0.6070502190541303,0.6070502190541303,,,,1.0
28,water_dipole,149,1.0000001192092896,0.0,0.6070502190541303,0.6070502190541303,,,,1.0
28,water_dipole,150,1.0000001192092896,0.0,0.6070502190541303,0.6070502190541303,,,,1.0
28,water_dipole,151,1.0000001192092896,0.0,0.6070502190541303,0.6070502190541303,,,,1.0
28,water_dipole,152,1.0000001192092896,0.0,0.6070502190541303,0.6070502190541303,,,,1.0
28,water_dipole,153,1.0000001192092896,0.0,0.6070502190541303,0.6070502190541303,,,,1.0
28,water_dipole,154,1.0000001192092896,0.0,0.6070502190541303,0.6070502190541303,,,,1.0
28,water_dipole,155,1.0000001192092896,0.0,0.6070502190541303,0.6070502190541303,,,,1.0
28,water_dipole,156,1.0000001192092896,0.0,0.6070502190541303,0.6070502190541303,,,,1.0
28,water_dipole,157,1.0000001192092896,0.0,0.6070502190541303,0.6070502190541303,,,,1.0
28,water_dipole,158,1.0000001192092896,0.0,0.6070502190541303,0.6070502190541303,,,,1.0
28,water_dipole,159,1.0000001192092896,0.0,0.6070502190541303,0.6070502190541303,,,,1.0
28,water_dipole,160,1.0000001192092896,0.0,0.6070502190541303,0.6070502190541303,,,,1.0
28,water_dipole,161,1.0000001192092896,0.0,0.6070502190541303,0.6070502190541303,,,,1.0
28,water_dipole,162,1.0000001192092896,0.0,0.6070502190541303,0.6070502190541303,,,,1.0
28,water_dipole,163,1.0000001192092896,0.0,0.6070502190541303,0.6070502190541303,,,,1.0
28,water_dipole,164,1.0000001192092896,0.0,0.6070502190541303,0.6070502190541303,,,,1.0
28,water_dipole,165,1.0000001192092896,0.0,0.6070502190541303,0.6070502190541303,,,,1.0
28,water_dipole,166,1.0000001192092896,0.0,0.6070502190541303,0.6070502190541303,,,,1.0
28,water_dipole,167,1.0000001192092896,0.0,0.6070502190541303,0.6070502190541303,,,,1.0
28,water_dipole,168,1.0000001192092896,0.0,0.6070502190541303,0.6070502190541303,,,,1.0
28,water_dipole,169,1.0000001192092896,0.0,0.6070502190541303,0.6070502190541303,,,,1.0
28,water_dipole,170,1.0000001192092896,0.0,0.6070502190541303,0.6070502190541303,,,,1.0
28,water_dipole,171,1.0000001192092896,0.0,0.6070502190541303,0.6070502190541303,,,,1.0
28,water_dipole,172,1.0000001192092896,0.0,0.6070502190541303,0.6070502190541303,,,,1.0
28,water_dipole,173,1.0000001192092896,0.0,0.6070502190541303,0.6070502190541303,,,,1.0
28,water_dipole,174,1.0000001192092896,0.0,0.6070502190541303,0.6070502190541303,,,,1.0
28,water_dipole,175,1.0000001192092896,0.0,0.6070502190541303,0.6070502190541303,,,,1.0
28,water_dipole,176,1.0000001192092896,0.0,0.6070502190541303,0.6070502190541303,,,,1.0
28,water_dipole,177,1.0000001192092896,0.0,0.6070502190541303,0.6070502190541303,,,,1.0
28,water_dipole,178,1.0000001192092896,0.0,0.6070502190541303,0.6070502190541303,,,,1.0
28,water_dipole,179,1.0000001192092896,0.0,0.6070502190541303,0.6070502190541303,,,,1.0
28,water_dipole,180,1.0000001192092896,0.0,0.6070502190541303,0.6070502190541303,,,,1.0
28,water_dipole,181,1.0000001192092896,0.0,0.6070502190541303,0.6070502190541303,,,,1.0
28,water_dipole,182,1.0000001192092896,0.0,0.6070502190541303,0.6070502190541303,,,,1.0
28,water_dipole,183,1.0000001192092896,0.0,0.6070502190541303,0.6070502190541303,,,,1.0
28,water_dipole,184,1.0000001192092896,0.0,0.6070502190541303,0.6070502190541303,,,,1.0
28,water_dipole,185,1.0000001192092896,0.0,0.6070502190541303,0.6070502190541303,,,,1.0
28,water_dipole,186,1.0000001192092896,0.0,0.6070502190541303,0.6070502190541303,,,,1.0
28,water_dipole,187,1.0000001192092896,0.0,0.6070502190541303,0.6070502190541303,,,,1.0
28,water_dipole,188,1.0000001192092896,0.0,0.6070502190541303,0.6070502190541303,,,,1.0
28,water_dipole,189,1.0000001192092896,0.0,0.6070502190541303,0.6070502190541303,,,,1.0
28,water_dipole,190,1.0000001192092896,0.0,0.6070502190541303,0.6070502190541303,,,,1.0
28,water_dipole,191,1.0000001192092896,0.0,0.6070502190541303,0.6070502190541303,,,,1.0
28,water_dipole,192,1.0000001192092896,0.0,0.6070502190541303,0.6070502190541303,,,,1.0
28,water_dipole,193,1.0000001192092896,0.0,0.6070502190541303,0.6070502190541303,,,,1.0
28,water_dipole,194,1.0000001192092896,0.0,0.6070502190541303,0.6070502190541303,,,,1.0
28,water_dipole,195,1.0000001192092896,0.0,0.6070502190541303,0.6070502190541303,,,,1.0
28,water_dipole,196,1.0000001192092896,0.0,0.6070502190541303,0.6070502190541303,,,,1.0
28,water_dipole,197,1.0000001192092896,0.0,0.6070502190541303,0.6070502190541303,,,,1.0
28,water_dipole,198,1.0000001192092896,0.0,0.6070502190541303,0.6070502190541303,,,,1.0
28,water_dipole,199,1.0000001192092896,0.0,0.6070502190541303,0.6070502190541303,,,,1.0
28,water_dipole,200,1.0000001192092896,0.0,0.6070502190541303,0.6070502190541303,,,,1.0
28,water_dipole,201,1.0000001192092896,0.0,0.6070502190541303,0.6070502190541303,,,,1.0
28,water_dipole,202,1.0000001192092896,0.0,0.6070502190541303,0.6070502190541303,,,,1.0
28,water_dipole,203,1.0000001192092896,0.0,0.6070502190541303,0.6070502190541303,,,,1.0
28,water_dipole,204,1.0000001192092896,0.0,0.6070502190541303,0.6070502190541303,,,,1.0
28,water_dipole,205,1.0000001192092896,0.0,0.6070502190541303,0.6070502190541303,,,,1.0
28,water_dipole,206,1.0000001192092896,0.0,0.6070502190541303,0.6070502190541303,,,,1.0
28,water_dipole,207,1.0000001192092896,0.0,0.6070502190541303,0.6070502190541303,,,,1.0
28,water_dipole,208,1.0000001192092896,0.0,0.6070502190541303,0.6070502190541303,,,,1.0
28,water_dipole,209,1.0000001192092896,0.0,0.6070502190541303,0.6070502190541303,,,,1.0
28,water_dipole,210,1.0000001192092896,0.0,0.6070502190541303,0.6070502190541303,,,,1.0
28,water_dipole,211,1.0000001192092896,0.0,0.6070502190541303,0.6070502190541303,,,,1.0
28,water_dipole,212,1.0000001192092896,0.0,0.6070502190541303,0.6070502190541303,,,,1.0
28,water_dipole,213,1.0000001192092896,0.0,0.6070502190541303,0.6070502190541303,,,,1.0
28,water_dipole,214,1.0000001192092896,0.0,0.6070502190541303,0.6070502190541303,,,,1.0
28,water_dipole,215,1.0000001192092896,0.0,0.6070502190541303,0.6070502190541303,,,,1.0
28,water_dipole,216,1.0000001192092896,0.0,0.6070502190541303,0.6070502190541303,,,,1.0
28,water_dipole,217,1.0000001192092896,0.0,0.6070502190541303,0.6070502190541303,,,,1.0
28,water_dipole,218,1.0000001192092896,0.0,0.6070502190541303,0.6070502190541303,,,,1.0
28,water_dipole,219,1.0000001192092896,0.0,0.6070502190541303,0.6070502190541303,,,,1.0
28,water_dipole,220,1.0000001192092896,0.0,0.6070502190541303,0.6070502190541303,,,,1.0
28,water_dipole,221,1.0000001192092896,0.0,0.6070502190541303,0.6070502190541303,,,,1.0
28,water_dipole,222,1.0000001192092896,0.0,0.6070502190541303,0.6070502190541303,,,,1.0
28,water_dipole,223,1.0000001192092896,0.0,0.6070502190541303,0.6070502190541303,,,,1.0
28,water_dipole,224,1.0000001192092896,0.0,0.6070502190541303,0.6070502190541303,,,,1.0
28,water_dipole,225,1.0000001192092896,0.0,0.6070502190541303,0.6070502190541303,,,,1.0
28,water_dipole,226,1.0000001192092896,0.0,0.6070502190541303,0.6070502190541303,,,,1.0
28,water_dipole,227,1.0000001192092896,0.0,0.6070502190541303,0.6070502190541303,,,,1.0
28,water_dipole,228,1.0000001192092896,0.0,0.6070502190541303,0.6070502190541303,,,,1.0
28,water_dipole,229,1.0000001192092896,0.0,0.6070502190541303,0.6070502190541303,,,,1.0
28,water_dipole,230,1.0000001192092896,0.0,0.6070502190541303,0.6070502190541303,,,,1.0
28,water_dipole,231,1.0000001192092896,0.0,0.6070502190541303,0.6070502190541303,,,,1.0
28,water_dipole,232,1.0000001192092896,0.0,0.6070502190541303,0.6070502190541303,,,,1.0
28,water_dipole,233,1.0000001192092896,0.0,0.6070502190541303,0.6070502190541303,,,,1.0
28,water_dipole,234,1.0000001192092896,0.0,0.6070502190541303,0.6070502190541303,,,,1.0
28,water_dipole,235,1.0000001192092896,0.0,0.6070502190541303,0.6070502190541303,,,,1.0
28,water_dipole,236,1.0000001192092896,0.0,0.6070502190541303,0.6070502190541303,,,,1.0
28,water_dipole,237,1.0000001192092896,0.0,0.6070502190541303,0.6070502190541303,,,,1.0
28,water_dipole,238,1.0000001192092896,0.0,0.6070502190541303,0.6070502190541303,,,,1.0
28,water_dipole,239,1.0000001192092896,0.0,0.6070502190541303,0.6070502190541303,,,,1.0
28,water_dipole,240,1.0000001192092896,0.0,0.6070502190541303,0.6070502190541303,,,,1.0
28,water_dipole,241,1.0000001192092896,0.0,0.6070502190541303,0.6070502190541303,,,,1.0
28,water_dipole,242,1.0000001192092896,0.0,0.6070502190541303,0.6070502190541303,,,,1.0
28,water_dipole,243,1.0000001192092896,0.0,0.6070502190541303,0.6070502190541303,,,,1.0
28,water_dipole,244,1.0000001192092896,0.0,0.6070502190541303,0.6070502190541303,,,,1.0
28,water_dipole,245,1.0000001192092896,0.0,0.6070502190541303,0.6070502190541303,,,,1.0
28,water_dipole,246,1.0000001192092896,0.0,0.6070502190541303,0.6070502190541303,,,,1.0
28,water_dipole,247,1.0000001192092896,0.0,0.6070502190541303,0.6070502190541303,,,,1.0
28,water_dipole,248,1.0000001192092896,0.0,0.6070502190541303,0.6070502190541303,,,,1.0
28,water_dipole,249,1.0000001192092896,0.0,0.6070502190541303,0.6070502190541303,,,,1.0
28,acetone_gsolv_eV,0,1.0000001192092896,0.0,0.6467186777026284,0.6467186777026284,,,,1.0
28,acetone_gsolv_eV,1,1.0000001192092896,0.0,0.6467186777026284,0.6467186777026284,,,,1.0
28,acetone_gsolv_eV,2,1.0000001192092896,0.0,0.6467186777026284,0.6467186777026284,,,,1.0
28,acetone_gsolv_eV,3,1.0000001192092896,0.0,0.6467186777026284,0.6467186777026284,,,,1.0
28,acetone_gsolv_eV,4,1.0000001192092896,0.0,0.6467186777026284,0.6467186777026284,,,,1.0
28,acetone_gsolv_eV,5,1.0000001192092896,0.0,0.6467186777026284,0.6467186777026284,,,,1.0
28,acetone_gsolv_eV,6,1.0000001192092896,0.0,0.6467186777026284,0.6467186777026284,,,,1.0
28,acetone_gsolv_eV,7,1.0000001192092896,0.0,0.6467186777026284,0.6467186777026284,,,,1.0
28,acetone_gsolv_eV,8,1.0000001192092896,0.0,0.6467186777026284,0.6467186777026284,,,,1.0
28,acetone_gsolv_eV,9,1.0000001192092896,0.0,0.6467186777026284,0.6467186777026284,,,,1.0
28,acetone_gsolv_eV,10,1.0000001192092896,0.0,0.6467186777026284,0.6467186777026284,,,,1.0
28,acetone_gsolv_eV,11,1.0000001192092896,0.0,0.6467186777026284,0.6467186777026284,,,,1.0
28,acetone_gsolv_eV,12,1.0000001192092896,0.0,0.6467186777026284,0.6467186777026284,,,,1.0
28,acetone_gsolv_eV,13,1.0000001192092896,0.0,0.6467186777026284,0.6467186777026284,,,,1.0
28,acetone_gsolv_eV,14,1.0000001192092896,0.0,0.6467186777026284,0.6467186777026284,,,,1.0
28,acetone_gsolv_eV,15,1.0000001192092896,0.0,0.6467186777026284,0.6467186777026284,,,,1.0
28,acetone_gsolv_eV,16,1.0000001192092896,0.0,0.6467186777026284,0.6467186777026284,,,,1.0
28,acetone_gsolv_eV,17,1.0000001192092896,0.0,0.6467186777026284,0.6467186777026284,,,,1.0
28,acetone_gsolv_eV,18,1.0000001192092896,0.0,0.6467186777026284,0.6467186777026284,,,,1.0
28,acetone_gsolv_eV,19,1.0000001192092896,0.0,0.6467186777026284,0.6467186777026284,,,,1.0
28,acetone_gsolv_eV,20,1.0000001192092896,0.0,0.6467186777026284,0.6467186777026284,,,,1.0
28,acetone_gsolv_eV,21,1.0000001192092896,0.0,0.6467186777026284,0.6467186777026284,,,,1.0
28,acetone_gsolv_eV,22,1.0000001192092896,0.0,0.6467186777026284,0.6467186777026284,,,,1.0
28,acetone_gsolv_eV,23,1.0000001192092896,0.0,0.6467186777026284,0.6467186777026284,,,,1.0
28,acetone_gsolv_eV,24,1.0000001192092896,0.0,0.6467186777026284,0.6467186777026284,,,,1.0
28,acetone_gsolv_eV,25,1.0000001192092896,0.0,0.6467186777026284,0.6467186777026284,,,,1.0
28,acetone_gsolv_eV,26,1.0000001192092896,0.0,0.6467186777026284,0.6467186777026284,,,,1.0
28,acetone_gsolv_eV,27,1.0000001192092896,0.0,0.6467186777026284,0.6467186777026284,,,,1.0
28,acetone_gsolv_eV,28,1.0000001192092896,0.0,0.6467186777026284,0.6467186777026284,,,,1.0
28,acetone_gsolv_eV,29,1.0000001192092896,0.0,0.6467186777026284,0.6467186777026284,,,,1.0
28,acetone_gsolv_eV,30,1.0000001192092896,0.0,0.6467186777026284,0.6467186777026284,,,,1.0
28,acetone_gsolv_eV,31,1.0000001192092896,0.0,0.6467186777026284,0.6467186777026284,,,,1.0
28,acetone_gsolv_eV,32,1.0000001192092896,0.0,0.6467186777026284,0.6467186777026284,,,,1.0
28,acetone_gsolv_eV,33,1.0000001192092896,0.0,0.6467186777026284,0.6467186777026284,,,,1.0
28,acetone_gsolv_eV,34,1.0000001192092896,0.0,0.6467186777026284,0.6467186777026284,,,,1.0
28,acetone_gsolv_eV,35,1.0000001192092896,0.0,0.6467186777026284,0.6467186777026284,,,,1.0
28,acetone_gsolv_eV,36,1.0000001192092896,0.0,0.6467186777026284,0.6467186777026284,,,,1.0
28,acetone_gsolv_eV,37,1.0000001192092896,0.0,0.6467186777026284,0.6467186777026284,,,,1.0
28,acetone_gsolv_eV,38,1.0000001192092896,0.0,0.6467186777026284,0.6467186777026284,,,,1.0
28,acetone_gsolv_eV,39,1.0000001192092896,0.0,0.6467186777026284,0.6467186777026284,,,,1.0
28,acetone_gsolv_eV,40,1.0000001192092896,0.0,0.6467186777026284,0.6467186777026284,,,,1.0
28,acetone_gsolv_eV,41,1.0000001192092896,0.0,0.6467186777026284,0.6467186777026284,,,,1.0
28,acetone_gsolv_eV,42,1.0000001192092896,0.0,0.6467186777026284,0.6467186777026284,,,,1.0
28,acetone_gsolv_eV,43,1.0000001192092896,0.0,0.6467186777026284,0.6467186777026284,,,,1.0
28,acetone_gsolv_eV,44,1.0000001192092896,0.0,0.6467186777026284,0.6467186777026284,,,,1.0
28,acetone_gsolv_eV,45,1.0000001192092896,0.0,0.6467186777026284,0.6467186777026284,,,,1.0
28,acetone_gsolv_eV,46,1.0000001192092896,0.0,0.6467186777026284,0.6467186777026284,,,,1.0
28,acetone_gsolv_eV,47,1.0000001192092896,0.0,0.6467186777026284,0.6467186777026284,,,,1.0
28,acetone_gsolv_eV,48,1.0000001192092896,0.0,0.6467186777026284,0.6467186777026284,,,,1.0
28,acetone_gsolv_eV,49,1.0000001192092896,0.0,0.6467186777026284,0.6467186777026284,,,,1.0
28,acetone_gsolv_eV,50,1.0000001192092896,0.0,0.6467186777026284,0.6467186777026284,,,,1.0
28,acetone_gsolv_eV,51,1.0000001192092896,0.0,0.6467186777026284,0.6467186777026284,,,,1.0
28,acetone_gsolv_eV,52,1.0000001192092896,0.0,0.6467186777026284,0.6467186777026284,,,,1.0
28,acetone_gsolv_eV,53,1.0000001192092896,0.0,0.6467186777026284,0.6467186777026284,,,,1.0
28,acetone_gsolv_eV,54,1.0000001192092896,0.0,0.6467186777026284,0.6467186777026284,,,,1.0
28,acetone_gsolv_eV,55,1.0000001192092896,0.0,0.6467186777026284,0.6467186777026284,,,,1.0
28,acetone_gsolv_eV,56,1.0000001192092896,0.0,0.6467186777026284,0.6467186777026284,,,,1.0
28,acetone_gsolv_eV,57,1.0000001192092896,0.0,0.6467186777026284,0.6467186777026284,,,,1.0
28,acetone_gsolv_eV,58,1.0000001192092896,0.0,0.6467186777026284,0.6467186777026284,,,,1.0
28,acetone_gsolv_eV,59,1.0000001192092896,0.0,0.6467186777026284,0.6467186777026284,,,,1.0
28,acetone_gsolv_eV,60,1.0000001192092896,0.0,0.6467186777026284,0.6467186777026284,,,,1.0
28,acetone_gsolv_eV,61,1.0000001192092896,0.0,0.6467186777026284,0.6467186777026284,,,,1.0
28,acetone_gsolv_eV,62,1.0000001192092896,0.0,0.6467186777026284,0.6467186777026284,,,,1.0
28,acetone_gsolv_eV,63,1.0000001192092896,0.0,0.6467186777026284,0.6467186777026284,,,,1.0
28,acetone_gsolv_eV,64,1.0000001192092896,0.0,0.6467186777026284,0.6467186777026284,,,,1.0
28,acetone_gsolv_eV,65,1.0000001192092896,0.0,0.6467186777026284,0.6467186777026284,,,,1.0
28,acetone_gsolv_eV,66,1.0000001192092896,0.0,0.6467186777026284,0.6467186777026284,,,,1.0
28,acetone_gsolv_eV,67,1.0000001192092896,0.0,0.6467186777026284,0.6467186777026284,,,,1.0
28,acetone_gsolv_eV,68,1.0000001192092896,0.0,0.6467186777026284,0.6467186777026284,,,,1.0
28,acetone_gsolv_eV,69,1.0000001192092896,0.0,0.6467186777026284,0.6467186777026284,,,,1.0
28,acetone_gsolv_eV,70,1.0000001192092896,0.0,0.6467186777026284,0.6467186777026284,,,,1.0
28,acetone_gsolv_eV,71,1.0000001192092896,0.0,0.6467186777026284,0.6467186777026284,,,,1.0
28,acetone_gsolv_eV,72,1.0000001192092896,0.0,0.6467186777026284,0.6467186777026284,,,,1.0
28,acetone_gsolv_eV,73,1.0000001192092896,0.0,0.6467186777026284,0.6467186777026284,,,,1.0
28,acetone_gsolv_eV,74,1.0000001192092896,0.0,0.6467186777026284,0.6467186777026284,,,,1.0
28,acetone_gsolv_eV,75,1.0000001192092896,0.0,0.6467186777026284,0.6467186777026284,,,,1.0
28,acetone_gsolv_eV,76,1.0000001192092896,0.0,0.6467186777026284,0.6467186777026284,,,,1.0
28,acetone_gsolv_eV,77,1.0000001192092896,0.0,0.6467186777026284,0.6467186777026284,,,,1.0
28,acetone_gsolv_eV,78,1.0000001192092896,0.0,0.6467186777026284,0.6467186777026284,,,,1.0
28,acetone_gsolv_eV,79,1.0000001192092896,0.0,0.6467186777026284,0.6467186777026284,,,,1.0
28,acetone_gsolv_eV,80,1.0000001192092896,0.0,0.6467186777026284,0.6467186777026284,,,,1.0
28,acetone_gsolv_eV,81,1.0000001192092896,0.0,0.6467186777026284,0.6467186777026284,,,,1.0
28,acetone_gsolv_eV,82,1.0000001192092896,0.0,0.6467186777026284,0.6467186777026284,,,,1.0
28,acetone_gsolv_eV,83,1.0000001192092896,0.0,0.6467186777026284,0.6467186777026284,,,,1.0
28,acetone_gsolv_eV,84,1.0000001192092896,0.0,0.6467186777026284,0.6467186777026284,,,,1.0
28,acetone_gsolv_eV,85,1.0000001192092896,0.0,0.6467186777026284,0.6467186777026284,,,,1.0
28,acetone_gsolv_eV,86,1.0000001192092896,0.0,0.6467186777026284,0.6467186777026284,,,,1.0
28,acetone_gsolv_eV,87,1.0000001192092896,0.0,0.6467186777026284,0.6467186777026284,,,,1.0
28,acetone_gsolv_eV,88,1.0000001192092896,0.0,0.6467186777026284,0.6467186777026284,,,,1.0
28,acetone_gsolv_eV,89,1.0000001192092896,0.0,0.6467186777026284,0.6467186777026284,,,,1.0
28,acetone_gsolv_eV,90,1.0000001192092896,0.0,0.6467186777026284,0.6467186777026284,,,,1.0
28,acetone_gsolv_eV,91,1.0000001192092896,0.0,0.6467186777026284,0.6467186777026284,,,,1.0
28,acetone_gsolv_eV,92,1.0000001192092896,0.0,0.6467186777026284,0.6467186777026284,,,,1.0
28,acetone_gsolv_eV,93,1.0000001192092896,0.0,0.6467186777026284,0.6467186777026284,,,,1.0
28,acetone_gsolv_eV,94,1.0000001192092896,0.0,0.6467186777026284,0.6467186777026284,,,,1.0
28,acetone_gsolv_eV,95,1.0000001192092896,0.0,0.6467186777026284,0.6467186777026284,,,,1.0
28,acetone_gsolv_eV,96,1.0000001192092896,0.0,0.6467186777026284,0.6467186777026284,,,,1.0
28,acetone_gsolv_eV,97,1.0000001192092896,0.0,0.6467186777026284,0.6467186777026284,,,,1.0
28,acetone_gsolv_eV,98,1.0000001192092896,0.0,0.6467186777026284,0.6467186777026284,,,,1.0
28,acetone_gsolv_eV,99,1.0000001192092896,0.0,0.6467186777026284,0.6467186777026284,,,,1.0
28,acetone_gsolv_eV,100,1.0000001192092896,0.0,0.6467186777026284,0.6467186777026284,,,,1.0
28,acetone_gsolv_eV,101,1.0000001192092896,0.0,0.6467186777026284,0.6467186777026284,,,,1.0
28,acetone_gsolv_eV,102,1.0000001192092896,0.0,0.6467186777026284,0.6467186777026284,,,,1.0
28,acetone_gsolv_eV,103,1.0000001192092896,0.0,0.6467186777026284,0.6467186777026284,,,,1.0
28,acetone_gsolv_eV,104,1.0000001192092896,0.0,0.6467186777026284,0.6467186777026284,,,,1.0
28,acetone_gsolv_eV,105,1.0000001192092896,0.0,0.6467186777026284,0.6467186777026284,,,,1.0
28,acetone_gsolv_eV,106,1.0000001192092896,0.0,0.6467186777026284,0.6467186777026284,,,,1.0
28,acetone_gsolv_eV,107,1.0000001192092896,0.0,0.6467186777026284,0.6467186777026284,,,,1.0
28,acetone_gsolv_eV,108,1.0000001192092896,0.0,0.6467186777026284,0.6467186777026284,,,,1.0
28,acetone_gsolv_eV,109,1.0000001192092896,0.0,0.6467186777026284,0.6467186777026284,,,,1.0
28,acetone_gsolv_eV,110,1.0000001192092896,0.0,0.6467186777026284,0.6467186777026284,,,,1.0
28,acetone_gsolv_eV,111,1.0000001192092896,0.0,0.6467186777026284,0.6467186777026284,,,,1.0
28,acetone_gsolv_eV,112,1.0000001192092896,0.0,0.6467186777026284,0.6467186777026284,,,,1.0
28,acetone_gsolv_eV,113,1.0000001192092896,0.0,0.6467186777026284,0.6467186777026284,,,,1.0
28,acetone_gsolv_eV,114,1.0000001192092896,0.0,0.6467186777026284,0.6467186777026284,,,,1.0
28,acetone_gsolv_eV,115,1.0000001192092896,0.0,0.6467186777026284,0.6467186777026284,,,,1.0
28,acetone_gsolv_eV,116,1.0000001192092896,0.0,0.6467186777026284,0.6467186777026284,,,,1.0
28,acetone_gsolv_eV,117,1.0000001192092896,0.0,0.6467186777026284,0.6467186777026284,,,,1.0
28,acetone_gsolv_eV,118,1.0000001192092896,0.0,0.6467186777026284,0.6467186777026284,,,,1.0
28,acetone_gsolv_eV,119,1.0000001192092896,0.0,0.6467186777026284,0.6467186777026284,,,,1.0
28,acetone_gsolv_eV,120,1.0000001192092896,0.0,0.6467186777026284,0.6467186777026284,,,,1.0
28,acetone_gsolv_eV,121,1.0000001192092896,0.0,0.6467186777026284,0.6467186777026284,,,,1.0
28,acetone_gsolv_eV,122,1.0000001192092896,0.0,0.6467186777026284,0.6467186777026284,,,,1.0
28,acetone_gsolv_eV,123,1.0000001192092896,0.0,0.6467186777026284,0.6467186777026284,,,,1.0
28,acetone_gsolv_eV,124,1.0000001192092896,0.0,0.6467186777026284,0.6467186777026284,,,,1.0
28,acetone_gsolv_eV,125,1.0000001192092896,0.0,0.6467186777026284,0.6467186777026284,,,,1.0
28,acetone_gsolv_eV,126,1.0000001192092896,0.0,0.6467186777026284,0.6467186777026284,,,,1.0
28,acetone_gsolv_eV,127,1.0000001192092896,0.0,0.6467186777026284,0.6467186777026284,,,,1.0
28,acetone_gsolv_eV,128,1.0000001192092896,0.0,0.6467186777026284,0.6467186777026284,,,,1.0
28,acetone_gsolv_eV,129,1.0000001192092896,0.0,0.6467186777026284,0.6467186777026284,,,,1.0
28,acetone_gsolv_eV,130,1.0000001192092896,0.0,0.6467186777026284,0.6467186777026284,,,,1.0
28,acetone_gsolv_eV,131,1.0000001192092896,0.0,0.6467186777026284,0.6467186777026284,,,,1.0
28,acetone_gsolv_eV,132,1.0000001192092896,0.0,0.6467186777026284,0.6467186777026284,,,,1.0
28,acetone_gsolv_eV,133,1.0000001192092896,0.0,0.6467186777026284,0.6467186777026284,,,,1.0
28,acetone_gsolv_eV,134,1.0000001192092896,0.0,0.6467186777026284,0.6467186777026284,,,,1.0
28,acetone_gsolv_eV,135,1.0000001192092896,0.0,0.6467186777026284,0.6467186777026284,,,,1.0
28,acetone_gsolv_eV,136,1.0000001192092896,0.0,0.6467186777026284,0.6467186777026284,,,,1.0
28,acetone_gsolv_eV,137,1.0000001192092896,0.0,0.6467186777026284,0.6467186777026284,,,,1.0
28,acetone_gsolv_eV,138,1.0000001192092896,0.0,0.6467186777026284,0.6467186777026284,,,,1.0
28,acetone_gsolv_eV,139,1.0000001192092896,0.0,0.6467186777026284,0.6467186777026284,,,,1.0
28,acetone_gsolv_eV,140,1.0000001192092896,0.0,0.6467186777026284,0.6467186777026284,,,,1.0
28,acetone_gsolv_eV,141,1.0000001192092896,0.0,0.6467186777026284,0.6467186777026284,,,,1.0
28,acetone_gsolv_eV,142,1.0000001192092896,0.0,0.6467186777026284,0.6467186777026284,,,,1.0
28,acetone_gsolv_eV,143,1.0000001192092896,0.0,0.6467186777026284,0.6467186777026284,,,,1.0
28,acetone_gsolv_eV,144,1.0000001192092896,0.0,0.6467186777026284,0.6467186777026284,,,,1.0
28,acetone_gsolv_eV,145,1.0000001192092896,0.0,0.6467186777026284,0.6467186777026284,,,,1.0
28,acetone_gsolv_eV,146,1.0000001192092896,0.0,0.6467186777026284,0.6467186777026284,,,,1.0
28,acetone_gsolv_eV,147,1.0000001192092896,0.0,0.6467186777026284,0.6467186777026284,,,,1.0
28,acetone_gsolv_eV,148,1.0000001192092896,0.0,0.6467186777026284,0.6467186777026284,,,,1.0
28,acetone_gsolv_eV,149,1.0000001192092896,0.0,0.6467186777026284,0.6467186777026284,,,,1.0
28,acetone_gsolv_eV,150,1.0000001192092896,0.0,0.6467186777026284,0.6467186777026284,,,,1.0
28,acetone_gsolv_eV,151,1.0000001192092896,0.0,0.6467186777026284,0.6467186777026284,,,,1.0
28,acetone_gsolv_eV,152,1.0000001192092896,0.0,0.6467186777026284,0.6467186777026284,,,,1.0
28,acetone_gsolv_eV,153,1.0000001192092896,0.0,0.6467186777026284,0.6467186777026284,,,,1.0
28,acetone_gsolv_eV,154,1.0000001192092896,0.0,0.6467186777026284,0.6467186777026284,,,,1.0
28,acetone_gsolv_eV,155,1.0000001192092896,0.0,0.6467186777026284,0.6467186777026284,,,,1.0
28,acetone_gsolv_eV,156,1.0000001192092896,0.0,0.6467186777026284,0.6467186777026284,,,,1.0
28,acetone_gsolv_eV,157,1.0000001192092896,0.0,0.6467186777026284,0.6467186777026284,,,,1.0
28,acetone_gsolv_eV,158,1.0000001192092896,0.0,0.6467186777026284,0.6467186777026284,,,,1.0
28,acetone_gsolv_eV,159,1.0000001192092896,0.0,0.6467186777026284,0.6467186777026284,,,,1.0
28,acetone_gsolv_eV,160,1.0000001192092896,0.0,0.6467186777026284,0.6467186777026284,,,,1.0
28,acetone_gsolv_eV,161,1.0000001192092896,0.0,0.6467186777026284,0.6467186777026284,,,,1.0
28,acetone_gsolv_eV,162,1.0000001192092896,0.0,0.6467186777026284,0.6467186777026284,,,,1.0
28,acetone_gsolv_eV,163,1.0000001192092896,0.0,0.6467186777026284,0.6467186777026284,,,,1.0
28,acetone_gsolv_eV,164,1.0000001192092896,0.0,0.6467186777026284,0.6467186777026284,,,,1.0
28,acetone_gsolv_eV,165,1.0000001192092896,0.0,0.6467186777026284,0.6467186777026284,,,,1.0
28,acetone_gsolv_eV,166,1.0000001192092896,0.0,0.6467186777026284,0.6467186777026284,,,,1.0
28,acetone_gsolv_eV,167,1.0000001192092896,0.0,0.6467186777026284,0.6467186777026284,,,,1.0
28,acetone_gsolv_eV,168,1.0000001192092896,0.0,0.6467186777026284,0.6467186777026284,,,,1.0
28,acetone_gsolv_eV,169,1.0000001192092896,0.0,0.6467186777026284,0.6467186777026284,,,,1.0
28,acetone_gsolv_eV,170,1.0000001192092896,0.0,0.6467186777026284,0.6467186777026284,,,,1.0
28,acetone_gsolv_eV,171,1.0000001192092896,0.0,0.6467186777026284,0.6467186777026284,,,,1.0
28,acetone_gsolv_eV,172,1.0000001192092896,0.0,0.6467186777026284,0.6467186777026284,,,,1.0
28,acetone_gsolv_eV,173,1.0000001192092896,0.0,0.6467186777026284,0.6467186777026284,,,,1.0
28,acetone_gsolv_eV,174,1.0000001192092896,0.0,0.6467186777026284,0.6467186777026284,,,,1.0
28,acetone_gsolv_eV,175,1.0000001192092896,0.0,0.6467186777026284,0.6467186777026284,,,,1.0
28,acetone_gsolv_eV,176,1.0000001192092896,0.0,0.6467186777026284,0.6467186777026284,,,,1.0
28,acetone_gsolv_eV,177,1.0000001192092896,0.0,0.6467186777026284,0.6467186777026284,,,,1.0
28,acetone_gsolv_eV,178,1.0000001192092896,0.0,0.6467186777026284,0.6467186777026284,,,,1.0
28,acetone_gsolv_eV,179,1.0000001192092896,0.0,0.6467186777026284,0.6467186777026284,,,,1.0
28,acetone_gsolv_eV,180,1.0000001192092896,0.0,0.6467186777026284,0.6467186777026284,,,,1.0
28,acetone_gsolv_eV,181,1.0000001192092896,0.0,0.6467186777026284,0.6467186777026284,,,,1.0
28,acetone_gsolv_eV,182,1.0000001192092896,0.0,0.6467186777026284,0.6467186777026284,,,,1.0
28,acetone_gsolv_eV,183,1.0000001192092896,0.0,0.6467186777026284,0.6467186777026284,,,,1.0
28,acetone_gsolv_eV,184,1.0000001192092896,0.0,0.6467186777026284,0.6467186777026284,,,,1.0
28,acetone_gsolv_eV,185,1.0000001192092896,0.0,0.6467186777026284,0.6467186777026284,,,,1.0
28,acetone_gsolv_eV,186,1.0000001192092896,0.0,0.6467186777026284,0.6467186777026284,,,,1.0
28,acetone_gsolv_eV,187,1.0000001192092896,0.0,0.6467186777026284,0.6467186777026284,,,,1.0
28,acetone_gsolv_eV,188,1.0000001192092896,0.0,0.6467186777026284,0.6467186777026284,,,,1.0
28,acetone_gsolv_eV,189,1.0000001192092896,0.0,0.6467186777026284,0.6467186777026284,,,,1.0
28,acetone_gsolv_eV,190,1.0000001192092896,0.0,0.6467186777026284,0.6467186777026284,,,,1.0
28,acetone_gsolv_eV,191,1.0000001192092896,0.0,0.6467186777026284,0.6467186777026284,,,,1.0
28,acetone_gsolv_eV,192,1.0000001192092896,0.0,0.6467186777026284,0.6467186777026284,,,,1.0
28,acetone_gsolv_eV,193,1.0000001192092896,0.0,0.6467186777026284,0.6467186777026284,,,,1.0
28,acetone_gsolv_eV,194,1.0000001192092896,0.0,0.6467186777026284,0.6467186777026284,,,,1.0
28,acetone_gsolv_eV,195,1.0000001192092896,0.0,0.6467186777026284,0.6467186777026284,,,,1.0
28,acetone_gsolv_eV,196,1.0000001192092896,0.0,0.6467186777026284,0.6467186777026284,,,,1.0
28,acetone_gsolv_eV,197,1.0000001192092896,0.0,0.6467186777026284,0.6467186777026284,,,,1.0
28,acetone_gsolv_eV,198,1.0000001192092896,0.0,0.6467186777026284,0.6467186777026284,,,,1.0
28,acetone_gsolv_eV,199,1.0000001192092896,0.0,0.6467186777026284,0.6467186777026284,,,,1.0
28,acetone_gsolv_eV,200,1.0000001192092896,0.0,0.6467186777026284,0.6467186777026284,,,,1.0
28,acetone_gsolv_eV,201,1.0000001192092896,0.0,0.6467186777026284,0.6467186777026284,,,,1.0
28,acetone_gsolv_eV,202,1.0000001192092896,0.0,0.6467186777026284,0.6467186777026284,,,,1.0
28,acetone_gsolv_eV,203,1.0000001192092896,0.0,0.6467186777026284,0.6467186777026284,,,,1.0
28,acetone_gsolv_eV,204,1.0000001192092896,0.0,0.6467186777026284,0.6467186777026284,,,,1.0
28,acetone_gsolv_eV,205,1.0000001192092896,0.0,0.6467186777026284,0.6467186777026284,,,,1.0
28,acetone_gsolv_eV,206,1.0000001192092896,0.0,0.6467186777026284,0.6467186777026284,,,,1.0
28,acetone_gsolv_eV,207,1.0000001192092896,0.0,0.6467186777026284,0.6467186777026284,,,,1.0
28,acetone_gsolv_eV,208,1.0000001192092896,0.0,0.6467186777026284,0.6467186777026284,,,,1.0
28,acetone_gsolv_eV,209,1.0000001192092896,0.0,0.6467186777026284,0.6467186777026284,,,,1.0
28,acetone_gsolv_eV,210,1.0000001192092896,0.0,0.6467186777026284,0.6467186777026284,,,,1.0
28,acetone_gsolv_eV,211,1.0000001192092896,0.0,0.6467186777026284,0.6467186777026284,,,,1.0
28,acetone_gsolv_eV,212,1.0000001192092896,0.0,0.6467186777026284,0.6467186777026284,,,,1.0
28,acetone_gsolv_eV,213,1.0000001192092896,0.0,0.6467186777026284,0.6467186777026284,,,,1.0
28,acetone_gsolv_eV,214,1.0000001192092896,0.0,0.6467186777026284,0.6467186777026284,,,,1.0
28,acetone_gsolv_eV,215,1.0000001192092896,0.0,0.6467186777026284,0.6467186777026284,,,,1.0
28,acetone_gsolv_eV,216,1.0000001192092896,0.0,0.6467186777026284,0.6467186777026284,,,,1.0
28,acetone_gsolv_eV,217,1.0000001192092896,0.0,0.6467186777026284,0.6467186777026284,,,,1.0
28,acetone_gsolv_eV,218,1.0000001192092896,0.0,0.6467186777026284,0.6467186777026284,,,,1.0
28,acetone_gsolv_eV,219,1.0000001192092896,0.0,0.6467186777026284,0.6467186777026284,,,,1.0
28,acetone_gsolv_eV,220,1.0000001192092896,0.0,0.6467186777026284,0.6467186777026284,,,,1.0
28,acetone_gsolv_eV,221,1.0000001192092896,0.0,0.6467186777026284,0.6467186777026284,,,,1.0
28,acetone_gsolv_eV,222,1.0000001192092896,0.0,0.6467186777026284,0.6467186777026284,,,,1.0
28,acetone_gsolv_eV,223,1.0000001192092896,0.0,0.6467186777026284,0.6467186777026284,,,,1.0
28,acetone_gsolv_eV,224,1.0000001192092896,0.0,0.6467186777026284,0.6467186777026284,,,,1.0
28,acetone_gsolv_eV,225,1.0000001192092896,0.0,0.6467186777026284,0.6467186777026284,,,,1.0
28,acetone_gsolv_eV,226,1.0000001192092896,0.0,0.6467186777026284,0.6467186777026284,,,,1.0
28,acetone_gsolv_eV,227,1.0000001192092896,0.0,0.6467186777026284,0.6467186777026284,,,,1.0
28,acetone_gsolv_eV,228,1.0000001192092896,0.0,0.6467186777026284,0.6467186777026284,,,,1.0
28,acetone_gsolv_eV,229,1.0000001192092896,0.0,0.6467186777026284,0.6467186777026284,,,,1.0
28,acetone_gsolv_eV,230,1.0000001192092896,0.0,0.6467186777026284,0.6467186777026284,,,,1.0
28,acetone_gsolv_eV,231,1.0000001192092896,0.0,0.6467186777026284,0.6467186777026284,,,,1.0
28,acetone_gsolv_eV,232,1.0000001192092896,0.0,0.6467186777026284,0.6467186777026284,,,,1.0
28,acetone_gsolv_eV,233,1.0000001192092896,0.0,0.6467186777026284,0.6467186777026284,,,,1.0
28,acetone_gsolv_eV,234,1.0000001192092896,0.0,0.6467186777026284,0.6467186777026284,,,,1.0
28,acetone_gsolv_eV,235,1.0000001192092896,0.0,0.6467186777026284,0.6467186777026284,,,,1.0
28,acetone_gsolv_eV,236,1.0000001192092896,0.0,0.6467186777026284,0.6467186777026284,,,,1.0
28,acetone_gsolv_eV,237,1.0000001192092896,0.0,0.6467186777026284,0.6467186777026284,,,,1.0
28,acetone_gsolv_eV,238,1.0000001192092896,0.0,0.6467186777026284,0.6467186777026284,,,,1.0
28,acetone_gsolv_eV,239,1.0000001192092896,0.0,0.6467186777026284,0.6467186777026284,,,,1.0
28,acetone_gsolv_eV,240,1.0000001192092896,0.0,0.6467186777026284,0.6467186777026284,,,,1.0
28,acetone_gsolv_eV,241,1.0000001192092896,0.0,0.6467186777026284,0.6467186777026284,,,,1.0
28,acetone_gsolv_eV,242,1.0000001192092896,0.0,0.6467186777026284,0.6467186777026284,,,,1.0
28,acetone_gsolv_eV,243,1.0000001192092896,0.0,0.6467186777026284,0.6467186777026284,,,,1.0
28,acetone_gsolv_eV,244,1.0000001192092896,0.0,0.6467186777026284,0.6467186777026284,,,,1.0
28,acetone_gsolv_eV,245,1.0000001192092896,0.0,0.6467186777026284,0.6467186777026284,,,,1.0
28,acetone_gsolv_eV,246,1.0000001192092896,0.0,0.6467186777026284,0.6467186777026284,,,,1.0
28,acetone_gsolv_eV,247,1.0000001192092896,0.0,0.6467186777026284,0.6467186777026284,,,,1.0
28,acetone_gsolv_eV,248,1.0000001192092896,0.0,0.6467186777026284,0.6467186777026284,,,,1.0
28,acetone_gsolv_eV,249,1.0000001192092896,0.0,0.6467186777026284,0.6467186777026284,,,,1.0
28,acetone_hl_gap_eV,0,0.9999999403953552,0.0,0.7098012951348498,0.7098012951348498,,,,1.0
28,acetone_hl_gap_eV,1,0.9999999403953552,0.0,0.7098012951348498,0.7098012951348498,,,,1.0
28,acetone_hl_gap_eV,2,0.9999999403953552,0.0,0.7098012951348498,0.7098012951348498,,,,1.0
28,acetone_hl_gap_eV,3,0.9999999403953552,0.0,0.7098012951348498,0.7098012951348498,,,,1.0
28,acetone_hl_gap_eV,4,0.9999999403953552,0.0,0.7098012951348498,0.7098012951348498,,,,1.0
28,acetone_hl_gap_eV,5,0.9999999403953552,0.0,0.7098012951348498,0.7098012951348498,,,,1.0
28,acetone_hl_gap_eV,6,0.9999999403953552,0.0,0.7098012951348498,0.7098012951348498,,,,1.0
28,acetone_hl_gap_eV,7,0.9999999403953552,0.0,0.7098012951348498,0.7098012951348498,,,,1.0
28,acetone_hl_gap_eV,8,0.9999999403953552,0.0,0.7098012951348498,0.7098012951348498,,,,1.0
28,acetone_hl_gap_eV,9,0.9999999403953552,0.0,0.7098012951348498,0.7098012951348498,,,,1.0
28,acetone_hl_gap_eV,10,0.9999999403953552,0.0,0.7098012951348498,0.7098012951348498,,,,1.0
28,acetone_hl_gap_eV,11,0.9999999403953552,0.0,0.7098012951348498,0.7098012951348498,,,,1.0
28,acetone_hl_gap_eV,12,0.9999999403953552,0.0,0.7098012951348498,0.7098012951348498,,,,1.0
28,acetone_hl_gap_eV,13,0.9999999403953552,0.0,0.7098012951348498,0.7098012951348498,,,,1.0
28,acetone_hl_gap_eV,14,0.9999999403953552,0.0,0.7098012951348498,0.7098012951348498,,,,1.0
28,acetone_hl_gap_eV,15,0.9999999403953552,0.0,0.7098012951348498,0.7098012951348498,,,,1.0
28,acetone_hl_gap_eV,16,0.9999999403953552,0.0,0.7098012951348498,0.7098012951348498,,,,1.0
28,acetone_hl_gap_eV,17,0.9999999403953552,0.0,0.7098012951348498,0.7098012951348498,,,,1.0
28,acetone_hl_gap_eV,18,0.9999999403953552,0.0,0.7098012951348498,0.7098012951348498,,,,1.0
28,acetone_hl_gap_eV,19,0.9999999403953552,0.0,0.7098012951348498,0.7098012951348498,,,,1.0
28,acetone_hl_gap_eV,20,0.9999999403953552,0.0,0.7098012951348498,0.7098012951348498,,,,1.0
28,acetone_hl_gap_eV,21,0.9999999403953552,0.0,0.7098012951348498,0.7098012951348498,,,,1.0
28,acetone_hl_gap_eV,22,0.9999999403953552,0.0,0.7098012951348498,0.7098012951348498,,,,1.0
28,acetone_hl_gap_eV,23,0.9999999403953552,0.0,0.7098012951348498,0.7098012951348498,,,,1.0
28,acetone_hl_gap_eV,24,0.9999999403953552,0.0,0.7098012951348498,0.7098012951348498,,,,1.0
28,acetone_hl_gap_eV,25,0.9999999403953552,0.0,0.7098012951348498,0.7098012951348498,,,,1.0
28,acetone_hl_gap_eV,26,0.9999999403953552,0.0,0.7098012951348498,0.7098012951348498,,,,1.0
28,acetone_hl_gap_eV,27,0.9999999403953552,0.0,0.7098012951348498,0.7098012951348498,,,,1.0
28,acetone_hl_gap_eV,28,0.9999999403953552,0.0,0.7098012951348498,0.7098012951348498,,,,1.0
28,acetone_hl_gap_eV,29,0.9999999403953552,0.0,0.7098012951348498,0.7098012951348498,,,,1.0
28,acetone_hl_gap_eV,30,0.9999999403953552,0.0,0.7098012951348498,0.7098012951348498,,,,1.0
28,acetone_hl_gap_eV,31,0.9999999403953552,0.0,0.7098012951348498,0.7098012951348498,,,,1.0
28,acetone_hl_gap_eV,32,0.9999999403953552,0.0,0.7098012951348498,0.7098012951348498,,,,1.0
28,acetone_hl_gap_eV,33,0.9999999403953552,0.0,0.7098012951348498,0.7098012951348498,,,,1.0
28,acetone_hl_gap_eV,34,0.9999999403953552,0.0,0.7098012951348498,0.7098012951348498,,,,1.0
28,acetone_hl_gap_eV,35,0.9999999403953552,0.0,0.7098012951348498,0.7098012951348498,,,,1.0
28,acetone_hl_gap_eV,36,0.9999999403953552,0.0,0.7098012951348498,0.7098012951348498,,,,1.0
28,acetone_hl_gap_eV,37,0.9999999403953552,0.0,0.7098012951348498,0.7098012951348498,,,,1.0
28,acetone_hl_gap_eV,38,0.9999999403953552,0.0,0.7098012951348498,0.7098012951348498,,,,1.0
28,acetone_hl_gap_eV,39,0.9999999403953552,0.0,0.7098012951348498,0.7098012951348498,,,,1.0
28,acetone_hl_gap_eV,40,0.9999999403953552,0.0,0.7098012951348498,0.7098012951348498,,,,1.0
28,acetone_hl_gap_eV,41,0.9999999403953552,0.0,0.7098012951348498,0.7098012951348498,,,,1.0
28,acetone_hl_gap_eV,42,0.9999999403953552,0.0,0.7098012951348498,0.7098012951348498,,,,1.0
28,acetone_hl_gap_eV,43,0.9999999403953552,0.0,0.7098012951348498,0.7098012951348498,,,,1.0
28,acetone_hl_gap_eV,44,0.9999999403953552,0.0,0.7098012951348498,0.7098012951348498,,,,1.0
28,acetone_hl_gap_eV,45,0.9999999403953552,0.0,0.7098012951348498,0.7098012951348498,,,,1.0
28,acetone_hl_gap_eV,46,0.9999999403953552,0.0,0.7098012951348498,0.7098012951348498,,,,1.0
28,acetone_hl_gap_eV,47,0.9999999403953552,0.0,0.7098012951348498,0.7098012951348498,,,,1.0
28,acetone_hl_gap_eV,48,0.9999999403953552,0.0,0.7098012951348498,0.7098012951348498,,,,1.0
28,acetone_hl_gap_eV,49,0.9999999403953552,0.0,0.7098012951348498,0.7098012951348498,,,,1.0
28,acetone_hl_gap_eV,50,0.9999999403953552,0.0,0.7098012951348498,0.7098012951348498,,,,1.0
28,acetone_hl_gap_eV,51,0.9999999403953552,0.0,0.7098012951348498,0.7098012951348498,,,,1.0
28,acetone_hl_gap_eV,52,0.9999999403953552,0.0,0.7098012951348498,0.7098012951348498,,,,1.0
28,acetone_hl_gap_eV,53,0.9999999403953552,0.0,0.7098012951348498,0.7098012951348498,,,,1.0
28,acetone_hl_gap_eV,54,0.9999999403953552,0.0,0.7098012951348498,0.7098012951348498,,,,1.0
28,acetone_hl_gap_eV,55,0.9999999403953552,0.0,0.7098012951348498,0.7098012951348498,,,,1.0
28,acetone_hl_gap_eV,56,0.9999999403953552,0.0,0.7098012951348498,0.7098012951348498,,,,1.0
28,acetone_hl_gap_eV,57,0.9999999403953552,0.0,0.7098012951348498,0.7098012951348498,,,,1.0
28,acetone_hl_gap_eV,58,0.9999999403953552,0.0,0.7098012951348498,0.7098012951348498,,,,1.0
28,acetone_hl_gap_eV,59,0.9999999403953552,0.0,0.7098012951348498,0.7098012951348498,,,,1.0
28,acetone_hl_gap_eV,60,0.9999999403953552,0.0,0.7098012951348498,0.7098012951348498,,,,1.0
28,acetone_hl_gap_eV,61,0.9999999403953552,0.0,0.7098012951348498,0.7098012951348498,,,,1.0
28,acetone_hl_gap_eV,62,0.9999999403953552,0.0,0.7098012951348498,0.7098012951348498,,,,1.0
28,acetone_hl_gap_eV,63,0.9999999403953552,0.0,0.7098012951348498,0.7098012951348498,,,,1.0
28,acetone_hl_gap_eV,64,0.9999999403953552,0.0,0.7098012951348498,0.7098012951348498,,,,1.0
28,acetone_hl_gap_eV,65,0.9999999403953552,0.0,0.7098012951348498,0.7098012951348498,,,,1.0
28,acetone_hl_gap_eV,66,0.9999999403953552,0.0,0.7098012951348498,0.7098012951348498,,,,1.0
28,acetone_hl_gap_eV,67,0.9999999403953552,0.0,0.7098012951348498,0.7098012951348498,,,,1.0
28,acetone_hl_gap_eV,68,0.9999999403953552,0.0,0.7098012951348498,0.7098012951348498,,,,1.0
28,acetone_hl_gap_eV,69,0.9999999403953552,0.0,0.7098012951348498,0.7098012951348498,,,,1.0
28,acetone_hl_gap_eV,70,0.9999999403953552,0.0,0.7098012951348498,0.7098012951348498,,,,1.0
28,acetone_hl_gap_eV,71,0.9999999403953552,0.0,0.7098012951348498,0.7098012951348498,,,,1.0
28,acetone_hl_gap_eV,72,0.9999999403953552,0.0,0.7098012951348498,0.7098012951348498,,,,1.0
28,acetone_hl_gap_eV,73,0.9999999403953552,0.0,0.7098012951348498,0.7098012951348498,,,,1.0
28,acetone_hl_gap_eV,74,0.9999999403953552,0.0,0.7098012951348498,0.7098012951348498,,,,1.0
28,acetone_hl_gap_eV,75,0.9999999403953552,0.0,0.7098012951348498,0.7098012951348498,,,,1.0
28,acetone_hl_gap_eV,76,0.9999999403953552,0.0,0.7098012951348498,0.7098012951348498,,,,1.0
28,acetone_hl_gap_eV,77,0.9999999403953552,0.0,0.7098012951348498,0.7098012951348498,,,,1.0
28,acetone_hl_gap_eV,78,0.9999999403953552,0.0,0.7098012951348498,0.7098012951348498,,,,1.0
28,acetone_hl_gap_eV,79,0.9999999403953552,0.0,0.7098012951348498,0.7098012951348498,,,,1.0
28,acetone_hl_gap_eV,80,0.9999999403953552,0.0,0.7098012951348498,0.7098012951348498,,,,1.0
28,acetone_hl_gap_eV,81,0.9999999403953552,0.0,0.7098012951348498,0.7098012951348498,,,,1.0
28,acetone_hl_gap_eV,82,0.9999999403953552,0.0,0.7098012951348498,0.7098012951348498,,,,1.0
28,acetone_hl_gap_eV,83,0.9999999403953552,0.0,0.7098012951348498,0.7098012951348498,,,,1.0
28,acetone_hl_gap_eV,84,0.9999999403953552,0.0,0.7098012951348498,0.7098012951348498,,,,1.0
28,acetone_hl_gap_eV,85,0.9999999403953552,0.0,0.7098012951348498,0.7098012951348498,,,,1.0
28,acetone_hl_gap_eV,86,0.9999999403953552,0.0,0.7098012951348498,0.7098012951348498,,,,1.0
28,acetone_hl_gap_eV,87,0.9999999403953552,0.0,0.7098012951348498,0.7098012951348498,,,,1.0
28,acetone_hl_gap_eV,88,0.9999999403953552,0.0,0.7098012951348498,0.7098012951348498,,,,1.0
28,acetone_hl_gap_eV,89,0.9999999403953552,0.0,0.7098012951348498,0.7098012951348498,,,,1.0
28,acetone_hl_gap_eV,90,0.9999999403953552,0.0,0.7098012951348498,0.7098012951348498,,,,1.0
28,acetone_hl_gap_eV,91,0.9999999403953552,0.0,0.7098012951348498,0.7098012951348498,,,,1.0
28,acetone_hl_gap_eV,92,0.9999999403953552,0.0,0.7098012951348498,0.7098012951348498,,,,1.0
28,acetone_hl_gap_eV,93,0.9999999403953552,0.0,0.7098012951348498,0.7098012951348498,,,,1.0
28,acetone_hl_gap_eV,94,0.9999999403953552,0.0,0.7098012951348498,0.7098012951348498,,,,1.0
28,acetone_hl_gap_eV,95,0.9999999403953552,0.0,0.7098012951348498,0.7098012951348498,,,,1.0
28,acetone_hl_gap_eV,96,0.9999999403953552,0.0,0.7098012951348498,0.7098012951348498,,,,1.0
28,acetone_hl_gap_eV,97,0.9999999403953552,0.0,0.7098012951348498,0.7098012951348498,,,,1.0
28,acetone_hl_gap_eV,98,0.9999999403953552,0.0,0.7098012951348498,0.7098012951348498,,,,1.0
28,acetone_hl_gap_eV,99,0.9999999403953552,0.0,0.7098012951348498,0.7098012951348498,,,,1.0
28,acetone_hl_gap_eV,100,0.9999999403953552,0.0,0.7098012951348498,0.7098012951348498,,,,1.0
28,acetone_hl_gap_eV,101,0.9999999403953552,0.0,0.7098012951348498,0.7098012951348498,,,,1.0
28,acetone_hl_gap_eV,102,0.9999999403953552,0.0,0.7098012951348498,0.7098012951348498,,,,1.0
28,acetone_hl_gap_eV,103,0.9999999403953552,0.0,0.7098012951348498,0.7098012951348498,,,,1.0
28,acetone_hl_gap_eV,104,0.9999999403953552,0.0,0.7098012951348498,0.7098012951348498,,,,1.0
28,acetone_hl_gap_eV,105,0.9999999403953552,0.0,0.7098012951348498,0.7098012951348498,,,,1.0
28,acetone_hl_gap_eV,106,0.9999999403953552,0.0,0.7098012951348498,0.7098012951348498,,,,1.0
28,acetone_hl_gap_eV,107,0.9999999403953552,0.0,0.7098012951348498,0.7098012951348498,,,,1.0
28,acetone_hl_gap_eV,108,0.9999999403953552,0.0,0.7098012951348498,0.7098012951348498,,,,1.0
28,acetone_hl_gap_eV,109,0.9999999403953552,0.0,0.7098012951348498,0.7098012951348498,,,,1.0
28,acetone_hl_gap_eV,110,0.9999999403953552,0.0,0.7098012951348498,0.7098012951348498,,,,1.0
28,acetone_hl_gap_eV,111,0.9999999403953552,0.0,0.7098012951348498,0.7098012951348498,,,,1.0
28,acetone_hl_gap_eV,112,0.9999999403953552,0.0,0.7098012951348498,0.7098012951348498,,,,1.0
28,acetone_hl_gap_eV,113,0.9999999403953552,0.0,0.7098012951348498,0.7098012951348498,,,,1.0
28,acetone_hl_gap_eV,114,0.9999999403953552,0.0,0.7098012951348498,0.7098012951348498,,,,1.0
28,acetone_hl_gap_eV,115,0.9999999403953552,0.0,0.7098012951348498,0.7098012951348498,,,,1.0
28,acetone_hl_gap_eV,116,0.9999999403953552,0.0,0.7098012951348498,0.7098012951348498,,,,1.0
28,acetone_hl_gap_eV,117,0.9999999403953552,0.0,0.7098012951348498,0.7098012951348498,,,,1.0
28,acetone_hl_gap_eV,118,0.9999999403953552,0.0,0.7098012951348498,0.7098012951348498,,,,1.0
28,acetone_hl_gap_eV,119,0.9999999403953552,0.0,0.7098012951348498,0.7098012951348498,,,,1.0
28,acetone_hl_gap_eV,120,0.9999999403953552,0.0,0.7098012951348498,0.7098012951348498,,,,1.0
28,acetone_hl_gap_eV,121,0.9999999403953552,0.0,0.7098012951348498,0.7098012951348498,,,,1.0
28,acetone_hl_gap_eV,122,0.9999999403953552,0.0,0.7098012951348498,0.7098012951348498,,,,1.0
28,acetone_hl_gap_eV,123,0.9999999403953552,0.0,0.7098012951348498,0.7098012951348498,,,,1.0
28,acetone_hl_gap_eV,124,0.9999999403953552,0.0,0.7098012951348498,0.7098012951348498,,,,1.0
28,acetone_hl_gap_eV,125,0.9999999403953552,0.0,0.7098012951348498,0.7098012951348498,,,,1.0
28,acetone_hl_gap_eV,126,0.9999999403953552,0.0,0.7098012951348498,0.7098012951348498,,,,1.0
28,acetone_hl_gap_eV,127,0.9999999403953552,0.0,0.7098012951348498,0.7098012951348498,,,,1.0
28,acetone_hl_gap_eV,128,0.9999999403953552,0.0,0.7098012951348498,0.7098012951348498,,,,1.0
28,acetone_hl_gap_eV,129,0.9999999403953552,0.0,0.7098012951348498,0.7098012951348498,,,,1.0
28,acetone_hl_gap_eV,130,0.9999999403953552,0.0,0.7098012951348498,0.7098012951348498,,,,1.0
28,acetone_hl_gap_eV,131,0.9999999403953552,0.0,0.7098012951348498,0.7098012951348498,,,,1.0
28,acetone_hl_gap_eV,132,0.9999999403953552,0.0,0.7098012951348498,0.7098012951348498,,,,1.0
28,acetone_hl_gap_eV,133,0.9999999403953552,0.0,0.7098012951348498,0.7098012951348498,,,,1.0
28,acetone_hl_gap_eV,134,0.9999999403953552,0.0,0.7098012951348498,0.7098012951348498,,,,1.0
28,acetone_hl_gap_eV,135,0.9999999403953552,0.0,0.7098012951348498,0.7098012951348498,,,,1.0
28,acetone_hl_gap_eV,136,0.9999999403953552,0.0,0.7098012951348498,0.7098012951348498,,,,1.0
28,acetone_hl_gap_eV,137,0.9999999403953552,0.0,0.7098012951348498,0.7098012951348498,,,,1.0
28,acetone_hl_gap_eV,138,0.9999999403953552,0.0,0.7098012951348498,0.7098012951348498,,,,1.0
28,acetone_hl_gap_eV,139,0.9999999403953552,0.0,0.7098012951348498,0.7098012951348498,,,,1.0
28,acetone_hl_gap_eV,140,0.9999999403953552,0.0,0.7098012951348498,0.7098012951348498,,,,1.0
28,acetone_hl_gap_eV,141,0.9999999403953552,0.0,0.7098012951348498,0.7098012951348498,,,,1.0
28,acetone_hl_gap_eV,142,0.9999999403953552,0.0,0.7098012951348498,0.7098012951348498,,,,1.0
28,acetone_hl_gap_eV,143,0.9999999403953552,0.0,0.7098012951348498,0.7098012951348498,,,,1.0
28,acetone_hl_gap_eV,144,0.9999999403953552,0.0,0.7098012951348498,0.7098012951348498,,,,1.0
28,acetone_hl_gap_eV,145,0.9999999403953552,0.0,0.7098012951348498,0.7098012951348498,,,,1.0
28,acetone_hl_gap_eV,146,0.9999999403953552,0.0,0.7098012951348498,0.7098012951348498,,,,1.0
28,acetone_hl_gap_eV,147,0.9999999403953552,0.0,0.7098012951348498,0.7098012951348498,,,,1.0
28,acetone_hl_gap_eV,148,0.9999999403953552,0.0,0.7098012951348498,0.7098012951348498,,,,1.0
28,acetone_hl_gap_eV,149,0.9999999403953552,0.0,0.7098012951348498,0.7098012951348498,,,,1.0
28,acetone_hl_gap_eV,150,0.9999999403953552,0.0,0.7098012951348498,0.7098012951348498,,,,1.0
28,acetone_hl_gap_eV,151,0.9999999403953552,0.0,0.7098012951348498,0.7098012951348498,,,,1.0
28,acetone_hl_gap_eV,152,0.9999999403953552,0.0,0.7098012951348498,0.7098012951348498,,,,1.0
28,acetone_hl_gap_eV,153,0.9999999403953552,0.0,0.7098012951348498,0.7098012951348498,,,,1.0
28,acetone_hl_gap_eV,154,0.9999999403953552,0.0,0.7098012951348498,0.7098012951348498,,,,1.0
28,acetone_hl_gap_eV,155,0.9999999403953552,0.0,0.7098012951348498,0.7098012951348498,,,,1.0
28,acetone_hl_gap_eV,156,0.9999999403953552,0.0,0.7098012951348498,0.7098012951348498,,,,1.0
28,acetone_hl_gap_eV,157,0.9999999403953552,0.0,0.7098012951348498,0.7098012951348498,,,,1.0
28,acetone_hl_gap_eV,158,0.9999999403953552,0.0,0.7098012951348498,0.7098012951348498,,,,1.0
28,acetone_hl_gap_eV,159,0.9999999403953552,0.0,0.7098012951348498,0.7098012951348498,,,,1.0
28,acetone_hl_gap_eV,160,0.9999999403953552,0.0,0.7098012951348498,0.7098012951348498,,,,1.0
28,acetone_hl_gap_eV,161,0.9999999403953552,0.0,0.7098012951348498,0.7098012951348498,,,,1.0
28,acetone_hl_gap_eV,162,0.9999999403953552,0.0,0.7098012951348498,0.7098012951348498,,,,1.0
28,acetone_hl_gap_eV,163,0.9999999403953552,0.0,0.7098012951348498,0.7098012951348498,,,,1.0
28,acetone_hl_gap_eV,164,0.9999999403953552,0.0,0.7098012951348498,0.7098012951348498,,,,1.0
28,acetone_hl_gap_eV,165,0.9999999403953552,0.0,0.7098012951348498,0.7098012951348498,,,,1.0
28,acetone_hl_gap_eV,166,0.9999999403953552,0.0,0.7098012951348498,0.7098012951348498,,,,1.0
28,acetone_hl_gap_eV,167,0.9999999403953552,0.0,0.7098012951348498,0.7098012951348498,,,,1.0
28,acetone_hl_gap_eV,168,0.9999999403953552,0.0,0.7098012951348498,0.7098012951348498,,,,1.0
28,acetone_hl_gap_eV,169,0.9999999403953552,0.0,0.7098012951348498,0.7098012951348498,,,,1.0
28,acetone_hl_gap_eV,170,0.9999999403953552,0.0,0.7098012951348498,0.7098012951348498,,,,1.0
28,acetone_hl_gap_eV,171,0.9999999403953552,0.0,0.7098012951348498,0.7098012951348498,,,,1.0
28,acetone_hl_gap_eV,172,0.9999999403953552,0.0,0.7098012951348498,0.7098012951348498,,,,1.0
28,acetone_hl_gap_eV,173,0.9999999403953552,0.0,0.7098012951348498,0.7098012951348498,,,,1.0
28,acetone_hl_gap_eV,174,0.9999999403953552,0.0,0.7098012951348498,0.7098012951348498,,,,1.0
28,acetone_hl_gap_eV,175,0.9999999403953552,0.0,0.7098012951348498,0.7098012951348498,,,,1.0
28,acetone_hl_gap_eV,176,0.9999999403953552,0.0,0.7098012951348498,0.7098012951348498,,,,1.0
28,acetone_hl_gap_eV,177,0.9999999403953552,0.0,0.7098012951348498,0.7098012951348498,,,,1.0
28,acetone_hl_gap_eV,178,0.9999999403953552,0.0,0.7098012951348498,0.7098012951348498,,,,1.0
28,acetone_hl_gap_eV,179,0.9999999403953552,0.0,0.7098012951348498,0.7098012951348498,,,,1.0
28,acetone_hl_gap_eV,180,0.9999999403953552,0.0,0.7098012951348498,0.7098012951348498,,,,1.0
28,acetone_hl_gap_eV,181,0.9999999403953552,0.0,0.7098012951348498,0.7098012951348498,,,,1.0
28,acetone_hl_gap_eV,182,0.9999999403953552,0.0,0.7098012951348498,0.7098012951348498,,,,1.0
28,acetone_hl_gap_eV,183,0.9999999403953552,0.0,0.7098012951348498,0.7098012951348498,,,,1.0
28,acetone_hl_gap_eV,184,0.9999999403953552,0.0,0.7098012951348498,0.7098012951348498,,,,1.0
28,acetone_hl_gap_eV,185,0.9999999403953552,0.0,0.7098012951348498,0.7098012951348498,,,,1.0
28,acetone_hl_gap_eV,186,0.9999999403953552,0.0,0.7098012951348498,0.7098012951348498,,,,1.0
28,acetone_hl_gap_eV,187,0.9999999403953552,0.0,0.7098012951348498,0.7098012951348498,,,,1.0
28,acetone_hl_gap_eV,188,0.9999999403953552,0.0,0.7098012951348498,0.7098012951348498,,,,1.0
28,acetone_hl_gap_eV,189,0.9999999403953552,0.0,0.7098012951348498,0.7098012951348498,,,,1.0
28,acetone_hl_gap_eV,190,0.9999999403953552,0.0,0.7098012951348498,0.7098012951348498,,,,1.0
28,acetone_hl_gap_eV,191,0.9999999403953552,0.0,0.7098012951348498,0.7098012951348498,,,,1.0
28,acetone_hl_gap_eV,192,0.9999999403953552,0.0,0.7098012951348498,0.7098012951348498,,,,1.0
28,acetone_hl_gap_eV,193,0.9999999403953552,0.0,0.7098012951348498,0.7098012951348498,,,,1.0
28,acetone_hl_gap_eV,194,0.9999999403953552,0.0,0.7098012951348498,0.7098012951348498,,,,1.0
28,acetone_hl_gap_eV,195,0.9999999403953552,0.0,0.7098012951348498,0.7098012951348498,,,,1.0
28,acetone_hl_gap_eV,196,0.9999999403953552,0.0,0.7098012951348498,0.7098012951348498,,,,1.0
28,acetone_hl_gap_eV,197,0.9999999403953552,0.0,0.7098012951348498,0.7098012951348498,,,,1.0
28,acetone_hl_gap_eV,198,0.9999999403953552,0.0,0.7098012951348498,0.7098012951348498,,,,1.0
28,acetone_hl_gap_eV,199,0.9999999403953552,0.0,0.7098012951348498,0.7098012951348498,,,,1.0
28,acetone_hl_gap_eV,200,0.9999999403953552,0.0,0.7098012951348498,0.7098012951348498,,,,1.0
28,acetone_hl_gap_eV,201,0.9999999403953552,0.0,0.7098012951348498,0.7098012951348498,,,,1.0
28,acetone_hl_gap_eV,202,0.9999999403953552,0.0,0.7098012951348498,0.7098012951348498,,,,1.0
28,acetone_hl_gap_eV,203,0.9999999403953552,0.0,0.7098012951348498,0.7098012951348498,,,,1.0
28,acetone_hl_gap_eV,204,0.9999999403953552,0.0,0.7098012951348498,0.7098012951348498,,,,1.0
28,acetone_hl_gap_eV,205,0.9999999403953552,0.0,0.7098012951348498,0.7098012951348498,,,,1.0
28,acetone_hl_gap_eV,206,0.9999999403953552,0.0,0.7098012951348498,0.7098012951348498,,,,1.0
28,acetone_hl_gap_eV,207,0.9999999403953552,0.0,0.7098012951348498,0.7098012951348498,,,,1.0
28,acetone_hl_gap_eV,208,0.9999999403953552,0.0,0.7098012951348498,0.7098012951348498,,,,1.0
28,acetone_hl_gap_eV,209,0.9999999403953552,0.0,0.7098012951348498,0.7098012951348498,,,,1.0
28,acetone_hl_gap_eV,210,0.9999999403953552,0.0,0.7098012951348498,0.7098012951348498,,,,1.0
28,acetone_hl_gap_eV,211,0.9999999403953552,0.0,0.7098012951348498,0.7098012951348498,,,,1.0
28,acetone_hl_gap_eV,212,0.9999999403953552,0.0,0.7098012951348498,0.7098012951348498,,,,1.0
28,acetone_hl_gap_eV,213,0.9999999403953552,0.0,0.7098012951348498,0.7098012951348498,,,,1.0
28,acetone_hl_gap_eV,214,0.9999999403953552,0.0,0.7098012951348498,0.7098012951348498,,,,1.0
28,acetone_hl_gap_eV,215,0.9999999403953552,0.0,0.7098012951348498,0.7098012951348498,,,,1.0
28,acetone_hl_gap_eV,216,0.9999999403953552,0.0,0.7098012951348498,0.7098012951348498,,,,1.0
28,acetone_hl_gap_eV,217,0.9999999403953552,0.0,0.7098012951348498,0.7098012951348498,,,,1.0
28,acetone_hl_gap_eV,218,0.9999999403953552,0.0,0.7098012951348498,0.7098012951348498,,,,1.0
28,acetone_hl_gap_eV,219,0.9999999403953552,0.0,0.7098012951348498,0.7098012951348498,,,,1.0
28,acetone_hl_gap_eV,220,0.9999999403953552,0.0,0.7098012951348498,0.7098012951348498,,,,1.0
28,acetone_hl_gap_eV,221,0.9999999403953552,0.0,0.7098012951348498,0.7098012951348498,,,,1.0
28,acetone_hl_gap_eV,222,0.9999999403953552,0.0,0.7098012951348498,0.7098012951348498,,,,1.0
28,acetone_hl_gap_eV,223,0.9999999403953552,0.0,0.7098012951348498,0.7098012951348498,,,,1.0
28,acetone_hl_gap_eV,224,0.9999999403953552,0.0,0.7098012951348498,0.7098012951348498,,,,1.0
28,acetone_hl_gap_eV,225,0.9999999403953552,0.0,0.7098012951348498,0.7098012951348498,,,,1.0
28,acetone_hl_gap_eV,226,0.9999999403953552,0.0,0.7098012951348498,0.7098012951348498,,,,1.0
28,acetone_hl_gap_eV,227,0.9999999403953552,0.0,0.7098012951348498,0.7098012951348498,,,,1.0
28,acetone_hl_gap_eV,228,0.9999999403953552,0.0,0.7098012951348498,0.7098012951348498,,,,1.0
28,acetone_hl_gap_eV,229,0.9999999403953552,0.0,0.7098012951348498,0.7098012951348498,,,,1.0
28,acetone_hl_gap_eV,230,0.9999999403953552,0.0,0.7098012951348498,0.7098012951348498,,,,1.0
28,acetone_hl_gap_eV,231,0.9999999403953552,0.0,0.7098012951348498,0.7098012951348498,,,,1.0
28,acetone_hl_gap_eV,232,0.9999999403953552,0.0,0.7098012951348498,0.7098012951348498,,,,1.0
28,acetone_hl_gap_eV,233,0.9999999403953552,0.0,0.7098012951348498,0.7098012951348498,,,,1.0
28,acetone_hl_gap_eV,234,0.9999999403953552,0.0,0.7098012951348498,0.7098012951348498,,,,1.0
28,acetone_hl_gap_eV,235,0.9999999403953552,0.0,0.7098012951348498,0.7098012951348498,,,,1.0
28,acetone_hl_gap_eV,236,0.9999999403953552,0.0,0.7098012951348498,0.7098012951348498,,,,1.0
28,acetone_hl_gap_eV,237,0.9999999403953552,0.0,0.7098012951348498,0.7098012951348498,,,,1.0
28,acetone_hl_gap_eV,238,0.9999999403953552,0.0,0.7098012951348498,0.7098012951348498,,,,1.0
28,acetone_hl_gap_eV,239,0.9999999403953552,0.0,0.7098012951348498,0.7098012951348498,,,,1.0
28,acetone_hl_gap_eV,240,0.9999999403953552,0.0,0.7098012951348498,0.7098012951348498,,,,1.0
28,acetone_hl_gap_eV,241,0.9999999403953552,0.0,0.7098012951348498,0.7098012951348498,,,,1.0
28,acetone_hl_gap_eV,242,0.9999999403953552,0.0,0.7098012951348498,0.7098012951348498,,,,1.0
28,acetone_hl_gap_eV,243,0.9999999403953552,0.0,0.7098012951348498,0.7098012951348498,,,,1.0
28,acetone_hl_gap_eV,244,0.9999999403953552,0.0,0.7098012951348498,0.7098012951348498,,,,1.0
28,acetone_hl_gap_eV,245,0.9999999403953552,0.0,0.7098012951348498,0.7098012951348498,,,,1.0
28,acetone_hl_gap_eV,246,0.9999999403953552,0.0,0.7098012951348498,0.7098012951348498,,,,1.0
28,acetone_hl_gap_eV,247,0.9999999403953552,0.0,0.7098012951348498,0.7098012951348498,,,,1.0
28,acetone_hl_gap_eV,248,0.9999999403953552,0.0,0.7098012951348498,0.7098012951348498,,,,1.0
28,acetone_hl_gap_eV,249,0.9999999403953552,0.0,0.7098012951348498,0.7098012951348498,,,,1.0
28,acetone_dipole,0,1.0,0.0,0.6199704008094851,0.6199704008094851,,,,1.0
28,acetone_dipole,1,1.0,0.0,0.6199704008094851,0.6199704008094851,,,,1.0
28,acetone_dipole,2,1.0,0.0,0.6199704008094851,0.6199704008094851,,,,1.0
28,acetone_dipole,3,1.0,0.0,0.6199704008094851,0.6199704008094851,,,,1.0
28,acetone_dipole,4,1.0,0.0,0.6199704008094851,0.6199704008094851,,,,1.0
28,acetone_dipole,5,1.0,0.0,0.6199704008094851,0.6199704008094851,,,,1.0
28,acetone_dipole,6,1.0,0.0,0.6199704008094851,0.6199704008094851,,,,1.0
28,acetone_dipole,7,1.0,0.0,0.6199704008094851,0.6199704008094851,,,,1.0
28,acetone_dipole,8,1.0,0.0,0.6199704008094851,0.6199704008094851,,,,1.0
28,acetone_dipole,9,1.0,0.0,0.6199704008094851,0.6199704008094851,,,,1.0
28,acetone_dipole,10,1.0,0.0,0.6199704008094851,0.6199704008094851,,,,1.0
28,acetone_dipole,11,1.0,0.0,0.6199704008094851,0.6199704008094851,,,,1.0
28,acetone_dipole,12,1.0,0.0,0.6199704008094851,0.6199704008094851,,,,1.0
28,acetone_dipole,13,1.0,0.0,0.6199704008094851,0.6199704008094851,,,,1.0
28,acetone_dipole,14,1.0,0.0,0.6199704008094851,0.6199704008094851,,,,1.0
28,acetone_dipole,15,1.0,0.0,0.6199704008094851,0.6199704008094851,,,,1.0
28,acetone_dipole,16,1.0,0.0,0.6199704008094851,0.6199704008094851,,,,1.0
28,acetone_dipole,17,1.0,0.0,0.6199704008094851,0.6199704008094851,,,,1.0
28,acetone_dipole,18,1.0,0.0,0.6199704008094851,0.6199704008094851,,,,1.0
28,acetone_dipole,19,1.0,0.0,0.6199704008094851,0.6199704008094851,,,,1.0
28,acetone_dipole,20,1.0,0.0,0.6199704008094851,0.6199704008094851,,,,1.0
28,acetone_dipole,21,1.0,0.0,0.6199704008094851,0.6199704008094851,,,,1.0
28,acetone_dipole,22,1.0,0.0,0.6199704008094851,0.6199704008094851,,,,1.0
28,acetone_dipole,23,1.0,0.0,0.6199704008094851,0.6199704008094851,,,,1.0
28,acetone_dipole,24,1.0,0.0,0.6199704008094851,0.6199704008094851,,,,1.0
28,acetone_dipole,25,1.0,0.0,0.6199704008094851,0.6199704008094851,,,,1.0
28,acetone_dipole,26,1.0,0.0,0.6199704008094851,0.6199704008094851,,,,1.0
28,acetone_dipole,27,1.0,0.0,0.6199704008094851,0.6199704008094851,,,,1.0
28,acetone_dipole,28,1.0,0.0,0.6199704008094851,0.6199704008094851,,,,1.0
28,acetone_dipole,29,1.0,0.0,0.6199704008094851,0.6199704008094851,,,,1.0
28,acetone_dipole,30,1.0,0.0,0.6199704008094851,0.6199704008094851,,,,1.0
28,acetone_dipole,31,1.0,0.0,0.6199704008094851,0.6199704008094851,,,,1.0
28,acetone_dipole,32,1.0,0.0,0.6199704008094851,0.6199704008094851,,,,1.0
28,acetone_dipole,33,1.0,0.0,0.6199704008094851,0.6199704008094851,,,,1.0
28,acetone_dipole,34,1.0,0.0,0.6199704008094851,0.6199704008094851,,,,1.0
28,acetone_dipole,35,1.0,0.0,0.6199704008094851,0.6199704008094851,,,,1.0
28,acetone_dipole,36,1.0,0.0,0.6199704008094851,0.6199704008094851,,,,1.0
28,acetone_dipole,37,1.0,0.0,0.6199704008094851,0.6199704008094851,,,,1.0
28,acetone_dipole,38,1.0,0.0,0.6199704008094851,0.6199704008094851,,,,1.0
28,acetone_dipole,39,1.0,0.0,0.6199704008094851,0.6199704008094851,,,,1.0
28,acetone_dipole,40,1.0,0.0,0.6199704008094851,0.6199704008094851,,,,1.0
28,acetone_dipole,41,1.0,0.0,0.6199704008094851,0.6199704008094851,,,,1.0
28,acetone_dipole,42,1.0,0.0,0.6199704008094851,0.6199704008094851,,,,1.0
28,acetone_dipole,43,1.0,0.0,0.6199704008094851,0.6199704008094851,,,,1.0
28,acetone_dipole,44,1.0,0.0,0.6199704008094851,0.6199704008094851,,,,1.0
28,acetone_dipole,45,1.0,0.0,0.6199704008094851,0.6199704008094851,,,,1.0
28,acetone_dipole,46,1.0,0.0,0.6199704008094851,0.6199704008094851,,,,1.0
28,acetone_dipole,47,1.0,0.0,0.6199704008094851,0.6199704008094851,,,,1.0
28,acetone_dipole,48,1.0,0.0,0.6199704008094851,0.6199704008094851,,,,1.0
28,acetone_dipole,49,1.0,0.0,0.6199704008094851,0.6199704008094851,,,,1.0
28,acetone_dipole,50,1.0,0.0,0.6199704008094851,0.6199704008094851,,,,1.0
28,acetone_dipole,51,1.0,0.0,0.6199704008094851,0.6199704008094851,,,,1.0
28,acetone_dipole,52,1.0,0.0,0.6199704008094851,0.6199704008094851,,,,1.0
28,acetone_dipole,53,1.0,0.0,0.6199704008094851,0.6199704008094851,,,,1.0
28,acetone_dipole,54,1.0,0.0,0.6199704008094851,0.6199704008094851,,,,1.0
28,acetone_dipole,55,1.0,0.0,0.6199704008094851,0.6199704008094851,,,,1.0
28,acetone_dipole,56,1.0,0.0,0.6199704008094851,0.6199704008094851,,,,1.0
28,acetone_dipole,57,1.0,0.0,0.6199704008094851,0.6199704008094851,,,,1.0
28,acetone_dipole,58,1.0,0.0,0.6199704008094851,0.6199704008094851,,,,1.0
28,acetone_dipole,59,1.0,0.0,0.6199704008094851,0.6199704008094851,,,,1.0
28,acetone_dipole,60,1.0,0.0,0.6199704008094851,0.6199704008094851,,,,1.0
28,acetone_dipole,61,1.0,0.0,0.6199704008094851,0.6199704008094851,,,,1.0
28,acetone_dipole,62,1.0,0.0,0.6199704008094851,0.6199704008094851,,,,1.0
28,acetone_dipole,63,1.0,0.0,0.6199704008094851,0.6199704008094851,,,,1.0
28,acetone_dipole,64,1.0,0.0,0.6199704008094851,0.6199704008094851,,,,1.0
28,acetone_dipole,65,1.0,0.0,0.6199704008094851,0.6199704008094851,,,,1.0
28,acetone_dipole,66,1.0,0.0,0.6199704008094851,0.6199704008094851,,,,1.0
28,acetone_dipole,67,1.0,0.0,0.6199704008094851,0.6199704008094851,,,,1.0
28,acetone_dipole,68,1.0,0.0,0.6199704008094851,0.6199704008094851,,,,1.0
28,acetone_dipole,69,1.0,0.0,0.6199704008094851,0.6199704008094851,,,,1.0
28,acetone_dipole,70,1.0,0.0,0.6199704008094851,0.6199704008094851,,,,1.0
28,acetone_dipole,71,1.0,0.0,0.6199704008094851,0.6199704008094851,,,,1.0
28,acetone_dipole,72,1.0,0.0,0.6199704008094851,0.6199704008094851,,,,1.0
28,acetone_dipole,73,1.0,0.0,0.6199704008094851,0.6199704008094851,,,,1.0
28,acetone_dipole,74,1.0,0.0,0.6199704008094851,0.6199704008094851,,,,1.0
28,acetone_dipole,75,1.0,0.0,0.6199704008094851,0.6199704008094851,,,,1.0
28,acetone_dipole,76,1.0,0.0,0.6199704008094851,0.6199704008094851,,,,1.0
28,acetone_dipole,77,1.0,0.0,0.6199704008094851,0.6199704008094851,,,,1.0
28,acetone_dipole,78,1.0,0.0,0.6199704008094851,0.6199704008094851,,,,1.0
28,acetone_dipole,79,1.0,0.0,0.6199704008094851,0.6199704008094851,,,,1.0
28,acetone_dipole,80,1.0,0.0,0.6199704008094851,0.6199704008094851,,,,1.0
28,acetone_dipole,81,1.0,0.0,0.6199704008094851,0.6199704008094851,,,,1.0
28,acetone_dipole,82,1.0,0.0,0.6199704008094851,0.6199704008094851,,,,1.0
28,acetone_dipole,83,1.0,0.0,0.6199704008094851,0.6199704008094851,,,,1.0
28,acetone_dipole,84,1.0,0.0,0.6199704008094851,0.6199704008094851,,,,1.0
28,acetone_dipole,85,1.0,0.0,0.6199704008094851,0.6199704008094851,,,,1.0
28,acetone_dipole,86,1.0,0.0,0.6199704008094851,0.6199704008094851,,,,1.0
28,acetone_dipole,87,1.0,0.0,0.6199704008094851,0.6199704008094851,,,,1.0
28,acetone_dipole,88,1.0,0.0,0.6199704008094851,0.6199704008094851,,,,1.0
28,acetone_dipole,89,1.0,0.0,0.6199704008094851,0.6199704008094851,,,,1.0
28,acetone_dipole,90,1.0,0.0,0.6199704008094851,0.6199704008094851,,,,1.0
28,acetone_dipole,91,1.0,0.0,0.6199704008094851,0.6199704008094851,,,,1.0
28,acetone_dipole,92,1.0,0.0,0.6199704008094851,0.6199704008094851,,,,1.0
28,acetone_dipole,93,1.0,0.0,0.6199704008094851,0.6199704008094851,,,,1.0
28,acetone_dipole,94,1.0,0.0,0.6199704008094851,0.6199704008094851,,,,1.0
28,acetone_dipole,95,1.0,0.0,0.6199704008094851,0.6199704008094851,,,,1.0
28,acetone_dipole,96,1.0,0.0,0.6199704008094851,0.6199704008094851,,,,1.0
28,acetone_dipole,97,1.0,0.0,0.6199704008094851,0.6199704008094851,,,,1.0
28,acetone_dipole,98,1.0,0.0,0.6199704008094851,0.6199704008094851,,,,1.0
28,acetone_dipole,99,1.0,0.0,0.6199704008094851,0.6199704008094851,,,,1.0
28,acetone_dipole,100,1.0,0.0,0.6199704008094851,0.6199704008094851,,,,1.0
28,acetone_dipole,101,1.0,0.0,0.6199704008094851,0.6199704008094851,,,,1.0
28,acetone_dipole,102,1.0,0.0,0.6199704008094851,0.6199704008094851,,,,1.0
28,acetone_dipole,103,1.0,0.0,0.6199704008094851,0.6199704008094851,,,,1.0
28,acetone_dipole,104,1.0,0.0,0.6199704008094851,0.6199704008094851,,,,1.0
28,acetone_dipole,105,1.0,0.0,0.6199704008094851,0.6199704008094851,,,,1.0
28,acetone_dipole,106,1.0,0.0,0.6199704008094851,0.6199704008094851,,,,1.0
28,acetone_dipole,107,1.0,0.0,0.6199704008094851,0.6199704008094851,,,,1.0
28,acetone_dipole,108,1.0,0.0,0.6199704008094851,0.6199704008094851,,,,1.0
28,acetone_dipole,109,1.0,0.0,0.6199704008094851,0.6199704008094851,,,,1.0
28,acetone_dipole,110,1.0,0.0,0.6199704008094851,0.6199704008094851,,,,1.0
28,acetone_dipole,111,1.0,0.0,0.6199704008094851,0.6199704008094851,,,,1.0
28,acetone_dipole,112,1.0,0.0,0.6199704008094851,0.6199704008094851,,,,1.0
28,acetone_dipole,113,1.0,0.0,0.6199704008094851,0.6199704008094851,,,,1.0
28,acetone_dipole,114,1.0,0.0,0.6199704008094851,0.6199704008094851,,,,1.0
28,acetone_dipole,115,1.0,0.0,0.6199704008094851,0.6199704008094851,,,,1.0
28,acetone_dipole,116,1.0,0.0,0.6199704008094851,0.6199704008094851,,,,1.0
28,acetone_dipole,117,1.0,0.0,0.6199704008094851,0.6199704008094851,,,,1.0
28,acetone_dipole,118,1.0,0.0,0.6199704008094851,0.6199704008094851,,,,1.0
28,acetone_dipole,119,1.0,0.0,0.6199704008094851,0.6199704008094851,,,,1.0
28,acetone_dipole,120,1.0,0.0,0.6199704008094851,0.6199704008094851,,,,1.0
28,acetone_dipole,121,1.0,0.0,0.6199704008094851,0.6199704008094851,,,,1.0
28,acetone_dipole,122,1.0,0.0,0.6199704008094851,0.6199704008094851,,,,1.0
28,acetone_dipole,123,1.0,0.0,0.6199704008094851,0.6199704008094851,,,,1.0
28,acetone_dipole,124,1.0,0.0,0.6199704008094851,0.6199704008094851,,,,1.0
28,acetone_dipole,125,1.0,0.0,0.6199704008094851,0.6199704008094851,,,,1.0
28,acetone_dipole,126,1.0,0.0,0.6199704008094851,0.6199704008094851,,,,1.0
28,acetone_dipole,127,1.0,0.0,0.6199704008094851,0.6199704008094851,,,,1.0
28,acetone_dipole,128,1.0,0.0,0.6199704008094851,0.6199704008094851,,,,1.0
28,acetone_dipole,129,1.0,0.0,0.6199704008094851,0.6199704008094851,,,,1.0
28,acetone_dipole,130,1.0,0.0,0.6199704008094851,0.6199704008094851,,,,1.0
28,acetone_dipole,131,1.0,0.0,0.6199704008094851,0.6199704008094851,,,,1.0
28,acetone_dipole,132,1.0,0.0,0.6199704008094851,0.6199704008094851,,,,1.0
28,acetone_dipole,133,1.0,0.0,0.6199704008094851,0.6199704008094851,,,,1.0
28,acetone_dipole,134,1.0,0.0,0.6199704008094851,0.6199704008094851,,,,1.0
28,acetone_dipole,135,1.0,0.0,0.6199704008094851,0.6199704008094851,,,,1.0
28,acetone_dipole,136,1.0,0.0,0.6199704008094851,0.6199704008094851,,,,1.0
28,acetone_dipole,137,1.0,0.0,0.6199704008094851,0.6199704008094851,,,,1.0
28,acetone_dipole,138,1.0,0.0,0.6199704008094851,0.6199704008094851,,,,1.0
28,acetone_dipole,139,1.0,0.0,0.6199704008094851,0.6199704008094851,,,,1.0
28,acetone_dipole,140,1.0,0.0,0.6199704008094851,0.6199704008094851,,,,1.0
28,acetone_dipole,141,1.0,0.0,0.6199704008094851,0.6199704008094851,,,,1.0
28,acetone_dipole,142,1.0,0.0,0.6199704008094851,0.6199704008094851,,,,1.0
28,acetone_dipole,143,1.0,0.0,0.6199704008094851,0.6199704008094851,,,,1.0
28,acetone_dipole,144,1.0,0.0,0.6199704008094851,0.6199704008094851,,,,1.0
28,acetone_dipole,145,1.0,0.0,0.6199704008094851,0.6199704008094851,,,,1.0
28,acetone_dipole,146,1.0,0.0,0.6199704008094851,0.6199704008094851,,,,1.0
28,acetone_dipole,147,1.0,0.0,0.6199704008094851,0.6199704008094851,,,,1.0
28,acetone_dipole,148,1.0,0.0,0.6199704008094851,0.6199704008094851,,,,1.0
28,acetone_dipole,149,1.0,0.0,0.6199704008094851,0.6199704008094851,,,,1.0
28,acetone_dipole,150,1.0,0.0,0.6199704008094851,0.6199704008094851,,,,1.0
28,acetone_dipole,151,1.0,0.0,0.6199704008094851,0.6199704008094851,,,,1.0
28,acetone_dipole,152,1.0,0.0,0.6199704008094851,0.6199704008094851,,,,1.0
28,acetone_dipole,153,1.0,0.0,0.6199704008094851,0.6199704008094851,,,,1.0
28,acetone_dipole,154,1.0,0.0,0.6199704008094851,0.6199704008094851,,,,1.0
28,acetone_dipole,155,1.0,0.0,0.6199704008094851,0.6199704008094851,,,,1.0
28,acetone_dipole,156,1.0,0.0,0.6199704008094851,0.6199704008094851,,,,1.0
28,acetone_dipole,157,1.0,0.0,0.6199704008094851,0.6199704008094851,,,,1.0
28,acetone_dipole,158,1.0,0.0,0.6199704008094851,0.6199704008094851,,,,1.0
28,acetone_dipole,159,1.0,0.0,0.6199704008094851,0.6199704008094851,,,,1.0
28,acetone_dipole,160,1.0,0.0,0.6199704008094851,0.6199704008094851,,,,1.0
28,acetone_dipole,161,1.0,0.0,0.6199704008094851,0.6199704008094851,,,,1.0
28,acetone_dipole,162,1.0,0.0,0.6199704008094851,0.6199704008094851,,,,1.0
28,acetone_dipole,163,1.0,0.0,0.6199704008094851,0.6199704008094851,,,,1.0
28,acetone_dipole,164,1.0,0.0,0.6199704008094851,0.6199704008094851,,,,1.0
28,acetone_dipole,165,1.0,0.0,0.6199704008094851,0.6199704008094851,,,,1.0
28,acetone_dipole,166,1.0,0.0,0.6199704008094851,0.6199704008094851,,,,1.0
28,acetone_dipole,167,1.0,0.0,0.6199704008094851,0.6199704008094851,,,,1.0
28,acetone_dipole,168,1.0,0.0,0.6199704008094851,0.6199704008094851,,,,1.0
28,acetone_dipole,169,1.0,0.0,0.6199704008094851,0.6199704008094851,,,,1.0
28,acetone_dipole,170,1.0,0.0,0.6199704008094851,0.6199704008094851,,,,1.0
28,acetone_dipole,171,1.0,0.0,0.6199704008094851,0.6199704008094851,,,,1.0
28,acetone_dipole,172,1.0,0.0,0.6199704008094851,0.6199704008094851,,,,1.0
28,acetone_dipole,173,1.0,0.0,0.6199704008094851,0.6199704008094851,,,,1.0
28,acetone_dipole,174,1.0,0.0,0.6199704008094851,0.6199704008094851,,,,1.0
28,acetone_dipole,175,1.0,0.0,0.6199704008094851,0.6199704008094851,,,,1.0
28,acetone_dipole,176,1.0,0.0,0.6199704008094851,0.6199704008094851,,,,1.0
28,acetone_dipole,177,1.0,0.0,0.6199704008094851,0.6199704008094851,,,,1.0
28,acetone_dipole,178,1.0,0.0,0.6199704008094851,0.6199704008094851,,,,1.0
28,acetone_dipole,179,1.0,0.0,0.6199704008094851,0.6199704008094851,,,,1.0
28,acetone_dipole,180,1.0,0.0,0.6199704008094851,0.6199704008094851,,,,1.0
28,acetone_dipole,181,1.0,0.0,0.6199704008094851,0.6199704008094851,,,,1.0
28,acetone_dipole,182,1.0,0.0,0.6199704008094851,0.6199704008094851,,,,1.0
28,acetone_dipole,183,1.0,0.0,0.6199704008094851,0.6199704008094851,,,,1.0
28,acetone_dipole,184,1.0,0.0,0.6199704008094851,0.6199704008094851,,,,1.0
28,acetone_dipole,185,1.0,0.0,0.6199704008094851,0.6199704008094851,,,,1.0
28,acetone_dipole,186,1.0,0.0,0.6199704008094851,0.6199704008094851,,,,1.0
28,acetone_dipole,187,1.0,0.0,0.6199704008094851,0.6199704008094851,,,,1.0
28,acetone_dipole,188,1.0,0.0,0.6199704008094851,0.6199704008094851,,,,1.0
28,acetone_dipole,189,1.0,0.0,0.6199704008094851,0.6199704008094851,,,,1.0
28,acetone_dipole,190,1.0,0.0,0.6199704008094851,0.6199704008094851,,,,1.0
28,acetone_dipole,191,1.0,0.0,0.6199704008094851,0.6199704008094851,,,,1.0
28,acetone_dipole,192,1.0,0.0,0.6199704008094851,0.6199704008094851,,,,1.0
28,acetone_dipole,193,1.0,0.0,0.6199704008094851,0.6199704008094851,,,,1.0
28,acetone_dipole,194,1.0,0.0,0.6199704008094851,0.6199704008094851,,,,1.0
28,acetone_dipole,195,1.0,0.0,0.6199704008094851,0.6199704008094851,,,,1.0
28,acetone_dipole,196,1.0,0.0,0.6199704008094851,0.6199704008094851,,,,1.0
28,acetone_dipole,197,1.0,0.0,0.6199704008094851,0.6199704008094851,,,,1.0
28,acetone_dipole,198,1.0,0.0,0.6199704008094851,0.6199704008094851,,,,1.0
28,acetone_dipole,199,1.0,0.0,0.6199704008094851,0.6199704008094851,,,,1.0
28,acetone_dipole,200,1.0,0.0,0.6199704008094851,0.6199704008094851,,,,1.0
28,acetone_dipole,201,1.0,0.0,0.6199704008094851,0.6199704008094851,,,,1.0
28,acetone_dipole,202,1.0,0.0,0.6199704008094851,0.6199704008094851,,,,1.0
28,acetone_dipole,203,1.0,0.0,0.6199704008094851,0.6199704008094851,,,,1.0
28,acetone_dipole,204,1.0,0.0,0.6199704008094851,0.6199704008094851,,,,1.0
28,acetone_dipole,205,1.0,0.0,0.6199704008094851,0.6199704008094851,,,,1.0
28,acetone_dipole,206,1.0,0.0,0.6199704008094851,0.6199704008094851,,,,1.0
28,acetone_dipole,207,1.0,0.0,0.6199704008094851,0.6199704008094851,,,,1.0
28,acetone_dipole,208,1.0,0.0,0.6199704008094851,0.6199704008094851,,,,1.0
28,acetone_dipole,209,1.0,0.0,0.6199704008094851,0.6199704008094851,,,,1.0
28,acetone_dipole,210,1.0,0.0,0.6199704008094851,0.6199704008094851,,,,1.0
28,acetone_dipole,211,1.0,0.0,0.6199704008094851,0.6199704008094851,,,,1.0
28,acetone_dipole,212,1.0,0.0,0.6199704008094851,0.6199704008094851,,,,1.0
28,acetone_dipole,213,1.0,0.0,0.6199704008094851,0.6199704008094851,,,,1.0
28,acetone_dipole,214,1.0,0.0,0.6199704008094851,0.6199704008094851,,,,1.0
28,acetone_dipole,215,1.0,0.0,0.6199704008094851,0.6199704008094851,,,,1.0
28,acetone_dipole,216,1.0,0.0,0.6199704008094851,0.6199704008094851,,,,1.0
28,acetone_dipole,217,1.0,0.0,0.6199704008094851,0.6199704008094851,,,,1.0
28,acetone_dipole,218,1.0,0.0,0.6199704008094851,0.6199704008094851,,,,1.0
28,acetone_dipole,219,1.0,0.0,0.6199704008094851,0.6199704008094851,,,,1.0
28,acetone_dipole,220,1.0,0.0,0.6199704008094851,0.6199704008094851,,,,1.0
28,acetone_dipole,221,1.0,0.0,0.6199704008094851,0.6199704008094851,,,,1.0
28,acetone_dipole,222,1.0,0.0,0.6199704008094851,0.6199704008094851,,,,1.0
28,acetone_dipole,223,1.0,0.0,0.6199704008094851,0.6199704008094851,,,,1.0
28,acetone_dipole,224,1.0,0.0,0.6199704008094851,0.6199704008094851,,,,1.0
28,acetone_dipole,225,1.0,0.0,0.6199704008094851,0.6199704008094851,,,,1.0
28,acetone_dipole,226,1.0,0.0,0.6199704008094851,0.6199704008094851,,,,1.0
28,acetone_dipole,227,1.0,0.0,0.6199704008094851,0.6199704008094851,,,,1.0
28,acetone_dipole,228,1.0,0.0,0.6199704008094851,0.6199704008094851,,,,1.0
28,acetone_dipole,229,1.0,0.0,0.6199704008094851,0.6199704008094851,,,,1.0
28,acetone_dipole,230,1.0,0.0,0.6199704008094851,0.6199704008094851,,,,1.0
28,acetone_dipole,231,1.0,0.0,0.6199704008094851,0.6199704008094851,,,,1.0
28,acetone_dipole,232,1.0,0.0,0.6199704008094851,0.6199704008094851,,,,1.0
28,acetone_dipole,233,1.0,0.0,0.6199704008094851,0.6199704008094851,,,,1.0
28,acetone_dipole,234,1.0,0.0,0.6199704008094851,0.6199704008094851,,,,1.0
28,acetone_dipole,235,1.0,0.0,0.6199704008094851,0.6199704008094851,,,,1.0
28,acetone_dipole,236,1.0,0.0,0.6199704008094851,0.6199704008094851,,,,1.0
28,acetone_dipole,237,1.0,0.0,0.6199704008094851,0.6199704008094851,,,,1.0
28,acetone_dipole,238,1.0,0.0,0.6199704008094851,0.6199704008094851,,,,1.0
28,acetone_dipole,239,1.0,0.0,0.6199704008094851,0.6199704008094851,,,,1.0
28,acetone_dipole,240,1.0,0.0,0.6199704008094851,0.6199704008094851,,,,1.0
28,acetone_dipole,241,1.0,0.0,0.6199704008094851,0.6199704008094851,,,,1.0
28,acetone_dipole,242,1.0,0.0,0.6199704008094851,0.6199704008094851,,,,1.0
28,acetone_dipole,243,1.0,0.0,0.6199704008094851,0.6199704008094851,,,,1.0
28,acetone_dipole,244,1.0,0.0,0.6199704008094851,0.6199704008094851,,,,1.0
28,acetone_dipole,245,1.0,0.0,0.6199704008094851,0.6199704008094851,,,,1.0
28,acetone_dipole,246,1.0,0.0,0.6199704008094851,0.6199704008094851,,,,1.0
28,acetone_dipole,247,1.0,0.0,0.6199704008094851,0.6199704008094851,,,,1.0
28,acetone_dipole,248,1.0,0.0,0.6199704008094851,0.6199704008094851,,,,1.0
28,acetone_dipole,249,1.0,0.0,0.6199704008094851,0.6199704008094851,,,,1.0
28,octanol_gsolv_eV,0,0.2520410120487213,0.05637689307332039,0.6464309414511367,0.919069856294108,12.654783248901367,0.6190418004989624,0.04891761386373053,0.28
28,octanol_gsolv_eV,1,0.2628571391105652,0.04916888102889061,0.647392123399698,0.9132903586465739,11.12036418914795,0.5482950210571289,0.04930549141476811,0.3
28,octanol_gsolv_eV,2,0.1087019070982933,0.05233633890748024,0.6469403810130541,0.9524740904385149,11.598190307617188,0.015455219894647598,0.0013325544317458976,0.12
28,octanol_gsolv_eV,3,0.09135166555643082,0.04992722347378731,0.6463076851246301,0.9745270906298189,11.028631210327148,0.008289032615721226,0.0007515921475331791,0.08
28,octanol_gsolv_eV,4,0.2314247339963913,0.0376862995326519,0.6528272335175691,0.9346604169576953,8.462396621704102,0.23032152652740479,0.027217056446714284,0.16
28,octanol_gsolv_eV,5,0.1570025235414505,0.035539254546165466,0.6470035856599294,0.9385097851590307,7.8307013511657715,0.15709997713565826,0.020062057035577088,0.12
28,octanol_gsolv_eV,6,0.14317163825035095,0.05278534069657326,0.6466195040528089,0.9733464972686985,11.696649551391602,0.011821736581623554,0.0010106942616073397,0.2
28,octanol_gsolv_eV,7,0.47834911942481995,0.018712850287556648,0.667507206360852,0.9192655187374692,4.314826965332031,1.135622501373291,0.2631907398599247,0.38
28,octanol_gsolv_eV,8,0.19988924264907837,0.053414907306432724,0.6476350522987879,0.9580281048904795,11.874347686767578,0.03816836699843407,0.003214354843337438,0.14
28,octanol_gsolv_eV,9,0.07469384372234344,0.045210257172584534,0.6478411609680026,0.9626400989482251,10.008984565734863,0.022219287231564522,0.002219934208673962,0.08
28,octanol_gsolv_eV,10,0.09606201946735382,0.05153442174196243,0.6463133208796672,0.9463519805975082,11.36988639831543,0.053523752838373184,0.004707501109800297,0.08
28,octanol_gsolv_eV,11,0.05198665335774422,0.04924013093113899,0.6474597282951724,0.9621318148561622,10.929544448852539,0.010113010182976723,0.0009252910979321245,0.06
28,octanol_gsolv_eV,12,0.12734553217887878,0.04816586151719093,0.6480662550091831,0.964951857170121,10.699875831604004,0.029669219627976418,0.0027728564419731913,0.12
28,octanol_gsolv_eV,13,0.3718656599521637,0.026009447872638702,0.6620890637281263,0.9125130038668392,6.019285678863525,0.7569018602371216,0.1257461268028782,0.22
28,octanol_gsolv_eV,14,0.07900390774011612,0.04972909390926361,0.6456290802422424,0.9570285101670486,10.969334602355957,0.009923893958330154,0.0009046942515728104,0.1
28,octanol_gsolv_eV,15,0.20589911937713623,0.050289466977119446,0.6470076646856604,0.9239699245791577,11.20474910736084,0.7202293276786804,0.06427893393931806,0.18
28,octanol_gsolv_eV,16,0.10853813588619232,0.044318731874227524,0.6490696874624464,0.950825195195595,9.855168342590332,0.06068279221653938,0.006157458716792403,0.12
28,octanol_gsolv_eV,17,0.31024301052093506,0.05028044059872627,0.6436046754591704,0.9286244400828605,11.224114418029785,0.5091089606285095,0.04535849704193193,0.34
28,octanol_gsolv_eV,18,0.29668402671813965,0.04319721832871437,0.64905668482786,0.9114601111063207,9.74574089050293,0.7252753376960754,0.07441972302001634,0.32
28,octanol_gsolv_eV,19,0.18208926916122437,0.04740617051720619,0.6471025650450244,0.9488447789449057,10.518704414367676,0.10270533710718155,0.009764067233118044,0.12
28,octanol_gsolv_eV,20,0.2998712360858917,0.05070915445685387,0.6481411530090129,0.9232898512385583,11.400053977966309,1.5618690252304077,0.13700540613659748,0.3
28,octanol_gsolv_eV,21,0.27595049142837524,0.047210969030857086,0.6482058531187553,0.9126576511508213,10.588173866271973,0.8110456466674805,0.07659919991029052,0.32
28,octanol_gsolv_eV,22,0.072749562561512,0.04567163065075874,0.6496862632402036,0.958282520197727,10.165654182434082,0.011170775629580021,0.0010988742513868665,0.02
28,octanol_gsolv_eV,23,0.1751679927110672,0.055012427270412445,0.6472212193852611,0.9355819982385059,12.228315353393555,0.08388204872608185,0.006859656976609066,0.1
28,octanol_gsolv_eV,24,0.2137788087129593,0.04088512435555458,0.6488923978232435,0.9378015419185453,9.161073684692383,0.3194741904735565,0.03487300740822325,0.1
28,octanol_gsolv_eV,25,0.15672850608825684,0.04711465165019035,0.6489450727504684,0.9569573106477123,10.512139320373535,0.06382790952920914,0.00607182872904895,0.14
28,octanol_gsolv_eV,26,0.08643458783626556,0.06320913136005402,0.6449085264920544,0.965643064443584,13.883550643920898,0.01964307203888893,0.001414844987617769,0.06
28,octanol_gsolv_eV,27,0.13777051866054535,0.047090284526348114,0.6487082328835261,0.9759896869522469,10.48195743560791,0.007269296795129776,0.000693505658631611,0.12
28,octanol_gsolv_eV,28,0.12648716568946838,0.04674284905195236,0.6492374936719767,0.9683232579255512,10.417879104614258,0.01868143118917942,0.0017932086753536132,0.12
28,octanol_gsolv_eV,29,0.08565469831228256,0.04941834136843681,0.6520376485791075,0.9581923630479245,11.110297203063965,0.010868766345083714,0.0009782606303354656,0.04
28,octanol_gsolv_eV,30,0.049993447959423065,0.0517292320728302,0.6475639641455664,0.9633861647028068,11.469311714172363,0.009624439291656017,0.0008391470675405326,0.06
28,octanol_gsolv_eV,31,0.16542474925518036,0.027649657800793648,0.6604372994174184,0.9688220087106469,6.264322757720947,0.04866798594594002,0.007769073821420744,0.12
28,octanol_gsolv_eV,32,0.38378578424453735,0.06152011454105377,0.6476242476355367,0.9206276830534743,13.825518608093262,2.041980504989624,0.14769648523667514,0.3
28,octanol_gsolv_eV,33,0.2261897474527359,0.048452869057655334,0.6522959446510781,0.940594596105162,10.955320358276367,0.24298056960105896,0.022179229968158395,0.32
28,octanol_gsolv_eV,34,0.16169054806232452,0.029783330857753754,0.6597141407708251,0.9613349145675096,6.707256317138672,0.02411746047437191,0.0035957266777990773,0.16
28,octanol_gsolv_eV,35,0.25524765253067017,0.07135990262031555,0.6429892314239731,0.9186329105774373,15.882418632507324,0.6901827454566956,0.04345577090154674,0.12
28,octanol_gsolv_eV,36,0.2701004445552826,0.04155542328953743,0.6491073348529943,0.935543646225371,9.371291160583496,0.241354301571846,0.025754647618569805,0.3
28,octanol_gsolv_eV,37,0.31993016600608826,0.04886132851243019,0.6488035287248564,0.9243912763710138,10.984981536865234,1.761600375175476,0.16036443659587443,0.3
28,octanol_gsolv_eV,38,0.1056349128484726,0.048340387642383575,0.6494246637901921,0.961372318874677,10.75620174407959,0.006828120909631252,0.0006348078133984029,0.14
28,octanol_gsolv_eV,39,0.288719117641449,0.04683196172118187,0.6479372497470701,0.9247926467527461,10.52865219116211,0.5331555008888245,0.05063853294881963,0.3
28,octanol_gsolv_eV,40,0.2364174723625183,0.05010199174284935,0.6500024376151645,0.9318389159544647,11.337846755981445,0.28678151965141296,0.02529417849999756,0.2
28,octanol_gsolv_eV,41,0.22316047549247742,0.049647387117147446,0.642128297310095,0.905648362814699,11.052536964416504,1.5380659103393555,0.1391595355248427,0.16
28,octanol_gsolv_eV,42,0.3946208357810974,0.051486603915691376,0.6508476414547706,0.9329958730942638,11.856354713439941,1.268440842628479,0.10698404975946103,0.38
28,octanol_gsolv_eV,43,0.27142134308815,0.04833664745092392,0.6491394845677987,0.9159114916217339,10.9200439453125,0.6826249957084656,0.06251119492989649,0.2
28,octanol_gsolv_eV,44,0.3112654387950897,0.04237748682498932,0.6522926262981581,0.9155822341230149,9.68343448638916,0.8282727599143982,0.08553501973691273,0.26
28,octanol_gsolv_eV,45,0.32695528864860535,0.04413055628538132,0.6490215489863083,0.9078581224005133,10.008376121520996,0.8749863505363464,0.08742540647077247,0.24
28,octanol_gsolv_eV,46,0.13155539333820343,0.049152206629514694,0.6460067821771638,0.9449964182874084,10.852073669433594,0.06108991429209709,0.005629330960419621,0.14
28,octanol_gsolv_eV,47,0.15633907914161682,0.0528838224709034,0.6476718409909821,0.952684807958456,11.7493257522583,0.025136787444353104,0.0021394238251945343,0.1
28,octanol_gsolv_eV,48,0.14186175167560577,0.05059470608830452,0.652293474973711,0.935386136992381,11.360041618347168,0.04283720627427101,0.0037708670191037223,0.16
28,octanol_gsolv_eV,49,0.0857919305562973,0.05037190392613411,0.6470543376607796,0.9387094708484727,11.138309478759766,0.030475670471787453,0.002736112740439034,0.1
28,octanol_gsolv_eV,50,0.141190767288208,0.05904565751552582,0.6488997218970434,0.9675164921228947,13.186177253723145,0.01015593484044075,0.0007701955346894188,0.1
28,octanol_gsolv_eV,51,0.1980568915605545,0.05175694823265076,0.6474715755173102,0.9405796766256098,11.565308570861816,0.2165900319814682,0.01872756188513252,0.12
28,octanol_gsolv_eV,52,0.0955289900302887,0.036453936249017715,0.6503716253365783,0.9553202796742242,8.11248779296875,0.053718652576208115,0.006621723686631258,0.02
28,octanol_gsolv_eV,53,0.33432459831237793,0.03374217450618744,0.650056404817341,0.9142605657480465,7.554791450500488,1.1945765018463135,0.15812170457295355,0.22
28,octanol_gsolv_eV,54,0.371798038482666,0.04250635579228401,0.6476053053511266,0.908022202145653,9.651107788085938,0.7699630856513977,0.0797797623400185,0.34
28,octanol_gsolv_eV,55,0.11383503675460815,0.09769578278064728,0.6421895397395807,0.9766067277071029,21.390594482421875,0.02034064196050167,0.0009509152247833494,0.18
28,octanol_gsolv_eV,56,0.24172085523605347,0.04957231506705284,0.6485593194551724,0.8877467786400393,11.186803817749023,0.8262033462524414,0.07385517433867787,0.16
28,octanol_gsolv_eV,57,0.17342136800289154,0.04610716551542282,0.6495945967715391,0.9548747636565003,10.319087028503418,0.07453583925962448,0.007223104045323131,0.12
28,octanol_gsolv_eV,58,0.2483198642730713,0.022097263485193253,0.6619564141089893,0.9634000074394491,4.984519958496094,0.08726633340120316,0.01750746995253937,0.22
28,octanol_gsolv_eV,59,0.18578794598579407,0.03914669156074524,0.651244633702768,0.9475080132248053,8.763413429260254,0.09446104615926743,0.01077902428337689,0.16
28,octanol_gsolv_eV,60,0.2817675471305847,0.04324706643819809,0.6516242917696726,0.9104368963364033,9.871309280395508,0.7208324670791626,0.07302298475347552,0.24
28,octanol_gsolv_eV,61,0.14379945397377014,0.04368272423744202,0.6500262692687748,0.9680336994369632,9.749671936035156,0.022148802876472473,0.002271748528748917,0.12
28,octanol_gsolv_eV,62,0.2909121513366699,0.049291253089904785,0.6524568083922788,0.9216740124807314,11.234092712402344,0.7216273546218872,0.06423548150223264,0.26
28,octanol_gsolv_eV,63,0.3866676092147827,0.03609893098473549,0.6518973032778945,0.907253480238772,8.299447059631348,0.8178656697273254,0.09854459747149157,0.34
28,octanol_gsolv_eV,64,0.12678217887878418,0.051383305341005325,0.647539876634847,0.9739447904325962,11.402288436889648,0.02369305118918419,0.0020779207016488398,0.14
28,octanol_gsolv_eV,65,0.33913519978523254,0.05864015594124794,0.6506466749206126,0.9340819318267137,13.421060562133789,0.967423141002655,0.07208246595147219,0.3
28,octanol_gsolv_eV,66,0.2791573107242584,0.05015026777982712,0.6519629053665641,0.9116297475657493,11.451870918273926,1.2896164655685425,0.11261185833929387,0.26
28,octanol_gsolv_eV,67,0.12810203433036804,0.0500631257891655,0.6487834900454936,0.9679043056070451,11.126300811767578,0.027041740715503693,0.0024304340834379896,0.12
28,octanol_gsolv_eV,68,0.19649460911750793,0.05099249631166458,0.6486261181451187,0.9695200726768567,11.349318504333496,0.01907099410891533,0.0016803646934072274,0.18
28,octanol_gsolv_eV,69,0.24965529143810272,0.05831698328256607,0.64575724622594,0.9290806355780532,13.025635719299316,0.5194687247276306,0.039880489207752404,0.22
28,octanol_gsolv_eV,70,0.11053831875324249,0.04325544461607933,0.6465132562258564,0.91317451454231,9.548432350158691,0.1406545490026474,0.014730643088266712,0.02
28,octanol_gsolv_eV,71,0.23581288754940033,0.05012340098619461,0.6490373269582508,0.9474076949894925,11.27318286895752,0.36114445328712463,0.03203571320408477,0.34
28,octanol_gsolv_eV,72,0.1741250455379486,0.01611504703760147,0.658800242550835,0.9571631991264558,3.5903971195220947,0.0569918155670166,0.015873401651626377,0.1
28,octanol_gsolv_eV,73,0.1336870938539505,0.04590471088886261,0.6471290040146676,0.9347937258082419,10.175455093383789,0.16962310671806335,0.01666983001363295,0.14
28,octanol_gsolv_eV,74,0.16564883291721344,0.04814894124865532,0.6482503795161916,0.9426193054631848,10.690616607666016,0.12405116856098175,0.011603743087375079,0.14
28,octanol_gsolv_eV,75,0.1454150676727295,0.05606263130903244,0.6471572346649017,0.9553123514820518,12.449323654174805,0.05440772697329521,0.004370335970424378,0.12
28,octanol_gsolv_eV,76,0.13354824483394623,0.05157849192619324,0.649843766364506,0.968751458566308,11.505960464477539,0.01021584216505289,0.0008878739151409703,0.12
28,octanol_gsolv_eV,77,0.13135311007499695,0.020069994032382965,0.6539690087703722,0.9556204776452784,4.432435035705566,0.05660632997751236,0.012770932799131622,0.06
28,octanol_gsolv_eV,78,0.41528990864753723,0.02840999700129032,0.6625603170729584,0.9131313825885179,6.546905040740967,1.1522927284240723,0.1760057189241984,0.26
28,octanol_gsolv_eV,79,0.11289677023887634,0.06328849494457245,0.642618633053698,0.9622160141418272,13.843308448791504,0.016267728060483932,0.0011751329619404728,0.06
28,octanol_gsolv_eV,80,0.17195002734661102,0.04991183429956436,0.6478952416842672,0.9361045768770166,11.157557487487793,0.29045426845550537,0.026032065600488635,0.24
28,octanol_gsolv_eV,81,0.08785488456487656,0.05129394680261612,0.6492810877956332,0.9727964851982227,11.475844383239746,0.014441534876823425,0.0012584289569066494,0.12
28,octanol_gsolv_eV,82,0.2941577434539795,0.06625603139400482,0.6431549590235477,0.9302734517881803,14.811477661132812,1.015021800994873,0.06852940835595482,0.24
28,octanol_gsolv_eV,83,0.15426738560199738,0.04465721920132637,0.6484669277590327,0.9312377553535436,9.938984870910645,0.17714045941829681,0.017822791936905984,0.1
28,octanol_gsolv_eV,84,0.39651069045066833,0.04516319930553436,0.652961160731145,0.9145393504323536,10.308362007141113,1.9268282651901245,0.186918956072295,0.36
28,octanol_gsolv_eV,85,0.09704719483852386,0.056281160563230515,0.6450088866933998,0.955241589489189,12.403860092163086,0.053296491503715515,0.004296766579735038,0.08
28,octanol_gsolv_eV,86,0.2978874742984772,0.0546581894159317,0.6470812951293523,0.9270357408376964,12.262444496154785,0.5979729890823364,0.04876458272817029,0.22
28,octanol_gsolv_eV,87,0.12134275585412979,0.05655229091644287,0.6458092982883996,0.9709288583310178,12.559720993041992,0.012748117558658123,0.0010150000597720682,0.08
28,octanol_gsolv_eV,88,0.0761764794588089,0.04762927070260048,0.6502282775685395,0.9597114931691795,10.651705741882324,0.007930819876492023,0.0007445586715100639,0.06
28,octanol_gsolv_eV,89,0.05689912661910057,0.05003257840871811,0.6472189906024302,0.9614064567242389,11.08354663848877,0.009791606105864048,0.0008834361802441176,0.02
28,octanol_gsolv_eV,90,0.11203796416521072,0.04990346357226372,0.6493377285456632,0.9709280842383343,11.12265396118164,0.015061159618198872,0.001354097652481388,0.14
28,octanol_gsolv_eV,91,0.20534689724445343,0.04751770570874214,0.6492539117161744,0.9541279638331441,10.605278015136719,0.25217142701148987,0.023777917622863843,0.24
28,octanol_gsolv_eV,92,0.07155103236436844,0.053625792264938354,0.6470262125940633,0.961528780615547,11.865887641906738,0.011041486635804176,0.0009305234440960804,0.1
28,octanol_gsolv_eV,93,0.2759757339954376,0.05199521407485008,0.6489999318019646,0.918308068302762,11.754355430603027,0.6915053725242615,0.05882971436476169,0.18
28,octanol_gsolv_eV,94,0.06925536692142487,0.054872095584869385,0.6486099419955127,0.965727146186192,12.246667861938477,0.009470399469137192,0.0007733041816680868,0.06
28,octanol_gsolv_eV,95,0.0931573212146759,0.05907187610864639,0.6396202505732469,0.9686266106067629,12.785225868225098,0.011556664481759071,0.0009039077291923838,0.1
28,octanol_gsolv_eV,96,0.26698148250579834,0.04176236316561699,0.6491232005220138,0.926727174882154,9.395627975463867,0.6225367784500122,0.06625813411043206,0.22
28,octanol_gsolv_eV,97,0.656787097454071,0.02213968336582184,0.6795138428552301,0.9284959130729038,5.105204105377197,2.9357826709747314,0.5750568655781142,0.68
28,octanol_gsolv_eV,98,0.3734573423862457,0.024814633652567863,0.6633395384692662,0.9475289721358069,5.60474967956543,1.212052345275879,0.21625450101633384,0.32
28,octanol_gsolv_eV,99,0.10357407480478287,0.05218329653143883,0.646080493882331,0.9515869139459616,11.515819549560547,0.016827428713440895,0.001461244563708281,0.14
28,octanol_gsolv_eV,100,0.1711326390504837,0.05310186743736267,0.647271245475614,0.9716291841800297,11.789458274841309,0.020077819004654884,0.0017030315165117407,0.14
28,octanol_gsolv_eV,101,0.36368632316589355,0.05200290307402611,0.6507168127906484,0.9091136213491191,11.77577018737793,1.18930184841156,0.10099567412468143,0.34
28,octanol_gsolv_eV,102,0.3136431574821472,0.04360150173306465,0.6513311611470436,0.9352157611680179,9.829275131225586,1.244971752166748,0.12665956904713438,0.3
28,octanol_gsolv_eV,103,0.23807820677757263,0.05157173052430153,0.648286992495315,0.9422188531767386,11.530234336853027,0.28192102909088135,0.02445058971523268,0.14
28,octanol_gsolv_eV,104,0.19646614789962769,0.04718150198459625,0.6499903496491652,0.9520414435117848,10.57717227935791,0.22190430760383606,0.020979549329729442,0.12
28,octanol_gsolv_eV,105,0.06316035985946655,0.04975567385554314,0.6448025574188339,0.9670487818816675,10.942435264587402,0.015577482059597969,0.0014235845753651198,0.1
28,octanol_gsolv_eV,106,0.10438105463981628,0.04523788020014763,0.6479376888613249,0.9547478544146173,10.060115814208984,0.010366346687078476,0.0010304400941823124,0.14
28,octanol_gsolv_eV,107,0.17453499138355255,0.05387245863676071,0.6499512282957858,0.9414978980458624,12.111910820007324,0.2858831286430359,0.023603470409540465,0.12
28,octanol_gsolv_eV,108,0.23908817768096924,0.038051098585128784,0.651387757747028,0.9176355185531417,8.612661361694336,0.24027512967586517,0.02789789585185743,0.2
28,octanol_gsolv_eV,109,0.13099417090415955,0.04718422144651413,0.6482569407978349,0.9681590994857705,10.486318588256836,0.01557442918419838,0.001485214191531382,0.14
28,octanol_gsolv_eV,110,0.11788718402385712,0.046598318964242935,0.6480606797791124,0.9658609742355941,10.34594440460205,0.011894073337316513,0.0011496363088927704,0.14
28,octanol_gsolv_eV,111,0.09543932229280472,0.049362920224666595,0.6469239868100354,0.9670977621963761,10.93121337890625,0.01144392415881157,0.0010469033731328205,0.1
28,octanol_gsolv_eV,112,0.10864085704088211,0.03833697736263275,0.6510718729156122,0.9401153633800643,8.545563697814941,0.07792030274868011,0.00911821683203929,0.04
28,octanol_gsolv_eV,113,0.12198914587497711,0.04553903266787529,0.6492943022986375,0.9748702630993802,10.191038131713867,0.009234417229890823,0.0009061311625509378,0.14
28,octanol_gsolv_eV,114,0.15504704415798187,0.04785376042127609,0.6491113703754992,0.9593664965691042,10.661184310913086,0.029340483248233795,0.0027520847958889573,0.14
28,octanol_gsolv_eV,115,0.6877769827842712,0.010514114052057266,0.6871181828880546,0.9168357540512393,2.322171688079834,1.657271146774292,0.713672961943939,0.6
28,octanol_gsolv_eV,116,0.1424282342195511,0.05456429719924927,0.650434803077049,0.9656608152782926,12.221094131469727,0.028362208977341652,0.002320758573023999,0.12
28,octanol_gsolv_eV,117,0.2635017931461334,0.04524198919534683,0.6443824135837717,0.9305334319215253,10.144189834594727,0.4867193102836609,0.04798010666399422,0.16
28,octanol_gsolv_eV,118,0.15026499330997467,0.05299411714076996,0.6479860216744053,0.9647397210279136,11.818199157714844,0.029832713305950165,0.0025243028068684696,0.14
28,octanol_gsolv_eV,119,0.1781107783317566,0.048138681799173355,0.6471852005712369,0.9177531723556329,10.725056648254395,0.7688069343566895,0.07168325162010404,0.14
28,octanol_gsolv_eV,120,0.33538728952407837,0.04974905773997307,0.653304357441391,0.9098048827245819,11.360126495361328,1.2653372287750244,0.11138407915543005,0.22
28,octanol_gsolv_eV,121,0.14558865129947662,0.026260612532496452,0.6604462009081531,0.9609485392743291,5.9049553871154785,0.026321733370423317,0.004457566847644087,0.14
28,octanol_gsolv_eV,122,0.4410383701324463,0.04840395227074623,0.6551851845199046,0.9301695896482234,11.195948600769043,1.3702466487884521,0.12238772234934436,0.34
28,octanol_gsolv_eV,123,0.10180382430553436,0.06474211812019348,0.6446517712756079,0.9695948809814183,14.246234893798828,0.01575230248272419,0.001105716885910742,0.1
28,octanol_gsolv_eV,124,0.1621171534061432,0.05326103791594505,0.6469817674882399,0.9715546248155216,11.808794975280762,0.03631853684782982,0.003075549785042002,0.16
28,octanol_gsolv_eV,125,0.13951335847377777,0.04027324542403221,0.6503126241572796,0.9690370351235413,8.980997085571289,0.01086770836263895,0.0012100781526918451,0.12
28,octanol_gsolv_eV,126,0.2821544408798218,0.03797867149114609,0.6544092293808428,0.9451276394808457,8.543986320495605,0.6755231618881226,0.07906416707007766,0.16
28,octanol_gsolv_eV,127,0.33333733677864075,0.04788452386856079,0.6507479256175654,0.9105912300520138,11.025771141052246,0.654556930065155,0.059366090742446455,0.32
28,octanol_gsolv_eV,128,0.08577617257833481,0.049288954585790634,0.645820256935177,0.9643952206538089,10.901724815368652,0.026936501264572144,0.002470847661335071,0.06
28,octanol_gsolv_eV,129,0.1223318874835968,0.05046584829688072,0.6488913569564829,0.9700892325725465,11.228343963623047,0.012180992402136326,0.0010848431827168473,0.1
28,octanol_gsolv_eV,130,0.12062844634056091,0.05491695925593376,0.64639134525234,0.9667476343706485,12.122379302978516,0.009356340393424034,0.0007718237616212145,0.12
28,octanol_gsolv_eV,131,0.33561062812805176,0.04980988800525665,0.6496087024472161,0.9322133359609888,11.321064949035645,1.3919546604156494,0.12295262563034932,0.38
28,octanol_gsolv_eV,132,0.25530916452407837,0.03489001840353012,0.6567558171396135,0.976291675035653,7.846807956695557,0.053219836205244064,0.006782354875887134,0.2
28,octanol_gsolv_eV,133,0.26048073172569275,0.047233063727617264,0.6441852233688421,0.921083426169832,10.490267753601074,0.6175335049629211,0.05886727769659985,0.34
28,octanol_gsolv_eV,134,0.214833602309227,0.04744920879602432,0.6507218461389837,0.9174133750159879,10.699347496032715,0.38069504499435425,0.035581145965724995,0.2
28,octanol_gsolv_eV,135,0.07720957696437836,0.05569114163517952,0.6447460328202004,0.9667403750780301,12.277684211730957,0.018128154799342155,0.001476512548027685,0.06
28,octanol_gsolv_eV,136,0.18956932425498962,0.051949646323919296,0.6500758791796741,0.9404972709495005,11.658239364624023,0.28468388319015503,0.02441911460953573,0.14
28,octanol_gsolv_eV,137,0.23916074633598328,0.05229409411549568,0.6474383958755368,0.9135907912132979,11.777234077453613,0.9682418704032898,0.08221301063013566,0.28
28,octanol_gsolv_eV,138,0.21343019604682922,0.04786652699112892,0.652103640994143,0.9184129706956192,10.825217247009277,0.31994715332984924,0.02955572586021239,0.18
28,octanol_gsolv_eV,139,0.3149963319301605,0.05268380045890808,0.6485444052076157,0.9119106141151536,11.835524559020996,1.254294753074646,0.10597711548987719,0.3
28,octanol_gsolv_eV,140,0.16999521851539612,0.020385580137372017,0.6616947694258755,0.9676010524318737,4.584809303283691,0.03415132313966751,0.007448799040607415,0.16
28,octanol_gsolv_eV,141,0.18575993180274963,0.04850853234529495,0.6456737822360996,0.9684939611289953,10.755864143371582,0.059805728495121,0.005560290433007833,0.16
28,octanol_gsolv_eV,142,0.0899030938744545,0.04148388281464577,0.6510315309562815,0.9523570712784082,9.273019790649414,0.041473545134067535,0.004472496130752141,0.08
28,octanol_gsolv_eV,143,0.25491395592689514,0.05031253769993782,0.6405321528191334,0.9053674520954591,11.187943458557129,0.6876095533370972,0.0614598702508795,0.26
28,octanol_gsolv_eV,144,0.20492832362651825,0.04723595082759857,0.6496687351383392,0.9616261772353383,10.537878036499023,0.04552165046334267,0.0043198118544999055,0.12
28,octanol_gsolv_eV,145,0.2546611428260803,0.02526506409049034,0.6636594982336899,0.9543223812687982,5.788551330566406,0.09243275225162506,0.015968201191122647,0.16
28,octanol_gsolv_eV,146,0.3505183160305023,0.045219969004392624,0.6489928188389282,0.9136968092738951,10.100076675415039,2.0166547298431396,0.19966726933390036,0.3
28,octanol_gsolv_eV,147,0.17237147688865662,0.03699224442243576,0.6510349586034048,0.9193395107909224,8.270942687988281,0.3001214861869812,0.03628624904182221,0.12
28,octanol_gsolv_eV,148,0.11122559010982513,0.0503617487847805,0.6472473079255283,0.9581193662553324,11.151782035827637,0.005176973063498735,0.00046422832215214856,0.14
28,octanol_gsolv_eV,149,0.2310636192560196,0.027308542281389236,0.6587182093631476,0.9608259615675814,6.143619060516357,0.1624710112810135,0.026445489162109308,0.14
28,octanol_gsolv_eV,150,0.31612640619277954,0.046169400215148926,0.6490515412007891,0.9194979370622232,10.46037483215332,0.7911023497581482,0.07562848965282211,0.3
28,octanol_gsolv_eV,151,0.2394864857196808,0.052532684057950974,0.6473063418265692,0.9405169077450017,11.713101387023926,0.1521260291337967,0.01298768140966711,0.2
28,octanol_gsolv_eV,152,0.06500720977783203,0.05323036015033722,0.650206353179142,0.9509276873592818,11.891714096069336,0.07271630316972733,0.006114871462791292,0.04
28,octanol_gsolv_eV,153,0.2588809132575989,0.04034445062279701,0.6507589172750248,0.9170426395262841,9.023537635803223,0.8738882541656494,0.09684541578219516,0.28
28,octanol_gsolv_eV,154,0.2310713678598404,0.048479970544576645,0.6513446032863743,0.9087152465007027,10.990531921386719,0.5333698391914368,0.048529938587734835,0.2
28,octanol_gsolv_eV,155,0.2854340374469757,0.046595796942710876,0.6468316944584234,0.930254105975372,10.503886222839355,0.34226012229919434,0.03258414219634191,0.32
28,octanol_gsolv_eV,156,0.1354862004518509,0.044819630682468414,0.648486485115414,0.9774341733498726,9.962620735168457,0.013652369379997253,0.0013703592400947106,0.14
28,octanol_gsolv_eV,157,0.25966963171958923,0.05192108824849129,0.6500801625824888,0.9120007465143498,11.651525497436523,0.8371518850326538,0.07184912269357668,0.34
28,octanol_gsolv_eV,158,0.38735678791999817,0.03870992735028267,0.6505862989744433,0.8952963203345539,8.839726448059082,0.9242324829101562,0.10455442126414305,0.34
28,octanol_gsolv_eV,159,0.14063449203968048,0.05027981474995613,0.649106555365764,0.9807566830044918,11.290740966796875,0.016301237046718597,0.0014437703508260694,0.1
28,octanol_gsolv_eV,160,0.23839081823825836,0.04145994409918785,0.6540758026551041,0.9525085456440103,9.413248062133789,0.3007352650165558,0.031948086678636335,0.24
28,octanol_gsolv_eV,161,0.3149802088737488,0.0595756359398365,0.6435454170381605,0.9277606166203378,13.424647331237793,1.6469674110412598,0.12268235957371734,0.32
28,octanol_gsolv_eV,162,0.45445704460144043,0.023406004533171654,0.6631210719749794,0.9237623022841799,5.327341079711914,0.8120443820953369,0.15242958352860894,0.36
28,octanol_gsolv_eV,163,0.09529776126146317,0.030892997980117798,0.6498926485435972,0.9510435940229414,6.8523335456848145,0.045503973960876465,0.006640653677685044,0.08
28,octanol_gsolv_eV,164,0.0656665489077568,0.03782282769680023,0.6510029682923772,0.947511046463344,8.440064430236816,0.011845702305436134,0.0014035085162381587,0.04
28,octanol_gsolv_eV,165,0.2360168993473053,0.04767609387636185,0.6486794356293768,0.9353584862070556,10.691546440124512,0.31989824771881104,0.02992067139307918,0.24
28,octanol_gsolv_eV,166,0.17684431374073029,0.061183374375104904,0.6436799931488635,0.9268472449296157,13.503205299377441,0.34626495838165283,0.02564316772978466,0.1
28,octanol_gsolv_eV,167,0.12025640159845352,0.03960985690355301,0.6512437897543475,0.9701527894265127,8.846407890319824,0.010817483998835087,0.0012228109005319675,0.12
28,octanol_gsolv_eV,168,0.04593595489859581,0.04409733787178993,0.6503234073673441,0.9548696674813821,9.83958911895752,0.01689121685922146,0.0017166587603417165,0.04
28,octanol_gsolv_eV,169,0.09112092107534409,0.0600535050034523,0.646049704611416,0.9651641666766428,13.267580032348633,0.012006361968815327,0.0009049398563673074,0.08
28,octanol_gsolv_eV,170,0.13094651699066162,0.052147917449474335,0.6463048172640513,0.9756078766033605,11.524330139160156,0.010408366098999977,0.0009031645200471924,0.12
28,octanol_gsolv_eV,171,0.3078120946884155,0.04555828869342804,0.6494977338082148,0.9422965737593618,10.317922592163086,0.8274415135383606,0.0801945843407314,0.24
28,octanol_gsolv_eV,172,0.30442214012145996,0.04596395790576935,0.6497555913463311,0.9065747215694464,10.48674201965332,0.7091259956359863,0.06762119200672673,0.34
28,octanol_gsolv_eV,173,0.3332996368408203,0.04665261507034302,0.6485925420508718,0.920897711898232,10.577173233032227,1.2067015171051025,0.11408544518648955,0.34
28,octanol_gsolv_eV,174,0.3483414351940155,0.047008998692035675,0.6469503967302896,0.9104938416924397,10.554845809936523,0.7628065347671509,0.07227074165773516,0.28
28,octanol_gsolv_eV,175,0.11885090172290802,0.05658187344670296,0.6477081357959256,0.9517379573872802,12.541632652282715,0.03833283111453056,0.003056446650712064,0.1
28,octanol_gsolv_eV,176,0.30960211157798767,0.053097791969776154,0.6472355900867117,0.9153248070135069,11.831096649169922,0.890508770942688,0.07526848924906439,0.26
28,octanol_gsolv_eV,177,0.22259368002414703,0.05226471647620201,0.6393453843710082,0.9114556936546927,11.48226261138916,0.9115369915962219,0.07938653055122394,0.22
28,octanol_gsolv_eV,178,0.11626315116882324,0.06394428759813309,0.6441388142185758,0.9674038571790933,14.059222221374512,0.006785943638533354,0.00048266849557413995,0.08
28,octanol_gsolv_eV,179,0.09847144037485123,0.048721086233854294,0.6488687144798759,0.9710425748073046,10.849661827087402,0.01715158112347126,0.0015808401585983452,0.04
28,octanol_gsolv_eV,180,0.34228771924972534,0.0443599596619606,0.6485148352277001,0.917542394339214,10.02619743347168,0.802889347076416,0.08007914789270282,0.24
28,octanol_gsolv_eV,181,0.19306041300296783,0.050217121839523315,0.6473420303633146,0.950782723177193,11.171834945678711,0.09038401395082474,0.008090346338833574,0.14
28,octanol_gsolv_eV,182,0.12280825525522232,0.04840824007987976,0.6487334543833425,0.9550956596002249,10.778520584106445,0.018042603507637978,0.0016739406272733611,0.12
28,octanol_gsolv_eV,183,0.09029010683298111,0.04895857721567154,0.6480314940361873,0.9755772383993251,10.859230041503906,0.0064974562264978886,0.000598334891301193,0.08
28,octanol_gsolv_eV,184,0.5752767324447632,0.03536495193839073,0.6695893496344016,0.9281946729246888,8.201082229614258,2.5306880474090576,0.30857976746906607,0.44
28,octanol_gsolv_eV,185,0.23083598911762238,0.050794314593076706,0.6480762691919266,0.9372781330700783,11.358253479003906,0.45622962713241577,0.040167234159351244,0.14
28,octanol_gsolv_eV,186,0.0633208230137825,0.04965002462267876,0.6489682948401152,0.940808429975724,11.117660522460938,0.016941780224442482,0.0015238619842920292,0.04
28,octanol_gsolv_eV,187,0.09556097537279129,0.059515632688999176,0.6439176413909273,0.9735249258770646,13.070720672607422,0.012611962854862213,0.0009649018727248424,0.1
28,octanol_gsolv_eV,188,0.1768643707036972,0.017511749640107155,0.6558424788164705,0.9405548221128583,3.8462395668029785,0.128888338804245,0.03351022123444534,0.14
28,octanol_gsolv_eV,189,0.03160151094198227,0.043295539915561676,0.6452478390746925,0.9626295279146619,9.49544906616211,0.00710353022441268,0.0007480983969180301,0.02
28,octanol_gsolv_eV,190,0.4120040535926819,0.050230707973241806,0.6509156475616855,0.9239508456654606,11.357154846191406,3.420853614807129,0.30120691855797876,0.32
28,octanol_gsolv_eV,191,0.20129936933517456,0.05451079085469246,0.6471783867602681,0.94717979536294,12.230269432067871,0.2729606330394745,0.022318448056734497,0.12
28,octanol_gsolv_eV,192,0.36863675713539124,0.05355394631624222,0.6539017991716114,0.9209586988629217,12.118263244628906,2.5034189224243164,0.2065823189254359,0.26
28,octanol_gsolv_eV,193,0.10133276879787445,0.053011201322078705,0.6474314443223188,0.9694374109563404,11.757852554321289,0.01213765423744917,0.0010323019600197566,0.18
28,octanol_gsolv_eV,194,0.15176573395729065,0.04577072337269783,0.6453055514311361,0.9759704821669584,10.13619613647461,0.015283786691725254,0.0015078424377294051,0.22
28,octanol_gsolv_eV,195,0.23707535862922668,0.052719634026288986,0.6474138806612328,0.9122074047651785,11.843199729919434,0.5501686334609985,0.04645439121246173,0.24
28,octanol_gsolv_eV,196,0.30490240454673767,0.029824351891875267,0.6592551888149332,0.9596917978198773,6.723141193389893,0.4254152178764343,0.06327625817150727,0.26
28,octanol_gsolv_eV,197,0.16615895926952362,0.05190409719944,0.6486364606579829,0.9386788071989884,11.555220603942871,0.04987163469195366,0.004315939643327663,0.14
28,octanol_gsolv_eV,198,0.44239768385887146,0.03637388348579407,0.6600042400421384,0.9516142288669722,8.361008644104004,1.3543734550476074,0.16198685023519038,0.46
28,octanol_gsolv_eV,199,0.12794888019561768,0.0457516685128212,0.6482656044569066,0.9574470112338029,10.169560432434082,0.06871403008699417,0.006756833841887843,0.16
28,octanol_gsolv_eV,200,0.04445583373308182,0.04796155169606209,0.6504162754966183,0.9654462842641711,10.762674331665039,0.010998768731951714,0.0010219364066040776,0.06
28,octanol_gsolv_eV,201,0.20999829471111298,0.04980354756116867,0.6470416319100682,0.935087499998041,11.107766151428223,0.43863511085510254,0.039489048011575524,0.18
28,octanol_gsolv_eV,202,0.07003825902938843,0.05226713791489601,0.6488666404014243,0.9536997297488239,11.635597229003906,0.02164393477141857,0.001860148159603446,0.06
28,octanol_gsolv_eV,203,0.18227629363536835,0.03997479006648064,0.6484081837525151,0.9660786598008324,8.907939910888672,0.12502321600914001,0.014035031360765822,0.14
28,octanol_gsolv_eV,204,0.2457648068666458,0.05224218592047691,0.6486238390301384,0.9340312369405881,11.682806015014648,0.5233428478240967,0.04479598883620088,0.32
28,octanol_gsolv_eV,205,0.27398374676704407,0.04167591407895088,0.6497999573144344,0.9108058528260707,9.4379243850708,0.7996458411216736,0.08472687515769653,0.16
28,octanol_gsolv_eV,206,0.20469312369823456,0.04818719998002052,0.6476105547142996,0.9543176852574713,10.726139068603516,0.15165160596370697,0.01413850827345754,0.14
28,octanol_gsolv_eV,207,0.19880236685276031,0.03155503794550896,0.6487339764519016,0.9456458740320735,6.972273826599121,0.3103253245353699,0.04450848206097176,0.12
28,octanol_gsolv_eV,208,0.09215176105499268,0.0470576286315918,0.6531782639073205,0.9691640143820448,10.601797103881836,0.019339589402079582,0.0018241802981683562,0.12
28,octanol_gsolv_eV,209,0.16206946969032288,0.04100418835878372,0.6497500641209191,0.9753844676624697,9.138011932373047,0.020249206572771072,0.002215931290375604,0.12
28,octanol_gsolv_eV,210,0.16611148416996002,0.050838928669691086,0.6479754185334048,0.9467407228107516,11.405677795410156,0.09131437540054321,0.008006045501065243,0.12
28,octanol_gsolv_eV,211,0.08936447650194168,0.0515754297375679,0.6464620550490492,0.9703217942058975,11.399514198303223,0.00855964981019497,0.0007508784726518471,0.12
28,octanol_gsolv_eV,212,0.40405556559562683,0.04488426819443703,0.6525945201640211,0.9240354437998655,10.237993240356445,1.4528000354766846,0.14190281253068146,0.36
28,octanol_gsolv_eV,213,0.13645833730697632,0.06087232381105423,0.6463869528112276,0.9405115209097217,13.490252494812012,0.15075919032096863,0.011175416500094907,0.12
28,octanol_gsolv_eV,214,0.2703307271003723,0.04909385368227959,0.6470598980456319,0.9132509234753756,10.979103088378906,0.7380644679069519,0.0672244774428044,0.24
28,octanol_gsolv_eV,215,0.19564245641231537,0.04596967622637749,0.6493415474350033,0.9441754363161929,10.24490737915039,0.12332076579332352,0.01203727483610989,0.22
28,octanol_gsolv_eV,216,0.09053955972194672,0.031013157218694687,0.6485504146037346,0.923337576159728,6.8591814041137695,0.2881099581718445,0.04200354841162993,0.02
28,octanol_gsolv_eV,217,0.30377236008644104,0.047225769609212875,0.6469365109203591,0.9099333339823195,10.585759162902832,0.9495958685874939,0.08970503239061933,0.28
28,octanol_gsolv_eV,218,0.23123931884765625,0.06185904145240784,0.6473103229369155,0.9450452250290526,13.839900016784668,0.24125437438488007,0.017431800380948784,0.14
28,octanol_gsolv_eV,219,0.14997920393943787,0.048740413039922714,0.6468339566761006,0.9748193652804469,10.769561767578125,0.011370505206286907,0.0010558001756875502,0.12
28,octanol_gsolv_eV,220,0.18312260508537292,0.06138254329562187,0.6455546338748273,0.9471011814940862,13.571374893188477,0.12020925432443619,0.008857559036613871,0.18
28,octanol_gsolv_eV,221,0.42498698830604553,0.048409461975097656,0.6523586747612942,0.9179380021471184,10.904333114624023,3.677166223526001,0.3372206429198754,0.3
28,octanol_gsolv_eV,222,0.2604634165763855,0.05378098040819168,0.6485367308295305,0.9709825815019693,12.029547691345215,0.14969117939472198,0.0124436249172044,0.16
28,octanol_gsolv_eV,223,0.2121782749891281,0.049735575914382935,0.64793466645792,0.9248056202000199,11.146866798400879,0.5751633048057556,0.05159865235747395,0.2
28,octanol_gsolv_eV,224,0.12895779311656952,0.04863099008798599,0.6407652893654177,0.9392373249682944,10.671722412109375,0.07782638072967529,0.00729276659608054,0.14
28,octanol_gsolv_eV,225,0.3265421390533447,0.05224330350756645,0.6505956802902633,0.9295941194850821,11.896100997924805,1.0440813302993774,0.08776668342690688,0.26
28,octanol_gsolv_eV,226,0.24053598940372467,0.04811350256204605,0.6458133335761618,0.9067732128228569,10.779947280883789,0.9257041215896606,0.08587278745149551,0.24
28,octanol_gsolv_eV,227,0.19770891964435577,0.0553252249956131,0.6423265648825016,0.9231644350437462,12.20249080657959,0.36079758405685425,0.029567535823285522,0.18
28,octanol_gsolv_eV,228,0.08960943669080734,0.05849234387278557,0.6454990355490431,0.9612645756796137,12.899567604064941,0.011254813522100449,0.0008724954097340291,0.12
28,octanol_gsolv_eV,229,0.26569244265556335,0.05083642154932022,0.6470646908880493,0.9243152901533607,11.439298629760742,0.5747902989387512,0.05024698782173267,0.32
28,octanol_gsolv_eV,230,0.41349443793296814,0.041344109922647476,0.6454641090242244,0.9179176421627318,9.306541442871094,1.3879984617233276,0.14914224260899292,0.28
28,octanol_gsolv_eV,231,0.18535040318965912,0.0267234668135643,0.6621503566401368,0.9792022146842418,6.047949314117432,0.043962668627500534,0.007269020678609298,0.18
28,octanol_gsolv_eV,232,0.31282171607017517,0.05815284326672554,0.6477146848148398,0.9286310150673263,13.026334762573242,1.0898104906082153,0.08366209762545151,0.28
28,octanol_gsolv_eV,233,0.4464782774448395,0.05394406616687775,0.6520110156703367,0.934064050554583,12.440977096557617,1.886122703552246,0.1516056728433437,0.38
28,octanol_gsolv_eV,234,0.055499352514743805,0.03664572909474373,0.6499586777387787,0.9610784328612407,8.156039237976074,0.008031850680708885,0.0009847734232703365,0.02
28,octanol_gsolv_eV,235,0.18847158551216125,0.026876311749219894,0.6563353668280447,0.9578692570526484,6.014906883239746,0.16878114640712738,0.02806047536287354,0.16
28,octanol_gsolv_eV,236,0.25537368655204773,0.04839608818292618,0.6465045552956827,0.9277853347097875,10.851899147033691,0.3877783715724945,0.035733687377521535,0.24
28,octanol_gsolv_eV,237,0.24867859482765198,0.0485212504863739,0.6483763857624909,0.918081848394271,10.869268417358398,0.5901796221733093,0.054298007879792796,0.3
28,octanol_gsolv_eV,238,0.12470311671495438,0.06108810007572174,0.6414754212109539,0.9709267445255048,13.366983413696289,0.009500855579972267,0.000710770357524148,0.18
28,octanol_gsolv_eV,239,0.2753811776638031,0.0358632355928421,0.6500411378648545,0.9333580964839117,8.042837142944336,0.671186089515686,0.08345140869904237,0.22
28,octanol_gsolv_eV,240,0.3710360825061798,0.04652940854430199,0.6514847888706692,0.9199252649586924,10.560208320617676,1.0742107629776,0.10172249735645068,0.36
28,octanol_gsolv_eV,241,0.2910558879375458,0.04638569802045822,0.6459174924145332,0.9102252514508062,10.431224822998047,0.8526673316955566,0.08174182286011653,0.26
28,octanol_gsolv_eV,242,0.37530574202537537,0.049975890666246414,0.6524692666478742,0.9251275598981725,11.434768676757812,1.4391937255859375,0.12586120159223046,0.32
28,octanol_gsolv_eV,243,0.4882030785083771,0.023268377408385277,0.6653828024817146,0.9079699411517042,5.43255615234375,1.1878044605255127,0.2186455928325862,0.38
28,octanol_gsolv_eV,244,0.10334279388189316,0.04842467978596687,0.6477110896064833,0.9703354007438123,10.731995582580566,0.0070674000307917595,0.0006585354956969117,0.12
28,octanol_gsolv_eV,245,0.14373645186424255,0.05753914266824722,0.6474919173875024,0.9548923737330794,12.7971830368042,0.03955540060997009,0.003090945913347516,0.1
28,octanol_gsolv_eV,246,0.1097303256392479,0.050161950290203094,0.6517828718683529,0.9664006839247004,11.297304153442383,0.008584734052419662,0.0007598922659618598,0.1
28,octanol_gsolv_eV,247,0.12101428955793381,0.04472223296761513,0.6485117573029482,0.9655290469235536,9.938695907592773,0.025677764788269997,0.00258361509669022,0.1
28,octanol_gsolv_eV,248,0.12744653224945068,0.05431829020380974,0.64688689806612,0.9651275770697831,12.013137817382812,0.019922761246562004,0.00165841444170682,0.1
28,octanol_gsolv_eV,249,0.19610495865345,0.03996380791068077,0.6485695950101582,0.9240300875651901,8.895575523376465,0.159821555018425,0.01796640977286223,0.16
28,octanol_hl_gap_eV,0,0.40117621421813965,0.0016591992462053895,0.6377915359618358,0.9271754029392867,0.33496731519699097,0.05694178119301796,0.16999205179028007,0.36
28,octanol_hl_gap_eV,1,0.016388772055506706,0.001677669701166451,0.6276035179612287,0.971864966786367,0.3017455041408539,0.0012461374280974269,0.004129763032080617,0.02
28,octanol_hl_gap_eV,2,0.3765343129634857,0.0009530849638395011,0.690245983055348,0.9103581421209821,0.28114497661590576,0.04562915861606598,0.162297613015521,0.3
28,octanol_hl_gap_eV,3,0.22289900481700897,0.0014031773898750544,0.613895600076555,0.9410332990856232,0.20686040818691254,0.03752940148115158,0.18142380076539924,0.18
28,octanol_hl_gap_eV,4,0.028308602049946785,0.0009020285797305405,0.6403613060017814,0.9702025301142168,0.2499937266111374,0.0007992542232386768,0.0031970971194885556,0.02
28,octanol_hl_gap_eV,5,0.049027133733034134,0.0010640674736350775,0.625251497350233,0.9806989575314691,0.2525133490562439,0.0014181414153426886,0.00561610473522656,0.02
28,octanol_hl_gap_eV,6,0.05677582323551178,0.0010995306074619293,0.6636716051787337,0.9550730823605285,0.2855706512928009,0.0007360989111475646,0.0025776420224388843,0.04
28,octanol_hl_gap_eV,7,0.09570619463920593,0.0008682971820235252,0.6889225400707875,0.9785875305308327,0.30712708830833435,0.0011520512634888291,0.0037510571595438347,0.02
28,octanol_hl_gap_eV,8,0.08262269198894501,0.0012486366322264075,0.6502793293001812,0.9607828847522057,0.34883755445480347,0.0010304832831025124,0.002954049155381363,0.1
28,octanol_hl_gap_eV,9,0.08684327453374863,0.0011683368356898427,0.6502670622330387,0.978843585641388,0.22035859525203705,0.0025038360618054867,0.01136255229319148,0.2
28,octanol_hl_gap_eV,10,0.060806743800640106,0.0010962685337290168,0.6503844719491019,0.9666727404388296,0.317109614610672,0.0009854085510596633,0.003107469801158468,0.24
28,octanol_hl_gap_eV,11,0.04987029358744621,0.001313002547249198,0.6242058273484483,0.9652073770114455,0.4311090409755707,0.0021187085658311844,0.004914553777477479,0.1
28,octanol_hl_gap_eV,12,0.13215816020965576,0.0011315977899357677,0.6392700226468213,0.9785971910484248,0.34124499559402466,0.0010332987876608968,0.003028026201123256,0.22
28,octanol_hl_gap_eV,13,0.04723425209522247,0.0016731710638850927,0.6267419239615228,0.9557567749533118,0.23566314578056335,0.001874985988251865,0.007956212169032783,0.04
28,octanol_hl_gap_eV,14,0.08303666859865189,0.000711145403329283,0.6597167457990507,0.9653066694995285,0.2747551500797272,0.000978160765953362,0.0035601180384408587,0.08
28,octanol_hl_gap_eV,15,0.06457503885030746,0.0011017649667337537,0.6774992361315828,0.9768220799077725,0.26370733976364136,0.0013058731565251946,0.004951978802317894,0.04
28,octanol_hl_gap_eV,16,0.12222786992788315,0.0010933291632682085,0.6360591729317282,0.9710397846029275,0.2796339690685272,0.0009247594862245023,0.0033070355840705474,0.02
28,octanol_hl_gap_eV,17,0.05467282608151436,0.0014811033615842462,0.6209333007334437,0.9690065116902746,0.30660220980644226,0.002644046675413847,0.008623703909645765,0.02
28,octanol_hl_gap_eV,18,0.09892114996910095,0.0018423831788823009,0.6230478486204714,0.9626133310591185,0.45492929220199585,0.010216332972049713,0.022456968911805087,0.18
28,octanol_hl_gap_eV,19,0.14599545300006866,0.0012606491800397635,0.6365996278572132,0.9788882665991578,0.2355845868587494,0.004387771710753441,0.018625037271153222,0.16
28,octanol_hl_gap_eV,20,0.07857608050107956,0.0014210649533197284,0.6379155567304073,0.9638016229115125,0.2510017156600952,0.0009841891005635262,0.003921045312281085,0.04
28,octanol_hl_gap_eV,21,0.38952362537384033,0.004066421650350094,0.645128810148528,0.9478013870221107,0.8160476088523865,0.19116845726966858,0.23426140239355658,0.12
28,octanol_hl_gap_eV,22,0.09219498932361603,0.0012008833000436425,0.6274525298126572,0.9814909319314085,0.28608018159866333,0.002480132970958948,0.008669363103377365,0.16
28,octanol_hl_gap_eV,23,0.09119574725627899,0.001047215424478054,0.6605009436664004,0.9591889569798899,0.26910483837127686,0.0007127303979359567,0.002648523163870511,0.06
28,octanol_hl_gap_eV,24,0.09199249744415283,0.001677015796303749,0.6090933219908727,0.9709705363672712,0.31731241941452026,0.0019657083321362734,0.00619486730384913,0.02
28,octanol_hl_gap_eV,25,0.06873755156993866,0.0010447498643770814,0.6831934951403389,0.9657157826795535,0.3023986220359802,0.0008181917364709079,0.0027056728333026505,0.1
28,octanol_hl_gap_eV,26,0.15708830952644348,0.0027774397749453783,0.6161559157967549,0.973962084445241,0.6502467393875122,0.001451050746254623,0.002231538673490948,0.18
28,octanol_hl_gap_eV,27,0.16017787158489227,0.001036047120578587,0.6749350631401871,0.9348162065787335,0.277990460395813,0.011997351422905922,0.04315742132238514,0.06
28,octanol_hl_gap_eV,28,0.07023034244775772,0.0015216165920719504,0.6168911025469195,0.955777675101777,0.4089474678039551,0.004539600107818842,0.011100692546640431,0.1
28,octanol_hl_gap_eV,29,0.07162704318761826,0.0011288244277238846,0.6628880528443166,0.971960875266918,0.3019863963127136,0.00103668007068336,0.003432870100578487,0.12
28,octanol_hl_gap_eV,30,0.035219576209783554,0.0007606960134580731,0.6507039541537705,0.971776720093863,0.27646464109420776,0.0008681413601152599,0.003140153318266234,0.02
28,octanol_hl_gap_eV,31,0.0764591321349144,0.0010750950314104557,0.6691567852207254,0.9671815001053672,0.30460605025291443,0.001690094592049718,0.005548460349511877,0.1
28,octanol_hl_gap_eV,32,0.058874282985925674,0.0007844186038710177,0.6803955859182684,0.9561386259436133,0.2753804624080658,0.001019371789880097,0.0037016852283789318,0.06
28,octanol_hl_gap_eV,33,0.04477312043309212,0.0018371836049482226,0.6435495831359046,0.9724837279484055,0.3361945152282715,0.0012085936032235622,0.003594923618557381,0.0
28,octanol_hl_gap_eV,34,0.07979828864336014,0.0011017096694558859,0.6294392917362159,0.9739017424617908,0.2881109118461609,0.0005410744925029576,0.001878007636142114,0.14
28,octanol_hl_gap_eV,35,0.06172434985637665,0.002242288552224636,0.6258371775795912,0.9693447619022311,0.5486937165260315,0.0007977401837706566,0.0014538897744654775,0.06
28,octanol_hl_gap_eV,36,0.023096449673175812,0.0016610221937298775,0.6261767656966506,0.9384700560130195,0.369554340839386,0.010599878616631031,0.02868286864809931,0.06
28,octanol_hl_gap_eV,37,0.1170874685049057,0.0010351014789193869,0.6652521315469317,0.9753670672719208,0.2669428884983063,0.0009264899417757988,0.003470742176305166,0.02
28,octanol_hl_gap_eV,38,0.14858995378017426,0.0016817409778013825,0.6345852134307821,0.9767719861268547,0.2984783351421356,0.0025261619593948126,0.008463468406146974,0.04
28,octanol_hl_gap_eV,39,0.1084669902920723,0.0019435520516708493,0.6243471620143954,0.9801955160649347,0.2993585169315338,0.0026426250115036964,0.008827625946944714,0.04
28,octanol_hl_gap_eV,40,0.07486847043037415,0.0013373352121561766,0.6342986446929653,0.9670859242800918,0.2835898697376251,0.001236395793966949,0.004359802397422911,0.06
28,octanol_hl_gap_eV,41,0.026801666244864464,0.00157819758169353,0.6352913144663379,0.9651074896560745,0.27408114075660706,0.001939609064720571,0.007076769526594341,0.0
28,octanol_hl_gap_eV,42,0.05242292582988739,0.001235577161423862,0.635195515601584,0.9717817294002986,0.2648019790649414,0.0008347930270247161,0.003152518081520785,0.08
28,octanol_hl_gap_eV,43,0.10387123376131058,0.0013580680824816227,0.6465657538259024,0.9600795560232767,0.27535223960876465,0.0016415189020335674,0.005961523699120538,0.1
28,octanol_hl_gap_eV,44,0.31759554147720337,0.0023447535932064056,0.6495933121344097,0.915207041705024,0.49037399888038635,0.12604127824306488,0.2570309162615477,0.28
28,octanol_hl_gap_eV,45,0.05296079441905022,0.001281784032471478,0.6338319869172861,0.9697149162418683,0.32110166549682617,0.0007409493555314839,0.002307522617128274,0.04
28,octanol_hl_gap_eV,46,0.07601616531610489,0.0008280107285827398,0.6670077982820883,0.9633844613904854,0.29298681020736694,0.0010223498102277517,0.0034894055793984868,0.16
28,octanol_hl_gap_eV,47,0.08855992555618286,0.001348875812254846,0.6497437341299899,0.9649211102483206,0.25805026292800903,0.0017422039527446032,0.006751413205227557,0.16
28,octanol_hl_gap_eV,48,0.11245540529489517,0.0009751459001563489,0.672953681732253,0.9579264763477591,0.2900910973548889,0.0009482112945988774,0.003268667336725827,0.1
28,octanol_hl_gap_eV,49,0.03548949584364891,0.0019720676355063915,0.6224621077835248,0.960038849326962,0.4771488606929779,0.0023617479018867016,0.004949708773183829,0.1
28,octanol_hl_gap_eV,50,0.09310299903154373,0.001655380823649466,0.6294371565676509,0.9737772945931336,0.4440446197986603,0.0006604045047424734,0.001487248072146253,0.22
28,octanol_hl_gap_eV,51,0.13048242032527924,0.0019696757663041353,0.6399372143238717,0.9079717968116228,0.3560367822647095,0.06414013355970383,0.18015030118999428,0.06
28,octanol_hl_gap_eV,52,0.050297655165195465,0.0010630186880007386,0.6834116499963305,0.9478507911215905,0.31730151176452637,0.004737579729408026,0.014930845122868013,0.04
28,octanol_hl_gap_eV,53,0.03308306634426117,0.0008365061949007213,0.6732436301206435,0.9666470924402084,0.25057607889175415,0.001414038590155542,0.005643150760477777,0.06
28,octanol_hl_gap_eV,54,0.08491571247577667,0.0013034831499680877,0.6433796149868438,0.9710884494865883,0.3003717362880707,0.0013411151012405753,0.004464851180120298,0.12
28,octanol_hl_gap_eV,55,0.04692649096250534,0.0011644302867352962,0.6478127749598201,0.9739064644116391,0.23202165961265564,0.0015059747966006398,0.0064906647039537696,0.06
28,octanol_hl_gap_eV,56,0.05702228471636772,0.0024778854567557573,0.6261329736570334,0.9640307960457912,0.42242762446403503,0.0009437713888473809,0.0022341611537474923,0.04
28,octanol_hl_gap_eV,57,0.10556384176015854,0.001847493345849216,0.6232671684759514,0.9749986428754569,0.34581258893013,0.0014675934799015522,0.00424389836252628,0.02
28,octanol_hl_gap_eV,58,0.24885696172714233,0.0012899625580757856,0.626991869747431,0.9485373610995265,0.3797071576118469,0.010185851715505123,0.02682554571677983,0.28
28,octanol_hl_gap_eV,59,0.0813986212015152,0.0012378273531794548,0.6401821033222999,0.9562347624631196,0.29124391078948975,0.0013972881715744734,0.004797656259273449,0.04
28,octanol_hl_gap_eV,60,0.14171406626701355,0.002199422335252166,0.6255246371462799,0.918351953554696,0.3998221158981323,0.03634591028094292,0.09090520217796862,0.1
28,octanol_hl_gap_eV,61,0.03156913444399834,0.0007886389503255486,0.6395476354576468,0.9622372787730626,0.26720553636550903,0.0005544003797695041,0.002074808730800932,0.08
28,octanol_hl_gap_eV,62,0.03683353587985039,0.0014359030174091458,0.6252385337271815,0.9732670251834845,0.2714155912399292,0.0007536619086749852,0.0027767819277882016,0.1
28,octanol_hl_gap_eV,63,0.04314260929822922,0.004127540625631809,0.6267590228366597,0.9726465152508676,0.814513623714447,0.0013303537853062153,0.0016333106612009378,0.04
28,octanol_hl_gap_eV,64,0.06633878499269485,0.0011934173526242375,0.6351170379759641,0.9689767463020809,0.2457580417394638,0.0018392715137451887,0.007484074582979714,0.06
28,octanol_hl_gap_eV,65,0.06744518131017685,0.001549811684526503,0.6196965220494162,0.9568207411884704,0.4292091429233551,0.004197282250970602,0.009779107272465816,0.2
28,octanol_hl_gap_eV,66,0.0974927693605423,0.0013424473581835628,0.6553183896547836,0.9704448185326096,0.2845849394798279,0.0018215150339528918,0.006400602355424383,0.16
28,octanol_hl_gap_eV,67,0.0983572006225586,0.0007584223058074713,0.6795074519566702,0.9667338248891542,0.2600870430469513,0.000733588298317045,0.0028205491889290945,0.06
28,octanol_hl_gap_eV,68,0.07724187523126602,0.0010144755942746997,0.6583798408147721,0.9576864260776516,0.33443257212638855,0.004093973897397518,0.01224155252392798,0.1
28,octanol_hl_gap_eV,69,0.10101085156202316,0.0018372434424236417,0.608042329931334,0.9777003263238999,0.3828889727592468,0.001282615470699966,0.0033498365373568744,0.1
28,octanol_hl_gap_eV,70,0.025060029700398445,0.00202418421395123,0.6305581313887507,0.9651064342738103,0.5054314136505127,0.0009576158481650054,0.0018946504358495647,0.06
28,octanol_hl_gap_eV,71,0.09145591408014297,0.0019042991334572434,0.6102281353502241,0.9753700645132268,0.4113970100879669,0.0013420407194644213,0.0032621547715610756,0.04
28,octanol_hl_gap_eV,72,0.03619173541665077,0.0010824407218024135,0.6335550438375466,0.9717404323439205,0.31310221552848816,0.002285022521391511,0.007298008152176758,0.04
28,octanol_hl_gap_eV,73,0.20164524018764496,0.003251008689403534,0.6264921843393312,0.9546522966264561,0.7487407922744751,0.08717655390501022,0.1164308861017056,0.04
28,octanol_hl_gap_eV,74,0.06701106578111649,0.0016167804133147001,0.6106967370966232,0.9803066226277533,0.4221707582473755,0.00190309202298522,0.004507872669546863,0.2
28,octanol_hl_gap_eV,75,0.05187831073999405,0.0007807824877090752,0.668427499215853,0.9767446607120316,0.30088233947753906,0.0004875589220318943,0.0016204305074153105,0.2
28,octanol_hl_gap_eV,76,0.07646916806697845,0.0011766630923375487,0.6488732836408355,0.9737646214440252,0.3409568667411804,0.0015035979449748993,0.004409935952738201,0.18
28,octanol_hl_gap_eV,77,0.1202591210603714,0.000892322976142168,0.6446073168472455,0.9654473395229346,0.27573710680007935,0.0019518453627824783,0.00707864598070816,0.1
28,octanol_hl_gap_eV,78,0.18048198521137238,0.002322492189705372,0.639929380435815,0.9023344446892179,0.4018523097038269,0.08109704405069351,0.20180808245313717,0.0
28,octanol_hl_gap_eV,79,0.021169301122426987,0.0010346043854951859,0.6454910199648425,0.9682938416990468,0.31136247515678406,0.0009981165640056133,0.0032056417957977107,0.28
28,octanol_hl_gap_eV,80,0.022977447137236595,0.0010822310578078032,0.6670745675941876,0.9642873689079101,0.27193015813827515,0.00044048880226910114,0.0016198600599684671,0.04
28,octanol_hl_gap_eV,81,0.03642691671848297,0.0012937139254063368,0.6176044470267652,0.9808326110824521,0.26667651534080505,0.0010178490774706006,0.0038167930766975044,0.16
28,octanol_hl_gap_eV,82,0.2062339186668396,0.0010772213572636247,0.6685920444679194,0.9252218641037822,0.3009701073169708,0.012686940841376781,0.04215349143632844,0.12
28,octanol_hl_gap_eV,83,0.12371933460235596,0.0012790508335456252,0.667989659355801,0.974528666847839,0.3077724575996399,0.0018492245581001043,0.006008414698711065,0.18
28,octanol_hl_gap_eV,84,0.18421804904937744,0.0009473867248743773,0.675051656887506,0.9759603240174002,0.28437110781669617,0.0012191860005259514,0.004287306153872112,0.26
28,octanol_hl_gap_eV,85,0.06760998070240021,0.003091066610068083,0.6210941594313379,0.9749844468627504,0.7163218259811401,0.002129636239260435,0.0029730159852989118,0.02
28,octanol_hl_gap_eV,86,0.0529862679541111,0.0009245773544535041,0.6753929354080936,0.9675206250880724,0.274799108505249,0.0010512329172343016,0.0038254597074656145,0.08
28,octanol_hl_gap_eV,87,0.37782299518585205,0.001155325910076499,0.6413334598389484,0.9090006026493929,0.29545658826828003,0.06425543874502182,0.2174784428454738,0.34
28,octanol_hl_gap_eV,88,0.048158664256334305,0.0011123185977339745,0.6643565929934054,0.9674269761123722,0.3133300244808197,0.0007708687335252762,0.0024602453429178614,0.06
28,octanol_hl_gap_eV,89,0.07330749928951263,0.0011620610021054745,0.6412341850126102,0.9723816815192052,0.29169341921806335,0.0006547478842549026,0.002244644003317154,0.04
28,octanol_hl_gap_eV,90,0.16611306369304657,0.001765745459124446,0.6196421525105511,0.9719579640257485,0.3770330548286438,0.002038409234955907,0.005406447017973889,0.08
28,octanol_hl_gap_eV,91,0.1560216248035431,0.0010936572216451168,0.6693028233201432,0.9311210966275991,0.29126670956611633,0.03331003338098526,0.11436265212253521,0.12
28,octanol_hl_gap_eV,92,0.057299572974443436,0.0006538946181535721,0.6933401275562374,0.9664097832411993,0.27830660343170166,0.0012307041324675083,0.004422116174363543,0.14
28,octanol_hl_gap_eV,93,0.18306146562099457,0.001640216214582324,0.6523754748605617,0.9688309550423826,0.33149996399879456,0.0006407949840649962,0.0019330167531098929,0.16
28,octanol_hl_gap_eV,94,0.04738765209913254,0.0010916965547949076,0.6309103550592283,0.9649822711579787,0.29132431745529175,0.0013971403241157532,0.004795824585876413,0.22
28,octanol_hl_gap_eV,95,0.09359040856361389,0.0016634708736091852,0.6201246523704633,0.9805839232864,0.23921221494674683,0.002296276157721877,0.009599326515299695,0.04
28,octanol_hl_gap_eV,96,0.4396100640296936,0.002348140813410282,0.637178185619041,0.9184882199377307,0.581594705581665,0.16124320030212402,0.27724323958702707,0.3
28,octanol_hl_gap_eV,97,0.08664842694997787,0.0010710627539083362,0.6605949421236668,0.9658740520275919,0.3507078289985657,0.0008780686766840518,0.0025037042349221206,0.12
28,octanol_hl_gap_eV,98,0.0571383498609066,0.0007034664158709347,0.6208870891168072,0.9691484933049639,0.2756706774234772,0.002108470071107149,0.007648510501057679,0.06
28,octanol_hl_gap_eV,99,0.03668522089719772,0.0009205060196109116,0.6655658236076194,0.9480704134617088,0.2956886291503906,0.002363279229030013,0.00799245894514267,0.06
28,octanol_hl_gap_eV,100,0.19413529336452484,0.001575721544213593,0.646000481505131,0.9774879230596658,0.38226866722106934,0.0033228902611881495,0.008692551982730232,0.22
28,octanol_hl_gap_eV,101,0.10818707197904587,0.0029195803217589855,0.6300892288310089,0.9244188330391176,0.4907652735710144,0.05197957158088684,0.10591534156983363,0.06
28,octanol_hl_gap_eV,102,0.0622749961912632,0.0018118564039468765,0.6470536924369881,0.9657556593621888,0.345565527677536,0.0008038054802455008,0.002326058058069874,0.12
28,octanol_hl_gap_eV,103,0.17443904280662537,0.0025766834150999784,0.6207598692208454,0.9496924475856605,0.6125461459159851,0.018297629430890083,0.02987143018184907,0.2
28,octanol_hl_gap_eV,104,0.035150546580553055,0.0019548782147467136,0.6463011622641672,0.9718153080918379,0.3082551062107086,0.0035053810570389032,0.011371688534634656,0.0
28,octanol_hl_gap_eV,105,0.048630982637405396,0.001042557298205793,0.6124869660474257,0.9597438442608961,0.2945992052555084,0.009566331282258034,0.032472359434782154,0.14
28,octanol_hl_gap_eV,106,0.12384465336799622,0.0011909992899745703,0.6428574252018282,0.9742066522785808,0.34234005212783813,0.0005446214927360415,0.0015908786872903397,0.1
28,octanol_hl_gap_eV,107,0.1650402992963791,0.0011480080429464579,0.6713910123455684,0.9841609405600866,0.2487049251794815,0.0005732265417464077,0.002304845958851561,0.26
28,octanol_hl_gap_eV,108,0.02154599316418171,0.0012677025515586138,0.6465094395112239,0.9719799701053311,0.24522216618061066,0.0009504173067398369,0.00387573978952554,0.04
28,octanol_hl_gap_eV,109,0.06314721703529358,0.0012865080498158932,0.6361621843207921,0.9525106122092859,0.2339397817850113,0.0012639631750062108,0.005402942438271497,0.04
28,octanol_hl_gap_eV,110,0.13697706162929535,0.001017644302919507,0.7006431476868824,0.9755776738297262,0.3060835599899292,0.00054651073878631,0.0017854952379810641,0.28
28,octanol_hl_gap_eV,111,0.06555648893117905,0.0017804836388677359,0.6225712352082158,0.9665783439153157,0.47593238949775696,0.0020898557268083096,0.004391076911184165,0.16
28,octanol_hl_gap_eV,112,0.09458299726247787,0.002322092652320862,0.6262176709033989,0.9782523133389618,0.33476531505584717,0.005161079112440348,0.015417006721796587,0.02
28,octanol_hl_gap_eV,113,0.054341692477464676,0.001027687918394804,0.6495331042402102,0.980201286629546,0.2733083665370941,0.0005973582156002522,0.002185656528444317,0.04
28,octanol_hl_gap_eV,114,0.07851117849349976,0.0012065956834703684,0.6332869290374059,0.9759636091248163,0.34815242886543274,0.0011927365558221936,0.0034259033024962985,0.12
28,octanol_hl_gap_eV,115,0.12999090552330017,0.0015640800120308995,0.6600425296439172,0.9725823353224319,0.34942391514778137,0.0025274676736444235,0.007233241813387287,0.22
28,octanol_hl_gap_eV,116,0.04899100586771965,0.0008874676423147321,0.6440274533577095,0.9693887596644781,0.2611609399318695,0.0010389420203864574,0.003978167717796895,0.02
28,octanol_hl_gap_eV,117,0.07849232107400894,0.001626906101591885,0.6136121702984334,0.9719945000793222,0.3418640196323395,0.0035728774964809418,0.010451165642770545,0.12
28,octanol_hl_gap_eV,118,0.08998364210128784,0.001721521490253508,0.6068906206707527,0.979635905423893,0.40169557929039,0.0026755123399198055,0.006660547135336157,0.1
28,octanol_hl_gap_eV,119,0.053351983428001404,0.0015450265491381288,0.6377520781428401,0.9835398049177337,0.29054710268974304,0.0012944563059136271,0.004455237357145135,0.12
28,octanol_hl_gap_eV,120,0.05512528494000435,0.002632385352626443,0.6215254801920476,0.9647125992945125,0.4448724091053009,0.0012132611591368914,0.002727211520213009,0.0
28,octanol_hl_gap_eV,121,0.08288757503032684,0.0010020226472988725,0.6727612011675985,0.9755545520102968,0.3243091404438019,0.0035897984635084867,0.011069063482441523,0.06
28,octanol_hl_gap_eV,122,0.06975436210632324,0.0008295628358609974,0.6600385524583721,0.9296081993257554,0.24112166464328766,0.015663987025618553,0.06496300134951231,0.04
28,octanol_hl_gap_eV,123,0.2548116147518158,0.000818350468762219,0.6884535330304915,0.9230236699319427,0.3104420304298401,0.0333063006401062,0.10728669888542501,0.08
28,octanol_hl_gap_eV,124,0.04080430790781975,0.000839679385535419,0.6562307279741708,0.9672940718432996,0.2579759657382965,0.00036208145320415497,0.0014035472342081208,0.08
28,octanol_hl_gap_eV,125,0.15452072024345398,0.002215387299656868,0.6283509736138722,0.9816440925013605,0.2950684130191803,0.00400506891310215,0.013573357012774555,0.08
28,octanol_hl_gap_eV,126,0.11327566206455231,0.0011918767122551799,0.6512149162720395,0.9677962609201716,0.2316768318414688,0.0006728371954523027,0.0029042057857244434,0.18
28,octanol_hl_gap_eV,127,0.0837155431509018,0.0013926738174632192,0.6321865604326893,0.9741370247890122,0.2902078926563263,0.0030775577761232853,0.010604666013573346,0.08
28,octanol_hl_gap_eV,128,0.40017005801200867,0.0013502825750038028,0.632188858873088,0.8921213503542964,0.3768121302127838,0.08109581470489502,0.21521550980617488,0.38
28,octanol_hl_gap_eV,129,0.14576424658298492,0.0017787122633308172,0.6439295857978788,0.9775282169984778,0.45259687304496765,0.0028976670000702143,0.006402313344710885,0.28
28,octanol_hl_gap_eV,130,0.10428876429796219,0.0016382999019697309,0.619643682915793,0.973918543296739,0.3755502700805664,0.0033099567517638206,0.008813618350091292,0.16
28,octanol_hl_gap_eV,131,0.06605562567710876,0.001449823146685958,0.6403662896308318,0.9780140682782483,0.3547784388065338,0.0008508629398420453,0.002398293827280846,0.1
28,octanol_hl_gap_eV,132,0.08082237094640732,0.0006457228446379304,0.6843263196078821,0.9658274088449708,0.27838411927223206,0.0013579739024862647,0.004878058080455017,0.06
28,octanol_hl_gap_eV,133,0.010317170061171055,0.002781906398013234,0.6225863016773661,0.9675913165114614,0.6452984809875488,0.000737608119379729,0.0011430495206666406,0.02
28,octanol_hl_gap_eV,134,0.03985666483640671,0.0033206066582351923,0.6443625661617194,0.9713656247693769,0.6486478447914124,0.002222717273980379,0.0034266933773519975,0.06
28,octanol_hl_gap_eV,135,0.06455552577972412,0.0011344581143930554,0.652378122791057,0.9705447896710997,0.29685208201408386,0.0032708141952753067,0.011018329981327624,0.06
28,octanol_hl_gap_eV,136,0.11203659325838089,0.001222370658069849,0.6756405872364717,0.9830926343836077,0.3415122330188751,0.0011714741121977568,0.003430255197133774,0.26
28,octanol_hl_gap_eV,137,0.053287725895643234,0.001375874737277627,0.6320093244227589,0.9762382901201978,0.19335873425006866,0.0009033030946739018,0.004671643606777391,0.08
28,octanol_hl_gap_eV,138,0.03487915173172951,0.0022949781268835068,0.6363815508105466,0.9779860125784761,0.43300914764404297,0.003973068669438362,0.009175484377305674,0.02
28,octanol_hl_gap_eV,139,0.08927681297063828,0.0011816575424745679,0.6537632121418551,0.9759660900968801,0.34071022272109985,0.0013611172325909138,0.0039949409845125294,0.12
28,octanol_hl_gap_eV,140,0.09238958358764648,0.0019802129827439785,0.6182553296699465,0.9665660985316571,0.512971818447113,0.0015645752428099513,0.0030500218268252836,0.14
28,octanol_hl_gap_eV,141,0.08042766153812408,0.001086623640730977,0.6416037495613287,0.938708197283699,0.30314281582832336,0.008843714371323586,0.02917342555903413,0.08
28,octanol_hl_gap_eV,142,0.06627091765403748,0.000900851737242192,0.6307738563670882,0.9784865800928322,0.24649149179458618,0.0004370865353848785,0.0017732317338933744,0.04
28,octanol_hl_gap_eV,143,0.03358088433742523,0.006883956957608461,0.6306538074128853,0.9794961195414509,1.5318336486816406,0.00471722474321723,0.0030794628041217586,0.04
28,octanol_hl_gap_eV,144,0.0916413739323616,0.00089925347128883,0.6651554523033492,0.9666532784532946,0.31518974900245667,0.0007703868905082345,0.002444200336294027,0.12
28,octanol_hl_gap_eV,145,0.024828748777508736,0.002989453263580799,0.6115882150556964,0.9705454504648079,0.6100660562515259,0.002234618877992034,0.0036629129830995162,0.02
28,octanol_hl_gap_eV,146,0.0308512095361948,0.000964745064266026,0.6573458434989496,0.9653147791591459,0.25568920373916626,0.0009315602947026491,0.003643330578998371,0.12
28,octanol_hl_gap_eV,147,0.08760987967252731,0.0011377535993233323,0.6704094270992167,0.9684202096081704,0.24824191629886627,0.0008844882249832153,0.0035630091733514983,0.1
28,octanol_hl_gap_eV,148,0.16670973598957062,0.0022979837376624346,0.6250281808374931,0.9701799966849043,0.41408267617225647,0.0034029162488877773,0.008217963331245907,0.06
28,octanol_hl_gap_eV,149,0.020978635177016258,0.0011722558410838246,0.6255592962198571,0.9688901591386767,0.31201687455177307,0.0012735716300085187,0.00408173959128994,0.2
28,octanol_hl_gap_eV,150,0.018139857798814774,0.0009281571255996823,0.64525278981833,0.9703822109419913,0.2509496510028839,0.000428406783612445,0.001707142376569879,0.24
28,octanol_hl_gap_eV,151,0.36168262362480164,0.0018072722014039755,0.6501207762752128,0.9769638867331283,0.29283416271209717,0.005580871365964413,0.019058129400876297,0.38
28,octanol_hl_gap_eV,152,0.055778857320547104,0.002440070267766714,0.6330498200611501,0.9687738676040936,0.6326712965965271,0.0013622073456645012,0.002153104389265854,0.1
28,octanol_hl_gap_eV,153,0.09102298319339752,0.0014344451483339071,0.6330144792650507,0.9657105400879098,0.3883170485496521,0.003187619848176837,0.008208807365225048,0.06
28,octanol_hl_gap_eV,154,0.03349454328417778,0.0021485579200088978,0.6454430246400176,0.9636065523636215,0.3877390921115875,0.0002985557948704809,0.0007699914735049708,0.02
28,octanol_hl_gap_eV,155,0.02724446728825569,0.003845382947474718,0.6162119908418973,0.9729511639176347,0.8311606049537659,0.002041817409917712,0.0024565858845430845,0.0
28,octanol_hl_gap_eV,156,0.12069530785083771,0.0011953471694141626,0.6580458697774425,0.9660794326211368,0.24521464109420776,0.002539687091484666,0.010356996140817532,0.18
28,octanol_hl_gap_eV,157,0.03611806035041809,0.001122377230785787,0.6413533470629553,0.9658679574261377,0.24811573326587677,0.0009982103947550058,0.004023164438690955,0.02
28,octanol_hl_gap_eV,158,0.042436230927705765,0.0014445643173530698,0.6318170541759824,0.9773956289693508,0.36232712864875793,0.0007605813443660736,0.002099156492097465,0.04
28,octanol_hl_gap_eV,159,0.5243450403213501,0.001257215510122478,0.6415531515042778,0.920802118888953,0.034288130700588226,0.16396434605121613,4.7819564001021275,0.44
28,octanol_hl_gap_eV,160,0.06836531311273575,0.0007763710455037653,0.6565805814363124,0.9662263696634246,0.3033600449562073,0.0013982447562739253,0.004609192210779684,0.08
28,octanol_hl_gap_eV,161,0.17531868815422058,0.002396893221884966,0.6131823830596015,0.9794070606287166,0.5645596385002136,0.0015276429476216435,0.002705901809913153,0.22
28,octanol_hl_gap_eV,162,0.2679871916770935,0.0015558820450678468,0.6179749348825263,0.898935973149366,0.3850274682044983,0.052937235683202744,0.13748950413866673,0.16
28,octanol_hl_gap_eV,163,0.10639951378107071,0.001229103421792388,0.6637119207467275,0.9708512099881554,0.36215946078300476,0.0020784002263098955,0.00573890910323398,0.1
28,octanol_hl_gap_eV,164,0.10102961212396622,0.0010760007426142693,0.6500409203644064,0.9654366095411548,0.2788998782634735,0.0015660328790545464,0.00561503607963261,0.1
28,octanol_hl_gap_eV,165,0.513287365436554,0.0011547422036528587,0.6619187757809009,0.9099388382892981,0.33813440799713135,0.09601101279258728,0.28394333886719336,0.3
28,octanol_hl_gap_eV,166,0.07280035316944122,0.001479310099966824,0.6415399592311557,0.9725811988128292,0.25737032294273376,0.001709815813228488,0.00664340703185476,0.18
28,octanol_hl_gap_eV,167,0.04848547652363777,0.005717581603676081,0.6172279600255006,0.98151745066099,1.2293752431869507,0.0020180235151201487,0.0016415032971452707,0.02
28,octanol_hl_gap_eV,168,0.05338575690984726,0.0015273422468453646,0.6334932025652742,0.9676950263742397,0.3188031017780304,0.0012330475728958845,0.0038677402008290536,0.08
28,octanol_hl_gap_eV,169,0.13320745527744293,0.0016185498097911477,0.6313737965967599,0.9463574143913696,0.43891796469688416,0.012815868481993675,0.029198778616510462,0.08
28,octanol_hl_gap_eV,170,0.04268377274274826,0.0015868577174842358,0.627383774983477,0.9742772717662151,0.3916383981704712,0.0016271003987640142,0.004154598748143625,0.1
28,octanol_hl_gap_eV,171,0.06292303651571274,0.001977155916392803,0.6114102187988653,0.9737524826699189,0.4288497865200043,0.0021686924155801535,0.00505699777345929,0.04
28,octanol_hl_gap_eV,172,0.08418780565261841,0.0038573327474296093,0.6424545938122914,0.9689826921774005,0.7346803545951843,0.0034898410085588694,0.004750148805165485,0.04
28,octanol_hl_gap_eV,173,0.0329345166683197,0.002393257338553667,0.6353628564408609,0.9799955697039653,0.4279176592826843,0.002401560079306364,0.00561220138316349,0.0
28,octanol_hl_gap_eV,174,0.040159858763217926,0.0015875895041972399,0.6370373182614517,0.9765866179500382,0.30379170179367065,0.0013174645137041807,0.004336736342452753,0.0
28,octanol_hl_gap_eV,175,0.12333902716636658,0.0007374472916126251,0.7012369204839226,0.9445881723465646,0.2938328981399536,0.005192311480641365,0.017670967116038345,0.08
28,octanol_hl_gap_eV,176,0.08934064954519272,0.0017859990475699306,0.6365219645921756,0.9779488507231022,0.34064626693725586,0.0007900753407739103,0.0023193424307198863,0.18
28,octanol_hl_gap_eV,177,0.06742854416370392,0.0019862966146320105,0.618853142219544,0.9484321694929796,0.4472689926624298,0.0020745412912219763,0.004638240801967929,0.08
28,octanol_hl_gap_eV,178,0.043614476919174194,0.002284796442836523,0.613636087418715,0.9810723828368648,0.3818977475166321,0.002255059313029051,0.005904877228768783,0.08
28,octanol_hl_gap_eV,179,0.23038801550865173,0.0014096841914579272,0.625618686501338,0.9017402563797794,0.4233756959438324,0.057447001338005066,0.13568799977981338,0.16
28,octanol_hl_gap_eV,180,0.024078309535980225,0.002474995795637369,0.6238965338582647,0.9711732497152725,0.5690696239471436,0.0008788476116023958,0.001544358677074679,0.02
28,octanol_hl_gap_eV,181,0.1858866661787033,0.0026509654708206654,0.6030829438398153,0.9475102007230993,0.6050624847412109,0.026361307129263878,0.043567908759933736,0.22
28,octanol_hl_gap_eV,182,0.055066946893930435,0.0012126457877457142,0.6447410665409885,0.9660204388190727,0.33659327030181885,0.0009566686931066215,0.002842209804874557,0.1
28,octanol_hl_gap_eV,183,0.03688487038016319,0.0011199223808944225,0.6319207353078886,0.9644020218917402,0.2763325273990631,0.0005054812063463032,0.0018292497488589794,0.02
28,octanol_hl_gap_eV,184,0.07073177397251129,0.001379057765007019,0.6183272864710387,0.9831192318914592,0.2891151010990143,0.0017335052834823728,0.0059959001688005675,0.1
28,octanol_hl_gap_eV,185,0.028085095807909966,0.0022189244627952576,0.636739321562382,0.9677650961258746,0.40239956974983215,0.0011662024771794677,0.002898120586720518,0.0
28,octanol_hl_gap_eV,186,0.09270379692316055,0.0008922312408685684,0.6615126908708988,0.9619367572610422,0.30177173018455505,0.0009993595303967595,0.003311640655622644,0.14
28,octanol_hl_gap_eV,187,0.051122523844242096,0.0009274842450395226,0.6577747619515613,0.9646170456233045,0.27615150809288025,0.0015845752786844969,0.005738064910916742,0.08
28,octanol_hl_gap_eV,188,0.025405876338481903,0.0010595760541036725,0.6244369898527429,0.9785677065620739,0.30176448822021484,0.0010227073216810822,0.0033890910349091644,0.02
28,octanol_hl_gap_eV,189,0.44968855381011963,0.000917856115847826,0.6742584917106491,0.9028113685559189,0.31462016701698303,0.06232078745961189,0.1980826215003816,0.36
28,octanol_hl_gap_eV,190,0.05529448390007019,0.0014385163085535169,0.6173667682540211,0.9724560922931709,0.2926781475543976,0.0026288796216249466,0.008982152045144878,0.06
28,octanol_hl_gap_eV,191,0.07567144185304642,0.0011857706122100353,0.6592369320739782,0.9728481715410737,0.27577638626098633,0.0012866782490164042,0.004665657805083903,0.1
28,octanol_hl_gap_eV,192,0.11044488847255707,0.0032703489996492863,0.6268604826745863,0.9802722621419484,0.7260752320289612,0.0036122819874435663,0.004975079479504242,0.16
28,octanol_hl_gap_eV,193,0.2857590913772583,0.0008400451624765992,0.6824790988182574,0.9303480884485757,0.27579787373542786,0.02116175927221775,0.0767292328457839,0.24
28,octanol_hl_gap_eV,194,0.09534051269292831,0.0013140853261575103,0.636373390322815,0.9788528170163857,0.2413128763437271,0.0017364287050440907,0.007195756527184708,0.04
28,octanol_hl_gap_eV,195,0.04091206192970276,0.004342181608080864,0.6227781302611437,0.980944987396859,0.8488841652870178,0.0020030911546200514,0.0023596754852209813,0.06
28,octanol_hl_gap_eV,196,0.10091133415699005,0.0014348907861858606,0.678105330620747,0.9836826936585339,0.3094387650489807,0.0028691361658275127,0.00927206442726515,0.22
28,octanol_hl_gap_eV,197,0.3925913870334625,0.0011615337571129203,0.6347378698990502,0.8885069475705494,0.31710201501846313,0.06327994167804718,0.1995570468839901,0.26
28,octanol_hl_gap_eV,198,0.18683825433254242,0.0011205495102331042,0.6726712798522949,0.9779295870048215,0.3130010962486267,0.0008795743342489004,0.002810131800785217,0.3
28,octanol_hl_gap_eV,199,0.0644734725356102,0.00098199222702533,0.6704574220528172,0.9700566954315344,0.2784593105316162,0.0007486302638426423,0.0026884727338202723,0.1
28,octanol_hl_gap_eV,200,0.21459253132343292,0.0009760208195075393,0.6564045349939467,0.9420754237492037,0.27651140093803406,0.018065955489873886,0.06533530056477653,0.08
28,octanol_hl_gap_eV,201,0.011089542880654335,0.0022223989944905043,0.6359030629443243,0.9700250493547053,0.41973912715911865,0.0020452793687582016,0.004872739366951744,0.0
28,octanol_hl_gap_eV,202,0.17126472294330597,0.0011862568790093064,0.6383773193689068,0.9686692599584783,0.32506227493286133,0.0025194946210831404,0.007750805969728475,0.2
28,octanol_hl_gap_eV,203,0.07433413714170456,0.0011678434675559402,0.6386628721929897,0.974938621863892,0.22109299898147583,0.0018447303446009755,0.00834368502439797,0.06
28,octanol_hl_gap_eV,204,0.011920180171728134,0.002027852926403284,0.6197616853961316,0.9671979624838245,0.35652345418930054,0.0007400815957225859,0.0020758286363107836,0.02
28,octanol_hl_gap_eV,205,0.061601459980010986,0.0019149176077917218,0.6401526367471493,0.9680470054547206,0.3779694139957428,0.001258696662262082,0.0033301548105589816,0.06
28,octanol_hl_gap_eV,206,0.4940810203552246,0.0013113642344251275,0.6367281826528697,0.8951922922634206,0.3298128545284271,0.1099645346403122,0.333414944658666,0.3
28,octanol_hl_gap_eV,207,0.09956741333007812,0.0018170782132074237,0.6278756353364554,0.9685654708115377,0.49435144662857056,0.001418780884705484,0.0028699842882658347,0.08
28,octanol_hl_gap_eV,208,0.06750962138175964,0.0014292829437181354,0.6454852619199065,0.9792669547007731,0.37457236647605896,0.0009899795986711979,0.0026429595113618,0.14
28,octanol_hl_gap_eV,209,0.010184953920543194,0.0013666771119460464,0.6371122756796652,0.9714251296471959,0.2774481177330017,0.0005778266931883991,0.002082647732158927,0.16
28,octanol_hl_gap_eV,210,0.03031546249985695,0.0012856380781158805,0.6470764808097469,0.9768461743860044,0.08811206370592117,0.0267283096909523,0.3033444975271433,0.16
28,octanol_hl_gap_eV,211,0.05458994582295418,0.0013313974486663938,0.6313375344225287,0.9703487769057206,0.2771918475627899,0.001963941613212228,0.007085134828026834,0.2
28,octanol_hl_gap_eV,212,0.040863312780857086,0.004736199975013733,0.6425366347438968,0.9768704563820718,0.9264295101165771,0.0032604027073830366,0.0035193208676748263,0.02
28,octanol_hl_gap_eV,213,0.027111519128084183,0.0029224392492324114,0.6099554788489068,0.9812146584503847,0.6333039402961731,0.006859252694994211,0.010830901654877418,0.04
28,octanol_hl_gap_eV,214,0.13167895376682281,0.0014264164492487907,0.6239194760392699,0.9725600684167162,0.33254826068878174,0.0013376632705330849,0.004022463589983858,0.2
28,octanol_hl_gap_eV,215,0.10419809073209763,0.0007901841890998185,0.642050348887742,0.9483517303944553,0.32028451561927795,0.006907555740326643,0.021566936281545535,0.12
28,octanol_hl_gap_eV,216,0.15628404915332794,0.0031973409932106733,0.6238436505698999,0.9114732211817977,0.7453616261482239,0.1204041838645935,0.16153794298051202,0.02
28,octanol_hl_gap_eV,217,0.03294092044234276,0.00448009604588151,0.6392904502133172,0.9636634543584146,0.863063395023346,0.0012464779429137707,0.0014442484180203859,0.02
28,octanol_hl_gap_eV,218,0.13277307152748108,0.0008057630038820207,0.685030357718972,0.9740411035620538,0.2894786298274994,0.0007416408625431359,0.0025619882993956427,0.18
28,octanol_hl_gap_eV,219,0.023978764191269875,0.0009108849917538464,0.6717446348084601,0.9598068586550694,0.27526360750198364,0.0005519608384929597,0.0020052081839005255,0.02
28,octanol_hl_gap_eV,220,0.09203366935253143,0.0009681872325018048,0.6622538654542365,0.9764634020692322,0.2688431143760681,0.0008602607995271683,0.0031998617540332547,0.1
28,octanol_hl_gap_eV,221,0.1070556491613388,0.001513774855993688,0.6098543866101318,0.9825468444203875,0.3107061982154846,0.006358996499329805,0.02046626857092706,0.06
28,octanol_hl_gap_eV,222,0.09503274410963058,0.0012646546820178628,0.6091093094939182,0.9857562965930582,0.3270095884799957,0.0015151125844568014,0.004633235959530544,0.02
28,octanol_hl_gap_eV,223,0.06732331961393356,0.001378034707158804,0.6417542295525813,0.9696234396341639,0.31596648693084717,0.0008516645175404847,0.0026954267391240167,0.14
28,octanol_hl_gap_eV,224,0.0643410012125969,0.0017443246906623244,0.6198295987280329,0.9679325596768098,0.42541593313217163,0.0008556031971238554,0.002011215684434719,0.14
28,octanol_hl_gap_eV,225,0.4057215452194214,0.0013535935431718826,0.6419272693788569,0.915797978564248,0.3221006691455841,0.08634403347969055,0.268065365119327,0.2
28,octanol_hl_gap_eV,226,0.05264442414045334,0.0008829290163703263,0.6717659320825304,0.9797216479633934,0.2678333520889282,0.0018078520661219954,0.0067499138999004785,0.12
28,octanol_hl_gap_eV,227,0.07029752433300018,0.0010133518371731043,0.6425105770403525,0.9655277032032024,0.34499767422676086,0.0012779165990650654,0.003704131055170863,0.12
28,octanol_hl_gap_eV,228,0.09189116954803467,0.0010600793175399303,0.6750189870322472,0.973551140529265,0.3210951089859009,0.001767270267009735,0.005503884106460603,0.08
28,octanol_hl_gap_eV,229,0.02099931798875332,0.0023351656273007393,0.6421038733575626,0.9799762363036857,0.4133603870868683,0.0008945758454501629,0.002164154750663533,0.0
28,octanol_hl_gap_eV,230,0.022319383919239044,0.0031888028606772423,0.6243282631143918,0.9751212969462466,0.5421055555343628,0.0014540262054651976,0.002682182815912925,0.06
28,octanol_hl_gap_eV,231,0.21551702916622162,0.0015558329178020358,0.660394474609054,0.947197813964683,0.40755248069763184,0.02346028760075569,0.05756384444181844,0.34
28,octanol_hl_gap_eV,232,0.06820973008871078,0.0011180394794791937,0.6654791536491687,0.9727124185159033,0.26945990324020386,0.0007591975154355168,0.002817478616693288,0.1
28,octanol_hl_gap_eV,233,0.055481918156147,0.0016483863582834601,0.627998763348026,0.9769876540597395,0.43094170093536377,0.001414781087078154,0.0032829988000867773,0.12
28,octanol_hl_gap_eV,234,0.10294204950332642,0.0008953447686508298,0.6384692045674709,0.9773673406785777,0.27759993076324463,0.0005529255140572786,0.001991807103615057,0.12
28,octanol_hl_gap_eV,235,0.024036705493927002,0.0014717067824676633,0.6303280327909955,0.967916112517688,0.27310705184936523,0.00148088822606951,0.005422372714441324,0.12
28,octanol_hl_gap_eV,236,0.08362200111150742,0.0010138284415006638,0.6574176509961787,0.9707630818362918,0.23347938060760498,0.0015867857728153467,0.00679625656315306,0.2
28,octanol_hl_gap_eV,237,0.04068448022007942,0.0016897764289751649,0.6463755688035919,0.9750833803719625,0.3189314901828766,0.0015165486838668585,0.00475509233345777,0.02
28,octanol_hl_gap_eV,238,0.029632173478603363,0.0019640447571873665,0.6210451063021727,0.9784375612132239,0.39639779925346375,0.002497738692909479,0.006301091221024618,0.02
28,octanol_hl_gap_eV,239,0.2728283703327179,0.0012505658669397235,0.6338681509880646,0.918856746897085,0.3089381754398346,0.052484411746263504,0.1698864559925026,0.24
28,octanol_hl_gap_eV,240,0.02862652763724327,0.002994392765685916,0.6345218627098699,0.9721272860377412,0.5482088923454285,0.001751404139213264,0.00319477513711999,0.04
28,octanol_hl_gap_eV,241,0.13273175060749054,0.0015295890625566244,0.622911035813676,0.9266727149403964,0.3131277859210968,0.018503626808524132,0.05909289319085451,0.16
28,octanol_hl_gap_eV,242,0.09178237617015839,0.003903282107785344,0.6465195817584859,0.958607260028421,0.7784088850021362,0.0027330212760716677,0.0035110355607826434,0.02
28,octanol_hl_gap_eV,243,0.09653297811746597,0.0017450619488954544,0.6372078672119736,0.9215007897611294,0.29026973247528076,0.023274658247828484,0.08018286319194697,0.08
28,octanol_hl_gap_eV,244,0.08840970695018768,0.0009827704634517431,0.637424863711838,0.9551767352274207,0.26806357502937317,0.005025614984333515,0.018747847348461393,0.02
28,octanol_hl_gap_eV,245,0.10006740689277649,0.0011629153741523623,0.640483764721441,0.9724498443863636,0.3143412470817566,0.0005820923252031207,0.0018517847422413677,0.04
28,octanol_hl_gap_eV,246,0.06564469635486603,0.003270405111834407,0.6191037310851004,0.9845137235066206,0.6983989477157593,0.003046497004106641,0.004362115684839966,0.22
28,octanol_hl_gap_eV,247,0.28538981080055237,0.0014424212276935577,0.6321549207112829,0.913813552725228,0.34362149238586426,0.040464527904987335,0.1177590133376999,0.2
28,octanol_hl_gap_eV,248,0.162486270070076,0.0010205056751146913,0.6746001902517507,0.9761921088989283,0.30392783880233765,0.0024919467978179455,0.008199139663012597,0.28
28,octanol_hl_gap_eV,249,0.045256342738866806,0.0013041467173025012,0.625618808022629,0.9806054623493239,0.26580163836479187,0.0009476871928200126,0.0035653925937032273,0.1
28,octanol_dipole,0,0.12185725569725037,0.01883271150290966,0.6155224986824759,0.9744814329985365,3.62617826461792,0.008910229429602623,0.002457195642184312,0.06
28,octanol_dipole,1,0.2147245556116104,0.012785537168383598,0.61412188065465,0.9263025432324585,2.5330748558044434,0.15562595427036285,0.06143756625026378,0.16
28,octanol_dipole,2,0.19214273989200592,0.016548531129956245,0.6144230164273199,0.9282880187043434,3.2051408290863037,0.11254657059907913,0.03511439172273844,0.12
28,octanol_dipole,3,0.10668104141950607,0.009947188198566437,0.6149140455060707,0.9578390693964913,1.9216078519821167,0.009968362748622894,0.005187511457314583,0.1
28,octanol_dipole,4,0.10273551195859909,0.014429823495447636,0.61398052767381,0.9617398806486299,2.767235517501831,0.006734349299222231,0.0024336017865590927,0.06
28,octanol_dipole,5,0.12138264626264572,0.01778256520628929,0.6198682079577096,0.969131181768421,3.5026423931121826,0.010109924711287022,0.0028863707957077823,0.08
28,octanol_dipole,6,0.10463011264801025,0.016957620158791542,0.6154303713934943,0.927874780525477,3.312051773071289,0.08791515231132507,0.02654401511054905,0.06
28,octanol_dipole,7,0.1195794939994812,0.011112978681921959,0.6159312187437771,0.9595390154310124,2.1339399814605713,0.01002505887299776,0.004697910419268741,0.1
28,octanol_dipole,8,0.19921869039535522,0.01401516329497099,0.6125829159742935,0.9383574923673716,2.7447171211242676,0.17686137557029724,0.0644370140037793,0.14
28,octanol_dipole,9,0.5823577046394348,0.003800039179623127,0.6425774259267165,0.907829135632856,0.762694239616394,0.39318421483039856,0.5155201054463912,0.22
28,octanol_dipole,10,0.3653199076652527,0.011477399617433548,0.6155780229029946,0.8951145372344369,2.193225145339966,0.3970106840133667,0.1810168394507565,0.08
28,octanol_dipole,11,0.18765538930892944,0.01746208965778351,0.6134139578145947,0.9324962812968514,3.4283788204193115,0.09351426362991333,0.027276525882421583,0.06
28,octanol_dipole,12,0.07725774496793747,0.012756546959280968,0.6170846262804688,0.96105884892898,2.4567697048187256,0.007701906841248274,0.0031349730608211663,0.1
28,octanol_dipole,13,0.23695093393325806,0.01401333324611187,0.6135715818378964,0.9349480181876073,2.7800402641296387,0.23025785386562347,0.082825366537528,0.18
28,octanol_dipole,14,0.1961277425289154,0.01546382810920477,0.6159660465787538,0.9319283221079566,2.9996960163116455,0.09227977693080902,0.03076304279800792,0.1
28,octanol_dipole,15,0.1264159381389618,0.013281234540045261,0.6162806761246953,0.9562287101182632,2.5209317207336426,0.0491182915866375,0.01948418165500455,0.06
28,octanol_dipole,16,0.11965139955282211,0.011075238697230816,0.6159707154639269,0.9525887054236761,2.126159191131592,0.019072743132710457,0.008970515101721756,0.04
28,octanol_dipole,17,0.4371172785758972,0.014068948104977608,0.6150169031876602,0.9033792497913768,2.8456194400787354,0.7393145561218262,0.25980795102431903,0.22
28,octanol_dipole,18,0.08707126975059509,0.013013623654842377,0.6116716526631205,0.9510847848019208,2.522235631942749,0.019681651145219803,0.007803256323859018,0.08
28,octanol_dipole,19,0.09658506512641907,0.011247842572629452,0.6148954545298495,0.9490307345123965,2.1893668174743652,0.008159036748111248,0.0037266650261573997,0.06
28,octanol_dipole,20,0.2863055169582367,0.019662760198116302,0.6155603553288107,0.901602131895048,4.085717678070068,0.34386682510375977,0.08416313906108874,0.18
28,octanol_dipole,21,0.11485517024993896,0.003027876140549779,0.6526330799764564,0.9661041264335988,0.5192117094993591,0.04596897214651108,0.08853608519506592,0.08
28,octanol_dipole,22,0.11542978137731552,0.009576894342899323,0.6148850693447243,0.9569292711969042,1.7907791137695312,0.026454098522663116,0.014772396170613196,0.08
28,octanol_dipole,23,0.18233318626880646,0.012523566372692585,0.615970655728205,0.9554594605354989,2.439589500427246,0.018448641523718834,0.007562190901579105,0.1
28,octanol_dipole,24,0.14568133652210236,0.009609701111912727,0.6155483593135327,0.9458872830817602,1.801809310913086,0.017670350149273872,0.009807003461603401,0.06
28,octanol_dipole,25,0.439190536737442,0.013610564172267914,0.6170212263045587,0.894766195578113,2.755277156829834,0.5974410176277161,0.21683517977375444,0.24
28,octanol_dipole,26,0.297107994556427,0.017470303922891617,0.6095906114401026,0.8990140967616331,3.4932775497436523,0.5888022780418396,0.1685529619840965,0.14
28,octanol_dipole,27,0.391469806432724,0.016140785068273544,0.6220334731201558,0.8859553407450651,3.2675321102142334,0.6509841680526733,0.19922808593608343,0.16
28,octanol_dipole,28,0.4195316433906555,0.012330370955169201,0.6153222821316817,0.8887051893552411,2.4680123329162598,0.5508753657341003,0.2232060830438288,0.2
28,octanol_dipole,29,0.2879506051540375,0.011867310851812363,0.6176796970922858,0.9090462637869965,2.332040548324585,0.2580541968345642,0.11065596480299576,0.1
28,octanol_dipole,30,0.35451772809028625,0.015568695031106472,0.6202350214988197,0.9144486243041516,3.1171717643737793,0.3757152259349823,0.12053080623565227,0.14
28,octanol_dipole,31,0.15311501920223236,0.015890367329120636,0.6149089030645152,0.9602593271371871,3.068525552749634,0.014929848723113537,0.004865479679559862,0.1
28,octanol_dipole,32,0.157261461019516,0.01825818419456482,0.6129352142003859,0.9529383595605094,3.6941466331481934,0.008634691126644611,0.002337398047268641,0.12
28,octanol_dipole,33,0.1442006379365921,0.013872046954929829,0.6158146331816379,0.9580769700280944,2.6871912479400635,0.009880512952804565,0.003676892353820641,0.1
28,octanol_dipole,34,0.10988762974739075,0.01781933195888996,0.6139184878453872,0.9590379226329371,3.4197630882263184,0.013825188390910625,0.004042732795879479,0.04
28,octanol_dipole,35,0.11942273378372192,0.021868836134672165,0.6206258262705453,0.9258819642076186,4.283956527709961,0.10074557363986969,0.023516945839253046,0.02
28,octanol_dipole,36,0.6487314105033875,0.0096245426684618,0.6348846388260962,0.890513494671799,2.1071863174438477,0.8823267817497253,0.41872271779936593,0.54
28,octanol_dipole,37,0.10631078481674194,0.02625126950442791,0.6211794833108746,0.9549953422986635,5.564770698547363,0.01955588161945343,0.0035142295484984366,0.08
28,octanol_dipole,38,0.2406015843153,0.01426093839108944,0.6122754940440356,0.9198337597700466,2.8032116889953613,0.1929170787334442,0.06882001794255627,0.16
28,octanol_dipole,39,0.3369203805923462,0.016875755041837692,0.604199343355986,0.890420333245165,3.3433499336242676,0.6155234575271606,0.18410380897817633,0.22
28,octanol_dipole,40,0.32440832257270813,0.011236723512411118,0.61843492779376,0.9232115789862385,2.196920394897461,0.23230156302452087,0.1057396360669515,0.16
28,octanol_dipole,41,0.09920995682477951,0.01593552529811859,0.6143770359926013,0.9545475193406785,3.0374250411987305,0.0042563071474432945,0.0014012879625709307,0.06
28,octanol_dipole,42,0.34608909487724304,0.011558590456843376,0.6169613593019123,0.893652987841874,2.275198459625244,0.4669037461280823,0.20521451399232557,0.22
28,octanol_dipole,43,0.15478157997131348,0.015328599140048027,0.6123994176699552,0.9564259887007394,3.0225493907928467,0.04664523899555206,0.015432415806881662,0.12
28,octanol_dipole,44,0.09081865847110748,0.013258974067866802,0.6179937486270051,0.964489339055874,2.5407040119171143,0.012839383445680141,0.005053474700499274,0.08
28,octanol_dipole,45,0.34291163086891174,0.015260390937328339,0.620629363715423,0.8831650276652416,3.052780866622925,0.4482671916484833,0.14683896788974884,0.14
28,octanol_dipole,46,0.09206327795982361,0.012200900353491306,0.6141152315957841,0.9619165000839023,2.390317916870117,0.014208214357495308,0.005944068886075015,0.08
28,octanol_dipole,47,0.3502262830734253,0.014170106500387192,0.6187799795099782,0.9065744693715503,2.817070960998535,0.44422048330307007,0.15768878010286694,0.16
28,octanol_dipole,48,0.10127068310976028,0.014890083111822605,0.6130628037024448,0.9623989834609412,2.852468252182007,0.004897399805486202,0.0017168989704758036,0.08
28,octanol_dipole,49,0.3026714622974396,0.015458284877240658,0.6164334096985276,0.9216943382534757,3.0500056743621826,0.2977534234523773,0.09762389163903556,0.14
28,octanol_dipole,50,0.25590285658836365,0.012684374116361141,0.6168693043301459,0.9260972530606348,2.487156867980957,0.3454093933105469,0.13887720463363692,0.12
28,octanol_dipole,51,0.08700139820575714,0.01448258850723505,0.6175881628182354,0.9527845281442386,2.8097476959228516,0.01205531507730484,0.00429053295240636,0.12
28,octanol_dipole,52,0.5229089856147766,0.01266382448375225,0.62947303365701,0.9087119300025459,2.510430335998535,0.8329557180404663,0.33179798144414724,0.32
28,octanol_dipole,53,0.09454654902219772,0.017436478286981583,0.6139094556434503,0.9660372014036827,3.377943754196167,0.013498525135219097,0.003996077530435753,0.04
28,octanol_dipole,54,0.1778113842010498,0.03691369295120239,0.6194131857644223,0.9075578727991542,7.715206146240234,0.6838113069534302,0.0886316313513754,0.02
28,octanol_dipole,55,0.25034642219543457,0.015039708465337753,0.6229941283566784,0.957397374562504,2.942415952682495,0.07998538762331009,0.027183575982991214,0.06
28,octanol_dipole,56,0.2578510642051697,0.012368237599730492,0.6178043764064611,0.9208755429338158,2.4259867668151855,0.09765272587537766,0.04025278588125825,0.14
28,octanol_dipole,57,0.10551545023918152,0.014821203425526619,0.6104816376900468,0.9454401580172986,2.9326722621917725,0.007499190513044596,0.0025571185057821546,0.02
28,octanol_dipole,58,0.11091180890798569,0.01581397093832493,0.6059943088779673,0.9488616914993779,3.0757896900177,0.03527110442519188,0.011467332938809905,0.14
28,octanol_dipole,59,0.14511984586715698,0.007845793850719929,0.6152911799393035,0.9507173860446956,1.4509389400482178,0.03538192808628082,0.02438553898422838,0.06
28,octanol_dipole,60,0.22379854321479797,0.015793422237038612,0.6071031392164039,0.9423410449025609,3.1287362575531006,0.050020165741443634,0.015987338536666253,0.1
28,octanol_dipole,61,0.14442257583141327,0.01568186655640602,0.616393390477783,0.949879508211211,3.0394444465637207,0.012581689283251762,0.004139470059232745,0.06
28,octanol_dipole,62,0.3690432906150818,0.01713198609650135,0.6156453782862339,0.9141806710708684,3.368454933166504,0.34602782130241394,0.10272597620213127,0.16
28,octanol_dipole,63,0.4680289030075073,0.008475941605865955,0.6229248827930398,0.9131578915599654,1.6243770122528076,0.4197043776512146,0.25837867347626226,0.34
28,octanol_dipole,64,0.09212305396795273,0.011615675874054432,0.615476955403899,0.9529472638091028,2.2395737171173096,0.01203941460698843,0.005375761697402436,0.06
28,octanol_dipole,65,0.05601711943745613,0.011955461464822292,0.6126136985636415,0.947172590570718,2.348200559616089,0.010167872533202171,0.004330069887584276,0.08
28,octanol_dipole,66,0.1663137972354889,0.02308221161365509,0.62500695893951,0.9425392667130768,4.564637660980225,0.09939569234848022,0.021775154947815876,0.06
28,octanol_dipole,67,0.08961497992277145,0.014599040150642395,0.6138279971529017,0.9620094436193964,2.779449939727783,0.010021479800343513,0.0036055622578779053,0.06
28,octanol_dipole,68,0.2061062455177307,0.016335157677531242,0.6157196777419918,0.9237447119849944,3.2121126651763916,0.0776410847902298,0.024171345430053955,0.08
28,octanol_dipole,69,0.3525615334510803,0.014882240444421768,0.6144209324467118,0.9004977016792493,2.8950583934783936,0.5196266174316406,0.17948743921787108,0.18
28,octanol_dipole,70,0.3978760242462158,0.015744416043162346,0.6134878507801083,0.8781918622655969,3.181368112564087,0.6643035411834717,0.20881064928008694,0.24
28,octanol_dipole,71,0.338297039270401,0.011857330799102783,0.6175528407064441,0.9203633074695361,2.297428607940674,0.39475950598716736,0.17182666944371974,0.18
28,octanol_dipole,72,0.09927963465452194,0.01652532070875168,0.6156235431469663,0.9742907636431679,3.165726661682129,0.012723936699330807,0.0040192783708527325,0.12
28,octanol_dipole,73,0.5158970355987549,0.010568964295089245,0.6241543461180596,0.8923859919934161,2.0506694316864014,0.6771862506866455,0.3302269201573607,0.22
28,octanol_dipole,74,0.41435936093330383,0.01271913293749094,0.6198132909246967,0.9001137355140967,2.526256799697876,0.7270669937133789,0.28780407193771096,0.16
28,octanol_dipole,75,0.06553035229444504,0.01732788048684597,0.61377677430274,0.9681871043194408,3.3535690307617188,0.012388745322823524,0.003694197199814189,0.1
28,octanol_dipole,76,0.09064725041389465,0.016020160168409348,0.6177635228439946,0.9582921312420078,3.1282765865325928,0.006732930429279804,0.0021522810541323135,0.06
28,octanol_dipole,77,0.16619175672531128,0.013174024410545826,0.6150992711454666,0.9620876377654073,2.526644706726074,0.028416777029633522,0.01124684327558458,0.08
28,octanol_dipole,78,0.29808565974235535,0.016062665730714798,0.6129795297288134,0.89538124881962,3.2518584728240967,0.3706067204475403,0.11396766604226923,0.18
28,octanol_dipole,79,0.12283860892057419,0.015844132751226425,0.6164001000037078,0.9540731226277626,3.086852788925171,0.007840265519917011,0.0025398896727585633,0.08
28,octanol_dipole,80,0.4967557489871979,0.01342840027064085,0.6207247958275912,0.899048396868753,2.740677833557129,0.8943451642990112,0.32632261747388225,0.24
28,octanol_dipole,81,0.38516342639923096,0.011825828813016415,0.620358789024646,0.9162584591363949,2.3254408836364746,0.5625634789466858,0.24191691257571815,0.22
28,octanol_dipole,82,0.15478642284870148,0.0140957897529006,0.6160644235150499,0.9677558722954263,2.7534029483795166,0.00931910052895546,0.0033845756337408254,0.08
28,octanol_dipole,83,0.09581805020570755,0.014537402428686619,0.6153384438326888,0.955399330388933,2.7617647647857666,0.013430538587272167,0.004863027712758147,0.06
28,octanol_dipole,84,0.11094532907009125,0.0175979845225811,0.6150249745458978,0.9640981639311792,3.536129951477051,0.006330050062388182,0.0017901067407729467,0.12
28,octanol_dipole,85,0.17781051993370056,0.013886705972254276,0.6146209906102977,0.9458861256662072,2.6925363540649414,0.07381203025579453,0.02741356867637459,0.06
28,octanol_dipole,86,0.17861947417259216,0.013980613090097904,0.6156023596599287,0.9538380123476815,2.7440669536590576,0.060900140553712845,0.02219338725409231,0.12
28,octanol_dipole,87,0.32471197843551636,0.015350587666034698,0.6201914293468831,0.9029616506984266,3.122803211212158,0.41571885347366333,0.13312361534055694,0.14
28,octanol_dipole,88,0.2543046474456787,0.01146961934864521,0.6163156818100082,0.9222381305754008,2.226106643676758,0.17408421635627747,0.07820120246743911,0.1
28,octanol_dipole,89,0.17378847301006317,0.015446972101926804,0.6129845923725621,0.9473640619093666,3.0300145149230957,0.09852413088083267,0.032516059047107665,0.16
28,octanol_dipole,90,0.3965659439563751,0.014741821214556694,0.6139132409546681,0.8860708033503053,2.917693853378296,0.6424611806869507,0.22019485695631408,0.2
28,octanol_dipole,91,0.23065616190433502,0.017397379502654076,0.6166820741541339,0.9520414884045114,3.3498470783233643,0.07394684851169586,0.022074693794293165,0.14
28,octanol_dipole,92,0.15603823959827423,0.016062241047620773,0.6170435179628122,0.9532677022781086,3.1470277309417725,0.023345526307821274,0.007418277912929272,0.1
28,octanol_dipole,93,0.23593558371067047,0.016158875077962875,0.6164016941978434,0.9081507867930225,3.1171083450317383,0.3156954050064087,0.10127829066627914,0.08
28,octanol_dipole,94,0.05637923255562782,0.018274150788784027,0.6114767181328467,0.9658724045389431,3.5777320861816406,0.00761763472110033,0.0021291797534315387,0.04
28,octanol_dipole,95,0.36890411376953125,0.015039126388728619,0.6109076585302406,0.9036841348489275,3.041193962097168,0.6328867077827454,0.20810468377568225,0.2
28,octanol_dipole,96,0.3177584111690521,0.015826022252440453,0.6199309195674805,0.8854145825996644,3.121614456176758,0.4292714297771454,0.13751583861605438,0.12
28,octanol_dipole,97,0.20191222429275513,0.014643251895904541,0.6185218440975919,0.9493950098379935,2.884755849838257,0.030183764174580574,0.010463195412628395,0.12
28,octanol_dipole,98,0.1309751570224762,0.023050321266055107,0.609634263977322,0.9514045726549123,4.651871204376221,0.011258868500590324,0.002420288096110359,0.08
28,octanol_dipole,99,0.17601950466632843,0.011044462211430073,0.6143435028808633,0.9449845223481967,2.081514358520508,0.05374091491103172,0.025818181215540362,0.1
28,octanol_dipole,100,0.11857251077890396,0.014408808201551437,0.6151868377538194,0.9655071858446282,2.800499200820923,0.005634513217955828,0.0020119674436272494,0.08
28,octanol_dipole,101,0.47230660915374756,0.014593054540455341,0.6199911337540605,0.8887902478175265,2.963259220123291,0.6697769165039062,0.22602710959456296,0.28
28,octanol_dipole,102,0.28691741824150085,0.01656101830303669,0.6121944737064045,0.9236873732662689,3.360314130783081,0.321312814950943,0.09561987434670725,0.16
28,octanol_dipole,103,0.20316651463508606,0.012856907211244106,0.6129811150863049,0.9304998420642436,2.5594661235809326,0.16559872031211853,0.06470049311706866,0.08
28,octanol_dipole,104,0.42223599553108215,0.015275628305971622,0.6205033688119814,0.9159715811690594,3.091853380203247,0.9486992359161377,0.30683836497245986,0.18
28,octanol_dipole,105,0.3277921974658966,0.013262593187391758,0.6170198521526928,0.9319118569437868,2.606916666030884,0.4015597403049469,0.1540362780051327,0.14
28,octanol_dipole,106,0.5234100222587585,0.012981938198208809,0.6212063143227953,0.8910152946543777,2.64780592918396,0.8195509314537048,0.3095207705446472,0.24
28,octanol_dipole,107,0.18565700948238373,0.013946800492703915,0.6160615767587969,0.9548031742711536,2.7368390560150146,0.06612438708543777,0.024160860661539392,0.12
28,octanol_dipole,108,0.06421362608671188,0.012799871154129505,0.6148087242972533,0.9580539030822415,2.506230592727661,0.006679275538772345,0.002665068233606925,0.06
28,octanol_dipole,109,0.4294503927230835,0.01733316294848919,0.6193942439152202,0.8791356148547242,3.5845108032226562,0.7502462863922119,0.20930228072341214,0.18
28,octanol_dipole,110,0.2924404442310333,0.015427019447088242,0.6156310398132001,0.9121790714148357,3.0756521224975586,0.4352356791496277,0.14151004789065613,0.18
28,octanol_dipole,111,0.06452915817499161,0.01194547489285469,0.6148102103995685,0.9500227298334478,2.3182976245880127,0.009258844889700413,0.003993812007354238,0.12
28,octanol_dipole,112,0.08255244046449661,0.017213553190231323,0.614734097008006,0.9713001482549111,3.386308193206787,0.012218264862895012,0.0036081372886867936,0.06
28,octanol_dipole,113,0.1612725853919983,0.0140690254047513,0.6145103604666815,0.9243783718405001,2.7683048248291016,0.09445514529943466,0.03412021120371589,0.06
28,octanol_dipole,114,0.5173823237419128,0.016174141317605972,0.6179102022235092,0.8940769263804189,3.308875560760498,0.8971064686775208,0.2711212471439493,0.38
28,octanol_dipole,115,0.0795993059873581,0.009283943101763725,0.6246791085437249,0.9469630656342309,1.742850661277771,0.03226235881447792,0.01851125832595707,0.06
28,octanol_dipole,116,0.10044455528259277,0.0041551124304533005,0.6129945355237307,0.9720609229874926,0.7556737065315247,0.016447022557258606,0.021764714605128955,0.1
28,octanol_dipole,117,0.3175338804721832,0.014560962095856667,0.6130538652284974,0.9033088504335582,2.8997020721435547,0.29924294352531433,0.10319782380405175,0.18
28,octanol_dipole,118,0.4469372630119324,0.01233589742332697,0.6171204695791401,0.9023945563637787,2.482048273086548,0.4865233302116394,0.19601686860289141,0.3
28,octanol_dipole,119,0.06257102638483047,0.012929928489029408,0.61499572965938,0.9715263908233345,2.4693028926849365,0.007975595071911812,0.0032298974319994182,0.08
28,octanol_dipole,120,0.2979739010334015,0.014431624673306942,0.6157023896732514,0.9203804298939091,2.832212209701538,0.3544699251651764,0.12515655569556733,0.14
28,octanol_dipole,121,0.2451733648777008,0.011198027990758419,0.6147084920587527,0.93016806598644,2.1395838260650635,0.21916036307811737,0.10243130482117078,0.06
28,octanol_dipole,122,0.10117117315530777,0.010475771501660347,0.6133568631378254,0.9593843156299207,2.0360302925109863,0.011980296112596989,0.005884144335505923,0.1
28,octanol_dipole,123,0.14759638905525208,0.014939338900148869,0.6148183350153857,0.9641902162854887,2.837104558944702,0.013657571747899055,0.004813912023383151,0.08
28,octanol_dipole,124,0.1498001664876938,0.012277497909963131,0.6161243869902433,0.9647026905049676,2.3864736557006836,0.014316316694021225,0.0059989418528979595,0.08
28,octanol_dipole,125,0.08469776809215546,0.011645304039120674,0.6139124775012426,0.9612780473230356,2.2516520023345947,0.01682274602353573,0.007471290415256573,0.1
28,octanol_dipole,126,0.3789624571800232,0.022507065907120705,0.6226249359710139,0.9109403007620958,4.421252250671387,0.8538392782211304,0.19312159311685306,0.2
28,octanol_dipole,127,0.4778364896774292,0.013917229138314724,0.6194916396813996,0.8881842915943159,2.8017935752868652,0.8147818446159363,0.29080723569455463,0.22
28,octanol_dipole,128,0.22614111006259918,0.015740925446152687,0.6124222757093019,0.9263015643915673,3.027353048324585,0.10974680632352829,0.03625173693707941,0.14
28,octanol_dipole,129,0.10638115555047989,0.015179313719272614,0.613669334470041,0.9635706560446526,2.9400792121887207,0.004793839994817972,0.0016305138905591706,0.06
28,octanol_dipole,130,0.2557043135166168,0.019092092290520668,0.6163346420153886,0.9058039283435879,3.814852714538574,0.3308442533016205,0.08672530188144834,0.1
28,octanol_dipole,131,0.23524630069732666,0.012754349038004875,0.6159191149316705,0.9428831014011523,2.4621284008026123,0.15065093338489532,0.061187277371799804,0.1
28,octanol_dipole,132,0.15070857107639313,0.015824567526578903,0.6174233638260418,0.9626434015832319,3.059706687927246,0.00439749751240015,0.0014372284538748292,0.06
28,octanol_dipole,133,0.16862088441848755,0.013090522028505802,0.6175396316566368,0.9249944096561293,2.4764363765716553,0.14916251599788666,0.060232726917210454,0.08
28,octanol_dipole,134,0.15786755084991455,0.015380339697003365,0.6140920406520787,0.9588812792552173,3.0095860958099365,0.020876465365290642,0.00693665663672346,0.12
28,octanol_dipole,135,0.3203859031200409,0.015326665714383125,0.6126548576363522,0.8971242536735473,3.0070269107818604,0.35676005482673645,0.11864212240587327,0.18
28,octanol_dipole,136,0.081438347697258,0.021164890378713608,0.6138370698000373,0.9693075292870967,4.183376312255859,0.005238168872892857,0.001252139057523182,0.04
28,octanol_dipole,137,0.2928266227245331,0.01905905269086361,0.6191287728043873,0.8960359066113146,3.7297475337982178,0.5611916780471802,0.15046371717167842,0.08
28,octanol_dipole,138,0.14255903661251068,0.014008070342242718,0.6158366434342544,0.9740338651062694,2.6646223068237305,0.005466254893690348,0.002051418274061589,0.14
28,octanol_dipole,139,0.21115437150001526,0.015038952231407166,0.6173516309016751,0.9217566549161789,2.887667179107666,0.1418124884366989,0.04910970677739987,0.08
28,octanol_dipole,140,0.2674446105957031,0.01464181486517191,0.6121778278697145,0.9185390379949347,2.849884033203125,0.3169325590133667,0.1112089317743749,0.16
28,octanol_dipole,141,0.211001917719841,0.018537215888500214,0.611730976226019,0.9430938488979141,3.6170129776000977,0.26248815655708313,0.07257042155575705,0.1
28,octanol_dipole,142,0.08613573759794235,0.019769562408328056,0.6166873082586886,0.9641289207371257,3.8652448654174805,0.007457838859409094,0.001929460905862579,0.06
28,octanol_dipole,143,0.1622866988182068,0.020210882648825645,0.6105281399456712,0.9385287292548539,4.143859386444092,0.06424855440855026,0.01550452088667104,0.12
28,octanol_dipole,144,0.11603143811225891,0.01303934771567583,0.6122454142200278,0.948861600084572,2.5450563430786133,0.007223453372716904,0.0028382292566376324,0.08
28,octanol_dipole,145,0.48988887667655945,0.012944133020937443,0.618213647762567,0.8890842332806497,2.570186138153076,0.7436362504959106,0.28933167114125213,0.26
28,octanol_dipole,146,0.1043618693947792,0.01712777093052864,0.6123502417183169,0.9517047355930093,3.42608904838562,0.025958281010389328,0.007576650998788523,0.02
28,octanol_dipole,147,0.125132754445076,0.013662293553352356,0.6149970760043557,0.9636710628898868,2.664857864379883,0.008861818350851536,0.0033254375286967497,0.1
28,octanol_dipole,148,0.22306977212429047,0.013683500699698925,0.6164908442193218,0.9449549690757706,2.690284252166748,0.0925278514623642,0.03439333646169267,0.12
28,octanol_dipole,149,0.1572827845811844,0.016394061967730522,0.6191955972968533,0.9606651820506751,3.2447423934936523,0.0056288777850568295,0.0017347687743544259,0.08
28,octanol_dipole,150,0.039668694138526917,0.008675889112055302,0.6143287819862078,0.9733105302296812,1.634775996208191,0.011292933486402035,0.006907939382885253,0.04
28,octanol_dipole,151,0.15805160999298096,0.012356127612292767,0.6109964511762029,0.9424184724581832,2.427907705307007,0.052600324153900146,0.021664877968352952,0.12
28,octanol_dipole,152,0.1342153251171112,0.013780999928712845,0.615361281159879,0.9512157401717456,2.69659686088562,0.013128777034580708,0.004868646561529014,0.14
28,octanol_dipole,153,0.13015036284923553,0.01520467083901167,0.6151824588699808,0.9589859842071788,2.9248204231262207,0.017795806750655174,0.006084410041021926,0.06
28,octanol_dipole,154,0.0961114764213562,0.01473108772188425,0.6125516320096098,0.9601754596833256,2.923626661300659,0.010941864922642708,0.0037425657206775183,0.06
28,octanol_dipole,155,0.4494684040546417,0.013514893129467964,0.6159778010122106,0.8911930545141715,2.741353750228882,0.7057490944862366,0.25744546628734505,0.24
28,octanol_dipole,156,0.35522907972335815,0.014657408930361271,0.6151151250444813,0.9031663076549252,2.9700846672058105,0.49843448400497437,0.1678182745119823,0.14
28,octanol_dipole,157,0.1097322404384613,0.016684992238879204,0.606580645942068,0.9473089002579202,3.2878785133361816,0.0076174382120370865,0.002316824718778231,0.06
28,octanol_dipole,158,0.12940187752246857,0.014363378286361694,0.614171588122217,0.9694571065739406,2.8736066818237305,0.007515758275985718,0.0026154443207293257,0.12
28,octanol_dipole,159,0.4623771905899048,0.013287101872265339,0.6167665805569467,0.8948427085495079,2.703488349914551,0.7408784627914429,0.27404536913016836,0.3
28,octanol_dipole,160,0.07682805508375168,0.020059235394001007,0.6169148297144418,0.963365504247333,3.8470089435577393,0.0030502662993967533,0.0007928929576586446,0.06
28,octanol_dipole,161,0.3910577595233917,0.013903842307627201,0.6155007261736345,0.9091801155587693,2.835914373397827,0.3711768388748169,0.13088436038712073,0.22
28,octanol_dipole,162,0.24364237487316132,0.02548329159617424,0.6134839779299788,0.901241379553708,5.025834083557129,0.5459784865379333,0.10863440325740056,0.08
28,octanol_dipole,163,0.07416301220655441,0.014488264918327332,0.6147494202175225,0.9588823539023548,2.787339925765991,0.009106484241783619,0.0032670877913396437,0.06
28,octanol_dipole,164,0.2013753056526184,0.014188829809427261,0.6173106255802236,0.9342803032802403,2.7776246070861816,0.07578718662261963,0.027284891712607215,0.12
28,octanol_dipole,165,0.28857481479644775,0.010994856245815754,0.6180620064311968,0.9277372866526405,2.1469545364379883,0.20580503344535828,0.09585905521167176,0.18
28,octanol_dipole,166,0.1095891073346138,0.014685535803437233,0.616211676282006,0.9280678933226751,2.8374485969543457,0.08224774152040482,0.028986513309417383,0.06
28,octanol_dipole,167,0.11602155864238739,0.018109483644366264,0.6062651631235787,0.9590328573320785,3.39589524269104,0.008559764362871647,0.0025206208528648706,0.1
28,octanol_dipole,168,0.34633052349090576,0.01772201992571354,0.6154952768907769,0.8916647484333626,3.6066629886627197,0.5133963227272034,0.14234663020665558,0.24
28,octanol_dipole,169,0.20986582338809967,0.015727166086435318,0.6148723853357991,0.9571030569237597,3.0566530227661133,0.05649276077747345,0.018481901726075018,0.1
28,octanol_dipole,170,0.1750626564025879,0.008678627200424671,0.6154116190064505,0.9467525383009072,1.6541073322296143,0.07958298921585083,0.048112348978333136,0.04
28,octanol_dipole,171,0.44150346517562866,0.013238503597676754,0.6177040696558815,0.8891235478479103,2.6793699264526367,0.6390928626060486,0.23852356343051828,0.22
28,octanol_dipole,172,0.15247686207294464,0.014643209986388683,0.613107432613327,0.9519916931230252,2.878739833831787,0.010394228622317314,0.0036106870444356657,0.1
28,octanol_dipole,173,0.3208773136138916,0.011177261359989643,0.618236438557682,0.9364236145516478,2.1903820037841797,0.2673080265522003,0.12203717255272813,0.18
28,octanol_dipole,174,0.15302124619483948,0.012715792283415794,0.6161745845966828,0.9478041007237925,2.4760444164276123,0.008544252254068851,0.0034507669561099105,0.04
28,octanol_dipole,175,0.13350526988506317,0.014397493563592434,0.6152439522895012,0.937901144619032,2.737027883529663,0.06244640797376633,0.02281540803787341,0.04
28,octanol_dipole,176,0.2039894461631775,0.013522055931389332,0.6162283738742287,0.9327156726347434,2.6490960121154785,0.0333242230117321,0.012579469698087879,0.12
28,octanol_dipole,177,0.32511594891548157,0.019043240696191788,0.617138634293541,0.8948588339403925,3.785752773284912,0.49232473969459534,0.13004672232397343,0.14
28,octanol_dipole,178,0.13201530277729034,0.018228022381663322,0.6125585214001124,0.9257980048337546,3.5841989517211914,0.12076633423566818,0.033694093397821624,0.02
28,octanol_dipole,179,0.14704236388206482,0.014678804203867912,0.6155768600009444,0.9677224053348261,2.862006664276123,0.024806369096040726,0.008667474260516759,0.12
28,octanol_dipole,180,0.26248612999916077,0.017550094053149223,0.6148521125102404,0.9198737045050676,3.4585185050964355,0.26770657300949097,0.07740498500008065,0.12
28,octanol_dipole,181,0.38767051696777344,0.015719128772616386,0.616898738042537,0.89805391739473,3.187232732772827,0.6790953874588013,0.21306739871110766,0.18
28,octanol_dipole,182,0.42683619260787964,0.018077902495861053,0.6074271140377605,0.8947751811406803,3.5951223373413086,0.8085445165634155,0.22490041803733343,0.34
28,octanol_dipole,183,0.13379023969173431,0.015605268999934196,0.6152147793688609,0.9624590476642148,3.048288583755493,0.020431125536561012,0.006702490586173391,0.1
28,octanol_dipole,184,0.28205007314682007,0.01935584656894207,0.606135509742618,0.9098503175939576,3.8120181560516357,0.2978942096233368,0.07814606264412075,0.04
28,octanol_dipole,185,0.09203747659921646,0.01764264516532421,0.612583160854778,0.9611473073490715,3.4596753120422363,0.007556494325399399,0.002184162860340447,0.08
28,octanol_dipole,186,0.40308818221092224,0.015216111205518246,0.6152337560493346,0.888965019737517,3.0768842697143555,0.6210278272628784,0.2018365894926987,0.26
28,octanol_dipole,187,0.047739479690790176,0.018579531461000443,0.6130530188795478,0.9619932254528178,3.5715324878692627,0.006322239525616169,0.0017701755610762897,0.06
28,octanol_dipole,188,0.24368315935134888,0.017341675236821175,0.6157590515831808,0.9378422915202416,3.388561725616455,0.3296509385108948,0.0972834391709137,0.2
28,octanol_dipole,189,0.1837415099143982,0.016917970031499863,0.6136397517496459,0.9221499969279772,3.2332706451416016,0.12623938918113708,0.039043867042441296,0.1
28,octanol_dipole,190,0.187294140458107,0.014946307055652142,0.6144442410073641,0.9484176686951877,3.0345230102539062,0.0681166723370552,0.02244724199054787,0.06
28,octanol_dipole,191,0.20570668578147888,0.013760514557361603,0.6091946832061896,0.9431831648456215,2.710947036743164,0.0580129511654377,0.021399514774413448,0.16
28,octanol_dipole,192,0.1085822656750679,0.01563025265932083,0.6111486875698633,0.9619381669362863,3.0751326084136963,0.009819963946938515,0.00319334649831707,0.08
28,octanol_dipole,193,0.11500917375087738,0.00869149062782526,0.6124037193446852,0.9476058857187624,1.6746762990951538,0.02367907389998436,0.014139493054734473,0.08
28,octanol_dipole,194,0.3469863831996918,0.014638499356806278,0.6146869662923677,0.9057768066458811,2.9098093509674072,0.547581136226654,0.18818454069666213,0.08
28,octanol_dipole,195,0.21925216913223267,0.01238761655986309,0.6138170979242645,0.9295319181622728,2.375248908996582,0.1076912134885788,0.04533891714703394,0.1
28,octanol_dipole,196,0.12761035561561584,0.013562149368226528,0.615717810146921,0.961035265201565,2.555744171142578,0.01152013149112463,0.0045075448557022075,0.06
28,octanol_dipole,197,0.3657130002975464,0.015104904770851135,0.6164454309035943,0.9022037240585368,3.0230071544647217,0.7110583782196045,0.23521557902019266,0.24
28,octanol_dipole,198,0.11115509271621704,0.01771458424627781,0.614643064102069,0.9626818046813901,3.492063045501709,0.006322960834950209,0.001810666288827492,0.1
28,octanol_dipole,199,0.07972155511379242,0.014810835942626,0.6152002049179719,0.9575781612256244,2.8714191913604736,0.0234842449426651,0.008178619483119879,0.06
28,octanol_dipole,200,0.1060294508934021,0.006463451310992241,0.6197928317439223,0.9569085141879379,1.1567472219467163,0.015445852652192116,0.013352833150701618,0.14
28,octanol_dipole,201,0.13147972524166107,0.01636672019958496,0.615993210742676,0.969876795789637,3.2840704917907715,0.008164556697010994,0.0024861088449288863,0.08
28,octanol_dipole,202,0.1266321837902069,0.012816119007766247,0.6147338832331797,0.9582760014382039,2.4601569175720215,0.014839379116892815,0.006031883174158702,0.08
28,octanol_dipole,203,0.42613548040390015,0.015178254805505276,0.621370276117976,0.8918043424862492,3.065020799636841,0.6816389560699463,0.2223929299764329,0.14
28,octanol_dipole,204,0.3366566300392151,0.017672086134552956,0.6120861091449283,0.8914571623115408,3.599756956100464,0.5066983699798584,0.14075905016897403,0.08
28,octanol_dipole,205,0.08226239681243896,0.019271105527877808,0.6132919682195366,0.9642201548489615,3.856009006500244,0.00627188989892602,0.0016265236643257883,0.04
28,octanol_dipole,206,0.15504704415798187,0.010716292075812817,0.6151872447828397,0.9453648750382087,2.0142409801483154,0.02927742525935173,0.014535214777129563,0.04
28,octanol_dipole,207,0.0994524285197258,0.013162861578166485,0.6125618854342261,0.9635734416261694,2.6134188175201416,0.01085272803902626,0.004152693768894016,0.06
28,octanol_dipole,208,0.12824584543704987,0.017749018967151642,0.6131713559955936,0.958115467303293,3.357714891433716,0.04052681103348732,0.012069759447676845,0.08
28,octanol_dipole,209,0.2838582396507263,0.01643974334001541,0.6148804438108217,0.9092081925615103,3.2172234058380127,0.5188232064247131,0.16126427697972426,0.08
28,octanol_dipole,210,0.15046367049217224,0.01374058797955513,0.6152935369494792,0.968081796074064,2.6557366847991943,0.011902098543941975,0.004481656111491308,0.12
28,octanol_dipole,211,0.35731351375579834,0.016254141926765442,0.6141782867351053,0.8929864756226511,3.2814412117004395,0.6260188221931458,0.1907755714047193,0.18
28,octanol_dipole,212,0.10983825474977493,0.015809059143066406,0.6122201070565481,0.9547644603642405,3.1174497604370117,0.008074344135820866,0.0025900478776886477,0.08
28,octanol_dipole,213,0.2891330122947693,0.018836820498108864,0.6176679476771771,0.9113569423786902,3.6687123775482178,0.32051512598991394,0.0873644736914788,0.16
28,octanol_dipole,214,0.3513607978820801,0.017297467216849327,0.6102958563670107,0.8925109120772399,3.4894025325775146,0.5277149677276611,0.15123361744620914,0.14
28,octanol_dipole,215,0.15687911212444305,0.013399586081504822,0.6151962923188732,0.9692214285551319,2.5954749584198,0.009983327239751816,0.0038464355848880755,0.1
28,octanol_dipole,216,0.36102110147476196,0.014488974586129189,0.6168781904982716,0.9099368273119459,2.909313678741455,0.6643093824386597,0.22833886469266332,0.26
28,octanol_dipole,217,0.1190708577632904,0.01908097229897976,0.6131917880099242,0.9427744795061834,3.9254322052001953,0.029238861054182053,0.007448571144713193,0.04
28,octanol_dipole,218,0.05715120583772659,0.017140118405222893,0.6157276776783402,0.9588533452190753,3.262347936630249,0.00828855112195015,0.0025406704873152117,0.04
28,octanol_dipole,219,0.1425987035036087,0.01135447807610035,0.6128104155161243,0.9702263689841824,2.1837761402130127,0.0174268651753664,0.007980151836289652,0.14
28,octanol_dipole,220,0.13896389305591583,0.015606376342475414,0.6178028780904372,0.9356376352791669,3.037335157394409,0.045226484537124634,0.014890185703418508,0.06
28,octanol_dipole,221,0.48264792561531067,0.008486554026603699,0.6210329052245287,0.8918640902369439,1.6853951215744019,0.5852099061012268,0.3472241604417108,0.28
28,octanol_dipole,222,0.23123705387115479,0.011182095855474472,0.620066982197574,0.9549122441213991,2.128811836242676,0.0728718489408493,0.034231230633077994,0.14
28,octanol_dipole,223,0.15843115746974945,0.01372587587684393,0.6118593730676622,0.9613081498570797,2.6893014907836914,0.01125636138021946,0.004185607831176725,0.1
28,octanol_dipole,224,0.3252887427806854,0.013656272552907467,0.6130941450246135,0.911196422964516,2.6798062324523926,0.31861039996147156,0.1188930737241771,0.24
28,octanol_dipole,225,0.15657389163970947,0.014118638820946217,0.6152092676571115,0.9272968792630036,2.8425450325012207,0.14763562381267548,0.05193783110720589,0.0
28,octanol_dipole,226,0.59734046459198,0.010564858093857765,0.6300259272153674,0.8989468732963855,2.1723241806030273,0.9468191862106323,0.4358553822974063,0.46
28,octanol_dipole,227,0.12289170920848846,0.01355457492172718,0.6142087087857939,0.9592403382328003,2.6400372982025146,0.018706364557147026,0.007085644043697173,0.04
28,octanol_dipole,228,0.15109840035438538,0.012622218579053879,0.6153884996384824,0.951062993600621,2.430338144302368,0.03208485245704651,0.013201805901892927,0.08
28,octanol_dipole,229,0.0784681886434555,0.016725659370422363,0.6136333330454742,0.9669999746634641,3.19706392288208,0.009430309757590294,0.0029496782000808684,0.06
28,octanol_dipole,230,0.1375507414340973,0.013128689490258694,0.6112297656395844,0.9655731829802647,2.5820505619049072,0.009863384999334812,0.003819981353137447,0.1
28,octanol_dipole,231,0.16750645637512207,0.012188667431473732,0.6168437872911889,0.9630682374993389,2.3772218227386475,0.02505413256585598,0.010539248935967067,0.12
28,octanol_dipole,232,0.19306883215904236,0.018694236874580383,0.611486805390395,0.9380728083998491,3.7952308654785156,0.11967556923627853,0.03153314606625108,0.04
28,octanol_dipole,233,0.08164560049772263,0.017572330310940742,0.6168436432998949,0.9621243968978903,3.5782783031463623,0.007399057969450951,0.002067770403141923,0.14
28,octanol_dipole,234,0.1312626153230667,0.012258453294634819,0.6129596978721958,0.955849011057047,2.398926258087158,0.031457800418138504,0.013113283625159091,0.12
28,octanol_dipole,235,0.11420045793056488,0.013989808969199657,0.6134096545068042,0.9742780083834528,2.691359043121338,0.008228704333305359,0.003057453205411796,0.06
28,octanol_dipole,236,0.07216846197843552,0.015824057161808014,0.6113791263740611,0.961357851434059,3.0923447608947754,0.00797985028475523,0.002580517665968864,0.08
28,octanol_dipole,237,0.11005441099405289,0.013524728827178478,0.6116785056568217,0.9508258268239083,2.680638313293457,0.022948740050196648,0.008560923693581628,0.06
28,octanol_dipole,238,0.4581802785396576,0.016766725108027458,0.6190342382350889,0.9064062185959461,3.4204890727996826,0.8182092308998108,0.2392082574993007,0.24
28,octanol_dipole,239,0.25619691610336304,0.01480279490351677,0.6170527125950616,0.9137199802578122,2.862818717956543,0.2660835087299347,0.09294458886305695,0.16
28,octanol_dipole,240,0.32097992300987244,0.01726936176419258,0.6102314826932504,0.8923617533460277,3.3476552963256836,0.54974764585495,0.16421871345545686,0.22
28,octanol_dipole,241,0.24941693246364594,0.013326934538781643,0.6136231895463342,0.9245207722903312,2.599567174911499,0.12707090377807617,0.04888156190170475,0.14
28,octanol_dipole,242,0.11637629568576813,0.016778433695435524,0.6132043862199634,0.9537791183682223,3.286393165588379,0.0054466379806399345,0.0016573299986353874,0.06
28,octanol_dipole,243,0.17373237013816833,0.01517203077673912,0.6123269392051374,0.9520061090032956,2.9651637077331543,0.04872617870569229,0.01643287976937472,0.1
28,octanol_dipole,244,0.45846623182296753,0.012785770930349827,0.6232255175510342,0.9052622757667657,2.5630486011505127,0.789477527141571,0.3080228470061734,0.2
28,octanol_dipole,245,0.13505679368972778,0.013833194971084595,0.6136294171502126,0.9684544682979934,2.705077886581421,0.004335653502494097,0.0016027832411041362,0.14
28,octanol_dipole,246,0.17753857374191284,0.008982542902231216,0.6162184726212168,0.9378575313938862,1.71139395236969,0.14683543145656586,0.08579873222833904,0.08
28,octanol_dipole,247,0.16575346887111664,0.011894626542925835,0.6142900301456671,0.9579491127986917,2.275668144226074,0.015045507811009884,0.006611468306213281,0.08
28,octanol_dipole,248,0.14181320369243622,0.015255236998200417,0.6155920559497436,0.9658388014831072,2.97088360786438,0.0099915387108922,0.003363153872619944,0.08
28,octanol_dipole,249,0.4601477384567261,0.008491937071084976,0.6202772097776801,0.893834309114734,1.7175956964492798,0.6461295485496521,0.3761825614056737,0.24
28,hexane_gsolv_eV,0,1.0,0.0,0.6520785113503595,0.6520785113503595,,,,1.0
28,hexane_gsolv_eV,1,1.0,0.0,0.6520785113503595,0.6520785113503595,,,,1.0
28,hexane_gsolv_eV,2,1.0,0.0,0.6520785113503595,0.6520785113503595,,,,1.0
28,hexane_gsolv_eV,3,1.0,0.0,0.6520785113503595,0.6520785113503595,,,,1.0
28,hexane_gsolv_eV,4,1.0,0.0,0.6520785113503595,0.6520785113503595,,,,1.0
28,hexane_gsolv_eV,5,1.0,0.0,0.6520785113503595,0.6520785113503595,,,,1.0
28,hexane_gsolv_eV,6,1.0,0.0,0.6520785113503595,0.6520785113503595,,,,1.0
28,hexane_gsolv_eV,7,1.0,0.0,0.6520785113503595,0.6520785113503595,,,,1.0
28,hexane_gsolv_eV,8,1.0,0.0,0.6520785113503595,0.6520785113503595,,,,1.0
28,hexane_gsolv_eV,9,1.0,0.0,0.6520785113503595,0.6520785113503595,,,,1.0
28,hexane_gsolv_eV,10,1.0,0.0,0.6520785113503595,0.6520785113503595,,,,1.0
28,hexane_gsolv_eV,11,1.0,0.0,0.6520785113503595,0.6520785113503595,,,,1.0
28,hexane_gsolv_eV,12,1.0,0.0,0.6520785113503595,0.6520785113503595,,,,1.0
28,hexane_gsolv_eV,13,1.0,0.0,0.6520785113503595,0.6520785113503595,,,,1.0
28,hexane_gsolv_eV,14,1.0,0.0,0.6520785113503595,0.6520785113503595,,,,1.0
28,hexane_gsolv_eV,15,1.0,0.0,0.6520785113503595,0.6520785113503595,,,,1.0
28,hexane_gsolv_eV,16,1.0,0.0,0.6520785113503595,0.6520785113503595,,,,1.0
28,hexane_gsolv_eV,17,1.0,0.0,0.6520785113503595,0.6520785113503595,,,,1.0
28,hexane_gsolv_eV,18,1.0,0.0,0.6520785113503595,0.6520785113503595,,,,1.0
28,hexane_gsolv_eV,19,1.0,0.0,0.6520785113503595,0.6520785113503595,,,,1.0
28,hexane_gsolv_eV,20,1.0,0.0,0.6520785113503595,0.6520785113503595,,,,1.0
28,hexane_gsolv_eV,21,1.0,0.0,0.6520785113503595,0.6520785113503595,,,,1.0
28,hexane_gsolv_eV,22,1.0,0.0,0.6520785113503595,0.6520785113503595,,,,1.0
28,hexane_gsolv_eV,23,1.0,0.0,0.6520785113503595,0.6520785113503595,,,,1.0
28,hexane_gsolv_eV,24,1.0,0.0,0.6520785113503595,0.6520785113503595,,,,1.0
28,hexane_gsolv_eV,25,1.0,0.0,0.6520785113503595,0.6520785113503595,,,,1.0
28,hexane_gsolv_eV,26,1.0,0.0,0.6520785113503595,0.6520785113503595,,,,1.0
28,hexane_gsolv_eV,27,1.0,0.0,0.6520785113503595,0.6520785113503595,,,,1.0
28,hexane_gsolv_eV,28,1.0,0.0,0.6520785113503595,0.6520785113503595,,,,1.0
28,hexane_gsolv_eV,29,1.0,0.0,0.6520785113503595,0.6520785113503595,,,,1.0
28,hexane_gsolv_eV,30,1.0,0.0,0.6520785113503595,0.6520785113503595,,,,1.0
28,hexane_gsolv_eV,31,1.0,0.0,0.6520785113503595,0.6520785113503595,,,,1.0
28,hexane_gsolv_eV,32,1.0,0.0,0.6520785113503595,0.6520785113503595,,,,1.0
28,hexane_gsolv_eV,33,1.0,0.0,0.6520785113503595,0.6520785113503595,,,,1.0
28,hexane_gsolv_eV,34,1.0,0.0,0.6520785113503595,0.6520785113503595,,,,1.0
28,hexane_gsolv_eV,35,1.0,0.0,0.6520785113503595,0.6520785113503595,,,,1.0
28,hexane_gsolv_eV,36,1.0,0.0,0.6520785113503595,0.6520785113503595,,,,1.0
28,hexane_gsolv_eV,37,1.0,0.0,0.6520785113503595,0.6520785113503595,,,,1.0
28,hexane_gsolv_eV,38,1.0,0.0,0.6520785113503595,0.6520785113503595,,,,1.0
28,hexane_gsolv_eV,39,1.0,0.0,0.6520785113503595,0.6520785113503595,,,,1.0
28,hexane_gsolv_eV,40,1.0,0.0,0.6520785113503595,0.6520785113503595,,,,1.0
28,hexane_gsolv_eV,41,1.0,0.0,0.6520785113503595,0.6520785113503595,,,,1.0
28,hexane_gsolv_eV,42,1.0,0.0,0.6520785113503595,0.6520785113503595,,,,1.0
28,hexane_gsolv_eV,43,1.0,0.0,0.6520785113503595,0.6520785113503595,,,,1.0
28,hexane_gsolv_eV,44,1.0,0.0,0.6520785113503595,0.6520785113503595,,,,1.0
28,hexane_gsolv_eV,45,1.0,0.0,0.6520785113503595,0.6520785113503595,,,,1.0
28,hexane_gsolv_eV,46,1.0,0.0,0.6520785113503595,0.6520785113503595,,,,1.0
28,hexane_gsolv_eV,47,1.0,0.0,0.6520785113503595,0.6520785113503595,,,,1.0
28,hexane_gsolv_eV,48,1.0,0.0,0.6520785113503595,0.6520785113503595,,,,1.0
28,hexane_gsolv_eV,49,1.0,0.0,0.6520785113503595,0.6520785113503595,,,,1.0
28,hexane_gsolv_eV,50,1.0,0.0,0.6520785113503595,0.6520785113503595,,,,1.0
28,hexane_gsolv_eV,51,1.0,0.0,0.6520785113503595,0.6520785113503595,,,,1.0
28,hexane_gsolv_eV,52,1.0,0.0,0.6520785113503595,0.6520785113503595,,,,1.0
28,hexane_gsolv_eV,53,1.0,0.0,0.6520785113503595,0.6520785113503595,,,,1.0
28,hexane_gsolv_eV,54,1.0,0.0,0.6520785113503595,0.6520785113503595,,,,1.0
28,hexane_gsolv_eV,55,1.0,0.0,0.6520785113503595,0.6520785113503595,,,,1.0
28,hexane_gsolv_eV,56,1.0,0.0,0.6520785113503595,0.6520785113503595,,,,1.0
28,hexane_gsolv_eV,57,1.0,0.0,0.6520785113503595,0.6520785113503595,,,,1.0
28,hexane_gsolv_eV,58,1.0,0.0,0.6520785113503595,0.6520785113503595,,,,1.0
28,hexane_gsolv_eV,59,1.0,0.0,0.6520785113503595,0.6520785113503595,,,,1.0
28,hexane_gsolv_eV,60,1.0,0.0,0.6520785113503595,0.6520785113503595,,,,1.0
28,hexane_gsolv_eV,61,1.0,0.0,0.6520785113503595,0.6520785113503595,,,,1.0
28,hexane_gsolv_eV,62,1.0,0.0,0.6520785113503595,0.6520785113503595,,,,1.0
28,hexane_gsolv_eV,63,1.0,0.0,0.6520785113503595,0.6520785113503595,,,,1.0
28,hexane_gsolv_eV,64,1.0,0.0,0.6520785113503595,0.6520785113503595,,,,1.0
28,hexane_gsolv_eV,65,1.0,0.0,0.6520785113503595,0.6520785113503595,,,,1.0
28,hexane_gsolv_eV,66,1.0,0.0,0.6520785113503595,0.6520785113503595,,,,1.0
28,hexane_gsolv_eV,67,1.0,0.0,0.6520785113503595,0.6520785113503595,,,,1.0
28,hexane_gsolv_eV,68,1.0,0.0,0.6520785113503595,0.6520785113503595,,,,1.0
28,hexane_gsolv_eV,69,1.0,0.0,0.6520785113503595,0.6520785113503595,,,,1.0
28,hexane_gsolv_eV,70,1.0,0.0,0.6520785113503595,0.6520785113503595,,,,1.0
28,hexane_gsolv_eV,71,1.0,0.0,0.6520785113503595,0.6520785113503595,,,,1.0
28,hexane_gsolv_eV,72,1.0,0.0,0.6520785113503595,0.6520785113503595,,,,1.0
28,hexane_gsolv_eV,73,1.0,0.0,0.6520785113503595,0.6520785113503595,,,,1.0
28,hexane_gsolv_eV,74,1.0,0.0,0.6520785113503595,0.6520785113503595,,,,1.0
28,hexane_gsolv_eV,75,1.0,0.0,0.6520785113503595,0.6520785113503595,,,,1.0
28,hexane_gsolv_eV,76,1.0,0.0,0.6520785113503595,0.6520785113503595,,,,1.0
28,hexane_gsolv_eV,77,1.0,0.0,0.6520785113503595,0.6520785113503595,,,,1.0
28,hexane_gsolv_eV,78,1.0,0.0,0.6520785113503595,0.6520785113503595,,,,1.0
28,hexane_gsolv_eV,79,1.0,0.0,0.6520785113503595,0.6520785113503595,,,,1.0
28,hexane_gsolv_eV,80,1.0,0.0,0.6520785113503595,0.6520785113503595,,,,1.0
28,hexane_gsolv_eV,81,1.0,0.0,0.6520785113503595,0.6520785113503595,,,,1.0
28,hexane_gsolv_eV,82,1.0,0.0,0.6520785113503595,0.6520785113503595,,,,1.0
28,hexane_gsolv_eV,83,1.0,0.0,0.6520785113503595,0.6520785113503595,,,,1.0
28,hexane_gsolv_eV,84,1.0,0.0,0.6520785113503595,0.6520785113503595,,,,1.0
28,hexane_gsolv_eV,85,1.0,0.0,0.6520785113503595,0.6520785113503595,,,,1.0
28,hexane_gsolv_eV,86,1.0,0.0,0.6520785113503595,0.6520785113503595,,,,1.0
28,hexane_gsolv_eV,87,1.0,0.0,0.6520785113503595,0.6520785113503595,,,,1.0
28,hexane_gsolv_eV,88,1.0,0.0,0.6520785113503595,0.6520785113503595,,,,1.0
28,hexane_gsolv_eV,89,1.0,0.0,0.6520785113503595,0.6520785113503595,,,,1.0
28,hexane_gsolv_eV,90,1.0,0.0,0.6520785113503595,0.6520785113503595,,,,1.0
28,hexane_gsolv_eV,91,1.0,0.0,0.6520785113503595,0.6520785113503595,,,,1.0
28,hexane_gsolv_eV,92,1.0,0.0,0.6520785113503595,0.6520785113503595,,,,1.0
28,hexane_gsolv_eV,93,1.0,0.0,0.6520785113503595,0.6520785113503595,,,,1.0
28,hexane_gsolv_eV,94,1.0,0.0,0.6520785113503595,0.6520785113503595,,,,1.0
28,hexane_gsolv_eV,95,1.0,0.0,0.6520785113503595,0.6520785113503595,,,,1.0
28,hexane_gsolv_eV,96,1.0,0.0,0.6520785113503595,0.6520785113503595,,,,1.0
28,hexane_gsolv_eV,97,1.0,0.0,0.6520785113503595,0.6520785113503595,,,,1.0
28,hexane_gsolv_eV,98,1.0,0.0,0.6520785113503595,0.6520785113503595,,,,1.0
28,hexane_gsolv_eV,99,1.0,0.0,0.6520785113503595,0.6520785113503595,,,,1.0
28,hexane_gsolv_eV,100,1.0,0.0,0.6520785113503595,0.6520785113503595,,,,1.0
28,hexane_gsolv_eV,101,1.0,0.0,0.6520785113503595,0.6520785113503595,,,,1.0
28,hexane_gsolv_eV,102,1.0,0.0,0.6520785113503595,0.6520785113503595,,,,1.0
28,hexane_gsolv_eV,103,1.0,0.0,0.6520785113503595,0.6520785113503595,,,,1.0
28,hexane_gsolv_eV,104,1.0,0.0,0.6520785113503595,0.6520785113503595,,,,1.0
28,hexane_gsolv_eV,105,1.0,0.0,0.6520785113503595,0.6520785113503595,,,,1.0
28,hexane_gsolv_eV,106,1.0,0.0,0.6520785113503595,0.6520785113503595,,,,1.0
28,hexane_gsolv_eV,107,1.0,0.0,0.6520785113503595,0.6520785113503595,,,,1.0
28,hexane_gsolv_eV,108,1.0,0.0,0.6520785113503595,0.6520785113503595,,,,1.0
28,hexane_gsolv_eV,109,1.0,0.0,0.6520785113503595,0.6520785113503595,,,,1.0
28,hexane_gsolv_eV,110,1.0,0.0,0.6520785113503595,0.6520785113503595,,,,1.0
28,hexane_gsolv_eV,111,1.0,0.0,0.6520785113503595,0.6520785113503595,,,,1.0
28,hexane_gsolv_eV,112,1.0,0.0,0.6520785113503595,0.6520785113503595,,,,1.0
28,hexane_gsolv_eV,113,1.0,0.0,0.6520785113503595,0.6520785113503595,,,,1.0
28,hexane_gsolv_eV,114,1.0,0.0,0.6520785113503595,0.6520785113503595,,,,1.0
28,hexane_gsolv_eV,115,1.0,0.0,0.6520785113503595,0.6520785113503595,,,,1.0
28,hexane_gsolv_eV,116,1.0,0.0,0.6520785113503595,0.6520785113503595,,,,1.0
28,hexane_gsolv_eV,117,1.0,0.0,0.6520785113503595,0.6520785113503595,,,,1.0
28,hexane_gsolv_eV,118,1.0,0.0,0.6520785113503595,0.6520785113503595,,,,1.0
28,hexane_gsolv_eV,119,1.0,0.0,0.6520785113503595,0.6520785113503595,,,,1.0
28,hexane_gsolv_eV,120,1.0,0.0,0.6520785113503595,0.6520785113503595,,,,1.0
28,hexane_gsolv_eV,121,1.0,0.0,0.6520785113503595,0.6520785113503595,,,,1.0
28,hexane_gsolv_eV,122,1.0,0.0,0.6520785113503595,0.6520785113503595,,,,1.0
28,hexane_gsolv_eV,123,1.0,0.0,0.6520785113503595,0.6520785113503595,,,,1.0
28,hexane_gsolv_eV,124,1.0,0.0,0.6520785113503595,0.6520785113503595,,,,1.0
28,hexane_gsolv_eV,125,1.0,0.0,0.6520785113503595,0.6520785113503595,,,,1.0
28,hexane_gsolv_eV,126,1.0,0.0,0.6520785113503595,0.6520785113503595,,,,1.0
28,hexane_gsolv_eV,127,1.0,0.0,0.6520785113503595,0.6520785113503595,,,,1.0
28,hexane_gsolv_eV,128,1.0,0.0,0.6520785113503595,0.6520785113503595,,,,1.0
28,hexane_gsolv_eV,129,1.0,0.0,0.6520785113503595,0.6520785113503595,,,,1.0
28,hexane_gsolv_eV,130,1.0,0.0,0.6520785113503595,0.6520785113503595,,,,1.0
28,hexane_gsolv_eV,131,1.0,0.0,0.6520785113503595,0.6520785113503595,,,,1.0
28,hexane_gsolv_eV,132,1.0,0.0,0.6520785113503595,0.6520785113503595,,,,1.0
28,hexane_gsolv_eV,133,1.0,0.0,0.6520785113503595,0.6520785113503595,,,,1.0
28,hexane_gsolv_eV,134,1.0,0.0,0.6520785113503595,0.6520785113503595,,,,1.0
28,hexane_gsolv_eV,135,1.0,0.0,0.6520785113503595,0.6520785113503595,,,,1.0
28,hexane_gsolv_eV,136,1.0,0.0,0.6520785113503595,0.6520785113503595,,,,1.0
28,hexane_gsolv_eV,137,1.0,0.0,0.6520785113503595,0.6520785113503595,,,,1.0
28,hexane_gsolv_eV,138,1.0,0.0,0.6520785113503595,0.6520785113503595,,,,1.0
28,hexane_gsolv_eV,139,1.0,0.0,0.6520785113503595,0.6520785113503595,,,,1.0
28,hexane_gsolv_eV,140,1.0,0.0,0.6520785113503595,0.6520785113503595,,,,1.0
28,hexane_gsolv_eV,141,1.0,0.0,0.6520785113503595,0.6520785113503595,,,,1.0
28,hexane_gsolv_eV,142,1.0,0.0,0.6520785113503595,0.6520785113503595,,,,1.0
28,hexane_gsolv_eV,143,1.0,0.0,0.6520785113503595,0.6520785113503595,,,,1.0
28,hexane_gsolv_eV,144,1.0,0.0,0.6520785113503595,0.6520785113503595,,,,1.0
28,hexane_gsolv_eV,145,1.0,0.0,0.6520785113503595,0.6520785113503595,,,,1.0
28,hexane_gsolv_eV,146,1.0,0.0,0.6520785113503595,0.6520785113503595,,,,1.0
28,hexane_gsolv_eV,147,1.0,0.0,0.6520785113503595,0.6520785113503595,,,,1.0
28,hexane_gsolv_eV,148,1.0,0.0,0.6520785113503595,0.6520785113503595,,,,1.0
28,hexane_gsolv_eV,149,1.0,0.0,0.6520785113503595,0.6520785113503595,,,,1.0
28,hexane_gsolv_eV,150,1.0,0.0,0.6520785113503595,0.6520785113503595,,,,1.0
28,hexane_gsolv_eV,151,1.0,0.0,0.6520785113503595,0.6520785113503595,,,,1.0
28,hexane_gsolv_eV,152,1.0,0.0,0.6520785113503595,0.6520785113503595,,,,1.0
28,hexane_gsolv_eV,153,1.0,0.0,0.6520785113503595,0.6520785113503595,,,,1.0
28,hexane_gsolv_eV,154,1.0,0.0,0.6520785113503595,0.6520785113503595,,,,1.0
28,hexane_gsolv_eV,155,1.0,0.0,0.6520785113503595,0.6520785113503595,,,,1.0
28,hexane_gsolv_eV,156,1.0,0.0,0.6520785113503595,0.6520785113503595,,,,1.0
28,hexane_gsolv_eV,157,1.0,0.0,0.6520785113503595,0.6520785113503595,,,,1.0
28,hexane_gsolv_eV,158,1.0,0.0,0.6520785113503595,0.6520785113503595,,,,1.0
28,hexane_gsolv_eV,159,1.0,0.0,0.6520785113503595,0.6520785113503595,,,,1.0
28,hexane_gsolv_eV,160,1.0,0.0,0.6520785113503595,0.6520785113503595,,,,1.0
28,hexane_gsolv_eV,161,1.0,0.0,0.6520785113503595,0.6520785113503595,,,,1.0
28,hexane_gsolv_eV,162,1.0,0.0,0.6520785113503595,0.6520785113503595,,,,1.0
28,hexane_gsolv_eV,163,1.0,0.0,0.6520785113503595,0.6520785113503595,,,,1.0
28,hexane_gsolv_eV,164,1.0,0.0,0.6520785113503595,0.6520785113503595,,,,1.0
28,hexane_gsolv_eV,165,1.0,0.0,0.6520785113503595,0.6520785113503595,,,,1.0
28,hexane_gsolv_eV,166,1.0,0.0,0.6520785113503595,0.6520785113503595,,,,1.0
28,hexane_gsolv_eV,167,1.0,0.0,0.6520785113503595,0.6520785113503595,,,,1.0
28,hexane_gsolv_eV,168,1.0,0.0,0.6520785113503595,0.6520785113503595,,,,1.0
28,hexane_gsolv_eV,169,1.0,0.0,0.6520785113503595,0.6520785113503595,,,,1.0
28,hexane_gsolv_eV,170,1.0,0.0,0.6520785113503595,0.6520785113503595,,,,1.0
28,hexane_gsolv_eV,171,1.0,0.0,0.6520785113503595,0.6520785113503595,,,,1.0
28,hexane_gsolv_eV,172,1.0,0.0,0.6520785113503595,0.6520785113503595,,,,1.0
28,hexane_gsolv_eV,173,1.0,0.0,0.6520785113503595,0.6520785113503595,,,,1.0
28,hexane_gsolv_eV,174,1.0,0.0,0.6520785113503595,0.6520785113503595,,,,1.0
28,hexane_gsolv_eV,175,1.0,0.0,0.6520785113503595,0.6520785113503595,,,,1.0
28,hexane_gsolv_eV,176,1.0,0.0,0.6520785113503595,0.6520785113503595,,,,1.0
28,hexane_gsolv_eV,177,1.0,0.0,0.6520785113503595,0.6520785113503595,,,,1.0
28,hexane_gsolv_eV,178,1.0,0.0,0.6520785113503595,0.6520785113503595,,,,1.0
28,hexane_gsolv_eV,179,1.0,0.0,0.6520785113503595,0.6520785113503595,,,,1.0
28,hexane_gsolv_eV,180,1.0,0.0,0.6520785113503595,0.6520785113503595,,,,1.0
28,hexane_gsolv_eV,181,1.0,0.0,0.6520785113503595,0.6520785113503595,,,,1.0
28,hexane_gsolv_eV,182,1.0,0.0,0.6520785113503595,0.6520785113503595,,,,1.0
28,hexane_gsolv_eV,183,1.0,0.0,0.6520785113503595,0.6520785113503595,,,,1.0
28,hexane_gsolv_eV,184,1.0,0.0,0.6520785113503595,0.6520785113503595,,,,1.0
28,hexane_gsolv_eV,185,1.0,0.0,0.6520785113503595,0.6520785113503595,,,,1.0
28,hexane_gsolv_eV,186,1.0,0.0,0.6520785113503595,0.6520785113503595,,,,1.0
28,hexane_gsolv_eV,187,1.0,0.0,0.6520785113503595,0.6520785113503595,,,,1.0
28,hexane_gsolv_eV,188,1.0,0.0,0.6520785113503595,0.6520785113503595,,,,1.0
28,hexane_gsolv_eV,189,1.0,0.0,0.6520785113503595,0.6520785113503595,,,,1.0
28,hexane_gsolv_eV,190,1.0,0.0,0.6520785113503595,0.6520785113503595,,,,1.0
28,hexane_gsolv_eV,191,1.0,0.0,0.6520785113503595,0.6520785113503595,,,,1.0
28,hexane_gsolv_eV,192,1.0,0.0,0.6520785113503595,0.6520785113503595,,,,1.0
28,hexane_gsolv_eV,193,1.0,0.0,0.6520785113503595,0.6520785113503595,,,,1.0
28,hexane_gsolv_eV,194,1.0,0.0,0.6520785113503595,0.6520785113503595,,,,1.0
28,hexane_gsolv_eV,195,1.0,0.0,0.6520785113503595,0.6520785113503595,,,,1.0
28,hexane_gsolv_eV,196,1.0,0.0,0.6520785113503595,0.6520785113503595,,,,1.0
28,hexane_gsolv_eV,197,1.0,0.0,0.6520785113503595,0.6520785113503595,,,,1.0
28,hexane_gsolv_eV,198,1.0,0.0,0.6520785113503595,0.6520785113503595,,,,1.0
28,hexane_gsolv_eV,199,1.0,0.0,0.6520785113503595,0.6520785113503595,,,,1.0
28,hexane_gsolv_eV,200,1.0,0.0,0.6520785113503595,0.6520785113503595,,,,1.0
28,hexane_gsolv_eV,201,1.0,0.0,0.6520785113503595,0.6520785113503595,,,,1.0
28,hexane_gsolv_eV,202,1.0,0.0,0.6520785113503595,0.6520785113503595,,,,1.0
28,hexane_gsolv_eV,203,1.0,0.0,0.6520785113503595,0.6520785113503595,,,,1.0
28,hexane_gsolv_eV,204,1.0,0.0,0.6520785113503595,0.6520785113503595,,,,1.0
28,hexane_gsolv_eV,205,1.0,0.0,0.6520785113503595,0.6520785113503595,,,,1.0
28,hexane_gsolv_eV,206,1.0,0.0,0.6520785113503595,0.6520785113503595,,,,1.0
28,hexane_gsolv_eV,207,1.0,0.0,0.6520785113503595,0.6520785113503595,,,,1.0
28,hexane_gsolv_eV,208,1.0,0.0,0.6520785113503595,0.6520785113503595,,,,1.0
28,hexane_gsolv_eV,209,1.0,0.0,0.6520785113503595,0.6520785113503595,,,,1.0
28,hexane_gsolv_eV,210,1.0,0.0,0.6520785113503595,0.6520785113503595,,,,1.0
28,hexane_gsolv_eV,211,1.0,0.0,0.6520785113503595,0.6520785113503595,,,,1.0
28,hexane_gsolv_eV,212,1.0,0.0,0.6520785113503595,0.6520785113503595,,,,1.0
28,hexane_gsolv_eV,213,1.0,0.0,0.6520785113503595,0.6520785113503595,,,,1.0
28,hexane_gsolv_eV,214,1.0,0.0,0.6520785113503595,0.6520785113503595,,,,1.0
28,hexane_gsolv_eV,215,1.0,0.0,0.6520785113503595,0.6520785113503595,,,,1.0
28,hexane_gsolv_eV,216,1.0,0.0,0.6520785113503595,0.6520785113503595,,,,1.0
28,hexane_gsolv_eV,217,1.0,0.0,0.6520785113503595,0.6520785113503595,,,,1.0
28,hexane_gsolv_eV,218,1.0,0.0,0.6520785113503595,0.6520785113503595,,,,1.0
28,hexane_gsolv_eV,219,1.0,0.0,0.6520785113503595,0.6520785113503595,,,,1.0
28,hexane_gsolv_eV,220,1.0,0.0,0.6520785113503595,0.6520785113503595,,,,1.0
28,hexane_gsolv_eV,221,1.0,0.0,0.6520785113503595,0.6520785113503595,,,,1.0
28,hexane_gsolv_eV,222,1.0,0.0,0.6520785113503595,0.6520785113503595,,,,1.0
28,hexane_gsolv_eV,223,1.0,0.0,0.6520785113503595,0.6520785113503595,,,,1.0
28,hexane_gsolv_eV,224,1.0,0.0,0.6520785113503595,0.6520785113503595,,,,1.0
28,hexane_gsolv_eV,225,1.0,0.0,0.6520785113503595,0.6520785113503595,,,,1.0
28,hexane_gsolv_eV,226,1.0,0.0,0.6520785113503595,0.6520785113503595,,,,1.0
28,hexane_gsolv_eV,227,1.0,0.0,0.6520785113503595,0.6520785113503595,,,,1.0
28,hexane_gsolv_eV,228,1.0,0.0,0.6520785113503595,0.6520785113503595,,,,1.0
28,hexane_gsolv_eV,229,1.0,0.0,0.6520785113503595,0.6520785113503595,,,,1.0
28,hexane_gsolv_eV,230,1.0,0.0,0.6520785113503595,0.6520785113503595,,,,1.0
28,hexane_gsolv_eV,231,1.0,0.0,0.6520785113503595,0.6520785113503595,,,,1.0
28,hexane_gsolv_eV,232,1.0,0.0,0.6520785113503595,0.6520785113503595,,,,1.0
28,hexane_gsolv_eV,233,1.0,0.0,0.6520785113503595,0.6520785113503595,,,,1.0
28,hexane_gsolv_eV,234,1.0,0.0,0.6520785113503595,0.6520785113503595,,,,1.0
28,hexane_gsolv_eV,235,1.0,0.0,0.6520785113503595,0.6520785113503595,,,,1.0
28,hexane_gsolv_eV,236,1.0,0.0,0.6520785113503595,0.6520785113503595,,,,1.0
28,hexane_gsolv_eV,237,1.0,0.0,0.6520785113503595,0.6520785113503595,,,,1.0
28,hexane_gsolv_eV,238,1.0,0.0,0.6520785113503595,0.6520785113503595,,,,1.0
28,hexane_gsolv_eV,239,1.0,0.0,0.6520785113503595,0.6520785113503595,,,,1.0
28,hexane_gsolv_eV,240,1.0,0.0,0.6520785113503595,0.6520785113503595,,,,1.0
28,hexane_gsolv_eV,241,1.0,0.0,0.6520785113503595,0.6520785113503595,,,,1.0
28,hexane_gsolv_eV,242,1.0,0.0,0.6520785113503595,0.6520785113503595,,,,1.0
28,hexane_gsolv_eV,243,1.0,0.0,0.6520785113503595,0.6520785113503595,,,,1.0
28,hexane_gsolv_eV,244,1.0,0.0,0.6520785113503595,0.6520785113503595,,,,1.0
28,hexane_gsolv_eV,245,1.0,0.0,0.6520785113503595,0.6520785113503595,,,,1.0
28,hexane_gsolv_eV,246,1.0,0.0,0.6520785113503595,0.6520785113503595,,,,1.0
28,hexane_gsolv_eV,247,1.0,0.0,0.6520785113503595,0.6520785113503595,,,,1.0
28,hexane_gsolv_eV,248,1.0,0.0,0.6520785113503595,0.6520785113503595,,,,1.0
28,hexane_gsolv_eV,249,1.0,0.0,0.6520785113503595,0.6520785113503595,,,,1.0
28,hexane_hl_gap_eV,0,1.0,0.0,0.7055066415804117,0.7055066415804117,,,,1.0
28,hexane_hl_gap_eV,1,1.0,0.0,0.7055066415804117,0.7055066415804117,,,,1.0
28,hexane_hl_gap_eV,2,1.0,0.0,0.7055066415804117,0.7055066415804117,,,,1.0
28,hexane_hl_gap_eV,3,1.0,0.0,0.7055066415804117,0.7055066415804117,,,,1.0
28,hexane_hl_gap_eV,4,1.0,0.0,0.7055066415804117,0.7055066415804117,,,,1.0
28,hexane_hl_gap_eV,5,1.0,0.0,0.7055066415804117,0.7055066415804117,,,,1.0
28,hexane_hl_gap_eV,6,1.0,0.0,0.7055066415804117,0.7055066415804117,,,,1.0
28,hexane_hl_gap_eV,7,1.0,0.0,0.7055066415804117,0.7055066415804117,,,,1.0
28,hexane_hl_gap_eV,8,1.0,0.0,0.7055066415804117,0.7055066415804117,,,,1.0
28,hexane_hl_gap_eV,9,1.0,0.0,0.7055066415804117,0.7055066415804117,,,,1.0
28,hexane_hl_gap_eV,10,1.0,0.0,0.7055066415804117,0.7055066415804117,,,,1.0
28,hexane_hl_gap_eV,11,1.0,0.0,0.7055066415804117,0.7055066415804117,,,,1.0
28,hexane_hl_gap_eV,12,1.0,0.0,0.7055066415804117,0.7055066415804117,,,,1.0
28,hexane_hl_gap_eV,13,1.0,0.0,0.7055066415804117,0.7055066415804117,,,,1.0
28,hexane_hl_gap_eV,14,1.0,0.0,0.7055066415804117,0.7055066415804117,,,,1.0
28,hexane_hl_gap_eV,15,1.0,0.0,0.7055066415804117,0.7055066415804117,,,,1.0
28,hexane_hl_gap_eV,16,1.0,0.0,0.7055066415804117,0.7055066415804117,,,,1.0
28,hexane_hl_gap_eV,17,1.0,0.0,0.7055066415804117,0.7055066415804117,,,,1.0
28,hexane_hl_gap_eV,18,1.0,0.0,0.7055066415804117,0.7055066415804117,,,,1.0
28,hexane_hl_gap_eV,19,1.0,0.0,0.7055066415804117,0.7055066415804117,,,,1.0
28,hexane_hl_gap_eV,20,1.0,0.0,0.7055066415804117,0.7055066415804117,,,,1.0
28,hexane_hl_gap_eV,21,1.0,0.0,0.7055066415804117,0.7055066415804117,,,,1.0
28,hexane_hl_gap_eV,22,1.0,0.0,0.7055066415804117,0.7055066415804117,,,,1.0
28,hexane_hl_gap_eV,23,1.0,0.0,0.7055066415804117,0.7055066415804117,,,,1.0
28,hexane_hl_gap_eV,24,1.0,0.0,0.7055066415804117,0.7055066415804117,,,,1.0
28,hexane_hl_gap_eV,25,1.0,0.0,0.7055066415804117,0.7055066415804117,,,,1.0
28,hexane_hl_gap_eV,26,1.0,0.0,0.7055066415804117,0.7055066415804117,,,,1.0
28,hexane_hl_gap_eV,27,1.0,0.0,0.7055066415804117,0.7055066415804117,,,,1.0
28,hexane_hl_gap_eV,28,1.0,0.0,0.7055066415804117,0.7055066415804117,,,,1.0
28,hexane_hl_gap_eV,29,1.0,0.0,0.7055066415804117,0.7055066415804117,,,,1.0
28,hexane_hl_gap_eV,30,1.0,0.0,0.7055066415804117,0.7055066415804117,,,,1.0
28,hexane_hl_gap_eV,31,1.0,0.0,0.7055066415804117,0.7055066415804117,,,,1.0
28,hexane_hl_gap_eV,32,1.0,0.0,0.7055066415804117,0.7055066415804117,,,,1.0
28,hexane_hl_gap_eV,33,1.0,0.0,0.7055066415804117,0.7055066415804117,,,,1.0
28,hexane_hl_gap_eV,34,1.0,0.0,0.7055066415804117,0.7055066415804117,,,,1.0
28,hexane_hl_gap_eV,35,1.0,0.0,0.7055066415804117,0.7055066415804117,,,,1.0
28,hexane_hl_gap_eV,36,1.0,0.0,0.7055066415804117,0.7055066415804117,,,,1.0
28,hexane_hl_gap_eV,37,1.0,0.0,0.7055066415804117,0.7055066415804117,,,,1.0
28,hexane_hl_gap_eV,38,1.0,0.0,0.7055066415804117,0.7055066415804117,,,,1.0
28,hexane_hl_gap_eV,39,1.0,0.0,0.7055066415804117,0.7055066415804117,,,,1.0
28,hexane_hl_gap_eV,40,1.0,0.0,0.7055066415804117,0.7055066415804117,,,,1.0
28,hexane_hl_gap_eV,41,1.0,0.0,0.7055066415804117,0.7055066415804117,,,,1.0
28,hexane_hl_gap_eV,42,1.0,0.0,0.7055066415804117,0.7055066415804117,,,,1.0
28,hexane_hl_gap_eV,43,1.0,0.0,0.7055066415804117,0.7055066415804117,,,,1.0
28,hexane_hl_gap_eV,44,1.0,0.0,0.7055066415804117,0.7055066415804117,,,,1.0
28,hexane_hl_gap_eV,45,1.0,0.0,0.7055066415804117,0.7055066415804117,,,,1.0
28,hexane_hl_gap_eV,46,1.0,0.0,0.7055066415804117,0.7055066415804117,,,,1.0
28,hexane_hl_gap_eV,47,1.0,0.0,0.7055066415804117,0.7055066415804117,,,,1.0
28,hexane_hl_gap_eV,48,1.0,0.0,0.7055066415804117,0.7055066415804117,,,,1.0
28,hexane_hl_gap_eV,49,1.0,0.0,0.7055066415804117,0.7055066415804117,,,,1.0
28,hexane_hl_gap_eV,50,1.0,0.0,0.7055066415804117,0.7055066415804117,,,,1.0
28,hexane_hl_gap_eV,51,1.0,0.0,0.7055066415804117,0.7055066415804117,,,,1.0
28,hexane_hl_gap_eV,52,1.0,0.0,0.7055066415804117,0.7055066415804117,,,,1.0
28,hexane_hl_gap_eV,53,1.0,0.0,0.7055066415804117,0.7055066415804117,,,,1.0
28,hexane_hl_gap_eV,54,1.0,0.0,0.7055066415804117,0.7055066415804117,,,,1.0
28,hexane_hl_gap_eV,55,1.0,0.0,0.7055066415804117,0.7055066415804117,,,,1.0
28,hexane_hl_gap_eV,56,1.0,0.0,0.7055066415804117,0.7055066415804117,,,,1.0
28,hexane_hl_gap_eV,57,1.0,0.0,0.7055066415804117,0.7055066415804117,,,,1.0
28,hexane_hl_gap_eV,58,1.0,0.0,0.7055066415804117,0.7055066415804117,,,,1.0
28,hexane_hl_gap_eV,59,1.0,0.0,0.7055066415804117,0.7055066415804117,,,,1.0
28,hexane_hl_gap_eV,60,1.0,0.0,0.7055066415804117,0.7055066415804117,,,,1.0
28,hexane_hl_gap_eV,61,1.0,0.0,0.7055066415804117,0.7055066415804117,,,,1.0
28,hexane_hl_gap_eV,62,1.0,0.0,0.7055066415804117,0.7055066415804117,,,,1.0
28,hexane_hl_gap_eV,63,1.0,0.0,0.7055066415804117,0.7055066415804117,,,,1.0
28,hexane_hl_gap_eV,64,1.0,0.0,0.7055066415804117,0.7055066415804117,,,,1.0
28,hexane_hl_gap_eV,65,1.0,0.0,0.7055066415804117,0.7055066415804117,,,,1.0
28,hexane_hl_gap_eV,66,1.0,0.0,0.7055066415804117,0.7055066415804117,,,,1.0
28,hexane_hl_gap_eV,67,1.0,0.0,0.7055066415804117,0.7055066415804117,,,,1.0
28,hexane_hl_gap_eV,68,1.0,0.0,0.7055066415804117,0.7055066415804117,,,,1.0
28,hexane_hl_gap_eV,69,1.0,0.0,0.7055066415804117,0.7055066415804117,,,,1.0
28,hexane_hl_gap_eV,70,1.0,0.0,0.7055066415804117,0.7055066415804117,,,,1.0
28,hexane_hl_gap_eV,71,1.0,0.0,0.7055066415804117,0.7055066415804117,,,,1.0
28,hexane_hl_gap_eV,72,1.0,0.0,0.7055066415804117,0.7055066415804117,,,,1.0
28,hexane_hl_gap_eV,73,1.0,0.0,0.7055066415804117,0.7055066415804117,,,,1.0
28,hexane_hl_gap_eV,74,1.0,0.0,0.7055066415804117,0.7055066415804117,,,,1.0
28,hexane_hl_gap_eV,75,1.0,0.0,0.7055066415804117,0.7055066415804117,,,,1.0
28,hexane_hl_gap_eV,76,1.0,0.0,0.7055066415804117,0.7055066415804117,,,,1.0
28,hexane_hl_gap_eV,77,1.0,0.0,0.7055066415804117,0.7055066415804117,,,,1.0
28,hexane_hl_gap_eV,78,1.0,0.0,0.7055066415804117,0.7055066415804117,,,,1.0
28,hexane_hl_gap_eV,79,1.0,0.0,0.7055066415804117,0.7055066415804117,,,,1.0
28,hexane_hl_gap_eV,80,1.0,0.0,0.7055066415804117,0.7055066415804117,,,,1.0
28,hexane_hl_gap_eV,81,1.0,0.0,0.7055066415804117,0.7055066415804117,,,,1.0
28,hexane_hl_gap_eV,82,1.0,0.0,0.7055066415804117,0.7055066415804117,,,,1.0
28,hexane_hl_gap_eV,83,1.0,0.0,0.7055066415804117,0.7055066415804117,,,,1.0
28,hexane_hl_gap_eV,84,1.0,0.0,0.7055066415804117,0.7055066415804117,,,,1.0
28,hexane_hl_gap_eV,85,1.0,0.0,0.7055066415804117,0.7055066415804117,,,,1.0
28,hexane_hl_gap_eV,86,1.0,0.0,0.7055066415804117,0.7055066415804117,,,,1.0
28,hexane_hl_gap_eV,87,1.0,0.0,0.7055066415804117,0.7055066415804117,,,,1.0
28,hexane_hl_gap_eV,88,1.0,0.0,0.7055066415804117,0.7055066415804117,,,,1.0
28,hexane_hl_gap_eV,89,1.0,0.0,0.7055066415804117,0.7055066415804117,,,,1.0
28,hexane_hl_gap_eV,90,1.0,0.0,0.7055066415804117,0.7055066415804117,,,,1.0
28,hexane_hl_gap_eV,91,1.0,0.0,0.7055066415804117,0.7055066415804117,,,,1.0
28,hexane_hl_gap_eV,92,1.0,0.0,0.7055066415804117,0.7055066415804117,,,,1.0
28,hexane_hl_gap_eV,93,1.0,0.0,0.7055066415804117,0.7055066415804117,,,,1.0
28,hexane_hl_gap_eV,94,1.0,0.0,0.7055066415804117,0.7055066415804117,,,,1.0
28,hexane_hl_gap_eV,95,1.0,0.0,0.7055066415804117,0.7055066415804117,,,,1.0
28,hexane_hl_gap_eV,96,1.0,0.0,0.7055066415804117,0.7055066415804117,,,,1.0
28,hexane_hl_gap_eV,97,1.0,0.0,0.7055066415804117,0.7055066415804117,,,,1.0
28,hexane_hl_gap_eV,98,1.0,0.0,0.7055066415804117,0.7055066415804117,,,,1.0
28,hexane_hl_gap_eV,99,1.0,0.0,0.7055066415804117,0.7055066415804117,,,,1.0
28,hexane_hl_gap_eV,100,1.0,0.0,0.7055066415804117,0.7055066415804117,,,,1.0
28,hexane_hl_gap_eV,101,1.0,0.0,0.7055066415804117,0.7055066415804117,,,,1.0
28,hexane_hl_gap_eV,102,1.0,0.0,0.7055066415804117,0.7055066415804117,,,,1.0
28,hexane_hl_gap_eV,103,1.0,0.0,0.7055066415804117,0.7055066415804117,,,,1.0
28,hexane_hl_gap_eV,104,1.0,0.0,0.7055066415804117,0.7055066415804117,,,,1.0
28,hexane_hl_gap_eV,105,1.0,0.0,0.7055066415804117,0.7055066415804117,,,,1.0
28,hexane_hl_gap_eV,106,1.0,0.0,0.7055066415804117,0.7055066415804117,,,,1.0
28,hexane_hl_gap_eV,107,1.0,0.0,0.7055066415804117,0.7055066415804117,,,,1.0
28,hexane_hl_gap_eV,108,1.0,0.0,0.7055066415804117,0.7055066415804117,,,,1.0
28,hexane_hl_gap_eV,109,1.0,0.0,0.7055066415804117,0.7055066415804117,,,,1.0
28,hexane_hl_gap_eV,110,1.0,0.0,0.7055066415804117,0.7055066415804117,,,,1.0
28,hexane_hl_gap_eV,111,1.0,0.0,0.7055066415804117,0.7055066415804117,,,,1.0
28,hexane_hl_gap_eV,112,1.0,0.0,0.7055066415804117,0.7055066415804117,,,,1.0
28,hexane_hl_gap_eV,113,1.0,0.0,0.7055066415804117,0.7055066415804117,,,,1.0
28,hexane_hl_gap_eV,114,1.0,0.0,0.7055066415804117,0.7055066415804117,,,,1.0
28,hexane_hl_gap_eV,115,1.0,0.0,0.7055066415804117,0.7055066415804117,,,,1.0
28,hexane_hl_gap_eV,116,1.0,0.0,0.7055066415804117,0.7055066415804117,,,,1.0
28,hexane_hl_gap_eV,117,1.0,0.0,0.7055066415804117,0.7055066415804117,,,,1.0
28,hexane_hl_gap_eV,118,1.0,0.0,0.7055066415804117,0.7055066415804117,,,,1.0
28,hexane_hl_gap_eV,119,1.0,0.0,0.7055066415804117,0.7055066415804117,,,,1.0
28,hexane_hl_gap_eV,120,1.0,0.0,0.7055066415804117,0.7055066415804117,,,,1.0
28,hexane_hl_gap_eV,121,1.0,0.0,0.7055066415804117,0.7055066415804117,,,,1.0
28,hexane_hl_gap_eV,122,1.0,0.0,0.7055066415804117,0.7055066415804117,,,,1.0
28,hexane_hl_gap_eV,123,1.0,0.0,0.7055066415804117,0.7055066415804117,,,,1.0
28,hexane_hl_gap_eV,124,1.0,0.0,0.7055066415804117,0.7055066415804117,,,,1.0
28,hexane_hl_gap_eV,125,1.0,0.0,0.7055066415804117,0.7055066415804117,,,,1.0
28,hexane_hl_gap_eV,126,1.0,0.0,0.7055066415804117,0.7055066415804117,,,,1.0
28,hexane_hl_gap_eV,127,1.0,0.0,0.7055066415804117,0.7055066415804117,,,,1.0
28,hexane_hl_gap_eV,128,1.0,0.0,0.7055066415804117,0.7055066415804117,,,,1.0
28,hexane_hl_gap_eV,129,1.0,0.0,0.7055066415804117,0.7055066415804117,,,,1.0
28,hexane_hl_gap_eV,130,1.0,0.0,0.7055066415804117,0.7055066415804117,,,,1.0
28,hexane_hl_gap_eV,131,1.0,0.0,0.7055066415804117,0.7055066415804117,,,,1.0
28,hexane_hl_gap_eV,132,1.0,0.0,0.7055066415804117,0.7055066415804117,,,,1.0
28,hexane_hl_gap_eV,133,1.0,0.0,0.7055066415804117,0.7055066415804117,,,,1.0
28,hexane_hl_gap_eV,134,1.0,0.0,0.7055066415804117,0.7055066415804117,,,,1.0
28,hexane_hl_gap_eV,135,1.0,0.0,0.7055066415804117,0.7055066415804117,,,,1.0
28,hexane_hl_gap_eV,136,1.0,0.0,0.7055066415804117,0.7055066415804117,,,,1.0
28,hexane_hl_gap_eV,137,1.0,0.0,0.7055066415804117,0.7055066415804117,,,,1.0
28,hexane_hl_gap_eV,138,1.0,0.0,0.7055066415804117,0.7055066415804117,,,,1.0
28,hexane_hl_gap_eV,139,1.0,0.0,0.7055066415804117,0.7055066415804117,,,,1.0
28,hexane_hl_gap_eV,140,1.0,0.0,0.7055066415804117,0.7055066415804117,,,,1.0
28,hexane_hl_gap_eV,141,1.0,0.0,0.7055066415804117,0.7055066415804117,,,,1.0
28,hexane_hl_gap_eV,142,1.0,0.0,0.7055066415804117,0.7055066415804117,,,,1.0
28,hexane_hl_gap_eV,143,1.0,0.0,0.7055066415804117,0.7055066415804117,,,,1.0
28,hexane_hl_gap_eV,144,1.0,0.0,0.7055066415804117,0.7055066415804117,,,,1.0
28,hexane_hl_gap_eV,145,1.0,0.0,0.7055066415804117,0.7055066415804117,,,,1.0
28,hexane_hl_gap_eV,146,1.0,0.0,0.7055066415804117,0.7055066415804117,,,,1.0
28,hexane_hl_gap_eV,147,1.0,0.0,0.7055066415804117,0.7055066415804117,,,,1.0
28,hexane_hl_gap_eV,148,1.0,0.0,0.7055066415804117,0.7055066415804117,,,,1.0
28,hexane_hl_gap_eV,149,1.0,0.0,0.7055066415804117,0.7055066415804117,,,,1.0
28,hexane_hl_gap_eV,150,1.0,0.0,0.7055066415804117,0.7055066415804117,,,,1.0
28,hexane_hl_gap_eV,151,1.0,0.0,0.7055066415804117,0.7055066415804117,,,,1.0
28,hexane_hl_gap_eV,152,1.0,0.0,0.7055066415804117,0.7055066415804117,,,,1.0
28,hexane_hl_gap_eV,153,1.0,0.0,0.7055066415804117,0.7055066415804117,,,,1.0
28,hexane_hl_gap_eV,154,1.0,0.0,0.7055066415804117,0.7055066415804117,,,,1.0
28,hexane_hl_gap_eV,155,1.0,0.0,0.7055066415804117,0.7055066415804117,,,,1.0
28,hexane_hl_gap_eV,156,1.0,0.0,0.7055066415804117,0.7055066415804117,,,,1.0
28,hexane_hl_gap_eV,157,1.0,0.0,0.7055066415804117,0.7055066415804117,,,,1.0
28,hexane_hl_gap_eV,158,1.0,0.0,0.7055066415804117,0.7055066415804117,,,,1.0
28,hexane_hl_gap_eV,159,1.0,0.0,0.7055066415804117,0.7055066415804117,,,,1.0
28,hexane_hl_gap_eV,160,1.0,0.0,0.7055066415804117,0.7055066415804117,,,,1.0
28,hexane_hl_gap_eV,161,1.0,0.0,0.7055066415804117,0.7055066415804117,,,,1.0
28,hexane_hl_gap_eV,162,1.0,0.0,0.7055066415804117,0.7055066415804117,,,,1.0
28,hexane_hl_gap_eV,163,1.0,0.0,0.7055066415804117,0.7055066415804117,,,,1.0
28,hexane_hl_gap_eV,164,1.0,0.0,0.7055066415804117,0.7055066415804117,,,,1.0
28,hexane_hl_gap_eV,165,1.0,0.0,0.7055066415804117,0.7055066415804117,,,,1.0
28,hexane_hl_gap_eV,166,1.0,0.0,0.7055066415804117,0.7055066415804117,,,,1.0
28,hexane_hl_gap_eV,167,1.0,0.0,0.7055066415804117,0.7055066415804117,,,,1.0
28,hexane_hl_gap_eV,168,1.0,0.0,0.7055066415804117,0.7055066415804117,,,,1.0
28,hexane_hl_gap_eV,169,1.0,0.0,0.7055066415804117,0.7055066415804117,,,,1.0
28,hexane_hl_gap_eV,170,1.0,0.0,0.7055066415804117,0.7055066415804117,,,,1.0
28,hexane_hl_gap_eV,171,1.0,0.0,0.7055066415804117,0.7055066415804117,,,,1.0
28,hexane_hl_gap_eV,172,1.0,0.0,0.7055066415804117,0.7055066415804117,,,,1.0
28,hexane_hl_gap_eV,173,1.0,0.0,0.7055066415804117,0.7055066415804117,,,,1.0
28,hexane_hl_gap_eV,174,1.0,0.0,0.7055066415804117,0.7055066415804117,,,,1.0
28,hexane_hl_gap_eV,175,1.0,0.0,0.7055066415804117,0.7055066415804117,,,,1.0
28,hexane_hl_gap_eV,176,1.0,0.0,0.7055066415804117,0.7055066415804117,,,,1.0
28,hexane_hl_gap_eV,177,1.0,0.0,0.7055066415804117,0.7055066415804117,,,,1.0
28,hexane_hl_gap_eV,178,1.0,0.0,0.7055066415804117,0.7055066415804117,,,,1.0
28,hexane_hl_gap_eV,179,1.0,0.0,0.7055066415804117,0.7055066415804117,,,,1.0
28,hexane_hl_gap_eV,180,1.0,0.0,0.7055066415804117,0.7055066415804117,,,,1.0
28,hexane_hl_gap_eV,181,1.0,0.0,0.7055066415804117,0.7055066415804117,,,,1.0
28,hexane_hl_gap_eV,182,1.0,0.0,0.7055066415804117,0.7055066415804117,,,,1.0
28,hexane_hl_gap_eV,183,1.0,0.0,0.7055066415804117,0.7055066415804117,,,,1.0
28,hexane_hl_gap_eV,184,1.0,0.0,0.7055066415804117,0.7055066415804117,,,,1.0
28,hexane_hl_gap_eV,185,1.0,0.0,0.7055066415804117,0.7055066415804117,,,,1.0
28,hexane_hl_gap_eV,186,1.0,0.0,0.7055066415804117,0.7055066415804117,,,,1.0
28,hexane_hl_gap_eV,187,1.0,0.0,0.7055066415804117,0.7055066415804117,,,,1.0
28,hexane_hl_gap_eV,188,1.0,0.0,0.7055066415804117,0.7055066415804117,,,,1.0
28,hexane_hl_gap_eV,189,1.0,0.0,0.7055066415804117,0.7055066415804117,,,,1.0
28,hexane_hl_gap_eV,190,1.0,0.0,0.7055066415804117,0.7055066415804117,,,,1.0
28,hexane_hl_gap_eV,191,1.0,0.0,0.7055066415804117,0.7055066415804117,,,,1.0
28,hexane_hl_gap_eV,192,1.0,0.0,0.7055066415804117,0.7055066415804117,,,,1.0
28,hexane_hl_gap_eV,193,1.0,0.0,0.7055066415804117,0.7055066415804117,,,,1.0
28,hexane_hl_gap_eV,194,1.0,0.0,0.7055066415804117,0.7055066415804117,,,,1.0
28,hexane_hl_gap_eV,195,1.0,0.0,0.7055066415804117,0.7055066415804117,,,,1.0
28,hexane_hl_gap_eV,196,1.0,0.0,0.7055066415804117,0.7055066415804117,,,,1.0
28,hexane_hl_gap_eV,197,1.0,0.0,0.7055066415804117,0.7055066415804117,,,,1.0
28,hexane_hl_gap_eV,198,1.0,0.0,0.7055066415804117,0.7055066415804117,,,,1.0
28,hexane_hl_gap_eV,199,1.0,0.0,0.7055066415804117,0.7055066415804117,,,,1.0
28,hexane_hl_gap_eV,200,1.0,0.0,0.7055066415804117,0.7055066415804117,,,,1.0
28,hexane_hl_gap_eV,201,1.0,0.0,0.7055066415804117,0.7055066415804117,,,,1.0
28,hexane_hl_gap_eV,202,1.0,0.0,0.7055066415804117,0.7055066415804117,,,,1.0
28,hexane_hl_gap_eV,203,1.0,0.0,0.7055066415804117,0.7055066415804117,,,,1.0
28,hexane_hl_gap_eV,204,1.0,0.0,0.7055066415804117,0.7055066415804117,,,,1.0
28,hexane_hl_gap_eV,205,1.0,0.0,0.7055066415804117,0.7055066415804117,,,,1.0
28,hexane_hl_gap_eV,206,1.0,0.0,0.7055066415804117,0.7055066415804117,,,,1.0
28,hexane_hl_gap_eV,207,1.0,0.0,0.7055066415804117,0.7055066415804117,,,,1.0
28,hexane_hl_gap_eV,208,1.0,0.0,0.7055066415804117,0.7055066415804117,,,,1.0
28,hexane_hl_gap_eV,209,1.0,0.0,0.7055066415804117,0.7055066415804117,,,,1.0
28,hexane_hl_gap_eV,210,1.0,0.0,0.7055066415804117,0.7055066415804117,,,,1.0
28,hexane_hl_gap_eV,211,1.0,0.0,0.7055066415804117,0.7055066415804117,,,,1.0
28,hexane_hl_gap_eV,212,1.0,0.0,0.7055066415804117,0.7055066415804117,,,,1.0
28,hexane_hl_gap_eV,213,1.0,0.0,0.7055066415804117,0.7055066415804117,,,,1.0
28,hexane_hl_gap_eV,214,1.0,0.0,0.7055066415804117,0.7055066415804117,,,,1.0
28,hexane_hl_gap_eV,215,1.0,0.0,0.7055066415804117,0.7055066415804117,,,,1.0
28,hexane_hl_gap_eV,216,1.0,0.0,0.7055066415804117,0.7055066415804117,,,,1.0
28,hexane_hl_gap_eV,217,1.0,0.0,0.7055066415804117,0.7055066415804117,,,,1.0
28,hexane_hl_gap_eV,218,1.0,0.0,0.7055066415804117,0.7055066415804117,,,,1.0
28,hexane_hl_gap_eV,219,1.0,0.0,0.7055066415804117,0.7055066415804117,,,,1.0
28,hexane_hl_gap_eV,220,1.0,0.0,0.7055066415804117,0.7055066415804117,,,,1.0
28,hexane_hl_gap_eV,221,1.0,0.0,0.7055066415804117,0.7055066415804117,,,,1.0
28,hexane_hl_gap_eV,222,1.0,0.0,0.7055066415804117,0.7055066415804117,,,,1.0
28,hexane_hl_gap_eV,223,1.0,0.0,0.7055066415804117,0.7055066415804117,,,,1.0
28,hexane_hl_gap_eV,224,1.0,0.0,0.7055066415804117,0.7055066415804117,,,,1.0
28,hexane_hl_gap_eV,225,1.0,0.0,0.7055066415804117,0.7055066415804117,,,,1.0
28,hexane_hl_gap_eV,226,1.0,0.0,0.7055066415804117,0.7055066415804117,,,,1.0
28,hexane_hl_gap_eV,227,1.0,0.0,0.7055066415804117,0.7055066415804117,,,,1.0
28,hexane_hl_gap_eV,228,1.0,0.0,0.7055066415804117,0.7055066415804117,,,,1.0
28,hexane_hl_gap_eV,229,1.0,0.0,0.7055066415804117,0.7055066415804117,,,,1.0
28,hexane_hl_gap_eV,230,1.0,0.0,0.7055066415804117,0.7055066415804117,,,,1.0
28,hexane_hl_gap_eV,231,1.0,0.0,0.7055066415804117,0.7055066415804117,,,,1.0
28,hexane_hl_gap_eV,232,1.0,0.0,0.7055066415804117,0.7055066415804117,,,,1.0
28,hexane_hl_gap_eV,233,1.0,0.0,0.7055066415804117,0.7055066415804117,,,,1.0
28,hexane_hl_gap_eV,234,1.0,0.0,0.7055066415804117,0.7055066415804117,,,,1.0
28,hexane_hl_gap_eV,235,1.0,0.0,0.7055066415804117,0.7055066415804117,,,,1.0
28,hexane_hl_gap_eV,236,1.0,0.0,0.7055066415804117,0.7055066415804117,,,,1.0
28,hexane_hl_gap_eV,237,1.0,0.0,0.7055066415804117,0.7055066415804117,,,,1.0
28,hexane_hl_gap_eV,238,1.0,0.0,0.7055066415804117,0.7055066415804117,,,,1.0
28,hexane_hl_gap_eV,239,1.0,0.0,0.7055066415804117,0.7055066415804117,,,,1.0
28,hexane_hl_gap_eV,240,1.0,0.0,0.7055066415804117,0.7055066415804117,,,,1.0
28,hexane_hl_gap_eV,241,1.0,0.0,0.7055066415804117,0.7055066415804117,,,,1.0
28,hexane_hl_gap_eV,242,1.0,0.0,0.7055066415804117,0.7055066415804117,,,,1.0
28,hexane_hl_gap_eV,243,1.0,0.0,0.7055066415804117,0.7055066415804117,,,,1.0
28,hexane_hl_gap_eV,244,1.0,0.0,0.7055066415804117,0.7055066415804117,,,,1.0
28,hexane_hl_gap_eV,245,1.0,0.0,0.7055066415804117,0.7055066415804117,,,,1.0
28,hexane_hl_gap_eV,246,1.0,0.0,0.7055066415804117,0.7055066415804117,,,,1.0
28,hexane_hl_gap_eV,247,1.0,0.0,0.7055066415804117,0.7055066415804117,,,,1.0
28,hexane_hl_gap_eV,248,1.0,0.0,0.7055066415804117,0.7055066415804117,,,,1.0
28,hexane_hl_gap_eV,249,1.0,0.0,0.7055066415804117,0.7055066415804117,,,,1.0
28,hexane_dipole,0,1.0000001192092896,0.0,0.6212154643242085,0.6212154643242085,,,,1.0
28,hexane_dipole,1,1.0000001192092896,0.0,0.6212154643242085,0.6212154643242085,,,,1.0
28,hexane_dipole,2,1.0000001192092896,0.0,0.6212154643242085,0.6212154643242085,,,,1.0
28,hexane_dipole,3,1.0000001192092896,0.0,0.6212154643242085,0.6212154643242085,,,,1.0
28,hexane_dipole,4,1.0000001192092896,0.0,0.6212154643242085,0.6212154643242085,,,,1.0
28,hexane_dipole,5,1.0000001192092896,0.0,0.6212154643242085,0.6212154643242085,,,,1.0
28,hexane_dipole,6,1.0000001192092896,0.0,0.6212154643242085,0.6212154643242085,,,,1.0
28,hexane_dipole,7,1.0000001192092896,0.0,0.6212154643242085,0.6212154643242085,,,,1.0
28,hexane_dipole,8,1.0000001192092896,0.0,0.6212154643242085,0.6212154643242085,,,,1.0
28,hexane_dipole,9,1.0000001192092896,0.0,0.6212154643242085,0.6212154643242085,,,,1.0
28,hexane_dipole,10,1.0000001192092896,0.0,0.6212154643242085,0.6212154643242085,,,,1.0
28,hexane_dipole,11,1.0000001192092896,0.0,0.6212154643242085,0.6212154643242085,,,,1.0
28,hexane_dipole,12,1.0000001192092896,0.0,0.6212154643242085,0.6212154643242085,,,,1.0
28,hexane_dipole,13,1.0000001192092896,0.0,0.6212154643242085,0.6212154643242085,,,,1.0
28,hexane_dipole,14,1.0000001192092896,0.0,0.6212154643242085,0.6212154643242085,,,,1.0
28,hexane_dipole,15,1.0000001192092896,0.0,0.6212154643242085,0.6212154643242085,,,,1.0
28,hexane_dipole,16,1.0000001192092896,0.0,0.6212154643242085,0.6212154643242085,,,,1.0
28,hexane_dipole,17,1.0000001192092896,0.0,0.6212154643242085,0.6212154643242085,,,,1.0
28,hexane_dipole,18,1.0000001192092896,0.0,0.6212154643242085,0.6212154643242085,,,,1.0
28,hexane_dipole,19,1.0000001192092896,0.0,0.6212154643242085,0.6212154643242085,,,,1.0
28,hexane_dipole,20,1.0000001192092896,0.0,0.6212154643242085,0.6212154643242085,,,,1.0
28,hexane_dipole,21,1.0000001192092896,0.0,0.6212154643242085,0.6212154643242085,,,,1.0
28,hexane_dipole,22,1.0000001192092896,0.0,0.6212154643242085,0.6212154643242085,,,,1.0
28,hexane_dipole,23,1.0000001192092896,0.0,0.6212154643242085,0.6212154643242085,,,,1.0
28,hexane_dipole,24,1.0000001192092896,0.0,0.6212154643242085,0.6212154643242085,,,,1.0
28,hexane_dipole,25,1.0000001192092896,0.0,0.6212154643242085,0.6212154643242085,,,,1.0
28,hexane_dipole,26,1.0000001192092896,0.0,0.6212154643242085,0.6212154643242085,,,,1.0
28,hexane_dipole,27,1.0000001192092896,0.0,0.6212154643242085,0.6212154643242085,,,,1.0
28,hexane_dipole,28,1.0000001192092896,0.0,0.6212154643242085,0.6212154643242085,,,,1.0
28,hexane_dipole,29,1.0000001192092896,0.0,0.6212154643242085,0.6212154643242085,,,,1.0
28,hexane_dipole,30,1.0000001192092896,0.0,0.6212154643242085,0.6212154643242085,,,,1.0
28,hexane_dipole,31,1.0000001192092896,0.0,0.6212154643242085,0.6212154643242085,,,,1.0
28,hexane_dipole,32,1.0000001192092896,0.0,0.6212154643242085,0.6212154643242085,,,,1.0
28,hexane_dipole,33,1.0000001192092896,0.0,0.6212154643242085,0.6212154643242085,,,,1.0
28,hexane_dipole,34,1.0000001192092896,0.0,0.6212154643242085,0.6212154643242085,,,,1.0
28,hexane_dipole,35,1.0000001192092896,0.0,0.6212154643242085,0.6212154643242085,,,,1.0
28,hexane_dipole,36,1.0000001192092896,0.0,0.6212154643242085,0.6212154643242085,,,,1.0
28,hexane_dipole,37,1.0000001192092896,0.0,0.6212154643242085,0.6212154643242085,,,,1.0
28,hexane_dipole,38,1.0000001192092896,0.0,0.6212154643242085,0.6212154643242085,,,,1.0
28,hexane_dipole,39,1.0000001192092896,0.0,0.6212154643242085,0.6212154643242085,,,,1.0
28,hexane_dipole,40,1.0000001192092896,0.0,0.6212154643242085,0.6212154643242085,,,,1.0
28,hexane_dipole,41,1.0000001192092896,0.0,0.6212154643242085,0.6212154643242085,,,,1.0
28,hexane_dipole,42,1.0000001192092896,0.0,0.6212154643242085,0.6212154643242085,,,,1.0
28,hexane_dipole,43,1.0000001192092896,0.0,0.6212154643242085,0.6212154643242085,,,,1.0
28,hexane_dipole,44,1.0000001192092896,0.0,0.6212154643242085,0.6212154643242085,,,,1.0
28,hexane_dipole,45,1.0000001192092896,0.0,0.6212154643242085,0.6212154643242085,,,,1.0
28,hexane_dipole,46,1.0000001192092896,0.0,0.6212154643242085,0.6212154643242085,,,,1.0
28,hexane_dipole,47,1.0000001192092896,0.0,0.6212154643242085,0.6212154643242085,,,,1.0
28,hexane_dipole,48,1.0000001192092896,0.0,0.6212154643242085,0.6212154643242085,,,,1.0
28,hexane_dipole,49,1.0000001192092896,0.0,0.6212154643242085,0.6212154643242085,,,,1.0
28,hexane_dipole,50,1.0000001192092896,0.0,0.6212154643242085,0.6212154643242085,,,,1.0
28,hexane_dipole,51,1.0000001192092896,0.0,0.6212154643242085,0.6212154643242085,,,,1.0
28,hexane_dipole,52,1.0000001192092896,0.0,0.6212154643242085,0.6212154643242085,,,,1.0
28,hexane_dipole,53,1.0000001192092896,0.0,0.6212154643242085,0.6212154643242085,,,,1.0
28,hexane_dipole,54,1.0000001192092896,0.0,0.6212154643242085,0.6212154643242085,,,,1.0
28,hexane_dipole,55,1.0000001192092896,0.0,0.6212154643242085,0.6212154643242085,,,,1.0
28,hexane_dipole,56,1.0000001192092896,0.0,0.6212154643242085,0.6212154643242085,,,,1.0
28,hexane_dipole,57,1.0000001192092896,0.0,0.6212154643242085,0.6212154643242085,,,,1.0
28,hexane_dipole,58,1.0000001192092896,0.0,0.6212154643242085,0.6212154643242085,,,,1.0
28,hexane_dipole,59,1.0000001192092896,0.0,0.6212154643242085,0.6212154643242085,,,,1.0
28,hexane_dipole,60,1.0000001192092896,0.0,0.6212154643242085,0.6212154643242085,,,,1.0
28,hexane_dipole,61,1.0000001192092896,0.0,0.6212154643242085,0.6212154643242085,,,,1.0
28,hexane_dipole,62,1.0000001192092896,0.0,0.6212154643242085,0.6212154643242085,,,,1.0
28,hexane_dipole,63,1.0000001192092896,0.0,0.6212154643242085,0.6212154643242085,,,,1.0
28,hexane_dipole,64,1.0000001192092896,0.0,0.6212154643242085,0.6212154643242085,,,,1.0
28,hexane_dipole,65,1.0000001192092896,0.0,0.6212154643242085,0.6212154643242085,,,,1.0
28,hexane_dipole,66,1.0000001192092896,0.0,0.6212154643242085,0.6212154643242085,,,,1.0
28,hexane_dipole,67,1.0000001192092896,0.0,0.6212154643242085,0.6212154643242085,,,,1.0
28,hexane_dipole,68,1.0000001192092896,0.0,0.6212154643242085,0.6212154643242085,,,,1.0
28,hexane_dipole,69,1.0000001192092896,0.0,0.6212154643242085,0.6212154643242085,,,,1.0
28,hexane_dipole,70,1.0000001192092896,0.0,0.6212154643242085,0.6212154643242085,,,,1.0
28,hexane_dipole,71,1.0000001192092896,0.0,0.6212154643242085,0.6212154643242085,,,,1.0
28,hexane_dipole,72,1.0000001192092896,0.0,0.6212154643242085,0.6212154643242085,,,,1.0
28,hexane_dipole,73,1.0000001192092896,0.0,0.6212154643242085,0.6212154643242085,,,,1.0
28,hexane_dipole,74,1.0000001192092896,0.0,0.6212154643242085,0.6212154643242085,,,,1.0
28,hexane_dipole,75,1.0000001192092896,0.0,0.6212154643242085,0.6212154643242085,,,,1.0
28,hexane_dipole,76,1.0000001192092896,0.0,0.6212154643242085,0.6212154643242085,,,,1.0
28,hexane_dipole,77,1.0000001192092896,0.0,0.6212154643242085,0.6212154643242085,,,,1.0
28,hexane_dipole,78,1.0000001192092896,0.0,0.6212154643242085,0.6212154643242085,,,,1.0
28,hexane_dipole,79,1.0000001192092896,0.0,0.6212154643242085,0.6212154643242085,,,,1.0
28,hexane_dipole,80,1.0000001192092896,0.0,0.6212154643242085,0.6212154643242085,,,,1.0
28,hexane_dipole,81,1.0000001192092896,0.0,0.6212154643242085,0.6212154643242085,,,,1.0
28,hexane_dipole,82,1.0000001192092896,0.0,0.6212154643242085,0.6212154643242085,,,,1.0
28,hexane_dipole,83,1.0000001192092896,0.0,0.6212154643242085,0.6212154643242085,,,,1.0
28,hexane_dipole,84,1.0000001192092896,0.0,0.6212154643242085,0.6212154643242085,,,,1.0
28,hexane_dipole,85,1.0000001192092896,0.0,0.6212154643242085,0.6212154643242085,,,,1.0
28,hexane_dipole,86,1.0000001192092896,0.0,0.6212154643242085,0.6212154643242085,,,,1.0
28,hexane_dipole,87,1.0000001192092896,0.0,0.6212154643242085,0.6212154643242085,,,,1.0
28,hexane_dipole,88,1.0000001192092896,0.0,0.6212154643242085,0.6212154643242085,,,,1.0
28,hexane_dipole,89,1.0000001192092896,0.0,0.6212154643242085,0.6212154643242085,,,,1.0
28,hexane_dipole,90,1.0000001192092896,0.0,0.6212154643242085,0.6212154643242085,,,,1.0
28,hexane_dipole,91,1.0000001192092896,0.0,0.6212154643242085,0.6212154643242085,,,,1.0
28,hexane_dipole,92,1.0000001192092896,0.0,0.6212154643242085,0.6212154643242085,,,,1.0
28,hexane_dipole,93,1.0000001192092896,0.0,0.6212154643242085,0.6212154643242085,,,,1.0
28,hexane_dipole,94,1.0000001192092896,0.0,0.6212154643242085,0.6212154643242085,,,,1.0
28,hexane_dipole,95,1.0000001192092896,0.0,0.6212154643242085,0.6212154643242085,,,,1.0
28,hexane_dipole,96,1.0000001192092896,0.0,0.6212154643242085,0.6212154643242085,,,,1.0
28,hexane_dipole,97,1.0000001192092896,0.0,0.6212154643242085,0.6212154643242085,,,,1.0
28,hexane_dipole,98,1.0000001192092896,0.0,0.6212154643242085,0.6212154643242085,,,,1.0
28,hexane_dipole,99,1.0000001192092896,0.0,0.6212154643242085,0.6212154643242085,,,,1.0
28,hexane_dipole,100,1.0000001192092896,0.0,0.6212154643242085,0.6212154643242085,,,,1.0
28,hexane_dipole,101,1.0000001192092896,0.0,0.6212154643242085,0.6212154643242085,,,,1.0
28,hexane_dipole,102,1.0000001192092896,0.0,0.6212154643242085,0.6212154643242085,,,,1.0
28,hexane_dipole,103,1.0000001192092896,0.0,0.6212154643242085,0.6212154643242085,,,,1.0
28,hexane_dipole,104,1.0000001192092896,0.0,0.6212154643242085,0.6212154643242085,,,,1.0
28,hexane_dipole,105,1.0000001192092896,0.0,0.6212154643242085,0.6212154643242085,,,,1.0
28,hexane_dipole,106,1.0000001192092896,0.0,0.6212154643242085,0.6212154643242085,,,,1.0
28,hexane_dipole,107,1.0000001192092896,0.0,0.6212154643242085,0.6212154643242085,,,,1.0
28,hexane_dipole,108,1.0000001192092896,0.0,0.6212154643242085,0.6212154643242085,,,,1.0
28,hexane_dipole,109,1.0000001192092896,0.0,0.6212154643242085,0.6212154643242085,,,,1.0
28,hexane_dipole,110,1.0000001192092896,0.0,0.6212154643242085,0.6212154643242085,,,,1.0
28,hexane_dipole,111,1.0000001192092896,0.0,0.6212154643242085,0.6212154643242085,,,,1.0
28,hexane_dipole,112,1.0000001192092896,0.0,0.6212154643242085,0.6212154643242085,,,,1.0
28,hexane_dipole,113,1.0000001192092896,0.0,0.6212154643242085,0.6212154643242085,,,,1.0
28,hexane_dipole,114,1.0000001192092896,0.0,0.6212154643242085,0.6212154643242085,,,,1.0
28,hexane_dipole,115,1.0000001192092896,0.0,0.6212154643242085,0.6212154643242085,,,,1.0
28,hexane_dipole,116,1.0000001192092896,0.0,0.6212154643242085,0.6212154643242085,,,,1.0
28,hexane_dipole,117,1.0000001192092896,0.0,0.6212154643242085,0.6212154643242085,,,,1.0
28,hexane_dipole,118,1.0000001192092896,0.0,0.6212154643242085,0.6212154643242085,,,,1.0
28,hexane_dipole,119,1.0000001192092896,0.0,0.6212154643242085,0.6212154643242085,,,,1.0
28,hexane_dipole,120,1.0000001192092896,0.0,0.6212154643242085,0.6212154643242085,,,,1.0
28,hexane_dipole,121,1.0000001192092896,0.0,0.6212154643242085,0.6212154643242085,,,,1.0
28,hexane_dipole,122,1.0000001192092896,0.0,0.6212154643242085,0.6212154643242085,,,,1.0
28,hexane_dipole,123,1.0000001192092896,0.0,0.6212154643242085,0.6212154643242085,,,,1.0
28,hexane_dipole,124,1.0000001192092896,0.0,0.6212154643242085,0.6212154643242085,,,,1.0
28,hexane_dipole,125,1.0000001192092896,0.0,0.6212154643242085,0.6212154643242085,,,,1.0
28,hexane_dipole,126,1.0000001192092896,0.0,0.6212154643242085,0.6212154643242085,,,,1.0
28,hexane_dipole,127,1.0000001192092896,0.0,0.6212154643242085,0.6212154643242085,,,,1.0
28,hexane_dipole,128,1.0000001192092896,0.0,0.6212154643242085,0.6212154643242085,,,,1.0
28,hexane_dipole,129,1.0000001192092896,0.0,0.6212154643242085,0.6212154643242085,,,,1.0
28,hexane_dipole,130,1.0000001192092896,0.0,0.6212154643242085,0.6212154643242085,,,,1.0
28,hexane_dipole,131,1.0000001192092896,0.0,0.6212154643242085,0.6212154643242085,,,,1.0
28,hexane_dipole,132,1.0000001192092896,0.0,0.6212154643242085,0.6212154643242085,,,,1.0
28,hexane_dipole,133,1.0000001192092896,0.0,0.6212154643242085,0.6212154643242085,,,,1.0
28,hexane_dipole,134,1.0000001192092896,0.0,0.6212154643242085,0.6212154643242085,,,,1.0
28,hexane_dipole,135,1.0000001192092896,0.0,0.6212154643242085,0.6212154643242085,,,,1.0
28,hexane_dipole,136,1.0000001192092896,0.0,0.6212154643242085,0.6212154643242085,,,,1.0
28,hexane_dipole,137,1.0000001192092896,0.0,0.6212154643242085,0.6212154643242085,,,,1.0
28,hexane_dipole,138,1.0000001192092896,0.0,0.6212154643242085,0.6212154643242085,,,,1.0
28,hexane_dipole,139,1.0000001192092896,0.0,0.6212154643242085,0.6212154643242085,,,,1.0
28,hexane_dipole,140,1.0000001192092896,0.0,0.6212154643242085,0.6212154643242085,,,,1.0
28,hexane_dipole,141,1.0000001192092896,0.0,0.6212154643242085,0.6212154643242085,,,,1.0
28,hexane_dipole,142,1.0000001192092896,0.0,0.6212154643242085,0.6212154643242085,,,,1.0
28,hexane_dipole,143,1.0000001192092896,0.0,0.6212154643242085,0.6212154643242085,,,,1.0
28,hexane_dipole,144,1.0000001192092896,0.0,0.6212154643242085,0.6212154643242085,,,,1.0
28,hexane_dipole,145,1.0000001192092896,0.0,0.6212154643242085,0.6212154643242085,,,,1.0
28,hexane_dipole,146,1.0000001192092896,0.0,0.6212154643242085,0.6212154643242085,,,,1.0
28,hexane_dipole,147,1.0000001192092896,0.0,0.6212154643242085,0.6212154643242085,,,,1.0
28,hexane_dipole,148,1.0000001192092896,0.0,0.6212154643242085,0.6212154643242085,,,,1.0
28,hexane_dipole,149,1.0000001192092896,0.0,0.6212154643242085,0.6212154643242085,,,,1.0
28,hexane_dipole,150,1.0000001192092896,0.0,0.6212154643242085,0.6212154643242085,,,,1.0
28,hexane_dipole,151,1.0000001192092896,0.0,0.6212154643242085,0.6212154643242085,,,,1.0
28,hexane_dipole,152,1.0000001192092896,0.0,0.6212154643242085,0.6212154643242085,,,,1.0
28,hexane_dipole,153,1.0000001192092896,0.0,0.6212154643242085,0.6212154643242085,,,,1.0
28,hexane_dipole,154,1.0000001192092896,0.0,0.6212154643242085,0.6212154643242085,,,,1.0
28,hexane_dipole,155,1.0000001192092896,0.0,0.6212154643242085,0.6212154643242085,,,,1.0
28,hexane_dipole,156,1.0000001192092896,0.0,0.6212154643242085,0.6212154643242085,,,,1.0
28,hexane_dipole,157,1.0000001192092896,0.0,0.6212154643242085,0.6212154643242085,,,,1.0
28,hexane_dipole,158,1.0000001192092896,0.0,0.6212154643242085,0.6212154643242085,,,,1.0
28,hexane_dipole,159,1.0000001192092896,0.0,0.6212154643242085,0.6212154643242085,,,,1.0
28,hexane_dipole,160,1.0000001192092896,0.0,0.6212154643242085,0.6212154643242085,,,,1.0
28,hexane_dipole,161,1.0000001192092896,0.0,0.6212154643242085,0.6212154643242085,,,,1.0
28,hexane_dipole,162,1.0000001192092896,0.0,0.6212154643242085,0.6212154643242085,,,,1.0
28,hexane_dipole,163,1.0000001192092896,0.0,0.6212154643242085,0.6212154643242085,,,,1.0
28,hexane_dipole,164,1.0000001192092896,0.0,0.6212154643242085,0.6212154643242085,,,,1.0
28,hexane_dipole,165,1.0000001192092896,0.0,0.6212154643242085,0.6212154643242085,,,,1.0
28,hexane_dipole,166,1.0000001192092896,0.0,0.6212154643242085,0.6212154643242085,,,,1.0
28,hexane_dipole,167,1.0000001192092896,0.0,0.6212154643242085,0.6212154643242085,,,,1.0
28,hexane_dipole,168,1.0000001192092896,0.0,0.6212154643242085,0.6212154643242085,,,,1.0
28,hexane_dipole,169,1.0000001192092896,0.0,0.6212154643242085,0.6212154643242085,,,,1.0
28,hexane_dipole,170,1.0000001192092896,0.0,0.6212154643242085,0.6212154643242085,,,,1.0
28,hexane_dipole,171,1.0000001192092896,0.0,0.6212154643242085,0.6212154643242085,,,,1.0
28,hexane_dipole,172,1.0000001192092896,0.0,0.6212154643242085,0.6212154643242085,,,,1.0
28,hexane_dipole,173,1.0000001192092896,0.0,0.6212154643242085,0.6212154643242085,,,,1.0
28,hexane_dipole,174,1.0000001192092896,0.0,0.6212154643242085,0.6212154643242085,,,,1.0
28,hexane_dipole,175,1.0000001192092896,0.0,0.6212154643242085,0.6212154643242085,,,,1.0
28,hexane_dipole,176,1.0000001192092896,0.0,0.6212154643242085,0.6212154643242085,,,,1.0
28,hexane_dipole,177,1.0000001192092896,0.0,0.6212154643242085,0.6212154643242085,,,,1.0
28,hexane_dipole,178,1.0000001192092896,0.0,0.6212154643242085,0.6212154643242085,,,,1.0
28,hexane_dipole,179,1.0000001192092896,0.0,0.6212154643242085,0.6212154643242085,,,,1.0
28,hexane_dipole,180,1.0000001192092896,0.0,0.6212154643242085,0.6212154643242085,,,,1.0
28,hexane_dipole,181,1.0000001192092896,0.0,0.6212154643242085,0.6212154643242085,,,,1.0
28,hexane_dipole,182,1.0000001192092896,0.0,0.6212154643242085,0.6212154643242085,,,,1.0
28,hexane_dipole,183,1.0000001192092896,0.0,0.6212154643242085,0.6212154643242085,,,,1.0
28,hexane_dipole,184,1.0000001192092896,0.0,0.6212154643242085,0.6212154643242085,,,,1.0
28,hexane_dipole,185,1.0000001192092896,0.0,0.6212154643242085,0.6212154643242085,,,,1.0
28,hexane_dipole,186,1.0000001192092896,0.0,0.6212154643242085,0.6212154643242085,,,,1.0
28,hexane_dipole,187,1.0000001192092896,0.0,0.6212154643242085,0.6212154643242085,,,,1.0
28,hexane_dipole,188,1.0000001192092896,0.0,0.6212154643242085,0.6212154643242085,,,,1.0
28,hexane_dipole,189,1.0000001192092896,0.0,0.6212154643242085,0.6212154643242085,,,,1.0
28,hexane_dipole,190,1.0000001192092896,0.0,0.6212154643242085,0.6212154643242085,,,,1.0
28,hexane_dipole,191,1.0000001192092896,0.0,0.6212154643242085,0.6212154643242085,,,,1.0
28,hexane_dipole,192,1.0000001192092896,0.0,0.6212154643242085,0.6212154643242085,,,,1.0
28,hexane_dipole,193,1.0000001192092896,0.0,0.6212154643242085,0.6212154643242085,,,,1.0
28,hexane_dipole,194,1.0000001192092896,0.0,0.6212154643242085,0.6212154643242085,,,,1.0
28,hexane_dipole,195,1.0000001192092896,0.0,0.6212154643242085,0.6212154643242085,,,,1.0
28,hexane_dipole,196,1.0000001192092896,0.0,0.6212154643242085,0.6212154643242085,,,,1.0
28,hexane_dipole,197,1.0000001192092896,0.0,0.6212154643242085,0.6212154643242085,,,,1.0
28,hexane_dipole,198,1.0000001192092896,0.0,0.6212154643242085,0.6212154643242085,,,,1.0
28,hexane_dipole,199,1.0000001192092896,0.0,0.6212154643242085,0.6212154643242085,,,,1.0
28,hexane_dipole,200,1.0000001192092896,0.0,0.6212154643242085,0.6212154643242085,,,,1.0
28,hexane_dipole,201,1.0000001192092896,0.0,0.6212154643242085,0.6212154643242085,,,,1.0
28,hexane_dipole,202,1.0000001192092896,0.0,0.6212154643242085,0.6212154643242085,,,,1.0
28,hexane_dipole,203,1.0000001192092896,0.0,0.6212154643242085,0.6212154643242085,,,,1.0
28,hexane_dipole,204,1.0000001192092896,0.0,0.6212154643242085,0.6212154643242085,,,,1.0
28,hexane_dipole,205,1.0000001192092896,0.0,0.6212154643242085,0.6212154643242085,,,,1.0
28,hexane_dipole,206,1.0000001192092896,0.0,0.6212154643242085,0.6212154643242085,,,,1.0
28,hexane_dipole,207,1.0000001192092896,0.0,0.6212154643242085,0.6212154643242085,,,,1.0
28,hexane_dipole,208,1.0000001192092896,0.0,0.6212154643242085,0.6212154643242085,,,,1.0
28,hexane_dipole,209,1.0000001192092896,0.0,0.6212154643242085,0.6212154643242085,,,,1.0
28,hexane_dipole,210,1.0000001192092896,0.0,0.6212154643242085,0.6212154643242085,,,,1.0
28,hexane_dipole,211,1.0000001192092896,0.0,0.6212154643242085,0.6212154643242085,,,,1.0
28,hexane_dipole,212,1.0000001192092896,0.0,0.6212154643242085,0.6212154643242085,,,,1.0
28,hexane_dipole,213,1.0000001192092896,0.0,0.6212154643242085,0.6212154643242085,,,,1.0
28,hexane_dipole,214,1.0000001192092896,0.0,0.6212154643242085,0.6212154643242085,,,,1.0
28,hexane_dipole,215,1.0000001192092896,0.0,0.6212154643242085,0.6212154643242085,,,,1.0
28,hexane_dipole,216,1.0000001192092896,0.0,0.6212154643242085,0.6212154643242085,,,,1.0
28,hexane_dipole,217,1.0000001192092896,0.0,0.6212154643242085,0.6212154643242085,,,,1.0
28,hexane_dipole,218,1.0000001192092896,0.0,0.6212154643242085,0.6212154643242085,,,,1.0
28,hexane_dipole,219,1.0000001192092896,0.0,0.6212154643242085,0.6212154643242085,,,,1.0
28,hexane_dipole,220,1.0000001192092896,0.0,0.6212154643242085,0.6212154643242085,,,,1.0
28,hexane_dipole,221,1.0000001192092896,0.0,0.6212154643242085,0.6212154643242085,,,,1.0
28,hexane_dipole,222,1.0000001192092896,0.0,0.6212154643242085,0.6212154643242085,,,,1.0
28,hexane_dipole,223,1.0000001192092896,0.0,0.6212154643242085,0.6212154643242085,,,,1.0
28,hexane_dipole,224,1.0000001192092896,0.0,0.6212154643242085,0.6212154643242085,,,,1.0
28,hexane_dipole,225,1.0000001192092896,0.0,0.6212154643242085,0.6212154643242085,,,,1.0
28,hexane_dipole,226,1.0000001192092896,0.0,0.6212154643242085,0.6212154643242085,,,,1.0
28,hexane_dipole,227,1.0000001192092896,0.0,0.6212154643242085,0.6212154643242085,,,,1.0
28,hexane_dipole,228,1.0000001192092896,0.0,0.6212154643242085,0.6212154643242085,,,,1.0
28,hexane_dipole,229,1.0000001192092896,0.0,0.6212154643242085,0.6212154643242085,,,,1.0
28,hexane_dipole,230,1.0000001192092896,0.0,0.6212154643242085,0.6212154643242085,,,,1.0
28,hexane_dipole,231,1.0000001192092896,0.0,0.6212154643242085,0.6212154643242085,,,,1.0
28,hexane_dipole,232,1.0000001192092896,0.0,0.6212154643242085,0.6212154643242085,,,,1.0
28,hexane_dipole,233,1.0000001192092896,0.0,0.6212154643242085,0.6212154643242085,,,,1.0
28,hexane_dipole,234,1.0000001192092896,0.0,0.6212154643242085,0.6212154643242085,,,,1.0
28,hexane_dipole,235,1.0000001192092896,0.0,0.6212154643242085,0.6212154643242085,,,,1.0
28,hexane_dipole,236,1.0000001192092896,0.0,0.6212154643242085,0.6212154643242085,,,,1.0
28,hexane_dipole,237,1.0000001192092896,0.0,0.6212154643242085,0.6212154643242085,,,,1.0
28,hexane_dipole,238,1.0000001192092896,0.0,0.6212154643242085,0.6212154643242085,,,,1.0
28,hexane_dipole,239,1.0000001192092896,0.0,0.6212154643242085,0.6212154643242085,,,,1.0
28,hexane_dipole,240,1.0000001192092896,0.0,0.6212154643242085,0.6212154643242085,,,,1.0
28,hexane_dipole,241,1.0000001192092896,0.0,0.6212154643242085,0.6212154643242085,,,,1.0
28,hexane_dipole,242,1.0000001192092896,0.0,0.6212154643242085,0.6212154643242085,,,,1.0
28,hexane_dipole,243,1.0000001192092896,0.0,0.6212154643242085,0.6212154643242085,,,,1.0
28,hexane_dipole,244,1.0000001192092896,0.0,0.6212154643242085,0.6212154643242085,,,,1.0
28,hexane_dipole,245,1.0000001192092896,0.0,0.6212154643242085,0.6212154643242085,,,,1.0
28,hexane_dipole,246,1.0000001192092896,0.0,0.6212154643242085,0.6212154643242085,,,,1.0
28,hexane_dipole,247,1.0000001192092896,0.0,0.6212154643242085,0.6212154643242085,,,,1.0
28,hexane_dipole,248,1.0000001192092896,0.0,0.6212154643242085,0.6212154643242085,,,,1.0
28,hexane_dipole,249,1.0000001192092896,0.0,0.6212154643242085,0.6212154643242085,,,,1.0
29,sco_kcal,0,0.2947571277618408,0.02111736126244068,0.6484864321138852,0.9173089597889885,4.913463115692139,0.8553242087364197,0.17407766957785206,0.2
29,sco_kcal,1,0.07518208771944046,0.027613403275609016,0.6517396195031919,0.9601597221908489,6.255749225616455,0.07628315687179565,0.012194088049346087,0.04
29,sco_kcal,2,0.4442220628261566,0.04488388076424599,0.6232134887390142,0.8954695202429819,9.409171104431152,4.006892204284668,0.4258496481584508,0.24
29,sco_kcal,3,0.09045521169900894,0.027287112548947334,0.6229214805238261,0.9460612747498935,5.5948028564453125,0.2346695214509964,0.041944198477101464,0.02
29,sco_kcal,4,0.16358433663845062,0.012790555134415627,0.6667149423023548,0.969996181844305,3.044905424118042,0.09457796066999435,0.031061050343587894,0.06
29,sco_kcal,5,0.1348283886909485,0.15710388123989105,0.6398418129031067,0.9118338842276574,34.04621124267578,4.171754837036133,0.12253213161665925,0.08
29,sco_kcal,6,0.614824652671814,0.02070108987390995,0.6859869786489852,0.9601860977758343,5.230164051055908,1.485691785812378,0.2840621768857201,0.46
29,sco_kcal,7,0.6656308174133301,0.020581914111971855,0.670065621889048,0.8959255443134166,4.642147064208984,3.5984179973602295,0.7751624297093214,0.5
29,sco_kcal,8,0.45987942814826965,0.019020887091755867,0.6493454648000168,0.9064922405002496,4.328914642333984,1.4765095710754395,0.34108077730064973,0.22
29,sco_kcal,9,0.06712882220745087,0.07207144051790237,0.6368574575046935,0.9388721845630847,15.658921241760254,0.8665600419044495,0.05533970243067891,0.0
29,sco_kcal,10,0.18172197043895721,0.035575393587350845,0.6268499230457194,0.9355904632871708,7.067522048950195,0.5199448466300964,0.07356819590075826,0.08
29,sco_kcal,11,0.40428081154823303,0.02955050580203533,0.6590921984551084,0.9281684745479277,6.785000801086426,1.6303409337997437,0.2402860340913579,0.28
29,sco_kcal,12,0.49860841035842896,0.016243768855929375,0.671688322196722,0.9154152399564603,3.9324111938476562,1.9918417930603027,0.5065192053609712,0.3
29,sco_kcal,13,0.7305226922035217,0.010382275097072124,0.7286773234462682,0.9033892341440797,2.7817177772521973,2.367267370223999,0.8510091820178841,0.42
29,sco_kcal,14,0.21776603162288666,0.06791059672832489,0.6560141363671796,0.9756278413591739,15.4931001663208,0.4889192581176758,0.03155722565974871,0.14
29,sco_kcal,15,0.24546988308429718,0.015483886934816837,0.6205941442803564,0.9474066020843168,3.2307276725769043,0.3785162568092346,0.11716130084939073,0.16
29,sco_kcal,16,0.38823971152305603,0.02744232676923275,0.6187132014769234,0.9240861016039852,5.625309944152832,1.5526400804519653,0.2760096947308371,0.3
29,sco_kcal,17,0.2619285583496094,0.009137564338743687,0.6609724878350596,0.9569998591431503,2.170802116394043,0.2583580017089844,0.11901499439209472,0.14
29,sco_kcal,18,0.045139189809560776,0.06328961998224258,0.6018329233889947,0.9567671072816317,12.178532600402832,0.07058041542768478,0.005795477808660641,0.04
29,sco_kcal,19,0.13210919499397278,0.02645537629723549,0.6557055967374787,0.9609753015856868,6.087147235870361,0.12370084971189499,0.020321645742844893,0.12
29,sco_kcal,20,0.1469467431306839,0.012088228948414326,0.6607687913456941,0.9619562086269635,2.8588368892669678,0.20081602036952972,0.07024395869644064,0.02
29,sco_kcal,21,0.18891184031963348,0.01721392758190632,0.6355873142288546,0.9338815259849549,3.7919201850891113,0.29470428824424744,0.0777190114399314,0.08
29,sco_kcal,22,0.7630967497825623,0.017354631796479225,0.6887343016897833,0.9065531096919781,4.0882568359375,4.012270450592041,0.9814135000821116,0.58
29,sco_kcal,23,0.21924318373203278,0.00661726389080286,0.657005703573371,0.9449649548649672,1.5717458724975586,0.3013997972011566,0.1917611507528389,0.06
29,sco_kcal,24,0.9169003367424011,0.010945196263492107,0.7340626165786677,0.9039828740252474,2.763066053390503,5.275086879730225,1.909142516972141,0.78
29,sco_kcal,25,0.2900935113430023,0.0605081170797348,0.6052238994983903,0.9184406439070572,11.871225357055664,2.2257208824157715,0.18748872298114652,0.06
29,sco_kcal,26,0.10714445263147354,0.0474785715341568,0.5963170305325818,0.9306885312497244,9.301165580749512,0.2553457021713257,0.027453086385195745,0.08
29,sco_kcal,27,0.08674183487892151,0.023570220917463303,0.6359851002091683,0.9513873615526649,5.214818000793457,0.1545787900686264,0.02964222146297466,0.02
29,sco_kcal,28,0.3819062113761902,0.021053912118077278,0.6611844162262415,0.9521401475574227,4.899682521820068,1.0677340030670166,0.21791901787758874,0.22
29,sco_kcal,29,0.022605573758482933,0.09582386165857315,0.605912349499063,0.9622083017804515,18.751232147216797,0.04332027956843376,0.0023102630924903616,0.0
29,sco_kcal,30,0.3379051685333252,0.030483949929475784,0.65704572861727,0.9567692627670918,7.089810848236084,0.5698626041412354,0.08037768797217133,0.22
29,sco_kcal,31,0.33495140075683594,0.014710105024278164,0.6329025456391528,0.9209466699035713,3.1898186206817627,0.5770620703697205,0.18090748691108477,0.24
29,sco_kcal,32,0.10091697424650192,0.03687281906604767,0.6275015459425213,0.9685266007297952,7.730849266052246,0.09422028809785843,0.01218757278215204,0.16
29,sco_kcal,33,0.5649123787879944,0.016603628173470497,0.6715513337245496,0.953088086518177,3.87467622756958,1.6910713911056519,0.43644198683573343,0.5
29,sco_kcal,34,0.3592778444290161,0.017023786902427673,0.6423686940288127,0.9285293268386288,3.778404951095581,1.2825887203216553,0.3394524242166678,0.1
29,sco_kcal,35,0.24166859686374664,0.03887971118092537,0.5970628890985616,0.9301572295336502,7.634785175323486,1.0607354640960693,0.1389345528050337,0.16
29,sco_kcal,36,0.2543315887451172,0.022444989532232285,0.6561060507499081,0.959890309416102,5.188148021697998,0.5570284128189087,0.10736555905677536,0.12
29,sco_kcal,37,0.21098639070987701,0.08213665336370468,0.6470584400756718,0.9002433979747466,18.26553726196289,3.605039358139038,0.19736837227593412,0.0
29,sco_kcal,38,0.2957955598831177,0.01699635200202465,0.6256917818116894,0.9353462047543333,3.5815465450286865,0.45992806553840637,0.1284160514894893,0.18
29,sco_kcal,39,0.38766252994537354,0.00969369150698185,0.6605368766567452,0.9314433320292623,2.2861649990081787,0.5088006258010864,0.22255638854668083,0.24
29,sco_kcal,40,0.07075216621160507,0.014215520583093166,0.666325998714185,0.9644558250810729,3.4334771633148193,0.1127142533659935,0.03282801894542806,0.02
29,sco_kcal,41,0.1380622386932373,0.04057925567030907,0.6260837325198672,0.9475238367818133,8.44589614868164,0.34778085350990295,0.04117749583792712,0.02
29,sco_kcal,42,0.6128608584403992,0.02042924426496029,0.6279242954789983,0.8778464801328267,4.189128875732422,2.9305646419525146,0.699564212246905,0.34
29,sco_kcal,43,0.1543884575366974,0.05870054289698601,0.637217248712248,0.9680025136750705,12.800407409667969,0.30452102422714233,0.023789947810344058,0.08
29,sco_kcal,44,0.2744627296924591,0.017053628340363503,0.6567001792792342,0.9374270797964201,4.003335952758789,0.49648720026016235,0.1240183702089808,0.1
29,sco_kcal,45,0.23696084320545197,0.08242626488208771,0.6312149416980699,0.892164603937486,17.891887664794922,3.265878200531006,0.1825340211003633,0.02
29,sco_kcal,46,0.7104897499084473,0.01391972228884697,0.6737922373144811,0.8873018360261884,3.333059549331665,2.5306918621063232,0.7592699214191267,0.4
29,sco_kcal,47,0.3738015592098236,0.016237003728747368,0.6513584394073981,0.9176975224442419,3.806442975997925,0.6282024383544922,0.1650366082759451,0.32
29,sco_kcal,48,0.3409021198749542,0.04643545672297478,0.6241614805409044,0.8935625349899843,9.674996376037598,3.7381362915039062,0.3863708208472594,0.06
29,sco_kcal,49,0.3630773425102234,0.01128854788839817,0.6623136516392956,0.9456090664480643,2.67102313041687,0.4232536852359772,0.1584612579412292,0.26
29,sco_kcal,50,0.3563779890537262,0.010620493441820145,0.6614224346682922,0.941716248788887,2.5306568145751953,0.45906540751457214,0.1814016838911571,0.18
29,sco_kcal,51,0.1543847620487213,0.027038849890232086,0.6560685379734761,0.9670196334071539,6.21612548828125,0.23425190150737762,0.03768455156656562,0.08
29,sco_kcal,52,0.7177370190620422,0.016484200954437256,0.6747315303092845,0.8879723957788577,3.8607397079467773,3.319727897644043,0.859868353935092,0.54
29,sco_kcal,53,0.24766451120376587,0.05103377252817154,0.6203978569511437,0.894192763257931,10.477580070495605,2.1728222370147705,0.20737825169509708,0.04
29,sco_kcal,54,0.13385798037052155,0.0669473260641098,0.6542823706019161,0.9686783516218376,15.242674827575684,0.19898562133312225,0.013054508056101496,0.08
29,sco_kcal,55,0.5076354742050171,0.03807016462087631,0.6291704865885819,0.9038181482539538,7.96416711807251,4.237425804138184,0.5320613871251519,0.24
29,sco_kcal,56,0.26932981610298157,0.02995174378156662,0.6262401501841199,0.9261436889063717,6.389830589294434,0.8027275204658508,0.12562579073860675,0.18
29,sco_kcal,57,0.23894545435905457,0.010351074859499931,0.6583518085102902,0.9455639314714863,2.435638427734375,0.3277559280395508,0.13456674205310046,0.06
29,sco_kcal,58,0.10056345164775848,0.035709332674741745,0.6343490166684009,0.9373879736870581,7.811211109161377,0.39577993750572205,0.050668191138955605,0.04
29,sco_kcal,59,0.4996466040611267,0.024980997666716576,0.6527870570394387,0.8840616649640534,5.717734336853027,2.7926700115203857,0.48842248467553634,0.14
29,sco_kcal,60,0.06414148211479187,0.01447824202477932,0.658519741652899,0.9670628738513318,3.3842215538024902,0.10342283546924591,0.03056030281263372,0.02
29,sco_kcal,61,0.07693515717983246,0.03317755088210106,0.6185251123986819,0.9432975105267307,6.623013019561768,0.05407348647713661,0.0081644843996871,0.06
29,sco_kcal,62,0.4515060782432556,0.022548668086528778,0.6598389249927163,0.9221067512727223,5.086321830749512,2.343304395675659,0.460707063699576,0.18
29,sco_kcal,63,0.3992137908935547,0.045087557286024094,0.6070291710709435,0.8832661757584346,8.86962890625,3.6061084270477295,0.40656812874174236,0.14
29,sco_kcal,64,0.7085388898849487,0.01948036253452301,0.6734159619948936,0.8985206830904269,4.505342960357666,3.8722541332244873,0.8594804362944837,0.62
29,sco_kcal,65,0.7150986194610596,0.029659468680620193,0.6571965239600097,0.9091048458122353,6.496560573577881,4.371927261352539,0.6729602859601703,0.7
29,sco_kcal,66,0.133318692445755,0.038225673139095306,0.633441496398188,0.937982372557645,8.271829605102539,0.7729299664497375,0.09344123408598141,0.04
29,sco_kcal,67,0.14338116347789764,0.02103789523243904,0.6569168111065002,0.9628109554756015,4.860608100891113,0.23187850415706635,0.04770565726427424,0.02
29,sco_kcal,68,0.5095135569572449,0.022458553314208984,0.6492893302371832,0.9191602117190476,5.001379013061523,2.493060350418091,0.4984745894896694,0.4
29,sco_kcal,69,0.41009896993637085,0.037223946303129196,0.6457549343557709,0.9031553412797069,8.214919090270996,2.8371477127075195,0.34536526550426766,0.12
29,sco_kcal,70,0.27320191264152527,0.026687080040574074,0.6380586497771803,0.9300953105409817,5.85097074508667,0.9249022006988525,0.15807670914703095,0.14
29,sco_kcal,71,0.48099005222320557,0.018829647451639175,0.6574607894368889,0.913016175207741,4.380710601806641,1.7995418310165405,0.41078765401083445,0.22
29,sco_kcal,72,0.33945485949516296,0.0198900755494833,0.6656155461718907,0.9484422414924545,4.664387226104736,0.9533810615539551,0.20439577919651636,0.12
29,sco_kcal,73,0.3111986517906189,0.04705199971795082,0.6491278548294561,0.924404620071255,10.639179229736328,1.6778374910354614,0.15770365878844617,0.28
29,sco_kcal,74,0.08463366329669952,0.015736911445856094,0.627810177605709,0.9607280532882878,3.448482036590576,0.1096840351819992,0.03180646847458743,0.04
29,sco_kcal,75,0.16178028285503387,0.02424021251499653,0.6572465716191604,0.9660836467229459,5.585544586181641,0.27077406644821167,0.04847764837793852,0.12
29,sco_kcal,76,0.14928023517131805,0.06410489976406097,0.6412303343338328,0.9501549186459395,14.098272323608398,0.2151772528886795,0.01526266821561904,0.1
29,sco_kcal,77,0.09787695109844208,0.05069557949900627,0.6528506232239961,0.9684521472827845,11.543736457824707,0.5959299206733704,0.05162365953611409,0.02
29,sco_kcal,78,0.6839264035224915,0.02067340910434723,0.6430294758335235,0.9017309789244472,4.558610439300537,3.6109113693237305,0.7921079059955342,0.5
29,sco_kcal,79,0.7913362979888916,0.012044846080243587,0.7015938023595996,0.9378098233757697,2.9790537357330322,2.997206211090088,1.0060933695620595,0.74
29,sco_kcal,80,0.0992245227098465,0.04207642376422882,0.6246778522142149,0.9431002199994116,8.74042797088623,0.2676679193973541,0.030624120499469557,0.04
29,sco_kcal,81,0.6629654169082642,0.015111955814063549,0.6847289174737325,0.9441773424279445,3.701399087905884,1.7251734733581543,0.4660868586138314,0.64
29,sco_kcal,82,0.14026398956775665,0.0072247362695634365,0.6625795294881947,0.9596418537784484,1.733834147453308,0.1354989856481552,0.07814991177049947,0.02
29,sco_kcal,83,0.21907158195972443,0.022494450211524963,0.6390010161216932,0.9413642106981102,4.933506488800049,0.2520656883716583,0.051092602988136934,0.16
29,sco_kcal,84,0.6262502074241638,0.023908354341983795,0.6478829758507418,0.8824882135932242,5.264739990234375,3.515167474746704,0.6676811164971161,0.44
29,sco_kcal,85,0.5348654985427856,0.005257048178464174,0.6637876589986447,0.9462610705591581,1.2343294620513916,0.6686134934425354,0.5416815477541421,0.36
29,sco_kcal,86,0.09154828637838364,0.01449171919375658,0.6621801164933176,0.9490834056721968,3.397252082824707,0.1510569304227829,0.044464445598980655,0.04
29,sco_kcal,87,0.030270928516983986,0.20635806024074554,0.642448291934727,0.9284031860357673,46.140933990478516,0.3284912705421448,0.0071193025830368125,0.02
29,sco_kcal,88,0.36443862318992615,0.01731759123504162,0.6632124696339057,0.9515117173773715,4.121938705444336,0.656652569770813,0.1593067283857214,0.24
29,sco_kcal,89,0.10263396799564362,0.04403548687696457,0.6410776177819439,0.928276639112392,9.70514965057373,0.5486812591552734,0.05653506426073889,0.06
29,sco_kcal,90,0.15864619612693787,0.04797724634408951,0.6275110251087925,0.9313152709685957,10.138978004455566,0.7574048042297363,0.07470228300099827,0.04
29,sco_kcal,91,0.5272217988967896,0.015924084931612015,0.6333605504539601,0.9032969394829651,3.481032133102417,1.5626277923583984,0.4488978362189751,0.38
29,sco_kcal,92,0.30161184072494507,0.053030241280794144,0.6565889919209533,0.9762177250250326,12.10946273803711,0.7900723814964294,0.06524421426350553,0.22
29,sco_kcal,93,0.37101441621780396,0.05144033953547478,0.6168831198037452,0.8953944484604073,10.49407958984375,3.7329111099243164,0.3557159137173932,0.14
29,sco_kcal,94,0.6927999258041382,0.0183144249022007,0.6649701671730217,0.9062604595797445,4.223395347595215,3.3114981651306152,0.7840843427116454,0.28
29,sco_kcal,95,0.21620498597621918,0.04885420575737953,0.650652046341794,0.9772335712123046,11.092974662780762,0.4283624589443207,0.03861565287637101,0.12
29,sco_kcal,96,0.7357609868049622,0.01569710113108158,0.6906652042159811,0.8951858235315875,3.731595993041992,3.723745107650757,0.9978961052038124,0.48
29,sco_kcal,97,0.12499254196882248,0.019543392583727837,0.6338754271702958,0.9507674218817215,4.310792446136475,0.080159492790699,0.01859507127570977,0.04
29,sco_kcal,98,0.08015923202037811,0.04726476967334747,0.6503663628159904,0.9400423208404924,10.3982515335083,0.39699119329452515,0.03817864878679108,0.06
29,sco_kcal,99,0.3273243010044098,0.012406781315803528,0.6591822391530862,0.9323464914600545,2.9532742500305176,0.6988469362258911,0.2366346221380116,0.12
29,sco_kcal,100,0.13103406131267548,0.017467612400650978,0.6400163229255695,0.9565842042652952,3.8573954105377197,0.14864949882030487,0.03853623572377901,0.1
29,sco_kcal,101,0.2988382875919342,0.013042861595749855,0.6615736788895903,0.9489859085244763,3.1135220527648926,0.5344844460487366,0.17166554050070074,0.16
29,sco_kcal,102,0.07127566635608673,0.02334507368505001,0.6492453339472049,0.9563792387375478,5.398998737335205,0.12283950299024582,0.022752274813621454,0.02
29,sco_kcal,103,0.3309852182865143,0.053249940276145935,0.6540946802747802,0.9762018715066023,12.106902122497559,1.195375919342041,0.09873507749936648,0.34
29,sco_kcal,104,0.37971311807632446,0.022273773327469826,0.6268651565926193,0.9227055364936219,4.809774875640869,1.2292503118515015,0.2555733570976568,0.28
29,sco_kcal,105,0.4320734441280365,0.07327134162187576,0.5993704063824845,0.8912695945146125,14.460686683654785,5.657796382904053,0.39125364560309417,0.36
29,sco_kcal,106,0.2585974335670471,0.03072749637067318,0.6424874131228535,0.9222992862124129,6.837634563446045,1.606891393661499,0.23500691339252483,0.04
29,sco_kcal,107,0.8972676992416382,0.011759137734770775,0.6906707252970601,0.8984343144550182,2.7494113445281982,4.355910778045654,1.5843066868530482,0.84
29,sco_kcal,108,0.10501163452863693,0.06717074662446976,0.6296200945148198,0.9428917638919412,14.225706100463867,0.37105298042297363,0.026083273322431037,0.06
29,sco_kcal,109,0.6235535144805908,0.021116629242897034,0.6643355580376151,0.9011547868107423,4.840789318084717,3.215275287628174,0.6642047559508981,0.2
29,sco_kcal,110,0.055744972079992294,0.13248322904109955,0.646566445722714,0.9215707118547809,29.180347442626953,1.1541558504104614,0.03955250542097585,0.02
29,sco_kcal,111,0.19914107024669647,0.03186005353927612,0.6152509198720404,0.9407081581752874,6.413158416748047,0.8111026287078857,0.12647475331182848,0.1
29,sco_kcal,112,0.07989803701639175,0.01828719861805439,0.6439272966231855,0.9633773118829829,4.160055160522461,0.06369936466217041,0.01531214423949379,0.02
29,sco_kcal,113,0.7290997505187988,0.017223315313458443,0.6726174661153037,0.9014159878442214,3.8683359622955322,3.420252799987793,0.884166430559501,0.5
29,sco_kcal,114,0.03622262552380562,0.08669822663068771,0.6166600038388022,0.9629935780155869,17.25432586669922,0.08353646844625473,0.004841479701474735,0.04
29,sco_kcal,115,0.18178796768188477,0.05791997164487839,0.6231106356487044,0.939727219545843,11.82254695892334,1.4610306024551392,0.12358002108440708,0.08
29,sco_kcal,116,0.21033142507076263,0.036753471940755844,0.6444654284828781,0.92753430880202,8.017193794250488,1.296525478363037,0.16171811629311458,0.1
29,sco_kcal,117,0.9285827279090881,0.006723061669617891,0.7622732259762364,0.9175337425778913,1.668923020362854,3.600135087966919,2.157160662319934,0.82
29,sco_kcal,118,0.6236622333526611,0.006778145208954811,0.6564058179346512,0.9305849306420999,1.618363857269287,1.0069907903671265,0.6222276812745012,0.46
29,sco_kcal,119,0.6022199392318726,0.011682513169944286,0.6408475582523365,0.9342562252370938,2.6296186447143555,1.2483603954315186,0.4747305842011638,0.58
29,sco_kcal,120,0.08609236776828766,0.028885379433631897,0.6029089575623603,0.9537773727771999,5.565555095672607,0.16145429015159607,0.029009557425301893,0.0
29,sco_kcal,121,0.4865718185901642,0.018355173990130424,0.6790681156609275,0.9300320394626951,4.455239772796631,1.8623130321502686,0.4180051191680897,0.3
29,sco_kcal,122,0.2782568335533142,0.016163446009159088,0.6433298958329301,0.9206623355392143,3.6744272708892822,0.8101009130477905,0.22046998166648443,0.08
29,sco_kcal,123,0.1490255892276764,0.03354183956980705,0.6442387874709716,0.9328567836247665,7.512465953826904,0.47583311796188354,0.0633391380255761,0.1
29,sco_kcal,124,0.9038004875183105,0.00952556636184454,0.7479961094330965,0.8990984827785675,2.3520328998565674,4.344089984893799,1.846951199176981,0.78
29,sco_kcal,125,0.26232004165649414,0.056750375777482986,0.6347326367976367,0.8996181866564252,12.5161714553833,2.6893486976623535,0.21486991507340242,0.08
29,sco_kcal,126,0.24354739487171173,0.010903232730925083,0.6482591945121046,0.9420956017092517,2.5364267826080322,0.2107737958431244,0.08309871086694656,0.12
29,sco_kcal,127,0.5256105661392212,0.011912014335393906,0.6392313059818622,0.9306398365187876,2.853349447250366,0.9550880789756775,0.33472524015453115,0.44
29,sco_kcal,128,0.6357706189155579,0.02068144455552101,0.6768371283334258,0.8953428849643144,5.195188045501709,3.6719589233398438,0.7068000024598217,0.4
29,sco_kcal,129,0.3899137079715729,0.023158539086580276,0.6265869405190925,0.9250992156622693,4.989695072174072,1.0434221029281616,0.2091154044155908,0.28
29,sco_kcal,130,0.15513943135738373,0.011065294966101646,0.6549007722205091,0.9728670152274321,2.6432197093963623,0.10282832384109497,0.03890267747155158,0.08
29,sco_kcal,131,0.11711195111274719,0.02942693792283535,0.6190710287575474,0.9525625027981515,6.057150363922119,0.24735218286514282,0.040836394674702715,0.04
29,sco_kcal,132,0.4158213138580322,0.015559748746454716,0.665670042745585,0.9585581807890442,3.6339240074157715,0.9177843332290649,0.2525601337166481,0.46
29,sco_kcal,133,0.6406587958335876,0.05598486214876175,0.6817709422158782,0.982653440482588,15.292587280273438,0.8814482092857361,0.05763891963675459,0.68
29,sco_kcal,134,0.1868773251771927,0.02988707274198532,0.6509792631775164,0.9654392075895288,6.827250957489014,0.2991703152656555,0.04382002611717191,0.12
29,sco_kcal,135,0.08125419914722443,0.05764082819223404,0.6422376205129576,0.9560328944785588,12.747949600219727,0.10943722724914551,0.008584692494176415,0.02
29,sco_kcal,136,0.6386991739273071,0.02596176043152809,0.6519727701685916,0.8803312005740114,5.830475330352783,4.244317054748535,0.7279538655541701,0.36
29,sco_kcal,137,0.27913883328437805,0.027023104950785637,0.6491986881995444,0.9296044107322876,6.223919868469238,0.8680748343467712,0.13947397342701853,0.16
29,sco_kcal,138,0.7944990992546082,0.010212339460849762,0.704273333036731,0.8958255851386867,2.4617300033569336,2.7781295776367188,1.1285273258433408,0.64
29,sco_kcal,139,0.09488677978515625,0.07480175793170929,0.630453012304345,0.9232377328776238,15.91411304473877,0.6383368372917175,0.04011136753252816,0.06
29,sco_kcal,140,0.5968994498252869,0.01012423075735569,0.6744587336258108,0.9095361036280243,2.506767749786377,1.299792766571045,0.5185134389421642,0.48
29,sco_kcal,141,0.29955601692199707,0.03250271454453468,0.6025525447529823,0.9170675134688135,6.631804943084717,1.4791961908340454,0.2230457927410049,0.08
29,sco_kcal,142,0.25767338275909424,0.13341988623142242,0.6400196756838636,0.933982997561907,29.20335578918457,3.0340864658355713,0.10389513067396322,0.16
29,sco_kcal,143,0.3210371434688568,0.024442842230200768,0.6373895291378595,0.9278068090211029,5.447271823883057,1.0949593782424927,0.20101060010292585,0.16
29,sco_kcal,144,0.45552515983581543,0.02947729080915451,0.648957381135375,0.9037983461939361,6.654998302459717,2.892427921295166,0.4346248924250081,0.1
29,sco_kcal,145,0.7480779886245728,0.017732365056872368,0.6832679182234598,0.8902797547415697,4.2537031173706055,3.8795816898345947,0.9120480632491176,0.54
29,sco_kcal,146,0.3623586893081665,0.024695487692952156,0.6646632306513249,0.9570910543038986,5.903043746948242,0.49733999371528625,0.08425144976647027,0.38
29,sco_kcal,147,0.15392182767391205,0.0058698891662061214,0.6553128514667301,0.9601931767304328,1.3966411352157593,0.1106383204460144,0.0792174293426654,0.02
29,sco_kcal,148,0.1565999835729599,0.05102158337831497,0.6196457494525751,0.9239573589710923,10.52126407623291,1.2475186586380005,0.1185711763908761,0.02
29,sco_kcal,149,0.44332313537597656,0.024838600307703018,0.6342824389951833,0.9121703820038425,5.44923210144043,2.02885365486145,0.3723191849958365,0.18
29,sco_kcal,150,0.08265428990125656,0.022746199741959572,0.6526657916198819,0.9583063955237441,5.250800132751465,0.20253299176692963,0.038571834129363554,0.02
29,sco_kcal,151,0.12195171415805817,0.03700408712029457,0.5978343505642856,0.944467163790264,7.283271789550781,0.20960895717144012,0.028779505039502093,0.12
29,sco_kcal,152,0.6706793308258057,0.014417281374335289,0.6841866021539353,0.9545548364045531,3.520185947418213,1.954057216644287,0.5551005673656071,0.62
29,sco_kcal,153,0.19906140863895416,0.10115137696266174,0.6466063918608682,0.9600258283050898,22.667695999145508,0.5784289836883545,0.025517766945090458,0.14
29,sco_kcal,154,0.10266135632991791,0.046724069863557816,0.6154275314206314,0.9520047521617898,9.45733642578125,0.20635667443275452,0.021819745554384023,0.08
29,sco_kcal,155,0.24299456179141998,0.07855614274740219,0.6441570932431318,0.9436775468022582,17.17024803161621,1.7883968353271484,0.10415672691705487,0.22
29,sco_kcal,156,0.09232661873102188,0.02150423265993595,0.6452879327855954,0.9486035412642344,4.724888324737549,0.05569685995578766,0.011787973837218984,0.06
29,sco_kcal,157,0.176078200340271,0.044527605175971985,0.6314374915312684,0.9308169736654566,9.55754280090332,0.5131173133850098,0.05368715830773084,0.06
29,sco_kcal,158,0.09987837821245193,0.016352951526641846,0.6482682242649276,0.9568063136188341,3.6697916984558105,0.09362845867872238,0.025513289682932067,0.04
29,sco_kcal,159,0.7351592183113098,0.020409785211086273,0.6594218284321158,0.8974026643310711,4.488348007202148,4.182084083557129,0.9317646663864793,0.62
29,sco_kcal,160,0.0766684040427208,0.1019173189997673,0.6336078638393521,0.9352676939336113,21.82672691345215,0.21302983164787292,0.009760044760379503,0.04
29,sco_kcal,161,0.28234612941741943,0.05944476276636124,0.6333411448955435,0.9484579350577631,12.691031455993652,1.188661813735962,0.09366156075317165,0.14
29,sco_kcal,162,0.41611447930336,0.0404454804956913,0.6364759748613704,0.910298981683981,8.811297416687012,2.4679412841796875,0.28008829658908696,0.22
29,sco_kcal,163,0.5749285221099854,0.021528108045458794,0.6735771316050028,0.8871439091352753,5.255370140075684,3.043172597885132,0.5790596126957684,0.28
29,sco_kcal,164,0.7504315376281738,0.014460347592830658,0.6714002817869538,0.8865583533764478,3.5761237144470215,3.203526020050049,0.8958096184167981,0.58
29,sco_kcal,165,0.10705961287021637,0.02974049188196659,0.6400494109834025,0.9366392002273249,6.530333995819092,0.39400750398635864,0.06033496973334191,0.04
29,sco_kcal,166,0.5498230457305908,0.021111758425831795,0.6491471203457644,0.9063214313125074,4.848049163818359,2.590214490890503,0.5342797491043657,0.24
29,sco_kcal,167,0.16352643072605133,0.06624633073806763,0.6307045087275818,0.9173157525203979,14.056744575500488,1.7467248439788818,0.12426240190941863,0.06
29,sco_kcal,168,0.41680702567100525,0.05151240900158882,0.6053028713789743,0.8861195481715209,10.27173137664795,4.323213577270508,0.42088460248279336,0.18
29,sco_kcal,169,0.5519086718559265,0.030414335429668427,0.664502572109541,0.9076372750183259,6.877768039703369,4.139296531677246,0.6018371814493135,0.2
29,sco_kcal,170,0.23342476785182953,0.02375888265669346,0.6358460465243281,0.9291778917195446,5.265173435211182,0.6152751445770264,0.11685752656547546,0.1
29,sco_kcal,171,0.7605814337730408,0.009709445759654045,0.6966714716345079,0.9058598313939454,2.3601551055908203,2.3113694190979004,0.9793294574677085,0.62
29,sco_kcal,172,0.15458470582962036,0.02054942212998867,0.6136225492383753,0.9521962105830912,4.153209209442139,0.04843641817569733,0.011662407486138492,0.1
29,sco_kcal,173,0.6796116828918457,0.02359801158308983,0.671375253168329,0.8924701694675261,5.4901957511901855,3.7057907581329346,0.6749833568920706,0.42
29,sco_kcal,174,0.4763537049293518,0.018774908035993576,0.641775534732663,0.9069244070844213,4.153069496154785,1.6593284606933594,0.3995426665095989,0.18
29,sco_kcal,175,0.4262062907218933,0.018137147650122643,0.6540244003943281,0.9412619480852775,4.1352434158325195,1.433040976524353,0.3465433185958774,0.3
29,sco_kcal,176,0.38973116874694824,0.01292157731950283,0.6496926451579987,0.9174121486800841,3.0434439182281494,0.7692105770111084,0.2527434701208268,0.16
29,sco_kcal,177,0.42349445819854736,0.023813938722014427,0.6271304819236678,0.9406903129416684,4.945613384246826,1.9054902791976929,0.3852889684558071,0.4
29,sco_kcal,178,0.07207498699426651,0.06603991240262985,0.628031437839744,0.9646653635621905,13.811156272888184,0.05554569885134697,0.004021799315991033,0.08
29,sco_kcal,179,0.27012956142425537,0.13010412454605103,0.6555151672642383,0.9763527572278219,29.57855987548828,0.5988010168075562,0.020244427697907696,0.24
29,sco_kcal,180,0.17889177799224854,0.05116504058241844,0.6263561922659864,0.9408058996641402,10.721970558166504,1.188778281211853,0.11087311560526598,0.04
29,sco_kcal,181,0.6631048917770386,0.054472506046295166,0.6997424289695267,0.9854004921025121,15.308026313781738,0.8739838600158691,0.05709317727191427,0.62
29,sco_kcal,182,0.08084138482809067,0.052843693643808365,0.6291381085024996,0.9494729783758686,11.230799674987793,0.14692842960357666,0.013082632925133744,0.04
29,sco_kcal,183,0.17203174531459808,0.033631280064582825,0.6488569083317586,0.9474537171409605,7.513429164886475,0.4554230868816376,0.06061454455577061,0.1
29,sco_kcal,184,0.4981462359428406,0.014975621365010738,0.6191932509327007,0.9181892019499305,3.263864755630493,0.959281325340271,0.29390964306514683,0.36
29,sco_kcal,185,0.31754177808761597,0.03317685052752495,0.6002291414229173,0.9146869719509136,6.422308444976807,1.4704444408416748,0.22895886322491713,0.16
29,sco_kcal,186,0.5740764141082764,0.008864999748766422,0.6764919023840541,0.9337120479856984,2.1014182567596436,1.1433395147323608,0.5440799379440882,0.36
29,sco_kcal,187,0.2956840991973877,0.053771063685417175,0.5932778205594715,0.9000922598864869,10.196725845336914,2.507857084274292,0.24594728958228934,0.08
29,sco_kcal,188,0.5150532722473145,0.02507273107767105,0.6362820626089811,0.9044755197288878,5.382294654846191,2.3530969619750977,0.4371921481215044,0.24
29,sco_kcal,189,0.1305515468120575,0.01901731826364994,0.6740459807981167,0.9543771082956898,4.537387371063232,0.1211550161242485,0.026701492779061226,0.04
29,sco_kcal,190,0.8934452533721924,0.013197733089327812,0.7101036831408087,0.9007393967849144,3.287182092666626,5.06825590133667,1.54182389610951,0.58
29,sco_kcal,191,0.6727911233901978,0.015113490633666515,0.6789669053458032,0.9299057741009547,3.556255340576172,2.345979928970337,0.6596770209954186,0.6
29,sco_kcal,192,0.054512202739715576,0.05872692912817001,0.6120936163058306,0.9466558548897093,11.7628173828125,0.2768106162548065,0.023532679905349414,0.02
29,sco_kcal,193,0.22033675014972687,0.05045395344495773,0.6272555045525403,0.9100817368612897,10.607030868530273,1.8214203119277954,0.1717182060185872,0.04
29,sco_kcal,194,0.537082850933075,0.019380103796720505,0.6303076720058032,0.9125006910581464,4.178815841674805,2.0240561962127686,0.48436118577591064,0.3
29,sco_kcal,195,0.10372433811426163,0.09789308905601501,0.6522408130438013,0.9066076104602796,22.07234764099121,2.1042861938476562,0.09533585770186602,0.0
29,sco_kcal,196,0.7295187711715698,0.01825159788131714,0.6438343280970944,0.9002661768300213,3.848578453063965,3.5808496475219727,0.9304343645823705,0.74
29,sco_kcal,197,0.08117881417274475,0.14035718142986298,0.6440554699166472,0.911543311586136,30.654809951782227,1.1115778684616089,0.03626112411755413,0.06
29,sco_kcal,198,0.8626596927642822,0.018153224140405655,0.6978138634741113,0.9130869564021442,4.252484321594238,6.187947750091553,1.4551371109515854,0.72
29,sco_kcal,199,0.8231177926063538,0.02395596168935299,0.6894345785007812,0.9155674425242084,5.495207786560059,7.035815715789795,1.2803548089660393,0.68
29,sco_kcal,200,0.0882381722331047,0.027050809934735298,0.6350356460106925,0.9536727012776574,5.874200820922852,0.09347018599510193,0.015911983407543347,0.06
29,sco_kcal,201,0.28664323687553406,0.021255984902381897,0.6415590077360989,0.9395867083887319,4.672633171081543,0.38450244069099426,0.08228817170383526,0.2
29,sco_kcal,202,0.3130393624305725,0.012871083803474903,0.6534487331023602,0.9372314251524121,3.059419870376587,0.5574541091918945,0.18220908956941467,0.1
29,sco_kcal,203,0.4433022737503052,1.0055714845657349,0.6976873379876001,0.9805375118513562,254.6458740234375,1.5145666599273682,0.0059477368943663626,0.42
29,sco_kcal,204,0.13817167282104492,0.017384497448801994,0.6024351960041723,0.9518360636232008,3.4003713130950928,0.11251381784677505,0.033088685760133206,0.08
29,sco_kcal,205,0.814422070980072,0.01067373063415289,0.7077611518547777,0.8901870273340171,2.734875202178955,3.019514799118042,1.1040777278291551,0.66
29,sco_kcal,206,0.5507789254188538,0.019152268767356873,0.6628769889860542,0.9294638501597678,4.349867343902588,2.182800054550171,0.5018084189647538,0.46
29,sco_kcal,207,0.16319037973880768,0.03289100527763367,0.62067999436042,0.94507951586919,6.834405899047852,0.3324064612388611,0.04863721384841525,0.06
29,sco_kcal,208,0.19610628485679626,2.7705278396606445,0.646326460025018,0.9853310146295571,611.196044921875,1.0312354564666748,0.0016872417042529955,0.2
29,sco_kcal,209,0.5911977291107178,0.010421518236398697,0.6656263751897094,0.9310142400862274,2.47249436378479,1.5847281217575073,0.6409430674420921,0.36
29,sco_kcal,210,0.14006295800209045,0.05591992661356926,0.6317356219511512,0.943686238582425,11.903035163879395,0.8707996010780334,0.07315777775071493,0.04
29,sco_kcal,211,0.4391216039657593,0.013894056901335716,0.6710578644054279,0.9072382530509271,3.510791063308716,1.2981607913970947,0.3697630442791585,0.24
29,sco_kcal,212,0.20370323956012726,0.05477086827158928,0.625920835180729,0.9283873866608181,11.385940551757812,1.5303772687911987,0.13440938513901973,0.12
29,sco_kcal,213,0.1683865636587143,0.014310367405414581,0.6601585312058473,0.9456059105529586,3.418027400970459,0.0843164324760437,0.024668155805920182,0.14
29,sco_kcal,214,0.661142110824585,0.01798725314438343,0.6503608086458474,0.9175710574193532,4.031689643859863,2.735553503036499,0.6785129175810101,0.46
29,sco_kcal,215,0.252123087644577,0.0214405320584774,0.6495009302615165,0.9332784439931316,4.8599677085876465,0.9702358841896057,0.19963833966945546,0.04
29,sco_kcal,216,0.70626300573349,0.027481215074658394,0.6688668819419328,0.944419299359512,6.173881530761719,4.801271915435791,0.7776747725904973,0.56
29,sco_kcal,217,0.1588819921016693,0.04629479721188545,0.6443130427195187,0.9052094512395019,10.216862678527832,1.446357250213623,0.14156569347392184,0.08
29,sco_kcal,218,0.10586200654506683,0.030966002494096756,0.6285459886501226,0.9522933500806825,6.630650520324707,0.13627652823925018,0.020552512581009416,0.08
29,sco_kcal,219,0.6869886517524719,0.012741999700665474,0.6856020524601472,0.8947892758345672,3.1632883548736572,2.2078278064727783,0.6979533822995279,0.46
29,sco_kcal,220,0.47714361548423767,0.08512265235185623,0.650435714854485,0.9213487073734763,19.13579559326172,7.3224077224731445,0.38265499266994585,0.16
29,sco_kcal,221,0.23303498327732086,0.020504241809248924,0.6413356016139293,0.9403631554386207,4.651790142059326,0.4036005139350891,0.0867624079353711,0.12
29,sco_kcal,222,0.07313353568315506,0.012818056158721447,0.6617683806041519,0.9590473639973043,3.0090534687042236,0.16150081157684326,0.05367163237760268,0.02
29,sco_kcal,223,0.6676238179206848,0.010464540682733059,0.6797425354406688,0.9179408485650551,2.451141834259033,1.906343936920166,0.7777370979825178,0.38
29,sco_kcal,224,0.24230659008026123,0.03111579641699791,0.6294284549575555,0.922549448092626,6.645606994628906,1.0345003604888916,0.15566679782975318,0.08
29,sco_kcal,225,0.28215691447257996,0.021160952746868134,0.6418037004184629,0.9143635815076037,4.63163423538208,0.917165994644165,0.1980221122898114,0.06
29,sco_kcal,226,0.47467589378356934,0.01676192134618759,0.6314341290974959,0.9285318978659587,3.461444854736328,1.5643134117126465,0.4519249843232896,0.34
29,sco_kcal,227,0.22763411700725555,0.025816014036536217,0.6264296589903955,0.9351884805723203,5.603023052215576,1.0352777242660522,0.18477127697282583,0.06
29,sco_kcal,228,0.38872599601745605,0.019464517012238503,0.6223848247221304,0.9284961130098588,4.134305477142334,0.9376052618026733,0.22678664336403942,0.2
29,sco_kcal,229,0.08371806889772415,0.017344992607831955,0.6501415901538226,0.9542215997260912,3.9363157749176025,0.10390836745500565,0.026397365810211383,0.06
29,sco_kcal,230,0.09919017553329468,0.07796043157577515,0.6010785981617073,0.9310127382536446,15.41239070892334,0.6370958685874939,0.04133660251803981,0.0
29,sco_kcal,231,0.1431039273738861,0.10199760645627975,0.6305860370649101,0.9079094592498311,21.41958236694336,2.5984625816345215,0.12131247645821071,0.04
29,sco_kcal,232,0.10997399687767029,0.10811001062393188,0.6368501020376429,0.9286368820729001,23.475872039794922,1.542854905128479,0.06572087726978243,0.2
29,sco_kcal,233,0.25563034415245056,0.015122838318347931,0.6325523444035999,0.9436083244907469,3.3012502193450928,0.36802181601524353,0.11147952792510599,0.12
29,sco_kcal,234,0.4659862816333771,0.01755429245531559,0.658461888522665,0.9249379878017965,4.019754409790039,1.7882030010223389,0.4448537942186724,0.24
29,sco_kcal,235,0.1127125471830368,0.05396946519613266,0.643381711130004,0.9185359814849716,11.924514770507812,0.9976276755332947,0.08366190949762312,0.02
29,sco_kcal,236,0.1392856240272522,0.06409008800983429,0.605297231177335,0.9138157862133549,12.588153839111328,0.9994144439697266,0.07939324993507396,0.02
29,sco_kcal,237,0.539948046207428,0.01169776450842619,0.6765650969246848,0.929993512180876,3.0045604705810547,1.0851949453353882,0.3611825942466458,0.32
29,sco_kcal,238,0.10830163210630417,0.0385262593626976,0.6295856011575893,0.943234459705055,8.269848823547363,0.2561798393726349,0.030977572243303254,0.04
29,sco_kcal,239,0.15450327098369598,0.03118189051747322,0.6642748828872393,0.9338308709614835,7.270348072052002,0.6304665207862854,0.08671751538414871,0.04
29,sco_kcal,240,0.2524624168872833,0.025964409112930298,0.6992901522194905,0.9209862272397893,6.3317484855651855,1.1424371004104614,0.1804299559616012,0.08
29,sco_kcal,241,0.5042732954025269,0.022150464355945587,0.6672069778531351,0.9084014299602019,5.339895725250244,2.4707393646240234,0.46269430935530803,0.14
29,sco_kcal,242,0.33943623304367065,0.022351844236254692,0.6388205581476962,0.9314581010929157,4.917000770568848,1.2862695455551147,0.2615963685127318,0.1
29,sco_kcal,243,0.3213108777999878,0.11575588583946228,0.651536878678519,0.9813977708477457,26.08406639099121,2.540255308151245,0.0973872428506234,0.26
29,sco_kcal,244,0.6690785884857178,0.009640111587941647,0.678210489982394,0.9364965932890437,2.249423027038574,1.7415097951889038,0.774202884142094,0.5
29,sco_kcal,245,0.12892848253250122,0.03896993026137352,0.6020037222046575,0.9284817094474553,7.741678237915039,0.5568405389785767,0.07192762626731733,0.08
29,sco_kcal,246,0.7992533445358276,0.013862927444279194,0.6910271794938727,0.8980814682129146,3.264756441116333,3.7678000926971436,1.1540830566242186,0.66
29,sco_kcal,247,0.5085439085960388,0.03220279514789581,0.6575666147047601,0.9158238454641405,7.3058013916015625,2.812626600265503,0.38498536293345975,0.32
29,sco_kcal,248,0.3085256814956665,0.02223099395632744,0.6545485039719385,0.9140321838360823,5.117490291595459,1.2140333652496338,0.23723217750768602,0.14
29,sco_kcal,249,0.1925397664308548,0.025430168956518173,0.6516094894038311,0.9357832841748404,5.891722202301025,0.6374270915985107,0.10819028285983377,0.06
29,water_gsolv_eV,0,1.0000001192092896,0.0,0.7161416967064607,0.7161416967064607,,,,1.0
29,water_gsolv_eV,1,1.0000001192092896,0.0,0.7161416967064607,0.7161416967064607,,,,1.0
29,water_gsolv_eV,2,1.0000001192092896,0.0,0.7161416967064607,0.7161416967064607,,,,1.0
29,water_gsolv_eV,3,1.0000001192092896,0.0,0.7161416967064607,0.7161416967064607,,,,1.0
29,water_gsolv_eV,4,1.0000001192092896,0.0,0.7161416967064607,0.7161416967064607,,,,1.0
29,water_gsolv_eV,5,1.0000001192092896,0.0,0.7161416967064607,0.7161416967064607,,,,1.0
29,water_gsolv_eV,6,1.0000001192092896,0.0,0.7161416967064607,0.7161416967064607,,,,1.0
29,water_gsolv_eV,7,1.0000001192092896,0.0,0.7161416967064607,0.7161416967064607,,,,1.0
29,water_gsolv_eV,8,1.0000001192092896,0.0,0.7161416967064607,0.7161416967064607,,,,1.0
29,water_gsolv_eV,9,1.0000001192092896,0.0,0.7161416967064607,0.7161416967064607,,,,1.0
29,water_gsolv_eV,10,1.0000001192092896,0.0,0.7161416967064607,0.7161416967064607,,,,1.0
29,water_gsolv_eV,11,1.0000001192092896,0.0,0.7161416967064607,0.7161416967064607,,,,1.0
29,water_gsolv_eV,12,1.0000001192092896,0.0,0.7161416967064607,0.7161416967064607,,,,1.0
29,water_gsolv_eV,13,1.0000001192092896,0.0,0.7161416967064607,0.7161416967064607,,,,1.0
29,water_gsolv_eV,14,1.0000001192092896,0.0,0.7161416967064607,0.7161416967064607,,,,1.0
29,water_gsolv_eV,15,1.0000001192092896,0.0,0.7161416967064607,0.7161416967064607,,,,1.0
29,water_gsolv_eV,16,1.0000001192092896,0.0,0.7161416967064607,0.7161416967064607,,,,1.0
29,water_gsolv_eV,17,1.0000001192092896,0.0,0.7161416967064607,0.7161416967064607,,,,1.0
29,water_gsolv_eV,18,1.0000001192092896,0.0,0.7161416967064607,0.7161416967064607,,,,1.0
29,water_gsolv_eV,19,1.0000001192092896,0.0,0.7161416967064607,0.7161416967064607,,,,1.0
29,water_gsolv_eV,20,1.0000001192092896,0.0,0.7161416967064607,0.7161416967064607,,,,1.0
29,water_gsolv_eV,21,1.0000001192092896,0.0,0.7161416967064607,0.7161416967064607,,,,1.0
29,water_gsolv_eV,22,1.0000001192092896,0.0,0.7161416967064607,0.7161416967064607,,,,1.0
29,water_gsolv_eV,23,1.0000001192092896,0.0,0.7161416967064607,0.7161416967064607,,,,1.0
29,water_gsolv_eV,24,1.0000001192092896,0.0,0.7161416967064607,0.7161416967064607,,,,1.0
29,water_gsolv_eV,25,1.0000001192092896,0.0,0.7161416967064607,0.7161416967064607,,,,1.0
29,water_gsolv_eV,26,1.0000001192092896,0.0,0.7161416967064607,0.7161416967064607,,,,1.0
29,water_gsolv_eV,27,1.0000001192092896,0.0,0.7161416967064607,0.7161416967064607,,,,1.0
29,water_gsolv_eV,28,1.0000001192092896,0.0,0.7161416967064607,0.7161416967064607,,,,1.0
29,water_gsolv_eV,29,1.0000001192092896,0.0,0.7161416967064607,0.7161416967064607,,,,1.0
29,water_gsolv_eV,30,1.0000001192092896,0.0,0.7161416967064607,0.7161416967064607,,,,1.0
29,water_gsolv_eV,31,1.0000001192092896,0.0,0.7161416967064607,0.7161416967064607,,,,1.0
29,water_gsolv_eV,32,1.0000001192092896,0.0,0.7161416967064607,0.7161416967064607,,,,1.0
29,water_gsolv_eV,33,1.0000001192092896,0.0,0.7161416967064607,0.7161416967064607,,,,1.0
29,water_gsolv_eV,34,1.0000001192092896,0.0,0.7161416967064607,0.7161416967064607,,,,1.0
29,water_gsolv_eV,35,1.0000001192092896,0.0,0.7161416967064607,0.7161416967064607,,,,1.0
29,water_gsolv_eV,36,1.0000001192092896,0.0,0.7161416967064607,0.7161416967064607,,,,1.0
29,water_gsolv_eV,37,1.0000001192092896,0.0,0.7161416967064607,0.7161416967064607,,,,1.0
29,water_gsolv_eV,38,1.0000001192092896,0.0,0.7161416967064607,0.7161416967064607,,,,1.0
29,water_gsolv_eV,39,1.0000001192092896,0.0,0.7161416967064607,0.7161416967064607,,,,1.0
29,water_gsolv_eV,40,1.0000001192092896,0.0,0.7161416967064607,0.7161416967064607,,,,1.0
29,water_gsolv_eV,41,1.0000001192092896,0.0,0.7161416967064607,0.7161416967064607,,,,1.0
29,water_gsolv_eV,42,1.0000001192092896,0.0,0.7161416967064607,0.7161416967064607,,,,1.0
29,water_gsolv_eV,43,1.0000001192092896,0.0,0.7161416967064607,0.7161416967064607,,,,1.0
29,water_gsolv_eV,44,1.0000001192092896,0.0,0.7161416967064607,0.7161416967064607,,,,1.0
29,water_gsolv_eV,45,1.0000001192092896,0.0,0.7161416967064607,0.7161416967064607,,,,1.0
29,water_gsolv_eV,46,1.0000001192092896,0.0,0.7161416967064607,0.7161416967064607,,,,1.0
29,water_gsolv_eV,47,1.0000001192092896,0.0,0.7161416967064607,0.7161416967064607,,,,1.0
29,water_gsolv_eV,48,1.0000001192092896,0.0,0.7161416967064607,0.7161416967064607,,,,1.0
29,water_gsolv_eV,49,1.0000001192092896,0.0,0.7161416967064607,0.7161416967064607,,,,1.0
29,water_gsolv_eV,50,1.0000001192092896,0.0,0.7161416967064607,0.7161416967064607,,,,1.0
29,water_gsolv_eV,51,1.0000001192092896,0.0,0.7161416967064607,0.7161416967064607,,,,1.0
29,water_gsolv_eV,52,1.0000001192092896,0.0,0.7161416967064607,0.7161416967064607,,,,1.0
29,water_gsolv_eV,53,1.0000001192092896,0.0,0.7161416967064607,0.7161416967064607,,,,1.0
29,water_gsolv_eV,54,1.0000001192092896,0.0,0.7161416967064607,0.7161416967064607,,,,1.0
29,water_gsolv_eV,55,1.0000001192092896,0.0,0.7161416967064607,0.7161416967064607,,,,1.0
29,water_gsolv_eV,56,1.0000001192092896,0.0,0.7161416967064607,0.7161416967064607,,,,1.0
29,water_gsolv_eV,57,1.0000001192092896,0.0,0.7161416967064607,0.7161416967064607,,,,1.0
29,water_gsolv_eV,58,1.0000001192092896,0.0,0.7161416967064607,0.7161416967064607,,,,1.0
29,water_gsolv_eV,59,1.0000001192092896,0.0,0.7161416967064607,0.7161416967064607,,,,1.0
29,water_gsolv_eV,60,1.0000001192092896,0.0,0.7161416967064607,0.7161416967064607,,,,1.0
29,water_gsolv_eV,61,1.0000001192092896,0.0,0.7161416967064607,0.7161416967064607,,,,1.0
29,water_gsolv_eV,62,1.0000001192092896,0.0,0.7161416967064607,0.7161416967064607,,,,1.0
29,water_gsolv_eV,63,1.0000001192092896,0.0,0.7161416967064607,0.7161416967064607,,,,1.0
29,water_gsolv_eV,64,1.0000001192092896,0.0,0.7161416967064607,0.7161416967064607,,,,1.0
29,water_gsolv_eV,65,1.0000001192092896,0.0,0.7161416967064607,0.7161416967064607,,,,1.0
29,water_gsolv_eV,66,1.0000001192092896,0.0,0.7161416967064607,0.7161416967064607,,,,1.0
29,water_gsolv_eV,67,1.0000001192092896,0.0,0.7161416967064607,0.7161416967064607,,,,1.0
29,water_gsolv_eV,68,1.0000001192092896,0.0,0.7161416967064607,0.7161416967064607,,,,1.0
29,water_gsolv_eV,69,1.0000001192092896,0.0,0.7161416967064607,0.7161416967064607,,,,1.0
29,water_gsolv_eV,70,1.0000001192092896,0.0,0.7161416967064607,0.7161416967064607,,,,1.0
29,water_gsolv_eV,71,1.0000001192092896,0.0,0.7161416967064607,0.7161416967064607,,,,1.0
29,water_gsolv_eV,72,1.0000001192092896,0.0,0.7161416967064607,0.7161416967064607,,,,1.0
29,water_gsolv_eV,73,1.0000001192092896,0.0,0.7161416967064607,0.7161416967064607,,,,1.0
29,water_gsolv_eV,74,1.0000001192092896,0.0,0.7161416967064607,0.7161416967064607,,,,1.0
29,water_gsolv_eV,75,1.0000001192092896,0.0,0.7161416967064607,0.7161416967064607,,,,1.0
29,water_gsolv_eV,76,1.0000001192092896,0.0,0.7161416967064607,0.7161416967064607,,,,1.0
29,water_gsolv_eV,77,1.0000001192092896,0.0,0.7161416967064607,0.7161416967064607,,,,1.0
29,water_gsolv_eV,78,1.0000001192092896,0.0,0.7161416967064607,0.7161416967064607,,,,1.0
29,water_gsolv_eV,79,1.0000001192092896,0.0,0.7161416967064607,0.7161416967064607,,,,1.0
29,water_gsolv_eV,80,1.0000001192092896,0.0,0.7161416967064607,0.7161416967064607,,,,1.0
29,water_gsolv_eV,81,1.0000001192092896,0.0,0.7161416967064607,0.7161416967064607,,,,1.0
29,water_gsolv_eV,82,1.0000001192092896,0.0,0.7161416967064607,0.7161416967064607,,,,1.0
29,water_gsolv_eV,83,1.0000001192092896,0.0,0.7161416967064607,0.7161416967064607,,,,1.0
29,water_gsolv_eV,84,1.0000001192092896,0.0,0.7161416967064607,0.7161416967064607,,,,1.0
29,water_gsolv_eV,85,1.0000001192092896,0.0,0.7161416967064607,0.7161416967064607,,,,1.0
29,water_gsolv_eV,86,1.0000001192092896,0.0,0.7161416967064607,0.7161416967064607,,,,1.0
29,water_gsolv_eV,87,1.0000001192092896,0.0,0.7161416967064607,0.7161416967064607,,,,1.0
29,water_gsolv_eV,88,1.0000001192092896,0.0,0.7161416967064607,0.7161416967064607,,,,1.0
29,water_gsolv_eV,89,1.0000001192092896,0.0,0.7161416967064607,0.7161416967064607,,,,1.0
29,water_gsolv_eV,90,1.0000001192092896,0.0,0.7161416967064607,0.7161416967064607,,,,1.0
29,water_gsolv_eV,91,1.0000001192092896,0.0,0.7161416967064607,0.7161416967064607,,,,1.0
29,water_gsolv_eV,92,1.0000001192092896,0.0,0.7161416967064607,0.7161416967064607,,,,1.0
29,water_gsolv_eV,93,1.0000001192092896,0.0,0.7161416967064607,0.7161416967064607,,,,1.0
29,water_gsolv_eV,94,1.0000001192092896,0.0,0.7161416967064607,0.7161416967064607,,,,1.0
29,water_gsolv_eV,95,1.0000001192092896,0.0,0.7161416967064607,0.7161416967064607,,,,1.0
29,water_gsolv_eV,96,1.0000001192092896,0.0,0.7161416967064607,0.7161416967064607,,,,1.0
29,water_gsolv_eV,97,1.0000001192092896,0.0,0.7161416967064607,0.7161416967064607,,,,1.0
29,water_gsolv_eV,98,1.0000001192092896,0.0,0.7161416967064607,0.7161416967064607,,,,1.0
29,water_gsolv_eV,99,1.0000001192092896,0.0,0.7161416967064607,0.7161416967064607,,,,1.0
29,water_gsolv_eV,100,1.0000001192092896,0.0,0.7161416967064607,0.7161416967064607,,,,1.0
29,water_gsolv_eV,101,1.0000001192092896,0.0,0.7161416967064607,0.7161416967064607,,,,1.0
29,water_gsolv_eV,102,1.0000001192092896,0.0,0.7161416967064607,0.7161416967064607,,,,1.0
29,water_gsolv_eV,103,1.0000001192092896,0.0,0.7161416967064607,0.7161416967064607,,,,1.0
29,water_gsolv_eV,104,1.0000001192092896,0.0,0.7161416967064607,0.7161416967064607,,,,1.0
29,water_gsolv_eV,105,1.0000001192092896,0.0,0.7161416967064607,0.7161416967064607,,,,1.0
29,water_gsolv_eV,106,1.0000001192092896,0.0,0.7161416967064607,0.7161416967064607,,,,1.0
29,water_gsolv_eV,107,1.0000001192092896,0.0,0.7161416967064607,0.7161416967064607,,,,1.0
29,water_gsolv_eV,108,1.0000001192092896,0.0,0.7161416967064607,0.7161416967064607,,,,1.0
29,water_gsolv_eV,109,1.0000001192092896,0.0,0.7161416967064607,0.7161416967064607,,,,1.0
29,water_gsolv_eV,110,1.0000001192092896,0.0,0.7161416967064607,0.7161416967064607,,,,1.0
29,water_gsolv_eV,111,1.0000001192092896,0.0,0.7161416967064607,0.7161416967064607,,,,1.0
29,water_gsolv_eV,112,1.0000001192092896,0.0,0.7161416967064607,0.7161416967064607,,,,1.0
29,water_gsolv_eV,113,1.0000001192092896,0.0,0.7161416967064607,0.7161416967064607,,,,1.0
29,water_gsolv_eV,114,1.0000001192092896,0.0,0.7161416967064607,0.7161416967064607,,,,1.0
29,water_gsolv_eV,115,1.0000001192092896,0.0,0.7161416967064607,0.7161416967064607,,,,1.0
29,water_gsolv_eV,116,1.0000001192092896,0.0,0.7161416967064607,0.7161416967064607,,,,1.0
29,water_gsolv_eV,117,1.0000001192092896,0.0,0.7161416967064607,0.7161416967064607,,,,1.0
29,water_gsolv_eV,118,1.0000001192092896,0.0,0.7161416967064607,0.7161416967064607,,,,1.0
29,water_gsolv_eV,119,1.0000001192092896,0.0,0.7161416967064607,0.7161416967064607,,,,1.0
29,water_gsolv_eV,120,1.0000001192092896,0.0,0.7161416967064607,0.7161416967064607,,,,1.0
29,water_gsolv_eV,121,1.0000001192092896,0.0,0.7161416967064607,0.7161416967064607,,,,1.0
29,water_gsolv_eV,122,1.0000001192092896,0.0,0.7161416967064607,0.7161416967064607,,,,1.0
29,water_gsolv_eV,123,1.0000001192092896,0.0,0.7161416967064607,0.7161416967064607,,,,1.0
29,water_gsolv_eV,124,1.0000001192092896,0.0,0.7161416967064607,0.7161416967064607,,,,1.0
29,water_gsolv_eV,125,1.0000001192092896,0.0,0.7161416967064607,0.7161416967064607,,,,1.0
29,water_gsolv_eV,126,1.0000001192092896,0.0,0.7161416967064607,0.7161416967064607,,,,1.0
29,water_gsolv_eV,127,1.0000001192092896,0.0,0.7161416967064607,0.7161416967064607,,,,1.0
29,water_gsolv_eV,128,1.0000001192092896,0.0,0.7161416967064607,0.7161416967064607,,,,1.0
29,water_gsolv_eV,129,1.0000001192092896,0.0,0.7161416967064607,0.7161416967064607,,,,1.0
29,water_gsolv_eV,130,1.0000001192092896,0.0,0.7161416967064607,0.7161416967064607,,,,1.0
29,water_gsolv_eV,131,1.0000001192092896,0.0,0.7161416967064607,0.7161416967064607,,,,1.0
29,water_gsolv_eV,132,1.0000001192092896,0.0,0.7161416967064607,0.7161416967064607,,,,1.0
29,water_gsolv_eV,133,1.0000001192092896,0.0,0.7161416967064607,0.7161416967064607,,,,1.0
29,water_gsolv_eV,134,1.0000001192092896,0.0,0.7161416967064607,0.7161416967064607,,,,1.0
29,water_gsolv_eV,135,1.0000001192092896,0.0,0.7161416967064607,0.7161416967064607,,,,1.0
29,water_gsolv_eV,136,1.0000001192092896,0.0,0.7161416967064607,0.7161416967064607,,,,1.0
29,water_gsolv_eV,137,1.0000001192092896,0.0,0.7161416967064607,0.7161416967064607,,,,1.0
29,water_gsolv_eV,138,1.0000001192092896,0.0,0.7161416967064607,0.7161416967064607,,,,1.0
29,water_gsolv_eV,139,1.0000001192092896,0.0,0.7161416967064607,0.7161416967064607,,,,1.0
29,water_gsolv_eV,140,1.0000001192092896,0.0,0.7161416967064607,0.7161416967064607,,,,1.0
29,water_gsolv_eV,141,1.0000001192092896,0.0,0.7161416967064607,0.7161416967064607,,,,1.0
29,water_gsolv_eV,142,1.0000001192092896,0.0,0.7161416967064607,0.7161416967064607,,,,1.0
29,water_gsolv_eV,143,1.0000001192092896,0.0,0.7161416967064607,0.7161416967064607,,,,1.0
29,water_gsolv_eV,144,1.0000001192092896,0.0,0.7161416967064607,0.7161416967064607,,,,1.0
29,water_gsolv_eV,145,1.0000001192092896,0.0,0.7161416967064607,0.7161416967064607,,,,1.0
29,water_gsolv_eV,146,1.0000001192092896,0.0,0.7161416967064607,0.7161416967064607,,,,1.0
29,water_gsolv_eV,147,1.0000001192092896,0.0,0.7161416967064607,0.7161416967064607,,,,1.0
29,water_gsolv_eV,148,1.0000001192092896,0.0,0.7161416967064607,0.7161416967064607,,,,1.0
29,water_gsolv_eV,149,1.0000001192092896,0.0,0.7161416967064607,0.7161416967064607,,,,1.0
29,water_gsolv_eV,150,1.0000001192092896,0.0,0.7161416967064607,0.7161416967064607,,,,1.0
29,water_gsolv_eV,151,1.0000001192092896,0.0,0.7161416967064607,0.7161416967064607,,,,1.0
29,water_gsolv_eV,152,1.0000001192092896,0.0,0.7161416967064607,0.7161416967064607,,,,1.0
29,water_gsolv_eV,153,1.0000001192092896,0.0,0.7161416967064607,0.7161416967064607,,,,1.0
29,water_gsolv_eV,154,1.0000001192092896,0.0,0.7161416967064607,0.7161416967064607,,,,1.0
29,water_gsolv_eV,155,1.0000001192092896,0.0,0.7161416967064607,0.7161416967064607,,,,1.0
29,water_gsolv_eV,156,1.0000001192092896,0.0,0.7161416967064607,0.7161416967064607,,,,1.0
29,water_gsolv_eV,157,1.0000001192092896,0.0,0.7161416967064607,0.7161416967064607,,,,1.0
29,water_gsolv_eV,158,1.0000001192092896,0.0,0.7161416967064607,0.7161416967064607,,,,1.0
29,water_gsolv_eV,159,1.0000001192092896,0.0,0.7161416967064607,0.7161416967064607,,,,1.0
29,water_gsolv_eV,160,1.0000001192092896,0.0,0.7161416967064607,0.7161416967064607,,,,1.0
29,water_gsolv_eV,161,1.0000001192092896,0.0,0.7161416967064607,0.7161416967064607,,,,1.0
29,water_gsolv_eV,162,1.0000001192092896,0.0,0.7161416967064607,0.7161416967064607,,,,1.0
29,water_gsolv_eV,163,1.0000001192092896,0.0,0.7161416967064607,0.7161416967064607,,,,1.0
29,water_gsolv_eV,164,1.0000001192092896,0.0,0.7161416967064607,0.7161416967064607,,,,1.0
29,water_gsolv_eV,165,1.0000001192092896,0.0,0.7161416967064607,0.7161416967064607,,,,1.0
29,water_gsolv_eV,166,1.0000001192092896,0.0,0.7161416967064607,0.7161416967064607,,,,1.0
29,water_gsolv_eV,167,1.0000001192092896,0.0,0.7161416967064607,0.7161416967064607,,,,1.0
29,water_gsolv_eV,168,1.0000001192092896,0.0,0.7161416967064607,0.7161416967064607,,,,1.0
29,water_gsolv_eV,169,1.0000001192092896,0.0,0.7161416967064607,0.7161416967064607,,,,1.0
29,water_gsolv_eV,170,1.0000001192092896,0.0,0.7161416967064607,0.7161416967064607,,,,1.0
29,water_gsolv_eV,171,1.0000001192092896,0.0,0.7161416967064607,0.7161416967064607,,,,1.0
29,water_gsolv_eV,172,1.0000001192092896,0.0,0.7161416967064607,0.7161416967064607,,,,1.0
29,water_gsolv_eV,173,1.0000001192092896,0.0,0.7161416967064607,0.7161416967064607,,,,1.0
29,water_gsolv_eV,174,1.0000001192092896,0.0,0.7161416967064607,0.7161416967064607,,,,1.0
29,water_gsolv_eV,175,1.0000001192092896,0.0,0.7161416967064607,0.7161416967064607,,,,1.0
29,water_gsolv_eV,176,1.0000001192092896,0.0,0.7161416967064607,0.7161416967064607,,,,1.0
29,water_gsolv_eV,177,1.0000001192092896,0.0,0.7161416967064607,0.7161416967064607,,,,1.0
29,water_gsolv_eV,178,1.0000001192092896,0.0,0.7161416967064607,0.7161416967064607,,,,1.0
29,water_gsolv_eV,179,1.0000001192092896,0.0,0.7161416967064607,0.7161416967064607,,,,1.0
29,water_gsolv_eV,180,1.0000001192092896,0.0,0.7161416967064607,0.7161416967064607,,,,1.0
29,water_gsolv_eV,181,1.0000001192092896,0.0,0.7161416967064607,0.7161416967064607,,,,1.0
29,water_gsolv_eV,182,1.0000001192092896,0.0,0.7161416967064607,0.7161416967064607,,,,1.0
29,water_gsolv_eV,183,1.0000001192092896,0.0,0.7161416967064607,0.7161416967064607,,,,1.0
29,water_gsolv_eV,184,1.0000001192092896,0.0,0.7161416967064607,0.7161416967064607,,,,1.0
29,water_gsolv_eV,185,1.0000001192092896,0.0,0.7161416967064607,0.7161416967064607,,,,1.0
29,water_gsolv_eV,186,1.0000001192092896,0.0,0.7161416967064607,0.7161416967064607,,,,1.0
29,water_gsolv_eV,187,1.0000001192092896,0.0,0.7161416967064607,0.7161416967064607,,,,1.0
29,water_gsolv_eV,188,1.0000001192092896,0.0,0.7161416967064607,0.7161416967064607,,,,1.0
29,water_gsolv_eV,189,1.0000001192092896,0.0,0.7161416967064607,0.7161416967064607,,,,1.0
29,water_gsolv_eV,190,1.0000001192092896,0.0,0.7161416967064607,0.7161416967064607,,,,1.0
29,water_gsolv_eV,191,1.0000001192092896,0.0,0.7161416967064607,0.7161416967064607,,,,1.0
29,water_gsolv_eV,192,1.0000001192092896,0.0,0.7161416967064607,0.7161416967064607,,,,1.0
29,water_gsolv_eV,193,1.0000001192092896,0.0,0.7161416967064607,0.7161416967064607,,,,1.0
29,water_gsolv_eV,194,1.0000001192092896,0.0,0.7161416967064607,0.7161416967064607,,,,1.0
29,water_gsolv_eV,195,1.0000001192092896,0.0,0.7161416967064607,0.7161416967064607,,,,1.0
29,water_gsolv_eV,196,1.0000001192092896,0.0,0.7161416967064607,0.7161416967064607,,,,1.0
29,water_gsolv_eV,197,1.0000001192092896,0.0,0.7161416967064607,0.7161416967064607,,,,1.0
29,water_gsolv_eV,198,1.0000001192092896,0.0,0.7161416967064607,0.7161416967064607,,,,1.0
29,water_gsolv_eV,199,1.0000001192092896,0.0,0.7161416967064607,0.7161416967064607,,,,1.0
29,water_gsolv_eV,200,1.0000001192092896,0.0,0.7161416967064607,0.7161416967064607,,,,1.0
29,water_gsolv_eV,201,1.0000001192092896,0.0,0.7161416967064607,0.7161416967064607,,,,1.0
29,water_gsolv_eV,202,1.0000001192092896,0.0,0.7161416967064607,0.7161416967064607,,,,1.0
29,water_gsolv_eV,203,1.0000001192092896,0.0,0.7161416967064607,0.7161416967064607,,,,1.0
29,water_gsolv_eV,204,1.0000001192092896,0.0,0.7161416967064607,0.7161416967064607,,,,1.0
29,water_gsolv_eV,205,1.0000001192092896,0.0,0.7161416967064607,0.7161416967064607,,,,1.0
29,water_gsolv_eV,206,1.0000001192092896,0.0,0.7161416967064607,0.7161416967064607,,,,1.0
29,water_gsolv_eV,207,1.0000001192092896,0.0,0.7161416967064607,0.7161416967064607,,,,1.0
29,water_gsolv_eV,208,1.0000001192092896,0.0,0.7161416967064607,0.7161416967064607,,,,1.0
29,water_gsolv_eV,209,1.0000001192092896,0.0,0.7161416967064607,0.7161416967064607,,,,1.0
29,water_gsolv_eV,210,1.0000001192092896,0.0,0.7161416967064607,0.7161416967064607,,,,1.0
29,water_gsolv_eV,211,1.0000001192092896,0.0,0.7161416967064607,0.7161416967064607,,,,1.0
29,water_gsolv_eV,212,1.0000001192092896,0.0,0.7161416967064607,0.7161416967064607,,,,1.0
29,water_gsolv_eV,213,1.0000001192092896,0.0,0.7161416967064607,0.7161416967064607,,,,1.0
29,water_gsolv_eV,214,1.0000001192092896,0.0,0.7161416967064607,0.7161416967064607,,,,1.0
29,water_gsolv_eV,215,1.0000001192092896,0.0,0.7161416967064607,0.7161416967064607,,,,1.0
29,water_gsolv_eV,216,1.0000001192092896,0.0,0.7161416967064607,0.7161416967064607,,,,1.0
29,water_gsolv_eV,217,1.0000001192092896,0.0,0.7161416967064607,0.7161416967064607,,,,1.0
29,water_gsolv_eV,218,1.0000001192092896,0.0,0.7161416967064607,0.7161416967064607,,,,1.0
29,water_gsolv_eV,219,1.0000001192092896,0.0,0.7161416967064607,0.7161416967064607,,,,1.0
29,water_gsolv_eV,220,1.0000001192092896,0.0,0.7161416967064607,0.7161416967064607,,,,1.0
29,water_gsolv_eV,221,1.0000001192092896,0.0,0.7161416967064607,0.7161416967064607,,,,1.0
29,water_gsolv_eV,222,1.0000001192092896,0.0,0.7161416967064607,0.7161416967064607,,,,1.0
29,water_gsolv_eV,223,1.0000001192092896,0.0,0.7161416967064607,0.7161416967064607,,,,1.0
29,water_gsolv_eV,224,1.0000001192092896,0.0,0.7161416967064607,0.7161416967064607,,,,1.0
29,water_gsolv_eV,225,1.0000001192092896,0.0,0.7161416967064607,0.7161416967064607,,,,1.0
29,water_gsolv_eV,226,1.0000001192092896,0.0,0.7161416967064607,0.7161416967064607,,,,1.0
29,water_gsolv_eV,227,1.0000001192092896,0.0,0.7161416967064607,0.7161416967064607,,,,1.0
29,water_gsolv_eV,228,1.0000001192092896,0.0,0.7161416967064607,0.7161416967064607,,,,1.0
29,water_gsolv_eV,229,1.0000001192092896,0.0,0.7161416967064607,0.7161416967064607,,,,1.0
29,water_gsolv_eV,230,1.0000001192092896,0.0,0.7161416967064607,0.7161416967064607,,,,1.0
29,water_gsolv_eV,231,1.0000001192092896,0.0,0.7161416967064607,0.7161416967064607,,,,1.0
29,water_gsolv_eV,232,1.0000001192092896,0.0,0.7161416967064607,0.7161416967064607,,,,1.0
29,water_gsolv_eV,233,1.0000001192092896,0.0,0.7161416967064607,0.7161416967064607,,,,1.0
29,water_gsolv_eV,234,1.0000001192092896,0.0,0.7161416967064607,0.7161416967064607,,,,1.0
29,water_gsolv_eV,235,1.0000001192092896,0.0,0.7161416967064607,0.7161416967064607,,,,1.0
29,water_gsolv_eV,236,1.0000001192092896,0.0,0.7161416967064607,0.7161416967064607,,,,1.0
29,water_gsolv_eV,237,1.0000001192092896,0.0,0.7161416967064607,0.7161416967064607,,,,1.0
29,water_gsolv_eV,238,1.0000001192092896,0.0,0.7161416967064607,0.7161416967064607,,,,1.0
29,water_gsolv_eV,239,1.0000001192092896,0.0,0.7161416967064607,0.7161416967064607,,,,1.0
29,water_gsolv_eV,240,1.0000001192092896,0.0,0.7161416967064607,0.7161416967064607,,,,1.0
29,water_gsolv_eV,241,1.0000001192092896,0.0,0.7161416967064607,0.7161416967064607,,,,1.0
29,water_gsolv_eV,242,1.0000001192092896,0.0,0.7161416967064607,0.7161416967064607,,,,1.0
29,water_gsolv_eV,243,1.0000001192092896,0.0,0.7161416967064607,0.7161416967064607,,,,1.0
29,water_gsolv_eV,244,1.0000001192092896,0.0,0.7161416967064607,0.7161416967064607,,,,1.0
29,water_gsolv_eV,245,1.0000001192092896,0.0,0.7161416967064607,0.7161416967064607,,,,1.0
29,water_gsolv_eV,246,1.0000001192092896,0.0,0.7161416967064607,0.7161416967064607,,,,1.0
29,water_gsolv_eV,247,1.0000001192092896,0.0,0.7161416967064607,0.7161416967064607,,,,1.0
29,water_gsolv_eV,248,1.0000001192092896,0.0,0.7161416967064607,0.7161416967064607,,,,1.0
29,water_gsolv_eV,249,1.0000001192092896,0.0,0.7161416967064607,0.7161416967064607,,,,1.0
29,water_hl_gap_eV,0,1.0,0.0,0.7076400950517858,0.7076400950517858,,,,1.0
29,water_hl_gap_eV,1,1.0,0.0,0.7076400950517858,0.7076400950517858,,,,1.0
29,water_hl_gap_eV,2,1.0,0.0,0.7076400950517858,0.7076400950517858,,,,1.0
29,water_hl_gap_eV,3,1.0,0.0,0.7076400950517858,0.7076400950517858,,,,1.0
29,water_hl_gap_eV,4,1.0,0.0,0.7076400950517858,0.7076400950517858,,,,1.0
29,water_hl_gap_eV,5,1.0,0.0,0.7076400950517858,0.7076400950517858,,,,1.0
29,water_hl_gap_eV,6,1.0,0.0,0.7076400950517858,0.7076400950517858,,,,1.0
29,water_hl_gap_eV,7,1.0,0.0,0.7076400950517858,0.7076400950517858,,,,1.0
29,water_hl_gap_eV,8,1.0,0.0,0.7076400950517858,0.7076400950517858,,,,1.0
29,water_hl_gap_eV,9,1.0,0.0,0.7076400950517858,0.7076400950517858,,,,1.0
29,water_hl_gap_eV,10,1.0,0.0,0.7076400950517858,0.7076400950517858,,,,1.0
29,water_hl_gap_eV,11,1.0,0.0,0.7076400950517858,0.7076400950517858,,,,1.0
29,water_hl_gap_eV,12,1.0,0.0,0.7076400950517858,0.7076400950517858,,,,1.0
29,water_hl_gap_eV,13,1.0,0.0,0.7076400950517858,0.7076400950517858,,,,1.0
29,water_hl_gap_eV,14,1.0,0.0,0.7076400950517858,0.7076400950517858,,,,1.0
29,water_hl_gap_eV,15,1.0,0.0,0.7076400950517858,0.7076400950517858,,,,1.0
29,water_hl_gap_eV,16,1.0,0.0,0.7076400950517858,0.7076400950517858,,,,1.0
29,water_hl_gap_eV,17,1.0,0.0,0.7076400950517858,0.7076400950517858,,,,1.0
29,water_hl_gap_eV,18,1.0,0.0,0.7076400950517858,0.7076400950517858,,,,1.0
29,water_hl_gap_eV,19,1.0,0.0,0.7076400950517858,0.7076400950517858,,,,1.0
29,water_hl_gap_eV,20,1.0,0.0,0.7076400950517858,0.7076400950517858,,,,1.0
29,water_hl_gap_eV,21,1.0,0.0,0.7076400950517858,0.7076400950517858,,,,1.0
29,water_hl_gap_eV,22,1.0,0.0,0.7076400950517858,0.7076400950517858,,,,1.0
29,water_hl_gap_eV,23,1.0,0.0,0.7076400950517858,0.7076400950517858,,,,1.0
29,water_hl_gap_eV,24,1.0,0.0,0.7076400950517858,0.7076400950517858,,,,1.0
29,water_hl_gap_eV,25,1.0,0.0,0.7076400950517858,0.7076400950517858,,,,1.0
29,water_hl_gap_eV,26,1.0,0.0,0.7076400950517858,0.7076400950517858,,,,1.0
29,water_hl_gap_eV,27,1.0,0.0,0.7076400950517858,0.7076400950517858,,,,1.0
29,water_hl_gap_eV,28,1.0,0.0,0.7076400950517858,0.7076400950517858,,,,1.0
29,water_hl_gap_eV,29,1.0,0.0,0.7076400950517858,0.7076400950517858,,,,1.0
29,water_hl_gap_eV,30,1.0,0.0,0.7076400950517858,0.7076400950517858,,,,1.0
29,water_hl_gap_eV,31,1.0,0.0,0.7076400950517858,0.7076400950517858,,,,1.0
29,water_hl_gap_eV,32,1.0,0.0,0.7076400950517858,0.7076400950517858,,,,1.0
29,water_hl_gap_eV,33,1.0,0.0,0.7076400950517858,0.7076400950517858,,,,1.0
29,water_hl_gap_eV,34,1.0,0.0,0.7076400950517858,0.7076400950517858,,,,1.0
29,water_hl_gap_eV,35,1.0,0.0,0.7076400950517858,0.7076400950517858,,,,1.0
29,water_hl_gap_eV,36,1.0,0.0,0.7076400950517858,0.7076400950517858,,,,1.0
29,water_hl_gap_eV,37,1.0,0.0,0.7076400950517858,0.7076400950517858,,,,1.0
29,water_hl_gap_eV,38,1.0,0.0,0.7076400950517858,0.7076400950517858,,,,1.0
29,water_hl_gap_eV,39,1.0,0.0,0.7076400950517858,0.7076400950517858,,,,1.0
29,water_hl_gap_eV,40,1.0,0.0,0.7076400950517858,0.7076400950517858,,,,1.0
29,water_hl_gap_eV,41,1.0,0.0,0.7076400950517858,0.7076400950517858,,,,1.0
29,water_hl_gap_eV,42,1.0,0.0,0.7076400950517858,0.7076400950517858,,,,1.0
29,water_hl_gap_eV,43,1.0,0.0,0.7076400950517858,0.7076400950517858,,,,1.0
29,water_hl_gap_eV,44,1.0,0.0,0.7076400950517858,0.7076400950517858,,,,1.0
29,water_hl_gap_eV,45,1.0,0.0,0.7076400950517858,0.7076400950517858,,,,1.0
29,water_hl_gap_eV,46,1.0,0.0,0.7076400950517858,0.7076400950517858,,,,1.0
29,water_hl_gap_eV,47,1.0,0.0,0.7076400950517858,0.7076400950517858,,,,1.0
29,water_hl_gap_eV,48,1.0,0.0,0.7076400950517858,0.7076400950517858,,,,1.0
29,water_hl_gap_eV,49,1.0,0.0,0.7076400950517858,0.7076400950517858,,,,1.0
29,water_hl_gap_eV,50,1.0,0.0,0.7076400950517858,0.7076400950517858,,,,1.0
29,water_hl_gap_eV,51,1.0,0.0,0.7076400950517858,0.7076400950517858,,,,1.0
29,water_hl_gap_eV,52,1.0,0.0,0.7076400950517858,0.7076400950517858,,,,1.0
29,water_hl_gap_eV,53,1.0,0.0,0.7076400950517858,0.7076400950517858,,,,1.0
29,water_hl_gap_eV,54,1.0,0.0,0.7076400950517858,0.7076400950517858,,,,1.0
29,water_hl_gap_eV,55,1.0,0.0,0.7076400950517858,0.7076400950517858,,,,1.0
29,water_hl_gap_eV,56,1.0,0.0,0.7076400950517858,0.7076400950517858,,,,1.0
29,water_hl_gap_eV,57,1.0,0.0,0.7076400950517858,0.7076400950517858,,,,1.0
29,water_hl_gap_eV,58,1.0,0.0,0.7076400950517858,0.7076400950517858,,,,1.0
29,water_hl_gap_eV,59,1.0,0.0,0.7076400950517858,0.7076400950517858,,,,1.0
29,water_hl_gap_eV,60,1.0,0.0,0.7076400950517858,0.7076400950517858,,,,1.0
29,water_hl_gap_eV,61,1.0,0.0,0.7076400950517858,0.7076400950517858,,,,1.0
29,water_hl_gap_eV,62,1.0,0.0,0.7076400950517858,0.7076400950517858,,,,1.0
29,water_hl_gap_eV,63,1.0,0.0,0.7076400950517858,0.7076400950517858,,,,1.0
29,water_hl_gap_eV,64,1.0,0.0,0.7076400950517858,0.7076400950517858,,,,1.0
29,water_hl_gap_eV,65,1.0,0.0,0.7076400950517858,0.7076400950517858,,,,1.0
29,water_hl_gap_eV,66,1.0,0.0,0.7076400950517858,0.7076400950517858,,,,1.0
29,water_hl_gap_eV,67,1.0,0.0,0.7076400950517858,0.7076400950517858,,,,1.0
29,water_hl_gap_eV,68,1.0,0.0,0.7076400950517858,0.7076400950517858,,,,1.0
29,water_hl_gap_eV,69,1.0,0.0,0.7076400950517858,0.7076400950517858,,,,1.0
29,water_hl_gap_eV,70,1.0,0.0,0.7076400950517858,0.7076400950517858,,,,1.0
29,water_hl_gap_eV,71,1.0,0.0,0.7076400950517858,0.7076400950517858,,,,1.0
29,water_hl_gap_eV,72,1.0,0.0,0.7076400950517858,0.7076400950517858,,,,1.0
29,water_hl_gap_eV,73,1.0,0.0,0.7076400950517858,0.7076400950517858,,,,1.0
29,water_hl_gap_eV,74,1.0,0.0,0.7076400950517858,0.7076400950517858,,,,1.0
29,water_hl_gap_eV,75,1.0,0.0,0.7076400950517858,0.7076400950517858,,,,1.0
29,water_hl_gap_eV,76,1.0,0.0,0.7076400950517858,0.7076400950517858,,,,1.0
29,water_hl_gap_eV,77,1.0,0.0,0.7076400950517858,0.7076400950517858,,,,1.0
29,water_hl_gap_eV,78,1.0,0.0,0.7076400950517858,0.7076400950517858,,,,1.0
29,water_hl_gap_eV,79,1.0,0.0,0.7076400950517858,0.7076400950517858,,,,1.0
29,water_hl_gap_eV,80,1.0,0.0,0.7076400950517858,0.7076400950517858,,,,1.0
29,water_hl_gap_eV,81,1.0,0.0,0.7076400950517858,0.7076400950517858,,,,1.0
29,water_hl_gap_eV,82,1.0,0.0,0.7076400950517858,0.7076400950517858,,,,1.0
29,water_hl_gap_eV,83,1.0,0.0,0.7076400950517858,0.7076400950517858,,,,1.0
29,water_hl_gap_eV,84,1.0,0.0,0.7076400950517858,0.7076400950517858,,,,1.0
29,water_hl_gap_eV,85,1.0,0.0,0.7076400950517858,0.7076400950517858,,,,1.0
29,water_hl_gap_eV,86,1.0,0.0,0.7076400950517858,0.7076400950517858,,,,1.0
29,water_hl_gap_eV,87,1.0,0.0,0.7076400950517858,0.7076400950517858,,,,1.0
29,water_hl_gap_eV,88,1.0,0.0,0.7076400950517858,0.7076400950517858,,,,1.0
29,water_hl_gap_eV,89,1.0,0.0,0.7076400950517858,0.7076400950517858,,,,1.0
29,water_hl_gap_eV,90,1.0,0.0,0.7076400950517858,0.7076400950517858,,,,1.0
29,water_hl_gap_eV,91,1.0,0.0,0.7076400950517858,0.7076400950517858,,,,1.0
29,water_hl_gap_eV,92,1.0,0.0,0.7076400950517858,0.7076400950517858,,,,1.0
29,water_hl_gap_eV,93,1.0,0.0,0.7076400950517858,0.7076400950517858,,,,1.0
29,water_hl_gap_eV,94,1.0,0.0,0.7076400950517858,0.7076400950517858,,,,1.0
29,water_hl_gap_eV,95,1.0,0.0,0.7076400950517858,0.7076400950517858,,,,1.0
29,water_hl_gap_eV,96,1.0,0.0,0.7076400950517858,0.7076400950517858,,,,1.0
29,water_hl_gap_eV,97,1.0,0.0,0.7076400950517858,0.7076400950517858,,,,1.0
29,water_hl_gap_eV,98,1.0,0.0,0.7076400950517858,0.7076400950517858,,,,1.0
29,water_hl_gap_eV,99,1.0,0.0,0.7076400950517858,0.7076400950517858,,,,1.0
29,water_hl_gap_eV,100,1.0,0.0,0.7076400950517858,0.7076400950517858,,,,1.0
29,water_hl_gap_eV,101,1.0,0.0,0.7076400950517858,0.7076400950517858,,,,1.0
29,water_hl_gap_eV,102,1.0,0.0,0.7076400950517858,0.7076400950517858,,,,1.0
29,water_hl_gap_eV,103,1.0,0.0,0.7076400950517858,0.7076400950517858,,,,1.0
29,water_hl_gap_eV,104,1.0,0.0,0.7076400950517858,0.7076400950517858,,,,1.0
29,water_hl_gap_eV,105,1.0,0.0,0.7076400950517858,0.7076400950517858,,,,1.0
29,water_hl_gap_eV,106,1.0,0.0,0.7076400950517858,0.7076400950517858,,,,1.0
29,water_hl_gap_eV,107,1.0,0.0,0.7076400950517858,0.7076400950517858,,,,1.0
29,water_hl_gap_eV,108,1.0,0.0,0.7076400950517858,0.7076400950517858,,,,1.0
29,water_hl_gap_eV,109,1.0,0.0,0.7076400950517858,0.7076400950517858,,,,1.0
29,water_hl_gap_eV,110,1.0,0.0,0.7076400950517858,0.7076400950517858,,,,1.0
29,water_hl_gap_eV,111,1.0,0.0,0.7076400950517858,0.7076400950517858,,,,1.0
29,water_hl_gap_eV,112,1.0,0.0,0.7076400950517858,0.7076400950517858,,,,1.0
29,water_hl_gap_eV,113,1.0,0.0,0.7076400950517858,0.7076400950517858,,,,1.0
29,water_hl_gap_eV,114,1.0,0.0,0.7076400950517858,0.7076400950517858,,,,1.0
29,water_hl_gap_eV,115,1.0,0.0,0.7076400950517858,0.7076400950517858,,,,1.0
29,water_hl_gap_eV,116,1.0,0.0,0.7076400950517858,0.7076400950517858,,,,1.0
29,water_hl_gap_eV,117,1.0,0.0,0.7076400950517858,0.7076400950517858,,,,1.0
29,water_hl_gap_eV,118,1.0,0.0,0.7076400950517858,0.7076400950517858,,,,1.0
29,water_hl_gap_eV,119,1.0,0.0,0.7076400950517858,0.7076400950517858,,,,1.0
29,water_hl_gap_eV,120,1.0,0.0,0.7076400950517858,0.7076400950517858,,,,1.0
29,water_hl_gap_eV,121,1.0,0.0,0.7076400950517858,0.7076400950517858,,,,1.0
29,water_hl_gap_eV,122,1.0,0.0,0.7076400950517858,0.7076400950517858,,,,1.0
29,water_hl_gap_eV,123,1.0,0.0,0.7076400950517858,0.7076400950517858,,,,1.0
29,water_hl_gap_eV,124,1.0,0.0,0.7076400950517858,0.7076400950517858,,,,1.0
29,water_hl_gap_eV,125,1.0,0.0,0.7076400950517858,0.7076400950517858,,,,1.0
29,water_hl_gap_eV,126,1.0,0.0,0.7076400950517858,0.7076400950517858,,,,1.0
29,water_hl_gap_eV,127,1.0,0.0,0.7076400950517858,0.7076400950517858,,,,1.0
29,water_hl_gap_eV,128,1.0,0.0,0.7076400950517858,0.7076400950517858,,,,1.0
29,water_hl_gap_eV,129,1.0,0.0,0.7076400950517858,0.7076400950517858,,,,1.0
29,water_hl_gap_eV,130,1.0,0.0,0.7076400950517858,0.7076400950517858,,,,1.0
29,water_hl_gap_eV,131,1.0,0.0,0.7076400950517858,0.7076400950517858,,,,1.0
29,water_hl_gap_eV,132,1.0,0.0,0.7076400950517858,0.7076400950517858,,,,1.0
29,water_hl_gap_eV,133,1.0,0.0,0.7076400950517858,0.7076400950517858,,,,1.0
29,water_hl_gap_eV,134,1.0,0.0,0.7076400950517858,0.7076400950517858,,,,1.0
29,water_hl_gap_eV,135,1.0,0.0,0.7076400950517858,0.7076400950517858,,,,1.0
29,water_hl_gap_eV,136,1.0,0.0,0.7076400950517858,0.7076400950517858,,,,1.0
29,water_hl_gap_eV,137,1.0,0.0,0.7076400950517858,0.7076400950517858,,,,1.0
29,water_hl_gap_eV,138,1.0,0.0,0.7076400950517858,0.7076400950517858,,,,1.0
29,water_hl_gap_eV,139,1.0,0.0,0.7076400950517858,0.7076400950517858,,,,1.0
29,water_hl_gap_eV,140,1.0,0.0,0.7076400950517858,0.7076400950517858,,,,1.0
29,water_hl_gap_eV,141,1.0,0.0,0.7076400950517858,0.7076400950517858,,,,1.0
29,water_hl_gap_eV,142,1.0,0.0,0.7076400950517858,0.7076400950517858,,,,1.0
29,water_hl_gap_eV,143,1.0,0.0,0.7076400950517858,0.7076400950517858,,,,1.0
29,water_hl_gap_eV,144,1.0,0.0,0.7076400950517858,0.7076400950517858,,,,1.0
29,water_hl_gap_eV,145,1.0,0.0,0.7076400950517858,0.7076400950517858,,,,1.0
29,water_hl_gap_eV,146,1.0,0.0,0.7076400950517858,0.7076400950517858,,,,1.0
29,water_hl_gap_eV,147,1.0,0.0,0.7076400950517858,0.7076400950517858,,,,1.0
29,water_hl_gap_eV,148,1.0,0.0,0.7076400950517858,0.7076400950517858,,,,1.0
29,water_hl_gap_eV,149,1.0,0.0,0.7076400950517858,0.7076400950517858,,,,1.0
29,water_hl_gap_eV,150,1.0,0.0,0.7076400950517858,0.7076400950517858,,,,1.0
29,water_hl_gap_eV,151,1.0,0.0,0.7076400950517858,0.7076400950517858,,,,1.0
29,water_hl_gap_eV,152,1.0,0.0,0.7076400950517858,0.7076400950517858,,,,1.0
29,water_hl_gap_eV,153,1.0,0.0,0.7076400950517858,0.7076400950517858,,,,1.0
29,water_hl_gap_eV,154,1.0,0.0,0.7076400950517858,0.7076400950517858,,,,1.0
29,water_hl_gap_eV,155,1.0,0.0,0.7076400950517858,0.7076400950517858,,,,1.0
29,water_hl_gap_eV,156,1.0,0.0,0.7076400950517858,0.7076400950517858,,,,1.0
29,water_hl_gap_eV,157,1.0,0.0,0.7076400950517858,0.7076400950517858,,,,1.0
29,water_hl_gap_eV,158,1.0,0.0,0.7076400950517858,0.7076400950517858,,,,1.0
29,water_hl_gap_eV,159,1.0,0.0,0.7076400950517858,0.7076400950517858,,,,1.0
29,water_hl_gap_eV,160,1.0,0.0,0.7076400950517858,0.7076400950517858,,,,1.0
29,water_hl_gap_eV,161,1.0,0.0,0.7076400950517858,0.7076400950517858,,,,1.0
29,water_hl_gap_eV,162,1.0,0.0,0.7076400950517858,0.7076400950517858,,,,1.0
29,water_hl_gap_eV,163,1.0,0.0,0.7076400950517858,0.7076400950517858,,,,1.0
29,water_hl_gap_eV,164,1.0,0.0,0.7076400950517858,0.7076400950517858,,,,1.0
29,water_hl_gap_eV,165,1.0,0.0,0.7076400950517858,0.7076400950517858,,,,1.0
29,water_hl_gap_eV,166,1.0,0.0,0.7076400950517858,0.7076400950517858,,,,1.0
29,water_hl_gap_eV,167,1.0,0.0,0.7076400950517858,0.7076400950517858,,,,1.0
29,water_hl_gap_eV,168,1.0,0.0,0.7076400950517858,0.7076400950517858,,,,1.0
29,water_hl_gap_eV,169,1.0,0.0,0.7076400950517858,0.7076400950517858,,,,1.0
29,water_hl_gap_eV,170,1.0,0.0,0.7076400950517858,0.7076400950517858,,,,1.0
29,water_hl_gap_eV,171,1.0,0.0,0.7076400950517858,0.7076400950517858,,,,1.0
29,water_hl_gap_eV,172,1.0,0.0,0.7076400950517858,0.7076400950517858,,,,1.0
29,water_hl_gap_eV,173,1.0,0.0,0.7076400950517858,0.7076400950517858,,,,1.0
29,water_hl_gap_eV,174,1.0,0.0,0.7076400950517858,0.7076400950517858,,,,1.0
29,water_hl_gap_eV,175,1.0,0.0,0.7076400950517858,0.7076400950517858,,,,1.0
29,water_hl_gap_eV,176,1.0,0.0,0.7076400950517858,0.7076400950517858,,,,1.0
29,water_hl_gap_eV,177,1.0,0.0,0.7076400950517858,0.7076400950517858,,,,1.0
29,water_hl_gap_eV,178,1.0,0.0,0.7076400950517858,0.7076400950517858,,,,1.0
29,water_hl_gap_eV,179,1.0,0.0,0.7076400950517858,0.7076400950517858,,,,1.0
29,water_hl_gap_eV,180,1.0,0.0,0.7076400950517858,0.7076400950517858,,,,1.0
29,water_hl_gap_eV,181,1.0,0.0,0.7076400950517858,0.7076400950517858,,,,1.0
29,water_hl_gap_eV,182,1.0,0.0,0.7076400950517858,0.7076400950517858,,,,1.0
29,water_hl_gap_eV,183,1.0,0.0,0.7076400950517858,0.7076400950517858,,,,1.0
29,water_hl_gap_eV,184,1.0,0.0,0.7076400950517858,0.7076400950517858,,,,1.0
29,water_hl_gap_eV,185,1.0,0.0,0.7076400950517858,0.7076400950517858,,,,1.0
29,water_hl_gap_eV,186,1.0,0.0,0.7076400950517858,0.7076400950517858,,,,1.0
29,water_hl_gap_eV,187,1.0,0.0,0.7076400950517858,0.7076400950517858,,,,1.0
29,water_hl_gap_eV,188,1.0,0.0,0.7076400950517858,0.7076400950517858,,,,1.0
29,water_hl_gap_eV,189,1.0,0.0,0.7076400950517858,0.7076400950517858,,,,1.0
29,water_hl_gap_eV,190,1.0,0.0,0.7076400950517858,0.7076400950517858,,,,1.0
29,water_hl_gap_eV,191,1.0,0.0,0.7076400950517858,0.7076400950517858,,,,1.0
29,water_hl_gap_eV,192,1.0,0.0,0.7076400950517858,0.7076400950517858,,,,1.0
29,water_hl_gap_eV,193,1.0,0.0,0.7076400950517858,0.7076400950517858,,,,1.0
29,water_hl_gap_eV,194,1.0,0.0,0.7076400950517858,0.7076400950517858,,,,1.0
29,water_hl_gap_eV,195,1.0,0.0,0.7076400950517858,0.7076400950517858,,,,1.0
29,water_hl_gap_eV,196,1.0,0.0,0.7076400950517858,0.7076400950517858,,,,1.0
29,water_hl_gap_eV,197,1.0,0.0,0.7076400950517858,0.7076400950517858,,,,1.0
29,water_hl_gap_eV,198,1.0,0.0,0.7076400950517858,0.7076400950517858,,,,1.0
29,water_hl_gap_eV,199,1.0,0.0,0.7076400950517858,0.7076400950517858,,,,1.0
29,water_hl_gap_eV,200,1.0,0.0,0.7076400950517858,0.7076400950517858,,,,1.0
29,water_hl_gap_eV,201,1.0,0.0,0.7076400950517858,0.7076400950517858,,,,1.0
29,water_hl_gap_eV,202,1.0,0.0,0.7076400950517858,0.7076400950517858,,,,1.0
29,water_hl_gap_eV,203,1.0,0.0,0.7076400950517858,0.7076400950517858,,,,1.0
29,water_hl_gap_eV,204,1.0,0.0,0.7076400950517858,0.7076400950517858,,,,1.0
29,water_hl_gap_eV,205,1.0,0.0,0.7076400950517858,0.7076400950517858,,,,1.0
29,water_hl_gap_eV,206,1.0,0.0,0.7076400950517858,0.7076400950517858,,,,1.0
29,water_hl_gap_eV,207,1.0,0.0,0.7076400950517858,0.7076400950517858,,,,1.0
29,water_hl_gap_eV,208,1.0,0.0,0.7076400950517858,0.7076400950517858,,,,1.0
29,water_hl_gap_eV,209,1.0,0.0,0.7076400950517858,0.7076400950517858,,,,1.0
29,water_hl_gap_eV,210,1.0,0.0,0.7076400950517858,0.7076400950517858,,,,1.0
29,water_hl_gap_eV,211,1.0,0.0,0.7076400950517858,0.7076400950517858,,,,1.0
29,water_hl_gap_eV,212,1.0,0.0,0.7076400950517858,0.7076400950517858,,,,1.0
29,water_hl_gap_eV,213,1.0,0.0,0.7076400950517858,0.7076400950517858,,,,1.0
29,water_hl_gap_eV,214,1.0,0.0,0.7076400950517858,0.7076400950517858,,,,1.0
29,water_hl_gap_eV,215,1.0,0.0,0.7076400950517858,0.7076400950517858,,,,1.0
29,water_hl_gap_eV,216,1.0,0.0,0.7076400950517858,0.7076400950517858,,,,1.0
29,water_hl_gap_eV,217,1.0,0.0,0.7076400950517858,0.7076400950517858,,,,1.0
29,water_hl_gap_eV,218,1.0,0.0,0.7076400950517858,0.7076400950517858,,,,1.0
29,water_hl_gap_eV,219,1.0,0.0,0.7076400950517858,0.7076400950517858,,,,1.0
29,water_hl_gap_eV,220,1.0,0.0,0.7076400950517858,0.7076400950517858,,,,1.0
29,water_hl_gap_eV,221,1.0,0.0,0.7076400950517858,0.7076400950517858,,,,1.0
29,water_hl_gap_eV,222,1.0,0.0,0.7076400950517858,0.7076400950517858,,,,1.0
29,water_hl_gap_eV,223,1.0,0.0,0.7076400950517858,0.7076400950517858,,,,1.0
29,water_hl_gap_eV,224,1.0,0.0,0.7076400950517858,0.7076400950517858,,,,1.0
29,water_hl_gap_eV,225,1.0,0.0,0.7076400950517858,0.7076400950517858,,,,1.0
29,water_hl_gap_eV,226,1.0,0.0,0.7076400950517858,0.7076400950517858,,,,1.0
29,water_hl_gap_eV,227,1.0,0.0,0.7076400950517858,0.7076400950517858,,,,1.0
29,water_hl_gap_eV,228,1.0,0.0,0.7076400950517858,0.7076400950517858,,,,1.0
29,water_hl_gap_eV,229,1.0,0.0,0.7076400950517858,0.7076400950517858,,,,1.0
29,water_hl_gap_eV,230,1.0,0.0,0.7076400950517858,0.7076400950517858,,,,1.0
29,water_hl_gap_eV,231,1.0,0.0,0.7076400950517858,0.7076400950517858,,,,1.0
29,water_hl_gap_eV,232,1.0,0.0,0.7076400950517858,0.7076400950517858,,,,1.0
29,water_hl_gap_eV,233,1.0,0.0,0.7076400950517858,0.7076400950517858,,,,1.0
29,water_hl_gap_eV,234,1.0,0.0,0.7076400950517858,0.7076400950517858,,,,1.0
29,water_hl_gap_eV,235,1.0,0.0,0.7076400950517858,0.7076400950517858,,,,1.0
29,water_hl_gap_eV,236,1.0,0.0,0.7076400950517858,0.7076400950517858,,,,1.0
29,water_hl_gap_eV,237,1.0,0.0,0.7076400950517858,0.7076400950517858,,,,1.0
29,water_hl_gap_eV,238,1.0,0.0,0.7076400950517858,0.7076400950517858,,,,1.0
29,water_hl_gap_eV,239,1.0,0.0,0.7076400950517858,0.7076400950517858,,,,1.0
29,water_hl_gap_eV,240,1.0,0.0,0.7076400950517858,0.7076400950517858,,,,1.0
29,water_hl_gap_eV,241,1.0,0.0,0.7076400950517858,0.7076400950517858,,,,1.0
29,water_hl_gap_eV,242,1.0,0.0,0.7076400950517858,0.7076400950517858,,,,1.0
29,water_hl_gap_eV,243,1.0,0.0,0.7076400950517858,0.7076400950517858,,,,1.0
29,water_hl_gap_eV,244,1.0,0.0,0.7076400950517858,0.7076400950517858,,,,1.0
29,water_hl_gap_eV,245,1.0,0.0,0.7076400950517858,0.7076400950517858,,,,1.0
29,water_hl_gap_eV,246,1.0,0.0,0.7076400950517858,0.7076400950517858,,,,1.0
29,water_hl_gap_eV,247,1.0,0.0,0.7076400950517858,0.7076400950517858,,,,1.0
29,water_hl_gap_eV,248,1.0,0.0,0.7076400950517858,0.7076400950517858,,,,1.0
29,water_hl_gap_eV,249,1.0,0.0,0.7076400950517858,0.7076400950517858,,,,1.0
29,water_dipole,0,1.0,0.0,0.6110181699475232,0.6110181699475232,,,,1.0
29,water_dipole,1,1.0,0.0,0.6110181699475232,0.6110181699475232,,,,1.0
29,water_dipole,2,1.0,0.0,0.6110181699475232,0.6110181699475232,,,,1.0
29,water_dipole,3,1.0,0.0,0.6110181699475232,0.6110181699475232,,,,1.0
29,water_dipole,4,1.0,0.0,0.6110181699475232,0.6110181699475232,,,,1.0
29,water_dipole,5,1.0,0.0,0.6110181699475232,0.6110181699475232,,,,1.0
29,water_dipole,6,1.0,0.0,0.6110181699475232,0.6110181699475232,,,,1.0
29,water_dipole,7,1.0,0.0,0.6110181699475232,0.6110181699475232,,,,1.0
29,water_dipole,8,1.0,0.0,0.6110181699475232,0.6110181699475232,,,,1.0
29,water_dipole,9,1.0,0.0,0.6110181699475232,0.6110181699475232,,,,1.0
29,water_dipole,10,1.0,0.0,0.6110181699475232,0.6110181699475232,,,,1.0
29,water_dipole,11,1.0,0.0,0.6110181699475232,0.6110181699475232,,,,1.0
29,water_dipole,12,1.0,0.0,0.6110181699475232,0.6110181699475232,,,,1.0
29,water_dipole,13,1.0,0.0,0.6110181699475232,0.6110181699475232,,,,1.0
29,water_dipole,14,1.0,0.0,0.6110181699475232,0.6110181699475232,,,,1.0
29,water_dipole,15,1.0,0.0,0.6110181699475232,0.6110181699475232,,,,1.0
29,water_dipole,16,1.0,0.0,0.6110181699475232,0.6110181699475232,,,,1.0
29,water_dipole,17,1.0,0.0,0.6110181699475232,0.6110181699475232,,,,1.0
29,water_dipole,18,1.0,0.0,0.6110181699475232,0.6110181699475232,,,,1.0
29,water_dipole,19,1.0,0.0,0.6110181699475232,0.6110181699475232,,,,1.0
29,water_dipole,20,1.0,0.0,0.6110181699475232,0.6110181699475232,,,,1.0
29,water_dipole,21,1.0,0.0,0.6110181699475232,0.6110181699475232,,,,1.0
29,water_dipole,22,1.0,0.0,0.6110181699475232,0.6110181699475232,,,,1.0
29,water_dipole,23,1.0,0.0,0.6110181699475232,0.6110181699475232,,,,1.0
29,water_dipole,24,1.0,0.0,0.6110181699475232,0.6110181699475232,,,,1.0
29,water_dipole,25,1.0,0.0,0.6110181699475232,0.6110181699475232,,,,1.0
29,water_dipole,26,1.0,0.0,0.6110181699475232,0.6110181699475232,,,,1.0
29,water_dipole,27,1.0,0.0,0.6110181699475232,0.6110181699475232,,,,1.0
29,water_dipole,28,1.0,0.0,0.6110181699475232,0.6110181699475232,,,,1.0
29,water_dipole,29,1.0,0.0,0.6110181699475232,0.6110181699475232,,,,1.0
29,water_dipole,30,1.0,0.0,0.6110181699475232,0.6110181699475232,,,,1.0
29,water_dipole,31,1.0,0.0,0.6110181699475232,0.6110181699475232,,,,1.0
29,water_dipole,32,1.0,0.0,0.6110181699475232,0.6110181699475232,,,,1.0
29,water_dipole,33,1.0,0.0,0.6110181699475232,0.6110181699475232,,,,1.0
29,water_dipole,34,1.0,0.0,0.6110181699475232,0.6110181699475232,,,,1.0
29,water_dipole,35,1.0,0.0,0.6110181699475232,0.6110181699475232,,,,1.0
29,water_dipole,36,1.0,0.0,0.6110181699475232,0.6110181699475232,,,,1.0
29,water_dipole,37,1.0,0.0,0.6110181699475232,0.6110181699475232,,,,1.0
29,water_dipole,38,1.0,0.0,0.6110181699475232,0.6110181699475232,,,,1.0
29,water_dipole,39,1.0,0.0,0.6110181699475232,0.6110181699475232,,,,1.0
29,water_dipole,40,1.0,0.0,0.6110181699475232,0.6110181699475232,,,,1.0
29,water_dipole,41,1.0,0.0,0.6110181699475232,0.6110181699475232,,,,1.0
29,water_dipole,42,1.0,0.0,0.6110181699475232,0.6110181699475232,,,,1.0
29,water_dipole,43,1.0,0.0,0.6110181699475232,0.6110181699475232,,,,1.0
29,water_dipole,44,1.0,0.0,0.6110181699475232,0.6110181699475232,,,,1.0
29,water_dipole,45,1.0,0.0,0.6110181699475232,0.6110181699475232,,,,1.0
29,water_dipole,46,1.0,0.0,0.6110181699475232,0.6110181699475232,,,,1.0
29,water_dipole,47,1.0,0.0,0.6110181699475232,0.6110181699475232,,,,1.0
29,water_dipole,48,1.0,0.0,0.6110181699475232,0.6110181699475232,,,,1.0
29,water_dipole,49,1.0,0.0,0.6110181699475232,0.6110181699475232,,,,1.0
29,water_dipole,50,1.0,0.0,0.6110181699475232,0.6110181699475232,,,,1.0
29,water_dipole,51,1.0,0.0,0.6110181699475232,0.6110181699475232,,,,1.0
29,water_dipole,52,1.0,0.0,0.6110181699475232,0.6110181699475232,,,,1.0
29,water_dipole,53,1.0,0.0,0.6110181699475232,0.6110181699475232,,,,1.0
29,water_dipole,54,1.0,0.0,0.6110181699475232,0.6110181699475232,,,,1.0
29,water_dipole,55,1.0,0.0,0.6110181699475232,0.6110181699475232,,,,1.0
29,water_dipole,56,1.0,0.0,0.6110181699475232,0.6110181699475232,,,,1.0
29,water_dipole,57,1.0,0.0,0.6110181699475232,0.6110181699475232,,,,1.0
29,water_dipole,58,1.0,0.0,0.6110181699475232,0.6110181699475232,,,,1.0
29,water_dipole,59,1.0,0.0,0.6110181699475232,0.6110181699475232,,,,1.0
29,water_dipole,60,1.0,0.0,0.6110181699475232,0.6110181699475232,,,,1.0
29,water_dipole,61,1.0,0.0,0.6110181699475232,0.6110181699475232,,,,1.0
29,water_dipole,62,1.0,0.0,0.6110181699475232,0.6110181699475232,,,,1.0
29,water_dipole,63,1.0,0.0,0.6110181699475232,0.6110181699475232,,,,1.0
29,water_dipole,64,1.0,0.0,0.6110181699475232,0.6110181699475232,,,,1.0
29,water_dipole,65,1.0,0.0,0.6110181699475232,0.6110181699475232,,,,1.0
29,water_dipole,66,1.0,0.0,0.6110181699475232,0.6110181699475232,,,,1.0
29,water_dipole,67,1.0,0.0,0.6110181699475232,0.6110181699475232,,,,1.0
29,water_dipole,68,1.0,0.0,0.6110181699475232,0.6110181699475232,,,,1.0
29,water_dipole,69,1.0,0.0,0.6110181699475232,0.6110181699475232,,,,1.0
29,water_dipole,70,1.0,0.0,0.6110181699475232,0.6110181699475232,,,,1.0
29,water_dipole,71,1.0,0.0,0.6110181699475232,0.6110181699475232,,,,1.0
29,water_dipole,72,1.0,0.0,0.6110181699475232,0.6110181699475232,,,,1.0
29,water_dipole,73,1.0,0.0,0.6110181699475232,0.6110181699475232,,,,1.0
29,water_dipole,74,1.0,0.0,0.6110181699475232,0.6110181699475232,,,,1.0
29,water_dipole,75,1.0,0.0,0.6110181699475232,0.6110181699475232,,,,1.0
29,water_dipole,76,1.0,0.0,0.6110181699475232,0.6110181699475232,,,,1.0
29,water_dipole,77,1.0,0.0,0.6110181699475232,0.6110181699475232,,,,1.0
29,water_dipole,78,1.0,0.0,0.6110181699475232,0.6110181699475232,,,,1.0
29,water_dipole,79,1.0,0.0,0.6110181699475232,0.6110181699475232,,,,1.0
29,water_dipole,80,1.0,0.0,0.6110181699475232,0.6110181699475232,,,,1.0
29,water_dipole,81,1.0,0.0,0.6110181699475232,0.6110181699475232,,,,1.0
29,water_dipole,82,1.0,0.0,0.6110181699475232,0.6110181699475232,,,,1.0
29,water_dipole,83,1.0,0.0,0.6110181699475232,0.6110181699475232,,,,1.0
29,water_dipole,84,1.0,0.0,0.6110181699475232,0.6110181699475232,,,,1.0
29,water_dipole,85,1.0,0.0,0.6110181699475232,0.6110181699475232,,,,1.0
29,water_dipole,86,1.0,0.0,0.6110181699475232,0.6110181699475232,,,,1.0
29,water_dipole,87,1.0,0.0,0.6110181699475232,0.6110181699475232,,,,1.0
29,water_dipole,88,1.0,0.0,0.6110181699475232,0.6110181699475232,,,,1.0
29,water_dipole,89,1.0,0.0,0.6110181699475232,0.6110181699475232,,,,1.0
29,water_dipole,90,1.0,0.0,0.6110181699475232,0.6110181699475232,,,,1.0
29,water_dipole,91,1.0,0.0,0.6110181699475232,0.6110181699475232,,,,1.0
29,water_dipole,92,1.0,0.0,0.6110181699475232,0.6110181699475232,,,,1.0
29,water_dipole,93,1.0,0.0,0.6110181699475232,0.6110181699475232,,,,1.0
29,water_dipole,94,1.0,0.0,0.6110181699475232,0.6110181699475232,,,,1.0
29,water_dipole,95,1.0,0.0,0.6110181699475232,0.6110181699475232,,,,1.0
29,water_dipole,96,1.0,0.0,0.6110181699475232,0.6110181699475232,,,,1.0
29,water_dipole,97,1.0,0.0,0.6110181699475232,0.6110181699475232,,,,1.0
29,water_dipole,98,1.0,0.0,0.6110181699475232,0.6110181699475232,,,,1.0
29,water_dipole,99,1.0,0.0,0.6110181699475232,0.6110181699475232,,,,1.0
29,water_dipole,100,1.0,0.0,0.6110181699475232,0.6110181699475232,,,,1.0
29,water_dipole,101,1.0,0.0,0.6110181699475232,0.6110181699475232,,,,1.0
29,water_dipole,102,1.0,0.0,0.6110181699475232,0.6110181699475232,,,,1.0
29,water_dipole,103,1.0,0.0,0.6110181699475232,0.6110181699475232,,,,1.0
29,water_dipole,104,1.0,0.0,0.6110181699475232,0.6110181699475232,,,,1.0
29,water_dipole,105,1.0,0.0,0.6110181699475232,0.6110181699475232,,,,1.0
29,water_dipole,106,1.0,0.0,0.6110181699475232,0.6110181699475232,,,,1.0
29,water_dipole,107,1.0,0.0,0.6110181699475232,0.6110181699475232,,,,1.0
29,water_dipole,108,1.0,0.0,0.6110181699475232,0.6110181699475232,,,,1.0
29,water_dipole,109,1.0,0.0,0.6110181699475232,0.6110181699475232,,,,1.0
29,water_dipole,110,1.0,0.0,0.6110181699475232,0.6110181699475232,,,,1.0
29,water_dipole,111,1.0,0.0,0.6110181699475232,0.6110181699475232,,,,1.0
29,water_dipole,112,1.0,0.0,0.6110181699475232,0.6110181699475232,,,,1.0
29,water_dipole,113,1.0,0.0,0.6110181699475232,0.6110181699475232,,,,1.0
29,water_dipole,114,1.0,0.0,0.6110181699475232,0.6110181699475232,,,,1.0
29,water_dipole,115,1.0,0.0,0.6110181699475232,0.6110181699475232,,,,1.0
29,water_dipole,116,1.0,0.0,0.6110181699475232,0.6110181699475232,,,,1.0
29,water_dipole,117,1.0,0.0,0.6110181699475232,0.6110181699475232,,,,1.0
29,water_dipole,118,1.0,0.0,0.6110181699475232,0.6110181699475232,,,,1.0
29,water_dipole,119,1.0,0.0,0.6110181699475232,0.6110181699475232,,,,1.0
29,water_dipole,120,1.0,0.0,0.6110181699475232,0.6110181699475232,,,,1.0
29,water_dipole,121,1.0,0.0,0.6110181699475232,0.6110181699475232,,,,1.0
29,water_dipole,122,1.0,0.0,0.6110181699475232,0.6110181699475232,,,,1.0
29,water_dipole,123,1.0,0.0,0.6110181699475232,0.6110181699475232,,,,1.0
29,water_dipole,124,1.0,0.0,0.6110181699475232,0.6110181699475232,,,,1.0
29,water_dipole,125,1.0,0.0,0.6110181699475232,0.6110181699475232,,,,1.0
29,water_dipole,126,1.0,0.0,0.6110181699475232,0.6110181699475232,,,,1.0
29,water_dipole,127,1.0,0.0,0.6110181699475232,0.6110181699475232,,,,1.0
29,water_dipole,128,1.0,0.0,0.6110181699475232,0.6110181699475232,,,,1.0
29,water_dipole,129,1.0,0.0,0.6110181699475232,0.6110181699475232,,,,1.0
29,water_dipole,130,1.0,0.0,0.6110181699475232,0.6110181699475232,,,,1.0
29,water_dipole,131,1.0,0.0,0.6110181699475232,0.6110181699475232,,,,1.0
29,water_dipole,132,1.0,0.0,0.6110181699475232,0.6110181699475232,,,,1.0
29,water_dipole,133,1.0,0.0,0.6110181699475232,0.6110181699475232,,,,1.0
29,water_dipole,134,1.0,0.0,0.6110181699475232,0.6110181699475232,,,,1.0
29,water_dipole,135,1.0,0.0,0.6110181699475232,0.6110181699475232,,,,1.0
29,water_dipole,136,1.0,0.0,0.6110181699475232,0.6110181699475232,,,,1.0
29,water_dipole,137,1.0,0.0,0.6110181699475232,0.6110181699475232,,,,1.0
29,water_dipole,138,1.0,0.0,0.6110181699475232,0.6110181699475232,,,,1.0
29,water_dipole,139,1.0,0.0,0.6110181699475232,0.6110181699475232,,,,1.0
29,water_dipole,140,1.0,0.0,0.6110181699475232,0.6110181699475232,,,,1.0
29,water_dipole,141,1.0,0.0,0.6110181699475232,0.6110181699475232,,,,1.0
29,water_dipole,142,1.0,0.0,0.6110181699475232,0.6110181699475232,,,,1.0
29,water_dipole,143,1.0,0.0,0.6110181699475232,0.6110181699475232,,,,1.0
29,water_dipole,144,1.0,0.0,0.6110181699475232,0.6110181699475232,,,,1.0
29,water_dipole,145,1.0,0.0,0.6110181699475232,0.6110181699475232,,,,1.0
29,water_dipole,146,1.0,0.0,0.6110181699475232,0.6110181699475232,,,,1.0
29,water_dipole,147,1.0,0.0,0.6110181699475232,0.6110181699475232,,,,1.0
29,water_dipole,148,1.0,0.0,0.6110181699475232,0.6110181699475232,,,,1.0
29,water_dipole,149,1.0,0.0,0.6110181699475232,0.6110181699475232,,,,1.0
29,water_dipole,150,1.0,0.0,0.6110181699475232,0.6110181699475232,,,,1.0
29,water_dipole,151,1.0,0.0,0.6110181699475232,0.6110181699475232,,,,1.0
29,water_dipole,152,1.0,0.0,0.6110181699475232,0.6110181699475232,,,,1.0
29,water_dipole,153,1.0,0.0,0.6110181699475232,0.6110181699475232,,,,1.0
29,water_dipole,154,1.0,0.0,0.6110181699475232,0.6110181699475232,,,,1.0
29,water_dipole,155,1.0,0.0,0.6110181699475232,0.6110181699475232,,,,1.0
29,water_dipole,156,1.0,0.0,0.6110181699475232,0.6110181699475232,,,,1.0
29,water_dipole,157,1.0,0.0,0.6110181699475232,0.6110181699475232,,,,1.0
29,water_dipole,158,1.0,0.0,0.6110181699475232,0.6110181699475232,,,,1.0
29,water_dipole,159,1.0,0.0,0.6110181699475232,0.6110181699475232,,,,1.0
29,water_dipole,160,1.0,0.0,0.6110181699475232,0.6110181699475232,,,,1.0
29,water_dipole,161,1.0,0.0,0.6110181699475232,0.6110181699475232,,,,1.0
29,water_dipole,162,1.0,0.0,0.6110181699475232,0.6110181699475232,,,,1.0
29,water_dipole,163,1.0,0.0,0.6110181699475232,0.6110181699475232,,,,1.0
29,water_dipole,164,1.0,0.0,0.6110181699475232,0.6110181699475232,,,,1.0
29,water_dipole,165,1.0,0.0,0.6110181699475232,0.6110181699475232,,,,1.0
29,water_dipole,166,1.0,0.0,0.6110181699475232,0.6110181699475232,,,,1.0
29,water_dipole,167,1.0,0.0,0.6110181699475232,0.6110181699475232,,,,1.0
29,water_dipole,168,1.0,0.0,0.6110181699475232,0.6110181699475232,,,,1.0
29,water_dipole,169,1.0,0.0,0.6110181699475232,0.6110181699475232,,,,1.0
29,water_dipole,170,1.0,0.0,0.6110181699475232,0.6110181699475232,,,,1.0
29,water_dipole,171,1.0,0.0,0.6110181699475232,0.6110181699475232,,,,1.0
29,water_dipole,172,1.0,0.0,0.6110181699475232,0.6110181699475232,,,,1.0
29,water_dipole,173,1.0,0.0,0.6110181699475232,0.6110181699475232,,,,1.0
29,water_dipole,174,1.0,0.0,0.6110181699475232,0.6110181699475232,,,,1.0
29,water_dipole,175,1.0,0.0,0.6110181699475232,0.6110181699475232,,,,1.0
29,water_dipole,176,1.0,0.0,0.6110181699475232,0.6110181699475232,,,,1.0
29,water_dipole,177,1.0,0.0,0.6110181699475232,0.6110181699475232,,,,1.0
29,water_dipole,178,1.0,0.0,0.6110181699475232,0.6110181699475232,,,,1.0
29,water_dipole,179,1.0,0.0,0.6110181699475232,0.6110181699475232,,,,1.0
29,water_dipole,180,1.0,0.0,0.6110181699475232,0.6110181699475232,,,,1.0
29,water_dipole,181,1.0,0.0,0.6110181699475232,0.6110181699475232,,,,1.0
29,water_dipole,182,1.0,0.0,0.6110181699475232,0.6110181699475232,,,,1.0
29,water_dipole,183,1.0,0.0,0.6110181699475232,0.6110181699475232,,,,1.0
29,water_dipole,184,1.0,0.0,0.6110181699475232,0.6110181699475232,,,,1.0
29,water_dipole,185,1.0,0.0,0.6110181699475232,0.6110181699475232,,,,1.0
29,water_dipole,186,1.0,0.0,0.6110181699475232,0.6110181699475232,,,,1.0
29,water_dipole,187,1.0,0.0,0.6110181699475232,0.6110181699475232,,,,1.0
29,water_dipole,188,1.0,0.0,0.6110181699475232,0.6110181699475232,,,,1.0
29,water_dipole,189,1.0,0.0,0.6110181699475232,0.6110181699475232,,,,1.0
29,water_dipole,190,1.0,0.0,0.6110181699475232,0.6110181699475232,,,,1.0
29,water_dipole,191,1.0,0.0,0.6110181699475232,0.6110181699475232,,,,1.0
29,water_dipole,192,1.0,0.0,0.6110181699475232,0.6110181699475232,,,,1.0
29,water_dipole,193,1.0,0.0,0.6110181699475232,0.6110181699475232,,,,1.0
29,water_dipole,194,1.0,0.0,0.6110181699475232,0.6110181699475232,,,,1.0
29,water_dipole,195,1.0,0.0,0.6110181699475232,0.6110181699475232,,,,1.0
29,water_dipole,196,1.0,0.0,0.6110181699475232,0.6110181699475232,,,,1.0
29,water_dipole,197,1.0,0.0,0.6110181699475232,0.6110181699475232,,,,1.0
29,water_dipole,198,1.0,0.0,0.6110181699475232,0.6110181699475232,,,,1.0
29,water_dipole,199,1.0,0.0,0.6110181699475232,0.6110181699475232,,,,1.0
29,water_dipole,200,1.0,0.0,0.6110181699475232,0.6110181699475232,,,,1.0
29,water_dipole,201,1.0,0.0,0.6110181699475232,0.6110181699475232,,,,1.0
29,water_dipole,202,1.0,0.0,0.6110181699475232,0.6110181699475232,,,,1.0
29,water_dipole,203,1.0,0.0,0.6110181699475232,0.6110181699475232,,,,1.0
29,water_dipole,204,1.0,0.0,0.6110181699475232,0.6110181699475232,,,,1.0
29,water_dipole,205,1.0,0.0,0.6110181699475232,0.6110181699475232,,,,1.0
29,water_dipole,206,1.0,0.0,0.6110181699475232,0.6110181699475232,,,,1.0
29,water_dipole,207,1.0,0.0,0.6110181699475232,0.6110181699475232,,,,1.0
29,water_dipole,208,1.0,0.0,0.6110181699475232,0.6110181699475232,,,,1.0
29,water_dipole,209,1.0,0.0,0.6110181699475232,0.6110181699475232,,,,1.0
29,water_dipole,210,1.0,0.0,0.6110181699475232,0.6110181699475232,,,,1.0
29,water_dipole,211,1.0,0.0,0.6110181699475232,0.6110181699475232,,,,1.0
29,water_dipole,212,1.0,0.0,0.6110181699475232,0.6110181699475232,,,,1.0
29,water_dipole,213,1.0,0.0,0.6110181699475232,0.6110181699475232,,,,1.0
29,water_dipole,214,1.0,0.0,0.6110181699475232,0.6110181699475232,,,,1.0
29,water_dipole,215,1.0,0.0,0.6110181699475232,0.6110181699475232,,,,1.0
29,water_dipole,216,1.0,0.0,0.6110181699475232,0.6110181699475232,,,,1.0
29,water_dipole,217,1.0,0.0,0.6110181699475232,0.6110181699475232,,,,1.0
29,water_dipole,218,1.0,0.0,0.6110181699475232,0.6110181699475232,,,,1.0
29,water_dipole,219,1.0,0.0,0.6110181699475232,0.6110181699475232,,,,1.0
29,water_dipole,220,1.0,0.0,0.6110181699475232,0.6110181699475232,,,,1.0
29,water_dipole,221,1.0,0.0,0.6110181699475232,0.6110181699475232,,,,1.0
29,water_dipole,222,1.0,0.0,0.6110181699475232,0.6110181699475232,,,,1.0
29,water_dipole,223,1.0,0.0,0.6110181699475232,0.6110181699475232,,,,1.0
29,water_dipole,224,1.0,0.0,0.6110181699475232,0.6110181699475232,,,,1.0
29,water_dipole,225,1.0,0.0,0.6110181699475232,0.6110181699475232,,,,1.0
29,water_dipole,226,1.0,0.0,0.6110181699475232,0.6110181699475232,,,,1.0
29,water_dipole,227,1.0,0.0,0.6110181699475232,0.6110181699475232,,,,1.0
29,water_dipole,228,1.0,0.0,0.6110181699475232,0.6110181699475232,,,,1.0
29,water_dipole,229,1.0,0.0,0.6110181699475232,0.6110181699475232,,,,1.0
29,water_dipole,230,1.0,0.0,0.6110181699475232,0.6110181699475232,,,,1.0
29,water_dipole,231,1.0,0.0,0.6110181699475232,0.6110181699475232,,,,1.0
29,water_dipole,232,1.0,0.0,0.6110181699475232,0.6110181699475232,,,,1.0
29,water_dipole,233,1.0,0.0,0.6110181699475232,0.6110181699475232,,,,1.0
29,water_dipole,234,1.0,0.0,0.6110181699475232,0.6110181699475232,,,,1.0
29,water_dipole,235,1.0,0.0,0.6110181699475232,0.6110181699475232,,,,1.0
29,water_dipole,236,1.0,0.0,0.6110181699475232,0.6110181699475232,,,,1.0
29,water_dipole,237,1.0,0.0,0.6110181699475232,0.6110181699475232,,,,1.0
29,water_dipole,238,1.0,0.0,0.6110181699475232,0.6110181699475232,,,,1.0
29,water_dipole,239,1.0,0.0,0.6110181699475232,0.6110181699475232,,,,1.0
29,water_dipole,240,1.0,0.0,0.6110181699475232,0.6110181699475232,,,,1.0
29,water_dipole,241,1.0,0.0,0.6110181699475232,0.6110181699475232,,,,1.0
29,water_dipole,242,1.0,0.0,0.6110181699475232,0.6110181699475232,,,,1.0
29,water_dipole,243,1.0,0.0,0.6110181699475232,0.6110181699475232,,,,1.0
29,water_dipole,244,1.0,0.0,0.6110181699475232,0.6110181699475232,,,,1.0
29,water_dipole,245,1.0,0.0,0.6110181699475232,0.6110181699475232,,,,1.0
29,water_dipole,246,1.0,0.0,0.6110181699475232,0.6110181699475232,,,,1.0
29,water_dipole,247,1.0,0.0,0.6110181699475232,0.6110181699475232,,,,1.0
29,water_dipole,248,1.0,0.0,0.6110181699475232,0.6110181699475232,,,,1.0
29,water_dipole,249,1.0,0.0,0.6110181699475232,0.6110181699475232,,,,1.0
29,acetone_gsolv_eV,0,1.0,0.0,0.6460274641819765,0.6460274641819765,,,,1.0
29,acetone_gsolv_eV,1,1.0,0.0,0.6460274641819765,0.6460274641819765,,,,1.0
29,acetone_gsolv_eV,2,1.0,0.0,0.6460274641819765,0.6460274641819765,,,,1.0
29,acetone_gsolv_eV,3,1.0,0.0,0.6460274641819765,0.6460274641819765,,,,1.0
29,acetone_gsolv_eV,4,1.0,0.0,0.6460274641819765,0.6460274641819765,,,,1.0
29,acetone_gsolv_eV,5,1.0,0.0,0.6460274641819765,0.6460274641819765,,,,1.0
29,acetone_gsolv_eV,6,1.0,0.0,0.6460274641819765,0.6460274641819765,,,,1.0
29,acetone_gsolv_eV,7,1.0,0.0,0.6460274641819765,0.6460274641819765,,,,1.0
29,acetone_gsolv_eV,8,1.0,0.0,0.6460274641819765,0.6460274641819765,,,,1.0
29,acetone_gsolv_eV,9,1.0,0.0,0.6460274641819765,0.6460274641819765,,,,1.0
29,acetone_gsolv_eV,10,1.0,0.0,0.6460274641819765,0.6460274641819765,,,,1.0
29,acetone_gsolv_eV,11,1.0,0.0,0.6460274641819765,0.6460274641819765,,,,1.0
29,acetone_gsolv_eV,12,1.0,0.0,0.6460274641819765,0.6460274641819765,,,,1.0
29,acetone_gsolv_eV,13,1.0,0.0,0.6460274641819765,0.6460274641819765,,,,1.0
29,acetone_gsolv_eV,14,1.0,0.0,0.6460274641819765,0.6460274641819765,,,,1.0
29,acetone_gsolv_eV,15,1.0,0.0,0.6460274641819765,0.6460274641819765,,,,1.0
29,acetone_gsolv_eV,16,1.0,0.0,0.6460274641819765,0.6460274641819765,,,,1.0
29,acetone_gsolv_eV,17,1.0,0.0,0.6460274641819765,0.6460274641819765,,,,1.0
29,acetone_gsolv_eV,18,1.0,0.0,0.6460274641819765,0.6460274641819765,,,,1.0
29,acetone_gsolv_eV,19,1.0,0.0,0.6460274641819765,0.6460274641819765,,,,1.0
29,acetone_gsolv_eV,20,1.0,0.0,0.6460274641819765,0.6460274641819765,,,,1.0
29,acetone_gsolv_eV,21,1.0,0.0,0.6460274641819765,0.6460274641819765,,,,1.0
29,acetone_gsolv_eV,22,1.0,0.0,0.6460274641819765,0.6460274641819765,,,,1.0
29,acetone_gsolv_eV,23,1.0,0.0,0.6460274641819765,0.6460274641819765,,,,1.0
29,acetone_gsolv_eV,24,1.0,0.0,0.6460274641819765,0.6460274641819765,,,,1.0
29,acetone_gsolv_eV,25,1.0,0.0,0.6460274641819765,0.6460274641819765,,,,1.0
29,acetone_gsolv_eV,26,1.0,0.0,0.6460274641819765,0.6460274641819765,,,,1.0
29,acetone_gsolv_eV,27,1.0,0.0,0.6460274641819765,0.6460274641819765,,,,1.0
29,acetone_gsolv_eV,28,1.0,0.0,0.6460274641819765,0.6460274641819765,,,,1.0
29,acetone_gsolv_eV,29,1.0,0.0,0.6460274641819765,0.6460274641819765,,,,1.0
29,acetone_gsolv_eV,30,1.0,0.0,0.6460274641819765,0.6460274641819765,,,,1.0
29,acetone_gsolv_eV,31,1.0,0.0,0.6460274641819765,0.6460274641819765,,,,1.0
29,acetone_gsolv_eV,32,1.0,0.0,0.6460274641819765,0.6460274641819765,,,,1.0
29,acetone_gsolv_eV,33,1.0,0.0,0.6460274641819765,0.6460274641819765,,,,1.0
29,acetone_gsolv_eV,34,1.0,0.0,0.6460274641819765,0.6460274641819765,,,,1.0
29,acetone_gsolv_eV,35,1.0,0.0,0.6460274641819765,0.6460274641819765,,,,1.0
29,acetone_gsolv_eV,36,1.0,0.0,0.6460274641819765,0.6460274641819765,,,,1.0
29,acetone_gsolv_eV,37,1.0,0.0,0.6460274641819765,0.6460274641819765,,,,1.0
29,acetone_gsolv_eV,38,1.0,0.0,0.6460274641819765,0.6460274641819765,,,,1.0
29,acetone_gsolv_eV,39,1.0,0.0,0.6460274641819765,0.6460274641819765,,,,1.0
29,acetone_gsolv_eV,40,1.0,0.0,0.6460274641819765,0.6460274641819765,,,,1.0
29,acetone_gsolv_eV,41,1.0,0.0,0.6460274641819765,0.6460274641819765,,,,1.0
29,acetone_gsolv_eV,42,1.0,0.0,0.6460274641819765,0.6460274641819765,,,,1.0
29,acetone_gsolv_eV,43,1.0,0.0,0.6460274641819765,0.6460274641819765,,,,1.0
29,acetone_gsolv_eV,44,1.0,0.0,0.6460274641819765,0.6460274641819765,,,,1.0
29,acetone_gsolv_eV,45,1.0,0.0,0.6460274641819765,0.6460274641819765,,,,1.0
29,acetone_gsolv_eV,46,1.0,0.0,0.6460274641819765,0.6460274641819765,,,,1.0
29,acetone_gsolv_eV,47,1.0,0.0,0.6460274641819765,0.6460274641819765,,,,1.0
29,acetone_gsolv_eV,48,1.0,0.0,0.6460274641819765,0.6460274641819765,,,,1.0
29,acetone_gsolv_eV,49,1.0,0.0,0.6460274641819765,0.6460274641819765,,,,1.0
29,acetone_gsolv_eV,50,1.0,0.0,0.6460274641819765,0.6460274641819765,,,,1.0
29,acetone_gsolv_eV,51,1.0,0.0,0.6460274641819765,0.6460274641819765,,,,1.0
29,acetone_gsolv_eV,52,1.0,0.0,0.6460274641819765,0.6460274641819765,,,,1.0
29,acetone_gsolv_eV,53,1.0,0.0,0.6460274641819765,0.6460274641819765,,,,1.0
29,acetone_gsolv_eV,54,1.0,0.0,0.6460274641819765,0.6460274641819765,,,,1.0
29,acetone_gsolv_eV,55,1.0,0.0,0.6460274641819765,0.6460274641819765,,,,1.0
29,acetone_gsolv_eV,56,1.0,0.0,0.6460274641819765,0.6460274641819765,,,,1.0
29,acetone_gsolv_eV,57,1.0,0.0,0.6460274641819765,0.6460274641819765,,,,1.0
29,acetone_gsolv_eV,58,1.0,0.0,0.6460274641819765,0.6460274641819765,,,,1.0
29,acetone_gsolv_eV,59,1.0,0.0,0.6460274641819765,0.6460274641819765,,,,1.0
29,acetone_gsolv_eV,60,1.0,0.0,0.6460274641819765,0.6460274641819765,,,,1.0
29,acetone_gsolv_eV,61,1.0,0.0,0.6460274641819765,0.6460274641819765,,,,1.0
29,acetone_gsolv_eV,62,1.0,0.0,0.6460274641819765,0.6460274641819765,,,,1.0
29,acetone_gsolv_eV,63,1.0,0.0,0.6460274641819765,0.6460274641819765,,,,1.0
29,acetone_gsolv_eV,64,1.0,0.0,0.6460274641819765,0.6460274641819765,,,,1.0
29,acetone_gsolv_eV,65,1.0,0.0,0.6460274641819765,0.6460274641819765,,,,1.0
29,acetone_gsolv_eV,66,1.0,0.0,0.6460274641819765,0.6460274641819765,,,,1.0
29,acetone_gsolv_eV,67,1.0,0.0,0.6460274641819765,0.6460274641819765,,,,1.0
29,acetone_gsolv_eV,68,1.0,0.0,0.6460274641819765,0.6460274641819765,,,,1.0
29,acetone_gsolv_eV,69,1.0,0.0,0.6460274641819765,0.6460274641819765,,,,1.0
29,acetone_gsolv_eV,70,1.0,0.0,0.6460274641819765,0.6460274641819765,,,,1.0
29,acetone_gsolv_eV,71,1.0,0.0,0.6460274641819765,0.6460274641819765,,,,1.0
29,acetone_gsolv_eV,72,1.0,0.0,0.6460274641819765,0.6460274641819765,,,,1.0
29,acetone_gsolv_eV,73,1.0,0.0,0.6460274641819765,0.6460274641819765,,,,1.0
29,acetone_gsolv_eV,74,1.0,0.0,0.6460274641819765,0.6460274641819765,,,,1.0
29,acetone_gsolv_eV,75,1.0,0.0,0.6460274641819765,0.6460274641819765,,,,1.0
29,acetone_gsolv_eV,76,1.0,0.0,0.6460274641819765,0.6460274641819765,,,,1.0
29,acetone_gsolv_eV,77,1.0,0.0,0.6460274641819765,0.6460274641819765,,,,1.0
29,acetone_gsolv_eV,78,1.0,0.0,0.6460274641819765,0.6460274641819765,,,,1.0
29,acetone_gsolv_eV,79,1.0,0.0,0.6460274641819765,0.6460274641819765,,,,1.0
29,acetone_gsolv_eV,80,1.0,0.0,0.6460274641819765,0.6460274641819765,,,,1.0
29,acetone_gsolv_eV,81,1.0,0.0,0.6460274641819765,0.6460274641819765,,,,1.0
29,acetone_gsolv_eV,82,1.0,0.0,0.6460274641819765,0.6460274641819765,,,,1.0
29,acetone_gsolv_eV,83,1.0,0.0,0.6460274641819765,0.6460274641819765,,,,1.0
29,acetone_gsolv_eV,84,1.0,0.0,0.6460274641819765,0.6460274641819765,,,,1.0
29,acetone_gsolv_eV,85,1.0,0.0,0.6460274641819765,0.6460274641819765,,,,1.0
29,acetone_gsolv_eV,86,1.0,0.0,0.6460274641819765,0.6460274641819765,,,,1.0
29,acetone_gsolv_eV,87,1.0,0.0,0.6460274641819765,0.6460274641819765,,,,1.0
29,acetone_gsolv_eV,88,1.0,0.0,0.6460274641819765,0.6460274641819765,,,,1.0
29,acetone_gsolv_eV,89,1.0,0.0,0.6460274641819765,0.6460274641819765,,,,1.0
29,acetone_gsolv_eV,90,1.0,0.0,0.6460274641819765,0.6460274641819765,,,,1.0
29,acetone_gsolv_eV,91,1.0,0.0,0.6460274641819765,0.6460274641819765,,,,1.0
29,acetone_gsolv_eV,92,1.0,0.0,0.6460274641819765,0.6460274641819765,,,,1.0
29,acetone_gsolv_eV,93,1.0,0.0,0.6460274641819765,0.6460274641819765,,,,1.0
29,acetone_gsolv_eV,94,1.0,0.0,0.6460274641819765,0.6460274641819765,,,,1.0
29,acetone_gsolv_eV,95,1.0,0.0,0.6460274641819765,0.6460274641819765,,,,1.0
29,acetone_gsolv_eV,96,1.0,0.0,0.6460274641819765,0.6460274641819765,,,,1.0
29,acetone_gsolv_eV,97,1.0,0.0,0.6460274641819765,0.6460274641819765,,,,1.0
29,acetone_gsolv_eV,98,1.0,0.0,0.6460274641819765,0.6460274641819765,,,,1.0
29,acetone_gsolv_eV,99,1.0,0.0,0.6460274641819765,0.6460274641819765,,,,1.0
29,acetone_gsolv_eV,100,1.0,0.0,0.6460274641819765,0.6460274641819765,,,,1.0
29,acetone_gsolv_eV,101,1.0,0.0,0.6460274641819765,0.6460274641819765,,,,1.0
29,acetone_gsolv_eV,102,1.0,0.0,0.6460274641819765,0.6460274641819765,,,,1.0
29,acetone_gsolv_eV,103,1.0,0.0,0.6460274641819765,0.6460274641819765,,,,1.0
29,acetone_gsolv_eV,104,1.0,0.0,0.6460274641819765,0.6460274641819765,,,,1.0
29,acetone_gsolv_eV,105,1.0,0.0,0.6460274641819765,0.6460274641819765,,,,1.0
29,acetone_gsolv_eV,106,1.0,0.0,0.6460274641819765,0.6460274641819765,,,,1.0
29,acetone_gsolv_eV,107,1.0,0.0,0.6460274641819765,0.6460274641819765,,,,1.0
29,acetone_gsolv_eV,108,1.0,0.0,0.6460274641819765,0.6460274641819765,,,,1.0
29,acetone_gsolv_eV,109,1.0,0.0,0.6460274641819765,0.6460274641819765,,,,1.0
29,acetone_gsolv_eV,110,1.0,0.0,0.6460274641819765,0.6460274641819765,,,,1.0
29,acetone_gsolv_eV,111,1.0,0.0,0.6460274641819765,0.6460274641819765,,,,1.0
29,acetone_gsolv_eV,112,1.0,0.0,0.6460274641819765,0.6460274641819765,,,,1.0
29,acetone_gsolv_eV,113,1.0,0.0,0.6460274641819765,0.6460274641819765,,,,1.0
29,acetone_gsolv_eV,114,1.0,0.0,0.6460274641819765,0.6460274641819765,,,,1.0
29,acetone_gsolv_eV,115,1.0,0.0,0.6460274641819765,0.6460274641819765,,,,1.0
29,acetone_gsolv_eV,116,1.0,0.0,0.6460274641819765,0.6460274641819765,,,,1.0
29,acetone_gsolv_eV,117,1.0,0.0,0.6460274641819765,0.6460274641819765,,,,1.0
29,acetone_gsolv_eV,118,1.0,0.0,0.6460274641819765,0.6460274641819765,,,,1.0
29,acetone_gsolv_eV,119,1.0,0.0,0.6460274641819765,0.6460274641819765,,,,1.0
29,acetone_gsolv_eV,120,1.0,0.0,0.6460274641819765,0.6460274641819765,,,,1.0
29,acetone_gsolv_eV,121,1.0,0.0,0.6460274641819765,0.6460274641819765,,,,1.0
29,acetone_gsolv_eV,122,1.0,0.0,0.6460274641819765,0.6460274641819765,,,,1.0
29,acetone_gsolv_eV,123,1.0,0.0,0.6460274641819765,0.6460274641819765,,,,1.0
29,acetone_gsolv_eV,124,1.0,0.0,0.6460274641819765,0.6460274641819765,,,,1.0
29,acetone_gsolv_eV,125,1.0,0.0,0.6460274641819765,0.6460274641819765,,,,1.0
29,acetone_gsolv_eV,126,1.0,0.0,0.6460274641819765,0.6460274641819765,,,,1.0
29,acetone_gsolv_eV,127,1.0,0.0,0.6460274641819765,0.6460274641819765,,,,1.0
29,acetone_gsolv_eV,128,1.0,0.0,0.6460274641819765,0.6460274641819765,,,,1.0
29,acetone_gsolv_eV,129,1.0,0.0,0.6460274641819765,0.6460274641819765,,,,1.0
29,acetone_gsolv_eV,130,1.0,0.0,0.6460274641819765,0.6460274641819765,,,,1.0
29,acetone_gsolv_eV,131,1.0,0.0,0.6460274641819765,0.6460274641819765,,,,1.0
29,acetone_gsolv_eV,132,1.0,0.0,0.6460274641819765,0.6460274641819765,,,,1.0
29,acetone_gsolv_eV,133,1.0,0.0,0.6460274641819765,0.6460274641819765,,,,1.0
29,acetone_gsolv_eV,134,1.0,0.0,0.6460274641819765,0.6460274641819765,,,,1.0
29,acetone_gsolv_eV,135,1.0,0.0,0.6460274641819765,0.6460274641819765,,,,1.0
29,acetone_gsolv_eV,136,1.0,0.0,0.6460274641819765,0.6460274641819765,,,,1.0
29,acetone_gsolv_eV,137,1.0,0.0,0.6460274641819765,0.6460274641819765,,,,1.0
29,acetone_gsolv_eV,138,1.0,0.0,0.6460274641819765,0.6460274641819765,,,,1.0
29,acetone_gsolv_eV,139,1.0,0.0,0.6460274641819765,0.6460274641819765,,,,1.0
29,acetone_gsolv_eV,140,1.0,0.0,0.6460274641819765,0.6460274641819765,,,,1.0
29,acetone_gsolv_eV,141,1.0,0.0,0.6460274641819765,0.6460274641819765,,,,1.0
29,acetone_gsolv_eV,142,1.0,0.0,0.6460274641819765,0.6460274641819765,,,,1.0
29,acetone_gsolv_eV,143,1.0,0.0,0.6460274641819765,0.6460274641819765,,,,1.0
29,acetone_gsolv_eV,144,1.0,0.0,0.6460274641819765,0.6460274641819765,,,,1.0
29,acetone_gsolv_eV,145,1.0,0.0,0.6460274641819765,0.6460274641819765,,,,1.0
29,acetone_gsolv_eV,146,1.0,0.0,0.6460274641819765,0.6460274641819765,,,,1.0
29,acetone_gsolv_eV,147,1.0,0.0,0.6460274641819765,0.6460274641819765,,,,1.0
29,acetone_gsolv_eV,148,1.0,0.0,0.6460274641819765,0.6460274641819765,,,,1.0
29,acetone_gsolv_eV,149,1.0,0.0,0.6460274641819765,0.6460274641819765,,,,1.0
29,acetone_gsolv_eV,150,1.0,0.0,0.6460274641819765,0.6460274641819765,,,,1.0
29,acetone_gsolv_eV,151,1.0,0.0,0.6460274641819765,0.6460274641819765,,,,1.0
29,acetone_gsolv_eV,152,1.0,0.0,0.6460274641819765,0.6460274641819765,,,,1.0
29,acetone_gsolv_eV,153,1.0,0.0,0.6460274641819765,0.6460274641819765,,,,1.0
29,acetone_gsolv_eV,154,1.0,0.0,0.6460274641819765,0.6460274641819765,,,,1.0
29,acetone_gsolv_eV,155,1.0,0.0,0.6460274641819765,0.6460274641819765,,,,1.0
29,acetone_gsolv_eV,156,1.0,0.0,0.6460274641819765,0.6460274641819765,,,,1.0
29,acetone_gsolv_eV,157,1.0,0.0,0.6460274641819765,0.6460274641819765,,,,1.0
29,acetone_gsolv_eV,158,1.0,0.0,0.6460274641819765,0.6460274641819765,,,,1.0
29,acetone_gsolv_eV,159,1.0,0.0,0.6460274641819765,0.6460274641819765,,,,1.0
29,acetone_gsolv_eV,160,1.0,0.0,0.6460274641819765,0.6460274641819765,,,,1.0
29,acetone_gsolv_eV,161,1.0,0.0,0.6460274641819765,0.6460274641819765,,,,1.0
29,acetone_gsolv_eV,162,1.0,0.0,0.6460274641819765,0.6460274641819765,,,,1.0
29,acetone_gsolv_eV,163,1.0,0.0,0.6460274641819765,0.6460274641819765,,,,1.0
29,acetone_gsolv_eV,164,1.0,0.0,0.6460274641819765,0.6460274641819765,,,,1.0
29,acetone_gsolv_eV,165,1.0,0.0,0.6460274641819765,0.6460274641819765,,,,1.0
29,acetone_gsolv_eV,166,1.0,0.0,0.6460274641819765,0.6460274641819765,,,,1.0
29,acetone_gsolv_eV,167,1.0,0.0,0.6460274641819765,0.6460274641819765,,,,1.0
29,acetone_gsolv_eV,168,1.0,0.0,0.6460274641819765,0.6460274641819765,,,,1.0
29,acetone_gsolv_eV,169,1.0,0.0,0.6460274641819765,0.6460274641819765,,,,1.0
29,acetone_gsolv_eV,170,1.0,0.0,0.6460274641819765,0.6460274641819765,,,,1.0
29,acetone_gsolv_eV,171,1.0,0.0,0.6460274641819765,0.6460274641819765,,,,1.0
29,acetone_gsolv_eV,172,1.0,0.0,0.6460274641819765,0.6460274641819765,,,,1.0
29,acetone_gsolv_eV,173,1.0,0.0,0.6460274641819765,0.6460274641819765,,,,1.0
29,acetone_gsolv_eV,174,1.0,0.0,0.6460274641819765,0.6460274641819765,,,,1.0
29,acetone_gsolv_eV,175,1.0,0.0,0.6460274641819765,0.6460274641819765,,,,1.0
29,acetone_gsolv_eV,176,1.0,0.0,0.6460274641819765,0.6460274641819765,,,,1.0
29,acetone_gsolv_eV,177,1.0,0.0,0.6460274641819765,0.6460274641819765,,,,1.0
29,acetone_gsolv_eV,178,1.0,0.0,0.6460274641819765,0.6460274641819765,,,,1.0
29,acetone_gsolv_eV,179,1.0,0.0,0.6460274641819765,0.6460274641819765,,,,1.0
29,acetone_gsolv_eV,180,1.0,0.0,0.6460274641819765,0.6460274641819765,,,,1.0
29,acetone_gsolv_eV,181,1.0,0.0,0.6460274641819765,0.6460274641819765,,,,1.0
29,acetone_gsolv_eV,182,1.0,0.0,0.6460274641819765,0.6460274641819765,,,,1.0
29,acetone_gsolv_eV,183,1.0,0.0,0.6460274641819765,0.6460274641819765,,,,1.0
29,acetone_gsolv_eV,184,1.0,0.0,0.6460274641819765,0.6460274641819765,,,,1.0
29,acetone_gsolv_eV,185,1.0,0.0,0.6460274641819765,0.6460274641819765,,,,1.0
29,acetone_gsolv_eV,186,1.0,0.0,0.6460274641819765,0.6460274641819765,,,,1.0
29,acetone_gsolv_eV,187,1.0,0.0,0.6460274641819765,0.6460274641819765,,,,1.0
29,acetone_gsolv_eV,188,1.0,0.0,0.6460274641819765,0.6460274641819765,,,,1.0
29,acetone_gsolv_eV,189,1.0,0.0,0.6460274641819765,0.6460274641819765,,,,1.0
29,acetone_gsolv_eV,190,1.0,0.0,0.6460274641819765,0.6460274641819765,,,,1.0
29,acetone_gsolv_eV,191,1.0,0.0,0.6460274641819765,0.6460274641819765,,,,1.0
29,acetone_gsolv_eV,192,1.0,0.0,0.6460274641819765,0.6460274641819765,,,,1.0
29,acetone_gsolv_eV,193,1.0,0.0,0.6460274641819765,0.6460274641819765,,,,1.0
29,acetone_gsolv_eV,194,1.0,0.0,0.6460274641819765,0.6460274641819765,,,,1.0
29,acetone_gsolv_eV,195,1.0,0.0,0.6460274641819765,0.6460274641819765,,,,1.0
29,acetone_gsolv_eV,196,1.0,0.0,0.6460274641819765,0.6460274641819765,,,,1.0
29,acetone_gsolv_eV,197,1.0,0.0,0.6460274641819765,0.6460274641819765,,,,1.0
29,acetone_gsolv_eV,198,1.0,0.0,0.6460274641819765,0.6460274641819765,,,,1.0
29,acetone_gsolv_eV,199,1.0,0.0,0.6460274641819765,0.6460274641819765,,,,1.0
29,acetone_gsolv_eV,200,1.0,0.0,0.6460274641819765,0.6460274641819765,,,,1.0
29,acetone_gsolv_eV,201,1.0,0.0,0.6460274641819765,0.6460274641819765,,,,1.0
29,acetone_gsolv_eV,202,1.0,0.0,0.6460274641819765,0.6460274641819765,,,,1.0
29,acetone_gsolv_eV,203,1.0,0.0,0.6460274641819765,0.6460274641819765,,,,1.0
29,acetone_gsolv_eV,204,1.0,0.0,0.6460274641819765,0.6460274641819765,,,,1.0
29,acetone_gsolv_eV,205,1.0,0.0,0.6460274641819765,0.6460274641819765,,,,1.0
29,acetone_gsolv_eV,206,1.0,0.0,0.6460274641819765,0.6460274641819765,,,,1.0
29,acetone_gsolv_eV,207,1.0,0.0,0.6460274641819765,0.6460274641819765,,,,1.0
29,acetone_gsolv_eV,208,1.0,0.0,0.6460274641819765,0.6460274641819765,,,,1.0
29,acetone_gsolv_eV,209,1.0,0.0,0.6460274641819765,0.6460274641819765,,,,1.0
29,acetone_gsolv_eV,210,1.0,0.0,0.6460274641819765,0.6460274641819765,,,,1.0
29,acetone_gsolv_eV,211,1.0,0.0,0.6460274641819765,0.6460274641819765,,,,1.0
29,acetone_gsolv_eV,212,1.0,0.0,0.6460274641819765,0.6460274641819765,,,,1.0
29,acetone_gsolv_eV,213,1.0,0.0,0.6460274641819765,0.6460274641819765,,,,1.0
29,acetone_gsolv_eV,214,1.0,0.0,0.6460274641819765,0.6460274641819765,,,,1.0
29,acetone_gsolv_eV,215,1.0,0.0,0.6460274641819765,0.6460274641819765,,,,1.0
29,acetone_gsolv_eV,216,1.0,0.0,0.6460274641819765,0.6460274641819765,,,,1.0
29,acetone_gsolv_eV,217,1.0,0.0,0.6460274641819765,0.6460274641819765,,,,1.0
29,acetone_gsolv_eV,218,1.0,0.0,0.6460274641819765,0.6460274641819765,,,,1.0
29,acetone_gsolv_eV,219,1.0,0.0,0.6460274641819765,0.6460274641819765,,,,1.0
29,acetone_gsolv_eV,220,1.0,0.0,0.6460274641819765,0.6460274641819765,,,,1.0
29,acetone_gsolv_eV,221,1.0,0.0,0.6460274641819765,0.6460274641819765,,,,1.0
29,acetone_gsolv_eV,222,1.0,0.0,0.6460274641819765,0.6460274641819765,,,,1.0
29,acetone_gsolv_eV,223,1.0,0.0,0.6460274641819765,0.6460274641819765,,,,1.0
29,acetone_gsolv_eV,224,1.0,0.0,0.6460274641819765,0.6460274641819765,,,,1.0
29,acetone_gsolv_eV,225,1.0,0.0,0.6460274641819765,0.6460274641819765,,,,1.0
29,acetone_gsolv_eV,226,1.0,0.0,0.6460274641819765,0.6460274641819765,,,,1.0
29,acetone_gsolv_eV,227,1.0,0.0,0.6460274641819765,0.6460274641819765,,,,1.0
29,acetone_gsolv_eV,228,1.0,0.0,0.6460274641819765,0.6460274641819765,,,,1.0
29,acetone_gsolv_eV,229,1.0,0.0,0.6460274641819765,0.6460274641819765,,,,1.0
29,acetone_gsolv_eV,230,1.0,0.0,0.6460274641819765,0.6460274641819765,,,,1.0
29,acetone_gsolv_eV,231,1.0,0.0,0.6460274641819765,0.6460274641819765,,,,1.0
29,acetone_gsolv_eV,232,1.0,0.0,0.6460274641819765,0.6460274641819765,,,,1.0
29,acetone_gsolv_eV,233,1.0,0.0,0.6460274641819765,0.6460274641819765,,,,1.0
29,acetone_gsolv_eV,234,1.0,0.0,0.6460274641819765,0.6460274641819765,,,,1.0
29,acetone_gsolv_eV,235,1.0,0.0,0.6460274641819765,0.6460274641819765,,,,1.0
29,acetone_gsolv_eV,236,1.0,0.0,0.6460274641819765,0.6460274641819765,,,,1.0
29,acetone_gsolv_eV,237,1.0,0.0,0.6460274641819765,0.6460274641819765,,,,1.0
29,acetone_gsolv_eV,238,1.0,0.0,0.6460274641819765,0.6460274641819765,,,,1.0
29,acetone_gsolv_eV,239,1.0,0.0,0.6460274641819765,0.6460274641819765,,,,1.0
29,acetone_gsolv_eV,240,1.0,0.0,0.6460274641819765,0.6460274641819765,,,,1.0
29,acetone_gsolv_eV,241,1.0,0.0,0.6460274641819765,0.6460274641819765,,,,1.0
29,acetone_gsolv_eV,242,1.0,0.0,0.6460274641819765,0.6460274641819765,,,,1.0
29,acetone_gsolv_eV,243,1.0,0.0,0.6460274641819765,0.6460274641819765,,,,1.0
29,acetone_gsolv_eV,244,1.0,0.0,0.6460274641819765,0.6460274641819765,,,,1.0
29,acetone_gsolv_eV,245,1.0,0.0,0.6460274641819765,0.6460274641819765,,,,1.0
29,acetone_gsolv_eV,246,1.0,0.0,0.6460274641819765,0.6460274641819765,,,,1.0
29,acetone_gsolv_eV,247,1.0,0.0,0.6460274641819765,0.6460274641819765,,,,1.0
29,acetone_gsolv_eV,248,1.0,0.0,0.6460274641819765,0.6460274641819765,,,,1.0
29,acetone_gsolv_eV,249,1.0,0.0,0.6460274641819765,0.6460274641819765,,,,1.0
29,acetone_hl_gap_eV,0,0.9999999403953552,0.0,0.7088973446617379,0.7088973446617379,,,,1.0
29,acetone_hl_gap_eV,1,0.9999999403953552,0.0,0.7088973446617379,0.7088973446617379,,,,1.0
29,acetone_hl_gap_eV,2,0.9999999403953552,0.0,0.7088973446617379,0.7088973446617379,,,,1.0
29,acetone_hl_gap_eV,3,0.9999999403953552,0.0,0.7088973446617379,0.7088973446617379,,,,1.0
29,acetone_hl_gap_eV,4,0.9999999403953552,0.0,0.7088973446617379,0.7088973446617379,,,,1.0
29,acetone_hl_gap_eV,5,0.9999999403953552,0.0,0.7088973446617379,0.7088973446617379,,,,1.0
29,acetone_hl_gap_eV,6,0.9999999403953552,0.0,0.7088973446617379,0.7088973446617379,,,,1.0
29,acetone_hl_gap_eV,7,0.9999999403953552,0.0,0.7088973446617379,0.7088973446617379,,,,1.0
29,acetone_hl_gap_eV,8,0.9999999403953552,0.0,0.7088973446617379,0.7088973446617379,,,,1.0
29,acetone_hl_gap_eV,9,0.9999999403953552,0.0,0.7088973446617379,0.7088973446617379,,,,1.0
29,acetone_hl_gap_eV,10,0.9999999403953552,0.0,0.7088973446617379,0.7088973446617379,,,,1.0
29,acetone_hl_gap_eV,11,0.9999999403953552,0.0,0.7088973446617379,0.7088973446617379,,,,1.0
29,acetone_hl_gap_eV,12,0.9999999403953552,0.0,0.7088973446617379,0.7088973446617379,,,,1.0
29,acetone_hl_gap_eV,13,0.9999999403953552,0.0,0.7088973446617379,0.7088973446617379,,,,1.0
29,acetone_hl_gap_eV,14,0.9999999403953552,0.0,0.7088973446617379,0.7088973446617379,,,,1.0
29,acetone_hl_gap_eV,15,0.9999999403953552,0.0,0.7088973446617379,0.7088973446617379,,,,1.0
29,acetone_hl_gap_eV,16,0.9999999403953552,0.0,0.7088973446617379,0.7088973446617379,,,,1.0
29,acetone_hl_gap_eV,17,0.9999999403953552,0.0,0.7088973446617379,0.7088973446617379,,,,1.0
29,acetone_hl_gap_eV,18,0.9999999403953552,0.0,0.7088973446617379,0.7088973446617379,,,,1.0
29,acetone_hl_gap_eV,19,0.9999999403953552,0.0,0.7088973446617379,0.7088973446617379,,,,1.0
29,acetone_hl_gap_eV,20,0.9999999403953552,0.0,0.7088973446617379,0.7088973446617379,,,,1.0
29,acetone_hl_gap_eV,21,0.9999999403953552,0.0,0.7088973446617379,0.7088973446617379,,,,1.0
29,acetone_hl_gap_eV,22,0.9999999403953552,0.0,0.7088973446617379,0.7088973446617379,,,,1.0
29,acetone_hl_gap_eV,23,0.9999999403953552,0.0,0.7088973446617379,0.7088973446617379,,,,1.0
29,acetone_hl_gap_eV,24,0.9999999403953552,0.0,0.7088973446617379,0.7088973446617379,,,,1.0
29,acetone_hl_gap_eV,25,0.9999999403953552,0.0,0.7088973446617379,0.7088973446617379,,,,1.0
29,acetone_hl_gap_eV,26,0.9999999403953552,0.0,0.7088973446617379,0.7088973446617379,,,,1.0
29,acetone_hl_gap_eV,27,0.9999999403953552,0.0,0.7088973446617379,0.7088973446617379,,,,1.0
29,acetone_hl_gap_eV,28,0.9999999403953552,0.0,0.7088973446617379,0.7088973446617379,,,,1.0
29,acetone_hl_gap_eV,29,0.9999999403953552,0.0,0.7088973446617379,0.7088973446617379,,,,1.0
29,acetone_hl_gap_eV,30,0.9999999403953552,0.0,0.7088973446617379,0.7088973446617379,,,,1.0
29,acetone_hl_gap_eV,31,0.9999999403953552,0.0,0.7088973446617379,0.7088973446617379,,,,1.0
29,acetone_hl_gap_eV,32,0.9999999403953552,0.0,0.7088973446617379,0.7088973446617379,,,,1.0
29,acetone_hl_gap_eV,33,0.9999999403953552,0.0,0.7088973446617379,0.7088973446617379,,,,1.0
29,acetone_hl_gap_eV,34,0.9999999403953552,0.0,0.7088973446617379,0.7088973446617379,,,,1.0
29,acetone_hl_gap_eV,35,0.9999999403953552,0.0,0.7088973446617379,0.7088973446617379,,,,1.0
29,acetone_hl_gap_eV,36,0.9999999403953552,0.0,0.7088973446617379,0.7088973446617379,,,,1.0
29,acetone_hl_gap_eV,37,0.9999999403953552,0.0,0.7088973446617379,0.7088973446617379,,,,1.0
29,acetone_hl_gap_eV,38,0.9999999403953552,0.0,0.7088973446617379,0.7088973446617379,,,,1.0
29,acetone_hl_gap_eV,39,0.9999999403953552,0.0,0.7088973446617379,0.7088973446617379,,,,1.0
29,acetone_hl_gap_eV,40,0.9999999403953552,0.0,0.7088973446617379,0.7088973446617379,,,,1.0
29,acetone_hl_gap_eV,41,0.9999999403953552,0.0,0.7088973446617379,0.7088973446617379,,,,1.0
29,acetone_hl_gap_eV,42,0.9999999403953552,0.0,0.7088973446617379,0.7088973446617379,,,,1.0
29,acetone_hl_gap_eV,43,0.9999999403953552,0.0,0.7088973446617379,0.7088973446617379,,,,1.0
29,acetone_hl_gap_eV,44,0.9999999403953552,0.0,0.7088973446617379,0.7088973446617379,,,,1.0
29,acetone_hl_gap_eV,45,0.9999999403953552,0.0,0.7088973446617379,0.7088973446617379,,,,1.0
29,acetone_hl_gap_eV,46,0.9999999403953552,0.0,0.7088973446617379,0.7088973446617379,,,,1.0
29,acetone_hl_gap_eV,47,0.9999999403953552,0.0,0.7088973446617379,0.7088973446617379,,,,1.0
29,acetone_hl_gap_eV,48,0.9999999403953552,0.0,0.7088973446617379,0.7088973446617379,,,,1.0
29,acetone_hl_gap_eV,49,0.9999999403953552,0.0,0.7088973446617379,0.7088973446617379,,,,1.0
29,acetone_hl_gap_eV,50,0.9999999403953552,0.0,0.7088973446617379,0.7088973446617379,,,,1.0
29,acetone_hl_gap_eV,51,0.9999999403953552,0.0,0.7088973446617379,0.7088973446617379,,,,1.0
29,acetone_hl_gap_eV,52,0.9999999403953552,0.0,0.7088973446617379,0.7088973446617379,,,,1.0
29,acetone_hl_gap_eV,53,0.9999999403953552,0.0,0.7088973446617379,0.7088973446617379,,,,1.0
29,acetone_hl_gap_eV,54,0.9999999403953552,0.0,0.7088973446617379,0.7088973446617379,,,,1.0
29,acetone_hl_gap_eV,55,0.9999999403953552,0.0,0.7088973446617379,0.7088973446617379,,,,1.0
29,acetone_hl_gap_eV,56,0.9999999403953552,0.0,0.7088973446617379,0.7088973446617379,,,,1.0
29,acetone_hl_gap_eV,57,0.9999999403953552,0.0,0.7088973446617379,0.7088973446617379,,,,1.0
29,acetone_hl_gap_eV,58,0.9999999403953552,0.0,0.7088973446617379,0.7088973446617379,,,,1.0
29,acetone_hl_gap_eV,59,0.9999999403953552,0.0,0.7088973446617379,0.7088973446617379,,,,1.0
29,acetone_hl_gap_eV,60,0.9999999403953552,0.0,0.7088973446617379,0.7088973446617379,,,,1.0
29,acetone_hl_gap_eV,61,0.9999999403953552,0.0,0.7088973446617379,0.7088973446617379,,,,1.0
29,acetone_hl_gap_eV,62,0.9999999403953552,0.0,0.7088973446617379,0.7088973446617379,,,,1.0
29,acetone_hl_gap_eV,63,0.9999999403953552,0.0,0.7088973446617379,0.7088973446617379,,,,1.0
29,acetone_hl_gap_eV,64,0.9999999403953552,0.0,0.7088973446617379,0.7088973446617379,,,,1.0
29,acetone_hl_gap_eV,65,0.9999999403953552,0.0,0.7088973446617379,0.7088973446617379,,,,1.0
29,acetone_hl_gap_eV,66,0.9999999403953552,0.0,0.7088973446617379,0.7088973446617379,,,,1.0
29,acetone_hl_gap_eV,67,0.9999999403953552,0.0,0.7088973446617379,0.7088973446617379,,,,1.0
29,acetone_hl_gap_eV,68,0.9999999403953552,0.0,0.7088973446617379,0.7088973446617379,,,,1.0
29,acetone_hl_gap_eV,69,0.9999999403953552,0.0,0.7088973446617379,0.7088973446617379,,,,1.0
29,acetone_hl_gap_eV,70,0.9999999403953552,0.0,0.7088973446617379,0.7088973446617379,,,,1.0
29,acetone_hl_gap_eV,71,0.9999999403953552,0.0,0.7088973446617379,0.7088973446617379,,,,1.0
29,acetone_hl_gap_eV,72,0.9999999403953552,0.0,0.7088973446617379,0.7088973446617379,,,,1.0
29,acetone_hl_gap_eV,73,0.9999999403953552,0.0,0.7088973446617379,0.7088973446617379,,,,1.0
29,acetone_hl_gap_eV,74,0.9999999403953552,0.0,0.7088973446617379,0.7088973446617379,,,,1.0
29,acetone_hl_gap_eV,75,0.9999999403953552,0.0,0.7088973446617379,0.7088973446617379,,,,1.0
29,acetone_hl_gap_eV,76,0.9999999403953552,0.0,0.7088973446617379,0.7088973446617379,,,,1.0
29,acetone_hl_gap_eV,77,0.9999999403953552,0.0,0.7088973446617379,0.7088973446617379,,,,1.0
29,acetone_hl_gap_eV,78,0.9999999403953552,0.0,0.7088973446617379,0.7088973446617379,,,,1.0
29,acetone_hl_gap_eV,79,0.9999999403953552,0.0,0.7088973446617379,0.7088973446617379,,,,1.0
29,acetone_hl_gap_eV,80,0.9999999403953552,0.0,0.7088973446617379,0.7088973446617379,,,,1.0
29,acetone_hl_gap_eV,81,0.9999999403953552,0.0,0.7088973446617379,0.7088973446617379,,,,1.0
29,acetone_hl_gap_eV,82,0.9999999403953552,0.0,0.7088973446617379,0.7088973446617379,,,,1.0
29,acetone_hl_gap_eV,83,0.9999999403953552,0.0,0.7088973446617379,0.7088973446617379,,,,1.0
29,acetone_hl_gap_eV,84,0.9999999403953552,0.0,0.7088973446617379,0.7088973446617379,,,,1.0
29,acetone_hl_gap_eV,85,0.9999999403953552,0.0,0.7088973446617379,0.7088973446617379,,,,1.0
29,acetone_hl_gap_eV,86,0.9999999403953552,0.0,0.7088973446617379,0.7088973446617379,,,,1.0
29,acetone_hl_gap_eV,87,0.9999999403953552,0.0,0.7088973446617379,0.7088973446617379,,,,1.0
29,acetone_hl_gap_eV,88,0.9999999403953552,0.0,0.7088973446617379,0.7088973446617379,,,,1.0
29,acetone_hl_gap_eV,89,0.9999999403953552,0.0,0.7088973446617379,0.7088973446617379,,,,1.0
29,acetone_hl_gap_eV,90,0.9999999403953552,0.0,0.7088973446617379,0.7088973446617379,,,,1.0
29,acetone_hl_gap_eV,91,0.9999999403953552,0.0,0.7088973446617379,0.7088973446617379,,,,1.0
29,acetone_hl_gap_eV,92,0.9999999403953552,0.0,0.7088973446617379,0.7088973446617379,,,,1.0
29,acetone_hl_gap_eV,93,0.9999999403953552,0.0,0.7088973446617379,0.7088973446617379,,,,1.0
29,acetone_hl_gap_eV,94,0.9999999403953552,0.0,0.7088973446617379,0.7088973446617379,,,,1.0
29,acetone_hl_gap_eV,95,0.9999999403953552,0.0,0.7088973446617379,0.7088973446617379,,,,1.0
29,acetone_hl_gap_eV,96,0.9999999403953552,0.0,0.7088973446617379,0.7088973446617379,,,,1.0
29,acetone_hl_gap_eV,97,0.9999999403953552,0.0,0.7088973446617379,0.7088973446617379,,,,1.0
29,acetone_hl_gap_eV,98,0.9999999403953552,0.0,0.7088973446617379,0.7088973446617379,,,,1.0
29,acetone_hl_gap_eV,99,0.9999999403953552,0.0,0.7088973446617379,0.7088973446617379,,,,1.0
29,acetone_hl_gap_eV,100,0.9999999403953552,0.0,0.7088973446617379,0.7088973446617379,,,,1.0
29,acetone_hl_gap_eV,101,0.9999999403953552,0.0,0.7088973446617379,0.7088973446617379,,,,1.0
29,acetone_hl_gap_eV,102,0.9999999403953552,0.0,0.7088973446617379,0.7088973446617379,,,,1.0
29,acetone_hl_gap_eV,103,0.9999999403953552,0.0,0.7088973446617379,0.7088973446617379,,,,1.0
29,acetone_hl_gap_eV,104,0.9999999403953552,0.0,0.7088973446617379,0.7088973446617379,,,,1.0
29,acetone_hl_gap_eV,105,0.9999999403953552,0.0,0.7088973446617379,0.7088973446617379,,,,1.0
29,acetone_hl_gap_eV,106,0.9999999403953552,0.0,0.7088973446617379,0.7088973446617379,,,,1.0
29,acetone_hl_gap_eV,107,0.9999999403953552,0.0,0.7088973446617379,0.7088973446617379,,,,1.0
29,acetone_hl_gap_eV,108,0.9999999403953552,0.0,0.7088973446617379,0.7088973446617379,,,,1.0
29,acetone_hl_gap_eV,109,0.9999999403953552,0.0,0.7088973446617379,0.7088973446617379,,,,1.0
29,acetone_hl_gap_eV,110,0.9999999403953552,0.0,0.7088973446617379,0.7088973446617379,,,,1.0
29,acetone_hl_gap_eV,111,0.9999999403953552,0.0,0.7088973446617379,0.7088973446617379,,,,1.0
29,acetone_hl_gap_eV,112,0.9999999403953552,0.0,0.7088973446617379,0.7088973446617379,,,,1.0
29,acetone_hl_gap_eV,113,0.9999999403953552,0.0,0.7088973446617379,0.7088973446617379,,,,1.0
29,acetone_hl_gap_eV,114,0.9999999403953552,0.0,0.7088973446617379,0.7088973446617379,,,,1.0
29,acetone_hl_gap_eV,115,0.9999999403953552,0.0,0.7088973446617379,0.7088973446617379,,,,1.0
29,acetone_hl_gap_eV,116,0.9999999403953552,0.0,0.7088973446617379,0.7088973446617379,,,,1.0
29,acetone_hl_gap_eV,117,0.9999999403953552,0.0,0.7088973446617379,0.7088973446617379,,,,1.0
29,acetone_hl_gap_eV,118,0.9999999403953552,0.0,0.7088973446617379,0.7088973446617379,,,,1.0
29,acetone_hl_gap_eV,119,0.9999999403953552,0.0,0.7088973446617379,0.7088973446617379,,,,1.0
29,acetone_hl_gap_eV,120,0.9999999403953552,0.0,0.7088973446617379,0.7088973446617379,,,,1.0
29,acetone_hl_gap_eV,121,0.9999999403953552,0.0,0.7088973446617379,0.7088973446617379,,,,1.0
29,acetone_hl_gap_eV,122,0.9999999403953552,0.0,0.7088973446617379,0.7088973446617379,,,,1.0
29,acetone_hl_gap_eV,123,0.9999999403953552,0.0,0.7088973446617379,0.7088973446617379,,,,1.0
29,acetone_hl_gap_eV,124,0.9999999403953552,0.0,0.7088973446617379,0.7088973446617379,,,,1.0
29,acetone_hl_gap_eV,125,0.9999999403953552,0.0,0.7088973446617379,0.7088973446617379,,,,1.0
29,acetone_hl_gap_eV,126,0.9999999403953552,0.0,0.7088973446617379,0.7088973446617379,,,,1.0
29,acetone_hl_gap_eV,127,0.9999999403953552,0.0,0.7088973446617379,0.7088973446617379,,,,1.0
29,acetone_hl_gap_eV,128,0.9999999403953552,0.0,0.7088973446617379,0.7088973446617379,,,,1.0
29,acetone_hl_gap_eV,129,0.9999999403953552,0.0,0.7088973446617379,0.7088973446617379,,,,1.0
29,acetone_hl_gap_eV,130,0.9999999403953552,0.0,0.7088973446617379,0.7088973446617379,,,,1.0
29,acetone_hl_gap_eV,131,0.9999999403953552,0.0,0.7088973446617379,0.7088973446617379,,,,1.0
29,acetone_hl_gap_eV,132,0.9999999403953552,0.0,0.7088973446617379,0.7088973446617379,,,,1.0
29,acetone_hl_gap_eV,133,0.9999999403953552,0.0,0.7088973446617379,0.7088973446617379,,,,1.0
29,acetone_hl_gap_eV,134,0.9999999403953552,0.0,0.7088973446617379,0.7088973446617379,,,,1.0
29,acetone_hl_gap_eV,135,0.9999999403953552,0.0,0.7088973446617379,0.7088973446617379,,,,1.0
29,acetone_hl_gap_eV,136,0.9999999403953552,0.0,0.7088973446617379,0.7088973446617379,,,,1.0
29,acetone_hl_gap_eV,137,0.9999999403953552,0.0,0.7088973446617379,0.7088973446617379,,,,1.0
29,acetone_hl_gap_eV,138,0.9999999403953552,0.0,0.7088973446617379,0.7088973446617379,,,,1.0
29,acetone_hl_gap_eV,139,0.9999999403953552,0.0,0.7088973446617379,0.7088973446617379,,,,1.0
29,acetone_hl_gap_eV,140,0.9999999403953552,0.0,0.7088973446617379,0.7088973446617379,,,,1.0
29,acetone_hl_gap_eV,141,0.9999999403953552,0.0,0.7088973446617379,0.7088973446617379,,,,1.0
29,acetone_hl_gap_eV,142,0.9999999403953552,0.0,0.7088973446617379,0.7088973446617379,,,,1.0
29,acetone_hl_gap_eV,143,0.9999999403953552,0.0,0.7088973446617379,0.7088973446617379,,,,1.0
29,acetone_hl_gap_eV,144,0.9999999403953552,0.0,0.7088973446617379,0.7088973446617379,,,,1.0
29,acetone_hl_gap_eV,145,0.9999999403953552,0.0,0.7088973446617379,0.7088973446617379,,,,1.0
29,acetone_hl_gap_eV,146,0.9999999403953552,0.0,0.7088973446617379,0.7088973446617379,,,,1.0
29,acetone_hl_gap_eV,147,0.9999999403953552,0.0,0.7088973446617379,0.7088973446617379,,,,1.0
29,acetone_hl_gap_eV,148,0.9999999403953552,0.0,0.7088973446617379,0.7088973446617379,,,,1.0
29,acetone_hl_gap_eV,149,0.9999999403953552,0.0,0.7088973446617379,0.7088973446617379,,,,1.0
29,acetone_hl_gap_eV,150,0.9999999403953552,0.0,0.7088973446617379,0.7088973446617379,,,,1.0
29,acetone_hl_gap_eV,151,0.9999999403953552,0.0,0.7088973446617379,0.7088973446617379,,,,1.0
29,acetone_hl_gap_eV,152,0.9999999403953552,0.0,0.7088973446617379,0.7088973446617379,,,,1.0
29,acetone_hl_gap_eV,153,0.9999999403953552,0.0,0.7088973446617379,0.7088973446617379,,,,1.0
29,acetone_hl_gap_eV,154,0.9999999403953552,0.0,0.7088973446617379,0.7088973446617379,,,,1.0
29,acetone_hl_gap_eV,155,0.9999999403953552,0.0,0.7088973446617379,0.7088973446617379,,,,1.0
29,acetone_hl_gap_eV,156,0.9999999403953552,0.0,0.7088973446617379,0.7088973446617379,,,,1.0
29,acetone_hl_gap_eV,157,0.9999999403953552,0.0,0.7088973446617379,0.7088973446617379,,,,1.0
29,acetone_hl_gap_eV,158,0.9999999403953552,0.0,0.7088973446617379,0.7088973446617379,,,,1.0
29,acetone_hl_gap_eV,159,0.9999999403953552,0.0,0.7088973446617379,0.7088973446617379,,,,1.0
29,acetone_hl_gap_eV,160,0.9999999403953552,0.0,0.7088973446617379,0.7088973446617379,,,,1.0
29,acetone_hl_gap_eV,161,0.9999999403953552,0.0,0.7088973446617379,0.7088973446617379,,,,1.0
29,acetone_hl_gap_eV,162,0.9999999403953552,0.0,0.7088973446617379,0.7088973446617379,,,,1.0
29,acetone_hl_gap_eV,163,0.9999999403953552,0.0,0.7088973446617379,0.7088973446617379,,,,1.0
29,acetone_hl_gap_eV,164,0.9999999403953552,0.0,0.7088973446617379,0.7088973446617379,,,,1.0
29,acetone_hl_gap_eV,165,0.9999999403953552,0.0,0.7088973446617379,0.7088973446617379,,,,1.0
29,acetone_hl_gap_eV,166,0.9999999403953552,0.0,0.7088973446617379,0.7088973446617379,,,,1.0
29,acetone_hl_gap_eV,167,0.9999999403953552,0.0,0.7088973446617379,0.7088973446617379,,,,1.0
29,acetone_hl_gap_eV,168,0.9999999403953552,0.0,0.7088973446617379,0.7088973446617379,,,,1.0
29,acetone_hl_gap_eV,169,0.9999999403953552,0.0,0.7088973446617379,0.7088973446617379,,,,1.0
29,acetone_hl_gap_eV,170,0.9999999403953552,0.0,0.7088973446617379,0.7088973446617379,,,,1.0
29,acetone_hl_gap_eV,171,0.9999999403953552,0.0,0.7088973446617379,0.7088973446617379,,,,1.0
29,acetone_hl_gap_eV,172,0.9999999403953552,0.0,0.7088973446617379,0.7088973446617379,,,,1.0
29,acetone_hl_gap_eV,173,0.9999999403953552,0.0,0.7088973446617379,0.7088973446617379,,,,1.0
29,acetone_hl_gap_eV,174,0.9999999403953552,0.0,0.7088973446617379,0.7088973446617379,,,,1.0
29,acetone_hl_gap_eV,175,0.9999999403953552,0.0,0.7088973446617379,0.7088973446617379,,,,1.0
29,acetone_hl_gap_eV,176,0.9999999403953552,0.0,0.7088973446617379,0.7088973446617379,,,,1.0
29,acetone_hl_gap_eV,177,0.9999999403953552,0.0,0.7088973446617379,0.7088973446617379,,,,1.0
29,acetone_hl_gap_eV,178,0.9999999403953552,0.0,0.7088973446617379,0.7088973446617379,,,,1.0
29,acetone_hl_gap_eV,179,0.9999999403953552,0.0,0.7088973446617379,0.7088973446617379,,,,1.0
29,acetone_hl_gap_eV,180,0.9999999403953552,0.0,0.7088973446617379,0.7088973446617379,,,,1.0
29,acetone_hl_gap_eV,181,0.9999999403953552,0.0,0.7088973446617379,0.7088973446617379,,,,1.0
29,acetone_hl_gap_eV,182,0.9999999403953552,0.0,0.7088973446617379,0.7088973446617379,,,,1.0
29,acetone_hl_gap_eV,183,0.9999999403953552,0.0,0.7088973446617379,0.7088973446617379,,,,1.0
29,acetone_hl_gap_eV,184,0.9999999403953552,0.0,0.7088973446617379,0.7088973446617379,,,,1.0
29,acetone_hl_gap_eV,185,0.9999999403953552,0.0,0.7088973446617379,0.7088973446617379,,,,1.0
29,acetone_hl_gap_eV,186,0.9999999403953552,0.0,0.7088973446617379,0.7088973446617379,,,,1.0
29,acetone_hl_gap_eV,187,0.9999999403953552,0.0,0.7088973446617379,0.7088973446617379,,,,1.0
29,acetone_hl_gap_eV,188,0.9999999403953552,0.0,0.7088973446617379,0.7088973446617379,,,,1.0
29,acetone_hl_gap_eV,189,0.9999999403953552,0.0,0.7088973446617379,0.7088973446617379,,,,1.0
29,acetone_hl_gap_eV,190,0.9999999403953552,0.0,0.7088973446617379,0.7088973446617379,,,,1.0
29,acetone_hl_gap_eV,191,0.9999999403953552,0.0,0.7088973446617379,0.7088973446617379,,,,1.0
29,acetone_hl_gap_eV,192,0.9999999403953552,0.0,0.7088973446617379,0.7088973446617379,,,,1.0
29,acetone_hl_gap_eV,193,0.9999999403953552,0.0,0.7088973446617379,0.7088973446617379,,,,1.0
29,acetone_hl_gap_eV,194,0.9999999403953552,0.0,0.7088973446617379,0.7088973446617379,,,,1.0
29,acetone_hl_gap_eV,195,0.9999999403953552,0.0,0.7088973446617379,0.7088973446617379,,,,1.0
29,acetone_hl_gap_eV,196,0.9999999403953552,0.0,0.7088973446617379,0.7088973446617379,,,,1.0
29,acetone_hl_gap_eV,197,0.9999999403953552,0.0,0.7088973446617379,0.7088973446617379,,,,1.0
29,acetone_hl_gap_eV,198,0.9999999403953552,0.0,0.7088973446617379,0.7088973446617379,,,,1.0
29,acetone_hl_gap_eV,199,0.9999999403953552,0.0,0.7088973446617379,0.7088973446617379,,,,1.0
29,acetone_hl_gap_eV,200,0.9999999403953552,0.0,0.7088973446617379,0.7088973446617379,,,,1.0
29,acetone_hl_gap_eV,201,0.9999999403953552,0.0,0.7088973446617379,0.7088973446617379,,,,1.0
29,acetone_hl_gap_eV,202,0.9999999403953552,0.0,0.7088973446617379,0.7088973446617379,,,,1.0
29,acetone_hl_gap_eV,203,0.9999999403953552,0.0,0.7088973446617379,0.7088973446617379,,,,1.0
29,acetone_hl_gap_eV,204,0.9999999403953552,0.0,0.7088973446617379,0.7088973446617379,,,,1.0
29,acetone_hl_gap_eV,205,0.9999999403953552,0.0,0.7088973446617379,0.7088973446617379,,,,1.0
29,acetone_hl_gap_eV,206,0.9999999403953552,0.0,0.7088973446617379,0.7088973446617379,,,,1.0
29,acetone_hl_gap_eV,207,0.9999999403953552,0.0,0.7088973446617379,0.7088973446617379,,,,1.0
29,acetone_hl_gap_eV,208,0.9999999403953552,0.0,0.7088973446617379,0.7088973446617379,,,,1.0
29,acetone_hl_gap_eV,209,0.9999999403953552,0.0,0.7088973446617379,0.7088973446617379,,,,1.0
29,acetone_hl_gap_eV,210,0.9999999403953552,0.0,0.7088973446617379,0.7088973446617379,,,,1.0
29,acetone_hl_gap_eV,211,0.9999999403953552,0.0,0.7088973446617379,0.7088973446617379,,,,1.0
29,acetone_hl_gap_eV,212,0.9999999403953552,0.0,0.7088973446617379,0.7088973446617379,,,,1.0
29,acetone_hl_gap_eV,213,0.9999999403953552,0.0,0.7088973446617379,0.7088973446617379,,,,1.0
29,acetone_hl_gap_eV,214,0.9999999403953552,0.0,0.7088973446617379,0.7088973446617379,,,,1.0
29,acetone_hl_gap_eV,215,0.9999999403953552,0.0,0.7088973446617379,0.7088973446617379,,,,1.0
29,acetone_hl_gap_eV,216,0.9999999403953552,0.0,0.7088973446617379,0.7088973446617379,,,,1.0
29,acetone_hl_gap_eV,217,0.9999999403953552,0.0,0.7088973446617379,0.7088973446617379,,,,1.0
29,acetone_hl_gap_eV,218,0.9999999403953552,0.0,0.7088973446617379,0.7088973446617379,,,,1.0
29,acetone_hl_gap_eV,219,0.9999999403953552,0.0,0.7088973446617379,0.7088973446617379,,,,1.0
29,acetone_hl_gap_eV,220,0.9999999403953552,0.0,0.7088973446617379,0.7088973446617379,,,,1.0
29,acetone_hl_gap_eV,221,0.9999999403953552,0.0,0.7088973446617379,0.7088973446617379,,,,1.0
29,acetone_hl_gap_eV,222,0.9999999403953552,0.0,0.7088973446617379,0.7088973446617379,,,,1.0
29,acetone_hl_gap_eV,223,0.9999999403953552,0.0,0.7088973446617379,0.7088973446617379,,,,1.0
29,acetone_hl_gap_eV,224,0.9999999403953552,0.0,0.7088973446617379,0.7088973446617379,,,,1.0
29,acetone_hl_gap_eV,225,0.9999999403953552,0.0,0.7088973446617379,0.7088973446617379,,,,1.0
29,acetone_hl_gap_eV,226,0.9999999403953552,0.0,0.7088973446617379,0.7088973446617379,,,,1.0
29,acetone_hl_gap_eV,227,0.9999999403953552,0.0,0.7088973446617379,0.7088973446617379,,,,1.0
29,acetone_hl_gap_eV,228,0.9999999403953552,0.0,0.7088973446617379,0.7088973446617379,,,,1.0
29,acetone_hl_gap_eV,229,0.9999999403953552,0.0,0.7088973446617379,0.7088973446617379,,,,1.0
29,acetone_hl_gap_eV,230,0.9999999403953552,0.0,0.7088973446617379,0.7088973446617379,,,,1.0
29,acetone_hl_gap_eV,231,0.9999999403953552,0.0,0.7088973446617379,0.7088973446617379,,,,1.0
29,acetone_hl_gap_eV,232,0.9999999403953552,0.0,0.7088973446617379,0.7088973446617379,,,,1.0
29,acetone_hl_gap_eV,233,0.9999999403953552,0.0,0.7088973446617379,0.7088973446617379,,,,1.0
29,acetone_hl_gap_eV,234,0.9999999403953552,0.0,0.7088973446617379,0.7088973446617379,,,,1.0
29,acetone_hl_gap_eV,235,0.9999999403953552,0.0,0.7088973446617379,0.7088973446617379,,,,1.0
29,acetone_hl_gap_eV,236,0.9999999403953552,0.0,0.7088973446617379,0.7088973446617379,,,,1.0
29,acetone_hl_gap_eV,237,0.9999999403953552,0.0,0.7088973446617379,0.7088973446617379,,,,1.0
29,acetone_hl_gap_eV,238,0.9999999403953552,0.0,0.7088973446617379,0.7088973446617379,,,,1.0
29,acetone_hl_gap_eV,239,0.9999999403953552,0.0,0.7088973446617379,0.7088973446617379,,,,1.0
29,acetone_hl_gap_eV,240,0.9999999403953552,0.0,0.7088973446617379,0.7088973446617379,,,,1.0
29,acetone_hl_gap_eV,241,0.9999999403953552,0.0,0.7088973446617379,0.7088973446617379,,,,1.0
29,acetone_hl_gap_eV,242,0.9999999403953552,0.0,0.7088973446617379,0.7088973446617379,,,,1.0
29,acetone_hl_gap_eV,243,0.9999999403953552,0.0,0.7088973446617379,0.7088973446617379,,,,1.0
29,acetone_hl_gap_eV,244,0.9999999403953552,0.0,0.7088973446617379,0.7088973446617379,,,,1.0
29,acetone_hl_gap_eV,245,0.9999999403953552,0.0,0.7088973446617379,0.7088973446617379,,,,1.0
29,acetone_hl_gap_eV,246,0.9999999403953552,0.0,0.7088973446617379,0.7088973446617379,,,,1.0
29,acetone_hl_gap_eV,247,0.9999999403953552,0.0,0.7088973446617379,0.7088973446617379,,,,1.0
29,acetone_hl_gap_eV,248,0.9999999403953552,0.0,0.7088973446617379,0.7088973446617379,,,,1.0
29,acetone_hl_gap_eV,249,0.9999999403953552,0.0,0.7088973446617379,0.7088973446617379,,,,1.0
29,acetone_dipole,0,0.9999998807907104,0.0,0.6229846044490281,0.6229846044490281,,,,1.0
29,acetone_dipole,1,0.9999998807907104,0.0,0.6229846044490281,0.6229846044490281,,,,1.0
29,acetone_dipole,2,0.9999998807907104,0.0,0.6229846044490281,0.6229846044490281,,,,1.0
29,acetone_dipole,3,0.9999998807907104,0.0,0.6229846044490281,0.6229846044490281,,,,1.0
29,acetone_dipole,4,0.9999998807907104,0.0,0.6229846044490281,0.6229846044490281,,,,1.0
29,acetone_dipole,5,0.9999998807907104,0.0,0.6229846044490281,0.6229846044490281,,,,1.0
29,acetone_dipole,6,0.9999998807907104,0.0,0.6229846044490281,0.6229846044490281,,,,1.0
29,acetone_dipole,7,0.9999998807907104,0.0,0.6229846044490281,0.6229846044490281,,,,1.0
29,acetone_dipole,8,0.9999998807907104,0.0,0.6229846044490281,0.6229846044490281,,,,1.0
29,acetone_dipole,9,0.9999998807907104,0.0,0.6229846044490281,0.6229846044490281,,,,1.0
29,acetone_dipole,10,0.9999998807907104,0.0,0.6229846044490281,0.6229846044490281,,,,1.0
29,acetone_dipole,11,0.9999998807907104,0.0,0.6229846044490281,0.6229846044490281,,,,1.0
29,acetone_dipole,12,0.9999998807907104,0.0,0.6229846044490281,0.6229846044490281,,,,1.0
29,acetone_dipole,13,0.9999998807907104,0.0,0.6229846044490281,0.6229846044490281,,,,1.0
29,acetone_dipole,14,0.9999998807907104,0.0,0.6229846044490281,0.6229846044490281,,,,1.0
29,acetone_dipole,15,0.9999998807907104,0.0,0.6229846044490281,0.6229846044490281,,,,1.0
29,acetone_dipole,16,0.9999998807907104,0.0,0.6229846044490281,0.6229846044490281,,,,1.0
29,acetone_dipole,17,0.9999998807907104,0.0,0.6229846044490281,0.6229846044490281,,,,1.0
29,acetone_dipole,18,0.9999998807907104,0.0,0.6229846044490281,0.6229846044490281,,,,1.0
29,acetone_dipole,19,0.9999998807907104,0.0,0.6229846044490281,0.6229846044490281,,,,1.0
29,acetone_dipole,20,0.9999998807907104,0.0,0.6229846044490281,0.6229846044490281,,,,1.0
29,acetone_dipole,21,0.9999998807907104,0.0,0.6229846044490281,0.6229846044490281,,,,1.0
29,acetone_dipole,22,0.9999998807907104,0.0,0.6229846044490281,0.6229846044490281,,,,1.0
29,acetone_dipole,23,0.9999998807907104,0.0,0.6229846044490281,0.6229846044490281,,,,1.0
29,acetone_dipole,24,0.9999998807907104,0.0,0.6229846044490281,0.6229846044490281,,,,1.0
29,acetone_dipole,25,0.9999998807907104,0.0,0.6229846044490281,0.6229846044490281,,,,1.0
29,acetone_dipole,26,0.9999998807907104,0.0,0.6229846044490281,0.6229846044490281,,,,1.0
29,acetone_dipole,27,0.9999998807907104,0.0,0.6229846044490281,0.6229846044490281,,,,1.0
29,acetone_dipole,28,0.9999998807907104,0.0,0.6229846044490281,0.6229846044490281,,,,1.0
29,acetone_dipole,29,0.9999998807907104,0.0,0.6229846044490281,0.6229846044490281,,,,1.0
29,acetone_dipole,30,0.9999998807907104,0.0,0.6229846044490281,0.6229846044490281,,,,1.0
29,acetone_dipole,31,0.9999998807907104,0.0,0.6229846044490281,0.6229846044490281,,,,1.0
29,acetone_dipole,32,0.9999998807907104,0.0,0.6229846044490281,0.6229846044490281,,,,1.0
29,acetone_dipole,33,0.9999998807907104,0.0,0.6229846044490281,0.6229846044490281,,,,1.0
29,acetone_dipole,34,0.9999998807907104,0.0,0.6229846044490281,0.6229846044490281,,,,1.0
29,acetone_dipole,35,0.9999998807907104,0.0,0.6229846044490281,0.6229846044490281,,,,1.0
29,acetone_dipole,36,0.9999998807907104,0.0,0.6229846044490281,0.6229846044490281,,,,1.0
29,acetone_dipole,37,0.9999998807907104,0.0,0.6229846044490281,0.6229846044490281,,,,1.0
29,acetone_dipole,38,0.9999998807907104,0.0,0.6229846044490281,0.6229846044490281,,,,1.0
29,acetone_dipole,39,0.9999998807907104,0.0,0.6229846044490281,0.6229846044490281,,,,1.0
29,acetone_dipole,40,0.9999998807907104,0.0,0.6229846044490281,0.6229846044490281,,,,1.0
29,acetone_dipole,41,0.9999998807907104,0.0,0.6229846044490281,0.6229846044490281,,,,1.0
29,acetone_dipole,42,0.9999998807907104,0.0,0.6229846044490281,0.6229846044490281,,,,1.0
29,acetone_dipole,43,0.9999998807907104,0.0,0.6229846044490281,0.6229846044490281,,,,1.0
29,acetone_dipole,44,0.9999998807907104,0.0,0.6229846044490281,0.6229846044490281,,,,1.0
29,acetone_dipole,45,0.9999998807907104,0.0,0.6229846044490281,0.6229846044490281,,,,1.0
29,acetone_dipole,46,0.9999998807907104,0.0,0.6229846044490281,0.6229846044490281,,,,1.0
29,acetone_dipole,47,0.9999998807907104,0.0,0.6229846044490281,0.6229846044490281,,,,1.0
29,acetone_dipole,48,0.9999998807907104,0.0,0.6229846044490281,0.6229846044490281,,,,1.0
29,acetone_dipole,49,0.9999998807907104,0.0,0.6229846044490281,0.6229846044490281,,,,1.0
29,acetone_dipole,50,0.9999998807907104,0.0,0.6229846044490281,0.6229846044490281,,,,1.0
29,acetone_dipole,51,0.9999998807907104,0.0,0.6229846044490281,0.6229846044490281,,,,1.0
29,acetone_dipole,52,0.9999998807907104,0.0,0.6229846044490281,0.6229846044490281,,,,1.0
29,acetone_dipole,53,0.9999998807907104,0.0,0.6229846044490281,0.6229846044490281,,,,1.0
29,acetone_dipole,54,0.9999998807907104,0.0,0.6229846044490281,0.6229846044490281,,,,1.0
29,acetone_dipole,55,0.9999998807907104,0.0,0.6229846044490281,0.6229846044490281,,,,1.0
29,acetone_dipole,56,0.9999998807907104,0.0,0.6229846044490281,0.6229846044490281,,,,1.0
29,acetone_dipole,57,0.9999998807907104,0.0,0.6229846044490281,0.6229846044490281,,,,1.0
29,acetone_dipole,58,0.9999998807907104,0.0,0.6229846044490281,0.6229846044490281,,,,1.0
29,acetone_dipole,59,0.9999998807907104,0.0,0.6229846044490281,0.6229846044490281,,,,1.0
29,acetone_dipole,60,0.9999998807907104,0.0,0.6229846044490281,0.6229846044490281,,,,1.0
29,acetone_dipole,61,0.9999998807907104,0.0,0.6229846044490281,0.6229846044490281,,,,1.0
29,acetone_dipole,62,0.9999998807907104,0.0,0.6229846044490281,0.6229846044490281,,,,1.0
29,acetone_dipole,63,0.9999998807907104,0.0,0.6229846044490281,0.6229846044490281,,,,1.0
29,acetone_dipole,64,0.9999998807907104,0.0,0.6229846044490281,0.6229846044490281,,,,1.0
29,acetone_dipole,65,0.9999998807907104,0.0,0.6229846044490281,0.6229846044490281,,,,1.0
29,acetone_dipole,66,0.9999998807907104,0.0,0.6229846044490281,0.6229846044490281,,,,1.0
29,acetone_dipole,67,0.9999998807907104,0.0,0.6229846044490281,0.6229846044490281,,,,1.0
29,acetone_dipole,68,0.9999998807907104,0.0,0.6229846044490281,0.6229846044490281,,,,1.0
29,acetone_dipole,69,0.9999998807907104,0.0,0.6229846044490281,0.6229846044490281,,,,1.0
29,acetone_dipole,70,0.9999998807907104,0.0,0.6229846044490281,0.6229846044490281,,,,1.0
29,acetone_dipole,71,0.9999998807907104,0.0,0.6229846044490281,0.6229846044490281,,,,1.0
29,acetone_dipole,72,0.9999998807907104,0.0,0.6229846044490281,0.6229846044490281,,,,1.0
29,acetone_dipole,73,0.9999998807907104,0.0,0.6229846044490281,0.6229846044490281,,,,1.0
29,acetone_dipole,74,0.9999998807907104,0.0,0.6229846044490281,0.6229846044490281,,,,1.0
29,acetone_dipole,75,0.9999998807907104,0.0,0.6229846044490281,0.6229846044490281,,,,1.0
29,acetone_dipole,76,0.9999998807907104,0.0,0.6229846044490281,0.6229846044490281,,,,1.0
29,acetone_dipole,77,0.9999998807907104,0.0,0.6229846044490281,0.6229846044490281,,,,1.0
29,acetone_dipole,78,0.9999998807907104,0.0,0.6229846044490281,0.6229846044490281,,,,1.0
29,acetone_dipole,79,0.9999998807907104,0.0,0.6229846044490281,0.6229846044490281,,,,1.0
29,acetone_dipole,80,0.9999998807907104,0.0,0.6229846044490281,0.6229846044490281,,,,1.0
29,acetone_dipole,81,0.9999998807907104,0.0,0.6229846044490281,0.6229846044490281,,,,1.0
29,acetone_dipole,82,0.9999998807907104,0.0,0.6229846044490281,0.6229846044490281,,,,1.0
29,acetone_dipole,83,0.9999998807907104,0.0,0.6229846044490281,0.6229846044490281,,,,1.0
29,acetone_dipole,84,0.9999998807907104,0.0,0.6229846044490281,0.6229846044490281,,,,1.0
29,acetone_dipole,85,0.9999998807907104,0.0,0.6229846044490281,0.6229846044490281,,,,1.0
29,acetone_dipole,86,0.9999998807907104,0.0,0.6229846044490281,0.6229846044490281,,,,1.0
29,acetone_dipole,87,0.9999998807907104,0.0,0.6229846044490281,0.6229846044490281,,,,1.0
29,acetone_dipole,88,0.9999998807907104,0.0,0.6229846044490281,0.6229846044490281,,,,1.0
29,acetone_dipole,89,0.9999998807907104,0.0,0.6229846044490281,0.6229846044490281,,,,1.0
29,acetone_dipole,90,0.9999998807907104,0.0,0.6229846044490281,0.6229846044490281,,,,1.0
29,acetone_dipole,91,0.9999998807907104,0.0,0.6229846044490281,0.6229846044490281,,,,1.0
29,acetone_dipole,92,0.9999998807907104,0.0,0.6229846044490281,0.6229846044490281,,,,1.0
29,acetone_dipole,93,0.9999998807907104,0.0,0.6229846044490281,0.6229846044490281,,,,1.0
29,acetone_dipole,94,0.9999998807907104,0.0,0.6229846044490281,0.6229846044490281,,,,1.0
29,acetone_dipole,95,0.9999998807907104,0.0,0.6229846044490281,0.6229846044490281,,,,1.0
29,acetone_dipole,96,0.9999998807907104,0.0,0.6229846044490281,0.6229846044490281,,,,1.0
29,acetone_dipole,97,0.9999998807907104,0.0,0.6229846044490281,0.6229846044490281,,,,1.0
29,acetone_dipole,98,0.9999998807907104,0.0,0.6229846044490281,0.6229846044490281,,,,1.0
29,acetone_dipole,99,0.9999998807907104,0.0,0.6229846044490281,0.6229846044490281,,,,1.0
29,acetone_dipole,100,0.9999998807907104,0.0,0.6229846044490281,0.6229846044490281,,,,1.0
29,acetone_dipole,101,0.9999998807907104,0.0,0.6229846044490281,0.6229846044490281,,,,1.0
29,acetone_dipole,102,0.9999998807907104,0.0,0.6229846044490281,0.6229846044490281,,,,1.0
29,acetone_dipole,103,0.9999998807907104,0.0,0.6229846044490281,0.6229846044490281,,,,1.0
29,acetone_dipole,104,0.9999998807907104,0.0,0.6229846044490281,0.6229846044490281,,,,1.0
29,acetone_dipole,105,0.9999998807907104,0.0,0.6229846044490281,0.6229846044490281,,,,1.0
29,acetone_dipole,106,0.9999998807907104,0.0,0.6229846044490281,0.6229846044490281,,,,1.0
29,acetone_dipole,107,0.9999998807907104,0.0,0.6229846044490281,0.6229846044490281,,,,1.0
29,acetone_dipole,108,0.9999998807907104,0.0,0.6229846044490281,0.6229846044490281,,,,1.0
29,acetone_dipole,109,0.9999998807907104,0.0,0.6229846044490281,0.6229846044490281,,,,1.0
29,acetone_dipole,110,0.9999998807907104,0.0,0.6229846044490281,0.6229846044490281,,,,1.0
29,acetone_dipole,111,0.9999998807907104,0.0,0.6229846044490281,0.6229846044490281,,,,1.0
29,acetone_dipole,112,0.9999998807907104,0.0,0.6229846044490281,0.6229846044490281,,,,1.0
29,acetone_dipole,113,0.9999998807907104,0.0,0.6229846044490281,0.6229846044490281,,,,1.0
29,acetone_dipole,114,0.9999998807907104,0.0,0.6229846044490281,0.6229846044490281,,,,1.0
29,acetone_dipole,115,0.9999998807907104,0.0,0.6229846044490281,0.6229846044490281,,,,1.0
29,acetone_dipole,116,0.9999998807907104,0.0,0.6229846044490281,0.6229846044490281,,,,1.0
29,acetone_dipole,117,0.9999998807907104,0.0,0.6229846044490281,0.6229846044490281,,,,1.0
29,acetone_dipole,118,0.9999998807907104,0.0,0.6229846044490281,0.6229846044490281,,,,1.0
29,acetone_dipole,119,0.9999998807907104,0.0,0.6229846044490281,0.6229846044490281,,,,1.0
29,acetone_dipole,120,0.9999998807907104,0.0,0.6229846044490281,0.6229846044490281,,,,1.0
29,acetone_dipole,121,0.9999998807907104,0.0,0.6229846044490281,0.6229846044490281,,,,1.0
29,acetone_dipole,122,0.9999998807907104,0.0,0.6229846044490281,0.6229846044490281,,,,1.0
29,acetone_dipole,123,0.9999998807907104,0.0,0.6229846044490281,0.6229846044490281,,,,1.0
29,acetone_dipole,124,0.9999998807907104,0.0,0.6229846044490281,0.6229846044490281,,,,1.0
29,acetone_dipole,125,0.9999998807907104,0.0,0.6229846044490281,0.6229846044490281,,,,1.0
29,acetone_dipole,126,0.9999998807907104,0.0,0.6229846044490281,0.6229846044490281,,,,1.0
29,acetone_dipole,127,0.9999998807907104,0.0,0.6229846044490281,0.6229846044490281,,,,1.0
29,acetone_dipole,128,0.9999998807907104,0.0,0.6229846044490281,0.6229846044490281,,,,1.0
29,acetone_dipole,129,0.9999998807907104,0.0,0.6229846044490281,0.6229846044490281,,,,1.0
29,acetone_dipole,130,0.9999998807907104,0.0,0.6229846044490281,0.6229846044490281,,,,1.0
29,acetone_dipole,131,0.9999998807907104,0.0,0.6229846044490281,0.6229846044490281,,,,1.0
29,acetone_dipole,132,0.9999998807907104,0.0,0.6229846044490281,0.6229846044490281,,,,1.0
29,acetone_dipole,133,0.9999998807907104,0.0,0.6229846044490281,0.6229846044490281,,,,1.0
29,acetone_dipole,134,0.9999998807907104,0.0,0.6229846044490281,0.6229846044490281,,,,1.0
29,acetone_dipole,135,0.9999998807907104,0.0,0.6229846044490281,0.6229846044490281,,,,1.0
29,acetone_dipole,136,0.9999998807907104,0.0,0.6229846044490281,0.6229846044490281,,,,1.0
29,acetone_dipole,137,0.9999998807907104,0.0,0.6229846044490281,0.6229846044490281,,,,1.0
29,acetone_dipole,138,0.9999998807907104,0.0,0.6229846044490281,0.6229846044490281,,,,1.0
29,acetone_dipole,139,0.9999998807907104,0.0,0.6229846044490281,0.6229846044490281,,,,1.0
29,acetone_dipole,140,0.9999998807907104,0.0,0.6229846044490281,0.6229846044490281,,,,1.0
29,acetone_dipole,141,0.9999998807907104,0.0,0.6229846044490281,0.6229846044490281,,,,1.0
29,acetone_dipole,142,0.9999998807907104,0.0,0.6229846044490281,0.6229846044490281,,,,1.0
29,acetone_dipole,143,0.9999998807907104,0.0,0.6229846044490281,0.6229846044490281,,,,1.0
29,acetone_dipole,144,0.9999998807907104,0.0,0.6229846044490281,0.6229846044490281,,,,1.0
29,acetone_dipole,145,0.9999998807907104,0.0,0.6229846044490281,0.6229846044490281,,,,1.0
29,acetone_dipole,146,0.9999998807907104,0.0,0.6229846044490281,0.6229846044490281,,,,1.0
29,acetone_dipole,147,0.9999998807907104,0.0,0.6229846044490281,0.6229846044490281,,,,1.0
29,acetone_dipole,148,0.9999998807907104,0.0,0.6229846044490281,0.6229846044490281,,,,1.0
29,acetone_dipole,149,0.9999998807907104,0.0,0.6229846044490281,0.6229846044490281,,,,1.0
29,acetone_dipole,150,0.9999998807907104,0.0,0.6229846044490281,0.6229846044490281,,,,1.0
29,acetone_dipole,151,0.9999998807907104,0.0,0.6229846044490281,0.6229846044490281,,,,1.0
29,acetone_dipole,152,0.9999998807907104,0.0,0.6229846044490281,0.6229846044490281,,,,1.0
29,acetone_dipole,153,0.9999998807907104,0.0,0.6229846044490281,0.6229846044490281,,,,1.0
29,acetone_dipole,154,0.9999998807907104,0.0,0.6229846044490281,0.6229846044490281,,,,1.0
29,acetone_dipole,155,0.9999998807907104,0.0,0.6229846044490281,0.6229846044490281,,,,1.0
29,acetone_dipole,156,0.9999998807907104,0.0,0.6229846044490281,0.6229846044490281,,,,1.0
29,acetone_dipole,157,0.9999998807907104,0.0,0.6229846044490281,0.6229846044490281,,,,1.0
29,acetone_dipole,158,0.9999998807907104,0.0,0.6229846044490281,0.6229846044490281,,,,1.0
29,acetone_dipole,159,0.9999998807907104,0.0,0.6229846044490281,0.6229846044490281,,,,1.0
29,acetone_dipole,160,0.9999998807907104,0.0,0.6229846044490281,0.6229846044490281,,,,1.0
29,acetone_dipole,161,0.9999998807907104,0.0,0.6229846044490281,0.6229846044490281,,,,1.0
29,acetone_dipole,162,0.9999998807907104,0.0,0.6229846044490281,0.6229846044490281,,,,1.0
29,acetone_dipole,163,0.9999998807907104,0.0,0.6229846044490281,0.6229846044490281,,,,1.0
29,acetone_dipole,164,0.9999998807907104,0.0,0.6229846044490281,0.6229846044490281,,,,1.0
29,acetone_dipole,165,0.9999998807907104,0.0,0.6229846044490281,0.6229846044490281,,,,1.0
29,acetone_dipole,166,0.9999998807907104,0.0,0.6229846044490281,0.6229846044490281,,,,1.0
29,acetone_dipole,167,0.9999998807907104,0.0,0.6229846044490281,0.6229846044490281,,,,1.0
29,acetone_dipole,168,0.9999998807907104,0.0,0.6229846044490281,0.6229846044490281,,,,1.0
29,acetone_dipole,169,0.9999998807907104,0.0,0.6229846044490281,0.6229846044490281,,,,1.0
29,acetone_dipole,170,0.9999998807907104,0.0,0.6229846044490281,0.6229846044490281,,,,1.0
29,acetone_dipole,171,0.9999998807907104,0.0,0.6229846044490281,0.6229846044490281,,,,1.0
29,acetone_dipole,172,0.9999998807907104,0.0,0.6229846044490281,0.6229846044490281,,,,1.0
29,acetone_dipole,173,0.9999998807907104,0.0,0.6229846044490281,0.6229846044490281,,,,1.0
29,acetone_dipole,174,0.9999998807907104,0.0,0.6229846044490281,0.6229846044490281,,,,1.0
29,acetone_dipole,175,0.9999998807907104,0.0,0.6229846044490281,0.6229846044490281,,,,1.0
29,acetone_dipole,176,0.9999998807907104,0.0,0.6229846044490281,0.6229846044490281,,,,1.0
29,acetone_dipole,177,0.9999998807907104,0.0,0.6229846044490281,0.6229846044490281,,,,1.0
29,acetone_dipole,178,0.9999998807907104,0.0,0.6229846044490281,0.6229846044490281,,,,1.0
29,acetone_dipole,179,0.9999998807907104,0.0,0.6229846044490281,0.6229846044490281,,,,1.0
29,acetone_dipole,180,0.9999998807907104,0.0,0.6229846044490281,0.6229846044490281,,,,1.0
29,acetone_dipole,181,0.9999998807907104,0.0,0.6229846044490281,0.6229846044490281,,,,1.0
29,acetone_dipole,182,0.9999998807907104,0.0,0.6229846044490281,0.6229846044490281,,,,1.0
29,acetone_dipole,183,0.9999998807907104,0.0,0.6229846044490281,0.6229846044490281,,,,1.0
29,acetone_dipole,184,0.9999998807907104,0.0,0.6229846044490281,0.6229846044490281,,,,1.0
29,acetone_dipole,185,0.9999998807907104,0.0,0.6229846044490281,0.6229846044490281,,,,1.0
29,acetone_dipole,186,0.9999998807907104,0.0,0.6229846044490281,0.6229846044490281,,,,1.0
29,acetone_dipole,187,0.9999998807907104,0.0,0.6229846044490281,0.6229846044490281,,,,1.0
29,acetone_dipole,188,0.9999998807907104,0.0,0.6229846044490281,0.6229846044490281,,,,1.0
29,acetone_dipole,189,0.9999998807907104,0.0,0.6229846044490281,0.6229846044490281,,,,1.0
29,acetone_dipole,190,0.9999998807907104,0.0,0.6229846044490281,0.6229846044490281,,,,1.0
29,acetone_dipole,191,0.9999998807907104,0.0,0.6229846044490281,0.6229846044490281,,,,1.0
29,acetone_dipole,192,0.9999998807907104,0.0,0.6229846044490281,0.6229846044490281,,,,1.0
29,acetone_dipole,193,0.9999998807907104,0.0,0.6229846044490281,0.6229846044490281,,,,1.0
29,acetone_dipole,194,0.9999998807907104,0.0,0.6229846044490281,0.6229846044490281,,,,1.0
29,acetone_dipole,195,0.9999998807907104,0.0,0.6229846044490281,0.6229846044490281,,,,1.0
29,acetone_dipole,196,0.9999998807907104,0.0,0.6229846044490281,0.6229846044490281,,,,1.0
29,acetone_dipole,197,0.9999998807907104,0.0,0.6229846044490281,0.6229846044490281,,,,1.0
29,acetone_dipole,198,0.9999998807907104,0.0,0.6229846044490281,0.6229846044490281,,,,1.0
29,acetone_dipole,199,0.9999998807907104,0.0,0.6229846044490281,0.6229846044490281,,,,1.0
29,acetone_dipole,200,0.9999998807907104,0.0,0.6229846044490281,0.6229846044490281,,,,1.0
29,acetone_dipole,201,0.9999998807907104,0.0,0.6229846044490281,0.6229846044490281,,,,1.0
29,acetone_dipole,202,0.9999998807907104,0.0,0.6229846044490281,0.6229846044490281,,,,1.0
29,acetone_dipole,203,0.9999998807907104,0.0,0.6229846044490281,0.6229846044490281,,,,1.0
29,acetone_dipole,204,0.9999998807907104,0.0,0.6229846044490281,0.6229846044490281,,,,1.0
29,acetone_dipole,205,0.9999998807907104,0.0,0.6229846044490281,0.6229846044490281,,,,1.0
29,acetone_dipole,206,0.9999998807907104,0.0,0.6229846044490281,0.6229846044490281,,,,1.0
29,acetone_dipole,207,0.9999998807907104,0.0,0.6229846044490281,0.6229846044490281,,,,1.0
29,acetone_dipole,208,0.9999998807907104,0.0,0.6229846044490281,0.6229846044490281,,,,1.0
29,acetone_dipole,209,0.9999998807907104,0.0,0.6229846044490281,0.6229846044490281,,,,1.0
29,acetone_dipole,210,0.9999998807907104,0.0,0.6229846044490281,0.6229846044490281,,,,1.0
29,acetone_dipole,211,0.9999998807907104,0.0,0.6229846044490281,0.6229846044490281,,,,1.0
29,acetone_dipole,212,0.9999998807907104,0.0,0.6229846044490281,0.6229846044490281,,,,1.0
29,acetone_dipole,213,0.9999998807907104,0.0,0.6229846044490281,0.6229846044490281,,,,1.0
29,acetone_dipole,214,0.9999998807907104,0.0,0.6229846044490281,0.6229846044490281,,,,1.0
29,acetone_dipole,215,0.9999998807907104,0.0,0.6229846044490281,0.6229846044490281,,,,1.0
29,acetone_dipole,216,0.9999998807907104,0.0,0.6229846044490281,0.6229846044490281,,,,1.0
29,acetone_dipole,217,0.9999998807907104,0.0,0.6229846044490281,0.6229846044490281,,,,1.0
29,acetone_dipole,218,0.9999998807907104,0.0,0.6229846044490281,0.6229846044490281,,,,1.0
29,acetone_dipole,219,0.9999998807907104,0.0,0.6229846044490281,0.6229846044490281,,,,1.0
29,acetone_dipole,220,0.9999998807907104,0.0,0.6229846044490281,0.6229846044490281,,,,1.0
29,acetone_dipole,221,0.9999998807907104,0.0,0.6229846044490281,0.6229846044490281,,,,1.0
29,acetone_dipole,222,0.9999998807907104,0.0,0.6229846044490281,0.6229846044490281,,,,1.0
29,acetone_dipole,223,0.9999998807907104,0.0,0.6229846044490281,0.6229846044490281,,,,1.0
29,acetone_dipole,224,0.9999998807907104,0.0,0.6229846044490281,0.6229846044490281,,,,1.0
29,acetone_dipole,225,0.9999998807907104,0.0,0.6229846044490281,0.6229846044490281,,,,1.0
29,acetone_dipole,226,0.9999998807907104,0.0,0.6229846044490281,0.6229846044490281,,,,1.0
29,acetone_dipole,227,0.9999998807907104,0.0,0.6229846044490281,0.6229846044490281,,,,1.0
29,acetone_dipole,228,0.9999998807907104,0.0,0.6229846044490281,0.6229846044490281,,,,1.0
29,acetone_dipole,229,0.9999998807907104,0.0,0.6229846044490281,0.6229846044490281,,,,1.0
29,acetone_dipole,230,0.9999998807907104,0.0,0.6229846044490281,0.6229846044490281,,,,1.0
29,acetone_dipole,231,0.9999998807907104,0.0,0.6229846044490281,0.6229846044490281,,,,1.0
29,acetone_dipole,232,0.9999998807907104,0.0,0.6229846044490281,0.6229846044490281,,,,1.0
29,acetone_dipole,233,0.9999998807907104,0.0,0.6229846044490281,0.6229846044490281,,,,1.0
29,acetone_dipole,234,0.9999998807907104,0.0,0.6229846044490281,0.6229846044490281,,,,1.0
29,acetone_dipole,235,0.9999998807907104,0.0,0.6229846044490281,0.6229846044490281,,,,1.0
29,acetone_dipole,236,0.9999998807907104,0.0,0.6229846044490281,0.6229846044490281,,,,1.0
29,acetone_dipole,237,0.9999998807907104,0.0,0.6229846044490281,0.6229846044490281,,,,1.0
29,acetone_dipole,238,0.9999998807907104,0.0,0.6229846044490281,0.6229846044490281,,,,1.0
29,acetone_dipole,239,0.9999998807907104,0.0,0.6229846044490281,0.6229846044490281,,,,1.0
29,acetone_dipole,240,0.9999998807907104,0.0,0.6229846044490281,0.6229846044490281,,,,1.0
29,acetone_dipole,241,0.9999998807907104,0.0,0.6229846044490281,0.6229846044490281,,,,1.0
29,acetone_dipole,242,0.9999998807907104,0.0,0.6229846044490281,0.6229846044490281,,,,1.0
29,acetone_dipole,243,0.9999998807907104,0.0,0.6229846044490281,0.6229846044490281,,,,1.0
29,acetone_dipole,244,0.9999998807907104,0.0,0.6229846044490281,0.6229846044490281,,,,1.0
29,acetone_dipole,245,0.9999998807907104,0.0,0.6229846044490281,0.6229846044490281,,,,1.0
29,acetone_dipole,246,0.9999998807907104,0.0,0.6229846044490281,0.6229846044490281,,,,1.0
29,acetone_dipole,247,0.9999998807907104,0.0,0.6229846044490281,0.6229846044490281,,,,1.0
29,acetone_dipole,248,0.9999998807907104,0.0,0.6229846044490281,0.6229846044490281,,,,1.0
29,acetone_dipole,249,0.9999998807907104,0.0,0.6229846044490281,0.6229846044490281,,,,1.0
29,octanol_gsolv_eV,0,0.09898360073566437,0.052779849618673325,0.6485365851252995,0.964338221491728,11.729734420776367,0.014410232193768024,0.0012285216081485877,0.1
29,octanol_gsolv_eV,1,0.17197537422180176,0.0487547405064106,0.6486496671575324,0.9531915361588188,10.835930824279785,0.11126340925693512,0.010268006603330295,0.16
29,octanol_gsolv_eV,2,0.045359816402196884,0.05595128983259201,0.6446340889561692,0.9634255300499581,12.249781608581543,0.013884470798075199,0.001133446394533963,0.04
29,octanol_gsolv_eV,3,0.2354048788547516,0.03978409245610237,0.65164843411278,0.9174077001239063,8.97396469116211,0.38882139325141907,0.043327715968655936,0.12
29,octanol_gsolv_eV,4,0.25801366567611694,0.054223913699388504,0.6493270701277807,0.9564158288414213,12.166834831237793,0.6799329519271851,0.0558841277422036,0.26
29,octanol_gsolv_eV,5,0.29105743765830994,0.050681788474321365,0.6318604265720633,0.9145358791805818,11.025921821594238,0.9717686176300049,0.08813490911270554,0.3
29,octanol_gsolv_eV,6,0.4365709722042084,0.05335615202784538,0.6522044645273957,0.9230084377399872,12.229448318481445,1.347430944442749,0.11017920918039108,0.2
29,octanol_gsolv_eV,7,0.12280696630477905,0.052702225744724274,0.6480164436705298,0.9514097117350899,11.712703704833984,0.11155257374048233,0.00952406690646867,0.12
29,octanol_gsolv_eV,8,0.2516443431377411,0.047852903604507446,0.647143414277839,0.9244840532728076,10.7137451171875,0.3293042480945587,0.030736613993763318,0.24
29,octanol_gsolv_eV,9,0.31568896770477295,0.04641088843345642,0.6509516186480551,0.9440347510306082,10.443435668945312,1.1749467849731445,0.11250577130158192,0.32
29,octanol_gsolv_eV,10,0.1315869837999344,0.056720901280641556,0.6376590501274702,0.936258430052457,12.296095848083496,0.14710861444473267,0.011963847408335015,0.08
29,octanol_gsolv_eV,11,0.26610299944877625,0.030426638200879097,0.64651630396932,0.9343068575690803,6.70001745223999,0.33660751581192017,0.05023979686789973,0.24
29,octanol_gsolv_eV,12,0.24524538218975067,0.05568908154964447,0.64786780891425,0.9125977529232816,12.528865814208984,0.7839117646217346,0.06256845402021151,0.24
29,octanol_gsolv_eV,13,0.08005540817975998,0.042099811136722565,0.6511026154907216,0.9680730944579721,9.399045944213867,0.023283716291189194,0.002477242523271508,0.08
29,octanol_gsolv_eV,14,0.1267765760421753,0.055727891623973846,0.6481525640070009,0.9577885984491852,12.370213508605957,0.030445005744695663,0.0024611544274086355,0.1
29,octanol_gsolv_eV,15,0.12051134556531906,0.0726555809378624,0.6477241166470955,0.9853279199184908,16.130746841430664,0.01243496872484684,0.000770886112533148,0.06
29,octanol_gsolv_eV,16,0.269936203956604,0.04804639145731926,0.6477900984616196,0.9028047123975067,10.826977729797363,0.5716157555580139,0.052795504878969786,0.28
29,octanol_gsolv_eV,17,0.2864706516265869,0.04134906455874443,0.6538440277230742,0.9183594056953375,9.476119995117188,0.6427427530288696,0.06782762917312773,0.28
29,octanol_gsolv_eV,18,0.18204639852046967,0.05130394175648689,0.6487900882391373,0.9182812113932102,11.51456356048584,0.49882954359054565,0.04332161970101612,0.12
29,octanol_gsolv_eV,19,0.24830907583236694,0.04817906394600868,0.6480219039577244,0.9243976480611831,10.784567832946777,0.3743203282356262,0.03470888532891233,0.12
29,octanol_gsolv_eV,20,0.31819766759872437,0.04923370108008385,0.6502662782843067,0.9230586901569735,11.208372116088867,0.7787401080131531,0.069478430939612,0.26
29,octanol_gsolv_eV,21,0.05357765406370163,0.045859046280384064,0.6480651435471296,0.9572048522592043,10.154438018798828,0.008510716259479523,0.0008381277470721377,0.06
29,octanol_gsolv_eV,22,0.2479904443025589,0.04732520133256912,0.6502649304309864,0.9161121324363257,10.695855140686035,0.54886394739151,0.0513155741333559,0.18
29,octanol_gsolv_eV,23,0.2396787405014038,0.047701481729745865,0.6487617062458542,0.9209439122775311,10.775123596191406,0.7220242023468018,0.06700843808436774,0.2
29,octanol_gsolv_eV,24,0.2878285348415375,0.04817832633852959,0.6483312043211109,0.9179515834211018,10.92142105102539,0.8181067705154419,0.07490845437541586,0.3
29,octanol_gsolv_eV,25,0.14588984847068787,0.034616027027368546,0.653817992566408,0.9724610523381185,7.751432418823242,0.011962726712226868,0.0015432923962772481,0.14
29,octanol_gsolv_eV,26,0.09947096556425095,0.044694799929857254,0.6524419234524867,0.9537876244471823,10.0132417678833,0.010770466178655624,0.0010756223037778896,0.1
29,octanol_gsolv_eV,27,0.08817019313573837,0.04576016589999199,0.6485023385587305,0.9676170163813906,10.171111106872559,0.012386388145387173,0.0012178008887365082,0.08
29,octanol_gsolv_eV,28,0.148061141371727,0.047320932149887085,0.6482876794890948,0.9659232604612968,10.519037246704102,0.023701105266809464,0.002253162975940185,0.14
29,octanol_gsolv_eV,29,0.08120332658290863,0.05254213884472847,0.6466295824198398,0.9681250651553506,11.609559059143066,0.024114249274134636,0.0020771029417472617,0.02
29,octanol_gsolv_eV,30,0.2998819053173065,0.04630499333143234,0.6503069210428891,0.9378786307247895,10.456259727478027,0.5023567080497742,0.04804363330126832,0.22
29,octanol_gsolv_eV,31,0.11467310786247253,0.052278127521276474,0.6486820014542976,0.958279944664709,11.598620414733887,0.023464297875761986,0.0020230248975089283,0.1
29,octanol_gsolv_eV,32,0.1017346978187561,0.04293391853570938,0.6424112305652951,0.9718838077300007,9.435580253601074,0.01817944273352623,0.0019266904890759711,0.1
29,octanol_gsolv_eV,33,0.31703540682792664,0.017841026186943054,0.6631491013824613,0.9693160792576225,4.037592887878418,0.16743652522563934,0.04146939274841552,0.22
29,octanol_gsolv_eV,34,0.3073444366455078,0.036313243210315704,0.6504326066357897,0.937308551569145,8.09894847869873,1.0063483715057373,0.12425667037548913,0.3
29,octanol_gsolv_eV,35,0.2916107773780823,0.051535092294216156,0.6460883792518037,0.9185309978139591,11.56934928894043,0.8998778462409973,0.07778119786747419,0.28
29,octanol_gsolv_eV,36,0.10124127566814423,0.05020330846309662,0.646968428798866,0.9658830683733282,11.114956855773926,0.02227982133626938,0.0020044901321137924,0.02
29,octanol_gsolv_eV,37,0.25754091143608093,0.05134623125195503,0.6503620081345538,0.9230016097967011,11.593368530273438,0.5080006718635559,0.04381821129355355,0.26
29,octanol_gsolv_eV,38,0.13118965923786163,0.04540066048502922,0.6459066840589129,0.973336001240154,10.040740013122559,0.014709200710058212,0.001464951855225242,0.14
29,octanol_gsolv_eV,39,0.18705417215824127,0.05512053892016411,0.6478891029976206,0.959827290758503,12.30252742767334,0.04522249847650528,0.003675870567439798,0.12
29,octanol_gsolv_eV,40,0.20112209022045135,0.05282950773835182,0.6510288932931083,0.9266787317909306,11.90355396270752,0.4521206319332123,0.037981987005700546,0.2
29,octanol_gsolv_eV,41,0.13825899362564087,0.04175245389342308,0.6487766413297309,0.9760474585913637,9.27626895904541,0.011941340751945972,0.0012872999699196752,0.14
29,octanol_gsolv_eV,42,0.12267699837684631,0.056153636425733566,0.6454624631020971,0.9723516062474946,12.396004676818848,0.029059303924441338,0.0023442475767037826,0.1
29,octanol_gsolv_eV,43,0.13168220221996307,0.06655848026275635,0.6443459138206924,0.9729957276655263,14.598526000976562,0.01726122386753559,0.0011823949805878284,0.08
29,octanol_gsolv_eV,44,0.269080251455307,0.05050518363714218,0.6493510109722254,0.9368473167837914,11.444868087768555,0.4424985647201538,0.038663491909798786,0.2
29,octanol_gsolv_eV,45,0.3996470272541046,0.023103320971131325,0.6622259442089153,0.9332255458892567,5.295943737030029,0.9035252332687378,0.17060703023545254,0.32
29,octanol_gsolv_eV,46,0.15171390771865845,0.04618028551340103,0.6475489034226682,0.971189555398241,10.25365924835205,0.024945227429270744,0.0024328122112386263,0.14
29,octanol_gsolv_eV,47,0.27229073643684387,0.04676651954650879,0.646504348018768,0.92725137581566,10.503695487976074,1.0832492113113403,0.10313029471878458,0.32
29,octanol_gsolv_eV,48,0.2326672524213791,0.054264143109321594,0.6490431340273148,0.9414048587232777,12.16230297088623,0.396946519613266,0.03263744708246991,0.24
29,octanol_gsolv_eV,49,0.3047384023666382,0.05379476398229599,0.65080605298904,0.9064318284519075,12.25467300415039,0.8516979217529297,0.06949984887107785,0.28
29,octanol_gsolv_eV,50,0.15486624836921692,0.050016529858112335,0.6510442494236222,0.9645424248646883,11.229704856872559,0.07909077405929565,0.007042996683113381,0.14
29,octanol_gsolv_eV,51,0.12379052489995956,0.05904543772339821,0.6464753916976667,0.9727064035988469,13.014960289001465,0.012539246119558811,0.0009634486653144332,0.06
29,octanol_gsolv_eV,52,0.20970292389392853,0.05110567808151245,0.6504205666554836,0.9320531034857609,11.448058128356934,0.34165170788764954,0.029843638463135983,0.22
29,octanol_gsolv_eV,53,0.08477353304624557,0.05368733033537865,0.6485630219338259,0.9652825856831948,11.89226245880127,0.007474246900528669,0.0006284966318580617,0.08
29,octanol_gsolv_eV,54,0.09264618158340454,0.0612197108566761,0.6466331239025109,0.963421102264951,13.519397735595703,0.009451236575841904,0.0006990871014140968,0.1
29,octanol_gsolv_eV,55,0.22263336181640625,0.045458078384399414,0.6502966055813617,0.9116270183329651,10.269258499145508,0.5837188363075256,0.05684138113341836,0.2
29,octanol_gsolv_eV,56,0.12117088586091995,0.05187341943383217,0.6425954817554891,0.9693517339789364,11.360979080200195,0.008310025557875633,0.0007314532928203579,0.14
29,octanol_gsolv_eV,57,0.25398701429367065,0.051206961274147034,0.647174183434992,0.9117772559552286,11.479156494140625,0.47702252864837646,0.041555538413633956,0.32
29,octanol_gsolv_eV,58,0.13342821598052979,0.04410810023546219,0.6478209777964181,0.9420216202359837,9.779007911682129,0.12079641222953796,0.012352624450301651,0.08
29,octanol_gsolv_eV,59,0.27998778223991394,0.04580081254243851,0.6481193226904587,0.9062313690633854,10.33271598815918,0.833087682723999,0.08062620550866582,0.28
29,octanol_gsolv_eV,60,0.06626378744840622,0.063590869307518,0.6485424049068143,0.9667201147070306,14.133977890014648,0.01168998796492815,0.0008270840704503207,0.1
29,octanol_gsolv_eV,61,0.15720753371715546,0.044420961290597916,0.6491429124130907,0.9419844086510099,9.92734146118164,0.13562707602977753,0.013661973506211398,0.14
29,octanol_gsolv_eV,62,0.09667352586984634,0.031249500811100006,0.6502483523230977,0.9327267470887619,6.947632312774658,0.16134607791900635,0.02322317455147104,0.02
29,octanol_gsolv_eV,63,0.2968909740447998,0.03522775322198868,0.6463078329972891,0.9035161897357209,7.824796676635742,0.746888279914856,0.09545146165203353,0.18
29,octanol_gsolv_eV,64,0.13226278126239777,0.050973646342754364,0.6479664070883184,0.974784708141496,11.302022933959961,0.013845997862517834,0.001225090228839814,0.16
29,octanol_gsolv_eV,65,0.33203646540641785,0.05072011798620224,0.6460272373848042,0.9215252550057078,11.450197219848633,1.1061724424362183,0.09660728293122287,0.36
29,octanol_gsolv_eV,66,0.2210616022348404,0.03730330243706703,0.6487952470273681,0.9227513842629238,8.294135093688965,0.33947426080703735,0.04092943471168494,0.18
29,octanol_gsolv_eV,67,0.07994847744703293,0.0601198635995388,0.6473641731285065,0.964683526341545,13.337733268737793,0.01236493606120348,0.0009270642778698802,0.04
29,octanol_gsolv_eV,68,0.10294176638126373,0.05705190822482109,0.6466341852388595,0.9716342485112475,12.588679313659668,0.0073496573604643345,0.0005838306924293004,0.12
29,octanol_gsolv_eV,69,0.07315469533205032,0.052981872111558914,0.6467546553566856,0.9687409169692884,11.673222541809082,0.005929326172918081,0.0005079425284390382,0.08
29,octanol_gsolv_eV,70,0.2929691970348358,0.058947134763002396,0.6481163455159582,0.9177415857395754,13.316598892211914,0.7675822973251343,0.05764101656422553,0.16
29,octanol_gsolv_eV,71,0.21737203001976013,0.0185618344694376,0.6630598359619406,0.9693225031874395,4.193195819854736,0.07752840965986252,0.018489098289368303,0.2
29,octanol_gsolv_eV,72,0.23131993412971497,0.05640563741326332,0.6468490231492561,0.93577756640506,12.554903030395508,0.34472623467445374,0.027457498782736046,0.16
29,octanol_gsolv_eV,73,0.12606686353683472,0.04882669821381569,0.650359288281376,0.9506131386705718,10.88169002532959,0.038187868893146515,0.003509369298726175,0.18
29,octanol_gsolv_eV,74,0.24280939996242523,0.02383466623723507,0.6582146679412797,0.9525539179240747,5.356969356536865,0.22095385193824768,0.04124605485536851,0.14
29,octanol_gsolv_eV,75,0.09786200523376465,0.06496165692806244,0.6471588902088663,0.9701941296019285,14.414362907409668,0.02231445536017418,0.0015480708723313388,0.04
29,octanol_gsolv_eV,76,0.14681540429592133,0.053745102137327194,0.6487770837679157,0.9611943275393802,11.95308780670166,0.053097181022167206,0.004442130927240203,0.06
29,octanol_gsolv_eV,77,0.05118342489004135,0.05428602173924446,0.6469588078573785,0.9608708884583095,11.979411125183105,0.01155642606317997,0.0009646906632068135,0.04
29,octanol_gsolv_eV,78,0.4046570062637329,0.03346185013651848,0.6541353071447014,0.9110015113609888,7.696423530578613,0.7912829518318176,0.10281177337603319,0.32
29,octanol_gsolv_eV,79,0.4671025574207306,0.025610247626900673,0.6685328910232127,0.9554684261097095,5.907962322235107,1.1962664127349854,0.2024837579333804,0.48
29,octanol_gsolv_eV,80,0.2517430782318115,0.02350807934999466,0.6615827170767874,0.9569313878486327,5.331794738769531,0.19910883903503418,0.03734368046602342,0.14
29,octanol_gsolv_eV,81,0.4323141574859619,0.04955960437655449,0.6519627003231632,0.9188012701445918,11.383508682250977,1.5458662509918213,0.13579875011665923,0.34
29,octanol_gsolv_eV,82,0.30133122205734253,0.04827900975942612,0.6459817889724275,0.9219904054126031,10.865962982177734,0.5526959896087646,0.05086488795473463,0.44
29,octanol_gsolv_eV,83,0.28338533639907837,0.04838206619024277,0.649913905332759,0.9152044285454672,10.938470840454102,0.5976812839508057,0.05464029594889823,0.3
29,octanol_gsolv_eV,84,0.07822125405073166,0.060679953545331955,0.643724645867437,0.9644509574868512,13.30025577545166,0.010578648187220097,0.0007953717857625832,0.04
29,octanol_gsolv_eV,85,0.33881640434265137,0.041702207177877426,0.650724339727319,0.9238836683593921,9.536283493041992,1.8537594079971313,0.19439013210436742,0.32
29,octanol_gsolv_eV,86,0.0631674975156784,0.04792215675115585,0.6488124906336592,0.9580544119210186,10.652389526367188,0.006269503850489855,0.0005885537545328536,0.04
29,octanol_gsolv_eV,87,0.216969832777977,0.04538332670927048,0.6447230469761884,0.9031964322693471,10.154069900512695,0.9070661664009094,0.08933030551179387,0.1
29,octanol_gsolv_eV,88,0.28109148144721985,0.05488910526037216,0.6475403410660259,0.9238062931576296,12.362385749816895,0.8444550633430481,0.06830842204997169,0.22
29,octanol_gsolv_eV,89,0.2510843873023987,0.048903245478868484,0.6483179426119445,0.90266492099025,11.002196311950684,0.9456174373626709,0.08594806078269417,0.18
29,octanol_gsolv_eV,90,0.07242485880851746,0.048369865864515305,0.6443891542038851,0.9472555746189191,10.584343910217285,0.06297758221626282,0.005950069531987643,0.04
29,octanol_gsolv_eV,91,0.23386195302009583,0.0510421022772789,0.6306315299558414,0.9218926168977406,11.012364387512207,0.6880267858505249,0.062477662529105284,0.16
29,octanol_gsolv_eV,92,0.11352354288101196,0.06615246832370758,0.6444654992445267,0.9570091367036329,14.50383472442627,0.019673125818371773,0.0013564085769151638,0.1
29,octanol_gsolv_eV,93,0.1251252442598343,0.054780084639787674,0.6472670648309535,0.9444261856433083,12.083024024963379,0.04862280189990997,0.004024059026900539,0.16
29,octanol_gsolv_eV,94,0.31412193179130554,0.042693596333265305,0.6510266907446076,0.9166900473668085,9.590483665466309,1.2372283935546875,0.12900583919554917,0.2
29,octanol_gsolv_eV,95,0.24610844254493713,0.056637413799762726,0.6488466508773851,0.9355352673355326,12.727977752685547,0.260942280292511,0.020501472061219883,0.14
29,octanol_gsolv_eV,96,0.1819392442703247,0.05647780001163483,0.6473814431574343,0.9177675358067285,12.576333999633789,0.3370591700077057,0.026801066989594943,0.12
29,octanol_gsolv_eV,97,0.22118444740772247,0.045674391090869904,0.6474711591096376,0.9210717416280194,10.200446128845215,0.4573933184146881,0.04484052095733868,0.22
29,octanol_gsolv_eV,98,0.23723778128623962,0.04950031265616417,0.650243373125831,0.9060551882123531,11.154855728149414,0.4397426247596741,0.03942163264828053,0.24
29,octanol_gsolv_eV,99,0.2257390171289444,0.04640937224030495,0.6498116112374701,0.9040842753328997,10.433996200561523,0.5391457676887512,0.051672030286893926,0.2
29,octanol_gsolv_eV,100,0.36976563930511475,0.047477368265390396,0.6501996421143057,0.920626867871281,10.770550727844238,0.9741784334182739,0.09044833992562783,0.36
29,octanol_gsolv_eV,101,0.23163844645023346,0.0442635640501976,0.6502519750206408,0.9503311085969945,9.953740119934082,0.23955844342708588,0.024067178823297664,0.2
29,octanol_gsolv_eV,102,0.05681917443871498,0.033792804926633835,0.6503220020757186,0.9706142389382912,7.504225254058838,0.02270933799445629,0.0030262068668812157,0.02
29,octanol_gsolv_eV,103,0.18383418023586273,0.037556424736976624,0.6516460535624162,0.9771361431896106,8.42103385925293,0.01983516477048397,0.0023554310672542103,0.14
29,octanol_gsolv_eV,104,0.36662232875823975,0.04465373232960701,0.6495526726621079,0.9143508890261727,10.093358039855957,1.0956796407699585,0.10855452035322775,0.36
29,octanol_gsolv_eV,105,0.170723095536232,0.04304443672299385,0.6488450273789119,0.9558081730572159,9.593806266784668,0.08960753679275513,0.009340144495411705,0.08
29,octanol_gsolv_eV,106,0.24823109805583954,0.051743391901254654,0.6484547706154273,0.9454480607696589,11.567452430725098,0.5752394795417786,0.049729141570865325,0.16
29,octanol_gsolv_eV,107,0.22789981961250305,0.04780745506286621,0.6500696171264746,0.9045477206727737,10.754926681518555,0.45870769023895264,0.04265093606144276,0.2
29,octanol_gsolv_eV,108,0.13668584823608398,0.053423523902893066,0.6478185586574312,0.9659305351261769,11.82947826385498,0.030582793056964874,0.0025853036266536558,0.12
29,octanol_gsolv_eV,109,0.1514626443386078,0.04461650922894478,0.6491340958914831,0.9420167919170017,9.925649642944336,0.08216661959886551,0.008278210752408914,0.16
29,octanol_gsolv_eV,110,0.2848716974258423,0.04866967722773552,0.6490792484592809,0.909334711656625,10.982133865356445,0.4955962300300598,0.04512749854501745,0.36
29,octanol_gsolv_eV,111,0.2435913383960724,0.03692856803536415,0.6483953487401559,0.9192695443268142,8.262619018554688,0.6303737163543701,0.07629224038271538,0.26
29,octanol_gsolv_eV,112,0.302383691072464,0.043094366788864136,0.6493554282261209,0.9203481256625199,9.821481704711914,0.9319952726364136,0.09489355075510483,0.22
29,octanol_gsolv_eV,113,0.12491104751825333,0.04714468866586685,0.6485890982092155,0.9755467174061043,10.488165855407715,0.016181165352463722,0.0015428021996925887,0.12
29,octanol_gsolv_eV,114,0.09525404870510101,0.05456050485372543,0.647891030482552,0.9711445439808031,12.075799942016602,0.008375978097319603,0.0006936168318072396,0.1
29,octanol_gsolv_eV,115,0.2583915591239929,0.05426948517560959,0.6454512073344401,0.9286168889732012,12.071764945983887,0.7464508414268494,0.06183444134034299,0.32
29,octanol_gsolv_eV,116,0.4485926628112793,0.03169173374772072,0.663087423553663,0.9371282496827651,7.378294944763184,1.1179742813110352,0.15152203722955374,0.22
29,octanol_gsolv_eV,117,0.3156646490097046,0.04308587312698364,0.6481436372012468,0.9030839208071473,9.688177108764648,0.7861042022705078,0.08114056890633628,0.26
29,octanol_gsolv_eV,118,0.07316698879003525,0.05083061009645462,0.6517634819889313,0.9597850641002321,11.37320613861084,0.010323327034711838,0.0009076883781843387,0.04
29,octanol_gsolv_eV,119,0.22544921934604645,0.049476392567157745,0.6505683908103355,0.9376263329785846,11.131190299987793,0.3025895655155182,0.027183936071585268,0.24
29,octanol_gsolv_eV,120,0.2629452049732208,0.055022887885570526,0.6472123410908261,0.9522477942335326,12.262903213500977,0.1893525868654251,0.015441089566535542,0.26
29,octanol_gsolv_eV,121,0.1263028234243393,0.0499812588095665,0.6496930693421321,0.9655136240273521,11.122718811035156,0.018304865807294846,0.001645718651912164,0.12
29,octanol_gsolv_eV,122,0.09706146270036697,0.04816839471459389,0.6483912598034196,0.9443599897098367,10.670347213745117,0.05035262927412987,0.004718930721323446,0.08
29,octanol_gsolv_eV,123,0.3592170178890228,0.051127757877111435,0.6512158786649127,0.918821677227029,11.769810676574707,2.18686842918396,0.18580319507912343,0.36
29,octanol_gsolv_eV,124,0.6287594437599182,0.012260379269719124,0.6783807058261733,0.914436805123038,2.7538657188415527,1.4513834714889526,0.5270349463878343,0.5
29,octanol_gsolv_eV,125,0.23740185797214508,0.04814307764172554,0.64851305742521,0.9293701474146514,10.806109428405762,0.23810632526874542,0.022034417367904957,0.22
29,octanol_gsolv_eV,126,0.28585657477378845,0.05234528332948685,0.6368927728486824,0.9223328212747777,11.607120513916016,0.6259539723396301,0.053928446042165325,0.3
29,octanol_gsolv_eV,127,0.279702365398407,0.04337485134601593,0.648656609548709,0.9133806531260216,9.788498878479004,0.767706036567688,0.0784293941388262,0.22
29,octanol_gsolv_eV,128,0.0653916448354721,0.05106152221560478,0.6470224356062573,0.9716912989051485,11.295668601989746,0.009454885497689247,0.0008370363748121787,0.08
29,octanol_gsolv_eV,129,0.6241506338119507,0.01761094480752945,0.6725596379834753,0.9153730980735992,4.108738422393799,1.5547983646392822,0.37841259403742683,0.62
29,octanol_gsolv_eV,130,0.07256074994802475,0.044490572065114975,0.6486002778874798,0.9543877369591229,9.852798461914062,0.048090189695358276,0.004880866068787526,0.06
29,octanol_gsolv_eV,131,0.197946235537529,0.04184645786881447,0.6494677958173702,0.9320182353123849,9.355400085449219,0.3496456742286682,0.03737367413847799,0.12
29,octanol_gsolv_eV,132,0.2665862739086151,0.04139337316155434,0.6485482022345617,0.9260582142007887,9.272314071655273,0.5289311408996582,0.057044135564449726,0.14
29,octanol_gsolv_eV,133,0.34869617223739624,0.06944573670625687,0.6442321563199724,0.9446663601724743,15.387600898742676,1.3855262994766235,0.09004173610909257,0.42
29,octanol_gsolv_eV,134,0.23779594898223877,0.05039104446768761,0.6487654178433016,0.9276018527481937,11.280799865722656,0.2823038399219513,0.02502516162703563,0.16
29,octanol_gsolv_eV,135,0.2445347160100937,0.06161218509078026,0.6464056871567507,0.9360194250291964,13.74340534210205,0.24645599722862244,0.017932673241734354,0.2
29,octanol_gsolv_eV,136,0.26400187611579895,0.051474668085575104,0.646686295792702,0.8955163514757019,11.564847946166992,0.7595700025558472,0.06567920357375698,0.28
29,octanol_gsolv_eV,137,0.09669974446296692,0.05437538027763367,0.6412873211387158,0.9589365443503035,11.911471366882324,0.01548631303012371,0.0013001175550134455,0.08
29,octanol_gsolv_eV,138,0.1194593608379364,0.04839107394218445,0.6475746771215682,0.9717518355296615,10.723800659179688,0.007619826123118401,0.0007105527569272512,0.12
29,octanol_gsolv_eV,139,0.4114155173301697,0.019817136228084564,0.6604222715608437,0.9382314677373846,4.458262920379639,0.8810353875160217,0.19761853512241895,0.24
29,octanol_gsolv_eV,140,0.2998248338699341,0.05083160474896431,0.6466672689609574,0.9118195205465769,11.448701858520508,0.6005181074142456,0.052452943122745385,0.28
29,octanol_gsolv_eV,141,0.16615621745586395,0.047861579805612564,0.6482369560650343,0.9529062666301655,10.623577117919922,0.09892643243074417,0.00931197009563515,0.14
29,octanol_gsolv_eV,142,0.07395700365304947,0.033219050616025925,0.6499341380088968,0.9392178366688455,7.395110130310059,0.12713077664375305,0.017191194506040813,0.04
29,octanol_gsolv_eV,143,0.31076452136039734,0.050398051738739014,0.6479157416333763,0.9208443027473492,11.256879806518555,1.1920419931411743,0.10589452971247815,0.34
29,octanol_gsolv_eV,144,0.08570597320795059,0.023253705352544785,0.6525452296029453,0.9525881451345712,5.170211315155029,0.0470513254404068,0.009100464675880653,0.04
29,octanol_gsolv_eV,145,0.15486440062522888,0.046566400676965714,0.649481520732615,0.9366544050086307,10.406620979309082,0.168141171336174,0.016157134162037796,0.12
29,octanol_gsolv_eV,146,0.3902944326400757,0.04212166368961334,0.6523444919928909,0.9084291113265186,9.642660140991211,1.3269957304000854,0.13761718353621014,0.3
29,octanol_gsolv_eV,147,0.2065599411725998,0.04637937620282173,0.6473387455757889,0.9071131190430797,10.343938827514648,0.9899642467498779,0.09570476616862765,0.1
29,octanol_gsolv_eV,148,0.07631896436214447,0.05307856947183609,0.6504455361470789,0.9575738305593626,11.871330261230469,0.009987827390432358,0.0008413402011946987,0.1
29,octanol_gsolv_eV,149,0.49182265996932983,0.02715156227350235,0.6640550141218471,0.917327406602231,6.391674518585205,1.3158832788467407,0.20587457559369138,0.34
29,octanol_gsolv_eV,150,0.12307371199131012,0.04212171584367752,0.6483382320449373,0.9508043713287679,9.31897258758545,0.0920502245426178,0.009877722428891494,0.08
29,octanol_gsolv_eV,151,0.2505403459072113,0.0415082685649395,0.6473754930820277,0.9106262268960226,9.247183799743652,0.4400840103626251,0.04759113908548298,0.2
29,octanol_gsolv_eV,152,0.42274826765060425,0.04359138384461403,0.652573840503607,0.9068787559149205,9.927435874938965,1.3663594722747803,0.13763468124977243,0.28
29,octanol_gsolv_eV,153,0.19447115063667297,0.02658863551914692,0.6516044395934122,0.9670229270931363,5.922794342041016,0.06074503809213638,0.010256145086949522,0.12
29,octanol_gsolv_eV,154,0.32944461703300476,0.04118265584111214,0.6504951797820151,0.9168266940986105,9.35474967956543,0.6891617178916931,0.07366971233843937,0.32
29,octanol_gsolv_eV,155,0.37267574667930603,0.04101533070206642,0.6522607198329278,0.9253704118471398,9.323436737060547,0.9369990825653076,0.10049932326357165,0.3
29,octanol_gsolv_eV,156,0.1843750923871994,0.05369637906551361,0.6479808895207095,0.9114234689729639,12.092106819152832,0.6693116426467896,0.0553511189288089,0.16
29,octanol_gsolv_eV,157,0.34829437732696533,0.04730025678873062,0.6514861066997035,0.9007909673862653,10.745543479919434,0.9096762537956238,0.08465614191553615,0.32
29,octanol_gsolv_eV,158,0.17107287049293518,0.03891132026910782,0.6496574345653361,0.9443936518373717,8.665714263916016,0.12889550626277924,0.014874192979048408,0.12
29,octanol_gsolv_eV,159,0.2523728907108307,0.046904560178518295,0.6500384184258814,0.9056364861094737,10.646546363830566,1.038482904434204,0.09754176321086004,0.22
29,octanol_gsolv_eV,160,0.3176424503326416,0.05990394949913025,0.6396991044449898,0.92209261347781,13.344593048095703,1.1039059162139893,0.08272308583973781,0.18
29,octanol_gsolv_eV,161,0.1370915025472641,0.0604742169380188,0.6452203129016365,0.9692766397854706,13.339534759521484,0.025001218542456627,0.001874219678059707,0.12
29,octanol_gsolv_eV,162,0.12346414476633072,0.04870693013072014,0.6484910594229012,0.9526397898126715,10.833539009094238,0.017981667071580887,0.001659814678886201,0.14
29,octanol_gsolv_eV,163,0.06864223629236221,0.04699375107884407,0.6484886391441991,0.9654593220504111,10.444869995117188,0.011278911493718624,0.0010798517836020302,0.1
29,octanol_gsolv_eV,164,0.3490754961967468,0.05102085322141647,0.6506462212875472,0.9195022791714702,11.689570426940918,1.1489007472991943,0.09828425727701047,0.32
29,octanol_gsolv_eV,165,0.13600192964076996,0.03653121367096901,0.6441557114189234,0.9325506193411026,8.036722183227539,0.07991619408130646,0.009943879141186412,0.08
29,octanol_gsolv_eV,166,0.2707822322845459,0.04846137762069702,0.6492827018418814,0.9361150290156772,10.865795135498047,0.5068877339363098,0.04664985190824473,0.26
29,octanol_gsolv_eV,167,0.14419153332710266,0.040662553161382675,0.6519621198997703,0.9739609918699135,9.121408462524414,0.018600748851895332,0.0020392408615749506,0.12
29,octanol_gsolv_eV,168,0.09046129137277603,0.05014600232243538,0.6478820072542271,0.9630996757414512,11.108171463012695,0.0109044648706913,0.0009816615549193056,0.08
29,octanol_gsolv_eV,169,0.46072232723236084,0.025040240958333015,0.6630147589648945,0.9234367622127129,5.815733432769775,1.1301099061965942,0.19431941289275584,0.36
29,octanol_gsolv_eV,170,0.13942117989063263,0.0484800785779953,0.6482795471296459,0.9410632618684673,10.736879348754883,0.04470746964216232,0.004163916552470797,0.14
29,octanol_gsolv_eV,171,0.24018129706382751,0.04834483936429024,0.6480682416166563,0.9201450319830915,10.853281021118164,0.3811907470226288,0.035122166861883804,0.12
29,octanol_gsolv_eV,172,0.08379589021205902,0.05628661438822746,0.6293517597218643,0.9591689933304492,12.061111450195312,0.021341538056731224,0.0017694503649069281,0.04
29,octanol_gsolv_eV,173,0.1429360806941986,0.04947715625166893,0.6481347652099541,0.9713659912601145,10.988533020019531,0.06503095477819443,0.005918074292511781,0.16
29,octanol_gsolv_eV,174,0.30581536889076233,0.04845723882317543,0.6482833581707783,0.9333524305472201,10.906471252441406,0.5969187021255493,0.05473069045975154,0.24
29,octanol_gsolv_eV,175,0.2581946551799774,0.05016302689909935,0.651865469657045,0.9102919381105039,11.396295547485352,0.9345736503601074,0.08200679303778899,0.32
29,octanol_gsolv_eV,176,0.11645110696554184,0.04764368757605553,0.6484240290851255,0.962990966716031,10.584364891052246,0.011793345212936401,0.0011142232277825377,0.12
29,octanol_gsolv_eV,177,0.24046489596366882,0.04203019663691521,0.6486915583700474,0.9505383701664429,9.37500286102295,0.3148603141307831,0.033585089924594136,0.14
29,octanol_gsolv_eV,178,0.1844935566186905,0.05642683431506157,0.6471336672737502,0.947082030439313,12.567795753479004,0.1947343945503235,0.015494713501881769,0.1
29,octanol_gsolv_eV,179,0.10442294180393219,0.0633527860045433,0.6458950468837608,0.9620243610193819,13.96116828918457,0.01225455291569233,0.0008777598451546265,0.08
29,octanol_gsolv_eV,180,0.3131113350391388,0.03570849075913429,0.6506052038098578,0.9146308470003421,8.036151885986328,0.8784069418907166,0.10930691136170631,0.26
29,octanol_gsolv_eV,181,0.39588844776153564,0.05434120446443558,0.6505332461997118,0.9295574083153069,12.352462768554688,1.9680275917053223,0.15932268961905102,0.28
29,octanol_gsolv_eV,182,0.24201925098896027,0.048159219324588776,0.6492590610757265,0.9187302315096857,10.778951644897461,0.7911864519119263,0.0734010577259114,0.24
29,octanol_gsolv_eV,183,0.060558900237083435,0.053866855800151825,0.6473648414008584,0.9715623819276422,11.932469367980957,0.010434518568217754,0.0008744643079677426,0.06
29,octanol_gsolv_eV,184,0.3050489127635956,0.04690674692392349,0.6481435534598945,0.9169746520005624,10.603979110717773,0.9309695959091187,0.08779436343552946,0.28
29,octanol_gsolv_eV,185,0.33254268765449524,0.037919506430625916,0.6502128536019611,0.9222176840130809,8.669954299926758,0.7930956482887268,0.09147633549757313,0.36
29,octanol_gsolv_eV,186,0.10765230655670166,0.040243782103061676,0.6484544124655018,0.9641049323108701,8.91878604888916,0.05302774906158447,0.005945624076069087,0.04
29,octanol_gsolv_eV,187,0.2674732804298401,0.04728519544005394,0.6486797456305338,0.9197905919877842,10.635395050048828,0.49402880668640137,0.046451382798811336,0.3
29,octanol_gsolv_eV,188,0.10773544013500214,0.05122530087828636,0.6491316459140355,0.9661688926611878,11.396745681762695,0.012303832918405533,0.0010795917766327258,0.1
29,octanol_gsolv_eV,189,0.2276286631822586,0.04154977574944496,0.6515756393756651,0.9261112740494457,9.319639205932617,0.5455837249755859,0.05854129252431606,0.18
29,octanol_gsolv_eV,190,0.206634521484375,0.04809517413377762,0.648033109060066,0.9690757151966847,10.721782684326172,0.05618147552013397,0.005239937907178799,0.2
29,octanol_gsolv_eV,191,0.07119346410036087,0.05278924107551575,0.6507449602421074,0.966651837393788,11.802268981933594,0.004348951391875744,0.0003684843480972118,0.06
29,octanol_gsolv_eV,192,0.05597733333706856,0.04480881243944168,0.6525933923449956,0.9596085915942112,10.07415771484375,0.030086776241660118,0.0029865301986814054,0.04
29,octanol_gsolv_eV,193,0.22296176850795746,0.058546487241983414,0.6443009708733949,0.9133394835473216,12.959868431091309,0.8304335474967957,0.06407731312337617,0.14
29,octanol_gsolv_eV,194,0.19507238268852234,0.047828856855630875,0.6480479801258221,0.9458300998552285,10.628647804260254,0.13315477967262268,0.0125279134396805,0.2
29,octanol_gsolv_eV,195,0.1811579316854477,0.049860041588544846,0.6458155197519224,0.9106855974988424,11.070748329162598,0.46463340520858765,0.04196946686834611,0.16
29,octanol_gsolv_eV,196,0.22736069560050964,0.04018721356987953,0.6492924508530744,0.9479537948545684,8.97738265991211,0.2971958816051483,0.033104958634798565,0.16
29,octanol_gsolv_eV,197,0.3761860132217407,0.05166877061128616,0.6485337039864794,0.9088324721728647,11.808530807495117,0.6292794346809387,0.053290239483604694,0.42
29,octanol_gsolv_eV,198,0.33379241824150085,0.03881782293319702,0.6517169778785927,0.9239484354119831,8.801922798156738,0.6464824676513672,0.07344786843469597,0.4
29,octanol_gsolv_eV,199,0.12208054959774017,0.04890354722738266,0.6510922413003459,0.9714283754964308,10.92142391204834,0.010004871524870396,0.0009160775742651269,0.12
29,octanol_gsolv_eV,200,0.21651922166347504,0.046059947460889816,0.6505314756902165,0.9397284165675097,10.302128791809082,0.4853629767894745,0.047112881871111165,0.26
29,octanol_gsolv_eV,201,0.35478341579437256,0.044951438903808594,0.6532123748521856,0.9157314322328396,10.353232383728027,1.113171935081482,0.10751926488494863,0.24
29,octanol_gsolv_eV,202,0.11065103113651276,0.052094485610723495,0.6475306031440373,0.9649918600905263,11.535852432250977,0.015835298225283623,0.0013727029119246198,0.12
29,octanol_gsolv_eV,203,0.2664432227611542,0.08130521327257156,0.6387811672209254,0.9426068939237624,17.940933227539062,1.0579770803451538,0.05897001381852171,0.2
29,octanol_gsolv_eV,204,0.0426991805434227,0.042174361646175385,0.6468069743495171,0.9568590482789634,9.289020538330078,0.027487890794873238,0.0029591807533902643,0.08
29,octanol_gsolv_eV,205,0.34437644481658936,0.044121887534856796,0.6500780411173164,0.9142064854768144,9.954379081726074,1.2925738096237183,0.12984976752558913,0.34
29,octanol_gsolv_eV,206,0.23256264626979828,0.03305768594145775,0.6553383304837901,0.9552150705720992,7.4439568519592285,0.12395207583904266,0.01665136946708911,0.16
29,octanol_gsolv_eV,207,0.14442002773284912,0.04636027663946152,0.6477753816541816,0.9746599909744227,10.299036026000977,0.011642451398074627,0.0011304408848247603,0.14
29,octanol_gsolv_eV,208,0.30619528889656067,0.07096213847398758,0.6419636548279299,0.927199359941911,15.743382453918457,1.2411731481552124,0.0788377689348638,0.22
29,octanol_gsolv_eV,209,0.6109556555747986,0.027955669909715652,0.6807807367079133,0.9268803664322394,6.530496597290039,3.0651652812957764,0.4693617454096413,0.38
29,octanol_gsolv_eV,210,0.13219250738620758,0.029720375314354897,0.6575627660824075,0.9580449510239559,6.675098896026611,0.0213151965290308,0.0031932405588355832,0.1
29,octanol_gsolv_eV,211,0.28778642416000366,0.057477038353681564,0.6474130944486445,0.9121721234521605,12.847762107849121,1.2161091566085815,0.09465532957413808,0.32
29,octanol_gsolv_eV,212,0.1903430074453354,0.04877529293298721,0.6493836395166825,0.9561684834345101,10.91613483428955,0.10914252698421478,0.009998275822077463,0.16
29,octanol_gsolv_eV,213,0.09387428313493729,0.042626142501831055,0.6482793660123523,0.9638297020304012,9.460921287536621,0.017763081938028336,0.0018775213743114634,0.08
29,octanol_gsolv_eV,214,0.3533027768135071,0.04022647440433502,0.6492160624669192,0.9095279345678802,9.193325996398926,1.0689514875411987,0.11627472885872998,0.26
29,octanol_gsolv_eV,215,0.1759771853685379,0.052297379821538925,0.647899519533693,0.9451810372592826,11.611940383911133,0.1166011318564415,0.010041485574452107,0.18
29,octanol_gsolv_eV,216,0.34125104546546936,0.04841448739171028,0.6491073345630842,0.9303073292795718,10.977212905883789,0.6545925140380859,0.05963194115395395,0.34
29,octanol_gsolv_eV,217,0.21643081307411194,0.05170626938343048,0.6493220630216792,0.9041261839094235,11.632841110229492,0.40848544239997864,0.03511484757070838,0.28
29,octanol_gsolv_eV,218,0.1098455935716629,0.05296630412340164,0.648563733053158,0.9606804762842047,11.789102554321289,0.025072665885090828,0.0021267662885755844,0.16
29,octanol_gsolv_eV,219,0.11140464246273041,0.044949471950531006,0.6483148024941257,0.9627247355961281,10.002934455871582,0.015988264232873917,0.0015983573923639008,0.12
29,octanol_gsolv_eV,220,0.3071412444114685,0.04725734889507294,0.650492251090143,0.9210131543009152,10.757887840270996,1.2254403829574585,0.11391087183212249,0.3
29,octanol_gsolv_eV,221,0.2784622013568878,0.012670664116740227,0.6592795432722485,0.955658477724775,2.8152992725372314,0.20221614837646484,0.07182758520525657,0.18
29,octanol_gsolv_eV,222,0.2045903503894806,0.044124260544776917,0.6513529252253447,0.9347445556144487,9.926373481750488,0.1753254234790802,0.017662585817611414,0.16
29,octanol_gsolv_eV,223,0.18146857619285583,0.047782983630895615,0.6515954515877695,0.9343200931073852,10.747135162353516,0.19050979614257812,0.01772656556976421,0.14
29,octanol_gsolv_eV,224,0.23975910246372223,0.04580151289701462,0.6480208295962679,0.9121083649725836,10.302778244018555,0.7926074266433716,0.07693142644349671,0.2
29,octanol_gsolv_eV,225,0.056200060993433,0.0343639999628067,0.6506234211306214,0.9434098448611168,7.655126571655273,0.0052994717843830585,0.0006922774868289539,0.02
29,octanol_gsolv_eV,226,0.14572754502296448,0.06012818217277527,0.6451348525549612,0.9735093243266497,13.224172592163086,0.008736960589885712,0.000660681076944157,0.12
29,octanol_gsolv_eV,227,0.05967520922422409,0.04539297893643379,0.6374329444895455,0.9664753881831301,9.883491516113281,0.020752713084220886,0.0020997350025936954,0.04
29,octanol_gsolv_eV,228,0.1660364419221878,0.047382380813360214,0.6432720674961525,0.9616999602074923,10.43167781829834,0.06870775669813156,0.00658645309938641,0.18
29,octanol_gsolv_eV,229,0.15571202337741852,0.06119523197412491,0.6472606860254644,0.9528160258295766,13.595909118652344,0.23416703939437866,0.017223345445368042,0.04
29,octanol_gsolv_eV,230,0.10538306832313538,0.042193032801151276,0.6508987584068728,0.9398046079080891,9.416409492492676,0.08431238681077957,0.008953772335198298,0.02
29,octanol_gsolv_eV,231,0.17073428630828857,0.0569823756814003,0.646844265344928,0.9305541229347662,12.624019622802734,0.3423784375190735,0.027121190219051638,0.18
29,octanol_gsolv_eV,232,0.1865437775850296,0.04700509086251259,0.6489914614310173,0.9275193324418278,10.479437828063965,0.5351740717887878,0.05106896768408608,0.08
29,octanol_gsolv_eV,233,0.22852516174316406,0.05189157649874687,0.6487829205852675,0.9178787075217312,11.652606010437012,0.7697724103927612,0.06606010790232598,0.16
29,octanol_gsolv_eV,234,0.1639241725206375,0.05038733407855034,0.6487970395892881,0.9395504632412117,11.245985984802246,0.15063707530498505,0.01339474151119831,0.12
29,octanol_gsolv_eV,235,0.18031300604343414,0.05267574265599251,0.6487407605478133,0.9403340326330492,11.746673583984375,0.2870011031627655,0.02443254263522466,0.2
29,octanol_gsolv_eV,236,0.03812496364116669,0.0656360611319542,0.641454431637442,0.9752541346384773,14.242911338806152,0.01217561587691307,0.0008548544316034222,0.02
29,octanol_gsolv_eV,237,0.2959122359752655,0.04801899194717407,0.6521310772154938,0.9178923610829424,10.99570369720459,0.63526451587677,0.05777388454349418,0.32
29,octanol_gsolv_eV,238,0.1022707149386406,0.049598053097724915,0.6490387037690535,0.9702952919586267,11.037437438964844,0.009897435083985329,0.000896714943003434,0.08
29,octanol_gsolv_eV,239,0.08874779939651489,0.05118507519364357,0.6515781928169988,0.934107788885705,11.524419784545898,0.10926427692174911,0.009481108720828716,0.04
29,octanol_gsolv_eV,240,0.3562137484550476,0.027942797169089317,0.6608313779018267,0.9130266175837307,6.446982383728027,0.5210195183753967,0.08081602947922317,0.24
29,octanol_gsolv_eV,241,0.3436730206012726,0.04227964207530022,0.6500109843104396,0.9156179944403247,9.569913864135742,0.620255172252655,0.06481303604801779,0.26
29,octanol_gsolv_eV,242,0.2843506932258606,0.04755739867687225,0.6520805780028962,0.9095407892958576,10.801301002502441,0.6872169971466064,0.06362353914471898,0.16
29,octanol_gsolv_eV,243,0.14374063909053802,0.05406397208571434,0.6484991426270581,0.9706580832560225,12.035213470458984,0.019979087635874748,0.0016600526185027286,0.1
29,octanol_gsolv_eV,244,0.25670725107192993,0.052752938121557236,0.6501001890518852,0.9229279666818866,11.907354354858398,1.020195722579956,0.08567778300506353,0.22
29,octanol_gsolv_eV,245,0.13504204154014587,0.049040038138628006,0.6512135682588269,0.9358886301389382,10.970634460449219,0.06426607817411423,0.005858009252409519,0.1
29,octanol_gsolv_eV,246,0.21587114036083221,0.04708447679877281,0.6472924662612791,0.912883248135979,10.494656562805176,0.7361733913421631,0.0701474495079034,0.14
29,octanol_gsolv_eV,247,0.2519634962081909,0.05351787433028221,0.649481861870552,0.9266984582806561,12.027193069458008,0.3512304127216339,0.02920302440421884,0.22
29,octanol_gsolv_eV,248,0.6066133379936218,0.020181678235530853,0.6751080421108868,0.9355982704107322,4.69033670425415,2.102979898452759,0.44836437788045136,0.54
29,octanol_gsolv_eV,249,0.06663092225790024,0.049207236617803574,0.6484843153077715,0.9590813677377492,10.91091537475586,0.024386588484048843,0.0022350634796848576,0.02
29,octanol_hl_gap_eV,0,0.3123492896556854,0.0016628744779154658,0.6284134187218864,0.9047996228229163,0.44896170496940613,0.0633278340101242,0.14105397700777084,0.24
29,octanol_hl_gap_eV,1,0.8360510468482971,0.0018028398044407368,0.6312995856599801,0.9296408233165991,0.29724064469337463,0.5439425110816956,1.829973527485825,0.1
29,octanol_hl_gap_eV,2,0.14279228448867798,0.0010452958522364497,0.6652571293039842,0.9741649583545817,0.28361746668815613,0.0011466136202216148,0.004042817368093703,0.22
29,octanol_hl_gap_eV,3,0.0414893738925457,0.0010765341576188803,0.6429220947275462,0.9735355300316795,0.3444521427154541,0.001163938082754612,0.0033790995567013235,0.04
29,octanol_hl_gap_eV,4,0.03883109614253044,0.0021138968877494335,0.635323477502336,0.9779439656263613,0.3963857889175415,0.0007167395669966936,0.0018081868397804594,0.06
29,octanol_hl_gap_eV,5,0.06746050715446472,0.0014258373994380236,0.6269440465238578,0.9487268797786415,0.25117191672325134,0.005548086948692799,0.02208880284496871,0.04
29,octanol_hl_gap_eV,6,0.05680258944630623,0.0016027867095544934,0.6173767633099763,0.9735316187559555,0.2959761619567871,0.004138084594160318,0.013981141477077751,0.06
29,octanol_hl_gap_eV,7,0.022400664165616035,0.0015047307824715972,0.6247922488725726,0.9639287566890602,0.3489173650741577,0.0014772731810808182,0.004233876926036179,0.08
29,octanol_hl_gap_eV,8,0.02639596350491047,0.0021998228039592505,0.6165169687847518,0.9786332016235826,0.5376137495040894,0.002304529305547476,0.0042865892244631785,0.1
29,octanol_hl_gap_eV,9,0.03214579075574875,0.010546619072556496,0.6312732995402326,0.9845604443592715,2.313624620437622,0.005357598885893822,0.0023156733545135044,0.0
29,octanol_hl_gap_eV,10,0.04166271165013313,0.0015711005544289947,0.6187068069977844,0.9603142710005315,0.3547295928001404,0.0021091143134981394,0.005945695978870429,0.02
29,octanol_hl_gap_eV,11,0.10424943268299103,0.0013773890677839518,0.6334816348792232,0.9745120663772686,0.2961406409740448,0.0011523206485435367,0.003891126340354385,0.12
29,octanol_hl_gap_eV,12,0.06272833794355392,0.0017375641036778688,0.6410498926067456,0.9676695296750619,0.3122561275959015,0.0014955999795347452,0.0047896577436271764,0.04
29,octanol_hl_gap_eV,13,0.101854607462883,0.0010843373602256179,0.6896420852005212,0.9747073222773741,0.31638482213020325,0.0013597192009910941,0.004297675191357703,0.28
29,octanol_hl_gap_eV,14,0.10124676674604416,0.0012479242868721485,0.6326732039844756,0.9694821707417416,0.26675012707710266,0.0012692926684394479,0.004758358252150207,0.12
29,octanol_hl_gap_eV,15,0.1482303887605667,0.0036472813226282597,0.6311455032722533,0.983853876079958,0.8779450058937073,0.0012613942380994558,0.0014367576894129205,0.08
29,octanol_hl_gap_eV,16,0.03228740021586418,0.0028045247308909893,0.6428030899987502,0.9664553934035771,0.5422543287277222,0.0010742596350610256,0.0019810992336041543,0.02
29,octanol_hl_gap_eV,17,0.05007762834429741,0.0011838125064969063,0.6348343727100925,0.9767262945700206,0.2740563154220581,0.0014500413089990616,0.005291034095550536,0.0
29,octanol_hl_gap_eV,18,0.030430935323238373,0.0019018994644284248,0.6301544292389294,0.9629610448906292,0.3517625629901886,0.0007500541978515685,0.0021322740870309415,0.0
29,octanol_hl_gap_eV,19,0.09596326947212219,0.001455041696317494,0.6681096802453705,0.9689092665733545,0.39391788840293884,0.0024088460486382246,0.0061150968756570265,0.18
29,octanol_hl_gap_eV,20,0.06761986017227173,0.0017118987161666155,0.6372760997443676,0.9783593055016526,0.3081609904766083,0.0009378300164826214,0.003043311922875617,0.08
29,octanol_hl_gap_eV,21,0.08717548102140427,0.0009836849058046937,0.6737755494054491,0.961704595140118,0.2827386260032654,0.0006729126907885075,0.002379981470167914,0.14
29,octanol_hl_gap_eV,22,0.06476864218711853,0.001161354361101985,0.6338290259140589,0.9719413400293635,0.2633585035800934,0.0006418304983526468,0.002437098060733214,0.08
29,octanol_hl_gap_eV,23,0.22910255193710327,0.0014327100943773985,0.6360228984343479,0.8982202993089707,0.3091505467891693,0.05388854816555977,0.17431167023718713,0.18
29,octanol_hl_gap_eV,24,0.02045288309454918,0.0012873758096247911,0.6364100971971491,0.9661714980270089,0.3663409650325775,0.0008443081169389188,0.002304705718247582,0.04
29,octanol_hl_gap_eV,25,0.09437564760446548,0.0018671336583793163,0.6148494771491146,0.9778358529248175,0.4398912191390991,0.0014827917329967022,0.0033708145752457605,0.06
29,octanol_hl_gap_eV,26,0.12235349416732788,0.001305925427004695,0.6795790044200167,0.9740880210547551,0.3483985662460327,0.0011001643724739552,0.003157775258170951,0.22
29,octanol_hl_gap_eV,27,0.1654498279094696,0.000879381550475955,0.6356627052456698,0.9817250272751683,0.23091541230678558,0.007358155213296413,0.03186515416961707,0.12
29,octanol_hl_gap_eV,28,0.06931494921445847,0.0011102429125458002,0.6553682082168955,0.9661599357336565,0.27969881892204285,0.0010518771596252918,0.0037607493792044546,0.26
29,octanol_hl_gap_eV,29,0.04912612587213516,0.002836946863681078,0.6138141820415455,0.9832867025171026,0.6200222373008728,0.003422448178753257,0.005519879728269286,0.1
29,octanol_hl_gap_eV,30,0.03800089657306671,0.0019904279615730047,0.6346475512230156,0.9649816081553284,0.3700113594532013,0.001117953099310398,0.0030214021022557168,0.04
29,octanol_hl_gap_eV,31,0.07827075570821762,0.0016576747875660658,0.6401461846720122,0.9688195780520481,0.42536845803260803,0.0013992396416142583,0.003289476723511537,0.14
29,octanol_hl_gap_eV,32,0.05722670629620552,0.003960153087973595,0.6184645608430088,0.9862986437205479,0.8669592142105103,0.0017646625638008118,0.0020354620319801182,0.06
29,octanol_hl_gap_eV,33,0.09602567553520203,0.0010344634065404534,0.6439989569144109,0.9731345367932609,0.22291673719882965,0.0012465823674574494,0.005592143430421582,0.22
29,octanol_hl_gap_eV,34,0.047240450978279114,0.001746670575812459,0.6290332514171255,0.9697095518876191,0.42177942395210266,0.0010085898684337735,0.002391273284465174,0.06
29,octanol_hl_gap_eV,35,0.08123528957366943,0.0011177515843883157,0.6514114444093302,0.9754656245816835,0.230550155043602,0.0016469084657728672,0.007143384767888798,0.06
29,octanol_hl_gap_eV,36,0.1996518224477768,0.0013056689640507102,0.6144673282596183,0.904346068199311,0.38010692596435547,0.04250020533800125,0.1118111837351438,0.16
29,octanol_hl_gap_eV,37,0.07693740725517273,0.0010418243473395705,0.6547263076213639,0.9603991838061221,0.2803882658481598,0.001972947735339403,0.0070364846737481675,0.16
29,octanol_hl_gap_eV,38,0.09394615143537521,0.0010475005256012082,0.6476005133808842,0.971742541108529,0.2912043035030365,0.0009940044255927205,0.003413426290873327,0.26
29,octanol_hl_gap_eV,39,0.08067894726991653,0.0011027227155864239,0.6723032112565199,0.9565702274753118,0.3220018446445465,0.0007200863328762352,0.0022362801482430287,0.04
29,octanol_hl_gap_eV,40,0.1210758239030838,0.0010596454376354814,0.6513683019535217,0.9689487848152838,0.24345435202121735,0.0009606558014638722,0.00394593809265792,0.2
29,octanol_hl_gap_eV,41,0.01835034228861332,0.0008103233412839472,0.6885537834222595,0.9682055401520975,0.28036418557167053,0.00036930188070982695,0.0013172220266180216,0.06
29,octanol_hl_gap_eV,42,0.09488799422979355,0.0010402228217571974,0.643642794755463,0.9436765782204022,0.27538299560546875,0.010520507581532001,0.038203185198131664,0.04
29,octanol_hl_gap_eV,43,0.1507229059934616,0.0019674296490848064,0.6232913721229436,0.9829040745587252,0.4907832145690918,0.0013604785781353712,0.002772056047861932,0.12
29,octanol_hl_gap_eV,44,0.08257117867469788,0.0016584465047344565,0.6216829436843392,0.9637487737064119,0.2807108163833618,0.001538800890557468,0.005481801201617948,0.06
29,octanol_hl_gap_eV,45,0.12050797045230865,0.001155989826656878,0.6691196785514231,0.9831535842097046,0.26747432351112366,0.0016913543222472072,0.006323426862230638,0.14
29,octanol_hl_gap_eV,46,0.14300568401813507,0.0011504703434184194,0.6360296171335014,0.9694777794909051,0.2682605981826782,0.0019326446345075965,0.007204355196403155,0.16
29,octanol_hl_gap_eV,47,0.08551456779241562,0.0013803276233375072,0.6220072295501589,0.9613135873731291,0.2076958566904068,0.0012243479723110795,0.00589490802474747,0.08
29,octanol_hl_gap_eV,48,0.12147873640060425,0.0022711835335940123,0.6351776838106549,0.9432597189842369,0.42943960428237915,0.025671549141407013,0.05977918404685986,0.14
29,octanol_hl_gap_eV,49,0.17454902827739716,0.003675999352708459,0.6305311115733332,0.9034391295606268,0.6984720230102539,0.09173046797513962,0.1313301964190382,0.12
29,octanol_hl_gap_eV,50,0.06298673152923584,0.000839745975099504,0.6419558019386402,0.9819022087769032,0.22663195431232452,0.0009554537828080356,0.004215882908953395,0.02
29,octanol_hl_gap_eV,51,0.09269573539495468,0.0011029099114239216,0.6173443891879631,0.9762366068514416,0.24396051466464996,0.0024965908378362656,0.010233585714754287,0.06
29,octanol_hl_gap_eV,52,0.06725216656923294,0.0016251369379460812,0.6319231605478424,0.9561985715381214,0.44075265526771545,0.001476474804803729,0.0033498942936756914,0.1
29,octanol_hl_gap_eV,53,0.1574563831090927,0.0016583839897066355,0.6328049696347342,0.9532871360624269,0.30758053064346313,0.008130233734846115,0.0264328620470143,0.04
29,octanol_hl_gap_eV,54,0.4051874577999115,0.0023518064990639687,0.6235251473099901,0.9120491129424504,0.5416530966758728,0.13202965259552002,0.24375315752053578,0.38
29,octanol_hl_gap_eV,55,0.01455682422965765,0.0020104062277823687,0.6360565973648431,0.9647058789497169,0.39811626076698303,0.0011646727798506618,0.0029254589541429037,0.0
29,octanol_hl_gap_eV,56,0.06725529581308365,0.0012494964757934213,0.6370478889739495,0.9628716794622532,0.22071047127246857,0.0010809118393808603,0.0048974198330919575,0.1
29,octanol_hl_gap_eV,57,0.02710041031241417,0.0017075311625376344,0.6263832550877926,0.9675596394634882,0.3175273835659027,0.0009230305440723896,0.0029069321004902083,0.08
29,octanol_hl_gap_eV,58,0.09876467287540436,0.004004059359431267,0.616289961600613,0.9740734160295765,0.8593306541442871,0.0029010153375566006,0.003375901143018577,0.06
29,octanol_hl_gap_eV,59,0.10757459700107574,0.0013318256242200732,0.6432174692184862,0.9113361406559577,0.2898869216442108,0.010082641616463661,0.03478129181984439,0.04
29,octanol_hl_gap_eV,60,0.07214142382144928,0.0007299665012396872,0.6563896311452215,0.9793560252212177,0.2804478406906128,0.00045797438360750675,0.0016330109102631297,0.14
29,octanol_hl_gap_eV,61,0.12078683078289032,0.001219582394696772,0.6792418679376775,0.9731616330092656,0.278148889541626,0.00185431691352278,0.006666634249658849,0.12
29,octanol_hl_gap_eV,62,0.058441851288080215,0.0011479901149868965,0.6546006277707086,0.9629124244686831,0.23059867322444916,0.0007221809355542064,0.0031317653543101016,0.02
29,octanol_hl_gap_eV,63,0.05753876641392708,0.001068333862349391,0.652461546471161,0.9652606208510288,0.2674219012260437,0.00112361297942698,0.004201649058194466,0.04
29,octanol_hl_gap_eV,64,0.153071790933609,0.0011427333811298013,0.6687362098966705,0.9809749667390872,0.3121144771575928,0.0010108902351930737,0.0032388444278496423,0.22
29,octanol_hl_gap_eV,65,0.09296311438083649,0.001238449476659298,0.6421862015363986,0.9788900888121235,0.32101356983184814,0.0008209709776565433,0.0025574338744825662,0.2
29,octanol_hl_gap_eV,66,0.06194208562374115,0.0013248967006802559,0.6297194793545011,0.9755337115339449,0.2706247568130493,0.001194132142700255,0.004412501490117458,0.1
29,octanol_hl_gap_eV,67,0.08236275613307953,0.0009674972388893366,0.6650666994808432,0.9736824693706165,0.31197741627693176,0.0013826692011207342,0.004431952856143234,0.12
29,octanol_hl_gap_eV,68,0.10037478059530258,0.003596643218770623,0.6136799027338389,0.9845768309551279,0.7901732921600342,0.0030174744315445423,0.0038187502178109707,0.2
29,octanol_hl_gap_eV,69,0.025521866977214813,0.002251006430014968,0.6187527449368142,0.9685286897691481,0.43984511494636536,0.0008561615250073373,0.0019465068405084766,0.0
29,octanol_hl_gap_eV,70,0.2027507871389389,0.0010993083706125617,0.6790188157562587,0.9472813608852291,0.3046257495880127,0.014498482458293438,0.04759440880457982,0.3
29,octanol_hl_gap_eV,71,0.17217768728733063,0.0014975903322920203,0.6653746046392277,0.9790440159208005,0.391407310962677,0.002569739706814289,0.00656538504734095,0.1
29,octanol_hl_gap_eV,72,0.0839182585477829,0.0021818671375513077,0.6343282029905017,0.9794857944659874,0.3491249680519104,0.0017753411084413528,0.005085116422201526,0.04
29,octanol_hl_gap_eV,73,0.04528089240193367,0.0013179494999349117,0.6067436987177903,0.9688405275493226,0.3579850494861603,0.0013635535724461079,0.00380896792869788,0.06
29,octanol_hl_gap_eV,74,0.2782011330127716,0.0028555067256093025,0.6287174132255613,0.935548017517533,0.7056005001068115,0.12937352061271667,0.18335236524511042,0.16
29,octanol_hl_gap_eV,75,0.22584566473960876,0.001297735725529492,0.6519753554711716,0.9176859399863135,0.3142247498035431,0.01656428724527359,0.052714775827269404,0.18
29,octanol_hl_gap_eV,76,0.11087747663259506,0.002213124418631196,0.6240042254617364,0.9766677835593809,0.555616557598114,0.0031757159158587456,0.005715661047948448,0.1
29,octanol_hl_gap_eV,77,0.06110628321766853,0.0010171764297410846,0.6490845757387218,0.9763095617702784,0.2554401755332947,0.0006909545627422631,0.0027049564983257788,0.26
29,octanol_hl_gap_eV,78,0.055410876870155334,0.001248990069143474,0.6287635335961141,0.973526061397334,0.25569429993629456,0.0004919689963571727,0.001924051480536505,0.1
29,octanol_hl_gap_eV,79,0.3800765573978424,0.0013119681971147656,0.6415824585862413,0.9048265372513027,0.4009968638420105,0.07826077193021774,0.1951655461351734,0.24
29,octanol_hl_gap_eV,80,0.15396742522716522,0.0008694319985806942,0.6769236477063598,0.9067272429865056,0.26875048875808716,0.02646063081920147,0.09845798212861938,0.02
29,octanol_hl_gap_eV,81,0.08505628257989883,0.0012980072060599923,0.6365916126506879,0.9649000890982047,0.24286781251430511,0.0015716595808044076,0.006471255143008444,0.02
29,octanol_hl_gap_eV,82,0.3089793920516968,0.0016947666881605983,0.6329556985729454,0.9135681001151241,0.36761805415153503,0.06972261518239975,0.1896604761246561,0.18
29,octanol_hl_gap_eV,83,0.05063183605670929,0.0011474145576357841,0.6509496249219258,0.9391786040628594,0.2582293748855591,0.0033820699900388718,0.013097154386629027,0.12
29,octanol_hl_gap_eV,84,0.07682830095291138,0.0009753645281307399,0.6893211194099731,0.9642806586464336,0.29137763381004333,0.001412597019225359,0.00484799399581324,0.04
29,octanol_hl_gap_eV,85,0.06918618083000183,0.0020980932749807835,0.6241181062690777,0.9669835117660821,0.3699856102466583,0.002008978510275483,0.005429882824189182,0.02
29,octanol_hl_gap_eV,86,0.0910678505897522,0.0010436350712552667,0.662830596805976,0.9660173441911521,0.3219336271286011,0.001711640739813447,0.005316750396906215,0.12
29,octanol_hl_gap_eV,87,0.025974387302994728,0.0030104792676866055,0.6195536595567892,0.9667253997784311,0.6794508099555969,0.0020229604560881853,0.0029773464487008097,0.02
29,octanol_hl_gap_eV,88,0.05070452764630318,0.0011384887620806694,0.6484492671322204,0.9619160434857441,0.24890410900115967,0.0016663060523569584,0.006694570286701032,0.04
29,octanol_hl_gap_eV,89,0.0370819978415966,0.0012451795628294349,0.6245080341176799,0.9611861381025639,0.2646160125732422,0.001683486858382821,0.00636199919276183,0.0
29,octanol_hl_gap_eV,90,0.026851097121834755,0.0009718062938190997,0.6685124592153169,0.9627489652341867,0.27896782755851746,0.0005307357059791684,0.001902497899575316,0.02
29,octanol_hl_gap_eV,91,0.034771375358104706,0.0009752562618814409,0.6368973528042083,0.967295710033657,0.22759094834327698,0.003456807229667902,0.01518868502825506,0.02
29,octanol_hl_gap_eV,92,0.09615374356508255,0.0012809035833925009,0.6435428032570008,0.9767308252226616,0.2938465178012848,0.0012662680819630623,0.004309283946728212,0.16
29,octanol_hl_gap_eV,93,0.0860162228345871,0.0008668908849358559,0.6714931636553807,0.9467654906936105,0.26702481508255005,0.0012168665416538715,0.004557129049139797,0.24
29,octanol_hl_gap_eV,94,0.05665663257241249,0.001334546017460525,0.633434473851971,0.9757330689189074,0.20866817235946655,0.0006599444895982742,0.003162650451844698,0.06
29,octanol_hl_gap_eV,95,0.09147761017084122,0.001446520909667015,0.6488013271647077,0.9759514154214703,0.349498450756073,0.0008619879372417927,0.0024663569620324405,0.16
29,octanol_hl_gap_eV,96,0.05237237736582756,0.0021160347387194633,0.6389746525072006,0.9669298693299984,0.36454400420188904,0.0007569813169538975,0.002076515614654498,0.08
29,octanol_hl_gap_eV,97,0.024494990706443787,0.0018057911656796932,0.6390495351873571,0.965944202202538,0.37259355187416077,0.0010774997062981129,0.0028918903745871216,0.02
29,octanol_hl_gap_eV,98,0.10886133462190628,0.0013483698712661862,0.6539919735852744,0.9660669734090592,0.26778024435043335,0.0015447266632691026,0.005768635647548295,0.12
29,octanol_hl_gap_eV,99,0.021799417212605476,0.001698262756690383,0.6397822695026851,0.9609513704167629,0.35830557346343994,0.0022168585564941168,0.006187061326078747,0.02
29,octanol_hl_gap_eV,100,0.04179975762963295,0.0007314676186069846,0.6983888749392047,0.9482028385859798,0.2926299273967743,0.0030355448834598064,0.010373323434359255,0.06
29,octanol_hl_gap_eV,101,0.06687037646770477,0.0009566852240823209,0.6661731983529795,0.9702904417700693,0.2983177602291107,0.0007224004366435111,0.0024215803849180853,0.24
29,octanol_hl_gap_eV,102,0.03836664929986,0.0011261965846642852,0.6132166832495523,0.9529505952829989,0.32959023118019104,0.0069177765399217606,0.020989021777589417,0.12
29,octanol_hl_gap_eV,103,0.19974888861179352,0.001213038107380271,0.6370437044865664,0.9560969402598096,0.36010318994522095,0.006726850289851427,0.018680340740315902,0.28
29,octanol_hl_gap_eV,104,0.05709516629576683,0.0011141971917822957,0.6418094710849473,0.9712581688511708,0.22674915194511414,0.0005883123376406729,0.00259455143533713,0.02
29,octanol_hl_gap_eV,105,0.12330375611782074,0.0011670541716739535,0.6430214563920764,0.9688925194943827,0.32848772406578064,0.0024830030743032694,0.007558891527422926,0.2
29,octanol_hl_gap_eV,106,0.10075825452804565,0.001868788036517799,0.647520649075161,0.9614536366973698,0.3282887637615204,0.0015605324879288673,0.004753536094407693,0.14
29,octanol_hl_gap_eV,107,0.2535967528820038,0.0015582545893266797,0.6394351939546867,0.9072199860745038,0.3478775918483734,0.06137875095009804,0.1764377826808997,0.22
29,octanol_hl_gap_eV,108,0.08575744181871414,0.0035782295744866133,0.6107724397890657,0.9844014874784561,0.7424425482749939,0.013369711115956306,0.018007738305165517,0.06
29,octanol_hl_gap_eV,109,0.10179957747459412,0.001814947696402669,0.6210430660612567,0.9813877391108319,0.47051265835762024,0.0007164724520407617,0.0015227485155058166,0.1
29,octanol_hl_gap_eV,110,0.04174286872148514,0.0015812814235687256,0.6398681783161362,0.9567444116500043,0.2954331934452057,0.0005828522844240069,0.001972873385102914,0.02
29,octanol_hl_gap_eV,111,0.05865168944001198,0.002639169804751873,0.6182003142193766,0.9298082097117759,0.40682610869407654,0.034507252275943756,0.08482064336213087,0.0
29,octanol_hl_gap_eV,112,0.04322062060236931,0.0010481014614924788,0.6543415748303398,0.9713927306498273,0.2532797157764435,0.0009225812973454595,0.003642539216049077,0.06
29,octanol_hl_gap_eV,113,0.12257165461778641,0.0008437740034423769,0.6927988335324144,0.9727999258291842,0.31180891394615173,0.0008398064528591931,0.0026933368973672913,0.3
29,octanol_hl_gap_eV,114,0.15008071064949036,0.001306604128330946,0.6309472478956384,0.9489590354493984,0.27408379316329956,0.014906180091202259,0.0543854852531216,0.1
29,octanol_hl_gap_eV,115,0.06085629016160965,0.003432522527873516,0.613554614132356,0.9882270393249886,0.7623221278190613,0.013691237196326256,0.017959910511184715,0.02
29,octanol_hl_gap_eV,116,0.06982440501451492,0.0011565984459593892,0.6561425032957753,0.9597571984891933,0.28682684898376465,0.0008412173483520746,0.0029328403227680067,0.02
29,octanol_hl_gap_eV,117,0.11105123162269592,0.0012640912318602204,0.6491458370092227,0.9481321007589751,0.24780845642089844,0.00855457503348589,0.0345209165055937,0.14
29,octanol_hl_gap_eV,118,0.18657653033733368,0.0009681719820946455,0.6862962750904522,0.9497879487217709,0.29771289229393005,0.0036592225078493357,0.01229111201619246,0.28
29,octanol_hl_gap_eV,119,0.07383797317743301,0.001171769923530519,0.6591433319686244,0.9709237645146034,0.2667481303215027,0.0014962450368329883,0.005609205339244978,0.22
29,octanol_hl_gap_eV,120,0.1597420573234558,0.0008566057658754289,0.672898385620218,0.982826650381057,0.2656524181365967,0.0008083799621090293,0.0030429986964898084,0.3
29,octanol_hl_gap_eV,121,0.5102303624153137,0.0022705879528075457,0.6400005149256993,0.9476521648302976,0.5316759347915649,0.22877390682697296,0.43028824864277543,0.14
29,octanol_hl_gap_eV,122,0.10215289145708084,0.0014280570903792977,0.6407522893640818,0.9782522467669084,0.3520928621292114,0.0010315401013940573,0.002929738748908524,0.2
29,octanol_hl_gap_eV,123,0.34251052141189575,0.0014743804931640625,0.6219399043281433,0.9013886736079371,0.4138910472393036,0.08065158128738403,0.19486186479591305,0.24
29,octanol_hl_gap_eV,124,0.11881375312805176,0.0018013693625107408,0.6355827400548928,0.9422207664772946,0.35359007120132446,0.01963193155825138,0.055521727438646036,0.02
29,octanol_hl_gap_eV,125,0.04464851692318916,0.002059039892628789,0.6112507504582079,0.95057688920686,0.45305487513542175,0.0019197268411517143,0.004237294302545343,0.02
29,octanol_hl_gap_eV,126,0.05331214889883995,0.0013282459694892168,0.6350051562454009,0.9706781585545081,0.3381759822368622,0.000513514329213649,0.001518482554015258,0.04
29,octanol_hl_gap_eV,127,0.041379641741514206,0.0021474543027579784,0.6178879621670732,0.9671091212880012,0.42513588070869446,0.0013002525083720684,0.003058439824473458,0.0
29,octanol_hl_gap_eV,128,0.07581137120723724,0.0013440274633467197,0.6297244146899281,0.9592990065110365,0.3549044728279114,0.0035834284499287605,0.010096881623879447,0.02
29,octanol_hl_gap_eV,129,0.21185262501239777,0.00198482652194798,0.6335431059739809,0.9103420871402905,0.35844847559928894,0.065242700278759,0.18201416582865898,0.0
29,octanol_hl_gap_eV,130,0.043347299098968506,0.0010212379274889827,0.653346132954014,0.9761694635930014,0.3456761837005615,0.0003668563440442085,0.0010612716795149362,0.32
29,octanol_hl_gap_eV,131,0.07568001747131348,0.001158731640316546,0.6287583507290466,0.9834286244393657,0.33103176951408386,0.0014983746223151684,0.004526377104271919,0.06
29,octanol_hl_gap_eV,132,0.059997715055942535,0.0011755890445783734,0.650524290700375,0.9683178591125654,0.2846350371837616,0.0015361576806753874,0.005396938113713799,0.04
29,octanol_hl_gap_eV,133,0.2480798214673996,0.0010017130989581347,0.6637198169540548,0.919692870205931,0.30518633127212524,0.01901836134493351,0.062317212129580676,0.34
29,octanol_hl_gap_eV,134,0.06592878699302673,0.0007976514752954245,0.6659542555747437,0.9816728114654782,0.26656755805015564,0.001307840459048748,0.004906225155885898,0.02
29,octanol_hl_gap_eV,135,0.14741840958595276,0.0017063497798517346,0.6526227083987481,0.9766341057002463,0.3837008476257324,0.003001522272825241,0.007822558358674701,0.18
29,octanol_hl_gap_eV,136,0.10379338264465332,0.0031566391699016094,0.6311336974208932,0.9218364444027827,0.5858657360076904,0.0256944689899683,0.043857265258521655,0.04
29,octanol_hl_gap_eV,137,0.04540564864873886,0.0009941044263541698,0.6713272165966684,0.9760151557459682,0.31832388043403625,0.0010781306773424149,0.0033868985131507512,0.06
29,octanol_hl_gap_eV,138,0.1585705727338791,0.001101230038329959,0.680815653393557,0.9768055380495315,0.29144421219825745,0.0015746047720313072,0.0054027656276123565,0.2
29,octanol_hl_gap_eV,139,0.04569234699010849,0.0012374784564599395,0.6352274177708233,0.9357743828265059,0.25310295820236206,0.011647510342299938,0.04601886293635283,0.1
29,octanol_hl_gap_eV,140,0.11448009312152863,0.001180547522380948,0.6714279009231554,0.9816902338357936,0.29631951451301575,0.0010037351166829467,0.003387340581778855,0.14
29,octanol_hl_gap_eV,141,0.17612001299858093,0.001062712399289012,0.6549386829509205,0.966687564186208,0.2673131227493286,0.001564956153742969,0.005854393295949402,0.16
29,octanol_hl_gap_eV,142,0.052857737988233566,0.0014058505184948444,0.6498117075291736,0.9706566091698565,0.38037750124931335,0.001245073159225285,0.003273256580991152,0.24
29,octanol_hl_gap_eV,143,0.21273450553417206,0.0013437917223200202,0.6172620799458008,0.9495037238149138,0.21776176989078522,0.04730105400085449,0.2172146838472958,0.22
29,octanol_hl_gap_eV,144,0.04277873411774635,0.001182293170131743,0.6729224810426699,0.9679039392187676,0.30452221632003784,0.0010702833533287048,0.0035146314323546424,0.06
29,octanol_hl_gap_eV,145,0.13078054785728455,0.001168333226814866,0.6438262607082115,0.9688173969344072,0.20944078266620636,0.002530093304812908,0.012080232286207662,0.1
29,octanol_hl_gap_eV,146,0.07706146687269211,0.0017732891719788313,0.6356268579171918,0.9632191058592541,0.44768354296684265,0.0007198650273494422,0.0016079774176616505,0.18
29,octanol_hl_gap_eV,147,0.024252140894532204,0.0015079943696036935,0.6484886680210722,0.9614422222204988,0.27509668469429016,0.0005152938538230956,0.0018731372731580972,0.02
29,octanol_hl_gap_eV,148,0.11358590424060822,0.0012650062562897801,0.6354379973189985,0.9551701684425637,0.3308629095554352,0.0017691574757918715,0.0053471012455551595,0.16
29,octanol_hl_gap_eV,149,0.13520824909210205,0.0011034613708034158,0.6506815346574766,0.9817177680559208,0.23567505180835724,0.005683462601155043,0.02411567349851115,0.08
29,octanol_hl_gap_eV,150,0.09988687187433243,0.0020401279907673597,0.6771823221728626,0.985339857510646,0.4101046323776245,0.0030856190714985132,0.00752398004774858,0.26
29,octanol_hl_gap_eV,151,0.08781053870916367,0.0011066909646615386,0.6573413291762746,0.9691552794917475,0.3182240426540375,0.0014024705160409212,0.00440717962208041,0.1
29,octanol_hl_gap_eV,152,0.04746418818831444,0.0010291237849742174,0.660137208559965,0.9695968416208549,0.27360817790031433,0.0012961063766852021,0.004737089317401259,0.12
29,octanol_hl_gap_eV,153,0.04578381031751633,0.0009823397267609835,0.6419713947786649,0.9513805703449472,0.26388922333717346,0.003924550488591194,0.01487196195040054,0.02
29,octanol_hl_gap_eV,154,0.02663925290107727,0.003691557329148054,0.6459566512364041,0.9644682812894481,0.7246173620223999,0.0007308734930120409,0.0010086337028582645,0.02
29,octanol_hl_gap_eV,155,0.14609815180301666,0.0019035612931475043,0.6130629677194814,0.9270152528235609,0.46919047832489014,0.025487974286079407,0.05432329824142404,0.2
29,octanol_hl_gap_eV,156,0.12573519349098206,0.0013863749336451292,0.6372324035981438,0.9771725984435169,0.3057371973991394,0.0018290120642632246,0.005982301400753185,0.24
29,octanol_hl_gap_eV,157,0.05677684769034386,0.0021024770103394985,0.6376321253020121,0.9678403463801617,0.5394445657730103,0.0017119715921580791,0.0031735820523186987,0.16
29,octanol_hl_gap_eV,158,0.017237814143300056,0.0008027940639294684,0.6426572829678132,0.9673964650846265,0.27517762780189514,0.0008466447470709682,0.0030767208578470684,0.04
29,octanol_hl_gap_eV,159,0.03485650569200516,0.0017038972582668066,0.6266315107623179,0.9841876947551349,0.321015864610672,0.001426161383278668,0.004442650786148268,0.02
29,octanol_hl_gap_eV,160,0.07722952216863632,0.0010474777081981301,0.6671382502731116,0.9685655364049801,0.2715919315814972,0.0005538399564102292,0.0020392356767934294,0.2
29,octanol_hl_gap_eV,161,0.04816584661602974,0.0010961610823869705,0.6566056080567935,0.9817851865591687,0.2527478337287903,0.0012590123806148767,0.00498129840339543,0.02
29,octanol_hl_gap_eV,162,0.08828729391098022,0.000997144845314324,0.6813932574989527,0.9566237788724532,0.27843862771987915,0.0007040973287075758,0.002528734373076738,0.02
29,octanol_hl_gap_eV,163,0.10168135911226273,0.0017856357153505087,0.6292824843861375,0.9820595609008185,0.4273582696914673,0.001430858625099063,0.003348147740611352,0.2
29,octanol_hl_gap_eV,164,0.07653803378343582,0.0018171243136748672,0.6367581702352889,0.9748233272416209,0.3512365221977234,0.0012828489998355508,0.0036523792907657534,0.14
29,octanol_hl_gap_eV,165,0.08160103112459183,0.001456215512007475,0.6357301893782241,0.9627495202774865,0.3598571717739105,0.001429842785000801,0.003973361925656262,0.12
29,octanol_hl_gap_eV,166,0.06837382912635803,0.0010878584580495954,0.6527337867369931,0.9844117062150952,0.26589298248291016,0.001659755944274366,0.006242195370391334,0.02
29,octanol_hl_gap_eV,167,0.09007955342531204,0.0014084239955991507,0.6466354293032386,0.9706146651380438,0.39614221453666687,0.001275212736800313,0.00321907812398085,0.18
29,octanol_hl_gap_eV,168,0.14232072234153748,0.0008693521958775818,0.6569772223519528,0.939533151449315,0.27103114128112793,0.009539861232042313,0.03519839523587093,0.06
29,octanol_hl_gap_eV,169,0.03842758759856224,0.001178902224637568,0.6391697178658431,0.9661220822330827,0.3050684332847595,0.0006846456089988351,0.0022442361591694655,0.04
29,octanol_hl_gap_eV,170,0.09090947359800339,0.0011887780856341124,0.6536418929989667,0.9808227889086059,0.3060859739780426,0.00064493203535676,0.0021070290381976957,0.08
29,octanol_hl_gap_eV,171,0.02853812649846077,0.0017320578917860985,0.6305729518514154,0.963810273089224,0.40265020728111267,0.0018161371117457747,0.0045104586534530896,0.02
29,octanol_hl_gap_eV,172,0.06818769872188568,0.0024295910261571407,0.632405916845449,0.9667748857156953,0.6362223029136658,0.0014690144453197718,0.0023089640815674366,0.1
29,octanol_hl_gap_eV,173,0.1380801945924759,0.001610419014468789,0.6272165029596997,0.969667711066998,0.3540003001689911,0.003136030398309231,0.008858835421360282,0.2
29,octanol_hl_gap_eV,174,0.034996818751096725,0.0013175065396353602,0.6293135858102568,0.9619099129428184,0.3592270612716675,0.0005342381773516536,0.0014871880071073847,0.02
29,octanol_hl_gap_eV,175,0.47326064109802246,0.0016178918303921819,0.6478093115784755,0.9191565472105763,0.31438881158828735,0.09383237361907959,0.29845964665548974,0.44
29,octanol_hl_gap_eV,176,0.07162678986787796,0.002615233650431037,0.6167465357144739,0.978612481505911,0.6117641925811768,0.0019739060662686825,0.003226579930970313,0.1
29,octanol_hl_gap_eV,177,0.1475972682237625,0.001755925826728344,0.622841173254135,0.9753336535928303,0.390688955783844,0.0015618463512510061,0.003997672133110225,0.18
29,octanol_hl_gap_eV,178,0.08513060212135315,0.0009075816487893462,0.6998204290664227,0.9778848078536198,0.2899281680583954,0.001392326899804175,0.004802316757038046,0.28
29,octanol_hl_gap_eV,179,0.15587714314460754,0.0008509483886882663,0.664051761887922,0.9675488787889752,0.3148496150970459,0.0009697283967398107,0.0030799732641912615,0.18
29,octanol_hl_gap_eV,180,0.03883617743849754,0.0010489303385838866,0.6402529014376259,0.9811209945832227,0.3297690451145172,0.0014167523477226496,0.004296195682134632,0.02
29,octanol_hl_gap_eV,181,0.2571216821670532,0.001254282076843083,0.6485291032745251,0.9062080032892221,0.2985387146472931,0.04248739778995514,0.14231788275819315,0.16
29,octanol_hl_gap_eV,182,0.06696157157421112,0.00152057153172791,0.6516151131841497,0.9623927296556287,0.27336153388023376,0.0007816321449354291,0.002859334793160331,0.1
29,octanol_hl_gap_eV,183,0.14669398963451385,0.0018551911925897002,0.6143417713831094,0.9722381020190696,0.41868042945861816,0.0027112385723739862,0.006475675435510084,0.04
29,octanol_hl_gap_eV,184,0.05663306638598442,0.0010769475484266877,0.6417233607834889,0.9693391254876176,0.22890281677246094,0.0004504522366914898,0.001967875463670062,0.26
29,octanol_hl_gap_eV,185,0.017669061198830605,0.001815163646824658,0.6344872120857947,0.9769852218127566,0.3560435473918915,0.0007431033882312477,0.0020871137636805015,0.0
29,octanol_hl_gap_eV,186,0.43194860219955444,0.0013462589122354984,0.6490347605338862,0.9134609497769262,0.2815045118331909,0.07964672148227692,0.28293230884154563,0.3
29,octanol_hl_gap_eV,187,0.029253443703055382,0.0009728627628646791,0.6556150444118729,0.9759630182991395,0.26211580634117126,0.0007570376619696617,0.002888180123652282,0.12
29,octanol_hl_gap_eV,188,0.07388560473918915,0.0017177251866087317,0.6343889839872645,0.9731452706916601,0.4517195224761963,0.0014538537943735719,0.0032184878492830336,0.16
29,octanol_hl_gap_eV,189,0.07574596256017685,0.0009205414680764079,0.6664689460286759,0.9748901321790995,0.2825736701488495,0.0007714048260822892,0.002729924644698642,0.12
29,octanol_hl_gap_eV,190,0.09566421061754227,0.001538584940135479,0.6368427532263932,0.9854285572332926,0.20903046429157257,0.0024531695526093245,0.011735942705401283,0.0
29,octanol_hl_gap_eV,191,0.31589218974113464,0.0010581468231976032,0.6740389715176041,0.9188896445256298,0.3424914479255676,0.05686969682574272,0.16604705656213056,0.16
29,octanol_hl_gap_eV,192,0.10090100020170212,0.0015902358572930098,0.6317623477964935,0.9764460831813742,0.36740371584892273,0.0011933534406125546,0.003248071233724986,0.18
29,octanol_hl_gap_eV,193,0.3332923650741577,0.0010804369812831283,0.6543239429686083,0.9215961446350325,0.23326942324638367,0.04646536707878113,0.19919184620139224,0.24
29,octanol_hl_gap_eV,194,0.08170806616544724,0.0011042896658182144,0.6676285510730489,0.9730921436761297,0.35138386487960815,0.0016157875070348382,0.004598354302888787,0.08
29,octanol_hl_gap_eV,195,0.036595411598682404,0.0059698098339140415,0.6281447036545431,0.9798761277272725,1.335412621498108,0.0017508110031485558,0.00131106369294641,0.02
29,octanol_hl_gap_eV,196,0.09541124105453491,0.0011851456947624683,0.6302356351712,0.973847251356577,0.3039824068546295,0.002540551358833909,0.008357560508588418,0.06
29,octanol_hl_gap_eV,197,0.1299474686384201,0.0032099264208227396,0.6343042842692752,0.9171888814935205,0.6205838322639465,0.03827779367566109,0.06168029472508202,0.18
29,octanol_hl_gap_eV,198,0.040191616863012314,0.0012013277737423778,0.6310639922498729,0.9562921610184807,0.3193880021572113,0.003087629098445177,0.009667329635398651,0.08
29,octanol_hl_gap_eV,199,0.02675691805779934,0.0007966389530338347,0.6707926422167221,0.9640656796133922,0.2905503213405609,0.000750205828808248,0.002582016861474794,0.04
29,octanol_hl_gap_eV,200,0.4025578796863556,0.0011223861947655678,0.6928747183003656,0.9118486658358267,0.30630895495414734,0.07363110035657883,0.24038180786324373,0.28
29,octanol_hl_gap_eV,201,0.0760708749294281,0.0014946970622986555,0.6377940988095261,0.9598984516360412,0.2732768952846527,0.0004965160042047501,0.0018168971207301128,0.02
29,octanol_hl_gap_eV,202,0.08555801212787628,0.0015330160968005657,0.6607379108164286,0.9821791358546019,0.39609214663505554,0.0016064681112766266,0.0040557938977688595,0.22
29,octanol_hl_gap_eV,203,0.20481784641742706,0.0014075909275561571,0.6408553214939274,0.9639942619264112,0.3125324845314026,0.00445261225104332,0.014246878233215885,0.22
29,octanol_hl_gap_eV,204,0.029732596129179,0.001776385703124106,0.6206952757322173,0.9677544681009589,0.4855446517467499,0.0015540678286924958,0.0032006692342336123,0.02
29,octanol_hl_gap_eV,205,0.16032810509204865,0.0034578340128064156,0.6111824360130835,0.9281281568216357,0.697616457939148,0.0989474356174469,0.14183644105781396,0.04
29,octanol_hl_gap_eV,206,0.05431192368268967,0.002395415445789695,0.6222627888012839,0.9730148651335864,0.518919050693512,0.002947889966890216,0.005680828181101645,0.02
29,octanol_hl_gap_eV,207,0.09726835042238235,0.000695957220159471,0.6555080449296697,0.9475802865718046,0.2566094994544983,0.0046148463152348995,0.017983926257777526,0.06
29,octanol_hl_gap_eV,208,0.08387917280197144,0.0016787373460829258,0.616303866852862,0.9702167703396412,0.22336283326148987,0.0006455200491473079,0.002890006541023772,0.04
29,octanol_hl_gap_eV,209,0.08119858801364899,0.0013732191873714328,0.6283177837657568,0.9768049027230772,0.348519504070282,0.0007820252212695777,0.0022438492312093833,0.04
29,octanol_hl_gap_eV,210,0.033300288021564484,0.0008276853477582335,0.674985346046747,0.9673126075531946,0.3137926161289215,0.00034731964115053415,0.0011068445313825934,0.06
29,octanol_hl_gap_eV,211,0.04112783819437027,0.004125984385609627,0.6356998068450539,0.9857158147088008,0.8214312791824341,0.010177946649491787,0.012390502903203102,0.08
29,octanol_hl_gap_eV,212,0.08842871338129044,0.0022518616169691086,0.621769961751496,0.9791338228268613,0.5336216688156128,0.004313471727073193,0.008083389373312098,0.18
29,octanol_hl_gap_eV,213,0.1985430121421814,0.0008272732375189662,0.6739484485211309,0.9272671237006738,0.2992672920227051,0.01920170895755291,0.06416240420986634,0.24
29,octanol_hl_gap_eV,214,0.059950996190309525,0.0012834131484851241,0.6250715848352553,0.9637158312231617,0.22941352427005768,0.000706691003870219,0.0030804243390565185,0.08
29,octanol_hl_gap_eV,215,0.03249214217066765,0.001029590843245387,0.6415938110626589,0.9596369159715248,0.33296895027160645,0.0015753692714497447,0.004731279809017323,0.06
29,octanol_hl_gap_eV,216,0.020418446511030197,0.001971315825358033,0.6152921987978972,0.9818226626822857,0.4596761465072632,0.0010438383324071765,0.0022708124846993407,0.02
29,octanol_hl_gap_eV,217,0.07409914582967758,0.004387517459690571,0.6285858762695382,0.9345670306893767,0.9938421845436096,0.022885505110025406,0.023027302992310438,0.06
29,octanol_hl_gap_eV,218,0.039170797914266586,0.0007507698028348386,0.6607562677434393,0.9661221230078882,0.26766836643218994,0.0005546798929572105,0.002072265394490428,0.24
29,octanol_hl_gap_eV,219,0.05307787284255028,0.0009231618605554104,0.6513048908248198,0.9714429814362746,0.24971917271614075,0.0008870473247952759,0.0035521794948583903,0.02
29,octanol_hl_gap_eV,220,0.7340272068977356,0.0014264093479141593,0.6617528105151407,0.9690140318112597,0.3871302604675293,0.01481989398598671,0.0382814145504643,0.26
29,octanol_hl_gap_eV,221,0.13925500214099884,0.0009597419993951917,0.6474761619320863,0.9459533810070568,0.2676447331905365,0.022780941799283028,0.08511634631369808,0.02
29,octanol_hl_gap_eV,222,0.1284933090209961,0.001644129864871502,0.5985897385370831,0.9476246880573702,0.39908891916275024,0.010251187719404697,0.02568647543738045,0.08
29,octanol_hl_gap_eV,223,0.03552462160587311,0.000926289998460561,0.6901926482936134,0.9619586548447387,0.2854648530483246,0.00046509361709468067,0.0016292500184460462,0.06
29,octanol_hl_gap_eV,224,0.14155276119709015,0.0013819263549521565,0.6403243477510436,0.9297173696600443,0.31016090512275696,0.019932277500629425,0.06426431304338802,0.12
29,octanol_hl_gap_eV,225,0.03096860647201538,0.00091483787400648,0.6744299116203318,0.9647553634794983,0.284771203994751,0.0007561349775642157,0.002655236789946476,0.02
29,octanol_hl_gap_eV,226,0.062313538044691086,0.0010587077122181654,0.656053562027954,0.970243255761156,0.3393576145172119,0.0011747595854103565,0.003461715709787834,0.02
29,octanol_hl_gap_eV,227,0.0945620983839035,0.0017258874140679836,0.6205948220515694,0.9749284898855126,0.439472496509552,0.0019811063539236784,0.004507918856488938,0.08
29,octanol_hl_gap_eV,228,0.049364421516656876,0.0010417369194328785,0.6667312365360691,0.9684979894448011,0.2611607313156128,0.0014824365498498082,0.005676337872014469,0.1
29,octanol_hl_gap_eV,229,0.12128866463899612,0.002085003536194563,0.6235821250186189,0.9762125542497682,0.5321832299232483,0.002612920943647623,0.004909814508857146,0.16
29,octanol_hl_gap_eV,230,0.04974756017327309,0.001541188801638782,0.6176131163890257,0.970256824125691,0.38858562707901,0.0016698602121323347,0.004297277345754239,0.06
29,octanol_hl_gap_eV,231,0.041214458644390106,0.0015232684090733528,0.6180327171705131,0.9751728898074106,0.3212677240371704,0.0017594023374840617,0.005476436647213588,0.02
29,octanol_hl_gap_eV,232,0.059525296092033386,0.0012786186998710036,0.6336145565381486,0.9661789951889441,0.2251090109348297,0.0008473712368868291,0.0037642706232321713,0.1
29,octanol_hl_gap_eV,233,0.028940299525856972,0.001645525568164885,0.6324211784664875,0.9603656472279449,0.26432904601097107,0.0007715053507126868,0.00291873088620259,0.04
29,octanol_hl_gap_eV,234,0.05272116884589195,0.0012591041158884764,0.6443931787624226,0.970125168975426,0.28486043214797974,0.001226243912242353,0.004304718289570459,0.1
29,octanol_hl_gap_eV,235,0.03418351709842682,0.0011352462461218238,0.656685399542168,0.9807558850185283,0.22830086946487427,0.0008973844232968986,0.003930709617533751,0.06
29,octanol_hl_gap_eV,236,0.028611842542886734,0.0011505621951073408,0.6321555596913735,0.9576698453921362,0.2436690479516983,0.0005012978217564523,0.002057289696702976,0.04
29,octanol_hl_gap_eV,237,0.044306430965662,0.0012516952119767666,0.6295655827366566,0.9661942841795941,0.22564102709293365,0.0007999087101779878,0.0035450499427505857,0.18
29,octanol_hl_gap_eV,238,0.06152727082371712,0.0007218526443466544,0.658068233217511,0.9693216091689152,0.2677479088306427,0.0005022819386795163,0.001875950930385127,0.12
29,octanol_hl_gap_eV,239,0.36259979009628296,0.0017866805428639054,0.6396296473861367,0.9335159915754578,0.3268251121044159,0.06464240700006485,0.1977889844015797,0.3
29,octanol_hl_gap_eV,240,0.07447344064712524,0.0042096818797290325,0.646348492375943,0.925172644691987,0.8488926887512207,0.04035385698080063,0.04753705328781182,0.08
29,octanol_hl_gap_eV,241,0.03355090692639351,0.004809801932424307,0.6380527749362601,0.9753898401909049,0.9666361808776855,0.002094340045005083,0.0021666269962122313,0.0
29,octanol_hl_gap_eV,242,0.053798969835042953,0.0013731184881180525,0.6437096513056249,0.9681604230099183,0.2978094518184662,0.0013005516957491636,0.004367059835770198,0.08
29,octanol_hl_gap_eV,243,0.07217222452163696,0.0013169193407520652,0.6527655210263368,0.9802909286528538,0.3811575472354889,0.0010629503522068262,0.0027887427650753254,0.14
29,octanol_hl_gap_eV,244,0.025885840877890587,0.006909010000526905,0.641524425994217,0.9677618877946552,1.4307612180709839,0.0022650554310530424,0.0015831121241229136,0.04
29,octanol_hl_gap_eV,245,0.10473408550024033,0.0013718086993321776,0.6144085395290928,0.9712690585235313,0.3635048568248749,0.0016851351829245687,0.004635798260424381,0.1
29,octanol_hl_gap_eV,246,0.06532462686300278,0.0020104071591049433,0.6249887605367759,0.9665830353330187,0.38590097427368164,0.0016581462696194649,0.004296818044422724,0.02
29,octanol_hl_gap_eV,247,0.10019995272159576,0.001664268085733056,0.6388543708829504,0.9628638593186629,0.41274258494377136,0.011032961308956146,0.026730852864283887,0.12
29,octanol_hl_gap_eV,248,0.15039700269699097,0.0018972622929140925,0.6114587185766485,0.9718168643206295,0.3286910355091095,0.008413638919591904,0.025597409149172624,0.08
29,octanol_hl_gap_eV,249,0.047491367906332016,0.00101583288051188,0.6404544757983281,0.9683065827914206,0.3191654086112976,0.0014700343599542975,0.004605869935437177,0.08
29,octanol_dipole,0,0.12123909592628479,0.02114725671708584,0.6134383625727668,0.9621692971529703,4.110326766967773,0.007629841566085815,0.0018562615574514094,0.06
29,octanol_dipole,1,0.15493987500667572,0.013358566910028458,0.6193453635374684,0.9447772476634189,2.6023995876312256,0.0680830329656601,0.026161636855941525,0.04
29,octanol_dipole,2,0.41801127791404724,0.01377326063811779,0.6145387054809244,0.8860045503210496,2.82253098487854,0.5763721466064453,0.2042040104056636,0.26
29,octanol_dipole,3,0.11902884393930435,0.01589823327958584,0.6219643507351242,0.9692830865775677,3.101998805999756,0.006852750200778246,0.002209140180042605,0.1
29,octanol_dipole,4,0.09837134927511215,0.011478528380393982,0.6167542616269339,0.9603939725116859,2.240823268890381,0.009445157833397388,0.00421503916195697,0.08
29,octanol_dipole,5,0.20143063366413116,0.011997213587164879,0.6195199176402333,0.9234149969326002,2.3855488300323486,0.20445750653743744,0.08570669523233568,0.12
29,octanol_dipole,6,0.38598090410232544,0.02257813699543476,0.6022044533967312,0.9182169865244287,4.419610023498535,0.3690415024757385,0.08350091988062051,0.2
29,octanol_dipole,7,0.4526905417442322,0.013738533481955528,0.6264158791360677,0.8954993352189575,2.7882707118988037,0.7928686141967773,0.2843585491226698,0.3
29,octanol_dipole,8,0.26046106219291687,0.014257454313337803,0.6195518766342034,0.921177402726808,2.8543012142181396,0.21002669632434845,0.07358252705711009,0.14
29,octanol_dipole,9,0.04207983240485191,0.02824937179684639,0.6262828682036514,0.9592924510075562,6.1125359535217285,0.009712033905088902,0.0015888714567794612,0.04
29,octanol_dipole,10,0.47362712025642395,0.015329359099268913,0.6258419243294151,0.8923444657458321,3.150601387023926,0.9986112713813782,0.31695893853607154,0.18
29,octanol_dipole,11,0.4804951250553131,0.01333822961896658,0.6256899708070043,0.8969274263454747,2.7170605659484863,0.6934233903884888,0.25521086981968866,0.18
29,octanol_dipole,12,0.09843140840530396,0.02503001131117344,0.620869509050038,0.9366721890218583,4.908471584320068,0.07514847069978714,0.015309953293780118,0.02
29,octanol_dipole,13,0.11780369281768799,0.0188490841537714,0.6183535329338279,0.9717029028199324,3.6737754344940186,0.009708900935947895,0.0026427584127185723,0.06
29,octanol_dipole,14,0.04701871797442436,0.006798692978918552,0.6187676812631797,0.9660889724776054,1.2352980375289917,0.018742969259619713,0.015172831729832508,0.02
29,octanol_dipole,15,0.10083615034818649,0.028592301532626152,0.601322315221799,0.9704749637769237,5.48067569732666,0.006895899772644043,0.0012582207292446978,0.02
29,octanol_dipole,16,0.03364240378141403,0.025564372539520264,0.6185518823950606,0.9632870491810666,4.98634672164917,0.014122191816568375,0.0028321720499808406,0.04
29,octanol_dipole,17,0.17448841035366058,0.015431138686835766,0.616545156296517,0.9423508496236688,3.0183017253875732,0.02700512297451496,0.008947125049616202,0.12
29,octanol_dipole,18,0.25028541684150696,0.011768369004130363,0.6206453906175775,0.9216364222823685,2.289435386657715,0.18641617894172668,0.08142452066047194,0.12
29,octanol_dipole,19,0.10339713096618652,0.017434876412153244,0.6193412500638846,0.9575994331998348,3.450650453567505,0.010609863325953484,0.0030747429995363115,0.1
29,octanol_dipole,20,0.19122196733951569,0.014715265482664108,0.61375074377085,0.9327326514225847,2.8210060596466064,0.20836111903190613,0.07386057123819435,0.18
29,octanol_dipole,21,0.3519972264766693,0.01316284853965044,0.6160515508657767,0.8904292237396692,2.561342716217041,0.5088070034980774,0.19864854487319708,0.16
29,octanol_dipole,22,0.35921359062194824,0.013794133439660072,0.6202696592662564,0.9050808103466923,2.799478769302368,0.4283485412597656,0.15301010529417602,0.14
29,octanol_dipole,23,0.1656428873538971,0.014173509553074837,0.6194381133865616,0.9412971358790427,2.799557685852051,0.05346798896789551,0.01909872735900508,0.14
29,octanol_dipole,24,0.22735363245010376,0.011324182152748108,0.62017334615842,0.9242343622248825,2.219700574874878,0.15424516797065735,0.06948917782721752,0.1
29,octanol_dipole,25,0.06159228831529617,0.01685938611626625,0.619768987241456,0.958699790021561,3.3105480670928955,0.005105829797685146,0.0015422913953243847,0.04
29,octanol_dipole,26,0.16101840138435364,0.016559362411499023,0.6250014233578605,0.9483683219231613,3.326082468032837,0.04979300498962402,0.014970466146942344,0.1
29,octanol_dipole,27,0.07661105692386627,0.014159523881971836,0.6131496159011234,0.9587012735455731,2.7597522735595703,0.011931183747947216,0.004323280702495154,0.04
29,octanol_dipole,28,0.37839454412460327,0.01618361845612526,0.6185693334655609,0.8808105712210816,3.300004482269287,0.6337841749191284,0.1920555497195262,0.22
29,octanol_dipole,29,0.1496884971857071,0.02092183381319046,0.6142275258063992,0.9202307892937154,4.051959037780762,0.24259918928146362,0.059872073488268535,0.06
29,octanol_dipole,30,0.10896442085504532,0.015275887213647366,0.619942062826456,0.9561547812941724,3.020477056503296,0.00871503259986639,0.002885316602919503,0.1
29,octanol_dipole,31,0.14716829359531403,0.01183193176984787,0.619777699878324,0.9577190290337823,2.313265562057495,0.02025667577981949,0.008756744626329253,0.1
29,octanol_dipole,32,0.32353609800338745,0.013538793660700321,0.620504498392783,0.9092677948575616,2.6880300045013428,0.6473569869995117,0.24082952419260778,0.14
29,octanol_dipole,33,0.18088187277317047,0.013048573397099972,0.619545191461905,0.9473303426786157,2.555889368057251,0.033620674163103104,0.0131541977455223,0.1
29,octanol_dipole,34,0.1621161699295044,0.020787876099348068,0.6159898687885366,0.9517223403483688,4.208132266998291,0.07875330001115799,0.018714549594548182,0.12
29,octanol_dipole,35,0.2988651990890503,0.013284613378345966,0.6218908952368587,0.9164453132942922,2.6366822719573975,0.23550359904766083,0.08931815621183271,0.14
29,octanol_dipole,36,0.13263671100139618,0.01741791144013405,0.6178333804516531,0.9505271726342259,3.408329486846924,0.020571105182170868,0.006035538894216879,0.08
29,octanol_dipole,37,0.35910215973854065,0.013158057816326618,0.6217867029504289,0.9054871354021787,2.6210105419158936,0.4795214533805847,0.18295289000633566,0.24
29,octanol_dipole,38,0.24683713912963867,0.014081758446991444,0.6203100434747826,0.9319924616612378,2.7982616424560547,0.11472313851118088,0.040998002749481115,0.08
29,octanol_dipole,39,0.2473413348197937,0.011891346424818039,0.6183472263984804,0.91201861996506,2.331237554550171,0.16856512427330017,0.07230714173435063,0.16
29,octanol_dipole,40,0.054619427770376205,0.01808478683233261,0.6213359684398976,0.9551675406215625,3.496734380722046,0.004651835188269615,0.0013303370178517967,0.04
29,octanol_dipole,41,0.28689879179000854,0.011177202686667442,0.6183868958320995,0.9183790868145618,2.2052412033081055,0.3752829134464264,0.17017771701501883,0.04
29,octanol_dipole,42,0.087639220058918,0.01958456076681614,0.6171416683476032,0.9627342091466569,3.7918014526367188,0.011874796822667122,0.0031317032210137746,0.04
29,octanol_dipole,43,0.17304542660713196,0.01142998319119215,0.6198245197375973,0.959763707830694,2.2193453311920166,0.04857087880373001,0.021885228099063996,0.12
29,octanol_dipole,44,0.18695679306983948,0.015825806185603142,0.6197669299855484,0.921398289816896,3.1327219009399414,0.116360604763031,0.037143611352197646,0.06
29,octanol_dipole,45,0.09794807434082031,0.01791401393711567,0.6222572733780121,0.9694982317616798,3.584480047225952,0.005956454202532768,0.0016617345121344724,0.08
29,octanol_dipole,46,0.12494269013404846,0.015514797531068325,0.6226630166770122,0.9620615834203237,3.050020694732666,0.006024690344929695,0.0019752949071244774,0.12
29,octanol_dipole,47,0.27080151438713074,0.015127674676477909,0.6186838072920937,0.9120707754189836,3.0505218505859375,0.27539172768592834,0.09027692348213527,0.18
29,octanol_dipole,48,0.4769396185874939,0.014784766361117363,0.6250279682873381,0.8975389885122236,3.0027382373809814,0.7539839744567871,0.25109880211017643,0.24
29,octanol_dipole,49,0.3211633265018463,0.01659063994884491,0.618165139513714,0.8841881398911142,3.272273063659668,0.6157001852989197,0.18815672571357125,0.06
29,octanol_dipole,50,0.04270724952220917,0.01529683731496334,0.6199071657299073,0.9561353409747051,3.003082036972046,0.008190862834453583,0.0027274855410584402,0.06
29,octanol_dipole,51,0.29371291399002075,0.016380522400140762,0.6218029430205148,0.9175769632931741,3.2898361682891846,0.3099557161331177,0.09421615554014172,0.16
29,octanol_dipole,52,0.13021396100521088,0.01425292156636715,0.6184627505306015,0.9661775229020746,2.80958890914917,0.013867277652025223,0.004935696324422302,0.12
29,octanol_dipole,53,0.40336745977401733,0.01367911882698536,0.6209308833527529,0.9006427484513722,2.7545433044433594,0.5557143688201904,0.20174464780559684,0.22
29,octanol_dipole,54,0.2503070533275604,0.015560505911707878,0.6145954900067725,0.9283533027429012,3.047701835632324,0.16555872559547424,0.05432248117576266,0.16
29,octanol_dipole,55,0.04553117975592613,0.015382329002022743,0.6142894574153732,0.9565370721451074,2.9070191383361816,0.004523413255810738,0.001556031467477607,0.02
29,octanol_dipole,56,0.39893612265586853,0.015517213381826878,0.6220410519978865,0.902644513897294,3.171905279159546,0.8025736808776855,0.25302574012876644,0.22
29,octanol_dipole,57,0.11674045771360397,0.018385538831353188,0.6212462734227133,0.9496914488660673,3.5796821117401123,0.04317989945411682,0.012062495525091954,0.08
29,octanol_dipole,58,0.30436691641807556,0.011988542973995209,0.6228651509690988,0.9246959227245952,2.382967948913574,0.21012887358665466,0.08817947957816853,0.2
29,octanol_dipole,59,0.05749867111444473,0.01660873554646969,0.6184480908927219,0.9625923521007911,3.181955575942993,0.019224699586629868,0.006041787551019628,0.06
29,octanol_dipole,60,0.11679980903863907,0.011220235377550125,0.6153156548644219,0.9556699885080691,2.1569430828094482,0.0162354726344347,0.007527075129533679,0.08
29,octanol_dipole,61,0.40545451641082764,0.015139142982661724,0.621227653707384,0.8848676750317053,3.055460214614868,0.680511474609375,0.22271979564792058,0.16
29,octanol_dipole,62,0.41793227195739746,0.015353087335824966,0.6251415799147209,0.8987309808730173,3.1855177879333496,0.6697673201560974,0.21025383147856117,0.22
29,octanol_dipole,63,0.17518876492977142,0.023964492604136467,0.616781123123052,0.9338771778977437,4.695585250854492,0.1535385400056839,0.032698488431818655,0.04
29,octanol_dipole,64,0.17146612703800201,0.014848180115222931,0.6155600815547277,0.9264736845121742,2.949193239212036,0.133074089884758,0.04512220091766949,0.12
29,octanol_dipole,65,0.15282563865184784,0.021541086956858635,0.6210685378487231,0.9187816557414563,4.277187824249268,0.23593024909496307,0.05516013296338548,0.06
29,octanol_dipole,66,0.23419399559497833,0.01659938506782055,0.6155929871987513,0.9316568255666371,3.379620313644409,0.3031737208366394,0.08970644412706598,0.08
29,octanol_dipole,67,0.15606912970542908,0.013516011647880077,0.6236522323503852,0.9551860236898428,2.6734163761138916,0.011445511132478714,0.004281230277012082,0.08
29,octanol_dipole,68,0.08249827474355698,0.01768718659877777,0.6191911688165632,0.9564264800369755,3.4722867012023926,0.012173420749604702,0.0035058800718815236,0.08
29,octanol_dipole,69,0.1155647486448288,0.013674029149115086,0.619777446251792,0.9698606749066558,2.697042226791382,0.017221076413989067,0.006385171223098217,0.12
29,octanol_dipole,70,0.14674361050128937,0.01530564483255148,0.618698636518705,0.9639626070518117,3.04681658744812,0.012368774972856045,0.004059573202998605,0.1
29,octanol_dipole,71,0.09571699798107147,0.0162415262311697,0.621164514612915,0.9440199768212381,3.200394868850708,0.011393284425139427,0.0035599620959368876,0.06
29,octanol_dipole,72,0.07958637177944183,0.014265363104641438,0.6173451085281916,0.9478342238019792,2.7267568111419678,0.013052098453044891,0.004786674924478748,0.04
29,octanol_dipole,73,0.13970665633678436,0.017124880105257034,0.620146279656766,0.9648245398297932,3.4023118019104004,0.007691992446780205,0.002260813498181191,0.14
29,octanol_dipole,74,0.12041603773832321,0.011194940656423569,0.6193288033714008,0.967760665447855,2.1870501041412354,0.020276378840208054,0.009271108513615765,0.1
29,octanol_dipole,75,0.2830319404602051,0.017268162220716476,0.6196649021966696,0.9266327796261227,3.448188066482544,0.18474549055099487,0.0535775563829532,0.06
29,octanol_dipole,76,0.18501362204551697,0.013546083122491837,0.6163243167616572,0.9383568614574151,2.6753835678100586,0.045644406229257584,0.017060883074280043,0.08
29,octanol_dipole,77,0.15071867406368256,0.009160049259662628,0.6247238995854076,0.9565902477025738,1.7316768169403076,0.08120937645435333,0.04689638139167436,0.1
29,octanol_dipole,78,0.10281185805797577,0.014017807319760323,0.6167485273782682,0.9727772382820945,2.7607710361480713,0.00749684264883399,0.0027154887350940406,0.08
29,octanol_dipole,79,0.5506427884101868,0.016209376975893974,0.6290009022953358,0.9058511855329039,3.471843957901001,1.1233328580856323,0.3235551112627695,0.42
29,octanol_dipole,80,0.12026096880435944,0.019372912123799324,0.6189346790807091,0.9391941909288837,3.886641025543213,0.0652860775589943,0.016797557873220268,0.02
29,octanol_dipole,81,0.20079021155834198,0.014687484130263329,0.62117547587714,0.9307758153161432,2.9355976581573486,0.07687617838382721,0.026187573140415223,0.14
29,octanol_dipole,82,0.28319334983825684,0.017444947734475136,0.6171929567984391,0.8947020900899139,3.5688140392303467,0.5350365042686462,0.14991997296223164,0.1
29,octanol_dipole,83,0.14811371266841888,0.015532340854406357,0.6192743044520477,0.9672757535990419,3.083664894104004,0.010799931362271309,0.0035023038277994726,0.16
29,octanol_dipole,84,0.18746933341026306,0.01052480936050415,0.6181847674963044,0.9310442581304081,1.9885615110397339,0.10984229296445847,0.0552370607369478,0.1
29,octanol_dipole,85,0.1528482288122177,0.027837341651320457,0.6218595653286538,0.9337170941922164,5.9830427169799805,0.15789176523685455,0.02638987764348647,0.1
29,octanol_dipole,86,0.2202424854040146,0.015496703796088696,0.6212525937014011,0.9244500537812024,3.0804362297058105,0.13245099782943726,0.042997480860717786,0.16
29,octanol_dipole,87,0.32918286323547363,0.016513245180249214,0.614826971611478,0.8922988230237989,3.3480513095855713,0.6481003165245056,0.19357538358775297,0.14
29,octanol_dipole,88,0.13529738783836365,0.01652398891746998,0.6161141241917616,0.9528607041306341,3.2681312561035156,0.007539158221334219,0.002306871306730473,0.12
29,octanol_dipole,89,0.12024515867233276,0.014193638227880001,0.6185675674370776,0.9491809631821668,2.745089530944824,0.020934613421559334,0.00762620424054217,0.1
29,octanol_dipole,90,0.09589129686355591,0.01968608796596527,0.6168738865841925,0.976454698763914,3.766531467437744,0.004665574058890343,0.0012386924413681295,0.08
29,octanol_dipole,91,0.13042092323303223,0.01688683032989502,0.6204053360554433,0.9527424472321049,3.30359148979187,0.008175449445843697,0.002474715615143675,0.08
29,octanol_dipole,92,0.40206754207611084,0.01535983756184578,0.6204547853768307,0.8909300373825462,3.111186981201172,0.6232410073280334,0.20032258141148804,0.16
29,octanol_dipole,93,0.1747797578573227,0.01779237948358059,0.6219951462875553,0.9518202144951753,3.5561046600341797,0.008055278100073338,0.00226519713848802,0.1
29,octanol_dipole,94,0.4593200981616974,0.01353409793227911,0.6235793102677383,0.8861344157290318,2.8335752487182617,0.6664435863494873,0.23519530199557825,0.22
29,octanol_dipole,95,0.29483550786972046,0.015941623598337173,0.6241303066906152,0.906757290577284,3.1954832077026367,0.3963417708873749,0.12403187409403449,0.12
29,octanol_dipole,96,0.18209533393383026,0.016133015975356102,0.6172407403168478,0.9381453762549847,3.132174015045166,0.05281127989292145,0.01686090224848504,0.06
29,octanol_dipole,97,0.1478727012872696,0.01617473177611828,0.6172055890525532,0.9536499749960998,3.21004581451416,0.009092015214264393,0.0028323630688244453,0.1
29,octanol_dipole,98,0.12938545644283295,0.01664852909743786,0.6162543479617579,0.9525283246700356,3.3043034076690674,0.0160449780523777,0.004855782315612537,0.14
29,octanol_dipole,99,0.2203090637922287,0.01609887182712555,0.6194477576498916,0.948301029641601,3.165424108505249,0.03503962978720665,0.011069489770125236,0.04
29,octanol_dipole,100,0.1565365195274353,0.01224043220281601,0.6199533978220766,0.9646230600794528,2.4097561836242676,0.008365722373127937,0.0034716053142546193,0.1
29,octanol_dipole,101,0.1209494099020958,0.012048427015542984,0.6189833797385629,0.9690085780052209,2.3325836658477783,0.018603891134262085,0.007975658668389283,0.08
29,octanol_dipole,102,0.09377127885818481,0.01380388718098402,0.619644095217468,0.9616541174183133,2.7080960273742676,0.006161148194223642,0.002275084831536571,0.06
29,octanol_dipole,103,0.1362031251192093,0.013261402025818825,0.6187829732969259,0.9579083302692644,2.6218225955963135,0.028010446578264236,0.01068357814343021,0.08
29,octanol_dipole,104,0.17106886208057404,0.01343823317438364,0.6180699268167738,0.9399309417779484,2.6570775508880615,0.04749128222465515,0.017873502491029057,0.1
29,octanol_dipole,105,0.3853454291820526,0.015000982210040092,0.6132740972021893,0.885445601219458,2.976985216140747,0.5505043864250183,0.18492009414096847,0.22
29,octanol_dipole,106,0.13634634017944336,0.01501346006989479,0.6177569851767235,0.967610977643075,2.9502079486846924,0.011988943442702293,0.004063762165662726,0.14
29,octanol_dipole,107,0.09079041332006454,0.02201450616121292,0.627497470804528,0.9480976667212446,4.374937534332275,0.03818598389625549,0.00872834951278536,0.08
29,octanol_dipole,108,0.38307708501815796,0.018842585384845734,0.6121666956109704,0.8821976566750733,3.7921245098114014,0.658958375453949,0.17377023717154313,0.2
29,octanol_dipole,109,0.15789982676506042,0.011582618579268456,0.6195547107780175,0.9688144733172268,2.274416208267212,0.02279653586447239,0.010023027351638587,0.12
29,octanol_dipole,110,0.09526339173316956,0.016743872314691544,0.6195168410378527,0.953138084816864,3.2438433170318604,0.010099010542035103,0.0031132855551345706,0.04
29,octanol_dipole,111,0.3675808608531952,0.00923827849328518,0.6203446586034314,0.9046966086273771,1.794122576713562,0.4494190812110901,0.25049519305103835,0.26
29,octanol_dipole,112,0.14239826798439026,0.02113249897956848,0.6135224544361613,0.9352365202836812,4.236049175262451,0.08189357817173004,0.01933253717873948,0.08
29,octanol_dipole,113,0.12973985075950623,0.011721019633114338,0.6194276033022899,0.9539375212946337,2.297437906265259,0.009025933220982552,0.003928695176643625,0.06
29,octanol_dipole,114,0.04029442369937897,0.012106549926102161,0.6211478924436367,0.9665221688701864,2.356348752975464,0.00751624908298254,0.0031897863478364337,0.04
29,octanol_dipole,115,0.3126261830329895,0.015561474487185478,0.6203828722101816,0.9120159793407658,3.04441499710083,0.5061471462249756,0.16625432035611937,0.08
29,octanol_dipole,116,0.14623050391674042,0.01688491925597191,0.619185700626256,0.9744126669863278,3.3362371921539307,0.004032861441373825,0.0012088053723692655,0.12
29,octanol_dipole,117,0.19752292335033417,0.016091221943497658,0.6221700192187449,0.9487572551662695,3.1317367553710938,0.14762917160987854,0.0471397129266011,0.12
29,octanol_dipole,118,0.22598345577716827,0.0143664525821805,0.6197858121354294,0.9413506441837234,2.846679925918579,0.10649824887514114,0.03741138858130523,0.04
29,octanol_dipole,119,0.2051762491464615,0.013322589918971062,0.6190125509523388,0.9461301755881384,2.6372809410095215,0.09557779878377914,0.036241037993924544,0.12
29,octanol_dipole,120,0.08999589830636978,0.01677805185317993,0.6163022551229751,0.9701650749410664,3.2478883266448975,0.011483755894005299,0.003535760697125981,0.08
29,octanol_dipole,121,0.12368162721395493,0.013240315951406956,0.6196760219262911,0.9593623360493597,2.5913279056549072,0.01484808512032032,0.005729913643085535,0.06
29,octanol_dipole,122,0.1414850354194641,0.01574588753283024,0.6179120816495043,0.9622803010989689,3.0535030364990234,0.020237427204847336,0.006627609982025904,0.06
29,octanol_dipole,123,0.15175248682498932,0.020376434549689293,0.6190063433626067,0.9434241216491048,3.973451852798462,0.02243628166615963,0.005646546755148922,0.04
29,octanol_dipole,124,0.05606498569250107,0.019182832911610603,0.6192331710615127,0.9567987713280051,3.9140243530273438,0.0049454099498689175,0.001263510265602675,0.06
29,octanol_dipole,125,0.2305564135313034,0.014672474935650826,0.6172203558274174,0.9233005271433428,2.8452534675598145,0.15997916460037231,0.056226682938576945,0.1
29,octanol_dipole,126,0.13917800784111023,0.029418980702757835,0.6168175366003297,0.9122981110451074,6.138990879058838,0.4486036002635956,0.0730744855467794,0.12
29,octanol_dipole,127,0.04724276438355446,0.012789178639650345,0.6194355103843237,0.9562160695722792,2.4772539138793945,0.006901801563799381,0.0027860694961991677,0.04
29,octanol_dipole,128,0.27126750349998474,0.013800165615975857,0.6210262294462814,0.9264384115911584,2.733431816101074,0.23259498178958893,0.08509265913256212,0.14
29,octanol_dipole,129,0.2669357359409332,0.013904320076107979,0.6180681820511804,0.9029549779311883,2.720863103866577,0.32026126980781555,0.11770576378969494,0.14
29,octanol_dipole,130,0.1458006650209427,0.017133679240942,0.6200005601062344,0.9698943604226595,3.3648741245269775,0.004513022489845753,0.0013412158442866501,0.1
29,octanol_dipole,131,0.15089605748653412,0.012625550851225853,0.6194844018445524,0.954449423914469,2.4852349758148193,0.029225749894976616,0.011759753174000999,0.14
29,octanol_dipole,132,0.31728965044021606,0.012573519721627235,0.622416850054704,0.9200792166634739,2.5021002292633057,0.36129888892173767,0.1443982477984565,0.14
29,octanol_dipole,133,0.10572352260351181,0.016452113166451454,0.6182285858469438,0.9646774179922994,3.220998525619507,0.014939285814762115,0.004638091478756199,0.1
29,octanol_dipole,134,0.1402801126241684,0.01490839570760727,0.6199743123260106,0.9548805415920685,2.918243646621704,0.008684692904353142,0.0029759999355800705,0.1
29,octanol_dipole,135,0.24245288968086243,0.011859878897666931,0.6198283309380355,0.92853698186438,2.3216352462768555,0.1112712100148201,0.047927946559763325,0.1
29,octanol_dipole,136,0.17487315833568573,0.015069359913468361,0.6195875267981539,0.9567506809003323,2.9730987548828125,0.008537819609045982,0.002871690553508879,0.14
29,octanol_dipole,137,0.5407137274742126,0.01408532913774252,0.6312103260396986,0.9047416961460268,2.8120338916778564,1.1542996168136597,0.41048567025802224,0.34
29,octanol_dipole,138,0.3236047029495239,0.01665027067065239,0.6212097202124633,0.9109895325484278,3.3556244373321533,0.39939218759536743,0.11902171862620571,0.2
29,octanol_dipole,139,0.22228853404521942,0.01681826449930668,0.6198896912980862,0.9214562646259772,3.2811858654022217,0.23723351955413818,0.07230115247526737,0.08
29,octanol_dipole,140,0.20603244006633759,0.01503508910536766,0.61353049719358,0.9333218064931308,3.0050814151763916,0.11880970001220703,0.03953626660901404,0.08
29,octanol_dipole,141,0.13179461658000946,0.01402006484568119,0.6165868329615403,0.9414828108724507,2.6973624229431152,0.016971413046121597,0.006291854925302898,0.04
29,octanol_dipole,142,0.2538799047470093,0.01697360724210739,0.60946075921157,0.9155388620485734,3.3642070293426514,0.31290313601493835,0.09300947690965321,0.2
29,octanol_dipole,143,0.3336646854877472,0.016764847561717033,0.6187428026293895,0.8970852163079788,3.388251304626465,0.6391223669052124,0.18862897389946462,0.22
29,octanol_dipole,144,0.19980557262897491,0.017739256843924522,0.6230455058296911,0.9403597141321913,3.5580763816833496,0.04900543764233589,0.013773014512732605,0.1
29,octanol_dipole,145,0.08409535884857178,0.013091866858303547,0.6182896495670989,0.9584210847931969,2.5181360244750977,0.017909660935401917,0.0071122690598635005,0.06
29,octanol_dipole,146,0.3499457538127899,0.01722264662384987,0.62013720807308,0.8966291248205986,3.481147289276123,0.5363191962242126,0.15406391963832589,0.2
29,octanol_dipole,147,0.29727885127067566,0.015591979958117008,0.6199797199470043,0.9172854257732914,3.109717607498169,0.3200836777687073,0.10293014291616695,0.1
29,octanol_dipole,148,0.31976884603500366,0.015950608998537064,0.6135205229681877,0.9135290062082666,3.164029598236084,0.46717631816864014,0.14765232235156284,0.22
29,octanol_dipole,149,0.27524206042289734,0.014187678694725037,0.6221943964785739,0.9159272185537968,2.8995258808135986,0.28642648458480835,0.0987839034236997,0.1
29,octanol_dipole,150,0.08418651670217514,0.012018658220767975,0.6201628015154879,0.9667367265105913,2.3227243423461914,0.018575770780444145,0.007997406511734707,0.06
29,octanol_dipole,151,0.04375515505671501,0.00878969393670559,0.6246095754619374,0.9511012928254714,1.648154854774475,0.021401328966021538,0.012985023163342248,0.04
29,octanol_dipole,152,0.13616473972797394,0.011267716996371746,0.6193804535488239,0.9487768375510457,2.2052059173583984,0.02393873780965805,0.010855556672156088,0.12
29,octanol_dipole,153,0.28904321789741516,0.015375185757875443,0.6200090282035653,0.916930891959526,3.093798875808716,0.4169013798236847,0.13475387268498734,0.08
29,octanol_dipole,154,0.07436510175466537,0.01458488404750824,0.6122857764367886,0.9699875653803915,2.8836920261383057,0.008107678033411503,0.002811561692414462,0.06
29,octanol_dipole,155,0.0936686173081398,0.019723128527402878,0.6209630443320868,0.9672835065816061,3.8354384899139404,0.011762208305299282,0.0030667180131373198,0.06
29,octanol_dipole,156,0.23620794713497162,0.011908847838640213,0.6190000141908063,0.9465857558090209,2.2934999465942383,0.1069527193903923,0.046632972261112585,0.1
29,octanol_dipole,157,0.14250566065311432,0.014646402560174465,0.6169848162187004,0.9672381947685664,2.837871789932251,0.008407357148826122,0.002962557074865892,0.08
29,octanol_dipole,158,0.15910014510154724,0.017732171341776848,0.6219731612944253,0.9590947039791957,3.5306246280670166,0.037820134311914444,0.010712023592443077,0.1
29,octanol_dipole,159,0.2366415560245514,0.012720398604869843,0.618276604441474,0.9207592547912815,2.520089864730835,0.18805204331874847,0.07462116567769057,0.06
29,octanol_dipole,160,0.33777496218681335,0.024912875145673752,0.6187605568302452,0.9116058355743957,5.230113506317139,0.8460913896560669,0.16177304539072127,0.14
29,octanol_dipole,161,0.20047737658023834,0.013374501839280128,0.619603571459667,0.9432019143615882,2.6165990829467773,0.06646665930747986,0.02540192715829665,0.1
29,octanol_dipole,162,0.18733738362789154,0.013557200320065022,0.6207350265171172,0.9656057214944702,2.638495922088623,0.05838002264499664,0.022126250852335314,0.14
29,octanol_dipole,163,0.4462999999523163,0.01308941375464201,0.623691677203885,0.8945408826469006,2.6706631183624268,0.7680283784866333,0.2875796551073675,0.2
29,octanol_dipole,164,0.14153270423412323,0.016308151185512543,0.6179323589894548,0.9629964015295176,3.2090461254119873,0.014032313600182533,0.004372736648770052,0.12
29,octanol_dipole,165,0.27245017886161804,0.012797622941434383,0.620244612988218,0.9315753081062974,2.536022663116455,0.21303117275238037,0.08400207768277262,0.18
29,octanol_dipole,166,0.2051795870065689,0.014626401476562023,0.6183580819647654,0.9224499310227567,2.8863298892974854,0.15360665321350098,0.05321867530910955,0.16
29,octanol_dipole,167,0.08146440982818604,0.018592355772852898,0.6136246894034354,0.9443653734779462,3.654853582382202,0.011398081667721272,0.00311861512665361,0.12
29,octanol_dipole,168,0.13329562544822693,0.01493612676858902,0.6192728920817097,0.9477127925798252,2.9212334156036377,0.035683635622262955,0.012215263399241023,0.1
29,octanol_dipole,169,0.22827880084514618,0.0204556155949831,0.6085651701649188,0.9229504599106559,4.070188999176025,0.3011016547679901,0.07397731526200517,0.14
29,octanol_dipole,170,0.44526150822639465,0.014542248100042343,0.6238814505128336,0.8949471578089048,2.9520018100738525,0.9436585903167725,0.31966734813525205,0.16
29,octanol_dipole,171,0.31763941049575806,0.014868286438286304,0.6192703641072306,0.9031532691986048,2.9740564823150635,0.4420015215873718,0.14861907439071542,0.16
29,octanol_dipole,172,0.34001287817955017,0.02132701314985752,0.6230739239099798,0.9203558836457617,4.242267608642578,0.6692386865615845,0.15775494341709492,0.18
29,octanol_dipole,173,0.377882719039917,0.015403193421661854,0.6208301015117879,0.8863183381921782,3.1223502159118652,0.569267213344574,0.18232010312088665,0.2
29,octanol_dipole,174,0.09820377826690674,0.017667241394519806,0.6192953018951584,0.9637593875989308,3.4926810264587402,0.01140816230326891,0.003266305229949883,0.04
29,octanol_dipole,175,0.16115239262580872,0.013781804591417313,0.6202908354009453,0.9537018175278338,2.719010829925537,0.024140991270542145,0.008878593275482934,0.14
29,octanol_dipole,176,0.2493687868118286,0.0170410368591547,0.6155512420677975,0.9393752540337623,3.388913869857788,0.16230864822864532,0.04789400216756067,0.2
29,octanol_dipole,177,0.35312315821647644,0.010161693207919598,0.6207654257970774,0.9158360794145557,2.028817892074585,0.3908082842826843,0.19262856750689436,0.2
29,octanol_dipole,178,0.11882840096950531,0.014808769337832928,0.6185821944291596,0.9501290146222223,2.8960554599761963,0.01984674483537674,0.006853026507834856,0.1
29,octanol_dipole,179,0.366373211145401,0.017633555456995964,0.6174411802822806,0.90357782903705,3.5440714359283447,0.6813015341758728,0.19223696431993917,0.2
29,octanol_dipole,180,0.10677996277809143,0.012287948280572891,0.6201677846597005,0.9639168075607025,2.3864381313323975,0.013738971203565598,0.005757103451869019,0.06
29,octanol_dipole,181,0.1626456081867218,0.017362376675009727,0.6172778036998472,0.9564207607567761,3.456143379211426,0.06221921369433403,0.018002497832867784,0.18
29,octanol_dipole,182,0.352579265832901,0.013760309666395187,0.6214669722204771,0.918897397268992,2.7374773025512695,0.23885861039161682,0.08725501035899212,0.12
29,octanol_dipole,183,0.3265244960784912,0.014739727601408958,0.6160803831583255,0.913648566899464,2.946159839630127,0.38958415389060974,0.1322345612923431,0.16
29,octanol_dipole,184,0.047452036291360855,0.029476860538125038,0.6195803831806372,0.955936099296298,6.159245014190674,0.018228838220238686,0.0029595897189087484,0.06
29,octanol_dipole,185,0.14933229982852936,0.013626898638904095,0.6195359438239088,0.9704179276775307,2.6725518703460693,0.005412285216152668,0.002025137575889904,0.08
29,octanol_dipole,186,0.35687077045440674,0.011163881979882717,0.6206121499578281,0.917530109974996,2.1825785636901855,0.3225557208061218,0.14778653386055532,0.24
29,octanol_dipole,187,0.056232988834381104,0.016553135588765144,0.6179995977666506,0.9628513474947666,3.2803540229797363,0.004803905729204416,0.0014644473418270719,0.06
29,octanol_dipole,188,0.2197120636701584,0.016971521079540253,0.6211971955558147,0.9307635924056548,3.3519091606140137,0.0495942123234272,0.014795810371645743,0.12
29,octanol_dipole,189,0.13258403539657593,0.010972293093800545,0.6199796919462719,0.9675416537344061,2.121065855026245,0.017973273992538452,0.008473699178150251,0.08
29,octanol_dipole,190,0.08893755823373795,0.011605005711317062,0.6198676178579821,0.9559517371385651,2.2541728019714355,0.006919560953974724,0.003069667484197783,0.08
29,octanol_dipole,191,0.10985633730888367,0.011958996765315533,0.6195389336019479,0.9672143524045713,2.3281564712524414,0.023898346349596977,0.010264922759568975,0.08
29,octanol_dipole,192,0.18225979804992676,0.014039864763617516,0.6187787981389554,0.9585528556880316,2.738125801086426,0.04658348858356476,0.01701291027792861,0.12
29,octanol_dipole,193,0.2872273921966553,0.016047971323132515,0.6199270455900268,0.9100860560047228,3.1348469257354736,0.24090538918972015,0.07684757657926178,0.1
29,octanol_dipole,194,0.17089350521564484,0.011902067810297012,0.6194208453695327,0.9437829491334977,2.3538851737976074,0.023788172751665115,0.01010591893626094,0.16
29,octanol_dipole,195,0.1422644406557083,0.015137184411287308,0.6182308629650153,0.9696682283402303,2.995145320892334,0.007699007634073496,0.002570495521659615,0.16
29,octanol_dipole,196,0.3450793921947479,0.0152091383934021,0.6188157206241838,0.8961289316477086,3.0906155109405518,0.6471037864685059,0.20937699438115354,0.16
29,octanol_dipole,197,0.17109863460063934,0.015314707532525063,0.6187507512965642,0.9467387928154793,3.0222012996673584,0.009297081269323826,0.003076261422542277,0.16
29,octanol_dipole,198,0.32901135087013245,0.011861049570143223,0.6212611531199026,0.9238637314860672,2.3511486053466797,0.31218573451042175,0.13278009471646715,0.2
29,octanol_dipole,199,0.11955634504556656,0.018884193152189255,0.6185065082713395,0.9604423779993585,3.6719563007354736,0.007101019378751516,0.0019338518209841493,0.06
29,octanol_dipole,200,0.11188309639692307,0.016172263771295547,0.6183905274814991,0.9510247951088455,3.152523994445801,0.02388330176472664,0.007575930209192654,0.02
29,octanol_dipole,201,0.13478532433509827,0.01458936557173729,0.6197389913563469,0.9725332422394299,2.8983969688415527,0.011489630676805973,0.003964132863897595,0.14
29,octanol_dipole,202,0.050658296793699265,0.009239166975021362,0.6179404756706843,0.9669620537102208,1.7830276489257812,0.01410115510225296,0.0079085453951028,0.06
29,octanol_dipole,203,0.1263442486524582,0.017063522711396217,0.6143773503627539,0.970799291864181,3.28554630279541,0.006211360916495323,0.0018905108447902774,0.04
29,octanol_dipole,204,0.4112775921821594,0.014693600125610828,0.6232899205287739,0.9034362116019325,2.971090793609619,0.7945743799209595,0.2674352401582518,0.22
29,octanol_dipole,205,0.24200329184532166,0.017256353050470352,0.6163318457619253,0.9420051657200672,3.562206506729126,0.1900092512369156,0.05334032456512047,0.2
29,octanol_dipole,206,0.25614240765571594,0.01884821243584156,0.6192398432313222,0.9301628771758201,3.6886837482452393,0.34922075271606445,0.09467354117364869,0.12
29,octanol_dipole,207,0.11701148748397827,0.01570817269384861,0.615252895420068,0.9721307680950062,2.9927175045013428,0.004231638740748167,0.0014139786780353856,0.04
29,octanol_dipole,208,0.28643906116485596,0.015541006810963154,0.6127477489454216,0.9083105405888297,3.03503680229187,0.3025914132595062,0.09969942144721543,0.12
29,octanol_dipole,209,0.4268673360347748,0.014812231995165348,0.6191333368559138,0.9036574487207327,3.032180070877075,0.7120947241783142,0.23484579000360517,0.24
29,octanol_dipole,210,0.15634498000144958,0.011340383440256119,0.6198110674329131,0.9395894051053202,2.202568531036377,0.0382416807115078,0.017362311398099337,0.1
29,octanol_dipole,211,0.06434443593025208,0.01954786106944084,0.6032803708592966,0.9592601947524773,3.7849860191345215,0.007602141238749027,0.0020084991596580164,0.08
29,octanol_dipole,212,0.17381726205348969,0.01195600163191557,0.6171244296284089,0.9576622768037799,2.37459397315979,0.09756240993738174,0.0410859334438379,0.1
29,octanol_dipole,213,0.09922870248556137,0.0155508853495121,0.6187891493589364,0.9646546776004243,3.0558507442474365,0.019000960513949394,0.006217895474678609,0.1
29,octanol_dipole,214,0.3288553059101105,0.016693569719791412,0.6186959280325752,0.9083943302007982,3.3096842765808105,0.3078997731208801,0.0930299531286311,0.2
29,octanol_dipole,215,0.13460950553417206,0.017733056098222733,0.6171274486568725,0.9589062095419776,3.4481141567230225,0.02555486001074314,0.007411256950677545,0.08
29,octanol_dipole,216,0.48974543809890747,0.012481036596000195,0.624773238477609,0.8866497256258403,2.5426480770111084,0.6438934206962585,0.253237334146988,0.28
29,octanol_dipole,217,0.18293644487857819,0.01633642613887787,0.6183817156257936,0.9508213076533021,3.2498960494995117,0.020338675007224083,0.006258254017188108,0.12
29,octanol_dipole,218,0.06832621246576309,0.014623068273067474,0.6206839508998923,0.960222872181842,2.861708402633667,0.02261040359735489,0.00790101590244004,0.06
29,octanol_dipole,219,0.12239444255828857,0.015173114836215973,0.6178001357198597,0.9644739404526244,2.943251132965088,0.014517893083393574,0.0049326042622696515,0.08
29,octanol_dipole,220,0.16365393996238708,0.014188281260430813,0.6185295017106738,0.9577731400462883,2.7312190532684326,0.020427627488970757,0.0074793076243830185,0.14
29,octanol_dipole,221,0.13014979660511017,0.014078104868531227,0.6203405706468585,0.9657440199455842,2.7470765113830566,0.01554835494607687,0.005659964286269121,0.06
29,octanol_dipole,222,0.12829895317554474,0.015606150031089783,0.6185850865181146,0.966852749802821,3.036057949066162,0.01752748154103756,0.0057731050708135214,0.1
29,octanol_dipole,223,0.1539749950170517,0.015783626586198807,0.6175650672198771,0.9505357536632968,3.1444973945617676,0.01808064430952072,0.005749931401053213,0.08
29,octanol_dipole,224,0.2126687616109848,0.013257751241326332,0.6202117642126466,0.9339842573229833,2.622415781021118,0.15696574747562408,0.05985540073836219,0.12
29,octanol_dipole,225,0.1795310378074646,0.01772286556661129,0.6190175143991783,0.947073314151333,3.5294606685638428,0.036414168775081635,0.01031720486345546,0.06
29,octanol_dipole,226,0.14793966710567474,0.016031181439757347,0.6194112130371123,0.9621119274258527,3.161945343017578,0.010813182219862938,0.00341978783527721,0.06
29,octanol_dipole,227,0.07490488886833191,0.009946707636117935,0.6189036269712282,0.9641042953451497,1.894551157951355,0.006857681088149548,0.0036196864145727264,0.06
29,octanol_dipole,228,0.3415295481681824,0.013278711587190628,0.6173725952771763,0.9069000540772711,2.692854404449463,0.45770367980003357,0.1699697091100654,0.2
29,octanol_dipole,229,0.14469563961029053,0.017998699098825455,0.6143019263464757,0.9501177911060454,3.5936625003814697,0.053921978920698166,0.015004742074408576,0.14
29,octanol_dipole,230,0.12692895531654358,0.016044344753026962,0.6178774221571983,0.9594034374147695,3.116370439529419,0.007637741509824991,0.0024508451925177137,0.08
29,octanol_dipole,231,0.23670828342437744,0.016171425580978394,0.6132006413055047,0.9061979000542244,3.2455573081970215,0.3737733066082001,0.11516459920895354,0.1
29,octanol_dipole,232,0.2783465087413788,0.01826835796236992,0.6169050202382609,0.9088648714518686,3.5840585231781006,0.5227274298667908,0.14584790579905807,0.12
29,octanol_dipole,233,0.2534462809562683,0.014517889358103275,0.6213170212214332,0.948393396442021,2.8886897563934326,0.14887921512126923,0.051538665511504045,0.2
29,octanol_dipole,234,0.3248038589954376,0.01571187935769558,0.6203174410593466,0.9159371637850082,3.1192030906677246,0.3883131742477417,0.12449114820690176,0.08
29,octanol_dipole,235,0.3917410373687744,0.013997688889503479,0.620141540894259,0.8853748644601582,2.8503124713897705,0.5729294419288635,0.20100583626521185,0.16
29,octanol_dipole,236,0.10863154381513596,0.02023964747786522,0.6198050835750699,0.9680657135214712,3.9441003799438477,0.009993410669267178,0.0025337617470601636,0.06
29,octanol_dipole,237,0.5103920102119446,0.011695683002471924,0.6314468043711876,0.9082507218794096,2.330315589904785,0.9011118412017822,0.38669090362932385,0.26
29,octanol_dipole,238,0.15088675916194916,0.01937548629939556,0.6187796833689461,0.9470193985865663,3.7901575565338135,0.025733932852745056,0.006789673639921009,0.06
29,octanol_dipole,239,0.11112623661756516,0.015055768191814423,0.6201470493060777,0.9546052298273511,2.967756509780884,0.013261371292173862,0.0044684835998061645,0.06
29,octanol_dipole,240,0.16527119278907776,0.015455673448741436,0.6168393495801321,0.9574746551673867,3.065211534500122,0.05840931460261345,0.019055557486063975,0.1
29,octanol_dipole,241,0.13616684079170227,0.015921343117952347,0.6153177218903565,0.9531280947444911,3.1596031188964844,0.02126580849289894,0.006730531554965102,0.12
29,octanol_dipole,242,0.12593136727809906,0.01615874469280243,0.6174988902874472,0.9632964447203487,3.1339893341064453,0.006459548603743315,0.0020611265435544453,0.06
29,octanol_dipole,243,0.16094107925891876,0.015556550584733486,0.6188287059956794,0.9326483647026425,3.0650277137756348,0.03755543753504753,0.012252886773668061,0.08
29,octanol_dipole,244,0.17611153423786163,0.017456529662013054,0.619904197540426,0.9513478206572046,3.474233388900757,0.039401255548000336,0.011340992713349879,0.08
29,octanol_dipole,245,0.14115098118782043,0.015239346772432327,0.6191493193066044,0.9543988291786818,2.9920847415924072,0.00854908861219883,0.0028572347879588958,0.08
29,octanol_dipole,246,0.23758859932422638,0.014125644229352474,0.6190284519211846,0.9407627298905401,2.7936787605285645,0.1013541892170906,0.036279829538423514,0.12
29,octanol_dipole,247,0.11979684978723526,0.012285116128623486,0.619275242793289,0.9445222956775376,2.416290044784546,0.03801385685801506,0.015732323584275933,0.1
29,octanol_dipole,248,0.26006752252578735,0.016344891861081123,0.6146469761327829,0.9174158996436061,3.2989230155944824,0.3315998911857605,0.10051762033192052,0.18
29,octanol_dipole,249,0.08206852525472641,0.019062554463744164,0.6169440702334799,0.9620645883799928,3.6763038635253906,0.012187558226287365,0.0033151661774225892,0.12
29,hexane_gsolv_eV,0,1.0,0.0,0.651953141123119,0.651953141123119,,,,1.0
29,hexane_gsolv_eV,1,1.0,0.0,0.651953141123119,0.651953141123119,,,,1.0
29,hexane_gsolv_eV,2,1.0,0.0,0.651953141123119,0.651953141123119,,,,1.0
29,hexane_gsolv_eV,3,1.0,0.0,0.651953141123119,0.651953141123119,,,,1.0
29,hexane_gsolv_eV,4,1.0,0.0,0.651953141123119,0.651953141123119,,,,1.0
29,hexane_gsolv_eV,5,1.0,0.0,0.651953141123119,0.651953141123119,,,,1.0
29,hexane_gsolv_eV,6,1.0,0.0,0.651953141123119,0.651953141123119,,,,1.0
29,hexane_gsolv_eV,7,1.0,0.0,0.651953141123119,0.651953141123119,,,,1.0
29,hexane_gsolv_eV,8,1.0,0.0,0.651953141123119,0.651953141123119,,,,1.0
29,hexane_gsolv_eV,9,1.0,0.0,0.651953141123119,0.651953141123119,,,,1.0
29,hexane_gsolv_eV,10,1.0,0.0,0.651953141123119,0.651953141123119,,,,1.0
29,hexane_gsolv_eV,11,1.0,0.0,0.651953141123119,0.651953141123119,,,,1.0
29,hexane_gsolv_eV,12,1.0,0.0,0.651953141123119,0.651953141123119,,,,1.0
29,hexane_gsolv_eV,13,1.0,0.0,0.651953141123119,0.651953141123119,,,,1.0
29,hexane_gsolv_eV,14,1.0,0.0,0.651953141123119,0.651953141123119,,,,1.0
29,hexane_gsolv_eV,15,1.0,0.0,0.651953141123119,0.651953141123119,,,,1.0
29,hexane_gsolv_eV,16,1.0,0.0,0.651953141123119,0.651953141123119,,,,1.0
29,hexane_gsolv_eV,17,1.0,0.0,0.651953141123119,0.651953141123119,,,,1.0
29,hexane_gsolv_eV,18,1.0,0.0,0.651953141123119,0.651953141123119,,,,1.0
29,hexane_gsolv_eV,19,1.0,0.0,0.651953141123119,0.651953141123119,,,,1.0
29,hexane_gsolv_eV,20,1.0,0.0,0.651953141123119,0.651953141123119,,,,1.0
29,hexane_gsolv_eV,21,1.0,0.0,0.651953141123119,0.651953141123119,,,,1.0
29,hexane_gsolv_eV,22,1.0,0.0,0.651953141123119,0.651953141123119,,,,1.0
29,hexane_gsolv_eV,23,1.0,0.0,0.651953141123119,0.651953141123119,,,,1.0
29,hexane_gsolv_eV,24,1.0,0.0,0.651953141123119,0.651953141123119,,,,1.0
29,hexane_gsolv_eV,25,1.0,0.0,0.651953141123119,0.651953141123119,,,,1.0
29,hexane_gsolv_eV,26,1.0,0.0,0.651953141123119,0.651953141123119,,,,1.0
29,hexane_gsolv_eV,27,1.0,0.0,0.651953141123119,0.651953141123119,,,,1.0
29,hexane_gsolv_eV,28,1.0,0.0,0.651953141123119,0.651953141123119,,,,1.0
29,hexane_gsolv_eV,29,1.0,0.0,0.651953141123119,0.651953141123119,,,,1.0
29,hexane_gsolv_eV,30,1.0,0.0,0.651953141123119,0.651953141123119,,,,1.0
29,hexane_gsolv_eV,31,1.0,0.0,0.651953141123119,0.651953141123119,,,,1.0
29,hexane_gsolv_eV,32,1.0,0.0,0.651953141123119,0.651953141123119,,,,1.0
29,hexane_gsolv_eV,33,1.0,0.0,0.651953141123119,0.651953141123119,,,,1.0
29,hexane_gsolv_eV,34,1.0,0.0,0.651953141123119,0.651953141123119,,,,1.0
29,hexane_gsolv_eV,35,1.0,0.0,0.651953141123119,0.651953141123119,,,,1.0
29,hexane_gsolv_eV,36,1.0,0.0,0.651953141123119,0.651953141123119,,,,1.0
29,hexane_gsolv_eV,37,1.0,0.0,0.651953141123119,0.651953141123119,,,,1.0
29,hexane_gsolv_eV,38,1.0,0.0,0.651953141123119,0.651953141123119,,,,1.0
29,hexane_gsolv_eV,39,1.0,0.0,0.651953141123119,0.651953141123119,,,,1.0
29,hexane_gsolv_eV,40,1.0,0.0,0.651953141123119,0.651953141123119,,,,1.0
29,hexane_gsolv_eV,41,1.0,0.0,0.651953141123119,0.651953141123119,,,,1.0
29,hexane_gsolv_eV,42,1.0,0.0,0.651953141123119,0.651953141123119,,,,1.0
29,hexane_gsolv_eV,43,1.0,0.0,0.651953141123119,0.651953141123119,,,,1.0
29,hexane_gsolv_eV,44,1.0,0.0,0.651953141123119,0.651953141123119,,,,1.0
29,hexane_gsolv_eV,45,1.0,0.0,0.651953141123119,0.651953141123119,,,,1.0
29,hexane_gsolv_eV,46,1.0,0.0,0.651953141123119,0.651953141123119,,,,1.0
29,hexane_gsolv_eV,47,1.0,0.0,0.651953141123119,0.651953141123119,,,,1.0
29,hexane_gsolv_eV,48,1.0,0.0,0.651953141123119,0.651953141123119,,,,1.0
29,hexane_gsolv_eV,49,1.0,0.0,0.651953141123119,0.651953141123119,,,,1.0
29,hexane_gsolv_eV,50,1.0,0.0,0.651953141123119,0.651953141123119,,,,1.0
29,hexane_gsolv_eV,51,1.0,0.0,0.651953141123119,0.651953141123119,,,,1.0
29,hexane_gsolv_eV,52,1.0,0.0,0.651953141123119,0.651953141123119,,,,1.0
29,hexane_gsolv_eV,53,1.0,0.0,0.651953141123119,0.651953141123119,,,,1.0
29,hexane_gsolv_eV,54,1.0,0.0,0.651953141123119,0.651953141123119,,,,1.0
29,hexane_gsolv_eV,55,1.0,0.0,0.651953141123119,0.651953141123119,,,,1.0
29,hexane_gsolv_eV,56,1.0,0.0,0.651953141123119,0.651953141123119,,,,1.0
29,hexane_gsolv_eV,57,1.0,0.0,0.651953141123119,0.651953141123119,,,,1.0
29,hexane_gsolv_eV,58,1.0,0.0,0.651953141123119,0.651953141123119,,,,1.0
29,hexane_gsolv_eV,59,1.0,0.0,0.651953141123119,0.651953141123119,,,,1.0
29,hexane_gsolv_eV,60,1.0,0.0,0.651953141123119,0.651953141123119,,,,1.0
29,hexane_gsolv_eV,61,1.0,0.0,0.651953141123119,0.651953141123119,,,,1.0
29,hexane_gsolv_eV,62,1.0,0.0,0.651953141123119,0.651953141123119,,,,1.0
29,hexane_gsolv_eV,63,1.0,0.0,0.651953141123119,0.651953141123119,,,,1.0
29,hexane_gsolv_eV,64,1.0,0.0,0.651953141123119,0.651953141123119,,,,1.0
29,hexane_gsolv_eV,65,1.0,0.0,0.651953141123119,0.651953141123119,,,,1.0
29,hexane_gsolv_eV,66,1.0,0.0,0.651953141123119,0.651953141123119,,,,1.0
29,hexane_gsolv_eV,67,1.0,0.0,0.651953141123119,0.651953141123119,,,,1.0
29,hexane_gsolv_eV,68,1.0,0.0,0.651953141123119,0.651953141123119,,,,1.0
29,hexane_gsolv_eV,69,1.0,0.0,0.651953141123119,0.651953141123119,,,,1.0
29,hexane_gsolv_eV,70,1.0,0.0,0.651953141123119,0.651953141123119,,,,1.0
29,hexane_gsolv_eV,71,1.0,0.0,0.651953141123119,0.651953141123119,,,,1.0
29,hexane_gsolv_eV,72,1.0,0.0,0.651953141123119,0.651953141123119,,,,1.0
29,hexane_gsolv_eV,73,1.0,0.0,0.651953141123119,0.651953141123119,,,,1.0
29,hexane_gsolv_eV,74,1.0,0.0,0.651953141123119,0.651953141123119,,,,1.0
29,hexane_gsolv_eV,75,1.0,0.0,0.651953141123119,0.651953141123119,,,,1.0
29,hexane_gsolv_eV,76,1.0,0.0,0.651953141123119,0.651953141123119,,,,1.0
29,hexane_gsolv_eV,77,1.0,0.0,0.651953141123119,0.651953141123119,,,,1.0
29,hexane_gsolv_eV,78,1.0,0.0,0.651953141123119,0.651953141123119,,,,1.0
29,hexane_gsolv_eV,79,1.0,0.0,0.651953141123119,0.651953141123119,,,,1.0
29,hexane_gsolv_eV,80,1.0,0.0,0.651953141123119,0.651953141123119,,,,1.0
29,hexane_gsolv_eV,81,1.0,0.0,0.651953141123119,0.651953141123119,,,,1.0
29,hexane_gsolv_eV,82,1.0,0.0,0.651953141123119,0.651953141123119,,,,1.0
29,hexane_gsolv_eV,83,1.0,0.0,0.651953141123119,0.651953141123119,,,,1.0
29,hexane_gsolv_eV,84,1.0,0.0,0.651953141123119,0.651953141123119,,,,1.0
29,hexane_gsolv_eV,85,1.0,0.0,0.651953141123119,0.651953141123119,,,,1.0
29,hexane_gsolv_eV,86,1.0,0.0,0.651953141123119,0.651953141123119,,,,1.0
29,hexane_gsolv_eV,87,1.0,0.0,0.651953141123119,0.651953141123119,,,,1.0
29,hexane_gsolv_eV,88,1.0,0.0,0.651953141123119,0.651953141123119,,,,1.0
29,hexane_gsolv_eV,89,1.0,0.0,0.651953141123119,0.651953141123119,,,,1.0
29,hexane_gsolv_eV,90,1.0,0.0,0.651953141123119,0.651953141123119,,,,1.0
29,hexane_gsolv_eV,91,1.0,0.0,0.651953141123119,0.651953141123119,,,,1.0
29,hexane_gsolv_eV,92,1.0,0.0,0.651953141123119,0.651953141123119,,,,1.0
29,hexane_gsolv_eV,93,1.0,0.0,0.651953141123119,0.651953141123119,,,,1.0
29,hexane_gsolv_eV,94,1.0,0.0,0.651953141123119,0.651953141123119,,,,1.0
29,hexane_gsolv_eV,95,1.0,0.0,0.651953141123119,0.651953141123119,,,,1.0
29,hexane_gsolv_eV,96,1.0,0.0,0.651953141123119,0.651953141123119,,,,1.0
29,hexane_gsolv_eV,97,1.0,0.0,0.651953141123119,0.651953141123119,,,,1.0
29,hexane_gsolv_eV,98,1.0,0.0,0.651953141123119,0.651953141123119,,,,1.0
29,hexane_gsolv_eV,99,1.0,0.0,0.651953141123119,0.651953141123119,,,,1.0
29,hexane_gsolv_eV,100,1.0,0.0,0.651953141123119,0.651953141123119,,,,1.0
29,hexane_gsolv_eV,101,1.0,0.0,0.651953141123119,0.651953141123119,,,,1.0
29,hexane_gsolv_eV,102,1.0,0.0,0.651953141123119,0.651953141123119,,,,1.0
29,hexane_gsolv_eV,103,1.0,0.0,0.651953141123119,0.651953141123119,,,,1.0
29,hexane_gsolv_eV,104,1.0,0.0,0.651953141123119,0.651953141123119,,,,1.0
29,hexane_gsolv_eV,105,1.0,0.0,0.651953141123119,0.651953141123119,,,,1.0
29,hexane_gsolv_eV,106,1.0,0.0,0.651953141123119,0.651953141123119,,,,1.0
29,hexane_gsolv_eV,107,1.0,0.0,0.651953141123119,0.651953141123119,,,,1.0
29,hexane_gsolv_eV,108,1.0,0.0,0.651953141123119,0.651953141123119,,,,1.0
29,hexane_gsolv_eV,109,1.0,0.0,0.651953141123119,0.651953141123119,,,,1.0
29,hexane_gsolv_eV,110,1.0,0.0,0.651953141123119,0.651953141123119,,,,1.0
29,hexane_gsolv_eV,111,1.0,0.0,0.651953141123119,0.651953141123119,,,,1.0
29,hexane_gsolv_eV,112,1.0,0.0,0.651953141123119,0.651953141123119,,,,1.0
29,hexane_gsolv_eV,113,1.0,0.0,0.651953141123119,0.651953141123119,,,,1.0
29,hexane_gsolv_eV,114,1.0,0.0,0.651953141123119,0.651953141123119,,,,1.0
29,hexane_gsolv_eV,115,1.0,0.0,0.651953141123119,0.651953141123119,,,,1.0
29,hexane_gsolv_eV,116,1.0,0.0,0.651953141123119,0.651953141123119,,,,1.0
29,hexane_gsolv_eV,117,1.0,0.0,0.651953141123119,0.651953141123119,,,,1.0
29,hexane_gsolv_eV,118,1.0,0.0,0.651953141123119,0.651953141123119,,,,1.0
29,hexane_gsolv_eV,119,1.0,0.0,0.651953141123119,0.651953141123119,,,,1.0
29,hexane_gsolv_eV,120,1.0,0.0,0.651953141123119,0.651953141123119,,,,1.0
29,hexane_gsolv_eV,121,1.0,0.0,0.651953141123119,0.651953141123119,,,,1.0
29,hexane_gsolv_eV,122,1.0,0.0,0.651953141123119,0.651953141123119,,,,1.0
29,hexane_gsolv_eV,123,1.0,0.0,0.651953141123119,0.651953141123119,,,,1.0
29,hexane_gsolv_eV,124,1.0,0.0,0.651953141123119,0.651953141123119,,,,1.0
29,hexane_gsolv_eV,125,1.0,0.0,0.651953141123119,0.651953141123119,,,,1.0
29,hexane_gsolv_eV,126,1.0,0.0,0.651953141123119,0.651953141123119,,,,1.0
29,hexane_gsolv_eV,127,1.0,0.0,0.651953141123119,0.651953141123119,,,,1.0
29,hexane_gsolv_eV,128,1.0,0.0,0.651953141123119,0.651953141123119,,,,1.0
29,hexane_gsolv_eV,129,1.0,0.0,0.651953141123119,0.651953141123119,,,,1.0
29,hexane_gsolv_eV,130,1.0,0.0,0.651953141123119,0.651953141123119,,,,1.0
29,hexane_gsolv_eV,131,1.0,0.0,0.651953141123119,0.651953141123119,,,,1.0
29,hexane_gsolv_eV,132,1.0,0.0,0.651953141123119,0.651953141123119,,,,1.0
29,hexane_gsolv_eV,133,1.0,0.0,0.651953141123119,0.651953141123119,,,,1.0
29,hexane_gsolv_eV,134,1.0,0.0,0.651953141123119,0.651953141123119,,,,1.0
29,hexane_gsolv_eV,135,1.0,0.0,0.651953141123119,0.651953141123119,,,,1.0
29,hexane_gsolv_eV,136,1.0,0.0,0.651953141123119,0.651953141123119,,,,1.0
29,hexane_gsolv_eV,137,1.0,0.0,0.651953141123119,0.651953141123119,,,,1.0
29,hexane_gsolv_eV,138,1.0,0.0,0.651953141123119,0.651953141123119,,,,1.0
29,hexane_gsolv_eV,139,1.0,0.0,0.651953141123119,0.651953141123119,,,,1.0
29,hexane_gsolv_eV,140,1.0,0.0,0.651953141123119,0.651953141123119,,,,1.0
29,hexane_gsolv_eV,141,1.0,0.0,0.651953141123119,0.651953141123119,,,,1.0
29,hexane_gsolv_eV,142,1.0,0.0,0.651953141123119,0.651953141123119,,,,1.0
29,hexane_gsolv_eV,143,1.0,0.0,0.651953141123119,0.651953141123119,,,,1.0
29,hexane_gsolv_eV,144,1.0,0.0,0.651953141123119,0.651953141123119,,,,1.0
29,hexane_gsolv_eV,145,1.0,0.0,0.651953141123119,0.651953141123119,,,,1.0
29,hexane_gsolv_eV,146,1.0,0.0,0.651953141123119,0.651953141123119,,,,1.0
29,hexane_gsolv_eV,147,1.0,0.0,0.651953141123119,0.651953141123119,,,,1.0
29,hexane_gsolv_eV,148,1.0,0.0,0.651953141123119,0.651953141123119,,,,1.0
29,hexane_gsolv_eV,149,1.0,0.0,0.651953141123119,0.651953141123119,,,,1.0
29,hexane_gsolv_eV,150,1.0,0.0,0.651953141123119,0.651953141123119,,,,1.0
29,hexane_gsolv_eV,151,1.0,0.0,0.651953141123119,0.651953141123119,,,,1.0
29,hexane_gsolv_eV,152,1.0,0.0,0.651953141123119,0.651953141123119,,,,1.0
29,hexane_gsolv_eV,153,1.0,0.0,0.651953141123119,0.651953141123119,,,,1.0
29,hexane_gsolv_eV,154,1.0,0.0,0.651953141123119,0.651953141123119,,,,1.0
29,hexane_gsolv_eV,155,1.0,0.0,0.651953141123119,0.651953141123119,,,,1.0
29,hexane_gsolv_eV,156,1.0,0.0,0.651953141123119,0.651953141123119,,,,1.0
29,hexane_gsolv_eV,157,1.0,0.0,0.651953141123119,0.651953141123119,,,,1.0
29,hexane_gsolv_eV,158,1.0,0.0,0.651953141123119,0.651953141123119,,,,1.0
29,hexane_gsolv_eV,159,1.0,0.0,0.651953141123119,0.651953141123119,,,,1.0
29,hexane_gsolv_eV,160,1.0,0.0,0.651953141123119,0.651953141123119,,,,1.0
29,hexane_gsolv_eV,161,1.0,0.0,0.651953141123119,0.651953141123119,,,,1.0
29,hexane_gsolv_eV,162,1.0,0.0,0.651953141123119,0.651953141123119,,,,1.0
29,hexane_gsolv_eV,163,1.0,0.0,0.651953141123119,0.651953141123119,,,,1.0
29,hexane_gsolv_eV,164,1.0,0.0,0.651953141123119,0.651953141123119,,,,1.0
29,hexane_gsolv_eV,165,1.0,0.0,0.651953141123119,0.651953141123119,,,,1.0
29,hexane_gsolv_eV,166,1.0,0.0,0.651953141123119,0.651953141123119,,,,1.0
29,hexane_gsolv_eV,167,1.0,0.0,0.651953141123119,0.651953141123119,,,,1.0
29,hexane_gsolv_eV,168,1.0,0.0,0.651953141123119,0.651953141123119,,,,1.0
29,hexane_gsolv_eV,169,1.0,0.0,0.651953141123119,0.651953141123119,,,,1.0
29,hexane_gsolv_eV,170,1.0,0.0,0.651953141123119,0.651953141123119,,,,1.0
29,hexane_gsolv_eV,171,1.0,0.0,0.651953141123119,0.651953141123119,,,,1.0
29,hexane_gsolv_eV,172,1.0,0.0,0.651953141123119,0.651953141123119,,,,1.0
29,hexane_gsolv_eV,173,1.0,0.0,0.651953141123119,0.651953141123119,,,,1.0
29,hexane_gsolv_eV,174,1.0,0.0,0.651953141123119,0.651953141123119,,,,1.0
29,hexane_gsolv_eV,175,1.0,0.0,0.651953141123119,0.651953141123119,,,,1.0
29,hexane_gsolv_eV,176,1.0,0.0,0.651953141123119,0.651953141123119,,,,1.0
29,hexane_gsolv_eV,177,1.0,0.0,0.651953141123119,0.651953141123119,,,,1.0
29,hexane_gsolv_eV,178,1.0,0.0,0.651953141123119,0.651953141123119,,,,1.0
29,hexane_gsolv_eV,179,1.0,0.0,0.651953141123119,0.651953141123119,,,,1.0
29,hexane_gsolv_eV,180,1.0,0.0,0.651953141123119,0.651953141123119,,,,1.0
29,hexane_gsolv_eV,181,1.0,0.0,0.651953141123119,0.651953141123119,,,,1.0
29,hexane_gsolv_eV,182,1.0,0.0,0.651953141123119,0.651953141123119,,,,1.0
29,hexane_gsolv_eV,183,1.0,0.0,0.651953141123119,0.651953141123119,,,,1.0
29,hexane_gsolv_eV,184,1.0,0.0,0.651953141123119,0.651953141123119,,,,1.0
29,hexane_gsolv_eV,185,1.0,0.0,0.651953141123119,0.651953141123119,,,,1.0
29,hexane_gsolv_eV,186,1.0,0.0,0.651953141123119,0.651953141123119,,,,1.0
29,hexane_gsolv_eV,187,1.0,0.0,0.651953141123119,0.651953141123119,,,,1.0
29,hexane_gsolv_eV,188,1.0,0.0,0.651953141123119,0.651953141123119,,,,1.0
29,hexane_gsolv_eV,189,1.0,0.0,0.651953141123119,0.651953141123119,,,,1.0
29,hexane_gsolv_eV,190,1.0,0.0,0.651953141123119,0.651953141123119,,,,1.0
29,hexane_gsolv_eV,191,1.0,0.0,0.651953141123119,0.651953141123119,,,,1.0
29,hexane_gsolv_eV,192,1.0,0.0,0.651953141123119,0.651953141123119,,,,1.0
29,hexane_gsolv_eV,193,1.0,0.0,0.651953141123119,0.651953141123119,,,,1.0
29,hexane_gsolv_eV,194,1.0,0.0,0.651953141123119,0.651953141123119,,,,1.0
29,hexane_gsolv_eV,195,1.0,0.0,0.651953141123119,0.651953141123119,,,,1.0
29,hexane_gsolv_eV,196,1.0,0.0,0.651953141123119,0.651953141123119,,,,1.0
29,hexane_gsolv_eV,197,1.0,0.0,0.651953141123119,0.651953141123119,,,,1.0
29,hexane_gsolv_eV,198,1.0,0.0,0.651953141123119,0.651953141123119,,,,1.0
29,hexane_gsolv_eV,199,1.0,0.0,0.651953141123119,0.651953141123119,,,,1.0
29,hexane_gsolv_eV,200,1.0,0.0,0.651953141123119,0.651953141123119,,,,1.0
29,hexane_gsolv_eV,201,1.0,0.0,0.651953141123119,0.651953141123119,,,,1.0
29,hexane_gsolv_eV,202,1.0,0.0,0.651953141123119,0.651953141123119,,,,1.0
29,hexane_gsolv_eV,203,1.0,0.0,0.651953141123119,0.651953141123119,,,,1.0
29,hexane_gsolv_eV,204,1.0,0.0,0.651953141123119,0.651953141123119,,,,1.0
29,hexane_gsolv_eV,205,1.0,0.0,0.651953141123119,0.651953141123119,,,,1.0
29,hexane_gsolv_eV,206,1.0,0.0,0.651953141123119,0.651953141123119,,,,1.0
29,hexane_gsolv_eV,207,1.0,0.0,0.651953141123119,0.651953141123119,,,,1.0
29,hexane_gsolv_eV,208,1.0,0.0,0.651953141123119,0.651953141123119,,,,1.0
29,hexane_gsolv_eV,209,1.0,0.0,0.651953141123119,0.651953141123119,,,,1.0
29,hexane_gsolv_eV,210,1.0,0.0,0.651953141123119,0.651953141123119,,,,1.0
29,hexane_gsolv_eV,211,1.0,0.0,0.651953141123119,0.651953141123119,,,,1.0
29,hexane_gsolv_eV,212,1.0,0.0,0.651953141123119,0.651953141123119,,,,1.0
29,hexane_gsolv_eV,213,1.0,0.0,0.651953141123119,0.651953141123119,,,,1.0
29,hexane_gsolv_eV,214,1.0,0.0,0.651953141123119,0.651953141123119,,,,1.0
29,hexane_gsolv_eV,215,1.0,0.0,0.651953141123119,0.651953141123119,,,,1.0
29,hexane_gsolv_eV,216,1.0,0.0,0.651953141123119,0.651953141123119,,,,1.0
29,hexane_gsolv_eV,217,1.0,0.0,0.651953141123119,0.651953141123119,,,,1.0
29,hexane_gsolv_eV,218,1.0,0.0,0.651953141123119,0.651953141123119,,,,1.0
29,hexane_gsolv_eV,219,1.0,0.0,0.651953141123119,0.651953141123119,,,,1.0
29,hexane_gsolv_eV,220,1.0,0.0,0.651953141123119,0.651953141123119,,,,1.0
29,hexane_gsolv_eV,221,1.0,0.0,0.651953141123119,0.651953141123119,,,,1.0
29,hexane_gsolv_eV,222,1.0,0.0,0.651953141123119,0.651953141123119,,,,1.0
29,hexane_gsolv_eV,223,1.0,0.0,0.651953141123119,0.651953141123119,,,,1.0
29,hexane_gsolv_eV,224,1.0,0.0,0.651953141123119,0.651953141123119,,,,1.0
29,hexane_gsolv_eV,225,1.0,0.0,0.651953141123119,0.651953141123119,,,,1.0
29,hexane_gsolv_eV,226,1.0,0.0,0.651953141123119,0.651953141123119,,,,1.0
29,hexane_gsolv_eV,227,1.0,0.0,0.651953141123119,0.651953141123119,,,,1.0
29,hexane_gsolv_eV,228,1.0,0.0,0.651953141123119,0.651953141123119,,,,1.0
29,hexane_gsolv_eV,229,1.0,0.0,0.651953141123119,0.651953141123119,,,,1.0
29,hexane_gsolv_eV,230,1.0,0.0,0.651953141123119,0.651953141123119,,,,1.0
29,hexane_gsolv_eV,231,1.0,0.0,0.651953141123119,0.651953141123119,,,,1.0
29,hexane_gsolv_eV,232,1.0,0.0,0.651953141123119,0.651953141123119,,,,1.0
29,hexane_gsolv_eV,233,1.0,0.0,0.651953141123119,0.651953141123119,,,,1.0
29,hexane_gsolv_eV,234,1.0,0.0,0.651953141123119,0.651953141123119,,,,1.0
29,hexane_gsolv_eV,235,1.0,0.0,0.651953141123119,0.651953141123119,,,,1.0
29,hexane_gsolv_eV,236,1.0,0.0,0.651953141123119,0.651953141123119,,,,1.0
29,hexane_gsolv_eV,237,1.0,0.0,0.651953141123119,0.651953141123119,,,,1.0
29,hexane_gsolv_eV,238,1.0,0.0,0.651953141123119,0.651953141123119,,,,1.0
29,hexane_gsolv_eV,239,1.0,0.0,0.651953141123119,0.651953141123119,,,,1.0
29,hexane_gsolv_eV,240,1.0,0.0,0.651953141123119,0.651953141123119,,,,1.0
29,hexane_gsolv_eV,241,1.0,0.0,0.651953141123119,0.651953141123119,,,,1.0
29,hexane_gsolv_eV,242,1.0,0.0,0.651953141123119,0.651953141123119,,,,1.0
29,hexane_gsolv_eV,243,1.0,0.0,0.651953141123119,0.651953141123119,,,,1.0
29,hexane_gsolv_eV,244,1.0,0.0,0.651953141123119,0.651953141123119,,,,1.0
29,hexane_gsolv_eV,245,1.0,0.0,0.651953141123119,0.651953141123119,,,,1.0
29,hexane_gsolv_eV,246,1.0,0.0,0.651953141123119,0.651953141123119,,,,1.0
29,hexane_gsolv_eV,247,1.0,0.0,0.651953141123119,0.651953141123119,,,,1.0
29,hexane_gsolv_eV,248,1.0,0.0,0.651953141123119,0.651953141123119,,,,1.0
29,hexane_gsolv_eV,249,1.0,0.0,0.651953141123119,0.651953141123119,,,,1.0
29,hexane_hl_gap_eV,0,1.0,0.0,0.7056069901646986,0.7056069901646986,,,,1.0
29,hexane_hl_gap_eV,1,1.0,0.0,0.7056069901646986,0.7056069901646986,,,,1.0
29,hexane_hl_gap_eV,2,1.0,0.0,0.7056069901646986,0.7056069901646986,,,,1.0
29,hexane_hl_gap_eV,3,1.0,0.0,0.7056069901646986,0.7056069901646986,,,,1.0
29,hexane_hl_gap_eV,4,1.0,0.0,0.7056069901646986,0.7056069901646986,,,,1.0
29,hexane_hl_gap_eV,5,1.0,0.0,0.7056069901646986,0.7056069901646986,,,,1.0
29,hexane_hl_gap_eV,6,1.0,0.0,0.7056069901646986,0.7056069901646986,,,,1.0
29,hexane_hl_gap_eV,7,1.0,0.0,0.7056069901646986,0.7056069901646986,,,,1.0
29,hexane_hl_gap_eV,8,1.0,0.0,0.7056069901646986,0.7056069901646986,,,,1.0
29,hexane_hl_gap_eV,9,1.0,0.0,0.7056069901646986,0.7056069901646986,,,,1.0
29,hexane_hl_gap_eV,10,1.0,0.0,0.7056069901646986,0.7056069901646986,,,,1.0
29,hexane_hl_gap_eV,11,1.0,0.0,0.7056069901646986,0.7056069901646986,,,,1.0
29,hexane_hl_gap_eV,12,1.0,0.0,0.7056069901646986,0.7056069901646986,,,,1.0
29,hexane_hl_gap_eV,13,1.0,0.0,0.7056069901646986,0.7056069901646986,,,,1.0
29,hexane_hl_gap_eV,14,1.0,0.0,0.7056069901646986,0.7056069901646986,,,,1.0
29,hexane_hl_gap_eV,15,1.0,0.0,0.7056069901646986,0.7056069901646986,,,,1.0
29,hexane_hl_gap_eV,16,1.0,0.0,0.7056069901646986,0.7056069901646986,,,,1.0
29,hexane_hl_gap_eV,17,1.0,0.0,0.7056069901646986,0.7056069901646986,,,,1.0
29,hexane_hl_gap_eV,18,1.0,0.0,0.7056069901646986,0.7056069901646986,,,,1.0
29,hexane_hl_gap_eV,19,1.0,0.0,0.7056069901646986,0.7056069901646986,,,,1.0
29,hexane_hl_gap_eV,20,1.0,0.0,0.7056069901646986,0.7056069901646986,,,,1.0
29,hexane_hl_gap_eV,21,1.0,0.0,0.7056069901646986,0.7056069901646986,,,,1.0
29,hexane_hl_gap_eV,22,1.0,0.0,0.7056069901646986,0.7056069901646986,,,,1.0
29,hexane_hl_gap_eV,23,1.0,0.0,0.7056069901646986,0.7056069901646986,,,,1.0
29,hexane_hl_gap_eV,24,1.0,0.0,0.7056069901646986,0.7056069901646986,,,,1.0
29,hexane_hl_gap_eV,25,1.0,0.0,0.7056069901646986,0.7056069901646986,,,,1.0
29,hexane_hl_gap_eV,26,1.0,0.0,0.7056069901646986,0.7056069901646986,,,,1.0
29,hexane_hl_gap_eV,27,1.0,0.0,0.7056069901646986,0.7056069901646986,,,,1.0
29,hexane_hl_gap_eV,28,1.0,0.0,0.7056069901646986,0.7056069901646986,,,,1.0
29,hexane_hl_gap_eV,29,1.0,0.0,0.7056069901646986,0.7056069901646986,,,,1.0
29,hexane_hl_gap_eV,30,1.0,0.0,0.7056069901646986,0.7056069901646986,,,,1.0
29,hexane_hl_gap_eV,31,1.0,0.0,0.7056069901646986,0.7056069901646986,,,,1.0
29,hexane_hl_gap_eV,32,1.0,0.0,0.7056069901646986,0.7056069901646986,,,,1.0
29,hexane_hl_gap_eV,33,1.0,0.0,0.7056069901646986,0.7056069901646986,,,,1.0
29,hexane_hl_gap_eV,34,1.0,0.0,0.7056069901646986,0.7056069901646986,,,,1.0
29,hexane_hl_gap_eV,35,1.0,0.0,0.7056069901646986,0.7056069901646986,,,,1.0
29,hexane_hl_gap_eV,36,1.0,0.0,0.7056069901646986,0.7056069901646986,,,,1.0
29,hexane_hl_gap_eV,37,1.0,0.0,0.7056069901646986,0.7056069901646986,,,,1.0
29,hexane_hl_gap_eV,38,1.0,0.0,0.7056069901646986,0.7056069901646986,,,,1.0
29,hexane_hl_gap_eV,39,1.0,0.0,0.7056069901646986,0.7056069901646986,,,,1.0
29,hexane_hl_gap_eV,40,1.0,0.0,0.7056069901646986,0.7056069901646986,,,,1.0
29,hexane_hl_gap_eV,41,1.0,0.0,0.7056069901646986,0.7056069901646986,,,,1.0
29,hexane_hl_gap_eV,42,1.0,0.0,0.7056069901646986,0.7056069901646986,,,,1.0
29,hexane_hl_gap_eV,43,1.0,0.0,0.7056069901646986,0.7056069901646986,,,,1.0
29,hexane_hl_gap_eV,44,1.0,0.0,0.7056069901646986,0.7056069901646986,,,,1.0
29,hexane_hl_gap_eV,45,1.0,0.0,0.7056069901646986,0.7056069901646986,,,,1.0
29,hexane_hl_gap_eV,46,1.0,0.0,0.7056069901646986,0.7056069901646986,,,,1.0
29,hexane_hl_gap_eV,47,1.0,0.0,0.7056069901646986,0.7056069901646986,,,,1.0
29,hexane_hl_gap_eV,48,1.0,0.0,0.7056069901646986,0.7056069901646986,,,,1.0
29,hexane_hl_gap_eV,49,1.0,0.0,0.7056069901646986,0.7056069901646986,,,,1.0
29,hexane_hl_gap_eV,50,1.0,0.0,0.7056069901646986,0.7056069901646986,,,,1.0
29,hexane_hl_gap_eV,51,1.0,0.0,0.7056069901646986,0.7056069901646986,,,,1.0
29,hexane_hl_gap_eV,52,1.0,0.0,0.7056069901646986,0.7056069901646986,,,,1.0
29,hexane_hl_gap_eV,53,1.0,0.0,0.7056069901646986,0.7056069901646986,,,,1.0
29,hexane_hl_gap_eV,54,1.0,0.0,0.7056069901646986,0.7056069901646986,,,,1.0
29,hexane_hl_gap_eV,55,1.0,0.0,0.7056069901646986,0.7056069901646986,,,,1.0
29,hexane_hl_gap_eV,56,1.0,0.0,0.7056069901646986,0.7056069901646986,,,,1.0
29,hexane_hl_gap_eV,57,1.0,0.0,0.7056069901646986,0.7056069901646986,,,,1.0
29,hexane_hl_gap_eV,58,1.0,0.0,0.7056069901646986,0.7056069901646986,,,,1.0
29,hexane_hl_gap_eV,59,1.0,0.0,0.7056069901646986,0.7056069901646986,,,,1.0
29,hexane_hl_gap_eV,60,1.0,0.0,0.7056069901646986,0.7056069901646986,,,,1.0
29,hexane_hl_gap_eV,61,1.0,0.0,0.7056069901646986,0.7056069901646986,,,,1.0
29,hexane_hl_gap_eV,62,1.0,0.0,0.7056069901646986,0.7056069901646986,,,,1.0
29,hexane_hl_gap_eV,63,1.0,0.0,0.7056069901646986,0.7056069901646986,,,,1.0
29,hexane_hl_gap_eV,64,1.0,0.0,0.7056069901646986,0.7056069901646986,,,,1.0
29,hexane_hl_gap_eV,65,1.0,0.0,0.7056069901646986,0.7056069901646986,,,,1.0
29,hexane_hl_gap_eV,66,1.0,0.0,0.7056069901646986,0.7056069901646986,,,,1.0
29,hexane_hl_gap_eV,67,1.0,0.0,0.7056069901646986,0.7056069901646986,,,,1.0
29,hexane_hl_gap_eV,68,1.0,0.0,0.7056069901646986,0.7056069901646986,,,,1.0
29,hexane_hl_gap_eV,69,1.0,0.0,0.7056069901646986,0.7056069901646986,,,,1.0
29,hexane_hl_gap_eV,70,1.0,0.0,0.7056069901646986,0.7056069901646986,,,,1.0
29,hexane_hl_gap_eV,71,1.0,0.0,0.7056069901646986,0.7056069901646986,,,,1.0
29,hexane_hl_gap_eV,72,1.0,0.0,0.7056069901646986,0.7056069901646986,,,,1.0
29,hexane_hl_gap_eV,73,1.0,0.0,0.7056069901646986,0.7056069901646986,,,,1.0
29,hexane_hl_gap_eV,74,1.0,0.0,0.7056069901646986,0.7056069901646986,,,,1.0
29,hexane_hl_gap_eV,75,1.0,0.0,0.7056069901646986,0.7056069901646986,,,,1.0
29,hexane_hl_gap_eV,76,1.0,0.0,0.7056069901646986,0.7056069901646986,,,,1.0
29,hexane_hl_gap_eV,77,1.0,0.0,0.7056069901646986,0.7056069901646986,,,,1.0
29,hexane_hl_gap_eV,78,1.0,0.0,0.7056069901646986,0.7056069901646986,,,,1.0
29,hexane_hl_gap_eV,79,1.0,0.0,0.7056069901646986,0.7056069901646986,,,,1.0
29,hexane_hl_gap_eV,80,1.0,0.0,0.7056069901646986,0.7056069901646986,,,,1.0
29,hexane_hl_gap_eV,81,1.0,0.0,0.7056069901646986,0.7056069901646986,,,,1.0
29,hexane_hl_gap_eV,82,1.0,0.0,0.7056069901646986,0.7056069901646986,,,,1.0
29,hexane_hl_gap_eV,83,1.0,0.0,0.7056069901646986,0.7056069901646986,,,,1.0
29,hexane_hl_gap_eV,84,1.0,0.0,0.7056069901646986,0.7056069901646986,,,,1.0
29,hexane_hl_gap_eV,85,1.0,0.0,0.7056069901646986,0.7056069901646986,,,,1.0
29,hexane_hl_gap_eV,86,1.0,0.0,0.7056069901646986,0.7056069901646986,,,,1.0
29,hexane_hl_gap_eV,87,1.0,0.0,0.7056069901646986,0.7056069901646986,,,,1.0
29,hexane_hl_gap_eV,88,1.0,0.0,0.7056069901646986,0.7056069901646986,,,,1.0
29,hexane_hl_gap_eV,89,1.0,0.0,0.7056069901646986,0.7056069901646986,,,,1.0
29,hexane_hl_gap_eV,90,1.0,0.0,0.7056069901646986,0.7056069901646986,,,,1.0
29,hexane_hl_gap_eV,91,1.0,0.0,0.7056069901646986,0.7056069901646986,,,,1.0
29,hexane_hl_gap_eV,92,1.0,0.0,0.7056069901646986,0.7056069901646986,,,,1.0
29,hexane_hl_gap_eV,93,1.0,0.0,0.7056069901646986,0.7056069901646986,,,,1.0
29,hexane_hl_gap_eV,94,1.0,0.0,0.7056069901646986,0.7056069901646986,,,,1.0
29,hexane_hl_gap_eV,95,1.0,0.0,0.7056069901646986,0.7056069901646986,,,,1.0
29,hexane_hl_gap_eV,96,1.0,0.0,0.7056069901646986,0.7056069901646986,,,,1.0
29,hexane_hl_gap_eV,97,1.0,0.0,0.7056069901646986,0.7056069901646986,,,,1.0
29,hexane_hl_gap_eV,98,1.0,0.0,0.7056069901646986,0.7056069901646986,,,,1.0
29,hexane_hl_gap_eV,99,1.0,0.0,0.7056069901646986,0.7056069901646986,,,,1.0
29,hexane_hl_gap_eV,100,1.0,0.0,0.7056069901646986,0.7056069901646986,,,,1.0
29,hexane_hl_gap_eV,101,1.0,0.0,0.7056069901646986,0.7056069901646986,,,,1.0
29,hexane_hl_gap_eV,102,1.0,0.0,0.7056069901646986,0.7056069901646986,,,,1.0
29,hexane_hl_gap_eV,103,1.0,0.0,0.7056069901646986,0.7056069901646986,,,,1.0
29,hexane_hl_gap_eV,104,1.0,0.0,0.7056069901646986,0.7056069901646986,,,,1.0
29,hexane_hl_gap_eV,105,1.0,0.0,0.7056069901646986,0.7056069901646986,,,,1.0
29,hexane_hl_gap_eV,106,1.0,0.0,0.7056069901646986,0.7056069901646986,,,,1.0
29,hexane_hl_gap_eV,107,1.0,0.0,0.7056069901646986,0.7056069901646986,,,,1.0
29,hexane_hl_gap_eV,108,1.0,0.0,0.7056069901646986,0.7056069901646986,,,,1.0
29,hexane_hl_gap_eV,109,1.0,0.0,0.7056069901646986,0.7056069901646986,,,,1.0
29,hexane_hl_gap_eV,110,1.0,0.0,0.7056069901646986,0.7056069901646986,,,,1.0
29,hexane_hl_gap_eV,111,1.0,0.0,0.7056069901646986,0.7056069901646986,,,,1.0
29,hexane_hl_gap_eV,112,1.0,0.0,0.7056069901646986,0.7056069901646986,,,,1.0
29,hexane_hl_gap_eV,113,1.0,0.0,0.7056069901646986,0.7056069901646986,,,,1.0
29,hexane_hl_gap_eV,114,1.0,0.0,0.7056069901646986,0.7056069901646986,,,,1.0
29,hexane_hl_gap_eV,115,1.0,0.0,0.7056069901646986,0.7056069901646986,,,,1.0
29,hexane_hl_gap_eV,116,1.0,0.0,0.7056069901646986,0.7056069901646986,,,,1.0
29,hexane_hl_gap_eV,117,1.0,0.0,0.7056069901646986,0.7056069901646986,,,,1.0
29,hexane_hl_gap_eV,118,1.0,0.0,0.7056069901646986,0.7056069901646986,,,,1.0
29,hexane_hl_gap_eV,119,1.0,0.0,0.7056069901646986,0.7056069901646986,,,,1.0
29,hexane_hl_gap_eV,120,1.0,0.0,0.7056069901646986,0.7056069901646986,,,,1.0
29,hexane_hl_gap_eV,121,1.0,0.0,0.7056069901646986,0.7056069901646986,,,,1.0
29,hexane_hl_gap_eV,122,1.0,0.0,0.7056069901646986,0.7056069901646986,,,,1.0
29,hexane_hl_gap_eV,123,1.0,0.0,0.7056069901646986,0.7056069901646986,,,,1.0
29,hexane_hl_gap_eV,124,1.0,0.0,0.7056069901646986,0.7056069901646986,,,,1.0
29,hexane_hl_gap_eV,125,1.0,0.0,0.7056069901646986,0.7056069901646986,,,,1.0
29,hexane_hl_gap_eV,126,1.0,0.0,0.7056069901646986,0.7056069901646986,,,,1.0
29,hexane_hl_gap_eV,127,1.0,0.0,0.7056069901646986,0.7056069901646986,,,,1.0
29,hexane_hl_gap_eV,128,1.0,0.0,0.7056069901646986,0.7056069901646986,,,,1.0
29,hexane_hl_gap_eV,129,1.0,0.0,0.7056069901646986,0.7056069901646986,,,,1.0
29,hexane_hl_gap_eV,130,1.0,0.0,0.7056069901646986,0.7056069901646986,,,,1.0
29,hexane_hl_gap_eV,131,1.0,0.0,0.7056069901646986,0.7056069901646986,,,,1.0
29,hexane_hl_gap_eV,132,1.0,0.0,0.7056069901646986,0.7056069901646986,,,,1.0
29,hexane_hl_gap_eV,133,1.0,0.0,0.7056069901646986,0.7056069901646986,,,,1.0
29,hexane_hl_gap_eV,134,1.0,0.0,0.7056069901646986,0.7056069901646986,,,,1.0
29,hexane_hl_gap_eV,135,1.0,0.0,0.7056069901646986,0.7056069901646986,,,,1.0
29,hexane_hl_gap_eV,136,1.0,0.0,0.7056069901646986,0.7056069901646986,,,,1.0
29,hexane_hl_gap_eV,137,1.0,0.0,0.7056069901646986,0.7056069901646986,,,,1.0
29,hexane_hl_gap_eV,138,1.0,0.0,0.7056069901646986,0.7056069901646986,,,,1.0
29,hexane_hl_gap_eV,139,1.0,0.0,0.7056069901646986,0.7056069901646986,,,,1.0
29,hexane_hl_gap_eV,140,1.0,0.0,0.7056069901646986,0.7056069901646986,,,,1.0
29,hexane_hl_gap_eV,141,1.0,0.0,0.7056069901646986,0.7056069901646986,,,,1.0
29,hexane_hl_gap_eV,142,1.0,0.0,0.7056069901646986,0.7056069901646986,,,,1.0
29,hexane_hl_gap_eV,143,1.0,0.0,0.7056069901646986,0.7056069901646986,,,,1.0
29,hexane_hl_gap_eV,144,1.0,0.0,0.7056069901646986,0.7056069901646986,,,,1.0
29,hexane_hl_gap_eV,145,1.0,0.0,0.7056069901646986,0.7056069901646986,,,,1.0
29,hexane_hl_gap_eV,146,1.0,0.0,0.7056069901646986,0.7056069901646986,,,,1.0
29,hexane_hl_gap_eV,147,1.0,0.0,0.7056069901646986,0.7056069901646986,,,,1.0
29,hexane_hl_gap_eV,148,1.0,0.0,0.7056069901646986,0.7056069901646986,,,,1.0
29,hexane_hl_gap_eV,149,1.0,0.0,0.7056069901646986,0.7056069901646986,,,,1.0
29,hexane_hl_gap_eV,150,1.0,0.0,0.7056069901646986,0.7056069901646986,,,,1.0
29,hexane_hl_gap_eV,151,1.0,0.0,0.7056069901646986,0.7056069901646986,,,,1.0
29,hexane_hl_gap_eV,152,1.0,0.0,0.7056069901646986,0.7056069901646986,,,,1.0
29,hexane_hl_gap_eV,153,1.0,0.0,0.7056069901646986,0.7056069901646986,,,,1.0
29,hexane_hl_gap_eV,154,1.0,0.0,0.7056069901646986,0.7056069901646986,,,,1.0
29,hexane_hl_gap_eV,155,1.0,0.0,0.7056069901646986,0.7056069901646986,,,,1.0
29,hexane_hl_gap_eV,156,1.0,0.0,0.7056069901646986,0.7056069901646986,,,,1.0
29,hexane_hl_gap_eV,157,1.0,0.0,0.7056069901646986,0.7056069901646986,,,,1.0
29,hexane_hl_gap_eV,158,1.0,0.0,0.7056069901646986,0.7056069901646986,,,,1.0
29,hexane_hl_gap_eV,159,1.0,0.0,0.7056069901646986,0.7056069901646986,,,,1.0
29,hexane_hl_gap_eV,160,1.0,0.0,0.7056069901646986,0.7056069901646986,,,,1.0
29,hexane_hl_gap_eV,161,1.0,0.0,0.7056069901646986,0.7056069901646986,,,,1.0
29,hexane_hl_gap_eV,162,1.0,0.0,0.7056069901646986,0.7056069901646986,,,,1.0
29,hexane_hl_gap_eV,163,1.0,0.0,0.7056069901646986,0.7056069901646986,,,,1.0
29,hexane_hl_gap_eV,164,1.0,0.0,0.7056069901646986,0.7056069901646986,,,,1.0
29,hexane_hl_gap_eV,165,1.0,0.0,0.7056069901646986,0.7056069901646986,,,,1.0
29,hexane_hl_gap_eV,166,1.0,0.0,0.7056069901646986,0.7056069901646986,,,,1.0
29,hexane_hl_gap_eV,167,1.0,0.0,0.7056069901646986,0.7056069901646986,,,,1.0
29,hexane_hl_gap_eV,168,1.0,0.0,0.7056069901646986,0.7056069901646986,,,,1.0
29,hexane_hl_gap_eV,169,1.0,0.0,0.7056069901646986,0.7056069901646986,,,,1.0
29,hexane_hl_gap_eV,170,1.0,0.0,0.7056069901646986,0.7056069901646986,,,,1.0
29,hexane_hl_gap_eV,171,1.0,0.0,0.7056069901646986,0.7056069901646986,,,,1.0
29,hexane_hl_gap_eV,172,1.0,0.0,0.7056069901646986,0.7056069901646986,,,,1.0
29,hexane_hl_gap_eV,173,1.0,0.0,0.7056069901646986,0.7056069901646986,,,,1.0
29,hexane_hl_gap_eV,174,1.0,0.0,0.7056069901646986,0.7056069901646986,,,,1.0
29,hexane_hl_gap_eV,175,1.0,0.0,0.7056069901646986,0.7056069901646986,,,,1.0
29,hexane_hl_gap_eV,176,1.0,0.0,0.7056069901646986,0.7056069901646986,,,,1.0
29,hexane_hl_gap_eV,177,1.0,0.0,0.7056069901646986,0.7056069901646986,,,,1.0
29,hexane_hl_gap_eV,178,1.0,0.0,0.7056069901646986,0.7056069901646986,,,,1.0
29,hexane_hl_gap_eV,179,1.0,0.0,0.7056069901646986,0.7056069901646986,,,,1.0
29,hexane_hl_gap_eV,180,1.0,0.0,0.7056069901646986,0.7056069901646986,,,,1.0
29,hexane_hl_gap_eV,181,1.0,0.0,0.7056069901646986,0.7056069901646986,,,,1.0
29,hexane_hl_gap_eV,182,1.0,0.0,0.7056069901646986,0.7056069901646986,,,,1.0
29,hexane_hl_gap_eV,183,1.0,0.0,0.7056069901646986,0.7056069901646986,,,,1.0
29,hexane_hl_gap_eV,184,1.0,0.0,0.7056069901646986,0.7056069901646986,,,,1.0
29,hexane_hl_gap_eV,185,1.0,0.0,0.7056069901646986,0.7056069901646986,,,,1.0
29,hexane_hl_gap_eV,186,1.0,0.0,0.7056069901646986,0.7056069901646986,,,,1.0
29,hexane_hl_gap_eV,187,1.0,0.0,0.7056069901646986,0.7056069901646986,,,,1.0
29,hexane_hl_gap_eV,188,1.0,0.0,0.7056069901646986,0.7056069901646986,,,,1.0
29,hexane_hl_gap_eV,189,1.0,0.0,0.7056069901646986,0.7056069901646986,,,,1.0
29,hexane_hl_gap_eV,190,1.0,0.0,0.7056069901646986,0.7056069901646986,,,,1.0
29,hexane_hl_gap_eV,191,1.0,0.0,0.7056069901646986,0.7056069901646986,,,,1.0
29,hexane_hl_gap_eV,192,1.0,0.0,0.7056069901646986,0.7056069901646986,,,,1.0
29,hexane_hl_gap_eV,193,1.0,0.0,0.7056069901646986,0.7056069901646986,,,,1.0
29,hexane_hl_gap_eV,194,1.0,0.0,0.7056069901646986,0.7056069901646986,,,,1.0
29,hexane_hl_gap_eV,195,1.0,0.0,0.7056069901646986,0.7056069901646986,,,,1.0
29,hexane_hl_gap_eV,196,1.0,0.0,0.7056069901646986,0.7056069901646986,,,,1.0
29,hexane_hl_gap_eV,197,1.0,0.0,0.7056069901646986,0.7056069901646986,,,,1.0
29,hexane_hl_gap_eV,198,1.0,0.0,0.7056069901646986,0.7056069901646986,,,,1.0
29,hexane_hl_gap_eV,199,1.0,0.0,0.7056069901646986,0.7056069901646986,,,,1.0
29,hexane_hl_gap_eV,200,1.0,0.0,0.7056069901646986,0.7056069901646986,,,,1.0
29,hexane_hl_gap_eV,201,1.0,0.0,0.7056069901646986,0.7056069901646986,,,,1.0
29,hexane_hl_gap_eV,202,1.0,0.0,0.7056069901646986,0.7056069901646986,,,,1.0
29,hexane_hl_gap_eV,203,1.0,0.0,0.7056069901646986,0.7056069901646986,,,,1.0
29,hexane_hl_gap_eV,204,1.0,0.0,0.7056069901646986,0.7056069901646986,,,,1.0
29,hexane_hl_gap_eV,205,1.0,0.0,0.7056069901646986,0.7056069901646986,,,,1.0
29,hexane_hl_gap_eV,206,1.0,0.0,0.7056069901646986,0.7056069901646986,,,,1.0
29,hexane_hl_gap_eV,207,1.0,0.0,0.7056069901646986,0.7056069901646986,,,,1.0
29,hexane_hl_gap_eV,208,1.0,0.0,0.7056069901646986,0.7056069901646986,,,,1.0
29,hexane_hl_gap_eV,209,1.0,0.0,0.7056069901646986,0.7056069901646986,,,,1.0
29,hexane_hl_gap_eV,210,1.0,0.0,0.7056069901646986,0.7056069901646986,,,,1.0
29,hexane_hl_gap_eV,211,1.0,0.0,0.7056069901646986,0.7056069901646986,,,,1.0
29,hexane_hl_gap_eV,212,1.0,0.0,0.7056069901646986,0.7056069901646986,,,,1.0
29,hexane_hl_gap_eV,213,1.0,0.0,0.7056069901646986,0.7056069901646986,,,,1.0
29,hexane_hl_gap_eV,214,1.0,0.0,0.7056069901646986,0.7056069901646986,,,,1.0
29,hexane_hl_gap_eV,215,1.0,0.0,0.7056069901646986,0.7056069901646986,,,,1.0
29,hexane_hl_gap_eV,216,1.0,0.0,0.7056069901646986,0.7056069901646986,,,,1.0
29,hexane_hl_gap_eV,217,1.0,0.0,0.7056069901646986,0.7056069901646986,,,,1.0
29,hexane_hl_gap_eV,218,1.0,0.0,0.7056069901646986,0.7056069901646986,,,,1.0
29,hexane_hl_gap_eV,219,1.0,0.0,0.7056069901646986,0.7056069901646986,,,,1.0
29,hexane_hl_gap_eV,220,1.0,0.0,0.7056069901646986,0.7056069901646986,,,,1.0
29,hexane_hl_gap_eV,221,1.0,0.0,0.7056069901646986,0.7056069901646986,,,,1.0
29,hexane_hl_gap_eV,222,1.0,0.0,0.7056069901646986,0.7056069901646986,,,,1.0
29,hexane_hl_gap_eV,223,1.0,0.0,0.7056069901646986,0.7056069901646986,,,,1.0
29,hexane_hl_gap_eV,224,1.0,0.0,0.7056069901646986,0.7056069901646986,,,,1.0
29,hexane_hl_gap_eV,225,1.0,0.0,0.7056069901646986,0.7056069901646986,,,,1.0
29,hexane_hl_gap_eV,226,1.0,0.0,0.7056069901646986,0.7056069901646986,,,,1.0
29,hexane_hl_gap_eV,227,1.0,0.0,0.7056069901646986,0.7056069901646986,,,,1.0
29,hexane_hl_gap_eV,228,1.0,0.0,0.7056069901646986,0.7056069901646986,,,,1.0
29,hexane_hl_gap_eV,229,1.0,0.0,0.7056069901646986,0.7056069901646986,,,,1.0
29,hexane_hl_gap_eV,230,1.0,0.0,0.7056069901646986,0.7056069901646986,,,,1.0
29,hexane_hl_gap_eV,231,1.0,0.0,0.7056069901646986,0.7056069901646986,,,,1.0
29,hexane_hl_gap_eV,232,1.0,0.0,0.7056069901646986,0.7056069901646986,,,,1.0
29,hexane_hl_gap_eV,233,1.0,0.0,0.7056069901646986,0.7056069901646986,,,,1.0
29,hexane_hl_gap_eV,234,1.0,0.0,0.7056069901646986,0.7056069901646986,,,,1.0
29,hexane_hl_gap_eV,235,1.0,0.0,0.7056069901646986,0.7056069901646986,,,,1.0
29,hexane_hl_gap_eV,236,1.0,0.0,0.7056069901646986,0.7056069901646986,,,,1.0
29,hexane_hl_gap_eV,237,1.0,0.0,0.7056069901646986,0.7056069901646986,,,,1.0
29,hexane_hl_gap_eV,238,1.0,0.0,0.7056069901646986,0.7056069901646986,,,,1.0
29,hexane_hl_gap_eV,239,1.0,0.0,0.7056069901646986,0.7056069901646986,,,,1.0
29,hexane_hl_gap_eV,240,1.0,0.0,0.7056069901646986,0.7056069901646986,,,,1.0
29,hexane_hl_gap_eV,241,1.0,0.0,0.7056069901646986,0.7056069901646986,,,,1.0
29,hexane_hl_gap_eV,242,1.0,0.0,0.7056069901646986,0.7056069901646986,,,,1.0
29,hexane_hl_gap_eV,243,1.0,0.0,0.7056069901646986,0.7056069901646986,,,,1.0
29,hexane_hl_gap_eV,244,1.0,0.0,0.7056069901646986,0.7056069901646986,,,,1.0
29,hexane_hl_gap_eV,245,1.0,0.0,0.7056069901646986,0.7056069901646986,,,,1.0
29,hexane_hl_gap_eV,246,1.0,0.0,0.7056069901646986,0.7056069901646986,,,,1.0
29,hexane_hl_gap_eV,247,1.0,0.0,0.7056069901646986,0.7056069901646986,,,,1.0
29,hexane_hl_gap_eV,248,1.0,0.0,0.7056069901646986,0.7056069901646986,,,,1.0
29,hexane_hl_gap_eV,249,1.0,0.0,0.7056069901646986,0.7056069901646986,,,,1.0
29,hexane_dipole,0,1.0,0.0,0.622248278081956,0.622248278081956,,,,1.0
29,hexane_dipole,1,1.0,0.0,0.622248278081956,0.622248278081956,,,,1.0
29,hexane_dipole,2,1.0,0.0,0.622248278081956,0.622248278081956,,,,1.0
29,hexane_dipole,3,1.0,0.0,0.622248278081956,0.622248278081956,,,,1.0
29,hexane_dipole,4,1.0,0.0,0.622248278081956,0.622248278081956,,,,1.0
29,hexane_dipole,5,1.0,0.0,0.622248278081956,0.622248278081956,,,,1.0
29,hexane_dipole,6,1.0,0.0,0.622248278081956,0.622248278081956,,,,1.0
29,hexane_dipole,7,1.0,0.0,0.622248278081956,0.622248278081956,,,,1.0
29,hexane_dipole,8,1.0,0.0,0.622248278081956,0.622248278081956,,,,1.0
29,hexane_dipole,9,1.0,0.0,0.622248278081956,0.622248278081956,,,,1.0
29,hexane_dipole,10,1.0,0.0,0.622248278081956,0.622248278081956,,,,1.0
29,hexane_dipole,11,1.0,0.0,0.622248278081956,0.622248278081956,,,,1.0
29,hexane_dipole,12,1.0,0.0,0.622248278081956,0.622248278081956,,,,1.0
29,hexane_dipole,13,1.0,0.0,0.622248278081956,0.622248278081956,,,,1.0
29,hexane_dipole,14,1.0,0.0,0.622248278081956,0.622248278081956,,,,1.0
29,hexane_dipole,15,1.0,0.0,0.622248278081956,0.622248278081956,,,,1.0
29,hexane_dipole,16,1.0,0.0,0.622248278081956,0.622248278081956,,,,1.0
29,hexane_dipole,17,1.0,0.0,0.622248278081956,0.622248278081956,,,,1.0
29,hexane_dipole,18,1.0,0.0,0.622248278081956,0.622248278081956,,,,1.0
29,hexane_dipole,19,1.0,0.0,0.622248278081956,0.622248278081956,,,,1.0
29,hexane_dipole,20,1.0,0.0,0.622248278081956,0.622248278081956,,,,1.0
29,hexane_dipole,21,1.0,0.0,0.622248278081956,0.622248278081956,,,,1.0
29,hexane_dipole,22,1.0,0.0,0.622248278081956,0.622248278081956,,,,1.0
29,hexane_dipole,23,1.0,0.0,0.622248278081956,0.622248278081956,,,,1.0
29,hexane_dipole,24,1.0,0.0,0.622248278081956,0.622248278081956,,,,1.0
29,hexane_dipole,25,1.0,0.0,0.622248278081956,0.622248278081956,,,,1.0
29,hexane_dipole,26,1.0,0.0,0.622248278081956,0.622248278081956,,,,1.0
29,hexane_dipole,27,1.0,0.0,0.622248278081956,0.622248278081956,,,,1.0
29,hexane_dipole,28,1.0,0.0,0.622248278081956,0.622248278081956,,,,1.0
29,hexane_dipole,29,1.0,0.0,0.622248278081956,0.622248278081956,,,,1.0
29,hexane_dipole,30,1.0,0.0,0.622248278081956,0.622248278081956,,,,1.0
29,hexane_dipole,31,1.0,0.0,0.622248278081956,0.622248278081956,,,,1.0
29,hexane_dipole,32,1.0,0.0,0.622248278081956,0.622248278081956,,,,1.0
29,hexane_dipole,33,1.0,0.0,0.622248278081956,0.622248278081956,,,,1.0
29,hexane_dipole,34,1.0,0.0,0.622248278081956,0.622248278081956,,,,1.0
29,hexane_dipole,35,1.0,0.0,0.622248278081956,0.622248278081956,,,,1.0
29,hexane_dipole,36,1.0,0.0,0.622248278081956,0.622248278081956,,,,1.0
29,hexane_dipole,37,1.0,0.0,0.622248278081956,0.622248278081956,,,,1.0
29,hexane_dipole,38,1.0,0.0,0.622248278081956,0.622248278081956,,,,1.0
29,hexane_dipole,39,1.0,0.0,0.622248278081956,0.622248278081956,,,,1.0
29,hexane_dipole,40,1.0,0.0,0.622248278081956,0.622248278081956,,,,1.0
29,hexane_dipole,41,1.0,0.0,0.622248278081956,0.622248278081956,,,,1.0
29,hexane_dipole,42,1.0,0.0,0.622248278081956,0.622248278081956,,,,1.0
29,hexane_dipole,43,1.0,0.0,0.622248278081956,0.622248278081956,,,,1.0
29,hexane_dipole,44,1.0,0.0,0.622248278081956,0.622248278081956,,,,1.0
29,hexane_dipole,45,1.0,0.0,0.622248278081956,0.622248278081956,,,,1.0
29,hexane_dipole,46,1.0,0.0,0.622248278081956,0.622248278081956,,,,1.0
29,hexane_dipole,47,1.0,0.0,0.622248278081956,0.622248278081956,,,,1.0
29,hexane_dipole,48,1.0,0.0,0.622248278081956,0.622248278081956,,,,1.0
29,hexane_dipole,49,1.0,0.0,0.622248278081956,0.622248278081956,,,,1.0
29,hexane_dipole,50,1.0,0.0,0.622248278081956,0.622248278081956,,,,1.0
29,hexane_dipole,51,1.0,0.0,0.622248278081956,0.622248278081956,,,,1.0
29,hexane_dipole,52,1.0,0.0,0.622248278081956,0.622248278081956,,,,1.0
29,hexane_dipole,53,1.0,0.0,0.622248278081956,0.622248278081956,,,,1.0
29,hexane_dipole,54,1.0,0.0,0.622248278081956,0.622248278081956,,,,1.0
29,hexane_dipole,55,1.0,0.0,0.622248278081956,0.622248278081956,,,,1.0
29,hexane_dipole,56,1.0,0.0,0.622248278081956,0.622248278081956,,,,1.0
29,hexane_dipole,57,1.0,0.0,0.622248278081956,0.622248278081956,,,,1.0
29,hexane_dipole,58,1.0,0.0,0.622248278081956,0.622248278081956,,,,1.0
29,hexane_dipole,59,1.0,0.0,0.622248278081956,0.622248278081956,,,,1.0
29,hexane_dipole,60,1.0,0.0,0.622248278081956,0.622248278081956,,,,1.0
29,hexane_dipole,61,1.0,0.0,0.622248278081956,0.622248278081956,,,,1.0
29,hexane_dipole,62,1.0,0.0,0.622248278081956,0.622248278081956,,,,1.0
29,hexane_dipole,63,1.0,0.0,0.622248278081956,0.622248278081956,,,,1.0
29,hexane_dipole,64,1.0,0.0,0.622248278081956,0.622248278081956,,,,1.0
29,hexane_dipole,65,1.0,0.0,0.622248278081956,0.622248278081956,,,,1.0
29,hexane_dipole,66,1.0,0.0,0.622248278081956,0.622248278081956,,,,1.0
29,hexane_dipole,67,1.0,0.0,0.622248278081956,0.622248278081956,,,,1.0
29,hexane_dipole,68,1.0,0.0,0.622248278081956,0.622248278081956,,,,1.0
29,hexane_dipole,69,1.0,0.0,0.622248278081956,0.622248278081956,,,,1.0
29,hexane_dipole,70,1.0,0.0,0.622248278081956,0.622248278081956,,,,1.0
29,hexane_dipole,71,1.0,0.0,0.622248278081956,0.622248278081956,,,,1.0
29,hexane_dipole,72,1.0,0.0,0.622248278081956,0.622248278081956,,,,1.0
29,hexane_dipole,73,1.0,0.0,0.622248278081956,0.622248278081956,,,,1.0
29,hexane_dipole,74,1.0,0.0,0.622248278081956,0.622248278081956,,,,1.0
29,hexane_dipole,75,1.0,0.0,0.622248278081956,0.622248278081956,,,,1.0
29,hexane_dipole,76,1.0,0.0,0.622248278081956,0.622248278081956,,,,1.0
29,hexane_dipole,77,1.0,0.0,0.622248278081956,0.622248278081956,,,,1.0
29,hexane_dipole,78,1.0,0.0,0.622248278081956,0.622248278081956,,,,1.0
29,hexane_dipole,79,1.0,0.0,0.622248278081956,0.622248278081956,,,,1.0
29,hexane_dipole,80,1.0,0.0,0.622248278081956,0.622248278081956,,,,1.0
29,hexane_dipole,81,1.0,0.0,0.622248278081956,0.622248278081956,,,,1.0
29,hexane_dipole,82,1.0,0.0,0.622248278081956,0.622248278081956,,,,1.0
29,hexane_dipole,83,1.0,0.0,0.622248278081956,0.622248278081956,,,,1.0
29,hexane_dipole,84,1.0,0.0,0.622248278081956,0.622248278081956,,,,1.0
29,hexane_dipole,85,1.0,0.0,0.622248278081956,0.622248278081956,,,,1.0
29,hexane_dipole,86,1.0,0.0,0.622248278081956,0.622248278081956,,,,1.0
29,hexane_dipole,87,1.0,0.0,0.622248278081956,0.622248278081956,,,,1.0
29,hexane_dipole,88,1.0,0.0,0.622248278081956,0.622248278081956,,,,1.0
29,hexane_dipole,89,1.0,0.0,0.622248278081956,0.622248278081956,,,,1.0
29,hexane_dipole,90,1.0,0.0,0.622248278081956,0.622248278081956,,,,1.0
29,hexane_dipole,91,1.0,0.0,0.622248278081956,0.622248278081956,,,,1.0
29,hexane_dipole,92,1.0,0.0,0.622248278081956,0.622248278081956,,,,1.0
29,hexane_dipole,93,1.0,0.0,0.622248278081956,0.622248278081956,,,,1.0
29,hexane_dipole,94,1.0,0.0,0.622248278081956,0.622248278081956,,,,1.0
29,hexane_dipole,95,1.0,0.0,0.622248278081956,0.622248278081956,,,,1.0
29,hexane_dipole,96,1.0,0.0,0.622248278081956,0.622248278081956,,,,1.0
29,hexane_dipole,97,1.0,0.0,0.622248278081956,0.622248278081956,,,,1.0
29,hexane_dipole,98,1.0,0.0,0.622248278081956,0.622248278081956,,,,1.0
29,hexane_dipole,99,1.0,0.0,0.622248278081956,0.622248278081956,,,,1.0
29,hexane_dipole,100,1.0,0.0,0.622248278081956,0.622248278081956,,,,1.0
29,hexane_dipole,101,1.0,0.0,0.622248278081956,0.622248278081956,,,,1.0
29,hexane_dipole,102,1.0,0.0,0.622248278081956,0.622248278081956,,,,1.0
29,hexane_dipole,103,1.0,0.0,0.622248278081956,0.622248278081956,,,,1.0
29,hexane_dipole,104,1.0,0.0,0.622248278081956,0.622248278081956,,,,1.0
29,hexane_dipole,105,1.0,0.0,0.622248278081956,0.622248278081956,,,,1.0
29,hexane_dipole,106,1.0,0.0,0.622248278081956,0.622248278081956,,,,1.0
29,hexane_dipole,107,1.0,0.0,0.622248278081956,0.622248278081956,,,,1.0
29,hexane_dipole,108,1.0,0.0,0.622248278081956,0.622248278081956,,,,1.0
29,hexane_dipole,109,1.0,0.0,0.622248278081956,0.622248278081956,,,,1.0
29,hexane_dipole,110,1.0,0.0,0.622248278081956,0.622248278081956,,,,1.0
29,hexane_dipole,111,1.0,0.0,0.622248278081956,0.622248278081956,,,,1.0
29,hexane_dipole,112,1.0,0.0,0.622248278081956,0.622248278081956,,,,1.0
29,hexane_dipole,113,1.0,0.0,0.622248278081956,0.622248278081956,,,,1.0
29,hexane_dipole,114,1.0,0.0,0.622248278081956,0.622248278081956,,,,1.0
29,hexane_dipole,115,1.0,0.0,0.622248278081956,0.622248278081956,,,,1.0
29,hexane_dipole,116,1.0,0.0,0.622248278081956,0.622248278081956,,,,1.0
29,hexane_dipole,117,1.0,0.0,0.622248278081956,0.622248278081956,,,,1.0
29,hexane_dipole,118,1.0,0.0,0.622248278081956,0.622248278081956,,,,1.0
29,hexane_dipole,119,1.0,0.0,0.622248278081956,0.622248278081956,,,,1.0
29,hexane_dipole,120,1.0,0.0,0.622248278081956,0.622248278081956,,,,1.0
29,hexane_dipole,121,1.0,0.0,0.622248278081956,0.622248278081956,,,,1.0
29,hexane_dipole,122,1.0,0.0,0.622248278081956,0.622248278081956,,,,1.0
29,hexane_dipole,123,1.0,0.0,0.622248278081956,0.622248278081956,,,,1.0
29,hexane_dipole,124,1.0,0.0,0.622248278081956,0.622248278081956,,,,1.0
29,hexane_dipole,125,1.0,0.0,0.622248278081956,0.622248278081956,,,,1.0
29,hexane_dipole,126,1.0,0.0,0.622248278081956,0.622248278081956,,,,1.0
29,hexane_dipole,127,1.0,0.0,0.622248278081956,0.622248278081956,,,,1.0
29,hexane_dipole,128,1.0,0.0,0.622248278081956,0.622248278081956,,,,1.0
29,hexane_dipole,129,1.0,0.0,0.622248278081956,0.622248278081956,,,,1.0
29,hexane_dipole,130,1.0,0.0,0.622248278081956,0.622248278081956,,,,1.0
29,hexane_dipole,131,1.0,0.0,0.622248278081956,0.622248278081956,,,,1.0
29,hexane_dipole,132,1.0,0.0,0.622248278081956,0.622248278081956,,,,1.0
29,hexane_dipole,133,1.0,0.0,0.622248278081956,0.622248278081956,,,,1.0
29,hexane_dipole,134,1.0,0.0,0.622248278081956,0.622248278081956,,,,1.0
29,hexane_dipole,135,1.0,0.0,0.622248278081956,0.622248278081956,,,,1.0
29,hexane_dipole,136,1.0,0.0,0.622248278081956,0.622248278081956,,,,1.0
29,hexane_dipole,137,1.0,0.0,0.622248278081956,0.622248278081956,,,,1.0
29,hexane_dipole,138,1.0,0.0,0.622248278081956,0.622248278081956,,,,1.0
29,hexane_dipole,139,1.0,0.0,0.622248278081956,0.622248278081956,,,,1.0
29,hexane_dipole,140,1.0,0.0,0.622248278081956,0.622248278081956,,,,1.0
29,hexane_dipole,141,1.0,0.0,0.622248278081956,0.622248278081956,,,,1.0
29,hexane_dipole,142,1.0,0.0,0.622248278081956,0.622248278081956,,,,1.0
29,hexane_dipole,143,1.0,0.0,0.622248278081956,0.622248278081956,,,,1.0
29,hexane_dipole,144,1.0,0.0,0.622248278081956,0.622248278081956,,,,1.0
29,hexane_dipole,145,1.0,0.0,0.622248278081956,0.622248278081956,,,,1.0
29,hexane_dipole,146,1.0,0.0,0.622248278081956,0.622248278081956,,,,1.0
29,hexane_dipole,147,1.0,0.0,0.622248278081956,0.622248278081956,,,,1.0
29,hexane_dipole,148,1.0,0.0,0.622248278081956,0.622248278081956,,,,1.0
29,hexane_dipole,149,1.0,0.0,0.622248278081956,0.622248278081956,,,,1.0
29,hexane_dipole,150,1.0,0.0,0.622248278081956,0.622248278081956,,,,1.0
29,hexane_dipole,151,1.0,0.0,0.622248278081956,0.622248278081956,,,,1.0
29,hexane_dipole,152,1.0,0.0,0.622248278081956,0.622248278081956,,,,1.0
29,hexane_dipole,153,1.0,0.0,0.622248278081956,0.622248278081956,,,,1.0
29,hexane_dipole,154,1.0,0.0,0.622248278081956,0.622248278081956,,,,1.0
29,hexane_dipole,155,1.0,0.0,0.622248278081956,0.622248278081956,,,,1.0
29,hexane_dipole,156,1.0,0.0,0.622248278081956,0.622248278081956,,,,1.0
29,hexane_dipole,157,1.0,0.0,0.622248278081956,0.622248278081956,,,,1.0
29,hexane_dipole,158,1.0,0.0,0.622248278081956,0.622248278081956,,,,1.0
29,hexane_dipole,159,1.0,0.0,0.622248278081956,0.622248278081956,,,,1.0
29,hexane_dipole,160,1.0,0.0,0.622248278081956,0.622248278081956,,,,1.0
29,hexane_dipole,161,1.0,0.0,0.622248278081956,0.622248278081956,,,,1.0
29,hexane_dipole,162,1.0,0.0,0.622248278081956,0.622248278081956,,,,1.0
29,hexane_dipole,163,1.0,0.0,0.622248278081956,0.622248278081956,,,,1.0
29,hexane_dipole,164,1.0,0.0,0.622248278081956,0.622248278081956,,,,1.0
29,hexane_dipole,165,1.0,0.0,0.622248278081956,0.622248278081956,,,,1.0
29,hexane_dipole,166,1.0,0.0,0.622248278081956,0.622248278081956,,,,1.0
29,hexane_dipole,167,1.0,0.0,0.622248278081956,0.622248278081956,,,,1.0
29,hexane_dipole,168,1.0,0.0,0.622248278081956,0.622248278081956,,,,1.0
29,hexane_dipole,169,1.0,0.0,0.622248278081956,0.622248278081956,,,,1.0
29,hexane_dipole,170,1.0,0.0,0.622248278081956,0.622248278081956,,,,1.0
29,hexane_dipole,171,1.0,0.0,0.622248278081956,0.622248278081956,,,,1.0
29,hexane_dipole,172,1.0,0.0,0.622248278081956,0.622248278081956,,,,1.0
29,hexane_dipole,173,1.0,0.0,0.622248278081956,0.622248278081956,,,,1.0
29,hexane_dipole,174,1.0,0.0,0.622248278081956,0.622248278081956,,,,1.0
29,hexane_dipole,175,1.0,0.0,0.622248278081956,0.622248278081956,,,,1.0
29,hexane_dipole,176,1.0,0.0,0.622248278081956,0.622248278081956,,,,1.0
29,hexane_dipole,177,1.0,0.0,0.622248278081956,0.622248278081956,,,,1.0
29,hexane_dipole,178,1.0,0.0,0.622248278081956,0.622248278081956,,,,1.0
29,hexane_dipole,179,1.0,0.0,0.622248278081956,0.622248278081956,,,,1.0
29,hexane_dipole,180,1.0,0.0,0.622248278081956,0.622248278081956,,,,1.0
29,hexane_dipole,181,1.0,0.0,0.622248278081956,0.622248278081956,,,,1.0
29,hexane_dipole,182,1.0,0.0,0.622248278081956,0.622248278081956,,,,1.0
29,hexane_dipole,183,1.0,0.0,0.622248278081956,0.622248278081956,,,,1.0
29,hexane_dipole,184,1.0,0.0,0.622248278081956,0.622248278081956,,,,1.0
29,hexane_dipole,185,1.0,0.0,0.622248278081956,0.622248278081956,,,,1.0
29,hexane_dipole,186,1.0,0.0,0.622248278081956,0.622248278081956,,,,1.0
29,hexane_dipole,187,1.0,0.0,0.622248278081956,0.622248278081956,,,,1.0
29,hexane_dipole,188,1.0,0.0,0.622248278081956,0.622248278081956,,,,1.0
29,hexane_dipole,189,1.0,0.0,0.622248278081956,0.622248278081956,,,,1.0
29,hexane_dipole,190,1.0,0.0,0.622248278081956,0.622248278081956,,,,1.0
29,hexane_dipole,191,1.0,0.0,0.622248278081956,0.622248278081956,,,,1.0
29,hexane_dipole,192,1.0,0.0,0.622248278081956,0.622248278081956,,,,1.0
29,hexane_dipole,193,1.0,0.0,0.622248278081956,0.622248278081956,,,,1.0
29,hexane_dipole,194,1.0,0.0,0.622248278081956,0.622248278081956,,,,1.0
29,hexane_dipole,195,1.0,0.0,0.622248278081956,0.622248278081956,,,,1.0
29,hexane_dipole,196,1.0,0.0,0.622248278081956,0.622248278081956,,,,1.0
29,hexane_dipole,197,1.0,0.0,0.622248278081956,0.622248278081956,,,,1.0
29,hexane_dipole,198,1.0,0.0,0.622248278081956,0.622248278081956,,,,1.0
29,hexane_dipole,199,1.0,0.0,0.622248278081956,0.622248278081956,,,,1.0
29,hexane_dipole,200,1.0,0.0,0.622248278081956,0.622248278081956,,,,1.0
29,hexane_dipole,201,1.0,0.0,0.622248278081956,0.622248278081956,,,,1.0
29,hexane_dipole,202,1.0,0.0,0.622248278081956,0.622248278081956,,,,1.0
29,hexane_dipole,203,1.0,0.0,0.622248278081956,0.622248278081956,,,,1.0
29,hexane_dipole,204,1.0,0.0,0.622248278081956,0.622248278081956,,,,1.0
29,hexane_dipole,205,1.0,0.0,0.622248278081956,0.622248278081956,,,,1.0
29,hexane_dipole,206,1.0,0.0,0.622248278081956,0.622248278081956,,,,1.0
29,hexane_dipole,207,1.0,0.0,0.622248278081956,0.622248278081956,,,,1.0
29,hexane_dipole,208,1.0,0.0,0.622248278081956,0.622248278081956,,,,1.0
29,hexane_dipole,209,1.0,0.0,0.622248278081956,0.622248278081956,,,,1.0
29,hexane_dipole,210,1.0,0.0,0.622248278081956,0.622248278081956,,,,1.0
29,hexane_dipole,211,1.0,0.0,0.622248278081956,0.622248278081956,,,,1.0
29,hexane_dipole,212,1.0,0.0,0.622248278081956,0.622248278081956,,,,1.0
29,hexane_dipole,213,1.0,0.0,0.622248278081956,0.622248278081956,,,,1.0
29,hexane_dipole,214,1.0,0.0,0.622248278081956,0.622248278081956,,,,1.0
29,hexane_dipole,215,1.0,0.0,0.622248278081956,0.622248278081956,,,,1.0
29,hexane_dipole,216,1.0,0.0,0.622248278081956,0.622248278081956,,,,1.0
29,hexane_dipole,217,1.0,0.0,0.622248278081956,0.622248278081956,,,,1.0
29,hexane_dipole,218,1.0,0.0,0.622248278081956,0.622248278081956,,,,1.0
29,hexane_dipole,219,1.0,0.0,0.622248278081956,0.622248278081956,,,,1.0
29,hexane_dipole,220,1.0,0.0,0.622248278081956,0.622248278081956,,,,1.0
29,hexane_dipole,221,1.0,0.0,0.622248278081956,0.622248278081956,,,,1.0
29,hexane_dipole,222,1.0,0.0,0.622248278081956,0.622248278081956,,,,1.0
29,hexane_dipole,223,1.0,0.0,0.622248278081956,0.622248278081956,,,,1.0
29,hexane_dipole,224,1.0,0.0,0.622248278081956,0.622248278081956,,,,1.0
29,hexane_dipole,225,1.0,0.0,0.622248278081956,0.622248278081956,,,,1.0
29,hexane_dipole,226,1.0,0.0,0.622248278081956,0.622248278081956,,,,1.0
29,hexane_dipole,227,1.0,0.0,0.622248278081956,0.622248278081956,,,,1.0
29,hexane_dipole,228,1.0,0.0,0.622248278081956,0.622248278081956,,,,1.0
29,hexane_dipole,229,1.0,0.0,0.622248278081956,0.622248278081956,,,,1.0
29,hexane_dipole,230,1.0,0.0,0.622248278081956,0.622248278081956,,,,1.0
29,hexane_dipole,231,1.0,0.0,0.622248278081956,0.622248278081956,,,,1.0
29,hexane_dipole,232,1.0,0.0,0.622248278081956,0.622248278081956,,,,1.0
29,hexane_dipole,233,1.0,0.0,0.622248278081956,0.622248278081956,,,,1.0
29,hexane_dipole,234,1.0,0.0,0.622248278081956,0.622248278081956,,,,1.0
29,hexane_dipole,235,1.0,0.0,0.622248278081956,0.622248278081956,,,,1.0
29,hexane_dipole,236,1.0,0.0,0.622248278081956,0.622248278081956,,,,1.0
29,hexane_dipole,237,1.0,0.0,0.622248278081956,0.622248278081956,,,,1.0
29,hexane_dipole,238,1.0,0.0,0.622248278081956,0.622248278081956,,,,1.0
29,hexane_dipole,239,1.0,0.0,0.622248278081956,0.622248278081956,,,,1.0
29,hexane_dipole,240,1.0,0.0,0.622248278081956,0.622248278081956,,,,1.0
29,hexane_dipole,241,1.0,0.0,0.622248278081956,0.622248278081956,,,,1.0
29,hexane_dipole,242,1.0,0.0,0.622248278081956,0.622248278081956,,,,1.0
29,hexane_dipole,243,1.0,0.0,0.622248278081956,0.622248278081956,,,,1.0
29,hexane_dipole,244,1.0,0.0,0.622248278081956,0.622248278081956,,,,1.0
29,hexane_dipole,245,1.0,0.0,0.622248278081956,0.622248278081956,,,,1.0
29,hexane_dipole,246,1.0,0.0,0.622248278081956,0.622248278081956,,,,1.0
29,hexane_dipole,247,1.0,0.0,0.622248278081956,0.622248278081956,,,,1.0
29,hexane_dipole,248,1.0,0.0,0.622248278081956,0.622248278081956,,,,1.0
29,hexane_dipole,249,1.0,0.0,0.622248278081956,0.622248278081956,,,,1.0
30,sco_kcal,0,0.7399191856384277,0.021271809935569763,0.6708849982949492,0.9037753585923718,4.880339622497559,4.909064292907715,1.0058857933324437,0.54
30,sco_kcal,1,0.294646680355072,0.06333129107952118,0.581056613040748,0.8857690577173674,12.007256507873535,3.1867470741271973,0.26540176534394405,0.1
30,sco_kcal,2,0.15318408608436584,0.055988676846027374,0.6173622401240484,0.9278513423312207,11.388631820678711,1.179808497428894,0.103595279574029,0.04
30,sco_kcal,3,0.07318228483200073,0.023954514414072037,0.613843698299197,0.9559120125121343,4.93991756439209,0.18196232616901398,0.03683509366241953,0.04
30,sco_kcal,4,0.07613279670476913,0.12568818032741547,0.6144233955422125,0.926862772326867,24.94620704650879,0.9807423949241638,0.039314289065897026,0.06
30,sco_kcal,5,0.1549694538116455,0.04703470692038536,0.5848529934220501,0.9401678848302149,8.917816162109375,0.7027481198310852,0.07880271437047215,0.08
30,sco_kcal,6,0.10798001289367676,0.02198951691389084,0.6070537622476053,0.9427287302720184,4.490528106689453,0.16196757555007935,0.03606871434760633,0.04
30,sco_kcal,7,0.3584103286266327,0.04948464408516884,0.6086215006016693,0.9102808252511809,9.791023254394531,2.774399757385254,0.2833615736884306,0.08
30,sco_kcal,8,0.24029861390590668,0.10308448225259781,0.6072689865573768,0.9013873112889386,19.830366134643555,4.177931308746338,0.21068351841711647,0.16
30,sco_kcal,9,0.12952139973640442,0.031337108463048935,0.6488333023046373,0.9721447485054802,7.021667003631592,0.24352481961250305,0.034681909507607314,0.08
30,sco_kcal,10,0.595898449420929,0.030527625232934952,0.611157805577369,0.8849578219614109,6.166385173797607,3.614795207977295,0.5862097657047752,0.28
30,sco_kcal,11,0.10682845860719681,0.06371425837278366,0.6200686012877643,0.9453721201969114,13.255160331726074,0.3517928421497345,0.02654006691324,0.02
30,sco_kcal,12,0.1591775119304657,0.08137494325637817,0.6494376936896091,0.9533767845243903,18.168848037719727,0.4216303825378418,0.023206225384378214,0.06
30,sco_kcal,13,0.11143843084573746,0.02642878144979477,0.6451033108100803,0.9550216868002395,5.890029430389404,0.2901653051376343,0.04926381244218176,0.02
30,sco_kcal,14,0.12448593974113464,0.052577607333660126,0.5986375480364619,0.9472894474817042,10.230298042297363,0.8449997305870056,0.08259776275269186,0.02
30,sco_kcal,15,0.10016743838787079,0.020825156942009926,0.6255141765038044,0.964171960171593,4.509251117706299,0.06626938283443451,0.014696316772915382,0.1
30,sco_kcal,16,0.3247116506099701,0.014276588335633278,0.6459603327469814,0.9465884293376987,3.1805601119995117,1.0109682083129883,0.3178585446314443,0.16
30,sco_kcal,17,0.4644649922847748,0.018334602937102318,0.6624954065140773,0.9282869347789078,4.179574012756348,1.8100202083587646,0.4330633224425404,0.12
30,sco_kcal,18,0.31212320923805237,0.024168293923139572,0.6356405824251086,0.9305136499736022,5.265615940093994,0.9443576335906982,0.17934419151234962,0.18
30,sco_kcal,19,0.26935824751853943,0.04249314218759537,0.6371103876925746,0.9190623941868481,9.267532348632812,1.7438679933547974,0.18816961492581794,0.08
30,sco_kcal,20,0.3568819463253021,0.023799579590559006,0.6545788913489228,0.9601863811424851,5.406174182891846,0.959814190864563,0.17754037483696902,0.18
30,sco_kcal,21,0.11661350727081299,0.08136523514986038,0.6074995746869201,0.9603255410553999,16.323862075805664,0.1188354417681694,0.0072798606859280435,0.1
30,sco_kcal,22,0.09202390909194946,0.013855728320777416,0.5982021158080773,0.9562493778704062,2.773524522781372,0.10821641236543655,0.03901765117869373,0.04
30,sco_kcal,23,0.3618755638599396,0.038379862904548645,0.6345627937424145,0.9000720186805922,8.333342552185059,3.2122602462768555,0.3854708031214413,0.1
30,sco_kcal,24,0.4647291600704193,0.026369767263531685,0.6169287411948119,0.8928358486974892,5.3968400955200195,2.345759391784668,0.4346542328967483,0.14
30,sco_kcal,25,0.039422210305929184,0.04627120867371559,0.6051738093400512,0.9688951126608494,9.35744571685791,0.0968167707324028,0.010346495578166434,0.02
30,sco_kcal,26,0.16537396609783173,0.035695578902959824,0.6139539241748426,0.9368058604318465,7.350943088531494,0.526290774345398,0.07159500053353503,0.1
30,sco_kcal,27,0.21001282334327698,0.08479870110750198,0.614319087936992,0.8849811389346438,17.176761627197266,3.2574095726013184,0.18964049471604796,0.06
30,sco_kcal,28,0.2035987377166748,0.036459967494010925,0.6066643657560755,0.8991043645628385,7.498816013336182,1.0004078149795532,0.1334087692244202,0.06
30,sco_kcal,29,0.07540170848369598,0.0280668493360281,0.613642052102163,0.9489484167759956,5.7888593673706055,0.1598370224237442,0.027611142762368538,0.04
30,sco_kcal,30,0.8864047527313232,0.01035709585994482,0.6715419736186037,0.9184588643227225,2.395362138748169,3.420846939086914,1.4281126363943741,0.8
30,sco_kcal,31,0.16825152933597565,0.043996162712574005,0.6254824691246312,0.91802839877079,9.221857070922852,0.90409255027771,0.09803801374545001,0.08
30,sco_kcal,32,0.16933204233646393,0.0400775708258152,0.5833949807700227,0.9157467930404735,7.663181304931641,0.6105962991714478,0.07967921870496507,0.04
30,sco_kcal,33,0.15886463224887848,0.028748981654644012,0.6041112784960925,0.931327849164344,5.735286712646484,0.5295038819313049,0.09232387297460344,0.06
30,sco_kcal,34,0.21958734095096588,0.017550453543663025,0.6202707919663077,0.9237707453840582,3.740157127380371,0.5311319231987,0.14200791707665714,0.02
30,sco_kcal,35,0.10022935271263123,0.03814830631017685,0.5828478161630679,0.9400921060680933,7.244585990905762,0.2435375601053238,0.03361649104738907,0.06
30,sco_kcal,36,0.30058151483535767,0.013605630025267601,0.6232711301938407,0.9526466661861077,3.0081558227539062,0.25789549946784973,0.08573209456674741,0.2
30,sco_kcal,37,0.46329447627067566,0.032397761940956116,0.5943276201418046,0.9283025948301913,6.3846564292907715,1.649658441543579,0.25837857679787923,0.58
30,sco_kcal,38,0.3467123806476593,0.019081927835941315,0.6315866662100698,0.923646518789762,4.236406326293945,0.7103137373924255,0.1676689351027893,0.28
30,sco_kcal,39,0.25261715054512024,0.25323668122291565,0.6493412933956786,0.9856509582099269,56.39210510253906,1.1997177600860596,0.02127456951473234,0.22
30,sco_kcal,40,0.7227645516395569,0.02348293922841549,0.6615992557522421,0.9047905670252498,5.119207859039307,4.72216796875,0.9224411469074794,0.58
30,sco_kcal,41,0.3934956192970276,0.035922836512327194,0.5921524436567871,0.9070110950903743,7.038753986358643,2.6631886959075928,0.37836081514838393,0.18
30,sco_kcal,42,0.5766801834106445,0.03691946715116501,0.6175079521096638,0.9029570709589165,7.342770576477051,3.961649179458618,0.5395305679507363,0.38
30,sco_kcal,43,0.36201032996177673,0.041099898517131805,0.601962524470026,0.8769563895721435,8.1329345703125,2.7201766967773438,0.3344643527204503,0.1
30,sco_kcal,44,0.7941839098930359,0.022564584389328957,0.6443504101204187,0.8930965048125141,4.673442840576172,5.042479991912842,1.0789647298416882,0.66
30,sco_kcal,45,0.19426777958869934,0.3276611268520355,0.6503068645968331,0.9823106072861927,72.97351837158203,1.6283938884735107,0.0223148605797203,0.18
30,sco_kcal,46,0.37927111983299255,0.026659462600946426,0.6224820158220707,0.9077910595568468,5.562557220458984,1.8759567737579346,0.3372471867539986,0.12
30,sco_kcal,47,0.05895731598138809,0.03300528600811958,0.6411115675596275,0.9660512204557645,7.299189567565918,0.1226668506860733,0.01680554389642731,0.02
30,sco_kcal,48,0.4261190593242645,0.025324417278170586,0.630027938593843,0.9122689401103559,5.447943210601807,1.9800792932510376,0.3634544665219277,0.16
30,sco_kcal,49,0.18597573041915894,0.05475066229701042,0.5924886994341647,0.9366028702563023,10.689653396606445,1.4192554950714111,0.13276908449828415,0.06
30,sco_kcal,50,0.07626598328351974,0.019952571019530296,0.5995083101342498,0.9548530113960549,3.975980281829834,0.08784887939691544,0.022094898155904697,0.02
30,sco_kcal,51,0.37225425243377686,0.018837058916687965,0.6519746547531213,0.9160270342317116,4.384670734405518,1.2662914991378784,0.288799678662659,0.26
30,sco_kcal,52,0.5214427709579468,0.04089204967021942,0.607605867094237,0.8892585330080884,8.07614517211914,4.408967971801758,0.5459248042027044,0.34
30,sco_kcal,53,0.46180155873298645,0.05704878270626068,0.5859159537843499,0.8974377017503632,10.898144721984863,5.281452655792236,0.4846194274827296,0.42
30,sco_kcal,54,0.09798809140920639,0.033034548163414,0.6061397177831498,0.9637251540404996,6.636772155761719,0.04783866927027702,0.007208122886778002,0.1
30,sco_kcal,55,0.4340406060218811,0.02323957532644272,0.5934708947400658,0.9158156444474206,4.590417861938477,1.8046298027038574,0.39312974482496993,0.24
30,sco_kcal,56,0.12649494409561157,0.020008139312267303,0.6520069833453481,0.966043515320895,4.51143741607666,0.3657371699810028,0.08106887810915564,0.04
30,sco_kcal,57,0.1669331043958664,0.07205741852521896,0.6089837394896525,0.9003820975147971,14.330059051513672,1.9980241060256958,0.139428881544954,0.02
30,sco_kcal,58,0.6322862505912781,0.015590889379382133,0.6577908937606587,0.914237508043122,3.4884188175201416,2.357107400894165,0.6756950710894838,0.5
30,sco_kcal,59,0.3497384488582611,0.02915632724761963,0.6535382247401289,0.9655353549714363,6.5999956130981445,0.9635786414146423,0.14599686089220337,0.22
30,sco_kcal,60,0.4832504689693451,0.01624096743762493,0.6100721757716165,0.9350735561473162,3.404500722885132,1.1292108297348022,0.3316817711754975,0.36
30,sco_kcal,61,0.3464306890964508,0.05364128202199936,0.629103629317421,0.8822046755699671,11.212186813354492,3.9731130599975586,0.35435665906541136,0.1
30,sco_kcal,62,0.05301886424422264,0.0595981702208519,0.5889807362055179,0.9582166323996453,11.272481918334961,0.06436632573604584,0.0057100402735046725,0.02
30,sco_kcal,63,0.31758883595466614,0.028260881081223488,0.6398406533283854,0.929487482564707,6.195889949798584,1.5501062870025635,0.25018299220323537,0.12
30,sco_kcal,64,0.4408135712146759,0.030841955915093422,0.5980924503288589,0.9150880111644408,6.148876667022705,2.7387866973876953,0.4454125274745216,0.38
30,sco_kcal,65,0.200288325548172,0.09106145054101944,0.6440805976404709,0.8871245651897246,20.561601638793945,3.75614070892334,0.1826774380180852,0.02
30,sco_kcal,66,0.0689641684293747,0.0945160835981369,0.5924827825620638,0.9324720603301038,18.08458137512207,0.4760085344314575,0.026321236005289864,0.02
30,sco_kcal,67,0.10037828236818314,0.04181079939007759,0.6296269658957883,0.9438031806553993,9.060140609741211,0.7810779213905334,0.08621035313190838,0.02
30,sco_kcal,68,0.4251124858856201,0.04606680944561958,0.599567714564033,0.9054964300134343,9.050763130187988,4.039817810058594,0.4463510702853501,0.12
30,sco_kcal,69,0.3589632213115692,0.018066000193357468,0.6533031403909875,0.9398638678567734,4.069400310516357,1.0151381492614746,0.2494564485676431,0.14
30,sco_kcal,70,0.04831891879439354,0.1002560555934906,0.617965996103973,0.9575663710839144,20.408952713012695,0.10279927402734756,0.005036969582559865,0.02
30,sco_kcal,71,0.23851944506168365,0.03416573628783226,0.6171443845893385,0.9356729264966128,7.016432762145996,1.2517021894454956,0.17839580765292745,0.12
30,sco_kcal,72,0.07608053088188171,0.04208886995911598,0.6288450551075166,0.9598860505080067,8.791043281555176,0.14322830736637115,0.016292526697813437,0.04
30,sco_kcal,73,0.22767634689807892,0.02546200156211853,0.5990212843127687,0.9303084468986578,5.069704532623291,0.5651271343231201,0.11147141429772794,0.12
30,sco_kcal,74,0.07884000986814499,0.04473664239048958,0.6042664901281991,0.969531868568231,8.93850040435791,0.19775304198265076,0.022123738103344212,0.04
30,sco_kcal,75,0.30886974930763245,0.023908479139208794,0.6291629227786828,0.9315070735189341,5.136960506439209,1.1084214448928833,0.2157737914285054,0.06
30,sco_kcal,76,0.39117419719696045,0.011711975559592247,0.6467701159766881,0.964157306177049,2.9027833938598633,0.12336699664592743,0.04249955298314042,0.36
30,sco_kcal,77,0.47478342056274414,0.02271927520632744,0.6290811316766285,0.9161588004544028,4.932860851287842,2.2034409046173096,0.4466862072628804,0.08
30,sco_kcal,78,0.45686763525009155,0.03631077706813812,0.627677403483462,0.9180383738711633,7.609360694885254,2.514887809753418,0.33049922465153186,0.28
30,sco_kcal,79,0.34390559792518616,0.024189922958612442,0.6024305935697385,0.9193994891801462,4.872122764587402,1.3962652683258057,0.28658252999584444,0.2
30,sco_kcal,80,0.34770941734313965,0.0226298775523901,0.6652973554886741,0.9073212959929091,5.2598347663879395,1.512601375579834,0.2875758351281014,0.16
30,sco_kcal,81,0.5592330694198608,0.03093002364039421,0.6266459552205637,0.9019576279839772,6.26080846786499,3.9802799224853516,0.6357453582736216,0.38
30,sco_kcal,82,0.13189761340618134,0.048657823354005814,0.584168867743897,0.9241898693578723,8.994192123413086,0.564152181148529,0.06272405274510041,0.04
30,sco_kcal,83,0.6531788110733032,0.020381920039653778,0.6693159061636649,0.9005710692530888,4.668513298034668,3.241403102874756,0.6943116354063528,0.44
30,sco_kcal,84,0.07312656193971634,0.04404531791806221,0.5936296817149365,0.9545836189504544,8.528426170349121,0.21900638937950134,0.025679578506632727,0.04
30,sco_kcal,85,0.43940815329551697,0.0283683929592371,0.6218538312533983,0.9295019836690108,5.950491905212402,2.267453670501709,0.3810531476423834,0.38
30,sco_kcal,86,0.059077635407447815,0.02022636868059635,0.6406519384945637,0.9573261445054062,4.456112861633301,0.10141512751579285,0.022758653262346034,0.02
30,sco_kcal,87,0.05700957775115967,0.02032051421701908,0.6112601823973296,0.9669602889896807,4.197010517120361,0.15247365832328796,0.03632911037542567,0.04
30,sco_kcal,88,0.07755511999130249,0.020286522805690765,0.6458113965469987,0.9635457097975875,4.546917915344238,0.11345724761486053,0.024952561213384232,0.02
30,sco_kcal,89,0.08818814158439636,0.07172968238592148,0.5942038858964129,0.9206082628514343,14.02483081817627,0.6166370511054993,0.04396752154088973,0.06
30,sco_kcal,90,0.8485509753227234,0.013957924209535122,0.704645964440036,0.8990345264109596,3.2197189331054688,4.6250691413879395,1.4364822636636139,0.78
30,sco_kcal,91,0.17032472789287567,0.023695236071944237,0.5935795896139571,0.9469357753045498,4.657801151275635,0.57831209897995,0.12415989437882449,0.08
30,sco_kcal,92,0.2512057423591614,0.029611043632030487,0.6213376719061188,0.9198137326692724,6.15092658996582,1.0820071697235107,0.1759096217289635,0.12
30,sco_kcal,93,0.15426702797412872,0.02254808507859707,0.6132313451456579,0.9607147016350208,4.639050483703613,0.07377800345420837,0.015903686263682836,0.12
30,sco_kcal,94,0.2147369533777237,0.04091352969408035,0.6032704040584997,0.9184151197545165,8.147701263427734,1.258904218673706,0.1545103554943159,0.04
30,sco_kcal,95,0.6262938380241394,0.02728627435863018,0.6408375327902434,0.8984971001407667,5.937859535217285,3.5393588542938232,0.5960664500906397,0.48
30,sco_kcal,96,0.10138873010873795,0.013806499540805817,0.6392535211398374,0.9452094535142763,3.0703399181365967,0.22905057668685913,0.07460104835098225,0.02
30,sco_kcal,97,0.588158130645752,0.037002384662628174,0.6176016374609177,0.9004914995000208,7.698381423950195,4.8904008865356445,0.6352505308870863,0.42
30,sco_kcal,98,0.36237668991088867,0.03035518154501915,0.6531754196290283,0.9217542509370631,6.769988059997559,2.428945541381836,0.3587813626635424,0.12
30,sco_kcal,99,0.14457125961780548,0.06631633639335632,0.6474327418236925,0.9695763259678323,14.79966926574707,0.23604363203048706,0.01594925047256263,0.1
30,sco_kcal,100,0.17204181849956512,0.05574873462319374,0.5939359248828819,0.9311330047694308,10.728835105895996,0.9021151065826416,0.08408322969628708,0.08
30,sco_kcal,101,0.13093073666095734,0.07317936420440674,0.5986912362428913,0.946925542492187,14.216428756713867,0.19935275614261627,0.014022702856965375,0.06
30,sco_kcal,102,0.947554886341095,0.008508113212883472,0.753410275664393,0.9157060865008757,1.9808149337768555,5.268188953399658,2.659606843408994,0.88
30,sco_kcal,103,0.18203844130039215,0.021709801629185677,0.637735367337976,0.9605067648183467,4.7547736167907715,0.1505160927772522,0.031655785302948415,0.16
30,sco_kcal,104,0.6683967709541321,0.020465537905693054,0.6422012432770046,0.8848855833914773,4.187158584594727,3.671921491622925,0.8769482734980597,0.46
30,sco_kcal,105,0.12392368167638779,0.03542878478765488,0.6183913742034037,0.9662955903906514,7.31765079498291,0.029898807406425476,0.004085847800625379,0.1
30,sco_kcal,106,0.6464575529098511,0.01771358586847782,0.655616038660233,0.8917429808190065,3.909816026687622,2.6826601028442383,0.6861346120975864,0.42
30,sco_kcal,107,0.16313369572162628,0.05561290308833122,0.5940947634611604,0.9305004648334119,10.710261344909668,1.00665283203125,0.09398956753839514,0.02
30,sco_kcal,108,0.3281179368495941,0.0380040667951107,0.6188211561479966,0.9135523866432969,7.7925333976745605,2.4367434978485107,0.3127023489659577,0.08
30,sco_kcal,109,0.30133211612701416,0.01582440920174122,0.6438934893399821,0.9380939606037471,3.5089833736419678,0.4808051884174347,0.13702122159627328,0.26
30,sco_kcal,110,0.26548928022384644,0.051201045513153076,0.6223416022991966,0.8953652442111506,10.686013221740723,2.143894910812378,0.20062626410106044,0.1
30,sco_kcal,111,0.08353782445192337,0.01869180053472519,0.6426339847324065,0.9614513677747059,4.157137870788574,0.07840173691511154,0.018859546965239185,0.02
30,sco_kcal,112,0.04804598540067673,0.048868466168642044,0.6251887694151388,0.9652726080920915,10.261991500854492,0.18202632665634155,0.01773791438447251,0.02
30,sco_kcal,113,0.25402018427848816,0.08445839583873749,0.6203818813685857,0.8900770932364732,17.217321395874023,3.9618847370147705,0.2301104013754544,0.08
30,sco_kcal,114,0.23707763850688934,0.059313494712114334,0.5814802713085974,0.9223491011423417,11.249358177185059,1.6650422811508179,0.14801220255638295,0.14
30,sco_kcal,115,0.0863206684589386,0.05288095399737358,0.600838302774042,0.9435854328566307,10.426933288574219,0.293870747089386,0.028183813874728448,0.08
30,sco_kcal,116,0.5798313617706299,0.030211055651307106,0.6062375636395905,0.8832120300324151,5.970393180847168,3.871212959289551,0.6484016784201548,0.32
30,sco_kcal,117,0.16383764147758484,0.08300098031759262,0.6113976885863639,0.9162133854508552,16.833005905151367,2.0434064865112305,0.1213928455811859,0.02
30,sco_kcal,118,0.08611654490232468,0.05133863538503647,0.629360526685905,0.9261231184644014,11.045857429504395,0.5115888118743896,0.04631499321255893,0.02
30,sco_kcal,119,0.25373604893684387,0.06742952018976212,0.6502835804970124,0.9731527475009374,15.107760429382324,1.2517664432525635,0.08285585736573277,0.12
30,sco_kcal,120,0.4116637706756592,0.03644483909010887,0.6091152254498664,0.9117198659718511,7.253437042236328,2.6193673610687256,0.36112085151029877,0.12
30,sco_kcal,121,0.12096664309501648,0.04472353681921959,0.6385860078050647,0.9409102290606095,9.747719764709473,0.4990249276161194,0.05119401661738197,0.08
30,sco_kcal,122,0.49173447489738464,0.05045448988676071,0.6668958729875716,0.9734043000796144,12.341262817382812,0.4582904577255249,0.0371348106354252,0.46
30,sco_kcal,123,0.34394243359565735,0.019519178196787834,0.6274925960533124,0.9591697662969556,4.109277725219727,1.285459280014038,0.31281878859752743,0.24
30,sco_kcal,124,0.1520712822675705,0.016093790531158447,0.6494318783092421,0.9512975167509647,3.6601126194000244,0.2166876494884491,0.059202454137591294,0.1
30,sco_kcal,125,0.5170107483863831,0.06682520359754562,0.631332866021254,0.9014810433669211,14.619914054870605,7.623256206512451,0.5214296183890885,0.2
30,sco_kcal,126,0.12691736221313477,0.05598599091172218,0.6405395645799934,0.9637674070961164,12.326567649841309,0.1646508127450943,0.013357393349251932,0.14
30,sco_kcal,127,0.0903700590133667,0.026093190535902977,0.637185300164667,0.9617100483410759,5.61356782913208,0.16313157975673676,0.029060231339889005,0.04
30,sco_kcal,128,0.3894259035587311,0.022142348811030388,0.6522042226789739,0.9299944305298375,5.026736736297607,1.1918574571609497,0.23710361606062552,0.26
30,sco_kcal,129,0.10154756158590317,0.04789230227470398,0.6361819491446326,0.9394706431783582,10.479382514953613,0.3992166817188263,0.03809543941631693,0.04
30,sco_kcal,130,0.25586405396461487,0.021961010992527008,0.6191291122235436,0.9506380708641684,4.603707790374756,0.5725703835487366,0.12437157387483266,0.16
30,sco_kcal,131,0.2924468219280243,0.014302179217338562,0.6499573066168287,0.9435895711463047,3.220709800720215,0.7543297410011292,0.23421226613849097,0.14
30,sco_kcal,132,0.3270847797393799,0.012869605794548988,0.629725278541128,0.9531843738788708,2.9125277996063232,0.4207518696784973,0.14446278237597215,0.16
30,sco_kcal,133,0.1533469706773758,0.06259647756814957,0.6027644551955602,0.9197002788803363,12.350136756896973,1.1898443698883057,0.09634260683176915,0.02
30,sco_kcal,134,0.23819079995155334,0.04281429946422577,0.6507786206168784,0.9744169857647393,9.732327461242676,0.4309852421283722,0.04428388212837032,0.14
30,sco_kcal,135,0.2540820837020874,0.05512906610965729,0.6396577247737936,0.9103616022288414,12.306035041809082,2.026125907897949,0.1646448999222168,0.18
30,sco_kcal,136,0.16505476832389832,0.04636107385158539,0.5794580935790614,0.9351226230053249,8.309709548950195,0.4689398407936096,0.05643275953644529,0.08
30,sco_kcal,137,0.6377979516983032,0.02345641888678074,0.6481034600756088,0.8948827582853904,5.128591537475586,3.5811071395874023,0.6982632782157785,0.4
30,sco_kcal,138,0.06649775803089142,0.032010942697525024,0.6502510424171404,0.9649213315481318,7.198217391967773,0.2227877676486969,0.030950408346557802,0.02
30,sco_kcal,139,0.24524585902690887,0.06616618484258652,0.6144966869058173,0.8967775262575255,13.536480903625488,2.7208874225616455,0.20100404543347064,0.06
30,sco_kcal,140,0.37713873386383057,0.03352013975381851,0.604815119305721,0.9058475962986263,6.664497375488281,2.2243709564208984,0.33376424823903955,0.14
30,sco_kcal,141,0.3232957124710083,0.029199514538049698,0.6073720671941749,0.9738973314924955,6.079942226409912,0.15024909377098083,0.02471225682348301,0.28
30,sco_kcal,142,0.09935856610536575,0.03822150453925133,0.6257543592007113,0.9673980733161476,8.096708297729492,0.09270185977220535,0.011449326857706006,0.08
30,sco_kcal,143,0.23741450905799866,0.016565846279263496,0.6261950480374143,0.9400164377513041,3.534799814224243,0.43498724699020386,0.12305852377828852,0.06
30,sco_kcal,144,0.11957421898841858,0.023462146520614624,0.6463063623307044,0.9381574975598368,5.213868618011475,0.3389580547809601,0.06501085462913636,0.04
30,sco_kcal,145,0.11276344954967499,0.05945276841521263,0.5948685705393839,0.9391629232185346,11.47258472442627,0.647459864616394,0.056435396222255636,0.02
30,sco_kcal,146,0.49900785088539124,0.014959752559661865,0.6659893589839148,0.9288959056814934,3.524991750717163,1.1802747249603271,0.3348304927863162,0.32
30,sco_kcal,147,0.045650310814380646,0.16844560205936432,0.6403721276836423,0.9275107841162153,37.24398422241211,0.9866576790809631,0.02649173281754393,0.02
30,sco_kcal,148,0.8001401424407959,0.013239963911473751,0.6527234967480497,0.908132184367773,2.8137125968933105,3.119807481765747,1.1087868338828932,0.66
30,sco_kcal,149,0.15607351064682007,0.018030140548944473,0.5985684570357268,0.9581379530111918,3.717287302017212,0.12225553393363953,0.03288837369855612,0.08
30,sco_kcal,150,0.3164269030094147,0.04129298776388168,0.6142997317833665,0.9496812670952341,8.51497745513916,1.075657606124878,0.12632536161040234,0.32
30,sco_kcal,151,0.23530085384845734,0.02002558670938015,0.6481043724661482,0.9581767826387055,4.587245941162109,0.15101471543312073,0.03292056222188589,0.14
30,sco_kcal,152,0.11335542798042297,0.029940661042928696,0.6258306249721257,0.9441252139992791,6.431244850158691,0.17831051349639893,0.02772566084029581,0.02
30,sco_kcal,153,0.3539462089538574,0.024713438004255295,0.5944764928715969,0.9256796757718702,4.860410213470459,1.3590198755264282,0.27961011845460115,0.14
30,sco_kcal,154,0.5068490505218506,0.019364917650818825,0.6509276137753734,0.9381159758805131,4.330682754516602,2.1275434494018555,0.4912720626286872,0.34
30,sco_kcal,155,0.17408397793769836,0.017522713169455528,0.653278138961163,0.9667990797953003,4.02891731262207,0.0934859961271286,0.02320375149776572,0.12
30,sco_kcal,156,0.2366517335176468,0.05347653850913048,0.6338411430566577,0.9435088464183008,11.1629056930542,2.2701847553253174,0.20336862262823516,0.16
30,sco_kcal,157,0.4649169147014618,0.017932793125510216,0.6636225982745305,0.9567129205703659,4.256357192993164,0.8693341612815857,0.2042437046196893,0.32
30,sco_kcal,158,0.49051639437675476,0.05285203456878662,0.6537871848790742,0.9844501989039425,12.551506042480469,0.8858695030212402,0.07057874170820794,0.56
30,sco_kcal,159,0.3508993685245514,0.032525576651096344,0.6262064353031205,0.9137036324725434,6.807165145874023,2.314047336578369,0.339942881800211,0.08
30,sco_kcal,160,0.20764939486980438,0.02366388775408268,0.5864105594911595,0.943689806297918,4.54612398147583,0.20635837316513062,0.04539215692444435,0.2
30,sco_kcal,161,0.751751184463501,0.01258434634655714,0.6939017052605951,0.9050246040296455,2.9599671363830566,2.8009464740753174,0.9462762068020609,0.58
30,sco_kcal,162,0.20909346640110016,0.06506746262311935,0.6036185422573346,0.9059244219079015,13.238577842712402,2.9682276248931885,0.22421045977586967,0.02
30,sco_kcal,163,0.30232682824134827,0.07889298349618912,0.6601460134225716,0.9729647989367309,18.598163604736328,1.3516918420791626,0.07267878005627029,0.28
30,sco_kcal,164,0.055011916905641556,0.06568338721990585,0.6077913017485799,0.9253134343818816,13.199187278747559,0.24637742340564728,0.018666105586845304,0.02
30,sco_kcal,165,0.20413531363010406,0.010243164375424385,0.6381857843573819,0.9564242206269091,2.2949631214141846,0.30748170614242554,0.13398110988073372,0.04
30,sco_kcal,166,0.23542280495166779,0.03805441036820412,0.6106079331957674,0.9182260661633956,7.748123645782471,1.625038981437683,0.2097332277760228,0.02
30,sco_kcal,167,0.28811779618263245,0.054747164249420166,0.6496220626468308,0.9719977656467573,12.258466720581055,0.8923407196998596,0.07279382813852942,0.24
30,sco_kcal,168,0.07033783942461014,0.06499715894460678,0.6081488739751941,0.9659147653130271,12.976507186889648,0.11675968021154404,0.008997774095136172,0.02
30,sco_kcal,169,0.3767279088497162,0.016242479905486107,0.6075779984081777,0.9039047597252989,3.2889201641082764,1.2953145503997803,0.3938418951409781,0.1
30,sco_kcal,170,0.10002146661281586,0.020093414932489395,0.6480486185258978,0.9588287175814283,4.580855369567871,0.1807466298341751,0.03945696060061936,0.02
30,sco_kcal,171,0.30217087268829346,0.035629887133836746,0.6185886879034381,0.8972585387619609,7.401474952697754,1.9892395734786987,0.26876258937465475,0.06
30,sco_kcal,172,0.056240878999233246,0.06693258136510849,0.633343122695287,0.9349341663088013,14.614614486694336,0.6926319003105164,0.04739310099086863,0.0
30,sco_kcal,173,0.30905210971832275,0.02080778032541275,0.5857313089063041,0.922464556093501,4.033320426940918,0.9506049752235413,0.23568793812509709,0.2
30,sco_kcal,174,0.7750816345214844,0.025635894387960434,0.6758505142477051,0.9212799400925851,5.886290073394775,6.568202972412109,1.1158476545523108,0.54
30,sco_kcal,175,0.7214430570602417,0.019577525556087494,0.6815076870750514,0.9059726510361485,4.612676620483398,4.133333206176758,0.8960812877759451,0.56
30,sco_kcal,176,0.26476848125457764,0.054636429995298386,0.5986254750719389,0.8928556607887543,10.753077507019043,2.3958051204681396,0.22280180896160046,0.12
30,sco_kcal,177,0.11483349651098251,0.039159100502729416,0.6385552081725321,0.9465328027804447,8.439697265625,0.5059595704078674,0.05994996674450013,0.02
30,sco_kcal,178,0.33198103308677673,0.028885910287499428,0.6542734606301037,0.9633746530342262,6.499447822570801,1.2182434797286987,0.18743799673228748,0.2
30,sco_kcal,179,0.10754727572202682,0.06495027989149094,0.6026988463883953,0.945084210374006,12.79283618927002,0.5839011669158936,0.04564282370829075,0.06
30,sco_kcal,180,0.14612534642219543,0.016980202868580818,0.6427953290219457,0.9520272880463638,3.7717654705047607,0.3073766231536865,0.08149409754062771,0.04
30,sco_kcal,181,0.17923356592655182,0.027214745059609413,0.6503788563940041,0.9453229121654636,6.118257999420166,0.468068927526474,0.07650362694264175,0.08
30,sco_kcal,182,0.6855851411819458,0.016541291028261185,0.6750923502155606,0.8945800246564275,3.8792850971221924,3.1499552726745605,0.8119937549862789,0.52
30,sco_kcal,183,0.1492985188961029,0.0318133644759655,0.6229795803969849,0.9408379615604536,6.644279956817627,0.40442872047424316,0.06086870557873815,0.06
30,sco_kcal,184,0.41346657276153564,0.025971153751015663,0.6151809551593441,0.8984299394103221,5.407164096832275,1.611008882522583,0.29793970622537125,0.16
30,sco_kcal,185,0.6531241536140442,0.017684105783700943,0.6747207806648421,0.8993817487156488,4.180245399475098,3.0863869190216064,0.7383267306290573,0.52
30,sco_kcal,186,0.5721108913421631,0.02177654765546322,0.6302357044054534,0.9212044913614279,4.540308475494385,2.692779779434204,0.5930830017317255,0.2
30,sco_kcal,187,0.460895299911499,0.03965499624609947,0.6098202540863409,0.8885924046493447,7.860209941864014,3.2835192680358887,0.41773938512095476,0.16
30,sco_kcal,188,0.11280230432748795,0.021223116666078568,0.6647488320640602,0.9480954409933813,4.867667198181152,0.19986827671527863,0.04106038243328575,0.06
30,sco_kcal,189,0.541289210319519,0.025326980277895927,0.6369117334713994,0.9068815102859826,5.502227306365967,2.980673313140869,0.5417212243653202,0.4
30,sco_kcal,190,0.2439466118812561,0.16854740679264069,0.6488784587638188,0.9790505103472626,37.43025588989258,0.6123421788215637,0.016359550963874564,0.28
30,sco_kcal,191,0.28378182649612427,0.03736157342791557,0.601690985893748,0.9429525400437382,7.389956474304199,1.463104248046875,0.19798550277451174,0.14
30,sco_kcal,192,0.26107996702194214,0.11893759667873383,0.6489184955158087,0.973933306642883,26.48174285888672,0.5021706223487854,0.018962899270818477,0.2
30,sco_kcal,193,0.2949540615081787,0.025680553168058395,0.6186160359267792,0.9314928051946514,5.344233989715576,0.8934102058410645,0.1671727337463778,0.14
30,sco_kcal,194,0.04878530278801918,0.035962093621492386,0.6390039197008033,0.9515038187435216,7.946089267730713,0.08548150956630707,0.010757683016908687,0.04
30,sco_kcal,195,0.06919287145137787,0.019860154017806053,0.6515528897933982,0.9611674555719527,4.505218505859375,0.08557837456464767,0.018995388226641298,0.02
30,sco_kcal,196,0.19500958919525146,0.02360294573009014,0.6465378618334501,0.9431071922689465,5.326083660125732,0.41213831305503845,0.07738111891492691,0.1
30,sco_kcal,197,0.29736194014549255,0.011554890312254429,0.6487267144064222,0.9318560398761919,2.608276844024658,0.7071729302406311,0.2711264840849638,0.08
30,sco_kcal,198,0.37862738966941833,0.013936938717961311,0.6498915456177794,0.935006287757757,3.2245686054229736,0.8015502095222473,0.24857595157821313,0.2
30,sco_kcal,199,0.34145838022232056,0.05642715096473694,0.6369071639317796,0.9047863042811197,12.546833992004395,3.322835922241211,0.2648346128081972,0.18
30,sco_kcal,200,0.3221878707408905,0.04078514501452446,0.5847801195479505,0.9195793568843338,7.824489116668701,2.0749382972717285,0.26518514708537794,0.08
30,sco_kcal,201,0.6682301759719849,0.021911004558205605,0.6739543023984964,0.9012762702636128,4.953978061676025,4.093719959259033,0.8263500379478971,0.4
30,sco_kcal,202,0.15542559325695038,0.031866975128650665,0.5866816439939462,0.9199556557162987,6.1003618240356445,0.6557071805000305,0.10748660479719756,0.04
30,sco_kcal,203,0.046559445559978485,0.09826692938804626,0.6394397218668821,0.9313069612864111,21.36174964904785,0.28151610493659973,0.013178513443965374,0.02
30,sco_kcal,204,0.1706223040819168,0.03820749744772911,0.6493511382092712,0.9681738052743085,8.556113243103027,0.2622388005256653,0.03064929052184444,0.12
30,sco_kcal,205,0.08369167894124985,0.037319716066122055,0.6630575173942588,0.9327328341156498,8.495319366455078,0.31361737847328186,0.036916490710360184,0.0
30,sco_kcal,206,0.12486284226179123,0.05111759155988693,0.6196865648224341,0.920386372185003,10.710000038146973,0.42666587233543396,0.039838083176072056,0.04
30,sco_kcal,207,0.18203754723072052,0.03987852856516838,0.625495280732558,0.9369639016995686,8.351938247680664,0.5010866522789001,0.059996450814043326,0.14
30,sco_kcal,208,0.4283035397529602,0.020694931969046593,0.6153433886331838,0.9178778071902347,4.341015338897705,1.6442168951034546,0.3787632078538021,0.24
30,sco_kcal,209,0.2573983669281006,0.07543917745351791,0.6029587575198223,0.8975789680545057,15.077469825744629,3.0582406520843506,0.2028351366263347,0.1
30,sco_kcal,210,0.3540971279144287,0.014555852860212326,0.6566443672117876,0.9140461778103601,3.4378859996795654,1.0175762176513672,0.2959889355686059,0.14
30,sco_kcal,211,0.037654753774404526,0.09836030751466751,0.5987756808335631,0.9591787793509992,18.792695999145508,0.09543506056070328,0.005078305984678444,0.0
30,sco_kcal,212,0.11387676745653152,0.023899734020233154,0.583836647270745,0.9523660634303537,4.497758388519287,0.13132864236831665,0.029198687662622874,0.06
30,sco_kcal,213,0.2712364196777344,0.016664447262883186,0.638371042369027,0.936422960931049,3.7738263607025146,0.4938017427921295,0.13084908938423073,0.16
30,sco_kcal,214,0.247237890958786,0.4616503417491913,0.6527436546896408,0.9715891420300997,105.28216552734375,3.6187832355499268,0.03437223405715435,0.18
30,sco_kcal,215,0.13905073702335358,0.027345623821020126,0.6068605359642705,0.9288775035182899,5.565671920776367,0.46568921208381653,0.08367169655570654,0.08
30,sco_kcal,216,0.13771089911460876,0.055755365639925,0.6235853009427235,0.9224696960279624,11.422829627990723,1.2284071445465088,0.10753965388194149,0.02
30,sco_kcal,217,0.03539630025625229,0.10572288185358047,0.6001768525951359,0.9720028169553139,20.481876373291016,0.021480437368154526,0.0010487533943015915,0.02
30,sco_kcal,218,0.26445549726486206,0.03491629660129547,0.6488224907588473,0.9734111321064562,7.908676624298096,0.3369351923465729,0.042603232924127335,0.16
30,sco_kcal,219,0.06722386926412582,0.05200660228729248,0.5796962994298394,0.931805004661761,9.733976364135742,0.20864546298980713,0.021434761621011218,0.04
30,sco_kcal,220,0.1415252536535263,0.0597321018576622,0.6509302038503888,0.9758443064146802,13.185011863708496,0.18134628236293793,0.01375397187636139,0.12
30,sco_kcal,221,0.16649441421031952,0.15802451968193054,0.6070929136902452,0.9355512142160296,31.216323852539062,1.2924574613571167,0.04140325643283558,0.1
30,sco_kcal,222,0.5667580962181091,0.026107000187039375,0.6347097977564307,0.9081208608002267,5.424556732177734,3.445704460144043,0.6352047974177487,0.4
30,sco_kcal,223,0.2708140015602112,0.02598855085670948,0.6253363371834828,0.929570378998726,5.446252346038818,1.142517328262329,0.20978046107123693,0.08
30,sco_kcal,224,0.715670645236969,0.025308776646852493,0.6565355445626588,0.9276469945229349,5.758181571960449,4.066465854644775,0.7062066042596662,0.6
30,sco_kcal,225,0.2974089980125427,0.09667780995368958,0.648345797495675,0.98010695744233,21.503665924072266,1.4881008863449097,0.0692021951791511,0.34
30,sco_kcal,226,0.20892368257045746,0.037627264857292175,0.6293166959827083,0.9417099950741774,7.972202777862549,0.559511661529541,0.07018281861610567,0.16
30,sco_kcal,227,0.3095383048057556,0.031162893399596214,0.613688899208326,0.9078770363000812,6.4329633712768555,1.695490837097168,0.2635629552419846,0.18
30,sco_kcal,228,0.17823399603366852,0.037677548825740814,0.6504156809218156,0.961549021632887,8.458113670349121,0.21764248609542847,0.025731799616077394,0.12
30,sco_kcal,229,0.47809499502182007,0.015114011242985725,0.6312439613336973,0.9202161124978838,3.2501511573791504,1.5790530443191528,0.48583987878042756,0.26
30,sco_kcal,230,0.5341672897338867,0.017183877527713776,0.6192783217851525,0.8950399482687266,3.5434820652008057,1.779118537902832,0.5020819931261628,0.28
30,sco_kcal,231,0.031755320727825165,0.04255188629031181,0.6193352830730172,0.9579937692645588,8.901177406311035,0.059138745069503784,0.0066439238732140925,0.02
30,sco_kcal,232,0.3292843699455261,0.040050480514764786,0.5785532088125203,0.9214747677580444,7.3842244148254395,2.3906078338623047,0.3237452844827737,0.2
30,sco_kcal,233,0.04205741360783577,0.041483160108327866,0.6035347678133425,0.9610647478982746,8.058136940002441,0.06963122636079788,0.008641107352635383,0.04
30,sco_kcal,234,0.2958543300628662,0.06272415816783905,0.631754543688964,0.9065459881254552,13.502168655395508,2.474907159805298,0.1832970112409548,0.12
30,sco_kcal,235,0.3881725072860718,0.022076552733778954,0.5974103655307272,0.9106214621270308,4.344961643218994,1.442927598953247,0.33209213738518634,0.14
30,sco_kcal,236,0.09218801558017731,0.02980063110589981,0.5946163257127592,0.9615064011865291,5.843911170959473,0.08313698321580887,0.014226257173268971,0.08
30,sco_kcal,237,0.32109710574150085,0.050528861582279205,0.6085295105079933,0.9373825364442805,10.625819206237793,1.2925258874893188,0.12164011662560126,0.2
30,sco_kcal,238,0.7035964131355286,0.033524174243211746,0.6277735946810508,0.9120241464579981,7.098979473114014,6.297043800354004,0.8870350765490754,0.16
30,sco_kcal,239,0.13748230040073395,0.027302436530590057,0.6494974695469404,0.9707313172702741,6.125375270843506,0.22624261677265167,0.03693530710674262,0.1
30,sco_kcal,240,0.6318153142929077,0.05050932988524437,0.6027940853509253,0.9152569582469741,9.645554542541504,7.453255653381348,0.7727140643400988,0.2
30,sco_kcal,241,0.5026299953460693,0.03305114433169365,0.5965875543934047,0.9002219129584876,6.410556793212891,3.134439706802368,0.4889496822055961,0.24
30,sco_kcal,242,0.415248841047287,0.030729912221431732,0.6198500075857518,0.8925574440593596,6.53040075302124,2.3853580951690674,0.3652697874729203,0.08
30,sco_kcal,243,0.2818271219730377,0.03285682573914528,0.6128864271177163,0.9094061141360608,6.645510673522949,1.5508029460906982,0.23336098943748732,0.12
30,sco_kcal,244,0.3249005377292633,0.02346745878458023,0.6449699072014259,0.922627264987337,5.308259010314941,1.0266352891921997,0.19340339030127487,0.12
30,sco_kcal,245,0.2580161988735199,0.03312118723988533,0.6211957304151243,0.9196763316056509,6.93987512588501,1.1207724809646606,0.16149749968616817,0.2
30,sco_kcal,246,0.14768390357494354,0.09124359488487244,0.6497175304903196,0.9770036535332154,20.342702865600586,0.5634647011756897,0.02769861531667485,0.12
30,sco_kcal,247,0.5640260577201843,0.024008911103010178,0.6490090734712202,0.8904921370716248,5.3094706535339355,3.1175029277801514,0.5871588960954459,0.28
30,sco_kcal,248,0.21081693470478058,0.08222948759794235,0.5763771200206078,0.8943833083711257,15.050419807434082,3.3829855918884277,0.2247768258409256,0.1
30,sco_kcal,249,0.7193895578384399,0.01853582076728344,0.6414206859674967,0.8982124074006206,3.825507640838623,3.4434762001037598,0.9001357527935522,0.58
30,water_gsolv_eV,0,1.0,0.0,0.6684008427317578,0.6684008427317578,,,,1.0
30,water_gsolv_eV,1,1.0,0.0,0.6684008427317578,0.6684008427317578,,,,1.0
30,water_gsolv_eV,2,1.0,0.0,0.6684008427317578,0.6684008427317578,,,,1.0
30,water_gsolv_eV,3,1.0,0.0,0.6684008427317578,0.6684008427317578,,,,1.0
30,water_gsolv_eV,4,1.0,0.0,0.6684008427317578,0.6684008427317578,,,,1.0
30,water_gsolv_eV,5,1.0,0.0,0.6684008427317578,0.6684008427317578,,,,1.0
30,water_gsolv_eV,6,1.0,0.0,0.6684008427317578,0.6684008427317578,,,,1.0
30,water_gsolv_eV,7,1.0,0.0,0.6684008427317578,0.6684008427317578,,,,1.0
30,water_gsolv_eV,8,1.0,0.0,0.6684008427317578,0.6684008427317578,,,,1.0
30,water_gsolv_eV,9,1.0,0.0,0.6684008427317578,0.6684008427317578,,,,1.0
30,water_gsolv_eV,10,1.0,0.0,0.6684008427317578,0.6684008427317578,,,,1.0
30,water_gsolv_eV,11,1.0,0.0,0.6684008427317578,0.6684008427317578,,,,1.0
30,water_gsolv_eV,12,1.0,0.0,0.6684008427317578,0.6684008427317578,,,,1.0
30,water_gsolv_eV,13,1.0,0.0,0.6684008427317578,0.6684008427317578,,,,1.0
30,water_gsolv_eV,14,1.0,0.0,0.6684008427317578,0.6684008427317578,,,,1.0
30,water_gsolv_eV,15,1.0,0.0,0.6684008427317578,0.6684008427317578,,,,1.0
30,water_gsolv_eV,16,1.0,0.0,0.6684008427317578,0.6684008427317578,,,,1.0
30,water_gsolv_eV,17,1.0,0.0,0.6684008427317578,0.6684008427317578,,,,1.0
30,water_gsolv_eV,18,1.0,0.0,0.6684008427317578,0.6684008427317578,,,,1.0
30,water_gsolv_eV,19,1.0,0.0,0.6684008427317578,0.6684008427317578,,,,1.0
30,water_gsolv_eV,20,1.0,0.0,0.6684008427317578,0.6684008427317578,,,,1.0
30,water_gsolv_eV,21,1.0,0.0,0.6684008427317578,0.6684008427317578,,,,1.0
30,water_gsolv_eV,22,1.0,0.0,0.6684008427317578,0.6684008427317578,,,,1.0
30,water_gsolv_eV,23,1.0,0.0,0.6684008427317578,0.6684008427317578,,,,1.0
30,water_gsolv_eV,24,1.0,0.0,0.6684008427317578,0.6684008427317578,,,,1.0
30,water_gsolv_eV,25,1.0,0.0,0.6684008427317578,0.6684008427317578,,,,1.0
30,water_gsolv_eV,26,1.0,0.0,0.6684008427317578,0.6684008427317578,,,,1.0
30,water_gsolv_eV,27,1.0,0.0,0.6684008427317578,0.6684008427317578,,,,1.0
30,water_gsolv_eV,28,1.0,0.0,0.6684008427317578,0.6684008427317578,,,,1.0
30,water_gsolv_eV,29,1.0,0.0,0.6684008427317578,0.6684008427317578,,,,1.0
30,water_gsolv_eV,30,1.0,0.0,0.6684008427317578,0.6684008427317578,,,,1.0
30,water_gsolv_eV,31,1.0,0.0,0.6684008427317578,0.6684008427317578,,,,1.0
30,water_gsolv_eV,32,1.0,0.0,0.6684008427317578,0.6684008427317578,,,,1.0
30,water_gsolv_eV,33,1.0,0.0,0.6684008427317578,0.6684008427317578,,,,1.0
30,water_gsolv_eV,34,1.0,0.0,0.6684008427317578,0.6684008427317578,,,,1.0
30,water_gsolv_eV,35,1.0,0.0,0.6684008427317578,0.6684008427317578,,,,1.0
30,water_gsolv_eV,36,1.0,0.0,0.6684008427317578,0.6684008427317578,,,,1.0
30,water_gsolv_eV,37,1.0,0.0,0.6684008427317578,0.6684008427317578,,,,1.0
30,water_gsolv_eV,38,1.0,0.0,0.6684008427317578,0.6684008427317578,,,,1.0
30,water_gsolv_eV,39,1.0,0.0,0.6684008427317578,0.6684008427317578,,,,1.0
30,water_gsolv_eV,40,1.0,0.0,0.6684008427317578,0.6684008427317578,,,,1.0
30,water_gsolv_eV,41,1.0,0.0,0.6684008427317578,0.6684008427317578,,,,1.0
30,water_gsolv_eV,42,1.0,0.0,0.6684008427317578,0.6684008427317578,,,,1.0
30,water_gsolv_eV,43,1.0,0.0,0.6684008427317578,0.6684008427317578,,,,1.0
30,water_gsolv_eV,44,1.0,0.0,0.6684008427317578,0.6684008427317578,,,,1.0
30,water_gsolv_eV,45,1.0,0.0,0.6684008427317578,0.6684008427317578,,,,1.0
30,water_gsolv_eV,46,1.0,0.0,0.6684008427317578,0.6684008427317578,,,,1.0
30,water_gsolv_eV,47,1.0,0.0,0.6684008427317578,0.6684008427317578,,,,1.0
30,water_gsolv_eV,48,1.0,0.0,0.6684008427317578,0.6684008427317578,,,,1.0
30,water_gsolv_eV,49,1.0,0.0,0.6684008427317578,0.6684008427317578,,,,1.0
30,water_gsolv_eV,50,1.0,0.0,0.6684008427317578,0.6684008427317578,,,,1.0
30,water_gsolv_eV,51,1.0,0.0,0.6684008427317578,0.6684008427317578,,,,1.0
30,water_gsolv_eV,52,1.0,0.0,0.6684008427317578,0.6684008427317578,,,,1.0
30,water_gsolv_eV,53,1.0,0.0,0.6684008427317578,0.6684008427317578,,,,1.0
30,water_gsolv_eV,54,1.0,0.0,0.6684008427317578,0.6684008427317578,,,,1.0
30,water_gsolv_eV,55,1.0,0.0,0.6684008427317578,0.6684008427317578,,,,1.0
30,water_gsolv_eV,56,1.0,0.0,0.6684008427317578,0.6684008427317578,,,,1.0
30,water_gsolv_eV,57,1.0,0.0,0.6684008427317578,0.6684008427317578,,,,1.0
30,water_gsolv_eV,58,1.0,0.0,0.6684008427317578,0.6684008427317578,,,,1.0
30,water_gsolv_eV,59,1.0,0.0,0.6684008427317578,0.6684008427317578,,,,1.0
30,water_gsolv_eV,60,1.0,0.0,0.6684008427317578,0.6684008427317578,,,,1.0
30,water_gsolv_eV,61,1.0,0.0,0.6684008427317578,0.6684008427317578,,,,1.0
30,water_gsolv_eV,62,1.0,0.0,0.6684008427317578,0.6684008427317578,,,,1.0
30,water_gsolv_eV,63,1.0,0.0,0.6684008427317578,0.6684008427317578,,,,1.0
30,water_gsolv_eV,64,1.0,0.0,0.6684008427317578,0.6684008427317578,,,,1.0
30,water_gsolv_eV,65,1.0,0.0,0.6684008427317578,0.6684008427317578,,,,1.0
30,water_gsolv_eV,66,1.0,0.0,0.6684008427317578,0.6684008427317578,,,,1.0
30,water_gsolv_eV,67,1.0,0.0,0.6684008427317578,0.6684008427317578,,,,1.0
30,water_gsolv_eV,68,1.0,0.0,0.6684008427317578,0.6684008427317578,,,,1.0
30,water_gsolv_eV,69,1.0,0.0,0.6684008427317578,0.6684008427317578,,,,1.0
30,water_gsolv_eV,70,1.0,0.0,0.6684008427317578,0.6684008427317578,,,,1.0
30,water_gsolv_eV,71,1.0,0.0,0.6684008427317578,0.6684008427317578,,,,1.0
30,water_gsolv_eV,72,1.0,0.0,0.6684008427317578,0.6684008427317578,,,,1.0
30,water_gsolv_eV,73,1.0,0.0,0.6684008427317578,0.6684008427317578,,,,1.0
30,water_gsolv_eV,74,1.0,0.0,0.6684008427317578,0.6684008427317578,,,,1.0
30,water_gsolv_eV,75,1.0,0.0,0.6684008427317578,0.6684008427317578,,,,1.0
30,water_gsolv_eV,76,1.0,0.0,0.6684008427317578,0.6684008427317578,,,,1.0
30,water_gsolv_eV,77,1.0,0.0,0.6684008427317578,0.6684008427317578,,,,1.0
30,water_gsolv_eV,78,1.0,0.0,0.6684008427317578,0.6684008427317578,,,,1.0
30,water_gsolv_eV,79,1.0,0.0,0.6684008427317578,0.6684008427317578,,,,1.0
30,water_gsolv_eV,80,1.0,0.0,0.6684008427317578,0.6684008427317578,,,,1.0
30,water_gsolv_eV,81,1.0,0.0,0.6684008427317578,0.6684008427317578,,,,1.0
30,water_gsolv_eV,82,1.0,0.0,0.6684008427317578,0.6684008427317578,,,,1.0
30,water_gsolv_eV,83,1.0,0.0,0.6684008427317578,0.6684008427317578,,,,1.0
30,water_gsolv_eV,84,1.0,0.0,0.6684008427317578,0.6684008427317578,,,,1.0
30,water_gsolv_eV,85,1.0,0.0,0.6684008427317578,0.6684008427317578,,,,1.0
30,water_gsolv_eV,86,1.0,0.0,0.6684008427317578,0.6684008427317578,,,,1.0
30,water_gsolv_eV,87,1.0,0.0,0.6684008427317578,0.6684008427317578,,,,1.0
30,water_gsolv_eV,88,1.0,0.0,0.6684008427317578,0.6684008427317578,,,,1.0
30,water_gsolv_eV,89,1.0,0.0,0.6684008427317578,0.6684008427317578,,,,1.0
30,water_gsolv_eV,90,1.0,0.0,0.6684008427317578,0.6684008427317578,,,,1.0
30,water_gsolv_eV,91,1.0,0.0,0.6684008427317578,0.6684008427317578,,,,1.0
30,water_gsolv_eV,92,1.0,0.0,0.6684008427317578,0.6684008427317578,,,,1.0
30,water_gsolv_eV,93,1.0,0.0,0.6684008427317578,0.6684008427317578,,,,1.0
30,water_gsolv_eV,94,1.0,0.0,0.6684008427317578,0.6684008427317578,,,,1.0
30,water_gsolv_eV,95,1.0,0.0,0.6684008427317578,0.6684008427317578,,,,1.0
30,water_gsolv_eV,96,1.0,0.0,0.6684008427317578,0.6684008427317578,,,,1.0
30,water_gsolv_eV,97,1.0,0.0,0.6684008427317578,0.6684008427317578,,,,1.0
30,water_gsolv_eV,98,1.0,0.0,0.6684008427317578,0.6684008427317578,,,,1.0
30,water_gsolv_eV,99,1.0,0.0,0.6684008427317578,0.6684008427317578,,,,1.0
30,water_gsolv_eV,100,1.0,0.0,0.6684008427317578,0.6684008427317578,,,,1.0
30,water_gsolv_eV,101,1.0,0.0,0.6684008427317578,0.6684008427317578,,,,1.0
30,water_gsolv_eV,102,1.0,0.0,0.6684008427317578,0.6684008427317578,,,,1.0
30,water_gsolv_eV,103,1.0,0.0,0.6684008427317578,0.6684008427317578,,,,1.0
30,water_gsolv_eV,104,1.0,0.0,0.6684008427317578,0.6684008427317578,,,,1.0
30,water_gsolv_eV,105,1.0,0.0,0.6684008427317578,0.6684008427317578,,,,1.0
30,water_gsolv_eV,106,1.0,0.0,0.6684008427317578,0.6684008427317578,,,,1.0
30,water_gsolv_eV,107,1.0,0.0,0.6684008427317578,0.6684008427317578,,,,1.0
30,water_gsolv_eV,108,1.0,0.0,0.6684008427317578,0.6684008427317578,,,,1.0
30,water_gsolv_eV,109,1.0,0.0,0.6684008427317578,0.6684008427317578,,,,1.0
30,water_gsolv_eV,110,1.0,0.0,0.6684008427317578,0.6684008427317578,,,,1.0
30,water_gsolv_eV,111,1.0,0.0,0.6684008427317578,0.6684008427317578,,,,1.0
30,water_gsolv_eV,112,1.0,0.0,0.6684008427317578,0.6684008427317578,,,,1.0
30,water_gsolv_eV,113,1.0,0.0,0.6684008427317578,0.6684008427317578,,,,1.0
30,water_gsolv_eV,114,1.0,0.0,0.6684008427317578,0.6684008427317578,,,,1.0
30,water_gsolv_eV,115,1.0,0.0,0.6684008427317578,0.6684008427317578,,,,1.0
30,water_gsolv_eV,116,1.0,0.0,0.6684008427317578,0.6684008427317578,,,,1.0
30,water_gsolv_eV,117,1.0,0.0,0.6684008427317578,0.6684008427317578,,,,1.0
30,water_gsolv_eV,118,1.0,0.0,0.6684008427317578,0.6684008427317578,,,,1.0
30,water_gsolv_eV,119,1.0,0.0,0.6684008427317578,0.6684008427317578,,,,1.0
30,water_gsolv_eV,120,1.0,0.0,0.6684008427317578,0.6684008427317578,,,,1.0
30,water_gsolv_eV,121,1.0,0.0,0.6684008427317578,0.6684008427317578,,,,1.0
30,water_gsolv_eV,122,1.0,0.0,0.6684008427317578,0.6684008427317578,,,,1.0
30,water_gsolv_eV,123,1.0,0.0,0.6684008427317578,0.6684008427317578,,,,1.0
30,water_gsolv_eV,124,1.0,0.0,0.6684008427317578,0.6684008427317578,,,,1.0
30,water_gsolv_eV,125,1.0,0.0,0.6684008427317578,0.6684008427317578,,,,1.0
30,water_gsolv_eV,126,1.0,0.0,0.6684008427317578,0.6684008427317578,,,,1.0
30,water_gsolv_eV,127,1.0,0.0,0.6684008427317578,0.6684008427317578,,,,1.0
30,water_gsolv_eV,128,1.0,0.0,0.6684008427317578,0.6684008427317578,,,,1.0
30,water_gsolv_eV,129,1.0,0.0,0.6684008427317578,0.6684008427317578,,,,1.0
30,water_gsolv_eV,130,1.0,0.0,0.6684008427317578,0.6684008427317578,,,,1.0
30,water_gsolv_eV,131,1.0,0.0,0.6684008427317578,0.6684008427317578,,,,1.0
30,water_gsolv_eV,132,1.0,0.0,0.6684008427317578,0.6684008427317578,,,,1.0
30,water_gsolv_eV,133,1.0,0.0,0.6684008427317578,0.6684008427317578,,,,1.0
30,water_gsolv_eV,134,1.0,0.0,0.6684008427317578,0.6684008427317578,,,,1.0
30,water_gsolv_eV,135,1.0,0.0,0.6684008427317578,0.6684008427317578,,,,1.0
30,water_gsolv_eV,136,1.0,0.0,0.6684008427317578,0.6684008427317578,,,,1.0
30,water_gsolv_eV,137,1.0,0.0,0.6684008427317578,0.6684008427317578,,,,1.0
30,water_gsolv_eV,138,1.0,0.0,0.6684008427317578,0.6684008427317578,,,,1.0
30,water_gsolv_eV,139,1.0,0.0,0.6684008427317578,0.6684008427317578,,,,1.0
30,water_gsolv_eV,140,1.0,0.0,0.6684008427317578,0.6684008427317578,,,,1.0
30,water_gsolv_eV,141,1.0,0.0,0.6684008427317578,0.6684008427317578,,,,1.0
30,water_gsolv_eV,142,1.0,0.0,0.6684008427317578,0.6684008427317578,,,,1.0
30,water_gsolv_eV,143,1.0,0.0,0.6684008427317578,0.6684008427317578,,,,1.0
30,water_gsolv_eV,144,1.0,0.0,0.6684008427317578,0.6684008427317578,,,,1.0
30,water_gsolv_eV,145,1.0,0.0,0.6684008427317578,0.6684008427317578,,,,1.0
30,water_gsolv_eV,146,1.0,0.0,0.6684008427317578,0.6684008427317578,,,,1.0
30,water_gsolv_eV,147,1.0,0.0,0.6684008427317578,0.6684008427317578,,,,1.0
30,water_gsolv_eV,148,1.0,0.0,0.6684008427317578,0.6684008427317578,,,,1.0
30,water_gsolv_eV,149,1.0,0.0,0.6684008427317578,0.6684008427317578,,,,1.0
30,water_gsolv_eV,150,1.0,0.0,0.6684008427317578,0.6684008427317578,,,,1.0
30,water_gsolv_eV,151,1.0,0.0,0.6684008427317578,0.6684008427317578,,,,1.0
30,water_gsolv_eV,152,1.0,0.0,0.6684008427317578,0.6684008427317578,,,,1.0
30,water_gsolv_eV,153,1.0,0.0,0.6684008427317578,0.6684008427317578,,,,1.0
30,water_gsolv_eV,154,1.0,0.0,0.6684008427317578,0.6684008427317578,,,,1.0
30,water_gsolv_eV,155,1.0,0.0,0.6684008427317578,0.6684008427317578,,,,1.0
30,water_gsolv_eV,156,1.0,0.0,0.6684008427317578,0.6684008427317578,,,,1.0
30,water_gsolv_eV,157,1.0,0.0,0.6684008427317578,0.6684008427317578,,,,1.0
30,water_gsolv_eV,158,1.0,0.0,0.6684008427317578,0.6684008427317578,,,,1.0
30,water_gsolv_eV,159,1.0,0.0,0.6684008427317578,0.6684008427317578,,,,1.0
30,water_gsolv_eV,160,1.0,0.0,0.6684008427317578,0.6684008427317578,,,,1.0
30,water_gsolv_eV,161,1.0,0.0,0.6684008427317578,0.6684008427317578,,,,1.0
30,water_gsolv_eV,162,1.0,0.0,0.6684008427317578,0.6684008427317578,,,,1.0
30,water_gsolv_eV,163,1.0,0.0,0.6684008427317578,0.6684008427317578,,,,1.0
30,water_gsolv_eV,164,1.0,0.0,0.6684008427317578,0.6684008427317578,,,,1.0
30,water_gsolv_eV,165,1.0,0.0,0.6684008427317578,0.6684008427317578,,,,1.0
30,water_gsolv_eV,166,1.0,0.0,0.6684008427317578,0.6684008427317578,,,,1.0
30,water_gsolv_eV,167,1.0,0.0,0.6684008427317578,0.6684008427317578,,,,1.0
30,water_gsolv_eV,168,1.0,0.0,0.6684008427317578,0.6684008427317578,,,,1.0
30,water_gsolv_eV,169,1.0,0.0,0.6684008427317578,0.6684008427317578,,,,1.0
30,water_gsolv_eV,170,1.0,0.0,0.6684008427317578,0.6684008427317578,,,,1.0
30,water_gsolv_eV,171,1.0,0.0,0.6684008427317578,0.6684008427317578,,,,1.0
30,water_gsolv_eV,172,1.0,0.0,0.6684008427317578,0.6684008427317578,,,,1.0
30,water_gsolv_eV,173,1.0,0.0,0.6684008427317578,0.6684008427317578,,,,1.0
30,water_gsolv_eV,174,1.0,0.0,0.6684008427317578,0.6684008427317578,,,,1.0
30,water_gsolv_eV,175,1.0,0.0,0.6684008427317578,0.6684008427317578,,,,1.0
30,water_gsolv_eV,176,1.0,0.0,0.6684008427317578,0.6684008427317578,,,,1.0
30,water_gsolv_eV,177,1.0,0.0,0.6684008427317578,0.6684008427317578,,,,1.0
30,water_gsolv_eV,178,1.0,0.0,0.6684008427317578,0.6684008427317578,,,,1.0
30,water_gsolv_eV,179,1.0,0.0,0.6684008427317578,0.6684008427317578,,,,1.0
30,water_gsolv_eV,180,1.0,0.0,0.6684008427317578,0.6684008427317578,,,,1.0
30,water_gsolv_eV,181,1.0,0.0,0.6684008427317578,0.6684008427317578,,,,1.0
30,water_gsolv_eV,182,1.0,0.0,0.6684008427317578,0.6684008427317578,,,,1.0
30,water_gsolv_eV,183,1.0,0.0,0.6684008427317578,0.6684008427317578,,,,1.0
30,water_gsolv_eV,184,1.0,0.0,0.6684008427317578,0.6684008427317578,,,,1.0
30,water_gsolv_eV,185,1.0,0.0,0.6684008427317578,0.6684008427317578,,,,1.0
30,water_gsolv_eV,186,1.0,0.0,0.6684008427317578,0.6684008427317578,,,,1.0
30,water_gsolv_eV,187,1.0,0.0,0.6684008427317578,0.6684008427317578,,,,1.0
30,water_gsolv_eV,188,1.0,0.0,0.6684008427317578,0.6684008427317578,,,,1.0
30,water_gsolv_eV,189,1.0,0.0,0.6684008427317578,0.6684008427317578,,,,1.0
30,water_gsolv_eV,190,1.0,0.0,0.6684008427317578,0.6684008427317578,,,,1.0
30,water_gsolv_eV,191,1.0,0.0,0.6684008427317578,0.6684008427317578,,,,1.0
30,water_gsolv_eV,192,1.0,0.0,0.6684008427317578,0.6684008427317578,,,,1.0
30,water_gsolv_eV,193,1.0,0.0,0.6684008427317578,0.6684008427317578,,,,1.0
30,water_gsolv_eV,194,1.0,0.0,0.6684008427317578,0.6684008427317578,,,,1.0
30,water_gsolv_eV,195,1.0,0.0,0.6684008427317578,0.6684008427317578,,,,1.0
30,water_gsolv_eV,196,1.0,0.0,0.6684008427317578,0.6684008427317578,,,,1.0
30,water_gsolv_eV,197,1.0,0.0,0.6684008427317578,0.6684008427317578,,,,1.0
30,water_gsolv_eV,198,1.0,0.0,0.6684008427317578,0.6684008427317578,,,,1.0
30,water_gsolv_eV,199,1.0,0.0,0.6684008427317578,0.6684008427317578,,,,1.0
30,water_gsolv_eV,200,1.0,0.0,0.6684008427317578,0.6684008427317578,,,,1.0
30,water_gsolv_eV,201,1.0,0.0,0.6684008427317578,0.6684008427317578,,,,1.0
30,water_gsolv_eV,202,1.0,0.0,0.6684008427317578,0.6684008427317578,,,,1.0
30,water_gsolv_eV,203,1.0,0.0,0.6684008427317578,0.6684008427317578,,,,1.0
30,water_gsolv_eV,204,1.0,0.0,0.6684008427317578,0.6684008427317578,,,,1.0
30,water_gsolv_eV,205,1.0,0.0,0.6684008427317578,0.6684008427317578,,,,1.0
30,water_gsolv_eV,206,1.0,0.0,0.6684008427317578,0.6684008427317578,,,,1.0
30,water_gsolv_eV,207,1.0,0.0,0.6684008427317578,0.6684008427317578,,,,1.0
30,water_gsolv_eV,208,1.0,0.0,0.6684008427317578,0.6684008427317578,,,,1.0
30,water_gsolv_eV,209,1.0,0.0,0.6684008427317578,0.6684008427317578,,,,1.0
30,water_gsolv_eV,210,1.0,0.0,0.6684008427317578,0.6684008427317578,,,,1.0
30,water_gsolv_eV,211,1.0,0.0,0.6684008427317578,0.6684008427317578,,,,1.0
30,water_gsolv_eV,212,1.0,0.0,0.6684008427317578,0.6684008427317578,,,,1.0
30,water_gsolv_eV,213,1.0,0.0,0.6684008427317578,0.6684008427317578,,,,1.0
30,water_gsolv_eV,214,1.0,0.0,0.6684008427317578,0.6684008427317578,,,,1.0
30,water_gsolv_eV,215,1.0,0.0,0.6684008427317578,0.6684008427317578,,,,1.0
30,water_gsolv_eV,216,1.0,0.0,0.6684008427317578,0.6684008427317578,,,,1.0
30,water_gsolv_eV,217,1.0,0.0,0.6684008427317578,0.6684008427317578,,,,1.0
30,water_gsolv_eV,218,1.0,0.0,0.6684008427317578,0.6684008427317578,,,,1.0
30,water_gsolv_eV,219,1.0,0.0,0.6684008427317578,0.6684008427317578,,,,1.0
30,water_gsolv_eV,220,1.0,0.0,0.6684008427317578,0.6684008427317578,,,,1.0
30,water_gsolv_eV,221,1.0,0.0,0.6684008427317578,0.6684008427317578,,,,1.0
30,water_gsolv_eV,222,1.0,0.0,0.6684008427317578,0.6684008427317578,,,,1.0
30,water_gsolv_eV,223,1.0,0.0,0.6684008427317578,0.6684008427317578,,,,1.0
30,water_gsolv_eV,224,1.0,0.0,0.6684008427317578,0.6684008427317578,,,,1.0
30,water_gsolv_eV,225,1.0,0.0,0.6684008427317578,0.6684008427317578,,,,1.0
30,water_gsolv_eV,226,1.0,0.0,0.6684008427317578,0.6684008427317578,,,,1.0
30,water_gsolv_eV,227,1.0,0.0,0.6684008427317578,0.6684008427317578,,,,1.0
30,water_gsolv_eV,228,1.0,0.0,0.6684008427317578,0.6684008427317578,,,,1.0
30,water_gsolv_eV,229,1.0,0.0,0.6684008427317578,0.6684008427317578,,,,1.0
30,water_gsolv_eV,230,1.0,0.0,0.6684008427317578,0.6684008427317578,,,,1.0
30,water_gsolv_eV,231,1.0,0.0,0.6684008427317578,0.6684008427317578,,,,1.0
30,water_gsolv_eV,232,1.0,0.0,0.6684008427317578,0.6684008427317578,,,,1.0
30,water_gsolv_eV,233,1.0,0.0,0.6684008427317578,0.6684008427317578,,,,1.0
30,water_gsolv_eV,234,1.0,0.0,0.6684008427317578,0.6684008427317578,,,,1.0
30,water_gsolv_eV,235,1.0,0.0,0.6684008427317578,0.6684008427317578,,,,1.0
30,water_gsolv_eV,236,1.0,0.0,0.6684008427317578,0.6684008427317578,,,,1.0
30,water_gsolv_eV,237,1.0,0.0,0.6684008427317578,0.6684008427317578,,,,1.0
30,water_gsolv_eV,238,1.0,0.0,0.6684008427317578,0.6684008427317578,,,,1.0
30,water_gsolv_eV,239,1.0,0.0,0.6684008427317578,0.6684008427317578,,,,1.0
30,water_gsolv_eV,240,1.0,0.0,0.6684008427317578,0.6684008427317578,,,,1.0
30,water_gsolv_eV,241,1.0,0.0,0.6684008427317578,0.6684008427317578,,,,1.0
30,water_gsolv_eV,242,1.0,0.0,0.6684008427317578,0.6684008427317578,,,,1.0
30,water_gsolv_eV,243,1.0,0.0,0.6684008427317578,0.6684008427317578,,,,1.0
30,water_gsolv_eV,244,1.0,0.0,0.6684008427317578,0.6684008427317578,,,,1.0
30,water_gsolv_eV,245,1.0,0.0,0.6684008427317578,0.6684008427317578,,,,1.0
30,water_gsolv_eV,246,1.0,0.0,0.6684008427317578,0.6684008427317578,,,,1.0
30,water_gsolv_eV,247,1.0,0.0,0.6684008427317578,0.6684008427317578,,,,1.0
30,water_gsolv_eV,248,1.0,0.0,0.6684008427317578,0.6684008427317578,,,,1.0
30,water_gsolv_eV,249,1.0,0.0,0.6684008427317578,0.6684008427317578,,,,1.0
30,water_hl_gap_eV,0,1.0,0.0,0.7101180026108336,0.7101180026108336,,,,1.0
30,water_hl_gap_eV,1,1.0,0.0,0.7101180026108336,0.7101180026108336,,,,1.0
30,water_hl_gap_eV,2,1.0,0.0,0.7101180026108336,0.7101180026108336,,,,1.0
30,water_hl_gap_eV,3,1.0,0.0,0.7101180026108336,0.7101180026108336,,,,1.0
30,water_hl_gap_eV,4,1.0,0.0,0.7101180026108336,0.7101180026108336,,,,1.0
30,water_hl_gap_eV,5,1.0,0.0,0.7101180026108336,0.7101180026108336,,,,1.0
30,water_hl_gap_eV,6,1.0,0.0,0.7101180026108336,0.7101180026108336,,,,1.0
30,water_hl_gap_eV,7,1.0,0.0,0.7101180026108336,0.7101180026108336,,,,1.0
30,water_hl_gap_eV,8,1.0,0.0,0.7101180026108336,0.7101180026108336,,,,1.0
30,water_hl_gap_eV,9,1.0,0.0,0.7101180026108336,0.7101180026108336,,,,1.0
30,water_hl_gap_eV,10,1.0,0.0,0.7101180026108336,0.7101180026108336,,,,1.0
30,water_hl_gap_eV,11,1.0,0.0,0.7101180026108336,0.7101180026108336,,,,1.0
30,water_hl_gap_eV,12,1.0,0.0,0.7101180026108336,0.7101180026108336,,,,1.0
30,water_hl_gap_eV,13,1.0,0.0,0.7101180026108336,0.7101180026108336,,,,1.0
30,water_hl_gap_eV,14,1.0,0.0,0.7101180026108336,0.7101180026108336,,,,1.0
30,water_hl_gap_eV,15,1.0,0.0,0.7101180026108336,0.7101180026108336,,,,1.0
30,water_hl_gap_eV,16,1.0,0.0,0.7101180026108336,0.7101180026108336,,,,1.0
30,water_hl_gap_eV,17,1.0,0.0,0.7101180026108336,0.7101180026108336,,,,1.0
30,water_hl_gap_eV,18,1.0,0.0,0.7101180026108336,0.7101180026108336,,,,1.0
30,water_hl_gap_eV,19,1.0,0.0,0.7101180026108336,0.7101180026108336,,,,1.0
30,water_hl_gap_eV,20,1.0,0.0,0.7101180026108336,0.7101180026108336,,,,1.0
30,water_hl_gap_eV,21,1.0,0.0,0.7101180026108336,0.7101180026108336,,,,1.0
30,water_hl_gap_eV,22,1.0,0.0,0.7101180026108336,0.7101180026108336,,,,1.0
30,water_hl_gap_eV,23,1.0,0.0,0.7101180026108336,0.7101180026108336,,,,1.0
30,water_hl_gap_eV,24,1.0,0.0,0.7101180026108336,0.7101180026108336,,,,1.0
30,water_hl_gap_eV,25,1.0,0.0,0.7101180026108336,0.7101180026108336,,,,1.0
30,water_hl_gap_eV,26,1.0,0.0,0.7101180026108336,0.7101180026108336,,,,1.0
30,water_hl_gap_eV,27,1.0,0.0,0.7101180026108336,0.7101180026108336,,,,1.0
30,water_hl_gap_eV,28,1.0,0.0,0.7101180026108336,0.7101180026108336,,,,1.0
30,water_hl_gap_eV,29,1.0,0.0,0.7101180026108336,0.7101180026108336,,,,1.0
30,water_hl_gap_eV,30,1.0,0.0,0.7101180026108336,0.7101180026108336,,,,1.0
30,water_hl_gap_eV,31,1.0,0.0,0.7101180026108336,0.7101180026108336,,,,1.0
30,water_hl_gap_eV,32,1.0,0.0,0.7101180026108336,0.7101180026108336,,,,1.0
30,water_hl_gap_eV,33,1.0,0.0,0.7101180026108336,0.7101180026108336,,,,1.0
30,water_hl_gap_eV,34,1.0,0.0,0.7101180026108336,0.7101180026108336,,,,1.0
30,water_hl_gap_eV,35,1.0,0.0,0.7101180026108336,0.7101180026108336,,,,1.0
30,water_hl_gap_eV,36,1.0,0.0,0.7101180026108336,0.7101180026108336,,,,1.0
30,water_hl_gap_eV,37,1.0,0.0,0.7101180026108336,0.7101180026108336,,,,1.0
30,water_hl_gap_eV,38,1.0,0.0,0.7101180026108336,0.7101180026108336,,,,1.0
30,water_hl_gap_eV,39,1.0,0.0,0.7101180026108336,0.7101180026108336,,,,1.0
30,water_hl_gap_eV,40,1.0,0.0,0.7101180026108336,0.7101180026108336,,,,1.0
30,water_hl_gap_eV,41,1.0,0.0,0.7101180026108336,0.7101180026108336,,,,1.0
30,water_hl_gap_eV,42,1.0,0.0,0.7101180026108336,0.7101180026108336,,,,1.0
30,water_hl_gap_eV,43,1.0,0.0,0.7101180026108336,0.7101180026108336,,,,1.0
30,water_hl_gap_eV,44,1.0,0.0,0.7101180026108336,0.7101180026108336,,,,1.0
30,water_hl_gap_eV,45,1.0,0.0,0.7101180026108336,0.7101180026108336,,,,1.0
30,water_hl_gap_eV,46,1.0,0.0,0.7101180026108336,0.7101180026108336,,,,1.0
30,water_hl_gap_eV,47,1.0,0.0,0.7101180026108336,0.7101180026108336,,,,1.0
30,water_hl_gap_eV,48,1.0,0.0,0.7101180026108336,0.7101180026108336,,,,1.0
30,water_hl_gap_eV,49,1.0,0.0,0.7101180026108336,0.7101180026108336,,,,1.0
30,water_hl_gap_eV,50,1.0,0.0,0.7101180026108336,0.7101180026108336,,,,1.0
30,water_hl_gap_eV,51,1.0,0.0,0.7101180026108336,0.7101180026108336,,,,1.0
30,water_hl_gap_eV,52,1.0,0.0,0.7101180026108336,0.7101180026108336,,,,1.0
30,water_hl_gap_eV,53,1.0,0.0,0.7101180026108336,0.7101180026108336,,,,1.0
30,water_hl_gap_eV,54,1.0,0.0,0.7101180026108336,0.7101180026108336,,,,1.0
30,water_hl_gap_eV,55,1.0,0.0,0.7101180026108336,0.7101180026108336,,,,1.0
30,water_hl_gap_eV,56,1.0,0.0,0.7101180026108336,0.7101180026108336,,,,1.0
30,water_hl_gap_eV,57,1.0,0.0,0.7101180026108336,0.7101180026108336,,,,1.0
30,water_hl_gap_eV,58,1.0,0.0,0.7101180026108336,0.7101180026108336,,,,1.0
30,water_hl_gap_eV,59,1.0,0.0,0.7101180026108336,0.7101180026108336,,,,1.0
30,water_hl_gap_eV,60,1.0,0.0,0.7101180026108336,0.7101180026108336,,,,1.0
30,water_hl_gap_eV,61,1.0,0.0,0.7101180026108336,0.7101180026108336,,,,1.0
30,water_hl_gap_eV,62,1.0,0.0,0.7101180026108336,0.7101180026108336,,,,1.0
30,water_hl_gap_eV,63,1.0,0.0,0.7101180026108336,0.7101180026108336,,,,1.0
30,water_hl_gap_eV,64,1.0,0.0,0.7101180026108336,0.7101180026108336,,,,1.0
30,water_hl_gap_eV,65,1.0,0.0,0.7101180026108336,0.7101180026108336,,,,1.0
30,water_hl_gap_eV,66,1.0,0.0,0.7101180026108336,0.7101180026108336,,,,1.0
30,water_hl_gap_eV,67,1.0,0.0,0.7101180026108336,0.7101180026108336,,,,1.0
30,water_hl_gap_eV,68,1.0,0.0,0.7101180026108336,0.7101180026108336,,,,1.0
30,water_hl_gap_eV,69,1.0,0.0,0.7101180026108336,0.7101180026108336,,,,1.0
30,water_hl_gap_eV,70,1.0,0.0,0.7101180026108336,0.7101180026108336,,,,1.0
30,water_hl_gap_eV,71,1.0,0.0,0.7101180026108336,0.7101180026108336,,,,1.0
30,water_hl_gap_eV,72,1.0,0.0,0.7101180026108336,0.7101180026108336,,,,1.0
30,water_hl_gap_eV,73,1.0,0.0,0.7101180026108336,0.7101180026108336,,,,1.0
30,water_hl_gap_eV,74,1.0,0.0,0.7101180026108336,0.7101180026108336,,,,1.0
30,water_hl_gap_eV,75,1.0,0.0,0.7101180026108336,0.7101180026108336,,,,1.0
30,water_hl_gap_eV,76,1.0,0.0,0.7101180026108336,0.7101180026108336,,,,1.0
30,water_hl_gap_eV,77,1.0,0.0,0.7101180026108336,0.7101180026108336,,,,1.0
30,water_hl_gap_eV,78,1.0,0.0,0.7101180026108336,0.7101180026108336,,,,1.0
30,water_hl_gap_eV,79,1.0,0.0,0.7101180026108336,0.7101180026108336,,,,1.0
30,water_hl_gap_eV,80,1.0,0.0,0.7101180026108336,0.7101180026108336,,,,1.0
30,water_hl_gap_eV,81,1.0,0.0,0.7101180026108336,0.7101180026108336,,,,1.0
30,water_hl_gap_eV,82,1.0,0.0,0.7101180026108336,0.7101180026108336,,,,1.0
30,water_hl_gap_eV,83,1.0,0.0,0.7101180026108336,0.7101180026108336,,,,1.0
30,water_hl_gap_eV,84,1.0,0.0,0.7101180026108336,0.7101180026108336,,,,1.0
30,water_hl_gap_eV,85,1.0,0.0,0.7101180026108336,0.7101180026108336,,,,1.0
30,water_hl_gap_eV,86,1.0,0.0,0.7101180026108336,0.7101180026108336,,,,1.0
30,water_hl_gap_eV,87,1.0,0.0,0.7101180026108336,0.7101180026108336,,,,1.0
30,water_hl_gap_eV,88,1.0,0.0,0.7101180026108336,0.7101180026108336,,,,1.0
30,water_hl_gap_eV,89,1.0,0.0,0.7101180026108336,0.7101180026108336,,,,1.0
30,water_hl_gap_eV,90,1.0,0.0,0.7101180026108336,0.7101180026108336,,,,1.0
30,water_hl_gap_eV,91,1.0,0.0,0.7101180026108336,0.7101180026108336,,,,1.0
30,water_hl_gap_eV,92,1.0,0.0,0.7101180026108336,0.7101180026108336,,,,1.0
30,water_hl_gap_eV,93,1.0,0.0,0.7101180026108336,0.7101180026108336,,,,1.0
30,water_hl_gap_eV,94,1.0,0.0,0.7101180026108336,0.7101180026108336,,,,1.0
30,water_hl_gap_eV,95,1.0,0.0,0.7101180026108336,0.7101180026108336,,,,1.0
30,water_hl_gap_eV,96,1.0,0.0,0.7101180026108336,0.7101180026108336,,,,1.0
30,water_hl_gap_eV,97,1.0,0.0,0.7101180026108336,0.7101180026108336,,,,1.0
30,water_hl_gap_eV,98,1.0,0.0,0.7101180026108336,0.7101180026108336,,,,1.0
30,water_hl_gap_eV,99,1.0,0.0,0.7101180026108336,0.7101180026108336,,,,1.0
30,water_hl_gap_eV,100,1.0,0.0,0.7101180026108336,0.7101180026108336,,,,1.0
30,water_hl_gap_eV,101,1.0,0.0,0.7101180026108336,0.7101180026108336,,,,1.0
30,water_hl_gap_eV,102,1.0,0.0,0.7101180026108336,0.7101180026108336,,,,1.0
30,water_hl_gap_eV,103,1.0,0.0,0.7101180026108336,0.7101180026108336,,,,1.0
30,water_hl_gap_eV,104,1.0,0.0,0.7101180026108336,0.7101180026108336,,,,1.0
30,water_hl_gap_eV,105,1.0,0.0,0.7101180026108336,0.7101180026108336,,,,1.0
30,water_hl_gap_eV,106,1.0,0.0,0.7101180026108336,0.7101180026108336,,,,1.0
30,water_hl_gap_eV,107,1.0,0.0,0.7101180026108336,0.7101180026108336,,,,1.0
30,water_hl_gap_eV,108,1.0,0.0,0.7101180026108336,0.7101180026108336,,,,1.0
30,water_hl_gap_eV,109,1.0,0.0,0.7101180026108336,0.7101180026108336,,,,1.0
30,water_hl_gap_eV,110,1.0,0.0,0.7101180026108336,0.7101180026108336,,,,1.0
30,water_hl_gap_eV,111,1.0,0.0,0.7101180026108336,0.7101180026108336,,,,1.0
30,water_hl_gap_eV,112,1.0,0.0,0.7101180026108336,0.7101180026108336,,,,1.0
30,water_hl_gap_eV,113,1.0,0.0,0.7101180026108336,0.7101180026108336,,,,1.0
30,water_hl_gap_eV,114,1.0,0.0,0.7101180026108336,0.7101180026108336,,,,1.0
30,water_hl_gap_eV,115,1.0,0.0,0.7101180026108336,0.7101180026108336,,,,1.0
30,water_hl_gap_eV,116,1.0,0.0,0.7101180026108336,0.7101180026108336,,,,1.0
30,water_hl_gap_eV,117,1.0,0.0,0.7101180026108336,0.7101180026108336,,,,1.0
30,water_hl_gap_eV,118,1.0,0.0,0.7101180026108336,0.7101180026108336,,,,1.0
30,water_hl_gap_eV,119,1.0,0.0,0.7101180026108336,0.7101180026108336,,,,1.0
30,water_hl_gap_eV,120,1.0,0.0,0.7101180026108336,0.7101180026108336,,,,1.0
30,water_hl_gap_eV,121,1.0,0.0,0.7101180026108336,0.7101180026108336,,,,1.0
30,water_hl_gap_eV,122,1.0,0.0,0.7101180026108336,0.7101180026108336,,,,1.0
30,water_hl_gap_eV,123,1.0,0.0,0.7101180026108336,0.7101180026108336,,,,1.0
30,water_hl_gap_eV,124,1.0,0.0,0.7101180026108336,0.7101180026108336,,,,1.0
30,water_hl_gap_eV,125,1.0,0.0,0.7101180026108336,0.7101180026108336,,,,1.0
30,water_hl_gap_eV,126,1.0,0.0,0.7101180026108336,0.7101180026108336,,,,1.0
30,water_hl_gap_eV,127,1.0,0.0,0.7101180026108336,0.7101180026108336,,,,1.0
30,water_hl_gap_eV,128,1.0,0.0,0.7101180026108336,0.7101180026108336,,,,1.0
30,water_hl_gap_eV,129,1.0,0.0,0.7101180026108336,0.7101180026108336,,,,1.0
30,water_hl_gap_eV,130,1.0,0.0,0.7101180026108336,0.7101180026108336,,,,1.0
30,water_hl_gap_eV,131,1.0,0.0,0.7101180026108336,0.7101180026108336,,,,1.0
30,water_hl_gap_eV,132,1.0,0.0,0.7101180026108336,0.7101180026108336,,,,1.0
30,water_hl_gap_eV,133,1.0,0.0,0.7101180026108336,0.7101180026108336,,,,1.0
30,water_hl_gap_eV,134,1.0,0.0,0.7101180026108336,0.7101180026108336,,,,1.0
30,water_hl_gap_eV,135,1.0,0.0,0.7101180026108336,0.7101180026108336,,,,1.0
30,water_hl_gap_eV,136,1.0,0.0,0.7101180026108336,0.7101180026108336,,,,1.0
30,water_hl_gap_eV,137,1.0,0.0,0.7101180026108336,0.7101180026108336,,,,1.0
30,water_hl_gap_eV,138,1.0,0.0,0.7101180026108336,0.7101180026108336,,,,1.0
30,water_hl_gap_eV,139,1.0,0.0,0.7101180026108336,0.7101180026108336,,,,1.0
30,water_hl_gap_eV,140,1.0,0.0,0.7101180026108336,0.7101180026108336,,,,1.0
30,water_hl_gap_eV,141,1.0,0.0,0.7101180026108336,0.7101180026108336,,,,1.0
30,water_hl_gap_eV,142,1.0,0.0,0.7101180026108336,0.7101180026108336,,,,1.0
30,water_hl_gap_eV,143,1.0,0.0,0.7101180026108336,0.7101180026108336,,,,1.0
30,water_hl_gap_eV,144,1.0,0.0,0.7101180026108336,0.7101180026108336,,,,1.0
30,water_hl_gap_eV,145,1.0,0.0,0.7101180026108336,0.7101180026108336,,,,1.0
30,water_hl_gap_eV,146,1.0,0.0,0.7101180026108336,0.7101180026108336,,,,1.0
30,water_hl_gap_eV,147,1.0,0.0,0.7101180026108336,0.7101180026108336,,,,1.0
30,water_hl_gap_eV,148,1.0,0.0,0.7101180026108336,0.7101180026108336,,,,1.0
30,water_hl_gap_eV,149,1.0,0.0,0.7101180026108336,0.7101180026108336,,,,1.0
30,water_hl_gap_eV,150,1.0,0.0,0.7101180026108336,0.7101180026108336,,,,1.0
30,water_hl_gap_eV,151,1.0,0.0,0.7101180026108336,0.7101180026108336,,,,1.0
30,water_hl_gap_eV,152,1.0,0.0,0.7101180026108336,0.7101180026108336,,,,1.0
30,water_hl_gap_eV,153,1.0,0.0,0.7101180026108336,0.7101180026108336,,,,1.0
30,water_hl_gap_eV,154,1.0,0.0,0.7101180026108336,0.7101180026108336,,,,1.0
30,water_hl_gap_eV,155,1.0,0.0,0.7101180026108336,0.7101180026108336,,,,1.0
30,water_hl_gap_eV,156,1.0,0.0,0.7101180026108336,0.7101180026108336,,,,1.0
30,water_hl_gap_eV,157,1.0,0.0,0.7101180026108336,0.7101180026108336,,,,1.0
30,water_hl_gap_eV,158,1.0,0.0,0.7101180026108336,0.7101180026108336,,,,1.0
30,water_hl_gap_eV,159,1.0,0.0,0.7101180026108336,0.7101180026108336,,,,1.0
30,water_hl_gap_eV,160,1.0,0.0,0.7101180026108336,0.7101180026108336,,,,1.0
30,water_hl_gap_eV,161,1.0,0.0,0.7101180026108336,0.7101180026108336,,,,1.0
30,water_hl_gap_eV,162,1.0,0.0,0.7101180026108336,0.7101180026108336,,,,1.0
30,water_hl_gap_eV,163,1.0,0.0,0.7101180026108336,0.7101180026108336,,,,1.0
30,water_hl_gap_eV,164,1.0,0.0,0.7101180026108336,0.7101180026108336,,,,1.0
30,water_hl_gap_eV,165,1.0,0.0,0.7101180026108336,0.7101180026108336,,,,1.0
30,water_hl_gap_eV,166,1.0,0.0,0.7101180026108336,0.7101180026108336,,,,1.0
30,water_hl_gap_eV,167,1.0,0.0,0.7101180026108336,0.7101180026108336,,,,1.0
30,water_hl_gap_eV,168,1.0,0.0,0.7101180026108336,0.7101180026108336,,,,1.0
30,water_hl_gap_eV,169,1.0,0.0,0.7101180026108336,0.7101180026108336,,,,1.0
30,water_hl_gap_eV,170,1.0,0.0,0.7101180026108336,0.7101180026108336,,,,1.0
30,water_hl_gap_eV,171,1.0,0.0,0.7101180026108336,0.7101180026108336,,,,1.0
30,water_hl_gap_eV,172,1.0,0.0,0.7101180026108336,0.7101180026108336,,,,1.0
30,water_hl_gap_eV,173,1.0,0.0,0.7101180026108336,0.7101180026108336,,,,1.0
30,water_hl_gap_eV,174,1.0,0.0,0.7101180026108336,0.7101180026108336,,,,1.0
30,water_hl_gap_eV,175,1.0,0.0,0.7101180026108336,0.7101180026108336,,,,1.0
30,water_hl_gap_eV,176,1.0,0.0,0.7101180026108336,0.7101180026108336,,,,1.0
30,water_hl_gap_eV,177,1.0,0.0,0.7101180026108336,0.7101180026108336,,,,1.0
30,water_hl_gap_eV,178,1.0,0.0,0.7101180026108336,0.7101180026108336,,,,1.0
30,water_hl_gap_eV,179,1.0,0.0,0.7101180026108336,0.7101180026108336,,,,1.0
30,water_hl_gap_eV,180,1.0,0.0,0.7101180026108336,0.7101180026108336,,,,1.0
30,water_hl_gap_eV,181,1.0,0.0,0.7101180026108336,0.7101180026108336,,,,1.0
30,water_hl_gap_eV,182,1.0,0.0,0.7101180026108336,0.7101180026108336,,,,1.0
30,water_hl_gap_eV,183,1.0,0.0,0.7101180026108336,0.7101180026108336,,,,1.0
30,water_hl_gap_eV,184,1.0,0.0,0.7101180026108336,0.7101180026108336,,,,1.0
30,water_hl_gap_eV,185,1.0,0.0,0.7101180026108336,0.7101180026108336,,,,1.0
30,water_hl_gap_eV,186,1.0,0.0,0.7101180026108336,0.7101180026108336,,,,1.0
30,water_hl_gap_eV,187,1.0,0.0,0.7101180026108336,0.7101180026108336,,,,1.0
30,water_hl_gap_eV,188,1.0,0.0,0.7101180026108336,0.7101180026108336,,,,1.0
30,water_hl_gap_eV,189,1.0,0.0,0.7101180026108336,0.7101180026108336,,,,1.0
30,water_hl_gap_eV,190,1.0,0.0,0.7101180026108336,0.7101180026108336,,,,1.0
30,water_hl_gap_eV,191,1.0,0.0,0.7101180026108336,0.7101180026108336,,,,1.0
30,water_hl_gap_eV,192,1.0,0.0,0.7101180026108336,0.7101180026108336,,,,1.0
30,water_hl_gap_eV,193,1.0,0.0,0.7101180026108336,0.7101180026108336,,,,1.0
30,water_hl_gap_eV,194,1.0,0.0,0.7101180026108336,0.7101180026108336,,,,1.0
30,water_hl_gap_eV,195,1.0,0.0,0.7101180026108336,0.7101180026108336,,,,1.0
30,water_hl_gap_eV,196,1.0,0.0,0.7101180026108336,0.7101180026108336,,,,1.0
30,water_hl_gap_eV,197,1.0,0.0,0.7101180026108336,0.7101180026108336,,,,1.0
30,water_hl_gap_eV,198,1.0,0.0,0.7101180026108336,0.7101180026108336,,,,1.0
30,water_hl_gap_eV,199,1.0,0.0,0.7101180026108336,0.7101180026108336,,,,1.0
30,water_hl_gap_eV,200,1.0,0.0,0.7101180026108336,0.7101180026108336,,,,1.0
30,water_hl_gap_eV,201,1.0,0.0,0.7101180026108336,0.7101180026108336,,,,1.0
30,water_hl_gap_eV,202,1.0,0.0,0.7101180026108336,0.7101180026108336,,,,1.0
30,water_hl_gap_eV,203,1.0,0.0,0.7101180026108336,0.7101180026108336,,,,1.0
30,water_hl_gap_eV,204,1.0,0.0,0.7101180026108336,0.7101180026108336,,,,1.0
30,water_hl_gap_eV,205,1.0,0.0,0.7101180026108336,0.7101180026108336,,,,1.0
30,water_hl_gap_eV,206,1.0,0.0,0.7101180026108336,0.7101180026108336,,,,1.0
30,water_hl_gap_eV,207,1.0,0.0,0.7101180026108336,0.7101180026108336,,,,1.0
30,water_hl_gap_eV,208,1.0,0.0,0.7101180026108336,0.7101180026108336,,,,1.0
30,water_hl_gap_eV,209,1.0,0.0,0.7101180026108336,0.7101180026108336,,,,1.0
30,water_hl_gap_eV,210,1.0,0.0,0.7101180026108336,0.7101180026108336,,,,1.0
30,water_hl_gap_eV,211,1.0,0.0,0.7101180026108336,0.7101180026108336,,,,1.0
30,water_hl_gap_eV,212,1.0,0.0,0.7101180026108336,0.7101180026108336,,,,1.0
30,water_hl_gap_eV,213,1.0,0.0,0.7101180026108336,0.7101180026108336,,,,1.0
30,water_hl_gap_eV,214,1.0,0.0,0.7101180026108336,0.7101180026108336,,,,1.0
30,water_hl_gap_eV,215,1.0,0.0,0.7101180026108336,0.7101180026108336,,,,1.0
30,water_hl_gap_eV,216,1.0,0.0,0.7101180026108336,0.7101180026108336,,,,1.0
30,water_hl_gap_eV,217,1.0,0.0,0.7101180026108336,0.7101180026108336,,,,1.0
30,water_hl_gap_eV,218,1.0,0.0,0.7101180026108336,0.7101180026108336,,,,1.0
30,water_hl_gap_eV,219,1.0,0.0,0.7101180026108336,0.7101180026108336,,,,1.0
30,water_hl_gap_eV,220,1.0,0.0,0.7101180026108336,0.7101180026108336,,,,1.0
30,water_hl_gap_eV,221,1.0,0.0,0.7101180026108336,0.7101180026108336,,,,1.0
30,water_hl_gap_eV,222,1.0,0.0,0.7101180026108336,0.7101180026108336,,,,1.0
30,water_hl_gap_eV,223,1.0,0.0,0.7101180026108336,0.7101180026108336,,,,1.0
30,water_hl_gap_eV,224,1.0,0.0,0.7101180026108336,0.7101180026108336,,,,1.0
30,water_hl_gap_eV,225,1.0,0.0,0.7101180026108336,0.7101180026108336,,,,1.0
30,water_hl_gap_eV,226,1.0,0.0,0.7101180026108336,0.7101180026108336,,,,1.0
30,water_hl_gap_eV,227,1.0,0.0,0.7101180026108336,0.7101180026108336,,,,1.0
30,water_hl_gap_eV,228,1.0,0.0,0.7101180026108336,0.7101180026108336,,,,1.0
30,water_hl_gap_eV,229,1.0,0.0,0.7101180026108336,0.7101180026108336,,,,1.0
30,water_hl_gap_eV,230,1.0,0.0,0.7101180026108336,0.7101180026108336,,,,1.0
30,water_hl_gap_eV,231,1.0,0.0,0.7101180026108336,0.7101180026108336,,,,1.0
30,water_hl_gap_eV,232,1.0,0.0,0.7101180026108336,0.7101180026108336,,,,1.0
30,water_hl_gap_eV,233,1.0,0.0,0.7101180026108336,0.7101180026108336,,,,1.0
30,water_hl_gap_eV,234,1.0,0.0,0.7101180026108336,0.7101180026108336,,,,1.0
30,water_hl_gap_eV,235,1.0,0.0,0.7101180026108336,0.7101180026108336,,,,1.0
30,water_hl_gap_eV,236,1.0,0.0,0.7101180026108336,0.7101180026108336,,,,1.0
30,water_hl_gap_eV,237,1.0,0.0,0.7101180026108336,0.7101180026108336,,,,1.0
30,water_hl_gap_eV,238,1.0,0.0,0.7101180026108336,0.7101180026108336,,,,1.0
30,water_hl_gap_eV,239,1.0,0.0,0.7101180026108336,0.7101180026108336,,,,1.0
30,water_hl_gap_eV,240,1.0,0.0,0.7101180026108336,0.7101180026108336,,,,1.0
30,water_hl_gap_eV,241,1.0,0.0,0.7101180026108336,0.7101180026108336,,,,1.0
30,water_hl_gap_eV,242,1.0,0.0,0.7101180026108336,0.7101180026108336,,,,1.0
30,water_hl_gap_eV,243,1.0,0.0,0.7101180026108336,0.7101180026108336,,,,1.0
30,water_hl_gap_eV,244,1.0,0.0,0.7101180026108336,0.7101180026108336,,,,1.0
30,water_hl_gap_eV,245,1.0,0.0,0.7101180026108336,0.7101180026108336,,,,1.0
30,water_hl_gap_eV,246,1.0,0.0,0.7101180026108336,0.7101180026108336,,,,1.0
30,water_hl_gap_eV,247,1.0,0.0,0.7101180026108336,0.7101180026108336,,,,1.0
30,water_hl_gap_eV,248,1.0,0.0,0.7101180026108336,0.7101180026108336,,,,1.0
30,water_hl_gap_eV,249,1.0,0.0,0.7101180026108336,0.7101180026108336,,,,1.0
30,water_dipole,0,1.0,0.0,0.5774736638892204,0.5774736638892204,,,,1.0
30,water_dipole,1,1.0,0.0,0.5774736638892204,0.5774736638892204,,,,1.0
30,water_dipole,2,1.0,0.0,0.5774736638892204,0.5774736638892204,,,,1.0
30,water_dipole,3,1.0,0.0,0.5774736638892204,0.5774736638892204,,,,1.0
30,water_dipole,4,1.0,0.0,0.5774736638892204,0.5774736638892204,,,,1.0
30,water_dipole,5,1.0,0.0,0.5774736638892204,0.5774736638892204,,,,1.0
30,water_dipole,6,1.0,0.0,0.5774736638892204,0.5774736638892204,,,,1.0
30,water_dipole,7,1.0,0.0,0.5774736638892204,0.5774736638892204,,,,1.0
30,water_dipole,8,1.0,0.0,0.5774736638892204,0.5774736638892204,,,,1.0
30,water_dipole,9,1.0,0.0,0.5774736638892204,0.5774736638892204,,,,1.0
30,water_dipole,10,1.0,0.0,0.5774736638892204,0.5774736638892204,,,,1.0
30,water_dipole,11,1.0,0.0,0.5774736638892204,0.5774736638892204,,,,1.0
30,water_dipole,12,1.0,0.0,0.5774736638892204,0.5774736638892204,,,,1.0
30,water_dipole,13,1.0,0.0,0.5774736638892204,0.5774736638892204,,,,1.0
30,water_dipole,14,1.0,0.0,0.5774736638892204,0.5774736638892204,,,,1.0
30,water_dipole,15,1.0,0.0,0.5774736638892204,0.5774736638892204,,,,1.0
30,water_dipole,16,1.0,0.0,0.5774736638892204,0.5774736638892204,,,,1.0
30,water_dipole,17,1.0,0.0,0.5774736638892204,0.5774736638892204,,,,1.0
30,water_dipole,18,1.0,0.0,0.5774736638892204,0.5774736638892204,,,,1.0
30,water_dipole,19,1.0,0.0,0.5774736638892204,0.5774736638892204,,,,1.0
30,water_dipole,20,1.0,0.0,0.5774736638892204,0.5774736638892204,,,,1.0
30,water_dipole,21,1.0,0.0,0.5774736638892204,0.5774736638892204,,,,1.0
30,water_dipole,22,1.0,0.0,0.5774736638892204,0.5774736638892204,,,,1.0
30,water_dipole,23,1.0,0.0,0.5774736638892204,0.5774736638892204,,,,1.0
30,water_dipole,24,1.0,0.0,0.5774736638892204,0.5774736638892204,,,,1.0
30,water_dipole,25,1.0,0.0,0.5774736638892204,0.5774736638892204,,,,1.0
30,water_dipole,26,1.0,0.0,0.5774736638892204,0.5774736638892204,,,,1.0
30,water_dipole,27,1.0,0.0,0.5774736638892204,0.5774736638892204,,,,1.0
30,water_dipole,28,1.0,0.0,0.5774736638892204,0.5774736638892204,,,,1.0
30,water_dipole,29,1.0,0.0,0.5774736638892204,0.5774736638892204,,,,1.0
30,water_dipole,30,1.0,0.0,0.5774736638892204,0.5774736638892204,,,,1.0
30,water_dipole,31,1.0,0.0,0.5774736638892204,0.5774736638892204,,,,1.0
30,water_dipole,32,1.0,0.0,0.5774736638892204,0.5774736638892204,,,,1.0
30,water_dipole,33,1.0,0.0,0.5774736638892204,0.5774736638892204,,,,1.0
30,water_dipole,34,1.0,0.0,0.5774736638892204,0.5774736638892204,,,,1.0
30,water_dipole,35,1.0,0.0,0.5774736638892204,0.5774736638892204,,,,1.0
30,water_dipole,36,1.0,0.0,0.5774736638892204,0.5774736638892204,,,,1.0
30,water_dipole,37,1.0,0.0,0.5774736638892204,0.5774736638892204,,,,1.0
30,water_dipole,38,1.0,0.0,0.5774736638892204,0.5774736638892204,,,,1.0
30,water_dipole,39,1.0,0.0,0.5774736638892204,0.5774736638892204,,,,1.0
30,water_dipole,40,1.0,0.0,0.5774736638892204,0.5774736638892204,,,,1.0
30,water_dipole,41,1.0,0.0,0.5774736638892204,0.5774736638892204,,,,1.0
30,water_dipole,42,1.0,0.0,0.5774736638892204,0.5774736638892204,,,,1.0
30,water_dipole,43,1.0,0.0,0.5774736638892204,0.5774736638892204,,,,1.0
30,water_dipole,44,1.0,0.0,0.5774736638892204,0.5774736638892204,,,,1.0
30,water_dipole,45,1.0,0.0,0.5774736638892204,0.5774736638892204,,,,1.0
30,water_dipole,46,1.0,0.0,0.5774736638892204,0.5774736638892204,,,,1.0
30,water_dipole,47,1.0,0.0,0.5774736638892204,0.5774736638892204,,,,1.0
30,water_dipole,48,1.0,0.0,0.5774736638892204,0.5774736638892204,,,,1.0
30,water_dipole,49,1.0,0.0,0.5774736638892204,0.5774736638892204,,,,1.0
30,water_dipole,50,1.0,0.0,0.5774736638892204,0.5774736638892204,,,,1.0
30,water_dipole,51,1.0,0.0,0.5774736638892204,0.5774736638892204,,,,1.0
30,water_dipole,52,1.0,0.0,0.5774736638892204,0.5774736638892204,,,,1.0
30,water_dipole,53,1.0,0.0,0.5774736638892204,0.5774736638892204,,,,1.0
30,water_dipole,54,1.0,0.0,0.5774736638892204,0.5774736638892204,,,,1.0
30,water_dipole,55,1.0,0.0,0.5774736638892204,0.5774736638892204,,,,1.0
30,water_dipole,56,1.0,0.0,0.5774736638892204,0.5774736638892204,,,,1.0
30,water_dipole,57,1.0,0.0,0.5774736638892204,0.5774736638892204,,,,1.0
30,water_dipole,58,1.0,0.0,0.5774736638892204,0.5774736638892204,,,,1.0
30,water_dipole,59,1.0,0.0,0.5774736638892204,0.5774736638892204,,,,1.0
30,water_dipole,60,1.0,0.0,0.5774736638892204,0.5774736638892204,,,,1.0
30,water_dipole,61,1.0,0.0,0.5774736638892204,0.5774736638892204,,,,1.0
30,water_dipole,62,1.0,0.0,0.5774736638892204,0.5774736638892204,,,,1.0
30,water_dipole,63,1.0,0.0,0.5774736638892204,0.5774736638892204,,,,1.0
30,water_dipole,64,1.0,0.0,0.5774736638892204,0.5774736638892204,,,,1.0
30,water_dipole,65,1.0,0.0,0.5774736638892204,0.5774736638892204,,,,1.0
30,water_dipole,66,1.0,0.0,0.5774736638892204,0.5774736638892204,,,,1.0
30,water_dipole,67,1.0,0.0,0.5774736638892204,0.5774736638892204,,,,1.0
30,water_dipole,68,1.0,0.0,0.5774736638892204,0.5774736638892204,,,,1.0
30,water_dipole,69,1.0,0.0,0.5774736638892204,0.5774736638892204,,,,1.0
30,water_dipole,70,1.0,0.0,0.5774736638892204,0.5774736638892204,,,,1.0
30,water_dipole,71,1.0,0.0,0.5774736638892204,0.5774736638892204,,,,1.0
30,water_dipole,72,1.0,0.0,0.5774736638892204,0.5774736638892204,,,,1.0
30,water_dipole,73,1.0,0.0,0.5774736638892204,0.5774736638892204,,,,1.0
30,water_dipole,74,1.0,0.0,0.5774736638892204,0.5774736638892204,,,,1.0
30,water_dipole,75,1.0,0.0,0.5774736638892204,0.5774736638892204,,,,1.0
30,water_dipole,76,1.0,0.0,0.5774736638892204,0.5774736638892204,,,,1.0
30,water_dipole,77,1.0,0.0,0.5774736638892204,0.5774736638892204,,,,1.0
30,water_dipole,78,1.0,0.0,0.5774736638892204,0.5774736638892204,,,,1.0
30,water_dipole,79,1.0,0.0,0.5774736638892204,0.5774736638892204,,,,1.0
30,water_dipole,80,1.0,0.0,0.5774736638892204,0.5774736638892204,,,,1.0
30,water_dipole,81,1.0,0.0,0.5774736638892204,0.5774736638892204,,,,1.0
30,water_dipole,82,1.0,0.0,0.5774736638892204,0.5774736638892204,,,,1.0
30,water_dipole,83,1.0,0.0,0.5774736638892204,0.5774736638892204,,,,1.0
30,water_dipole,84,1.0,0.0,0.5774736638892204,0.5774736638892204,,,,1.0
30,water_dipole,85,1.0,0.0,0.5774736638892204,0.5774736638892204,,,,1.0
30,water_dipole,86,1.0,0.0,0.5774736638892204,0.5774736638892204,,,,1.0
30,water_dipole,87,1.0,0.0,0.5774736638892204,0.5774736638892204,,,,1.0
30,water_dipole,88,1.0,0.0,0.5774736638892204,0.5774736638892204,,,,1.0
30,water_dipole,89,1.0,0.0,0.5774736638892204,0.5774736638892204,,,,1.0
30,water_dipole,90,1.0,0.0,0.5774736638892204,0.5774736638892204,,,,1.0
30,water_dipole,91,1.0,0.0,0.5774736638892204,0.5774736638892204,,,,1.0
30,water_dipole,92,1.0,0.0,0.5774736638892204,0.5774736638892204,,,,1.0
30,water_dipole,93,1.0,0.0,0.5774736638892204,0.5774736638892204,,,,1.0
30,water_dipole,94,1.0,0.0,0.5774736638892204,0.5774736638892204,,,,1.0
30,water_dipole,95,1.0,0.0,0.5774736638892204,0.5774736638892204,,,,1.0
30,water_dipole,96,1.0,0.0,0.5774736638892204,0.5774736638892204,,,,1.0
30,water_dipole,97,1.0,0.0,0.5774736638892204,0.5774736638892204,,,,1.0
30,water_dipole,98,1.0,0.0,0.5774736638892204,0.5774736638892204,,,,1.0
30,water_dipole,99,1.0,0.0,0.5774736638892204,0.5774736638892204,,,,1.0
30,water_dipole,100,1.0,0.0,0.5774736638892204,0.5774736638892204,,,,1.0
30,water_dipole,101,1.0,0.0,0.5774736638892204,0.5774736638892204,,,,1.0
30,water_dipole,102,1.0,0.0,0.5774736638892204,0.5774736638892204,,,,1.0
30,water_dipole,103,1.0,0.0,0.5774736638892204,0.5774736638892204,,,,1.0
30,water_dipole,104,1.0,0.0,0.5774736638892204,0.5774736638892204,,,,1.0
30,water_dipole,105,1.0,0.0,0.5774736638892204,0.5774736638892204,,,,1.0
30,water_dipole,106,1.0,0.0,0.5774736638892204,0.5774736638892204,,,,1.0
30,water_dipole,107,1.0,0.0,0.5774736638892204,0.5774736638892204,,,,1.0
30,water_dipole,108,1.0,0.0,0.5774736638892204,0.5774736638892204,,,,1.0
30,water_dipole,109,1.0,0.0,0.5774736638892204,0.5774736638892204,,,,1.0
30,water_dipole,110,1.0,0.0,0.5774736638892204,0.5774736638892204,,,,1.0
30,water_dipole,111,1.0,0.0,0.5774736638892204,0.5774736638892204,,,,1.0
30,water_dipole,112,1.0,0.0,0.5774736638892204,0.5774736638892204,,,,1.0
30,water_dipole,113,1.0,0.0,0.5774736638892204,0.5774736638892204,,,,1.0
30,water_dipole,114,1.0,0.0,0.5774736638892204,0.5774736638892204,,,,1.0
30,water_dipole,115,1.0,0.0,0.5774736638892204,0.5774736638892204,,,,1.0
30,water_dipole,116,1.0,0.0,0.5774736638892204,0.5774736638892204,,,,1.0
30,water_dipole,117,1.0,0.0,0.5774736638892204,0.5774736638892204,,,,1.0
30,water_dipole,118,1.0,0.0,0.5774736638892204,0.5774736638892204,,,,1.0
30,water_dipole,119,1.0,0.0,0.5774736638892204,0.5774736638892204,,,,1.0
30,water_dipole,120,1.0,0.0,0.5774736638892204,0.5774736638892204,,,,1.0
30,water_dipole,121,1.0,0.0,0.5774736638892204,0.5774736638892204,,,,1.0
30,water_dipole,122,1.0,0.0,0.5774736638892204,0.5774736638892204,,,,1.0
30,water_dipole,123,1.0,0.0,0.5774736638892204,0.5774736638892204,,,,1.0
30,water_dipole,124,1.0,0.0,0.5774736638892204,0.5774736638892204,,,,1.0
30,water_dipole,125,1.0,0.0,0.5774736638892204,0.5774736638892204,,,,1.0
30,water_dipole,126,1.0,0.0,0.5774736638892204,0.5774736638892204,,,,1.0
30,water_dipole,127,1.0,0.0,0.5774736638892204,0.5774736638892204,,,,1.0
30,water_dipole,128,1.0,0.0,0.5774736638892204,0.5774736638892204,,,,1.0
30,water_dipole,129,1.0,0.0,0.5774736638892204,0.5774736638892204,,,,1.0
30,water_dipole,130,1.0,0.0,0.5774736638892204,0.5774736638892204,,,,1.0
30,water_dipole,131,1.0,0.0,0.5774736638892204,0.5774736638892204,,,,1.0
30,water_dipole,132,1.0,0.0,0.5774736638892204,0.5774736638892204,,,,1.0
30,water_dipole,133,1.0,0.0,0.5774736638892204,0.5774736638892204,,,,1.0
30,water_dipole,134,1.0,0.0,0.5774736638892204,0.5774736638892204,,,,1.0
30,water_dipole,135,1.0,0.0,0.5774736638892204,0.5774736638892204,,,,1.0
30,water_dipole,136,1.0,0.0,0.5774736638892204,0.5774736638892204,,,,1.0
30,water_dipole,137,1.0,0.0,0.5774736638892204,0.5774736638892204,,,,1.0
30,water_dipole,138,1.0,0.0,0.5774736638892204,0.5774736638892204,,,,1.0
30,water_dipole,139,1.0,0.0,0.5774736638892204,0.5774736638892204,,,,1.0
30,water_dipole,140,1.0,0.0,0.5774736638892204,0.5774736638892204,,,,1.0
30,water_dipole,141,1.0,0.0,0.5774736638892204,0.5774736638892204,,,,1.0
30,water_dipole,142,1.0,0.0,0.5774736638892204,0.5774736638892204,,,,1.0
30,water_dipole,143,1.0,0.0,0.5774736638892204,0.5774736638892204,,,,1.0
30,water_dipole,144,1.0,0.0,0.5774736638892204,0.5774736638892204,,,,1.0
30,water_dipole,145,1.0,0.0,0.5774736638892204,0.5774736638892204,,,,1.0
30,water_dipole,146,1.0,0.0,0.5774736638892204,0.5774736638892204,,,,1.0
30,water_dipole,147,1.0,0.0,0.5774736638892204,0.5774736638892204,,,,1.0
30,water_dipole,148,1.0,0.0,0.5774736638892204,0.5774736638892204,,,,1.0
30,water_dipole,149,1.0,0.0,0.5774736638892204,0.5774736638892204,,,,1.0
30,water_dipole,150,1.0,0.0,0.5774736638892204,0.5774736638892204,,,,1.0
30,water_dipole,151,1.0,0.0,0.5774736638892204,0.5774736638892204,,,,1.0
30,water_dipole,152,1.0,0.0,0.5774736638892204,0.5774736638892204,,,,1.0
30,water_dipole,153,1.0,0.0,0.5774736638892204,0.5774736638892204,,,,1.0
30,water_dipole,154,1.0,0.0,0.5774736638892204,0.5774736638892204,,,,1.0
30,water_dipole,155,1.0,0.0,0.5774736638892204,0.5774736638892204,,,,1.0
30,water_dipole,156,1.0,0.0,0.5774736638892204,0.5774736638892204,,,,1.0
30,water_dipole,157,1.0,0.0,0.5774736638892204,0.5774736638892204,,,,1.0
30,water_dipole,158,1.0,0.0,0.5774736638892204,0.5774736638892204,,,,1.0
30,water_dipole,159,1.0,0.0,0.5774736638892204,0.5774736638892204,,,,1.0
30,water_dipole,160,1.0,0.0,0.5774736638892204,0.5774736638892204,,,,1.0
30,water_dipole,161,1.0,0.0,0.5774736638892204,0.5774736638892204,,,,1.0
30,water_dipole,162,1.0,0.0,0.5774736638892204,0.5774736638892204,,,,1.0
30,water_dipole,163,1.0,0.0,0.5774736638892204,0.5774736638892204,,,,1.0
30,water_dipole,164,1.0,0.0,0.5774736638892204,0.5774736638892204,,,,1.0
30,water_dipole,165,1.0,0.0,0.5774736638892204,0.5774736638892204,,,,1.0
30,water_dipole,166,1.0,0.0,0.5774736638892204,0.5774736638892204,,,,1.0
30,water_dipole,167,1.0,0.0,0.5774736638892204,0.5774736638892204,,,,1.0
30,water_dipole,168,1.0,0.0,0.5774736638892204,0.5774736638892204,,,,1.0
30,water_dipole,169,1.0,0.0,0.5774736638892204,0.5774736638892204,,,,1.0
30,water_dipole,170,1.0,0.0,0.5774736638892204,0.5774736638892204,,,,1.0
30,water_dipole,171,1.0,0.0,0.5774736638892204,0.5774736638892204,,,,1.0
30,water_dipole,172,1.0,0.0,0.5774736638892204,0.5774736638892204,,,,1.0
30,water_dipole,173,1.0,0.0,0.5774736638892204,0.5774736638892204,,,,1.0
30,water_dipole,174,1.0,0.0,0.5774736638892204,0.5774736638892204,,,,1.0
30,water_dipole,175,1.0,0.0,0.5774736638892204,0.5774736638892204,,,,1.0
30,water_dipole,176,1.0,0.0,0.5774736638892204,0.5774736638892204,,,,1.0
30,water_dipole,177,1.0,0.0,0.5774736638892204,0.5774736638892204,,,,1.0
30,water_dipole,178,1.0,0.0,0.5774736638892204,0.5774736638892204,,,,1.0
30,water_dipole,179,1.0,0.0,0.5774736638892204,0.5774736638892204,,,,1.0
30,water_dipole,180,1.0,0.0,0.5774736638892204,0.5774736638892204,,,,1.0
30,water_dipole,181,1.0,0.0,0.5774736638892204,0.5774736638892204,,,,1.0
30,water_dipole,182,1.0,0.0,0.5774736638892204,0.5774736638892204,,,,1.0
30,water_dipole,183,1.0,0.0,0.5774736638892204,0.5774736638892204,,,,1.0
30,water_dipole,184,1.0,0.0,0.5774736638892204,0.5774736638892204,,,,1.0
30,water_dipole,185,1.0,0.0,0.5774736638892204,0.5774736638892204,,,,1.0
30,water_dipole,186,1.0,0.0,0.5774736638892204,0.5774736638892204,,,,1.0
30,water_dipole,187,1.0,0.0,0.5774736638892204,0.5774736638892204,,,,1.0
30,water_dipole,188,1.0,0.0,0.5774736638892204,0.5774736638892204,,,,1.0
30,water_dipole,189,1.0,0.0,0.5774736638892204,0.5774736638892204,,,,1.0
30,water_dipole,190,1.0,0.0,0.5774736638892204,0.5774736638892204,,,,1.0
30,water_dipole,191,1.0,0.0,0.5774736638892204,0.5774736638892204,,,,1.0
30,water_dipole,192,1.0,0.0,0.5774736638892204,0.5774736638892204,,,,1.0
30,water_dipole,193,1.0,0.0,0.5774736638892204,0.5774736638892204,,,,1.0
30,water_dipole,194,1.0,0.0,0.5774736638892204,0.5774736638892204,,,,1.0
30,water_dipole,195,1.0,0.0,0.5774736638892204,0.5774736638892204,,,,1.0
30,water_dipole,196,1.0,0.0,0.5774736638892204,0.5774736638892204,,,,1.0
30,water_dipole,197,1.0,0.0,0.5774736638892204,0.5774736638892204,,,,1.0
30,water_dipole,198,1.0,0.0,0.5774736638892204,0.5774736638892204,,,,1.0
30,water_dipole,199,1.0,0.0,0.5774736638892204,0.5774736638892204,,,,1.0
30,water_dipole,200,1.0,0.0,0.5774736638892204,0.5774736638892204,,,,1.0
30,water_dipole,201,1.0,0.0,0.5774736638892204,0.5774736638892204,,,,1.0
30,water_dipole,202,1.0,0.0,0.5774736638892204,0.5774736638892204,,,,1.0
30,water_dipole,203,1.0,0.0,0.5774736638892204,0.5774736638892204,,,,1.0
30,water_dipole,204,1.0,0.0,0.5774736638892204,0.5774736638892204,,,,1.0
30,water_dipole,205,1.0,0.0,0.5774736638892204,0.5774736638892204,,,,1.0
30,water_dipole,206,1.0,0.0,0.5774736638892204,0.5774736638892204,,,,1.0
30,water_dipole,207,1.0,0.0,0.5774736638892204,0.5774736638892204,,,,1.0
30,water_dipole,208,1.0,0.0,0.5774736638892204,0.5774736638892204,,,,1.0
30,water_dipole,209,1.0,0.0,0.5774736638892204,0.5774736638892204,,,,1.0
30,water_dipole,210,1.0,0.0,0.5774736638892204,0.5774736638892204,,,,1.0
30,water_dipole,211,1.0,0.0,0.5774736638892204,0.5774736638892204,,,,1.0
30,water_dipole,212,1.0,0.0,0.5774736638892204,0.5774736638892204,,,,1.0
30,water_dipole,213,1.0,0.0,0.5774736638892204,0.5774736638892204,,,,1.0
30,water_dipole,214,1.0,0.0,0.5774736638892204,0.5774736638892204,,,,1.0
30,water_dipole,215,1.0,0.0,0.5774736638892204,0.5774736638892204,,,,1.0
30,water_dipole,216,1.0,0.0,0.5774736638892204,0.5774736638892204,,,,1.0
30,water_dipole,217,1.0,0.0,0.5774736638892204,0.5774736638892204,,,,1.0
30,water_dipole,218,1.0,0.0,0.5774736638892204,0.5774736638892204,,,,1.0
30,water_dipole,219,1.0,0.0,0.5774736638892204,0.5774736638892204,,,,1.0
30,water_dipole,220,1.0,0.0,0.5774736638892204,0.5774736638892204,,,,1.0
30,water_dipole,221,1.0,0.0,0.5774736638892204,0.5774736638892204,,,,1.0
30,water_dipole,222,1.0,0.0,0.5774736638892204,0.5774736638892204,,,,1.0
30,water_dipole,223,1.0,0.0,0.5774736638892204,0.5774736638892204,,,,1.0
30,water_dipole,224,1.0,0.0,0.5774736638892204,0.5774736638892204,,,,1.0
30,water_dipole,225,1.0,0.0,0.5774736638892204,0.5774736638892204,,,,1.0
30,water_dipole,226,1.0,0.0,0.5774736638892204,0.5774736638892204,,,,1.0
30,water_dipole,227,1.0,0.0,0.5774736638892204,0.5774736638892204,,,,1.0
30,water_dipole,228,1.0,0.0,0.5774736638892204,0.5774736638892204,,,,1.0
30,water_dipole,229,1.0,0.0,0.5774736638892204,0.5774736638892204,,,,1.0
30,water_dipole,230,1.0,0.0,0.5774736638892204,0.5774736638892204,,,,1.0
30,water_dipole,231,1.0,0.0,0.5774736638892204,0.5774736638892204,,,,1.0
30,water_dipole,232,1.0,0.0,0.5774736638892204,0.5774736638892204,,,,1.0
30,water_dipole,233,1.0,0.0,0.5774736638892204,0.5774736638892204,,,,1.0
30,water_dipole,234,1.0,0.0,0.5774736638892204,0.5774736638892204,,,,1.0
30,water_dipole,235,1.0,0.0,0.5774736638892204,0.5774736638892204,,,,1.0
30,water_dipole,236,1.0,0.0,0.5774736638892204,0.5774736638892204,,,,1.0
30,water_dipole,237,1.0,0.0,0.5774736638892204,0.5774736638892204,,,,1.0
30,water_dipole,238,1.0,0.0,0.5774736638892204,0.5774736638892204,,,,1.0
30,water_dipole,239,1.0,0.0,0.5774736638892204,0.5774736638892204,,,,1.0
30,water_dipole,240,1.0,0.0,0.5774736638892204,0.5774736638892204,,,,1.0
30,water_dipole,241,1.0,0.0,0.5774736638892204,0.5774736638892204,,,,1.0
30,water_dipole,242,1.0,0.0,0.5774736638892204,0.5774736638892204,,,,1.0
30,water_dipole,243,1.0,0.0,0.5774736638892204,0.5774736638892204,,,,1.0
30,water_dipole,244,1.0,0.0,0.5774736638892204,0.5774736638892204,,,,1.0
30,water_dipole,245,1.0,0.0,0.5774736638892204,0.5774736638892204,,,,1.0
30,water_dipole,246,1.0,0.0,0.5774736638892204,0.5774736638892204,,,,1.0
30,water_dipole,247,1.0,0.0,0.5774736638892204,0.5774736638892204,,,,1.0
30,water_dipole,248,1.0,0.0,0.5774736638892204,0.5774736638892204,,,,1.0
30,water_dipole,249,1.0,0.0,0.5774736638892204,0.5774736638892204,,,,1.0
30,acetone_gsolv_eV,0,0.9999998807907104,0.0,0.6467795560034684,0.6467795560034684,,,,1.0
30,acetone_gsolv_eV,1,0.9999998807907104,0.0,0.6467795560034684,0.6467795560034684,,,,1.0
30,acetone_gsolv_eV,2,0.9999998807907104,0.0,0.6467795560034684,0.6467795560034684,,,,1.0
30,acetone_gsolv_eV,3,0.9999998807907104,0.0,0.6467795560034684,0.6467795560034684,,,,1.0
30,acetone_gsolv_eV,4,0.9999998807907104,0.0,0.6467795560034684,0.6467795560034684,,,,1.0
30,acetone_gsolv_eV,5,0.9999998807907104,0.0,0.6467795560034684,0.6467795560034684,,,,1.0
30,acetone_gsolv_eV,6,0.9999998807907104,0.0,0.6467795560034684,0.6467795560034684,,,,1.0
30,acetone_gsolv_eV,7,0.9999998807907104,0.0,0.6467795560034684,0.6467795560034684,,,,1.0
30,acetone_gsolv_eV,8,0.9999998807907104,0.0,0.6467795560034684,0.6467795560034684,,,,1.0
30,acetone_gsolv_eV,9,0.9999998807907104,0.0,0.6467795560034684,0.6467795560034684,,,,1.0
30,acetone_gsolv_eV,10,0.9999998807907104,0.0,0.6467795560034684,0.6467795560034684,,,,1.0
30,acetone_gsolv_eV,11,0.9999998807907104,0.0,0.6467795560034684,0.6467795560034684,,,,1.0
30,acetone_gsolv_eV,12,0.9999998807907104,0.0,0.6467795560034684,0.6467795560034684,,,,1.0
30,acetone_gsolv_eV,13,0.9999998807907104,0.0,0.6467795560034684,0.6467795560034684,,,,1.0
30,acetone_gsolv_eV,14,0.9999998807907104,0.0,0.6467795560034684,0.6467795560034684,,,,1.0
30,acetone_gsolv_eV,15,0.9999998807907104,0.0,0.6467795560034684,0.6467795560034684,,,,1.0
30,acetone_gsolv_eV,16,0.9999998807907104,0.0,0.6467795560034684,0.6467795560034684,,,,1.0
30,acetone_gsolv_eV,17,0.9999998807907104,0.0,0.6467795560034684,0.6467795560034684,,,,1.0
30,acetone_gsolv_eV,18,0.9999998807907104,0.0,0.6467795560034684,0.6467795560034684,,,,1.0
30,acetone_gsolv_eV,19,0.9999998807907104,0.0,0.6467795560034684,0.6467795560034684,,,,1.0
30,acetone_gsolv_eV,20,0.9999998807907104,0.0,0.6467795560034684,0.6467795560034684,,,,1.0
30,acetone_gsolv_eV,21,0.9999998807907104,0.0,0.6467795560034684,0.6467795560034684,,,,1.0
30,acetone_gsolv_eV,22,0.9999998807907104,0.0,0.6467795560034684,0.6467795560034684,,,,1.0
30,acetone_gsolv_eV,23,0.9999998807907104,0.0,0.6467795560034684,0.6467795560034684,,,,1.0
30,acetone_gsolv_eV,24,0.9999998807907104,0.0,0.6467795560034684,0.6467795560034684,,,,1.0
30,acetone_gsolv_eV,25,0.9999998807907104,0.0,0.6467795560034684,0.6467795560034684,,,,1.0
30,acetone_gsolv_eV,26,0.9999998807907104,0.0,0.6467795560034684,0.6467795560034684,,,,1.0
30,acetone_gsolv_eV,27,0.9999998807907104,0.0,0.6467795560034684,0.6467795560034684,,,,1.0
30,acetone_gsolv_eV,28,0.9999998807907104,0.0,0.6467795560034684,0.6467795560034684,,,,1.0
30,acetone_gsolv_eV,29,0.9999998807907104,0.0,0.6467795560034684,0.6467795560034684,,,,1.0
30,acetone_gsolv_eV,30,0.9999998807907104,0.0,0.6467795560034684,0.6467795560034684,,,,1.0
30,acetone_gsolv_eV,31,0.9999998807907104,0.0,0.6467795560034684,0.6467795560034684,,,,1.0
30,acetone_gsolv_eV,32,0.9999998807907104,0.0,0.6467795560034684,0.6467795560034684,,,,1.0
30,acetone_gsolv_eV,33,0.9999998807907104,0.0,0.6467795560034684,0.6467795560034684,,,,1.0
30,acetone_gsolv_eV,34,0.9999998807907104,0.0,0.6467795560034684,0.6467795560034684,,,,1.0
30,acetone_gsolv_eV,35,0.9999998807907104,0.0,0.6467795560034684,0.6467795560034684,,,,1.0
30,acetone_gsolv_eV,36,0.9999998807907104,0.0,0.6467795560034684,0.6467795560034684,,,,1.0
30,acetone_gsolv_eV,37,0.9999998807907104,0.0,0.6467795560034684,0.6467795560034684,,,,1.0
30,acetone_gsolv_eV,38,0.9999998807907104,0.0,0.6467795560034684,0.6467795560034684,,,,1.0
30,acetone_gsolv_eV,39,0.9999998807907104,0.0,0.6467795560034684,0.6467795560034684,,,,1.0
30,acetone_gsolv_eV,40,0.9999998807907104,0.0,0.6467795560034684,0.6467795560034684,,,,1.0
30,acetone_gsolv_eV,41,0.9999998807907104,0.0,0.6467795560034684,0.6467795560034684,,,,1.0
30,acetone_gsolv_eV,42,0.9999998807907104,0.0,0.6467795560034684,0.6467795560034684,,,,1.0
30,acetone_gsolv_eV,43,0.9999998807907104,0.0,0.6467795560034684,0.6467795560034684,,,,1.0
30,acetone_gsolv_eV,44,0.9999998807907104,0.0,0.6467795560034684,0.6467795560034684,,,,1.0
30,acetone_gsolv_eV,45,0.9999998807907104,0.0,0.6467795560034684,0.6467795560034684,,,,1.0
30,acetone_gsolv_eV,46,0.9999998807907104,0.0,0.6467795560034684,0.6467795560034684,,,,1.0
30,acetone_gsolv_eV,47,0.9999998807907104,0.0,0.6467795560034684,0.6467795560034684,,,,1.0
30,acetone_gsolv_eV,48,0.9999998807907104,0.0,0.6467795560034684,0.6467795560034684,,,,1.0
30,acetone_gsolv_eV,49,0.9999998807907104,0.0,0.6467795560034684,0.6467795560034684,,,,1.0
30,acetone_gsolv_eV,50,0.9999998807907104,0.0,0.6467795560034684,0.6467795560034684,,,,1.0
30,acetone_gsolv_eV,51,0.9999998807907104,0.0,0.6467795560034684,0.6467795560034684,,,,1.0
30,acetone_gsolv_eV,52,0.9999998807907104,0.0,0.6467795560034684,0.6467795560034684,,,,1.0
30,acetone_gsolv_eV,53,0.9999998807907104,0.0,0.6467795560034684,0.6467795560034684,,,,1.0
30,acetone_gsolv_eV,54,0.9999998807907104,0.0,0.6467795560034684,0.6467795560034684,,,,1.0
30,acetone_gsolv_eV,55,0.9999998807907104,0.0,0.6467795560034684,0.6467795560034684,,,,1.0
30,acetone_gsolv_eV,56,0.9999998807907104,0.0,0.6467795560034684,0.6467795560034684,,,,1.0
30,acetone_gsolv_eV,57,0.9999998807907104,0.0,0.6467795560034684,0.6467795560034684,,,,1.0
30,acetone_gsolv_eV,58,0.9999998807907104,0.0,0.6467795560034684,0.6467795560034684,,,,1.0
30,acetone_gsolv_eV,59,0.9999998807907104,0.0,0.6467795560034684,0.6467795560034684,,,,1.0
30,acetone_gsolv_eV,60,0.9999998807907104,0.0,0.6467795560034684,0.6467795560034684,,,,1.0
30,acetone_gsolv_eV,61,0.9999998807907104,0.0,0.6467795560034684,0.6467795560034684,,,,1.0
30,acetone_gsolv_eV,62,0.9999998807907104,0.0,0.6467795560034684,0.6467795560034684,,,,1.0
30,acetone_gsolv_eV,63,0.9999998807907104,0.0,0.6467795560034684,0.6467795560034684,,,,1.0
30,acetone_gsolv_eV,64,0.9999998807907104,0.0,0.6467795560034684,0.6467795560034684,,,,1.0
30,acetone_gsolv_eV,65,0.9999998807907104,0.0,0.6467795560034684,0.6467795560034684,,,,1.0
30,acetone_gsolv_eV,66,0.9999998807907104,0.0,0.6467795560034684,0.6467795560034684,,,,1.0
30,acetone_gsolv_eV,67,0.9999998807907104,0.0,0.6467795560034684,0.6467795560034684,,,,1.0
30,acetone_gsolv_eV,68,0.9999998807907104,0.0,0.6467795560034684,0.6467795560034684,,,,1.0
30,acetone_gsolv_eV,69,0.9999998807907104,0.0,0.6467795560034684,0.6467795560034684,,,,1.0
30,acetone_gsolv_eV,70,0.9999998807907104,0.0,0.6467795560034684,0.6467795560034684,,,,1.0
30,acetone_gsolv_eV,71,0.9999998807907104,0.0,0.6467795560034684,0.6467795560034684,,,,1.0
30,acetone_gsolv_eV,72,0.9999998807907104,0.0,0.6467795560034684,0.6467795560034684,,,,1.0
30,acetone_gsolv_eV,73,0.9999998807907104,0.0,0.6467795560034684,0.6467795560034684,,,,1.0
30,acetone_gsolv_eV,74,0.9999998807907104,0.0,0.6467795560034684,0.6467795560034684,,,,1.0
30,acetone_gsolv_eV,75,0.9999998807907104,0.0,0.6467795560034684,0.6467795560034684,,,,1.0
30,acetone_gsolv_eV,76,0.9999998807907104,0.0,0.6467795560034684,0.6467795560034684,,,,1.0
30,acetone_gsolv_eV,77,0.9999998807907104,0.0,0.6467795560034684,0.6467795560034684,,,,1.0
30,acetone_gsolv_eV,78,0.9999998807907104,0.0,0.6467795560034684,0.6467795560034684,,,,1.0
30,acetone_gsolv_eV,79,0.9999998807907104,0.0,0.6467795560034684,0.6467795560034684,,,,1.0
30,acetone_gsolv_eV,80,0.9999998807907104,0.0,0.6467795560034684,0.6467795560034684,,,,1.0
30,acetone_gsolv_eV,81,0.9999998807907104,0.0,0.6467795560034684,0.6467795560034684,,,,1.0
30,acetone_gsolv_eV,82,0.9999998807907104,0.0,0.6467795560034684,0.6467795560034684,,,,1.0
30,acetone_gsolv_eV,83,0.9999998807907104,0.0,0.6467795560034684,0.6467795560034684,,,,1.0
30,acetone_gsolv_eV,84,0.9999998807907104,0.0,0.6467795560034684,0.6467795560034684,,,,1.0
30,acetone_gsolv_eV,85,0.9999998807907104,0.0,0.6467795560034684,0.6467795560034684,,,,1.0
30,acetone_gsolv_eV,86,0.9999998807907104,0.0,0.6467795560034684,0.6467795560034684,,,,1.0
30,acetone_gsolv_eV,87,0.9999998807907104,0.0,0.6467795560034684,0.6467795560034684,,,,1.0
30,acetone_gsolv_eV,88,0.9999998807907104,0.0,0.6467795560034684,0.6467795560034684,,,,1.0
30,acetone_gsolv_eV,89,0.9999998807907104,0.0,0.6467795560034684,0.6467795560034684,,,,1.0
30,acetone_gsolv_eV,90,0.9999998807907104,0.0,0.6467795560034684,0.6467795560034684,,,,1.0
30,acetone_gsolv_eV,91,0.9999998807907104,0.0,0.6467795560034684,0.6467795560034684,,,,1.0
30,acetone_gsolv_eV,92,0.9999998807907104,0.0,0.6467795560034684,0.6467795560034684,,,,1.0
30,acetone_gsolv_eV,93,0.9999998807907104,0.0,0.6467795560034684,0.6467795560034684,,,,1.0
30,acetone_gsolv_eV,94,0.9999998807907104,0.0,0.6467795560034684,0.6467795560034684,,,,1.0
30,acetone_gsolv_eV,95,0.9999998807907104,0.0,0.6467795560034684,0.6467795560034684,,,,1.0
30,acetone_gsolv_eV,96,0.9999998807907104,0.0,0.6467795560034684,0.6467795560034684,,,,1.0
30,acetone_gsolv_eV,97,0.9999998807907104,0.0,0.6467795560034684,0.6467795560034684,,,,1.0
30,acetone_gsolv_eV,98,0.9999998807907104,0.0,0.6467795560034684,0.6467795560034684,,,,1.0
30,acetone_gsolv_eV,99,0.9999998807907104,0.0,0.6467795560034684,0.6467795560034684,,,,1.0
30,acetone_gsolv_eV,100,0.9999998807907104,0.0,0.6467795560034684,0.6467795560034684,,,,1.0
30,acetone_gsolv_eV,101,0.9999998807907104,0.0,0.6467795560034684,0.6467795560034684,,,,1.0
30,acetone_gsolv_eV,102,0.9999998807907104,0.0,0.6467795560034684,0.6467795560034684,,,,1.0
30,acetone_gsolv_eV,103,0.9999998807907104,0.0,0.6467795560034684,0.6467795560034684,,,,1.0
30,acetone_gsolv_eV,104,0.9999998807907104,0.0,0.6467795560034684,0.6467795560034684,,,,1.0
30,acetone_gsolv_eV,105,0.9999998807907104,0.0,0.6467795560034684,0.6467795560034684,,,,1.0
30,acetone_gsolv_eV,106,0.9999998807907104,0.0,0.6467795560034684,0.6467795560034684,,,,1.0
30,acetone_gsolv_eV,107,0.9999998807907104,0.0,0.6467795560034684,0.6467795560034684,,,,1.0
30,acetone_gsolv_eV,108,0.9999998807907104,0.0,0.6467795560034684,0.6467795560034684,,,,1.0
30,acetone_gsolv_eV,109,0.9999998807907104,0.0,0.6467795560034684,0.6467795560034684,,,,1.0
30,acetone_gsolv_eV,110,0.9999998807907104,0.0,0.6467795560034684,0.6467795560034684,,,,1.0
30,acetone_gsolv_eV,111,0.9999998807907104,0.0,0.6467795560034684,0.6467795560034684,,,,1.0
30,acetone_gsolv_eV,112,0.9999998807907104,0.0,0.6467795560034684,0.6467795560034684,,,,1.0
30,acetone_gsolv_eV,113,0.9999998807907104,0.0,0.6467795560034684,0.6467795560034684,,,,1.0
30,acetone_gsolv_eV,114,0.9999998807907104,0.0,0.6467795560034684,0.6467795560034684,,,,1.0
30,acetone_gsolv_eV,115,0.9999998807907104,0.0,0.6467795560034684,0.6467795560034684,,,,1.0
30,acetone_gsolv_eV,116,0.9999998807907104,0.0,0.6467795560034684,0.6467795560034684,,,,1.0
30,acetone_gsolv_eV,117,0.9999998807907104,0.0,0.6467795560034684,0.6467795560034684,,,,1.0
30,acetone_gsolv_eV,118,0.9999998807907104,0.0,0.6467795560034684,0.6467795560034684,,,,1.0
30,acetone_gsolv_eV,119,0.9999998807907104,0.0,0.6467795560034684,0.6467795560034684,,,,1.0
30,acetone_gsolv_eV,120,0.9999998807907104,0.0,0.6467795560034684,0.6467795560034684,,,,1.0
30,acetone_gsolv_eV,121,0.9999998807907104,0.0,0.6467795560034684,0.6467795560034684,,,,1.0
30,acetone_gsolv_eV,122,0.9999998807907104,0.0,0.6467795560034684,0.6467795560034684,,,,1.0
30,acetone_gsolv_eV,123,0.9999998807907104,0.0,0.6467795560034684,0.6467795560034684,,,,1.0
30,acetone_gsolv_eV,124,0.9999998807907104,0.0,0.6467795560034684,0.6467795560034684,,,,1.0
30,acetone_gsolv_eV,125,0.9999998807907104,0.0,0.6467795560034684,0.6467795560034684,,,,1.0
30,acetone_gsolv_eV,126,0.9999998807907104,0.0,0.6467795560034684,0.6467795560034684,,,,1.0
30,acetone_gsolv_eV,127,0.9999998807907104,0.0,0.6467795560034684,0.6467795560034684,,,,1.0
30,acetone_gsolv_eV,128,0.9999998807907104,0.0,0.6467795560034684,0.6467795560034684,,,,1.0
30,acetone_gsolv_eV,129,0.9999998807907104,0.0,0.6467795560034684,0.6467795560034684,,,,1.0
30,acetone_gsolv_eV,130,0.9999998807907104,0.0,0.6467795560034684,0.6467795560034684,,,,1.0
30,acetone_gsolv_eV,131,0.9999998807907104,0.0,0.6467795560034684,0.6467795560034684,,,,1.0
30,acetone_gsolv_eV,132,0.9999998807907104,0.0,0.6467795560034684,0.6467795560034684,,,,1.0
30,acetone_gsolv_eV,133,0.9999998807907104,0.0,0.6467795560034684,0.6467795560034684,,,,1.0
30,acetone_gsolv_eV,134,0.9999998807907104,0.0,0.6467795560034684,0.6467795560034684,,,,1.0
30,acetone_gsolv_eV,135,0.9999998807907104,0.0,0.6467795560034684,0.6467795560034684,,,,1.0
30,acetone_gsolv_eV,136,0.9999998807907104,0.0,0.6467795560034684,0.6467795560034684,,,,1.0
30,acetone_gsolv_eV,137,0.9999998807907104,0.0,0.6467795560034684,0.6467795560034684,,,,1.0
30,acetone_gsolv_eV,138,0.9999998807907104,0.0,0.6467795560034684,0.6467795560034684,,,,1.0
30,acetone_gsolv_eV,139,0.9999998807907104,0.0,0.6467795560034684,0.6467795560034684,,,,1.0
30,acetone_gsolv_eV,140,0.9999998807907104,0.0,0.6467795560034684,0.6467795560034684,,,,1.0
30,acetone_gsolv_eV,141,0.9999998807907104,0.0,0.6467795560034684,0.6467795560034684,,,,1.0
30,acetone_gsolv_eV,142,0.9999998807907104,0.0,0.6467795560034684,0.6467795560034684,,,,1.0
30,acetone_gsolv_eV,143,0.9999998807907104,0.0,0.6467795560034684,0.6467795560034684,,,,1.0
30,acetone_gsolv_eV,144,0.9999998807907104,0.0,0.6467795560034684,0.6467795560034684,,,,1.0
30,acetone_gsolv_eV,145,0.9999998807907104,0.0,0.6467795560034684,0.6467795560034684,,,,1.0
30,acetone_gsolv_eV,146,0.9999998807907104,0.0,0.6467795560034684,0.6467795560034684,,,,1.0
30,acetone_gsolv_eV,147,0.9999998807907104,0.0,0.6467795560034684,0.6467795560034684,,,,1.0
30,acetone_gsolv_eV,148,0.9999998807907104,0.0,0.6467795560034684,0.6467795560034684,,,,1.0
30,acetone_gsolv_eV,149,0.9999998807907104,0.0,0.6467795560034684,0.6467795560034684,,,,1.0
30,acetone_gsolv_eV,150,0.9999998807907104,0.0,0.6467795560034684,0.6467795560034684,,,,1.0
30,acetone_gsolv_eV,151,0.9999998807907104,0.0,0.6467795560034684,0.6467795560034684,,,,1.0
30,acetone_gsolv_eV,152,0.9999998807907104,0.0,0.6467795560034684,0.6467795560034684,,,,1.0
30,acetone_gsolv_eV,153,0.9999998807907104,0.0,0.6467795560034684,0.6467795560034684,,,,1.0
30,acetone_gsolv_eV,154,0.9999998807907104,0.0,0.6467795560034684,0.6467795560034684,,,,1.0
30,acetone_gsolv_eV,155,0.9999998807907104,0.0,0.6467795560034684,0.6467795560034684,,,,1.0
30,acetone_gsolv_eV,156,0.9999998807907104,0.0,0.6467795560034684,0.6467795560034684,,,,1.0
30,acetone_gsolv_eV,157,0.9999998807907104,0.0,0.6467795560034684,0.6467795560034684,,,,1.0
30,acetone_gsolv_eV,158,0.9999998807907104,0.0,0.6467795560034684,0.6467795560034684,,,,1.0
30,acetone_gsolv_eV,159,0.9999998807907104,0.0,0.6467795560034684,0.6467795560034684,,,,1.0
30,acetone_gsolv_eV,160,0.9999998807907104,0.0,0.6467795560034684,0.6467795560034684,,,,1.0
30,acetone_gsolv_eV,161,0.9999998807907104,0.0,0.6467795560034684,0.6467795560034684,,,,1.0
30,acetone_gsolv_eV,162,0.9999998807907104,0.0,0.6467795560034684,0.6467795560034684,,,,1.0
30,acetone_gsolv_eV,163,0.9999998807907104,0.0,0.6467795560034684,0.6467795560034684,,,,1.0
30,acetone_gsolv_eV,164,0.9999998807907104,0.0,0.6467795560034684,0.6467795560034684,,,,1.0
30,acetone_gsolv_eV,165,0.9999998807907104,0.0,0.6467795560034684,0.6467795560034684,,,,1.0
30,acetone_gsolv_eV,166,0.9999998807907104,0.0,0.6467795560034684,0.6467795560034684,,,,1.0
30,acetone_gsolv_eV,167,0.9999998807907104,0.0,0.6467795560034684,0.6467795560034684,,,,1.0
30,acetone_gsolv_eV,168,0.9999998807907104,0.0,0.6467795560034684,0.6467795560034684,,,,1.0
30,acetone_gsolv_eV,169,0.9999998807907104,0.0,0.6467795560034684,0.6467795560034684,,,,1.0
30,acetone_gsolv_eV,170,0.9999998807907104,0.0,0.6467795560034684,0.6467795560034684,,,,1.0
30,acetone_gsolv_eV,171,0.9999998807907104,0.0,0.6467795560034684,0.6467795560034684,,,,1.0
30,acetone_gsolv_eV,172,0.9999998807907104,0.0,0.6467795560034684,0.6467795560034684,,,,1.0
30,acetone_gsolv_eV,173,0.9999998807907104,0.0,0.6467795560034684,0.6467795560034684,,,,1.0
30,acetone_gsolv_eV,174,0.9999998807907104,0.0,0.6467795560034684,0.6467795560034684,,,,1.0
30,acetone_gsolv_eV,175,0.9999998807907104,0.0,0.6467795560034684,0.6467795560034684,,,,1.0
30,acetone_gsolv_eV,176,0.9999998807907104,0.0,0.6467795560034684,0.6467795560034684,,,,1.0
30,acetone_gsolv_eV,177,0.9999998807907104,0.0,0.6467795560034684,0.6467795560034684,,,,1.0
30,acetone_gsolv_eV,178,0.9999998807907104,0.0,0.6467795560034684,0.6467795560034684,,,,1.0
30,acetone_gsolv_eV,179,0.9999998807907104,0.0,0.6467795560034684,0.6467795560034684,,,,1.0
30,acetone_gsolv_eV,180,0.9999998807907104,0.0,0.6467795560034684,0.6467795560034684,,,,1.0
30,acetone_gsolv_eV,181,0.9999998807907104,0.0,0.6467795560034684,0.6467795560034684,,,,1.0
30,acetone_gsolv_eV,182,0.9999998807907104,0.0,0.6467795560034684,0.6467795560034684,,,,1.0
30,acetone_gsolv_eV,183,0.9999998807907104,0.0,0.6467795560034684,0.6467795560034684,,,,1.0
30,acetone_gsolv_eV,184,0.9999998807907104,0.0,0.6467795560034684,0.6467795560034684,,,,1.0
30,acetone_gsolv_eV,185,0.9999998807907104,0.0,0.6467795560034684,0.6467795560034684,,,,1.0
30,acetone_gsolv_eV,186,0.9999998807907104,0.0,0.6467795560034684,0.6467795560034684,,,,1.0
30,acetone_gsolv_eV,187,0.9999998807907104,0.0,0.6467795560034684,0.6467795560034684,,,,1.0
30,acetone_gsolv_eV,188,0.9999998807907104,0.0,0.6467795560034684,0.6467795560034684,,,,1.0
30,acetone_gsolv_eV,189,0.9999998807907104,0.0,0.6467795560034684,0.6467795560034684,,,,1.0
30,acetone_gsolv_eV,190,0.9999998807907104,0.0,0.6467795560034684,0.6467795560034684,,,,1.0
30,acetone_gsolv_eV,191,0.9999998807907104,0.0,0.6467795560034684,0.6467795560034684,,,,1.0
30,acetone_gsolv_eV,192,0.9999998807907104,0.0,0.6467795560034684,0.6467795560034684,,,,1.0
30,acetone_gsolv_eV,193,0.9999998807907104,0.0,0.6467795560034684,0.6467795560034684,,,,1.0
30,acetone_gsolv_eV,194,0.9999998807907104,0.0,0.6467795560034684,0.6467795560034684,,,,1.0
30,acetone_gsolv_eV,195,0.9999998807907104,0.0,0.6467795560034684,0.6467795560034684,,,,1.0
30,acetone_gsolv_eV,196,0.9999998807907104,0.0,0.6467795560034684,0.6467795560034684,,,,1.0
30,acetone_gsolv_eV,197,0.9999998807907104,0.0,0.6467795560034684,0.6467795560034684,,,,1.0
30,acetone_gsolv_eV,198,0.9999998807907104,0.0,0.6467795560034684,0.6467795560034684,,,,1.0
30,acetone_gsolv_eV,199,0.9999998807907104,0.0,0.6467795560034684,0.6467795560034684,,,,1.0
30,acetone_gsolv_eV,200,0.9999998807907104,0.0,0.6467795560034684,0.6467795560034684,,,,1.0
30,acetone_gsolv_eV,201,0.9999998807907104,0.0,0.6467795560034684,0.6467795560034684,,,,1.0
30,acetone_gsolv_eV,202,0.9999998807907104,0.0,0.6467795560034684,0.6467795560034684,,,,1.0
30,acetone_gsolv_eV,203,0.9999998807907104,0.0,0.6467795560034684,0.6467795560034684,,,,1.0
30,acetone_gsolv_eV,204,0.9999998807907104,0.0,0.6467795560034684,0.6467795560034684,,,,1.0
30,acetone_gsolv_eV,205,0.9999998807907104,0.0,0.6467795560034684,0.6467795560034684,,,,1.0
30,acetone_gsolv_eV,206,0.9999998807907104,0.0,0.6467795560034684,0.6467795560034684,,,,1.0
30,acetone_gsolv_eV,207,0.9999998807907104,0.0,0.6467795560034684,0.6467795560034684,,,,1.0
30,acetone_gsolv_eV,208,0.9999998807907104,0.0,0.6467795560034684,0.6467795560034684,,,,1.0
30,acetone_gsolv_eV,209,0.9999998807907104,0.0,0.6467795560034684,0.6467795560034684,,,,1.0
30,acetone_gsolv_eV,210,0.9999998807907104,0.0,0.6467795560034684,0.6467795560034684,,,,1.0
30,acetone_gsolv_eV,211,0.9999998807907104,0.0,0.6467795560034684,0.6467795560034684,,,,1.0
30,acetone_gsolv_eV,212,0.9999998807907104,0.0,0.6467795560034684,0.6467795560034684,,,,1.0
30,acetone_gsolv_eV,213,0.9999998807907104,0.0,0.6467795560034684,0.6467795560034684,,,,1.0
30,acetone_gsolv_eV,214,0.9999998807907104,0.0,0.6467795560034684,0.6467795560034684,,,,1.0
30,acetone_gsolv_eV,215,0.9999998807907104,0.0,0.6467795560034684,0.6467795560034684,,,,1.0
30,acetone_gsolv_eV,216,0.9999998807907104,0.0,0.6467795560034684,0.6467795560034684,,,,1.0
30,acetone_gsolv_eV,217,0.9999998807907104,0.0,0.6467795560034684,0.6467795560034684,,,,1.0
30,acetone_gsolv_eV,218,0.9999998807907104,0.0,0.6467795560034684,0.6467795560034684,,,,1.0
30,acetone_gsolv_eV,219,0.9999998807907104,0.0,0.6467795560034684,0.6467795560034684,,,,1.0
30,acetone_gsolv_eV,220,0.9999998807907104,0.0,0.6467795560034684,0.6467795560034684,,,,1.0
30,acetone_gsolv_eV,221,0.9999998807907104,0.0,0.6467795560034684,0.6467795560034684,,,,1.0
30,acetone_gsolv_eV,222,0.9999998807907104,0.0,0.6467795560034684,0.6467795560034684,,,,1.0
30,acetone_gsolv_eV,223,0.9999998807907104,0.0,0.6467795560034684,0.6467795560034684,,,,1.0
30,acetone_gsolv_eV,224,0.9999998807907104,0.0,0.6467795560034684,0.6467795560034684,,,,1.0
30,acetone_gsolv_eV,225,0.9999998807907104,0.0,0.6467795560034684,0.6467795560034684,,,,1.0
30,acetone_gsolv_eV,226,0.9999998807907104,0.0,0.6467795560034684,0.6467795560034684,,,,1.0
30,acetone_gsolv_eV,227,0.9999998807907104,0.0,0.6467795560034684,0.6467795560034684,,,,1.0
30,acetone_gsolv_eV,228,0.9999998807907104,0.0,0.6467795560034684,0.6467795560034684,,,,1.0
30,acetone_gsolv_eV,229,0.9999998807907104,0.0,0.6467795560034684,0.6467795560034684,,,,1.0
30,acetone_gsolv_eV,230,0.9999998807907104,0.0,0.6467795560034684,0.6467795560034684,,,,1.0
30,acetone_gsolv_eV,231,0.9999998807907104,0.0,0.6467795560034684,0.6467795560034684,,,,1.0
30,acetone_gsolv_eV,232,0.9999998807907104,0.0,0.6467795560034684,0.6467795560034684,,,,1.0
30,acetone_gsolv_eV,233,0.9999998807907104,0.0,0.6467795560034684,0.6467795560034684,,,,1.0
30,acetone_gsolv_eV,234,0.9999998807907104,0.0,0.6467795560034684,0.6467795560034684,,,,1.0
30,acetone_gsolv_eV,235,0.9999998807907104,0.0,0.6467795560034684,0.6467795560034684,,,,1.0
30,acetone_gsolv_eV,236,0.9999998807907104,0.0,0.6467795560034684,0.6467795560034684,,,,1.0
30,acetone_gsolv_eV,237,0.9999998807907104,0.0,0.6467795560034684,0.6467795560034684,,,,1.0
30,acetone_gsolv_eV,238,0.9999998807907104,0.0,0.6467795560034684,0.6467795560034684,,,,1.0
30,acetone_gsolv_eV,239,0.9999998807907104,0.0,0.6467795560034684,0.6467795560034684,,,,1.0
30,acetone_gsolv_eV,240,0.9999998807907104,0.0,0.6467795560034684,0.6467795560034684,,,,1.0
30,acetone_gsolv_eV,241,0.9999998807907104,0.0,0.6467795560034684,0.6467795560034684,,,,1.0
30,acetone_gsolv_eV,242,0.9999998807907104,0.0,0.6467795560034684,0.6467795560034684,,,,1.0
30,acetone_gsolv_eV,243,0.9999998807907104,0.0,0.6467795560034684,0.6467795560034684,,,,1.0
30,acetone_gsolv_eV,244,0.9999998807907104,0.0,0.6467795560034684,0.6467795560034684,,,,1.0
30,acetone_gsolv_eV,245,0.9999998807907104,0.0,0.6467795560034684,0.6467795560034684,,,,1.0
30,acetone_gsolv_eV,246,0.9999998807907104,0.0,0.6467795560034684,0.6467795560034684,,,,1.0
30,acetone_gsolv_eV,247,0.9999998807907104,0.0,0.6467795560034684,0.6467795560034684,,,,1.0
30,acetone_gsolv_eV,248,0.9999998807907104,0.0,0.6467795560034684,0.6467795560034684,,,,1.0
30,acetone_gsolv_eV,249,0.9999998807907104,0.0,0.6467795560034684,0.6467795560034684,,,,1.0
30,acetone_hl_gap_eV,0,1.0,0.0,0.7111115175763676,0.7111115175763676,,,,1.0
30,acetone_hl_gap_eV,1,1.0,0.0,0.7111115175763676,0.7111115175763676,,,,1.0
30,acetone_hl_gap_eV,2,1.0,0.0,0.7111115175763676,0.7111115175763676,,,,1.0
30,acetone_hl_gap_eV,3,1.0,0.0,0.7111115175763676,0.7111115175763676,,,,1.0
30,acetone_hl_gap_eV,4,1.0,0.0,0.7111115175763676,0.7111115175763676,,,,1.0
30,acetone_hl_gap_eV,5,1.0,0.0,0.7111115175763676,0.7111115175763676,,,,1.0
30,acetone_hl_gap_eV,6,1.0,0.0,0.7111115175763676,0.7111115175763676,,,,1.0
30,acetone_hl_gap_eV,7,1.0,0.0,0.7111115175763676,0.7111115175763676,,,,1.0
30,acetone_hl_gap_eV,8,1.0,0.0,0.7111115175763676,0.7111115175763676,,,,1.0
30,acetone_hl_gap_eV,9,1.0,0.0,0.7111115175763676,0.7111115175763676,,,,1.0
30,acetone_hl_gap_eV,10,1.0,0.0,0.7111115175763676,0.7111115175763676,,,,1.0
30,acetone_hl_gap_eV,11,1.0,0.0,0.7111115175763676,0.7111115175763676,,,,1.0
30,acetone_hl_gap_eV,12,1.0,0.0,0.7111115175763676,0.7111115175763676,,,,1.0
30,acetone_hl_gap_eV,13,1.0,0.0,0.7111115175763676,0.7111115175763676,,,,1.0
30,acetone_hl_gap_eV,14,1.0,0.0,0.7111115175763676,0.7111115175763676,,,,1.0
30,acetone_hl_gap_eV,15,1.0,0.0,0.7111115175763676,0.7111115175763676,,,,1.0
30,acetone_hl_gap_eV,16,1.0,0.0,0.7111115175763676,0.7111115175763676,,,,1.0
30,acetone_hl_gap_eV,17,1.0,0.0,0.7111115175763676,0.7111115175763676,,,,1.0
30,acetone_hl_gap_eV,18,1.0,0.0,0.7111115175763676,0.7111115175763676,,,,1.0
30,acetone_hl_gap_eV,19,1.0,0.0,0.7111115175763676,0.7111115175763676,,,,1.0
30,acetone_hl_gap_eV,20,1.0,0.0,0.7111115175763676,0.7111115175763676,,,,1.0
30,acetone_hl_gap_eV,21,1.0,0.0,0.7111115175763676,0.7111115175763676,,,,1.0
30,acetone_hl_gap_eV,22,1.0,0.0,0.7111115175763676,0.7111115175763676,,,,1.0
30,acetone_hl_gap_eV,23,1.0,0.0,0.7111115175763676,0.7111115175763676,,,,1.0
30,acetone_hl_gap_eV,24,1.0,0.0,0.7111115175763676,0.7111115175763676,,,,1.0
30,acetone_hl_gap_eV,25,1.0,0.0,0.7111115175763676,0.7111115175763676,,,,1.0
30,acetone_hl_gap_eV,26,1.0,0.0,0.7111115175763676,0.7111115175763676,,,,1.0
30,acetone_hl_gap_eV,27,1.0,0.0,0.7111115175763676,0.7111115175763676,,,,1.0
30,acetone_hl_gap_eV,28,1.0,0.0,0.7111115175763676,0.7111115175763676,,,,1.0
30,acetone_hl_gap_eV,29,1.0,0.0,0.7111115175763676,0.7111115175763676,,,,1.0
30,acetone_hl_gap_eV,30,1.0,0.0,0.7111115175763676,0.7111115175763676,,,,1.0
30,acetone_hl_gap_eV,31,1.0,0.0,0.7111115175763676,0.7111115175763676,,,,1.0
30,acetone_hl_gap_eV,32,1.0,0.0,0.7111115175763676,0.7111115175763676,,,,1.0
30,acetone_hl_gap_eV,33,1.0,0.0,0.7111115175763676,0.7111115175763676,,,,1.0
30,acetone_hl_gap_eV,34,1.0,0.0,0.7111115175763676,0.7111115175763676,,,,1.0
30,acetone_hl_gap_eV,35,1.0,0.0,0.7111115175763676,0.7111115175763676,,,,1.0
30,acetone_hl_gap_eV,36,1.0,0.0,0.7111115175763676,0.7111115175763676,,,,1.0
30,acetone_hl_gap_eV,37,1.0,0.0,0.7111115175763676,0.7111115175763676,,,,1.0
30,acetone_hl_gap_eV,38,1.0,0.0,0.7111115175763676,0.7111115175763676,,,,1.0
30,acetone_hl_gap_eV,39,1.0,0.0,0.7111115175763676,0.7111115175763676,,,,1.0
30,acetone_hl_gap_eV,40,1.0,0.0,0.7111115175763676,0.7111115175763676,,,,1.0
30,acetone_hl_gap_eV,41,1.0,0.0,0.7111115175763676,0.7111115175763676,,,,1.0
30,acetone_hl_gap_eV,42,1.0,0.0,0.7111115175763676,0.7111115175763676,,,,1.0
30,acetone_hl_gap_eV,43,1.0,0.0,0.7111115175763676,0.7111115175763676,,,,1.0
30,acetone_hl_gap_eV,44,1.0,0.0,0.7111115175763676,0.7111115175763676,,,,1.0
30,acetone_hl_gap_eV,45,1.0,0.0,0.7111115175763676,0.7111115175763676,,,,1.0
30,acetone_hl_gap_eV,46,1.0,0.0,0.7111115175763676,0.7111115175763676,,,,1.0
30,acetone_hl_gap_eV,47,1.0,0.0,0.7111115175763676,0.7111115175763676,,,,1.0
30,acetone_hl_gap_eV,48,1.0,0.0,0.7111115175763676,0.7111115175763676,,,,1.0
30,acetone_hl_gap_eV,49,1.0,0.0,0.7111115175763676,0.7111115175763676,,,,1.0
30,acetone_hl_gap_eV,50,1.0,0.0,0.7111115175763676,0.7111115175763676,,,,1.0
30,acetone_hl_gap_eV,51,1.0,0.0,0.7111115175763676,0.7111115175763676,,,,1.0
30,acetone_hl_gap_eV,52,1.0,0.0,0.7111115175763676,0.7111115175763676,,,,1.0
30,acetone_hl_gap_eV,53,1.0,0.0,0.7111115175763676,0.7111115175763676,,,,1.0
30,acetone_hl_gap_eV,54,1.0,0.0,0.7111115175763676,0.7111115175763676,,,,1.0
30,acetone_hl_gap_eV,55,1.0,0.0,0.7111115175763676,0.7111115175763676,,,,1.0
30,acetone_hl_gap_eV,56,1.0,0.0,0.7111115175763676,0.7111115175763676,,,,1.0
30,acetone_hl_gap_eV,57,1.0,0.0,0.7111115175763676,0.7111115175763676,,,,1.0
30,acetone_hl_gap_eV,58,1.0,0.0,0.7111115175763676,0.7111115175763676,,,,1.0
30,acetone_hl_gap_eV,59,1.0,0.0,0.7111115175763676,0.7111115175763676,,,,1.0
30,acetone_hl_gap_eV,60,1.0,0.0,0.7111115175763676,0.7111115175763676,,,,1.0
30,acetone_hl_gap_eV,61,1.0,0.0,0.7111115175763676,0.7111115175763676,,,,1.0
30,acetone_hl_gap_eV,62,1.0,0.0,0.7111115175763676,0.7111115175763676,,,,1.0
30,acetone_hl_gap_eV,63,1.0,0.0,0.7111115175763676,0.7111115175763676,,,,1.0
30,acetone_hl_gap_eV,64,1.0,0.0,0.7111115175763676,0.7111115175763676,,,,1.0
30,acetone_hl_gap_eV,65,1.0,0.0,0.7111115175763676,0.7111115175763676,,,,1.0
30,acetone_hl_gap_eV,66,1.0,0.0,0.7111115175763676,0.7111115175763676,,,,1.0
30,acetone_hl_gap_eV,67,1.0,0.0,0.7111115175763676,0.7111115175763676,,,,1.0
30,acetone_hl_gap_eV,68,1.0,0.0,0.7111115175763676,0.7111115175763676,,,,1.0
30,acetone_hl_gap_eV,69,1.0,0.0,0.7111115175763676,0.7111115175763676,,,,1.0
30,acetone_hl_gap_eV,70,1.0,0.0,0.7111115175763676,0.7111115175763676,,,,1.0
30,acetone_hl_gap_eV,71,1.0,0.0,0.7111115175763676,0.7111115175763676,,,,1.0
30,acetone_hl_gap_eV,72,1.0,0.0,0.7111115175763676,0.7111115175763676,,,,1.0
30,acetone_hl_gap_eV,73,1.0,0.0,0.7111115175763676,0.7111115175763676,,,,1.0
30,acetone_hl_gap_eV,74,1.0,0.0,0.7111115175763676,0.7111115175763676,,,,1.0
30,acetone_hl_gap_eV,75,1.0,0.0,0.7111115175763676,0.7111115175763676,,,,1.0
30,acetone_hl_gap_eV,76,1.0,0.0,0.7111115175763676,0.7111115175763676,,,,1.0
30,acetone_hl_gap_eV,77,1.0,0.0,0.7111115175763676,0.7111115175763676,,,,1.0
30,acetone_hl_gap_eV,78,1.0,0.0,0.7111115175763676,0.7111115175763676,,,,1.0
30,acetone_hl_gap_eV,79,1.0,0.0,0.7111115175763676,0.7111115175763676,,,,1.0
30,acetone_hl_gap_eV,80,1.0,0.0,0.7111115175763676,0.7111115175763676,,,,1.0
30,acetone_hl_gap_eV,81,1.0,0.0,0.7111115175763676,0.7111115175763676,,,,1.0
30,acetone_hl_gap_eV,82,1.0,0.0,0.7111115175763676,0.7111115175763676,,,,1.0
30,acetone_hl_gap_eV,83,1.0,0.0,0.7111115175763676,0.7111115175763676,,,,1.0
30,acetone_hl_gap_eV,84,1.0,0.0,0.7111115175763676,0.7111115175763676,,,,1.0
30,acetone_hl_gap_eV,85,1.0,0.0,0.7111115175763676,0.7111115175763676,,,,1.0
30,acetone_hl_gap_eV,86,1.0,0.0,0.7111115175763676,0.7111115175763676,,,,1.0
30,acetone_hl_gap_eV,87,1.0,0.0,0.7111115175763676,0.7111115175763676,,,,1.0
30,acetone_hl_gap_eV,88,1.0,0.0,0.7111115175763676,0.7111115175763676,,,,1.0
30,acetone_hl_gap_eV,89,1.0,0.0,0.7111115175763676,0.7111115175763676,,,,1.0
30,acetone_hl_gap_eV,90,1.0,0.0,0.7111115175763676,0.7111115175763676,,,,1.0
30,acetone_hl_gap_eV,91,1.0,0.0,0.7111115175763676,0.7111115175763676,,,,1.0
30,acetone_hl_gap_eV,92,1.0,0.0,0.7111115175763676,0.7111115175763676,,,,1.0
30,acetone_hl_gap_eV,93,1.0,0.0,0.7111115175763676,0.7111115175763676,,,,1.0
30,acetone_hl_gap_eV,94,1.0,0.0,0.7111115175763676,0.7111115175763676,,,,1.0
30,acetone_hl_gap_eV,95,1.0,0.0,0.7111115175763676,0.7111115175763676,,,,1.0
30,acetone_hl_gap_eV,96,1.0,0.0,0.7111115175763676,0.7111115175763676,,,,1.0
30,acetone_hl_gap_eV,97,1.0,0.0,0.7111115175763676,0.7111115175763676,,,,1.0
30,acetone_hl_gap_eV,98,1.0,0.0,0.7111115175763676,0.7111115175763676,,,,1.0
30,acetone_hl_gap_eV,99,1.0,0.0,0.7111115175763676,0.7111115175763676,,,,1.0
30,acetone_hl_gap_eV,100,1.0,0.0,0.7111115175763676,0.7111115175763676,,,,1.0
30,acetone_hl_gap_eV,101,1.0,0.0,0.7111115175763676,0.7111115175763676,,,,1.0
30,acetone_hl_gap_eV,102,1.0,0.0,0.7111115175763676,0.7111115175763676,,,,1.0
30,acetone_hl_gap_eV,103,1.0,0.0,0.7111115175763676,0.7111115175763676,,,,1.0
30,acetone_hl_gap_eV,104,1.0,0.0,0.7111115175763676,0.7111115175763676,,,,1.0
30,acetone_hl_gap_eV,105,1.0,0.0,0.7111115175763676,0.7111115175763676,,,,1.0
30,acetone_hl_gap_eV,106,1.0,0.0,0.7111115175763676,0.7111115175763676,,,,1.0
30,acetone_hl_gap_eV,107,1.0,0.0,0.7111115175763676,0.7111115175763676,,,,1.0
30,acetone_hl_gap_eV,108,1.0,0.0,0.7111115175763676,0.7111115175763676,,,,1.0
30,acetone_hl_gap_eV,109,1.0,0.0,0.7111115175763676,0.7111115175763676,,,,1.0
30,acetone_hl_gap_eV,110,1.0,0.0,0.7111115175763676,0.7111115175763676,,,,1.0
30,acetone_hl_gap_eV,111,1.0,0.0,0.7111115175763676,0.7111115175763676,,,,1.0
30,acetone_hl_gap_eV,112,1.0,0.0,0.7111115175763676,0.7111115175763676,,,,1.0
30,acetone_hl_gap_eV,113,1.0,0.0,0.7111115175763676,0.7111115175763676,,,,1.0
30,acetone_hl_gap_eV,114,1.0,0.0,0.7111115175763676,0.7111115175763676,,,,1.0
30,acetone_hl_gap_eV,115,1.0,0.0,0.7111115175763676,0.7111115175763676,,,,1.0
30,acetone_hl_gap_eV,116,1.0,0.0,0.7111115175763676,0.7111115175763676,,,,1.0
30,acetone_hl_gap_eV,117,1.0,0.0,0.7111115175763676,0.7111115175763676,,,,1.0
30,acetone_hl_gap_eV,118,1.0,0.0,0.7111115175763676,0.7111115175763676,,,,1.0
30,acetone_hl_gap_eV,119,1.0,0.0,0.7111115175763676,0.7111115175763676,,,,1.0
30,acetone_hl_gap_eV,120,1.0,0.0,0.7111115175763676,0.7111115175763676,,,,1.0
30,acetone_hl_gap_eV,121,1.0,0.0,0.7111115175763676,0.7111115175763676,,,,1.0
30,acetone_hl_gap_eV,122,1.0,0.0,0.7111115175763676,0.7111115175763676,,,,1.0
30,acetone_hl_gap_eV,123,1.0,0.0,0.7111115175763676,0.7111115175763676,,,,1.0
30,acetone_hl_gap_eV,124,1.0,0.0,0.7111115175763676,0.7111115175763676,,,,1.0
30,acetone_hl_gap_eV,125,1.0,0.0,0.7111115175763676,0.7111115175763676,,,,1.0
30,acetone_hl_gap_eV,126,1.0,0.0,0.7111115175763676,0.7111115175763676,,,,1.0
30,acetone_hl_gap_eV,127,1.0,0.0,0.7111115175763676,0.7111115175763676,,,,1.0
30,acetone_hl_gap_eV,128,1.0,0.0,0.7111115175763676,0.7111115175763676,,,,1.0
30,acetone_hl_gap_eV,129,1.0,0.0,0.7111115175763676,0.7111115175763676,,,,1.0
30,acetone_hl_gap_eV,130,1.0,0.0,0.7111115175763676,0.7111115175763676,,,,1.0
30,acetone_hl_gap_eV,131,1.0,0.0,0.7111115175763676,0.7111115175763676,,,,1.0
30,acetone_hl_gap_eV,132,1.0,0.0,0.7111115175763676,0.7111115175763676,,,,1.0
30,acetone_hl_gap_eV,133,1.0,0.0,0.7111115175763676,0.7111115175763676,,,,1.0
30,acetone_hl_gap_eV,134,1.0,0.0,0.7111115175763676,0.7111115175763676,,,,1.0
30,acetone_hl_gap_eV,135,1.0,0.0,0.7111115175763676,0.7111115175763676,,,,1.0
30,acetone_hl_gap_eV,136,1.0,0.0,0.7111115175763676,0.7111115175763676,,,,1.0
30,acetone_hl_gap_eV,137,1.0,0.0,0.7111115175763676,0.7111115175763676,,,,1.0
30,acetone_hl_gap_eV,138,1.0,0.0,0.7111115175763676,0.7111115175763676,,,,1.0
30,acetone_hl_gap_eV,139,1.0,0.0,0.7111115175763676,0.7111115175763676,,,,1.0
30,acetone_hl_gap_eV,140,1.0,0.0,0.7111115175763676,0.7111115175763676,,,,1.0
30,acetone_hl_gap_eV,141,1.0,0.0,0.7111115175763676,0.7111115175763676,,,,1.0
30,acetone_hl_gap_eV,142,1.0,0.0,0.7111115175763676,0.7111115175763676,,,,1.0
30,acetone_hl_gap_eV,143,1.0,0.0,0.7111115175763676,0.7111115175763676,,,,1.0
30,acetone_hl_gap_eV,144,1.0,0.0,0.7111115175763676,0.7111115175763676,,,,1.0
30,acetone_hl_gap_eV,145,1.0,0.0,0.7111115175763676,0.7111115175763676,,,,1.0
30,acetone_hl_gap_eV,146,1.0,0.0,0.7111115175763676,0.7111115175763676,,,,1.0
30,acetone_hl_gap_eV,147,1.0,0.0,0.7111115175763676,0.7111115175763676,,,,1.0
30,acetone_hl_gap_eV,148,1.0,0.0,0.7111115175763676,0.7111115175763676,,,,1.0
30,acetone_hl_gap_eV,149,1.0,0.0,0.7111115175763676,0.7111115175763676,,,,1.0
30,acetone_hl_gap_eV,150,1.0,0.0,0.7111115175763676,0.7111115175763676,,,,1.0
30,acetone_hl_gap_eV,151,1.0,0.0,0.7111115175763676,0.7111115175763676,,,,1.0
30,acetone_hl_gap_eV,152,1.0,0.0,0.7111115175763676,0.7111115175763676,,,,1.0
30,acetone_hl_gap_eV,153,1.0,0.0,0.7111115175763676,0.7111115175763676,,,,1.0
30,acetone_hl_gap_eV,154,1.0,0.0,0.7111115175763676,0.7111115175763676,,,,1.0
30,acetone_hl_gap_eV,155,1.0,0.0,0.7111115175763676,0.7111115175763676,,,,1.0
30,acetone_hl_gap_eV,156,1.0,0.0,0.7111115175763676,0.7111115175763676,,,,1.0
30,acetone_hl_gap_eV,157,1.0,0.0,0.7111115175763676,0.7111115175763676,,,,1.0
30,acetone_hl_gap_eV,158,1.0,0.0,0.7111115175763676,0.7111115175763676,,,,1.0
30,acetone_hl_gap_eV,159,1.0,0.0,0.7111115175763676,0.7111115175763676,,,,1.0
30,acetone_hl_gap_eV,160,1.0,0.0,0.7111115175763676,0.7111115175763676,,,,1.0
30,acetone_hl_gap_eV,161,1.0,0.0,0.7111115175763676,0.7111115175763676,,,,1.0
30,acetone_hl_gap_eV,162,1.0,0.0,0.7111115175763676,0.7111115175763676,,,,1.0
30,acetone_hl_gap_eV,163,1.0,0.0,0.7111115175763676,0.7111115175763676,,,,1.0
30,acetone_hl_gap_eV,164,1.0,0.0,0.7111115175763676,0.7111115175763676,,,,1.0
30,acetone_hl_gap_eV,165,1.0,0.0,0.7111115175763676,0.7111115175763676,,,,1.0
30,acetone_hl_gap_eV,166,1.0,0.0,0.7111115175763676,0.7111115175763676,,,,1.0
30,acetone_hl_gap_eV,167,1.0,0.0,0.7111115175763676,0.7111115175763676,,,,1.0
30,acetone_hl_gap_eV,168,1.0,0.0,0.7111115175763676,0.7111115175763676,,,,1.0
30,acetone_hl_gap_eV,169,1.0,0.0,0.7111115175763676,0.7111115175763676,,,,1.0
30,acetone_hl_gap_eV,170,1.0,0.0,0.7111115175763676,0.7111115175763676,,,,1.0
30,acetone_hl_gap_eV,171,1.0,0.0,0.7111115175763676,0.7111115175763676,,,,1.0
30,acetone_hl_gap_eV,172,1.0,0.0,0.7111115175763676,0.7111115175763676,,,,1.0
30,acetone_hl_gap_eV,173,1.0,0.0,0.7111115175763676,0.7111115175763676,,,,1.0
30,acetone_hl_gap_eV,174,1.0,0.0,0.7111115175763676,0.7111115175763676,,,,1.0
30,acetone_hl_gap_eV,175,1.0,0.0,0.7111115175763676,0.7111115175763676,,,,1.0
30,acetone_hl_gap_eV,176,1.0,0.0,0.7111115175763676,0.7111115175763676,,,,1.0
30,acetone_hl_gap_eV,177,1.0,0.0,0.7111115175763676,0.7111115175763676,,,,1.0
30,acetone_hl_gap_eV,178,1.0,0.0,0.7111115175763676,0.7111115175763676,,,,1.0
30,acetone_hl_gap_eV,179,1.0,0.0,0.7111115175763676,0.7111115175763676,,,,1.0
30,acetone_hl_gap_eV,180,1.0,0.0,0.7111115175763676,0.7111115175763676,,,,1.0
30,acetone_hl_gap_eV,181,1.0,0.0,0.7111115175763676,0.7111115175763676,,,,1.0
30,acetone_hl_gap_eV,182,1.0,0.0,0.7111115175763676,0.7111115175763676,,,,1.0
30,acetone_hl_gap_eV,183,1.0,0.0,0.7111115175763676,0.7111115175763676,,,,1.0
30,acetone_hl_gap_eV,184,1.0,0.0,0.7111115175763676,0.7111115175763676,,,,1.0
30,acetone_hl_gap_eV,185,1.0,0.0,0.7111115175763676,0.7111115175763676,,,,1.0
30,acetone_hl_gap_eV,186,1.0,0.0,0.7111115175763676,0.7111115175763676,,,,1.0
30,acetone_hl_gap_eV,187,1.0,0.0,0.7111115175763676,0.7111115175763676,,,,1.0
30,acetone_hl_gap_eV,188,1.0,0.0,0.7111115175763676,0.7111115175763676,,,,1.0
30,acetone_hl_gap_eV,189,1.0,0.0,0.7111115175763676,0.7111115175763676,,,,1.0
30,acetone_hl_gap_eV,190,1.0,0.0,0.7111115175763676,0.7111115175763676,,,,1.0
30,acetone_hl_gap_eV,191,1.0,0.0,0.7111115175763676,0.7111115175763676,,,,1.0
30,acetone_hl_gap_eV,192,1.0,0.0,0.7111115175763676,0.7111115175763676,,,,1.0
30,acetone_hl_gap_eV,193,1.0,0.0,0.7111115175763676,0.7111115175763676,,,,1.0
30,acetone_hl_gap_eV,194,1.0,0.0,0.7111115175763676,0.7111115175763676,,,,1.0
30,acetone_hl_gap_eV,195,1.0,0.0,0.7111115175763676,0.7111115175763676,,,,1.0
30,acetone_hl_gap_eV,196,1.0,0.0,0.7111115175763676,0.7111115175763676,,,,1.0
30,acetone_hl_gap_eV,197,1.0,0.0,0.7111115175763676,0.7111115175763676,,,,1.0
30,acetone_hl_gap_eV,198,1.0,0.0,0.7111115175763676,0.7111115175763676,,,,1.0
30,acetone_hl_gap_eV,199,1.0,0.0,0.7111115175763676,0.7111115175763676,,,,1.0
30,acetone_hl_gap_eV,200,1.0,0.0,0.7111115175763676,0.7111115175763676,,,,1.0
30,acetone_hl_gap_eV,201,1.0,0.0,0.7111115175763676,0.7111115175763676,,,,1.0
30,acetone_hl_gap_eV,202,1.0,0.0,0.7111115175763676,0.7111115175763676,,,,1.0
30,acetone_hl_gap_eV,203,1.0,0.0,0.7111115175763676,0.7111115175763676,,,,1.0
30,acetone_hl_gap_eV,204,1.0,0.0,0.7111115175763676,0.7111115175763676,,,,1.0
30,acetone_hl_gap_eV,205,1.0,0.0,0.7111115175763676,0.7111115175763676,,,,1.0
30,acetone_hl_gap_eV,206,1.0,0.0,0.7111115175763676,0.7111115175763676,,,,1.0
30,acetone_hl_gap_eV,207,1.0,0.0,0.7111115175763676,0.7111115175763676,,,,1.0
30,acetone_hl_gap_eV,208,1.0,0.0,0.7111115175763676,0.7111115175763676,,,,1.0
30,acetone_hl_gap_eV,209,1.0,0.0,0.7111115175763676,0.7111115175763676,,,,1.0
30,acetone_hl_gap_eV,210,1.0,0.0,0.7111115175763676,0.7111115175763676,,,,1.0
30,acetone_hl_gap_eV,211,1.0,0.0,0.7111115175763676,0.7111115175763676,,,,1.0
30,acetone_hl_gap_eV,212,1.0,0.0,0.7111115175763676,0.7111115175763676,,,,1.0
30,acetone_hl_gap_eV,213,1.0,0.0,0.7111115175763676,0.7111115175763676,,,,1.0
30,acetone_hl_gap_eV,214,1.0,0.0,0.7111115175763676,0.7111115175763676,,,,1.0
30,acetone_hl_gap_eV,215,1.0,0.0,0.7111115175763676,0.7111115175763676,,,,1.0
30,acetone_hl_gap_eV,216,1.0,0.0,0.7111115175763676,0.7111115175763676,,,,1.0
30,acetone_hl_gap_eV,217,1.0,0.0,0.7111115175763676,0.7111115175763676,,,,1.0
30,acetone_hl_gap_eV,218,1.0,0.0,0.7111115175763676,0.7111115175763676,,,,1.0
30,acetone_hl_gap_eV,219,1.0,0.0,0.7111115175763676,0.7111115175763676,,,,1.0
30,acetone_hl_gap_eV,220,1.0,0.0,0.7111115175763676,0.7111115175763676,,,,1.0
30,acetone_hl_gap_eV,221,1.0,0.0,0.7111115175763676,0.7111115175763676,,,,1.0
30,acetone_hl_gap_eV,222,1.0,0.0,0.7111115175763676,0.7111115175763676,,,,1.0
30,acetone_hl_gap_eV,223,1.0,0.0,0.7111115175763676,0.7111115175763676,,,,1.0
30,acetone_hl_gap_eV,224,1.0,0.0,0.7111115175763676,0.7111115175763676,,,,1.0
30,acetone_hl_gap_eV,225,1.0,0.0,0.7111115175763676,0.7111115175763676,,,,1.0
30,acetone_hl_gap_eV,226,1.0,0.0,0.7111115175763676,0.7111115175763676,,,,1.0
30,acetone_hl_gap_eV,227,1.0,0.0,0.7111115175763676,0.7111115175763676,,,,1.0
30,acetone_hl_gap_eV,228,1.0,0.0,0.7111115175763676,0.7111115175763676,,,,1.0
30,acetone_hl_gap_eV,229,1.0,0.0,0.7111115175763676,0.7111115175763676,,,,1.0
30,acetone_hl_gap_eV,230,1.0,0.0,0.7111115175763676,0.7111115175763676,,,,1.0
30,acetone_hl_gap_eV,231,1.0,0.0,0.7111115175763676,0.7111115175763676,,,,1.0
30,acetone_hl_gap_eV,232,1.0,0.0,0.7111115175763676,0.7111115175763676,,,,1.0
30,acetone_hl_gap_eV,233,1.0,0.0,0.7111115175763676,0.7111115175763676,,,,1.0
30,acetone_hl_gap_eV,234,1.0,0.0,0.7111115175763676,0.7111115175763676,,,,1.0
30,acetone_hl_gap_eV,235,1.0,0.0,0.7111115175763676,0.7111115175763676,,,,1.0
30,acetone_hl_gap_eV,236,1.0,0.0,0.7111115175763676,0.7111115175763676,,,,1.0
30,acetone_hl_gap_eV,237,1.0,0.0,0.7111115175763676,0.7111115175763676,,,,1.0
30,acetone_hl_gap_eV,238,1.0,0.0,0.7111115175763676,0.7111115175763676,,,,1.0
30,acetone_hl_gap_eV,239,1.0,0.0,0.7111115175763676,0.7111115175763676,,,,1.0
30,acetone_hl_gap_eV,240,1.0,0.0,0.7111115175763676,0.7111115175763676,,,,1.0
30,acetone_hl_gap_eV,241,1.0,0.0,0.7111115175763676,0.7111115175763676,,,,1.0
30,acetone_hl_gap_eV,242,1.0,0.0,0.7111115175763676,0.7111115175763676,,,,1.0
30,acetone_hl_gap_eV,243,1.0,0.0,0.7111115175763676,0.7111115175763676,,,,1.0
30,acetone_hl_gap_eV,244,1.0,0.0,0.7111115175763676,0.7111115175763676,,,,1.0
30,acetone_hl_gap_eV,245,1.0,0.0,0.7111115175763676,0.7111115175763676,,,,1.0
30,acetone_hl_gap_eV,246,1.0,0.0,0.7111115175763676,0.7111115175763676,,,,1.0
30,acetone_hl_gap_eV,247,1.0,0.0,0.7111115175763676,0.7111115175763676,,,,1.0
30,acetone_hl_gap_eV,248,1.0,0.0,0.7111115175763676,0.7111115175763676,,,,1.0
30,acetone_hl_gap_eV,249,1.0,0.0,0.7111115175763676,0.7111115175763676,,,,1.0
30,acetone_dipole,0,0.9999999403953552,0.0,0.587734432193908,0.587734432193908,,,,1.0
30,acetone_dipole,1,0.9999999403953552,0.0,0.587734432193908,0.587734432193908,,,,1.0
30,acetone_dipole,2,0.9999999403953552,0.0,0.587734432193908,0.587734432193908,,,,1.0
30,acetone_dipole,3,0.9999999403953552,0.0,0.587734432193908,0.587734432193908,,,,1.0
30,acetone_dipole,4,0.9999999403953552,0.0,0.587734432193908,0.587734432193908,,,,1.0
30,acetone_dipole,5,0.9999999403953552,0.0,0.587734432193908,0.587734432193908,,,,1.0
30,acetone_dipole,6,0.9999999403953552,0.0,0.587734432193908,0.587734432193908,,,,1.0
30,acetone_dipole,7,0.9999999403953552,0.0,0.587734432193908,0.587734432193908,,,,1.0
30,acetone_dipole,8,0.9999999403953552,0.0,0.587734432193908,0.587734432193908,,,,1.0
30,acetone_dipole,9,0.9999999403953552,0.0,0.587734432193908,0.587734432193908,,,,1.0
30,acetone_dipole,10,0.9999999403953552,0.0,0.587734432193908,0.587734432193908,,,,1.0
30,acetone_dipole,11,0.9999999403953552,0.0,0.587734432193908,0.587734432193908,,,,1.0
30,acetone_dipole,12,0.9999999403953552,0.0,0.587734432193908,0.587734432193908,,,,1.0
30,acetone_dipole,13,0.9999999403953552,0.0,0.587734432193908,0.587734432193908,,,,1.0
30,acetone_dipole,14,0.9999999403953552,0.0,0.587734432193908,0.587734432193908,,,,1.0
30,acetone_dipole,15,0.9999999403953552,0.0,0.587734432193908,0.587734432193908,,,,1.0
30,acetone_dipole,16,0.9999999403953552,0.0,0.587734432193908,0.587734432193908,,,,1.0
30,acetone_dipole,17,0.9999999403953552,0.0,0.587734432193908,0.587734432193908,,,,1.0
30,acetone_dipole,18,0.9999999403953552,0.0,0.587734432193908,0.587734432193908,,,,1.0
30,acetone_dipole,19,0.9999999403953552,0.0,0.587734432193908,0.587734432193908,,,,1.0
30,acetone_dipole,20,0.9999999403953552,0.0,0.587734432193908,0.587734432193908,,,,1.0
30,acetone_dipole,21,0.9999999403953552,0.0,0.587734432193908,0.587734432193908,,,,1.0
30,acetone_dipole,22,0.9999999403953552,0.0,0.587734432193908,0.587734432193908,,,,1.0
30,acetone_dipole,23,0.9999999403953552,0.0,0.587734432193908,0.587734432193908,,,,1.0
30,acetone_dipole,24,0.9999999403953552,0.0,0.587734432193908,0.587734432193908,,,,1.0
30,acetone_dipole,25,0.9999999403953552,0.0,0.587734432193908,0.587734432193908,,,,1.0
30,acetone_dipole,26,0.9999999403953552,0.0,0.587734432193908,0.587734432193908,,,,1.0
30,acetone_dipole,27,0.9999999403953552,0.0,0.587734432193908,0.587734432193908,,,,1.0
30,acetone_dipole,28,0.9999999403953552,0.0,0.587734432193908,0.587734432193908,,,,1.0
30,acetone_dipole,29,0.9999999403953552,0.0,0.587734432193908,0.587734432193908,,,,1.0
30,acetone_dipole,30,0.9999999403953552,0.0,0.587734432193908,0.587734432193908,,,,1.0
30,acetone_dipole,31,0.9999999403953552,0.0,0.587734432193908,0.587734432193908,,,,1.0
30,acetone_dipole,32,0.9999999403953552,0.0,0.587734432193908,0.587734432193908,,,,1.0
30,acetone_dipole,33,0.9999999403953552,0.0,0.587734432193908,0.587734432193908,,,,1.0
30,acetone_dipole,34,0.9999999403953552,0.0,0.587734432193908,0.587734432193908,,,,1.0
30,acetone_dipole,35,0.9999999403953552,0.0,0.587734432193908,0.587734432193908,,,,1.0
30,acetone_dipole,36,0.9999999403953552,0.0,0.587734432193908,0.587734432193908,,,,1.0
30,acetone_dipole,37,0.9999999403953552,0.0,0.587734432193908,0.587734432193908,,,,1.0
30,acetone_dipole,38,0.9999999403953552,0.0,0.587734432193908,0.587734432193908,,,,1.0
30,acetone_dipole,39,0.9999999403953552,0.0,0.587734432193908,0.587734432193908,,,,1.0
30,acetone_dipole,40,0.9999999403953552,0.0,0.587734432193908,0.587734432193908,,,,1.0
30,acetone_dipole,41,0.9999999403953552,0.0,0.587734432193908,0.587734432193908,,,,1.0
30,acetone_dipole,42,0.9999999403953552,0.0,0.587734432193908,0.587734432193908,,,,1.0
30,acetone_dipole,43,0.9999999403953552,0.0,0.587734432193908,0.587734432193908,,,,1.0
30,acetone_dipole,44,0.9999999403953552,0.0,0.587734432193908,0.587734432193908,,,,1.0
30,acetone_dipole,45,0.9999999403953552,0.0,0.587734432193908,0.587734432193908,,,,1.0
30,acetone_dipole,46,0.9999999403953552,0.0,0.587734432193908,0.587734432193908,,,,1.0
30,acetone_dipole,47,0.9999999403953552,0.0,0.587734432193908,0.587734432193908,,,,1.0
30,acetone_dipole,48,0.9999999403953552,0.0,0.587734432193908,0.587734432193908,,,,1.0
30,acetone_dipole,49,0.9999999403953552,0.0,0.587734432193908,0.587734432193908,,,,1.0
30,acetone_dipole,50,0.9999999403953552,0.0,0.587734432193908,0.587734432193908,,,,1.0
30,acetone_dipole,51,0.9999999403953552,0.0,0.587734432193908,0.587734432193908,,,,1.0
30,acetone_dipole,52,0.9999999403953552,0.0,0.587734432193908,0.587734432193908,,,,1.0
30,acetone_dipole,53,0.9999999403953552,0.0,0.587734432193908,0.587734432193908,,,,1.0
30,acetone_dipole,54,0.9999999403953552,0.0,0.587734432193908,0.587734432193908,,,,1.0
30,acetone_dipole,55,0.9999999403953552,0.0,0.587734432193908,0.587734432193908,,,,1.0
30,acetone_dipole,56,0.9999999403953552,0.0,0.587734432193908,0.587734432193908,,,,1.0
30,acetone_dipole,57,0.9999999403953552,0.0,0.587734432193908,0.587734432193908,,,,1.0
30,acetone_dipole,58,0.9999999403953552,0.0,0.587734432193908,0.587734432193908,,,,1.0
30,acetone_dipole,59,0.9999999403953552,0.0,0.587734432193908,0.587734432193908,,,,1.0
30,acetone_dipole,60,0.9999999403953552,0.0,0.587734432193908,0.587734432193908,,,,1.0
30,acetone_dipole,61,0.9999999403953552,0.0,0.587734432193908,0.587734432193908,,,,1.0
30,acetone_dipole,62,0.9999999403953552,0.0,0.587734432193908,0.587734432193908,,,,1.0
30,acetone_dipole,63,0.9999999403953552,0.0,0.587734432193908,0.587734432193908,,,,1.0
30,acetone_dipole,64,0.9999999403953552,0.0,0.587734432193908,0.587734432193908,,,,1.0
30,acetone_dipole,65,0.9999999403953552,0.0,0.587734432193908,0.587734432193908,,,,1.0
30,acetone_dipole,66,0.9999999403953552,0.0,0.587734432193908,0.587734432193908,,,,1.0
30,acetone_dipole,67,0.9999999403953552,0.0,0.587734432193908,0.587734432193908,,,,1.0
30,acetone_dipole,68,0.9999999403953552,0.0,0.587734432193908,0.587734432193908,,,,1.0
30,acetone_dipole,69,0.9999999403953552,0.0,0.587734432193908,0.587734432193908,,,,1.0
30,acetone_dipole,70,0.9999999403953552,0.0,0.587734432193908,0.587734432193908,,,,1.0
30,acetone_dipole,71,0.9999999403953552,0.0,0.587734432193908,0.587734432193908,,,,1.0
30,acetone_dipole,72,0.9999999403953552,0.0,0.587734432193908,0.587734432193908,,,,1.0
30,acetone_dipole,73,0.9999999403953552,0.0,0.587734432193908,0.587734432193908,,,,1.0
30,acetone_dipole,74,0.9999999403953552,0.0,0.587734432193908,0.587734432193908,,,,1.0
30,acetone_dipole,75,0.9999999403953552,0.0,0.587734432193908,0.587734432193908,,,,1.0
30,acetone_dipole,76,0.9999999403953552,0.0,0.587734432193908,0.587734432193908,,,,1.0
30,acetone_dipole,77,0.9999999403953552,0.0,0.587734432193908,0.587734432193908,,,,1.0
30,acetone_dipole,78,0.9999999403953552,0.0,0.587734432193908,0.587734432193908,,,,1.0
30,acetone_dipole,79,0.9999999403953552,0.0,0.587734432193908,0.587734432193908,,,,1.0
30,acetone_dipole,80,0.9999999403953552,0.0,0.587734432193908,0.587734432193908,,,,1.0
30,acetone_dipole,81,0.9999999403953552,0.0,0.587734432193908,0.587734432193908,,,,1.0
30,acetone_dipole,82,0.9999999403953552,0.0,0.587734432193908,0.587734432193908,,,,1.0
30,acetone_dipole,83,0.9999999403953552,0.0,0.587734432193908,0.587734432193908,,,,1.0
30,acetone_dipole,84,0.9999999403953552,0.0,0.587734432193908,0.587734432193908,,,,1.0
30,acetone_dipole,85,0.9999999403953552,0.0,0.587734432193908,0.587734432193908,,,,1.0
30,acetone_dipole,86,0.9999999403953552,0.0,0.587734432193908,0.587734432193908,,,,1.0
30,acetone_dipole,87,0.9999999403953552,0.0,0.587734432193908,0.587734432193908,,,,1.0
30,acetone_dipole,88,0.9999999403953552,0.0,0.587734432193908,0.587734432193908,,,,1.0
30,acetone_dipole,89,0.9999999403953552,0.0,0.587734432193908,0.587734432193908,,,,1.0
30,acetone_dipole,90,0.9999999403953552,0.0,0.587734432193908,0.587734432193908,,,,1.0
30,acetone_dipole,91,0.9999999403953552,0.0,0.587734432193908,0.587734432193908,,,,1.0
30,acetone_dipole,92,0.9999999403953552,0.0,0.587734432193908,0.587734432193908,,,,1.0
30,acetone_dipole,93,0.9999999403953552,0.0,0.587734432193908,0.587734432193908,,,,1.0
30,acetone_dipole,94,0.9999999403953552,0.0,0.587734432193908,0.587734432193908,,,,1.0
30,acetone_dipole,95,0.9999999403953552,0.0,0.587734432193908,0.587734432193908,,,,1.0
30,acetone_dipole,96,0.9999999403953552,0.0,0.587734432193908,0.587734432193908,,,,1.0
30,acetone_dipole,97,0.9999999403953552,0.0,0.587734432193908,0.587734432193908,,,,1.0
30,acetone_dipole,98,0.9999999403953552,0.0,0.587734432193908,0.587734432193908,,,,1.0
30,acetone_dipole,99,0.9999999403953552,0.0,0.587734432193908,0.587734432193908,,,,1.0
30,acetone_dipole,100,0.9999999403953552,0.0,0.587734432193908,0.587734432193908,,,,1.0
30,acetone_dipole,101,0.9999999403953552,0.0,0.587734432193908,0.587734432193908,,,,1.0
30,acetone_dipole,102,0.9999999403953552,0.0,0.587734432193908,0.587734432193908,,,,1.0
30,acetone_dipole,103,0.9999999403953552,0.0,0.587734432193908,0.587734432193908,,,,1.0
30,acetone_dipole,104,0.9999999403953552,0.0,0.587734432193908,0.587734432193908,,,,1.0
30,acetone_dipole,105,0.9999999403953552,0.0,0.587734432193908,0.587734432193908,,,,1.0
30,acetone_dipole,106,0.9999999403953552,0.0,0.587734432193908,0.587734432193908,,,,1.0
30,acetone_dipole,107,0.9999999403953552,0.0,0.587734432193908,0.587734432193908,,,,1.0
30,acetone_dipole,108,0.9999999403953552,0.0,0.587734432193908,0.587734432193908,,,,1.0
30,acetone_dipole,109,0.9999999403953552,0.0,0.587734432193908,0.587734432193908,,,,1.0
30,acetone_dipole,110,0.9999999403953552,0.0,0.587734432193908,0.587734432193908,,,,1.0
30,acetone_dipole,111,0.9999999403953552,0.0,0.587734432193908,0.587734432193908,,,,1.0
30,acetone_dipole,112,0.9999999403953552,0.0,0.587734432193908,0.587734432193908,,,,1.0
30,acetone_dipole,113,0.9999999403953552,0.0,0.587734432193908,0.587734432193908,,,,1.0
30,acetone_dipole,114,0.9999999403953552,0.0,0.587734432193908,0.587734432193908,,,,1.0
30,acetone_dipole,115,0.9999999403953552,0.0,0.587734432193908,0.587734432193908,,,,1.0
30,acetone_dipole,116,0.9999999403953552,0.0,0.587734432193908,0.587734432193908,,,,1.0
30,acetone_dipole,117,0.9999999403953552,0.0,0.587734432193908,0.587734432193908,,,,1.0
30,acetone_dipole,118,0.9999999403953552,0.0,0.587734432193908,0.587734432193908,,,,1.0
30,acetone_dipole,119,0.9999999403953552,0.0,0.587734432193908,0.587734432193908,,,,1.0
30,acetone_dipole,120,0.9999999403953552,0.0,0.587734432193908,0.587734432193908,,,,1.0
30,acetone_dipole,121,0.9999999403953552,0.0,0.587734432193908,0.587734432193908,,,,1.0
30,acetone_dipole,122,0.9999999403953552,0.0,0.587734432193908,0.587734432193908,,,,1.0
30,acetone_dipole,123,0.9999999403953552,0.0,0.587734432193908,0.587734432193908,,,,1.0
30,acetone_dipole,124,0.9999999403953552,0.0,0.587734432193908,0.587734432193908,,,,1.0
30,acetone_dipole,125,0.9999999403953552,0.0,0.587734432193908,0.587734432193908,,,,1.0
30,acetone_dipole,126,0.9999999403953552,0.0,0.587734432193908,0.587734432193908,,,,1.0
30,acetone_dipole,127,0.9999999403953552,0.0,0.587734432193908,0.587734432193908,,,,1.0
30,acetone_dipole,128,0.9999999403953552,0.0,0.587734432193908,0.587734432193908,,,,1.0
30,acetone_dipole,129,0.9999999403953552,0.0,0.587734432193908,0.587734432193908,,,,1.0
30,acetone_dipole,130,0.9999999403953552,0.0,0.587734432193908,0.587734432193908,,,,1.0
30,acetone_dipole,131,0.9999999403953552,0.0,0.587734432193908,0.587734432193908,,,,1.0
30,acetone_dipole,132,0.9999999403953552,0.0,0.587734432193908,0.587734432193908,,,,1.0
30,acetone_dipole,133,0.9999999403953552,0.0,0.587734432193908,0.587734432193908,,,,1.0
30,acetone_dipole,134,0.9999999403953552,0.0,0.587734432193908,0.587734432193908,,,,1.0
30,acetone_dipole,135,0.9999999403953552,0.0,0.587734432193908,0.587734432193908,,,,1.0
30,acetone_dipole,136,0.9999999403953552,0.0,0.587734432193908,0.587734432193908,,,,1.0
30,acetone_dipole,137,0.9999999403953552,0.0,0.587734432193908,0.587734432193908,,,,1.0
30,acetone_dipole,138,0.9999999403953552,0.0,0.587734432193908,0.587734432193908,,,,1.0
30,acetone_dipole,139,0.9999999403953552,0.0,0.587734432193908,0.587734432193908,,,,1.0
30,acetone_dipole,140,0.9999999403953552,0.0,0.587734432193908,0.587734432193908,,,,1.0
30,acetone_dipole,141,0.9999999403953552,0.0,0.587734432193908,0.587734432193908,,,,1.0
30,acetone_dipole,142,0.9999999403953552,0.0,0.587734432193908,0.587734432193908,,,,1.0
30,acetone_dipole,143,0.9999999403953552,0.0,0.587734432193908,0.587734432193908,,,,1.0
30,acetone_dipole,144,0.9999999403953552,0.0,0.587734432193908,0.587734432193908,,,,1.0
30,acetone_dipole,145,0.9999999403953552,0.0,0.587734432193908,0.587734432193908,,,,1.0
30,acetone_dipole,146,0.9999999403953552,0.0,0.587734432193908,0.587734432193908,,,,1.0
30,acetone_dipole,147,0.9999999403953552,0.0,0.587734432193908,0.587734432193908,,,,1.0
30,acetone_dipole,148,0.9999999403953552,0.0,0.587734432193908,0.587734432193908,,,,1.0
30,acetone_dipole,149,0.9999999403953552,0.0,0.587734432193908,0.587734432193908,,,,1.0
30,acetone_dipole,150,0.9999999403953552,0.0,0.587734432193908,0.587734432193908,,,,1.0
30,acetone_dipole,151,0.9999999403953552,0.0,0.587734432193908,0.587734432193908,,,,1.0
30,acetone_dipole,152,0.9999999403953552,0.0,0.587734432193908,0.587734432193908,,,,1.0
30,acetone_dipole,153,0.9999999403953552,0.0,0.587734432193908,0.587734432193908,,,,1.0
30,acetone_dipole,154,0.9999999403953552,0.0,0.587734432193908,0.587734432193908,,,,1.0
30,acetone_dipole,155,0.9999999403953552,0.0,0.587734432193908,0.587734432193908,,,,1.0
30,acetone_dipole,156,0.9999999403953552,0.0,0.587734432193908,0.587734432193908,,,,1.0
30,acetone_dipole,157,0.9999999403953552,0.0,0.587734432193908,0.587734432193908,,,,1.0
30,acetone_dipole,158,0.9999999403953552,0.0,0.587734432193908,0.587734432193908,,,,1.0
30,acetone_dipole,159,0.9999999403953552,0.0,0.587734432193908,0.587734432193908,,,,1.0
30,acetone_dipole,160,0.9999999403953552,0.0,0.587734432193908,0.587734432193908,,,,1.0
30,acetone_dipole,161,0.9999999403953552,0.0,0.587734432193908,0.587734432193908,,,,1.0
30,acetone_dipole,162,0.9999999403953552,0.0,0.587734432193908,0.587734432193908,,,,1.0
30,acetone_dipole,163,0.9999999403953552,0.0,0.587734432193908,0.587734432193908,,,,1.0
30,acetone_dipole,164,0.9999999403953552,0.0,0.587734432193908,0.587734432193908,,,,1.0
30,acetone_dipole,165,0.9999999403953552,0.0,0.587734432193908,0.587734432193908,,,,1.0
30,acetone_dipole,166,0.9999999403953552,0.0,0.587734432193908,0.587734432193908,,,,1.0
30,acetone_dipole,167,0.9999999403953552,0.0,0.587734432193908,0.587734432193908,,,,1.0
30,acetone_dipole,168,0.9999999403953552,0.0,0.587734432193908,0.587734432193908,,,,1.0
30,acetone_dipole,169,0.9999999403953552,0.0,0.587734432193908,0.587734432193908,,,,1.0
30,acetone_dipole,170,0.9999999403953552,0.0,0.587734432193908,0.587734432193908,,,,1.0
30,acetone_dipole,171,0.9999999403953552,0.0,0.587734432193908,0.587734432193908,,,,1.0
30,acetone_dipole,172,0.9999999403953552,0.0,0.587734432193908,0.587734432193908,,,,1.0
30,acetone_dipole,173,0.9999999403953552,0.0,0.587734432193908,0.587734432193908,,,,1.0
30,acetone_dipole,174,0.9999999403953552,0.0,0.587734432193908,0.587734432193908,,,,1.0
30,acetone_dipole,175,0.9999999403953552,0.0,0.587734432193908,0.587734432193908,,,,1.0
30,acetone_dipole,176,0.9999999403953552,0.0,0.587734432193908,0.587734432193908,,,,1.0
30,acetone_dipole,177,0.9999999403953552,0.0,0.587734432193908,0.587734432193908,,,,1.0
30,acetone_dipole,178,0.9999999403953552,0.0,0.587734432193908,0.587734432193908,,,,1.0
30,acetone_dipole,179,0.9999999403953552,0.0,0.587734432193908,0.587734432193908,,,,1.0
30,acetone_dipole,180,0.9999999403953552,0.0,0.587734432193908,0.587734432193908,,,,1.0
30,acetone_dipole,181,0.9999999403953552,0.0,0.587734432193908,0.587734432193908,,,,1.0
30,acetone_dipole,182,0.9999999403953552,0.0,0.587734432193908,0.587734432193908,,,,1.0
30,acetone_dipole,183,0.9999999403953552,0.0,0.587734432193908,0.587734432193908,,,,1.0
30,acetone_dipole,184,0.9999999403953552,0.0,0.587734432193908,0.587734432193908,,,,1.0
30,acetone_dipole,185,0.9999999403953552,0.0,0.587734432193908,0.587734432193908,,,,1.0
30,acetone_dipole,186,0.9999999403953552,0.0,0.587734432193908,0.587734432193908,,,,1.0
30,acetone_dipole,187,0.9999999403953552,0.0,0.587734432193908,0.587734432193908,,,,1.0
30,acetone_dipole,188,0.9999999403953552,0.0,0.587734432193908,0.587734432193908,,,,1.0
30,acetone_dipole,189,0.9999999403953552,0.0,0.587734432193908,0.587734432193908,,,,1.0
30,acetone_dipole,190,0.9999999403953552,0.0,0.587734432193908,0.587734432193908,,,,1.0
30,acetone_dipole,191,0.9999999403953552,0.0,0.587734432193908,0.587734432193908,,,,1.0
30,acetone_dipole,192,0.9999999403953552,0.0,0.587734432193908,0.587734432193908,,,,1.0
30,acetone_dipole,193,0.9999999403953552,0.0,0.587734432193908,0.587734432193908,,,,1.0
30,acetone_dipole,194,0.9999999403953552,0.0,0.587734432193908,0.587734432193908,,,,1.0
30,acetone_dipole,195,0.9999999403953552,0.0,0.587734432193908,0.587734432193908,,,,1.0
30,acetone_dipole,196,0.9999999403953552,0.0,0.587734432193908,0.587734432193908,,,,1.0
30,acetone_dipole,197,0.9999999403953552,0.0,0.587734432193908,0.587734432193908,,,,1.0
30,acetone_dipole,198,0.9999999403953552,0.0,0.587734432193908,0.587734432193908,,,,1.0
30,acetone_dipole,199,0.9999999403953552,0.0,0.587734432193908,0.587734432193908,,,,1.0
30,acetone_dipole,200,0.9999999403953552,0.0,0.587734432193908,0.587734432193908,,,,1.0
30,acetone_dipole,201,0.9999999403953552,0.0,0.587734432193908,0.587734432193908,,,,1.0
30,acetone_dipole,202,0.9999999403953552,0.0,0.587734432193908,0.587734432193908,,,,1.0
30,acetone_dipole,203,0.9999999403953552,0.0,0.587734432193908,0.587734432193908,,,,1.0
30,acetone_dipole,204,0.9999999403953552,0.0,0.587734432193908,0.587734432193908,,,,1.0
30,acetone_dipole,205,0.9999999403953552,0.0,0.587734432193908,0.587734432193908,,,,1.0
30,acetone_dipole,206,0.9999999403953552,0.0,0.587734432193908,0.587734432193908,,,,1.0
30,acetone_dipole,207,0.9999999403953552,0.0,0.587734432193908,0.587734432193908,,,,1.0
30,acetone_dipole,208,0.9999999403953552,0.0,0.587734432193908,0.587734432193908,,,,1.0
30,acetone_dipole,209,0.9999999403953552,0.0,0.587734432193908,0.587734432193908,,,,1.0
30,acetone_dipole,210,0.9999999403953552,0.0,0.587734432193908,0.587734432193908,,,,1.0
30,acetone_dipole,211,0.9999999403953552,0.0,0.587734432193908,0.587734432193908,,,,1.0
30,acetone_dipole,212,0.9999999403953552,0.0,0.587734432193908,0.587734432193908,,,,1.0
30,acetone_dipole,213,0.9999999403953552,0.0,0.587734432193908,0.587734432193908,,,,1.0
30,acetone_dipole,214,0.9999999403953552,0.0,0.587734432193908,0.587734432193908,,,,1.0
30,acetone_dipole,215,0.9999999403953552,0.0,0.587734432193908,0.587734432193908,,,,1.0
30,acetone_dipole,216,0.9999999403953552,0.0,0.587734432193908,0.587734432193908,,,,1.0
30,acetone_dipole,217,0.9999999403953552,0.0,0.587734432193908,0.587734432193908,,,,1.0
30,acetone_dipole,218,0.9999999403953552,0.0,0.587734432193908,0.587734432193908,,,,1.0
30,acetone_dipole,219,0.9999999403953552,0.0,0.587734432193908,0.587734432193908,,,,1.0
30,acetone_dipole,220,0.9999999403953552,0.0,0.587734432193908,0.587734432193908,,,,1.0
30,acetone_dipole,221,0.9999999403953552,0.0,0.587734432193908,0.587734432193908,,,,1.0
30,acetone_dipole,222,0.9999999403953552,0.0,0.587734432193908,0.587734432193908,,,,1.0
30,acetone_dipole,223,0.9999999403953552,0.0,0.587734432193908,0.587734432193908,,,,1.0
30,acetone_dipole,224,0.9999999403953552,0.0,0.587734432193908,0.587734432193908,,,,1.0
30,acetone_dipole,225,0.9999999403953552,0.0,0.587734432193908,0.587734432193908,,,,1.0
30,acetone_dipole,226,0.9999999403953552,0.0,0.587734432193908,0.587734432193908,,,,1.0
30,acetone_dipole,227,0.9999999403953552,0.0,0.587734432193908,0.587734432193908,,,,1.0
30,acetone_dipole,228,0.9999999403953552,0.0,0.587734432193908,0.587734432193908,,,,1.0
30,acetone_dipole,229,0.9999999403953552,0.0,0.587734432193908,0.587734432193908,,,,1.0
30,acetone_dipole,230,0.9999999403953552,0.0,0.587734432193908,0.587734432193908,,,,1.0
30,acetone_dipole,231,0.9999999403953552,0.0,0.587734432193908,0.587734432193908,,,,1.0
30,acetone_dipole,232,0.9999999403953552,0.0,0.587734432193908,0.587734432193908,,,,1.0
30,acetone_dipole,233,0.9999999403953552,0.0,0.587734432193908,0.587734432193908,,,,1.0
30,acetone_dipole,234,0.9999999403953552,0.0,0.587734432193908,0.587734432193908,,,,1.0
30,acetone_dipole,235,0.9999999403953552,0.0,0.587734432193908,0.587734432193908,,,,1.0
30,acetone_dipole,236,0.9999999403953552,0.0,0.587734432193908,0.587734432193908,,,,1.0
30,acetone_dipole,237,0.9999999403953552,0.0,0.587734432193908,0.587734432193908,,,,1.0
30,acetone_dipole,238,0.9999999403953552,0.0,0.587734432193908,0.587734432193908,,,,1.0
30,acetone_dipole,239,0.9999999403953552,0.0,0.587734432193908,0.587734432193908,,,,1.0
30,acetone_dipole,240,0.9999999403953552,0.0,0.587734432193908,0.587734432193908,,,,1.0
30,acetone_dipole,241,0.9999999403953552,0.0,0.587734432193908,0.587734432193908,,,,1.0
30,acetone_dipole,242,0.9999999403953552,0.0,0.587734432193908,0.587734432193908,,,,1.0
30,acetone_dipole,243,0.9999999403953552,0.0,0.587734432193908,0.587734432193908,,,,1.0
30,acetone_dipole,244,0.9999999403953552,0.0,0.587734432193908,0.587734432193908,,,,1.0
30,acetone_dipole,245,0.9999999403953552,0.0,0.587734432193908,0.587734432193908,,,,1.0
30,acetone_dipole,246,0.9999999403953552,0.0,0.587734432193908,0.587734432193908,,,,1.0
30,acetone_dipole,247,0.9999999403953552,0.0,0.587734432193908,0.587734432193908,,,,1.0
30,acetone_dipole,248,0.9999999403953552,0.0,0.587734432193908,0.587734432193908,,,,1.0
30,acetone_dipole,249,0.9999999403953552,0.0,0.587734432193908,0.587734432193908,,,,1.0
30,octanol_gsolv_eV,0,0.08366610109806061,0.052203115075826645,0.6496365821759682,0.9688193386289246,11.722957611083984,0.011405758559703827,0.0009729420627538354,0.02
30,octanol_gsolv_eV,1,0.26505929231643677,0.04733596742153168,0.6399779348498116,0.9102998663129878,10.563261985778809,0.5372509956359863,0.05086033048875251,0.22
30,octanol_gsolv_eV,2,0.2342568337917328,0.05380545184016228,0.6447262273955996,0.9045801051444313,11.997379302978516,0.6491922736167908,0.054111173550678675,0.16
30,octanol_gsolv_eV,3,0.2241257280111313,0.050987016409635544,0.6507685128220237,0.9387960979369931,11.538652420043945,0.16002430021762848,0.013868543257239309,0.16
30,octanol_gsolv_eV,4,0.3065369427204132,0.051806654781103134,0.6484847714386519,0.9083031834976989,11.638117790222168,0.6434734463691711,0.05529016443791187,0.34
30,octanol_gsolv_eV,5,0.23629556596279144,0.04745986685156822,0.6469904886294253,0.9424655230842485,10.65785026550293,0.37369421124458313,0.035062813037836295,0.28
30,octanol_gsolv_eV,6,0.2886810004711151,0.037237830460071564,0.6499881845242144,0.9131602826236955,8.420858383178711,0.9330444931983948,0.1108015894272988,0.24
30,octanol_gsolv_eV,7,0.14979735016822815,0.044945571571588516,0.6477095148559511,0.9354105386696907,10.010468482971191,0.12312937527894974,0.012300061229742157,0.14
30,octanol_gsolv_eV,8,0.26388123631477356,0.05060908570885658,0.6389076994770722,0.9294974826994988,11.205883026123047,0.5184215307235718,0.046263335920518935,0.32
30,octanol_gsolv_eV,9,0.11151491850614548,0.057023003697395325,0.6403605435492172,0.9672680499104584,12.480094909667969,0.015714244917035103,0.0012591446644257273,0.08
30,octanol_gsolv_eV,10,0.43900391459465027,0.04665961489081383,0.6529158718848709,0.9185065250679718,10.76577377319336,1.7112383842468262,0.15895173169138926,0.3
30,octanol_gsolv_eV,11,0.1713174432516098,0.03890972211956978,0.6499630513595993,0.9498626264757366,8.713546752929688,0.07031826674938202,0.008069993625241002,0.1
30,octanol_gsolv_eV,12,0.3460344970226288,0.028336767107248306,0.6493683169094173,0.940113638184773,6.2656660079956055,0.575518012046814,0.09185264763752113,0.2
30,octanol_gsolv_eV,13,0.049458883702754974,0.050143785774707794,0.6514697018858784,0.9695877029105797,11.276782035827637,0.009924325160682201,0.0008800671263443308,0.04
30,octanol_gsolv_eV,14,0.17058436572551727,0.02397739700973034,0.6455846992888623,0.9402553778151879,5.182055473327637,0.23646126687526703,0.045630786488556126,0.14
30,octanol_gsolv_eV,15,0.17756807804107666,0.052444953471422195,0.644041326951956,0.960804852248341,11.622178077697754,0.057931363582611084,0.0049845530842259084,0.2
30,octanol_gsolv_eV,16,0.24527420103549957,0.02682124264538288,0.6532952343422072,0.9633199553823497,5.8983001708984375,0.3521137535572052,0.059697496457453224,0.18
30,octanol_gsolv_eV,17,0.09850090742111206,0.02200760692358017,0.6523290057653599,0.9786880874935628,4.810320854187012,0.11588460952043533,0.024090827417378356,0.06
30,octanol_gsolv_eV,18,0.2027958184480667,0.049640581011772156,0.6483490957283349,0.9445890370698029,11.150718688964844,0.19650110602378845,0.01762228171160421,0.24
30,octanol_gsolv_eV,19,0.3618466258049011,0.04530802369117737,0.651013747675683,0.9073469340474198,10.356731414794922,1.0239559412002563,0.09886863916713168,0.32
30,octanol_gsolv_eV,20,0.33044129610061646,0.05008978396654129,0.6506964090204774,0.9296126248625656,11.44806957244873,1.0203418731689453,0.08912785397675525,0.3
30,octanol_gsolv_eV,21,0.11942270398139954,0.053881049156188965,0.6400028971320779,0.9734828710284702,11.849489212036133,0.00957766268402338,0.0008082764170370194,0.08
30,octanol_gsolv_eV,22,0.42926308512687683,0.018334833905100822,0.6525802141563373,0.9324409616335403,3.9431564807891846,0.948886513710022,0.24064135378165655,0.24
30,octanol_gsolv_eV,23,0.16213054955005646,0.038798969238996506,0.6493381589121623,0.9403668602594144,8.67349624633789,0.12760891020298004,0.014712511146454796,0.12
30,octanol_gsolv_eV,24,0.08970685303211212,0.04472098872065544,0.6465264014070076,0.9659247706135599,10.012676239013672,0.018477166071534157,0.0018453773627014134,0.02
30,octanol_gsolv_eV,25,0.1982875019311905,0.05266961827874184,0.6371326188408932,0.9521142159659919,11.595915794372559,0.29954802989959717,0.0258322012000955,0.16
30,octanol_gsolv_eV,26,0.23052357137203217,0.034881651401519775,0.6507892837730422,0.9575555204529709,7.725712299346924,0.12883159518241882,0.016675691533751435,0.14
30,octanol_gsolv_eV,27,0.3777201473712921,0.048675697296857834,0.6512573809918873,0.9026525096692837,11.103835105895996,1.126430869102478,0.10144520864726796,0.22
30,octanol_gsolv_eV,28,0.08802469074726105,0.05197065696120262,0.6362711101426679,0.9582733475313787,11.312639236450195,0.015182708390057087,0.0013421013498898851,0.12
30,octanol_gsolv_eV,29,0.08657192438840866,0.05061487853527069,0.6472799403111089,0.9433730480713765,11.303532600402832,0.02300257608294487,0.0020349900244570544,0.06
30,octanol_gsolv_eV,30,0.2548372149467468,0.04706263914704323,0.6517214526899169,0.923829637637567,10.69959831237793,0.8208737373352051,0.07672005185330834,0.2
30,octanol_gsolv_eV,31,0.10163285583257675,0.046358872205019,0.6466606830163586,0.9542209383977447,10.382810592651367,0.006125291343778372,0.0005899453995735668,0.14
30,octanol_gsolv_eV,32,0.06166179105639458,0.0450771264731884,0.6495500216370154,0.9562856661992596,10.087798118591309,0.01003158651292324,0.0009944277626289454,0.08
30,octanol_gsolv_eV,33,0.17561385035514832,0.045050423592329025,0.6480942819214071,0.9506055632423243,10.092150688171387,0.15431012213230133,0.015290112771816038,0.1
30,octanol_gsolv_eV,34,0.26699233055114746,0.04792821407318115,0.6494606400641547,0.899118454653032,10.942465782165527,0.680381715297699,0.062178098505604885,0.24
30,octanol_gsolv_eV,35,0.11072806268930435,0.04296432435512543,0.6486399946581238,0.9583475765075331,9.617701530456543,0.01998155750334263,0.00207758136807081,0.1
30,octanol_gsolv_eV,36,0.24149900674819946,0.04707612842321396,0.6470732002199546,0.9367089342008192,10.53903579711914,0.2550196051597595,0.024197622066097307,0.2
30,octanol_gsolv_eV,37,0.27058136463165283,0.04600223898887634,0.6481565880987228,0.916711634269308,10.369935989379883,0.6294862627983093,0.060703003706385684,0.34
30,octanol_gsolv_eV,38,0.12667757272720337,0.05429486185312271,0.6496800243074692,0.9687564511107496,12.218181610107422,0.06716008484363556,0.005496733228132553,0.1
30,octanol_gsolv_eV,39,0.19999395310878754,0.05432252213358879,0.6496602830314078,0.9713132700422844,12.210972785949707,0.022286495193839073,0.0018251203720216745,0.16
30,octanol_gsolv_eV,40,0.47979575395584106,0.026340194046497345,0.6582736415543309,0.9154435188777441,5.97053337097168,1.3581700325012207,0.2274788445374997,0.34
30,octanol_gsolv_eV,41,0.29808008670806885,0.04735861346125603,0.6498585165713304,0.9230318578679899,10.865022659301758,0.6170997619628906,0.056796914402620184,0.28
30,octanol_gsolv_eV,42,0.19367478787899017,0.047427691519260406,0.6487628211767353,0.9540118568241502,10.661232948303223,0.09684906154870987,0.009084227126293472,0.16
30,octanol_gsolv_eV,43,0.1349548101425171,0.04534536227583885,0.6487466367577157,0.9540613455356153,10.131336212158203,0.022370457649230957,0.002208046123509857,0.12
30,octanol_gsolv_eV,44,0.4545877277851105,0.03471920266747475,0.6534109779119255,0.9116139333717879,7.9752421379089355,1.086374044418335,0.13621831483390875,0.36
30,octanol_gsolv_eV,45,0.09563648700714111,0.057869695127010345,0.6496706214733035,0.9670405112566969,13.029890060424805,0.014819272793829441,0.0011373290737762601,0.02
30,octanol_gsolv_eV,46,0.11325950175523758,0.024997586384415627,0.650644153800432,0.9640421844251097,5.457719802856445,0.0329112745821476,0.006030224300800966,0.12
30,octanol_gsolv_eV,47,0.10963627696037292,0.050122056156396866,0.6450197442748253,0.9658689725487866,11.089938163757324,0.014549908228218555,0.0013119918265882356,0.1
30,octanol_gsolv_eV,48,0.15236638486385345,0.04432637244462967,0.6492526259643157,0.9541472403440794,9.947489738464355,0.0326523631811142,0.0032824726679391287,0.14
30,octanol_gsolv_eV,49,0.2483280897140503,0.043519794940948486,0.6502257458232032,0.917235016665062,9.821527481079102,0.5488572716712952,0.05588308669182603,0.32
30,octanol_gsolv_eV,50,0.27945151925086975,0.04633914306759834,0.6506264033689202,0.9085464594643955,10.634519577026367,0.525701642036438,0.04943351114535586,0.34
30,octanol_gsolv_eV,51,0.28084754943847656,0.05004161596298218,0.6427594076083076,0.9127351249672888,11.159576416015625,0.6716582775115967,0.06018671788901134,0.2
30,octanol_gsolv_eV,52,0.26687172055244446,0.047837041318416595,0.6480316704042235,0.942859072619759,10.756232261657715,0.33434516191482544,0.03108385480914646,0.34
30,octanol_gsolv_eV,53,0.31495943665504456,0.03683958575129509,0.6487962648262655,0.9021329894859456,8.465970039367676,1.520415186882019,0.1795913734411915,0.26
30,octanol_gsolv_eV,54,0.20085303485393524,0.05074610933661461,0.645687862210623,0.9098462115027091,11.430407524108887,0.8813011050224304,0.07710145969543081,0.14
30,octanol_gsolv_eV,55,0.2660662531852722,0.04646802321076393,0.6452847805865474,0.9055915129913161,10.448735237121582,0.5321792364120483,0.05093240706505384,0.28
30,octanol_gsolv_eV,56,0.12970224022865295,0.04210703819990158,0.6450881984894674,0.9678221822209854,9.30915641784668,0.031972628086805344,0.003434535488684054,0.12
30,octanol_gsolv_eV,57,0.11425847560167313,0.05141056329011917,0.6461305449736552,0.9808239284521223,11.400242805480957,0.009096427820622921,0.0007979152703878887,0.12
30,octanol_gsolv_eV,58,0.23875963687896729,0.04236982762813568,0.6427171459171741,0.9355653481509625,9.451750755310059,0.27465033531188965,0.02905814408590802,0.14
30,octanol_gsolv_eV,59,0.2686436176300049,0.05195587873458862,0.6467161795883845,0.9303936709864218,11.663400650024414,0.4070402979850769,0.034898938156962385,0.2
30,octanol_gsolv_eV,60,0.28174442052841187,0.034738022834062576,0.6514300279156566,0.9489856232882372,7.855895042419434,0.6525136828422546,0.08306038704932793,0.1
30,octanol_gsolv_eV,61,0.3315603733062744,0.04697449877858162,0.6490277797873283,0.9249602595635233,10.719204902648926,0.5184556841850281,0.04836699073239168,0.3
30,octanol_gsolv_eV,62,0.07564990967512131,0.047490838915109634,0.6506638249258097,0.9689924220739672,10.672750473022461,0.00870097242295742,0.0008152511805603336,0.1
30,octanol_gsolv_eV,63,0.19423902034759521,0.03280779719352722,0.6515096156071984,0.9775861774124661,7.234994888305664,0.05087956786155701,0.007032426234854231,0.18
30,octanol_gsolv_eV,64,0.3033636510372162,0.04695212468504906,0.6513349282375431,0.9293652523929978,10.81932544708252,0.6693145036697388,0.06186286815600158,0.26
30,octanol_gsolv_eV,65,0.29057127237319946,0.053813621401786804,0.6464743561342561,0.9158008010117316,12.125633239746094,1.4719548225402832,0.1213919960662694,0.28
30,octanol_gsolv_eV,66,0.11150357872247696,0.04748474434018135,0.6476953613366845,0.935695283554346,10.603949546813965,0.11837194859981537,0.011163005640231578,0.06
30,octanol_gsolv_eV,67,0.14683683216571808,0.041840992867946625,0.6455673094211125,0.9320235828559649,9.324751853942871,0.22384576499462128,0.024005546581914724,0.1
30,octanol_gsolv_eV,68,0.16755403578281403,0.0577847957611084,0.6383359413666116,0.9517940958043689,12.607665061950684,0.1994052231311798,0.01581618976641242,0.16
30,octanol_gsolv_eV,69,0.2654765248298645,0.0468488372862339,0.6504694961219089,0.9389830936364842,10.611039161682129,0.3616703748703003,0.034084350209199116,0.26
30,octanol_gsolv_eV,70,0.3276328146457672,0.04305648431181908,0.6514679347354002,0.9110026088646941,9.800986289978027,0.9912199974060059,0.10113471931080806,0.36
30,octanol_gsolv_eV,71,0.2724267840385437,0.04670558124780655,0.6491293773140407,0.9126070696995972,10.603105545043945,0.6740918159484863,0.06357494161355087,0.3
30,octanol_gsolv_eV,72,0.11028502136468887,0.03969815745949745,0.6488905359982469,0.9634284077634441,8.856522560119629,0.017811423167586327,0.0020111079768249064,0.1
30,octanol_gsolv_eV,73,0.1698760688304901,0.04968196153640747,0.6471737272152083,0.9585176426866528,11.111601829528809,0.08217679709196091,0.0073955851147921884,0.12
30,octanol_gsolv_eV,74,0.3566215932369232,0.04745383560657501,0.6518702525049203,0.9398171499874464,10.8391752243042,1.3001562356948853,0.11994973868303216,0.32
30,octanol_gsolv_eV,75,0.32488736510276794,0.044870514422655106,0.6509570593579328,0.9217055557949607,10.304012298583984,0.8915153741836548,0.086521186926977,0.24
30,octanol_gsolv_eV,76,0.32195398211479187,0.04353252425789833,0.650716222264843,0.9253659271830585,9.922232627868652,0.7932366132736206,0.07994537550406254,0.28
30,octanol_gsolv_eV,77,0.3716084361076355,0.047074735164642334,0.6401621252820755,0.9181213317221406,10.766813278198242,0.8833497762680054,0.082043753657055,0.28
30,octanol_gsolv_eV,78,0.28578707575798035,0.04884456470608711,0.6475158110656649,0.9242658005297575,10.999693870544434,0.51725172996521,0.047024193223261804,0.22
30,octanol_gsolv_eV,79,0.11308462917804718,0.05018644779920578,0.6501131415466659,0.9655672830757895,11.308568954467773,0.00736943818628788,0.0006516685016432935,0.08
30,octanol_gsolv_eV,80,0.12223732471466064,0.04839927703142166,0.6498576926949493,0.9632793328272609,10.850533485412598,0.010112518444657326,0.0009319835248886651,0.1
30,octanol_gsolv_eV,81,0.19793610274791718,0.029014647006988525,0.6528417900663692,0.9683927134688528,6.386013984680176,0.20297271013259888,0.03178394388416989,0.16
30,octanol_gsolv_eV,82,0.1819307506084442,0.050174955278635025,0.6447091359254147,0.9671776556875062,11.233139038085938,0.008083085529506207,0.0007195749560386033,0.12
30,octanol_gsolv_eV,83,0.29240626096725464,0.03028484806418419,0.6528247843199806,0.9421382217648393,6.718397617340088,0.48279044032096863,0.07186095075333045,0.2
30,octanol_gsolv_eV,84,0.3002209961414337,0.045197371393442154,0.6496764654849596,0.9181858997103969,10.281831741333008,0.7060346603393555,0.06866817879357946,0.26
30,octanol_gsolv_eV,85,0.47414863109588623,0.040097676217556,0.654687311258465,0.9224515436067633,9.076070785522461,2.427276134490967,0.2674368889192441,0.44
30,octanol_gsolv_eV,86,0.21774843335151672,0.0447104275226593,0.6492119635621518,0.9120518453968562,10.084607124328613,0.6743469834327698,0.06686893947568281,0.14
30,octanol_gsolv_eV,87,0.05414290353655815,0.04576990008354187,0.6528442993409063,0.9690311404408023,10.34783935546875,0.0055156913585960865,0.0005330283133629329,0.04
30,octanol_gsolv_eV,88,0.30309900641441345,0.046911925077438354,0.6495918818249322,0.9017440052668395,10.683367729187012,0.6844264268875122,0.06406466989034328,0.2
30,octanol_gsolv_eV,89,0.20050117373466492,0.04122694581747055,0.6474464033145295,0.9248305637481802,9.265338897705078,0.3640236556529999,0.03928875777476035,0.12
30,octanol_gsolv_eV,90,0.2489873319864273,0.05474136397242546,0.6451680035722624,0.9233206687979609,12.252553939819336,0.6492713689804077,0.0529906966473621,0.28
30,octanol_gsolv_eV,91,0.32697030901908875,0.0587463304400444,0.6445692563250371,0.9348914965464914,13.20570182800293,1.2288196086883545,0.09305220007940966,0.28
30,octanol_gsolv_eV,92,0.25832271575927734,0.04881185293197632,0.6469765355284847,0.9190092052830432,10.996003150939941,0.345121830701828,0.03138611602455997,0.3
30,octanol_gsolv_eV,93,0.24404223263263702,0.04464030638337135,0.6480206555651524,0.9131858343123045,10.086142539978027,0.4993831217288971,0.04951180490950954,0.32
30,octanol_gsolv_eV,94,0.19485850632190704,0.041998594999313354,0.6496704392625152,0.9412168885575158,9.412309646606445,0.1347719430923462,0.014318689902104682,0.14
30,octanol_gsolv_eV,95,0.39382854104042053,0.05218623951077461,0.6453935193338662,0.9169777401872543,11.964360237121582,1.0211488008499146,0.08534921889777412,0.38
30,octanol_gsolv_eV,96,0.26798492670059204,0.053666312247514725,0.6405428838356444,0.8991671205192386,11.970071792602539,0.7192835807800293,0.06009016430666222,0.36
30,octanol_gsolv_eV,97,0.238241508603096,0.04845422878861427,0.6486706850050179,0.9320887801537596,10.972224235534668,0.37459272146224976,0.03414008986884291,0.3
30,octanol_gsolv_eV,98,0.06783239543437958,0.06029762700200081,0.6369798625780172,0.967151185960349,13.090625762939453,0.00831668358296156,0.0006353159683555172,0.04
30,octanol_gsolv_eV,99,0.17737500369548798,0.05619467422366142,0.6500775172795181,0.9674391982155943,12.636336326599121,0.028673583641648293,0.002269137422473572,0.16
30,octanol_gsolv_eV,100,0.1563667505979538,0.04393565282225609,0.6526611005110352,0.9671689240292187,9.9456148147583,0.01920432038605213,0.0019309334559744697,0.12
30,octanol_gsolv_eV,101,0.13371343910694122,0.050232239067554474,0.65004019032405,0.9686464886941069,11.298088073730469,0.013805202208459377,0.0012219060533399696,0.12
30,octanol_gsolv_eV,102,0.29546377062797546,0.046671073883771896,0.6513977387971395,0.9067019487670696,10.64577865600586,0.6542980074882507,0.061460793863032825,0.24
30,octanol_gsolv_eV,103,0.30463728308677673,0.05173327028751373,0.6424768440307806,0.950841071306332,11.474194526672363,0.8618600368499756,0.07511290094015201,0.26
30,octanol_gsolv_eV,104,0.1754021793603897,0.04844373092055321,0.6511688169825705,0.9404160233696244,10.943927764892578,0.0593513622879982,0.005423223139172536,0.12
30,octanol_gsolv_eV,105,0.15030905604362488,0.04687235504388809,0.6491865067317035,0.9719327885488205,10.555105209350586,0.010166721418499947,0.0009632041762590318,0.14
30,octanol_gsolv_eV,106,0.10165654122829437,0.04599451646208763,0.6499132102462495,0.9663022143178557,10.33127498626709,0.007964187301695347,0.0007708813590076531,0.12
30,octanol_gsolv_eV,107,0.09699667990207672,0.023288311436772346,0.6491752965969106,0.9577853027789822,5.07733154296875,0.02302936464548111,0.004535722052142312,0.08
30,octanol_gsolv_eV,108,0.035302918404340744,0.049883365631103516,0.6237275168042908,0.9550926575551579,10.226886749267578,0.016408106312155724,0.0016044087232442296,0.04
30,octanol_gsolv_eV,109,0.23003950715065002,0.03559493646025658,0.6487996406959209,0.9460815918003118,7.947827339172363,0.287596195936203,0.03618551129297072,0.16
30,octanol_gsolv_eV,110,0.3939650058746338,0.027272535488009453,0.6532935424049289,0.9349004768572944,6.200275421142578,0.8762646317481995,0.14132672699670534,0.34
30,octanol_gsolv_eV,111,0.26983222365379333,0.0421551875770092,0.6482912708977768,0.9164185170632089,9.542998313903809,0.7729046940803528,0.0809918087226588,0.26
30,octanol_gsolv_eV,112,0.2916897237300873,0.047461140900850296,0.6500094290341702,0.9052596947006488,10.72696304321289,0.5559044480323792,0.051823097161139954,0.34
30,octanol_gsolv_eV,113,0.04034620523452759,0.04484197497367859,0.651627998794438,0.9584116273979728,10.098444938659668,0.009254972450435162,0.0009164750124055776,0.02
30,octanol_gsolv_eV,114,0.24954140186309814,0.045035943388938904,0.6495336923659609,0.9415097102971841,10.197836875915527,0.3089141845703125,0.030292128451268174,0.24
30,octanol_gsolv_eV,115,0.15289002656936646,0.029795125126838684,0.648989695868462,0.9335011766878596,6.569453239440918,0.10943899303674698,0.01665876733541688,0.12
30,octanol_gsolv_eV,116,0.2649683654308319,0.04588903486728668,0.6490770458441124,0.9182449151815688,10.42592716217041,0.5465332865715027,0.05242059320676556,0.26
30,octanol_gsolv_eV,117,0.42772093415260315,0.020319584757089615,0.6601798557346721,0.929319846924747,4.464536666870117,1.174088478088379,0.26298103603917283,0.32
30,octanol_gsolv_eV,118,0.23688015341758728,0.047193799167871475,0.6496253198444699,0.9029036320075048,10.76591968536377,0.5870401263237,0.054527633818574645,0.12
30,octanol_gsolv_eV,119,0.15876922011375427,0.04360080882906914,0.6455410510150037,0.9711680474223006,9.704103469848633,0.05184740945696831,0.005342833536149119,0.12
30,octanol_gsolv_eV,120,0.1280674785375595,0.05049429461359978,0.6492999102548214,0.9719812466140105,11.317716598510742,0.00792495347559452,0.0007002254745128834,0.12
30,octanol_gsolv_eV,121,0.24135853350162506,0.05764564871788025,0.6364868308025229,0.9153947249977399,12.494495391845703,0.6532735228538513,0.05228490646210474,0.14
30,octanol_gsolv_eV,122,0.3284270763397217,0.06197365000844002,0.6386430524220894,0.9292870242666134,13.703658103942871,1.4517583847045898,0.10593947788925674,0.28
30,octanol_gsolv_eV,123,0.2668931484222412,0.05636957660317421,0.6358217597367253,0.9180106671365447,12.373133659362793,0.9350210428237915,0.07556865290275579,0.18
30,octanol_gsolv_eV,124,0.2285940796136856,0.047743674367666245,0.6507439214687671,0.9496424877158518,10.801421165466309,0.1755928099155426,0.01625645433370731,0.2
30,octanol_gsolv_eV,125,0.05534563586115837,0.03649885579943657,0.6533993007932579,0.9567335877967738,8.275012016296387,0.025350870564579964,0.003063544864304155,0.02
30,octanol_gsolv_eV,126,0.14918145537376404,0.05013791099190712,0.6430347231875744,0.9710145516647977,11.131556510925293,0.01533559150993824,0.0013776682079354142,0.2
30,octanol_gsolv_eV,127,0.10743793100118637,0.044948939234018326,0.6520478170297497,0.9666511007592642,10.140625953674316,0.010878821834921837,0.001072795888993425,0.08
30,octanol_gsolv_eV,128,0.29734405875205994,0.05012388527393341,0.6462082311383988,0.9298350735123873,11.379809379577637,0.526966392993927,0.04630713708962719,0.28
30,octanol_gsolv_eV,129,0.26720207929611206,0.04924972355365753,0.6461717099947966,0.9312999273136884,11.153332710266113,0.44102364778518677,0.0395418714066734,0.32
30,octanol_gsolv_eV,130,0.29538804292678833,0.04756365716457367,0.6477646516018916,0.9025326184604299,10.783361434936523,0.7688619494438171,0.07130076776920564,0.22
30,octanol_gsolv_eV,131,0.16903099417686462,0.03741923347115517,0.6483867181536873,0.9492542290793446,8.293086051940918,0.2952331006526947,0.035599908020199335,0.04
30,octanol_gsolv_eV,132,0.15309542417526245,0.04800194129347801,0.6497880582886906,0.9735563871369737,10.807271003723145,0.010888532735407352,0.001007519172199551,0.14
30,octanol_gsolv_eV,133,0.4583324193954468,0.02613542415201664,0.6514391291118007,0.9074595680352646,5.881131649017334,1.7096706628799438,0.2907043686338171,0.42
30,octanol_gsolv_eV,134,0.2624708414077759,0.056693047285079956,0.626731011721122,0.9483237307900434,12.218613624572754,0.3146754205226898,0.025753774543606868,0.22
30,octanol_gsolv_eV,135,0.16966767609119415,0.047142866998910904,0.6499318211633702,0.9394326630521077,10.608146667480469,0.11050145328044891,0.010416659643214945,0.14
30,octanol_gsolv_eV,136,0.2900242805480957,0.04693790525197983,0.6450007145540402,0.9242408813852847,10.532723426818848,0.5720922350883484,0.054315698979778004,0.28
30,octanol_gsolv_eV,137,0.2950277626514435,0.04679175838828087,0.648347049980518,0.9065532056714567,10.597941398620605,0.5821946859359741,0.05493469571474992,0.24
30,octanol_gsolv_eV,138,0.08816707879304886,0.02280423976480961,0.649459464606144,0.9684836912680608,4.957452774047852,0.05408644676208496,0.010910128492847422,0.02
30,octanol_gsolv_eV,139,0.21974419057369232,0.05308837071061134,0.638093694848908,0.9266561219665392,11.502038955688477,0.679016649723053,0.059034459224052344,0.18
30,octanol_gsolv_eV,140,0.19531184434890747,0.032399632036685944,0.6467004395679914,0.9402479729336117,7.200034141540527,0.11791493743658066,0.01637699698620477,0.14
30,octanol_gsolv_eV,141,0.21562440693378448,0.06336770206689835,0.6455299355046293,0.9269459487800544,14.296159744262695,0.6347780823707581,0.044401999818553084,0.18
30,octanol_gsolv_eV,142,0.142987459897995,0.05013105645775795,0.6486803282465963,0.9746937470743524,11.197854995727539,0.039211925119161606,0.0035017353889760703,0.16
30,octanol_gsolv_eV,143,0.15767376124858856,0.037124793976545334,0.6500392402297055,0.9515821812959431,8.313297271728516,0.06432666629552841,0.007737804169987716,0.14
30,octanol_gsolv_eV,144,0.2059757560491562,0.049600280821323395,0.6247494194706473,0.9466046174131262,10.643000602722168,0.16307586431503296,0.015322357895321638,0.2
30,octanol_gsolv_eV,145,0.10317183285951614,0.05176471173763275,0.641930356471279,0.9609607779429881,11.395423889160156,0.013440029695630074,0.00117942340946306,0.1
30,octanol_gsolv_eV,146,0.4181221127510071,0.04928073287010193,0.6508529902393654,0.9103947627624596,11.231786727905273,1.987934947013855,0.17699187094381416,0.32
30,octanol_gsolv_eV,147,0.23446506261825562,0.049111805856227875,0.650079872784924,0.9089848991357341,11.203485488891602,0.5959473252296448,0.0531930287070514,0.3
30,octanol_gsolv_eV,148,0.2724373936653137,0.048892006278038025,0.6488820183699344,0.9419050228810371,11.034955978393555,0.40884846448898315,0.03705030317198442,0.32
30,octanol_gsolv_eV,149,0.5749533772468567,0.029110964387655258,0.6623473850164028,0.9355271004186718,6.501750946044922,2.5950534343719482,0.39913147333804666,0.54
30,octanol_gsolv_eV,150,0.3301248252391815,0.0511397123336792,0.6448819699201385,0.9354315024304689,11.504216194152832,0.9703454375267029,0.0843469403869421,0.4
30,octanol_gsolv_eV,151,0.32294517755508423,0.046786509454250336,0.6440644217863267,0.9136253864847121,10.60722541809082,0.755034327507019,0.07118113340169938,0.3
30,octanol_gsolv_eV,152,0.1205206885933876,0.04707616940140724,0.6510963103377827,0.9661644850829019,10.58261775970459,0.0089513985440135,0.0008458586284858289,0.16
30,octanol_gsolv_eV,153,0.12206500768661499,0.05015593767166138,0.6446337103021176,0.9701045688519108,11.096600532531738,0.009520983323454857,0.000858009017765606,0.1
30,octanol_gsolv_eV,154,0.20211055874824524,0.04747457057237625,0.6309874243754519,0.9523940416369265,10.302550315856934,0.10791417956352234,0.010474511286533462,0.18
30,octanol_gsolv_eV,155,0.41249221563339233,0.049272194504737854,0.6498510408044202,0.928972179061099,11.281058311462402,1.1938104629516602,0.10582433225601352,0.26
30,octanol_gsolv_eV,156,0.40065306425094604,0.04742162302136421,0.6497608665663803,0.9046500104844157,10.76176643371582,1.8251843452453613,0.1695989553840523,0.36
30,octanol_gsolv_eV,157,0.31637629866600037,0.08246824145317078,0.6323894986846259,0.9184260748850395,17.630477905273438,1.336256980895996,0.07579244238729962,0.24
30,octanol_gsolv_eV,158,0.36002102494239807,0.060177791863679886,0.6332693457943865,0.9437425554449608,12.854761123657227,1.3167555332183838,0.10243329460203629,0.3
30,octanol_gsolv_eV,159,0.13227681815624237,0.04381415620446205,0.6467647366274776,0.9467795121903,9.714546203613281,0.059551823884248734,0.006130170430616585,0.12
30,octanol_gsolv_eV,160,0.28757405281066895,0.0464872308075428,0.6439365568089976,0.900482935066661,10.352683067321777,1.2760777473449707,0.12326058269598801,0.3
30,octanol_gsolv_eV,161,0.24125951528549194,0.045366574078798294,0.6487558494639987,0.9447991805297429,10.255780220031738,0.1336720734834671,0.013033827813741258,0.26
30,octanol_gsolv_eV,162,0.3020767569541931,0.03798609972000122,0.6495538268241785,0.934145125079165,8.576610565185547,0.6725947260856628,0.07842197345602714,0.22
30,octanol_gsolv_eV,163,0.3634955883026123,0.04525507614016533,0.6489496086462752,0.9071521477858695,10.358482360839844,1.170911431312561,0.11303889802807233,0.18
30,octanol_gsolv_eV,164,0.23188038170337677,0.044003114104270935,0.6438255530481283,0.9267007582795062,9.769145011901855,0.34554246068000793,0.035370798596911994,0.2
30,octanol_gsolv_eV,165,0.4249672591686249,0.024367284029722214,0.6535738439298051,0.9211027548534259,5.374151706695557,1.3139721155166626,0.24449851571544007,0.38
30,octanol_gsolv_eV,166,0.14083819091320038,0.034554921090602875,0.6496378243769609,0.9126461994199708,7.727991580963135,0.23135998845100403,0.029937919319287066,0.1
30,octanol_gsolv_eV,167,0.20201793313026428,0.04944980517029762,0.6504340926437535,0.9660992648340245,11.15803337097168,0.050770193338394165,0.004550102303016586,0.18
30,octanol_gsolv_eV,168,0.1873670518398285,0.04803096875548363,0.6478328772830388,0.939091563445873,10.7810640335083,0.09921480715274811,0.009202691575189754,0.14
30,octanol_gsolv_eV,169,0.25878381729125977,0.04841223359107971,0.6493253832734236,0.9203223337689337,11.012787818908691,0.7543601393699646,0.06849856292289101,0.16
30,octanol_gsolv_eV,170,0.059085436165332794,0.03567123040556908,0.6502076292000161,0.9643588091863009,7.981832981109619,0.07377258688211441,0.009242562085264115,0.04
30,octanol_gsolv_eV,171,0.23404854536056519,0.03823508694767952,0.6478846651122672,0.944595602964361,8.465238571166992,0.45272091031074524,0.053479994273609055,0.24
30,octanol_gsolv_eV,172,0.2657352685928345,0.050606243312358856,0.6488264245995816,0.923249960037565,11.48929214477539,0.6152257919311523,0.05354775422008208,0.28
30,octanol_gsolv_eV,173,0.12379918992519379,0.044384147971868515,0.6459959087780773,0.9548903158985249,9.90573787689209,0.051958490163087845,0.005245292254734055,0.1
30,octanol_gsolv_eV,174,0.1037268415093422,0.07379608601331711,0.6319872103647364,0.9678192274635615,15.548164367675781,0.025791950523853302,0.0016588421574365447,0.04
30,octanol_gsolv_eV,175,0.3928280770778656,0.017680592834949493,0.6592814786221748,0.9459419718768101,3.899157762527466,0.8271487355232239,0.2121352317345219,0.3
30,octanol_gsolv_eV,176,0.19004197418689728,0.050905659794807434,0.6441084202045952,0.9683907606005477,11.303559303283691,0.0672844722867012,0.005952503143603185,0.22
30,octanol_gsolv_eV,177,0.10655911266803741,0.03824522718787193,0.6497307462374435,0.9543255634651764,8.550264358520508,0.05538713559508324,0.006477827266228191,0.04
30,octanol_gsolv_eV,178,0.2095433473587036,0.02187015861272812,0.6528635622357908,0.9719974306398338,4.796032428741455,0.17591199278831482,0.03667864957169953,0.2
30,octanol_gsolv_eV,179,0.12778496742248535,0.054332468658685684,0.621519509137197,0.9755873687818366,11.614604949951172,0.014416060410439968,0.001241201097459675,0.16
30,octanol_gsolv_eV,180,0.13350416719913483,0.059661127626895905,0.6314734669049982,0.9583790963056396,12.729005813598633,0.14785201847553253,0.011615362632451585,0.1
30,octanol_gsolv_eV,181,0.23564884066581726,0.0468757189810276,0.6514640249816683,0.9237298598218271,10.634363174438477,0.2721581757068634,0.025592334138168468,0.16
30,octanol_gsolv_eV,182,0.18396662175655365,0.04241887852549553,0.6494955671506921,0.9446176258245174,9.555145263671875,0.1364426165819168,0.01427949160549803,0.12
30,octanol_gsolv_eV,183,0.433316707611084,0.03423267602920532,0.6536715070293933,0.9201101450837372,7.736427307128906,1.33026123046875,0.17194774508421357,0.38
30,octanol_gsolv_eV,184,0.3287593424320221,0.04038035497069359,0.6481988659993188,0.9129365627607264,9.24813461303711,0.47734522819519043,0.05161529845405539,0.34
30,octanol_gsolv_eV,185,0.26741403341293335,0.045647796243429184,0.6503102607468583,0.9117527463599826,10.34791088104248,0.8989946842193604,0.0868769256475074,0.18
30,octanol_gsolv_eV,186,0.15747202932834625,0.03002109006047249,0.6493803043299513,0.9706044796516444,6.5663580894470215,0.1194438561797142,0.01819027451026099,0.12
30,octanol_gsolv_eV,187,0.09074581414461136,0.041985247284173965,0.649687845408395,0.9464768862577191,9.402746200561523,0.06298845261335373,0.006698942124971119,0.04
30,octanol_gsolv_eV,188,0.08102598786354065,0.05844353884458542,0.6430718157841617,0.9705850009854782,12.916871070861816,0.014675449579954147,0.0011361458591205864,0.04
30,octanol_gsolv_eV,189,0.33823496103286743,0.0470447912812233,0.651693911604901,0.9305787270507107,10.767413139343262,1.3283413648605347,0.12336680571927552,0.34
30,octanol_gsolv_eV,190,0.09876704961061478,0.053475070744752884,0.6505737353913403,0.9645766407948404,12.031704902648926,0.019531376659870148,0.0016233257728561876,0.08
30,octanol_gsolv_eV,191,0.21324282884597778,0.04929876700043678,0.647784160898266,0.944546645308642,11.053194999694824,0.2522587180137634,0.02282224442984388,0.2
30,octanol_gsolv_eV,192,0.27945175766944885,0.04475459083914757,0.6455112520304,0.9600621150684467,9.924072265625,0.14894390106201172,0.015008345069989422,0.2
30,octanol_gsolv_eV,193,0.15194301307201385,0.0410262756049633,0.6484623755549339,0.9547120748548743,9.113615989685059,0.033780936151742935,0.0037066446721012556,0.2
30,octanol_gsolv_eV,194,0.1650615930557251,0.045858487486839294,0.6507956670725423,0.9350195042346967,10.319876670837402,0.08524976670742035,0.008260735028774602,0.12
30,octanol_gsolv_eV,195,0.12422572076320648,0.0464901328086853,0.6495177194476758,0.9639119010797561,10.410158157348633,0.024162501096725464,0.002321050336749103,0.16
30,octanol_gsolv_eV,196,0.15073156356811523,0.049612294882535934,0.6495251291690403,0.9626750505192345,11.134868621826172,0.01366878766566515,0.0012275661375000043,0.12
30,octanol_gsolv_eV,197,0.2956100106239319,0.019383840262889862,0.6427295095939158,0.9251807090677262,4.174986362457275,0.4140723645687103,0.09917933344457666,0.18
30,octanol_gsolv_eV,198,0.334673136472702,0.08580984175205231,0.6307628486390779,0.9170849971028852,18.571258544921875,1.7868294715881348,0.09621477549655488,0.22
30,octanol_gsolv_eV,199,0.1248193085193634,0.05085423216223717,0.6288674185012832,0.9635309210697789,10.87912368774414,0.012528791092336178,0.001151636055618199,0.12
30,octanol_gsolv_eV,200,0.2355278730392456,0.040411610156297684,0.6449962605526882,0.9749293959487415,8.844911575317383,0.25515082478523254,0.028847187743205556,0.3
30,octanol_gsolv_eV,201,0.12411031126976013,0.042227182537317276,0.6498120106990648,0.9290323363911681,9.472607612609863,0.15791185200214386,0.016670367702334973,0.06
30,octanol_gsolv_eV,202,0.19939571619033813,0.03737858682870865,0.6502191864388238,0.9583114655532297,8.23963451385498,0.1324395388364792,0.016073472508250402,0.14
30,octanol_gsolv_eV,203,0.41395819187164307,0.04093432053923607,0.6515899888034675,0.9019049369471852,9.428922653198242,1.051469326019287,0.11151531990376802,0.36
30,octanol_gsolv_eV,204,0.15799568593502045,0.04634282365441322,0.6497255892088636,0.9700960317464782,10.415379524230957,0.02020825818181038,0.001940232531593946,0.1
30,octanol_gsolv_eV,205,0.3389127850532532,0.05136725306510925,0.6485116289830954,0.9114836000102187,11.773200988769531,1.165985107421875,0.09903722093372137,0.26
30,octanol_gsolv_eV,206,0.19713015854358673,0.04495558515191078,0.6467784019449596,0.9428230105526072,10.041009902954102,0.07945199310779572,0.007912749203087694,0.14
30,octanol_gsolv_eV,207,0.38525277376174927,0.04472019150853157,0.6511843880371828,0.9071091214935458,10.28341007232666,0.782916247844696,0.07613391300533426,0.36
30,octanol_gsolv_eV,208,0.1983397752046585,0.05786847695708275,0.6235133435650351,0.9563027190694158,11.983213424682617,0.14726750552654266,0.012289483655795201,0.16
30,octanol_gsolv_eV,209,0.1476452499628067,0.04701853170990944,0.6510751373652044,0.9643589917633932,10.591241836547852,0.016229990869760513,0.0015323973449227345,0.16
30,octanol_gsolv_eV,210,0.2770172655582428,0.04766325652599335,0.6514814828728444,0.9028635284987707,10.871603965759277,1.4662001132965088,0.13486511446833307,0.24
30,octanol_gsolv_eV,211,0.11651773750782013,0.050797607749700546,0.6450120276217295,0.9606336294451308,11.302050590515137,0.022365553304553032,0.0019788933986300294,0.14
30,octanol_gsolv_eV,212,0.20216773450374603,0.040928591042757034,0.6448079643981421,0.9420196984751197,9.077132225036621,0.1976020783185959,0.02176921889201616,0.14
30,octanol_gsolv_eV,213,0.24532215297222137,0.047295521944761276,0.6503704364169085,0.9418353376718056,10.660613059997559,0.428247332572937,0.04017098549237046,0.16
30,octanol_gsolv_eV,214,0.38319987058639526,0.04901411756873131,0.6524987751669356,0.9233696747613258,11.29079818725586,1.3826121091842651,0.1224547712441487,0.2
30,octanol_gsolv_eV,215,0.19179876148700714,0.046806998550891876,0.6475598682539336,0.9118663029031153,10.544245719909668,0.6193217039108276,0.0587355151200074,0.28
30,octanol_gsolv_eV,216,0.11725199222564697,0.03504236415028572,0.6501595010692989,0.9503736984956819,7.836492538452148,0.042821936309337616,0.005464426348805755,0.14
30,octanol_gsolv_eV,217,0.09459466487169266,0.0516795814037323,0.6469110065330146,0.9739460988301414,11.496536254882812,0.00716386316344142,0.0006231323073850858,0.1
30,octanol_gsolv_eV,218,0.2603694498538971,0.050424814224243164,0.651160126904182,0.9190612731353129,11.526159286499023,0.634642481803894,0.05506105425310858,0.16
30,octanol_gsolv_eV,219,0.055143337696790695,0.04590848460793495,0.6499740408685941,0.959309751175907,10.295082092285156,0.007777019869536161,0.0007554111564942295,0.04
30,octanol_gsolv_eV,220,0.14555907249450684,0.04884516820311546,0.6477643908959605,0.977906828837771,10.90843391418457,0.03119424358010292,0.002859644548933838,0.08
30,octanol_gsolv_eV,221,0.3718855381011963,0.03864575922489166,0.6520829341773438,0.9379853222529109,8.678645133972168,1.0201541185379028,0.1175476244033248,0.4
30,octanol_gsolv_eV,222,0.10758824646472931,0.05621337890625,0.6427673836601837,0.9420049035085027,12.450234413146973,0.17476612329483032,0.014037175325011067,0.04
30,octanol_gsolv_eV,223,0.12277285009622574,0.04134942218661308,0.6488658571102612,0.968112837086651,9.136087417602539,0.06321391463279724,0.006919145115774912,0.06
30,octanol_gsolv_eV,224,0.5094237923622131,0.02801957167685032,0.6602696067096656,0.9259351131082643,6.415455341339111,1.6502903699874878,0.25723667022565844,0.36
30,octanol_gsolv_eV,225,0.18991373479366302,0.022501502186059952,0.6510888066836791,0.9749748609421536,4.9268622398376465,0.06668160110712051,0.01353429380832817,0.16
30,octanol_gsolv_eV,226,0.1347452849149704,0.042330797761678696,0.6500510309588678,0.977354144295443,9.50086498260498,0.05505577474832535,0.005794817087615318,0.1
30,octanol_gsolv_eV,227,0.15379799902439117,0.04907847195863724,0.6490691564844604,0.9688853798559631,10.99797534942627,0.020700663328170776,0.001882224925085931,0.18
30,octanol_gsolv_eV,228,0.12090820074081421,0.047333672642707825,0.6510558959090351,0.9702229799513076,10.717853546142578,0.006728898733854294,0.0006278214854200975,0.16
30,octanol_gsolv_eV,229,0.10234773904085159,0.04733531177043915,0.6430149819202708,0.94179886821893,10.430309295654297,0.08819811791181564,0.008455944633258638,0.04
30,octanol_gsolv_eV,230,0.262172132730484,0.04389331117272377,0.6484824847328989,0.8950807712946625,9.92203426361084,0.6800318360328674,0.06853754159334956,0.22
30,octanol_gsolv_eV,231,0.05525811389088631,0.05640273168683052,0.6452248751352614,0.9571624574504922,12.548913955688477,0.03645016998052597,0.0029046473750027548,0.02
30,octanol_gsolv_eV,232,0.20027045905590057,0.04606489837169647,0.6446563018466003,0.9315791118084404,10.260065078735352,0.4701921343803406,0.045827402728160486,0.12
30,octanol_gsolv_eV,233,0.07830051332712173,0.05147571861743927,0.645638429891054,0.9587049089169726,11.442538261413574,0.00921755563467741,0.0008055516550694674,0.06
30,octanol_gsolv_eV,234,0.22439144551753998,0.045425232499837875,0.644101935936459,0.9125104589487048,10.089568138122559,0.48222753405570984,0.04779466548559744,0.18
30,octanol_gsolv_eV,235,0.26036712527275085,0.05171374976634979,0.6405342432991696,0.9295307599123623,11.519506454467773,0.4519002437591553,0.03922913238907804,0.22
30,octanol_gsolv_eV,236,0.2808168828487396,0.0513199046254158,0.6471419002677701,0.9236517768028674,11.595848083496094,0.8655792474746704,0.07464561809037622,0.28
30,octanol_gsolv_eV,237,0.30712491273880005,0.0572182722389698,0.644622799821744,0.917935136075146,13.027711868286133,1.2658443450927734,0.09716551593179365,0.32
30,octanol_gsolv_eV,238,0.15645307302474976,0.024485573172569275,0.6533553058382486,0.9602207424971345,5.414892673492432,0.029430508613586426,0.005435104698872027,0.14
30,octanol_gsolv_eV,239,0.13799558579921722,0.05496518313884735,0.6469669559862625,0.9703160542242999,12.28129768371582,0.04733835160732269,0.0038545073026028985,0.08
30,octanol_gsolv_eV,240,0.19441065192222595,0.04365318641066551,0.6500936340277859,0.954847253297221,9.826959609985352,0.037717584520578384,0.0038381743710692432,0.2
30,octanol_gsolv_eV,241,0.3222893178462982,0.04742066189646721,0.6492538429351999,0.9085625726578641,10.90842342376709,0.8374356031417847,0.07676962752630175,0.18
30,octanol_gsolv_eV,242,0.11342267692089081,0.03805708512663841,0.649391565946901,0.9676482774893467,8.518230438232422,0.12026660889387131,0.01411873155650709,0.1
30,octanol_gsolv_eV,243,0.11636746674776077,0.04912003129720688,0.6391497385558536,0.9686261751336207,10.835617065429688,0.005920829251408577,0.0005464228954988256,0.12
30,octanol_gsolv_eV,244,0.311328649520874,0.050528474152088165,0.6495707805486777,0.9165604223763144,11.600273132324219,0.8583518862724304,0.07399411000768841,0.3
30,octanol_gsolv_eV,245,0.1434096097946167,0.06579265743494034,0.6249682878096092,0.9606121054846912,14.003152847290039,0.02966306358575821,0.002118313204836492,0.1
30,octanol_gsolv_eV,246,0.15154404938220978,0.026067713275551796,0.6470890265440874,0.9519349987322576,5.675654411315918,0.09476429224014282,0.016696628330859106,0.08
30,octanol_gsolv_eV,247,0.12837514281272888,0.034412167966365814,0.6507727159005188,0.9347817276269847,7.705659866333008,0.10466610640287399,0.013583016668069312,0.02
30,octanol_gsolv_eV,248,0.20943062007427216,0.047901540994644165,0.6480470443615434,0.9400585133527262,10.72265625,0.27328261733055115,0.025486466315708958,0.14
30,octanol_gsolv_eV,249,0.2719701826572418,0.049191396683454514,0.6504383653108023,0.9157360218267907,11.231571197509766,0.8609513640403748,0.07665457921250257,0.28
30,octanol_hl_gap_eV,0,0.27307042479515076,0.0020223974715918303,0.6104050298143828,0.9076347334523533,0.475942462682724,0.07766018062829971,0.16317136359415377,0.2
30,octanol_hl_gap_eV,1,0.03119833953678608,0.002639149781316519,0.6289271654244191,0.9486227486099372,0.4762800633907318,0.007709951139986515,0.016187851922874644,0.0
30,octanol_hl_gap_eV,2,0.1411295086145401,0.0014796302421018481,0.623999483211106,0.9502452952677105,0.28347596526145935,0.00920273456722498,0.03246389710230633,0.12
30,octanol_hl_gap_eV,3,0.06954019516706467,0.0011990680359303951,0.6317907517869332,0.972872189537064,0.3408658504486084,0.0008190670632757246,0.00240290149980634,0.12
30,octanol_hl_gap_eV,4,0.08537765592336655,0.0023194225504994392,0.6061650817441426,0.9820740354439028,0.46567124128341675,0.0014137548860162497,0.0030359506035198994,0.14
30,octanol_hl_gap_eV,5,0.14477595686912537,0.0030434734653681517,0.6151107866084549,0.9151890897190036,0.7420473098754883,0.05776544287800789,0.07784603772460362,0.02
30,octanol_hl_gap_eV,6,0.057372450828552246,0.002062675077468157,0.6115389842263574,0.9787043220707965,0.4124424457550049,0.0009876687545329332,0.0023946826149887075,0.1
30,octanol_hl_gap_eV,7,0.06891985237598419,0.0011896262876689434,0.6259060255340063,0.9603274782421365,0.30385637283325195,0.0007850616821087897,0.0025836604142563434,0.02
30,octanol_hl_gap_eV,8,0.075542151927948,0.0017403141828253865,0.6295352960886498,0.9575733519183638,0.33918747305870056,0.0012383614666759968,0.003650964628819541,0.14
30,octanol_hl_gap_eV,9,0.0374087356030941,0.0010962453670799732,0.6159116669075249,0.9768365241139292,0.3071611225605011,0.0008757430477999151,0.0028510868839770605,0.1
30,octanol_hl_gap_eV,10,0.10275644809007645,0.0029490585438907146,0.5938911711790771,0.9738662896926795,0.6266862750053406,0.0032425986137241125,0.005174197589849051,0.18
30,octanol_hl_gap_eV,11,0.1854524314403534,0.0017973342910408974,0.6087045279864884,0.9159439216554481,0.41536852717399597,0.03132687509059906,0.07541947220636766,0.12
30,octanol_hl_gap_eV,12,0.30631688237190247,0.001513470197096467,0.6008875961648621,0.920268134846769,0.32294005155563354,0.06183018162846565,0.19146024573484668,0.34
30,octanol_hl_gap_eV,13,0.2666539251804352,0.0016978931380435824,0.6213671661764406,0.8886797057016524,0.44638627767562866,0.07088819146156311,0.15880459370454655,0.14
30,octanol_hl_gap_eV,14,0.04001619294285774,0.002118354896083474,0.6040854645628262,0.9678918582044227,0.4388662278652191,0.0018803817220032215,0.00428463527747391,0.08
30,octanol_hl_gap_eV,15,0.15264679491519928,0.0013809319352731109,0.6357100326973124,0.9752896155194832,0.3990864157676697,0.0011497156228870153,0.0028808688481051395,0.26
30,octanol_hl_gap_eV,16,0.21582210063934326,0.001687195268459618,0.6149622764243063,0.9367346224073203,0.43271559476852417,0.03709344565868378,0.08572246091229149,0.24
30,octanol_hl_gap_eV,17,0.2036517858505249,0.002510649152100086,0.5819069814993634,0.9195931747377106,0.543994128704071,0.07198479771614075,0.1323264239774543,0.16
30,octanol_hl_gap_eV,18,0.050361424684524536,0.002350536873564124,0.5868986520883206,0.9580904437322777,0.45182308554649353,0.0026884444523602724,0.005950214892425247,0.1
30,octanol_hl_gap_eV,19,0.05950307846069336,0.0015173798892647028,0.6374845572804455,0.9755503409351689,0.28428009152412415,0.0007104115793481469,0.0024989846300505396,0.12
30,octanol_hl_gap_eV,20,0.17194567620754242,0.0022532129660248756,0.626309529527797,0.9059082086830583,0.410216361284256,0.07250713557004929,0.17675339750723906,0.08
30,octanol_hl_gap_eV,21,0.06481381505727768,0.0008760847267694771,0.6579213748822341,0.9787570430096937,0.31787580251693726,0.0009171535493806005,0.0028852575191901627,0.08
30,octanol_hl_gap_eV,22,0.10139835625886917,0.002040526131168008,0.6329599200914962,0.9632706436470668,0.5297906398773193,0.0007746205083094537,0.0014621256964615838,0.12
30,octanol_hl_gap_eV,23,0.3170112073421478,0.001673049060627818,0.6179467850765361,0.9369743863716482,0.33643242716789246,0.04515794664621353,0.1342259039247665,0.34
30,octanol_hl_gap_eV,24,0.058677271008491516,0.001854217960499227,0.6081257042365649,0.9747754501203887,0.37750959396362305,0.0033370612654834986,0.008839672736383645,0.08
30,octanol_hl_gap_eV,25,0.3400430679321289,0.0009484419715590775,0.6671605487824375,0.934274709105472,0.2541101574897766,0.03662017360329628,0.14411141201535632,0.2
30,octanol_hl_gap_eV,26,0.014726176857948303,0.001908723614178598,0.6004911318239823,0.979120745215442,0.4178997874259949,0.000890180526766926,0.0021301291686456445,0.02
30,octanol_hl_gap_eV,27,0.05115947872400284,0.002363445470109582,0.6267856718998581,0.9597938823646861,0.43285515904426575,0.002423153957352042,0.00559807110235745,0.02
30,octanol_hl_gap_eV,28,0.11105263233184814,0.0021878161933273077,0.611598930353608,0.971461809245086,0.5271950960159302,0.004606950096786022,0.008738605748803882,0.16
30,octanol_hl_gap_eV,29,0.06272869557142258,0.002165421610698104,0.6142790381468044,0.9661520654482794,0.565473735332489,0.00122166913934052,0.0021604348053799512,0.02
30,octanol_hl_gap_eV,30,0.0522170290350914,0.0032415438909083605,0.6418099020119274,0.9863943722223243,0.6400068998336792,0.0035090409219264984,0.005482817330310665,0.04
30,octanol_hl_gap_eV,31,0.03708729147911072,0.0013017294695600867,0.6033148408060274,0.9624336050273206,0.3490091562271118,0.0008168269414454699,0.0023404169399897736,0.02
30,octanol_hl_gap_eV,32,0.08960993587970734,0.001001535216346383,0.6513424552351099,0.9346542975344427,0.27264121174812317,0.003496218007057905,0.012823512574055939,0.18
30,octanol_hl_gap_eV,33,0.05507161095738411,0.0014284986536949873,0.603690415085655,0.9659309266206033,0.36630070209503174,0.0013250979827716947,0.003617514176721168,0.02
30,octanol_hl_gap_eV,34,0.030342044308781624,0.0029979567043483257,0.5994714548901381,0.9678103404955458,0.5093679428100586,0.001576791750267148,0.003095584974524256,0.04
30,octanol_hl_gap_eV,35,0.0660286396741867,0.0010072669247165322,0.6118678304535614,0.9680155949973339,0.3092346787452698,0.0019602845422923565,0.006339148475346548,0.04
30,octanol_hl_gap_eV,36,0.13787098228931427,0.0009274699841625988,0.659453423528978,0.9427459629187711,0.3067381680011749,0.019481977447867393,0.06351337877128083,0.06
30,octanol_hl_gap_eV,37,0.03795779496431351,0.001402817084454,0.6274111340045978,0.9786598874743238,0.36153537034988403,0.0007609420572407544,0.0021047513456410516,0.04
30,octanol_hl_gap_eV,38,0.05962219089269638,0.0020284580532461405,0.5830742303625689,0.9710770680184841,0.403587281703949,0.002742995508015156,0.006796536046513173,0.12
30,octanol_hl_gap_eV,39,0.1112319603562355,0.0014862761599943042,0.6174533585982529,0.9698985481145146,0.3169761896133423,0.0011917504016309977,0.0037597473901264727,0.18
30,octanol_hl_gap_eV,40,0.2971646189689636,0.0015372390625998378,0.6277095950052469,0.9169250693754878,0.3642056882381439,0.09407608956098557,0.25830483322784303,0.3
30,octanol_hl_gap_eV,41,0.08154626935720444,0.0024045004975050688,0.575422974858985,0.9771669216516017,0.4407546818256378,0.010211575776338577,0.023168388669274006,0.08
30,octanol_hl_gap_eV,42,0.020245948806405067,0.0010151510359719396,0.6456092650021974,0.9630330938145315,0.2996141016483307,0.0004130942397750914,0.001378754329327119,0.02
30,octanol_hl_gap_eV,43,0.1108105406165123,0.002025984227657318,0.6081547805927734,0.9810237408276705,0.27579501271247864,0.004630279261618853,0.016788843337228885,0.1
30,octanol_hl_gap_eV,44,0.10087081044912338,0.000962186953984201,0.6325218029790509,0.9755473349788883,0.2686341404914856,0.0005430713063105941,0.0020216019651002133,0.06
30,octanol_hl_gap_eV,45,0.15432505309581757,0.0015079446602612734,0.6331727115988797,0.9716334242594902,0.40652263164520264,0.0015489382203668356,0.0038102139949706157,0.14
30,octanol_hl_gap_eV,46,0.08220315724611282,0.0012072266545146704,0.6447222056373587,0.9695786393871226,0.3196122944355011,0.0011969567276537418,0.003745027173525366,0.18
30,octanol_hl_gap_eV,47,0.04221542552113533,0.0011364459060132504,0.6128250795819521,0.975953235274966,0.31804272532463074,0.0016068763798102736,0.005052391555788965,0.1
30,octanol_hl_gap_eV,48,0.1421455442905426,0.000986112980172038,0.6395666270805476,0.9588502444052722,0.2803337574005127,0.0018685769755393267,0.006665543931870081,0.16
30,octanol_hl_gap_eV,49,0.06568330526351929,0.0009951606625691056,0.6454325731943358,0.9609959748744841,0.24960075318813324,0.001187177374958992,0.004756305258679139,0.16
30,octanol_hl_gap_eV,50,0.09027478843927383,0.0020927926525473595,0.5847854570882731,0.9692262097214646,0.44184839725494385,0.002174646593630314,0.004921703025609383,0.1
30,octanol_hl_gap_eV,51,0.21720728278160095,0.001735500292852521,0.6122120678118346,0.9157326303381037,0.26687929034233093,0.05922197178006172,0.2219054603453742,0.1
30,octanol_hl_gap_eV,52,0.10581142455339432,0.0018559873569756746,0.6193257117264281,0.9829600164823451,0.3715965151786804,0.0038700441364198923,0.010414640553232853,0.14
30,octanol_hl_gap_eV,53,0.06414780765771866,0.003467216854915023,0.5769948576675406,0.9734265783820333,0.7166269421577454,0.005999117624014616,0.008371325819751385,0.0
30,octanol_hl_gap_eV,54,0.08680960536003113,0.0011109241750091314,0.6427249206151737,0.9722860221110436,0.2597804665565491,0.001331023988313973,0.005123649233358488,0.1
30,octanol_hl_gap_eV,55,0.07649347931146622,0.003014251356944442,0.6137219720909355,0.9794256402279498,0.5307701230049133,0.0039162300527095795,0.00737839204388173,0.22
30,octanol_hl_gap_eV,56,0.13585785031318665,0.0011474655475467443,0.6314194132002495,0.9793044557269868,0.3500047028064728,0.0007527203997597098,0.0021506008168579085,0.16
30,octanol_hl_gap_eV,57,0.11638510227203369,0.0016838348237797618,0.6274555661039996,0.9778200557928398,0.26084259152412415,0.0013599081430584192,0.005213520288662856,0.04
30,octanol_hl_gap_eV,58,0.03238344565033913,0.0012379275867715478,0.6117943482420716,0.9637526127972258,0.27634820342063904,0.0006942016188986599,0.0025120540329404348,0.04
30,octanol_hl_gap_eV,59,0.08233408629894257,0.001134937978349626,0.6331470478628662,0.9676118706519419,0.2952924966812134,0.0008640437736175954,0.0029260607137958686,0.04
30,octanol_hl_gap_eV,60,0.12371400743722916,0.0015024523017928004,0.6127833384793355,0.9699957074736978,0.29696938395500183,0.0011937348172068596,0.004019723519336727,0.1
30,octanol_hl_gap_eV,61,0.058764006942510605,0.0016593595501035452,0.6370536002970417,0.9617084116368615,0.3337917923927307,0.0009230993455275893,0.0027654944386454375,0.06
30,octanol_hl_gap_eV,62,0.07857441157102585,0.0010333338286727667,0.6247600543593828,0.9789780315176202,0.3330417573451996,0.0022660407703369856,0.0068040740248323335,0.14
30,octanol_hl_gap_eV,63,0.03650936856865883,0.001303899334743619,0.6282953948341266,0.9654297633667834,0.2764214277267456,0.000652373768389225,0.002360069455375668,0.02
30,octanol_hl_gap_eV,64,0.018815666437149048,0.0018428948242217302,0.6282808377466622,0.9726299521176154,0.31737419962882996,0.0013043080689385533,0.004109685256280899,0.0
30,octanol_hl_gap_eV,65,0.06590020656585693,0.0021447979379445314,0.612837906413161,0.9826033842347861,0.5342199206352234,0.0034048722591251135,0.006373540423345673,0.18
30,octanol_hl_gap_eV,66,0.07632554322481155,0.0014445977285504341,0.624109142902741,0.9730011721613223,0.3491336405277252,0.0014243549667298794,0.004079684113444145,0.1
30,octanol_hl_gap_eV,67,0.06215233355760574,0.002738027833402157,0.6003270076857758,0.9826477290795106,0.6026630401611328,0.0032235081307590008,0.005348773553289643,0.1
30,octanol_hl_gap_eV,68,0.05193518102169037,0.0015997827285900712,0.607062075979746,0.9704241012205823,0.24711453914642334,0.002194971777498722,0.008882406454434194,0.14
30,octanol_hl_gap_eV,69,0.15704114735126495,0.0011306536616757512,0.6440073584888566,0.9191790818276846,0.2758656144142151,0.026581577956676483,0.09635698168878694,0.06
30,octanol_hl_gap_eV,70,0.045835014432668686,0.0012529140803962946,0.6361027790170237,0.9675173007867537,0.37469491362571716,0.0009926141938194633,0.0026491264165143854,0.24
30,octanol_hl_gap_eV,71,0.5547798275947571,0.0012006184551864862,0.6491074689525584,0.9120527136808416,0.25835251808166504,0.13410909473896027,0.519093429917987,0.42
30,octanol_hl_gap_eV,72,0.02122330479323864,0.001021160976961255,0.6328231573319572,0.9609230101337503,0.305215060710907,0.0007314685499295592,0.002396567679936313,0.24
30,octanol_hl_gap_eV,73,0.06624666601419449,0.002405852545052767,0.5854759646266452,0.9704912948766773,0.5170567631721497,0.001900338102132082,0.0036752988017669168,0.16
30,octanol_hl_gap_eV,74,0.10491809248924255,0.0011677766451612115,0.6507722612205395,0.9714672277603302,0.29742586612701416,0.0006927780923433602,0.0023292462803067467,0.14
30,octanol_hl_gap_eV,75,0.1691981852054596,0.003584702964872122,0.6306712465152997,0.9203368742049052,0.8106909394264221,0.10816739499568939,0.13342617973776752,0.14
30,octanol_hl_gap_eV,76,0.041682492941617966,0.005217426456511021,0.6424731462016313,0.9728260553618482,1.0628825426101685,0.0033248593099415302,0.00312815308997034,0.04
30,octanol_hl_gap_eV,77,0.05968649685382843,0.0012232157168909907,0.6425888560105206,0.9672098050974987,0.2839776575565338,0.0005604065372608602,0.0019734177050506002,0.06
30,octanol_hl_gap_eV,78,0.10238974541425705,0.0011131665669381618,0.6077191220748355,0.9729076823040377,0.2860519289970398,0.0005529131158255041,0.0019329116841272057,0.12
30,octanol_hl_gap_eV,79,0.06160811707377434,0.0016181647079065442,0.6259129557879644,0.9747937118525611,0.3861587643623352,0.0008490905165672302,0.002198811978201078,0.1
30,octanol_hl_gap_eV,80,0.6250741481781006,0.0010103879030793905,0.6826309520677527,0.9160662556168246,0.3262401521205902,0.12288441509008408,0.3766685807719386,0.54
30,octanol_hl_gap_eV,81,0.05495282635092735,0.0026220388244837523,0.58815329893246,0.9832985241677459,0.5491234660148621,0.003600961994379759,0.006557654548098112,0.02
30,octanol_hl_gap_eV,82,0.08065924048423767,0.00214347243309021,0.5917487565198389,0.9779152196563963,0.44090282917022705,0.0045793806202709675,0.010386371593235856,0.18
30,octanol_hl_gap_eV,83,0.0941617488861084,0.0021247221156954765,0.6110935424478534,0.9773596711733279,0.5300766825675964,0.0011457602959126234,0.0021614991445440797,0.18
30,octanol_hl_gap_eV,84,0.22205881774425507,0.0020039540249854326,0.6300023547788733,0.8957307164650412,0.3626863956451416,0.07110180705785751,0.19604211217071596,0.0
30,octanol_hl_gap_eV,85,0.024476591497659683,0.0011067618615925312,0.6759277232129932,0.9695723631900441,0.32211512327194214,0.001983897527679801,0.006158970456053122,0.14
30,octanol_hl_gap_eV,86,0.0698000118136406,0.003147576004266739,0.5884301787347705,0.9791711779235686,0.6514521837234497,0.0014196033589541912,0.0021791366955595808,0.08
30,octanol_hl_gap_eV,87,0.09861671924591064,0.002043721731752157,0.6296310479052352,0.9793977028509551,0.4542447328567505,0.003188020084053278,0.007018287397640875,0.26
30,octanol_hl_gap_eV,88,0.047855060547590256,0.000586997892241925,0.6223958162223007,0.9652340139957274,0.2780166566371918,0.0013223399873822927,0.004756333679344723,0.12
30,octanol_hl_gap_eV,89,0.025967847555875778,0.0010169082088395953,0.6778420533819769,0.9674665998813456,0.28247007727622986,0.0008491463959217072,0.0030061463646335884,0.02
30,octanol_hl_gap_eV,90,0.02023913897573948,0.003410263219848275,0.577451907284817,0.9632997898038236,0.6985142827033997,0.0032094980124384165,0.00459474930135569,0.0
30,octanol_hl_gap_eV,91,0.05967771261930466,0.0016763397725299,0.6082958968525254,0.9702203416863784,0.27218297123908997,0.0017759734764695168,0.0065249250104977095,0.22
30,octanol_hl_gap_eV,92,0.04559563472867012,0.0033098843414336443,0.6274384638489181,0.9810963665290056,0.6551507115364075,0.003145080292597413,0.0048005447253836,0.0
30,octanol_hl_gap_eV,93,0.020437097176909447,0.0033318321220576763,0.6442269366897222,0.974218057622859,0.6453852653503418,0.0009681551018729806,0.0015001196244346017,0.02
30,octanol_hl_gap_eV,94,0.07758191227912903,0.000940259313210845,0.6633056610264474,0.9648433512114263,0.2896581292152405,0.0006084836786612868,0.002100696018129469,0.16
30,octanol_hl_gap_eV,95,0.024535352364182472,0.0013264367589727044,0.6101562827351577,0.973215133517024,0.28920841217041016,0.0009240607614628971,0.0031951379094685983,0.04
30,octanol_hl_gap_eV,96,0.3678602874279022,0.001417082385160029,0.6371924176031427,0.8970548385377348,0.3738928735256195,0.07235623896121979,0.1935213107405265,0.26
30,octanol_hl_gap_eV,97,0.017186548560857773,0.0012519574956968427,0.6398612988279007,0.9642688598719638,0.24677430093288422,0.0009288370492868125,0.003763913202369604,0.1
30,octanol_hl_gap_eV,98,0.1412753462791443,0.003965265583246946,0.577593706579574,0.9337849940059852,0.8179256916046143,0.07291307300329208,0.08914388403700896,0.14
30,octanol_hl_gap_eV,99,0.05428512021899223,0.0024580140598118305,0.5837695427221707,0.9666731415744363,0.43754640221595764,0.0012956256978213787,0.0029611161039370245,0.02
30,octanol_hl_gap_eV,100,0.0816272422671318,0.003930521197617054,0.5803865746751571,0.9826207012081467,0.6686002612113953,0.00266644055955112,0.003988093804689758,0.1
30,octanol_hl_gap_eV,101,0.11185170710086823,0.0008063764544203877,0.64630761898934,0.9612673920541963,0.2722255289554596,0.001568020205013454,0.005760004254670791,0.02
30,octanol_hl_gap_eV,102,0.07812272012233734,0.0013138673966750503,0.6498261834003329,0.9801273325755793,0.2959360182285309,0.000683387799654156,0.0023092417196963937,0.1
30,octanol_hl_gap_eV,103,0.11724397540092468,0.001910593593493104,0.6451832077988351,0.9430624267070415,0.4917733073234558,0.023433422669768333,0.04765086335675268,0.08
30,octanol_hl_gap_eV,104,0.11019737273454666,0.0012906277552247047,0.6176071718575817,0.9717334604324339,0.3719572424888611,0.0006795368972234428,0.0018269220749043292,0.28
30,octanol_hl_gap_eV,105,0.07543648779392242,0.001028171624056995,0.6150045952533345,0.9739912725549003,0.3217143714427948,0.0009017906268127263,0.002803078466058135,0.02
30,octanol_hl_gap_eV,106,0.03875884786248207,0.0010558953508734703,0.6095889237062679,0.9723408072616664,0.24249252676963806,0.0019810840021818876,0.008169670334062991,0.22
30,octanol_hl_gap_eV,107,0.08922512829303741,0.0015824349829927087,0.5931216156305479,0.981197340791188,0.32642093300819397,0.002766953082755208,0.008476641057470879,0.04
30,octanol_hl_gap_eV,108,0.028468819335103035,0.002599133877083659,0.6275541227645423,0.9463571935108077,0.6086647510528564,0.0219974797219038,0.0361405514018234,0.04
30,octanol_hl_gap_eV,109,0.024508044123649597,0.0017031561583280563,0.6019829889390456,0.9726590283196923,0.3628099262714386,0.0005247279186733067,0.0014462887608006846,0.26
30,octanol_hl_gap_eV,110,0.11194629967212677,0.0013674721121788025,0.639192393878931,0.9715251332510768,0.21313147246837616,0.0033911624923348427,0.015911129656545744,0.16
30,octanol_hl_gap_eV,111,0.030888864770531654,0.0019162342650815845,0.6260188846326558,0.9594906376213377,0.3337145149707794,0.002625770401209593,0.007868313433832836,0.06
30,octanol_hl_gap_eV,112,0.10316962748765945,0.0016207805601879954,0.6251943942907345,0.9722084633709129,0.3625039756298065,0.0010597417131066322,0.002923393353867251,0.2
30,octanol_hl_gap_eV,113,0.09640822559595108,0.0014978633262217045,0.6051717055069039,0.9810208058682888,0.28380289673805237,0.0028982949443161488,0.010212351521525342,0.06
30,octanol_hl_gap_eV,114,0.030463503673672676,0.0012787047307938337,0.6168120556521117,0.9624953687467115,0.29127416014671326,0.0009306994033977389,0.003195269374148914,0.02
30,octanol_hl_gap_eV,115,0.02895861305296421,0.0019487678073346615,0.6121734523476849,0.9740721416304305,0.4016452133655548,0.0010803890181705356,0.0026899088604031896,0.0
30,octanol_hl_gap_eV,116,0.06084888428449631,0.0009717927314341068,0.6461745615827055,0.9705222045339625,0.2540600597858429,0.0020029598381370306,0.007883804482394452,0.02
30,octanol_hl_gap_eV,117,0.040771715342998505,0.0024137627333402634,0.6532099525046098,0.9857418686694537,0.5389999151229858,0.001956523396074772,0.003629914107924013,0.18
30,octanol_hl_gap_eV,118,0.12864802777767181,0.0022815882693976164,0.6371838684953839,0.9065704093385734,0.43307116627693176,0.04487890377640724,0.1036293969008063,0.06
30,octanol_hl_gap_eV,119,0.04487136751413345,0.004327516537159681,0.573791278669084,0.9754323406320131,0.8843058943748474,0.0027506821788847446,0.003110555065144416,0.08
30,octanol_hl_gap_eV,120,0.08841543644666672,0.0012741461396217346,0.6382226605500811,0.9780773806533374,0.3558507561683655,0.0014893381157889962,0.004185288607576649,0.16
30,octanol_hl_gap_eV,121,0.04400448501110077,0.0016986577538773417,0.6241059007296288,0.9659816786009869,0.29835763573646545,0.001594525994732976,0.005344344517267174,0.1
30,octanol_hl_gap_eV,122,0.06783978641033173,0.0020536882802844048,0.6138126123869254,0.9779832516625366,0.33894121646881104,0.0015598845202475786,0.004602227302123102,0.04
30,octanol_hl_gap_eV,123,0.031889814883470535,0.001696451217867434,0.6030260045988334,0.964193168696593,0.2760971784591675,0.000520154950208962,0.0018839560516765246,0.04
30,octanol_hl_gap_eV,124,0.0677327960729599,0.001231020432896912,0.6445100943693605,0.9760286557790141,0.26119810342788696,0.000895810138899833,0.00342961961493397,0.12
30,octanol_hl_gap_eV,125,0.06255309283733368,0.0014086997834965587,0.6330550049918411,0.9563162847671569,0.33068162202835083,0.0005126391188241541,0.001550249801242971,0.08
30,octanol_hl_gap_eV,126,0.05730608478188515,0.001216241274960339,0.618729313124267,0.9769759103676687,0.2763095498085022,0.0023169799242168665,0.008385450035377575,0.06
30,octanol_hl_gap_eV,127,0.36687570810317993,0.002173216547816992,0.5893278527947983,0.9247673516277328,0.49597597122192383,0.1087881475687027,0.2193415687068146,0.2
30,octanol_hl_gap_eV,128,0.06997426599264145,0.0014445786364376545,0.6109630934550898,0.9681268955561202,0.3167078197002411,0.0008748577092774212,0.0027623495690932425,0.04
30,octanol_hl_gap_eV,129,0.04510050639510155,0.0015916251577436924,0.611897522835734,0.9634565799184927,0.4150387942790985,0.000660681864246726,0.0015918556851879284,0.14
30,octanol_hl_gap_eV,130,0.13618892431259155,0.0016353371320292354,0.6302013176392898,0.9671164151618221,0.32558614015579224,0.0068454379215836525,0.02102496721238848,0.08
30,octanol_hl_gap_eV,131,0.09341547638177872,0.003521425649523735,0.5792973879300463,0.9802226619706906,0.7163946032524109,0.004239674657583237,0.00591807174193557,0.02
30,octanol_hl_gap_eV,132,0.039464905858039856,0.003690514713525772,0.5784853409804758,0.986969998633036,0.7863909602165222,0.0047834571450948715,0.00608279772669031,0.06
30,octanol_hl_gap_eV,133,0.08107002824544907,0.0019444532226771116,0.6192677981730883,0.9748226009831287,0.3043234348297119,0.0029546141158789396,0.009708795898456628,0.02
30,octanol_hl_gap_eV,134,0.01965649239718914,0.0011883596889674664,0.6379126044522259,0.9636512328235047,0.2790497839450836,0.0016973873134702444,0.006082740109930658,0.12
30,octanol_hl_gap_eV,135,0.07826820760965347,0.001426744507625699,0.6426093929952919,0.9830595151108215,0.3186910152435303,0.001394942868500948,0.004377101335709108,0.04
30,octanol_hl_gap_eV,136,0.1020459532737732,0.001439240644685924,0.6305565912369739,0.945393497587522,0.23785075545310974,0.009637133218348026,0.04051756404972994,0.1
30,octanol_hl_gap_eV,137,0.07285618036985397,0.0034565350506454706,0.6187009426143899,0.9693449521788213,0.8090432286262512,0.00502511253580451,0.00621117927695546,0.02
30,octanol_hl_gap_eV,138,0.07235700637102127,0.0010075801983475685,0.6055233992429896,0.9401089241395315,0.29606831073760986,0.00424377154558897,0.01433375809459732,0.1
30,octanol_hl_gap_eV,139,0.025974968448281288,0.002661405596882105,0.6242820244816878,0.97627412989772,0.45907604694366455,0.001362082315608859,0.0029670080255265567,0.04
30,octanol_hl_gap_eV,140,0.04532722383737564,0.0009418070549145341,0.6421464339733893,0.9437778939104322,0.2698754072189331,0.005659799557179213,0.02097189816405824,0.02
30,octanol_hl_gap_eV,141,0.13352593779563904,0.0023504584096372128,0.6409074493335969,0.9803665094708507,0.4385083019733429,0.00264945812523365,0.006041979395397426,0.1
30,octanol_hl_gap_eV,142,0.06125668063759804,0.002179552800953388,0.5969021613249048,0.9791494713304727,0.5296801328659058,0.0025504014920443296,0.004814984240101736,0.06
30,octanol_hl_gap_eV,143,0.06349198520183563,0.0012366775190457702,0.6266705629290679,0.9775528607289414,0.28433436155319214,0.0007859508041292429,0.0027641780607730393,0.02
30,octanol_hl_gap_eV,144,0.07993286103010178,0.0023457531351596117,0.5896896083138363,0.977748122871799,0.37819039821624756,0.0012156905140727758,0.003214493334063044,0.18
30,octanol_hl_gap_eV,145,0.05596379190683365,0.0010815387358888984,0.6541804187948577,0.9698263051803591,0.28343263268470764,0.0012537607690319419,0.004423487716132651,0.16
30,octanol_hl_gap_eV,146,0.08672763407230377,0.0013158320216462016,0.6493123475783062,0.9761258538576201,0.2615756094455719,0.0008177704876288772,0.0031263254603982374,0.14
30,octanol_hl_gap_eV,147,0.08442216366529465,0.0011521540582180023,0.653271595708173,0.974980463905101,0.3087555468082428,0.0008258849265985191,0.0026748828810886018,0.18
30,octanol_hl_gap_eV,148,0.13161595165729523,0.0015254543395712972,0.6232069697194467,0.9762096915611556,0.4279148578643799,0.0018704719841480255,0.004371131195310911,0.26
30,octanol_hl_gap_eV,149,0.05616641044616699,0.0026778271421790123,0.5847532958432848,0.9739411112996688,0.5828034281730652,0.0014479007804766297,0.002484372449584616,0.08
30,octanol_hl_gap_eV,150,0.027501659467816353,0.002473614877089858,0.5930030213175592,0.9470739865944919,0.4659866690635681,0.010844231583178043,0.023271548958622063,0.02
30,octanol_hl_gap_eV,151,0.02575168013572693,0.0021144989877939224,0.6024491801424883,0.9706047275219871,0.2689359188079834,0.0014007649151608348,0.0052085452972199,0.1
30,octanol_hl_gap_eV,152,0.11728651076555252,0.002788289450109005,0.6279749553188334,0.9672685718478513,0.624384343624115,0.001740082516334951,0.002786877240122626,0.14
30,octanol_hl_gap_eV,153,0.06720802932977676,0.004749637562781572,0.5764484132859056,0.954882805649286,0.9622930288314819,0.020222267135977745,0.021014666562152864,0.06
30,octanol_hl_gap_eV,154,0.06298176199197769,0.001494970521889627,0.6098973194726804,0.9674625894318063,0.31017786264419556,0.0010324990143999457,0.003328732120332918,0.02
30,octanol_hl_gap_eV,155,0.07417140901088715,0.0009116932051256299,0.6642693107323694,0.9635734143653945,0.29815641045570374,0.0005303935031406581,0.0017789102784340678,0.02
30,octanol_hl_gap_eV,156,0.072356216609478,0.0012955471174791455,0.6387680331444239,0.9674461031068333,0.28298673033714294,0.0012199846096336842,0.004311101825093447,0.1
30,octanol_hl_gap_eV,157,0.03628076985478401,0.006246618926525116,0.5908439252019329,0.9749849928550187,1.3013708591461182,0.0020265711937099695,0.0015572587779010855,0.0
30,octanol_hl_gap_eV,158,0.07068576663732529,0.00135493790730834,0.6431844391190813,0.9695507444112772,0.3026827871799469,0.0006715675699524581,0.0022187174110868974,0.08
30,octanol_hl_gap_eV,159,0.12830626964569092,0.0011321203783154488,0.6208892319740316,0.975398855216937,0.3365408182144165,0.0011341578792780638,0.003370045527599182,0.22
30,octanol_hl_gap_eV,160,0.044306106865406036,0.0011822329834103584,0.6245356949821006,0.962204626592803,0.2632324695587158,0.0017210363876074553,0.006538085481979518,0.06
30,octanol_hl_gap_eV,161,0.06654324382543564,0.0013335855910554528,0.6325618387902514,0.97447382016426,0.27488285303115845,0.0012252770829945803,0.004457451854429396,0.02
30,octanol_hl_gap_eV,162,0.07070232182741165,0.0011433038162067533,0.6538380183317773,0.9757990150907727,0.3385501801967621,0.0009215446771122515,0.0027220327473364767,0.02
30,octanol_hl_gap_eV,163,0.04826408997178078,0.00117013871204108,0.6442774236277531,0.9648595236887318,0.30556297302246094,0.0019572738092392683,0.006405467880741544,0.06
30,octanol_hl_gap_eV,164,0.11400752514600754,0.0011477895313873887,0.6523391687543374,0.9732601030556212,0.2689879238605499,0.0008975513046607375,0.003336771747143751,0.26
30,octanol_hl_gap_eV,165,0.05458999052643776,0.0018488515634089708,0.5969633606357285,0.9728853137254954,0.4112566113471985,0.0011079993564635515,0.0026941800469394432,0.02
30,octanol_hl_gap_eV,166,0.03354323282837868,0.0013767139753326774,0.6159854538919469,0.9733812996603495,0.2765895426273346,0.0006761453696526587,0.0024445803815644224,0.12
30,octanol_hl_gap_eV,167,0.11354473978281021,0.001518143923021853,0.6240941610800121,0.9745229553066754,0.3378136157989502,0.0017720380565151572,0.005245608742928188,0.22
30,octanol_hl_gap_eV,168,0.1362677663564682,0.0014779896009713411,0.6281906765839087,0.9858893686388794,0.25727346539497375,0.0015238929772749543,0.005923241928332676,0.12
30,octanol_hl_gap_eV,169,0.23385420441627502,0.0020073584746569395,0.6320415964025428,0.9246050283114429,0.33730071783065796,0.06913332641124725,0.2049605078099943,0.14
30,octanol_hl_gap_eV,170,0.13405410945415497,0.0011627001222223043,0.6587937142860902,0.9782657119325402,0.3703131377696991,0.0016105042304843664,0.004349033469846681,0.2
30,octanol_hl_gap_eV,171,0.11890576779842377,0.001248454093001783,0.61546193775046,0.9336622723185257,0.27405446767807007,0.005659031216055155,0.020649293784558116,0.1
30,octanol_hl_gap_eV,172,0.07492770254611969,0.002307242713868618,0.6078737786877211,0.980831366332809,0.36575406789779663,0.0016010913532227278,0.004377507986240973,0.12
30,octanol_hl_gap_eV,173,0.1276206076145172,0.0011409495491534472,0.6635817203579539,0.9766911675458876,0.3255133032798767,0.0006268856232054532,0.001925837183577275,0.22
30,octanol_hl_gap_eV,174,0.07566643506288528,0.00145830144174397,0.640448031674526,0.9756043665967529,0.33186739683151245,0.0011929478496313095,0.003594652144262799,0.08
30,octanol_hl_gap_eV,175,0.09382353723049164,0.0011512081837281585,0.6368676519807472,0.9819965470410099,0.3542550206184387,0.0005416622152552009,0.0015290177519844239,0.06
30,octanol_hl_gap_eV,176,0.024341097101569176,0.001164585817605257,0.6246632476374234,0.9692034219715289,0.28487610816955566,0.0005634890403598547,0.0019780143866065143,0.04
30,octanol_hl_gap_eV,177,0.027794644236564636,0.003289926564320922,0.5821673804776415,0.9518555931473809,0.7368692755699158,0.0032683222088962793,0.004435416589148008,0.1
30,octanol_hl_gap_eV,178,0.11470749229192734,0.0013115371111780405,0.6448498653722285,0.9726191068850687,0.3490463197231293,0.0010259991977363825,0.002939435655847127,0.16
30,octanol_hl_gap_eV,179,0.034353047609329224,0.0015401564305648208,0.5994240123285335,0.9636971617721264,0.3119448125362396,0.0012323091505095363,0.003950407575270626,0.12
30,octanol_hl_gap_eV,180,0.02725660428404808,0.0018689081771299243,0.6125929428596573,0.9724210200555625,0.47273555397987366,0.002359298523515463,0.004990736371853064,0.1
30,octanol_hl_gap_eV,181,0.046965546905994415,0.00141782162245363,0.6016074261701114,0.9787320927747636,0.2931411564350128,0.0012821076670661569,0.004373687006827342,0.02
30,octanol_hl_gap_eV,182,0.058635033667087555,0.002524640876799822,0.5832670108300997,0.9585192183747488,0.3965548872947693,0.0017106656450778246,0.004313818086438671,0.06
30,octanol_hl_gap_eV,183,0.01370486430823803,0.0017949631437659264,0.5967471437926348,0.9659001695532494,0.2977730929851532,0.0018992251716554165,0.006378095322904514,0.0
30,octanol_hl_gap_eV,184,0.033467117697000504,0.0018493121024221182,0.6184047596220841,0.9735648270723318,0.39990025758743286,0.0009916200069710612,0.0024796683376835703,0.02
30,octanol_hl_gap_eV,185,0.06796935945749283,0.001061932765878737,0.6619003739014109,0.9822850512342489,0.32498520612716675,0.001169870956800878,0.0035997668039790937,0.02
30,octanol_hl_gap_eV,186,0.1135784313082695,0.002717034425586462,0.6071120048141332,0.934224620175379,0.6044749021530151,0.03428240865468979,0.05671436238722718,0.14
30,octanol_hl_gap_eV,187,0.07486576586961746,0.0014462226536124945,0.6150153766685535,0.9544268213885143,0.23044030368328094,0.003170051844790578,0.013756499163217226,0.0
30,octanol_hl_gap_eV,188,0.26220428943634033,0.0016108042327687144,0.6330396876206001,0.954915489869431,0.46722713112831116,0.018519427627325058,0.03963688406236667,0.22
30,octanol_hl_gap_eV,189,0.12108222395181656,0.0015210759593173862,0.6186394847965586,0.9777681686053661,0.4142325520515442,0.0012051415396854281,0.0029093356707887816,0.12
30,octanol_hl_gap_eV,190,0.026922136545181274,0.0009455495164729655,0.6482867590717971,0.9753538504753634,0.30401045083999634,0.0015157401794567704,0.004985816031220977,0.28
30,octanol_hl_gap_eV,191,0.05084923654794693,0.004836047533899546,0.5761303216596554,0.9728981497251674,0.9712985157966614,0.0036570439115166664,0.0037651081022368805,0.0
30,octanol_hl_gap_eV,192,0.05576300993561745,0.006988541688770056,0.5803318041575583,0.9819251884019002,1.3923966884613037,0.004807634279131889,0.003452776294982907,0.04
30,octanol_hl_gap_eV,193,0.10130317509174347,0.0017808189149945974,0.6003704932509859,0.9790574466089299,0.2373044192790985,0.005103702191263437,0.021506983337132336,0.16
30,octanol_hl_gap_eV,194,0.14864756166934967,0.0009425648604519665,0.6727791281488458,0.9594719804594212,0.3107259273529053,0.0015974370762705803,0.005140984178176738,0.22
30,octanol_hl_gap_eV,195,0.32294002175331116,0.0032570266630500555,0.6292937375886631,0.9289734008149035,0.7276656031608582,0.13139858841896057,0.18057551139999883,0.22
30,octanol_hl_gap_eV,196,0.048824161291122437,0.0008866077405400574,0.6470037554218027,0.9630809254112704,0.27380895614624023,0.0006697379285469651,0.0024460044622837715,0.06
30,octanol_hl_gap_eV,197,0.04814690724015236,0.0016051161801442504,0.5962202259342508,0.9711845733105504,0.29780256748199463,0.0005125295137986541,0.0017210379283571556,0.04
30,octanol_hl_gap_eV,198,0.04257936775684357,0.0011314499424770474,0.6458716426044901,0.9647057030839088,0.2507224678993225,0.001235242118127644,0.00492673085295114,0.02
30,octanol_hl_gap_eV,199,0.21971021592617035,0.0012707972200587392,0.644426175475262,0.9765741776689907,0.22513601183891296,0.0029900018125772476,0.013280868698680793,0.18
30,octanol_hl_gap_eV,200,0.08725576102733612,0.004398481920361519,0.609970883255885,0.9872728136406408,0.9079432487487793,0.0041797468438744545,0.004603533149934746,0.2
30,octanol_hl_gap_eV,201,0.1582310050725937,0.0009872945956885815,0.6805546423481446,0.9823319441018887,0.3202085494995117,0.000815098115708679,0.002545522650730854,0.12
30,octanol_hl_gap_eV,202,0.050501007586717606,0.0010530523722991347,0.6669918401128396,0.9667170440994417,0.30307117104530334,0.0007117838831618428,0.0023485700758236906,0.02
30,octanol_hl_gap_eV,203,0.03916483744978905,0.0030205538496375084,0.6185003540680953,0.9747745867808779,0.5601894855499268,0.0031767250038683414,0.005670804407815356,0.02
30,octanol_hl_gap_eV,204,0.04424182325601578,0.0011383487144485116,0.6161103923025786,0.9660997906932918,0.2699006497859955,0.0009408863843418658,0.0034860471254437348,0.08
30,octanol_hl_gap_eV,205,0.07129301130771637,0.0016399461310356855,0.6306985760154531,0.9733717118466665,0.4277733862400055,0.0014314277796074748,0.0033462291616345704,0.14
30,octanol_hl_gap_eV,206,0.09765075147151947,0.0015935752307996154,0.6194120473242668,0.9760905194003386,0.41409510374069214,0.0027054566890001297,0.006533418687061551,0.18
30,octanol_hl_gap_eV,207,0.0502619594335556,0.001230890629813075,0.638878942327527,0.9758559097416897,0.26480719447135925,0.0009164930088445544,0.0034609822843906135,0.1
30,octanol_hl_gap_eV,208,0.05843177065253258,0.002603276865556836,0.5806473980332378,0.9830902246271465,0.5432724356651306,0.006446033716201782,0.011865195605423783,0.08
30,octanol_hl_gap_eV,209,0.12426821887493134,0.0012270946754142642,0.6277015619149446,0.9784663969366025,0.2332121580839157,0.0011398381320759654,0.004887558785274919,0.24
30,octanol_hl_gap_eV,210,0.36673060059547424,0.0015695546753704548,0.6465317035582367,0.8984174900412409,0.4560975134372711,0.06669577211141586,0.14623138725045645,0.28
30,octanol_hl_gap_eV,211,0.03635944798588753,0.0010546207195147872,0.6291193456437958,0.969273162425593,0.30051231384277344,0.0007134021143428981,0.0023739530178325625,0.02
30,octanol_hl_gap_eV,212,0.00869480799883604,0.0034169356804341078,0.5815301268217665,0.9636466679705582,0.5179510116577148,0.0017141234129667282,0.00330943153770592,0.02
30,octanol_hl_gap_eV,213,0.035026393830776215,0.002937249606475234,0.5831708586870776,0.9739548097486244,0.6730132102966309,0.001651982543990016,0.002454606415915527,0.04
30,octanol_hl_gap_eV,214,0.3200548589229584,0.001804840168915689,0.6271961894107474,0.9074690083983492,0.47416236996650696,0.07295574992895126,0.15386237826950414,0.28
30,octanol_hl_gap_eV,215,0.13016429543495178,0.002511595608666539,0.5973424276361283,0.9689214117096459,0.47313961386680603,0.0036517123226076365,0.007718043925266493,0.06
30,octanol_hl_gap_eV,216,0.06249713897705078,0.0011865153210237622,0.6079781989442168,0.9693451526282122,0.316642701625824,0.0007993042236194015,0.002524309638325211,0.12
30,octanol_hl_gap_eV,217,0.03541875258088112,0.000695158785674721,0.6934701030225154,0.9659639953850825,0.279839426279068,0.00044976294157095253,0.0016072179233330383,0.04
30,octanol_hl_gap_eV,218,0.12181844562292099,0.0016544201644137502,0.6130253710290954,0.9689863794630404,0.42681294679641724,0.0029869715217500925,0.006998315173355856,0.28
30,octanol_hl_gap_eV,219,0.3668404817581177,0.0009570697438903153,0.6350272754576127,0.9175314772669252,0.323719322681427,0.034309692680835724,0.10598592755181309,0.34
30,octanol_hl_gap_eV,220,0.17756108939647675,0.001997649436816573,0.6239062266293429,0.9806295903485227,0.5241288542747498,0.003352703992277384,0.0063967170762170775,0.16
30,octanol_hl_gap_eV,221,0.06746292114257812,0.0013397990260273218,0.6267408570868842,0.9729045745343345,0.24555222690105438,0.0007245942833833396,0.002950876449087615,0.04
30,octanol_hl_gap_eV,222,0.07506747543811798,0.0039946348406374454,0.5779339851875087,0.9420866647798605,0.8072397708892822,0.040440332144498825,0.05009705121434788,0.06
30,octanol_hl_gap_eV,223,0.035882264375686646,0.0012796373339369893,0.6411152097259796,0.9760467299005284,0.3196302652359009,0.0006934130797162652,0.0021694224706928066,0.22
30,octanol_hl_gap_eV,224,0.026217876002192497,0.0018138219602406025,0.5857795181551142,0.9666757351050077,0.4016951322555542,0.0015112597029656172,0.003762205666968774,0.02
30,octanol_hl_gap_eV,225,0.10200947523117065,0.0015732687897980213,0.6235931983002787,0.9730586965635057,0.33355483412742615,0.0015024892054498196,0.004504474382391447,0.14
30,octanol_hl_gap_eV,226,0.06945668160915375,0.0008586460608057678,0.6594255493060093,0.9707804322703404,0.29069679975509644,0.0010211300104856491,0.0035126978052249674,0.16
30,octanol_hl_gap_eV,227,0.0445190891623497,0.002146186074241996,0.5924976168479379,0.9697882077348037,0.462576687335968,0.0010072606382891536,0.0021774997873111215,0.04
30,octanol_hl_gap_eV,228,0.07401303946971893,0.000732220767531544,0.6562982767806673,0.9692933107146631,0.2876862585544586,0.0021103275939822197,0.007335517534226396,0.28
30,octanol_hl_gap_eV,229,0.2297665774822235,0.0010270588099956512,0.6436850166435952,0.9412050878442642,0.26667723059654236,0.015351598151028156,0.05756621259598156,0.22
30,octanol_hl_gap_eV,230,0.03251427412033081,0.0017649689689278603,0.6005385377231733,0.9470140529011495,0.33056798577308655,0.0017046291613951325,0.0051566674171686115,0.0
30,octanol_hl_gap_eV,231,0.057152941823005676,0.0006616389146074653,0.6518482610112692,0.9579171227013099,0.2970660924911499,0.0017554961377754807,0.005909446356042064,0.06
30,octanol_hl_gap_eV,232,0.04943227767944336,0.002560705179348588,0.5803158517531568,0.9669341687964355,0.534252941608429,0.001900570117868483,0.0035574350084935456,0.1
30,octanol_hl_gap_eV,233,0.07399097084999084,0.001061214366927743,0.6471921047388038,0.9654013489415045,0.32235467433929443,0.0009169405675493181,0.0028445083646722377,0.14
30,octanol_hl_gap_eV,234,0.03728678077459335,0.0017368580447509885,0.6115352810561563,0.9577686241649563,0.32611772418022156,0.001088155317120254,0.0033366948081574054,0.0
30,octanol_hl_gap_eV,235,0.045086879283189774,0.0018933953251689672,0.5891202010050491,0.9665113183249372,0.39196595549583435,0.0011892281472682953,0.00303400877191982,0.02
30,octanol_hl_gap_eV,236,0.08559014648199081,0.0016661450499668717,0.6424788948460609,0.9752150989288988,0.3559958040714264,0.0015853439690545201,0.004453265883820471,0.12
30,octanol_hl_gap_eV,237,0.29350537061691284,0.002134984591975808,0.630854032521577,0.9194906548754787,0.33199816942214966,0.08607891947031021,0.259275283415365,0.18
30,octanol_hl_gap_eV,238,0.45718497037887573,0.003202847670763731,0.5939543071468316,0.9576033655843228,0.5222253203392029,0.01204771175980568,0.02306994948460233,0.12
30,octanol_hl_gap_eV,239,0.11831500381231308,0.002368044573813677,0.6137680985659666,0.9785837933413919,0.5664219856262207,0.0019620938692241907,0.003464014319738937,0.2
30,octanol_hl_gap_eV,240,0.16502143442630768,0.002376752672716975,0.6118465828803688,0.9761010719796022,0.39363911747932434,0.005282978527247906,0.01342086772543735,0.08
30,octanol_hl_gap_eV,241,0.11046506464481354,0.0009198433835990727,0.702386120202307,0.9639821361252623,0.2906545400619507,0.0011224886402487755,0.003861933964663088,0.08
30,octanol_hl_gap_eV,242,0.021961167454719543,0.0011940575204789639,0.6426517402709038,0.9755661019135886,0.2666648328304291,0.0011208828072994947,0.004203339433258749,0.02
30,octanol_hl_gap_eV,243,0.04291301965713501,0.0014930602628737688,0.6194058428492155,0.9728976634491764,0.3745494484901428,0.002289243508130312,0.006111992735161,0.06
30,octanol_hl_gap_eV,244,0.015572232194244862,0.0017683252226561308,0.5909779045896328,0.9618292552737202,0.25804367661476135,0.0009271346498280764,0.0035929369089412505,0.04
30,octanol_hl_gap_eV,245,0.20472100377082825,0.002636732766404748,0.5842400080887731,0.9154038108000415,0.5268462896347046,0.07629042863845825,0.14480585730489848,0.1
30,octanol_hl_gap_eV,246,0.056571658700704575,0.001595686306245625,0.5977610506216762,0.9816623412052121,0.3857995271682739,0.0011751645943149924,0.0030460498563608185,0.22
30,octanol_hl_gap_eV,247,0.0286930650472641,0.0015347239095717669,0.607239770130882,0.9667024771174522,0.3405810296535492,0.0009418359841220081,0.0027653800479729485,0.02
30,octanol_hl_gap_eV,248,0.07955179363489151,0.00144920963793993,0.5960185471270305,0.9539379312511078,0.23242448270320892,0.006208439357578754,0.026711641068839255,0.08
30,octanol_hl_gap_eV,249,0.07135038077831268,0.0012481105513870716,0.6271524227956429,0.9728099629950329,0.20748265087604523,0.0011525475420057774,0.005554910432941861,0.1
30,octanol_dipole,0,0.0722547397017479,0.03234778344631195,0.5828479881324331,0.966636297379619,5.974783897399902,0.007197956554591656,0.0012047224934317795,0.02
30,octanol_dipole,1,0.30397385358810425,0.02615913189947605,0.5835992773060679,0.901907523693551,4.916097640991211,0.4412526786327362,0.08975669542311376,0.16
30,octanol_dipole,2,0.082186758518219,0.027381252497434616,0.5855465177057464,0.9699356524335339,5.149188041687012,0.00796330627053976,0.0015465168888900722,0.02
30,octanol_dipole,3,0.12871453166007996,0.029176589101552963,0.5826655432135106,0.9340342198512961,5.378622055053711,0.10871179401874542,0.020211829889888,0.08
30,octanol_dipole,4,0.06899235397577286,0.027712931856513023,0.581831452059685,0.9691461946095019,5.066926002502441,0.0043834480457007885,0.0008651099391496741,0.06
30,octanol_dipole,5,0.13596311211585999,0.01899990439414978,0.5837811384374929,0.9459385175701209,3.479764699935913,0.15664279460906982,0.04501534101198128,0.06
30,octanol_dipole,6,0.2658977806568146,0.023228295147418976,0.5831372208257135,0.9026819792143084,4.332066059112549,0.4114486575126648,0.09497746615547978,0.14
30,octanol_dipole,7,0.10077807307243347,0.03044579178094864,0.5824684774198339,0.9707642415850155,5.6123762130737305,0.007137039676308632,0.0012716609516809083,0.04
30,octanol_dipole,8,0.07322164624929428,0.02820967510342598,0.5814568064955628,0.9713838904639205,5.15724515914917,0.008080385625362396,0.001566802697177863,0.02
30,octanol_dipole,9,0.28378763794898987,0.026284361258149147,0.5887075796512133,0.9104730199142197,4.924211025238037,0.5928421020507812,0.12039331763246747,0.12
30,octanol_dipole,10,0.07219124585390091,0.02780039794743061,0.5821035010871591,0.9658204401472881,5.135620594024658,0.008753125555813313,0.001704394901367452,0.04
30,octanol_dipole,11,0.19030076265335083,0.013105757534503937,0.5840571678186492,0.9363652640969626,2.3508710861206055,0.17051054537296295,0.07253079353421225,0.06
30,octanol_dipole,12,0.07252039015293121,0.028284411877393723,0.5814315256064995,0.9691690091718466,5.186708450317383,0.008363443426787853,0.0016124761025031358,0.04
30,octanol_dipole,13,0.08173178136348724,0.025803089141845703,0.5821445103554339,0.9706962830168446,4.729385852813721,0.012144234962761402,0.0025678249440223323,0.06
30,octanol_dipole,14,0.12033423036336899,0.01930740848183632,0.5828576595978139,0.9403410739116804,3.5268073081970215,0.04256874695420265,0.01207005181577802,0.06
30,octanol_dipole,15,0.05856272205710411,0.02644413150846958,0.5826268114269308,0.9632699532291864,4.858150959014893,0.01081483531743288,0.00222612170940564,0.02
30,octanol_dipole,16,0.0761672779917717,0.026661071926355362,0.5869184097326816,0.9665439450871887,4.944516658782959,0.010738604702055454,0.002171820916606771,0.04
30,octanol_dipole,17,0.06931357830762863,0.027798032388091087,0.5825986324471943,0.9772209943478858,5.119989395141602,0.009171238169074059,0.0017912611650673963,0.0
30,octanol_dipole,18,0.15248312056064606,0.025480804964900017,0.5841868975567166,0.9268464748451302,4.7126569747924805,0.11396753787994385,0.024183287366244675,0.04
30,octanol_dipole,19,0.11926276236772537,0.027179468423128128,0.5830723364127108,0.9490841765718665,5.017725944519043,0.03688972815871239,0.007351881821885417,0.08
30,octanol_dipole,20,0.0809151902794838,0.028166288509964943,0.5823506573060733,0.9701382675316192,5.157475471496582,0.012805680744349957,0.0024829358501309634,0.02
30,octanol_dipole,21,0.06427937000989914,0.03281443938612938,0.587675695651001,0.9549899793695731,6.092257022857666,0.00527117308229208,0.0008652249999491249,0.04
30,octanol_dipole,22,0.10744613409042358,0.028095288202166557,0.5824985624312864,0.9583343837190059,5.188144207000732,0.010780038312077522,0.002077821641412983,0.02
30,octanol_dipole,23,0.059538088738918304,0.02564682811498642,0.5823545920975193,0.9483988876835574,4.713243007659912,0.00891166366636753,0.001890771100043938,0.04
30,octanol_dipole,24,0.20796947181224823,0.03323666751384735,0.5816148707649753,0.9022923444161994,6.179693222045898,0.6544622778892517,0.1059053021522936,0.08
30,octanol_dipole,25,0.12959809601306915,0.025447707623243332,0.5827525953731114,0.9445865963600872,4.708267688751221,0.04661213606595993,0.009900060733021515,0.06
30,octanol_dipole,26,0.14849096536636353,0.03219548985362053,0.5830658394472383,0.9274295917079534,5.913527011871338,0.274971067905426,0.04649865762909762,0.04
30,octanol_dipole,27,0.10141162574291229,0.0317561961710453,0.5860236476769651,0.9276323323908882,5.824223518371582,0.028304100036621094,0.004859720776055441,0.04
30,octanol_dipole,28,0.21598756313323975,0.03096076101064682,0.5904920286994526,0.900704723308956,5.813206195831299,0.34490084648132324,0.059330571609287605,0.08
30,octanol_dipole,29,0.1284898817539215,0.028850942850112915,0.5822872035601689,0.9249296312082336,5.3175764083862305,0.06179682910442352,0.011621239519372986,0.04
30,octanol_dipole,30,0.07572180032730103,0.02284746617078781,0.5830987654642861,0.9668811033159055,4.194369316101074,0.019915714859962463,0.004748202496978819,0.02
30,octanol_dipole,31,0.10152190923690796,0.028522850945591927,0.5823972288648698,0.938567824145768,5.261854648590088,0.09069409221410751,0.01723614547931478,0.04
30,octanol_dipole,32,0.24587853252887726,0.027563629671931267,0.5807392990138227,0.8937508347065812,5.114687919616699,0.6941543221473694,0.13571782541903166,0.1
30,octanol_dipole,33,0.11771746724843979,0.015810102224349976,0.5826495696741005,0.9222761088779736,2.8636481761932373,0.07337858527898788,0.025624162175024234,0.06
30,octanol_dipole,34,0.22889815270900726,0.03212578222155571,0.581126784574318,0.8841424899290848,6.000794887542725,0.490837961435318,0.08179549053647325,0.08
30,octanol_dipole,35,0.12150423973798752,0.033786341547966,0.5809606959870239,0.9757698389003739,6.204459190368652,0.00616605207324028,0.0009938097558626878,0.08
30,octanol_dipole,36,0.039778970181941986,0.029232589527964592,0.5842673178128566,0.962069224434579,5.403559684753418,0.004351293668150902,0.00080526429280099,0.08
30,octanol_dipole,37,0.34150031208992004,0.023477809503674507,0.5859629973040763,0.9047109384726277,4.425093173980713,0.6973458528518677,0.15758896489507163,0.24
30,octanol_dipole,38,0.2224263995885849,0.030592316761612892,0.5872732116220039,0.9361598235429751,5.685662269592285,0.2097810059785843,0.036896494380350794,0.1
30,octanol_dipole,39,0.06426523625850677,0.024962879717350006,0.5828410830249622,0.9658887992818825,4.57644510269165,0.011133886873722076,0.0024328680064737685,0.02
30,octanol_dipole,40,0.08567135035991669,0.028856636956334114,0.584003574891643,0.966832727495686,5.375411033630371,0.00677430210635066,0.0012602389034007554,0.06
30,octanol_dipole,41,0.20744797587394714,0.03385733813047409,0.5881425597508751,0.9058349252687046,6.315807819366455,0.7352579236030579,0.1164154997478711,0.06
30,octanol_dipole,42,0.08244840055704117,0.03351606801152229,0.5830486209373824,0.954327838957808,6.1886796951293945,0.005908447317779064,0.0009547185520732511,0.06
30,octanol_dipole,43,0.0953742042183876,0.02960345521569252,0.5822115335224143,0.9635699689293613,5.446380615234375,0.017636066302657127,0.0032381259314353283,0.04
30,octanol_dipole,44,0.3170873820781708,0.0238946620374918,0.5847652933591774,0.9112978706772847,4.449470520019531,0.6670784950256348,0.14992311827311683,0.22
30,octanol_dipole,45,0.06754988431930542,0.027367480099201202,0.5817967997343667,0.965778951307672,4.990357398986816,0.0030802858527749777,0.0006172475449153928,0.04
30,octanol_dipole,46,0.26017308235168457,0.027577433735132217,0.5831724551189115,0.9112134655485389,5.142351150512695,0.6679942011833191,0.129900541917819,0.08
30,octanol_dipole,47,0.05581723526120186,0.041916437447071075,0.5860936593102177,0.9630698850013455,7.7553629875183105,0.006413616240024567,0.0008269911092938928,0.02
30,octanol_dipole,48,0.08789539337158203,0.01225564070045948,0.5830645431848074,0.9594970669106724,2.1867637634277344,0.033112842589616776,0.015142395874400564,0.04
30,octanol_dipole,49,0.07251238077878952,0.026735737919807434,0.5816682908896234,0.952243330013828,4.901503562927246,0.007772696204483509,0.0015857779362383135,0.02
30,octanol_dipole,50,0.059016380459070206,0.028742706403136253,0.582963611701427,0.9626849491440996,5.2823028564453125,0.008740527555346489,0.001654681261730677,0.02
30,octanol_dipole,51,0.12110693752765656,0.03075730986893177,0.592004947933531,0.9298443304105519,5.694632053375244,0.05177018791437149,0.009091050559392503,0.04
30,octanol_dipole,52,0.11445807665586472,0.026432018727064133,0.5822553092459373,0.9334647075849685,4.904300212860107,0.04312221705913544,0.008792736004631182,0.02
30,octanol_dipole,53,0.1937849372625351,0.029926056042313576,0.583282728703683,0.9192953580834673,5.514700412750244,0.20895931124687195,0.0378913260208566,0.14
30,octanol_dipole,54,0.07536505907773972,0.032694555819034576,0.5882684118040462,0.9697464368816302,5.993449687957764,0.004108380526304245,0.0006854784373278278,0.0
30,octanol_dipole,55,0.058824922889471054,0.026485009118914604,0.5819120014871502,0.9590668771969915,4.8574371337890625,0.007949805818498135,0.00163662557013823,0.06
30,octanol_dipole,56,0.053057920187711716,0.02654162049293518,0.5805720046693239,0.9717290328397641,4.851294994354248,0.008345702663064003,0.0017203040987563967,0.04
30,octanol_dipole,57,0.05861430987715721,0.025756405666470528,0.582221604372126,0.9620741681433265,4.732187747955322,0.006603769492357969,0.001395500314883178,0.04
30,octanol_dipole,58,0.2609657049179077,0.03801720589399338,0.5815615994236631,0.899390457659752,7.1119465827941895,0.580145001411438,0.08157330692204197,0.06
30,octanol_dipole,59,0.0744384378194809,0.02479361742734909,0.5823851079273352,0.9512458546463589,4.549190998077393,0.008766605518758297,0.001927069125579316,0.04
30,octanol_dipole,60,0.07564429193735123,0.03011598065495491,0.5841310871769345,0.9603023080830275,5.5149664878845215,0.010154768824577332,0.0018413110663293595,0.04
30,octanol_dipole,61,0.08512820303440094,0.030757665634155273,0.5877390947528636,0.9689202204502263,5.669178485870361,0.00688640121370554,0.0012147088384796734,0.02
30,octanol_dipole,62,0.10445932298898697,0.02574714832007885,0.5820129223887758,0.9498264445615603,4.728843688964844,0.01612282171845436,0.0034094638729713837,0.04
30,octanol_dipole,63,0.24527676403522491,0.02635519951581955,0.5834154435934413,0.8982088526542609,4.887874603271484,0.5980976819992065,0.1223635486881959,0.08
30,octanol_dipole,64,0.05295731499791145,0.028201451525092125,0.5783895553880962,0.962062629496073,5.131874084472656,0.004170333035290241,0.0008126335460778903,0.02
30,octanol_dipole,65,0.0546480193734169,0.0253192950040102,0.5832497633405587,0.9632069573701423,4.727059364318848,0.006978100165724754,0.0014762032011692906,0.04
30,octanol_dipole,66,0.3053487241268158,0.023160461336374283,0.5841262697171552,0.8833522324728802,4.299054145812988,0.6431106925010681,0.14959353166728964,0.18
30,octanol_dipole,67,0.21662159264087677,0.02732645347714424,0.5846452562516344,0.9107115339527627,5.071164131164551,0.5300849080085754,0.10452923516140382,0.04
30,octanol_dipole,68,0.06481429189443588,0.032127249985933304,0.5824150333092937,0.9607475051826806,5.879718780517578,0.0038626170717179775,0.0006569390843175598,0.06
30,octanol_dipole,69,0.11090482026338577,0.028843943029642105,0.5819723899368872,0.9494097407369602,5.279417514801025,0.02055620774626732,0.003893650708366462,0.06
30,octanol_dipole,70,0.04922023043036461,0.018545139580965042,0.5822687807636873,0.9641418277148242,3.356067419052124,0.016874536871910095,0.005028068499492802,0.02
30,octanol_dipole,71,0.08529174327850342,0.030166206881403923,0.5931362476546054,0.9676590466602333,5.567753791809082,0.006005330942571163,0.0010785913255370264,0.04
30,octanol_dipole,72,0.23024889826774597,0.02846771664917469,0.5819826599347468,0.8981239495188638,5.31331729888916,0.4794776737689972,0.09024073790384027,0.06
30,octanol_dipole,73,0.2651180028915405,0.02539175935089588,0.5829757114846834,0.887809138567192,4.7194743156433105,0.6239156723022461,0.13220024743734626,0.06
30,octanol_dipole,74,0.07596304267644882,0.02910742536187172,0.58198688440393,0.9620951126151729,5.345379829406738,0.016619326546788216,0.0031091011447605074,0.02
30,octanol_dipole,75,0.08034763485193253,0.02613498456776142,0.5824674408823807,0.9683915828642067,4.793951988220215,0.011640754528343678,0.002428216752472188,0.04
30,octanol_dipole,76,0.08471442013978958,0.03311583772301674,0.5902190939108916,0.9595191523953344,6.099240303039551,0.014129368588328362,0.002316578440316084,0.02
30,octanol_dipole,77,0.03601858392357826,0.02910492941737175,0.5885598433410641,0.9463044770595159,5.3509721755981445,0.01364925131201744,0.0025507984089810174,0.02
30,octanol_dipole,78,0.3228200078010559,0.030158769339323044,0.5840556066529783,0.8815115782977563,5.673282623291016,0.8006011843681335,0.14111780384099967,0.06
30,octanol_dipole,79,0.15287087857723236,0.02934885397553444,0.5837524310649636,0.914714309469598,5.437273025512695,0.23035848140716553,0.04236654667262076,0.12
30,octanol_dipole,80,0.08019254356622696,0.022252434864640236,0.5829029904026206,0.9689338538396051,4.072872638702393,0.022927269339561462,0.005629262531240367,0.02
30,octanol_dipole,81,0.26807621121406555,0.024341106414794922,0.5836942957781979,0.9023646332774851,4.549619674682617,0.5417829155921936,0.11908312217987507,0.12
30,octanol_dipole,82,0.048489101231098175,0.018416877835989,0.58231285634965,0.9559456974312306,3.370375633239746,0.016125202178955078,0.004784393175622048,0.04
30,octanol_dipole,83,0.08254701644182205,0.02727116271853447,0.5811123766089428,0.9519126414221979,4.979010581970215,0.0352708138525486,0.007083900158852805,0.06
30,octanol_dipole,84,0.043039605021476746,0.017394166439771652,0.5823632736972506,0.9532953479715405,3.1440751552581787,0.009273463860154152,0.002949504513161885,0.06
30,octanol_dipole,85,0.12358371168375015,0.02798514999449253,0.5825524539510791,0.942251234343483,5.207581520080566,0.032444242388010025,0.006230193855421025,0.04
30,octanol_dipole,86,0.24018359184265137,0.02820000797510147,0.5817371454222413,0.9021393580559256,5.249486446380615,0.39854952692985535,0.07592162223880869,0.08
30,octanol_dipole,87,0.05011903494596481,0.024589156731963158,0.5819529448169098,0.9715985808208052,4.480798244476318,0.01703805662691593,0.003802460119225299,0.0
30,octanol_dipole,88,0.0963837280869484,0.028355883434414864,0.5898350479002086,0.9371593465103285,5.249533653259277,0.015277928672730923,0.0029103401715017707,0.0
30,octanol_dipole,89,0.18513305485248566,0.0256460253149271,0.5848878005015732,0.8971055833144772,4.77665901184082,0.33727285265922546,0.0706085261315833,0.04
30,octanol_dipole,90,0.15691162645816803,0.027791600674390793,0.5828115482970817,0.9327425133287073,5.141982555389404,0.1145571768283844,0.022278795307913865,0.06
30,octanol_dipole,91,0.11045007407665253,0.025843992829322815,0.5825923164508504,0.9535963918601824,4.782688617706299,0.03722833842039108,0.00778397704641813,0.04
30,octanol_dipole,92,0.1194741502404213,0.02947734296321869,0.5823186191959009,0.9119231159706096,5.43988037109375,0.20095545053482056,0.03694115253023775,0.04
30,octanol_dipole,93,0.09399541467428207,0.029797768220305443,0.5860805026866203,0.9661322995418644,5.526322841644287,0.008496078662574291,0.0015373837008853415,0.06
30,octanol_dipole,94,0.08026394993066788,0.02092396281659603,0.5825689008822506,0.965907380710533,3.825012683868408,0.01729811355471611,0.004522367632313769,0.04
30,octanol_dipole,95,0.21522003412246704,0.0253803338855505,0.5864021907011947,0.9090383274616485,4.719879150390625,0.517520546913147,0.10964699104008122,0.06
30,octanol_dipole,96,0.13456328213214874,0.038016319274902344,0.5955928960239489,0.9165932252675228,7.1715779304504395,0.18216972053050995,0.02540162322674057,0.0
30,octanol_dipole,97,0.0703367292881012,0.022923065349459648,0.5811666007090861,0.954298719365626,4.210947513580322,0.009549095295369625,0.00226768328614255,0.04
30,octanol_dipole,98,0.28577736020088196,0.018065785989165306,0.5836049671457217,0.9035361464192062,3.312039852142334,0.5318707823753357,0.16058707205207828,0.1
30,octanol_dipole,99,0.31558260321617126,0.029004942625761032,0.5826412215763026,0.904715847825825,5.451632976531982,0.6244243383407593,0.11453895392972371,0.16
30,octanol_dipole,100,0.06153915449976921,0.02804183028638363,0.5818958378964381,0.963641350253821,5.132655620574951,0.007981422357261181,0.001555027834960631,0.04
30,octanol_dipole,101,0.07258883118629456,0.02540983259677887,0.5824839386885186,0.9578190957203843,4.655948638916016,0.009685630910098553,0.002080270136389119,0.04
30,octanol_dipole,102,0.05834570899605751,0.026593931019306183,0.5812081141158683,0.9713181118939025,4.865957736968994,0.007943890988826752,0.0016325441810711252,0.02
30,octanol_dipole,103,0.0798092633485794,0.031220991164445877,0.5849062616992888,0.9498896350708543,5.857372760772705,0.01646450161933899,0.0028109021385155945,0.08
30,octanol_dipole,104,0.13141368329524994,0.03006819076836109,0.582739403123187,0.9289369403589056,5.562105655670166,0.087368443608284,0.015707800070143968,0.08
30,octanol_dipole,105,0.047424644231796265,0.02995612472295761,0.5845351299943977,0.9566442002681146,5.469825267791748,0.014298747293651104,0.0026141140884055566,0.0
30,octanol_dipole,106,0.06030655279755592,0.02563614584505558,0.5831057696816953,0.9564188210678266,4.717075824737549,0.007540171500295401,0.0015984842687397176,0.06
30,octanol_dipole,107,0.04309859871864319,0.028330417349934578,0.581998410828813,0.9621592302221167,5.1954803466796875,0.0069569991901516914,0.0013390483123659105,0.02
30,octanol_dipole,108,0.23942412436008453,0.02273448556661606,0.5829118959033226,0.9066447382486353,4.211400985717773,0.4970804750919342,0.11803209354267032,0.04
30,octanol_dipole,109,0.223057821393013,0.027110271155834198,0.5830673003409166,0.8965880690680377,5.043307304382324,0.3731037974357605,0.07397998474365348,0.06
30,octanol_dipole,110,0.09822065383195877,0.02960832603275776,0.5836128799841298,0.9613832438072736,5.49046516418457,0.006857124622911215,0.0012489150587169998,0.02
30,octanol_dipole,111,0.129670649766922,0.02958778291940689,0.580838324850032,0.9344359912043005,5.506528854370117,0.14544722437858582,0.026413595247604178,0.04
30,octanol_dipole,112,0.07189394533634186,0.028424806892871857,0.5908808889271588,0.9649525659145475,5.307161331176758,0.009566375985741615,0.0018025410174633716,0.02
30,octanol_dipole,113,0.05784902349114418,0.03100842610001564,0.5822795528558091,0.9574726642152873,5.70261287689209,0.00611245259642601,0.0010718687605807255,0.04
30,octanol_dipole,114,0.25443390011787415,0.033254384994506836,0.581780059444251,0.9052105774778993,6.194838523864746,0.7267753481864929,0.11731949838348375,0.12
30,octanol_dipole,115,0.07141682505607605,0.029023941606283188,0.5815126065532064,0.9732531075888113,5.329594135284424,0.006746056489646435,0.001265773024813346,0.02
30,octanol_dipole,116,0.28450649976730347,0.031408313661813736,0.5874032988718418,0.8988178193838952,5.899389266967773,0.676563560962677,0.11468366136659836,0.12
30,octanol_dipole,117,0.11436975002288818,0.03539537638425827,0.5804197896238725,0.9527983460237708,6.500762462615967,0.015375463292002678,0.002365178451054409,0.06
30,octanol_dipole,118,0.07812731713056564,0.024379996582865715,0.5853030809000686,0.9610690325638245,4.462209701538086,0.009824041277170181,0.0022016090534212047,0.06
30,octanol_dipole,119,0.24937868118286133,0.029753392562270164,0.5830396067202943,0.8903034385433928,5.553873538970947,0.5536945462226868,0.09969520233715627,0.1
30,octanol_dipole,120,0.11459328979253769,0.021987024694681168,0.5827230516370288,0.9401021173816602,4.031206130981445,0.033851172775030136,0.008397281526952993,0.04
30,octanol_dipole,121,0.037221699953079224,0.024951649829745293,0.5821556206358194,0.9596589012860319,4.586308479309082,0.008300451561808586,0.0018098328098198559,0.04
30,octanol_dipole,122,0.10642076283693314,0.021742302924394608,0.5831490664169787,0.9494034603178307,3.9962124824523926,0.038677021861076355,0.009678419761438978,0.02
30,octanol_dipole,123,0.1985255479812622,0.030733183026313782,0.5829495475460649,0.8965064084820726,5.711154460906982,0.4967085123062134,0.08697164744995035,0.04
30,octanol_dipole,124,0.29793933033943176,0.02570582740008831,0.5854928895245881,0.8950025870320244,4.813527584075928,0.7106192111968994,0.14762961233415678,0.14
30,octanol_dipole,125,0.17200632393360138,0.027192875742912292,0.5826149482534233,0.9163381917290976,5.044711589813232,0.32323816418647766,0.06407465688210824,0.08
30,octanol_dipole,126,0.2612951099872589,0.023979661986231804,0.5815191996215083,0.8879188825886368,4.4386820793151855,0.5557128190994263,0.12519770715030878,0.14
30,octanol_dipole,127,0.07088598608970642,0.01852012798190117,0.5822351162412711,0.9617676993402176,3.363450050354004,0.019816989079117775,0.005891863646683866,0.04
30,octanol_dipole,128,0.22614657878875732,0.030793044716119766,0.5835532966945796,0.879343798801953,5.726468086242676,0.5278615355491638,0.09217925038599335,0.06
30,octanol_dipole,129,0.06481360644102097,0.023138990625739098,0.5826873147198233,0.9511015207941775,4.243964672088623,0.009928064420819283,0.0023393371971527958,0.06
30,octanol_dipole,130,0.11228211224079132,0.02962709590792656,0.5810877419102993,0.9657290932160087,5.467597484588623,0.01016910094767809,0.0018598847073767726,0.1
30,octanol_dipole,131,0.2690703570842743,0.02985277771949768,0.5846836110819005,0.9189964551535401,5.588344573974609,0.5904985070228577,0.10566608755173382,0.1
30,octanol_dipole,132,0.13097573816776276,0.015948858112096786,0.5823189688959971,0.9294011276133203,2.895500659942627,0.11223185062408447,0.03876077535631033,0.02
30,octanol_dipole,133,0.16779746115207672,0.033033620566129684,0.5819247699928023,0.9251120292328583,6.150491237640381,0.22235704958438873,0.03615273008171871,0.04
30,octanol_dipole,134,0.23535354435443878,0.028911782428622246,0.584262287714,0.9043605611319341,5.436344623565674,0.43664366006851196,0.0803193488094431,0.1
30,octanol_dipole,135,0.07614534348249435,0.026985514909029007,0.5886392578141078,0.9462964296528102,5.002495288848877,0.03201819211244583,0.006400444231065639,0.02
30,octanol_dipole,136,0.2276374101638794,0.029444480314850807,0.5811699553928551,0.889319459062835,5.478663921356201,0.4560069739818573,0.08323324455152493,0.02
30,octanol_dipole,137,0.17373989522457123,0.026160359382629395,0.5822349985224617,0.9212871565717171,4.853122234344482,0.16713513433933258,0.03443868220679749,0.04
30,octanol_dipole,138,0.06767837703227997,0.03198624774813652,0.5821079342175195,0.960730091700966,5.825488090515137,0.010576301254332066,0.001815521908207493,0.02
30,octanol_dipole,139,0.1055607870221138,0.037763312458992004,0.5967946156689341,0.9302746123220191,7.111256122589111,0.2045784294605255,0.028768254993752258,0.04
30,octanol_dipole,140,0.07831868529319763,0.01999930664896965,0.5833234661423998,0.9706559425871826,3.686072826385498,0.012588265351951122,0.0034150886173062857,0.04
30,octanol_dipole,141,0.054704781621694565,0.024478772655129433,0.5847514468651769,0.9524649427666121,4.463563442230225,0.015422212891280651,0.0034551346902274398,0.02
30,octanol_dipole,142,0.09654814004898071,0.027238352224230766,0.5823081431750867,0.969920052609279,5.01655387878418,0.015275062993168831,0.0030449315131986423,0.08
30,octanol_dipole,143,0.06613009423017502,0.033125799149274826,0.5820217873992686,0.9738333486278641,6.108057975769043,0.007667505647987127,0.0012553099002014204,0.02
30,octanol_dipole,144,0.327448308467865,0.027845213189721107,0.5831973045360825,0.9009275683071492,5.2363715171813965,0.650209367275238,0.12417174089764145,0.2
30,octanol_dipole,145,0.10166356712579727,0.029668770730495453,0.581768466377748,0.9630513121214237,5.452808856964111,0.015543097630143166,0.002850475422459039,0.04
30,octanol_dipole,146,0.1568581461906433,0.021268080919981003,0.583516627812789,0.9095391899434968,3.9239602088928223,0.13786500692367554,0.03513415008929851,0.0
30,octanol_dipole,147,0.05364133045077324,0.02883889339864254,0.581795051136029,0.9563109793292957,5.302643775939941,0.011608755216002464,0.002189239124203607,0.04
30,octanol_dipole,148,0.06371381133794785,0.02810925990343094,0.5820793024404565,0.9606835190157172,5.1385016441345215,0.009374086745083332,0.0018242840801235573,0.04
30,octanol_dipole,149,0.296988308429718,0.029446115717291832,0.5830310455452219,0.9061932229755163,5.633754253387451,0.7064529061317444,0.12539647175894653,0.22
30,octanol_dipole,150,0.30592113733291626,0.022369012236595154,0.5841219316186697,0.8984698864475378,4.189675331115723,0.7192047834396362,0.17166122112094778,0.1
30,octanol_dipole,151,0.26037663221359253,0.0261897724121809,0.5825436953769854,0.8965829133716239,4.926929950714111,0.5031769275665283,0.1021278834081247,0.08
30,octanol_dipole,152,0.06830836832523346,0.02518608421087265,0.5852289801953954,0.9594741888241569,4.597355365753174,0.004824427422136068,0.001049391886925777,0.0
30,octanol_dipole,153,0.11476702243089676,0.028265755623579025,0.5849586270550187,0.920633860616481,5.241776943206787,0.17387238144874573,0.0331705036922794,0.06
30,octanol_dipole,154,0.2143157720565796,0.028821419924497604,0.5822076602125588,0.9096440958777496,5.352111339569092,0.34514883160591125,0.06448835042988844,0.04
30,octanol_dipole,155,0.07878544181585312,0.026616588234901428,0.5838593696047305,0.9455221290338527,4.903727054595947,0.013409420847892761,0.0027345365471198027,0.02
30,octanol_dipole,156,0.0821586474776268,0.029956188052892685,0.5931649443615097,0.9660953849899769,5.741003513336182,0.006015360355377197,0.0010477890043794074,0.08
30,octanol_dipole,157,0.2999502420425415,0.021247172728180885,0.5826128633270877,0.9031436800232773,3.941514730453491,0.49199092388153076,0.12482280481669664,0.18
30,octanol_dipole,158,0.17757581174373627,0.01917147822678089,0.5821926066804664,0.923195238906801,3.5039584636688232,0.18153570592403412,0.05180874939195397,0.06
30,octanol_dipole,159,0.0782972052693367,0.02352943830192089,0.5813610733015078,0.9538267866749612,4.280416011810303,0.009734376333653927,0.0022741659471404974,0.04
30,octanol_dipole,160,0.31538084149360657,0.025220325216650963,0.5840024479395973,0.8802060490323267,4.697386741638184,0.8427169919013977,0.17940123695404,0.14
30,octanol_dipole,161,0.1034879982471466,0.0261854100972414,0.5818056884382119,0.9409313944274922,4.802417278289795,0.04380486533045769,0.009121420066616365,0.02
30,octanol_dipole,162,0.03872351720929146,0.020834818482398987,0.5838616822376779,0.95981838421758,3.8229479789733887,0.007629701402038336,0.0019957638565846272,0.06
30,octanol_dipole,163,0.05748084932565689,0.02649092674255371,0.5812480583211816,0.9440585309257232,4.833178520202637,0.016317283734679222,0.0033760978756470807,0.04
30,octanol_dipole,164,0.2479059100151062,0.03372679650783539,0.5824037988143431,0.9062163552516613,6.279915809631348,0.7098492980003357,0.11303484306456113,0.08
30,octanol_dipole,165,0.09299992024898529,0.03792882338166237,0.5965314927218164,0.9475053520105396,7.09852409362793,0.0759802907705307,0.010703674421382222,0.0
30,octanol_dipole,166,0.08714143931865692,0.02565409429371357,0.5820458478252135,0.9719296108421398,4.6843132972717285,0.0054498761892318726,0.00116343118902957,0.04
30,octanol_dipole,167,0.16802598536014557,0.028461871668696404,0.5821577442212356,0.9283360767908817,5.271003246307373,0.10892442613840103,0.0206648376122152,0.08
30,octanol_dipole,168,0.08438397198915482,0.023027556017041206,0.5822108750299866,0.9502997005131386,4.223971366882324,0.021229857578873634,0.00502604201944276,0.04
30,octanol_dipole,169,0.09610112756490707,0.027477754279971123,0.5824966742368374,0.9655358603690243,5.093108177185059,0.012615355663001537,0.002476946340844069,0.04
30,octanol_dipole,170,0.057167407125234604,0.032273270189762115,0.5840543366645228,0.9671999285028727,5.911088943481445,0.012121695093810558,0.0020506703941881917,0.0
30,octanol_dipole,171,0.21790394186973572,0.032730430364608765,0.5827094968349664,0.870316899860665,6.123056411743164,0.5197240710258484,0.08487984367236769,0.06
30,octanol_dipole,172,0.11740530282258987,0.02534106746315956,0.5819081775335184,0.9472265341290789,4.6626811027526855,0.07027898728847504,0.015072655783168349,0.06
30,octanol_dipole,173,0.20670288801193237,0.031057199463248253,0.5898391387038118,0.8942853401834241,5.843880653381348,0.4789988696575165,0.08196588843414544,0.02
30,octanol_dipole,174,0.06097782403230667,0.028278877958655357,0.580878097792382,0.9740310308259139,5.218856334686279,0.009073963388800621,0.0017386880969479845,0.06
30,octanol_dipole,175,0.06094031035900116,0.0340319462120533,0.5867333594872508,0.9621077348505616,6.380949020385742,0.005430032033473253,0.0008509756175962986,0.04
30,octanol_dipole,176,0.10259659588336945,0.016473377123475075,0.5819688214983199,0.9538529438515184,3.0083444118499756,0.028637439012527466,0.009519335252879815,0.06
30,octanol_dipole,177,0.3145904242992401,0.024083269760012627,0.582957780026423,0.8805863308486739,4.498006820678711,0.5837082266807556,0.12977041831001027,0.16
30,octanol_dipole,178,0.06071661785244942,0.023155784234404564,0.5827031264289306,0.96386547256329,4.223855972290039,0.008561290800571442,0.002026889850585929,0.02
30,octanol_dipole,179,0.24994854629039764,0.028434891253709793,0.5806693016902142,0.903192107790719,5.3046770095825195,0.4714519679546356,0.08887477354474012,0.1
30,octanol_dipole,180,0.10532718151807785,0.030224118381738663,0.5822299861432698,0.9613150119943503,5.54040002822876,0.012148110195994377,0.00219264134973988,0.02
30,octanol_dipole,181,0.05781042203307152,0.02887764759361744,0.5859665986069562,0.9510412791622953,5.3139119148254395,0.04111291840672493,0.007736846049710156,0.04
30,octanol_dipole,182,0.30459338426589966,0.031224383041262627,0.584895296614429,0.8956988503794951,5.831562042236328,0.7505462765693665,0.12870415698802062,0.04
30,octanol_dipole,183,0.24995681643486023,0.022908082231879234,0.5833146036580203,0.9070284212612516,4.217433929443359,0.6613453030586243,0.1568122498473645,0.04
30,octanol_dipole,184,0.15501165390014648,0.02836478315293789,0.5822775086156693,0.9343181834349341,5.259690761566162,0.06266740709543228,0.011914656191074624,0.02
30,octanol_dipole,185,0.09127797931432724,0.03107558935880661,0.5809186505973163,0.9496125050373379,5.740592002868652,0.00999599788337946,0.001741283456198302,0.04
30,octanol_dipole,186,0.2927701771259308,0.02964770421385765,0.5829140627947378,0.9025921940687736,5.520325183868408,0.7617906332015991,0.1379974200483184,0.2
30,octanol_dipole,187,0.24037392437458038,0.02593761682510376,0.5878997129077101,0.8948534488469393,4.842146873474121,0.5786178112030029,0.11949612977928092,0.08
30,octanol_dipole,188,0.07390136271715164,0.022758977487683296,0.5823303255168455,0.960709357462713,4.165800094604492,0.010849637910723686,0.0026044547660306703,0.04
30,octanol_dipole,189,0.22005346417427063,0.026051107794046402,0.5821158734034975,0.9155471950921157,4.817418098449707,0.33360105752944946,0.06924893183691189,0.12
30,octanol_dipole,190,0.09247782826423645,0.03054514341056347,0.5824828289566903,0.9610476189192096,5.641324996948242,0.00694554066285491,0.0012311895993604698,0.02
30,octanol_dipole,191,0.1448444128036499,0.02413143217563629,0.5826312596368157,0.924188490020776,4.438669204711914,0.22874882817268372,0.05153545299790602,0.06
30,octanol_dipole,192,0.24272502958774567,0.026903899386525154,0.583208583820598,0.9031897965997333,5.029693126678467,0.5436383485794067,0.10808578871260428,0.08
30,octanol_dipole,193,0.07793320715427399,0.025320712476968765,0.5832970428146182,0.9729927314530549,4.668190002441406,0.011111685074865818,0.0023802983745422833,0.04
30,octanol_dipole,194,0.07607798278331757,0.02665676176548004,0.5823693150104188,0.9585995143068327,4.891822814941406,0.0061897835694253445,0.0012653327406952463,0.04
30,octanol_dipole,195,0.07908372581005096,0.020229214802384377,0.5827252382084012,0.9546771437277504,3.6935830116271973,0.01588660664856434,0.004301137025634504,0.06
30,octanol_dipole,196,0.08334846049547195,0.032005712389945984,0.5825393032690858,0.9439741033816538,5.896871089935303,0.017864961177110672,0.003029566172406641,0.0
30,octanol_dipole,197,0.26148730516433716,0.03263452649116516,0.5831106470977825,0.9041689782731235,6.101711750030518,0.5069259405136108,0.0830792999212189,0.1
30,octanol_dipole,198,0.09060395509004593,0.027590736746788025,0.5823767031083498,0.9725069325853861,5.09965181350708,0.008465330116450787,0.0016599819803440848,0.02
30,octanol_dipole,199,0.3149911165237427,0.025360535830259323,0.5921766680769429,0.8966104324956641,4.813238620758057,0.7578825354576111,0.1574579187055241,0.12
30,octanol_dipole,200,0.07972490042448044,0.037331871688365936,0.5842469478703105,0.9645266549674809,6.863459587097168,0.015302097424864769,0.0022295020799177807,0.04
30,octanol_dipole,201,0.07061751186847687,0.02620743215084076,0.5841932691678873,0.9505192244417513,4.82122802734375,0.011142697185277939,0.002311174066458125,0.02
30,octanol_dipole,202,0.10217371582984924,0.02801070548593998,0.5821645330886065,0.9651532972478924,5.162131309509277,0.006450888700783253,0.0012496560652961164,0.02
30,octanol_dipole,203,0.18396854400634766,0.031058618798851967,0.5876218651964722,0.9126630780331151,5.7383551597595215,0.14411289989948273,0.025113973584291373,0.1
30,octanol_dipole,204,0.11302218586206436,0.03433050215244293,0.5871986181473365,0.9665688166043294,6.393635272979736,0.00633531529456377,0.00099087843207722,0.08
30,octanol_dipole,205,0.03849604353308678,0.020766008645296097,0.5810705630806674,0.9560140794474659,3.8008954524993896,0.010353400371968746,0.002723937162007591,0.04
30,octanol_dipole,206,0.21425761282444,0.027976132929325104,0.5880938787197167,0.8870258565801832,5.272790431976318,0.40440964698791504,0.07669746260640524,0.06
30,octanol_dipole,207,0.09409536421298981,0.03363293409347534,0.5828110742026975,0.9638202770936113,6.150251388549805,0.014130769297480583,0.0022975921478247965,0.04
30,octanol_dipole,208,0.2387046366930008,0.029127569869160652,0.5811335768677346,0.9053301869057548,5.411423206329346,0.5011441707611084,0.09260857110102878,0.14
30,octanol_dipole,209,0.06782658398151398,0.029752567410469055,0.587897736702041,0.9694574664654585,5.4702019691467285,0.00771324010565877,0.0014100466763683173,0.0
30,octanol_dipole,210,0.06716727465391159,0.030655816197395325,0.5836512378413066,0.9541146967209915,5.645899295806885,0.009221767075359821,0.0016333566350020933,0.04
30,octanol_dipole,211,0.24334079027175903,0.02547268383204937,0.5835502981110545,0.9080951956598953,4.696385860443115,0.6381009221076965,0.13587063351891834,0.1
30,octanol_dipole,212,0.30741220712661743,0.028746241703629494,0.5847990790642836,0.9025444482016718,5.382442951202393,0.6466126441955566,0.12013367351178499,0.16
30,octanol_dipole,213,0.04942881688475609,0.029745543375611305,0.581923769623697,0.9599734844850665,5.46019983291626,0.002728354185819626,0.0004996802808153686,0.04
30,octanol_dipole,214,0.20577625930309296,0.027254583314061165,0.582113911591684,0.9163606734667158,5.0449395179748535,0.3020707964897156,0.05987599958601154,0.02
30,octanol_dipole,215,0.10838331282138824,0.02521452307701111,0.5820861148782153,0.945899323805711,4.651021480560303,0.04523244872689247,0.009725271946377546,0.08
30,octanol_dipole,216,0.05024034529924393,0.022756168618798256,0.5819651967441741,0.9632336524434351,4.153295993804932,0.010788279585540295,0.0025975224500329676,0.06
30,octanol_dipole,217,0.14037995040416718,0.031653840094804764,0.5837386905411117,0.9372873513094429,5.871180534362793,0.18067866563796997,0.030773822160721425,0.02
30,octanol_dipole,218,0.22310854494571686,0.024750305339694023,0.5837180468525867,0.9120343628247469,4.594931602478027,0.4500766098499298,0.0979506658177905,0.06
30,octanol_dipole,219,0.05679915472865105,0.0317421555519104,0.5850043051036942,0.9600625180575961,5.863318920135498,0.006238441448658705,0.001063977848319828,0.02
30,octanol_dipole,220,0.16827857494354248,0.027182692661881447,0.5828295263389773,0.9400277443930343,5.011321067810059,0.20549263060092926,0.04100568050227309,0.08
30,octanol_dipole,221,0.16000911593437195,0.031242918223142624,0.5824113693977833,0.9254108556849157,5.777963161468506,0.10777801275253296,0.018653288319882694,0.04
30,octanol_dipole,222,0.1155565157532692,0.030132317915558815,0.5870399872857452,0.942045948880158,5.630186080932617,0.06434687972068787,0.011428908173853655,0.08
30,octanol_dipole,223,0.10026713460683823,0.026628699153661728,0.5838291034559162,0.946922459360648,4.891325950622559,0.08157412707805634,0.016677303435006972,0.06
30,octanol_dipole,224,0.25499972701072693,0.02220979332923889,0.5843751817462213,0.9122786697190535,4.120495796203613,0.5155683159828186,0.12512288362430402,0.14
30,octanol_dipole,225,0.23059751093387604,0.029847903177142143,0.5801194624461312,0.8961606808974483,5.578484535217285,0.621071994304657,0.11133346169265053,0.06
30,octanol_dipole,226,0.08777333796024323,0.03879414498806,0.5747191972232304,0.9621095398226787,6.985421657562256,0.009671353735029697,0.0013845053611845626,0.06
30,octanol_dipole,227,0.26737573742866516,0.02428586594760418,0.5832074314189437,0.9023359981402408,4.511131763458252,0.4417920708656311,0.09793375455008911,0.14
30,octanol_dipole,228,0.08591346442699432,0.023807521909475327,0.5817681577253142,0.9653961857177995,4.346889495849609,0.009005537256598473,0.0020717198505268925,0.06
30,octanol_dipole,229,0.03469008952379227,0.033538464456796646,0.5818787790552142,0.9605000411211748,6.168249607086182,0.014412648044526577,0.002336586383918235,0.04
30,octanol_dipole,230,0.14316025376319885,0.029464945197105408,0.5821013211954562,0.9064169381253413,5.470273017883301,0.2922840118408203,0.05343133896339207,0.08
30,octanol_dipole,231,0.026962539181113243,0.03245256096124649,0.578819620536204,0.9635192021212557,5.901602268218994,0.005719332955777645,0.0009691152835861379,0.06
30,octanol_dipole,232,0.11522043496370316,0.02748313546180725,0.5832567046199761,0.9398830438913941,5.073348522186279,0.23383797705173492,0.04609144749845929,0.04
30,octanol_dipole,233,0.08988512307405472,0.02698385901749134,0.5812011477024763,0.9649319599178567,4.945394992828369,0.007142585702240467,0.0014442902361890978,0.04
30,octanol_dipole,234,0.07718968391418457,0.03263269364833832,0.582791692966097,0.964344509023368,5.968721389770508,0.009155078791081905,0.0015338425423529294,0.04
30,octanol_dipole,235,0.16607524454593658,0.0311718937009573,0.5861280351713034,0.9334238577518559,5.7441182136535645,0.14601248502731323,0.025419477732935014,0.02
30,octanol_dipole,236,0.06923683732748032,0.0310017392039299,0.5823304804455951,0.965608433128696,5.761225700378418,0.0028186640702188015,0.0004892472916021432,0.04
30,octanol_dipole,237,0.04810285568237305,0.0296297837048769,0.5854918917853238,0.9695727600310085,5.41239070892334,0.0070501770824193954,0.0013025994355499609,0.0
30,octanol_dipole,238,0.23947739601135254,0.028925690799951553,0.5823395111359266,0.8940787485240802,5.3748250007629395,0.47380316257476807,0.08815229565753549,0.06
30,octanol_dipole,239,0.10311238467693329,0.02459334023296833,0.5822046859921941,0.9460766165335133,4.511843681335449,0.029939936473965645,0.006635854118311075,0.02
30,octanol_dipole,240,0.06088634580373764,0.02836024947464466,0.5818787151342344,0.9597998630010858,5.198848724365234,0.008788741193711758,0.0016905168162562453,0.04
30,octanol_dipole,241,0.0690760686993599,0.022800901904702187,0.5825219660588845,0.9521710913297745,4.172598361968994,0.010009814985096455,0.0023989404483140703,0.04
30,octanol_dipole,242,0.2724922001361847,0.029986828565597534,0.5872547764748224,0.9110933061382132,5.613900184631348,0.7007627487182617,0.12482636414460568,0.1
30,octanol_dipole,243,0.19078339636325836,0.027585191652178764,0.5822551337936306,0.9028632072221197,5.0939483642578125,0.44454148411750793,0.08726854933133535,0.06
30,octanol_dipole,244,0.022466789931058884,0.028059793636202812,0.5852695009316238,0.9595499057067938,5.150602340698242,0.0044754138216376305,0.0008689107653049604,0.04
30,octanol_dipole,245,0.2248401641845703,0.03162731975317001,0.5808142919395158,0.9181391737488465,5.890611171722412,0.5008583068847656,0.08502654347465866,0.14
30,octanol_dipole,246,0.03781740367412567,0.024750931188464165,0.5832310608965112,0.9706042336614327,4.541989326477051,0.006511983927339315,0.0014337294650558486,0.04
30,octanol_dipole,247,0.18954816460609436,0.03319810703396797,0.5840799639267709,0.9334822627235009,6.235914707183838,0.14819586277008057,0.023764895725619437,0.1
30,octanol_dipole,248,0.20314504206180573,0.027829790487885475,0.5828875445005708,0.8975735429235105,5.196770668029785,0.5463443398475647,0.10513150853637657,0.06
30,octanol_dipole,249,0.14746852219104767,0.024031730368733406,0.5921155046940729,0.9333470148491336,4.476832866668701,0.17552903294563293,0.03920830599964915,0.06
30,hexane_gsolv_eV,0,0.9999998807907104,0.0,0.651530355791512,0.651530355791512,,,,1.0
30,hexane_gsolv_eV,1,0.9999998807907104,0.0,0.651530355791512,0.651530355791512,,,,1.0
30,hexane_gsolv_eV,2,0.9999998807907104,0.0,0.651530355791512,0.651530355791512,,,,1.0
30,hexane_gsolv_eV,3,0.9999998807907104,0.0,0.651530355791512,0.651530355791512,,,,1.0
30,hexane_gsolv_eV,4,0.9999998807907104,0.0,0.651530355791512,0.651530355791512,,,,1.0
30,hexane_gsolv_eV,5,0.9999998807907104,0.0,0.651530355791512,0.651530355791512,,,,1.0
30,hexane_gsolv_eV,6,0.9999998807907104,0.0,0.651530355791512,0.651530355791512,,,,1.0
30,hexane_gsolv_eV,7,0.9999998807907104,0.0,0.651530355791512,0.651530355791512,,,,1.0
30,hexane_gsolv_eV,8,0.9999998807907104,0.0,0.651530355791512,0.651530355791512,,,,1.0
30,hexane_gsolv_eV,9,0.9999998807907104,0.0,0.651530355791512,0.651530355791512,,,,1.0
30,hexane_gsolv_eV,10,0.9999998807907104,0.0,0.651530355791512,0.651530355791512,,,,1.0
30,hexane_gsolv_eV,11,0.9999998807907104,0.0,0.651530355791512,0.651530355791512,,,,1.0
30,hexane_gsolv_eV,12,0.9999998807907104,0.0,0.651530355791512,0.651530355791512,,,,1.0
30,hexane_gsolv_eV,13,0.9999998807907104,0.0,0.651530355791512,0.651530355791512,,,,1.0
30,hexane_gsolv_eV,14,0.9999998807907104,0.0,0.651530355791512,0.651530355791512,,,,1.0
30,hexane_gsolv_eV,15,0.9999998807907104,0.0,0.651530355791512,0.651530355791512,,,,1.0
30,hexane_gsolv_eV,16,0.9999998807907104,0.0,0.651530355791512,0.651530355791512,,,,1.0
30,hexane_gsolv_eV,17,0.9999998807907104,0.0,0.651530355791512,0.651530355791512,,,,1.0
30,hexane_gsolv_eV,18,0.9999998807907104,0.0,0.651530355791512,0.651530355791512,,,,1.0
30,hexane_gsolv_eV,19,0.9999998807907104,0.0,0.651530355791512,0.651530355791512,,,,1.0
30,hexane_gsolv_eV,20,0.9999998807907104,0.0,0.651530355791512,0.651530355791512,,,,1.0
30,hexane_gsolv_eV,21,0.9999998807907104,0.0,0.651530355791512,0.651530355791512,,,,1.0
30,hexane_gsolv_eV,22,0.9999998807907104,0.0,0.651530355791512,0.651530355791512,,,,1.0
30,hexane_gsolv_eV,23,0.9999998807907104,0.0,0.651530355791512,0.651530355791512,,,,1.0
30,hexane_gsolv_eV,24,0.9999998807907104,0.0,0.651530355791512,0.651530355791512,,,,1.0
30,hexane_gsolv_eV,25,0.9999998807907104,0.0,0.651530355791512,0.651530355791512,,,,1.0
30,hexane_gsolv_eV,26,0.9999998807907104,0.0,0.651530355791512,0.651530355791512,,,,1.0
30,hexane_gsolv_eV,27,0.9999998807907104,0.0,0.651530355791512,0.651530355791512,,,,1.0
30,hexane_gsolv_eV,28,0.9999998807907104,0.0,0.651530355791512,0.651530355791512,,,,1.0
30,hexane_gsolv_eV,29,0.9999998807907104,0.0,0.651530355791512,0.651530355791512,,,,1.0
30,hexane_gsolv_eV,30,0.9999998807907104,0.0,0.651530355791512,0.651530355791512,,,,1.0
30,hexane_gsolv_eV,31,0.9999998807907104,0.0,0.651530355791512,0.651530355791512,,,,1.0
30,hexane_gsolv_eV,32,0.9999998807907104,0.0,0.651530355791512,0.651530355791512,,,,1.0
30,hexane_gsolv_eV,33,0.9999998807907104,0.0,0.651530355791512,0.651530355791512,,,,1.0
30,hexane_gsolv_eV,34,0.9999998807907104,0.0,0.651530355791512,0.651530355791512,,,,1.0
30,hexane_gsolv_eV,35,0.9999998807907104,0.0,0.651530355791512,0.651530355791512,,,,1.0
30,hexane_gsolv_eV,36,0.9999998807907104,0.0,0.651530355791512,0.651530355791512,,,,1.0
30,hexane_gsolv_eV,37,0.9999998807907104,0.0,0.651530355791512,0.651530355791512,,,,1.0
30,hexane_gsolv_eV,38,0.9999998807907104,0.0,0.651530355791512,0.651530355791512,,,,1.0
30,hexane_gsolv_eV,39,0.9999998807907104,0.0,0.651530355791512,0.651530355791512,,,,1.0
30,hexane_gsolv_eV,40,0.9999998807907104,0.0,0.651530355791512,0.651530355791512,,,,1.0
30,hexane_gsolv_eV,41,0.9999998807907104,0.0,0.651530355791512,0.651530355791512,,,,1.0
30,hexane_gsolv_eV,42,0.9999998807907104,0.0,0.651530355791512,0.651530355791512,,,,1.0
30,hexane_gsolv_eV,43,0.9999998807907104,0.0,0.651530355791512,0.651530355791512,,,,1.0
30,hexane_gsolv_eV,44,0.9999998807907104,0.0,0.651530355791512,0.651530355791512,,,,1.0
30,hexane_gsolv_eV,45,0.9999998807907104,0.0,0.651530355791512,0.651530355791512,,,,1.0
30,hexane_gsolv_eV,46,0.9999998807907104,0.0,0.651530355791512,0.651530355791512,,,,1.0
30,hexane_gsolv_eV,47,0.9999998807907104,0.0,0.651530355791512,0.651530355791512,,,,1.0
30,hexane_gsolv_eV,48,0.9999998807907104,0.0,0.651530355791512,0.651530355791512,,,,1.0
30,hexane_gsolv_eV,49,0.9999998807907104,0.0,0.651530355791512,0.651530355791512,,,,1.0
30,hexane_gsolv_eV,50,0.9999998807907104,0.0,0.651530355791512,0.651530355791512,,,,1.0
30,hexane_gsolv_eV,51,0.9999998807907104,0.0,0.651530355791512,0.651530355791512,,,,1.0
30,hexane_gsolv_eV,52,0.9999998807907104,0.0,0.651530355791512,0.651530355791512,,,,1.0
30,hexane_gsolv_eV,53,0.9999998807907104,0.0,0.651530355791512,0.651530355791512,,,,1.0
30,hexane_gsolv_eV,54,0.9999998807907104,0.0,0.651530355791512,0.651530355791512,,,,1.0
30,hexane_gsolv_eV,55,0.9999998807907104,0.0,0.651530355791512,0.651530355791512,,,,1.0
30,hexane_gsolv_eV,56,0.9999998807907104,0.0,0.651530355791512,0.651530355791512,,,,1.0
30,hexane_gsolv_eV,57,0.9999998807907104,0.0,0.651530355791512,0.651530355791512,,,,1.0
30,hexane_gsolv_eV,58,0.9999998807907104,0.0,0.651530355791512,0.651530355791512,,,,1.0
30,hexane_gsolv_eV,59,0.9999998807907104,0.0,0.651530355791512,0.651530355791512,,,,1.0
30,hexane_gsolv_eV,60,0.9999998807907104,0.0,0.651530355791512,0.651530355791512,,,,1.0
30,hexane_gsolv_eV,61,0.9999998807907104,0.0,0.651530355791512,0.651530355791512,,,,1.0
30,hexane_gsolv_eV,62,0.9999998807907104,0.0,0.651530355791512,0.651530355791512,,,,1.0
30,hexane_gsolv_eV,63,0.9999998807907104,0.0,0.651530355791512,0.651530355791512,,,,1.0
30,hexane_gsolv_eV,64,0.9999998807907104,0.0,0.651530355791512,0.651530355791512,,,,1.0
30,hexane_gsolv_eV,65,0.9999998807907104,0.0,0.651530355791512,0.651530355791512,,,,1.0
30,hexane_gsolv_eV,66,0.9999998807907104,0.0,0.651530355791512,0.651530355791512,,,,1.0
30,hexane_gsolv_eV,67,0.9999998807907104,0.0,0.651530355791512,0.651530355791512,,,,1.0
30,hexane_gsolv_eV,68,0.9999998807907104,0.0,0.651530355791512,0.651530355791512,,,,1.0
30,hexane_gsolv_eV,69,0.9999998807907104,0.0,0.651530355791512,0.651530355791512,,,,1.0
30,hexane_gsolv_eV,70,0.9999998807907104,0.0,0.651530355791512,0.651530355791512,,,,1.0
30,hexane_gsolv_eV,71,0.9999998807907104,0.0,0.651530355791512,0.651530355791512,,,,1.0
30,hexane_gsolv_eV,72,0.9999998807907104,0.0,0.651530355791512,0.651530355791512,,,,1.0
30,hexane_gsolv_eV,73,0.9999998807907104,0.0,0.651530355791512,0.651530355791512,,,,1.0
30,hexane_gsolv_eV,74,0.9999998807907104,0.0,0.651530355791512,0.651530355791512,,,,1.0
30,hexane_gsolv_eV,75,0.9999998807907104,0.0,0.651530355791512,0.651530355791512,,,,1.0
30,hexane_gsolv_eV,76,0.9999998807907104,0.0,0.651530355791512,0.651530355791512,,,,1.0
30,hexane_gsolv_eV,77,0.9999998807907104,0.0,0.651530355791512,0.651530355791512,,,,1.0
30,hexane_gsolv_eV,78,0.9999998807907104,0.0,0.651530355791512,0.651530355791512,,,,1.0
30,hexane_gsolv_eV,79,0.9999998807907104,0.0,0.651530355791512,0.651530355791512,,,,1.0
30,hexane_gsolv_eV,80,0.9999998807907104,0.0,0.651530355791512,0.651530355791512,,,,1.0
30,hexane_gsolv_eV,81,0.9999998807907104,0.0,0.651530355791512,0.651530355791512,,,,1.0
30,hexane_gsolv_eV,82,0.9999998807907104,0.0,0.651530355791512,0.651530355791512,,,,1.0
30,hexane_gsolv_eV,83,0.9999998807907104,0.0,0.651530355791512,0.651530355791512,,,,1.0
30,hexane_gsolv_eV,84,0.9999998807907104,0.0,0.651530355791512,0.651530355791512,,,,1.0
30,hexane_gsolv_eV,85,0.9999998807907104,0.0,0.651530355791512,0.651530355791512,,,,1.0
30,hexane_gsolv_eV,86,0.9999998807907104,0.0,0.651530355791512,0.651530355791512,,,,1.0
30,hexane_gsolv_eV,87,0.9999998807907104,0.0,0.651530355791512,0.651530355791512,,,,1.0
30,hexane_gsolv_eV,88,0.9999998807907104,0.0,0.651530355791512,0.651530355791512,,,,1.0
30,hexane_gsolv_eV,89,0.9999998807907104,0.0,0.651530355791512,0.651530355791512,,,,1.0
30,hexane_gsolv_eV,90,0.9999998807907104,0.0,0.651530355791512,0.651530355791512,,,,1.0
30,hexane_gsolv_eV,91,0.9999998807907104,0.0,0.651530355791512,0.651530355791512,,,,1.0
30,hexane_gsolv_eV,92,0.9999998807907104,0.0,0.651530355791512,0.651530355791512,,,,1.0
30,hexane_gsolv_eV,93,0.9999998807907104,0.0,0.651530355791512,0.651530355791512,,,,1.0
30,hexane_gsolv_eV,94,0.9999998807907104,0.0,0.651530355791512,0.651530355791512,,,,1.0
30,hexane_gsolv_eV,95,0.9999998807907104,0.0,0.651530355791512,0.651530355791512,,,,1.0
30,hexane_gsolv_eV,96,0.9999998807907104,0.0,0.651530355791512,0.651530355791512,,,,1.0
30,hexane_gsolv_eV,97,0.9999998807907104,0.0,0.651530355791512,0.651530355791512,,,,1.0
30,hexane_gsolv_eV,98,0.9999998807907104,0.0,0.651530355791512,0.651530355791512,,,,1.0
30,hexane_gsolv_eV,99,0.9999998807907104,0.0,0.651530355791512,0.651530355791512,,,,1.0
30,hexane_gsolv_eV,100,0.9999998807907104,0.0,0.651530355791512,0.651530355791512,,,,1.0
30,hexane_gsolv_eV,101,0.9999998807907104,0.0,0.651530355791512,0.651530355791512,,,,1.0
30,hexane_gsolv_eV,102,0.9999998807907104,0.0,0.651530355791512,0.651530355791512,,,,1.0
30,hexane_gsolv_eV,103,0.9999998807907104,0.0,0.651530355791512,0.651530355791512,,,,1.0
30,hexane_gsolv_eV,104,0.9999998807907104,0.0,0.651530355791512,0.651530355791512,,,,1.0
30,hexane_gsolv_eV,105,0.9999998807907104,0.0,0.651530355791512,0.651530355791512,,,,1.0
30,hexane_gsolv_eV,106,0.9999998807907104,0.0,0.651530355791512,0.651530355791512,,,,1.0
30,hexane_gsolv_eV,107,0.9999998807907104,0.0,0.651530355791512,0.651530355791512,,,,1.0
30,hexane_gsolv_eV,108,0.9999998807907104,0.0,0.651530355791512,0.651530355791512,,,,1.0
30,hexane_gsolv_eV,109,0.9999998807907104,0.0,0.651530355791512,0.651530355791512,,,,1.0
30,hexane_gsolv_eV,110,0.9999998807907104,0.0,0.651530355791512,0.651530355791512,,,,1.0
30,hexane_gsolv_eV,111,0.9999998807907104,0.0,0.651530355791512,0.651530355791512,,,,1.0
30,hexane_gsolv_eV,112,0.9999998807907104,0.0,0.651530355791512,0.651530355791512,,,,1.0
30,hexane_gsolv_eV,113,0.9999998807907104,0.0,0.651530355791512,0.651530355791512,,,,1.0
30,hexane_gsolv_eV,114,0.9999998807907104,0.0,0.651530355791512,0.651530355791512,,,,1.0
30,hexane_gsolv_eV,115,0.9999998807907104,0.0,0.651530355791512,0.651530355791512,,,,1.0
30,hexane_gsolv_eV,116,0.9999998807907104,0.0,0.651530355791512,0.651530355791512,,,,1.0
30,hexane_gsolv_eV,117,0.9999998807907104,0.0,0.651530355791512,0.651530355791512,,,,1.0
30,hexane_gsolv_eV,118,0.9999998807907104,0.0,0.651530355791512,0.651530355791512,,,,1.0
30,hexane_gsolv_eV,119,0.9999998807907104,0.0,0.651530355791512,0.651530355791512,,,,1.0
30,hexane_gsolv_eV,120,0.9999998807907104,0.0,0.651530355791512,0.651530355791512,,,,1.0
30,hexane_gsolv_eV,121,0.9999998807907104,0.0,0.651530355791512,0.651530355791512,,,,1.0
30,hexane_gsolv_eV,122,0.9999998807907104,0.0,0.651530355791512,0.651530355791512,,,,1.0
30,hexane_gsolv_eV,123,0.9999998807907104,0.0,0.651530355791512,0.651530355791512,,,,1.0
30,hexane_gsolv_eV,124,0.9999998807907104,0.0,0.651530355791512,0.651530355791512,,,,1.0
30,hexane_gsolv_eV,125,0.9999998807907104,0.0,0.651530355791512,0.651530355791512,,,,1.0
30,hexane_gsolv_eV,126,0.9999998807907104,0.0,0.651530355791512,0.651530355791512,,,,1.0
30,hexane_gsolv_eV,127,0.9999998807907104,0.0,0.651530355791512,0.651530355791512,,,,1.0
30,hexane_gsolv_eV,128,0.9999998807907104,0.0,0.651530355791512,0.651530355791512,,,,1.0
30,hexane_gsolv_eV,129,0.9999998807907104,0.0,0.651530355791512,0.651530355791512,,,,1.0
30,hexane_gsolv_eV,130,0.9999998807907104,0.0,0.651530355791512,0.651530355791512,,,,1.0
30,hexane_gsolv_eV,131,0.9999998807907104,0.0,0.651530355791512,0.651530355791512,,,,1.0
30,hexane_gsolv_eV,132,0.9999998807907104,0.0,0.651530355791512,0.651530355791512,,,,1.0
30,hexane_gsolv_eV,133,0.9999998807907104,0.0,0.651530355791512,0.651530355791512,,,,1.0
30,hexane_gsolv_eV,134,0.9999998807907104,0.0,0.651530355791512,0.651530355791512,,,,1.0
30,hexane_gsolv_eV,135,0.9999998807907104,0.0,0.651530355791512,0.651530355791512,,,,1.0
30,hexane_gsolv_eV,136,0.9999998807907104,0.0,0.651530355791512,0.651530355791512,,,,1.0
30,hexane_gsolv_eV,137,0.9999998807907104,0.0,0.651530355791512,0.651530355791512,,,,1.0
30,hexane_gsolv_eV,138,0.9999998807907104,0.0,0.651530355791512,0.651530355791512,,,,1.0
30,hexane_gsolv_eV,139,0.9999998807907104,0.0,0.651530355791512,0.651530355791512,,,,1.0
30,hexane_gsolv_eV,140,0.9999998807907104,0.0,0.651530355791512,0.651530355791512,,,,1.0
30,hexane_gsolv_eV,141,0.9999998807907104,0.0,0.651530355791512,0.651530355791512,,,,1.0
30,hexane_gsolv_eV,142,0.9999998807907104,0.0,0.651530355791512,0.651530355791512,,,,1.0
30,hexane_gsolv_eV,143,0.9999998807907104,0.0,0.651530355791512,0.651530355791512,,,,1.0
30,hexane_gsolv_eV,144,0.9999998807907104,0.0,0.651530355791512,0.651530355791512,,,,1.0
30,hexane_gsolv_eV,145,0.9999998807907104,0.0,0.651530355791512,0.651530355791512,,,,1.0
30,hexane_gsolv_eV,146,0.9999998807907104,0.0,0.651530355791512,0.651530355791512,,,,1.0
30,hexane_gsolv_eV,147,0.9999998807907104,0.0,0.651530355791512,0.651530355791512,,,,1.0
30,hexane_gsolv_eV,148,0.9999998807907104,0.0,0.651530355791512,0.651530355791512,,,,1.0
30,hexane_gsolv_eV,149,0.9999998807907104,0.0,0.651530355791512,0.651530355791512,,,,1.0
30,hexane_gsolv_eV,150,0.9999998807907104,0.0,0.651530355791512,0.651530355791512,,,,1.0
30,hexane_gsolv_eV,151,0.9999998807907104,0.0,0.651530355791512,0.651530355791512,,,,1.0
30,hexane_gsolv_eV,152,0.9999998807907104,0.0,0.651530355791512,0.651530355791512,,,,1.0
30,hexane_gsolv_eV,153,0.9999998807907104,0.0,0.651530355791512,0.651530355791512,,,,1.0
30,hexane_gsolv_eV,154,0.9999998807907104,0.0,0.651530355791512,0.651530355791512,,,,1.0
30,hexane_gsolv_eV,155,0.9999998807907104,0.0,0.651530355791512,0.651530355791512,,,,1.0
30,hexane_gsolv_eV,156,0.9999998807907104,0.0,0.651530355791512,0.651530355791512,,,,1.0
30,hexane_gsolv_eV,157,0.9999998807907104,0.0,0.651530355791512,0.651530355791512,,,,1.0
30,hexane_gsolv_eV,158,0.9999998807907104,0.0,0.651530355791512,0.651530355791512,,,,1.0
30,hexane_gsolv_eV,159,0.9999998807907104,0.0,0.651530355791512,0.651530355791512,,,,1.0
30,hexane_gsolv_eV,160,0.9999998807907104,0.0,0.651530355791512,0.651530355791512,,,,1.0
30,hexane_gsolv_eV,161,0.9999998807907104,0.0,0.651530355791512,0.651530355791512,,,,1.0
30,hexane_gsolv_eV,162,0.9999998807907104,0.0,0.651530355791512,0.651530355791512,,,,1.0
30,hexane_gsolv_eV,163,0.9999998807907104,0.0,0.651530355791512,0.651530355791512,,,,1.0
30,hexane_gsolv_eV,164,0.9999998807907104,0.0,0.651530355791512,0.651530355791512,,,,1.0
30,hexane_gsolv_eV,165,0.9999998807907104,0.0,0.651530355791512,0.651530355791512,,,,1.0
30,hexane_gsolv_eV,166,0.9999998807907104,0.0,0.651530355791512,0.651530355791512,,,,1.0
30,hexane_gsolv_eV,167,0.9999998807907104,0.0,0.651530355791512,0.651530355791512,,,,1.0
30,hexane_gsolv_eV,168,0.9999998807907104,0.0,0.651530355791512,0.651530355791512,,,,1.0
30,hexane_gsolv_eV,169,0.9999998807907104,0.0,0.651530355791512,0.651530355791512,,,,1.0
30,hexane_gsolv_eV,170,0.9999998807907104,0.0,0.651530355791512,0.651530355791512,,,,1.0
30,hexane_gsolv_eV,171,0.9999998807907104,0.0,0.651530355791512,0.651530355791512,,,,1.0
30,hexane_gsolv_eV,172,0.9999998807907104,0.0,0.651530355791512,0.651530355791512,,,,1.0
30,hexane_gsolv_eV,173,0.9999998807907104,0.0,0.651530355791512,0.651530355791512,,,,1.0
30,hexane_gsolv_eV,174,0.9999998807907104,0.0,0.651530355791512,0.651530355791512,,,,1.0
30,hexane_gsolv_eV,175,0.9999998807907104,0.0,0.651530355791512,0.651530355791512,,,,1.0
30,hexane_gsolv_eV,176,0.9999998807907104,0.0,0.651530355791512,0.651530355791512,,,,1.0
30,hexane_gsolv_eV,177,0.9999998807907104,0.0,0.651530355791512,0.651530355791512,,,,1.0
30,hexane_gsolv_eV,178,0.9999998807907104,0.0,0.651530355791512,0.651530355791512,,,,1.0
30,hexane_gsolv_eV,179,0.9999998807907104,0.0,0.651530355791512,0.651530355791512,,,,1.0
30,hexane_gsolv_eV,180,0.9999998807907104,0.0,0.651530355791512,0.651530355791512,,,,1.0
30,hexane_gsolv_eV,181,0.9999998807907104,0.0,0.651530355791512,0.651530355791512,,,,1.0
30,hexane_gsolv_eV,182,0.9999998807907104,0.0,0.651530355791512,0.651530355791512,,,,1.0
30,hexane_gsolv_eV,183,0.9999998807907104,0.0,0.651530355791512,0.651530355791512,,,,1.0
30,hexane_gsolv_eV,184,0.9999998807907104,0.0,0.651530355791512,0.651530355791512,,,,1.0
30,hexane_gsolv_eV,185,0.9999998807907104,0.0,0.651530355791512,0.651530355791512,,,,1.0
30,hexane_gsolv_eV,186,0.9999998807907104,0.0,0.651530355791512,0.651530355791512,,,,1.0
30,hexane_gsolv_eV,187,0.9999998807907104,0.0,0.651530355791512,0.651530355791512,,,,1.0
30,hexane_gsolv_eV,188,0.9999998807907104,0.0,0.651530355791512,0.651530355791512,,,,1.0
30,hexane_gsolv_eV,189,0.9999998807907104,0.0,0.651530355791512,0.651530355791512,,,,1.0
30,hexane_gsolv_eV,190,0.9999998807907104,0.0,0.651530355791512,0.651530355791512,,,,1.0
30,hexane_gsolv_eV,191,0.9999998807907104,0.0,0.651530355791512,0.651530355791512,,,,1.0
30,hexane_gsolv_eV,192,0.9999998807907104,0.0,0.651530355791512,0.651530355791512,,,,1.0
30,hexane_gsolv_eV,193,0.9999998807907104,0.0,0.651530355791512,0.651530355791512,,,,1.0
30,hexane_gsolv_eV,194,0.9999998807907104,0.0,0.651530355791512,0.651530355791512,,,,1.0
30,hexane_gsolv_eV,195,0.9999998807907104,0.0,0.651530355791512,0.651530355791512,,,,1.0
30,hexane_gsolv_eV,196,0.9999998807907104,0.0,0.651530355791512,0.651530355791512,,,,1.0
30,hexane_gsolv_eV,197,0.9999998807907104,0.0,0.651530355791512,0.651530355791512,,,,1.0
30,hexane_gsolv_eV,198,0.9999998807907104,0.0,0.651530355791512,0.651530355791512,,,,1.0
30,hexane_gsolv_eV,199,0.9999998807907104,0.0,0.651530355791512,0.651530355791512,,,,1.0
30,hexane_gsolv_eV,200,0.9999998807907104,0.0,0.651530355791512,0.651530355791512,,,,1.0
30,hexane_gsolv_eV,201,0.9999998807907104,0.0,0.651530355791512,0.651530355791512,,,,1.0
30,hexane_gsolv_eV,202,0.9999998807907104,0.0,0.651530355791512,0.651530355791512,,,,1.0
30,hexane_gsolv_eV,203,0.9999998807907104,0.0,0.651530355791512,0.651530355791512,,,,1.0
30,hexane_gsolv_eV,204,0.9999998807907104,0.0,0.651530355791512,0.651530355791512,,,,1.0
30,hexane_gsolv_eV,205,0.9999998807907104,0.0,0.651530355791512,0.651530355791512,,,,1.0
30,hexane_gsolv_eV,206,0.9999998807907104,0.0,0.651530355791512,0.651530355791512,,,,1.0
30,hexane_gsolv_eV,207,0.9999998807907104,0.0,0.651530355791512,0.651530355791512,,,,1.0
30,hexane_gsolv_eV,208,0.9999998807907104,0.0,0.651530355791512,0.651530355791512,,,,1.0
30,hexane_gsolv_eV,209,0.9999998807907104,0.0,0.651530355791512,0.651530355791512,,,,1.0
30,hexane_gsolv_eV,210,0.9999998807907104,0.0,0.651530355791512,0.651530355791512,,,,1.0
30,hexane_gsolv_eV,211,0.9999998807907104,0.0,0.651530355791512,0.651530355791512,,,,1.0
30,hexane_gsolv_eV,212,0.9999998807907104,0.0,0.651530355791512,0.651530355791512,,,,1.0
30,hexane_gsolv_eV,213,0.9999998807907104,0.0,0.651530355791512,0.651530355791512,,,,1.0
30,hexane_gsolv_eV,214,0.9999998807907104,0.0,0.651530355791512,0.651530355791512,,,,1.0
30,hexane_gsolv_eV,215,0.9999998807907104,0.0,0.651530355791512,0.651530355791512,,,,1.0
30,hexane_gsolv_eV,216,0.9999998807907104,0.0,0.651530355791512,0.651530355791512,,,,1.0
30,hexane_gsolv_eV,217,0.9999998807907104,0.0,0.651530355791512,0.651530355791512,,,,1.0
30,hexane_gsolv_eV,218,0.9999998807907104,0.0,0.651530355791512,0.651530355791512,,,,1.0
30,hexane_gsolv_eV,219,0.9999998807907104,0.0,0.651530355791512,0.651530355791512,,,,1.0
30,hexane_gsolv_eV,220,0.9999998807907104,0.0,0.651530355791512,0.651530355791512,,,,1.0
30,hexane_gsolv_eV,221,0.9999998807907104,0.0,0.651530355791512,0.651530355791512,,,,1.0
30,hexane_gsolv_eV,222,0.9999998807907104,0.0,0.651530355791512,0.651530355791512,,,,1.0
30,hexane_gsolv_eV,223,0.9999998807907104,0.0,0.651530355791512,0.651530355791512,,,,1.0
30,hexane_gsolv_eV,224,0.9999998807907104,0.0,0.651530355791512,0.651530355791512,,,,1.0
30,hexane_gsolv_eV,225,0.9999998807907104,0.0,0.651530355791512,0.651530355791512,,,,1.0
30,hexane_gsolv_eV,226,0.9999998807907104,0.0,0.651530355791512,0.651530355791512,,,,1.0
30,hexane_gsolv_eV,227,0.9999998807907104,0.0,0.651530355791512,0.651530355791512,,,,1.0
30,hexane_gsolv_eV,228,0.9999998807907104,0.0,0.651530355791512,0.651530355791512,,,,1.0
30,hexane_gsolv_eV,229,0.9999998807907104,0.0,0.651530355791512,0.651530355791512,,,,1.0
30,hexane_gsolv_eV,230,0.9999998807907104,0.0,0.651530355791512,0.651530355791512,,,,1.0
30,hexane_gsolv_eV,231,0.9999998807907104,0.0,0.651530355791512,0.651530355791512,,,,1.0
30,hexane_gsolv_eV,232,0.9999998807907104,0.0,0.651530355791512,0.651530355791512,,,,1.0
30,hexane_gsolv_eV,233,0.9999998807907104,0.0,0.651530355791512,0.651530355791512,,,,1.0
30,hexane_gsolv_eV,234,0.9999998807907104,0.0,0.651530355791512,0.651530355791512,,,,1.0
30,hexane_gsolv_eV,235,0.9999998807907104,0.0,0.651530355791512,0.651530355791512,,,,1.0
30,hexane_gsolv_eV,236,0.9999998807907104,0.0,0.651530355791512,0.651530355791512,,,,1.0
30,hexane_gsolv_eV,237,0.9999998807907104,0.0,0.651530355791512,0.651530355791512,,,,1.0
30,hexane_gsolv_eV,238,0.9999998807907104,0.0,0.651530355791512,0.651530355791512,,,,1.0
30,hexane_gsolv_eV,239,0.9999998807907104,0.0,0.651530355791512,0.651530355791512,,,,1.0
30,hexane_gsolv_eV,240,0.9999998807907104,0.0,0.651530355791512,0.651530355791512,,,,1.0
30,hexane_gsolv_eV,241,0.9999998807907104,0.0,0.651530355791512,0.651530355791512,,,,1.0
30,hexane_gsolv_eV,242,0.9999998807907104,0.0,0.651530355791512,0.651530355791512,,,,1.0
30,hexane_gsolv_eV,243,0.9999998807907104,0.0,0.651530355791512,0.651530355791512,,,,1.0
30,hexane_gsolv_eV,244,0.9999998807907104,0.0,0.651530355791512,0.651530355791512,,,,1.0
30,hexane_gsolv_eV,245,0.9999998807907104,0.0,0.651530355791512,0.651530355791512,,,,1.0
30,hexane_gsolv_eV,246,0.9999998807907104,0.0,0.651530355791512,0.651530355791512,,,,1.0
30,hexane_gsolv_eV,247,0.9999998807907104,0.0,0.651530355791512,0.651530355791512,,,,1.0
30,hexane_gsolv_eV,248,0.9999998807907104,0.0,0.651530355791512,0.651530355791512,,,,1.0
30,hexane_gsolv_eV,249,0.9999998807907104,0.0,0.651530355791512,0.651530355791512,,,,1.0
30,hexane_hl_gap_eV,0,1.0,0.0,0.7080184920286807,0.7080184920286807,,,,1.0
30,hexane_hl_gap_eV,1,1.0,0.0,0.7080184920286807,0.7080184920286807,,,,1.0
30,hexane_hl_gap_eV,2,1.0,0.0,0.7080184920286807,0.7080184920286807,,,,1.0
30,hexane_hl_gap_eV,3,1.0,0.0,0.7080184920286807,0.7080184920286807,,,,1.0
30,hexane_hl_gap_eV,4,1.0,0.0,0.7080184920286807,0.7080184920286807,,,,1.0
30,hexane_hl_gap_eV,5,1.0,0.0,0.7080184920286807,0.7080184920286807,,,,1.0
30,hexane_hl_gap_eV,6,1.0,0.0,0.7080184920286807,0.7080184920286807,,,,1.0
30,hexane_hl_gap_eV,7,1.0,0.0,0.7080184920286807,0.7080184920286807,,,,1.0
30,hexane_hl_gap_eV,8,1.0,0.0,0.7080184920286807,0.7080184920286807,,,,1.0
30,hexane_hl_gap_eV,9,1.0,0.0,0.7080184920286807,0.7080184920286807,,,,1.0
30,hexane_hl_gap_eV,10,1.0,0.0,0.7080184920286807,0.7080184920286807,,,,1.0
30,hexane_hl_gap_eV,11,1.0,0.0,0.7080184920286807,0.7080184920286807,,,,1.0
30,hexane_hl_gap_eV,12,1.0,0.0,0.7080184920286807,0.7080184920286807,,,,1.0
30,hexane_hl_gap_eV,13,1.0,0.0,0.7080184920286807,0.7080184920286807,,,,1.0
30,hexane_hl_gap_eV,14,1.0,0.0,0.7080184920286807,0.7080184920286807,,,,1.0
30,hexane_hl_gap_eV,15,1.0,0.0,0.7080184920286807,0.7080184920286807,,,,1.0
30,hexane_hl_gap_eV,16,1.0,0.0,0.7080184920286807,0.7080184920286807,,,,1.0
30,hexane_hl_gap_eV,17,1.0,0.0,0.7080184920286807,0.7080184920286807,,,,1.0
30,hexane_hl_gap_eV,18,1.0,0.0,0.7080184920286807,0.7080184920286807,,,,1.0
30,hexane_hl_gap_eV,19,1.0,0.0,0.7080184920286807,0.7080184920286807,,,,1.0
30,hexane_hl_gap_eV,20,1.0,0.0,0.7080184920286807,0.7080184920286807,,,,1.0
30,hexane_hl_gap_eV,21,1.0,0.0,0.7080184920286807,0.7080184920286807,,,,1.0
30,hexane_hl_gap_eV,22,1.0,0.0,0.7080184920286807,0.7080184920286807,,,,1.0
30,hexane_hl_gap_eV,23,1.0,0.0,0.7080184920286807,0.7080184920286807,,,,1.0
30,hexane_hl_gap_eV,24,1.0,0.0,0.7080184920286807,0.7080184920286807,,,,1.0
30,hexane_hl_gap_eV,25,1.0,0.0,0.7080184920286807,0.7080184920286807,,,,1.0
30,hexane_hl_gap_eV,26,1.0,0.0,0.7080184920286807,0.7080184920286807,,,,1.0
30,hexane_hl_gap_eV,27,1.0,0.0,0.7080184920286807,0.7080184920286807,,,,1.0
30,hexane_hl_gap_eV,28,1.0,0.0,0.7080184920286807,0.7080184920286807,,,,1.0
30,hexane_hl_gap_eV,29,1.0,0.0,0.7080184920286807,0.7080184920286807,,,,1.0
30,hexane_hl_gap_eV,30,1.0,0.0,0.7080184920286807,0.7080184920286807,,,,1.0
30,hexane_hl_gap_eV,31,1.0,0.0,0.7080184920286807,0.7080184920286807,,,,1.0
30,hexane_hl_gap_eV,32,1.0,0.0,0.7080184920286807,0.7080184920286807,,,,1.0
30,hexane_hl_gap_eV,33,1.0,0.0,0.7080184920286807,0.7080184920286807,,,,1.0
30,hexane_hl_gap_eV,34,1.0,0.0,0.7080184920286807,0.7080184920286807,,,,1.0
30,hexane_hl_gap_eV,35,1.0,0.0,0.7080184920286807,0.7080184920286807,,,,1.0
30,hexane_hl_gap_eV,36,1.0,0.0,0.7080184920286807,0.7080184920286807,,,,1.0
30,hexane_hl_gap_eV,37,1.0,0.0,0.7080184920286807,0.7080184920286807,,,,1.0
30,hexane_hl_gap_eV,38,1.0,0.0,0.7080184920286807,0.7080184920286807,,,,1.0
30,hexane_hl_gap_eV,39,1.0,0.0,0.7080184920286807,0.7080184920286807,,,,1.0
30,hexane_hl_gap_eV,40,1.0,0.0,0.7080184920286807,0.7080184920286807,,,,1.0
30,hexane_hl_gap_eV,41,1.0,0.0,0.7080184920286807,0.7080184920286807,,,,1.0
30,hexane_hl_gap_eV,42,1.0,0.0,0.7080184920286807,0.7080184920286807,,,,1.0
30,hexane_hl_gap_eV,43,1.0,0.0,0.7080184920286807,0.7080184920286807,,,,1.0
30,hexane_hl_gap_eV,44,1.0,0.0,0.7080184920286807,0.7080184920286807,,,,1.0
30,hexane_hl_gap_eV,45,1.0,0.0,0.7080184920286807,0.7080184920286807,,,,1.0
30,hexane_hl_gap_eV,46,1.0,0.0,0.7080184920286807,0.7080184920286807,,,,1.0
30,hexane_hl_gap_eV,47,1.0,0.0,0.7080184920286807,0.7080184920286807,,,,1.0
30,hexane_hl_gap_eV,48,1.0,0.0,0.7080184920286807,0.7080184920286807,,,,1.0
30,hexane_hl_gap_eV,49,1.0,0.0,0.7080184920286807,0.7080184920286807,,,,1.0
30,hexane_hl_gap_eV,50,1.0,0.0,0.7080184920286807,0.7080184920286807,,,,1.0
30,hexane_hl_gap_eV,51,1.0,0.0,0.7080184920286807,0.7080184920286807,,,,1.0
30,hexane_hl_gap_eV,52,1.0,0.0,0.7080184920286807,0.7080184920286807,,,,1.0
30,hexane_hl_gap_eV,53,1.0,0.0,0.7080184920286807,0.7080184920286807,,,,1.0
30,hexane_hl_gap_eV,54,1.0,0.0,0.7080184920286807,0.7080184920286807,,,,1.0
30,hexane_hl_gap_eV,55,1.0,0.0,0.7080184920286807,0.7080184920286807,,,,1.0
30,hexane_hl_gap_eV,56,1.0,0.0,0.7080184920286807,0.7080184920286807,,,,1.0
30,hexane_hl_gap_eV,57,1.0,0.0,0.7080184920286807,0.7080184920286807,,,,1.0
30,hexane_hl_gap_eV,58,1.0,0.0,0.7080184920286807,0.7080184920286807,,,,1.0
30,hexane_hl_gap_eV,59,1.0,0.0,0.7080184920286807,0.7080184920286807,,,,1.0
30,hexane_hl_gap_eV,60,1.0,0.0,0.7080184920286807,0.7080184920286807,,,,1.0
30,hexane_hl_gap_eV,61,1.0,0.0,0.7080184920286807,0.7080184920286807,,,,1.0
30,hexane_hl_gap_eV,62,1.0,0.0,0.7080184920286807,0.7080184920286807,,,,1.0
30,hexane_hl_gap_eV,63,1.0,0.0,0.7080184920286807,0.7080184920286807,,,,1.0
30,hexane_hl_gap_eV,64,1.0,0.0,0.7080184920286807,0.7080184920286807,,,,1.0
30,hexane_hl_gap_eV,65,1.0,0.0,0.7080184920286807,0.7080184920286807,,,,1.0
30,hexane_hl_gap_eV,66,1.0,0.0,0.7080184920286807,0.7080184920286807,,,,1.0
30,hexane_hl_gap_eV,67,1.0,0.0,0.7080184920286807,0.7080184920286807,,,,1.0
30,hexane_hl_gap_eV,68,1.0,0.0,0.7080184920286807,0.7080184920286807,,,,1.0
30,hexane_hl_gap_eV,69,1.0,0.0,0.7080184920286807,0.7080184920286807,,,,1.0
30,hexane_hl_gap_eV,70,1.0,0.0,0.7080184920286807,0.7080184920286807,,,,1.0
30,hexane_hl_gap_eV,71,1.0,0.0,0.7080184920286807,0.7080184920286807,,,,1.0
30,hexane_hl_gap_eV,72,1.0,0.0,0.7080184920286807,0.7080184920286807,,,,1.0
30,hexane_hl_gap_eV,73,1.0,0.0,0.7080184920286807,0.7080184920286807,,,,1.0
30,hexane_hl_gap_eV,74,1.0,0.0,0.7080184920286807,0.7080184920286807,,,,1.0
30,hexane_hl_gap_eV,75,1.0,0.0,0.7080184920286807,0.7080184920286807,,,,1.0
30,hexane_hl_gap_eV,76,1.0,0.0,0.7080184920286807,0.7080184920286807,,,,1.0
30,hexane_hl_gap_eV,77,1.0,0.0,0.7080184920286807,0.7080184920286807,,,,1.0
30,hexane_hl_gap_eV,78,1.0,0.0,0.7080184920286807,0.7080184920286807,,,,1.0
30,hexane_hl_gap_eV,79,1.0,0.0,0.7080184920286807,0.7080184920286807,,,,1.0
30,hexane_hl_gap_eV,80,1.0,0.0,0.7080184920286807,0.7080184920286807,,,,1.0
30,hexane_hl_gap_eV,81,1.0,0.0,0.7080184920286807,0.7080184920286807,,,,1.0
30,hexane_hl_gap_eV,82,1.0,0.0,0.7080184920286807,0.7080184920286807,,,,1.0
30,hexane_hl_gap_eV,83,1.0,0.0,0.7080184920286807,0.7080184920286807,,,,1.0
30,hexane_hl_gap_eV,84,1.0,0.0,0.7080184920286807,0.7080184920286807,,,,1.0
30,hexane_hl_gap_eV,85,1.0,0.0,0.7080184920286807,0.7080184920286807,,,,1.0
30,hexane_hl_gap_eV,86,1.0,0.0,0.7080184920286807,0.7080184920286807,,,,1.0
30,hexane_hl_gap_eV,87,1.0,0.0,0.7080184920286807,0.7080184920286807,,,,1.0
30,hexane_hl_gap_eV,88,1.0,0.0,0.7080184920286807,0.7080184920286807,,,,1.0
30,hexane_hl_gap_eV,89,1.0,0.0,0.7080184920286807,0.7080184920286807,,,,1.0
30,hexane_hl_gap_eV,90,1.0,0.0,0.7080184920286807,0.7080184920286807,,,,1.0
30,hexane_hl_gap_eV,91,1.0,0.0,0.7080184920286807,0.7080184920286807,,,,1.0
30,hexane_hl_gap_eV,92,1.0,0.0,0.7080184920286807,0.7080184920286807,,,,1.0
30,hexane_hl_gap_eV,93,1.0,0.0,0.7080184920286807,0.7080184920286807,,,,1.0
30,hexane_hl_gap_eV,94,1.0,0.0,0.7080184920286807,0.7080184920286807,,,,1.0
30,hexane_hl_gap_eV,95,1.0,0.0,0.7080184920286807,0.7080184920286807,,,,1.0
30,hexane_hl_gap_eV,96,1.0,0.0,0.7080184920286807,0.7080184920286807,,,,1.0
30,hexane_hl_gap_eV,97,1.0,0.0,0.7080184920286807,0.7080184920286807,,,,1.0
30,hexane_hl_gap_eV,98,1.0,0.0,0.7080184920286807,0.7080184920286807,,,,1.0
30,hexane_hl_gap_eV,99,1.0,0.0,0.7080184920286807,0.7080184920286807,,,,1.0
30,hexane_hl_gap_eV,100,1.0,0.0,0.7080184920286807,0.7080184920286807,,,,1.0
30,hexane_hl_gap_eV,101,1.0,0.0,0.7080184920286807,0.7080184920286807,,,,1.0
30,hexane_hl_gap_eV,102,1.0,0.0,0.7080184920286807,0.7080184920286807,,,,1.0
30,hexane_hl_gap_eV,103,1.0,0.0,0.7080184920286807,0.7080184920286807,,,,1.0
30,hexane_hl_gap_eV,104,1.0,0.0,0.7080184920286807,0.7080184920286807,,,,1.0
30,hexane_hl_gap_eV,105,1.0,0.0,0.7080184920286807,0.7080184920286807,,,,1.0
30,hexane_hl_gap_eV,106,1.0,0.0,0.7080184920286807,0.7080184920286807,,,,1.0
30,hexane_hl_gap_eV,107,1.0,0.0,0.7080184920286807,0.7080184920286807,,,,1.0
30,hexane_hl_gap_eV,108,1.0,0.0,0.7080184920286807,0.7080184920286807,,,,1.0
30,hexane_hl_gap_eV,109,1.0,0.0,0.7080184920286807,0.7080184920286807,,,,1.0
30,hexane_hl_gap_eV,110,1.0,0.0,0.7080184920286807,0.7080184920286807,,,,1.0
30,hexane_hl_gap_eV,111,1.0,0.0,0.7080184920286807,0.7080184920286807,,,,1.0
30,hexane_hl_gap_eV,112,1.0,0.0,0.7080184920286807,0.7080184920286807,,,,1.0
30,hexane_hl_gap_eV,113,1.0,0.0,0.7080184920286807,0.7080184920286807,,,,1.0
30,hexane_hl_gap_eV,114,1.0,0.0,0.7080184920286807,0.7080184920286807,,,,1.0
30,hexane_hl_gap_eV,115,1.0,0.0,0.7080184920286807,0.7080184920286807,,,,1.0
30,hexane_hl_gap_eV,116,1.0,0.0,0.7080184920286807,0.7080184920286807,,,,1.0
30,hexane_hl_gap_eV,117,1.0,0.0,0.7080184920286807,0.7080184920286807,,,,1.0
30,hexane_hl_gap_eV,118,1.0,0.0,0.7080184920286807,0.7080184920286807,,,,1.0
30,hexane_hl_gap_eV,119,1.0,0.0,0.7080184920286807,0.7080184920286807,,,,1.0
30,hexane_hl_gap_eV,120,1.0,0.0,0.7080184920286807,0.7080184920286807,,,,1.0
30,hexane_hl_gap_eV,121,1.0,0.0,0.7080184920286807,0.7080184920286807,,,,1.0
30,hexane_hl_gap_eV,122,1.0,0.0,0.7080184920286807,0.7080184920286807,,,,1.0
30,hexane_hl_gap_eV,123,1.0,0.0,0.7080184920286807,0.7080184920286807,,,,1.0
30,hexane_hl_gap_eV,124,1.0,0.0,0.7080184920286807,0.7080184920286807,,,,1.0
30,hexane_hl_gap_eV,125,1.0,0.0,0.7080184920286807,0.7080184920286807,,,,1.0
30,hexane_hl_gap_eV,126,1.0,0.0,0.7080184920286807,0.7080184920286807,,,,1.0
30,hexane_hl_gap_eV,127,1.0,0.0,0.7080184920286807,0.7080184920286807,,,,1.0
30,hexane_hl_gap_eV,128,1.0,0.0,0.7080184920286807,0.7080184920286807,,,,1.0
30,hexane_hl_gap_eV,129,1.0,0.0,0.7080184920286807,0.7080184920286807,,,,1.0
30,hexane_hl_gap_eV,130,1.0,0.0,0.7080184920286807,0.7080184920286807,,,,1.0
30,hexane_hl_gap_eV,131,1.0,0.0,0.7080184920286807,0.7080184920286807,,,,1.0
30,hexane_hl_gap_eV,132,1.0,0.0,0.7080184920286807,0.7080184920286807,,,,1.0
30,hexane_hl_gap_eV,133,1.0,0.0,0.7080184920286807,0.7080184920286807,,,,1.0
30,hexane_hl_gap_eV,134,1.0,0.0,0.7080184920286807,0.7080184920286807,,,,1.0
30,hexane_hl_gap_eV,135,1.0,0.0,0.7080184920286807,0.7080184920286807,,,,1.0
30,hexane_hl_gap_eV,136,1.0,0.0,0.7080184920286807,0.7080184920286807,,,,1.0
30,hexane_hl_gap_eV,137,1.0,0.0,0.7080184920286807,0.7080184920286807,,,,1.0
30,hexane_hl_gap_eV,138,1.0,0.0,0.7080184920286807,0.7080184920286807,,,,1.0
30,hexane_hl_gap_eV,139,1.0,0.0,0.7080184920286807,0.7080184920286807,,,,1.0
30,hexane_hl_gap_eV,140,1.0,0.0,0.7080184920286807,0.7080184920286807,,,,1.0
30,hexane_hl_gap_eV,141,1.0,0.0,0.7080184920286807,0.7080184920286807,,,,1.0
30,hexane_hl_gap_eV,142,1.0,0.0,0.7080184920286807,0.7080184920286807,,,,1.0
30,hexane_hl_gap_eV,143,1.0,0.0,0.7080184920286807,0.7080184920286807,,,,1.0
30,hexane_hl_gap_eV,144,1.0,0.0,0.7080184920286807,0.7080184920286807,,,,1.0
30,hexane_hl_gap_eV,145,1.0,0.0,0.7080184920286807,0.7080184920286807,,,,1.0
30,hexane_hl_gap_eV,146,1.0,0.0,0.7080184920286807,0.7080184920286807,,,,1.0
30,hexane_hl_gap_eV,147,1.0,0.0,0.7080184920286807,0.7080184920286807,,,,1.0
30,hexane_hl_gap_eV,148,1.0,0.0,0.7080184920286807,0.7080184920286807,,,,1.0
30,hexane_hl_gap_eV,149,1.0,0.0,0.7080184920286807,0.7080184920286807,,,,1.0
30,hexane_hl_gap_eV,150,1.0,0.0,0.7080184920286807,0.7080184920286807,,,,1.0
30,hexane_hl_gap_eV,151,1.0,0.0,0.7080184920286807,0.7080184920286807,,,,1.0
30,hexane_hl_gap_eV,152,1.0,0.0,0.7080184920286807,0.7080184920286807,,,,1.0
30,hexane_hl_gap_eV,153,1.0,0.0,0.7080184920286807,0.7080184920286807,,,,1.0
30,hexane_hl_gap_eV,154,1.0,0.0,0.7080184920286807,0.7080184920286807,,,,1.0
30,hexane_hl_gap_eV,155,1.0,0.0,0.7080184920286807,0.7080184920286807,,,,1.0
30,hexane_hl_gap_eV,156,1.0,0.0,0.7080184920286807,0.7080184920286807,,,,1.0
30,hexane_hl_gap_eV,157,1.0,0.0,0.7080184920286807,0.7080184920286807,,,,1.0
30,hexane_hl_gap_eV,158,1.0,0.0,0.7080184920286807,0.7080184920286807,,,,1.0
30,hexane_hl_gap_eV,159,1.0,0.0,0.7080184920286807,0.7080184920286807,,,,1.0
30,hexane_hl_gap_eV,160,1.0,0.0,0.7080184920286807,0.7080184920286807,,,,1.0
30,hexane_hl_gap_eV,161,1.0,0.0,0.7080184920286807,0.7080184920286807,,,,1.0
30,hexane_hl_gap_eV,162,1.0,0.0,0.7080184920286807,0.7080184920286807,,,,1.0
30,hexane_hl_gap_eV,163,1.0,0.0,0.7080184920286807,0.7080184920286807,,,,1.0
30,hexane_hl_gap_eV,164,1.0,0.0,0.7080184920286807,0.7080184920286807,,,,1.0
30,hexane_hl_gap_eV,165,1.0,0.0,0.7080184920286807,0.7080184920286807,,,,1.0
30,hexane_hl_gap_eV,166,1.0,0.0,0.7080184920286807,0.7080184920286807,,,,1.0
30,hexane_hl_gap_eV,167,1.0,0.0,0.7080184920286807,0.7080184920286807,,,,1.0
30,hexane_hl_gap_eV,168,1.0,0.0,0.7080184920286807,0.7080184920286807,,,,1.0
30,hexane_hl_gap_eV,169,1.0,0.0,0.7080184920286807,0.7080184920286807,,,,1.0
30,hexane_hl_gap_eV,170,1.0,0.0,0.7080184920286807,0.7080184920286807,,,,1.0
30,hexane_hl_gap_eV,171,1.0,0.0,0.7080184920286807,0.7080184920286807,,,,1.0
30,hexane_hl_gap_eV,172,1.0,0.0,0.7080184920286807,0.7080184920286807,,,,1.0
30,hexane_hl_gap_eV,173,1.0,0.0,0.7080184920286807,0.7080184920286807,,,,1.0
30,hexane_hl_gap_eV,174,1.0,0.0,0.7080184920286807,0.7080184920286807,,,,1.0
30,hexane_hl_gap_eV,175,1.0,0.0,0.7080184920286807,0.7080184920286807,,,,1.0
30,hexane_hl_gap_eV,176,1.0,0.0,0.7080184920286807,0.7080184920286807,,,,1.0
30,hexane_hl_gap_eV,177,1.0,0.0,0.7080184920286807,0.7080184920286807,,,,1.0
30,hexane_hl_gap_eV,178,1.0,0.0,0.7080184920286807,0.7080184920286807,,,,1.0
30,hexane_hl_gap_eV,179,1.0,0.0,0.7080184920286807,0.7080184920286807,,,,1.0
30,hexane_hl_gap_eV,180,1.0,0.0,0.7080184920286807,0.7080184920286807,,,,1.0
30,hexane_hl_gap_eV,181,1.0,0.0,0.7080184920286807,0.7080184920286807,,,,1.0
30,hexane_hl_gap_eV,182,1.0,0.0,0.7080184920286807,0.7080184920286807,,,,1.0
30,hexane_hl_gap_eV,183,1.0,0.0,0.7080184920286807,0.7080184920286807,,,,1.0
30,hexane_hl_gap_eV,184,1.0,0.0,0.7080184920286807,0.7080184920286807,,,,1.0
30,hexane_hl_gap_eV,185,1.0,0.0,0.7080184920286807,0.7080184920286807,,,,1.0
30,hexane_hl_gap_eV,186,1.0,0.0,0.7080184920286807,0.7080184920286807,,,,1.0
30,hexane_hl_gap_eV,187,1.0,0.0,0.7080184920286807,0.7080184920286807,,,,1.0
30,hexane_hl_gap_eV,188,1.0,0.0,0.7080184920286807,0.7080184920286807,,,,1.0
30,hexane_hl_gap_eV,189,1.0,0.0,0.7080184920286807,0.7080184920286807,,,,1.0
30,hexane_hl_gap_eV,190,1.0,0.0,0.7080184920286807,0.7080184920286807,,,,1.0
30,hexane_hl_gap_eV,191,1.0,0.0,0.7080184920286807,0.7080184920286807,,,,1.0
30,hexane_hl_gap_eV,192,1.0,0.0,0.7080184920286807,0.7080184920286807,,,,1.0
30,hexane_hl_gap_eV,193,1.0,0.0,0.7080184920286807,0.7080184920286807,,,,1.0
30,hexane_hl_gap_eV,194,1.0,0.0,0.7080184920286807,0.7080184920286807,,,,1.0
30,hexane_hl_gap_eV,195,1.0,0.0,0.7080184920286807,0.7080184920286807,,,,1.0
30,hexane_hl_gap_eV,196,1.0,0.0,0.7080184920286807,0.7080184920286807,,,,1.0
30,hexane_hl_gap_eV,197,1.0,0.0,0.7080184920286807,0.7080184920286807,,,,1.0
30,hexane_hl_gap_eV,198,1.0,0.0,0.7080184920286807,0.7080184920286807,,,,1.0
30,hexane_hl_gap_eV,199,1.0,0.0,0.7080184920286807,0.7080184920286807,,,,1.0
30,hexane_hl_gap_eV,200,1.0,0.0,0.7080184920286807,0.7080184920286807,,,,1.0
30,hexane_hl_gap_eV,201,1.0,0.0,0.7080184920286807,0.7080184920286807,,,,1.0
30,hexane_hl_gap_eV,202,1.0,0.0,0.7080184920286807,0.7080184920286807,,,,1.0
30,hexane_hl_gap_eV,203,1.0,0.0,0.7080184920286807,0.7080184920286807,,,,1.0
30,hexane_hl_gap_eV,204,1.0,0.0,0.7080184920286807,0.7080184920286807,,,,1.0
30,hexane_hl_gap_eV,205,1.0,0.0,0.7080184920286807,0.7080184920286807,,,,1.0
30,hexane_hl_gap_eV,206,1.0,0.0,0.7080184920286807,0.7080184920286807,,,,1.0
30,hexane_hl_gap_eV,207,1.0,0.0,0.7080184920286807,0.7080184920286807,,,,1.0
30,hexane_hl_gap_eV,208,1.0,0.0,0.7080184920286807,0.7080184920286807,,,,1.0
30,hexane_hl_gap_eV,209,1.0,0.0,0.7080184920286807,0.7080184920286807,,,,1.0
30,hexane_hl_gap_eV,210,1.0,0.0,0.7080184920286807,0.7080184920286807,,,,1.0
30,hexane_hl_gap_eV,211,1.0,0.0,0.7080184920286807,0.7080184920286807,,,,1.0
30,hexane_hl_gap_eV,212,1.0,0.0,0.7080184920286807,0.7080184920286807,,,,1.0
30,hexane_hl_gap_eV,213,1.0,0.0,0.7080184920286807,0.7080184920286807,,,,1.0
30,hexane_hl_gap_eV,214,1.0,0.0,0.7080184920286807,0.7080184920286807,,,,1.0
30,hexane_hl_gap_eV,215,1.0,0.0,0.7080184920286807,0.7080184920286807,,,,1.0
30,hexane_hl_gap_eV,216,1.0,0.0,0.7080184920286807,0.7080184920286807,,,,1.0
30,hexane_hl_gap_eV,217,1.0,0.0,0.7080184920286807,0.7080184920286807,,,,1.0
30,hexane_hl_gap_eV,218,1.0,0.0,0.7080184920286807,0.7080184920286807,,,,1.0
30,hexane_hl_gap_eV,219,1.0,0.0,0.7080184920286807,0.7080184920286807,,,,1.0
30,hexane_hl_gap_eV,220,1.0,0.0,0.7080184920286807,0.7080184920286807,,,,1.0
30,hexane_hl_gap_eV,221,1.0,0.0,0.7080184920286807,0.7080184920286807,,,,1.0
30,hexane_hl_gap_eV,222,1.0,0.0,0.7080184920286807,0.7080184920286807,,,,1.0
30,hexane_hl_gap_eV,223,1.0,0.0,0.7080184920286807,0.7080184920286807,,,,1.0
30,hexane_hl_gap_eV,224,1.0,0.0,0.7080184920286807,0.7080184920286807,,,,1.0
30,hexane_hl_gap_eV,225,1.0,0.0,0.7080184920286807,0.7080184920286807,,,,1.0
30,hexane_hl_gap_eV,226,1.0,0.0,0.7080184920286807,0.7080184920286807,,,,1.0
30,hexane_hl_gap_eV,227,1.0,0.0,0.7080184920286807,0.7080184920286807,,,,1.0
30,hexane_hl_gap_eV,228,1.0,0.0,0.7080184920286807,0.7080184920286807,,,,1.0
30,hexane_hl_gap_eV,229,1.0,0.0,0.7080184920286807,0.7080184920286807,,,,1.0
30,hexane_hl_gap_eV,230,1.0,0.0,0.7080184920286807,0.7080184920286807,,,,1.0
30,hexane_hl_gap_eV,231,1.0,0.0,0.7080184920286807,0.7080184920286807,,,,1.0
30,hexane_hl_gap_eV,232,1.0,0.0,0.7080184920286807,0.7080184920286807,,,,1.0
30,hexane_hl_gap_eV,233,1.0,0.0,0.7080184920286807,0.7080184920286807,,,,1.0
30,hexane_hl_gap_eV,234,1.0,0.0,0.7080184920286807,0.7080184920286807,,,,1.0
30,hexane_hl_gap_eV,235,1.0,0.0,0.7080184920286807,0.7080184920286807,,,,1.0
30,hexane_hl_gap_eV,236,1.0,0.0,0.7080184920286807,0.7080184920286807,,,,1.0
30,hexane_hl_gap_eV,237,1.0,0.0,0.7080184920286807,0.7080184920286807,,,,1.0
30,hexane_hl_gap_eV,238,1.0,0.0,0.7080184920286807,0.7080184920286807,,,,1.0
30,hexane_hl_gap_eV,239,1.0,0.0,0.7080184920286807,0.7080184920286807,,,,1.0
30,hexane_hl_gap_eV,240,1.0,0.0,0.7080184920286807,0.7080184920286807,,,,1.0
30,hexane_hl_gap_eV,241,1.0,0.0,0.7080184920286807,0.7080184920286807,,,,1.0
30,hexane_hl_gap_eV,242,1.0,0.0,0.7080184920286807,0.7080184920286807,,,,1.0
30,hexane_hl_gap_eV,243,1.0,0.0,0.7080184920286807,0.7080184920286807,,,,1.0
30,hexane_hl_gap_eV,244,1.0,0.0,0.7080184920286807,0.7080184920286807,,,,1.0
30,hexane_hl_gap_eV,245,1.0,0.0,0.7080184920286807,0.7080184920286807,,,,1.0
30,hexane_hl_gap_eV,246,1.0,0.0,0.7080184920286807,0.7080184920286807,,,,1.0
30,hexane_hl_gap_eV,247,1.0,0.0,0.7080184920286807,0.7080184920286807,,,,1.0
30,hexane_hl_gap_eV,248,1.0,0.0,0.7080184920286807,0.7080184920286807,,,,1.0
30,hexane_hl_gap_eV,249,1.0,0.0,0.7080184920286807,0.7080184920286807,,,,1.0
30,hexane_dipole,0,0.9999998807907104,0.0,0.5854046043381429,0.5854046043381429,,,,1.0
30,hexane_dipole,1,0.9999998807907104,0.0,0.5854046043381429,0.5854046043381429,,,,1.0
30,hexane_dipole,2,0.9999998807907104,0.0,0.5854046043381429,0.5854046043381429,,,,1.0
30,hexane_dipole,3,0.9999998807907104,0.0,0.5854046043381429,0.5854046043381429,,,,1.0
30,hexane_dipole,4,0.9999998807907104,0.0,0.5854046043381429,0.5854046043381429,,,,1.0
30,hexane_dipole,5,0.9999998807907104,0.0,0.5854046043381429,0.5854046043381429,,,,1.0
30,hexane_dipole,6,0.9999998807907104,0.0,0.5854046043381429,0.5854046043381429,,,,1.0
30,hexane_dipole,7,0.9999998807907104,0.0,0.5854046043381429,0.5854046043381429,,,,1.0
30,hexane_dipole,8,0.9999998807907104,0.0,0.5854046043381429,0.5854046043381429,,,,1.0
30,hexane_dipole,9,0.9999998807907104,0.0,0.5854046043381429,0.5854046043381429,,,,1.0
30,hexane_dipole,10,0.9999998807907104,0.0,0.5854046043381429,0.5854046043381429,,,,1.0
30,hexane_dipole,11,0.9999998807907104,0.0,0.5854046043381429,0.5854046043381429,,,,1.0
30,hexane_dipole,12,0.9999998807907104,0.0,0.5854046043381429,0.5854046043381429,,,,1.0
30,hexane_dipole,13,0.9999998807907104,0.0,0.5854046043381429,0.5854046043381429,,,,1.0
30,hexane_dipole,14,0.9999998807907104,0.0,0.5854046043381429,0.5854046043381429,,,,1.0
30,hexane_dipole,15,0.9999998807907104,0.0,0.5854046043381429,0.5854046043381429,,,,1.0
30,hexane_dipole,16,0.9999998807907104,0.0,0.5854046043381429,0.5854046043381429,,,,1.0
30,hexane_dipole,17,0.9999998807907104,0.0,0.5854046043381429,0.5854046043381429,,,,1.0
30,hexane_dipole,18,0.9999998807907104,0.0,0.5854046043381429,0.5854046043381429,,,,1.0
30,hexane_dipole,19,0.9999998807907104,0.0,0.5854046043381429,0.5854046043381429,,,,1.0
30,hexane_dipole,20,0.9999998807907104,0.0,0.5854046043381429,0.5854046043381429,,,,1.0
30,hexane_dipole,21,0.9999998807907104,0.0,0.5854046043381429,0.5854046043381429,,,,1.0
30,hexane_dipole,22,0.9999998807907104,0.0,0.5854046043381429,0.5854046043381429,,,,1.0
30,hexane_dipole,23,0.9999998807907104,0.0,0.5854046043381429,0.5854046043381429,,,,1.0
30,hexane_dipole,24,0.9999998807907104,0.0,0.5854046043381429,0.5854046043381429,,,,1.0
30,hexane_dipole,25,0.9999998807907104,0.0,0.5854046043381429,0.5854046043381429,,,,1.0
30,hexane_dipole,26,0.9999998807907104,0.0,0.5854046043381429,0.5854046043381429,,,,1.0
30,hexane_dipole,27,0.9999998807907104,0.0,0.5854046043381429,0.5854046043381429,,,,1.0
30,hexane_dipole,28,0.9999998807907104,0.0,0.5854046043381429,0.5854046043381429,,,,1.0
30,hexane_dipole,29,0.9999998807907104,0.0,0.5854046043381429,0.5854046043381429,,,,1.0
30,hexane_dipole,30,0.9999998807907104,0.0,0.5854046043381429,0.5854046043381429,,,,1.0
30,hexane_dipole,31,0.9999998807907104,0.0,0.5854046043381429,0.5854046043381429,,,,1.0
30,hexane_dipole,32,0.9999998807907104,0.0,0.5854046043381429,0.5854046043381429,,,,1.0
30,hexane_dipole,33,0.9999998807907104,0.0,0.5854046043381429,0.5854046043381429,,,,1.0
30,hexane_dipole,34,0.9999998807907104,0.0,0.5854046043381429,0.5854046043381429,,,,1.0
30,hexane_dipole,35,0.9999998807907104,0.0,0.5854046043381429,0.5854046043381429,,,,1.0
30,hexane_dipole,36,0.9999998807907104,0.0,0.5854046043381429,0.5854046043381429,,,,1.0
30,hexane_dipole,37,0.9999998807907104,0.0,0.5854046043381429,0.5854046043381429,,,,1.0
30,hexane_dipole,38,0.9999998807907104,0.0,0.5854046043381429,0.5854046043381429,,,,1.0
30,hexane_dipole,39,0.9999998807907104,0.0,0.5854046043381429,0.5854046043381429,,,,1.0
30,hexane_dipole,40,0.9999998807907104,0.0,0.5854046043381429,0.5854046043381429,,,,1.0
30,hexane_dipole,41,0.9999998807907104,0.0,0.5854046043381429,0.5854046043381429,,,,1.0
30,hexane_dipole,42,0.9999998807907104,0.0,0.5854046043381429,0.5854046043381429,,,,1.0
30,hexane_dipole,43,0.9999998807907104,0.0,0.5854046043381429,0.5854046043381429,,,,1.0
30,hexane_dipole,44,0.9999998807907104,0.0,0.5854046043381429,0.5854046043381429,,,,1.0
30,hexane_dipole,45,0.9999998807907104,0.0,0.5854046043381429,0.5854046043381429,,,,1.0
30,hexane_dipole,46,0.9999998807907104,0.0,0.5854046043381429,0.5854046043381429,,,,1.0
30,hexane_dipole,47,0.9999998807907104,0.0,0.5854046043381429,0.5854046043381429,,,,1.0
30,hexane_dipole,48,0.9999998807907104,0.0,0.5854046043381429,0.5854046043381429,,,,1.0
30,hexane_dipole,49,0.9999998807907104,0.0,0.5854046043381429,0.5854046043381429,,,,1.0
30,hexane_dipole,50,0.9999998807907104,0.0,0.5854046043381429,0.5854046043381429,,,,1.0
30,hexane_dipole,51,0.9999998807907104,0.0,0.5854046043381429,0.5854046043381429,,,,1.0
30,hexane_dipole,52,0.9999998807907104,0.0,0.5854046043381429,0.5854046043381429,,,,1.0
30,hexane_dipole,53,0.9999998807907104,0.0,0.5854046043381429,0.5854046043381429,,,,1.0
30,hexane_dipole,54,0.9999998807907104,0.0,0.5854046043381429,0.5854046043381429,,,,1.0
30,hexane_dipole,55,0.9999998807907104,0.0,0.5854046043381429,0.5854046043381429,,,,1.0
30,hexane_dipole,56,0.9999998807907104,0.0,0.5854046043381429,0.5854046043381429,,,,1.0
30,hexane_dipole,57,0.9999998807907104,0.0,0.5854046043381429,0.5854046043381429,,,,1.0
30,hexane_dipole,58,0.9999998807907104,0.0,0.5854046043381429,0.5854046043381429,,,,1.0
30,hexane_dipole,59,0.9999998807907104,0.0,0.5854046043381429,0.5854046043381429,,,,1.0
30,hexane_dipole,60,0.9999998807907104,0.0,0.5854046043381429,0.5854046043381429,,,,1.0
30,hexane_dipole,61,0.9999998807907104,0.0,0.5854046043381429,0.5854046043381429,,,,1.0
30,hexane_dipole,62,0.9999998807907104,0.0,0.5854046043381429,0.5854046043381429,,,,1.0
30,hexane_dipole,63,0.9999998807907104,0.0,0.5854046043381429,0.5854046043381429,,,,1.0
30,hexane_dipole,64,0.9999998807907104,0.0,0.5854046043381429,0.5854046043381429,,,,1.0
30,hexane_dipole,65,0.9999998807907104,0.0,0.5854046043381429,0.5854046043381429,,,,1.0
30,hexane_dipole,66,0.9999998807907104,0.0,0.5854046043381429,0.5854046043381429,,,,1.0
30,hexane_dipole,67,0.9999998807907104,0.0,0.5854046043381429,0.5854046043381429,,,,1.0
30,hexane_dipole,68,0.9999998807907104,0.0,0.5854046043381429,0.5854046043381429,,,,1.0
30,hexane_dipole,69,0.9999998807907104,0.0,0.5854046043381429,0.5854046043381429,,,,1.0
30,hexane_dipole,70,0.9999998807907104,0.0,0.5854046043381429,0.5854046043381429,,,,1.0
30,hexane_dipole,71,0.9999998807907104,0.0,0.5854046043381429,0.5854046043381429,,,,1.0
30,hexane_dipole,72,0.9999998807907104,0.0,0.5854046043381429,0.5854046043381429,,,,1.0
30,hexane_dipole,73,0.9999998807907104,0.0,0.5854046043381429,0.5854046043381429,,,,1.0
30,hexane_dipole,74,0.9999998807907104,0.0,0.5854046043381429,0.5854046043381429,,,,1.0
30,hexane_dipole,75,0.9999998807907104,0.0,0.5854046043381429,0.5854046043381429,,,,1.0
30,hexane_dipole,76,0.9999998807907104,0.0,0.5854046043381429,0.5854046043381429,,,,1.0
30,hexane_dipole,77,0.9999998807907104,0.0,0.5854046043381429,0.5854046043381429,,,,1.0
30,hexane_dipole,78,0.9999998807907104,0.0,0.5854046043381429,0.5854046043381429,,,,1.0
30,hexane_dipole,79,0.9999998807907104,0.0,0.5854046043381429,0.5854046043381429,,,,1.0
30,hexane_dipole,80,0.9999998807907104,0.0,0.5854046043381429,0.5854046043381429,,,,1.0
30,hexane_dipole,81,0.9999998807907104,0.0,0.5854046043381429,0.5854046043381429,,,,1.0
30,hexane_dipole,82,0.9999998807907104,0.0,0.5854046043381429,0.5854046043381429,,,,1.0
30,hexane_dipole,83,0.9999998807907104,0.0,0.5854046043381429,0.5854046043381429,,,,1.0
30,hexane_dipole,84,0.9999998807907104,0.0,0.5854046043381429,0.5854046043381429,,,,1.0
30,hexane_dipole,85,0.9999998807907104,0.0,0.5854046043381429,0.5854046043381429,,,,1.0
30,hexane_dipole,86,0.9999998807907104,0.0,0.5854046043381429,0.5854046043381429,,,,1.0
30,hexane_dipole,87,0.9999998807907104,0.0,0.5854046043381429,0.5854046043381429,,,,1.0
30,hexane_dipole,88,0.9999998807907104,0.0,0.5854046043381429,0.5854046043381429,,,,1.0
30,hexane_dipole,89,0.9999998807907104,0.0,0.5854046043381429,0.5854046043381429,,,,1.0
30,hexane_dipole,90,0.9999998807907104,0.0,0.5854046043381429,0.5854046043381429,,,,1.0
30,hexane_dipole,91,0.9999998807907104,0.0,0.5854046043381429,0.5854046043381429,,,,1.0
30,hexane_dipole,92,0.9999998807907104,0.0,0.5854046043381429,0.5854046043381429,,,,1.0
30,hexane_dipole,93,0.9999998807907104,0.0,0.5854046043381429,0.5854046043381429,,,,1.0
30,hexane_dipole,94,0.9999998807907104,0.0,0.5854046043381429,0.5854046043381429,,,,1.0
30,hexane_dipole,95,0.9999998807907104,0.0,0.5854046043381429,0.5854046043381429,,,,1.0
30,hexane_dipole,96,0.9999998807907104,0.0,0.5854046043381429,0.5854046043381429,,,,1.0
30,hexane_dipole,97,0.9999998807907104,0.0,0.5854046043381429,0.5854046043381429,,,,1.0
30,hexane_dipole,98,0.9999998807907104,0.0,0.5854046043381429,0.5854046043381429,,,,1.0
30,hexane_dipole,99,0.9999998807907104,0.0,0.5854046043381429,0.5854046043381429,,,,1.0
30,hexane_dipole,100,0.9999998807907104,0.0,0.5854046043381429,0.5854046043381429,,,,1.0
30,hexane_dipole,101,0.9999998807907104,0.0,0.5854046043381429,0.5854046043381429,,,,1.0
30,hexane_dipole,102,0.9999998807907104,0.0,0.5854046043381429,0.5854046043381429,,,,1.0
30,hexane_dipole,103,0.9999998807907104,0.0,0.5854046043381429,0.5854046043381429,,,,1.0
30,hexane_dipole,104,0.9999998807907104,0.0,0.5854046043381429,0.5854046043381429,,,,1.0
30,hexane_dipole,105,0.9999998807907104,0.0,0.5854046043381429,0.5854046043381429,,,,1.0
30,hexane_dipole,106,0.9999998807907104,0.0,0.5854046043381429,0.5854046043381429,,,,1.0
30,hexane_dipole,107,0.9999998807907104,0.0,0.5854046043381429,0.5854046043381429,,,,1.0
30,hexane_dipole,108,0.9999998807907104,0.0,0.5854046043381429,0.5854046043381429,,,,1.0
30,hexane_dipole,109,0.9999998807907104,0.0,0.5854046043381429,0.5854046043381429,,,,1.0
30,hexane_dipole,110,0.9999998807907104,0.0,0.5854046043381429,0.5854046043381429,,,,1.0
30,hexane_dipole,111,0.9999998807907104,0.0,0.5854046043381429,0.5854046043381429,,,,1.0
30,hexane_dipole,112,0.9999998807907104,0.0,0.5854046043381429,0.5854046043381429,,,,1.0
30,hexane_dipole,113,0.9999998807907104,0.0,0.5854046043381429,0.5854046043381429,,,,1.0
30,hexane_dipole,114,0.9999998807907104,0.0,0.5854046043381429,0.5854046043381429,,,,1.0
30,hexane_dipole,115,0.9999998807907104,0.0,0.5854046043381429,0.5854046043381429,,,,1.0
30,hexane_dipole,116,0.9999998807907104,0.0,0.5854046043381429,0.5854046043381429,,,,1.0
30,hexane_dipole,117,0.9999998807907104,0.0,0.5854046043381429,0.5854046043381429,,,,1.0
30,hexane_dipole,118,0.9999998807907104,0.0,0.5854046043381429,0.5854046043381429,,,,1.0
30,hexane_dipole,119,0.9999998807907104,0.0,0.5854046043381429,0.5854046043381429,,,,1.0
30,hexane_dipole,120,0.9999998807907104,0.0,0.5854046043381429,0.5854046043381429,,,,1.0
30,hexane_dipole,121,0.9999998807907104,0.0,0.5854046043381429,0.5854046043381429,,,,1.0
30,hexane_dipole,122,0.9999998807907104,0.0,0.5854046043381429,0.5854046043381429,,,,1.0
30,hexane_dipole,123,0.9999998807907104,0.0,0.5854046043381429,0.5854046043381429,,,,1.0
30,hexane_dipole,124,0.9999998807907104,0.0,0.5854046043381429,0.5854046043381429,,,,1.0
30,hexane_dipole,125,0.9999998807907104,0.0,0.5854046043381429,0.5854046043381429,,,,1.0
30,hexane_dipole,126,0.9999998807907104,0.0,0.5854046043381429,0.5854046043381429,,,,1.0
30,hexane_dipole,127,0.9999998807907104,0.0,0.5854046043381429,0.5854046043381429,,,,1.0
30,hexane_dipole,128,0.9999998807907104,0.0,0.5854046043381429,0.5854046043381429,,,,1.0
30,hexane_dipole,129,0.9999998807907104,0.0,0.5854046043381429,0.5854046043381429,,,,1.0
30,hexane_dipole,130,0.9999998807907104,0.0,0.5854046043381429,0.5854046043381429,,,,1.0
30,hexane_dipole,131,0.9999998807907104,0.0,0.5854046043381429,0.5854046043381429,,,,1.0
30,hexane_dipole,132,0.9999998807907104,0.0,0.5854046043381429,0.5854046043381429,,,,1.0
30,hexane_dipole,133,0.9999998807907104,0.0,0.5854046043381429,0.5854046043381429,,,,1.0
30,hexane_dipole,134,0.9999998807907104,0.0,0.5854046043381429,0.5854046043381429,,,,1.0
30,hexane_dipole,135,0.9999998807907104,0.0,0.5854046043381429,0.5854046043381429,,,,1.0
30,hexane_dipole,136,0.9999998807907104,0.0,0.5854046043381429,0.5854046043381429,,,,1.0
30,hexane_dipole,137,0.9999998807907104,0.0,0.5854046043381429,0.5854046043381429,,,,1.0
30,hexane_dipole,138,0.9999998807907104,0.0,0.5854046043381429,0.5854046043381429,,,,1.0
30,hexane_dipole,139,0.9999998807907104,0.0,0.5854046043381429,0.5854046043381429,,,,1.0
30,hexane_dipole,140,0.9999998807907104,0.0,0.5854046043381429,0.5854046043381429,,,,1.0
30,hexane_dipole,141,0.9999998807907104,0.0,0.5854046043381429,0.5854046043381429,,,,1.0
30,hexane_dipole,142,0.9999998807907104,0.0,0.5854046043381429,0.5854046043381429,,,,1.0
30,hexane_dipole,143,0.9999998807907104,0.0,0.5854046043381429,0.5854046043381429,,,,1.0
30,hexane_dipole,144,0.9999998807907104,0.0,0.5854046043381429,0.5854046043381429,,,,1.0
30,hexane_dipole,145,0.9999998807907104,0.0,0.5854046043381429,0.5854046043381429,,,,1.0
30,hexane_dipole,146,0.9999998807907104,0.0,0.5854046043381429,0.5854046043381429,,,,1.0
30,hexane_dipole,147,0.9999998807907104,0.0,0.5854046043381429,0.5854046043381429,,,,1.0
30,hexane_dipole,148,0.9999998807907104,0.0,0.5854046043381429,0.5854046043381429,,,,1.0
30,hexane_dipole,149,0.9999998807907104,0.0,0.5854046043381429,0.5854046043381429,,,,1.0
30,hexane_dipole,150,0.9999998807907104,0.0,0.5854046043381429,0.5854046043381429,,,,1.0
30,hexane_dipole,151,0.9999998807907104,0.0,0.5854046043381429,0.5854046043381429,,,,1.0
30,hexane_dipole,152,0.9999998807907104,0.0,0.5854046043381429,0.5854046043381429,,,,1.0
30,hexane_dipole,153,0.9999998807907104,0.0,0.5854046043381429,0.5854046043381429,,,,1.0
30,hexane_dipole,154,0.9999998807907104,0.0,0.5854046043381429,0.5854046043381429,,,,1.0
30,hexane_dipole,155,0.9999998807907104,0.0,0.5854046043381429,0.5854046043381429,,,,1.0
30,hexane_dipole,156,0.9999998807907104,0.0,0.5854046043381429,0.5854046043381429,,,,1.0
30,hexane_dipole,157,0.9999998807907104,0.0,0.5854046043381429,0.5854046043381429,,,,1.0
30,hexane_dipole,158,0.9999998807907104,0.0,0.5854046043381429,0.5854046043381429,,,,1.0
30,hexane_dipole,159,0.9999998807907104,0.0,0.5854046043381429,0.5854046043381429,,,,1.0
30,hexane_dipole,160,0.9999998807907104,0.0,0.5854046043381429,0.5854046043381429,,,,1.0
30,hexane_dipole,161,0.9999998807907104,0.0,0.5854046043381429,0.5854046043381429,,,,1.0
30,hexane_dipole,162,0.9999998807907104,0.0,0.5854046043381429,0.5854046043381429,,,,1.0
30,hexane_dipole,163,0.9999998807907104,0.0,0.5854046043381429,0.5854046043381429,,,,1.0
30,hexane_dipole,164,0.9999998807907104,0.0,0.5854046043381429,0.5854046043381429,,,,1.0
30,hexane_dipole,165,0.9999998807907104,0.0,0.5854046043381429,0.5854046043381429,,,,1.0
30,hexane_dipole,166,0.9999998807907104,0.0,0.5854046043381429,0.5854046043381429,,,,1.0
30,hexane_dipole,167,0.9999998807907104,0.0,0.5854046043381429,0.5854046043381429,,,,1.0
30,hexane_dipole,168,0.9999998807907104,0.0,0.5854046043381429,0.5854046043381429,,,,1.0
30,hexane_dipole,169,0.9999998807907104,0.0,0.5854046043381429,0.5854046043381429,,,,1.0
30,hexane_dipole,170,0.9999998807907104,0.0,0.5854046043381429,0.5854046043381429,,,,1.0
30,hexane_dipole,171,0.9999998807907104,0.0,0.5854046043381429,0.5854046043381429,,,,1.0
30,hexane_dipole,172,0.9999998807907104,0.0,0.5854046043381429,0.5854046043381429,,,,1.0
30,hexane_dipole,173,0.9999998807907104,0.0,0.5854046043381429,0.5854046043381429,,,,1.0
30,hexane_dipole,174,0.9999998807907104,0.0,0.5854046043381429,0.5854046043381429,,,,1.0
30,hexane_dipole,175,0.9999998807907104,0.0,0.5854046043381429,0.5854046043381429,,,,1.0
30,hexane_dipole,176,0.9999998807907104,0.0,0.5854046043381429,0.5854046043381429,,,,1.0
30,hexane_dipole,177,0.9999998807907104,0.0,0.5854046043381429,0.5854046043381429,,,,1.0
30,hexane_dipole,178,0.9999998807907104,0.0,0.5854046043381429,0.5854046043381429,,,,1.0
30,hexane_dipole,179,0.9999998807907104,0.0,0.5854046043381429,0.5854046043381429,,,,1.0
30,hexane_dipole,180,0.9999998807907104,0.0,0.5854046043381429,0.5854046043381429,,,,1.0
30,hexane_dipole,181,0.9999998807907104,0.0,0.5854046043381429,0.5854046043381429,,,,1.0
30,hexane_dipole,182,0.9999998807907104,0.0,0.5854046043381429,0.5854046043381429,,,,1.0
30,hexane_dipole,183,0.9999998807907104,0.0,0.5854046043381429,0.5854046043381429,,,,1.0
30,hexane_dipole,184,0.9999998807907104,0.0,0.5854046043381429,0.5854046043381429,,,,1.0
30,hexane_dipole,185,0.9999998807907104,0.0,0.5854046043381429,0.5854046043381429,,,,1.0
30,hexane_dipole,186,0.9999998807907104,0.0,0.5854046043381429,0.5854046043381429,,,,1.0
30,hexane_dipole,187,0.9999998807907104,0.0,0.5854046043381429,0.5854046043381429,,,,1.0
30,hexane_dipole,188,0.9999998807907104,0.0,0.5854046043381429,0.5854046043381429,,,,1.0
30,hexane_dipole,189,0.9999998807907104,0.0,0.5854046043381429,0.5854046043381429,,,,1.0
30,hexane_dipole,190,0.9999998807907104,0.0,0.5854046043381429,0.5854046043381429,,,,1.0
30,hexane_dipole,191,0.9999998807907104,0.0,0.5854046043381429,0.5854046043381429,,,,1.0
30,hexane_dipole,192,0.9999998807907104,0.0,0.5854046043381429,0.5854046043381429,,,,1.0
30,hexane_dipole,193,0.9999998807907104,0.0,0.5854046043381429,0.5854046043381429,,,,1.0
30,hexane_dipole,194,0.9999998807907104,0.0,0.5854046043381429,0.5854046043381429,,,,1.0
30,hexane_dipole,195,0.9999998807907104,0.0,0.5854046043381429,0.5854046043381429,,,,1.0
30,hexane_dipole,196,0.9999998807907104,0.0,0.5854046043381429,0.5854046043381429,,,,1.0
30,hexane_dipole,197,0.9999998807907104,0.0,0.5854046043381429,0.5854046043381429,,,,1.0
30,hexane_dipole,198,0.9999998807907104,0.0,0.5854046043381429,0.5854046043381429,,,,1.0
30,hexane_dipole,199,0.9999998807907104,0.0,0.5854046043381429,0.5854046043381429,,,,1.0
30,hexane_dipole,200,0.9999998807907104,0.0,0.5854046043381429,0.5854046043381429,,,,1.0
30,hexane_dipole,201,0.9999998807907104,0.0,0.5854046043381429,0.5854046043381429,,,,1.0
30,hexane_dipole,202,0.9999998807907104,0.0,0.5854046043381429,0.5854046043381429,,,,1.0
30,hexane_dipole,203,0.9999998807907104,0.0,0.5854046043381429,0.5854046043381429,,,,1.0
30,hexane_dipole,204,0.9999998807907104,0.0,0.5854046043381429,0.5854046043381429,,,,1.0
30,hexane_dipole,205,0.9999998807907104,0.0,0.5854046043381429,0.5854046043381429,,,,1.0
30,hexane_dipole,206,0.9999998807907104,0.0,0.5854046043381429,0.5854046043381429,,,,1.0
30,hexane_dipole,207,0.9999998807907104,0.0,0.5854046043381429,0.5854046043381429,,,,1.0
30,hexane_dipole,208,0.9999998807907104,0.0,0.5854046043381429,0.5854046043381429,,,,1.0
30,hexane_dipole,209,0.9999998807907104,0.0,0.5854046043381429,0.5854046043381429,,,,1.0
30,hexane_dipole,210,0.9999998807907104,0.0,0.5854046043381429,0.5854046043381429,,,,1.0
30,hexane_dipole,211,0.9999998807907104,0.0,0.5854046043381429,0.5854046043381429,,,,1.0
30,hexane_dipole,212,0.9999998807907104,0.0,0.5854046043381429,0.5854046043381429,,,,1.0
30,hexane_dipole,213,0.9999998807907104,0.0,0.5854046043381429,0.5854046043381429,,,,1.0
30,hexane_dipole,214,0.9999998807907104,0.0,0.5854046043381429,0.5854046043381429,,,,1.0
30,hexane_dipole,215,0.9999998807907104,0.0,0.5854046043381429,0.5854046043381429,,,,1.0
30,hexane_dipole,216,0.9999998807907104,0.0,0.5854046043381429,0.5854046043381429,,,,1.0
30,hexane_dipole,217,0.9999998807907104,0.0,0.5854046043381429,0.5854046043381429,,,,1.0
30,hexane_dipole,218,0.9999998807907104,0.0,0.5854046043381429,0.5854046043381429,,,,1.0
30,hexane_dipole,219,0.9999998807907104,0.0,0.5854046043381429,0.5854046043381429,,,,1.0
30,hexane_dipole,220,0.9999998807907104,0.0,0.5854046043381429,0.5854046043381429,,,,1.0
30,hexane_dipole,221,0.9999998807907104,0.0,0.5854046043381429,0.5854046043381429,,,,1.0
30,hexane_dipole,222,0.9999998807907104,0.0,0.5854046043381429,0.5854046043381429,,,,1.0
30,hexane_dipole,223,0.9999998807907104,0.0,0.5854046043381429,0.5854046043381429,,,,1.0
30,hexane_dipole,224,0.9999998807907104,0.0,0.5854046043381429,0.5854046043381429,,,,1.0
30,hexane_dipole,225,0.9999998807907104,0.0,0.5854046043381429,0.5854046043381429,,,,1.0
30,hexane_dipole,226,0.9999998807907104,0.0,0.5854046043381429,0.5854046043381429,,,,1.0
30,hexane_dipole,227,0.9999998807907104,0.0,0.5854046043381429,0.5854046043381429,,,,1.0
30,hexane_dipole,228,0.9999998807907104,0.0,0.5854046043381429,0.5854046043381429,,,,1.0
30,hexane_dipole,229,0.9999998807907104,0.0,0.5854046043381429,0.5854046043381429,,,,1.0
30,hexane_dipole,230,0.9999998807907104,0.0,0.5854046043381429,0.5854046043381429,,,,1.0
30,hexane_dipole,231,0.9999998807907104,0.0,0.5854046043381429,0.5854046043381429,,,,1.0
30,hexane_dipole,232,0.9999998807907104,0.0,0.5854046043381429,0.5854046043381429,,,,1.0
30,hexane_dipole,233,0.9999998807907104,0.0,0.5854046043381429,0.5854046043381429,,,,1.0
30,hexane_dipole,234,0.9999998807907104,0.0,0.5854046043381429,0.5854046043381429,,,,1.0
30,hexane_dipole,235,0.9999998807907104,0.0,0.5854046043381429,0.5854046043381429,,,,1.0
30,hexane_dipole,236,0.9999998807907104,0.0,0.5854046043381429,0.5854046043381429,,,,1.0
30,hexane_dipole,237,0.9999998807907104,0.0,0.5854046043381429,0.5854046043381429,,,,1.0
30,hexane_dipole,238,0.9999998807907104,0.0,0.5854046043381429,0.5854046043381429,,,,1.0
30,hexane_dipole,239,0.9999998807907104,0.0,0.5854046043381429,0.5854046043381429,,,,1.0
30,hexane_dipole,240,0.9999998807907104,0.0,0.5854046043381429,0.5854046043381429,,,,1.0
30,hexane_dipole,241,0.9999998807907104,0.0,0.5854046043381429,0.5854046043381429,,,,1.0
30,hexane_dipole,242,0.9999998807907104,0.0,0.5854046043381429,0.5854046043381429,,,,1.0
30,hexane_dipole,243,0.9999998807907104,0.0,0.5854046043381429,0.5854046043381429,,,,1.0
30,hexane_dipole,244,0.9999998807907104,0.0,0.5854046043381429,0.5854046043381429,,,,1.0
30,hexane_dipole,245,0.9999998807907104,0.0,0.5854046043381429,0.5854046043381429,,,,1.0
30,hexane_dipole,246,0.9999998807907104,0.0,0.5854046043381429,0.5854046043381429,,,,1.0
30,hexane_dipole,247,0.9999998807907104,0.0,0.5854046043381429,0.5854046043381429,,,,1.0
30,hexane_dipole,248,0.9999998807907104,0.0,0.5854046043381429,0.5854046043381429,,,,1.0
30,hexane_dipole,249,0.9999998807907104,0.0,0.5854046043381429,0.5854046043381429,,,,1.0
31,sco_kcal,0,0.1851750910282135,0.03931117430329323,0.6176263211602833,0.9185343002606896,8.200689315795898,0.685343861579895,0.08357149444252304,0.12
31,sco_kcal,1,0.35280394554138184,0.063413105905056,0.5829988029867701,0.8952195854623937,12.025162696838379,3.918253183364868,0.3258378520229954,0.1
31,sco_kcal,2,0.22774101793766022,0.02164963074028492,0.6381035426527828,0.9336383568061375,4.7981767654418945,0.7133349776268005,0.14866792377564794,0.18
31,sco_kcal,3,0.24640019237995148,0.02755884826183319,0.6416340106350584,0.9268748291333739,6.1976141929626465,1.0423858165740967,0.16819146596084014,0.12
31,sco_kcal,4,0.27171793580055237,0.0805916115641594,0.5773090705943345,0.8949965516042517,14.871343612670898,3.7099852561950684,0.2494720956507274,0.06
31,sco_kcal,5,0.4521404504776001,0.02304314821958542,0.6495283590495795,0.9299341113313735,5.183866024017334,2.1909635066986084,0.4226504883705849,0.18
31,sco_kcal,6,0.09187881648540497,0.10071735084056854,0.5935890717861463,0.9393931793187804,19.887998580932617,0.919173538684845,0.04621749820346888,0.08
31,sco_kcal,7,0.16438408195972443,0.046492189168930054,0.6225259430439243,0.9099291335766218,9.73601245880127,1.3516833782196045,0.1388333657068911,0.02
31,sco_kcal,8,0.5620875954627991,0.02682681754231453,0.6370150983754328,0.9037990453974967,5.80260705947876,3.641140937805176,0.627500863057278,0.32
31,sco_kcal,9,0.09176991879940033,0.030420927330851555,0.6142425654008481,0.9511118389187427,6.291292190551758,0.24503503739833832,0.03894828438684363,0.04
31,sco_kcal,10,0.4501399099826813,0.04400699585676193,0.6188790646613718,0.8910785041328546,9.322134017944336,4.223276615142822,0.45303753486201387,0.1
31,sco_kcal,11,0.7942500114440918,0.017901459708809853,0.6356991464032777,0.9273730763164705,3.8680529594421387,3.960944175720215,1.024014980470038,0.34
31,sco_kcal,12,0.28428325057029724,0.1737513691186905,0.6596263885972378,0.97685253677784,40.756019592285156,1.7360939979553223,0.042597241225292605,0.26
31,sco_kcal,13,0.45927658677101135,0.03170084208250046,0.6051814140201015,0.9175518095848787,6.514183521270752,2.392321825027466,0.36724814663508043,0.42
31,sco_kcal,14,0.5781223773956299,0.018688064068555832,0.6463012328885844,0.8919908714960443,4.079412460327148,2.63741135597229,0.646517453584672,0.34
31,sco_kcal,15,0.10017955303192139,0.03298312798142433,0.6490625122291744,0.9604973459749899,7.4294328689575195,0.14126704633235931,0.01901451279311197,0.02
31,sco_kcal,16,0.5714136958122253,0.02939836122095585,0.6361900659673871,0.9026045527847679,6.241276741027832,4.019707679748535,0.6440521461457512,0.34
31,sco_kcal,17,0.35687172412872314,0.03801523521542549,0.6388761672586718,0.914573560139313,8.458364486694336,2.536479949951172,0.29987829845134384,0.18
31,sco_kcal,18,0.16873861849308014,0.028951525688171387,0.6482624731363429,0.9635774328964755,6.523537635803223,0.4366098940372467,0.06692839352087042,0.06
31,sco_kcal,19,0.12313695251941681,0.03168562054634094,0.6096502184535681,0.9554931140676195,6.480502605438232,0.11736393719911575,0.018110314021111212,0.1
31,sco_kcal,20,0.09890000522136688,0.05063631758093834,0.5950899226696982,0.9539778289330698,9.821396827697754,0.6326545476913452,0.06441594396299803,0.04
31,sco_kcal,21,0.6669835448265076,0.021832512691617012,0.6452440675273317,0.9009457002298531,4.67345666885376,3.793553590774536,0.8117232831228894,0.52
31,sco_kcal,22,0.2123575061559677,0.0405116081237793,0.622226173933011,0.9375575740530933,8.574369430541992,0.8067869544029236,0.09409286139796358,0.1
31,sco_kcal,23,0.7072271704673767,0.020540406927466393,0.6722266809727067,0.9015517638086759,4.698657512664795,4.293690204620361,0.9138121246435005,0.52
31,sco_kcal,24,0.11973907053470612,0.02129472978413105,0.6325827362113501,0.9512425201877155,4.553692817687988,0.11876772344112396,0.026081628295126193,0.04
31,sco_kcal,25,0.05804137885570526,0.061649613082408905,0.5809012808929652,0.9525569376981069,11.494155883789062,0.09023252129554749,0.007850295594373148,0.02
31,sco_kcal,26,0.1399213671684265,0.035494957119226456,0.6409370028371668,0.9117925971010141,7.85690975189209,0.5807973742485046,0.07392185892279568,0.06
31,sco_kcal,27,0.12983427941799164,0.011544357053935528,0.6567372165573895,0.9583012696500119,2.6735286712646484,0.155280202627182,0.05808061992981375,0.06
31,sco_kcal,28,0.0819038525223732,0.016679221764206886,0.6479185055997763,0.957520453469995,3.820666790008545,0.12434514611959457,0.03254540449451664,0.04
31,sco_kcal,29,0.45191124081611633,0.022315174341201782,0.6494250148962064,0.9164375740976032,5.0233683586120605,2.1685562133789062,0.4316936482790744,0.16
31,sco_kcal,30,0.4457816183567047,0.027938349172472954,0.6407836519962615,0.8998151158230117,6.233553886413574,2.7737066745758057,0.4449639363223081,0.16
31,sco_kcal,31,0.19263243675231934,0.030214160680770874,0.6254387550666456,0.9215270890193119,6.520517826080322,0.4656362533569336,0.07141093173528543,0.1
31,sco_kcal,32,0.5955170392990112,0.014111436903476715,0.6264552371901486,0.9342781401004325,3.071789026260376,1.394097089767456,0.45383881440081925,0.56
31,sco_kcal,33,0.33957791328430176,0.019415423274040222,0.6538678165525929,0.9372340673201107,4.4490509033203125,1.2023833990097046,0.2702561569058178,0.18
31,sco_kcal,34,0.09851118922233582,0.054337892681360245,0.6095779008881606,0.9263258767852083,10.947413444519043,0.19444192945957184,0.01776144935468036,0.06
31,sco_kcal,35,0.6224402785301208,0.027239905670285225,0.6595119138745704,0.9125005806933955,6.128382205963135,4.274325370788574,0.697463902729419,0.38
31,sco_kcal,36,0.1866169422864914,0.01772276498377323,0.6538541588368647,0.9397077950335149,4.044158458709717,0.4053206741809845,0.10022373710606322,0.08
31,sco_kcal,37,0.8261985778808594,0.02344409003853798,0.6859764702935078,0.9150871800093976,5.5239434242248535,7.196547508239746,1.3027916753599988,0.64
31,sco_kcal,38,0.7408457398414612,0.019681142643094063,0.6690044127109263,0.9060506381230025,4.598724365234375,4.288825511932373,0.9326119965691382,0.64
31,sco_kcal,39,0.16030918061733246,0.0847245529294014,0.6347999571978022,0.8980766541388248,18.734827041625977,3.083085536956787,0.1645643981717383,0.0
31,sco_kcal,40,0.3521989583969116,0.019407518208026886,0.6443926332494914,0.9321678009857026,4.377872943878174,1.0927338600158691,0.24960383136379058,0.22
31,sco_kcal,41,0.5354150533676147,0.018839489668607712,0.6488605091558537,0.9110997864194044,4.299558162689209,2.1631765365600586,0.5031160074380933,0.24
31,sco_kcal,42,0.5193185210227966,0.04233946651220322,0.6292322676990536,0.9016828829638976,8.943960189819336,3.8766558170318604,0.43343840253722854,0.34
31,sco_kcal,43,0.2521990239620209,0.08129236102104187,0.6483286459126134,0.9786600600752031,18.357898712158203,0.6757873296737671,0.03681180184452166,0.24
31,sco_kcal,44,0.2849160432815552,0.02153279446065426,0.6109078408095925,0.9317136747976578,4.494775772094727,0.8930180668830872,0.19867911374517994,0.12
31,sco_kcal,45,0.12140826880931854,0.03449837490916252,0.6389978965990253,0.9498382308824522,7.5615034103393555,0.3078539967536926,0.040713331734102375,0.04
31,sco_kcal,46,0.739581823348999,0.03544475510716438,0.6479499992556166,0.9088131498570695,7.781124591827393,7.845107555389404,1.0082228427018396,0.24
31,sco_kcal,47,0.2790273129940033,0.07935311645269394,0.6078515628243255,0.8910643640672815,16.032163619995117,4.091591835021973,0.255211456918952,0.12
31,sco_kcal,48,0.07729656249284744,0.07425227761268616,0.6025883768009441,0.9461915909431673,14.838386535644531,0.2412325143814087,0.016257327830214146,0.06
31,sco_kcal,49,0.23676998913288116,0.07692315429449081,0.6473343102263742,0.9747034113063848,17.327028274536133,0.5345585346221924,0.030851137664949832,0.14
31,sco_kcal,50,0.4274793267250061,0.02849176898598671,0.6226481203546093,0.9126830383846778,5.919833183288574,2.158717632293701,0.36465852422795714,0.22
31,sco_kcal,51,0.21624013781547546,0.11829688400030136,0.6100420599896923,0.9114194620721487,24.168743133544922,2.551215410232544,0.1055584643411429,0.1
31,sco_kcal,52,0.1239960715174675,0.022283736616373062,0.6432856703234309,0.95619475564653,5.052188873291016,0.314657986164093,0.06228151679513984,0.02
31,sco_kcal,53,0.40111613273620605,0.01821221224963665,0.6348607274759497,0.911517568959531,3.960092306137085,1.3512086868286133,0.3412063614614742,0.18
31,sco_kcal,54,0.19290697574615479,0.028248358517885208,0.6278180272079306,0.925838607213993,6.153141498565674,0.6889004111289978,0.11195913685547192,0.1
31,sco_kcal,55,0.06917500495910645,0.03937441483139992,0.6322425693730667,0.963477962581405,8.60854721069336,0.1352652758359909,0.01571290399243756,0.04
31,sco_kcal,56,0.25422993302345276,0.03627452999353409,0.6315517540025619,0.903697657644819,7.861990451812744,1.757548213005066,0.22355003148087352,0.08
31,sco_kcal,57,0.2400037944316864,0.03814871609210968,0.5929085257653344,0.9142084627815104,7.41750431060791,0.7719979286193848,0.10407785372168052,0.1
31,sco_kcal,58,0.4581000506877899,0.011479698121547699,0.655138333587358,0.9412487284099789,2.613445281982422,1.25328528881073,0.47955290950650925,0.28
31,sco_kcal,59,0.346809059381485,0.026696505025029182,0.6100234261621598,0.9352605907480089,5.47039794921875,0.7517823576927185,0.13742736171508027,0.32
31,sco_kcal,60,0.40630388259887695,0.07797014713287354,0.6640312265983903,0.981063915642916,18.642711639404297,1.09721040725708,0.05885465743824271,0.4
31,sco_kcal,61,0.15168039500713348,0.018984798341989517,0.6027471106105384,0.9483382225789136,3.8584818840026855,0.36987432837486267,0.09586006608152452,0.04
31,sco_kcal,62,0.21448542177677155,0.024826310575008392,0.6452462760213775,0.927262373029212,5.510536193847656,0.8255382776260376,0.14981088020939334,0.08
31,sco_kcal,63,0.10265809297561646,0.022313831374049187,0.6426568854062231,0.9574895180519134,4.992037773132324,0.10723500698804855,0.021481209049578655,0.04
31,sco_kcal,64,0.33591151237487793,0.018387312069535255,0.64398818740081,0.9293697142564927,4.333446502685547,0.9355658888816833,0.21589418221775425,0.18
31,sco_kcal,65,0.16803845763206482,0.04233533889055252,0.6179575517227474,0.9249317571373739,8.866840362548828,0.7276568412780762,0.08206495341356373,0.1
31,sco_kcal,66,0.24177449941635132,0.025501947849988937,0.6511549151034186,0.9322189358209572,5.7583513259887695,0.9768470525741577,0.16964005793905304,0.12
31,sco_kcal,67,0.05650272220373154,0.02497326023876667,0.6254321794603113,0.9592492426018768,5.286178112030029,0.08008356392383575,0.015149615133395796,0.04
31,sco_kcal,68,0.04452889785170555,0.04327581450343132,0.6047281388705781,0.9686552368452892,8.200763702392578,0.08296138793230057,0.010116300254828282,0.0
31,sco_kcal,69,0.5693089365959167,0.02732875384390354,0.6253774493562432,0.8920134302360807,5.509796619415283,3.3150782585144043,0.6016698051671844,0.2
31,sco_kcal,70,0.7855963110923767,0.025585344061255455,0.6935304298298095,0.90998786712075,6.05328369140625,6.844795227050781,1.130757383264265,0.52
31,sco_kcal,71,0.38166293501853943,0.021174727007746696,0.6551158890757061,0.9189693900880951,4.87639045715332,1.5438363552093506,0.3165940809650818,0.26
31,sco_kcal,72,0.7693322896957397,0.02272704988718033,0.6758787759927309,0.9079615796616967,5.095919609069824,5.479851722717285,1.0753410852408525,0.76
31,sco_kcal,73,0.6779896020889282,0.01618284173309803,0.6550741768266042,0.8904608022813147,3.699601173400879,2.7978219985961914,0.756249624611368,0.48
31,sco_kcal,74,0.7311233878135681,0.010602008551359177,0.6877989758894361,0.9121385943488922,2.5049967765808105,2.2169368267059326,0.8850058600602014,0.52
31,sco_kcal,75,0.09616922587156296,0.0300282035022974,0.6347283053517214,0.9487580138478109,6.613241672515869,0.07325980812311172,0.011077745491681324,0.08
31,sco_kcal,76,0.1782730221748352,0.031625159084796906,0.6277868474912323,0.945556452082079,6.8099284172058105,0.37149298191070557,0.05455167208103096,0.08
31,sco_kcal,77,0.3368834853172302,0.02601582184433937,0.6529880550222604,0.9510837369371665,5.896259784698486,0.7701339721679688,0.13061398247183076,0.24
31,sco_kcal,78,0.22126716375350952,0.026673970744013786,0.6312421038153697,0.9196157760659149,5.7624735832214355,0.886335015296936,0.15381155375317868,0.08
31,sco_kcal,79,0.15065495669841766,0.04514269530773163,0.6473094495453495,0.9532364287020234,10.099737167358398,0.29386019706726074,0.029095826178229183,0.08
31,sco_kcal,80,0.2049664705991745,0.06864241510629654,0.589452784560244,0.9300691567439412,12.772801399230957,1.0710080862045288,0.08385068026415987,0.16
31,sco_kcal,81,0.4515001177787781,0.03077416680753231,0.6709736035315483,0.8919354528058898,7.241741180419922,3.621995687484741,0.5001553628121677,0.26
31,sco_kcal,82,0.20683984458446503,0.019831711426377296,0.6518374402919105,0.9514011169556436,4.605597496032715,0.2983236610889435,0.0647741495747123,0.18
31,sco_kcal,83,0.13296018540859222,0.02148307114839554,0.6459064816929874,0.950034747414062,4.867311000823975,0.15972915291786194,0.03281671397016172,0.06
31,sco_kcal,84,0.1772361695766449,0.16475018858909607,0.6483090218619558,0.981678542336277,36.760746002197266,0.839580237865448,0.02283904243442896,0.22
31,sco_kcal,85,0.6301270723342896,0.4825132489204407,0.6696213863266636,0.9254580820402434,115.00725555419922,78.51631164550781,0.6827074628218183,0.6
31,sco_kcal,86,0.0711773931980133,0.04910792410373688,0.622942953960399,0.963201938048754,10.033599853515625,0.08852139115333557,0.008822495659154574,0.04
31,sco_kcal,87,0.05888115614652634,0.1152610033750534,0.6043784336644327,0.9403871948160036,23.03095054626465,0.4844399392604828,0.021034300702758153,0.02
31,sco_kcal,88,0.17601633071899414,0.08685001730918884,0.6492253353426831,0.9794009361594371,19.469736099243164,0.6985875964164734,0.03588069159517931,0.12
31,sco_kcal,89,0.5580970048904419,0.01162113156169653,0.6548218432905799,0.909814189764214,2.67616605758667,1.400557279586792,0.5233446839430418,0.32
31,sco_kcal,90,0.3382563591003418,0.054634224623441696,0.6440645712221604,0.9004005173089342,12.1458158493042,4.072121620178223,0.33526950109419806,0.08
31,sco_kcal,91,0.10405391454696655,0.037502631545066833,0.626617568514743,0.9452094261728574,8.088478088378906,0.1342826783657074,0.016601723698632203,0.04
31,sco_kcal,92,0.12174667418003082,0.04625250771641731,0.6224393516331097,0.9483410662367051,9.584089279174805,0.5074581503868103,0.052947978217342186,0.04
31,sco_kcal,93,0.07162068039178848,0.09374761581420898,0.6345524452974214,0.9485995535188438,20.396867752075195,0.3062310814857483,0.01501363274047762,0.06
31,sco_kcal,94,0.34180423617362976,0.022953500971198082,0.6219920303047028,0.9313726232915063,4.954308032989502,1.3456614017486572,0.271614399586831,0.16
31,sco_kcal,95,0.05145438387989998,0.02296774834394455,0.6396551841812692,0.9649263321582711,5.182810306549072,0.08913442492485046,0.01719808745695727,0.02
31,sco_kcal,96,0.4210505485534668,0.022660881280899048,0.6566562255938093,0.953458641272185,5.347115993499756,0.7751010656356812,0.14495684525601016,0.3
31,sco_kcal,97,0.7174999117851257,0.01842992939054966,0.6798146388326192,0.8862721003525906,4.364374160766602,3.98435115814209,0.9129261175541007,0.56
31,sco_kcal,98,0.27019840478897095,0.019911430776119232,0.611802918450912,0.9152277236698401,4.144007682800293,0.7924282550811768,0.19122268000857018,0.06
31,sco_kcal,99,0.09333360940217972,0.031233783811330795,0.6388027568143464,0.9569090850910913,6.816275119781494,0.2378271371126175,0.03489107069965823,0.04
31,sco_kcal,100,0.1626812368631363,0.03960031643509865,0.6356946154039469,0.95275690528837,8.594438552856445,0.42374715209007263,0.049304809090669005,0.06
31,sco_kcal,101,0.621236264705658,0.028776787221431732,0.6367395608240676,0.8827297881785827,6.16312313079834,3.8934261798858643,0.6317294166052998,0.34
31,sco_kcal,102,0.2006281018257141,0.18949705362319946,0.6477544561109523,0.9800044126772147,42.34243392944336,0.9402274489402771,0.022205323636024565,0.14
31,sco_kcal,103,0.1815565824508667,0.07016441226005554,0.6514849825716533,0.9088822057278065,15.946101188659668,2.3735663890838623,0.14884932442118598,0.02
31,sco_kcal,104,0.3766317069530487,0.017063699662685394,0.6207681279460506,0.9251913041356559,3.73178768157959,0.9519386887550354,0.25508918780505196,0.16
31,sco_kcal,105,0.4665777385234833,0.04418569058179855,0.622296250509141,0.9003137077239229,9.194291114807129,3.8064017295837402,0.4139962159185546,0.26
31,sco_kcal,106,0.0629616305232048,0.03594709932804108,0.6357249445049646,0.97002597686985,7.75288724899292,0.15626107156276703,0.020155210122920972,0.02
31,sco_kcal,107,0.44018641114234924,0.006879858672618866,0.6627204970881582,0.9237442257471173,1.630872368812561,0.5795783996582031,0.3553793728691316,0.3
31,sco_kcal,108,0.46081623435020447,0.033952321857213974,0.6259558589610379,0.9259405496224256,6.9943952560424805,2.828718900680542,0.40442651539270713,0.28
31,sco_kcal,109,0.7747851014137268,0.025032605975866318,0.6614642860686084,0.910458524452656,5.448277473449707,5.485539436340332,1.006839219014121,0.58
31,sco_kcal,110,0.3176746964454651,0.11342614144086838,0.6481908469944053,0.9801933877428488,25.580432891845703,2.2865121364593506,0.08938520102950345,0.42
31,sco_kcal,111,0.23001134395599365,0.0637420192360878,0.6388286116839277,0.8975880922513864,14.19052791595459,2.9961984157562256,0.2111407294712103,0.08
31,sco_kcal,112,0.7686055302619934,0.01652194745838642,0.6706167538452759,0.8838168868613818,3.809154748916626,3.92885160446167,1.0314234688362522,0.54
31,sco_kcal,113,0.6359952092170715,0.026606760919094086,0.6317120587152585,0.9246701728407893,5.517672061920166,3.9302680492401123,0.7123054804877924,0.52
31,sco_kcal,114,0.6622298955917358,0.023761220276355743,0.6752283533350569,0.9625128512595731,5.528324127197266,3.9774692058563232,0.7194710574744845,0.64
31,sco_kcal,115,0.3288305401802063,0.04144448786973953,0.6561786558084759,0.9740697026468645,9.658803939819336,0.35289129614830017,0.036535713774401436,0.34
31,sco_kcal,116,0.1600615382194519,0.020736200734972954,0.6065160562207812,0.9336323289416357,4.139873027801514,0.4515199661254883,0.10906613876640286,0.04
31,sco_kcal,117,0.3807552456855774,0.01144876703619957,0.6521137197476763,0.9294831145059648,2.6075057983398438,0.9763484597206116,0.37443769457472986,0.22
31,sco_kcal,118,0.4501728415489197,0.027704717591404915,0.6414708768763822,0.8885204117213297,6.238842487335205,2.623015880584717,0.42043309891368724,0.12
31,sco_kcal,119,0.46006566286087036,0.04667341336607933,0.6097009720263171,0.9082597922086906,9.504266738891602,4.075143814086914,0.4287699331302819,0.14
31,sco_kcal,120,0.20023392140865326,0.04094028100371361,0.6518054038598853,0.9683462860098566,9.392148971557617,0.2705646753311157,0.028807536608551537,0.14
31,sco_kcal,121,0.7872318029403687,0.017688488587737083,0.659927032655236,0.9241540107094457,3.9218673706054688,4.311929702758789,1.0994583180137225,0.38
31,sco_kcal,122,0.5859495401382446,0.02188924327492714,0.6498842243656069,0.9073992127001906,4.703498840332031,3.045837640762329,0.6475684897898936,0.44
31,sco_kcal,123,0.3217610716819763,0.04153669998049736,0.6277170973962323,0.8924735487307534,8.731492042541504,2.7133092880249023,0.3107497864975584,0.12
31,sco_kcal,124,0.6434716582298279,0.024251164868474007,0.6537147716033105,0.9036240463465754,5.436460494995117,3.8346168994903564,0.705351745500691,0.54
31,sco_kcal,125,0.1588537096977234,0.03518151491880417,0.5932824230667988,0.9321992650217661,6.916533470153809,0.6079940795898438,0.08790445129969468,0.12
31,sco_kcal,126,0.18357419967651367,0.07537869364023209,0.5670118364200987,0.9073296102364856,13.324200630187988,2.1639254093170166,0.16240564589025452,0.06
31,sco_kcal,127,0.2098340392112732,0.045778971165418625,0.5820850177700465,0.9116990898974,8.723928451538086,1.1202775239944458,0.12841434110993122,0.08
31,sco_kcal,128,0.1574157029390335,0.05252796411514282,0.5872958757716864,0.9321415761730323,10.062435150146484,0.5491601228713989,0.054575270764692034,0.04
31,sco_kcal,129,0.1566644310951233,0.06752069294452667,0.5669096866322165,0.921018066792302,12.13685417175293,1.2241109609603882,0.10085899885073675,0.04
31,sco_kcal,130,0.14989598095417023,0.028330039232969284,0.6274243838241143,0.9525059477299467,6.100024223327637,0.6011407971382141,0.09854728032707459,0.04
31,sco_kcal,131,0.23912787437438965,0.027486469596624374,0.6435123497131954,0.9251496271889716,6.23989200592041,1.1063677072525024,0.17730558577019934,0.08
31,sco_kcal,132,0.06471686065196991,0.03269857540726662,0.6423262578001112,0.9578539805287967,7.242727279663086,0.07907255738973618,0.010917511365057838,0.02
31,sco_kcal,133,0.31496191024780273,0.052089858800172806,0.6017631955915665,0.8982960751746565,10.509262084960938,3.1475634574890137,0.29950375507270577,0.24
31,sco_kcal,134,0.28752627968788147,0.08138813078403473,0.651195744470934,0.9827997927602892,18.23069190979004,1.0309432744979858,0.05654987093190689,0.3
31,sco_kcal,135,0.26465126872062683,0.049314212054014206,0.6166877880875379,0.9470405442063758,10.096680641174316,1.0681246519088745,0.1057896837454734,0.1
31,sco_kcal,136,0.07604928314685822,0.15971621870994568,0.6042458185487141,0.9078811749704225,31.695974349975586,2.8510050773620605,0.08994849143560897,0.04
31,sco_kcal,137,0.20479795336723328,0.020107051357626915,0.6242882011142241,0.9361878462454869,4.276388645172119,0.15806150436401367,0.03696144515360154,0.1
31,sco_kcal,138,0.10569097846746445,0.028032498434185982,0.6131725236411789,0.9656315039439398,5.8357696533203125,0.13842205703258514,0.02371958888984398,0.06
31,sco_kcal,139,0.8344763517379761,0.018098516389727592,0.6692618952786615,0.9014994338133389,4.042370796203613,4.907551288604736,1.2140279890240786,0.8
31,sco_kcal,140,0.3941921889781952,0.020695367828011513,0.655138473426081,0.9170659934209866,4.794970512390137,1.5501588582992554,0.32328850704997386,0.12
31,sco_kcal,141,0.11719121783971786,0.01226057205349207,0.6492895203333662,0.9497626760135855,2.803868055343628,0.17071956396102905,0.060887160376776904,0.04
31,sco_kcal,142,0.11709510535001755,0.020018471404910088,0.6501200230063948,0.9615495070824291,4.571253299713135,0.09516473859548569,0.020818084747449384,0.14
31,sco_kcal,143,0.13973936438560486,0.02230442687869072,0.6420988689026466,0.9463333392228459,4.952085018157959,0.13646893203258514,0.02755787340730024,0.06
31,sco_kcal,144,0.17908944189548492,0.04098184406757355,0.6318268274683367,0.9265515512868465,8.91580867767334,1.1575517654418945,0.12983138235576944,0.04
31,sco_kcal,145,0.07181336730718613,0.08253957331180573,0.630305333192489,0.9474101323630151,17.967477798461914,0.4445042312145233,0.024739378347949016,0.02
31,sco_kcal,146,0.11955627053976059,0.01740065962076187,0.6528752049288855,0.9561828164502211,3.8924481868743896,0.22623319923877716,0.05812105604941679,0.04
31,sco_kcal,147,0.3219345510005951,0.020182395353913307,0.6498493438229604,0.9460084519730771,4.599759101867676,1.1302354335784912,0.24571622307776356,0.1
31,sco_kcal,148,0.784973680973053,0.02860158309340477,0.680713879028463,0.9082974051935413,6.6543049812316895,7.738162517547607,1.1628806523555673,0.6
31,sco_kcal,149,0.742667019367218,0.009272728115320206,0.657571449603608,0.9242116634317845,2.463409662246704,1.3212616443634033,0.5363548193435163,0.62
31,sco_kcal,150,0.2984907925128937,0.02317236363887787,0.599859577217674,0.9143413908596842,4.708576679229736,1.0434629917144775,0.22160900475877457,0.08
31,sco_kcal,151,0.14521460235118866,0.010758055374026299,0.6506185432144957,0.9618935263931412,2.485250234603882,0.10609228163957596,0.0426887724070513,0.04
31,sco_kcal,152,0.5473560094833374,0.022937046363949776,0.6487822397429499,0.9029979650928339,5.1680707931518555,2.6896650791168213,0.5204389000787029,0.24
31,sco_kcal,153,0.07692066580057144,0.02387906052172184,0.6440093496659522,0.9651421511571543,5.296487331390381,0.174976646900177,0.033036357108446796,0.02
31,sco_kcal,154,0.16971342265605927,0.033666517585515976,0.6107267240231624,0.9365230132157136,6.987349033355713,0.32051339745521545,0.04587052914133404,0.06
31,sco_kcal,155,0.26049888134002686,0.011809539049863815,0.646719827500589,0.9462926752131844,2.777925968170166,0.29957902431488037,0.10784269550286633,0.16
31,sco_kcal,156,0.19016523659229279,0.03496205061674118,0.6099709586824753,0.9319911934699019,7.120924472808838,0.8479312658309937,0.11907600889025136,0.06
31,sco_kcal,157,0.2109450101852417,0.058316610753536224,0.6432415613352889,0.8943235560589748,13.163684844970703,2.3175597190856934,0.1760570650528098,0.08
31,sco_kcal,158,0.5085130333900452,0.018252117559313774,0.6566753787790314,0.9200235676261923,4.164317607879639,1.727905035018921,0.41493113583589625,0.36
31,sco_kcal,159,0.8801308274269104,0.008708598092198372,0.7191262253038992,0.890742571383957,1.9913779497146606,3.299250841140747,1.6567677881606995,0.8
31,sco_kcal,160,0.18515197932720184,0.01775636337697506,0.6414960187660932,0.9578881500962544,4.077265739440918,0.21257802844047546,0.0521373984491932,0.06
31,sco_kcal,161,0.04072289913892746,0.04963550716638565,0.6498414126213516,0.9550492585895949,10.886198043823242,0.17409944534301758,0.015992676657375388,0.02
31,sco_kcal,162,0.2415546029806137,0.014964028261601925,0.632146588927385,0.9380467838354913,3.195815086364746,0.12575343251228333,0.03934940824605982,0.22
31,sco_kcal,163,0.23262858390808105,0.011696849018335342,0.6558690052225074,0.9642630322078771,2.766876220703125,0.13299722969532013,0.048067647081632935,0.12
31,sco_kcal,164,0.4199222922325134,0.025602158159017563,0.6539717861757508,0.9538631902946226,5.8897175788879395,1.0486476421356201,0.17804718614939416,0.48
31,sco_kcal,165,0.17730902135372162,0.026451783254742622,0.6450624035685857,0.9368837839128406,5.909224987030029,0.45735231041908264,0.07739632717029911,0.12
31,sco_kcal,166,0.5017718076705933,0.02048295922577381,0.6118028678947585,0.9226577248624297,4.2465691566467285,1.6343278884887695,0.3848584182199694,0.32
31,sco_kcal,167,0.7784470915794373,0.025589630007743835,0.6681783395867755,0.9162021243333289,6.091394424438477,6.059970855712891,0.9948413176793288,0.36
31,sco_kcal,168,0.2851273715496063,0.09404715895652771,0.6090649731664157,0.9292471318791133,18.506376266479492,3.7250657081604004,0.2012855274593975,0.08
31,sco_kcal,169,0.22320859134197235,0.026662707328796387,0.627814486659507,0.9348357977186195,5.717445373535156,0.8509029150009155,0.14882571837757558,0.1
31,sco_kcal,170,0.17709848284721375,0.030322527512907982,0.5989227514163069,0.9398911466858313,6.092959403991699,0.42545488476753235,0.06982729681225232,0.1
31,sco_kcal,171,0.20993837714195251,0.026110853999853134,0.6127332930624878,0.9296486855844457,5.4202070236206055,0.6281304955482483,0.11588680890064378,0.1
31,sco_kcal,172,0.1921919584274292,0.02123228646814823,0.6521777144491974,0.9633257886217583,4.889517307281494,0.16341206431388855,0.0334208990467289,0.12
31,sco_kcal,173,0.14567607641220093,0.02438756451010704,0.617578089037093,0.9608092043634946,5.163218021392822,0.11570349335670471,0.022409182195543373,0.1
31,sco_kcal,174,0.2394968718290329,0.04484937712550163,0.5958056593610774,0.9415051099925718,8.872199058532715,1.7007628679275513,0.19169575171917114,0.08
31,sco_kcal,175,0.588884711265564,0.034216415137052536,0.6222629368794426,0.8823357528055187,7.161841869354248,4.572319030761719,0.6384278114721883,0.18
31,sco_kcal,176,0.4436817467212677,0.03449689969420433,0.6220360680117081,0.8953539106771222,7.211367130279541,3.229839563369751,0.4478817268653676,0.16
31,sco_kcal,177,0.39516204595565796,0.029537681490182877,0.6211266784522811,0.8980099532340164,6.213822364807129,2.274360418319702,0.3660163237367176,0.1
31,sco_kcal,178,0.18010281026363373,0.06868726015090942,0.6072807633515325,0.9064541036316429,13.712797164916992,1.8184300661087036,0.13260825229450632,0.02
31,sco_kcal,179,0.48666438460350037,0.017764240503311157,0.6384710396449986,0.9165016232495988,3.978545665740967,1.5228849649429321,0.38277428308952416,0.24
31,sco_kcal,180,0.29212331771850586,0.023911939933896065,0.6432883573311952,0.9302494473955316,5.46763801574707,0.8734202980995178,0.1597436215755366,0.14
31,sco_kcal,181,0.14520467817783356,0.033566296100616455,0.6205462215823314,0.935196966166989,6.9344706535339355,0.6741933822631836,0.09722348192786742,0.04
31,sco_kcal,182,0.3230385184288025,0.024155685678124428,0.632918016670472,0.917789715221859,5.2594523429870605,1.4152345657348633,0.2690840173924065,0.2
31,sco_kcal,183,0.06532248854637146,0.08922996371984482,0.639797299300618,0.9401964444527775,20.05709457397461,0.6240102052688599,0.031111694815387364,0.02
31,sco_kcal,184,0.8285080194473267,0.023295652121305466,0.69031958715762,0.9048777810475532,5.340139865875244,7.008666038513184,1.3124499010410224,0.68
31,sco_kcal,185,0.19286154210567474,0.01894024945795536,0.6558041524920954,0.9411945382157598,4.36134147644043,0.23186339437961578,0.0531633204215081,0.14
31,sco_kcal,186,0.33818548917770386,0.06234410032629967,0.6242034329291226,0.9292487228964237,12.753397941589355,3.565300226211548,0.2795568869206972,0.14
31,sco_kcal,187,0.6924784779548645,0.025942077860236168,0.6460746528043748,0.9102065365748633,5.608394145965576,4.970983028411865,0.8863469469220105,0.32
31,sco_kcal,188,0.46734854578971863,0.016792841255664825,0.6634071184976538,0.9302542504280438,3.8989291191101074,1.7943919897079468,0.46022688150778673,0.2
31,sco_kcal,189,0.6364648342132568,0.017312292009592056,0.6622933613998216,0.8918794258125737,4.016324043273926,2.7757439613342285,0.6911155403366227,0.3
31,sco_kcal,190,0.6073134541511536,0.013446931727230549,0.6449639370055129,0.9262418475407184,3.0587432384490967,1.7390599250793457,0.5685537456099511,0.38
31,sco_kcal,191,0.17685182392597198,0.0631127655506134,0.6186987452927601,0.9383749557262564,12.877903938293457,1.8590425252914429,0.1443590924578521,0.02
31,sco_kcal,192,0.18243706226348877,0.14663629233837128,0.5937098594149908,0.9055820518870608,28.8819637298584,2.9235877990722656,0.10122538157091576,0.1
31,sco_kcal,193,0.5740877389907837,0.022751109674572945,0.6507687211667925,0.8948660083880473,5.068518161773682,3.4060895442962646,0.6720089453333111,0.42
31,sco_kcal,194,0.4575449526309967,0.022837817668914795,0.6544464730093347,0.9087128281209358,5.13974666595459,2.053191661834717,0.39947331946046094,0.24
31,sco_kcal,195,0.12182195484638214,0.08200693130493164,0.5973003537006814,0.9495921215176943,15.956768035888672,0.7636806964874268,0.047859359412245506,0.04
31,sco_kcal,196,0.08535917848348618,0.12470611184835434,0.6080463876863735,0.926423254371723,24.535518646240234,1.6418752670288086,0.06691830283687138,0.04
31,sco_kcal,197,0.3250451982021332,0.020005706697702408,0.6550460576114492,0.9591247195413719,4.5346550941467285,0.9178861379623413,0.20241586601528666,0.16
31,sco_kcal,198,0.15103474259376526,0.03738988935947418,0.6043346634966311,0.9416135784419393,7.562076568603516,0.401292085647583,0.05306638752028524,0.06
31,sco_kcal,199,0.14350245893001556,0.06817907840013504,0.6470197128510857,0.9578504997271655,15.272392272949219,0.3120315968990326,0.020431088419049417,0.1
31,sco_kcal,200,0.5296119451522827,0.02486695721745491,0.6653921757844694,0.9544243412160265,5.640340328216553,2.2550413608551025,0.39980590347961065,0.4
31,sco_kcal,201,0.5493528842926025,0.03292401507496834,0.6388597598235033,0.8834116770360849,7.101018905639648,4.07842493057251,0.5743436237486164,0.24
31,sco_kcal,202,0.24573829770088196,0.05577821284532547,0.5919722280606603,0.9102030651493165,10.745530128479004,1.7304350137710571,0.1610376587363396,0.16
31,sco_kcal,203,0.7013018131256104,0.018589721992611885,0.669632245143027,0.8924132537749525,4.318117141723633,3.6445395946502686,0.8440112843246079,0.52
31,sco_kcal,204,0.42151013016700745,0.028234796598553658,0.6283931449633884,0.9111671229126594,6.052365779876709,2.237684488296509,0.3697206298628719,0.1
31,sco_kcal,205,0.16018414497375488,0.016134273260831833,0.6371718827601875,0.9501988925777862,3.5762672424316406,0.16895626485347748,0.047243747013323775,0.04
31,sco_kcal,206,0.4091677963733673,0.032146792858839035,0.6311987288332668,0.8921858540396492,6.7869110107421875,2.669084310531616,0.3932693837162507,0.12
31,sco_kcal,207,0.2871074080467224,0.01746859960258007,0.6428457928256375,0.9384170334839717,4.005423545837402,0.7089992761611938,0.17700981383055345,0.16
31,sco_kcal,208,0.07905294001102448,0.01506368163973093,0.6382613014562464,0.9687185424559619,3.3658034801483154,0.16452749073505402,0.048882084680655226,0.02
31,sco_kcal,209,0.757051408290863,0.016315916553139687,0.6771009455836683,0.8909853897352222,4.008776664733887,3.9077491760253906,0.974798424268117,0.6
31,sco_kcal,210,0.20284423232078552,0.05010347440838814,0.636610681292219,0.9575951269761107,11.036957740783691,0.6231095790863037,0.05645664264743838,0.1
31,sco_kcal,211,0.6509873270988464,0.024522749707102776,0.6544560070083127,0.910174219975127,5.304239749908447,4.370521545410156,0.8239675715045861,0.66
31,sco_kcal,212,0.17212559282779694,0.38281938433647156,0.6489629222259612,0.9769532322526557,85.5509033203125,2.617523431777954,0.03059609343898618,0.12
31,sco_kcal,213,0.07390458881855011,0.028843319043517113,0.5942369044417488,0.9562578049370469,5.712630748748779,0.10433467477560043,0.01826385764535062,0.1
31,sco_kcal,214,0.24386940896511078,0.4042680561542511,0.6495609348382054,0.9860717814573072,90.32152557373047,1.677361249923706,0.018571002197637344,0.2
31,sco_kcal,215,0.5818888545036316,0.021061962470412254,0.6406506496751239,0.8930006939797352,4.6319780349731445,2.4720280170440674,0.53368733581622,0.34
31,sco_kcal,216,0.24691210687160492,0.07894089818000793,0.62725393610282,0.9045755587758844,16.613786697387695,3.781890630722046,0.22763567990894573,0.16
31,sco_kcal,217,0.6773910522460938,0.020116504281759262,0.6577204692764849,0.890971700327726,4.530855655670166,3.519420623779297,0.7767673241531977,0.46
31,sco_kcal,218,0.35596132278442383,0.033225905150175095,0.617775196505101,0.8950492254669549,7.023617267608643,2.279831647872925,0.32459508555328037,0.14
31,sco_kcal,219,0.46919500827789307,0.10827109217643738,0.6631032871393063,0.9831569098643391,26.679555892944336,1.8993330001831055,0.07119057782687463,0.38
31,sco_kcal,220,0.3788906931877136,0.014058880507946014,0.6285610960530965,0.9255599746696204,3.0296971797943115,1.093085765838623,0.36079043579953873,0.06
31,sco_kcal,221,0.3462652564048767,0.02787077985703945,0.6535728668874661,0.9469608839200359,6.302067756652832,1.3804705142974854,0.21905040815217827,0.18
31,sco_kcal,222,0.5015392899513245,0.019057974219322205,0.6581548383115268,0.922042302181906,4.355552673339844,1.4452625513076782,0.3318207032953751,0.46
31,sco_kcal,223,0.03698718920350075,0.0958419218659401,0.5698652930753321,0.9553475139345633,16.98409652709961,0.04790899530053139,0.0028208150621428936,0.0
31,sco_kcal,224,0.054161205887794495,0.08159230649471283,0.5738417177050523,0.9523525987611046,14.698965072631836,0.13189642131328583,0.008973177408174486,0.0
31,sco_kcal,225,0.13316313922405243,0.01213183905929327,0.6507477360316416,0.9571235351599963,2.7852768898010254,0.13420534133911133,0.04818384191192521,0.12
31,sco_kcal,226,0.15328438580036163,0.022001056000590324,0.6296177895677344,0.9323265537837875,4.918027877807617,0.22654354572296143,0.0460639002770255,0.06
31,sco_kcal,227,0.3299834728240967,0.046256519854068756,0.5948784016267696,0.8876789090599781,9.146843910217285,2.766488552093506,0.3024528000311954,0.0
31,sco_kcal,228,0.5279891490936279,0.02818041853606701,0.61139179041401,0.8882649560998856,5.831761837005615,3.1674306392669678,0.5431344296620524,0.3
31,sco_kcal,229,0.11126229912042618,0.021974481642246246,0.6774630719808177,0.9591631789757353,5.229997158050537,0.14476439356803894,0.027679631401941213,0.02
31,sco_kcal,230,0.1209336370229721,0.01856566034257412,0.6509788449129834,0.9519923048869592,4.245338439941406,0.17088133096694946,0.04025152137677578,0.02
31,sco_kcal,231,0.5550791025161743,0.22046667337417603,0.6723729673051455,0.9878571396194147,56.28312301635742,2.182316303253174,0.03877390212726704,0.62
31,sco_kcal,232,0.11932582408189774,0.06555408239364624,0.5720443681454399,0.9334494820251957,11.921770095825195,0.8608825206756592,0.07221096479432411,0.02
31,sco_kcal,233,0.1557372659444809,0.06179719790816307,0.5741381532089016,0.9022154060627507,11.44944953918457,1.1814863681793213,0.10319154332579963,0.04
31,sco_kcal,234,0.11988218873739243,0.022532328963279724,0.6126230688304115,0.9636374369482033,4.6993913650512695,0.08243145793676376,0.017540879559381932,0.06
31,sco_kcal,235,0.07118692249059677,0.08045569807291031,0.5811604057888247,0.9535418081149121,14.963749885559082,0.26460644602775574,0.017683164183539105,0.02
31,sco_kcal,236,0.15097108483314514,0.029684647917747498,0.6489789923561877,0.9553524578046833,6.602286338806152,0.32908350229263306,0.049843870048226206,0.04
31,sco_kcal,237,0.6552336812019348,0.021267106756567955,0.6641500342233682,0.9082673818354661,5.10817813873291,4.269888877868652,0.8358927120203767,0.54
31,sco_kcal,238,0.18515707552433014,0.03365226089954376,0.6422426469395854,0.9372634127462023,7.483687877655029,0.7973439693450928,0.10654425764145256,0.04
31,sco_kcal,239,0.07669272273778915,0.05030980706214905,0.60664007005044,0.9719555428134778,9.970572471618652,0.02625034563243389,0.0026327821905066935,0.06
31,sco_kcal,240,0.08693104237318039,0.029009273275732994,0.6400837198745344,0.9435144297100275,6.320329189300537,0.13099652528762817,0.020726218740218086,0.08
31,sco_kcal,241,0.05013418570160866,0.05850086361169815,0.6228769376331429,0.950658898885355,12.329801559448242,0.20723570883274078,0.016807708366882636,0.02
31,sco_kcal,242,0.2260797619819641,0.03045257367193699,0.6436066088848875,0.9318270911371109,6.826634407043457,1.235129714012146,0.180928059182104,0.04
31,sco_kcal,243,0.4858201742172241,0.18742088973522186,0.6631215739827612,0.9861679970837414,44.98937225341797,1.5161991119384766,0.03370127290058569,0.42
31,sco_kcal,244,0.15490497648715973,0.04180498793721199,0.6026453659155802,0.934193165306886,8.352452278137207,0.6592607498168945,0.07893020251579637,0.04
31,sco_kcal,245,0.2487262636423111,0.05068299174308777,0.619058131979701,0.9393803851176161,10.535832405090332,1.7767260074615479,0.1686365100685478,0.1
31,sco_kcal,246,0.11800634860992432,0.14606352150440216,0.6479324668202306,0.8769002418296945,33.12807846069336,3.484379529953003,0.10517904121988958,0.04
31,sco_kcal,247,0.19818055629730225,0.06551455706357956,0.5832978162159439,0.9258798978794562,11.849802017211914,1.9510375261306763,0.16464726780217775,0.02
31,sco_kcal,248,0.42163383960723877,0.02609086222946644,0.6432991633098064,0.9191417173276544,5.695679664611816,2.2066917419433594,0.3874325579884511,0.22
31,sco_kcal,249,0.14917181432247162,0.2555338442325592,0.5953708293597042,0.9361822105244382,50.465484619140625,2.4499645233154297,0.048547329760233855,0.02
31,water_gsolv_eV,0,1.0,0.0,0.6686618436223937,0.6686618436223937,,,,1.0
31,water_gsolv_eV,1,1.0,0.0,0.6686618436223937,0.6686618436223937,,,,1.0
31,water_gsolv_eV,2,1.0,0.0,0.6686618436223937,0.6686618436223937,,,,1.0
31,water_gsolv_eV,3,1.0,0.0,0.6686618436223937,0.6686618436223937,,,,1.0
31,water_gsolv_eV,4,1.0,0.0,0.6686618436223937,0.6686618436223937,,,,1.0
31,water_gsolv_eV,5,1.0,0.0,0.6686618436223937,0.6686618436223937,,,,1.0
31,water_gsolv_eV,6,1.0,0.0,0.6686618436223937,0.6686618436223937,,,,1.0
31,water_gsolv_eV,7,1.0,0.0,0.6686618436223937,0.6686618436223937,,,,1.0
31,water_gsolv_eV,8,1.0,0.0,0.6686618436223937,0.6686618436223937,,,,1.0
31,water_gsolv_eV,9,1.0,0.0,0.6686618436223937,0.6686618436223937,,,,1.0
31,water_gsolv_eV,10,1.0,0.0,0.6686618436223937,0.6686618436223937,,,,1.0
31,water_gsolv_eV,11,1.0,0.0,0.6686618436223937,0.6686618436223937,,,,1.0
31,water_gsolv_eV,12,1.0,0.0,0.6686618436223937,0.6686618436223937,,,,1.0
31,water_gsolv_eV,13,1.0,0.0,0.6686618436223937,0.6686618436223937,,,,1.0
31,water_gsolv_eV,14,1.0,0.0,0.6686618436223937,0.6686618436223937,,,,1.0
31,water_gsolv_eV,15,1.0,0.0,0.6686618436223937,0.6686618436223937,,,,1.0
31,water_gsolv_eV,16,1.0,0.0,0.6686618436223937,0.6686618436223937,,,,1.0
31,water_gsolv_eV,17,1.0,0.0,0.6686618436223937,0.6686618436223937,,,,1.0
31,water_gsolv_eV,18,1.0,0.0,0.6686618436223937,0.6686618436223937,,,,1.0
31,water_gsolv_eV,19,1.0,0.0,0.6686618436223937,0.6686618436223937,,,,1.0
31,water_gsolv_eV,20,1.0,0.0,0.6686618436223937,0.6686618436223937,,,,1.0
31,water_gsolv_eV,21,1.0,0.0,0.6686618436223937,0.6686618436223937,,,,1.0
31,water_gsolv_eV,22,1.0,0.0,0.6686618436223937,0.6686618436223937,,,,1.0
31,water_gsolv_eV,23,1.0,0.0,0.6686618436223937,0.6686618436223937,,,,1.0
31,water_gsolv_eV,24,1.0,0.0,0.6686618436223937,0.6686618436223937,,,,1.0
31,water_gsolv_eV,25,1.0,0.0,0.6686618436223937,0.6686618436223937,,,,1.0
31,water_gsolv_eV,26,1.0,0.0,0.6686618436223937,0.6686618436223937,,,,1.0
31,water_gsolv_eV,27,1.0,0.0,0.6686618436223937,0.6686618436223937,,,,1.0
31,water_gsolv_eV,28,1.0,0.0,0.6686618436223937,0.6686618436223937,,,,1.0
31,water_gsolv_eV,29,1.0,0.0,0.6686618436223937,0.6686618436223937,,,,1.0
31,water_gsolv_eV,30,1.0,0.0,0.6686618436223937,0.6686618436223937,,,,1.0
31,water_gsolv_eV,31,1.0,0.0,0.6686618436223937,0.6686618436223937,,,,1.0
31,water_gsolv_eV,32,1.0,0.0,0.6686618436223937,0.6686618436223937,,,,1.0
31,water_gsolv_eV,33,1.0,0.0,0.6686618436223937,0.6686618436223937,,,,1.0
31,water_gsolv_eV,34,1.0,0.0,0.6686618436223937,0.6686618436223937,,,,1.0
31,water_gsolv_eV,35,1.0,0.0,0.6686618436223937,0.6686618436223937,,,,1.0
31,water_gsolv_eV,36,1.0,0.0,0.6686618436223937,0.6686618436223937,,,,1.0
31,water_gsolv_eV,37,1.0,0.0,0.6686618436223937,0.6686618436223937,,,,1.0
31,water_gsolv_eV,38,1.0,0.0,0.6686618436223937,0.6686618436223937,,,,1.0
31,water_gsolv_eV,39,1.0,0.0,0.6686618436223937,0.6686618436223937,,,,1.0
31,water_gsolv_eV,40,1.0,0.0,0.6686618436223937,0.6686618436223937,,,,1.0
31,water_gsolv_eV,41,1.0,0.0,0.6686618436223937,0.6686618436223937,,,,1.0
31,water_gsolv_eV,42,1.0,0.0,0.6686618436223937,0.6686618436223937,,,,1.0
31,water_gsolv_eV,43,1.0,0.0,0.6686618436223937,0.6686618436223937,,,,1.0
31,water_gsolv_eV,44,1.0,0.0,0.6686618436223937,0.6686618436223937,,,,1.0
31,water_gsolv_eV,45,1.0,0.0,0.6686618436223937,0.6686618436223937,,,,1.0
31,water_gsolv_eV,46,1.0,0.0,0.6686618436223937,0.6686618436223937,,,,1.0
31,water_gsolv_eV,47,1.0,0.0,0.6686618436223937,0.6686618436223937,,,,1.0
31,water_gsolv_eV,48,1.0,0.0,0.6686618436223937,0.6686618436223937,,,,1.0
31,water_gsolv_eV,49,1.0,0.0,0.6686618436223937,0.6686618436223937,,,,1.0
31,water_gsolv_eV,50,1.0,0.0,0.6686618436223937,0.6686618436223937,,,,1.0
31,water_gsolv_eV,51,1.0,0.0,0.6686618436223937,0.6686618436223937,,,,1.0
31,water_gsolv_eV,52,1.0,0.0,0.6686618436223937,0.6686618436223937,,,,1.0
31,water_gsolv_eV,53,1.0,0.0,0.6686618436223937,0.6686618436223937,,,,1.0
31,water_gsolv_eV,54,1.0,0.0,0.6686618436223937,0.6686618436223937,,,,1.0
31,water_gsolv_eV,55,1.0,0.0,0.6686618436223937,0.6686618436223937,,,,1.0
31,water_gsolv_eV,56,1.0,0.0,0.6686618436223937,0.6686618436223937,,,,1.0
31,water_gsolv_eV,57,1.0,0.0,0.6686618436223937,0.6686618436223937,,,,1.0
31,water_gsolv_eV,58,1.0,0.0,0.6686618436223937,0.6686618436223937,,,,1.0
31,water_gsolv_eV,59,1.0,0.0,0.6686618436223937,0.6686618436223937,,,,1.0
31,water_gsolv_eV,60,1.0,0.0,0.6686618436223937,0.6686618436223937,,,,1.0
31,water_gsolv_eV,61,1.0,0.0,0.6686618436223937,0.6686618436223937,,,,1.0
31,water_gsolv_eV,62,1.0,0.0,0.6686618436223937,0.6686618436223937,,,,1.0
31,water_gsolv_eV,63,1.0,0.0,0.6686618436223937,0.6686618436223937,,,,1.0
31,water_gsolv_eV,64,1.0,0.0,0.6686618436223937,0.6686618436223937,,,,1.0
31,water_gsolv_eV,65,1.0,0.0,0.6686618436223937,0.6686618436223937,,,,1.0
31,water_gsolv_eV,66,1.0,0.0,0.6686618436223937,0.6686618436223937,,,,1.0
31,water_gsolv_eV,67,1.0,0.0,0.6686618436223937,0.6686618436223937,,,,1.0
31,water_gsolv_eV,68,1.0,0.0,0.6686618436223937,0.6686618436223937,,,,1.0
31,water_gsolv_eV,69,1.0,0.0,0.6686618436223937,0.6686618436223937,,,,1.0
31,water_gsolv_eV,70,1.0,0.0,0.6686618436223937,0.6686618436223937,,,,1.0
31,water_gsolv_eV,71,1.0,0.0,0.6686618436223937,0.6686618436223937,,,,1.0
31,water_gsolv_eV,72,1.0,0.0,0.6686618436223937,0.6686618436223937,,,,1.0
31,water_gsolv_eV,73,1.0,0.0,0.6686618436223937,0.6686618436223937,,,,1.0
31,water_gsolv_eV,74,1.0,0.0,0.6686618436223937,0.6686618436223937,,,,1.0
31,water_gsolv_eV,75,1.0,0.0,0.6686618436223937,0.6686618436223937,,,,1.0
31,water_gsolv_eV,76,1.0,0.0,0.6686618436223937,0.6686618436223937,,,,1.0
31,water_gsolv_eV,77,1.0,0.0,0.6686618436223937,0.6686618436223937,,,,1.0
31,water_gsolv_eV,78,1.0,0.0,0.6686618436223937,0.6686618436223937,,,,1.0
31,water_gsolv_eV,79,1.0,0.0,0.6686618436223937,0.6686618436223937,,,,1.0
31,water_gsolv_eV,80,1.0,0.0,0.6686618436223937,0.6686618436223937,,,,1.0
31,water_gsolv_eV,81,1.0,0.0,0.6686618436223937,0.6686618436223937,,,,1.0
31,water_gsolv_eV,82,1.0,0.0,0.6686618436223937,0.6686618436223937,,,,1.0
31,water_gsolv_eV,83,1.0,0.0,0.6686618436223937,0.6686618436223937,,,,1.0
31,water_gsolv_eV,84,1.0,0.0,0.6686618436223937,0.6686618436223937,,,,1.0
31,water_gsolv_eV,85,1.0,0.0,0.6686618436223937,0.6686618436223937,,,,1.0
31,water_gsolv_eV,86,1.0,0.0,0.6686618436223937,0.6686618436223937,,,,1.0
31,water_gsolv_eV,87,1.0,0.0,0.6686618436223937,0.6686618436223937,,,,1.0
31,water_gsolv_eV,88,1.0,0.0,0.6686618436223937,0.6686618436223937,,,,1.0
31,water_gsolv_eV,89,1.0,0.0,0.6686618436223937,0.6686618436223937,,,,1.0
31,water_gsolv_eV,90,1.0,0.0,0.6686618436223937,0.6686618436223937,,,,1.0
31,water_gsolv_eV,91,1.0,0.0,0.6686618436223937,0.6686618436223937,,,,1.0
31,water_gsolv_eV,92,1.0,0.0,0.6686618436223937,0.6686618436223937,,,,1.0
31,water_gsolv_eV,93,1.0,0.0,0.6686618436223937,0.6686618436223937,,,,1.0
31,water_gsolv_eV,94,1.0,0.0,0.6686618436223937,0.6686618436223937,,,,1.0
31,water_gsolv_eV,95,1.0,0.0,0.6686618436223937,0.6686618436223937,,,,1.0
31,water_gsolv_eV,96,1.0,0.0,0.6686618436223937,0.6686618436223937,,,,1.0
31,water_gsolv_eV,97,1.0,0.0,0.6686618436223937,0.6686618436223937,,,,1.0
31,water_gsolv_eV,98,1.0,0.0,0.6686618436223937,0.6686618436223937,,,,1.0
31,water_gsolv_eV,99,1.0,0.0,0.6686618436223937,0.6686618436223937,,,,1.0
31,water_gsolv_eV,100,1.0,0.0,0.6686618436223937,0.6686618436223937,,,,1.0
31,water_gsolv_eV,101,1.0,0.0,0.6686618436223937,0.6686618436223937,,,,1.0
31,water_gsolv_eV,102,1.0,0.0,0.6686618436223937,0.6686618436223937,,,,1.0
31,water_gsolv_eV,103,1.0,0.0,0.6686618436223937,0.6686618436223937,,,,1.0
31,water_gsolv_eV,104,1.0,0.0,0.6686618436223937,0.6686618436223937,,,,1.0
31,water_gsolv_eV,105,1.0,0.0,0.6686618436223937,0.6686618436223937,,,,1.0
31,water_gsolv_eV,106,1.0,0.0,0.6686618436223937,0.6686618436223937,,,,1.0
31,water_gsolv_eV,107,1.0,0.0,0.6686618436223937,0.6686618436223937,,,,1.0
31,water_gsolv_eV,108,1.0,0.0,0.6686618436223937,0.6686618436223937,,,,1.0
31,water_gsolv_eV,109,1.0,0.0,0.6686618436223937,0.6686618436223937,,,,1.0
31,water_gsolv_eV,110,1.0,0.0,0.6686618436223937,0.6686618436223937,,,,1.0
31,water_gsolv_eV,111,1.0,0.0,0.6686618436223937,0.6686618436223937,,,,1.0
31,water_gsolv_eV,112,1.0,0.0,0.6686618436223937,0.6686618436223937,,,,1.0
31,water_gsolv_eV,113,1.0,0.0,0.6686618436223937,0.6686618436223937,,,,1.0
31,water_gsolv_eV,114,1.0,0.0,0.6686618436223937,0.6686618436223937,,,,1.0
31,water_gsolv_eV,115,1.0,0.0,0.6686618436223937,0.6686618436223937,,,,1.0
31,water_gsolv_eV,116,1.0,0.0,0.6686618436223937,0.6686618436223937,,,,1.0
31,water_gsolv_eV,117,1.0,0.0,0.6686618436223937,0.6686618436223937,,,,1.0
31,water_gsolv_eV,118,1.0,0.0,0.6686618436223937,0.6686618436223937,,,,1.0
31,water_gsolv_eV,119,1.0,0.0,0.6686618436223937,0.6686618436223937,,,,1.0
31,water_gsolv_eV,120,1.0,0.0,0.6686618436223937,0.6686618436223937,,,,1.0
31,water_gsolv_eV,121,1.0,0.0,0.6686618436223937,0.6686618436223937,,,,1.0
31,water_gsolv_eV,122,1.0,0.0,0.6686618436223937,0.6686618436223937,,,,1.0
31,water_gsolv_eV,123,1.0,0.0,0.6686618436223937,0.6686618436223937,,,,1.0
31,water_gsolv_eV,124,1.0,0.0,0.6686618436223937,0.6686618436223937,,,,1.0
31,water_gsolv_eV,125,1.0,0.0,0.6686618436223937,0.6686618436223937,,,,1.0
31,water_gsolv_eV,126,1.0,0.0,0.6686618436223937,0.6686618436223937,,,,1.0
31,water_gsolv_eV,127,1.0,0.0,0.6686618436223937,0.6686618436223937,,,,1.0
31,water_gsolv_eV,128,1.0,0.0,0.6686618436223937,0.6686618436223937,,,,1.0
31,water_gsolv_eV,129,1.0,0.0,0.6686618436223937,0.6686618436223937,,,,1.0
31,water_gsolv_eV,130,1.0,0.0,0.6686618436223937,0.6686618436223937,,,,1.0
31,water_gsolv_eV,131,1.0,0.0,0.6686618436223937,0.6686618436223937,,,,1.0
31,water_gsolv_eV,132,1.0,0.0,0.6686618436223937,0.6686618436223937,,,,1.0
31,water_gsolv_eV,133,1.0,0.0,0.6686618436223937,0.6686618436223937,,,,1.0
31,water_gsolv_eV,134,1.0,0.0,0.6686618436223937,0.6686618436223937,,,,1.0
31,water_gsolv_eV,135,1.0,0.0,0.6686618436223937,0.6686618436223937,,,,1.0
31,water_gsolv_eV,136,1.0,0.0,0.6686618436223937,0.6686618436223937,,,,1.0
31,water_gsolv_eV,137,1.0,0.0,0.6686618436223937,0.6686618436223937,,,,1.0
31,water_gsolv_eV,138,1.0,0.0,0.6686618436223937,0.6686618436223937,,,,1.0
31,water_gsolv_eV,139,1.0,0.0,0.6686618436223937,0.6686618436223937,,,,1.0
31,water_gsolv_eV,140,1.0,0.0,0.6686618436223937,0.6686618436223937,,,,1.0
31,water_gsolv_eV,141,1.0,0.0,0.6686618436223937,0.6686618436223937,,,,1.0
31,water_gsolv_eV,142,1.0,0.0,0.6686618436223937,0.6686618436223937,,,,1.0
31,water_gsolv_eV,143,1.0,0.0,0.6686618436223937,0.6686618436223937,,,,1.0
31,water_gsolv_eV,144,1.0,0.0,0.6686618436223937,0.6686618436223937,,,,1.0
31,water_gsolv_eV,145,1.0,0.0,0.6686618436223937,0.6686618436223937,,,,1.0
31,water_gsolv_eV,146,1.0,0.0,0.6686618436223937,0.6686618436223937,,,,1.0
31,water_gsolv_eV,147,1.0,0.0,0.6686618436223937,0.6686618436223937,,,,1.0
31,water_gsolv_eV,148,1.0,0.0,0.6686618436223937,0.6686618436223937,,,,1.0
31,water_gsolv_eV,149,1.0,0.0,0.6686618436223937,0.6686618436223937,,,,1.0
31,water_gsolv_eV,150,1.0,0.0,0.6686618436223937,0.6686618436223937,,,,1.0
31,water_gsolv_eV,151,1.0,0.0,0.6686618436223937,0.6686618436223937,,,,1.0
31,water_gsolv_eV,152,1.0,0.0,0.6686618436223937,0.6686618436223937,,,,1.0
31,water_gsolv_eV,153,1.0,0.0,0.6686618436223937,0.6686618436223937,,,,1.0
31,water_gsolv_eV,154,1.0,0.0,0.6686618436223937,0.6686618436223937,,,,1.0
31,water_gsolv_eV,155,1.0,0.0,0.6686618436223937,0.6686618436223937,,,,1.0
31,water_gsolv_eV,156,1.0,0.0,0.6686618436223937,0.6686618436223937,,,,1.0
31,water_gsolv_eV,157,1.0,0.0,0.6686618436223937,0.6686618436223937,,,,1.0
31,water_gsolv_eV,158,1.0,0.0,0.6686618436223937,0.6686618436223937,,,,1.0
31,water_gsolv_eV,159,1.0,0.0,0.6686618436223937,0.6686618436223937,,,,1.0
31,water_gsolv_eV,160,1.0,0.0,0.6686618436223937,0.6686618436223937,,,,1.0
31,water_gsolv_eV,161,1.0,0.0,0.6686618436223937,0.6686618436223937,,,,1.0
31,water_gsolv_eV,162,1.0,0.0,0.6686618436223937,0.6686618436223937,,,,1.0
31,water_gsolv_eV,163,1.0,0.0,0.6686618436223937,0.6686618436223937,,,,1.0
31,water_gsolv_eV,164,1.0,0.0,0.6686618436223937,0.6686618436223937,,,,1.0
31,water_gsolv_eV,165,1.0,0.0,0.6686618436223937,0.6686618436223937,,,,1.0
31,water_gsolv_eV,166,1.0,0.0,0.6686618436223937,0.6686618436223937,,,,1.0
31,water_gsolv_eV,167,1.0,0.0,0.6686618436223937,0.6686618436223937,,,,1.0
31,water_gsolv_eV,168,1.0,0.0,0.6686618436223937,0.6686618436223937,,,,1.0
31,water_gsolv_eV,169,1.0,0.0,0.6686618436223937,0.6686618436223937,,,,1.0
31,water_gsolv_eV,170,1.0,0.0,0.6686618436223937,0.6686618436223937,,,,1.0
31,water_gsolv_eV,171,1.0,0.0,0.6686618436223937,0.6686618436223937,,,,1.0
31,water_gsolv_eV,172,1.0,0.0,0.6686618436223937,0.6686618436223937,,,,1.0
31,water_gsolv_eV,173,1.0,0.0,0.6686618436223937,0.6686618436223937,,,,1.0
31,water_gsolv_eV,174,1.0,0.0,0.6686618436223937,0.6686618436223937,,,,1.0
31,water_gsolv_eV,175,1.0,0.0,0.6686618436223937,0.6686618436223937,,,,1.0
31,water_gsolv_eV,176,1.0,0.0,0.6686618436223937,0.6686618436223937,,,,1.0
31,water_gsolv_eV,177,1.0,0.0,0.6686618436223937,0.6686618436223937,,,,1.0
31,water_gsolv_eV,178,1.0,0.0,0.6686618436223937,0.6686618436223937,,,,1.0
31,water_gsolv_eV,179,1.0,0.0,0.6686618436223937,0.6686618436223937,,,,1.0
31,water_gsolv_eV,180,1.0,0.0,0.6686618436223937,0.6686618436223937,,,,1.0
31,water_gsolv_eV,181,1.0,0.0,0.6686618436223937,0.6686618436223937,,,,1.0
31,water_gsolv_eV,182,1.0,0.0,0.6686618436223937,0.6686618436223937,,,,1.0
31,water_gsolv_eV,183,1.0,0.0,0.6686618436223937,0.6686618436223937,,,,1.0
31,water_gsolv_eV,184,1.0,0.0,0.6686618436223937,0.6686618436223937,,,,1.0
31,water_gsolv_eV,185,1.0,0.0,0.6686618436223937,0.6686618436223937,,,,1.0
31,water_gsolv_eV,186,1.0,0.0,0.6686618436223937,0.6686618436223937,,,,1.0
31,water_gsolv_eV,187,1.0,0.0,0.6686618436223937,0.6686618436223937,,,,1.0
31,water_gsolv_eV,188,1.0,0.0,0.6686618436223937,0.6686618436223937,,,,1.0
31,water_gsolv_eV,189,1.0,0.0,0.6686618436223937,0.6686618436223937,,,,1.0
31,water_gsolv_eV,190,1.0,0.0,0.6686618436223937,0.6686618436223937,,,,1.0
31,water_gsolv_eV,191,1.0,0.0,0.6686618436223937,0.6686618436223937,,,,1.0
31,water_gsolv_eV,192,1.0,0.0,0.6686618436223937,0.6686618436223937,,,,1.0
31,water_gsolv_eV,193,1.0,0.0,0.6686618436223937,0.6686618436223937,,,,1.0
31,water_gsolv_eV,194,1.0,0.0,0.6686618436223937,0.6686618436223937,,,,1.0
31,water_gsolv_eV,195,1.0,0.0,0.6686618436223937,0.6686618436223937,,,,1.0
31,water_gsolv_eV,196,1.0,0.0,0.6686618436223937,0.6686618436223937,,,,1.0
31,water_gsolv_eV,197,1.0,0.0,0.6686618436223937,0.6686618436223937,,,,1.0
31,water_gsolv_eV,198,1.0,0.0,0.6686618436223937,0.6686618436223937,,,,1.0
31,water_gsolv_eV,199,1.0,0.0,0.6686618436223937,0.6686618436223937,,,,1.0
31,water_gsolv_eV,200,1.0,0.0,0.6686618436223937,0.6686618436223937,,,,1.0
31,water_gsolv_eV,201,1.0,0.0,0.6686618436223937,0.6686618436223937,,,,1.0
31,water_gsolv_eV,202,1.0,0.0,0.6686618436223937,0.6686618436223937,,,,1.0
31,water_gsolv_eV,203,1.0,0.0,0.6686618436223937,0.6686618436223937,,,,1.0
31,water_gsolv_eV,204,1.0,0.0,0.6686618436223937,0.6686618436223937,,,,1.0
31,water_gsolv_eV,205,1.0,0.0,0.6686618436223937,0.6686618436223937,,,,1.0
31,water_gsolv_eV,206,1.0,0.0,0.6686618436223937,0.6686618436223937,,,,1.0
31,water_gsolv_eV,207,1.0,0.0,0.6686618436223937,0.6686618436223937,,,,1.0
31,water_gsolv_eV,208,1.0,0.0,0.6686618436223937,0.6686618436223937,,,,1.0
31,water_gsolv_eV,209,1.0,0.0,0.6686618436223937,0.6686618436223937,,,,1.0
31,water_gsolv_eV,210,1.0,0.0,0.6686618436223937,0.6686618436223937,,,,1.0
31,water_gsolv_eV,211,1.0,0.0,0.6686618436223937,0.6686618436223937,,,,1.0
31,water_gsolv_eV,212,1.0,0.0,0.6686618436223937,0.6686618436223937,,,,1.0
31,water_gsolv_eV,213,1.0,0.0,0.6686618436223937,0.6686618436223937,,,,1.0
31,water_gsolv_eV,214,1.0,0.0,0.6686618436223937,0.6686618436223937,,,,1.0
31,water_gsolv_eV,215,1.0,0.0,0.6686618436223937,0.6686618436223937,,,,1.0
31,water_gsolv_eV,216,1.0,0.0,0.6686618436223937,0.6686618436223937,,,,1.0
31,water_gsolv_eV,217,1.0,0.0,0.6686618436223937,0.6686618436223937,,,,1.0
31,water_gsolv_eV,218,1.0,0.0,0.6686618436223937,0.6686618436223937,,,,1.0
31,water_gsolv_eV,219,1.0,0.0,0.6686618436223937,0.6686618436223937,,,,1.0
31,water_gsolv_eV,220,1.0,0.0,0.6686618436223937,0.6686618436223937,,,,1.0
31,water_gsolv_eV,221,1.0,0.0,0.6686618436223937,0.6686618436223937,,,,1.0
31,water_gsolv_eV,222,1.0,0.0,0.6686618436223937,0.6686618436223937,,,,1.0
31,water_gsolv_eV,223,1.0,0.0,0.6686618436223937,0.6686618436223937,,,,1.0
31,water_gsolv_eV,224,1.0,0.0,0.6686618436223937,0.6686618436223937,,,,1.0
31,water_gsolv_eV,225,1.0,0.0,0.6686618436223937,0.6686618436223937,,,,1.0
31,water_gsolv_eV,226,1.0,0.0,0.6686618436223937,0.6686618436223937,,,,1.0
31,water_gsolv_eV,227,1.0,0.0,0.6686618436223937,0.6686618436223937,,,,1.0
31,water_gsolv_eV,228,1.0,0.0,0.6686618436223937,0.6686618436223937,,,,1.0
31,water_gsolv_eV,229,1.0,0.0,0.6686618436223937,0.6686618436223937,,,,1.0
31,water_gsolv_eV,230,1.0,0.0,0.6686618436223937,0.6686618436223937,,,,1.0
31,water_gsolv_eV,231,1.0,0.0,0.6686618436223937,0.6686618436223937,,,,1.0
31,water_gsolv_eV,232,1.0,0.0,0.6686618436223937,0.6686618436223937,,,,1.0
31,water_gsolv_eV,233,1.0,0.0,0.6686618436223937,0.6686618436223937,,,,1.0
31,water_gsolv_eV,234,1.0,0.0,0.6686618436223937,0.6686618436223937,,,,1.0
31,water_gsolv_eV,235,1.0,0.0,0.6686618436223937,0.6686618436223937,,,,1.0
31,water_gsolv_eV,236,1.0,0.0,0.6686618436223937,0.6686618436223937,,,,1.0
31,water_gsolv_eV,237,1.0,0.0,0.6686618436223937,0.6686618436223937,,,,1.0
31,water_gsolv_eV,238,1.0,0.0,0.6686618436223937,0.6686618436223937,,,,1.0
31,water_gsolv_eV,239,1.0,0.0,0.6686618436223937,0.6686618436223937,,,,1.0
31,water_gsolv_eV,240,1.0,0.0,0.6686618436223937,0.6686618436223937,,,,1.0
31,water_gsolv_eV,241,1.0,0.0,0.6686618436223937,0.6686618436223937,,,,1.0
31,water_gsolv_eV,242,1.0,0.0,0.6686618436223937,0.6686618436223937,,,,1.0
31,water_gsolv_eV,243,1.0,0.0,0.6686618436223937,0.6686618436223937,,,,1.0
31,water_gsolv_eV,244,1.0,0.0,0.6686618436223937,0.6686618436223937,,,,1.0
31,water_gsolv_eV,245,1.0,0.0,0.6686618436223937,0.6686618436223937,,,,1.0
31,water_gsolv_eV,246,1.0,0.0,0.6686618436223937,0.6686618436223937,,,,1.0
31,water_gsolv_eV,247,1.0,0.0,0.6686618436223937,0.6686618436223937,,,,1.0
31,water_gsolv_eV,248,1.0,0.0,0.6686618436223937,0.6686618436223937,,,,1.0
31,water_gsolv_eV,249,1.0,0.0,0.6686618436223937,0.6686618436223937,,,,1.0
31,water_hl_gap_eV,0,0.9999999403953552,0.0,0.7098236902112656,0.7098236902112656,,,,1.0
31,water_hl_gap_eV,1,0.9999999403953552,0.0,0.7098236902112656,0.7098236902112656,,,,1.0
31,water_hl_gap_eV,2,0.9999999403953552,0.0,0.7098236902112656,0.7098236902112656,,,,1.0
31,water_hl_gap_eV,3,0.9999999403953552,0.0,0.7098236902112656,0.7098236902112656,,,,1.0
31,water_hl_gap_eV,4,0.9999999403953552,0.0,0.7098236902112656,0.7098236902112656,,,,1.0
31,water_hl_gap_eV,5,0.9999999403953552,0.0,0.7098236902112656,0.7098236902112656,,,,1.0
31,water_hl_gap_eV,6,0.9999999403953552,0.0,0.7098236902112656,0.7098236902112656,,,,1.0
31,water_hl_gap_eV,7,0.9999999403953552,0.0,0.7098236902112656,0.7098236902112656,,,,1.0
31,water_hl_gap_eV,8,0.9999999403953552,0.0,0.7098236902112656,0.7098236902112656,,,,1.0
31,water_hl_gap_eV,9,0.9999999403953552,0.0,0.7098236902112656,0.7098236902112656,,,,1.0
31,water_hl_gap_eV,10,0.9999999403953552,0.0,0.7098236902112656,0.7098236902112656,,,,1.0
31,water_hl_gap_eV,11,0.9999999403953552,0.0,0.7098236902112656,0.7098236902112656,,,,1.0
31,water_hl_gap_eV,12,0.9999999403953552,0.0,0.7098236902112656,0.7098236902112656,,,,1.0
31,water_hl_gap_eV,13,0.9999999403953552,0.0,0.7098236902112656,0.7098236902112656,,,,1.0
31,water_hl_gap_eV,14,0.9999999403953552,0.0,0.7098236902112656,0.7098236902112656,,,,1.0
31,water_hl_gap_eV,15,0.9999999403953552,0.0,0.7098236902112656,0.7098236902112656,,,,1.0
31,water_hl_gap_eV,16,0.9999999403953552,0.0,0.7098236902112656,0.7098236902112656,,,,1.0
31,water_hl_gap_eV,17,0.9999999403953552,0.0,0.7098236902112656,0.7098236902112656,,,,1.0
31,water_hl_gap_eV,18,0.9999999403953552,0.0,0.7098236902112656,0.7098236902112656,,,,1.0
31,water_hl_gap_eV,19,0.9999999403953552,0.0,0.7098236902112656,0.7098236902112656,,,,1.0
31,water_hl_gap_eV,20,0.9999999403953552,0.0,0.7098236902112656,0.7098236902112656,,,,1.0
31,water_hl_gap_eV,21,0.9999999403953552,0.0,0.7098236902112656,0.7098236902112656,,,,1.0
31,water_hl_gap_eV,22,0.9999999403953552,0.0,0.7098236902112656,0.7098236902112656,,,,1.0
31,water_hl_gap_eV,23,0.9999999403953552,0.0,0.7098236902112656,0.7098236902112656,,,,1.0
31,water_hl_gap_eV,24,0.9999999403953552,0.0,0.7098236902112656,0.7098236902112656,,,,1.0
31,water_hl_gap_eV,25,0.9999999403953552,0.0,0.7098236902112656,0.7098236902112656,,,,1.0
31,water_hl_gap_eV,26,0.9999999403953552,0.0,0.7098236902112656,0.7098236902112656,,,,1.0
31,water_hl_gap_eV,27,0.9999999403953552,0.0,0.7098236902112656,0.7098236902112656,,,,1.0
31,water_hl_gap_eV,28,0.9999999403953552,0.0,0.7098236902112656,0.7098236902112656,,,,1.0
31,water_hl_gap_eV,29,0.9999999403953552,0.0,0.7098236902112656,0.7098236902112656,,,,1.0
31,water_hl_gap_eV,30,0.9999999403953552,0.0,0.7098236902112656,0.7098236902112656,,,,1.0
31,water_hl_gap_eV,31,0.9999999403953552,0.0,0.7098236902112656,0.7098236902112656,,,,1.0
31,water_hl_gap_eV,32,0.9999999403953552,0.0,0.7098236902112656,0.7098236902112656,,,,1.0
31,water_hl_gap_eV,33,0.9999999403953552,0.0,0.7098236902112656,0.7098236902112656,,,,1.0
31,water_hl_gap_eV,34,0.9999999403953552,0.0,0.7098236902112656,0.7098236902112656,,,,1.0
31,water_hl_gap_eV,35,0.9999999403953552,0.0,0.7098236902112656,0.7098236902112656,,,,1.0
31,water_hl_gap_eV,36,0.9999999403953552,0.0,0.7098236902112656,0.7098236902112656,,,,1.0
31,water_hl_gap_eV,37,0.9999999403953552,0.0,0.7098236902112656,0.7098236902112656,,,,1.0
31,water_hl_gap_eV,38,0.9999999403953552,0.0,0.7098236902112656,0.7098236902112656,,,,1.0
31,water_hl_gap_eV,39,0.9999999403953552,0.0,0.7098236902112656,0.7098236902112656,,,,1.0
31,water_hl_gap_eV,40,0.9999999403953552,0.0,0.7098236902112656,0.7098236902112656,,,,1.0
31,water_hl_gap_eV,41,0.9999999403953552,0.0,0.7098236902112656,0.7098236902112656,,,,1.0
31,water_hl_gap_eV,42,0.9999999403953552,0.0,0.7098236902112656,0.7098236902112656,,,,1.0
31,water_hl_gap_eV,43,0.9999999403953552,0.0,0.7098236902112656,0.7098236902112656,,,,1.0
31,water_hl_gap_eV,44,0.9999999403953552,0.0,0.7098236902112656,0.7098236902112656,,,,1.0
31,water_hl_gap_eV,45,0.9999999403953552,0.0,0.7098236902112656,0.7098236902112656,,,,1.0
31,water_hl_gap_eV,46,0.9999999403953552,0.0,0.7098236902112656,0.7098236902112656,,,,1.0
31,water_hl_gap_eV,47,0.9999999403953552,0.0,0.7098236902112656,0.7098236902112656,,,,1.0
31,water_hl_gap_eV,48,0.9999999403953552,0.0,0.7098236902112656,0.7098236902112656,,,,1.0
31,water_hl_gap_eV,49,0.9999999403953552,0.0,0.7098236902112656,0.7098236902112656,,,,1.0
31,water_hl_gap_eV,50,0.9999999403953552,0.0,0.7098236902112656,0.7098236902112656,,,,1.0
31,water_hl_gap_eV,51,0.9999999403953552,0.0,0.7098236902112656,0.7098236902112656,,,,1.0
31,water_hl_gap_eV,52,0.9999999403953552,0.0,0.7098236902112656,0.7098236902112656,,,,1.0
31,water_hl_gap_eV,53,0.9999999403953552,0.0,0.7098236902112656,0.7098236902112656,,,,1.0
31,water_hl_gap_eV,54,0.9999999403953552,0.0,0.7098236902112656,0.7098236902112656,,,,1.0
31,water_hl_gap_eV,55,0.9999999403953552,0.0,0.7098236902112656,0.7098236902112656,,,,1.0
31,water_hl_gap_eV,56,0.9999999403953552,0.0,0.7098236902112656,0.7098236902112656,,,,1.0
31,water_hl_gap_eV,57,0.9999999403953552,0.0,0.7098236902112656,0.7098236902112656,,,,1.0
31,water_hl_gap_eV,58,0.9999999403953552,0.0,0.7098236902112656,0.7098236902112656,,,,1.0
31,water_hl_gap_eV,59,0.9999999403953552,0.0,0.7098236902112656,0.7098236902112656,,,,1.0
31,water_hl_gap_eV,60,0.9999999403953552,0.0,0.7098236902112656,0.7098236902112656,,,,1.0
31,water_hl_gap_eV,61,0.9999999403953552,0.0,0.7098236902112656,0.7098236902112656,,,,1.0
31,water_hl_gap_eV,62,0.9999999403953552,0.0,0.7098236902112656,0.7098236902112656,,,,1.0
31,water_hl_gap_eV,63,0.9999999403953552,0.0,0.7098236902112656,0.7098236902112656,,,,1.0
31,water_hl_gap_eV,64,0.9999999403953552,0.0,0.7098236902112656,0.7098236902112656,,,,1.0
31,water_hl_gap_eV,65,0.9999999403953552,0.0,0.7098236902112656,0.7098236902112656,,,,1.0
31,water_hl_gap_eV,66,0.9999999403953552,0.0,0.7098236902112656,0.7098236902112656,,,,1.0
31,water_hl_gap_eV,67,0.9999999403953552,0.0,0.7098236902112656,0.7098236902112656,,,,1.0
31,water_hl_gap_eV,68,0.9999999403953552,0.0,0.7098236902112656,0.7098236902112656,,,,1.0
31,water_hl_gap_eV,69,0.9999999403953552,0.0,0.7098236902112656,0.7098236902112656,,,,1.0
31,water_hl_gap_eV,70,0.9999999403953552,0.0,0.7098236902112656,0.7098236902112656,,,,1.0
31,water_hl_gap_eV,71,0.9999999403953552,0.0,0.7098236902112656,0.7098236902112656,,,,1.0
31,water_hl_gap_eV,72,0.9999999403953552,0.0,0.7098236902112656,0.7098236902112656,,,,1.0
31,water_hl_gap_eV,73,0.9999999403953552,0.0,0.7098236902112656,0.7098236902112656,,,,1.0
31,water_hl_gap_eV,74,0.9999999403953552,0.0,0.7098236902112656,0.7098236902112656,,,,1.0
31,water_hl_gap_eV,75,0.9999999403953552,0.0,0.7098236902112656,0.7098236902112656,,,,1.0
31,water_hl_gap_eV,76,0.9999999403953552,0.0,0.7098236902112656,0.7098236902112656,,,,1.0
31,water_hl_gap_eV,77,0.9999999403953552,0.0,0.7098236902112656,0.7098236902112656,,,,1.0
31,water_hl_gap_eV,78,0.9999999403953552,0.0,0.7098236902112656,0.7098236902112656,,,,1.0
31,water_hl_gap_eV,79,0.9999999403953552,0.0,0.7098236902112656,0.7098236902112656,,,,1.0
31,water_hl_gap_eV,80,0.9999999403953552,0.0,0.7098236902112656,0.7098236902112656,,,,1.0
31,water_hl_gap_eV,81,0.9999999403953552,0.0,0.7098236902112656,0.7098236902112656,,,,1.0
31,water_hl_gap_eV,82,0.9999999403953552,0.0,0.7098236902112656,0.7098236902112656,,,,1.0
31,water_hl_gap_eV,83,0.9999999403953552,0.0,0.7098236902112656,0.7098236902112656,,,,1.0
31,water_hl_gap_eV,84,0.9999999403953552,0.0,0.7098236902112656,0.7098236902112656,,,,1.0
31,water_hl_gap_eV,85,0.9999999403953552,0.0,0.7098236902112656,0.7098236902112656,,,,1.0
31,water_hl_gap_eV,86,0.9999999403953552,0.0,0.7098236902112656,0.7098236902112656,,,,1.0
31,water_hl_gap_eV,87,0.9999999403953552,0.0,0.7098236902112656,0.7098236902112656,,,,1.0
31,water_hl_gap_eV,88,0.9999999403953552,0.0,0.7098236902112656,0.7098236902112656,,,,1.0
31,water_hl_gap_eV,89,0.9999999403953552,0.0,0.7098236902112656,0.7098236902112656,,,,1.0
31,water_hl_gap_eV,90,0.9999999403953552,0.0,0.7098236902112656,0.7098236902112656,,,,1.0
31,water_hl_gap_eV,91,0.9999999403953552,0.0,0.7098236902112656,0.7098236902112656,,,,1.0
31,water_hl_gap_eV,92,0.9999999403953552,0.0,0.7098236902112656,0.7098236902112656,,,,1.0
31,water_hl_gap_eV,93,0.9999999403953552,0.0,0.7098236902112656,0.7098236902112656,,,,1.0
31,water_hl_gap_eV,94,0.9999999403953552,0.0,0.7098236902112656,0.7098236902112656,,,,1.0
31,water_hl_gap_eV,95,0.9999999403953552,0.0,0.7098236902112656,0.7098236902112656,,,,1.0
31,water_hl_gap_eV,96,0.9999999403953552,0.0,0.7098236902112656,0.7098236902112656,,,,1.0
31,water_hl_gap_eV,97,0.9999999403953552,0.0,0.7098236902112656,0.7098236902112656,,,,1.0
31,water_hl_gap_eV,98,0.9999999403953552,0.0,0.7098236902112656,0.7098236902112656,,,,1.0
31,water_hl_gap_eV,99,0.9999999403953552,0.0,0.7098236902112656,0.7098236902112656,,,,1.0
31,water_hl_gap_eV,100,0.9999999403953552,0.0,0.7098236902112656,0.7098236902112656,,,,1.0
31,water_hl_gap_eV,101,0.9999999403953552,0.0,0.7098236902112656,0.7098236902112656,,,,1.0
31,water_hl_gap_eV,102,0.9999999403953552,0.0,0.7098236902112656,0.7098236902112656,,,,1.0
31,water_hl_gap_eV,103,0.9999999403953552,0.0,0.7098236902112656,0.7098236902112656,,,,1.0
31,water_hl_gap_eV,104,0.9999999403953552,0.0,0.7098236902112656,0.7098236902112656,,,,1.0
31,water_hl_gap_eV,105,0.9999999403953552,0.0,0.7098236902112656,0.7098236902112656,,,,1.0
31,water_hl_gap_eV,106,0.9999999403953552,0.0,0.7098236902112656,0.7098236902112656,,,,1.0
31,water_hl_gap_eV,107,0.9999999403953552,0.0,0.7098236902112656,0.7098236902112656,,,,1.0
31,water_hl_gap_eV,108,0.9999999403953552,0.0,0.7098236902112656,0.7098236902112656,,,,1.0
31,water_hl_gap_eV,109,0.9999999403953552,0.0,0.7098236902112656,0.7098236902112656,,,,1.0
31,water_hl_gap_eV,110,0.9999999403953552,0.0,0.7098236902112656,0.7098236902112656,,,,1.0
31,water_hl_gap_eV,111,0.9999999403953552,0.0,0.7098236902112656,0.7098236902112656,,,,1.0
31,water_hl_gap_eV,112,0.9999999403953552,0.0,0.7098236902112656,0.7098236902112656,,,,1.0
31,water_hl_gap_eV,113,0.9999999403953552,0.0,0.7098236902112656,0.7098236902112656,,,,1.0
31,water_hl_gap_eV,114,0.9999999403953552,0.0,0.7098236902112656,0.7098236902112656,,,,1.0
31,water_hl_gap_eV,115,0.9999999403953552,0.0,0.7098236902112656,0.7098236902112656,,,,1.0
31,water_hl_gap_eV,116,0.9999999403953552,0.0,0.7098236902112656,0.7098236902112656,,,,1.0
31,water_hl_gap_eV,117,0.9999999403953552,0.0,0.7098236902112656,0.7098236902112656,,,,1.0
31,water_hl_gap_eV,118,0.9999999403953552,0.0,0.7098236902112656,0.7098236902112656,,,,1.0
31,water_hl_gap_eV,119,0.9999999403953552,0.0,0.7098236902112656,0.7098236902112656,,,,1.0
31,water_hl_gap_eV,120,0.9999999403953552,0.0,0.7098236902112656,0.7098236902112656,,,,1.0
31,water_hl_gap_eV,121,0.9999999403953552,0.0,0.7098236902112656,0.7098236902112656,,,,1.0
31,water_hl_gap_eV,122,0.9999999403953552,0.0,0.7098236902112656,0.7098236902112656,,,,1.0
31,water_hl_gap_eV,123,0.9999999403953552,0.0,0.7098236902112656,0.7098236902112656,,,,1.0
31,water_hl_gap_eV,124,0.9999999403953552,0.0,0.7098236902112656,0.7098236902112656,,,,1.0
31,water_hl_gap_eV,125,0.9999999403953552,0.0,0.7098236902112656,0.7098236902112656,,,,1.0
31,water_hl_gap_eV,126,0.9999999403953552,0.0,0.7098236902112656,0.7098236902112656,,,,1.0
31,water_hl_gap_eV,127,0.9999999403953552,0.0,0.7098236902112656,0.7098236902112656,,,,1.0
31,water_hl_gap_eV,128,0.9999999403953552,0.0,0.7098236902112656,0.7098236902112656,,,,1.0
31,water_hl_gap_eV,129,0.9999999403953552,0.0,0.7098236902112656,0.7098236902112656,,,,1.0
31,water_hl_gap_eV,130,0.9999999403953552,0.0,0.7098236902112656,0.7098236902112656,,,,1.0
31,water_hl_gap_eV,131,0.9999999403953552,0.0,0.7098236902112656,0.7098236902112656,,,,1.0
31,water_hl_gap_eV,132,0.9999999403953552,0.0,0.7098236902112656,0.7098236902112656,,,,1.0
31,water_hl_gap_eV,133,0.9999999403953552,0.0,0.7098236902112656,0.7098236902112656,,,,1.0
31,water_hl_gap_eV,134,0.9999999403953552,0.0,0.7098236902112656,0.7098236902112656,,,,1.0
31,water_hl_gap_eV,135,0.9999999403953552,0.0,0.7098236902112656,0.7098236902112656,,,,1.0
31,water_hl_gap_eV,136,0.9999999403953552,0.0,0.7098236902112656,0.7098236902112656,,,,1.0
31,water_hl_gap_eV,137,0.9999999403953552,0.0,0.7098236902112656,0.7098236902112656,,,,1.0
31,water_hl_gap_eV,138,0.9999999403953552,0.0,0.7098236902112656,0.7098236902112656,,,,1.0
31,water_hl_gap_eV,139,0.9999999403953552,0.0,0.7098236902112656,0.7098236902112656,,,,1.0
31,water_hl_gap_eV,140,0.9999999403953552,0.0,0.7098236902112656,0.7098236902112656,,,,1.0
31,water_hl_gap_eV,141,0.9999999403953552,0.0,0.7098236902112656,0.7098236902112656,,,,1.0
31,water_hl_gap_eV,142,0.9999999403953552,0.0,0.7098236902112656,0.7098236902112656,,,,1.0
31,water_hl_gap_eV,143,0.9999999403953552,0.0,0.7098236902112656,0.7098236902112656,,,,1.0
31,water_hl_gap_eV,144,0.9999999403953552,0.0,0.7098236902112656,0.7098236902112656,,,,1.0
31,water_hl_gap_eV,145,0.9999999403953552,0.0,0.7098236902112656,0.7098236902112656,,,,1.0
31,water_hl_gap_eV,146,0.9999999403953552,0.0,0.7098236902112656,0.7098236902112656,,,,1.0
31,water_hl_gap_eV,147,0.9999999403953552,0.0,0.7098236902112656,0.7098236902112656,,,,1.0
31,water_hl_gap_eV,148,0.9999999403953552,0.0,0.7098236902112656,0.7098236902112656,,,,1.0
31,water_hl_gap_eV,149,0.9999999403953552,0.0,0.7098236902112656,0.7098236902112656,,,,1.0
31,water_hl_gap_eV,150,0.9999999403953552,0.0,0.7098236902112656,0.7098236902112656,,,,1.0
31,water_hl_gap_eV,151,0.9999999403953552,0.0,0.7098236902112656,0.7098236902112656,,,,1.0
31,water_hl_gap_eV,152,0.9999999403953552,0.0,0.7098236902112656,0.7098236902112656,,,,1.0
31,water_hl_gap_eV,153,0.9999999403953552,0.0,0.7098236902112656,0.7098236902112656,,,,1.0
31,water_hl_gap_eV,154,0.9999999403953552,0.0,0.7098236902112656,0.7098236902112656,,,,1.0
31,water_hl_gap_eV,155,0.9999999403953552,0.0,0.7098236902112656,0.7098236902112656,,,,1.0
31,water_hl_gap_eV,156,0.9999999403953552,0.0,0.7098236902112656,0.7098236902112656,,,,1.0
31,water_hl_gap_eV,157,0.9999999403953552,0.0,0.7098236902112656,0.7098236902112656,,,,1.0
31,water_hl_gap_eV,158,0.9999999403953552,0.0,0.7098236902112656,0.7098236902112656,,,,1.0
31,water_hl_gap_eV,159,0.9999999403953552,0.0,0.7098236902112656,0.7098236902112656,,,,1.0
31,water_hl_gap_eV,160,0.9999999403953552,0.0,0.7098236902112656,0.7098236902112656,,,,1.0
31,water_hl_gap_eV,161,0.9999999403953552,0.0,0.7098236902112656,0.7098236902112656,,,,1.0
31,water_hl_gap_eV,162,0.9999999403953552,0.0,0.7098236902112656,0.7098236902112656,,,,1.0
31,water_hl_gap_eV,163,0.9999999403953552,0.0,0.7098236902112656,0.7098236902112656,,,,1.0
31,water_hl_gap_eV,164,0.9999999403953552,0.0,0.7098236902112656,0.7098236902112656,,,,1.0
31,water_hl_gap_eV,165,0.9999999403953552,0.0,0.7098236902112656,0.7098236902112656,,,,1.0
31,water_hl_gap_eV,166,0.9999999403953552,0.0,0.7098236902112656,0.7098236902112656,,,,1.0
31,water_hl_gap_eV,167,0.9999999403953552,0.0,0.7098236902112656,0.7098236902112656,,,,1.0
31,water_hl_gap_eV,168,0.9999999403953552,0.0,0.7098236902112656,0.7098236902112656,,,,1.0
31,water_hl_gap_eV,169,0.9999999403953552,0.0,0.7098236902112656,0.7098236902112656,,,,1.0
31,water_hl_gap_eV,170,0.9999999403953552,0.0,0.7098236902112656,0.7098236902112656,,,,1.0
31,water_hl_gap_eV,171,0.9999999403953552,0.0,0.7098236902112656,0.7098236902112656,,,,1.0
31,water_hl_gap_eV,172,0.9999999403953552,0.0,0.7098236902112656,0.7098236902112656,,,,1.0
31,water_hl_gap_eV,173,0.9999999403953552,0.0,0.7098236902112656,0.7098236902112656,,,,1.0
31,water_hl_gap_eV,174,0.9999999403953552,0.0,0.7098236902112656,0.7098236902112656,,,,1.0
31,water_hl_gap_eV,175,0.9999999403953552,0.0,0.7098236902112656,0.7098236902112656,,,,1.0
31,water_hl_gap_eV,176,0.9999999403953552,0.0,0.7098236902112656,0.7098236902112656,,,,1.0
31,water_hl_gap_eV,177,0.9999999403953552,0.0,0.7098236902112656,0.7098236902112656,,,,1.0
31,water_hl_gap_eV,178,0.9999999403953552,0.0,0.7098236902112656,0.7098236902112656,,,,1.0
31,water_hl_gap_eV,179,0.9999999403953552,0.0,0.7098236902112656,0.7098236902112656,,,,1.0
31,water_hl_gap_eV,180,0.9999999403953552,0.0,0.7098236902112656,0.7098236902112656,,,,1.0
31,water_hl_gap_eV,181,0.9999999403953552,0.0,0.7098236902112656,0.7098236902112656,,,,1.0
31,water_hl_gap_eV,182,0.9999999403953552,0.0,0.7098236902112656,0.7098236902112656,,,,1.0
31,water_hl_gap_eV,183,0.9999999403953552,0.0,0.7098236902112656,0.7098236902112656,,,,1.0
31,water_hl_gap_eV,184,0.9999999403953552,0.0,0.7098236902112656,0.7098236902112656,,,,1.0
31,water_hl_gap_eV,185,0.9999999403953552,0.0,0.7098236902112656,0.7098236902112656,,,,1.0
31,water_hl_gap_eV,186,0.9999999403953552,0.0,0.7098236902112656,0.7098236902112656,,,,1.0
31,water_hl_gap_eV,187,0.9999999403953552,0.0,0.7098236902112656,0.7098236902112656,,,,1.0
31,water_hl_gap_eV,188,0.9999999403953552,0.0,0.7098236902112656,0.7098236902112656,,,,1.0
31,water_hl_gap_eV,189,0.9999999403953552,0.0,0.7098236902112656,0.7098236902112656,,,,1.0
31,water_hl_gap_eV,190,0.9999999403953552,0.0,0.7098236902112656,0.7098236902112656,,,,1.0
31,water_hl_gap_eV,191,0.9999999403953552,0.0,0.7098236902112656,0.7098236902112656,,,,1.0
31,water_hl_gap_eV,192,0.9999999403953552,0.0,0.7098236902112656,0.7098236902112656,,,,1.0
31,water_hl_gap_eV,193,0.9999999403953552,0.0,0.7098236902112656,0.7098236902112656,,,,1.0
31,water_hl_gap_eV,194,0.9999999403953552,0.0,0.7098236902112656,0.7098236902112656,,,,1.0
31,water_hl_gap_eV,195,0.9999999403953552,0.0,0.7098236902112656,0.7098236902112656,,,,1.0
31,water_hl_gap_eV,196,0.9999999403953552,0.0,0.7098236902112656,0.7098236902112656,,,,1.0
31,water_hl_gap_eV,197,0.9999999403953552,0.0,0.7098236902112656,0.7098236902112656,,,,1.0
31,water_hl_gap_eV,198,0.9999999403953552,0.0,0.7098236902112656,0.7098236902112656,,,,1.0
31,water_hl_gap_eV,199,0.9999999403953552,0.0,0.7098236902112656,0.7098236902112656,,,,1.0
31,water_hl_gap_eV,200,0.9999999403953552,0.0,0.7098236902112656,0.7098236902112656,,,,1.0
31,water_hl_gap_eV,201,0.9999999403953552,0.0,0.7098236902112656,0.7098236902112656,,,,1.0
31,water_hl_gap_eV,202,0.9999999403953552,0.0,0.7098236902112656,0.7098236902112656,,,,1.0
31,water_hl_gap_eV,203,0.9999999403953552,0.0,0.7098236902112656,0.7098236902112656,,,,1.0
31,water_hl_gap_eV,204,0.9999999403953552,0.0,0.7098236902112656,0.7098236902112656,,,,1.0
31,water_hl_gap_eV,205,0.9999999403953552,0.0,0.7098236902112656,0.7098236902112656,,,,1.0
31,water_hl_gap_eV,206,0.9999999403953552,0.0,0.7098236902112656,0.7098236902112656,,,,1.0
31,water_hl_gap_eV,207,0.9999999403953552,0.0,0.7098236902112656,0.7098236902112656,,,,1.0
31,water_hl_gap_eV,208,0.9999999403953552,0.0,0.7098236902112656,0.7098236902112656,,,,1.0
31,water_hl_gap_eV,209,0.9999999403953552,0.0,0.7098236902112656,0.7098236902112656,,,,1.0
31,water_hl_gap_eV,210,0.9999999403953552,0.0,0.7098236902112656,0.7098236902112656,,,,1.0
31,water_hl_gap_eV,211,0.9999999403953552,0.0,0.7098236902112656,0.7098236902112656,,,,1.0
31,water_hl_gap_eV,212,0.9999999403953552,0.0,0.7098236902112656,0.7098236902112656,,,,1.0
31,water_hl_gap_eV,213,0.9999999403953552,0.0,0.7098236902112656,0.7098236902112656,,,,1.0
31,water_hl_gap_eV,214,0.9999999403953552,0.0,0.7098236902112656,0.7098236902112656,,,,1.0
31,water_hl_gap_eV,215,0.9999999403953552,0.0,0.7098236902112656,0.7098236902112656,,,,1.0
31,water_hl_gap_eV,216,0.9999999403953552,0.0,0.7098236902112656,0.7098236902112656,,,,1.0
31,water_hl_gap_eV,217,0.9999999403953552,0.0,0.7098236902112656,0.7098236902112656,,,,1.0
31,water_hl_gap_eV,218,0.9999999403953552,0.0,0.7098236902112656,0.7098236902112656,,,,1.0
31,water_hl_gap_eV,219,0.9999999403953552,0.0,0.7098236902112656,0.7098236902112656,,,,1.0
31,water_hl_gap_eV,220,0.9999999403953552,0.0,0.7098236902112656,0.7098236902112656,,,,1.0
31,water_hl_gap_eV,221,0.9999999403953552,0.0,0.7098236902112656,0.7098236902112656,,,,1.0
31,water_hl_gap_eV,222,0.9999999403953552,0.0,0.7098236902112656,0.7098236902112656,,,,1.0
31,water_hl_gap_eV,223,0.9999999403953552,0.0,0.7098236902112656,0.7098236902112656,,,,1.0
31,water_hl_gap_eV,224,0.9999999403953552,0.0,0.7098236902112656,0.7098236902112656,,,,1.0
31,water_hl_gap_eV,225,0.9999999403953552,0.0,0.7098236902112656,0.7098236902112656,,,,1.0
31,water_hl_gap_eV,226,0.9999999403953552,0.0,0.7098236902112656,0.7098236902112656,,,,1.0
31,water_hl_gap_eV,227,0.9999999403953552,0.0,0.7098236902112656,0.7098236902112656,,,,1.0
31,water_hl_gap_eV,228,0.9999999403953552,0.0,0.7098236902112656,0.7098236902112656,,,,1.0
31,water_hl_gap_eV,229,0.9999999403953552,0.0,0.7098236902112656,0.7098236902112656,,,,1.0
31,water_hl_gap_eV,230,0.9999999403953552,0.0,0.7098236902112656,0.7098236902112656,,,,1.0
31,water_hl_gap_eV,231,0.9999999403953552,0.0,0.7098236902112656,0.7098236902112656,,,,1.0
31,water_hl_gap_eV,232,0.9999999403953552,0.0,0.7098236902112656,0.7098236902112656,,,,1.0
31,water_hl_gap_eV,233,0.9999999403953552,0.0,0.7098236902112656,0.7098236902112656,,,,1.0
31,water_hl_gap_eV,234,0.9999999403953552,0.0,0.7098236902112656,0.7098236902112656,,,,1.0
31,water_hl_gap_eV,235,0.9999999403953552,0.0,0.7098236902112656,0.7098236902112656,,,,1.0
31,water_hl_gap_eV,236,0.9999999403953552,0.0,0.7098236902112656,0.7098236902112656,,,,1.0
31,water_hl_gap_eV,237,0.9999999403953552,0.0,0.7098236902112656,0.7098236902112656,,,,1.0
31,water_hl_gap_eV,238,0.9999999403953552,0.0,0.7098236902112656,0.7098236902112656,,,,1.0
31,water_hl_gap_eV,239,0.9999999403953552,0.0,0.7098236902112656,0.7098236902112656,,,,1.0
31,water_hl_gap_eV,240,0.9999999403953552,0.0,0.7098236902112656,0.7098236902112656,,,,1.0
31,water_hl_gap_eV,241,0.9999999403953552,0.0,0.7098236902112656,0.7098236902112656,,,,1.0
31,water_hl_gap_eV,242,0.9999999403953552,0.0,0.7098236902112656,0.7098236902112656,,,,1.0
31,water_hl_gap_eV,243,0.9999999403953552,0.0,0.7098236902112656,0.7098236902112656,,,,1.0
31,water_hl_gap_eV,244,0.9999999403953552,0.0,0.7098236902112656,0.7098236902112656,,,,1.0
31,water_hl_gap_eV,245,0.9999999403953552,0.0,0.7098236902112656,0.7098236902112656,,,,1.0
31,water_hl_gap_eV,246,0.9999999403953552,0.0,0.7098236902112656,0.7098236902112656,,,,1.0
31,water_hl_gap_eV,247,0.9999999403953552,0.0,0.7098236902112656,0.7098236902112656,,,,1.0
31,water_hl_gap_eV,248,0.9999999403953552,0.0,0.7098236902112656,0.7098236902112656,,,,1.0
31,water_hl_gap_eV,249,0.9999999403953552,0.0,0.7098236902112656,0.7098236902112656,,,,1.0
31,water_dipole,0,0.9999999403953552,0.0,0.6165327561222351,0.6165327561222351,,,,1.0
31,water_dipole,1,0.9999999403953552,0.0,0.6165327561222351,0.6165327561222351,,,,1.0
31,water_dipole,2,0.9999999403953552,0.0,0.6165327561222351,0.6165327561222351,,,,1.0
31,water_dipole,3,0.9999999403953552,0.0,0.6165327561222351,0.6165327561222351,,,,1.0
31,water_dipole,4,0.9999999403953552,0.0,0.6165327561222351,0.6165327561222351,,,,1.0
31,water_dipole,5,0.9999999403953552,0.0,0.6165327561222351,0.6165327561222351,,,,1.0
31,water_dipole,6,0.9999999403953552,0.0,0.6165327561222351,0.6165327561222351,,,,1.0
31,water_dipole,7,0.9999999403953552,0.0,0.6165327561222351,0.6165327561222351,,,,1.0
31,water_dipole,8,0.9999999403953552,0.0,0.6165327561222351,0.6165327561222351,,,,1.0
31,water_dipole,9,0.9999999403953552,0.0,0.6165327561222351,0.6165327561222351,,,,1.0
31,water_dipole,10,0.9999999403953552,0.0,0.6165327561222351,0.6165327561222351,,,,1.0
31,water_dipole,11,0.9999999403953552,0.0,0.6165327561222351,0.6165327561222351,,,,1.0
31,water_dipole,12,0.9999999403953552,0.0,0.6165327561222351,0.6165327561222351,,,,1.0
31,water_dipole,13,0.9999999403953552,0.0,0.6165327561222351,0.6165327561222351,,,,1.0
31,water_dipole,14,0.9999999403953552,0.0,0.6165327561222351,0.6165327561222351,,,,1.0
31,water_dipole,15,0.9999999403953552,0.0,0.6165327561222351,0.6165327561222351,,,,1.0
31,water_dipole,16,0.9999999403953552,0.0,0.6165327561222351,0.6165327561222351,,,,1.0
31,water_dipole,17,0.9999999403953552,0.0,0.6165327561222351,0.6165327561222351,,,,1.0
31,water_dipole,18,0.9999999403953552,0.0,0.6165327561222351,0.6165327561222351,,,,1.0
31,water_dipole,19,0.9999999403953552,0.0,0.6165327561222351,0.6165327561222351,,,,1.0
31,water_dipole,20,0.9999999403953552,0.0,0.6165327561222351,0.6165327561222351,,,,1.0
31,water_dipole,21,0.9999999403953552,0.0,0.6165327561222351,0.6165327561222351,,,,1.0
31,water_dipole,22,0.9999999403953552,0.0,0.6165327561222351,0.6165327561222351,,,,1.0
31,water_dipole,23,0.9999999403953552,0.0,0.6165327561222351,0.6165327561222351,,,,1.0
31,water_dipole,24,0.9999999403953552,0.0,0.6165327561222351,0.6165327561222351,,,,1.0
31,water_dipole,25,0.9999999403953552,0.0,0.6165327561222351,0.6165327561222351,,,,1.0
31,water_dipole,26,0.9999999403953552,0.0,0.6165327561222351,0.6165327561222351,,,,1.0
31,water_dipole,27,0.9999999403953552,0.0,0.6165327561222351,0.6165327561222351,,,,1.0
31,water_dipole,28,0.9999999403953552,0.0,0.6165327561222351,0.6165327561222351,,,,1.0
31,water_dipole,29,0.9999999403953552,0.0,0.6165327561222351,0.6165327561222351,,,,1.0
31,water_dipole,30,0.9999999403953552,0.0,0.6165327561222351,0.6165327561222351,,,,1.0
31,water_dipole,31,0.9999999403953552,0.0,0.6165327561222351,0.6165327561222351,,,,1.0
31,water_dipole,32,0.9999999403953552,0.0,0.6165327561222351,0.6165327561222351,,,,1.0
31,water_dipole,33,0.9999999403953552,0.0,0.6165327561222351,0.6165327561222351,,,,1.0
31,water_dipole,34,0.9999999403953552,0.0,0.6165327561222351,0.6165327561222351,,,,1.0
31,water_dipole,35,0.9999999403953552,0.0,0.6165327561222351,0.6165327561222351,,,,1.0
31,water_dipole,36,0.9999999403953552,0.0,0.6165327561222351,0.6165327561222351,,,,1.0
31,water_dipole,37,0.9999999403953552,0.0,0.6165327561222351,0.6165327561222351,,,,1.0
31,water_dipole,38,0.9999999403953552,0.0,0.6165327561222351,0.6165327561222351,,,,1.0
31,water_dipole,39,0.9999999403953552,0.0,0.6165327561222351,0.6165327561222351,,,,1.0
31,water_dipole,40,0.9999999403953552,0.0,0.6165327561222351,0.6165327561222351,,,,1.0
31,water_dipole,41,0.9999999403953552,0.0,0.6165327561222351,0.6165327561222351,,,,1.0
31,water_dipole,42,0.9999999403953552,0.0,0.6165327561222351,0.6165327561222351,,,,1.0
31,water_dipole,43,0.9999999403953552,0.0,0.6165327561222351,0.6165327561222351,,,,1.0
31,water_dipole,44,0.9999999403953552,0.0,0.6165327561222351,0.6165327561222351,,,,1.0
31,water_dipole,45,0.9999999403953552,0.0,0.6165327561222351,0.6165327561222351,,,,1.0
31,water_dipole,46,0.9999999403953552,0.0,0.6165327561222351,0.6165327561222351,,,,1.0
31,water_dipole,47,0.9999999403953552,0.0,0.6165327561222351,0.6165327561222351,,,,1.0
31,water_dipole,48,0.9999999403953552,0.0,0.6165327561222351,0.6165327561222351,,,,1.0
31,water_dipole,49,0.9999999403953552,0.0,0.6165327561222351,0.6165327561222351,,,,1.0
31,water_dipole,50,0.9999999403953552,0.0,0.6165327561222351,0.6165327561222351,,,,1.0
31,water_dipole,51,0.9999999403953552,0.0,0.6165327561222351,0.6165327561222351,,,,1.0
31,water_dipole,52,0.9999999403953552,0.0,0.6165327561222351,0.6165327561222351,,,,1.0
31,water_dipole,53,0.9999999403953552,0.0,0.6165327561222351,0.6165327561222351,,,,1.0
31,water_dipole,54,0.9999999403953552,0.0,0.6165327561222351,0.6165327561222351,,,,1.0
31,water_dipole,55,0.9999999403953552,0.0,0.6165327561222351,0.6165327561222351,,,,1.0
31,water_dipole,56,0.9999999403953552,0.0,0.6165327561222351,0.6165327561222351,,,,1.0
31,water_dipole,57,0.9999999403953552,0.0,0.6165327561222351,0.6165327561222351,,,,1.0
31,water_dipole,58,0.9999999403953552,0.0,0.6165327561222351,0.6165327561222351,,,,1.0
31,water_dipole,59,0.9999999403953552,0.0,0.6165327561222351,0.6165327561222351,,,,1.0
31,water_dipole,60,0.9999999403953552,0.0,0.6165327561222351,0.6165327561222351,,,,1.0
31,water_dipole,61,0.9999999403953552,0.0,0.6165327561222351,0.6165327561222351,,,,1.0
31,water_dipole,62,0.9999999403953552,0.0,0.6165327561222351,0.6165327561222351,,,,1.0
31,water_dipole,63,0.9999999403953552,0.0,0.6165327561222351,0.6165327561222351,,,,1.0
31,water_dipole,64,0.9999999403953552,0.0,0.6165327561222351,0.6165327561222351,,,,1.0
31,water_dipole,65,0.9999999403953552,0.0,0.6165327561222351,0.6165327561222351,,,,1.0
31,water_dipole,66,0.9999999403953552,0.0,0.6165327561222351,0.6165327561222351,,,,1.0
31,water_dipole,67,0.9999999403953552,0.0,0.6165327561222351,0.6165327561222351,,,,1.0
31,water_dipole,68,0.9999999403953552,0.0,0.6165327561222351,0.6165327561222351,,,,1.0
31,water_dipole,69,0.9999999403953552,0.0,0.6165327561222351,0.6165327561222351,,,,1.0
31,water_dipole,70,0.9999999403953552,0.0,0.6165327561222351,0.6165327561222351,,,,1.0
31,water_dipole,71,0.9999999403953552,0.0,0.6165327561222351,0.6165327561222351,,,,1.0
31,water_dipole,72,0.9999999403953552,0.0,0.6165327561222351,0.6165327561222351,,,,1.0
31,water_dipole,73,0.9999999403953552,0.0,0.6165327561222351,0.6165327561222351,,,,1.0
31,water_dipole,74,0.9999999403953552,0.0,0.6165327561222351,0.6165327561222351,,,,1.0
31,water_dipole,75,0.9999999403953552,0.0,0.6165327561222351,0.6165327561222351,,,,1.0
31,water_dipole,76,0.9999999403953552,0.0,0.6165327561222351,0.6165327561222351,,,,1.0
31,water_dipole,77,0.9999999403953552,0.0,0.6165327561222351,0.6165327561222351,,,,1.0
31,water_dipole,78,0.9999999403953552,0.0,0.6165327561222351,0.6165327561222351,,,,1.0
31,water_dipole,79,0.9999999403953552,0.0,0.6165327561222351,0.6165327561222351,,,,1.0
31,water_dipole,80,0.9999999403953552,0.0,0.6165327561222351,0.6165327561222351,,,,1.0
31,water_dipole,81,0.9999999403953552,0.0,0.6165327561222351,0.6165327561222351,,,,1.0
31,water_dipole,82,0.9999999403953552,0.0,0.6165327561222351,0.6165327561222351,,,,1.0
31,water_dipole,83,0.9999999403953552,0.0,0.6165327561222351,0.6165327561222351,,,,1.0
31,water_dipole,84,0.9999999403953552,0.0,0.6165327561222351,0.6165327561222351,,,,1.0
31,water_dipole,85,0.9999999403953552,0.0,0.6165327561222351,0.6165327561222351,,,,1.0
31,water_dipole,86,0.9999999403953552,0.0,0.6165327561222351,0.6165327561222351,,,,1.0
31,water_dipole,87,0.9999999403953552,0.0,0.6165327561222351,0.6165327561222351,,,,1.0
31,water_dipole,88,0.9999999403953552,0.0,0.6165327561222351,0.6165327561222351,,,,1.0
31,water_dipole,89,0.9999999403953552,0.0,0.6165327561222351,0.6165327561222351,,,,1.0
31,water_dipole,90,0.9999999403953552,0.0,0.6165327561222351,0.6165327561222351,,,,1.0
31,water_dipole,91,0.9999999403953552,0.0,0.6165327561222351,0.6165327561222351,,,,1.0
31,water_dipole,92,0.9999999403953552,0.0,0.6165327561222351,0.6165327561222351,,,,1.0
31,water_dipole,93,0.9999999403953552,0.0,0.6165327561222351,0.6165327561222351,,,,1.0
31,water_dipole,94,0.9999999403953552,0.0,0.6165327561222351,0.6165327561222351,,,,1.0
31,water_dipole,95,0.9999999403953552,0.0,0.6165327561222351,0.6165327561222351,,,,1.0
31,water_dipole,96,0.9999999403953552,0.0,0.6165327561222351,0.6165327561222351,,,,1.0
31,water_dipole,97,0.9999999403953552,0.0,0.6165327561222351,0.6165327561222351,,,,1.0
31,water_dipole,98,0.9999999403953552,0.0,0.6165327561222351,0.6165327561222351,,,,1.0
31,water_dipole,99,0.9999999403953552,0.0,0.6165327561222351,0.6165327561222351,,,,1.0
31,water_dipole,100,0.9999999403953552,0.0,0.6165327561222351,0.6165327561222351,,,,1.0
31,water_dipole,101,0.9999999403953552,0.0,0.6165327561222351,0.6165327561222351,,,,1.0
31,water_dipole,102,0.9999999403953552,0.0,0.6165327561222351,0.6165327561222351,,,,1.0
31,water_dipole,103,0.9999999403953552,0.0,0.6165327561222351,0.6165327561222351,,,,1.0
31,water_dipole,104,0.9999999403953552,0.0,0.6165327561222351,0.6165327561222351,,,,1.0
31,water_dipole,105,0.9999999403953552,0.0,0.6165327561222351,0.6165327561222351,,,,1.0
31,water_dipole,106,0.9999999403953552,0.0,0.6165327561222351,0.6165327561222351,,,,1.0
31,water_dipole,107,0.9999999403953552,0.0,0.6165327561222351,0.6165327561222351,,,,1.0
31,water_dipole,108,0.9999999403953552,0.0,0.6165327561222351,0.6165327561222351,,,,1.0
31,water_dipole,109,0.9999999403953552,0.0,0.6165327561222351,0.6165327561222351,,,,1.0
31,water_dipole,110,0.9999999403953552,0.0,0.6165327561222351,0.6165327561222351,,,,1.0
31,water_dipole,111,0.9999999403953552,0.0,0.6165327561222351,0.6165327561222351,,,,1.0
31,water_dipole,112,0.9999999403953552,0.0,0.6165327561222351,0.6165327561222351,,,,1.0
31,water_dipole,113,0.9999999403953552,0.0,0.6165327561222351,0.6165327561222351,,,,1.0
31,water_dipole,114,0.9999999403953552,0.0,0.6165327561222351,0.6165327561222351,,,,1.0
31,water_dipole,115,0.9999999403953552,0.0,0.6165327561222351,0.6165327561222351,,,,1.0
31,water_dipole,116,0.9999999403953552,0.0,0.6165327561222351,0.6165327561222351,,,,1.0
31,water_dipole,117,0.9999999403953552,0.0,0.6165327561222351,0.6165327561222351,,,,1.0
31,water_dipole,118,0.9999999403953552,0.0,0.6165327561222351,0.6165327561222351,,,,1.0
31,water_dipole,119,0.9999999403953552,0.0,0.6165327561222351,0.6165327561222351,,,,1.0
31,water_dipole,120,0.9999999403953552,0.0,0.6165327561222351,0.6165327561222351,,,,1.0
31,water_dipole,121,0.9999999403953552,0.0,0.6165327561222351,0.6165327561222351,,,,1.0
31,water_dipole,122,0.9999999403953552,0.0,0.6165327561222351,0.6165327561222351,,,,1.0
31,water_dipole,123,0.9999999403953552,0.0,0.6165327561222351,0.6165327561222351,,,,1.0
31,water_dipole,124,0.9999999403953552,0.0,0.6165327561222351,0.6165327561222351,,,,1.0
31,water_dipole,125,0.9999999403953552,0.0,0.6165327561222351,0.6165327561222351,,,,1.0
31,water_dipole,126,0.9999999403953552,0.0,0.6165327561222351,0.6165327561222351,,,,1.0
31,water_dipole,127,0.9999999403953552,0.0,0.6165327561222351,0.6165327561222351,,,,1.0
31,water_dipole,128,0.9999999403953552,0.0,0.6165327561222351,0.6165327561222351,,,,1.0
31,water_dipole,129,0.9999999403953552,0.0,0.6165327561222351,0.6165327561222351,,,,1.0
31,water_dipole,130,0.9999999403953552,0.0,0.6165327561222351,0.6165327561222351,,,,1.0
31,water_dipole,131,0.9999999403953552,0.0,0.6165327561222351,0.6165327561222351,,,,1.0
31,water_dipole,132,0.9999999403953552,0.0,0.6165327561222351,0.6165327561222351,,,,1.0
31,water_dipole,133,0.9999999403953552,0.0,0.6165327561222351,0.6165327561222351,,,,1.0
31,water_dipole,134,0.9999999403953552,0.0,0.6165327561222351,0.6165327561222351,,,,1.0
31,water_dipole,135,0.9999999403953552,0.0,0.6165327561222351,0.6165327561222351,,,,1.0
31,water_dipole,136,0.9999999403953552,0.0,0.6165327561222351,0.6165327561222351,,,,1.0
31,water_dipole,137,0.9999999403953552,0.0,0.6165327561222351,0.6165327561222351,,,,1.0
31,water_dipole,138,0.9999999403953552,0.0,0.6165327561222351,0.6165327561222351,,,,1.0
31,water_dipole,139,0.9999999403953552,0.0,0.6165327561222351,0.6165327561222351,,,,1.0
31,water_dipole,140,0.9999999403953552,0.0,0.6165327561222351,0.6165327561222351,,,,1.0
31,water_dipole,141,0.9999999403953552,0.0,0.6165327561222351,0.6165327561222351,,,,1.0
31,water_dipole,142,0.9999999403953552,0.0,0.6165327561222351,0.6165327561222351,,,,1.0
31,water_dipole,143,0.9999999403953552,0.0,0.6165327561222351,0.6165327561222351,,,,1.0
31,water_dipole,144,0.9999999403953552,0.0,0.6165327561222351,0.6165327561222351,,,,1.0
31,water_dipole,145,0.9999999403953552,0.0,0.6165327561222351,0.6165327561222351,,,,1.0
31,water_dipole,146,0.9999999403953552,0.0,0.6165327561222351,0.6165327561222351,,,,1.0
31,water_dipole,147,0.9999999403953552,0.0,0.6165327561222351,0.6165327561222351,,,,1.0
31,water_dipole,148,0.9999999403953552,0.0,0.6165327561222351,0.6165327561222351,,,,1.0
31,water_dipole,149,0.9999999403953552,0.0,0.6165327561222351,0.6165327561222351,,,,1.0
31,water_dipole,150,0.9999999403953552,0.0,0.6165327561222351,0.6165327561222351,,,,1.0
31,water_dipole,151,0.9999999403953552,0.0,0.6165327561222351,0.6165327561222351,,,,1.0
31,water_dipole,152,0.9999999403953552,0.0,0.6165327561222351,0.6165327561222351,,,,1.0
31,water_dipole,153,0.9999999403953552,0.0,0.6165327561222351,0.6165327561222351,,,,1.0
31,water_dipole,154,0.9999999403953552,0.0,0.6165327561222351,0.6165327561222351,,,,1.0
31,water_dipole,155,0.9999999403953552,0.0,0.6165327561222351,0.6165327561222351,,,,1.0
31,water_dipole,156,0.9999999403953552,0.0,0.6165327561222351,0.6165327561222351,,,,1.0
31,water_dipole,157,0.9999999403953552,0.0,0.6165327561222351,0.6165327561222351,,,,1.0
31,water_dipole,158,0.9999999403953552,0.0,0.6165327561222351,0.6165327561222351,,,,1.0
31,water_dipole,159,0.9999999403953552,0.0,0.6165327561222351,0.6165327561222351,,,,1.0
31,water_dipole,160,0.9999999403953552,0.0,0.6165327561222351,0.6165327561222351,,,,1.0
31,water_dipole,161,0.9999999403953552,0.0,0.6165327561222351,0.6165327561222351,,,,1.0
31,water_dipole,162,0.9999999403953552,0.0,0.6165327561222351,0.6165327561222351,,,,1.0
31,water_dipole,163,0.9999999403953552,0.0,0.6165327561222351,0.6165327561222351,,,,1.0
31,water_dipole,164,0.9999999403953552,0.0,0.6165327561222351,0.6165327561222351,,,,1.0
31,water_dipole,165,0.9999999403953552,0.0,0.6165327561222351,0.6165327561222351,,,,1.0
31,water_dipole,166,0.9999999403953552,0.0,0.6165327561222351,0.6165327561222351,,,,1.0
31,water_dipole,167,0.9999999403953552,0.0,0.6165327561222351,0.6165327561222351,,,,1.0
31,water_dipole,168,0.9999999403953552,0.0,0.6165327561222351,0.6165327561222351,,,,1.0
31,water_dipole,169,0.9999999403953552,0.0,0.6165327561222351,0.6165327561222351,,,,1.0
31,water_dipole,170,0.9999999403953552,0.0,0.6165327561222351,0.6165327561222351,,,,1.0
31,water_dipole,171,0.9999999403953552,0.0,0.6165327561222351,0.6165327561222351,,,,1.0
31,water_dipole,172,0.9999999403953552,0.0,0.6165327561222351,0.6165327561222351,,,,1.0
31,water_dipole,173,0.9999999403953552,0.0,0.6165327561222351,0.6165327561222351,,,,1.0
31,water_dipole,174,0.9999999403953552,0.0,0.6165327561222351,0.6165327561222351,,,,1.0
31,water_dipole,175,0.9999999403953552,0.0,0.6165327561222351,0.6165327561222351,,,,1.0
31,water_dipole,176,0.9999999403953552,0.0,0.6165327561222351,0.6165327561222351,,,,1.0
31,water_dipole,177,0.9999999403953552,0.0,0.6165327561222351,0.6165327561222351,,,,1.0
31,water_dipole,178,0.9999999403953552,0.0,0.6165327561222351,0.6165327561222351,,,,1.0
31,water_dipole,179,0.9999999403953552,0.0,0.6165327561222351,0.6165327561222351,,,,1.0
31,water_dipole,180,0.9999999403953552,0.0,0.6165327561222351,0.6165327561222351,,,,1.0
31,water_dipole,181,0.9999999403953552,0.0,0.6165327561222351,0.6165327561222351,,,,1.0
31,water_dipole,182,0.9999999403953552,0.0,0.6165327561222351,0.6165327561222351,,,,1.0
31,water_dipole,183,0.9999999403953552,0.0,0.6165327561222351,0.6165327561222351,,,,1.0
31,water_dipole,184,0.9999999403953552,0.0,0.6165327561222351,0.6165327561222351,,,,1.0
31,water_dipole,185,0.9999999403953552,0.0,0.6165327561222351,0.6165327561222351,,,,1.0
31,water_dipole,186,0.9999999403953552,0.0,0.6165327561222351,0.6165327561222351,,,,1.0
31,water_dipole,187,0.9999999403953552,0.0,0.6165327561222351,0.6165327561222351,,,,1.0
31,water_dipole,188,0.9999999403953552,0.0,0.6165327561222351,0.6165327561222351,,,,1.0
31,water_dipole,189,0.9999999403953552,0.0,0.6165327561222351,0.6165327561222351,,,,1.0
31,water_dipole,190,0.9999999403953552,0.0,0.6165327561222351,0.6165327561222351,,,,1.0
31,water_dipole,191,0.9999999403953552,0.0,0.6165327561222351,0.6165327561222351,,,,1.0
31,water_dipole,192,0.9999999403953552,0.0,0.6165327561222351,0.6165327561222351,,,,1.0
31,water_dipole,193,0.9999999403953552,0.0,0.6165327561222351,0.6165327561222351,,,,1.0
31,water_dipole,194,0.9999999403953552,0.0,0.6165327561222351,0.6165327561222351,,,,1.0
31,water_dipole,195,0.9999999403953552,0.0,0.6165327561222351,0.6165327561222351,,,,1.0
31,water_dipole,196,0.9999999403953552,0.0,0.6165327561222351,0.6165327561222351,,,,1.0
31,water_dipole,197,0.9999999403953552,0.0,0.6165327561222351,0.6165327561222351,,,,1.0
31,water_dipole,198,0.9999999403953552,0.0,0.6165327561222351,0.6165327561222351,,,,1.0
31,water_dipole,199,0.9999999403953552,0.0,0.6165327561222351,0.6165327561222351,,,,1.0
31,water_dipole,200,0.9999999403953552,0.0,0.6165327561222351,0.6165327561222351,,,,1.0
31,water_dipole,201,0.9999999403953552,0.0,0.6165327561222351,0.6165327561222351,,,,1.0
31,water_dipole,202,0.9999999403953552,0.0,0.6165327561222351,0.6165327561222351,,,,1.0
31,water_dipole,203,0.9999999403953552,0.0,0.6165327561222351,0.6165327561222351,,,,1.0
31,water_dipole,204,0.9999999403953552,0.0,0.6165327561222351,0.6165327561222351,,,,1.0
31,water_dipole,205,0.9999999403953552,0.0,0.6165327561222351,0.6165327561222351,,,,1.0
31,water_dipole,206,0.9999999403953552,0.0,0.6165327561222351,0.6165327561222351,,,,1.0
31,water_dipole,207,0.9999999403953552,0.0,0.6165327561222351,0.6165327561222351,,,,1.0
31,water_dipole,208,0.9999999403953552,0.0,0.6165327561222351,0.6165327561222351,,,,1.0
31,water_dipole,209,0.9999999403953552,0.0,0.6165327561222351,0.6165327561222351,,,,1.0
31,water_dipole,210,0.9999999403953552,0.0,0.6165327561222351,0.6165327561222351,,,,1.0
31,water_dipole,211,0.9999999403953552,0.0,0.6165327561222351,0.6165327561222351,,,,1.0
31,water_dipole,212,0.9999999403953552,0.0,0.6165327561222351,0.6165327561222351,,,,1.0
31,water_dipole,213,0.9999999403953552,0.0,0.6165327561222351,0.6165327561222351,,,,1.0
31,water_dipole,214,0.9999999403953552,0.0,0.6165327561222351,0.6165327561222351,,,,1.0
31,water_dipole,215,0.9999999403953552,0.0,0.6165327561222351,0.6165327561222351,,,,1.0
31,water_dipole,216,0.9999999403953552,0.0,0.6165327561222351,0.6165327561222351,,,,1.0
31,water_dipole,217,0.9999999403953552,0.0,0.6165327561222351,0.6165327561222351,,,,1.0
31,water_dipole,218,0.9999999403953552,0.0,0.6165327561222351,0.6165327561222351,,,,1.0
31,water_dipole,219,0.9999999403953552,0.0,0.6165327561222351,0.6165327561222351,,,,1.0
31,water_dipole,220,0.9999999403953552,0.0,0.6165327561222351,0.6165327561222351,,,,1.0
31,water_dipole,221,0.9999999403953552,0.0,0.6165327561222351,0.6165327561222351,,,,1.0
31,water_dipole,222,0.9999999403953552,0.0,0.6165327561222351,0.6165327561222351,,,,1.0
31,water_dipole,223,0.9999999403953552,0.0,0.6165327561222351,0.6165327561222351,,,,1.0
31,water_dipole,224,0.9999999403953552,0.0,0.6165327561222351,0.6165327561222351,,,,1.0
31,water_dipole,225,0.9999999403953552,0.0,0.6165327561222351,0.6165327561222351,,,,1.0
31,water_dipole,226,0.9999999403953552,0.0,0.6165327561222351,0.6165327561222351,,,,1.0
31,water_dipole,227,0.9999999403953552,0.0,0.6165327561222351,0.6165327561222351,,,,1.0
31,water_dipole,228,0.9999999403953552,0.0,0.6165327561222351,0.6165327561222351,,,,1.0
31,water_dipole,229,0.9999999403953552,0.0,0.6165327561222351,0.6165327561222351,,,,1.0
31,water_dipole,230,0.9999999403953552,0.0,0.6165327561222351,0.6165327561222351,,,,1.0
31,water_dipole,231,0.9999999403953552,0.0,0.6165327561222351,0.6165327561222351,,,,1.0
31,water_dipole,232,0.9999999403953552,0.0,0.6165327561222351,0.6165327561222351,,,,1.0
31,water_dipole,233,0.9999999403953552,0.0,0.6165327561222351,0.6165327561222351,,,,1.0
31,water_dipole,234,0.9999999403953552,0.0,0.6165327561222351,0.6165327561222351,,,,1.0
31,water_dipole,235,0.9999999403953552,0.0,0.6165327561222351,0.6165327561222351,,,,1.0
31,water_dipole,236,0.9999999403953552,0.0,0.6165327561222351,0.6165327561222351,,,,1.0
31,water_dipole,237,0.9999999403953552,0.0,0.6165327561222351,0.6165327561222351,,,,1.0
31,water_dipole,238,0.9999999403953552,0.0,0.6165327561222351,0.6165327561222351,,,,1.0
31,water_dipole,239,0.9999999403953552,0.0,0.6165327561222351,0.6165327561222351,,,,1.0
31,water_dipole,240,0.9999999403953552,0.0,0.6165327561222351,0.6165327561222351,,,,1.0
31,water_dipole,241,0.9999999403953552,0.0,0.6165327561222351,0.6165327561222351,,,,1.0
31,water_dipole,242,0.9999999403953552,0.0,0.6165327561222351,0.6165327561222351,,,,1.0
31,water_dipole,243,0.9999999403953552,0.0,0.6165327561222351,0.6165327561222351,,,,1.0
31,water_dipole,244,0.9999999403953552,0.0,0.6165327561222351,0.6165327561222351,,,,1.0
31,water_dipole,245,0.9999999403953552,0.0,0.6165327561222351,0.6165327561222351,,,,1.0
31,water_dipole,246,0.9999999403953552,0.0,0.6165327561222351,0.6165327561222351,,,,1.0
31,water_dipole,247,0.9999999403953552,0.0,0.6165327561222351,0.6165327561222351,,,,1.0
31,water_dipole,248,0.9999999403953552,0.0,0.6165327561222351,0.6165327561222351,,,,1.0
31,water_dipole,249,0.9999999403953552,0.0,0.6165327561222351,0.6165327561222351,,,,1.0
31,acetone_gsolv_eV,0,1.0,0.0,0.645849848163569,0.645849848163569,,,,1.0
31,acetone_gsolv_eV,1,1.0,0.0,0.645849848163569,0.645849848163569,,,,1.0
31,acetone_gsolv_eV,2,1.0,0.0,0.645849848163569,0.645849848163569,,,,1.0
31,acetone_gsolv_eV,3,1.0,0.0,0.645849848163569,0.645849848163569,,,,1.0
31,acetone_gsolv_eV,4,1.0,0.0,0.645849848163569,0.645849848163569,,,,1.0
31,acetone_gsolv_eV,5,1.0,0.0,0.645849848163569,0.645849848163569,,,,1.0
31,acetone_gsolv_eV,6,1.0,0.0,0.645849848163569,0.645849848163569,,,,1.0
31,acetone_gsolv_eV,7,1.0,0.0,0.645849848163569,0.645849848163569,,,,1.0
31,acetone_gsolv_eV,8,1.0,0.0,0.645849848163569,0.645849848163569,,,,1.0
31,acetone_gsolv_eV,9,1.0,0.0,0.645849848163569,0.645849848163569,,,,1.0
31,acetone_gsolv_eV,10,1.0,0.0,0.645849848163569,0.645849848163569,,,,1.0
31,acetone_gsolv_eV,11,1.0,0.0,0.645849848163569,0.645849848163569,,,,1.0
31,acetone_gsolv_eV,12,1.0,0.0,0.645849848163569,0.645849848163569,,,,1.0
31,acetone_gsolv_eV,13,1.0,0.0,0.645849848163569,0.645849848163569,,,,1.0
31,acetone_gsolv_eV,14,1.0,0.0,0.645849848163569,0.645849848163569,,,,1.0
31,acetone_gsolv_eV,15,1.0,0.0,0.645849848163569,0.645849848163569,,,,1.0
31,acetone_gsolv_eV,16,1.0,0.0,0.645849848163569,0.645849848163569,,,,1.0
31,acetone_gsolv_eV,17,1.0,0.0,0.645849848163569,0.645849848163569,,,,1.0
31,acetone_gsolv_eV,18,1.0,0.0,0.645849848163569,0.645849848163569,,,,1.0
31,acetone_gsolv_eV,19,1.0,0.0,0.645849848163569,0.645849848163569,,,,1.0
31,acetone_gsolv_eV,20,1.0,0.0,0.645849848163569,0.645849848163569,,,,1.0
31,acetone_gsolv_eV,21,1.0,0.0,0.645849848163569,0.645849848163569,,,,1.0
31,acetone_gsolv_eV,22,1.0,0.0,0.645849848163569,0.645849848163569,,,,1.0
31,acetone_gsolv_eV,23,1.0,0.0,0.645849848163569,0.645849848163569,,,,1.0
31,acetone_gsolv_eV,24,1.0,0.0,0.645849848163569,0.645849848163569,,,,1.0
31,acetone_gsolv_eV,25,1.0,0.0,0.645849848163569,0.645849848163569,,,,1.0
31,acetone_gsolv_eV,26,1.0,0.0,0.645849848163569,0.645849848163569,,,,1.0
31,acetone_gsolv_eV,27,1.0,0.0,0.645849848163569,0.645849848163569,,,,1.0
31,acetone_gsolv_eV,28,1.0,0.0,0.645849848163569,0.645849848163569,,,,1.0
31,acetone_gsolv_eV,29,1.0,0.0,0.645849848163569,0.645849848163569,,,,1.0
31,acetone_gsolv_eV,30,1.0,0.0,0.645849848163569,0.645849848163569,,,,1.0
31,acetone_gsolv_eV,31,1.0,0.0,0.645849848163569,0.645849848163569,,,,1.0
31,acetone_gsolv_eV,32,1.0,0.0,0.645849848163569,0.645849848163569,,,,1.0
31,acetone_gsolv_eV,33,1.0,0.0,0.645849848163569,0.645849848163569,,,,1.0
31,acetone_gsolv_eV,34,1.0,0.0,0.645849848163569,0.645849848163569,,,,1.0
31,acetone_gsolv_eV,35,1.0,0.0,0.645849848163569,0.645849848163569,,,,1.0
31,acetone_gsolv_eV,36,1.0,0.0,0.645849848163569,0.645849848163569,,,,1.0
31,acetone_gsolv_eV,37,1.0,0.0,0.645849848163569,0.645849848163569,,,,1.0
31,acetone_gsolv_eV,38,1.0,0.0,0.645849848163569,0.645849848163569,,,,1.0
31,acetone_gsolv_eV,39,1.0,0.0,0.645849848163569,0.645849848163569,,,,1.0
31,acetone_gsolv_eV,40,1.0,0.0,0.645849848163569,0.645849848163569,,,,1.0
31,acetone_gsolv_eV,41,1.0,0.0,0.645849848163569,0.645849848163569,,,,1.0
31,acetone_gsolv_eV,42,1.0,0.0,0.645849848163569,0.645849848163569,,,,1.0
31,acetone_gsolv_eV,43,1.0,0.0,0.645849848163569,0.645849848163569,,,,1.0
31,acetone_gsolv_eV,44,1.0,0.0,0.645849848163569,0.645849848163569,,,,1.0
31,acetone_gsolv_eV,45,1.0,0.0,0.645849848163569,0.645849848163569,,,,1.0
31,acetone_gsolv_eV,46,1.0,0.0,0.645849848163569,0.645849848163569,,,,1.0
31,acetone_gsolv_eV,47,1.0,0.0,0.645849848163569,0.645849848163569,,,,1.0
31,acetone_gsolv_eV,48,1.0,0.0,0.645849848163569,0.645849848163569,,,,1.0
31,acetone_gsolv_eV,49,1.0,0.0,0.645849848163569,0.645849848163569,,,,1.0
31,acetone_gsolv_eV,50,1.0,0.0,0.645849848163569,0.645849848163569,,,,1.0
31,acetone_gsolv_eV,51,1.0,0.0,0.645849848163569,0.645849848163569,,,,1.0
31,acetone_gsolv_eV,52,1.0,0.0,0.645849848163569,0.645849848163569,,,,1.0
31,acetone_gsolv_eV,53,1.0,0.0,0.645849848163569,0.645849848163569,,,,1.0
31,acetone_gsolv_eV,54,1.0,0.0,0.645849848163569,0.645849848163569,,,,1.0
31,acetone_gsolv_eV,55,1.0,0.0,0.645849848163569,0.645849848163569,,,,1.0
31,acetone_gsolv_eV,56,1.0,0.0,0.645849848163569,0.645849848163569,,,,1.0
31,acetone_gsolv_eV,57,1.0,0.0,0.645849848163569,0.645849848163569,,,,1.0
31,acetone_gsolv_eV,58,1.0,0.0,0.645849848163569,0.645849848163569,,,,1.0
31,acetone_gsolv_eV,59,1.0,0.0,0.645849848163569,0.645849848163569,,,,1.0
31,acetone_gsolv_eV,60,1.0,0.0,0.645849848163569,0.645849848163569,,,,1.0
31,acetone_gsolv_eV,61,1.0,0.0,0.645849848163569,0.645849848163569,,,,1.0
31,acetone_gsolv_eV,62,1.0,0.0,0.645849848163569,0.645849848163569,,,,1.0
31,acetone_gsolv_eV,63,1.0,0.0,0.645849848163569,0.645849848163569,,,,1.0
31,acetone_gsolv_eV,64,1.0,0.0,0.645849848163569,0.645849848163569,,,,1.0
31,acetone_gsolv_eV,65,1.0,0.0,0.645849848163569,0.645849848163569,,,,1.0
31,acetone_gsolv_eV,66,1.0,0.0,0.645849848163569,0.645849848163569,,,,1.0
31,acetone_gsolv_eV,67,1.0,0.0,0.645849848163569,0.645849848163569,,,,1.0
31,acetone_gsolv_eV,68,1.0,0.0,0.645849848163569,0.645849848163569,,,,1.0
31,acetone_gsolv_eV,69,1.0,0.0,0.645849848163569,0.645849848163569,,,,1.0
31,acetone_gsolv_eV,70,1.0,0.0,0.645849848163569,0.645849848163569,,,,1.0
31,acetone_gsolv_eV,71,1.0,0.0,0.645849848163569,0.645849848163569,,,,1.0
31,acetone_gsolv_eV,72,1.0,0.0,0.645849848163569,0.645849848163569,,,,1.0
31,acetone_gsolv_eV,73,1.0,0.0,0.645849848163569,0.645849848163569,,,,1.0
31,acetone_gsolv_eV,74,1.0,0.0,0.645849848163569,0.645849848163569,,,,1.0
31,acetone_gsolv_eV,75,1.0,0.0,0.645849848163569,0.645849848163569,,,,1.0
31,acetone_gsolv_eV,76,1.0,0.0,0.645849848163569,0.645849848163569,,,,1.0
31,acetone_gsolv_eV,77,1.0,0.0,0.645849848163569,0.645849848163569,,,,1.0
31,acetone_gsolv_eV,78,1.0,0.0,0.645849848163569,0.645849848163569,,,,1.0
31,acetone_gsolv_eV,79,1.0,0.0,0.645849848163569,0.645849848163569,,,,1.0
31,acetone_gsolv_eV,80,1.0,0.0,0.645849848163569,0.645849848163569,,,,1.0
31,acetone_gsolv_eV,81,1.0,0.0,0.645849848163569,0.645849848163569,,,,1.0
31,acetone_gsolv_eV,82,1.0,0.0,0.645849848163569,0.645849848163569,,,,1.0
31,acetone_gsolv_eV,83,1.0,0.0,0.645849848163569,0.645849848163569,,,,1.0
31,acetone_gsolv_eV,84,1.0,0.0,0.645849848163569,0.645849848163569,,,,1.0
31,acetone_gsolv_eV,85,1.0,0.0,0.645849848163569,0.645849848163569,,,,1.0
31,acetone_gsolv_eV,86,1.0,0.0,0.645849848163569,0.645849848163569,,,,1.0
31,acetone_gsolv_eV,87,1.0,0.0,0.645849848163569,0.645849848163569,,,,1.0
31,acetone_gsolv_eV,88,1.0,0.0,0.645849848163569,0.645849848163569,,,,1.0
31,acetone_gsolv_eV,89,1.0,0.0,0.645849848163569,0.645849848163569,,,,1.0
31,acetone_gsolv_eV,90,1.0,0.0,0.645849848163569,0.645849848163569,,,,1.0
31,acetone_gsolv_eV,91,1.0,0.0,0.645849848163569,0.645849848163569,,,,1.0
31,acetone_gsolv_eV,92,1.0,0.0,0.645849848163569,0.645849848163569,,,,1.0
31,acetone_gsolv_eV,93,1.0,0.0,0.645849848163569,0.645849848163569,,,,1.0
31,acetone_gsolv_eV,94,1.0,0.0,0.645849848163569,0.645849848163569,,,,1.0
31,acetone_gsolv_eV,95,1.0,0.0,0.645849848163569,0.645849848163569,,,,1.0
31,acetone_gsolv_eV,96,1.0,0.0,0.645849848163569,0.645849848163569,,,,1.0
31,acetone_gsolv_eV,97,1.0,0.0,0.645849848163569,0.645849848163569,,,,1.0
31,acetone_gsolv_eV,98,1.0,0.0,0.645849848163569,0.645849848163569,,,,1.0
31,acetone_gsolv_eV,99,1.0,0.0,0.645849848163569,0.645849848163569,,,,1.0
31,acetone_gsolv_eV,100,1.0,0.0,0.645849848163569,0.645849848163569,,,,1.0
31,acetone_gsolv_eV,101,1.0,0.0,0.645849848163569,0.645849848163569,,,,1.0
31,acetone_gsolv_eV,102,1.0,0.0,0.645849848163569,0.645849848163569,,,,1.0
31,acetone_gsolv_eV,103,1.0,0.0,0.645849848163569,0.645849848163569,,,,1.0
31,acetone_gsolv_eV,104,1.0,0.0,0.645849848163569,0.645849848163569,,,,1.0
31,acetone_gsolv_eV,105,1.0,0.0,0.645849848163569,0.645849848163569,,,,1.0
31,acetone_gsolv_eV,106,1.0,0.0,0.645849848163569,0.645849848163569,,,,1.0
31,acetone_gsolv_eV,107,1.0,0.0,0.645849848163569,0.645849848163569,,,,1.0
31,acetone_gsolv_eV,108,1.0,0.0,0.645849848163569,0.645849848163569,,,,1.0
31,acetone_gsolv_eV,109,1.0,0.0,0.645849848163569,0.645849848163569,,,,1.0
31,acetone_gsolv_eV,110,1.0,0.0,0.645849848163569,0.645849848163569,,,,1.0
31,acetone_gsolv_eV,111,1.0,0.0,0.645849848163569,0.645849848163569,,,,1.0
31,acetone_gsolv_eV,112,1.0,0.0,0.645849848163569,0.645849848163569,,,,1.0
31,acetone_gsolv_eV,113,1.0,0.0,0.645849848163569,0.645849848163569,,,,1.0
31,acetone_gsolv_eV,114,1.0,0.0,0.645849848163569,0.645849848163569,,,,1.0
31,acetone_gsolv_eV,115,1.0,0.0,0.645849848163569,0.645849848163569,,,,1.0
31,acetone_gsolv_eV,116,1.0,0.0,0.645849848163569,0.645849848163569,,,,1.0
31,acetone_gsolv_eV,117,1.0,0.0,0.645849848163569,0.645849848163569,,,,1.0
31,acetone_gsolv_eV,118,1.0,0.0,0.645849848163569,0.645849848163569,,,,1.0
31,acetone_gsolv_eV,119,1.0,0.0,0.645849848163569,0.645849848163569,,,,1.0
31,acetone_gsolv_eV,120,1.0,0.0,0.645849848163569,0.645849848163569,,,,1.0
31,acetone_gsolv_eV,121,1.0,0.0,0.645849848163569,0.645849848163569,,,,1.0
31,acetone_gsolv_eV,122,1.0,0.0,0.645849848163569,0.645849848163569,,,,1.0
31,acetone_gsolv_eV,123,1.0,0.0,0.645849848163569,0.645849848163569,,,,1.0
31,acetone_gsolv_eV,124,1.0,0.0,0.645849848163569,0.645849848163569,,,,1.0
31,acetone_gsolv_eV,125,1.0,0.0,0.645849848163569,0.645849848163569,,,,1.0
31,acetone_gsolv_eV,126,1.0,0.0,0.645849848163569,0.645849848163569,,,,1.0
31,acetone_gsolv_eV,127,1.0,0.0,0.645849848163569,0.645849848163569,,,,1.0
31,acetone_gsolv_eV,128,1.0,0.0,0.645849848163569,0.645849848163569,,,,1.0
31,acetone_gsolv_eV,129,1.0,0.0,0.645849848163569,0.645849848163569,,,,1.0
31,acetone_gsolv_eV,130,1.0,0.0,0.645849848163569,0.645849848163569,,,,1.0
31,acetone_gsolv_eV,131,1.0,0.0,0.645849848163569,0.645849848163569,,,,1.0
31,acetone_gsolv_eV,132,1.0,0.0,0.645849848163569,0.645849848163569,,,,1.0
31,acetone_gsolv_eV,133,1.0,0.0,0.645849848163569,0.645849848163569,,,,1.0
31,acetone_gsolv_eV,134,1.0,0.0,0.645849848163569,0.645849848163569,,,,1.0
31,acetone_gsolv_eV,135,1.0,0.0,0.645849848163569,0.645849848163569,,,,1.0
31,acetone_gsolv_eV,136,1.0,0.0,0.645849848163569,0.645849848163569,,,,1.0
31,acetone_gsolv_eV,137,1.0,0.0,0.645849848163569,0.645849848163569,,,,1.0
31,acetone_gsolv_eV,138,1.0,0.0,0.645849848163569,0.645849848163569,,,,1.0
31,acetone_gsolv_eV,139,1.0,0.0,0.645849848163569,0.645849848163569,,,,1.0
31,acetone_gsolv_eV,140,1.0,0.0,0.645849848163569,0.645849848163569,,,,1.0
31,acetone_gsolv_eV,141,1.0,0.0,0.645849848163569,0.645849848163569,,,,1.0
31,acetone_gsolv_eV,142,1.0,0.0,0.645849848163569,0.645849848163569,,,,1.0
31,acetone_gsolv_eV,143,1.0,0.0,0.645849848163569,0.645849848163569,,,,1.0
31,acetone_gsolv_eV,144,1.0,0.0,0.645849848163569,0.645849848163569,,,,1.0
31,acetone_gsolv_eV,145,1.0,0.0,0.645849848163569,0.645849848163569,,,,1.0
31,acetone_gsolv_eV,146,1.0,0.0,0.645849848163569,0.645849848163569,,,,1.0
31,acetone_gsolv_eV,147,1.0,0.0,0.645849848163569,0.645849848163569,,,,1.0
31,acetone_gsolv_eV,148,1.0,0.0,0.645849848163569,0.645849848163569,,,,1.0
31,acetone_gsolv_eV,149,1.0,0.0,0.645849848163569,0.645849848163569,,,,1.0
31,acetone_gsolv_eV,150,1.0,0.0,0.645849848163569,0.645849848163569,,,,1.0
31,acetone_gsolv_eV,151,1.0,0.0,0.645849848163569,0.645849848163569,,,,1.0
31,acetone_gsolv_eV,152,1.0,0.0,0.645849848163569,0.645849848163569,,,,1.0
31,acetone_gsolv_eV,153,1.0,0.0,0.645849848163569,0.645849848163569,,,,1.0
31,acetone_gsolv_eV,154,1.0,0.0,0.645849848163569,0.645849848163569,,,,1.0
31,acetone_gsolv_eV,155,1.0,0.0,0.645849848163569,0.645849848163569,,,,1.0
31,acetone_gsolv_eV,156,1.0,0.0,0.645849848163569,0.645849848163569,,,,1.0
31,acetone_gsolv_eV,157,1.0,0.0,0.645849848163569,0.645849848163569,,,,1.0
31,acetone_gsolv_eV,158,1.0,0.0,0.645849848163569,0.645849848163569,,,,1.0
31,acetone_gsolv_eV,159,1.0,0.0,0.645849848163569,0.645849848163569,,,,1.0
31,acetone_gsolv_eV,160,1.0,0.0,0.645849848163569,0.645849848163569,,,,1.0
31,acetone_gsolv_eV,161,1.0,0.0,0.645849848163569,0.645849848163569,,,,1.0
31,acetone_gsolv_eV,162,1.0,0.0,0.645849848163569,0.645849848163569,,,,1.0
31,acetone_gsolv_eV,163,1.0,0.0,0.645849848163569,0.645849848163569,,,,1.0
31,acetone_gsolv_eV,164,1.0,0.0,0.645849848163569,0.645849848163569,,,,1.0
31,acetone_gsolv_eV,165,1.0,0.0,0.645849848163569,0.645849848163569,,,,1.0
31,acetone_gsolv_eV,166,1.0,0.0,0.645849848163569,0.645849848163569,,,,1.0
31,acetone_gsolv_eV,167,1.0,0.0,0.645849848163569,0.645849848163569,,,,1.0
31,acetone_gsolv_eV,168,1.0,0.0,0.645849848163569,0.645849848163569,,,,1.0
31,acetone_gsolv_eV,169,1.0,0.0,0.645849848163569,0.645849848163569,,,,1.0
31,acetone_gsolv_eV,170,1.0,0.0,0.645849848163569,0.645849848163569,,,,1.0
31,acetone_gsolv_eV,171,1.0,0.0,0.645849848163569,0.645849848163569,,,,1.0
31,acetone_gsolv_eV,172,1.0,0.0,0.645849848163569,0.645849848163569,,,,1.0
31,acetone_gsolv_eV,173,1.0,0.0,0.645849848163569,0.645849848163569,,,,1.0
31,acetone_gsolv_eV,174,1.0,0.0,0.645849848163569,0.645849848163569,,,,1.0
31,acetone_gsolv_eV,175,1.0,0.0,0.645849848163569,0.645849848163569,,,,1.0
31,acetone_gsolv_eV,176,1.0,0.0,0.645849848163569,0.645849848163569,,,,1.0
31,acetone_gsolv_eV,177,1.0,0.0,0.645849848163569,0.645849848163569,,,,1.0
31,acetone_gsolv_eV,178,1.0,0.0,0.645849848163569,0.645849848163569,,,,1.0
31,acetone_gsolv_eV,179,1.0,0.0,0.645849848163569,0.645849848163569,,,,1.0
31,acetone_gsolv_eV,180,1.0,0.0,0.645849848163569,0.645849848163569,,,,1.0
31,acetone_gsolv_eV,181,1.0,0.0,0.645849848163569,0.645849848163569,,,,1.0
31,acetone_gsolv_eV,182,1.0,0.0,0.645849848163569,0.645849848163569,,,,1.0
31,acetone_gsolv_eV,183,1.0,0.0,0.645849848163569,0.645849848163569,,,,1.0
31,acetone_gsolv_eV,184,1.0,0.0,0.645849848163569,0.645849848163569,,,,1.0
31,acetone_gsolv_eV,185,1.0,0.0,0.645849848163569,0.645849848163569,,,,1.0
31,acetone_gsolv_eV,186,1.0,0.0,0.645849848163569,0.645849848163569,,,,1.0
31,acetone_gsolv_eV,187,1.0,0.0,0.645849848163569,0.645849848163569,,,,1.0
31,acetone_gsolv_eV,188,1.0,0.0,0.645849848163569,0.645849848163569,,,,1.0
31,acetone_gsolv_eV,189,1.0,0.0,0.645849848163569,0.645849848163569,,,,1.0
31,acetone_gsolv_eV,190,1.0,0.0,0.645849848163569,0.645849848163569,,,,1.0
31,acetone_gsolv_eV,191,1.0,0.0,0.645849848163569,0.645849848163569,,,,1.0
31,acetone_gsolv_eV,192,1.0,0.0,0.645849848163569,0.645849848163569,,,,1.0
31,acetone_gsolv_eV,193,1.0,0.0,0.645849848163569,0.645849848163569,,,,1.0
31,acetone_gsolv_eV,194,1.0,0.0,0.645849848163569,0.645849848163569,,,,1.0
31,acetone_gsolv_eV,195,1.0,0.0,0.645849848163569,0.645849848163569,,,,1.0
31,acetone_gsolv_eV,196,1.0,0.0,0.645849848163569,0.645849848163569,,,,1.0
31,acetone_gsolv_eV,197,1.0,0.0,0.645849848163569,0.645849848163569,,,,1.0
31,acetone_gsolv_eV,198,1.0,0.0,0.645849848163569,0.645849848163569,,,,1.0
31,acetone_gsolv_eV,199,1.0,0.0,0.645849848163569,0.645849848163569,,,,1.0
31,acetone_gsolv_eV,200,1.0,0.0,0.645849848163569,0.645849848163569,,,,1.0
31,acetone_gsolv_eV,201,1.0,0.0,0.645849848163569,0.645849848163569,,,,1.0
31,acetone_gsolv_eV,202,1.0,0.0,0.645849848163569,0.645849848163569,,,,1.0
31,acetone_gsolv_eV,203,1.0,0.0,0.645849848163569,0.645849848163569,,,,1.0
31,acetone_gsolv_eV,204,1.0,0.0,0.645849848163569,0.645849848163569,,,,1.0
31,acetone_gsolv_eV,205,1.0,0.0,0.645849848163569,0.645849848163569,,,,1.0
31,acetone_gsolv_eV,206,1.0,0.0,0.645849848163569,0.645849848163569,,,,1.0
31,acetone_gsolv_eV,207,1.0,0.0,0.645849848163569,0.645849848163569,,,,1.0
31,acetone_gsolv_eV,208,1.0,0.0,0.645849848163569,0.645849848163569,,,,1.0
31,acetone_gsolv_eV,209,1.0,0.0,0.645849848163569,0.645849848163569,,,,1.0
31,acetone_gsolv_eV,210,1.0,0.0,0.645849848163569,0.645849848163569,,,,1.0
31,acetone_gsolv_eV,211,1.0,0.0,0.645849848163569,0.645849848163569,,,,1.0
31,acetone_gsolv_eV,212,1.0,0.0,0.645849848163569,0.645849848163569,,,,1.0
31,acetone_gsolv_eV,213,1.0,0.0,0.645849848163569,0.645849848163569,,,,1.0
31,acetone_gsolv_eV,214,1.0,0.0,0.645849848163569,0.645849848163569,,,,1.0
31,acetone_gsolv_eV,215,1.0,0.0,0.645849848163569,0.645849848163569,,,,1.0
31,acetone_gsolv_eV,216,1.0,0.0,0.645849848163569,0.645849848163569,,,,1.0
31,acetone_gsolv_eV,217,1.0,0.0,0.645849848163569,0.645849848163569,,,,1.0
31,acetone_gsolv_eV,218,1.0,0.0,0.645849848163569,0.645849848163569,,,,1.0
31,acetone_gsolv_eV,219,1.0,0.0,0.645849848163569,0.645849848163569,,,,1.0
31,acetone_gsolv_eV,220,1.0,0.0,0.645849848163569,0.645849848163569,,,,1.0
31,acetone_gsolv_eV,221,1.0,0.0,0.645849848163569,0.645849848163569,,,,1.0
31,acetone_gsolv_eV,222,1.0,0.0,0.645849848163569,0.645849848163569,,,,1.0
31,acetone_gsolv_eV,223,1.0,0.0,0.645849848163569,0.645849848163569,,,,1.0
31,acetone_gsolv_eV,224,1.0,0.0,0.645849848163569,0.645849848163569,,,,1.0
31,acetone_gsolv_eV,225,1.0,0.0,0.645849848163569,0.645849848163569,,,,1.0
31,acetone_gsolv_eV,226,1.0,0.0,0.645849848163569,0.645849848163569,,,,1.0
31,acetone_gsolv_eV,227,1.0,0.0,0.645849848163569,0.645849848163569,,,,1.0
31,acetone_gsolv_eV,228,1.0,0.0,0.645849848163569,0.645849848163569,,,,1.0
31,acetone_gsolv_eV,229,1.0,0.0,0.645849848163569,0.645849848163569,,,,1.0
31,acetone_gsolv_eV,230,1.0,0.0,0.645849848163569,0.645849848163569,,,,1.0
31,acetone_gsolv_eV,231,1.0,0.0,0.645849848163569,0.645849848163569,,,,1.0
31,acetone_gsolv_eV,232,1.0,0.0,0.645849848163569,0.645849848163569,,,,1.0
31,acetone_gsolv_eV,233,1.0,0.0,0.645849848163569,0.645849848163569,,,,1.0
31,acetone_gsolv_eV,234,1.0,0.0,0.645849848163569,0.645849848163569,,,,1.0
31,acetone_gsolv_eV,235,1.0,0.0,0.645849848163569,0.645849848163569,,,,1.0
31,acetone_gsolv_eV,236,1.0,0.0,0.645849848163569,0.645849848163569,,,,1.0
31,acetone_gsolv_eV,237,1.0,0.0,0.645849848163569,0.645849848163569,,,,1.0
31,acetone_gsolv_eV,238,1.0,0.0,0.645849848163569,0.645849848163569,,,,1.0
31,acetone_gsolv_eV,239,1.0,0.0,0.645849848163569,0.645849848163569,,,,1.0
31,acetone_gsolv_eV,240,1.0,0.0,0.645849848163569,0.645849848163569,,,,1.0
31,acetone_gsolv_eV,241,1.0,0.0,0.645849848163569,0.645849848163569,,,,1.0
31,acetone_gsolv_eV,242,1.0,0.0,0.645849848163569,0.645849848163569,,,,1.0
31,acetone_gsolv_eV,243,1.0,0.0,0.645849848163569,0.645849848163569,,,,1.0
31,acetone_gsolv_eV,244,1.0,0.0,0.645849848163569,0.645849848163569,,,,1.0
31,acetone_gsolv_eV,245,1.0,0.0,0.645849848163569,0.645849848163569,,,,1.0
31,acetone_gsolv_eV,246,1.0,0.0,0.645849848163569,0.645849848163569,,,,1.0
31,acetone_gsolv_eV,247,1.0,0.0,0.645849848163569,0.645849848163569,,,,1.0
31,acetone_gsolv_eV,248,1.0,0.0,0.645849848163569,0.645849848163569,,,,1.0
31,acetone_gsolv_eV,249,1.0,0.0,0.645849848163569,0.645849848163569,,,,1.0
31,acetone_hl_gap_eV,0,0.9999999403953552,0.0,0.7112255538347767,0.7112255538347767,,,,1.0
31,acetone_hl_gap_eV,1,0.9999999403953552,0.0,0.7112255538347767,0.7112255538347767,,,,1.0
31,acetone_hl_gap_eV,2,0.9999999403953552,0.0,0.7112255538347767,0.7112255538347767,,,,1.0
31,acetone_hl_gap_eV,3,0.9999999403953552,0.0,0.7112255538347767,0.7112255538347767,,,,1.0
31,acetone_hl_gap_eV,4,0.9999999403953552,0.0,0.7112255538347767,0.7112255538347767,,,,1.0
31,acetone_hl_gap_eV,5,0.9999999403953552,0.0,0.7112255538347767,0.7112255538347767,,,,1.0
31,acetone_hl_gap_eV,6,0.9999999403953552,0.0,0.7112255538347767,0.7112255538347767,,,,1.0
31,acetone_hl_gap_eV,7,0.9999999403953552,0.0,0.7112255538347767,0.7112255538347767,,,,1.0
31,acetone_hl_gap_eV,8,0.9999999403953552,0.0,0.7112255538347767,0.7112255538347767,,,,1.0
31,acetone_hl_gap_eV,9,0.9999999403953552,0.0,0.7112255538347767,0.7112255538347767,,,,1.0
31,acetone_hl_gap_eV,10,0.9999999403953552,0.0,0.7112255538347767,0.7112255538347767,,,,1.0
31,acetone_hl_gap_eV,11,0.9999999403953552,0.0,0.7112255538347767,0.7112255538347767,,,,1.0
31,acetone_hl_gap_eV,12,0.9999999403953552,0.0,0.7112255538347767,0.7112255538347767,,,,1.0
31,acetone_hl_gap_eV,13,0.9999999403953552,0.0,0.7112255538347767,0.7112255538347767,,,,1.0
31,acetone_hl_gap_eV,14,0.9999999403953552,0.0,0.7112255538347767,0.7112255538347767,,,,1.0
31,acetone_hl_gap_eV,15,0.9999999403953552,0.0,0.7112255538347767,0.7112255538347767,,,,1.0
31,acetone_hl_gap_eV,16,0.9999999403953552,0.0,0.7112255538347767,0.7112255538347767,,,,1.0
31,acetone_hl_gap_eV,17,0.9999999403953552,0.0,0.7112255538347767,0.7112255538347767,,,,1.0
31,acetone_hl_gap_eV,18,0.9999999403953552,0.0,0.7112255538347767,0.7112255538347767,,,,1.0
31,acetone_hl_gap_eV,19,0.9999999403953552,0.0,0.7112255538347767,0.7112255538347767,,,,1.0
31,acetone_hl_gap_eV,20,0.9999999403953552,0.0,0.7112255538347767,0.7112255538347767,,,,1.0
31,acetone_hl_gap_eV,21,0.9999999403953552,0.0,0.7112255538347767,0.7112255538347767,,,,1.0
31,acetone_hl_gap_eV,22,0.9999999403953552,0.0,0.7112255538347767,0.7112255538347767,,,,1.0
31,acetone_hl_gap_eV,23,0.9999999403953552,0.0,0.7112255538347767,0.7112255538347767,,,,1.0
31,acetone_hl_gap_eV,24,0.9999999403953552,0.0,0.7112255538347767,0.7112255538347767,,,,1.0
31,acetone_hl_gap_eV,25,0.9999999403953552,0.0,0.7112255538347767,0.7112255538347767,,,,1.0
31,acetone_hl_gap_eV,26,0.9999999403953552,0.0,0.7112255538347767,0.7112255538347767,,,,1.0
31,acetone_hl_gap_eV,27,0.9999999403953552,0.0,0.7112255538347767,0.7112255538347767,,,,1.0
31,acetone_hl_gap_eV,28,0.9999999403953552,0.0,0.7112255538347767,0.7112255538347767,,,,1.0
31,acetone_hl_gap_eV,29,0.9999999403953552,0.0,0.7112255538347767,0.7112255538347767,,,,1.0
31,acetone_hl_gap_eV,30,0.9999999403953552,0.0,0.7112255538347767,0.7112255538347767,,,,1.0
31,acetone_hl_gap_eV,31,0.9999999403953552,0.0,0.7112255538347767,0.7112255538347767,,,,1.0
31,acetone_hl_gap_eV,32,0.9999999403953552,0.0,0.7112255538347767,0.7112255538347767,,,,1.0
31,acetone_hl_gap_eV,33,0.9999999403953552,0.0,0.7112255538347767,0.7112255538347767,,,,1.0
31,acetone_hl_gap_eV,34,0.9999999403953552,0.0,0.7112255538347767,0.7112255538347767,,,,1.0
31,acetone_hl_gap_eV,35,0.9999999403953552,0.0,0.7112255538347767,0.7112255538347767,,,,1.0
31,acetone_hl_gap_eV,36,0.9999999403953552,0.0,0.7112255538347767,0.7112255538347767,,,,1.0
31,acetone_hl_gap_eV,37,0.9999999403953552,0.0,0.7112255538347767,0.7112255538347767,,,,1.0
31,acetone_hl_gap_eV,38,0.9999999403953552,0.0,0.7112255538347767,0.7112255538347767,,,,1.0
31,acetone_hl_gap_eV,39,0.9999999403953552,0.0,0.7112255538347767,0.7112255538347767,,,,1.0
31,acetone_hl_gap_eV,40,0.9999999403953552,0.0,0.7112255538347767,0.7112255538347767,,,,1.0
31,acetone_hl_gap_eV,41,0.9999999403953552,0.0,0.7112255538347767,0.7112255538347767,,,,1.0
31,acetone_hl_gap_eV,42,0.9999999403953552,0.0,0.7112255538347767,0.7112255538347767,,,,1.0
31,acetone_hl_gap_eV,43,0.9999999403953552,0.0,0.7112255538347767,0.7112255538347767,,,,1.0
31,acetone_hl_gap_eV,44,0.9999999403953552,0.0,0.7112255538347767,0.7112255538347767,,,,1.0
31,acetone_hl_gap_eV,45,0.9999999403953552,0.0,0.7112255538347767,0.7112255538347767,,,,1.0
31,acetone_hl_gap_eV,46,0.9999999403953552,0.0,0.7112255538347767,0.7112255538347767,,,,1.0
31,acetone_hl_gap_eV,47,0.9999999403953552,0.0,0.7112255538347767,0.7112255538347767,,,,1.0
31,acetone_hl_gap_eV,48,0.9999999403953552,0.0,0.7112255538347767,0.7112255538347767,,,,1.0
31,acetone_hl_gap_eV,49,0.9999999403953552,0.0,0.7112255538347767,0.7112255538347767,,,,1.0
31,acetone_hl_gap_eV,50,0.9999999403953552,0.0,0.7112255538347767,0.7112255538347767,,,,1.0
31,acetone_hl_gap_eV,51,0.9999999403953552,0.0,0.7112255538347767,0.7112255538347767,,,,1.0
31,acetone_hl_gap_eV,52,0.9999999403953552,0.0,0.7112255538347767,0.7112255538347767,,,,1.0
31,acetone_hl_gap_eV,53,0.9999999403953552,0.0,0.7112255538347767,0.7112255538347767,,,,1.0
31,acetone_hl_gap_eV,54,0.9999999403953552,0.0,0.7112255538347767,0.7112255538347767,,,,1.0
31,acetone_hl_gap_eV,55,0.9999999403953552,0.0,0.7112255538347767,0.7112255538347767,,,,1.0
31,acetone_hl_gap_eV,56,0.9999999403953552,0.0,0.7112255538347767,0.7112255538347767,,,,1.0
31,acetone_hl_gap_eV,57,0.9999999403953552,0.0,0.7112255538347767,0.7112255538347767,,,,1.0
31,acetone_hl_gap_eV,58,0.9999999403953552,0.0,0.7112255538347767,0.7112255538347767,,,,1.0
31,acetone_hl_gap_eV,59,0.9999999403953552,0.0,0.7112255538347767,0.7112255538347767,,,,1.0
31,acetone_hl_gap_eV,60,0.9999999403953552,0.0,0.7112255538347767,0.7112255538347767,,,,1.0
31,acetone_hl_gap_eV,61,0.9999999403953552,0.0,0.7112255538347767,0.7112255538347767,,,,1.0
31,acetone_hl_gap_eV,62,0.9999999403953552,0.0,0.7112255538347767,0.7112255538347767,,,,1.0
31,acetone_hl_gap_eV,63,0.9999999403953552,0.0,0.7112255538347767,0.7112255538347767,,,,1.0
31,acetone_hl_gap_eV,64,0.9999999403953552,0.0,0.7112255538347767,0.7112255538347767,,,,1.0
31,acetone_hl_gap_eV,65,0.9999999403953552,0.0,0.7112255538347767,0.7112255538347767,,,,1.0
31,acetone_hl_gap_eV,66,0.9999999403953552,0.0,0.7112255538347767,0.7112255538347767,,,,1.0
31,acetone_hl_gap_eV,67,0.9999999403953552,0.0,0.7112255538347767,0.7112255538347767,,,,1.0
31,acetone_hl_gap_eV,68,0.9999999403953552,0.0,0.7112255538347767,0.7112255538347767,,,,1.0
31,acetone_hl_gap_eV,69,0.9999999403953552,0.0,0.7112255538347767,0.7112255538347767,,,,1.0
31,acetone_hl_gap_eV,70,0.9999999403953552,0.0,0.7112255538347767,0.7112255538347767,,,,1.0
31,acetone_hl_gap_eV,71,0.9999999403953552,0.0,0.7112255538347767,0.7112255538347767,,,,1.0
31,acetone_hl_gap_eV,72,0.9999999403953552,0.0,0.7112255538347767,0.7112255538347767,,,,1.0
31,acetone_hl_gap_eV,73,0.9999999403953552,0.0,0.7112255538347767,0.7112255538347767,,,,1.0
31,acetone_hl_gap_eV,74,0.9999999403953552,0.0,0.7112255538347767,0.7112255538347767,,,,1.0
31,acetone_hl_gap_eV,75,0.9999999403953552,0.0,0.7112255538347767,0.7112255538347767,,,,1.0
31,acetone_hl_gap_eV,76,0.9999999403953552,0.0,0.7112255538347767,0.7112255538347767,,,,1.0
31,acetone_hl_gap_eV,77,0.9999999403953552,0.0,0.7112255538347767,0.7112255538347767,,,,1.0
31,acetone_hl_gap_eV,78,0.9999999403953552,0.0,0.7112255538347767,0.7112255538347767,,,,1.0
31,acetone_hl_gap_eV,79,0.9999999403953552,0.0,0.7112255538347767,0.7112255538347767,,,,1.0
31,acetone_hl_gap_eV,80,0.9999999403953552,0.0,0.7112255538347767,0.7112255538347767,,,,1.0
31,acetone_hl_gap_eV,81,0.9999999403953552,0.0,0.7112255538347767,0.7112255538347767,,,,1.0
31,acetone_hl_gap_eV,82,0.9999999403953552,0.0,0.7112255538347767,0.7112255538347767,,,,1.0
31,acetone_hl_gap_eV,83,0.9999999403953552,0.0,0.7112255538347767,0.7112255538347767,,,,1.0
31,acetone_hl_gap_eV,84,0.9999999403953552,0.0,0.7112255538347767,0.7112255538347767,,,,1.0
31,acetone_hl_gap_eV,85,0.9999999403953552,0.0,0.7112255538347767,0.7112255538347767,,,,1.0
31,acetone_hl_gap_eV,86,0.9999999403953552,0.0,0.7112255538347767,0.7112255538347767,,,,1.0
31,acetone_hl_gap_eV,87,0.9999999403953552,0.0,0.7112255538347767,0.7112255538347767,,,,1.0
31,acetone_hl_gap_eV,88,0.9999999403953552,0.0,0.7112255538347767,0.7112255538347767,,,,1.0
31,acetone_hl_gap_eV,89,0.9999999403953552,0.0,0.7112255538347767,0.7112255538347767,,,,1.0
31,acetone_hl_gap_eV,90,0.9999999403953552,0.0,0.7112255538347767,0.7112255538347767,,,,1.0
31,acetone_hl_gap_eV,91,0.9999999403953552,0.0,0.7112255538347767,0.7112255538347767,,,,1.0
31,acetone_hl_gap_eV,92,0.9999999403953552,0.0,0.7112255538347767,0.7112255538347767,,,,1.0
31,acetone_hl_gap_eV,93,0.9999999403953552,0.0,0.7112255538347767,0.7112255538347767,,,,1.0
31,acetone_hl_gap_eV,94,0.9999999403953552,0.0,0.7112255538347767,0.7112255538347767,,,,1.0
31,acetone_hl_gap_eV,95,0.9999999403953552,0.0,0.7112255538347767,0.7112255538347767,,,,1.0
31,acetone_hl_gap_eV,96,0.9999999403953552,0.0,0.7112255538347767,0.7112255538347767,,,,1.0
31,acetone_hl_gap_eV,97,0.9999999403953552,0.0,0.7112255538347767,0.7112255538347767,,,,1.0
31,acetone_hl_gap_eV,98,0.9999999403953552,0.0,0.7112255538347767,0.7112255538347767,,,,1.0
31,acetone_hl_gap_eV,99,0.9999999403953552,0.0,0.7112255538347767,0.7112255538347767,,,,1.0
31,acetone_hl_gap_eV,100,0.9999999403953552,0.0,0.7112255538347767,0.7112255538347767,,,,1.0
31,acetone_hl_gap_eV,101,0.9999999403953552,0.0,0.7112255538347767,0.7112255538347767,,,,1.0
31,acetone_hl_gap_eV,102,0.9999999403953552,0.0,0.7112255538347767,0.7112255538347767,,,,1.0
31,acetone_hl_gap_eV,103,0.9999999403953552,0.0,0.7112255538347767,0.7112255538347767,,,,1.0
31,acetone_hl_gap_eV,104,0.9999999403953552,0.0,0.7112255538347767,0.7112255538347767,,,,1.0
31,acetone_hl_gap_eV,105,0.9999999403953552,0.0,0.7112255538347767,0.7112255538347767,,,,1.0
31,acetone_hl_gap_eV,106,0.9999999403953552,0.0,0.7112255538347767,0.7112255538347767,,,,1.0
31,acetone_hl_gap_eV,107,0.9999999403953552,0.0,0.7112255538347767,0.7112255538347767,,,,1.0
31,acetone_hl_gap_eV,108,0.9999999403953552,0.0,0.7112255538347767,0.7112255538347767,,,,1.0
31,acetone_hl_gap_eV,109,0.9999999403953552,0.0,0.7112255538347767,0.7112255538347767,,,,1.0
31,acetone_hl_gap_eV,110,0.9999999403953552,0.0,0.7112255538347767,0.7112255538347767,,,,1.0
31,acetone_hl_gap_eV,111,0.9999999403953552,0.0,0.7112255538347767,0.7112255538347767,,,,1.0
31,acetone_hl_gap_eV,112,0.9999999403953552,0.0,0.7112255538347767,0.7112255538347767,,,,1.0
31,acetone_hl_gap_eV,113,0.9999999403953552,0.0,0.7112255538347767,0.7112255538347767,,,,1.0
31,acetone_hl_gap_eV,114,0.9999999403953552,0.0,0.7112255538347767,0.7112255538347767,,,,1.0
31,acetone_hl_gap_eV,115,0.9999999403953552,0.0,0.7112255538347767,0.7112255538347767,,,,1.0
31,acetone_hl_gap_eV,116,0.9999999403953552,0.0,0.7112255538347767,0.7112255538347767,,,,1.0
31,acetone_hl_gap_eV,117,0.9999999403953552,0.0,0.7112255538347767,0.7112255538347767,,,,1.0
31,acetone_hl_gap_eV,118,0.9999999403953552,0.0,0.7112255538347767,0.7112255538347767,,,,1.0
31,acetone_hl_gap_eV,119,0.9999999403953552,0.0,0.7112255538347767,0.7112255538347767,,,,1.0
31,acetone_hl_gap_eV,120,0.9999999403953552,0.0,0.7112255538347767,0.7112255538347767,,,,1.0
31,acetone_hl_gap_eV,121,0.9999999403953552,0.0,0.7112255538347767,0.7112255538347767,,,,1.0
31,acetone_hl_gap_eV,122,0.9999999403953552,0.0,0.7112255538347767,0.7112255538347767,,,,1.0
31,acetone_hl_gap_eV,123,0.9999999403953552,0.0,0.7112255538347767,0.7112255538347767,,,,1.0
31,acetone_hl_gap_eV,124,0.9999999403953552,0.0,0.7112255538347767,0.7112255538347767,,,,1.0
31,acetone_hl_gap_eV,125,0.9999999403953552,0.0,0.7112255538347767,0.7112255538347767,,,,1.0
31,acetone_hl_gap_eV,126,0.9999999403953552,0.0,0.7112255538347767,0.7112255538347767,,,,1.0
31,acetone_hl_gap_eV,127,0.9999999403953552,0.0,0.7112255538347767,0.7112255538347767,,,,1.0
31,acetone_hl_gap_eV,128,0.9999999403953552,0.0,0.7112255538347767,0.7112255538347767,,,,1.0
31,acetone_hl_gap_eV,129,0.9999999403953552,0.0,0.7112255538347767,0.7112255538347767,,,,1.0
31,acetone_hl_gap_eV,130,0.9999999403953552,0.0,0.7112255538347767,0.7112255538347767,,,,1.0
31,acetone_hl_gap_eV,131,0.9999999403953552,0.0,0.7112255538347767,0.7112255538347767,,,,1.0
31,acetone_hl_gap_eV,132,0.9999999403953552,0.0,0.7112255538347767,0.7112255538347767,,,,1.0
31,acetone_hl_gap_eV,133,0.9999999403953552,0.0,0.7112255538347767,0.7112255538347767,,,,1.0
31,acetone_hl_gap_eV,134,0.9999999403953552,0.0,0.7112255538347767,0.7112255538347767,,,,1.0
31,acetone_hl_gap_eV,135,0.9999999403953552,0.0,0.7112255538347767,0.7112255538347767,,,,1.0
31,acetone_hl_gap_eV,136,0.9999999403953552,0.0,0.7112255538347767,0.7112255538347767,,,,1.0
31,acetone_hl_gap_eV,137,0.9999999403953552,0.0,0.7112255538347767,0.7112255538347767,,,,1.0
31,acetone_hl_gap_eV,138,0.9999999403953552,0.0,0.7112255538347767,0.7112255538347767,,,,1.0
31,acetone_hl_gap_eV,139,0.9999999403953552,0.0,0.7112255538347767,0.7112255538347767,,,,1.0
31,acetone_hl_gap_eV,140,0.9999999403953552,0.0,0.7112255538347767,0.7112255538347767,,,,1.0
31,acetone_hl_gap_eV,141,0.9999999403953552,0.0,0.7112255538347767,0.7112255538347767,,,,1.0
31,acetone_hl_gap_eV,142,0.9999999403953552,0.0,0.7112255538347767,0.7112255538347767,,,,1.0
31,acetone_hl_gap_eV,143,0.9999999403953552,0.0,0.7112255538347767,0.7112255538347767,,,,1.0
31,acetone_hl_gap_eV,144,0.9999999403953552,0.0,0.7112255538347767,0.7112255538347767,,,,1.0
31,acetone_hl_gap_eV,145,0.9999999403953552,0.0,0.7112255538347767,0.7112255538347767,,,,1.0
31,acetone_hl_gap_eV,146,0.9999999403953552,0.0,0.7112255538347767,0.7112255538347767,,,,1.0
31,acetone_hl_gap_eV,147,0.9999999403953552,0.0,0.7112255538347767,0.7112255538347767,,,,1.0
31,acetone_hl_gap_eV,148,0.9999999403953552,0.0,0.7112255538347767,0.7112255538347767,,,,1.0
31,acetone_hl_gap_eV,149,0.9999999403953552,0.0,0.7112255538347767,0.7112255538347767,,,,1.0
31,acetone_hl_gap_eV,150,0.9999999403953552,0.0,0.7112255538347767,0.7112255538347767,,,,1.0
31,acetone_hl_gap_eV,151,0.9999999403953552,0.0,0.7112255538347767,0.7112255538347767,,,,1.0
31,acetone_hl_gap_eV,152,0.9999999403953552,0.0,0.7112255538347767,0.7112255538347767,,,,1.0
31,acetone_hl_gap_eV,153,0.9999999403953552,0.0,0.7112255538347767,0.7112255538347767,,,,1.0
31,acetone_hl_gap_eV,154,0.9999999403953552,0.0,0.7112255538347767,0.7112255538347767,,,,1.0
31,acetone_hl_gap_eV,155,0.9999999403953552,0.0,0.7112255538347767,0.7112255538347767,,,,1.0
31,acetone_hl_gap_eV,156,0.9999999403953552,0.0,0.7112255538347767,0.7112255538347767,,,,1.0
31,acetone_hl_gap_eV,157,0.9999999403953552,0.0,0.7112255538347767,0.7112255538347767,,,,1.0
31,acetone_hl_gap_eV,158,0.9999999403953552,0.0,0.7112255538347767,0.7112255538347767,,,,1.0
31,acetone_hl_gap_eV,159,0.9999999403953552,0.0,0.7112255538347767,0.7112255538347767,,,,1.0
31,acetone_hl_gap_eV,160,0.9999999403953552,0.0,0.7112255538347767,0.7112255538347767,,,,1.0
31,acetone_hl_gap_eV,161,0.9999999403953552,0.0,0.7112255538347767,0.7112255538347767,,,,1.0
31,acetone_hl_gap_eV,162,0.9999999403953552,0.0,0.7112255538347767,0.7112255538347767,,,,1.0
31,acetone_hl_gap_eV,163,0.9999999403953552,0.0,0.7112255538347767,0.7112255538347767,,,,1.0
31,acetone_hl_gap_eV,164,0.9999999403953552,0.0,0.7112255538347767,0.7112255538347767,,,,1.0
31,acetone_hl_gap_eV,165,0.9999999403953552,0.0,0.7112255538347767,0.7112255538347767,,,,1.0
31,acetone_hl_gap_eV,166,0.9999999403953552,0.0,0.7112255538347767,0.7112255538347767,,,,1.0
31,acetone_hl_gap_eV,167,0.9999999403953552,0.0,0.7112255538347767,0.7112255538347767,,,,1.0
31,acetone_hl_gap_eV,168,0.9999999403953552,0.0,0.7112255538347767,0.7112255538347767,,,,1.0
31,acetone_hl_gap_eV,169,0.9999999403953552,0.0,0.7112255538347767,0.7112255538347767,,,,1.0
31,acetone_hl_gap_eV,170,0.9999999403953552,0.0,0.7112255538347767,0.7112255538347767,,,,1.0
31,acetone_hl_gap_eV,171,0.9999999403953552,0.0,0.7112255538347767,0.7112255538347767,,,,1.0
31,acetone_hl_gap_eV,172,0.9999999403953552,0.0,0.7112255538347767,0.7112255538347767,,,,1.0
31,acetone_hl_gap_eV,173,0.9999999403953552,0.0,0.7112255538347767,0.7112255538347767,,,,1.0
31,acetone_hl_gap_eV,174,0.9999999403953552,0.0,0.7112255538347767,0.7112255538347767,,,,1.0
31,acetone_hl_gap_eV,175,0.9999999403953552,0.0,0.7112255538347767,0.7112255538347767,,,,1.0
31,acetone_hl_gap_eV,176,0.9999999403953552,0.0,0.7112255538347767,0.7112255538347767,,,,1.0
31,acetone_hl_gap_eV,177,0.9999999403953552,0.0,0.7112255538347767,0.7112255538347767,,,,1.0
31,acetone_hl_gap_eV,178,0.9999999403953552,0.0,0.7112255538347767,0.7112255538347767,,,,1.0
31,acetone_hl_gap_eV,179,0.9999999403953552,0.0,0.7112255538347767,0.7112255538347767,,,,1.0
31,acetone_hl_gap_eV,180,0.9999999403953552,0.0,0.7112255538347767,0.7112255538347767,,,,1.0
31,acetone_hl_gap_eV,181,0.9999999403953552,0.0,0.7112255538347767,0.7112255538347767,,,,1.0
31,acetone_hl_gap_eV,182,0.9999999403953552,0.0,0.7112255538347767,0.7112255538347767,,,,1.0
31,acetone_hl_gap_eV,183,0.9999999403953552,0.0,0.7112255538347767,0.7112255538347767,,,,1.0
31,acetone_hl_gap_eV,184,0.9999999403953552,0.0,0.7112255538347767,0.7112255538347767,,,,1.0
31,acetone_hl_gap_eV,185,0.9999999403953552,0.0,0.7112255538347767,0.7112255538347767,,,,1.0
31,acetone_hl_gap_eV,186,0.9999999403953552,0.0,0.7112255538347767,0.7112255538347767,,,,1.0
31,acetone_hl_gap_eV,187,0.9999999403953552,0.0,0.7112255538347767,0.7112255538347767,,,,1.0
31,acetone_hl_gap_eV,188,0.9999999403953552,0.0,0.7112255538347767,0.7112255538347767,,,,1.0
31,acetone_hl_gap_eV,189,0.9999999403953552,0.0,0.7112255538347767,0.7112255538347767,,,,1.0
31,acetone_hl_gap_eV,190,0.9999999403953552,0.0,0.7112255538347767,0.7112255538347767,,,,1.0
31,acetone_hl_gap_eV,191,0.9999999403953552,0.0,0.7112255538347767,0.7112255538347767,,,,1.0
31,acetone_hl_gap_eV,192,0.9999999403953552,0.0,0.7112255538347767,0.7112255538347767,,,,1.0
31,acetone_hl_gap_eV,193,0.9999999403953552,0.0,0.7112255538347767,0.7112255538347767,,,,1.0
31,acetone_hl_gap_eV,194,0.9999999403953552,0.0,0.7112255538347767,0.7112255538347767,,,,1.0
31,acetone_hl_gap_eV,195,0.9999999403953552,0.0,0.7112255538347767,0.7112255538347767,,,,1.0
31,acetone_hl_gap_eV,196,0.9999999403953552,0.0,0.7112255538347767,0.7112255538347767,,,,1.0
31,acetone_hl_gap_eV,197,0.9999999403953552,0.0,0.7112255538347767,0.7112255538347767,,,,1.0
31,acetone_hl_gap_eV,198,0.9999999403953552,0.0,0.7112255538347767,0.7112255538347767,,,,1.0
31,acetone_hl_gap_eV,199,0.9999999403953552,0.0,0.7112255538347767,0.7112255538347767,,,,1.0
31,acetone_hl_gap_eV,200,0.9999999403953552,0.0,0.7112255538347767,0.7112255538347767,,,,1.0
31,acetone_hl_gap_eV,201,0.9999999403953552,0.0,0.7112255538347767,0.7112255538347767,,,,1.0
31,acetone_hl_gap_eV,202,0.9999999403953552,0.0,0.7112255538347767,0.7112255538347767,,,,1.0
31,acetone_hl_gap_eV,203,0.9999999403953552,0.0,0.7112255538347767,0.7112255538347767,,,,1.0
31,acetone_hl_gap_eV,204,0.9999999403953552,0.0,0.7112255538347767,0.7112255538347767,,,,1.0
31,acetone_hl_gap_eV,205,0.9999999403953552,0.0,0.7112255538347767,0.7112255538347767,,,,1.0
31,acetone_hl_gap_eV,206,0.9999999403953552,0.0,0.7112255538347767,0.7112255538347767,,,,1.0
31,acetone_hl_gap_eV,207,0.9999999403953552,0.0,0.7112255538347767,0.7112255538347767,,,,1.0
31,acetone_hl_gap_eV,208,0.9999999403953552,0.0,0.7112255538347767,0.7112255538347767,,,,1.0
31,acetone_hl_gap_eV,209,0.9999999403953552,0.0,0.7112255538347767,0.7112255538347767,,,,1.0
31,acetone_hl_gap_eV,210,0.9999999403953552,0.0,0.7112255538347767,0.7112255538347767,,,,1.0
31,acetone_hl_gap_eV,211,0.9999999403953552,0.0,0.7112255538347767,0.7112255538347767,,,,1.0
31,acetone_hl_gap_eV,212,0.9999999403953552,0.0,0.7112255538347767,0.7112255538347767,,,,1.0
31,acetone_hl_gap_eV,213,0.9999999403953552,0.0,0.7112255538347767,0.7112255538347767,,,,1.0
31,acetone_hl_gap_eV,214,0.9999999403953552,0.0,0.7112255538347767,0.7112255538347767,,,,1.0
31,acetone_hl_gap_eV,215,0.9999999403953552,0.0,0.7112255538347767,0.7112255538347767,,,,1.0
31,acetone_hl_gap_eV,216,0.9999999403953552,0.0,0.7112255538347767,0.7112255538347767,,,,1.0
31,acetone_hl_gap_eV,217,0.9999999403953552,0.0,0.7112255538347767,0.7112255538347767,,,,1.0
31,acetone_hl_gap_eV,218,0.9999999403953552,0.0,0.7112255538347767,0.7112255538347767,,,,1.0
31,acetone_hl_gap_eV,219,0.9999999403953552,0.0,0.7112255538347767,0.7112255538347767,,,,1.0
31,acetone_hl_gap_eV,220,0.9999999403953552,0.0,0.7112255538347767,0.7112255538347767,,,,1.0
31,acetone_hl_gap_eV,221,0.9999999403953552,0.0,0.7112255538347767,0.7112255538347767,,,,1.0
31,acetone_hl_gap_eV,222,0.9999999403953552,0.0,0.7112255538347767,0.7112255538347767,,,,1.0
31,acetone_hl_gap_eV,223,0.9999999403953552,0.0,0.7112255538347767,0.7112255538347767,,,,1.0
31,acetone_hl_gap_eV,224,0.9999999403953552,0.0,0.7112255538347767,0.7112255538347767,,,,1.0
31,acetone_hl_gap_eV,225,0.9999999403953552,0.0,0.7112255538347767,0.7112255538347767,,,,1.0
31,acetone_hl_gap_eV,226,0.9999999403953552,0.0,0.7112255538347767,0.7112255538347767,,,,1.0
31,acetone_hl_gap_eV,227,0.9999999403953552,0.0,0.7112255538347767,0.7112255538347767,,,,1.0
31,acetone_hl_gap_eV,228,0.9999999403953552,0.0,0.7112255538347767,0.7112255538347767,,,,1.0
31,acetone_hl_gap_eV,229,0.9999999403953552,0.0,0.7112255538347767,0.7112255538347767,,,,1.0
31,acetone_hl_gap_eV,230,0.9999999403953552,0.0,0.7112255538347767,0.7112255538347767,,,,1.0
31,acetone_hl_gap_eV,231,0.9999999403953552,0.0,0.7112255538347767,0.7112255538347767,,,,1.0
31,acetone_hl_gap_eV,232,0.9999999403953552,0.0,0.7112255538347767,0.7112255538347767,,,,1.0
31,acetone_hl_gap_eV,233,0.9999999403953552,0.0,0.7112255538347767,0.7112255538347767,,,,1.0
31,acetone_hl_gap_eV,234,0.9999999403953552,0.0,0.7112255538347767,0.7112255538347767,,,,1.0
31,acetone_hl_gap_eV,235,0.9999999403953552,0.0,0.7112255538347767,0.7112255538347767,,,,1.0
31,acetone_hl_gap_eV,236,0.9999999403953552,0.0,0.7112255538347767,0.7112255538347767,,,,1.0
31,acetone_hl_gap_eV,237,0.9999999403953552,0.0,0.7112255538347767,0.7112255538347767,,,,1.0
31,acetone_hl_gap_eV,238,0.9999999403953552,0.0,0.7112255538347767,0.7112255538347767,,,,1.0
31,acetone_hl_gap_eV,239,0.9999999403953552,0.0,0.7112255538347767,0.7112255538347767,,,,1.0
31,acetone_hl_gap_eV,240,0.9999999403953552,0.0,0.7112255538347767,0.7112255538347767,,,,1.0
31,acetone_hl_gap_eV,241,0.9999999403953552,0.0,0.7112255538347767,0.7112255538347767,,,,1.0
31,acetone_hl_gap_eV,242,0.9999999403953552,0.0,0.7112255538347767,0.7112255538347767,,,,1.0
31,acetone_hl_gap_eV,243,0.9999999403953552,0.0,0.7112255538347767,0.7112255538347767,,,,1.0
31,acetone_hl_gap_eV,244,0.9999999403953552,0.0,0.7112255538347767,0.7112255538347767,,,,1.0
31,acetone_hl_gap_eV,245,0.9999999403953552,0.0,0.7112255538347767,0.7112255538347767,,,,1.0
31,acetone_hl_gap_eV,246,0.9999999403953552,0.0,0.7112255538347767,0.7112255538347767,,,,1.0
31,acetone_hl_gap_eV,247,0.9999999403953552,0.0,0.7112255538347767,0.7112255538347767,,,,1.0
31,acetone_hl_gap_eV,248,0.9999999403953552,0.0,0.7112255538347767,0.7112255538347767,,,,1.0
31,acetone_hl_gap_eV,249,0.9999999403953552,0.0,0.7112255538347767,0.7112255538347767,,,,1.0
31,acetone_dipole,0,0.9999999403953552,0.0,0.5889169964420378,0.5889169964420378,,,,1.0
31,acetone_dipole,1,0.9999999403953552,0.0,0.5889169964420378,0.5889169964420378,,,,1.0
31,acetone_dipole,2,0.9999999403953552,0.0,0.5889169964420378,0.5889169964420378,,,,1.0
31,acetone_dipole,3,0.9999999403953552,0.0,0.5889169964420378,0.5889169964420378,,,,1.0
31,acetone_dipole,4,0.9999999403953552,0.0,0.5889169964420378,0.5889169964420378,,,,1.0
31,acetone_dipole,5,0.9999999403953552,0.0,0.5889169964420378,0.5889169964420378,,,,1.0
31,acetone_dipole,6,0.9999999403953552,0.0,0.5889169964420378,0.5889169964420378,,,,1.0
31,acetone_dipole,7,0.9999999403953552,0.0,0.5889169964420378,0.5889169964420378,,,,1.0
31,acetone_dipole,8,0.9999999403953552,0.0,0.5889169964420378,0.5889169964420378,,,,1.0
31,acetone_dipole,9,0.9999999403953552,0.0,0.5889169964420378,0.5889169964420378,,,,1.0
31,acetone_dipole,10,0.9999999403953552,0.0,0.5889169964420378,0.5889169964420378,,,,1.0
31,acetone_dipole,11,0.9999999403953552,0.0,0.5889169964420378,0.5889169964420378,,,,1.0
31,acetone_dipole,12,0.9999999403953552,0.0,0.5889169964420378,0.5889169964420378,,,,1.0
31,acetone_dipole,13,0.9999999403953552,0.0,0.5889169964420378,0.5889169964420378,,,,1.0
31,acetone_dipole,14,0.9999999403953552,0.0,0.5889169964420378,0.5889169964420378,,,,1.0
31,acetone_dipole,15,0.9999999403953552,0.0,0.5889169964420378,0.5889169964420378,,,,1.0
31,acetone_dipole,16,0.9999999403953552,0.0,0.5889169964420378,0.5889169964420378,,,,1.0
31,acetone_dipole,17,0.9999999403953552,0.0,0.5889169964420378,0.5889169964420378,,,,1.0
31,acetone_dipole,18,0.9999999403953552,0.0,0.5889169964420378,0.5889169964420378,,,,1.0
31,acetone_dipole,19,0.9999999403953552,0.0,0.5889169964420378,0.5889169964420378,,,,1.0
31,acetone_dipole,20,0.9999999403953552,0.0,0.5889169964420378,0.5889169964420378,,,,1.0
31,acetone_dipole,21,0.9999999403953552,0.0,0.5889169964420378,0.5889169964420378,,,,1.0
31,acetone_dipole,22,0.9999999403953552,0.0,0.5889169964420378,0.5889169964420378,,,,1.0
31,acetone_dipole,23,0.9999999403953552,0.0,0.5889169964420378,0.5889169964420378,,,,1.0
31,acetone_dipole,24,0.9999999403953552,0.0,0.5889169964420378,0.5889169964420378,,,,1.0
31,acetone_dipole,25,0.9999999403953552,0.0,0.5889169964420378,0.5889169964420378,,,,1.0
31,acetone_dipole,26,0.9999999403953552,0.0,0.5889169964420378,0.5889169964420378,,,,1.0
31,acetone_dipole,27,0.9999999403953552,0.0,0.5889169964420378,0.5889169964420378,,,,1.0
31,acetone_dipole,28,0.9999999403953552,0.0,0.5889169964420378,0.5889169964420378,,,,1.0
31,acetone_dipole,29,0.9999999403953552,0.0,0.5889169964420378,0.5889169964420378,,,,1.0
31,acetone_dipole,30,0.9999999403953552,0.0,0.5889169964420378,0.5889169964420378,,,,1.0
31,acetone_dipole,31,0.9999999403953552,0.0,0.5889169964420378,0.5889169964420378,,,,1.0
31,acetone_dipole,32,0.9999999403953552,0.0,0.5889169964420378,0.5889169964420378,,,,1.0
31,acetone_dipole,33,0.9999999403953552,0.0,0.5889169964420378,0.5889169964420378,,,,1.0
31,acetone_dipole,34,0.9999999403953552,0.0,0.5889169964420378,0.5889169964420378,,,,1.0
31,acetone_dipole,35,0.9999999403953552,0.0,0.5889169964420378,0.5889169964420378,,,,1.0
31,acetone_dipole,36,0.9999999403953552,0.0,0.5889169964420378,0.5889169964420378,,,,1.0
31,acetone_dipole,37,0.9999999403953552,0.0,0.5889169964420378,0.5889169964420378,,,,1.0
31,acetone_dipole,38,0.9999999403953552,0.0,0.5889169964420378,0.5889169964420378,,,,1.0
31,acetone_dipole,39,0.9999999403953552,0.0,0.5889169964420378,0.5889169964420378,,,,1.0
31,acetone_dipole,40,0.9999999403953552,0.0,0.5889169964420378,0.5889169964420378,,,,1.0
31,acetone_dipole,41,0.9999999403953552,0.0,0.5889169964420378,0.5889169964420378,,,,1.0
31,acetone_dipole,42,0.9999999403953552,0.0,0.5889169964420378,0.5889169964420378,,,,1.0
31,acetone_dipole,43,0.9999999403953552,0.0,0.5889169964420378,0.5889169964420378,,,,1.0
31,acetone_dipole,44,0.9999999403953552,0.0,0.5889169964420378,0.5889169964420378,,,,1.0
31,acetone_dipole,45,0.9999999403953552,0.0,0.5889169964420378,0.5889169964420378,,,,1.0
31,acetone_dipole,46,0.9999999403953552,0.0,0.5889169964420378,0.5889169964420378,,,,1.0
31,acetone_dipole,47,0.9999999403953552,0.0,0.5889169964420378,0.5889169964420378,,,,1.0
31,acetone_dipole,48,0.9999999403953552,0.0,0.5889169964420378,0.5889169964420378,,,,1.0
31,acetone_dipole,49,0.9999999403953552,0.0,0.5889169964420378,0.5889169964420378,,,,1.0
31,acetone_dipole,50,0.9999999403953552,0.0,0.5889169964420378,0.5889169964420378,,,,1.0
31,acetone_dipole,51,0.9999999403953552,0.0,0.5889169964420378,0.5889169964420378,,,,1.0
31,acetone_dipole,52,0.9999999403953552,0.0,0.5889169964420378,0.5889169964420378,,,,1.0
31,acetone_dipole,53,0.9999999403953552,0.0,0.5889169964420378,0.5889169964420378,,,,1.0
31,acetone_dipole,54,0.9999999403953552,0.0,0.5889169964420378,0.5889169964420378,,,,1.0
31,acetone_dipole,55,0.9999999403953552,0.0,0.5889169964420378,0.5889169964420378,,,,1.0
31,acetone_dipole,56,0.9999999403953552,0.0,0.5889169964420378,0.5889169964420378,,,,1.0
31,acetone_dipole,57,0.9999999403953552,0.0,0.5889169964420378,0.5889169964420378,,,,1.0
31,acetone_dipole,58,0.9999999403953552,0.0,0.5889169964420378,0.5889169964420378,,,,1.0
31,acetone_dipole,59,0.9999999403953552,0.0,0.5889169964420378,0.5889169964420378,,,,1.0
31,acetone_dipole,60,0.9999999403953552,0.0,0.5889169964420378,0.5889169964420378,,,,1.0
31,acetone_dipole,61,0.9999999403953552,0.0,0.5889169964420378,0.5889169964420378,,,,1.0
31,acetone_dipole,62,0.9999999403953552,0.0,0.5889169964420378,0.5889169964420378,,,,1.0
31,acetone_dipole,63,0.9999999403953552,0.0,0.5889169964420378,0.5889169964420378,,,,1.0
31,acetone_dipole,64,0.9999999403953552,0.0,0.5889169964420378,0.5889169964420378,,,,1.0
31,acetone_dipole,65,0.9999999403953552,0.0,0.5889169964420378,0.5889169964420378,,,,1.0
31,acetone_dipole,66,0.9999999403953552,0.0,0.5889169964420378,0.5889169964420378,,,,1.0
31,acetone_dipole,67,0.9999999403953552,0.0,0.5889169964420378,0.5889169964420378,,,,1.0
31,acetone_dipole,68,0.9999999403953552,0.0,0.5889169964420378,0.5889169964420378,,,,1.0
31,acetone_dipole,69,0.9999999403953552,0.0,0.5889169964420378,0.5889169964420378,,,,1.0
31,acetone_dipole,70,0.9999999403953552,0.0,0.5889169964420378,0.5889169964420378,,,,1.0
31,acetone_dipole,71,0.9999999403953552,0.0,0.5889169964420378,0.5889169964420378,,,,1.0
31,acetone_dipole,72,0.9999999403953552,0.0,0.5889169964420378,0.5889169964420378,,,,1.0
31,acetone_dipole,73,0.9999999403953552,0.0,0.5889169964420378,0.5889169964420378,,,,1.0
31,acetone_dipole,74,0.9999999403953552,0.0,0.5889169964420378,0.5889169964420378,,,,1.0
31,acetone_dipole,75,0.9999999403953552,0.0,0.5889169964420378,0.5889169964420378,,,,1.0
31,acetone_dipole,76,0.9999999403953552,0.0,0.5889169964420378,0.5889169964420378,,,,1.0
31,acetone_dipole,77,0.9999999403953552,0.0,0.5889169964420378,0.5889169964420378,,,,1.0
31,acetone_dipole,78,0.9999999403953552,0.0,0.5889169964420378,0.5889169964420378,,,,1.0
31,acetone_dipole,79,0.9999999403953552,0.0,0.5889169964420378,0.5889169964420378,,,,1.0
31,acetone_dipole,80,0.9999999403953552,0.0,0.5889169964420378,0.5889169964420378,,,,1.0
31,acetone_dipole,81,0.9999999403953552,0.0,0.5889169964420378,0.5889169964420378,,,,1.0
31,acetone_dipole,82,0.9999999403953552,0.0,0.5889169964420378,0.5889169964420378,,,,1.0
31,acetone_dipole,83,0.9999999403953552,0.0,0.5889169964420378,0.5889169964420378,,,,1.0
31,acetone_dipole,84,0.9999999403953552,0.0,0.5889169964420378,0.5889169964420378,,,,1.0
31,acetone_dipole,85,0.9999999403953552,0.0,0.5889169964420378,0.5889169964420378,,,,1.0
31,acetone_dipole,86,0.9999999403953552,0.0,0.5889169964420378,0.5889169964420378,,,,1.0
31,acetone_dipole,87,0.9999999403953552,0.0,0.5889169964420378,0.5889169964420378,,,,1.0
31,acetone_dipole,88,0.9999999403953552,0.0,0.5889169964420378,0.5889169964420378,,,,1.0
31,acetone_dipole,89,0.9999999403953552,0.0,0.5889169964420378,0.5889169964420378,,,,1.0
31,acetone_dipole,90,0.9999999403953552,0.0,0.5889169964420378,0.5889169964420378,,,,1.0
31,acetone_dipole,91,0.9999999403953552,0.0,0.5889169964420378,0.5889169964420378,,,,1.0
31,acetone_dipole,92,0.9999999403953552,0.0,0.5889169964420378,0.5889169964420378,,,,1.0
31,acetone_dipole,93,0.9999999403953552,0.0,0.5889169964420378,0.5889169964420378,,,,1.0
31,acetone_dipole,94,0.9999999403953552,0.0,0.5889169964420378,0.5889169964420378,,,,1.0
31,acetone_dipole,95,0.9999999403953552,0.0,0.5889169964420378,0.5889169964420378,,,,1.0
31,acetone_dipole,96,0.9999999403953552,0.0,0.5889169964420378,0.5889169964420378,,,,1.0
31,acetone_dipole,97,0.9999999403953552,0.0,0.5889169964420378,0.5889169964420378,,,,1.0
31,acetone_dipole,98,0.9999999403953552,0.0,0.5889169964420378,0.5889169964420378,,,,1.0
31,acetone_dipole,99,0.9999999403953552,0.0,0.5889169964420378,0.5889169964420378,,,,1.0
31,acetone_dipole,100,0.9999999403953552,0.0,0.5889169964420378,0.5889169964420378,,,,1.0
31,acetone_dipole,101,0.9999999403953552,0.0,0.5889169964420378,0.5889169964420378,,,,1.0
31,acetone_dipole,102,0.9999999403953552,0.0,0.5889169964420378,0.5889169964420378,,,,1.0
31,acetone_dipole,103,0.9999999403953552,0.0,0.5889169964420378,0.5889169964420378,,,,1.0
31,acetone_dipole,104,0.9999999403953552,0.0,0.5889169964420378,0.5889169964420378,,,,1.0
31,acetone_dipole,105,0.9999999403953552,0.0,0.5889169964420378,0.5889169964420378,,,,1.0
31,acetone_dipole,106,0.9999999403953552,0.0,0.5889169964420378,0.5889169964420378,,,,1.0
31,acetone_dipole,107,0.9999999403953552,0.0,0.5889169964420378,0.5889169964420378,,,,1.0
31,acetone_dipole,108,0.9999999403953552,0.0,0.5889169964420378,0.5889169964420378,,,,1.0
31,acetone_dipole,109,0.9999999403953552,0.0,0.5889169964420378,0.5889169964420378,,,,1.0
31,acetone_dipole,110,0.9999999403953552,0.0,0.5889169964420378,0.5889169964420378,,,,1.0
31,acetone_dipole,111,0.9999999403953552,0.0,0.5889169964420378,0.5889169964420378,,,,1.0
31,acetone_dipole,112,0.9999999403953552,0.0,0.5889169964420378,0.5889169964420378,,,,1.0
31,acetone_dipole,113,0.9999999403953552,0.0,0.5889169964420378,0.5889169964420378,,,,1.0
31,acetone_dipole,114,0.9999999403953552,0.0,0.5889169964420378,0.5889169964420378,,,,1.0
31,acetone_dipole,115,0.9999999403953552,0.0,0.5889169964420378,0.5889169964420378,,,,1.0
31,acetone_dipole,116,0.9999999403953552,0.0,0.5889169964420378,0.5889169964420378,,,,1.0
31,acetone_dipole,117,0.9999999403953552,0.0,0.5889169964420378,0.5889169964420378,,,,1.0
31,acetone_dipole,118,0.9999999403953552,0.0,0.5889169964420378,0.5889169964420378,,,,1.0
31,acetone_dipole,119,0.9999999403953552,0.0,0.5889169964420378,0.5889169964420378,,,,1.0
31,acetone_dipole,120,0.9999999403953552,0.0,0.5889169964420378,0.5889169964420378,,,,1.0
31,acetone_dipole,121,0.9999999403953552,0.0,0.5889169964420378,0.5889169964420378,,,,1.0
31,acetone_dipole,122,0.9999999403953552,0.0,0.5889169964420378,0.5889169964420378,,,,1.0
31,acetone_dipole,123,0.9999999403953552,0.0,0.5889169964420378,0.5889169964420378,,,,1.0
31,acetone_dipole,124,0.9999999403953552,0.0,0.5889169964420378,0.5889169964420378,,,,1.0
31,acetone_dipole,125,0.9999999403953552,0.0,0.5889169964420378,0.5889169964420378,,,,1.0
31,acetone_dipole,126,0.9999999403953552,0.0,0.5889169964420378,0.5889169964420378,,,,1.0
31,acetone_dipole,127,0.9999999403953552,0.0,0.5889169964420378,0.5889169964420378,,,,1.0
31,acetone_dipole,128,0.9999999403953552,0.0,0.5889169964420378,0.5889169964420378,,,,1.0
31,acetone_dipole,129,0.9999999403953552,0.0,0.5889169964420378,0.5889169964420378,,,,1.0
31,acetone_dipole,130,0.9999999403953552,0.0,0.5889169964420378,0.5889169964420378,,,,1.0
31,acetone_dipole,131,0.9999999403953552,0.0,0.5889169964420378,0.5889169964420378,,,,1.0
31,acetone_dipole,132,0.9999999403953552,0.0,0.5889169964420378,0.5889169964420378,,,,1.0
31,acetone_dipole,133,0.9999999403953552,0.0,0.5889169964420378,0.5889169964420378,,,,1.0
31,acetone_dipole,134,0.9999999403953552,0.0,0.5889169964420378,0.5889169964420378,,,,1.0
31,acetone_dipole,135,0.9999999403953552,0.0,0.5889169964420378,0.5889169964420378,,,,1.0
31,acetone_dipole,136,0.9999999403953552,0.0,0.5889169964420378,0.5889169964420378,,,,1.0
31,acetone_dipole,137,0.9999999403953552,0.0,0.5889169964420378,0.5889169964420378,,,,1.0
31,acetone_dipole,138,0.9999999403953552,0.0,0.5889169964420378,0.5889169964420378,,,,1.0
31,acetone_dipole,139,0.9999999403953552,0.0,0.5889169964420378,0.5889169964420378,,,,1.0
31,acetone_dipole,140,0.9999999403953552,0.0,0.5889169964420378,0.5889169964420378,,,,1.0
31,acetone_dipole,141,0.9999999403953552,0.0,0.5889169964420378,0.5889169964420378,,,,1.0
31,acetone_dipole,142,0.9999999403953552,0.0,0.5889169964420378,0.5889169964420378,,,,1.0
31,acetone_dipole,143,0.9999999403953552,0.0,0.5889169964420378,0.5889169964420378,,,,1.0
31,acetone_dipole,144,0.9999999403953552,0.0,0.5889169964420378,0.5889169964420378,,,,1.0
31,acetone_dipole,145,0.9999999403953552,0.0,0.5889169964420378,0.5889169964420378,,,,1.0
31,acetone_dipole,146,0.9999999403953552,0.0,0.5889169964420378,0.5889169964420378,,,,1.0
31,acetone_dipole,147,0.9999999403953552,0.0,0.5889169964420378,0.5889169964420378,,,,1.0
31,acetone_dipole,148,0.9999999403953552,0.0,0.5889169964420378,0.5889169964420378,,,,1.0
31,acetone_dipole,149,0.9999999403953552,0.0,0.5889169964420378,0.5889169964420378,,,,1.0
31,acetone_dipole,150,0.9999999403953552,0.0,0.5889169964420378,0.5889169964420378,,,,1.0
31,acetone_dipole,151,0.9999999403953552,0.0,0.5889169964420378,0.5889169964420378,,,,1.0
31,acetone_dipole,152,0.9999999403953552,0.0,0.5889169964420378,0.5889169964420378,,,,1.0
31,acetone_dipole,153,0.9999999403953552,0.0,0.5889169964420378,0.5889169964420378,,,,1.0
31,acetone_dipole,154,0.9999999403953552,0.0,0.5889169964420378,0.5889169964420378,,,,1.0
31,acetone_dipole,155,0.9999999403953552,0.0,0.5889169964420378,0.5889169964420378,,,,1.0
31,acetone_dipole,156,0.9999999403953552,0.0,0.5889169964420378,0.5889169964420378,,,,1.0
31,acetone_dipole,157,0.9999999403953552,0.0,0.5889169964420378,0.5889169964420378,,,,1.0
31,acetone_dipole,158,0.9999999403953552,0.0,0.5889169964420378,0.5889169964420378,,,,1.0
31,acetone_dipole,159,0.9999999403953552,0.0,0.5889169964420378,0.5889169964420378,,,,1.0
31,acetone_dipole,160,0.9999999403953552,0.0,0.5889169964420378,0.5889169964420378,,,,1.0
31,acetone_dipole,161,0.9999999403953552,0.0,0.5889169964420378,0.5889169964420378,,,,1.0
31,acetone_dipole,162,0.9999999403953552,0.0,0.5889169964420378,0.5889169964420378,,,,1.0
31,acetone_dipole,163,0.9999999403953552,0.0,0.5889169964420378,0.5889169964420378,,,,1.0
31,acetone_dipole,164,0.9999999403953552,0.0,0.5889169964420378,0.5889169964420378,,,,1.0
31,acetone_dipole,165,0.9999999403953552,0.0,0.5889169964420378,0.5889169964420378,,,,1.0
31,acetone_dipole,166,0.9999999403953552,0.0,0.5889169964420378,0.5889169964420378,,,,1.0
31,acetone_dipole,167,0.9999999403953552,0.0,0.5889169964420378,0.5889169964420378,,,,1.0
31,acetone_dipole,168,0.9999999403953552,0.0,0.5889169964420378,0.5889169964420378,,,,1.0
31,acetone_dipole,169,0.9999999403953552,0.0,0.5889169964420378,0.5889169964420378,,,,1.0
31,acetone_dipole,170,0.9999999403953552,0.0,0.5889169964420378,0.5889169964420378,,,,1.0
31,acetone_dipole,171,0.9999999403953552,0.0,0.5889169964420378,0.5889169964420378,,,,1.0
31,acetone_dipole,172,0.9999999403953552,0.0,0.5889169964420378,0.5889169964420378,,,,1.0
31,acetone_dipole,173,0.9999999403953552,0.0,0.5889169964420378,0.5889169964420378,,,,1.0
31,acetone_dipole,174,0.9999999403953552,0.0,0.5889169964420378,0.5889169964420378,,,,1.0
31,acetone_dipole,175,0.9999999403953552,0.0,0.5889169964420378,0.5889169964420378,,,,1.0
31,acetone_dipole,176,0.9999999403953552,0.0,0.5889169964420378,0.5889169964420378,,,,1.0
31,acetone_dipole,177,0.9999999403953552,0.0,0.5889169964420378,0.5889169964420378,,,,1.0
31,acetone_dipole,178,0.9999999403953552,0.0,0.5889169964420378,0.5889169964420378,,,,1.0
31,acetone_dipole,179,0.9999999403953552,0.0,0.5889169964420378,0.5889169964420378,,,,1.0
31,acetone_dipole,180,0.9999999403953552,0.0,0.5889169964420378,0.5889169964420378,,,,1.0
31,acetone_dipole,181,0.9999999403953552,0.0,0.5889169964420378,0.5889169964420378,,,,1.0
31,acetone_dipole,182,0.9999999403953552,0.0,0.5889169964420378,0.5889169964420378,,,,1.0
31,acetone_dipole,183,0.9999999403953552,0.0,0.5889169964420378,0.5889169964420378,,,,1.0
31,acetone_dipole,184,0.9999999403953552,0.0,0.5889169964420378,0.5889169964420378,,,,1.0
31,acetone_dipole,185,0.9999999403953552,0.0,0.5889169964420378,0.5889169964420378,,,,1.0
31,acetone_dipole,186,0.9999999403953552,0.0,0.5889169964420378,0.5889169964420378,,,,1.0
31,acetone_dipole,187,0.9999999403953552,0.0,0.5889169964420378,0.5889169964420378,,,,1.0
31,acetone_dipole,188,0.9999999403953552,0.0,0.5889169964420378,0.5889169964420378,,,,1.0
31,acetone_dipole,189,0.9999999403953552,0.0,0.5889169964420378,0.5889169964420378,,,,1.0
31,acetone_dipole,190,0.9999999403953552,0.0,0.5889169964420378,0.5889169964420378,,,,1.0
31,acetone_dipole,191,0.9999999403953552,0.0,0.5889169964420378,0.5889169964420378,,,,1.0
31,acetone_dipole,192,0.9999999403953552,0.0,0.5889169964420378,0.5889169964420378,,,,1.0
31,acetone_dipole,193,0.9999999403953552,0.0,0.5889169964420378,0.5889169964420378,,,,1.0
31,acetone_dipole,194,0.9999999403953552,0.0,0.5889169964420378,0.5889169964420378,,,,1.0
31,acetone_dipole,195,0.9999999403953552,0.0,0.5889169964420378,0.5889169964420378,,,,1.0
31,acetone_dipole,196,0.9999999403953552,0.0,0.5889169964420378,0.5889169964420378,,,,1.0
31,acetone_dipole,197,0.9999999403953552,0.0,0.5889169964420378,0.5889169964420378,,,,1.0
31,acetone_dipole,198,0.9999999403953552,0.0,0.5889169964420378,0.5889169964420378,,,,1.0
31,acetone_dipole,199,0.9999999403953552,0.0,0.5889169964420378,0.5889169964420378,,,,1.0
31,acetone_dipole,200,0.9999999403953552,0.0,0.5889169964420378,0.5889169964420378,,,,1.0
31,acetone_dipole,201,0.9999999403953552,0.0,0.5889169964420378,0.5889169964420378,,,,1.0
31,acetone_dipole,202,0.9999999403953552,0.0,0.5889169964420378,0.5889169964420378,,,,1.0
31,acetone_dipole,203,0.9999999403953552,0.0,0.5889169964420378,0.5889169964420378,,,,1.0
31,acetone_dipole,204,0.9999999403953552,0.0,0.5889169964420378,0.5889169964420378,,,,1.0
31,acetone_dipole,205,0.9999999403953552,0.0,0.5889169964420378,0.5889169964420378,,,,1.0
31,acetone_dipole,206,0.9999999403953552,0.0,0.5889169964420378,0.5889169964420378,,,,1.0
31,acetone_dipole,207,0.9999999403953552,0.0,0.5889169964420378,0.5889169964420378,,,,1.0
31,acetone_dipole,208,0.9999999403953552,0.0,0.5889169964420378,0.5889169964420378,,,,1.0
31,acetone_dipole,209,0.9999999403953552,0.0,0.5889169964420378,0.5889169964420378,,,,1.0
31,acetone_dipole,210,0.9999999403953552,0.0,0.5889169964420378,0.5889169964420378,,,,1.0
31,acetone_dipole,211,0.9999999403953552,0.0,0.5889169964420378,0.5889169964420378,,,,1.0
31,acetone_dipole,212,0.9999999403953552,0.0,0.5889169964420378,0.5889169964420378,,,,1.0
31,acetone_dipole,213,0.9999999403953552,0.0,0.5889169964420378,0.5889169964420378,,,,1.0
31,acetone_dipole,214,0.9999999403953552,0.0,0.5889169964420378,0.5889169964420378,,,,1.0
31,acetone_dipole,215,0.9999999403953552,0.0,0.5889169964420378,0.5889169964420378,,,,1.0
31,acetone_dipole,216,0.9999999403953552,0.0,0.5889169964420378,0.5889169964420378,,,,1.0
31,acetone_dipole,217,0.9999999403953552,0.0,0.5889169964420378,0.5889169964420378,,,,1.0
31,acetone_dipole,218,0.9999999403953552,0.0,0.5889169964420378,0.5889169964420378,,,,1.0
31,acetone_dipole,219,0.9999999403953552,0.0,0.5889169964420378,0.5889169964420378,,,,1.0
31,acetone_dipole,220,0.9999999403953552,0.0,0.5889169964420378,0.5889169964420378,,,,1.0
31,acetone_dipole,221,0.9999999403953552,0.0,0.5889169964420378,0.5889169964420378,,,,1.0
31,acetone_dipole,222,0.9999999403953552,0.0,0.5889169964420378,0.5889169964420378,,,,1.0
31,acetone_dipole,223,0.9999999403953552,0.0,0.5889169964420378,0.5889169964420378,,,,1.0
31,acetone_dipole,224,0.9999999403953552,0.0,0.5889169964420378,0.5889169964420378,,,,1.0
31,acetone_dipole,225,0.9999999403953552,0.0,0.5889169964420378,0.5889169964420378,,,,1.0
31,acetone_dipole,226,0.9999999403953552,0.0,0.5889169964420378,0.5889169964420378,,,,1.0
31,acetone_dipole,227,0.9999999403953552,0.0,0.5889169964420378,0.5889169964420378,,,,1.0
31,acetone_dipole,228,0.9999999403953552,0.0,0.5889169964420378,0.5889169964420378,,,,1.0
31,acetone_dipole,229,0.9999999403953552,0.0,0.5889169964420378,0.5889169964420378,,,,1.0
31,acetone_dipole,230,0.9999999403953552,0.0,0.5889169964420378,0.5889169964420378,,,,1.0
31,acetone_dipole,231,0.9999999403953552,0.0,0.5889169964420378,0.5889169964420378,,,,1.0
31,acetone_dipole,232,0.9999999403953552,0.0,0.5889169964420378,0.5889169964420378,,,,1.0
31,acetone_dipole,233,0.9999999403953552,0.0,0.5889169964420378,0.5889169964420378,,,,1.0
31,acetone_dipole,234,0.9999999403953552,0.0,0.5889169964420378,0.5889169964420378,,,,1.0
31,acetone_dipole,235,0.9999999403953552,0.0,0.5889169964420378,0.5889169964420378,,,,1.0
31,acetone_dipole,236,0.9999999403953552,0.0,0.5889169964420378,0.5889169964420378,,,,1.0
31,acetone_dipole,237,0.9999999403953552,0.0,0.5889169964420378,0.5889169964420378,,,,1.0
31,acetone_dipole,238,0.9999999403953552,0.0,0.5889169964420378,0.5889169964420378,,,,1.0
31,acetone_dipole,239,0.9999999403953552,0.0,0.5889169964420378,0.5889169964420378,,,,1.0
31,acetone_dipole,240,0.9999999403953552,0.0,0.5889169964420378,0.5889169964420378,,,,1.0
31,acetone_dipole,241,0.9999999403953552,0.0,0.5889169964420378,0.5889169964420378,,,,1.0
31,acetone_dipole,242,0.9999999403953552,0.0,0.5889169964420378,0.5889169964420378,,,,1.0
31,acetone_dipole,243,0.9999999403953552,0.0,0.5889169964420378,0.5889169964420378,,,,1.0
31,acetone_dipole,244,0.9999999403953552,0.0,0.5889169964420378,0.5889169964420378,,,,1.0
31,acetone_dipole,245,0.9999999403953552,0.0,0.5889169964420378,0.5889169964420378,,,,1.0
31,acetone_dipole,246,0.9999999403953552,0.0,0.5889169964420378,0.5889169964420378,,,,1.0
31,acetone_dipole,247,0.9999999403953552,0.0,0.5889169964420378,0.5889169964420378,,,,1.0
31,acetone_dipole,248,0.9999999403953552,0.0,0.5889169964420378,0.5889169964420378,,,,1.0
31,acetone_dipole,249,0.9999999403953552,0.0,0.5889169964420378,0.5889169964420378,,,,1.0
31,octanol_gsolv_eV,0,0.08699333667755127,0.05041663721203804,0.6475689164853324,0.9684364397218566,11.374194145202637,0.012697860598564148,0.0011163745260950907,0.02
31,octanol_gsolv_eV,1,0.23045292496681213,0.04311075806617737,0.6486733624041026,0.9324271773316446,9.70486068725586,0.2829945385456085,0.02916008252619522,0.22
31,octanol_gsolv_eV,2,0.20755580067634583,0.04664292931556702,0.6485786065310386,0.9435009004898096,10.581559181213379,0.2775866389274597,0.02623305641197851,0.14
31,octanol_gsolv_eV,3,0.23165027797222137,0.04813327267765999,0.649315427112527,0.9414355444287072,10.951814651489258,0.1462143212556839,0.013350693552488243,0.28
31,octanol_gsolv_eV,4,0.16262830793857574,0.04571778327226639,0.6409924758552741,0.969462853053576,10.093367576599121,0.015587990172207355,0.0015443795199084193,0.14
31,octanol_gsolv_eV,5,0.12526319921016693,0.04557092860341072,0.6491894611511633,0.97363993147692,10.253053665161133,0.01781722903251648,0.0017377485395456058,0.14
31,octanol_gsolv_eV,6,0.2945742607116699,0.04398991912603378,0.650039531897697,0.9243901235525507,10.143693923950195,0.5211766958236694,0.05137937912273982,0.3
31,octanol_gsolv_eV,7,0.3347036838531494,0.04567437991499901,0.6453954799552082,0.8973551339464285,10.387516021728516,0.7913574576377869,0.0761835125916949,0.28
31,octanol_gsolv_eV,8,0.12620066106319427,0.05137551948428154,0.6471300134246283,0.9724003037668103,11.569280624389648,0.005376048851758242,0.0004646830711690738,0.12
31,octanol_gsolv_eV,9,0.33719316124916077,0.04294832423329353,0.6458465949947851,0.9184059378839524,9.840433120727539,1.0137531757354736,0.10301916219522288,0.32
31,octanol_gsolv_eV,10,0.11689801514148712,0.044006429612636566,0.6501145604119238,0.9687350468553813,9.92549991607666,0.020807044580578804,0.0020963220751104884,0.12
31,octanol_gsolv_eV,11,0.31035569310188293,0.04232480376958847,0.6492026348685298,0.9182209164767032,9.668002128601074,0.8347770571708679,0.08634431871930683,0.26
31,octanol_gsolv_eV,12,0.4469003677368164,0.048378292471170425,0.6486459708925809,0.921328628250228,11.349346160888672,1.2388299703598022,0.10915430305835344,0.36
31,octanol_gsolv_eV,13,0.4930935502052307,0.0321180559694767,0.6575794776393713,0.9098478750631516,7.349980354309082,1.9951716661453247,0.2714526529279242,0.38
31,octanol_gsolv_eV,14,0.06951519846916199,0.04170577600598335,0.6489923678512153,0.959057683314338,9.380790710449219,0.04617824777960777,0.004922639168164155,0.02
31,octanol_gsolv_eV,15,0.30220022797584534,0.04596736654639244,0.6476000596323988,0.9155463008200555,10.486063003540039,0.6715523600578308,0.06404237317963074,0.22
31,octanol_gsolv_eV,16,0.04908040165901184,0.045072633773088455,0.6401772126584844,0.960883117284419,10.07327651977539,0.022282028570771217,0.002211994133887635,0.02
31,octanol_gsolv_eV,17,0.16672338545322418,0.04299435764551163,0.6500730477714904,0.9580736113363111,9.71499252319336,0.0637434720993042,0.006561350608054966,0.18
31,octanol_gsolv_eV,18,0.34565749764442444,0.040414005517959595,0.6503899600003353,0.9266997168857309,9.138886451721191,0.7849810123443604,0.08589460176480465,0.4
31,octanol_gsolv_eV,19,0.1409233957529068,0.04587884992361069,0.6496756993654638,0.9758110970541567,10.36031436920166,0.00730958953499794,0.0007055374262317099,0.14
31,octanol_gsolv_eV,20,0.25392258167266846,0.044821448624134064,0.6499538120580401,0.936293907049417,10.205878257751465,0.3162700831890106,0.030989011940133655,0.26
31,octanol_gsolv_eV,21,0.21746380627155304,0.04465648531913757,0.6492401609690299,0.9448349017554083,10.100306510925293,0.17493675649166107,0.017319945320712356,0.2
31,octanol_gsolv_eV,22,0.3446020185947418,0.047546982765197754,0.6508888437139442,0.9005619378849252,11.048503875732422,0.8838081955909729,0.0799934729200956,0.24
31,octanol_gsolv_eV,23,0.09543978422880173,0.05118403211236,0.6458410595486701,0.9438733443869123,11.526738166809082,0.1535807102918625,0.013323865613091986,0.06
31,octanol_gsolv_eV,24,0.13401064276695251,0.04921159893274307,0.6468603206585655,0.9680496780096952,11.100236892700195,0.010177569463849068,0.0009168785821627016,0.1
31,octanol_gsolv_eV,25,0.15667995810508728,0.06635020673274994,0.6460226970340892,0.9642953474389102,14.899760246276855,0.08485359698534012,0.005694963917727689,0.06
31,octanol_gsolv_eV,26,0.2618507742881775,0.04990118741989136,0.6480922215836591,0.9006193160849247,11.387389183044434,0.5059475302696228,0.044430511870356314,0.2
31,octanol_gsolv_eV,27,0.0862511694431305,0.03139907494187355,0.6481875742367353,0.9689872037780947,6.989333629608154,0.06282483786344528,0.008988673483450161,0.04
31,octanol_gsolv_eV,28,0.08193886280059814,0.05194583162665367,0.6312689618380387,0.9622366024511744,11.417376518249512,0.014787784777581692,0.0012951998871146035,0.04
31,octanol_gsolv_eV,29,0.2300201654434204,0.046369507908821106,0.6430796163715833,0.914061928161686,10.386470794677734,0.8461510539054871,0.08146665702262161,0.22
31,octanol_gsolv_eV,30,0.13510052859783173,0.04203319922089577,0.6484994031750531,0.975581705329297,9.456177711486816,0.015955466777086258,0.001687306146721892,0.16
31,octanol_gsolv_eV,31,0.13995154201984406,0.05192933231592178,0.6477664409898825,0.9695266236730309,11.682004928588867,0.005287566687911749,0.0004526249321271655,0.18
31,octanol_gsolv_eV,32,0.31713512539863586,0.046174149960279465,0.6472585432730669,0.9113702660916965,10.622693061828613,0.6986233592033386,0.06576706633026598,0.3
31,octanol_gsolv_eV,33,0.22281448543071747,0.04837088659405708,0.6433746644413416,0.9005874313264226,10.8548583984375,0.4064672589302063,0.037445652813740536,0.2
31,octanol_gsolv_eV,34,0.10399343818426132,0.04982900619506836,0.6469110553716708,0.9623773333878556,11.122992515563965,0.010245672427117825,0.0009211255345880579,0.16
31,octanol_gsolv_eV,35,0.3133451044559479,0.04646286740899086,0.6452735151652187,0.9211801388370975,10.566980361938477,1.077012062072754,0.10192240594598585,0.22
31,octanol_gsolv_eV,36,0.162774920463562,0.048610687255859375,0.6497228092106395,0.9592404727627064,11.001165390014648,0.06280216574668884,0.0057086829913212695,0.14
31,octanol_gsolv_eV,37,0.3299368917942047,0.04480535164475441,0.6433854943899338,0.9263196065636126,10.182770729064941,1.1881076097488403,0.1166782245580365,0.32
31,octanol_gsolv_eV,38,0.14536699652671814,0.04175800085067749,0.6477546094929438,0.9580928322327071,9.405814170837402,0.033701471984386444,0.003583046759405198,0.14
31,octanol_gsolv_eV,39,0.2896266281604767,0.04830757528543472,0.646482554923095,0.9158854988868668,10.96071720123291,0.4757949709892273,0.04340910929949983,0.18
31,octanol_gsolv_eV,40,0.2582803964614868,0.04810696467757225,0.6460226673204112,0.9265802517346087,10.86491584777832,0.5288531184196472,0.048675307368145716,0.28
31,octanol_gsolv_eV,41,0.30751192569732666,0.04624970257282257,0.6494817774774884,0.9087932394602669,10.619853019714355,0.4847946763038635,0.045649848016154855,0.28
31,octanol_gsolv_eV,42,0.10715172439813614,0.0496424064040184,0.636613741056937,0.9676459009626122,10.979894638061523,0.009434700012207031,0.0008592705415862449,0.14
31,octanol_gsolv_eV,43,0.23408368229866028,0.0586085245013237,0.6322115542827609,0.9442867196877667,12.833630561828613,0.2663150131702423,0.020751338593332246,0.22
31,octanol_gsolv_eV,44,0.14374931156635284,0.04655765742063522,0.647961202810353,0.9764301954790413,10.461962699890137,0.018217768520116806,0.0017413337289290962,0.14
31,octanol_gsolv_eV,45,0.02616465464234352,0.04616009071469307,0.647784084147059,0.9691953659353036,10.35566520690918,0.009788482449948788,0.0009452297128549526,0.02
31,octanol_gsolv_eV,46,0.08163263648748398,0.05319315567612648,0.6397822771501316,0.9617297416820236,11.66471004486084,0.007461684290319681,0.0006396802202217705,0.06
31,octanol_gsolv_eV,47,0.26200371980667114,0.045593827962875366,0.6377561319793534,0.8982440037127648,10.200385093688965,0.9792792201042175,0.09600414210931145,0.2
31,octanol_gsolv_eV,48,0.28022482991218567,0.043135061860084534,0.6481512065382611,0.9106763082657554,9.801094055175781,0.7942241430282593,0.08103423337814454,0.28
31,octanol_gsolv_eV,49,0.23018912971019745,0.04965253919363022,0.6504075643504259,0.9415397067212221,11.328849792480469,0.34145888686180115,0.030140649149434807,0.22
31,octanol_gsolv_eV,50,0.10041151195764542,0.046349797397851944,0.6505197886284051,0.9701777989928317,10.472965240478516,0.01576913893222809,0.0015056995387781491,0.1
31,octanol_gsolv_eV,51,0.2937736213207245,0.04065665230154991,0.648124811638686,0.9004228915740167,9.130313873291016,0.97983717918396,0.10731692171616201,0.14
31,octanol_gsolv_eV,52,0.31551507115364075,0.05297590419650078,0.646006522622995,0.9251309958604894,11.96445369720459,0.6684995293617249,0.055873803040243704,0.22
31,octanol_gsolv_eV,53,0.14494812488555908,0.03900434449315071,0.6489693224167357,0.9437546129386951,8.777897834777832,0.0790918692946434,0.009010342884293232,0.12
31,octanol_gsolv_eV,54,0.10880297422409058,0.04805104434490204,0.6479947692818329,0.967270537114858,10.807621002197266,0.004748078994452953,0.00043932693360431823,0.12
31,octanol_gsolv_eV,55,0.12490172684192657,0.05111303552985191,0.6488910350930925,0.9560186029699485,11.520780563354492,0.014167703688144684,0.0012297520649954545,0.1
31,octanol_gsolv_eV,56,0.22590497136116028,0.048015814274549484,0.6474405336777804,0.9188860898911912,10.847557067871094,0.47396305203437805,0.0436930683165695,0.18
31,octanol_gsolv_eV,57,0.31028473377227783,0.04629354551434517,0.6392947787857302,0.9093836344060746,10.36744213104248,0.9876424670219421,0.09526385144361847,0.28
31,octanol_gsolv_eV,58,0.0734759047627449,0.051608867943286896,0.6482357970668977,0.9460277300930777,11.653992652893066,0.058551233261823654,0.005024135075912245,0.02
31,octanol_gsolv_eV,59,0.3617894649505615,0.04736999422311783,0.649716153665181,0.9178286096853165,10.996527671813965,0.9802806973457336,0.08914456695801944,0.32
31,octanol_gsolv_eV,60,0.37772059440612793,0.04292391985654831,0.6527293502945108,0.9268967026137198,9.936638832092285,1.2191559076309204,0.12269298786360455,0.34
31,octanol_gsolv_eV,61,0.2130628526210785,0.048343855887651443,0.6491930538757662,0.9595591294679515,11.040962219238281,0.11777156591415405,0.01066678461311492,0.16
31,octanol_gsolv_eV,62,0.30750584602355957,0.035122428089380264,0.6514326827894981,0.9268809136930631,7.870178699493408,0.9124279022216797,0.11593483922803574,0.24
31,octanol_gsolv_eV,63,0.1953536570072174,0.04901852086186409,0.6461347760906413,0.9392183932171561,11.012962341308594,0.28172168135643005,0.025580917524771544,0.14
31,octanol_gsolv_eV,64,0.19926942884922028,0.047508276998996735,0.6475478415145848,0.9464865006451335,10.75268268585205,0.15502038598060608,0.014416903251927604,0.24
31,octanol_gsolv_eV,65,0.29532501101493835,0.04519854113459587,0.6381029430694625,0.9131057873227477,10.010111808776855,0.7990080714225769,0.07982009458895428,0.32
31,octanol_gsolv_eV,66,0.2654270827770233,0.04442251846194267,0.6483361375775261,0.9209036350425073,10.1545991897583,0.4560253918170929,0.04490826110370066,0.24
31,octanol_gsolv_eV,67,0.06324578821659088,0.021178055554628372,0.6412229703768664,0.9510617109000561,4.59002685546875,0.04134802147746086,0.009008230840348373,0.02
31,octanol_gsolv_eV,68,0.075003981590271,0.03487199917435646,0.6429396786279713,0.9677311893595311,7.7012200355529785,0.020632319152355194,0.0026790974750890506,0.06
31,octanol_gsolv_eV,69,0.17281123995780945,0.03312935307621956,0.6496901358921285,0.9490936639732321,7.456650257110596,0.14359745383262634,0.019257635651570633,0.14
31,octanol_gsolv_eV,70,0.5508632659912109,0.019432587549090385,0.6599326001044297,0.9163702898480337,4.405734062194824,1.622240424156189,0.36821115420389905,0.54
31,octanol_gsolv_eV,71,0.3451589047908783,0.020131397992372513,0.6550348645283575,0.9548096852870736,4.454300403594971,0.6657281517982483,0.14945739880070805,0.2
31,octanol_gsolv_eV,72,0.24115224182605743,0.049463704228401184,0.6448929126830021,0.9098040104152592,11.089805603027344,0.8448812961578369,0.07618540183672809,0.2
31,octanol_gsolv_eV,73,0.16236081719398499,0.044467706233263016,0.6480128982981526,0.9530203542966134,10.084726333618164,0.08800727874040604,0.008726788990498177,0.14
31,octanol_gsolv_eV,74,0.3776208758354187,0.04561522603034973,0.6500379058520533,0.9025615791906307,10.612068176269531,0.7328952550888062,0.0690624337231163,0.34
31,octanol_gsolv_eV,75,0.3632633090019226,0.04661682993173599,0.6502724125067092,0.9196706546621756,10.802407264709473,0.865333080291748,0.08010557823705797,0.32
31,octanol_gsolv_eV,76,0.1727699339389801,0.03760233893990517,0.6511315358255756,0.9693121509464941,8.315960884094238,0.021318746730685234,0.002563593916303905,0.16
31,octanol_gsolv_eV,77,0.13312937319278717,0.04665885120630264,0.6502479586900898,0.9664147451775169,10.567864418029785,0.010268447920680046,0.0009716672654468479,0.14
31,octanol_gsolv_eV,78,0.11624005436897278,0.04853728413581848,0.648576343774903,0.9716827044860374,10.935338020324707,0.01357757393270731,0.0012416236157923673,0.12
31,octanol_gsolv_eV,79,0.11081603169441223,0.051591452211141586,0.6487729505026543,0.9535450635506282,11.609105110168457,0.02698110044002533,0.0023241326686233967,0.04
31,octanol_gsolv_eV,80,0.1427474468946457,0.024300899356603622,0.644171092475462,0.9365948426562367,5.244983673095703,0.08056868612766266,0.015361093789660793,0.18
31,octanol_gsolv_eV,81,0.32488808035850525,0.04652271792292595,0.6484338452506992,0.8984742891032946,10.6912841796875,0.9207258820533752,0.08611929741823471,0.3
31,octanol_gsolv_eV,82,0.3325314521789551,0.04936806112527847,0.650677475105532,0.9280994643115525,11.355433464050293,0.6861323714256287,0.06042326553167938,0.3
31,octanol_gsolv_eV,83,0.34360677003860474,0.053468797355890274,0.6435719334488288,0.9054484171961827,12.211738586425781,1.1369311809539795,0.0931015000777825,0.24
31,octanol_gsolv_eV,84,0.1965559870004654,0.04799739271402359,0.6493172410129102,0.9501681720372148,10.866035461425781,0.09439817816019058,0.008687453533103432,0.16
31,octanol_gsolv_eV,85,0.28259164094924927,0.046311162412166595,0.648063959547805,0.9188676552491024,10.585577964782715,0.5346181392669678,0.050504388238941246,0.18
31,octanol_gsolv_eV,86,0.14911460876464844,0.04557609558105469,0.6509383083177205,0.9741323029726188,10.331830024719238,0.0057917204685509205,0.0005605706302459527,0.14
31,octanol_gsolv_eV,87,0.18046629428863525,0.04563711956143379,0.6486921178347445,0.9471392786016979,10.3113431930542,0.1460755318403244,0.014166489186270321,0.12
31,octanol_gsolv_eV,88,0.14966991543769836,0.06697516143321991,0.6301653761875123,0.9757030472759936,14.261780738830566,0.009426340460777283,0.0006609511556374005,0.1
31,octanol_gsolv_eV,89,0.2631142735481262,0.049002308398485184,0.6354127890178622,0.9092247120558239,10.819756507873535,0.5837217569351196,0.05394962044759005,0.34
31,octanol_gsolv_eV,90,0.29300177097320557,0.046762656420469284,0.6490622813397298,0.9112007077832742,10.7245454788208,0.6509366631507874,0.060695967436221826,0.28
31,octanol_gsolv_eV,91,0.1200825646519661,0.05062336102128029,0.647629202266548,0.9608993399354198,11.359975814819336,0.009826166555285454,0.0008649812918146362,0.14
31,octanol_gsolv_eV,92,0.11825715750455856,0.03865816444158554,0.6484020963438264,0.9702400332150753,8.689773559570312,0.02219819836318493,0.0025545197709711752,0.14
31,octanol_gsolv_eV,93,0.30273815989494324,0.0474027656018734,0.6436168477177737,0.920872972288318,10.673003196716309,0.5070776343345642,0.047510304736962265,0.32
31,octanol_gsolv_eV,94,0.5121104717254639,0.02001025713980198,0.660776365460614,0.9238478098553526,4.47022008895874,1.4419753551483154,0.32257368238085976,0.28
31,octanol_gsolv_eV,95,0.09482859075069427,0.0463726706802845,0.6499828791237408,0.9592933245785076,10.467177391052246,0.018879329785704613,0.001803669612195873,0.08
31,octanol_gsolv_eV,96,0.3791501224040985,0.04441541060805321,0.6451657362940386,0.9086485231300259,10.152185440063477,0.9770708680152893,0.09624241733799341,0.24
31,octanol_gsolv_eV,97,0.3207343518733978,0.049187690019607544,0.6447275112504118,0.9146855688073323,11.17684268951416,1.7249749898910522,0.15433472920839994,0.22
31,octanol_gsolv_eV,98,0.2775798439979553,0.04508402943611145,0.6505024005165785,0.8916718483058717,10.390168190002441,0.7471739649772644,0.0719116333166007,0.16
31,octanol_gsolv_eV,99,0.23393143713474274,0.046897996217012405,0.6471121106305546,0.9284531191471557,10.651093482971191,0.3634256422519684,0.034120970098798574,0.16
31,octanol_gsolv_eV,100,0.2461824119091034,0.050664085894823074,0.6472575712072355,0.9557823685864519,11.468284606933594,0.2726391851902008,0.023773318725048582,0.22
31,octanol_gsolv_eV,101,0.34134700894355774,0.04500652477145195,0.6478297497811458,0.8948936700180046,10.398706436157227,0.8301476836204529,0.07983182222876833,0.28
31,octanol_gsolv_eV,102,0.11282740533351898,0.05071167275309563,0.6490406262128767,0.9595010793175978,11.454538345336914,0.015008104965090752,0.0013102321990305682,0.08
31,octanol_gsolv_eV,103,0.25322043895721436,0.04526122659444809,0.6503414290299212,0.9209187056883272,10.285258293151855,0.42767977714538574,0.04158182176427636,0.3
31,octanol_gsolv_eV,104,0.2965644896030426,0.038306109607219696,0.648779627469674,0.9364624396705183,8.649185180664062,0.5814734101295471,0.06722869241249187,0.36
31,octanol_gsolv_eV,105,0.3135881721973419,0.04142647981643677,0.6487916128460569,0.919195298401092,9.448384284973145,0.7988870143890381,0.08455276482134626,0.32
31,octanol_gsolv_eV,106,0.2485794574022293,0.049465663731098175,0.6500577579050653,0.935555731588976,11.200807571411133,0.3322699964046478,0.02966482499464874,0.18
31,octanol_gsolv_eV,107,0.281383752822876,0.04502863064408302,0.6496277523395688,0.9137590505200259,10.333998680114746,0.8441646695137024,0.08168809534861765,0.24
31,octanol_gsolv_eV,108,0.26011374592781067,0.04478352516889572,0.648983310858553,0.9138053897800091,10.262495994567871,0.4374929964542389,0.042630272078626096,0.32
31,octanol_gsolv_eV,109,0.3046554923057556,0.04515327140688896,0.6472895437368462,0.9188247702684724,10.256953239440918,0.6754266619682312,0.06585061335475553,0.32
31,octanol_gsolv_eV,110,0.22718219459056854,0.044535450637340546,0.6500063589379577,0.964657570606821,10.087450981140137,0.1448320895433426,0.01435764989729575,0.18
31,octanol_gsolv_eV,111,0.28459835052490234,0.05240316689014435,0.6466789480847173,0.9296872098202673,11.950822830200195,0.8799839615821838,0.0736337551049983,0.32
31,octanol_gsolv_eV,112,0.2812473773956299,0.04680601879954338,0.6476600998692801,0.8951292984025756,10.754386901855469,0.6848457455635071,0.06368059395792704,0.22
31,octanol_gsolv_eV,113,0.15431690216064453,0.03103143908083439,0.6487056344130249,0.9623789856393823,6.824137210845947,0.05079614743590355,0.007443599955049359,0.12
31,octanol_gsolv_eV,114,0.4359911382198334,0.0441119410097599,0.652488743950423,0.9207141280708275,10.210548400878906,1.2003720998764038,0.11756196168396575,0.4
31,octanol_gsolv_eV,115,0.30097904801368713,0.05231275409460068,0.6440100315806854,0.9252464417536599,11.837292671203613,1.1118189096450806,0.09392510099456983,0.36
31,octanol_gsolv_eV,116,0.05308883264660835,0.06090935319662094,0.6364546716432693,0.962045680212269,13.389488220214844,0.015609565190970898,0.0011658074553890926,0.04
31,octanol_gsolv_eV,117,0.11726804077625275,0.051987260580062866,0.6412176322199223,0.937617974978812,11.474708557128906,0.1405937373638153,0.012252488737630593,0.02
31,octanol_gsolv_eV,118,0.052829090505838394,0.040372274816036224,0.6495556133187423,0.9457146198988304,9.090638160705566,0.01781654730439186,0.001959878612417353,0.02
31,octanol_gsolv_eV,119,0.1079443171620369,0.044687479734420776,0.6486822466625088,0.9720120657935216,10.046406745910645,0.008975463919341564,0.0008934004113455785,0.12
31,octanol_gsolv_eV,120,0.39229094982147217,0.04358486831188202,0.6501082601707555,0.9087723382339021,10.126521110534668,0.977012038230896,0.09648052154994333,0.32
31,octanol_gsolv_eV,121,0.26653972268104553,0.049124542623758316,0.644446194814515,0.9217642935922219,11.016075134277344,0.8628614544868469,0.0783274845141523,0.24
31,octanol_gsolv_eV,122,0.08605805784463882,0.035031985491514206,0.6500855601453186,0.9656498770263426,7.709219455718994,0.032450150698423386,0.004209265397724619,0.06
31,octanol_gsolv_eV,123,0.29229989647865295,0.04687074199318886,0.6308250322934263,0.9124750827552619,10.078482627868652,0.9403508305549622,0.09330281802091303,0.32
31,octanol_gsolv_eV,124,0.221282958984375,0.0355195514857769,0.6517113367416403,0.9648798475475979,7.871592998504639,0.18422181904315948,0.023403371983047903,0.22
31,octanol_gsolv_eV,125,0.10760200023651123,0.051599737256765366,0.639332565213228,0.9262399158189139,11.320549011230469,0.14033843576908112,0.012396787084253545,0.02
31,octanol_gsolv_eV,126,0.1286926567554474,0.04788883402943611,0.649305664785466,0.9666615547660617,10.81912612915039,0.028901580721139908,0.002671341509114055,0.08
31,octanol_gsolv_eV,127,0.24491097033023834,0.048671744763851166,0.6445460975632866,0.9104408541880238,11.035496711730957,0.8417763113975525,0.07627896898403559,0.2
31,octanol_gsolv_eV,128,0.326518177986145,0.045977577567100525,0.6483468366199323,0.9066566423118958,10.542380332946777,0.6656920313835144,0.06314437635143087,0.32
31,octanol_gsolv_eV,129,0.19738593697547913,0.03554611653089523,0.6497109764394509,0.9431668681220955,8.030171394348145,0.19086410105228424,0.0237683720158974,0.22
31,octanol_gsolv_eV,130,0.17123372852802277,0.040211230516433716,0.6494458900593578,0.939439118489789,9.049212455749512,0.09960322082042694,0.011006838584847568,0.14
31,octanol_gsolv_eV,131,0.07807739078998566,0.04318210482597351,0.6500776289073302,0.9574952305682818,9.74343490600586,0.01046078372746706,0.0010736238121752141,0.04
31,octanol_gsolv_eV,132,0.15108130872249603,0.050167445093393326,0.6488125035981662,0.9652487308170532,11.30750846862793,0.01302236970514059,0.001151656860684248,0.1
31,octanol_gsolv_eV,133,0.23176205158233643,0.04141893610358238,0.6479715482455064,0.9389658658961109,9.426933288574219,0.3753660023212433,0.039818463845098,0.22
31,octanol_gsolv_eV,134,0.11760415881872177,0.05344017967581749,0.6421616989115944,0.9722515032477663,11.808401107788086,0.01948326639831066,0.0016499495757694674,0.12
31,octanol_gsolv_eV,135,0.4137372076511383,0.04814642667770386,0.6517098942335515,0.9167344659097756,11.180147171020508,2.7670414447784424,0.2474959767927519,0.28
31,octanol_gsolv_eV,136,0.3069217801094055,0.042321573942899704,0.6466262697516734,0.9092559422396076,9.596080780029297,0.6972649097442627,0.07266142560985547,0.24
31,octanol_gsolv_eV,137,0.20973575115203857,0.0435827374458313,0.6491547433929143,0.9243080927436973,9.90947437286377,0.4923974871635437,0.04968956663452617,0.16
31,octanol_gsolv_eV,138,0.2864420711994171,0.04749129340052605,0.6506033280581289,0.9249299163591225,10.902085304260254,0.7629439830780029,0.06998147251515856,0.26
31,octanol_gsolv_eV,139,0.26957204937934875,0.04372703284025192,0.6475657113259732,0.8989772871099218,10.024727821350098,0.7525691986083984,0.07507128492861613,0.22
31,octanol_gsolv_eV,140,0.27160269021987915,0.04516221210360527,0.6496845433259602,0.9110732547715672,10.386590957641602,0.5933941602706909,0.057130791295301776,0.22
31,octanol_gsolv_eV,141,0.19297125935554504,0.04424896836280823,0.6479567561328798,0.9484911892451275,9.966974258422852,0.12460457533597946,0.01250174547513044,0.14
31,octanol_gsolv_eV,142,0.1246417909860611,0.051968052983284,0.6483318219778174,0.9704874465295854,11.696441650390625,0.005704354494810104,0.0004876999916140818,0.14
31,octanol_gsolv_eV,143,0.08662585914134979,0.051788080483675,0.6337042049628183,0.960440797708445,11.397181510925293,0.009432414546608925,0.0008276093995315464,0.08
31,octanol_gsolv_eV,144,0.3305225074291229,0.04794860631227493,0.6522389804354023,0.9190384160287819,11.107090950012207,1.1601303815841675,0.10444952569537504,0.12
31,octanol_gsolv_eV,145,0.06817784905433655,0.06510559469461441,0.6268986640001655,0.9435712427791045,13.925649642944336,0.04143771901726723,0.002975639921995477,0.0
31,octanol_gsolv_eV,146,0.13001801073551178,0.058203551918268204,0.6427237526418226,0.9710124896323127,12.992616653442383,0.01615338958799839,0.0012432745472959494,0.14
31,octanol_gsolv_eV,147,0.2726776897907257,0.04740649834275246,0.6403667767906018,0.9158012620730274,10.662398338317871,0.6901484131813049,0.06472731474504118,0.24
31,octanol_gsolv_eV,148,0.16054198145866394,0.03859217092394829,0.6479948217910116,0.9709623434482308,8.53408432006836,0.04256962612271309,0.004988189069401191,0.18
31,octanol_gsolv_eV,149,0.3475189805030823,0.03812098875641823,0.6501280308908095,0.9231518529373333,8.691569328308105,0.8336707949638367,0.09591717714873459,0.4
31,octanol_gsolv_eV,150,0.2221752405166626,0.046593982726335526,0.6471093360313898,0.9412683605298189,10.559284210205078,0.2654403746128082,0.025138103050230613,0.3
31,octanol_gsolv_eV,151,0.28491082787513733,0.053454842418432236,0.6272969358898826,0.9103610979242547,11.844094276428223,0.8193535208702087,0.069178233619844,0.24
31,octanol_gsolv_eV,152,0.1882469803094864,0.05060534179210663,0.6483840979317419,0.9473549653529323,11.386457443237305,0.1058090478181839,0.009292534429224647,0.16
31,octanol_gsolv_eV,153,0.22055427730083466,0.06399250775575638,0.6238060183258554,0.9274260495893549,13.707447052001953,0.5315099954605103,0.0387752725539716,0.08
31,octanol_gsolv_eV,154,0.12835395336151123,0.046575143933296204,0.6495452811158349,0.9727964303589907,10.500324249267578,0.00553430151194334,0.0005270600583909941,0.12
31,octanol_gsolv_eV,155,0.23002927005290985,0.04965586215257645,0.6467402963022535,0.9352315414134831,11.186564445495605,0.5370383262634277,0.04800744043267656,0.12
31,octanol_gsolv_eV,156,0.13167835772037506,0.045965325087308884,0.6409947619565004,0.9560147150420037,10.280378341674805,0.030157888308167458,0.0029335387576070815,0.12
31,octanol_gsolv_eV,157,0.4156650900840759,0.02921823039650917,0.6538887170000924,0.9044699769136242,6.534553527832031,1.2400864362716675,0.1897737054245374,0.32
31,octanol_gsolv_eV,158,0.2728712856769562,0.04697876796126366,0.6482355029078364,0.9122663150863854,10.745495796203613,0.7069913744926453,0.06579420697762736,0.32
31,octanol_gsolv_eV,159,0.1777297556400299,0.051240380853414536,0.638316240793644,0.9211007804638864,11.332833290100098,0.5664067268371582,0.04997926929110905,0.12
31,octanol_gsolv_eV,160,0.18490563333034515,0.044454995542764664,0.6446745707848118,0.9547349778470475,9.944540977478027,0.16951031982898712,0.01704556502033496,0.12
31,octanol_gsolv_eV,161,0.30604031682014465,0.044353827834129333,0.6480547481621934,0.9064889788395474,10.081047058105469,0.7566731572151184,0.0750589847318221,0.24
31,octanol_gsolv_eV,162,0.3109453618526459,0.03770211711525917,0.6476207284027784,0.9049469156003185,8.540772438049316,1.0610194206237793,0.12422991343229285,0.26
31,octanol_gsolv_eV,163,0.23382854461669922,0.04427023604512215,0.6491822591380676,0.9241331060380578,10.081873893737793,0.38772550225257874,0.038457682206619215,0.2
31,octanol_gsolv_eV,164,0.5581655502319336,0.02629093825817108,0.6625735402470376,0.9209209739015956,5.923827648162842,1.6854318380355835,0.28451736582145276,0.64
31,octanol_gsolv_eV,165,0.1436966061592102,0.03540375456213951,0.6499316496961718,0.9731009340836276,7.793772220611572,0.16299499571323395,0.020913492349978358,0.08
31,octanol_gsolv_eV,166,0.28608784079551697,0.042041532695293427,0.6483669489093782,0.9125755129458508,9.63909912109375,1.2129297256469727,0.12583434514047628,0.28
31,octanol_gsolv_eV,167,0.4181758165359497,0.05091864988207817,0.6492675542631572,0.9264243746718435,11.60595417022705,3.055893659591675,0.26330395715597515,0.32
31,octanol_gsolv_eV,168,0.09571611136198044,0.0552290603518486,0.642127361127061,0.9601092958276796,12.275710105895996,0.029662786051630974,0.002416380461557495,0.08
31,octanol_gsolv_eV,169,0.16358965635299683,0.05512405186891556,0.6341084478882084,0.9544244312923527,12.13340950012207,0.08499335497617722,0.007004902865540154,0.12
31,octanol_gsolv_eV,170,0.27774450182914734,0.04755350574851036,0.6493796686691184,0.928994146186445,10.8290376663208,0.4149221181869507,0.03831569627626217,0.32
31,octanol_gsolv_eV,171,0.23157204687595367,0.0447983518242836,0.6487884756539823,0.9286681255395812,10.121312141418457,0.39319324493408203,0.0388480504741135,0.22
31,octanol_gsolv_eV,172,0.30725109577178955,0.04703270271420479,0.6476230393701932,0.9197765281080077,10.73434829711914,0.7678783535957336,0.07153469706230932,0.22
31,octanol_gsolv_eV,173,0.40788304805755615,0.0447637215256691,0.6539407714114651,0.927566261023075,10.379142761230469,1.3979581594467163,0.13468917343237174,0.38
31,octanol_gsolv_eV,174,0.4075336456298828,0.0284946970641613,0.6519810398096437,0.9143950905037734,6.440219402313232,1.23966383934021,0.19248782718410817,0.42
31,octanol_gsolv_eV,175,0.3060160279273987,0.04977981373667717,0.6448638259371304,0.9146376353578101,11.312548637390137,0.8963074088096619,0.07923125349907398,0.32
31,octanol_gsolv_eV,176,0.2476462721824646,0.039407938718795776,0.648640435592917,0.922926839873859,8.859554290771484,0.6631672382354736,0.07485334097746417,0.2
31,octanol_gsolv_eV,177,0.3664957582950592,0.044464100152254105,0.6499439279855959,0.9125245301886769,10.32135009765625,1.1454448699951172,0.11097820141332308,0.36
31,octanol_gsolv_eV,178,0.08927886933088303,0.04981175437569618,0.6432529900228892,0.9713138077348256,11.10903263092041,0.0059821815229952335,0.0005384970700639301,0.08
31,octanol_gsolv_eV,179,0.2691730856895447,0.0440325066447258,0.6481171500169205,0.9446227844675041,10.005498886108398,0.5043985247612,0.05041213141920441,0.26
31,octanol_gsolv_eV,180,0.27386000752449036,0.04874274507164955,0.6482039000540194,0.9257861542193009,11.050993919372559,0.8192928433418274,0.07413748024108445,0.24
31,octanol_gsolv_eV,181,0.2466413825750351,0.05395190417766571,0.6424774113508984,0.8958387664345617,12.058420181274414,0.9229207634925842,0.07653745263627426,0.32
31,octanol_gsolv_eV,182,0.09234988689422607,0.05739085003733635,0.6094756067594578,0.9687373311591607,11.883991241455078,0.010902606882154942,0.0009174196329027271,0.08
31,octanol_gsolv_eV,183,0.29011017084121704,0.041034869849681854,0.6497329501555078,0.9057851008215512,9.381824493408203,0.7803447246551514,0.083176222834208,0.22
31,octanol_gsolv_eV,184,0.24375179409980774,0.04568275809288025,0.6465648234537622,0.9241799902915828,10.322747230529785,0.4480063021183014,0.04339991013180207,0.3
31,octanol_gsolv_eV,185,0.3730575144290924,0.05409383773803711,0.6505800158796142,0.9249490086524508,12.481374740600586,1.7948170900344849,0.14379963163802265,0.22
31,octanol_gsolv_eV,186,0.09653223305940628,0.05178000032901764,0.6319364186377228,0.9659839063532805,11.292855262756348,0.01414343249052763,0.0012524230729470552,0.1
31,octanol_gsolv_eV,187,0.03709634765982628,0.03935140371322632,0.6482296584678255,0.957677223596096,8.826189994812012,0.013421677984297276,0.001520664974602458,0.02
31,octanol_gsolv_eV,188,0.287797212600708,0.04656555876135826,0.6399654446482785,0.9114550192461817,10.320197105407715,1.254908800125122,0.12159736750256041,0.26
31,octanol_gsolv_eV,189,0.24884694814682007,0.03898661583662033,0.6508167082116882,0.9538655901304975,8.70146656036377,0.271369069814682,0.03118658997677482,0.18
31,octanol_gsolv_eV,190,0.32568442821502686,0.04866409674286842,0.6489336940890706,0.9157272056088606,11.135225296020508,0.9850670695304871,0.08846404480765459,0.32
31,octanol_gsolv_eV,191,0.331110417842865,0.023897400125861168,0.6552960647983141,0.9378258249450917,5.294528484344482,0.6320170164108276,0.11937172843240977,0.28
31,octanol_gsolv_eV,192,0.3103567063808441,0.04708998277783394,0.6470414356879783,0.9147714797669328,10.863119125366211,0.8204778432846069,0.07552875318919486,0.34
31,octanol_gsolv_eV,193,0.2567434310913086,0.046203162521123886,0.6486525725121806,0.9125397002802325,10.550265312194824,0.7594611048698425,0.07198502430000484,0.18
31,octanol_gsolv_eV,194,0.2032002955675125,0.04989037290215492,0.6498357992042048,0.9510305348565802,11.326510429382324,0.10270383954048157,0.009067562351247699,0.22
31,octanol_gsolv_eV,195,0.08592702448368073,0.04673148691654205,0.6466738084451629,0.9684784163605029,10.46792221069336,0.009507219307124615,0.0009082241074940973,0.1
31,octanol_gsolv_eV,196,0.29090672731399536,0.0488482303917408,0.6429116420230956,0.9116405633207301,11.055218696594238,0.6528783440589905,0.059056121997850805,0.28
31,octanol_gsolv_eV,197,0.14991597831249237,0.047520533204078674,0.6491014850240213,0.9533751107744408,10.713895797729492,0.07295487821102142,0.00680936977438983,0.12
31,octanol_gsolv_eV,198,0.15238089859485626,0.04470479488372803,0.6483734931657377,0.9711490918453243,10.059796333312988,0.01041544321924448,0.0010353532888885402,0.14
31,octanol_gsolv_eV,199,0.18750439584255219,0.052768539637327194,0.6472316587777913,0.9590777487544189,11.882726669311523,0.04362189397215843,0.0036710340299938794,0.18
31,octanol_gsolv_eV,200,0.21491040289402008,0.04974478855729103,0.6517691606457789,0.942537494250022,11.367295265197754,0.13915179669857025,0.012241416577310087,0.18
31,octanol_gsolv_eV,201,0.1639363318681717,0.04786044731736183,0.6481992342235776,0.9618835517034681,10.785773277282715,0.05383290722966194,0.004991103173200039,0.12
31,octanol_gsolv_eV,202,0.134507954120636,0.04430006444454193,0.6488212797924511,0.9630025204249797,9.99336051940918,0.025738311931490898,0.0025755412187423595,0.12
31,octanol_gsolv_eV,203,0.28230464458465576,0.04886297509074211,0.6476730977017109,0.9080429550028544,11.112140655517578,0.8315958976745605,0.07483669649750548,0.24
31,octanol_gsolv_eV,204,0.17812159657478333,0.03917095065116882,0.6500209443071572,0.9729502965874939,8.689718246459961,0.0197205301374197,0.0022694096146849757,0.18
31,octanol_gsolv_eV,205,0.12681888043880463,0.047882869839668274,0.6500850846686501,0.967854175548567,10.823580741882324,0.02715912275016308,0.0025092548757981404,0.1
31,octanol_gsolv_eV,206,0.2826448082923889,0.0494152195751667,0.6486156065320379,0.9040795443926937,11.345190048217773,0.8857287168502808,0.07807085761330378,0.24
31,octanol_gsolv_eV,207,0.2644631266593933,0.04941756650805473,0.6394907155742575,0.9086274301296944,11.06003189086914,1.1610469818115234,0.10497682043485354,0.26
31,octanol_gsolv_eV,208,0.16772374510765076,0.0470392145216465,0.6496192519194142,0.947315806169392,10.660456657409668,0.07981982082128525,0.007487467318372858,0.12
31,octanol_gsolv_eV,209,0.30454033613204956,0.04904918372631073,0.6439418194843862,0.9177847102770662,11.227163314819336,0.8726937174797058,0.0777305622986521,0.3
31,octanol_gsolv_eV,210,0.19616933166980743,0.054716940969228745,0.6473938593642059,0.9521485854518474,12.326859474182129,0.1665223091840744,0.01350889977555479,0.12
31,octanol_gsolv_eV,211,0.13691554963588715,0.037398405373096466,0.6484624196086692,0.929955055126465,8.401447296142578,0.11858601868152618,0.014114951210367469,0.1
31,octanol_gsolv_eV,212,0.12858045101165771,0.05594216659665108,0.6376410385961064,0.9724960887546314,12.271410942077637,0.005749422125518322,0.0004685216844791691,0.1
31,octanol_gsolv_eV,213,0.2612376809120178,0.043546129018068314,0.6484489281953831,0.9124258163614034,9.9285249710083,0.5907187461853027,0.05949713053149643,0.34
31,octanol_gsolv_eV,214,0.29064708948135376,0.021800801157951355,0.653354261508599,0.9743066647062641,4.822057723999023,0.17009586095809937,0.03527453852564744,0.24
31,octanol_gsolv_eV,215,0.2378498911857605,0.050003331154584885,0.6478664897893185,0.9200187720101867,11.366135597229004,0.6484500765800476,0.057051059353729325,0.14
31,octanol_gsolv_eV,216,0.30135810375213623,0.04803653061389923,0.6503722444326292,0.9318235493541451,10.973098754882812,0.8291382193565369,0.07556099128221067,0.24
31,octanol_gsolv_eV,217,0.23957866430282593,0.04760800674557686,0.6463887225962397,0.9173226971175417,10.733006477355957,0.4049789011478424,0.03773210255693498,0.2
31,octanol_gsolv_eV,218,0.10469914227724075,0.06075819954276085,0.6404032436516118,0.9575936026977991,13.337729454040527,0.009267788380384445,0.0006948550285353752,0.08
31,octanol_gsolv_eV,219,0.32062068581581116,0.048301730304956436,0.6511410229822954,0.9250944319954442,11.154899597167969,1.1100876331329346,0.09951569921927098,0.36
31,octanol_gsolv_eV,220,0.04705793038010597,0.05289524048566818,0.6428763653485976,0.9706173801175506,11.695417404174805,0.012920097447931767,0.0011047145220588535,0.02
31,octanol_gsolv_eV,221,0.17293469607830048,0.04770173504948616,0.6491743120316797,0.9525088810553921,10.792780876159668,0.03116002306342125,0.0028871171777656566,0.18
31,octanol_gsolv_eV,222,0.35188478231430054,0.057476043701171875,0.6400676007613437,0.9232744781290745,12.824919700622559,0.7914111018180847,0.06170885434703091,0.16
31,octanol_gsolv_eV,223,0.2944548726081848,0.04659886285662651,0.652782571303024,0.9169284022663311,10.870545387268066,0.683188796043396,0.06284770190496318,0.32
31,octanol_gsolv_eV,224,0.17595088481903076,0.04547012969851494,0.6474209275018732,0.9254971326050432,10.309419631958008,0.47061997652053833,0.04564951212788651,0.14
31,octanol_gsolv_eV,225,0.2808472514152527,0.045371998101472855,0.6489084094857369,0.9339127668975502,10.349169731140137,0.43599992990493774,0.04212897664563715,0.26
31,octanol_gsolv_eV,226,0.08962788432836533,0.04773769900202751,0.648264794457017,0.9689146130732442,10.733929634094238,0.011618444696068764,0.001082403657572436,0.08
31,octanol_gsolv_eV,227,0.2133556604385376,0.024729812517762184,0.652982087485984,0.9779039158202714,5.450387954711914,0.08089140802621841,0.014841403712608567,0.16
31,octanol_gsolv_eV,228,0.29162684082984924,0.048707183450460434,0.6439299173937241,0.9062768526524663,11.13486385345459,0.732897162437439,0.06582003804294902,0.28
31,octanol_gsolv_eV,229,0.11749273538589478,0.04458053410053253,0.6479808801228721,0.9704611855732996,10.02385139465332,0.014635596424341202,0.0014600771547898014,0.12
31,octanol_gsolv_eV,230,0.2854554355144501,0.04562921077013016,0.6494325867133732,0.910503011305142,10.504034042358398,0.5697383880615234,0.05423996016806549,0.3
31,octanol_gsolv_eV,231,0.6873891353607178,0.026852503418922424,0.674267554351428,0.9377940634682331,6.161833763122559,3.489236831665039,0.5662659795445115,0.74
31,octanol_gsolv_eV,232,0.19295570254325867,0.04663551598787308,0.6489188592813919,0.9270236538785281,10.555116653442383,0.332958847284317,0.031544781381049714,0.16
31,octanol_gsolv_eV,233,0.2298963963985443,0.052236150950193405,0.6441888368520672,0.9374255109100591,11.651318550109863,0.49727219343185425,0.04267947797437616,0.22
31,octanol_gsolv_eV,234,0.167634055018425,0.04531768709421158,0.6492810453506097,0.9673423998623023,10.218456268310547,0.02066037803888321,0.0020218688123131794,0.22
31,octanol_gsolv_eV,235,0.10552109032869339,0.05842665955424309,0.6347966573964485,0.963644837866956,12.740046501159668,0.0298731941729784,0.002344826148810303,0.16
31,octanol_gsolv_eV,236,0.2659822106361389,0.031205538660287857,0.648656385247609,0.9455394944567204,6.950778484344482,0.3210606575012207,0.04619060414950045,0.2
31,octanol_gsolv_eV,237,0.4610038697719574,0.04631460830569267,0.6542009904107597,0.9337300817048424,10.729385375976562,1.7885770797729492,0.16669893168136457,0.34
31,octanol_gsolv_eV,238,0.11973510682582855,0.04708796367049217,0.6492230754743906,0.9701652547589037,10.635205268859863,0.013295354321599007,0.0012501267239785323,0.12
31,octanol_gsolv_eV,239,0.1329016536474228,0.06302554905414581,0.6197246277925397,0.975430198890568,13.39692211151123,0.007593932561576366,0.0005668415848332299,0.22
31,octanol_gsolv_eV,240,0.24479468166828156,0.04649124667048454,0.6487798131313014,0.9152337384016289,10.584203720092773,0.8117994666099548,0.07669915357627292,0.18
31,octanol_gsolv_eV,241,0.07274820655584335,0.05112616717815399,0.6488492780552333,0.9526392518670863,11.529067993164062,0.05259634554386139,0.0045620639565182005,0.1
31,octanol_gsolv_eV,242,0.2456521838903427,0.05001400038599968,0.6468408638527237,0.9057322760192297,11.443800926208496,0.5631173253059387,0.04920719339116536,0.26
31,octanol_gsolv_eV,243,0.3319976031780243,0.06659034639596939,0.6365640789459468,0.9400936903444697,14.71445083618164,1.2933485507965088,0.08789648796245046,0.34
31,octanol_gsolv_eV,244,0.17067843675613403,0.04739831015467644,0.6490416261117302,0.9626972173664752,10.727706909179688,0.051634471863508224,0.004813188158535974,0.12
31,octanol_gsolv_eV,245,0.139765202999115,0.04910719767212868,0.6447916303060768,0.9654499044984177,10.949880599975586,0.021348848938941956,0.0019496878293804917,0.12
31,octanol_gsolv_eV,246,0.29317912459373474,0.046156544238328934,0.6453662365481934,0.9007242136535831,10.42443561553955,0.8821775317192078,0.08462592741271853,0.36
31,octanol_gsolv_eV,247,0.1812414675951004,0.05046564340591431,0.6461642896230406,0.9529328335141356,11.379250526428223,0.0649300068616867,0.005706000295088614,0.12
31,octanol_gsolv_eV,248,0.48423686623573303,0.02542152814567089,0.6563164125787486,0.9078183912509947,5.688111782073975,1.6182572841644287,0.2844981509091206,0.32
31,octanol_gsolv_eV,249,0.4556032419204712,0.02394171804189682,0.6501263147455438,0.9178600711362299,5.185096740722656,1.1727027893066406,0.22616796714639484,0.44
31,octanol_hl_gap_eV,0,0.15430624783039093,0.0024718705099076033,0.5864127268004049,0.9296495571369363,0.4594583809375763,0.026827100664377213,0.05838853262320193,0.22
31,octanol_hl_gap_eV,1,0.026357049122452736,0.0009684950346127152,0.6543913935248404,0.9677292399932331,0.31101521849632263,0.0004967115237377584,0.0015970650122499757,0.16
31,octanol_hl_gap_eV,2,0.1389997899532318,0.0011243298649787903,0.6604332745577632,0.9714751288224208,0.26891204714775085,0.0016023204661905766,0.005958529873190095,0.24
31,octanol_hl_gap_eV,3,0.08583047986030579,0.0011310551781207323,0.6418499689207973,0.980225901421844,0.2354854941368103,0.0011730099795386195,0.004981240920330891,0.06
31,octanol_hl_gap_eV,4,0.13873711228370667,0.0010763927130028605,0.6455768497757082,0.9743309666752036,0.3390998840332031,0.0006448028143495321,0.001901512930881439,0.22
31,octanol_hl_gap_eV,5,0.06402397900819778,0.0008858041255734861,0.6765933653759835,0.9746261120164399,0.3068040609359741,0.000991626875475049,0.0032321178293725004,0.12
31,octanol_hl_gap_eV,6,0.13389720022678375,0.0013313021045178175,0.6280616958044036,0.982905427070379,0.27342066168785095,0.0006680301739834249,0.002443232233656422,0.16
31,octanol_hl_gap_eV,7,0.04256152734160423,0.0014692953554913402,0.6216053588302788,0.9836487762208421,0.23805221915245056,0.0018105852650478482,0.007605832331637853,0.04
31,octanol_hl_gap_eV,8,0.04577726498246193,0.0011455168714746833,0.6630419408894925,0.9594124183127717,0.3272378444671631,0.0019917692989110947,0.006086610496271498,0.02
31,octanol_hl_gap_eV,9,0.10473758727312088,0.0020784707739949226,0.6121955786612914,0.9762509436950297,0.45935457944869995,0.0009350336622446775,0.0020355379135805498,0.18
31,octanol_hl_gap_eV,10,0.070223368704319,0.0014302600175142288,0.6133878428072683,0.9719461223989869,0.26866376399993896,0.0012752276379615068,0.0047465561375883815,0.12
31,octanol_hl_gap_eV,11,0.07113630324602127,0.0025432296097278595,0.6382319686456306,0.9834563395814224,0.42913028597831726,0.004439984913915396,0.010346472991980193,0.06
31,octanol_hl_gap_eV,12,0.07617484778165817,0.0017258081352338195,0.6152159965869353,0.968698690755466,0.29430243372917175,0.0009588314569555223,0.0032579800472797836,0.14
31,octanol_hl_gap_eV,13,0.10824305564165115,0.0010468048276379704,0.6303958588701013,0.9608861174602741,0.24722446501255035,0.0006873424863442779,0.0027802365203192366,0.06
31,octanol_hl_gap_eV,14,0.18141154944896698,0.0015189432306215167,0.6210933505293121,0.9454536618198608,0.2991577684879303,0.01823822595179081,0.06096524266768838,0.12
31,octanol_hl_gap_eV,15,0.04149510711431503,0.006091519258916378,0.6414117432731972,0.98150680753028,1.2747384309768677,0.0072802030481398106,0.005711134826743074,0.0
31,octanol_hl_gap_eV,16,0.05443910136818886,0.0010747754713520408,0.6108542887343487,0.9804011690623757,0.24616186320781708,0.0005062948912382126,0.0020567560085892897,0.02
31,octanol_hl_gap_eV,17,0.03931935131549835,0.001216895878314972,0.6559639791996015,0.9580494687488181,0.2686748802661896,0.0019027735106647015,0.007082067027552145,0.04
31,octanol_hl_gap_eV,18,0.07988085597753525,0.0028469644021242857,0.6354667534342602,0.9758778345349255,0.6057881712913513,0.002650592243298888,0.004375444039537208,0.1
31,octanol_hl_gap_eV,19,0.2172688990831375,0.0027385263238102198,0.5804557557074121,0.9006235169510675,0.4747339189052582,0.08805819600820541,0.1854895816403189,0.1
31,octanol_hl_gap_eV,20,0.0650782361626625,0.0014199074357748032,0.6196071494619539,0.9767722592285737,0.3988218605518341,0.0011080221738666296,0.002778238315055005,0.06
31,octanol_hl_gap_eV,21,0.061598073691129684,0.0011053549824282527,0.6227157833371053,0.9805807083464217,0.2706817388534546,0.002936705481261015,0.010849292950829346,0.2
31,octanol_hl_gap_eV,22,0.06981837004423141,0.002100978046655655,0.6391620381923366,0.9725824467535256,0.4137853682041168,0.0008122214348986745,0.0019629051612526146,0.12
31,octanol_hl_gap_eV,23,0.07124311476945877,0.0017840598011389375,0.5974809337409586,0.9682452386448746,0.29767516255378723,0.0015297834761440754,0.005139103521502763,0.06
31,octanol_hl_gap_eV,24,0.24495995044708252,0.0012072708923369646,0.6163974172952749,0.9151746123750613,0.3044440746307373,0.036008320748806,0.11827564978060678,0.18
31,octanol_hl_gap_eV,25,0.17496760189533234,0.0027535404078662395,0.6017169078464646,0.9816350644491174,0.6671304702758789,0.0009477160638198256,0.0014205857865072719,0.26
31,octanol_hl_gap_eV,26,0.0604201965034008,0.0026923995465040207,0.5799412108512525,0.9577895576512543,0.35408875346183777,0.0016483970684930682,0.004655321730433683,0.06
31,octanol_hl_gap_eV,27,0.19937315583229065,0.001063055358827114,0.6260372043687117,0.9278944473482225,0.3066137731075287,0.03875630721449852,0.12640106418476765,0.1
31,octanol_hl_gap_eV,28,0.08136032521724701,0.0008915471844375134,0.6779840604330019,0.9737834529796578,0.30845144391059875,0.0009943279437720776,0.003223612543892881,0.08
31,octanol_hl_gap_eV,29,0.17442646622657776,0.003242398612201214,0.5902793187877131,0.9245547689643414,0.6859807372093201,0.08495528995990753,0.12384500810550353,0.16
31,octanol_hl_gap_eV,30,0.03147616609930992,0.0014505106955766678,0.6174104621115142,0.9654650268045684,0.3609772324562073,0.0008406289271079004,0.002328758856584904,0.02
31,octanol_hl_gap_eV,31,0.06463596224784851,0.0008719084435142577,0.6536038119266143,0.961818451715345,0.2889983057975769,0.00044735308620147407,0.0015479436288280998,0.12
31,octanol_hl_gap_eV,32,0.09772578626871109,0.002392578637227416,0.6101712007519366,0.9713787316851958,0.5684609413146973,0.0009629965643398464,0.0016940417438578881,0.04
31,octanol_hl_gap_eV,33,0.018952680751681328,0.0021406705491244793,0.632134790412008,0.9533993603940931,0.4388718605041504,0.0028377105481922626,0.006465920473763039,0.0
31,octanol_hl_gap_eV,34,0.07213445752859116,0.001303654396906495,0.6076946774445617,0.9658574742956634,0.3926287889480591,0.0009679001523181796,0.002465178763155402,0.12
31,octanol_hl_gap_eV,35,0.14586378633975983,0.0014771304558962584,0.6408023133721461,0.9824400337836181,0.33727601170539856,0.0016921048518270254,0.005016973615381319,0.04
31,octanol_hl_gap_eV,36,0.12319401651620865,0.001670466037467122,0.6386695248648935,0.9697968600402334,0.3575112223625183,0.0018682534573599696,0.005225719755072613,0.22
31,octanol_hl_gap_eV,37,0.028768600896000862,0.004711249377578497,0.5940663338804641,0.9692052538081395,0.9511574506759644,0.002163020195439458,0.0022740926792953705,0.0
31,octanol_hl_gap_eV,38,0.06499294191598892,0.0009145463700406253,0.6791466901670866,0.9605938929327709,0.3345707952976227,0.0019937739707529545,0.005959199065714512,0.02
31,octanol_hl_gap_eV,39,0.07355818897485733,0.0017280277097597718,0.5970634804450234,0.9616553269057968,0.40383180975914,0.0013505073729902506,0.003344232277778569,0.1
31,octanol_hl_gap_eV,40,0.03674917668104172,0.0014742679195478559,0.6467430021117087,0.9654036318660562,0.2983523905277252,0.000488527410198003,0.0016374174489900905,0.06
31,octanol_hl_gap_eV,41,0.027388248592615128,0.0013780049048364162,0.6446517030961982,0.9705066820814099,0.31408360600471497,0.0007548118592239916,0.00240321954025407,0.1
31,octanol_hl_gap_eV,42,0.13775594532489777,0.003624166827648878,0.5875284670709096,0.9426185710608157,0.7123709321022034,0.036110248416662216,0.050690232839935,0.22
31,octanol_hl_gap_eV,43,0.06602885574102402,0.0017039704835042357,0.6093937769634126,0.9670168941013559,0.2043330818414688,0.0018501993035897613,0.009054820134437324,0.12
31,octanol_hl_gap_eV,44,0.05213693156838417,0.0016249861801043153,0.5996469666923732,0.9811102161063652,0.2619698941707611,0.0011865803971886635,0.004529453282960862,0.24
31,octanol_hl_gap_eV,45,0.09658461809158325,0.0015705153346061707,0.6238256477533841,0.9807850888015235,0.4149308502674103,0.0018297210335731506,0.004409701116207559,0.08
31,octanol_hl_gap_eV,46,0.06403763592243195,0.0012398987310007215,0.6248455840326819,0.9729099067537552,0.2447948455810547,0.002102053724229336,0.008587001573663931,0.02
31,octanol_hl_gap_eV,47,0.03935960307717323,0.0029014439787715673,0.6385920483604655,0.969613667044837,0.5365327596664429,0.0005827933782711625,0.0010862214240813168,0.02
31,octanol_hl_gap_eV,48,0.34543558955192566,0.001511841081082821,0.624181611141035,0.9271403168042383,0.30684539675712585,0.06264933198690414,0.20417230517064697,0.3
31,octanol_hl_gap_eV,49,0.08137589693069458,0.0025398412253707647,0.5813594234218356,0.971066477932151,0.36375969648361206,0.0010493046138435602,0.002884609328595129,0.12
31,octanol_hl_gap_eV,50,0.6317979693412781,0.0010487029794603586,0.6954801198263683,0.9308029869002703,0.3094300627708435,0.18104924261569977,0.5851055356239917,0.36
31,octanol_hl_gap_eV,51,0.0603158213198185,0.0014528490137308836,0.6183900284263726,0.9582771336093006,0.3873649835586548,0.0008401036029681563,0.002168764959729376,0.06
31,octanol_hl_gap_eV,52,0.019136276096105576,0.0018264392856508493,0.6172407088815313,0.9431227250006702,0.2988640367984772,0.002029598690569401,0.006791043553821603,0.0
31,octanol_hl_gap_eV,53,0.018168563023209572,0.0013159957015886903,0.6220794709038406,0.9714636146351001,0.22360120713710785,0.0004045178066007793,0.001809103858516904,0.04
31,octanol_hl_gap_eV,54,0.050710517913103104,0.0013585721608251333,0.6258884834626015,0.9732704529699472,0.3468988537788391,0.000573334691580385,0.0016527431132589072,0.28
31,octanol_hl_gap_eV,55,0.034240175038576126,0.0014100492699071765,0.5822173320921238,0.9716959739175355,0.27258872985839844,0.0007424696232192218,0.002723772268959587,0.04
31,octanol_hl_gap_eV,56,0.03946820646524429,0.0029027266427874565,0.6285746210312675,0.9651197219530425,0.4786517322063446,0.0023426711559295654,0.00489431249967701,0.04
31,octanol_hl_gap_eV,57,0.029581723734736443,0.0028658744413405657,0.613098731865501,0.9706547215266803,0.5582485198974609,0.0010553633328527212,0.001890490158480976,0.06
31,octanol_hl_gap_eV,58,-0.018388457596302032,0.0013792678946629167,0.6150621404692702,0.9759991450500789,0.059244655072689056,0.011051647365093231,0.18654252187870166,0.18
31,octanol_hl_gap_eV,59,0.04078325629234314,0.004526359029114246,0.6218130630326733,0.9665299102965828,0.9006340503692627,0.0016534505411982536,0.0018358738940864316,0.02
31,octanol_hl_gap_eV,60,0.12495394796133041,0.0011157535482198,0.6878688544810823,0.9699439488515962,0.30265241861343384,0.0016200017416849732,0.0053526806397477976,0.04
31,octanol_hl_gap_eV,61,0.06334272772073746,0.0016665559960529208,0.6328594025566714,0.976578171432227,0.3030492961406708,0.001218630000948906,0.004021226963626528,0.08
31,octanol_hl_gap_eV,62,0.04368166998028755,0.0018443060107529163,0.6027414040348802,0.9661808414189077,0.4615369737148285,0.0007980733062140644,0.0017291644042957495,0.06
31,octanol_hl_gap_eV,63,0.09887021034955978,0.001656691893003881,0.6024830923929265,0.9729022037751531,0.2890785038471222,0.0008889049640856683,0.0030749604424262604,0.18
31,octanol_hl_gap_eV,64,0.14902907609939575,0.001307917758822441,0.6402926538417995,0.9758417246391093,0.29228413105010986,0.002179423812776804,0.007456524597988382,0.2
31,octanol_hl_gap_eV,65,0.036513831466436386,0.0016489054542034864,0.6245788331682947,0.9710954379488175,0.28708893060684204,0.0013685455778613687,0.0047669743830546455,0.0
31,octanol_hl_gap_eV,66,0.06293590366840363,0.0037887347862124443,0.626241900995353,0.9892771063950356,0.859682559967041,0.002559392247349024,0.002977136406544233,0.04
31,octanol_hl_gap_eV,67,0.027167800813913345,0.001127450494095683,0.58557991950438,0.9638984172501857,0.21070045232772827,0.0005207162466831505,0.002471357991549143,0.08
31,octanol_hl_gap_eV,68,0.039318379014730453,0.0009999448666349053,0.6347440467584415,0.9735803731692363,0.30385711789131165,0.0007575427880510688,0.0024930888350031626,0.02
31,octanol_hl_gap_eV,69,0.015391875989735126,0.0013133782194927335,0.6084895885679318,0.9682387432123105,0.3420119881629944,0.0009476537816226482,0.0027708203642587523,0.02
31,octanol_hl_gap_eV,70,0.36101004481315613,0.0017332463758066297,0.6157755627111823,0.9179536765140663,0.38421377539634705,0.06134301424026489,0.15965854992311168,0.32
31,octanol_hl_gap_eV,71,0.08002682030200958,0.0012343388516455889,0.6157161228758203,0.9611312404978125,0.3320388197898865,0.0007545389235019684,0.0022724418909193787,0.14
31,octanol_hl_gap_eV,72,0.10020548850297928,0.0017374196322634816,0.6334651394402064,0.9449734100147051,0.2838481664657593,0.012303422205150127,0.043345082543044346,0.02
31,octanol_hl_gap_eV,73,0.08647988736629486,0.002213301369920373,0.6313991750969798,0.9787675861540945,0.4380166232585907,0.002018294297158718,0.004607802969083169,0.18
31,octanol_hl_gap_eV,74,0.038300588726997375,0.0038694117683917284,0.6310682496507862,0.9694273249798888,0.7307451963424683,0.004091532900929451,0.005599123909959893,0.02
31,octanol_hl_gap_eV,75,0.1838437020778656,0.0044444287195801735,0.6223596107281293,0.9172236611187283,0.8997750282287598,0.0994027629494667,0.11047512970563841,0.1
31,octanol_hl_gap_eV,76,0.08949735015630722,0.0037399751599878073,0.6174759260042784,0.9797852536499734,0.8038653135299683,0.002371000126004219,0.0029494992333884643,0.18
31,octanol_hl_gap_eV,77,0.016795065253973007,0.0010499352356418967,0.6465690727623701,0.9683644315241635,0.2574135959148407,0.0010305860778316855,0.004003619444299403,0.18
31,octanol_hl_gap_eV,78,0.08295900374650955,0.000949262292124331,0.6489545326733828,0.9462576161949485,0.2884195148944855,0.007321089040488005,0.025383473247870658,0.06
31,octanol_hl_gap_eV,79,0.04464700073003769,0.0010472353314980865,0.6453314446937475,0.9640165747544251,0.30502548813819885,0.0010678600519895554,0.0035008879372917735,0.1
31,octanol_hl_gap_eV,80,0.08758726716041565,0.0012425839668139815,0.6485637357561713,0.9638551019013368,0.30299875140190125,0.000745942525099963,0.0024618666633069246,0.16
31,octanol_hl_gap_eV,81,0.062121130526065826,0.0013029583496972919,0.6208920894006482,0.9467318101783619,0.31818875670433044,0.004900848492980003,0.015402330816905651,0.08
31,octanol_hl_gap_eV,82,0.08554354310035706,0.00227664434351027,0.6206194927437936,0.9727514891705284,0.4033340513706207,0.002041924512013793,0.0050626137443017015,0.16
31,octanol_hl_gap_eV,83,0.19675995409488678,0.002420507837086916,0.6066447109013064,0.9019226825248348,0.43637755513191223,0.07025895267724991,0.16100496428147268,0.1
31,octanol_hl_gap_eV,84,0.034931596368551254,0.001192825031466782,0.6034209660031704,0.9774112803034527,0.20788073539733887,0.002827660646289587,0.01360232173936106,0.02
31,octanol_hl_gap_eV,85,0.19171978533267975,0.0018098034197464585,0.6341256280629022,0.9216792574876509,0.34650155901908875,0.039162587374448776,0.1130228316585765,0.1
31,octanol_hl_gap_eV,86,0.03428712114691734,0.0008548425394110382,0.6728658302842108,0.972696861034702,0.3042261600494385,0.0007237948593683541,0.0023791341916511496,0.02
31,octanol_hl_gap_eV,87,0.11129516363143921,0.002564523834735155,0.6183795819489739,0.9214051515832287,0.592228353023529,0.039979033172130585,0.06750611139778076,0.14
31,octanol_hl_gap_eV,88,0.02625112421810627,0.0009984778007492423,0.6284914518574638,0.9694630349941606,0.2592836320400238,0.0010212004417553544,0.003938545729711619,0.22
31,octanol_hl_gap_eV,89,0.033616699278354645,0.0017555950907990336,0.6362400351862307,0.9632215878523107,0.31438973546028137,0.001086935750208795,0.0034572876516387216,0.02
31,octanol_hl_gap_eV,90,0.09918559342622757,0.0034678394440561533,0.6406043872564355,0.9189041156303375,0.6918231844902039,0.06474784761667252,0.09359016735523892,0.0
31,octanol_hl_gap_eV,91,0.06980504095554352,0.0013418241869658232,0.6202143130589017,0.9740292962408499,0.3125147819519043,0.0013573919422924519,0.004343448760453683,0.18
31,octanol_hl_gap_eV,92,0.03990783169865608,0.001971468096598983,0.5847714433816968,0.9639712186795466,0.3076542317867279,0.0005681575275957584,0.0018467404927152656,0.08
31,octanol_hl_gap_eV,93,0.0668487399816513,0.0017222018213942647,0.6427604257079325,0.971794299465065,0.48167404532432556,0.0008285332005470991,0.0017201117822099442,0.02
31,octanol_hl_gap_eV,94,0.04084772616624832,0.0014793588779866695,0.5955938916200958,0.9834017011185627,0.20001989603042603,0.0005778033519163728,0.002888729388342849,0.02
31,octanol_hl_gap_eV,95,0.05318959802389145,0.0008352467557415366,0.6350884886269335,0.9721421885091213,0.28491097688674927,0.0009469895740039647,0.00332380866596231,0.22
31,octanol_hl_gap_eV,96,0.08361554145812988,0.0041927313432097435,0.6320183473153076,0.9779918739380857,0.8315975069999695,0.000943209626711905,0.0011342141105191404,0.04
31,octanol_hl_gap_eV,97,0.03385508805513382,0.0016698697581887245,0.6189279466853941,0.9659224758167237,0.40184640884399414,0.0011703002965077758,0.0029123074656170755,0.02
31,octanol_hl_gap_eV,98,0.03209927678108215,0.004216006025671959,0.6232980141415447,0.9535391014480894,0.7829871773719788,0.0013566788984462619,0.0017326961892272926,0.0
31,octanol_hl_gap_eV,99,0.046122610569000244,0.003972381819039583,0.6131052213827077,0.9772052224931385,0.8842771053314209,0.003187876660376787,0.0036050652461277885,0.04
31,octanol_hl_gap_eV,100,0.04502253979444504,0.0014350814744830132,0.6213308722238122,0.9621862024112571,0.3499656915664673,0.003063053824007511,0.00875244030435412,0.08
31,octanol_hl_gap_eV,101,0.038861606270074844,0.001987079856917262,0.6306794001051412,0.9726166188753862,0.4939333498477936,0.0028399403672665358,0.005749642878217614,0.08
31,octanol_hl_gap_eV,102,0.13250581920146942,0.000991522683762014,0.661776485214963,0.9610416394141359,0.28878727555274963,0.0009277849458158016,0.003212693301808352,0.14
31,octanol_hl_gap_eV,103,0.037983398884534836,0.0031583064701408148,0.6261517786306519,0.9843937022270637,0.604712963104248,0.001444052206352353,0.002387996114618448,0.02
31,octanol_hl_gap_eV,104,0.04635528847575188,0.001304592122323811,0.6080265111544707,0.9808051994909592,0.17945735156536102,0.0002872348704840988,0.0016005745542248438,0.0
31,octanol_hl_gap_eV,105,0.02584134042263031,0.001974631566554308,0.6261465269414979,0.9729657904537214,0.5129844546318054,0.0018340152455493808,0.00357518678975515,0.02
31,octanol_hl_gap_eV,106,0.09422392398118973,0.0019884780049324036,0.6002568224161686,0.9277252306859096,0.26983991265296936,0.024278072640299797,0.08997213348316964,0.16
31,octanol_hl_gap_eV,107,0.05321665108203888,0.0020276084542274475,0.6258611491335204,0.9745070868197958,0.3336331844329834,0.0010091019794344902,0.0030245851627423697,0.06
31,octanol_hl_gap_eV,108,0.06970489025115967,0.0037615702021867037,0.6400218835867111,0.9712773600953519,0.7466737031936646,0.001523190876469016,0.002039968556484634,0.02
31,octanol_hl_gap_eV,109,0.48802003264427185,0.0014316975139081478,0.6471030948627154,0.9828385289087129,0.2391829490661621,0.004592614714056253,0.01920126301639444,0.34
31,octanol_hl_gap_eV,110,0.039544686675071716,0.0013220342807471752,0.6026932052527507,0.9728998767420685,0.27985551953315735,0.0024371980689466,0.008708772558826877,0.04
31,octanol_hl_gap_eV,111,0.21257618069648743,0.001185609376989305,0.6334797256699043,0.9108005764061349,0.28755587339401245,0.05398927628993988,0.1877522988931029,0.1
31,octanol_hl_gap_eV,112,0.036482229828834534,0.001966494834050536,0.6370658771194013,0.9612389483162154,0.3622230291366577,0.0005512634525075555,0.0015218895767656383,0.0
31,octanol_hl_gap_eV,113,0.040122319012880325,0.0015450483188033104,0.6139410270312688,0.9699996819412919,0.39676278829574585,0.0019031495321542025,0.004796693612142881,0.18
31,octanol_hl_gap_eV,114,0.07774689048528671,0.002523345174267888,0.625362919891403,0.9730147970730727,0.4937282204627991,0.0028146200347691774,0.005700747735527203,0.12
31,octanol_hl_gap_eV,115,0.07436323165893555,0.0009149633697234094,0.686468176454079,0.9658883362847188,0.2967093586921692,0.0009517697617411613,0.0032077510663511156,0.08
31,octanol_hl_gap_eV,116,0.06398807466030121,0.0018748354632407427,0.6202172939071946,0.9745088925205514,0.420419305562973,0.0007507652626372874,0.0017857535386771935,0.12
31,octanol_hl_gap_eV,117,0.03689420223236084,0.0019096356118097901,0.6279797558742304,0.959652936304497,0.4752079248428345,0.001046034856699407,0.00220121509346748,0.08
31,octanol_hl_gap_eV,118,0.08215790241956711,0.001580796204507351,0.6152793523446287,0.9773428388676764,0.25556352734565735,0.0011263032210990787,0.004407135997836341,0.1
31,octanol_hl_gap_eV,119,0.07394717633724213,0.0011395658366382122,0.6440657987148544,0.9772752919145618,0.23066039383411407,0.0013548389542847872,0.005873739014159309,0.06
31,octanol_hl_gap_eV,120,0.06363842636346817,0.0012061770539730787,0.6445446879161842,0.9598373360002959,0.26385626196861267,0.0010394958080723882,0.003939629100771702,0.1
31,octanol_hl_gap_eV,121,0.02689608931541443,0.0018333654152229428,0.6337910370692039,0.965299747793219,0.4149347245693207,0.0009121136390604079,0.0021982099473769794,0.02
31,octanol_hl_gap_eV,122,0.0630456805229187,0.0010421257466077805,0.6544624767848932,0.9735197182877078,0.3418988883495331,0.001999190542846918,0.005847315130206238,0.12
31,octanol_hl_gap_eV,123,0.15663692355155945,0.0012236026814207435,0.6382964236844779,0.9255181360938356,0.2612314820289612,0.017327995970845222,0.06633195905891684,0.14
31,octanol_hl_gap_eV,124,0.05712026730179787,0.0013840808533132076,0.6067013550261726,0.9742841847585009,0.20284436643123627,0.0006763465935364366,0.003334312928851866,0.04
31,octanol_hl_gap_eV,125,0.07554956525564194,0.0014627580530941486,0.6121375291249669,0.9798820088971896,0.30444979667663574,0.003441662760451436,0.01130453295755332,0.14
31,octanol_hl_gap_eV,126,0.03945639729499817,0.0013265131274238229,0.6200937299710478,0.9608557084395268,0.2506815195083618,0.0031781368888914585,0.012677986375399514,0.06
31,octanol_hl_gap_eV,127,0.06735828518867493,0.002017577178776264,0.6203630022888487,0.972128835564402,0.2919725477695465,0.0022589415311813354,0.0077368285081524674,0.0
31,octanol_hl_gap_eV,128,0.034989964216947556,0.0013521662913262844,0.6298295621211334,0.9665340459259508,0.26238593459129333,0.0006749336025677621,0.0025722933800513188,0.0
31,octanol_hl_gap_eV,129,0.11144810169935226,0.0012160992482677102,0.6564814337564806,0.9383336880741364,0.35331347584724426,0.005786267574876547,0.016377149388375582,0.16
31,octanol_hl_gap_eV,130,0.05765562877058983,0.001551354886032641,0.6314913621011267,0.9788105594927188,0.362836629152298,0.0011546032037585974,0.0031821572327361725,0.02
31,octanol_hl_gap_eV,131,0.05405152961611748,0.0008950686897151172,0.6786733143830981,0.9629523070476316,0.2910629212856293,0.000489275436848402,0.0016809954173732096,0.08
31,octanol_hl_gap_eV,132,0.0451769083738327,0.0015494654653593898,0.5886778580428662,0.9622641788594237,0.3123302161693573,0.0008358455379493535,0.002676159701103419,0.1
31,octanol_hl_gap_eV,133,0.02971576526761055,0.0008884330745786428,0.6483236211839696,0.9649348559894491,0.2514393627643585,0.0007039383635856211,0.002799634694609575,0.04
31,octanol_hl_gap_eV,134,0.035752806812524796,0.0008628449868410826,0.6407938013676246,0.9744829212869721,0.2479558289051056,0.0007626096485182643,0.0030755866957663668,0.08
31,octanol_hl_gap_eV,135,0.1960400640964508,0.003384797368198633,0.615033427962338,0.9316854415247611,0.7355312705039978,0.05077416077256203,0.06903059435905527,0.2
31,octanol_hl_gap_eV,136,0.09657399356365204,0.0022215978242456913,0.6267464552098139,0.9834659840427649,0.563829243183136,0.0028456319123506546,0.005046974676739801,0.16
31,octanol_hl_gap_eV,137,0.03120163269340992,0.002185567282140255,0.6311848687255901,0.9701956550135886,0.386095255613327,0.0006580590270459652,0.0017043955279911775,0.04
31,octanol_hl_gap_eV,138,0.07391180098056793,0.0016419749008491635,0.597921449664292,0.9301816664254268,0.41924160718917847,0.02139919437468052,0.05104263032992418,0.16
31,octanol_hl_gap_eV,139,0.06031864508986473,0.0014209392247721553,0.6399243973216076,0.9720314318958874,0.3009859323501587,0.0015616707969456911,0.005188517565428562,0.24
31,octanol_hl_gap_eV,140,0.026723872870206833,0.0012846826575696468,0.6296736203263975,0.9596370601078779,0.39917224645614624,0.0005717051099054515,0.0014322266013758551,0.04
31,octanol_hl_gap_eV,141,0.06248699501156807,0.0011177906999364495,0.6069034636731303,0.974161925469335,0.3436695337295532,0.000933679926674813,0.0027167957442790426,0.04
31,octanol_hl_gap_eV,142,0.07945988327264786,0.001230059191584587,0.6288301811317829,0.9758805150182175,0.3392007052898407,0.0016233690548688173,0.004785865800254391,0.14
31,octanol_hl_gap_eV,143,0.028035620227456093,0.0007964891265146434,0.6449734734592019,0.9564226469217119,0.2717086672782898,0.0004906680551357567,0.0018058608878796056,0.12
31,octanol_hl_gap_eV,144,0.037453003227710724,0.004229521844536066,0.6359893782418102,0.9705632768568693,0.8541633486747742,0.0024650609120726585,0.0028859361805879118,0.02
31,octanol_hl_gap_eV,145,0.040667906403541565,0.0014314384898170829,0.6146355194879103,0.9299323042712764,0.31532466411590576,0.012636136263608932,0.040073415440043704,0.02
31,octanol_hl_gap_eV,146,0.16177307069301605,0.0014830465661361814,0.6069519866563091,0.9554755944664759,0.3059149384498596,0.008164745755493641,0.026689594816344243,0.02
31,octanol_hl_gap_eV,147,0.05922321602702141,0.001460471423342824,0.6077622130931759,0.9758013209678094,0.29443421959877014,0.001352385152131319,0.0045931656788203296,0.12
31,octanol_hl_gap_eV,148,0.07882444560527802,0.0012150000547990203,0.6554015987735053,0.9666825118779259,0.2688062787055969,0.0011900984682142735,0.0044273462433431394,0.08
31,octanol_hl_gap_eV,149,0.0601549930870533,0.0018153078854084015,0.6224043296154458,0.977694875405555,0.22159433364868164,0.004191157408058643,0.018913648824176864,0.1
31,octanol_hl_gap_eV,150,0.03930084407329559,0.0009148779790848494,0.6633138463794919,0.9345353287592901,0.23269693553447723,0.005826658569276333,0.02503968759147253,0.06
31,octanol_hl_gap_eV,151,0.04614518582820892,0.0017001405358314514,0.6114930632620008,0.9616861064991067,0.3849765658378601,0.001499981270171702,0.0038962924065446785,0.18
31,octanol_hl_gap_eV,152,0.04742417484521866,0.0013874424621462822,0.6044572014535103,0.9670701607871106,0.33292946219444275,0.00042648319504223764,0.0012810016639295087,0.06
31,octanol_hl_gap_eV,153,0.1028953492641449,0.001631131861358881,0.60431470286082,0.9722015451171981,0.3164662718772888,0.0015518582658842206,0.00490370824251995,0.1
31,octanol_hl_gap_eV,154,0.05784347653388977,0.0010641032131388783,0.6278320282851684,0.9817945564172823,0.27660033106803894,0.000748507387470454,0.0027060972218660648,0.04
31,octanol_hl_gap_eV,155,0.0536237396299839,0.002669240115210414,0.5834843722401892,0.9703440221698416,0.39974433183670044,0.001184774562716484,0.0029638307997334563,0.04
31,octanol_hl_gap_eV,156,0.07908203452825546,0.0013253114884719253,0.6030228647918552,0.9737462336750105,0.24442651867866516,0.0021699785720556974,0.008877836102998526,0.14
31,octanol_hl_gap_eV,157,0.2513955235481262,0.0022356496192514896,0.6092085654925317,0.9628923386162103,0.5004337430000305,0.10527779161930084,0.21037308753037948,0.28
31,octanol_hl_gap_eV,158,0.03889606148004532,0.0014446340501308441,0.6159793602696628,0.953418735677567,0.35283464193344116,0.000770067679695785,0.0021825172139448,0.06
31,octanol_hl_gap_eV,159,0.039430730044841766,0.0015985207865014672,0.5961753632217457,0.9704968127788847,0.36235517263412476,0.0029352419078350067,0.00810045538055217,0.1
31,octanol_hl_gap_eV,160,0.03786003217101097,0.000910382776055485,0.6333781910234453,0.9714632110521428,0.31828024983406067,0.0005873829359188676,0.0018454897412739462,0.02
31,octanol_hl_gap_eV,161,0.10043162852525711,0.0018395677907392383,0.642663127797108,0.9756454849184191,0.40993812680244446,0.0029677499551326036,0.007239507040443712,0.2
31,octanol_hl_gap_eV,162,0.020926840603351593,0.0019472436979413033,0.5868810414361612,0.9734785670405017,0.41472959518432617,0.002107831882312894,0.005082424564796419,0.0
31,octanol_hl_gap_eV,163,0.22103123366832733,0.002173237968236208,0.6327445060902921,0.9326637887865532,0.46313369274139404,0.04688674584031105,0.10123803682426494,0.28
31,octanol_hl_gap_eV,164,0.07240679115056992,0.0016727530164644122,0.5925845107113594,0.9769803492863993,0.4173577129840851,0.0011436814675107598,0.002740290719281307,0.16
31,octanol_hl_gap_eV,165,0.1340181678533554,0.003928297199308872,0.6059133890985893,0.9849178021617488,0.8919991254806519,0.0011846793349832296,0.0013281171484836015,0.1
31,octanol_hl_gap_eV,166,0.04595867171883583,0.0011889486340805888,0.6331664451996488,0.96418132248003,0.3545173704624176,0.0009128896053880453,0.002575020807012391,0.02
31,octanol_hl_gap_eV,167,0.06487651914358139,0.002473900793120265,0.6383828050166731,0.9812930198194252,0.4455568790435791,0.0026925490237772465,0.006043109534201341,0.06
31,octanol_hl_gap_eV,168,0.04632041975855827,0.0011291158152744174,0.6801984788444146,0.9748355806475038,0.2990061938762665,0.0011883096303790808,0.003974197373552811,0.06
31,octanol_hl_gap_eV,169,0.09274027496576309,0.001781756873242557,0.6039025378941825,0.9656230427311083,0.37759843468666077,0.001733418321236968,0.004590639584285871,0.08
31,octanol_hl_gap_eV,170,0.06645942479372025,0.001954978331923485,0.6354101777889032,0.9783488043342039,0.38712263107299805,0.001853450434282422,0.004787760480820159,0.04
31,octanol_hl_gap_eV,171,0.05689655616879463,0.001146321534179151,0.6375134621279965,0.9770779188248857,0.2871469557285309,0.0005031908513046801,0.0017523809368900202,0.08
31,octanol_hl_gap_eV,172,0.05460884049534798,0.002385970437899232,0.61705274025104,0.9801824282717309,0.3965663015842438,0.0012631495483219624,0.0031852165533879273,0.04
31,octanol_hl_gap_eV,173,0.0348161906003952,0.0032431965228170156,0.6278002067142587,0.9749192584062734,0.6016122698783875,0.0012939173029735684,0.0021507495238338916,0.04
31,octanol_hl_gap_eV,174,0.036560457199811935,0.003596241818740964,0.5751992109921773,0.9521740670054215,0.7692693471908569,0.0038003730587661266,0.004940237216839537,0.06
31,octanol_hl_gap_eV,175,0.10366275161504745,0.001729492680169642,0.6382978106813046,0.9733874595845229,0.41380396485328674,0.0014020642265677452,0.0033882329451938526,0.06
31,octanol_hl_gap_eV,176,0.0013321852311491966,0.0026989937759935856,0.5943333709046763,0.9546464365525602,0.5950227975845337,0.006972813047468662,0.011718564525215606,0.02
31,octanol_hl_gap_eV,177,0.0445287711918354,0.0017115263035520911,0.6192448899870377,0.9476541361836737,0.2967555522918701,0.0014022656250745058,0.004725322287130539,0.0
31,octanol_hl_gap_eV,178,0.04604263976216316,0.003395737148821354,0.6230873079122627,0.978509739186225,0.6139413714408875,0.0008917611557990313,0.0014525184281132834,0.04
31,octanol_hl_gap_eV,179,0.08583460748195648,0.0016388786025345325,0.6274131301525423,0.9595262839416534,0.3828728199005127,0.001363241346552968,0.003560559213650106,0.08
31,octanol_hl_gap_eV,180,0.031854063272476196,0.0029474827460944653,0.5795883729803342,0.9624914013622761,0.6649665236473083,0.0016202040715143085,0.0024365197553518477,0.08
31,octanol_hl_gap_eV,181,0.27763527631759644,0.0023979332763701677,0.6328635978678936,0.9325669783109589,0.40071794390678406,0.09188108146190643,0.22929115818002904,0.14
31,octanol_hl_gap_eV,182,0.29027241468429565,0.0014041460817679763,0.613185305480046,0.9263683813986681,0.40733256936073303,0.049754828214645386,0.12214792520207877,0.24
31,octanol_hl_gap_eV,183,0.04090191051363945,0.0015273333992809057,0.6285437697155325,0.9735851735005006,0.31849074363708496,0.0009949333034455776,0.0031239002178954627,0.1
31,octanol_hl_gap_eV,184,0.07402152568101883,0.002034277655184269,0.5868446193201131,0.9731778934805728,0.33980634808540344,0.002879991428926587,0.008475390307313386,0.12
31,octanol_hl_gap_eV,185,0.07405265420675278,0.002253712387755513,0.6274751569752508,0.971628883883602,0.38992950320243835,0.0016750210197642446,0.004295702187209542,0.04
31,octanol_hl_gap_eV,186,0.10580803453922272,0.0009737953660078347,0.6759200189380097,0.9617275266021648,0.2902158200740814,0.0009695214685052633,0.0033406913112378925,0.1
31,octanol_hl_gap_eV,187,0.047066833823919296,0.001427113194949925,0.6216722343524437,0.9694619226472596,0.2640397548675537,0.0017132386565208435,0.0064885632748001515,0.08
31,octanol_hl_gap_eV,188,0.04159492999315262,0.0011380298528820276,0.6332173475708054,0.9670531329753029,0.2759324014186859,0.0006836265092715621,0.00247751444106146,0.14
31,octanol_hl_gap_eV,189,0.0699930265545845,0.00147532788105309,0.6134247200098386,0.9631697188553068,0.343057245016098,0.0007666856981813908,0.0022348622841223305,0.16
31,octanol_hl_gap_eV,190,0.14090146124362946,0.0022316051181405783,0.6127125121554722,0.9297694769826266,0.5450229048728943,0.04841458797454834,0.08883037307549338,0.02
31,octanol_hl_gap_eV,191,0.23233500123023987,0.0015996568836271763,0.6297273952681164,0.9155955942276588,0.4104675352573395,0.046723730862140656,0.11383051483681303,0.12
31,octanol_hl_gap_eV,192,0.03890063613653183,0.0012428894406184554,0.6260083753793824,0.9782989535198281,0.2698281407356262,0.0009297840879298747,0.003445838100485093,0.02
31,octanol_hl_gap_eV,193,0.006592299789190292,0.003324714256450534,0.6323782099158115,0.9707955431680817,0.642235517501831,0.0005895370850339532,0.0009179453159600012,0.0
31,octanol_hl_gap_eV,194,0.04048597440123558,0.0009924478363245726,0.6478691785925266,0.9617240684995545,0.3403562307357788,0.001009734463877976,0.002966698925108971,0.04
31,octanol_hl_gap_eV,195,0.02204035595059395,0.0009813493816182017,0.6217362227692744,0.9611334100609887,0.2866649627685547,0.0014655470149591565,0.005112403695258699,0.02
31,octanol_hl_gap_eV,196,0.12480562925338745,0.0014663294423371553,0.6152848204166395,0.9760171694232471,0.3981490731239319,0.0008073250064626336,0.0020276953055001525,0.22
31,octanol_hl_gap_eV,197,0.038239311426877975,0.002035842277109623,0.5910833255012697,0.9625663501028103,0.4767569601535797,0.0006479439325630665,0.0013590654918899173,0.14
31,octanol_hl_gap_eV,198,0.09671910107135773,0.0014968528412282467,0.6218543867963089,0.9724464683082064,0.3236711919307709,0.0021431592758744955,0.006621408791712578,0.12
31,octanol_hl_gap_eV,199,0.08379706740379333,0.001758977072313428,0.6154996432124586,0.9748714148796598,0.3619404733181,0.0024168884847313166,0.006677585578021767,0.16
31,octanol_hl_gap_eV,200,0.09964437782764435,0.0017255648272112012,0.6287474823544692,0.9760776696156923,0.2547484040260315,0.0017992763314396143,0.007062954283535983,0.06
31,octanol_hl_gap_eV,201,0.04746081307530403,0.0014604636235162616,0.6458057651992302,0.9699599388036271,0.3230931758880615,0.0011456698412075639,0.003545942553749545,0.12
31,octanol_hl_gap_eV,202,0.025006024166941643,0.001320305629633367,0.6262969347057179,0.9837166801767316,0.2515043616294861,0.001179151120595634,0.004688392332267973,0.06
31,octanol_hl_gap_eV,203,0.04370271787047386,0.002081814222037792,0.60826515680182,0.9618145836823409,0.47549811005592346,0.001803055638447404,0.0037919301892395453,0.04
31,octanol_hl_gap_eV,204,0.061757851392030716,0.0015482044545933604,0.6030671349336356,0.9750676948016332,0.44007524847984314,0.00153152528218925,0.0034801441059900892,0.04
31,octanol_hl_gap_eV,205,0.11840805411338806,0.001511887414380908,0.634234092631238,0.9706661219548258,0.4231850206851959,0.0016330016078427434,0.0038588360363008235,0.2
31,octanol_hl_gap_eV,206,0.13364815711975098,0.0021285710390657187,0.5882316489693054,0.9083726552871112,0.41808804869651794,0.06063344329595566,0.1450255358530191,0.06
31,octanol_hl_gap_eV,207,0.0421164445579052,0.0015057087875902653,0.6069321034740893,0.981403622708898,0.27256515622138977,0.004084915854036808,0.014986933438839315,0.06
31,octanol_hl_gap_eV,208,0.035553108900785446,0.0011390227591618896,0.6678822785930085,0.9689908671807286,0.26003092527389526,0.0007504729437641799,0.002886091117714915,0.04
31,octanol_hl_gap_eV,209,0.046212926506996155,0.0011642129393294454,0.6309616156324038,0.9809775233577331,0.24254512786865234,0.0007985098636709154,0.003292211518276053,0.02
31,octanol_hl_gap_eV,210,0.1186671033501625,0.0020549402106553316,0.5918325488606542,0.9799584255280205,0.23106391727924347,0.0038991542533040047,0.016874786419343143,0.06
31,octanol_hl_gap_eV,211,0.007234553806483746,0.001415587030351162,0.626643441510649,0.9765091765450171,0.31696632504463196,0.0003767174785025418,0.0011885094684727037,0.02
31,octanol_hl_gap_eV,212,0.25802135467529297,0.00273891375400126,0.5727100485877661,0.9321244858420705,0.4311489462852478,0.0808737650513649,0.18757732275161096,0.32
31,octanol_hl_gap_eV,213,0.058250490576028824,0.002318301238119602,0.6036743614819835,0.9698729653254778,0.4948304295539856,0.0009402462164871395,0.0019001382298469973,0.12
31,octanol_hl_gap_eV,214,0.3926915228366852,0.0009991988772526383,0.6743738088935491,0.9226383958449247,0.2801876664161682,0.06803734600543976,0.2428277692437131,0.3
31,octanol_hl_gap_eV,215,0.01940949819982052,0.001207851804792881,0.6190280242769111,0.9688382783664966,0.219383105635643,0.0017613405361771584,0.008028606081921536,0.06
31,octanol_hl_gap_eV,216,0.032964032143354416,0.001109468750655651,0.6177405818300883,0.9676484335103941,0.24506287276744843,0.0006802967982366681,0.0027760092361368565,0.28
31,octanol_hl_gap_eV,217,0.02309734933078289,0.0011089362669736147,0.6250684875582513,0.9591190157195766,0.2221219390630722,0.0009075843845494092,0.004085973625017283,0.02
31,octanol_hl_gap_eV,218,0.10707661509513855,0.002139671240001917,0.6250006732566735,0.9801789649061801,0.42370426654815674,0.002951508853584528,0.0069659644393717,0.18
31,octanol_hl_gap_eV,219,0.17179077863693237,0.0034129840787500143,0.5939063404875893,0.9207341735288357,0.6908248662948608,0.07560256868600845,0.10943811141525911,0.1
31,octanol_hl_gap_eV,220,0.11116420477628708,0.0015974810812622309,0.6034701227368666,0.9726892253508079,0.35072436928749084,0.0011243934277445078,0.003205917598565373,0.22
31,octanol_hl_gap_eV,221,0.06331471353769302,0.0012426211033016443,0.6120161908102979,0.9676268960887915,0.28953197598457336,0.0006789270555600524,0.0023449121750760494,0.14
31,octanol_hl_gap_eV,222,0.07179779559373856,0.0019255937077105045,0.6102550236535824,0.9537724239093335,0.3772323429584503,0.0009661478106863797,0.0025611478674107077,0.08
31,octanol_hl_gap_eV,223,0.09642042964696884,0.0015113595873117447,0.6294388140560119,0.9749787967792776,0.34878939390182495,0.001427717856131494,0.004093352266707282,0.14
31,octanol_hl_gap_eV,224,0.03961276262998581,0.008400054648518562,0.6373828953797911,0.9893059132553617,1.788248896598816,0.0023478949442505836,0.0013129575802989138,0.04
31,octanol_hl_gap_eV,225,0.26120704412460327,0.0016087326221168041,0.6167595964341597,0.9032235067724996,0.4569093585014343,0.046900492161512375,0.10264725659228349,0.26
31,octanol_hl_gap_eV,226,0.27856945991516113,0.003751038573682308,0.5860901303521915,0.9225994427016493,0.8286717534065247,0.11229102313518524,0.13550724116464266,0.3
31,octanol_hl_gap_eV,227,0.1039334163069725,0.0021906273905187845,0.5832125305031566,0.9421474200053017,0.32012590765953064,0.00880577601492405,0.027507227013595592,0.1
31,octanol_hl_gap_eV,228,0.06335801631212234,0.002267431002110243,0.5775103117595182,0.9769358489983149,0.3370319902896881,0.002008979907259345,0.005960798871147432,0.1
31,octanol_hl_gap_eV,229,0.3302867114543915,0.0011904784478247166,0.6295945007304897,0.9117958617399935,0.27513453364372253,0.05161676183342934,0.18760553664364416,0.24
31,octanol_hl_gap_eV,230,0.09138528257608414,0.0033908416517078876,0.6279802265413379,0.9096839388388369,0.6629138588905334,0.053408749401569366,0.08056665083296852,0.0
31,octanol_hl_gap_eV,231,0.10028254985809326,0.002744617871940136,0.5764697319662275,0.9015143520955233,0.44612976908683777,0.05549653619527817,0.12439550113159102,0.12
31,octanol_hl_gap_eV,232,0.10591349005699158,0.004001113586127758,0.6315794147623235,0.918346525349667,0.973576009273529,0.08981666713953018,0.0922543964559586,0.04
31,octanol_hl_gap_eV,233,0.042853113263845444,0.0010758847929537296,0.6336188496950488,0.9631111370060679,0.2881946265697479,0.0008181504090316594,0.002838881552962103,0.26
31,octanol_hl_gap_eV,234,0.07274485379457474,0.0007566905696876347,0.6841389348889249,0.9667309930739458,0.29903116822242737,0.001226343447342515,0.004101055601101514,0.02
31,octanol_hl_gap_eV,235,0.08312126994132996,0.0014462436083704233,0.6431077432067391,0.9713732837151949,0.4073551297187805,0.0008091219351626933,0.0019862814437154,0.02
31,octanol_hl_gap_eV,236,0.07610849291086197,0.0015493371756747365,0.6462159009193893,0.9674999915440881,0.35206955671310425,0.0008376854821108282,0.0023793181379594386,0.1
31,octanol_hl_gap_eV,237,0.038881462067365646,0.001468533999286592,0.5756885681354218,0.9721472010435819,0.3681696355342865,0.000509690202306956,0.0013843895669649546,0.04
31,octanol_hl_gap_eV,238,0.12320414185523987,0.0013034176081418991,0.6152372334588647,0.9769805264746365,0.3381195068359375,0.0009101373143494129,0.002691762220010069,0.1
31,octanol_hl_gap_eV,239,0.09902415424585342,0.0006943040643818676,0.6586506960222376,0.9468227801015787,0.2783241271972656,0.002805408788844943,0.010079646407573481,0.08
31,octanol_hl_gap_eV,240,0.29051652550697327,0.0017982430290430784,0.6164517442067126,0.930145016284905,0.27947527170181274,0.061883918941020966,0.22142896065254838,0.24
31,octanol_hl_gap_eV,241,0.08032099157571793,0.0014542618300765753,0.6354296474218288,0.9732625426737822,0.3944132626056671,0.0007572757313027978,0.0019200057480316507,0.02
31,octanol_hl_gap_eV,242,0.0699383020401001,0.0025203742552548647,0.6038090058014931,0.9729714197993733,0.5296031832695007,0.0023434471804648638,0.004424911432740288,0.12
31,octanol_hl_gap_eV,243,0.07665079832077026,0.0013992409221827984,0.6383197092833874,0.9690443363966994,0.3579360842704773,0.0009943443583324552,0.0027779941783714402,0.08
31,octanol_hl_gap_eV,244,0.0635116919875145,0.001694516628049314,0.6036299861322691,0.9711242000740308,0.26928943395614624,0.0019339390564709902,0.007181637348556097,0.1
31,octanol_hl_gap_eV,245,0.16423219442367554,0.0018492694944143295,0.6059155203875153,0.9160790420092066,0.43866032361984253,0.05861073359847069,0.13361302685142018,0.06
31,octanol_hl_gap_eV,246,0.2701437771320343,0.0013839136809110641,0.623516497017012,0.8983694355621161,0.39694029092788696,0.05592833459377289,0.14089860836005058,0.2
31,octanol_hl_gap_eV,247,0.06913608312606812,0.0027539178263396025,0.597325312150254,0.9874596076736761,0.580295741558075,0.007603703066706657,0.013103151586621961,0.1
31,octanol_hl_gap_eV,248,0.04577755182981491,0.0014474632916972041,0.6173344853638079,0.9780978568551326,0.32385361194610596,0.001290055108256638,0.0039834513516907215,0.12
31,octanol_hl_gap_eV,249,0.30948156118392944,0.0019839985761791468,0.6383395671314172,0.9201118057448008,0.4811316728591919,0.14709258079528809,0.3057220904231267,0.2
31,octanol_dipole,0,0.09694283455610275,0.022443121299147606,0.5931251411664693,0.9633048074224759,4.251480579376221,0.013478908687829971,0.003170403447969555,0.04
31,octanol_dipole,1,0.05779518932104111,0.02954687364399433,0.5850912332647493,0.9711299064332473,5.504685401916504,0.0034143244847655296,0.0006202578776939374,0.0
31,octanol_dipole,2,0.17651985585689545,0.022953882813453674,0.5934914779264504,0.9169861871830156,4.357943058013916,0.16440287232398987,0.03772487848864061,0.06
31,octanol_dipole,3,0.048440445214509964,0.03181282803416252,0.5865204463179485,0.9591821063296024,5.926543712615967,0.0030881569255143404,0.0005210721586243448,0.02
31,octanol_dipole,4,0.09185615926980972,0.036881525069475174,0.5787890691894111,0.9488644994161024,6.715371608734131,0.02934359572827816,0.004369616074576329,0.0
31,octanol_dipole,5,0.03973094001412392,0.021027205511927605,0.592487096907514,0.9635802672866891,3.9351766109466553,0.008901050314307213,0.0022619188906405794,0.06
31,octanol_dipole,6,0.11915717273950577,0.037532586604356766,0.5949575747735716,0.9374676931993591,7.070672988891602,0.11092370748519897,0.015687857104898777,0.04
31,octanol_dipole,7,0.19134990870952606,0.02417805604636669,0.5892517968653304,0.9120711802904247,4.64587926864624,0.30261754989624023,0.0651367658084709,0.04
31,octanol_dipole,8,0.19838877022266388,0.02975577674806118,0.5863266628535964,0.9173146293773107,5.557809829711914,0.3217325806617737,0.05788837519085292,0.02
31,octanol_dipole,9,0.26789528131484985,0.023511700332164764,0.5927528359224012,0.9072112923936131,4.535487651824951,0.4817086458206177,0.10620878785256792,0.06
31,octanol_dipole,10,0.31322047114372253,0.021283235400915146,0.5945504394783132,0.9078242599214199,4.104864120483398,0.38286998867988586,0.09327226856775912,0.12
31,octanol_dipole,11,0.09674432873725891,0.03171918913722038,0.5871196227251954,0.9695482819859758,5.885709285736084,0.022253600880503654,0.0037809548178729924,0.04
31,octanol_dipole,12,0.020786263048648834,0.029369551688432693,0.584963875335482,0.9635915303070033,5.4048380851745605,0.003950144164264202,0.0007308533765515427,0.0
31,octanol_dipole,13,0.08872274309396744,0.046417802572250366,0.5841137737647861,0.9647013347582769,8.81554126739502,0.005729556083679199,0.000649938093406745,0.02
31,octanol_dipole,14,0.09291106462478638,0.02986217476427555,0.5861489503951323,0.9540417563539934,5.555224418640137,0.031242867931723595,0.0056240514472989615,0.0
31,octanol_dipole,15,0.04720519110560417,0.028803737834095955,0.5952896268042649,0.9641901102223618,5.402612209320068,0.008720236830413342,0.001614077874286447,0.04
31,octanol_dipole,16,0.05326805263757706,0.02342396043241024,0.5928402199766087,0.960224466231921,4.4002299308776855,0.006288787815719843,0.0014291952726355505,0.04
31,octanol_dipole,17,0.174601748585701,0.025821274146437645,0.590014272563286,0.9329865480946733,4.8543548583984375,0.1433209478855133,0.029524200860090843,0.02
31,octanol_dipole,18,0.08902847766876221,0.023654282093048096,0.5920664080204128,0.9607118344862058,4.425540447235107,0.007312901318073273,0.0016524312465931855,0.06
31,octanol_dipole,19,0.21678486466407776,0.022080987691879272,0.5931352137083685,0.9109213315866989,4.205488204956055,0.33300676941871643,0.07918385528374017,0.04
31,octanol_dipole,20,0.027768654748797417,0.031021976843476295,0.5887282915071868,0.9662229602556656,5.721218109130859,0.00596392247825861,0.001042421799780785,0.02
31,octanol_dipole,21,0.21691463887691498,0.0285824965685606,0.591265444429057,0.91018005941033,5.43507194519043,0.4387359917163849,0.08072312494494731,0.06
31,octanol_dipole,22,0.07903459668159485,0.03971271216869354,0.5859521642639083,0.9476784018308493,7.326467514038086,0.05602741613984108,0.007647261935235249,0.0
31,octanol_dipole,23,0.11928054690361023,0.029276905581355095,0.5909558688173246,0.9566087763761799,5.486149311065674,0.008864234201610088,0.001615747895109371,0.06
31,octanol_dipole,24,0.1018809825181961,0.02464456297457218,0.593794281074693,0.9638100322295531,4.664153575897217,0.007533552125096321,0.0016152024161526744,0.06
31,octanol_dipole,25,0.13615943491458893,0.02004428021609783,0.5902474217419142,0.9415735483931538,3.789949893951416,0.12177255004644394,0.032130385217173256,0.02
31,octanol_dipole,26,0.10859402269124985,0.021783744916319847,0.5915630466459452,0.9540254335377858,4.1307549476623535,0.009446178562939167,0.00228679228921214,0.04
31,octanol_dipole,27,0.12085514515638351,0.0206363033503294,0.5941895769550645,0.9679384243380202,3.895490884780884,0.016402726992964745,0.004210695770601803,0.04
31,octanol_dipole,28,0.19825264811515808,0.020778415724635124,0.5930740968689066,0.9132764827365498,3.924656391143799,0.1459711194038391,0.037193350157540134,0.04
31,octanol_dipole,29,0.3120471239089966,0.02277393639087677,0.5918679930302044,0.906175719965465,4.418740272521973,0.5447849631309509,0.12328965486356087,0.16
31,octanol_dipole,30,0.26896029710769653,0.020925674587488174,0.5960490858309166,0.9072089464749897,3.989692211151123,0.4981009364128113,0.12484695812389424,0.12
31,octanol_dipole,31,0.11170031130313873,0.022298209369182587,0.5919875190367625,0.9556119517583077,4.185173511505127,0.01341435220092535,0.003205208138694614,0.08
31,octanol_dipole,32,0.10188537836074829,0.021087370812892914,0.5950761256366155,0.9601802217921895,3.9909634590148926,0.014807472005486488,0.003710249957823839,0.04
31,octanol_dipole,33,0.02809477597475052,0.03060733899474144,0.5814146004050085,0.9650809510096521,5.590388774871826,0.0029907149728387594,0.000534974416498847,0.0
31,octanol_dipole,34,0.06609339267015457,0.021327419206500053,0.5898583847075669,0.9495437774949771,3.9611146450042725,0.006648130249232054,0.0016783483552077001,0.04
31,octanol_dipole,35,0.0738101527094841,0.03681762143969536,0.5861284169650578,0.9610224394676143,6.903788089752197,0.003960987087339163,0.0005737411165934754,0.0
31,octanol_dipole,36,0.14360184967517853,0.029986945912241936,0.5934232615175152,0.9664386829397886,5.704354286193848,0.011817633174359798,0.0020716863962958643,0.08
31,octanol_dipole,37,0.2311386913061142,0.025196222588419914,0.5910937693833453,0.8995984298942652,4.874838829040527,0.7679693102836609,0.1575373745094284,0.04
31,octanol_dipole,38,0.058116476982831955,0.012759835459291935,0.5932191191051521,0.9530033077486166,2.4202215671539307,0.011276910081505775,0.004659453594890035,0.08
31,octanol_dipole,39,0.22570395469665527,0.02847643941640854,0.5895751987736313,0.8818662843535612,5.382672309875488,0.3951353430747986,0.07340876804814055,0.1
31,octanol_dipole,40,0.046564456075429916,0.035011082887649536,0.5831034080569921,0.9743552441489323,6.446590423583984,0.005814066156744957,0.00090188235558986,0.0
31,octanol_dipole,41,0.04573077708482742,0.03017543815076351,0.585918912592269,0.95955516545505,5.577526092529297,0.005452039185911417,0.000977501332215019,0.0
31,octanol_dipole,42,0.05345367640256882,0.03609379380941391,0.5854751213962195,0.9532572108593522,6.7009124755859375,0.011014728806912899,0.00164376550910699,0.0
31,octanol_dipole,43,0.2045191079378128,0.034838102757930756,0.5809049859304356,0.8956123581006064,6.510015487670898,0.6193784475326538,0.09514239231929233,0.02
31,octanol_dipole,44,0.17537857592105865,0.03819989785552025,0.5842808030805353,0.9001286731581817,7.131448268890381,0.4893586337566376,0.06861981119478547,0.0
31,octanol_dipole,45,0.0697060227394104,0.020854584872722626,0.5931395713771694,0.970823145655966,3.929321527481079,0.014249704778194427,0.0036265051557970384,0.04
31,octanol_dipole,46,0.11051174998283386,0.04139244183897972,0.5812973954344902,0.9516669171727901,7.6236772537231445,0.04733746498823166,0.006209269282105778,0.04
31,octanol_dipole,47,0.07208369672298431,0.03606753796339035,0.5861988070288804,0.9659759794327007,6.776332855224609,0.004479487892240286,0.0006610489755954894,0.0
31,octanol_dipole,48,0.09689894318580627,0.03144613280892372,0.5868791734145526,0.9511258189734184,5.873873233795166,0.048052139580249786,0.008180656556185642,0.06
31,octanol_dipole,49,0.2620209753513336,0.030172087252140045,0.5872457748995279,0.8988356025052249,5.652181625366211,0.5211742520332336,0.09220762646661522,0.04
31,octanol_dipole,50,0.08648735284805298,0.03799406439065933,0.5816964611522242,0.9631230660691523,6.981287479400635,0.007172689773142338,0.0010274164750135937,0.0
31,octanol_dipole,51,0.08389485627412796,0.03129429370164871,0.5865182867340324,0.9408413423309196,5.965821266174316,0.043565232306718826,0.007302470248937875,0.04
31,octanol_dipole,52,0.0750734880566597,0.030050309374928474,0.5870782654118119,0.9519671250453186,5.590604305267334,0.008991203270852566,0.0016082703729150118,0.02
31,octanol_dipole,53,0.20640119910240173,0.024572905153036118,0.5943852291861578,0.9044903567426319,4.745701789855957,0.3639867603778839,0.07669819480775503,0.04
31,octanol_dipole,54,0.2660529911518097,0.02811328135430813,0.5894019542863813,0.8912673149551098,5.342382907867432,0.8282321095466614,0.1550304655862405,0.08
31,octanol_dipole,55,0.06928181648254395,0.021927209571003914,0.5928868635003481,0.9609104572454987,4.12404203414917,0.007113422732800245,0.0017248666899846025,0.04
31,octanol_dipole,56,0.10965723544359207,0.02922433242201805,0.5935349624268556,0.9676467217623388,5.470820426940918,0.005835250485688448,0.0010666134199822943,0.04
31,octanol_dipole,57,0.21686115860939026,0.021567434072494507,0.5928003415684375,0.9089683158653159,4.1356987953186035,0.32408666610717773,0.07836321795823889,0.12
31,octanol_dipole,58,0.19518598914146423,0.02982940524816513,0.5874625844090466,0.896353763533339,5.571427822113037,0.4980413615703583,0.08939205127878146,0.12
31,octanol_dipole,59,0.3659634292125702,0.019692780449986458,0.5984480963193173,0.9059885921632858,3.800189733505249,0.7488164901733398,0.19704713256057366,0.16
31,octanol_dipole,60,0.047977399080991745,0.03421672806143761,0.5816787438358804,0.9641142456181018,6.246836185455322,0.005234928801655769,0.0008380128190081878,0.0
31,octanol_dipole,61,0.05792921781539917,0.03138549253344536,0.5837695334478825,0.96559665822748,5.771245002746582,0.007388258818536997,0.001280184572829756,0.0
31,octanol_dipole,62,0.1293760985136032,0.022118713706731796,0.5932400512911384,0.964229588455259,4.20966100692749,0.026718461886048317,0.006346939062808136,0.04
31,octanol_dipole,63,0.19854144752025604,0.022163284942507744,0.5918718710915511,0.9247499599801969,4.196157455444336,0.3285922408103943,0.07830789104066145,0.08
31,octanol_dipole,64,0.04585736244916916,0.0374591164290905,0.5827763276397229,0.9640627809399069,6.863190174102783,0.008662490174174309,0.0012621667117517614,0.02
31,octanol_dipole,65,0.07780032604932785,0.0343058705329895,0.5813409590223686,0.9454094904496337,6.390645980834961,0.010638049803674221,0.0016646282450282627,0.0
31,octanol_dipole,66,0.08209221810102463,0.021545805037021637,0.5937665917647572,0.9537106500117929,4.056051254272461,0.014137363992631435,0.0034854993456356785,0.04
31,octanol_dipole,67,0.09380586445331573,0.020649481564760208,0.5940627978118898,0.9579753989143476,3.8945319652557373,0.010110675357282162,0.0025961207784356284,0.04
31,octanol_dipole,68,0.06178469955921173,0.02400357648730278,0.59278053310694,0.9613999771051474,4.485490322113037,0.00894864834845066,0.0019950212141434534,0.0
31,octanol_dipole,69,0.1209971159696579,0.028348736464977264,0.5806310671979449,0.9347001745574077,5.266229152679443,0.13765938580036163,0.026140029575112755,0.02
31,octanol_dipole,70,0.045098282396793365,0.030921289697289467,0.5977656695975022,0.967041085496607,5.805740833282471,0.004552238620817661,0.0007840926337464327,0.04
31,octanol_dipole,71,0.2733409106731415,0.03268090635538101,0.5852477106611327,0.9112762756355655,6.131967544555664,0.594183087348938,0.09689925509740999,0.12
31,octanol_dipole,72,0.22912271320819855,0.021893488243222237,0.5917860003776365,0.9070884832767474,4.142155170440674,0.3246995508670807,0.07838903602265018,0.06
31,octanol_dipole,73,0.041800376027822495,0.043838515877723694,0.5817219607550157,0.9546240217594717,8.058030128479004,0.0075014675967395306,0.000930930696104939,0.0
31,octanol_dipole,74,0.10228493809700012,0.028415242210030556,0.5889426980727679,0.9256535668068029,5.324042320251465,0.06600674986839294,0.01239786348378901,0.02
31,octanol_dipole,75,0.1928214430809021,0.03745146468281746,0.5812624736276528,0.9138365969986273,6.887736797332764,0.23636417090892792,0.03431666712358384,0.08
31,octanol_dipole,76,0.05623849853873253,0.023563355207443237,0.5925775533698718,0.9746551485079014,4.440428256988525,0.00620050635188818,0.0013963757532011855,0.06
31,octanol_dipole,77,0.105134017765522,0.028632959350943565,0.5834875051903314,0.90543626869773,5.274211406707764,0.2516140043735504,0.047706469265442544,0.02
31,octanol_dipole,78,0.06931666284799576,0.027515387162566185,0.5938948164689173,0.9634029384641802,5.234591007232666,0.012866542674601078,0.0024579843309292548,0.02
31,octanol_dipole,79,0.20785662531852722,0.025044236332178116,0.5925701786411972,0.9249627427620097,4.745235443115234,0.28328225016593933,0.0596982496573374,0.06
31,octanol_dipole,80,0.16651560366153717,0.022685838863253593,0.5911729460409336,0.9231918101827319,4.327866554260254,0.22061319649219513,0.05097504595538615,0.0
31,octanol_dipole,81,0.07855139672756195,0.02561800554394722,0.5927419290855538,0.9623623951333904,4.925299167633057,0.017273729667067528,0.003507143237223646,0.06
31,octanol_dipole,82,0.06230798736214638,0.031148117035627365,0.5857157527939802,0.9533912342787836,5.78964376449585,0.0079716257750988,0.0013768767301338364,0.0
31,octanol_dipole,83,0.1804366260766983,0.02351602539420128,0.5924686117569082,0.9219955686735293,4.445909023284912,0.20813541114330292,0.04681504053574169,0.02
31,octanol_dipole,84,0.049866825342178345,0.031184032559394836,0.5844671584908414,0.9366681303291478,5.756129264831543,0.028523534536361694,0.0049553325201769,0.0
31,octanol_dipole,85,0.0578201487660408,0.030265728011727333,0.5946393919682806,0.9501546492392556,5.650157928466797,0.023473037406802177,0.004154403771360019,0.02
31,octanol_dipole,86,0.3000160753726959,0.018636686727404594,0.5938982619260893,0.8920947069384848,3.53896164894104,0.6129796504974365,0.17320889890989857,0.08
31,octanol_dipole,87,0.23686982691287994,0.02040249854326248,0.5917214859502742,0.9003167978903881,3.8437983989715576,0.4761301279067993,0.12386969307084163,0.08
31,octanol_dipole,88,0.08723540604114532,0.027263760566711426,0.5887791514696381,0.9657031921100179,5.0778727531433105,0.006583568640053272,0.0012965209961155297,0.04
31,octanol_dipole,89,0.23813198506832123,0.02830779179930687,0.5885341679854397,0.8872580510070749,5.3324055671691895,0.4918789267539978,0.09224334506407794,0.04
31,octanol_dipole,90,0.10744067281484604,0.026762016117572784,0.5928987501504881,0.9530687293377851,5.018505573272705,0.016497250646352768,0.0032872835160755753,0.06
31,octanol_dipole,91,0.08719418197870255,0.029462270438671112,0.5853029534701937,0.9668941989779145,5.459262371063232,0.004148032981902361,0.000759815649068081,0.02
31,octanol_dipole,92,0.43315789103507996,0.01575705036520958,0.5969535396557832,0.8920837581075169,3.0040550231933594,0.7891873717308044,0.26270736242769793,0.16
31,octanol_dipole,93,0.0814579650759697,0.02190127782523632,0.5907069610961204,0.9635177559053028,4.101178169250488,0.011729571036994457,0.002860049125624332,0.02
31,octanol_dipole,94,0.21524262428283691,0.023325445130467415,0.5915836372556251,0.9050184688092042,4.397303581237793,0.4905763566493988,0.11156299481858992,0.1
31,octanol_dipole,95,0.09941571950912476,0.029301248490810394,0.5885204261464076,0.9606227763660962,5.4863362312316895,0.007905268110334873,0.0014409011364146982,0.04
31,octanol_dipole,96,0.44181308150291443,0.013616492971777916,0.5989636170231762,0.882259720869871,2.602593183517456,0.72670978307724,0.2792252695041172,0.26
31,octanol_dipole,97,0.07633280754089355,0.02976931817829609,0.5903079004833618,0.9471375062947232,5.497992038726807,0.0684003159403801,0.012440963074988346,0.02
31,octanol_dipole,98,0.26402729749679565,0.028142720460891724,0.5925359349053605,0.886861683093205,5.549918174743652,0.5814244151115417,0.10476270042276747,0.14
31,octanol_dipole,99,0.07948636263608932,0.03423701226711273,0.5843580793536922,0.9335844509335844,6.30576753616333,0.03481004387140274,0.005520350008427761,0.02
31,octanol_dipole,100,0.19272592663764954,0.043177127838134766,0.5822621004016346,0.9016647274495995,8.044529914855957,0.6733843684196472,0.08370711222990146,0.04
31,octanol_dipole,101,0.09538636356592178,0.019594309851527214,0.5938972311736319,0.9437241951421951,3.675865888595581,0.027497747913002968,0.007480617831655684,0.02
31,octanol_dipole,102,0.3216876983642578,0.024857016280293465,0.59437682113608,0.8817103529667636,4.774106979370117,0.6846256256103516,0.1434039137725144,0.1
31,octanol_dipole,103,0.0858958289027214,0.022837497293949127,0.593563212235722,0.9742788440628216,4.326362609863281,0.012903289869427681,0.0029824799798358653,0.08
31,octanol_dipole,104,0.226724773645401,0.03369113802909851,0.5854154911881377,0.9080923294990051,6.2631049156188965,0.5429438352584839,0.08668924480324344,0.08
31,octanol_dipole,105,0.16588455438613892,0.024984361603856087,0.5908903865926969,0.9406004698852848,4.759411334991455,0.14488796889781952,0.030442413714611125,0.04
31,octanol_dipole,106,0.24939443171024323,0.03592013195157051,0.5853295952882673,0.8997521989091675,6.832889080047607,0.611747682094574,0.08952987161476236,0.12
31,octanol_dipole,107,0.12419702112674713,0.01652044802904129,0.5936654575768232,0.960045128008193,3.089433193206787,0.03225250542163849,0.010439618986601505,0.06
31,octanol_dipole,108,0.09041886031627655,0.025288166478276253,0.5925477230517902,0.9627251379030088,4.772024631500244,0.008800627663731575,0.0018442125393985668,0.04
31,octanol_dipole,109,0.28162187337875366,0.02236436866223812,0.5928168105062201,0.8912774207161938,4.294337749481201,0.5582090616226196,0.12998722834273035,0.1
31,octanol_dipole,110,0.05198070779442787,0.034213386476039886,0.5813905618521797,0.9629196144743437,6.251858711242676,0.005890868604183197,0.0009422587547587548,0.0
31,octanol_dipole,111,0.09165125340223312,0.01887979358434677,0.5931320920414034,0.9713020054630435,3.575284004211426,0.023752491921186447,0.0066435259110067145,0.06
31,octanol_dipole,112,0.06504309922456741,0.028172563761472702,0.5882936655369908,0.9605004043267924,5.270570755004883,0.005986376665532589,0.0011358118397040745,0.02
31,octanol_dipole,113,0.06026298180222511,0.0484842024743557,0.5758124782502803,0.960622468790669,8.74381160736084,0.01375911757349968,0.0015735834886832173,0.02
31,octanol_dipole,114,0.0699065774679184,0.028286168351769447,0.5907729605548482,0.9527526277389085,5.362430572509766,0.00686339708045125,0.0012799041381787047,0.04
31,octanol_dipole,115,0.07000280916690826,0.031861428171396255,0.5824447390427492,0.96444120863445,5.858806133270264,0.005539293400943279,0.0009454645323536863,0.0
31,octanol_dipole,116,0.17524655163288116,0.024067126214504242,0.5933327500015406,0.9267551791341586,4.5775275230407715,0.1420605182647705,0.031034334048176775,0.06
31,octanol_dipole,117,0.1523747444152832,0.032053131610155106,0.585143552876175,0.9088121337382202,5.943402290344238,0.2808269262313843,0.04725019652255761,0.02
31,octanol_dipole,118,0.2710745632648468,0.024602627381682396,0.5915249531378162,0.8801659786852218,4.662115573883057,0.5504114031791687,0.11806043725353924,0.12
31,octanol_dipole,119,0.0975179374217987,0.030196592211723328,0.585294164485801,0.9437766482531889,5.592888355255127,0.032656896859407425,0.005839003889416587,0.0
31,octanol_dipole,120,0.3232629895210266,0.02701951377093792,0.5871160742767358,0.8927498011558439,5.2517008781433105,0.6208224892616272,0.11821360425255469,0.08
31,octanol_dipole,121,0.2464665323495865,0.02901611477136612,0.5893835920732386,0.8961484409915759,5.50423526763916,0.7150757908821106,0.12991374025856567,0.12
31,octanol_dipole,122,0.04207877442240715,0.02785160206258297,0.5819963283071774,0.9584326562219039,5.095883846282959,0.006967280525714159,0.0013672369182425998,0.0
31,octanol_dipole,123,0.03833051398396492,0.025704188272356987,0.5960004189064734,0.9422347526575487,4.785700798034668,0.022830406203866005,0.004770546084544548,0.04
31,octanol_dipole,124,0.2546214759349823,0.04348154366016388,0.5808563891967455,0.8857783643028667,8.048931121826172,0.7852600812911987,0.09756079029696504,0.1
31,octanol_dipole,125,0.029701223596930504,0.04439865052700043,0.5827273517104645,0.9549329174940071,8.131057739257812,0.0058316332288086414,0.0007172047494697709,0.0
31,octanol_dipole,126,0.27516570687294006,0.030522676184773445,0.5882499931077187,0.8923556136315283,5.776150703430176,0.7798016667366028,0.13500369134647341,0.02
31,octanol_dipole,127,0.08236382156610489,0.023229721933603287,0.5924368113029423,0.9715348144603162,4.3187713623046875,0.009457744657993317,0.0021899155719478157,0.0
31,octanol_dipole,128,0.28833016753196716,0.03309769555926323,0.5791289447084385,0.8872571405341438,6.196821689605713,0.4986647665500641,0.08047105298939024,0.14
31,octanol_dipole,129,0.14619463682174683,0.040714994072914124,0.5825020816926421,0.9520808265220557,7.523050308227539,0.08647307753562927,0.011494417024043892,0.08
31,octanol_dipole,130,0.20680241286754608,0.020587151870131493,0.5926400135744634,0.906578056343849,3.916368007659912,0.33681005239486694,0.0860006137666608,0.08
31,octanol_dipole,131,0.09432290494441986,0.02579779550433159,0.5935440602628532,0.959301163987017,4.882254600524902,0.008265229873359203,0.0016929125065437165,0.04
31,octanol_dipole,132,0.13767355680465698,0.03794894739985466,0.5837207310853909,0.9232156149826873,7.059627056121826,0.20249395072460175,0.028683377905778618,0.02
31,octanol_dipole,133,0.0627504363656044,0.015204651281237602,0.5939258661962203,0.9629851921908608,2.857832193374634,0.02150794304907322,0.007525964295221913,0.04
31,octanol_dipole,134,0.11193711310625076,0.0325779989361763,0.5859135763183905,0.951271086095163,6.105688571929932,0.017864102497696877,0.002925812918107983,0.06
31,octanol_dipole,135,0.08389110863208771,0.030194757506251335,0.590787443436855,0.9704828675417227,5.781126022338867,0.008187114261090755,0.0014161798634824603,0.02
31,octanol_dipole,136,0.26860612630844116,0.03331261873245239,0.5843729269225588,0.904598828089715,6.267989635467529,0.5120518207550049,0.08169315052110977,0.1
31,octanol_dipole,137,0.20929090678691864,0.0332622267305851,0.5893614718667732,0.8913726425567252,6.525624752044678,0.6778339147567749,0.10387264675989664,0.04
31,octanol_dipole,138,0.24496078491210938,0.02275257743895054,0.5937178954762732,0.8963530387840817,4.3091278076171875,0.49485406279563904,0.11483856708099772,0.06
31,octanol_dipole,139,0.10230088979005814,0.03668525069952011,0.5835809876180862,0.9410911446591781,6.811386585235596,0.03690146654844284,0.005417614473451073,0.02
31,octanol_dipole,140,0.12934666872024536,0.023057613521814346,0.5943887421383938,0.9586534783081686,4.359665870666504,0.01284114271402359,0.002945441943251592,0.12
31,octanol_dipole,141,0.07435829937458038,0.029078777879476547,0.5908533257957831,0.9668359932681823,5.47367000579834,0.008756096474826336,0.0015996756226719683,0.04
31,octanol_dipole,142,0.07150014489889145,0.01806231401860714,0.5923060034426395,0.9521045984994609,3.3700742721557617,0.017862683162093163,0.005300382638352597,0.04
31,octanol_dipole,143,0.2576501965522766,0.02840597927570343,0.5921977248339312,0.9211558698511741,5.480504035949707,0.3310461640357971,0.060404328117318995,0.1
31,octanol_dipole,144,0.10075636953115463,0.02503134496510029,0.589968865879031,0.9578105365589364,4.737242221832275,0.015229140408337116,0.003214769204359319,0.02
31,octanol_dipole,145,0.3208827078342438,0.027261503040790558,0.5912401049235665,0.9035818537921831,5.32302188873291,0.6281615495681763,0.11800844758834977,0.14
31,octanol_dipole,146,0.08174974471330643,0.029266411438584328,0.5847291033614281,0.9413835870053551,5.419594764709473,0.06452246755361557,0.01190540443609614,0.0
31,octanol_dipole,147,0.04437271133065224,0.03483115881681442,0.5814502682615026,0.9680608648140014,6.3435893058776855,0.008197914808988571,0.0012923148731259684,0.02
31,octanol_dipole,148,0.13099566102027893,0.023186245933175087,0.5899715112508663,0.9332650884157114,4.348121166229248,0.0769394189119339,0.017694865430499685,0.04
31,octanol_dipole,149,0.16127318143844604,0.027914633974432945,0.5847608324441487,0.928408283987421,5.201328277587891,0.2976476848125458,0.05722532186539464,0.04
31,octanol_dipole,150,0.26738688349723816,0.03483320027589798,0.5882649013863614,0.8984286120774847,6.595167636871338,0.4890287518501282,0.07414955597430684,0.06
31,octanol_dipole,151,0.2908500134944916,0.0233965702354908,0.5941445363634099,0.9061649124172761,4.533154487609863,0.35698431730270386,0.07874964735449073,0.08
31,octanol_dipole,152,0.2089293897151947,0.031644660979509354,0.5854758718135735,0.917208095270656,5.924281597137451,0.3219181299209595,0.05433876237019301,0.02
31,octanol_dipole,153,0.12775802612304688,0.021857965737581253,0.5932273082190647,0.9535107166902532,4.135093688964844,0.08496503531932831,0.020547305988754507,0.04
31,octanol_dipole,154,0.16125795245170593,0.018055036664009094,0.5948759820545533,0.9395962136875777,3.4150850772857666,0.2913402318954468,0.08530980204071445,0.12
31,octanol_dipole,155,0.0746832937002182,0.03457367792725563,0.5860866899540724,0.9587041036481256,6.505688667297363,0.007843207567930222,0.0012055922084553885,0.0
31,octanol_dipole,156,0.05964893847703934,0.033064406365156174,0.5828857967041983,0.9657199685637863,6.066744327545166,0.0056267399340868,0.0009274727317153303,0.0
31,octanol_dipole,157,0.14663390815258026,0.022157924249768257,0.5918189136291094,0.9405203550495118,4.20483922958374,0.04799621179699898,0.011414517696494755,0.04
31,octanol_dipole,158,0.2782384753227234,0.02183840237557888,0.591443265104173,0.8931561468210425,4.17360258102417,0.5133877396583557,0.12300829551729248,0.1
31,octanol_dipole,159,0.12605665624141693,0.04186965152621269,0.5822836716030451,0.8933643392196453,7.81317138671875,0.3957706391811371,0.050654288712249335,0.04
31,octanol_dipole,160,0.09749848395586014,0.020205765962600708,0.5928142688083895,0.9536838673192738,3.8190975189208984,0.007719054818153381,0.002021172483789948,0.08
31,octanol_dipole,161,0.09669453650712967,0.03619769588112831,0.5822407311787972,0.9613732651188331,6.7180938720703125,0.012193857692182064,0.0018150770031476633,0.0
31,octanol_dipole,162,0.06256673485040665,0.03231683373451233,0.5856208698919674,0.9564327370464252,6.056318759918213,0.0034075300209224224,0.0005626404679149416,0.0
31,octanol_dipole,163,0.06330074369907379,0.019013166427612305,0.5930773318051077,0.9541133811379401,3.541982412338257,0.01887596771121025,0.005329209892589271,0.06
31,octanol_dipole,164,0.17567990720272064,0.04380122572183609,0.5790500657414717,0.8866207597956026,8.082773208618164,0.4889588952064514,0.06049395208628452,0.06
31,octanol_dipole,165,0.25754961371421814,0.026997214183211327,0.5932919540549122,0.921175333220998,5.2850775718688965,0.49550682306289673,0.09375582786151553,0.04
31,octanol_dipole,166,0.0673089548945427,0.03606290742754936,0.5841408675314204,0.9686611632474036,6.636070728302002,0.006640303414314985,0.0010006378301537582,0.04
31,octanol_dipole,167,0.24384862184524536,0.033405058085918427,0.5852276348095804,0.9034101680989877,6.342977046966553,0.37931007146835327,0.05980000694622621,0.16
31,octanol_dipole,168,0.12041884660720825,0.028507089242339134,0.5918302340908099,0.9416264368774729,5.351016998291016,0.17728790640830994,0.0331316283362455,0.06
31,octanol_dipole,169,0.12082838267087936,0.03862129896879196,0.582445359316264,0.9667477247292098,7.113498210906982,0.005014931783080101,0.0007049881274153985,0.04
31,octanol_dipole,170,0.04712048918008804,0.020067324861884117,0.5930619041237037,0.9608010616975153,3.7610888481140137,0.005481936037540436,0.0014575396271984736,0.06
31,octanol_dipole,171,0.23746566474437714,0.029945088550448418,0.5842608298883625,0.8825879476479221,5.594574451446533,0.5656093955039978,0.10109962793644722,0.08
31,octanol_dipole,172,0.07185415178537369,0.0432186983525753,0.581622368823721,0.9602753387716321,8.047113418579102,0.015856456011533737,0.0019704526563431423,0.0
31,octanol_dipole,173,0.05435636639595032,0.04271800443530083,0.593732011592496,0.9706141871487921,8.371456146240234,0.00786623451858759,0.0009396494924148233,0.04
31,octanol_dipole,174,0.06955315172672272,0.032062653452157974,0.5807775133843818,0.9256601408522336,5.858772277832031,0.10450515896081924,0.017837381964176655,0.0
31,octanol_dipole,175,0.07796189934015274,0.021601755172014236,0.593081178188803,0.9686458909610005,4.07807731628418,0.0058760372921824455,0.001440884229614487,0.02
31,octanol_dipole,176,0.217055082321167,0.01806163415312767,0.594185848833658,0.9293820565346838,3.394981622695923,0.2330654114484787,0.06864997733431136,0.1
31,octanol_dipole,177,0.19049857556819916,0.03618446737527847,0.5824194507872447,0.9011124081342248,6.715182781219482,0.6668775677680969,0.0993089227047058,0.06
31,octanol_dipole,178,0.10482454299926758,0.028861261904239655,0.587578585686243,0.9579146808224157,5.390456199645996,0.03586519882082939,0.006653462618467198,0.04
31,octanol_dipole,179,0.1014673188328743,0.030055778101086617,0.5881178773785283,0.9402675987049482,5.669920921325684,0.05697835609316826,0.010049232940597373,0.02
31,octanol_dipole,180,0.23397348821163177,0.020367445424199104,0.593694561917661,0.902206005487963,3.8961353302001953,0.5116263031959534,0.13131635834879085,0.1
31,octanol_dipole,181,0.06007964536547661,0.0353902205824852,0.5830670205156967,0.9663947271986175,6.556857109069824,0.0052698394283652306,0.0008037142400244904,0.0
31,octanol_dipole,182,0.06191036105155945,0.02765743061900139,0.5892565200234878,0.9671945843623058,5.178539752960205,0.012439517304301262,0.002402128379373832,0.02
31,octanol_dipole,183,0.07931166142225266,0.028248431161046028,0.5854101790756114,0.9651346666013598,5.253968238830566,0.005542165134102106,0.0010548531856628975,0.02
31,octanol_dipole,184,0.3011809289455414,0.024307990446686745,0.5916446056296043,0.8781168386503262,4.669060230255127,0.501086950302124,0.10732072956675986,0.08
31,octanol_dipole,185,0.3093858063220978,0.03372354805469513,0.584608121888462,0.8831661775104933,6.335750102996826,0.7215039134025574,0.11387821515581623,0.14
31,octanol_dipole,186,0.08003026247024536,0.02558164671063423,0.5929365073454649,0.9714169696904393,4.823126792907715,0.017422519624233246,0.003612287292519993,0.04
31,octanol_dipole,187,0.11275449395179749,0.023253045976161957,0.5928193854682295,0.9620201108003563,4.371836185455322,0.010548318736255169,0.002412789109378894,0.08
31,octanol_dipole,188,0.19351382553577423,0.04063381254673004,0.5864676426551834,0.8965406477327165,7.587006092071533,0.8143653273582458,0.10733684901205794,0.0
31,octanol_dipole,189,0.2288757562637329,0.02313334122300148,0.5931940994908427,0.8974102521957326,4.402957916259766,0.4370463490486145,0.09926198645565924,0.08
31,octanol_dipole,190,0.03340327739715576,0.0425572507083416,0.5838715065703977,0.9627980372399332,7.9831719398498535,0.0054039484821259975,0.0006769174612350432,0.02
31,octanol_dipole,191,0.14492197334766388,0.017241498455405235,0.5924148641061868,0.9547722176392015,3.225167751312256,0.05523550882935524,0.017126398714262546,0.06
31,octanol_dipole,192,0.34478524327278137,0.020866183564066887,0.5954152587131258,0.8837608559997963,4.006904602050781,0.7114536762237549,0.17755692907178885,0.2
31,octanol_dipole,193,0.04984736070036888,0.02999369613826275,0.5932223396062624,0.9526778245669643,5.613337516784668,0.03001239337027073,0.005346621912637438,0.02
31,octanol_dipole,194,0.05746832489967346,0.025475088506937027,0.5926400091639397,0.9657002464837832,4.790798664093018,0.008660170249640942,0.001807667334164723,0.06
31,octanol_dipole,195,0.026694707572460175,0.0453614741563797,0.5809695805707349,0.9780425853197261,8.339173316955566,0.005359170958399773,0.0006426501470479424,0.0
31,octanol_dipole,196,0.114647775888443,0.035281311720609665,0.5833056208922212,0.9356864069211017,6.64794921875,0.06244718283414841,0.009393450638585085,0.04
31,octanol_dipole,197,0.16339142620563507,0.020293721929192543,0.5933831120720239,0.9400600196544164,3.8375627994537354,0.12222471833229065,0.031849568259753026,0.08
31,octanol_dipole,198,0.10357490926980972,0.02706797793507576,0.5908422782213516,0.9677904467461513,5.085829257965088,0.0048105171881616116,0.0009458668280355065,0.04
31,octanol_dipole,199,0.24176570773124695,0.024224555119872093,0.5950564035048054,0.9025678758808882,4.640127182006836,0.5701598525047302,0.12287591053875778,0.04
31,octanol_dipole,200,0.05379447713494301,0.02319629304111004,0.5864074347999895,0.9563237449132844,4.281638145446777,0.0054129366762936115,0.0012642209575907041,0.02
31,octanol_dipole,201,0.10606136918067932,0.03405829519033432,0.5832776173309644,0.9337717566355583,6.294284820556641,0.08566498011350632,0.01360996245891689,0.04
31,octanol_dipole,202,0.2750815749168396,0.02320675738155842,0.5946779414146981,0.9021170372610847,4.457604885101318,0.46502381563186646,0.10432145235350906,0.06
31,octanol_dipole,203,0.15838967263698578,0.033706024289131165,0.5856973876448301,0.9078025987286968,6.299607276916504,0.2603099048137665,0.04132160837511469,0.04
31,octanol_dipole,204,0.04825370013713837,0.025529824197292328,0.5921059123756374,0.9567841601513103,4.798449516296387,0.012421421706676483,0.0025886323622851776,0.06
31,octanol_dipole,205,0.05672396346926689,0.034330036491155624,0.5846677500821353,0.9590945769355215,6.3830461502075195,0.006329307798296213,0.0009915810804674255,0.02
31,octanol_dipole,206,0.14222238957881927,0.02289636991918087,0.5943668897269492,0.9152213566727805,4.484644889831543,0.15155823528766632,0.033794924461312104,0.12
31,octanol_dipole,207,0.35693585872650146,0.026627464219927788,0.5964740806473698,0.8973334106283248,5.1353559494018555,0.5774016380310059,0.1124365367698142,0.16
31,octanol_dipole,208,0.14273662865161896,0.03361959755420685,0.5842685696875178,0.9161319086487762,6.27695369720459,0.27494487166404724,0.043802278131586755,0.02
31,octanol_dipole,209,0.06050603464245796,0.022020112723112106,0.5927893742221424,0.9582176434751661,4.176072597503662,0.0076305558905005455,0.0018272086302000294,0.04
31,octanol_dipole,210,0.0924900621175766,0.024218810722231865,0.5918143799245983,0.9701176098518138,4.546879291534424,0.007324373349547386,0.001610857223147362,0.06
31,octanol_dipole,211,0.18578433990478516,0.020652558654546738,0.594289325897706,0.9232265050718365,3.9332895278930664,0.16379769146442413,0.04164394466841223,0.04
31,octanol_dipole,212,0.07173233479261398,0.030862219631671906,0.5827318810265689,0.9699533625236301,5.711391925811768,0.00450157793238759,0.0007881752803626369,0.04
31,octanol_dipole,213,0.03780281916260719,0.04094156250357628,0.581339198139861,0.9599977002220421,7.502565383911133,0.0065179914236068726,0.0008687683598978519,0.0
31,octanol_dipole,214,0.05383777990937233,0.030470315366983414,0.5845317017010279,0.9665628883500395,5.620870113372803,0.006770143751055002,0.0012044654323087672,0.0
31,octanol_dipole,215,0.17775024473667145,0.0353863351047039,0.5868684569557108,0.9064230305651579,6.790395259857178,0.31789517402648926,0.046815415283082584,0.02
31,octanol_dipole,216,0.052103638648986816,0.014894431456923485,0.5926047018854841,0.9630820038272077,2.789905071258545,0.011412428691983223,0.004090615415396553,0.06
31,octanol_dipole,217,0.19791965186595917,0.033753134310245514,0.5841835030763101,0.8924445319514571,6.286524295806885,0.4337233006954193,0.06899254346073441,0.02
31,octanol_dipole,218,0.07025843113660812,0.02498512715101242,0.589046540079275,0.9590316080754984,4.664018630981445,0.006975920405238867,0.001495688794830335,0.04
31,octanol_dipole,219,0.3683222234249115,0.015310224145650864,0.5986038521341468,0.8874175380737326,2.9086132049560547,0.6796824932098389,0.23367922969328195,0.12
31,octanol_dipole,220,0.0649338811635971,0.02884676679968834,0.58283481221587,0.9665855216834116,5.298272609710693,0.0071068331599235535,0.0013413490930795301,0.02
31,octanol_dipole,221,0.03605153411626816,0.05020653456449509,0.5822457358377402,0.955173865209411,9.271391868591309,0.0076237209141254425,0.0008222844015419432,0.0
31,octanol_dipole,222,0.17717573046684265,0.022953366860747337,0.5941716092986804,0.9247408640279833,4.398322582244873,0.09054417163133621,0.020586068879268764,0.08
31,octanol_dipole,223,0.04327566921710968,0.032599784433841705,0.5858518641776538,0.9609627123861761,5.967717170715332,0.005432913079857826,0.0009103838074830547,0.02
31,octanol_dipole,224,0.041623905301094055,0.0475921630859375,0.5985492331155153,0.9677078610581369,9.110408782958984,0.005467995535582304,0.0006001921171539731,0.0
31,octanol_dipole,225,0.1930171251296997,0.02246612124145031,0.5937437656782432,0.9216550960429233,4.301933765411377,0.26521116495132446,0.06164929062452996,0.04
31,octanol_dipole,226,0.12342268973588943,0.01623385399580002,0.5934982657274819,0.9381160175902996,3.0208635330200195,0.028606411069631577,0.009469613822982979,0.06
31,octanol_dipole,227,0.2573431134223938,0.034517962485551834,0.5874230325121277,0.9033103455394367,6.5387444496154785,0.5615286827087402,0.08587714155762148,0.16
31,octanol_dipole,228,0.058487147092819214,0.03835064917802811,0.5833691038794928,0.951512764884956,7.1342453956604,0.009962404146790504,0.0013964201669948737,0.04
31,octanol_dipole,229,0.120191290974617,0.023248277604579926,0.5918023214859494,0.9354457238450293,4.380575656890869,0.06388702988624573,0.01458416310782081,0.0
31,octanol_dipole,230,0.06648809462785721,0.03267433121800423,0.5903301381747046,0.956392371958557,6.276628494262695,0.012682050466537476,0.0020205195318043455,0.02
31,octanol_dipole,231,0.07489068806171417,0.029883792623877525,0.5885057741959134,0.9705695261606093,5.549405097961426,0.010465116240084171,0.0018858086687397416,0.02
31,octanol_dipole,232,0.06690222769975662,0.026394063606858253,0.5931250392001195,0.9648313846749492,4.9284162521362305,0.01864783465862274,0.0037837377576497937,0.0
31,octanol_dipole,233,0.0701390951871872,0.030057132244110107,0.5870606771208646,0.9535978921576003,5.595510959625244,0.004581206478178501,0.000818728890218334,0.02
31,octanol_dipole,234,0.08426131308078766,0.03116443194448948,0.5869796299476715,0.9568852453100065,5.806291103363037,0.0060893464833498,0.0010487497741583807,0.04
31,octanol_dipole,235,0.20635534822940826,0.016207542270421982,0.5942477341916084,0.9622110937085437,3.027132034301758,0.09918594360351562,0.03276564830327726,0.12
31,octanol_dipole,236,0.1732179969549179,0.03957661613821983,0.5780962711545381,0.915754308522509,7.2676520347595215,0.32439666986465454,0.04463569090995816,0.04
31,octanol_dipole,237,0.2375263273715973,0.037158697843551636,0.5819924743611837,0.8968679846394547,6.922183990478516,0.4143131971359253,0.05985295937031063,0.14
31,octanol_dipole,238,0.09145139902830124,0.02810182422399521,0.5862764265496538,0.9509760281534025,5.208543300628662,0.021728429943323135,0.004171690372757495,0.04
31,octanol_dipole,239,0.066385418176651,0.027788158506155014,0.5867239554412409,0.9642438965593856,5.127574443817139,0.016261886805295944,0.0031714579638925824,0.02
31,octanol_dipole,240,0.36515840888023376,0.02241179533302784,0.5954922427109555,0.8921733183518139,4.328022480010986,0.5830207467079163,0.1347083453010245,0.14
31,octanol_dipole,241,0.18647654354572296,0.038140855729579926,0.5846803496235511,0.8823098203462623,7.090887546539307,0.6634572148323059,0.09356476329343354,0.06
31,octanol_dipole,242,0.15671424567699432,0.032349321991205215,0.5882552104327787,0.9330654449802722,6.047006607055664,0.10586626827716827,0.01750721888638971,0.02
31,octanol_dipole,243,0.2545751929283142,0.029320567846298218,0.5863634295466587,0.912966238611036,5.584405422210693,0.3894486129283905,0.06973859945401668,0.14
31,octanol_dipole,244,0.13810516893863678,0.026558881625533104,0.5940304040491755,0.9292939883136873,5.057499408721924,0.19632695615291595,0.03881897757898692,0.04
31,octanol_dipole,245,0.18925823271274567,0.032552510499954224,0.5814012004832523,0.8984307619949539,6.0277814865112305,0.5127085447311401,0.08505758642353946,0.02
31,octanol_dipole,246,0.16839711368083954,0.027072111144661903,0.5914469803704954,0.9174248607514937,5.127242565155029,0.17685860395431519,0.03449390226946823,0.06
31,octanol_dipole,247,0.11261625587940216,0.0278024859726429,0.5832867715723242,0.9319004850039017,5.119900703430176,0.08093495666980743,0.01580791530108846,0.0
31,octanol_dipole,248,0.08402824401855469,0.024715717881917953,0.5893897856305814,0.9741124706181195,4.594753265380859,0.007024950347840786,0.001528906981963587,0.0
31,octanol_dipole,249,0.05716456100344658,0.02366970106959343,0.587962962088008,0.9722373588250894,4.368595600128174,0.0038782504852861166,0.0008877568079710398,0.04
31,hexane_gsolv_eV,0,1.0000001192092896,0.0,0.651773417944427,0.651773417944427,,,,1.0
31,hexane_gsolv_eV,1,1.0000001192092896,0.0,0.651773417944427,0.651773417944427,,,,1.0
31,hexane_gsolv_eV,2,1.0000001192092896,0.0,0.651773417944427,0.651773417944427,,,,1.0
31,hexane_gsolv_eV,3,1.0000001192092896,0.0,0.651773417944427,0.651773417944427,,,,1.0
31,hexane_gsolv_eV,4,1.0000001192092896,0.0,0.651773417944427,0.651773417944427,,,,1.0
31,hexane_gsolv_eV,5,1.0000001192092896,0.0,0.651773417944427,0.651773417944427,,,,1.0
31,hexane_gsolv_eV,6,1.0000001192092896,0.0,0.651773417944427,0.651773417944427,,,,1.0
31,hexane_gsolv_eV,7,1.0000001192092896,0.0,0.651773417944427,0.651773417944427,,,,1.0
31,hexane_gsolv_eV,8,1.0000001192092896,0.0,0.651773417944427,0.651773417944427,,,,1.0
31,hexane_gsolv_eV,9,1.0000001192092896,0.0,0.651773417944427,0.651773417944427,,,,1.0
31,hexane_gsolv_eV,10,1.0000001192092896,0.0,0.651773417944427,0.651773417944427,,,,1.0
31,hexane_gsolv_eV,11,1.0000001192092896,0.0,0.651773417944427,0.651773417944427,,,,1.0
31,hexane_gsolv_eV,12,1.0000001192092896,0.0,0.651773417944427,0.651773417944427,,,,1.0
31,hexane_gsolv_eV,13,1.0000001192092896,0.0,0.651773417944427,0.651773417944427,,,,1.0
31,hexane_gsolv_eV,14,1.0000001192092896,0.0,0.651773417944427,0.651773417944427,,,,1.0
31,hexane_gsolv_eV,15,1.0000001192092896,0.0,0.651773417944427,0.651773417944427,,,,1.0
31,hexane_gsolv_eV,16,1.0000001192092896,0.0,0.651773417944427,0.651773417944427,,,,1.0
31,hexane_gsolv_eV,17,1.0000001192092896,0.0,0.651773417944427,0.651773417944427,,,,1.0
31,hexane_gsolv_eV,18,1.0000001192092896,0.0,0.651773417944427,0.651773417944427,,,,1.0
31,hexane_gsolv_eV,19,1.0000001192092896,0.0,0.651773417944427,0.651773417944427,,,,1.0
31,hexane_gsolv_eV,20,1.0000001192092896,0.0,0.651773417944427,0.651773417944427,,,,1.0
31,hexane_gsolv_eV,21,1.0000001192092896,0.0,0.651773417944427,0.651773417944427,,,,1.0
31,hexane_gsolv_eV,22,1.0000001192092896,0.0,0.651773417944427,0.651773417944427,,,,1.0
31,hexane_gsolv_eV,23,1.0000001192092896,0.0,0.651773417944427,0.651773417944427,,,,1.0
31,hexane_gsolv_eV,24,1.0000001192092896,0.0,0.651773417944427,0.651773417944427,,,,1.0
31,hexane_gsolv_eV,25,1.0000001192092896,0.0,0.651773417944427,0.651773417944427,,,,1.0
31,hexane_gsolv_eV,26,1.0000001192092896,0.0,0.651773417944427,0.651773417944427,,,,1.0
31,hexane_gsolv_eV,27,1.0000001192092896,0.0,0.651773417944427,0.651773417944427,,,,1.0
31,hexane_gsolv_eV,28,1.0000001192092896,0.0,0.651773417944427,0.651773417944427,,,,1.0
31,hexane_gsolv_eV,29,1.0000001192092896,0.0,0.651773417944427,0.651773417944427,,,,1.0
31,hexane_gsolv_eV,30,1.0000001192092896,0.0,0.651773417944427,0.651773417944427,,,,1.0
31,hexane_gsolv_eV,31,1.0000001192092896,0.0,0.651773417944427,0.651773417944427,,,,1.0
31,hexane_gsolv_eV,32,1.0000001192092896,0.0,0.651773417944427,0.651773417944427,,,,1.0
31,hexane_gsolv_eV,33,1.0000001192092896,0.0,0.651773417944427,0.651773417944427,,,,1.0
31,hexane_gsolv_eV,34,1.0000001192092896,0.0,0.651773417944427,0.651773417944427,,,,1.0
31,hexane_gsolv_eV,35,1.0000001192092896,0.0,0.651773417944427,0.651773417944427,,,,1.0
31,hexane_gsolv_eV,36,1.0000001192092896,0.0,0.651773417944427,0.651773417944427,,,,1.0
31,hexane_gsolv_eV,37,1.0000001192092896,0.0,0.651773417944427,0.651773417944427,,,,1.0
31,hexane_gsolv_eV,38,1.0000001192092896,0.0,0.651773417944427,0.651773417944427,,,,1.0
31,hexane_gsolv_eV,39,1.0000001192092896,0.0,0.651773417944427,0.651773417944427,,,,1.0
31,hexane_gsolv_eV,40,1.0000001192092896,0.0,0.651773417944427,0.651773417944427,,,,1.0
31,hexane_gsolv_eV,41,1.0000001192092896,0.0,0.651773417944427,0.651773417944427,,,,1.0
31,hexane_gsolv_eV,42,1.0000001192092896,0.0,0.651773417944427,0.651773417944427,,,,1.0
31,hexane_gsolv_eV,43,1.0000001192092896,0.0,0.651773417944427,0.651773417944427,,,,1.0
31,hexane_gsolv_eV,44,1.0000001192092896,0.0,0.651773417944427,0.651773417944427,,,,1.0
31,hexane_gsolv_eV,45,1.0000001192092896,0.0,0.651773417944427,0.651773417944427,,,,1.0
31,hexane_gsolv_eV,46,1.0000001192092896,0.0,0.651773417944427,0.651773417944427,,,,1.0
31,hexane_gsolv_eV,47,1.0000001192092896,0.0,0.651773417944427,0.651773417944427,,,,1.0
31,hexane_gsolv_eV,48,1.0000001192092896,0.0,0.651773417944427,0.651773417944427,,,,1.0
31,hexane_gsolv_eV,49,1.0000001192092896,0.0,0.651773417944427,0.651773417944427,,,,1.0
31,hexane_gsolv_eV,50,1.0000001192092896,0.0,0.651773417944427,0.651773417944427,,,,1.0
31,hexane_gsolv_eV,51,1.0000001192092896,0.0,0.651773417944427,0.651773417944427,,,,1.0
31,hexane_gsolv_eV,52,1.0000001192092896,0.0,0.651773417944427,0.651773417944427,,,,1.0
31,hexane_gsolv_eV,53,1.0000001192092896,0.0,0.651773417944427,0.651773417944427,,,,1.0
31,hexane_gsolv_eV,54,1.0000001192092896,0.0,0.651773417944427,0.651773417944427,,,,1.0
31,hexane_gsolv_eV,55,1.0000001192092896,0.0,0.651773417944427,0.651773417944427,,,,1.0
31,hexane_gsolv_eV,56,1.0000001192092896,0.0,0.651773417944427,0.651773417944427,,,,1.0
31,hexane_gsolv_eV,57,1.0000001192092896,0.0,0.651773417944427,0.651773417944427,,,,1.0
31,hexane_gsolv_eV,58,1.0000001192092896,0.0,0.651773417944427,0.651773417944427,,,,1.0
31,hexane_gsolv_eV,59,1.0000001192092896,0.0,0.651773417944427,0.651773417944427,,,,1.0
31,hexane_gsolv_eV,60,1.0000001192092896,0.0,0.651773417944427,0.651773417944427,,,,1.0
31,hexane_gsolv_eV,61,1.0000001192092896,0.0,0.651773417944427,0.651773417944427,,,,1.0
31,hexane_gsolv_eV,62,1.0000001192092896,0.0,0.651773417944427,0.651773417944427,,,,1.0
31,hexane_gsolv_eV,63,1.0000001192092896,0.0,0.651773417944427,0.651773417944427,,,,1.0
31,hexane_gsolv_eV,64,1.0000001192092896,0.0,0.651773417944427,0.651773417944427,,,,1.0
31,hexane_gsolv_eV,65,1.0000001192092896,0.0,0.651773417944427,0.651773417944427,,,,1.0
31,hexane_gsolv_eV,66,1.0000001192092896,0.0,0.651773417944427,0.651773417944427,,,,1.0
31,hexane_gsolv_eV,67,1.0000001192092896,0.0,0.651773417944427,0.651773417944427,,,,1.0
31,hexane_gsolv_eV,68,1.0000001192092896,0.0,0.651773417944427,0.651773417944427,,,,1.0
31,hexane_gsolv_eV,69,1.0000001192092896,0.0,0.651773417944427,0.651773417944427,,,,1.0
31,hexane_gsolv_eV,70,1.0000001192092896,0.0,0.651773417944427,0.651773417944427,,,,1.0
31,hexane_gsolv_eV,71,1.0000001192092896,0.0,0.651773417944427,0.651773417944427,,,,1.0
31,hexane_gsolv_eV,72,1.0000001192092896,0.0,0.651773417944427,0.651773417944427,,,,1.0
31,hexane_gsolv_eV,73,1.0000001192092896,0.0,0.651773417944427,0.651773417944427,,,,1.0
31,hexane_gsolv_eV,74,1.0000001192092896,0.0,0.651773417944427,0.651773417944427,,,,1.0
31,hexane_gsolv_eV,75,1.0000001192092896,0.0,0.651773417944427,0.651773417944427,,,,1.0
31,hexane_gsolv_eV,76,1.0000001192092896,0.0,0.651773417944427,0.651773417944427,,,,1.0
31,hexane_gsolv_eV,77,1.0000001192092896,0.0,0.651773417944427,0.651773417944427,,,,1.0
31,hexane_gsolv_eV,78,1.0000001192092896,0.0,0.651773417944427,0.651773417944427,,,,1.0
31,hexane_gsolv_eV,79,1.0000001192092896,0.0,0.651773417944427,0.651773417944427,,,,1.0
31,hexane_gsolv_eV,80,1.0000001192092896,0.0,0.651773417944427,0.651773417944427,,,,1.0
31,hexane_gsolv_eV,81,1.0000001192092896,0.0,0.651773417944427,0.651773417944427,,,,1.0
31,hexane_gsolv_eV,82,1.0000001192092896,0.0,0.651773417944427,0.651773417944427,,,,1.0
31,hexane_gsolv_eV,83,1.0000001192092896,0.0,0.651773417944427,0.651773417944427,,,,1.0
31,hexane_gsolv_eV,84,1.0000001192092896,0.0,0.651773417944427,0.651773417944427,,,,1.0
31,hexane_gsolv_eV,85,1.0000001192092896,0.0,0.651773417944427,0.651773417944427,,,,1.0
31,hexane_gsolv_eV,86,1.0000001192092896,0.0,0.651773417944427,0.651773417944427,,,,1.0
31,hexane_gsolv_eV,87,1.0000001192092896,0.0,0.651773417944427,0.651773417944427,,,,1.0
31,hexane_gsolv_eV,88,1.0000001192092896,0.0,0.651773417944427,0.651773417944427,,,,1.0
31,hexane_gsolv_eV,89,1.0000001192092896,0.0,0.651773417944427,0.651773417944427,,,,1.0
31,hexane_gsolv_eV,90,1.0000001192092896,0.0,0.651773417944427,0.651773417944427,,,,1.0
31,hexane_gsolv_eV,91,1.0000001192092896,0.0,0.651773417944427,0.651773417944427,,,,1.0
31,hexane_gsolv_eV,92,1.0000001192092896,0.0,0.651773417944427,0.651773417944427,,,,1.0
31,hexane_gsolv_eV,93,1.0000001192092896,0.0,0.651773417944427,0.651773417944427,,,,1.0
31,hexane_gsolv_eV,94,1.0000001192092896,0.0,0.651773417944427,0.651773417944427,,,,1.0
31,hexane_gsolv_eV,95,1.0000001192092896,0.0,0.651773417944427,0.651773417944427,,,,1.0
31,hexane_gsolv_eV,96,1.0000001192092896,0.0,0.651773417944427,0.651773417944427,,,,1.0
31,hexane_gsolv_eV,97,1.0000001192092896,0.0,0.651773417944427,0.651773417944427,,,,1.0
31,hexane_gsolv_eV,98,1.0000001192092896,0.0,0.651773417944427,0.651773417944427,,,,1.0
31,hexane_gsolv_eV,99,1.0000001192092896,0.0,0.651773417944427,0.651773417944427,,,,1.0
31,hexane_gsolv_eV,100,1.0000001192092896,0.0,0.651773417944427,0.651773417944427,,,,1.0
31,hexane_gsolv_eV,101,1.0000001192092896,0.0,0.651773417944427,0.651773417944427,,,,1.0
31,hexane_gsolv_eV,102,1.0000001192092896,0.0,0.651773417944427,0.651773417944427,,,,1.0
31,hexane_gsolv_eV,103,1.0000001192092896,0.0,0.651773417944427,0.651773417944427,,,,1.0
31,hexane_gsolv_eV,104,1.0000001192092896,0.0,0.651773417944427,0.651773417944427,,,,1.0
31,hexane_gsolv_eV,105,1.0000001192092896,0.0,0.651773417944427,0.651773417944427,,,,1.0
31,hexane_gsolv_eV,106,1.0000001192092896,0.0,0.651773417944427,0.651773417944427,,,,1.0
31,hexane_gsolv_eV,107,1.0000001192092896,0.0,0.651773417944427,0.651773417944427,,,,1.0
31,hexane_gsolv_eV,108,1.0000001192092896,0.0,0.651773417944427,0.651773417944427,,,,1.0
31,hexane_gsolv_eV,109,1.0000001192092896,0.0,0.651773417944427,0.651773417944427,,,,1.0
31,hexane_gsolv_eV,110,1.0000001192092896,0.0,0.651773417944427,0.651773417944427,,,,1.0
31,hexane_gsolv_eV,111,1.0000001192092896,0.0,0.651773417944427,0.651773417944427,,,,1.0
31,hexane_gsolv_eV,112,1.0000001192092896,0.0,0.651773417944427,0.651773417944427,,,,1.0
31,hexane_gsolv_eV,113,1.0000001192092896,0.0,0.651773417944427,0.651773417944427,,,,1.0
31,hexane_gsolv_eV,114,1.0000001192092896,0.0,0.651773417944427,0.651773417944427,,,,1.0
31,hexane_gsolv_eV,115,1.0000001192092896,0.0,0.651773417944427,0.651773417944427,,,,1.0
31,hexane_gsolv_eV,116,1.0000001192092896,0.0,0.651773417944427,0.651773417944427,,,,1.0
31,hexane_gsolv_eV,117,1.0000001192092896,0.0,0.651773417944427,0.651773417944427,,,,1.0
31,hexane_gsolv_eV,118,1.0000001192092896,0.0,0.651773417944427,0.651773417944427,,,,1.0
31,hexane_gsolv_eV,119,1.0000001192092896,0.0,0.651773417944427,0.651773417944427,,,,1.0
31,hexane_gsolv_eV,120,1.0000001192092896,0.0,0.651773417944427,0.651773417944427,,,,1.0
31,hexane_gsolv_eV,121,1.0000001192092896,0.0,0.651773417944427,0.651773417944427,,,,1.0
31,hexane_gsolv_eV,122,1.0000001192092896,0.0,0.651773417944427,0.651773417944427,,,,1.0
31,hexane_gsolv_eV,123,1.0000001192092896,0.0,0.651773417944427,0.651773417944427,,,,1.0
31,hexane_gsolv_eV,124,1.0000001192092896,0.0,0.651773417944427,0.651773417944427,,,,1.0
31,hexane_gsolv_eV,125,1.0000001192092896,0.0,0.651773417944427,0.651773417944427,,,,1.0
31,hexane_gsolv_eV,126,1.0000001192092896,0.0,0.651773417944427,0.651773417944427,,,,1.0
31,hexane_gsolv_eV,127,1.0000001192092896,0.0,0.651773417944427,0.651773417944427,,,,1.0
31,hexane_gsolv_eV,128,1.0000001192092896,0.0,0.651773417944427,0.651773417944427,,,,1.0
31,hexane_gsolv_eV,129,1.0000001192092896,0.0,0.651773417944427,0.651773417944427,,,,1.0
31,hexane_gsolv_eV,130,1.0000001192092896,0.0,0.651773417944427,0.651773417944427,,,,1.0
31,hexane_gsolv_eV,131,1.0000001192092896,0.0,0.651773417944427,0.651773417944427,,,,1.0
31,hexane_gsolv_eV,132,1.0000001192092896,0.0,0.651773417944427,0.651773417944427,,,,1.0
31,hexane_gsolv_eV,133,1.0000001192092896,0.0,0.651773417944427,0.651773417944427,,,,1.0
31,hexane_gsolv_eV,134,1.0000001192092896,0.0,0.651773417944427,0.651773417944427,,,,1.0
31,hexane_gsolv_eV,135,1.0000001192092896,0.0,0.651773417944427,0.651773417944427,,,,1.0
31,hexane_gsolv_eV,136,1.0000001192092896,0.0,0.651773417944427,0.651773417944427,,,,1.0
31,hexane_gsolv_eV,137,1.0000001192092896,0.0,0.651773417944427,0.651773417944427,,,,1.0
31,hexane_gsolv_eV,138,1.0000001192092896,0.0,0.651773417944427,0.651773417944427,,,,1.0
31,hexane_gsolv_eV,139,1.0000001192092896,0.0,0.651773417944427,0.651773417944427,,,,1.0
31,hexane_gsolv_eV,140,1.0000001192092896,0.0,0.651773417944427,0.651773417944427,,,,1.0
31,hexane_gsolv_eV,141,1.0000001192092896,0.0,0.651773417944427,0.651773417944427,,,,1.0
31,hexane_gsolv_eV,142,1.0000001192092896,0.0,0.651773417944427,0.651773417944427,,,,1.0
31,hexane_gsolv_eV,143,1.0000001192092896,0.0,0.651773417944427,0.651773417944427,,,,1.0
31,hexane_gsolv_eV,144,1.0000001192092896,0.0,0.651773417944427,0.651773417944427,,,,1.0
31,hexane_gsolv_eV,145,1.0000001192092896,0.0,0.651773417944427,0.651773417944427,,,,1.0
31,hexane_gsolv_eV,146,1.0000001192092896,0.0,0.651773417944427,0.651773417944427,,,,1.0
31,hexane_gsolv_eV,147,1.0000001192092896,0.0,0.651773417944427,0.651773417944427,,,,1.0
31,hexane_gsolv_eV,148,1.0000001192092896,0.0,0.651773417944427,0.651773417944427,,,,1.0
31,hexane_gsolv_eV,149,1.0000001192092896,0.0,0.651773417944427,0.651773417944427,,,,1.0
31,hexane_gsolv_eV,150,1.0000001192092896,0.0,0.651773417944427,0.651773417944427,,,,1.0
31,hexane_gsolv_eV,151,1.0000001192092896,0.0,0.651773417944427,0.651773417944427,,,,1.0
31,hexane_gsolv_eV,152,1.0000001192092896,0.0,0.651773417944427,0.651773417944427,,,,1.0
31,hexane_gsolv_eV,153,1.0000001192092896,0.0,0.651773417944427,0.651773417944427,,,,1.0
31,hexane_gsolv_eV,154,1.0000001192092896,0.0,0.651773417944427,0.651773417944427,,,,1.0
31,hexane_gsolv_eV,155,1.0000001192092896,0.0,0.651773417944427,0.651773417944427,,,,1.0
31,hexane_gsolv_eV,156,1.0000001192092896,0.0,0.651773417944427,0.651773417944427,,,,1.0
31,hexane_gsolv_eV,157,1.0000001192092896,0.0,0.651773417944427,0.651773417944427,,,,1.0
31,hexane_gsolv_eV,158,1.0000001192092896,0.0,0.651773417944427,0.651773417944427,,,,1.0
31,hexane_gsolv_eV,159,1.0000001192092896,0.0,0.651773417944427,0.651773417944427,,,,1.0
31,hexane_gsolv_eV,160,1.0000001192092896,0.0,0.651773417944427,0.651773417944427,,,,1.0
31,hexane_gsolv_eV,161,1.0000001192092896,0.0,0.651773417944427,0.651773417944427,,,,1.0
31,hexane_gsolv_eV,162,1.0000001192092896,0.0,0.651773417944427,0.651773417944427,,,,1.0
31,hexane_gsolv_eV,163,1.0000001192092896,0.0,0.651773417944427,0.651773417944427,,,,1.0
31,hexane_gsolv_eV,164,1.0000001192092896,0.0,0.651773417944427,0.651773417944427,,,,1.0
31,hexane_gsolv_eV,165,1.0000001192092896,0.0,0.651773417944427,0.651773417944427,,,,1.0
31,hexane_gsolv_eV,166,1.0000001192092896,0.0,0.651773417944427,0.651773417944427,,,,1.0
31,hexane_gsolv_eV,167,1.0000001192092896,0.0,0.651773417944427,0.651773417944427,,,,1.0
31,hexane_gsolv_eV,168,1.0000001192092896,0.0,0.651773417944427,0.651773417944427,,,,1.0
31,hexane_gsolv_eV,169,1.0000001192092896,0.0,0.651773417944427,0.651773417944427,,,,1.0
31,hexane_gsolv_eV,170,1.0000001192092896,0.0,0.651773417944427,0.651773417944427,,,,1.0
31,hexane_gsolv_eV,171,1.0000001192092896,0.0,0.651773417944427,0.651773417944427,,,,1.0
31,hexane_gsolv_eV,172,1.0000001192092896,0.0,0.651773417944427,0.651773417944427,,,,1.0
31,hexane_gsolv_eV,173,1.0000001192092896,0.0,0.651773417944427,0.651773417944427,,,,1.0
31,hexane_gsolv_eV,174,1.0000001192092896,0.0,0.651773417944427,0.651773417944427,,,,1.0
31,hexane_gsolv_eV,175,1.0000001192092896,0.0,0.651773417944427,0.651773417944427,,,,1.0
31,hexane_gsolv_eV,176,1.0000001192092896,0.0,0.651773417944427,0.651773417944427,,,,1.0
31,hexane_gsolv_eV,177,1.0000001192092896,0.0,0.651773417944427,0.651773417944427,,,,1.0
31,hexane_gsolv_eV,178,1.0000001192092896,0.0,0.651773417944427,0.651773417944427,,,,1.0
31,hexane_gsolv_eV,179,1.0000001192092896,0.0,0.651773417944427,0.651773417944427,,,,1.0
31,hexane_gsolv_eV,180,1.0000001192092896,0.0,0.651773417944427,0.651773417944427,,,,1.0
31,hexane_gsolv_eV,181,1.0000001192092896,0.0,0.651773417944427,0.651773417944427,,,,1.0
31,hexane_gsolv_eV,182,1.0000001192092896,0.0,0.651773417944427,0.651773417944427,,,,1.0
31,hexane_gsolv_eV,183,1.0000001192092896,0.0,0.651773417944427,0.651773417944427,,,,1.0
31,hexane_gsolv_eV,184,1.0000001192092896,0.0,0.651773417944427,0.651773417944427,,,,1.0
31,hexane_gsolv_eV,185,1.0000001192092896,0.0,0.651773417944427,0.651773417944427,,,,1.0
31,hexane_gsolv_eV,186,1.0000001192092896,0.0,0.651773417944427,0.651773417944427,,,,1.0
31,hexane_gsolv_eV,187,1.0000001192092896,0.0,0.651773417944427,0.651773417944427,,,,1.0
31,hexane_gsolv_eV,188,1.0000001192092896,0.0,0.651773417944427,0.651773417944427,,,,1.0
31,hexane_gsolv_eV,189,1.0000001192092896,0.0,0.651773417944427,0.651773417944427,,,,1.0
31,hexane_gsolv_eV,190,1.0000001192092896,0.0,0.651773417944427,0.651773417944427,,,,1.0
31,hexane_gsolv_eV,191,1.0000001192092896,0.0,0.651773417944427,0.651773417944427,,,,1.0
31,hexane_gsolv_eV,192,1.0000001192092896,0.0,0.651773417944427,0.651773417944427,,,,1.0
31,hexane_gsolv_eV,193,1.0000001192092896,0.0,0.651773417944427,0.651773417944427,,,,1.0
31,hexane_gsolv_eV,194,1.0000001192092896,0.0,0.651773417944427,0.651773417944427,,,,1.0
31,hexane_gsolv_eV,195,1.0000001192092896,0.0,0.651773417944427,0.651773417944427,,,,1.0
31,hexane_gsolv_eV,196,1.0000001192092896,0.0,0.651773417944427,0.651773417944427,,,,1.0
31,hexane_gsolv_eV,197,1.0000001192092896,0.0,0.651773417944427,0.651773417944427,,,,1.0
31,hexane_gsolv_eV,198,1.0000001192092896,0.0,0.651773417944427,0.651773417944427,,,,1.0
31,hexane_gsolv_eV,199,1.0000001192092896,0.0,0.651773417944427,0.651773417944427,,,,1.0
31,hexane_gsolv_eV,200,1.0000001192092896,0.0,0.651773417944427,0.651773417944427,,,,1.0
31,hexane_gsolv_eV,201,1.0000001192092896,0.0,0.651773417944427,0.651773417944427,,,,1.0
31,hexane_gsolv_eV,202,1.0000001192092896,0.0,0.651773417944427,0.651773417944427,,,,1.0
31,hexane_gsolv_eV,203,1.0000001192092896,0.0,0.651773417944427,0.651773417944427,,,,1.0
31,hexane_gsolv_eV,204,1.0000001192092896,0.0,0.651773417944427,0.651773417944427,,,,1.0
31,hexane_gsolv_eV,205,1.0000001192092896,0.0,0.651773417944427,0.651773417944427,,,,1.0
31,hexane_gsolv_eV,206,1.0000001192092896,0.0,0.651773417944427,0.651773417944427,,,,1.0
31,hexane_gsolv_eV,207,1.0000001192092896,0.0,0.651773417944427,0.651773417944427,,,,1.0
31,hexane_gsolv_eV,208,1.0000001192092896,0.0,0.651773417944427,0.651773417944427,,,,1.0
31,hexane_gsolv_eV,209,1.0000001192092896,0.0,0.651773417944427,0.651773417944427,,,,1.0
31,hexane_gsolv_eV,210,1.0000001192092896,0.0,0.651773417944427,0.651773417944427,,,,1.0
31,hexane_gsolv_eV,211,1.0000001192092896,0.0,0.651773417944427,0.651773417944427,,,,1.0
31,hexane_gsolv_eV,212,1.0000001192092896,0.0,0.651773417944427,0.651773417944427,,,,1.0
31,hexane_gsolv_eV,213,1.0000001192092896,0.0,0.651773417944427,0.651773417944427,,,,1.0
31,hexane_gsolv_eV,214,1.0000001192092896,0.0,0.651773417944427,0.651773417944427,,,,1.0
31,hexane_gsolv_eV,215,1.0000001192092896,0.0,0.651773417944427,0.651773417944427,,,,1.0
31,hexane_gsolv_eV,216,1.0000001192092896,0.0,0.651773417944427,0.651773417944427,,,,1.0
31,hexane_gsolv_eV,217,1.0000001192092896,0.0,0.651773417944427,0.651773417944427,,,,1.0
31,hexane_gsolv_eV,218,1.0000001192092896,0.0,0.651773417944427,0.651773417944427,,,,1.0
31,hexane_gsolv_eV,219,1.0000001192092896,0.0,0.651773417944427,0.651773417944427,,,,1.0
31,hexane_gsolv_eV,220,1.0000001192092896,0.0,0.651773417944427,0.651773417944427,,,,1.0
31,hexane_gsolv_eV,221,1.0000001192092896,0.0,0.651773417944427,0.651773417944427,,,,1.0
31,hexane_gsolv_eV,222,1.0000001192092896,0.0,0.651773417944427,0.651773417944427,,,,1.0
31,hexane_gsolv_eV,223,1.0000001192092896,0.0,0.651773417944427,0.651773417944427,,,,1.0
31,hexane_gsolv_eV,224,1.0000001192092896,0.0,0.651773417944427,0.651773417944427,,,,1.0
31,hexane_gsolv_eV,225,1.0000001192092896,0.0,0.651773417944427,0.651773417944427,,,,1.0
31,hexane_gsolv_eV,226,1.0000001192092896,0.0,0.651773417944427,0.651773417944427,,,,1.0
31,hexane_gsolv_eV,227,1.0000001192092896,0.0,0.651773417944427,0.651773417944427,,,,1.0
31,hexane_gsolv_eV,228,1.0000001192092896,0.0,0.651773417944427,0.651773417944427,,,,1.0
31,hexane_gsolv_eV,229,1.0000001192092896,0.0,0.651773417944427,0.651773417944427,,,,1.0
31,hexane_gsolv_eV,230,1.0000001192092896,0.0,0.651773417944427,0.651773417944427,,,,1.0
31,hexane_gsolv_eV,231,1.0000001192092896,0.0,0.651773417944427,0.651773417944427,,,,1.0
31,hexane_gsolv_eV,232,1.0000001192092896,0.0,0.651773417944427,0.651773417944427,,,,1.0
31,hexane_gsolv_eV,233,1.0000001192092896,0.0,0.651773417944427,0.651773417944427,,,,1.0
31,hexane_gsolv_eV,234,1.0000001192092896,0.0,0.651773417944427,0.651773417944427,,,,1.0
31,hexane_gsolv_eV,235,1.0000001192092896,0.0,0.651773417944427,0.651773417944427,,,,1.0
31,hexane_gsolv_eV,236,1.0000001192092896,0.0,0.651773417944427,0.651773417944427,,,,1.0
31,hexane_gsolv_eV,237,1.0000001192092896,0.0,0.651773417944427,0.651773417944427,,,,1.0
31,hexane_gsolv_eV,238,1.0000001192092896,0.0,0.651773417944427,0.651773417944427,,,,1.0
31,hexane_gsolv_eV,239,1.0000001192092896,0.0,0.651773417944427,0.651773417944427,,,,1.0
31,hexane_gsolv_eV,240,1.0000001192092896,0.0,0.651773417944427,0.651773417944427,,,,1.0
31,hexane_gsolv_eV,241,1.0000001192092896,0.0,0.651773417944427,0.651773417944427,,,,1.0
31,hexane_gsolv_eV,242,1.0000001192092896,0.0,0.651773417944427,0.651773417944427,,,,1.0
31,hexane_gsolv_eV,243,1.0000001192092896,0.0,0.651773417944427,0.651773417944427,,,,1.0
31,hexane_gsolv_eV,244,1.0000001192092896,0.0,0.651773417944427,0.651773417944427,,,,1.0
31,hexane_gsolv_eV,245,1.0000001192092896,0.0,0.651773417944427,0.651773417944427,,,,1.0
31,hexane_gsolv_eV,246,1.0000001192092896,0.0,0.651773417944427,0.651773417944427,,,,1.0
31,hexane_gsolv_eV,247,1.0000001192092896,0.0,0.651773417944427,0.651773417944427,,,,1.0
31,hexane_gsolv_eV,248,1.0000001192092896,0.0,0.651773417944427,0.651773417944427,,,,1.0
31,hexane_gsolv_eV,249,1.0000001192092896,0.0,0.651773417944427,0.651773417944427,,,,1.0
31,hexane_hl_gap_eV,0,1.0,0.0,0.7072494100734661,0.7072494100734661,,,,1.0
31,hexane_hl_gap_eV,1,1.0,0.0,0.7072494100734661,0.7072494100734661,,,,1.0
31,hexane_hl_gap_eV,2,1.0,0.0,0.7072494100734661,0.7072494100734661,,,,1.0
31,hexane_hl_gap_eV,3,1.0,0.0,0.7072494100734661,0.7072494100734661,,,,1.0
31,hexane_hl_gap_eV,4,1.0,0.0,0.7072494100734661,0.7072494100734661,,,,1.0
31,hexane_hl_gap_eV,5,1.0,0.0,0.7072494100734661,0.7072494100734661,,,,1.0
31,hexane_hl_gap_eV,6,1.0,0.0,0.7072494100734661,0.7072494100734661,,,,1.0
31,hexane_hl_gap_eV,7,1.0,0.0,0.7072494100734661,0.7072494100734661,,,,1.0
31,hexane_hl_gap_eV,8,1.0,0.0,0.7072494100734661,0.7072494100734661,,,,1.0
31,hexane_hl_gap_eV,9,1.0,0.0,0.7072494100734661,0.7072494100734661,,,,1.0
31,hexane_hl_gap_eV,10,1.0,0.0,0.7072494100734661,0.7072494100734661,,,,1.0
31,hexane_hl_gap_eV,11,1.0,0.0,0.7072494100734661,0.7072494100734661,,,,1.0
31,hexane_hl_gap_eV,12,1.0,0.0,0.7072494100734661,0.7072494100734661,,,,1.0
31,hexane_hl_gap_eV,13,1.0,0.0,0.7072494100734661,0.7072494100734661,,,,1.0
31,hexane_hl_gap_eV,14,1.0,0.0,0.7072494100734661,0.7072494100734661,,,,1.0
31,hexane_hl_gap_eV,15,1.0,0.0,0.7072494100734661,0.7072494100734661,,,,1.0
31,hexane_hl_gap_eV,16,1.0,0.0,0.7072494100734661,0.7072494100734661,,,,1.0
31,hexane_hl_gap_eV,17,1.0,0.0,0.7072494100734661,0.7072494100734661,,,,1.0
31,hexane_hl_gap_eV,18,1.0,0.0,0.7072494100734661,0.7072494100734661,,,,1.0
31,hexane_hl_gap_eV,19,1.0,0.0,0.7072494100734661,0.7072494100734661,,,,1.0
31,hexane_hl_gap_eV,20,1.0,0.0,0.7072494100734661,0.7072494100734661,,,,1.0
31,hexane_hl_gap_eV,21,1.0,0.0,0.7072494100734661,0.7072494100734661,,,,1.0
31,hexane_hl_gap_eV,22,1.0,0.0,0.7072494100734661,0.7072494100734661,,,,1.0
31,hexane_hl_gap_eV,23,1.0,0.0,0.7072494100734661,0.7072494100734661,,,,1.0
31,hexane_hl_gap_eV,24,1.0,0.0,0.7072494100734661,0.7072494100734661,,,,1.0
31,hexane_hl_gap_eV,25,1.0,0.0,0.7072494100734661,0.7072494100734661,,,,1.0
31,hexane_hl_gap_eV,26,1.0,0.0,0.7072494100734661,0.7072494100734661,,,,1.0
31,hexane_hl_gap_eV,27,1.0,0.0,0.7072494100734661,0.7072494100734661,,,,1.0
31,hexane_hl_gap_eV,28,1.0,0.0,0.7072494100734661,0.7072494100734661,,,,1.0
31,hexane_hl_gap_eV,29,1.0,0.0,0.7072494100734661,0.7072494100734661,,,,1.0
31,hexane_hl_gap_eV,30,1.0,0.0,0.7072494100734661,0.7072494100734661,,,,1.0
31,hexane_hl_gap_eV,31,1.0,0.0,0.7072494100734661,0.7072494100734661,,,,1.0
31,hexane_hl_gap_eV,32,1.0,0.0,0.7072494100734661,0.7072494100734661,,,,1.0
31,hexane_hl_gap_eV,33,1.0,0.0,0.7072494100734661,0.7072494100734661,,,,1.0
31,hexane_hl_gap_eV,34,1.0,0.0,0.7072494100734661,0.7072494100734661,,,,1.0
31,hexane_hl_gap_eV,35,1.0,0.0,0.7072494100734661,0.7072494100734661,,,,1.0
31,hexane_hl_gap_eV,36,1.0,0.0,0.7072494100734661,0.7072494100734661,,,,1.0
31,hexane_hl_gap_eV,37,1.0,0.0,0.7072494100734661,0.7072494100734661,,,,1.0
31,hexane_hl_gap_eV,38,1.0,0.0,0.7072494100734661,0.7072494100734661,,,,1.0
31,hexane_hl_gap_eV,39,1.0,0.0,0.7072494100734661,0.7072494100734661,,,,1.0
31,hexane_hl_gap_eV,40,1.0,0.0,0.7072494100734661,0.7072494100734661,,,,1.0
31,hexane_hl_gap_eV,41,1.0,0.0,0.7072494100734661,0.7072494100734661,,,,1.0
31,hexane_hl_gap_eV,42,1.0,0.0,0.7072494100734661,0.7072494100734661,,,,1.0
31,hexane_hl_gap_eV,43,1.0,0.0,0.7072494100734661,0.7072494100734661,,,,1.0
31,hexane_hl_gap_eV,44,1.0,0.0,0.7072494100734661,0.7072494100734661,,,,1.0
31,hexane_hl_gap_eV,45,1.0,0.0,0.7072494100734661,0.7072494100734661,,,,1.0
31,hexane_hl_gap_eV,46,1.0,0.0,0.7072494100734661,0.7072494100734661,,,,1.0
31,hexane_hl_gap_eV,47,1.0,0.0,0.7072494100734661,0.7072494100734661,,,,1.0
31,hexane_hl_gap_eV,48,1.0,0.0,0.7072494100734661,0.7072494100734661,,,,1.0
31,hexane_hl_gap_eV,49,1.0,0.0,0.7072494100734661,0.7072494100734661,,,,1.0
31,hexane_hl_gap_eV,50,1.0,0.0,0.7072494100734661,0.7072494100734661,,,,1.0
31,hexane_hl_gap_eV,51,1.0,0.0,0.7072494100734661,0.7072494100734661,,,,1.0
31,hexane_hl_gap_eV,52,1.0,0.0,0.7072494100734661,0.7072494100734661,,,,1.0
31,hexane_hl_gap_eV,53,1.0,0.0,0.7072494100734661,0.7072494100734661,,,,1.0
31,hexane_hl_gap_eV,54,1.0,0.0,0.7072494100734661,0.7072494100734661,,,,1.0
31,hexane_hl_gap_eV,55,1.0,0.0,0.7072494100734661,0.7072494100734661,,,,1.0
31,hexane_hl_gap_eV,56,1.0,0.0,0.7072494100734661,0.7072494100734661,,,,1.0
31,hexane_hl_gap_eV,57,1.0,0.0,0.7072494100734661,0.7072494100734661,,,,1.0
31,hexane_hl_gap_eV,58,1.0,0.0,0.7072494100734661,0.7072494100734661,,,,1.0
31,hexane_hl_gap_eV,59,1.0,0.0,0.7072494100734661,0.7072494100734661,,,,1.0
31,hexane_hl_gap_eV,60,1.0,0.0,0.7072494100734661,0.7072494100734661,,,,1.0
31,hexane_hl_gap_eV,61,1.0,0.0,0.7072494100734661,0.7072494100734661,,,,1.0
31,hexane_hl_gap_eV,62,1.0,0.0,0.7072494100734661,0.7072494100734661,,,,1.0
31,hexane_hl_gap_eV,63,1.0,0.0,0.7072494100734661,0.7072494100734661,,,,1.0
31,hexane_hl_gap_eV,64,1.0,0.0,0.7072494100734661,0.7072494100734661,,,,1.0
31,hexane_hl_gap_eV,65,1.0,0.0,0.7072494100734661,0.7072494100734661,,,,1.0
31,hexane_hl_gap_eV,66,1.0,0.0,0.7072494100734661,0.7072494100734661,,,,1.0
31,hexane_hl_gap_eV,67,1.0,0.0,0.7072494100734661,0.7072494100734661,,,,1.0
31,hexane_hl_gap_eV,68,1.0,0.0,0.7072494100734661,0.7072494100734661,,,,1.0
31,hexane_hl_gap_eV,69,1.0,0.0,0.7072494100734661,0.7072494100734661,,,,1.0
31,hexane_hl_gap_eV,70,1.0,0.0,0.7072494100734661,0.7072494100734661,,,,1.0
31,hexane_hl_gap_eV,71,1.0,0.0,0.7072494100734661,0.7072494100734661,,,,1.0
31,hexane_hl_gap_eV,72,1.0,0.0,0.7072494100734661,0.7072494100734661,,,,1.0
31,hexane_hl_gap_eV,73,1.0,0.0,0.7072494100734661,0.7072494100734661,,,,1.0
31,hexane_hl_gap_eV,74,1.0,0.0,0.7072494100734661,0.7072494100734661,,,,1.0
31,hexane_hl_gap_eV,75,1.0,0.0,0.7072494100734661,0.7072494100734661,,,,1.0
31,hexane_hl_gap_eV,76,1.0,0.0,0.7072494100734661,0.7072494100734661,,,,1.0
31,hexane_hl_gap_eV,77,1.0,0.0,0.7072494100734661,0.7072494100734661,,,,1.0
31,hexane_hl_gap_eV,78,1.0,0.0,0.7072494100734661,0.7072494100734661,,,,1.0
31,hexane_hl_gap_eV,79,1.0,0.0,0.7072494100734661,0.7072494100734661,,,,1.0
31,hexane_hl_gap_eV,80,1.0,0.0,0.7072494100734661,0.7072494100734661,,,,1.0
31,hexane_hl_gap_eV,81,1.0,0.0,0.7072494100734661,0.7072494100734661,,,,1.0
31,hexane_hl_gap_eV,82,1.0,0.0,0.7072494100734661,0.7072494100734661,,,,1.0
31,hexane_hl_gap_eV,83,1.0,0.0,0.7072494100734661,0.7072494100734661,,,,1.0
31,hexane_hl_gap_eV,84,1.0,0.0,0.7072494100734661,0.7072494100734661,,,,1.0
31,hexane_hl_gap_eV,85,1.0,0.0,0.7072494100734661,0.7072494100734661,,,,1.0
31,hexane_hl_gap_eV,86,1.0,0.0,0.7072494100734661,0.7072494100734661,,,,1.0
31,hexane_hl_gap_eV,87,1.0,0.0,0.7072494100734661,0.7072494100734661,,,,1.0
31,hexane_hl_gap_eV,88,1.0,0.0,0.7072494100734661,0.7072494100734661,,,,1.0
31,hexane_hl_gap_eV,89,1.0,0.0,0.7072494100734661,0.7072494100734661,,,,1.0
31,hexane_hl_gap_eV,90,1.0,0.0,0.7072494100734661,0.7072494100734661,,,,1.0
31,hexane_hl_gap_eV,91,1.0,0.0,0.7072494100734661,0.7072494100734661,,,,1.0
31,hexane_hl_gap_eV,92,1.0,0.0,0.7072494100734661,0.7072494100734661,,,,1.0
31,hexane_hl_gap_eV,93,1.0,0.0,0.7072494100734661,0.7072494100734661,,,,1.0
31,hexane_hl_gap_eV,94,1.0,0.0,0.7072494100734661,0.7072494100734661,,,,1.0
31,hexane_hl_gap_eV,95,1.0,0.0,0.7072494100734661,0.7072494100734661,,,,1.0
31,hexane_hl_gap_eV,96,1.0,0.0,0.7072494100734661,0.7072494100734661,,,,1.0
31,hexane_hl_gap_eV,97,1.0,0.0,0.7072494100734661,0.7072494100734661,,,,1.0
31,hexane_hl_gap_eV,98,1.0,0.0,0.7072494100734661,0.7072494100734661,,,,1.0
31,hexane_hl_gap_eV,99,1.0,0.0,0.7072494100734661,0.7072494100734661,,,,1.0
31,hexane_hl_gap_eV,100,1.0,0.0,0.7072494100734661,0.7072494100734661,,,,1.0
31,hexane_hl_gap_eV,101,1.0,0.0,0.7072494100734661,0.7072494100734661,,,,1.0
31,hexane_hl_gap_eV,102,1.0,0.0,0.7072494100734661,0.7072494100734661,,,,1.0
31,hexane_hl_gap_eV,103,1.0,0.0,0.7072494100734661,0.7072494100734661,,,,1.0
31,hexane_hl_gap_eV,104,1.0,0.0,0.7072494100734661,0.7072494100734661,,,,1.0
31,hexane_hl_gap_eV,105,1.0,0.0,0.7072494100734661,0.7072494100734661,,,,1.0
31,hexane_hl_gap_eV,106,1.0,0.0,0.7072494100734661,0.7072494100734661,,,,1.0
31,hexane_hl_gap_eV,107,1.0,0.0,0.7072494100734661,0.7072494100734661,,,,1.0
31,hexane_hl_gap_eV,108,1.0,0.0,0.7072494100734661,0.7072494100734661,,,,1.0
31,hexane_hl_gap_eV,109,1.0,0.0,0.7072494100734661,0.7072494100734661,,,,1.0
31,hexane_hl_gap_eV,110,1.0,0.0,0.7072494100734661,0.7072494100734661,,,,1.0
31,hexane_hl_gap_eV,111,1.0,0.0,0.7072494100734661,0.7072494100734661,,,,1.0
31,hexane_hl_gap_eV,112,1.0,0.0,0.7072494100734661,0.7072494100734661,,,,1.0
31,hexane_hl_gap_eV,113,1.0,0.0,0.7072494100734661,0.7072494100734661,,,,1.0
31,hexane_hl_gap_eV,114,1.0,0.0,0.7072494100734661,0.7072494100734661,,,,1.0
31,hexane_hl_gap_eV,115,1.0,0.0,0.7072494100734661,0.7072494100734661,,,,1.0
31,hexane_hl_gap_eV,116,1.0,0.0,0.7072494100734661,0.7072494100734661,,,,1.0
31,hexane_hl_gap_eV,117,1.0,0.0,0.7072494100734661,0.7072494100734661,,,,1.0
31,hexane_hl_gap_eV,118,1.0,0.0,0.7072494100734661,0.7072494100734661,,,,1.0
31,hexane_hl_gap_eV,119,1.0,0.0,0.7072494100734661,0.7072494100734661,,,,1.0
31,hexane_hl_gap_eV,120,1.0,0.0,0.7072494100734661,0.7072494100734661,,,,1.0
31,hexane_hl_gap_eV,121,1.0,0.0,0.7072494100734661,0.7072494100734661,,,,1.0
31,hexane_hl_gap_eV,122,1.0,0.0,0.7072494100734661,0.7072494100734661,,,,1.0
31,hexane_hl_gap_eV,123,1.0,0.0,0.7072494100734661,0.7072494100734661,,,,1.0
31,hexane_hl_gap_eV,124,1.0,0.0,0.7072494100734661,0.7072494100734661,,,,1.0
31,hexane_hl_gap_eV,125,1.0,0.0,0.7072494100734661,0.7072494100734661,,,,1.0
31,hexane_hl_gap_eV,126,1.0,0.0,0.7072494100734661,0.7072494100734661,,,,1.0
31,hexane_hl_gap_eV,127,1.0,0.0,0.7072494100734661,0.7072494100734661,,,,1.0
31,hexane_hl_gap_eV,128,1.0,0.0,0.7072494100734661,0.7072494100734661,,,,1.0
31,hexane_hl_gap_eV,129,1.0,0.0,0.7072494100734661,0.7072494100734661,,,,1.0
31,hexane_hl_gap_eV,130,1.0,0.0,0.7072494100734661,0.7072494100734661,,,,1.0
31,hexane_hl_gap_eV,131,1.0,0.0,0.7072494100734661,0.7072494100734661,,,,1.0
31,hexane_hl_gap_eV,132,1.0,0.0,0.7072494100734661,0.7072494100734661,,,,1.0
31,hexane_hl_gap_eV,133,1.0,0.0,0.7072494100734661,0.7072494100734661,,,,1.0
31,hexane_hl_gap_eV,134,1.0,0.0,0.7072494100734661,0.7072494100734661,,,,1.0
31,hexane_hl_gap_eV,135,1.0,0.0,0.7072494100734661,0.7072494100734661,,,,1.0
31,hexane_hl_gap_eV,136,1.0,0.0,0.7072494100734661,0.7072494100734661,,,,1.0
31,hexane_hl_gap_eV,137,1.0,0.0,0.7072494100734661,0.7072494100734661,,,,1.0
31,hexane_hl_gap_eV,138,1.0,0.0,0.7072494100734661,0.7072494100734661,,,,1.0
31,hexane_hl_gap_eV,139,1.0,0.0,0.7072494100734661,0.7072494100734661,,,,1.0
31,hexane_hl_gap_eV,140,1.0,0.0,0.7072494100734661,0.7072494100734661,,,,1.0
31,hexane_hl_gap_eV,141,1.0,0.0,0.7072494100734661,0.7072494100734661,,,,1.0
31,hexane_hl_gap_eV,142,1.0,0.0,0.7072494100734661,0.7072494100734661,,,,1.0
31,hexane_hl_gap_eV,143,1.0,0.0,0.7072494100734661,0.7072494100734661,,,,1.0
31,hexane_hl_gap_eV,144,1.0,0.0,0.7072494100734661,0.7072494100734661,,,,1.0
31,hexane_hl_gap_eV,145,1.0,0.0,0.7072494100734661,0.7072494100734661,,,,1.0
31,hexane_hl_gap_eV,146,1.0,0.0,0.7072494100734661,0.7072494100734661,,,,1.0
31,hexane_hl_gap_eV,147,1.0,0.0,0.7072494100734661,0.7072494100734661,,,,1.0
31,hexane_hl_gap_eV,148,1.0,0.0,0.7072494100734661,0.7072494100734661,,,,1.0
31,hexane_hl_gap_eV,149,1.0,0.0,0.7072494100734661,0.7072494100734661,,,,1.0
31,hexane_hl_gap_eV,150,1.0,0.0,0.7072494100734661,0.7072494100734661,,,,1.0
31,hexane_hl_gap_eV,151,1.0,0.0,0.7072494100734661,0.7072494100734661,,,,1.0
31,hexane_hl_gap_eV,152,1.0,0.0,0.7072494100734661,0.7072494100734661,,,,1.0
31,hexane_hl_gap_eV,153,1.0,0.0,0.7072494100734661,0.7072494100734661,,,,1.0
31,hexane_hl_gap_eV,154,1.0,0.0,0.7072494100734661,0.7072494100734661,,,,1.0
31,hexane_hl_gap_eV,155,1.0,0.0,0.7072494100734661,0.7072494100734661,,,,1.0
31,hexane_hl_gap_eV,156,1.0,0.0,0.7072494100734661,0.7072494100734661,,,,1.0
31,hexane_hl_gap_eV,157,1.0,0.0,0.7072494100734661,0.7072494100734661,,,,1.0
31,hexane_hl_gap_eV,158,1.0,0.0,0.7072494100734661,0.7072494100734661,,,,1.0
31,hexane_hl_gap_eV,159,1.0,0.0,0.7072494100734661,0.7072494100734661,,,,1.0
31,hexane_hl_gap_eV,160,1.0,0.0,0.7072494100734661,0.7072494100734661,,,,1.0
31,hexane_hl_gap_eV,161,1.0,0.0,0.7072494100734661,0.7072494100734661,,,,1.0
31,hexane_hl_gap_eV,162,1.0,0.0,0.7072494100734661,0.7072494100734661,,,,1.0
31,hexane_hl_gap_eV,163,1.0,0.0,0.7072494100734661,0.7072494100734661,,,,1.0
31,hexane_hl_gap_eV,164,1.0,0.0,0.7072494100734661,0.7072494100734661,,,,1.0
31,hexane_hl_gap_eV,165,1.0,0.0,0.7072494100734661,0.7072494100734661,,,,1.0
31,hexane_hl_gap_eV,166,1.0,0.0,0.7072494100734661,0.7072494100734661,,,,1.0
31,hexane_hl_gap_eV,167,1.0,0.0,0.7072494100734661,0.7072494100734661,,,,1.0
31,hexane_hl_gap_eV,168,1.0,0.0,0.7072494100734661,0.7072494100734661,,,,1.0
31,hexane_hl_gap_eV,169,1.0,0.0,0.7072494100734661,0.7072494100734661,,,,1.0
31,hexane_hl_gap_eV,170,1.0,0.0,0.7072494100734661,0.7072494100734661,,,,1.0
31,hexane_hl_gap_eV,171,1.0,0.0,0.7072494100734661,0.7072494100734661,,,,1.0
31,hexane_hl_gap_eV,172,1.0,0.0,0.7072494100734661,0.7072494100734661,,,,1.0
31,hexane_hl_gap_eV,173,1.0,0.0,0.7072494100734661,0.7072494100734661,,,,1.0
31,hexane_hl_gap_eV,174,1.0,0.0,0.7072494100734661,0.7072494100734661,,,,1.0
31,hexane_hl_gap_eV,175,1.0,0.0,0.7072494100734661,0.7072494100734661,,,,1.0
31,hexane_hl_gap_eV,176,1.0,0.0,0.7072494100734661,0.7072494100734661,,,,1.0
31,hexane_hl_gap_eV,177,1.0,0.0,0.7072494100734661,0.7072494100734661,,,,1.0
31,hexane_hl_gap_eV,178,1.0,0.0,0.7072494100734661,0.7072494100734661,,,,1.0
31,hexane_hl_gap_eV,179,1.0,0.0,0.7072494100734661,0.7072494100734661,,,,1.0
31,hexane_hl_gap_eV,180,1.0,0.0,0.7072494100734661,0.7072494100734661,,,,1.0
31,hexane_hl_gap_eV,181,1.0,0.0,0.7072494100734661,0.7072494100734661,,,,1.0
31,hexane_hl_gap_eV,182,1.0,0.0,0.7072494100734661,0.7072494100734661,,,,1.0
31,hexane_hl_gap_eV,183,1.0,0.0,0.7072494100734661,0.7072494100734661,,,,1.0
31,hexane_hl_gap_eV,184,1.0,0.0,0.7072494100734661,0.7072494100734661,,,,1.0
31,hexane_hl_gap_eV,185,1.0,0.0,0.7072494100734661,0.7072494100734661,,,,1.0
31,hexane_hl_gap_eV,186,1.0,0.0,0.7072494100734661,0.7072494100734661,,,,1.0
31,hexane_hl_gap_eV,187,1.0,0.0,0.7072494100734661,0.7072494100734661,,,,1.0
31,hexane_hl_gap_eV,188,1.0,0.0,0.7072494100734661,0.7072494100734661,,,,1.0
31,hexane_hl_gap_eV,189,1.0,0.0,0.7072494100734661,0.7072494100734661,,,,1.0
31,hexane_hl_gap_eV,190,1.0,0.0,0.7072494100734661,0.7072494100734661,,,,1.0
31,hexane_hl_gap_eV,191,1.0,0.0,0.7072494100734661,0.7072494100734661,,,,1.0
31,hexane_hl_gap_eV,192,1.0,0.0,0.7072494100734661,0.7072494100734661,,,,1.0
31,hexane_hl_gap_eV,193,1.0,0.0,0.7072494100734661,0.7072494100734661,,,,1.0
31,hexane_hl_gap_eV,194,1.0,0.0,0.7072494100734661,0.7072494100734661,,,,1.0
31,hexane_hl_gap_eV,195,1.0,0.0,0.7072494100734661,0.7072494100734661,,,,1.0
31,hexane_hl_gap_eV,196,1.0,0.0,0.7072494100734661,0.7072494100734661,,,,1.0
31,hexane_hl_gap_eV,197,1.0,0.0,0.7072494100734661,0.7072494100734661,,,,1.0
31,hexane_hl_gap_eV,198,1.0,0.0,0.7072494100734661,0.7072494100734661,,,,1.0
31,hexane_hl_gap_eV,199,1.0,0.0,0.7072494100734661,0.7072494100734661,,,,1.0
31,hexane_hl_gap_eV,200,1.0,0.0,0.7072494100734661,0.7072494100734661,,,,1.0
31,hexane_hl_gap_eV,201,1.0,0.0,0.7072494100734661,0.7072494100734661,,,,1.0
31,hexane_hl_gap_eV,202,1.0,0.0,0.7072494100734661,0.7072494100734661,,,,1.0
31,hexane_hl_gap_eV,203,1.0,0.0,0.7072494100734661,0.7072494100734661,,,,1.0
31,hexane_hl_gap_eV,204,1.0,0.0,0.7072494100734661,0.7072494100734661,,,,1.0
31,hexane_hl_gap_eV,205,1.0,0.0,0.7072494100734661,0.7072494100734661,,,,1.0
31,hexane_hl_gap_eV,206,1.0,0.0,0.7072494100734661,0.7072494100734661,,,,1.0
31,hexane_hl_gap_eV,207,1.0,0.0,0.7072494100734661,0.7072494100734661,,,,1.0
31,hexane_hl_gap_eV,208,1.0,0.0,0.7072494100734661,0.7072494100734661,,,,1.0
31,hexane_hl_gap_eV,209,1.0,0.0,0.7072494100734661,0.7072494100734661,,,,1.0
31,hexane_hl_gap_eV,210,1.0,0.0,0.7072494100734661,0.7072494100734661,,,,1.0
31,hexane_hl_gap_eV,211,1.0,0.0,0.7072494100734661,0.7072494100734661,,,,1.0
31,hexane_hl_gap_eV,212,1.0,0.0,0.7072494100734661,0.7072494100734661,,,,1.0
31,hexane_hl_gap_eV,213,1.0,0.0,0.7072494100734661,0.7072494100734661,,,,1.0
31,hexane_hl_gap_eV,214,1.0,0.0,0.7072494100734661,0.7072494100734661,,,,1.0
31,hexane_hl_gap_eV,215,1.0,0.0,0.7072494100734661,0.7072494100734661,,,,1.0
31,hexane_hl_gap_eV,216,1.0,0.0,0.7072494100734661,0.7072494100734661,,,,1.0
31,hexane_hl_gap_eV,217,1.0,0.0,0.7072494100734661,0.7072494100734661,,,,1.0
31,hexane_hl_gap_eV,218,1.0,0.0,0.7072494100734661,0.7072494100734661,,,,1.0
31,hexane_hl_gap_eV,219,1.0,0.0,0.7072494100734661,0.7072494100734661,,,,1.0
31,hexane_hl_gap_eV,220,1.0,0.0,0.7072494100734661,0.7072494100734661,,,,1.0
31,hexane_hl_gap_eV,221,1.0,0.0,0.7072494100734661,0.7072494100734661,,,,1.0
31,hexane_hl_gap_eV,222,1.0,0.0,0.7072494100734661,0.7072494100734661,,,,1.0
31,hexane_hl_gap_eV,223,1.0,0.0,0.7072494100734661,0.7072494100734661,,,,1.0
31,hexane_hl_gap_eV,224,1.0,0.0,0.7072494100734661,0.7072494100734661,,,,1.0
31,hexane_hl_gap_eV,225,1.0,0.0,0.7072494100734661,0.7072494100734661,,,,1.0
31,hexane_hl_gap_eV,226,1.0,0.0,0.7072494100734661,0.7072494100734661,,,,1.0
31,hexane_hl_gap_eV,227,1.0,0.0,0.7072494100734661,0.7072494100734661,,,,1.0
31,hexane_hl_gap_eV,228,1.0,0.0,0.7072494100734661,0.7072494100734661,,,,1.0
31,hexane_hl_gap_eV,229,1.0,0.0,0.7072494100734661,0.7072494100734661,,,,1.0
31,hexane_hl_gap_eV,230,1.0,0.0,0.7072494100734661,0.7072494100734661,,,,1.0
31,hexane_hl_gap_eV,231,1.0,0.0,0.7072494100734661,0.7072494100734661,,,,1.0
31,hexane_hl_gap_eV,232,1.0,0.0,0.7072494100734661,0.7072494100734661,,,,1.0
31,hexane_hl_gap_eV,233,1.0,0.0,0.7072494100734661,0.7072494100734661,,,,1.0
31,hexane_hl_gap_eV,234,1.0,0.0,0.7072494100734661,0.7072494100734661,,,,1.0
31,hexane_hl_gap_eV,235,1.0,0.0,0.7072494100734661,0.7072494100734661,,,,1.0
31,hexane_hl_gap_eV,236,1.0,0.0,0.7072494100734661,0.7072494100734661,,,,1.0
31,hexane_hl_gap_eV,237,1.0,0.0,0.7072494100734661,0.7072494100734661,,,,1.0
31,hexane_hl_gap_eV,238,1.0,0.0,0.7072494100734661,0.7072494100734661,,,,1.0
31,hexane_hl_gap_eV,239,1.0,0.0,0.7072494100734661,0.7072494100734661,,,,1.0
31,hexane_hl_gap_eV,240,1.0,0.0,0.7072494100734661,0.7072494100734661,,,,1.0
31,hexane_hl_gap_eV,241,1.0,0.0,0.7072494100734661,0.7072494100734661,,,,1.0
31,hexane_hl_gap_eV,242,1.0,0.0,0.7072494100734661,0.7072494100734661,,,,1.0
31,hexane_hl_gap_eV,243,1.0,0.0,0.7072494100734661,0.7072494100734661,,,,1.0
31,hexane_hl_gap_eV,244,1.0,0.0,0.7072494100734661,0.7072494100734661,,,,1.0
31,hexane_hl_gap_eV,245,1.0,0.0,0.7072494100734661,0.7072494100734661,,,,1.0
31,hexane_hl_gap_eV,246,1.0,0.0,0.7072494100734661,0.7072494100734661,,,,1.0
31,hexane_hl_gap_eV,247,1.0,0.0,0.7072494100734661,0.7072494100734661,,,,1.0
31,hexane_hl_gap_eV,248,1.0,0.0,0.7072494100734661,0.7072494100734661,,,,1.0
31,hexane_hl_gap_eV,249,1.0,0.0,0.7072494100734661,0.7072494100734661,,,,1.0
31,hexane_dipole,0,1.0,0.0,0.5856894397783217,0.5856894397783217,,,,1.0
31,hexane_dipole,1,1.0,0.0,0.5856894397783217,0.5856894397783217,,,,1.0
31,hexane_dipole,2,1.0,0.0,0.5856894397783217,0.5856894397783217,,,,1.0
31,hexane_dipole,3,1.0,0.0,0.5856894397783217,0.5856894397783217,,,,1.0
31,hexane_dipole,4,1.0,0.0,0.5856894397783217,0.5856894397783217,,,,1.0
31,hexane_dipole,5,1.0,0.0,0.5856894397783217,0.5856894397783217,,,,1.0
31,hexane_dipole,6,1.0,0.0,0.5856894397783217,0.5856894397783217,,,,1.0
31,hexane_dipole,7,1.0,0.0,0.5856894397783217,0.5856894397783217,,,,1.0
31,hexane_dipole,8,1.0,0.0,0.5856894397783217,0.5856894397783217,,,,1.0
31,hexane_dipole,9,1.0,0.0,0.5856894397783217,0.5856894397783217,,,,1.0
31,hexane_dipole,10,1.0,0.0,0.5856894397783217,0.5856894397783217,,,,1.0
31,hexane_dipole,11,1.0,0.0,0.5856894397783217,0.5856894397783217,,,,1.0
31,hexane_dipole,12,1.0,0.0,0.5856894397783217,0.5856894397783217,,,,1.0
31,hexane_dipole,13,1.0,0.0,0.5856894397783217,0.5856894397783217,,,,1.0
31,hexane_dipole,14,1.0,0.0,0.5856894397783217,0.5856894397783217,,,,1.0
31,hexane_dipole,15,1.0,0.0,0.5856894397783217,0.5856894397783217,,,,1.0
31,hexane_dipole,16,1.0,0.0,0.5856894397783217,0.5856894397783217,,,,1.0
31,hexane_dipole,17,1.0,0.0,0.5856894397783217,0.5856894397783217,,,,1.0
31,hexane_dipole,18,1.0,0.0,0.5856894397783217,0.5856894397783217,,,,1.0
31,hexane_dipole,19,1.0,0.0,0.5856894397783217,0.5856894397783217,,,,1.0
31,hexane_dipole,20,1.0,0.0,0.5856894397783217,0.5856894397783217,,,,1.0
31,hexane_dipole,21,1.0,0.0,0.5856894397783217,0.5856894397783217,,,,1.0
31,hexane_dipole,22,1.0,0.0,0.5856894397783217,0.5856894397783217,,,,1.0
31,hexane_dipole,23,1.0,0.0,0.5856894397783217,0.5856894397783217,,,,1.0
31,hexane_dipole,24,1.0,0.0,0.5856894397783217,0.5856894397783217,,,,1.0
31,hexane_dipole,25,1.0,0.0,0.5856894397783217,0.5856894397783217,,,,1.0
31,hexane_dipole,26,1.0,0.0,0.5856894397783217,0.5856894397783217,,,,1.0
31,hexane_dipole,27,1.0,0.0,0.5856894397783217,0.5856894397783217,,,,1.0
31,hexane_dipole,28,1.0,0.0,0.5856894397783217,0.5856894397783217,,,,1.0
31,hexane_dipole,29,1.0,0.0,0.5856894397783217,0.5856894397783217,,,,1.0
31,hexane_dipole,30,1.0,0.0,0.5856894397783217,0.5856894397783217,,,,1.0
31,hexane_dipole,31,1.0,0.0,0.5856894397783217,0.5856894397783217,,,,1.0
31,hexane_dipole,32,1.0,0.0,0.5856894397783217,0.5856894397783217,,,,1.0
31,hexane_dipole,33,1.0,0.0,0.5856894397783217,0.5856894397783217,,,,1.0
31,hexane_dipole,34,1.0,0.0,0.5856894397783217,0.5856894397783217,,,,1.0
31,hexane_dipole,35,1.0,0.0,0.5856894397783217,0.5856894397783217,,,,1.0
31,hexane_dipole,36,1.0,0.0,0.5856894397783217,0.5856894397783217,,,,1.0
31,hexane_dipole,37,1.0,0.0,0.5856894397783217,0.5856894397783217,,,,1.0
31,hexane_dipole,38,1.0,0.0,0.5856894397783217,0.5856894397783217,,,,1.0
31,hexane_dipole,39,1.0,0.0,0.5856894397783217,0.5856894397783217,,,,1.0
31,hexane_dipole,40,1.0,0.0,0.5856894397783217,0.5856894397783217,,,,1.0
31,hexane_dipole,41,1.0,0.0,0.5856894397783217,0.5856894397783217,,,,1.0
31,hexane_dipole,42,1.0,0.0,0.5856894397783217,0.5856894397783217,,,,1.0
31,hexane_dipole,43,1.0,0.0,0.5856894397783217,0.5856894397783217,,,,1.0
31,hexane_dipole,44,1.0,0.0,0.5856894397783217,0.5856894397783217,,,,1.0
31,hexane_dipole,45,1.0,0.0,0.5856894397783217,0.5856894397783217,,,,1.0
31,hexane_dipole,46,1.0,0.0,0.5856894397783217,0.5856894397783217,,,,1.0
31,hexane_dipole,47,1.0,0.0,0.5856894397783217,0.5856894397783217,,,,1.0
31,hexane_dipole,48,1.0,0.0,0.5856894397783217,0.5856894397783217,,,,1.0
31,hexane_dipole,49,1.0,0.0,0.5856894397783217,0.5856894397783217,,,,1.0
31,hexane_dipole,50,1.0,0.0,0.5856894397783217,0.5856894397783217,,,,1.0
31,hexane_dipole,51,1.0,0.0,0.5856894397783217,0.5856894397783217,,,,1.0
31,hexane_dipole,52,1.0,0.0,0.5856894397783217,0.5856894397783217,,,,1.0
31,hexane_dipole,53,1.0,0.0,0.5856894397783217,0.5856894397783217,,,,1.0
31,hexane_dipole,54,1.0,0.0,0.5856894397783217,0.5856894397783217,,,,1.0
31,hexane_dipole,55,1.0,0.0,0.5856894397783217,0.5856894397783217,,,,1.0
31,hexane_dipole,56,1.0,0.0,0.5856894397783217,0.5856894397783217,,,,1.0
31,hexane_dipole,57,1.0,0.0,0.5856894397783217,0.5856894397783217,,,,1.0
31,hexane_dipole,58,1.0,0.0,0.5856894397783217,0.5856894397783217,,,,1.0
31,hexane_dipole,59,1.0,0.0,0.5856894397783217,0.5856894397783217,,,,1.0
31,hexane_dipole,60,1.0,0.0,0.5856894397783217,0.5856894397783217,,,,1.0
31,hexane_dipole,61,1.0,0.0,0.5856894397783217,0.5856894397783217,,,,1.0
31,hexane_dipole,62,1.0,0.0,0.5856894397783217,0.5856894397783217,,,,1.0
31,hexane_dipole,63,1.0,0.0,0.5856894397783217,0.5856894397783217,,,,1.0
31,hexane_dipole,64,1.0,0.0,0.5856894397783217,0.5856894397783217,,,,1.0
31,hexane_dipole,65,1.0,0.0,0.5856894397783217,0.5856894397783217,,,,1.0
31,hexane_dipole,66,1.0,0.0,0.5856894397783217,0.5856894397783217,,,,1.0
31,hexane_dipole,67,1.0,0.0,0.5856894397783217,0.5856894397783217,,,,1.0
31,hexane_dipole,68,1.0,0.0,0.5856894397783217,0.5856894397783217,,,,1.0
31,hexane_dipole,69,1.0,0.0,0.5856894397783217,0.5856894397783217,,,,1.0
31,hexane_dipole,70,1.0,0.0,0.5856894397783217,0.5856894397783217,,,,1.0
31,hexane_dipole,71,1.0,0.0,0.5856894397783217,0.5856894397783217,,,,1.0
31,hexane_dipole,72,1.0,0.0,0.5856894397783217,0.5856894397783217,,,,1.0
31,hexane_dipole,73,1.0,0.0,0.5856894397783217,0.5856894397783217,,,,1.0
31,hexane_dipole,74,1.0,0.0,0.5856894397783217,0.5856894397783217,,,,1.0
31,hexane_dipole,75,1.0,0.0,0.5856894397783217,0.5856894397783217,,,,1.0
31,hexane_dipole,76,1.0,0.0,0.5856894397783217,0.5856894397783217,,,,1.0
31,hexane_dipole,77,1.0,0.0,0.5856894397783217,0.5856894397783217,,,,1.0
31,hexane_dipole,78,1.0,0.0,0.5856894397783217,0.5856894397783217,,,,1.0
31,hexane_dipole,79,1.0,0.0,0.5856894397783217,0.5856894397783217,,,,1.0
31,hexane_dipole,80,1.0,0.0,0.5856894397783217,0.5856894397783217,,,,1.0
31,hexane_dipole,81,1.0,0.0,0.5856894397783217,0.5856894397783217,,,,1.0
31,hexane_dipole,82,1.0,0.0,0.5856894397783217,0.5856894397783217,,,,1.0
31,hexane_dipole,83,1.0,0.0,0.5856894397783217,0.5856894397783217,,,,1.0
31,hexane_dipole,84,1.0,0.0,0.5856894397783217,0.5856894397783217,,,,1.0
31,hexane_dipole,85,1.0,0.0,0.5856894397783217,0.5856894397783217,,,,1.0
31,hexane_dipole,86,1.0,0.0,0.5856894397783217,0.5856894397783217,,,,1.0
31,hexane_dipole,87,1.0,0.0,0.5856894397783217,0.5856894397783217,,,,1.0
31,hexane_dipole,88,1.0,0.0,0.5856894397783217,0.5856894397783217,,,,1.0
31,hexane_dipole,89,1.0,0.0,0.5856894397783217,0.5856894397783217,,,,1.0
31,hexane_dipole,90,1.0,0.0,0.5856894397783217,0.5856894397783217,,,,1.0
31,hexane_dipole,91,1.0,0.0,0.5856894397783217,0.5856894397783217,,,,1.0
31,hexane_dipole,92,1.0,0.0,0.5856894397783217,0.5856894397783217,,,,1.0
31,hexane_dipole,93,1.0,0.0,0.5856894397783217,0.5856894397783217,,,,1.0
31,hexane_dipole,94,1.0,0.0,0.5856894397783217,0.5856894397783217,,,,1.0
31,hexane_dipole,95,1.0,0.0,0.5856894397783217,0.5856894397783217,,,,1.0
31,hexane_dipole,96,1.0,0.0,0.5856894397783217,0.5856894397783217,,,,1.0
31,hexane_dipole,97,1.0,0.0,0.5856894397783217,0.5856894397783217,,,,1.0
31,hexane_dipole,98,1.0,0.0,0.5856894397783217,0.5856894397783217,,,,1.0
31,hexane_dipole,99,1.0,0.0,0.5856894397783217,0.5856894397783217,,,,1.0
31,hexane_dipole,100,1.0,0.0,0.5856894397783217,0.5856894397783217,,,,1.0
31,hexane_dipole,101,1.0,0.0,0.5856894397783217,0.5856894397783217,,,,1.0
31,hexane_dipole,102,1.0,0.0,0.5856894397783217,0.5856894397783217,,,,1.0
31,hexane_dipole,103,1.0,0.0,0.5856894397783217,0.5856894397783217,,,,1.0
31,hexane_dipole,104,1.0,0.0,0.5856894397783217,0.5856894397783217,,,,1.0
31,hexane_dipole,105,1.0,0.0,0.5856894397783217,0.5856894397783217,,,,1.0
31,hexane_dipole,106,1.0,0.0,0.5856894397783217,0.5856894397783217,,,,1.0
31,hexane_dipole,107,1.0,0.0,0.5856894397783217,0.5856894397783217,,,,1.0
31,hexane_dipole,108,1.0,0.0,0.5856894397783217,0.5856894397783217,,,,1.0
31,hexane_dipole,109,1.0,0.0,0.5856894397783217,0.5856894397783217,,,,1.0
31,hexane_dipole,110,1.0,0.0,0.5856894397783217,0.5856894397783217,,,,1.0
31,hexane_dipole,111,1.0,0.0,0.5856894397783217,0.5856894397783217,,,,1.0
31,hexane_dipole,112,1.0,0.0,0.5856894397783217,0.5856894397783217,,,,1.0
31,hexane_dipole,113,1.0,0.0,0.5856894397783217,0.5856894397783217,,,,1.0
31,hexane_dipole,114,1.0,0.0,0.5856894397783217,0.5856894397783217,,,,1.0
31,hexane_dipole,115,1.0,0.0,0.5856894397783217,0.5856894397783217,,,,1.0
31,hexane_dipole,116,1.0,0.0,0.5856894397783217,0.5856894397783217,,,,1.0
31,hexane_dipole,117,1.0,0.0,0.5856894397783217,0.5856894397783217,,,,1.0
31,hexane_dipole,118,1.0,0.0,0.5856894397783217,0.5856894397783217,,,,1.0
31,hexane_dipole,119,1.0,0.0,0.5856894397783217,0.5856894397783217,,,,1.0
31,hexane_dipole,120,1.0,0.0,0.5856894397783217,0.5856894397783217,,,,1.0
31,hexane_dipole,121,1.0,0.0,0.5856894397783217,0.5856894397783217,,,,1.0
31,hexane_dipole,122,1.0,0.0,0.5856894397783217,0.5856894397783217,,,,1.0
31,hexane_dipole,123,1.0,0.0,0.5856894397783217,0.5856894397783217,,,,1.0
31,hexane_dipole,124,1.0,0.0,0.5856894397783217,0.5856894397783217,,,,1.0
31,hexane_dipole,125,1.0,0.0,0.5856894397783217,0.5856894397783217,,,,1.0
31,hexane_dipole,126,1.0,0.0,0.5856894397783217,0.5856894397783217,,,,1.0
31,hexane_dipole,127,1.0,0.0,0.5856894397783217,0.5856894397783217,,,,1.0
31,hexane_dipole,128,1.0,0.0,0.5856894397783217,0.5856894397783217,,,,1.0
31,hexane_dipole,129,1.0,0.0,0.5856894397783217,0.5856894397783217,,,,1.0
31,hexane_dipole,130,1.0,0.0,0.5856894397783217,0.5856894397783217,,,,1.0
31,hexane_dipole,131,1.0,0.0,0.5856894397783217,0.5856894397783217,,,,1.0
31,hexane_dipole,132,1.0,0.0,0.5856894397783217,0.5856894397783217,,,,1.0
31,hexane_dipole,133,1.0,0.0,0.5856894397783217,0.5856894397783217,,,,1.0
31,hexane_dipole,134,1.0,0.0,0.5856894397783217,0.5856894397783217,,,,1.0
31,hexane_dipole,135,1.0,0.0,0.5856894397783217,0.5856894397783217,,,,1.0
31,hexane_dipole,136,1.0,0.0,0.5856894397783217,0.5856894397783217,,,,1.0
31,hexane_dipole,137,1.0,0.0,0.5856894397783217,0.5856894397783217,,,,1.0
31,hexane_dipole,138,1.0,0.0,0.5856894397783217,0.5856894397783217,,,,1.0
31,hexane_dipole,139,1.0,0.0,0.5856894397783217,0.5856894397783217,,,,1.0
31,hexane_dipole,140,1.0,0.0,0.5856894397783217,0.5856894397783217,,,,1.0
31,hexane_dipole,141,1.0,0.0,0.5856894397783217,0.5856894397783217,,,,1.0
31,hexane_dipole,142,1.0,0.0,0.5856894397783217,0.5856894397783217,,,,1.0
31,hexane_dipole,143,1.0,0.0,0.5856894397783217,0.5856894397783217,,,,1.0
31,hexane_dipole,144,1.0,0.0,0.5856894397783217,0.5856894397783217,,,,1.0
31,hexane_dipole,145,1.0,0.0,0.5856894397783217,0.5856894397783217,,,,1.0
31,hexane_dipole,146,1.0,0.0,0.5856894397783217,0.5856894397783217,,,,1.0
31,hexane_dipole,147,1.0,0.0,0.5856894397783217,0.5856894397783217,,,,1.0
31,hexane_dipole,148,1.0,0.0,0.5856894397783217,0.5856894397783217,,,,1.0
31,hexane_dipole,149,1.0,0.0,0.5856894397783217,0.5856894397783217,,,,1.0
31,hexane_dipole,150,1.0,0.0,0.5856894397783217,0.5856894397783217,,,,1.0
31,hexane_dipole,151,1.0,0.0,0.5856894397783217,0.5856894397783217,,,,1.0
31,hexane_dipole,152,1.0,0.0,0.5856894397783217,0.5856894397783217,,,,1.0
31,hexane_dipole,153,1.0,0.0,0.5856894397783217,0.5856894397783217,,,,1.0
31,hexane_dipole,154,1.0,0.0,0.5856894397783217,0.5856894397783217,,,,1.0
31,hexane_dipole,155,1.0,0.0,0.5856894397783217,0.5856894397783217,,,,1.0
31,hexane_dipole,156,1.0,0.0,0.5856894397783217,0.5856894397783217,,,,1.0
31,hexane_dipole,157,1.0,0.0,0.5856894397783217,0.5856894397783217,,,,1.0
31,hexane_dipole,158,1.0,0.0,0.5856894397783217,0.5856894397783217,,,,1.0
31,hexane_dipole,159,1.0,0.0,0.5856894397783217,0.5856894397783217,,,,1.0
31,hexane_dipole,160,1.0,0.0,0.5856894397783217,0.5856894397783217,,,,1.0
31,hexane_dipole,161,1.0,0.0,0.5856894397783217,0.5856894397783217,,,,1.0
31,hexane_dipole,162,1.0,0.0,0.5856894397783217,0.5856894397783217,,,,1.0
31,hexane_dipole,163,1.0,0.0,0.5856894397783217,0.5856894397783217,,,,1.0
31,hexane_dipole,164,1.0,0.0,0.5856894397783217,0.5856894397783217,,,,1.0
31,hexane_dipole,165,1.0,0.0,0.5856894397783217,0.5856894397783217,,,,1.0
31,hexane_dipole,166,1.0,0.0,0.5856894397783217,0.5856894397783217,,,,1.0
31,hexane_dipole,167,1.0,0.0,0.5856894397783217,0.5856894397783217,,,,1.0
31,hexane_dipole,168,1.0,0.0,0.5856894397783217,0.5856894397783217,,,,1.0
31,hexane_dipole,169,1.0,0.0,0.5856894397783217,0.5856894397783217,,,,1.0
31,hexane_dipole,170,1.0,0.0,0.5856894397783217,0.5856894397783217,,,,1.0
31,hexane_dipole,171,1.0,0.0,0.5856894397783217,0.5856894397783217,,,,1.0
31,hexane_dipole,172,1.0,0.0,0.5856894397783217,0.5856894397783217,,,,1.0
31,hexane_dipole,173,1.0,0.0,0.5856894397783217,0.5856894397783217,,,,1.0
31,hexane_dipole,174,1.0,0.0,0.5856894397783217,0.5856894397783217,,,,1.0
31,hexane_dipole,175,1.0,0.0,0.5856894397783217,0.5856894397783217,,,,1.0
31,hexane_dipole,176,1.0,0.0,0.5856894397783217,0.5856894397783217,,,,1.0
31,hexane_dipole,177,1.0,0.0,0.5856894397783217,0.5856894397783217,,,,1.0
31,hexane_dipole,178,1.0,0.0,0.5856894397783217,0.5856894397783217,,,,1.0
31,hexane_dipole,179,1.0,0.0,0.5856894397783217,0.5856894397783217,,,,1.0
31,hexane_dipole,180,1.0,0.0,0.5856894397783217,0.5856894397783217,,,,1.0
31,hexane_dipole,181,1.0,0.0,0.5856894397783217,0.5856894397783217,,,,1.0
31,hexane_dipole,182,1.0,0.0,0.5856894397783217,0.5856894397783217,,,,1.0
31,hexane_dipole,183,1.0,0.0,0.5856894397783217,0.5856894397783217,,,,1.0
31,hexane_dipole,184,1.0,0.0,0.5856894397783217,0.5856894397783217,,,,1.0
31,hexane_dipole,185,1.0,0.0,0.5856894397783217,0.5856894397783217,,,,1.0
31,hexane_dipole,186,1.0,0.0,0.5856894397783217,0.5856894397783217,,,,1.0
31,hexane_dipole,187,1.0,0.0,0.5856894397783217,0.5856894397783217,,,,1.0
31,hexane_dipole,188,1.0,0.0,0.5856894397783217,0.5856894397783217,,,,1.0
31,hexane_dipole,189,1.0,0.0,0.5856894397783217,0.5856894397783217,,,,1.0
31,hexane_dipole,190,1.0,0.0,0.5856894397783217,0.5856894397783217,,,,1.0
31,hexane_dipole,191,1.0,0.0,0.5856894397783217,0.5856894397783217,,,,1.0
31,hexane_dipole,192,1.0,0.0,0.5856894397783217,0.5856894397783217,,,,1.0
31,hexane_dipole,193,1.0,0.0,0.5856894397783217,0.5856894397783217,,,,1.0
31,hexane_dipole,194,1.0,0.0,0.5856894397783217,0.5856894397783217,,,,1.0
31,hexane_dipole,195,1.0,0.0,0.5856894397783217,0.5856894397783217,,,,1.0
31,hexane_dipole,196,1.0,0.0,0.5856894397783217,0.5856894397783217,,,,1.0
31,hexane_dipole,197,1.0,0.0,0.5856894397783217,0.5856894397783217,,,,1.0
31,hexane_dipole,198,1.0,0.0,0.5856894397783217,0.5856894397783217,,,,1.0
31,hexane_dipole,199,1.0,0.0,0.5856894397783217,0.5856894397783217,,,,1.0
31,hexane_dipole,200,1.0,0.0,0.5856894397783217,0.5856894397783217,,,,1.0
31,hexane_dipole,201,1.0,0.0,0.5856894397783217,0.5856894397783217,,,,1.0
31,hexane_dipole,202,1.0,0.0,0.5856894397783217,0.5856894397783217,,,,1.0
31,hexane_dipole,203,1.0,0.0,0.5856894397783217,0.5856894397783217,,,,1.0
31,hexane_dipole,204,1.0,0.0,0.5856894397783217,0.5856894397783217,,,,1.0
31,hexane_dipole,205,1.0,0.0,0.5856894397783217,0.5856894397783217,,,,1.0
31,hexane_dipole,206,1.0,0.0,0.5856894397783217,0.5856894397783217,,,,1.0
31,hexane_dipole,207,1.0,0.0,0.5856894397783217,0.5856894397783217,,,,1.0
31,hexane_dipole,208,1.0,0.0,0.5856894397783217,0.5856894397783217,,,,1.0
31,hexane_dipole,209,1.0,0.0,0.5856894397783217,0.5856894397783217,,,,1.0
31,hexane_dipole,210,1.0,0.0,0.5856894397783217,0.5856894397783217,,,,1.0
31,hexane_dipole,211,1.0,0.0,0.5856894397783217,0.5856894397783217,,,,1.0
31,hexane_dipole,212,1.0,0.0,0.5856894397783217,0.5856894397783217,,,,1.0
31,hexane_dipole,213,1.0,0.0,0.5856894397783217,0.5856894397783217,,,,1.0
31,hexane_dipole,214,1.0,0.0,0.5856894397783217,0.5856894397783217,,,,1.0
31,hexane_dipole,215,1.0,0.0,0.5856894397783217,0.5856894397783217,,,,1.0
31,hexane_dipole,216,1.0,0.0,0.5856894397783217,0.5856894397783217,,,,1.0
31,hexane_dipole,217,1.0,0.0,0.5856894397783217,0.5856894397783217,,,,1.0
31,hexane_dipole,218,1.0,0.0,0.5856894397783217,0.5856894397783217,,,,1.0
31,hexane_dipole,219,1.0,0.0,0.5856894397783217,0.5856894397783217,,,,1.0
31,hexane_dipole,220,1.0,0.0,0.5856894397783217,0.5856894397783217,,,,1.0
31,hexane_dipole,221,1.0,0.0,0.5856894397783217,0.5856894397783217,,,,1.0
31,hexane_dipole,222,1.0,0.0,0.5856894397783217,0.5856894397783217,,,,1.0
31,hexane_dipole,223,1.0,0.0,0.5856894397783217,0.5856894397783217,,,,1.0
31,hexane_dipole,224,1.0,0.0,0.5856894397783217,0.5856894397783217,,,,1.0
31,hexane_dipole,225,1.0,0.0,0.5856894397783217,0.5856894397783217,,,,1.0
31,hexane_dipole,226,1.0,0.0,0.5856894397783217,0.5856894397783217,,,,1.0
31,hexane_dipole,227,1.0,0.0,0.5856894397783217,0.5856894397783217,,,,1.0
31,hexane_dipole,228,1.0,0.0,0.5856894397783217,0.5856894397783217,,,,1.0
31,hexane_dipole,229,1.0,0.0,0.5856894397783217,0.5856894397783217,,,,1.0
31,hexane_dipole,230,1.0,0.0,0.5856894397783217,0.5856894397783217,,,,1.0
31,hexane_dipole,231,1.0,0.0,0.5856894397783217,0.5856894397783217,,,,1.0
31,hexane_dipole,232,1.0,0.0,0.5856894397783217,0.5856894397783217,,,,1.0
31,hexane_dipole,233,1.0,0.0,0.5856894397783217,0.5856894397783217,,,,1.0
31,hexane_dipole,234,1.0,0.0,0.5856894397783217,0.5856894397783217,,,,1.0
31,hexane_dipole,235,1.0,0.0,0.5856894397783217,0.5856894397783217,,,,1.0
31,hexane_dipole,236,1.0,0.0,0.5856894397783217,0.5856894397783217,,,,1.0
31,hexane_dipole,237,1.0,0.0,0.5856894397783217,0.5856894397783217,,,,1.0
31,hexane_dipole,238,1.0,0.0,0.5856894397783217,0.5856894397783217,,,,1.0
31,hexane_dipole,239,1.0,0.0,0.5856894397783217,0.5856894397783217,,,,1.0
31,hexane_dipole,240,1.0,0.0,0.5856894397783217,0.5856894397783217,,,,1.0
31,hexane_dipole,241,1.0,0.0,0.5856894397783217,0.5856894397783217,,,,1.0
31,hexane_dipole,242,1.0,0.0,0.5856894397783217,0.5856894397783217,,,,1.0
31,hexane_dipole,243,1.0,0.0,0.5856894397783217,0.5856894397783217,,,,1.0
31,hexane_dipole,244,1.0,0.0,0.5856894397783217,0.5856894397783217,,,,1.0
31,hexane_dipole,245,1.0,0.0,0.5856894397783217,0.5856894397783217,,,,1.0
31,hexane_dipole,246,1.0,0.0,0.5856894397783217,0.5856894397783217,,,,1.0
31,hexane_dipole,247,1.0,0.0,0.5856894397783217,0.5856894397783217,,,,1.0
31,hexane_dipole,248,1.0,0.0,0.5856894397783217,0.5856894397783217,,,,1.0
31,hexane_dipole,249,1.0,0.0,0.5856894397783217,0.5856894397783217,,,,1.0
32,sco_kcal,0,0.3690201938152313,0.017480844631791115,0.6110578807162581,0.9240482273336432,3.6440281867980957,0.9089376926422119,0.2494321245744451,0.22
32,sco_kcal,1,0.09034425765275955,0.01689685881137848,0.6485986842141316,0.9571921763595377,3.8673601150512695,0.20397824048995972,0.05274353419949246,0.04
32,sco_kcal,2,0.5642299652099609,0.03331555053591728,0.6199757849156404,0.9226345911134362,6.897007942199707,2.9404523372650146,0.42633738599512144,0.44
32,sco_kcal,3,0.5903911590576172,0.02583128586411476,0.6183319006436787,0.8937994376146581,5.207677841186523,3.3884847164154053,0.6506709554144327,0.3
32,sco_kcal,4,0.4071105122566223,0.04727485030889511,0.5912627706124234,0.9199119304371299,9.206904411315918,3.5442042350769043,0.3849506931690128,0.16
32,sco_kcal,5,0.2872704565525055,0.09005554765462875,0.640132994580447,0.9807566974674582,20.06380844116211,0.7577952742576599,0.03776926382047176,0.3
32,sco_kcal,6,0.17509499192237854,0.08889433741569519,0.6434802207723482,0.9379291432355101,19.8991756439209,1.3247896432876587,0.06657510175263846,0.12
32,sco_kcal,7,0.06677544116973877,0.028748253360390663,0.588357650708931,0.9625368311857032,5.55596399307251,0.12390840798616409,0.022301873831554724,0.06
32,sco_kcal,8,0.18605086207389832,0.017065631225705147,0.6321975751567974,0.9426352770850734,3.759887456893921,0.3202490210533142,0.08517516141769706,0.06
32,sco_kcal,9,0.30713745951652527,0.025663254782557487,0.5991781127814864,0.9467879115245006,5.221035003662109,1.1911605596542358,0.2281464420021583,0.18
32,sco_kcal,10,0.17306019365787506,0.029825178906321526,0.615356523273179,0.9435975987435459,6.2976579666137695,0.6540870666503906,0.10386195473268789,0.04
32,sco_kcal,11,0.6925570368766785,0.02348184399306774,0.6209687118692042,0.9027594731041708,4.837332248687744,3.849809408187866,0.7958538322920097,0.6
32,sco_kcal,12,0.26722341775894165,0.06281174719333649,0.6290166239849655,0.8924185647766905,13.729033470153809,2.633904457092285,0.1918492268824498,0.08
32,sco_kcal,13,0.21663419902324677,0.02103777416050434,0.5954288215736558,0.9314377471576305,4.198404788970947,0.8310605883598328,0.1979467512382317,0.06
32,sco_kcal,14,0.3012596666812897,0.1758732944726944,0.6473418193239546,0.9810980994462577,40.02518081665039,2.1589033603668213,0.053938628541278746,0.28
32,sco_kcal,15,0.3664771020412445,0.02813807502388954,0.6528688253096102,0.9547057836082395,6.347210884094238,1.1600853204727173,0.18277088025857582,0.28
32,sco_kcal,16,0.7275469899177551,0.02413889206945896,0.6342759443586106,0.8886619002373455,4.95611047744751,4.879068374633789,0.9844551280355238,0.7
32,sco_kcal,17,0.1257924735546112,0.05319619178771973,0.5982951726307166,0.9468627276978747,10.547796249389648,0.3160412013530731,0.02996277078933535,0.06
32,sco_kcal,18,0.22377119958400726,0.026885639876127243,0.6401812817599655,0.9307064601996027,5.965413570404053,0.5918009281158447,0.09920534781560175,0.12
32,sco_kcal,19,0.034379396587610245,0.09269881248474121,0.6080385389428458,0.9607571019919445,18.581125259399414,0.08827122300863266,0.00475058543421529,0.02
32,sco_kcal,20,0.18284432590007782,0.016778312623500824,0.6140004451825698,0.9606019837770725,3.5670576095581055,0.09429453313350677,0.026434822045161243,0.1
32,sco_kcal,21,0.2528591454029083,0.03383384272456169,0.6327381222549437,0.9320988363647609,7.366481781005859,0.8434220552444458,0.11449455524605674,0.12
32,sco_kcal,22,0.10759987682104111,0.026780307292938232,0.6122578551613798,0.9359072834524937,5.605118751525879,0.18334093689918518,0.03270955443170127,0.08
32,sco_kcal,23,0.5979907512664795,0.013997672125697136,0.6271688724713653,0.9186888408722547,2.661182403564453,1.9067003726959229,0.7164861642486594,0.6
32,sco_kcal,24,0.08050022274255753,0.04738353565335274,0.6166471893189109,0.9367295947063305,9.76856517791748,0.4666045904159546,0.047765928968846585,0.0
32,sco_kcal,25,0.4667058289051056,0.3123200237751007,0.6576562953799159,0.9799267042428481,75.73576354980469,4.7819013595581055,0.06313927707896512,0.44
32,sco_kcal,26,0.5477703809738159,0.032966818660497665,0.609312633908851,0.8905878336294617,6.5701518058776855,3.6667299270629883,0.5580890724294553,0.32
32,sco_kcal,27,0.1158289909362793,0.07606677711009979,0.6408196313577708,0.9014218573588766,17.05561065673828,1.3646482229232788,0.08001168943101651,0.08
32,sco_kcal,28,0.20455949008464813,0.020752349868416786,0.6543826572245353,0.9436406042213235,4.749298572540283,0.38560646772384644,0.08119229857507042,0.16
32,sco_kcal,29,0.15120929479599,0.03649531304836273,0.5999487851083176,0.9404411417045977,7.2620086669921875,0.3610853850841522,0.04972252191399659,0.04
32,sco_kcal,30,0.12177585810422897,0.14650622010231018,0.5825007372557549,0.8952286556537878,27.6490535736084,3.442532777786255,0.12450815969600582,0.02
32,sco_kcal,31,0.4141559898853302,0.017675135284662247,0.6557235224289115,0.9236470550075144,4.098682403564453,1.6246732473373413,0.3963891532372527,0.28
32,sco_kcal,32,0.5135412812232971,0.01608528569340706,0.6317832592813786,0.9051451337380423,3.47255802154541,1.6715617179870605,0.48136322204435245,0.32
32,sco_kcal,33,0.3333824872970581,0.024234319105744362,0.6286140034058865,0.9428233030875226,5.299295425415039,1.0007508993148804,0.18884602932596495,0.18
32,sco_kcal,34,0.3764990270137787,0.021856209263205528,0.6531059612821388,0.961389148918816,5.058254241943359,0.8855762481689453,0.1750754718546355,0.26
32,sco_kcal,35,0.2284291684627533,0.09740793704986572,0.5959025780821132,0.9133569658026273,18.819896697998047,2.9774234294891357,0.15820615156755122,0.08
32,sco_kcal,36,0.36911600828170776,0.036670900881290436,0.6027184642167975,0.8987608896700359,7.364116191864014,2.5149688720703125,0.3415167287622224,0.06
32,sco_kcal,37,0.06609557569026947,0.029350219294428825,0.6439529115503035,0.9589127071153181,6.58441686630249,0.1637316793203354,0.024866542116778165,0.02
32,sco_kcal,38,0.25302645564079285,0.03064289130270481,0.6245289442103275,0.9312977906567956,6.482849597930908,0.8731138706207275,0.13468056869611691,0.14
32,sco_kcal,39,0.2506043314933777,0.07398088276386261,0.6428077462142798,0.9761600731562301,16.584138870239258,0.5943711400032043,0.03583973486074827,0.22
32,sco_kcal,40,0.46593230962753296,0.01821240969002247,0.6427670549606821,0.9176982100260256,4.064257621765137,1.846923589706421,0.45443073780945226,0.24
32,sco_kcal,41,0.05582132935523987,0.02653941698372364,0.6284512564843283,0.9641123091946766,5.705654144287109,0.09668175876140594,0.0169449034793338,0.02
32,sco_kcal,42,0.16334722936153412,0.03267292305827141,0.5860545728831761,0.9313359577266109,6.340612888336182,0.5279383063316345,0.08326297719622637,0.04
32,sco_kcal,43,0.12901414930820465,0.034068938344717026,0.6015391624198838,0.95200039837865,6.815120220184326,0.13425971567630768,0.019700271064723256,0.08
32,sco_kcal,44,0.3939235806465149,0.02719801291823387,0.5976517025005914,0.9184629343199828,5.367840766906738,2.071930408477783,0.3859895437382264,0.12
32,sco_kcal,45,0.21620537340641022,0.026797862723469734,0.658768179112013,0.9328882652321835,6.170400142669678,1.1019419431686401,0.17858516752397768,0.12
32,sco_kcal,46,0.47562021017074585,0.017956865951418877,0.648005392346545,0.9076119234160387,4.196755409240723,1.8446874618530273,0.4395508629812592,0.12
32,sco_kcal,47,0.19266201555728912,0.008700409904122353,0.6407551163972436,0.9557312157096955,1.97426176071167,0.26506805419921875,0.13426185902707685,0.06
32,sco_kcal,48,0.45236310362815857,0.033635467290878296,0.6139836132242917,0.9190137226358015,6.8680949211120605,3.0402262210845947,0.44265931906956385,0.24
32,sco_kcal,49,0.03390033170580864,0.09208273887634277,0.6151566435105076,0.957957468812342,18.787614822387695,0.06677047908306122,0.0035539625287344186,0.02
32,sco_kcal,50,0.4606339931488037,0.017819883301854134,0.6442187954324621,0.9179602466274841,3.9821016788482666,1.5563069581985474,0.3908255197161802,0.24
32,sco_kcal,51,0.4699341356754303,0.02513730898499489,0.6196158279956774,0.9058394205942759,5.437530040740967,1.9122141599655151,0.3516696267676968,0.28
32,sco_kcal,52,0.22619427740573883,0.02403627522289753,0.6476933456755694,0.9497951301168708,5.434156894683838,0.4066503047943115,0.07483227162471735,0.16
32,sco_kcal,53,0.2731403112411499,0.018394196406006813,0.6311855254664152,0.937534768790256,4.135239124298096,0.7883253693580627,0.19063598153876313,0.1
32,sco_kcal,54,0.24140417575836182,0.03232211619615555,0.6359717966142979,0.9298466655375623,7.105790138244629,0.6665653586387634,0.09380594496468309,0.08
32,sco_kcal,55,0.16945837438106537,0.03991151228547096,0.5951002796930549,0.9221134583961488,7.765697479248047,0.5085020661354065,0.06548054022117854,0.06
32,sco_kcal,56,0.882453441619873,0.00712241418659687,0.7107946571803561,0.8739587212560895,1.6913501024246216,2.8072938919067383,1.6597946740195093,0.84
32,sco_kcal,57,0.5319415330886841,0.036643657833337784,0.628795368827817,0.8981115767433203,7.710461139678955,4.337944030761719,0.5626050053528109,0.24
32,sco_kcal,58,0.9781896471977234,0.006007256451994181,0.7451098527073099,0.9105485414404748,2.167196273803711,4.944119930267334,2.2813438681258718,0.86
32,sco_kcal,59,0.22589688003063202,0.08955016732215881,0.6452795517609622,0.9776121584863888,20.025970458984375,0.37324202060699463,0.018637899290395925,0.2
32,sco_kcal,60,0.2991899847984314,0.024990631267428398,0.645489597427795,0.9253573769196528,5.657312393188477,1.338065266609192,0.23651960040606043,0.08
32,sco_kcal,61,0.18848437070846558,0.0209856778383255,0.6403139514100211,0.9353043521748974,4.724183559417725,0.5808209776878357,0.12294631874114229,0.1
32,sco_kcal,62,0.12825103104114532,0.10086461156606674,0.5975587999181977,0.9295677629441936,19.626663208007812,1.6962037086486816,0.08642343788508171,0.04
32,sco_kcal,63,0.045399341732263565,0.052222803235054016,0.6212999261586822,0.9578442811247474,10.979432106018066,0.03966779634356499,0.0036129187703453445,0.04
32,sco_kcal,64,0.1266385018825531,0.09162861108779907,0.6162863284150037,0.9088081020939254,18.767955780029297,1.8527867794036865,0.0987207557988393,0.0
32,sco_kcal,65,0.23771440982818604,0.08630155026912689,0.6227753848962541,0.9031615923510283,17.89131736755371,3.7793214321136475,0.21123773920457797,0.06
32,sco_kcal,66,0.6977839469909668,0.0243926290422678,0.6203858925389691,0.9017348334918931,4.803655624389648,4.167513370513916,0.8675712200004844,0.64
32,sco_kcal,67,0.5128601789474487,0.031607236713171005,0.5998520512062344,0.8851622508281445,6.259200572967529,3.578226327896118,0.5716746549631109,0.24
32,sco_kcal,68,0.23859387636184692,0.02750171720981598,0.6477835323655137,0.966245354871093,6.199010848999023,0.43890050053596497,0.07080169904958883,0.2
32,sco_kcal,69,0.20550745725631714,0.03404144197702408,0.6472138418014943,0.9636190017107644,7.665341377258301,0.6592739224433899,0.08600711827386291,0.14
32,sco_kcal,70,0.3207720220088959,0.015604603104293346,0.6476674297155425,0.9455300836107159,3.6039304733276367,0.4739489257335663,0.13150889819912437,0.16
32,sco_kcal,71,0.502140998840332,0.0074170613661408424,0.6352695556693873,0.9301179727056941,1.8923815488815308,0.5201702117919922,0.27487596890776733,0.26
32,sco_kcal,72,0.20153163373470306,0.025624632835388184,0.6452550500924124,0.9562805921688573,5.802605152130127,0.20684058964252472,0.035646159650651724,0.16
32,sco_kcal,73,0.08608131110668182,0.02914382517337799,0.595198929150101,0.9488498104616812,5.788232803344727,0.07404227554798126,0.012791862052472385,0.04
32,sco_kcal,74,0.13295476138591766,0.024698130786418915,0.6477254403963033,0.9510444800678659,5.596709251403809,0.2065536230802536,0.03690626291305811,0.1
32,sco_kcal,75,0.14770233631134033,0.12244261801242828,0.6250927362784271,0.901648658925934,26.29237174987793,3.6758124828338623,0.13980528336516193,0.0
32,sco_kcal,76,0.5872222781181335,0.01634327694773674,0.6269528995936391,0.9069082760825329,3.548919200897217,1.9470151662826538,0.5486220046346564,0.38
32,sco_kcal,77,0.48125678300857544,0.01730228401720524,0.6099929287563977,0.9166325499135195,3.629410743713379,1.49099600315094,0.41080938709776593,0.38
32,sco_kcal,78,0.19235356152057648,0.013338329270482063,0.6485952640246442,0.9542217512220321,3.064951181411743,0.3392394781112671,0.11068348499926528,0.1
32,sco_kcal,79,0.14658287167549133,0.019276726990938187,0.6462095651941653,0.9618186396596153,4.363010883331299,0.370353639125824,0.08488487629970043,0.02
32,sco_kcal,80,0.34556475281715393,0.02045495994389057,0.646486479818708,0.9225922446136232,4.682758331298828,1.0647050142288208,0.22736706421779193,0.18
32,sco_kcal,81,0.44401389360427856,0.04227437824010849,0.5964871238220506,0.9005439941965119,8.233257293701172,3.750728130340576,0.4555582312737948,0.12
32,sco_kcal,82,0.04934486746788025,0.06841303408145905,0.6178744907186022,0.9589788881037384,14.285120964050293,0.1623045802116394,0.011361792498648946,0.02
32,sco_kcal,83,0.6020358800888062,0.00904504768550396,0.663498732845546,0.9267489487571448,2.081303834915161,1.193732738494873,0.5735504439425263,0.46
32,sco_kcal,84,0.3171667158603668,0.030109722167253494,0.6340939808203518,0.8955139223112369,6.625898838043213,1.8851978778839111,0.2845195684334739,0.12
32,sco_kcal,85,0.5546128749847412,0.033455271273851395,0.6731656750769814,0.964897035189002,8.71027946472168,0.6803601980209351,0.07811003088666968,0.54
32,sco_kcal,86,0.5527438521385193,0.02335416153073311,0.660921706395996,0.9262674934155317,5.392338275909424,2.889186143875122,0.535794676825585,0.42
32,sco_kcal,87,0.4408333897590637,0.022710245102643967,0.6577402432011747,0.9462758050860836,5.142312526702881,1.6063759326934814,0.31238395650826933,0.42
32,sco_kcal,88,0.247970312833786,0.0396767258644104,0.6105667047835195,0.9378586721230662,8.157575607299805,1.5270395278930664,0.1871928133312789,0.06
32,sco_kcal,89,0.10017465800046921,0.06165499612689018,0.5920131801643969,0.9447495646487702,11.755414962768555,0.3579750657081604,0.03045192933145531,0.1
32,sco_kcal,90,0.3328893780708313,0.02998826839029789,0.5938117384672001,0.9159533208860358,5.9114460945129395,1.5825992822647095,0.2677177896849458,0.18
32,sco_kcal,91,0.2532455325126648,0.12605278193950653,0.6444775912614282,0.9819362275700052,28.43931770324707,0.9025363922119141,0.031735514952556915,0.32
32,sco_kcal,92,0.1689174920320511,0.1045503169298172,0.6191519377752932,0.9096065664405188,21.852230072021484,2.957716464996338,0.13535078366135508,0.04
32,sco_kcal,93,0.3589419424533844,0.061680812388658524,0.6239893120516378,0.8815539029996109,12.941861152648926,4.079556941986084,0.3152218134523167,0.1
32,sco_kcal,94,0.6083953380584717,0.022938577458262444,0.6353561556316207,0.9654234206859631,4.945220470428467,3.252563238143921,0.6577185501826798,0.54
32,sco_kcal,95,0.4166182279586792,0.03367135301232338,0.6418798066366638,0.8976425256549563,7.452395915985107,3.054043769836426,0.4098069673520186,0.28
32,sco_kcal,96,0.10779637098312378,0.027056720107793808,0.602549131480927,0.9641865144000394,5.531517505645752,0.09451280534267426,0.017086234518142555,0.04
32,sco_kcal,97,0.4209202229976654,0.04350927099585533,0.6102589664420932,0.9157287221268913,8.806753158569336,3.3742637634277344,0.3831450368453254,0.24
32,sco_kcal,98,0.13899442553520203,0.03237788379192352,0.6429181998753695,0.9642919902569997,7.246922492980957,0.23169903457164764,0.03197205914594242,0.16
32,sco_kcal,99,0.2218562513589859,0.028892705217003822,0.6450108003943062,0.9556588293045261,6.507951259613037,0.39794018864631653,0.061146768433231635,0.14
32,sco_kcal,100,0.39540937542915344,0.03597201779484749,0.6158459704567654,0.927731112401907,7.335412979125977,2.531357526779175,0.3450872546620803,0.24
32,sco_kcal,101,0.33200472593307495,0.03629225119948387,0.6345668993364444,0.9069770734579019,7.895023822784424,2.3821895122528076,0.3017330366221308,0.22
32,sco_kcal,102,0.10167486220598221,0.027872873470187187,0.6021606723329322,0.9642628952718166,5.594942569732666,0.0876106545329094,0.01565890148843754,0.08
32,sco_kcal,103,0.18283048272132874,0.02793518826365471,0.6419474628183452,0.9450657856935125,6.28464412689209,0.4001137912273407,0.06366530596621177,0.1
32,sco_kcal,104,0.08956626057624817,0.018283149227499962,0.5990108585201179,0.9519098107095962,3.654093027114868,0.10243472456932068,0.02803287267434437,0.04
32,sco_kcal,105,0.06934909522533417,0.023083610460162163,0.6266823999284856,0.9525429656450957,4.933156967163086,0.1572221964597702,0.031870503514544374,0.08
32,sco_kcal,106,0.22169971466064453,0.05010407045483589,0.6037244618767632,0.910304655487453,9.984118461608887,1.4667258262634277,0.14690589178236502,0.04
32,sco_kcal,107,0.09014896303415298,0.10553764551877975,0.6412200631026395,0.9719616033218625,23.731752395629883,0.06915196031332016,0.002913900295287686,0.06
32,sco_kcal,108,0.3125704228878021,0.029339604079723358,0.640167893967712,0.9188216788636545,6.487293720245361,1.3895909786224365,0.21420195208455578,0.1
32,sco_kcal,109,0.4676809310913086,0.034779142588377,0.5924969705026271,0.891347662765517,6.782787322998047,3.140181064605713,0.4629632207335269,0.18
32,sco_kcal,110,0.4793560206890106,0.03932378068566322,0.6010003465711384,0.8977093486085685,7.699515342712402,3.5124423503875732,0.45619005795112844,0.36
32,sco_kcal,111,0.05423419550061226,0.06906551867723465,0.6189353160129021,0.9447343381048798,14.000200271606445,0.15221118927001953,0.01087207227875992,0.02
32,sco_kcal,112,0.269999235868454,0.07289641350507736,0.6426935257383863,0.948060123548385,16.125253677368164,1.1861145496368408,0.07355633426725905,0.24
32,sco_kcal,113,0.09369097650051117,0.012964494526386261,0.647924289420651,0.9662514900125401,2.942298173904419,0.15091697871685028,0.051292210985055944,0.02
32,sco_kcal,114,0.6511751413345337,0.07033096253871918,0.6980626531326855,0.9838021305126115,20.166658401489258,1.2762383222579956,0.06328457084212566,0.68
32,sco_kcal,115,0.11163002252578735,0.03821392357349396,0.5944378174997049,0.9450575154652998,7.565903663635254,0.10929534584283829,0.014445775508371226,0.06
32,sco_kcal,116,0.586746335029602,0.029913637787103653,0.6158562531248772,0.8872410342126626,6.067614555358887,4.002467632293701,0.6596443455292891,0.28
32,sco_kcal,117,0.6076202988624573,0.021590689197182655,0.638270661657723,0.8922842320109905,4.738059043884277,2.816976308822632,0.594542255115771,0.42
32,sco_kcal,118,0.19485248625278473,0.020284481346607208,0.6513039397135707,0.9599001459448302,4.705539703369141,0.14683939516544342,0.031205643650250622,0.12
32,sco_kcal,119,0.3538420796394348,0.04944559186697006,0.6484174842290524,0.9668909023083043,11.087586402893066,1.528838038444519,0.1378873618559222,0.36
32,sco_kcal,120,0.14789675176143646,0.018361898139119148,0.6457539022921228,0.9659543876329502,4.178835391998291,0.08645956218242645,0.020689870280121772,0.14
32,sco_kcal,121,0.13375571370124817,0.02744354121387005,0.6313232655239613,0.9454000902162576,6.142467498779297,0.30363520979881287,0.04943212314255709,0.02
32,sco_kcal,122,0.16725273430347443,0.06721745431423187,0.5822099786395065,0.9224424623548622,12.903980255126953,1.02969491481781,0.07979669020407065,0.12
32,sco_kcal,123,0.1484663486480713,0.053489960730075836,0.582979324317153,0.9540044479447196,10.212932586669922,0.31505244970321655,0.030848382384744993,0.12
32,sco_kcal,124,0.3306742310523987,0.035636674612760544,0.6469841926684259,0.961184615073277,7.9900407791137695,1.097593069076538,0.13737014608807538,0.26
32,sco_kcal,125,0.5843406915664673,0.016601672396063805,0.6607718286846835,0.9185332620109994,4.044890880584717,2.0118117332458496,0.4973710769065366,0.48
32,sco_kcal,126,0.16700854897499084,0.030792109668254852,0.6025850845509546,0.9408169314689219,6.114818572998047,0.23433426022529602,0.038322356980479276,0.18
32,sco_kcal,127,0.31902116537094116,0.03070908598601818,0.6063104020651839,0.9007009214607151,6.3559889793396,1.740827202796936,0.2738877000031884,0.14
32,sco_kcal,128,0.8413434028625488,0.016506563872098923,0.6534224472246308,0.8987688939979661,3.3736283779144287,4.893421649932861,1.4504922006133842,0.84
32,sco_kcal,129,0.28201907873153687,0.02985699474811554,0.610531676647738,0.9209847836602048,6.100264549255371,1.2077062129974365,0.1979760391120833,0.22
32,sco_kcal,130,0.3241663873195648,0.04076945781707764,0.5979455167635945,0.9189959514189023,8.012665748596191,2.4310829639434814,0.3034050140391048,0.1
32,sco_kcal,131,0.5411657094955444,0.024441679939627647,0.6536984618967923,0.8958951017636103,5.482413291931152,3.3189337253570557,0.6053782428701172,0.3
32,sco_kcal,132,0.40039587020874023,0.08764282613992691,0.5968472556818387,0.9353565005821138,16.99027442932129,4.102896213531494,0.2414849878146078,0.36
32,sco_kcal,133,0.3498814105987549,0.031246967613697052,0.6454485906549987,0.8958287086301504,6.998993396759033,2.302309513092041,0.32894866198304357,0.12
32,sco_kcal,134,0.05265742540359497,0.02059890329837799,0.645925791934377,0.9623642241907195,4.600747585296631,0.15897247195243835,0.03455361742958752,0.02
32,sco_kcal,135,0.14336422085762024,0.028557367622852325,0.5972483810553308,0.9527179439508435,5.72827672958374,0.30965787172317505,0.05405777100885228,0.1
32,sco_kcal,136,0.2246202677488327,0.2664683163166046,0.6477289994899398,0.9754720043209364,60.222957611083984,1.635120153427124,0.02715111011296764,0.16
32,sco_kcal,137,0.13727723062038422,0.04512564092874527,0.5716825480267067,0.9345631487414106,8.245161056518555,0.4061753749847412,0.04926227301086161,0.04
32,sco_kcal,138,0.14167416095733643,0.02274215780198574,0.641434410426952,0.9488031312585226,5.2463059425354,0.17020857334136963,0.032443508862373426,0.1
32,sco_kcal,139,0.08798824995756149,0.047929201275110245,0.6448403087593075,0.9548840166704049,10.926637649536133,0.1226128339767456,0.01122146060933492,0.02
32,sco_kcal,140,0.4732130169868469,0.03623199835419655,0.6453992599342953,0.908678073156638,7.885202407836914,3.5978035926818848,0.4562728268213019,0.3
32,sco_kcal,141,0.3391346037387848,0.016575772315263748,0.650823448581016,0.9173797043230918,3.8174996376037598,0.9369456768035889,0.2454343852647249,0.18
32,sco_kcal,142,0.06049574911594391,0.10250486433506012,0.6080414014130242,0.9327015967201793,21.027481079101562,0.5880604982376099,0.027966283551768903,0.06
32,sco_kcal,143,0.0911327376961708,0.06051855906844139,0.6002339868842879,0.9593536448304509,11.976786613464355,0.09222326427698135,0.007700167603662869,0.02
32,sco_kcal,144,0.08599340915679932,0.02435155026614666,0.6219857480669466,0.9576831245192761,5.257725715637207,0.0821523666381836,0.015625076521936287,0.02
32,sco_kcal,145,0.131799578666687,0.018146274611353874,0.6156728053430451,0.9485897998191413,3.794700860977173,0.179313063621521,0.04725354387363912,0.06
32,sco_kcal,146,0.1416833996772766,0.08606062829494476,0.6079814534392305,0.9082087422808953,17.27771759033203,1.7765803337097168,0.10282494342330407,0.08
32,sco_kcal,147,0.09003110229969025,0.07365357130765915,0.6143465987618126,0.9506594437236777,14.947235107421875,0.43937844038009644,0.02939529867713984,0.04
32,sco_kcal,148,0.15301303565502167,0.029159575700759888,0.622218616303752,0.9344487928507241,6.242508411407471,0.12594227492809296,0.020174946772670396,0.16
32,sco_kcal,149,0.7166762351989746,0.03619206324219704,0.6315546489010875,0.8929936396001878,7.634572982788086,6.949848175048828,0.9103126253055739,0.46
32,sco_kcal,150,0.11339940875768661,0.018289780244231224,0.6412527037235922,0.9571761737203632,4.110672950744629,0.09678993374109268,0.02354600691927088,0.06
32,sco_kcal,151,0.43347734212875366,0.03421572595834732,0.6578411091045087,0.9043286257577845,7.8198771476745605,3.6328954696655273,0.46457193649721995,0.1
32,sco_kcal,152,0.07649151980876923,0.031717997044324875,0.6361363615606435,0.9667370825089354,6.94150972366333,0.23129431903362274,0.033320463161659146,0.02
32,sco_kcal,153,0.7629415988922119,0.010527689009904861,0.6798747379540684,0.9058993152746417,2.432269334793091,2.321566104888916,0.954485620354379,0.42
32,sco_kcal,154,0.3377997577190399,0.045876394957304,0.6234773680275325,0.9125241656798622,9.700274467468262,3.269556999206543,0.33705819460796,0.2
32,sco_kcal,155,0.12200787663459778,0.10241346806287766,0.6368897859184723,0.8946492107469137,22.934232711791992,2.343454360961914,0.10218150266509639,0.04
32,sco_kcal,156,0.2327033132314682,0.03307761996984482,0.6299440526884006,0.9152530895361048,7.3069987297058105,1.2358566522598267,0.16913327865181987,0.06
32,sco_kcal,157,0.05880341678857803,0.03420182317495346,0.5918441269478949,0.9481984914748252,6.715442657470703,0.1130174770951271,0.01682949030461886,0.04
32,sco_kcal,158,0.08459720760583878,0.026598455384373665,0.6523322905449809,0.96501653364484,6.015681266784668,0.1724061816930771,0.028659460840289294,0.02
32,sco_kcal,159,0.4823971390724182,0.04110366478562355,0.6207332211014798,0.8930776724810023,8.554726600646973,4.260414123535156,0.4980187354220007,0.18
32,sco_kcal,160,0.5188033580780029,0.0323881097137928,0.6312293484166367,0.9085366817947971,6.879651069641113,3.7572250366210938,0.546135988379,0.26
32,sco_kcal,161,0.19474264979362488,0.03805141896009445,0.6061145354509627,0.9237416160858574,7.7746663093566895,0.9089794754981995,0.11691556130251621,0.08
32,sco_kcal,162,0.0834851935505867,0.04734594747424126,0.6106992988925584,0.9575461818944369,9.722825050354004,0.200773686170578,0.020649727330357335,0.02
32,sco_kcal,163,0.7348204851150513,0.024224529042840004,0.6306957859109141,0.9076393830683804,4.842007637023926,4.475881576538086,0.9243854847137593,0.66
32,sco_kcal,164,0.13281166553497314,0.020754456520080566,0.6483916431614067,0.9282685420619996,4.729596138000488,0.4389677941799164,0.09281295513859604,0.04
32,sco_kcal,165,0.6157070994377136,0.013895820826292038,0.6628141711523132,0.8942805747806304,3.1763722896575928,2.240668296813965,0.7054174046630739,0.36
32,sco_kcal,166,0.14711427688598633,0.06986275315284729,0.6350014808399966,0.936643977739597,15.201080322265625,1.18716561794281,0.07809745049527313,0.04
32,sco_kcal,167,0.0933452919125557,0.034230973571538925,0.6190003318003332,0.9615683816769449,7.221559047698975,0.038760509341955185,0.005367332605873458,0.06
32,sco_kcal,168,0.21235693991184235,0.017377490177750587,0.6534224235998081,0.9623933932617721,4.07373046875,0.22183147072792053,0.05445413544897294,0.12
32,sco_kcal,169,0.5775602459907532,0.022514160722494125,0.6501226240675362,0.8889610644274797,5.099492073059082,3.435943365097046,0.6737814895819405,0.38
32,sco_kcal,170,0.08333806693553925,0.035759106278419495,0.5925471219893226,0.9473993130478442,6.907355308532715,0.06356974691152573,0.009203196313500405,0.04
32,sco_kcal,171,0.13474710285663605,0.03674155846238136,0.6421813554781042,0.9312350140284926,8.147204399108887,0.48231813311576843,0.059200445881598694,0.06
32,sco_kcal,172,0.21669484674930573,0.018257752060890198,0.6498230438962087,0.9685260590393538,4.228699207305908,0.17931444942951202,0.04240416275523005,0.18
32,sco_kcal,173,0.5368771553039551,0.020288975909352303,0.6078729642382277,0.9172713023828303,4.009203910827637,2.0926811695098877,0.5219692527631719,0.38
32,sco_kcal,174,0.17032693326473236,0.021045761182904243,0.5928924880471584,0.9305099652157236,4.1647443771362305,0.4465547502040863,0.10722260714381399,0.04
32,sco_kcal,175,0.14651797711849213,0.045022837817668915,0.5906929515417676,0.9623126102580772,8.785574913024902,0.1058126762509346,0.012043910307345265,0.14
32,sco_kcal,176,0.0535319484770298,0.030815493315458298,0.6034055997732948,0.9605142321696387,6.227365016937256,0.04449225962162018,0.0071446365357755075,0.04
32,sco_kcal,177,0.6914103031158447,0.03707849979400635,0.6489577137840616,0.9309091880947642,8.04509449005127,5.4909443855285645,0.6825208072221873,0.72
32,sco_kcal,178,0.7748088836669922,0.016998305916786194,0.6964227609009614,0.8777183548211562,4.156315326690674,4.230742454528809,1.0179069974215347,0.62
32,sco_kcal,179,0.4986710846424103,0.024549312889575958,0.6284321253865117,0.9283553738583741,5.274728775024414,2.3997976779937744,0.45496134120804477,0.22
32,sco_kcal,180,0.3206857740879059,0.029885124415159225,0.6087796260894829,0.9114483748141657,6.121334552764893,1.8514398336410522,0.3024568936204919,0.08
32,sco_kcal,181,0.21512064337730408,0.0686064064502716,0.6494159649037388,0.9672484292420871,15.605928421020508,0.44396355748176575,0.02844839124622449,0.14
32,sco_kcal,182,0.07393722981214523,0.020194323733448982,0.6541940256076899,0.9671318026355891,4.591651439666748,0.06957776099443436,0.015153101647341976,0.02
32,sco_kcal,183,0.4473038613796234,0.16015219688415527,0.6571197403641149,0.9846176899554542,37.9104118347168,1.220536708831787,0.03219529015282471,0.3
32,sco_kcal,184,0.07456080615520477,0.019939277321100235,0.6539225341903558,0.9425953245451442,4.529026031494141,0.20248062908649445,0.044707322872175104,0.02
32,sco_kcal,185,0.4101370871067047,0.03457930311560631,0.6234424292759617,0.9161984925898743,7.240145206451416,2.527508020401001,0.3490963162104588,0.36
32,sco_kcal,186,0.08899005502462387,0.06913486123085022,0.6459700444971315,0.9272788725186814,15.478981971740723,0.6297282576560974,0.040682795471030576,0.08
32,sco_kcal,187,0.10613122582435608,0.02700284868478775,0.5917435872295678,0.9416619508663635,5.333817958831787,0.1839839220046997,0.03449385101342976,0.06
32,sco_kcal,188,0.12765437364578247,0.11959197372198105,0.5935496438222643,0.9312677057070153,23.05543327331543,0.7952914237976074,0.03449475073270842,0.12
32,sco_kcal,189,0.06619765609502792,0.017387287691235542,0.6328902852888745,0.9536199690464964,3.8506791591644287,0.08456271886825562,0.021960468627203196,0.02
32,sco_kcal,190,0.3000228703022003,0.027612047269940376,0.6098740673871608,0.935715539025723,5.831883907318115,0.818124532699585,0.14028477687509602,0.16
32,sco_kcal,191,0.3772156536579132,0.020880077034235,0.6343577151187414,0.9133017537602492,4.70245885848999,1.366001009941101,0.29048654141330194,0.28
32,sco_kcal,192,0.11912404745817184,0.03825017437338829,0.6169593603897496,0.936461242855515,8.112252235412598,0.4820862114429474,0.0594269257726585,0.04
32,sco_kcal,193,0.22631137073040009,0.028752483427524567,0.6457496318758298,0.9497931075926478,6.50177526473999,0.7063962817192078,0.10864667770817775,0.1
32,sco_kcal,194,0.8943861126899719,0.018319150432944298,0.7019474947479172,0.9095329891355117,4.252918720245361,7.54517126083374,1.7741160264634543,0.76
32,sco_kcal,195,0.3695472180843353,1.0625165700912476,0.6275391070425231,0.9331537842898308,233.7473907470703,62.8540153503418,0.26889718490314135,0.22
32,sco_kcal,196,0.2097068727016449,0.03791537135839462,0.5963804491153992,0.9182115752209163,7.503472805023193,1.1577982902526855,0.15430165742422608,0.08
32,sco_kcal,197,0.11700475960969925,0.030614376068115234,0.6014306757024375,0.9559295781811077,6.107899188995361,0.053128376603126526,0.008698306072053096,0.12
32,sco_kcal,198,0.13802741467952728,0.035900235176086426,0.6013152178466767,0.9372095654008543,7.22858190536499,0.25726157426834106,0.035589494265452506,0.08
32,sco_kcal,199,0.20480754971504211,0.0335950069129467,0.6240077098923331,0.9335313301718711,7.173433303833008,1.106784701347351,0.15428939734561392,0.04
32,sco_kcal,200,0.4014657437801361,0.025980526581406593,0.6111821497424967,0.9088890547166775,5.336075305938721,1.7242586612701416,0.32313237021807933,0.22
32,sco_kcal,201,0.20752818882465363,0.036101534962654114,0.6285340714876071,0.9274924844988963,7.655381202697754,0.7449386715888977,0.0973091544189049,0.1
32,sco_kcal,202,0.04917898029088974,0.03188343718647957,0.6598929317391378,0.9667567412671343,7.250586986541748,0.17244745790958405,0.023783930629295832,0.02
32,sco_kcal,203,0.29327455163002014,0.019021224230527878,0.6771440828914932,0.9208099394993488,4.596582412719727,1.1267200708389282,0.24512125959518377,0.2
32,sco_kcal,204,0.38895052671432495,0.033425722271203995,0.6068192974899418,0.9134014712484997,6.779358386993408,2.4742162227630615,0.3649631840544068,0.18
32,sco_kcal,205,0.4003573954105377,0.021649328991770744,0.6504545566862225,0.9361429945613788,4.937699317932129,1.538224697113037,0.3115266033973964,0.22
32,sco_kcal,206,0.09923136979341507,0.025005757808685303,0.5838879118261717,0.9451427262961642,4.833118915557861,0.21777629852294922,0.04505916413972869,0.06
32,sco_kcal,207,0.46871790289878845,0.013315686024725437,0.6471457242202061,0.9159935447885457,3.0523736476898193,1.45207941532135,0.47572138372389383,0.24
32,sco_kcal,208,0.22621038556098938,0.03416348248720169,0.6009529481516676,0.9354507034486603,6.824678897857666,0.7575763463973999,0.11100541984989368,0.08
32,sco_kcal,209,0.5970273613929749,0.027856994420289993,0.6316922748914089,0.9151090795143282,5.88593053817749,3.906934976577759,0.6637752435636958,0.38
32,sco_kcal,210,0.12434866279363632,0.02781073935329914,0.645656614617085,0.9288374229151655,6.289205551147461,0.4787006378173828,0.0761146434035765,0.04
32,sco_kcal,211,0.23065413534641266,0.057631295174360275,0.6404371005075333,0.9799326070931864,12.772329330444336,0.495547354221344,0.038798510545774066,0.14
32,sco_kcal,212,0.7277681827545166,0.022678490728139877,0.686128416381319,0.9692597231102094,5.732476711273193,2.2539069652557373,0.3931820535482194,0.72
32,sco_kcal,213,0.18674513697624207,0.020299317315220833,0.6182844721073921,0.9554916754405958,4.3311614990234375,0.20668932795524597,0.04772145485728227,0.1
32,sco_kcal,214,0.41270291805267334,0.03179508447647095,0.6295114366182146,0.9165516336282311,6.870423793792725,2.7309610843658447,0.39749528796654543,0.12
32,sco_kcal,215,0.0828988254070282,0.032209161669015884,0.60478953500269,0.9607063689231525,6.465946674346924,0.11733576655387878,0.018146726606855287,0.04
32,sco_kcal,216,0.7957819104194641,0.01641779951751232,0.6702127110142495,0.8866752858846421,3.690068244934082,4.048948764801025,1.0972557947565422,0.56
32,sco_kcal,217,0.07208774983882904,0.031558189541101456,0.6407308506843061,0.968605113251682,6.955562114715576,0.10752683132886887,0.01545911452668636,0.0
32,sco_kcal,218,0.24153073132038116,0.22924548387527466,0.6463385552820924,0.983672850773714,51.24122619628906,0.9084041714668274,0.01772799440799906,0.22
32,sco_kcal,219,0.10211721807718277,0.020574234426021576,0.6436890630103655,0.9532614911513635,4.6839094161987305,0.1441325694322586,0.03077185244740081,0.02
32,sco_kcal,220,0.2188035249710083,0.0456155426800251,0.5940541201766443,0.9172465198087782,8.608182907104492,1.5187151432037354,0.17642691373928773,0.1
32,sco_kcal,221,0.7805761694908142,0.03614499047398567,0.606755344741482,0.9074675990583958,7.204328536987305,7.822204113006592,1.085764491839467,0.26
32,sco_kcal,222,0.19751183688640594,0.0228568147867918,0.6399878149248193,0.9516824381378244,5.215724468231201,0.44382819533348083,0.08509425642340257,0.1
32,sco_kcal,223,0.41451361775398254,0.03464096784591675,0.6164502246064925,0.890794462878626,7.158411979675293,2.758570432662964,0.3853606694467022,0.06
32,sco_kcal,224,0.5582333207130432,0.06341700255870819,0.5981185831164548,0.9040218633550701,12.099641799926758,7.378697395324707,0.6098277550141503,0.48
32,sco_kcal,225,0.21141394972801208,0.030958909541368484,0.633679186406594,0.9281986254214942,6.697085857391357,0.508087158203125,0.07586690226501511,0.1
32,sco_kcal,226,0.08797155320644379,0.028404736891388893,0.5941044531166981,0.9619048607661662,5.302974700927734,0.06472655385732651,0.012205706703824714,0.06
32,sco_kcal,227,0.07554221898317337,0.06883454322814941,0.6300359888457514,0.9461837132406532,14.709331512451172,0.23558101058006287,0.0160157523392989,0.1
32,sco_kcal,228,0.283750057220459,0.07353579998016357,0.6145934419459673,0.8940352700884127,15.213412284851074,3.7385988235473633,0.2457436079130068,0.06
32,sco_kcal,229,0.7203899621963501,0.011844344437122345,0.6619230069678159,0.8995090410277018,2.6982524394989014,2.5199267864227295,0.9339106858699666,0.54
32,sco_kcal,230,0.23539406061172485,0.03250409662723541,0.6053446967340219,0.9286366710439045,6.618638038635254,0.9311304092407227,0.14068308371078703,0.1
32,sco_kcal,231,0.12694677710533142,0.04636731743812561,0.6451978592866339,0.9674179020809488,10.367646217346191,0.3329477310180664,0.03211410999547891,0.08
32,sco_kcal,232,0.13132692873477936,2.7516064643859863,0.6266894539979293,0.9826131631127435,581.7396240234375,0.7687046527862549,0.0013213895375902482,0.1
32,sco_kcal,233,0.14233627915382385,0.08248422294855118,0.59057436580718,0.932493544491801,15.733960151672363,0.8581010103225708,0.05453814564487525,0.06
32,sco_kcal,234,0.16624221205711365,0.014272312633693218,0.5957183054714768,0.9377404611006437,2.9371402263641357,0.27038872241973877,0.09205849962242048,0.04
32,sco_kcal,235,0.20571406185626984,0.029566628858447075,0.6209495828720699,0.9220158647924162,6.184878826141357,0.9196625351905823,0.14869531983447837,0.06
32,sco_kcal,236,0.38533270359039307,0.025704752653837204,0.6253089328995607,0.9039508999120591,5.516758441925049,1.7964659929275513,0.3256379650910875,0.16
32,sco_kcal,237,0.13622640073299408,0.014784914441406727,0.6384839450928577,0.9665790295554142,3.3097963333129883,0.361576110124588,0.10924421738139495,0.04
32,sco_kcal,238,0.6021763682365417,0.018127016723155975,0.6449139373225548,0.8948055954572163,4.063394546508789,2.296755075454712,0.565230633935868,0.38
32,sco_kcal,239,0.27338775992393494,0.07259124517440796,0.6258897157217513,0.956319999610977,15.325072288513184,1.2794724702835083,0.08348883752036389,0.16
32,sco_kcal,240,0.15627430379390717,0.019627125933766365,0.6244409779570865,0.9743004260229866,4.295731544494629,0.12056250125169754,0.028065650751897975,0.14
32,sco_kcal,241,0.3059048354625702,0.035705678164958954,0.6075747394401765,0.9252920166190151,7.286905765533447,1.8660792112350464,0.2560866396902606,0.16
32,sco_kcal,242,0.31307119131088257,0.09945724904537201,0.640495487514408,0.8937597401793886,21.926467895507812,6.864279747009277,0.31305907452680043,0.12
32,sco_kcal,243,0.6805152297019958,0.03067336603999138,0.6440971202696346,0.8954769112027345,6.576113700866699,4.438442707061768,0.6749339973359649,0.46
32,sco_kcal,244,0.5038896799087524,0.01619427651166916,0.6233755750671421,0.8978357259803231,3.396542549133301,1.5941922664642334,0.46935736661712807,0.3
32,sco_kcal,245,0.7318261861801147,0.016022998839616776,0.6748913018486342,0.8868207419982139,3.8078606128692627,3.352919578552246,0.8805258173633058,0.42
32,sco_kcal,246,0.33384087681770325,0.018413860350847244,0.6456278001219318,0.9375191496432054,4.3934149742126465,0.9491505026817322,0.21603934712582698,0.2
32,sco_kcal,247,0.12194837629795074,0.029184669256210327,0.6386843777441722,0.9492594320912555,6.389645576477051,0.32589191198349,0.05100312812078873,0.04
32,sco_kcal,248,0.08677443116903305,0.03809382766485214,0.643613233724817,0.9578227181962928,8.699532508850098,0.14772599935531616,0.0169809123886868,0.02
32,sco_kcal,249,0.10948611050844193,0.044872529804706573,0.6136353922636857,0.944586714858858,9.326148986816406,0.27369847893714905,0.029347427252561974,0.04
32,water_gsolv_eV,0,0.9999999403953552,0.0,0.6678731836607776,0.6678731836607776,,,,1.0
32,water_gsolv_eV,1,0.9999999403953552,0.0,0.6678731836607776,0.6678731836607776,,,,1.0
32,water_gsolv_eV,2,0.9999999403953552,0.0,0.6678731836607776,0.6678731836607776,,,,1.0
32,water_gsolv_eV,3,0.9999999403953552,0.0,0.6678731836607776,0.6678731836607776,,,,1.0
32,water_gsolv_eV,4,0.9999999403953552,0.0,0.6678731836607776,0.6678731836607776,,,,1.0
32,water_gsolv_eV,5,0.9999999403953552,0.0,0.6678731836607776,0.6678731836607776,,,,1.0
32,water_gsolv_eV,6,0.9999999403953552,0.0,0.6678731836607776,0.6678731836607776,,,,1.0
32,water_gsolv_eV,7,0.9999999403953552,0.0,0.6678731836607776,0.6678731836607776,,,,1.0
32,water_gsolv_eV,8,0.9999999403953552,0.0,0.6678731836607776,0.6678731836607776,,,,1.0
32,water_gsolv_eV,9,0.9999999403953552,0.0,0.6678731836607776,0.6678731836607776,,,,1.0
32,water_gsolv_eV,10,0.9999999403953552,0.0,0.6678731836607776,0.6678731836607776,,,,1.0
32,water_gsolv_eV,11,0.9999999403953552,0.0,0.6678731836607776,0.6678731836607776,,,,1.0
32,water_gsolv_eV,12,0.9999999403953552,0.0,0.6678731836607776,0.6678731836607776,,,,1.0
32,water_gsolv_eV,13,0.9999999403953552,0.0,0.6678731836607776,0.6678731836607776,,,,1.0
32,water_gsolv_eV,14,0.9999999403953552,0.0,0.6678731836607776,0.6678731836607776,,,,1.0
32,water_gsolv_eV,15,0.9999999403953552,0.0,0.6678731836607776,0.6678731836607776,,,,1.0
32,water_gsolv_eV,16,0.9999999403953552,0.0,0.6678731836607776,0.6678731836607776,,,,1.0
32,water_gsolv_eV,17,0.9999999403953552,0.0,0.6678731836607776,0.6678731836607776,,,,1.0
32,water_gsolv_eV,18,0.9999999403953552,0.0,0.6678731836607776,0.6678731836607776,,,,1.0
32,water_gsolv_eV,19,0.9999999403953552,0.0,0.6678731836607776,0.6678731836607776,,,,1.0
32,water_gsolv_eV,20,0.9999999403953552,0.0,0.6678731836607776,0.6678731836607776,,,,1.0
32,water_gsolv_eV,21,0.9999999403953552,0.0,0.6678731836607776,0.6678731836607776,,,,1.0
32,water_gsolv_eV,22,0.9999999403953552,0.0,0.6678731836607776,0.6678731836607776,,,,1.0
32,water_gsolv_eV,23,0.9999999403953552,0.0,0.6678731836607776,0.6678731836607776,,,,1.0
32,water_gsolv_eV,24,0.9999999403953552,0.0,0.6678731836607776,0.6678731836607776,,,,1.0
32,water_gsolv_eV,25,0.9999999403953552,0.0,0.6678731836607776,0.6678731836607776,,,,1.0
32,water_gsolv_eV,26,0.9999999403953552,0.0,0.6678731836607776,0.6678731836607776,,,,1.0
32,water_gsolv_eV,27,0.9999999403953552,0.0,0.6678731836607776,0.6678731836607776,,,,1.0
32,water_gsolv_eV,28,0.9999999403953552,0.0,0.6678731836607776,0.6678731836607776,,,,1.0
32,water_gsolv_eV,29,0.9999999403953552,0.0,0.6678731836607776,0.6678731836607776,,,,1.0
32,water_gsolv_eV,30,0.9999999403953552,0.0,0.6678731836607776,0.6678731836607776,,,,1.0
32,water_gsolv_eV,31,0.9999999403953552,0.0,0.6678731836607776,0.6678731836607776,,,,1.0
32,water_gsolv_eV,32,0.9999999403953552,0.0,0.6678731836607776,0.6678731836607776,,,,1.0
32,water_gsolv_eV,33,0.9999999403953552,0.0,0.6678731836607776,0.6678731836607776,,,,1.0
32,water_gsolv_eV,34,0.9999999403953552,0.0,0.6678731836607776,0.6678731836607776,,,,1.0
32,water_gsolv_eV,35,0.9999999403953552,0.0,0.6678731836607776,0.6678731836607776,,,,1.0
32,water_gsolv_eV,36,0.9999999403953552,0.0,0.6678731836607776,0.6678731836607776,,,,1.0
32,water_gsolv_eV,37,0.9999999403953552,0.0,0.6678731836607776,0.6678731836607776,,,,1.0
32,water_gsolv_eV,38,0.9999999403953552,0.0,0.6678731836607776,0.6678731836607776,,,,1.0
32,water_gsolv_eV,39,0.9999999403953552,0.0,0.6678731836607776,0.6678731836607776,,,,1.0
32,water_gsolv_eV,40,0.9999999403953552,0.0,0.6678731836607776,0.6678731836607776,,,,1.0
32,water_gsolv_eV,41,0.9999999403953552,0.0,0.6678731836607776,0.6678731836607776,,,,1.0
32,water_gsolv_eV,42,0.9999999403953552,0.0,0.6678731836607776,0.6678731836607776,,,,1.0
32,water_gsolv_eV,43,0.9999999403953552,0.0,0.6678731836607776,0.6678731836607776,,,,1.0
32,water_gsolv_eV,44,0.9999999403953552,0.0,0.6678731836607776,0.6678731836607776,,,,1.0
32,water_gsolv_eV,45,0.9999999403953552,0.0,0.6678731836607776,0.6678731836607776,,,,1.0
32,water_gsolv_eV,46,0.9999999403953552,0.0,0.6678731836607776,0.6678731836607776,,,,1.0
32,water_gsolv_eV,47,0.9999999403953552,0.0,0.6678731836607776,0.6678731836607776,,,,1.0
32,water_gsolv_eV,48,0.9999999403953552,0.0,0.6678731836607776,0.6678731836607776,,,,1.0
32,water_gsolv_eV,49,0.9999999403953552,0.0,0.6678731836607776,0.6678731836607776,,,,1.0
32,water_gsolv_eV,50,0.9999999403953552,0.0,0.6678731836607776,0.6678731836607776,,,,1.0
32,water_gsolv_eV,51,0.9999999403953552,0.0,0.6678731836607776,0.6678731836607776,,,,1.0
32,water_gsolv_eV,52,0.9999999403953552,0.0,0.6678731836607776,0.6678731836607776,,,,1.0
32,water_gsolv_eV,53,0.9999999403953552,0.0,0.6678731836607776,0.6678731836607776,,,,1.0
32,water_gsolv_eV,54,0.9999999403953552,0.0,0.6678731836607776,0.6678731836607776,,,,1.0
32,water_gsolv_eV,55,0.9999999403953552,0.0,0.6678731836607776,0.6678731836607776,,,,1.0
32,water_gsolv_eV,56,0.9999999403953552,0.0,0.6678731836607776,0.6678731836607776,,,,1.0
32,water_gsolv_eV,57,0.9999999403953552,0.0,0.6678731836607776,0.6678731836607776,,,,1.0
32,water_gsolv_eV,58,0.9999999403953552,0.0,0.6678731836607776,0.6678731836607776,,,,1.0
32,water_gsolv_eV,59,0.9999999403953552,0.0,0.6678731836607776,0.6678731836607776,,,,1.0
32,water_gsolv_eV,60,0.9999999403953552,0.0,0.6678731836607776,0.6678731836607776,,,,1.0
32,water_gsolv_eV,61,0.9999999403953552,0.0,0.6678731836607776,0.6678731836607776,,,,1.0
32,water_gsolv_eV,62,0.9999999403953552,0.0,0.6678731836607776,0.6678731836607776,,,,1.0
32,water_gsolv_eV,63,0.9999999403953552,0.0,0.6678731836607776,0.6678731836607776,,,,1.0
32,water_gsolv_eV,64,0.9999999403953552,0.0,0.6678731836607776,0.6678731836607776,,,,1.0
32,water_gsolv_eV,65,0.9999999403953552,0.0,0.6678731836607776,0.6678731836607776,,,,1.0
32,water_gsolv_eV,66,0.9999999403953552,0.0,0.6678731836607776,0.6678731836607776,,,,1.0
32,water_gsolv_eV,67,0.9999999403953552,0.0,0.6678731836607776,0.6678731836607776,,,,1.0
32,water_gsolv_eV,68,0.9999999403953552,0.0,0.6678731836607776,0.6678731836607776,,,,1.0
32,water_gsolv_eV,69,0.9999999403953552,0.0,0.6678731836607776,0.6678731836607776,,,,1.0
32,water_gsolv_eV,70,0.9999999403953552,0.0,0.6678731836607776,0.6678731836607776,,,,1.0
32,water_gsolv_eV,71,0.9999999403953552,0.0,0.6678731836607776,0.6678731836607776,,,,1.0
32,water_gsolv_eV,72,0.9999999403953552,0.0,0.6678731836607776,0.6678731836607776,,,,1.0
32,water_gsolv_eV,73,0.9999999403953552,0.0,0.6678731836607776,0.6678731836607776,,,,1.0
32,water_gsolv_eV,74,0.9999999403953552,0.0,0.6678731836607776,0.6678731836607776,,,,1.0
32,water_gsolv_eV,75,0.9999999403953552,0.0,0.6678731836607776,0.6678731836607776,,,,1.0
32,water_gsolv_eV,76,0.9999999403953552,0.0,0.6678731836607776,0.6678731836607776,,,,1.0
32,water_gsolv_eV,77,0.9999999403953552,0.0,0.6678731836607776,0.6678731836607776,,,,1.0
32,water_gsolv_eV,78,0.9999999403953552,0.0,0.6678731836607776,0.6678731836607776,,,,1.0
32,water_gsolv_eV,79,0.9999999403953552,0.0,0.6678731836607776,0.6678731836607776,,,,1.0
32,water_gsolv_eV,80,0.9999999403953552,0.0,0.6678731836607776,0.6678731836607776,,,,1.0
32,water_gsolv_eV,81,0.9999999403953552,0.0,0.6678731836607776,0.6678731836607776,,,,1.0
32,water_gsolv_eV,82,0.9999999403953552,0.0,0.6678731836607776,0.6678731836607776,,,,1.0
32,water_gsolv_eV,83,0.9999999403953552,0.0,0.6678731836607776,0.6678731836607776,,,,1.0
32,water_gsolv_eV,84,0.9999999403953552,0.0,0.6678731836607776,0.6678731836607776,,,,1.0
32,water_gsolv_eV,85,0.9999999403953552,0.0,0.6678731836607776,0.6678731836607776,,,,1.0
32,water_gsolv_eV,86,0.9999999403953552,0.0,0.6678731836607776,0.6678731836607776,,,,1.0
32,water_gsolv_eV,87,0.9999999403953552,0.0,0.6678731836607776,0.6678731836607776,,,,1.0
32,water_gsolv_eV,88,0.9999999403953552,0.0,0.6678731836607776,0.6678731836607776,,,,1.0
32,water_gsolv_eV,89,0.9999999403953552,0.0,0.6678731836607776,0.6678731836607776,,,,1.0
32,water_gsolv_eV,90,0.9999999403953552,0.0,0.6678731836607776,0.6678731836607776,,,,1.0
32,water_gsolv_eV,91,0.9999999403953552,0.0,0.6678731836607776,0.6678731836607776,,,,1.0
32,water_gsolv_eV,92,0.9999999403953552,0.0,0.6678731836607776,0.6678731836607776,,,,1.0
32,water_gsolv_eV,93,0.9999999403953552,0.0,0.6678731836607776,0.6678731836607776,,,,1.0
32,water_gsolv_eV,94,0.9999999403953552,0.0,0.6678731836607776,0.6678731836607776,,,,1.0
32,water_gsolv_eV,95,0.9999999403953552,0.0,0.6678731836607776,0.6678731836607776,,,,1.0
32,water_gsolv_eV,96,0.9999999403953552,0.0,0.6678731836607776,0.6678731836607776,,,,1.0
32,water_gsolv_eV,97,0.9999999403953552,0.0,0.6678731836607776,0.6678731836607776,,,,1.0
32,water_gsolv_eV,98,0.9999999403953552,0.0,0.6678731836607776,0.6678731836607776,,,,1.0
32,water_gsolv_eV,99,0.9999999403953552,0.0,0.6678731836607776,0.6678731836607776,,,,1.0
32,water_gsolv_eV,100,0.9999999403953552,0.0,0.6678731836607776,0.6678731836607776,,,,1.0
32,water_gsolv_eV,101,0.9999999403953552,0.0,0.6678731836607776,0.6678731836607776,,,,1.0
32,water_gsolv_eV,102,0.9999999403953552,0.0,0.6678731836607776,0.6678731836607776,,,,1.0
32,water_gsolv_eV,103,0.9999999403953552,0.0,0.6678731836607776,0.6678731836607776,,,,1.0
32,water_gsolv_eV,104,0.9999999403953552,0.0,0.6678731836607776,0.6678731836607776,,,,1.0
32,water_gsolv_eV,105,0.9999999403953552,0.0,0.6678731836607776,0.6678731836607776,,,,1.0
32,water_gsolv_eV,106,0.9999999403953552,0.0,0.6678731836607776,0.6678731836607776,,,,1.0
32,water_gsolv_eV,107,0.9999999403953552,0.0,0.6678731836607776,0.6678731836607776,,,,1.0
32,water_gsolv_eV,108,0.9999999403953552,0.0,0.6678731836607776,0.6678731836607776,,,,1.0
32,water_gsolv_eV,109,0.9999999403953552,0.0,0.6678731836607776,0.6678731836607776,,,,1.0
32,water_gsolv_eV,110,0.9999999403953552,0.0,0.6678731836607776,0.6678731836607776,,,,1.0
32,water_gsolv_eV,111,0.9999999403953552,0.0,0.6678731836607776,0.6678731836607776,,,,1.0
32,water_gsolv_eV,112,0.9999999403953552,0.0,0.6678731836607776,0.6678731836607776,,,,1.0
32,water_gsolv_eV,113,0.9999999403953552,0.0,0.6678731836607776,0.6678731836607776,,,,1.0
32,water_gsolv_eV,114,0.9999999403953552,0.0,0.6678731836607776,0.6678731836607776,,,,1.0
32,water_gsolv_eV,115,0.9999999403953552,0.0,0.6678731836607776,0.6678731836607776,,,,1.0
32,water_gsolv_eV,116,0.9999999403953552,0.0,0.6678731836607776,0.6678731836607776,,,,1.0
32,water_gsolv_eV,117,0.9999999403953552,0.0,0.6678731836607776,0.6678731836607776,,,,1.0
32,water_gsolv_eV,118,0.9999999403953552,0.0,0.6678731836607776,0.6678731836607776,,,,1.0
32,water_gsolv_eV,119,0.9999999403953552,0.0,0.6678731836607776,0.6678731836607776,,,,1.0
32,water_gsolv_eV,120,0.9999999403953552,0.0,0.6678731836607776,0.6678731836607776,,,,1.0
32,water_gsolv_eV,121,0.9999999403953552,0.0,0.6678731836607776,0.6678731836607776,,,,1.0
32,water_gsolv_eV,122,0.9999999403953552,0.0,0.6678731836607776,0.6678731836607776,,,,1.0
32,water_gsolv_eV,123,0.9999999403953552,0.0,0.6678731836607776,0.6678731836607776,,,,1.0
32,water_gsolv_eV,124,0.9999999403953552,0.0,0.6678731836607776,0.6678731836607776,,,,1.0
32,water_gsolv_eV,125,0.9999999403953552,0.0,0.6678731836607776,0.6678731836607776,,,,1.0
32,water_gsolv_eV,126,0.9999999403953552,0.0,0.6678731836607776,0.6678731836607776,,,,1.0
32,water_gsolv_eV,127,0.9999999403953552,0.0,0.6678731836607776,0.6678731836607776,,,,1.0
32,water_gsolv_eV,128,0.9999999403953552,0.0,0.6678731836607776,0.6678731836607776,,,,1.0
32,water_gsolv_eV,129,0.9999999403953552,0.0,0.6678731836607776,0.6678731836607776,,,,1.0
32,water_gsolv_eV,130,0.9999999403953552,0.0,0.6678731836607776,0.6678731836607776,,,,1.0
32,water_gsolv_eV,131,0.9999999403953552,0.0,0.6678731836607776,0.6678731836607776,,,,1.0
32,water_gsolv_eV,132,0.9999999403953552,0.0,0.6678731836607776,0.6678731836607776,,,,1.0
32,water_gsolv_eV,133,0.9999999403953552,0.0,0.6678731836607776,0.6678731836607776,,,,1.0
32,water_gsolv_eV,134,0.9999999403953552,0.0,0.6678731836607776,0.6678731836607776,,,,1.0
32,water_gsolv_eV,135,0.9999999403953552,0.0,0.6678731836607776,0.6678731836607776,,,,1.0
32,water_gsolv_eV,136,0.9999999403953552,0.0,0.6678731836607776,0.6678731836607776,,,,1.0
32,water_gsolv_eV,137,0.9999999403953552,0.0,0.6678731836607776,0.6678731836607776,,,,1.0
32,water_gsolv_eV,138,0.9999999403953552,0.0,0.6678731836607776,0.6678731836607776,,,,1.0
32,water_gsolv_eV,139,0.9999999403953552,0.0,0.6678731836607776,0.6678731836607776,,,,1.0
32,water_gsolv_eV,140,0.9999999403953552,0.0,0.6678731836607776,0.6678731836607776,,,,1.0
32,water_gsolv_eV,141,0.9999999403953552,0.0,0.6678731836607776,0.6678731836607776,,,,1.0
32,water_gsolv_eV,142,0.9999999403953552,0.0,0.6678731836607776,0.6678731836607776,,,,1.0
32,water_gsolv_eV,143,0.9999999403953552,0.0,0.6678731836607776,0.6678731836607776,,,,1.0
32,water_gsolv_eV,144,0.9999999403953552,0.0,0.6678731836607776,0.6678731836607776,,,,1.0
32,water_gsolv_eV,145,0.9999999403953552,0.0,0.6678731836607776,0.6678731836607776,,,,1.0
32,water_gsolv_eV,146,0.9999999403953552,0.0,0.6678731836607776,0.6678731836607776,,,,1.0
32,water_gsolv_eV,147,0.9999999403953552,0.0,0.6678731836607776,0.6678731836607776,,,,1.0
32,water_gsolv_eV,148,0.9999999403953552,0.0,0.6678731836607776,0.6678731836607776,,,,1.0
32,water_gsolv_eV,149,0.9999999403953552,0.0,0.6678731836607776,0.6678731836607776,,,,1.0
32,water_gsolv_eV,150,0.9999999403953552,0.0,0.6678731836607776,0.6678731836607776,,,,1.0
32,water_gsolv_eV,151,0.9999999403953552,0.0,0.6678731836607776,0.6678731836607776,,,,1.0
32,water_gsolv_eV,152,0.9999999403953552,0.0,0.6678731836607776,0.6678731836607776,,,,1.0
32,water_gsolv_eV,153,0.9999999403953552,0.0,0.6678731836607776,0.6678731836607776,,,,1.0
32,water_gsolv_eV,154,0.9999999403953552,0.0,0.6678731836607776,0.6678731836607776,,,,1.0
32,water_gsolv_eV,155,0.9999999403953552,0.0,0.6678731836607776,0.6678731836607776,,,,1.0
32,water_gsolv_eV,156,0.9999999403953552,0.0,0.6678731836607776,0.6678731836607776,,,,1.0
32,water_gsolv_eV,157,0.9999999403953552,0.0,0.6678731836607776,0.6678731836607776,,,,1.0
32,water_gsolv_eV,158,0.9999999403953552,0.0,0.6678731836607776,0.6678731836607776,,,,1.0
32,water_gsolv_eV,159,0.9999999403953552,0.0,0.6678731836607776,0.6678731836607776,,,,1.0
32,water_gsolv_eV,160,0.9999999403953552,0.0,0.6678731836607776,0.6678731836607776,,,,1.0
32,water_gsolv_eV,161,0.9999999403953552,0.0,0.6678731836607776,0.6678731836607776,,,,1.0
32,water_gsolv_eV,162,0.9999999403953552,0.0,0.6678731836607776,0.6678731836607776,,,,1.0
32,water_gsolv_eV,163,0.9999999403953552,0.0,0.6678731836607776,0.6678731836607776,,,,1.0
32,water_gsolv_eV,164,0.9999999403953552,0.0,0.6678731836607776,0.6678731836607776,,,,1.0
32,water_gsolv_eV,165,0.9999999403953552,0.0,0.6678731836607776,0.6678731836607776,,,,1.0
32,water_gsolv_eV,166,0.9999999403953552,0.0,0.6678731836607776,0.6678731836607776,,,,1.0
32,water_gsolv_eV,167,0.9999999403953552,0.0,0.6678731836607776,0.6678731836607776,,,,1.0
32,water_gsolv_eV,168,0.9999999403953552,0.0,0.6678731836607776,0.6678731836607776,,,,1.0
32,water_gsolv_eV,169,0.9999999403953552,0.0,0.6678731836607776,0.6678731836607776,,,,1.0
32,water_gsolv_eV,170,0.9999999403953552,0.0,0.6678731836607776,0.6678731836607776,,,,1.0
32,water_gsolv_eV,171,0.9999999403953552,0.0,0.6678731836607776,0.6678731836607776,,,,1.0
32,water_gsolv_eV,172,0.9999999403953552,0.0,0.6678731836607776,0.6678731836607776,,,,1.0
32,water_gsolv_eV,173,0.9999999403953552,0.0,0.6678731836607776,0.6678731836607776,,,,1.0
32,water_gsolv_eV,174,0.9999999403953552,0.0,0.6678731836607776,0.6678731836607776,,,,1.0
32,water_gsolv_eV,175,0.9999999403953552,0.0,0.6678731836607776,0.6678731836607776,,,,1.0
32,water_gsolv_eV,176,0.9999999403953552,0.0,0.6678731836607776,0.6678731836607776,,,,1.0
32,water_gsolv_eV,177,0.9999999403953552,0.0,0.6678731836607776,0.6678731836607776,,,,1.0
32,water_gsolv_eV,178,0.9999999403953552,0.0,0.6678731836607776,0.6678731836607776,,,,1.0
32,water_gsolv_eV,179,0.9999999403953552,0.0,0.6678731836607776,0.6678731836607776,,,,1.0
32,water_gsolv_eV,180,0.9999999403953552,0.0,0.6678731836607776,0.6678731836607776,,,,1.0
32,water_gsolv_eV,181,0.9999999403953552,0.0,0.6678731836607776,0.6678731836607776,,,,1.0
32,water_gsolv_eV,182,0.9999999403953552,0.0,0.6678731836607776,0.6678731836607776,,,,1.0
32,water_gsolv_eV,183,0.9999999403953552,0.0,0.6678731836607776,0.6678731836607776,,,,1.0
32,water_gsolv_eV,184,0.9999999403953552,0.0,0.6678731836607776,0.6678731836607776,,,,1.0
32,water_gsolv_eV,185,0.9999999403953552,0.0,0.6678731836607776,0.6678731836607776,,,,1.0
32,water_gsolv_eV,186,0.9999999403953552,0.0,0.6678731836607776,0.6678731836607776,,,,1.0
32,water_gsolv_eV,187,0.9999999403953552,0.0,0.6678731836607776,0.6678731836607776,,,,1.0
32,water_gsolv_eV,188,0.9999999403953552,0.0,0.6678731836607776,0.6678731836607776,,,,1.0
32,water_gsolv_eV,189,0.9999999403953552,0.0,0.6678731836607776,0.6678731836607776,,,,1.0
32,water_gsolv_eV,190,0.9999999403953552,0.0,0.6678731836607776,0.6678731836607776,,,,1.0
32,water_gsolv_eV,191,0.9999999403953552,0.0,0.6678731836607776,0.6678731836607776,,,,1.0
32,water_gsolv_eV,192,0.9999999403953552,0.0,0.6678731836607776,0.6678731836607776,,,,1.0
32,water_gsolv_eV,193,0.9999999403953552,0.0,0.6678731836607776,0.6678731836607776,,,,1.0
32,water_gsolv_eV,194,0.9999999403953552,0.0,0.6678731836607776,0.6678731836607776,,,,1.0
32,water_gsolv_eV,195,0.9999999403953552,0.0,0.6678731836607776,0.6678731836607776,,,,1.0
32,water_gsolv_eV,196,0.9999999403953552,0.0,0.6678731836607776,0.6678731836607776,,,,1.0
32,water_gsolv_eV,197,0.9999999403953552,0.0,0.6678731836607776,0.6678731836607776,,,,1.0
32,water_gsolv_eV,198,0.9999999403953552,0.0,0.6678731836607776,0.6678731836607776,,,,1.0
32,water_gsolv_eV,199,0.9999999403953552,0.0,0.6678731836607776,0.6678731836607776,,,,1.0
32,water_gsolv_eV,200,0.9999999403953552,0.0,0.6678731836607776,0.6678731836607776,,,,1.0
32,water_gsolv_eV,201,0.9999999403953552,0.0,0.6678731836607776,0.6678731836607776,,,,1.0
32,water_gsolv_eV,202,0.9999999403953552,0.0,0.6678731836607776,0.6678731836607776,,,,1.0
32,water_gsolv_eV,203,0.9999999403953552,0.0,0.6678731836607776,0.6678731836607776,,,,1.0
32,water_gsolv_eV,204,0.9999999403953552,0.0,0.6678731836607776,0.6678731836607776,,,,1.0
32,water_gsolv_eV,205,0.9999999403953552,0.0,0.6678731836607776,0.6678731836607776,,,,1.0
32,water_gsolv_eV,206,0.9999999403953552,0.0,0.6678731836607776,0.6678731836607776,,,,1.0
32,water_gsolv_eV,207,0.9999999403953552,0.0,0.6678731836607776,0.6678731836607776,,,,1.0
32,water_gsolv_eV,208,0.9999999403953552,0.0,0.6678731836607776,0.6678731836607776,,,,1.0
32,water_gsolv_eV,209,0.9999999403953552,0.0,0.6678731836607776,0.6678731836607776,,,,1.0
32,water_gsolv_eV,210,0.9999999403953552,0.0,0.6678731836607776,0.6678731836607776,,,,1.0
32,water_gsolv_eV,211,0.9999999403953552,0.0,0.6678731836607776,0.6678731836607776,,,,1.0
32,water_gsolv_eV,212,0.9999999403953552,0.0,0.6678731836607776,0.6678731836607776,,,,1.0
32,water_gsolv_eV,213,0.9999999403953552,0.0,0.6678731836607776,0.6678731836607776,,,,1.0
32,water_gsolv_eV,214,0.9999999403953552,0.0,0.6678731836607776,0.6678731836607776,,,,1.0
32,water_gsolv_eV,215,0.9999999403953552,0.0,0.6678731836607776,0.6678731836607776,,,,1.0
32,water_gsolv_eV,216,0.9999999403953552,0.0,0.6678731836607776,0.6678731836607776,,,,1.0
32,water_gsolv_eV,217,0.9999999403953552,0.0,0.6678731836607776,0.6678731836607776,,,,1.0
32,water_gsolv_eV,218,0.9999999403953552,0.0,0.6678731836607776,0.6678731836607776,,,,1.0
32,water_gsolv_eV,219,0.9999999403953552,0.0,0.6678731836607776,0.6678731836607776,,,,1.0
32,water_gsolv_eV,220,0.9999999403953552,0.0,0.6678731836607776,0.6678731836607776,,,,1.0
32,water_gsolv_eV,221,0.9999999403953552,0.0,0.6678731836607776,0.6678731836607776,,,,1.0
32,water_gsolv_eV,222,0.9999999403953552,0.0,0.6678731836607776,0.6678731836607776,,,,1.0
32,water_gsolv_eV,223,0.9999999403953552,0.0,0.6678731836607776,0.6678731836607776,,,,1.0
32,water_gsolv_eV,224,0.9999999403953552,0.0,0.6678731836607776,0.6678731836607776,,,,1.0
32,water_gsolv_eV,225,0.9999999403953552,0.0,0.6678731836607776,0.6678731836607776,,,,1.0
32,water_gsolv_eV,226,0.9999999403953552,0.0,0.6678731836607776,0.6678731836607776,,,,1.0
32,water_gsolv_eV,227,0.9999999403953552,0.0,0.6678731836607776,0.6678731836607776,,,,1.0
32,water_gsolv_eV,228,0.9999999403953552,0.0,0.6678731836607776,0.6678731836607776,,,,1.0
32,water_gsolv_eV,229,0.9999999403953552,0.0,0.6678731836607776,0.6678731836607776,,,,1.0
32,water_gsolv_eV,230,0.9999999403953552,0.0,0.6678731836607776,0.6678731836607776,,,,1.0
32,water_gsolv_eV,231,0.9999999403953552,0.0,0.6678731836607776,0.6678731836607776,,,,1.0
32,water_gsolv_eV,232,0.9999999403953552,0.0,0.6678731836607776,0.6678731836607776,,,,1.0
32,water_gsolv_eV,233,0.9999999403953552,0.0,0.6678731836607776,0.6678731836607776,,,,1.0
32,water_gsolv_eV,234,0.9999999403953552,0.0,0.6678731836607776,0.6678731836607776,,,,1.0
32,water_gsolv_eV,235,0.9999999403953552,0.0,0.6678731836607776,0.6678731836607776,,,,1.0
32,water_gsolv_eV,236,0.9999999403953552,0.0,0.6678731836607776,0.6678731836607776,,,,1.0
32,water_gsolv_eV,237,0.9999999403953552,0.0,0.6678731836607776,0.6678731836607776,,,,1.0
32,water_gsolv_eV,238,0.9999999403953552,0.0,0.6678731836607776,0.6678731836607776,,,,1.0
32,water_gsolv_eV,239,0.9999999403953552,0.0,0.6678731836607776,0.6678731836607776,,,,1.0
32,water_gsolv_eV,240,0.9999999403953552,0.0,0.6678731836607776,0.6678731836607776,,,,1.0
32,water_gsolv_eV,241,0.9999999403953552,0.0,0.6678731836607776,0.6678731836607776,,,,1.0
32,water_gsolv_eV,242,0.9999999403953552,0.0,0.6678731836607776,0.6678731836607776,,,,1.0
32,water_gsolv_eV,243,0.9999999403953552,0.0,0.6678731836607776,0.6678731836607776,,,,1.0
32,water_gsolv_eV,244,0.9999999403953552,0.0,0.6678731836607776,0.6678731836607776,,,,1.0
32,water_gsolv_eV,245,0.9999999403953552,0.0,0.6678731836607776,0.6678731836607776,,,,1.0
32,water_gsolv_eV,246,0.9999999403953552,0.0,0.6678731836607776,0.6678731836607776,,,,1.0
32,water_gsolv_eV,247,0.9999999403953552,0.0,0.6678731836607776,0.6678731836607776,,,,1.0
32,water_gsolv_eV,248,0.9999999403953552,0.0,0.6678731836607776,0.6678731836607776,,,,1.0
32,water_gsolv_eV,249,0.9999999403953552,0.0,0.6678731836607776,0.6678731836607776,,,,1.0
32,water_hl_gap_eV,0,1.0000001192092896,0.0,0.7106979303014749,0.7106979303014749,,,,1.0
32,water_hl_gap_eV,1,1.0000001192092896,0.0,0.7106979303014749,0.7106979303014749,,,,1.0
32,water_hl_gap_eV,2,1.0000001192092896,0.0,0.7106979303014749,0.7106979303014749,,,,1.0
32,water_hl_gap_eV,3,1.0000001192092896,0.0,0.7106979303014749,0.7106979303014749,,,,1.0
32,water_hl_gap_eV,4,1.0000001192092896,0.0,0.7106979303014749,0.7106979303014749,,,,1.0
32,water_hl_gap_eV,5,1.0000001192092896,0.0,0.7106979303014749,0.7106979303014749,,,,1.0
32,water_hl_gap_eV,6,1.0000001192092896,0.0,0.7106979303014749,0.7106979303014749,,,,1.0
32,water_hl_gap_eV,7,1.0000001192092896,0.0,0.7106979303014749,0.7106979303014749,,,,1.0
32,water_hl_gap_eV,8,1.0000001192092896,0.0,0.7106979303014749,0.7106979303014749,,,,1.0
32,water_hl_gap_eV,9,1.0000001192092896,0.0,0.7106979303014749,0.7106979303014749,,,,1.0
32,water_hl_gap_eV,10,1.0000001192092896,0.0,0.7106979303014749,0.7106979303014749,,,,1.0
32,water_hl_gap_eV,11,1.0000001192092896,0.0,0.7106979303014749,0.7106979303014749,,,,1.0
32,water_hl_gap_eV,12,1.0000001192092896,0.0,0.7106979303014749,0.7106979303014749,,,,1.0
32,water_hl_gap_eV,13,1.0000001192092896,0.0,0.7106979303014749,0.7106979303014749,,,,1.0
32,water_hl_gap_eV,14,1.0000001192092896,0.0,0.7106979303014749,0.7106979303014749,,,,1.0
32,water_hl_gap_eV,15,1.0000001192092896,0.0,0.7106979303014749,0.7106979303014749,,,,1.0
32,water_hl_gap_eV,16,1.0000001192092896,0.0,0.7106979303014749,0.7106979303014749,,,,1.0
32,water_hl_gap_eV,17,1.0000001192092896,0.0,0.7106979303014749,0.7106979303014749,,,,1.0
32,water_hl_gap_eV,18,1.0000001192092896,0.0,0.7106979303014749,0.7106979303014749,,,,1.0
32,water_hl_gap_eV,19,1.0000001192092896,0.0,0.7106979303014749,0.7106979303014749,,,,1.0
32,water_hl_gap_eV,20,1.0000001192092896,0.0,0.7106979303014749,0.7106979303014749,,,,1.0
32,water_hl_gap_eV,21,1.0000001192092896,0.0,0.7106979303014749,0.7106979303014749,,,,1.0
32,water_hl_gap_eV,22,1.0000001192092896,0.0,0.7106979303014749,0.7106979303014749,,,,1.0
32,water_hl_gap_eV,23,1.0000001192092896,0.0,0.7106979303014749,0.7106979303014749,,,,1.0
32,water_hl_gap_eV,24,1.0000001192092896,0.0,0.7106979303014749,0.7106979303014749,,,,1.0
32,water_hl_gap_eV,25,1.0000001192092896,0.0,0.7106979303014749,0.7106979303014749,,,,1.0
32,water_hl_gap_eV,26,1.0000001192092896,0.0,0.7106979303014749,0.7106979303014749,,,,1.0
32,water_hl_gap_eV,27,1.0000001192092896,0.0,0.7106979303014749,0.7106979303014749,,,,1.0
32,water_hl_gap_eV,28,1.0000001192092896,0.0,0.7106979303014749,0.7106979303014749,,,,1.0
32,water_hl_gap_eV,29,1.0000001192092896,0.0,0.7106979303014749,0.7106979303014749,,,,1.0
32,water_hl_gap_eV,30,1.0000001192092896,0.0,0.7106979303014749,0.7106979303014749,,,,1.0
32,water_hl_gap_eV,31,1.0000001192092896,0.0,0.7106979303014749,0.7106979303014749,,,,1.0
32,water_hl_gap_eV,32,1.0000001192092896,0.0,0.7106979303014749,0.7106979303014749,,,,1.0
32,water_hl_gap_eV,33,1.0000001192092896,0.0,0.7106979303014749,0.7106979303014749,,,,1.0
32,water_hl_gap_eV,34,1.0000001192092896,0.0,0.7106979303014749,0.7106979303014749,,,,1.0
32,water_hl_gap_eV,35,1.0000001192092896,0.0,0.7106979303014749,0.7106979303014749,,,,1.0
32,water_hl_gap_eV,36,1.0000001192092896,0.0,0.7106979303014749,0.7106979303014749,,,,1.0
32,water_hl_gap_eV,37,1.0000001192092896,0.0,0.7106979303014749,0.7106979303014749,,,,1.0
32,water_hl_gap_eV,38,1.0000001192092896,0.0,0.7106979303014749,0.7106979303014749,,,,1.0
32,water_hl_gap_eV,39,1.0000001192092896,0.0,0.7106979303014749,0.7106979303014749,,,,1.0
32,water_hl_gap_eV,40,1.0000001192092896,0.0,0.7106979303014749,0.7106979303014749,,,,1.0
32,water_hl_gap_eV,41,1.0000001192092896,0.0,0.7106979303014749,0.7106979303014749,,,,1.0
32,water_hl_gap_eV,42,1.0000001192092896,0.0,0.7106979303014749,0.7106979303014749,,,,1.0
32,water_hl_gap_eV,43,1.0000001192092896,0.0,0.7106979303014749,0.7106979303014749,,,,1.0
32,water_hl_gap_eV,44,1.0000001192092896,0.0,0.7106979303014749,0.7106979303014749,,,,1.0
32,water_hl_gap_eV,45,1.0000001192092896,0.0,0.7106979303014749,0.7106979303014749,,,,1.0
32,water_hl_gap_eV,46,1.0000001192092896,0.0,0.7106979303014749,0.7106979303014749,,,,1.0
32,water_hl_gap_eV,47,1.0000001192092896,0.0,0.7106979303014749,0.7106979303014749,,,,1.0
32,water_hl_gap_eV,48,1.0000001192092896,0.0,0.7106979303014749,0.7106979303014749,,,,1.0
32,water_hl_gap_eV,49,1.0000001192092896,0.0,0.7106979303014749,0.7106979303014749,,,,1.0
32,water_hl_gap_eV,50,1.0000001192092896,0.0,0.7106979303014749,0.7106979303014749,,,,1.0
32,water_hl_gap_eV,51,1.0000001192092896,0.0,0.7106979303014749,0.7106979303014749,,,,1.0
32,water_hl_gap_eV,52,1.0000001192092896,0.0,0.7106979303014749,0.7106979303014749,,,,1.0
32,water_hl_gap_eV,53,1.0000001192092896,0.0,0.7106979303014749,0.7106979303014749,,,,1.0
32,water_hl_gap_eV,54,1.0000001192092896,0.0,0.7106979303014749,0.7106979303014749,,,,1.0
32,water_hl_gap_eV,55,1.0000001192092896,0.0,0.7106979303014749,0.7106979303014749,,,,1.0
32,water_hl_gap_eV,56,1.0000001192092896,0.0,0.7106979303014749,0.7106979303014749,,,,1.0
32,water_hl_gap_eV,57,1.0000001192092896,0.0,0.7106979303014749,0.7106979303014749,,,,1.0
32,water_hl_gap_eV,58,1.0000001192092896,0.0,0.7106979303014749,0.7106979303014749,,,,1.0
32,water_hl_gap_eV,59,1.0000001192092896,0.0,0.7106979303014749,0.7106979303014749,,,,1.0
32,water_hl_gap_eV,60,1.0000001192092896,0.0,0.7106979303014749,0.7106979303014749,,,,1.0
32,water_hl_gap_eV,61,1.0000001192092896,0.0,0.7106979303014749,0.7106979303014749,,,,1.0
32,water_hl_gap_eV,62,1.0000001192092896,0.0,0.7106979303014749,0.7106979303014749,,,,1.0
32,water_hl_gap_eV,63,1.0000001192092896,0.0,0.7106979303014749,0.7106979303014749,,,,1.0
32,water_hl_gap_eV,64,1.0000001192092896,0.0,0.7106979303014749,0.7106979303014749,,,,1.0
32,water_hl_gap_eV,65,1.0000001192092896,0.0,0.7106979303014749,0.7106979303014749,,,,1.0
32,water_hl_gap_eV,66,1.0000001192092896,0.0,0.7106979303014749,0.7106979303014749,,,,1.0
32,water_hl_gap_eV,67,1.0000001192092896,0.0,0.7106979303014749,0.7106979303014749,,,,1.0
32,water_hl_gap_eV,68,1.0000001192092896,0.0,0.7106979303014749,0.7106979303014749,,,,1.0
32,water_hl_gap_eV,69,1.0000001192092896,0.0,0.7106979303014749,0.7106979303014749,,,,1.0
32,water_hl_gap_eV,70,1.0000001192092896,0.0,0.7106979303014749,0.7106979303014749,,,,1.0
32,water_hl_gap_eV,71,1.0000001192092896,0.0,0.7106979303014749,0.7106979303014749,,,,1.0
32,water_hl_gap_eV,72,1.0000001192092896,0.0,0.7106979303014749,0.7106979303014749,,,,1.0
32,water_hl_gap_eV,73,1.0000001192092896,0.0,0.7106979303014749,0.7106979303014749,,,,1.0
32,water_hl_gap_eV,74,1.0000001192092896,0.0,0.7106979303014749,0.7106979303014749,,,,1.0
32,water_hl_gap_eV,75,1.0000001192092896,0.0,0.7106979303014749,0.7106979303014749,,,,1.0
32,water_hl_gap_eV,76,1.0000001192092896,0.0,0.7106979303014749,0.7106979303014749,,,,1.0
32,water_hl_gap_eV,77,1.0000001192092896,0.0,0.7106979303014749,0.7106979303014749,,,,1.0
32,water_hl_gap_eV,78,1.0000001192092896,0.0,0.7106979303014749,0.7106979303014749,,,,1.0
32,water_hl_gap_eV,79,1.0000001192092896,0.0,0.7106979303014749,0.7106979303014749,,,,1.0
32,water_hl_gap_eV,80,1.0000001192092896,0.0,0.7106979303014749,0.7106979303014749,,,,1.0
32,water_hl_gap_eV,81,1.0000001192092896,0.0,0.7106979303014749,0.7106979303014749,,,,1.0
32,water_hl_gap_eV,82,1.0000001192092896,0.0,0.7106979303014749,0.7106979303014749,,,,1.0
32,water_hl_gap_eV,83,1.0000001192092896,0.0,0.7106979303014749,0.7106979303014749,,,,1.0
32,water_hl_gap_eV,84,1.0000001192092896,0.0,0.7106979303014749,0.7106979303014749,,,,1.0
32,water_hl_gap_eV,85,1.0000001192092896,0.0,0.7106979303014749,0.7106979303014749,,,,1.0
32,water_hl_gap_eV,86,1.0000001192092896,0.0,0.7106979303014749,0.7106979303014749,,,,1.0
32,water_hl_gap_eV,87,1.0000001192092896,0.0,0.7106979303014749,0.7106979303014749,,,,1.0
32,water_hl_gap_eV,88,1.0000001192092896,0.0,0.7106979303014749,0.7106979303014749,,,,1.0
32,water_hl_gap_eV,89,1.0000001192092896,0.0,0.7106979303014749,0.7106979303014749,,,,1.0
32,water_hl_gap_eV,90,1.0000001192092896,0.0,0.7106979303014749,0.7106979303014749,,,,1.0
32,water_hl_gap_eV,91,1.0000001192092896,0.0,0.7106979303014749,0.7106979303014749,,,,1.0
32,water_hl_gap_eV,92,1.0000001192092896,0.0,0.7106979303014749,0.7106979303014749,,,,1.0
32,water_hl_gap_eV,93,1.0000001192092896,0.0,0.7106979303014749,0.7106979303014749,,,,1.0
32,water_hl_gap_eV,94,1.0000001192092896,0.0,0.7106979303014749,0.7106979303014749,,,,1.0
32,water_hl_gap_eV,95,1.0000001192092896,0.0,0.7106979303014749,0.7106979303014749,,,,1.0
32,water_hl_gap_eV,96,1.0000001192092896,0.0,0.7106979303014749,0.7106979303014749,,,,1.0
32,water_hl_gap_eV,97,1.0000001192092896,0.0,0.7106979303014749,0.7106979303014749,,,,1.0
32,water_hl_gap_eV,98,1.0000001192092896,0.0,0.7106979303014749,0.7106979303014749,,,,1.0
32,water_hl_gap_eV,99,1.0000001192092896,0.0,0.7106979303014749,0.7106979303014749,,,,1.0
32,water_hl_gap_eV,100,1.0000001192092896,0.0,0.7106979303014749,0.7106979303014749,,,,1.0
32,water_hl_gap_eV,101,1.0000001192092896,0.0,0.7106979303014749,0.7106979303014749,,,,1.0
32,water_hl_gap_eV,102,1.0000001192092896,0.0,0.7106979303014749,0.7106979303014749,,,,1.0
32,water_hl_gap_eV,103,1.0000001192092896,0.0,0.7106979303014749,0.7106979303014749,,,,1.0
32,water_hl_gap_eV,104,1.0000001192092896,0.0,0.7106979303014749,0.7106979303014749,,,,1.0
32,water_hl_gap_eV,105,1.0000001192092896,0.0,0.7106979303014749,0.7106979303014749,,,,1.0
32,water_hl_gap_eV,106,1.0000001192092896,0.0,0.7106979303014749,0.7106979303014749,,,,1.0
32,water_hl_gap_eV,107,1.0000001192092896,0.0,0.7106979303014749,0.7106979303014749,,,,1.0
32,water_hl_gap_eV,108,1.0000001192092896,0.0,0.7106979303014749,0.7106979303014749,,,,1.0
32,water_hl_gap_eV,109,1.0000001192092896,0.0,0.7106979303014749,0.7106979303014749,,,,1.0
32,water_hl_gap_eV,110,1.0000001192092896,0.0,0.7106979303014749,0.7106979303014749,,,,1.0
32,water_hl_gap_eV,111,1.0000001192092896,0.0,0.7106979303014749,0.7106979303014749,,,,1.0
32,water_hl_gap_eV,112,1.0000001192092896,0.0,0.7106979303014749,0.7106979303014749,,,,1.0
32,water_hl_gap_eV,113,1.0000001192092896,0.0,0.7106979303014749,0.7106979303014749,,,,1.0
32,water_hl_gap_eV,114,1.0000001192092896,0.0,0.7106979303014749,0.7106979303014749,,,,1.0
32,water_hl_gap_eV,115,1.0000001192092896,0.0,0.7106979303014749,0.7106979303014749,,,,1.0
32,water_hl_gap_eV,116,1.0000001192092896,0.0,0.7106979303014749,0.7106979303014749,,,,1.0
32,water_hl_gap_eV,117,1.0000001192092896,0.0,0.7106979303014749,0.7106979303014749,,,,1.0
32,water_hl_gap_eV,118,1.0000001192092896,0.0,0.7106979303014749,0.7106979303014749,,,,1.0
32,water_hl_gap_eV,119,1.0000001192092896,0.0,0.7106979303014749,0.7106979303014749,,,,1.0
32,water_hl_gap_eV,120,1.0000001192092896,0.0,0.7106979303014749,0.7106979303014749,,,,1.0
32,water_hl_gap_eV,121,1.0000001192092896,0.0,0.7106979303014749,0.7106979303014749,,,,1.0
32,water_hl_gap_eV,122,1.0000001192092896,0.0,0.7106979303014749,0.7106979303014749,,,,1.0
32,water_hl_gap_eV,123,1.0000001192092896,0.0,0.7106979303014749,0.7106979303014749,,,,1.0
32,water_hl_gap_eV,124,1.0000001192092896,0.0,0.7106979303014749,0.7106979303014749,,,,1.0
32,water_hl_gap_eV,125,1.0000001192092896,0.0,0.7106979303014749,0.7106979303014749,,,,1.0
32,water_hl_gap_eV,126,1.0000001192092896,0.0,0.7106979303014749,0.7106979303014749,,,,1.0
32,water_hl_gap_eV,127,1.0000001192092896,0.0,0.7106979303014749,0.7106979303014749,,,,1.0
32,water_hl_gap_eV,128,1.0000001192092896,0.0,0.7106979303014749,0.7106979303014749,,,,1.0
32,water_hl_gap_eV,129,1.0000001192092896,0.0,0.7106979303014749,0.7106979303014749,,,,1.0
32,water_hl_gap_eV,130,1.0000001192092896,0.0,0.7106979303014749,0.7106979303014749,,,,1.0
32,water_hl_gap_eV,131,1.0000001192092896,0.0,0.7106979303014749,0.7106979303014749,,,,1.0
32,water_hl_gap_eV,132,1.0000001192092896,0.0,0.7106979303014749,0.7106979303014749,,,,1.0
32,water_hl_gap_eV,133,1.0000001192092896,0.0,0.7106979303014749,0.7106979303014749,,,,1.0
32,water_hl_gap_eV,134,1.0000001192092896,0.0,0.7106979303014749,0.7106979303014749,,,,1.0
32,water_hl_gap_eV,135,1.0000001192092896,0.0,0.7106979303014749,0.7106979303014749,,,,1.0
32,water_hl_gap_eV,136,1.0000001192092896,0.0,0.7106979303014749,0.7106979303014749,,,,1.0
32,water_hl_gap_eV,137,1.0000001192092896,0.0,0.7106979303014749,0.7106979303014749,,,,1.0
32,water_hl_gap_eV,138,1.0000001192092896,0.0,0.7106979303014749,0.7106979303014749,,,,1.0
32,water_hl_gap_eV,139,1.0000001192092896,0.0,0.7106979303014749,0.7106979303014749,,,,1.0
32,water_hl_gap_eV,140,1.0000001192092896,0.0,0.7106979303014749,0.7106979303014749,,,,1.0
32,water_hl_gap_eV,141,1.0000001192092896,0.0,0.7106979303014749,0.7106979303014749,,,,1.0
32,water_hl_gap_eV,142,1.0000001192092896,0.0,0.7106979303014749,0.7106979303014749,,,,1.0
32,water_hl_gap_eV,143,1.0000001192092896,0.0,0.7106979303014749,0.7106979303014749,,,,1.0
32,water_hl_gap_eV,144,1.0000001192092896,0.0,0.7106979303014749,0.7106979303014749,,,,1.0
32,water_hl_gap_eV,145,1.0000001192092896,0.0,0.7106979303014749,0.7106979303014749,,,,1.0
32,water_hl_gap_eV,146,1.0000001192092896,0.0,0.7106979303014749,0.7106979303014749,,,,1.0
32,water_hl_gap_eV,147,1.0000001192092896,0.0,0.7106979303014749,0.7106979303014749,,,,1.0
32,water_hl_gap_eV,148,1.0000001192092896,0.0,0.7106979303014749,0.7106979303014749,,,,1.0
32,water_hl_gap_eV,149,1.0000001192092896,0.0,0.7106979303014749,0.7106979303014749,,,,1.0
32,water_hl_gap_eV,150,1.0000001192092896,0.0,0.7106979303014749,0.7106979303014749,,,,1.0
32,water_hl_gap_eV,151,1.0000001192092896,0.0,0.7106979303014749,0.7106979303014749,,,,1.0
32,water_hl_gap_eV,152,1.0000001192092896,0.0,0.7106979303014749,0.7106979303014749,,,,1.0
32,water_hl_gap_eV,153,1.0000001192092896,0.0,0.7106979303014749,0.7106979303014749,,,,1.0
32,water_hl_gap_eV,154,1.0000001192092896,0.0,0.7106979303014749,0.7106979303014749,,,,1.0
32,water_hl_gap_eV,155,1.0000001192092896,0.0,0.7106979303014749,0.7106979303014749,,,,1.0
32,water_hl_gap_eV,156,1.0000001192092896,0.0,0.7106979303014749,0.7106979303014749,,,,1.0
32,water_hl_gap_eV,157,1.0000001192092896,0.0,0.7106979303014749,0.7106979303014749,,,,1.0
32,water_hl_gap_eV,158,1.0000001192092896,0.0,0.7106979303014749,0.7106979303014749,,,,1.0
32,water_hl_gap_eV,159,1.0000001192092896,0.0,0.7106979303014749,0.7106979303014749,,,,1.0
32,water_hl_gap_eV,160,1.0000001192092896,0.0,0.7106979303014749,0.7106979303014749,,,,1.0
32,water_hl_gap_eV,161,1.0000001192092896,0.0,0.7106979303014749,0.7106979303014749,,,,1.0
32,water_hl_gap_eV,162,1.0000001192092896,0.0,0.7106979303014749,0.7106979303014749,,,,1.0
32,water_hl_gap_eV,163,1.0000001192092896,0.0,0.7106979303014749,0.7106979303014749,,,,1.0
32,water_hl_gap_eV,164,1.0000001192092896,0.0,0.7106979303014749,0.7106979303014749,,,,1.0
32,water_hl_gap_eV,165,1.0000001192092896,0.0,0.7106979303014749,0.7106979303014749,,,,1.0
32,water_hl_gap_eV,166,1.0000001192092896,0.0,0.7106979303014749,0.7106979303014749,,,,1.0
32,water_hl_gap_eV,167,1.0000001192092896,0.0,0.7106979303014749,0.7106979303014749,,,,1.0
32,water_hl_gap_eV,168,1.0000001192092896,0.0,0.7106979303014749,0.7106979303014749,,,,1.0
32,water_hl_gap_eV,169,1.0000001192092896,0.0,0.7106979303014749,0.7106979303014749,,,,1.0
32,water_hl_gap_eV,170,1.0000001192092896,0.0,0.7106979303014749,0.7106979303014749,,,,1.0
32,water_hl_gap_eV,171,1.0000001192092896,0.0,0.7106979303014749,0.7106979303014749,,,,1.0
32,water_hl_gap_eV,172,1.0000001192092896,0.0,0.7106979303014749,0.7106979303014749,,,,1.0
32,water_hl_gap_eV,173,1.0000001192092896,0.0,0.7106979303014749,0.7106979303014749,,,,1.0
32,water_hl_gap_eV,174,1.0000001192092896,0.0,0.7106979303014749,0.7106979303014749,,,,1.0
32,water_hl_gap_eV,175,1.0000001192092896,0.0,0.7106979303014749,0.7106979303014749,,,,1.0
32,water_hl_gap_eV,176,1.0000001192092896,0.0,0.7106979303014749,0.7106979303014749,,,,1.0
32,water_hl_gap_eV,177,1.0000001192092896,0.0,0.7106979303014749,0.7106979303014749,,,,1.0
32,water_hl_gap_eV,178,1.0000001192092896,0.0,0.7106979303014749,0.7106979303014749,,,,1.0
32,water_hl_gap_eV,179,1.0000001192092896,0.0,0.7106979303014749,0.7106979303014749,,,,1.0
32,water_hl_gap_eV,180,1.0000001192092896,0.0,0.7106979303014749,0.7106979303014749,,,,1.0
32,water_hl_gap_eV,181,1.0000001192092896,0.0,0.7106979303014749,0.7106979303014749,,,,1.0
32,water_hl_gap_eV,182,1.0000001192092896,0.0,0.7106979303014749,0.7106979303014749,,,,1.0
32,water_hl_gap_eV,183,1.0000001192092896,0.0,0.7106979303014749,0.7106979303014749,,,,1.0
32,water_hl_gap_eV,184,1.0000001192092896,0.0,0.7106979303014749,0.7106979303014749,,,,1.0
32,water_hl_gap_eV,185,1.0000001192092896,0.0,0.7106979303014749,0.7106979303014749,,,,1.0
32,water_hl_gap_eV,186,1.0000001192092896,0.0,0.7106979303014749,0.7106979303014749,,,,1.0
32,water_hl_gap_eV,187,1.0000001192092896,0.0,0.7106979303014749,0.7106979303014749,,,,1.0
32,water_hl_gap_eV,188,1.0000001192092896,0.0,0.7106979303014749,0.7106979303014749,,,,1.0
32,water_hl_gap_eV,189,1.0000001192092896,0.0,0.7106979303014749,0.7106979303014749,,,,1.0
32,water_hl_gap_eV,190,1.0000001192092896,0.0,0.7106979303014749,0.7106979303014749,,,,1.0
32,water_hl_gap_eV,191,1.0000001192092896,0.0,0.7106979303014749,0.7106979303014749,,,,1.0
32,water_hl_gap_eV,192,1.0000001192092896,0.0,0.7106979303014749,0.7106979303014749,,,,1.0
32,water_hl_gap_eV,193,1.0000001192092896,0.0,0.7106979303014749,0.7106979303014749,,,,1.0
32,water_hl_gap_eV,194,1.0000001192092896,0.0,0.7106979303014749,0.7106979303014749,,,,1.0
32,water_hl_gap_eV,195,1.0000001192092896,0.0,0.7106979303014749,0.7106979303014749,,,,1.0
32,water_hl_gap_eV,196,1.0000001192092896,0.0,0.7106979303014749,0.7106979303014749,,,,1.0
32,water_hl_gap_eV,197,1.0000001192092896,0.0,0.7106979303014749,0.7106979303014749,,,,1.0
32,water_hl_gap_eV,198,1.0000001192092896,0.0,0.7106979303014749,0.7106979303014749,,,,1.0
32,water_hl_gap_eV,199,1.0000001192092896,0.0,0.7106979303014749,0.7106979303014749,,,,1.0
32,water_hl_gap_eV,200,1.0000001192092896,0.0,0.7106979303014749,0.7106979303014749,,,,1.0
32,water_hl_gap_eV,201,1.0000001192092896,0.0,0.7106979303014749,0.7106979303014749,,,,1.0
32,water_hl_gap_eV,202,1.0000001192092896,0.0,0.7106979303014749,0.7106979303014749,,,,1.0
32,water_hl_gap_eV,203,1.0000001192092896,0.0,0.7106979303014749,0.7106979303014749,,,,1.0
32,water_hl_gap_eV,204,1.0000001192092896,0.0,0.7106979303014749,0.7106979303014749,,,,1.0
32,water_hl_gap_eV,205,1.0000001192092896,0.0,0.7106979303014749,0.7106979303014749,,,,1.0
32,water_hl_gap_eV,206,1.0000001192092896,0.0,0.7106979303014749,0.7106979303014749,,,,1.0
32,water_hl_gap_eV,207,1.0000001192092896,0.0,0.7106979303014749,0.7106979303014749,,,,1.0
32,water_hl_gap_eV,208,1.0000001192092896,0.0,0.7106979303014749,0.7106979303014749,,,,1.0
32,water_hl_gap_eV,209,1.0000001192092896,0.0,0.7106979303014749,0.7106979303014749,,,,1.0
32,water_hl_gap_eV,210,1.0000001192092896,0.0,0.7106979303014749,0.7106979303014749,,,,1.0
32,water_hl_gap_eV,211,1.0000001192092896,0.0,0.7106979303014749,0.7106979303014749,,,,1.0
32,water_hl_gap_eV,212,1.0000001192092896,0.0,0.7106979303014749,0.7106979303014749,,,,1.0
32,water_hl_gap_eV,213,1.0000001192092896,0.0,0.7106979303014749,0.7106979303014749,,,,1.0
32,water_hl_gap_eV,214,1.0000001192092896,0.0,0.7106979303014749,0.7106979303014749,,,,1.0
32,water_hl_gap_eV,215,1.0000001192092896,0.0,0.7106979303014749,0.7106979303014749,,,,1.0
32,water_hl_gap_eV,216,1.0000001192092896,0.0,0.7106979303014749,0.7106979303014749,,,,1.0
32,water_hl_gap_eV,217,1.0000001192092896,0.0,0.7106979303014749,0.7106979303014749,,,,1.0
32,water_hl_gap_eV,218,1.0000001192092896,0.0,0.7106979303014749,0.7106979303014749,,,,1.0
32,water_hl_gap_eV,219,1.0000001192092896,0.0,0.7106979303014749,0.7106979303014749,,,,1.0
32,water_hl_gap_eV,220,1.0000001192092896,0.0,0.7106979303014749,0.7106979303014749,,,,1.0
32,water_hl_gap_eV,221,1.0000001192092896,0.0,0.7106979303014749,0.7106979303014749,,,,1.0
32,water_hl_gap_eV,222,1.0000001192092896,0.0,0.7106979303014749,0.7106979303014749,,,,1.0
32,water_hl_gap_eV,223,1.0000001192092896,0.0,0.7106979303014749,0.7106979303014749,,,,1.0
32,water_hl_gap_eV,224,1.0000001192092896,0.0,0.7106979303014749,0.7106979303014749,,,,1.0
32,water_hl_gap_eV,225,1.0000001192092896,0.0,0.7106979303014749,0.7106979303014749,,,,1.0
32,water_hl_gap_eV,226,1.0000001192092896,0.0,0.7106979303014749,0.7106979303014749,,,,1.0
32,water_hl_gap_eV,227,1.0000001192092896,0.0,0.7106979303014749,0.7106979303014749,,,,1.0
32,water_hl_gap_eV,228,1.0000001192092896,0.0,0.7106979303014749,0.7106979303014749,,,,1.0
32,water_hl_gap_eV,229,1.0000001192092896,0.0,0.7106979303014749,0.7106979303014749,,,,1.0
32,water_hl_gap_eV,230,1.0000001192092896,0.0,0.7106979303014749,0.7106979303014749,,,,1.0
32,water_hl_gap_eV,231,1.0000001192092896,0.0,0.7106979303014749,0.7106979303014749,,,,1.0
32,water_hl_gap_eV,232,1.0000001192092896,0.0,0.7106979303014749,0.7106979303014749,,,,1.0
32,water_hl_gap_eV,233,1.0000001192092896,0.0,0.7106979303014749,0.7106979303014749,,,,1.0
32,water_hl_gap_eV,234,1.0000001192092896,0.0,0.7106979303014749,0.7106979303014749,,,,1.0
32,water_hl_gap_eV,235,1.0000001192092896,0.0,0.7106979303014749,0.7106979303014749,,,,1.0
32,water_hl_gap_eV,236,1.0000001192092896,0.0,0.7106979303014749,0.7106979303014749,,,,1.0
32,water_hl_gap_eV,237,1.0000001192092896,0.0,0.7106979303014749,0.7106979303014749,,,,1.0
32,water_hl_gap_eV,238,1.0000001192092896,0.0,0.7106979303014749,0.7106979303014749,,,,1.0
32,water_hl_gap_eV,239,1.0000001192092896,0.0,0.7106979303014749,0.7106979303014749,,,,1.0
32,water_hl_gap_eV,240,1.0000001192092896,0.0,0.7106979303014749,0.7106979303014749,,,,1.0
32,water_hl_gap_eV,241,1.0000001192092896,0.0,0.7106979303014749,0.7106979303014749,,,,1.0
32,water_hl_gap_eV,242,1.0000001192092896,0.0,0.7106979303014749,0.7106979303014749,,,,1.0
32,water_hl_gap_eV,243,1.0000001192092896,0.0,0.7106979303014749,0.7106979303014749,,,,1.0
32,water_hl_gap_eV,244,1.0000001192092896,0.0,0.7106979303014749,0.7106979303014749,,,,1.0
32,water_hl_gap_eV,245,1.0000001192092896,0.0,0.7106979303014749,0.7106979303014749,,,,1.0
32,water_hl_gap_eV,246,1.0000001192092896,0.0,0.7106979303014749,0.7106979303014749,,,,1.0
32,water_hl_gap_eV,247,1.0000001192092896,0.0,0.7106979303014749,0.7106979303014749,,,,1.0
32,water_hl_gap_eV,248,1.0000001192092896,0.0,0.7106979303014749,0.7106979303014749,,,,1.0
32,water_hl_gap_eV,249,1.0000001192092896,0.0,0.7106979303014749,0.7106979303014749,,,,1.0
32,water_dipole,0,0.9999998807907104,0.0,0.5788443293036054,0.5788443293036054,,,,1.0
32,water_dipole,1,0.9999998807907104,0.0,0.5788443293036054,0.5788443293036054,,,,1.0
32,water_dipole,2,0.9999998807907104,0.0,0.5788443293036054,0.5788443293036054,,,,1.0
32,water_dipole,3,0.9999998807907104,0.0,0.5788443293036054,0.5788443293036054,,,,1.0
32,water_dipole,4,0.9999998807907104,0.0,0.5788443293036054,0.5788443293036054,,,,1.0
32,water_dipole,5,0.9999998807907104,0.0,0.5788443293036054,0.5788443293036054,,,,1.0
32,water_dipole,6,0.9999998807907104,0.0,0.5788443293036054,0.5788443293036054,,,,1.0
32,water_dipole,7,0.9999998807907104,0.0,0.5788443293036054,0.5788443293036054,,,,1.0
32,water_dipole,8,0.9999998807907104,0.0,0.5788443293036054,0.5788443293036054,,,,1.0
32,water_dipole,9,0.9999998807907104,0.0,0.5788443293036054,0.5788443293036054,,,,1.0
32,water_dipole,10,0.9999998807907104,0.0,0.5788443293036054,0.5788443293036054,,,,1.0
32,water_dipole,11,0.9999998807907104,0.0,0.5788443293036054,0.5788443293036054,,,,1.0
32,water_dipole,12,0.9999998807907104,0.0,0.5788443293036054,0.5788443293036054,,,,1.0
32,water_dipole,13,0.9999998807907104,0.0,0.5788443293036054,0.5788443293036054,,,,1.0
32,water_dipole,14,0.9999998807907104,0.0,0.5788443293036054,0.5788443293036054,,,,1.0
32,water_dipole,15,0.9999998807907104,0.0,0.5788443293036054,0.5788443293036054,,,,1.0
32,water_dipole,16,0.9999998807907104,0.0,0.5788443293036054,0.5788443293036054,,,,1.0
32,water_dipole,17,0.9999998807907104,0.0,0.5788443293036054,0.5788443293036054,,,,1.0
32,water_dipole,18,0.9999998807907104,0.0,0.5788443293036054,0.5788443293036054,,,,1.0
32,water_dipole,19,0.9999998807907104,0.0,0.5788443293036054,0.5788443293036054,,,,1.0
32,water_dipole,20,0.9999998807907104,0.0,0.5788443293036054,0.5788443293036054,,,,1.0
32,water_dipole,21,0.9999998807907104,0.0,0.5788443293036054,0.5788443293036054,,,,1.0
32,water_dipole,22,0.9999998807907104,0.0,0.5788443293036054,0.5788443293036054,,,,1.0
32,water_dipole,23,0.9999998807907104,0.0,0.5788443293036054,0.5788443293036054,,,,1.0
32,water_dipole,24,0.9999998807907104,0.0,0.5788443293036054,0.5788443293036054,,,,1.0
32,water_dipole,25,0.9999998807907104,0.0,0.5788443293036054,0.5788443293036054,,,,1.0
32,water_dipole,26,0.9999998807907104,0.0,0.5788443293036054,0.5788443293036054,,,,1.0
32,water_dipole,27,0.9999998807907104,0.0,0.5788443293036054,0.5788443293036054,,,,1.0
32,water_dipole,28,0.9999998807907104,0.0,0.5788443293036054,0.5788443293036054,,,,1.0
32,water_dipole,29,0.9999998807907104,0.0,0.5788443293036054,0.5788443293036054,,,,1.0
32,water_dipole,30,0.9999998807907104,0.0,0.5788443293036054,0.5788443293036054,,,,1.0
32,water_dipole,31,0.9999998807907104,0.0,0.5788443293036054,0.5788443293036054,,,,1.0
32,water_dipole,32,0.9999998807907104,0.0,0.5788443293036054,0.5788443293036054,,,,1.0
32,water_dipole,33,0.9999998807907104,0.0,0.5788443293036054,0.5788443293036054,,,,1.0
32,water_dipole,34,0.9999998807907104,0.0,0.5788443293036054,0.5788443293036054,,,,1.0
32,water_dipole,35,0.9999998807907104,0.0,0.5788443293036054,0.5788443293036054,,,,1.0
32,water_dipole,36,0.9999998807907104,0.0,0.5788443293036054,0.5788443293036054,,,,1.0
32,water_dipole,37,0.9999998807907104,0.0,0.5788443293036054,0.5788443293036054,,,,1.0
32,water_dipole,38,0.9999998807907104,0.0,0.5788443293036054,0.5788443293036054,,,,1.0
32,water_dipole,39,0.9999998807907104,0.0,0.5788443293036054,0.5788443293036054,,,,1.0
32,water_dipole,40,0.9999998807907104,0.0,0.5788443293036054,0.5788443293036054,,,,1.0
32,water_dipole,41,0.9999998807907104,0.0,0.5788443293036054,0.5788443293036054,,,,1.0
32,water_dipole,42,0.9999998807907104,0.0,0.5788443293036054,0.5788443293036054,,,,1.0
32,water_dipole,43,0.9999998807907104,0.0,0.5788443293036054,0.5788443293036054,,,,1.0
32,water_dipole,44,0.9999998807907104,0.0,0.5788443293036054,0.5788443293036054,,,,1.0
32,water_dipole,45,0.9999998807907104,0.0,0.5788443293036054,0.5788443293036054,,,,1.0
32,water_dipole,46,0.9999998807907104,0.0,0.5788443293036054,0.5788443293036054,,,,1.0
32,water_dipole,47,0.9999998807907104,0.0,0.5788443293036054,0.5788443293036054,,,,1.0
32,water_dipole,48,0.9999998807907104,0.0,0.5788443293036054,0.5788443293036054,,,,1.0
32,water_dipole,49,0.9999998807907104,0.0,0.5788443293036054,0.5788443293036054,,,,1.0
32,water_dipole,50,0.9999998807907104,0.0,0.5788443293036054,0.5788443293036054,,,,1.0
32,water_dipole,51,0.9999998807907104,0.0,0.5788443293036054,0.5788443293036054,,,,1.0
32,water_dipole,52,0.9999998807907104,0.0,0.5788443293036054,0.5788443293036054,,,,1.0
32,water_dipole,53,0.9999998807907104,0.0,0.5788443293036054,0.5788443293036054,,,,1.0
32,water_dipole,54,0.9999998807907104,0.0,0.5788443293036054,0.5788443293036054,,,,1.0
32,water_dipole,55,0.9999998807907104,0.0,0.5788443293036054,0.5788443293036054,,,,1.0
32,water_dipole,56,0.9999998807907104,0.0,0.5788443293036054,0.5788443293036054,,,,1.0
32,water_dipole,57,0.9999998807907104,0.0,0.5788443293036054,0.5788443293036054,,,,1.0
32,water_dipole,58,0.9999998807907104,0.0,0.5788443293036054,0.5788443293036054,,,,1.0
32,water_dipole,59,0.9999998807907104,0.0,0.5788443293036054,0.5788443293036054,,,,1.0
32,water_dipole,60,0.9999998807907104,0.0,0.5788443293036054,0.5788443293036054,,,,1.0
32,water_dipole,61,0.9999998807907104,0.0,0.5788443293036054,0.5788443293036054,,,,1.0
32,water_dipole,62,0.9999998807907104,0.0,0.5788443293036054,0.5788443293036054,,,,1.0
32,water_dipole,63,0.9999998807907104,0.0,0.5788443293036054,0.5788443293036054,,,,1.0
32,water_dipole,64,0.9999998807907104,0.0,0.5788443293036054,0.5788443293036054,,,,1.0
32,water_dipole,65,0.9999998807907104,0.0,0.5788443293036054,0.5788443293036054,,,,1.0
32,water_dipole,66,0.9999998807907104,0.0,0.5788443293036054,0.5788443293036054,,,,1.0
32,water_dipole,67,0.9999998807907104,0.0,0.5788443293036054,0.5788443293036054,,,,1.0
32,water_dipole,68,0.9999998807907104,0.0,0.5788443293036054,0.5788443293036054,,,,1.0
32,water_dipole,69,0.9999998807907104,0.0,0.5788443293036054,0.5788443293036054,,,,1.0
32,water_dipole,70,0.9999998807907104,0.0,0.5788443293036054,0.5788443293036054,,,,1.0
32,water_dipole,71,0.9999998807907104,0.0,0.5788443293036054,0.5788443293036054,,,,1.0
32,water_dipole,72,0.9999998807907104,0.0,0.5788443293036054,0.5788443293036054,,,,1.0
32,water_dipole,73,0.9999998807907104,0.0,0.5788443293036054,0.5788443293036054,,,,1.0
32,water_dipole,74,0.9999998807907104,0.0,0.5788443293036054,0.5788443293036054,,,,1.0
32,water_dipole,75,0.9999998807907104,0.0,0.5788443293036054,0.5788443293036054,,,,1.0
32,water_dipole,76,0.9999998807907104,0.0,0.5788443293036054,0.5788443293036054,,,,1.0
32,water_dipole,77,0.9999998807907104,0.0,0.5788443293036054,0.5788443293036054,,,,1.0
32,water_dipole,78,0.9999998807907104,0.0,0.5788443293036054,0.5788443293036054,,,,1.0
32,water_dipole,79,0.9999998807907104,0.0,0.5788443293036054,0.5788443293036054,,,,1.0
32,water_dipole,80,0.9999998807907104,0.0,0.5788443293036054,0.5788443293036054,,,,1.0
32,water_dipole,81,0.9999998807907104,0.0,0.5788443293036054,0.5788443293036054,,,,1.0
32,water_dipole,82,0.9999998807907104,0.0,0.5788443293036054,0.5788443293036054,,,,1.0
32,water_dipole,83,0.9999998807907104,0.0,0.5788443293036054,0.5788443293036054,,,,1.0
32,water_dipole,84,0.9999998807907104,0.0,0.5788443293036054,0.5788443293036054,,,,1.0
32,water_dipole,85,0.9999998807907104,0.0,0.5788443293036054,0.5788443293036054,,,,1.0
32,water_dipole,86,0.9999998807907104,0.0,0.5788443293036054,0.5788443293036054,,,,1.0
32,water_dipole,87,0.9999998807907104,0.0,0.5788443293036054,0.5788443293036054,,,,1.0
32,water_dipole,88,0.9999998807907104,0.0,0.5788443293036054,0.5788443293036054,,,,1.0
32,water_dipole,89,0.9999998807907104,0.0,0.5788443293036054,0.5788443293036054,,,,1.0
32,water_dipole,90,0.9999998807907104,0.0,0.5788443293036054,0.5788443293036054,,,,1.0
32,water_dipole,91,0.9999998807907104,0.0,0.5788443293036054,0.5788443293036054,,,,1.0
32,water_dipole,92,0.9999998807907104,0.0,0.5788443293036054,0.5788443293036054,,,,1.0
32,water_dipole,93,0.9999998807907104,0.0,0.5788443293036054,0.5788443293036054,,,,1.0
32,water_dipole,94,0.9999998807907104,0.0,0.5788443293036054,0.5788443293036054,,,,1.0
32,water_dipole,95,0.9999998807907104,0.0,0.5788443293036054,0.5788443293036054,,,,1.0
32,water_dipole,96,0.9999998807907104,0.0,0.5788443293036054,0.5788443293036054,,,,1.0
32,water_dipole,97,0.9999998807907104,0.0,0.5788443293036054,0.5788443293036054,,,,1.0
32,water_dipole,98,0.9999998807907104,0.0,0.5788443293036054,0.5788443293036054,,,,1.0
32,water_dipole,99,0.9999998807907104,0.0,0.5788443293036054,0.5788443293036054,,,,1.0
32,water_dipole,100,0.9999998807907104,0.0,0.5788443293036054,0.5788443293036054,,,,1.0
32,water_dipole,101,0.9999998807907104,0.0,0.5788443293036054,0.5788443293036054,,,,1.0
32,water_dipole,102,0.9999998807907104,0.0,0.5788443293036054,0.5788443293036054,,,,1.0
32,water_dipole,103,0.9999998807907104,0.0,0.5788443293036054,0.5788443293036054,,,,1.0
32,water_dipole,104,0.9999998807907104,0.0,0.5788443293036054,0.5788443293036054,,,,1.0
32,water_dipole,105,0.9999998807907104,0.0,0.5788443293036054,0.5788443293036054,,,,1.0
32,water_dipole,106,0.9999998807907104,0.0,0.5788443293036054,0.5788443293036054,,,,1.0
32,water_dipole,107,0.9999998807907104,0.0,0.5788443293036054,0.5788443293036054,,,,1.0
32,water_dipole,108,0.9999998807907104,0.0,0.5788443293036054,0.5788443293036054,,,,1.0
32,water_dipole,109,0.9999998807907104,0.0,0.5788443293036054,0.5788443293036054,,,,1.0
32,water_dipole,110,0.9999998807907104,0.0,0.5788443293036054,0.5788443293036054,,,,1.0
32,water_dipole,111,0.9999998807907104,0.0,0.5788443293036054,0.5788443293036054,,,,1.0
32,water_dipole,112,0.9999998807907104,0.0,0.5788443293036054,0.5788443293036054,,,,1.0
32,water_dipole,113,0.9999998807907104,0.0,0.5788443293036054,0.5788443293036054,,,,1.0
32,water_dipole,114,0.9999998807907104,0.0,0.5788443293036054,0.5788443293036054,,,,1.0
32,water_dipole,115,0.9999998807907104,0.0,0.5788443293036054,0.5788443293036054,,,,1.0
32,water_dipole,116,0.9999998807907104,0.0,0.5788443293036054,0.5788443293036054,,,,1.0
32,water_dipole,117,0.9999998807907104,0.0,0.5788443293036054,0.5788443293036054,,,,1.0
32,water_dipole,118,0.9999998807907104,0.0,0.5788443293036054,0.5788443293036054,,,,1.0
32,water_dipole,119,0.9999998807907104,0.0,0.5788443293036054,0.5788443293036054,,,,1.0
32,water_dipole,120,0.9999998807907104,0.0,0.5788443293036054,0.5788443293036054,,,,1.0
32,water_dipole,121,0.9999998807907104,0.0,0.5788443293036054,0.5788443293036054,,,,1.0
32,water_dipole,122,0.9999998807907104,0.0,0.5788443293036054,0.5788443293036054,,,,1.0
32,water_dipole,123,0.9999998807907104,0.0,0.5788443293036054,0.5788443293036054,,,,1.0
32,water_dipole,124,0.9999998807907104,0.0,0.5788443293036054,0.5788443293036054,,,,1.0
32,water_dipole,125,0.9999998807907104,0.0,0.5788443293036054,0.5788443293036054,,,,1.0
32,water_dipole,126,0.9999998807907104,0.0,0.5788443293036054,0.5788443293036054,,,,1.0
32,water_dipole,127,0.9999998807907104,0.0,0.5788443293036054,0.5788443293036054,,,,1.0
32,water_dipole,128,0.9999998807907104,0.0,0.5788443293036054,0.5788443293036054,,,,1.0
32,water_dipole,129,0.9999998807907104,0.0,0.5788443293036054,0.5788443293036054,,,,1.0
32,water_dipole,130,0.9999998807907104,0.0,0.5788443293036054,0.5788443293036054,,,,1.0
32,water_dipole,131,0.9999998807907104,0.0,0.5788443293036054,0.5788443293036054,,,,1.0
32,water_dipole,132,0.9999998807907104,0.0,0.5788443293036054,0.5788443293036054,,,,1.0
32,water_dipole,133,0.9999998807907104,0.0,0.5788443293036054,0.5788443293036054,,,,1.0
32,water_dipole,134,0.9999998807907104,0.0,0.5788443293036054,0.5788443293036054,,,,1.0
32,water_dipole,135,0.9999998807907104,0.0,0.5788443293036054,0.5788443293036054,,,,1.0
32,water_dipole,136,0.9999998807907104,0.0,0.5788443293036054,0.5788443293036054,,,,1.0
32,water_dipole,137,0.9999998807907104,0.0,0.5788443293036054,0.5788443293036054,,,,1.0
32,water_dipole,138,0.9999998807907104,0.0,0.5788443293036054,0.5788443293036054,,,,1.0
32,water_dipole,139,0.9999998807907104,0.0,0.5788443293036054,0.5788443293036054,,,,1.0
32,water_dipole,140,0.9999998807907104,0.0,0.5788443293036054,0.5788443293036054,,,,1.0
32,water_dipole,141,0.9999998807907104,0.0,0.5788443293036054,0.5788443293036054,,,,1.0
32,water_dipole,142,0.9999998807907104,0.0,0.5788443293036054,0.5788443293036054,,,,1.0
32,water_dipole,143,0.9999998807907104,0.0,0.5788443293036054,0.5788443293036054,,,,1.0
32,water_dipole,144,0.9999998807907104,0.0,0.5788443293036054,0.5788443293036054,,,,1.0
32,water_dipole,145,0.9999998807907104,0.0,0.5788443293036054,0.5788443293036054,,,,1.0
32,water_dipole,146,0.9999998807907104,0.0,0.5788443293036054,0.5788443293036054,,,,1.0
32,water_dipole,147,0.9999998807907104,0.0,0.5788443293036054,0.5788443293036054,,,,1.0
32,water_dipole,148,0.9999998807907104,0.0,0.5788443293036054,0.5788443293036054,,,,1.0
32,water_dipole,149,0.9999998807907104,0.0,0.5788443293036054,0.5788443293036054,,,,1.0
32,water_dipole,150,0.9999998807907104,0.0,0.5788443293036054,0.5788443293036054,,,,1.0
32,water_dipole,151,0.9999998807907104,0.0,0.5788443293036054,0.5788443293036054,,,,1.0
32,water_dipole,152,0.9999998807907104,0.0,0.5788443293036054,0.5788443293036054,,,,1.0
32,water_dipole,153,0.9999998807907104,0.0,0.5788443293036054,0.5788443293036054,,,,1.0
32,water_dipole,154,0.9999998807907104,0.0,0.5788443293036054,0.5788443293036054,,,,1.0
32,water_dipole,155,0.9999998807907104,0.0,0.5788443293036054,0.5788443293036054,,,,1.0
32,water_dipole,156,0.9999998807907104,0.0,0.5788443293036054,0.5788443293036054,,,,1.0
32,water_dipole,157,0.9999998807907104,0.0,0.5788443293036054,0.5788443293036054,,,,1.0
32,water_dipole,158,0.9999998807907104,0.0,0.5788443293036054,0.5788443293036054,,,,1.0
32,water_dipole,159,0.9999998807907104,0.0,0.5788443293036054,0.5788443293036054,,,,1.0
32,water_dipole,160,0.9999998807907104,0.0,0.5788443293036054,0.5788443293036054,,,,1.0
32,water_dipole,161,0.9999998807907104,0.0,0.5788443293036054,0.5788443293036054,,,,1.0
32,water_dipole,162,0.9999998807907104,0.0,0.5788443293036054,0.5788443293036054,,,,1.0
32,water_dipole,163,0.9999998807907104,0.0,0.5788443293036054,0.5788443293036054,,,,1.0
32,water_dipole,164,0.9999998807907104,0.0,0.5788443293036054,0.5788443293036054,,,,1.0
32,water_dipole,165,0.9999998807907104,0.0,0.5788443293036054,0.5788443293036054,,,,1.0
32,water_dipole,166,0.9999998807907104,0.0,0.5788443293036054,0.5788443293036054,,,,1.0
32,water_dipole,167,0.9999998807907104,0.0,0.5788443293036054,0.5788443293036054,,,,1.0
32,water_dipole,168,0.9999998807907104,0.0,0.5788443293036054,0.5788443293036054,,,,1.0
32,water_dipole,169,0.9999998807907104,0.0,0.5788443293036054,0.5788443293036054,,,,1.0
32,water_dipole,170,0.9999998807907104,0.0,0.5788443293036054,0.5788443293036054,,,,1.0
32,water_dipole,171,0.9999998807907104,0.0,0.5788443293036054,0.5788443293036054,,,,1.0
32,water_dipole,172,0.9999998807907104,0.0,0.5788443293036054,0.5788443293036054,,,,1.0
32,water_dipole,173,0.9999998807907104,0.0,0.5788443293036054,0.5788443293036054,,,,1.0
32,water_dipole,174,0.9999998807907104,0.0,0.5788443293036054,0.5788443293036054,,,,1.0
32,water_dipole,175,0.9999998807907104,0.0,0.5788443293036054,0.5788443293036054,,,,1.0
32,water_dipole,176,0.9999998807907104,0.0,0.5788443293036054,0.5788443293036054,,,,1.0
32,water_dipole,177,0.9999998807907104,0.0,0.5788443293036054,0.5788443293036054,,,,1.0
32,water_dipole,178,0.9999998807907104,0.0,0.5788443293036054,0.5788443293036054,,,,1.0
32,water_dipole,179,0.9999998807907104,0.0,0.5788443293036054,0.5788443293036054,,,,1.0
32,water_dipole,180,0.9999998807907104,0.0,0.5788443293036054,0.5788443293036054,,,,1.0
32,water_dipole,181,0.9999998807907104,0.0,0.5788443293036054,0.5788443293036054,,,,1.0
32,water_dipole,182,0.9999998807907104,0.0,0.5788443293036054,0.5788443293036054,,,,1.0
32,water_dipole,183,0.9999998807907104,0.0,0.5788443293036054,0.5788443293036054,,,,1.0
32,water_dipole,184,0.9999998807907104,0.0,0.5788443293036054,0.5788443293036054,,,,1.0
32,water_dipole,185,0.9999998807907104,0.0,0.5788443293036054,0.5788443293036054,,,,1.0
32,water_dipole,186,0.9999998807907104,0.0,0.5788443293036054,0.5788443293036054,,,,1.0
32,water_dipole,187,0.9999998807907104,0.0,0.5788443293036054,0.5788443293036054,,,,1.0
32,water_dipole,188,0.9999998807907104,0.0,0.5788443293036054,0.5788443293036054,,,,1.0
32,water_dipole,189,0.9999998807907104,0.0,0.5788443293036054,0.5788443293036054,,,,1.0
32,water_dipole,190,0.9999998807907104,0.0,0.5788443293036054,0.5788443293036054,,,,1.0
32,water_dipole,191,0.9999998807907104,0.0,0.5788443293036054,0.5788443293036054,,,,1.0
32,water_dipole,192,0.9999998807907104,0.0,0.5788443293036054,0.5788443293036054,,,,1.0
32,water_dipole,193,0.9999998807907104,0.0,0.5788443293036054,0.5788443293036054,,,,1.0
32,water_dipole,194,0.9999998807907104,0.0,0.5788443293036054,0.5788443293036054,,,,1.0
32,water_dipole,195,0.9999998807907104,0.0,0.5788443293036054,0.5788443293036054,,,,1.0
32,water_dipole,196,0.9999998807907104,0.0,0.5788443293036054,0.5788443293036054,,,,1.0
32,water_dipole,197,0.9999998807907104,0.0,0.5788443293036054,0.5788443293036054,,,,1.0
32,water_dipole,198,0.9999998807907104,0.0,0.5788443293036054,0.5788443293036054,,,,1.0
32,water_dipole,199,0.9999998807907104,0.0,0.5788443293036054,0.5788443293036054,,,,1.0
32,water_dipole,200,0.9999998807907104,0.0,0.5788443293036054,0.5788443293036054,,,,1.0
32,water_dipole,201,0.9999998807907104,0.0,0.5788443293036054,0.5788443293036054,,,,1.0
32,water_dipole,202,0.9999998807907104,0.0,0.5788443293036054,0.5788443293036054,,,,1.0
32,water_dipole,203,0.9999998807907104,0.0,0.5788443293036054,0.5788443293036054,,,,1.0
32,water_dipole,204,0.9999998807907104,0.0,0.5788443293036054,0.5788443293036054,,,,1.0
32,water_dipole,205,0.9999998807907104,0.0,0.5788443293036054,0.5788443293036054,,,,1.0
32,water_dipole,206,0.9999998807907104,0.0,0.5788443293036054,0.5788443293036054,,,,1.0
32,water_dipole,207,0.9999998807907104,0.0,0.5788443293036054,0.5788443293036054,,,,1.0
32,water_dipole,208,0.9999998807907104,0.0,0.5788443293036054,0.5788443293036054,,,,1.0
32,water_dipole,209,0.9999998807907104,0.0,0.5788443293036054,0.5788443293036054,,,,1.0
32,water_dipole,210,0.9999998807907104,0.0,0.5788443293036054,0.5788443293036054,,,,1.0
32,water_dipole,211,0.9999998807907104,0.0,0.5788443293036054,0.5788443293036054,,,,1.0
32,water_dipole,212,0.9999998807907104,0.0,0.5788443293036054,0.5788443293036054,,,,1.0
32,water_dipole,213,0.9999998807907104,0.0,0.5788443293036054,0.5788443293036054,,,,1.0
32,water_dipole,214,0.9999998807907104,0.0,0.5788443293036054,0.5788443293036054,,,,1.0
32,water_dipole,215,0.9999998807907104,0.0,0.5788443293036054,0.5788443293036054,,,,1.0
32,water_dipole,216,0.9999998807907104,0.0,0.5788443293036054,0.5788443293036054,,,,1.0
32,water_dipole,217,0.9999998807907104,0.0,0.5788443293036054,0.5788443293036054,,,,1.0
32,water_dipole,218,0.9999998807907104,0.0,0.5788443293036054,0.5788443293036054,,,,1.0
32,water_dipole,219,0.9999998807907104,0.0,0.5788443293036054,0.5788443293036054,,,,1.0
32,water_dipole,220,0.9999998807907104,0.0,0.5788443293036054,0.5788443293036054,,,,1.0
32,water_dipole,221,0.9999998807907104,0.0,0.5788443293036054,0.5788443293036054,,,,1.0
32,water_dipole,222,0.9999998807907104,0.0,0.5788443293036054,0.5788443293036054,,,,1.0
32,water_dipole,223,0.9999998807907104,0.0,0.5788443293036054,0.5788443293036054,,,,1.0
32,water_dipole,224,0.9999998807907104,0.0,0.5788443293036054,0.5788443293036054,,,,1.0
32,water_dipole,225,0.9999998807907104,0.0,0.5788443293036054,0.5788443293036054,,,,1.0
32,water_dipole,226,0.9999998807907104,0.0,0.5788443293036054,0.5788443293036054,,,,1.0
32,water_dipole,227,0.9999998807907104,0.0,0.5788443293036054,0.5788443293036054,,,,1.0
32,water_dipole,228,0.9999998807907104,0.0,0.5788443293036054,0.5788443293036054,,,,1.0
32,water_dipole,229,0.9999998807907104,0.0,0.5788443293036054,0.5788443293036054,,,,1.0
32,water_dipole,230,0.9999998807907104,0.0,0.5788443293036054,0.5788443293036054,,,,1.0
32,water_dipole,231,0.9999998807907104,0.0,0.5788443293036054,0.5788443293036054,,,,1.0
32,water_dipole,232,0.9999998807907104,0.0,0.5788443293036054,0.5788443293036054,,,,1.0
32,water_dipole,233,0.9999998807907104,0.0,0.5788443293036054,0.5788443293036054,,,,1.0
32,water_dipole,234,0.9999998807907104,0.0,0.5788443293036054,0.5788443293036054,,,,1.0
32,water_dipole,235,0.9999998807907104,0.0,0.5788443293036054,0.5788443293036054,,,,1.0
32,water_dipole,236,0.9999998807907104,0.0,0.5788443293036054,0.5788443293036054,,,,1.0
32,water_dipole,237,0.9999998807907104,0.0,0.5788443293036054,0.5788443293036054,,,,1.0
32,water_dipole,238,0.9999998807907104,0.0,0.5788443293036054,0.5788443293036054,,,,1.0
32,water_dipole,239,0.9999998807907104,0.0,0.5788443293036054,0.5788443293036054,,,,1.0
32,water_dipole,240,0.9999998807907104,0.0,0.5788443293036054,0.5788443293036054,,,,1.0
32,water_dipole,241,0.9999998807907104,0.0,0.5788443293036054,0.5788443293036054,,,,1.0
32,water_dipole,242,0.9999998807907104,0.0,0.5788443293036054,0.5788443293036054,,,,1.0
32,water_dipole,243,0.9999998807907104,0.0,0.5788443293036054,0.5788443293036054,,,,1.0
32,water_dipole,244,0.9999998807907104,0.0,0.5788443293036054,0.5788443293036054,,,,1.0
32,water_dipole,245,0.9999998807907104,0.0,0.5788443293036054,0.5788443293036054,,,,1.0
32,water_dipole,246,0.9999998807907104,0.0,0.5788443293036054,0.5788443293036054,,,,1.0
32,water_dipole,247,0.9999998807907104,0.0,0.5788443293036054,0.5788443293036054,,,,1.0
32,water_dipole,248,0.9999998807907104,0.0,0.5788443293036054,0.5788443293036054,,,,1.0
32,water_dipole,249,0.9999998807907104,0.0,0.5788443293036054,0.5788443293036054,,,,1.0
32,acetone_gsolv_eV,0,0.9999998807907104,0.0,0.6420810137840587,0.6420810137840587,,,,1.0
32,acetone_gsolv_eV,1,0.9999998807907104,0.0,0.6420810137840587,0.6420810137840587,,,,1.0
32,acetone_gsolv_eV,2,0.9999998807907104,0.0,0.6420810137840587,0.6420810137840587,,,,1.0
32,acetone_gsolv_eV,3,0.9999998807907104,0.0,0.6420810137840587,0.6420810137840587,,,,1.0
32,acetone_gsolv_eV,4,0.9999998807907104,0.0,0.6420810137840587,0.6420810137840587,,,,1.0
32,acetone_gsolv_eV,5,0.9999998807907104,0.0,0.6420810137840587,0.6420810137840587,,,,1.0
32,acetone_gsolv_eV,6,0.9999998807907104,0.0,0.6420810137840587,0.6420810137840587,,,,1.0
32,acetone_gsolv_eV,7,0.9999998807907104,0.0,0.6420810137840587,0.6420810137840587,,,,1.0
32,acetone_gsolv_eV,8,0.9999998807907104,0.0,0.6420810137840587,0.6420810137840587,,,,1.0
32,acetone_gsolv_eV,9,0.9999998807907104,0.0,0.6420810137840587,0.6420810137840587,,,,1.0
32,acetone_gsolv_eV,10,0.9999998807907104,0.0,0.6420810137840587,0.6420810137840587,,,,1.0
32,acetone_gsolv_eV,11,0.9999998807907104,0.0,0.6420810137840587,0.6420810137840587,,,,1.0
32,acetone_gsolv_eV,12,0.9999998807907104,0.0,0.6420810137840587,0.6420810137840587,,,,1.0
32,acetone_gsolv_eV,13,0.9999998807907104,0.0,0.6420810137840587,0.6420810137840587,,,,1.0
32,acetone_gsolv_eV,14,0.9999998807907104,0.0,0.6420810137840587,0.6420810137840587,,,,1.0
32,acetone_gsolv_eV,15,0.9999998807907104,0.0,0.6420810137840587,0.6420810137840587,,,,1.0
32,acetone_gsolv_eV,16,0.9999998807907104,0.0,0.6420810137840587,0.6420810137840587,,,,1.0
32,acetone_gsolv_eV,17,0.9999998807907104,0.0,0.6420810137840587,0.6420810137840587,,,,1.0
32,acetone_gsolv_eV,18,0.9999998807907104,0.0,0.6420810137840587,0.6420810137840587,,,,1.0
32,acetone_gsolv_eV,19,0.9999998807907104,0.0,0.6420810137840587,0.6420810137840587,,,,1.0
32,acetone_gsolv_eV,20,0.9999998807907104,0.0,0.6420810137840587,0.6420810137840587,,,,1.0
32,acetone_gsolv_eV,21,0.9999998807907104,0.0,0.6420810137840587,0.6420810137840587,,,,1.0
32,acetone_gsolv_eV,22,0.9999998807907104,0.0,0.6420810137840587,0.6420810137840587,,,,1.0
32,acetone_gsolv_eV,23,0.9999998807907104,0.0,0.6420810137840587,0.6420810137840587,,,,1.0
32,acetone_gsolv_eV,24,0.9999998807907104,0.0,0.6420810137840587,0.6420810137840587,,,,1.0
32,acetone_gsolv_eV,25,0.9999998807907104,0.0,0.6420810137840587,0.6420810137840587,,,,1.0
32,acetone_gsolv_eV,26,0.9999998807907104,0.0,0.6420810137840587,0.6420810137840587,,,,1.0
32,acetone_gsolv_eV,27,0.9999998807907104,0.0,0.6420810137840587,0.6420810137840587,,,,1.0
32,acetone_gsolv_eV,28,0.9999998807907104,0.0,0.6420810137840587,0.6420810137840587,,,,1.0
32,acetone_gsolv_eV,29,0.9999998807907104,0.0,0.6420810137840587,0.6420810137840587,,,,1.0
32,acetone_gsolv_eV,30,0.9999998807907104,0.0,0.6420810137840587,0.6420810137840587,,,,1.0
32,acetone_gsolv_eV,31,0.9999998807907104,0.0,0.6420810137840587,0.6420810137840587,,,,1.0
32,acetone_gsolv_eV,32,0.9999998807907104,0.0,0.6420810137840587,0.6420810137840587,,,,1.0
32,acetone_gsolv_eV,33,0.9999998807907104,0.0,0.6420810137840587,0.6420810137840587,,,,1.0
32,acetone_gsolv_eV,34,0.9999998807907104,0.0,0.6420810137840587,0.6420810137840587,,,,1.0
32,acetone_gsolv_eV,35,0.9999998807907104,0.0,0.6420810137840587,0.6420810137840587,,,,1.0
32,acetone_gsolv_eV,36,0.9999998807907104,0.0,0.6420810137840587,0.6420810137840587,,,,1.0
32,acetone_gsolv_eV,37,0.9999998807907104,0.0,0.6420810137840587,0.6420810137840587,,,,1.0
32,acetone_gsolv_eV,38,0.9999998807907104,0.0,0.6420810137840587,0.6420810137840587,,,,1.0
32,acetone_gsolv_eV,39,0.9999998807907104,0.0,0.6420810137840587,0.6420810137840587,,,,1.0
32,acetone_gsolv_eV,40,0.9999998807907104,0.0,0.6420810137840587,0.6420810137840587,,,,1.0
32,acetone_gsolv_eV,41,0.9999998807907104,0.0,0.6420810137840587,0.6420810137840587,,,,1.0
32,acetone_gsolv_eV,42,0.9999998807907104,0.0,0.6420810137840587,0.6420810137840587,,,,1.0
32,acetone_gsolv_eV,43,0.9999998807907104,0.0,0.6420810137840587,0.6420810137840587,,,,1.0
32,acetone_gsolv_eV,44,0.9999998807907104,0.0,0.6420810137840587,0.6420810137840587,,,,1.0
32,acetone_gsolv_eV,45,0.9999998807907104,0.0,0.6420810137840587,0.6420810137840587,,,,1.0
32,acetone_gsolv_eV,46,0.9999998807907104,0.0,0.6420810137840587,0.6420810137840587,,,,1.0
32,acetone_gsolv_eV,47,0.9999998807907104,0.0,0.6420810137840587,0.6420810137840587,,,,1.0
32,acetone_gsolv_eV,48,0.9999998807907104,0.0,0.6420810137840587,0.6420810137840587,,,,1.0
32,acetone_gsolv_eV,49,0.9999998807907104,0.0,0.6420810137840587,0.6420810137840587,,,,1.0
32,acetone_gsolv_eV,50,0.9999998807907104,0.0,0.6420810137840587,0.6420810137840587,,,,1.0
32,acetone_gsolv_eV,51,0.9999998807907104,0.0,0.6420810137840587,0.6420810137840587,,,,1.0
32,acetone_gsolv_eV,52,0.9999998807907104,0.0,0.6420810137840587,0.6420810137840587,,,,1.0
32,acetone_gsolv_eV,53,0.9999998807907104,0.0,0.6420810137840587,0.6420810137840587,,,,1.0
32,acetone_gsolv_eV,54,0.9999998807907104,0.0,0.6420810137840587,0.6420810137840587,,,,1.0
32,acetone_gsolv_eV,55,0.9999998807907104,0.0,0.6420810137840587,0.6420810137840587,,,,1.0
32,acetone_gsolv_eV,56,0.9999998807907104,0.0,0.6420810137840587,0.6420810137840587,,,,1.0
32,acetone_gsolv_eV,57,0.9999998807907104,0.0,0.6420810137840587,0.6420810137840587,,,,1.0
32,acetone_gsolv_eV,58,0.9999998807907104,0.0,0.6420810137840587,0.6420810137840587,,,,1.0
32,acetone_gsolv_eV,59,0.9999998807907104,0.0,0.6420810137840587,0.6420810137840587,,,,1.0
32,acetone_gsolv_eV,60,0.9999998807907104,0.0,0.6420810137840587,0.6420810137840587,,,,1.0
32,acetone_gsolv_eV,61,0.9999998807907104,0.0,0.6420810137840587,0.6420810137840587,,,,1.0
32,acetone_gsolv_eV,62,0.9999998807907104,0.0,0.6420810137840587,0.6420810137840587,,,,1.0
32,acetone_gsolv_eV,63,0.9999998807907104,0.0,0.6420810137840587,0.6420810137840587,,,,1.0
32,acetone_gsolv_eV,64,0.9999998807907104,0.0,0.6420810137840587,0.6420810137840587,,,,1.0
32,acetone_gsolv_eV,65,0.9999998807907104,0.0,0.6420810137840587,0.6420810137840587,,,,1.0
32,acetone_gsolv_eV,66,0.9999998807907104,0.0,0.6420810137840587,0.6420810137840587,,,,1.0
32,acetone_gsolv_eV,67,0.9999998807907104,0.0,0.6420810137840587,0.6420810137840587,,,,1.0
32,acetone_gsolv_eV,68,0.9999998807907104,0.0,0.6420810137840587,0.6420810137840587,,,,1.0
32,acetone_gsolv_eV,69,0.9999998807907104,0.0,0.6420810137840587,0.6420810137840587,,,,1.0
32,acetone_gsolv_eV,70,0.9999998807907104,0.0,0.6420810137840587,0.6420810137840587,,,,1.0
32,acetone_gsolv_eV,71,0.9999998807907104,0.0,0.6420810137840587,0.6420810137840587,,,,1.0
32,acetone_gsolv_eV,72,0.9999998807907104,0.0,0.6420810137840587,0.6420810137840587,,,,1.0
32,acetone_gsolv_eV,73,0.9999998807907104,0.0,0.6420810137840587,0.6420810137840587,,,,1.0
32,acetone_gsolv_eV,74,0.9999998807907104,0.0,0.6420810137840587,0.6420810137840587,,,,1.0
32,acetone_gsolv_eV,75,0.9999998807907104,0.0,0.6420810137840587,0.6420810137840587,,,,1.0
32,acetone_gsolv_eV,76,0.9999998807907104,0.0,0.6420810137840587,0.6420810137840587,,,,1.0
32,acetone_gsolv_eV,77,0.9999998807907104,0.0,0.6420810137840587,0.6420810137840587,,,,1.0
32,acetone_gsolv_eV,78,0.9999998807907104,0.0,0.6420810137840587,0.6420810137840587,,,,1.0
32,acetone_gsolv_eV,79,0.9999998807907104,0.0,0.6420810137840587,0.6420810137840587,,,,1.0
32,acetone_gsolv_eV,80,0.9999998807907104,0.0,0.6420810137840587,0.6420810137840587,,,,1.0
32,acetone_gsolv_eV,81,0.9999998807907104,0.0,0.6420810137840587,0.6420810137840587,,,,1.0
32,acetone_gsolv_eV,82,0.9999998807907104,0.0,0.6420810137840587,0.6420810137840587,,,,1.0
32,acetone_gsolv_eV,83,0.9999998807907104,0.0,0.6420810137840587,0.6420810137840587,,,,1.0
32,acetone_gsolv_eV,84,0.9999998807907104,0.0,0.6420810137840587,0.6420810137840587,,,,1.0
32,acetone_gsolv_eV,85,0.9999998807907104,0.0,0.6420810137840587,0.6420810137840587,,,,1.0
32,acetone_gsolv_eV,86,0.9999998807907104,0.0,0.6420810137840587,0.6420810137840587,,,,1.0
32,acetone_gsolv_eV,87,0.9999998807907104,0.0,0.6420810137840587,0.6420810137840587,,,,1.0
32,acetone_gsolv_eV,88,0.9999998807907104,0.0,0.6420810137840587,0.6420810137840587,,,,1.0
32,acetone_gsolv_eV,89,0.9999998807907104,0.0,0.6420810137840587,0.6420810137840587,,,,1.0
32,acetone_gsolv_eV,90,0.9999998807907104,0.0,0.6420810137840587,0.6420810137840587,,,,1.0
32,acetone_gsolv_eV,91,0.9999998807907104,0.0,0.6420810137840587,0.6420810137840587,,,,1.0
32,acetone_gsolv_eV,92,0.9999998807907104,0.0,0.6420810137840587,0.6420810137840587,,,,1.0
32,acetone_gsolv_eV,93,0.9999998807907104,0.0,0.6420810137840587,0.6420810137840587,,,,1.0
32,acetone_gsolv_eV,94,0.9999998807907104,0.0,0.6420810137840587,0.6420810137840587,,,,1.0
32,acetone_gsolv_eV,95,0.9999998807907104,0.0,0.6420810137840587,0.6420810137840587,,,,1.0
32,acetone_gsolv_eV,96,0.9999998807907104,0.0,0.6420810137840587,0.6420810137840587,,,,1.0
32,acetone_gsolv_eV,97,0.9999998807907104,0.0,0.6420810137840587,0.6420810137840587,,,,1.0
32,acetone_gsolv_eV,98,0.9999998807907104,0.0,0.6420810137840587,0.6420810137840587,,,,1.0
32,acetone_gsolv_eV,99,0.9999998807907104,0.0,0.6420810137840587,0.6420810137840587,,,,1.0
32,acetone_gsolv_eV,100,0.9999998807907104,0.0,0.6420810137840587,0.6420810137840587,,,,1.0
32,acetone_gsolv_eV,101,0.9999998807907104,0.0,0.6420810137840587,0.6420810137840587,,,,1.0
32,acetone_gsolv_eV,102,0.9999998807907104,0.0,0.6420810137840587,0.6420810137840587,,,,1.0
32,acetone_gsolv_eV,103,0.9999998807907104,0.0,0.6420810137840587,0.6420810137840587,,,,1.0
32,acetone_gsolv_eV,104,0.9999998807907104,0.0,0.6420810137840587,0.6420810137840587,,,,1.0
32,acetone_gsolv_eV,105,0.9999998807907104,0.0,0.6420810137840587,0.6420810137840587,,,,1.0
32,acetone_gsolv_eV,106,0.9999998807907104,0.0,0.6420810137840587,0.6420810137840587,,,,1.0
32,acetone_gsolv_eV,107,0.9999998807907104,0.0,0.6420810137840587,0.6420810137840587,,,,1.0
32,acetone_gsolv_eV,108,0.9999998807907104,0.0,0.6420810137840587,0.6420810137840587,,,,1.0
32,acetone_gsolv_eV,109,0.9999998807907104,0.0,0.6420810137840587,0.6420810137840587,,,,1.0
32,acetone_gsolv_eV,110,0.9999998807907104,0.0,0.6420810137840587,0.6420810137840587,,,,1.0
32,acetone_gsolv_eV,111,0.9999998807907104,0.0,0.6420810137840587,0.6420810137840587,,,,1.0
32,acetone_gsolv_eV,112,0.9999998807907104,0.0,0.6420810137840587,0.6420810137840587,,,,1.0
32,acetone_gsolv_eV,113,0.9999998807907104,0.0,0.6420810137840587,0.6420810137840587,,,,1.0
32,acetone_gsolv_eV,114,0.9999998807907104,0.0,0.6420810137840587,0.6420810137840587,,,,1.0
32,acetone_gsolv_eV,115,0.9999998807907104,0.0,0.6420810137840587,0.6420810137840587,,,,1.0
32,acetone_gsolv_eV,116,0.9999998807907104,0.0,0.6420810137840587,0.6420810137840587,,,,1.0
32,acetone_gsolv_eV,117,0.9999998807907104,0.0,0.6420810137840587,0.6420810137840587,,,,1.0
32,acetone_gsolv_eV,118,0.9999998807907104,0.0,0.6420810137840587,0.6420810137840587,,,,1.0
32,acetone_gsolv_eV,119,0.9999998807907104,0.0,0.6420810137840587,0.6420810137840587,,,,1.0
32,acetone_gsolv_eV,120,0.9999998807907104,0.0,0.6420810137840587,0.6420810137840587,,,,1.0
32,acetone_gsolv_eV,121,0.9999998807907104,0.0,0.6420810137840587,0.6420810137840587,,,,1.0
32,acetone_gsolv_eV,122,0.9999998807907104,0.0,0.6420810137840587,0.6420810137840587,,,,1.0
32,acetone_gsolv_eV,123,0.9999998807907104,0.0,0.6420810137840587,0.6420810137840587,,,,1.0
32,acetone_gsolv_eV,124,0.9999998807907104,0.0,0.6420810137840587,0.6420810137840587,,,,1.0
32,acetone_gsolv_eV,125,0.9999998807907104,0.0,0.6420810137840587,0.6420810137840587,,,,1.0
32,acetone_gsolv_eV,126,0.9999998807907104,0.0,0.6420810137840587,0.6420810137840587,,,,1.0
32,acetone_gsolv_eV,127,0.9999998807907104,0.0,0.6420810137840587,0.6420810137840587,,,,1.0
32,acetone_gsolv_eV,128,0.9999998807907104,0.0,0.6420810137840587,0.6420810137840587,,,,1.0
32,acetone_gsolv_eV,129,0.9999998807907104,0.0,0.6420810137840587,0.6420810137840587,,,,1.0
32,acetone_gsolv_eV,130,0.9999998807907104,0.0,0.6420810137840587,0.6420810137840587,,,,1.0
32,acetone_gsolv_eV,131,0.9999998807907104,0.0,0.6420810137840587,0.6420810137840587,,,,1.0
32,acetone_gsolv_eV,132,0.9999998807907104,0.0,0.6420810137840587,0.6420810137840587,,,,1.0
32,acetone_gsolv_eV,133,0.9999998807907104,0.0,0.6420810137840587,0.6420810137840587,,,,1.0
32,acetone_gsolv_eV,134,0.9999998807907104,0.0,0.6420810137840587,0.6420810137840587,,,,1.0
32,acetone_gsolv_eV,135,0.9999998807907104,0.0,0.6420810137840587,0.6420810137840587,,,,1.0
32,acetone_gsolv_eV,136,0.9999998807907104,0.0,0.6420810137840587,0.6420810137840587,,,,1.0
32,acetone_gsolv_eV,137,0.9999998807907104,0.0,0.6420810137840587,0.6420810137840587,,,,1.0
32,acetone_gsolv_eV,138,0.9999998807907104,0.0,0.6420810137840587,0.6420810137840587,,,,1.0
32,acetone_gsolv_eV,139,0.9999998807907104,0.0,0.6420810137840587,0.6420810137840587,,,,1.0
32,acetone_gsolv_eV,140,0.9999998807907104,0.0,0.6420810137840587,0.6420810137840587,,,,1.0
32,acetone_gsolv_eV,141,0.9999998807907104,0.0,0.6420810137840587,0.6420810137840587,,,,1.0
32,acetone_gsolv_eV,142,0.9999998807907104,0.0,0.6420810137840587,0.6420810137840587,,,,1.0
32,acetone_gsolv_eV,143,0.9999998807907104,0.0,0.6420810137840587,0.6420810137840587,,,,1.0
32,acetone_gsolv_eV,144,0.9999998807907104,0.0,0.6420810137840587,0.6420810137840587,,,,1.0
32,acetone_gsolv_eV,145,0.9999998807907104,0.0,0.6420810137840587,0.6420810137840587,,,,1.0
32,acetone_gsolv_eV,146,0.9999998807907104,0.0,0.6420810137840587,0.6420810137840587,,,,1.0
32,acetone_gsolv_eV,147,0.9999998807907104,0.0,0.6420810137840587,0.6420810137840587,,,,1.0
32,acetone_gsolv_eV,148,0.9999998807907104,0.0,0.6420810137840587,0.6420810137840587,,,,1.0
32,acetone_gsolv_eV,149,0.9999998807907104,0.0,0.6420810137840587,0.6420810137840587,,,,1.0
32,acetone_gsolv_eV,150,0.9999998807907104,0.0,0.6420810137840587,0.6420810137840587,,,,1.0
32,acetone_gsolv_eV,151,0.9999998807907104,0.0,0.6420810137840587,0.6420810137840587,,,,1.0
32,acetone_gsolv_eV,152,0.9999998807907104,0.0,0.6420810137840587,0.6420810137840587,,,,1.0
32,acetone_gsolv_eV,153,0.9999998807907104,0.0,0.6420810137840587,0.6420810137840587,,,,1.0
32,acetone_gsolv_eV,154,0.9999998807907104,0.0,0.6420810137840587,0.6420810137840587,,,,1.0
32,acetone_gsolv_eV,155,0.9999998807907104,0.0,0.6420810137840587,0.6420810137840587,,,,1.0
32,acetone_gsolv_eV,156,0.9999998807907104,0.0,0.6420810137840587,0.6420810137840587,,,,1.0
32,acetone_gsolv_eV,157,0.9999998807907104,0.0,0.6420810137840587,0.6420810137840587,,,,1.0
32,acetone_gsolv_eV,158,0.9999998807907104,0.0,0.6420810137840587,0.6420810137840587,,,,1.0
32,acetone_gsolv_eV,159,0.9999998807907104,0.0,0.6420810137840587,0.6420810137840587,,,,1.0
32,acetone_gsolv_eV,160,0.9999998807907104,0.0,0.6420810137840587,0.6420810137840587,,,,1.0
32,acetone_gsolv_eV,161,0.9999998807907104,0.0,0.6420810137840587,0.6420810137840587,,,,1.0
32,acetone_gsolv_eV,162,0.9999998807907104,0.0,0.6420810137840587,0.6420810137840587,,,,1.0
32,acetone_gsolv_eV,163,0.9999998807907104,0.0,0.6420810137840587,0.6420810137840587,,,,1.0
32,acetone_gsolv_eV,164,0.9999998807907104,0.0,0.6420810137840587,0.6420810137840587,,,,1.0
32,acetone_gsolv_eV,165,0.9999998807907104,0.0,0.6420810137840587,0.6420810137840587,,,,1.0
32,acetone_gsolv_eV,166,0.9999998807907104,0.0,0.6420810137840587,0.6420810137840587,,,,1.0
32,acetone_gsolv_eV,167,0.9999998807907104,0.0,0.6420810137840587,0.6420810137840587,,,,1.0
32,acetone_gsolv_eV,168,0.9999998807907104,0.0,0.6420810137840587,0.6420810137840587,,,,1.0
32,acetone_gsolv_eV,169,0.9999998807907104,0.0,0.6420810137840587,0.6420810137840587,,,,1.0
32,acetone_gsolv_eV,170,0.9999998807907104,0.0,0.6420810137840587,0.6420810137840587,,,,1.0
32,acetone_gsolv_eV,171,0.9999998807907104,0.0,0.6420810137840587,0.6420810137840587,,,,1.0
32,acetone_gsolv_eV,172,0.9999998807907104,0.0,0.6420810137840587,0.6420810137840587,,,,1.0
32,acetone_gsolv_eV,173,0.9999998807907104,0.0,0.6420810137840587,0.6420810137840587,,,,1.0
32,acetone_gsolv_eV,174,0.9999998807907104,0.0,0.6420810137840587,0.6420810137840587,,,,1.0
32,acetone_gsolv_eV,175,0.9999998807907104,0.0,0.6420810137840587,0.6420810137840587,,,,1.0
32,acetone_gsolv_eV,176,0.9999998807907104,0.0,0.6420810137840587,0.6420810137840587,,,,1.0
32,acetone_gsolv_eV,177,0.9999998807907104,0.0,0.6420810137840587,0.6420810137840587,,,,1.0
32,acetone_gsolv_eV,178,0.9999998807907104,0.0,0.6420810137840587,0.6420810137840587,,,,1.0
32,acetone_gsolv_eV,179,0.9999998807907104,0.0,0.6420810137840587,0.6420810137840587,,,,1.0
32,acetone_gsolv_eV,180,0.9999998807907104,0.0,0.6420810137840587,0.6420810137840587,,,,1.0
32,acetone_gsolv_eV,181,0.9999998807907104,0.0,0.6420810137840587,0.6420810137840587,,,,1.0
32,acetone_gsolv_eV,182,0.9999998807907104,0.0,0.6420810137840587,0.6420810137840587,,,,1.0
32,acetone_gsolv_eV,183,0.9999998807907104,0.0,0.6420810137840587,0.6420810137840587,,,,1.0
32,acetone_gsolv_eV,184,0.9999998807907104,0.0,0.6420810137840587,0.6420810137840587,,,,1.0
32,acetone_gsolv_eV,185,0.9999998807907104,0.0,0.6420810137840587,0.6420810137840587,,,,1.0
32,acetone_gsolv_eV,186,0.9999998807907104,0.0,0.6420810137840587,0.6420810137840587,,,,1.0
32,acetone_gsolv_eV,187,0.9999998807907104,0.0,0.6420810137840587,0.6420810137840587,,,,1.0
32,acetone_gsolv_eV,188,0.9999998807907104,0.0,0.6420810137840587,0.6420810137840587,,,,1.0
32,acetone_gsolv_eV,189,0.9999998807907104,0.0,0.6420810137840587,0.6420810137840587,,,,1.0
32,acetone_gsolv_eV,190,0.9999998807907104,0.0,0.6420810137840587,0.6420810137840587,,,,1.0
32,acetone_gsolv_eV,191,0.9999998807907104,0.0,0.6420810137840587,0.6420810137840587,,,,1.0
32,acetone_gsolv_eV,192,0.9999998807907104,0.0,0.6420810137840587,0.6420810137840587,,,,1.0
32,acetone_gsolv_eV,193,0.9999998807907104,0.0,0.6420810137840587,0.6420810137840587,,,,1.0
32,acetone_gsolv_eV,194,0.9999998807907104,0.0,0.6420810137840587,0.6420810137840587,,,,1.0
32,acetone_gsolv_eV,195,0.9999998807907104,0.0,0.6420810137840587,0.6420810137840587,,,,1.0
32,acetone_gsolv_eV,196,0.9999998807907104,0.0,0.6420810137840587,0.6420810137840587,,,,1.0
32,acetone_gsolv_eV,197,0.9999998807907104,0.0,0.6420810137840587,0.6420810137840587,,,,1.0
32,acetone_gsolv_eV,198,0.9999998807907104,0.0,0.6420810137840587,0.6420810137840587,,,,1.0
32,acetone_gsolv_eV,199,0.9999998807907104,0.0,0.6420810137840587,0.6420810137840587,,,,1.0
32,acetone_gsolv_eV,200,0.9999998807907104,0.0,0.6420810137840587,0.6420810137840587,,,,1.0
32,acetone_gsolv_eV,201,0.9999998807907104,0.0,0.6420810137840587,0.6420810137840587,,,,1.0
32,acetone_gsolv_eV,202,0.9999998807907104,0.0,0.6420810137840587,0.6420810137840587,,,,1.0
32,acetone_gsolv_eV,203,0.9999998807907104,0.0,0.6420810137840587,0.6420810137840587,,,,1.0
32,acetone_gsolv_eV,204,0.9999998807907104,0.0,0.6420810137840587,0.6420810137840587,,,,1.0
32,acetone_gsolv_eV,205,0.9999998807907104,0.0,0.6420810137840587,0.6420810137840587,,,,1.0
32,acetone_gsolv_eV,206,0.9999998807907104,0.0,0.6420810137840587,0.6420810137840587,,,,1.0
32,acetone_gsolv_eV,207,0.9999998807907104,0.0,0.6420810137840587,0.6420810137840587,,,,1.0
32,acetone_gsolv_eV,208,0.9999998807907104,0.0,0.6420810137840587,0.6420810137840587,,,,1.0
32,acetone_gsolv_eV,209,0.9999998807907104,0.0,0.6420810137840587,0.6420810137840587,,,,1.0
32,acetone_gsolv_eV,210,0.9999998807907104,0.0,0.6420810137840587,0.6420810137840587,,,,1.0
32,acetone_gsolv_eV,211,0.9999998807907104,0.0,0.6420810137840587,0.6420810137840587,,,,1.0
32,acetone_gsolv_eV,212,0.9999998807907104,0.0,0.6420810137840587,0.6420810137840587,,,,1.0
32,acetone_gsolv_eV,213,0.9999998807907104,0.0,0.6420810137840587,0.6420810137840587,,,,1.0
32,acetone_gsolv_eV,214,0.9999998807907104,0.0,0.6420810137840587,0.6420810137840587,,,,1.0
32,acetone_gsolv_eV,215,0.9999998807907104,0.0,0.6420810137840587,0.6420810137840587,,,,1.0
32,acetone_gsolv_eV,216,0.9999998807907104,0.0,0.6420810137840587,0.6420810137840587,,,,1.0
32,acetone_gsolv_eV,217,0.9999998807907104,0.0,0.6420810137840587,0.6420810137840587,,,,1.0
32,acetone_gsolv_eV,218,0.9999998807907104,0.0,0.6420810137840587,0.6420810137840587,,,,1.0
32,acetone_gsolv_eV,219,0.9999998807907104,0.0,0.6420810137840587,0.6420810137840587,,,,1.0
32,acetone_gsolv_eV,220,0.9999998807907104,0.0,0.6420810137840587,0.6420810137840587,,,,1.0
32,acetone_gsolv_eV,221,0.9999998807907104,0.0,0.6420810137840587,0.6420810137840587,,,,1.0
32,acetone_gsolv_eV,222,0.9999998807907104,0.0,0.6420810137840587,0.6420810137840587,,,,1.0
32,acetone_gsolv_eV,223,0.9999998807907104,0.0,0.6420810137840587,0.6420810137840587,,,,1.0
32,acetone_gsolv_eV,224,0.9999998807907104,0.0,0.6420810137840587,0.6420810137840587,,,,1.0
32,acetone_gsolv_eV,225,0.9999998807907104,0.0,0.6420810137840587,0.6420810137840587,,,,1.0
32,acetone_gsolv_eV,226,0.9999998807907104,0.0,0.6420810137840587,0.6420810137840587,,,,1.0
32,acetone_gsolv_eV,227,0.9999998807907104,0.0,0.6420810137840587,0.6420810137840587,,,,1.0
32,acetone_gsolv_eV,228,0.9999998807907104,0.0,0.6420810137840587,0.6420810137840587,,,,1.0
32,acetone_gsolv_eV,229,0.9999998807907104,0.0,0.6420810137840587,0.6420810137840587,,,,1.0
32,acetone_gsolv_eV,230,0.9999998807907104,0.0,0.6420810137840587,0.6420810137840587,,,,1.0
32,acetone_gsolv_eV,231,0.9999998807907104,0.0,0.6420810137840587,0.6420810137840587,,,,1.0
32,acetone_gsolv_eV,232,0.9999998807907104,0.0,0.6420810137840587,0.6420810137840587,,,,1.0
32,acetone_gsolv_eV,233,0.9999998807907104,0.0,0.6420810137840587,0.6420810137840587,,,,1.0
32,acetone_gsolv_eV,234,0.9999998807907104,0.0,0.6420810137840587,0.6420810137840587,,,,1.0
32,acetone_gsolv_eV,235,0.9999998807907104,0.0,0.6420810137840587,0.6420810137840587,,,,1.0
32,acetone_gsolv_eV,236,0.9999998807907104,0.0,0.6420810137840587,0.6420810137840587,,,,1.0
32,acetone_gsolv_eV,237,0.9999998807907104,0.0,0.6420810137840587,0.6420810137840587,,,,1.0
32,acetone_gsolv_eV,238,0.9999998807907104,0.0,0.6420810137840587,0.6420810137840587,,,,1.0
32,acetone_gsolv_eV,239,0.9999998807907104,0.0,0.6420810137840587,0.6420810137840587,,,,1.0
32,acetone_gsolv_eV,240,0.9999998807907104,0.0,0.6420810137840587,0.6420810137840587,,,,1.0
32,acetone_gsolv_eV,241,0.9999998807907104,0.0,0.6420810137840587,0.6420810137840587,,,,1.0
32,acetone_gsolv_eV,242,0.9999998807907104,0.0,0.6420810137840587,0.6420810137840587,,,,1.0
32,acetone_gsolv_eV,243,0.9999998807907104,0.0,0.6420810137840587,0.6420810137840587,,,,1.0
32,acetone_gsolv_eV,244,0.9999998807907104,0.0,0.6420810137840587,0.6420810137840587,,,,1.0
32,acetone_gsolv_eV,245,0.9999998807907104,0.0,0.6420810137840587,0.6420810137840587,,,,1.0
32,acetone_gsolv_eV,246,0.9999998807907104,0.0,0.6420810137840587,0.6420810137840587,,,,1.0
32,acetone_gsolv_eV,247,0.9999998807907104,0.0,0.6420810137840587,0.6420810137840587,,,,1.0
32,acetone_gsolv_eV,248,0.9999998807907104,0.0,0.6420810137840587,0.6420810137840587,,,,1.0
32,acetone_gsolv_eV,249,0.9999998807907104,0.0,0.6420810137840587,0.6420810137840587,,,,1.0
32,acetone_hl_gap_eV,0,1.0,0.0,0.711848356333703,0.711848356333703,,,,1.0
32,acetone_hl_gap_eV,1,1.0,0.0,0.711848356333703,0.711848356333703,,,,1.0
32,acetone_hl_gap_eV,2,1.0,0.0,0.711848356333703,0.711848356333703,,,,1.0
32,acetone_hl_gap_eV,3,1.0,0.0,0.711848356333703,0.711848356333703,,,,1.0
32,acetone_hl_gap_eV,4,1.0,0.0,0.711848356333703,0.711848356333703,,,,1.0
32,acetone_hl_gap_eV,5,1.0,0.0,0.711848356333703,0.711848356333703,,,,1.0
32,acetone_hl_gap_eV,6,1.0,0.0,0.711848356333703,0.711848356333703,,,,1.0
32,acetone_hl_gap_eV,7,1.0,0.0,0.711848356333703,0.711848356333703,,,,1.0
32,acetone_hl_gap_eV,8,1.0,0.0,0.711848356333703,0.711848356333703,,,,1.0
32,acetone_hl_gap_eV,9,1.0,0.0,0.711848356333703,0.711848356333703,,,,1.0
32,acetone_hl_gap_eV,10,1.0,0.0,0.711848356333703,0.711848356333703,,,,1.0
32,acetone_hl_gap_eV,11,1.0,0.0,0.711848356333703,0.711848356333703,,,,1.0
32,acetone_hl_gap_eV,12,1.0,0.0,0.711848356333703,0.711848356333703,,,,1.0
32,acetone_hl_gap_eV,13,1.0,0.0,0.711848356333703,0.711848356333703,,,,1.0
32,acetone_hl_gap_eV,14,1.0,0.0,0.711848356333703,0.711848356333703,,,,1.0
32,acetone_hl_gap_eV,15,1.0,0.0,0.711848356333703,0.711848356333703,,,,1.0
32,acetone_hl_gap_eV,16,1.0,0.0,0.711848356333703,0.711848356333703,,,,1.0
32,acetone_hl_gap_eV,17,1.0,0.0,0.711848356333703,0.711848356333703,,,,1.0
32,acetone_hl_gap_eV,18,1.0,0.0,0.711848356333703,0.711848356333703,,,,1.0
32,acetone_hl_gap_eV,19,1.0,0.0,0.711848356333703,0.711848356333703,,,,1.0
32,acetone_hl_gap_eV,20,1.0,0.0,0.711848356333703,0.711848356333703,,,,1.0
32,acetone_hl_gap_eV,21,1.0,0.0,0.711848356333703,0.711848356333703,,,,1.0
32,acetone_hl_gap_eV,22,1.0,0.0,0.711848356333703,0.711848356333703,,,,1.0
32,acetone_hl_gap_eV,23,1.0,0.0,0.711848356333703,0.711848356333703,,,,1.0
32,acetone_hl_gap_eV,24,1.0,0.0,0.711848356333703,0.711848356333703,,,,1.0
32,acetone_hl_gap_eV,25,1.0,0.0,0.711848356333703,0.711848356333703,,,,1.0
32,acetone_hl_gap_eV,26,1.0,0.0,0.711848356333703,0.711848356333703,,,,1.0
32,acetone_hl_gap_eV,27,1.0,0.0,0.711848356333703,0.711848356333703,,,,1.0
32,acetone_hl_gap_eV,28,1.0,0.0,0.711848356333703,0.711848356333703,,,,1.0
32,acetone_hl_gap_eV,29,1.0,0.0,0.711848356333703,0.711848356333703,,,,1.0
32,acetone_hl_gap_eV,30,1.0,0.0,0.711848356333703,0.711848356333703,,,,1.0
32,acetone_hl_gap_eV,31,1.0,0.0,0.711848356333703,0.711848356333703,,,,1.0
32,acetone_hl_gap_eV,32,1.0,0.0,0.711848356333703,0.711848356333703,,,,1.0
32,acetone_hl_gap_eV,33,1.0,0.0,0.711848356333703,0.711848356333703,,,,1.0
32,acetone_hl_gap_eV,34,1.0,0.0,0.711848356333703,0.711848356333703,,,,1.0
32,acetone_hl_gap_eV,35,1.0,0.0,0.711848356333703,0.711848356333703,,,,1.0
32,acetone_hl_gap_eV,36,1.0,0.0,0.711848356333703,0.711848356333703,,,,1.0
32,acetone_hl_gap_eV,37,1.0,0.0,0.711848356333703,0.711848356333703,,,,1.0
32,acetone_hl_gap_eV,38,1.0,0.0,0.711848356333703,0.711848356333703,,,,1.0
32,acetone_hl_gap_eV,39,1.0,0.0,0.711848356333703,0.711848356333703,,,,1.0
32,acetone_hl_gap_eV,40,1.0,0.0,0.711848356333703,0.711848356333703,,,,1.0
32,acetone_hl_gap_eV,41,1.0,0.0,0.711848356333703,0.711848356333703,,,,1.0
32,acetone_hl_gap_eV,42,1.0,0.0,0.711848356333703,0.711848356333703,,,,1.0
32,acetone_hl_gap_eV,43,1.0,0.0,0.711848356333703,0.711848356333703,,,,1.0
32,acetone_hl_gap_eV,44,1.0,0.0,0.711848356333703,0.711848356333703,,,,1.0
32,acetone_hl_gap_eV,45,1.0,0.0,0.711848356333703,0.711848356333703,,,,1.0
32,acetone_hl_gap_eV,46,1.0,0.0,0.711848356333703,0.711848356333703,,,,1.0
32,acetone_hl_gap_eV,47,1.0,0.0,0.711848356333703,0.711848356333703,,,,1.0
32,acetone_hl_gap_eV,48,1.0,0.0,0.711848356333703,0.711848356333703,,,,1.0
32,acetone_hl_gap_eV,49,1.0,0.0,0.711848356333703,0.711848356333703,,,,1.0
32,acetone_hl_gap_eV,50,1.0,0.0,0.711848356333703,0.711848356333703,,,,1.0
32,acetone_hl_gap_eV,51,1.0,0.0,0.711848356333703,0.711848356333703,,,,1.0
32,acetone_hl_gap_eV,52,1.0,0.0,0.711848356333703,0.711848356333703,,,,1.0
32,acetone_hl_gap_eV,53,1.0,0.0,0.711848356333703,0.711848356333703,,,,1.0
32,acetone_hl_gap_eV,54,1.0,0.0,0.711848356333703,0.711848356333703,,,,1.0
32,acetone_hl_gap_eV,55,1.0,0.0,0.711848356333703,0.711848356333703,,,,1.0
32,acetone_hl_gap_eV,56,1.0,0.0,0.711848356333703,0.711848356333703,,,,1.0
32,acetone_hl_gap_eV,57,1.0,0.0,0.711848356333703,0.711848356333703,,,,1.0
32,acetone_hl_gap_eV,58,1.0,0.0,0.711848356333703,0.711848356333703,,,,1.0
32,acetone_hl_gap_eV,59,1.0,0.0,0.711848356333703,0.711848356333703,,,,1.0
32,acetone_hl_gap_eV,60,1.0,0.0,0.711848356333703,0.711848356333703,,,,1.0
32,acetone_hl_gap_eV,61,1.0,0.0,0.711848356333703,0.711848356333703,,,,1.0
32,acetone_hl_gap_eV,62,1.0,0.0,0.711848356333703,0.711848356333703,,,,1.0
32,acetone_hl_gap_eV,63,1.0,0.0,0.711848356333703,0.711848356333703,,,,1.0
32,acetone_hl_gap_eV,64,1.0,0.0,0.711848356333703,0.711848356333703,,,,1.0
32,acetone_hl_gap_eV,65,1.0,0.0,0.711848356333703,0.711848356333703,,,,1.0
32,acetone_hl_gap_eV,66,1.0,0.0,0.711848356333703,0.711848356333703,,,,1.0
32,acetone_hl_gap_eV,67,1.0,0.0,0.711848356333703,0.711848356333703,,,,1.0
32,acetone_hl_gap_eV,68,1.0,0.0,0.711848356333703,0.711848356333703,,,,1.0
32,acetone_hl_gap_eV,69,1.0,0.0,0.711848356333703,0.711848356333703,,,,1.0
32,acetone_hl_gap_eV,70,1.0,0.0,0.711848356333703,0.711848356333703,,,,1.0
32,acetone_hl_gap_eV,71,1.0,0.0,0.711848356333703,0.711848356333703,,,,1.0
32,acetone_hl_gap_eV,72,1.0,0.0,0.711848356333703,0.711848356333703,,,,1.0
32,acetone_hl_gap_eV,73,1.0,0.0,0.711848356333703,0.711848356333703,,,,1.0
32,acetone_hl_gap_eV,74,1.0,0.0,0.711848356333703,0.711848356333703,,,,1.0
32,acetone_hl_gap_eV,75,1.0,0.0,0.711848356333703,0.711848356333703,,,,1.0
32,acetone_hl_gap_eV,76,1.0,0.0,0.711848356333703,0.711848356333703,,,,1.0
32,acetone_hl_gap_eV,77,1.0,0.0,0.711848356333703,0.711848356333703,,,,1.0
32,acetone_hl_gap_eV,78,1.0,0.0,0.711848356333703,0.711848356333703,,,,1.0
32,acetone_hl_gap_eV,79,1.0,0.0,0.711848356333703,0.711848356333703,,,,1.0
32,acetone_hl_gap_eV,80,1.0,0.0,0.711848356333703,0.711848356333703,,,,1.0
32,acetone_hl_gap_eV,81,1.0,0.0,0.711848356333703,0.711848356333703,,,,1.0
32,acetone_hl_gap_eV,82,1.0,0.0,0.711848356333703,0.711848356333703,,,,1.0
32,acetone_hl_gap_eV,83,1.0,0.0,0.711848356333703,0.711848356333703,,,,1.0
32,acetone_hl_gap_eV,84,1.0,0.0,0.711848356333703,0.711848356333703,,,,1.0
32,acetone_hl_gap_eV,85,1.0,0.0,0.711848356333703,0.711848356333703,,,,1.0
32,acetone_hl_gap_eV,86,1.0,0.0,0.711848356333703,0.711848356333703,,,,1.0
32,acetone_hl_gap_eV,87,1.0,0.0,0.711848356333703,0.711848356333703,,,,1.0
32,acetone_hl_gap_eV,88,1.0,0.0,0.711848356333703,0.711848356333703,,,,1.0
32,acetone_hl_gap_eV,89,1.0,0.0,0.711848356333703,0.711848356333703,,,,1.0
32,acetone_hl_gap_eV,90,1.0,0.0,0.711848356333703,0.711848356333703,,,,1.0
32,acetone_hl_gap_eV,91,1.0,0.0,0.711848356333703,0.711848356333703,,,,1.0
32,acetone_hl_gap_eV,92,1.0,0.0,0.711848356333703,0.711848356333703,,,,1.0
32,acetone_hl_gap_eV,93,1.0,0.0,0.711848356333703,0.711848356333703,,,,1.0
32,acetone_hl_gap_eV,94,1.0,0.0,0.711848356333703,0.711848356333703,,,,1.0
32,acetone_hl_gap_eV,95,1.0,0.0,0.711848356333703,0.711848356333703,,,,1.0
32,acetone_hl_gap_eV,96,1.0,0.0,0.711848356333703,0.711848356333703,,,,1.0
32,acetone_hl_gap_eV,97,1.0,0.0,0.711848356333703,0.711848356333703,,,,1.0
32,acetone_hl_gap_eV,98,1.0,0.0,0.711848356333703,0.711848356333703,,,,1.0
32,acetone_hl_gap_eV,99,1.0,0.0,0.711848356333703,0.711848356333703,,,,1.0
32,acetone_hl_gap_eV,100,1.0,0.0,0.711848356333703,0.711848356333703,,,,1.0
32,acetone_hl_gap_eV,101,1.0,0.0,0.711848356333703,0.711848356333703,,,,1.0
32,acetone_hl_gap_eV,102,1.0,0.0,0.711848356333703,0.711848356333703,,,,1.0
32,acetone_hl_gap_eV,103,1.0,0.0,0.711848356333703,0.711848356333703,,,,1.0
32,acetone_hl_gap_eV,104,1.0,0.0,0.711848356333703,0.711848356333703,,,,1.0
32,acetone_hl_gap_eV,105,1.0,0.0,0.711848356333703,0.711848356333703,,,,1.0
32,acetone_hl_gap_eV,106,1.0,0.0,0.711848356333703,0.711848356333703,,,,1.0
32,acetone_hl_gap_eV,107,1.0,0.0,0.711848356333703,0.711848356333703,,,,1.0
32,acetone_hl_gap_eV,108,1.0,0.0,0.711848356333703,0.711848356333703,,,,1.0
32,acetone_hl_gap_eV,109,1.0,0.0,0.711848356333703,0.711848356333703,,,,1.0
32,acetone_hl_gap_eV,110,1.0,0.0,0.711848356333703,0.711848356333703,,,,1.0
32,acetone_hl_gap_eV,111,1.0,0.0,0.711848356333703,0.711848356333703,,,,1.0
32,acetone_hl_gap_eV,112,1.0,0.0,0.711848356333703,0.711848356333703,,,,1.0
32,acetone_hl_gap_eV,113,1.0,0.0,0.711848356333703,0.711848356333703,,,,1.0
32,acetone_hl_gap_eV,114,1.0,0.0,0.711848356333703,0.711848356333703,,,,1.0
32,acetone_hl_gap_eV,115,1.0,0.0,0.711848356333703,0.711848356333703,,,,1.0
32,acetone_hl_gap_eV,116,1.0,0.0,0.711848356333703,0.711848356333703,,,,1.0
32,acetone_hl_gap_eV,117,1.0,0.0,0.711848356333703,0.711848356333703,,,,1.0
32,acetone_hl_gap_eV,118,1.0,0.0,0.711848356333703,0.711848356333703,,,,1.0
32,acetone_hl_gap_eV,119,1.0,0.0,0.711848356333703,0.711848356333703,,,,1.0
32,acetone_hl_gap_eV,120,1.0,0.0,0.711848356333703,0.711848356333703,,,,1.0
32,acetone_hl_gap_eV,121,1.0,0.0,0.711848356333703,0.711848356333703,,,,1.0
32,acetone_hl_gap_eV,122,1.0,0.0,0.711848356333703,0.711848356333703,,,,1.0
32,acetone_hl_gap_eV,123,1.0,0.0,0.711848356333703,0.711848356333703,,,,1.0
32,acetone_hl_gap_eV,124,1.0,0.0,0.711848356333703,0.711848356333703,,,,1.0
32,acetone_hl_gap_eV,125,1.0,0.0,0.711848356333703,0.711848356333703,,,,1.0
32,acetone_hl_gap_eV,126,1.0,0.0,0.711848356333703,0.711848356333703,,,,1.0
32,acetone_hl_gap_eV,127,1.0,0.0,0.711848356333703,0.711848356333703,,,,1.0
32,acetone_hl_gap_eV,128,1.0,0.0,0.711848356333703,0.711848356333703,,,,1.0
32,acetone_hl_gap_eV,129,1.0,0.0,0.711848356333703,0.711848356333703,,,,1.0
32,acetone_hl_gap_eV,130,1.0,0.0,0.711848356333703,0.711848356333703,,,,1.0
32,acetone_hl_gap_eV,131,1.0,0.0,0.711848356333703,0.711848356333703,,,,1.0
32,acetone_hl_gap_eV,132,1.0,0.0,0.711848356333703,0.711848356333703,,,,1.0
32,acetone_hl_gap_eV,133,1.0,0.0,0.711848356333703,0.711848356333703,,,,1.0
32,acetone_hl_gap_eV,134,1.0,0.0,0.711848356333703,0.711848356333703,,,,1.0
32,acetone_hl_gap_eV,135,1.0,0.0,0.711848356333703,0.711848356333703,,,,1.0
32,acetone_hl_gap_eV,136,1.0,0.0,0.711848356333703,0.711848356333703,,,,1.0
32,acetone_hl_gap_eV,137,1.0,0.0,0.711848356333703,0.711848356333703,,,,1.0
32,acetone_hl_gap_eV,138,1.0,0.0,0.711848356333703,0.711848356333703,,,,1.0
32,acetone_hl_gap_eV,139,1.0,0.0,0.711848356333703,0.711848356333703,,,,1.0
32,acetone_hl_gap_eV,140,1.0,0.0,0.711848356333703,0.711848356333703,,,,1.0
32,acetone_hl_gap_eV,141,1.0,0.0,0.711848356333703,0.711848356333703,,,,1.0
32,acetone_hl_gap_eV,142,1.0,0.0,0.711848356333703,0.711848356333703,,,,1.0
32,acetone_hl_gap_eV,143,1.0,0.0,0.711848356333703,0.711848356333703,,,,1.0
32,acetone_hl_gap_eV,144,1.0,0.0,0.711848356333703,0.711848356333703,,,,1.0
32,acetone_hl_gap_eV,145,1.0,0.0,0.711848356333703,0.711848356333703,,,,1.0
32,acetone_hl_gap_eV,146,1.0,0.0,0.711848356333703,0.711848356333703,,,,1.0
32,acetone_hl_gap_eV,147,1.0,0.0,0.711848356333703,0.711848356333703,,,,1.0
32,acetone_hl_gap_eV,148,1.0,0.0,0.711848356333703,0.711848356333703,,,,1.0
32,acetone_hl_gap_eV,149,1.0,0.0,0.711848356333703,0.711848356333703,,,,1.0
32,acetone_hl_gap_eV,150,1.0,0.0,0.711848356333703,0.711848356333703,,,,1.0
32,acetone_hl_gap_eV,151,1.0,0.0,0.711848356333703,0.711848356333703,,,,1.0
32,acetone_hl_gap_eV,152,1.0,0.0,0.711848356333703,0.711848356333703,,,,1.0
32,acetone_hl_gap_eV,153,1.0,0.0,0.711848356333703,0.711848356333703,,,,1.0
32,acetone_hl_gap_eV,154,1.0,0.0,0.711848356333703,0.711848356333703,,,,1.0
32,acetone_hl_gap_eV,155,1.0,0.0,0.711848356333703,0.711848356333703,,,,1.0
32,acetone_hl_gap_eV,156,1.0,0.0,0.711848356333703,0.711848356333703,,,,1.0
32,acetone_hl_gap_eV,157,1.0,0.0,0.711848356333703,0.711848356333703,,,,1.0
32,acetone_hl_gap_eV,158,1.0,0.0,0.711848356333703,0.711848356333703,,,,1.0
32,acetone_hl_gap_eV,159,1.0,0.0,0.711848356333703,0.711848356333703,,,,1.0
32,acetone_hl_gap_eV,160,1.0,0.0,0.711848356333703,0.711848356333703,,,,1.0
32,acetone_hl_gap_eV,161,1.0,0.0,0.711848356333703,0.711848356333703,,,,1.0
32,acetone_hl_gap_eV,162,1.0,0.0,0.711848356333703,0.711848356333703,,,,1.0
32,acetone_hl_gap_eV,163,1.0,0.0,0.711848356333703,0.711848356333703,,,,1.0
32,acetone_hl_gap_eV,164,1.0,0.0,0.711848356333703,0.711848356333703,,,,1.0
32,acetone_hl_gap_eV,165,1.0,0.0,0.711848356333703,0.711848356333703,,,,1.0
32,acetone_hl_gap_eV,166,1.0,0.0,0.711848356333703,0.711848356333703,,,,1.0
32,acetone_hl_gap_eV,167,1.0,0.0,0.711848356333703,0.711848356333703,,,,1.0
32,acetone_hl_gap_eV,168,1.0,0.0,0.711848356333703,0.711848356333703,,,,1.0
32,acetone_hl_gap_eV,169,1.0,0.0,0.711848356333703,0.711848356333703,,,,1.0
32,acetone_hl_gap_eV,170,1.0,0.0,0.711848356333703,0.711848356333703,,,,1.0
32,acetone_hl_gap_eV,171,1.0,0.0,0.711848356333703,0.711848356333703,,,,1.0
32,acetone_hl_gap_eV,172,1.0,0.0,0.711848356333703,0.711848356333703,,,,1.0
32,acetone_hl_gap_eV,173,1.0,0.0,0.711848356333703,0.711848356333703,,,,1.0
32,acetone_hl_gap_eV,174,1.0,0.0,0.711848356333703,0.711848356333703,,,,1.0
32,acetone_hl_gap_eV,175,1.0,0.0,0.711848356333703,0.711848356333703,,,,1.0
32,acetone_hl_gap_eV,176,1.0,0.0,0.711848356333703,0.711848356333703,,,,1.0
32,acetone_hl_gap_eV,177,1.0,0.0,0.711848356333703,0.711848356333703,,,,1.0
32,acetone_hl_gap_eV,178,1.0,0.0,0.711848356333703,0.711848356333703,,,,1.0
32,acetone_hl_gap_eV,179,1.0,0.0,0.711848356333703,0.711848356333703,,,,1.0
32,acetone_hl_gap_eV,180,1.0,0.0,0.711848356333703,0.711848356333703,,,,1.0
32,acetone_hl_gap_eV,181,1.0,0.0,0.711848356333703,0.711848356333703,,,,1.0
32,acetone_hl_gap_eV,182,1.0,0.0,0.711848356333703,0.711848356333703,,,,1.0
32,acetone_hl_gap_eV,183,1.0,0.0,0.711848356333703,0.711848356333703,,,,1.0
32,acetone_hl_gap_eV,184,1.0,0.0,0.711848356333703,0.711848356333703,,,,1.0
32,acetone_hl_gap_eV,185,1.0,0.0,0.711848356333703,0.711848356333703,,,,1.0
32,acetone_hl_gap_eV,186,1.0,0.0,0.711848356333703,0.711848356333703,,,,1.0
32,acetone_hl_gap_eV,187,1.0,0.0,0.711848356333703,0.711848356333703,,,,1.0
32,acetone_hl_gap_eV,188,1.0,0.0,0.711848356333703,0.711848356333703,,,,1.0
32,acetone_hl_gap_eV,189,1.0,0.0,0.711848356333703,0.711848356333703,,,,1.0
32,acetone_hl_gap_eV,190,1.0,0.0,0.711848356333703,0.711848356333703,,,,1.0
32,acetone_hl_gap_eV,191,1.0,0.0,0.711848356333703,0.711848356333703,,,,1.0
32,acetone_hl_gap_eV,192,1.0,0.0,0.711848356333703,0.711848356333703,,,,1.0
32,acetone_hl_gap_eV,193,1.0,0.0,0.711848356333703,0.711848356333703,,,,1.0
32,acetone_hl_gap_eV,194,1.0,0.0,0.711848356333703,0.711848356333703,,,,1.0
32,acetone_hl_gap_eV,195,1.0,0.0,0.711848356333703,0.711848356333703,,,,1.0
32,acetone_hl_gap_eV,196,1.0,0.0,0.711848356333703,0.711848356333703,,,,1.0
32,acetone_hl_gap_eV,197,1.0,0.0,0.711848356333703,0.711848356333703,,,,1.0
32,acetone_hl_gap_eV,198,1.0,0.0,0.711848356333703,0.711848356333703,,,,1.0
32,acetone_hl_gap_eV,199,1.0,0.0,0.711848356333703,0.711848356333703,,,,1.0
32,acetone_hl_gap_eV,200,1.0,0.0,0.711848356333703,0.711848356333703,,,,1.0
32,acetone_hl_gap_eV,201,1.0,0.0,0.711848356333703,0.711848356333703,,,,1.0
32,acetone_hl_gap_eV,202,1.0,0.0,0.711848356333703,0.711848356333703,,,,1.0
32,acetone_hl_gap_eV,203,1.0,0.0,0.711848356333703,0.711848356333703,,,,1.0
32,acetone_hl_gap_eV,204,1.0,0.0,0.711848356333703,0.711848356333703,,,,1.0
32,acetone_hl_gap_eV,205,1.0,0.0,0.711848356333703,0.711848356333703,,,,1.0
32,acetone_hl_gap_eV,206,1.0,0.0,0.711848356333703,0.711848356333703,,,,1.0
32,acetone_hl_gap_eV,207,1.0,0.0,0.711848356333703,0.711848356333703,,,,1.0
32,acetone_hl_gap_eV,208,1.0,0.0,0.711848356333703,0.711848356333703,,,,1.0
32,acetone_hl_gap_eV,209,1.0,0.0,0.711848356333703,0.711848356333703,,,,1.0
32,acetone_hl_gap_eV,210,1.0,0.0,0.711848356333703,0.711848356333703,,,,1.0
32,acetone_hl_gap_eV,211,1.0,0.0,0.711848356333703,0.711848356333703,,,,1.0
32,acetone_hl_gap_eV,212,1.0,0.0,0.711848356333703,0.711848356333703,,,,1.0
32,acetone_hl_gap_eV,213,1.0,0.0,0.711848356333703,0.711848356333703,,,,1.0
32,acetone_hl_gap_eV,214,1.0,0.0,0.711848356333703,0.711848356333703,,,,1.0
32,acetone_hl_gap_eV,215,1.0,0.0,0.711848356333703,0.711848356333703,,,,1.0
32,acetone_hl_gap_eV,216,1.0,0.0,0.711848356333703,0.711848356333703,,,,1.0
32,acetone_hl_gap_eV,217,1.0,0.0,0.711848356333703,0.711848356333703,,,,1.0
32,acetone_hl_gap_eV,218,1.0,0.0,0.711848356333703,0.711848356333703,,,,1.0
32,acetone_hl_gap_eV,219,1.0,0.0,0.711848356333703,0.711848356333703,,,,1.0
32,acetone_hl_gap_eV,220,1.0,0.0,0.711848356333703,0.711848356333703,,,,1.0
32,acetone_hl_gap_eV,221,1.0,0.0,0.711848356333703,0.711848356333703,,,,1.0
32,acetone_hl_gap_eV,222,1.0,0.0,0.711848356333703,0.711848356333703,,,,1.0
32,acetone_hl_gap_eV,223,1.0,0.0,0.711848356333703,0.711848356333703,,,,1.0
32,acetone_hl_gap_eV,224,1.0,0.0,0.711848356333703,0.711848356333703,,,,1.0
32,acetone_hl_gap_eV,225,1.0,0.0,0.711848356333703,0.711848356333703,,,,1.0
32,acetone_hl_gap_eV,226,1.0,0.0,0.711848356333703,0.711848356333703,,,,1.0
32,acetone_hl_gap_eV,227,1.0,0.0,0.711848356333703,0.711848356333703,,,,1.0
32,acetone_hl_gap_eV,228,1.0,0.0,0.711848356333703,0.711848356333703,,,,1.0
32,acetone_hl_gap_eV,229,1.0,0.0,0.711848356333703,0.711848356333703,,,,1.0
32,acetone_hl_gap_eV,230,1.0,0.0,0.711848356333703,0.711848356333703,,,,1.0
32,acetone_hl_gap_eV,231,1.0,0.0,0.711848356333703,0.711848356333703,,,,1.0
32,acetone_hl_gap_eV,232,1.0,0.0,0.711848356333703,0.711848356333703,,,,1.0
32,acetone_hl_gap_eV,233,1.0,0.0,0.711848356333703,0.711848356333703,,,,1.0
32,acetone_hl_gap_eV,234,1.0,0.0,0.711848356333703,0.711848356333703,,,,1.0
32,acetone_hl_gap_eV,235,1.0,0.0,0.711848356333703,0.711848356333703,,,,1.0
32,acetone_hl_gap_eV,236,1.0,0.0,0.711848356333703,0.711848356333703,,,,1.0
32,acetone_hl_gap_eV,237,1.0,0.0,0.711848356333703,0.711848356333703,,,,1.0
32,acetone_hl_gap_eV,238,1.0,0.0,0.711848356333703,0.711848356333703,,,,1.0
32,acetone_hl_gap_eV,239,1.0,0.0,0.711848356333703,0.711848356333703,,,,1.0
32,acetone_hl_gap_eV,240,1.0,0.0,0.711848356333703,0.711848356333703,,,,1.0
32,acetone_hl_gap_eV,241,1.0,0.0,0.711848356333703,0.711848356333703,,,,1.0
32,acetone_hl_gap_eV,242,1.0,0.0,0.711848356333703,0.711848356333703,,,,1.0
32,acetone_hl_gap_eV,243,1.0,0.0,0.711848356333703,0.711848356333703,,,,1.0
32,acetone_hl_gap_eV,244,1.0,0.0,0.711848356333703,0.711848356333703,,,,1.0
32,acetone_hl_gap_eV,245,1.0,0.0,0.711848356333703,0.711848356333703,,,,1.0
32,acetone_hl_gap_eV,246,1.0,0.0,0.711848356333703,0.711848356333703,,,,1.0
32,acetone_hl_gap_eV,247,1.0,0.0,0.711848356333703,0.711848356333703,,,,1.0
32,acetone_hl_gap_eV,248,1.0,0.0,0.711848356333703,0.711848356333703,,,,1.0
32,acetone_hl_gap_eV,249,1.0,0.0,0.711848356333703,0.711848356333703,,,,1.0
32,acetone_dipole,0,1.0,0.0,0.586518807129486,0.586518807129486,,,,1.0
32,acetone_dipole,1,1.0,0.0,0.586518807129486,0.586518807129486,,,,1.0
32,acetone_dipole,2,1.0,0.0,0.586518807129486,0.586518807129486,,,,1.0
32,acetone_dipole,3,1.0,0.0,0.586518807129486,0.586518807129486,,,,1.0
32,acetone_dipole,4,1.0,0.0,0.586518807129486,0.586518807129486,,,,1.0
32,acetone_dipole,5,1.0,0.0,0.586518807129486,0.586518807129486,,,,1.0
32,acetone_dipole,6,1.0,0.0,0.586518807129486,0.586518807129486,,,,1.0
32,acetone_dipole,7,1.0,0.0,0.586518807129486,0.586518807129486,,,,1.0
32,acetone_dipole,8,1.0,0.0,0.586518807129486,0.586518807129486,,,,1.0
32,acetone_dipole,9,1.0,0.0,0.586518807129486,0.586518807129486,,,,1.0
32,acetone_dipole,10,1.0,0.0,0.586518807129486,0.586518807129486,,,,1.0
32,acetone_dipole,11,1.0,0.0,0.586518807129486,0.586518807129486,,,,1.0
32,acetone_dipole,12,1.0,0.0,0.586518807129486,0.586518807129486,,,,1.0
32,acetone_dipole,13,1.0,0.0,0.586518807129486,0.586518807129486,,,,1.0
32,acetone_dipole,14,1.0,0.0,0.586518807129486,0.586518807129486,,,,1.0
32,acetone_dipole,15,1.0,0.0,0.586518807129486,0.586518807129486,,,,1.0
32,acetone_dipole,16,1.0,0.0,0.586518807129486,0.586518807129486,,,,1.0
32,acetone_dipole,17,1.0,0.0,0.586518807129486,0.586518807129486,,,,1.0
32,acetone_dipole,18,1.0,0.0,0.586518807129486,0.586518807129486,,,,1.0
32,acetone_dipole,19,1.0,0.0,0.586518807129486,0.586518807129486,,,,1.0
32,acetone_dipole,20,1.0,0.0,0.586518807129486,0.586518807129486,,,,1.0
32,acetone_dipole,21,1.0,0.0,0.586518807129486,0.586518807129486,,,,1.0
32,acetone_dipole,22,1.0,0.0,0.586518807129486,0.586518807129486,,,,1.0
32,acetone_dipole,23,1.0,0.0,0.586518807129486,0.586518807129486,,,,1.0
32,acetone_dipole,24,1.0,0.0,0.586518807129486,0.586518807129486,,,,1.0
32,acetone_dipole,25,1.0,0.0,0.586518807129486,0.586518807129486,,,,1.0
32,acetone_dipole,26,1.0,0.0,0.586518807129486,0.586518807129486,,,,1.0
32,acetone_dipole,27,1.0,0.0,0.586518807129486,0.586518807129486,,,,1.0
32,acetone_dipole,28,1.0,0.0,0.586518807129486,0.586518807129486,,,,1.0
32,acetone_dipole,29,1.0,0.0,0.586518807129486,0.586518807129486,,,,1.0
32,acetone_dipole,30,1.0,0.0,0.586518807129486,0.586518807129486,,,,1.0
32,acetone_dipole,31,1.0,0.0,0.586518807129486,0.586518807129486,,,,1.0
32,acetone_dipole,32,1.0,0.0,0.586518807129486,0.586518807129486,,,,1.0
32,acetone_dipole,33,1.0,0.0,0.586518807129486,0.586518807129486,,,,1.0
32,acetone_dipole,34,1.0,0.0,0.586518807129486,0.586518807129486,,,,1.0
32,acetone_dipole,35,1.0,0.0,0.586518807129486,0.586518807129486,,,,1.0
32,acetone_dipole,36,1.0,0.0,0.586518807129486,0.586518807129486,,,,1.0
32,acetone_dipole,37,1.0,0.0,0.586518807129486,0.586518807129486,,,,1.0
32,acetone_dipole,38,1.0,0.0,0.586518807129486,0.586518807129486,,,,1.0
32,acetone_dipole,39,1.0,0.0,0.586518807129486,0.586518807129486,,,,1.0
32,acetone_dipole,40,1.0,0.0,0.586518807129486,0.586518807129486,,,,1.0
32,acetone_dipole,41,1.0,0.0,0.586518807129486,0.586518807129486,,,,1.0
32,acetone_dipole,42,1.0,0.0,0.586518807129486,0.586518807129486,,,,1.0
32,acetone_dipole,43,1.0,0.0,0.586518807129486,0.586518807129486,,,,1.0
32,acetone_dipole,44,1.0,0.0,0.586518807129486,0.586518807129486,,,,1.0
32,acetone_dipole,45,1.0,0.0,0.586518807129486,0.586518807129486,,,,1.0
32,acetone_dipole,46,1.0,0.0,0.586518807129486,0.586518807129486,,,,1.0
32,acetone_dipole,47,1.0,0.0,0.586518807129486,0.586518807129486,,,,1.0
32,acetone_dipole,48,1.0,0.0,0.586518807129486,0.586518807129486,,,,1.0
32,acetone_dipole,49,1.0,0.0,0.586518807129486,0.586518807129486,,,,1.0
32,acetone_dipole,50,1.0,0.0,0.586518807129486,0.586518807129486,,,,1.0
32,acetone_dipole,51,1.0,0.0,0.586518807129486,0.586518807129486,,,,1.0
32,acetone_dipole,52,1.0,0.0,0.586518807129486,0.586518807129486,,,,1.0
32,acetone_dipole,53,1.0,0.0,0.586518807129486,0.586518807129486,,,,1.0
32,acetone_dipole,54,1.0,0.0,0.586518807129486,0.586518807129486,,,,1.0
32,acetone_dipole,55,1.0,0.0,0.586518807129486,0.586518807129486,,,,1.0
32,acetone_dipole,56,1.0,0.0,0.586518807129486,0.586518807129486,,,,1.0
32,acetone_dipole,57,1.0,0.0,0.586518807129486,0.586518807129486,,,,1.0
32,acetone_dipole,58,1.0,0.0,0.586518807129486,0.586518807129486,,,,1.0
32,acetone_dipole,59,1.0,0.0,0.586518807129486,0.586518807129486,,,,1.0
32,acetone_dipole,60,1.0,0.0,0.586518807129486,0.586518807129486,,,,1.0
32,acetone_dipole,61,1.0,0.0,0.586518807129486,0.586518807129486,,,,1.0
32,acetone_dipole,62,1.0,0.0,0.586518807129486,0.586518807129486,,,,1.0
32,acetone_dipole,63,1.0,0.0,0.586518807129486,0.586518807129486,,,,1.0
32,acetone_dipole,64,1.0,0.0,0.586518807129486,0.586518807129486,,,,1.0
32,acetone_dipole,65,1.0,0.0,0.586518807129486,0.586518807129486,,,,1.0
32,acetone_dipole,66,1.0,0.0,0.586518807129486,0.586518807129486,,,,1.0
32,acetone_dipole,67,1.0,0.0,0.586518807129486,0.586518807129486,,,,1.0
32,acetone_dipole,68,1.0,0.0,0.586518807129486,0.586518807129486,,,,1.0
32,acetone_dipole,69,1.0,0.0,0.586518807129486,0.586518807129486,,,,1.0
32,acetone_dipole,70,1.0,0.0,0.586518807129486,0.586518807129486,,,,1.0
32,acetone_dipole,71,1.0,0.0,0.586518807129486,0.586518807129486,,,,1.0
32,acetone_dipole,72,1.0,0.0,0.586518807129486,0.586518807129486,,,,1.0
32,acetone_dipole,73,1.0,0.0,0.586518807129486,0.586518807129486,,,,1.0
32,acetone_dipole,74,1.0,0.0,0.586518807129486,0.586518807129486,,,,1.0
32,acetone_dipole,75,1.0,0.0,0.586518807129486,0.586518807129486,,,,1.0
32,acetone_dipole,76,1.0,0.0,0.586518807129486,0.586518807129486,,,,1.0
32,acetone_dipole,77,1.0,0.0,0.586518807129486,0.586518807129486,,,,1.0
32,acetone_dipole,78,1.0,0.0,0.586518807129486,0.586518807129486,,,,1.0
32,acetone_dipole,79,1.0,0.0,0.586518807129486,0.586518807129486,,,,1.0
32,acetone_dipole,80,1.0,0.0,0.586518807129486,0.586518807129486,,,,1.0
32,acetone_dipole,81,1.0,0.0,0.586518807129486,0.586518807129486,,,,1.0
32,acetone_dipole,82,1.0,0.0,0.586518807129486,0.586518807129486,,,,1.0
32,acetone_dipole,83,1.0,0.0,0.586518807129486,0.586518807129486,,,,1.0
32,acetone_dipole,84,1.0,0.0,0.586518807129486,0.586518807129486,,,,1.0
32,acetone_dipole,85,1.0,0.0,0.586518807129486,0.586518807129486,,,,1.0
32,acetone_dipole,86,1.0,0.0,0.586518807129486,0.586518807129486,,,,1.0
32,acetone_dipole,87,1.0,0.0,0.586518807129486,0.586518807129486,,,,1.0
32,acetone_dipole,88,1.0,0.0,0.586518807129486,0.586518807129486,,,,1.0
32,acetone_dipole,89,1.0,0.0,0.586518807129486,0.586518807129486,,,,1.0
32,acetone_dipole,90,1.0,0.0,0.586518807129486,0.586518807129486,,,,1.0
32,acetone_dipole,91,1.0,0.0,0.586518807129486,0.586518807129486,,,,1.0
32,acetone_dipole,92,1.0,0.0,0.586518807129486,0.586518807129486,,,,1.0
32,acetone_dipole,93,1.0,0.0,0.586518807129486,0.586518807129486,,,,1.0
32,acetone_dipole,94,1.0,0.0,0.586518807129486,0.586518807129486,,,,1.0
32,acetone_dipole,95,1.0,0.0,0.586518807129486,0.586518807129486,,,,1.0
32,acetone_dipole,96,1.0,0.0,0.586518807129486,0.586518807129486,,,,1.0
32,acetone_dipole,97,1.0,0.0,0.586518807129486,0.586518807129486,,,,1.0
32,acetone_dipole,98,1.0,0.0,0.586518807129486,0.586518807129486,,,,1.0
32,acetone_dipole,99,1.0,0.0,0.586518807129486,0.586518807129486,,,,1.0
32,acetone_dipole,100,1.0,0.0,0.586518807129486,0.586518807129486,,,,1.0
32,acetone_dipole,101,1.0,0.0,0.586518807129486,0.586518807129486,,,,1.0
32,acetone_dipole,102,1.0,0.0,0.586518807129486,0.586518807129486,,,,1.0
32,acetone_dipole,103,1.0,0.0,0.586518807129486,0.586518807129486,,,,1.0
32,acetone_dipole,104,1.0,0.0,0.586518807129486,0.586518807129486,,,,1.0
32,acetone_dipole,105,1.0,0.0,0.586518807129486,0.586518807129486,,,,1.0
32,acetone_dipole,106,1.0,0.0,0.586518807129486,0.586518807129486,,,,1.0
32,acetone_dipole,107,1.0,0.0,0.586518807129486,0.586518807129486,,,,1.0
32,acetone_dipole,108,1.0,0.0,0.586518807129486,0.586518807129486,,,,1.0
32,acetone_dipole,109,1.0,0.0,0.586518807129486,0.586518807129486,,,,1.0
32,acetone_dipole,110,1.0,0.0,0.586518807129486,0.586518807129486,,,,1.0
32,acetone_dipole,111,1.0,0.0,0.586518807129486,0.586518807129486,,,,1.0
32,acetone_dipole,112,1.0,0.0,0.586518807129486,0.586518807129486,,,,1.0
32,acetone_dipole,113,1.0,0.0,0.586518807129486,0.586518807129486,,,,1.0
32,acetone_dipole,114,1.0,0.0,0.586518807129486,0.586518807129486,,,,1.0
32,acetone_dipole,115,1.0,0.0,0.586518807129486,0.586518807129486,,,,1.0
32,acetone_dipole,116,1.0,0.0,0.586518807129486,0.586518807129486,,,,1.0
32,acetone_dipole,117,1.0,0.0,0.586518807129486,0.586518807129486,,,,1.0
32,acetone_dipole,118,1.0,0.0,0.586518807129486,0.586518807129486,,,,1.0
32,acetone_dipole,119,1.0,0.0,0.586518807129486,0.586518807129486,,,,1.0
32,acetone_dipole,120,1.0,0.0,0.586518807129486,0.586518807129486,,,,1.0
32,acetone_dipole,121,1.0,0.0,0.586518807129486,0.586518807129486,,,,1.0
32,acetone_dipole,122,1.0,0.0,0.586518807129486,0.586518807129486,,,,1.0
32,acetone_dipole,123,1.0,0.0,0.586518807129486,0.586518807129486,,,,1.0
32,acetone_dipole,124,1.0,0.0,0.586518807129486,0.586518807129486,,,,1.0
32,acetone_dipole,125,1.0,0.0,0.586518807129486,0.586518807129486,,,,1.0
32,acetone_dipole,126,1.0,0.0,0.586518807129486,0.586518807129486,,,,1.0
32,acetone_dipole,127,1.0,0.0,0.586518807129486,0.586518807129486,,,,1.0
32,acetone_dipole,128,1.0,0.0,0.586518807129486,0.586518807129486,,,,1.0
32,acetone_dipole,129,1.0,0.0,0.586518807129486,0.586518807129486,,,,1.0
32,acetone_dipole,130,1.0,0.0,0.586518807129486,0.586518807129486,,,,1.0
32,acetone_dipole,131,1.0,0.0,0.586518807129486,0.586518807129486,,,,1.0
32,acetone_dipole,132,1.0,0.0,0.586518807129486,0.586518807129486,,,,1.0
32,acetone_dipole,133,1.0,0.0,0.586518807129486,0.586518807129486,,,,1.0
32,acetone_dipole,134,1.0,0.0,0.586518807129486,0.586518807129486,,,,1.0
32,acetone_dipole,135,1.0,0.0,0.586518807129486,0.586518807129486,,,,1.0
32,acetone_dipole,136,1.0,0.0,0.586518807129486,0.586518807129486,,,,1.0
32,acetone_dipole,137,1.0,0.0,0.586518807129486,0.586518807129486,,,,1.0
32,acetone_dipole,138,1.0,0.0,0.586518807129486,0.586518807129486,,,,1.0
32,acetone_dipole,139,1.0,0.0,0.586518807129486,0.586518807129486,,,,1.0
32,acetone_dipole,140,1.0,0.0,0.586518807129486,0.586518807129486,,,,1.0
32,acetone_dipole,141,1.0,0.0,0.586518807129486,0.586518807129486,,,,1.0
32,acetone_dipole,142,1.0,0.0,0.586518807129486,0.586518807129486,,,,1.0
32,acetone_dipole,143,1.0,0.0,0.586518807129486,0.586518807129486,,,,1.0
32,acetone_dipole,144,1.0,0.0,0.586518807129486,0.586518807129486,,,,1.0
32,acetone_dipole,145,1.0,0.0,0.586518807129486,0.586518807129486,,,,1.0
32,acetone_dipole,146,1.0,0.0,0.586518807129486,0.586518807129486,,,,1.0
32,acetone_dipole,147,1.0,0.0,0.586518807129486,0.586518807129486,,,,1.0
32,acetone_dipole,148,1.0,0.0,0.586518807129486,0.586518807129486,,,,1.0
32,acetone_dipole,149,1.0,0.0,0.586518807129486,0.586518807129486,,,,1.0
32,acetone_dipole,150,1.0,0.0,0.586518807129486,0.586518807129486,,,,1.0
32,acetone_dipole,151,1.0,0.0,0.586518807129486,0.586518807129486,,,,1.0
32,acetone_dipole,152,1.0,0.0,0.586518807129486,0.586518807129486,,,,1.0
32,acetone_dipole,153,1.0,0.0,0.586518807129486,0.586518807129486,,,,1.0
32,acetone_dipole,154,1.0,0.0,0.586518807129486,0.586518807129486,,,,1.0
32,acetone_dipole,155,1.0,0.0,0.586518807129486,0.586518807129486,,,,1.0
32,acetone_dipole,156,1.0,0.0,0.586518807129486,0.586518807129486,,,,1.0
32,acetone_dipole,157,1.0,0.0,0.586518807129486,0.586518807129486,,,,1.0
32,acetone_dipole,158,1.0,0.0,0.586518807129486,0.586518807129486,,,,1.0
32,acetone_dipole,159,1.0,0.0,0.586518807129486,0.586518807129486,,,,1.0
32,acetone_dipole,160,1.0,0.0,0.586518807129486,0.586518807129486,,,,1.0
32,acetone_dipole,161,1.0,0.0,0.586518807129486,0.586518807129486,,,,1.0
32,acetone_dipole,162,1.0,0.0,0.586518807129486,0.586518807129486,,,,1.0
32,acetone_dipole,163,1.0,0.0,0.586518807129486,0.586518807129486,,,,1.0
32,acetone_dipole,164,1.0,0.0,0.586518807129486,0.586518807129486,,,,1.0
32,acetone_dipole,165,1.0,0.0,0.586518807129486,0.586518807129486,,,,1.0
32,acetone_dipole,166,1.0,0.0,0.586518807129486,0.586518807129486,,,,1.0
32,acetone_dipole,167,1.0,0.0,0.586518807129486,0.586518807129486,,,,1.0
32,acetone_dipole,168,1.0,0.0,0.586518807129486,0.586518807129486,,,,1.0
32,acetone_dipole,169,1.0,0.0,0.586518807129486,0.586518807129486,,,,1.0
32,acetone_dipole,170,1.0,0.0,0.586518807129486,0.586518807129486,,,,1.0
32,acetone_dipole,171,1.0,0.0,0.586518807129486,0.586518807129486,,,,1.0
32,acetone_dipole,172,1.0,0.0,0.586518807129486,0.586518807129486,,,,1.0
32,acetone_dipole,173,1.0,0.0,0.586518807129486,0.586518807129486,,,,1.0
32,acetone_dipole,174,1.0,0.0,0.586518807129486,0.586518807129486,,,,1.0
32,acetone_dipole,175,1.0,0.0,0.586518807129486,0.586518807129486,,,,1.0
32,acetone_dipole,176,1.0,0.0,0.586518807129486,0.586518807129486,,,,1.0
32,acetone_dipole,177,1.0,0.0,0.586518807129486,0.586518807129486,,,,1.0
32,acetone_dipole,178,1.0,0.0,0.586518807129486,0.586518807129486,,,,1.0
32,acetone_dipole,179,1.0,0.0,0.586518807129486,0.586518807129486,,,,1.0
32,acetone_dipole,180,1.0,0.0,0.586518807129486,0.586518807129486,,,,1.0
32,acetone_dipole,181,1.0,0.0,0.586518807129486,0.586518807129486,,,,1.0
32,acetone_dipole,182,1.0,0.0,0.586518807129486,0.586518807129486,,,,1.0
32,acetone_dipole,183,1.0,0.0,0.586518807129486,0.586518807129486,,,,1.0
32,acetone_dipole,184,1.0,0.0,0.586518807129486,0.586518807129486,,,,1.0
32,acetone_dipole,185,1.0,0.0,0.586518807129486,0.586518807129486,,,,1.0
32,acetone_dipole,186,1.0,0.0,0.586518807129486,0.586518807129486,,,,1.0
32,acetone_dipole,187,1.0,0.0,0.586518807129486,0.586518807129486,,,,1.0
32,acetone_dipole,188,1.0,0.0,0.586518807129486,0.586518807129486,,,,1.0
32,acetone_dipole,189,1.0,0.0,0.586518807129486,0.586518807129486,,,,1.0
32,acetone_dipole,190,1.0,0.0,0.586518807129486,0.586518807129486,,,,1.0
32,acetone_dipole,191,1.0,0.0,0.586518807129486,0.586518807129486,,,,1.0
32,acetone_dipole,192,1.0,0.0,0.586518807129486,0.586518807129486,,,,1.0
32,acetone_dipole,193,1.0,0.0,0.586518807129486,0.586518807129486,,,,1.0
32,acetone_dipole,194,1.0,0.0,0.586518807129486,0.586518807129486,,,,1.0
32,acetone_dipole,195,1.0,0.0,0.586518807129486,0.586518807129486,,,,1.0
32,acetone_dipole,196,1.0,0.0,0.586518807129486,0.586518807129486,,,,1.0
32,acetone_dipole,197,1.0,0.0,0.586518807129486,0.586518807129486,,,,1.0
32,acetone_dipole,198,1.0,0.0,0.586518807129486,0.586518807129486,,,,1.0
32,acetone_dipole,199,1.0,0.0,0.586518807129486,0.586518807129486,,,,1.0
32,acetone_dipole,200,1.0,0.0,0.586518807129486,0.586518807129486,,,,1.0
32,acetone_dipole,201,1.0,0.0,0.586518807129486,0.586518807129486,,,,1.0
32,acetone_dipole,202,1.0,0.0,0.586518807129486,0.586518807129486,,,,1.0
32,acetone_dipole,203,1.0,0.0,0.586518807129486,0.586518807129486,,,,1.0
32,acetone_dipole,204,1.0,0.0,0.586518807129486,0.586518807129486,,,,1.0
32,acetone_dipole,205,1.0,0.0,0.586518807129486,0.586518807129486,,,,1.0
32,acetone_dipole,206,1.0,0.0,0.586518807129486,0.586518807129486,,,,1.0
32,acetone_dipole,207,1.0,0.0,0.586518807129486,0.586518807129486,,,,1.0
32,acetone_dipole,208,1.0,0.0,0.586518807129486,0.586518807129486,,,,1.0
32,acetone_dipole,209,1.0,0.0,0.586518807129486,0.586518807129486,,,,1.0
32,acetone_dipole,210,1.0,0.0,0.586518807129486,0.586518807129486,,,,1.0
32,acetone_dipole,211,1.0,0.0,0.586518807129486,0.586518807129486,,,,1.0
32,acetone_dipole,212,1.0,0.0,0.586518807129486,0.586518807129486,,,,1.0
32,acetone_dipole,213,1.0,0.0,0.586518807129486,0.586518807129486,,,,1.0
32,acetone_dipole,214,1.0,0.0,0.586518807129486,0.586518807129486,,,,1.0
32,acetone_dipole,215,1.0,0.0,0.586518807129486,0.586518807129486,,,,1.0
32,acetone_dipole,216,1.0,0.0,0.586518807129486,0.586518807129486,,,,1.0
32,acetone_dipole,217,1.0,0.0,0.586518807129486,0.586518807129486,,,,1.0
32,acetone_dipole,218,1.0,0.0,0.586518807129486,0.586518807129486,,,,1.0
32,acetone_dipole,219,1.0,0.0,0.586518807129486,0.586518807129486,,,,1.0
32,acetone_dipole,220,1.0,0.0,0.586518807129486,0.586518807129486,,,,1.0
32,acetone_dipole,221,1.0,0.0,0.586518807129486,0.586518807129486,,,,1.0
32,acetone_dipole,222,1.0,0.0,0.586518807129486,0.586518807129486,,,,1.0
32,acetone_dipole,223,1.0,0.0,0.586518807129486,0.586518807129486,,,,1.0
32,acetone_dipole,224,1.0,0.0,0.586518807129486,0.586518807129486,,,,1.0
32,acetone_dipole,225,1.0,0.0,0.586518807129486,0.586518807129486,,,,1.0
32,acetone_dipole,226,1.0,0.0,0.586518807129486,0.586518807129486,,,,1.0
32,acetone_dipole,227,1.0,0.0,0.586518807129486,0.586518807129486,,,,1.0
32,acetone_dipole,228,1.0,0.0,0.586518807129486,0.586518807129486,,,,1.0
32,acetone_dipole,229,1.0,0.0,0.586518807129486,0.586518807129486,,,,1.0
32,acetone_dipole,230,1.0,0.0,0.586518807129486,0.586518807129486,,,,1.0
32,acetone_dipole,231,1.0,0.0,0.586518807129486,0.586518807129486,,,,1.0
32,acetone_dipole,232,1.0,0.0,0.586518807129486,0.586518807129486,,,,1.0
32,acetone_dipole,233,1.0,0.0,0.586518807129486,0.586518807129486,,,,1.0
32,acetone_dipole,234,1.0,0.0,0.586518807129486,0.586518807129486,,,,1.0
32,acetone_dipole,235,1.0,0.0,0.586518807129486,0.586518807129486,,,,1.0
32,acetone_dipole,236,1.0,0.0,0.586518807129486,0.586518807129486,,,,1.0
32,acetone_dipole,237,1.0,0.0,0.586518807129486,0.586518807129486,,,,1.0
32,acetone_dipole,238,1.0,0.0,0.586518807129486,0.586518807129486,,,,1.0
32,acetone_dipole,239,1.0,0.0,0.586518807129486,0.586518807129486,,,,1.0
32,acetone_dipole,240,1.0,0.0,0.586518807129486,0.586518807129486,,,,1.0
32,acetone_dipole,241,1.0,0.0,0.586518807129486,0.586518807129486,,,,1.0
32,acetone_dipole,242,1.0,0.0,0.586518807129486,0.586518807129486,,,,1.0
32,acetone_dipole,243,1.0,0.0,0.586518807129486,0.586518807129486,,,,1.0
32,acetone_dipole,244,1.0,0.0,0.586518807129486,0.586518807129486,,,,1.0
32,acetone_dipole,245,1.0,0.0,0.586518807129486,0.586518807129486,,,,1.0
32,acetone_dipole,246,1.0,0.0,0.586518807129486,0.586518807129486,,,,1.0
32,acetone_dipole,247,1.0,0.0,0.586518807129486,0.586518807129486,,,,1.0
32,acetone_dipole,248,1.0,0.0,0.586518807129486,0.586518807129486,,,,1.0
32,acetone_dipole,249,1.0,0.0,0.586518807129486,0.586518807129486,,,,1.0
32,octanol_gsolv_eV,0,0.2872674763202667,0.05148087441921234,0.6449678786052557,0.9096582060314513,11.795372009277344,0.6908588409423828,0.05857033083814616,0.34
32,octanol_gsolv_eV,1,0.1383943259716034,0.04458431899547577,0.6431689563598062,0.942102158216582,9.950483322143555,0.09452857077121735,0.009499897413109155,0.12
32,octanol_gsolv_eV,2,0.29392072558403015,0.05285162478685379,0.6229056271437954,0.9306655981555536,11.548558235168457,0.9564550518989563,0.08282029950598457,0.3
32,octanol_gsolv_eV,3,0.22647297382354736,0.04697765037417412,0.6424867170208075,0.9072292733097516,10.581902503967285,0.44737520813941956,0.042277388964006526,0.18
32,octanol_gsolv_eV,4,0.2859913110733032,0.047800224274396896,0.6427102615337605,0.9216007285904817,10.817724227905273,1.9481382369995117,0.18008762249402857,0.3
32,octanol_gsolv_eV,5,0.31565356254577637,0.05117304250597954,0.6461032489037082,0.9507705355827607,11.621500968933105,0.643587589263916,0.055379041914152986,0.34
32,octanol_gsolv_eV,6,0.14017949998378754,0.05730791389942169,0.6394443076447356,0.9310465294481838,12.693325996398926,0.09799713641405106,0.007720367100147957,0.08
32,octanol_gsolv_eV,7,0.240726038813591,0.04959970340132713,0.6345854719849713,0.9487115371630026,11.01297378540039,0.5115496516227722,0.046449729345666844,0.12
32,octanol_gsolv_eV,8,0.051889702677726746,0.04525481536984444,0.6418245323688339,0.973962826087428,10.11181926727295,0.023654840886592865,0.0023393259176567862,0.06
32,octanol_gsolv_eV,9,0.3159376382827759,0.052010197192430496,0.6321836590010177,0.9172042434844967,11.397339820861816,0.9284765720367432,0.08146432295870036,0.3
32,octanol_gsolv_eV,10,0.06851889938116074,0.05968137085437775,0.6267060157728874,0.9621235035309097,12.543866157531738,0.009229390881955624,0.0007357692410018264,0.02
32,octanol_gsolv_eV,11,0.3380727767944336,0.024836743250489235,0.6445864789797044,0.9158570797651375,5.491261959075928,0.9114546179771423,0.1659827239657899,0.24
32,octanol_gsolv_eV,12,0.3054273724555969,0.0494198314845562,0.6406706118677987,0.9128024222300342,11.14416217803955,0.7300141453742981,0.06550641795332524,0.24
32,octanol_gsolv_eV,13,0.26523590087890625,0.04467202350497246,0.6433950541600861,0.9191793336921785,10.120576858520508,0.45537880063056946,0.044995340383901766,0.3
32,octanol_gsolv_eV,14,0.28910884261131287,0.04972561448812485,0.6457074064865076,0.9483542645882199,11.323904991149902,0.5442143678665161,0.048058895609936855,0.28
32,octanol_gsolv_eV,15,0.2357361763715744,0.04795554652810097,0.6403404577203631,0.9403415210096098,10.703454971313477,0.3388378620147705,0.03165686807884893,0.22
32,octanol_gsolv_eV,16,0.29065728187561035,0.04509398341178894,0.6463844795551992,0.8967630545297012,10.303849220275879,0.5410099029541016,0.052505611387393375,0.3
32,octanol_gsolv_eV,17,0.15430277585983276,0.04689280688762665,0.6458664677579642,0.96577605429197,10.564248085021973,0.01610831916332245,0.0015247956157107745,0.14
32,octanol_gsolv_eV,18,0.3463093042373657,0.03289114311337471,0.6456746871736991,0.9197448524859846,7.422022819519043,0.9501237869262695,0.12801412903602993,0.24
32,octanol_gsolv_eV,19,0.1921568512916565,0.051558561623096466,0.6388415885201693,0.9378345483521497,11.361410140991211,0.13332420587539673,0.011734829059147498,0.24
32,octanol_gsolv_eV,20,0.32067230343818665,0.05350372567772865,0.645972765616083,0.941434590666473,12.109685897827148,1.236018419265747,0.10206857797092218,0.26
32,octanol_gsolv_eV,21,0.17827686667442322,0.04838378727436066,0.6435686260372804,0.9409283619838531,10.904417991638184,0.2234240621328354,0.02048931564290394,0.14
32,octanol_gsolv_eV,22,0.11460313200950623,0.04329326003789902,0.6447491754684038,0.9496242353879922,9.725144386291504,0.025496484711766243,0.002621707575643392,0.14
32,octanol_gsolv_eV,23,0.24530038237571716,0.05011945217847824,0.6449404776827261,0.9554994144878839,11.371735572814941,0.2461508810520172,0.021645849877169224,0.24
32,octanol_gsolv_eV,24,0.05648600310087204,0.0433407798409462,0.6435959006880227,0.9508199445820278,9.715524673461914,0.049856655299663544,0.005131648261451866,0.04
32,octanol_gsolv_eV,25,0.2927371561527252,0.05145338550209999,0.6445000526113214,0.9364482227931761,11.79079818725586,0.7906054258346558,0.06705274853140862,0.28
32,octanol_gsolv_eV,26,0.20492509007453918,0.03423994779586792,0.6449720775717995,0.9611207996044098,7.707800388336182,0.11819984763860703,0.015335094538446115,0.14
32,octanol_gsolv_eV,27,0.2685226798057556,0.046355925500392914,0.6454100560967848,0.9145184112849973,10.535920143127441,0.6173825860023499,0.05859788016759668,0.22
32,octanol_gsolv_eV,28,0.1290009617805481,0.06565923988819122,0.635066362920105,0.9701982764674137,14.26339340209961,0.02699034847319126,0.0018922810100167474,0.04
32,octanol_gsolv_eV,29,0.1803494095802307,0.0426289327442646,0.6457118548745966,0.9376795607327577,9.64208698272705,0.4558020532131195,0.04727213662660882,0.22
32,octanol_gsolv_eV,30,0.28569990396499634,0.041280075907707214,0.6448992933603543,0.9275567092326438,9.362981796264648,0.5002577900886536,0.05342932422321176,0.2
32,octanol_gsolv_eV,31,0.2902546226978302,0.045117560774087906,0.6455029052975503,0.9042607747904208,10.328972816467285,0.6725852489471436,0.06511637322492064,0.24
32,octanol_gsolv_eV,32,0.3008405566215515,0.04265507683157921,0.6325177553848451,0.9109292550812726,9.257537841796875,0.8021680116653442,0.08665025467610128,0.2
32,octanol_gsolv_eV,33,0.2479536086320877,0.04871659353375435,0.644122597657832,0.9446743383925742,11.094278335571289,0.5556292533874512,0.050082505286166465,0.18
32,octanol_gsolv_eV,34,0.34215638041496277,0.043714433908462524,0.6460243163078434,0.9186628428353425,10.050458908081055,0.8065337538719177,0.08024845046860751,0.22
32,octanol_gsolv_eV,35,0.17499668896198273,0.04322076588869095,0.6448041881168805,0.9501057012960759,9.752409934997559,0.22612221539020538,0.023186291070347833,0.14
32,octanol_gsolv_eV,36,0.23134025931358337,0.049285680055618286,0.6438792232648733,0.9051533955920366,11.205941200256348,0.48261910676956177,0.0430681455617955,0.2
32,octanol_gsolv_eV,37,0.07405703514814377,0.0481271855533123,0.6445842459542479,0.9511268065543368,10.782873153686523,0.013696937821805477,0.00127024936921591,0.02
32,octanol_gsolv_eV,38,0.1873033344745636,0.048220209777355194,0.6443541759643607,0.9481968075157992,10.837814331054688,0.13490915298461914,0.012448003708464564,0.12
32,octanol_gsolv_eV,39,0.29561519622802734,0.0531565360724926,0.6442972677862173,0.9505658425262349,12.016886711120605,0.4310789704322815,0.03587276644901334,0.18
32,octanol_gsolv_eV,40,0.2855542302131653,0.057406943291425705,0.6398482985357068,0.926081874251492,12.828701972961426,0.4748966097831726,0.03701828998632086,0.16
32,octanol_gsolv_eV,41,0.087753064930439,0.04853574559092522,0.6455378181135256,0.9629164268742851,10.962148666381836,0.008767842315137386,0.000799828809294127,0.04
32,octanol_gsolv_eV,42,0.25454533100128174,0.04943903163075447,0.64220432989075,0.9083634067513435,11.210704803466797,0.7843594551086426,0.06996522242438204,0.16
32,octanol_gsolv_eV,43,0.14904306828975677,0.04765653610229492,0.6454535343743328,0.9690992407421406,10.727298736572266,0.010428735055029392,0.0009721678598802335,0.12
32,octanol_gsolv_eV,44,0.323625773191452,0.022592192515730858,0.6480002265681886,0.9612565273517286,4.945305824279785,0.5038161277770996,0.1018776483556451,0.26
32,octanol_gsolv_eV,45,0.1536523699760437,0.04765244200825691,0.6394276527842291,0.9594391177981549,10.624170303344727,0.05101616308093071,0.004801896206884944,0.14
32,octanol_gsolv_eV,46,0.28081852197647095,0.044714655727148056,0.6450796114341482,0.9018308035153415,10.21096134185791,0.6452254056930542,0.06318948667918997,0.26
32,octanol_gsolv_eV,47,0.1639583557844162,0.04475151747465134,0.6447701691459646,0.950512629082181,10.078702926635742,0.10763169825077057,0.010679122009472491,0.12
32,octanol_gsolv_eV,48,0.08825892955064774,0.04762592911720276,0.643615082657653,0.9668841880107324,10.688484191894531,0.0080445297062397,0.000752635225146346,0.12
32,octanol_gsolv_eV,49,0.28539201617240906,0.04782581701874733,0.6403408847986534,0.9126893199608641,10.762537956237793,0.7286717891693115,0.06770445708365518,0.28
32,octanol_gsolv_eV,50,0.33407530188560486,0.044518496841192245,0.6464806583838851,0.9295531788082092,10.184077262878418,1.1136415004730225,0.10935124230963109,0.3
32,octanol_gsolv_eV,51,0.5195245146751404,0.03316598758101463,0.6584028054137621,0.9333391271933478,7.502523422241211,2.2023069858551025,0.2935421673361751,0.48
32,octanol_gsolv_eV,52,0.19814497232437134,0.0507785864174366,0.6452730377297176,0.9636167257977959,11.44074821472168,0.040507424622774124,0.003540627226692232,0.2
32,octanol_gsolv_eV,53,0.260418176651001,0.039912473410367966,0.6450064367733812,0.932682921690599,9.101032257080078,0.5286834239959717,0.058090490074319476,0.2
32,octanol_gsolv_eV,54,0.0734620913863182,0.05083382874727249,0.643979540250202,0.9549597385153079,11.438217163085938,0.04826594144105911,0.0042197084347048155,0.04
32,octanol_gsolv_eV,55,0.11080839484930038,0.06903576105833054,0.645292267133551,0.9588412397778376,15.554564476013184,0.031432271003723145,0.0020207747412147154,0.16
32,octanol_gsolv_eV,56,0.22329744696617126,0.049334798008203506,0.6426979074148391,0.8915722698106039,11.117307662963867,0.597323477268219,0.053729148763071374,0.2
32,octanol_gsolv_eV,57,0.28340089321136475,0.04837195202708244,0.6450925520295758,0.9125341836073135,11.065186500549316,0.7945213317871094,0.07180369998713229,0.2
32,octanol_gsolv_eV,58,0.3193623721599579,0.0441390685737133,0.6457033930813731,0.9149082343722483,10.172077178955078,0.8507375717163086,0.08363459662657614,0.26
32,octanol_gsolv_eV,59,0.1860935091972351,0.0512579046189785,0.6416443858655374,0.9551991175535395,11.466495513916016,0.06427967548370361,0.0056058693264818575,0.22
32,octanol_gsolv_eV,60,0.2943016290664673,0.040463417768478394,0.645154089789115,0.9138196357327932,9.214797973632812,1.1710573434829712,0.12708442950500165,0.22
32,octanol_gsolv_eV,61,0.10967545211315155,0.04808294400572777,0.636909466470104,0.9671163065343424,10.629383087158203,0.021398400887846947,0.002013136671468661,0.12
32,octanol_gsolv_eV,62,0.29597851634025574,0.051246289163827896,0.6421098826582994,0.9253979877666871,11.515406608581543,0.9714615345001221,0.08436189598169871,0.24
32,octanol_gsolv_eV,63,0.2489110380411148,0.044398412108421326,0.6440935580544556,0.9193215313525611,10.0460844039917,0.44659584760665894,0.0444547178430244,0.32
32,octanol_gsolv_eV,64,0.10228705406188965,0.04542560502886772,0.6443211216884399,0.945267335687952,10.198098182678223,0.0365467332303524,0.0035836812487673566,0.1
32,octanol_gsolv_eV,65,0.1832721084356308,0.039349932223558426,0.6437547803566226,0.9758410499218577,8.763656616210938,0.019538260996341705,0.0022294644635208545,0.18
32,octanol_gsolv_eV,66,0.26556694507598877,0.046709317713975906,0.6398107806525264,0.911882855678408,10.4432954788208,0.8274628520011902,0.0792338829902209,0.24
32,octanol_gsolv_eV,67,0.1959170699119568,0.046478454023599625,0.6453785681187298,0.9525681729482947,10.494050979614258,0.19781887531280518,0.018850573119674002,0.16
32,octanol_gsolv_eV,68,0.1870216280221939,0.04838653653860092,0.6446156663789118,0.9713699577094776,10.857802391052246,0.02034185826778412,0.0018734784015361657,0.2
32,octanol_gsolv_eV,69,0.21158728003501892,0.024257132783532143,0.6451890321894722,0.9569360371118751,5.295051574707031,0.2017589956521988,0.038103310762060305,0.14
32,octanol_gsolv_eV,70,0.2678271532058716,0.05603045970201492,0.6350368961727832,0.9263117325774608,12.403055191040039,0.37827444076538086,0.030498488875438216,0.22
32,octanol_gsolv_eV,71,0.1944311112165451,0.04529415816068649,0.6467067105427884,0.9504809808855219,10.279094696044922,0.10589500516653061,0.010301977780910583,0.14
32,octanol_gsolv_eV,72,0.19368259608745575,0.029624350368976593,0.6477461836103053,0.9775940188673504,6.537689685821533,0.09252401441335678,0.014152402279664045,0.16
32,octanol_gsolv_eV,73,0.33157235383987427,0.04424390196800232,0.6447378784614932,0.9156067272332726,10.158933639526367,0.9468498229980469,0.09320366256887876,0.26
32,octanol_gsolv_eV,74,0.12757450342178345,0.05123278498649597,0.6399143307907158,0.971470667306557,11.336737632751465,0.007722704205662012,0.000681210455409268,0.1
32,octanol_gsolv_eV,75,0.2776408791542053,0.04767362400889397,0.6421864064353662,0.916069667141691,10.757180213928223,0.8219777345657349,0.07641200744238266,0.26
32,octanol_gsolv_eV,76,0.2365916222333908,0.05472520738840103,0.637077739860044,0.9141676674957471,12.164813041687012,0.7486862540245056,0.061545233079938734,0.3
32,octanol_gsolv_eV,77,0.23180700838565826,0.0428004115819931,0.6445434476809644,0.9351415126810347,9.718693733215332,0.26664403080940247,0.02743620059742185,0.2
32,octanol_gsolv_eV,78,0.25464120507240295,0.04968752712011337,0.6431342239306936,0.9041564611184019,11.300962448120117,0.8362795114517212,0.07400073359157422,0.18
32,octanol_gsolv_eV,79,0.28035885095596313,0.04920384660363197,0.6435193632173279,0.9172018588227184,11.102487564086914,0.7351318597793579,0.06621325676214043,0.34
32,octanol_gsolv_eV,80,0.34603843092918396,0.04664289951324463,0.6450351763406681,0.9155708485571945,10.719318389892578,0.7801799774169922,0.07278261070709839,0.32
32,octanol_gsolv_eV,81,0.17063060402870178,0.038815587759017944,0.6447966360109652,0.9684835099416345,8.602280616760254,0.07665473222732544,0.00891097787230693,0.14
32,octanol_gsolv_eV,82,0.25581082701683044,0.046566687524318695,0.6439771013068254,0.9112544699837488,10.57182788848877,0.4573230445384979,0.043258653977564114,0.32
32,octanol_gsolv_eV,83,0.2826322019100189,0.048850029706954956,0.6440309328277398,0.9305080051532981,11.084126472473145,1.3170535564422607,0.11882339665765229,0.26
32,octanol_gsolv_eV,84,0.12287693470716476,0.053145475685596466,0.6335449128662651,0.9747642036225355,11.68637752532959,0.008232547901570797,0.0007044567817295989,0.14
32,octanol_gsolv_eV,85,0.48877814412117004,0.05287691578269005,0.6486090629300862,0.9242614690732156,12.021687507629395,2.7981443405151367,0.2327580332411181,0.48
32,octanol_gsolv_eV,86,0.29632481932640076,0.04593035578727722,0.6460442550029275,0.9228336581202019,10.546507835388184,0.6686376333236694,0.06339896046728334,0.26
32,octanol_gsolv_eV,87,0.17531262338161469,0.05062652751803398,0.6354707853927755,0.9469997034883577,11.213602066040039,0.1487005352973938,0.01326072874903664,0.14
32,octanol_gsolv_eV,88,0.16444441676139832,0.045039668679237366,0.6450886928346189,0.9714536398186826,10.148911476135254,0.007186282426118851,0.0007080840583758265,0.2
32,octanol_gsolv_eV,89,0.13779284060001373,0.047105882316827774,0.6447841957571241,0.9741124618118839,10.58556842803955,0.009311618283390999,0.0008796521742494193,0.14
32,octanol_gsolv_eV,90,0.21083195507526398,0.04833584278821945,0.6406296438581613,0.9478247118634369,10.75185775756836,0.16161897778511047,0.015031725812345775,0.22
32,octanol_gsolv_eV,91,0.23011669516563416,0.06671080738306046,0.6377358288310948,0.9642239264198833,14.737605094909668,0.09798236936330795,0.0066484594160519895,0.18
32,octanol_gsolv_eV,92,0.24921515583992004,0.05106896162033081,0.6429666078124534,0.8955748769538967,11.580029487609863,0.7016426920890808,0.060590751762748835,0.22
32,octanol_gsolv_eV,93,0.30923038721084595,0.053294964134693146,0.6450813391707868,0.9219565854289586,12.199028968811035,1.192991852760315,0.09779400112995949,0.22
32,octanol_gsolv_eV,94,0.2555595636367798,0.04539670795202255,0.6434907835289421,0.9202662126970094,10.348240852355957,0.9127756953239441,0.08820588043388407,0.3
32,octanol_gsolv_eV,95,0.32692772150039673,0.04461546987295151,0.6437906050404543,0.8972925241039031,10.198348999023438,1.2327020168304443,0.12087270370414702,0.28
32,octanol_gsolv_eV,96,0.3627760410308838,0.03892653435468674,0.6459127970108829,0.9203838011647003,8.876380920410156,0.9023922681808472,0.10166218375170291,0.34
32,octanol_gsolv_eV,97,0.07731006294488907,0.06397368758916855,0.6297479034415479,0.9632015617786489,13.781582832336426,0.00792643055319786,0.0005751466032333873,0.04
32,octanol_gsolv_eV,98,0.16215133666992188,0.06149232015013695,0.6340257362164654,0.949823593432441,13.384713172912598,0.06950830668210983,0.0051931114088255344,0.1
32,octanol_gsolv_eV,99,0.19788098335266113,0.04383651539683342,0.6442231942613226,0.9626740148353581,9.64857006072998,0.11535641551017761,0.011955804309250164,0.14
32,octanol_gsolv_eV,100,0.10326316207647324,0.04743945598602295,0.6437001461487295,0.9600215294398018,10.599742889404297,0.027601592242717743,0.0026039869580524273,0.1
32,octanol_gsolv_eV,101,0.2734619379043579,0.043791718780994415,0.6440120554070496,0.9126829112670374,9.963614463806152,0.6105774641036987,0.06128071959444876,0.24
32,octanol_gsolv_eV,102,0.1195535808801651,0.05293096601963043,0.635695024596157,0.970960308625678,11.500967025756836,0.009395698085427284,0.0008169485282746464,0.12
32,octanol_gsolv_eV,103,0.3922150731086731,0.0452931746840477,0.6480100175382537,0.9108385971105433,10.304076194763184,1.3869069814682007,0.1345978965269167,0.26
32,octanol_gsolv_eV,104,0.09283842891454697,0.02387654408812523,0.6411399324327935,0.9646250409862007,5.136322021484375,0.03897425904870033,0.0075879703191656465,0.04
32,octanol_gsolv_eV,105,0.2566581666469574,0.04231559485197067,0.6446119975439737,0.9091571108445722,9.6107816696167,0.9200035929679871,0.09572619840865441,0.18
32,octanol_gsolv_eV,106,0.12022709846496582,0.027486935257911682,0.6452080288960074,0.9490626207578803,5.999529838562012,0.05486856773495674,0.009145477931001978,0.12
32,octanol_gsolv_eV,107,0.09070470929145813,0.06921564787626266,0.6404416358353198,0.9757555342692703,15.429193496704102,0.013807247392833233,0.0008948781020720662,0.08
32,octanol_gsolv_eV,108,0.3413260281085968,0.0457618311047554,0.6469830844543369,0.9051920683224484,10.565104484558105,0.8124727606773376,0.07690153579312377,0.3
32,octanol_gsolv_eV,109,0.22273293137550354,0.05002652108669281,0.6318179991239368,0.9123080485652526,11.084582328796387,0.662957489490509,0.059808973385332406,0.26
32,octanol_gsolv_eV,110,0.16194979846477509,0.030262023210525513,0.647885941262232,0.9735824855965309,6.694425106048584,0.04423550143837929,0.006607811834120212,0.16
32,octanol_gsolv_eV,111,0.14186324179172516,0.04671120643615723,0.6453076927507457,0.9714885294145301,10.509001731872559,0.011424059048295021,0.001087073666916164,0.12
32,octanol_gsolv_eV,112,0.11927364021539688,0.04935555160045624,0.644133961123057,0.9417826356060126,11.073747634887695,0.04334774613380432,0.003914460358229388,0.08
32,octanol_gsolv_eV,113,0.13126862049102783,0.04621133953332901,0.646570537986833,0.9499684620294797,10.453352928161621,0.08410883694887161,0.008046110901152117,0.12
32,octanol_gsolv_eV,114,0.5299131274223328,0.0392439141869545,0.655474109108283,0.9282926439220847,9.037858963012695,2.650416851043701,0.2932571598971054,0.44
32,octanol_gsolv_eV,115,0.16350868344306946,0.04971417039632797,0.6425119466070353,0.963313511875191,11.184602737426758,0.014853592962026596,0.0013280393868905498,0.2
32,octanol_gsolv_eV,116,0.21145406365394592,0.044163018465042114,0.6319947180146865,0.9221042496753646,9.71629524230957,0.3211369812488556,0.033051381544116305,0.14
32,octanol_gsolv_eV,117,0.2772659361362457,0.052421700209379196,0.635227722176767,0.9175303840147893,11.579418182373047,0.9817079901695251,0.08478042460405702,0.3
32,octanol_gsolv_eV,118,0.4584996998310089,0.0456659160554409,0.6524675768610206,0.9171330695566451,10.589702606201172,1.9634454250335693,0.18541081823051433,0.3
32,octanol_gsolv_eV,119,0.26760134100914,0.043713293969631195,0.6453222274009209,0.9340887647403922,9.883578300476074,0.2990138828754425,0.030253605909212004,0.26
32,octanol_gsolv_eV,120,0.2515547275543213,0.0462205708026886,0.6415721350058887,0.9229181008703831,10.444046020507812,0.7654076218605042,0.073286504134275,0.26
32,octanol_gsolv_eV,121,0.07200617343187332,0.04529235139489174,0.6453811639703873,0.9673162807079423,10.166581153869629,0.009827030822634697,0.000966601325844363,0.02
32,octanol_gsolv_eV,122,0.29727816581726074,0.046287618577480316,0.6442615060640422,0.909212966632853,10.570951461791992,1.3125066757202148,0.12416164055470161,0.32
32,octanol_gsolv_eV,123,0.2464749664068222,0.04530741646885872,0.6458763837666941,0.9491917781712278,10.293400764465332,0.3398096263408661,0.03301237697010204,0.24
32,octanol_gsolv_eV,124,0.112410768866539,0.049267955124378204,0.645181591787996,0.9694668982707622,11.096043586730957,0.010403995402157307,0.0009376310863269115,0.14
32,octanol_gsolv_eV,125,0.30488866567611694,0.045220136642456055,0.6442232034995841,0.9200476488576255,10.3533353805542,0.5866349339485168,0.05666144410335089,0.26
32,octanol_gsolv_eV,126,0.3468543291091919,0.048210509121418,0.6437633264431855,0.9171414616822784,11.074407577514648,1.120804786682129,0.1012067488790821,0.34
32,octanol_gsolv_eV,127,0.45402809977531433,0.022210020571947098,0.6534778047646328,0.915678420860043,4.974400520324707,1.2003860473632812,0.24131270541217403,0.26
32,octanol_gsolv_eV,128,0.19321061670780182,0.05117979645729065,0.6409990334175104,0.9536422569805472,11.408377647399902,0.1280382126569748,0.011223174461283384,0.1
32,octanol_gsolv_eV,129,0.1994268149137497,0.054833244532346725,0.6385291261850814,0.9599508215749359,12.109724998474121,0.09173951297998428,0.007575689207768456,0.24
32,octanol_gsolv_eV,130,0.11445558816194534,0.0382448174059391,0.6453219120729479,0.9602330895609783,8.605555534362793,0.012865196913480759,0.001494987379037741,0.12
32,octanol_gsolv_eV,131,0.17279499769210815,0.04762263968586922,0.644695097778635,0.9497932052714948,10.737228393554688,0.08020882308483124,0.0074701608408533765,0.12
32,octanol_gsolv_eV,132,0.12896117568016052,0.048544351011514664,0.6440366343300397,0.9685885932606821,10.904780387878418,0.01104731671512127,0.0010130709947539422,0.12
32,octanol_gsolv_eV,133,0.33127090334892273,0.04412733390927315,0.6403653307230117,0.9094800655243505,9.970024108886719,1.141541838645935,0.11449740002418138,0.32
32,octanol_gsolv_eV,134,0.12202111631631851,0.04523688554763794,0.645433551976268,0.9569633592955251,10.172428131103516,0.0642724484205246,0.006318299583164738,0.08
32,octanol_gsolv_eV,135,0.24418365955352783,0.046868275851011276,0.6474951568806917,0.9201216135826966,10.755871772766113,0.6085188388824463,0.056575501431991505,0.24
32,octanol_gsolv_eV,136,0.3589443564414978,0.04626820608973503,0.6440964642886391,0.9281562880408216,10.400071144104004,1.8147783279418945,0.1744967224547042,0.3
32,octanol_gsolv_eV,137,0.3134518563747406,0.04876954108476639,0.6427862118020349,0.9148376397811107,11.175715446472168,0.8161662220954895,0.07303033313658037,0.24
32,octanol_gsolv_eV,138,0.3393915593624115,0.05228987708687782,0.6421086698655853,0.9137983995044971,11.874955177307129,0.7568044662475586,0.06373114297675844,0.3
32,octanol_gsolv_eV,139,0.1651255339384079,0.047195907682180405,0.6457361394150403,0.9524557691809632,10.63233470916748,0.05543617531657219,0.005213923078321984,0.1
32,octanol_gsolv_eV,140,0.13990263640880585,0.05257146805524826,0.640695635895433,0.9439671688679354,11.722721099853516,0.09321481734514236,0.007951636531411394,0.14
32,octanol_gsolv_eV,141,0.07025273889303207,0.05288495495915413,0.6426181588779298,0.9738010495118898,11.824108123779297,0.0074832141399383545,0.0006328776819021951,0.04
32,octanol_gsolv_eV,142,0.2919357717037201,0.04730714485049248,0.6428728166246314,0.9083954264865461,10.722253799438477,0.46345359086990356,0.04322352366758699,0.26
32,octanol_gsolv_eV,143,0.3250751495361328,0.04175747558474541,0.6441585837445944,0.9605641767065018,9.25426959991455,1.0836318731307983,0.11709534301235443,0.26
32,octanol_gsolv_eV,144,0.12862512469291687,0.048935409635305405,0.6440274206994838,0.9684322061644848,11.005645751953125,0.012252633459866047,0.0011133043654155072,0.12
32,octanol_gsolv_eV,145,0.1474323868751526,0.042474597692489624,0.6414761926452561,0.9595956365228611,9.500665664672852,0.09771715104579926,0.010285295209276693,0.08
32,octanol_gsolv_eV,146,0.2829537093639374,0.04460001736879349,0.6398415524020864,0.9155700896032197,10.014004707336426,0.5437473058700562,0.054298686865175715,0.28
32,octanol_gsolv_eV,147,0.3238644599914551,0.047594714909791946,0.6449051592950024,0.9060477740832387,10.847192764282227,0.7950155138969421,0.07329228226816244,0.3
32,octanol_gsolv_eV,148,0.12289957702159882,0.048980504274368286,0.6435648234338602,0.9638487725304867,11.002693176269531,0.010757777839899063,0.0009777404193276335,0.16
32,octanol_gsolv_eV,149,0.3734051287174225,0.051978517323732376,0.6400649263327944,0.905942701155755,11.825031280517578,1.6164851188659668,0.13670028269009482,0.4
32,octanol_gsolv_eV,150,0.24266506731510162,0.04907483607530594,0.6428487089089925,0.9093595677471729,11.051270484924316,0.7949574589729309,0.07193358085456136,0.24
32,octanol_gsolv_eV,151,0.18348176777362823,0.05029626935720444,0.6431021649415343,0.9325706041965944,11.311126708984375,0.32742851972579956,0.02894747164893172,0.16
32,octanol_gsolv_eV,152,0.17060263454914093,0.03740141540765762,0.6449103450250051,0.9338155511613411,8.40632152557373,0.22229540348052979,0.026443837867045912,0.02
32,octanol_gsolv_eV,153,0.30827486515045166,0.046387866139411926,0.6423018477067937,0.9123932962387133,10.635541915893555,0.5434921383857727,0.051101499357883044,0.32
32,octanol_gsolv_eV,154,0.3500080704689026,0.051627855747938156,0.6418277770914464,0.9375265837343416,11.550907135009766,1.8182119131088257,0.15740858201499933,0.38
32,octanol_gsolv_eV,155,0.32210102677345276,0.0522649809718132,0.6445470638001338,0.9232044450663199,12.075830459594727,0.8155785799026489,0.06753809459577494,0.34
32,octanol_gsolv_eV,156,0.11247646063566208,0.05229521170258522,0.6407368148338706,0.94796053337011,11.636157989501953,0.06295251101255417,0.005410077026227163,0.08
32,octanol_gsolv_eV,157,0.09396910667419434,0.046013716608285904,0.6464475004823507,0.9595007683033014,10.367462158203125,0.009588813409209251,0.0009248949514247536,0.02
32,octanol_gsolv_eV,158,0.11640284210443497,0.04578222334384918,0.647069501180227,0.9658248467688926,10.329865455627441,0.010874313302338123,0.0010527061895481012,0.16
32,octanol_gsolv_eV,159,0.2791883051395416,0.04937932267785072,0.6436352628548798,0.9195878161099484,11.285956382751465,0.7521341443061829,0.06664336798746479,0.3
32,octanol_gsolv_eV,160,0.1515190452337265,0.04812385514378548,0.6440181045527238,0.959397290334634,10.782652854919434,0.026504656299948692,0.0024580830577195403,0.12
32,octanol_gsolv_eV,161,0.31604552268981934,0.04617556184530258,0.6448062439082027,0.9103200068514168,10.579065322875977,0.7759196758270264,0.0733448232093994,0.38
32,octanol_gsolv_eV,162,0.2154882699251175,0.04849351942539215,0.6452389967823944,0.9493162770957082,11.007514953613281,0.15023115277290344,0.013648053480371533,0.2
32,octanol_gsolv_eV,163,0.24630489945411682,0.05018061771988869,0.6350374046354166,0.9161415722510182,11.008600234985352,0.877434492111206,0.07970445591463278,0.28
32,octanol_gsolv_eV,164,0.24102714657783508,0.046368442475795746,0.6440261272857679,0.9399667219060539,10.503622055053711,0.18375661969184875,0.01749459555272518,0.26
32,octanol_gsolv_eV,165,0.3234456181526184,0.04187353700399399,0.6439436688791582,0.8977999248794246,9.534789085388184,1.0898796319961548,0.11430558371410302,0.24
32,octanol_gsolv_eV,166,0.05158418044447899,0.04336540773510933,0.6452811910938092,0.9556464562803626,9.749744415283203,0.026684658601880074,0.002736959807895124,0.04
32,octanol_gsolv_eV,167,0.10948968678712845,0.04536736384034157,0.6467892542209619,0.9709970595887909,10.266902923583984,0.019053028896450996,0.001855771797811052,0.12
32,octanol_gsolv_eV,168,0.4168544411659241,0.048897236585617065,0.6486604703988019,0.9211803450982534,11.384725570678711,1.4646494388580322,0.12865039475613077,0.26
32,octanol_gsolv_eV,169,0.12638543546199799,0.05353641137480736,0.6426360670063516,0.9773144273038139,11.964729309082031,0.012435863725841045,0.0010393769390504633,0.14
32,octanol_gsolv_eV,170,0.2797700762748718,0.04722695052623749,0.6435016057002418,0.9293957480655444,10.672957420349121,0.676947832107544,0.06342645299201433,0.24
32,octanol_gsolv_eV,171,0.11646487563848495,0.046105895191431046,0.6408575552635041,0.9536186681752687,10.354540824890137,0.02606085315346718,0.002516852615117647,0.12
32,octanol_gsolv_eV,172,0.38183513283729553,0.05661221593618393,0.6350942974733087,0.9198032044767166,12.533651351928711,2.4710500240325928,0.1971532440666096,0.3
32,octanol_gsolv_eV,173,0.12791277468204498,0.048135675489902496,0.6467924677587504,0.9690082882837927,10.89314079284668,0.007592869456857443,0.0006970321600766913,0.16
32,octanol_gsolv_eV,174,0.050070036202669144,0.032261308282613754,0.6471577411293521,0.9683428471833049,7.096237659454346,0.037070829421281815,0.005224011821516744,0.04
32,octanol_gsolv_eV,175,0.3501199781894684,0.04721595346927643,0.6362259705480233,0.9072496332886038,10.579427719116211,0.9541991353034973,0.09019383284592351,0.26
32,octanol_gsolv_eV,176,0.22280004620552063,0.048594508320093155,0.645665313781282,0.924731185690215,11.068333625793457,0.26134246587753296,0.02361172645433319,0.14
32,octanol_gsolv_eV,177,0.36901533603668213,0.04287448897957802,0.6467847594520328,0.9092327238367106,9.919780731201172,1.0734233856201172,0.10821039443380297,0.34
32,octanol_gsolv_eV,178,0.1424054652452469,0.051054950803518295,0.6414965646672477,0.9637475966748164,11.372282981872559,0.012794451788067818,0.0011250556997625014,0.14
32,octanol_gsolv_eV,179,0.3570457398891449,0.04756892845034599,0.6481134536133131,0.9169500796310437,10.955364227294922,1.576647400856018,0.14391556210681286,0.34
32,octanol_gsolv_eV,180,0.2920880913734436,0.027410756796598434,0.6483757963004739,0.9564337966093581,6.066784381866455,0.40081268548965454,0.06606674314776685,0.2
32,octanol_gsolv_eV,181,0.3484779894351959,0.04284863919019699,0.6455971039626685,0.9166192818323371,9.879082679748535,0.8298897743225098,0.08400474024007601,0.36
32,octanol_gsolv_eV,182,0.06519908457994461,0.05080440267920494,0.6418878482965269,0.9701401295745598,11.327922821044922,0.0054387860000133514,0.00048012209174917925,0.1
32,octanol_gsolv_eV,183,0.33277568221092224,0.056454092264175415,0.6436732441069151,0.9490708537398265,12.821145057678223,1.0709835290908813,0.08353259590097996,0.26
32,octanol_gsolv_eV,184,0.31005382537841797,0.04543127864599228,0.6455864801059314,0.9034106116014367,10.352048873901367,1.3924269676208496,0.13450737960978026,0.24
32,octanol_gsolv_eV,185,0.14217990636825562,0.04685358330607414,0.6458824211085086,0.9743114836461129,10.555338859558105,0.01932848058640957,0.001831156805440422,0.16
32,octanol_gsolv_eV,186,0.2696477174758911,0.04923344776034355,0.6463890622223829,0.9201524467512097,11.337934494018555,0.64125657081604,0.05655850024132188,0.32
32,octanol_gsolv_eV,187,0.21080438792705536,0.05841651186347008,0.6460515853945104,0.933851246108816,13.261280059814453,0.4770038425922394,0.035969668119573174,0.14
32,octanol_gsolv_eV,188,0.16149215400218964,0.04868499934673309,0.6432338584997692,0.9473068843648857,10.889202117919922,0.04748072847723961,0.004360349634717725,0.12
32,octanol_gsolv_eV,189,0.22658610343933105,0.04526137933135033,0.6444433234436571,0.9320991843812523,10.256784439086914,0.22870181500911713,0.022297613483771017,0.18
32,octanol_gsolv_eV,190,0.3402092158794403,0.04463972523808479,0.6461414842892206,0.9042949033440735,10.349234580993652,1.1162668466567993,0.1078598458582455,0.32
32,octanol_gsolv_eV,191,0.31682872772216797,0.046225372701883316,0.6445239811835328,0.9238844948880427,10.581676483154297,0.7554501295089722,0.07139229126042793,0.26
32,octanol_gsolv_eV,192,0.10860110074281693,0.047976743429899216,0.6409907518261315,0.9529290713078713,10.7008638381958,0.010356866754591465,0.0009678533351320229,0.1
32,octanol_gsolv_eV,193,0.3895066976547241,0.03983904421329498,0.6492493096457344,0.9144763710152288,9.15690803527832,1.3165537118911743,0.14377710323386012,0.3
32,octanol_gsolv_eV,194,0.3110010623931885,0.038224633783102036,0.6445215151934225,0.9107322305470433,8.618680000305176,0.9464683532714844,0.10981592926503493,0.24
32,octanol_gsolv_eV,195,0.3021541237831116,0.0443977415561676,0.6451902753703584,0.9252169725517125,10.1786470413208,0.6025372743606567,0.05919620475242163,0.16
32,octanol_gsolv_eV,196,0.12350144982337952,0.05022750794887543,0.6456393750386873,0.9730635148584341,11.32114028930664,0.011422775685787201,0.0010089774875925315,0.1
32,octanol_gsolv_eV,197,0.2333536595106125,0.0471758097410202,0.6471716548607302,0.9128180165180819,10.815326690673828,0.5644357800483704,0.05218850952834272,0.3
32,octanol_gsolv_eV,198,0.1976783126592636,0.043878041207790375,0.6454194304480891,0.9509549347774573,9.90937614440918,0.20125578343868256,0.020309632060160523,0.14
32,octanol_gsolv_eV,199,0.0940186157822609,0.056083668023347855,0.6379524991810177,0.9703253702655279,12.431994438171387,0.009100529365241528,0.0007320248903345003,0.12
32,octanol_gsolv_eV,200,0.11529851704835892,0.04473748058080673,0.6457570560779675,0.9638710654254625,10.079024314880371,0.009406373836100101,0.000933262341892837,0.14
32,octanol_gsolv_eV,201,0.11795255541801453,0.04514084756374359,0.6464219263943836,0.9613301023307126,10.141753196716309,0.008836764842271805,0.0008713251713848615,0.12
32,octanol_gsolv_eV,202,0.028894901275634766,0.038032639771699905,0.6445572286255987,0.9569414094583857,8.536494255065918,0.02107236161828041,0.002468502992990967,0.02
32,octanol_gsolv_eV,203,0.2711053788661957,0.04779500514268875,0.638052293860234,0.9017478196469983,10.679240226745605,0.6455147862434387,0.060445759486408054,0.22
32,octanol_gsolv_eV,204,0.32571470737457275,0.04117858409881592,0.6431819235552425,0.9253483687432633,9.404321670532227,1.0743118524551392,0.11423597470314302,0.42
32,octanol_gsolv_eV,205,0.18822738528251648,0.04217659309506416,0.6432483740332,0.9675738489076835,9.271377563476562,0.09394004195928574,0.010132263659431888,0.1
32,octanol_gsolv_eV,206,0.3342408835887909,0.02913185954093933,0.6473698765037705,0.9059791211177588,6.580068111419678,1.0106209516525269,0.15358822044692802,0.18
32,octanol_gsolv_eV,207,0.19406910240650177,0.015430952422320843,0.6461785797984427,0.9662965968326092,3.3544163703918457,0.15719717741012573,0.04686275049145517,0.1
32,octanol_gsolv_eV,208,0.2489115595817566,0.046424370259046555,0.6475228743151706,0.9148788502548211,10.630651473999023,0.5175009965896606,0.04868008304621691,0.28
32,octanol_gsolv_eV,209,0.08634252101182938,0.045514337718486786,0.6440976195797214,0.9677726578562731,10.228422164916992,0.00818672962486744,0.0008003902745574521,0.08
32,octanol_gsolv_eV,210,0.09911029040813446,0.043658092617988586,0.6468957201907317,0.9477595868113335,9.912346839904785,0.019326258450746536,0.0019497157194846683,0.12
32,octanol_gsolv_eV,211,0.1532279998064041,0.06864500790834427,0.6265775555916742,0.9762878585962604,14.52907657623291,0.02951345220208168,0.00203133709477178,0.14
32,octanol_gsolv_eV,212,0.3849669396877289,0.055156391113996506,0.64124303233258,0.9186647326516777,12.505094528198242,1.7266877889633179,0.1380787474312761,0.26
32,octanol_gsolv_eV,213,0.2244921326637268,0.05292421579360962,0.638172132386412,0.9405117219858012,11.740927696228027,0.41884520649909973,0.03567394479685459,0.22
32,octanol_gsolv_eV,214,0.33662670850753784,0.050450973212718964,0.6417072842256193,0.9102208305019677,11.441227912902832,0.9327705502510071,0.08152713654091936,0.26
32,octanol_gsolv_eV,215,0.1283121109008789,0.056793421506881714,0.6440748610120657,0.967679948168789,12.770951271057129,0.021276960149407387,0.0016660434839828625,0.1
32,octanol_gsolv_eV,216,0.27743151783943176,0.04294278845191002,0.6452202196579051,0.9143092565009063,9.863738059997559,0.7404008507728577,0.07506290680766932,0.14
32,octanol_gsolv_eV,217,0.10912656038999557,0.0475088506937027,0.6463748412275849,0.9758141439456829,10.69344711303711,0.02162059210240841,0.0020218543070222206,0.1
32,octanol_gsolv_eV,218,0.304473876953125,0.04897342994809151,0.6448180680952786,0.9578895637697198,10.993931770324707,0.32055962085723877,0.0291578688638497,0.24
32,octanol_gsolv_eV,219,0.3791901767253876,0.047006599605083466,0.6451088326253613,0.9193088640651559,10.740978240966797,1.2228726148605347,0.11385113975898566,0.28
32,octanol_gsolv_eV,220,0.10393140465021133,0.04390983656048775,0.645506056680113,0.973875829732765,9.891683578491211,0.011316594667732716,0.0011440514223827252,0.14
32,octanol_gsolv_eV,221,0.3066331446170807,0.05160677060484886,0.6428748733896608,0.917694082836328,11.670988082885742,1.2484732866287231,0.10697237266992637,0.24
32,octanol_gsolv_eV,222,0.13268859684467316,0.04350420832633972,0.6484707024486036,0.9659883228502968,9.865626335144043,0.01601247675716877,0.0016230572913681085,0.16
32,octanol_gsolv_eV,223,0.2339218109846115,0.04925699904561043,0.6409428128198371,0.9130251613401215,11.06004810333252,0.7544682621955872,0.06821564021663316,0.3
32,octanol_gsolv_eV,224,0.14586013555526733,0.06061173975467682,0.6363892683613339,0.9497957531404013,13.250603675842285,0.06746426224708557,0.005091410466836497,0.08
32,octanol_gsolv_eV,225,0.14207424223423004,0.04521193727850914,0.6459465484296076,0.952677022398813,10.182868957519531,0.03241971135139465,0.003183750226644559,0.1
32,octanol_gsolv_eV,226,0.15529470145702362,0.0440150648355484,0.6427705896194107,0.9560856691888338,9.820541381835938,0.047417040914297104,0.00482835304803049,0.18
32,octanol_gsolv_eV,227,0.35423219203948975,0.04114527627825737,0.6461248221736926,0.9190921411800861,9.288735389709473,0.8775347471237183,0.09447300523770925,0.32
32,octanol_gsolv_eV,228,0.2557213008403778,0.04415230080485344,0.6436684046927565,0.9069090228197108,10.015661239624023,0.5078096985816956,0.05070156492241327,0.28
32,octanol_gsolv_eV,229,0.0796126201748848,0.04521560296416283,0.646491842327171,0.9610727736513272,10.190086364746094,0.016600262373685837,0.001629060027510323,0.04
32,octanol_gsolv_eV,230,0.11937929689884186,0.047516703605651855,0.6457357614213037,0.9686213836974964,10.690621376037598,0.012120241299271584,0.0011337265508662008,0.14
32,octanol_gsolv_eV,231,0.11930457502603531,0.05649222061038017,0.6442266501156568,0.9658482630492511,12.651795387268066,0.01916714943945408,0.0015149746619157812,0.08
32,octanol_gsolv_eV,232,0.32032278180122375,0.053436096757650375,0.6444417267886562,0.916009862368917,12.325753211975098,1.1198519468307495,0.09085464616821601,0.24
32,octanol_gsolv_eV,233,0.10953591763973236,0.04906924441456795,0.6427666072509943,0.9736636733247888,10.983114242553711,0.010570225305855274,0.0009624069341736688,0.08
32,octanol_gsolv_eV,234,0.2828459143638611,0.04792053997516632,0.6460841040163192,0.9209188908033834,10.931069374084473,0.7636398077011108,0.06985957014521914,0.18
32,octanol_gsolv_eV,235,0.31130146980285645,0.05313395336270332,0.6409625632398095,0.9199203870057076,12.149313926696777,0.7670772075653076,0.06313749172944985,0.22
32,octanol_gsolv_eV,236,0.32551467418670654,0.042236533015966415,0.6443437720288605,0.909281590126265,9.659262657165527,1.0823758840560913,0.11205574612397073,0.34
32,octanol_gsolv_eV,237,0.27774783968925476,0.049115538597106934,0.6440664028418062,0.9130562669676876,11.211048126220703,0.611565351486206,0.05455023871103188,0.16
32,octanol_gsolv_eV,238,0.24467846751213074,0.051545996218919754,0.6456418063041041,0.9258775941514692,11.685985565185547,0.48137181997299194,0.04119223126606257,0.24
32,octanol_gsolv_eV,239,0.3301701843738556,0.051501039415597916,0.6453250150020495,0.9247092602485638,11.860284805297852,1.5146509408950806,0.12770780514634048,0.34
32,octanol_gsolv_eV,240,0.2567381262779236,0.050227586179971695,0.6425891856416457,0.9219909219561422,11.373250961303711,0.6623514294624329,0.05823765181266235,0.34
32,octanol_gsolv_eV,241,0.06881548464298248,0.05111979320645332,0.6367374900421436,0.9612495344902183,11.205471992492676,0.07406861335039139,0.006610039577093683,0.02
32,octanol_gsolv_eV,242,0.34757089614868164,0.04727654159069061,0.6439957033141679,0.9032675173228468,10.806562423706055,0.7540610432624817,0.06977806759421655,0.32
32,octanol_gsolv_eV,243,0.09012934565544128,0.039388738572597504,0.6448583436441353,0.9387964913361291,8.835816383361816,0.0801357626914978,0.00906942371984965,0.04
32,octanol_gsolv_eV,244,0.21804021298885345,0.049326471984386444,0.6434486696703328,0.9319506723761455,11.117620468139648,0.3250744640827179,0.029239571994232123,0.18
32,octanol_gsolv_eV,245,0.15107467770576477,0.04714109003543854,0.6431478227390337,0.9711139331596037,10.548521995544434,0.015075722709298134,0.0014291786769431711,0.14
32,octanol_gsolv_eV,246,0.364704430103302,0.05027858167886734,0.6424966525160791,0.9215155006533557,11.383801460266113,0.8005896210670471,0.07032708922949998,0.38
32,octanol_gsolv_eV,247,0.13014371693134308,0.05016665160655975,0.6421429325282464,0.9720309123187614,11.238614082336426,0.00891368929296732,0.0007931306500662606,0.16
32,octanol_gsolv_eV,248,0.0850113183259964,0.049324873834848404,0.6447811993670458,0.958682049791284,11.065699577331543,0.011973130516707897,0.0010820039377569275,0.04
32,octanol_gsolv_eV,249,0.0855436623096466,0.04371119663119316,0.6421341372318208,0.9553148147398198,9.74459171295166,0.027982113882899284,0.002871553237649547,0.08
32,octanol_hl_gap_eV,0,0.27345919609069824,0.0021117886062711477,0.600106261902597,0.8982538458139586,0.3588370680809021,0.07080275565385818,0.19731171038855788,0.24
32,octanol_hl_gap_eV,1,0.06526321172714233,0.0015637045726180077,0.6088291856999108,0.9623980986710752,0.22607946395874023,0.014215193688869476,0.06287697891686335,0.02
32,octanol_hl_gap_eV,2,0.19681665301322937,0.0015892803203314543,0.6101544994875812,0.9190743446545133,0.3248421251773834,0.05316859483718872,0.16367518470135442,0.0
32,octanol_hl_gap_eV,3,0.022516051307320595,0.00194163853302598,0.5977459458766525,0.9717015236928153,0.4246317148208618,0.0010838266462087631,0.0025523921280020123,0.02
32,octanol_hl_gap_eV,4,0.07160947471857071,0.0009793683420866728,0.6728671971726465,0.9686254443532343,0.26736581325531006,0.0009179603075608611,0.003433349598380749,0.02
32,octanol_hl_gap_eV,5,0.05388498306274414,0.000876263715326786,0.6968225004043842,0.9724618588919431,0.29714900255203247,0.0011165267787873745,0.0037574643333755237,0.1
32,octanol_hl_gap_eV,6,0.06621449440717697,0.0011810288997367024,0.6394183695031941,0.9656320923651547,0.3258603513240814,0.0005601135781034827,0.0017188761253940554,0.08
32,octanol_hl_gap_eV,7,0.448575884103775,0.0017347370740026236,0.6336743831416429,0.9178843786087165,0.37622469663619995,0.127456396818161,0.33877732630988927,0.3
32,octanol_hl_gap_eV,8,0.07345666736364365,0.0013325123582035303,0.6175085376935994,0.9832021218079761,0.38175445795059204,0.001523524522781372,0.003990849330117193,0.14
32,octanol_hl_gap_eV,9,0.1989007443189621,0.0013370303204283118,0.6295853602431642,0.9905386707983557,0.02662336640059948,0.010937770828604698,0.41083350106913646,0.16
32,octanol_hl_gap_eV,10,0.06866525858640671,0.0015033396193757653,0.6210457349605016,0.986014659152064,0.3633662760257721,0.0037322069983929396,0.010271198084789325,0.24
32,octanol_hl_gap_eV,11,0.08427808433771133,0.0010812144028022885,0.6362721846183212,0.9648629218058393,0.18544016778469086,0.0008785069803707302,0.004737414719073911,0.06
32,octanol_hl_gap_eV,12,0.07437240332365036,0.0014876362401992083,0.5981474731816314,0.9708495389245972,0.3636494576931,0.001039451570250094,0.002858388891445381,0.16
32,octanol_hl_gap_eV,13,0.0454869270324707,0.0023451896850019693,0.6271040752337333,0.9789049157221532,0.4192408621311188,0.0009118890156969428,0.0021750957458239054,0.02
32,octanol_hl_gap_eV,14,0.18236051499843597,0.0037728731986135244,0.6091647442609147,0.8931978690838718,0.7765437960624695,0.13445283472537994,0.1731426294397487,0.1
32,octanol_hl_gap_eV,15,0.14725349843502045,0.0016961179208010435,0.6261903139470493,0.9240618593540944,0.4291737973690033,0.03288939222693443,0.07663420373880878,0.04
32,octanol_hl_gap_eV,16,0.028666766360402107,0.008050818927586079,0.6209199814447597,0.9709638564287446,1.6365164518356323,0.004241846036165953,0.0025919971848788925,0.04
32,octanol_hl_gap_eV,17,0.04421282187104225,0.0009607584797777236,0.6439454019994093,0.9707805584182532,0.2835026681423187,0.000538830179721117,0.0019006176670288814,0.22
32,octanol_hl_gap_eV,18,0.16444043815135956,0.001570624066516757,0.6655489280322333,0.9696918540667459,0.3701179623603821,0.0024062166921794415,0.006501215657932645,0.28
32,octanol_hl_gap_eV,19,0.07657544314861298,0.0010475837625563145,0.6417639796223953,0.9470303358808563,0.33260172605514526,0.003601210890337825,0.010827396878093006,0.12
32,octanol_hl_gap_eV,20,0.016917090862989426,0.0014706101501360536,0.6119820914253433,0.9720622939419252,0.32424890995025635,0.0016295313835144043,0.005025557013482,0.02
32,octanol_hl_gap_eV,21,0.055496424436569214,0.004546707961708307,0.5819499417831191,0.9692536802030907,0.7310470938682556,0.0016423816559836268,0.0022466153955870943,0.0
32,octanol_hl_gap_eV,22,0.045147836208343506,0.0008181018056347966,0.6310991463397375,0.9676608980810351,0.2791185975074768,0.0013935811584815383,0.004992792207062477,0.1
32,octanol_hl_gap_eV,23,0.09410525113344193,0.0014696220168843865,0.6216303058383787,0.9786585326597823,0.27204185724258423,0.0009920579614117742,0.0036467107358671633,0.14
32,octanol_hl_gap_eV,24,0.13095088303089142,0.001479793107137084,0.6609064554079056,0.9681087896466642,0.3479866683483124,0.0022054139990359545,0.006337639339759063,0.3
32,octanol_hl_gap_eV,25,0.1814671754837036,0.001462387153878808,0.606774390115139,0.9306941581680228,0.3288410007953644,0.03288016468286514,0.09998803252434527,0.06
32,octanol_hl_gap_eV,26,0.04455399513244629,0.0018181800842285156,0.5975241441209258,0.9524575137359059,0.44259724020957947,0.008551492355763912,0.019321160592222837,0.02
32,octanol_hl_gap_eV,27,0.027523137629032135,0.0011426336131989956,0.6355140310575633,0.9697319713204684,0.3010683059692383,0.0009793946519494057,0.0032530646120202222,0.16
32,octanol_hl_gap_eV,28,0.13829725980758667,0.0031004438642412424,0.5883903538016595,0.9756639133474629,0.6974453330039978,0.0014048554003238678,0.0020142874772320187,0.18
32,octanol_hl_gap_eV,29,0.058719802647829056,0.0015326135326176882,0.6163160841332713,0.9696407053230582,0.3621881902217865,0.000919292273465544,0.0025381619232328198,0.02
32,octanol_hl_gap_eV,30,0.03675017133355141,0.001754510565660894,0.5951577598158773,0.9741863270109707,0.3996621072292328,0.0013044449733570218,0.00326386952818831,0.12
32,octanol_hl_gap_eV,31,0.010494155809283257,0.002021612599492073,0.6209364085397431,0.9658241639239471,0.3408569097518921,0.0027177513111382723,0.007973290942279882,0.0
32,octanol_hl_gap_eV,32,0.1011878252029419,0.0009236721089109778,0.6627739565068007,0.9724394455511307,0.24722643196582794,0.001382590038701892,0.0055924038045130865,0.18
32,octanol_hl_gap_eV,33,0.06681571900844574,0.0026407684199512005,0.6086890158310179,0.9681562045005876,0.5256798267364502,0.0008181270677596331,0.0015563219780351232,0.04
32,octanol_hl_gap_eV,34,0.16586357355117798,0.0021911091171205044,0.5989943302540055,0.92360661822809,0.48289772868156433,0.033380210399627686,0.06912480307323932,0.1
32,octanol_hl_gap_eV,35,0.1473308652639389,0.0010697093093767762,0.6340902860392519,0.9198686873682094,0.25306615233421326,0.022994661703705788,0.0908642325005114,0.06
32,octanol_hl_gap_eV,36,0.029155651107430458,0.0028083869256079197,0.6228995645734519,0.9668702350936345,0.5120688676834106,0.0009608230320736766,0.0018763551012589788,0.0
32,octanol_hl_gap_eV,37,0.06491972506046295,0.001951440586708486,0.6092011330297757,0.951923604737289,0.44839730858802795,0.010709778405725956,0.02388457334735194,0.04
32,octanol_hl_gap_eV,38,0.05215682461857796,0.001391993137076497,0.6516822877373099,0.980789243306913,0.3576902449131012,0.003562703263014555,0.009960303121713854,0.04
32,octanol_hl_gap_eV,39,0.05684848874807358,0.003719834377989173,0.5811830409323053,0.975313952310618,0.7949434518814087,0.0009860327700152993,0.0012403810204130064,0.06
32,octanol_hl_gap_eV,40,0.08257744461297989,0.0018504018662497401,0.5918958239000649,0.9652048588641806,0.4573819041252136,0.0006965210777707398,0.0015228435394769335,0.18
32,octanol_hl_gap_eV,41,0.09575200080871582,0.0023849199060350657,0.6106402654626419,0.9797795815721091,0.555256187915802,0.0020852216985076666,0.0037554227109736697,0.18
32,octanol_hl_gap_eV,42,0.048984624445438385,0.0015191116835922003,0.6187732480140178,0.9686319672005197,0.3234449625015259,0.0010423542698845267,0.0032226634844548224,0.1
32,octanol_hl_gap_eV,43,0.05440322309732437,0.0015400357078760862,0.587154798616081,0.9680632347546521,0.3800739049911499,0.0011591827496886253,0.0030498877572655695,0.04
32,octanol_hl_gap_eV,44,0.07575186342000961,0.001003332668915391,0.6572670585715525,0.9856153887619714,0.27271783351898193,0.002911546267569065,0.010676039150063186,0.02
32,octanol_hl_gap_eV,45,0.24905340373516083,0.0017086039297282696,0.6091723070500117,0.9151596371634163,0.37506812810897827,0.05507882684469223,0.14685019258338247,0.24
32,octanol_hl_gap_eV,46,0.12334472686052322,0.0015522439498454332,0.6187303122365071,0.9733864009994964,0.4178283214569092,0.001714825164526701,0.004104138174615221,0.16
32,octanol_hl_gap_eV,47,0.060841355472803116,0.0010333843529224396,0.622977767714411,0.9658949739923501,0.29497262835502625,0.0003862996236421168,0.0013096117622722954,0.06
32,octanol_hl_gap_eV,48,0.16524863243103027,0.001012042281217873,0.6494873536519723,0.9791652067731449,0.26353907585144043,0.0015957891009747982,0.006055227657678971,0.14
32,octanol_hl_gap_eV,49,0.1573495715856552,0.0011921859113499522,0.6270852908903033,0.9372684859186693,0.2972700595855713,0.02064250223338604,0.06944023310710828,0.08
32,octanol_hl_gap_eV,50,0.023259341716766357,0.0012107428628951311,0.6423788132407533,0.9486350921601554,0.2495831400156021,0.0017604994354769588,0.00705375946214518,0.02
32,octanol_hl_gap_eV,51,0.04100743308663368,0.002648779423907399,0.5808210850686848,0.9629236852914136,0.3640340268611908,0.004037190694361925,0.011090146515071075,0.02
32,octanol_hl_gap_eV,52,0.19927917420864105,0.0013366627972573042,0.6807941902981012,0.9401371075645657,0.33185574412345886,0.01866990327835083,0.056259093322805785,0.32
32,octanol_hl_gap_eV,53,0.045942388474941254,0.0009094492997974157,0.6588622230773487,0.971885947133849,0.28193211555480957,0.0008158048149198294,0.0028936214425746443,0.12
32,octanol_hl_gap_eV,54,0.06396506726741791,0.001479943166486919,0.6401016143035869,0.9576732139309572,0.364153653383255,0.0009790267795324326,0.002688499127872409,0.06
32,octanol_hl_gap_eV,55,0.06092039868235588,0.001206464134156704,0.6216118289634964,0.9689054368054721,0.3185345232486725,0.0016785699408501387,0.005269664097099196,0.04
32,octanol_hl_gap_eV,56,0.14611846208572388,0.0012706108391284943,0.6489291938404309,0.9804465147159445,0.3118847906589508,0.0007234275690279901,0.0023195346188556705,0.24
32,octanol_hl_gap_eV,57,0.04185023531317711,0.001286535756662488,0.640412009258722,0.9586800614936228,0.2696666121482849,0.002241474576294422,0.008312021122814695,0.02
32,octanol_hl_gap_eV,58,0.21143503487110138,0.001493828254751861,0.6319129575654701,0.9492657480080342,0.3229809105396271,0.014773030765354633,0.04573964058950817,0.2
32,octanol_hl_gap_eV,59,0.3962404727935791,0.0012242540251463652,0.6544502432514687,0.9139854562523657,0.3349253833293915,0.07278381288051605,0.2173135166913725,0.24
32,octanol_hl_gap_eV,60,0.024652766063809395,0.0012348886812105775,0.6150967322761394,0.9683871011876419,0.2912859320640564,0.0012704698601737618,0.004361590177634717,0.02
32,octanol_hl_gap_eV,61,0.05301491171121597,0.0012234834721311927,0.6396835012766366,0.9690282542606377,0.31426379084587097,0.000752352993004024,0.002394017430321814,0.26
32,octanol_hl_gap_eV,62,0.10740815103054047,0.0015908492496237159,0.6251225884683795,0.933582913209021,0.25912603735923767,0.025114981457591057,0.09692187521384842,0.0
32,octanol_hl_gap_eV,63,0.015396843664348125,0.0012838148977607489,0.6163340185131108,0.9384234758170811,0.29369810223579407,0.006393956020474434,0.02177050505876636,0.08
32,octanol_hl_gap_eV,64,0.10191052407026291,0.001421158667653799,0.6317593164891677,0.9789916389427415,0.3711124360561371,0.0005213148542679846,0.0014047356100702776,0.2
32,octanol_hl_gap_eV,65,0.06507659703493118,0.00267559802159667,0.6187570864062475,0.9836360112733715,0.5668720006942749,0.002426279243081808,0.004280118333786515,0.14
32,octanol_hl_gap_eV,66,0.0951242744922638,0.0017497012158855796,0.6271419853296472,0.9537880692616973,0.369143545627594,0.011025709100067616,0.029868351297656897,0.08
32,octanol_hl_gap_eV,67,0.06993518024682999,0.0012636479223147035,0.6283678083016662,0.9803273692086654,0.2621800899505615,0.002479750430211425,0.009458195054700849,0.22
32,octanol_hl_gap_eV,68,0.06519867479801178,0.0012270612642168999,0.6293296367559629,0.9829923784580099,0.2982339859008789,0.0006225487450137734,0.0020874507079843133,0.12
32,octanol_hl_gap_eV,69,0.09328389167785645,0.0011115851812064648,0.6594441735411696,0.9666752765895374,0.32510408759117126,0.00116862787399441,0.0035946268244525944,0.26
32,octanol_hl_gap_eV,70,0.04711027815937996,0.0070683895610272884,0.5739439736630858,0.9085051530176176,1.2755907773971558,0.08904463797807693,0.06980658652908467,0.06
32,octanol_hl_gap_eV,71,0.04961022362112999,0.0015827981987968087,0.5853337663385907,0.9228250572441712,0.4027322232723236,0.014893350191414356,0.0369807761355704,0.04
32,octanol_hl_gap_eV,72,0.05240418761968613,0.001296719303354621,0.6110518808219902,0.9669183491338673,0.24713675677776337,0.0014454791089519858,0.005848903772140324,0.06
32,octanol_hl_gap_eV,73,0.07566762715578079,0.0020548920147120953,0.6377506242079427,0.96556260706756,0.4091118276119232,0.0014158495469018817,0.0034607885945671887,0.0
32,octanol_hl_gap_eV,74,0.03723886236548424,0.0007666644523851573,0.6808827761130953,0.9640255088989975,0.29436948895454407,0.000731967797037214,0.002486561360814955,0.02
32,octanol_hl_gap_eV,75,0.04222805052995682,0.0014404511312022805,0.637827734155612,0.9821419603759225,0.29012465476989746,0.0005489246686920524,0.0018920304071620986,0.0
32,octanol_hl_gap_eV,76,0.10076259076595306,0.0017184214666485786,0.6261410421420135,0.9445688906549943,0.35022157430648804,0.010345871560275555,0.02954093156814381,0.08
32,octanol_hl_gap_eV,77,0.18640725314617157,0.003939510323107243,0.5834289161877961,0.9044807449009415,0.8441305160522461,0.12071290612220764,0.14300265637445136,0.14
32,octanol_hl_gap_eV,78,0.047805510461330414,0.0017328971298411489,0.6233194699828675,0.9745742922647105,0.38685092329978943,0.0020914964843541384,0.0054064663113995905,0.02
32,octanol_hl_gap_eV,79,0.35874974727630615,0.001791329705156386,0.6075020150001817,0.9124638430176368,0.3728858530521393,0.08153554797172546,0.21866087786474603,0.24
32,octanol_hl_gap_eV,80,0.017704689875245094,0.001694463542662561,0.6049511385371096,0.9654196788140874,0.4055897891521454,0.0011136175598949194,0.002745674545266172,0.08
32,octanol_hl_gap_eV,81,0.07310327887535095,0.001530931331217289,0.6109154447120608,0.9238148909866957,0.23986469209194183,0.012666255235671997,0.05280583451113735,0.0
32,octanol_hl_gap_eV,82,0.02355113998055458,0.008730042725801468,0.6235166989643313,0.9870897345825327,1.7428008317947388,0.003742107655853033,0.0021471803246727885,0.0
32,octanol_hl_gap_eV,83,0.004108747001737356,0.0026118019595742226,0.5845413036728802,0.9623470222476658,0.5043838620185852,0.0020300366450101137,0.00402478508508528,0.0
32,octanol_hl_gap_eV,84,0.11446872353553772,0.0011907921871170402,0.6694948193243606,0.9638902384890187,0.33425983786582947,0.0015801568515598774,0.0047273308742348695,0.28
32,octanol_hl_gap_eV,85,0.24150975048542023,0.0017712360713630915,0.6108528552120152,0.9017850127004563,0.32322195172309875,0.07105741649866104,0.21984093629734427,0.18
32,octanol_hl_gap_eV,86,0.05867069587111473,0.006508806720376015,0.6319107465453826,0.9831858762979007,1.3470290899276733,0.004335753154009581,0.0032187524281620246,0.0
32,octanol_hl_gap_eV,87,0.11447185277938843,0.003369995392858982,0.5697246981713866,0.9211898750230061,0.7289068102836609,0.0575302392244339,0.07892674126894969,0.08
32,octanol_hl_gap_eV,88,0.03250047191977501,0.0010543825337663293,0.6315534551327049,0.9647278266465293,0.2575039267539978,0.0007916931062936783,0.0030744894506016967,0.04
32,octanol_hl_gap_eV,89,0.04776403307914734,0.0017351628048345447,0.6036008011086083,0.9784340344983236,0.33550509810447693,0.001683536684140563,0.00501791684732107,0.06
32,octanol_hl_gap_eV,90,0.02090569958090782,0.0028908259700983763,0.5822274808093846,0.9770476971763069,0.6170140504837036,0.00122879131231457,0.001991512691406732,0.06
32,octanol_hl_gap_eV,91,0.05749700963497162,0.0008726847008801997,0.655541338356554,0.9564448815820397,0.2623434066772461,0.001227868371643126,0.004680385862160199,0.06
32,octanol_hl_gap_eV,92,0.09373388439416885,0.005296534392982721,0.6151116249907225,0.901245198396184,1.0740931034088135,0.0882619172334671,0.08217343259476595,0.0
32,octanol_hl_gap_eV,93,0.20210514962673187,0.00453535420820117,0.6191094440410143,0.9259447314876896,0.937442421913147,0.103443942964077,0.11034698296772937,0.14
32,octanol_hl_gap_eV,94,0.07297877222299576,0.0014035945059731603,0.6279240842565856,0.9710150967410831,0.32433217763900757,0.0008659200393594801,0.0026698554724449135,0.04
32,octanol_hl_gap_eV,95,0.12653207778930664,0.0014026265125721693,0.635358106625147,0.9764353726412982,0.2997777760028839,0.0006008645286783576,0.002004366490038198,0.2
32,octanol_hl_gap_eV,96,0.04481460899114609,0.0014190695947036147,0.6412289022656725,0.9761139003602566,0.29224544763565063,0.0006347199087031186,0.0021718726975499,0.04
32,octanol_hl_gap_eV,97,0.07296288758516312,0.0014383767265826464,0.6483451987480937,0.974347637388745,0.38268929719924927,0.0008171435329131782,0.002135266230055365,0.18
32,octanol_hl_gap_eV,98,0.09741804003715515,0.0018539114389568567,0.6016425256346598,0.9791367765285919,0.3514865040779114,0.000986399594694376,0.0028063654884334568,0.26
32,octanol_hl_gap_eV,99,0.06612562388181686,0.0011004861444234848,0.6183709797897718,0.9484838220624932,0.2884707450866699,0.0031560782808810472,0.010940722186344462,0.06
32,octanol_hl_gap_eV,100,0.05580062419176102,0.0014773047296330333,0.6313227599026641,0.9698109461295339,0.39742711186408997,0.0015022051520645618,0.0037798255509510336,0.02
32,octanol_hl_gap_eV,101,0.06712735444307327,0.0048848725855350494,0.6198958714040503,0.9820356440457605,1.069740653038025,0.002648537280037999,0.002475868587882725,0.08
32,octanol_hl_gap_eV,102,0.02455737069249153,0.001047023688443005,0.5993975709671013,0.9690618973167746,0.2603631913661957,0.0010162719991058111,0.0039032859974298157,0.0
32,octanol_hl_gap_eV,103,0.10467053204774857,0.0017487575532868505,0.6325607815245695,0.9746526315492419,0.2909297049045563,0.002691286150366068,0.00925064063585045,0.1
32,octanol_hl_gap_eV,104,0.20192547142505646,0.0010186333674937487,0.6462736904021438,0.9619172861775271,0.3593851923942566,0.003484106622636318,0.009694630431000469,0.24
32,octanol_hl_gap_eV,105,0.03336770087480545,0.0009472855017520487,0.6159053996579695,0.9730055385148428,0.26925960183143616,0.0010044322116300464,0.003730348722192824,0.06
32,octanol_hl_gap_eV,106,0.026193147525191307,0.0010785337071865797,0.635808384103272,0.9606635261187753,0.27063313126564026,0.0005837632343173027,0.0021570279721011294,0.18
32,octanol_hl_gap_eV,107,0.07746714353561401,0.004600212909281254,0.6145035446980067,0.985386250641785,1.0340728759765625,0.002391908084973693,0.002313094309445852,0.08
32,octanol_hl_gap_eV,108,0.23647044599056244,0.00211583380587399,0.6312175325467744,0.9516365853383124,0.4113776981830597,0.047714490443468094,0.11598706165698738,0.22
32,octanol_hl_gap_eV,109,0.038209930062294006,0.0012584092328324914,0.6074412896218371,0.9538550605673441,0.2594282925128937,0.002034757286310196,0.007843235857588924,0.02
32,octanol_hl_gap_eV,110,0.06859516352415085,0.0009780267719179392,0.6437148039956344,0.9712139521041212,0.29585644602775574,0.00131339265499264,0.004439290313348198,0.24
32,octanol_hl_gap_eV,111,0.06492039561271667,0.0013648603344336152,0.6055961338171854,0.9827426352872037,0.32974278926849365,0.0022975956089794636,0.0069678418566073395,0.14
32,octanol_hl_gap_eV,112,0.3228159248828888,0.003152636345475912,0.5867515354464263,0.9170151227306937,0.6890479326248169,0.14652039110660553,0.21264179771711925,0.22
32,octanol_hl_gap_eV,113,0.47806036472320557,0.00120644667185843,0.6417658503702128,0.9216521379861111,0.34168654680252075,0.07563874125480652,0.22136880120867697,0.48
32,octanol_hl_gap_eV,114,0.01586209610104561,0.0011821138905361295,0.6087259604231448,0.9661936586625381,0.34402796626091003,0.0006752726039849222,0.001962842182059109,0.22
32,octanol_hl_gap_eV,115,0.05389473959803581,0.0008477098890580237,0.6698932232203751,0.971322565462343,0.30002614855766296,0.0005025662248954177,0.0016750747470226847,0.08
32,octanol_hl_gap_eV,116,0.14256666600704193,0.0014989206101745367,0.6501955155552657,0.986342268499016,0.25472351908683777,0.010791794396936893,0.04236669796187082,0.16
32,octanol_hl_gap_eV,117,0.08904188871383667,0.0017509557073935866,0.5911723100962811,0.9486212869165562,0.40821605920791626,0.02055205963551998,0.05034603409625348,0.06
32,octanol_hl_gap_eV,118,0.35083767771720886,0.0027950401417911053,0.6009737604076701,0.9197740064628732,0.63089919090271,0.15235912799835205,0.24149520271273756,0.3
32,octanol_hl_gap_eV,119,0.025872668251395226,0.0013193795457482338,0.6251859856532807,0.9602734112130149,0.24264711141586304,0.0018178875325247645,0.007491898510216183,0.12
32,octanol_hl_gap_eV,120,0.13389639556407928,0.002121369820088148,0.6271538134729415,0.9697944706670567,0.5112197995185852,0.01541595347225666,0.03015523554990209,0.2
32,octanol_hl_gap_eV,121,0.0963500365614891,0.0011077499948441982,0.6558523561189296,0.9823913863846583,0.3585657775402069,0.001962142065167427,0.005472195586059261,0.1
32,octanol_hl_gap_eV,122,0.06371700763702393,0.0019483644282445312,0.6116709321018745,0.9752218134390602,0.3652803599834442,0.0015128642553463578,0.004141652333607332,0.02
32,octanol_hl_gap_eV,123,0.04301421344280243,0.0013622991973534226,0.617499310901507,0.9521797051562249,0.396229088306427,0.003661214141175151,0.009240144777921304,0.02
32,octanol_hl_gap_eV,124,0.07371385395526886,0.001668556360527873,0.6136412481673055,0.971234173869427,0.3287208080291748,0.001310091931372881,0.00398542440689245,0.2
32,octanol_hl_gap_eV,125,0.2361435890197754,0.0030354727059602737,0.5837115855584696,0.9432583554844087,0.6331989169120789,0.09684190899133682,0.15294073695451937,0.22
32,octanol_hl_gap_eV,126,0.06388673186302185,0.0022494327276945114,0.6340807194607934,0.9746564254722958,0.4384547770023346,0.0009113122941926122,0.002078463599879446,0.12
32,octanol_hl_gap_eV,127,0.06666437536478043,0.001672312500886619,0.5922642151477802,0.9737308439975352,0.34012314677238464,0.0022142480593174696,0.006510136344232039,0.04
32,octanol_hl_gap_eV,128,0.049208201467990875,0.0012372193159535527,0.6138737879141694,0.9557104157892431,0.30332231521606445,0.00048256097943522036,0.001590918159422196,0.04
32,octanol_hl_gap_eV,129,0.019284507259726524,0.0011370792053639889,0.6587641594835034,0.9732326283210142,0.2749215364456177,0.0008560502901673317,0.0031137985813514736,0.1
32,octanol_hl_gap_eV,130,0.0791865736246109,0.0011061581317335367,0.6587065328229955,0.9720391520696521,0.2977807819843292,0.0005887714796699584,0.0019771977081480784,0.02
32,octanol_hl_gap_eV,131,0.21933141350746155,0.00277751125395298,0.5753067535732199,0.9140267708692402,0.6407156586647034,0.1042352095246315,0.16268559713659103,0.16
32,octanol_hl_gap_eV,132,0.14149242639541626,0.0010676650563254952,0.6342628333948273,0.9495431057060213,0.25439751148223877,0.025531833991408348,0.10036196440227718,0.06
32,octanol_hl_gap_eV,133,0.2817398011684418,0.0013473302824422717,0.6351815656436941,0.9522504548573447,0.3434240520000458,0.033152297139167786,0.09653458150672384,0.3
32,octanol_hl_gap_eV,134,0.01953674852848053,0.0015375723596662283,0.596844406272429,0.9743373909258461,0.21219034492969513,0.008353641256690025,0.03936862094011785,0.16
32,octanol_hl_gap_eV,135,0.08728742599487305,0.0012402321444824338,0.6209045698384033,0.9702940106676279,0.24844104051589966,0.002749202772974968,0.011065815725397533,0.16
32,octanol_hl_gap_eV,136,0.3047191798686981,0.0015714088222011924,0.6412287122854101,0.907590038027319,0.36498409509658813,0.054387763142585754,0.14901406355307828,0.26
32,octanol_hl_gap_eV,137,0.047006312757730484,0.0021200801711529493,0.6184757723395231,0.9598841727879295,0.35190290212631226,0.000700266333296895,0.0019899419102987134,0.02
32,octanol_hl_gap_eV,138,0.04486095532774925,0.002419828437268734,0.6178198006583981,0.9653676084694534,0.47024503350257874,0.0011850908631458879,0.0025201560435818807,0.02
32,octanol_hl_gap_eV,139,0.10531497746706009,0.0011381610529497266,0.6560695440732436,0.9771696036385975,0.29878756403923035,0.001237524556927383,0.004141820831488481,0.22
32,octanol_hl_gap_eV,140,0.06910935789346695,0.0016721502179279923,0.6238558235438092,0.9756720861861661,0.3080357015132904,0.001134486636146903,0.003682971261361907,0.1
32,octanol_hl_gap_eV,141,0.09171680361032486,0.002293453086167574,0.6085273041256063,0.9825656358744455,0.3949221670627594,0.007349387276917696,0.018609710697120127,0.06
32,octanol_hl_gap_eV,142,0.04896197095513344,0.003304513869807124,0.5780736566157332,0.9863886248574953,0.662903368473053,0.005807011388242245,0.008759966632268365,0.06
32,octanol_hl_gap_eV,143,0.08443568646907806,0.00102911121211946,0.6548011367965609,0.9806741993366952,0.3030133843421936,0.0018210597336292267,0.006009832659974849,0.22
32,octanol_hl_gap_eV,144,0.14843641221523285,0.0012604973744601011,0.6272261672892399,0.9506869460946819,0.3174546957015991,0.0030789305455982685,0.009698802970274535,0.18
32,octanol_hl_gap_eV,145,0.09479978680610657,0.0013209165772423148,0.627781245699718,0.9725961535294931,0.39930394291877747,0.002605702495202422,0.0065256117336473405,0.02
32,octanol_hl_gap_eV,146,0.20467154681682587,0.0017010952578857541,0.6244371152690564,0.940376929532059,0.3932182490825653,0.02390480600297451,0.06079271767968007,0.3
32,octanol_hl_gap_eV,147,0.043599262833595276,0.0013011392438784242,0.629825737181686,0.965668532434584,0.3245055675506592,0.000841587723698467,0.0025934461773666952,0.16
32,octanol_hl_gap_eV,148,0.051396630704402924,0.0011349539272487164,0.6193971113012,0.9597666052113403,0.27195969223976135,0.0007591921021230519,0.002791561116541283,0.18
32,octanol_hl_gap_eV,149,0.09195176512002945,0.0024576825089752674,0.6318636026440778,0.9713026145440042,0.46007484197616577,0.0019408648367971182,0.0042185850207772605,0.16
32,octanol_hl_gap_eV,150,0.03389447182416916,0.0010101974476128817,0.6495975716139681,0.9671041683430004,0.3565656840801239,0.001454966957680881,0.004080501917716611,0.08
32,octanol_hl_gap_eV,151,0.19047552347183228,0.0013047942193225026,0.6327176309256035,0.9051703833549176,0.3156176209449768,0.04840058460831642,0.15335197212184276,0.04
32,octanol_hl_gap_eV,152,0.0694638267159462,0.0019312147051095963,0.6055026829688932,0.9825858546719044,0.4441109299659729,0.0019734795205295086,0.004443663479934424,0.24
32,octanol_hl_gap_eV,153,0.046273186802864075,0.002844082424417138,0.6161164609372991,0.9615272542164106,0.5806622505187988,0.0011225588386878371,0.0019332388797185887,0.0
32,octanol_hl_gap_eV,154,0.02617787756025791,0.003148502903059125,0.5752821713903054,0.9447964662215507,0.6522278189659119,0.011155595071613789,0.017103832046447602,0.0
32,octanol_hl_gap_eV,155,0.06241288036108017,0.003112850245088339,0.5791654020977501,0.9737517298163916,0.6795347929000854,0.0013069206615909934,0.0019232579041514285,0.08
32,octanol_hl_gap_eV,156,0.06977680325508118,0.0017194428946822882,0.6167241426366947,0.9644814893411804,0.4163549542427063,0.001915674307383597,0.00460106043620389,0.08
32,octanol_hl_gap_eV,157,0.10119708627462387,0.0021238457411527634,0.6124272039012617,0.9681174364889737,0.5262739062309265,0.00241109705530107,0.00458144898835834,0.16
32,octanol_hl_gap_eV,158,0.06598677486181259,0.0008066461305133998,0.6484660712886476,0.959926174196648,0.25683581829071045,0.0021441772114485502,0.00834843529893316,0.08
32,octanol_hl_gap_eV,159,0.06876953691244125,0.0009128800593316555,0.6724100338379084,0.9732893811051961,0.2918058931827545,0.0005128274206072092,0.00175742653794189,0.1
32,octanol_hl_gap_eV,160,0.09690266102552414,0.0011378078488633037,0.6634717173217057,0.9651762799718051,0.2648402750492096,0.0014638964785262942,0.005527469257665926,0.08
32,octanol_hl_gap_eV,161,0.11257228255271912,0.002091942587867379,0.6313237830635665,0.9786429885472017,0.534055769443512,0.004135927185416222,0.007744373194817973,0.08
32,octanol_hl_gap_eV,162,0.05123788118362427,0.0011896186042577028,0.6080537393140129,0.972911805365761,0.31783556938171387,0.0021777143701910973,0.006851701256808384,0.02
32,octanol_hl_gap_eV,163,0.17753976583480835,0.001250800327397883,0.6368941446489775,0.8985826414446911,0.2934781014919281,0.041158277541399,0.14024309593174547,0.08
32,octanol_hl_gap_eV,164,0.13989533483982086,0.0012224528472870588,0.6399703614574372,0.9703533236624708,0.29917216300964355,0.0009849810739979148,0.0032923553584969225,0.16
32,octanol_hl_gap_eV,165,0.07304888963699341,0.0010990865994244814,0.6662855414927682,0.9749230838435172,0.3015904724597931,0.0009960249299183488,0.0033025742550641586,0.08
32,octanol_hl_gap_eV,166,0.10432040691375732,0.003821925027295947,0.6240406320855945,0.9709619935385168,0.9005425572395325,0.0039098854176700115,0.0043416997744727725,0.02
32,octanol_hl_gap_eV,167,0.14918647706508636,0.0011791986180469394,0.6092124624136825,0.9500709913249139,0.3057844042778015,0.007487721275538206,0.02448692991136232,0.12
32,octanol_hl_gap_eV,168,0.14911571145057678,0.0021967673674225807,0.6046179270768732,0.9533059035748315,0.4391898512840271,0.019756842404603958,0.04498474258192062,0.2
32,octanol_hl_gap_eV,169,0.04549291729927063,0.0009860791033133864,0.641153521550963,0.9811665780401708,0.23791547119617462,0.0005946914316155016,0.0024995912566154444,0.02
32,octanol_hl_gap_eV,170,0.02438499592244625,0.003004488768056035,0.6317025560138676,0.9696066636774132,0.5808165669441223,0.0008423637482337654,0.0014503094370495208,0.0
32,octanol_hl_gap_eV,171,0.1212226003408432,0.0009760128450579941,0.6473189017629775,0.9567577776539278,0.3043704628944397,0.0010368460789322853,0.003406526602720578,0.22
32,octanol_hl_gap_eV,172,0.07682949304580688,0.0008993083611130714,0.6716671812278012,0.9719833017675499,0.2854783833026886,0.00057234923588112,0.0020048776697543028,0.28
32,octanol_hl_gap_eV,173,0.07404179126024246,0.0009174658334814012,0.6553984432780553,0.9698270913183153,0.2761286497116089,0.0005761079955846071,0.0020863753043601206,0.2
32,octanol_hl_gap_eV,174,0.3999952971935272,0.001395087456330657,0.6480013986288518,0.9077830331801664,0.3677719533443451,0.08963744342327118,0.24373104748241525,0.32
32,octanol_hl_gap_eV,175,0.08288514614105225,0.0011063618585467339,0.6394404450615789,0.9596345696268958,0.27686068415641785,0.001333187916316092,0.004815374636446689,0.06
32,octanol_hl_gap_eV,176,0.0766214057803154,0.001732669654302299,0.6109880290684198,0.9745773349263149,0.2728380560874939,0.0018664663657546043,0.0068409311828408,0.08
32,octanol_hl_gap_eV,177,0.037773195654153824,0.00204436550848186,0.5824425204244195,0.9649668947471297,0.42068588733673096,0.0029811994172632694,0.007086521100426215,0.02
32,octanol_hl_gap_eV,178,0.04850970208644867,0.007489618379622698,0.5737120658693884,0.9742750037911774,1.483928918838501,0.005683599971234798,0.0038301025737024243,0.06
32,octanol_hl_gap_eV,179,0.06866270303726196,0.002205380704253912,0.6274594601515344,0.9718961770346277,0.35535019636154175,0.0014894312480464578,0.004191446250197298,0.04
32,octanol_hl_gap_eV,180,0.14499451220035553,0.0017635779222473502,0.6084806546419725,0.9422461971227474,0.4155735671520233,0.02284550480544567,0.05497343096676894,0.1
32,octanol_hl_gap_eV,181,0.02681170403957367,0.0026224914472550154,0.6165177559720705,0.9682095309221561,0.6399109959602356,0.0014514385256916285,0.0022681881306221867,0.04
32,octanol_hl_gap_eV,182,0.10574080795049667,0.0009876854019239545,0.640438470447739,0.9700671155295075,0.28761208057403564,0.0007385716307908297,0.00256794370151886,0.22
32,octanol_hl_gap_eV,183,0.040877651423215866,0.0016474213916808367,0.617571343309882,0.979463804824654,0.31820905208587646,0.0018836447270587087,0.005919519619920684,0.02
32,octanol_hl_gap_eV,184,0.34770169854164124,0.0020147257018834352,0.6250730107949032,0.9096500629344026,0.38323310017585754,0.11111405491828918,0.28993856445933636,0.2
32,octanol_hl_gap_eV,185,0.05723121017217636,0.0010841934708878398,0.6427127487124327,0.9733677489804335,0.3092723488807678,0.0009055098053067923,0.002927871853347901,0.12
32,octanol_hl_gap_eV,186,0.15671557188034058,0.002108347835019231,0.6396996578748477,0.9412527024807251,0.5678768157958984,0.019819263368844986,0.03490063833838263,0.16
32,octanol_hl_gap_eV,187,0.16428567469120026,0.0011970518389716744,0.6293708968967582,0.9653949438942324,0.3658706843852997,0.0015770962927490473,0.0043105292663683376,0.16
32,octanol_hl_gap_eV,188,0.045888662338256836,0.0016660657711327076,0.6080656761221874,0.9682797331397224,0.3964761793613434,0.001090138335712254,0.0027495683031154203,0.14
32,octanol_hl_gap_eV,189,0.07970555871725082,0.004206719342619181,0.632115212773539,0.9847014297866887,0.7261666059494019,0.004070664290338755,0.0056056891861843506,0.18
32,octanol_hl_gap_eV,190,0.13030105829238892,0.001939203473739326,0.6182773979820404,0.9422212942708401,0.3700719475746155,0.008938095532357693,0.024152318463845617,0.08
32,octanol_hl_gap_eV,191,0.05624478682875633,0.0010286851320415735,0.6481993670549997,0.9672379308344456,0.2816673219203949,0.0005262565682642162,0.0018683621680932775,0.1
32,octanol_hl_gap_eV,192,0.10139451920986176,0.0016803380567580462,0.6327429406840193,0.9686094248818118,0.35506266355514526,0.0018271936569362879,0.005146116008484525,0.24
32,octanol_hl_gap_eV,193,0.172319233417511,0.0010467336978763342,0.6490933554017932,0.9738678923955599,0.3030543029308319,0.0006308931042440236,0.002081782367525125,0.14
32,octanol_hl_gap_eV,194,0.05119292438030243,0.0009271874441765249,0.6830030328932468,0.9643645766585274,0.30976933240890503,0.000705874408595264,0.0022787097841676855,0.02
32,octanol_hl_gap_eV,195,0.0792776495218277,0.002430364955216646,0.5825008083976393,0.9671746070801746,0.5634334087371826,0.0015923769678920507,0.002826202605665554,0.16
32,octanol_hl_gap_eV,196,0.15133199095726013,0.0013709852937608957,0.6361854738987394,0.9626329966897862,0.3909287452697754,0.0008004598203115165,0.0020475849627254413,0.18
32,octanol_hl_gap_eV,197,0.18440555036067963,0.002833480481058359,0.6148074076475023,0.9162135100430979,0.5415892004966736,0.07786053419113159,0.14376308486160408,0.06
32,octanol_hl_gap_eV,198,0.04891175404191017,0.0010175758507102728,0.6495002867972759,0.9684607552261819,0.3128240704536438,0.0005810334114357829,0.0018573807654672916,0.18
32,octanol_hl_gap_eV,199,0.13101908564567566,0.0011752494610846043,0.684882367590463,0.973631818654326,0.3349291980266571,0.0011556349927559495,0.0034503859310109244,0.06
32,octanol_hl_gap_eV,200,0.04171983152627945,0.0010365798370912671,0.6333726862208102,0.9667872719498913,0.28794148564338684,0.0014036878710612655,0.004874906677392508,0.18
32,octanol_hl_gap_eV,201,0.07170744240283966,0.0020553478971123695,0.5887648019719938,0.9698154510683954,0.41493475437164307,0.0013011486735194921,0.003135791012468667,0.04
32,octanol_hl_gap_eV,202,0.01470137294381857,0.002635139273479581,0.6099203329177865,0.9647595312132082,0.6787424087524414,0.000937416625674814,0.001381108081043333,0.08
32,octanol_hl_gap_eV,203,0.07587091624736786,0.0030098643619567156,0.6221622492865304,0.987279338908986,0.6873553395271301,0.002303613116964698,0.00335141517711855,0.16
32,octanol_hl_gap_eV,204,0.0179882925003767,0.003053691703826189,0.6094969587534482,0.974796566487333,0.6796277761459351,0.0015180326299741864,0.0022336235852258965,0.0
32,octanol_hl_gap_eV,205,0.11615143716335297,0.002788907615467906,0.5916917000349133,0.9827375802087115,0.5171025395393372,0.0025817109271883965,0.004992647936883705,0.16
32,octanol_hl_gap_eV,206,0.05673908442258835,0.0019528726115822792,0.637037722949221,0.9710897499143021,0.3598809540271759,0.0021517223212867975,0.0059789835977936,0.06
32,octanol_hl_gap_eV,207,0.052775539457798004,0.0009986659279093146,0.6551873911769366,0.9841365553883332,0.29742738604545593,0.000710419612005353,0.002388548080427198,0.06
32,octanol_hl_gap_eV,208,0.09701557457447052,0.0012929629301652312,0.609871874278934,0.97528480933165,0.26255059242248535,0.0028435189742594957,0.010830365865957845,0.06
32,octanol_hl_gap_eV,209,0.12194821983575821,0.0011784464586526155,0.6680462255881761,0.975505585785424,0.2935839891433716,0.0013135782210156322,0.004474284257967988,0.06
32,octanol_hl_gap_eV,210,0.07682047039270401,0.0008102307911030948,0.6457445931944705,0.945662931762139,0.2828342020511627,0.002315173391252756,0.008185620319122358,0.1
32,octanol_hl_gap_eV,211,0.09100274741649628,0.0014820432988926768,0.6039186338405931,0.9838709474742573,0.34173497557640076,0.0019986822735518217,0.005848632467837585,0.28
32,octanol_hl_gap_eV,212,0.06377823650836945,0.0027104411274194717,0.5826220119571801,0.965723709937883,0.5081470012664795,0.002577147213742137,0.005071656838117685,0.0
32,octanol_hl_gap_eV,213,0.06676290184259415,0.0017244284972548485,0.6281606403722824,0.9623288067332618,0.3272601366043091,0.0005990509525872767,0.0018305038884451437,0.1
32,octanol_hl_gap_eV,214,0.11120276898145676,0.0016008397797122598,0.6298726745753296,0.9657372499238741,0.3317980468273163,0.0008163875318132341,0.0024604952910953137,0.14
32,octanol_hl_gap_eV,215,0.1579388827085495,0.0017171789659187198,0.6153853786012158,0.9757641624818156,0.468555748462677,0.0013953489251434803,0.0029779784576789317,0.18
32,octanol_hl_gap_eV,216,0.08479275554418564,0.0017645249608904123,0.5972421375735533,0.9825755717396629,0.42404916882514954,0.0010248171165585518,0.002416741245827368,0.16
32,octanol_hl_gap_eV,217,0.08179005980491638,0.0012466376647353172,0.6373829541013913,0.982229354455376,0.3374902904033661,0.002573535544797778,0.007625509882734422,0.12
32,octanol_hl_gap_eV,218,0.09464360028505325,0.0025539968628436327,0.5882548726441323,0.9784903421285087,0.5202263593673706,0.0037364696618169546,0.007182392038651688,0.04
32,octanol_hl_gap_eV,219,0.0444994680583477,0.0019459682516753674,0.6281566548715216,0.9676201706671841,0.3558307886123657,0.0016404540510848165,0.004610208288838916,0.08
32,octanol_hl_gap_eV,220,0.08423686772584915,0.0009918331634253263,0.6581263316462578,0.9595855009433252,0.2828763723373413,0.004353053402155638,0.015388536575845397,0.12
32,octanol_hl_gap_eV,221,0.02943466790020466,0.0022705665323883295,0.626468842577167,0.968901692891226,0.39323267340660095,0.0006066784844733775,0.0015427977518187419,0.04
32,octanol_hl_gap_eV,222,0.08701100200414658,0.0012380036059767008,0.6128173998815236,0.9670967888606814,0.38044849038124084,0.0008896522922441363,0.002338430338763156,0.1
32,octanol_hl_gap_eV,223,0.040683720260858536,0.0012166491942480206,0.6318807010526459,0.9655140440828593,0.31182733178138733,0.001920644543133676,0.0061593207117591016,0.02
32,octanol_hl_gap_eV,224,0.11537391692399979,0.0015776932705193758,0.6035721530432536,0.9797978892995451,0.37394073605537415,0.000925776141230017,0.0024757295794939163,0.18
32,octanol_hl_gap_eV,225,0.06388344615697861,0.0014228791696950793,0.6335300893717348,0.9652880190581836,0.38513368368148804,0.0010472467401996255,0.0027191772222803444,0.02
32,octanol_hl_gap_eV,226,0.09791725128889084,0.0009070843807421625,0.675123458340277,0.9752587349409998,0.2897880971431732,0.0008483358542434871,0.0029274351245156794,0.16
32,octanol_hl_gap_eV,227,0.11731254309415817,0.0012253798777237535,0.6598255558092949,0.9676615686008121,0.2817864716053009,0.0007759429863654077,0.0027536559223193414,0.24
32,octanol_hl_gap_eV,228,0.49990570545196533,0.0014000273076817393,0.6061492311563643,0.9099467866260171,0.3044703006744385,0.13323356211185455,0.4375913243975722,0.42
32,octanol_hl_gap_eV,229,0.0718008279800415,0.0015942006139084697,0.6140158349478202,0.9776182332402672,0.37389934062957764,0.00101177126634866,0.0027059990655373275,0.14
32,octanol_hl_gap_eV,230,0.03061612695455551,0.0011563390726223588,0.6235927781317965,0.9850302250459444,0.23095464706420898,0.0016702308785170317,0.007231856556030594,0.02
32,octanol_hl_gap_eV,231,0.08174876123666763,0.0011344470549374819,0.6055339467389564,0.969679119016615,0.3097085952758789,0.0012299027293920517,0.003971161111290734,0.18
32,octanol_hl_gap_eV,232,0.07728851586580276,0.0019720701966434717,0.5826832262612567,0.9743382829204201,0.44382476806640625,0.0010517154587432742,0.002369663737617081,0.04
32,octanol_hl_gap_eV,233,0.07886470854282379,0.0024992087855935097,0.5930650626469096,0.9846128408685675,0.5324674844741821,0.0035460537765175104,0.006659662570793933,0.26
32,octanol_hl_gap_eV,234,0.07403682172298431,0.0017512586200609803,0.6325323131914189,0.9624641001630356,0.3423502445220947,0.0007144041010178626,0.0020867638111815518,0.04
32,octanol_hl_gap_eV,235,0.03704199939966202,0.0019515266176313162,0.59568671303657,0.9789247887486314,0.3307369351387024,0.004304993432015181,0.013016367313828374,0.06
32,octanol_hl_gap_eV,236,0.06131723150610924,0.0021172836422920227,0.6347020979942026,0.9654857133304877,0.5068225264549255,0.0018432752694934607,0.0036369245115970453,0.1
32,octanol_hl_gap_eV,237,0.07173309475183487,0.0022148070856928825,0.5846845463758179,0.9783696355783014,0.48425400257110596,0.003263714024797082,0.006739673822970314,0.16
32,octanol_hl_gap_eV,238,0.033856723457574844,0.0012915151892229915,0.6153279759057448,0.9626034259284604,0.37050867080688477,0.001012700842693448,0.0027332716410874078,0.02
32,octanol_hl_gap_eV,239,0.2729661762714386,0.0033979923464357853,0.5851928162431428,0.9624889918839488,0.6999363303184509,0.06310123950242996,0.09015282786324395,0.26
32,octanol_hl_gap_eV,240,0.3718997538089752,0.0018240039935335517,0.6367790953311336,0.9315780139823324,0.44644761085510254,0.09960353374481201,0.223102400646823,0.4
32,octanol_hl_gap_eV,241,0.0626634731888771,0.0011481386609375477,0.6642202916427014,0.9785410678612045,0.31588831543922424,0.002245223382487893,0.007107649358179144,0.08
32,octanol_hl_gap_eV,242,0.13885654509067535,0.0035017302725464106,0.575808527401926,0.9196249020321947,0.7292762994766235,0.07194597274065018,0.09865392964543523,0.02
32,octanol_hl_gap_eV,243,0.06045379489660263,0.0012940861051902175,0.6123951280210091,0.9722630899808857,0.2973918616771698,0.0020538698881864548,0.006906274692936987,0.12
32,octanol_hl_gap_eV,244,0.12929271161556244,0.001109215896576643,0.6366238726652669,0.9702083868316631,0.30376240611076355,0.000580579973757267,0.0019112963358130796,0.26
32,octanol_hl_gap_eV,245,0.13719616830348969,0.0013574750628322363,0.6125438217218646,0.9768737037689745,0.379151314496994,0.000842858396936208,0.002223013252781141,0.2
32,octanol_hl_gap_eV,246,0.1297222375869751,0.0011754852021113038,0.6224101450602715,0.9845654772303905,0.3574140965938568,0.0009518327424302697,0.0026631091260842835,0.24
32,octanol_hl_gap_eV,247,0.11859901249408722,0.0014830388827249408,0.6235163537118749,0.977061633550574,0.35312482714653015,0.0018152528209611773,0.005140541478291282,0.14
32,octanol_hl_gap_eV,248,0.051830437034368515,0.0009009774657897651,0.6419068307627727,0.9615438172632447,0.2776852250099182,0.002403302351012826,0.008654772146868765,0.16
32,octanol_hl_gap_eV,249,0.1073174923658371,0.0010069572599604726,0.6247453200598949,0.9490684349294993,0.26951685547828674,0.00388701562769711,0.014422161540877217,0.1
32,octanol_dipole,0,0.07263431698083878,0.03396039456129074,0.5824716558602268,0.9636271247963655,6.459746837615967,0.008667840622365475,0.0013418235791984113,0.02
32,octanol_dipole,1,0.04166964069008827,0.019522786140441895,0.5819458422794592,0.9590724784668532,3.5930817127227783,0.011212997138500214,0.0031207186574121045,0.04
32,octanol_dipole,2,0.3118439316749573,0.02792208082973957,0.585346785280765,0.893296900490639,5.418298721313477,0.7458610534667969,0.13765594918804863,0.14
32,octanol_dipole,3,0.26933780312538147,0.033023275434970856,0.5845764909181479,0.8938686858239375,6.181432247161865,0.8195075392723083,0.13257567283837432,0.08
32,octanol_dipole,4,0.09468954056501389,0.029206635430455208,0.5855782240372347,0.9433537274371333,5.589900493621826,0.014067771844565868,0.002516640834772898,0.02
32,octanol_dipole,5,0.07282084971666336,0.021680234000086784,0.581892310835503,0.9680054402687799,4.025264739990234,0.014608259312808514,0.0036291424928348824,0.04
32,octanol_dipole,6,0.0501294806599617,0.02359120175242424,0.5823400461734487,0.9553312224829345,4.306990146636963,0.030239619314670563,0.007021056070509619,0.02
32,octanol_dipole,7,0.1048203632235527,0.025339994579553604,0.5882124270648716,0.937100256872647,4.6963090896606445,0.07408411800861359,0.015774966381943763,0.04
32,octanol_dipole,8,0.23030991852283478,0.030689187347888947,0.5844535833341546,0.8895335876940662,5.738134860992432,0.6082515716552734,0.1060016166211322,0.04
32,octanol_dipole,9,0.17944081127643585,0.038202058523893356,0.5896543054448091,0.9089149985811193,7.203044414520264,0.39258503913879395,0.054502654231508144,0.06
32,octanol_dipole,10,0.838386058807373,0.0036103620659559965,0.6737752314898819,0.9106376041852648,0.5562502145767212,0.9923467040061951,1.7839933864318986,0.74
32,octanol_dipole,11,0.23661436140537262,0.02590055577456951,0.5823429814810785,0.8985594160760408,4.900630950927734,0.6507090330123901,0.13278066427124144,0.02
32,octanol_dipole,12,0.16483953595161438,0.03191846236586571,0.5851775632951384,0.9123734382601576,6.057024955749512,0.29466044902801514,0.04864771916587771,0.02
32,octanol_dipole,13,0.18095290660858154,0.03645021840929985,0.595032853885447,0.8981027691959302,7.196789264678955,0.6215479969978333,0.08636462374246832,0.12
32,octanol_dipole,14,0.13041460514068604,0.025308163836598396,0.5818426340560485,0.9467445680672311,4.7045440673828125,0.06161448359489441,0.013096802306960044,0.0
32,octanol_dipole,15,0.06075297296047211,0.029312429949641228,0.5861604850402591,0.9440034005747509,5.473877429962158,0.039068590849637985,0.007137279076763703,0.04
32,octanol_dipole,16,0.09665942192077637,0.0286219771951437,0.5811424969157313,0.9577668134751396,5.341752529144287,0.018420159816741943,0.003448336424467932,0.06
32,octanol_dipole,17,0.11487150192260742,0.026475468650460243,0.5821032085338318,0.9363303368804015,4.919641017913818,0.09541287273168564,0.019394275392098755,0.04
32,octanol_dipole,18,0.08576036244630814,0.02589145489037037,0.5812325366685076,0.9683936883809092,4.844595432281494,0.021624356508255005,0.004463604197816642,0.04
32,octanol_dipole,19,0.09358619898557663,0.026285171508789062,0.5781955279852422,0.9472299853235451,4.7924885749816895,0.036995016038417816,0.007719374905042765,0.02
32,octanol_dipole,20,0.22947628796100616,0.024851543828845024,0.5891899168642365,0.9306024361280056,4.766761779785156,0.17825983464717865,0.037396421907035814,0.1
32,octanol_dipole,21,0.27046865224838257,0.024659888818860054,0.583873944997386,0.8991629049554402,4.692515850067139,0.5479785203933716,0.11677712721748854,0.08
32,octanol_dipole,22,0.284970760345459,0.029526539146900177,0.5837411497598033,0.9004133955356628,5.618808746337891,0.5248043537139893,0.09340135559090443,0.06
32,octanol_dipole,23,0.0964566096663475,0.031897738575935364,0.5814622500908582,0.9429622572950322,5.921164512634277,0.045879535377025604,0.007748397342977079,0.02
32,octanol_dipole,24,0.15790849924087524,0.025753211230039597,0.5817473218150164,0.9198283550782196,4.815645694732666,0.09456512331962585,0.019637059973714597,0.06
32,octanol_dipole,25,0.29419130086898804,0.030158627778291702,0.5823780569323693,0.9035148759146885,5.73887825012207,0.48675331473350525,0.08481680452502223,0.16
32,octanol_dipole,26,0.13506612181663513,0.023461416363716125,0.5794617889986395,0.9210449231466513,4.345463275909424,0.13814683258533478,0.03179104822981693,0.06
32,octanol_dipole,27,0.0752708688378334,0.03155561536550522,0.5906705758185857,0.9592545712347378,5.986867427825928,0.008555264212191105,0.0014290051208462897,0.02
32,octanol_dipole,28,0.32986554503440857,0.01591326855123043,0.5869629704120576,0.9044026962130229,2.954542398452759,0.6317765712738037,0.21383229145895954,0.16
32,octanol_dipole,29,0.06505192816257477,0.03408895805478096,0.5861758813598577,0.9721437708193144,6.399492263793945,0.006037903018295765,0.0009434971978099069,0.0
32,octanol_dipole,30,0.18184974789619446,0.028017442673444748,0.5814169400024229,0.9180704915724365,5.237907409667969,0.28814977407455444,0.05501238405678887,0.04
32,octanol_dipole,31,0.2750747501850128,0.023344792425632477,0.5842354835652381,0.8844807519738751,4.383011817932129,0.587582528591156,0.13405907923569618,0.08
32,octanol_dipole,32,0.2765202522277832,0.028096847236156464,0.5827783054993809,0.8924906697303636,5.223329067230225,0.934019923210144,0.1788169788248526,0.04
32,octanol_dipole,33,0.3183038532733917,0.024368274956941605,0.5845743979174673,0.9154529739463753,4.578566551208496,0.6857028603553772,0.14976365477845646,0.1
32,octanol_dipole,34,0.3098601698875427,0.025203848257660866,0.5831645252199449,0.8972680796545576,4.771039009094238,0.48575860261917114,0.10181400774406797,0.1
32,octanol_dipole,35,0.048818498849868774,0.0258928332477808,0.5861811078509513,0.9499359130667104,4.8599982261657715,0.00709017738699913,0.0014588847684812486,0.0
32,octanol_dipole,36,0.0314655601978302,0.02749883383512497,0.5812254275469717,0.951804116625443,5.130878925323486,0.005949889309704304,0.0011596237986319627,0.04
32,octanol_dipole,37,0.21790841221809387,0.0235780980437994,0.583102056818479,0.9263095387937947,4.394154071807861,0.4830770492553711,0.10993630204154892,0.08
32,octanol_dipole,38,0.09848528355360031,0.03292323648929596,0.5826319427475593,0.9658234752955364,6.103785514831543,0.007348315324634314,0.0012038947480671948,0.02
32,octanol_dipole,39,0.2234259843826294,0.03087003529071808,0.5828885514221649,0.8992119973891997,5.859375953674316,0.5006420612335205,0.08544289787713251,0.04
32,octanol_dipole,40,0.20518364012241364,0.025398412719368935,0.5820327498206077,0.9114791568911971,4.762933731079102,0.2338530421257019,0.049098529462999606,0.06
32,octanol_dipole,41,0.06612859666347504,0.028744850307703018,0.5808493606510075,0.9413024822502931,5.279633045196533,0.017287954688072205,0.003274461414283512,0.06
32,octanol_dipole,42,0.07467205077409744,0.02976042404770851,0.5812260537269232,0.9673600620108764,5.544938564300537,0.012990878894925117,0.0023428354966028094,0.02
32,octanol_dipole,43,0.05226367712020874,0.027365339919924736,0.5815109899767288,0.9499442129002389,5.081885814666748,0.008541716262698174,0.0016808162509370174,0.02
32,octanol_dipole,44,0.23276442289352417,0.030309636145830154,0.5900289830862706,0.8996977660676184,5.739668846130371,0.5606353282928467,0.09767729521030147,0.12
32,octanol_dipole,45,0.17037099599838257,0.02517552860081196,0.5742588990194066,0.9095865179476703,4.566667556762695,0.3078221082687378,0.06740628794248217,0.04
32,octanol_dipole,46,0.2544206976890564,0.029585348442196846,0.5820063092762613,0.9122823304074341,5.525412559509277,0.194613516330719,0.035221535810169985,0.08
32,octanol_dipole,47,0.140523299574852,0.027270862832665443,0.5815989985981265,0.9668081975919602,5.0646820068359375,0.012534971348941326,0.002474976974274503,0.08
32,octanol_dipole,48,0.047688160091638565,0.02683275379240513,0.5864338560396478,0.9622179824421,5.001768589019775,0.0030300936195999384,0.0006058044401038079,0.04
32,octanol_dipole,49,0.17563502490520477,0.03049158677458763,0.5807643305846719,0.8979496965038518,5.695051670074463,0.4089062809944153,0.07180027586809741,0.02
32,octanol_dipole,50,0.16654901206493378,0.027549607679247856,0.581091450397861,0.9436441091336338,5.17470121383667,0.10950183868408203,0.021160997352133934,0.02
32,octanol_dipole,51,0.22595582902431488,0.029702484607696533,0.5823970975178647,0.9298256136400411,5.64568567276001,0.25402507185935974,0.04499454744443368,0.06
32,octanol_dipole,52,0.09900157898664474,0.02353218011558056,0.5822784638604208,0.9582416473174309,4.368200778961182,0.009461600333452225,0.002166017729547295,0.04
32,octanol_dipole,53,0.04872114211320877,0.022372450679540634,0.5814460414567608,0.95723893876339,4.14736795425415,0.0072375391609966755,0.0017450921260971771,0.02
32,octanol_dipole,54,0.25863832235336304,0.031309980899095535,0.5874447449465914,0.9044082023158089,5.9492692947387695,0.4748542308807373,0.07981723592520415,0.1
32,octanol_dipole,55,0.14611200988292694,0.027803495526313782,0.584681981740587,0.942660427309429,5.137879371643066,0.06907609105110168,0.013444475055670977,0.08
32,octanol_dipole,56,0.06490533798933029,0.027961233630776405,0.5836797619381502,0.9653537588775205,5.232517719268799,0.00759930768981576,0.0014523233551281122,0.06
32,octanol_dipole,57,0.0762149766087532,0.02250390313565731,0.5825066100993685,0.9541303780766013,4.17759895324707,0.01309966016560793,0.0031356911738562457,0.04
32,octanol_dipole,58,0.08883131295442581,0.025312431156635284,0.5885490643318811,0.9510790834778522,4.761751174926758,0.01377508882433176,0.0028928619573540906,0.04
32,octanol_dipole,59,0.32365095615386963,0.025934569537639618,0.5849458875541007,0.8999527730821775,4.900491237640381,0.7972849607467651,0.16269490589491659,0.18
32,octanol_dipole,60,0.05580570176243782,0.024865755811333656,0.5811286429376505,0.9617574794252317,4.632077693939209,0.015366524457931519,0.0033174150938870646,0.04
32,octanol_dipole,61,0.188919797539711,0.029036151245236397,0.5823452532271531,0.9057962358520428,5.377241611480713,0.3729183077812195,0.06935122777169207,0.04
32,octanol_dipole,62,0.13006077706813812,0.02649068646132946,0.5852897241324777,0.9426619179558531,5.005190849304199,0.10120299458503723,0.02021960752987192,0.02
32,octanol_dipole,63,0.3255629241466522,0.02820722758769989,0.5819642995457726,0.8962531352110825,5.409787178039551,0.5821178555488586,0.10760457600104927,0.1
32,octanol_dipole,64,0.18041415512561798,0.02574542909860611,0.5824977841573162,0.9274051771748075,4.789271831512451,0.14542941749095917,0.030365663634722647,0.02
32,octanol_dipole,65,0.03350890055298805,0.028635820373892784,0.5804739287644507,0.9756189032613427,5.327875137329102,0.00818618480116129,0.0015364821040579184,0.02
32,octanol_dipole,66,0.13948577642440796,0.024733364582061768,0.5828809677122762,0.9330146774524795,4.591904163360596,0.16557301580905914,0.03605759395637825,0.04
32,octanol_dipole,67,0.08931738138198853,0.029070917516946793,0.5873332990741988,0.9687633483273068,5.471095561981201,0.00836237519979477,0.0015284644738990034,0.0
32,octanol_dipole,68,0.15257370471954346,0.024719834327697754,0.5835828815825788,0.9253104315400498,4.585610389709473,0.11825280636548996,0.025787800601389955,0.04
32,octanol_dipole,69,0.1047627329826355,0.029709622263908386,0.58506513226914,0.933508095289195,5.55855655670166,0.03010377287864685,0.005415753635240485,0.02
32,octanol_dipole,70,0.22135409712791443,0.029397616162896156,0.5787757297631742,0.886768418841478,5.465335369110107,0.5713919997215271,0.10454838745139329,0.04
32,octanol_dipole,71,0.10414096713066101,0.027231935411691666,0.5817696039512117,0.9589027102400767,5.062126636505127,0.004201948642730713,0.0008300757654754608,0.06
32,octanol_dipole,72,0.22211533784866333,0.024787994101643562,0.5827848063687475,0.9063652145597711,4.651628494262695,0.4904123842716217,0.10542810649571324,0.1
32,octanol_dipole,73,0.11518403887748718,0.02757587656378746,0.5809788291488391,0.9478966822011254,5.11367130279541,0.03863905370235443,0.007556029985977438,0.04
32,octanol_dipole,74,0.2979699373245239,0.025933032855391502,0.5814704938995079,0.8981145941868709,4.90641975402832,0.6831045150756836,0.13922667633865488,0.12
32,octanol_dipole,75,0.034695498645305634,0.02705434337258339,0.5855958625630016,0.9679282055566008,5.02477502822876,0.004180554766207933,0.0008319884457954697,0.0
32,octanol_dipole,76,0.07257672399282455,0.025433287024497986,0.5840318409578176,0.9648314243321283,4.747485637664795,0.005562575533986092,0.0011716887545387552,0.04
32,octanol_dipole,77,0.18438220024108887,0.025935862213373184,0.5874883364445089,0.9127977016434405,4.9503254890441895,0.1783754676580429,0.03603307864357899,0.04
32,octanol_dipole,78,0.12135326862335205,0.02890375442802906,0.581878823278362,0.9430359911000785,5.381170749664307,0.027772901579737663,0.005161126244037177,0.08
32,octanol_dipole,79,0.18078599870204926,0.027030523866415024,0.5796365777539245,0.9124228753250747,5.067932605743408,0.31992200016975403,0.06312672741685466,0.08
32,octanol_dipole,80,0.1372673660516739,0.03277057036757469,0.5816184153158779,0.9139168697409938,6.103954792022705,0.17421358823776245,0.02854110067549046,0.02
32,octanol_dipole,81,0.17415010929107666,0.02813011035323143,0.5795124179425171,0.9233249367549123,5.255247592926025,0.32680848240852356,0.06218707618047023,0.08
32,octanol_dipole,82,0.11311888694763184,0.028423143550753593,0.5943231000099025,0.9444295492110126,5.558664321899414,0.10591990500688553,0.019054920188217507,0.04
32,octanol_dipole,83,0.20582488179206848,0.023901542648673058,0.5827578012174501,0.9349239574950787,4.4906721115112305,0.23615379631519318,0.05258762841086635,0.06
32,octanol_dipole,84,0.32002103328704834,0.0277690626680851,0.5891225167814405,0.887436288359166,5.3432817459106445,0.6303302049636841,0.11796686660704211,0.06
32,octanol_dipole,85,0.11722942441701889,0.028157677501440048,0.5809492117385997,0.9406105364236987,5.212813377380371,0.044466592371463776,0.008530248284815802,0.02
32,octanol_dipole,86,0.029277797788381577,0.020166974514722824,0.5816248342196091,0.9687851270332897,3.717916488647461,0.011013691313564777,0.002962328860046946,0.02
32,octanol_dipole,87,0.22347556054592133,0.021988453343510628,0.5830356433303292,0.9141443441755626,4.111670017242432,0.5009840726852417,0.12184442588640322,0.14
32,octanol_dipole,88,0.08954550325870514,0.028378576040267944,0.5822777849938314,0.9563944536363203,5.27736234664917,0.007340690121054649,0.0013909770902344003,0.04
32,octanol_dipole,89,0.07433558255434036,0.018325574696063995,0.5824237025992021,0.9636793403273078,3.367429494857788,0.0158083438873291,0.004694484000769469,0.02
32,octanol_dipole,90,0.14459289610385895,0.026646995916962624,0.5793840720788268,0.9227847404539224,4.87351655960083,0.24738337099552155,0.05076075313793203,0.02
32,octanol_dipole,91,0.0968983918428421,0.01857668161392212,0.5821281108929379,0.9480755492300481,3.4222846031188965,0.040326207876205444,0.011783417381317201,0.04
32,octanol_dipole,92,0.16169890761375427,0.0189099982380867,0.5837009064378629,0.9359758705235708,3.5417885780334473,0.09916545450687408,0.027998693971150304,0.08
32,octanol_dipole,93,0.07272592186927795,0.026976583525538445,0.5818674731128131,0.9472199965701453,4.984586238861084,0.026707665994763374,0.005358050741813576,0.04
32,octanol_dipole,94,0.10246622562408447,0.021195078268647194,0.5826546218357924,0.9440892359054398,3.9286861419677734,0.08284145593643188,0.02108630034134995,0.06
32,octanol_dipole,95,0.060791485011577606,0.023686986416578293,0.5823875859699477,0.9592202845006195,4.37258243560791,0.009724915027618408,0.002224066709051393,0.02
32,octanol_dipole,96,0.27931326627731323,0.02866411581635475,0.5837690167539602,0.9393887388098072,5.423396587371826,0.438351035118103,0.08082592302742286,0.12
32,octanol_dipole,97,0.11947749555110931,0.026543736457824707,0.581259686485831,0.9471154645906563,4.953869342803955,0.08203288167715073,0.016559355122337367,0.0
32,octanol_dipole,98,0.13705210387706757,0.029054846614599228,0.5817648438833287,0.9477172546783279,5.4195404052734375,0.09520871937274933,0.017567674055923136,0.06
32,octanol_dipole,99,0.08869971334934235,0.03558969125151634,0.5799428770754858,0.9581244151255992,6.5790910720825195,0.01808960922062397,0.0027495605430033904,0.02
32,octanol_dipole,100,0.20328707993030548,0.021956516429781914,0.582449838911365,0.9061165331829797,4.109426498413086,0.3259848952293396,0.079326128683704,0.04
32,octanol_dipole,101,0.08260004222393036,0.023493433371186256,0.5844579829225129,0.9702353309392326,4.405704498291016,0.01834207773208618,0.004163256464250183,0.02
32,octanol_dipole,102,0.06020740792155266,0.021904895082116127,0.5795960440533405,0.9506985893683688,4.058469772338867,0.013917895033955574,0.0034293454958849653,0.04
32,octanol_dipole,103,0.05886348709464073,0.026772236451506615,0.5823700621686629,0.9699747973983124,4.987890720367432,0.009669006802141666,0.0019384961187420323,0.02
32,octanol_dipole,104,0.07168375700712204,0.024587087333202362,0.5850205887756019,0.9656942934461574,4.5283308029174805,0.011733556166291237,0.0025911437739335706,0.0
32,octanol_dipole,105,0.0875755026936531,0.025657469406723976,0.5818611842368901,0.9597349241643414,4.733157634735107,0.00961108598858118,0.0020305864985456093,0.04
32,octanol_dipole,106,0.05468454584479332,0.03356572985649109,0.5815165994894202,0.9615537855075682,6.242393970489502,0.005902404896914959,0.0009455354668126013,0.02
32,octanol_dipole,107,0.22235463559627533,0.0383015051484108,0.5869554120289859,0.9005699053755087,7.321012496948242,0.6741419434547424,0.0920831570408817,0.02
32,octanol_dipole,108,0.07376306504011154,0.02902020700275898,0.5820213410114035,0.9552995921977874,5.401862621307373,0.008454883471131325,0.0015651792842308625,0.02
32,octanol_dipole,109,0.2104189395904541,0.028075244277715683,0.5806093410523605,0.9167323721389153,5.299960613250732,0.3080537021160126,0.05812377196649915,0.06
32,octanol_dipole,110,0.07985121756792068,0.03229926526546478,0.5821033580561377,0.9682878574529754,6.027012348175049,0.005096312612295151,0.000845578591495385,0.02
32,octanol_dipole,111,0.08494488149881363,0.03146136552095413,0.5817531117335595,0.9636940936919989,5.835220813751221,0.007877340540289879,0.0013499644300908407,0.04
32,octanol_dipole,112,0.1261616200208664,0.030295727774500847,0.5809657512357003,0.926451373912095,5.6712517738342285,0.16740913689136505,0.029518904038743254,0.04
32,octanol_dipole,113,0.21333865821361542,0.029061920940876007,0.5815060285213935,0.902733074284527,5.475446701049805,0.2765006422996521,0.05049828030407798,0.1
32,octanol_dipole,114,0.05505204200744629,0.026660585775971413,0.5815277036653881,0.9674320537878804,4.958455562591553,0.005301710218191147,0.001069226123188284,0.02
32,octanol_dipole,115,0.12352538108825684,0.027323244139552116,0.5822783254066843,0.9284173863760614,5.106085300445557,0.12388722598552704,0.024262662822087333,0.02
32,octanol_dipole,116,0.25171005725860596,0.02720201201736927,0.588250068367115,0.9030458510266863,5.218218803405762,0.3410184979438782,0.06535151376199605,0.12
32,octanol_dipole,117,0.23695392906665802,0.03019164875149727,0.5854834994449647,0.8985782634971407,5.688597679138184,0.5485237240791321,0.09642512179947885,0.14
32,octanol_dipole,118,0.1109389066696167,0.02857315167784691,0.5833737248497333,0.9457774721130294,5.3586907386779785,0.05292893573641777,0.009877214102763404,0.02
32,octanol_dipole,119,0.09464681148529053,0.0282402615994215,0.5805929217332995,0.952746372678879,5.261267185211182,0.0034550928976386786,0.000656703561330348,0.04
32,octanol_dipole,120,0.2036692202091217,0.027708562090992928,0.5814337351143264,0.9157059262093541,5.168642044067383,0.4436146020889282,0.08582807598334524,0.02
32,octanol_dipole,121,0.060594916343688965,0.029111584648489952,0.5806492617789143,0.9695049152473942,5.410322189331055,0.011189840734004974,0.002068239254969123,0.04
32,octanol_dipole,122,0.20918186008930206,0.026672417297959328,0.5819031990660537,0.8976542832674606,4.977871417999268,0.2824714779853821,0.05674543479849757,0.1
32,octanol_dipole,123,0.09248445928096771,0.027874069288372993,0.5823275519005906,0.9492982336551723,5.1649861335754395,0.020040271803736687,0.003880024318644955,0.02
32,octanol_dipole,124,0.22582539916038513,0.030909085646271706,0.5881614985749102,0.8941504662674928,5.820481777191162,0.7077012062072754,0.12158808038546881,0.08
32,octanol_dipole,125,0.15127423405647278,0.030295517295598984,0.5850923289110874,0.9316009178943554,5.624412536621094,0.20895981788635254,0.03715229217732429,0.04
32,octanol_dipole,126,0.09411085397005081,0.025996098294854164,0.5813956747687419,0.9471814983913684,4.853748321533203,0.013864291831851006,0.002856409297190661,0.0
32,octanol_dipole,127,0.24924254417419434,0.02432268112897873,0.5821592967927729,0.9021811690012977,4.577707767486572,0.6508504152297974,0.142178235983629,0.08
32,octanol_dipole,128,0.24825122952461243,0.028158947825431824,0.5835409287025526,0.9146943865884862,5.309632778167725,0.380822092294693,0.07172286826700452,0.06
32,octanol_dipole,129,0.18363124132156372,0.027441581711173058,0.5875761015864813,0.9265405015517643,5.142670631408691,0.2101972997188568,0.04087317947898194,0.02
32,octanol_dipole,130,0.2614111304283142,0.028327718377113342,0.5833875305778824,0.9212956993698369,5.3929948806762695,0.38235023617744446,0.07089757076303743,0.12
32,octanol_dipole,131,0.13227379322052002,0.026159316301345825,0.5840785347606747,0.9359715951556256,4.842756271362305,0.09986582398414612,0.020621691117247386,0.06
32,octanol_dipole,132,0.11621103435754776,0.026348352432250977,0.5818929560133883,0.9338344842559656,4.88375997543335,0.13500413298606873,0.02764348241215303,0.04
32,octanol_dipole,133,0.08311128616333008,0.032866060733795166,0.584126855747759,0.9552959542675485,6.087075233459473,0.023082513362169266,0.0037920532401651886,0.04
32,octanol_dipole,134,0.09578801691532135,0.026381630450487137,0.581273870214394,0.9633989932156799,4.901341438293457,0.010464322753250599,0.0021349915905662866,0.06
32,octanol_dipole,135,0.05159572884440422,0.03173430263996124,0.580840204262562,0.9752857887772832,5.9393229484558105,0.003532618284225464,0.000594784677459562,0.04
32,octanol_dipole,136,0.11785130947828293,0.03499623015522957,0.592793599189841,0.9508515545030056,6.891716003417969,0.009775086306035519,0.001418382054801378,0.04
32,octanol_dipole,137,0.34648826718330383,0.028447065502405167,0.5844343414802833,0.8973768732124296,5.440724849700928,1.1894421577453613,0.21861832579361995,0.2
32,octanol_dipole,138,0.08271884173154831,0.025834526866674423,0.5826013376738743,0.9545891888166218,4.808164119720459,0.03725918009877205,0.007749148983071371,0.04
32,octanol_dipole,139,0.06443039327859879,0.02044278383255005,0.5823740344304249,0.9483128840611585,3.7631444931030273,0.0059595718048512936,0.0015836680775276658,0.04
32,octanol_dipole,140,0.08399348706007004,0.029591528698801994,0.5816645524693425,0.9538528681971914,5.495453357696533,0.022207114845514297,0.004040997784907523,0.06
32,octanol_dipole,141,0.12590228021144867,0.025273917242884636,0.5810664519798021,0.9306312877941445,4.711503505706787,0.06301981210708618,0.01337573282727132,0.06
32,octanol_dipole,142,0.17939311265945435,0.03051948733627796,0.5846671681461719,0.9195890068420829,5.735532283782959,0.31492316722869873,0.054907400333031736,0.04
32,octanol_dipole,143,0.10180160403251648,0.03425716236233711,0.5804697470377442,0.9631047745476178,6.344244480133057,0.007218369282782078,0.001137782332535629,0.1
32,octanol_dipole,144,0.06924587488174438,0.027407431975007057,0.5819282692711916,0.959238572594296,5.055953502655029,0.01092308945953846,0.0021604410431785865,0.06
32,octanol_dipole,145,0.19824014604091644,0.032452378422021866,0.5844678523304996,0.8969054449862803,6.105152606964111,0.4777924418449402,0.07826052395478619,0.0
32,octanol_dipole,146,0.1269913911819458,0.028013790026307106,0.5824259220418715,0.9289255709261539,5.310330867767334,0.0860777348279953,0.01620948618295524,0.02
32,octanol_dipole,147,0.1929478794336319,0.028221439570188522,0.581567695714033,0.9511610118366702,5.280239105224609,0.10152639448642731,0.019227613080243004,0.12
32,octanol_dipole,148,0.0854855626821518,0.028438681736588478,0.5819519479842359,0.9621722346086579,5.296257019042969,0.010356969200074673,0.0019555261692994976,0.04
32,octanol_dipole,149,0.06904386729001999,0.025674760341644287,0.5811985505578294,0.9473027151849733,4.75049352645874,0.00393342599272728,0.0008280036528456141,0.06
32,octanol_dipole,150,0.14177963137626648,0.02901097759604454,0.5826454685902154,0.946549896629542,5.393736362457275,0.02768874540925026,0.005133499961543511,0.08
32,octanol_dipole,151,0.12810330092906952,0.031051483005285263,0.5817205873281868,0.9365268282679298,5.770219326019287,0.07962571829557419,0.01379942664163959,0.02
32,octanol_dipole,152,0.045961298048496246,0.022872021421790123,0.5815709867398344,0.9690399255128546,4.224948406219482,0.005537537857890129,0.0013106758533993938,0.08
32,octanol_dipole,153,0.252152681350708,0.02869369648396969,0.5808768996696088,0.8871709021313599,5.452525615692139,0.583020031452179,0.10692660109184483,0.02
32,octanol_dipole,154,0.18054556846618652,0.030698994174599648,0.5818518352321052,0.9392050026457748,5.854509353637695,0.08031658083200455,0.013718755233023908,0.06
32,octanol_dipole,155,0.26291510462760925,0.02787623554468155,0.5807486579591403,0.8935779838999276,5.288759231567383,0.537625789642334,0.10165442707873139,0.1
32,octanol_dipole,156,0.1128639504313469,0.020084066316485405,0.5822762861426469,0.9362415086195346,3.701036214828491,0.050571952015161514,0.013664268350723246,0.06
32,octanol_dipole,157,0.0818912461400032,0.024361025542020798,0.5809691227643379,0.9486914359644134,4.5022101402282715,0.01718664914369583,0.003817380488335987,0.04
32,octanol_dipole,158,0.14482492208480835,0.03136397525668144,0.5880069743583538,0.9608533417388241,5.876948356628418,0.009028125554323196,0.00153619276646198,0.06
32,octanol_dipole,159,0.08985446393489838,0.023370588198304176,0.5812441954350447,0.9578710649938249,4.3265838623046875,0.005014980677515268,0.00115910862637108,0.08
32,octanol_dipole,160,0.0882205069065094,0.025644667446613312,0.5816669572553947,0.9631515973514049,4.757377624511719,0.02117384597659111,0.004450738967513499,0.02
32,octanol_dipole,161,0.0530528649687767,0.04036448150873184,0.5865191967723489,0.9663501117901543,7.520970821380615,0.0071879103779792786,0.0009557157644523081,0.02
32,octanol_dipole,162,0.07519976049661636,0.027329934760928154,0.5819552836179911,0.9730552437160334,5.092626571655273,0.016169067472219467,0.0031749957010816093,0.06
32,octanol_dipole,163,0.0990142822265625,0.029584474861621857,0.5866776090615227,0.9468868416620131,5.489936351776123,0.02786432020366192,0.005075527003996532,0.04
32,octanol_dipole,164,0.12101064622402191,0.027208236977458,0.5815086672745537,0.9556201715695363,5.049537181854248,0.006768139079213142,0.0013403483993611875,0.08
32,octanol_dipole,165,0.10207458585500717,0.02593841962516308,0.5819093169135412,0.9568098370960259,4.825253963470459,0.028162259608507156,0.005836430542663512,0.06
32,octanol_dipole,166,0.09035465866327286,0.027439815923571587,0.5807175448582957,0.9399811522170487,5.102094650268555,0.03574686497449875,0.007006311608236663,0.0
32,octanol_dipole,167,0.0871758833527565,0.02329631708562374,0.5818095165053625,0.9467933508577902,4.312704563140869,0.01722947508096695,0.003995051093511264,0.1
32,octanol_dipole,168,0.26310059428215027,0.026305802166461945,0.58169247994847,0.8967410964356144,4.976568222045898,0.4848962128162384,0.09743586165827633,0.06
32,octanol_dipole,169,0.06533706188201904,0.0315769761800766,0.5800397840887597,0.9608948999799118,5.867808818817139,0.009389803744852543,0.0016002231897434902,0.06
32,octanol_dipole,170,0.0924544483423233,0.02925851009786129,0.5807916383618354,0.9724810613684742,5.4594573974609375,0.013997640460729599,0.002563925211182995,0.02
32,octanol_dipole,171,0.03968114033341408,0.025899576023221016,0.5864432713374386,0.9599422786444427,4.806574821472168,0.004620855208486319,0.0009613613394394291,0.0
32,octanol_dipole,172,0.053757358342409134,0.035737644881010056,0.5936943891750346,0.9674631325472307,7.046109199523926,0.004333565477281809,0.0006150295651924623,0.06
32,octanol_dipole,173,0.07291094213724136,0.02293122373521328,0.5824256882539243,0.9510267123003702,4.236996650695801,0.030825989320874214,0.007275433959998991,0.02
32,octanol_dipole,174,0.14611952006816864,0.026879174634814262,0.582899011341532,0.928544782966465,5.001670837402344,0.14813928306102753,0.029617959253385177,0.08
32,octanol_dipole,175,0.08415818214416504,0.02175675891339779,0.5821138052352899,0.9388903913813396,4.038267135620117,0.055646657943725586,0.013779835774826835,0.04
32,octanol_dipole,176,0.06349468976259232,0.025804903358221054,0.5856841626784628,0.9694775715117787,4.773923873901367,0.005745610222220421,0.0012035403944397143,0.0
32,octanol_dipole,177,0.28875359892845154,0.027646571397781372,0.582141652219154,0.8831828753896944,5.22564172744751,0.5608075857162476,0.1073184146495586,0.08
32,octanol_dipole,178,0.3265018165111542,0.025599507614970207,0.5809808013817157,0.8928762068661393,4.8490118980407715,0.45170858502388,0.09315476936783584,0.14
32,octanol_dipole,179,0.11102435737848282,0.0287458673119545,0.5821102583886337,0.9559036852768747,5.375455379486084,0.04075339436531067,0.007581384550383314,0.04
32,octanol_dipole,180,0.29993167519569397,0.032803989946842194,0.5830084315020709,0.9133245654246156,6.190667152404785,0.7192484736442566,0.116182707927507,0.14
32,octanol_dipole,181,0.08031516522169113,0.03347828611731529,0.5881626027727875,0.964553435279174,6.5341057777404785,0.012220080941915512,0.0018701994362480719,0.04
32,octanol_dipole,182,0.08075080811977386,0.025195421651005745,0.5821105542912461,0.9402568667966902,4.666644096374512,0.05241544172167778,0.011231934692083981,0.0
32,octanol_dipole,183,0.05448126420378685,0.0232304185628891,0.5825045162355498,0.9581840610979471,4.311302661895752,0.007017174735665321,0.0016276228522958192,0.06
32,octanol_dipole,184,0.0536121129989624,0.02609880268573761,0.5816707850299254,0.9554041454665898,4.848742485046387,0.006405911408364773,0.0013211490253649733,0.06
32,octanol_dipole,185,0.07743675261735916,0.026019878685474396,0.5812597044050232,0.9674970578229691,4.841724872589111,0.005682931747287512,0.0011737411556490538,0.04
32,octanol_dipole,186,0.0573175773024559,0.025764942169189453,0.5815788800869959,0.968362939088935,4.779273986816406,0.012330450117588043,0.0025799839372259267,0.02
32,octanol_dipole,187,0.08187589049339294,0.030796516686677933,0.5851114359172256,0.9644123052042779,5.729130744934082,0.014669700525701046,0.00256054560086145,0.04
32,octanol_dipole,188,0.1649092584848404,0.024406516924500465,0.5824625129512417,0.9299385428775948,4.550717830657959,0.14486221969127655,0.03183282837607443,0.06
32,octanol_dipole,189,0.0637199804186821,0.030527446419000626,0.5835415348517956,0.9633309392487399,5.73082971572876,0.005156216211616993,0.0008997329300267481,0.02
32,octanol_dipole,190,0.0890265703201294,0.02456776425242424,0.5829253299854018,0.9446001065037364,4.569396495819092,0.015602202154695988,0.0034144995228520213,0.0
32,octanol_dipole,191,0.25589922070503235,0.027384428307414055,0.5819718935260036,0.896598967043378,5.154232501983643,0.6192588806152344,0.12014570168825489,0.08
32,octanol_dipole,192,0.10063302516937256,0.02615758776664734,0.582929039097277,0.9407865483474578,4.850882053375244,0.043845806270837784,0.009038728583460377,0.04
32,octanol_dipole,193,0.08643246442079544,0.02549527958035469,0.5816889584800611,0.9585420794854971,4.730156898498535,0.013924609869718552,0.002943794501645084,0.02
32,octanol_dipole,194,0.08067715913057327,0.02781369723379612,0.5813213140867144,0.9520564339989888,5.168646812438965,0.02460511401295662,0.00476045566776617,0.02
32,octanol_dipole,195,0.10496656596660614,0.0299980491399765,0.5837657494383954,0.9573782310290468,5.613396644592285,0.03966839239001274,0.0070667360426467695,0.06
32,octanol_dipole,196,0.14043137431144714,0.024710997939109802,0.5814913245696967,0.9221987754740264,4.596978664398193,0.1646377146244049,0.03581433081242247,0.04
32,octanol_dipole,197,0.245533287525177,0.025117797777056694,0.5810988958408445,0.9057413051669787,4.716406345367432,0.4103202819824219,0.08699850096365178,0.1
32,octanol_dipole,198,0.11365426331758499,0.02928260527551174,0.5849319953065066,0.9300584059830279,5.439089298248291,0.08556883037090302,0.015732198108690962,0.02
32,octanol_dipole,199,0.27524298429489136,0.032926056534051895,0.5810214180785689,0.9048769899625084,6.118171215057373,0.5937464237213135,0.09704638900265651,0.1
32,octanol_dipole,200,0.04882185906171799,0.03213915973901749,0.5820545461439082,0.9644236566015216,5.991499900817871,0.0068983822129666805,0.0011513614832948616,0.02
32,octanol_dipole,201,0.1184244230389595,0.02662917599081993,0.5816525243070916,0.9343378052157143,4.957600116729736,0.04292428866028786,0.008658279742135134,0.02
32,octanol_dipole,202,0.23315688967704773,0.025872742757201195,0.5811016001346472,0.9178131595063661,4.819787979125977,0.2662563920021057,0.05524234533868206,0.1
32,octanol_dipole,203,0.12266413122415543,0.027842652052640915,0.5796384431151906,0.9511719119849138,5.14370584487915,0.007648170460015535,0.0014868988800418516,0.06
32,octanol_dipole,204,0.20291544497013092,0.027641644701361656,0.5810892486437222,0.9242311638225651,5.205327033996582,0.2756361663341522,0.05295270874124548,0.08
32,octanol_dipole,205,0.04176206514239311,0.0182520542293787,0.5820644471324474,0.9686530330540526,3.3905558586120605,0.007812977768480778,0.0023043353639597775,0.02
32,octanol_dipole,206,0.07775476574897766,0.023960081860423088,0.5817233444039758,0.9631729333019177,4.4599528312683105,0.013483488000929356,0.003023235561236856,0.02
32,octanol_dipole,207,0.08816549181938171,0.030527088791131973,0.5813012516602916,0.9581684026096517,5.683640480041504,0.026095915585756302,0.004591408565934794,0.04
32,octanol_dipole,208,0.23852166533470154,0.02712838351726532,0.5829779460630624,0.9055079498109999,5.092526912689209,0.6404020190238953,0.1257532910485334,0.08
32,octanol_dipole,209,0.18570303916931152,0.027344634756445885,0.582372635748968,0.9068672356100211,5.131265640258789,0.36494994163513184,0.07112279254689415,0.06
32,octanol_dipole,210,0.12580488622188568,0.024362754076719284,0.5817891609454322,0.9456844223279017,4.505782604217529,0.017783835530281067,0.0039468916040545175,0.1
32,octanol_dipole,211,0.11000395566225052,0.03375201299786568,0.5811961607762077,0.9648481820804076,6.277787685394287,0.006771598011255264,0.0010786599277656142,0.08
32,octanol_dipole,212,0.27218353748321533,0.03138349950313568,0.582762516965694,0.8883958840919799,5.977982044219971,0.7110792398452759,0.11894971155572619,0.1
32,octanol_dipole,213,0.35757312178611755,0.019114544615149498,0.5857640991971713,0.9016554907604843,3.557783365249634,0.5776440501213074,0.16236065853907794,0.24
32,octanol_dipole,214,0.1173267737030983,0.02091677300632,0.5822125736208446,0.9564539835144263,3.894981622695923,0.02087506093084812,0.005359476103612368,0.1
32,octanol_dipole,215,0.1009441539645195,0.02686166763305664,0.5816350823964946,0.9628448545685608,4.986231803894043,0.009010514244437218,0.0018070788922007947,0.0
32,octanol_dipole,216,0.05981598421931267,0.02151968888938427,0.5820310772423589,0.9625400613854487,3.970914602279663,0.018125034868717194,0.004564448416571786,0.0
32,octanol_dipole,217,0.09928994625806808,0.02105162851512432,0.5812665628611007,0.9568422758877244,3.9059276580810547,0.028401153162121773,0.0072712952333774125,0.04
32,octanol_dipole,218,0.27278539538383484,0.02931940369307995,0.5830250804592982,0.9132318381123392,5.532238960266113,0.5928736925125122,0.10716704335634729,0.24
32,octanol_dipole,219,0.05132829770445824,0.032605238258838654,0.5966519462481918,0.9664268140606773,6.463338375091553,0.008902622386813164,0.0013774031112346115,0.02
32,octanol_dipole,220,0.07041057199239731,0.03014705330133438,0.5799133113576542,0.9655394732039715,5.54714298248291,0.0070297070778906345,0.001267266248605715,0.04
32,octanol_dipole,221,0.12219323962926865,0.02840501256287098,0.5835136541740529,0.9462020412172802,5.346392631530762,0.0493227057158947,0.00922541779386165,0.0
32,octanol_dipole,222,0.04387833550572395,0.027494823560118675,0.5806820542870468,0.9660574716374486,5.115880489349365,0.018654249608516693,0.0036463419439434815,0.04
32,octanol_dipole,223,0.0791594386100769,0.029024014249444008,0.5830503084029484,0.962554467678449,5.368780612945557,0.004718654789030552,0.0008789062413264981,0.02
32,octanol_dipole,224,0.08887725323438644,0.02472219616174698,0.5814783272416564,0.9495038688215502,4.572279930114746,0.05561031773686409,0.012162491926750533,0.02
32,octanol_dipole,225,0.07864909619092941,0.03043203055858612,0.5817089834441762,0.9545119562965207,5.6330246925354,0.009008679538965225,0.0015992615034872955,0.08
32,octanol_dipole,226,0.032344769686460495,0.03451988473534584,0.5836784552158925,0.9731283265631647,6.437112808227539,0.004935460165143013,0.0007667195390509233,0.06
32,octanol_dipole,227,0.09154253453016281,0.028119537979364395,0.5818977786173032,0.9563450037521151,5.296901702880859,0.024823352694511414,0.004686391042712871,0.0
32,octanol_dipole,228,0.24521829187870026,0.029890630394220352,0.5863848809896868,0.8829985408415781,5.815678596496582,0.5295143723487854,0.09104945597711843,0.04
32,octanol_dipole,229,0.08037208765745163,0.028440305963158607,0.5815953895045642,0.9597540642519902,5.3007636070251465,0.012261229567229748,0.002313106276042915,0.02
32,octanol_dipole,230,0.07383640855550766,0.02516813762485981,0.5819432783777512,0.9728825362500599,4.68297815322876,0.009824974462389946,0.0020980184277853077,0.04
32,octanol_dipole,231,0.08429710566997528,0.025976335629820824,0.5816659602666268,0.9671378714240664,4.800820827484131,0.0074150110594928265,0.0015445298472800248,0.06
32,octanol_dipole,232,0.25841858983039856,0.028190230950713158,0.5818883810575868,0.8972234054393791,5.321982383728027,0.5025856494903564,0.09443579727490514,0.1
32,octanol_dipole,233,0.13414053618907928,0.030856100842356682,0.581763052747692,0.9350113971831908,5.686233043670654,0.23850145936012268,0.041943665961000076,0.04
32,octanol_dipole,234,0.3065016567707062,0.02442837320268154,0.5885627186305056,0.8860756101396272,4.684693813323975,0.7879050374031067,0.16818709371404084,0.12
32,octanol_dipole,235,0.1345093697309494,0.0339445136487484,0.5900415840075837,0.9357809051604848,6.328403472900391,0.0716298520565033,0.011318787173295446,0.06
32,octanol_dipole,236,0.1421157717704773,0.03198700398206711,0.5859892149850705,0.9550262941507226,5.961019039154053,0.0055592055432498455,0.0009325931534080069,0.04
32,octanol_dipole,237,0.11331026256084442,0.03312378376722336,0.592426955779267,0.9366975086666645,6.216548442840576,0.08009537309408188,0.012884219246505747,0.02
32,octanol_dipole,238,0.25366830825805664,0.03275651857256889,0.5837463204582813,0.8924610404930282,6.087445259094238,0.5763521194458008,0.09467881761807534,0.06
32,octanol_dipole,239,0.08912357687950134,0.014256024733185768,0.581692246743631,0.962260046287339,2.613264560699463,0.043619073927402496,0.016691411418263552,0.0
32,octanol_dipole,240,0.047144509851932526,0.01035113912075758,0.5830849554485409,0.96299682264565,1.8318145275115967,0.026851780712604523,0.014658569581867524,0.04
32,octanol_dipole,241,0.357263445854187,0.025781618431210518,0.5852796236721045,0.903078667812228,4.8941144943237305,0.5500397682189941,0.11238800580920998,0.16
32,octanol_dipole,242,0.14283736050128937,0.028888732194900513,0.5771697072006226,0.9236557024893961,5.349323272705078,0.1978115737438202,0.03697880342232329,0.12
32,octanol_dipole,243,0.07748138159513474,0.027531834319233894,0.5838862510830283,0.9723871322028321,5.147172451019287,0.005974223837256432,0.0011606807221066324,0.02
32,octanol_dipole,244,0.2706005871295929,0.03079918399453163,0.5869693582344577,0.897194192618062,5.846462249755859,0.6147302985191345,0.10514568849645867,0.08
32,octanol_dipole,245,0.11471036076545715,0.026942353695631027,0.5821011574114459,0.9287638266596623,5.044980049133301,0.18682697415351868,0.0370322523248857,0.04
32,octanol_dipole,246,0.040107451379299164,0.026519350707530975,0.5818122584540575,0.9728178566171213,4.951406955718994,0.0064081791788339615,0.0012942137934011586,0.04
32,octanol_dipole,247,0.04324961453676224,0.030875127762556076,0.5819005912640263,0.9636146850810698,5.697948455810547,0.0038957977667450905,0.0006837193767122106,0.02
32,octanol_dipole,248,0.0740414708852768,0.03230635076761246,0.5857765079057056,0.9622429472564757,6.017649173736572,0.007379747927188873,0.001226350641941216,0.0
32,octanol_dipole,249,0.08529504388570786,0.02925451658666134,0.5820794040769626,0.97770660050183,5.452756881713867,0.013556348159909248,0.0024861457156417958,0.04
32,hexane_gsolv_eV,0,0.9999998807907104,0.0,0.6476666459507103,0.6476666459507103,,,,1.0
32,hexane_gsolv_eV,1,0.9999998807907104,0.0,0.6476666459507103,0.6476666459507103,,,,1.0
32,hexane_gsolv_eV,2,0.9999998807907104,0.0,0.6476666459507103,0.6476666459507103,,,,1.0
32,hexane_gsolv_eV,3,0.9999998807907104,0.0,0.6476666459507103,0.6476666459507103,,,,1.0
32,hexane_gsolv_eV,4,0.9999998807907104,0.0,0.6476666459507103,0.6476666459507103,,,,1.0
32,hexane_gsolv_eV,5,0.9999998807907104,0.0,0.6476666459507103,0.6476666459507103,,,,1.0
32,hexane_gsolv_eV,6,0.9999998807907104,0.0,0.6476666459507103,0.6476666459507103,,,,1.0
32,hexane_gsolv_eV,7,0.9999998807907104,0.0,0.6476666459507103,0.6476666459507103,,,,1.0
32,hexane_gsolv_eV,8,0.9999998807907104,0.0,0.6476666459507103,0.6476666459507103,,,,1.0
32,hexane_gsolv_eV,9,0.9999998807907104,0.0,0.6476666459507103,0.6476666459507103,,,,1.0
32,hexane_gsolv_eV,10,0.9999998807907104,0.0,0.6476666459507103,0.6476666459507103,,,,1.0
32,hexane_gsolv_eV,11,0.9999998807907104,0.0,0.6476666459507103,0.6476666459507103,,,,1.0
32,hexane_gsolv_eV,12,0.9999998807907104,0.0,0.6476666459507103,0.6476666459507103,,,,1.0
32,hexane_gsolv_eV,13,0.9999998807907104,0.0,0.6476666459507103,0.6476666459507103,,,,1.0
32,hexane_gsolv_eV,14,0.9999998807907104,0.0,0.6476666459507103,0.6476666459507103,,,,1.0
32,hexane_gsolv_eV,15,0.9999998807907104,0.0,0.6476666459507103,0.6476666459507103,,,,1.0
32,hexane_gsolv_eV,16,0.9999998807907104,0.0,0.6476666459507103,0.6476666459507103,,,,1.0
32,hexane_gsolv_eV,17,0.9999998807907104,0.0,0.6476666459507103,0.6476666459507103,,,,1.0
32,hexane_gsolv_eV,18,0.9999998807907104,0.0,0.6476666459507103,0.6476666459507103,,,,1.0
32,hexane_gsolv_eV,19,0.9999998807907104,0.0,0.6476666459507103,0.6476666459507103,,,,1.0
32,hexane_gsolv_eV,20,0.9999998807907104,0.0,0.6476666459507103,0.6476666459507103,,,,1.0
32,hexane_gsolv_eV,21,0.9999998807907104,0.0,0.6476666459507103,0.6476666459507103,,,,1.0
32,hexane_gsolv_eV,22,0.9999998807907104,0.0,0.6476666459507103,0.6476666459507103,,,,1.0
32,hexane_gsolv_eV,23,0.9999998807907104,0.0,0.6476666459507103,0.6476666459507103,,,,1.0
32,hexane_gsolv_eV,24,0.9999998807907104,0.0,0.6476666459507103,0.6476666459507103,,,,1.0
32,hexane_gsolv_eV,25,0.9999998807907104,0.0,0.6476666459507103,0.6476666459507103,,,,1.0
32,hexane_gsolv_eV,26,0.9999998807907104,0.0,0.6476666459507103,0.6476666459507103,,,,1.0
32,hexane_gsolv_eV,27,0.9999998807907104,0.0,0.6476666459507103,0.6476666459507103,,,,1.0
32,hexane_gsolv_eV,28,0.9999998807907104,0.0,0.6476666459507103,0.6476666459507103,,,,1.0
32,hexane_gsolv_eV,29,0.9999998807907104,0.0,0.6476666459507103,0.6476666459507103,,,,1.0
32,hexane_gsolv_eV,30,0.9999998807907104,0.0,0.6476666459507103,0.6476666459507103,,,,1.0
32,hexane_gsolv_eV,31,0.9999998807907104,0.0,0.6476666459507103,0.6476666459507103,,,,1.0
32,hexane_gsolv_eV,32,0.9999998807907104,0.0,0.6476666459507103,0.6476666459507103,,,,1.0
32,hexane_gsolv_eV,33,0.9999998807907104,0.0,0.6476666459507103,0.6476666459507103,,,,1.0
32,hexane_gsolv_eV,34,0.9999998807907104,0.0,0.6476666459507103,0.6476666459507103,,,,1.0
32,hexane_gsolv_eV,35,0.9999998807907104,0.0,0.6476666459507103,0.6476666459507103,,,,1.0
32,hexane_gsolv_eV,36,0.9999998807907104,0.0,0.6476666459507103,0.6476666459507103,,,,1.0
32,hexane_gsolv_eV,37,0.9999998807907104,0.0,0.6476666459507103,0.6476666459507103,,,,1.0
32,hexane_gsolv_eV,38,0.9999998807907104,0.0,0.6476666459507103,0.6476666459507103,,,,1.0
32,hexane_gsolv_eV,39,0.9999998807907104,0.0,0.6476666459507103,0.6476666459507103,,,,1.0
32,hexane_gsolv_eV,40,0.9999998807907104,0.0,0.6476666459507103,0.6476666459507103,,,,1.0
32,hexane_gsolv_eV,41,0.9999998807907104,0.0,0.6476666459507103,0.6476666459507103,,,,1.0
32,hexane_gsolv_eV,42,0.9999998807907104,0.0,0.6476666459507103,0.6476666459507103,,,,1.0
32,hexane_gsolv_eV,43,0.9999998807907104,0.0,0.6476666459507103,0.6476666459507103,,,,1.0
32,hexane_gsolv_eV,44,0.9999998807907104,0.0,0.6476666459507103,0.6476666459507103,,,,1.0
32,hexane_gsolv_eV,45,0.9999998807907104,0.0,0.6476666459507103,0.6476666459507103,,,,1.0
32,hexane_gsolv_eV,46,0.9999998807907104,0.0,0.6476666459507103,0.6476666459507103,,,,1.0
32,hexane_gsolv_eV,47,0.9999998807907104,0.0,0.6476666459507103,0.6476666459507103,,,,1.0
32,hexane_gsolv_eV,48,0.9999998807907104,0.0,0.6476666459507103,0.6476666459507103,,,,1.0
32,hexane_gsolv_eV,49,0.9999998807907104,0.0,0.6476666459507103,0.6476666459507103,,,,1.0
32,hexane_gsolv_eV,50,0.9999998807907104,0.0,0.6476666459507103,0.6476666459507103,,,,1.0
32,hexane_gsolv_eV,51,0.9999998807907104,0.0,0.6476666459507103,0.6476666459507103,,,,1.0
32,hexane_gsolv_eV,52,0.9999998807907104,0.0,0.6476666459507103,0.6476666459507103,,,,1.0
32,hexane_gsolv_eV,53,0.9999998807907104,0.0,0.6476666459507103,0.6476666459507103,,,,1.0
32,hexane_gsolv_eV,54,0.9999998807907104,0.0,0.6476666459507103,0.6476666459507103,,,,1.0
32,hexane_gsolv_eV,55,0.9999998807907104,0.0,0.6476666459507103,0.6476666459507103,,,,1.0
32,hexane_gsolv_eV,56,0.9999998807907104,0.0,0.6476666459507103,0.6476666459507103,,,,1.0
32,hexane_gsolv_eV,57,0.9999998807907104,0.0,0.6476666459507103,0.6476666459507103,,,,1.0
32,hexane_gsolv_eV,58,0.9999998807907104,0.0,0.6476666459507103,0.6476666459507103,,,,1.0
32,hexane_gsolv_eV,59,0.9999998807907104,0.0,0.6476666459507103,0.6476666459507103,,,,1.0
32,hexane_gsolv_eV,60,0.9999998807907104,0.0,0.6476666459507103,0.6476666459507103,,,,1.0
32,hexane_gsolv_eV,61,0.9999998807907104,0.0,0.6476666459507103,0.6476666459507103,,,,1.0
32,hexane_gsolv_eV,62,0.9999998807907104,0.0,0.6476666459507103,0.6476666459507103,,,,1.0
32,hexane_gsolv_eV,63,0.9999998807907104,0.0,0.6476666459507103,0.6476666459507103,,,,1.0
32,hexane_gsolv_eV,64,0.9999998807907104,0.0,0.6476666459507103,0.6476666459507103,,,,1.0
32,hexane_gsolv_eV,65,0.9999998807907104,0.0,0.6476666459507103,0.6476666459507103,,,,1.0
32,hexane_gsolv_eV,66,0.9999998807907104,0.0,0.6476666459507103,0.6476666459507103,,,,1.0
32,hexane_gsolv_eV,67,0.9999998807907104,0.0,0.6476666459507103,0.6476666459507103,,,,1.0
32,hexane_gsolv_eV,68,0.9999998807907104,0.0,0.6476666459507103,0.6476666459507103,,,,1.0
32,hexane_gsolv_eV,69,0.9999998807907104,0.0,0.6476666459507103,0.6476666459507103,,,,1.0
32,hexane_gsolv_eV,70,0.9999998807907104,0.0,0.6476666459507103,0.6476666459507103,,,,1.0
32,hexane_gsolv_eV,71,0.9999998807907104,0.0,0.6476666459507103,0.6476666459507103,,,,1.0
32,hexane_gsolv_eV,72,0.9999998807907104,0.0,0.6476666459507103,0.6476666459507103,,,,1.0
32,hexane_gsolv_eV,73,0.9999998807907104,0.0,0.6476666459507103,0.6476666459507103,,,,1.0
32,hexane_gsolv_eV,74,0.9999998807907104,0.0,0.6476666459507103,0.6476666459507103,,,,1.0
32,hexane_gsolv_eV,75,0.9999998807907104,0.0,0.6476666459507103,0.6476666459507103,,,,1.0
32,hexane_gsolv_eV,76,0.9999998807907104,0.0,0.6476666459507103,0.6476666459507103,,,,1.0
32,hexane_gsolv_eV,77,0.9999998807907104,0.0,0.6476666459507103,0.6476666459507103,,,,1.0
32,hexane_gsolv_eV,78,0.9999998807907104,0.0,0.6476666459507103,0.6476666459507103,,,,1.0
32,hexane_gsolv_eV,79,0.9999998807907104,0.0,0.6476666459507103,0.6476666459507103,,,,1.0
32,hexane_gsolv_eV,80,0.9999998807907104,0.0,0.6476666459507103,0.6476666459507103,,,,1.0
32,hexane_gsolv_eV,81,0.9999998807907104,0.0,0.6476666459507103,0.6476666459507103,,,,1.0
32,hexane_gsolv_eV,82,0.9999998807907104,0.0,0.6476666459507103,0.6476666459507103,,,,1.0
32,hexane_gsolv_eV,83,0.9999998807907104,0.0,0.6476666459507103,0.6476666459507103,,,,1.0
32,hexane_gsolv_eV,84,0.9999998807907104,0.0,0.6476666459507103,0.6476666459507103,,,,1.0
32,hexane_gsolv_eV,85,0.9999998807907104,0.0,0.6476666459507103,0.6476666459507103,,,,1.0
32,hexane_gsolv_eV,86,0.9999998807907104,0.0,0.6476666459507103,0.6476666459507103,,,,1.0
32,hexane_gsolv_eV,87,0.9999998807907104,0.0,0.6476666459507103,0.6476666459507103,,,,1.0
32,hexane_gsolv_eV,88,0.9999998807907104,0.0,0.6476666459507103,0.6476666459507103,,,,1.0
32,hexane_gsolv_eV,89,0.9999998807907104,0.0,0.6476666459507103,0.6476666459507103,,,,1.0
32,hexane_gsolv_eV,90,0.9999998807907104,0.0,0.6476666459507103,0.6476666459507103,,,,1.0
32,hexane_gsolv_eV,91,0.9999998807907104,0.0,0.6476666459507103,0.6476666459507103,,,,1.0
32,hexane_gsolv_eV,92,0.9999998807907104,0.0,0.6476666459507103,0.6476666459507103,,,,1.0
32,hexane_gsolv_eV,93,0.9999998807907104,0.0,0.6476666459507103,0.6476666459507103,,,,1.0
32,hexane_gsolv_eV,94,0.9999998807907104,0.0,0.6476666459507103,0.6476666459507103,,,,1.0
32,hexane_gsolv_eV,95,0.9999998807907104,0.0,0.6476666459507103,0.6476666459507103,,,,1.0
32,hexane_gsolv_eV,96,0.9999998807907104,0.0,0.6476666459507103,0.6476666459507103,,,,1.0
32,hexane_gsolv_eV,97,0.9999998807907104,0.0,0.6476666459507103,0.6476666459507103,,,,1.0
32,hexane_gsolv_eV,98,0.9999998807907104,0.0,0.6476666459507103,0.6476666459507103,,,,1.0
32,hexane_gsolv_eV,99,0.9999998807907104,0.0,0.6476666459507103,0.6476666459507103,,,,1.0
32,hexane_gsolv_eV,100,0.9999998807907104,0.0,0.6476666459507103,0.6476666459507103,,,,1.0
32,hexane_gsolv_eV,101,0.9999998807907104,0.0,0.6476666459507103,0.6476666459507103,,,,1.0
32,hexane_gsolv_eV,102,0.9999998807907104,0.0,0.6476666459507103,0.6476666459507103,,,,1.0
32,hexane_gsolv_eV,103,0.9999998807907104,0.0,0.6476666459507103,0.6476666459507103,,,,1.0
32,hexane_gsolv_eV,104,0.9999998807907104,0.0,0.6476666459507103,0.6476666459507103,,,,1.0
32,hexane_gsolv_eV,105,0.9999998807907104,0.0,0.6476666459507103,0.6476666459507103,,,,1.0
32,hexane_gsolv_eV,106,0.9999998807907104,0.0,0.6476666459507103,0.6476666459507103,,,,1.0
32,hexane_gsolv_eV,107,0.9999998807907104,0.0,0.6476666459507103,0.6476666459507103,,,,1.0
32,hexane_gsolv_eV,108,0.9999998807907104,0.0,0.6476666459507103,0.6476666459507103,,,,1.0
32,hexane_gsolv_eV,109,0.9999998807907104,0.0,0.6476666459507103,0.6476666459507103,,,,1.0
32,hexane_gsolv_eV,110,0.9999998807907104,0.0,0.6476666459507103,0.6476666459507103,,,,1.0
32,hexane_gsolv_eV,111,0.9999998807907104,0.0,0.6476666459507103,0.6476666459507103,,,,1.0
32,hexane_gsolv_eV,112,0.9999998807907104,0.0,0.6476666459507103,0.6476666459507103,,,,1.0
32,hexane_gsolv_eV,113,0.9999998807907104,0.0,0.6476666459507103,0.6476666459507103,,,,1.0
32,hexane_gsolv_eV,114,0.9999998807907104,0.0,0.6476666459507103,0.6476666459507103,,,,1.0
32,hexane_gsolv_eV,115,0.9999998807907104,0.0,0.6476666459507103,0.6476666459507103,,,,1.0
32,hexane_gsolv_eV,116,0.9999998807907104,0.0,0.6476666459507103,0.6476666459507103,,,,1.0
32,hexane_gsolv_eV,117,0.9999998807907104,0.0,0.6476666459507103,0.6476666459507103,,,,1.0
32,hexane_gsolv_eV,118,0.9999998807907104,0.0,0.6476666459507103,0.6476666459507103,,,,1.0
32,hexane_gsolv_eV,119,0.9999998807907104,0.0,0.6476666459507103,0.6476666459507103,,,,1.0
32,hexane_gsolv_eV,120,0.9999998807907104,0.0,0.6476666459507103,0.6476666459507103,,,,1.0
32,hexane_gsolv_eV,121,0.9999998807907104,0.0,0.6476666459507103,0.6476666459507103,,,,1.0
32,hexane_gsolv_eV,122,0.9999998807907104,0.0,0.6476666459507103,0.6476666459507103,,,,1.0
32,hexane_gsolv_eV,123,0.9999998807907104,0.0,0.6476666459507103,0.6476666459507103,,,,1.0
32,hexane_gsolv_eV,124,0.9999998807907104,0.0,0.6476666459507103,0.6476666459507103,,,,1.0
32,hexane_gsolv_eV,125,0.9999998807907104,0.0,0.6476666459507103,0.6476666459507103,,,,1.0
32,hexane_gsolv_eV,126,0.9999998807907104,0.0,0.6476666459507103,0.6476666459507103,,,,1.0
32,hexane_gsolv_eV,127,0.9999998807907104,0.0,0.6476666459507103,0.6476666459507103,,,,1.0
32,hexane_gsolv_eV,128,0.9999998807907104,0.0,0.6476666459507103,0.6476666459507103,,,,1.0
32,hexane_gsolv_eV,129,0.9999998807907104,0.0,0.6476666459507103,0.6476666459507103,,,,1.0
32,hexane_gsolv_eV,130,0.9999998807907104,0.0,0.6476666459507103,0.6476666459507103,,,,1.0
32,hexane_gsolv_eV,131,0.9999998807907104,0.0,0.6476666459507103,0.6476666459507103,,,,1.0
32,hexane_gsolv_eV,132,0.9999998807907104,0.0,0.6476666459507103,0.6476666459507103,,,,1.0
32,hexane_gsolv_eV,133,0.9999998807907104,0.0,0.6476666459507103,0.6476666459507103,,,,1.0
32,hexane_gsolv_eV,134,0.9999998807907104,0.0,0.6476666459507103,0.6476666459507103,,,,1.0
32,hexane_gsolv_eV,135,0.9999998807907104,0.0,0.6476666459507103,0.6476666459507103,,,,1.0
32,hexane_gsolv_eV,136,0.9999998807907104,0.0,0.6476666459507103,0.6476666459507103,,,,1.0
32,hexane_gsolv_eV,137,0.9999998807907104,0.0,0.6476666459507103,0.6476666459507103,,,,1.0
32,hexane_gsolv_eV,138,0.9999998807907104,0.0,0.6476666459507103,0.6476666459507103,,,,1.0
32,hexane_gsolv_eV,139,0.9999998807907104,0.0,0.6476666459507103,0.6476666459507103,,,,1.0
32,hexane_gsolv_eV,140,0.9999998807907104,0.0,0.6476666459507103,0.6476666459507103,,,,1.0
32,hexane_gsolv_eV,141,0.9999998807907104,0.0,0.6476666459507103,0.6476666459507103,,,,1.0
32,hexane_gsolv_eV,142,0.9999998807907104,0.0,0.6476666459507103,0.6476666459507103,,,,1.0
32,hexane_gsolv_eV,143,0.9999998807907104,0.0,0.6476666459507103,0.6476666459507103,,,,1.0
32,hexane_gsolv_eV,144,0.9999998807907104,0.0,0.6476666459507103,0.6476666459507103,,,,1.0
32,hexane_gsolv_eV,145,0.9999998807907104,0.0,0.6476666459507103,0.6476666459507103,,,,1.0
32,hexane_gsolv_eV,146,0.9999998807907104,0.0,0.6476666459507103,0.6476666459507103,,,,1.0
32,hexane_gsolv_eV,147,0.9999998807907104,0.0,0.6476666459507103,0.6476666459507103,,,,1.0
32,hexane_gsolv_eV,148,0.9999998807907104,0.0,0.6476666459507103,0.6476666459507103,,,,1.0
32,hexane_gsolv_eV,149,0.9999998807907104,0.0,0.6476666459507103,0.6476666459507103,,,,1.0
32,hexane_gsolv_eV,150,0.9999998807907104,0.0,0.6476666459507103,0.6476666459507103,,,,1.0
32,hexane_gsolv_eV,151,0.9999998807907104,0.0,0.6476666459507103,0.6476666459507103,,,,1.0
32,hexane_gsolv_eV,152,0.9999998807907104,0.0,0.6476666459507103,0.6476666459507103,,,,1.0
32,hexane_gsolv_eV,153,0.9999998807907104,0.0,0.6476666459507103,0.6476666459507103,,,,1.0
32,hexane_gsolv_eV,154,0.9999998807907104,0.0,0.6476666459507103,0.6476666459507103,,,,1.0
32,hexane_gsolv_eV,155,0.9999998807907104,0.0,0.6476666459507103,0.6476666459507103,,,,1.0
32,hexane_gsolv_eV,156,0.9999998807907104,0.0,0.6476666459507103,0.6476666459507103,,,,1.0
32,hexane_gsolv_eV,157,0.9999998807907104,0.0,0.6476666459507103,0.6476666459507103,,,,1.0
32,hexane_gsolv_eV,158,0.9999998807907104,0.0,0.6476666459507103,0.6476666459507103,,,,1.0
32,hexane_gsolv_eV,159,0.9999998807907104,0.0,0.6476666459507103,0.6476666459507103,,,,1.0
32,hexane_gsolv_eV,160,0.9999998807907104,0.0,0.6476666459507103,0.6476666459507103,,,,1.0
32,hexane_gsolv_eV,161,0.9999998807907104,0.0,0.6476666459507103,0.6476666459507103,,,,1.0
32,hexane_gsolv_eV,162,0.9999998807907104,0.0,0.6476666459507103,0.6476666459507103,,,,1.0
32,hexane_gsolv_eV,163,0.9999998807907104,0.0,0.6476666459507103,0.6476666459507103,,,,1.0
32,hexane_gsolv_eV,164,0.9999998807907104,0.0,0.6476666459507103,0.6476666459507103,,,,1.0
32,hexane_gsolv_eV,165,0.9999998807907104,0.0,0.6476666459507103,0.6476666459507103,,,,1.0
32,hexane_gsolv_eV,166,0.9999998807907104,0.0,0.6476666459507103,0.6476666459507103,,,,1.0
32,hexane_gsolv_eV,167,0.9999998807907104,0.0,0.6476666459507103,0.6476666459507103,,,,1.0
32,hexane_gsolv_eV,168,0.9999998807907104,0.0,0.6476666459507103,0.6476666459507103,,,,1.0
32,hexane_gsolv_eV,169,0.9999998807907104,0.0,0.6476666459507103,0.6476666459507103,,,,1.0
32,hexane_gsolv_eV,170,0.9999998807907104,0.0,0.6476666459507103,0.6476666459507103,,,,1.0
32,hexane_gsolv_eV,171,0.9999998807907104,0.0,0.6476666459507103,0.6476666459507103,,,,1.0
32,hexane_gsolv_eV,172,0.9999998807907104,0.0,0.6476666459507103,0.6476666459507103,,,,1.0
32,hexane_gsolv_eV,173,0.9999998807907104,0.0,0.6476666459507103,0.6476666459507103,,,,1.0
32,hexane_gsolv_eV,174,0.9999998807907104,0.0,0.6476666459507103,0.6476666459507103,,,,1.0
32,hexane_gsolv_eV,175,0.9999998807907104,0.0,0.6476666459507103,0.6476666459507103,,,,1.0
32,hexane_gsolv_eV,176,0.9999998807907104,0.0,0.6476666459507103,0.6476666459507103,,,,1.0
32,hexane_gsolv_eV,177,0.9999998807907104,0.0,0.6476666459507103,0.6476666459507103,,,,1.0
32,hexane_gsolv_eV,178,0.9999998807907104,0.0,0.6476666459507103,0.6476666459507103,,,,1.0
32,hexane_gsolv_eV,179,0.9999998807907104,0.0,0.6476666459507103,0.6476666459507103,,,,1.0
32,hexane_gsolv_eV,180,0.9999998807907104,0.0,0.6476666459507103,0.6476666459507103,,,,1.0
32,hexane_gsolv_eV,181,0.9999998807907104,0.0,0.6476666459507103,0.6476666459507103,,,,1.0
32,hexane_gsolv_eV,182,0.9999998807907104,0.0,0.6476666459507103,0.6476666459507103,,,,1.0
32,hexane_gsolv_eV,183,0.9999998807907104,0.0,0.6476666459507103,0.6476666459507103,,,,1.0
32,hexane_gsolv_eV,184,0.9999998807907104,0.0,0.6476666459507103,0.6476666459507103,,,,1.0
32,hexane_gsolv_eV,185,0.9999998807907104,0.0,0.6476666459507103,0.6476666459507103,,,,1.0
32,hexane_gsolv_eV,186,0.9999998807907104,0.0,0.6476666459507103,0.6476666459507103,,,,1.0
32,hexane_gsolv_eV,187,0.9999998807907104,0.0,0.6476666459507103,0.6476666459507103,,,,1.0
32,hexane_gsolv_eV,188,0.9999998807907104,0.0,0.6476666459507103,0.6476666459507103,,,,1.0
32,hexane_gsolv_eV,189,0.9999998807907104,0.0,0.6476666459507103,0.6476666459507103,,,,1.0
32,hexane_gsolv_eV,190,0.9999998807907104,0.0,0.6476666459507103,0.6476666459507103,,,,1.0
32,hexane_gsolv_eV,191,0.9999998807907104,0.0,0.6476666459507103,0.6476666459507103,,,,1.0
32,hexane_gsolv_eV,192,0.9999998807907104,0.0,0.6476666459507103,0.6476666459507103,,,,1.0
32,hexane_gsolv_eV,193,0.9999998807907104,0.0,0.6476666459507103,0.6476666459507103,,,,1.0
32,hexane_gsolv_eV,194,0.9999998807907104,0.0,0.6476666459507103,0.6476666459507103,,,,1.0
32,hexane_gsolv_eV,195,0.9999998807907104,0.0,0.6476666459507103,0.6476666459507103,,,,1.0
32,hexane_gsolv_eV,196,0.9999998807907104,0.0,0.6476666459507103,0.6476666459507103,,,,1.0
32,hexane_gsolv_eV,197,0.9999998807907104,0.0,0.6476666459507103,0.6476666459507103,,,,1.0
32,hexane_gsolv_eV,198,0.9999998807907104,0.0,0.6476666459507103,0.6476666459507103,,,,1.0
32,hexane_gsolv_eV,199,0.9999998807907104,0.0,0.6476666459507103,0.6476666459507103,,,,1.0
32,hexane_gsolv_eV,200,0.9999998807907104,0.0,0.6476666459507103,0.6476666459507103,,,,1.0
32,hexane_gsolv_eV,201,0.9999998807907104,0.0,0.6476666459507103,0.6476666459507103,,,,1.0
32,hexane_gsolv_eV,202,0.9999998807907104,0.0,0.6476666459507103,0.6476666459507103,,,,1.0
32,hexane_gsolv_eV,203,0.9999998807907104,0.0,0.6476666459507103,0.6476666459507103,,,,1.0
32,hexane_gsolv_eV,204,0.9999998807907104,0.0,0.6476666459507103,0.6476666459507103,,,,1.0
32,hexane_gsolv_eV,205,0.9999998807907104,0.0,0.6476666459507103,0.6476666459507103,,,,1.0
32,hexane_gsolv_eV,206,0.9999998807907104,0.0,0.6476666459507103,0.6476666459507103,,,,1.0
32,hexane_gsolv_eV,207,0.9999998807907104,0.0,0.6476666459507103,0.6476666459507103,,,,1.0
32,hexane_gsolv_eV,208,0.9999998807907104,0.0,0.6476666459507103,0.6476666459507103,,,,1.0
32,hexane_gsolv_eV,209,0.9999998807907104,0.0,0.6476666459507103,0.6476666459507103,,,,1.0
32,hexane_gsolv_eV,210,0.9999998807907104,0.0,0.6476666459507103,0.6476666459507103,,,,1.0
32,hexane_gsolv_eV,211,0.9999998807907104,0.0,0.6476666459507103,0.6476666459507103,,,,1.0
32,hexane_gsolv_eV,212,0.9999998807907104,0.0,0.6476666459507103,0.6476666459507103,,,,1.0
32,hexane_gsolv_eV,213,0.9999998807907104,0.0,0.6476666459507103,0.6476666459507103,,,,1.0
32,hexane_gsolv_eV,214,0.9999998807907104,0.0,0.6476666459507103,0.6476666459507103,,,,1.0
32,hexane_gsolv_eV,215,0.9999998807907104,0.0,0.6476666459507103,0.6476666459507103,,,,1.0
32,hexane_gsolv_eV,216,0.9999998807907104,0.0,0.6476666459507103,0.6476666459507103,,,,1.0
32,hexane_gsolv_eV,217,0.9999998807907104,0.0,0.6476666459507103,0.6476666459507103,,,,1.0
32,hexane_gsolv_eV,218,0.9999998807907104,0.0,0.6476666459507103,0.6476666459507103,,,,1.0
32,hexane_gsolv_eV,219,0.9999998807907104,0.0,0.6476666459507103,0.6476666459507103,,,,1.0
32,hexane_gsolv_eV,220,0.9999998807907104,0.0,0.6476666459507103,0.6476666459507103,,,,1.0
32,hexane_gsolv_eV,221,0.9999998807907104,0.0,0.6476666459507103,0.6476666459507103,,,,1.0
32,hexane_gsolv_eV,222,0.9999998807907104,0.0,0.6476666459507103,0.6476666459507103,,,,1.0
32,hexane_gsolv_eV,223,0.9999998807907104,0.0,0.6476666459507103,0.6476666459507103,,,,1.0
32,hexane_gsolv_eV,224,0.9999998807907104,0.0,0.6476666459507103,0.6476666459507103,,,,1.0
32,hexane_gsolv_eV,225,0.9999998807907104,0.0,0.6476666459507103,0.6476666459507103,,,,1.0
32,hexane_gsolv_eV,226,0.9999998807907104,0.0,0.6476666459507103,0.6476666459507103,,,,1.0
32,hexane_gsolv_eV,227,0.9999998807907104,0.0,0.6476666459507103,0.6476666459507103,,,,1.0
32,hexane_gsolv_eV,228,0.9999998807907104,0.0,0.6476666459507103,0.6476666459507103,,,,1.0
32,hexane_gsolv_eV,229,0.9999998807907104,0.0,0.6476666459507103,0.6476666459507103,,,,1.0
32,hexane_gsolv_eV,230,0.9999998807907104,0.0,0.6476666459507103,0.6476666459507103,,,,1.0
32,hexane_gsolv_eV,231,0.9999998807907104,0.0,0.6476666459507103,0.6476666459507103,,,,1.0
32,hexane_gsolv_eV,232,0.9999998807907104,0.0,0.6476666459507103,0.6476666459507103,,,,1.0
32,hexane_gsolv_eV,233,0.9999998807907104,0.0,0.6476666459507103,0.6476666459507103,,,,1.0
32,hexane_gsolv_eV,234,0.9999998807907104,0.0,0.6476666459507103,0.6476666459507103,,,,1.0
32,hexane_gsolv_eV,235,0.9999998807907104,0.0,0.6476666459507103,0.6476666459507103,,,,1.0
32,hexane_gsolv_eV,236,0.9999998807907104,0.0,0.6476666459507103,0.6476666459507103,,,,1.0
32,hexane_gsolv_eV,237,0.9999998807907104,0.0,0.6476666459507103,0.6476666459507103,,,,1.0
32,hexane_gsolv_eV,238,0.9999998807907104,0.0,0.6476666459507103,0.6476666459507103,,,,1.0
32,hexane_gsolv_eV,239,0.9999998807907104,0.0,0.6476666459507103,0.6476666459507103,,,,1.0
32,hexane_gsolv_eV,240,0.9999998807907104,0.0,0.6476666459507103,0.6476666459507103,,,,1.0
32,hexane_gsolv_eV,241,0.9999998807907104,0.0,0.6476666459507103,0.6476666459507103,,,,1.0
32,hexane_gsolv_eV,242,0.9999998807907104,0.0,0.6476666459507103,0.6476666459507103,,,,1.0
32,hexane_gsolv_eV,243,0.9999998807907104,0.0,0.6476666459507103,0.6476666459507103,,,,1.0
32,hexane_gsolv_eV,244,0.9999998807907104,0.0,0.6476666459507103,0.6476666459507103,,,,1.0
32,hexane_gsolv_eV,245,0.9999998807907104,0.0,0.6476666459507103,0.6476666459507103,,,,1.0
32,hexane_gsolv_eV,246,0.9999998807907104,0.0,0.6476666459507103,0.6476666459507103,,,,1.0
32,hexane_gsolv_eV,247,0.9999998807907104,0.0,0.6476666459507103,0.6476666459507103,,,,1.0
32,hexane_gsolv_eV,248,0.9999998807907104,0.0,0.6476666459507103,0.6476666459507103,,,,1.0
32,hexane_gsolv_eV,249,0.9999998807907104,0.0,0.6476666459507103,0.6476666459507103,,,,1.0
32,hexane_hl_gap_eV,0,1.0000001192092896,0.0,0.7078228937864921,0.7078228937864921,,,,1.0
32,hexane_hl_gap_eV,1,1.0000001192092896,0.0,0.7078228937864921,0.7078228937864921,,,,1.0
32,hexane_hl_gap_eV,2,1.0000001192092896,0.0,0.7078228937864921,0.7078228937864921,,,,1.0
32,hexane_hl_gap_eV,3,1.0000001192092896,0.0,0.7078228937864921,0.7078228937864921,,,,1.0
32,hexane_hl_gap_eV,4,1.0000001192092896,0.0,0.7078228937864921,0.7078228937864921,,,,1.0
32,hexane_hl_gap_eV,5,1.0000001192092896,0.0,0.7078228937864921,0.7078228937864921,,,,1.0
32,hexane_hl_gap_eV,6,1.0000001192092896,0.0,0.7078228937864921,0.7078228937864921,,,,1.0
32,hexane_hl_gap_eV,7,1.0000001192092896,0.0,0.7078228937864921,0.7078228937864921,,,,1.0
32,hexane_hl_gap_eV,8,1.0000001192092896,0.0,0.7078228937864921,0.7078228937864921,,,,1.0
32,hexane_hl_gap_eV,9,1.0000001192092896,0.0,0.7078228937864921,0.7078228937864921,,,,1.0
32,hexane_hl_gap_eV,10,1.0000001192092896,0.0,0.7078228937864921,0.7078228937864921,,,,1.0
32,hexane_hl_gap_eV,11,1.0000001192092896,0.0,0.7078228937864921,0.7078228937864921,,,,1.0
32,hexane_hl_gap_eV,12,1.0000001192092896,0.0,0.7078228937864921,0.7078228937864921,,,,1.0
32,hexane_hl_gap_eV,13,1.0000001192092896,0.0,0.7078228937864921,0.7078228937864921,,,,1.0
32,hexane_hl_gap_eV,14,1.0000001192092896,0.0,0.7078228937864921,0.7078228937864921,,,,1.0
32,hexane_hl_gap_eV,15,1.0000001192092896,0.0,0.7078228937864921,0.7078228937864921,,,,1.0
32,hexane_hl_gap_eV,16,1.0000001192092896,0.0,0.7078228937864921,0.7078228937864921,,,,1.0
32,hexane_hl_gap_eV,17,1.0000001192092896,0.0,0.7078228937864921,0.7078228937864921,,,,1.0
32,hexane_hl_gap_eV,18,1.0000001192092896,0.0,0.7078228937864921,0.7078228937864921,,,,1.0
32,hexane_hl_gap_eV,19,1.0000001192092896,0.0,0.7078228937864921,0.7078228937864921,,,,1.0
32,hexane_hl_gap_eV,20,1.0000001192092896,0.0,0.7078228937864921,0.7078228937864921,,,,1.0
32,hexane_hl_gap_eV,21,1.0000001192092896,0.0,0.7078228937864921,0.7078228937864921,,,,1.0
32,hexane_hl_gap_eV,22,1.0000001192092896,0.0,0.7078228937864921,0.7078228937864921,,,,1.0
32,hexane_hl_gap_eV,23,1.0000001192092896,0.0,0.7078228937864921,0.7078228937864921,,,,1.0
32,hexane_hl_gap_eV,24,1.0000001192092896,0.0,0.7078228937864921,0.7078228937864921,,,,1.0
32,hexane_hl_gap_eV,25,1.0000001192092896,0.0,0.7078228937864921,0.7078228937864921,,,,1.0
32,hexane_hl_gap_eV,26,1.0000001192092896,0.0,0.7078228937864921,0.7078228937864921,,,,1.0
32,hexane_hl_gap_eV,27,1.0000001192092896,0.0,0.7078228937864921,0.7078228937864921,,,,1.0
32,hexane_hl_gap_eV,28,1.0000001192092896,0.0,0.7078228937864921,0.7078228937864921,,,,1.0
32,hexane_hl_gap_eV,29,1.0000001192092896,0.0,0.7078228937864921,0.7078228937864921,,,,1.0
32,hexane_hl_gap_eV,30,1.0000001192092896,0.0,0.7078228937864921,0.7078228937864921,,,,1.0
32,hexane_hl_gap_eV,31,1.0000001192092896,0.0,0.7078228937864921,0.7078228937864921,,,,1.0
32,hexane_hl_gap_eV,32,1.0000001192092896,0.0,0.7078228937864921,0.7078228937864921,,,,1.0
32,hexane_hl_gap_eV,33,1.0000001192092896,0.0,0.7078228937864921,0.7078228937864921,,,,1.0
32,hexane_hl_gap_eV,34,1.0000001192092896,0.0,0.7078228937864921,0.7078228937864921,,,,1.0
32,hexane_hl_gap_eV,35,1.0000001192092896,0.0,0.7078228937864921,0.7078228937864921,,,,1.0
32,hexane_hl_gap_eV,36,1.0000001192092896,0.0,0.7078228937864921,0.7078228937864921,,,,1.0
32,hexane_hl_gap_eV,37,1.0000001192092896,0.0,0.7078228937864921,0.7078228937864921,,,,1.0
32,hexane_hl_gap_eV,38,1.0000001192092896,0.0,0.7078228937864921,0.7078228937864921,,,,1.0
32,hexane_hl_gap_eV,39,1.0000001192092896,0.0,0.7078228937864921,0.7078228937864921,,,,1.0
32,hexane_hl_gap_eV,40,1.0000001192092896,0.0,0.7078228937864921,0.7078228937864921,,,,1.0
32,hexane_hl_gap_eV,41,1.0000001192092896,0.0,0.7078228937864921,0.7078228937864921,,,,1.0
32,hexane_hl_gap_eV,42,1.0000001192092896,0.0,0.7078228937864921,0.7078228937864921,,,,1.0
32,hexane_hl_gap_eV,43,1.0000001192092896,0.0,0.7078228937864921,0.7078228937864921,,,,1.0
32,hexane_hl_gap_eV,44,1.0000001192092896,0.0,0.7078228937864921,0.7078228937864921,,,,1.0
32,hexane_hl_gap_eV,45,1.0000001192092896,0.0,0.7078228937864921,0.7078228937864921,,,,1.0
32,hexane_hl_gap_eV,46,1.0000001192092896,0.0,0.7078228937864921,0.7078228937864921,,,,1.0
32,hexane_hl_gap_eV,47,1.0000001192092896,0.0,0.7078228937864921,0.7078228937864921,,,,1.0
32,hexane_hl_gap_eV,48,1.0000001192092896,0.0,0.7078228937864921,0.7078228937864921,,,,1.0
32,hexane_hl_gap_eV,49,1.0000001192092896,0.0,0.7078228937864921,0.7078228937864921,,,,1.0
32,hexane_hl_gap_eV,50,1.0000001192092896,0.0,0.7078228937864921,0.7078228937864921,,,,1.0
32,hexane_hl_gap_eV,51,1.0000001192092896,0.0,0.7078228937864921,0.7078228937864921,,,,1.0
32,hexane_hl_gap_eV,52,1.0000001192092896,0.0,0.7078228937864921,0.7078228937864921,,,,1.0
32,hexane_hl_gap_eV,53,1.0000001192092896,0.0,0.7078228937864921,0.7078228937864921,,,,1.0
32,hexane_hl_gap_eV,54,1.0000001192092896,0.0,0.7078228937864921,0.7078228937864921,,,,1.0
32,hexane_hl_gap_eV,55,1.0000001192092896,0.0,0.7078228937864921,0.7078228937864921,,,,1.0
32,hexane_hl_gap_eV,56,1.0000001192092896,0.0,0.7078228937864921,0.7078228937864921,,,,1.0
32,hexane_hl_gap_eV,57,1.0000001192092896,0.0,0.7078228937864921,0.7078228937864921,,,,1.0
32,hexane_hl_gap_eV,58,1.0000001192092896,0.0,0.7078228937864921,0.7078228937864921,,,,1.0
32,hexane_hl_gap_eV,59,1.0000001192092896,0.0,0.7078228937864921,0.7078228937864921,,,,1.0
32,hexane_hl_gap_eV,60,1.0000001192092896,0.0,0.7078228937864921,0.7078228937864921,,,,1.0
32,hexane_hl_gap_eV,61,1.0000001192092896,0.0,0.7078228937864921,0.7078228937864921,,,,1.0
32,hexane_hl_gap_eV,62,1.0000001192092896,0.0,0.7078228937864921,0.7078228937864921,,,,1.0
32,hexane_hl_gap_eV,63,1.0000001192092896,0.0,0.7078228937864921,0.7078228937864921,,,,1.0
32,hexane_hl_gap_eV,64,1.0000001192092896,0.0,0.7078228937864921,0.7078228937864921,,,,1.0
32,hexane_hl_gap_eV,65,1.0000001192092896,0.0,0.7078228937864921,0.7078228937864921,,,,1.0
32,hexane_hl_gap_eV,66,1.0000001192092896,0.0,0.7078228937864921,0.7078228937864921,,,,1.0
32,hexane_hl_gap_eV,67,1.0000001192092896,0.0,0.7078228937864921,0.7078228937864921,,,,1.0
32,hexane_hl_gap_eV,68,1.0000001192092896,0.0,0.7078228937864921,0.7078228937864921,,,,1.0
32,hexane_hl_gap_eV,69,1.0000001192092896,0.0,0.7078228937864921,0.7078228937864921,,,,1.0
32,hexane_hl_gap_eV,70,1.0000001192092896,0.0,0.7078228937864921,0.7078228937864921,,,,1.0
32,hexane_hl_gap_eV,71,1.0000001192092896,0.0,0.7078228937864921,0.7078228937864921,,,,1.0
32,hexane_hl_gap_eV,72,1.0000001192092896,0.0,0.7078228937864921,0.7078228937864921,,,,1.0
32,hexane_hl_gap_eV,73,1.0000001192092896,0.0,0.7078228937864921,0.7078228937864921,,,,1.0
32,hexane_hl_gap_eV,74,1.0000001192092896,0.0,0.7078228937864921,0.7078228937864921,,,,1.0
32,hexane_hl_gap_eV,75,1.0000001192092896,0.0,0.7078228937864921,0.7078228937864921,,,,1.0
32,hexane_hl_gap_eV,76,1.0000001192092896,0.0,0.7078228937864921,0.7078228937864921,,,,1.0
32,hexane_hl_gap_eV,77,1.0000001192092896,0.0,0.7078228937864921,0.7078228937864921,,,,1.0
32,hexane_hl_gap_eV,78,1.0000001192092896,0.0,0.7078228937864921,0.7078228937864921,,,,1.0
32,hexane_hl_gap_eV,79,1.0000001192092896,0.0,0.7078228937864921,0.7078228937864921,,,,1.0
32,hexane_hl_gap_eV,80,1.0000001192092896,0.0,0.7078228937864921,0.7078228937864921,,,,1.0
32,hexane_hl_gap_eV,81,1.0000001192092896,0.0,0.7078228937864921,0.7078228937864921,,,,1.0
32,hexane_hl_gap_eV,82,1.0000001192092896,0.0,0.7078228937864921,0.7078228937864921,,,,1.0
32,hexane_hl_gap_eV,83,1.0000001192092896,0.0,0.7078228937864921,0.7078228937864921,,,,1.0
32,hexane_hl_gap_eV,84,1.0000001192092896,0.0,0.7078228937864921,0.7078228937864921,,,,1.0
32,hexane_hl_gap_eV,85,1.0000001192092896,0.0,0.7078228937864921,0.7078228937864921,,,,1.0
32,hexane_hl_gap_eV,86,1.0000001192092896,0.0,0.7078228937864921,0.7078228937864921,,,,1.0
32,hexane_hl_gap_eV,87,1.0000001192092896,0.0,0.7078228937864921,0.7078228937864921,,,,1.0
32,hexane_hl_gap_eV,88,1.0000001192092896,0.0,0.7078228937864921,0.7078228937864921,,,,1.0
32,hexane_hl_gap_eV,89,1.0000001192092896,0.0,0.7078228937864921,0.7078228937864921,,,,1.0
32,hexane_hl_gap_eV,90,1.0000001192092896,0.0,0.7078228937864921,0.7078228937864921,,,,1.0
32,hexane_hl_gap_eV,91,1.0000001192092896,0.0,0.7078228937864921,0.7078228937864921,,,,1.0
32,hexane_hl_gap_eV,92,1.0000001192092896,0.0,0.7078228937864921,0.7078228937864921,,,,1.0
32,hexane_hl_gap_eV,93,1.0000001192092896,0.0,0.7078228937864921,0.7078228937864921,,,,1.0
32,hexane_hl_gap_eV,94,1.0000001192092896,0.0,0.7078228937864921,0.7078228937864921,,,,1.0
32,hexane_hl_gap_eV,95,1.0000001192092896,0.0,0.7078228937864921,0.7078228937864921,,,,1.0
32,hexane_hl_gap_eV,96,1.0000001192092896,0.0,0.7078228937864921,0.7078228937864921,,,,1.0
32,hexane_hl_gap_eV,97,1.0000001192092896,0.0,0.7078228937864921,0.7078228937864921,,,,1.0
32,hexane_hl_gap_eV,98,1.0000001192092896,0.0,0.7078228937864921,0.7078228937864921,,,,1.0
32,hexane_hl_gap_eV,99,1.0000001192092896,0.0,0.7078228937864921,0.7078228937864921,,,,1.0
32,hexane_hl_gap_eV,100,1.0000001192092896,0.0,0.7078228937864921,0.7078228937864921,,,,1.0
32,hexane_hl_gap_eV,101,1.0000001192092896,0.0,0.7078228937864921,0.7078228937864921,,,,1.0
32,hexane_hl_gap_eV,102,1.0000001192092896,0.0,0.7078228937864921,0.7078228937864921,,,,1.0
32,hexane_hl_gap_eV,103,1.0000001192092896,0.0,0.7078228937864921,0.7078228937864921,,,,1.0
32,hexane_hl_gap_eV,104,1.0000001192092896,0.0,0.7078228937864921,0.7078228937864921,,,,1.0
32,hexane_hl_gap_eV,105,1.0000001192092896,0.0,0.7078228937864921,0.7078228937864921,,,,1.0
32,hexane_hl_gap_eV,106,1.0000001192092896,0.0,0.7078228937864921,0.7078228937864921,,,,1.0
32,hexane_hl_gap_eV,107,1.0000001192092896,0.0,0.7078228937864921,0.7078228937864921,,,,1.0
32,hexane_hl_gap_eV,108,1.0000001192092896,0.0,0.7078228937864921,0.7078228937864921,,,,1.0
32,hexane_hl_gap_eV,109,1.0000001192092896,0.0,0.7078228937864921,0.7078228937864921,,,,1.0
32,hexane_hl_gap_eV,110,1.0000001192092896,0.0,0.7078228937864921,0.7078228937864921,,,,1.0
32,hexane_hl_gap_eV,111,1.0000001192092896,0.0,0.7078228937864921,0.7078228937864921,,,,1.0
32,hexane_hl_gap_eV,112,1.0000001192092896,0.0,0.7078228937864921,0.7078228937864921,,,,1.0
32,hexane_hl_gap_eV,113,1.0000001192092896,0.0,0.7078228937864921,0.7078228937864921,,,,1.0
32,hexane_hl_gap_eV,114,1.0000001192092896,0.0,0.7078228937864921,0.7078228937864921,,,,1.0
32,hexane_hl_gap_eV,115,1.0000001192092896,0.0,0.7078228937864921,0.7078228937864921,,,,1.0
32,hexane_hl_gap_eV,116,1.0000001192092896,0.0,0.7078228937864921,0.7078228937864921,,,,1.0
32,hexane_hl_gap_eV,117,1.0000001192092896,0.0,0.7078228937864921,0.7078228937864921,,,,1.0
32,hexane_hl_gap_eV,118,1.0000001192092896,0.0,0.7078228937864921,0.7078228937864921,,,,1.0
32,hexane_hl_gap_eV,119,1.0000001192092896,0.0,0.7078228937864921,0.7078228937864921,,,,1.0
32,hexane_hl_gap_eV,120,1.0000001192092896,0.0,0.7078228937864921,0.7078228937864921,,,,1.0
32,hexane_hl_gap_eV,121,1.0000001192092896,0.0,0.7078228937864921,0.7078228937864921,,,,1.0
32,hexane_hl_gap_eV,122,1.0000001192092896,0.0,0.7078228937864921,0.7078228937864921,,,,1.0
32,hexane_hl_gap_eV,123,1.0000001192092896,0.0,0.7078228937864921,0.7078228937864921,,,,1.0
32,hexane_hl_gap_eV,124,1.0000001192092896,0.0,0.7078228937864921,0.7078228937864921,,,,1.0
32,hexane_hl_gap_eV,125,1.0000001192092896,0.0,0.7078228937864921,0.7078228937864921,,,,1.0
32,hexane_hl_gap_eV,126,1.0000001192092896,0.0,0.7078228937864921,0.7078228937864921,,,,1.0
32,hexane_hl_gap_eV,127,1.0000001192092896,0.0,0.7078228937864921,0.7078228937864921,,,,1.0
32,hexane_hl_gap_eV,128,1.0000001192092896,0.0,0.7078228937864921,0.7078228937864921,,,,1.0
32,hexane_hl_gap_eV,129,1.0000001192092896,0.0,0.7078228937864921,0.7078228937864921,,,,1.0
32,hexane_hl_gap_eV,130,1.0000001192092896,0.0,0.7078228937864921,0.7078228937864921,,,,1.0
32,hexane_hl_gap_eV,131,1.0000001192092896,0.0,0.7078228937864921,0.7078228937864921,,,,1.0
32,hexane_hl_gap_eV,132,1.0000001192092896,0.0,0.7078228937864921,0.7078228937864921,,,,1.0
32,hexane_hl_gap_eV,133,1.0000001192092896,0.0,0.7078228937864921,0.7078228937864921,,,,1.0
32,hexane_hl_gap_eV,134,1.0000001192092896,0.0,0.7078228937864921,0.7078228937864921,,,,1.0
32,hexane_hl_gap_eV,135,1.0000001192092896,0.0,0.7078228937864921,0.7078228937864921,,,,1.0
32,hexane_hl_gap_eV,136,1.0000001192092896,0.0,0.7078228937864921,0.7078228937864921,,,,1.0
32,hexane_hl_gap_eV,137,1.0000001192092896,0.0,0.7078228937864921,0.7078228937864921,,,,1.0
32,hexane_hl_gap_eV,138,1.0000001192092896,0.0,0.7078228937864921,0.7078228937864921,,,,1.0
32,hexane_hl_gap_eV,139,1.0000001192092896,0.0,0.7078228937864921,0.7078228937864921,,,,1.0
32,hexane_hl_gap_eV,140,1.0000001192092896,0.0,0.7078228937864921,0.7078228937864921,,,,1.0
32,hexane_hl_gap_eV,141,1.0000001192092896,0.0,0.7078228937864921,0.7078228937864921,,,,1.0
32,hexane_hl_gap_eV,142,1.0000001192092896,0.0,0.7078228937864921,0.7078228937864921,,,,1.0
32,hexane_hl_gap_eV,143,1.0000001192092896,0.0,0.7078228937864921,0.7078228937864921,,,,1.0
32,hexane_hl_gap_eV,144,1.0000001192092896,0.0,0.7078228937864921,0.7078228937864921,,,,1.0
32,hexane_hl_gap_eV,145,1.0000001192092896,0.0,0.7078228937864921,0.7078228937864921,,,,1.0
32,hexane_hl_gap_eV,146,1.0000001192092896,0.0,0.7078228937864921,0.7078228937864921,,,,1.0
32,hexane_hl_gap_eV,147,1.0000001192092896,0.0,0.7078228937864921,0.7078228937864921,,,,1.0
32,hexane_hl_gap_eV,148,1.0000001192092896,0.0,0.7078228937864921,0.7078228937864921,,,,1.0
32,hexane_hl_gap_eV,149,1.0000001192092896,0.0,0.7078228937864921,0.7078228937864921,,,,1.0
32,hexane_hl_gap_eV,150,1.0000001192092896,0.0,0.7078228937864921,0.7078228937864921,,,,1.0
32,hexane_hl_gap_eV,151,1.0000001192092896,0.0,0.7078228937864921,0.7078228937864921,,,,1.0
32,hexane_hl_gap_eV,152,1.0000001192092896,0.0,0.7078228937864921,0.7078228937864921,,,,1.0
32,hexane_hl_gap_eV,153,1.0000001192092896,0.0,0.7078228937864921,0.7078228937864921,,,,1.0
32,hexane_hl_gap_eV,154,1.0000001192092896,0.0,0.7078228937864921,0.7078228937864921,,,,1.0
32,hexane_hl_gap_eV,155,1.0000001192092896,0.0,0.7078228937864921,0.7078228937864921,,,,1.0
32,hexane_hl_gap_eV,156,1.0000001192092896,0.0,0.7078228937864921,0.7078228937864921,,,,1.0
32,hexane_hl_gap_eV,157,1.0000001192092896,0.0,0.7078228937864921,0.7078228937864921,,,,1.0
32,hexane_hl_gap_eV,158,1.0000001192092896,0.0,0.7078228937864921,0.7078228937864921,,,,1.0
32,hexane_hl_gap_eV,159,1.0000001192092896,0.0,0.7078228937864921,0.7078228937864921,,,,1.0
32,hexane_hl_gap_eV,160,1.0000001192092896,0.0,0.7078228937864921,0.7078228937864921,,,,1.0
32,hexane_hl_gap_eV,161,1.0000001192092896,0.0,0.7078228937864921,0.7078228937864921,,,,1.0
32,hexane_hl_gap_eV,162,1.0000001192092896,0.0,0.7078228937864921,0.7078228937864921,,,,1.0
32,hexane_hl_gap_eV,163,1.0000001192092896,0.0,0.7078228937864921,0.7078228937864921,,,,1.0
32,hexane_hl_gap_eV,164,1.0000001192092896,0.0,0.7078228937864921,0.7078228937864921,,,,1.0
32,hexane_hl_gap_eV,165,1.0000001192092896,0.0,0.7078228937864921,0.7078228937864921,,,,1.0
32,hexane_hl_gap_eV,166,1.0000001192092896,0.0,0.7078228937864921,0.7078228937864921,,,,1.0
32,hexane_hl_gap_eV,167,1.0000001192092896,0.0,0.7078228937864921,0.7078228937864921,,,,1.0
32,hexane_hl_gap_eV,168,1.0000001192092896,0.0,0.7078228937864921,0.7078228937864921,,,,1.0
32,hexane_hl_gap_eV,169,1.0000001192092896,0.0,0.7078228937864921,0.7078228937864921,,,,1.0
32,hexane_hl_gap_eV,170,1.0000001192092896,0.0,0.7078228937864921,0.7078228937864921,,,,1.0
32,hexane_hl_gap_eV,171,1.0000001192092896,0.0,0.7078228937864921,0.7078228937864921,,,,1.0
32,hexane_hl_gap_eV,172,1.0000001192092896,0.0,0.7078228937864921,0.7078228937864921,,,,1.0
32,hexane_hl_gap_eV,173,1.0000001192092896,0.0,0.7078228937864921,0.7078228937864921,,,,1.0
32,hexane_hl_gap_eV,174,1.0000001192092896,0.0,0.7078228937864921,0.7078228937864921,,,,1.0
32,hexane_hl_gap_eV,175,1.0000001192092896,0.0,0.7078228937864921,0.7078228937864921,,,,1.0
32,hexane_hl_gap_eV,176,1.0000001192092896,0.0,0.7078228937864921,0.7078228937864921,,,,1.0
32,hexane_hl_gap_eV,177,1.0000001192092896,0.0,0.7078228937864921,0.7078228937864921,,,,1.0
32,hexane_hl_gap_eV,178,1.0000001192092896,0.0,0.7078228937864921,0.7078228937864921,,,,1.0
32,hexane_hl_gap_eV,179,1.0000001192092896,0.0,0.7078228937864921,0.7078228937864921,,,,1.0
32,hexane_hl_gap_eV,180,1.0000001192092896,0.0,0.7078228937864921,0.7078228937864921,,,,1.0
32,hexane_hl_gap_eV,181,1.0000001192092896,0.0,0.7078228937864921,0.7078228937864921,,,,1.0
32,hexane_hl_gap_eV,182,1.0000001192092896,0.0,0.7078228937864921,0.7078228937864921,,,,1.0
32,hexane_hl_gap_eV,183,1.0000001192092896,0.0,0.7078228937864921,0.7078228937864921,,,,1.0
32,hexane_hl_gap_eV,184,1.0000001192092896,0.0,0.7078228937864921,0.7078228937864921,,,,1.0
32,hexane_hl_gap_eV,185,1.0000001192092896,0.0,0.7078228937864921,0.7078228937864921,,,,1.0
32,hexane_hl_gap_eV,186,1.0000001192092896,0.0,0.7078228937864921,0.7078228937864921,,,,1.0
32,hexane_hl_gap_eV,187,1.0000001192092896,0.0,0.7078228937864921,0.7078228937864921,,,,1.0
32,hexane_hl_gap_eV,188,1.0000001192092896,0.0,0.7078228937864921,0.7078228937864921,,,,1.0
32,hexane_hl_gap_eV,189,1.0000001192092896,0.0,0.7078228937864921,0.7078228937864921,,,,1.0
32,hexane_hl_gap_eV,190,1.0000001192092896,0.0,0.7078228937864921,0.7078228937864921,,,,1.0
32,hexane_hl_gap_eV,191,1.0000001192092896,0.0,0.7078228937864921,0.7078228937864921,,,,1.0
32,hexane_hl_gap_eV,192,1.0000001192092896,0.0,0.7078228937864921,0.7078228937864921,,,,1.0
32,hexane_hl_gap_eV,193,1.0000001192092896,0.0,0.7078228937864921,0.7078228937864921,,,,1.0
32,hexane_hl_gap_eV,194,1.0000001192092896,0.0,0.7078228937864921,0.7078228937864921,,,,1.0
32,hexane_hl_gap_eV,195,1.0000001192092896,0.0,0.7078228937864921,0.7078228937864921,,,,1.0
32,hexane_hl_gap_eV,196,1.0000001192092896,0.0,0.7078228937864921,0.7078228937864921,,,,1.0
32,hexane_hl_gap_eV,197,1.0000001192092896,0.0,0.7078228937864921,0.7078228937864921,,,,1.0
32,hexane_hl_gap_eV,198,1.0000001192092896,0.0,0.7078228937864921,0.7078228937864921,,,,1.0
32,hexane_hl_gap_eV,199,1.0000001192092896,0.0,0.7078228937864921,0.7078228937864921,,,,1.0
32,hexane_hl_gap_eV,200,1.0000001192092896,0.0,0.7078228937864921,0.7078228937864921,,,,1.0
32,hexane_hl_gap_eV,201,1.0000001192092896,0.0,0.7078228937864921,0.7078228937864921,,,,1.0
32,hexane_hl_gap_eV,202,1.0000001192092896,0.0,0.7078228937864921,0.7078228937864921,,,,1.0
32,hexane_hl_gap_eV,203,1.0000001192092896,0.0,0.7078228937864921,0.7078228937864921,,,,1.0
32,hexane_hl_gap_eV,204,1.0000001192092896,0.0,0.7078228937864921,0.7078228937864921,,,,1.0
32,hexane_hl_gap_eV,205,1.0000001192092896,0.0,0.7078228937864921,0.7078228937864921,,,,1.0
32,hexane_hl_gap_eV,206,1.0000001192092896,0.0,0.7078228937864921,0.7078228937864921,,,,1.0
32,hexane_hl_gap_eV,207,1.0000001192092896,0.0,0.7078228937864921,0.7078228937864921,,,,1.0
32,hexane_hl_gap_eV,208,1.0000001192092896,0.0,0.7078228937864921,0.7078228937864921,,,,1.0
32,hexane_hl_gap_eV,209,1.0000001192092896,0.0,0.7078228937864921,0.7078228937864921,,,,1.0
32,hexane_hl_gap_eV,210,1.0000001192092896,0.0,0.7078228937864921,0.7078228937864921,,,,1.0
32,hexane_hl_gap_eV,211,1.0000001192092896,0.0,0.7078228937864921,0.7078228937864921,,,,1.0
32,hexane_hl_gap_eV,212,1.0000001192092896,0.0,0.7078228937864921,0.7078228937864921,,,,1.0
32,hexane_hl_gap_eV,213,1.0000001192092896,0.0,0.7078228937864921,0.7078228937864921,,,,1.0
32,hexane_hl_gap_eV,214,1.0000001192092896,0.0,0.7078228937864921,0.7078228937864921,,,,1.0
32,hexane_hl_gap_eV,215,1.0000001192092896,0.0,0.7078228937864921,0.7078228937864921,,,,1.0
32,hexane_hl_gap_eV,216,1.0000001192092896,0.0,0.7078228937864921,0.7078228937864921,,,,1.0
32,hexane_hl_gap_eV,217,1.0000001192092896,0.0,0.7078228937864921,0.7078228937864921,,,,1.0
32,hexane_hl_gap_eV,218,1.0000001192092896,0.0,0.7078228937864921,0.7078228937864921,,,,1.0
32,hexane_hl_gap_eV,219,1.0000001192092896,0.0,0.7078228937864921,0.7078228937864921,,,,1.0
32,hexane_hl_gap_eV,220,1.0000001192092896,0.0,0.7078228937864921,0.7078228937864921,,,,1.0
32,hexane_hl_gap_eV,221,1.0000001192092896,0.0,0.7078228937864921,0.7078228937864921,,,,1.0
32,hexane_hl_gap_eV,222,1.0000001192092896,0.0,0.7078228937864921,0.7078228937864921,,,,1.0
32,hexane_hl_gap_eV,223,1.0000001192092896,0.0,0.7078228937864921,0.7078228937864921,,,,1.0
32,hexane_hl_gap_eV,224,1.0000001192092896,0.0,0.7078228937864921,0.7078228937864921,,,,1.0
32,hexane_hl_gap_eV,225,1.0000001192092896,0.0,0.7078228937864921,0.7078228937864921,,,,1.0
32,hexane_hl_gap_eV,226,1.0000001192092896,0.0,0.7078228937864921,0.7078228937864921,,,,1.0
32,hexane_hl_gap_eV,227,1.0000001192092896,0.0,0.7078228937864921,0.7078228937864921,,,,1.0
32,hexane_hl_gap_eV,228,1.0000001192092896,0.0,0.7078228937864921,0.7078228937864921,,,,1.0
32,hexane_hl_gap_eV,229,1.0000001192092896,0.0,0.7078228937864921,0.7078228937864921,,,,1.0
32,hexane_hl_gap_eV,230,1.0000001192092896,0.0,0.7078228937864921,0.7078228937864921,,,,1.0
32,hexane_hl_gap_eV,231,1.0000001192092896,0.0,0.7078228937864921,0.7078228937864921,,,,1.0
32,hexane_hl_gap_eV,232,1.0000001192092896,0.0,0.7078228937864921,0.7078228937864921,,,,1.0
32,hexane_hl_gap_eV,233,1.0000001192092896,0.0,0.7078228937864921,0.7078228937864921,,,,1.0
32,hexane_hl_gap_eV,234,1.0000001192092896,0.0,0.7078228937864921,0.7078228937864921,,,,1.0
32,hexane_hl_gap_eV,235,1.0000001192092896,0.0,0.7078228937864921,0.7078228937864921,,,,1.0
32,hexane_hl_gap_eV,236,1.0000001192092896,0.0,0.7078228937864921,0.7078228937864921,,,,1.0
32,hexane_hl_gap_eV,237,1.0000001192092896,0.0,0.7078228937864921,0.7078228937864921,,,,1.0
32,hexane_hl_gap_eV,238,1.0000001192092896,0.0,0.7078228937864921,0.7078228937864921,,,,1.0
32,hexane_hl_gap_eV,239,1.0000001192092896,0.0,0.7078228937864921,0.7078228937864921,,,,1.0
32,hexane_hl_gap_eV,240,1.0000001192092896,0.0,0.7078228937864921,0.7078228937864921,,,,1.0
32,hexane_hl_gap_eV,241,1.0000001192092896,0.0,0.7078228937864921,0.7078228937864921,,,,1.0
32,hexane_hl_gap_eV,242,1.0000001192092896,0.0,0.7078228937864921,0.7078228937864921,,,,1.0
32,hexane_hl_gap_eV,243,1.0000001192092896,0.0,0.7078228937864921,0.7078228937864921,,,,1.0
32,hexane_hl_gap_eV,244,1.0000001192092896,0.0,0.7078228937864921,0.7078228937864921,,,,1.0
32,hexane_hl_gap_eV,245,1.0000001192092896,0.0,0.7078228937864921,0.7078228937864921,,,,1.0
32,hexane_hl_gap_eV,246,1.0000001192092896,0.0,0.7078228937864921,0.7078228937864921,,,,1.0
32,hexane_hl_gap_eV,247,1.0000001192092896,0.0,0.7078228937864921,0.7078228937864921,,,,1.0
32,hexane_hl_gap_eV,248,1.0000001192092896,0.0,0.7078228937864921,0.7078228937864921,,,,1.0
32,hexane_hl_gap_eV,249,1.0000001192092896,0.0,0.7078228937864921,0.7078228937864921,,,,1.0
32,hexane_dipole,0,1.0,0.0,0.5842953873507535,0.5842953873507535,,,,1.0
32,hexane_dipole,1,1.0,0.0,0.5842953873507535,0.5842953873507535,,,,1.0
32,hexane_dipole,2,1.0,0.0,0.5842953873507535,0.5842953873507535,,,,1.0
32,hexane_dipole,3,1.0,0.0,0.5842953873507535,0.5842953873507535,,,,1.0
32,hexane_dipole,4,1.0,0.0,0.5842953873507535,0.5842953873507535,,,,1.0
32,hexane_dipole,5,1.0,0.0,0.5842953873507535,0.5842953873507535,,,,1.0
32,hexane_dipole,6,1.0,0.0,0.5842953873507535,0.5842953873507535,,,,1.0
32,hexane_dipole,7,1.0,0.0,0.5842953873507535,0.5842953873507535,,,,1.0
32,hexane_dipole,8,1.0,0.0,0.5842953873507535,0.5842953873507535,,,,1.0
32,hexane_dipole,9,1.0,0.0,0.5842953873507535,0.5842953873507535,,,,1.0
32,hexane_dipole,10,1.0,0.0,0.5842953873507535,0.5842953873507535,,,,1.0
32,hexane_dipole,11,1.0,0.0,0.5842953873507535,0.5842953873507535,,,,1.0
32,hexane_dipole,12,1.0,0.0,0.5842953873507535,0.5842953873507535,,,,1.0
32,hexane_dipole,13,1.0,0.0,0.5842953873507535,0.5842953873507535,,,,1.0
32,hexane_dipole,14,1.0,0.0,0.5842953873507535,0.5842953873507535,,,,1.0
32,hexane_dipole,15,1.0,0.0,0.5842953873507535,0.5842953873507535,,,,1.0
32,hexane_dipole,16,1.0,0.0,0.5842953873507535,0.5842953873507535,,,,1.0
32,hexane_dipole,17,1.0,0.0,0.5842953873507535,0.5842953873507535,,,,1.0
32,hexane_dipole,18,1.0,0.0,0.5842953873507535,0.5842953873507535,,,,1.0
32,hexane_dipole,19,1.0,0.0,0.5842953873507535,0.5842953873507535,,,,1.0
32,hexane_dipole,20,1.0,0.0,0.5842953873507535,0.5842953873507535,,,,1.0
32,hexane_dipole,21,1.0,0.0,0.5842953873507535,0.5842953873507535,,,,1.0
32,hexane_dipole,22,1.0,0.0,0.5842953873507535,0.5842953873507535,,,,1.0
32,hexane_dipole,23,1.0,0.0,0.5842953873507535,0.5842953873507535,,,,1.0
32,hexane_dipole,24,1.0,0.0,0.5842953873507535,0.5842953873507535,,,,1.0
32,hexane_dipole,25,1.0,0.0,0.5842953873507535,0.5842953873507535,,,,1.0
32,hexane_dipole,26,1.0,0.0,0.5842953873507535,0.5842953873507535,,,,1.0
32,hexane_dipole,27,1.0,0.0,0.5842953873507535,0.5842953873507535,,,,1.0
32,hexane_dipole,28,1.0,0.0,0.5842953873507535,0.5842953873507535,,,,1.0
32,hexane_dipole,29,1.0,0.0,0.5842953873507535,0.5842953873507535,,,,1.0
32,hexane_dipole,30,1.0,0.0,0.5842953873507535,0.5842953873507535,,,,1.0
32,hexane_dipole,31,1.0,0.0,0.5842953873507535,0.5842953873507535,,,,1.0
32,hexane_dipole,32,1.0,0.0,0.5842953873507535,0.5842953873507535,,,,1.0
32,hexane_dipole,33,1.0,0.0,0.5842953873507535,0.5842953873507535,,,,1.0
32,hexane_dipole,34,1.0,0.0,0.5842953873507535,0.5842953873507535,,,,1.0
32,hexane_dipole,35,1.0,0.0,0.5842953873507535,0.5842953873507535,,,,1.0
32,hexane_dipole,36,1.0,0.0,0.5842953873507535,0.5842953873507535,,,,1.0
32,hexane_dipole,37,1.0,0.0,0.5842953873507535,0.5842953873507535,,,,1.0
32,hexane_dipole,38,1.0,0.0,0.5842953873507535,0.5842953873507535,,,,1.0
32,hexane_dipole,39,1.0,0.0,0.5842953873507535,0.5842953873507535,,,,1.0
32,hexane_dipole,40,1.0,0.0,0.5842953873507535,0.5842953873507535,,,,1.0
32,hexane_dipole,41,1.0,0.0,0.5842953873507535,0.5842953873507535,,,,1.0
32,hexane_dipole,42,1.0,0.0,0.5842953873507535,0.5842953873507535,,,,1.0
32,hexane_dipole,43,1.0,0.0,0.5842953873507535,0.5842953873507535,,,,1.0
32,hexane_dipole,44,1.0,0.0,0.5842953873507535,0.5842953873507535,,,,1.0
32,hexane_dipole,45,1.0,0.0,0.5842953873507535,0.5842953873507535,,,,1.0
32,hexane_dipole,46,1.0,0.0,0.5842953873507535,0.5842953873507535,,,,1.0
32,hexane_dipole,47,1.0,0.0,0.5842953873507535,0.5842953873507535,,,,1.0
32,hexane_dipole,48,1.0,0.0,0.5842953873507535,0.5842953873507535,,,,1.0
32,hexane_dipole,49,1.0,0.0,0.5842953873507535,0.5842953873507535,,,,1.0
32,hexane_dipole,50,1.0,0.0,0.5842953873507535,0.5842953873507535,,,,1.0
32,hexane_dipole,51,1.0,0.0,0.5842953873507535,0.5842953873507535,,,,1.0
32,hexane_dipole,52,1.0,0.0,0.5842953873507535,0.5842953873507535,,,,1.0
32,hexane_dipole,53,1.0,0.0,0.5842953873507535,0.5842953873507535,,,,1.0
32,hexane_dipole,54,1.0,0.0,0.5842953873507535,0.5842953873507535,,,,1.0
32,hexane_dipole,55,1.0,0.0,0.5842953873507535,0.5842953873507535,,,,1.0
32,hexane_dipole,56,1.0,0.0,0.5842953873507535,0.5842953873507535,,,,1.0
32,hexane_dipole,57,1.0,0.0,0.5842953873507535,0.5842953873507535,,,,1.0
32,hexane_dipole,58,1.0,0.0,0.5842953873507535,0.5842953873507535,,,,1.0
32,hexane_dipole,59,1.0,0.0,0.5842953873507535,0.5842953873507535,,,,1.0
32,hexane_dipole,60,1.0,0.0,0.5842953873507535,0.5842953873507535,,,,1.0
32,hexane_dipole,61,1.0,0.0,0.5842953873507535,0.5842953873507535,,,,1.0
32,hexane_dipole,62,1.0,0.0,0.5842953873507535,0.5842953873507535,,,,1.0
32,hexane_dipole,63,1.0,0.0,0.5842953873507535,0.5842953873507535,,,,1.0
32,hexane_dipole,64,1.0,0.0,0.5842953873507535,0.5842953873507535,,,,1.0
32,hexane_dipole,65,1.0,0.0,0.5842953873507535,0.5842953873507535,,,,1.0
32,hexane_dipole,66,1.0,0.0,0.5842953873507535,0.5842953873507535,,,,1.0
32,hexane_dipole,67,1.0,0.0,0.5842953873507535,0.5842953873507535,,,,1.0
32,hexane_dipole,68,1.0,0.0,0.5842953873507535,0.5842953873507535,,,,1.0
32,hexane_dipole,69,1.0,0.0,0.5842953873507535,0.5842953873507535,,,,1.0
32,hexane_dipole,70,1.0,0.0,0.5842953873507535,0.5842953873507535,,,,1.0
32,hexane_dipole,71,1.0,0.0,0.5842953873507535,0.5842953873507535,,,,1.0
32,hexane_dipole,72,1.0,0.0,0.5842953873507535,0.5842953873507535,,,,1.0
32,hexane_dipole,73,1.0,0.0,0.5842953873507535,0.5842953873507535,,,,1.0
32,hexane_dipole,74,1.0,0.0,0.5842953873507535,0.5842953873507535,,,,1.0
32,hexane_dipole,75,1.0,0.0,0.5842953873507535,0.5842953873507535,,,,1.0
32,hexane_dipole,76,1.0,0.0,0.5842953873507535,0.5842953873507535,,,,1.0
32,hexane_dipole,77,1.0,0.0,0.5842953873507535,0.5842953873507535,,,,1.0
32,hexane_dipole,78,1.0,0.0,0.5842953873507535,0.5842953873507535,,,,1.0
32,hexane_dipole,79,1.0,0.0,0.5842953873507535,0.5842953873507535,,,,1.0
32,hexane_dipole,80,1.0,0.0,0.5842953873507535,0.5842953873507535,,,,1.0
32,hexane_dipole,81,1.0,0.0,0.5842953873507535,0.5842953873507535,,,,1.0
32,hexane_dipole,82,1.0,0.0,0.5842953873507535,0.5842953873507535,,,,1.0
32,hexane_dipole,83,1.0,0.0,0.5842953873507535,0.5842953873507535,,,,1.0
32,hexane_dipole,84,1.0,0.0,0.5842953873507535,0.5842953873507535,,,,1.0
32,hexane_dipole,85,1.0,0.0,0.5842953873507535,0.5842953873507535,,,,1.0
32,hexane_dipole,86,1.0,0.0,0.5842953873507535,0.5842953873507535,,,,1.0
32,hexane_dipole,87,1.0,0.0,0.5842953873507535,0.5842953873507535,,,,1.0
32,hexane_dipole,88,1.0,0.0,0.5842953873507535,0.5842953873507535,,,,1.0
32,hexane_dipole,89,1.0,0.0,0.5842953873507535,0.5842953873507535,,,,1.0
32,hexane_dipole,90,1.0,0.0,0.5842953873507535,0.5842953873507535,,,,1.0
32,hexane_dipole,91,1.0,0.0,0.5842953873507535,0.5842953873507535,,,,1.0
32,hexane_dipole,92,1.0,0.0,0.5842953873507535,0.5842953873507535,,,,1.0
32,hexane_dipole,93,1.0,0.0,0.5842953873507535,0.5842953873507535,,,,1.0
32,hexane_dipole,94,1.0,0.0,0.5842953873507535,0.5842953873507535,,,,1.0
32,hexane_dipole,95,1.0,0.0,0.5842953873507535,0.5842953873507535,,,,1.0
32,hexane_dipole,96,1.0,0.0,0.5842953873507535,0.5842953873507535,,,,1.0
32,hexane_dipole,97,1.0,0.0,0.5842953873507535,0.5842953873507535,,,,1.0
32,hexane_dipole,98,1.0,0.0,0.5842953873507535,0.5842953873507535,,,,1.0
32,hexane_dipole,99,1.0,0.0,0.5842953873507535,0.5842953873507535,,,,1.0
32,hexane_dipole,100,1.0,0.0,0.5842953873507535,0.5842953873507535,,,,1.0
32,hexane_dipole,101,1.0,0.0,0.5842953873507535,0.5842953873507535,,,,1.0
32,hexane_dipole,102,1.0,0.0,0.5842953873507535,0.5842953873507535,,,,1.0
32,hexane_dipole,103,1.0,0.0,0.5842953873507535,0.5842953873507535,,,,1.0
32,hexane_dipole,104,1.0,0.0,0.5842953873507535,0.5842953873507535,,,,1.0
32,hexane_dipole,105,1.0,0.0,0.5842953873507535,0.5842953873507535,,,,1.0
32,hexane_dipole,106,1.0,0.0,0.5842953873507535,0.5842953873507535,,,,1.0
32,hexane_dipole,107,1.0,0.0,0.5842953873507535,0.5842953873507535,,,,1.0
32,hexane_dipole,108,1.0,0.0,0.5842953873507535,0.5842953873507535,,,,1.0
32,hexane_dipole,109,1.0,0.0,0.5842953873507535,0.5842953873507535,,,,1.0
32,hexane_dipole,110,1.0,0.0,0.5842953873507535,0.5842953873507535,,,,1.0
32,hexane_dipole,111,1.0,0.0,0.5842953873507535,0.5842953873507535,,,,1.0
32,hexane_dipole,112,1.0,0.0,0.5842953873507535,0.5842953873507535,,,,1.0
32,hexane_dipole,113,1.0,0.0,0.5842953873507535,0.5842953873507535,,,,1.0
32,hexane_dipole,114,1.0,0.0,0.5842953873507535,0.5842953873507535,,,,1.0
32,hexane_dipole,115,1.0,0.0,0.5842953873507535,0.5842953873507535,,,,1.0
32,hexane_dipole,116,1.0,0.0,0.5842953873507535,0.5842953873507535,,,,1.0
32,hexane_dipole,117,1.0,0.0,0.5842953873507535,0.5842953873507535,,,,1.0
32,hexane_dipole,118,1.0,0.0,0.5842953873507535,0.5842953873507535,,,,1.0
32,hexane_dipole,119,1.0,0.0,0.5842953873507535,0.5842953873507535,,,,1.0
32,hexane_dipole,120,1.0,0.0,0.5842953873507535,0.5842953873507535,,,,1.0
32,hexane_dipole,121,1.0,0.0,0.5842953873507535,0.5842953873507535,,,,1.0
32,hexane_dipole,122,1.0,0.0,0.5842953873507535,0.5842953873507535,,,,1.0
32,hexane_dipole,123,1.0,0.0,0.5842953873507535,0.5842953873507535,,,,1.0
32,hexane_dipole,124,1.0,0.0,0.5842953873507535,0.5842953873507535,,,,1.0
32,hexane_dipole,125,1.0,0.0,0.5842953873507535,0.5842953873507535,,,,1.0
32,hexane_dipole,126,1.0,0.0,0.5842953873507535,0.5842953873507535,,,,1.0
32,hexane_dipole,127,1.0,0.0,0.5842953873507535,0.5842953873507535,,,,1.0
32,hexane_dipole,128,1.0,0.0,0.5842953873507535,0.5842953873507535,,,,1.0
32,hexane_dipole,129,1.0,0.0,0.5842953873507535,0.5842953873507535,,,,1.0
32,hexane_dipole,130,1.0,0.0,0.5842953873507535,0.5842953873507535,,,,1.0
32,hexane_dipole,131,1.0,0.0,0.5842953873507535,0.5842953873507535,,,,1.0
32,hexane_dipole,132,1.0,0.0,0.5842953873507535,0.5842953873507535,,,,1.0
32,hexane_dipole,133,1.0,0.0,0.5842953873507535,0.5842953873507535,,,,1.0
32,hexane_dipole,134,1.0,0.0,0.5842953873507535,0.5842953873507535,,,,1.0
32,hexane_dipole,135,1.0,0.0,0.5842953873507535,0.5842953873507535,,,,1.0
32,hexane_dipole,136,1.0,0.0,0.5842953873507535,0.5842953873507535,,,,1.0
32,hexane_dipole,137,1.0,0.0,0.5842953873507535,0.5842953873507535,,,,1.0
32,hexane_dipole,138,1.0,0.0,0.5842953873507535,0.5842953873507535,,,,1.0
32,hexane_dipole,139,1.0,0.0,0.5842953873507535,0.5842953873507535,,,,1.0
32,hexane_dipole,140,1.0,0.0,0.5842953873507535,0.5842953873507535,,,,1.0
32,hexane_dipole,141,1.0,0.0,0.5842953873507535,0.5842953873507535,,,,1.0
32,hexane_dipole,142,1.0,0.0,0.5842953873507535,0.5842953873507535,,,,1.0
32,hexane_dipole,143,1.0,0.0,0.5842953873507535,0.5842953873507535,,,,1.0
32,hexane_dipole,144,1.0,0.0,0.5842953873507535,0.5842953873507535,,,,1.0
32,hexane_dipole,145,1.0,0.0,0.5842953873507535,0.5842953873507535,,,,1.0
32,hexane_dipole,146,1.0,0.0,0.5842953873507535,0.5842953873507535,,,,1.0
32,hexane_dipole,147,1.0,0.0,0.5842953873507535,0.5842953873507535,,,,1.0
32,hexane_dipole,148,1.0,0.0,0.5842953873507535,0.5842953873507535,,,,1.0
32,hexane_dipole,149,1.0,0.0,0.5842953873507535,0.5842953873507535,,,,1.0
32,hexane_dipole,150,1.0,0.0,0.5842953873507535,0.5842953873507535,,,,1.0
32,hexane_dipole,151,1.0,0.0,0.5842953873507535,0.5842953873507535,,,,1.0
32,hexane_dipole,152,1.0,0.0,0.5842953873507535,0.5842953873507535,,,,1.0
32,hexane_dipole,153,1.0,0.0,0.5842953873507535,0.5842953873507535,,,,1.0
32,hexane_dipole,154,1.0,0.0,0.5842953873507535,0.5842953873507535,,,,1.0
32,hexane_dipole,155,1.0,0.0,0.5842953873507535,0.5842953873507535,,,,1.0
32,hexane_dipole,156,1.0,0.0,0.5842953873507535,0.5842953873507535,,,,1.0
32,hexane_dipole,157,1.0,0.0,0.5842953873507535,0.5842953873507535,,,,1.0
32,hexane_dipole,158,1.0,0.0,0.5842953873507535,0.5842953873507535,,,,1.0
32,hexane_dipole,159,1.0,0.0,0.5842953873507535,0.5842953873507535,,,,1.0
32,hexane_dipole,160,1.0,0.0,0.5842953873507535,0.5842953873507535,,,,1.0
32,hexane_dipole,161,1.0,0.0,0.5842953873507535,0.5842953873507535,,,,1.0
32,hexane_dipole,162,1.0,0.0,0.5842953873507535,0.5842953873507535,,,,1.0
32,hexane_dipole,163,1.0,0.0,0.5842953873507535,0.5842953873507535,,,,1.0
32,hexane_dipole,164,1.0,0.0,0.5842953873507535,0.5842953873507535,,,,1.0
32,hexane_dipole,165,1.0,0.0,0.5842953873507535,0.5842953873507535,,,,1.0
32,hexane_dipole,166,1.0,0.0,0.5842953873507535,0.5842953873507535,,,,1.0
32,hexane_dipole,167,1.0,0.0,0.5842953873507535,0.5842953873507535,,,,1.0
32,hexane_dipole,168,1.0,0.0,0.5842953873507535,0.5842953873507535,,,,1.0
32,hexane_dipole,169,1.0,0.0,0.5842953873507535,0.5842953873507535,,,,1.0
32,hexane_dipole,170,1.0,0.0,0.5842953873507535,0.5842953873507535,,,,1.0
32,hexane_dipole,171,1.0,0.0,0.5842953873507535,0.5842953873507535,,,,1.0
32,hexane_dipole,172,1.0,0.0,0.5842953873507535,0.5842953873507535,,,,1.0
32,hexane_dipole,173,1.0,0.0,0.5842953873507535,0.5842953873507535,,,,1.0
32,hexane_dipole,174,1.0,0.0,0.5842953873507535,0.5842953873507535,,,,1.0
32,hexane_dipole,175,1.0,0.0,0.5842953873507535,0.5842953873507535,,,,1.0
32,hexane_dipole,176,1.0,0.0,0.5842953873507535,0.5842953873507535,,,,1.0
32,hexane_dipole,177,1.0,0.0,0.5842953873507535,0.5842953873507535,,,,1.0
32,hexane_dipole,178,1.0,0.0,0.5842953873507535,0.5842953873507535,,,,1.0
32,hexane_dipole,179,1.0,0.0,0.5842953873507535,0.5842953873507535,,,,1.0
32,hexane_dipole,180,1.0,0.0,0.5842953873507535,0.5842953873507535,,,,1.0
32,hexane_dipole,181,1.0,0.0,0.5842953873507535,0.5842953873507535,,,,1.0
32,hexane_dipole,182,1.0,0.0,0.5842953873507535,0.5842953873507535,,,,1.0
32,hexane_dipole,183,1.0,0.0,0.5842953873507535,0.5842953873507535,,,,1.0
32,hexane_dipole,184,1.0,0.0,0.5842953873507535,0.5842953873507535,,,,1.0
32,hexane_dipole,185,1.0,0.0,0.5842953873507535,0.5842953873507535,,,,1.0
32,hexane_dipole,186,1.0,0.0,0.5842953873507535,0.5842953873507535,,,,1.0
32,hexane_dipole,187,1.0,0.0,0.5842953873507535,0.5842953873507535,,,,1.0
32,hexane_dipole,188,1.0,0.0,0.5842953873507535,0.5842953873507535,,,,1.0
32,hexane_dipole,189,1.0,0.0,0.5842953873507535,0.5842953873507535,,,,1.0
32,hexane_dipole,190,1.0,0.0,0.5842953873507535,0.5842953873507535,,,,1.0
32,hexane_dipole,191,1.0,0.0,0.5842953873507535,0.5842953873507535,,,,1.0
32,hexane_dipole,192,1.0,0.0,0.5842953873507535,0.5842953873507535,,,,1.0
32,hexane_dipole,193,1.0,0.0,0.5842953873507535,0.5842953873507535,,,,1.0
32,hexane_dipole,194,1.0,0.0,0.5842953873507535,0.5842953873507535,,,,1.0
32,hexane_dipole,195,1.0,0.0,0.5842953873507535,0.5842953873507535,,,,1.0
32,hexane_dipole,196,1.0,0.0,0.5842953873507535,0.5842953873507535,,,,1.0
32,hexane_dipole,197,1.0,0.0,0.5842953873507535,0.5842953873507535,,,,1.0
32,hexane_dipole,198,1.0,0.0,0.5842953873507535,0.5842953873507535,,,,1.0
32,hexane_dipole,199,1.0,0.0,0.5842953873507535,0.5842953873507535,,,,1.0
32,hexane_dipole,200,1.0,0.0,0.5842953873507535,0.5842953873507535,,,,1.0
32,hexane_dipole,201,1.0,0.0,0.5842953873507535,0.5842953873507535,,,,1.0
32,hexane_dipole,202,1.0,0.0,0.5842953873507535,0.5842953873507535,,,,1.0
32,hexane_dipole,203,1.0,0.0,0.5842953873507535,0.5842953873507535,,,,1.0
32,hexane_dipole,204,1.0,0.0,0.5842953873507535,0.5842953873507535,,,,1.0
32,hexane_dipole,205,1.0,0.0,0.5842953873507535,0.5842953873507535,,,,1.0
32,hexane_dipole,206,1.0,0.0,0.5842953873507535,0.5842953873507535,,,,1.0
32,hexane_dipole,207,1.0,0.0,0.5842953873507535,0.5842953873507535,,,,1.0
32,hexane_dipole,208,1.0,0.0,0.5842953873507535,0.5842953873507535,,,,1.0
32,hexane_dipole,209,1.0,0.0,0.5842953873507535,0.5842953873507535,,,,1.0
32,hexane_dipole,210,1.0,0.0,0.5842953873507535,0.5842953873507535,,,,1.0
32,hexane_dipole,211,1.0,0.0,0.5842953873507535,0.5842953873507535,,,,1.0
32,hexane_dipole,212,1.0,0.0,0.5842953873507535,0.5842953873507535,,,,1.0
32,hexane_dipole,213,1.0,0.0,0.5842953873507535,0.5842953873507535,,,,1.0
32,hexane_dipole,214,1.0,0.0,0.5842953873507535,0.5842953873507535,,,,1.0
32,hexane_dipole,215,1.0,0.0,0.5842953873507535,0.5842953873507535,,,,1.0
32,hexane_dipole,216,1.0,0.0,0.5842953873507535,0.5842953873507535,,,,1.0
32,hexane_dipole,217,1.0,0.0,0.5842953873507535,0.5842953873507535,,,,1.0
32,hexane_dipole,218,1.0,0.0,0.5842953873507535,0.5842953873507535,,,,1.0
32,hexane_dipole,219,1.0,0.0,0.5842953873507535,0.5842953873507535,,,,1.0
32,hexane_dipole,220,1.0,0.0,0.5842953873507535,0.5842953873507535,,,,1.0
32,hexane_dipole,221,1.0,0.0,0.5842953873507535,0.5842953873507535,,,,1.0
32,hexane_dipole,222,1.0,0.0,0.5842953873507535,0.5842953873507535,,,,1.0
32,hexane_dipole,223,1.0,0.0,0.5842953873507535,0.5842953873507535,,,,1.0
32,hexane_dipole,224,1.0,0.0,0.5842953873507535,0.5842953873507535,,,,1.0
32,hexane_dipole,225,1.0,0.0,0.5842953873507535,0.5842953873507535,,,,1.0
32,hexane_dipole,226,1.0,0.0,0.5842953873507535,0.5842953873507535,,,,1.0
32,hexane_dipole,227,1.0,0.0,0.5842953873507535,0.5842953873507535,,,,1.0
32,hexane_dipole,228,1.0,0.0,0.5842953873507535,0.5842953873507535,,,,1.0
32,hexane_dipole,229,1.0,0.0,0.5842953873507535,0.5842953873507535,,,,1.0
32,hexane_dipole,230,1.0,0.0,0.5842953873507535,0.5842953873507535,,,,1.0
32,hexane_dipole,231,1.0,0.0,0.5842953873507535,0.5842953873507535,,,,1.0
32,hexane_dipole,232,1.0,0.0,0.5842953873507535,0.5842953873507535,,,,1.0
32,hexane_dipole,233,1.0,0.0,0.5842953873507535,0.5842953873507535,,,,1.0
32,hexane_dipole,234,1.0,0.0,0.5842953873507535,0.5842953873507535,,,,1.0
32,hexane_dipole,235,1.0,0.0,0.5842953873507535,0.5842953873507535,,,,1.0
32,hexane_dipole,236,1.0,0.0,0.5842953873507535,0.5842953873507535,,,,1.0
32,hexane_dipole,237,1.0,0.0,0.5842953873507535,0.5842953873507535,,,,1.0
32,hexane_dipole,238,1.0,0.0,0.5842953873507535,0.5842953873507535,,,,1.0
32,hexane_dipole,239,1.0,0.0,0.5842953873507535,0.5842953873507535,,,,1.0
32,hexane_dipole,240,1.0,0.0,0.5842953873507535,0.5842953873507535,,,,1.0
32,hexane_dipole,241,1.0,0.0,0.5842953873507535,0.5842953873507535,,,,1.0
32,hexane_dipole,242,1.0,0.0,0.5842953873507535,0.5842953873507535,,,,1.0
32,hexane_dipole,243,1.0,0.0,0.5842953873507535,0.5842953873507535,,,,1.0
32,hexane_dipole,244,1.0,0.0,0.5842953873507535,0.5842953873507535,,,,1.0
32,hexane_dipole,245,1.0,0.0,0.5842953873507535,0.5842953873507535,,,,1.0
32,hexane_dipole,246,1.0,0.0,0.5842953873507535,0.5842953873507535,,,,1.0
32,hexane_dipole,247,1.0,0.0,0.5842953873507535,0.5842953873507535,,,,1.0
32,hexane_dipole,248,1.0,0.0,0.5842953873507535,0.5842953873507535,,,,1.0
32,hexane_dipole,249,1.0,0.0,0.5842953873507535,0.5842953873507535,,,,1.0
33,sco_kcal,0,0.20363584160804749,0.6274462342262268,0.6433042939190836,0.9789012654063856,140.0253448486328,5.1050190925598145,0.03645782196129088,0.2
33,sco_kcal,1,0.07320232689380646,0.027044113725423813,0.6352890100021049,0.9599459679581517,5.947920799255371,0.07321276515722275,0.012308967726400857,0.04
33,sco_kcal,2,0.3970586657524109,0.024368610233068466,0.6406671777230495,0.9154518703260532,5.293844699859619,1.7296655178070068,0.32673144300075024,0.22
33,sco_kcal,3,0.10901859402656555,0.049119167029857635,0.6023655082733781,0.9479574753271984,9.81531047821045,0.4968867301940918,0.05062363857945789,0.04
33,sco_kcal,4,0.3155211806297302,0.024532433599233627,0.632531318108323,0.9346547082712857,5.301800727844238,1.4018528461456299,0.2644107008366639,0.14
33,sco_kcal,5,0.07559607177972794,0.012848110869526863,0.6405689258127705,0.9590242401740521,2.899325132369995,0.0991421639919281,0.03419491070009328,0.04
33,sco_kcal,6,0.10341943800449371,0.03585450351238251,0.6469090221496796,0.9311445689849502,8.130547523498535,0.24050945043563843,0.029580966071538116,0.02
33,sco_kcal,7,0.04805661737918854,0.036781761795282364,0.6372086756823581,0.9631829614351952,8.303059577941895,0.06242379918694496,0.007518168284951431,0.02
33,sco_kcal,8,0.4288630485534668,0.03232628479599953,0.6278981173574663,0.9256687883518031,6.867114067077637,2.1891348361968994,0.3187852735244437,0.34
33,sco_kcal,9,0.3688584268093109,0.01919708400964737,0.6314584738413418,0.9241388232418792,4.259335994720459,1.0931603908538818,0.25665042443443725,0.14
33,sco_kcal,10,0.05943785235285759,0.1808713674545288,0.6038966737746667,0.9449059536375668,36.19953918457031,0.6308643221855164,0.017427413066473947,0.04
33,sco_kcal,11,0.3169344663619995,0.016202358528971672,0.629301116140591,0.9266329529250044,3.6396138668060303,0.7434741854667664,0.20427281922607013,0.1
33,sco_kcal,12,0.3892005980014801,0.055311236530542374,0.6335897997706006,0.8881853317464561,11.72511100769043,4.441893577575684,0.3788359508632603,0.14
33,sco_kcal,13,0.2201695591211319,0.06620164960622787,0.6440394741406381,0.9835740235249886,14.934271812438965,0.6496126651763916,0.04349811449362533,0.14
33,sco_kcal,14,0.11438396573066711,0.14995166659355164,0.644023299697992,0.9495684472775077,33.79191207885742,0.7202747464179993,0.021315004156531685,0.06
33,sco_kcal,15,0.12105833739042282,0.03265559673309326,0.6205110757550365,0.973290360087294,6.906808376312256,0.08913221955299377,0.01290497936191246,0.08
33,sco_kcal,16,0.2648489475250244,0.04658523201942444,0.6453541703450183,0.9433660743937939,10.717193603515625,1.293980360031128,0.12073873141627822,0.12
33,sco_kcal,17,0.6008840799331665,0.02972305752336979,0.6484557458765896,0.9012772844829733,6.657224178314209,4.436259746551514,0.6663828087692393,0.26
33,sco_kcal,18,0.6730610728263855,0.019552525132894516,0.6716104058669694,0.8929550050478041,4.57295036315918,3.7016561031341553,0.8094678072510065,0.44
33,sco_kcal,19,0.22917677462100983,0.05196705833077431,0.6455945406357284,0.9581218292867297,11.64549732208252,1.0248386859893799,0.08800299872518556,0.22
33,sco_kcal,20,0.4736511707305908,0.04241017997264862,0.5921666803962169,0.8910656744466015,8.056829452514648,3.705925464630127,0.45997318007934945,0.32
33,sco_kcal,21,0.2216503769159317,0.022114025428891182,0.640236346766758,0.9376618037763866,4.974249362945557,0.572234034538269,0.11503927382510923,0.12
33,sco_kcal,22,0.38192251324653625,0.019292086362838745,0.6292783203737493,0.9172963570437054,4.245760917663574,1.5987063646316528,0.3765417779368073,0.1
33,sco_kcal,23,0.28290051221847534,0.01864580437541008,0.6463123046563042,0.9601984898769833,4.285846710205078,0.465946227312088,0.10871742710783804,0.16
33,sco_kcal,24,0.549927294254303,0.02566380985081196,0.6515623596247457,0.8811191588603562,5.81930685043335,3.18984317779541,0.5481483035316947,0.22
33,sco_kcal,25,0.2483927607536316,0.33550164103507996,0.6449931053412448,0.9845885627930604,74.79234313964844,1.4360640048980713,0.019200682110155663,0.2
33,sco_kcal,26,0.23030024766921997,0.5456371307373047,0.6419893582811913,0.9794136607446196,122.3036117553711,4.410796165466309,0.036064316516577474,0.22
33,sco_kcal,27,0.2118648886680603,0.028096189722418785,0.6436365087608771,0.9296491838281358,6.293783187866211,0.8014942407608032,0.12734697348742557,0.1
33,sco_kcal,28,0.28369033336639404,0.0205516517162323,0.6481684232522293,0.9432223166355311,4.725864887237549,0.7548434734344482,0.15972599544116114,0.16
33,sco_kcal,29,0.24544987082481384,0.03523533418774605,0.6447198495390662,0.9747844536803671,8.078468322753906,0.281928688287735,0.03489877994491251,0.12
33,sco_kcal,30,0.5610654950141907,0.02298114262521267,0.6850249003789142,0.8878010907966731,5.606482028961182,3.25301194190979,0.5802233780659307,0.34
33,sco_kcal,31,0.08189153671264648,0.040406014770269394,0.635343336537882,0.9622096952050261,8.942034721374512,0.07487236708402634,0.008373079440751427,0.06
33,sco_kcal,32,0.39478397369384766,0.017041021957993507,0.6360354964073673,0.9200761181393533,3.7769112586975098,0.9115902781486511,0.2413586700109598,0.2
33,sco_kcal,33,0.8783802390098572,0.013967462815344334,0.7155554990630506,0.9067853925013998,3.4410228729248047,5.336824893951416,1.5509414180136545,0.82
33,sco_kcal,34,0.45692554116249084,0.023926489055156708,0.6549431700969932,0.9443943964226527,5.55276346206665,1.5762853622436523,0.2838740337152744,0.36
33,sco_kcal,35,0.18299677968025208,0.11823071539402008,0.6147476988839764,0.9047466137073825,24.48402214050293,3.9994421005249023,0.16334906403751312,0.02
33,sco_kcal,36,0.3436795175075531,0.022163156419992447,0.6262655265254629,0.9103135460644991,4.842925071716309,1.2085634469985962,0.24955237363816726,0.12
33,sco_kcal,37,0.16791263222694397,0.017823990434408188,0.6464804613640387,0.965744921085421,4.07689905166626,0.09083541482686996,0.02228051606765805,0.14
33,sco_kcal,38,0.14452634751796722,0.015057137235999107,0.6334946563371233,0.9583507134757399,3.3535945415496826,0.09326248615980148,0.027809708360482143,0.02
33,sco_kcal,39,0.5641657114028931,0.023280374705791473,0.6373203812747077,0.8852453079213589,5.002976417541504,2.9662461280822754,0.5928962842363164,0.2
33,sco_kcal,40,0.13760364055633545,0.04817920923233032,0.625544382048205,0.9406315826051512,10.572598457336426,0.6195529699325562,0.05859987707209693,0.02
33,sco_kcal,41,0.24729087948799133,0.027016688138246536,0.6203897053888254,0.9147240005573609,5.705028057098389,1.210688829421997,0.2122143514992213,0.06
33,sco_kcal,42,0.05602612346410751,0.0218154639005661,0.6234735711213988,0.9562217165606341,4.683618068695068,0.09347180277109146,0.019957178702475674,0.02
33,sco_kcal,43,0.17755044996738434,0.036191873252391815,0.5999249668290665,0.9369862972859679,7.228973865509033,0.4534391462802887,0.06272524354303492,0.1
33,sco_kcal,44,0.4533267319202423,0.04867008328437805,0.641080936728927,0.9289647012817326,10.401413917541504,4.692623138427734,0.4511524275092872,0.42
33,sco_kcal,45,0.545304000377655,0.012497195042669773,0.656789399389972,0.9229501250155516,3.0623207092285156,1.2200117111206055,0.398394494555719,0.28
33,sco_kcal,46,0.3296720087528229,0.027357708662748337,0.6497223140820887,0.939114936881634,6.2145304679870605,0.844923198223114,0.1359592977418923,0.24
33,sco_kcal,47,0.1090419664978981,0.01644192449748516,0.647706525333869,0.9522737467436477,3.750047206878662,0.07284915447235107,0.019426196645931506,0.1
33,sco_kcal,48,0.19502903521060944,0.039235539734363556,0.593686850279787,0.930198830551185,7.649006366729736,0.807681679725647,0.10559301966837871,0.08
33,sco_kcal,49,0.1308022439479828,0.01987062208354473,0.5958673039471061,0.9433802369545354,3.964859962463379,0.22731082141399384,0.057331361905847734,0.04
33,sco_kcal,50,0.03301885724067688,0.1327146589756012,0.5909327164010982,0.9613162140040963,26.052093505859375,0.05142463743686676,0.00197391574021876,0.02
33,sco_kcal,51,0.20642396807670593,0.020858600735664368,0.6260049239777856,0.946166002715372,4.565638065338135,0.326028436422348,0.07140917255301578,0.14
33,sco_kcal,52,0.11500806361436844,0.028978969901800156,0.6499707994603807,0.9628624185557573,6.480768203735352,0.06406371295452118,0.00988520356546566,0.1
33,sco_kcal,53,0.10029758512973785,0.016958950087428093,0.6205351207143233,0.9407296356228927,3.610499858856201,0.14667968451976776,0.04062586629382547,0.04
33,sco_kcal,54,0.12875796854496002,0.012257487513124943,0.6443906345553609,0.954330124255824,2.787970781326294,0.18448729813098907,0.06617260818035717,0.02
33,sco_kcal,55,0.5106884837150574,0.025501471012830734,0.6454185141148301,0.8945402876426132,5.686357498168945,2.7382640838623047,0.4815497591813474,0.32
33,sco_kcal,56,0.40293166041374207,0.18412265181541443,0.66542916708406,0.97660207671903,45.32272720336914,3.1482861042022705,0.06946373924224572,0.38
33,sco_kcal,57,0.7930014133453369,0.014042224735021591,0.6974476362939337,0.9055363250506283,3.3177270889282227,3.647608757019043,1.099430019181411,0.74
33,sco_kcal,58,0.11854713410139084,0.05196494236588478,0.6466781580970569,0.9702568079319582,11.646927833557129,0.35334232449531555,0.030337813502824808,0.04
33,sco_kcal,59,0.13874703645706177,0.0201217420399189,0.6465593044150348,0.9558017676508024,4.557673931121826,0.171134352684021,0.03754861696345574,0.1
33,sco_kcal,60,0.22184187173843384,0.04421907663345337,0.617886811668604,0.9308638721747027,9.133295059204102,1.4656455516815186,0.16047281317212134,0.12
33,sco_kcal,61,0.7272754311561584,0.02485591731965542,0.644199239605485,0.8963366443340393,5.266704559326172,5.067452907562256,0.9621676800892343,0.54
33,sco_kcal,62,0.4864707291126251,0.033333223313093185,0.6239233027841653,0.905473648661423,6.978782653808594,3.3599674701690674,0.481454665784068,0.18
33,sco_kcal,63,0.5418173670768738,0.03270967677235603,0.626816670608636,0.9071818270198613,6.872549057006836,3.8016371726989746,0.5531626098504244,0.34
33,sco_kcal,64,0.273002952337265,0.05536913871765137,0.6342446505220511,0.8834855514993816,12.526004791259766,3.161712646484375,0.25241189822077303,0.08
33,sco_kcal,65,0.26929771900177,0.08180424571037292,0.5900790974565506,0.8843938321738385,15.984423637390137,3.310091733932495,0.20708233271480983,0.06
33,sco_kcal,66,0.1691807061433792,0.03165500983595848,0.6083731821940246,0.9427721195064749,6.467455863952637,0.45833146572113037,0.07086735114432115,0.12
33,sco_kcal,67,0.13207194209098816,0.06952665746212006,0.6448390220077977,0.9230492115987203,15.575182914733887,1.372385025024414,0.08811357353152871,0.04
33,sco_kcal,68,0.12320737540721893,0.017655853182077408,0.61668986874825,0.9539240978848802,3.7126169204711914,0.25393787026405334,0.06839861900748556,0.04
33,sco_kcal,69,0.0708935484290123,0.026829520240426064,0.597818410452956,0.9588926061168055,5.321497917175293,0.08800612390041351,0.016537848040186418,0.04
33,sco_kcal,70,0.06189398467540741,0.06384605169296265,0.5883109950066154,0.9433819800890331,12.327205657958984,0.31596678495407104,0.02563166330806439,0.04
33,sco_kcal,71,0.7836771011352539,0.017537856474518776,0.6536762169862893,0.9087175986335019,3.789384603500366,3.789314031600952,0.9999813764220847,0.68
33,sco_kcal,72,0.18939021229743958,0.021377408877015114,0.6522049494592863,0.9513042344902809,4.872328758239746,0.1340990513563156,0.027522578629271793,0.16
33,sco_kcal,73,0.3110513687133789,0.18895787000656128,0.6544356010677588,0.9768293608511944,45.08330154418945,2.729804277420044,0.06055022999467691,0.28
33,sco_kcal,74,0.5143747925758362,0.031419381499290466,0.6498773521274825,0.9012213364984798,7.0044426918029785,3.754822254180908,0.5360629559543727,0.2
33,sco_kcal,75,0.598908543586731,0.009865944273769855,0.6642002273194714,0.9234801885757156,2.541654348373413,1.1154255867004395,0.4388580954818976,0.42
33,sco_kcal,76,0.17692521214485168,0.032871268689632416,0.5951553046987901,0.9492351886787325,6.572575092315674,0.8591335415840149,0.13071490694544835,0.06
33,sco_kcal,77,0.3444834351539612,0.02098674513399601,0.6508943954545678,0.9235769519353079,4.802035331726074,1.2894792556762695,0.2685276485070698,0.14
33,sco_kcal,78,0.08351568877696991,0.025799060240387917,0.6046947853672984,0.9644718626307052,5.143743515014648,0.10259734839200974,0.019946046705580645,0.0
33,sco_kcal,79,0.11535821110010147,0.11848649382591248,0.5894867543963385,0.9164542942112301,22.939273834228516,1.6724987030029297,0.07290983642678933,0.02
33,sco_kcal,80,0.5601636171340942,0.0530221126973629,0.611911431652969,0.9062394544868808,10.502079010009766,6.562152862548828,0.6248432197371867,0.56
33,sco_kcal,81,0.2950146496295929,0.02623530849814415,0.6787701167880045,0.91818920078881,6.3765339851379395,1.7786009311676025,0.27892910714709024,0.04
33,sco_kcal,82,0.28573352098464966,0.01793050952255726,0.6479363844824328,0.9313769324944541,4.16119909286499,0.4810481369495392,0.11560324949949391,0.2
33,sco_kcal,83,0.7625119090080261,0.02357414923608303,0.6635535684255502,0.8855753058537135,5.402715682983398,5.768733978271484,1.0677470954914232,0.3
33,sco_kcal,84,0.2582385540008545,0.2752896547317505,0.6429128308437206,0.9857424199870319,61.68410110473633,2.7222189903259277,0.04413161481762933,0.24
33,sco_kcal,85,0.4574316143989563,0.02765464410185814,0.6158482448349971,0.8797230689633275,5.789968967437744,2.334731101989746,0.4032372392874746,0.22
33,sco_kcal,86,0.19294032454490662,0.389911949634552,0.6432063917313415,0.9743295725128793,87.47371673583984,4.104371070861816,0.046921192147997164,0.14
33,sco_kcal,87,0.24982628226280212,0.034098897129297256,0.6431824265806465,0.9477877181064465,7.728952884674072,0.7679868340492249,0.09936492633718658,0.08
33,sco_kcal,88,0.3719238042831421,0.043046314269304276,0.624837123614189,0.9018837557804651,9.157245635986328,3.5942020416259766,0.39249815768853125,0.12
33,sco_kcal,89,0.29124218225479126,0.02236836776137352,0.6546379695264504,0.9716948288023322,5.284365653991699,0.2543903589248657,0.048140188545186036,0.14
33,sco_kcal,90,0.6799480319023132,0.01862885057926178,0.6801334451707535,0.9144919899307125,4.363785743713379,3.378779411315918,0.7742771093158056,0.42
33,sco_kcal,91,0.8148090243339539,0.015030216425657272,0.6926874011491313,0.9135145259374113,3.655141592025757,4.414366245269775,1.2077141566554854,0.78
33,sco_kcal,92,0.1920640766620636,0.01975538581609726,0.6313716651842105,0.9528386298930043,4.442492485046387,0.07308124750852585,0.016450505601195802,0.1
33,sco_kcal,93,0.2328018695116043,0.11369308084249496,0.6218252152127766,0.936305041499448,23.992692947387695,1.5816309452056885,0.06592135983542836,0.14
33,sco_kcal,94,0.34208959341049194,0.019945573061704636,0.6643340631991039,0.921000543628518,4.670488357543945,1.3065361976623535,0.27974295140935057,0.2
33,sco_kcal,95,0.19262956082820892,0.0959845781326294,0.637441915702186,0.9494019595470689,21.259231567382812,2.3325555324554443,0.10971965402710937,0.08
33,sco_kcal,96,0.9718011617660522,0.007611466106027365,0.7502212929371055,0.9095909482757132,1.3410009145736694,5.847436428070068,4.360501446733974,0.96
33,sco_kcal,97,0.24299395084381104,0.029452722519636154,0.6027936737238855,0.9278322745730228,6.033197402954102,0.9353869557380676,0.15504000503614612,0.24
33,sco_kcal,98,0.07975664734840393,0.12408000975847244,0.5977981665494922,0.9083196433573588,24.17687225341797,1.2052873373031616,0.049852905895747784,0.04
33,sco_kcal,99,0.17381779849529266,0.008502225391566753,0.6465309648871642,0.9648875961948364,1.9587502479553223,0.23854847252368927,0.12178605862217631,0.04
33,sco_kcal,100,0.03486485779285431,0.04421786218881607,0.6702010207803233,0.9653872294811092,10.202566146850586,0.08843085169792175,0.008667510744364969,0.02
33,sco_kcal,101,0.16566117107868195,0.07147271931171417,0.6347583137050112,0.9416335802764795,15.617632865905762,0.788439154624939,0.050483908886483644,0.24
33,sco_kcal,102,0.5995703935623169,0.008076505735516548,0.613835892748342,0.9192700760572938,1.788059949874878,1.0456604957580566,0.584801698528748,0.46
33,sco_kcal,103,0.33250877261161804,0.027476416900753975,0.6344075295855423,0.9273891655436104,5.911579132080078,1.252125859260559,0.2118090329647638,0.18
33,sco_kcal,104,0.5982019305229187,0.02096305973827839,0.6272360393026397,0.9078538698647807,4.538341045379639,2.6747422218322754,0.5893656283401966,0.48
33,sco_kcal,105,0.6815637946128845,0.024037912487983704,0.6438325128700162,0.9029864671326502,5.232955455780029,4.240489482879639,0.8103431261192624,0.62
33,sco_kcal,106,0.07886028289794922,0.0973290354013443,0.600394035588395,0.9311783777856142,19.123117446899414,0.48989373445510864,0.025617880338571004,0.02
33,sco_kcal,107,0.5139896869659424,0.02981865406036377,0.6760673780695474,0.9660634184021653,7.653887748718262,0.5917425751686096,0.07731268011706917,0.42
33,sco_kcal,108,0.7601945400238037,0.023037169128656387,0.663621903575303,0.8917020066573436,5.054098129272461,5.169907093048096,1.0229138732200092,0.66
33,sco_kcal,109,0.4927273988723755,0.025751525536179543,0.6391761830276661,0.9110016261993674,5.68768310546875,2.764160633087158,0.485990618997285,0.24
33,sco_kcal,110,0.06840956956148148,0.020433630794286728,0.6150217648723431,0.9594455443951417,4.322297096252441,0.05204421654343605,0.01204086979318472,0.06
33,sco_kcal,111,0.09630851447582245,0.01320971641689539,0.6454660606744897,0.9633630248124729,3.0142760276794434,0.12650635838508606,0.04196906893177851,0.02
33,sco_kcal,112,0.5060538053512573,0.039049021899700165,0.6361972715587632,0.8749229603830813,8.390157699584961,4.3672709465026855,0.5205231061054696,0.3
33,sco_kcal,113,0.24116192758083344,0.049532450735569,0.6067588188974498,0.9030545824481955,10.05921459197998,1.7788429260253906,0.17683715858329815,0.08
33,sco_kcal,114,0.1080358549952507,0.029433824121952057,0.624342486289958,0.9510675328770954,6.217875957489014,0.14056572318077087,0.02260671073881249,0.04
33,sco_kcal,115,0.16201384365558624,0.015541212633252144,0.6469110955915878,0.9628202648138169,3.558662176132202,0.12071983516216278,0.03392281402034328,0.2
33,sco_kcal,116,0.37432125210762024,0.03429781273007393,0.6259043643079711,0.9022417815486437,7.287631988525391,2.2529456615448,0.3091464641864648,0.14
33,sco_kcal,117,0.2518089711666107,0.10290210694074631,0.6436441980229608,0.9536383240726716,23.069089889526367,0.894285261631012,0.03876551983253695,0.2
33,sco_kcal,118,0.5347663760185242,0.019938237965106964,0.6622327615503603,0.8948126491036159,4.6988654136657715,2.5033538341522217,0.5327570836295258,0.22
33,sco_kcal,119,0.9344403147697449,0.03431934863328934,0.6850472213809049,0.9271759445730801,7.926908493041992,19.542451858520508,2.465330825462953,0.56
33,sco_kcal,120,0.09704231470823288,0.020103076472878456,0.6542531053030414,0.9642395272575279,4.576132297515869,0.22387942671775818,0.04892328546517111,0.04
33,sco_kcal,121,0.20419229567050934,0.030879607424139977,0.6401072170127964,0.9362697163268914,7.048206329345703,0.39048629999160767,0.055402223167870454,0.12
33,sco_kcal,122,0.18589401245117188,0.019853660836815834,0.6475821356150906,0.9384914146137837,4.570004940032959,0.4435420036315918,0.09705503811302071,0.14
33,sco_kcal,123,0.15263116359710693,0.029561974108219147,0.5997213272712676,0.9392295995634685,5.782652378082275,0.4100571870803833,0.07091160946049678,0.06
33,sco_kcal,124,0.4086514115333557,0.01818598061800003,0.6494530368444176,0.90997990248859,4.275937080383301,1.531175971031189,0.3580913241347163,0.24
33,sco_kcal,125,0.11924643814563751,0.02827032469213009,0.6741959142433185,0.9641327401264679,6.6597723960876465,0.19175389409065247,0.028792859978713434,0.04
33,sco_kcal,126,0.08187897503376007,0.023303911089897156,0.6525019102654654,0.9589317265076174,5.278763294219971,0.12726381421089172,0.024108641952223994,0.02
33,sco_kcal,127,0.11132671684026718,0.04199840873479843,0.6135600055764963,0.93806067043594,8.674590110778809,0.68668532371521,0.0791605499448272,0.04
33,sco_kcal,128,0.2524679899215698,0.15148872137069702,0.6495494899554455,0.9760333872504836,34.782405853271484,1.149367094039917,0.03304449665984829,0.22
33,sco_kcal,129,0.09080644696950912,0.06252596527338028,0.570100322217457,0.9505757616974049,11.390403747558594,0.435464084148407,0.03823078565074955,0.06
33,sco_kcal,130,0.6175863742828369,0.020447416231036186,0.6525993689603602,0.8967007795872488,4.672687530517578,2.810969829559326,0.6015745352542254,0.26
33,sco_kcal,131,0.22668831050395966,1.5125772953033447,0.6384767335316799,0.9816177110962203,338.56744384765625,1.2421983480453491,0.0036689834495849984,0.24
33,sco_kcal,132,0.13038165867328644,0.019965190440416336,0.6444256635473293,0.9608122814845501,4.6886515617370605,0.07485875487327576,0.01596594540830881,0.08
33,sco_kcal,133,0.2368411123752594,0.12449470907449722,0.6462522013377581,0.9749983788229337,28.39570426940918,1.9680637121200562,0.06930850150599223,0.16
33,sco_kcal,134,0.10091133415699005,0.1709183007478714,0.6189436206041556,0.9000070377058034,35.63005065917969,4.2875165939331055,0.12033428284864013,0.04
33,sco_kcal,135,0.3333769142627716,0.020221076905727386,0.6505898077368639,0.9209122445487994,4.623029708862305,1.4055439233779907,0.3040309087098394,0.08
33,sco_kcal,136,0.14867781102657318,0.02222716622054577,0.6526138065836731,0.9629716779405972,5.040089130401611,0.07686740159988403,0.01525119886000091,0.14
33,sco_kcal,137,0.8996140956878662,0.017274927347898483,0.6803320023297414,0.9069835368526997,3.7365005016326904,6.909093379974365,1.8490813468258303,0.64
33,sco_kcal,138,0.17455269396305084,0.02243592031300068,0.6409696722131673,0.9407327492998092,5.000327110290527,0.26690244674682617,0.05337699731634531,0.12
33,sco_kcal,139,0.2875426113605499,0.01829359494149685,0.6480475575804427,0.9381442665388757,4.174107074737549,0.859196662902832,0.2058396316910138,0.26
33,sco_kcal,140,0.13428038358688354,0.05009816586971283,0.6097950853420058,0.9469436476336945,10.275850296020508,0.23230694234371185,0.022607077336819176,0.02
33,sco_kcal,141,0.11884144693613052,0.02982782945036888,0.6361564878542045,0.9506379904053004,6.497001647949219,0.27215316891670227,0.0418890410782961,0.24
33,sco_kcal,142,0.5746932029724121,0.02347276173532009,0.6611614889401078,0.962425239435414,5.347537517547607,2.5439395904541016,0.4757216909851168,0.48
33,sco_kcal,143,0.1535184383392334,0.016921769827604294,0.6485811979009686,0.9672590952029523,3.845233917236328,0.2005835473537445,0.052164199024310395,0.14
33,sco_kcal,144,0.17623959481716156,0.09034250676631927,0.6293172732116927,0.8775757005308138,19.30438995361328,2.944425106048584,0.1525261929086479,0.08
33,sco_kcal,145,0.28938353061676025,0.01722022332251072,0.6500342150786313,0.9386076942245263,3.948363780975342,0.6355502009391785,0.16096546220018818,0.18
33,sco_kcal,146,0.3640267848968506,0.024670885875821114,0.6358790375603631,0.9145532353393369,5.41560697555542,1.7217696905136108,0.3179273714442743,0.16
33,sco_kcal,147,0.642648458480835,0.013991385698318481,0.6571456764834416,0.9153289290263737,3.1898810863494873,2.2056031227111816,0.6914374119303872,0.48
33,sco_kcal,148,0.08707766979932785,0.0509684756398201,0.5845872995351338,0.9319713474844631,9.193129539489746,0.2983115613460541,0.032449402574459045,0.02
33,sco_kcal,149,0.3702714741230011,0.020216677337884903,0.6590064496806447,0.9235506446861474,4.67242956161499,1.3443821668624878,0.2877265776046953,0.2
33,sco_kcal,150,0.08894465118646622,0.0243068877607584,0.642154342993102,0.9616350692288791,5.355493545532227,0.07062343508005142,0.013187101147562469,0.02
33,sco_kcal,151,0.4143258333206177,0.03672747313976288,0.5745473301763211,0.9153581127375832,6.698867321014404,2.6230266094207764,0.391562705114687,0.14
33,sco_kcal,152,0.26677531003952026,0.08032913506031036,0.604020856546587,0.8891939053028746,16.110998153686523,4.186037540435791,0.2598248414222517,0.08
33,sco_kcal,153,0.3497839868068695,0.12076646089553833,0.6531268040461025,0.9839173118885298,28.40427589416504,0.9238463640213013,0.03252490461167091,0.32
33,sco_kcal,154,0.2529032528400421,0.07525014132261276,0.6445451922486574,0.9718465853978953,16.816896438598633,1.2250620126724243,0.07284709263361021,0.12
33,sco_kcal,155,0.13483145833015442,0.022104239091277122,0.6348156625007724,0.9638726245486968,4.841488361358643,0.13877542316913605,0.02866379361287821,0.1
33,sco_kcal,156,0.3689418137073517,0.014641090296208858,0.6549472905183149,0.9282393919592213,3.3426547050476074,1.1767562627792358,0.3520424233476057,0.1
33,sco_kcal,157,0.5811704397201538,0.020066456869244576,0.646963772340879,0.8952666849681434,4.496135234832764,2.5132904052734375,0.5589890592707941,0.4
33,sco_kcal,158,0.16720835864543915,0.02800220064818859,0.6108961501794159,0.9365091867878355,5.677606582641602,0.3206128478050232,0.056469718910297007,0.06
33,sco_kcal,159,0.559220552444458,0.021678077057003975,0.6442975052830708,0.8981537335639942,4.951566696166992,2.7060256004333496,0.5464988692423519,0.38
33,sco_kcal,160,0.3978803753852844,0.0801454484462738,0.5790528785649647,0.8979050918188445,14.915316581726074,6.196295261383057,0.4154316958296832,0.26
33,sco_kcal,161,0.7830613851547241,0.021086711436510086,0.6469668448365242,0.91075967609068,4.711741924285889,4.860736846923828,1.0316220465874775,0.36
33,sco_kcal,162,0.10623116791248322,0.03591718524694443,0.6280015634541303,0.9561554244229555,7.70888090133667,0.1099492534995079,0.014262673779334614,0.04
33,sco_kcal,163,0.9457496404647827,0.00942767783999443,0.7298299490348004,0.9038877632166746,2.2406511306762695,5.56706428527832,2.4845743315685556,0.86
33,sco_kcal,164,0.04159529134631157,0.04850982502102852,0.5791368748715529,0.9650114549089748,8.905851364135742,0.046446945518255234,0.0052153290706488924,0.0
33,sco_kcal,165,0.5649242401123047,0.030401326715946198,0.6357046460654705,0.8832860385032817,6.5682291984558105,4.084530830383301,0.6218617997288483,0.36
33,sco_kcal,166,0.6021442413330078,0.024109849706292152,0.6456343128582229,0.8848457424418423,5.405141830444336,3.5424997806549072,0.6553944173493949,0.28
33,sco_kcal,167,0.13730594515800476,0.017633669078350067,0.6442854659831949,0.9568127844149408,4.016909122467041,0.07692769914865494,0.019150968270202916,0.08
33,sco_kcal,168,0.12854871153831482,0.11469484865665436,0.619403205484071,0.9187150835017657,24.223119735717773,3.219128370285034,0.13289487090873456,0.02
33,sco_kcal,169,0.31515079736709595,0.032493848353624344,0.6351382324825134,0.8955594780825489,7.360261917114258,1.9419701099395752,0.26384524515684143,0.1
33,sco_kcal,170,0.28770753741264343,0.003971409052610397,0.6319381577366849,0.9421227976780835,1.0050654411315918,0.18669024109840393,0.18574933875769473,0.14
33,sco_kcal,171,0.05016624554991722,0.08008529245853424,0.6258403267820705,0.9419695283541789,17.06873893737793,0.12726330757141113,0.007455929113352595,0.04
33,sco_kcal,172,0.29727840423583984,0.013867837376892567,0.6502889331750044,0.9543251666995933,3.2374448776245117,0.21934673190116882,0.06775303987943584,0.2
33,sco_kcal,173,0.25766411423683167,0.03538002073764801,0.6269520057207447,0.9235184231914193,7.499520778656006,1.6520988941192627,0.2202939284895663,0.06
33,sco_kcal,174,0.5986238121986389,0.02465461567044258,0.636725706700952,0.8879883608794166,5.2545390129089355,3.486391544342041,0.6635009342926088,0.38
33,sco_kcal,175,0.28504666686058044,0.02187217026948929,0.6454015115048262,0.9437191559638263,5.031939506530762,0.997695803642273,0.19827261483318742,0.16
33,sco_kcal,176,0.3043186068534851,0.018351564183831215,0.6489011673969949,0.9421527161931449,4.266287803649902,0.5981261730194092,0.14019827084982386,0.18
33,sco_kcal,177,0.15522824227809906,0.032894402742385864,0.6102396904283338,0.9183786008952972,6.729905605316162,0.5473678112030029,0.08133365359101323,0.06
33,sco_kcal,178,0.09231264144182205,0.03272831812500954,0.6087651350231091,0.9615361511048643,6.668167591094971,0.07930813729763031,0.01189354289828328,0.08
33,sco_kcal,179,0.39221280813217163,0.02927604503929615,0.6329403478194431,0.9071122662098354,6.417996406555176,2.251708984375,0.35084297991740265,0.08
33,sco_kcal,180,0.40850868821144104,0.026368694379925728,0.6463997601831315,0.9265633777326148,5.993115425109863,1.9487216472625732,0.3251600393174223,0.12
33,sco_kcal,181,0.15958185493946075,0.0400531068444252,0.6453353152940995,0.9343541423164883,8.999704360961914,0.6416248083114624,0.0712939872885873,0.06
33,sco_kcal,182,0.24961543083190918,0.016842763870954514,0.6511482617478612,0.9418849822333368,3.932764768600464,0.29310092329978943,0.07452795693246968,0.22
33,sco_kcal,183,0.19124245643615723,1.3590147495269775,0.6753144968925722,0.9844747094057122,316.650146484375,1.4880915880203247,0.0046994817609969245,0.1
33,sco_kcal,184,0.21709270775318146,0.12199088931083679,0.6467943876685986,0.9752911469517205,27.515644073486328,0.6862032413482666,0.024938658150818357,0.16
33,sco_kcal,185,0.873683750629425,0.011410179547965527,0.6834165996934973,0.8907866654213883,2.390333890914917,3.8377647399902344,1.6055350068777643,0.8
33,sco_kcal,186,0.6178238987922668,0.023329664021730423,0.6478407799400336,0.8815454643680081,5.204315662384033,3.4997737407684326,0.672475300847764,0.42
33,sco_kcal,187,0.04914071038365364,0.035216402262449265,0.641854518085704,0.9612767743924207,8.068888664245605,0.04513951390981674,0.005594266545012122,0.02
33,sco_kcal,188,0.12342508882284164,0.0741942971944809,0.638467583152784,0.9048827641684294,16.471357345581055,1.0710749626159668,0.06502651482473698,0.16
33,sco_kcal,189,0.04669487103819847,0.16997000575065613,0.6327547423603532,0.9227294417864695,37.10598373413086,1.1346700191497803,0.03057916554051866,0.14
33,sco_kcal,190,0.3413611352443695,0.06070791929960251,0.5993261733662048,0.8957145157628343,12.193669319152832,3.68794846534729,0.3024478004791026,0.18
33,sco_kcal,191,0.4340391755104065,0.0931505635380745,0.6596010743726481,0.9843438764649595,22.778907775878906,1.553120493888855,0.06818239527417065,0.38
33,sco_kcal,192,0.16994959115982056,0.024848056957125664,0.6467025968826496,0.9673498856349743,5.638098239898682,0.1992981731891632,0.0353484747354712,0.1
33,sco_kcal,193,0.2402787059545517,0.13794377446174622,0.6502344679747971,0.9780395759392715,31.732717514038086,1.201636791229248,0.037867440464172716,0.16
33,sco_kcal,194,0.3249635696411133,0.05804067850112915,0.6200456306531354,0.8835851672130897,12.125722885131836,3.386127233505249,0.27925157663442957,0.08
33,sco_kcal,195,0.19087381660938263,0.022512052208185196,0.6262427016481202,0.9377972236006458,4.879065036773682,0.8218766450881958,0.16844961870638803,0.02
33,sco_kcal,196,0.3734959363937378,0.21649175882339478,0.6563216595364996,0.981963114747169,51.52497100830078,2.227644443511963,0.043234268742297494,0.4
33,sco_kcal,197,0.489984393119812,0.019139831885695457,0.6506064242705369,0.9029077244525283,4.36430549621582,2.2396929264068604,0.5131842691463376,0.14
33,sco_kcal,198,0.9589504599571228,0.004101524595171213,0.7115549697079488,0.9517994583573748,1.468233585357666,2.0841867923736572,1.4195199000749892,0.66
33,sco_kcal,199,0.26696649193763733,0.03702782094478607,0.611049566751815,0.9139002169025032,7.587935924530029,0.9153774380683899,0.12063589455324575,0.14
33,sco_kcal,200,0.9131677150726318,0.015882866457104683,0.7107843028524343,0.9132744494516727,3.702814817428589,7.567264556884766,2.0436519053739324,0.76
33,sco_kcal,201,0.15341068804264069,0.017487820237874985,0.6454189488447848,0.9667081097072108,4.01698112487793,0.10331052541732788,0.025718449304505342,0.1
33,sco_kcal,202,0.5264846682548523,0.018704786896705627,0.6326696521791835,0.9353873771458687,4.170617580413818,1.2434942722320557,0.2981559081493809,0.46
33,sco_kcal,203,0.09051172435283661,0.023990195244550705,0.6386380531812192,0.9577891988318423,5.237942218780518,0.08901777118444443,0.016994798236848303,0.04
33,sco_kcal,204,0.18273964524269104,0.03692181408405304,0.5891774979078435,0.927978802062565,7.272622108459473,0.8954535722732544,0.12312664660957262,0.08
33,sco_kcal,205,0.633976936340332,0.022209523245692253,0.6461763771072702,0.8840264344676263,4.9550628662109375,3.4894211292266846,0.7042132912220734,0.28
33,sco_kcal,206,0.33758893609046936,0.014943869784474373,0.6512159207024333,0.949547322624579,3.4672060012817383,0.4852544665336609,0.13995547606755254,0.24
33,sco_kcal,207,0.3885430097579956,0.01624041050672531,0.6447146794382703,0.9177520504846839,3.6956002712249756,1.258906602859497,0.3406501002453409,0.14
33,sco_kcal,208,0.703162670135498,0.020805682986974716,0.6543319064251785,0.8912078643322252,4.541985511779785,4.104061603546143,0.903583156067347,0.52
33,sco_kcal,209,0.22707699239253998,0.03910491243004799,0.6466694994799966,0.9642263740161185,8.80007553100586,0.6093422174453735,0.06924283948455212,0.12
33,sco_kcal,210,0.04658440873026848,0.041497256606817245,0.6678583187049909,0.9488577423881619,9.576485633850098,0.309283047914505,0.032296090626532055,0.02
33,sco_kcal,211,0.043435074388980865,0.08728532493114471,0.6069322865868041,0.953331409292786,17.401508331298828,0.14044730365276337,0.008070984478980537,0.0
33,sco_kcal,212,0.5951796174049377,0.043680980801582336,0.6235658005759506,0.9182776932083188,8.963521957397461,4.966395378112793,0.5540674080698939,0.54
33,sco_kcal,213,0.17961394786834717,0.030036481097340584,0.6440757871829863,0.9747223783385501,6.7812323570251465,0.28282761573791504,0.041707406684703026,0.12
33,sco_kcal,214,0.58649080991745,0.02271425537765026,0.6706925696725776,0.8774813221309872,5.227729320526123,3.536411762237549,0.6764718571698431,0.32
33,sco_kcal,215,0.1453595757484436,0.021769637241959572,0.6441612878468841,0.963095136260613,4.922722816467285,0.15990330278873444,0.03248269479114945,0.1
33,sco_kcal,216,0.3491742014884949,0.029841281473636627,0.6309520666645896,0.9196332997791801,6.460489749908447,2.1458775997161865,0.33215401351679197,0.12
33,sco_kcal,217,0.09029978513717651,0.049203723669052124,0.6078977045914056,0.9688384916371977,9.83817195892334,0.07915814965963364,0.008046022166530262,0.04
33,sco_kcal,218,0.6508203744888306,0.019990844652056694,0.6656661221558742,0.8848672799581141,4.571277618408203,3.717242479324341,0.8131736441373141,0.4
33,sco_kcal,219,0.39115819334983826,0.02687738463282585,0.6191699441505427,0.9221486393097993,5.619089603424072,1.9883700609207153,0.353859824500587,0.16
33,sco_kcal,220,0.29410824179649353,0.016641726717352867,0.6496569151127558,0.9455981062517764,3.8607161045074463,0.6014289855957031,0.15578171751440759,0.16
33,sco_kcal,221,0.5527487397193909,0.01960182748734951,0.6604746618480373,0.8967296628401578,4.53418493270874,2.295971155166626,0.5063691025489345,0.3
33,sco_kcal,222,0.4350705146789551,0.019579418003559113,0.6497750666572428,0.9217885295220138,4.636826515197754,1.6687391996383667,0.3598882110790374,0.26
33,sco_kcal,223,0.1370849311351776,0.02716323919594288,0.6220783969831323,0.9628986020612769,5.7498393058776855,0.05745328962802887,0.009992155705864357,0.08
33,sco_kcal,224,0.5799811482429504,0.028806546702980995,0.6274561897623074,0.9036050412341843,6.1391777992248535,3.983734130859375,0.648903527661696,0.38
33,sco_kcal,225,0.11081325262784958,0.013042250648140907,0.638142069180381,0.957995059155472,2.916820526123047,0.13389676809310913,0.04590504177200125,0.04
33,sco_kcal,226,0.16302251815795898,0.030234605073928833,0.6140959122316814,0.9324046300959645,6.311885833740234,0.5842272043228149,0.09255984973616346,0.04
33,sco_kcal,227,0.7518724799156189,0.014197896234691143,0.6851718124228241,0.8875191119120724,3.480022668838501,3.509016990661621,1.0083316474006756,0.5
33,sco_kcal,228,0.518476665019989,0.05399792268872261,0.6357690137425618,0.9034089981935587,11.81542682647705,5.887537479400635,0.49829240753345627,0.2
33,sco_kcal,229,0.37912434339523315,0.05510605871677399,0.5824293685754682,0.8829906329234349,10.520241737365723,3.628835439682007,0.3449384082870581,0.1
33,sco_kcal,230,0.10396620631217957,0.02303648553788662,0.6456001733310586,0.9647866722689515,5.210894584655762,0.14721696078777313,0.028251763376920907,0.06
33,sco_kcal,231,0.2682190537452698,0.053938865661621094,0.6434880564232643,0.967879135729796,12.329131126403809,0.817690908908844,0.06632186003421557,0.26
33,sco_kcal,232,0.4600805342197418,0.026103099808096886,0.6267181585866537,0.9062470028771026,5.452095031738281,2.526373863220215,0.4633767108814932,0.16
33,sco_kcal,233,0.22053895890712738,0.08557360619306564,0.6299739123592258,0.908232947007158,18.852203369140625,3.6157937049865723,0.1917968756323361,0.04
33,sco_kcal,234,0.07630495727062225,0.03457869589328766,0.6316821905027183,0.9563389464046237,7.467062950134277,0.23693250119686127,0.03173034736403295,0.02
33,sco_kcal,235,0.07331662625074387,0.03907652571797371,0.6135498973271385,0.9660698182106662,8.067042350769043,0.1352997124195099,0.01677191051397066,0.06
33,sco_kcal,236,0.5646572113037109,0.0275033600628376,0.6451129029241116,0.9182892412213737,6.042405128479004,3.716273546218872,0.6150321713291564,0.36
33,sco_kcal,237,0.34894227981567383,0.06711354106664658,0.650498241612335,0.956935698668776,15.105925559997559,2.234036445617676,0.14789139776603247,0.22
33,sco_kcal,238,0.24015094339847565,0.778424859046936,0.6440897349119461,0.9849892081424194,173.72430419921875,3.446470022201538,0.01983873262919672,0.24
33,sco_kcal,239,0.26482492685317993,0.02834177576005459,0.6322749830808314,0.928660784349302,6.094101905822754,0.9858784675598145,0.16177584208393916,0.12
33,sco_kcal,240,0.20113983750343323,0.084819495677948,0.6454716076304967,0.9459467137474502,19.458280563354492,1.2028803825378418,0.0618184314190232,0.1
33,sco_kcal,241,0.46173417568206787,0.03926698490977287,0.5788218585288651,0.8882339101673133,7.257607936859131,3.5590932369232178,0.49039480609688096,0.24
33,sco_kcal,242,0.5458952188491821,0.0257567148655653,0.627247007055193,0.8695369898379959,5.569429874420166,3.1054539680480957,0.5575892035756003,0.38
33,sco_kcal,243,0.5859429240226746,0.031321100890636444,0.6142587624458142,0.8964361652015167,6.578183174133301,3.9262495040893555,0.5968592543193589,0.42
33,sco_kcal,244,0.5367505550384521,0.02712543122470379,0.6450426578731243,0.8804688038930955,6.014925479888916,3.0749073028564453,0.5112128675804032,0.22
33,sco_kcal,245,0.4680781364440918,0.019996022805571556,0.6400575803919648,0.9253059736466303,4.333319664001465,1.7899500131607056,0.41306669065531937,0.26
33,sco_kcal,246,0.14572833478450775,0.05214753374457359,0.5872826928815325,0.9311129908953555,10.099063873291016,0.5253164768218994,0.052016353536608814,0.08
33,sco_kcal,247,0.19829943776130676,0.02661684714257717,0.6199948196693226,0.9425109631147239,5.695994853973389,0.6243098378181458,0.10960505650433344,0.08
33,sco_kcal,248,0.20411673188209534,0.04191862419247627,0.6282905743467824,0.9376489986474537,9.06865119934082,1.1041535139083862,0.12175498755411882,0.08
33,sco_kcal,249,0.38188135623931885,0.02079024165868759,0.6500394138270336,0.9537368293115835,4.768333435058594,0.9371705055236816,0.19654047232377858,0.2
33,water_gsolv_eV,0,1.0,0.0,0.6670109516322573,0.6670109516322573,,,,1.0
33,water_gsolv_eV,1,1.0,0.0,0.6670109516322573,0.6670109516322573,,,,1.0
33,water_gsolv_eV,2,1.0,0.0,0.6670109516322573,0.6670109516322573,,,,1.0
33,water_gsolv_eV,3,1.0,0.0,0.6670109516322573,0.6670109516322573,,,,1.0
33,water_gsolv_eV,4,1.0,0.0,0.6670109516322573,0.6670109516322573,,,,1.0
33,water_gsolv_eV,5,1.0,0.0,0.6670109516322573,0.6670109516322573,,,,1.0
33,water_gsolv_eV,6,1.0,0.0,0.6670109516322573,0.6670109516322573,,,,1.0
33,water_gsolv_eV,7,1.0,0.0,0.6670109516322573,0.6670109516322573,,,,1.0
33,water_gsolv_eV,8,1.0,0.0,0.6670109516322573,0.6670109516322573,,,,1.0
33,water_gsolv_eV,9,1.0,0.0,0.6670109516322573,0.6670109516322573,,,,1.0
33,water_gsolv_eV,10,1.0,0.0,0.6670109516322573,0.6670109516322573,,,,1.0
33,water_gsolv_eV,11,1.0,0.0,0.6670109516322573,0.6670109516322573,,,,1.0
33,water_gsolv_eV,12,1.0,0.0,0.6670109516322573,0.6670109516322573,,,,1.0
33,water_gsolv_eV,13,1.0,0.0,0.6670109516322573,0.6670109516322573,,,,1.0
33,water_gsolv_eV,14,1.0,0.0,0.6670109516322573,0.6670109516322573,,,,1.0
33,water_gsolv_eV,15,1.0,0.0,0.6670109516322573,0.6670109516322573,,,,1.0
33,water_gsolv_eV,16,1.0,0.0,0.6670109516322573,0.6670109516322573,,,,1.0
33,water_gsolv_eV,17,1.0,0.0,0.6670109516322573,0.6670109516322573,,,,1.0
33,water_gsolv_eV,18,1.0,0.0,0.6670109516322573,0.6670109516322573,,,,1.0
33,water_gsolv_eV,19,1.0,0.0,0.6670109516322573,0.6670109516322573,,,,1.0
33,water_gsolv_eV,20,1.0,0.0,0.6670109516322573,0.6670109516322573,,,,1.0
33,water_gsolv_eV,21,1.0,0.0,0.6670109516322573,0.6670109516322573,,,,1.0
33,water_gsolv_eV,22,1.0,0.0,0.6670109516322573,0.6670109516322573,,,,1.0
33,water_gsolv_eV,23,1.0,0.0,0.6670109516322573,0.6670109516322573,,,,1.0
33,water_gsolv_eV,24,1.0,0.0,0.6670109516322573,0.6670109516322573,,,,1.0
33,water_gsolv_eV,25,1.0,0.0,0.6670109516322573,0.6670109516322573,,,,1.0
33,water_gsolv_eV,26,1.0,0.0,0.6670109516322573,0.6670109516322573,,,,1.0
33,water_gsolv_eV,27,1.0,0.0,0.6670109516322573,0.6670109516322573,,,,1.0
33,water_gsolv_eV,28,1.0,0.0,0.6670109516322573,0.6670109516322573,,,,1.0
33,water_gsolv_eV,29,1.0,0.0,0.6670109516322573,0.6670109516322573,,,,1.0
33,water_gsolv_eV,30,1.0,0.0,0.6670109516322573,0.6670109516322573,,,,1.0
33,water_gsolv_eV,31,1.0,0.0,0.6670109516322573,0.6670109516322573,,,,1.0
33,water_gsolv_eV,32,1.0,0.0,0.6670109516322573,0.6670109516322573,,,,1.0
33,water_gsolv_eV,33,1.0,0.0,0.6670109516322573,0.6670109516322573,,,,1.0
33,water_gsolv_eV,34,1.0,0.0,0.6670109516322573,0.6670109516322573,,,,1.0
33,water_gsolv_eV,35,1.0,0.0,0.6670109516322573,0.6670109516322573,,,,1.0
33,water_gsolv_eV,36,1.0,0.0,0.6670109516322573,0.6670109516322573,,,,1.0
33,water_gsolv_eV,37,1.0,0.0,0.6670109516322573,0.6670109516322573,,,,1.0
33,water_gsolv_eV,38,1.0,0.0,0.6670109516322573,0.6670109516322573,,,,1.0
33,water_gsolv_eV,39,1.0,0.0,0.6670109516322573,0.6670109516322573,,,,1.0
33,water_gsolv_eV,40,1.0,0.0,0.6670109516322573,0.6670109516322573,,,,1.0
33,water_gsolv_eV,41,1.0,0.0,0.6670109516322573,0.6670109516322573,,,,1.0
33,water_gsolv_eV,42,1.0,0.0,0.6670109516322573,0.6670109516322573,,,,1.0
33,water_gsolv_eV,43,1.0,0.0,0.6670109516322573,0.6670109516322573,,,,1.0
33,water_gsolv_eV,44,1.0,0.0,0.6670109516322573,0.6670109516322573,,,,1.0
33,water_gsolv_eV,45,1.0,0.0,0.6670109516322573,0.6670109516322573,,,,1.0
33,water_gsolv_eV,46,1.0,0.0,0.6670109516322573,0.6670109516322573,,,,1.0
33,water_gsolv_eV,47,1.0,0.0,0.6670109516322573,0.6670109516322573,,,,1.0
33,water_gsolv_eV,48,1.0,0.0,0.6670109516322573,0.6670109516322573,,,,1.0
33,water_gsolv_eV,49,1.0,0.0,0.6670109516322573,0.6670109516322573,,,,1.0
33,water_gsolv_eV,50,1.0,0.0,0.6670109516322573,0.6670109516322573,,,,1.0
33,water_gsolv_eV,51,1.0,0.0,0.6670109516322573,0.6670109516322573,,,,1.0
33,water_gsolv_eV,52,1.0,0.0,0.6670109516322573,0.6670109516322573,,,,1.0
33,water_gsolv_eV,53,1.0,0.0,0.6670109516322573,0.6670109516322573,,,,1.0
33,water_gsolv_eV,54,1.0,0.0,0.6670109516322573,0.6670109516322573,,,,1.0
33,water_gsolv_eV,55,1.0,0.0,0.6670109516322573,0.6670109516322573,,,,1.0
33,water_gsolv_eV,56,1.0,0.0,0.6670109516322573,0.6670109516322573,,,,1.0
33,water_gsolv_eV,57,1.0,0.0,0.6670109516322573,0.6670109516322573,,,,1.0
33,water_gsolv_eV,58,1.0,0.0,0.6670109516322573,0.6670109516322573,,,,1.0
33,water_gsolv_eV,59,1.0,0.0,0.6670109516322573,0.6670109516322573,,,,1.0
33,water_gsolv_eV,60,1.0,0.0,0.6670109516322573,0.6670109516322573,,,,1.0
33,water_gsolv_eV,61,1.0,0.0,0.6670109516322573,0.6670109516322573,,,,1.0
33,water_gsolv_eV,62,1.0,0.0,0.6670109516322573,0.6670109516322573,,,,1.0
33,water_gsolv_eV,63,1.0,0.0,0.6670109516322573,0.6670109516322573,,,,1.0
33,water_gsolv_eV,64,1.0,0.0,0.6670109516322573,0.6670109516322573,,,,1.0
33,water_gsolv_eV,65,1.0,0.0,0.6670109516322573,0.6670109516322573,,,,1.0
33,water_gsolv_eV,66,1.0,0.0,0.6670109516322573,0.6670109516322573,,,,1.0
33,water_gsolv_eV,67,1.0,0.0,0.6670109516322573,0.6670109516322573,,,,1.0
33,water_gsolv_eV,68,1.0,0.0,0.6670109516322573,0.6670109516322573,,,,1.0
33,water_gsolv_eV,69,1.0,0.0,0.6670109516322573,0.6670109516322573,,,,1.0
33,water_gsolv_eV,70,1.0,0.0,0.6670109516322573,0.6670109516322573,,,,1.0
33,water_gsolv_eV,71,1.0,0.0,0.6670109516322573,0.6670109516322573,,,,1.0
33,water_gsolv_eV,72,1.0,0.0,0.6670109516322573,0.6670109516322573,,,,1.0
33,water_gsolv_eV,73,1.0,0.0,0.6670109516322573,0.6670109516322573,,,,1.0
33,water_gsolv_eV,74,1.0,0.0,0.6670109516322573,0.6670109516322573,,,,1.0
33,water_gsolv_eV,75,1.0,0.0,0.6670109516322573,0.6670109516322573,,,,1.0
33,water_gsolv_eV,76,1.0,0.0,0.6670109516322573,0.6670109516322573,,,,1.0
33,water_gsolv_eV,77,1.0,0.0,0.6670109516322573,0.6670109516322573,,,,1.0
33,water_gsolv_eV,78,1.0,0.0,0.6670109516322573,0.6670109516322573,,,,1.0
33,water_gsolv_eV,79,1.0,0.0,0.6670109516322573,0.6670109516322573,,,,1.0
33,water_gsolv_eV,80,1.0,0.0,0.6670109516322573,0.6670109516322573,,,,1.0
33,water_gsolv_eV,81,1.0,0.0,0.6670109516322573,0.6670109516322573,,,,1.0
33,water_gsolv_eV,82,1.0,0.0,0.6670109516322573,0.6670109516322573,,,,1.0
33,water_gsolv_eV,83,1.0,0.0,0.6670109516322573,0.6670109516322573,,,,1.0
33,water_gsolv_eV,84,1.0,0.0,0.6670109516322573,0.6670109516322573,,,,1.0
33,water_gsolv_eV,85,1.0,0.0,0.6670109516322573,0.6670109516322573,,,,1.0
33,water_gsolv_eV,86,1.0,0.0,0.6670109516322573,0.6670109516322573,,,,1.0
33,water_gsolv_eV,87,1.0,0.0,0.6670109516322573,0.6670109516322573,,,,1.0
33,water_gsolv_eV,88,1.0,0.0,0.6670109516322573,0.6670109516322573,,,,1.0
33,water_gsolv_eV,89,1.0,0.0,0.6670109516322573,0.6670109516322573,,,,1.0
33,water_gsolv_eV,90,1.0,0.0,0.6670109516322573,0.6670109516322573,,,,1.0
33,water_gsolv_eV,91,1.0,0.0,0.6670109516322573,0.6670109516322573,,,,1.0
33,water_gsolv_eV,92,1.0,0.0,0.6670109516322573,0.6670109516322573,,,,1.0
33,water_gsolv_eV,93,1.0,0.0,0.6670109516322573,0.6670109516322573,,,,1.0
33,water_gsolv_eV,94,1.0,0.0,0.6670109516322573,0.6670109516322573,,,,1.0
33,water_gsolv_eV,95,1.0,0.0,0.6670109516322573,0.6670109516322573,,,,1.0
33,water_gsolv_eV,96,1.0,0.0,0.6670109516322573,0.6670109516322573,,,,1.0
33,water_gsolv_eV,97,1.0,0.0,0.6670109516322573,0.6670109516322573,,,,1.0
33,water_gsolv_eV,98,1.0,0.0,0.6670109516322573,0.6670109516322573,,,,1.0
33,water_gsolv_eV,99,1.0,0.0,0.6670109516322573,0.6670109516322573,,,,1.0
33,water_gsolv_eV,100,1.0,0.0,0.6670109516322573,0.6670109516322573,,,,1.0
33,water_gsolv_eV,101,1.0,0.0,0.6670109516322573,0.6670109516322573,,,,1.0
33,water_gsolv_eV,102,1.0,0.0,0.6670109516322573,0.6670109516322573,,,,1.0
33,water_gsolv_eV,103,1.0,0.0,0.6670109516322573,0.6670109516322573,,,,1.0
33,water_gsolv_eV,104,1.0,0.0,0.6670109516322573,0.6670109516322573,,,,1.0
33,water_gsolv_eV,105,1.0,0.0,0.6670109516322573,0.6670109516322573,,,,1.0
33,water_gsolv_eV,106,1.0,0.0,0.6670109516322573,0.6670109516322573,,,,1.0
33,water_gsolv_eV,107,1.0,0.0,0.6670109516322573,0.6670109516322573,,,,1.0
33,water_gsolv_eV,108,1.0,0.0,0.6670109516322573,0.6670109516322573,,,,1.0
33,water_gsolv_eV,109,1.0,0.0,0.6670109516322573,0.6670109516322573,,,,1.0
33,water_gsolv_eV,110,1.0,0.0,0.6670109516322573,0.6670109516322573,,,,1.0
33,water_gsolv_eV,111,1.0,0.0,0.6670109516322573,0.6670109516322573,,,,1.0
33,water_gsolv_eV,112,1.0,0.0,0.6670109516322573,0.6670109516322573,,,,1.0
33,water_gsolv_eV,113,1.0,0.0,0.6670109516322573,0.6670109516322573,,,,1.0
33,water_gsolv_eV,114,1.0,0.0,0.6670109516322573,0.6670109516322573,,,,1.0
33,water_gsolv_eV,115,1.0,0.0,0.6670109516322573,0.6670109516322573,,,,1.0
33,water_gsolv_eV,116,1.0,0.0,0.6670109516322573,0.6670109516322573,,,,1.0
33,water_gsolv_eV,117,1.0,0.0,0.6670109516322573,0.6670109516322573,,,,1.0
33,water_gsolv_eV,118,1.0,0.0,0.6670109516322573,0.6670109516322573,,,,1.0
33,water_gsolv_eV,119,1.0,0.0,0.6670109516322573,0.6670109516322573,,,,1.0
33,water_gsolv_eV,120,1.0,0.0,0.6670109516322573,0.6670109516322573,,,,1.0
33,water_gsolv_eV,121,1.0,0.0,0.6670109516322573,0.6670109516322573,,,,1.0
33,water_gsolv_eV,122,1.0,0.0,0.6670109516322573,0.6670109516322573,,,,1.0
33,water_gsolv_eV,123,1.0,0.0,0.6670109516322573,0.6670109516322573,,,,1.0
33,water_gsolv_eV,124,1.0,0.0,0.6670109516322573,0.6670109516322573,,,,1.0
33,water_gsolv_eV,125,1.0,0.0,0.6670109516322573,0.6670109516322573,,,,1.0
33,water_gsolv_eV,126,1.0,0.0,0.6670109516322573,0.6670109516322573,,,,1.0
33,water_gsolv_eV,127,1.0,0.0,0.6670109516322573,0.6670109516322573,,,,1.0
33,water_gsolv_eV,128,1.0,0.0,0.6670109516322573,0.6670109516322573,,,,1.0
33,water_gsolv_eV,129,1.0,0.0,0.6670109516322573,0.6670109516322573,,,,1.0
33,water_gsolv_eV,130,1.0,0.0,0.6670109516322573,0.6670109516322573,,,,1.0
33,water_gsolv_eV,131,1.0,0.0,0.6670109516322573,0.6670109516322573,,,,1.0
33,water_gsolv_eV,132,1.0,0.0,0.6670109516322573,0.6670109516322573,,,,1.0
33,water_gsolv_eV,133,1.0,0.0,0.6670109516322573,0.6670109516322573,,,,1.0
33,water_gsolv_eV,134,1.0,0.0,0.6670109516322573,0.6670109516322573,,,,1.0
33,water_gsolv_eV,135,1.0,0.0,0.6670109516322573,0.6670109516322573,,,,1.0
33,water_gsolv_eV,136,1.0,0.0,0.6670109516322573,0.6670109516322573,,,,1.0
33,water_gsolv_eV,137,1.0,0.0,0.6670109516322573,0.6670109516322573,,,,1.0
33,water_gsolv_eV,138,1.0,0.0,0.6670109516322573,0.6670109516322573,,,,1.0
33,water_gsolv_eV,139,1.0,0.0,0.6670109516322573,0.6670109516322573,,,,1.0
33,water_gsolv_eV,140,1.0,0.0,0.6670109516322573,0.6670109516322573,,,,1.0
33,water_gsolv_eV,141,1.0,0.0,0.6670109516322573,0.6670109516322573,,,,1.0
33,water_gsolv_eV,142,1.0,0.0,0.6670109516322573,0.6670109516322573,,,,1.0
33,water_gsolv_eV,143,1.0,0.0,0.6670109516322573,0.6670109516322573,,,,1.0
33,water_gsolv_eV,144,1.0,0.0,0.6670109516322573,0.6670109516322573,,,,1.0
33,water_gsolv_eV,145,1.0,0.0,0.6670109516322573,0.6670109516322573,,,,1.0
33,water_gsolv_eV,146,1.0,0.0,0.6670109516322573,0.6670109516322573,,,,1.0
33,water_gsolv_eV,147,1.0,0.0,0.6670109516322573,0.6670109516322573,,,,1.0
33,water_gsolv_eV,148,1.0,0.0,0.6670109516322573,0.6670109516322573,,,,1.0
33,water_gsolv_eV,149,1.0,0.0,0.6670109516322573,0.6670109516322573,,,,1.0
33,water_gsolv_eV,150,1.0,0.0,0.6670109516322573,0.6670109516322573,,,,1.0
33,water_gsolv_eV,151,1.0,0.0,0.6670109516322573,0.6670109516322573,,,,1.0
33,water_gsolv_eV,152,1.0,0.0,0.6670109516322573,0.6670109516322573,,,,1.0
33,water_gsolv_eV,153,1.0,0.0,0.6670109516322573,0.6670109516322573,,,,1.0
33,water_gsolv_eV,154,1.0,0.0,0.6670109516322573,0.6670109516322573,,,,1.0
33,water_gsolv_eV,155,1.0,0.0,0.6670109516322573,0.6670109516322573,,,,1.0
33,water_gsolv_eV,156,1.0,0.0,0.6670109516322573,0.6670109516322573,,,,1.0
33,water_gsolv_eV,157,1.0,0.0,0.6670109516322573,0.6670109516322573,,,,1.0
33,water_gsolv_eV,158,1.0,0.0,0.6670109516322573,0.6670109516322573,,,,1.0
33,water_gsolv_eV,159,1.0,0.0,0.6670109516322573,0.6670109516322573,,,,1.0
33,water_gsolv_eV,160,1.0,0.0,0.6670109516322573,0.6670109516322573,,,,1.0
33,water_gsolv_eV,161,1.0,0.0,0.6670109516322573,0.6670109516322573,,,,1.0
33,water_gsolv_eV,162,1.0,0.0,0.6670109516322573,0.6670109516322573,,,,1.0
33,water_gsolv_eV,163,1.0,0.0,0.6670109516322573,0.6670109516322573,,,,1.0
33,water_gsolv_eV,164,1.0,0.0,0.6670109516322573,0.6670109516322573,,,,1.0
33,water_gsolv_eV,165,1.0,0.0,0.6670109516322573,0.6670109516322573,,,,1.0
33,water_gsolv_eV,166,1.0,0.0,0.6670109516322573,0.6670109516322573,,,,1.0
33,water_gsolv_eV,167,1.0,0.0,0.6670109516322573,0.6670109516322573,,,,1.0
33,water_gsolv_eV,168,1.0,0.0,0.6670109516322573,0.6670109516322573,,,,1.0
33,water_gsolv_eV,169,1.0,0.0,0.6670109516322573,0.6670109516322573,,,,1.0
33,water_gsolv_eV,170,1.0,0.0,0.6670109516322573,0.6670109516322573,,,,1.0
33,water_gsolv_eV,171,1.0,0.0,0.6670109516322573,0.6670109516322573,,,,1.0
33,water_gsolv_eV,172,1.0,0.0,0.6670109516322573,0.6670109516322573,,,,1.0
33,water_gsolv_eV,173,1.0,0.0,0.6670109516322573,0.6670109516322573,,,,1.0
33,water_gsolv_eV,174,1.0,0.0,0.6670109516322573,0.6670109516322573,,,,1.0
33,water_gsolv_eV,175,1.0,0.0,0.6670109516322573,0.6670109516322573,,,,1.0
33,water_gsolv_eV,176,1.0,0.0,0.6670109516322573,0.6670109516322573,,,,1.0
33,water_gsolv_eV,177,1.0,0.0,0.6670109516322573,0.6670109516322573,,,,1.0
33,water_gsolv_eV,178,1.0,0.0,0.6670109516322573,0.6670109516322573,,,,1.0
33,water_gsolv_eV,179,1.0,0.0,0.6670109516322573,0.6670109516322573,,,,1.0
33,water_gsolv_eV,180,1.0,0.0,0.6670109516322573,0.6670109516322573,,,,1.0
33,water_gsolv_eV,181,1.0,0.0,0.6670109516322573,0.6670109516322573,,,,1.0
33,water_gsolv_eV,182,1.0,0.0,0.6670109516322573,0.6670109516322573,,,,1.0
33,water_gsolv_eV,183,1.0,0.0,0.6670109516322573,0.6670109516322573,,,,1.0
33,water_gsolv_eV,184,1.0,0.0,0.6670109516322573,0.6670109516322573,,,,1.0
33,water_gsolv_eV,185,1.0,0.0,0.6670109516322573,0.6670109516322573,,,,1.0
33,water_gsolv_eV,186,1.0,0.0,0.6670109516322573,0.6670109516322573,,,,1.0
33,water_gsolv_eV,187,1.0,0.0,0.6670109516322573,0.6670109516322573,,,,1.0
33,water_gsolv_eV,188,1.0,0.0,0.6670109516322573,0.6670109516322573,,,,1.0
33,water_gsolv_eV,189,1.0,0.0,0.6670109516322573,0.6670109516322573,,,,1.0
33,water_gsolv_eV,190,1.0,0.0,0.6670109516322573,0.6670109516322573,,,,1.0
33,water_gsolv_eV,191,1.0,0.0,0.6670109516322573,0.6670109516322573,,,,1.0
33,water_gsolv_eV,192,1.0,0.0,0.6670109516322573,0.6670109516322573,,,,1.0
33,water_gsolv_eV,193,1.0,0.0,0.6670109516322573,0.6670109516322573,,,,1.0
33,water_gsolv_eV,194,1.0,0.0,0.6670109516322573,0.6670109516322573,,,,1.0
33,water_gsolv_eV,195,1.0,0.0,0.6670109516322573,0.6670109516322573,,,,1.0
33,water_gsolv_eV,196,1.0,0.0,0.6670109516322573,0.6670109516322573,,,,1.0
33,water_gsolv_eV,197,1.0,0.0,0.6670109516322573,0.6670109516322573,,,,1.0
33,water_gsolv_eV,198,1.0,0.0,0.6670109516322573,0.6670109516322573,,,,1.0
33,water_gsolv_eV,199,1.0,0.0,0.6670109516322573,0.6670109516322573,,,,1.0
33,water_gsolv_eV,200,1.0,0.0,0.6670109516322573,0.6670109516322573,,,,1.0
33,water_gsolv_eV,201,1.0,0.0,0.6670109516322573,0.6670109516322573,,,,1.0
33,water_gsolv_eV,202,1.0,0.0,0.6670109516322573,0.6670109516322573,,,,1.0
33,water_gsolv_eV,203,1.0,0.0,0.6670109516322573,0.6670109516322573,,,,1.0
33,water_gsolv_eV,204,1.0,0.0,0.6670109516322573,0.6670109516322573,,,,1.0
33,water_gsolv_eV,205,1.0,0.0,0.6670109516322573,0.6670109516322573,,,,1.0
33,water_gsolv_eV,206,1.0,0.0,0.6670109516322573,0.6670109516322573,,,,1.0
33,water_gsolv_eV,207,1.0,0.0,0.6670109516322573,0.6670109516322573,,,,1.0
33,water_gsolv_eV,208,1.0,0.0,0.6670109516322573,0.6670109516322573,,,,1.0
33,water_gsolv_eV,209,1.0,0.0,0.6670109516322573,0.6670109516322573,,,,1.0
33,water_gsolv_eV,210,1.0,0.0,0.6670109516322573,0.6670109516322573,,,,1.0
33,water_gsolv_eV,211,1.0,0.0,0.6670109516322573,0.6670109516322573,,,,1.0
33,water_gsolv_eV,212,1.0,0.0,0.6670109516322573,0.6670109516322573,,,,1.0
33,water_gsolv_eV,213,1.0,0.0,0.6670109516322573,0.6670109516322573,,,,1.0
33,water_gsolv_eV,214,1.0,0.0,0.6670109516322573,0.6670109516322573,,,,1.0
33,water_gsolv_eV,215,1.0,0.0,0.6670109516322573,0.6670109516322573,,,,1.0
33,water_gsolv_eV,216,1.0,0.0,0.6670109516322573,0.6670109516322573,,,,1.0
33,water_gsolv_eV,217,1.0,0.0,0.6670109516322573,0.6670109516322573,,,,1.0
33,water_gsolv_eV,218,1.0,0.0,0.6670109516322573,0.6670109516322573,,,,1.0
33,water_gsolv_eV,219,1.0,0.0,0.6670109516322573,0.6670109516322573,,,,1.0
33,water_gsolv_eV,220,1.0,0.0,0.6670109516322573,0.6670109516322573,,,,1.0
33,water_gsolv_eV,221,1.0,0.0,0.6670109516322573,0.6670109516322573,,,,1.0
33,water_gsolv_eV,222,1.0,0.0,0.6670109516322573,0.6670109516322573,,,,1.0
33,water_gsolv_eV,223,1.0,0.0,0.6670109516322573,0.6670109516322573,,,,1.0
33,water_gsolv_eV,224,1.0,0.0,0.6670109516322573,0.6670109516322573,,,,1.0
33,water_gsolv_eV,225,1.0,0.0,0.6670109516322573,0.6670109516322573,,,,1.0
33,water_gsolv_eV,226,1.0,0.0,0.6670109516322573,0.6670109516322573,,,,1.0
33,water_gsolv_eV,227,1.0,0.0,0.6670109516322573,0.6670109516322573,,,,1.0
33,water_gsolv_eV,228,1.0,0.0,0.6670109516322573,0.6670109516322573,,,,1.0
33,water_gsolv_eV,229,1.0,0.0,0.6670109516322573,0.6670109516322573,,,,1.0
33,water_gsolv_eV,230,1.0,0.0,0.6670109516322573,0.6670109516322573,,,,1.0
33,water_gsolv_eV,231,1.0,0.0,0.6670109516322573,0.6670109516322573,,,,1.0
33,water_gsolv_eV,232,1.0,0.0,0.6670109516322573,0.6670109516322573,,,,1.0
33,water_gsolv_eV,233,1.0,0.0,0.6670109516322573,0.6670109516322573,,,,1.0
33,water_gsolv_eV,234,1.0,0.0,0.6670109516322573,0.6670109516322573,,,,1.0
33,water_gsolv_eV,235,1.0,0.0,0.6670109516322573,0.6670109516322573,,,,1.0
33,water_gsolv_eV,236,1.0,0.0,0.6670109516322573,0.6670109516322573,,,,1.0
33,water_gsolv_eV,237,1.0,0.0,0.6670109516322573,0.6670109516322573,,,,1.0
33,water_gsolv_eV,238,1.0,0.0,0.6670109516322573,0.6670109516322573,,,,1.0
33,water_gsolv_eV,239,1.0,0.0,0.6670109516322573,0.6670109516322573,,,,1.0
33,water_gsolv_eV,240,1.0,0.0,0.6670109516322573,0.6670109516322573,,,,1.0
33,water_gsolv_eV,241,1.0,0.0,0.6670109516322573,0.6670109516322573,,,,1.0
33,water_gsolv_eV,242,1.0,0.0,0.6670109516322573,0.6670109516322573,,,,1.0
33,water_gsolv_eV,243,1.0,0.0,0.6670109516322573,0.6670109516322573,,,,1.0
33,water_gsolv_eV,244,1.0,0.0,0.6670109516322573,0.6670109516322573,,,,1.0
33,water_gsolv_eV,245,1.0,0.0,0.6670109516322573,0.6670109516322573,,,,1.0
33,water_gsolv_eV,246,1.0,0.0,0.6670109516322573,0.6670109516322573,,,,1.0
33,water_gsolv_eV,247,1.0,0.0,0.6670109516322573,0.6670109516322573,,,,1.0
33,water_gsolv_eV,248,1.0,0.0,0.6670109516322573,0.6670109516322573,,,,1.0
33,water_gsolv_eV,249,1.0,0.0,0.6670109516322573,0.6670109516322573,,,,1.0
33,water_hl_gap_eV,0,0.9999999403953552,0.0,0.7092292358481014,0.7092292358481014,,,,1.0
33,water_hl_gap_eV,1,0.9999999403953552,0.0,0.7092292358481014,0.7092292358481014,,,,1.0
33,water_hl_gap_eV,2,0.9999999403953552,0.0,0.7092292358481014,0.7092292358481014,,,,1.0
33,water_hl_gap_eV,3,0.9999999403953552,0.0,0.7092292358481014,0.7092292358481014,,,,1.0
33,water_hl_gap_eV,4,0.9999999403953552,0.0,0.7092292358481014,0.7092292358481014,,,,1.0
33,water_hl_gap_eV,5,0.9999999403953552,0.0,0.7092292358481014,0.7092292358481014,,,,1.0
33,water_hl_gap_eV,6,0.9999999403953552,0.0,0.7092292358481014,0.7092292358481014,,,,1.0
33,water_hl_gap_eV,7,0.9999999403953552,0.0,0.7092292358481014,0.7092292358481014,,,,1.0
33,water_hl_gap_eV,8,0.9999999403953552,0.0,0.7092292358481014,0.7092292358481014,,,,1.0
33,water_hl_gap_eV,9,0.9999999403953552,0.0,0.7092292358481014,0.7092292358481014,,,,1.0
33,water_hl_gap_eV,10,0.9999999403953552,0.0,0.7092292358481014,0.7092292358481014,,,,1.0
33,water_hl_gap_eV,11,0.9999999403953552,0.0,0.7092292358481014,0.7092292358481014,,,,1.0
33,water_hl_gap_eV,12,0.9999999403953552,0.0,0.7092292358481014,0.7092292358481014,,,,1.0
33,water_hl_gap_eV,13,0.9999999403953552,0.0,0.7092292358481014,0.7092292358481014,,,,1.0
33,water_hl_gap_eV,14,0.9999999403953552,0.0,0.7092292358481014,0.7092292358481014,,,,1.0
33,water_hl_gap_eV,15,0.9999999403953552,0.0,0.7092292358481014,0.7092292358481014,,,,1.0
33,water_hl_gap_eV,16,0.9999999403953552,0.0,0.7092292358481014,0.7092292358481014,,,,1.0
33,water_hl_gap_eV,17,0.9999999403953552,0.0,0.7092292358481014,0.7092292358481014,,,,1.0
33,water_hl_gap_eV,18,0.9999999403953552,0.0,0.7092292358481014,0.7092292358481014,,,,1.0
33,water_hl_gap_eV,19,0.9999999403953552,0.0,0.7092292358481014,0.7092292358481014,,,,1.0
33,water_hl_gap_eV,20,0.9999999403953552,0.0,0.7092292358481014,0.7092292358481014,,,,1.0
33,water_hl_gap_eV,21,0.9999999403953552,0.0,0.7092292358481014,0.7092292358481014,,,,1.0
33,water_hl_gap_eV,22,0.9999999403953552,0.0,0.7092292358481014,0.7092292358481014,,,,1.0
33,water_hl_gap_eV,23,0.9999999403953552,0.0,0.7092292358481014,0.7092292358481014,,,,1.0
33,water_hl_gap_eV,24,0.9999999403953552,0.0,0.7092292358481014,0.7092292358481014,,,,1.0
33,water_hl_gap_eV,25,0.9999999403953552,0.0,0.7092292358481014,0.7092292358481014,,,,1.0
33,water_hl_gap_eV,26,0.9999999403953552,0.0,0.7092292358481014,0.7092292358481014,,,,1.0
33,water_hl_gap_eV,27,0.9999999403953552,0.0,0.7092292358481014,0.7092292358481014,,,,1.0
33,water_hl_gap_eV,28,0.9999999403953552,0.0,0.7092292358481014,0.7092292358481014,,,,1.0
33,water_hl_gap_eV,29,0.9999999403953552,0.0,0.7092292358481014,0.7092292358481014,,,,1.0
33,water_hl_gap_eV,30,0.9999999403953552,0.0,0.7092292358481014,0.7092292358481014,,,,1.0
33,water_hl_gap_eV,31,0.9999999403953552,0.0,0.7092292358481014,0.7092292358481014,,,,1.0
33,water_hl_gap_eV,32,0.9999999403953552,0.0,0.7092292358481014,0.7092292358481014,,,,1.0
33,water_hl_gap_eV,33,0.9999999403953552,0.0,0.7092292358481014,0.7092292358481014,,,,1.0
33,water_hl_gap_eV,34,0.9999999403953552,0.0,0.7092292358481014,0.7092292358481014,,,,1.0
33,water_hl_gap_eV,35,0.9999999403953552,0.0,0.7092292358481014,0.7092292358481014,,,,1.0
33,water_hl_gap_eV,36,0.9999999403953552,0.0,0.7092292358481014,0.7092292358481014,,,,1.0
33,water_hl_gap_eV,37,0.9999999403953552,0.0,0.7092292358481014,0.7092292358481014,,,,1.0
33,water_hl_gap_eV,38,0.9999999403953552,0.0,0.7092292358481014,0.7092292358481014,,,,1.0
33,water_hl_gap_eV,39,0.9999999403953552,0.0,0.7092292358481014,0.7092292358481014,,,,1.0
33,water_hl_gap_eV,40,0.9999999403953552,0.0,0.7092292358481014,0.7092292358481014,,,,1.0
33,water_hl_gap_eV,41,0.9999999403953552,0.0,0.7092292358481014,0.7092292358481014,,,,1.0
33,water_hl_gap_eV,42,0.9999999403953552,0.0,0.7092292358481014,0.7092292358481014,,,,1.0
33,water_hl_gap_eV,43,0.9999999403953552,0.0,0.7092292358481014,0.7092292358481014,,,,1.0
33,water_hl_gap_eV,44,0.9999999403953552,0.0,0.7092292358481014,0.7092292358481014,,,,1.0
33,water_hl_gap_eV,45,0.9999999403953552,0.0,0.7092292358481014,0.7092292358481014,,,,1.0
33,water_hl_gap_eV,46,0.9999999403953552,0.0,0.7092292358481014,0.7092292358481014,,,,1.0
33,water_hl_gap_eV,47,0.9999999403953552,0.0,0.7092292358481014,0.7092292358481014,,,,1.0
33,water_hl_gap_eV,48,0.9999999403953552,0.0,0.7092292358481014,0.7092292358481014,,,,1.0
33,water_hl_gap_eV,49,0.9999999403953552,0.0,0.7092292358481014,0.7092292358481014,,,,1.0
33,water_hl_gap_eV,50,0.9999999403953552,0.0,0.7092292358481014,0.7092292358481014,,,,1.0
33,water_hl_gap_eV,51,0.9999999403953552,0.0,0.7092292358481014,0.7092292358481014,,,,1.0
33,water_hl_gap_eV,52,0.9999999403953552,0.0,0.7092292358481014,0.7092292358481014,,,,1.0
33,water_hl_gap_eV,53,0.9999999403953552,0.0,0.7092292358481014,0.7092292358481014,,,,1.0
33,water_hl_gap_eV,54,0.9999999403953552,0.0,0.7092292358481014,0.7092292358481014,,,,1.0
33,water_hl_gap_eV,55,0.9999999403953552,0.0,0.7092292358481014,0.7092292358481014,,,,1.0
33,water_hl_gap_eV,56,0.9999999403953552,0.0,0.7092292358481014,0.7092292358481014,,,,1.0
33,water_hl_gap_eV,57,0.9999999403953552,0.0,0.7092292358481014,0.7092292358481014,,,,1.0
33,water_hl_gap_eV,58,0.9999999403953552,0.0,0.7092292358481014,0.7092292358481014,,,,1.0
33,water_hl_gap_eV,59,0.9999999403953552,0.0,0.7092292358481014,0.7092292358481014,,,,1.0
33,water_hl_gap_eV,60,0.9999999403953552,0.0,0.7092292358481014,0.7092292358481014,,,,1.0
33,water_hl_gap_eV,61,0.9999999403953552,0.0,0.7092292358481014,0.7092292358481014,,,,1.0
33,water_hl_gap_eV,62,0.9999999403953552,0.0,0.7092292358481014,0.7092292358481014,,,,1.0
33,water_hl_gap_eV,63,0.9999999403953552,0.0,0.7092292358481014,0.7092292358481014,,,,1.0
33,water_hl_gap_eV,64,0.9999999403953552,0.0,0.7092292358481014,0.7092292358481014,,,,1.0
33,water_hl_gap_eV,65,0.9999999403953552,0.0,0.7092292358481014,0.7092292358481014,,,,1.0
33,water_hl_gap_eV,66,0.9999999403953552,0.0,0.7092292358481014,0.7092292358481014,,,,1.0
33,water_hl_gap_eV,67,0.9999999403953552,0.0,0.7092292358481014,0.7092292358481014,,,,1.0
33,water_hl_gap_eV,68,0.9999999403953552,0.0,0.7092292358481014,0.7092292358481014,,,,1.0
33,water_hl_gap_eV,69,0.9999999403953552,0.0,0.7092292358481014,0.7092292358481014,,,,1.0
33,water_hl_gap_eV,70,0.9999999403953552,0.0,0.7092292358481014,0.7092292358481014,,,,1.0
33,water_hl_gap_eV,71,0.9999999403953552,0.0,0.7092292358481014,0.7092292358481014,,,,1.0
33,water_hl_gap_eV,72,0.9999999403953552,0.0,0.7092292358481014,0.7092292358481014,,,,1.0
33,water_hl_gap_eV,73,0.9999999403953552,0.0,0.7092292358481014,0.7092292358481014,,,,1.0
33,water_hl_gap_eV,74,0.9999999403953552,0.0,0.7092292358481014,0.7092292358481014,,,,1.0
33,water_hl_gap_eV,75,0.9999999403953552,0.0,0.7092292358481014,0.7092292358481014,,,,1.0
33,water_hl_gap_eV,76,0.9999999403953552,0.0,0.7092292358481014,0.7092292358481014,,,,1.0
33,water_hl_gap_eV,77,0.9999999403953552,0.0,0.7092292358481014,0.7092292358481014,,,,1.0
33,water_hl_gap_eV,78,0.9999999403953552,0.0,0.7092292358481014,0.7092292358481014,,,,1.0
33,water_hl_gap_eV,79,0.9999999403953552,0.0,0.7092292358481014,0.7092292358481014,,,,1.0
33,water_hl_gap_eV,80,0.9999999403953552,0.0,0.7092292358481014,0.7092292358481014,,,,1.0
33,water_hl_gap_eV,81,0.9999999403953552,0.0,0.7092292358481014,0.7092292358481014,,,,1.0
33,water_hl_gap_eV,82,0.9999999403953552,0.0,0.7092292358481014,0.7092292358481014,,,,1.0
33,water_hl_gap_eV,83,0.9999999403953552,0.0,0.7092292358481014,0.7092292358481014,,,,1.0
33,water_hl_gap_eV,84,0.9999999403953552,0.0,0.7092292358481014,0.7092292358481014,,,,1.0
33,water_hl_gap_eV,85,0.9999999403953552,0.0,0.7092292358481014,0.7092292358481014,,,,1.0
33,water_hl_gap_eV,86,0.9999999403953552,0.0,0.7092292358481014,0.7092292358481014,,,,1.0
33,water_hl_gap_eV,87,0.9999999403953552,0.0,0.7092292358481014,0.7092292358481014,,,,1.0
33,water_hl_gap_eV,88,0.9999999403953552,0.0,0.7092292358481014,0.7092292358481014,,,,1.0
33,water_hl_gap_eV,89,0.9999999403953552,0.0,0.7092292358481014,0.7092292358481014,,,,1.0
33,water_hl_gap_eV,90,0.9999999403953552,0.0,0.7092292358481014,0.7092292358481014,,,,1.0
33,water_hl_gap_eV,91,0.9999999403953552,0.0,0.7092292358481014,0.7092292358481014,,,,1.0
33,water_hl_gap_eV,92,0.9999999403953552,0.0,0.7092292358481014,0.7092292358481014,,,,1.0
33,water_hl_gap_eV,93,0.9999999403953552,0.0,0.7092292358481014,0.7092292358481014,,,,1.0
33,water_hl_gap_eV,94,0.9999999403953552,0.0,0.7092292358481014,0.7092292358481014,,,,1.0
33,water_hl_gap_eV,95,0.9999999403953552,0.0,0.7092292358481014,0.7092292358481014,,,,1.0
33,water_hl_gap_eV,96,0.9999999403953552,0.0,0.7092292358481014,0.7092292358481014,,,,1.0
33,water_hl_gap_eV,97,0.9999999403953552,0.0,0.7092292358481014,0.7092292358481014,,,,1.0
33,water_hl_gap_eV,98,0.9999999403953552,0.0,0.7092292358481014,0.7092292358481014,,,,1.0
33,water_hl_gap_eV,99,0.9999999403953552,0.0,0.7092292358481014,0.7092292358481014,,,,1.0
33,water_hl_gap_eV,100,0.9999999403953552,0.0,0.7092292358481014,0.7092292358481014,,,,1.0
33,water_hl_gap_eV,101,0.9999999403953552,0.0,0.7092292358481014,0.7092292358481014,,,,1.0
33,water_hl_gap_eV,102,0.9999999403953552,0.0,0.7092292358481014,0.7092292358481014,,,,1.0
33,water_hl_gap_eV,103,0.9999999403953552,0.0,0.7092292358481014,0.7092292358481014,,,,1.0
33,water_hl_gap_eV,104,0.9999999403953552,0.0,0.7092292358481014,0.7092292358481014,,,,1.0
33,water_hl_gap_eV,105,0.9999999403953552,0.0,0.7092292358481014,0.7092292358481014,,,,1.0
33,water_hl_gap_eV,106,0.9999999403953552,0.0,0.7092292358481014,0.7092292358481014,,,,1.0
33,water_hl_gap_eV,107,0.9999999403953552,0.0,0.7092292358481014,0.7092292358481014,,,,1.0
33,water_hl_gap_eV,108,0.9999999403953552,0.0,0.7092292358481014,0.7092292358481014,,,,1.0
33,water_hl_gap_eV,109,0.9999999403953552,0.0,0.7092292358481014,0.7092292358481014,,,,1.0
33,water_hl_gap_eV,110,0.9999999403953552,0.0,0.7092292358481014,0.7092292358481014,,,,1.0
33,water_hl_gap_eV,111,0.9999999403953552,0.0,0.7092292358481014,0.7092292358481014,,,,1.0
33,water_hl_gap_eV,112,0.9999999403953552,0.0,0.7092292358481014,0.7092292358481014,,,,1.0
33,water_hl_gap_eV,113,0.9999999403953552,0.0,0.7092292358481014,0.7092292358481014,,,,1.0
33,water_hl_gap_eV,114,0.9999999403953552,0.0,0.7092292358481014,0.7092292358481014,,,,1.0
33,water_hl_gap_eV,115,0.9999999403953552,0.0,0.7092292358481014,0.7092292358481014,,,,1.0
33,water_hl_gap_eV,116,0.9999999403953552,0.0,0.7092292358481014,0.7092292358481014,,,,1.0
33,water_hl_gap_eV,117,0.9999999403953552,0.0,0.7092292358481014,0.7092292358481014,,,,1.0
33,water_hl_gap_eV,118,0.9999999403953552,0.0,0.7092292358481014,0.7092292358481014,,,,1.0
33,water_hl_gap_eV,119,0.9999999403953552,0.0,0.7092292358481014,0.7092292358481014,,,,1.0
33,water_hl_gap_eV,120,0.9999999403953552,0.0,0.7092292358481014,0.7092292358481014,,,,1.0
33,water_hl_gap_eV,121,0.9999999403953552,0.0,0.7092292358481014,0.7092292358481014,,,,1.0
33,water_hl_gap_eV,122,0.9999999403953552,0.0,0.7092292358481014,0.7092292358481014,,,,1.0
33,water_hl_gap_eV,123,0.9999999403953552,0.0,0.7092292358481014,0.7092292358481014,,,,1.0
33,water_hl_gap_eV,124,0.9999999403953552,0.0,0.7092292358481014,0.7092292358481014,,,,1.0
33,water_hl_gap_eV,125,0.9999999403953552,0.0,0.7092292358481014,0.7092292358481014,,,,1.0
33,water_hl_gap_eV,126,0.9999999403953552,0.0,0.7092292358481014,0.7092292358481014,,,,1.0
33,water_hl_gap_eV,127,0.9999999403953552,0.0,0.7092292358481014,0.7092292358481014,,,,1.0
33,water_hl_gap_eV,128,0.9999999403953552,0.0,0.7092292358481014,0.7092292358481014,,,,1.0
33,water_hl_gap_eV,129,0.9999999403953552,0.0,0.7092292358481014,0.7092292358481014,,,,1.0
33,water_hl_gap_eV,130,0.9999999403953552,0.0,0.7092292358481014,0.7092292358481014,,,,1.0
33,water_hl_gap_eV,131,0.9999999403953552,0.0,0.7092292358481014,0.7092292358481014,,,,1.0
33,water_hl_gap_eV,132,0.9999999403953552,0.0,0.7092292358481014,0.7092292358481014,,,,1.0
33,water_hl_gap_eV,133,0.9999999403953552,0.0,0.7092292358481014,0.7092292358481014,,,,1.0
33,water_hl_gap_eV,134,0.9999999403953552,0.0,0.7092292358481014,0.7092292358481014,,,,1.0
33,water_hl_gap_eV,135,0.9999999403953552,0.0,0.7092292358481014,0.7092292358481014,,,,1.0
33,water_hl_gap_eV,136,0.9999999403953552,0.0,0.7092292358481014,0.7092292358481014,,,,1.0
33,water_hl_gap_eV,137,0.9999999403953552,0.0,0.7092292358481014,0.7092292358481014,,,,1.0
33,water_hl_gap_eV,138,0.9999999403953552,0.0,0.7092292358481014,0.7092292358481014,,,,1.0
33,water_hl_gap_eV,139,0.9999999403953552,0.0,0.7092292358481014,0.7092292358481014,,,,1.0
33,water_hl_gap_eV,140,0.9999999403953552,0.0,0.7092292358481014,0.7092292358481014,,,,1.0
33,water_hl_gap_eV,141,0.9999999403953552,0.0,0.7092292358481014,0.7092292358481014,,,,1.0
33,water_hl_gap_eV,142,0.9999999403953552,0.0,0.7092292358481014,0.7092292358481014,,,,1.0
33,water_hl_gap_eV,143,0.9999999403953552,0.0,0.7092292358481014,0.7092292358481014,,,,1.0
33,water_hl_gap_eV,144,0.9999999403953552,0.0,0.7092292358481014,0.7092292358481014,,,,1.0
33,water_hl_gap_eV,145,0.9999999403953552,0.0,0.7092292358481014,0.7092292358481014,,,,1.0
33,water_hl_gap_eV,146,0.9999999403953552,0.0,0.7092292358481014,0.7092292358481014,,,,1.0
33,water_hl_gap_eV,147,0.9999999403953552,0.0,0.7092292358481014,0.7092292358481014,,,,1.0
33,water_hl_gap_eV,148,0.9999999403953552,0.0,0.7092292358481014,0.7092292358481014,,,,1.0
33,water_hl_gap_eV,149,0.9999999403953552,0.0,0.7092292358481014,0.7092292358481014,,,,1.0
33,water_hl_gap_eV,150,0.9999999403953552,0.0,0.7092292358481014,0.7092292358481014,,,,1.0
33,water_hl_gap_eV,151,0.9999999403953552,0.0,0.7092292358481014,0.7092292358481014,,,,1.0
33,water_hl_gap_eV,152,0.9999999403953552,0.0,0.7092292358481014,0.7092292358481014,,,,1.0
33,water_hl_gap_eV,153,0.9999999403953552,0.0,0.7092292358481014,0.7092292358481014,,,,1.0
33,water_hl_gap_eV,154,0.9999999403953552,0.0,0.7092292358481014,0.7092292358481014,,,,1.0
33,water_hl_gap_eV,155,0.9999999403953552,0.0,0.7092292358481014,0.7092292358481014,,,,1.0
33,water_hl_gap_eV,156,0.9999999403953552,0.0,0.7092292358481014,0.7092292358481014,,,,1.0
33,water_hl_gap_eV,157,0.9999999403953552,0.0,0.7092292358481014,0.7092292358481014,,,,1.0
33,water_hl_gap_eV,158,0.9999999403953552,0.0,0.7092292358481014,0.7092292358481014,,,,1.0
33,water_hl_gap_eV,159,0.9999999403953552,0.0,0.7092292358481014,0.7092292358481014,,,,1.0
33,water_hl_gap_eV,160,0.9999999403953552,0.0,0.7092292358481014,0.7092292358481014,,,,1.0
33,water_hl_gap_eV,161,0.9999999403953552,0.0,0.7092292358481014,0.7092292358481014,,,,1.0
33,water_hl_gap_eV,162,0.9999999403953552,0.0,0.7092292358481014,0.7092292358481014,,,,1.0
33,water_hl_gap_eV,163,0.9999999403953552,0.0,0.7092292358481014,0.7092292358481014,,,,1.0
33,water_hl_gap_eV,164,0.9999999403953552,0.0,0.7092292358481014,0.7092292358481014,,,,1.0
33,water_hl_gap_eV,165,0.9999999403953552,0.0,0.7092292358481014,0.7092292358481014,,,,1.0
33,water_hl_gap_eV,166,0.9999999403953552,0.0,0.7092292358481014,0.7092292358481014,,,,1.0
33,water_hl_gap_eV,167,0.9999999403953552,0.0,0.7092292358481014,0.7092292358481014,,,,1.0
33,water_hl_gap_eV,168,0.9999999403953552,0.0,0.7092292358481014,0.7092292358481014,,,,1.0
33,water_hl_gap_eV,169,0.9999999403953552,0.0,0.7092292358481014,0.7092292358481014,,,,1.0
33,water_hl_gap_eV,170,0.9999999403953552,0.0,0.7092292358481014,0.7092292358481014,,,,1.0
33,water_hl_gap_eV,171,0.9999999403953552,0.0,0.7092292358481014,0.7092292358481014,,,,1.0
33,water_hl_gap_eV,172,0.9999999403953552,0.0,0.7092292358481014,0.7092292358481014,,,,1.0
33,water_hl_gap_eV,173,0.9999999403953552,0.0,0.7092292358481014,0.7092292358481014,,,,1.0
33,water_hl_gap_eV,174,0.9999999403953552,0.0,0.7092292358481014,0.7092292358481014,,,,1.0
33,water_hl_gap_eV,175,0.9999999403953552,0.0,0.7092292358481014,0.7092292358481014,,,,1.0
33,water_hl_gap_eV,176,0.9999999403953552,0.0,0.7092292358481014,0.7092292358481014,,,,1.0
33,water_hl_gap_eV,177,0.9999999403953552,0.0,0.7092292358481014,0.7092292358481014,,,,1.0
33,water_hl_gap_eV,178,0.9999999403953552,0.0,0.7092292358481014,0.7092292358481014,,,,1.0
33,water_hl_gap_eV,179,0.9999999403953552,0.0,0.7092292358481014,0.7092292358481014,,,,1.0
33,water_hl_gap_eV,180,0.9999999403953552,0.0,0.7092292358481014,0.7092292358481014,,,,1.0
33,water_hl_gap_eV,181,0.9999999403953552,0.0,0.7092292358481014,0.7092292358481014,,,,1.0
33,water_hl_gap_eV,182,0.9999999403953552,0.0,0.7092292358481014,0.7092292358481014,,,,1.0
33,water_hl_gap_eV,183,0.9999999403953552,0.0,0.7092292358481014,0.7092292358481014,,,,1.0
33,water_hl_gap_eV,184,0.9999999403953552,0.0,0.7092292358481014,0.7092292358481014,,,,1.0
33,water_hl_gap_eV,185,0.9999999403953552,0.0,0.7092292358481014,0.7092292358481014,,,,1.0
33,water_hl_gap_eV,186,0.9999999403953552,0.0,0.7092292358481014,0.7092292358481014,,,,1.0
33,water_hl_gap_eV,187,0.9999999403953552,0.0,0.7092292358481014,0.7092292358481014,,,,1.0
33,water_hl_gap_eV,188,0.9999999403953552,0.0,0.7092292358481014,0.7092292358481014,,,,1.0
33,water_hl_gap_eV,189,0.9999999403953552,0.0,0.7092292358481014,0.7092292358481014,,,,1.0
33,water_hl_gap_eV,190,0.9999999403953552,0.0,0.7092292358481014,0.7092292358481014,,,,1.0
33,water_hl_gap_eV,191,0.9999999403953552,0.0,0.7092292358481014,0.7092292358481014,,,,1.0
33,water_hl_gap_eV,192,0.9999999403953552,0.0,0.7092292358481014,0.7092292358481014,,,,1.0
33,water_hl_gap_eV,193,0.9999999403953552,0.0,0.7092292358481014,0.7092292358481014,,,,1.0
33,water_hl_gap_eV,194,0.9999999403953552,0.0,0.7092292358481014,0.7092292358481014,,,,1.0
33,water_hl_gap_eV,195,0.9999999403953552,0.0,0.7092292358481014,0.7092292358481014,,,,1.0
33,water_hl_gap_eV,196,0.9999999403953552,0.0,0.7092292358481014,0.7092292358481014,,,,1.0
33,water_hl_gap_eV,197,0.9999999403953552,0.0,0.7092292358481014,0.7092292358481014,,,,1.0
33,water_hl_gap_eV,198,0.9999999403953552,0.0,0.7092292358481014,0.7092292358481014,,,,1.0
33,water_hl_gap_eV,199,0.9999999403953552,0.0,0.7092292358481014,0.7092292358481014,,,,1.0
33,water_hl_gap_eV,200,0.9999999403953552,0.0,0.7092292358481014,0.7092292358481014,,,,1.0
33,water_hl_gap_eV,201,0.9999999403953552,0.0,0.7092292358481014,0.7092292358481014,,,,1.0
33,water_hl_gap_eV,202,0.9999999403953552,0.0,0.7092292358481014,0.7092292358481014,,,,1.0
33,water_hl_gap_eV,203,0.9999999403953552,0.0,0.7092292358481014,0.7092292358481014,,,,1.0
33,water_hl_gap_eV,204,0.9999999403953552,0.0,0.7092292358481014,0.7092292358481014,,,,1.0
33,water_hl_gap_eV,205,0.9999999403953552,0.0,0.7092292358481014,0.7092292358481014,,,,1.0
33,water_hl_gap_eV,206,0.9999999403953552,0.0,0.7092292358481014,0.7092292358481014,,,,1.0
33,water_hl_gap_eV,207,0.9999999403953552,0.0,0.7092292358481014,0.7092292358481014,,,,1.0
33,water_hl_gap_eV,208,0.9999999403953552,0.0,0.7092292358481014,0.7092292358481014,,,,1.0
33,water_hl_gap_eV,209,0.9999999403953552,0.0,0.7092292358481014,0.7092292358481014,,,,1.0
33,water_hl_gap_eV,210,0.9999999403953552,0.0,0.7092292358481014,0.7092292358481014,,,,1.0
33,water_hl_gap_eV,211,0.9999999403953552,0.0,0.7092292358481014,0.7092292358481014,,,,1.0
33,water_hl_gap_eV,212,0.9999999403953552,0.0,0.7092292358481014,0.7092292358481014,,,,1.0
33,water_hl_gap_eV,213,0.9999999403953552,0.0,0.7092292358481014,0.7092292358481014,,,,1.0
33,water_hl_gap_eV,214,0.9999999403953552,0.0,0.7092292358481014,0.7092292358481014,,,,1.0
33,water_hl_gap_eV,215,0.9999999403953552,0.0,0.7092292358481014,0.7092292358481014,,,,1.0
33,water_hl_gap_eV,216,0.9999999403953552,0.0,0.7092292358481014,0.7092292358481014,,,,1.0
33,water_hl_gap_eV,217,0.9999999403953552,0.0,0.7092292358481014,0.7092292358481014,,,,1.0
33,water_hl_gap_eV,218,0.9999999403953552,0.0,0.7092292358481014,0.7092292358481014,,,,1.0
33,water_hl_gap_eV,219,0.9999999403953552,0.0,0.7092292358481014,0.7092292358481014,,,,1.0
33,water_hl_gap_eV,220,0.9999999403953552,0.0,0.7092292358481014,0.7092292358481014,,,,1.0
33,water_hl_gap_eV,221,0.9999999403953552,0.0,0.7092292358481014,0.7092292358481014,,,,1.0
33,water_hl_gap_eV,222,0.9999999403953552,0.0,0.7092292358481014,0.7092292358481014,,,,1.0
33,water_hl_gap_eV,223,0.9999999403953552,0.0,0.7092292358481014,0.7092292358481014,,,,1.0
33,water_hl_gap_eV,224,0.9999999403953552,0.0,0.7092292358481014,0.7092292358481014,,,,1.0
33,water_hl_gap_eV,225,0.9999999403953552,0.0,0.7092292358481014,0.7092292358481014,,,,1.0
33,water_hl_gap_eV,226,0.9999999403953552,0.0,0.7092292358481014,0.7092292358481014,,,,1.0
33,water_hl_gap_eV,227,0.9999999403953552,0.0,0.7092292358481014,0.7092292358481014,,,,1.0
33,water_hl_gap_eV,228,0.9999999403953552,0.0,0.7092292358481014,0.7092292358481014,,,,1.0
33,water_hl_gap_eV,229,0.9999999403953552,0.0,0.7092292358481014,0.7092292358481014,,,,1.0
33,water_hl_gap_eV,230,0.9999999403953552,0.0,0.7092292358481014,0.7092292358481014,,,,1.0
33,water_hl_gap_eV,231,0.9999999403953552,0.0,0.7092292358481014,0.7092292358481014,,,,1.0
33,water_hl_gap_eV,232,0.9999999403953552,0.0,0.7092292358481014,0.7092292358481014,,,,1.0
33,water_hl_gap_eV,233,0.9999999403953552,0.0,0.7092292358481014,0.7092292358481014,,,,1.0
33,water_hl_gap_eV,234,0.9999999403953552,0.0,0.7092292358481014,0.7092292358481014,,,,1.0
33,water_hl_gap_eV,235,0.9999999403953552,0.0,0.7092292358481014,0.7092292358481014,,,,1.0
33,water_hl_gap_eV,236,0.9999999403953552,0.0,0.7092292358481014,0.7092292358481014,,,,1.0
33,water_hl_gap_eV,237,0.9999999403953552,0.0,0.7092292358481014,0.7092292358481014,,,,1.0
33,water_hl_gap_eV,238,0.9999999403953552,0.0,0.7092292358481014,0.7092292358481014,,,,1.0
33,water_hl_gap_eV,239,0.9999999403953552,0.0,0.7092292358481014,0.7092292358481014,,,,1.0
33,water_hl_gap_eV,240,0.9999999403953552,0.0,0.7092292358481014,0.7092292358481014,,,,1.0
33,water_hl_gap_eV,241,0.9999999403953552,0.0,0.7092292358481014,0.7092292358481014,,,,1.0
33,water_hl_gap_eV,242,0.9999999403953552,0.0,0.7092292358481014,0.7092292358481014,,,,1.0
33,water_hl_gap_eV,243,0.9999999403953552,0.0,0.7092292358481014,0.7092292358481014,,,,1.0
33,water_hl_gap_eV,244,0.9999999403953552,0.0,0.7092292358481014,0.7092292358481014,,,,1.0
33,water_hl_gap_eV,245,0.9999999403953552,0.0,0.7092292358481014,0.7092292358481014,,,,1.0
33,water_hl_gap_eV,246,0.9999999403953552,0.0,0.7092292358481014,0.7092292358481014,,,,1.0
33,water_hl_gap_eV,247,0.9999999403953552,0.0,0.7092292358481014,0.7092292358481014,,,,1.0
33,water_hl_gap_eV,248,0.9999999403953552,0.0,0.7092292358481014,0.7092292358481014,,,,1.0
33,water_hl_gap_eV,249,0.9999999403953552,0.0,0.7092292358481014,0.7092292358481014,,,,1.0
33,water_dipole,0,1.0000001192092896,0.0,0.6165586281927968,0.6165586281927968,,,,1.0
33,water_dipole,1,1.0000001192092896,0.0,0.6165586281927968,0.6165586281927968,,,,1.0
33,water_dipole,2,1.0000001192092896,0.0,0.6165586281927968,0.6165586281927968,,,,1.0
33,water_dipole,3,1.0000001192092896,0.0,0.6165586281927968,0.6165586281927968,,,,1.0
33,water_dipole,4,1.0000001192092896,0.0,0.6165586281927968,0.6165586281927968,,,,1.0
33,water_dipole,5,1.0000001192092896,0.0,0.6165586281927968,0.6165586281927968,,,,1.0
33,water_dipole,6,1.0000001192092896,0.0,0.6165586281927968,0.6165586281927968,,,,1.0
33,water_dipole,7,1.0000001192092896,0.0,0.6165586281927968,0.6165586281927968,,,,1.0
33,water_dipole,8,1.0000001192092896,0.0,0.6165586281927968,0.6165586281927968,,,,1.0
33,water_dipole,9,1.0000001192092896,0.0,0.6165586281927968,0.6165586281927968,,,,1.0
33,water_dipole,10,1.0000001192092896,0.0,0.6165586281927968,0.6165586281927968,,,,1.0
33,water_dipole,11,1.0000001192092896,0.0,0.6165586281927968,0.6165586281927968,,,,1.0
33,water_dipole,12,1.0000001192092896,0.0,0.6165586281927968,0.6165586281927968,,,,1.0
33,water_dipole,13,1.0000001192092896,0.0,0.6165586281927968,0.6165586281927968,,,,1.0
33,water_dipole,14,1.0000001192092896,0.0,0.6165586281927968,0.6165586281927968,,,,1.0
33,water_dipole,15,1.0000001192092896,0.0,0.6165586281927968,0.6165586281927968,,,,1.0
33,water_dipole,16,1.0000001192092896,0.0,0.6165586281927968,0.6165586281927968,,,,1.0
33,water_dipole,17,1.0000001192092896,0.0,0.6165586281927968,0.6165586281927968,,,,1.0
33,water_dipole,18,1.0000001192092896,0.0,0.6165586281927968,0.6165586281927968,,,,1.0
33,water_dipole,19,1.0000001192092896,0.0,0.6165586281927968,0.6165586281927968,,,,1.0
33,water_dipole,20,1.0000001192092896,0.0,0.6165586281927968,0.6165586281927968,,,,1.0
33,water_dipole,21,1.0000001192092896,0.0,0.6165586281927968,0.6165586281927968,,,,1.0
33,water_dipole,22,1.0000001192092896,0.0,0.6165586281927968,0.6165586281927968,,,,1.0
33,water_dipole,23,1.0000001192092896,0.0,0.6165586281927968,0.6165586281927968,,,,1.0
33,water_dipole,24,1.0000001192092896,0.0,0.6165586281927968,0.6165586281927968,,,,1.0
33,water_dipole,25,1.0000001192092896,0.0,0.6165586281927968,0.6165586281927968,,,,1.0
33,water_dipole,26,1.0000001192092896,0.0,0.6165586281927968,0.6165586281927968,,,,1.0
33,water_dipole,27,1.0000001192092896,0.0,0.6165586281927968,0.6165586281927968,,,,1.0
33,water_dipole,28,1.0000001192092896,0.0,0.6165586281927968,0.6165586281927968,,,,1.0
33,water_dipole,29,1.0000001192092896,0.0,0.6165586281927968,0.6165586281927968,,,,1.0
33,water_dipole,30,1.0000001192092896,0.0,0.6165586281927968,0.6165586281927968,,,,1.0
33,water_dipole,31,1.0000001192092896,0.0,0.6165586281927968,0.6165586281927968,,,,1.0
33,water_dipole,32,1.0000001192092896,0.0,0.6165586281927968,0.6165586281927968,,,,1.0
33,water_dipole,33,1.0000001192092896,0.0,0.6165586281927968,0.6165586281927968,,,,1.0
33,water_dipole,34,1.0000001192092896,0.0,0.6165586281927968,0.6165586281927968,,,,1.0
33,water_dipole,35,1.0000001192092896,0.0,0.6165586281927968,0.6165586281927968,,,,1.0
33,water_dipole,36,1.0000001192092896,0.0,0.6165586281927968,0.6165586281927968,,,,1.0
33,water_dipole,37,1.0000001192092896,0.0,0.6165586281927968,0.6165586281927968,,,,1.0
33,water_dipole,38,1.0000001192092896,0.0,0.6165586281927968,0.6165586281927968,,,,1.0
33,water_dipole,39,1.0000001192092896,0.0,0.6165586281927968,0.6165586281927968,,,,1.0
33,water_dipole,40,1.0000001192092896,0.0,0.6165586281927968,0.6165586281927968,,,,1.0
33,water_dipole,41,1.0000001192092896,0.0,0.6165586281927968,0.6165586281927968,,,,1.0
33,water_dipole,42,1.0000001192092896,0.0,0.6165586281927968,0.6165586281927968,,,,1.0
33,water_dipole,43,1.0000001192092896,0.0,0.6165586281927968,0.6165586281927968,,,,1.0
33,water_dipole,44,1.0000001192092896,0.0,0.6165586281927968,0.6165586281927968,,,,1.0
33,water_dipole,45,1.0000001192092896,0.0,0.6165586281927968,0.6165586281927968,,,,1.0
33,water_dipole,46,1.0000001192092896,0.0,0.6165586281927968,0.6165586281927968,,,,1.0
33,water_dipole,47,1.0000001192092896,0.0,0.6165586281927968,0.6165586281927968,,,,1.0
33,water_dipole,48,1.0000001192092896,0.0,0.6165586281927968,0.6165586281927968,,,,1.0
33,water_dipole,49,1.0000001192092896,0.0,0.6165586281927968,0.6165586281927968,,,,1.0
33,water_dipole,50,1.0000001192092896,0.0,0.6165586281927968,0.6165586281927968,,,,1.0
33,water_dipole,51,1.0000001192092896,0.0,0.6165586281927968,0.6165586281927968,,,,1.0
33,water_dipole,52,1.0000001192092896,0.0,0.6165586281927968,0.6165586281927968,,,,1.0
33,water_dipole,53,1.0000001192092896,0.0,0.6165586281927968,0.6165586281927968,,,,1.0
33,water_dipole,54,1.0000001192092896,0.0,0.6165586281927968,0.6165586281927968,,,,1.0
33,water_dipole,55,1.0000001192092896,0.0,0.6165586281927968,0.6165586281927968,,,,1.0
33,water_dipole,56,1.0000001192092896,0.0,0.6165586281927968,0.6165586281927968,,,,1.0
33,water_dipole,57,1.0000001192092896,0.0,0.6165586281927968,0.6165586281927968,,,,1.0
33,water_dipole,58,1.0000001192092896,0.0,0.6165586281927968,0.6165586281927968,,,,1.0
33,water_dipole,59,1.0000001192092896,0.0,0.6165586281927968,0.6165586281927968,,,,1.0
33,water_dipole,60,1.0000001192092896,0.0,0.6165586281927968,0.6165586281927968,,,,1.0
33,water_dipole,61,1.0000001192092896,0.0,0.6165586281927968,0.6165586281927968,,,,1.0
33,water_dipole,62,1.0000001192092896,0.0,0.6165586281927968,0.6165586281927968,,,,1.0
33,water_dipole,63,1.0000001192092896,0.0,0.6165586281927968,0.6165586281927968,,,,1.0
33,water_dipole,64,1.0000001192092896,0.0,0.6165586281927968,0.6165586281927968,,,,1.0
33,water_dipole,65,1.0000001192092896,0.0,0.6165586281927968,0.6165586281927968,,,,1.0
33,water_dipole,66,1.0000001192092896,0.0,0.6165586281927968,0.6165586281927968,,,,1.0
33,water_dipole,67,1.0000001192092896,0.0,0.6165586281927968,0.6165586281927968,,,,1.0
33,water_dipole,68,1.0000001192092896,0.0,0.6165586281927968,0.6165586281927968,,,,1.0
33,water_dipole,69,1.0000001192092896,0.0,0.6165586281927968,0.6165586281927968,,,,1.0
33,water_dipole,70,1.0000001192092896,0.0,0.6165586281927968,0.6165586281927968,,,,1.0
33,water_dipole,71,1.0000001192092896,0.0,0.6165586281927968,0.6165586281927968,,,,1.0
33,water_dipole,72,1.0000001192092896,0.0,0.6165586281927968,0.6165586281927968,,,,1.0
33,water_dipole,73,1.0000001192092896,0.0,0.6165586281927968,0.6165586281927968,,,,1.0
33,water_dipole,74,1.0000001192092896,0.0,0.6165586281927968,0.6165586281927968,,,,1.0
33,water_dipole,75,1.0000001192092896,0.0,0.6165586281927968,0.6165586281927968,,,,1.0
33,water_dipole,76,1.0000001192092896,0.0,0.6165586281927968,0.6165586281927968,,,,1.0
33,water_dipole,77,1.0000001192092896,0.0,0.6165586281927968,0.6165586281927968,,,,1.0
33,water_dipole,78,1.0000001192092896,0.0,0.6165586281927968,0.6165586281927968,,,,1.0
33,water_dipole,79,1.0000001192092896,0.0,0.6165586281927968,0.6165586281927968,,,,1.0
33,water_dipole,80,1.0000001192092896,0.0,0.6165586281927968,0.6165586281927968,,,,1.0
33,water_dipole,81,1.0000001192092896,0.0,0.6165586281927968,0.6165586281927968,,,,1.0
33,water_dipole,82,1.0000001192092896,0.0,0.6165586281927968,0.6165586281927968,,,,1.0
33,water_dipole,83,1.0000001192092896,0.0,0.6165586281927968,0.6165586281927968,,,,1.0
33,water_dipole,84,1.0000001192092896,0.0,0.6165586281927968,0.6165586281927968,,,,1.0
33,water_dipole,85,1.0000001192092896,0.0,0.6165586281927968,0.6165586281927968,,,,1.0
33,water_dipole,86,1.0000001192092896,0.0,0.6165586281927968,0.6165586281927968,,,,1.0
33,water_dipole,87,1.0000001192092896,0.0,0.6165586281927968,0.6165586281927968,,,,1.0
33,water_dipole,88,1.0000001192092896,0.0,0.6165586281927968,0.6165586281927968,,,,1.0
33,water_dipole,89,1.0000001192092896,0.0,0.6165586281927968,0.6165586281927968,,,,1.0
33,water_dipole,90,1.0000001192092896,0.0,0.6165586281927968,0.6165586281927968,,,,1.0
33,water_dipole,91,1.0000001192092896,0.0,0.6165586281927968,0.6165586281927968,,,,1.0
33,water_dipole,92,1.0000001192092896,0.0,0.6165586281927968,0.6165586281927968,,,,1.0
33,water_dipole,93,1.0000001192092896,0.0,0.6165586281927968,0.6165586281927968,,,,1.0
33,water_dipole,94,1.0000001192092896,0.0,0.6165586281927968,0.6165586281927968,,,,1.0
33,water_dipole,95,1.0000001192092896,0.0,0.6165586281927968,0.6165586281927968,,,,1.0
33,water_dipole,96,1.0000001192092896,0.0,0.6165586281927968,0.6165586281927968,,,,1.0
33,water_dipole,97,1.0000001192092896,0.0,0.6165586281927968,0.6165586281927968,,,,1.0
33,water_dipole,98,1.0000001192092896,0.0,0.6165586281927968,0.6165586281927968,,,,1.0
33,water_dipole,99,1.0000001192092896,0.0,0.6165586281927968,0.6165586281927968,,,,1.0
33,water_dipole,100,1.0000001192092896,0.0,0.6165586281927968,0.6165586281927968,,,,1.0
33,water_dipole,101,1.0000001192092896,0.0,0.6165586281927968,0.6165586281927968,,,,1.0
33,water_dipole,102,1.0000001192092896,0.0,0.6165586281927968,0.6165586281927968,,,,1.0
33,water_dipole,103,1.0000001192092896,0.0,0.6165586281927968,0.6165586281927968,,,,1.0
33,water_dipole,104,1.0000001192092896,0.0,0.6165586281927968,0.6165586281927968,,,,1.0
33,water_dipole,105,1.0000001192092896,0.0,0.6165586281927968,0.6165586281927968,,,,1.0
33,water_dipole,106,1.0000001192092896,0.0,0.6165586281927968,0.6165586281927968,,,,1.0
33,water_dipole,107,1.0000001192092896,0.0,0.6165586281927968,0.6165586281927968,,,,1.0
33,water_dipole,108,1.0000001192092896,0.0,0.6165586281927968,0.6165586281927968,,,,1.0
33,water_dipole,109,1.0000001192092896,0.0,0.6165586281927968,0.6165586281927968,,,,1.0
33,water_dipole,110,1.0000001192092896,0.0,0.6165586281927968,0.6165586281927968,,,,1.0
33,water_dipole,111,1.0000001192092896,0.0,0.6165586281927968,0.6165586281927968,,,,1.0
33,water_dipole,112,1.0000001192092896,0.0,0.6165586281927968,0.6165586281927968,,,,1.0
33,water_dipole,113,1.0000001192092896,0.0,0.6165586281927968,0.6165586281927968,,,,1.0
33,water_dipole,114,1.0000001192092896,0.0,0.6165586281927968,0.6165586281927968,,,,1.0
33,water_dipole,115,1.0000001192092896,0.0,0.6165586281927968,0.6165586281927968,,,,1.0
33,water_dipole,116,1.0000001192092896,0.0,0.6165586281927968,0.6165586281927968,,,,1.0
33,water_dipole,117,1.0000001192092896,0.0,0.6165586281927968,0.6165586281927968,,,,1.0
33,water_dipole,118,1.0000001192092896,0.0,0.6165586281927968,0.6165586281927968,,,,1.0
33,water_dipole,119,1.0000001192092896,0.0,0.6165586281927968,0.6165586281927968,,,,1.0
33,water_dipole,120,1.0000001192092896,0.0,0.6165586281927968,0.6165586281927968,,,,1.0
33,water_dipole,121,1.0000001192092896,0.0,0.6165586281927968,0.6165586281927968,,,,1.0
33,water_dipole,122,1.0000001192092896,0.0,0.6165586281927968,0.6165586281927968,,,,1.0
33,water_dipole,123,1.0000001192092896,0.0,0.6165586281927968,0.6165586281927968,,,,1.0
33,water_dipole,124,1.0000001192092896,0.0,0.6165586281927968,0.6165586281927968,,,,1.0
33,water_dipole,125,1.0000001192092896,0.0,0.6165586281927968,0.6165586281927968,,,,1.0
33,water_dipole,126,1.0000001192092896,0.0,0.6165586281927968,0.6165586281927968,,,,1.0
33,water_dipole,127,1.0000001192092896,0.0,0.6165586281927968,0.6165586281927968,,,,1.0
33,water_dipole,128,1.0000001192092896,0.0,0.6165586281927968,0.6165586281927968,,,,1.0
33,water_dipole,129,1.0000001192092896,0.0,0.6165586281927968,0.6165586281927968,,,,1.0
33,water_dipole,130,1.0000001192092896,0.0,0.6165586281927968,0.6165586281927968,,,,1.0
33,water_dipole,131,1.0000001192092896,0.0,0.6165586281927968,0.6165586281927968,,,,1.0
33,water_dipole,132,1.0000001192092896,0.0,0.6165586281927968,0.6165586281927968,,,,1.0
33,water_dipole,133,1.0000001192092896,0.0,0.6165586281927968,0.6165586281927968,,,,1.0
33,water_dipole,134,1.0000001192092896,0.0,0.6165586281927968,0.6165586281927968,,,,1.0
33,water_dipole,135,1.0000001192092896,0.0,0.6165586281927968,0.6165586281927968,,,,1.0
33,water_dipole,136,1.0000001192092896,0.0,0.6165586281927968,0.6165586281927968,,,,1.0
33,water_dipole,137,1.0000001192092896,0.0,0.6165586281927968,0.6165586281927968,,,,1.0
33,water_dipole,138,1.0000001192092896,0.0,0.6165586281927968,0.6165586281927968,,,,1.0
33,water_dipole,139,1.0000001192092896,0.0,0.6165586281927968,0.6165586281927968,,,,1.0
33,water_dipole,140,1.0000001192092896,0.0,0.6165586281927968,0.6165586281927968,,,,1.0
33,water_dipole,141,1.0000001192092896,0.0,0.6165586281927968,0.6165586281927968,,,,1.0
33,water_dipole,142,1.0000001192092896,0.0,0.6165586281927968,0.6165586281927968,,,,1.0
33,water_dipole,143,1.0000001192092896,0.0,0.6165586281927968,0.6165586281927968,,,,1.0
33,water_dipole,144,1.0000001192092896,0.0,0.6165586281927968,0.6165586281927968,,,,1.0
33,water_dipole,145,1.0000001192092896,0.0,0.6165586281927968,0.6165586281927968,,,,1.0
33,water_dipole,146,1.0000001192092896,0.0,0.6165586281927968,0.6165586281927968,,,,1.0
33,water_dipole,147,1.0000001192092896,0.0,0.6165586281927968,0.6165586281927968,,,,1.0
33,water_dipole,148,1.0000001192092896,0.0,0.6165586281927968,0.6165586281927968,,,,1.0
33,water_dipole,149,1.0000001192092896,0.0,0.6165586281927968,0.6165586281927968,,,,1.0
33,water_dipole,150,1.0000001192092896,0.0,0.6165586281927968,0.6165586281927968,,,,1.0
33,water_dipole,151,1.0000001192092896,0.0,0.6165586281927968,0.6165586281927968,,,,1.0
33,water_dipole,152,1.0000001192092896,0.0,0.6165586281927968,0.6165586281927968,,,,1.0
33,water_dipole,153,1.0000001192092896,0.0,0.6165586281927968,0.6165586281927968,,,,1.0
33,water_dipole,154,1.0000001192092896,0.0,0.6165586281927968,0.6165586281927968,,,,1.0
33,water_dipole,155,1.0000001192092896,0.0,0.6165586281927968,0.6165586281927968,,,,1.0
33,water_dipole,156,1.0000001192092896,0.0,0.6165586281927968,0.6165586281927968,,,,1.0
33,water_dipole,157,1.0000001192092896,0.0,0.6165586281927968,0.6165586281927968,,,,1.0
33,water_dipole,158,1.0000001192092896,0.0,0.6165586281927968,0.6165586281927968,,,,1.0
33,water_dipole,159,1.0000001192092896,0.0,0.6165586281927968,0.6165586281927968,,,,1.0
33,water_dipole,160,1.0000001192092896,0.0,0.6165586281927968,0.6165586281927968,,,,1.0
33,water_dipole,161,1.0000001192092896,0.0,0.6165586281927968,0.6165586281927968,,,,1.0
33,water_dipole,162,1.0000001192092896,0.0,0.6165586281927968,0.6165586281927968,,,,1.0
33,water_dipole,163,1.0000001192092896,0.0,0.6165586281927968,0.6165586281927968,,,,1.0
33,water_dipole,164,1.0000001192092896,0.0,0.6165586281927968,0.6165586281927968,,,,1.0
33,water_dipole,165,1.0000001192092896,0.0,0.6165586281927968,0.6165586281927968,,,,1.0
33,water_dipole,166,1.0000001192092896,0.0,0.6165586281927968,0.6165586281927968,,,,1.0
33,water_dipole,167,1.0000001192092896,0.0,0.6165586281927968,0.6165586281927968,,,,1.0
33,water_dipole,168,1.0000001192092896,0.0,0.6165586281927968,0.6165586281927968,,,,1.0
33,water_dipole,169,1.0000001192092896,0.0,0.6165586281927968,0.6165586281927968,,,,1.0
33,water_dipole,170,1.0000001192092896,0.0,0.6165586281927968,0.6165586281927968,,,,1.0
33,water_dipole,171,1.0000001192092896,0.0,0.6165586281927968,0.6165586281927968,,,,1.0
33,water_dipole,172,1.0000001192092896,0.0,0.6165586281927968,0.6165586281927968,,,,1.0
33,water_dipole,173,1.0000001192092896,0.0,0.6165586281927968,0.6165586281927968,,,,1.0
33,water_dipole,174,1.0000001192092896,0.0,0.6165586281927968,0.6165586281927968,,,,1.0
33,water_dipole,175,1.0000001192092896,0.0,0.6165586281927968,0.6165586281927968,,,,1.0
33,water_dipole,176,1.0000001192092896,0.0,0.6165586281927968,0.6165586281927968,,,,1.0
33,water_dipole,177,1.0000001192092896,0.0,0.6165586281927968,0.6165586281927968,,,,1.0
33,water_dipole,178,1.0000001192092896,0.0,0.6165586281927968,0.6165586281927968,,,,1.0
33,water_dipole,179,1.0000001192092896,0.0,0.6165586281927968,0.6165586281927968,,,,1.0
33,water_dipole,180,1.0000001192092896,0.0,0.6165586281927968,0.6165586281927968,,,,1.0
33,water_dipole,181,1.0000001192092896,0.0,0.6165586281927968,0.6165586281927968,,,,1.0
33,water_dipole,182,1.0000001192092896,0.0,0.6165586281927968,0.6165586281927968,,,,1.0
33,water_dipole,183,1.0000001192092896,0.0,0.6165586281927968,0.6165586281927968,,,,1.0
33,water_dipole,184,1.0000001192092896,0.0,0.6165586281927968,0.6165586281927968,,,,1.0
33,water_dipole,185,1.0000001192092896,0.0,0.6165586281927968,0.6165586281927968,,,,1.0
33,water_dipole,186,1.0000001192092896,0.0,0.6165586281927968,0.6165586281927968,,,,1.0
33,water_dipole,187,1.0000001192092896,0.0,0.6165586281927968,0.6165586281927968,,,,1.0
33,water_dipole,188,1.0000001192092896,0.0,0.6165586281927968,0.6165586281927968,,,,1.0
33,water_dipole,189,1.0000001192092896,0.0,0.6165586281927968,0.6165586281927968,,,,1.0
33,water_dipole,190,1.0000001192092896,0.0,0.6165586281927968,0.6165586281927968,,,,1.0
33,water_dipole,191,1.0000001192092896,0.0,0.6165586281927968,0.6165586281927968,,,,1.0
33,water_dipole,192,1.0000001192092896,0.0,0.6165586281927968,0.6165586281927968,,,,1.0
33,water_dipole,193,1.0000001192092896,0.0,0.6165586281927968,0.6165586281927968,,,,1.0
33,water_dipole,194,1.0000001192092896,0.0,0.6165586281927968,0.6165586281927968,,,,1.0
33,water_dipole,195,1.0000001192092896,0.0,0.6165586281927968,0.6165586281927968,,,,1.0
33,water_dipole,196,1.0000001192092896,0.0,0.6165586281927968,0.6165586281927968,,,,1.0
33,water_dipole,197,1.0000001192092896,0.0,0.6165586281927968,0.6165586281927968,,,,1.0
33,water_dipole,198,1.0000001192092896,0.0,0.6165586281927968,0.6165586281927968,,,,1.0
33,water_dipole,199,1.0000001192092896,0.0,0.6165586281927968,0.6165586281927968,,,,1.0
33,water_dipole,200,1.0000001192092896,0.0,0.6165586281927968,0.6165586281927968,,,,1.0
33,water_dipole,201,1.0000001192092896,0.0,0.6165586281927968,0.6165586281927968,,,,1.0
33,water_dipole,202,1.0000001192092896,0.0,0.6165586281927968,0.6165586281927968,,,,1.0
33,water_dipole,203,1.0000001192092896,0.0,0.6165586281927968,0.6165586281927968,,,,1.0
33,water_dipole,204,1.0000001192092896,0.0,0.6165586281927968,0.6165586281927968,,,,1.0
33,water_dipole,205,1.0000001192092896,0.0,0.6165586281927968,0.6165586281927968,,,,1.0
33,water_dipole,206,1.0000001192092896,0.0,0.6165586281927968,0.6165586281927968,,,,1.0
33,water_dipole,207,1.0000001192092896,0.0,0.6165586281927968,0.6165586281927968,,,,1.0
33,water_dipole,208,1.0000001192092896,0.0,0.6165586281927968,0.6165586281927968,,,,1.0
33,water_dipole,209,1.0000001192092896,0.0,0.6165586281927968,0.6165586281927968,,,,1.0
33,water_dipole,210,1.0000001192092896,0.0,0.6165586281927968,0.6165586281927968,,,,1.0
33,water_dipole,211,1.0000001192092896,0.0,0.6165586281927968,0.6165586281927968,,,,1.0
33,water_dipole,212,1.0000001192092896,0.0,0.6165586281927968,0.6165586281927968,,,,1.0
33,water_dipole,213,1.0000001192092896,0.0,0.6165586281927968,0.6165586281927968,,,,1.0
33,water_dipole,214,1.0000001192092896,0.0,0.6165586281927968,0.6165586281927968,,,,1.0
33,water_dipole,215,1.0000001192092896,0.0,0.6165586281927968,0.6165586281927968,,,,1.0
33,water_dipole,216,1.0000001192092896,0.0,0.6165586281927968,0.6165586281927968,,,,1.0
33,water_dipole,217,1.0000001192092896,0.0,0.6165586281927968,0.6165586281927968,,,,1.0
33,water_dipole,218,1.0000001192092896,0.0,0.6165586281927968,0.6165586281927968,,,,1.0
33,water_dipole,219,1.0000001192092896,0.0,0.6165586281927968,0.6165586281927968,,,,1.0
33,water_dipole,220,1.0000001192092896,0.0,0.6165586281927968,0.6165586281927968,,,,1.0
33,water_dipole,221,1.0000001192092896,0.0,0.6165586281927968,0.6165586281927968,,,,1.0
33,water_dipole,222,1.0000001192092896,0.0,0.6165586281927968,0.6165586281927968,,,,1.0
33,water_dipole,223,1.0000001192092896,0.0,0.6165586281927968,0.6165586281927968,,,,1.0
33,water_dipole,224,1.0000001192092896,0.0,0.6165586281927968,0.6165586281927968,,,,1.0
33,water_dipole,225,1.0000001192092896,0.0,0.6165586281927968,0.6165586281927968,,,,1.0
33,water_dipole,226,1.0000001192092896,0.0,0.6165586281927968,0.6165586281927968,,,,1.0
33,water_dipole,227,1.0000001192092896,0.0,0.6165586281927968,0.6165586281927968,,,,1.0
33,water_dipole,228,1.0000001192092896,0.0,0.6165586281927968,0.6165586281927968,,,,1.0
33,water_dipole,229,1.0000001192092896,0.0,0.6165586281927968,0.6165586281927968,,,,1.0
33,water_dipole,230,1.0000001192092896,0.0,0.6165586281927968,0.6165586281927968,,,,1.0
33,water_dipole,231,1.0000001192092896,0.0,0.6165586281927968,0.6165586281927968,,,,1.0
33,water_dipole,232,1.0000001192092896,0.0,0.6165586281927968,0.6165586281927968,,,,1.0
33,water_dipole,233,1.0000001192092896,0.0,0.6165586281927968,0.6165586281927968,,,,1.0
33,water_dipole,234,1.0000001192092896,0.0,0.6165586281927968,0.6165586281927968,,,,1.0
33,water_dipole,235,1.0000001192092896,0.0,0.6165586281927968,0.6165586281927968,,,,1.0
33,water_dipole,236,1.0000001192092896,0.0,0.6165586281927968,0.6165586281927968,,,,1.0
33,water_dipole,237,1.0000001192092896,0.0,0.6165586281927968,0.6165586281927968,,,,1.0
33,water_dipole,238,1.0000001192092896,0.0,0.6165586281927968,0.6165586281927968,,,,1.0
33,water_dipole,239,1.0000001192092896,0.0,0.6165586281927968,0.6165586281927968,,,,1.0
33,water_dipole,240,1.0000001192092896,0.0,0.6165586281927968,0.6165586281927968,,,,1.0
33,water_dipole,241,1.0000001192092896,0.0,0.6165586281927968,0.6165586281927968,,,,1.0
33,water_dipole,242,1.0000001192092896,0.0,0.6165586281927968,0.6165586281927968,,,,1.0
33,water_dipole,243,1.0000001192092896,0.0,0.6165586281927968,0.6165586281927968,,,,1.0
33,water_dipole,244,1.0000001192092896,0.0,0.6165586281927968,0.6165586281927968,,,,1.0
33,water_dipole,245,1.0000001192092896,0.0,0.6165586281927968,0.6165586281927968,,,,1.0
33,water_dipole,246,1.0000001192092896,0.0,0.6165586281927968,0.6165586281927968,,,,1.0
33,water_dipole,247,1.0000001192092896,0.0,0.6165586281927968,0.6165586281927968,,,,1.0
33,water_dipole,248,1.0000001192092896,0.0,0.6165586281927968,0.6165586281927968,,,,1.0
33,water_dipole,249,1.0000001192092896,0.0,0.6165586281927968,0.6165586281927968,,,,1.0
33,acetone_gsolv_eV,0,1.0,0.0,0.6414219506921868,0.6414219506921868,,,,1.0
33,acetone_gsolv_eV,1,1.0,0.0,0.6414219506921868,0.6414219506921868,,,,1.0
33,acetone_gsolv_eV,2,1.0,0.0,0.6414219506921868,0.6414219506921868,,,,1.0
33,acetone_gsolv_eV,3,1.0,0.0,0.6414219506921868,0.6414219506921868,,,,1.0
33,acetone_gsolv_eV,4,1.0,0.0,0.6414219506921868,0.6414219506921868,,,,1.0
33,acetone_gsolv_eV,5,1.0,0.0,0.6414219506921868,0.6414219506921868,,,,1.0
33,acetone_gsolv_eV,6,1.0,0.0,0.6414219506921868,0.6414219506921868,,,,1.0
33,acetone_gsolv_eV,7,1.0,0.0,0.6414219506921868,0.6414219506921868,,,,1.0
33,acetone_gsolv_eV,8,1.0,0.0,0.6414219506921868,0.6414219506921868,,,,1.0
33,acetone_gsolv_eV,9,1.0,0.0,0.6414219506921868,0.6414219506921868,,,,1.0
33,acetone_gsolv_eV,10,1.0,0.0,0.6414219506921868,0.6414219506921868,,,,1.0
33,acetone_gsolv_eV,11,1.0,0.0,0.6414219506921868,0.6414219506921868,,,,1.0
33,acetone_gsolv_eV,12,1.0,0.0,0.6414219506921868,0.6414219506921868,,,,1.0
33,acetone_gsolv_eV,13,1.0,0.0,0.6414219506921868,0.6414219506921868,,,,1.0
33,acetone_gsolv_eV,14,1.0,0.0,0.6414219506921868,0.6414219506921868,,,,1.0
33,acetone_gsolv_eV,15,1.0,0.0,0.6414219506921868,0.6414219506921868,,,,1.0
33,acetone_gsolv_eV,16,1.0,0.0,0.6414219506921868,0.6414219506921868,,,,1.0
33,acetone_gsolv_eV,17,1.0,0.0,0.6414219506921868,0.6414219506921868,,,,1.0
33,acetone_gsolv_eV,18,1.0,0.0,0.6414219506921868,0.6414219506921868,,,,1.0
33,acetone_gsolv_eV,19,1.0,0.0,0.6414219506921868,0.6414219506921868,,,,1.0
33,acetone_gsolv_eV,20,1.0,0.0,0.6414219506921868,0.6414219506921868,,,,1.0
33,acetone_gsolv_eV,21,1.0,0.0,0.6414219506921868,0.6414219506921868,,,,1.0
33,acetone_gsolv_eV,22,1.0,0.0,0.6414219506921868,0.6414219506921868,,,,1.0
33,acetone_gsolv_eV,23,1.0,0.0,0.6414219506921868,0.6414219506921868,,,,1.0
33,acetone_gsolv_eV,24,1.0,0.0,0.6414219506921868,0.6414219506921868,,,,1.0
33,acetone_gsolv_eV,25,1.0,0.0,0.6414219506921868,0.6414219506921868,,,,1.0
33,acetone_gsolv_eV,26,1.0,0.0,0.6414219506921868,0.6414219506921868,,,,1.0
33,acetone_gsolv_eV,27,1.0,0.0,0.6414219506921868,0.6414219506921868,,,,1.0
33,acetone_gsolv_eV,28,1.0,0.0,0.6414219506921868,0.6414219506921868,,,,1.0
33,acetone_gsolv_eV,29,1.0,0.0,0.6414219506921868,0.6414219506921868,,,,1.0
33,acetone_gsolv_eV,30,1.0,0.0,0.6414219506921868,0.6414219506921868,,,,1.0
33,acetone_gsolv_eV,31,1.0,0.0,0.6414219506921868,0.6414219506921868,,,,1.0
33,acetone_gsolv_eV,32,1.0,0.0,0.6414219506921868,0.6414219506921868,,,,1.0
33,acetone_gsolv_eV,33,1.0,0.0,0.6414219506921868,0.6414219506921868,,,,1.0
33,acetone_gsolv_eV,34,1.0,0.0,0.6414219506921868,0.6414219506921868,,,,1.0
33,acetone_gsolv_eV,35,1.0,0.0,0.6414219506921868,0.6414219506921868,,,,1.0
33,acetone_gsolv_eV,36,1.0,0.0,0.6414219506921868,0.6414219506921868,,,,1.0
33,acetone_gsolv_eV,37,1.0,0.0,0.6414219506921868,0.6414219506921868,,,,1.0
33,acetone_gsolv_eV,38,1.0,0.0,0.6414219506921868,0.6414219506921868,,,,1.0
33,acetone_gsolv_eV,39,1.0,0.0,0.6414219506921868,0.6414219506921868,,,,1.0
33,acetone_gsolv_eV,40,1.0,0.0,0.6414219506921868,0.6414219506921868,,,,1.0
33,acetone_gsolv_eV,41,1.0,0.0,0.6414219506921868,0.6414219506921868,,,,1.0
33,acetone_gsolv_eV,42,1.0,0.0,0.6414219506921868,0.6414219506921868,,,,1.0
33,acetone_gsolv_eV,43,1.0,0.0,0.6414219506921868,0.6414219506921868,,,,1.0
33,acetone_gsolv_eV,44,1.0,0.0,0.6414219506921868,0.6414219506921868,,,,1.0
33,acetone_gsolv_eV,45,1.0,0.0,0.6414219506921868,0.6414219506921868,,,,1.0
33,acetone_gsolv_eV,46,1.0,0.0,0.6414219506921868,0.6414219506921868,,,,1.0
33,acetone_gsolv_eV,47,1.0,0.0,0.6414219506921868,0.6414219506921868,,,,1.0
33,acetone_gsolv_eV,48,1.0,0.0,0.6414219506921868,0.6414219506921868,,,,1.0
33,acetone_gsolv_eV,49,1.0,0.0,0.6414219506921868,0.6414219506921868,,,,1.0
33,acetone_gsolv_eV,50,1.0,0.0,0.6414219506921868,0.6414219506921868,,,,1.0
33,acetone_gsolv_eV,51,1.0,0.0,0.6414219506921868,0.6414219506921868,,,,1.0
33,acetone_gsolv_eV,52,1.0,0.0,0.6414219506921868,0.6414219506921868,,,,1.0
33,acetone_gsolv_eV,53,1.0,0.0,0.6414219506921868,0.6414219506921868,,,,1.0
33,acetone_gsolv_eV,54,1.0,0.0,0.6414219506921868,0.6414219506921868,,,,1.0
33,acetone_gsolv_eV,55,1.0,0.0,0.6414219506921868,0.6414219506921868,,,,1.0
33,acetone_gsolv_eV,56,1.0,0.0,0.6414219506921868,0.6414219506921868,,,,1.0
33,acetone_gsolv_eV,57,1.0,0.0,0.6414219506921868,0.6414219506921868,,,,1.0
33,acetone_gsolv_eV,58,1.0,0.0,0.6414219506921868,0.6414219506921868,,,,1.0
33,acetone_gsolv_eV,59,1.0,0.0,0.6414219506921868,0.6414219506921868,,,,1.0
33,acetone_gsolv_eV,60,1.0,0.0,0.6414219506921868,0.6414219506921868,,,,1.0
33,acetone_gsolv_eV,61,1.0,0.0,0.6414219506921868,0.6414219506921868,,,,1.0
33,acetone_gsolv_eV,62,1.0,0.0,0.6414219506921868,0.6414219506921868,,,,1.0
33,acetone_gsolv_eV,63,1.0,0.0,0.6414219506921868,0.6414219506921868,,,,1.0
33,acetone_gsolv_eV,64,1.0,0.0,0.6414219506921868,0.6414219506921868,,,,1.0
33,acetone_gsolv_eV,65,1.0,0.0,0.6414219506921868,0.6414219506921868,,,,1.0
33,acetone_gsolv_eV,66,1.0,0.0,0.6414219506921868,0.6414219506921868,,,,1.0
33,acetone_gsolv_eV,67,1.0,0.0,0.6414219506921868,0.6414219506921868,,,,1.0
33,acetone_gsolv_eV,68,1.0,0.0,0.6414219506921868,0.6414219506921868,,,,1.0
33,acetone_gsolv_eV,69,1.0,0.0,0.6414219506921868,0.6414219506921868,,,,1.0
33,acetone_gsolv_eV,70,1.0,0.0,0.6414219506921868,0.6414219506921868,,,,1.0
33,acetone_gsolv_eV,71,1.0,0.0,0.6414219506921868,0.6414219506921868,,,,1.0
33,acetone_gsolv_eV,72,1.0,0.0,0.6414219506921868,0.6414219506921868,,,,1.0
33,acetone_gsolv_eV,73,1.0,0.0,0.6414219506921868,0.6414219506921868,,,,1.0
33,acetone_gsolv_eV,74,1.0,0.0,0.6414219506921868,0.6414219506921868,,,,1.0
33,acetone_gsolv_eV,75,1.0,0.0,0.6414219506921868,0.6414219506921868,,,,1.0
33,acetone_gsolv_eV,76,1.0,0.0,0.6414219506921868,0.6414219506921868,,,,1.0
33,acetone_gsolv_eV,77,1.0,0.0,0.6414219506921868,0.6414219506921868,,,,1.0
33,acetone_gsolv_eV,78,1.0,0.0,0.6414219506921868,0.6414219506921868,,,,1.0
33,acetone_gsolv_eV,79,1.0,0.0,0.6414219506921868,0.6414219506921868,,,,1.0
33,acetone_gsolv_eV,80,1.0,0.0,0.6414219506921868,0.6414219506921868,,,,1.0
33,acetone_gsolv_eV,81,1.0,0.0,0.6414219506921868,0.6414219506921868,,,,1.0
33,acetone_gsolv_eV,82,1.0,0.0,0.6414219506921868,0.6414219506921868,,,,1.0
33,acetone_gsolv_eV,83,1.0,0.0,0.6414219506921868,0.6414219506921868,,,,1.0
33,acetone_gsolv_eV,84,1.0,0.0,0.6414219506921868,0.6414219506921868,,,,1.0
33,acetone_gsolv_eV,85,1.0,0.0,0.6414219506921868,0.6414219506921868,,,,1.0
33,acetone_gsolv_eV,86,1.0,0.0,0.6414219506921868,0.6414219506921868,,,,1.0
33,acetone_gsolv_eV,87,1.0,0.0,0.6414219506921868,0.6414219506921868,,,,1.0
33,acetone_gsolv_eV,88,1.0,0.0,0.6414219506921868,0.6414219506921868,,,,1.0
33,acetone_gsolv_eV,89,1.0,0.0,0.6414219506921868,0.6414219506921868,,,,1.0
33,acetone_gsolv_eV,90,1.0,0.0,0.6414219506921868,0.6414219506921868,,,,1.0
33,acetone_gsolv_eV,91,1.0,0.0,0.6414219506921868,0.6414219506921868,,,,1.0
33,acetone_gsolv_eV,92,1.0,0.0,0.6414219506921868,0.6414219506921868,,,,1.0
33,acetone_gsolv_eV,93,1.0,0.0,0.6414219506921868,0.6414219506921868,,,,1.0
33,acetone_gsolv_eV,94,1.0,0.0,0.6414219506921868,0.6414219506921868,,,,1.0
33,acetone_gsolv_eV,95,1.0,0.0,0.6414219506921868,0.6414219506921868,,,,1.0
33,acetone_gsolv_eV,96,1.0,0.0,0.6414219506921868,0.6414219506921868,,,,1.0
33,acetone_gsolv_eV,97,1.0,0.0,0.6414219506921868,0.6414219506921868,,,,1.0
33,acetone_gsolv_eV,98,1.0,0.0,0.6414219506921868,0.6414219506921868,,,,1.0
33,acetone_gsolv_eV,99,1.0,0.0,0.6414219506921868,0.6414219506921868,,,,1.0
33,acetone_gsolv_eV,100,1.0,0.0,0.6414219506921868,0.6414219506921868,,,,1.0
33,acetone_gsolv_eV,101,1.0,0.0,0.6414219506921868,0.6414219506921868,,,,1.0
33,acetone_gsolv_eV,102,1.0,0.0,0.6414219506921868,0.6414219506921868,,,,1.0
33,acetone_gsolv_eV,103,1.0,0.0,0.6414219506921868,0.6414219506921868,,,,1.0
33,acetone_gsolv_eV,104,1.0,0.0,0.6414219506921868,0.6414219506921868,,,,1.0
33,acetone_gsolv_eV,105,1.0,0.0,0.6414219506921868,0.6414219506921868,,,,1.0
33,acetone_gsolv_eV,106,1.0,0.0,0.6414219506921868,0.6414219506921868,,,,1.0
33,acetone_gsolv_eV,107,1.0,0.0,0.6414219506921868,0.6414219506921868,,,,1.0
33,acetone_gsolv_eV,108,1.0,0.0,0.6414219506921868,0.6414219506921868,,,,1.0
33,acetone_gsolv_eV,109,1.0,0.0,0.6414219506921868,0.6414219506921868,,,,1.0
33,acetone_gsolv_eV,110,1.0,0.0,0.6414219506921868,0.6414219506921868,,,,1.0
33,acetone_gsolv_eV,111,1.0,0.0,0.6414219506921868,0.6414219506921868,,,,1.0
33,acetone_gsolv_eV,112,1.0,0.0,0.6414219506921868,0.6414219506921868,,,,1.0
33,acetone_gsolv_eV,113,1.0,0.0,0.6414219506921868,0.6414219506921868,,,,1.0
33,acetone_gsolv_eV,114,1.0,0.0,0.6414219506921868,0.6414219506921868,,,,1.0
33,acetone_gsolv_eV,115,1.0,0.0,0.6414219506921868,0.6414219506921868,,,,1.0
33,acetone_gsolv_eV,116,1.0,0.0,0.6414219506921868,0.6414219506921868,,,,1.0
33,acetone_gsolv_eV,117,1.0,0.0,0.6414219506921868,0.6414219506921868,,,,1.0
33,acetone_gsolv_eV,118,1.0,0.0,0.6414219506921868,0.6414219506921868,,,,1.0
33,acetone_gsolv_eV,119,1.0,0.0,0.6414219506921868,0.6414219506921868,,,,1.0
33,acetone_gsolv_eV,120,1.0,0.0,0.6414219506921868,0.6414219506921868,,,,1.0
33,acetone_gsolv_eV,121,1.0,0.0,0.6414219506921868,0.6414219506921868,,,,1.0
33,acetone_gsolv_eV,122,1.0,0.0,0.6414219506921868,0.6414219506921868,,,,1.0
33,acetone_gsolv_eV,123,1.0,0.0,0.6414219506921868,0.6414219506921868,,,,1.0
33,acetone_gsolv_eV,124,1.0,0.0,0.6414219506921868,0.6414219506921868,,,,1.0
33,acetone_gsolv_eV,125,1.0,0.0,0.6414219506921868,0.6414219506921868,,,,1.0
33,acetone_gsolv_eV,126,1.0,0.0,0.6414219506921868,0.6414219506921868,,,,1.0
33,acetone_gsolv_eV,127,1.0,0.0,0.6414219506921868,0.6414219506921868,,,,1.0
33,acetone_gsolv_eV,128,1.0,0.0,0.6414219506921868,0.6414219506921868,,,,1.0
33,acetone_gsolv_eV,129,1.0,0.0,0.6414219506921868,0.6414219506921868,,,,1.0
33,acetone_gsolv_eV,130,1.0,0.0,0.6414219506921868,0.6414219506921868,,,,1.0
33,acetone_gsolv_eV,131,1.0,0.0,0.6414219506921868,0.6414219506921868,,,,1.0
33,acetone_gsolv_eV,132,1.0,0.0,0.6414219506921868,0.6414219506921868,,,,1.0
33,acetone_gsolv_eV,133,1.0,0.0,0.6414219506921868,0.6414219506921868,,,,1.0
33,acetone_gsolv_eV,134,1.0,0.0,0.6414219506921868,0.6414219506921868,,,,1.0
33,acetone_gsolv_eV,135,1.0,0.0,0.6414219506921868,0.6414219506921868,,,,1.0
33,acetone_gsolv_eV,136,1.0,0.0,0.6414219506921868,0.6414219506921868,,,,1.0
33,acetone_gsolv_eV,137,1.0,0.0,0.6414219506921868,0.6414219506921868,,,,1.0
33,acetone_gsolv_eV,138,1.0,0.0,0.6414219506921868,0.6414219506921868,,,,1.0
33,acetone_gsolv_eV,139,1.0,0.0,0.6414219506921868,0.6414219506921868,,,,1.0
33,acetone_gsolv_eV,140,1.0,0.0,0.6414219506921868,0.6414219506921868,,,,1.0
33,acetone_gsolv_eV,141,1.0,0.0,0.6414219506921868,0.6414219506921868,,,,1.0
33,acetone_gsolv_eV,142,1.0,0.0,0.6414219506921868,0.6414219506921868,,,,1.0
33,acetone_gsolv_eV,143,1.0,0.0,0.6414219506921868,0.6414219506921868,,,,1.0
33,acetone_gsolv_eV,144,1.0,0.0,0.6414219506921868,0.6414219506921868,,,,1.0
33,acetone_gsolv_eV,145,1.0,0.0,0.6414219506921868,0.6414219506921868,,,,1.0
33,acetone_gsolv_eV,146,1.0,0.0,0.6414219506921868,0.6414219506921868,,,,1.0
33,acetone_gsolv_eV,147,1.0,0.0,0.6414219506921868,0.6414219506921868,,,,1.0
33,acetone_gsolv_eV,148,1.0,0.0,0.6414219506921868,0.6414219506921868,,,,1.0
33,acetone_gsolv_eV,149,1.0,0.0,0.6414219506921868,0.6414219506921868,,,,1.0
33,acetone_gsolv_eV,150,1.0,0.0,0.6414219506921868,0.6414219506921868,,,,1.0
33,acetone_gsolv_eV,151,1.0,0.0,0.6414219506921868,0.6414219506921868,,,,1.0
33,acetone_gsolv_eV,152,1.0,0.0,0.6414219506921868,0.6414219506921868,,,,1.0
33,acetone_gsolv_eV,153,1.0,0.0,0.6414219506921868,0.6414219506921868,,,,1.0
33,acetone_gsolv_eV,154,1.0,0.0,0.6414219506921868,0.6414219506921868,,,,1.0
33,acetone_gsolv_eV,155,1.0,0.0,0.6414219506921868,0.6414219506921868,,,,1.0
33,acetone_gsolv_eV,156,1.0,0.0,0.6414219506921868,0.6414219506921868,,,,1.0
33,acetone_gsolv_eV,157,1.0,0.0,0.6414219506921868,0.6414219506921868,,,,1.0
33,acetone_gsolv_eV,158,1.0,0.0,0.6414219506921868,0.6414219506921868,,,,1.0
33,acetone_gsolv_eV,159,1.0,0.0,0.6414219506921868,0.6414219506921868,,,,1.0
33,acetone_gsolv_eV,160,1.0,0.0,0.6414219506921868,0.6414219506921868,,,,1.0
33,acetone_gsolv_eV,161,1.0,0.0,0.6414219506921868,0.6414219506921868,,,,1.0
33,acetone_gsolv_eV,162,1.0,0.0,0.6414219506921868,0.6414219506921868,,,,1.0
33,acetone_gsolv_eV,163,1.0,0.0,0.6414219506921868,0.6414219506921868,,,,1.0
33,acetone_gsolv_eV,164,1.0,0.0,0.6414219506921868,0.6414219506921868,,,,1.0
33,acetone_gsolv_eV,165,1.0,0.0,0.6414219506921868,0.6414219506921868,,,,1.0
33,acetone_gsolv_eV,166,1.0,0.0,0.6414219506921868,0.6414219506921868,,,,1.0
33,acetone_gsolv_eV,167,1.0,0.0,0.6414219506921868,0.6414219506921868,,,,1.0
33,acetone_gsolv_eV,168,1.0,0.0,0.6414219506921868,0.6414219506921868,,,,1.0
33,acetone_gsolv_eV,169,1.0,0.0,0.6414219506921868,0.6414219506921868,,,,1.0
33,acetone_gsolv_eV,170,1.0,0.0,0.6414219506921868,0.6414219506921868,,,,1.0
33,acetone_gsolv_eV,171,1.0,0.0,0.6414219506921868,0.6414219506921868,,,,1.0
33,acetone_gsolv_eV,172,1.0,0.0,0.6414219506921868,0.6414219506921868,,,,1.0
33,acetone_gsolv_eV,173,1.0,0.0,0.6414219506921868,0.6414219506921868,,,,1.0
33,acetone_gsolv_eV,174,1.0,0.0,0.6414219506921868,0.6414219506921868,,,,1.0
33,acetone_gsolv_eV,175,1.0,0.0,0.6414219506921868,0.6414219506921868,,,,1.0
33,acetone_gsolv_eV,176,1.0,0.0,0.6414219506921868,0.6414219506921868,,,,1.0
33,acetone_gsolv_eV,177,1.0,0.0,0.6414219506921868,0.6414219506921868,,,,1.0
33,acetone_gsolv_eV,178,1.0,0.0,0.6414219506921868,0.6414219506921868,,,,1.0
33,acetone_gsolv_eV,179,1.0,0.0,0.6414219506921868,0.6414219506921868,,,,1.0
33,acetone_gsolv_eV,180,1.0,0.0,0.6414219506921868,0.6414219506921868,,,,1.0
33,acetone_gsolv_eV,181,1.0,0.0,0.6414219506921868,0.6414219506921868,,,,1.0
33,acetone_gsolv_eV,182,1.0,0.0,0.6414219506921868,0.6414219506921868,,,,1.0
33,acetone_gsolv_eV,183,1.0,0.0,0.6414219506921868,0.6414219506921868,,,,1.0
33,acetone_gsolv_eV,184,1.0,0.0,0.6414219506921868,0.6414219506921868,,,,1.0
33,acetone_gsolv_eV,185,1.0,0.0,0.6414219506921868,0.6414219506921868,,,,1.0
33,acetone_gsolv_eV,186,1.0,0.0,0.6414219506921868,0.6414219506921868,,,,1.0
33,acetone_gsolv_eV,187,1.0,0.0,0.6414219506921868,0.6414219506921868,,,,1.0
33,acetone_gsolv_eV,188,1.0,0.0,0.6414219506921868,0.6414219506921868,,,,1.0
33,acetone_gsolv_eV,189,1.0,0.0,0.6414219506921868,0.6414219506921868,,,,1.0
33,acetone_gsolv_eV,190,1.0,0.0,0.6414219506921868,0.6414219506921868,,,,1.0
33,acetone_gsolv_eV,191,1.0,0.0,0.6414219506921868,0.6414219506921868,,,,1.0
33,acetone_gsolv_eV,192,1.0,0.0,0.6414219506921868,0.6414219506921868,,,,1.0
33,acetone_gsolv_eV,193,1.0,0.0,0.6414219506921868,0.6414219506921868,,,,1.0
33,acetone_gsolv_eV,194,1.0,0.0,0.6414219506921868,0.6414219506921868,,,,1.0
33,acetone_gsolv_eV,195,1.0,0.0,0.6414219506921868,0.6414219506921868,,,,1.0
33,acetone_gsolv_eV,196,1.0,0.0,0.6414219506921868,0.6414219506921868,,,,1.0
33,acetone_gsolv_eV,197,1.0,0.0,0.6414219506921868,0.6414219506921868,,,,1.0
33,acetone_gsolv_eV,198,1.0,0.0,0.6414219506921868,0.6414219506921868,,,,1.0
33,acetone_gsolv_eV,199,1.0,0.0,0.6414219506921868,0.6414219506921868,,,,1.0
33,acetone_gsolv_eV,200,1.0,0.0,0.6414219506921868,0.6414219506921868,,,,1.0
33,acetone_gsolv_eV,201,1.0,0.0,0.6414219506921868,0.6414219506921868,,,,1.0
33,acetone_gsolv_eV,202,1.0,0.0,0.6414219506921868,0.6414219506921868,,,,1.0
33,acetone_gsolv_eV,203,1.0,0.0,0.6414219506921868,0.6414219506921868,,,,1.0
33,acetone_gsolv_eV,204,1.0,0.0,0.6414219506921868,0.6414219506921868,,,,1.0
33,acetone_gsolv_eV,205,1.0,0.0,0.6414219506921868,0.6414219506921868,,,,1.0
33,acetone_gsolv_eV,206,1.0,0.0,0.6414219506921868,0.6414219506921868,,,,1.0
33,acetone_gsolv_eV,207,1.0,0.0,0.6414219506921868,0.6414219506921868,,,,1.0
33,acetone_gsolv_eV,208,1.0,0.0,0.6414219506921868,0.6414219506921868,,,,1.0
33,acetone_gsolv_eV,209,1.0,0.0,0.6414219506921868,0.6414219506921868,,,,1.0
33,acetone_gsolv_eV,210,1.0,0.0,0.6414219506921868,0.6414219506921868,,,,1.0
33,acetone_gsolv_eV,211,1.0,0.0,0.6414219506921868,0.6414219506921868,,,,1.0
33,acetone_gsolv_eV,212,1.0,0.0,0.6414219506921868,0.6414219506921868,,,,1.0
33,acetone_gsolv_eV,213,1.0,0.0,0.6414219506921868,0.6414219506921868,,,,1.0
33,acetone_gsolv_eV,214,1.0,0.0,0.6414219506921868,0.6414219506921868,,,,1.0
33,acetone_gsolv_eV,215,1.0,0.0,0.6414219506921868,0.6414219506921868,,,,1.0
33,acetone_gsolv_eV,216,1.0,0.0,0.6414219506921868,0.6414219506921868,,,,1.0
33,acetone_gsolv_eV,217,1.0,0.0,0.6414219506921868,0.6414219506921868,,,,1.0
33,acetone_gsolv_eV,218,1.0,0.0,0.6414219506921868,0.6414219506921868,,,,1.0
33,acetone_gsolv_eV,219,1.0,0.0,0.6414219506921868,0.6414219506921868,,,,1.0
33,acetone_gsolv_eV,220,1.0,0.0,0.6414219506921868,0.6414219506921868,,,,1.0
33,acetone_gsolv_eV,221,1.0,0.0,0.6414219506921868,0.6414219506921868,,,,1.0
33,acetone_gsolv_eV,222,1.0,0.0,0.6414219506921868,0.6414219506921868,,,,1.0
33,acetone_gsolv_eV,223,1.0,0.0,0.6414219506921868,0.6414219506921868,,,,1.0
33,acetone_gsolv_eV,224,1.0,0.0,0.6414219506921868,0.6414219506921868,,,,1.0
33,acetone_gsolv_eV,225,1.0,0.0,0.6414219506921868,0.6414219506921868,,,,1.0
33,acetone_gsolv_eV,226,1.0,0.0,0.6414219506921868,0.6414219506921868,,,,1.0
33,acetone_gsolv_eV,227,1.0,0.0,0.6414219506921868,0.6414219506921868,,,,1.0
33,acetone_gsolv_eV,228,1.0,0.0,0.6414219506921868,0.6414219506921868,,,,1.0
33,acetone_gsolv_eV,229,1.0,0.0,0.6414219506921868,0.6414219506921868,,,,1.0
33,acetone_gsolv_eV,230,1.0,0.0,0.6414219506921868,0.6414219506921868,,,,1.0
33,acetone_gsolv_eV,231,1.0,0.0,0.6414219506921868,0.6414219506921868,,,,1.0
33,acetone_gsolv_eV,232,1.0,0.0,0.6414219506921868,0.6414219506921868,,,,1.0
33,acetone_gsolv_eV,233,1.0,0.0,0.6414219506921868,0.6414219506921868,,,,1.0
33,acetone_gsolv_eV,234,1.0,0.0,0.6414219506921868,0.6414219506921868,,,,1.0
33,acetone_gsolv_eV,235,1.0,0.0,0.6414219506921868,0.6414219506921868,,,,1.0
33,acetone_gsolv_eV,236,1.0,0.0,0.6414219506921868,0.6414219506921868,,,,1.0
33,acetone_gsolv_eV,237,1.0,0.0,0.6414219506921868,0.6414219506921868,,,,1.0
33,acetone_gsolv_eV,238,1.0,0.0,0.6414219506921868,0.6414219506921868,,,,1.0
33,acetone_gsolv_eV,239,1.0,0.0,0.6414219506921868,0.6414219506921868,,,,1.0
33,acetone_gsolv_eV,240,1.0,0.0,0.6414219506921868,0.6414219506921868,,,,1.0
33,acetone_gsolv_eV,241,1.0,0.0,0.6414219506921868,0.6414219506921868,,,,1.0
33,acetone_gsolv_eV,242,1.0,0.0,0.6414219506921868,0.6414219506921868,,,,1.0
33,acetone_gsolv_eV,243,1.0,0.0,0.6414219506921868,0.6414219506921868,,,,1.0
33,acetone_gsolv_eV,244,1.0,0.0,0.6414219506921868,0.6414219506921868,,,,1.0
33,acetone_gsolv_eV,245,1.0,0.0,0.6414219506921868,0.6414219506921868,,,,1.0
33,acetone_gsolv_eV,246,1.0,0.0,0.6414219506921868,0.6414219506921868,,,,1.0
33,acetone_gsolv_eV,247,1.0,0.0,0.6414219506921868,0.6414219506921868,,,,1.0
33,acetone_gsolv_eV,248,1.0,0.0,0.6414219506921868,0.6414219506921868,,,,1.0
33,acetone_gsolv_eV,249,1.0,0.0,0.6414219506921868,0.6414219506921868,,,,1.0
33,acetone_hl_gap_eV,0,1.0000001192092896,0.0,0.7104570674381576,0.7104570674381576,,,,1.0
33,acetone_hl_gap_eV,1,1.0000001192092896,0.0,0.7104570674381576,0.7104570674381576,,,,1.0
33,acetone_hl_gap_eV,2,1.0000001192092896,0.0,0.7104570674381576,0.7104570674381576,,,,1.0
33,acetone_hl_gap_eV,3,1.0000001192092896,0.0,0.7104570674381576,0.7104570674381576,,,,1.0
33,acetone_hl_gap_eV,4,1.0000001192092896,0.0,0.7104570674381576,0.7104570674381576,,,,1.0
33,acetone_hl_gap_eV,5,1.0000001192092896,0.0,0.7104570674381576,0.7104570674381576,,,,1.0
33,acetone_hl_gap_eV,6,1.0000001192092896,0.0,0.7104570674381576,0.7104570674381576,,,,1.0
33,acetone_hl_gap_eV,7,1.0000001192092896,0.0,0.7104570674381576,0.7104570674381576,,,,1.0
33,acetone_hl_gap_eV,8,1.0000001192092896,0.0,0.7104570674381576,0.7104570674381576,,,,1.0
33,acetone_hl_gap_eV,9,1.0000001192092896,0.0,0.7104570674381576,0.7104570674381576,,,,1.0
33,acetone_hl_gap_eV,10,1.0000001192092896,0.0,0.7104570674381576,0.7104570674381576,,,,1.0
33,acetone_hl_gap_eV,11,1.0000001192092896,0.0,0.7104570674381576,0.7104570674381576,,,,1.0
33,acetone_hl_gap_eV,12,1.0000001192092896,0.0,0.7104570674381576,0.7104570674381576,,,,1.0
33,acetone_hl_gap_eV,13,1.0000001192092896,0.0,0.7104570674381576,0.7104570674381576,,,,1.0
33,acetone_hl_gap_eV,14,1.0000001192092896,0.0,0.7104570674381576,0.7104570674381576,,,,1.0
33,acetone_hl_gap_eV,15,1.0000001192092896,0.0,0.7104570674381576,0.7104570674381576,,,,1.0
33,acetone_hl_gap_eV,16,1.0000001192092896,0.0,0.7104570674381576,0.7104570674381576,,,,1.0
33,acetone_hl_gap_eV,17,1.0000001192092896,0.0,0.7104570674381576,0.7104570674381576,,,,1.0
33,acetone_hl_gap_eV,18,1.0000001192092896,0.0,0.7104570674381576,0.7104570674381576,,,,1.0
33,acetone_hl_gap_eV,19,1.0000001192092896,0.0,0.7104570674381576,0.7104570674381576,,,,1.0
33,acetone_hl_gap_eV,20,1.0000001192092896,0.0,0.7104570674381576,0.7104570674381576,,,,1.0
33,acetone_hl_gap_eV,21,1.0000001192092896,0.0,0.7104570674381576,0.7104570674381576,,,,1.0
33,acetone_hl_gap_eV,22,1.0000001192092896,0.0,0.7104570674381576,0.7104570674381576,,,,1.0
33,acetone_hl_gap_eV,23,1.0000001192092896,0.0,0.7104570674381576,0.7104570674381576,,,,1.0
33,acetone_hl_gap_eV,24,1.0000001192092896,0.0,0.7104570674381576,0.7104570674381576,,,,1.0
33,acetone_hl_gap_eV,25,1.0000001192092896,0.0,0.7104570674381576,0.7104570674381576,,,,1.0
33,acetone_hl_gap_eV,26,1.0000001192092896,0.0,0.7104570674381576,0.7104570674381576,,,,1.0
33,acetone_hl_gap_eV,27,1.0000001192092896,0.0,0.7104570674381576,0.7104570674381576,,,,1.0
33,acetone_hl_gap_eV,28,1.0000001192092896,0.0,0.7104570674381576,0.7104570674381576,,,,1.0
33,acetone_hl_gap_eV,29,1.0000001192092896,0.0,0.7104570674381576,0.7104570674381576,,,,1.0
33,acetone_hl_gap_eV,30,1.0000001192092896,0.0,0.7104570674381576,0.7104570674381576,,,,1.0
33,acetone_hl_gap_eV,31,1.0000001192092896,0.0,0.7104570674381576,0.7104570674381576,,,,1.0
33,acetone_hl_gap_eV,32,1.0000001192092896,0.0,0.7104570674381576,0.7104570674381576,,,,1.0
33,acetone_hl_gap_eV,33,1.0000001192092896,0.0,0.7104570674381576,0.7104570674381576,,,,1.0
33,acetone_hl_gap_eV,34,1.0000001192092896,0.0,0.7104570674381576,0.7104570674381576,,,,1.0
33,acetone_hl_gap_eV,35,1.0000001192092896,0.0,0.7104570674381576,0.7104570674381576,,,,1.0
33,acetone_hl_gap_eV,36,1.0000001192092896,0.0,0.7104570674381576,0.7104570674381576,,,,1.0
33,acetone_hl_gap_eV,37,1.0000001192092896,0.0,0.7104570674381576,0.7104570674381576,,,,1.0
33,acetone_hl_gap_eV,38,1.0000001192092896,0.0,0.7104570674381576,0.7104570674381576,,,,1.0
33,acetone_hl_gap_eV,39,1.0000001192092896,0.0,0.7104570674381576,0.7104570674381576,,,,1.0
33,acetone_hl_gap_eV,40,1.0000001192092896,0.0,0.7104570674381576,0.7104570674381576,,,,1.0
33,acetone_hl_gap_eV,41,1.0000001192092896,0.0,0.7104570674381576,0.7104570674381576,,,,1.0
33,acetone_hl_gap_eV,42,1.0000001192092896,0.0,0.7104570674381576,0.7104570674381576,,,,1.0
33,acetone_hl_gap_eV,43,1.0000001192092896,0.0,0.7104570674381576,0.7104570674381576,,,,1.0
33,acetone_hl_gap_eV,44,1.0000001192092896,0.0,0.7104570674381576,0.7104570674381576,,,,1.0
33,acetone_hl_gap_eV,45,1.0000001192092896,0.0,0.7104570674381576,0.7104570674381576,,,,1.0
33,acetone_hl_gap_eV,46,1.0000001192092896,0.0,0.7104570674381576,0.7104570674381576,,,,1.0
33,acetone_hl_gap_eV,47,1.0000001192092896,0.0,0.7104570674381576,0.7104570674381576,,,,1.0
33,acetone_hl_gap_eV,48,1.0000001192092896,0.0,0.7104570674381576,0.7104570674381576,,,,1.0
33,acetone_hl_gap_eV,49,1.0000001192092896,0.0,0.7104570674381576,0.7104570674381576,,,,1.0
33,acetone_hl_gap_eV,50,1.0000001192092896,0.0,0.7104570674381576,0.7104570674381576,,,,1.0
33,acetone_hl_gap_eV,51,1.0000001192092896,0.0,0.7104570674381576,0.7104570674381576,,,,1.0
33,acetone_hl_gap_eV,52,1.0000001192092896,0.0,0.7104570674381576,0.7104570674381576,,,,1.0
33,acetone_hl_gap_eV,53,1.0000001192092896,0.0,0.7104570674381576,0.7104570674381576,,,,1.0
33,acetone_hl_gap_eV,54,1.0000001192092896,0.0,0.7104570674381576,0.7104570674381576,,,,1.0
33,acetone_hl_gap_eV,55,1.0000001192092896,0.0,0.7104570674381576,0.7104570674381576,,,,1.0
33,acetone_hl_gap_eV,56,1.0000001192092896,0.0,0.7104570674381576,0.7104570674381576,,,,1.0
33,acetone_hl_gap_eV,57,1.0000001192092896,0.0,0.7104570674381576,0.7104570674381576,,,,1.0
33,acetone_hl_gap_eV,58,1.0000001192092896,0.0,0.7104570674381576,0.7104570674381576,,,,1.0
33,acetone_hl_gap_eV,59,1.0000001192092896,0.0,0.7104570674381576,0.7104570674381576,,,,1.0
33,acetone_hl_gap_eV,60,1.0000001192092896,0.0,0.7104570674381576,0.7104570674381576,,,,1.0
33,acetone_hl_gap_eV,61,1.0000001192092896,0.0,0.7104570674381576,0.7104570674381576,,,,1.0
33,acetone_hl_gap_eV,62,1.0000001192092896,0.0,0.7104570674381576,0.7104570674381576,,,,1.0
33,acetone_hl_gap_eV,63,1.0000001192092896,0.0,0.7104570674381576,0.7104570674381576,,,,1.0
33,acetone_hl_gap_eV,64,1.0000001192092896,0.0,0.7104570674381576,0.7104570674381576,,,,1.0
33,acetone_hl_gap_eV,65,1.0000001192092896,0.0,0.7104570674381576,0.7104570674381576,,,,1.0
33,acetone_hl_gap_eV,66,1.0000001192092896,0.0,0.7104570674381576,0.7104570674381576,,,,1.0
33,acetone_hl_gap_eV,67,1.0000001192092896,0.0,0.7104570674381576,0.7104570674381576,,,,1.0
33,acetone_hl_gap_eV,68,1.0000001192092896,0.0,0.7104570674381576,0.7104570674381576,,,,1.0
33,acetone_hl_gap_eV,69,1.0000001192092896,0.0,0.7104570674381576,0.7104570674381576,,,,1.0
33,acetone_hl_gap_eV,70,1.0000001192092896,0.0,0.7104570674381576,0.7104570674381576,,,,1.0
33,acetone_hl_gap_eV,71,1.0000001192092896,0.0,0.7104570674381576,0.7104570674381576,,,,1.0
33,acetone_hl_gap_eV,72,1.0000001192092896,0.0,0.7104570674381576,0.7104570674381576,,,,1.0
33,acetone_hl_gap_eV,73,1.0000001192092896,0.0,0.7104570674381576,0.7104570674381576,,,,1.0
33,acetone_hl_gap_eV,74,1.0000001192092896,0.0,0.7104570674381576,0.7104570674381576,,,,1.0
33,acetone_hl_gap_eV,75,1.0000001192092896,0.0,0.7104570674381576,0.7104570674381576,,,,1.0
33,acetone_hl_gap_eV,76,1.0000001192092896,0.0,0.7104570674381576,0.7104570674381576,,,,1.0
33,acetone_hl_gap_eV,77,1.0000001192092896,0.0,0.7104570674381576,0.7104570674381576,,,,1.0
33,acetone_hl_gap_eV,78,1.0000001192092896,0.0,0.7104570674381576,0.7104570674381576,,,,1.0
33,acetone_hl_gap_eV,79,1.0000001192092896,0.0,0.7104570674381576,0.7104570674381576,,,,1.0
33,acetone_hl_gap_eV,80,1.0000001192092896,0.0,0.7104570674381576,0.7104570674381576,,,,1.0
33,acetone_hl_gap_eV,81,1.0000001192092896,0.0,0.7104570674381576,0.7104570674381576,,,,1.0
33,acetone_hl_gap_eV,82,1.0000001192092896,0.0,0.7104570674381576,0.7104570674381576,,,,1.0
33,acetone_hl_gap_eV,83,1.0000001192092896,0.0,0.7104570674381576,0.7104570674381576,,,,1.0
33,acetone_hl_gap_eV,84,1.0000001192092896,0.0,0.7104570674381576,0.7104570674381576,,,,1.0
33,acetone_hl_gap_eV,85,1.0000001192092896,0.0,0.7104570674381576,0.7104570674381576,,,,1.0
33,acetone_hl_gap_eV,86,1.0000001192092896,0.0,0.7104570674381576,0.7104570674381576,,,,1.0
33,acetone_hl_gap_eV,87,1.0000001192092896,0.0,0.7104570674381576,0.7104570674381576,,,,1.0
33,acetone_hl_gap_eV,88,1.0000001192092896,0.0,0.7104570674381576,0.7104570674381576,,,,1.0
33,acetone_hl_gap_eV,89,1.0000001192092896,0.0,0.7104570674381576,0.7104570674381576,,,,1.0
33,acetone_hl_gap_eV,90,1.0000001192092896,0.0,0.7104570674381576,0.7104570674381576,,,,1.0
33,acetone_hl_gap_eV,91,1.0000001192092896,0.0,0.7104570674381576,0.7104570674381576,,,,1.0
33,acetone_hl_gap_eV,92,1.0000001192092896,0.0,0.7104570674381576,0.7104570674381576,,,,1.0
33,acetone_hl_gap_eV,93,1.0000001192092896,0.0,0.7104570674381576,0.7104570674381576,,,,1.0
33,acetone_hl_gap_eV,94,1.0000001192092896,0.0,0.7104570674381576,0.7104570674381576,,,,1.0
33,acetone_hl_gap_eV,95,1.0000001192092896,0.0,0.7104570674381576,0.7104570674381576,,,,1.0
33,acetone_hl_gap_eV,96,1.0000001192092896,0.0,0.7104570674381576,0.7104570674381576,,,,1.0
33,acetone_hl_gap_eV,97,1.0000001192092896,0.0,0.7104570674381576,0.7104570674381576,,,,1.0
33,acetone_hl_gap_eV,98,1.0000001192092896,0.0,0.7104570674381576,0.7104570674381576,,,,1.0
33,acetone_hl_gap_eV,99,1.0000001192092896,0.0,0.7104570674381576,0.7104570674381576,,,,1.0
33,acetone_hl_gap_eV,100,1.0000001192092896,0.0,0.7104570674381576,0.7104570674381576,,,,1.0
33,acetone_hl_gap_eV,101,1.0000001192092896,0.0,0.7104570674381576,0.7104570674381576,,,,1.0
33,acetone_hl_gap_eV,102,1.0000001192092896,0.0,0.7104570674381576,0.7104570674381576,,,,1.0
33,acetone_hl_gap_eV,103,1.0000001192092896,0.0,0.7104570674381576,0.7104570674381576,,,,1.0
33,acetone_hl_gap_eV,104,1.0000001192092896,0.0,0.7104570674381576,0.7104570674381576,,,,1.0
33,acetone_hl_gap_eV,105,1.0000001192092896,0.0,0.7104570674381576,0.7104570674381576,,,,1.0
33,acetone_hl_gap_eV,106,1.0000001192092896,0.0,0.7104570674381576,0.7104570674381576,,,,1.0
33,acetone_hl_gap_eV,107,1.0000001192092896,0.0,0.7104570674381576,0.7104570674381576,,,,1.0
33,acetone_hl_gap_eV,108,1.0000001192092896,0.0,0.7104570674381576,0.7104570674381576,,,,1.0
33,acetone_hl_gap_eV,109,1.0000001192092896,0.0,0.7104570674381576,0.7104570674381576,,,,1.0
33,acetone_hl_gap_eV,110,1.0000001192092896,0.0,0.7104570674381576,0.7104570674381576,,,,1.0
33,acetone_hl_gap_eV,111,1.0000001192092896,0.0,0.7104570674381576,0.7104570674381576,,,,1.0
33,acetone_hl_gap_eV,112,1.0000001192092896,0.0,0.7104570674381576,0.7104570674381576,,,,1.0
33,acetone_hl_gap_eV,113,1.0000001192092896,0.0,0.7104570674381576,0.7104570674381576,,,,1.0
33,acetone_hl_gap_eV,114,1.0000001192092896,0.0,0.7104570674381576,0.7104570674381576,,,,1.0
33,acetone_hl_gap_eV,115,1.0000001192092896,0.0,0.7104570674381576,0.7104570674381576,,,,1.0
33,acetone_hl_gap_eV,116,1.0000001192092896,0.0,0.7104570674381576,0.7104570674381576,,,,1.0
33,acetone_hl_gap_eV,117,1.0000001192092896,0.0,0.7104570674381576,0.7104570674381576,,,,1.0
33,acetone_hl_gap_eV,118,1.0000001192092896,0.0,0.7104570674381576,0.7104570674381576,,,,1.0
33,acetone_hl_gap_eV,119,1.0000001192092896,0.0,0.7104570674381576,0.7104570674381576,,,,1.0
33,acetone_hl_gap_eV,120,1.0000001192092896,0.0,0.7104570674381576,0.7104570674381576,,,,1.0
33,acetone_hl_gap_eV,121,1.0000001192092896,0.0,0.7104570674381576,0.7104570674381576,,,,1.0
33,acetone_hl_gap_eV,122,1.0000001192092896,0.0,0.7104570674381576,0.7104570674381576,,,,1.0
33,acetone_hl_gap_eV,123,1.0000001192092896,0.0,0.7104570674381576,0.7104570674381576,,,,1.0
33,acetone_hl_gap_eV,124,1.0000001192092896,0.0,0.7104570674381576,0.7104570674381576,,,,1.0
33,acetone_hl_gap_eV,125,1.0000001192092896,0.0,0.7104570674381576,0.7104570674381576,,,,1.0
33,acetone_hl_gap_eV,126,1.0000001192092896,0.0,0.7104570674381576,0.7104570674381576,,,,1.0
33,acetone_hl_gap_eV,127,1.0000001192092896,0.0,0.7104570674381576,0.7104570674381576,,,,1.0
33,acetone_hl_gap_eV,128,1.0000001192092896,0.0,0.7104570674381576,0.7104570674381576,,,,1.0
33,acetone_hl_gap_eV,129,1.0000001192092896,0.0,0.7104570674381576,0.7104570674381576,,,,1.0
33,acetone_hl_gap_eV,130,1.0000001192092896,0.0,0.7104570674381576,0.7104570674381576,,,,1.0
33,acetone_hl_gap_eV,131,1.0000001192092896,0.0,0.7104570674381576,0.7104570674381576,,,,1.0
33,acetone_hl_gap_eV,132,1.0000001192092896,0.0,0.7104570674381576,0.7104570674381576,,,,1.0
33,acetone_hl_gap_eV,133,1.0000001192092896,0.0,0.7104570674381576,0.7104570674381576,,,,1.0
33,acetone_hl_gap_eV,134,1.0000001192092896,0.0,0.7104570674381576,0.7104570674381576,,,,1.0
33,acetone_hl_gap_eV,135,1.0000001192092896,0.0,0.7104570674381576,0.7104570674381576,,,,1.0
33,acetone_hl_gap_eV,136,1.0000001192092896,0.0,0.7104570674381576,0.7104570674381576,,,,1.0
33,acetone_hl_gap_eV,137,1.0000001192092896,0.0,0.7104570674381576,0.7104570674381576,,,,1.0
33,acetone_hl_gap_eV,138,1.0000001192092896,0.0,0.7104570674381576,0.7104570674381576,,,,1.0
33,acetone_hl_gap_eV,139,1.0000001192092896,0.0,0.7104570674381576,0.7104570674381576,,,,1.0
33,acetone_hl_gap_eV,140,1.0000001192092896,0.0,0.7104570674381576,0.7104570674381576,,,,1.0
33,acetone_hl_gap_eV,141,1.0000001192092896,0.0,0.7104570674381576,0.7104570674381576,,,,1.0
33,acetone_hl_gap_eV,142,1.0000001192092896,0.0,0.7104570674381576,0.7104570674381576,,,,1.0
33,acetone_hl_gap_eV,143,1.0000001192092896,0.0,0.7104570674381576,0.7104570674381576,,,,1.0
33,acetone_hl_gap_eV,144,1.0000001192092896,0.0,0.7104570674381576,0.7104570674381576,,,,1.0
33,acetone_hl_gap_eV,145,1.0000001192092896,0.0,0.7104570674381576,0.7104570674381576,,,,1.0
33,acetone_hl_gap_eV,146,1.0000001192092896,0.0,0.7104570674381576,0.7104570674381576,,,,1.0
33,acetone_hl_gap_eV,147,1.0000001192092896,0.0,0.7104570674381576,0.7104570674381576,,,,1.0
33,acetone_hl_gap_eV,148,1.0000001192092896,0.0,0.7104570674381576,0.7104570674381576,,,,1.0
33,acetone_hl_gap_eV,149,1.0000001192092896,0.0,0.7104570674381576,0.7104570674381576,,,,1.0
33,acetone_hl_gap_eV,150,1.0000001192092896,0.0,0.7104570674381576,0.7104570674381576,,,,1.0
33,acetone_hl_gap_eV,151,1.0000001192092896,0.0,0.7104570674381576,0.7104570674381576,,,,1.0
33,acetone_hl_gap_eV,152,1.0000001192092896,0.0,0.7104570674381576,0.7104570674381576,,,,1.0
33,acetone_hl_gap_eV,153,1.0000001192092896,0.0,0.7104570674381576,0.7104570674381576,,,,1.0
33,acetone_hl_gap_eV,154,1.0000001192092896,0.0,0.7104570674381576,0.7104570674381576,,,,1.0
33,acetone_hl_gap_eV,155,1.0000001192092896,0.0,0.7104570674381576,0.7104570674381576,,,,1.0
33,acetone_hl_gap_eV,156,1.0000001192092896,0.0,0.7104570674381576,0.7104570674381576,,,,1.0
33,acetone_hl_gap_eV,157,1.0000001192092896,0.0,0.7104570674381576,0.7104570674381576,,,,1.0
33,acetone_hl_gap_eV,158,1.0000001192092896,0.0,0.7104570674381576,0.7104570674381576,,,,1.0
33,acetone_hl_gap_eV,159,1.0000001192092896,0.0,0.7104570674381576,0.7104570674381576,,,,1.0
33,acetone_hl_gap_eV,160,1.0000001192092896,0.0,0.7104570674381576,0.7104570674381576,,,,1.0
33,acetone_hl_gap_eV,161,1.0000001192092896,0.0,0.7104570674381576,0.7104570674381576,,,,1.0
33,acetone_hl_gap_eV,162,1.0000001192092896,0.0,0.7104570674381576,0.7104570674381576,,,,1.0
33,acetone_hl_gap_eV,163,1.0000001192092896,0.0,0.7104570674381576,0.7104570674381576,,,,1.0
33,acetone_hl_gap_eV,164,1.0000001192092896,0.0,0.7104570674381576,0.7104570674381576,,,,1.0
33,acetone_hl_gap_eV,165,1.0000001192092896,0.0,0.7104570674381576,0.7104570674381576,,,,1.0
33,acetone_hl_gap_eV,166,1.0000001192092896,0.0,0.7104570674381576,0.7104570674381576,,,,1.0
33,acetone_hl_gap_eV,167,1.0000001192092896,0.0,0.7104570674381576,0.7104570674381576,,,,1.0
33,acetone_hl_gap_eV,168,1.0000001192092896,0.0,0.7104570674381576,0.7104570674381576,,,,1.0
33,acetone_hl_gap_eV,169,1.0000001192092896,0.0,0.7104570674381576,0.7104570674381576,,,,1.0
33,acetone_hl_gap_eV,170,1.0000001192092896,0.0,0.7104570674381576,0.7104570674381576,,,,1.0
33,acetone_hl_gap_eV,171,1.0000001192092896,0.0,0.7104570674381576,0.7104570674381576,,,,1.0
33,acetone_hl_gap_eV,172,1.0000001192092896,0.0,0.7104570674381576,0.7104570674381576,,,,1.0
33,acetone_hl_gap_eV,173,1.0000001192092896,0.0,0.7104570674381576,0.7104570674381576,,,,1.0
33,acetone_hl_gap_eV,174,1.0000001192092896,0.0,0.7104570674381576,0.7104570674381576,,,,1.0
33,acetone_hl_gap_eV,175,1.0000001192092896,0.0,0.7104570674381576,0.7104570674381576,,,,1.0
33,acetone_hl_gap_eV,176,1.0000001192092896,0.0,0.7104570674381576,0.7104570674381576,,,,1.0
33,acetone_hl_gap_eV,177,1.0000001192092896,0.0,0.7104570674381576,0.7104570674381576,,,,1.0
33,acetone_hl_gap_eV,178,1.0000001192092896,0.0,0.7104570674381576,0.7104570674381576,,,,1.0
33,acetone_hl_gap_eV,179,1.0000001192092896,0.0,0.7104570674381576,0.7104570674381576,,,,1.0
33,acetone_hl_gap_eV,180,1.0000001192092896,0.0,0.7104570674381576,0.7104570674381576,,,,1.0
33,acetone_hl_gap_eV,181,1.0000001192092896,0.0,0.7104570674381576,0.7104570674381576,,,,1.0
33,acetone_hl_gap_eV,182,1.0000001192092896,0.0,0.7104570674381576,0.7104570674381576,,,,1.0
33,acetone_hl_gap_eV,183,1.0000001192092896,0.0,0.7104570674381576,0.7104570674381576,,,,1.0
33,acetone_hl_gap_eV,184,1.0000001192092896,0.0,0.7104570674381576,0.7104570674381576,,,,1.0
33,acetone_hl_gap_eV,185,1.0000001192092896,0.0,0.7104570674381576,0.7104570674381576,,,,1.0
33,acetone_hl_gap_eV,186,1.0000001192092896,0.0,0.7104570674381576,0.7104570674381576,,,,1.0
33,acetone_hl_gap_eV,187,1.0000001192092896,0.0,0.7104570674381576,0.7104570674381576,,,,1.0
33,acetone_hl_gap_eV,188,1.0000001192092896,0.0,0.7104570674381576,0.7104570674381576,,,,1.0
33,acetone_hl_gap_eV,189,1.0000001192092896,0.0,0.7104570674381576,0.7104570674381576,,,,1.0
33,acetone_hl_gap_eV,190,1.0000001192092896,0.0,0.7104570674381576,0.7104570674381576,,,,1.0
33,acetone_hl_gap_eV,191,1.0000001192092896,0.0,0.7104570674381576,0.7104570674381576,,,,1.0
33,acetone_hl_gap_eV,192,1.0000001192092896,0.0,0.7104570674381576,0.7104570674381576,,,,1.0
33,acetone_hl_gap_eV,193,1.0000001192092896,0.0,0.7104570674381576,0.7104570674381576,,,,1.0
33,acetone_hl_gap_eV,194,1.0000001192092896,0.0,0.7104570674381576,0.7104570674381576,,,,1.0
33,acetone_hl_gap_eV,195,1.0000001192092896,0.0,0.7104570674381576,0.7104570674381576,,,,1.0
33,acetone_hl_gap_eV,196,1.0000001192092896,0.0,0.7104570674381576,0.7104570674381576,,,,1.0
33,acetone_hl_gap_eV,197,1.0000001192092896,0.0,0.7104570674381576,0.7104570674381576,,,,1.0
33,acetone_hl_gap_eV,198,1.0000001192092896,0.0,0.7104570674381576,0.7104570674381576,,,,1.0
33,acetone_hl_gap_eV,199,1.0000001192092896,0.0,0.7104570674381576,0.7104570674381576,,,,1.0
33,acetone_hl_gap_eV,200,1.0000001192092896,0.0,0.7104570674381576,0.7104570674381576,,,,1.0
33,acetone_hl_gap_eV,201,1.0000001192092896,0.0,0.7104570674381576,0.7104570674381576,,,,1.0
33,acetone_hl_gap_eV,202,1.0000001192092896,0.0,0.7104570674381576,0.7104570674381576,,,,1.0
33,acetone_hl_gap_eV,203,1.0000001192092896,0.0,0.7104570674381576,0.7104570674381576,,,,1.0
33,acetone_hl_gap_eV,204,1.0000001192092896,0.0,0.7104570674381576,0.7104570674381576,,,,1.0
33,acetone_hl_gap_eV,205,1.0000001192092896,0.0,0.7104570674381576,0.7104570674381576,,,,1.0
33,acetone_hl_gap_eV,206,1.0000001192092896,0.0,0.7104570674381576,0.7104570674381576,,,,1.0
33,acetone_hl_gap_eV,207,1.0000001192092896,0.0,0.7104570674381576,0.7104570674381576,,,,1.0
33,acetone_hl_gap_eV,208,1.0000001192092896,0.0,0.7104570674381576,0.7104570674381576,,,,1.0
33,acetone_hl_gap_eV,209,1.0000001192092896,0.0,0.7104570674381576,0.7104570674381576,,,,1.0
33,acetone_hl_gap_eV,210,1.0000001192092896,0.0,0.7104570674381576,0.7104570674381576,,,,1.0
33,acetone_hl_gap_eV,211,1.0000001192092896,0.0,0.7104570674381576,0.7104570674381576,,,,1.0
33,acetone_hl_gap_eV,212,1.0000001192092896,0.0,0.7104570674381576,0.7104570674381576,,,,1.0
33,acetone_hl_gap_eV,213,1.0000001192092896,0.0,0.7104570674381576,0.7104570674381576,,,,1.0
33,acetone_hl_gap_eV,214,1.0000001192092896,0.0,0.7104570674381576,0.7104570674381576,,,,1.0
33,acetone_hl_gap_eV,215,1.0000001192092896,0.0,0.7104570674381576,0.7104570674381576,,,,1.0
33,acetone_hl_gap_eV,216,1.0000001192092896,0.0,0.7104570674381576,0.7104570674381576,,,,1.0
33,acetone_hl_gap_eV,217,1.0000001192092896,0.0,0.7104570674381576,0.7104570674381576,,,,1.0
33,acetone_hl_gap_eV,218,1.0000001192092896,0.0,0.7104570674381576,0.7104570674381576,,,,1.0
33,acetone_hl_gap_eV,219,1.0000001192092896,0.0,0.7104570674381576,0.7104570674381576,,,,1.0
33,acetone_hl_gap_eV,220,1.0000001192092896,0.0,0.7104570674381576,0.7104570674381576,,,,1.0
33,acetone_hl_gap_eV,221,1.0000001192092896,0.0,0.7104570674381576,0.7104570674381576,,,,1.0
33,acetone_hl_gap_eV,222,1.0000001192092896,0.0,0.7104570674381576,0.7104570674381576,,,,1.0
33,acetone_hl_gap_eV,223,1.0000001192092896,0.0,0.7104570674381576,0.7104570674381576,,,,1.0
33,acetone_hl_gap_eV,224,1.0000001192092896,0.0,0.7104570674381576,0.7104570674381576,,,,1.0
33,acetone_hl_gap_eV,225,1.0000001192092896,0.0,0.7104570674381576,0.7104570674381576,,,,1.0
33,acetone_hl_gap_eV,226,1.0000001192092896,0.0,0.7104570674381576,0.7104570674381576,,,,1.0
33,acetone_hl_gap_eV,227,1.0000001192092896,0.0,0.7104570674381576,0.7104570674381576,,,,1.0
33,acetone_hl_gap_eV,228,1.0000001192092896,0.0,0.7104570674381576,0.7104570674381576,,,,1.0
33,acetone_hl_gap_eV,229,1.0000001192092896,0.0,0.7104570674381576,0.7104570674381576,,,,1.0
33,acetone_hl_gap_eV,230,1.0000001192092896,0.0,0.7104570674381576,0.7104570674381576,,,,1.0
33,acetone_hl_gap_eV,231,1.0000001192092896,0.0,0.7104570674381576,0.7104570674381576,,,,1.0
33,acetone_hl_gap_eV,232,1.0000001192092896,0.0,0.7104570674381576,0.7104570674381576,,,,1.0
33,acetone_hl_gap_eV,233,1.0000001192092896,0.0,0.7104570674381576,0.7104570674381576,,,,1.0
33,acetone_hl_gap_eV,234,1.0000001192092896,0.0,0.7104570674381576,0.7104570674381576,,,,1.0
33,acetone_hl_gap_eV,235,1.0000001192092896,0.0,0.7104570674381576,0.7104570674381576,,,,1.0
33,acetone_hl_gap_eV,236,1.0000001192092896,0.0,0.7104570674381576,0.7104570674381576,,,,1.0
33,acetone_hl_gap_eV,237,1.0000001192092896,0.0,0.7104570674381576,0.7104570674381576,,,,1.0
33,acetone_hl_gap_eV,238,1.0000001192092896,0.0,0.7104570674381576,0.7104570674381576,,,,1.0
33,acetone_hl_gap_eV,239,1.0000001192092896,0.0,0.7104570674381576,0.7104570674381576,,,,1.0
33,acetone_hl_gap_eV,240,1.0000001192092896,0.0,0.7104570674381576,0.7104570674381576,,,,1.0
33,acetone_hl_gap_eV,241,1.0000001192092896,0.0,0.7104570674381576,0.7104570674381576,,,,1.0
33,acetone_hl_gap_eV,242,1.0000001192092896,0.0,0.7104570674381576,0.7104570674381576,,,,1.0
33,acetone_hl_gap_eV,243,1.0000001192092896,0.0,0.7104570674381576,0.7104570674381576,,,,1.0
33,acetone_hl_gap_eV,244,1.0000001192092896,0.0,0.7104570674381576,0.7104570674381576,,,,1.0
33,acetone_hl_gap_eV,245,1.0000001192092896,0.0,0.7104570674381576,0.7104570674381576,,,,1.0
33,acetone_hl_gap_eV,246,1.0000001192092896,0.0,0.7104570674381576,0.7104570674381576,,,,1.0
33,acetone_hl_gap_eV,247,1.0000001192092896,0.0,0.7104570674381576,0.7104570674381576,,,,1.0
33,acetone_hl_gap_eV,248,1.0000001192092896,0.0,0.7104570674381576,0.7104570674381576,,,,1.0
33,acetone_hl_gap_eV,249,1.0000001192092896,0.0,0.7104570674381576,0.7104570674381576,,,,1.0
33,acetone_dipole,0,1.0000001192092896,0.0,0.5879310128643747,0.5879310128643747,,,,1.0
33,acetone_dipole,1,1.0000001192092896,0.0,0.5879310128643747,0.5879310128643747,,,,1.0
33,acetone_dipole,2,1.0000001192092896,0.0,0.5879310128643747,0.5879310128643747,,,,1.0
33,acetone_dipole,3,1.0000001192092896,0.0,0.5879310128643747,0.5879310128643747,,,,1.0
33,acetone_dipole,4,1.0000001192092896,0.0,0.5879310128643747,0.5879310128643747,,,,1.0
33,acetone_dipole,5,1.0000001192092896,0.0,0.5879310128643747,0.5879310128643747,,,,1.0
33,acetone_dipole,6,1.0000001192092896,0.0,0.5879310128643747,0.5879310128643747,,,,1.0
33,acetone_dipole,7,1.0000001192092896,0.0,0.5879310128643747,0.5879310128643747,,,,1.0
33,acetone_dipole,8,1.0000001192092896,0.0,0.5879310128643747,0.5879310128643747,,,,1.0
33,acetone_dipole,9,1.0000001192092896,0.0,0.5879310128643747,0.5879310128643747,,,,1.0
33,acetone_dipole,10,1.0000001192092896,0.0,0.5879310128643747,0.5879310128643747,,,,1.0
33,acetone_dipole,11,1.0000001192092896,0.0,0.5879310128643747,0.5879310128643747,,,,1.0
33,acetone_dipole,12,1.0000001192092896,0.0,0.5879310128643747,0.5879310128643747,,,,1.0
33,acetone_dipole,13,1.0000001192092896,0.0,0.5879310128643747,0.5879310128643747,,,,1.0
33,acetone_dipole,14,1.0000001192092896,0.0,0.5879310128643747,0.5879310128643747,,,,1.0
33,acetone_dipole,15,1.0000001192092896,0.0,0.5879310128643747,0.5879310128643747,,,,1.0
33,acetone_dipole,16,1.0000001192092896,0.0,0.5879310128643747,0.5879310128643747,,,,1.0
33,acetone_dipole,17,1.0000001192092896,0.0,0.5879310128643747,0.5879310128643747,,,,1.0
33,acetone_dipole,18,1.0000001192092896,0.0,0.5879310128643747,0.5879310128643747,,,,1.0
33,acetone_dipole,19,1.0000001192092896,0.0,0.5879310128643747,0.5879310128643747,,,,1.0
33,acetone_dipole,20,1.0000001192092896,0.0,0.5879310128643747,0.5879310128643747,,,,1.0
33,acetone_dipole,21,1.0000001192092896,0.0,0.5879310128643747,0.5879310128643747,,,,1.0
33,acetone_dipole,22,1.0000001192092896,0.0,0.5879310128643747,0.5879310128643747,,,,1.0
33,acetone_dipole,23,1.0000001192092896,0.0,0.5879310128643747,0.5879310128643747,,,,1.0
33,acetone_dipole,24,1.0000001192092896,0.0,0.5879310128643747,0.5879310128643747,,,,1.0
33,acetone_dipole,25,1.0000001192092896,0.0,0.5879310128643747,0.5879310128643747,,,,1.0
33,acetone_dipole,26,1.0000001192092896,0.0,0.5879310128643747,0.5879310128643747,,,,1.0
33,acetone_dipole,27,1.0000001192092896,0.0,0.5879310128643747,0.5879310128643747,,,,1.0
33,acetone_dipole,28,1.0000001192092896,0.0,0.5879310128643747,0.5879310128643747,,,,1.0
33,acetone_dipole,29,1.0000001192092896,0.0,0.5879310128643747,0.5879310128643747,,,,1.0
33,acetone_dipole,30,1.0000001192092896,0.0,0.5879310128643747,0.5879310128643747,,,,1.0
33,acetone_dipole,31,1.0000001192092896,0.0,0.5879310128643747,0.5879310128643747,,,,1.0
33,acetone_dipole,32,1.0000001192092896,0.0,0.5879310128643747,0.5879310128643747,,,,1.0
33,acetone_dipole,33,1.0000001192092896,0.0,0.5879310128643747,0.5879310128643747,,,,1.0
33,acetone_dipole,34,1.0000001192092896,0.0,0.5879310128643747,0.5879310128643747,,,,1.0
33,acetone_dipole,35,1.0000001192092896,0.0,0.5879310128643747,0.5879310128643747,,,,1.0
33,acetone_dipole,36,1.0000001192092896,0.0,0.5879310128643747,0.5879310128643747,,,,1.0
33,acetone_dipole,37,1.0000001192092896,0.0,0.5879310128643747,0.5879310128643747,,,,1.0
33,acetone_dipole,38,1.0000001192092896,0.0,0.5879310128643747,0.5879310128643747,,,,1.0
33,acetone_dipole,39,1.0000001192092896,0.0,0.5879310128643747,0.5879310128643747,,,,1.0
33,acetone_dipole,40,1.0000001192092896,0.0,0.5879310128643747,0.5879310128643747,,,,1.0
33,acetone_dipole,41,1.0000001192092896,0.0,0.5879310128643747,0.5879310128643747,,,,1.0
33,acetone_dipole,42,1.0000001192092896,0.0,0.5879310128643747,0.5879310128643747,,,,1.0
33,acetone_dipole,43,1.0000001192092896,0.0,0.5879310128643747,0.5879310128643747,,,,1.0
33,acetone_dipole,44,1.0000001192092896,0.0,0.5879310128643747,0.5879310128643747,,,,1.0
33,acetone_dipole,45,1.0000001192092896,0.0,0.5879310128643747,0.5879310128643747,,,,1.0
33,acetone_dipole,46,1.0000001192092896,0.0,0.5879310128643747,0.5879310128643747,,,,1.0
33,acetone_dipole,47,1.0000001192092896,0.0,0.5879310128643747,0.5879310128643747,,,,1.0
33,acetone_dipole,48,1.0000001192092896,0.0,0.5879310128643747,0.5879310128643747,,,,1.0
33,acetone_dipole,49,1.0000001192092896,0.0,0.5879310128643747,0.5879310128643747,,,,1.0
33,acetone_dipole,50,1.0000001192092896,0.0,0.5879310128643747,0.5879310128643747,,,,1.0
33,acetone_dipole,51,1.0000001192092896,0.0,0.5879310128643747,0.5879310128643747,,,,1.0
33,acetone_dipole,52,1.0000001192092896,0.0,0.5879310128643747,0.5879310128643747,,,,1.0
33,acetone_dipole,53,1.0000001192092896,0.0,0.5879310128643747,0.5879310128643747,,,,1.0
33,acetone_dipole,54,1.0000001192092896,0.0,0.5879310128643747,0.5879310128643747,,,,1.0
33,acetone_dipole,55,1.0000001192092896,0.0,0.5879310128643747,0.5879310128643747,,,,1.0
33,acetone_dipole,56,1.0000001192092896,0.0,0.5879310128643747,0.5879310128643747,,,,1.0
33,acetone_dipole,57,1.0000001192092896,0.0,0.5879310128643747,0.5879310128643747,,,,1.0
33,acetone_dipole,58,1.0000001192092896,0.0,0.5879310128643747,0.5879310128643747,,,,1.0
33,acetone_dipole,59,1.0000001192092896,0.0,0.5879310128643747,0.5879310128643747,,,,1.0
33,acetone_dipole,60,1.0000001192092896,0.0,0.5879310128643747,0.5879310128643747,,,,1.0
33,acetone_dipole,61,1.0000001192092896,0.0,0.5879310128643747,0.5879310128643747,,,,1.0
33,acetone_dipole,62,1.0000001192092896,0.0,0.5879310128643747,0.5879310128643747,,,,1.0
33,acetone_dipole,63,1.0000001192092896,0.0,0.5879310128643747,0.5879310128643747,,,,1.0
33,acetone_dipole,64,1.0000001192092896,0.0,0.5879310128643747,0.5879310128643747,,,,1.0
33,acetone_dipole,65,1.0000001192092896,0.0,0.5879310128643747,0.5879310128643747,,,,1.0
33,acetone_dipole,66,1.0000001192092896,0.0,0.5879310128643747,0.5879310128643747,,,,1.0
33,acetone_dipole,67,1.0000001192092896,0.0,0.5879310128643747,0.5879310128643747,,,,1.0
33,acetone_dipole,68,1.0000001192092896,0.0,0.5879310128643747,0.5879310128643747,,,,1.0
33,acetone_dipole,69,1.0000001192092896,0.0,0.5879310128643747,0.5879310128643747,,,,1.0
33,acetone_dipole,70,1.0000001192092896,0.0,0.5879310128643747,0.5879310128643747,,,,1.0
33,acetone_dipole,71,1.0000001192092896,0.0,0.5879310128643747,0.5879310128643747,,,,1.0
33,acetone_dipole,72,1.0000001192092896,0.0,0.5879310128643747,0.5879310128643747,,,,1.0
33,acetone_dipole,73,1.0000001192092896,0.0,0.5879310128643747,0.5879310128643747,,,,1.0
33,acetone_dipole,74,1.0000001192092896,0.0,0.5879310128643747,0.5879310128643747,,,,1.0
33,acetone_dipole,75,1.0000001192092896,0.0,0.5879310128643747,0.5879310128643747,,,,1.0
33,acetone_dipole,76,1.0000001192092896,0.0,0.5879310128643747,0.5879310128643747,,,,1.0
33,acetone_dipole,77,1.0000001192092896,0.0,0.5879310128643747,0.5879310128643747,,,,1.0
33,acetone_dipole,78,1.0000001192092896,0.0,0.5879310128643747,0.5879310128643747,,,,1.0
33,acetone_dipole,79,1.0000001192092896,0.0,0.5879310128643747,0.5879310128643747,,,,1.0
33,acetone_dipole,80,1.0000001192092896,0.0,0.5879310128643747,0.5879310128643747,,,,1.0
33,acetone_dipole,81,1.0000001192092896,0.0,0.5879310128643747,0.5879310128643747,,,,1.0
33,acetone_dipole,82,1.0000001192092896,0.0,0.5879310128643747,0.5879310128643747,,,,1.0
33,acetone_dipole,83,1.0000001192092896,0.0,0.5879310128643747,0.5879310128643747,,,,1.0
33,acetone_dipole,84,1.0000001192092896,0.0,0.5879310128643747,0.5879310128643747,,,,1.0
33,acetone_dipole,85,1.0000001192092896,0.0,0.5879310128643747,0.5879310128643747,,,,1.0
33,acetone_dipole,86,1.0000001192092896,0.0,0.5879310128643747,0.5879310128643747,,,,1.0
33,acetone_dipole,87,1.0000001192092896,0.0,0.5879310128643747,0.5879310128643747,,,,1.0
33,acetone_dipole,88,1.0000001192092896,0.0,0.5879310128643747,0.5879310128643747,,,,1.0
33,acetone_dipole,89,1.0000001192092896,0.0,0.5879310128643747,0.5879310128643747,,,,1.0
33,acetone_dipole,90,1.0000001192092896,0.0,0.5879310128643747,0.5879310128643747,,,,1.0
33,acetone_dipole,91,1.0000001192092896,0.0,0.5879310128643747,0.5879310128643747,,,,1.0
33,acetone_dipole,92,1.0000001192092896,0.0,0.5879310128643747,0.5879310128643747,,,,1.0
33,acetone_dipole,93,1.0000001192092896,0.0,0.5879310128643747,0.5879310128643747,,,,1.0
33,acetone_dipole,94,1.0000001192092896,0.0,0.5879310128643747,0.5879310128643747,,,,1.0
33,acetone_dipole,95,1.0000001192092896,0.0,0.5879310128643747,0.5879310128643747,,,,1.0
33,acetone_dipole,96,1.0000001192092896,0.0,0.5879310128643747,0.5879310128643747,,,,1.0
33,acetone_dipole,97,1.0000001192092896,0.0,0.5879310128643747,0.5879310128643747,,,,1.0
33,acetone_dipole,98,1.0000001192092896,0.0,0.5879310128643747,0.5879310128643747,,,,1.0
33,acetone_dipole,99,1.0000001192092896,0.0,0.5879310128643747,0.5879310128643747,,,,1.0
33,acetone_dipole,100,1.0000001192092896,0.0,0.5879310128643747,0.5879310128643747,,,,1.0
33,acetone_dipole,101,1.0000001192092896,0.0,0.5879310128643747,0.5879310128643747,,,,1.0
33,acetone_dipole,102,1.0000001192092896,0.0,0.5879310128643747,0.5879310128643747,,,,1.0
33,acetone_dipole,103,1.0000001192092896,0.0,0.5879310128643747,0.5879310128643747,,,,1.0
33,acetone_dipole,104,1.0000001192092896,0.0,0.5879310128643747,0.5879310128643747,,,,1.0
33,acetone_dipole,105,1.0000001192092896,0.0,0.5879310128643747,0.5879310128643747,,,,1.0
33,acetone_dipole,106,1.0000001192092896,0.0,0.5879310128643747,0.5879310128643747,,,,1.0
33,acetone_dipole,107,1.0000001192092896,0.0,0.5879310128643747,0.5879310128643747,,,,1.0
33,acetone_dipole,108,1.0000001192092896,0.0,0.5879310128643747,0.5879310128643747,,,,1.0
33,acetone_dipole,109,1.0000001192092896,0.0,0.5879310128643747,0.5879310128643747,,,,1.0
33,acetone_dipole,110,1.0000001192092896,0.0,0.5879310128643747,0.5879310128643747,,,,1.0
33,acetone_dipole,111,1.0000001192092896,0.0,0.5879310128643747,0.5879310128643747,,,,1.0
33,acetone_dipole,112,1.0000001192092896,0.0,0.5879310128643747,0.5879310128643747,,,,1.0
33,acetone_dipole,113,1.0000001192092896,0.0,0.5879310128643747,0.5879310128643747,,,,1.0
33,acetone_dipole,114,1.0000001192092896,0.0,0.5879310128643747,0.5879310128643747,,,,1.0
33,acetone_dipole,115,1.0000001192092896,0.0,0.5879310128643747,0.5879310128643747,,,,1.0
33,acetone_dipole,116,1.0000001192092896,0.0,0.5879310128643747,0.5879310128643747,,,,1.0
33,acetone_dipole,117,1.0000001192092896,0.0,0.5879310128643747,0.5879310128643747,,,,1.0
33,acetone_dipole,118,1.0000001192092896,0.0,0.5879310128643747,0.5879310128643747,,,,1.0
33,acetone_dipole,119,1.0000001192092896,0.0,0.5879310128643747,0.5879310128643747,,,,1.0
33,acetone_dipole,120,1.0000001192092896,0.0,0.5879310128643747,0.5879310128643747,,,,1.0
33,acetone_dipole,121,1.0000001192092896,0.0,0.5879310128643747,0.5879310128643747,,,,1.0
33,acetone_dipole,122,1.0000001192092896,0.0,0.5879310128643747,0.5879310128643747,,,,1.0
33,acetone_dipole,123,1.0000001192092896,0.0,0.5879310128643747,0.5879310128643747,,,,1.0
33,acetone_dipole,124,1.0000001192092896,0.0,0.5879310128643747,0.5879310128643747,,,,1.0
33,acetone_dipole,125,1.0000001192092896,0.0,0.5879310128643747,0.5879310128643747,,,,1.0
33,acetone_dipole,126,1.0000001192092896,0.0,0.5879310128643747,0.5879310128643747,,,,1.0
33,acetone_dipole,127,1.0000001192092896,0.0,0.5879310128643747,0.5879310128643747,,,,1.0
33,acetone_dipole,128,1.0000001192092896,0.0,0.5879310128643747,0.5879310128643747,,,,1.0
33,acetone_dipole,129,1.0000001192092896,0.0,0.5879310128643747,0.5879310128643747,,,,1.0
33,acetone_dipole,130,1.0000001192092896,0.0,0.5879310128643747,0.5879310128643747,,,,1.0
33,acetone_dipole,131,1.0000001192092896,0.0,0.5879310128643747,0.5879310128643747,,,,1.0
33,acetone_dipole,132,1.0000001192092896,0.0,0.5879310128643747,0.5879310128643747,,,,1.0
33,acetone_dipole,133,1.0000001192092896,0.0,0.5879310128643747,0.5879310128643747,,,,1.0
33,acetone_dipole,134,1.0000001192092896,0.0,0.5879310128643747,0.5879310128643747,,,,1.0
33,acetone_dipole,135,1.0000001192092896,0.0,0.5879310128643747,0.5879310128643747,,,,1.0
33,acetone_dipole,136,1.0000001192092896,0.0,0.5879310128643747,0.5879310128643747,,,,1.0
33,acetone_dipole,137,1.0000001192092896,0.0,0.5879310128643747,0.5879310128643747,,,,1.0
33,acetone_dipole,138,1.0000001192092896,0.0,0.5879310128643747,0.5879310128643747,,,,1.0
33,acetone_dipole,139,1.0000001192092896,0.0,0.5879310128643747,0.5879310128643747,,,,1.0
33,acetone_dipole,140,1.0000001192092896,0.0,0.5879310128643747,0.5879310128643747,,,,1.0
33,acetone_dipole,141,1.0000001192092896,0.0,0.5879310128643747,0.5879310128643747,,,,1.0
33,acetone_dipole,142,1.0000001192092896,0.0,0.5879310128643747,0.5879310128643747,,,,1.0
33,acetone_dipole,143,1.0000001192092896,0.0,0.5879310128643747,0.5879310128643747,,,,1.0
33,acetone_dipole,144,1.0000001192092896,0.0,0.5879310128643747,0.5879310128643747,,,,1.0
33,acetone_dipole,145,1.0000001192092896,0.0,0.5879310128643747,0.5879310128643747,,,,1.0
33,acetone_dipole,146,1.0000001192092896,0.0,0.5879310128643747,0.5879310128643747,,,,1.0
33,acetone_dipole,147,1.0000001192092896,0.0,0.5879310128643747,0.5879310128643747,,,,1.0
33,acetone_dipole,148,1.0000001192092896,0.0,0.5879310128643747,0.5879310128643747,,,,1.0
33,acetone_dipole,149,1.0000001192092896,0.0,0.5879310128643747,0.5879310128643747,,,,1.0
33,acetone_dipole,150,1.0000001192092896,0.0,0.5879310128643747,0.5879310128643747,,,,1.0
33,acetone_dipole,151,1.0000001192092896,0.0,0.5879310128643747,0.5879310128643747,,,,1.0
33,acetone_dipole,152,1.0000001192092896,0.0,0.5879310128643747,0.5879310128643747,,,,1.0
33,acetone_dipole,153,1.0000001192092896,0.0,0.5879310128643747,0.5879310128643747,,,,1.0
33,acetone_dipole,154,1.0000001192092896,0.0,0.5879310128643747,0.5879310128643747,,,,1.0
33,acetone_dipole,155,1.0000001192092896,0.0,0.5879310128643747,0.5879310128643747,,,,1.0
33,acetone_dipole,156,1.0000001192092896,0.0,0.5879310128643747,0.5879310128643747,,,,1.0
33,acetone_dipole,157,1.0000001192092896,0.0,0.5879310128643747,0.5879310128643747,,,,1.0
33,acetone_dipole,158,1.0000001192092896,0.0,0.5879310128643747,0.5879310128643747,,,,1.0
33,acetone_dipole,159,1.0000001192092896,0.0,0.5879310128643747,0.5879310128643747,,,,1.0
33,acetone_dipole,160,1.0000001192092896,0.0,0.5879310128643747,0.5879310128643747,,,,1.0
33,acetone_dipole,161,1.0000001192092896,0.0,0.5879310128643747,0.5879310128643747,,,,1.0
33,acetone_dipole,162,1.0000001192092896,0.0,0.5879310128643747,0.5879310128643747,,,,1.0
33,acetone_dipole,163,1.0000001192092896,0.0,0.5879310128643747,0.5879310128643747,,,,1.0
33,acetone_dipole,164,1.0000001192092896,0.0,0.5879310128643747,0.5879310128643747,,,,1.0
33,acetone_dipole,165,1.0000001192092896,0.0,0.5879310128643747,0.5879310128643747,,,,1.0
33,acetone_dipole,166,1.0000001192092896,0.0,0.5879310128643747,0.5879310128643747,,,,1.0
33,acetone_dipole,167,1.0000001192092896,0.0,0.5879310128643747,0.5879310128643747,,,,1.0
33,acetone_dipole,168,1.0000001192092896,0.0,0.5879310128643747,0.5879310128643747,,,,1.0
33,acetone_dipole,169,1.0000001192092896,0.0,0.5879310128643747,0.5879310128643747,,,,1.0
33,acetone_dipole,170,1.0000001192092896,0.0,0.5879310128643747,0.5879310128643747,,,,1.0
33,acetone_dipole,171,1.0000001192092896,0.0,0.5879310128643747,0.5879310128643747,,,,1.0
33,acetone_dipole,172,1.0000001192092896,0.0,0.5879310128643747,0.5879310128643747,,,,1.0
33,acetone_dipole,173,1.0000001192092896,0.0,0.5879310128643747,0.5879310128643747,,,,1.0
33,acetone_dipole,174,1.0000001192092896,0.0,0.5879310128643747,0.5879310128643747,,,,1.0
33,acetone_dipole,175,1.0000001192092896,0.0,0.5879310128643747,0.5879310128643747,,,,1.0
33,acetone_dipole,176,1.0000001192092896,0.0,0.5879310128643747,0.5879310128643747,,,,1.0
33,acetone_dipole,177,1.0000001192092896,0.0,0.5879310128643747,0.5879310128643747,,,,1.0
33,acetone_dipole,178,1.0000001192092896,0.0,0.5879310128643747,0.5879310128643747,,,,1.0
33,acetone_dipole,179,1.0000001192092896,0.0,0.5879310128643747,0.5879310128643747,,,,1.0
33,acetone_dipole,180,1.0000001192092896,0.0,0.5879310128643747,0.5879310128643747,,,,1.0
33,acetone_dipole,181,1.0000001192092896,0.0,0.5879310128643747,0.5879310128643747,,,,1.0
33,acetone_dipole,182,1.0000001192092896,0.0,0.5879310128643747,0.5879310128643747,,,,1.0
33,acetone_dipole,183,1.0000001192092896,0.0,0.5879310128643747,0.5879310128643747,,,,1.0
33,acetone_dipole,184,1.0000001192092896,0.0,0.5879310128643747,0.5879310128643747,,,,1.0
33,acetone_dipole,185,1.0000001192092896,0.0,0.5879310128643747,0.5879310128643747,,,,1.0
33,acetone_dipole,186,1.0000001192092896,0.0,0.5879310128643747,0.5879310128643747,,,,1.0
33,acetone_dipole,187,1.0000001192092896,0.0,0.5879310128643747,0.5879310128643747,,,,1.0
33,acetone_dipole,188,1.0000001192092896,0.0,0.5879310128643747,0.5879310128643747,,,,1.0
33,acetone_dipole,189,1.0000001192092896,0.0,0.5879310128643747,0.5879310128643747,,,,1.0
33,acetone_dipole,190,1.0000001192092896,0.0,0.5879310128643747,0.5879310128643747,,,,1.0
33,acetone_dipole,191,1.0000001192092896,0.0,0.5879310128643747,0.5879310128643747,,,,1.0
33,acetone_dipole,192,1.0000001192092896,0.0,0.5879310128643747,0.5879310128643747,,,,1.0
33,acetone_dipole,193,1.0000001192092896,0.0,0.5879310128643747,0.5879310128643747,,,,1.0
33,acetone_dipole,194,1.0000001192092896,0.0,0.5879310128643747,0.5879310128643747,,,,1.0
33,acetone_dipole,195,1.0000001192092896,0.0,0.5879310128643747,0.5879310128643747,,,,1.0
33,acetone_dipole,196,1.0000001192092896,0.0,0.5879310128643747,0.5879310128643747,,,,1.0
33,acetone_dipole,197,1.0000001192092896,0.0,0.5879310128643747,0.5879310128643747,,,,1.0
33,acetone_dipole,198,1.0000001192092896,0.0,0.5879310128643747,0.5879310128643747,,,,1.0
33,acetone_dipole,199,1.0000001192092896,0.0,0.5879310128643747,0.5879310128643747,,,,1.0
33,acetone_dipole,200,1.0000001192092896,0.0,0.5879310128643747,0.5879310128643747,,,,1.0
33,acetone_dipole,201,1.0000001192092896,0.0,0.5879310128643747,0.5879310128643747,,,,1.0
33,acetone_dipole,202,1.0000001192092896,0.0,0.5879310128643747,0.5879310128643747,,,,1.0
33,acetone_dipole,203,1.0000001192092896,0.0,0.5879310128643747,0.5879310128643747,,,,1.0
33,acetone_dipole,204,1.0000001192092896,0.0,0.5879310128643747,0.5879310128643747,,,,1.0
33,acetone_dipole,205,1.0000001192092896,0.0,0.5879310128643747,0.5879310128643747,,,,1.0
33,acetone_dipole,206,1.0000001192092896,0.0,0.5879310128643747,0.5879310128643747,,,,1.0
33,acetone_dipole,207,1.0000001192092896,0.0,0.5879310128643747,0.5879310128643747,,,,1.0
33,acetone_dipole,208,1.0000001192092896,0.0,0.5879310128643747,0.5879310128643747,,,,1.0
33,acetone_dipole,209,1.0000001192092896,0.0,0.5879310128643747,0.5879310128643747,,,,1.0
33,acetone_dipole,210,1.0000001192092896,0.0,0.5879310128643747,0.5879310128643747,,,,1.0
33,acetone_dipole,211,1.0000001192092896,0.0,0.5879310128643747,0.5879310128643747,,,,1.0
33,acetone_dipole,212,1.0000001192092896,0.0,0.5879310128643747,0.5879310128643747,,,,1.0
33,acetone_dipole,213,1.0000001192092896,0.0,0.5879310128643747,0.5879310128643747,,,,1.0
33,acetone_dipole,214,1.0000001192092896,0.0,0.5879310128643747,0.5879310128643747,,,,1.0
33,acetone_dipole,215,1.0000001192092896,0.0,0.5879310128643747,0.5879310128643747,,,,1.0
33,acetone_dipole,216,1.0000001192092896,0.0,0.5879310128643747,0.5879310128643747,,,,1.0
33,acetone_dipole,217,1.0000001192092896,0.0,0.5879310128643747,0.5879310128643747,,,,1.0
33,acetone_dipole,218,1.0000001192092896,0.0,0.5879310128643747,0.5879310128643747,,,,1.0
33,acetone_dipole,219,1.0000001192092896,0.0,0.5879310128643747,0.5879310128643747,,,,1.0
33,acetone_dipole,220,1.0000001192092896,0.0,0.5879310128643747,0.5879310128643747,,,,1.0
33,acetone_dipole,221,1.0000001192092896,0.0,0.5879310128643747,0.5879310128643747,,,,1.0
33,acetone_dipole,222,1.0000001192092896,0.0,0.5879310128643747,0.5879310128643747,,,,1.0
33,acetone_dipole,223,1.0000001192092896,0.0,0.5879310128643747,0.5879310128643747,,,,1.0
33,acetone_dipole,224,1.0000001192092896,0.0,0.5879310128643747,0.5879310128643747,,,,1.0
33,acetone_dipole,225,1.0000001192092896,0.0,0.5879310128643747,0.5879310128643747,,,,1.0
33,acetone_dipole,226,1.0000001192092896,0.0,0.5879310128643747,0.5879310128643747,,,,1.0
33,acetone_dipole,227,1.0000001192092896,0.0,0.5879310128643747,0.5879310128643747,,,,1.0
33,acetone_dipole,228,1.0000001192092896,0.0,0.5879310128643747,0.5879310128643747,,,,1.0
33,acetone_dipole,229,1.0000001192092896,0.0,0.5879310128643747,0.5879310128643747,,,,1.0
33,acetone_dipole,230,1.0000001192092896,0.0,0.5879310128643747,0.5879310128643747,,,,1.0
33,acetone_dipole,231,1.0000001192092896,0.0,0.5879310128643747,0.5879310128643747,,,,1.0
33,acetone_dipole,232,1.0000001192092896,0.0,0.5879310128643747,0.5879310128643747,,,,1.0
33,acetone_dipole,233,1.0000001192092896,0.0,0.5879310128643747,0.5879310128643747,,,,1.0
33,acetone_dipole,234,1.0000001192092896,0.0,0.5879310128643747,0.5879310128643747,,,,1.0
33,acetone_dipole,235,1.0000001192092896,0.0,0.5879310128643747,0.5879310128643747,,,,1.0
33,acetone_dipole,236,1.0000001192092896,0.0,0.5879310128643747,0.5879310128643747,,,,1.0
33,acetone_dipole,237,1.0000001192092896,0.0,0.5879310128643747,0.5879310128643747,,,,1.0
33,acetone_dipole,238,1.0000001192092896,0.0,0.5879310128643747,0.5879310128643747,,,,1.0
33,acetone_dipole,239,1.0000001192092896,0.0,0.5879310128643747,0.5879310128643747,,,,1.0
33,acetone_dipole,240,1.0000001192092896,0.0,0.5879310128643747,0.5879310128643747,,,,1.0
33,acetone_dipole,241,1.0000001192092896,0.0,0.5879310128643747,0.5879310128643747,,,,1.0
33,acetone_dipole,242,1.0000001192092896,0.0,0.5879310128643747,0.5879310128643747,,,,1.0
33,acetone_dipole,243,1.0000001192092896,0.0,0.5879310128643747,0.5879310128643747,,,,1.0
33,acetone_dipole,244,1.0000001192092896,0.0,0.5879310128643747,0.5879310128643747,,,,1.0
33,acetone_dipole,245,1.0000001192092896,0.0,0.5879310128643747,0.5879310128643747,,,,1.0
33,acetone_dipole,246,1.0000001192092896,0.0,0.5879310128643747,0.5879310128643747,,,,1.0
33,acetone_dipole,247,1.0000001192092896,0.0,0.5879310128643747,0.5879310128643747,,,,1.0
33,acetone_dipole,248,1.0000001192092896,0.0,0.5879310128643747,0.5879310128643747,,,,1.0
33,acetone_dipole,249,1.0000001192092896,0.0,0.5879310128643747,0.5879310128643747,,,,1.0
33,octanol_gsolv_eV,0,0.15350419282913208,0.058224841952323914,0.6386027306521551,0.9694396037730959,12.998384475708008,0.014461114071309566,0.001112531645631438,0.14
33,octanol_gsolv_eV,1,0.2891901731491089,0.017172101885080338,0.6384790212366191,0.9329333235212081,3.674510955810547,0.3494871258735657,0.09511119440831102,0.18
33,octanol_gsolv_eV,2,0.1421932727098465,0.05035347491502762,0.6363491443122926,0.9599753181221939,11.076476097106934,0.030059074983000755,0.002713775998744934,0.1
33,octanol_gsolv_eV,3,0.22313053905963898,0.04648871347308159,0.645694404355885,0.9366925689012906,10.617741584777832,0.25725507736206055,0.024228794354053156,0.24
33,octanol_gsolv_eV,4,0.14739204943180084,0.03628817945718765,0.6438787983935204,0.974369974253884,8.01111888885498,0.05522024258971214,0.006892950080485537,0.12
33,octanol_gsolv_eV,5,0.2318664789199829,0.04479711875319481,0.644560742078486,0.9315923981929912,10.130772590637207,0.3252779245376587,0.032107909009652276,0.14
33,octanol_gsolv_eV,6,0.2537282705307007,0.046232789754867554,0.6444614674031881,0.9189604457929672,10.495763778686523,0.48327550292015076,0.04604481513784884,0.28
33,octanol_gsolv_eV,7,0.24172191321849823,0.04523959010839462,0.6411308400576081,0.9129388204320996,10.239749908447266,0.9798133969306946,0.09568723901375746,0.24
33,octanol_gsolv_eV,8,0.20464745163917542,0.04961556941270828,0.6447410142632652,0.9459397171228123,11.217615127563477,0.1315690129995346,0.011728786511515132,0.16
33,octanol_gsolv_eV,9,0.303772509098053,0.04701922833919525,0.6451571796739299,0.9230748334846466,10.772239685058594,0.40823546051979065,0.037896990083318045,0.28
33,octanol_gsolv_eV,10,0.3275113105773926,0.0414474718272686,0.6433680153227679,0.9216050354769931,9.442570686340332,0.7170406579971313,0.07593701776936718,0.32
33,octanol_gsolv_eV,11,0.2580435574054718,0.048849884420633316,0.6393085856272691,0.9088347526248162,11.100029945373535,0.6555684804916382,0.059060064136572665,0.34
33,octanol_gsolv_eV,12,0.4115929901599884,0.04587383568286896,0.644011178452945,0.9175069538985956,10.547133445739746,1.254918098449707,0.11898191152180787,0.3
33,octanol_gsolv_eV,13,0.19791129231452942,0.05210159346461296,0.641483401501634,0.9526912587617675,11.68740177154541,0.21682213246822357,0.018551782227261743,0.12
33,octanol_gsolv_eV,14,0.22469888627529144,0.046958714723587036,0.6421398326296817,0.9268022139031182,10.650522232055664,0.28514817357063293,0.02677316354614062,0.2
33,octanol_gsolv_eV,15,0.24460747838020325,0.04699540138244629,0.6456449392824015,0.9307080725339456,10.693380355834961,0.29412394762039185,0.02750523574707598,0.32
33,octanol_gsolv_eV,16,0.07656911015510559,0.046341173350811005,0.6432025888270081,0.9648496611415454,10.367413520812988,0.01809011586010456,0.0017449015440339044,0.08
33,octanol_gsolv_eV,17,0.14757293462753296,0.016977377235889435,0.6463158747128164,0.967461895073588,3.689800500869751,0.07293982058763504,0.019767957798922146,0.14
33,octanol_gsolv_eV,18,0.27046629786491394,0.053030285984277725,0.639704029165653,0.9090571849722155,11.954103469848633,0.7142795920372009,0.05975183281948332,0.36
33,octanol_gsolv_eV,19,0.27512553334236145,0.030645841732621193,0.6460586682292051,0.9633295297119691,6.785967826843262,0.280667245388031,0.04135994342292565,0.18
33,octanol_gsolv_eV,20,0.12023822218179703,0.05448133870959282,0.6423343546760836,0.958961897441301,12.264923095703125,0.01542603224515915,0.0012577357497303415,0.08
33,octanol_gsolv_eV,21,0.32429981231689453,0.04367177560925484,0.6448218381115818,0.908757843848752,10.003583908081055,0.7628291249275208,0.0762555831926691,0.42
33,octanol_gsolv_eV,22,0.2533581554889679,0.04989879950881004,0.6335334597315077,0.9108731785880118,11.002260208129883,0.5738112330436707,0.05215394129832207,0.3
33,octanol_gsolv_eV,23,0.30529117584228516,0.045621808618307114,0.6440144061047393,0.9049414491700278,10.477371215820312,0.681559145450592,0.0650505867751895,0.2
33,octanol_gsolv_eV,24,0.33057573437690735,0.04394877701997757,0.6453506970017198,0.8913304885154993,10.106925010681152,0.7263055443763733,0.0718621681281698,0.32
33,octanol_gsolv_eV,25,0.317939430475235,0.03383434936404228,0.6465636556035947,0.9604672223001918,7.5070319175720215,0.26951104402542114,0.03590114535074314,0.3
33,octanol_gsolv_eV,26,0.23031458258628845,0.05032174661755562,0.6448993267017955,0.9633883567198498,11.466379165649414,0.1391488015651703,0.01213537417130139,0.2
33,octanol_gsolv_eV,27,0.24218285083770752,0.04788987711071968,0.642935721637609,0.9078128596043593,10.878005027770996,0.940036952495575,0.08641630060803504,0.16
33,octanol_gsolv_eV,28,0.21061475574970245,0.047923341393470764,0.6447893834615286,0.9572569641078941,10.843794822692871,0.1115957573056221,0.01029120885541702,0.18
33,octanol_gsolv_eV,29,0.30314019322395325,0.04694577679038048,0.6442898941041622,0.9416274103123836,10.639373779296875,1.180249810218811,0.11093226299798355,0.3
33,octanol_gsolv_eV,30,0.2764822542667389,0.04492576792836189,0.6408516869756768,0.9116944357649626,10.218005180358887,1.428261399269104,0.13977888776319247,0.22
33,octanol_gsolv_eV,31,0.138532355427742,0.050559867173433304,0.6409140951093188,0.9598209759610283,11.329826354980469,0.03039023093879223,0.0026823209806241216,0.14
33,octanol_gsolv_eV,32,0.2686356008052826,0.04627757519483566,0.6421202030300268,0.9175487093380281,10.432404518127441,0.5530739426612854,0.053015001642263686,0.2
33,octanol_gsolv_eV,33,0.3328304588794708,0.042541202157735825,0.6457726607607255,0.9253400269660725,9.60528564453125,1.4376088380813599,0.14966851494935599,0.3
33,octanol_gsolv_eV,34,0.32542046904563904,0.05050573870539665,0.6387725666528052,0.9114735777314178,11.476597785949707,0.9718629717826843,0.08468214970228315,0.3
33,octanol_gsolv_eV,35,0.252336710691452,0.04591979458928108,0.6450024170151574,0.9135816824942948,10.46922492980957,0.7305730581283569,0.06978291736269399,0.24
33,octanol_gsolv_eV,36,0.23974968492984772,0.048030953854322433,0.6431765257628432,0.9147200707946004,10.82090950012207,0.7949608564376831,0.07346525321450245,0.24
33,octanol_gsolv_eV,37,0.3115417957305908,0.04948417842388153,0.6408536785809513,0.9128910380221875,11.313891410827637,0.8269280195236206,0.07308961960976863,0.36
33,octanol_gsolv_eV,38,0.24341370165348053,0.028339533135294914,0.6427295135226923,0.9514630928046408,6.325253009796143,0.33411699533462524,0.05282270840663077,0.16
33,octanol_gsolv_eV,39,0.10527417063713074,0.05074220150709152,0.6426614268086037,0.9499063875526448,11.371615409851074,0.018066255375742912,0.001588714947226615,0.08
33,octanol_gsolv_eV,40,0.311565101146698,0.04996436461806297,0.6401433347331329,0.903154694922681,11.333033561706543,0.9559517502784729,0.08435091496671827,0.32
33,octanol_gsolv_eV,41,0.2386549860239029,0.048913516104221344,0.6453615996771418,0.902627038086385,11.117669105529785,0.6419548988342285,0.05774186052316744,0.28
33,octanol_gsolv_eV,42,0.28619325160980225,0.044713255017995834,0.6448899911446073,0.9087647517853585,10.19575309753418,0.7314975261688232,0.07174531583603513,0.28
33,octanol_gsolv_eV,43,0.1458815634250641,0.02825908176600933,0.6469685938668412,0.9716630980896246,6.2227349281311035,0.058833733201026917,0.009454642352682804,0.16
33,octanol_gsolv_eV,44,0.36576932668685913,0.028299249708652496,0.6500598385526821,0.9216724355495822,6.373974800109863,1.1338552236557007,0.17788825014434592,0.24
33,octanol_gsolv_eV,45,0.20836395025253296,0.0416949987411499,0.6442185168670846,0.9422389235789927,9.428974151611328,0.4750553369522095,0.05038250495903913,0.24
33,octanol_gsolv_eV,46,0.1163095012307167,0.042931366711854935,0.642830830902142,0.9597495047628459,9.66140365600586,0.013355585746467113,0.0013823649463362215,0.14
33,octanol_gsolv_eV,47,0.2756425142288208,0.05037134885787964,0.6455700225418568,0.9000939000445229,11.555459022521973,0.5537926554679871,0.04792476477036756,0.18
33,octanol_gsolv_eV,48,0.26527291536331177,0.04500071331858635,0.6470490064713985,0.9054641066206743,10.316746711730957,0.5544021129608154,0.05373807542744229,0.26
33,octanol_gsolv_eV,49,0.046597402542829514,0.053988631814718246,0.6299780026113131,0.9754304462252801,11.794602394104004,0.008465608581900597,0.000717752773601971,0.02
33,octanol_gsolv_eV,50,0.3394908607006073,0.04894162714481354,0.6384732137361881,0.8947882539469774,11.154714584350586,0.9719680547714233,0.08713517924833665,0.24
33,octanol_gsolv_eV,51,0.27203986048698425,0.04742742329835892,0.6456128312883862,0.9201304271804687,10.892297744750977,0.6794920563697815,0.062382802260177866,0.12
33,octanol_gsolv_eV,52,0.3272603452205658,0.04768276959657669,0.6474620464083334,0.9092913441853405,10.912638664245605,0.9692484736442566,0.08881889187991923,0.2
33,octanol_gsolv_eV,53,0.14948169887065887,0.04455050826072693,0.6439492571597314,0.9282360364818896,10.044321060180664,0.08834461122751236,0.008795478628987925,0.16
33,octanol_gsolv_eV,54,0.058879755437374115,0.04162881150841713,0.6447471605680586,0.9656091607605748,9.338109016418457,0.013310675509274006,0.0014254144480291353,0.02
33,octanol_gsolv_eV,55,0.11059636622667313,0.04459018260240555,0.6441645346492482,0.9614709065647833,10.077459335327148,0.016769705340266228,0.001664080675719425,0.12
33,octanol_gsolv_eV,56,0.42568546533584595,0.05035647749900818,0.6409695767092733,0.9026673442252771,11.800972938537598,0.856735348701477,0.07259870462914947,0.24
33,octanol_gsolv_eV,57,0.23852995038032532,0.05629777908325195,0.6181899330246594,0.9503721908771465,12.052203178405762,0.2781512141227722,0.023078868652093652,0.32
33,octanol_gsolv_eV,58,0.14692078530788422,0.049374863505363464,0.6417788877794002,0.9473690977698153,11.039327621459961,0.04108892008662224,0.0037220491587501405,0.12
33,octanol_gsolv_eV,59,0.12911199033260345,0.0592823252081871,0.6350784784088717,0.9673353012742902,13.027593612670898,0.010013044811785221,0.0007686027910823326,0.12
33,octanol_gsolv_eV,60,0.2555777430534363,0.044936664402484894,0.6421734551130072,0.9084720532238355,10.148486137390137,0.7323780655860901,0.07216623796605334,0.28
33,octanol_gsolv_eV,61,0.3395078182220459,0.04825739562511444,0.6430801626161973,0.9195552383429586,11.0115327835083,1.2624452114105225,0.11464754600751453,0.28
33,octanol_gsolv_eV,62,0.12103774398565292,0.05031227320432663,0.6405079391157447,0.9738983557599941,11.204008102416992,0.00928462017327547,0.0008286873847647915,0.1
33,octanol_gsolv_eV,63,0.2921586334705353,0.042870692908763885,0.644081643201289,0.9362975108912024,9.767863273620605,0.5575161576271057,0.057076572635158716,0.3
33,octanol_gsolv_eV,64,0.2616592049598694,0.05118442326784134,0.6436628391864956,0.9201362706151848,11.708380699157715,0.7304270267486572,0.06238497410672709,0.22
33,octanol_gsolv_eV,65,0.26343342661857605,0.04382576420903206,0.6401467457604295,0.9237965843238498,9.815078735351562,0.2991085350513458,0.03047438977478892,0.22
33,octanol_gsolv_eV,66,0.2978128492832184,0.047705478966236115,0.6432610514459955,0.9184579796416386,10.930185317993164,0.8367619514465332,0.07655514770358594,0.28
33,octanol_gsolv_eV,67,0.2497551590204239,0.049220889806747437,0.6433586490640115,0.9134812035991906,11.048624038696289,0.49671655893325806,0.04495732293845609,0.26
33,octanol_gsolv_eV,68,0.1409320831298828,0.042314983904361725,0.6448827429149262,0.9456660209245713,9.562602996826172,0.11925261467695236,0.0124707273444827,0.02
33,octanol_gsolv_eV,69,0.19154144823551178,0.043663837015628815,0.6433928634289579,0.9273209429535492,9.819903373718262,0.14696809649467468,0.014966348537401737,0.22
33,octanol_gsolv_eV,70,0.10653313994407654,0.04708205163478851,0.6455461552786153,0.9450287911824413,10.592288970947266,0.01869041472673416,0.001764530289722891,0.08
33,octanol_gsolv_eV,71,0.3218563199043274,0.04356759414076805,0.6440364090339681,0.9450943190580805,9.887453079223633,0.9470418691635132,0.09578218592546538,0.34
33,octanol_gsolv_eV,72,0.19782917201519012,0.04594877362251282,0.6453804481903225,0.9533088610381679,10.396383285522461,0.07738295942544937,0.007443257650303199,0.24
33,octanol_gsolv_eV,73,0.3348011076450348,0.04649118334054947,0.6449453621364993,0.9138300834750888,10.690899848937988,0.8530942797660828,0.07979630263310598,0.2
33,octanol_gsolv_eV,74,0.13256502151489258,0.04569832608103752,0.6439783669316488,0.975672926218482,10.271885871887207,0.008392833173274994,0.0008170683823741723,0.14
33,octanol_gsolv_eV,75,0.2640102207660675,0.04885357245802879,0.638175315439587,0.9313306215886605,10.940132141113281,0.8621989488601685,0.07881065216936493,0.28
33,octanol_gsolv_eV,76,0.2354666292667389,0.04974259063601494,0.6406715212711249,0.9242020887746811,11.15829086303711,0.4682358503341675,0.04196304398958114,0.18
33,octanol_gsolv_eV,77,0.13901561498641968,0.047197479754686356,0.6442097705367269,0.9673975945315223,10.61057186126709,0.011573582887649536,0.0010907595781804965,0.12
33,octanol_gsolv_eV,78,0.09650886058807373,0.03639538586139679,0.6459103911509396,0.9247245698230253,8.211118698120117,0.20386375486850739,0.02482776858592736,0.04
33,octanol_gsolv_eV,79,0.25890371203422546,0.0457473024725914,0.6449047602905769,0.905729538692154,10.434959411621094,0.9153427481651306,0.08771886042467415,0.24
33,octanol_gsolv_eV,80,0.14653824269771576,0.04504013806581497,0.6420352398865572,0.9721069103727058,10.06118106842041,0.013333136215806007,0.0013252058704773205,0.24
33,octanol_gsolv_eV,81,0.28771519660949707,0.045979563146829605,0.6407226579504177,0.9080334429059076,10.465954780578613,0.8862688541412354,0.0846811277826138,0.24
33,octanol_gsolv_eV,82,0.4209587574005127,0.04989182949066162,0.6423942144150503,0.9116706672800552,11.470252990722656,1.1878080368041992,0.10355552207653304,0.42
33,octanol_gsolv_eV,83,0.0696488618850708,0.05262511968612671,0.6405170265661897,0.9657463648143692,11.733227729797363,0.0100509999319911,0.0008566270222869598,0.06
33,octanol_gsolv_eV,84,0.13776780664920807,0.08035908639431,0.6259443097778743,0.9716313499123015,16.87948989868164,0.026792215183377266,0.0015872645052780801,0.06
33,octanol_gsolv_eV,85,0.2829826772212982,0.046911392360925674,0.6450117678271918,0.9273719072217519,10.746830940246582,0.8520488739013672,0.07928373291055207,0.28
33,octanol_gsolv_eV,86,0.19221338629722595,0.047563426196575165,0.6460303492558104,0.972037932834448,10.75832748413086,0.0188127588480711,0.0017486694726314086,0.14
33,octanol_gsolv_eV,87,0.16036240756511688,0.048904888331890106,0.6424666476017016,0.9605921597976339,10.983819007873535,0.06107613071799278,0.005560555092378303,0.1
33,octanol_gsolv_eV,88,0.2846547067165375,0.04811713844537735,0.6458822749016078,0.903557022246642,11.054479598999023,1.000080943107605,0.09046838742170746,0.26
33,octanol_gsolv_eV,89,0.39024123549461365,0.04487931355834007,0.6428467659437076,0.9254520783590536,10.104558944702148,1.3490854501724243,0.13351255186449815,0.24
33,octanol_gsolv_eV,90,0.13011105358600616,0.05068734288215637,0.6445198039042503,0.9757327411382408,11.418034553527832,0.013696622103452682,0.0011995604006313709,0.12
33,octanol_gsolv_eV,91,0.2308257818222046,0.042687948793172836,0.6352751980481104,0.9371476435558777,9.4985933303833,0.33330652117729187,0.035090092773120314,0.22
33,octanol_gsolv_eV,92,0.2206534743309021,0.04948052763938904,0.6453997915771095,0.9690210534192041,11.184806823730469,0.1578533947467804,0.014113198129794034,0.14
33,octanol_gsolv_eV,93,0.29286321997642517,0.056313082575798035,0.6380277604272331,0.9304458648509746,12.576125144958496,0.26095348596572876,0.02074991167453033,0.16
33,octanol_gsolv_eV,94,0.13749799132347107,0.047855835407972336,0.6430749156215014,0.9767253670459495,10.760353088378906,0.016022374853491783,0.0014890194329027935,0.16
33,octanol_gsolv_eV,95,0.21975083649158478,0.04515983909368515,0.6448078052571,0.9477309640484035,10.230550765991211,0.1303756982088089,0.01274376142506509,0.18
33,octanol_gsolv_eV,96,0.1309720277786255,0.029420774430036545,0.6484471247947683,0.9748641775354263,6.5262556076049805,0.041521213948726654,0.0063621801604494925,0.16
33,octanol_gsolv_eV,97,0.15700368583202362,0.04519233852624893,0.6451060835698028,0.9676025966880097,10.202394485473633,0.024587195366621017,0.002409943607025659,0.14
33,octanol_gsolv_eV,98,0.22878088057041168,0.029520811513066292,0.6471889208538466,0.9493881606218539,6.516538619995117,0.19967754185199738,0.03064165709680809,0.2
33,octanol_gsolv_eV,99,0.18207962810993195,0.04457526281476021,0.6442406336604758,0.9503325127525788,10.049874305725098,0.061132386326789856,0.006082900588315284,0.16
33,octanol_gsolv_eV,100,0.2678248882293701,0.048873867839574814,0.6449498293472751,0.9412211367003689,11.071247100830078,0.2046200931072235,0.018482117799708573,0.3
33,octanol_gsolv_eV,101,0.3531549572944641,0.0476408377289772,0.6483071057080048,0.9268427661275498,10.895601272583008,0.9426064491271973,0.086512568287453,0.48
33,octanol_gsolv_eV,102,0.19919967651367188,0.07207874208688736,0.6397191404314688,0.9695006481476804,16.029815673828125,0.04992338642477989,0.0031144080157010034,0.16
33,octanol_gsolv_eV,103,0.37446802854537964,0.043140511959791183,0.6454315520982177,0.9116013355610266,9.937969207763672,0.7824930548667908,0.07873772181297331,0.3
33,octanol_gsolv_eV,104,0.28543075919151306,0.04605729505419731,0.6437004481816104,0.9085543652371102,10.586244583129883,0.609257161617279,0.05755177455357344,0.32
33,octanol_gsolv_eV,105,0.2859896719455719,0.047021836042404175,0.6443159866892647,0.912577183330342,10.703292846679688,0.5646368265151978,0.052753562347904556,0.3
33,octanol_gsolv_eV,106,0.1262236386537552,0.04876668378710747,0.6435641929045344,0.9390326483881042,11.0054931640625,0.10137906670570374,0.00921167867667652,0.02
33,octanol_gsolv_eV,107,0.5423118472099304,0.048421770334243774,0.6529793576047396,0.9118260262300224,11.300579071044922,2.954129219055176,0.2614139683004774,0.46
33,octanol_gsolv_eV,108,0.27703800797462463,0.04699420928955078,0.6446325703836915,0.9036969691193704,10.74736213684082,0.7532241344451904,0.07008455887637934,0.3
33,octanol_gsolv_eV,109,0.1727668195962906,0.0469224713742733,0.6436860051072992,0.9629940353812625,10.553776741027832,0.047279540449380875,0.0044798693026716725,0.14
33,octanol_gsolv_eV,110,0.13228103518486023,0.04451934993267059,0.645341878425759,0.9327254898889339,10.029545783996582,0.07544739544391632,0.007522513687938117,0.1
33,octanol_gsolv_eV,111,0.10327254235744476,0.04453860595822334,0.6447208605477166,0.97085327252375,10.01201343536377,0.042876485735177994,0.004282503815239851,0.1
33,octanol_gsolv_eV,112,0.29080310463905334,0.05028440058231354,0.640649014539848,0.8964516105324472,11.35247802734375,0.652986466884613,0.05751928920820811,0.24
33,octanol_gsolv_eV,113,0.27843570709228516,0.036734286695718765,0.6451318416974929,0.93218999361278,8.207181930541992,0.6929735541343689,0.08443501801215778,0.24
33,octanol_gsolv_eV,114,0.18389727175235748,0.05202235281467438,0.6414112128681044,0.9739981134428557,11.722419738769531,0.007477718871086836,0.0006378989182886698,0.14
33,octanol_gsolv_eV,115,0.27923300862312317,0.04973496496677399,0.6451714610659915,0.9228593499000868,11.345670700073242,0.7833815217018127,0.06904673530642447,0.22
33,octanol_gsolv_eV,116,0.06541652232408524,0.04422009736299515,0.6439366350112894,0.951315007989459,9.93331241607666,0.010453983210027218,0.001052416633257993,0.04
33,octanol_gsolv_eV,117,0.15350241959095,0.03772576153278351,0.6457405882915228,0.9581349165405633,8.337963104248047,0.022816192358732224,0.002736422801764111,0.14
33,octanol_gsolv_eV,118,0.3384256064891815,0.045764341950416565,0.6442581091865907,0.9015038922807435,10.551105499267578,0.7144808769226074,0.06771621011392638,0.26
33,octanol_gsolv_eV,119,0.33757442235946655,0.014040477573871613,0.6534237799790366,0.9411044462770732,3.175344467163086,0.5254805088043213,0.16548771770698495,0.12
33,octanol_gsolv_eV,120,0.2793424725532532,0.03079838491976261,0.6471505642925748,0.9550651486349082,6.829507350921631,0.3773326277732849,0.05525034360236313,0.18
33,octanol_gsolv_eV,121,0.11864043772220612,0.0487469881772995,0.6441748217781429,0.9699622021510785,10.953290939331055,0.012801861390471458,0.0011687684971922513,0.14
33,octanol_gsolv_eV,122,0.47128361463546753,0.027557743713259697,0.6509656868036193,0.9059498395950427,6.230027675628662,1.6920469999313354,0.2715954226897706,0.32
33,octanol_gsolv_eV,123,0.1909896731376648,0.04662235453724861,0.6442525663770036,0.9536613410443475,10.506694793701172,0.042959123849868774,0.004088738151566278,0.12
33,octanol_gsolv_eV,124,0.27806830406188965,0.04613083228468895,0.643068136839049,0.9090909655449142,10.58206844329834,0.617554783821106,0.05835860797254676,0.32
33,octanol_gsolv_eV,125,0.2957245111465454,0.0449395552277565,0.6436453193498182,0.9233806182032924,10.284661293029785,0.6261036396026611,0.0608774194661121,0.28
33,octanol_gsolv_eV,126,0.08571085333824158,0.04477831348776817,0.6440390539045753,0.9507668932150295,10.052674293518066,0.009648103266954422,0.0009597548856402808,0.1
33,octanol_gsolv_eV,127,0.11726608872413635,0.033392831683158875,0.6436763850758416,0.9331765749897718,7.458924770355225,0.09739259630441666,0.01305718978310307,0.12
33,octanol_gsolv_eV,128,0.3368968367576599,0.048759911209344864,0.6433537508933214,0.9198250060108757,11.305850982666016,0.7863278985023499,0.06955052739576505,0.18
33,octanol_gsolv_eV,129,0.18537689745426178,0.047396332025527954,0.6429792377486654,0.956947061009418,10.683144569396973,0.08202692121267319,0.007678162612125292,0.24
33,octanol_gsolv_eV,130,0.313253253698349,0.045589886605739594,0.6445275977616174,0.9079052806004055,10.450471878051758,0.7702600955963135,0.07370577181438338,0.3
33,octanol_gsolv_eV,131,0.2807261347770691,0.05384134128689766,0.640002692285522,0.9210400186707739,12.401999473571777,0.7686536908149719,0.061978207018388104,0.24
33,octanol_gsolv_eV,132,0.3376138508319855,0.04502298682928085,0.6462955356872047,0.9039464564440522,10.385032653808594,1.0308347940444946,0.09926158428268857,0.28
33,octanol_gsolv_eV,133,0.35403260588645935,0.04079360514879227,0.6460686376624072,0.9485158166939314,9.196158409118652,1.231555461883545,0.13392064458811073,0.24
33,octanol_gsolv_eV,134,0.5349792838096619,0.03970625624060631,0.6540597181013059,0.9248132418422201,9.133634567260742,2.551661252975464,0.2793697551817786,0.38
33,octanol_gsolv_eV,135,0.12871389091014862,0.0576653778553009,0.6347767584720323,0.9596157250312516,12.65388298034668,0.10985483229160309,0.008681511632612979,0.1
33,octanol_gsolv_eV,136,0.2362372726202011,0.05362843722105026,0.6346467255306119,0.9162113469207471,11.979803085327148,0.4886220693588257,0.04078715366843463,0.32
33,octanol_gsolv_eV,137,0.10652686655521393,0.03992864117026329,0.6442514182430858,0.963360742561685,8.94163703918457,0.021588148549199104,0.0024143396175212934,0.02
33,octanol_gsolv_eV,138,0.10513437539339066,0.04841471090912819,0.6438712331487491,0.9681945705769193,10.870844841003418,0.01591258868575096,0.0014637858343567501,0.14
33,octanol_gsolv_eV,139,0.06683769077062607,0.03894130885601044,0.6447036546340335,0.9629002765112067,8.744325637817383,0.019486961886286736,0.00222852655463901,0.04
33,octanol_gsolv_eV,140,0.13960972428321838,0.05383860319852829,0.6437176047462265,0.9643821783825506,12.085277557373047,0.010862433351576328,0.000898815380946656,0.12
33,octanol_gsolv_eV,141,0.09699083864688873,0.04492590203881264,0.6395788348041793,0.9640639838629463,9.952863693237305,0.019382614642381668,0.0019474409817901574,0.1
33,octanol_gsolv_eV,142,0.1600324511528015,0.04440164938569069,0.6459643170090836,0.9689951070151093,10.041910171508789,0.018599938601255417,0.001852231127701951,0.14
33,octanol_gsolv_eV,143,0.18692369759082794,0.05229581519961357,0.6455150243016123,0.975974893623262,11.820528984069824,0.01946883276104927,0.0016470356603572342,0.12
33,octanol_gsolv_eV,144,0.34075239300727844,0.044733937829732895,0.6451498798095447,0.9046094202464352,10.280473709106445,0.8802582621574402,0.08562428999528565,0.32
33,octanol_gsolv_eV,145,0.2392905205488205,0.0488547645509243,0.6444032486811611,0.9329006492412537,11.1256742477417,0.5970435738563538,0.05366358573526834,0.26
33,octanol_gsolv_eV,146,0.3225504755973816,0.04269827529788017,0.6445406901414659,0.9198897607425423,9.756752967834473,0.9542409777641296,0.09780312988450347,0.26
33,octanol_gsolv_eV,147,0.22466875612735748,0.04958274960517883,0.6444193674646852,0.9371323148080097,11.240743637084961,0.2859722971916199,0.02544069204177496,0.18
33,octanol_gsolv_eV,148,0.3403870165348053,0.05013730376958847,0.6422748502069182,0.9205496172496566,11.557533264160156,0.9385168552398682,0.0812039069054816,0.26
33,octanol_gsolv_eV,149,0.2606521546840668,0.044451888650655746,0.6433148909241979,0.9051187799338833,10.123330116271973,0.7418012022972107,0.07327640151780283,0.3
33,octanol_gsolv_eV,150,0.11327241361141205,0.04571432247757912,0.6387775507408482,0.9679609670597404,10.28866958618164,0.020799484103918076,0.0020215912202927724,0.12
33,octanol_gsolv_eV,151,0.13641665875911713,0.048750635236501694,0.6375052759367346,0.9568864719395551,10.88363265991211,0.053575754165649414,0.004922598533023446,0.12
33,octanol_gsolv_eV,152,0.20234175026416779,0.05063020810484886,0.6408797137673838,0.9371951474385609,11.373504638671875,0.395047128200531,0.034733984005009565,0.22
33,octanol_gsolv_eV,153,0.3581387400627136,0.05324956402182579,0.6304681082071402,0.9116384613708555,11.945207595825195,1.3256877660751343,0.11098072222189401,0.44
33,octanol_gsolv_eV,154,0.2339816689491272,0.05449163168668747,0.6431775893736658,0.9423212441487512,12.291231155395508,0.12473849952220917,0.010148576488812714,0.18
33,octanol_gsolv_eV,155,0.3013298809528351,0.04241572692990303,0.641856063021434,0.9008852466427837,9.606426239013672,0.9275757670402527,0.0965578399252343,0.22
33,octanol_gsolv_eV,156,0.20382891595363617,0.0465879812836647,0.6438058093702181,0.9025579042293934,10.574243545532227,0.8306936025619507,0.07855820598277509,0.22
33,octanol_gsolv_eV,157,0.15036453306674957,0.037855103611946106,0.6439872417148245,0.9394039348216978,8.517912864685059,0.18647725880146027,0.021892365156092154,0.12
33,octanol_gsolv_eV,158,0.29707232117652893,0.049928706139326096,0.6418675447047126,0.9168796852381127,11.326184272766113,0.6680246591567993,0.058980557182269154,0.24
33,octanol_gsolv_eV,159,0.4689006507396698,0.03846389055252075,0.6503716716429155,0.9229388153620526,8.7122802734375,2.577188730239868,0.29581104479585546,0.48
33,octanol_gsolv_eV,160,0.21387037634849548,0.04912877455353737,0.6419456246130653,0.9449995349515483,11.122143745422363,0.08405125886201859,0.007557109563218178,0.16
33,octanol_gsolv_eV,161,0.3335939347743988,0.0399874672293663,0.6463474451956788,0.9129238320034829,9.16301441192627,1.0435978174209595,0.11389241252994733,0.24
33,octanol_gsolv_eV,162,0.07035715132951736,0.04932132735848427,0.6336809086787019,0.9600269522458456,10.694060325622559,0.01087491400539875,0.0010169116008578026,0.04
33,octanol_gsolv_eV,163,0.31449612975120544,0.047964613884687424,0.6359440557727756,0.91406304830786,10.760302543640137,0.5768879055976868,0.05361261017132419,0.42
33,octanol_gsolv_eV,164,0.03338497877120972,0.06911361962556839,0.6017462718409801,0.9748053423806724,14.07412052154541,0.012335951440036297,0.0008764989202097402,0.04
33,octanol_gsolv_eV,165,0.18862232565879822,0.04750388115644455,0.6444089150721122,0.9530461174543636,10.686046600341797,0.05519401282072067,0.005165054475708095,0.2
33,octanol_gsolv_eV,166,0.26217344403266907,0.044354669749736786,0.6449111534106815,0.9299035632385686,10.069538116455078,0.5270406007766724,0.05234009690230101,0.3
33,octanol_gsolv_eV,167,0.3043782413005829,0.051168449223041534,0.6453971039974429,0.9088445578794748,11.873862266540527,0.6606976985931396,0.05564303204484072,0.18
33,octanol_gsolv_eV,168,0.3116627633571625,0.050339099019765854,0.6376300875565983,0.9202555985197609,11.440174102783203,0.843511164188385,0.07373237125676023,0.18
33,octanol_gsolv_eV,169,0.2452877014875412,0.05253324657678604,0.638047624684368,0.9235522484904837,11.742865562438965,0.5229531526565552,0.04453369153175752,0.26
33,octanol_gsolv_eV,170,0.10829810053110123,0.03383750468492508,0.6458684516835005,0.9701199654688739,7.439581394195557,0.0618319995701313,0.00831122025472741,0.04
33,octanol_gsolv_eV,171,0.30019599199295044,0.05178048834204674,0.6370457269680279,0.913338466721384,11.713308334350586,1.0487499237060547,0.0895349028446966,0.34
33,octanol_gsolv_eV,172,0.4361613094806671,0.04889508709311485,0.6472457879038334,0.905133027377637,11.412957191467285,1.498599886894226,0.13130688757990175,0.34
33,octanol_gsolv_eV,173,0.1270221322774887,0.04790544509887695,0.6456773868732921,0.9455379687330538,10.806314468383789,0.05860280990600586,0.00542301541172627,0.12
33,octanol_gsolv_eV,174,0.09306889027357101,0.04388510063290596,0.6441715131874506,0.9535294517264454,9.84514331817627,0.027250351384282112,0.002767897886663778,0.12
33,octanol_gsolv_eV,175,0.24150612950325012,0.05134666711091995,0.6411342156474324,0.9303168762696401,11.568718910217285,0.5495065450668335,0.047499342782157075,0.28
33,octanol_gsolv_eV,176,0.32317081093788147,0.048062898218631744,0.6452778915156834,0.9156971430837888,11.12403678894043,0.834315299987793,0.07500112736208076,0.34
33,octanol_gsolv_eV,177,0.11565631628036499,0.04703027382493019,0.6461524238795746,0.9497773570110233,10.613791465759277,0.020998073741793633,0.001978376323817428,0.12
33,octanol_gsolv_eV,178,0.1276942640542984,0.05292992666363716,0.6453913225848338,0.9759130980740991,11.948111534118652,0.016167128458619118,0.0013531116120277897,0.1
33,octanol_gsolv_eV,179,0.10601218044757843,0.04930444061756134,0.6381400437168439,0.9686295740841335,10.87305736541748,0.005836877040565014,0.0005368202194103757,0.12
33,octanol_gsolv_eV,180,0.3708914816379547,0.045527562499046326,0.6447538765018961,0.9101794734563349,10.453292846679688,0.9808444976806641,0.09383115082174444,0.36
33,octanol_gsolv_eV,181,0.09916161000728607,0.037828344851732254,0.6443809933349727,0.9623428499774163,8.482629776000977,0.039376065135002136,0.0046419643642122334,0.06
33,octanol_gsolv_eV,182,0.3912293314933777,0.04965130239725113,0.6442774013548562,0.9095723376939857,11.431884765625,1.2108339071273804,0.10591725966030432,0.2
33,octanol_gsolv_eV,183,0.2873564660549164,0.05896627902984619,0.6325383694753306,0.9191394469854266,13.104086875915527,0.794480562210083,0.06062845658252521,0.28
33,octanol_gsolv_eV,184,0.2758789360523224,0.04797365516424179,0.6427061917615622,0.9063007704150923,10.892870903015137,1.068648338317871,0.09810529729330311,0.16
33,octanol_gsolv_eV,185,0.27897515892982483,0.051874954253435135,0.6438404511531468,0.9103094387486301,11.888654708862305,0.9208176136016846,0.07745347443855596,0.3
33,octanol_gsolv_eV,186,0.32772645354270935,0.04311440885066986,0.645539939852279,0.9051307434621885,9.800907135009766,0.814434289932251,0.08309784785359457,0.26
33,octanol_gsolv_eV,187,0.09423898160457611,0.024740170687437057,0.6429428475648715,0.9691006053050291,5.3658447265625,0.04672680422663689,0.008708191646941543,0.04
33,octanol_gsolv_eV,188,0.24549204111099243,0.04709697142243385,0.6439624607153978,0.8980955928083352,10.757782936096191,1.0127718448638916,0.09414317530665929,0.22
33,octanol_gsolv_eV,189,0.3259071111679077,0.0470099151134491,0.6452193019143853,0.919535967318551,10.747467994689941,0.871977686882019,0.08113331319645163,0.34
33,octanol_gsolv_eV,190,0.4472864270210266,0.027993984520435333,0.652652369461858,0.9159532029857218,6.364840984344482,1.4644488096237183,0.23008411572666218,0.42
33,octanol_gsolv_eV,191,0.32508620619773865,0.052246369421482086,0.6392819602323958,0.9341617033930987,11.812444686889648,0.866293728351593,0.07333737861334258,0.24
33,octanol_gsolv_eV,192,0.30626335740089417,0.0499405637383461,0.6415701523850736,0.930698889382723,11.42383098602295,0.6199402809143066,0.05426728403744797,0.2
33,octanol_gsolv_eV,193,0.35331735014915466,0.05050861835479736,0.6369732967862904,0.9228922424616606,11.408177375793457,0.9850618839263916,0.08634699930389879,0.24
33,octanol_gsolv_eV,194,0.273587703704834,0.05241147056221962,0.6347871618306249,0.9034840019716517,11.570053100585938,0.8542830348014832,0.07383570562508655,0.28
33,octanol_gsolv_eV,195,0.24752803146839142,0.05383314564824104,0.633361670636241,0.9116282624877123,11.8129243850708,0.7126114964485168,0.06032473189696506,0.3
33,octanol_gsolv_eV,196,0.3500227630138397,0.05199297517538071,0.6423718168977262,0.919408672793296,11.925201416015625,0.9641475677490234,0.08084958350927028,0.38
33,octanol_gsolv_eV,197,0.20582877099514008,0.04760401323437691,0.6444777263686636,0.9129007006106813,10.767171859741211,0.7860566973686218,0.0730049364501845,0.12
33,octanol_gsolv_eV,198,0.26956167817115784,0.05218391492962837,0.6449079879058164,0.9269340747254065,11.856528282165527,1.7844479084014893,0.15050340756877695,0.18
33,octanol_gsolv_eV,199,0.39063820242881775,0.03586394339799881,0.6478928865954234,0.9148484801637231,8.110159873962402,1.6174038648605347,0.1994293441801555,0.34
33,octanol_gsolv_eV,200,0.1680898219347,0.06419336050748825,0.635755190910805,0.9744148827233963,14.140665054321289,0.01912200264632702,0.0013522703898911366,0.14
33,octanol_gsolv_eV,201,0.30911073088645935,0.04578113183379173,0.6455028394465578,0.9131799836189358,10.447532653808594,0.6593297719955444,0.06310865865111119,0.32
33,octanol_gsolv_eV,202,0.33843421936035156,0.04017225652933121,0.6427754519700979,0.9244715784273383,9.17402172088623,0.7961453795433044,0.08678259151389878,0.36
33,octanol_gsolv_eV,203,0.2205633968114853,0.04566609114408493,0.6447882450882692,0.9335979051638015,10.354133605957031,0.31680163741111755,0.03059663410455245,0.18
33,octanol_gsolv_eV,204,0.24649281799793243,0.045086465775966644,0.6434172619721399,0.9313857672709567,10.209479331970215,0.38003671169281006,0.03722390724693998,0.2
33,octanol_gsolv_eV,205,0.11837421357631683,0.05386391654610634,0.6347771815493888,0.9651809745192335,11.802511215209961,0.012666589580476284,0.0010732113996344084,0.1
33,octanol_gsolv_eV,206,0.32412612438201904,0.04964839667081833,0.6442420218614622,0.911781595527247,11.376378059387207,1.079797387123108,0.09491574396405666,0.22
33,octanol_gsolv_eV,207,0.2416442632675171,0.046147458255290985,0.6431359176661853,0.9062164804323807,10.64710807800293,0.9395596385002136,0.08824552466423785,0.12
33,octanol_gsolv_eV,208,0.1570468544960022,0.04411957785487175,0.6451170250190881,0.9434674169747248,9.92759895324707,0.06598072499036789,0.00664619162207265,0.12
33,octanol_gsolv_eV,209,0.052804842591285706,0.049769483506679535,0.6436224922964799,0.9772599897407643,11.172811508178711,0.011996503919363022,0.0010737229309365286,0.06
33,octanol_gsolv_eV,210,0.048778872936964035,0.04558882489800453,0.642963382135811,0.9508629843074348,10.194746971130371,0.020893972367048264,0.002049484153575965,0.04
33,octanol_gsolv_eV,211,0.18573661148548126,0.05058945342898369,0.641001886376322,0.9559984582731613,11.355247497558594,0.05942777916789055,0.005233508048210105,0.16
33,octanol_gsolv_eV,212,0.11573432385921478,0.0426473468542099,0.6449318242519921,0.9715059715806158,9.63232421875,0.010049797594547272,0.0010433408766478843,0.12
33,octanol_gsolv_eV,213,0.17276769876480103,0.05554318428039551,0.6421424065799206,0.9769444945604993,12.495197296142578,0.017606930807232857,0.0014090958621892536,0.2
33,octanol_gsolv_eV,214,0.16145266592502594,0.048766423016786575,0.6449604447705142,0.9548239957718938,10.970831871032715,0.027437100186944008,0.002500913377351874,0.2
33,octanol_gsolv_eV,215,0.1259288191795349,0.079969123005867,0.6190111881771732,0.9668044565104146,16.499465942382812,0.10570187121629715,0.006406381369276728,0.08
33,octanol_gsolv_eV,216,0.09667801111936569,0.030820544809103012,0.6461306913183171,0.9655642156570128,6.77509880065918,0.02350313402712345,0.0034690466838412344,0.12
33,octanol_gsolv_eV,217,0.27521416544914246,0.05048641934990883,0.6400978289452306,0.9135395945466138,11.342918395996094,0.6115061044692993,0.05391082639589061,0.26
33,octanol_gsolv_eV,218,0.12652087211608887,0.043716300278902054,0.6414918516935975,0.9487610921610361,9.804389953613281,0.05220242217183113,0.005324392687236252,0.1
33,octanol_gsolv_eV,219,0.1457824856042862,0.04569530487060547,0.642809658869943,0.9775648268000405,10.335103034973145,0.0100005604326725,0.0009676304531102807,0.14
33,octanol_gsolv_eV,220,0.32846084237098694,0.04957868531346321,0.6448068870936372,0.9247550045329607,11.239680290222168,1.9593909978866577,0.17432800109013843,0.3
33,octanol_gsolv_eV,221,0.22839996218681335,0.046962421387434006,0.6443674058183304,0.928474395254369,10.657751083374023,0.3136647939682007,0.029430673649107304,0.22
33,octanol_gsolv_eV,222,0.27597445249557495,0.045740749686956406,0.6441307295063734,0.9224399828867247,10.459516525268555,0.6696549654006958,0.06402351043501048,0.32
33,octanol_gsolv_eV,223,0.28625205159187317,0.05361991375684738,0.628758277706301,0.8996809946695041,11.597745895385742,0.7341365218162537,0.06329993159346041,0.2
33,octanol_gsolv_eV,224,0.28507110476493835,0.04510728269815445,0.6424577136138376,0.9031811901347329,10.252326011657715,0.5289250612258911,0.05159073761646489,0.3
33,octanol_gsolv_eV,225,0.2105872929096222,0.06103859841823578,0.6440934323526859,0.9705711891980573,13.755827903747559,0.06255989521741867,0.004547882952241298,0.18
33,octanol_gsolv_eV,226,0.13555361330509186,0.045958012342453,0.6442533839091513,0.9562231448456013,10.358744621276855,0.07595804333686829,0.00733274601449779,0.1
33,octanol_gsolv_eV,227,0.479448527097702,0.04023706540465355,0.6489602736410196,0.9340505217284678,9.1802396774292,1.7540770769119263,0.19107094569922292,0.34
33,octanol_gsolv_eV,228,0.4885745346546173,0.025585372000932693,0.6540474683262403,0.9136706277093285,5.890772819519043,1.2539615631103516,0.21286876977420635,0.38
33,octanol_gsolv_eV,229,0.1884460151195526,0.051145534962415695,0.6443529097898144,0.9673234050961417,11.514887809753418,0.03672857582569122,0.003189659893566756,0.14
33,octanol_gsolv_eV,230,0.1638815701007843,0.04630543291568756,0.6448199294962258,0.9573728346226638,10.436261177062988,0.11367259174585342,0.010892080010002548,0.24
33,octanol_gsolv_eV,231,0.12953822314739227,0.05030003935098648,0.6385300821215392,0.9707463922729418,11.14602279663086,0.029254306107759476,0.0026246407926423998,0.1
33,octanol_gsolv_eV,232,0.26831164956092834,0.04748387634754181,0.6424027001853323,0.912282289176805,10.894268989562988,0.6037557721138,0.055419576356359,0.28
33,octanol_gsolv_eV,233,0.27793097496032715,0.04794512689113617,0.6446187400193943,0.906928619973979,10.986493110656738,0.46165651082992554,0.04202037048401964,0.28
33,octanol_gsolv_eV,234,0.14866165816783905,0.03825561702251434,0.6266344723909343,0.9274537479623983,8.408451080322266,0.28778913617134094,0.034226177142759925,0.1
33,octanol_gsolv_eV,235,0.16575635969638824,0.013911829330027103,0.642217108270372,0.9636843882298363,2.9966745376586914,0.09164793789386749,0.03058321373981181,0.16
33,octanol_gsolv_eV,236,0.12864339351654053,0.050348833203315735,0.6434741963063397,0.9645283900835893,11.286516189575195,0.009862899780273438,0.0008738657363007477,0.18
33,octanol_gsolv_eV,237,0.056524086743593216,0.04534740000963211,0.6428624600125719,0.9541027969613107,10.16296100616455,0.01387385930866003,0.001365139480535698,0.02
33,octanol_gsolv_eV,238,0.462021142244339,0.02202802337706089,0.6567470828276463,0.9743735331942658,5.1053032875061035,0.21979865431785583,0.04305300624465458,0.34
33,octanol_gsolv_eV,239,0.13208912312984467,0.05299172177910805,0.6383868029797533,0.9693517206665294,11.70490550994873,0.005091279279440641,0.00043496970352415446,0.12
33,octanol_gsolv_eV,240,0.23341436684131622,0.04752958565950394,0.6452219320526484,0.9428124488607319,10.79527759552002,0.1474044770002365,0.013654533261970823,0.16
33,octanol_gsolv_eV,241,0.1293935328722,0.045352283865213394,0.6310988671130109,0.9743151453545436,9.890791893005371,0.015369503758847713,0.0015539204469276935,0.16
33,octanol_gsolv_eV,242,0.20149941742420197,0.04453025758266449,0.6452919376292938,0.9634216628197858,10.070695877075195,0.06104065850377083,0.006061215555394043,0.22
33,octanol_gsolv_eV,243,0.3523865342140198,0.04143980145454407,0.6446567573509296,0.9112478745094137,9.499152183532715,0.6748310327529907,0.07104118554104714,0.24
33,octanol_gsolv_eV,244,0.14555081725120544,0.046668559312820435,0.6429559004892238,0.966816915124332,10.490178108215332,0.0329473502933979,0.0031407808288398216,0.14
33,octanol_gsolv_eV,245,0.145597904920578,0.04816865548491478,0.6450338682224543,0.9720797257577221,10.863627433776855,0.02328447438776493,0.0021433425004404663,0.12
33,octanol_gsolv_eV,246,0.13307876884937286,0.04697452485561371,0.6451106250644048,0.9730455929686197,10.62082576751709,0.011489087715744972,0.0010817508889829819,0.14
33,octanol_gsolv_eV,247,0.14336688816547394,0.04639178141951561,0.6452792238702203,0.9753496446346075,10.449305534362793,0.009087251499295235,0.0008696512384877243,0.14
33,octanol_gsolv_eV,248,0.2561888098716736,0.052641693502664566,0.6394385708782264,0.9327696962201524,11.86723518371582,0.6961126327514648,0.05865836666881501,0.26
33,octanol_gsolv_eV,249,0.24501483142375946,0.05111091956496239,0.6435399341024386,0.9266601943846258,11.613677024841309,0.2671959102153778,0.02300700369433847,0.26
33,octanol_hl_gap_eV,0,0.16032302379608154,0.0023325735237449408,0.5927541864707688,0.9306125718246043,0.36823785305023193,0.026434699073433876,0.07178702258463329,0.18
33,octanol_hl_gap_eV,1,0.06801613420248032,0.0016635239589959383,0.6111655977876953,0.9715030492323966,0.2315412014722824,0.00187618937343359,0.008103047585067432,0.02
33,octanol_hl_gap_eV,2,0.07704246044158936,0.0014867768622934818,0.6221566801579452,0.9692716560920842,0.3513612151145935,0.0012492170790210366,0.0035553641815976047,0.16
33,octanol_hl_gap_eV,3,0.043480224907398224,0.00412555830553174,0.57861897096139,0.9857550577968848,0.8437607884407043,0.0016621275572106242,0.0019699037689133274,0.1
33,octanol_hl_gap_eV,4,0.06878338754177094,0.001203979947604239,0.6434062315136566,0.9661488839390968,0.27210476994514465,0.0005604794132523239,0.0020597926797288947,0.02
33,octanol_hl_gap_eV,5,0.03836335614323616,0.0014056276995688677,0.626128581752414,0.9617672069772956,0.26406732201576233,0.001585811492986977,0.006005330310777034,0.02
33,octanol_hl_gap_eV,6,0.017536796629428864,0.0014435277553275228,0.6191111752162706,0.9688582219923587,0.23748308420181274,0.00041988297016359866,0.0017680542240506815,0.08
33,octanol_hl_gap_eV,7,0.04515739902853966,0.0010694456286728382,0.6014971695631866,0.980740118615419,0.2344796359539032,0.0015736151253804564,0.006711095055136542,0.06
33,octanol_hl_gap_eV,8,0.2006467878818512,0.0012429658090695739,0.632286530681023,0.9237011698117199,0.30728834867477417,0.042665835469961166,0.1388462519127842,0.22
33,octanol_hl_gap_eV,9,0.030346808955073357,0.001926339347846806,0.6164688250845514,0.9838564914277781,0.4472358226776123,0.001755289500579238,0.003924751577524079,0.1
33,octanol_hl_gap_eV,10,0.08383125811815262,0.00213881628587842,0.6173836538491613,0.9860979358716941,0.4524875581264496,0.0009162285714410245,0.002024870198055215,0.08
33,octanol_hl_gap_eV,11,0.12186224013566971,0.001369999605230987,0.6167792254297098,0.9820942056553095,0.2652444541454315,0.0010601377580314875,0.003996832889294726,0.2
33,octanol_hl_gap_eV,12,0.04267897829413414,0.003048140788450837,0.6039786321685339,0.9758669240317992,0.5060513615608215,0.0022474415600299835,0.004441133313223715,0.04
33,octanol_hl_gap_eV,13,0.11275897175073624,0.0008445137063972652,0.6709746773799523,0.954170724072738,0.3129420876502991,0.0006672752206213772,0.0021322642333971775,0.04
33,octanol_hl_gap_eV,14,0.049970842897892,0.0012049636570736766,0.6357440496626208,0.9794610620105082,0.2942432165145874,0.0005493670469149947,0.0018670508480108303,0.28
33,octanol_hl_gap_eV,15,0.019998682662844658,0.0020568696781992912,0.6332294530259022,0.9780488610321147,0.4047636389732361,0.0009792649652808905,0.0024193501366995118,0.0
33,octanol_hl_gap_eV,16,0.12052733451128006,0.0011071240296587348,0.6161528272022776,0.9685232343141648,0.23489117622375488,0.00808059424161911,0.034401438025588586,0.08
33,octanol_hl_gap_eV,17,0.06480647623538971,0.0015719294315204024,0.6127580684083185,0.9757040242635222,0.4136059582233429,0.0008858423097990453,0.0021417542281165587,0.22
33,octanol_hl_gap_eV,18,0.3768596351146698,0.001176083111204207,0.6370326148527807,0.8962992062974939,0.3014991283416748,0.07573218643665314,0.25118542416092626,0.08
33,octanol_hl_gap_eV,19,0.11971591413021088,0.0009292779723182321,0.650044048228618,0.9664046387435135,0.3255431652069092,0.0005249555106274784,0.001612552701863135,0.24
33,octanol_hl_gap_eV,20,0.08204841613769531,0.0010801500175148249,0.656211749841078,0.9734907840656153,0.3448431193828583,0.000998346833512187,0.0028950754050098455,0.1
33,octanol_hl_gap_eV,21,0.08302285522222519,0.0010434106225147843,0.6866103167326463,0.9809752046393612,0.31425437331199646,0.0012750657042488456,0.00405743185308973,0.1
33,octanol_hl_gap_eV,22,0.03258337825536728,0.002980184508487582,0.6340347364075669,0.962243355144742,0.5849900245666504,0.0011318388860672712,0.0019348003188699092,0.0
33,octanol_hl_gap_eV,23,0.14413166046142578,0.0013671714114025235,0.6285224515744976,0.9679521678899259,0.33271509408950806,0.0012945547932758927,0.0038908808655600926,0.22
33,octanol_hl_gap_eV,24,0.03271237388253212,0.003932904452085495,0.6201024963969874,0.9711693472337743,0.7563463449478149,0.0017469433369114995,0.002309713464711768,0.02
33,octanol_hl_gap_eV,25,0.02378029003739357,0.002344794338569045,0.5838280098136763,0.9643485316641718,0.5450077652931213,0.001157416496425867,0.0021236697348768494,0.02
33,octanol_hl_gap_eV,26,0.09246186912059784,0.0009972170228138566,0.6641782667597707,0.9639225292072517,0.3243665099143982,0.0008415853953920305,0.0025945508234315826,0.06
33,octanol_hl_gap_eV,27,0.14117352664470673,0.0017757922178134322,0.6235603012394935,0.9622796283628854,0.35951387882232666,0.008129620924592018,0.022612815258266323,0.16
33,octanol_hl_gap_eV,28,0.10927410423755646,0.0016614357009530067,0.6274014407751602,0.9769508195339103,0.3378695845603943,0.004979424644261599,0.014737712039810807,0.26
33,octanol_hl_gap_eV,29,0.05461388826370239,0.0011650965316221118,0.6580114260062839,0.9738751026729624,0.30763664841651917,0.0010002177441492677,0.0032512958039870488,0.08
33,octanol_hl_gap_eV,30,0.05500447377562523,0.0027296601328998804,0.6008630318043944,0.9725809998913537,0.6087744832038879,0.012633278965950012,0.020751985036335588,0.04
33,octanol_hl_gap_eV,31,0.09428321570158005,0.0008470832835882902,0.6761581882708527,0.9609187239297641,0.30333682894706726,0.0009329349268227816,0.003075574205945102,0.2
33,octanol_hl_gap_eV,32,0.06718511134386063,0.0016852420521900058,0.6173680024053947,0.9642204487470243,0.2982384264469147,0.0007852051639929414,0.0026328101758969847,0.12
33,octanol_hl_gap_eV,33,0.11840102821588516,0.0013275910168886185,0.6364955966983612,0.9753589629029384,0.2836601138114929,0.0017564331647008657,0.006192034336798258,0.24
33,octanol_hl_gap_eV,34,0.11840848624706268,0.001489622751250863,0.626612511700714,0.9805463252260429,0.27344873547554016,0.004864099435508251,0.017787975603724606,0.08
33,octanol_hl_gap_eV,35,0.06693824380636215,0.0012346433941274881,0.6311040269893211,0.9687362104987625,0.26518118381500244,0.0011058275122195482,0.004170082870551643,0.06
33,octanol_hl_gap_eV,36,0.0795711800456047,0.0016595867928117514,0.5943764646838294,0.9675949240359918,0.28898781538009644,0.0011287927627563477,0.00390602199359749,0.02
33,octanol_hl_gap_eV,37,0.006927042733877897,0.005326974671334028,0.5821738885625825,0.9704010725869276,0.8937103748321533,0.0031233082991093397,0.003494765627730264,0.02
33,octanol_hl_gap_eV,38,0.13917644321918488,0.0009620332275517285,0.5968252024779601,0.9469567601982254,0.22871807217597961,0.004876903258264065,0.021322771794402375,0.14
33,octanol_hl_gap_eV,39,0.05928932502865791,0.001405477523803711,0.5994773219169902,0.964298833079696,0.2662688195705414,0.0006250377628020942,0.002347393749708294,0.04
33,octanol_hl_gap_eV,40,0.05330555886030197,0.001465809647925198,0.624909756396417,0.9701873450611076,0.360848069190979,0.002801102353259921,0.007762553252785832,0.06
33,octanol_hl_gap_eV,41,0.0516006238758564,0.0046460130251944065,0.6332662488422816,0.9729925384690592,1.1177767515182495,0.006240786053240299,0.0055832133248106906,0.04
33,octanol_hl_gap_eV,42,0.06387286633253098,0.0009779867250472307,0.6181264402726183,0.9686569546522199,0.24231335520744324,0.0010514791356399655,0.004339336289325859,0.1
33,octanol_hl_gap_eV,43,0.04662144184112549,0.0009998787427321076,0.6338068368843364,0.9651287736043526,0.2635366916656494,0.002213354455307126,0.008398657664395447,0.08
33,octanol_hl_gap_eV,44,0.29774320125579834,0.001192315947264433,0.6340444960990603,0.9056003040605403,0.2731308937072754,0.05812837928533554,0.2128224255277175,0.16
33,octanol_hl_gap_eV,45,0.043714672327041626,0.0011626119958236814,0.6233231393465302,0.9692269783936105,0.27874860167503357,0.0010310305515304208,0.0036987828650433953,0.12
33,octanol_hl_gap_eV,46,0.27281346917152405,0.000961390498559922,0.6278895000869915,0.9060715218279607,0.2858932912349701,0.04810464382171631,0.16826083471185774,0.16
33,octanol_hl_gap_eV,47,0.07101449370384216,0.00229446473531425,0.6130776151190283,0.967665304960734,0.3745171129703522,0.0014443291584029794,0.0038565104460722374,0.02
33,octanol_hl_gap_eV,48,0.024482741951942444,0.002179369330406189,0.602700167154089,0.964671905215658,0.2908758819103241,0.0021149718668311834,0.007271045825254158,0.02
33,octanol_hl_gap_eV,49,0.06736810505390167,0.001690773176960647,0.6198204470943567,0.9817119613209089,0.40662091970443726,0.0009542313637211919,0.002346734556635205,0.12
33,octanol_hl_gap_eV,50,0.16311563551425934,0.002627183450385928,0.6018901784706718,0.9163994984522368,0.42018887400627136,0.04769037663936615,0.1134974759913666,0.06
33,octanol_hl_gap_eV,51,0.046898938715457916,0.0015713366447016597,0.6128888838546458,0.9598832855593282,0.3780744671821594,0.001010095002129674,0.002671682670501528,0.06
33,octanol_hl_gap_eV,52,0.2696373760700226,0.0026449968572705984,0.6303344912157034,0.9089572128532517,0.5400480628013611,0.10865740478038788,0.2011995084599608,0.1
33,octanol_hl_gap_eV,53,0.029374096542596817,0.000983026809990406,0.6625268522564718,0.9588681071983742,0.30378785729408264,0.0010803021723404527,0.0035561071530738086,0.08
33,octanol_hl_gap_eV,54,0.13808639347553253,0.0010724370367825031,0.6434850399032537,0.977610716550916,0.3028959035873413,0.0010232049971818924,0.0033780747281940277,0.22
33,octanol_hl_gap_eV,55,0.05094948783516884,0.0009082838078029454,0.6539570080288029,0.9676320168790682,0.3074265420436859,0.001742210821248591,0.0056670800434694395,0.14
33,octanol_hl_gap_eV,56,0.11395922303199768,0.0009559813770465553,0.6577656258451774,0.9474283528489431,0.2834937870502472,0.002142132492735982,0.007556188497197311,0.06
33,octanol_hl_gap_eV,57,0.05911491438746452,0.0017389532877132297,0.5997779317987437,0.977777123411101,0.44366103410720825,0.0012410418130457401,0.002797274760771191,0.08
33,octanol_hl_gap_eV,58,0.06885997951030731,0.0015511292731389403,0.6072668166813464,0.9727596865035026,0.26244232058525085,0.0007284431485459208,0.0027756314108238343,0.02
33,octanol_hl_gap_eV,59,0.30960071086883545,0.0020921900868415833,0.6115653819093527,0.9079472556354089,0.41160106658935547,0.09020675718784332,0.2191606497410767,0.14
33,octanol_hl_gap_eV,60,0.08192027360200882,0.003021443262696266,0.6339006019983215,0.9726427324320659,0.5521813631057739,0.006828781682997942,0.01236691808030081,0.0
33,octanol_hl_gap_eV,61,0.05324570834636688,0.0012445123866200447,0.6407405019675427,0.9657205348833309,0.28953060507774353,0.0008617049315944314,0.002976213624680714,0.06
33,octanol_hl_gap_eV,62,0.036826569586992264,0.0011481826659291983,0.6150731693479314,0.963307214898665,0.36387908458709717,0.0008614162798039615,0.002367314628103543,0.1
33,octanol_hl_gap_eV,63,0.04441749304533005,0.0020211630035191774,0.5765318740449283,0.9805861016382476,0.34311002492904663,0.0012207573745399714,0.0035579181191001856,0.14
33,octanol_hl_gap_eV,64,0.2625094950199127,0.001074634725227952,0.6714795066062671,0.9310661540131298,0.29542747139930725,0.025413641706109047,0.08602328546406345,0.26
33,octanol_hl_gap_eV,65,0.053204383701086044,0.001326374476775527,0.614609205051664,0.9567914015024022,0.2551502585411072,0.0006915760459378362,0.0027104657855026885,0.12
33,octanol_hl_gap_eV,66,0.010004127398133278,0.00319344992749393,0.6271971656602751,0.9745170231773872,0.6353653073310852,0.0017819467466324568,0.002804601897635394,0.0
33,octanol_hl_gap_eV,67,0.07607708871364594,0.0011414963519200683,0.6212615825229673,0.9568261621836731,0.2747640311717987,0.004133779089897871,0.015044833460436413,0.1
33,octanol_hl_gap_eV,68,0.024822091683745384,0.0018189229303970933,0.5928083361478738,0.9585533590337507,0.44416701793670654,0.0018647480756044388,0.004198303791818608,0.06
33,octanol_hl_gap_eV,69,0.09782437980175018,0.0013861956540495157,0.6301182408003703,0.9652585481847662,0.3180829584598541,0.005022868979722261,0.015791065966070005,0.14
33,octanol_hl_gap_eV,70,0.0437069870531559,0.0014371429570019245,0.6174612276679627,0.9797041875721382,0.3649161756038666,0.0032430842984467745,0.008887203460027743,0.04
33,octanol_hl_gap_eV,71,0.06838738918304443,0.0010197394294664264,0.6336850124671309,0.962686283401637,0.2334740310907364,0.0008455261122435331,0.0036214996087292096,0.06
33,octanol_hl_gap_eV,72,0.1263001263141632,0.0025148617569357157,0.6241984422831881,0.9775228536200671,0.5497546195983887,0.0036177593283355236,0.006580680178692085,0.2
33,octanol_hl_gap_eV,73,0.07910671085119247,0.0011395722394809127,0.6504988202196129,0.9623101898759356,0.25298553705215454,0.002461630618199706,0.009730321530958609,0.02
33,octanol_hl_gap_eV,74,0.029412103816866875,0.0010662236018106341,0.6759673423187296,0.9686965109244847,0.29520848393440247,0.000990372383967042,0.0033548235835495505,0.1
33,octanol_hl_gap_eV,75,0.07861800491809845,0.00261135958135128,0.580478386914216,0.9642928621649505,0.6044963002204895,0.0012369391042739153,0.0020462310585238367,0.14
33,octanol_hl_gap_eV,76,0.03550264984369278,0.0019942731596529484,0.6334471874588861,0.9770251742635998,0.3555382490158081,0.0014370987191796303,0.004042036892395601,0.0
33,octanol_hl_gap_eV,77,0.3381851017475128,0.0020474307239055634,0.6317634251486159,0.9120893381233304,0.455573707818985,0.08743556588888168,0.19192408251009696,0.26
33,octanol_hl_gap_eV,78,0.009774877689778805,0.00130474625620991,0.6204304542067889,0.9688350625012154,0.251185804605484,0.0008088058093562722,0.0032199503097979365,0.06
33,octanol_hl_gap_eV,79,0.044335152953863144,0.0010717513505369425,0.6234588559610081,0.9761082212911667,0.2509304881095886,0.0006069578230381012,0.0024188285274168242,0.18
33,octanol_hl_gap_eV,80,0.0762864500284195,0.0012433865340426564,0.6265949704852181,0.9410477746542159,0.29228127002716064,0.004595577716827393,0.015723134487544626,0.02
33,octanol_hl_gap_eV,81,0.11220956593751907,0.0012009007623419166,0.6689078240946245,0.9771693391407437,0.31323543190956116,0.001028289902023971,0.003282801998979681,0.2
33,octanol_hl_gap_eV,82,0.04360102117061615,0.002110375789925456,0.6001481812564184,0.9599365310148504,0.41931840777397156,0.002919052029028535,0.006961421141811676,0.02
33,octanol_hl_gap_eV,83,0.5314110517501831,0.0013331585796549916,0.6253926254437798,0.8975495566398373,0.2923519015312195,0.13512717187404633,0.4622072617496434,0.14
33,octanol_hl_gap_eV,84,0.02856656163930893,0.0014962630812078714,0.6136255524403083,0.9728908956463576,0.3714861273765564,0.000802417634986341,0.002160020457972503,0.22
33,octanol_hl_gap_eV,85,0.10571799427270889,0.0009517516009509563,0.6925248885131292,0.951429432198516,0.2803071439266205,0.0020997694227844477,0.0074909593575472,0.06
33,octanol_hl_gap_eV,86,0.07355546951293945,0.0010867941891774535,0.6246024795663856,0.9609452439697563,0.27621763944625854,0.0005351361469365656,0.0019373713713916622,0.02
33,octanol_hl_gap_eV,87,0.06023029983043671,0.0011472454061731696,0.6466278080439136,0.9719887227468151,0.30879300832748413,0.0006589929689653218,0.0021340929075260675,0.02
33,octanol_hl_gap_eV,88,0.08333815634250641,0.0013058872427791357,0.6262172262496419,0.9847809343202756,0.2948838174343109,0.0012451813090592623,0.004222616622007893,0.2
33,octanol_hl_gap_eV,89,0.013216082006692886,0.0006058368016965687,0.6526792020231746,0.965688419250152,0.3231848478317261,0.0015605505323037505,0.004828662428865751,0.1
33,octanol_hl_gap_eV,90,0.0587468221783638,0.0016781273297965527,0.6058352117160943,0.9794976877747046,0.2841067910194397,0.002682712161913514,0.00944261892609935,0.2
33,octanol_hl_gap_eV,91,0.12783846259117126,0.0009691065060906112,0.6772142701345536,0.9761706151036982,0.27499836683273315,0.0015862229047343135,0.00576811754558211,0.16
33,octanol_hl_gap_eV,92,0.0802871435880661,0.0010791183449327946,0.6368627857932834,0.9681397766507032,0.3319520652294159,0.0007307673222385347,0.002201424237964879,0.22
33,octanol_hl_gap_eV,93,0.07871075719594955,0.001714227139018476,0.5953263637499295,0.9745568419264639,0.27441489696502686,0.00238897860981524,0.00870571764228859,0.02
33,octanol_hl_gap_eV,94,0.15958121418952942,0.0012642181245610118,0.6379820882294123,0.9761317641626217,0.3593665361404419,0.0007213299977593124,0.0020072263976115287,0.24
33,octanol_hl_gap_eV,95,0.08079324662685394,0.0011149778729304671,0.6324054514712922,0.9642474849460592,0.24527607858181,0.0007519557839259505,0.003065752633822957,0.08
33,octanol_hl_gap_eV,96,0.07262087613344193,0.001396078267134726,0.6078529523812151,0.9742439425018523,0.29292091727256775,0.0008717818418517709,0.002976167936278048,0.12
33,octanol_hl_gap_eV,97,0.053187258541584015,0.0023760488256812096,0.5768257896352242,0.9687363112104013,0.32065531611442566,0.0014526966260746121,0.004530399319985758,0.06
33,octanol_hl_gap_eV,98,0.29870209097862244,0.0015525596681982279,0.6856138092557171,0.9271569652435787,0.3812764585018158,0.04618562385439873,0.12113421331041548,0.34
33,octanol_hl_gap_eV,99,0.024995384737849236,0.0022987707052379847,0.5809013140486396,0.9918837079670109,0.558741569519043,0.0010144755942746997,0.0018156436707366275,0.02
33,octanol_hl_gap_eV,100,0.06873083859682083,0.0015242552617564797,0.6316116027906804,0.9832985532533496,0.27433329820632935,0.0004434233414940536,0.0016163671868974128,0.08
33,octanol_hl_gap_eV,101,0.05457700416445732,0.0020680869929492474,0.6317435423046494,0.9689866773730533,0.39763975143432617,0.0012659523636102676,0.0031836665198684273,0.06
33,octanol_hl_gap_eV,102,0.10998084396123886,0.001486169989220798,0.6566915646327909,0.9800720437544796,0.3186716139316559,0.004050875082612038,0.012711753747482546,0.3
33,octanol_hl_gap_eV,103,0.04704368859529495,0.0013648330932483077,0.6163094982428226,0.9624196294430354,0.27066731452941895,0.0005359470378607512,0.0019800951540548824,0.04
33,octanol_hl_gap_eV,104,0.0506603978574276,0.0021392947528511286,0.6274015401338493,0.9590968321797866,0.5651946663856506,0.003860623575747013,0.00683060864752178,0.04
33,octanol_hl_gap_eV,105,0.11738868802785873,0.001943462062627077,0.5984257979136391,0.9748166768977005,0.46105504035949707,0.0023775449953973293,0.005156748733390905,0.1
33,octanol_hl_gap_eV,106,0.12563924491405487,0.0014454768970608711,0.6464876596290441,0.9747869818607264,0.347335547208786,0.0010460910852998495,0.003011759359807294,0.18
33,octanol_hl_gap_eV,107,0.24135912954807281,0.002452271059155464,0.6180904083365457,0.8939551474752243,0.5016130208969116,0.18500496447086334,0.3688200998850953,0.06
33,octanol_hl_gap_eV,108,0.03547929972410202,0.002898717299103737,0.636353239001227,0.9566108215603111,0.5849034190177917,0.000946706859394908,0.0016185695426172758,0.02
33,octanol_hl_gap_eV,109,0.048848800361156464,0.0018282216042280197,0.6012256997795218,0.9778163880282411,0.3638506233692169,0.0012177377939224243,0.003346806946890198,0.0
33,octanol_hl_gap_eV,110,0.07901844382286072,0.002142122481018305,0.602240551488409,0.983855019911374,0.4566785991191864,0.0024926953483372927,0.005458314344366147,0.28
33,octanol_hl_gap_eV,111,0.22063831984996796,0.001685072435066104,0.5948066245566288,0.9499005534706941,0.2596858739852905,0.02847198024392128,0.1096400809446186,0.26
33,octanol_hl_gap_eV,112,0.07714914530515671,0.0024154752027243376,0.6314891774436597,0.9737101996937358,0.4667344093322754,0.005312461871653795,0.011382194595967258,0.1
33,octanol_hl_gap_eV,113,0.03721366077661514,0.0015254145255312324,0.6251533996777765,0.9604245997938019,0.284329891204834,0.0006135113071650267,0.0021577446696346364,0.04
33,octanol_hl_gap_eV,114,0.1236877515912056,0.0013783803442493081,0.5926406003411877,0.9746114418822225,0.2989937365055084,0.0014903370756655931,0.004984509351546688,0.08
33,octanol_hl_gap_eV,115,0.03658899664878845,0.0023569343611598015,0.6186429949898122,0.9747620064257756,0.43807467818260193,0.001497421762906015,0.0034181883534520276,0.06
33,octanol_hl_gap_eV,116,0.1179102286696434,0.000886961177457124,0.6727660727060341,0.9766907599186421,0.32227057218551636,0.0008207677165046334,0.0025468279990273363,0.08
33,octanol_hl_gap_eV,117,0.2589068114757538,0.0018438154365867376,0.6194299329716204,0.9037880615510547,0.4612366557121277,0.06900157034397125,0.14960122854380703,0.28
33,octanol_hl_gap_eV,118,0.2372175008058548,0.004077997989952564,0.6241571260850443,0.8915953619895187,0.8253493905067444,0.15531077980995178,0.18817579754265615,0.0
33,octanol_hl_gap_eV,119,0.33098551630973816,0.0019767696503549814,0.6207783249903513,0.9477936538689125,0.3794936537742615,0.05849207192659378,0.1541318842749009,0.18
33,octanol_hl_gap_eV,120,0.13753430545330048,0.0013926259707659483,0.595962468511235,0.97995556868626,0.4252670705318451,0.0011525987647473812,0.0027102939414188,0.2
33,octanol_hl_gap_eV,121,0.03799576312303543,0.0008818011847324669,0.6224651665927687,0.9730908895542354,0.3181791305541992,0.004458526615053415,0.014012630581042906,0.06
33,octanol_hl_gap_eV,122,0.07035936415195465,0.002195021603256464,0.611156197440071,0.9563866810964867,0.4033278822898865,0.00869421474635601,0.021556195661442422,0.08
33,octanol_hl_gap_eV,123,0.07811354845762253,0.001164981396868825,0.6510300082290543,0.9595472473635507,0.3635708689689636,0.0009278505458496511,0.002552048651424978,0.06
33,octanol_hl_gap_eV,124,0.08141928911209106,0.0013015837175771594,0.6118738901238383,0.9344225951865168,0.2004351168870926,0.009147446602582932,0.045637943812689236,0.02
33,octanol_hl_gap_eV,125,0.03732233867049217,0.005896984599530697,0.6378975246283716,0.979144030755482,1.21976637840271,0.002893530298024416,0.0023722004059609416,0.06
33,octanol_hl_gap_eV,126,0.1113414391875267,0.00101328338496387,0.656124567635143,0.9665840889390171,0.31211385130882263,0.0017112334026023746,0.005482721754982883,0.26
33,octanol_hl_gap_eV,127,0.05202104151248932,0.001507266890257597,0.6056359866531691,0.9671414225003947,0.3569897413253784,0.002950564492493868,0.008265124038409202,0.02
33,octanol_hl_gap_eV,128,0.04577873274683952,0.003160939086228609,0.625141203830462,0.9654653137978217,0.7625665664672852,0.0029983369167894125,0.0039319018806183706,0.08
33,octanol_hl_gap_eV,129,0.13463634252548218,0.0016182984691113234,0.6521788666857438,0.9735325322102755,0.4300830066204071,0.0022138815838843584,0.005147568143370842,0.16
33,octanol_hl_gap_eV,130,0.10254277288913727,0.00105966383125633,0.6213287055659296,0.9591443325481774,0.21538369357585907,0.0011759967310354114,0.005460008190551436,0.12
33,octanol_hl_gap_eV,131,0.09943792223930359,0.0011383554665371776,0.6571696510949909,0.9702383319693426,0.3013770878314972,0.0019371166126802564,0.0064275510345475125,0.02
33,octanol_hl_gap_eV,132,0.14297623932361603,0.00161044264677912,0.6214834300520811,0.9116939202029941,0.29117438197135925,0.02885379083454609,0.09909453791640306,0.08
33,octanol_hl_gap_eV,133,0.05918616056442261,0.0018259675707668066,0.5853989328269069,0.978561158253425,0.2686682939529419,0.001376161933876574,0.005122159796487237,0.1
33,octanol_hl_gap_eV,134,0.06939608603715897,0.0014355841558426619,0.6243570713989546,0.9870835244368632,0.2688666880130768,0.008999735116958618,0.033472852972105276,0.14
33,octanol_hl_gap_eV,135,0.06842160224914551,0.0013818738516420126,0.6182087106470779,0.9487718142308532,0.31852826476097107,0.00627659959718585,0.019705000439744068,0.2
33,octanol_hl_gap_eV,136,0.09683697670698166,0.001232816488482058,0.6196164038208454,0.9776432226349312,0.29641398787498474,0.0031154330354183912,0.010510411663609994,0.22
33,octanol_hl_gap_eV,137,0.10204712301492691,0.0009711314924061298,0.6903547908666552,0.9825043591946341,0.30079999566078186,0.0025047853123396635,0.00832707895103948,0.02
33,octanol_hl_gap_eV,138,0.066801056265831,0.0010091554140672088,0.6336101475645042,0.9710979651572798,0.25825175642967224,0.0013082659570500255,0.005065855021227302,0.02
33,octanol_hl_gap_eV,139,0.21546807885169983,0.002496309345588088,0.5932684943028186,0.9270452074119215,0.5873733758926392,0.08401745557785034,0.14303926433534359,0.3
33,octanol_hl_gap_eV,140,0.11417616158723831,0.0015170912956818938,0.5922872115246967,0.9830157423106263,0.2868501842021942,0.0061877635307610035,0.021571412087361217,0.2
33,octanol_hl_gap_eV,141,0.06973505020141602,0.0008820284274406731,0.6860519180888576,0.9864219417942994,0.2938063144683838,0.003091854276135564,0.010523443928460139,0.1
33,octanol_hl_gap_eV,142,0.14799131453037262,0.0020166211761534214,0.6147295669729371,0.951382655157547,0.4885616898536682,0.01868121512234211,0.03823716740446313,0.24
33,octanol_hl_gap_eV,143,0.29705554246902466,0.0015947954962030053,0.6370004730709442,0.936856341990989,0.42450112104415894,0.0454578772187233,0.1070854114752609,0.2
33,octanol_hl_gap_eV,144,0.06901958584785461,0.0018610331462696195,0.6053131584956744,0.9775490722070777,0.4273875653743744,0.002784445183351636,0.006515035553064286,0.14
33,octanol_hl_gap_eV,145,0.065989650785923,0.0017521966947242618,0.6004512433874212,0.9775163957656532,0.23876221477985382,0.0013205368304625154,0.005530761354681231,0.1
33,octanol_hl_gap_eV,146,0.0667448341846466,0.0034311064518988132,0.5938511709757954,0.9798102792213805,0.7884837985038757,0.0016675118822604418,0.0021148334124613537,0.1
33,octanol_hl_gap_eV,147,0.45799776911735535,0.00158315384760499,0.6239272625429906,0.9181467175486333,0.3968959152698517,0.16376543045043945,0.41261556027628665,0.34
33,octanol_hl_gap_eV,148,0.053071752190589905,0.002986539388075471,0.6282906587030064,0.9689773993964319,0.5324026346206665,0.0039907656610012054,0.007495766176748168,0.02
33,octanol_hl_gap_eV,149,0.10670793056488037,0.0019036555895581841,0.6061977959756264,0.9745946230978857,0.46182364225387573,0.0008166821789927781,0.0017683853840982614,0.14
33,octanol_hl_gap_eV,150,0.12884733080863953,0.0013625730061903596,0.6602493645713803,0.9800651834991314,0.36325958371162415,0.0027243441436439753,0.007499717187934435,0.16
33,octanol_hl_gap_eV,151,0.06614657491445541,0.002568015130236745,0.5927943149954995,0.9625377614442945,0.5694367289543152,0.004926009103655815,0.00865066978152549,0.14
33,octanol_hl_gap_eV,152,0.018198922276496887,0.0011758370092138648,0.6408746307580702,0.9769025864159138,0.24389837682247162,0.0004545293340925127,0.0018636013081110205,0.1
33,octanol_hl_gap_eV,153,0.1321541666984558,0.0014257769798859954,0.5948141832231233,0.9756649443361649,0.2262858748435974,0.0019144145771861076,0.00846015942669554,0.08
33,octanol_hl_gap_eV,154,0.11708308011293411,0.0010445773368701339,0.6688944469623561,0.9724375740906335,0.28111910820007324,0.0010099910432472825,0.0035927513064265594,0.24
33,octanol_hl_gap_eV,155,0.15806639194488525,0.001657788292504847,0.6615259143586891,0.9678607802043031,0.3722068667411804,0.0019833692349493504,0.00532867448769696,0.28
33,octanol_hl_gap_eV,156,0.18541809916496277,0.0019906049128621817,0.6108372081421631,0.9025516319486337,0.37488964200019836,0.07189569622278214,0.19177829464475865,0.02
33,octanol_hl_gap_eV,157,0.06559474021196365,0.001984712900593877,0.601327848511588,0.9786343314184762,0.2629539370536804,0.0020109934266656637,0.007647702290364003,0.12
33,octanol_hl_gap_eV,158,0.05667486786842346,0.00157713342923671,0.618895320025878,0.9600280539590336,0.3590454161167145,0.0009495834237895906,0.00264474459543277,0.12
33,octanol_hl_gap_eV,159,0.0770082101225853,0.001068126643076539,0.6614456250755179,0.9726640013881429,0.2753640115261078,0.0014800195349380374,0.005374774745383581,0.18
33,octanol_hl_gap_eV,160,0.06657279282808304,0.0011766186216846108,0.6186321698166608,0.9749837377927861,0.2333868443965912,0.001124060247093439,0.004816296522623779,0.14
33,octanol_hl_gap_eV,161,0.16925007104873657,0.0015773882623761892,0.6014846918728032,0.9482778553243252,0.22462351620197296,0.025867585092782974,0.11515973719120229,0.04
33,octanol_hl_gap_eV,162,0.07558725774288177,0.0016206895234063268,0.574212955065643,0.9777928826762394,0.437030553817749,0.00199565920047462,0.0045664065888328075,0.04
33,octanol_hl_gap_eV,163,0.0977754294872284,0.0017936561489477754,0.638007894991049,0.9780992184137065,0.3877684473991394,0.021299734711647034,0.05492900429240625,0.1
33,octanol_hl_gap_eV,164,0.029855260625481606,0.004359325394034386,0.5831873548549913,0.9752355032579489,0.8018624186515808,0.0010668180184438825,0.0013304252620266871,0.04
33,octanol_hl_gap_eV,165,0.06041800603270531,0.001169674564152956,0.6545956946214722,0.9712661557696243,0.3236858546733856,0.0005779299535788596,0.0017854655840985646,0.1
33,octanol_hl_gap_eV,166,0.06590376049280167,0.0010735559044405818,0.6186695652315273,0.9674446541227704,0.20731742680072784,0.0017555529484525323,0.00846794683661571,0.04
33,octanol_hl_gap_eV,167,0.052978746592998505,0.004275056533515453,0.6393121599118228,0.9573361351932246,0.877046525478363,0.0006641546497121453,0.0007572627339808442,0.06
33,octanol_hl_gap_eV,168,0.2519170641899109,0.0011706416262313724,0.6253464945171354,0.94723130594014,0.344046026468277,0.016336020082235336,0.04748207747064799,0.26
33,octanol_hl_gap_eV,169,0.09124673157930374,0.0010142021346837282,0.6409142821570399,0.9712535112438336,0.24894782900810242,0.0006268389406614006,0.0025179530311991555,0.22
33,octanol_hl_gap_eV,170,0.18560302257537842,0.0009058609721250832,0.6479818146849698,0.9426193255081743,0.32162049412727356,0.00801264587789774,0.02491335603360813,0.12
33,octanol_hl_gap_eV,171,0.10525216907262802,0.0029771863482892513,0.6257305091418031,0.92507595309206,0.5564100742340088,0.033314358443021774,0.05987375136743263,0.08
33,octanol_hl_gap_eV,172,0.12847301363945007,0.0012957720318809152,0.6368419992988517,0.973995861641185,0.35887426137924194,0.0005125335301272571,0.0014281702124790583,0.18
33,octanol_hl_gap_eV,173,0.361620157957077,0.0019251948688179255,0.5992566742483976,0.9395696173832229,0.4447844922542572,0.0768207311630249,0.17271449994509025,0.4
33,octanol_hl_gap_eV,174,0.04789865016937256,0.0011059121461585164,0.650576870601397,0.9762292479531613,0.2836442291736603,0.001662512426264584,0.005861259476732439,0.12
33,octanol_hl_gap_eV,175,0.0909944698214531,0.0013382903998717666,0.650262373079443,0.9800551664402635,0.29988765716552734,0.001666927128098905,0.005558505287794557,0.22
33,octanol_hl_gap_eV,176,0.056872423738241196,0.0021570005919784307,0.6171766416112205,0.9717044695636368,0.3473612368106842,0.0009315422503277659,0.0026817680029031766,0.04
33,octanol_hl_gap_eV,177,0.1260410100221634,0.0014884485863149166,0.6054550794900233,0.9562228990710848,0.28461742401123047,0.00140646833460778,0.004941610091138635,0.02
33,octanol_hl_gap_eV,178,0.38091373443603516,0.0018625567900016904,0.6306211392662788,0.9214483537987157,0.47773367166519165,0.07886999100446701,0.16509196584271996,0.34
33,octanol_hl_gap_eV,179,0.10226774960756302,0.0014770067064091563,0.6024080748710021,0.9639908304683524,0.31421589851379395,0.00101226638071239,0.0032215632165663696,0.12
33,octanol_hl_gap_eV,180,0.07845525443553925,0.001622489420697093,0.6092174496578788,0.9797211918402937,0.3491387367248535,0.00942897330969572,0.027006379750770627,0.08
33,octanol_hl_gap_eV,181,0.08543913811445236,0.0014946275623515248,0.6050383429433293,0.9671759323798386,0.30552366375923157,0.0013183013070374727,0.0043148909999860515,0.14
33,octanol_hl_gap_eV,182,0.1303412914276123,0.0012995571596547961,0.6451544928881761,0.9764327797281545,0.3566432595252991,0.0007231571362353861,0.0020276764439567034,0.24
33,octanol_hl_gap_eV,183,0.08986054360866547,0.0045043183490633965,0.6066953427156694,0.9167288799001949,0.9598324298858643,0.09230804443359375,0.0961709998114674,0.1
33,octanol_hl_gap_eV,184,0.07839474827051163,0.001466751447878778,0.6372933313491309,0.9681335932908754,0.3039964437484741,0.0005953859072178602,0.0019585291850008645,0.12
33,octanol_hl_gap_eV,185,0.033273845911026,0.003968909382820129,0.5996717639802487,0.9696551892565144,0.7596442699432373,0.0018832995556294918,0.002479186153500792,0.02
33,octanol_hl_gap_eV,186,0.05147629231214523,0.0026712047401815653,0.6018746324605664,0.9755892618396229,0.5947515368461609,0.0045129661448299885,0.007587985680140104,0.06
33,octanol_hl_gap_eV,187,0.0663992390036583,0.002493558917194605,0.606739616124544,0.9817950476244832,0.4604073166847229,0.0023583401925861835,0.005122290865332022,0.2
33,octanol_hl_gap_eV,188,0.07097364217042923,0.0013209267053753138,0.6128984417116659,0.9676534649088553,0.3532666265964508,0.0014970514457672834,0.004237738107872327,0.12
33,octanol_hl_gap_eV,189,0.06236618012189865,0.001351365353912115,0.6329498344383184,0.9786853036872554,0.27640774846076965,0.0010179446544498205,0.0036827645394112265,0.04
33,octanol_hl_gap_eV,190,0.3339316248893738,0.0012620774796232581,0.6204301628877913,0.8990491574585882,0.26448455452919006,0.07661005109548569,0.2896579395037246,0.18
33,octanol_hl_gap_eV,191,0.12277579307556152,0.0010024956427514553,0.6413959368803528,0.9682433815851377,0.25606217980384827,0.002366594970226288,0.009242266749580803,0.14
33,octanol_hl_gap_eV,192,0.36867454648017883,0.0018644382944330573,0.6299479687906899,0.9255929969457026,0.3181823492050171,0.08539209514856339,0.2683747082825829,0.26
33,octanol_hl_gap_eV,193,0.21383722126483917,0.006337284110486507,0.6385441087148522,0.9402852113083762,1.3762545585632324,0.22142168879508972,0.1608871610396315,0.14
33,octanol_hl_gap_eV,194,0.10051778703927994,0.001236232928931713,0.6334260709112396,0.9639151209072914,0.25926870107650757,0.0019327360205352306,0.007454567452647899,0.1
33,octanol_hl_gap_eV,195,0.055205002427101135,0.001637444831430912,0.6095322722589434,0.973557889633976,0.3341419994831085,0.004602205008268356,0.013773201259906288,0.14
33,octanol_hl_gap_eV,196,0.07521948218345642,0.0012511340901255608,0.6156761244398254,0.9715670062739845,0.20900824666023254,0.0034542162902653217,0.01652669856553821,0.02
33,octanol_hl_gap_eV,197,0.04130569472908974,0.002207773271948099,0.621955172951453,0.9694965659101005,0.37473347783088684,0.001087887561880052,0.002903096804099803,0.04
33,octanol_hl_gap_eV,198,0.14939092099666595,0.011343969032168388,0.6406882263371356,0.9805658405230986,2.4614317417144775,0.003153202123939991,0.0012810439024174077,0.08
33,octanol_hl_gap_eV,199,0.021784350275993347,0.0009256208431906998,0.6410748395938441,0.9708521371621595,0.26945701241493225,0.0014310503611341119,0.005310867022196705,0.24
33,octanol_hl_gap_eV,200,0.09741602838039398,0.0009971570689231157,0.6401952090743634,0.965280271278746,0.3378312885761261,0.0008138234261423349,0.002408964041111751,0.04
33,octanol_hl_gap_eV,201,0.06494265049695969,0.0015891885850578547,0.6344351612718089,0.9600740655310185,0.29477256536483765,0.003829003544524312,0.012989687625051486,0.08
33,octanol_hl_gap_eV,202,0.06365718692541122,0.0038023279048502445,0.5720267437718627,0.9768971798896142,0.5574444532394409,0.001818054006434977,0.0032614083714885625,0.1
33,octanol_hl_gap_eV,203,0.2888753414154053,0.0015077067073434591,0.6434988643627129,0.9200423308360361,0.2976302206516266,0.05882946029305458,0.19765956616990826,0.26
33,octanol_hl_gap_eV,204,0.0512729287147522,0.0011499009560793638,0.6181669137033416,0.979275575140464,0.281028687953949,0.002041615778580308,0.007264794898501107,0.14
33,octanol_hl_gap_eV,205,0.05916493013501167,0.0027606640942394733,0.5699569860445737,0.9530732621203069,0.6195784211158752,0.0012649402488023043,0.0020416144360291266,0.08
33,octanol_hl_gap_eV,206,0.04146552458405495,0.0020628629717975855,0.6148120698041928,0.9669523837139171,0.5036482214927673,0.0009335416834801435,0.001853558979545706,0.04
33,octanol_hl_gap_eV,207,0.04209858924150467,0.002650026697665453,0.6299016021207191,0.9651590481945502,0.4641179144382477,0.0011175769614055753,0.0024079591126282035,0.04
33,octanol_hl_gap_eV,208,0.07593332976102829,0.001678946428000927,0.6121654605093925,0.9789339324530035,0.37698689103126526,0.005586803425103426,0.014819622533347152,0.14
33,octanol_hl_gap_eV,209,0.30502164363861084,0.0009523698827251792,0.6710097461929818,0.9018706435037114,0.3182148337364197,0.07157239317893982,0.2249184688801274,0.1
33,octanol_hl_gap_eV,210,0.033119987696409225,0.00227154023014009,0.6197289776734634,0.967129929651827,0.5797984600067139,0.001905329991132021,0.003286193604429301,0.02
33,octanol_hl_gap_eV,211,0.07000081241130829,0.0032389687839895487,0.6324130601086388,0.9771600062196493,0.6876365542411804,0.0022598712239414454,0.0032864326510903055,0.18
33,octanol_hl_gap_eV,212,0.0453624501824379,0.0011974286753684282,0.6347301745733553,0.9729625738679393,0.35503846406936646,0.0004975357442162931,0.0014013573022867909,0.02
33,octanol_hl_gap_eV,213,0.08747295290231705,0.004114710260182619,0.5979527413946535,0.9797316755442962,0.9014755487442017,0.0018858913099393249,0.0020920049496256014,0.08
33,octanol_hl_gap_eV,214,0.035436343401670456,0.0016092193545773625,0.6145701254372464,0.957511987805949,0.3234928548336029,0.0016001363983377814,0.004946435058545123,0.08
33,octanol_hl_gap_eV,215,0.029275253415107727,0.0010743135353550315,0.6283364574612613,0.9642478958199474,0.3215944468975067,0.0013363542966544628,0.00415540227621021,0.06
33,octanol_hl_gap_eV,216,0.02463284507393837,0.0013966375263407826,0.6280314343522613,0.9565935132432988,0.30834901332855225,0.000897696299944073,0.0029112994079457583,0.06
33,octanol_hl_gap_eV,217,0.13050808012485504,0.001509331981651485,0.6232630987750367,0.9227427877044048,0.33513686060905457,0.029938073828816414,0.08933088939965908,0.0
33,octanol_hl_gap_eV,218,0.09875182062387466,0.002352270297706127,0.6062373045786482,0.9781400894532195,0.5194051265716553,0.005972264800220728,0.011498278501101425,0.18
33,octanol_hl_gap_eV,219,0.044679779559373856,0.0009902818128466606,0.6319995957531372,0.968305420520545,0.28775909543037415,0.0006609865231439471,0.002297013486768757,0.08
33,octanol_hl_gap_eV,220,0.1717347502708435,0.002439160132780671,0.6385363240394724,0.9456410824603503,0.43849700689315796,0.05206260085105896,0.11872966071064718,0.12
33,octanol_hl_gap_eV,221,0.2294611930847168,0.0026996994856745005,0.618877083704285,0.9114488705585506,0.44828471541404724,0.08562365174293518,0.19100283547220873,0.16
33,octanol_hl_gap_eV,222,0.059044208377599716,0.001996672246605158,0.5986366479016805,0.9799144228634211,0.3882070481777191,0.002167533151805401,0.005583446158383801,0.0
33,octanol_hl_gap_eV,223,0.11822223663330078,0.0019373003160580993,0.6189676457308688,0.9847294737456838,0.41425228118896484,0.005124557297676802,0.012370619379496402,0.1
33,octanol_hl_gap_eV,224,0.04131142050027847,0.0035918832290917635,0.6230496450906284,0.9788068896875108,0.7044425010681152,0.001975366612896323,0.002804155924580305,0.0
33,octanol_hl_gap_eV,225,0.060914065688848495,0.0009932101238518953,0.6502444572386652,0.9667531147549278,0.30388665199279785,0.000978059833869338,0.003218502120627918,0.04
33,octanol_hl_gap_eV,226,0.04683060571551323,0.001151194446720183,0.6359436484415719,0.9760725867083355,0.3087348937988281,0.0005743890651501715,0.0018604604684705442,0.02
33,octanol_hl_gap_eV,227,0.07424622774124146,0.0013168841833248734,0.6421478444526791,0.9741666868480494,0.3256499171257019,0.0010180386016145349,0.0031261749138464198,0.22
33,octanol_hl_gap_eV,228,0.06786185503005981,0.0020319176837801933,0.6164996566268146,0.9719317772763691,0.33017125725746155,0.0014265096979215741,0.00432051448018447,0.04
33,octanol_hl_gap_eV,229,0.06796396523714066,0.0021799644455313683,0.5898873258632178,0.9655494554224848,0.5214905738830566,0.0030196583829820156,0.005790437131964668,0.14
33,octanol_hl_gap_eV,230,0.037508659064769745,0.0014120656996965408,0.5974162369242955,0.9800250224327416,0.3464242219924927,0.003516280557960272,0.01015021564524571,0.06
33,octanol_hl_gap_eV,231,0.06173258647322655,0.0010174228809773922,0.6342227154446427,0.9791283904002368,0.34103885293006897,0.0005846369895152748,0.0017142826528189043,0.1
33,octanol_hl_gap_eV,232,0.35362672805786133,0.0015823178691789508,0.6284236680937079,0.9306631319417156,0.33473047614097595,0.0574774295091629,0.1717125675911134,0.38
33,octanol_hl_gap_eV,233,0.04695211723446846,0.002507508732378483,0.6077325536509779,0.9778258383682648,0.6185395121574402,0.004500252660363913,0.007275610647195711,0.02
33,octanol_hl_gap_eV,234,0.0440232940018177,0.001085710129700601,0.6563860230244818,0.9689379124456599,0.27704694867134094,0.0004874613368883729,0.0017594900042254037,0.12
33,octanol_hl_gap_eV,235,0.04531300812959671,0.0008576883119530976,0.6240658048195162,0.9740275740119093,0.3188857436180115,0.0029409402050077915,0.009222551537238681,0.04
33,octanol_hl_gap_eV,236,0.05580884963274002,0.0012767823645845056,0.6131536578283641,0.9660900878133478,0.2806684374809265,0.0009237178601324558,0.0032911355064469236,0.18
33,octanol_hl_gap_eV,237,0.5223580598831177,0.0013647946761921048,0.6698230116907087,0.923374085975972,0.37281203269958496,0.09778062999248505,0.26227863216871405,0.42
33,octanol_hl_gap_eV,238,0.034003254026174545,0.00133987027220428,0.6253033315147112,0.9622420909557627,0.26467445492744446,0.0016472364077344537,0.006223632001758585,0.04
33,octanol_hl_gap_eV,239,0.11163993924856186,0.0010624089045450091,0.6205811638690102,0.9596463322415543,0.2999800741672516,0.0019683577120304108,0.0065616281931211475,0.14
33,octanol_hl_gap_eV,240,0.025422262027859688,0.0009586576488800347,0.6599363263016524,0.952753824087772,0.2923669219017029,0.0006071780226193368,0.0020767671618592922,0.04
33,octanol_hl_gap_eV,241,0.10877639800310135,0.0009199968189932406,0.6782431166424394,0.9739117217562372,0.27149060368537903,0.0011201296001672745,0.004125850342376319,0.02
33,octanol_hl_gap_eV,242,0.07635843008756638,0.0012450728099793196,0.6201198903811107,0.963806126498723,0.2754381000995636,0.0006356998928822577,0.0023079591844863473,0.12
33,octanol_hl_gap_eV,243,0.05810334160923958,0.001293359324336052,0.6294474818647819,0.9736108254019353,0.26201292872428894,0.0005575305549427867,0.0021278742146707773,0.04
33,octanol_hl_gap_eV,244,0.2781350016593933,0.0013511587167158723,0.6055092257331072,0.9046029924001724,0.27239200472831726,0.0495150163769722,0.1817785232953452,0.18
33,octanol_hl_gap_eV,245,0.39745113253593445,0.002087366534397006,0.5877962267521988,0.9074131547134254,0.4874756336212158,0.10979489982128143,0.22523156492083374,0.36
33,octanol_hl_gap_eV,246,0.10996218025684357,0.0012876340188086033,0.6452228053711784,0.9604836201513127,0.3023078739643097,0.0007890099659562111,0.0026099550620681524,0.18
33,octanol_hl_gap_eV,247,0.07252505421638489,0.001372630475088954,0.6359908572707684,0.9861420597094559,0.31765279173851013,0.0014289406826719642,0.004498435775902953,0.26
33,octanol_hl_gap_eV,248,0.07724940031766891,0.00549634825438261,0.6081676554377489,0.9345228632498404,1.1569116115570068,0.070194311439991,0.06067387580760933,0.04
33,octanol_hl_gap_eV,249,0.043837595731019974,0.0014715299475938082,0.6059629567450391,0.973027617739969,0.19470368325710297,0.0013783128233626485,0.007079027989124425,0.02
33,octanol_dipole,0,0.28538310527801514,0.03375135734677315,0.586012529172963,0.9122902171167386,6.49955940246582,0.36612066626548767,0.05633007463961139,0.16
33,octanol_dipole,1,0.198985293507576,0.016135169193148613,0.5970593316617394,0.9420900420136609,3.0005862712860107,0.23057472705841064,0.07684322536061909,0.04
33,octanol_dipole,2,0.09252742677927017,0.02862514927983284,0.5896787905118355,0.9587846876643096,5.395349025726318,0.01418115571141243,0.002628403768466744,0.02
33,octanol_dipole,3,0.17014306783676147,0.012523852288722992,0.5927476009910644,0.9261078697389697,2.317765951156616,0.2112807333469391,0.09115706149773464,0.04
33,octanol_dipole,4,0.27325302362442017,0.01907203160226345,0.5931374469326858,0.9142633154889164,3.630619764328003,0.3108523190021515,0.08561962947934527,0.1
33,octanol_dipole,5,0.11310062557458878,0.03243579715490341,0.5868367118481499,0.9495917647616658,6.0497517585754395,0.035411350429058075,0.005853355946194482,0.0
33,octanol_dipole,6,0.0400242879986763,0.03401515632867813,0.5837881789225574,0.9641580491395829,6.249378681182861,0.008006725460290909,0.00128120343937542,0.02
33,octanol_dipole,7,0.07326292991638184,0.02689363993704319,0.5895340907198612,0.965922367987476,5.007938861846924,0.007323681842535734,0.0014624143873503213,0.02
33,octanol_dipole,8,0.07559212297201157,0.03245668485760689,0.5846144350807365,0.969278380212131,6.0230488777160645,0.0062294830568134785,0.001034274033515015,0.0
33,octanol_dipole,9,0.21859176456928253,0.03709853067994118,0.5843705027096631,0.8828826401851644,6.904728412628174,0.5485860705375671,0.07945078180544347,0.06
33,octanol_dipole,10,0.21102428436279297,0.022125210613012314,0.5917235778992753,0.929394413060096,4.248610496520996,0.3062310516834259,0.07207793040434875,0.1
33,octanol_dipole,11,0.06154267489910126,0.027208954095840454,0.5898118923014104,0.964108454611994,5.157585620880127,0.008854405954480171,0.0017167734295352702,0.04
33,octanol_dipole,12,0.05050297826528549,0.019687822088599205,0.5923265133401592,0.9683955901034167,3.6800386905670166,0.01537772174924612,0.0041786848025982945,0.0
33,octanol_dipole,13,0.07820478826761246,0.021011337637901306,0.5920935917283574,0.9627245967939204,3.962256669998169,0.0123717887327075,0.003122409718276332,0.04
33,octanol_dipole,14,0.12005902081727982,0.02160397544503212,0.5929320219974583,0.9612780209348086,4.101469993591309,0.01844623126089573,0.004497468295444954,0.04
33,octanol_dipole,15,0.08155950903892517,0.024113934487104416,0.5901084029790102,0.974483098728977,4.58211612701416,0.004580638837069273,0.000999677596572427,0.04
33,octanol_dipole,16,0.03404061123728752,0.03521867096424103,0.5847637484449717,0.9639304166560558,6.535797595977783,0.005733388010412455,0.0008772285136156692,0.02
33,octanol_dipole,17,0.19848346710205078,0.02750624530017376,0.5919696997060611,0.9166333167296423,5.252862453460693,0.25418829917907715,0.04839043501160262,0.04
33,octanol_dipole,18,0.27142083644866943,0.022536063566803932,0.5940470648308165,0.8957760614598174,4.305148601531982,0.6535987257957458,0.15181792460384838,0.08
33,octanol_dipole,19,0.09989292919635773,0.023269474506378174,0.5911150764235731,0.9553897302864871,4.393252372741699,0.028326036408543587,0.006447623310760575,0.04
33,octanol_dipole,20,0.11284135282039642,0.007155952975153923,0.5919261248383716,0.9618515893822022,1.2778311967849731,0.02262110263109207,0.01770273154075971,0.04
33,octanol_dipole,21,0.07548636198043823,0.03309830650687218,0.5860814992408152,0.9622654752858508,6.167036533355713,0.01797385700047016,0.002914504706313118,0.0
33,octanol_dipole,22,0.12293905019760132,0.038476090878248215,0.581522729888839,0.9570480179972696,7.1902008056640625,0.0059996009804308414,0.0008344135501340478,0.02
33,octanol_dipole,23,0.19416822493076324,0.02139897458255291,0.5924894432682797,0.910359375464382,4.079290866851807,0.36646950244903564,0.08983657072040527,0.06
33,octanol_dipole,24,0.26096129417419434,0.03334185481071472,0.5848015004237763,0.8858007411906603,6.312562465667725,0.5163393616676331,0.08179552510978855,0.06
33,octanol_dipole,25,0.1870199739933014,0.03168555349111557,0.5822329703141922,0.9138907760533148,5.948907375335693,0.2941814363002777,0.04945133916859434,0.0
33,octanol_dipole,26,0.04850483685731888,0.030347974970936775,0.5872961156884744,0.9588422490655135,5.695342063903809,0.005805174354463816,0.001019284581914071,0.04
33,octanol_dipole,27,0.03904472663998604,0.028389938175678253,0.5874571165733891,0.9710124583188162,5.314301490783691,0.00877334177494049,0.0016508927448236853,0.02
33,octanol_dipole,28,0.07201094925403595,0.025400646030902863,0.5921842613796113,0.9635568973289912,4.773792266845703,0.008910183794796467,0.0018664791630499447,0.04
33,octanol_dipole,29,0.10455027967691422,0.04294315353035927,0.5846799201618309,0.9623872150404118,8.174817085266113,0.029569119215011597,0.0036170985731663057,0.06
33,octanol_dipole,30,0.2570623755455017,0.01400827057659626,0.5947583053362926,0.9178965670452304,2.6047749519348145,0.3242080807685852,0.12446682986096937,0.1
33,octanol_dipole,31,0.15628522634506226,0.026822922751307487,0.5903296797352697,0.9375444601231744,5.082857608795166,0.13248082995414734,0.026064241840044466,0.0
33,octanol_dipole,32,0.07276028394699097,0.03117663599550724,0.5864336776177879,0.9580371322296963,5.80768346786499,0.003717239946126938,0.000640055534482058,0.0
33,octanol_dipole,33,0.08384128659963608,0.024144059047102928,0.6000071823914459,0.953533508370844,4.837233543395996,0.009165133349597454,0.0018947055723844669,0.04
33,octanol_dipole,34,0.06583528220653534,0.03334898129105568,0.5824981637525888,0.9651595042859562,6.149150848388672,0.006731278728693724,0.0010946680110242527,0.0
33,octanol_dipole,35,0.1664852350950241,0.045169562101364136,0.5834979846551362,0.902282942242997,8.369093894958496,0.6369413137435913,0.07610636488703776,0.04
33,octanol_dipole,36,0.19080299139022827,0.02845095656812191,0.5857351609082548,0.8929193412142731,5.370770454406738,0.3786349296569824,0.07049918310068734,0.02
33,octanol_dipole,37,0.11624783277511597,0.03695746138691902,0.5831779735912195,0.9134636350597787,7.025115966796875,0.2759612798690796,0.03928209600715034,0.04
33,octanol_dipole,38,0.06064359098672867,0.03503895550966263,0.5898910260937256,0.9589617702303139,6.604278564453125,0.008770142681896687,0.0013279486315282204,0.0
33,octanol_dipole,39,0.11065925657749176,0.02520219050347805,0.5887657866629297,0.9627924835822848,4.755363464355469,0.006446149665862322,0.0013555535163989865,0.02
33,octanol_dipole,40,0.20287950336933136,0.03251012787222862,0.5843865676527789,0.913059245706245,6.077488899230957,0.4229099452495575,0.0695862966204796,0.06
33,octanol_dipole,41,0.3275179862976074,0.022734804078936577,0.592020039643741,0.9121561129979439,4.369906425476074,0.6019729375839233,0.13775419401991934,0.1
33,octanol_dipole,42,0.08077747374773026,0.018884683027863503,0.5911839665424206,0.9469898498485798,3.591752052307129,0.005252680741250515,0.0014624285487291652,0.02
33,octanol_dipole,43,0.2526862621307373,0.03759458661079407,0.5843958544307983,0.9100094192033419,7.097891330718994,0.6567898392677307,0.09253309309276224,0.16
33,octanol_dipole,44,0.195059671998024,0.020259754732251167,0.591449787024394,0.927409151429945,3.8766636848449707,0.2350320965051651,0.06062741460497988,0.08
33,octanol_dipole,45,0.21611176431179047,0.04003484919667244,0.5820079431132288,0.8958865299340162,7.475818157196045,0.7291044592857361,0.09752838337619509,0.14
33,octanol_dipole,46,0.1329328715801239,0.0197038184851408,0.5926481747344656,0.9440781293924152,3.7231314182281494,0.0275947917252779,0.0074117157375041985,0.08
33,octanol_dipole,47,0.10996982455253601,0.03672245517373085,0.5837205980456113,0.9306444946243364,6.810159206390381,0.06277209520339966,0.009217419637487598,0.06
33,octanol_dipole,48,0.274862676858902,0.015615935437381268,0.5933063238638603,0.9119289210307673,2.9576799869537354,0.3059701919555664,0.10344939050377137,0.14
33,octanol_dipole,49,0.08317230641841888,0.025645315647125244,0.5870072975441409,0.9627199756088627,4.824683666229248,0.009663592092692852,0.0020029483301327966,0.04
33,octanol_dipole,50,0.1805316060781479,0.03895225003361702,0.5801699623460053,0.8846310656536287,7.228272438049316,0.5406356453895569,0.07479458612318955,0.08
33,octanol_dipole,51,0.27962490916252136,0.022421924397349358,0.5931625430561662,0.8889023696927016,4.287833213806152,0.5629985332489014,0.13130140683553973,0.12
33,octanol_dipole,52,0.061833545565605164,0.03546086326241493,0.580540652954946,0.9455975220554147,6.4968414306640625,0.014250689186155796,0.002193479606704698,0.04
33,octanol_dipole,53,0.19016195833683014,0.027598511427640915,0.58554804312415,0.919615644538951,5.165586471557617,0.25269415974617004,0.04891877449686237,0.06
33,octanol_dipole,54,0.22587202489376068,0.02911917120218277,0.5860136031415011,0.9014134408893899,5.479753017425537,0.36745330691337585,0.06705654538532659,0.06
33,octanol_dipole,55,0.08471883088350296,0.023932816460728645,0.5910138655008352,0.9624204482797374,4.524052619934082,0.010461320169270039,0.0023123780928574755,0.04
33,octanol_dipole,56,0.24571382999420166,0.02955646440386772,0.5853888612906397,0.8771583875036175,5.560043811798096,0.558062732219696,0.10037020410442068,0.08
33,octanol_dipole,57,0.3957577347755432,0.021369529888033867,0.5960754030213846,0.9105835175344783,4.1549272537231445,0.8943901062011719,0.21526011205123444,0.26
33,octanol_dipole,58,0.25458237528800964,0.022138457745313644,0.5897051391337775,0.9093618232977485,4.187898635864258,0.5109860897064209,0.1220149134772381,0.08
33,octanol_dipole,59,0.06055694818496704,0.03080572560429573,0.5823685862438484,0.9653799788059476,5.689502716064453,0.007389703765511513,0.0012988312220409879,0.0
33,octanol_dipole,60,0.08117450028657913,0.025255493819713593,0.5909744578946814,0.978086704473099,4.840296745300293,0.014889109879732132,0.003076073774647965,0.0
33,octanol_dipole,61,0.07262611389160156,0.025270160287618637,0.5921056461654064,0.9648333712615633,4.757294654846191,0.017719613388180733,0.0037247248013385094,0.0
33,octanol_dipole,62,0.028306664898991585,0.03743404522538185,0.5828964419421652,0.9602919214748722,6.894848346710205,0.005846894811838865,0.0008480091972767815,0.02
33,octanol_dipole,63,0.2790256440639496,0.021707598119974136,0.5932193520494149,0.9186813939251535,4.177522659301758,0.36917412281036377,0.08837154287801481,0.14
33,octanol_dipole,64,0.11034931242465973,0.02742796763777733,0.5903679049677824,0.9645057838723912,5.164036750793457,0.013020848855376244,0.002521447751775892,0.04
33,octanol_dipole,65,0.06980971992015839,0.027100946754217148,0.5817658585326213,0.9694168143040207,5.020827770233154,0.004519697278738022,0.0009001896670373417,0.0
33,octanol_dipole,66,0.07847873866558075,0.016404015943408012,0.5927893365479342,0.9569379763141241,3.0932936668395996,0.015117830596864223,0.004887292389639172,0.06
33,octanol_dipole,67,0.20524799823760986,0.024841105565428734,0.5892531325595762,0.9239727672959501,4.717454433441162,0.3767106533050537,0.07985464589432419,0.02
33,octanol_dipole,68,0.23255915939807892,0.02944711409509182,0.5775173417787156,0.8815916656804341,5.406860828399658,0.4810132086277008,0.088963489886991,0.12
33,octanol_dipole,69,0.045994192361831665,0.030341709032654762,0.584358705593131,0.9469201145163018,5.6080708503723145,0.005826066248118877,0.0010388717267600302,0.02
33,octanol_dipole,70,0.14397433400154114,0.019389338791370392,0.5927541602023241,0.944593740076553,3.6573312282562256,0.05457906052470207,0.014923193202472054,0.02
33,octanol_dipole,71,0.22130200266838074,0.03450086712837219,0.577299368415574,0.9037029305922373,6.412969589233398,0.724056601524353,0.11290504211028174,0.14
33,octanol_dipole,72,0.06377115845680237,0.02390054427087307,0.5914050796620023,0.9655221283793374,4.510945796966553,0.015413773246109486,0.003416971504395971,0.06
33,octanol_dipole,73,0.10094543546438217,0.03017301671206951,0.5952144133012236,0.9357767405036981,5.688645362854004,0.039037611335515976,0.006862373877342696,0.04
33,octanol_dipole,74,0.12601201236248016,0.037039320915937424,0.5806797595577278,0.9279869160489613,6.814489841461182,0.09292710572481155,0.01363669297141191,0.02
33,octanol_dipole,75,0.2644961476325989,0.03557870537042618,0.5891034571455296,0.8949484988639214,7.0210347175598145,0.832378089427948,0.11855490293277512,0.16
33,octanol_dipole,76,0.06525285542011261,0.018719399347901344,0.5910640715881612,0.9659359077523422,3.548686981201172,0.014210020191967487,0.004004303638851131,0.02
33,octanol_dipole,77,0.08508061617612839,0.030493421480059624,0.5855768157378216,0.9561567907038426,5.6664323806762695,0.0072886208072304726,0.0012862803820065352,0.0
33,octanol_dipole,78,0.1256864070892334,0.023081809282302856,0.5912764634189938,0.9335230360425752,4.327943325042725,0.14551995694637299,0.03362335086606903,0.04
33,octanol_dipole,79,0.2597198188304901,0.022269707173109055,0.5906276059679882,0.8955986993680123,4.260731220245361,0.3752134442329407,0.08806315743412076,0.1
33,octanol_dipole,80,0.15302322804927826,0.025913994759321213,0.5853370439938157,0.9155990888876313,4.827087879180908,0.16710175573825836,0.034617508510454816,0.02
33,octanol_dipole,81,0.08035360276699066,0.028448572382330894,0.587647064230381,0.9584829701964452,5.30607271194458,0.007492644712328911,0.0014120885858691882,0.02
33,octanol_dipole,82,0.09239303320646286,0.030834216624498367,0.5828012164480343,0.9411783120935651,5.731520652770996,0.029853569343686104,0.005208664707376203,0.0
33,octanol_dipole,83,0.0846714973449707,0.023954300209879875,0.5964085396043701,0.9605569382497205,4.596036911010742,0.006228209938853979,0.0013551261792378198,0.08
33,octanol_dipole,84,0.14503473043441772,0.03484327346086502,0.5824959127793772,0.9054990998853587,6.441202163696289,0.2524002492427826,0.03918527051756787,0.02
33,octanol_dipole,85,0.08861381560564041,0.03642598167061806,0.5847042140137522,0.9662538299005676,6.7672905921936035,0.005322584416717291,0.0007865163087361948,0.0
33,octanol_dipole,86,0.04163551703095436,0.03496282547712326,0.5823695992820899,0.9431861201987151,6.446950435638428,0.016668014228343964,0.002585410636353584,0.0
33,octanol_dipole,87,0.13283199071884155,0.016489727422595024,0.5903735760114919,0.9313850946728921,3.1097183227539062,0.12481340765953064,0.04013656373513544,0.0
33,octanol_dipole,88,0.18599212169647217,0.022060444578528404,0.5922708145254088,0.9289837014608568,4.176565170288086,0.14818286895751953,0.03547960175784791,0.08
33,octanol_dipole,89,0.10727788507938385,0.01546324510127306,0.5918584363964872,0.9568585074054283,2.8948607444763184,0.021859971806406975,0.007551303408330771,0.04
33,octanol_dipole,90,0.03423551097512245,0.038327571004629135,0.5848237737081248,0.9665512280930375,7.148616313934326,0.0079077472910285,0.0011061927153111365,0.02
33,octanol_dipole,91,0.16687998175621033,0.029482213780283928,0.5822827616216646,0.8952859182091233,5.532216548919678,0.3278942108154297,0.0592699522724685,0.02
33,octanol_dipole,92,0.19924643635749817,0.038535647094249725,0.581641873812764,0.9012684388542882,7.166520118713379,0.4628126621246338,0.06457983155815428,0.1
33,octanol_dipole,93,0.05367479845881462,0.03145865723490715,0.5830832491325109,0.9443228655013833,5.798282623291016,0.008458537049591541,0.0014588004067988334,0.02
33,octanol_dipole,94,0.1382499784231186,0.03912810981273651,0.5834165242084159,0.9252097321997665,7.277858257293701,0.15064284205436707,0.020698787573033083,0.04
33,octanol_dipole,95,0.3716176450252533,0.016811860725283623,0.5926571175850592,0.8868002356291078,3.212271213531494,0.600939154624939,0.18707609497402333,0.16
33,octanol_dipole,96,0.06043768674135208,0.024672647938132286,0.5902537487955246,0.9721342663773398,4.659825325012207,0.0076941512525081635,0.0016511673111884312,0.08
33,octanol_dipole,97,0.3249688744544983,0.02266070619225502,0.5958212381021994,0.9161411400279194,4.387994289398193,0.583249032497406,0.1329192779276378,0.14
33,octanol_dipole,98,0.11724822968244553,0.01885628141462803,0.5909984215704553,0.95569339649536,3.5576746463775635,0.013777711428701878,0.0038726732481651717,0.02
33,octanol_dipole,99,0.22437548637390137,0.02239997498691082,0.5876998934165347,0.8997038817212772,4.202537536621094,0.34697458148002625,0.08256311298982454,0.1
33,octanol_dipole,100,0.0443434938788414,0.03358367457985878,0.5840893635789315,0.9635256692966934,6.2180705070495605,0.005398396402597427,0.0008681787053519494,0.02
33,octanol_dipole,101,0.07988680899143219,0.02219981700181961,0.591653646002055,0.9610254318890525,4.213747978210449,0.006098354235291481,0.0014472517736766526,0.02
33,octanol_dipole,102,0.11038004606962204,0.02812596969306469,0.5871552459123042,0.956015129628681,5.257961750030518,0.006473196670413017,0.0012311228149150088,0.02
33,octanol_dipole,103,0.1300041377544403,0.03329412639141083,0.5806232755120082,0.9003934890755922,6.18943452835083,0.29648104310035706,0.047901151832581736,0.02
33,octanol_dipole,104,0.07035025954246521,0.0186737310141325,0.592171947273654,0.9540765590866127,3.5071940422058105,0.009744901210069656,0.0027785463515274194,0.06
33,octanol_dipole,105,0.22246982157230377,0.0352071151137352,0.5842399645781682,0.9159902780383047,6.526296615600586,0.3463159203529358,0.053064692083577,0.1
33,octanol_dipole,106,0.2063983678817749,0.028445623815059662,0.5845498359226471,0.9112473978690565,5.3086161613464355,0.3561136722564697,0.06708220399309259,0.06
33,octanol_dipole,107,0.15490637719631195,0.02307150885462761,0.5880334033463612,0.9167970350857364,4.318264007568359,0.12204354256391525,0.028262177196673694,0.1
33,octanol_dipole,108,0.07253421097993851,0.024116691201925278,0.5895129677819786,0.9566382491079968,4.553318977355957,0.007297012489289045,0.0016025700210281137,0.02
33,octanol_dipole,109,0.14780673384666443,0.022214727476239204,0.5915603836770562,0.9260153022794124,4.206761837005615,0.1376841515302658,0.03272924802138782,0.04
33,octanol_dipole,110,0.10375678539276123,0.021022813394665718,0.5921913890393171,0.9708572673730773,3.9597513675689697,0.013748837634921074,0.0034721466977766253,0.04
33,octanol_dipole,111,0.09127423167228699,0.021534249186515808,0.5912826387396848,0.9780575069467727,4.0354838371276855,0.017760412767529488,0.00440106155403926,0.06
33,octanol_dipole,112,0.1214732974767685,0.01911207288503647,0.591868539048626,0.9508587580452543,3.6513566970825195,0.029998861253261566,0.008215812297174647,0.04
33,octanol_dipole,113,0.11258015036582947,0.03002259135246277,0.5896133801285184,0.9332294410129849,5.778584957122803,0.16965031623840332,0.029358453236771893,0.02
33,octanol_dipole,114,0.03467235341668129,0.013746581971645355,0.5910479398267874,0.9696928038804651,2.571071147918701,0.010279291309416294,0.003998057898062232,0.02
33,octanol_dipole,115,0.11135213822126389,0.025434324517846107,0.5923065256758593,0.9662153878020441,4.8682966232299805,0.009916067123413086,0.002036865846689935,0.08
33,octanol_dipole,116,0.05825525522232056,0.03473387286067009,0.5837343378973638,0.9505010291209943,6.4348931312561035,0.0062216902151703835,0.0009668676834662361,0.0
33,octanol_dipole,117,0.21245741844177246,0.03416850045323372,0.5784328789379798,0.8859177476907911,6.361350059509277,0.4646758437156677,0.07304673369154494,0.06
33,octanol_dipole,118,0.05143989250063896,0.03170191869139671,0.5857000328501052,0.9639003774218988,5.825113296508789,0.006316583603620529,0.0010843709438932796,0.02
33,octanol_dipole,119,0.072838194668293,0.031593214720487595,0.5816021698376754,0.9449765649051394,5.769045829772949,0.01907731033861637,0.0033068397966544132,0.0
33,octanol_dipole,120,0.048410359770059586,0.03406093269586563,0.5820727200119744,0.9692967883857977,6.293164253234863,0.006431067828088999,0.001021913233042225,0.02
33,octanol_dipole,121,0.07006078213453293,0.024425815790891647,0.5916857334548264,0.9640810766830157,4.614317893981934,0.008288100361824036,0.0017961702145908732,0.06
33,octanol_dipole,122,0.17723940312862396,0.01921551115810871,0.5922141856377288,0.9252547575272327,3.655585527420044,0.11448878049850464,0.03131886250225581,0.06
33,octanol_dipole,123,0.20501092076301575,0.03841730207204819,0.5816954994284183,0.9380797008254644,7.152524948120117,0.286493182182312,0.04005483158190317,0.14
33,octanol_dipole,124,0.17874151468276978,0.03553538769483566,0.5857972236769218,0.9382615711722089,6.680538177490234,0.11912915110588074,0.01783226858986914,0.08
33,octanol_dipole,125,0.03827380761504173,0.018094263970851898,0.593072772454341,0.9719008662498778,3.5013699531555176,0.008415909484028816,0.00240360475945828,0.06
33,octanol_dipole,126,0.1366269290447235,0.036716073751449585,0.5828903361526425,0.9278781184723197,6.785192489624023,0.14429719746112823,0.021266485465488087,0.06
33,octanol_dipole,127,0.09579416364431381,0.022585971280932426,0.5892608272113489,0.9714856431255141,4.277805805206299,0.02228950895369053,0.005210500422100299,0.0
33,octanol_dipole,128,0.048649631440639496,0.033846355974674225,0.5842465117132398,0.9496920787488912,6.261453628540039,0.020880457013845444,0.0033347619023594154,0.04
33,octanol_dipole,129,0.04236762598156929,0.03845344856381416,0.5844487742543716,0.96134682108559,7.160104751586914,0.004835653584450483,0.0006753607317516889,0.0
33,octanol_dipole,130,0.27264249324798584,0.0228339284658432,0.594762351459518,0.914889508016193,4.385952472686768,0.28516578674316406,0.06501798378322961,0.12
33,octanol_dipole,131,0.1325085312128067,0.01661797985434532,0.591926760582405,0.9317232329733924,3.119187831878662,0.0671868547797203,0.021539855372946295,0.02
33,octanol_dipole,132,0.06207143887877464,0.04141388460993767,0.57962126250963,0.936242923182032,7.64215087890625,0.04229455441236496,0.005534378355327393,0.04
33,octanol_dipole,133,0.2184302806854248,0.02018655650317669,0.591961084682628,0.932837354267567,3.8968987464904785,0.1276608109474182,0.03275959147319101,0.1
33,octanol_dipole,134,0.10513294488191605,0.02094128355383873,0.5924733296666065,0.9761045976187461,4.002119064331055,0.010358697734773159,0.0025883032384256643,0.06
33,octanol_dipole,135,0.15965363383293152,0.023468896746635437,0.5903862236666719,0.9320561697849177,4.435973644256592,0.1774120330810547,0.03999393308180633,0.06
33,octanol_dipole,136,0.11036056280136108,0.025197826325893402,0.5907548249999119,0.9570001729558493,4.737071514129639,0.010289820842444897,0.002172190310353693,0.04
33,octanol_dipole,137,0.11137250810861588,0.02337520383298397,0.591871792143911,0.9555429347698876,4.406687259674072,0.009436063468456268,0.0021413054551899786,0.06
33,octanol_dipole,138,0.06813211739063263,0.02716223895549774,0.5870925754239942,0.9602675642893619,5.065929412841797,0.005662953015416861,0.0011178507543081135,0.0
33,octanol_dipole,139,0.12786653637886047,0.021813681349158287,0.591637133181478,0.9434699189779985,4.111963272094727,0.050481658428907394,0.01227677756061058,0.08
33,octanol_dipole,140,0.05710148811340332,0.030728580430150032,0.5826838521194484,0.9393015746794806,5.652674674987793,0.012697204947471619,0.0022462295599028153,0.0
33,octanol_dipole,141,0.06062179431319237,0.01829380728304386,0.5904986510218777,0.9588531230740296,3.4074692726135254,0.018743762746453285,0.005500787020179595,0.04
33,octanol_dipole,142,0.2898695766925812,0.0236838236451149,0.5940841139137492,0.9072358071937736,4.577793121337891,0.6110941767692566,0.1334909989533691,0.08
33,octanol_dipole,143,0.07281818985939026,0.02311667427420616,0.5921182730782575,0.9648136260095344,4.396984577178955,0.011806711554527283,0.0026851837542951553,0.04
33,octanol_dipole,144,0.10995692759752274,0.03596363961696625,0.5833390642457013,0.9178332762192083,6.750937461853027,0.20127573609352112,0.02981448683695465,0.06
33,octanol_dipole,145,0.32595404982566833,0.027309011667966843,0.5897137762014699,0.8914835566271111,5.237947463989258,0.6825459599494934,0.130307904888695,0.14
33,octanol_dipole,146,0.09980984777212143,0.027104010805487633,0.58888268962207,0.9403919490857551,5.1176838874816895,0.06195983290672302,0.012107006659454347,0.04
33,octanol_dipole,147,0.05351150035858154,0.031653065234422684,0.5831029870229723,0.9580167697816644,5.8959550857543945,0.00611772621050477,0.0010376141136634862,0.02
33,octanol_dipole,148,0.10253459960222244,0.03473872318863869,0.5808630542505491,0.9526778328312999,6.426733016967773,0.02192283794283867,0.0034111947524439385,0.0
33,octanol_dipole,149,0.22034357488155365,0.032265227288007736,0.5828670599101486,0.8747876265701979,6.044559478759766,0.47015830874443054,0.07778206342356954,0.02
33,octanol_dipole,150,0.10789597034454346,0.020983412861824036,0.5912266733195994,0.9631545661615593,3.95396089553833,0.019688833504915237,0.004979521554482802,0.04
33,octanol_dipole,151,0.09407447278499603,0.027326708659529686,0.5829244454992648,0.9530919843301637,5.161200046539307,0.05410420522093773,0.01048287311731227,0.02
33,octanol_dipole,152,0.03280459716916084,0.016327520832419395,0.5934839971165609,0.9577737176809094,3.029350996017456,0.009545642882585526,0.0031510521214394532,0.04
33,octanol_dipole,153,0.07269477844238281,0.015687312930822372,0.5931411320019946,0.967889292670473,2.9412901401519775,0.01105167530477047,0.003757424387993027,0.06
33,octanol_dipole,154,0.12423426657915115,0.04252684488892555,0.5857966074160927,0.9311067877568306,8.0308256149292,0.1855808049440384,0.023108558676588134,0.04
33,octanol_dipole,155,0.1098337173461914,0.021482208743691444,0.5918192218540506,0.943901148218304,4.052096366882324,0.033647194504737854,0.008303651112479821,0.04
33,octanol_dipole,156,0.26186901330947876,0.024907026439905167,0.5902580355471732,0.8951836814037737,4.758660793304443,0.40415477752685547,0.08493036067952385,0.1
33,octanol_dipole,157,0.09517798572778702,0.034298334270715714,0.5836959421913528,0.9701572789103257,6.354618072509766,0.008526855148375034,0.0013418359767776477,0.0
33,octanol_dipole,158,0.1740158349275589,0.030405111610889435,0.5810111276957897,0.9187099549201196,5.683170795440674,0.3420946002006531,0.0601943197756961,0.02
33,octanol_dipole,159,0.11491022258996964,0.030586352571845055,0.5895611784349686,0.9549667198466534,5.897253513336182,0.005116294138133526,0.0008675723583128016,0.0
33,octanol_dipole,160,0.05625051259994507,0.03213347867131233,0.5832273743437864,0.9606227755660657,5.911551475524902,0.0050893728621304035,0.0008609199942183545,0.0
33,octanol_dipole,161,0.08546122908592224,0.02223428152501583,0.5932788372919695,0.958865316609081,4.220551490783691,0.009964843280613422,0.0023610287192025476,0.06
33,octanol_dipole,162,0.08586153388023376,0.03507744148373604,0.5847104783482511,0.9731120711360475,6.5221076011657715,0.004845779854804277,0.0007429776003600639,0.0
33,octanol_dipole,163,0.2503003180027008,0.02437833696603775,0.5923110873708592,0.8957529675944824,4.643126964569092,0.47095540165901184,0.10143065336201056,0.04
33,octanol_dipole,164,0.2874670624732971,0.012731588445603848,0.5983018560506284,0.9183270695692851,2.341914415359497,0.39171722531318665,0.1672636808348335,0.1
33,octanol_dipole,165,0.13693168759346008,0.014101811684668064,0.5926505609797403,0.9280539639170862,2.633526563644409,0.12063048779964447,0.04580568484287845,0.08
33,octanol_dipole,166,0.19045200943946838,0.03114916943013668,0.5853746085714127,0.9005199856614214,5.823670387268066,0.2545397877693176,0.043707794370677705,0.02
33,octanol_dipole,167,0.0797758549451828,0.02233467623591423,0.5929621853442306,0.9563540981612644,4.201108455657959,0.007824795320630074,0.0018625549431107436,0.02
33,octanol_dipole,168,0.1707795262336731,0.025154929608106613,0.5937691093458461,0.9421748598049691,4.788791179656982,0.18527667224407196,0.03868965367108432,0.04
33,octanol_dipole,169,0.10449767857789993,0.027902210131287575,0.5856919087634913,0.9671275572481761,5.21186637878418,0.003500796854496002,0.0006716973537055003,0.02
33,octanol_dipole,170,0.07469413429498672,0.016827447339892387,0.5904822473109848,0.9582664272348325,3.1121532917022705,0.0049386220052838326,0.001586882631537256,0.06
33,octanol_dipole,171,0.1355143040418625,0.024749713018536568,0.5933043582319946,0.9578976446343064,4.724944114685059,0.017526892945170403,0.0037094392059997218,0.06
33,octanol_dipole,172,0.22409223020076752,0.0267985537648201,0.5866385241260312,0.8922741439182544,5.000485420227051,0.517638087272644,0.1035175675503,0.04
33,octanol_dipole,173,0.15335974097251892,0.029045114293694496,0.585381279469471,0.9285125633828051,5.428162097930908,0.12753178179264069,0.023494468199697444,0.04
33,octanol_dipole,174,0.06705600768327713,0.03731062635779381,0.584455016590655,0.9651873447126955,6.955509185791016,0.009197274222970009,0.0013223006364161747,0.0
33,octanol_dipole,175,0.12544018030166626,0.03712856024503708,0.5896423665736787,0.9611182126127473,6.912647247314453,0.0065972693264484406,0.0009543766795002398,0.08
33,octanol_dipole,176,0.14279788732528687,0.035533107817173004,0.5844083623202649,0.9086903348750899,6.6131086349487305,0.13335444033145905,0.02016516704817339,0.0
33,octanol_dipole,177,0.08021033555269241,0.03567647561430931,0.5821214613885004,0.9538042603870098,6.573268890380859,0.006436473224312067,0.0009791890962700498,0.0
33,octanol_dipole,178,0.049494240432977676,0.012110420502722263,0.5912213409089084,0.9556721733142113,2.2405028343200684,0.007531524170190096,0.0033615329803747865,0.04
33,octanol_dipole,179,0.2922234833240509,0.02026246301829815,0.5928004052240974,0.9008144949363857,3.884505033493042,0.47285062074661255,0.12172738010881497,0.08
33,octanol_dipole,180,0.3874734938144684,0.019094595685601234,0.5961911934463435,0.8772305323440976,3.6955838203430176,0.7840775847434998,0.2121660941438809,0.16
33,octanol_dipole,181,0.19546401500701904,0.03467000648379326,0.5876218169666396,0.9392929948311386,6.593419075012207,0.11616653203964233,0.017618557339983316,0.1
33,octanol_dipole,182,0.2938530445098877,0.02005971595644951,0.5941306264778015,0.9069665084009013,3.859090805053711,0.43150055408477783,0.11181404529784632,0.12
33,octanol_dipole,183,0.07522036880254745,0.018053019419312477,0.5928755381106796,0.9672887692920853,3.38881254196167,0.007819904014468193,0.0023075646462112987,0.06
33,octanol_dipole,184,0.04818158596754074,0.04221990704536438,0.5842182053949052,0.961602604535817,8.060693740844727,0.008465386927127838,0.0010502057514271347,0.0
33,octanol_dipole,185,0.15289734303951263,0.03199976682662964,0.5774947477971271,0.9097074577223578,5.8075666427612305,0.25624021887779236,0.04412178708223345,0.02
33,octanol_dipole,186,0.14267869293689728,0.032593075186014175,0.5911886015413879,0.931618603892723,6.09680700302124,0.0898570641875267,0.014738380949732953,0.02
33,octanol_dipole,187,0.04667997732758522,0.05160452425479889,0.5771033630833056,0.973872140602752,9.4075288772583,0.007337572518736124,0.0007799681100606477,0.02
33,octanol_dipole,188,0.06774969398975372,0.03448288142681122,0.5831374347154965,0.9479062596753625,6.3571062088012695,0.012622262351214886,0.0019855358612287538,0.0
33,octanol_dipole,189,0.0742264837026596,0.027705708518624306,0.5882456079328655,0.9615937252375313,5.317634582519531,0.0052820835262537,0.0009933144980697438,0.0
33,octanol_dipole,190,0.14776447415351868,0.01901937462389469,0.5931046101826691,0.9564017553036128,3.634364604949951,0.09030664712190628,0.02484798773323677,0.04
33,octanol_dipole,191,0.054994434118270874,0.023602280765771866,0.5899636589129136,0.9635346292648497,4.427392959594727,0.007936937734484673,0.001792688791557188,0.02
33,octanol_dipole,192,0.06066209822893143,0.024237334728240967,0.5895598124954902,0.9611377664227161,4.528750419616699,0.008860751055181026,0.0019565553925868532,0.04
33,octanol_dipole,193,0.036702960729599,0.02027040347456932,0.5933500034755677,0.9678704109269776,3.8247568607330322,0.012637610547244549,0.0033041605015442714,0.06
33,octanol_dipole,194,0.09217341244220734,0.024252688512206078,0.5899521172971469,0.9410925962221266,4.562658786773682,0.01685604639351368,0.00369434734904488,0.08
33,octanol_dipole,195,0.18994243443012238,0.030330747365951538,0.5874755991466747,0.90086383041376,5.658654689788818,0.5554080605506897,0.09815196208260193,0.04
33,octanol_dipole,196,0.2914247214794159,0.03141035884618759,0.5828519334316051,0.8908482735173102,5.954903602600098,0.600460946559906,0.10083470474613995,0.16
33,octanol_dipole,197,0.10296756774187088,0.00889385212212801,0.5956672769004894,0.9437383572028624,1.590269923210144,0.07597070187330246,0.047772205689425855,0.02
33,octanol_dipole,198,0.09103763848543167,0.02018233947455883,0.589326077545113,0.9476484267861889,3.7387168407440186,0.10706442594528198,0.02863667683481902,0.02
33,octanol_dipole,199,0.07527416199445724,0.036333438009023666,0.5874476629866472,0.9577190196526528,7.048682689666748,0.006622922606766224,0.0009395972124657163,0.0
33,octanol_dipole,200,0.031248293817043304,0.03226854279637337,0.5783352462635589,0.95505114882634,5.890990734100342,0.0035927132703363895,0.0006098657140198439,0.0
33,octanol_dipole,201,0.08425556868314743,0.01863347366452217,0.593283591037286,0.9595027165364376,3.518202304840088,0.016818059608340263,0.004780299184388344,0.06
33,octanol_dipole,202,0.05788855254650116,0.019467033445835114,0.5898779415273865,0.9483318373512013,3.723222017288208,0.01861472800374031,0.004999628793906377,0.04
33,octanol_dipole,203,0.0787661001086235,0.03325783088803291,0.5836867337907115,0.9598178171289118,6.2718825340271,0.008804306387901306,0.001403774120470998,0.0
33,octanol_dipole,204,0.04670919477939606,0.03702576830983162,0.5888504260788439,0.9662999371998624,6.851018905639648,0.006650220137089491,0.0009706906707869594,0.02
33,octanol_dipole,205,0.17226122319698334,0.02421652153134346,0.5900582322013628,0.9101187622171021,4.621069431304932,0.18616394698619843,0.04028590129484985,0.06
33,octanol_dipole,206,0.17360207438468933,0.03135382756590843,0.5877355389054675,0.913227441868383,5.980376720428467,0.19877763092517853,0.033238312604316506,0.04
33,octanol_dipole,207,0.11175783723592758,0.024256635457277298,0.5905923301308584,0.9626210825917532,4.643545627593994,0.014711152762174606,0.0031680861871485563,0.02
33,octanol_dipole,208,0.3476406931877136,0.027063222602009773,0.5894701969845038,0.8866924295941694,5.204441547393799,0.8557654619216919,0.16442983442675596,0.12
33,octanol_dipole,209,0.06611593812704086,0.03530260920524597,0.5844901395034936,0.9670527120064176,6.563841342926025,0.005644930526614189,0.0008600041091331125,0.0
33,octanol_dipole,210,0.07562999427318573,0.02366238832473755,0.5909930498839986,0.9602827109275269,4.4718217849731445,0.009163889102637768,0.0020492518582541862,0.06
33,octanol_dipole,211,0.05060518532991409,0.03789406269788742,0.5835585201851115,0.9650306486180504,7.014303684234619,0.006670676171779633,0.0009510104597798745,0.0
33,octanol_dipole,212,0.13564859330654144,0.03557692840695381,0.5820652645261306,0.9274538618752788,6.553900718688965,0.15515418350696564,0.023673563297126433,0.02
33,octanol_dipole,213,0.34820035099983215,0.02268238551914692,0.594812901651768,0.8983495958328878,4.420384883880615,0.5197272896766663,0.11757512147231905,0.16
33,octanol_dipole,214,0.15774637460708618,0.03293860703706741,0.5802805853770712,0.9243545730346658,6.123734951019287,0.10958204418420792,0.01789464192371163,0.04
33,octanol_dipole,215,0.31872111558914185,0.030111413449048996,0.5872589231133609,0.9051206124222384,5.82519006729126,0.4950264096260071,0.08498030174253124,0.1
33,octanol_dipole,216,0.1316915601491928,0.03520328179001808,0.5804402456342219,0.9232267453173932,6.49838399887085,0.21804481744766235,0.033553698501896705,0.02
33,octanol_dipole,217,0.05058859661221504,0.025144947692751884,0.583121429971023,0.9655761166597565,4.741992950439453,0.012595589272677898,0.0026561805140411757,0.0
33,octanol_dipole,218,0.28676819801330566,0.02147637866437435,0.5944369712788113,0.9119330698381538,4.140649795532227,0.49978506565093994,0.12070208550122001,0.1
33,octanol_dipole,219,0.06076546013355255,0.027328386902809143,0.5821025401251485,0.9700650854531401,5.017145156860352,0.0024752302560955286,0.0004933543237653677,0.0
33,octanol_dipole,220,0.07275409251451492,0.026767361909151077,0.5919537459194593,0.9799683267002348,5.011882781982422,0.01197565533220768,0.0023894523980608298,0.04
33,octanol_dipole,221,0.07550836354494095,0.029932571575045586,0.5887796611783067,0.9596380105605784,5.5623250007629395,0.010361663065850735,0.0018628294938590442,0.0
33,octanol_dipole,222,0.054029639810323715,0.015017069876194,0.5929944212637563,0.962814742819748,2.801961898803711,0.008097511716187,0.0028899435497835315,0.06
33,octanol_dipole,223,0.15554937720298767,0.03853641822934151,0.5894106241531698,0.8999715008061662,7.209376811981201,0.32169467210769653,0.04462170316483873,0.02
33,octanol_dipole,224,0.08025487512350082,0.030766906216740608,0.5959452823211582,0.9496384997908378,6.116692543029785,0.03719469532370567,0.006080850894833763,0.02
33,octanol_dipole,225,0.08814404159784317,0.035057488828897476,0.5800911776521422,0.9488265130176508,6.412369251251221,0.029826024547219276,0.004651326737211747,0.04
33,octanol_dipole,226,0.12801358103752136,0.028066305443644524,0.5862081328687654,0.9434420962530077,5.245969295501709,0.06297420710325241,0.012004303410096446,0.02
33,octanol_dipole,227,0.08665430545806885,0.021977704018354416,0.5924324191258534,0.9666002151224631,4.177775859832764,0.020544622093439102,0.004917597971438684,0.04
33,octanol_dipole,228,0.0907314196228981,0.02177320420742035,0.5917523180248556,0.9699991083565054,4.13792610168457,0.014011386781930923,0.0033860891754994896,0.04
33,octanol_dipole,229,0.35128283500671387,0.019723912701010704,0.5943772548581843,0.8831457418060586,3.7748970985412598,0.7115629315376282,0.1884986300189742,0.16
33,octanol_dipole,230,0.08291816711425781,0.023836908861994743,0.5913475218122433,0.9650900775316376,4.514718532562256,0.011522150598466396,0.0025521304407712846,0.04
33,octanol_dipole,231,0.031090985983610153,0.017665524035692215,0.5917020655337704,0.9695578885288547,3.3279178142547607,0.008877555839717388,0.002667600684635714,0.04
33,octanol_dipole,232,0.08660535514354706,0.03211356699466705,0.582894877180347,0.9697943591283065,5.994233131408691,0.00527224550023675,0.0008795529610970822,0.0
33,octanol_dipole,233,0.10678601264953613,0.0285763181746006,0.5927057640255935,0.9640976830024102,5.371510982513428,0.0059152524918317795,0.0011012269194065625,0.06
33,octanol_dipole,234,0.17045068740844727,0.024240924045443535,0.5916772625976003,0.9380598815754406,4.624251842498779,0.1840086430311203,0.039792089466236476,0.04
33,octanol_dipole,235,0.06040044128894806,0.02005070261657238,0.5911912185099177,0.9698752942810243,3.7618215084075928,0.01478947326540947,0.0039314659752875845,0.08
33,octanol_dipole,236,0.060196831822395325,0.03427238017320633,0.5861666336366114,0.965187811587757,6.3930559158325195,0.006239026784896851,0.0009759068068598911,0.02
33,octanol_dipole,237,0.11655040830373764,0.03828417509794235,0.5828965504505985,0.945602366602498,7.084822177886963,0.014421459287405014,0.0020355428725391373,0.0
33,octanol_dipole,238,0.08031906932592392,0.028050709515810013,0.586875092858524,0.95946640819932,5.222933769226074,0.006552525330334902,0.0012545679535403804,0.0
33,octanol_dipole,239,0.0773048922419548,0.04272071644663811,0.5778423759007021,0.9556033103011712,7.822913646697998,0.014777401462197304,0.001888989464741791,0.0
33,octanol_dipole,240,0.07191359996795654,0.030623799189925194,0.5882862192349052,0.9719578673371869,5.748081207275391,0.009839864447712898,0.0017118520238124865,0.0
33,octanol_dipole,241,0.0988035500049591,0.016794344410300255,0.5921989859478773,0.9624146188138389,3.149723768234253,0.009295497089624405,0.0029512102563951175,0.0
33,octanol_dipole,242,0.10099673271179199,0.024158600717782974,0.591317413219165,0.9680853457846812,4.559197902679443,0.004515727050602436,0.000990465241254068,0.04
33,octanol_dipole,243,0.1076512560248375,0.03153631091117859,0.5851406338368064,0.9504191962158681,5.863935947418213,0.023252081125974655,0.003965268607037247,0.04
33,octanol_dipole,244,0.2360665500164032,0.03521009162068367,0.5838652990355537,0.8894577630050198,6.605160713195801,0.5132980346679688,0.07771166470522074,0.06
33,octanol_dipole,245,0.1991821527481079,0.028584325686097145,0.5857749333330342,0.900388406189639,5.373958110809326,0.5207285284996033,0.09689850902488348,0.06
33,octanol_dipole,246,0.44905412197113037,0.018826810643076897,0.6017831259340625,0.8907412314789009,3.660607099533081,0.9795904755592346,0.2676032824402771,0.26
33,octanol_dipole,247,0.08796682953834534,0.028254898265004158,0.5858035282043268,0.9576259245307006,5.246121883392334,0.017110323533415794,0.0032615184918943657,0.0
33,octanol_dipole,248,0.07462982833385468,0.025244489312171936,0.5906077275396906,0.9728207515166885,4.7457051277160645,0.008812391199171543,0.0018569192484600549,0.04
33,octanol_dipole,249,0.2346494346857071,0.0268044825643301,0.5896753433297919,0.9050822969350085,5.075746536254883,0.28919342160224915,0.05697554429414618,0.1
33,hexane_gsolv_eV,0,1.0,0.0,0.6474889782143405,0.6474889782143405,,,,1.0
33,hexane_gsolv_eV,1,1.0,0.0,0.6474889782143405,0.6474889782143405,,,,1.0
33,hexane_gsolv_eV,2,1.0,0.0,0.6474889782143405,0.6474889782143405,,,,1.0
33,hexane_gsolv_eV,3,1.0,0.0,0.6474889782143405,0.6474889782143405,,,,1.0
33,hexane_gsolv_eV,4,1.0,0.0,0.6474889782143405,0.6474889782143405,,,,1.0
33,hexane_gsolv_eV,5,1.0,0.0,0.6474889782143405,0.6474889782143405,,,,1.0
33,hexane_gsolv_eV,6,1.0,0.0,0.6474889782143405,0.6474889782143405,,,,1.0
33,hexane_gsolv_eV,7,1.0,0.0,0.6474889782143405,0.6474889782143405,,,,1.0
33,hexane_gsolv_eV,8,1.0,0.0,0.6474889782143405,0.6474889782143405,,,,1.0
33,hexane_gsolv_eV,9,1.0,0.0,0.6474889782143405,0.6474889782143405,,,,1.0
33,hexane_gsolv_eV,10,1.0,0.0,0.6474889782143405,0.6474889782143405,,,,1.0
33,hexane_gsolv_eV,11,1.0,0.0,0.6474889782143405,0.6474889782143405,,,,1.0
33,hexane_gsolv_eV,12,1.0,0.0,0.6474889782143405,0.6474889782143405,,,,1.0
33,hexane_gsolv_eV,13,1.0,0.0,0.6474889782143405,0.6474889782143405,,,,1.0
33,hexane_gsolv_eV,14,1.0,0.0,0.6474889782143405,0.6474889782143405,,,,1.0
33,hexane_gsolv_eV,15,1.0,0.0,0.6474889782143405,0.6474889782143405,,,,1.0
33,hexane_gsolv_eV,16,1.0,0.0,0.6474889782143405,0.6474889782143405,,,,1.0
33,hexane_gsolv_eV,17,1.0,0.0,0.6474889782143405,0.6474889782143405,,,,1.0
33,hexane_gsolv_eV,18,1.0,0.0,0.6474889782143405,0.6474889782143405,,,,1.0
33,hexane_gsolv_eV,19,1.0,0.0,0.6474889782143405,0.6474889782143405,,,,1.0
33,hexane_gsolv_eV,20,1.0,0.0,0.6474889782143405,0.6474889782143405,,,,1.0
33,hexane_gsolv_eV,21,1.0,0.0,0.6474889782143405,0.6474889782143405,,,,1.0
33,hexane_gsolv_eV,22,1.0,0.0,0.6474889782143405,0.6474889782143405,,,,1.0
33,hexane_gsolv_eV,23,1.0,0.0,0.6474889782143405,0.6474889782143405,,,,1.0
33,hexane_gsolv_eV,24,1.0,0.0,0.6474889782143405,0.6474889782143405,,,,1.0
33,hexane_gsolv_eV,25,1.0,0.0,0.6474889782143405,0.6474889782143405,,,,1.0
33,hexane_gsolv_eV,26,1.0,0.0,0.6474889782143405,0.6474889782143405,,,,1.0
33,hexane_gsolv_eV,27,1.0,0.0,0.6474889782143405,0.6474889782143405,,,,1.0
33,hexane_gsolv_eV,28,1.0,0.0,0.6474889782143405,0.6474889782143405,,,,1.0
33,hexane_gsolv_eV,29,1.0,0.0,0.6474889782143405,0.6474889782143405,,,,1.0
33,hexane_gsolv_eV,30,1.0,0.0,0.6474889782143405,0.6474889782143405,,,,1.0
33,hexane_gsolv_eV,31,1.0,0.0,0.6474889782143405,0.6474889782143405,,,,1.0
33,hexane_gsolv_eV,32,1.0,0.0,0.6474889782143405,0.6474889782143405,,,,1.0
33,hexane_gsolv_eV,33,1.0,0.0,0.6474889782143405,0.6474889782143405,,,,1.0
33,hexane_gsolv_eV,34,1.0,0.0,0.6474889782143405,0.6474889782143405,,,,1.0
33,hexane_gsolv_eV,35,1.0,0.0,0.6474889782143405,0.6474889782143405,,,,1.0
33,hexane_gsolv_eV,36,1.0,0.0,0.6474889782143405,0.6474889782143405,,,,1.0
33,hexane_gsolv_eV,37,1.0,0.0,0.6474889782143405,0.6474889782143405,,,,1.0
33,hexane_gsolv_eV,38,1.0,0.0,0.6474889782143405,0.6474889782143405,,,,1.0
33,hexane_gsolv_eV,39,1.0,0.0,0.6474889782143405,0.6474889782143405,,,,1.0
33,hexane_gsolv_eV,40,1.0,0.0,0.6474889782143405,0.6474889782143405,,,,1.0
33,hexane_gsolv_eV,41,1.0,0.0,0.6474889782143405,0.6474889782143405,,,,1.0
33,hexane_gsolv_eV,42,1.0,0.0,0.6474889782143405,0.6474889782143405,,,,1.0
33,hexane_gsolv_eV,43,1.0,0.0,0.6474889782143405,0.6474889782143405,,,,1.0
33,hexane_gsolv_eV,44,1.0,0.0,0.6474889782143405,0.6474889782143405,,,,1.0
33,hexane_gsolv_eV,45,1.0,0.0,0.6474889782143405,0.6474889782143405,,,,1.0
33,hexane_gsolv_eV,46,1.0,0.0,0.6474889782143405,0.6474889782143405,,,,1.0
33,hexane_gsolv_eV,47,1.0,0.0,0.6474889782143405,0.6474889782143405,,,,1.0
33,hexane_gsolv_eV,48,1.0,0.0,0.6474889782143405,0.6474889782143405,,,,1.0
33,hexane_gsolv_eV,49,1.0,0.0,0.6474889782143405,0.6474889782143405,,,,1.0
33,hexane_gsolv_eV,50,1.0,0.0,0.6474889782143405,0.6474889782143405,,,,1.0
33,hexane_gsolv_eV,51,1.0,0.0,0.6474889782143405,0.6474889782143405,,,,1.0
33,hexane_gsolv_eV,52,1.0,0.0,0.6474889782143405,0.6474889782143405,,,,1.0
33,hexane_gsolv_eV,53,1.0,0.0,0.6474889782143405,0.6474889782143405,,,,1.0
33,hexane_gsolv_eV,54,1.0,0.0,0.6474889782143405,0.6474889782143405,,,,1.0
33,hexane_gsolv_eV,55,1.0,0.0,0.6474889782143405,0.6474889782143405,,,,1.0
33,hexane_gsolv_eV,56,1.0,0.0,0.6474889782143405,0.6474889782143405,,,,1.0
33,hexane_gsolv_eV,57,1.0,0.0,0.6474889782143405,0.6474889782143405,,,,1.0
33,hexane_gsolv_eV,58,1.0,0.0,0.6474889782143405,0.6474889782143405,,,,1.0
33,hexane_gsolv_eV,59,1.0,0.0,0.6474889782143405,0.6474889782143405,,,,1.0
33,hexane_gsolv_eV,60,1.0,0.0,0.6474889782143405,0.6474889782143405,,,,1.0
33,hexane_gsolv_eV,61,1.0,0.0,0.6474889782143405,0.6474889782143405,,,,1.0
33,hexane_gsolv_eV,62,1.0,0.0,0.6474889782143405,0.6474889782143405,,,,1.0
33,hexane_gsolv_eV,63,1.0,0.0,0.6474889782143405,0.6474889782143405,,,,1.0
33,hexane_gsolv_eV,64,1.0,0.0,0.6474889782143405,0.6474889782143405,,,,1.0
33,hexane_gsolv_eV,65,1.0,0.0,0.6474889782143405,0.6474889782143405,,,,1.0
33,hexane_gsolv_eV,66,1.0,0.0,0.6474889782143405,0.6474889782143405,,,,1.0
33,hexane_gsolv_eV,67,1.0,0.0,0.6474889782143405,0.6474889782143405,,,,1.0
33,hexane_gsolv_eV,68,1.0,0.0,0.6474889782143405,0.6474889782143405,,,,1.0
33,hexane_gsolv_eV,69,1.0,0.0,0.6474889782143405,0.6474889782143405,,,,1.0
33,hexane_gsolv_eV,70,1.0,0.0,0.6474889782143405,0.6474889782143405,,,,1.0
33,hexane_gsolv_eV,71,1.0,0.0,0.6474889782143405,0.6474889782143405,,,,1.0
33,hexane_gsolv_eV,72,1.0,0.0,0.6474889782143405,0.6474889782143405,,,,1.0
33,hexane_gsolv_eV,73,1.0,0.0,0.6474889782143405,0.6474889782143405,,,,1.0
33,hexane_gsolv_eV,74,1.0,0.0,0.6474889782143405,0.6474889782143405,,,,1.0
33,hexane_gsolv_eV,75,1.0,0.0,0.6474889782143405,0.6474889782143405,,,,1.0
33,hexane_gsolv_eV,76,1.0,0.0,0.6474889782143405,0.6474889782143405,,,,1.0
33,hexane_gsolv_eV,77,1.0,0.0,0.6474889782143405,0.6474889782143405,,,,1.0
33,hexane_gsolv_eV,78,1.0,0.0,0.6474889782143405,0.6474889782143405,,,,1.0
33,hexane_gsolv_eV,79,1.0,0.0,0.6474889782143405,0.6474889782143405,,,,1.0
33,hexane_gsolv_eV,80,1.0,0.0,0.6474889782143405,0.6474889782143405,,,,1.0
33,hexane_gsolv_eV,81,1.0,0.0,0.6474889782143405,0.6474889782143405,,,,1.0
33,hexane_gsolv_eV,82,1.0,0.0,0.6474889782143405,0.6474889782143405,,,,1.0
33,hexane_gsolv_eV,83,1.0,0.0,0.6474889782143405,0.6474889782143405,,,,1.0
33,hexane_gsolv_eV,84,1.0,0.0,0.6474889782143405,0.6474889782143405,,,,1.0
33,hexane_gsolv_eV,85,1.0,0.0,0.6474889782143405,0.6474889782143405,,,,1.0
33,hexane_gsolv_eV,86,1.0,0.0,0.6474889782143405,0.6474889782143405,,,,1.0
33,hexane_gsolv_eV,87,1.0,0.0,0.6474889782143405,0.6474889782143405,,,,1.0
33,hexane_gsolv_eV,88,1.0,0.0,0.6474889782143405,0.6474889782143405,,,,1.0
33,hexane_gsolv_eV,89,1.0,0.0,0.6474889782143405,0.6474889782143405,,,,1.0
33,hexane_gsolv_eV,90,1.0,0.0,0.6474889782143405,0.6474889782143405,,,,1.0
33,hexane_gsolv_eV,91,1.0,0.0,0.6474889782143405,0.6474889782143405,,,,1.0
33,hexane_gsolv_eV,92,1.0,0.0,0.6474889782143405,0.6474889782143405,,,,1.0
33,hexane_gsolv_eV,93,1.0,0.0,0.6474889782143405,0.6474889782143405,,,,1.0
33,hexane_gsolv_eV,94,1.0,0.0,0.6474889782143405,0.6474889782143405,,,,1.0
33,hexane_gsolv_eV,95,1.0,0.0,0.6474889782143405,0.6474889782143405,,,,1.0
33,hexane_gsolv_eV,96,1.0,0.0,0.6474889782143405,0.6474889782143405,,,,1.0
33,hexane_gsolv_eV,97,1.0,0.0,0.6474889782143405,0.6474889782143405,,,,1.0
33,hexane_gsolv_eV,98,1.0,0.0,0.6474889782143405,0.6474889782143405,,,,1.0
33,hexane_gsolv_eV,99,1.0,0.0,0.6474889782143405,0.6474889782143405,,,,1.0
33,hexane_gsolv_eV,100,1.0,0.0,0.6474889782143405,0.6474889782143405,,,,1.0
33,hexane_gsolv_eV,101,1.0,0.0,0.6474889782143405,0.6474889782143405,,,,1.0
33,hexane_gsolv_eV,102,1.0,0.0,0.6474889782143405,0.6474889782143405,,,,1.0
33,hexane_gsolv_eV,103,1.0,0.0,0.6474889782143405,0.6474889782143405,,,,1.0
33,hexane_gsolv_eV,104,1.0,0.0,0.6474889782143405,0.6474889782143405,,,,1.0
33,hexane_gsolv_eV,105,1.0,0.0,0.6474889782143405,0.6474889782143405,,,,1.0
33,hexane_gsolv_eV,106,1.0,0.0,0.6474889782143405,0.6474889782143405,,,,1.0
33,hexane_gsolv_eV,107,1.0,0.0,0.6474889782143405,0.6474889782143405,,,,1.0
33,hexane_gsolv_eV,108,1.0,0.0,0.6474889782143405,0.6474889782143405,,,,1.0
33,hexane_gsolv_eV,109,1.0,0.0,0.6474889782143405,0.6474889782143405,,,,1.0
33,hexane_gsolv_eV,110,1.0,0.0,0.6474889782143405,0.6474889782143405,,,,1.0
33,hexane_gsolv_eV,111,1.0,0.0,0.6474889782143405,0.6474889782143405,,,,1.0
33,hexane_gsolv_eV,112,1.0,0.0,0.6474889782143405,0.6474889782143405,,,,1.0
33,hexane_gsolv_eV,113,1.0,0.0,0.6474889782143405,0.6474889782143405,,,,1.0
33,hexane_gsolv_eV,114,1.0,0.0,0.6474889782143405,0.6474889782143405,,,,1.0
33,hexane_gsolv_eV,115,1.0,0.0,0.6474889782143405,0.6474889782143405,,,,1.0
33,hexane_gsolv_eV,116,1.0,0.0,0.6474889782143405,0.6474889782143405,,,,1.0
33,hexane_gsolv_eV,117,1.0,0.0,0.6474889782143405,0.6474889782143405,,,,1.0
33,hexane_gsolv_eV,118,1.0,0.0,0.6474889782143405,0.6474889782143405,,,,1.0
33,hexane_gsolv_eV,119,1.0,0.0,0.6474889782143405,0.6474889782143405,,,,1.0
33,hexane_gsolv_eV,120,1.0,0.0,0.6474889782143405,0.6474889782143405,,,,1.0
33,hexane_gsolv_eV,121,1.0,0.0,0.6474889782143405,0.6474889782143405,,,,1.0
33,hexane_gsolv_eV,122,1.0,0.0,0.6474889782143405,0.6474889782143405,,,,1.0
33,hexane_gsolv_eV,123,1.0,0.0,0.6474889782143405,0.6474889782143405,,,,1.0
33,hexane_gsolv_eV,124,1.0,0.0,0.6474889782143405,0.6474889782143405,,,,1.0
33,hexane_gsolv_eV,125,1.0,0.0,0.6474889782143405,0.6474889782143405,,,,1.0
33,hexane_gsolv_eV,126,1.0,0.0,0.6474889782143405,0.6474889782143405,,,,1.0
33,hexane_gsolv_eV,127,1.0,0.0,0.6474889782143405,0.6474889782143405,,,,1.0
33,hexane_gsolv_eV,128,1.0,0.0,0.6474889782143405,0.6474889782143405,,,,1.0
33,hexane_gsolv_eV,129,1.0,0.0,0.6474889782143405,0.6474889782143405,,,,1.0
33,hexane_gsolv_eV,130,1.0,0.0,0.6474889782143405,0.6474889782143405,,,,1.0
33,hexane_gsolv_eV,131,1.0,0.0,0.6474889782143405,0.6474889782143405,,,,1.0
33,hexane_gsolv_eV,132,1.0,0.0,0.6474889782143405,0.6474889782143405,,,,1.0
33,hexane_gsolv_eV,133,1.0,0.0,0.6474889782143405,0.6474889782143405,,,,1.0
33,hexane_gsolv_eV,134,1.0,0.0,0.6474889782143405,0.6474889782143405,,,,1.0
33,hexane_gsolv_eV,135,1.0,0.0,0.6474889782143405,0.6474889782143405,,,,1.0
33,hexane_gsolv_eV,136,1.0,0.0,0.6474889782143405,0.6474889782143405,,,,1.0
33,hexane_gsolv_eV,137,1.0,0.0,0.6474889782143405,0.6474889782143405,,,,1.0
33,hexane_gsolv_eV,138,1.0,0.0,0.6474889782143405,0.6474889782143405,,,,1.0
33,hexane_gsolv_eV,139,1.0,0.0,0.6474889782143405,0.6474889782143405,,,,1.0
33,hexane_gsolv_eV,140,1.0,0.0,0.6474889782143405,0.6474889782143405,,,,1.0
33,hexane_gsolv_eV,141,1.0,0.0,0.6474889782143405,0.6474889782143405,,,,1.0
33,hexane_gsolv_eV,142,1.0,0.0,0.6474889782143405,0.6474889782143405,,,,1.0
33,hexane_gsolv_eV,143,1.0,0.0,0.6474889782143405,0.6474889782143405,,,,1.0
33,hexane_gsolv_eV,144,1.0,0.0,0.6474889782143405,0.6474889782143405,,,,1.0
33,hexane_gsolv_eV,145,1.0,0.0,0.6474889782143405,0.6474889782143405,,,,1.0
33,hexane_gsolv_eV,146,1.0,0.0,0.6474889782143405,0.6474889782143405,,,,1.0
33,hexane_gsolv_eV,147,1.0,0.0,0.6474889782143405,0.6474889782143405,,,,1.0
33,hexane_gsolv_eV,148,1.0,0.0,0.6474889782143405,0.6474889782143405,,,,1.0
33,hexane_gsolv_eV,149,1.0,0.0,0.6474889782143405,0.6474889782143405,,,,1.0
33,hexane_gsolv_eV,150,1.0,0.0,0.6474889782143405,0.6474889782143405,,,,1.0
33,hexane_gsolv_eV,151,1.0,0.0,0.6474889782143405,0.6474889782143405,,,,1.0
33,hexane_gsolv_eV,152,1.0,0.0,0.6474889782143405,0.6474889782143405,,,,1.0
33,hexane_gsolv_eV,153,1.0,0.0,0.6474889782143405,0.6474889782143405,,,,1.0
33,hexane_gsolv_eV,154,1.0,0.0,0.6474889782143405,0.6474889782143405,,,,1.0
33,hexane_gsolv_eV,155,1.0,0.0,0.6474889782143405,0.6474889782143405,,,,1.0
33,hexane_gsolv_eV,156,1.0,0.0,0.6474889782143405,0.6474889782143405,,,,1.0
33,hexane_gsolv_eV,157,1.0,0.0,0.6474889782143405,0.6474889782143405,,,,1.0
33,hexane_gsolv_eV,158,1.0,0.0,0.6474889782143405,0.6474889782143405,,,,1.0
33,hexane_gsolv_eV,159,1.0,0.0,0.6474889782143405,0.6474889782143405,,,,1.0
33,hexane_gsolv_eV,160,1.0,0.0,0.6474889782143405,0.6474889782143405,,,,1.0
33,hexane_gsolv_eV,161,1.0,0.0,0.6474889782143405,0.6474889782143405,,,,1.0
33,hexane_gsolv_eV,162,1.0,0.0,0.6474889782143405,0.6474889782143405,,,,1.0
33,hexane_gsolv_eV,163,1.0,0.0,0.6474889782143405,0.6474889782143405,,,,1.0
33,hexane_gsolv_eV,164,1.0,0.0,0.6474889782143405,0.6474889782143405,,,,1.0
33,hexane_gsolv_eV,165,1.0,0.0,0.6474889782143405,0.6474889782143405,,,,1.0
33,hexane_gsolv_eV,166,1.0,0.0,0.6474889782143405,0.6474889782143405,,,,1.0
33,hexane_gsolv_eV,167,1.0,0.0,0.6474889782143405,0.6474889782143405,,,,1.0
33,hexane_gsolv_eV,168,1.0,0.0,0.6474889782143405,0.6474889782143405,,,,1.0
33,hexane_gsolv_eV,169,1.0,0.0,0.6474889782143405,0.6474889782143405,,,,1.0
33,hexane_gsolv_eV,170,1.0,0.0,0.6474889782143405,0.6474889782143405,,,,1.0
33,hexane_gsolv_eV,171,1.0,0.0,0.6474889782143405,0.6474889782143405,,,,1.0
33,hexane_gsolv_eV,172,1.0,0.0,0.6474889782143405,0.6474889782143405,,,,1.0
33,hexane_gsolv_eV,173,1.0,0.0,0.6474889782143405,0.6474889782143405,,,,1.0
33,hexane_gsolv_eV,174,1.0,0.0,0.6474889782143405,0.6474889782143405,,,,1.0
33,hexane_gsolv_eV,175,1.0,0.0,0.6474889782143405,0.6474889782143405,,,,1.0
33,hexane_gsolv_eV,176,1.0,0.0,0.6474889782143405,0.6474889782143405,,,,1.0
33,hexane_gsolv_eV,177,1.0,0.0,0.6474889782143405,0.6474889782143405,,,,1.0
33,hexane_gsolv_eV,178,1.0,0.0,0.6474889782143405,0.6474889782143405,,,,1.0
33,hexane_gsolv_eV,179,1.0,0.0,0.6474889782143405,0.6474889782143405,,,,1.0
33,hexane_gsolv_eV,180,1.0,0.0,0.6474889782143405,0.6474889782143405,,,,1.0
33,hexane_gsolv_eV,181,1.0,0.0,0.6474889782143405,0.6474889782143405,,,,1.0
33,hexane_gsolv_eV,182,1.0,0.0,0.6474889782143405,0.6474889782143405,,,,1.0
33,hexane_gsolv_eV,183,1.0,0.0,0.6474889782143405,0.6474889782143405,,,,1.0
33,hexane_gsolv_eV,184,1.0,0.0,0.6474889782143405,0.6474889782143405,,,,1.0
33,hexane_gsolv_eV,185,1.0,0.0,0.6474889782143405,0.6474889782143405,,,,1.0
33,hexane_gsolv_eV,186,1.0,0.0,0.6474889782143405,0.6474889782143405,,,,1.0
33,hexane_gsolv_eV,187,1.0,0.0,0.6474889782143405,0.6474889782143405,,,,1.0
33,hexane_gsolv_eV,188,1.0,0.0,0.6474889782143405,0.6474889782143405,,,,1.0
33,hexane_gsolv_eV,189,1.0,0.0,0.6474889782143405,0.6474889782143405,,,,1.0
33,hexane_gsolv_eV,190,1.0,0.0,0.6474889782143405,0.6474889782143405,,,,1.0
33,hexane_gsolv_eV,191,1.0,0.0,0.6474889782143405,0.6474889782143405,,,,1.0
33,hexane_gsolv_eV,192,1.0,0.0,0.6474889782143405,0.6474889782143405,,,,1.0
33,hexane_gsolv_eV,193,1.0,0.0,0.6474889782143405,0.6474889782143405,,,,1.0
33,hexane_gsolv_eV,194,1.0,0.0,0.6474889782143405,0.6474889782143405,,,,1.0
33,hexane_gsolv_eV,195,1.0,0.0,0.6474889782143405,0.6474889782143405,,,,1.0
33,hexane_gsolv_eV,196,1.0,0.0,0.6474889782143405,0.6474889782143405,,,,1.0
33,hexane_gsolv_eV,197,1.0,0.0,0.6474889782143405,0.6474889782143405,,,,1.0
33,hexane_gsolv_eV,198,1.0,0.0,0.6474889782143405,0.6474889782143405,,,,1.0
33,hexane_gsolv_eV,199,1.0,0.0,0.6474889782143405,0.6474889782143405,,,,1.0
33,hexane_gsolv_eV,200,1.0,0.0,0.6474889782143405,0.6474889782143405,,,,1.0
33,hexane_gsolv_eV,201,1.0,0.0,0.6474889782143405,0.6474889782143405,,,,1.0
33,hexane_gsolv_eV,202,1.0,0.0,0.6474889782143405,0.6474889782143405,,,,1.0
33,hexane_gsolv_eV,203,1.0,0.0,0.6474889782143405,0.6474889782143405,,,,1.0
33,hexane_gsolv_eV,204,1.0,0.0,0.6474889782143405,0.6474889782143405,,,,1.0
33,hexane_gsolv_eV,205,1.0,0.0,0.6474889782143405,0.6474889782143405,,,,1.0
33,hexane_gsolv_eV,206,1.0,0.0,0.6474889782143405,0.6474889782143405,,,,1.0
33,hexane_gsolv_eV,207,1.0,0.0,0.6474889782143405,0.6474889782143405,,,,1.0
33,hexane_gsolv_eV,208,1.0,0.0,0.6474889782143405,0.6474889782143405,,,,1.0
33,hexane_gsolv_eV,209,1.0,0.0,0.6474889782143405,0.6474889782143405,,,,1.0
33,hexane_gsolv_eV,210,1.0,0.0,0.6474889782143405,0.6474889782143405,,,,1.0
33,hexane_gsolv_eV,211,1.0,0.0,0.6474889782143405,0.6474889782143405,,,,1.0
33,hexane_gsolv_eV,212,1.0,0.0,0.6474889782143405,0.6474889782143405,,,,1.0
33,hexane_gsolv_eV,213,1.0,0.0,0.6474889782143405,0.6474889782143405,,,,1.0
33,hexane_gsolv_eV,214,1.0,0.0,0.6474889782143405,0.6474889782143405,,,,1.0
33,hexane_gsolv_eV,215,1.0,0.0,0.6474889782143405,0.6474889782143405,,,,1.0
33,hexane_gsolv_eV,216,1.0,0.0,0.6474889782143405,0.6474889782143405,,,,1.0
33,hexane_gsolv_eV,217,1.0,0.0,0.6474889782143405,0.6474889782143405,,,,1.0
33,hexane_gsolv_eV,218,1.0,0.0,0.6474889782143405,0.6474889782143405,,,,1.0
33,hexane_gsolv_eV,219,1.0,0.0,0.6474889782143405,0.6474889782143405,,,,1.0
33,hexane_gsolv_eV,220,1.0,0.0,0.6474889782143405,0.6474889782143405,,,,1.0
33,hexane_gsolv_eV,221,1.0,0.0,0.6474889782143405,0.6474889782143405,,,,1.0
33,hexane_gsolv_eV,222,1.0,0.0,0.6474889782143405,0.6474889782143405,,,,1.0
33,hexane_gsolv_eV,223,1.0,0.0,0.6474889782143405,0.6474889782143405,,,,1.0
33,hexane_gsolv_eV,224,1.0,0.0,0.6474889782143405,0.6474889782143405,,,,1.0
33,hexane_gsolv_eV,225,1.0,0.0,0.6474889782143405,0.6474889782143405,,,,1.0
33,hexane_gsolv_eV,226,1.0,0.0,0.6474889782143405,0.6474889782143405,,,,1.0
33,hexane_gsolv_eV,227,1.0,0.0,0.6474889782143405,0.6474889782143405,,,,1.0
33,hexane_gsolv_eV,228,1.0,0.0,0.6474889782143405,0.6474889782143405,,,,1.0
33,hexane_gsolv_eV,229,1.0,0.0,0.6474889782143405,0.6474889782143405,,,,1.0
33,hexane_gsolv_eV,230,1.0,0.0,0.6474889782143405,0.6474889782143405,,,,1.0
33,hexane_gsolv_eV,231,1.0,0.0,0.6474889782143405,0.6474889782143405,,,,1.0
33,hexane_gsolv_eV,232,1.0,0.0,0.6474889782143405,0.6474889782143405,,,,1.0
33,hexane_gsolv_eV,233,1.0,0.0,0.6474889782143405,0.6474889782143405,,,,1.0
33,hexane_gsolv_eV,234,1.0,0.0,0.6474889782143405,0.6474889782143405,,,,1.0
33,hexane_gsolv_eV,235,1.0,0.0,0.6474889782143405,0.6474889782143405,,,,1.0
33,hexane_gsolv_eV,236,1.0,0.0,0.6474889782143405,0.6474889782143405,,,,1.0
33,hexane_gsolv_eV,237,1.0,0.0,0.6474889782143405,0.6474889782143405,,,,1.0
33,hexane_gsolv_eV,238,1.0,0.0,0.6474889782143405,0.6474889782143405,,,,1.0
33,hexane_gsolv_eV,239,1.0,0.0,0.6474889782143405,0.6474889782143405,,,,1.0
33,hexane_gsolv_eV,240,1.0,0.0,0.6474889782143405,0.6474889782143405,,,,1.0
33,hexane_gsolv_eV,241,1.0,0.0,0.6474889782143405,0.6474889782143405,,,,1.0
33,hexane_gsolv_eV,242,1.0,0.0,0.6474889782143405,0.6474889782143405,,,,1.0
33,hexane_gsolv_eV,243,1.0,0.0,0.6474889782143405,0.6474889782143405,,,,1.0
33,hexane_gsolv_eV,244,1.0,0.0,0.6474889782143405,0.6474889782143405,,,,1.0
33,hexane_gsolv_eV,245,1.0,0.0,0.6474889782143405,0.6474889782143405,,,,1.0
33,hexane_gsolv_eV,246,1.0,0.0,0.6474889782143405,0.6474889782143405,,,,1.0
33,hexane_gsolv_eV,247,1.0,0.0,0.6474889782143405,0.6474889782143405,,,,1.0
33,hexane_gsolv_eV,248,1.0,0.0,0.6474889782143405,0.6474889782143405,,,,1.0
33,hexane_gsolv_eV,249,1.0,0.0,0.6474889782143405,0.6474889782143405,,,,1.0
33,hexane_hl_gap_eV,0,1.0000001192092896,0.0,0.7065586283933742,0.7065586283933742,,,,1.0
33,hexane_hl_gap_eV,1,1.0000001192092896,0.0,0.7065586283933742,0.7065586283933742,,,,1.0
33,hexane_hl_gap_eV,2,1.0000001192092896,0.0,0.7065586283933742,0.7065586283933742,,,,1.0
33,hexane_hl_gap_eV,3,1.0000001192092896,0.0,0.7065586283933742,0.7065586283933742,,,,1.0
33,hexane_hl_gap_eV,4,1.0000001192092896,0.0,0.7065586283933742,0.7065586283933742,,,,1.0
33,hexane_hl_gap_eV,5,1.0000001192092896,0.0,0.7065586283933742,0.7065586283933742,,,,1.0
33,hexane_hl_gap_eV,6,1.0000001192092896,0.0,0.7065586283933742,0.7065586283933742,,,,1.0
33,hexane_hl_gap_eV,7,1.0000001192092896,0.0,0.7065586283933742,0.7065586283933742,,,,1.0
33,hexane_hl_gap_eV,8,1.0000001192092896,0.0,0.7065586283933742,0.7065586283933742,,,,1.0
33,hexane_hl_gap_eV,9,1.0000001192092896,0.0,0.7065586283933742,0.7065586283933742,,,,1.0
33,hexane_hl_gap_eV,10,1.0000001192092896,0.0,0.7065586283933742,0.7065586283933742,,,,1.0
33,hexane_hl_gap_eV,11,1.0000001192092896,0.0,0.7065586283933742,0.7065586283933742,,,,1.0
33,hexane_hl_gap_eV,12,1.0000001192092896,0.0,0.7065586283933742,0.7065586283933742,,,,1.0
33,hexane_hl_gap_eV,13,1.0000001192092896,0.0,0.7065586283933742,0.7065586283933742,,,,1.0
33,hexane_hl_gap_eV,14,1.0000001192092896,0.0,0.7065586283933742,0.7065586283933742,,,,1.0
33,hexane_hl_gap_eV,15,1.0000001192092896,0.0,0.7065586283933742,0.7065586283933742,,,,1.0
33,hexane_hl_gap_eV,16,1.0000001192092896,0.0,0.7065586283933742,0.7065586283933742,,,,1.0
33,hexane_hl_gap_eV,17,1.0000001192092896,0.0,0.7065586283933742,0.7065586283933742,,,,1.0
33,hexane_hl_gap_eV,18,1.0000001192092896,0.0,0.7065586283933742,0.7065586283933742,,,,1.0
33,hexane_hl_gap_eV,19,1.0000001192092896,0.0,0.7065586283933742,0.7065586283933742,,,,1.0
33,hexane_hl_gap_eV,20,1.0000001192092896,0.0,0.7065586283933742,0.7065586283933742,,,,1.0
33,hexane_hl_gap_eV,21,1.0000001192092896,0.0,0.7065586283933742,0.7065586283933742,,,,1.0
33,hexane_hl_gap_eV,22,1.0000001192092896,0.0,0.7065586283933742,0.7065586283933742,,,,1.0
33,hexane_hl_gap_eV,23,1.0000001192092896,0.0,0.7065586283933742,0.7065586283933742,,,,1.0
33,hexane_hl_gap_eV,24,1.0000001192092896,0.0,0.7065586283933742,0.7065586283933742,,,,1.0
33,hexane_hl_gap_eV,25,1.0000001192092896,0.0,0.7065586283933742,0.7065586283933742,,,,1.0
33,hexane_hl_gap_eV,26,1.0000001192092896,0.0,0.7065586283933742,0.7065586283933742,,,,1.0
33,hexane_hl_gap_eV,27,1.0000001192092896,0.0,0.7065586283933742,0.7065586283933742,,,,1.0
33,hexane_hl_gap_eV,28,1.0000001192092896,0.0,0.7065586283933742,0.7065586283933742,,,,1.0
33,hexane_hl_gap_eV,29,1.0000001192092896,0.0,0.7065586283933742,0.7065586283933742,,,,1.0
33,hexane_hl_gap_eV,30,1.0000001192092896,0.0,0.7065586283933742,0.7065586283933742,,,,1.0
33,hexane_hl_gap_eV,31,1.0000001192092896,0.0,0.7065586283933742,0.7065586283933742,,,,1.0
33,hexane_hl_gap_eV,32,1.0000001192092896,0.0,0.7065586283933742,0.7065586283933742,,,,1.0
33,hexane_hl_gap_eV,33,1.0000001192092896,0.0,0.7065586283933742,0.7065586283933742,,,,1.0
33,hexane_hl_gap_eV,34,1.0000001192092896,0.0,0.7065586283933742,0.7065586283933742,,,,1.0
33,hexane_hl_gap_eV,35,1.0000001192092896,0.0,0.7065586283933742,0.7065586283933742,,,,1.0
33,hexane_hl_gap_eV,36,1.0000001192092896,0.0,0.7065586283933742,0.7065586283933742,,,,1.0
33,hexane_hl_gap_eV,37,1.0000001192092896,0.0,0.7065586283933742,0.7065586283933742,,,,1.0
33,hexane_hl_gap_eV,38,1.0000001192092896,0.0,0.7065586283933742,0.7065586283933742,,,,1.0
33,hexane_hl_gap_eV,39,1.0000001192092896,0.0,0.7065586283933742,0.7065586283933742,,,,1.0
33,hexane_hl_gap_eV,40,1.0000001192092896,0.0,0.7065586283933742,0.7065586283933742,,,,1.0
33,hexane_hl_gap_eV,41,1.0000001192092896,0.0,0.7065586283933742,0.7065586283933742,,,,1.0
33,hexane_hl_gap_eV,42,1.0000001192092896,0.0,0.7065586283933742,0.7065586283933742,,,,1.0
33,hexane_hl_gap_eV,43,1.0000001192092896,0.0,0.7065586283933742,0.7065586283933742,,,,1.0
33,hexane_hl_gap_eV,44,1.0000001192092896,0.0,0.7065586283933742,0.7065586283933742,,,,1.0
33,hexane_hl_gap_eV,45,1.0000001192092896,0.0,0.7065586283933742,0.7065586283933742,,,,1.0
33,hexane_hl_gap_eV,46,1.0000001192092896,0.0,0.7065586283933742,0.7065586283933742,,,,1.0
33,hexane_hl_gap_eV,47,1.0000001192092896,0.0,0.7065586283933742,0.7065586283933742,,,,1.0
33,hexane_hl_gap_eV,48,1.0000001192092896,0.0,0.7065586283933742,0.7065586283933742,,,,1.0
33,hexane_hl_gap_eV,49,1.0000001192092896,0.0,0.7065586283933742,0.7065586283933742,,,,1.0
33,hexane_hl_gap_eV,50,1.0000001192092896,0.0,0.7065586283933742,0.7065586283933742,,,,1.0
33,hexane_hl_gap_eV,51,1.0000001192092896,0.0,0.7065586283933742,0.7065586283933742,,,,1.0
33,hexane_hl_gap_eV,52,1.0000001192092896,0.0,0.7065586283933742,0.7065586283933742,,,,1.0
33,hexane_hl_gap_eV,53,1.0000001192092896,0.0,0.7065586283933742,0.7065586283933742,,,,1.0
33,hexane_hl_gap_eV,54,1.0000001192092896,0.0,0.7065586283933742,0.7065586283933742,,,,1.0
33,hexane_hl_gap_eV,55,1.0000001192092896,0.0,0.7065586283933742,0.7065586283933742,,,,1.0
33,hexane_hl_gap_eV,56,1.0000001192092896,0.0,0.7065586283933742,0.7065586283933742,,,,1.0
33,hexane_hl_gap_eV,57,1.0000001192092896,0.0,0.7065586283933742,0.7065586283933742,,,,1.0
33,hexane_hl_gap_eV,58,1.0000001192092896,0.0,0.7065586283933742,0.7065586283933742,,,,1.0
33,hexane_hl_gap_eV,59,1.0000001192092896,0.0,0.7065586283933742,0.7065586283933742,,,,1.0
33,hexane_hl_gap_eV,60,1.0000001192092896,0.0,0.7065586283933742,0.7065586283933742,,,,1.0
33,hexane_hl_gap_eV,61,1.0000001192092896,0.0,0.7065586283933742,0.7065586283933742,,,,1.0
33,hexane_hl_gap_eV,62,1.0000001192092896,0.0,0.7065586283933742,0.7065586283933742,,,,1.0
33,hexane_hl_gap_eV,63,1.0000001192092896,0.0,0.7065586283933742,0.7065586283933742,,,,1.0
33,hexane_hl_gap_eV,64,1.0000001192092896,0.0,0.7065586283933742,0.7065586283933742,,,,1.0
33,hexane_hl_gap_eV,65,1.0000001192092896,0.0,0.7065586283933742,0.7065586283933742,,,,1.0
33,hexane_hl_gap_eV,66,1.0000001192092896,0.0,0.7065586283933742,0.7065586283933742,,,,1.0
33,hexane_hl_gap_eV,67,1.0000001192092896,0.0,0.7065586283933742,0.7065586283933742,,,,1.0
33,hexane_hl_gap_eV,68,1.0000001192092896,0.0,0.7065586283933742,0.7065586283933742,,,,1.0
33,hexane_hl_gap_eV,69,1.0000001192092896,0.0,0.7065586283933742,0.7065586283933742,,,,1.0
33,hexane_hl_gap_eV,70,1.0000001192092896,0.0,0.7065586283933742,0.7065586283933742,,,,1.0
33,hexane_hl_gap_eV,71,1.0000001192092896,0.0,0.7065586283933742,0.7065586283933742,,,,1.0
33,hexane_hl_gap_eV,72,1.0000001192092896,0.0,0.7065586283933742,0.7065586283933742,,,,1.0
33,hexane_hl_gap_eV,73,1.0000001192092896,0.0,0.7065586283933742,0.7065586283933742,,,,1.0
33,hexane_hl_gap_eV,74,1.0000001192092896,0.0,0.7065586283933742,0.7065586283933742,,,,1.0
33,hexane_hl_gap_eV,75,1.0000001192092896,0.0,0.7065586283933742,0.7065586283933742,,,,1.0
33,hexane_hl_gap_eV,76,1.0000001192092896,0.0,0.7065586283933742,0.7065586283933742,,,,1.0
33,hexane_hl_gap_eV,77,1.0000001192092896,0.0,0.7065586283933742,0.7065586283933742,,,,1.0
33,hexane_hl_gap_eV,78,1.0000001192092896,0.0,0.7065586283933742,0.7065586283933742,,,,1.0
33,hexane_hl_gap_eV,79,1.0000001192092896,0.0,0.7065586283933742,0.7065586283933742,,,,1.0
33,hexane_hl_gap_eV,80,1.0000001192092896,0.0,0.7065586283933742,0.7065586283933742,,,,1.0
33,hexane_hl_gap_eV,81,1.0000001192092896,0.0,0.7065586283933742,0.7065586283933742,,,,1.0
33,hexane_hl_gap_eV,82,1.0000001192092896,0.0,0.7065586283933742,0.7065586283933742,,,,1.0
33,hexane_hl_gap_eV,83,1.0000001192092896,0.0,0.7065586283933742,0.7065586283933742,,,,1.0
33,hexane_hl_gap_eV,84,1.0000001192092896,0.0,0.7065586283933742,0.7065586283933742,,,,1.0
33,hexane_hl_gap_eV,85,1.0000001192092896,0.0,0.7065586283933742,0.7065586283933742,,,,1.0
33,hexane_hl_gap_eV,86,1.0000001192092896,0.0,0.7065586283933742,0.7065586283933742,,,,1.0
33,hexane_hl_gap_eV,87,1.0000001192092896,0.0,0.7065586283933742,0.7065586283933742,,,,1.0
33,hexane_hl_gap_eV,88,1.0000001192092896,0.0,0.7065586283933742,0.7065586283933742,,,,1.0
33,hexane_hl_gap_eV,89,1.0000001192092896,0.0,0.7065586283933742,0.7065586283933742,,,,1.0
33,hexane_hl_gap_eV,90,1.0000001192092896,0.0,0.7065586283933742,0.7065586283933742,,,,1.0
33,hexane_hl_gap_eV,91,1.0000001192092896,0.0,0.7065586283933742,0.7065586283933742,,,,1.0
33,hexane_hl_gap_eV,92,1.0000001192092896,0.0,0.7065586283933742,0.7065586283933742,,,,1.0
33,hexane_hl_gap_eV,93,1.0000001192092896,0.0,0.7065586283933742,0.7065586283933742,,,,1.0
33,hexane_hl_gap_eV,94,1.0000001192092896,0.0,0.7065586283933742,0.7065586283933742,,,,1.0
33,hexane_hl_gap_eV,95,1.0000001192092896,0.0,0.7065586283933742,0.7065586283933742,,,,1.0
33,hexane_hl_gap_eV,96,1.0000001192092896,0.0,0.7065586283933742,0.7065586283933742,,,,1.0
33,hexane_hl_gap_eV,97,1.0000001192092896,0.0,0.7065586283933742,0.7065586283933742,,,,1.0
33,hexane_hl_gap_eV,98,1.0000001192092896,0.0,0.7065586283933742,0.7065586283933742,,,,1.0
33,hexane_hl_gap_eV,99,1.0000001192092896,0.0,0.7065586283933742,0.7065586283933742,,,,1.0
33,hexane_hl_gap_eV,100,1.0000001192092896,0.0,0.7065586283933742,0.7065586283933742,,,,1.0
33,hexane_hl_gap_eV,101,1.0000001192092896,0.0,0.7065586283933742,0.7065586283933742,,,,1.0
33,hexane_hl_gap_eV,102,1.0000001192092896,0.0,0.7065586283933742,0.7065586283933742,,,,1.0
33,hexane_hl_gap_eV,103,1.0000001192092896,0.0,0.7065586283933742,0.7065586283933742,,,,1.0
33,hexane_hl_gap_eV,104,1.0000001192092896,0.0,0.7065586283933742,0.7065586283933742,,,,1.0
33,hexane_hl_gap_eV,105,1.0000001192092896,0.0,0.7065586283933742,0.7065586283933742,,,,1.0
33,hexane_hl_gap_eV,106,1.0000001192092896,0.0,0.7065586283933742,0.7065586283933742,,,,1.0
33,hexane_hl_gap_eV,107,1.0000001192092896,0.0,0.7065586283933742,0.7065586283933742,,,,1.0
33,hexane_hl_gap_eV,108,1.0000001192092896,0.0,0.7065586283933742,0.7065586283933742,,,,1.0
33,hexane_hl_gap_eV,109,1.0000001192092896,0.0,0.7065586283933742,0.7065586283933742,,,,1.0
33,hexane_hl_gap_eV,110,1.0000001192092896,0.0,0.7065586283933742,0.7065586283933742,,,,1.0
33,hexane_hl_gap_eV,111,1.0000001192092896,0.0,0.7065586283933742,0.7065586283933742,,,,1.0
33,hexane_hl_gap_eV,112,1.0000001192092896,0.0,0.7065586283933742,0.7065586283933742,,,,1.0
33,hexane_hl_gap_eV,113,1.0000001192092896,0.0,0.7065586283933742,0.7065586283933742,,,,1.0
33,hexane_hl_gap_eV,114,1.0000001192092896,0.0,0.7065586283933742,0.7065586283933742,,,,1.0
33,hexane_hl_gap_eV,115,1.0000001192092896,0.0,0.7065586283933742,0.7065586283933742,,,,1.0
33,hexane_hl_gap_eV,116,1.0000001192092896,0.0,0.7065586283933742,0.7065586283933742,,,,1.0
33,hexane_hl_gap_eV,117,1.0000001192092896,0.0,0.7065586283933742,0.7065586283933742,,,,1.0
33,hexane_hl_gap_eV,118,1.0000001192092896,0.0,0.7065586283933742,0.7065586283933742,,,,1.0
33,hexane_hl_gap_eV,119,1.0000001192092896,0.0,0.7065586283933742,0.7065586283933742,,,,1.0
33,hexane_hl_gap_eV,120,1.0000001192092896,0.0,0.7065586283933742,0.7065586283933742,,,,1.0
33,hexane_hl_gap_eV,121,1.0000001192092896,0.0,0.7065586283933742,0.7065586283933742,,,,1.0
33,hexane_hl_gap_eV,122,1.0000001192092896,0.0,0.7065586283933742,0.7065586283933742,,,,1.0
33,hexane_hl_gap_eV,123,1.0000001192092896,0.0,0.7065586283933742,0.7065586283933742,,,,1.0
33,hexane_hl_gap_eV,124,1.0000001192092896,0.0,0.7065586283933742,0.7065586283933742,,,,1.0
33,hexane_hl_gap_eV,125,1.0000001192092896,0.0,0.7065586283933742,0.7065586283933742,,,,1.0
33,hexane_hl_gap_eV,126,1.0000001192092896,0.0,0.7065586283933742,0.7065586283933742,,,,1.0
33,hexane_hl_gap_eV,127,1.0000001192092896,0.0,0.7065586283933742,0.7065586283933742,,,,1.0
33,hexane_hl_gap_eV,128,1.0000001192092896,0.0,0.7065586283933742,0.7065586283933742,,,,1.0
33,hexane_hl_gap_eV,129,1.0000001192092896,0.0,0.7065586283933742,0.7065586283933742,,,,1.0
33,hexane_hl_gap_eV,130,1.0000001192092896,0.0,0.7065586283933742,0.7065586283933742,,,,1.0
33,hexane_hl_gap_eV,131,1.0000001192092896,0.0,0.7065586283933742,0.7065586283933742,,,,1.0
33,hexane_hl_gap_eV,132,1.0000001192092896,0.0,0.7065586283933742,0.7065586283933742,,,,1.0
33,hexane_hl_gap_eV,133,1.0000001192092896,0.0,0.7065586283933742,0.7065586283933742,,,,1.0
33,hexane_hl_gap_eV,134,1.0000001192092896,0.0,0.7065586283933742,0.7065586283933742,,,,1.0
33,hexane_hl_gap_eV,135,1.0000001192092896,0.0,0.7065586283933742,0.7065586283933742,,,,1.0
33,hexane_hl_gap_eV,136,1.0000001192092896,0.0,0.7065586283933742,0.7065586283933742,,,,1.0
33,hexane_hl_gap_eV,137,1.0000001192092896,0.0,0.7065586283933742,0.7065586283933742,,,,1.0
33,hexane_hl_gap_eV,138,1.0000001192092896,0.0,0.7065586283933742,0.7065586283933742,,,,1.0
33,hexane_hl_gap_eV,139,1.0000001192092896,0.0,0.7065586283933742,0.7065586283933742,,,,1.0
33,hexane_hl_gap_eV,140,1.0000001192092896,0.0,0.7065586283933742,0.7065586283933742,,,,1.0
33,hexane_hl_gap_eV,141,1.0000001192092896,0.0,0.7065586283933742,0.7065586283933742,,,,1.0
33,hexane_hl_gap_eV,142,1.0000001192092896,0.0,0.7065586283933742,0.7065586283933742,,,,1.0
33,hexane_hl_gap_eV,143,1.0000001192092896,0.0,0.7065586283933742,0.7065586283933742,,,,1.0
33,hexane_hl_gap_eV,144,1.0000001192092896,0.0,0.7065586283933742,0.7065586283933742,,,,1.0
33,hexane_hl_gap_eV,145,1.0000001192092896,0.0,0.7065586283933742,0.7065586283933742,,,,1.0
33,hexane_hl_gap_eV,146,1.0000001192092896,0.0,0.7065586283933742,0.7065586283933742,,,,1.0
33,hexane_hl_gap_eV,147,1.0000001192092896,0.0,0.7065586283933742,0.7065586283933742,,,,1.0
33,hexane_hl_gap_eV,148,1.0000001192092896,0.0,0.7065586283933742,0.7065586283933742,,,,1.0
33,hexane_hl_gap_eV,149,1.0000001192092896,0.0,0.7065586283933742,0.7065586283933742,,,,1.0
33,hexane_hl_gap_eV,150,1.0000001192092896,0.0,0.7065586283933742,0.7065586283933742,,,,1.0
33,hexane_hl_gap_eV,151,1.0000001192092896,0.0,0.7065586283933742,0.7065586283933742,,,,1.0
33,hexane_hl_gap_eV,152,1.0000001192092896,0.0,0.7065586283933742,0.7065586283933742,,,,1.0
33,hexane_hl_gap_eV,153,1.0000001192092896,0.0,0.7065586283933742,0.7065586283933742,,,,1.0
33,hexane_hl_gap_eV,154,1.0000001192092896,0.0,0.7065586283933742,0.7065586283933742,,,,1.0
33,hexane_hl_gap_eV,155,1.0000001192092896,0.0,0.7065586283933742,0.7065586283933742,,,,1.0
33,hexane_hl_gap_eV,156,1.0000001192092896,0.0,0.7065586283933742,0.7065586283933742,,,,1.0
33,hexane_hl_gap_eV,157,1.0000001192092896,0.0,0.7065586283933742,0.7065586283933742,,,,1.0
33,hexane_hl_gap_eV,158,1.0000001192092896,0.0,0.7065586283933742,0.7065586283933742,,,,1.0
33,hexane_hl_gap_eV,159,1.0000001192092896,0.0,0.7065586283933742,0.7065586283933742,,,,1.0
33,hexane_hl_gap_eV,160,1.0000001192092896,0.0,0.7065586283933742,0.7065586283933742,,,,1.0
33,hexane_hl_gap_eV,161,1.0000001192092896,0.0,0.7065586283933742,0.7065586283933742,,,,1.0
33,hexane_hl_gap_eV,162,1.0000001192092896,0.0,0.7065586283933742,0.7065586283933742,,,,1.0
33,hexane_hl_gap_eV,163,1.0000001192092896,0.0,0.7065586283933742,0.7065586283933742,,,,1.0
33,hexane_hl_gap_eV,164,1.0000001192092896,0.0,0.7065586283933742,0.7065586283933742,,,,1.0
33,hexane_hl_gap_eV,165,1.0000001192092896,0.0,0.7065586283933742,0.7065586283933742,,,,1.0
33,hexane_hl_gap_eV,166,1.0000001192092896,0.0,0.7065586283933742,0.7065586283933742,,,,1.0
33,hexane_hl_gap_eV,167,1.0000001192092896,0.0,0.7065586283933742,0.7065586283933742,,,,1.0
33,hexane_hl_gap_eV,168,1.0000001192092896,0.0,0.7065586283933742,0.7065586283933742,,,,1.0
33,hexane_hl_gap_eV,169,1.0000001192092896,0.0,0.7065586283933742,0.7065586283933742,,,,1.0
33,hexane_hl_gap_eV,170,1.0000001192092896,0.0,0.7065586283933742,0.7065586283933742,,,,1.0
33,hexane_hl_gap_eV,171,1.0000001192092896,0.0,0.7065586283933742,0.7065586283933742,,,,1.0
33,hexane_hl_gap_eV,172,1.0000001192092896,0.0,0.7065586283933742,0.7065586283933742,,,,1.0
33,hexane_hl_gap_eV,173,1.0000001192092896,0.0,0.7065586283933742,0.7065586283933742,,,,1.0
33,hexane_hl_gap_eV,174,1.0000001192092896,0.0,0.7065586283933742,0.7065586283933742,,,,1.0
33,hexane_hl_gap_eV,175,1.0000001192092896,0.0,0.7065586283933742,0.7065586283933742,,,,1.0
33,hexane_hl_gap_eV,176,1.0000001192092896,0.0,0.7065586283933742,0.7065586283933742,,,,1.0
33,hexane_hl_gap_eV,177,1.0000001192092896,0.0,0.7065586283933742,0.7065586283933742,,,,1.0
33,hexane_hl_gap_eV,178,1.0000001192092896,0.0,0.7065586283933742,0.7065586283933742,,,,1.0
33,hexane_hl_gap_eV,179,1.0000001192092896,0.0,0.7065586283933742,0.7065586283933742,,,,1.0
33,hexane_hl_gap_eV,180,1.0000001192092896,0.0,0.7065586283933742,0.7065586283933742,,,,1.0
33,hexane_hl_gap_eV,181,1.0000001192092896,0.0,0.7065586283933742,0.7065586283933742,,,,1.0
33,hexane_hl_gap_eV,182,1.0000001192092896,0.0,0.7065586283933742,0.7065586283933742,,,,1.0
33,hexane_hl_gap_eV,183,1.0000001192092896,0.0,0.7065586283933742,0.7065586283933742,,,,1.0
33,hexane_hl_gap_eV,184,1.0000001192092896,0.0,0.7065586283933742,0.7065586283933742,,,,1.0
33,hexane_hl_gap_eV,185,1.0000001192092896,0.0,0.7065586283933742,0.7065586283933742,,,,1.0
33,hexane_hl_gap_eV,186,1.0000001192092896,0.0,0.7065586283933742,0.7065586283933742,,,,1.0
33,hexane_hl_gap_eV,187,1.0000001192092896,0.0,0.7065586283933742,0.7065586283933742,,,,1.0
33,hexane_hl_gap_eV,188,1.0000001192092896,0.0,0.7065586283933742,0.7065586283933742,,,,1.0
33,hexane_hl_gap_eV,189,1.0000001192092896,0.0,0.7065586283933742,0.7065586283933742,,,,1.0
33,hexane_hl_gap_eV,190,1.0000001192092896,0.0,0.7065586283933742,0.7065586283933742,,,,1.0
33,hexane_hl_gap_eV,191,1.0000001192092896,0.0,0.7065586283933742,0.7065586283933742,,,,1.0
33,hexane_hl_gap_eV,192,1.0000001192092896,0.0,0.7065586283933742,0.7065586283933742,,,,1.0
33,hexane_hl_gap_eV,193,1.0000001192092896,0.0,0.7065586283933742,0.7065586283933742,,,,1.0
33,hexane_hl_gap_eV,194,1.0000001192092896,0.0,0.7065586283933742,0.7065586283933742,,,,1.0
33,hexane_hl_gap_eV,195,1.0000001192092896,0.0,0.7065586283933742,0.7065586283933742,,,,1.0
33,hexane_hl_gap_eV,196,1.0000001192092896,0.0,0.7065586283933742,0.7065586283933742,,,,1.0
33,hexane_hl_gap_eV,197,1.0000001192092896,0.0,0.7065586283933742,0.7065586283933742,,,,1.0
33,hexane_hl_gap_eV,198,1.0000001192092896,0.0,0.7065586283933742,0.7065586283933742,,,,1.0
33,hexane_hl_gap_eV,199,1.0000001192092896,0.0,0.7065586283933742,0.7065586283933742,,,,1.0
33,hexane_hl_gap_eV,200,1.0000001192092896,0.0,0.7065586283933742,0.7065586283933742,,,,1.0
33,hexane_hl_gap_eV,201,1.0000001192092896,0.0,0.7065586283933742,0.7065586283933742,,,,1.0
33,hexane_hl_gap_eV,202,1.0000001192092896,0.0,0.7065586283933742,0.7065586283933742,,,,1.0
33,hexane_hl_gap_eV,203,1.0000001192092896,0.0,0.7065586283933742,0.7065586283933742,,,,1.0
33,hexane_hl_gap_eV,204,1.0000001192092896,0.0,0.7065586283933742,0.7065586283933742,,,,1.0
33,hexane_hl_gap_eV,205,1.0000001192092896,0.0,0.7065586283933742,0.7065586283933742,,,,1.0
33,hexane_hl_gap_eV,206,1.0000001192092896,0.0,0.7065586283933742,0.7065586283933742,,,,1.0
33,hexane_hl_gap_eV,207,1.0000001192092896,0.0,0.7065586283933742,0.7065586283933742,,,,1.0
33,hexane_hl_gap_eV,208,1.0000001192092896,0.0,0.7065586283933742,0.7065586283933742,,,,1.0
33,hexane_hl_gap_eV,209,1.0000001192092896,0.0,0.7065586283933742,0.7065586283933742,,,,1.0
33,hexane_hl_gap_eV,210,1.0000001192092896,0.0,0.7065586283933742,0.7065586283933742,,,,1.0
33,hexane_hl_gap_eV,211,1.0000001192092896,0.0,0.7065586283933742,0.7065586283933742,,,,1.0
33,hexane_hl_gap_eV,212,1.0000001192092896,0.0,0.7065586283933742,0.7065586283933742,,,,1.0
33,hexane_hl_gap_eV,213,1.0000001192092896,0.0,0.7065586283933742,0.7065586283933742,,,,1.0
33,hexane_hl_gap_eV,214,1.0000001192092896,0.0,0.7065586283933742,0.7065586283933742,,,,1.0
33,hexane_hl_gap_eV,215,1.0000001192092896,0.0,0.7065586283933742,0.7065586283933742,,,,1.0
33,hexane_hl_gap_eV,216,1.0000001192092896,0.0,0.7065586283933742,0.7065586283933742,,,,1.0
33,hexane_hl_gap_eV,217,1.0000001192092896,0.0,0.7065586283933742,0.7065586283933742,,,,1.0
33,hexane_hl_gap_eV,218,1.0000001192092896,0.0,0.7065586283933742,0.7065586283933742,,,,1.0
33,hexane_hl_gap_eV,219,1.0000001192092896,0.0,0.7065586283933742,0.7065586283933742,,,,1.0
33,hexane_hl_gap_eV,220,1.0000001192092896,0.0,0.7065586283933742,0.7065586283933742,,,,1.0
33,hexane_hl_gap_eV,221,1.0000001192092896,0.0,0.7065586283933742,0.7065586283933742,,,,1.0
33,hexane_hl_gap_eV,222,1.0000001192092896,0.0,0.7065586283933742,0.7065586283933742,,,,1.0
33,hexane_hl_gap_eV,223,1.0000001192092896,0.0,0.7065586283933742,0.7065586283933742,,,,1.0
33,hexane_hl_gap_eV,224,1.0000001192092896,0.0,0.7065586283933742,0.7065586283933742,,,,1.0
33,hexane_hl_gap_eV,225,1.0000001192092896,0.0,0.7065586283933742,0.7065586283933742,,,,1.0
33,hexane_hl_gap_eV,226,1.0000001192092896,0.0,0.7065586283933742,0.7065586283933742,,,,1.0
33,hexane_hl_gap_eV,227,1.0000001192092896,0.0,0.7065586283933742,0.7065586283933742,,,,1.0
33,hexane_hl_gap_eV,228,1.0000001192092896,0.0,0.7065586283933742,0.7065586283933742,,,,1.0
33,hexane_hl_gap_eV,229,1.0000001192092896,0.0,0.7065586283933742,0.7065586283933742,,,,1.0
33,hexane_hl_gap_eV,230,1.0000001192092896,0.0,0.7065586283933742,0.7065586283933742,,,,1.0
33,hexane_hl_gap_eV,231,1.0000001192092896,0.0,0.7065586283933742,0.7065586283933742,,,,1.0
33,hexane_hl_gap_eV,232,1.0000001192092896,0.0,0.7065586283933742,0.7065586283933742,,,,1.0
33,hexane_hl_gap_eV,233,1.0000001192092896,0.0,0.7065586283933742,0.7065586283933742,,,,1.0
33,hexane_hl_gap_eV,234,1.0000001192092896,0.0,0.7065586283933742,0.7065586283933742,,,,1.0
33,hexane_hl_gap_eV,235,1.0000001192092896,0.0,0.7065586283933742,0.7065586283933742,,,,1.0
33,hexane_hl_gap_eV,236,1.0000001192092896,0.0,0.7065586283933742,0.7065586283933742,,,,1.0
33,hexane_hl_gap_eV,237,1.0000001192092896,0.0,0.7065586283933742,0.7065586283933742,,,,1.0
33,hexane_hl_gap_eV,238,1.0000001192092896,0.0,0.7065586283933742,0.7065586283933742,,,,1.0
33,hexane_hl_gap_eV,239,1.0000001192092896,0.0,0.7065586283933742,0.7065586283933742,,,,1.0
33,hexane_hl_gap_eV,240,1.0000001192092896,0.0,0.7065586283933742,0.7065586283933742,,,,1.0
33,hexane_hl_gap_eV,241,1.0000001192092896,0.0,0.7065586283933742,0.7065586283933742,,,,1.0
33,hexane_hl_gap_eV,242,1.0000001192092896,0.0,0.7065586283933742,0.7065586283933742,,,,1.0
33,hexane_hl_gap_eV,243,1.0000001192092896,0.0,0.7065586283933742,0.7065586283933742,,,,1.0
33,hexane_hl_gap_eV,244,1.0000001192092896,0.0,0.7065586283933742,0.7065586283933742,,,,1.0
33,hexane_hl_gap_eV,245,1.0000001192092896,0.0,0.7065586283933742,0.7065586283933742,,,,1.0
33,hexane_hl_gap_eV,246,1.0000001192092896,0.0,0.7065586283933742,0.7065586283933742,,,,1.0
33,hexane_hl_gap_eV,247,1.0000001192092896,0.0,0.7065586283933742,0.7065586283933742,,,,1.0
33,hexane_hl_gap_eV,248,1.0000001192092896,0.0,0.7065586283933742,0.7065586283933742,,,,1.0
33,hexane_hl_gap_eV,249,1.0000001192092896,0.0,0.7065586283933742,0.7065586283933742,,,,1.0
33,hexane_dipole,0,1.0,0.0,0.5859565780063152,0.5859565780063152,,,,1.0
33,hexane_dipole,1,1.0,0.0,0.5859565780063152,0.5859565780063152,,,,1.0
33,hexane_dipole,2,1.0,0.0,0.5859565780063152,0.5859565780063152,,,,1.0
33,hexane_dipole,3,1.0,0.0,0.5859565780063152,0.5859565780063152,,,,1.0
33,hexane_dipole,4,1.0,0.0,0.5859565780063152,0.5859565780063152,,,,1.0
33,hexane_dipole,5,1.0,0.0,0.5859565780063152,0.5859565780063152,,,,1.0
33,hexane_dipole,6,1.0,0.0,0.5859565780063152,0.5859565780063152,,,,1.0
33,hexane_dipole,7,1.0,0.0,0.5859565780063152,0.5859565780063152,,,,1.0
33,hexane_dipole,8,1.0,0.0,0.5859565780063152,0.5859565780063152,,,,1.0
33,hexane_dipole,9,1.0,0.0,0.5859565780063152,0.5859565780063152,,,,1.0
33,hexane_dipole,10,1.0,0.0,0.5859565780063152,0.5859565780063152,,,,1.0
33,hexane_dipole,11,1.0,0.0,0.5859565780063152,0.5859565780063152,,,,1.0
33,hexane_dipole,12,1.0,0.0,0.5859565780063152,0.5859565780063152,,,,1.0
33,hexane_dipole,13,1.0,0.0,0.5859565780063152,0.5859565780063152,,,,1.0
33,hexane_dipole,14,1.0,0.0,0.5859565780063152,0.5859565780063152,,,,1.0
33,hexane_dipole,15,1.0,0.0,0.5859565780063152,0.5859565780063152,,,,1.0
33,hexane_dipole,16,1.0,0.0,0.5859565780063152,0.5859565780063152,,,,1.0
33,hexane_dipole,17,1.0,0.0,0.5859565780063152,0.5859565780063152,,,,1.0
33,hexane_dipole,18,1.0,0.0,0.5859565780063152,0.5859565780063152,,,,1.0
33,hexane_dipole,19,1.0,0.0,0.5859565780063152,0.5859565780063152,,,,1.0
33,hexane_dipole,20,1.0,0.0,0.5859565780063152,0.5859565780063152,,,,1.0
33,hexane_dipole,21,1.0,0.0,0.5859565780063152,0.5859565780063152,,,,1.0
33,hexane_dipole,22,1.0,0.0,0.5859565780063152,0.5859565780063152,,,,1.0
33,hexane_dipole,23,1.0,0.0,0.5859565780063152,0.5859565780063152,,,,1.0
33,hexane_dipole,24,1.0,0.0,0.5859565780063152,0.5859565780063152,,,,1.0
33,hexane_dipole,25,1.0,0.0,0.5859565780063152,0.5859565780063152,,,,1.0
33,hexane_dipole,26,1.0,0.0,0.5859565780063152,0.5859565780063152,,,,1.0
33,hexane_dipole,27,1.0,0.0,0.5859565780063152,0.5859565780063152,,,,1.0
33,hexane_dipole,28,1.0,0.0,0.5859565780063152,0.5859565780063152,,,,1.0
33,hexane_dipole,29,1.0,0.0,0.5859565780063152,0.5859565780063152,,,,1.0
33,hexane_dipole,30,1.0,0.0,0.5859565780063152,0.5859565780063152,,,,1.0
33,hexane_dipole,31,1.0,0.0,0.5859565780063152,0.5859565780063152,,,,1.0
33,hexane_dipole,32,1.0,0.0,0.5859565780063152,0.5859565780063152,,,,1.0
33,hexane_dipole,33,1.0,0.0,0.5859565780063152,0.5859565780063152,,,,1.0
33,hexane_dipole,34,1.0,0.0,0.5859565780063152,0.5859565780063152,,,,1.0
33,hexane_dipole,35,1.0,0.0,0.5859565780063152,0.5859565780063152,,,,1.0
33,hexane_dipole,36,1.0,0.0,0.5859565780063152,0.5859565780063152,,,,1.0
33,hexane_dipole,37,1.0,0.0,0.5859565780063152,0.5859565780063152,,,,1.0
33,hexane_dipole,38,1.0,0.0,0.5859565780063152,0.5859565780063152,,,,1.0
33,hexane_dipole,39,1.0,0.0,0.5859565780063152,0.5859565780063152,,,,1.0
33,hexane_dipole,40,1.0,0.0,0.5859565780063152,0.5859565780063152,,,,1.0
33,hexane_dipole,41,1.0,0.0,0.5859565780063152,0.5859565780063152,,,,1.0
33,hexane_dipole,42,1.0,0.0,0.5859565780063152,0.5859565780063152,,,,1.0
33,hexane_dipole,43,1.0,0.0,0.5859565780063152,0.5859565780063152,,,,1.0
33,hexane_dipole,44,1.0,0.0,0.5859565780063152,0.5859565780063152,,,,1.0
33,hexane_dipole,45,1.0,0.0,0.5859565780063152,0.5859565780063152,,,,1.0
33,hexane_dipole,46,1.0,0.0,0.5859565780063152,0.5859565780063152,,,,1.0
33,hexane_dipole,47,1.0,0.0,0.5859565780063152,0.5859565780063152,,,,1.0
33,hexane_dipole,48,1.0,0.0,0.5859565780063152,0.5859565780063152,,,,1.0
33,hexane_dipole,49,1.0,0.0,0.5859565780063152,0.5859565780063152,,,,1.0
33,hexane_dipole,50,1.0,0.0,0.5859565780063152,0.5859565780063152,,,,1.0
33,hexane_dipole,51,1.0,0.0,0.5859565780063152,0.5859565780063152,,,,1.0
33,hexane_dipole,52,1.0,0.0,0.5859565780063152,0.5859565780063152,,,,1.0
33,hexane_dipole,53,1.0,0.0,0.5859565780063152,0.5859565780063152,,,,1.0
33,hexane_dipole,54,1.0,0.0,0.5859565780063152,0.5859565780063152,,,,1.0
33,hexane_dipole,55,1.0,0.0,0.5859565780063152,0.5859565780063152,,,,1.0
33,hexane_dipole,56,1.0,0.0,0.5859565780063152,0.5859565780063152,,,,1.0
33,hexane_dipole,57,1.0,0.0,0.5859565780063152,0.5859565780063152,,,,1.0
33,hexane_dipole,58,1.0,0.0,0.5859565780063152,0.5859565780063152,,,,1.0
33,hexane_dipole,59,1.0,0.0,0.5859565780063152,0.5859565780063152,,,,1.0
33,hexane_dipole,60,1.0,0.0,0.5859565780063152,0.5859565780063152,,,,1.0
33,hexane_dipole,61,1.0,0.0,0.5859565780063152,0.5859565780063152,,,,1.0
33,hexane_dipole,62,1.0,0.0,0.5859565780063152,0.5859565780063152,,,,1.0
33,hexane_dipole,63,1.0,0.0,0.5859565780063152,0.5859565780063152,,,,1.0
33,hexane_dipole,64,1.0,0.0,0.5859565780063152,0.5859565780063152,,,,1.0
33,hexane_dipole,65,1.0,0.0,0.5859565780063152,0.5859565780063152,,,,1.0
33,hexane_dipole,66,1.0,0.0,0.5859565780063152,0.5859565780063152,,,,1.0
33,hexane_dipole,67,1.0,0.0,0.5859565780063152,0.5859565780063152,,,,1.0
33,hexane_dipole,68,1.0,0.0,0.5859565780063152,0.5859565780063152,,,,1.0
33,hexane_dipole,69,1.0,0.0,0.5859565780063152,0.5859565780063152,,,,1.0
33,hexane_dipole,70,1.0,0.0,0.5859565780063152,0.5859565780063152,,,,1.0
33,hexane_dipole,71,1.0,0.0,0.5859565780063152,0.5859565780063152,,,,1.0
33,hexane_dipole,72,1.0,0.0,0.5859565780063152,0.5859565780063152,,,,1.0
33,hexane_dipole,73,1.0,0.0,0.5859565780063152,0.5859565780063152,,,,1.0
33,hexane_dipole,74,1.0,0.0,0.5859565780063152,0.5859565780063152,,,,1.0
33,hexane_dipole,75,1.0,0.0,0.5859565780063152,0.5859565780063152,,,,1.0
33,hexane_dipole,76,1.0,0.0,0.5859565780063152,0.5859565780063152,,,,1.0
33,hexane_dipole,77,1.0,0.0,0.5859565780063152,0.5859565780063152,,,,1.0
33,hexane_dipole,78,1.0,0.0,0.5859565780063152,0.5859565780063152,,,,1.0
33,hexane_dipole,79,1.0,0.0,0.5859565780063152,0.5859565780063152,,,,1.0
33,hexane_dipole,80,1.0,0.0,0.5859565780063152,0.5859565780063152,,,,1.0
33,hexane_dipole,81,1.0,0.0,0.5859565780063152,0.5859565780063152,,,,1.0
33,hexane_dipole,82,1.0,0.0,0.5859565780063152,0.5859565780063152,,,,1.0
33,hexane_dipole,83,1.0,0.0,0.5859565780063152,0.5859565780063152,,,,1.0
33,hexane_dipole,84,1.0,0.0,0.5859565780063152,0.5859565780063152,,,,1.0
33,hexane_dipole,85,1.0,0.0,0.5859565780063152,0.5859565780063152,,,,1.0
33,hexane_dipole,86,1.0,0.0,0.5859565780063152,0.5859565780063152,,,,1.0
33,hexane_dipole,87,1.0,0.0,0.5859565780063152,0.5859565780063152,,,,1.0
33,hexane_dipole,88,1.0,0.0,0.5859565780063152,0.5859565780063152,,,,1.0
33,hexane_dipole,89,1.0,0.0,0.5859565780063152,0.5859565780063152,,,,1.0
33,hexane_dipole,90,1.0,0.0,0.5859565780063152,0.5859565780063152,,,,1.0
33,hexane_dipole,91,1.0,0.0,0.5859565780063152,0.5859565780063152,,,,1.0
33,hexane_dipole,92,1.0,0.0,0.5859565780063152,0.5859565780063152,,,,1.0
33,hexane_dipole,93,1.0,0.0,0.5859565780063152,0.5859565780063152,,,,1.0
33,hexane_dipole,94,1.0,0.0,0.5859565780063152,0.5859565780063152,,,,1.0
33,hexane_dipole,95,1.0,0.0,0.5859565780063152,0.5859565780063152,,,,1.0
33,hexane_dipole,96,1.0,0.0,0.5859565780063152,0.5859565780063152,,,,1.0
33,hexane_dipole,97,1.0,0.0,0.5859565780063152,0.5859565780063152,,,,1.0
33,hexane_dipole,98,1.0,0.0,0.5859565780063152,0.5859565780063152,,,,1.0
33,hexane_dipole,99,1.0,0.0,0.5859565780063152,0.5859565780063152,,,,1.0
33,hexane_dipole,100,1.0,0.0,0.5859565780063152,0.5859565780063152,,,,1.0
33,hexane_dipole,101,1.0,0.0,0.5859565780063152,0.5859565780063152,,,,1.0
33,hexane_dipole,102,1.0,0.0,0.5859565780063152,0.5859565780063152,,,,1.0
33,hexane_dipole,103,1.0,0.0,0.5859565780063152,0.5859565780063152,,,,1.0
33,hexane_dipole,104,1.0,0.0,0.5859565780063152,0.5859565780063152,,,,1.0
33,hexane_dipole,105,1.0,0.0,0.5859565780063152,0.5859565780063152,,,,1.0
33,hexane_dipole,106,1.0,0.0,0.5859565780063152,0.5859565780063152,,,,1.0
33,hexane_dipole,107,1.0,0.0,0.5859565780063152,0.5859565780063152,,,,1.0
33,hexane_dipole,108,1.0,0.0,0.5859565780063152,0.5859565780063152,,,,1.0
33,hexane_dipole,109,1.0,0.0,0.5859565780063152,0.5859565780063152,,,,1.0
33,hexane_dipole,110,1.0,0.0,0.5859565780063152,0.5859565780063152,,,,1.0
33,hexane_dipole,111,1.0,0.0,0.5859565780063152,0.5859565780063152,,,,1.0
33,hexane_dipole,112,1.0,0.0,0.5859565780063152,0.5859565780063152,,,,1.0
33,hexane_dipole,113,1.0,0.0,0.5859565780063152,0.5859565780063152,,,,1.0
33,hexane_dipole,114,1.0,0.0,0.5859565780063152,0.5859565780063152,,,,1.0
33,hexane_dipole,115,1.0,0.0,0.5859565780063152,0.5859565780063152,,,,1.0
33,hexane_dipole,116,1.0,0.0,0.5859565780063152,0.5859565780063152,,,,1.0
33,hexane_dipole,117,1.0,0.0,0.5859565780063152,0.5859565780063152,,,,1.0
33,hexane_dipole,118,1.0,0.0,0.5859565780063152,0.5859565780063152,,,,1.0
33,hexane_dipole,119,1.0,0.0,0.5859565780063152,0.5859565780063152,,,,1.0
33,hexane_dipole,120,1.0,0.0,0.5859565780063152,0.5859565780063152,,,,1.0
33,hexane_dipole,121,1.0,0.0,0.5859565780063152,0.5859565780063152,,,,1.0
33,hexane_dipole,122,1.0,0.0,0.5859565780063152,0.5859565780063152,,,,1.0
33,hexane_dipole,123,1.0,0.0,0.5859565780063152,0.5859565780063152,,,,1.0
33,hexane_dipole,124,1.0,0.0,0.5859565780063152,0.5859565780063152,,,,1.0
33,hexane_dipole,125,1.0,0.0,0.5859565780063152,0.5859565780063152,,,,1.0
33,hexane_dipole,126,1.0,0.0,0.5859565780063152,0.5859565780063152,,,,1.0
33,hexane_dipole,127,1.0,0.0,0.5859565780063152,0.5859565780063152,,,,1.0
33,hexane_dipole,128,1.0,0.0,0.5859565780063152,0.5859565780063152,,,,1.0
33,hexane_dipole,129,1.0,0.0,0.5859565780063152,0.5859565780063152,,,,1.0
33,hexane_dipole,130,1.0,0.0,0.5859565780063152,0.5859565780063152,,,,1.0
33,hexane_dipole,131,1.0,0.0,0.5859565780063152,0.5859565780063152,,,,1.0
33,hexane_dipole,132,1.0,0.0,0.5859565780063152,0.5859565780063152,,,,1.0
33,hexane_dipole,133,1.0,0.0,0.5859565780063152,0.5859565780063152,,,,1.0
33,hexane_dipole,134,1.0,0.0,0.5859565780063152,0.5859565780063152,,,,1.0
33,hexane_dipole,135,1.0,0.0,0.5859565780063152,0.5859565780063152,,,,1.0
33,hexane_dipole,136,1.0,0.0,0.5859565780063152,0.5859565780063152,,,,1.0
33,hexane_dipole,137,1.0,0.0,0.5859565780063152,0.5859565780063152,,,,1.0
33,hexane_dipole,138,1.0,0.0,0.5859565780063152,0.5859565780063152,,,,1.0
33,hexane_dipole,139,1.0,0.0,0.5859565780063152,0.5859565780063152,,,,1.0
33,hexane_dipole,140,1.0,0.0,0.5859565780063152,0.5859565780063152,,,,1.0
33,hexane_dipole,141,1.0,0.0,0.5859565780063152,0.5859565780063152,,,,1.0
33,hexane_dipole,142,1.0,0.0,0.5859565780063152,0.5859565780063152,,,,1.0
33,hexane_dipole,143,1.0,0.0,0.5859565780063152,0.5859565780063152,,,,1.0
33,hexane_dipole,144,1.0,0.0,0.5859565780063152,0.5859565780063152,,,,1.0
33,hexane_dipole,145,1.0,0.0,0.5859565780063152,0.5859565780063152,,,,1.0
33,hexane_dipole,146,1.0,0.0,0.5859565780063152,0.5859565780063152,,,,1.0
33,hexane_dipole,147,1.0,0.0,0.5859565780063152,0.5859565780063152,,,,1.0
33,hexane_dipole,148,1.0,0.0,0.5859565780063152,0.5859565780063152,,,,1.0
33,hexane_dipole,149,1.0,0.0,0.5859565780063152,0.5859565780063152,,,,1.0
33,hexane_dipole,150,1.0,0.0,0.5859565780063152,0.5859565780063152,,,,1.0
33,hexane_dipole,151,1.0,0.0,0.5859565780063152,0.5859565780063152,,,,1.0
33,hexane_dipole,152,1.0,0.0,0.5859565780063152,0.5859565780063152,,,,1.0
33,hexane_dipole,153,1.0,0.0,0.5859565780063152,0.5859565780063152,,,,1.0
33,hexane_dipole,154,1.0,0.0,0.5859565780063152,0.5859565780063152,,,,1.0
33,hexane_dipole,155,1.0,0.0,0.5859565780063152,0.5859565780063152,,,,1.0
33,hexane_dipole,156,1.0,0.0,0.5859565780063152,0.5859565780063152,,,,1.0
33,hexane_dipole,157,1.0,0.0,0.5859565780063152,0.5859565780063152,,,,1.0
33,hexane_dipole,158,1.0,0.0,0.5859565780063152,0.5859565780063152,,,,1.0
33,hexane_dipole,159,1.0,0.0,0.5859565780063152,0.5859565780063152,,,,1.0
33,hexane_dipole,160,1.0,0.0,0.5859565780063152,0.5859565780063152,,,,1.0
33,hexane_dipole,161,1.0,0.0,0.5859565780063152,0.5859565780063152,,,,1.0
33,hexane_dipole,162,1.0,0.0,0.5859565780063152,0.5859565780063152,,,,1.0
33,hexane_dipole,163,1.0,0.0,0.5859565780063152,0.5859565780063152,,,,1.0
33,hexane_dipole,164,1.0,0.0,0.5859565780063152,0.5859565780063152,,,,1.0
33,hexane_dipole,165,1.0,0.0,0.5859565780063152,0.5859565780063152,,,,1.0
33,hexane_dipole,166,1.0,0.0,0.5859565780063152,0.5859565780063152,,,,1.0
33,hexane_dipole,167,1.0,0.0,0.5859565780063152,0.5859565780063152,,,,1.0
33,hexane_dipole,168,1.0,0.0,0.5859565780063152,0.5859565780063152,,,,1.0
33,hexane_dipole,169,1.0,0.0,0.5859565780063152,0.5859565780063152,,,,1.0
33,hexane_dipole,170,1.0,0.0,0.5859565780063152,0.5859565780063152,,,,1.0
33,hexane_dipole,171,1.0,0.0,0.5859565780063152,0.5859565780063152,,,,1.0
33,hexane_dipole,172,1.0,0.0,0.5859565780063152,0.5859565780063152,,,,1.0
33,hexane_dipole,173,1.0,0.0,0.5859565780063152,0.5859565780063152,,,,1.0
33,hexane_dipole,174,1.0,0.0,0.5859565780063152,0.5859565780063152,,,,1.0
33,hexane_dipole,175,1.0,0.0,0.5859565780063152,0.5859565780063152,,,,1.0
33,hexane_dipole,176,1.0,0.0,0.5859565780063152,0.5859565780063152,,,,1.0
33,hexane_dipole,177,1.0,0.0,0.5859565780063152,0.5859565780063152,,,,1.0
33,hexane_dipole,178,1.0,0.0,0.5859565780063152,0.5859565780063152,,,,1.0
33,hexane_dipole,179,1.0,0.0,0.5859565780063152,0.5859565780063152,,,,1.0
33,hexane_dipole,180,1.0,0.0,0.5859565780063152,0.5859565780063152,,,,1.0
33,hexane_dipole,181,1.0,0.0,0.5859565780063152,0.5859565780063152,,,,1.0
33,hexane_dipole,182,1.0,0.0,0.5859565780063152,0.5859565780063152,,,,1.0
33,hexane_dipole,183,1.0,0.0,0.5859565780063152,0.5859565780063152,,,,1.0
33,hexane_dipole,184,1.0,0.0,0.5859565780063152,0.5859565780063152,,,,1.0
33,hexane_dipole,185,1.0,0.0,0.5859565780063152,0.5859565780063152,,,,1.0
33,hexane_dipole,186,1.0,0.0,0.5859565780063152,0.5859565780063152,,,,1.0
33,hexane_dipole,187,1.0,0.0,0.5859565780063152,0.5859565780063152,,,,1.0
33,hexane_dipole,188,1.0,0.0,0.5859565780063152,0.5859565780063152,,,,1.0
33,hexane_dipole,189,1.0,0.0,0.5859565780063152,0.5859565780063152,,,,1.0
33,hexane_dipole,190,1.0,0.0,0.5859565780063152,0.5859565780063152,,,,1.0
33,hexane_dipole,191,1.0,0.0,0.5859565780063152,0.5859565780063152,,,,1.0
33,hexane_dipole,192,1.0,0.0,0.5859565780063152,0.5859565780063152,,,,1.0
33,hexane_dipole,193,1.0,0.0,0.5859565780063152,0.5859565780063152,,,,1.0
33,hexane_dipole,194,1.0,0.0,0.5859565780063152,0.5859565780063152,,,,1.0
33,hexane_dipole,195,1.0,0.0,0.5859565780063152,0.5859565780063152,,,,1.0
33,hexane_dipole,196,1.0,0.0,0.5859565780063152,0.5859565780063152,,,,1.0
33,hexane_dipole,197,1.0,0.0,0.5859565780063152,0.5859565780063152,,,,1.0
33,hexane_dipole,198,1.0,0.0,0.5859565780063152,0.5859565780063152,,,,1.0
33,hexane_dipole,199,1.0,0.0,0.5859565780063152,0.5859565780063152,,,,1.0
33,hexane_dipole,200,1.0,0.0,0.5859565780063152,0.5859565780063152,,,,1.0
33,hexane_dipole,201,1.0,0.0,0.5859565780063152,0.5859565780063152,,,,1.0
33,hexane_dipole,202,1.0,0.0,0.5859565780063152,0.5859565780063152,,,,1.0
33,hexane_dipole,203,1.0,0.0,0.5859565780063152,0.5859565780063152,,,,1.0
33,hexane_dipole,204,1.0,0.0,0.5859565780063152,0.5859565780063152,,,,1.0
33,hexane_dipole,205,1.0,0.0,0.5859565780063152,0.5859565780063152,,,,1.0
33,hexane_dipole,206,1.0,0.0,0.5859565780063152,0.5859565780063152,,,,1.0
33,hexane_dipole,207,1.0,0.0,0.5859565780063152,0.5859565780063152,,,,1.0
33,hexane_dipole,208,1.0,0.0,0.5859565780063152,0.5859565780063152,,,,1.0
33,hexane_dipole,209,1.0,0.0,0.5859565780063152,0.5859565780063152,,,,1.0
33,hexane_dipole,210,1.0,0.0,0.5859565780063152,0.5859565780063152,,,,1.0
33,hexane_dipole,211,1.0,0.0,0.5859565780063152,0.5859565780063152,,,,1.0
33,hexane_dipole,212,1.0,0.0,0.5859565780063152,0.5859565780063152,,,,1.0
33,hexane_dipole,213,1.0,0.0,0.5859565780063152,0.5859565780063152,,,,1.0
33,hexane_dipole,214,1.0,0.0,0.5859565780063152,0.5859565780063152,,,,1.0
33,hexane_dipole,215,1.0,0.0,0.5859565780063152,0.5859565780063152,,,,1.0
33,hexane_dipole,216,1.0,0.0,0.5859565780063152,0.5859565780063152,,,,1.0
33,hexane_dipole,217,1.0,0.0,0.5859565780063152,0.5859565780063152,,,,1.0
33,hexane_dipole,218,1.0,0.0,0.5859565780063152,0.5859565780063152,,,,1.0
33,hexane_dipole,219,1.0,0.0,0.5859565780063152,0.5859565780063152,,,,1.0
33,hexane_dipole,220,1.0,0.0,0.5859565780063152,0.5859565780063152,,,,1.0
33,hexane_dipole,221,1.0,0.0,0.5859565780063152,0.5859565780063152,,,,1.0
33,hexane_dipole,222,1.0,0.0,0.5859565780063152,0.5859565780063152,,,,1.0
33,hexane_dipole,223,1.0,0.0,0.5859565780063152,0.5859565780063152,,,,1.0
33,hexane_dipole,224,1.0,0.0,0.5859565780063152,0.5859565780063152,,,,1.0
33,hexane_dipole,225,1.0,0.0,0.5859565780063152,0.5859565780063152,,,,1.0
33,hexane_dipole,226,1.0,0.0,0.5859565780063152,0.5859565780063152,,,,1.0
33,hexane_dipole,227,1.0,0.0,0.5859565780063152,0.5859565780063152,,,,1.0
33,hexane_dipole,228,1.0,0.0,0.5859565780063152,0.5859565780063152,,,,1.0
33,hexane_dipole,229,1.0,0.0,0.5859565780063152,0.5859565780063152,,,,1.0
33,hexane_dipole,230,1.0,0.0,0.5859565780063152,0.5859565780063152,,,,1.0
33,hexane_dipole,231,1.0,0.0,0.5859565780063152,0.5859565780063152,,,,1.0
33,hexane_dipole,232,1.0,0.0,0.5859565780063152,0.5859565780063152,,,,1.0
33,hexane_dipole,233,1.0,0.0,0.5859565780063152,0.5859565780063152,,,,1.0
33,hexane_dipole,234,1.0,0.0,0.5859565780063152,0.5859565780063152,,,,1.0
33,hexane_dipole,235,1.0,0.0,0.5859565780063152,0.5859565780063152,,,,1.0
33,hexane_dipole,236,1.0,0.0,0.5859565780063152,0.5859565780063152,,,,1.0
33,hexane_dipole,237,1.0,0.0,0.5859565780063152,0.5859565780063152,,,,1.0
33,hexane_dipole,238,1.0,0.0,0.5859565780063152,0.5859565780063152,,,,1.0
33,hexane_dipole,239,1.0,0.0,0.5859565780063152,0.5859565780063152,,,,1.0
33,hexane_dipole,240,1.0,0.0,0.5859565780063152,0.5859565780063152,,,,1.0
33,hexane_dipole,241,1.0,0.0,0.5859565780063152,0.5859565780063152,,,,1.0
33,hexane_dipole,242,1.0,0.0,0.5859565780063152,0.5859565780063152,,,,1.0
33,hexane_dipole,243,1.0,0.0,0.5859565780063152,0.5859565780063152,,,,1.0
33,hexane_dipole,244,1.0,0.0,0.5859565780063152,0.5859565780063152,,,,1.0
33,hexane_dipole,245,1.0,0.0,0.5859565780063152,0.5859565780063152,,,,1.0
33,hexane_dipole,246,1.0,0.0,0.5859565780063152,0.5859565780063152,,,,1.0
33,hexane_dipole,247,1.0,0.0,0.5859565780063152,0.5859565780063152,,,,1.0
33,hexane_dipole,248,1.0,0.0,0.5859565780063152,0.5859565780063152,,,,1.0
33,hexane_dipole,249,1.0,0.0,0.5859565780063152,0.5859565780063152,,,,1.0
34,sco_kcal,0,0.2880221903324127,0.40724441409111023,0.6473816369822263,0.980538418071073,92.97366333007812,4.527617931365967,0.04869785452351028,0.22
34,sco_kcal,1,0.5842714309692383,0.024352308362722397,0.6190347000131331,0.881242045081909,5.292126178741455,3.547889232635498,0.6704090402997983,0.4
34,sco_kcal,2,0.49049073457717896,0.021758729591965675,0.6496503931840385,0.9220386276512926,4.987398147583008,1.6033601760864258,0.3214822896911581,0.44
34,sco_kcal,3,0.394414484500885,0.04562569037079811,0.6023158128670152,0.8955300232529224,9.323159217834473,2.988564968109131,0.3205528188762711,0.16
34,sco_kcal,4,0.17566192150115967,0.04105621948838234,0.643194518477705,0.9469356682580792,9.302674293518066,0.33513763546943665,0.036025945324448735,0.22
34,sco_kcal,5,0.1534355729818344,0.03616068884730339,0.589729061943931,0.9409622920962788,7.094851493835449,0.27037888765335083,0.03810916801969382,0.14
34,sco_kcal,6,0.900933563709259,0.011447388678789139,0.722186759920892,0.8981745223280846,2.8244469165802,5.025156021118164,1.7791646186087826,0.76
34,sco_kcal,7,0.0304516963660717,0.10680718719959259,0.5890282625511984,0.9598168566000795,20.31161880493164,0.0820564553141594,0.004039877673080206,0.06
34,sco_kcal,8,0.33571672439575195,0.031743671745061874,0.6486866163917129,0.9596791816908552,7.17096471786499,1.0755332708358765,0.14998445999272672,0.2
34,sco_kcal,9,0.18521539866924286,0.05416099354624748,0.6274387145570495,0.9247469280565297,11.495346069335938,1.372709035873413,0.11941432885914949,0.14
34,sco_kcal,10,0.5886948704719543,0.010670858435332775,0.6744400324400228,0.9123752251258879,2.7151713371276855,1.4728347063064575,0.5424463223247391,0.46
34,sco_kcal,11,0.14228637516498566,0.023656470701098442,0.6262765545175375,0.9461622300208139,5.132943630218506,0.17663587629795074,0.03441219873486736,0.1
34,sco_kcal,12,0.43945613503456116,0.02358093671500683,0.6048619465612415,0.9106154142935523,4.769732475280762,1.8985044956207275,0.39803165176658584,0.26
34,sco_kcal,13,0.10316026955842972,0.04246662184596062,0.6407869863813427,0.9406661970417358,9.486492156982422,0.24614045023918152,0.02594641371816375,0.08
34,sco_kcal,14,0.21391314268112183,0.020205341279506683,0.6437140402220689,0.9549345152326238,4.592122554779053,0.270239919424057,0.058848586073299916,0.16
34,sco_kcal,15,0.3969903588294983,0.023240314796566963,0.6360862877666877,0.9223470330227701,5.190908432006836,1.770159363746643,0.3410114793842143,0.2
34,sco_kcal,16,0.0897969976067543,0.023978300392627716,0.6428009995820656,0.9502296323532544,5.447623252868652,0.22648261487483978,0.04157457378418685,0.02
34,sco_kcal,17,0.07502342015504837,0.07093389332294464,0.5839448680147379,0.9595536249621568,13.566171646118164,0.1586766391992569,0.011696493553113842,0.1
34,sco_kcal,18,0.2555362284183502,0.022153906524181366,0.6176263442688783,0.9532561853198522,4.662754535675049,1.0733695030212402,0.2302007310933522,0.1
34,sco_kcal,19,0.40554678440093994,0.03308715298771858,0.6109507884609571,0.906272347637294,6.830312252044678,2.4049456119537354,0.35209892655109676,0.1
34,sco_kcal,20,0.05249595642089844,0.06731989979743958,0.6200513282290383,0.9540491747190083,13.977614402770996,0.14324302971363068,0.010248031286743281,0.04
34,sco_kcal,21,0.11604689061641693,0.01323333103209734,0.6351970795258752,0.9543807215443507,2.9495394229888916,0.27511778473854065,0.09327482880691668,0.02
34,sco_kcal,22,0.07577713578939438,0.024537313729524612,0.6352354669706477,0.9458970461909801,5.536149024963379,0.16273187100887299,0.02939441663782695,0.06
34,sco_kcal,23,0.15429669618606567,0.03902647644281387,0.6008623138584439,0.9202359815893786,7.850127696990967,0.6260232925415039,0.07974689287939417,0.04
34,sco_kcal,24,0.19993257522583008,0.0373024083673954,0.6171054677015861,0.9219027736456824,7.73487663269043,1.1306352615356445,0.14617366445861135,0.06
34,sco_kcal,25,0.34111088514328003,0.02585393562912941,0.6471043103070044,0.9474161039546019,5.8733086585998535,0.6681696176528931,0.11376374995626043,0.28
34,sco_kcal,26,0.5090736150741577,0.03579115495085716,0.6101643301262618,0.9081378281145771,7.173064708709717,3.61458420753479,0.5039107207754407,0.22
34,sco_kcal,27,0.0835178941488266,0.03127649798989296,0.6035653906635263,0.9366718555882243,6.370339393615723,0.2657649517059326,0.04171911970220599,0.04
34,sco_kcal,28,0.06476695835590363,0.011860743165016174,0.6464763575845864,0.9582292799149965,2.7135002613067627,0.11897069960832596,0.043843997844699764,0.04
34,sco_kcal,29,0.5710093975067139,0.027163686230778694,0.6248084364759723,0.8982859761364093,5.697413444519043,3.624256134033203,0.6361230704645047,0.5
34,sco_kcal,30,0.5823483467102051,0.019730256870388985,0.6471542122406382,0.9043864252883769,4.361354351043701,2.664961338043213,0.6110398567833567,0.38
34,sco_kcal,31,0.16385804116725922,0.031302087008953094,0.6230314670013382,0.9374202988365834,6.680229663848877,0.5970390439033508,0.0893740296287001,0.08
34,sco_kcal,32,0.5553184151649475,0.030801568180322647,0.6604236244071697,0.9209124720232607,6.945580959320068,3.130723714828491,0.4507504459547716,0.42
34,sco_kcal,33,0.1320534199476242,0.031090721487998962,0.6044089392273968,0.9391889058492158,6.393906593322754,0.31947702169418335,0.04996585687188763,0.06
34,sco_kcal,34,0.38806235790252686,0.042915236204862595,0.6486221627435131,0.9415737086697589,9.669825553894043,1.9298667907714844,0.1995761743596632,0.28
34,sco_kcal,35,0.08832378685474396,0.023432666435837746,0.6176324962077238,0.9669653593701732,4.924971103668213,0.13946527242660522,0.028317987961945363,0.02
34,sco_kcal,36,0.08024194836616516,0.07239746302366257,0.6114985632982401,0.9363211863875087,14.570902824401855,0.4728562831878662,0.03245209228874788,0.0
34,sco_kcal,37,0.14494308829307556,0.02232164517045021,0.6533673034828962,0.965485344856396,5.081240177154541,0.06243904307484627,0.012288150313298454,0.16
34,sco_kcal,38,0.167555034160614,0.10651174932718277,0.6176529344693997,0.9137252437444474,22.28617286682129,3.48828125,0.15652221989147386,0.04
34,sco_kcal,39,0.14749161899089813,0.03282896429300308,0.6235141531483657,0.9388951815642821,7.039206027984619,0.3624371886253357,0.05148836206589969,0.08
34,sco_kcal,40,0.2656826376914978,0.3259581923484802,0.6457312865614702,0.9842026728144768,73.02410888671875,1.1945990324020386,0.01635896761513657,0.22
34,sco_kcal,41,0.15258917212486267,0.026459626853466034,0.6133515662469131,0.9342733653168003,5.552088260650635,0.5022157430648804,0.09045528808038564,0.04
34,sco_kcal,42,0.5533422827720642,0.01831061579287052,0.659196631115573,0.9320985004394373,4.324694633483887,1.7941197156906128,0.41485465859246257,0.36
34,sco_kcal,43,0.16183406114578247,0.027283038944005966,0.6187882544020844,0.9581026852112866,5.735386848449707,0.12433316558599472,0.021678252726684402,0.08
34,sco_kcal,44,0.18215273320674896,0.04194352403283119,0.5915893632306131,0.9211225633667071,8.139724731445312,0.5689225196838379,0.06989456504419388,0.1
34,sco_kcal,45,0.6894550323486328,0.021428564563393593,0.6734857100723912,0.8839922370354587,5.096887111663818,4.3711957931518555,0.8576206805029531,0.52
34,sco_kcal,46,0.7546149492263794,0.01640140824019909,0.6866093734644398,0.8914778701280421,3.9949488639831543,3.6166763305664062,0.9053122965284737,0.52
34,sco_kcal,47,0.4563681483268738,0.03423042967915535,0.6020621235236254,0.9016321003947698,6.682772159576416,2.883446455001831,0.4314746015798026,0.36
34,sco_kcal,48,0.27235183119773865,0.15920646488666534,0.6216369687909058,0.9418610664736355,33.03662872314453,3.841193437576294,0.11627074511041928,0.22
34,sco_kcal,49,0.04311608523130417,0.07373619824647903,0.5861629675430049,0.9450436012530976,14.072522163391113,0.11657974869012833,0.0082842114111857,0.02
34,sco_kcal,50,0.2180313616991043,0.02459799498319626,0.6468451368103183,0.9531468010691437,5.596887111663818,0.5540945529937744,0.09900048758157919,0.04
34,sco_kcal,51,0.16815045475959778,0.0465913861989975,0.6241442416137379,0.9215670613480524,10.026803970336914,1.0575588941574097,0.10547317941849363,0.1
34,sco_kcal,52,0.507006049156189,0.01757023297250271,0.6591805286547969,0.9135401263534864,4.151393890380859,2.038219690322876,0.4909723683521355,0.18
34,sco_kcal,53,0.4581991136074066,0.024724144488573074,0.6480970272502917,0.932812482631765,5.5736188888549805,2.0579404830932617,0.36922877651507957,0.38
34,sco_kcal,54,0.16819563508033752,0.03689361363649368,0.6220761328286415,0.9167274046672247,8.038721084594727,0.9588427543640137,0.11927802249558381,0.04
34,sco_kcal,55,0.21702389419078827,0.05531052127480507,0.6119863124530116,0.9239715239184223,11.434090614318848,1.2474658489227295,0.10910057397660772,0.08
34,sco_kcal,56,0.15235836803913116,0.041450634598731995,0.6462987336272206,0.9681824255520137,9.34972858428955,0.21469560265541077,0.022962763113377013,0.1
34,sco_kcal,57,0.6075609922409058,0.019022757187485695,0.6498562525179921,0.9119675774673162,4.176385879516602,2.585649013519287,0.6191116166254649,0.42
34,sco_kcal,58,0.151232048869133,0.04980789124965668,0.5791681484382725,0.9506446933390591,9.036943435668945,1.0964967012405396,0.12133490809654195,0.1
34,sco_kcal,59,0.035607948899269104,0.08028227835893631,0.6369968831229729,0.9708977576733777,17.90243911743164,0.048807065933942795,0.0027262802355473036,0.02
34,sco_kcal,60,0.17985598742961884,0.021186551079154015,0.6392967478232991,0.927829340165168,4.797987937927246,0.5301888585090637,0.11050233251276323,0.06
34,sco_kcal,61,0.41573435068130493,0.0313229002058506,0.616385453043431,0.8937658492784897,6.579921722412109,2.4021499156951904,0.36507271925639184,0.14
34,sco_kcal,62,0.2774747610092163,0.023100392892956734,0.6241687601555241,0.9254444408497775,5.001035213470459,0.827147364616394,0.16539522904946646,0.14
34,sco_kcal,63,0.05063026025891304,0.023142166435718536,0.6171576214555794,0.9483875955135017,4.917642593383789,0.06950756162405014,0.014134325605029903,0.04
34,sco_kcal,64,0.5211328864097595,0.03292221203446388,0.603072403123802,0.8839963747202666,6.752101898193359,3.6061055660247803,0.5340715558498392,0.32
34,sco_kcal,65,0.4165131747722626,0.03925827518105507,0.5875746657416165,0.8925363477803325,7.6618194580078125,2.963791847229004,0.38682611401543443,0.22
34,sco_kcal,66,0.6548757553100586,0.026907091960310936,0.6416468444539583,0.8938688373942802,5.812047958374023,4.249344348907471,0.7311268556869007,0.46
34,sco_kcal,67,0.5681108832359314,0.01557050459086895,0.6737228362553696,0.913557732958129,3.7591729164123535,2.01267671585083,0.5354041329313659,0.42
34,sco_kcal,68,0.12349452823400497,0.054817285388708115,0.5839376403880681,0.9248899871751628,10.462925910949707,0.6083738803863525,0.05814567412253913,0.02
34,sco_kcal,69,0.25669780373573303,0.15423400700092316,0.644049409624027,0.9793132713004515,34.50934982299805,0.9457095861434937,0.027404445200913202,0.3
34,sco_kcal,70,0.4873102903366089,0.033836737275123596,0.6380271314054644,0.8937821587831933,7.4842705726623535,3.559466600418091,0.4755929874341641,0.24
34,sco_kcal,71,0.6795292496681213,0.01948329247534275,0.6619587229532251,0.9019806662616572,4.421699047088623,3.811995506286621,0.8621110269358,0.64
34,sco_kcal,72,0.04853493347764015,0.20878872275352478,0.6102342303051866,0.9065819687266212,42.52288818359375,1.0313831567764282,0.024254776682228234,0.08
34,sco_kcal,73,0.2550062835216522,0.41218167543411255,0.6448430812878785,0.9877509272889773,92.86125946044922,2.3943796157836914,0.025784483537007033,0.32
34,sco_kcal,74,0.25998181104660034,0.025620633736252785,0.6197408945686416,0.9187651591253296,5.405867576599121,0.9034605026245117,0.1671259034415502,0.1
34,sco_kcal,75,0.24604429304599762,0.09809321910142899,0.6465930850406687,0.9375152006787197,22.45357894897461,1.308996558189392,0.05829790258221486,0.22
34,sco_kcal,76,0.2603418529033661,0.025816425681114197,0.645698943451944,0.9301683071821643,5.808420658111572,0.9046061038970947,0.15574045978123066,0.12
34,sco_kcal,77,0.06745634973049164,0.16350023448467255,0.6357273595184934,0.9040097327454732,36.3820686340332,2.388887643814087,0.06566112740437823,0.02
34,sco_kcal,78,0.04801846295595169,0.049752913415431976,0.6210870270648821,0.9657026753195437,10.597306251525879,0.1069028228521347,0.010087735535315123,0.04
34,sco_kcal,79,0.518230140209198,0.025447342544794083,0.6627149913447759,0.9624844576422786,5.888462543487549,1.9433025121688843,0.33001865899921784,0.4
34,sco_kcal,80,0.5066500306129456,0.024662232026457787,0.6108279917321011,0.9139379838750268,5.139003753662109,2.572941303253174,0.500669278830487,0.22
34,sco_kcal,81,0.43251100182533264,0.02036367729306221,0.6542542931755841,0.9156119105403848,4.738037586212158,1.8170135021209717,0.3834949531444283,0.28
34,sco_kcal,82,0.18530145287513733,0.048916976898908615,0.6283384035685393,0.9209009795955283,10.458171844482422,0.9183852672576904,0.08781508670104872,0.1
34,sco_kcal,83,0.09503497928380966,0.13332447409629822,0.6089896149092571,0.9071605354236387,26.874923706054688,1.7475358247756958,0.06502477342408199,0.08
34,sco_kcal,84,0.2217215895652771,0.02717704139649868,0.6441512968990144,0.9568955966978574,6.138420581817627,0.38350602984428406,0.06247633649936795,0.14
34,sco_kcal,85,0.21702644228935242,0.0190570205450058,0.6390743890960657,0.9418674869730663,4.2483320236206055,0.5344756841659546,0.1258083598914315,0.06
34,sco_kcal,86,0.1619594246149063,0.06175742670893669,0.6451552809962326,0.9199734793779228,13.931070327758789,1.182517170906067,0.08488343989979043,0.06
34,sco_kcal,87,0.660121738910675,0.026227587834000587,0.6456091358177463,0.9261559438970732,5.681188106536865,4.448166847229004,0.7829641905556467,0.32
34,sco_kcal,88,0.08580293506383896,0.036151546984910965,0.6072378127138451,0.9529684569995878,7.442873001098633,0.10587097704410553,0.014224477164729004,0.04
34,sco_kcal,89,0.42694976925849915,0.04135027527809143,0.5965669033710042,0.8915562116054381,8.195189476013184,3.2935941219329834,0.40189359032797606,0.14
34,sco_kcal,90,0.13570602238178253,0.1251051276922226,0.6301646525627409,0.889027207458329,26.80154800415039,3.337782382965088,0.12453692534655875,0.02
34,sco_kcal,91,0.24740029871463776,0.050189144909381866,0.5966138286105631,0.9066992730421923,9.831929206848145,2.0183558464050293,0.20528584003627715,0.08
34,sco_kcal,92,0.09593788534402847,0.055149272084236145,0.6023806296434091,0.9460336926222555,10.798901557922363,0.1399325728416443,0.012958037638465739,0.08
34,sco_kcal,93,0.1999853402376175,0.027157438918948174,0.6048401300644684,0.9529652483768747,5.607105255126953,0.4694114923477173,0.08371726068785722,0.1
34,sco_kcal,94,0.264891654253006,0.032462235540151596,0.6095324824690935,0.9123687525802595,6.676691055297852,1.5387934446334839,0.23047246486153872,0.08
34,sco_kcal,95,0.15730050206184387,0.009280132129788399,0.618114494663875,0.9418528331326641,1.8503366708755493,0.15694892406463623,0.0848218200152573,0.08
34,sco_kcal,96,0.2473583072423935,0.025016462430357933,0.5939839203139696,0.943981906095809,5.05714225769043,0.6882522702217102,0.1360950978143991,0.18
34,sco_kcal,97,0.47560417652130127,0.013119257986545563,0.6546552693717447,0.9386022885651979,3.094712495803833,1.1258876323699951,0.36381009024153393,0.3
34,sco_kcal,98,0.2958992123603821,0.016291897743940353,0.6465510790965057,0.9373032299652992,3.745786428451538,0.8387541770935059,0.22391938064665276,0.16
34,sco_kcal,99,0.16895997524261475,0.048792190849781036,0.6103959685856117,0.9224260420481127,9.875348091125488,0.9569001197814941,0.09689786232866215,0.02
34,sco_kcal,100,0.4305373728275299,0.019941110163927078,0.6266070980409824,0.9128097475093486,4.408061981201172,1.501490831375122,0.3406238019743031,0.18
34,sco_kcal,101,0.48583391308784485,0.01703282631933689,0.6159493394431987,0.9126623562073619,3.67795467376709,1.6312984228134155,0.4435341290224718,0.26
34,sco_kcal,102,0.12781496345996857,0.007288315799087286,0.6218514500422332,0.9599595477193161,1.6198590993881226,0.09783937782049179,0.060399930992423446,0.08
34,sco_kcal,103,0.10213905572891235,0.03428930789232254,0.6426671121286529,0.9470023952581517,7.7442402839660645,0.18111616373062134,0.02338720869826448,0.02
34,sco_kcal,104,0.07468072324991226,0.02605966478586197,0.6164658832393246,0.9475214286866003,5.547508716583252,0.051705289632081985,0.009320452165765613,0.04
34,sco_kcal,105,0.07354485243558884,0.025143340229988098,0.6130977969475198,0.9736726494241141,5.354745864868164,0.21212919056415558,0.03961517426175337,0.02
34,sco_kcal,106,0.10472337156534195,0.033051181584596634,0.6165209624635859,0.9477480952686896,6.860199928283691,0.1527480185031891,0.022265826083789384,0.04
34,sco_kcal,107,0.36461499333381653,0.06075253710150719,0.6289655128126124,0.8955787062683984,13.112140655517578,3.181074619293213,0.24260528489332664,0.16
34,sco_kcal,108,0.5919577479362488,0.034861788153648376,0.6573115116146386,0.8819540409281024,8.064864158630371,5.588812351226807,0.6929828254138798,0.48
34,sco_kcal,109,0.6702619791030884,0.02199719287455082,0.6304754193685667,0.9300538409165824,4.666635036468506,3.3638508319854736,0.7208300639964081,0.72
34,sco_kcal,110,0.6735523343086243,0.03127273917198181,0.6260768068728086,0.9096359987992779,6.316012859344482,4.912554740905762,0.7777936572180474,0.5
34,sco_kcal,111,0.28849419951438904,0.06243898347020149,0.5953594890125247,0.8884535440988426,12.243307113647461,3.452486991882324,0.28198974017680895,0.12
34,sco_kcal,112,0.04149246960878372,0.029674850404262543,0.6513342129264361,0.9575092004874568,6.706127166748047,0.15709549188613892,0.02342566551154712,0.02
34,sco_kcal,113,0.5459919571876526,0.03181431069970131,0.6176398786166188,0.8862477595945253,6.57889986038208,3.687652111053467,0.5605271685712055,0.36
34,sco_kcal,114,0.08335887640714645,0.022509707137942314,0.584757376717256,0.9406466857823459,4.410205364227295,0.18425776064395905,0.04177985953636936,0.02
34,sco_kcal,115,0.0741945207118988,0.0803503468632698,0.6042184136469533,0.9494103903108899,15.899703979492188,0.3393167555332184,0.021341073769101434,0.06
34,sco_kcal,116,0.6690247058868408,0.02359568327665329,0.6254194469107284,0.8936107749585132,4.855246067047119,4.022374629974365,0.8284594795873461,0.52
34,sco_kcal,117,0.24088966846466064,0.015132859349250793,0.6244121854872193,0.9682930790940416,3.4078104496002197,0.0874958410859108,0.025675090319702255,0.22
34,sco_kcal,118,0.5689190626144409,0.023407557979226112,0.6579207170588914,0.8875666439728815,5.429773807525635,3.6617581844329834,0.6743850322747897,0.24
34,sco_kcal,119,0.09855274856090546,0.04839394614100456,0.5994409471210578,0.9496158651350242,9.373557090759277,0.27019596099853516,0.028825339023635127,0.06
34,sco_kcal,120,0.20622922480106354,0.06489674746990204,0.5993084946639253,0.9106324342184984,12.911954879760742,1.7311171293258667,0.13407087814714733,0.08
34,sco_kcal,121,0.7388125658035278,0.014607025310397148,0.6869139788454399,0.892787003619089,3.512646198272705,3.4180819988250732,0.973078928502924,0.4
34,sco_kcal,122,0.09428700059652328,0.03628048300743103,0.6103284549919641,0.9545076918212774,7.427987575531006,0.058625657111406326,0.007892535698972995,0.04
34,sco_kcal,123,0.07668136805295944,0.02297130413353443,0.6319174659434144,0.9647576332620336,5.0139617919921875,0.17895157635211945,0.03569065417249958,0.06
34,sco_kcal,124,0.10149907320737839,0.18317101895809174,0.6336214556078634,0.8946169386242955,40.0615234375,4.156644344329834,0.10375652216058674,0.04
34,sco_kcal,125,0.24280326068401337,0.02874002233147621,0.6480222522799055,0.9637002927491667,6.5511250495910645,0.37940192222595215,0.05791401009047068,0.22
34,sco_kcal,126,0.2242724597454071,0.03087066113948822,0.5778548858427957,0.9183628299086988,5.616644859313965,0.952231228351593,0.16953737546224376,0.1
34,sco_kcal,127,0.7018802762031555,0.029166849330067635,0.6356342074125658,0.8841882529503498,6.124354839324951,5.248366832733154,0.8569664838870846,0.52
34,sco_kcal,128,0.3635024130344391,0.03578411787748337,0.608425300263278,0.8943915156370612,7.291563510894775,2.180999755859375,0.2991127695178967,0.06
34,sco_kcal,129,0.21552331745624542,0.08841165155172348,0.6479063409263288,0.9781263972280279,20.16950798034668,0.7710080742835999,0.03822641955544359,0.14
34,sco_kcal,130,0.14552271366119385,0.04109792783856392,0.623922845886818,0.9175320032015033,8.84576416015625,0.8020302057266235,0.09066827819570272,0.04
34,sco_kcal,131,0.08277453482151031,0.04372166469693184,0.6324724200267462,0.9612185481454358,9.744074821472168,0.13250450789928436,0.01359846987292172,0.02
34,sco_kcal,132,0.39258840680122375,0.021466022357344627,0.6138375763393389,0.9324055403012319,4.4766621589660645,1.6640074253082275,0.3717071707042885,0.1
34,sco_kcal,133,0.15953069925308228,0.0655376985669136,0.5867558471938317,0.9438499118282746,12.535904884338379,1.2769120931625366,0.10186038462670816,0.08
34,sco_kcal,134,0.22990135848522186,0.09710168093442917,0.6252114724468834,0.9153212501340755,20.421443939208984,2.4773082733154297,0.12130916308807237,0.26
34,sco_kcal,135,0.8047354817390442,0.011551680974662304,0.6968498904364804,0.8945880049482804,2.737438917160034,3.2357428073883057,1.182032880114541,0.62
34,sco_kcal,136,0.6338945627212524,0.022079957649111748,0.6240215063027974,0.8860903239276114,4.615763187408447,3.1169285774230957,0.6752791360540135,0.3
34,sco_kcal,137,0.02262905053794384,0.09104819595813751,0.6271216631893164,0.9560954874014578,19.638883590698242,0.04588699713349342,0.0023365379667114753,0.02
34,sco_kcal,138,0.2370547205209732,0.37626913189888,0.6452844051395641,0.9845759660150284,84.31727600097656,1.6994051933288574,0.02015488727730216,0.2
34,sco_kcal,139,0.05327864736318588,0.061799343675374985,0.6385964069719092,0.9393859576654249,13.594728469848633,0.2141328901052475,0.015751170799782197,0.02
34,sco_kcal,140,0.12076012790203094,0.01991712860763073,0.6362181487247511,0.9473037249213749,4.429335594177246,0.1712813824415207,0.03866976859163375,0.04
34,sco_kcal,141,0.22300304472446442,0.08349166065454483,0.6463187404916493,0.972899009067342,18.7790470123291,0.4489489197731018,0.02390690643025448,0.2
34,sco_kcal,142,0.3938368856906891,0.03420846536755562,0.5975702633105431,0.8956357936008004,6.732186794281006,2.3221945762634277,0.34493911818313366,0.14
34,sco_kcal,143,0.18815506994724274,0.06951815634965897,0.6461127309796812,0.9748661140824602,15.616427421569824,0.23902958631515503,0.015306291244628782,0.2
34,sco_kcal,144,0.4335050880908966,0.02694968320429325,0.6005874034784704,0.9158095649061331,5.357750415802002,1.924883484840393,0.35927083858986686,0.16
34,sco_kcal,145,0.24671761691570282,0.016766732558608055,0.6512442802365626,0.9412481272117437,3.858602523803711,0.8714237213134766,0.22583920368518537,0.04
34,sco_kcal,146,0.14416851103305817,0.04077481850981712,0.5928626562137875,0.9278237775481468,7.757679462432861,0.4673503637313843,0.060243577476301144,0.1
34,sco_kcal,147,0.1577412486076355,0.01681624725461006,0.5936337141344452,0.9591933515149142,3.4681761264801025,0.06957849860191345,0.020061985338826947,0.18
34,sco_kcal,148,0.14380057156085968,0.0477895550429821,0.5828191934787712,0.9244790608511257,9.12707233428955,0.8434456586837769,0.09241141384571162,0.02
34,sco_kcal,149,0.06346922367811203,0.05434715747833252,0.6045766951620235,0.9449384984514355,10.845412254333496,0.12462851405143738,0.01149135792432783,0.02
34,sco_kcal,150,0.3277330994606018,0.025562139227986336,0.5966522659239364,0.9076565980911937,5.127119541168213,1.240390658378601,0.24192739186572162,0.14
34,sco_kcal,151,0.04898175597190857,0.10993878543376923,0.6291376789108698,0.9186633229409717,23.823320388793945,0.6857419610023499,0.02878448301123089,0.04
34,sco_kcal,152,0.2526838183403015,0.04648751765489578,0.5887037785550404,0.917355567411696,8.960792541503906,2.0142407417297363,0.22478377134615402,0.1
34,sco_kcal,153,0.25038138031959534,0.1655198186635971,0.6465093297311331,0.9179667302945493,37.54237365722656,3.364501953125,0.08961878606408692,0.12
34,sco_kcal,154,0.2774112820625305,0.04229046031832695,0.6457641158960181,0.9586937816878653,9.596420288085938,0.6413258910179138,0.06682970021791637,0.22
34,sco_kcal,155,0.14935341477394104,0.037578314542770386,0.6447398847532482,0.9602599454424037,8.469279289245605,0.2903571128845215,0.03428356805439402,0.1
34,sco_kcal,156,0.09517890214920044,0.03782198950648308,0.6367061103691365,0.9491544289146006,8.549144744873047,0.2924649715423584,0.03420985142610326,0.02
34,sco_kcal,157,0.6434192061424255,0.015940582379698753,0.6806117138351593,0.9129844749782472,3.7874863147735596,2.7356739044189453,0.7222927496128793,0.38
34,sco_kcal,158,0.07091920077800751,0.04298621788620949,0.5814080626770151,0.9690968055222391,8.158795356750488,0.16299432516098022,0.019977744021501986,0.06
34,sco_kcal,159,0.38723766803741455,0.02598564699292183,0.649292295991976,0.9457199405963472,5.9481282234191895,1.0006181001663208,0.1682240299102246,0.28
34,sco_kcal,160,0.6325387954711914,0.02658979780972004,0.6614021979964191,0.8860305226404395,6.258183479309082,3.8808882236480713,0.620130144231011,0.36
34,sco_kcal,161,0.10364945977926254,0.05282117798924446,0.5873926318619325,0.923369735455219,10.190603256225586,0.8222204446792603,0.08068417776709676,0.02
34,sco_kcal,162,0.19200699031352997,0.034454844892024994,0.645887384428584,0.9269783381893442,7.959907531738281,1.1891497373580933,0.14939240595655603,0.02
34,sco_kcal,163,0.6866515278816223,0.009473082609474659,0.674101321488418,0.9220966984189669,2.203179121017456,1.859749436378479,0.8441208518350624,0.6
34,sco_kcal,164,0.5119653940200806,0.028730593621730804,0.6232011292180615,0.9228892149040322,6.047781944274902,3.0349016189575195,0.5018206090962806,0.42
34,sco_kcal,165,0.0698963850736618,0.05571964010596275,0.5812224222416216,0.9472142615734571,10.644604682922363,0.18146339058876038,0.01704745230040253,0.04
34,sco_kcal,166,0.060657743364572525,0.08105538785457611,0.6290814585705311,0.9364693635464474,17.334802627563477,0.5086340308189392,0.029341783794536988,0.02
34,sco_kcal,167,0.056723952293395996,0.08527867496013641,0.643426771921326,0.9596134172596,19.180133819580078,0.10280881822109222,0.005360172102456325,0.02
34,sco_kcal,168,0.25005921721458435,0.02330131083726883,0.6404465519402212,0.9591329953780359,5.232019424438477,0.1746608167886734,0.0333830596982959,0.26
34,sco_kcal,169,0.7604601979255676,0.030323337763547897,0.6544234362950743,0.9220170391480265,6.435531139373779,5.71987771987915,0.8887965260371241,0.82
34,sco_kcal,170,0.20279839634895325,0.035320743918418884,0.5980476574045956,0.9448432997794389,7.049983978271484,0.32942530512809753,0.04672709982652557,0.18
34,sco_kcal,171,0.19011692702770233,0.03546284884214401,0.6004634485989062,0.94607671797532,7.154047966003418,0.8004769682884216,0.11189147348359268,0.02
34,sco_kcal,172,0.2915431261062622,0.018679877743124962,0.6162277349074972,0.939332699529277,3.9975414276123047,0.8371729254722595,0.20942195112466797,0.08
34,sco_kcal,173,0.8055643439292908,0.019414599984884262,0.6871073061877864,0.8930002758064577,4.605368614196777,5.472668647766113,1.1883236948494733,0.6
34,sco_kcal,174,0.2085328847169876,0.03271382674574852,0.6307683274966813,0.9345559397808072,7.0733513832092285,0.8097711801528931,0.11448196707364681,0.1
34,sco_kcal,175,0.10400456190109253,0.02606826089322567,0.5971496689482378,0.9584781945864334,5.1894426345825195,0.06872021406888962,0.013242311151285715,0.1
34,sco_kcal,176,0.04442482441663742,0.09840063005685806,0.6054823954544188,0.9600452414194875,19.69153594970703,0.024551089853048325,0.0012467838931281333,0.04
34,sco_kcal,177,0.3194520175457001,0.04481179639697075,0.5999093523186823,0.8965202621982464,9.161172866821289,2.3715364933013916,0.2588682178338,0.1
34,sco_kcal,178,0.8324999809265137,0.012213698588311672,0.7128616490092268,0.8973051424754903,2.8706252574920654,3.952096462249756,1.3767371592426252,0.72
34,sco_kcal,179,0.2075503170490265,0.03249610215425491,0.6468646334085684,0.9534379489453984,7.32948112487793,0.4314056634902954,0.058858963702902,0.12
34,sco_kcal,180,0.3237012028694153,0.01886080391705036,0.6483808289145141,0.9430487752956465,4.450898170471191,0.7459455132484436,0.16759437863514962,0.24
34,sco_kcal,181,0.6522408127784729,0.032937511801719666,0.6188513270891915,0.9007146719594856,6.582135200500488,5.2233357429504395,0.7935625118355623,0.64
34,sco_kcal,182,0.15006837248802185,0.06304999440908432,0.6049030301918774,0.9229374937190751,12.782709121704102,0.2525428533554077,0.01975659861700275,0.04
34,sco_kcal,183,0.28504374623298645,0.07081624865531921,0.6210236276513983,0.8941114833595902,14.959650993347168,3.878437042236328,0.25925986134042434,0.12
34,sco_kcal,184,0.2341856211423874,0.06256486475467682,0.6238853213606967,0.9405566047196707,13.320192337036133,1.2294174432754517,0.09229727410595398,0.14
34,sco_kcal,185,0.4293486773967743,0.024013713002204895,0.643865320974212,0.9056881957446397,5.480494976043701,2.3498904705047607,0.42877340108449774,0.08
34,sco_kcal,186,0.5308794379234314,0.021541163325309753,0.6339416895737389,0.9062544657767704,4.72096586227417,2.408482074737549,0.5101672295459773,0.32
34,sco_kcal,187,0.29128143191337585,0.09777098149061203,0.6469538485463746,0.9697356513303677,21.957143783569336,0.8960840702056885,0.04081059353795523,0.18
34,sco_kcal,188,0.7366023063659668,0.02519693411886692,0.6211708288123463,0.9095226870630095,5.4200334548950195,4.935160160064697,0.9105405346912727,0.22
34,sco_kcal,189,0.042286764830350876,0.031005531549453735,0.6332964423590954,0.9653241234689751,6.715429782867432,0.16493453085422516,0.024560532413727288,0.04
34,sco_kcal,190,0.10410456359386444,0.01985088177025318,0.6432330454902351,0.9564029291074168,4.49067497253418,0.16552938520908356,0.03686069159346706,0.02
34,sco_kcal,191,0.33545029163360596,0.03759591281414032,0.6027161717252734,0.9276906338466984,7.53380823135376,1.7962162494659424,0.23842075538776727,0.12
34,sco_kcal,192,0.41554689407348633,0.0238475538790226,0.6230181414228575,0.8874190970905167,5.0865159034729,2.0713694095611572,0.4072275500302469,0.16
34,sco_kcal,193,0.05283598229289055,0.05450505018234253,0.5944151899308228,0.9585097648806455,10.677576065063477,0.042294204235076904,0.0039610304789550075,0.04
34,sco_kcal,194,0.2899805009365082,0.025574926286935806,0.618822904698612,0.9417768016371661,5.4497222900390625,0.7984976768493652,0.1465208013092428,0.12
34,sco_kcal,195,0.5080761313438416,0.02057936228811741,0.6637931253796823,0.96089219845874,4.93851900100708,1.4834860563278198,0.3003908775131375,0.26
34,sco_kcal,196,0.15680338442325592,0.05320829898118973,0.5972028934665565,0.9323718832990928,10.514814376831055,0.9318700432777405,0.0886244882583069,0.02
34,sco_kcal,197,0.15788793563842773,0.021652216091752052,0.6494000057521625,0.9653763605199086,5.014081001281738,0.2398989349603653,0.04784504576193334,0.04
34,sco_kcal,198,0.4089123606681824,0.04792344570159912,0.5882005186994266,0.8959198492805827,9.298869132995605,4.012639045715332,0.4315190361672152,0.2
34,sco_kcal,199,0.43446293473243713,0.016353562474250793,0.6293839454122203,0.9036020475842739,3.697249174118042,1.2969591617584229,0.35079030400157035,0.16
34,sco_kcal,200,0.43480291962623596,0.024760957807302475,0.6385338951103547,0.9288093698032895,5.527615547180176,1.667323350906372,0.3016351873018612,0.34
34,sco_kcal,201,0.4755908250808716,0.028553983196616173,0.625389589771012,0.8929447125271537,6.14655876159668,2.7581348419189453,0.44872829641711093,0.18
34,sco_kcal,202,0.4061567783355713,0.021886663511395454,0.6490723696968832,0.9084995915173579,5.015341758728027,1.6182726621627808,0.3226644842989127,0.16
34,sco_kcal,203,0.4932578206062317,0.02884018048644066,0.6154320109741247,0.8991168031487518,5.927641868591309,3.0397462844848633,0.5128086938908225,0.22
34,sco_kcal,204,0.18560220301151276,0.03494918718934059,0.6059810382969637,0.9305886053071086,7.161011695861816,0.8295230269432068,0.11583880353422255,0.04
34,sco_kcal,205,0.571482241153717,0.026021944358944893,0.6536602727775436,0.9054738105250204,5.939542770385742,3.642329692840576,0.6132340204705734,0.1
34,sco_kcal,206,0.13834744691848755,0.025084830820560455,0.6141894913829722,0.9644195706984937,5.274868011474609,0.1818871796131134,0.03448184470539314,0.08
34,sco_kcal,207,0.7324097752571106,0.039011698216199875,0.6248902362118356,0.9068973787791783,8.062114715576172,7.949378490447998,0.9860165441567874,0.32
34,sco_kcal,208,0.10685103386640549,0.13420282304286957,0.6329516103062485,0.9053743439432611,28.872650146484375,3.14395809173584,0.10889052704843785,0.02
34,sco_kcal,209,0.06811444461345673,0.06841761618852615,0.6710065532212368,0.9539887056725063,15.83586597442627,0.4309232831001282,0.027211854646663265,0.0
34,sco_kcal,210,0.18395806849002838,0.03449603542685509,0.5997694407753382,0.9364550738783386,6.9152512550354,0.7221432328224182,0.10442762036977085,0.14
34,sco_kcal,211,0.05106620863080025,0.10422783344984055,0.6149141045423017,0.9539676850218839,21.59610366821289,0.05415640398859978,0.002507693277482831,0.04
34,sco_kcal,212,0.519163191318512,0.027465105056762695,0.628358782673772,0.8948617998828421,5.909363746643066,3.0654537677764893,0.5187451473972782,0.28
34,sco_kcal,213,0.24676941335201263,0.044495582580566406,0.6289649154252848,0.9156401254799222,9.664965629577637,1.3971554040908813,0.144558755575413,0.04
34,sco_kcal,214,0.168034628033638,0.09845373034477234,0.6304648054140023,0.8980456508866066,21.645597457885742,3.2193562984466553,0.14873030438223392,0.06
34,sco_kcal,215,0.09338454157114029,0.10408356040716171,0.5822021535894453,0.9255885630259804,19.592512130737305,1.2045080661773682,0.0614779798598517,0.06
34,sco_kcal,216,0.2556094527244568,0.04007411003112793,0.6399724498237789,0.9285722062862669,8.896476745605469,1.30912184715271,0.14715059507117442,0.1
34,sco_kcal,217,0.26263105869293213,0.33919715881347656,0.6451697183453504,0.9831821698519703,75.85977172851562,1.0482417345046997,0.01381815039275509,0.12
34,sco_kcal,218,0.23480303585529327,0.16178464889526367,0.6455656459609684,0.9817782147291467,36.25913619995117,0.6255414485931396,0.01725196775630805,0.24
34,sco_kcal,219,0.5137655138969421,0.028648817911744118,0.6144788550509834,0.8888609146437998,5.979213714599609,3.4002981185913086,0.5686864997463977,0.32
34,sco_kcal,220,0.6201379895210266,0.011880914680659771,0.6626857440549536,0.929772032274178,2.7049472332000732,1.7190730571746826,0.6355292391936764,0.34
34,sco_kcal,221,0.3404819071292877,0.0434185154736042,0.5940800874330032,0.8891251163944653,8.725285530090332,2.9392881393432617,0.33687013785471287,0.1
34,sco_kcal,222,0.3392893671989441,0.03545934334397316,0.6227625622907198,0.9134845515814385,7.476592540740967,2.3437602519989014,0.3134797354847725,0.06
34,sco_kcal,223,0.5249812006950378,0.03047763742506504,0.5987927223941625,0.9369558876733717,5.982333660125732,2.8728549480438232,0.4802231221558852,0.48
34,sco_kcal,224,0.3378041982650757,0.04462800174951553,0.6500251073257646,0.9649816218584186,10.080841064453125,1.4119194746017456,0.14005969001737661,0.3
34,sco_kcal,225,0.43763723969459534,0.03911209478974342,0.5970202357994039,0.8898479627677824,7.805855751037598,2.9123923778533936,0.37310353544084673,0.24
34,sco_kcal,226,0.7157392501831055,0.010705401189625263,0.6831197755569891,0.8993726380065064,2.53739070892334,2.2517008781433105,0.8874080251908653,0.56
34,sco_kcal,227,0.07813048362731934,0.023985443636775017,0.6590147272440594,0.9559068986564481,5.507633209228516,0.09080367535352707,0.01648687773931235,0.04
34,sco_kcal,228,0.49187856912612915,0.04078635945916176,0.6163607613361437,0.9046531744492197,8.380383491516113,3.715467691421509,0.44335294383399815,0.18
34,sco_kcal,229,0.47738879919052124,0.03347582742571831,0.6487798291833835,0.8883571162817252,7.6300554275512695,3.7867417335510254,0.49629282113436923,0.18
34,sco_kcal,230,0.03718433156609535,0.09595901519060135,0.5877933975616352,0.9619538681510515,18.263643264770508,0.09717436879873276,0.005320645360292182,0.0
34,sco_kcal,231,0.23412704467773438,0.05559302121400833,0.5754458127802256,0.9253258275372311,10.258650779724121,2.004068613052368,0.19535401448827389,0.16
34,sco_kcal,232,0.24643665552139282,0.025510184466838837,0.598564930265544,0.9357355600269921,5.231381416320801,0.9789513945579529,0.18713057157404583,0.1
34,sco_kcal,233,0.3994036614894867,0.031057652086019516,0.6034296665131165,0.9154189568114297,6.287392616271973,2.0835464000701904,0.3313848088121467,0.16
34,sco_kcal,234,0.1278013288974762,0.03402296453714371,0.5939980371487308,0.9501253770015057,6.732948303222656,0.11565283685922623,0.017177146125400992,0.08
34,sco_kcal,235,0.12508268654346466,0.021171774715185165,0.6087848472255397,0.9581959104025977,4.394654273986816,0.27731767296791077,0.06310341057075441,0.02
34,sco_kcal,236,0.08772669732570648,0.030931757763028145,0.6020580239410793,0.9556749148493344,6.272803783416748,0.12279000878334045,0.01957498002854119,0.04
34,sco_kcal,237,0.19078049063682556,0.17339208722114563,0.64494331373774,0.980663151897528,38.88527297973633,0.9009308218955994,0.02316894682377792,0.2
34,sco_kcal,238,0.05460059642791748,0.16259033977985382,0.634696154350278,0.9291941752416679,35.64311599731445,1.267323613166809,0.03555591529265556,0.04
34,sco_kcal,239,0.580322265625,0.06480879336595535,0.6718879083277316,0.9814922036985911,16.22730255126953,2.1080987453460693,0.1299106082902943,0.56
34,sco_kcal,240,0.6275300979614258,0.024500997737050056,0.6349446545649624,0.8890007023283051,5.33829402923584,3.561990737915039,0.6672526313476456,0.4
34,sco_kcal,241,0.29603615403175354,0.09886468946933746,0.6487249591909987,0.9796883268093257,22.751325607299805,0.8225796222686768,0.03615523932393419,0.18
34,sco_kcal,242,0.05234897881746292,0.04839484766125679,0.6116585236582972,0.9639683401208627,9.876032829284668,0.035290252417325974,0.003573322712403548,0.02
34,sco_kcal,243,0.5924298167228699,0.03261014446616173,0.610715302925585,0.90012425096415,6.663352012634277,4.618125915527344,0.6930634771765003,0.26
34,sco_kcal,244,0.1340491622686386,0.02137209288775921,0.6334741411378595,0.948280237654735,4.7093658447265625,0.28646039962768555,0.06082780762264567,0.04
34,sco_kcal,245,0.6847113370895386,0.0350995771586895,0.6581171992962973,0.9018011279354554,7.872182369232178,6.5274763107299805,0.8291825575893823,0.56
34,sco_kcal,246,0.41006380319595337,0.03507513180375099,0.6516503767853397,0.940513486463298,7.941009998321533,2.8658950328826904,0.3608980511910255,0.2
34,sco_kcal,247,0.4456680119037628,0.028712276369333267,0.6062726592555503,0.9021550952037682,5.846484661102295,2.3102757930755615,0.3951563934557527,0.16
34,sco_kcal,248,0.17249152064323425,0.03557402268052101,0.6444539021812268,0.9572209801846774,8.084437370300293,0.9169661402702332,0.11342361852401521,0.08
34,sco_kcal,249,0.6275586485862732,0.02793828211724758,0.634635283407508,0.8901516849490088,5.920623779296875,3.8843472003936768,0.6560706008674945,0.5
34,water_gsolv_eV,0,1.0000001192092896,0.0,0.6657190439637493,0.6657190439637493,,,,1.0
34,water_gsolv_eV,1,1.0000001192092896,0.0,0.6657190439637493,0.6657190439637493,,,,1.0
34,water_gsolv_eV,2,1.0000001192092896,0.0,0.6657190439637493,0.6657190439637493,,,,1.0
34,water_gsolv_eV,3,1.0000001192092896,0.0,0.6657190439637493,0.6657190439637493,,,,1.0
34,water_gsolv_eV,4,1.0000001192092896,0.0,0.6657190439637493,0.6657190439637493,,,,1.0
34,water_gsolv_eV,5,1.0000001192092896,0.0,0.6657190439637493,0.6657190439637493,,,,1.0
34,water_gsolv_eV,6,1.0000001192092896,0.0,0.6657190439637493,0.6657190439637493,,,,1.0
34,water_gsolv_eV,7,1.0000001192092896,0.0,0.6657190439637493,0.6657190439637493,,,,1.0
34,water_gsolv_eV,8,1.0000001192092896,0.0,0.6657190439637493,0.6657190439637493,,,,1.0
34,water_gsolv_eV,9,1.0000001192092896,0.0,0.6657190439637493,0.6657190439637493,,,,1.0
34,water_gsolv_eV,10,1.0000001192092896,0.0,0.6657190439637493,0.6657190439637493,,,,1.0
34,water_gsolv_eV,11,1.0000001192092896,0.0,0.6657190439637493,0.6657190439637493,,,,1.0
34,water_gsolv_eV,12,1.0000001192092896,0.0,0.6657190439637493,0.6657190439637493,,,,1.0
34,water_gsolv_eV,13,1.0000001192092896,0.0,0.6657190439637493,0.6657190439637493,,,,1.0
34,water_gsolv_eV,14,1.0000001192092896,0.0,0.6657190439637493,0.6657190439637493,,,,1.0
34,water_gsolv_eV,15,1.0000001192092896,0.0,0.6657190439637493,0.6657190439637493,,,,1.0
34,water_gsolv_eV,16,1.0000001192092896,0.0,0.6657190439637493,0.6657190439637493,,,,1.0
34,water_gsolv_eV,17,1.0000001192092896,0.0,0.6657190439637493,0.6657190439637493,,,,1.0
34,water_gsolv_eV,18,1.0000001192092896,0.0,0.6657190439637493,0.6657190439637493,,,,1.0
34,water_gsolv_eV,19,1.0000001192092896,0.0,0.6657190439637493,0.6657190439637493,,,,1.0
34,water_gsolv_eV,20,1.0000001192092896,0.0,0.6657190439637493,0.6657190439637493,,,,1.0
34,water_gsolv_eV,21,1.0000001192092896,0.0,0.6657190439637493,0.6657190439637493,,,,1.0
34,water_gsolv_eV,22,1.0000001192092896,0.0,0.6657190439637493,0.6657190439637493,,,,1.0
34,water_gsolv_eV,23,1.0000001192092896,0.0,0.6657190439637493,0.6657190439637493,,,,1.0
34,water_gsolv_eV,24,1.0000001192092896,0.0,0.6657190439637493,0.6657190439637493,,,,1.0
34,water_gsolv_eV,25,1.0000001192092896,0.0,0.6657190439637493,0.6657190439637493,,,,1.0
34,water_gsolv_eV,26,1.0000001192092896,0.0,0.6657190439637493,0.6657190439637493,,,,1.0
34,water_gsolv_eV,27,1.0000001192092896,0.0,0.6657190439637493,0.6657190439637493,,,,1.0
34,water_gsolv_eV,28,1.0000001192092896,0.0,0.6657190439637493,0.6657190439637493,,,,1.0
34,water_gsolv_eV,29,1.0000001192092896,0.0,0.6657190439637493,0.6657190439637493,,,,1.0
34,water_gsolv_eV,30,1.0000001192092896,0.0,0.6657190439637493,0.6657190439637493,,,,1.0
34,water_gsolv_eV,31,1.0000001192092896,0.0,0.6657190439637493,0.6657190439637493,,,,1.0
34,water_gsolv_eV,32,1.0000001192092896,0.0,0.6657190439637493,0.6657190439637493,,,,1.0
34,water_gsolv_eV,33,1.0000001192092896,0.0,0.6657190439637493,0.6657190439637493,,,,1.0
34,water_gsolv_eV,34,1.0000001192092896,0.0,0.6657190439637493,0.6657190439637493,,,,1.0
34,water_gsolv_eV,35,1.0000001192092896,0.0,0.6657190439637493,0.6657190439637493,,,,1.0
34,water_gsolv_eV,36,1.0000001192092896,0.0,0.6657190439637493,0.6657190439637493,,,,1.0
34,water_gsolv_eV,37,1.0000001192092896,0.0,0.6657190439637493,0.6657190439637493,,,,1.0
34,water_gsolv_eV,38,1.0000001192092896,0.0,0.6657190439637493,0.6657190439637493,,,,1.0
34,water_gsolv_eV,39,1.0000001192092896,0.0,0.6657190439637493,0.6657190439637493,,,,1.0
34,water_gsolv_eV,40,1.0000001192092896,0.0,0.6657190439637493,0.6657190439637493,,,,1.0
34,water_gsolv_eV,41,1.0000001192092896,0.0,0.6657190439637493,0.6657190439637493,,,,1.0
34,water_gsolv_eV,42,1.0000001192092896,0.0,0.6657190439637493,0.6657190439637493,,,,1.0
34,water_gsolv_eV,43,1.0000001192092896,0.0,0.6657190439637493,0.6657190439637493,,,,1.0
34,water_gsolv_eV,44,1.0000001192092896,0.0,0.6657190439637493,0.6657190439637493,,,,1.0
34,water_gsolv_eV,45,1.0000001192092896,0.0,0.6657190439637493,0.6657190439637493,,,,1.0
34,water_gsolv_eV,46,1.0000001192092896,0.0,0.6657190439637493,0.6657190439637493,,,,1.0
34,water_gsolv_eV,47,1.0000001192092896,0.0,0.6657190439637493,0.6657190439637493,,,,1.0
34,water_gsolv_eV,48,1.0000001192092896,0.0,0.6657190439637493,0.6657190439637493,,,,1.0
34,water_gsolv_eV,49,1.0000001192092896,0.0,0.6657190439637493,0.6657190439637493,,,,1.0
34,water_gsolv_eV,50,1.0000001192092896,0.0,0.6657190439637493,0.6657190439637493,,,,1.0
34,water_gsolv_eV,51,1.0000001192092896,0.0,0.6657190439637493,0.6657190439637493,,,,1.0
34,water_gsolv_eV,52,1.0000001192092896,0.0,0.6657190439637493,0.6657190439637493,,,,1.0
34,water_gsolv_eV,53,1.0000001192092896,0.0,0.6657190439637493,0.6657190439637493,,,,1.0
34,water_gsolv_eV,54,1.0000001192092896,0.0,0.6657190439637493,0.6657190439637493,,,,1.0
34,water_gsolv_eV,55,1.0000001192092896,0.0,0.6657190439637493,0.6657190439637493,,,,1.0
34,water_gsolv_eV,56,1.0000001192092896,0.0,0.6657190439637493,0.6657190439637493,,,,1.0
34,water_gsolv_eV,57,1.0000001192092896,0.0,0.6657190439637493,0.6657190439637493,,,,1.0
34,water_gsolv_eV,58,1.0000001192092896,0.0,0.6657190439637493,0.6657190439637493,,,,1.0
34,water_gsolv_eV,59,1.0000001192092896,0.0,0.6657190439637493,0.6657190439637493,,,,1.0
34,water_gsolv_eV,60,1.0000001192092896,0.0,0.6657190439637493,0.6657190439637493,,,,1.0
34,water_gsolv_eV,61,1.0000001192092896,0.0,0.6657190439637493,0.6657190439637493,,,,1.0
34,water_gsolv_eV,62,1.0000001192092896,0.0,0.6657190439637493,0.6657190439637493,,,,1.0
34,water_gsolv_eV,63,1.0000001192092896,0.0,0.6657190439637493,0.6657190439637493,,,,1.0
34,water_gsolv_eV,64,1.0000001192092896,0.0,0.6657190439637493,0.6657190439637493,,,,1.0
34,water_gsolv_eV,65,1.0000001192092896,0.0,0.6657190439637493,0.6657190439637493,,,,1.0
34,water_gsolv_eV,66,1.0000001192092896,0.0,0.6657190439637493,0.6657190439637493,,,,1.0
34,water_gsolv_eV,67,1.0000001192092896,0.0,0.6657190439637493,0.6657190439637493,,,,1.0
34,water_gsolv_eV,68,1.0000001192092896,0.0,0.6657190439637493,0.6657190439637493,,,,1.0
34,water_gsolv_eV,69,1.0000001192092896,0.0,0.6657190439637493,0.6657190439637493,,,,1.0
34,water_gsolv_eV,70,1.0000001192092896,0.0,0.6657190439637493,0.6657190439637493,,,,1.0
34,water_gsolv_eV,71,1.0000001192092896,0.0,0.6657190439637493,0.6657190439637493,,,,1.0
34,water_gsolv_eV,72,1.0000001192092896,0.0,0.6657190439637493,0.6657190439637493,,,,1.0
34,water_gsolv_eV,73,1.0000001192092896,0.0,0.6657190439637493,0.6657190439637493,,,,1.0
34,water_gsolv_eV,74,1.0000001192092896,0.0,0.6657190439637493,0.6657190439637493,,,,1.0
34,water_gsolv_eV,75,1.0000001192092896,0.0,0.6657190439637493,0.6657190439637493,,,,1.0
34,water_gsolv_eV,76,1.0000001192092896,0.0,0.6657190439637493,0.6657190439637493,,,,1.0
34,water_gsolv_eV,77,1.0000001192092896,0.0,0.6657190439637493,0.6657190439637493,,,,1.0
34,water_gsolv_eV,78,1.0000001192092896,0.0,0.6657190439637493,0.6657190439637493,,,,1.0
34,water_gsolv_eV,79,1.0000001192092896,0.0,0.6657190439637493,0.6657190439637493,,,,1.0
34,water_gsolv_eV,80,1.0000001192092896,0.0,0.6657190439637493,0.6657190439637493,,,,1.0
34,water_gsolv_eV,81,1.0000001192092896,0.0,0.6657190439637493,0.6657190439637493,,,,1.0
34,water_gsolv_eV,82,1.0000001192092896,0.0,0.6657190439637493,0.6657190439637493,,,,1.0
34,water_gsolv_eV,83,1.0000001192092896,0.0,0.6657190439637493,0.6657190439637493,,,,1.0
34,water_gsolv_eV,84,1.0000001192092896,0.0,0.6657190439637493,0.6657190439637493,,,,1.0
34,water_gsolv_eV,85,1.0000001192092896,0.0,0.6657190439637493,0.6657190439637493,,,,1.0
34,water_gsolv_eV,86,1.0000001192092896,0.0,0.6657190439637493,0.6657190439637493,,,,1.0
34,water_gsolv_eV,87,1.0000001192092896,0.0,0.6657190439637493,0.6657190439637493,,,,1.0
34,water_gsolv_eV,88,1.0000001192092896,0.0,0.6657190439637493,0.6657190439637493,,,,1.0
34,water_gsolv_eV,89,1.0000001192092896,0.0,0.6657190439637493,0.6657190439637493,,,,1.0
34,water_gsolv_eV,90,1.0000001192092896,0.0,0.6657190439637493,0.6657190439637493,,,,1.0
34,water_gsolv_eV,91,1.0000001192092896,0.0,0.6657190439637493,0.6657190439637493,,,,1.0
34,water_gsolv_eV,92,1.0000001192092896,0.0,0.6657190439637493,0.6657190439637493,,,,1.0
34,water_gsolv_eV,93,1.0000001192092896,0.0,0.6657190439637493,0.6657190439637493,,,,1.0
34,water_gsolv_eV,94,1.0000001192092896,0.0,0.6657190439637493,0.6657190439637493,,,,1.0
34,water_gsolv_eV,95,1.0000001192092896,0.0,0.6657190439637493,0.6657190439637493,,,,1.0
34,water_gsolv_eV,96,1.0000001192092896,0.0,0.6657190439637493,0.6657190439637493,,,,1.0
34,water_gsolv_eV,97,1.0000001192092896,0.0,0.6657190439637493,0.6657190439637493,,,,1.0
34,water_gsolv_eV,98,1.0000001192092896,0.0,0.6657190439637493,0.6657190439637493,,,,1.0
34,water_gsolv_eV,99,1.0000001192092896,0.0,0.6657190439637493,0.6657190439637493,,,,1.0
34,water_gsolv_eV,100,1.0000001192092896,0.0,0.6657190439637493,0.6657190439637493,,,,1.0
34,water_gsolv_eV,101,1.0000001192092896,0.0,0.6657190439637493,0.6657190439637493,,,,1.0
34,water_gsolv_eV,102,1.0000001192092896,0.0,0.6657190439637493,0.6657190439637493,,,,1.0
34,water_gsolv_eV,103,1.0000001192092896,0.0,0.6657190439637493,0.6657190439637493,,,,1.0
34,water_gsolv_eV,104,1.0000001192092896,0.0,0.6657190439637493,0.6657190439637493,,,,1.0
34,water_gsolv_eV,105,1.0000001192092896,0.0,0.6657190439637493,0.6657190439637493,,,,1.0
34,water_gsolv_eV,106,1.0000001192092896,0.0,0.6657190439637493,0.6657190439637493,,,,1.0
34,water_gsolv_eV,107,1.0000001192092896,0.0,0.6657190439637493,0.6657190439637493,,,,1.0
34,water_gsolv_eV,108,1.0000001192092896,0.0,0.6657190439637493,0.6657190439637493,,,,1.0
34,water_gsolv_eV,109,1.0000001192092896,0.0,0.6657190439637493,0.6657190439637493,,,,1.0
34,water_gsolv_eV,110,1.0000001192092896,0.0,0.6657190439637493,0.6657190439637493,,,,1.0
34,water_gsolv_eV,111,1.0000001192092896,0.0,0.6657190439637493,0.6657190439637493,,,,1.0
34,water_gsolv_eV,112,1.0000001192092896,0.0,0.6657190439637493,0.6657190439637493,,,,1.0
34,water_gsolv_eV,113,1.0000001192092896,0.0,0.6657190439637493,0.6657190439637493,,,,1.0
34,water_gsolv_eV,114,1.0000001192092896,0.0,0.6657190439637493,0.6657190439637493,,,,1.0
34,water_gsolv_eV,115,1.0000001192092896,0.0,0.6657190439637493,0.6657190439637493,,,,1.0
34,water_gsolv_eV,116,1.0000001192092896,0.0,0.6657190439637493,0.6657190439637493,,,,1.0
34,water_gsolv_eV,117,1.0000001192092896,0.0,0.6657190439637493,0.6657190439637493,,,,1.0
34,water_gsolv_eV,118,1.0000001192092896,0.0,0.6657190439637493,0.6657190439637493,,,,1.0
34,water_gsolv_eV,119,1.0000001192092896,0.0,0.6657190439637493,0.6657190439637493,,,,1.0
34,water_gsolv_eV,120,1.0000001192092896,0.0,0.6657190439637493,0.6657190439637493,,,,1.0
34,water_gsolv_eV,121,1.0000001192092896,0.0,0.6657190439637493,0.6657190439637493,,,,1.0
34,water_gsolv_eV,122,1.0000001192092896,0.0,0.6657190439637493,0.6657190439637493,,,,1.0
34,water_gsolv_eV,123,1.0000001192092896,0.0,0.6657190439637493,0.6657190439637493,,,,1.0
34,water_gsolv_eV,124,1.0000001192092896,0.0,0.6657190439637493,0.6657190439637493,,,,1.0
34,water_gsolv_eV,125,1.0000001192092896,0.0,0.6657190439637493,0.6657190439637493,,,,1.0
34,water_gsolv_eV,126,1.0000001192092896,0.0,0.6657190439637493,0.6657190439637493,,,,1.0
34,water_gsolv_eV,127,1.0000001192092896,0.0,0.6657190439637493,0.6657190439637493,,,,1.0
34,water_gsolv_eV,128,1.0000001192092896,0.0,0.6657190439637493,0.6657190439637493,,,,1.0
34,water_gsolv_eV,129,1.0000001192092896,0.0,0.6657190439637493,0.6657190439637493,,,,1.0
34,water_gsolv_eV,130,1.0000001192092896,0.0,0.6657190439637493,0.6657190439637493,,,,1.0
34,water_gsolv_eV,131,1.0000001192092896,0.0,0.6657190439637493,0.6657190439637493,,,,1.0
34,water_gsolv_eV,132,1.0000001192092896,0.0,0.6657190439637493,0.6657190439637493,,,,1.0
34,water_gsolv_eV,133,1.0000001192092896,0.0,0.6657190439637493,0.6657190439637493,,,,1.0
34,water_gsolv_eV,134,1.0000001192092896,0.0,0.6657190439637493,0.6657190439637493,,,,1.0
34,water_gsolv_eV,135,1.0000001192092896,0.0,0.6657190439637493,0.6657190439637493,,,,1.0
34,water_gsolv_eV,136,1.0000001192092896,0.0,0.6657190439637493,0.6657190439637493,,,,1.0
34,water_gsolv_eV,137,1.0000001192092896,0.0,0.6657190439637493,0.6657190439637493,,,,1.0
34,water_gsolv_eV,138,1.0000001192092896,0.0,0.6657190439637493,0.6657190439637493,,,,1.0
34,water_gsolv_eV,139,1.0000001192092896,0.0,0.6657190439637493,0.6657190439637493,,,,1.0
34,water_gsolv_eV,140,1.0000001192092896,0.0,0.6657190439637493,0.6657190439637493,,,,1.0
34,water_gsolv_eV,141,1.0000001192092896,0.0,0.6657190439637493,0.6657190439637493,,,,1.0
34,water_gsolv_eV,142,1.0000001192092896,0.0,0.6657190439637493,0.6657190439637493,,,,1.0
34,water_gsolv_eV,143,1.0000001192092896,0.0,0.6657190439637493,0.6657190439637493,,,,1.0
34,water_gsolv_eV,144,1.0000001192092896,0.0,0.6657190439637493,0.6657190439637493,,,,1.0
34,water_gsolv_eV,145,1.0000001192092896,0.0,0.6657190439637493,0.6657190439637493,,,,1.0
34,water_gsolv_eV,146,1.0000001192092896,0.0,0.6657190439637493,0.6657190439637493,,,,1.0
34,water_gsolv_eV,147,1.0000001192092896,0.0,0.6657190439637493,0.6657190439637493,,,,1.0
34,water_gsolv_eV,148,1.0000001192092896,0.0,0.6657190439637493,0.6657190439637493,,,,1.0
34,water_gsolv_eV,149,1.0000001192092896,0.0,0.6657190439637493,0.6657190439637493,,,,1.0
34,water_gsolv_eV,150,1.0000001192092896,0.0,0.6657190439637493,0.6657190439637493,,,,1.0
34,water_gsolv_eV,151,1.0000001192092896,0.0,0.6657190439637493,0.6657190439637493,,,,1.0
34,water_gsolv_eV,152,1.0000001192092896,0.0,0.6657190439637493,0.6657190439637493,,,,1.0
34,water_gsolv_eV,153,1.0000001192092896,0.0,0.6657190439637493,0.6657190439637493,,,,1.0
34,water_gsolv_eV,154,1.0000001192092896,0.0,0.6657190439637493,0.6657190439637493,,,,1.0
34,water_gsolv_eV,155,1.0000001192092896,0.0,0.6657190439637493,0.6657190439637493,,,,1.0
34,water_gsolv_eV,156,1.0000001192092896,0.0,0.6657190439637493,0.6657190439637493,,,,1.0
34,water_gsolv_eV,157,1.0000001192092896,0.0,0.6657190439637493,0.6657190439637493,,,,1.0
34,water_gsolv_eV,158,1.0000001192092896,0.0,0.6657190439637493,0.6657190439637493,,,,1.0
34,water_gsolv_eV,159,1.0000001192092896,0.0,0.6657190439637493,0.6657190439637493,,,,1.0
34,water_gsolv_eV,160,1.0000001192092896,0.0,0.6657190439637493,0.6657190439637493,,,,1.0
34,water_gsolv_eV,161,1.0000001192092896,0.0,0.6657190439637493,0.6657190439637493,,,,1.0
34,water_gsolv_eV,162,1.0000001192092896,0.0,0.6657190439637493,0.6657190439637493,,,,1.0
34,water_gsolv_eV,163,1.0000001192092896,0.0,0.6657190439637493,0.6657190439637493,,,,1.0
34,water_gsolv_eV,164,1.0000001192092896,0.0,0.6657190439637493,0.6657190439637493,,,,1.0
34,water_gsolv_eV,165,1.0000001192092896,0.0,0.6657190439637493,0.6657190439637493,,,,1.0
34,water_gsolv_eV,166,1.0000001192092896,0.0,0.6657190439637493,0.6657190439637493,,,,1.0
34,water_gsolv_eV,167,1.0000001192092896,0.0,0.6657190439637493,0.6657190439637493,,,,1.0
34,water_gsolv_eV,168,1.0000001192092896,0.0,0.6657190439637493,0.6657190439637493,,,,1.0
34,water_gsolv_eV,169,1.0000001192092896,0.0,0.6657190439637493,0.6657190439637493,,,,1.0
34,water_gsolv_eV,170,1.0000001192092896,0.0,0.6657190439637493,0.6657190439637493,,,,1.0
34,water_gsolv_eV,171,1.0000001192092896,0.0,0.6657190439637493,0.6657190439637493,,,,1.0
34,water_gsolv_eV,172,1.0000001192092896,0.0,0.6657190439637493,0.6657190439637493,,,,1.0
34,water_gsolv_eV,173,1.0000001192092896,0.0,0.6657190439637493,0.6657190439637493,,,,1.0
34,water_gsolv_eV,174,1.0000001192092896,0.0,0.6657190439637493,0.6657190439637493,,,,1.0
34,water_gsolv_eV,175,1.0000001192092896,0.0,0.6657190439637493,0.6657190439637493,,,,1.0
34,water_gsolv_eV,176,1.0000001192092896,0.0,0.6657190439637493,0.6657190439637493,,,,1.0
34,water_gsolv_eV,177,1.0000001192092896,0.0,0.6657190439637493,0.6657190439637493,,,,1.0
34,water_gsolv_eV,178,1.0000001192092896,0.0,0.6657190439637493,0.6657190439637493,,,,1.0
34,water_gsolv_eV,179,1.0000001192092896,0.0,0.6657190439637493,0.6657190439637493,,,,1.0
34,water_gsolv_eV,180,1.0000001192092896,0.0,0.6657190439637493,0.6657190439637493,,,,1.0
34,water_gsolv_eV,181,1.0000001192092896,0.0,0.6657190439637493,0.6657190439637493,,,,1.0
34,water_gsolv_eV,182,1.0000001192092896,0.0,0.6657190439637493,0.6657190439637493,,,,1.0
34,water_gsolv_eV,183,1.0000001192092896,0.0,0.6657190439637493,0.6657190439637493,,,,1.0
34,water_gsolv_eV,184,1.0000001192092896,0.0,0.6657190439637493,0.6657190439637493,,,,1.0
34,water_gsolv_eV,185,1.0000001192092896,0.0,0.6657190439637493,0.6657190439637493,,,,1.0
34,water_gsolv_eV,186,1.0000001192092896,0.0,0.6657190439637493,0.6657190439637493,,,,1.0
34,water_gsolv_eV,187,1.0000001192092896,0.0,0.6657190439637493,0.6657190439637493,,,,1.0
34,water_gsolv_eV,188,1.0000001192092896,0.0,0.6657190439637493,0.6657190439637493,,,,1.0
34,water_gsolv_eV,189,1.0000001192092896,0.0,0.6657190439637493,0.6657190439637493,,,,1.0
34,water_gsolv_eV,190,1.0000001192092896,0.0,0.6657190439637493,0.6657190439637493,,,,1.0
34,water_gsolv_eV,191,1.0000001192092896,0.0,0.6657190439637493,0.6657190439637493,,,,1.0
34,water_gsolv_eV,192,1.0000001192092896,0.0,0.6657190439637493,0.6657190439637493,,,,1.0
34,water_gsolv_eV,193,1.0000001192092896,0.0,0.6657190439637493,0.6657190439637493,,,,1.0
34,water_gsolv_eV,194,1.0000001192092896,0.0,0.6657190439637493,0.6657190439637493,,,,1.0
34,water_gsolv_eV,195,1.0000001192092896,0.0,0.6657190439637493,0.6657190439637493,,,,1.0
34,water_gsolv_eV,196,1.0000001192092896,0.0,0.6657190439637493,0.6657190439637493,,,,1.0
34,water_gsolv_eV,197,1.0000001192092896,0.0,0.6657190439637493,0.6657190439637493,,,,1.0
34,water_gsolv_eV,198,1.0000001192092896,0.0,0.6657190439637493,0.6657190439637493,,,,1.0
34,water_gsolv_eV,199,1.0000001192092896,0.0,0.6657190439637493,0.6657190439637493,,,,1.0
34,water_gsolv_eV,200,1.0000001192092896,0.0,0.6657190439637493,0.6657190439637493,,,,1.0
34,water_gsolv_eV,201,1.0000001192092896,0.0,0.6657190439637493,0.6657190439637493,,,,1.0
34,water_gsolv_eV,202,1.0000001192092896,0.0,0.6657190439637493,0.6657190439637493,,,,1.0
34,water_gsolv_eV,203,1.0000001192092896,0.0,0.6657190439637493,0.6657190439637493,,,,1.0
34,water_gsolv_eV,204,1.0000001192092896,0.0,0.6657190439637493,0.6657190439637493,,,,1.0
34,water_gsolv_eV,205,1.0000001192092896,0.0,0.6657190439637493,0.6657190439637493,,,,1.0
34,water_gsolv_eV,206,1.0000001192092896,0.0,0.6657190439637493,0.6657190439637493,,,,1.0
34,water_gsolv_eV,207,1.0000001192092896,0.0,0.6657190439637493,0.6657190439637493,,,,1.0
34,water_gsolv_eV,208,1.0000001192092896,0.0,0.6657190439637493,0.6657190439637493,,,,1.0
34,water_gsolv_eV,209,1.0000001192092896,0.0,0.6657190439637493,0.6657190439637493,,,,1.0
34,water_gsolv_eV,210,1.0000001192092896,0.0,0.6657190439637493,0.6657190439637493,,,,1.0
34,water_gsolv_eV,211,1.0000001192092896,0.0,0.6657190439637493,0.6657190439637493,,,,1.0
34,water_gsolv_eV,212,1.0000001192092896,0.0,0.6657190439637493,0.6657190439637493,,,,1.0
34,water_gsolv_eV,213,1.0000001192092896,0.0,0.6657190439637493,0.6657190439637493,,,,1.0
34,water_gsolv_eV,214,1.0000001192092896,0.0,0.6657190439637493,0.6657190439637493,,,,1.0
34,water_gsolv_eV,215,1.0000001192092896,0.0,0.6657190439637493,0.6657190439637493,,,,1.0
34,water_gsolv_eV,216,1.0000001192092896,0.0,0.6657190439637493,0.6657190439637493,,,,1.0
34,water_gsolv_eV,217,1.0000001192092896,0.0,0.6657190439637493,0.6657190439637493,,,,1.0
34,water_gsolv_eV,218,1.0000001192092896,0.0,0.6657190439637493,0.6657190439637493,,,,1.0
34,water_gsolv_eV,219,1.0000001192092896,0.0,0.6657190439637493,0.6657190439637493,,,,1.0
34,water_gsolv_eV,220,1.0000001192092896,0.0,0.6657190439637493,0.6657190439637493,,,,1.0
34,water_gsolv_eV,221,1.0000001192092896,0.0,0.6657190439637493,0.6657190439637493,,,,1.0
34,water_gsolv_eV,222,1.0000001192092896,0.0,0.6657190439637493,0.6657190439637493,,,,1.0
34,water_gsolv_eV,223,1.0000001192092896,0.0,0.6657190439637493,0.6657190439637493,,,,1.0
34,water_gsolv_eV,224,1.0000001192092896,0.0,0.6657190439637493,0.6657190439637493,,,,1.0
34,water_gsolv_eV,225,1.0000001192092896,0.0,0.6657190439637493,0.6657190439637493,,,,1.0
34,water_gsolv_eV,226,1.0000001192092896,0.0,0.6657190439637493,0.6657190439637493,,,,1.0
34,water_gsolv_eV,227,1.0000001192092896,0.0,0.6657190439637493,0.6657190439637493,,,,1.0
34,water_gsolv_eV,228,1.0000001192092896,0.0,0.6657190439637493,0.6657190439637493,,,,1.0
34,water_gsolv_eV,229,1.0000001192092896,0.0,0.6657190439637493,0.6657190439637493,,,,1.0
34,water_gsolv_eV,230,1.0000001192092896,0.0,0.6657190439637493,0.6657190439637493,,,,1.0
34,water_gsolv_eV,231,1.0000001192092896,0.0,0.6657190439637493,0.6657190439637493,,,,1.0
34,water_gsolv_eV,232,1.0000001192092896,0.0,0.6657190439637493,0.6657190439637493,,,,1.0
34,water_gsolv_eV,233,1.0000001192092896,0.0,0.6657190439637493,0.6657190439637493,,,,1.0
34,water_gsolv_eV,234,1.0000001192092896,0.0,0.6657190439637493,0.6657190439637493,,,,1.0
34,water_gsolv_eV,235,1.0000001192092896,0.0,0.6657190439637493,0.6657190439637493,,,,1.0
34,water_gsolv_eV,236,1.0000001192092896,0.0,0.6657190439637493,0.6657190439637493,,,,1.0
34,water_gsolv_eV,237,1.0000001192092896,0.0,0.6657190439637493,0.6657190439637493,,,,1.0
34,water_gsolv_eV,238,1.0000001192092896,0.0,0.6657190439637493,0.6657190439637493,,,,1.0
34,water_gsolv_eV,239,1.0000001192092896,0.0,0.6657190439637493,0.6657190439637493,,,,1.0
34,water_gsolv_eV,240,1.0000001192092896,0.0,0.6657190439637493,0.6657190439637493,,,,1.0
34,water_gsolv_eV,241,1.0000001192092896,0.0,0.6657190439637493,0.6657190439637493,,,,1.0
34,water_gsolv_eV,242,1.0000001192092896,0.0,0.6657190439637493,0.6657190439637493,,,,1.0
34,water_gsolv_eV,243,1.0000001192092896,0.0,0.6657190439637493,0.6657190439637493,,,,1.0
34,water_gsolv_eV,244,1.0000001192092896,0.0,0.6657190439637493,0.6657190439637493,,,,1.0
34,water_gsolv_eV,245,1.0000001192092896,0.0,0.6657190439637493,0.6657190439637493,,,,1.0
34,water_gsolv_eV,246,1.0000001192092896,0.0,0.6657190439637493,0.6657190439637493,,,,1.0
34,water_gsolv_eV,247,1.0000001192092896,0.0,0.6657190439637493,0.6657190439637493,,,,1.0
34,water_gsolv_eV,248,1.0000001192092896,0.0,0.6657190439637493,0.6657190439637493,,,,1.0
34,water_gsolv_eV,249,1.0000001192092896,0.0,0.6657190439637493,0.6657190439637493,,,,1.0
34,water_hl_gap_eV,0,1.0,0.0,0.7104976233764171,0.7104976233764171,,,,1.0
34,water_hl_gap_eV,1,1.0,0.0,0.7104976233764171,0.7104976233764171,,,,1.0
34,water_hl_gap_eV,2,1.0,0.0,0.7104976233764171,0.7104976233764171,,,,1.0
34,water_hl_gap_eV,3,1.0,0.0,0.7104976233764171,0.7104976233764171,,,,1.0
34,water_hl_gap_eV,4,1.0,0.0,0.7104976233764171,0.7104976233764171,,,,1.0
34,water_hl_gap_eV,5,1.0,0.0,0.7104976233764171,0.7104976233764171,,,,1.0
34,water_hl_gap_eV,6,1.0,0.0,0.7104976233764171,0.7104976233764171,,,,1.0
34,water_hl_gap_eV,7,1.0,0.0,0.7104976233764171,0.7104976233764171,,,,1.0
34,water_hl_gap_eV,8,1.0,0.0,0.7104976233764171,0.7104976233764171,,,,1.0
34,water_hl_gap_eV,9,1.0,0.0,0.7104976233764171,0.7104976233764171,,,,1.0
34,water_hl_gap_eV,10,1.0,0.0,0.7104976233764171,0.7104976233764171,,,,1.0
34,water_hl_gap_eV,11,1.0,0.0,0.7104976233764171,0.7104976233764171,,,,1.0
34,water_hl_gap_eV,12,1.0,0.0,0.7104976233764171,0.7104976233764171,,,,1.0
34,water_hl_gap_eV,13,1.0,0.0,0.7104976233764171,0.7104976233764171,,,,1.0
34,water_hl_gap_eV,14,1.0,0.0,0.7104976233764171,0.7104976233764171,,,,1.0
34,water_hl_gap_eV,15,1.0,0.0,0.7104976233764171,0.7104976233764171,,,,1.0
34,water_hl_gap_eV,16,1.0,0.0,0.7104976233764171,0.7104976233764171,,,,1.0
34,water_hl_gap_eV,17,1.0,0.0,0.7104976233764171,0.7104976233764171,,,,1.0
34,water_hl_gap_eV,18,1.0,0.0,0.7104976233764171,0.7104976233764171,,,,1.0
34,water_hl_gap_eV,19,1.0,0.0,0.7104976233764171,0.7104976233764171,,,,1.0
34,water_hl_gap_eV,20,1.0,0.0,0.7104976233764171,0.7104976233764171,,,,1.0
34,water_hl_gap_eV,21,1.0,0.0,0.7104976233764171,0.7104976233764171,,,,1.0
34,water_hl_gap_eV,22,1.0,0.0,0.7104976233764171,0.7104976233764171,,,,1.0
34,water_hl_gap_eV,23,1.0,0.0,0.7104976233764171,0.7104976233764171,,,,1.0
34,water_hl_gap_eV,24,1.0,0.0,0.7104976233764171,0.7104976233764171,,,,1.0
34,water_hl_gap_eV,25,1.0,0.0,0.7104976233764171,0.7104976233764171,,,,1.0
34,water_hl_gap_eV,26,1.0,0.0,0.7104976233764171,0.7104976233764171,,,,1.0
34,water_hl_gap_eV,27,1.0,0.0,0.7104976233764171,0.7104976233764171,,,,1.0
34,water_hl_gap_eV,28,1.0,0.0,0.7104976233764171,0.7104976233764171,,,,1.0
34,water_hl_gap_eV,29,1.0,0.0,0.7104976233764171,0.7104976233764171,,,,1.0
34,water_hl_gap_eV,30,1.0,0.0,0.7104976233764171,0.7104976233764171,,,,1.0
34,water_hl_gap_eV,31,1.0,0.0,0.7104976233764171,0.7104976233764171,,,,1.0
34,water_hl_gap_eV,32,1.0,0.0,0.7104976233764171,0.7104976233764171,,,,1.0
34,water_hl_gap_eV,33,1.0,0.0,0.7104976233764171,0.7104976233764171,,,,1.0
34,water_hl_gap_eV,34,1.0,0.0,0.7104976233764171,0.7104976233764171,,,,1.0
34,water_hl_gap_eV,35,1.0,0.0,0.7104976233764171,0.7104976233764171,,,,1.0
34,water_hl_gap_eV,36,1.0,0.0,0.7104976233764171,0.7104976233764171,,,,1.0
34,water_hl_gap_eV,37,1.0,0.0,0.7104976233764171,0.7104976233764171,,,,1.0
34,water_hl_gap_eV,38,1.0,0.0,0.7104976233764171,0.7104976233764171,,,,1.0
34,water_hl_gap_eV,39,1.0,0.0,0.7104976233764171,0.7104976233764171,,,,1.0
34,water_hl_gap_eV,40,1.0,0.0,0.7104976233764171,0.7104976233764171,,,,1.0
34,water_hl_gap_eV,41,1.0,0.0,0.7104976233764171,0.7104976233764171,,,,1.0
34,water_hl_gap_eV,42,1.0,0.0,0.7104976233764171,0.7104976233764171,,,,1.0
34,water_hl_gap_eV,43,1.0,0.0,0.7104976233764171,0.7104976233764171,,,,1.0
34,water_hl_gap_eV,44,1.0,0.0,0.7104976233764171,0.7104976233764171,,,,1.0
34,water_hl_gap_eV,45,1.0,0.0,0.7104976233764171,0.7104976233764171,,,,1.0
34,water_hl_gap_eV,46,1.0,0.0,0.7104976233764171,0.7104976233764171,,,,1.0
34,water_hl_gap_eV,47,1.0,0.0,0.7104976233764171,0.7104976233764171,,,,1.0
34,water_hl_gap_eV,48,1.0,0.0,0.7104976233764171,0.7104976233764171,,,,1.0
34,water_hl_gap_eV,49,1.0,0.0,0.7104976233764171,0.7104976233764171,,,,1.0
34,water_hl_gap_eV,50,1.0,0.0,0.7104976233764171,0.7104976233764171,,,,1.0
34,water_hl_gap_eV,51,1.0,0.0,0.7104976233764171,0.7104976233764171,,,,1.0
34,water_hl_gap_eV,52,1.0,0.0,0.7104976233764171,0.7104976233764171,,,,1.0
34,water_hl_gap_eV,53,1.0,0.0,0.7104976233764171,0.7104976233764171,,,,1.0
34,water_hl_gap_eV,54,1.0,0.0,0.7104976233764171,0.7104976233764171,,,,1.0
34,water_hl_gap_eV,55,1.0,0.0,0.7104976233764171,0.7104976233764171,,,,1.0
34,water_hl_gap_eV,56,1.0,0.0,0.7104976233764171,0.7104976233764171,,,,1.0
34,water_hl_gap_eV,57,1.0,0.0,0.7104976233764171,0.7104976233764171,,,,1.0
34,water_hl_gap_eV,58,1.0,0.0,0.7104976233764171,0.7104976233764171,,,,1.0
34,water_hl_gap_eV,59,1.0,0.0,0.7104976233764171,0.7104976233764171,,,,1.0
34,water_hl_gap_eV,60,1.0,0.0,0.7104976233764171,0.7104976233764171,,,,1.0
34,water_hl_gap_eV,61,1.0,0.0,0.7104976233764171,0.7104976233764171,,,,1.0
34,water_hl_gap_eV,62,1.0,0.0,0.7104976233764171,0.7104976233764171,,,,1.0
34,water_hl_gap_eV,63,1.0,0.0,0.7104976233764171,0.7104976233764171,,,,1.0
34,water_hl_gap_eV,64,1.0,0.0,0.7104976233764171,0.7104976233764171,,,,1.0
34,water_hl_gap_eV,65,1.0,0.0,0.7104976233764171,0.7104976233764171,,,,1.0
34,water_hl_gap_eV,66,1.0,0.0,0.7104976233764171,0.7104976233764171,,,,1.0
34,water_hl_gap_eV,67,1.0,0.0,0.7104976233764171,0.7104976233764171,,,,1.0
34,water_hl_gap_eV,68,1.0,0.0,0.7104976233764171,0.7104976233764171,,,,1.0
34,water_hl_gap_eV,69,1.0,0.0,0.7104976233764171,0.7104976233764171,,,,1.0
34,water_hl_gap_eV,70,1.0,0.0,0.7104976233764171,0.7104976233764171,,,,1.0
34,water_hl_gap_eV,71,1.0,0.0,0.7104976233764171,0.7104976233764171,,,,1.0
34,water_hl_gap_eV,72,1.0,0.0,0.7104976233764171,0.7104976233764171,,,,1.0
34,water_hl_gap_eV,73,1.0,0.0,0.7104976233764171,0.7104976233764171,,,,1.0
34,water_hl_gap_eV,74,1.0,0.0,0.7104976233764171,0.7104976233764171,,,,1.0
34,water_hl_gap_eV,75,1.0,0.0,0.7104976233764171,0.7104976233764171,,,,1.0
34,water_hl_gap_eV,76,1.0,0.0,0.7104976233764171,0.7104976233764171,,,,1.0
34,water_hl_gap_eV,77,1.0,0.0,0.7104976233764171,0.7104976233764171,,,,1.0
34,water_hl_gap_eV,78,1.0,0.0,0.7104976233764171,0.7104976233764171,,,,1.0
34,water_hl_gap_eV,79,1.0,0.0,0.7104976233764171,0.7104976233764171,,,,1.0
34,water_hl_gap_eV,80,1.0,0.0,0.7104976233764171,0.7104976233764171,,,,1.0
34,water_hl_gap_eV,81,1.0,0.0,0.7104976233764171,0.7104976233764171,,,,1.0
34,water_hl_gap_eV,82,1.0,0.0,0.7104976233764171,0.7104976233764171,,,,1.0
34,water_hl_gap_eV,83,1.0,0.0,0.7104976233764171,0.7104976233764171,,,,1.0
34,water_hl_gap_eV,84,1.0,0.0,0.7104976233764171,0.7104976233764171,,,,1.0
34,water_hl_gap_eV,85,1.0,0.0,0.7104976233764171,0.7104976233764171,,,,1.0
34,water_hl_gap_eV,86,1.0,0.0,0.7104976233764171,0.7104976233764171,,,,1.0
34,water_hl_gap_eV,87,1.0,0.0,0.7104976233764171,0.7104976233764171,,,,1.0
34,water_hl_gap_eV,88,1.0,0.0,0.7104976233764171,0.7104976233764171,,,,1.0
34,water_hl_gap_eV,89,1.0,0.0,0.7104976233764171,0.7104976233764171,,,,1.0
34,water_hl_gap_eV,90,1.0,0.0,0.7104976233764171,0.7104976233764171,,,,1.0
34,water_hl_gap_eV,91,1.0,0.0,0.7104976233764171,0.7104976233764171,,,,1.0
34,water_hl_gap_eV,92,1.0,0.0,0.7104976233764171,0.7104976233764171,,,,1.0
34,water_hl_gap_eV,93,1.0,0.0,0.7104976233764171,0.7104976233764171,,,,1.0
34,water_hl_gap_eV,94,1.0,0.0,0.7104976233764171,0.7104976233764171,,,,1.0
34,water_hl_gap_eV,95,1.0,0.0,0.7104976233764171,0.7104976233764171,,,,1.0
34,water_hl_gap_eV,96,1.0,0.0,0.7104976233764171,0.7104976233764171,,,,1.0
34,water_hl_gap_eV,97,1.0,0.0,0.7104976233764171,0.7104976233764171,,,,1.0
34,water_hl_gap_eV,98,1.0,0.0,0.7104976233764171,0.7104976233764171,,,,1.0
34,water_hl_gap_eV,99,1.0,0.0,0.7104976233764171,0.7104976233764171,,,,1.0
34,water_hl_gap_eV,100,1.0,0.0,0.7104976233764171,0.7104976233764171,,,,1.0
34,water_hl_gap_eV,101,1.0,0.0,0.7104976233764171,0.7104976233764171,,,,1.0
34,water_hl_gap_eV,102,1.0,0.0,0.7104976233764171,0.7104976233764171,,,,1.0
34,water_hl_gap_eV,103,1.0,0.0,0.7104976233764171,0.7104976233764171,,,,1.0
34,water_hl_gap_eV,104,1.0,0.0,0.7104976233764171,0.7104976233764171,,,,1.0
34,water_hl_gap_eV,105,1.0,0.0,0.7104976233764171,0.7104976233764171,,,,1.0
34,water_hl_gap_eV,106,1.0,0.0,0.7104976233764171,0.7104976233764171,,,,1.0
34,water_hl_gap_eV,107,1.0,0.0,0.7104976233764171,0.7104976233764171,,,,1.0
34,water_hl_gap_eV,108,1.0,0.0,0.7104976233764171,0.7104976233764171,,,,1.0
34,water_hl_gap_eV,109,1.0,0.0,0.7104976233764171,0.7104976233764171,,,,1.0
34,water_hl_gap_eV,110,1.0,0.0,0.7104976233764171,0.7104976233764171,,,,1.0
34,water_hl_gap_eV,111,1.0,0.0,0.7104976233764171,0.7104976233764171,,,,1.0
34,water_hl_gap_eV,112,1.0,0.0,0.7104976233764171,0.7104976233764171,,,,1.0
34,water_hl_gap_eV,113,1.0,0.0,0.7104976233764171,0.7104976233764171,,,,1.0
34,water_hl_gap_eV,114,1.0,0.0,0.7104976233764171,0.7104976233764171,,,,1.0
34,water_hl_gap_eV,115,1.0,0.0,0.7104976233764171,0.7104976233764171,,,,1.0
34,water_hl_gap_eV,116,1.0,0.0,0.7104976233764171,0.7104976233764171,,,,1.0
34,water_hl_gap_eV,117,1.0,0.0,0.7104976233764171,0.7104976233764171,,,,1.0
34,water_hl_gap_eV,118,1.0,0.0,0.7104976233764171,0.7104976233764171,,,,1.0
34,water_hl_gap_eV,119,1.0,0.0,0.7104976233764171,0.7104976233764171,,,,1.0
34,water_hl_gap_eV,120,1.0,0.0,0.7104976233764171,0.7104976233764171,,,,1.0
34,water_hl_gap_eV,121,1.0,0.0,0.7104976233764171,0.7104976233764171,,,,1.0
34,water_hl_gap_eV,122,1.0,0.0,0.7104976233764171,0.7104976233764171,,,,1.0
34,water_hl_gap_eV,123,1.0,0.0,0.7104976233764171,0.7104976233764171,,,,1.0
34,water_hl_gap_eV,124,1.0,0.0,0.7104976233764171,0.7104976233764171,,,,1.0
34,water_hl_gap_eV,125,1.0,0.0,0.7104976233764171,0.7104976233764171,,,,1.0
34,water_hl_gap_eV,126,1.0,0.0,0.7104976233764171,0.7104976233764171,,,,1.0
34,water_hl_gap_eV,127,1.0,0.0,0.7104976233764171,0.7104976233764171,,,,1.0
34,water_hl_gap_eV,128,1.0,0.0,0.7104976233764171,0.7104976233764171,,,,1.0
34,water_hl_gap_eV,129,1.0,0.0,0.7104976233764171,0.7104976233764171,,,,1.0
34,water_hl_gap_eV,130,1.0,0.0,0.7104976233764171,0.7104976233764171,,,,1.0
34,water_hl_gap_eV,131,1.0,0.0,0.7104976233764171,0.7104976233764171,,,,1.0
34,water_hl_gap_eV,132,1.0,0.0,0.7104976233764171,0.7104976233764171,,,,1.0
34,water_hl_gap_eV,133,1.0,0.0,0.7104976233764171,0.7104976233764171,,,,1.0
34,water_hl_gap_eV,134,1.0,0.0,0.7104976233764171,0.7104976233764171,,,,1.0
34,water_hl_gap_eV,135,1.0,0.0,0.7104976233764171,0.7104976233764171,,,,1.0
34,water_hl_gap_eV,136,1.0,0.0,0.7104976233764171,0.7104976233764171,,,,1.0
34,water_hl_gap_eV,137,1.0,0.0,0.7104976233764171,0.7104976233764171,,,,1.0
34,water_hl_gap_eV,138,1.0,0.0,0.7104976233764171,0.7104976233764171,,,,1.0
34,water_hl_gap_eV,139,1.0,0.0,0.7104976233764171,0.7104976233764171,,,,1.0
34,water_hl_gap_eV,140,1.0,0.0,0.7104976233764171,0.7104976233764171,,,,1.0
34,water_hl_gap_eV,141,1.0,0.0,0.7104976233764171,0.7104976233764171,,,,1.0
34,water_hl_gap_eV,142,1.0,0.0,0.7104976233764171,0.7104976233764171,,,,1.0
34,water_hl_gap_eV,143,1.0,0.0,0.7104976233764171,0.7104976233764171,,,,1.0
34,water_hl_gap_eV,144,1.0,0.0,0.7104976233764171,0.7104976233764171,,,,1.0
34,water_hl_gap_eV,145,1.0,0.0,0.7104976233764171,0.7104976233764171,,,,1.0
34,water_hl_gap_eV,146,1.0,0.0,0.7104976233764171,0.7104976233764171,,,,1.0
34,water_hl_gap_eV,147,1.0,0.0,0.7104976233764171,0.7104976233764171,,,,1.0
34,water_hl_gap_eV,148,1.0,0.0,0.7104976233764171,0.7104976233764171,,,,1.0
34,water_hl_gap_eV,149,1.0,0.0,0.7104976233764171,0.7104976233764171,,,,1.0
34,water_hl_gap_eV,150,1.0,0.0,0.7104976233764171,0.7104976233764171,,,,1.0
34,water_hl_gap_eV,151,1.0,0.0,0.7104976233764171,0.7104976233764171,,,,1.0
34,water_hl_gap_eV,152,1.0,0.0,0.7104976233764171,0.7104976233764171,,,,1.0
34,water_hl_gap_eV,153,1.0,0.0,0.7104976233764171,0.7104976233764171,,,,1.0
34,water_hl_gap_eV,154,1.0,0.0,0.7104976233764171,0.7104976233764171,,,,1.0
34,water_hl_gap_eV,155,1.0,0.0,0.7104976233764171,0.7104976233764171,,,,1.0
34,water_hl_gap_eV,156,1.0,0.0,0.7104976233764171,0.7104976233764171,,,,1.0
34,water_hl_gap_eV,157,1.0,0.0,0.7104976233764171,0.7104976233764171,,,,1.0
34,water_hl_gap_eV,158,1.0,0.0,0.7104976233764171,0.7104976233764171,,,,1.0
34,water_hl_gap_eV,159,1.0,0.0,0.7104976233764171,0.7104976233764171,,,,1.0
34,water_hl_gap_eV,160,1.0,0.0,0.7104976233764171,0.7104976233764171,,,,1.0
34,water_hl_gap_eV,161,1.0,0.0,0.7104976233764171,0.7104976233764171,,,,1.0
34,water_hl_gap_eV,162,1.0,0.0,0.7104976233764171,0.7104976233764171,,,,1.0
34,water_hl_gap_eV,163,1.0,0.0,0.7104976233764171,0.7104976233764171,,,,1.0
34,water_hl_gap_eV,164,1.0,0.0,0.7104976233764171,0.7104976233764171,,,,1.0
34,water_hl_gap_eV,165,1.0,0.0,0.7104976233764171,0.7104976233764171,,,,1.0
34,water_hl_gap_eV,166,1.0,0.0,0.7104976233764171,0.7104976233764171,,,,1.0
34,water_hl_gap_eV,167,1.0,0.0,0.7104976233764171,0.7104976233764171,,,,1.0
34,water_hl_gap_eV,168,1.0,0.0,0.7104976233764171,0.7104976233764171,,,,1.0
34,water_hl_gap_eV,169,1.0,0.0,0.7104976233764171,0.7104976233764171,,,,1.0
34,water_hl_gap_eV,170,1.0,0.0,0.7104976233764171,0.7104976233764171,,,,1.0
34,water_hl_gap_eV,171,1.0,0.0,0.7104976233764171,0.7104976233764171,,,,1.0
34,water_hl_gap_eV,172,1.0,0.0,0.7104976233764171,0.7104976233764171,,,,1.0
34,water_hl_gap_eV,173,1.0,0.0,0.7104976233764171,0.7104976233764171,,,,1.0
34,water_hl_gap_eV,174,1.0,0.0,0.7104976233764171,0.7104976233764171,,,,1.0
34,water_hl_gap_eV,175,1.0,0.0,0.7104976233764171,0.7104976233764171,,,,1.0
34,water_hl_gap_eV,176,1.0,0.0,0.7104976233764171,0.7104976233764171,,,,1.0
34,water_hl_gap_eV,177,1.0,0.0,0.7104976233764171,0.7104976233764171,,,,1.0
34,water_hl_gap_eV,178,1.0,0.0,0.7104976233764171,0.7104976233764171,,,,1.0
34,water_hl_gap_eV,179,1.0,0.0,0.7104976233764171,0.7104976233764171,,,,1.0
34,water_hl_gap_eV,180,1.0,0.0,0.7104976233764171,0.7104976233764171,,,,1.0
34,water_hl_gap_eV,181,1.0,0.0,0.7104976233764171,0.7104976233764171,,,,1.0
34,water_hl_gap_eV,182,1.0,0.0,0.7104976233764171,0.7104976233764171,,,,1.0
34,water_hl_gap_eV,183,1.0,0.0,0.7104976233764171,0.7104976233764171,,,,1.0
34,water_hl_gap_eV,184,1.0,0.0,0.7104976233764171,0.7104976233764171,,,,1.0
34,water_hl_gap_eV,185,1.0,0.0,0.7104976233764171,0.7104976233764171,,,,1.0
34,water_hl_gap_eV,186,1.0,0.0,0.7104976233764171,0.7104976233764171,,,,1.0
34,water_hl_gap_eV,187,1.0,0.0,0.7104976233764171,0.7104976233764171,,,,1.0
34,water_hl_gap_eV,188,1.0,0.0,0.7104976233764171,0.7104976233764171,,,,1.0
34,water_hl_gap_eV,189,1.0,0.0,0.7104976233764171,0.7104976233764171,,,,1.0
34,water_hl_gap_eV,190,1.0,0.0,0.7104976233764171,0.7104976233764171,,,,1.0
34,water_hl_gap_eV,191,1.0,0.0,0.7104976233764171,0.7104976233764171,,,,1.0
34,water_hl_gap_eV,192,1.0,0.0,0.7104976233764171,0.7104976233764171,,,,1.0
34,water_hl_gap_eV,193,1.0,0.0,0.7104976233764171,0.7104976233764171,,,,1.0
34,water_hl_gap_eV,194,1.0,0.0,0.7104976233764171,0.7104976233764171,,,,1.0
34,water_hl_gap_eV,195,1.0,0.0,0.7104976233764171,0.7104976233764171,,,,1.0
34,water_hl_gap_eV,196,1.0,0.0,0.7104976233764171,0.7104976233764171,,,,1.0
34,water_hl_gap_eV,197,1.0,0.0,0.7104976233764171,0.7104976233764171,,,,1.0
34,water_hl_gap_eV,198,1.0,0.0,0.7104976233764171,0.7104976233764171,,,,1.0
34,water_hl_gap_eV,199,1.0,0.0,0.7104976233764171,0.7104976233764171,,,,1.0
34,water_hl_gap_eV,200,1.0,0.0,0.7104976233764171,0.7104976233764171,,,,1.0
34,water_hl_gap_eV,201,1.0,0.0,0.7104976233764171,0.7104976233764171,,,,1.0
34,water_hl_gap_eV,202,1.0,0.0,0.7104976233764171,0.7104976233764171,,,,1.0
34,water_hl_gap_eV,203,1.0,0.0,0.7104976233764171,0.7104976233764171,,,,1.0
34,water_hl_gap_eV,204,1.0,0.0,0.7104976233764171,0.7104976233764171,,,,1.0
34,water_hl_gap_eV,205,1.0,0.0,0.7104976233764171,0.7104976233764171,,,,1.0
34,water_hl_gap_eV,206,1.0,0.0,0.7104976233764171,0.7104976233764171,,,,1.0
34,water_hl_gap_eV,207,1.0,0.0,0.7104976233764171,0.7104976233764171,,,,1.0
34,water_hl_gap_eV,208,1.0,0.0,0.7104976233764171,0.7104976233764171,,,,1.0
34,water_hl_gap_eV,209,1.0,0.0,0.7104976233764171,0.7104976233764171,,,,1.0
34,water_hl_gap_eV,210,1.0,0.0,0.7104976233764171,0.7104976233764171,,,,1.0
34,water_hl_gap_eV,211,1.0,0.0,0.7104976233764171,0.7104976233764171,,,,1.0
34,water_hl_gap_eV,212,1.0,0.0,0.7104976233764171,0.7104976233764171,,,,1.0
34,water_hl_gap_eV,213,1.0,0.0,0.7104976233764171,0.7104976233764171,,,,1.0
34,water_hl_gap_eV,214,1.0,0.0,0.7104976233764171,0.7104976233764171,,,,1.0
34,water_hl_gap_eV,215,1.0,0.0,0.7104976233764171,0.7104976233764171,,,,1.0
34,water_hl_gap_eV,216,1.0,0.0,0.7104976233764171,0.7104976233764171,,,,1.0
34,water_hl_gap_eV,217,1.0,0.0,0.7104976233764171,0.7104976233764171,,,,1.0
34,water_hl_gap_eV,218,1.0,0.0,0.7104976233764171,0.7104976233764171,,,,1.0
34,water_hl_gap_eV,219,1.0,0.0,0.7104976233764171,0.7104976233764171,,,,1.0
34,water_hl_gap_eV,220,1.0,0.0,0.7104976233764171,0.7104976233764171,,,,1.0
34,water_hl_gap_eV,221,1.0,0.0,0.7104976233764171,0.7104976233764171,,,,1.0
34,water_hl_gap_eV,222,1.0,0.0,0.7104976233764171,0.7104976233764171,,,,1.0
34,water_hl_gap_eV,223,1.0,0.0,0.7104976233764171,0.7104976233764171,,,,1.0
34,water_hl_gap_eV,224,1.0,0.0,0.7104976233764171,0.7104976233764171,,,,1.0
34,water_hl_gap_eV,225,1.0,0.0,0.7104976233764171,0.7104976233764171,,,,1.0
34,water_hl_gap_eV,226,1.0,0.0,0.7104976233764171,0.7104976233764171,,,,1.0
34,water_hl_gap_eV,227,1.0,0.0,0.7104976233764171,0.7104976233764171,,,,1.0
34,water_hl_gap_eV,228,1.0,0.0,0.7104976233764171,0.7104976233764171,,,,1.0
34,water_hl_gap_eV,229,1.0,0.0,0.7104976233764171,0.7104976233764171,,,,1.0
34,water_hl_gap_eV,230,1.0,0.0,0.7104976233764171,0.7104976233764171,,,,1.0
34,water_hl_gap_eV,231,1.0,0.0,0.7104976233764171,0.7104976233764171,,,,1.0
34,water_hl_gap_eV,232,1.0,0.0,0.7104976233764171,0.7104976233764171,,,,1.0
34,water_hl_gap_eV,233,1.0,0.0,0.7104976233764171,0.7104976233764171,,,,1.0
34,water_hl_gap_eV,234,1.0,0.0,0.7104976233764171,0.7104976233764171,,,,1.0
34,water_hl_gap_eV,235,1.0,0.0,0.7104976233764171,0.7104976233764171,,,,1.0
34,water_hl_gap_eV,236,1.0,0.0,0.7104976233764171,0.7104976233764171,,,,1.0
34,water_hl_gap_eV,237,1.0,0.0,0.7104976233764171,0.7104976233764171,,,,1.0
34,water_hl_gap_eV,238,1.0,0.0,0.7104976233764171,0.7104976233764171,,,,1.0
34,water_hl_gap_eV,239,1.0,0.0,0.7104976233764171,0.7104976233764171,,,,1.0
34,water_hl_gap_eV,240,1.0,0.0,0.7104976233764171,0.7104976233764171,,,,1.0
34,water_hl_gap_eV,241,1.0,0.0,0.7104976233764171,0.7104976233764171,,,,1.0
34,water_hl_gap_eV,242,1.0,0.0,0.7104976233764171,0.7104976233764171,,,,1.0
34,water_hl_gap_eV,243,1.0,0.0,0.7104976233764171,0.7104976233764171,,,,1.0
34,water_hl_gap_eV,244,1.0,0.0,0.7104976233764171,0.7104976233764171,,,,1.0
34,water_hl_gap_eV,245,1.0,0.0,0.7104976233764171,0.7104976233764171,,,,1.0
34,water_hl_gap_eV,246,1.0,0.0,0.7104976233764171,0.7104976233764171,,,,1.0
34,water_hl_gap_eV,247,1.0,0.0,0.7104976233764171,0.7104976233764171,,,,1.0
34,water_hl_gap_eV,248,1.0,0.0,0.7104976233764171,0.7104976233764171,,,,1.0
34,water_hl_gap_eV,249,1.0,0.0,0.7104976233764171,0.7104976233764171,,,,1.0
34,water_dipole,0,1.0,0.0,0.5790998525023185,0.5790998525023185,,,,1.0
34,water_dipole,1,1.0,0.0,0.5790998525023185,0.5790998525023185,,,,1.0
34,water_dipole,2,1.0,0.0,0.5790998525023185,0.5790998525023185,,,,1.0
34,water_dipole,3,1.0,0.0,0.5790998525023185,0.5790998525023185,,,,1.0
34,water_dipole,4,1.0,0.0,0.5790998525023185,0.5790998525023185,,,,1.0
34,water_dipole,5,1.0,0.0,0.5790998525023185,0.5790998525023185,,,,1.0
34,water_dipole,6,1.0,0.0,0.5790998525023185,0.5790998525023185,,,,1.0
34,water_dipole,7,1.0,0.0,0.5790998525023185,0.5790998525023185,,,,1.0
34,water_dipole,8,1.0,0.0,0.5790998525023185,0.5790998525023185,,,,1.0
34,water_dipole,9,1.0,0.0,0.5790998525023185,0.5790998525023185,,,,1.0
34,water_dipole,10,1.0,0.0,0.5790998525023185,0.5790998525023185,,,,1.0
34,water_dipole,11,1.0,0.0,0.5790998525023185,0.5790998525023185,,,,1.0
34,water_dipole,12,1.0,0.0,0.5790998525023185,0.5790998525023185,,,,1.0
34,water_dipole,13,1.0,0.0,0.5790998525023185,0.5790998525023185,,,,1.0
34,water_dipole,14,1.0,0.0,0.5790998525023185,0.5790998525023185,,,,1.0
34,water_dipole,15,1.0,0.0,0.5790998525023185,0.5790998525023185,,,,1.0
34,water_dipole,16,1.0,0.0,0.5790998525023185,0.5790998525023185,,,,1.0
34,water_dipole,17,1.0,0.0,0.5790998525023185,0.5790998525023185,,,,1.0
34,water_dipole,18,1.0,0.0,0.5790998525023185,0.5790998525023185,,,,1.0
34,water_dipole,19,1.0,0.0,0.5790998525023185,0.5790998525023185,,,,1.0
34,water_dipole,20,1.0,0.0,0.5790998525023185,0.5790998525023185,,,,1.0
34,water_dipole,21,1.0,0.0,0.5790998525023185,0.5790998525023185,,,,1.0
34,water_dipole,22,1.0,0.0,0.5790998525023185,0.5790998525023185,,,,1.0
34,water_dipole,23,1.0,0.0,0.5790998525023185,0.5790998525023185,,,,1.0
34,water_dipole,24,1.0,0.0,0.5790998525023185,0.5790998525023185,,,,1.0
34,water_dipole,25,1.0,0.0,0.5790998525023185,0.5790998525023185,,,,1.0
34,water_dipole,26,1.0,0.0,0.5790998525023185,0.5790998525023185,,,,1.0
34,water_dipole,27,1.0,0.0,0.5790998525023185,0.5790998525023185,,,,1.0
34,water_dipole,28,1.0,0.0,0.5790998525023185,0.5790998525023185,,,,1.0
34,water_dipole,29,1.0,0.0,0.5790998525023185,0.5790998525023185,,,,1.0
34,water_dipole,30,1.0,0.0,0.5790998525023185,0.5790998525023185,,,,1.0
34,water_dipole,31,1.0,0.0,0.5790998525023185,0.5790998525023185,,,,1.0
34,water_dipole,32,1.0,0.0,0.5790998525023185,0.5790998525023185,,,,1.0
34,water_dipole,33,1.0,0.0,0.5790998525023185,0.5790998525023185,,,,1.0
34,water_dipole,34,1.0,0.0,0.5790998525023185,0.5790998525023185,,,,1.0
34,water_dipole,35,1.0,0.0,0.5790998525023185,0.5790998525023185,,,,1.0
34,water_dipole,36,1.0,0.0,0.5790998525023185,0.5790998525023185,,,,1.0
34,water_dipole,37,1.0,0.0,0.5790998525023185,0.5790998525023185,,,,1.0
34,water_dipole,38,1.0,0.0,0.5790998525023185,0.5790998525023185,,,,1.0
34,water_dipole,39,1.0,0.0,0.5790998525023185,0.5790998525023185,,,,1.0
34,water_dipole,40,1.0,0.0,0.5790998525023185,0.5790998525023185,,,,1.0
34,water_dipole,41,1.0,0.0,0.5790998525023185,0.5790998525023185,,,,1.0
34,water_dipole,42,1.0,0.0,0.5790998525023185,0.5790998525023185,,,,1.0
34,water_dipole,43,1.0,0.0,0.5790998525023185,0.5790998525023185,,,,1.0
34,water_dipole,44,1.0,0.0,0.5790998525023185,0.5790998525023185,,,,1.0
34,water_dipole,45,1.0,0.0,0.5790998525023185,0.5790998525023185,,,,1.0
34,water_dipole,46,1.0,0.0,0.5790998525023185,0.5790998525023185,,,,1.0
34,water_dipole,47,1.0,0.0,0.5790998525023185,0.5790998525023185,,,,1.0
34,water_dipole,48,1.0,0.0,0.5790998525023185,0.5790998525023185,,,,1.0
34,water_dipole,49,1.0,0.0,0.5790998525023185,0.5790998525023185,,,,1.0
34,water_dipole,50,1.0,0.0,0.5790998525023185,0.5790998525023185,,,,1.0
34,water_dipole,51,1.0,0.0,0.5790998525023185,0.5790998525023185,,,,1.0
34,water_dipole,52,1.0,0.0,0.5790998525023185,0.5790998525023185,,,,1.0
34,water_dipole,53,1.0,0.0,0.5790998525023185,0.5790998525023185,,,,1.0
34,water_dipole,54,1.0,0.0,0.5790998525023185,0.5790998525023185,,,,1.0
34,water_dipole,55,1.0,0.0,0.5790998525023185,0.5790998525023185,,,,1.0
34,water_dipole,56,1.0,0.0,0.5790998525023185,0.5790998525023185,,,,1.0
34,water_dipole,57,1.0,0.0,0.5790998525023185,0.5790998525023185,,,,1.0
34,water_dipole,58,1.0,0.0,0.5790998525023185,0.5790998525023185,,,,1.0
34,water_dipole,59,1.0,0.0,0.5790998525023185,0.5790998525023185,,,,1.0
34,water_dipole,60,1.0,0.0,0.5790998525023185,0.5790998525023185,,,,1.0
34,water_dipole,61,1.0,0.0,0.5790998525023185,0.5790998525023185,,,,1.0
34,water_dipole,62,1.0,0.0,0.5790998525023185,0.5790998525023185,,,,1.0
34,water_dipole,63,1.0,0.0,0.5790998525023185,0.5790998525023185,,,,1.0
34,water_dipole,64,1.0,0.0,0.5790998525023185,0.5790998525023185,,,,1.0
34,water_dipole,65,1.0,0.0,0.5790998525023185,0.5790998525023185,,,,1.0
34,water_dipole,66,1.0,0.0,0.5790998525023185,0.5790998525023185,,,,1.0
34,water_dipole,67,1.0,0.0,0.5790998525023185,0.5790998525023185,,,,1.0
34,water_dipole,68,1.0,0.0,0.5790998525023185,0.5790998525023185,,,,1.0
34,water_dipole,69,1.0,0.0,0.5790998525023185,0.5790998525023185,,,,1.0
34,water_dipole,70,1.0,0.0,0.5790998525023185,0.5790998525023185,,,,1.0
34,water_dipole,71,1.0,0.0,0.5790998525023185,0.5790998525023185,,,,1.0
34,water_dipole,72,1.0,0.0,0.5790998525023185,0.5790998525023185,,,,1.0
34,water_dipole,73,1.0,0.0,0.5790998525023185,0.5790998525023185,,,,1.0
34,water_dipole,74,1.0,0.0,0.5790998525023185,0.5790998525023185,,,,1.0
34,water_dipole,75,1.0,0.0,0.5790998525023185,0.5790998525023185,,,,1.0
34,water_dipole,76,1.0,0.0,0.5790998525023185,0.5790998525023185,,,,1.0
34,water_dipole,77,1.0,0.0,0.5790998525023185,0.5790998525023185,,,,1.0
34,water_dipole,78,1.0,0.0,0.5790998525023185,0.5790998525023185,,,,1.0
34,water_dipole,79,1.0,0.0,0.5790998525023185,0.5790998525023185,,,,1.0
34,water_dipole,80,1.0,0.0,0.5790998525023185,0.5790998525023185,,,,1.0
34,water_dipole,81,1.0,0.0,0.5790998525023185,0.5790998525023185,,,,1.0
34,water_dipole,82,1.0,0.0,0.5790998525023185,0.5790998525023185,,,,1.0
34,water_dipole,83,1.0,0.0,0.5790998525023185,0.5790998525023185,,,,1.0
34,water_dipole,84,1.0,0.0,0.5790998525023185,0.5790998525023185,,,,1.0
34,water_dipole,85,1.0,0.0,0.5790998525023185,0.5790998525023185,,,,1.0
34,water_dipole,86,1.0,0.0,0.5790998525023185,0.5790998525023185,,,,1.0
34,water_dipole,87,1.0,0.0,0.5790998525023185,0.5790998525023185,,,,1.0
34,water_dipole,88,1.0,0.0,0.5790998525023185,0.5790998525023185,,,,1.0
34,water_dipole,89,1.0,0.0,0.5790998525023185,0.5790998525023185,,,,1.0
34,water_dipole,90,1.0,0.0,0.5790998525023185,0.5790998525023185,,,,1.0
34,water_dipole,91,1.0,0.0,0.5790998525023185,0.5790998525023185,,,,1.0
34,water_dipole,92,1.0,0.0,0.5790998525023185,0.5790998525023185,,,,1.0
34,water_dipole,93,1.0,0.0,0.5790998525023185,0.5790998525023185,,,,1.0
34,water_dipole,94,1.0,0.0,0.5790998525023185,0.5790998525023185,,,,1.0
34,water_dipole,95,1.0,0.0,0.5790998525023185,0.5790998525023185,,,,1.0
34,water_dipole,96,1.0,0.0,0.5790998525023185,0.5790998525023185,,,,1.0
34,water_dipole,97,1.0,0.0,0.5790998525023185,0.5790998525023185,,,,1.0
34,water_dipole,98,1.0,0.0,0.5790998525023185,0.5790998525023185,,,,1.0
34,water_dipole,99,1.0,0.0,0.5790998525023185,0.5790998525023185,,,,1.0
34,water_dipole,100,1.0,0.0,0.5790998525023185,0.5790998525023185,,,,1.0
34,water_dipole,101,1.0,0.0,0.5790998525023185,0.5790998525023185,,,,1.0
34,water_dipole,102,1.0,0.0,0.5790998525023185,0.5790998525023185,,,,1.0
34,water_dipole,103,1.0,0.0,0.5790998525023185,0.5790998525023185,,,,1.0
34,water_dipole,104,1.0,0.0,0.5790998525023185,0.5790998525023185,,,,1.0
34,water_dipole,105,1.0,0.0,0.5790998525023185,0.5790998525023185,,,,1.0
34,water_dipole,106,1.0,0.0,0.5790998525023185,0.5790998525023185,,,,1.0
34,water_dipole,107,1.0,0.0,0.5790998525023185,0.5790998525023185,,,,1.0
34,water_dipole,108,1.0,0.0,0.5790998525023185,0.5790998525023185,,,,1.0
34,water_dipole,109,1.0,0.0,0.5790998525023185,0.5790998525023185,,,,1.0
34,water_dipole,110,1.0,0.0,0.5790998525023185,0.5790998525023185,,,,1.0
34,water_dipole,111,1.0,0.0,0.5790998525023185,0.5790998525023185,,,,1.0
34,water_dipole,112,1.0,0.0,0.5790998525023185,0.5790998525023185,,,,1.0
34,water_dipole,113,1.0,0.0,0.5790998525023185,0.5790998525023185,,,,1.0
34,water_dipole,114,1.0,0.0,0.5790998525023185,0.5790998525023185,,,,1.0
34,water_dipole,115,1.0,0.0,0.5790998525023185,0.5790998525023185,,,,1.0
34,water_dipole,116,1.0,0.0,0.5790998525023185,0.5790998525023185,,,,1.0
34,water_dipole,117,1.0,0.0,0.5790998525023185,0.5790998525023185,,,,1.0
34,water_dipole,118,1.0,0.0,0.5790998525023185,0.5790998525023185,,,,1.0
34,water_dipole,119,1.0,0.0,0.5790998525023185,0.5790998525023185,,,,1.0
34,water_dipole,120,1.0,0.0,0.5790998525023185,0.5790998525023185,,,,1.0
34,water_dipole,121,1.0,0.0,0.5790998525023185,0.5790998525023185,,,,1.0
34,water_dipole,122,1.0,0.0,0.5790998525023185,0.5790998525023185,,,,1.0
34,water_dipole,123,1.0,0.0,0.5790998525023185,0.5790998525023185,,,,1.0
34,water_dipole,124,1.0,0.0,0.5790998525023185,0.5790998525023185,,,,1.0
34,water_dipole,125,1.0,0.0,0.5790998525023185,0.5790998525023185,,,,1.0
34,water_dipole,126,1.0,0.0,0.5790998525023185,0.5790998525023185,,,,1.0
34,water_dipole,127,1.0,0.0,0.5790998525023185,0.5790998525023185,,,,1.0
34,water_dipole,128,1.0,0.0,0.5790998525023185,0.5790998525023185,,,,1.0
34,water_dipole,129,1.0,0.0,0.5790998525023185,0.5790998525023185,,,,1.0
34,water_dipole,130,1.0,0.0,0.5790998525023185,0.5790998525023185,,,,1.0
34,water_dipole,131,1.0,0.0,0.5790998525023185,0.5790998525023185,,,,1.0
34,water_dipole,132,1.0,0.0,0.5790998525023185,0.5790998525023185,,,,1.0
34,water_dipole,133,1.0,0.0,0.5790998525023185,0.5790998525023185,,,,1.0
34,water_dipole,134,1.0,0.0,0.5790998525023185,0.5790998525023185,,,,1.0
34,water_dipole,135,1.0,0.0,0.5790998525023185,0.5790998525023185,,,,1.0
34,water_dipole,136,1.0,0.0,0.5790998525023185,0.5790998525023185,,,,1.0
34,water_dipole,137,1.0,0.0,0.5790998525023185,0.5790998525023185,,,,1.0
34,water_dipole,138,1.0,0.0,0.5790998525023185,0.5790998525023185,,,,1.0
34,water_dipole,139,1.0,0.0,0.5790998525023185,0.5790998525023185,,,,1.0
34,water_dipole,140,1.0,0.0,0.5790998525023185,0.5790998525023185,,,,1.0
34,water_dipole,141,1.0,0.0,0.5790998525023185,0.5790998525023185,,,,1.0
34,water_dipole,142,1.0,0.0,0.5790998525023185,0.5790998525023185,,,,1.0
34,water_dipole,143,1.0,0.0,0.5790998525023185,0.5790998525023185,,,,1.0
34,water_dipole,144,1.0,0.0,0.5790998525023185,0.5790998525023185,,,,1.0
34,water_dipole,145,1.0,0.0,0.5790998525023185,0.5790998525023185,,,,1.0
34,water_dipole,146,1.0,0.0,0.5790998525023185,0.5790998525023185,,,,1.0
34,water_dipole,147,1.0,0.0,0.5790998525023185,0.5790998525023185,,,,1.0
34,water_dipole,148,1.0,0.0,0.5790998525023185,0.5790998525023185,,,,1.0
34,water_dipole,149,1.0,0.0,0.5790998525023185,0.5790998525023185,,,,1.0
34,water_dipole,150,1.0,0.0,0.5790998525023185,0.5790998525023185,,,,1.0
34,water_dipole,151,1.0,0.0,0.5790998525023185,0.5790998525023185,,,,1.0
34,water_dipole,152,1.0,0.0,0.5790998525023185,0.5790998525023185,,,,1.0
34,water_dipole,153,1.0,0.0,0.5790998525023185,0.5790998525023185,,,,1.0
34,water_dipole,154,1.0,0.0,0.5790998525023185,0.5790998525023185,,,,1.0
34,water_dipole,155,1.0,0.0,0.5790998525023185,0.5790998525023185,,,,1.0
34,water_dipole,156,1.0,0.0,0.5790998525023185,0.5790998525023185,,,,1.0
34,water_dipole,157,1.0,0.0,0.5790998525023185,0.5790998525023185,,,,1.0
34,water_dipole,158,1.0,0.0,0.5790998525023185,0.5790998525023185,,,,1.0
34,water_dipole,159,1.0,0.0,0.5790998525023185,0.5790998525023185,,,,1.0
34,water_dipole,160,1.0,0.0,0.5790998525023185,0.5790998525023185,,,,1.0
34,water_dipole,161,1.0,0.0,0.5790998525023185,0.5790998525023185,,,,1.0
34,water_dipole,162,1.0,0.0,0.5790998525023185,0.5790998525023185,,,,1.0
34,water_dipole,163,1.0,0.0,0.5790998525023185,0.5790998525023185,,,,1.0
34,water_dipole,164,1.0,0.0,0.5790998525023185,0.5790998525023185,,,,1.0
34,water_dipole,165,1.0,0.0,0.5790998525023185,0.5790998525023185,,,,1.0
34,water_dipole,166,1.0,0.0,0.5790998525023185,0.5790998525023185,,,,1.0
34,water_dipole,167,1.0,0.0,0.5790998525023185,0.5790998525023185,,,,1.0
34,water_dipole,168,1.0,0.0,0.5790998525023185,0.5790998525023185,,,,1.0
34,water_dipole,169,1.0,0.0,0.5790998525023185,0.5790998525023185,,,,1.0
34,water_dipole,170,1.0,0.0,0.5790998525023185,0.5790998525023185,,,,1.0
34,water_dipole,171,1.0,0.0,0.5790998525023185,0.5790998525023185,,,,1.0
34,water_dipole,172,1.0,0.0,0.5790998525023185,0.5790998525023185,,,,1.0
34,water_dipole,173,1.0,0.0,0.5790998525023185,0.5790998525023185,,,,1.0
34,water_dipole,174,1.0,0.0,0.5790998525023185,0.5790998525023185,,,,1.0
34,water_dipole,175,1.0,0.0,0.5790998525023185,0.5790998525023185,,,,1.0
34,water_dipole,176,1.0,0.0,0.5790998525023185,0.5790998525023185,,,,1.0
34,water_dipole,177,1.0,0.0,0.5790998525023185,0.5790998525023185,,,,1.0
34,water_dipole,178,1.0,0.0,0.5790998525023185,0.5790998525023185,,,,1.0
34,water_dipole,179,1.0,0.0,0.5790998525023185,0.5790998525023185,,,,1.0
34,water_dipole,180,1.0,0.0,0.5790998525023185,0.5790998525023185,,,,1.0
34,water_dipole,181,1.0,0.0,0.5790998525023185,0.5790998525023185,,,,1.0
34,water_dipole,182,1.0,0.0,0.5790998525023185,0.5790998525023185,,,,1.0
34,water_dipole,183,1.0,0.0,0.5790998525023185,0.5790998525023185,,,,1.0
34,water_dipole,184,1.0,0.0,0.5790998525023185,0.5790998525023185,,,,1.0
34,water_dipole,185,1.0,0.0,0.5790998525023185,0.5790998525023185,,,,1.0
34,water_dipole,186,1.0,0.0,0.5790998525023185,0.5790998525023185,,,,1.0
34,water_dipole,187,1.0,0.0,0.5790998525023185,0.5790998525023185,,,,1.0
34,water_dipole,188,1.0,0.0,0.5790998525023185,0.5790998525023185,,,,1.0
34,water_dipole,189,1.0,0.0,0.5790998525023185,0.5790998525023185,,,,1.0
34,water_dipole,190,1.0,0.0,0.5790998525023185,0.5790998525023185,,,,1.0
34,water_dipole,191,1.0,0.0,0.5790998525023185,0.5790998525023185,,,,1.0
34,water_dipole,192,1.0,0.0,0.5790998525023185,0.5790998525023185,,,,1.0
34,water_dipole,193,1.0,0.0,0.5790998525023185,0.5790998525023185,,,,1.0
34,water_dipole,194,1.0,0.0,0.5790998525023185,0.5790998525023185,,,,1.0
34,water_dipole,195,1.0,0.0,0.5790998525023185,0.5790998525023185,,,,1.0
34,water_dipole,196,1.0,0.0,0.5790998525023185,0.5790998525023185,,,,1.0
34,water_dipole,197,1.0,0.0,0.5790998525023185,0.5790998525023185,,,,1.0
34,water_dipole,198,1.0,0.0,0.5790998525023185,0.5790998525023185,,,,1.0
34,water_dipole,199,1.0,0.0,0.5790998525023185,0.5790998525023185,,,,1.0
34,water_dipole,200,1.0,0.0,0.5790998525023185,0.5790998525023185,,,,1.0
34,water_dipole,201,1.0,0.0,0.5790998525023185,0.5790998525023185,,,,1.0
34,water_dipole,202,1.0,0.0,0.5790998525023185,0.5790998525023185,,,,1.0
34,water_dipole,203,1.0,0.0,0.5790998525023185,0.5790998525023185,,,,1.0
34,water_dipole,204,1.0,0.0,0.5790998525023185,0.5790998525023185,,,,1.0
34,water_dipole,205,1.0,0.0,0.5790998525023185,0.5790998525023185,,,,1.0
34,water_dipole,206,1.0,0.0,0.5790998525023185,0.5790998525023185,,,,1.0
34,water_dipole,207,1.0,0.0,0.5790998525023185,0.5790998525023185,,,,1.0
34,water_dipole,208,1.0,0.0,0.5790998525023185,0.5790998525023185,,,,1.0
34,water_dipole,209,1.0,0.0,0.5790998525023185,0.5790998525023185,,,,1.0
34,water_dipole,210,1.0,0.0,0.5790998525023185,0.5790998525023185,,,,1.0
34,water_dipole,211,1.0,0.0,0.5790998525023185,0.5790998525023185,,,,1.0
34,water_dipole,212,1.0,0.0,0.5790998525023185,0.5790998525023185,,,,1.0
34,water_dipole,213,1.0,0.0,0.5790998525023185,0.5790998525023185,,,,1.0
34,water_dipole,214,1.0,0.0,0.5790998525023185,0.5790998525023185,,,,1.0
34,water_dipole,215,1.0,0.0,0.5790998525023185,0.5790998525023185,,,,1.0
34,water_dipole,216,1.0,0.0,0.5790998525023185,0.5790998525023185,,,,1.0
34,water_dipole,217,1.0,0.0,0.5790998525023185,0.5790998525023185,,,,1.0
34,water_dipole,218,1.0,0.0,0.5790998525023185,0.5790998525023185,,,,1.0
34,water_dipole,219,1.0,0.0,0.5790998525023185,0.5790998525023185,,,,1.0
34,water_dipole,220,1.0,0.0,0.5790998525023185,0.5790998525023185,,,,1.0
34,water_dipole,221,1.0,0.0,0.5790998525023185,0.5790998525023185,,,,1.0
34,water_dipole,222,1.0,0.0,0.5790998525023185,0.5790998525023185,,,,1.0
34,water_dipole,223,1.0,0.0,0.5790998525023185,0.5790998525023185,,,,1.0
34,water_dipole,224,1.0,0.0,0.5790998525023185,0.5790998525023185,,,,1.0
34,water_dipole,225,1.0,0.0,0.5790998525023185,0.5790998525023185,,,,1.0
34,water_dipole,226,1.0,0.0,0.5790998525023185,0.5790998525023185,,,,1.0
34,water_dipole,227,1.0,0.0,0.5790998525023185,0.5790998525023185,,,,1.0
34,water_dipole,228,1.0,0.0,0.5790998525023185,0.5790998525023185,,,,1.0
34,water_dipole,229,1.0,0.0,0.5790998525023185,0.5790998525023185,,,,1.0
34,water_dipole,230,1.0,0.0,0.5790998525023185,0.5790998525023185,,,,1.0
34,water_dipole,231,1.0,0.0,0.5790998525023185,0.5790998525023185,,,,1.0
34,water_dipole,232,1.0,0.0,0.5790998525023185,0.5790998525023185,,,,1.0
34,water_dipole,233,1.0,0.0,0.5790998525023185,0.5790998525023185,,,,1.0
34,water_dipole,234,1.0,0.0,0.5790998525023185,0.5790998525023185,,,,1.0
34,water_dipole,235,1.0,0.0,0.5790998525023185,0.5790998525023185,,,,1.0
34,water_dipole,236,1.0,0.0,0.5790998525023185,0.5790998525023185,,,,1.0
34,water_dipole,237,1.0,0.0,0.5790998525023185,0.5790998525023185,,,,1.0
34,water_dipole,238,1.0,0.0,0.5790998525023185,0.5790998525023185,,,,1.0
34,water_dipole,239,1.0,0.0,0.5790998525023185,0.5790998525023185,,,,1.0
34,water_dipole,240,1.0,0.0,0.5790998525023185,0.5790998525023185,,,,1.0
34,water_dipole,241,1.0,0.0,0.5790998525023185,0.5790998525023185,,,,1.0
34,water_dipole,242,1.0,0.0,0.5790998525023185,0.5790998525023185,,,,1.0
34,water_dipole,243,1.0,0.0,0.5790998525023185,0.5790998525023185,,,,1.0
34,water_dipole,244,1.0,0.0,0.5790998525023185,0.5790998525023185,,,,1.0
34,water_dipole,245,1.0,0.0,0.5790998525023185,0.5790998525023185,,,,1.0
34,water_dipole,246,1.0,0.0,0.5790998525023185,0.5790998525023185,,,,1.0
34,water_dipole,247,1.0,0.0,0.5790998525023185,0.5790998525023185,,,,1.0
34,water_dipole,248,1.0,0.0,0.5790998525023185,0.5790998525023185,,,,1.0
34,water_dipole,249,1.0,0.0,0.5790998525023185,0.5790998525023185,,,,1.0
34,acetone_gsolv_eV,0,1.0,0.0,0.6459419581661212,0.6459419581661212,,,,1.0
34,acetone_gsolv_eV,1,1.0,0.0,0.6459419581661212,0.6459419581661212,,,,1.0
34,acetone_gsolv_eV,2,1.0,0.0,0.6459419581661212,0.6459419581661212,,,,1.0
34,acetone_gsolv_eV,3,1.0,0.0,0.6459419581661212,0.6459419581661212,,,,1.0
34,acetone_gsolv_eV,4,1.0,0.0,0.6459419581661212,0.6459419581661212,,,,1.0
34,acetone_gsolv_eV,5,1.0,0.0,0.6459419581661212,0.6459419581661212,,,,1.0
34,acetone_gsolv_eV,6,1.0,0.0,0.6459419581661212,0.6459419581661212,,,,1.0
34,acetone_gsolv_eV,7,1.0,0.0,0.6459419581661212,0.6459419581661212,,,,1.0
34,acetone_gsolv_eV,8,1.0,0.0,0.6459419581661212,0.6459419581661212,,,,1.0
34,acetone_gsolv_eV,9,1.0,0.0,0.6459419581661212,0.6459419581661212,,,,1.0
34,acetone_gsolv_eV,10,1.0,0.0,0.6459419581661212,0.6459419581661212,,,,1.0
34,acetone_gsolv_eV,11,1.0,0.0,0.6459419581661212,0.6459419581661212,,,,1.0
34,acetone_gsolv_eV,12,1.0,0.0,0.6459419581661212,0.6459419581661212,,,,1.0
34,acetone_gsolv_eV,13,1.0,0.0,0.6459419581661212,0.6459419581661212,,,,1.0
34,acetone_gsolv_eV,14,1.0,0.0,0.6459419581661212,0.6459419581661212,,,,1.0
34,acetone_gsolv_eV,15,1.0,0.0,0.6459419581661212,0.6459419581661212,,,,1.0
34,acetone_gsolv_eV,16,1.0,0.0,0.6459419581661212,0.6459419581661212,,,,1.0
34,acetone_gsolv_eV,17,1.0,0.0,0.6459419581661212,0.6459419581661212,,,,1.0
34,acetone_gsolv_eV,18,1.0,0.0,0.6459419581661212,0.6459419581661212,,,,1.0
34,acetone_gsolv_eV,19,1.0,0.0,0.6459419581661212,0.6459419581661212,,,,1.0
34,acetone_gsolv_eV,20,1.0,0.0,0.6459419581661212,0.6459419581661212,,,,1.0
34,acetone_gsolv_eV,21,1.0,0.0,0.6459419581661212,0.6459419581661212,,,,1.0
34,acetone_gsolv_eV,22,1.0,0.0,0.6459419581661212,0.6459419581661212,,,,1.0
34,acetone_gsolv_eV,23,1.0,0.0,0.6459419581661212,0.6459419581661212,,,,1.0
34,acetone_gsolv_eV,24,1.0,0.0,0.6459419581661212,0.6459419581661212,,,,1.0
34,acetone_gsolv_eV,25,1.0,0.0,0.6459419581661212,0.6459419581661212,,,,1.0
34,acetone_gsolv_eV,26,1.0,0.0,0.6459419581661212,0.6459419581661212,,,,1.0
34,acetone_gsolv_eV,27,1.0,0.0,0.6459419581661212,0.6459419581661212,,,,1.0
34,acetone_gsolv_eV,28,1.0,0.0,0.6459419581661212,0.6459419581661212,,,,1.0
34,acetone_gsolv_eV,29,1.0,0.0,0.6459419581661212,0.6459419581661212,,,,1.0
34,acetone_gsolv_eV,30,1.0,0.0,0.6459419581661212,0.6459419581661212,,,,1.0
34,acetone_gsolv_eV,31,1.0,0.0,0.6459419581661212,0.6459419581661212,,,,1.0
34,acetone_gsolv_eV,32,1.0,0.0,0.6459419581661212,0.6459419581661212,,,,1.0
34,acetone_gsolv_eV,33,1.0,0.0,0.6459419581661212,0.6459419581661212,,,,1.0
34,acetone_gsolv_eV,34,1.0,0.0,0.6459419581661212,0.6459419581661212,,,,1.0
34,acetone_gsolv_eV,35,1.0,0.0,0.6459419581661212,0.6459419581661212,,,,1.0
34,acetone_gsolv_eV,36,1.0,0.0,0.6459419581661212,0.6459419581661212,,,,1.0
34,acetone_gsolv_eV,37,1.0,0.0,0.6459419581661212,0.6459419581661212,,,,1.0
34,acetone_gsolv_eV,38,1.0,0.0,0.6459419581661212,0.6459419581661212,,,,1.0
34,acetone_gsolv_eV,39,1.0,0.0,0.6459419581661212,0.6459419581661212,,,,1.0
34,acetone_gsolv_eV,40,1.0,0.0,0.6459419581661212,0.6459419581661212,,,,1.0
34,acetone_gsolv_eV,41,1.0,0.0,0.6459419581661212,0.6459419581661212,,,,1.0
34,acetone_gsolv_eV,42,1.0,0.0,0.6459419581661212,0.6459419581661212,,,,1.0
34,acetone_gsolv_eV,43,1.0,0.0,0.6459419581661212,0.6459419581661212,,,,1.0
34,acetone_gsolv_eV,44,1.0,0.0,0.6459419581661212,0.6459419581661212,,,,1.0
34,acetone_gsolv_eV,45,1.0,0.0,0.6459419581661212,0.6459419581661212,,,,1.0
34,acetone_gsolv_eV,46,1.0,0.0,0.6459419581661212,0.6459419581661212,,,,1.0
34,acetone_gsolv_eV,47,1.0,0.0,0.6459419581661212,0.6459419581661212,,,,1.0
34,acetone_gsolv_eV,48,1.0,0.0,0.6459419581661212,0.6459419581661212,,,,1.0
34,acetone_gsolv_eV,49,1.0,0.0,0.6459419581661212,0.6459419581661212,,,,1.0
34,acetone_gsolv_eV,50,1.0,0.0,0.6459419581661212,0.6459419581661212,,,,1.0
34,acetone_gsolv_eV,51,1.0,0.0,0.6459419581661212,0.6459419581661212,,,,1.0
34,acetone_gsolv_eV,52,1.0,0.0,0.6459419581661212,0.6459419581661212,,,,1.0
34,acetone_gsolv_eV,53,1.0,0.0,0.6459419581661212,0.6459419581661212,,,,1.0
34,acetone_gsolv_eV,54,1.0,0.0,0.6459419581661212,0.6459419581661212,,,,1.0
34,acetone_gsolv_eV,55,1.0,0.0,0.6459419581661212,0.6459419581661212,,,,1.0
34,acetone_gsolv_eV,56,1.0,0.0,0.6459419581661212,0.6459419581661212,,,,1.0
34,acetone_gsolv_eV,57,1.0,0.0,0.6459419581661212,0.6459419581661212,,,,1.0
34,acetone_gsolv_eV,58,1.0,0.0,0.6459419581661212,0.6459419581661212,,,,1.0
34,acetone_gsolv_eV,59,1.0,0.0,0.6459419581661212,0.6459419581661212,,,,1.0
34,acetone_gsolv_eV,60,1.0,0.0,0.6459419581661212,0.6459419581661212,,,,1.0
34,acetone_gsolv_eV,61,1.0,0.0,0.6459419581661212,0.6459419581661212,,,,1.0
34,acetone_gsolv_eV,62,1.0,0.0,0.6459419581661212,0.6459419581661212,,,,1.0
34,acetone_gsolv_eV,63,1.0,0.0,0.6459419581661212,0.6459419581661212,,,,1.0
34,acetone_gsolv_eV,64,1.0,0.0,0.6459419581661212,0.6459419581661212,,,,1.0
34,acetone_gsolv_eV,65,1.0,0.0,0.6459419581661212,0.6459419581661212,,,,1.0
34,acetone_gsolv_eV,66,1.0,0.0,0.6459419581661212,0.6459419581661212,,,,1.0
34,acetone_gsolv_eV,67,1.0,0.0,0.6459419581661212,0.6459419581661212,,,,1.0
34,acetone_gsolv_eV,68,1.0,0.0,0.6459419581661212,0.6459419581661212,,,,1.0
34,acetone_gsolv_eV,69,1.0,0.0,0.6459419581661212,0.6459419581661212,,,,1.0
34,acetone_gsolv_eV,70,1.0,0.0,0.6459419581661212,0.6459419581661212,,,,1.0
34,acetone_gsolv_eV,71,1.0,0.0,0.6459419581661212,0.6459419581661212,,,,1.0
34,acetone_gsolv_eV,72,1.0,0.0,0.6459419581661212,0.6459419581661212,,,,1.0
34,acetone_gsolv_eV,73,1.0,0.0,0.6459419581661212,0.6459419581661212,,,,1.0
34,acetone_gsolv_eV,74,1.0,0.0,0.6459419581661212,0.6459419581661212,,,,1.0
34,acetone_gsolv_eV,75,1.0,0.0,0.6459419581661212,0.6459419581661212,,,,1.0
34,acetone_gsolv_eV,76,1.0,0.0,0.6459419581661212,0.6459419581661212,,,,1.0
34,acetone_gsolv_eV,77,1.0,0.0,0.6459419581661212,0.6459419581661212,,,,1.0
34,acetone_gsolv_eV,78,1.0,0.0,0.6459419581661212,0.6459419581661212,,,,1.0
34,acetone_gsolv_eV,79,1.0,0.0,0.6459419581661212,0.6459419581661212,,,,1.0
34,acetone_gsolv_eV,80,1.0,0.0,0.6459419581661212,0.6459419581661212,,,,1.0
34,acetone_gsolv_eV,81,1.0,0.0,0.6459419581661212,0.6459419581661212,,,,1.0
34,acetone_gsolv_eV,82,1.0,0.0,0.6459419581661212,0.6459419581661212,,,,1.0
34,acetone_gsolv_eV,83,1.0,0.0,0.6459419581661212,0.6459419581661212,,,,1.0
34,acetone_gsolv_eV,84,1.0,0.0,0.6459419581661212,0.6459419581661212,,,,1.0
34,acetone_gsolv_eV,85,1.0,0.0,0.6459419581661212,0.6459419581661212,,,,1.0
34,acetone_gsolv_eV,86,1.0,0.0,0.6459419581661212,0.6459419581661212,,,,1.0
34,acetone_gsolv_eV,87,1.0,0.0,0.6459419581661212,0.6459419581661212,,,,1.0
34,acetone_gsolv_eV,88,1.0,0.0,0.6459419581661212,0.6459419581661212,,,,1.0
34,acetone_gsolv_eV,89,1.0,0.0,0.6459419581661212,0.6459419581661212,,,,1.0
34,acetone_gsolv_eV,90,1.0,0.0,0.6459419581661212,0.6459419581661212,,,,1.0
34,acetone_gsolv_eV,91,1.0,0.0,0.6459419581661212,0.6459419581661212,,,,1.0
34,acetone_gsolv_eV,92,1.0,0.0,0.6459419581661212,0.6459419581661212,,,,1.0
34,acetone_gsolv_eV,93,1.0,0.0,0.6459419581661212,0.6459419581661212,,,,1.0
34,acetone_gsolv_eV,94,1.0,0.0,0.6459419581661212,0.6459419581661212,,,,1.0
34,acetone_gsolv_eV,95,1.0,0.0,0.6459419581661212,0.6459419581661212,,,,1.0
34,acetone_gsolv_eV,96,1.0,0.0,0.6459419581661212,0.6459419581661212,,,,1.0
34,acetone_gsolv_eV,97,1.0,0.0,0.6459419581661212,0.6459419581661212,,,,1.0
34,acetone_gsolv_eV,98,1.0,0.0,0.6459419581661212,0.6459419581661212,,,,1.0
34,acetone_gsolv_eV,99,1.0,0.0,0.6459419581661212,0.6459419581661212,,,,1.0
34,acetone_gsolv_eV,100,1.0,0.0,0.6459419581661212,0.6459419581661212,,,,1.0
34,acetone_gsolv_eV,101,1.0,0.0,0.6459419581661212,0.6459419581661212,,,,1.0
34,acetone_gsolv_eV,102,1.0,0.0,0.6459419581661212,0.6459419581661212,,,,1.0
34,acetone_gsolv_eV,103,1.0,0.0,0.6459419581661212,0.6459419581661212,,,,1.0
34,acetone_gsolv_eV,104,1.0,0.0,0.6459419581661212,0.6459419581661212,,,,1.0
34,acetone_gsolv_eV,105,1.0,0.0,0.6459419581661212,0.6459419581661212,,,,1.0
34,acetone_gsolv_eV,106,1.0,0.0,0.6459419581661212,0.6459419581661212,,,,1.0
34,acetone_gsolv_eV,107,1.0,0.0,0.6459419581661212,0.6459419581661212,,,,1.0
34,acetone_gsolv_eV,108,1.0,0.0,0.6459419581661212,0.6459419581661212,,,,1.0
34,acetone_gsolv_eV,109,1.0,0.0,0.6459419581661212,0.6459419581661212,,,,1.0
34,acetone_gsolv_eV,110,1.0,0.0,0.6459419581661212,0.6459419581661212,,,,1.0
34,acetone_gsolv_eV,111,1.0,0.0,0.6459419581661212,0.6459419581661212,,,,1.0
34,acetone_gsolv_eV,112,1.0,0.0,0.6459419581661212,0.6459419581661212,,,,1.0
34,acetone_gsolv_eV,113,1.0,0.0,0.6459419581661212,0.6459419581661212,,,,1.0
34,acetone_gsolv_eV,114,1.0,0.0,0.6459419581661212,0.6459419581661212,,,,1.0
34,acetone_gsolv_eV,115,1.0,0.0,0.6459419581661212,0.6459419581661212,,,,1.0
34,acetone_gsolv_eV,116,1.0,0.0,0.6459419581661212,0.6459419581661212,,,,1.0
34,acetone_gsolv_eV,117,1.0,0.0,0.6459419581661212,0.6459419581661212,,,,1.0
34,acetone_gsolv_eV,118,1.0,0.0,0.6459419581661212,0.6459419581661212,,,,1.0
34,acetone_gsolv_eV,119,1.0,0.0,0.6459419581661212,0.6459419581661212,,,,1.0
34,acetone_gsolv_eV,120,1.0,0.0,0.6459419581661212,0.6459419581661212,,,,1.0
34,acetone_gsolv_eV,121,1.0,0.0,0.6459419581661212,0.6459419581661212,,,,1.0
34,acetone_gsolv_eV,122,1.0,0.0,0.6459419581661212,0.6459419581661212,,,,1.0
34,acetone_gsolv_eV,123,1.0,0.0,0.6459419581661212,0.6459419581661212,,,,1.0
34,acetone_gsolv_eV,124,1.0,0.0,0.6459419581661212,0.6459419581661212,,,,1.0
34,acetone_gsolv_eV,125,1.0,0.0,0.6459419581661212,0.6459419581661212,,,,1.0
34,acetone_gsolv_eV,126,1.0,0.0,0.6459419581661212,0.6459419581661212,,,,1.0
34,acetone_gsolv_eV,127,1.0,0.0,0.6459419581661212,0.6459419581661212,,,,1.0
34,acetone_gsolv_eV,128,1.0,0.0,0.6459419581661212,0.6459419581661212,,,,1.0
34,acetone_gsolv_eV,129,1.0,0.0,0.6459419581661212,0.6459419581661212,,,,1.0
34,acetone_gsolv_eV,130,1.0,0.0,0.6459419581661212,0.6459419581661212,,,,1.0
34,acetone_gsolv_eV,131,1.0,0.0,0.6459419581661212,0.6459419581661212,,,,1.0
34,acetone_gsolv_eV,132,1.0,0.0,0.6459419581661212,0.6459419581661212,,,,1.0
34,acetone_gsolv_eV,133,1.0,0.0,0.6459419581661212,0.6459419581661212,,,,1.0
34,acetone_gsolv_eV,134,1.0,0.0,0.6459419581661212,0.6459419581661212,,,,1.0
34,acetone_gsolv_eV,135,1.0,0.0,0.6459419581661212,0.6459419581661212,,,,1.0
34,acetone_gsolv_eV,136,1.0,0.0,0.6459419581661212,0.6459419581661212,,,,1.0
34,acetone_gsolv_eV,137,1.0,0.0,0.6459419581661212,0.6459419581661212,,,,1.0
34,acetone_gsolv_eV,138,1.0,0.0,0.6459419581661212,0.6459419581661212,,,,1.0
34,acetone_gsolv_eV,139,1.0,0.0,0.6459419581661212,0.6459419581661212,,,,1.0
34,acetone_gsolv_eV,140,1.0,0.0,0.6459419581661212,0.6459419581661212,,,,1.0
34,acetone_gsolv_eV,141,1.0,0.0,0.6459419581661212,0.6459419581661212,,,,1.0
34,acetone_gsolv_eV,142,1.0,0.0,0.6459419581661212,0.6459419581661212,,,,1.0
34,acetone_gsolv_eV,143,1.0,0.0,0.6459419581661212,0.6459419581661212,,,,1.0
34,acetone_gsolv_eV,144,1.0,0.0,0.6459419581661212,0.6459419581661212,,,,1.0
34,acetone_gsolv_eV,145,1.0,0.0,0.6459419581661212,0.6459419581661212,,,,1.0
34,acetone_gsolv_eV,146,1.0,0.0,0.6459419581661212,0.6459419581661212,,,,1.0
34,acetone_gsolv_eV,147,1.0,0.0,0.6459419581661212,0.6459419581661212,,,,1.0
34,acetone_gsolv_eV,148,1.0,0.0,0.6459419581661212,0.6459419581661212,,,,1.0
34,acetone_gsolv_eV,149,1.0,0.0,0.6459419581661212,0.6459419581661212,,,,1.0
34,acetone_gsolv_eV,150,1.0,0.0,0.6459419581661212,0.6459419581661212,,,,1.0
34,acetone_gsolv_eV,151,1.0,0.0,0.6459419581661212,0.6459419581661212,,,,1.0
34,acetone_gsolv_eV,152,1.0,0.0,0.6459419581661212,0.6459419581661212,,,,1.0
34,acetone_gsolv_eV,153,1.0,0.0,0.6459419581661212,0.6459419581661212,,,,1.0
34,acetone_gsolv_eV,154,1.0,0.0,0.6459419581661212,0.6459419581661212,,,,1.0
34,acetone_gsolv_eV,155,1.0,0.0,0.6459419581661212,0.6459419581661212,,,,1.0
34,acetone_gsolv_eV,156,1.0,0.0,0.6459419581661212,0.6459419581661212,,,,1.0
34,acetone_gsolv_eV,157,1.0,0.0,0.6459419581661212,0.6459419581661212,,,,1.0
34,acetone_gsolv_eV,158,1.0,0.0,0.6459419581661212,0.6459419581661212,,,,1.0
34,acetone_gsolv_eV,159,1.0,0.0,0.6459419581661212,0.6459419581661212,,,,1.0
34,acetone_gsolv_eV,160,1.0,0.0,0.6459419581661212,0.6459419581661212,,,,1.0
34,acetone_gsolv_eV,161,1.0,0.0,0.6459419581661212,0.6459419581661212,,,,1.0
34,acetone_gsolv_eV,162,1.0,0.0,0.6459419581661212,0.6459419581661212,,,,1.0
34,acetone_gsolv_eV,163,1.0,0.0,0.6459419581661212,0.6459419581661212,,,,1.0
34,acetone_gsolv_eV,164,1.0,0.0,0.6459419581661212,0.6459419581661212,,,,1.0
34,acetone_gsolv_eV,165,1.0,0.0,0.6459419581661212,0.6459419581661212,,,,1.0
34,acetone_gsolv_eV,166,1.0,0.0,0.6459419581661212,0.6459419581661212,,,,1.0
34,acetone_gsolv_eV,167,1.0,0.0,0.6459419581661212,0.6459419581661212,,,,1.0
34,acetone_gsolv_eV,168,1.0,0.0,0.6459419581661212,0.6459419581661212,,,,1.0
34,acetone_gsolv_eV,169,1.0,0.0,0.6459419581661212,0.6459419581661212,,,,1.0
34,acetone_gsolv_eV,170,1.0,0.0,0.6459419581661212,0.6459419581661212,,,,1.0
34,acetone_gsolv_eV,171,1.0,0.0,0.6459419581661212,0.6459419581661212,,,,1.0
34,acetone_gsolv_eV,172,1.0,0.0,0.6459419581661212,0.6459419581661212,,,,1.0
34,acetone_gsolv_eV,173,1.0,0.0,0.6459419581661212,0.6459419581661212,,,,1.0
34,acetone_gsolv_eV,174,1.0,0.0,0.6459419581661212,0.6459419581661212,,,,1.0
34,acetone_gsolv_eV,175,1.0,0.0,0.6459419581661212,0.6459419581661212,,,,1.0
34,acetone_gsolv_eV,176,1.0,0.0,0.6459419581661212,0.6459419581661212,,,,1.0
34,acetone_gsolv_eV,177,1.0,0.0,0.6459419581661212,0.6459419581661212,,,,1.0
34,acetone_gsolv_eV,178,1.0,0.0,0.6459419581661212,0.6459419581661212,,,,1.0
34,acetone_gsolv_eV,179,1.0,0.0,0.6459419581661212,0.6459419581661212,,,,1.0
34,acetone_gsolv_eV,180,1.0,0.0,0.6459419581661212,0.6459419581661212,,,,1.0
34,acetone_gsolv_eV,181,1.0,0.0,0.6459419581661212,0.6459419581661212,,,,1.0
34,acetone_gsolv_eV,182,1.0,0.0,0.6459419581661212,0.6459419581661212,,,,1.0
34,acetone_gsolv_eV,183,1.0,0.0,0.6459419581661212,0.6459419581661212,,,,1.0
34,acetone_gsolv_eV,184,1.0,0.0,0.6459419581661212,0.6459419581661212,,,,1.0
34,acetone_gsolv_eV,185,1.0,0.0,0.6459419581661212,0.6459419581661212,,,,1.0
34,acetone_gsolv_eV,186,1.0,0.0,0.6459419581661212,0.6459419581661212,,,,1.0
34,acetone_gsolv_eV,187,1.0,0.0,0.6459419581661212,0.6459419581661212,,,,1.0
34,acetone_gsolv_eV,188,1.0,0.0,0.6459419581661212,0.6459419581661212,,,,1.0
34,acetone_gsolv_eV,189,1.0,0.0,0.6459419581661212,0.6459419581661212,,,,1.0
34,acetone_gsolv_eV,190,1.0,0.0,0.6459419581661212,0.6459419581661212,,,,1.0
34,acetone_gsolv_eV,191,1.0,0.0,0.6459419581661212,0.6459419581661212,,,,1.0
34,acetone_gsolv_eV,192,1.0,0.0,0.6459419581661212,0.6459419581661212,,,,1.0
34,acetone_gsolv_eV,193,1.0,0.0,0.6459419581661212,0.6459419581661212,,,,1.0
34,acetone_gsolv_eV,194,1.0,0.0,0.6459419581661212,0.6459419581661212,,,,1.0
34,acetone_gsolv_eV,195,1.0,0.0,0.6459419581661212,0.6459419581661212,,,,1.0
34,acetone_gsolv_eV,196,1.0,0.0,0.6459419581661212,0.6459419581661212,,,,1.0
34,acetone_gsolv_eV,197,1.0,0.0,0.6459419581661212,0.6459419581661212,,,,1.0
34,acetone_gsolv_eV,198,1.0,0.0,0.6459419581661212,0.6459419581661212,,,,1.0
34,acetone_gsolv_eV,199,1.0,0.0,0.6459419581661212,0.6459419581661212,,,,1.0
34,acetone_gsolv_eV,200,1.0,0.0,0.6459419581661212,0.6459419581661212,,,,1.0
34,acetone_gsolv_eV,201,1.0,0.0,0.6459419581661212,0.6459419581661212,,,,1.0
34,acetone_gsolv_eV,202,1.0,0.0,0.6459419581661212,0.6459419581661212,,,,1.0
34,acetone_gsolv_eV,203,1.0,0.0,0.6459419581661212,0.6459419581661212,,,,1.0
34,acetone_gsolv_eV,204,1.0,0.0,0.6459419581661212,0.6459419581661212,,,,1.0
34,acetone_gsolv_eV,205,1.0,0.0,0.6459419581661212,0.6459419581661212,,,,1.0
34,acetone_gsolv_eV,206,1.0,0.0,0.6459419581661212,0.6459419581661212,,,,1.0
34,acetone_gsolv_eV,207,1.0,0.0,0.6459419581661212,0.6459419581661212,,,,1.0
34,acetone_gsolv_eV,208,1.0,0.0,0.6459419581661212,0.6459419581661212,,,,1.0
34,acetone_gsolv_eV,209,1.0,0.0,0.6459419581661212,0.6459419581661212,,,,1.0
34,acetone_gsolv_eV,210,1.0,0.0,0.6459419581661212,0.6459419581661212,,,,1.0
34,acetone_gsolv_eV,211,1.0,0.0,0.6459419581661212,0.6459419581661212,,,,1.0
34,acetone_gsolv_eV,212,1.0,0.0,0.6459419581661212,0.6459419581661212,,,,1.0
34,acetone_gsolv_eV,213,1.0,0.0,0.6459419581661212,0.6459419581661212,,,,1.0
34,acetone_gsolv_eV,214,1.0,0.0,0.6459419581661212,0.6459419581661212,,,,1.0
34,acetone_gsolv_eV,215,1.0,0.0,0.6459419581661212,0.6459419581661212,,,,1.0
34,acetone_gsolv_eV,216,1.0,0.0,0.6459419581661212,0.6459419581661212,,,,1.0
34,acetone_gsolv_eV,217,1.0,0.0,0.6459419581661212,0.6459419581661212,,,,1.0
34,acetone_gsolv_eV,218,1.0,0.0,0.6459419581661212,0.6459419581661212,,,,1.0
34,acetone_gsolv_eV,219,1.0,0.0,0.6459419581661212,0.6459419581661212,,,,1.0
34,acetone_gsolv_eV,220,1.0,0.0,0.6459419581661212,0.6459419581661212,,,,1.0
34,acetone_gsolv_eV,221,1.0,0.0,0.6459419581661212,0.6459419581661212,,,,1.0
34,acetone_gsolv_eV,222,1.0,0.0,0.6459419581661212,0.6459419581661212,,,,1.0
34,acetone_gsolv_eV,223,1.0,0.0,0.6459419581661212,0.6459419581661212,,,,1.0
34,acetone_gsolv_eV,224,1.0,0.0,0.6459419581661212,0.6459419581661212,,,,1.0
34,acetone_gsolv_eV,225,1.0,0.0,0.6459419581661212,0.6459419581661212,,,,1.0
34,acetone_gsolv_eV,226,1.0,0.0,0.6459419581661212,0.6459419581661212,,,,1.0
34,acetone_gsolv_eV,227,1.0,0.0,0.6459419581661212,0.6459419581661212,,,,1.0
34,acetone_gsolv_eV,228,1.0,0.0,0.6459419581661212,0.6459419581661212,,,,1.0
34,acetone_gsolv_eV,229,1.0,0.0,0.6459419581661212,0.6459419581661212,,,,1.0
34,acetone_gsolv_eV,230,1.0,0.0,0.6459419581661212,0.6459419581661212,,,,1.0
34,acetone_gsolv_eV,231,1.0,0.0,0.6459419581661212,0.6459419581661212,,,,1.0
34,acetone_gsolv_eV,232,1.0,0.0,0.6459419581661212,0.6459419581661212,,,,1.0
34,acetone_gsolv_eV,233,1.0,0.0,0.6459419581661212,0.6459419581661212,,,,1.0
34,acetone_gsolv_eV,234,1.0,0.0,0.6459419581661212,0.6459419581661212,,,,1.0
34,acetone_gsolv_eV,235,1.0,0.0,0.6459419581661212,0.6459419581661212,,,,1.0
34,acetone_gsolv_eV,236,1.0,0.0,0.6459419581661212,0.6459419581661212,,,,1.0
34,acetone_gsolv_eV,237,1.0,0.0,0.6459419581661212,0.6459419581661212,,,,1.0
34,acetone_gsolv_eV,238,1.0,0.0,0.6459419581661212,0.6459419581661212,,,,1.0
34,acetone_gsolv_eV,239,1.0,0.0,0.6459419581661212,0.6459419581661212,,,,1.0
34,acetone_gsolv_eV,240,1.0,0.0,0.6459419581661212,0.6459419581661212,,,,1.0
34,acetone_gsolv_eV,241,1.0,0.0,0.6459419581661212,0.6459419581661212,,,,1.0
34,acetone_gsolv_eV,242,1.0,0.0,0.6459419581661212,0.6459419581661212,,,,1.0
34,acetone_gsolv_eV,243,1.0,0.0,0.6459419581661212,0.6459419581661212,,,,1.0
34,acetone_gsolv_eV,244,1.0,0.0,0.6459419581661212,0.6459419581661212,,,,1.0
34,acetone_gsolv_eV,245,1.0,0.0,0.6459419581661212,0.6459419581661212,,,,1.0
34,acetone_gsolv_eV,246,1.0,0.0,0.6459419581661212,0.6459419581661212,,,,1.0
34,acetone_gsolv_eV,247,1.0,0.0,0.6459419581661212,0.6459419581661212,,,,1.0
34,acetone_gsolv_eV,248,1.0,0.0,0.6459419581661212,0.6459419581661212,,,,1.0
34,acetone_gsolv_eV,249,1.0,0.0,0.6459419581661212,0.6459419581661212,,,,1.0
34,acetone_hl_gap_eV,0,1.0,0.0,0.7126490636120444,0.7126490636120444,,,,1.0
34,acetone_hl_gap_eV,1,1.0,0.0,0.7126490636120444,0.7126490636120444,,,,1.0
34,acetone_hl_gap_eV,2,1.0,0.0,0.7126490636120444,0.7126490636120444,,,,1.0
34,acetone_hl_gap_eV,3,1.0,0.0,0.7126490636120444,0.7126490636120444,,,,1.0
34,acetone_hl_gap_eV,4,1.0,0.0,0.7126490636120444,0.7126490636120444,,,,1.0
34,acetone_hl_gap_eV,5,1.0,0.0,0.7126490636120444,0.7126490636120444,,,,1.0
34,acetone_hl_gap_eV,6,1.0,0.0,0.7126490636120444,0.7126490636120444,,,,1.0
34,acetone_hl_gap_eV,7,1.0,0.0,0.7126490636120444,0.7126490636120444,,,,1.0
34,acetone_hl_gap_eV,8,1.0,0.0,0.7126490636120444,0.7126490636120444,,,,1.0
34,acetone_hl_gap_eV,9,1.0,0.0,0.7126490636120444,0.7126490636120444,,,,1.0
34,acetone_hl_gap_eV,10,1.0,0.0,0.7126490636120444,0.7126490636120444,,,,1.0
34,acetone_hl_gap_eV,11,1.0,0.0,0.7126490636120444,0.7126490636120444,,,,1.0
34,acetone_hl_gap_eV,12,1.0,0.0,0.7126490636120444,0.7126490636120444,,,,1.0
34,acetone_hl_gap_eV,13,1.0,0.0,0.7126490636120444,0.7126490636120444,,,,1.0
34,acetone_hl_gap_eV,14,1.0,0.0,0.7126490636120444,0.7126490636120444,,,,1.0
34,acetone_hl_gap_eV,15,1.0,0.0,0.7126490636120444,0.7126490636120444,,,,1.0
34,acetone_hl_gap_eV,16,1.0,0.0,0.7126490636120444,0.7126490636120444,,,,1.0
34,acetone_hl_gap_eV,17,1.0,0.0,0.7126490636120444,0.7126490636120444,,,,1.0
34,acetone_hl_gap_eV,18,1.0,0.0,0.7126490636120444,0.7126490636120444,,,,1.0
34,acetone_hl_gap_eV,19,1.0,0.0,0.7126490636120444,0.7126490636120444,,,,1.0
34,acetone_hl_gap_eV,20,1.0,0.0,0.7126490636120444,0.7126490636120444,,,,1.0
34,acetone_hl_gap_eV,21,1.0,0.0,0.7126490636120444,0.7126490636120444,,,,1.0
34,acetone_hl_gap_eV,22,1.0,0.0,0.7126490636120444,0.7126490636120444,,,,1.0
34,acetone_hl_gap_eV,23,1.0,0.0,0.7126490636120444,0.7126490636120444,,,,1.0
34,acetone_hl_gap_eV,24,1.0,0.0,0.7126490636120444,0.7126490636120444,,,,1.0
34,acetone_hl_gap_eV,25,1.0,0.0,0.7126490636120444,0.7126490636120444,,,,1.0
34,acetone_hl_gap_eV,26,1.0,0.0,0.7126490636120444,0.7126490636120444,,,,1.0
34,acetone_hl_gap_eV,27,1.0,0.0,0.7126490636120444,0.7126490636120444,,,,1.0
34,acetone_hl_gap_eV,28,1.0,0.0,0.7126490636120444,0.7126490636120444,,,,1.0
34,acetone_hl_gap_eV,29,1.0,0.0,0.7126490636120444,0.7126490636120444,,,,1.0
34,acetone_hl_gap_eV,30,1.0,0.0,0.7126490636120444,0.7126490636120444,,,,1.0
34,acetone_hl_gap_eV,31,1.0,0.0,0.7126490636120444,0.7126490636120444,,,,1.0
34,acetone_hl_gap_eV,32,1.0,0.0,0.7126490636120444,0.7126490636120444,,,,1.0
34,acetone_hl_gap_eV,33,1.0,0.0,0.7126490636120444,0.7126490636120444,,,,1.0
34,acetone_hl_gap_eV,34,1.0,0.0,0.7126490636120444,0.7126490636120444,,,,1.0
34,acetone_hl_gap_eV,35,1.0,0.0,0.7126490636120444,0.7126490636120444,,,,1.0
34,acetone_hl_gap_eV,36,1.0,0.0,0.7126490636120444,0.7126490636120444,,,,1.0
34,acetone_hl_gap_eV,37,1.0,0.0,0.7126490636120444,0.7126490636120444,,,,1.0
34,acetone_hl_gap_eV,38,1.0,0.0,0.7126490636120444,0.7126490636120444,,,,1.0
34,acetone_hl_gap_eV,39,1.0,0.0,0.7126490636120444,0.7126490636120444,,,,1.0
34,acetone_hl_gap_eV,40,1.0,0.0,0.7126490636120444,0.7126490636120444,,,,1.0
34,acetone_hl_gap_eV,41,1.0,0.0,0.7126490636120444,0.7126490636120444,,,,1.0
34,acetone_hl_gap_eV,42,1.0,0.0,0.7126490636120444,0.7126490636120444,,,,1.0
34,acetone_hl_gap_eV,43,1.0,0.0,0.7126490636120444,0.7126490636120444,,,,1.0
34,acetone_hl_gap_eV,44,1.0,0.0,0.7126490636120444,0.7126490636120444,,,,1.0
34,acetone_hl_gap_eV,45,1.0,0.0,0.7126490636120444,0.7126490636120444,,,,1.0
34,acetone_hl_gap_eV,46,1.0,0.0,0.7126490636120444,0.7126490636120444,,,,1.0
34,acetone_hl_gap_eV,47,1.0,0.0,0.7126490636120444,0.7126490636120444,,,,1.0
34,acetone_hl_gap_eV,48,1.0,0.0,0.7126490636120444,0.7126490636120444,,,,1.0
34,acetone_hl_gap_eV,49,1.0,0.0,0.7126490636120444,0.7126490636120444,,,,1.0
34,acetone_hl_gap_eV,50,1.0,0.0,0.7126490636120444,0.7126490636120444,,,,1.0
34,acetone_hl_gap_eV,51,1.0,0.0,0.7126490636120444,0.7126490636120444,,,,1.0
34,acetone_hl_gap_eV,52,1.0,0.0,0.7126490636120444,0.7126490636120444,,,,1.0
34,acetone_hl_gap_eV,53,1.0,0.0,0.7126490636120444,0.7126490636120444,,,,1.0
34,acetone_hl_gap_eV,54,1.0,0.0,0.7126490636120444,0.7126490636120444,,,,1.0
34,acetone_hl_gap_eV,55,1.0,0.0,0.7126490636120444,0.7126490636120444,,,,1.0
34,acetone_hl_gap_eV,56,1.0,0.0,0.7126490636120444,0.7126490636120444,,,,1.0
34,acetone_hl_gap_eV,57,1.0,0.0,0.7126490636120444,0.7126490636120444,,,,1.0
34,acetone_hl_gap_eV,58,1.0,0.0,0.7126490636120444,0.7126490636120444,,,,1.0
34,acetone_hl_gap_eV,59,1.0,0.0,0.7126490636120444,0.7126490636120444,,,,1.0
34,acetone_hl_gap_eV,60,1.0,0.0,0.7126490636120444,0.7126490636120444,,,,1.0
34,acetone_hl_gap_eV,61,1.0,0.0,0.7126490636120444,0.7126490636120444,,,,1.0
34,acetone_hl_gap_eV,62,1.0,0.0,0.7126490636120444,0.7126490636120444,,,,1.0
34,acetone_hl_gap_eV,63,1.0,0.0,0.7126490636120444,0.7126490636120444,,,,1.0
34,acetone_hl_gap_eV,64,1.0,0.0,0.7126490636120444,0.7126490636120444,,,,1.0
34,acetone_hl_gap_eV,65,1.0,0.0,0.7126490636120444,0.7126490636120444,,,,1.0
34,acetone_hl_gap_eV,66,1.0,0.0,0.7126490636120444,0.7126490636120444,,,,1.0
34,acetone_hl_gap_eV,67,1.0,0.0,0.7126490636120444,0.7126490636120444,,,,1.0
34,acetone_hl_gap_eV,68,1.0,0.0,0.7126490636120444,0.7126490636120444,,,,1.0
34,acetone_hl_gap_eV,69,1.0,0.0,0.7126490636120444,0.7126490636120444,,,,1.0
34,acetone_hl_gap_eV,70,1.0,0.0,0.7126490636120444,0.7126490636120444,,,,1.0
34,acetone_hl_gap_eV,71,1.0,0.0,0.7126490636120444,0.7126490636120444,,,,1.0
34,acetone_hl_gap_eV,72,1.0,0.0,0.7126490636120444,0.7126490636120444,,,,1.0
34,acetone_hl_gap_eV,73,1.0,0.0,0.7126490636120444,0.7126490636120444,,,,1.0
34,acetone_hl_gap_eV,74,1.0,0.0,0.7126490636120444,0.7126490636120444,,,,1.0
34,acetone_hl_gap_eV,75,1.0,0.0,0.7126490636120444,0.7126490636120444,,,,1.0
34,acetone_hl_gap_eV,76,1.0,0.0,0.7126490636120444,0.7126490636120444,,,,1.0
34,acetone_hl_gap_eV,77,1.0,0.0,0.7126490636120444,0.7126490636120444,,,,1.0
34,acetone_hl_gap_eV,78,1.0,0.0,0.7126490636120444,0.7126490636120444,,,,1.0
34,acetone_hl_gap_eV,79,1.0,0.0,0.7126490636120444,0.7126490636120444,,,,1.0
34,acetone_hl_gap_eV,80,1.0,0.0,0.7126490636120444,0.7126490636120444,,,,1.0
34,acetone_hl_gap_eV,81,1.0,0.0,0.7126490636120444,0.7126490636120444,,,,1.0
34,acetone_hl_gap_eV,82,1.0,0.0,0.7126490636120444,0.7126490636120444,,,,1.0
34,acetone_hl_gap_eV,83,1.0,0.0,0.7126490636120444,0.7126490636120444,,,,1.0
34,acetone_hl_gap_eV,84,1.0,0.0,0.7126490636120444,0.7126490636120444,,,,1.0
34,acetone_hl_gap_eV,85,1.0,0.0,0.7126490636120444,0.7126490636120444,,,,1.0
34,acetone_hl_gap_eV,86,1.0,0.0,0.7126490636120444,0.7126490636120444,,,,1.0
34,acetone_hl_gap_eV,87,1.0,0.0,0.7126490636120444,0.7126490636120444,,,,1.0
34,acetone_hl_gap_eV,88,1.0,0.0,0.7126490636120444,0.7126490636120444,,,,1.0
34,acetone_hl_gap_eV,89,1.0,0.0,0.7126490636120444,0.7126490636120444,,,,1.0
34,acetone_hl_gap_eV,90,1.0,0.0,0.7126490636120444,0.7126490636120444,,,,1.0
34,acetone_hl_gap_eV,91,1.0,0.0,0.7126490636120444,0.7126490636120444,,,,1.0
34,acetone_hl_gap_eV,92,1.0,0.0,0.7126490636120444,0.7126490636120444,,,,1.0
34,acetone_hl_gap_eV,93,1.0,0.0,0.7126490636120444,0.7126490636120444,,,,1.0
34,acetone_hl_gap_eV,94,1.0,0.0,0.7126490636120444,0.7126490636120444,,,,1.0
34,acetone_hl_gap_eV,95,1.0,0.0,0.7126490636120444,0.7126490636120444,,,,1.0
34,acetone_hl_gap_eV,96,1.0,0.0,0.7126490636120444,0.7126490636120444,,,,1.0
34,acetone_hl_gap_eV,97,1.0,0.0,0.7126490636120444,0.7126490636120444,,,,1.0
34,acetone_hl_gap_eV,98,1.0,0.0,0.7126490636120444,0.7126490636120444,,,,1.0
34,acetone_hl_gap_eV,99,1.0,0.0,0.7126490636120444,0.7126490636120444,,,,1.0
34,acetone_hl_gap_eV,100,1.0,0.0,0.7126490636120444,0.7126490636120444,,,,1.0
34,acetone_hl_gap_eV,101,1.0,0.0,0.7126490636120444,0.7126490636120444,,,,1.0
34,acetone_hl_gap_eV,102,1.0,0.0,0.7126490636120444,0.7126490636120444,,,,1.0
34,acetone_hl_gap_eV,103,1.0,0.0,0.7126490636120444,0.7126490636120444,,,,1.0
34,acetone_hl_gap_eV,104,1.0,0.0,0.7126490636120444,0.7126490636120444,,,,1.0
34,acetone_hl_gap_eV,105,1.0,0.0,0.7126490636120444,0.7126490636120444,,,,1.0
34,acetone_hl_gap_eV,106,1.0,0.0,0.7126490636120444,0.7126490636120444,,,,1.0
34,acetone_hl_gap_eV,107,1.0,0.0,0.7126490636120444,0.7126490636120444,,,,1.0
34,acetone_hl_gap_eV,108,1.0,0.0,0.7126490636120444,0.7126490636120444,,,,1.0
34,acetone_hl_gap_eV,109,1.0,0.0,0.7126490636120444,0.7126490636120444,,,,1.0
34,acetone_hl_gap_eV,110,1.0,0.0,0.7126490636120444,0.7126490636120444,,,,1.0
34,acetone_hl_gap_eV,111,1.0,0.0,0.7126490636120444,0.7126490636120444,,,,1.0
34,acetone_hl_gap_eV,112,1.0,0.0,0.7126490636120444,0.7126490636120444,,,,1.0
34,acetone_hl_gap_eV,113,1.0,0.0,0.7126490636120444,0.7126490636120444,,,,1.0
34,acetone_hl_gap_eV,114,1.0,0.0,0.7126490636120444,0.7126490636120444,,,,1.0
34,acetone_hl_gap_eV,115,1.0,0.0,0.7126490636120444,0.7126490636120444,,,,1.0
34,acetone_hl_gap_eV,116,1.0,0.0,0.7126490636120444,0.7126490636120444,,,,1.0
34,acetone_hl_gap_eV,117,1.0,0.0,0.7126490636120444,0.7126490636120444,,,,1.0
34,acetone_hl_gap_eV,118,1.0,0.0,0.7126490636120444,0.7126490636120444,,,,1.0
34,acetone_hl_gap_eV,119,1.0,0.0,0.7126490636120444,0.7126490636120444,,,,1.0
34,acetone_hl_gap_eV,120,1.0,0.0,0.7126490636120444,0.7126490636120444,,,,1.0
34,acetone_hl_gap_eV,121,1.0,0.0,0.7126490636120444,0.7126490636120444,,,,1.0
34,acetone_hl_gap_eV,122,1.0,0.0,0.7126490636120444,0.7126490636120444,,,,1.0
34,acetone_hl_gap_eV,123,1.0,0.0,0.7126490636120444,0.7126490636120444,,,,1.0
34,acetone_hl_gap_eV,124,1.0,0.0,0.7126490636120444,0.7126490636120444,,,,1.0
34,acetone_hl_gap_eV,125,1.0,0.0,0.7126490636120444,0.7126490636120444,,,,1.0
34,acetone_hl_gap_eV,126,1.0,0.0,0.7126490636120444,0.7126490636120444,,,,1.0
34,acetone_hl_gap_eV,127,1.0,0.0,0.7126490636120444,0.7126490636120444,,,,1.0
34,acetone_hl_gap_eV,128,1.0,0.0,0.7126490636120444,0.7126490636120444,,,,1.0
34,acetone_hl_gap_eV,129,1.0,0.0,0.7126490636120444,0.7126490636120444,,,,1.0
34,acetone_hl_gap_eV,130,1.0,0.0,0.7126490636120444,0.7126490636120444,,,,1.0
34,acetone_hl_gap_eV,131,1.0,0.0,0.7126490636120444,0.7126490636120444,,,,1.0
34,acetone_hl_gap_eV,132,1.0,0.0,0.7126490636120444,0.7126490636120444,,,,1.0
34,acetone_hl_gap_eV,133,1.0,0.0,0.7126490636120444,0.7126490636120444,,,,1.0
34,acetone_hl_gap_eV,134,1.0,0.0,0.7126490636120444,0.7126490636120444,,,,1.0
34,acetone_hl_gap_eV,135,1.0,0.0,0.7126490636120444,0.7126490636120444,,,,1.0
34,acetone_hl_gap_eV,136,1.0,0.0,0.7126490636120444,0.7126490636120444,,,,1.0
34,acetone_hl_gap_eV,137,1.0,0.0,0.7126490636120444,0.7126490636120444,,,,1.0
34,acetone_hl_gap_eV,138,1.0,0.0,0.7126490636120444,0.7126490636120444,,,,1.0
34,acetone_hl_gap_eV,139,1.0,0.0,0.7126490636120444,0.7126490636120444,,,,1.0
34,acetone_hl_gap_eV,140,1.0,0.0,0.7126490636120444,0.7126490636120444,,,,1.0
34,acetone_hl_gap_eV,141,1.0,0.0,0.7126490636120444,0.7126490636120444,,,,1.0
34,acetone_hl_gap_eV,142,1.0,0.0,0.7126490636120444,0.7126490636120444,,,,1.0
34,acetone_hl_gap_eV,143,1.0,0.0,0.7126490636120444,0.7126490636120444,,,,1.0
34,acetone_hl_gap_eV,144,1.0,0.0,0.7126490636120444,0.7126490636120444,,,,1.0
34,acetone_hl_gap_eV,145,1.0,0.0,0.7126490636120444,0.7126490636120444,,,,1.0
34,acetone_hl_gap_eV,146,1.0,0.0,0.7126490636120444,0.7126490636120444,,,,1.0
34,acetone_hl_gap_eV,147,1.0,0.0,0.7126490636120444,0.7126490636120444,,,,1.0
34,acetone_hl_gap_eV,148,1.0,0.0,0.7126490636120444,0.7126490636120444,,,,1.0
34,acetone_hl_gap_eV,149,1.0,0.0,0.7126490636120444,0.7126490636120444,,,,1.0
34,acetone_hl_gap_eV,150,1.0,0.0,0.7126490636120444,0.7126490636120444,,,,1.0
34,acetone_hl_gap_eV,151,1.0,0.0,0.7126490636120444,0.7126490636120444,,,,1.0
34,acetone_hl_gap_eV,152,1.0,0.0,0.7126490636120444,0.7126490636120444,,,,1.0
34,acetone_hl_gap_eV,153,1.0,0.0,0.7126490636120444,0.7126490636120444,,,,1.0
34,acetone_hl_gap_eV,154,1.0,0.0,0.7126490636120444,0.7126490636120444,,,,1.0
34,acetone_hl_gap_eV,155,1.0,0.0,0.7126490636120444,0.7126490636120444,,,,1.0
34,acetone_hl_gap_eV,156,1.0,0.0,0.7126490636120444,0.7126490636120444,,,,1.0
34,acetone_hl_gap_eV,157,1.0,0.0,0.7126490636120444,0.7126490636120444,,,,1.0
34,acetone_hl_gap_eV,158,1.0,0.0,0.7126490636120444,0.7126490636120444,,,,1.0
34,acetone_hl_gap_eV,159,1.0,0.0,0.7126490636120444,0.7126490636120444,,,,1.0
34,acetone_hl_gap_eV,160,1.0,0.0,0.7126490636120444,0.7126490636120444,,,,1.0
34,acetone_hl_gap_eV,161,1.0,0.0,0.7126490636120444,0.7126490636120444,,,,1.0
34,acetone_hl_gap_eV,162,1.0,0.0,0.7126490636120444,0.7126490636120444,,,,1.0
34,acetone_hl_gap_eV,163,1.0,0.0,0.7126490636120444,0.7126490636120444,,,,1.0
34,acetone_hl_gap_eV,164,1.0,0.0,0.7126490636120444,0.7126490636120444,,,,1.0
34,acetone_hl_gap_eV,165,1.0,0.0,0.7126490636120444,0.7126490636120444,,,,1.0
34,acetone_hl_gap_eV,166,1.0,0.0,0.7126490636120444,0.7126490636120444,,,,1.0
34,acetone_hl_gap_eV,167,1.0,0.0,0.7126490636120444,0.7126490636120444,,,,1.0
34,acetone_hl_gap_eV,168,1.0,0.0,0.7126490636120444,0.7126490636120444,,,,1.0
34,acetone_hl_gap_eV,169,1.0,0.0,0.7126490636120444,0.7126490636120444,,,,1.0
34,acetone_hl_gap_eV,170,1.0,0.0,0.7126490636120444,0.7126490636120444,,,,1.0
34,acetone_hl_gap_eV,171,1.0,0.0,0.7126490636120444,0.7126490636120444,,,,1.0
34,acetone_hl_gap_eV,172,1.0,0.0,0.7126490636120444,0.7126490636120444,,,,1.0
34,acetone_hl_gap_eV,173,1.0,0.0,0.7126490636120444,0.7126490636120444,,,,1.0
34,acetone_hl_gap_eV,174,1.0,0.0,0.7126490636120444,0.7126490636120444,,,,1.0
34,acetone_hl_gap_eV,175,1.0,0.0,0.7126490636120444,0.7126490636120444,,,,1.0
34,acetone_hl_gap_eV,176,1.0,0.0,0.7126490636120444,0.7126490636120444,,,,1.0
34,acetone_hl_gap_eV,177,1.0,0.0,0.7126490636120444,0.7126490636120444,,,,1.0
34,acetone_hl_gap_eV,178,1.0,0.0,0.7126490636120444,0.7126490636120444,,,,1.0
34,acetone_hl_gap_eV,179,1.0,0.0,0.7126490636120444,0.7126490636120444,,,,1.0
34,acetone_hl_gap_eV,180,1.0,0.0,0.7126490636120444,0.7126490636120444,,,,1.0
34,acetone_hl_gap_eV,181,1.0,0.0,0.7126490636120444,0.7126490636120444,,,,1.0
34,acetone_hl_gap_eV,182,1.0,0.0,0.7126490636120444,0.7126490636120444,,,,1.0
34,acetone_hl_gap_eV,183,1.0,0.0,0.7126490636120444,0.7126490636120444,,,,1.0
34,acetone_hl_gap_eV,184,1.0,0.0,0.7126490636120444,0.7126490636120444,,,,1.0
34,acetone_hl_gap_eV,185,1.0,0.0,0.7126490636120444,0.7126490636120444,,,,1.0
34,acetone_hl_gap_eV,186,1.0,0.0,0.7126490636120444,0.7126490636120444,,,,1.0
34,acetone_hl_gap_eV,187,1.0,0.0,0.7126490636120444,0.7126490636120444,,,,1.0
34,acetone_hl_gap_eV,188,1.0,0.0,0.7126490636120444,0.7126490636120444,,,,1.0
34,acetone_hl_gap_eV,189,1.0,0.0,0.7126490636120444,0.7126490636120444,,,,1.0
34,acetone_hl_gap_eV,190,1.0,0.0,0.7126490636120444,0.7126490636120444,,,,1.0
34,acetone_hl_gap_eV,191,1.0,0.0,0.7126490636120444,0.7126490636120444,,,,1.0
34,acetone_hl_gap_eV,192,1.0,0.0,0.7126490636120444,0.7126490636120444,,,,1.0
34,acetone_hl_gap_eV,193,1.0,0.0,0.7126490636120444,0.7126490636120444,,,,1.0
34,acetone_hl_gap_eV,194,1.0,0.0,0.7126490636120444,0.7126490636120444,,,,1.0
34,acetone_hl_gap_eV,195,1.0,0.0,0.7126490636120444,0.7126490636120444,,,,1.0
34,acetone_hl_gap_eV,196,1.0,0.0,0.7126490636120444,0.7126490636120444,,,,1.0
34,acetone_hl_gap_eV,197,1.0,0.0,0.7126490636120444,0.7126490636120444,,,,1.0
34,acetone_hl_gap_eV,198,1.0,0.0,0.7126490636120444,0.7126490636120444,,,,1.0
34,acetone_hl_gap_eV,199,1.0,0.0,0.7126490636120444,0.7126490636120444,,,,1.0
34,acetone_hl_gap_eV,200,1.0,0.0,0.7126490636120444,0.7126490636120444,,,,1.0
34,acetone_hl_gap_eV,201,1.0,0.0,0.7126490636120444,0.7126490636120444,,,,1.0
34,acetone_hl_gap_eV,202,1.0,0.0,0.7126490636120444,0.7126490636120444,,,,1.0
34,acetone_hl_gap_eV,203,1.0,0.0,0.7126490636120444,0.7126490636120444,,,,1.0
34,acetone_hl_gap_eV,204,1.0,0.0,0.7126490636120444,0.7126490636120444,,,,1.0
34,acetone_hl_gap_eV,205,1.0,0.0,0.7126490636120444,0.7126490636120444,,,,1.0
34,acetone_hl_gap_eV,206,1.0,0.0,0.7126490636120444,0.7126490636120444,,,,1.0
34,acetone_hl_gap_eV,207,1.0,0.0,0.7126490636120444,0.7126490636120444,,,,1.0
34,acetone_hl_gap_eV,208,1.0,0.0,0.7126490636120444,0.7126490636120444,,,,1.0
34,acetone_hl_gap_eV,209,1.0,0.0,0.7126490636120444,0.7126490636120444,,,,1.0
34,acetone_hl_gap_eV,210,1.0,0.0,0.7126490636120444,0.7126490636120444,,,,1.0
34,acetone_hl_gap_eV,211,1.0,0.0,0.7126490636120444,0.7126490636120444,,,,1.0
34,acetone_hl_gap_eV,212,1.0,0.0,0.7126490636120444,0.7126490636120444,,,,1.0
34,acetone_hl_gap_eV,213,1.0,0.0,0.7126490636120444,0.7126490636120444,,,,1.0
34,acetone_hl_gap_eV,214,1.0,0.0,0.7126490636120444,0.7126490636120444,,,,1.0
34,acetone_hl_gap_eV,215,1.0,0.0,0.7126490636120444,0.7126490636120444,,,,1.0
34,acetone_hl_gap_eV,216,1.0,0.0,0.7126490636120444,0.7126490636120444,,,,1.0
34,acetone_hl_gap_eV,217,1.0,0.0,0.7126490636120444,0.7126490636120444,,,,1.0
34,acetone_hl_gap_eV,218,1.0,0.0,0.7126490636120444,0.7126490636120444,,,,1.0
34,acetone_hl_gap_eV,219,1.0,0.0,0.7126490636120444,0.7126490636120444,,,,1.0
34,acetone_hl_gap_eV,220,1.0,0.0,0.7126490636120444,0.7126490636120444,,,,1.0
34,acetone_hl_gap_eV,221,1.0,0.0,0.7126490636120444,0.7126490636120444,,,,1.0
34,acetone_hl_gap_eV,222,1.0,0.0,0.7126490636120444,0.7126490636120444,,,,1.0
34,acetone_hl_gap_eV,223,1.0,0.0,0.7126490636120444,0.7126490636120444,,,,1.0
34,acetone_hl_gap_eV,224,1.0,0.0,0.7126490636120444,0.7126490636120444,,,,1.0
34,acetone_hl_gap_eV,225,1.0,0.0,0.7126490636120444,0.7126490636120444,,,,1.0
34,acetone_hl_gap_eV,226,1.0,0.0,0.7126490636120444,0.7126490636120444,,,,1.0
34,acetone_hl_gap_eV,227,1.0,0.0,0.7126490636120444,0.7126490636120444,,,,1.0
34,acetone_hl_gap_eV,228,1.0,0.0,0.7126490636120444,0.7126490636120444,,,,1.0
34,acetone_hl_gap_eV,229,1.0,0.0,0.7126490636120444,0.7126490636120444,,,,1.0
34,acetone_hl_gap_eV,230,1.0,0.0,0.7126490636120444,0.7126490636120444,,,,1.0
34,acetone_hl_gap_eV,231,1.0,0.0,0.7126490636120444,0.7126490636120444,,,,1.0
34,acetone_hl_gap_eV,232,1.0,0.0,0.7126490636120444,0.7126490636120444,,,,1.0
34,acetone_hl_gap_eV,233,1.0,0.0,0.7126490636120444,0.7126490636120444,,,,1.0
34,acetone_hl_gap_eV,234,1.0,0.0,0.7126490636120444,0.7126490636120444,,,,1.0
34,acetone_hl_gap_eV,235,1.0,0.0,0.7126490636120444,0.7126490636120444,,,,1.0
34,acetone_hl_gap_eV,236,1.0,0.0,0.7126490636120444,0.7126490636120444,,,,1.0
34,acetone_hl_gap_eV,237,1.0,0.0,0.7126490636120444,0.7126490636120444,,,,1.0
34,acetone_hl_gap_eV,238,1.0,0.0,0.7126490636120444,0.7126490636120444,,,,1.0
34,acetone_hl_gap_eV,239,1.0,0.0,0.7126490636120444,0.7126490636120444,,,,1.0
34,acetone_hl_gap_eV,240,1.0,0.0,0.7126490636120444,0.7126490636120444,,,,1.0
34,acetone_hl_gap_eV,241,1.0,0.0,0.7126490636120444,0.7126490636120444,,,,1.0
34,acetone_hl_gap_eV,242,1.0,0.0,0.7126490636120444,0.7126490636120444,,,,1.0
34,acetone_hl_gap_eV,243,1.0,0.0,0.7126490636120444,0.7126490636120444,,,,1.0
34,acetone_hl_gap_eV,244,1.0,0.0,0.7126490636120444,0.7126490636120444,,,,1.0
34,acetone_hl_gap_eV,245,1.0,0.0,0.7126490636120444,0.7126490636120444,,,,1.0
34,acetone_hl_gap_eV,246,1.0,0.0,0.7126490636120444,0.7126490636120444,,,,1.0
34,acetone_hl_gap_eV,247,1.0,0.0,0.7126490636120444,0.7126490636120444,,,,1.0
34,acetone_hl_gap_eV,248,1.0,0.0,0.7126490636120444,0.7126490636120444,,,,1.0
34,acetone_hl_gap_eV,249,1.0,0.0,0.7126490636120444,0.7126490636120444,,,,1.0
34,acetone_dipole,0,0.9999999403953552,0.0,0.5873931430501933,0.5873931430501933,,,,1.0
34,acetone_dipole,1,0.9999999403953552,0.0,0.5873931430501933,0.5873931430501933,,,,1.0
34,acetone_dipole,2,0.9999999403953552,0.0,0.5873931430501933,0.5873931430501933,,,,1.0
34,acetone_dipole,3,0.9999999403953552,0.0,0.5873931430501933,0.5873931430501933,,,,1.0
34,acetone_dipole,4,0.9999999403953552,0.0,0.5873931430501933,0.5873931430501933,,,,1.0
34,acetone_dipole,5,0.9999999403953552,0.0,0.5873931430501933,0.5873931430501933,,,,1.0
34,acetone_dipole,6,0.9999999403953552,0.0,0.5873931430501933,0.5873931430501933,,,,1.0
34,acetone_dipole,7,0.9999999403953552,0.0,0.5873931430501933,0.5873931430501933,,,,1.0
34,acetone_dipole,8,0.9999999403953552,0.0,0.5873931430501933,0.5873931430501933,,,,1.0
34,acetone_dipole,9,0.9999999403953552,0.0,0.5873931430501933,0.5873931430501933,,,,1.0
34,acetone_dipole,10,0.9999999403953552,0.0,0.5873931430501933,0.5873931430501933,,,,1.0
34,acetone_dipole,11,0.9999999403953552,0.0,0.5873931430501933,0.5873931430501933,,,,1.0
34,acetone_dipole,12,0.9999999403953552,0.0,0.5873931430501933,0.5873931430501933,,,,1.0
34,acetone_dipole,13,0.9999999403953552,0.0,0.5873931430501933,0.5873931430501933,,,,1.0
34,acetone_dipole,14,0.9999999403953552,0.0,0.5873931430501933,0.5873931430501933,,,,1.0
34,acetone_dipole,15,0.9999999403953552,0.0,0.5873931430501933,0.5873931430501933,,,,1.0
34,acetone_dipole,16,0.9999999403953552,0.0,0.5873931430501933,0.5873931430501933,,,,1.0
34,acetone_dipole,17,0.9999999403953552,0.0,0.5873931430501933,0.5873931430501933,,,,1.0
34,acetone_dipole,18,0.9999999403953552,0.0,0.5873931430501933,0.5873931430501933,,,,1.0
34,acetone_dipole,19,0.9999999403953552,0.0,0.5873931430501933,0.5873931430501933,,,,1.0
34,acetone_dipole,20,0.9999999403953552,0.0,0.5873931430501933,0.5873931430501933,,,,1.0
34,acetone_dipole,21,0.9999999403953552,0.0,0.5873931430501933,0.5873931430501933,,,,1.0
34,acetone_dipole,22,0.9999999403953552,0.0,0.5873931430501933,0.5873931430501933,,,,1.0
34,acetone_dipole,23,0.9999999403953552,0.0,0.5873931430501933,0.5873931430501933,,,,1.0
34,acetone_dipole,24,0.9999999403953552,0.0,0.5873931430501933,0.5873931430501933,,,,1.0
34,acetone_dipole,25,0.9999999403953552,0.0,0.5873931430501933,0.5873931430501933,,,,1.0
34,acetone_dipole,26,0.9999999403953552,0.0,0.5873931430501933,0.5873931430501933,,,,1.0
34,acetone_dipole,27,0.9999999403953552,0.0,0.5873931430501933,0.5873931430501933,,,,1.0
34,acetone_dipole,28,0.9999999403953552,0.0,0.5873931430501933,0.5873931430501933,,,,1.0
34,acetone_dipole,29,0.9999999403953552,0.0,0.5873931430501933,0.5873931430501933,,,,1.0
34,acetone_dipole,30,0.9999999403953552,0.0,0.5873931430501933,0.5873931430501933,,,,1.0
34,acetone_dipole,31,0.9999999403953552,0.0,0.5873931430501933,0.5873931430501933,,,,1.0
34,acetone_dipole,32,0.9999999403953552,0.0,0.5873931430501933,0.5873931430501933,,,,1.0
34,acetone_dipole,33,0.9999999403953552,0.0,0.5873931430501933,0.5873931430501933,,,,1.0
34,acetone_dipole,34,0.9999999403953552,0.0,0.5873931430501933,0.5873931430501933,,,,1.0
34,acetone_dipole,35,0.9999999403953552,0.0,0.5873931430501933,0.5873931430501933,,,,1.0
34,acetone_dipole,36,0.9999999403953552,0.0,0.5873931430501933,0.5873931430501933,,,,1.0
34,acetone_dipole,37,0.9999999403953552,0.0,0.5873931430501933,0.5873931430501933,,,,1.0
34,acetone_dipole,38,0.9999999403953552,0.0,0.5873931430501933,0.5873931430501933,,,,1.0
34,acetone_dipole,39,0.9999999403953552,0.0,0.5873931430501933,0.5873931430501933,,,,1.0
34,acetone_dipole,40,0.9999999403953552,0.0,0.5873931430501933,0.5873931430501933,,,,1.0
34,acetone_dipole,41,0.9999999403953552,0.0,0.5873931430501933,0.5873931430501933,,,,1.0
34,acetone_dipole,42,0.9999999403953552,0.0,0.5873931430501933,0.5873931430501933,,,,1.0
34,acetone_dipole,43,0.9999999403953552,0.0,0.5873931430501933,0.5873931430501933,,,,1.0
34,acetone_dipole,44,0.9999999403953552,0.0,0.5873931430501933,0.5873931430501933,,,,1.0
34,acetone_dipole,45,0.9999999403953552,0.0,0.5873931430501933,0.5873931430501933,,,,1.0
34,acetone_dipole,46,0.9999999403953552,0.0,0.5873931430501933,0.5873931430501933,,,,1.0
34,acetone_dipole,47,0.9999999403953552,0.0,0.5873931430501933,0.5873931430501933,,,,1.0
34,acetone_dipole,48,0.9999999403953552,0.0,0.5873931430501933,0.5873931430501933,,,,1.0
34,acetone_dipole,49,0.9999999403953552,0.0,0.5873931430501933,0.5873931430501933,,,,1.0
34,acetone_dipole,50,0.9999999403953552,0.0,0.5873931430501933,0.5873931430501933,,,,1.0
34,acetone_dipole,51,0.9999999403953552,0.0,0.5873931430501933,0.5873931430501933,,,,1.0
34,acetone_dipole,52,0.9999999403953552,0.0,0.5873931430501933,0.5873931430501933,,,,1.0
34,acetone_dipole,53,0.9999999403953552,0.0,0.5873931430501933,0.5873931430501933,,,,1.0
34,acetone_dipole,54,0.9999999403953552,0.0,0.5873931430501933,0.5873931430501933,,,,1.0
34,acetone_dipole,55,0.9999999403953552,0.0,0.5873931430501933,0.5873931430501933,,,,1.0
34,acetone_dipole,56,0.9999999403953552,0.0,0.5873931430501933,0.5873931430501933,,,,1.0
34,acetone_dipole,57,0.9999999403953552,0.0,0.5873931430501933,0.5873931430501933,,,,1.0
34,acetone_dipole,58,0.9999999403953552,0.0,0.5873931430501933,0.5873931430501933,,,,1.0
34,acetone_dipole,59,0.9999999403953552,0.0,0.5873931430501933,0.5873931430501933,,,,1.0
34,acetone_dipole,60,0.9999999403953552,0.0,0.5873931430501933,0.5873931430501933,,,,1.0
34,acetone_dipole,61,0.9999999403953552,0.0,0.5873931430501933,0.5873931430501933,,,,1.0
34,acetone_dipole,62,0.9999999403953552,0.0,0.5873931430501933,0.5873931430501933,,,,1.0
34,acetone_dipole,63,0.9999999403953552,0.0,0.5873931430501933,0.5873931430501933,,,,1.0
34,acetone_dipole,64,0.9999999403953552,0.0,0.5873931430501933,0.5873931430501933,,,,1.0
34,acetone_dipole,65,0.9999999403953552,0.0,0.5873931430501933,0.5873931430501933,,,,1.0
34,acetone_dipole,66,0.9999999403953552,0.0,0.5873931430501933,0.5873931430501933,,,,1.0
34,acetone_dipole,67,0.9999999403953552,0.0,0.5873931430501933,0.5873931430501933,,,,1.0
34,acetone_dipole,68,0.9999999403953552,0.0,0.5873931430501933,0.5873931430501933,,,,1.0
34,acetone_dipole,69,0.9999999403953552,0.0,0.5873931430501933,0.5873931430501933,,,,1.0
34,acetone_dipole,70,0.9999999403953552,0.0,0.5873931430501933,0.5873931430501933,,,,1.0
34,acetone_dipole,71,0.9999999403953552,0.0,0.5873931430501933,0.5873931430501933,,,,1.0
34,acetone_dipole,72,0.9999999403953552,0.0,0.5873931430501933,0.5873931430501933,,,,1.0
34,acetone_dipole,73,0.9999999403953552,0.0,0.5873931430501933,0.5873931430501933,,,,1.0
34,acetone_dipole,74,0.9999999403953552,0.0,0.5873931430501933,0.5873931430501933,,,,1.0
34,acetone_dipole,75,0.9999999403953552,0.0,0.5873931430501933,0.5873931430501933,,,,1.0
34,acetone_dipole,76,0.9999999403953552,0.0,0.5873931430501933,0.5873931430501933,,,,1.0
34,acetone_dipole,77,0.9999999403953552,0.0,0.5873931430501933,0.5873931430501933,,,,1.0
34,acetone_dipole,78,0.9999999403953552,0.0,0.5873931430501933,0.5873931430501933,,,,1.0
34,acetone_dipole,79,0.9999999403953552,0.0,0.5873931430501933,0.5873931430501933,,,,1.0
34,acetone_dipole,80,0.9999999403953552,0.0,0.5873931430501933,0.5873931430501933,,,,1.0
34,acetone_dipole,81,0.9999999403953552,0.0,0.5873931430501933,0.5873931430501933,,,,1.0
34,acetone_dipole,82,0.9999999403953552,0.0,0.5873931430501933,0.5873931430501933,,,,1.0
34,acetone_dipole,83,0.9999999403953552,0.0,0.5873931430501933,0.5873931430501933,,,,1.0
34,acetone_dipole,84,0.9999999403953552,0.0,0.5873931430501933,0.5873931430501933,,,,1.0
34,acetone_dipole,85,0.9999999403953552,0.0,0.5873931430501933,0.5873931430501933,,,,1.0
34,acetone_dipole,86,0.9999999403953552,0.0,0.5873931430501933,0.5873931430501933,,,,1.0
34,acetone_dipole,87,0.9999999403953552,0.0,0.5873931430501933,0.5873931430501933,,,,1.0
34,acetone_dipole,88,0.9999999403953552,0.0,0.5873931430501933,0.5873931430501933,,,,1.0
34,acetone_dipole,89,0.9999999403953552,0.0,0.5873931430501933,0.5873931430501933,,,,1.0
34,acetone_dipole,90,0.9999999403953552,0.0,0.5873931430501933,0.5873931430501933,,,,1.0
34,acetone_dipole,91,0.9999999403953552,0.0,0.5873931430501933,0.5873931430501933,,,,1.0
34,acetone_dipole,92,0.9999999403953552,0.0,0.5873931430501933,0.5873931430501933,,,,1.0
34,acetone_dipole,93,0.9999999403953552,0.0,0.5873931430501933,0.5873931430501933,,,,1.0
34,acetone_dipole,94,0.9999999403953552,0.0,0.5873931430501933,0.5873931430501933,,,,1.0
34,acetone_dipole,95,0.9999999403953552,0.0,0.5873931430501933,0.5873931430501933,,,,1.0
34,acetone_dipole,96,0.9999999403953552,0.0,0.5873931430501933,0.5873931430501933,,,,1.0
34,acetone_dipole,97,0.9999999403953552,0.0,0.5873931430501933,0.5873931430501933,,,,1.0
34,acetone_dipole,98,0.9999999403953552,0.0,0.5873931430501933,0.5873931430501933,,,,1.0
34,acetone_dipole,99,0.9999999403953552,0.0,0.5873931430501933,0.5873931430501933,,,,1.0
34,acetone_dipole,100,0.9999999403953552,0.0,0.5873931430501933,0.5873931430501933,,,,1.0
34,acetone_dipole,101,0.9999999403953552,0.0,0.5873931430501933,0.5873931430501933,,,,1.0
34,acetone_dipole,102,0.9999999403953552,0.0,0.5873931430501933,0.5873931430501933,,,,1.0
34,acetone_dipole,103,0.9999999403953552,0.0,0.5873931430501933,0.5873931430501933,,,,1.0
34,acetone_dipole,104,0.9999999403953552,0.0,0.5873931430501933,0.5873931430501933,,,,1.0
34,acetone_dipole,105,0.9999999403953552,0.0,0.5873931430501933,0.5873931430501933,,,,1.0
34,acetone_dipole,106,0.9999999403953552,0.0,0.5873931430501933,0.5873931430501933,,,,1.0
34,acetone_dipole,107,0.9999999403953552,0.0,0.5873931430501933,0.5873931430501933,,,,1.0
34,acetone_dipole,108,0.9999999403953552,0.0,0.5873931430501933,0.5873931430501933,,,,1.0
34,acetone_dipole,109,0.9999999403953552,0.0,0.5873931430501933,0.5873931430501933,,,,1.0
34,acetone_dipole,110,0.9999999403953552,0.0,0.5873931430501933,0.5873931430501933,,,,1.0
34,acetone_dipole,111,0.9999999403953552,0.0,0.5873931430501933,0.5873931430501933,,,,1.0
34,acetone_dipole,112,0.9999999403953552,0.0,0.5873931430501933,0.5873931430501933,,,,1.0
34,acetone_dipole,113,0.9999999403953552,0.0,0.5873931430501933,0.5873931430501933,,,,1.0
34,acetone_dipole,114,0.9999999403953552,0.0,0.5873931430501933,0.5873931430501933,,,,1.0
34,acetone_dipole,115,0.9999999403953552,0.0,0.5873931430501933,0.5873931430501933,,,,1.0
34,acetone_dipole,116,0.9999999403953552,0.0,0.5873931430501933,0.5873931430501933,,,,1.0
34,acetone_dipole,117,0.9999999403953552,0.0,0.5873931430501933,0.5873931430501933,,,,1.0
34,acetone_dipole,118,0.9999999403953552,0.0,0.5873931430501933,0.5873931430501933,,,,1.0
34,acetone_dipole,119,0.9999999403953552,0.0,0.5873931430501933,0.5873931430501933,,,,1.0
34,acetone_dipole,120,0.9999999403953552,0.0,0.5873931430501933,0.5873931430501933,,,,1.0
34,acetone_dipole,121,0.9999999403953552,0.0,0.5873931430501933,0.5873931430501933,,,,1.0
34,acetone_dipole,122,0.9999999403953552,0.0,0.5873931430501933,0.5873931430501933,,,,1.0
34,acetone_dipole,123,0.9999999403953552,0.0,0.5873931430501933,0.5873931430501933,,,,1.0
34,acetone_dipole,124,0.9999999403953552,0.0,0.5873931430501933,0.5873931430501933,,,,1.0
34,acetone_dipole,125,0.9999999403953552,0.0,0.5873931430501933,0.5873931430501933,,,,1.0
34,acetone_dipole,126,0.9999999403953552,0.0,0.5873931430501933,0.5873931430501933,,,,1.0
34,acetone_dipole,127,0.9999999403953552,0.0,0.5873931430501933,0.5873931430501933,,,,1.0
34,acetone_dipole,128,0.9999999403953552,0.0,0.5873931430501933,0.5873931430501933,,,,1.0
34,acetone_dipole,129,0.9999999403953552,0.0,0.5873931430501933,0.5873931430501933,,,,1.0
34,acetone_dipole,130,0.9999999403953552,0.0,0.5873931430501933,0.5873931430501933,,,,1.0
34,acetone_dipole,131,0.9999999403953552,0.0,0.5873931430501933,0.5873931430501933,,,,1.0
34,acetone_dipole,132,0.9999999403953552,0.0,0.5873931430501933,0.5873931430501933,,,,1.0
34,acetone_dipole,133,0.9999999403953552,0.0,0.5873931430501933,0.5873931430501933,,,,1.0
34,acetone_dipole,134,0.9999999403953552,0.0,0.5873931430501933,0.5873931430501933,,,,1.0
34,acetone_dipole,135,0.9999999403953552,0.0,0.5873931430501933,0.5873931430501933,,,,1.0
34,acetone_dipole,136,0.9999999403953552,0.0,0.5873931430501933,0.5873931430501933,,,,1.0
34,acetone_dipole,137,0.9999999403953552,0.0,0.5873931430501933,0.5873931430501933,,,,1.0
34,acetone_dipole,138,0.9999999403953552,0.0,0.5873931430501933,0.5873931430501933,,,,1.0
34,acetone_dipole,139,0.9999999403953552,0.0,0.5873931430501933,0.5873931430501933,,,,1.0
34,acetone_dipole,140,0.9999999403953552,0.0,0.5873931430501933,0.5873931430501933,,,,1.0
34,acetone_dipole,141,0.9999999403953552,0.0,0.5873931430501933,0.5873931430501933,,,,1.0
34,acetone_dipole,142,0.9999999403953552,0.0,0.5873931430501933,0.5873931430501933,,,,1.0
34,acetone_dipole,143,0.9999999403953552,0.0,0.5873931430501933,0.5873931430501933,,,,1.0
34,acetone_dipole,144,0.9999999403953552,0.0,0.5873931430501933,0.5873931430501933,,,,1.0
34,acetone_dipole,145,0.9999999403953552,0.0,0.5873931430501933,0.5873931430501933,,,,1.0
34,acetone_dipole,146,0.9999999403953552,0.0,0.5873931430501933,0.5873931430501933,,,,1.0
34,acetone_dipole,147,0.9999999403953552,0.0,0.5873931430501933,0.5873931430501933,,,,1.0
34,acetone_dipole,148,0.9999999403953552,0.0,0.5873931430501933,0.5873931430501933,,,,1.0
34,acetone_dipole,149,0.9999999403953552,0.0,0.5873931430501933,0.5873931430501933,,,,1.0
34,acetone_dipole,150,0.9999999403953552,0.0,0.5873931430501933,0.5873931430501933,,,,1.0
34,acetone_dipole,151,0.9999999403953552,0.0,0.5873931430501933,0.5873931430501933,,,,1.0
34,acetone_dipole,152,0.9999999403953552,0.0,0.5873931430501933,0.5873931430501933,,,,1.0
34,acetone_dipole,153,0.9999999403953552,0.0,0.5873931430501933,0.5873931430501933,,,,1.0
34,acetone_dipole,154,0.9999999403953552,0.0,0.5873931430501933,0.5873931430501933,,,,1.0
34,acetone_dipole,155,0.9999999403953552,0.0,0.5873931430501933,0.5873931430501933,,,,1.0
34,acetone_dipole,156,0.9999999403953552,0.0,0.5873931430501933,0.5873931430501933,,,,1.0
34,acetone_dipole,157,0.9999999403953552,0.0,0.5873931430501933,0.5873931430501933,,,,1.0
34,acetone_dipole,158,0.9999999403953552,0.0,0.5873931430501933,0.5873931430501933,,,,1.0
34,acetone_dipole,159,0.9999999403953552,0.0,0.5873931430501933,0.5873931430501933,,,,1.0
34,acetone_dipole,160,0.9999999403953552,0.0,0.5873931430501933,0.5873931430501933,,,,1.0
34,acetone_dipole,161,0.9999999403953552,0.0,0.5873931430501933,0.5873931430501933,,,,1.0
34,acetone_dipole,162,0.9999999403953552,0.0,0.5873931430501933,0.5873931430501933,,,,1.0
34,acetone_dipole,163,0.9999999403953552,0.0,0.5873931430501933,0.5873931430501933,,,,1.0
34,acetone_dipole,164,0.9999999403953552,0.0,0.5873931430501933,0.5873931430501933,,,,1.0
34,acetone_dipole,165,0.9999999403953552,0.0,0.5873931430501933,0.5873931430501933,,,,1.0
34,acetone_dipole,166,0.9999999403953552,0.0,0.5873931430501933,0.5873931430501933,,,,1.0
34,acetone_dipole,167,0.9999999403953552,0.0,0.5873931430501933,0.5873931430501933,,,,1.0
34,acetone_dipole,168,0.9999999403953552,0.0,0.5873931430501933,0.5873931430501933,,,,1.0
34,acetone_dipole,169,0.9999999403953552,0.0,0.5873931430501933,0.5873931430501933,,,,1.0
34,acetone_dipole,170,0.9999999403953552,0.0,0.5873931430501933,0.5873931430501933,,,,1.0
34,acetone_dipole,171,0.9999999403953552,0.0,0.5873931430501933,0.5873931430501933,,,,1.0
34,acetone_dipole,172,0.9999999403953552,0.0,0.5873931430501933,0.5873931430501933,,,,1.0
34,acetone_dipole,173,0.9999999403953552,0.0,0.5873931430501933,0.5873931430501933,,,,1.0
34,acetone_dipole,174,0.9999999403953552,0.0,0.5873931430501933,0.5873931430501933,,,,1.0
34,acetone_dipole,175,0.9999999403953552,0.0,0.5873931430501933,0.5873931430501933,,,,1.0
34,acetone_dipole,176,0.9999999403953552,0.0,0.5873931430501933,0.5873931430501933,,,,1.0
34,acetone_dipole,177,0.9999999403953552,0.0,0.5873931430501933,0.5873931430501933,,,,1.0
34,acetone_dipole,178,0.9999999403953552,0.0,0.5873931430501933,0.5873931430501933,,,,1.0
34,acetone_dipole,179,0.9999999403953552,0.0,0.5873931430501933,0.5873931430501933,,,,1.0
34,acetone_dipole,180,0.9999999403953552,0.0,0.5873931430501933,0.5873931430501933,,,,1.0
34,acetone_dipole,181,0.9999999403953552,0.0,0.5873931430501933,0.5873931430501933,,,,1.0
34,acetone_dipole,182,0.9999999403953552,0.0,0.5873931430501933,0.5873931430501933,,,,1.0
34,acetone_dipole,183,0.9999999403953552,0.0,0.5873931430501933,0.5873931430501933,,,,1.0
34,acetone_dipole,184,0.9999999403953552,0.0,0.5873931430501933,0.5873931430501933,,,,1.0
34,acetone_dipole,185,0.9999999403953552,0.0,0.5873931430501933,0.5873931430501933,,,,1.0
34,acetone_dipole,186,0.9999999403953552,0.0,0.5873931430501933,0.5873931430501933,,,,1.0
34,acetone_dipole,187,0.9999999403953552,0.0,0.5873931430501933,0.5873931430501933,,,,1.0
34,acetone_dipole,188,0.9999999403953552,0.0,0.5873931430501933,0.5873931430501933,,,,1.0
34,acetone_dipole,189,0.9999999403953552,0.0,0.5873931430501933,0.5873931430501933,,,,1.0
34,acetone_dipole,190,0.9999999403953552,0.0,0.5873931430501933,0.5873931430501933,,,,1.0
34,acetone_dipole,191,0.9999999403953552,0.0,0.5873931430501933,0.5873931430501933,,,,1.0
34,acetone_dipole,192,0.9999999403953552,0.0,0.5873931430501933,0.5873931430501933,,,,1.0
34,acetone_dipole,193,0.9999999403953552,0.0,0.5873931430501933,0.5873931430501933,,,,1.0
34,acetone_dipole,194,0.9999999403953552,0.0,0.5873931430501933,0.5873931430501933,,,,1.0
34,acetone_dipole,195,0.9999999403953552,0.0,0.5873931430501933,0.5873931430501933,,,,1.0
34,acetone_dipole,196,0.9999999403953552,0.0,0.5873931430501933,0.5873931430501933,,,,1.0
34,acetone_dipole,197,0.9999999403953552,0.0,0.5873931430501933,0.5873931430501933,,,,1.0
34,acetone_dipole,198,0.9999999403953552,0.0,0.5873931430501933,0.5873931430501933,,,,1.0
34,acetone_dipole,199,0.9999999403953552,0.0,0.5873931430501933,0.5873931430501933,,,,1.0
34,acetone_dipole,200,0.9999999403953552,0.0,0.5873931430501933,0.5873931430501933,,,,1.0
34,acetone_dipole,201,0.9999999403953552,0.0,0.5873931430501933,0.5873931430501933,,,,1.0
34,acetone_dipole,202,0.9999999403953552,0.0,0.5873931430501933,0.5873931430501933,,,,1.0
34,acetone_dipole,203,0.9999999403953552,0.0,0.5873931430501933,0.5873931430501933,,,,1.0
34,acetone_dipole,204,0.9999999403953552,0.0,0.5873931430501933,0.5873931430501933,,,,1.0
34,acetone_dipole,205,0.9999999403953552,0.0,0.5873931430501933,0.5873931430501933,,,,1.0
34,acetone_dipole,206,0.9999999403953552,0.0,0.5873931430501933,0.5873931430501933,,,,1.0
34,acetone_dipole,207,0.9999999403953552,0.0,0.5873931430501933,0.5873931430501933,,,,1.0
34,acetone_dipole,208,0.9999999403953552,0.0,0.5873931430501933,0.5873931430501933,,,,1.0
34,acetone_dipole,209,0.9999999403953552,0.0,0.5873931430501933,0.5873931430501933,,,,1.0
34,acetone_dipole,210,0.9999999403953552,0.0,0.5873931430501933,0.5873931430501933,,,,1.0
34,acetone_dipole,211,0.9999999403953552,0.0,0.5873931430501933,0.5873931430501933,,,,1.0
34,acetone_dipole,212,0.9999999403953552,0.0,0.5873931430501933,0.5873931430501933,,,,1.0
34,acetone_dipole,213,0.9999999403953552,0.0,0.5873931430501933,0.5873931430501933,,,,1.0
34,acetone_dipole,214,0.9999999403953552,0.0,0.5873931430501933,0.5873931430501933,,,,1.0
34,acetone_dipole,215,0.9999999403953552,0.0,0.5873931430501933,0.5873931430501933,,,,1.0
34,acetone_dipole,216,0.9999999403953552,0.0,0.5873931430501933,0.5873931430501933,,,,1.0
34,acetone_dipole,217,0.9999999403953552,0.0,0.5873931430501933,0.5873931430501933,,,,1.0
34,acetone_dipole,218,0.9999999403953552,0.0,0.5873931430501933,0.5873931430501933,,,,1.0
34,acetone_dipole,219,0.9999999403953552,0.0,0.5873931430501933,0.5873931430501933,,,,1.0
34,acetone_dipole,220,0.9999999403953552,0.0,0.5873931430501933,0.5873931430501933,,,,1.0
34,acetone_dipole,221,0.9999999403953552,0.0,0.5873931430501933,0.5873931430501933,,,,1.0
34,acetone_dipole,222,0.9999999403953552,0.0,0.5873931430501933,0.5873931430501933,,,,1.0
34,acetone_dipole,223,0.9999999403953552,0.0,0.5873931430501933,0.5873931430501933,,,,1.0
34,acetone_dipole,224,0.9999999403953552,0.0,0.5873931430501933,0.5873931430501933,,,,1.0
34,acetone_dipole,225,0.9999999403953552,0.0,0.5873931430501933,0.5873931430501933,,,,1.0
34,acetone_dipole,226,0.9999999403953552,0.0,0.5873931430501933,0.5873931430501933,,,,1.0
34,acetone_dipole,227,0.9999999403953552,0.0,0.5873931430501933,0.5873931430501933,,,,1.0
34,acetone_dipole,228,0.9999999403953552,0.0,0.5873931430501933,0.5873931430501933,,,,1.0
34,acetone_dipole,229,0.9999999403953552,0.0,0.5873931430501933,0.5873931430501933,,,,1.0
34,acetone_dipole,230,0.9999999403953552,0.0,0.5873931430501933,0.5873931430501933,,,,1.0
34,acetone_dipole,231,0.9999999403953552,0.0,0.5873931430501933,0.5873931430501933,,,,1.0
34,acetone_dipole,232,0.9999999403953552,0.0,0.5873931430501933,0.5873931430501933,,,,1.0
34,acetone_dipole,233,0.9999999403953552,0.0,0.5873931430501933,0.5873931430501933,,,,1.0
34,acetone_dipole,234,0.9999999403953552,0.0,0.5873931430501933,0.5873931430501933,,,,1.0
34,acetone_dipole,235,0.9999999403953552,0.0,0.5873931430501933,0.5873931430501933,,,,1.0
34,acetone_dipole,236,0.9999999403953552,0.0,0.5873931430501933,0.5873931430501933,,,,1.0
34,acetone_dipole,237,0.9999999403953552,0.0,0.5873931430501933,0.5873931430501933,,,,1.0
34,acetone_dipole,238,0.9999999403953552,0.0,0.5873931430501933,0.5873931430501933,,,,1.0
34,acetone_dipole,239,0.9999999403953552,0.0,0.5873931430501933,0.5873931430501933,,,,1.0
34,acetone_dipole,240,0.9999999403953552,0.0,0.5873931430501933,0.5873931430501933,,,,1.0
34,acetone_dipole,241,0.9999999403953552,0.0,0.5873931430501933,0.5873931430501933,,,,1.0
34,acetone_dipole,242,0.9999999403953552,0.0,0.5873931430501933,0.5873931430501933,,,,1.0
34,acetone_dipole,243,0.9999999403953552,0.0,0.5873931430501933,0.5873931430501933,,,,1.0
34,acetone_dipole,244,0.9999999403953552,0.0,0.5873931430501933,0.5873931430501933,,,,1.0
34,acetone_dipole,245,0.9999999403953552,0.0,0.5873931430501933,0.5873931430501933,,,,1.0
34,acetone_dipole,246,0.9999999403953552,0.0,0.5873931430501933,0.5873931430501933,,,,1.0
34,acetone_dipole,247,0.9999999403953552,0.0,0.5873931430501933,0.5873931430501933,,,,1.0
34,acetone_dipole,248,0.9999999403953552,0.0,0.5873931430501933,0.5873931430501933,,,,1.0
34,acetone_dipole,249,0.9999999403953552,0.0,0.5873931430501933,0.5873931430501933,,,,1.0
34,octanol_gsolv_eV,0,0.2424781173467636,0.05716461315751076,0.6465541659254801,0.950310241680627,13.052589416503906,0.2398887723684311,0.018378634668850598,0.24
34,octanol_gsolv_eV,1,0.0564938485622406,0.04757459834218025,0.6482713122725008,0.9593560403886903,10.747777938842773,0.021270526573061943,0.0019790627136228463,0.04
34,octanol_gsolv_eV,2,0.3203192353248596,0.04836010932922363,0.6478755767458464,0.9130532691226687,11.170897483825684,0.6733713150024414,0.06027907032334816,0.26
34,octanol_gsolv_eV,3,0.28535130620002747,0.05042364448308945,0.6450163371077338,0.9094800606181379,11.551547050476074,0.6306798458099365,0.054597002726482796,0.26
34,octanol_gsolv_eV,4,0.05641217902302742,0.056107304990291595,0.6410228909572717,0.9643530650003223,12.441448211669922,0.012746665626764297,0.0010245323060387847,0.02
34,octanol_gsolv_eV,5,0.1288384348154068,0.05081059783697128,0.6410714292983319,0.9767708234220653,11.300827026367188,0.010396131314337254,0.0009199442916948388,0.22
34,octanol_gsolv_eV,6,0.3175097703933716,0.0472942478954792,0.6442370953994794,0.9091417691493637,10.770809173583984,1.1275033950805664,0.10468140108227263,0.14
34,octanol_gsolv_eV,7,0.11608735471963882,0.04515235126018524,0.6473737629155656,0.9651424464255509,10.204153060913086,0.007881405763328075,0.0007723723582232148,0.14
34,octanol_gsolv_eV,8,0.0809478685259819,0.051538217812776566,0.6478264561718619,0.969211080174452,11.655800819396973,0.023384129628539085,0.0020062224801941056,0.04
34,octanol_gsolv_eV,9,0.3333542048931122,0.0403556190431118,0.6467790142549059,0.9113816713213034,9.303730964660645,0.8027312755584717,0.08628057696504463,0.24
34,octanol_gsolv_eV,10,0.26684245467185974,0.05492757633328438,0.6438091425685799,0.9448189843561725,12.415298461914062,0.24896171689033508,0.020052817711476323,0.18
34,octanol_gsolv_eV,11,0.27675721049308777,0.055313970893621445,0.6469775163481175,0.9362451556095233,12.611275672912598,0.6732083559036255,0.05338146380778835,0.16
34,octanol_gsolv_eV,12,0.2390635460615158,0.05146348848938942,0.6473803623956389,0.9092326426799315,11.800822257995605,0.4739585816860199,0.0401631828125274,0.3
34,octanol_gsolv_eV,13,0.28615817427635193,0.052389856427907944,0.6477301561670552,0.9357568351125405,12.15017032623291,0.3571804165840149,0.02939715304343035,0.24
34,octanol_gsolv_eV,14,0.29187285900115967,0.04504776746034622,0.6469893971041072,0.915686743065359,10.357089042663574,0.8227573037147522,0.07943904897656073,0.28
34,octanol_gsolv_eV,15,0.12314857542514801,0.05040033534169197,0.6444937812993892,0.9704760278815401,11.31941032409668,0.005640795920044184,0.0004983294852414792,0.1
34,octanol_gsolv_eV,16,0.08022560179233551,0.04967443645000458,0.649162630002619,0.9576121899573364,11.288052558898926,0.03279833868145943,0.0029055799049768675,0.04
34,octanol_gsolv_eV,17,0.29632481932640076,0.03744734078645706,0.6471468784829755,0.9293029948201874,8.422439575195312,0.6004549860954285,0.07129228779079774,0.3
34,octanol_gsolv_eV,18,0.13512343168258667,0.050508685410022736,0.6480327002212813,0.9517958372904507,11.454248428344727,0.07146595418453217,0.006239253027521408,0.04
34,octanol_gsolv_eV,19,0.22393523156642914,0.051239535212516785,0.6470906112399699,0.9302766627610815,11.652915954589844,0.33727169036865234,0.0289431153269245,0.28
34,octanol_gsolv_eV,20,0.27955153584480286,0.04829659312963486,0.6483280231702986,0.9133636532811038,11.159547805786133,0.7386813163757324,0.0661927641900268,0.24
34,octanol_gsolv_eV,21,0.18746031820774078,0.05297858268022537,0.6485056465023176,0.917595769049742,12.138287544250488,0.5737108588218689,0.04726456320386124,0.12
34,octanol_gsolv_eV,22,0.2731250524520874,0.03840659186244011,0.6459889074774228,0.9423451742881577,8.582809448242188,0.5625356435775757,0.06554213360670456,0.16
34,octanol_gsolv_eV,23,0.19476784765720367,0.051601823419332504,0.6468596482978344,0.9366389259003076,11.70406723022461,0.13987942039966583,0.011951351410426019,0.16
34,octanol_gsolv_eV,24,0.15868671238422394,0.052013032138347626,0.6468162265004516,0.9603494302541873,11.771142959594727,0.04777929559350014,0.0040590192267230055,0.1
34,octanol_gsolv_eV,25,0.17091058194637299,0.040264587849378586,0.6465571851452097,0.9665632217967517,8.959641456604004,0.03658755496144295,0.0040835958825645715,0.14
34,octanol_gsolv_eV,26,0.32838740944862366,0.06323478370904922,0.6359535915699326,0.926006566364767,13.968048095703125,1.8781647682189941,0.1344615049540643,0.3
34,octanol_gsolv_eV,27,0.17702864110469818,0.039834681898355484,0.6479438673780009,0.9173040157778796,9.030425071716309,0.2433711737394333,0.026950134883648235,0.12
34,octanol_gsolv_eV,28,0.1752418428659439,0.05222028121352196,0.6480256436234288,0.9542438341705723,11.897307395935059,0.15528306365013123,0.013051950200361019,0.08
34,octanol_gsolv_eV,29,0.12469017505645752,0.05185874551534653,0.6488723179637046,0.9807950257989491,11.816766738891602,0.010155504569411278,0.00085941482926859,0.16
34,octanol_gsolv_eV,30,0.24288660287857056,0.04698662459850311,0.647083772591831,0.9268091611010483,10.79399299621582,0.4602605998516083,0.04264043899351865,0.26
34,octanol_gsolv_eV,31,0.14185717701911926,0.04702075570821762,0.6475018749874484,0.9630096163010144,10.609973907470703,0.02625209093093872,0.002474284212183979,0.14
34,octanol_gsolv_eV,32,0.30493807792663574,0.04776784032583237,0.6498828663177636,0.9171451782070859,11.051852226257324,0.9830706715583801,0.08895076150428172,0.32
34,octanol_gsolv_eV,33,0.13225065171718597,0.06678248941898346,0.6462399617185983,0.9623408348912772,15.154982566833496,0.12392064183950424,0.008176891084698648,0.06
34,octanol_gsolv_eV,34,0.34336280822753906,0.04581792280077934,0.6482964158674787,0.9324433083127002,10.556276321411133,0.7683705687522888,0.07278803105919221,0.3
34,octanol_gsolv_eV,35,0.2624804973602295,0.049297500401735306,0.6465838973029305,0.9084405677277445,11.281858444213867,0.6320945620536804,0.05602752110206303,0.28
34,octanol_gsolv_eV,36,0.1731821447610855,0.04037189111113548,0.643796862701628,0.9595951200045523,8.983259201049805,0.05016285926103592,0.005584037835084817,0.12
34,octanol_gsolv_eV,37,0.25111550092697144,0.047588322311639786,0.6462368265556127,0.9046905955492746,10.911084175109863,0.7206679582595825,0.06604916126516146,0.18
34,octanol_gsolv_eV,38,0.20192624628543854,0.04995939880609512,0.6478628088213036,0.9319915986414968,11.431052207946777,0.4001484811306,0.03500539354132421,0.26
34,octanol_gsolv_eV,39,0.09395155310630798,0.06536909192800522,0.6404003786848711,0.966200350599572,14.522750854492188,0.009554766118526459,0.0006579170994709293,0.14
34,octanol_gsolv_eV,40,0.22099770605564117,0.07004127651453018,0.6351072745611523,0.963020433547854,15.31191349029541,0.08239284157752991,0.005380963106260361,0.16
34,octanol_gsolv_eV,41,0.1266200989484787,0.04903837665915489,0.6468625310837697,0.9500404391508492,11.038920402526855,0.04792799428105354,0.004341728405803399,0.08
34,octanol_gsolv_eV,42,0.3117053806781769,0.049290355294942856,0.6445504935615478,0.9120307147948388,11.281554222106934,0.7220796346664429,0.06400533299316873,0.26
34,octanol_gsolv_eV,43,0.1879943311214447,0.04729506000876427,0.6462286962187331,0.9620871551057069,10.67516040802002,0.10384528338909149,0.009727749225302016,0.26
34,octanol_gsolv_eV,44,0.1622724086046219,0.044975996017456055,0.6473392302006269,0.9503382914690996,10.173680305480957,0.04578676074743271,0.004500511061151155,0.16
34,octanol_gsolv_eV,45,0.17405298352241516,0.03358966484665871,0.6465784631131144,0.9690083236475275,7.4313507080078125,0.06643231213092804,0.008939466692016361,0.12
34,octanol_gsolv_eV,46,0.32310160994529724,0.061015207320451736,0.6258202713829122,0.9452644478489447,13.35130786895752,2.0586726665496826,0.15419258448351736,0.28
34,octanol_gsolv_eV,47,0.16528458893299103,0.04494728520512581,0.6465681082189094,0.9575058758617545,10.149616241455078,0.04346678778529167,0.00428260406612774,0.14
34,octanol_gsolv_eV,48,0.3547064960002899,0.05521400645375252,0.6412161337094497,0.920739428363667,12.522612571716309,0.8982508778572083,0.07173030968681457,0.28
34,octanol_gsolv_eV,49,0.17125338315963745,0.04667966440320015,0.6468007160903644,0.9183605187941697,10.648956298828125,0.30745774507522583,0.028872101307154424,0.1
34,octanol_gsolv_eV,50,0.12008185684680939,0.05184616521000862,0.6471696990200504,0.9584044759032502,11.736090660095215,0.02423539198935032,0.0020650310815811044,0.06
34,octanol_gsolv_eV,51,0.2850402891635895,0.047389090061187744,0.6474197128085453,0.9097545045064566,10.915813446044922,0.7612629532814026,0.06973946165754853,0.3
34,octanol_gsolv_eV,52,0.2888442873954773,0.04878484830260277,0.6481634177154141,0.9151901725460043,11.20321273803711,0.7623461484909058,0.0680471009804706,0.3
34,octanol_gsolv_eV,53,0.27713292837142944,0.049136072397232056,0.6478183722058057,0.913460087302919,11.35401439666748,0.5723040699958801,0.050405438112167376,0.2
34,octanol_gsolv_eV,54,0.3071916997432709,0.046825967729091644,0.6498910811372851,0.9101721500068656,10.762737274169922,1.0847469568252563,0.10078727457452664,0.16
34,octanol_gsolv_eV,55,0.12975120544433594,0.05143313854932785,0.6448993624189148,0.9590289055579653,11.544750213623047,0.021144362166523933,0.0018315131791741275,0.1
34,octanol_gsolv_eV,56,0.1155376061797142,0.03856518492102623,0.6470623476727086,0.9722385956812485,8.71554946899414,0.029914263635873795,0.0034322865979127064,0.14
34,octanol_gsolv_eV,57,0.14355067908763885,0.05051232501864433,0.6472541025457825,0.9651083051120832,11.414859771728516,0.0383417122066021,0.003358929761149062,0.06
34,octanol_gsolv_eV,58,0.11058107018470764,0.04757774621248245,0.6476980445860068,0.9808201059770345,10.782180786132812,0.010377567261457443,0.0009624738693682682,0.1
34,octanol_gsolv_eV,59,0.22696521878242493,0.05313762649893761,0.6477995046234406,0.9190733825619941,12.150411605834961,0.5938481688499451,0.048874736767334115,0.12
34,octanol_gsolv_eV,60,0.16352573037147522,0.048687078058719635,0.6503975494267387,0.934888798213175,11.153715133666992,0.25326842069625854,0.022707090656437792,0.14
34,octanol_gsolv_eV,61,0.1292109489440918,0.04727121815085411,0.6479568484952116,0.9490491319114891,10.704599380493164,0.04008078575134277,0.003744258362847414,0.08
34,octanol_gsolv_eV,62,0.248101606965065,0.05106143653392792,0.6454646327669746,0.9145643835368604,11.626598358154297,0.6939888596534729,0.0596897594872833,0.26
34,octanol_gsolv_eV,63,0.08913414180278778,0.03969377279281616,0.6476711951868206,0.9295869078830987,8.973430633544922,0.05825461074709892,0.006491899600731147,0.08
34,octanol_gsolv_eV,64,0.2968388795852661,0.04931623488664627,0.644309708902459,0.9115600510285737,11.241947174072266,0.7251725196838379,0.06450595332420091,0.22
34,octanol_gsolv_eV,65,0.30017220973968506,0.04007933288812637,0.6493290781025554,0.9249867102377336,9.266307830810547,0.5664616227149963,0.061131319297585494,0.22
34,octanol_gsolv_eV,66,0.22974635660648346,0.05070226266980171,0.6404587033990616,0.9356618234561966,11.32765007019043,0.35143837332725525,0.031024826080397028,0.34
34,octanol_gsolv_eV,67,0.17301151156425476,0.04303426668047905,0.6479923205850744,0.9567317616787718,9.756742477416992,0.027757322415709496,0.002844937486046879,0.14
34,octanol_gsolv_eV,68,0.09850308299064636,0.05158798769116402,0.6446654426017446,0.9688488121517034,11.613831520080566,0.014659988693892956,0.0012622870125630389,0.06
34,octanol_gsolv_eV,69,0.12602049112319946,0.06866078078746796,0.6360758577390497,0.9769073243268787,14.926648139953613,0.01747388020157814,0.0011706499702908147,0.08
34,octanol_gsolv_eV,70,0.1336827427148819,0.049044400453567505,0.6429501704981411,0.9671984842854824,10.967793464660645,0.013996295630931854,0.0012761268413769237,0.12
34,octanol_gsolv_eV,71,0.11313679069280624,0.04762661084532738,0.6488078817396052,0.9743994447786035,10.808669090270996,0.007650291081517935,0.0007077921451406119,0.08
34,octanol_gsolv_eV,72,0.2640133500099182,0.0482686348259449,0.6468654044030497,0.9135295809532682,11.075307846069336,0.5258806943893433,0.04748226430346856,0.3
34,octanol_gsolv_eV,73,0.327009916305542,0.02027711272239685,0.6478440963805483,0.9695357045412063,4.5235090255737305,0.19788488745689392,0.04374588098269475,0.3
34,octanol_gsolv_eV,74,0.10184894502162933,0.04638725519180298,0.6404768799102278,0.9400018988045449,10.289016723632812,0.050825733691453934,0.004939804750702023,0.08
34,octanol_gsolv_eV,75,0.12493626773357391,0.051711857318878174,0.6474267382996544,0.9515515867115416,11.75509262084961,0.10552773624658585,0.008977193089862591,0.04
34,octanol_gsolv_eV,76,0.1241467297077179,0.0503200963139534,0.6487097541860782,0.9719521702555713,11.42457103729248,0.0075912694446742535,0.0006644686631904663,0.1
34,octanol_gsolv_eV,77,0.2405087798833847,0.050755806267261505,0.6468948300895676,0.9087394086758269,11.599132537841797,0.6734402179718018,0.05805953296720463,0.2
34,octanol_gsolv_eV,78,0.09873546659946442,0.0490039624273777,0.6435077030233733,0.9470987139766698,10.946343421936035,0.025066083297133446,0.002289904704332774,0.06
34,octanol_gsolv_eV,79,0.37709978222846985,0.04661769047379494,0.6517772684171033,0.9345140097873263,10.824837684631348,1.1486536264419556,0.10611278061681849,0.24
34,octanol_gsolv_eV,80,0.3100656569004059,0.04812098667025566,0.6489435812475997,0.9423287617003342,11.064367294311523,0.3337748348712921,0.030166644507806095,0.28
34,octanol_gsolv_eV,81,0.27274757623672485,0.04520818591117859,0.6444773304557967,0.9257762693650144,10.270517349243164,0.6259093284606934,0.06094233690251414,0.3
34,octanol_gsolv_eV,82,0.35068556666374207,0.04732852056622505,0.6506488354826727,0.9090805863414322,11.165980339050293,1.0852512121200562,0.09719264938383017,0.28
34,octanol_gsolv_eV,83,0.310732364654541,0.0466029979288578,0.6518193933961951,0.8977649726660064,10.816988945007324,1.0453764200210571,0.09664209008030462,0.3
34,octanol_gsolv_eV,84,0.1956808716058731,0.053003646433353424,0.6432337906805989,0.9626795894764024,11.899322509765625,0.06690496951341629,0.005622586450489784,0.18
34,octanol_gsolv_eV,85,0.30609840154647827,0.046905867755413055,0.6460699074040204,0.9175186473200354,10.669729232788086,1.3478554487228394,0.1263251783916764,0.24
34,octanol_gsolv_eV,86,0.34360963106155396,0.04988764971494675,0.6477943848013583,0.9021985699047286,11.47456169128418,0.7012765407562256,0.061115758459767536,0.3
34,octanol_gsolv_eV,87,0.23810987174510956,0.05334685370326042,0.6440017743042898,0.9175768060312164,12.21496295928955,0.6160236597061157,0.050431889295057264,0.16
34,octanol_gsolv_eV,88,0.23859953880310059,0.04789874702692032,0.6474842115873456,0.9175626771228691,10.894062042236328,0.5498273968696594,0.050470375029807626,0.1
34,octanol_gsolv_eV,89,0.24281832575798035,0.052895016968250275,0.6440153101469941,0.9211548081068985,11.956551551818848,0.5753728151321411,0.04812197000435419,0.32
34,octanol_gsolv_eV,90,0.36431097984313965,0.04586353525519371,0.643027851372852,0.9042532448550171,10.417457580566406,0.9372047781944275,0.08996482788111058,0.38
34,octanol_gsolv_eV,91,0.23279869556427002,0.05096660554409027,0.6430320345714646,0.901061874809197,11.446942329406738,0.7965929508209229,0.06959002045240564,0.14
34,octanol_gsolv_eV,92,0.3564053773880005,0.04517997056245804,0.6468292023057161,0.9046798014616819,10.331119537353516,0.9261046051979065,0.08964223111052524,0.34
34,octanol_gsolv_eV,93,0.2624998688697815,0.04996521398425102,0.6476276321307537,0.9259062325181622,11.448248863220215,0.6084408760070801,0.05314706932706694,0.2
34,octanol_gsolv_eV,94,0.04670197516679764,0.05263002961874008,0.6486296484580336,0.9686982810828433,11.932395935058594,0.00915136095136404,0.0007669340676566398,0.04
34,octanol_gsolv_eV,95,0.23475664854049683,0.05327735096216202,0.6449054261509226,0.930004364696813,12.148849487304688,0.3975926637649536,0.03272677500700212,0.2
34,octanol_gsolv_eV,96,0.2932686507701874,0.05068793520331383,0.6464512242719282,0.9206351649909377,11.603748321533203,1.138537883758545,0.09811811254521503,0.2
34,octanol_gsolv_eV,97,0.28549593687057495,0.07091973721981049,0.6340108920413927,0.9348078702320763,15.61496353149414,1.1509743928909302,0.07370970739505771,0.18
34,octanol_gsolv_eV,98,0.2358422726392746,0.06046165153384209,0.6406778701091056,0.9544207360622794,13.531189918518066,0.3846551477909088,0.028427296498476477,0.18
34,octanol_gsolv_eV,99,0.25164833664894104,0.02601584792137146,0.647887923428383,0.9662192972724397,5.758748531341553,0.20858168601989746,0.036219967738599354,0.2
34,octanol_gsolv_eV,100,0.3362819254398346,0.04884688928723335,0.6492232854820903,0.9149235164922218,11.263155937194824,1.3315949440002441,0.1182257398748124,0.32
34,octanol_gsolv_eV,101,0.3030000925064087,0.04309326782822609,0.6435303212782579,0.9058282768321744,9.916818618774414,1.047243356704712,0.10560275396406688,0.3
34,octanol_gsolv_eV,102,0.2587161064147949,0.04167720302939415,0.6464941442536116,0.9204857082690463,9.512606620788574,0.7368781566619873,0.07746332693413761,0.2
34,octanol_gsolv_eV,103,0.11813761293888092,0.04237442836165428,0.6471765382888655,0.9664579838038834,9.581679344177246,0.01777615211904049,0.0018552230230750725,0.12
34,octanol_gsolv_eV,104,0.11164594441652298,0.0500439777970314,0.645689826899629,0.9614552580548981,11.230191230773926,0.018962804228067398,0.0016885557724167605,0.12
34,octanol_gsolv_eV,105,0.30912259221076965,0.04659319669008255,0.646076027304084,0.9141171794955427,10.690771102905273,0.8544800281524658,0.07992688459303524,0.2
34,octanol_gsolv_eV,106,0.1333017796278,0.049826379865407944,0.6431609014185298,0.9691366037124958,11.137605667114258,0.024056460708379745,0.0021599310863923546,0.1
34,octanol_gsolv_eV,107,0.18794727325439453,0.050633203238248825,0.6458799725483946,0.9423220144217064,11.4270601272583,0.11150381714105606,0.009757874370072927,0.24
34,octanol_gsolv_eV,108,0.2041609138250351,0.05217454582452774,0.6460547498626146,0.9358853876330351,11.790738105773926,0.2084048092365265,0.01767529796412581,0.18
34,octanol_gsolv_eV,109,0.25469347834587097,0.019093889743089676,0.6481071087761547,0.9657745086888503,4.200260639190674,0.14297384023666382,0.03403927815875081,0.18
34,octanol_gsolv_eV,110,0.13198581337928772,0.050293028354644775,0.6471297969984005,0.9749931466749875,11.369227409362793,0.008019562810659409,0.0007053744746151469,0.14
34,octanol_gsolv_eV,111,0.11008955538272858,0.044128358364105225,0.6477332734075145,0.9629099343435139,9.998181343078613,0.010341312736272812,0.0010343193808373696,0.14
34,octanol_gsolv_eV,112,0.19691388309001923,0.04301679879426956,0.6483962540555281,0.9479436785880653,9.775708198547363,0.10060057044029236,0.0102908728858377,0.14
34,octanol_gsolv_eV,113,0.13413424789905548,0.049353599548339844,0.6368919064823975,0.9540300123409995,10.95250415802002,0.021771516650915146,0.0019878117676835443,0.1
34,octanol_gsolv_eV,114,0.06386090070009232,0.04736565425992012,0.6471922757236783,0.9621414659399612,10.696697235107422,0.012785076163709164,0.001195235864183153,0.02
34,octanol_gsolv_eV,115,0.3866954445838928,0.038312677294015884,0.6485227093409218,0.920554139173172,8.594533920288086,1.9404685497283936,0.22577938114221205,0.36
34,octanol_gsolv_eV,116,0.25443705916404724,0.047041155397892,0.6470840292363804,0.9215906344349629,10.728297233581543,0.4193057417869568,0.03908409066766464,0.22
34,octanol_gsolv_eV,117,0.28414008021354675,0.04870318993926048,0.6476513442492791,0.912764854183526,11.18781852722168,0.6763264536857605,0.0604520400505384,0.32
34,octanol_gsolv_eV,118,0.11199448257684708,0.0499827042222023,0.6459845088385199,0.9651157663677241,11.31926155090332,0.015309371054172516,0.0013525061670609396,0.14
34,octanol_gsolv_eV,119,0.10872319340705872,0.05344460532069206,0.6431354111175003,0.9773852268507472,11.974656105041504,0.010968132875859737,0.0009159455419552294,0.2
34,octanol_gsolv_eV,120,0.12578769028186798,0.04649502411484718,0.6464443646368827,0.9720707528385002,10.494462013244629,0.010186165571212769,0.0009706229398283807,0.1
34,octanol_gsolv_eV,121,0.1416214257478714,0.057243648916482925,0.639903391449669,0.9655705777776311,12.68364429473877,0.08070754259824753,0.0063631193624473815,0.1
34,octanol_gsolv_eV,122,0.28591835498809814,0.04449291527271271,0.6478111372364737,0.9152787551774921,10.23752498626709,0.6502777338027954,0.06351903752861132,0.28
34,octanol_gsolv_eV,123,0.1619073748588562,0.046554386615753174,0.6477598074499697,0.9562975621415872,10.540287017822266,0.12309512495994568,0.011678536338887898,0.12
34,octanol_gsolv_eV,124,0.2370469868183136,0.0523371696472168,0.6430905352882854,0.9041248254407994,11.81336784362793,0.5976786613464355,0.050593418342494124,0.2
34,octanol_gsolv_eV,125,0.300503671169281,0.051051314920186996,0.6489047645372463,0.9427728610050183,11.753524780273438,0.40154123306274414,0.03416347355958036,0.24
34,octanol_gsolv_eV,126,0.0994495302438736,0.05284959822893143,0.6472511601743465,0.95643595094365,11.936358451843262,0.00811275839805603,0.0006796677923829629,0.08
34,octanol_gsolv_eV,127,0.29992109537124634,0.046783965080976486,0.6484039750657689,0.9106885132248606,10.757485389709473,0.7185431718826294,0.06679471510786175,0.3
34,octanol_gsolv_eV,128,0.34980887174606323,0.04801442474126816,0.6502386042622641,0.9094924324525286,11.040331840515137,0.8660978674888611,0.0784485357868056,0.26
34,octanol_gsolv_eV,129,0.3038240671157837,0.04899042844772339,0.6489411755648167,0.9154199113148156,11.271037101745605,1.0277960300445557,0.09118912667631761,0.16
34,octanol_gsolv_eV,130,0.15240322053432465,0.02577839232981205,0.6482345993592158,0.9754722536397484,5.68499755859375,0.08972892165184021,0.015783458256055205,0.14
34,octanol_gsolv_eV,131,0.1305019110441208,0.048420727252960205,0.6486830298949413,0.9511316452368392,10.981897354125977,0.020014042034745216,0.0018224575762607906,0.14
34,octanol_gsolv_eV,132,0.17315803468227386,0.050941191613674164,0.6480523231229094,0.9608207068511421,11.548229217529297,0.05088028684258461,0.004405895127657526,0.16
34,octanol_gsolv_eV,133,0.23532676696777344,0.04858724772930145,0.6450904355698373,0.9075268415940163,11.06761646270752,0.9460225105285645,0.0854766257681769,0.16
34,octanol_gsolv_eV,134,0.34869900345802307,0.04912801831960678,0.6462016819936724,0.916079999872986,11.310526847839355,0.9322665333747864,0.08242467799392358,0.34
34,octanol_gsolv_eV,135,0.22549660503864288,0.04808099567890167,0.6490147443733627,0.9263704905561221,11.01204776763916,0.6798873543739319,0.06174032012210304,0.2
34,octanol_gsolv_eV,136,0.16637691855430603,0.04836422950029373,0.6457683747608349,0.9443762810200809,10.936195373535156,0.057481516152620316,0.00525607985129103,0.12
34,octanol_gsolv_eV,137,0.22121939063072205,0.04670385643839836,0.6482572655224315,0.9200367395066626,10.641643524169922,0.4305715262889862,0.04046099884017417,0.22
34,octanol_gsolv_eV,138,0.1617136150598526,0.08398285508155823,0.6298480754698792,0.9677982620700785,17.986122131347656,0.022149819880723953,0.0012314950226052046,0.08
34,octanol_gsolv_eV,139,0.13606545329093933,0.023494228720664978,0.6451728711116176,0.9273281477205393,5.152116298675537,0.14861150085926056,0.028844748884543688,0.04
34,octanol_gsolv_eV,140,0.10298174619674683,0.04893218353390694,0.6466770174642655,0.9552572281824263,11.038297653198242,0.027288608253002167,0.0024721754305199,0.1
34,octanol_gsolv_eV,141,0.21048402786254883,0.06893452256917953,0.633953229261004,0.9376090881371979,14.915698051452637,0.2999064326286316,0.02010676480538058,0.06
34,octanol_gsolv_eV,142,0.142318457365036,0.021372806280851364,0.6483294423720511,0.9664673337035636,4.703760147094727,0.08566997945308685,0.018213084165441734,0.1
34,octanol_gsolv_eV,143,0.2687763571739197,0.04203321039676666,0.6455544538801441,0.9640965213188069,9.353546142578125,0.5067973732948303,0.054182378059573176,0.18
34,octanol_gsolv_eV,144,0.2902957499027252,0.012138722464442253,0.6501745411661817,0.9613046305164861,2.6395838260650635,0.345094233751297,0.13073812255689687,0.16
34,octanol_gsolv_eV,145,0.3520810604095459,0.040413569658994675,0.6504709793378689,0.9085826625332929,9.346053123474121,1.1293965578079224,0.12084208626754545,0.18
34,octanol_gsolv_eV,146,0.16088737547397614,0.04631165415048599,0.6473690381868906,0.958330632547739,10.509194374084473,0.053228314965963364,0.005064928202034558,0.14
34,octanol_gsolv_eV,147,0.22345755994319916,0.048105474561452866,0.6471810670275067,0.9424821359967244,10.956269264221191,0.3323689103126526,0.03033595672917943,0.32
34,octanol_gsolv_eV,148,0.20472802221775055,0.05075882747769356,0.6436772455476476,0.9014168908078655,11.555618286132812,0.6317417621612549,0.05466966340687883,0.12
34,octanol_gsolv_eV,149,0.09321388602256775,0.04518052190542221,0.648065045558996,0.9639276273052462,10.229401588439941,0.018436625599861145,0.0018023171189892513,0.1
34,octanol_gsolv_eV,150,0.2297803908586502,0.05176910385489464,0.6474371756603166,0.9426722841026456,11.787251472473145,0.20839861035346985,0.017680000366509924,0.16
34,octanol_gsolv_eV,151,0.35107284784317017,0.0569472461938858,0.6452951564298295,0.924403040478748,12.949553489685059,2.4416844844818115,0.18855356568291953,0.32
34,octanol_gsolv_eV,152,0.09682813286781311,0.04723845794796944,0.6481103560352199,0.9633483407616259,10.701491355895996,0.015600998885929585,0.001457834087520353,0.12
34,octanol_gsolv_eV,153,0.29305168986320496,0.0442323312163353,0.6478395097887322,0.9007767966981961,10.179224967956543,0.7531149983406067,0.07398549503634684,0.2
34,octanol_gsolv_eV,154,0.15718351304531097,0.05376098304986954,0.6462359003405145,0.953918717071532,12.23705768585205,0.033814046531915665,0.002763249745158101,0.1
34,octanol_gsolv_eV,155,0.14261005818843842,0.0231887549161911,0.6456700612420143,0.9498798224121587,5.128311634063721,0.11556528508663177,0.02253476257546712,0.1
34,octanol_gsolv_eV,156,0.2406432330608368,0.05186332017183304,0.6461518171164777,0.9191094661028885,11.855612754821777,0.5332744121551514,0.04498075495408402,0.22
34,octanol_gsolv_eV,157,0.12785838544368744,0.06049052253365517,0.6435802263441666,0.9684788870888803,13.52408504486084,0.02277073636651039,0.001683717330302007,0.06
34,octanol_gsolv_eV,158,0.14904487133026123,0.05513424798846245,0.6395292057051227,0.9743943048260573,12.213889122009277,0.022989997640252113,0.0018822831459002212,0.12
34,octanol_gsolv_eV,159,0.30907541513442993,0.04855646193027496,0.6472880546895954,0.9251801536870861,11.123516082763672,0.5946089625358582,0.053455126788302866,0.28
34,octanol_gsolv_eV,160,0.17059865593910217,0.04354047030210495,0.6494589455804531,0.9764560804998046,9.924652099609375,0.016339056193828583,0.001646310221239057,0.12
34,octanol_gsolv_eV,161,0.10144969075918198,0.04849116876721382,0.6441310009435293,0.9344733367856746,10.821575164794922,0.12753194570541382,0.011784970650142008,0.02
34,octanol_gsolv_eV,162,0.05142872408032417,0.047048043459653854,0.6468806269603031,0.9570390547670347,10.611655235290527,0.03080539032816887,0.0029029769291525117,0.02
34,octanol_gsolv_eV,163,0.31253814697265625,0.04250315576791763,0.6478981691771215,0.9054153291429876,9.812685012817383,1.2214446067810059,0.12447608429146031,0.18
34,octanol_gsolv_eV,164,0.11031197756528854,0.050416793674230576,0.646632708540603,0.9711624116262065,11.422934532165527,0.007056858856230974,0.0006177798565123314,0.1
34,octanol_gsolv_eV,165,0.09863770753145218,0.04877328500151634,0.6460567811622322,0.9685911167767616,10.978192329406738,0.005468474235385656,0.0004981215551068026,0.08
34,octanol_gsolv_eV,166,0.25688937306404114,0.045961301773786545,0.6485213724353835,0.9222692163083182,10.483827590942383,0.3685941994190216,0.03515836141157764,0.18
34,octanol_gsolv_eV,167,0.28058677911758423,0.049034807831048965,0.6476102687787835,0.919167448083803,11.247262954711914,0.37725159525871277,0.03354163557638416,0.26
34,octanol_gsolv_eV,168,0.349951833486557,0.04369335621595383,0.645948867917526,0.9281917769786525,9.985030174255371,0.5506020188331604,0.05514274961860306,0.28
34,octanol_gsolv_eV,169,0.3214694559574127,0.04440377652645111,0.6486900450410555,0.907552827585461,10.206884384155273,0.6549691557884216,0.06416935189401846,0.26
34,octanol_gsolv_eV,170,0.3506109118461609,0.056298498064279556,0.6418575442021421,0.9204128497100339,12.852574348449707,0.9175070524215698,0.07138702547417985,0.26
34,octanol_gsolv_eV,171,0.13573497533798218,0.05167660489678383,0.647454963287446,0.964003688331132,11.688621520996094,0.012944577261805534,0.0011074511428531915,0.18
34,octanol_gsolv_eV,172,0.25648999214172363,0.052287280559539795,0.6442387295494829,0.9244788233333285,11.817400932312012,1.0432987213134766,0.08828495599745728,0.26
34,octanol_gsolv_eV,173,0.27019962668418884,0.04806479066610336,0.6479133521113878,0.9130217804463157,11.043933868408203,0.93288654088974,0.08447049321422638,0.26
34,octanol_gsolv_eV,174,0.338916152715683,0.03596888482570648,0.6469204471168035,0.923559224043079,8.196575164794922,1.021202564239502,0.12458893424483741,0.32
34,octanol_gsolv_eV,175,0.33289358019828796,0.047973453998565674,0.6517531940082693,0.9053702869668045,11.133935928344727,1.4381353855133057,0.12916684582781787,0.32
34,octanol_gsolv_eV,176,0.32263270020484924,0.050549689680337906,0.6451292775391857,0.9127380499650506,11.623980522155762,0.7610123753547668,0.06546917158922001,0.18
34,octanol_gsolv_eV,177,0.2684183716773987,0.045517098158597946,0.6493140524248728,0.9228502963341274,10.417499542236328,1.1463512182235718,0.11004091851176451,0.26
34,octanol_gsolv_eV,178,0.1026715561747551,0.016079135239124298,0.6424643192482742,0.9463493413783899,3.448259115219116,0.11206480860710144,0.032498952330031146,0.04
34,octanol_gsolv_eV,179,0.142979234457016,0.056221507489681244,0.645579836598063,0.9659885528184788,12.65528392791748,0.013839873485267162,0.001093604344564446,0.1
34,octanol_gsolv_eV,180,0.16667330265045166,0.035185135900974274,0.6474078701233117,0.9717412310625864,7.812141418457031,0.04789584502577782,0.006130949564304954,0.14
34,octanol_gsolv_eV,181,0.11341720819473267,0.0639091432094574,0.6369068145685606,0.9608844456493975,14.013291358947754,0.006363034248352051,0.0004540713587810427,0.08
34,octanol_gsolv_eV,182,0.09724673628807068,0.052279118448495865,0.6462681377890225,0.9562750687519892,11.76268482208252,0.009887492284178734,0.0008405812477111162,0.12
34,octanol_gsolv_eV,183,0.3204271197319031,0.05644523352384567,0.641336231848816,0.9093956872585307,12.828691482543945,0.9901912212371826,0.0771856757631548,0.22
34,octanol_gsolv_eV,184,0.3980780243873596,0.052191779017448425,0.6483004479579904,0.9086225106853034,12.125061988830566,1.2103312015533447,0.09982061969400936,0.22
34,octanol_gsolv_eV,185,0.26939764618873596,0.04825061932206154,0.6441444923949962,0.9200292614652732,10.899760246276855,0.5737725496292114,0.05264084132723937,0.24
34,octanol_gsolv_eV,186,0.26959583163261414,0.049068301916122437,0.6482668335588928,0.9174406726521314,11.306373596191406,0.8845115303993225,0.07823123151505214,0.28
34,octanol_gsolv_eV,187,0.20834849774837494,0.051790039986371994,0.6477628816399053,0.9563896308201385,11.761298179626465,0.0515286810696125,0.004381206928234604,0.22
34,octanol_gsolv_eV,188,0.2805425226688385,0.035474177449941635,0.6484675737968855,0.949730641856682,7.930931568145752,0.6672409772872925,0.0841314757987873,0.16
34,octanol_gsolv_eV,189,0.03896274417638779,0.04995201900601387,0.6458014551574089,0.9731062021618788,11.245271682739258,0.018947584554553032,0.0016849379089378792,0.06
34,octanol_gsolv_eV,190,0.0773322656750679,0.07715336978435516,0.6349093453741865,0.9628822831046737,16.705724716186523,0.10140673816204071,0.006070178928770783,0.02
34,octanol_gsolv_eV,191,0.15147772431373596,0.04979705438017845,0.646141710407123,0.9495036574127949,11.239314079284668,0.13762056827545166,0.012244570024882745,0.12
34,octanol_gsolv_eV,192,0.22948436439037323,0.05139483883976936,0.6482529638958818,0.9268697791817513,11.787248611450195,0.3754676580429077,0.03185371501184563,0.12
34,octanol_gsolv_eV,193,0.09068169444799423,0.041812099516391754,0.6373274596489376,0.9506198440770948,9.261834144592285,0.034626346081495285,0.003738605716850652,0.1
34,octanol_gsolv_eV,194,0.3430645763874054,0.04751352220773697,0.6420063794298279,0.9176636076445712,10.821174621582031,0.846105694770813,0.0781898199002646,0.2
34,octanol_gsolv_eV,195,0.32443946599960327,0.059606973081827164,0.638561077211605,0.9147892365727657,13.324319839477539,1.472565770149231,0.11051714368085687,0.16
34,octanol_gsolv_eV,196,0.23060323297977448,0.043660055845975876,0.6479906477642039,0.9264433666762923,9.966846466064453,0.3910888135433197,0.0392389724146866,0.2
34,octanol_gsolv_eV,197,0.33295711874961853,0.06560086458921432,0.6397850519727364,0.910002128588298,14.75184154510498,1.362510323524475,0.09236204980635716,0.14
34,octanol_gsolv_eV,198,0.11391805857419968,0.04772062227129936,0.6482152813849682,0.9646094928761055,10.829086303710938,0.0169054064899683,0.0015611110684541423,0.1
34,octanol_gsolv_eV,199,0.3182704746723175,0.048198848962783813,0.643733137565258,0.8994263472877602,11.112015724182129,0.6581873893737793,0.05923204265643923,0.3
34,octanol_gsolv_eV,200,0.34448760747909546,0.05055663362145424,0.6420782967471452,0.9220988521894982,11.569486618041992,0.6886157989501953,0.059519996148864204,0.32
34,octanol_gsolv_eV,201,0.37377017736434937,0.0443013459444046,0.6458926840986892,0.9206695267247462,10.214828491210938,0.5624893307685852,0.055065959379794124,0.44
34,octanol_gsolv_eV,202,0.3441880941390991,0.043265726417303085,0.6487253280701519,0.902884274771302,10.02707290649414,1.4794212579727173,0.14754268486614416,0.28
34,octanol_gsolv_eV,203,0.11882788687944412,0.04883973300457001,0.6484148969729302,0.9608963837509921,11.053789138793945,0.017409129068255424,0.0015749467309048829,0.1
34,octanol_gsolv_eV,204,0.1496700942516327,0.04625874012708664,0.647111064938966,0.9475053541182994,10.469050407409668,0.06954467296600342,0.0066428826168208974,0.14
34,octanol_gsolv_eV,205,0.10316155850887299,0.057828981429338455,0.6438869736672495,0.9652393265744106,12.987812995910645,0.04919615387916565,0.0037878705132769926,0.08
34,octanol_gsolv_eV,206,0.2130771428346634,0.051145005971193314,0.6449263186434886,0.9567020159338973,11.593684196472168,0.10065708309412003,0.00868206183542147,0.22
34,octanol_gsolv_eV,207,0.4194034934043884,0.04526346176862717,0.6514959250800549,0.9279335591753513,10.435161590576172,2.3622593879699707,0.22637496961266892,0.46
34,octanol_gsolv_eV,208,0.24974779784679413,0.04793398827314377,0.6467195563047825,0.9197746442354919,10.924464225769043,0.7757043242454529,0.0710061663633528,0.2
34,octanol_gsolv_eV,209,0.3712001442909241,0.05591486766934395,0.6436947621797164,0.9157806121284231,12.819406509399414,2.364710807800293,0.18446336076997366,0.24
34,octanol_gsolv_eV,210,0.26046961545944214,0.04491061717271805,0.6483130702304492,0.9291382122347387,10.279340744018555,0.5660712122917175,0.05506882458596469,0.18
34,octanol_gsolv_eV,211,0.3350076377391815,0.0470631942152977,0.6493038426280358,0.927938644926001,10.848031044006348,0.6137104034423828,0.05657343723969746,0.34
34,octanol_gsolv_eV,212,0.1177581399679184,0.04892038553953171,0.6469930512633113,0.9695406663162762,11.038973808288574,0.01854713074862957,0.0016801499007727985,0.14
34,octanol_gsolv_eV,213,0.1443425863981247,0.05102734640240669,0.6431770380271411,0.9646712823872721,11.361712455749512,0.04326953738927841,0.0038083640611219815,0.1
34,octanol_gsolv_eV,214,0.3134478032588959,0.03922359645366669,0.6443290852716499,0.9229552374156584,8.803473472595215,1.0352965593338013,0.11760091770102211,0.24
34,octanol_gsolv_eV,215,0.18472658097743988,0.05299503728747368,0.6428119349628227,0.9539206145486774,11.872332572937012,0.16408608853816986,0.01382088039819607,0.24
34,octanol_gsolv_eV,216,0.17908012866973877,0.04758080095052719,0.6465613220403801,0.9418457241412606,10.756606101989746,0.18178614974021912,0.016899954132055882,0.12
34,octanol_gsolv_eV,217,0.23693077266216278,0.0689532458782196,0.6470761414948758,0.9571862345204949,15.654065132141113,0.05850008502602577,0.0037370538918937227,0.2
34,octanol_gsolv_eV,218,0.25096604228019714,0.034854114055633545,0.6451766190590635,0.957349081222276,7.790700435638428,0.1612575799226761,0.020698726803177542,0.22
34,octanol_gsolv_eV,219,0.09791489690542221,0.05738452821969986,0.6428447140500881,0.9556258617855815,12.823737144470215,0.013862119987607002,0.0010809734971513006,0.06
34,octanol_gsolv_eV,220,0.1808357536792755,0.050144441425800323,0.6473793924055475,0.9335061847517592,11.447419166564941,0.2822064459323883,0.024652407833255813,0.1
34,octanol_gsolv_eV,221,0.40191537141799927,0.046989522874355316,0.6492700861508043,0.914037430680283,10.89967155456543,1.2805315256118774,0.11748349656238172,0.22
34,octanol_gsolv_eV,222,0.3574775755405426,0.032885678112506866,0.6481969697046293,0.925887312881629,7.448686122894287,0.9545825123786926,0.12815448209647162,0.34
34,octanol_gsolv_eV,223,0.276762992143631,0.04970598220825195,0.6456911583992138,0.9102479236752705,11.348546981811523,0.8927993774414062,0.07867080947651788,0.26
34,octanol_gsolv_eV,224,0.2970709502696991,0.012830252759158611,0.649220421751306,0.9578015109109035,2.792546510696411,0.2585223913192749,0.09257585874722067,0.2
34,octanol_gsolv_eV,225,0.25341475009918213,0.04967467114329338,0.6449466593855493,0.9069254994702067,11.373783111572266,0.6506296396255493,0.05720432975054409,0.3
34,octanol_gsolv_eV,226,0.27092528343200684,0.04881191626191139,0.6460371798368099,0.9100652085056766,11.229907035827637,0.6690505743026733,0.05957757015869765,0.24
34,octanol_gsolv_eV,227,0.11501462012529373,0.04649766907095909,0.6486294667794443,0.9696624090520798,10.573823928833008,0.005664437543600798,0.0005357037890667771,0.12
34,octanol_gsolv_eV,228,0.3799176514148712,0.04007868468761444,0.6481769840584957,0.9403361359858815,9.034369468688965,1.850404143333435,0.20481829415395372,0.3
34,octanol_gsolv_eV,229,0.305949866771698,0.04887660965323448,0.6470758290551895,0.9008882138728664,11.269376754760742,1.1703866720199585,0.10385549241004205,0.28
34,octanol_gsolv_eV,230,0.11619026213884354,0.0499851256608963,0.6479596671699106,0.9696402383876714,11.308488845825195,0.007994680665433407,0.000706962775878303,0.12
34,octanol_gsolv_eV,231,0.2817782461643219,0.011888094246387482,0.6503184769191479,0.9414488022000125,2.5851492881774902,0.2841264605522156,0.10990717706385246,0.14
34,octanol_gsolv_eV,232,0.2642488181591034,0.04618331044912338,0.64831204851051,0.9132736171546705,10.600372314453125,0.633048951625824,0.05971950162190912,0.26
34,octanol_gsolv_eV,233,0.6428971886634827,0.01648511178791523,0.6666574781092267,0.9050055926935059,3.734311819076538,1.848759412765503,0.4950736581024679,0.46
34,octanol_gsolv_eV,234,0.3306181728839874,0.046306535601615906,0.6497479585958827,0.9191529101017502,10.770444869995117,1.0107557773590088,0.09384531368567944,0.3
34,octanol_gsolv_eV,235,0.34626656770706177,0.04165330529212952,0.6486443550444099,0.9137824821202623,9.538023948669434,0.9343628287315369,0.09796188746851298,0.24
34,octanol_gsolv_eV,236,0.28122541308403015,0.043258052319288254,0.6475708032701499,0.9010880115793702,9.902664184570312,0.688172459602356,0.0694936682468362,0.22
34,octanol_gsolv_eV,237,0.179337278008461,0.05456271395087242,0.6473840719701429,0.956287454090174,12.348058700561523,0.05837184190750122,0.004727208002732185,0.22
34,octanol_gsolv_eV,238,0.30096685886383057,0.04833642765879631,0.6489107652998212,0.912007763470889,11.13872241973877,0.6402938365936279,0.05748359753170368,0.26
34,octanol_gsolv_eV,239,0.5305862426757812,0.0359952449798584,0.6611223781596594,0.9428314738847605,8.179529190063477,2.802504301071167,0.3426241579375571,0.38
34,octanol_gsolv_eV,240,0.24720481038093567,0.08888816088438034,0.6061016139947937,0.9233231513833686,17.91458511352539,1.891048550605774,0.10555915968034588,0.22
34,octanol_gsolv_eV,241,0.3013453483581543,0.050280652940273285,0.6481762116345393,0.9355903755485246,11.534523010253906,0.6498649716377258,0.05634086221510954,0.22
34,octanol_gsolv_eV,242,0.21142642199993134,0.05107913538813591,0.6443092346781725,0.9292571859638172,11.578686714172363,0.3933643698692322,0.03397314216885689,0.12
34,octanol_gsolv_eV,243,0.2757522165775299,0.053144317120313644,0.6438470908289058,0.9134823854560119,12.065786361694336,0.859135627746582,0.07120427977028577,0.2
34,octanol_gsolv_eV,244,0.29998779296875,0.04851707071065903,0.6470061399461426,0.8981292879277241,11.057968139648438,1.2607090473175049,0.11400910469231884,0.22
34,octanol_gsolv_eV,245,0.16061550378799438,0.05233345553278923,0.6300215359124437,0.9579234843896516,11.530142784118652,0.045380737632513046,0.0039358348358894055,0.12
34,octanol_gsolv_eV,246,0.26894575357437134,0.04971354454755783,0.64322798583734,0.916108138554006,11.269261360168457,0.9182157516479492,0.08147967486967783,0.2
34,octanol_gsolv_eV,247,0.221035435795784,0.049916598945856094,0.6400309906311461,0.9208388790667994,11.13573932647705,0.35240063071250916,0.031645912353086315,0.18
34,octanol_gsolv_eV,248,0.1086730808019638,0.03343699499964714,0.6476997174670636,0.9621669305929417,7.542394161224365,0.048256028443574905,0.006397972236940406,0.08
34,octanol_gsolv_eV,249,0.35642388463020325,0.040073707699775696,0.6488153695513845,0.9237928056448745,9.219609260559082,1.6319659948349,0.17701032101396633,0.24
34,octanol_hl_gap_eV,0,0.19029748439788818,0.001859927666373551,0.6029046267625635,0.9308727381375399,0.28685805201530457,0.02894570119678974,0.1009060090641814,0.22
34,octanol_hl_gap_eV,1,0.04525379836559296,0.00117169797886163,0.6481884629537715,0.9700739311473718,0.3704700171947479,0.0015037026023492217,0.004058904992461936,0.16
34,octanol_hl_gap_eV,2,0.0337739922106266,0.0026504837442189455,0.5842375634899282,0.9727831126614146,0.5788384079933167,0.0013141389936208725,0.0022703037246209236,0.04
34,octanol_hl_gap_eV,3,0.05316424369812012,0.0008508244645781815,0.6889376777516567,0.9721138862573653,0.2886115610599518,0.0005057996604591608,0.0017525273713969263,0.14
34,octanol_hl_gap_eV,4,0.2212812900543213,0.00232252711430192,0.5791104453369849,0.8938233004123515,0.5445145964622498,0.07522090524435043,0.1381430465465316,0.1
34,octanol_hl_gap_eV,5,0.11705140769481659,0.0011893723858520389,0.6232933179275608,0.9667607314141711,0.2709648609161377,0.0011704550124704838,0.004319582282784386,0.1
34,octanol_hl_gap_eV,6,0.040930841118097305,0.0011081277625635266,0.6213208694627377,0.9743932278130467,0.2514614462852478,0.00260741519741714,0.010369045577107643,0.1
34,octanol_hl_gap_eV,7,0.10661108046770096,0.0018964387709274888,0.5907624788864185,0.9744938613559408,0.47682055830955505,0.0010429283138364553,0.00218725534304538,0.22
34,octanol_hl_gap_eV,8,0.1014772281050682,0.001154754194431007,0.6612990002321015,0.9722997050400422,0.30290570855140686,0.001643326715566218,0.005425208799877487,0.12
34,octanol_hl_gap_eV,9,0.06879673153162003,0.0014555234229192138,0.6215557953049355,0.9743981734253477,0.3884192109107971,0.0007231642957776785,0.0018618139254285176,0.2
34,octanol_hl_gap_eV,10,0.33974042534828186,0.0028311123605817556,0.6062869137678446,0.9071804464711566,0.6529378890991211,0.09504103660583496,0.14555907719946543,0.34
34,octanol_hl_gap_eV,11,0.04377802088856697,0.0011021445970982313,0.6546728213397808,0.9638946861229365,0.2873028516769409,0.0005019078380428255,0.0017469643448133894,0.02
34,octanol_hl_gap_eV,12,0.029697511345148087,0.003980099223554134,0.634358841698119,0.9705748887617676,0.7779642343521118,0.0011341477511450648,0.0014578404778332547,0.02
34,octanol_hl_gap_eV,13,0.12037202715873718,0.0009881906444206834,0.6605304402200172,0.9674640496867406,0.3183564841747284,0.0006028176285326481,0.001893530235752304,0.26
34,octanol_hl_gap_eV,14,0.04129736125469208,0.0016065140953287482,0.6272238450319778,0.971605346089444,0.241286963224411,0.0014334515435621142,0.005940857825082412,0.04
34,octanol_hl_gap_eV,15,0.2894475758075714,0.0007577288779430091,0.6776546058673605,0.9299711213108406,0.2810177803039551,0.04087689146399498,0.14546016063389877,0.18
34,octanol_hl_gap_eV,16,0.1777002364397049,0.0010672531789168715,0.6295623384608551,0.9010834594365387,0.32275909185409546,0.03210844472050667,0.09948114718026725,0.14
34,octanol_hl_gap_eV,17,0.07317294925451279,0.005033616442233324,0.6073048376092294,0.9408116569630582,0.8712799549102783,0.05832130089402199,0.06693749875150948,0.0
34,octanol_hl_gap_eV,18,0.07537715882062912,0.0009859484853222966,0.6279859825374194,0.9681802275904032,0.3120346963405609,0.0009079586598090827,0.002909800321750497,0.16
34,octanol_hl_gap_eV,19,0.05656451731920242,0.0011286637745797634,0.6267797208116974,0.976322150013659,0.23245200514793396,0.0012319046072661877,0.0052996084352216945,0.26
34,octanol_hl_gap_eV,20,0.03218784183263779,0.003478562692180276,0.6383218682737499,0.9782368060050266,0.6704888343811035,0.0080363554880023,0.011985815536242717,0.0
34,octanol_hl_gap_eV,21,0.03332362696528435,0.006122007966041565,0.6309260169743935,0.9810989540171953,1.4157731533050537,0.004217272624373436,0.0029787770834108682,0.08
34,octanol_hl_gap_eV,22,0.07391059398651123,0.0017610326176509261,0.6108382807617818,0.9759445249999539,0.4503706693649292,0.000987592269666493,0.002192843221915636,0.22
34,octanol_hl_gap_eV,23,0.1209307312965393,0.0020878163632005453,0.6202128811053764,0.9743338842557316,0.3762890100479126,0.003967687953263521,0.010544256800798723,0.1
34,octanol_hl_gap_eV,24,0.06349601596593857,0.003511372022330761,0.5999142910990505,0.9810788105374761,0.7480573654174805,0.0029806382954120636,0.003984504976765533,0.14
34,octanol_hl_gap_eV,25,0.25709307193756104,0.0019166303100064397,0.610197371237176,0.899643423233865,0.39125189185142517,0.06773202121257782,0.17311615003844766,0.18
34,octanol_hl_gap_eV,26,0.1108919233083725,0.001266097417101264,0.6201516208708981,0.9815481586989976,0.26233646273612976,0.0017217169515788555,0.006563010469919459,0.04
34,octanol_hl_gap_eV,27,0.07288523018360138,0.0009603454382158816,0.6552315091900529,0.9821656071783325,0.2669083774089813,0.0007072974112816155,0.002649963325047044,0.22
34,octanol_hl_gap_eV,28,0.1291908323764801,0.0015577987069264054,0.6228284665119754,0.9787005647250617,0.44920220971107483,0.000716195092536509,0.0015943712587637604,0.3
34,octanol_hl_gap_eV,29,0.06161333993077278,0.0010170910973101854,0.669522872830997,0.9823753531771597,0.31608784198760986,0.0026205764152109623,0.008290658693900934,0.26
34,octanol_hl_gap_eV,30,0.05062585696578026,0.0012390960473567247,0.6090113210715415,0.9581939850380536,0.3361686170101166,0.0007436035666614771,0.002211995793286972,0.1
34,octanol_hl_gap_eV,31,0.05083632469177246,0.003696643514558673,0.5768663223950472,0.976802421016705,0.770117461681366,0.003446887945756316,0.004475795079663389,0.16
34,octanol_hl_gap_eV,32,0.04270991310477257,0.0027036541141569614,0.6377920168487279,0.9755896139211018,0.5204148888587952,0.0009192363941110671,0.001766352988337512,0.08
34,octanol_hl_gap_eV,33,0.11890441924333572,0.0025582259986549616,0.6160670021763976,0.9772580141932186,0.6463956236839294,0.0027358762454241514,0.004232510470649355,0.1
34,octanol_hl_gap_eV,34,0.23914864659309387,0.0018447061302140355,0.6480101162777774,0.9491545917369559,0.4763587415218353,0.031044751405715942,0.06517094932809775,0.44
34,octanol_hl_gap_eV,35,0.021626923233270645,0.0017695212736725807,0.6222573716627777,0.9636680174201324,0.3214196562767029,0.0013558139326050878,0.00421820478657316,0.02
34,octanol_hl_gap_eV,36,0.06152023747563362,0.0014748157700523734,0.6049993492292249,0.9826579400107667,0.23057225346565247,0.003494069678708911,0.015153903499622126,0.2
34,octanol_hl_gap_eV,37,0.039749354124069214,0.010120846331119537,0.6358876109717404,0.9804967972888321,2.13657808303833,0.0025760226417332888,0.00120567680731333,0.04
34,octanol_hl_gap_eV,38,0.030948128551244736,0.0017153376247733831,0.6382070223205887,0.9622194053991997,0.3234911561012268,0.002550265984609723,0.007883572507347602,0.04
34,octanol_hl_gap_eV,39,0.08419354259967804,0.0013987096026539803,0.6159501620442276,0.9733020549521387,0.2820148169994354,0.001246989006176591,0.004421714502252864,0.12
34,octanol_hl_gap_eV,40,0.1239876076579094,0.001406853087246418,0.6340151328366195,0.9818243105207458,0.3378050625324249,0.0010278359986841679,0.003042689742358461,0.12
34,octanol_hl_gap_eV,41,0.11291403323411942,0.0011862079845741391,0.6367082121784431,0.9652241610272085,0.3052211105823517,0.001453311531804502,0.004761503976679831,0.2
34,octanol_hl_gap_eV,42,0.036409348249435425,0.00266576767899096,0.6331627972454212,0.9761999361649283,0.4902189075946808,0.0008534485823474824,0.0017409540291602227,0.02
34,octanol_hl_gap_eV,43,0.10065769404172897,0.0023811773862689734,0.6571974061197072,0.98479251148416,0.5450224876403809,0.005947009194642305,0.010911493249368982,0.1
34,octanol_hl_gap_eV,44,0.05682935565710068,0.0010588284349069,0.6614726072432016,0.9739730437380947,0.2955925464630127,0.0007394076092168689,0.0025014419952885734,0.02
34,octanol_hl_gap_eV,45,0.11930843442678452,0.0009261886007152498,0.6916778019433114,0.9711414007595462,0.3148169219493866,0.0013341805897653103,0.004237957037073781,0.28
34,octanol_hl_gap_eV,46,0.2739904224872589,0.0014928033342584968,0.6110271820053739,0.9165146927927448,0.4354155659675598,0.05058463290333748,0.11617552714481097,0.32
34,octanol_hl_gap_eV,47,0.018032630905508995,0.0013792604440823197,0.6226247891618681,0.9670770142736691,0.3135870397090912,0.0006571162375621498,0.0020954827666721946,0.02
34,octanol_hl_gap_eV,48,0.03885882347822189,0.0016028222162276506,0.6070575073891185,0.966950401620635,0.27963531017303467,0.00103730708360672,0.0037094996442503915,0.0
34,octanol_hl_gap_eV,49,0.09592660516500473,0.002590141724795103,0.6114443131537568,0.9715382655525149,0.518014132976532,0.004417066927999258,0.008526923585305669,0.1
34,octanol_hl_gap_eV,50,0.07223916053771973,0.0013304274762049317,0.6172919536454609,0.970100928453199,0.4156504273414612,0.001450752723030746,0.00349031933471089,0.18
34,octanol_hl_gap_eV,51,0.016250303015112877,0.0017645847983658314,0.6149774280105125,0.9627652503070707,0.43768805265426636,0.001601985888555646,0.0036601087894465984,0.1
34,octanol_hl_gap_eV,52,0.11098980903625488,0.001313385204412043,0.6002505655817445,0.9431370384766165,0.3732762336730957,0.01225728914141655,0.03283704676508047,0.1
34,octanol_hl_gap_eV,53,0.03072100691497326,0.0037838539574295282,0.624114541785425,0.9672270067995539,0.7067140936851501,0.0012020301073789597,0.0017008718491957498,0.04
34,octanol_hl_gap_eV,54,0.021394623443484306,0.0012256789486855268,0.6241605000592723,0.9602515437339951,0.2818591296672821,0.0018179944017902017,0.006450010698380555,0.04
34,octanol_hl_gap_eV,55,0.10746658593416214,0.0030893669463694096,0.5925309762893922,0.9831804983826031,0.44469448924064636,0.004628583788871765,0.010408457718411274,0.0
34,octanol_hl_gap_eV,56,0.04219634458422661,0.0007105970289558172,0.6560042904692012,0.9463090575734239,0.3142911493778229,0.0040692659094929695,0.012947440351243013,0.14
34,octanol_hl_gap_eV,57,0.02450539357960224,0.0025322572328150272,0.5803142911537813,0.9619818062122423,0.5402055978775024,0.0017939278623089194,0.003320824273864175,0.06
34,octanol_hl_gap_eV,58,0.10646414011716843,0.0018049958162009716,0.6001022414042394,0.9746772097673584,0.41925960779190063,0.001938951201736927,0.0046247030853955404,0.22
34,octanol_hl_gap_eV,59,0.07286249846220016,0.001607305952347815,0.6222052927394308,0.9735868635765494,0.26961880922317505,0.0016242077108472586,0.006024089029719111,0.02
34,octanol_hl_gap_eV,60,0.3582823574542999,0.0016346370102837682,0.6311404097067979,0.9011984880970236,0.2955978810787201,0.11432471871376038,0.38675757179502507,0.22
34,octanol_hl_gap_eV,61,0.06396162509918213,0.000946334155742079,0.6298157933638802,0.9756916717301989,0.2894948422908783,0.0010077543556690216,0.003481078791229211,0.24
34,octanol_hl_gap_eV,62,0.08536801487207413,0.0014769198605790734,0.6442569502450679,0.9701160392627866,0.2790469825267792,0.0020724665373563766,0.0074269448054593784,0.06
34,octanol_hl_gap_eV,63,0.03667592629790306,0.0014750710688531399,0.6030926715188338,0.9711588537559637,0.2944667637348175,0.0011513354256749153,0.003909899409604516,0.02
34,octanol_hl_gap_eV,64,0.10703589767217636,0.001986413262784481,0.6158921201499041,0.9833166797145776,0.25511178374290466,0.0020711265970021486,0.008118506196050037,0.04
34,octanol_hl_gap_eV,65,0.04680289700627327,0.0014392650919035077,0.6027590156356026,0.9706008892990443,0.2108239084482193,0.0008341557113453746,0.003956646651156515,0.12
34,octanol_hl_gap_eV,66,0.10676395148038864,0.0010574208572506905,0.627633599939476,0.9272687257044638,0.23180493712425232,0.007086216937750578,0.030569741204227313,0.14
34,octanol_hl_gap_eV,67,0.09903235733509064,0.0015614121221005917,0.6071737169783731,0.9739362220533607,0.34914615750312805,0.0039276620373129845,0.01124933484991252,0.28
34,octanol_hl_gap_eV,68,0.14862605929374695,0.0010095220059156418,0.692573313785467,0.9799426266207636,0.30145272612571716,0.0009604478254914284,0.0031860644879054285,0.24
34,octanol_hl_gap_eV,69,0.056370437145233154,0.0020568910986185074,0.6001884695374964,0.9776128336849361,0.4769590198993683,0.002366210101172328,0.004961034391742011,0.22
34,octanol_hl_gap_eV,70,0.06564478576183319,0.0009823773289099336,0.6408395246780811,0.9642576735262096,0.22495464980602264,0.0009410796337760985,0.00418341934513284,0.06
34,octanol_hl_gap_eV,71,0.03566398844122887,0.0008597980486229062,0.669872226774096,0.9767714568795511,0.29470589756965637,0.001044266507960856,0.003543419105530571,0.34
34,octanol_hl_gap_eV,72,0.03488953039050102,0.004514866508543491,0.5935689773690971,0.9655135059432374,0.9268493056297302,0.0017473384505137801,0.0018852454653635242,0.02
34,octanol_hl_gap_eV,73,0.11977560818195343,0.0010781197343021631,0.6690269511174498,0.9591243307152799,0.2916954755783081,0.005783057305961847,0.019825666800270054,0.1
34,octanol_hl_gap_eV,74,0.10992676019668579,0.001394955674186349,0.6212645384509121,0.9717465589645424,0.2621929943561554,0.0026693963445723057,0.01018103611474178,0.08
34,octanol_hl_gap_eV,75,0.1343856304883957,0.0009058545692823827,0.6791565419890175,0.9733539002473255,0.29989388585090637,0.0006987432134337723,0.002329968186751082,0.2
34,octanol_hl_gap_eV,76,0.13995996117591858,0.001471820054575801,0.6002986982599372,0.9683389010876984,0.3971188962459564,0.001216527190990746,0.0030633827865931803,0.22
34,octanol_hl_gap_eV,77,0.23968642950057983,0.002962087746709585,0.589110060482519,0.9081050867431655,0.6551176905632019,0.10861264169216156,0.1657910376359822,0.14
34,octanol_hl_gap_eV,78,0.2941649556159973,0.001223467173986137,0.6620192520659254,0.9010437389417494,0.3842010200023651,0.06631696969270706,0.1726100823269517,0.16
34,octanol_hl_gap_eV,79,0.05781346559524536,0.002442600205540657,0.601900023796138,0.967554797815537,0.5125522017478943,0.005846648011356592,0.011406931804055238,0.06
34,octanol_hl_gap_eV,80,0.047328609973192215,0.0013313356321305037,0.6298267999384142,0.9716851373402526,0.23246045410633087,0.0014509636675938964,0.006241765607711512,0.08
34,octanol_hl_gap_eV,81,0.06568378955125809,0.00189720478374511,0.5842283617937367,0.9779711528878454,0.39591822028160095,0.007416499778628349,0.01873240330630221,0.1
34,octanol_hl_gap_eV,82,0.05431083217263222,0.0011863303370773792,0.6413249271913566,0.9582008494940388,0.36914297938346863,0.0011292040580883622,0.0030589883084714883,0.06
34,octanol_hl_gap_eV,83,0.23158206045627594,0.002193307038396597,0.5896512210088203,0.9155844430727442,0.5060156583786011,0.043732140213251114,0.08642448013047595,0.22
34,octanol_hl_gap_eV,84,0.11340498924255371,0.0013806275092065334,0.6266283812828093,0.9708779222557942,0.26697537302970886,0.0008028757874853909,0.003007302802405102,0.12
34,octanol_hl_gap_eV,85,0.022573186084628105,0.0016124508110806346,0.6094251223321441,0.9661552096618324,0.2359977662563324,0.0006953872507438064,0.0029465840366832176,0.0
34,octanol_hl_gap_eV,86,0.11040515452623367,0.0012558269081637263,0.6408651738667308,0.9484149191906339,0.3331848382949829,0.004985205829143524,0.01496228296177723,0.06
34,octanol_hl_gap_eV,87,0.07394666969776154,0.0022498294711112976,0.6296361331284819,0.9781084761681267,0.4189434349536896,0.0008084262371994555,0.0019296787340487142,0.08
34,octanol_hl_gap_eV,88,0.041702914983034134,0.0011260408209636807,0.6421831518099066,0.9602816691231417,0.3663252890110016,0.0006739592063240707,0.0018397834562380708,0.02
34,octanol_hl_gap_eV,89,0.03968272730708122,0.0013015042059123516,0.6267867495438941,0.9714310698982846,0.2975650429725647,0.0017092532943934202,0.005744133374399802,0.02
34,octanol_hl_gap_eV,90,0.0897296741604805,0.002333653625100851,0.621162193825886,0.9603417955028692,0.38573402166366577,0.0012511183740571141,0.0032434742692932735,0.02
34,octanol_hl_gap_eV,91,0.19378161430358887,0.0014852095628157258,0.6085751838919766,0.9506565187900882,0.32414546608924866,0.008845048025250435,0.027287279788189546,0.14
34,octanol_hl_gap_eV,92,0.04468249902129173,0.0023104683496057987,0.6396786216083381,0.9590906375294095,0.436953067779541,0.0015673247398808599,0.003586940693300346,0.04
34,octanol_hl_gap_eV,93,0.02481704205274582,0.002040617633610964,0.6015313653599568,0.9558269664292127,0.4044091999530792,0.0021016313694417477,0.0051967941621644245,0.04
34,octanol_hl_gap_eV,94,0.06943633407354355,0.001293540233746171,0.6306252387047895,0.9755617494053268,0.33437538146972656,0.0006468346109613776,0.0019344564426910127,0.14
34,octanol_hl_gap_eV,95,0.26445242762565613,0.0015906430780887604,0.6152520951896956,0.8898861555906759,0.29845815896987915,0.06834592670202255,0.22899667724922249,0.2
34,octanol_hl_gap_eV,96,0.01724105514585972,0.003780268132686615,0.61831525332862,0.965485129463161,0.7432748675346375,0.0026256167329847813,0.003532497663608173,0.0
34,octanol_hl_gap_eV,97,0.08672966063022614,0.0025530909188091755,0.5929599502884146,0.9644995620430086,0.38486504554748535,0.0008002391550689936,0.0020792721093458163,0.06
34,octanol_hl_gap_eV,98,0.08565480262041092,0.0009772287448868155,0.6508084015827162,0.961506076218084,0.31611981987953186,0.001475042663514614,0.004666087257916093,0.12
34,octanol_hl_gap_eV,99,0.11583001911640167,0.003854888491332531,0.5901208857110587,0.9790360799224,0.8588696718215942,0.0024216971360147,0.0028196328447347234,0.12
34,octanol_hl_gap_eV,100,0.05819753557443619,0.001892855390906334,0.6220496277915137,0.9621199263399021,0.29566192626953125,0.0024642820935696363,0.008334796856201053,0.08
34,octanol_hl_gap_eV,101,0.03098672814667225,0.002653694013133645,0.6264001761016569,0.9747512333338673,0.5232914686203003,0.0012534908019006252,0.002395396976766225,0.06
34,octanol_hl_gap_eV,102,0.1184406653046608,0.0010500631760805845,0.6737887798671347,0.9739666869930885,0.28486958146095276,0.000612740230280906,0.002150950014173046,0.28
34,octanol_hl_gap_eV,103,0.08010410517454147,0.002452046377584338,0.5795218003521503,0.9750940016203831,0.5325804948806763,0.005213859956711531,0.009789806436451802,0.04
34,octanol_hl_gap_eV,104,0.07152888178825378,0.0008229574887081981,0.637088529415859,0.93769189154316,0.3184832036495209,0.0035035726614296436,0.011000808272718826,0.1
34,octanol_hl_gap_eV,105,0.0474904365837574,0.0012336503714323044,0.6336863771058028,0.9664467782970219,0.27687472105026245,0.0005116023821756244,0.001847775702436737,0.04
34,octanol_hl_gap_eV,106,0.06678440421819687,0.0010341600282117724,0.6162031350003041,0.9615577169314187,0.24112658202648163,0.003157851053401828,0.01309623778043276,0.02
34,octanol_hl_gap_eV,107,0.05645798146724701,0.001396015752106905,0.6374689136183855,0.966888271621068,0.30378544330596924,0.0006048191571608186,0.001990941865346891,0.18
34,octanol_hl_gap_eV,108,0.20658446848392487,0.003075017360970378,0.6104748718588864,0.9237988743654502,0.6203806400299072,0.06863037496805191,0.11062623579733788,0.18
34,octanol_hl_gap_eV,109,0.025279853492975235,0.0008999421261250973,0.6732569500755043,0.9684734656021903,0.281875342130661,0.0009577040327712893,0.003397615504542265,0.04
34,octanol_hl_gap_eV,110,0.06101441755890846,0.0009009742643684149,0.6767964447729482,0.9520447036397257,0.27517855167388916,0.0007396132568828762,0.0026877576482028406,0.08
34,octanol_hl_gap_eV,111,0.062075886875391006,0.0010067324619740248,0.6444242042699402,0.9672194791970998,0.24419422447681427,0.0012183703947812319,0.004989349757929732,0.14
34,octanol_hl_gap_eV,112,0.35649222135543823,0.0020180451683700085,0.6349837062464625,0.908515999525707,0.4667762517929077,0.14401084184646606,0.30852221228760934,0.28
34,octanol_hl_gap_eV,113,0.11073817312717438,0.001656165812164545,0.6079921882506618,0.9668702584488551,0.33527621626853943,0.0032286483328789473,0.009629816182049018,0.06
34,octanol_hl_gap_eV,114,0.021259013563394547,0.0007852740818634629,0.6445421672948661,0.9577499862694216,0.28958362340927124,0.0008982789004221559,0.003101967196372185,0.04
34,octanol_hl_gap_eV,115,0.015877583995461464,0.0012611892307177186,0.6286237169891675,0.9641212720766374,0.27564623951911926,0.000605630804784596,0.0021971306622617227,0.02
34,octanol_hl_gap_eV,116,0.04738200083374977,0.0020949312020093203,0.5798998806181013,0.9666040699444685,0.4791625142097473,0.0005875458009541035,0.0012261931673079767,0.04
34,octanol_hl_gap_eV,117,0.06143457069993019,0.0018924896139651537,0.6307180919696118,0.9727482607291364,0.5067011713981628,0.0014899132074788213,0.002940417925949605,0.22
34,octanol_hl_gap_eV,118,0.12704095244407654,0.001789808738976717,0.6247334340295903,0.9787980958109939,0.4625200629234314,0.0020118863321840763,0.004349835809213615,0.1
34,octanol_hl_gap_eV,119,0.03848615288734436,0.002896954771131277,0.5939802021402576,0.9702855664030687,0.44978660345077515,0.003217053133994341,0.0071523987360073,0.02
34,octanol_hl_gap_eV,120,0.2691594958305359,0.0009471824741922319,0.669334747679496,0.9065918010659395,0.2835589349269867,0.04788101464509964,0.16885736525081982,0.16
34,octanol_hl_gap_eV,121,0.3242022693157196,0.0013965758262202144,0.6076518295215816,0.9151000926926038,0.34604230523109436,0.0887470468878746,0.2564629975765751,0.24
34,octanol_hl_gap_eV,122,0.05552884191274643,0.0026858465280383825,0.5892445428688395,0.9707391128026428,0.46026697754859924,0.001325796591117978,0.002880494703702675,0.04
34,octanol_hl_gap_eV,123,0.06522892415523529,0.001077333465218544,0.6251534816051332,0.9694984351310074,0.28893372416496277,0.001170009491033852,0.004049404389934943,0.04
34,octanol_hl_gap_eV,124,0.041533634066581726,0.002132682129740715,0.6226468568977575,0.9755058009436299,0.38433292508125305,0.0008250772953033447,0.00214677755003403,0.02
34,octanol_hl_gap_eV,125,0.08986514061689377,0.0022748413030058146,0.6498703823244227,0.9870447266166922,0.40992727875709534,0.009731207974255085,0.023738864131609465,0.08
34,octanol_hl_gap_eV,126,0.14432138204574585,0.0012405195739120245,0.6436762511169605,0.9686604226416131,0.3558889925479889,0.0006722802063450217,0.001889016576578636,0.24
34,octanol_hl_gap_eV,127,0.13170675933361053,0.0010652733035385609,0.653693939892926,0.96989588662923,0.28838568925857544,0.0016070193378254771,0.005572465616990358,0.22
34,octanol_hl_gap_eV,128,0.05348898842930794,0.0018622438656166196,0.6351458073785596,0.9744480242149713,0.35927456617355347,0.0020529255270957947,0.005714085327443121,0.08
34,octanol_hl_gap_eV,129,0.06597546488046646,0.0060969251208007336,0.6066231618486926,0.9734423849511107,1.2450401782989502,0.005111359525471926,0.004105377171406128,0.02
34,octanol_hl_gap_eV,130,0.03492729738354683,0.001398920314386487,0.6227046760123447,0.9568666561066981,0.3236219882965088,0.00044697406701743603,0.001381160993943062,0.04
34,octanol_hl_gap_eV,131,0.08077143877744675,0.0009227262926287949,0.6347077317870269,0.9663020379082117,0.27443772554397583,0.0015076897107064724,0.005493740730134715,0.18
34,octanol_hl_gap_eV,132,0.10926220566034317,0.001386349438689649,0.6287592723717392,0.9755212263029167,0.27632206678390503,0.0012796319788321853,0.00463094386100155,0.16
34,octanol_hl_gap_eV,133,0.06397759169340134,0.001409436110407114,0.6357394997736276,0.9434461907922855,0.3398688733577728,0.008670869283378124,0.025512395994706116,0.02
34,octanol_hl_gap_eV,134,0.04390794783830643,0.002404353814199567,0.6304438837513524,0.9661111224358623,0.44628363847732544,0.0008023135014809668,0.001797765887672645,0.02
34,octanol_hl_gap_eV,135,0.06724948436021805,0.0019624049309641123,0.6383182516676678,0.9780525919825271,0.37567561864852905,0.0011016380740329623,0.0029324183400457034,0.08
34,octanol_hl_gap_eV,136,0.07410278171300888,0.0011155224638059735,0.6407488046575098,0.9675085877142446,0.32035425305366516,0.0006877273553982377,0.002146771422082637,0.06
34,octanol_hl_gap_eV,137,0.05871838331222534,0.0011349145788699389,0.6118943048825829,0.9699041205464474,0.2711074948310852,0.001708405208773911,0.006301578677632431,0.2
34,octanol_hl_gap_eV,138,0.41611579060554504,0.0012695376062765718,0.6363349001498795,0.9203175284853986,0.3378612995147705,0.05318072438240051,0.15740401300408655,0.22
34,octanol_hl_gap_eV,139,0.06614426523447037,0.001109389471821487,0.6699136425157415,0.930986776323601,0.2783001661300659,0.010217412374913692,0.03671364094744557,0.04
34,octanol_hl_gap_eV,140,0.124110147356987,0.0014190648216754198,0.6452850659909273,0.9738425175416912,0.3276802599430084,0.0015703730750828981,0.004792394498698287,0.16
34,octanol_hl_gap_eV,141,0.11585436016321182,0.0010484273079782724,0.6243811718569969,0.9561951609020536,0.30649450421333313,0.0015729926526546478,0.005132205083715884,0.08
34,octanol_hl_gap_eV,142,0.09004248678684235,0.0016204153653234243,0.6362844332214592,0.9805703255716189,0.39415082335472107,0.008564581163227558,0.021729197697298107,0.26
34,octanol_hl_gap_eV,143,0.07446575164794922,0.0019498164765536785,0.6000665195735582,0.9852631695504346,0.43202880024909973,0.0022325629834085703,0.005167625357664388,0.24
34,octanol_hl_gap_eV,144,0.10383658856153488,0.0008623544126749039,0.6737094997590285,0.9432936299035146,0.2923011779785156,0.010235105641186237,0.03501561544147635,0.06
34,octanol_hl_gap_eV,145,0.08431030064821243,0.0017843634122982621,0.6149568422506488,0.9807086821031183,0.3862220048904419,0.0009793348144739866,0.002535678449372119,0.16
34,octanol_hl_gap_eV,146,0.10931725054979324,0.001154064666479826,0.6421563786343838,0.9745487863419959,0.2805735170841217,0.0009403860894963145,0.0033516566327048162,0.22
34,octanol_hl_gap_eV,147,0.09682688862085342,0.0009420681744813919,0.6255837260743962,0.9715884035973861,0.23933085799217224,0.0007939966162666678,0.003317568920814369,0.28
34,octanol_hl_gap_eV,148,0.2723289132118225,0.0011965058511123061,0.6686853203095169,0.9436317930093061,0.32596883177757263,0.02163306437432766,0.06636543824254078,0.26
34,octanol_hl_gap_eV,149,0.044037237763404846,0.0010779614094644785,0.6162088085122104,0.9721668087561479,0.2377573698759079,0.001058940659277141,0.004453871019139517,0.0
34,octanol_hl_gap_eV,150,0.04674091190099716,0.0013376963324844837,0.6131242187860613,0.9716801346169599,0.331137090921402,0.0012725383276119828,0.0038429350335569324,0.1
34,octanol_hl_gap_eV,151,0.0859079509973526,0.0013204310089349747,0.6478082113614587,0.9762274405437217,0.3303931951522827,0.001291237655095756,0.003908184775115018,0.2
34,octanol_hl_gap_eV,152,0.05807685852050781,0.001773649244569242,0.6020650982675213,0.9682138560801281,0.3364277482032776,0.005253490526229143,0.015615508989035173,0.06
34,octanol_hl_gap_eV,153,0.08416900038719177,0.005271758884191513,0.6182162878796484,0.9470054119058917,1.0575764179229736,0.022978920489549637,0.021727905520698986,0.02
34,octanol_hl_gap_eV,154,0.11610359698534012,0.000960379489697516,0.6757855093524359,0.9653269000042757,0.3247813582420349,0.0007402817718684673,0.0022793234681800657,0.18
34,octanol_hl_gap_eV,155,0.07872951030731201,0.0009896327974274755,0.6252378349831242,0.9589576072956076,0.2643810510635376,0.004607317503541708,0.017426806819201467,0.26
34,octanol_hl_gap_eV,156,0.05266447737812996,0.0027630559634417295,0.6220665304189161,0.9803074531570153,0.4687734842300415,0.00747635355219245,0.015948755216972924,0.06
34,octanol_hl_gap_eV,157,0.22349286079406738,0.0017038817750290036,0.621743403492278,0.9126831102465389,0.37364035844802856,0.08140552788972855,0.2178713462000161,0.06
34,octanol_hl_gap_eV,158,0.29039663076400757,0.0019227602751925588,0.6106446549904652,0.9528434665187979,0.49198633432388306,0.03397029638290405,0.06904723569118654,0.28
34,octanol_hl_gap_eV,159,0.020665442571043968,0.001074635423719883,0.612723597315491,0.9633979673493402,0.233856663107872,0.0007455305894836783,0.0031879809605415625,0.12
34,octanol_hl_gap_eV,160,0.13735294342041016,0.0015492666279897094,0.6279321124146218,0.9664992929341272,0.38767001032829285,0.0013985134428367019,0.003607484214867151,0.14
34,octanol_hl_gap_eV,161,0.027315480634570122,0.0009928144281730056,0.6587904282725607,0.9667795162113801,0.26538240909576416,0.0009856964461505413,0.0037142493713471767,0.14
34,octanol_hl_gap_eV,162,0.0908859446644783,0.0010306966723874211,0.6322366874841616,0.9731823510674558,0.28955352306365967,0.0008531759958714247,0.002946522587065363,0.1
34,octanol_hl_gap_eV,163,0.08376310765743256,0.002187859732657671,0.5947761675042298,0.9770538576319223,0.5446460843086243,0.00122705043759197,0.002252931716473446,0.16
34,octanol_hl_gap_eV,164,0.08837160468101501,0.0009336702642031014,0.6638931856806203,0.9648583706751581,0.31920281052589417,0.00101466104388237,0.003178734680345364,0.08
34,octanol_hl_gap_eV,165,0.03830071538686752,0.0013200915418565273,0.5947115164718524,0.9618202173846566,0.24700886011123657,0.0007482360233552754,0.003029186981464224,0.06
34,octanol_hl_gap_eV,166,0.11086965352296829,0.0016749011119827628,0.6241393500572128,0.9375764830658329,0.4506290555000305,0.011550109833478928,0.02563108102441953,0.04
34,octanol_hl_gap_eV,167,0.08600343763828278,0.002871441189199686,0.6285075885218303,0.9313999370045316,0.5347371101379395,0.022454271093010902,0.04199123394899347,0.04
34,octanol_hl_gap_eV,168,0.055855605751276016,0.002383328741416335,0.6273441666461652,0.9745691515671027,0.3725881576538086,0.003692283295094967,0.009909824612637482,0.04
34,octanol_hl_gap_eV,169,0.020694391801953316,0.002162924502044916,0.6228953863967823,0.9788879356827636,0.5550824403762817,0.002209635218605399,0.003980733415215805,0.02
34,octanol_hl_gap_eV,170,0.1350805014371872,0.0012432647636160254,0.6384614764112309,0.9612263128418763,0.3069458603858948,0.0019948610570281744,0.006499064866097947,0.1
34,octanol_hl_gap_eV,171,0.061065614223480225,0.0011217993451282382,0.6154848013859733,0.962258754357872,0.25215885043144226,0.0010999753139913082,0.0043622316333900525,0.02
34,octanol_hl_gap_eV,172,0.047703299671411514,0.001293682144023478,0.6427884175393215,0.9689573971775824,0.31073859333992004,0.0009542953921481967,0.003071055261887871,0.0
34,octanol_hl_gap_eV,173,0.40423792600631714,0.0024326907005161047,0.6547585686456516,0.9169480494625311,0.5976765751838684,0.0989856943488121,0.16561749022598096,0.26
34,octanol_hl_gap_eV,174,0.05862228572368622,0.0028450307436287403,0.6234482783490591,0.9885189754497441,0.6714704036712646,0.0025040151085704565,0.0037291518656365984,0.2
34,octanol_hl_gap_eV,175,0.05644164979457855,0.004399770870804787,0.6396741239991712,0.9716536828424356,0.9198223352432251,0.002024624263867736,0.0022011036113102995,0.06
34,octanol_hl_gap_eV,176,0.028083113953471184,0.002411874243989587,0.6046693124386926,0.977122782206723,0.5851756930351257,0.001790351583622396,0.003059511194554912,0.06
34,octanol_hl_gap_eV,177,0.04842829704284668,0.003709362354129553,0.6365833320503305,0.9363540542361366,0.7236213088035583,0.0354590117931366,0.049002166411827794,0.02
34,octanol_hl_gap_eV,178,0.04283466562628746,0.0012634056620299816,0.6448323019506992,0.9722816832319541,0.32083258032798767,0.0007244666339829564,0.0022580831199946493,0.08
34,octanol_hl_gap_eV,179,0.10869186371564865,0.0011612921953201294,0.6549768402730496,0.9814343687875089,0.3040062189102173,0.001242221100255847,0.0040861700287214,0.12
34,octanol_hl_gap_eV,180,0.17290832102298737,0.007304017432034016,0.6070827223458322,0.914106570890661,1.5531703233718872,0.24328017234802246,0.15663457425575086,0.12
34,octanol_hl_gap_eV,181,0.03433084115386009,0.003125895047560334,0.5801757742129614,0.9640141502032751,0.7031574845314026,0.0012138631427660584,0.0017263033807782048,0.02
34,octanol_hl_gap_eV,182,0.04061160981655121,0.0007518203929066658,0.6460788513242208,0.9478005680113284,0.26203635334968567,0.0016467057866975665,0.006284264628351201,0.08
34,octanol_hl_gap_eV,183,0.07178537547588348,0.0013321596197783947,0.6231462433102213,0.9640935300326972,0.230807825922966,0.0006545581272803247,0.0028359442521623543,0.08
34,octanol_hl_gap_eV,184,0.25407031178474426,0.0017570084892213345,0.6230725835440347,0.910005167414667,0.3600925803184509,0.059638649225234985,0.16562032234180732,0.22
34,octanol_hl_gap_eV,185,0.07017078250646591,0.0015932389069348574,0.6089264723453562,0.972874387106337,0.29357048869132996,0.0014218087308108807,0.004843159600779284,0.2
34,octanol_hl_gap_eV,186,0.016249699518084526,0.0013559275539591908,0.6231657423267416,0.9681596826030081,0.264022558927536,0.0006808325997553766,0.002578691012317015,0.04
34,octanol_hl_gap_eV,187,0.08739186823368073,0.0012931423261761665,0.6098714918259893,0.9847023341422942,0.3473542332649231,0.0025362062733620405,0.007301498097556523,0.24
34,octanol_hl_gap_eV,188,0.05945102125406265,0.0022657527588307858,0.5892529513154765,0.9819216410868155,0.5027620196342468,0.005488740745931864,0.010917174590723569,0.08
34,octanol_hl_gap_eV,189,0.03974354267120361,0.0012963637709617615,0.6175104232142705,0.9762071555151763,0.34818997979164124,0.0019264966249465942,0.005532889332712619,0.04
34,octanol_hl_gap_eV,190,0.03876109421253204,0.0008795701432973146,0.660538497599102,0.9676921774297673,0.2826138734817505,0.0005531913484446704,0.0019574104470861803,0.04
34,octanol_hl_gap_eV,191,0.1295396387577057,0.0014447378925979137,0.6396575618261846,0.9734446168477997,0.32331109046936035,0.0018200830090790987,0.005629509975784716,0.18
34,octanol_hl_gap_eV,192,0.03315689414739609,0.0017780715133994818,0.6049845578150383,0.9494161083290944,0.42138469219207764,0.003203039290383458,0.007601223655565145,0.1
34,octanol_hl_gap_eV,193,0.05625784769654274,0.0010052357101812959,0.6058714103063909,0.9624284479667811,0.34005576372146606,0.0014450871385633945,0.004249559315651068,0.02
34,octanol_hl_gap_eV,194,0.04885108396410942,0.0017871505115181208,0.6068913446140816,0.9706754037675858,0.3510270416736603,0.0013783789472654462,0.00392670302747469,0.02
34,octanol_hl_gap_eV,195,0.12510523200035095,0.0013872950803488493,0.6690254906341435,0.9703251715580483,0.34020552039146423,0.0030066375620663166,0.008837709507496143,0.16
34,octanol_hl_gap_eV,196,0.05851089954376221,0.0014239271404221654,0.6237071903662401,0.9646624688558572,0.2981318533420563,0.0014860208611935377,0.004984441764726757,0.04
34,octanol_hl_gap_eV,197,0.4437115490436554,0.0017606326146051288,0.6164435422361039,0.9012718831529236,0.35856300592422485,0.11924193054437637,0.33255502819377797,0.38
34,octanol_hl_gap_eV,198,0.06390709429979324,0.0011305431835353374,0.6296769720858373,0.9618536457679969,0.3009035885334015,0.0007103304960764945,0.002360658108261959,0.12
34,octanol_hl_gap_eV,199,0.025955215096473694,0.002963586710393429,0.6193414655462277,0.9574572211035997,0.6866430044174194,0.0018090190133079886,0.0026345844953926914,0.08
34,octanol_hl_gap_eV,200,0.09421863406896591,0.001111126272007823,0.638019047445342,0.9658588978613079,0.3060418665409088,0.0008402650128118694,0.002745588446146634,0.2
34,octanol_hl_gap_eV,201,0.056430716067552567,0.0014012835454195738,0.6058358591644257,0.965808628467234,0.2819879353046417,0.0007739589782431722,0.0027446528072452335,0.06
34,octanol_hl_gap_eV,202,0.0555085614323616,0.0014621149748563766,0.6425313223542022,0.958014109990396,0.30683496594429016,0.000592782162129879,0.0019319250669674532,0.02
34,octanol_hl_gap_eV,203,0.04959314316511154,0.0009174401056952775,0.6401438740226784,0.9703371023379306,0.31547650694847107,0.0024180386681109667,0.007664718655281426,0.14
34,octanol_hl_gap_eV,204,0.08131443709135056,0.0020579369738698006,0.5916830157702913,0.9702839697835859,0.27978435158729553,0.00109501660335809,0.003913787876790649,0.0
34,octanol_hl_gap_eV,205,0.07790611684322357,0.0010748225031420588,0.6450275699299406,0.9698455972760414,0.2717544138431549,0.0015944929327815771,0.005867403992569006,0.24
34,octanol_hl_gap_eV,206,0.17084428668022156,0.0013684423174709082,0.6278338999823112,0.9254562563168591,0.31852489709854126,0.01513972133398056,0.04753073141813722,0.18
34,octanol_hl_gap_eV,207,0.06708542257547379,0.0020060501992702484,0.6120022657923949,0.9807430641599215,0.38187095522880554,0.003350040642544627,0.008772703439928769,0.06
34,octanol_hl_gap_eV,208,0.0720415860414505,0.0012054054532200098,0.6390993989847245,0.9845362237198871,0.36887022852897644,0.002166078658774495,0.005872197025530186,0.08
34,octanol_hl_gap_eV,209,0.04832494631409645,0.002371835755184293,0.6135659549189671,0.9777526669819747,0.4350645840167999,0.0015271680895239115,0.003510210082889533,0.02
34,octanol_hl_gap_eV,210,0.09229884296655655,0.0013663687277585268,0.6368169390536311,0.9760001294844962,0.39152461290359497,0.0018094066763296723,0.004621437878224024,0.02
34,octanol_hl_gap_eV,211,0.06278260797262192,0.0015959525480866432,0.6044921404404415,0.9773492329876812,0.3437547981739044,0.002336252713575959,0.006796276665770515,0.08
34,octanol_hl_gap_eV,212,0.23946581780910492,0.0013030734844505787,0.6030246354539028,0.9314868526651265,0.20093947649002075,0.05454816296696663,0.27146563691617687,0.1
34,octanol_hl_gap_eV,213,0.045269254595041275,0.0040632132440805435,0.6095259908938031,0.9874249664899888,0.8381050229072571,0.005817021243274212,0.006940682950563716,0.04
34,octanol_hl_gap_eV,214,0.052824247628450394,0.0014869088772684336,0.6129155643738999,0.9798506744598474,0.3459179103374481,0.0007955313776619732,0.002299769262845975,0.26
34,octanol_hl_gap_eV,215,0.015395764261484146,0.0012180842459201813,0.6169542253617721,0.9634967791761055,0.3117077946662903,0.0005379765061661601,0.001725900074915065,0.06
34,octanol_hl_gap_eV,216,0.12331956624984741,0.0018688716227188706,0.6123032244553337,0.9818012977667658,0.3111523985862732,0.002356200013309717,0.007572495098913447,0.16
34,octanol_hl_gap_eV,217,0.017893264070153236,0.0019083210499957204,0.5914353350576604,0.9599355032927253,0.39111748337745667,0.0008696345612406731,0.0022234612314720095,0.04
34,octanol_hl_gap_eV,218,0.09625257551670074,0.0011202850146219134,0.6361873252743686,0.9618931318489665,0.2701917588710785,0.0022612502798438072,0.008369057181062131,0.14
34,octanol_hl_gap_eV,219,0.0889832153916359,0.0008954331860877573,0.6873573828391464,0.9370379281286023,0.29226163029670715,0.0028012488037347794,0.009584729958875961,0.12
34,octanol_hl_gap_eV,220,0.13098077476024628,0.0013555181212723255,0.6316468202292891,0.9762232804416533,0.3952210545539856,0.0009196466999128461,0.002326917276587617,0.2
34,octanol_hl_gap_eV,221,0.04909345507621765,0.0046494645066559315,0.630617963364088,0.97685261487093,0.885262668132782,0.0027757391799241304,0.00313549783566361,0.0
34,octanol_hl_gap_eV,222,0.08524670451879501,0.0016103758243843913,0.6117659214958873,0.9782204222648656,0.3882257342338562,0.0020433240570127964,0.0052632370212273355,0.1
34,octanol_hl_gap_eV,223,0.12943795323371887,0.002442639786750078,0.6295366497880839,0.9437174440350182,0.49369943141937256,0.022912772372364998,0.04641036815961362,0.28
34,octanol_hl_gap_eV,224,0.09157657623291016,0.0009569524554535747,0.6752364007390523,0.9788383714456943,0.3026348650455475,0.0008295755251310766,0.0027411763182217056,0.24
34,octanol_hl_gap_eV,225,0.03191029280424118,0.0017708177911117673,0.5879592408097025,0.9550618755598501,0.40316757559776306,0.0009548426023684442,0.00236835167350135,0.1
34,octanol_hl_gap_eV,226,0.05557049810886383,0.0015498182037845254,0.6060367540203333,0.9727976679857264,0.4226974546909332,0.0014153039082884789,0.0033482669284661693,0.16
34,octanol_hl_gap_eV,227,0.10149723291397095,0.0023576205130666494,0.6517437057712852,0.9860036714957714,0.5489171743392944,0.0033775577321648598,0.006153128176815138,0.24
34,octanol_hl_gap_eV,228,0.1032649427652359,0.0018630542326718569,0.6279464799836885,0.9688033965088325,0.37148600816726685,0.0022537491749972105,0.006066848078925298,0.08
34,octanol_hl_gap_eV,229,0.09726444631814957,0.004494764376431704,0.6356152004305438,0.8971907779953616,0.8996655941009521,0.05754784494638443,0.06396581721444262,0.04
34,octanol_hl_gap_eV,230,0.43400976061820984,0.0014782139332965016,0.6152113612068126,0.9246249241638005,0.268934965133667,0.11790037155151367,0.4383973333215129,0.5
34,octanol_hl_gap_eV,231,0.047899145632982254,0.001245933468453586,0.6260638507755254,0.9635746742734705,0.27216753363609314,0.00403287960216403,0.014817636579520427,0.06
34,octanol_hl_gap_eV,232,0.0468645878136158,0.0016882314812391996,0.6049210781011949,0.9540712943121419,0.20179031789302826,0.002371585462242365,0.011752721770821402,0.0
34,octanol_hl_gap_eV,233,0.19380433857440948,0.0021124710328876972,0.6178944184232777,0.9042762576791474,0.41176629066467285,0.06523053348064423,0.15841640017532554,0.18
34,octanol_hl_gap_eV,234,0.02060965821146965,0.003534025279805064,0.6346440835660019,0.9781974194366845,0.6919344067573547,0.002588400151580572,0.0037408172310880094,0.0
34,octanol_hl_gap_eV,235,0.042454998940229416,0.0017089624889194965,0.6188615513791258,0.9665402225256869,0.38852983713150024,0.001324942335486412,0.0034101430800486435,0.06
34,octanol_hl_gap_eV,236,0.0849950909614563,0.001286570099182427,0.6340958170638649,0.970289007154991,0.35270941257476807,0.001191320945508778,0.003377627313124907,0.2
34,octanol_hl_gap_eV,237,0.09221841394901276,0.001502049039117992,0.6096778037874266,0.9638356194681796,0.3525126576423645,0.000766659271903336,0.0021748418256264056,0.22
34,octanol_hl_gap_eV,238,0.051858339458703995,0.0022872136905789375,0.6358413540591568,0.9747260911948075,0.38484641909599304,0.0018889388302341104,0.00490829259804792,0.02
34,octanol_hl_gap_eV,239,0.06705266982316971,0.0012537346919998527,0.6590381295615384,0.9753868714758351,0.3599815368652344,0.0008621624438092113,0.002395018509329764,0.12
34,octanol_hl_gap_eV,240,0.11032626032829285,0.0015705378027632833,0.6140547033812809,0.9830846633889303,0.2062976211309433,0.004697930067777634,0.022772584783203664,0.12
34,octanol_hl_gap_eV,241,0.12871845066547394,0.0038227010518312454,0.6197977892697264,0.9811741221511603,0.8151624798774719,0.0047967988066375256,0.005884469569009774,0.1
34,octanol_hl_gap_eV,242,0.05111820250749588,0.0014426343841478229,0.6160552350800692,0.9756961089504042,0.34342053532600403,0.0005767347174696624,0.0016793833162078579,0.1
34,octanol_hl_gap_eV,243,0.033394668251276016,0.0015578374732285738,0.6210809915094924,0.9823925148565227,0.39137646555900574,0.000752252119127661,0.0019220678434335955,0.18
34,octanol_hl_gap_eV,244,0.036388833075761795,0.0010084243258461356,0.663519677599347,0.9702206970811404,0.26380282640457153,0.0011174555402249098,0.004235949839715383,0.06
34,octanol_hl_gap_eV,245,0.021736370399594307,0.0015837820246815681,0.6089797517585018,0.9640233945402041,0.3068745732307434,0.0007549609872512519,0.002460161424594751,0.08
34,octanol_hl_gap_eV,246,0.0652550756931305,0.001795473974198103,0.6326412748117849,0.9757035917571966,0.4878706634044647,0.0007720222347415984,0.0015824321744502198,0.24
34,octanol_hl_gap_eV,247,0.0402456596493721,0.0033400608226656914,0.628404460904193,0.9743464404762376,0.5903224349021912,0.0015203970251604915,0.0025755365801274376,0.02
34,octanol_hl_gap_eV,248,0.28218939900398254,0.0014069030294194818,0.614251605201904,0.9225002780316991,0.4129803478717804,0.040803175419569016,0.09880173628077173,0.14
34,octanol_hl_gap_eV,249,0.37612733244895935,0.001169871655292809,0.6517721043551481,0.9126692796527258,0.2996462285518646,0.054073285311460495,0.1804570862539695,0.28
34,octanol_dipole,0,0.07173284143209457,0.032350290566682816,0.5850792152021795,0.9673295501221184,6.036305904388428,0.009016545489430428,0.0014937191110336787,0.0
34,octanol_dipole,1,0.07889799773693085,0.029272129759192467,0.5847660800858792,0.9723445568314393,5.474774360656738,0.006024043075740337,0.001100327187734128,0.02
34,octanol_dipole,2,0.1736282855272293,0.025446632876992226,0.5844002407988027,0.9134378531051801,4.799169540405273,0.24930164217948914,0.051946829567191426,0.02
34,octanol_dipole,3,0.06410004943609238,0.024356894195079803,0.5839046166436535,0.9642238261059668,4.535933017730713,0.012151629664003849,0.002678970261797032,0.04
34,octanol_dipole,4,0.2600543797016144,0.02640448696911335,0.5845479987633244,0.8865561777426123,4.978337287902832,0.6014803051948547,0.12081951672025693,0.1
34,octanol_dipole,5,0.10623036324977875,0.026899149641394615,0.5841629403018649,0.9407070108045616,5.026848316192627,0.05219023674726486,0.010382297906055408,0.02
34,octanol_dipole,6,0.26888909935951233,0.018035458400845528,0.5869736922120699,0.9217666093242038,3.3660550117492676,0.46765634417533875,0.13893306631738844,0.06
34,octanol_dipole,7,0.17387481033802032,0.02625366300344467,0.5827480334014346,0.9247971250144869,4.914713382720947,0.29072102904319763,0.05915320109313168,0.04
34,octanol_dipole,8,0.10825451463460922,0.03457469120621681,0.5783083111050531,0.953124726431078,6.35963249206543,0.043275147676467896,0.006804661704974299,0.04
34,octanol_dipole,9,0.0782238021492958,0.03398919850587845,0.5899803495928941,0.9742964540192616,6.6426167488098145,0.0073348283767700195,0.001104207672087093,0.02
34,octanol_dipole,10,0.0668596401810646,0.030308939516544342,0.5827331432407084,0.9618535958277064,5.660048961639404,0.009057320654392242,0.0016002194885199076,0.06
34,octanol_dipole,11,0.13868539035320282,0.03088993765413761,0.5834557797944522,0.925950954030899,5.759555816650391,0.09335324913263321,0.016208411222052372,0.04
34,octanol_dipole,12,0.08161615580320358,0.031084375455975533,0.5896197160272678,0.970510037187915,5.781301498413086,0.005726095288991928,0.000990450902891622,0.04
34,octanol_dipole,13,0.10345408320426941,0.025364724919199944,0.5837509311399971,0.9380471591466317,4.74593448638916,0.016385536640882492,0.0034525416833870093,0.02
34,octanol_dipole,14,0.15931819379329681,0.02901473641395569,0.5836360502903557,0.9067125531674796,5.414173126220703,0.25990307331085205,0.048004204382040915,0.04
34,octanol_dipole,15,0.04450177773833275,0.029915351420640945,0.582604330739904,0.9725431978222727,5.5777435302734375,0.024865824729204178,0.004458043758061637,0.02
34,octanol_dipole,16,0.08693678677082062,0.022421829402446747,0.5841572413948266,0.9454684744747379,4.16592264175415,0.03040919452905655,0.007299510131146389,0.02
34,octanol_dipole,17,0.05224700644612312,0.020226528868079185,0.5843984176102104,0.954339980100094,3.763795852661133,0.02963293343782425,0.007873151094757901,0.02
34,octanol_dipole,18,0.06274387985467911,0.018290866166353226,0.5824756875388977,0.9583636316650559,3.3453614711761475,0.007713732775300741,0.002305799490357848,0.0
34,octanol_dipole,19,0.07847312092781067,0.027246853336691856,0.5842110001593608,0.9616594139491943,5.104564666748047,0.006360250525176525,0.0012459927418704709,0.02
34,octanol_dipole,20,0.033796317875385284,0.02515481784939766,0.5856990948383498,0.9567364580749915,4.810097694396973,0.0054060486145317554,0.0011238958037856433,0.04
34,octanol_dipole,21,0.043577663600444794,0.02652307040989399,0.5828903842095681,0.9630801870882808,4.924493312835693,0.00708267604932189,0.001438254780620961,0.02
34,octanol_dipole,22,0.044596824795007706,0.02580101788043976,0.5836003530790277,0.9589958785073869,4.8280029296875,0.007129331585019827,0.0014766626468226448,0.02
34,octanol_dipole,23,0.0768740251660347,0.027373233810067177,0.5837141889183197,0.9611243189021139,5.111947536468506,0.008733149617910385,0.0017083801341090288,0.04
34,octanol_dipole,24,0.03420797362923622,0.023938581347465515,0.5828001462772112,0.9575966278532118,4.473752498626709,0.007268331944942474,0.0016246611646874981,0.02
34,octanol_dipole,25,0.27304694056510925,0.0262106005102396,0.5887854844098719,0.8868547985975377,5.0051188468933105,0.48330873250961304,0.09656288837369045,0.08
34,octanol_dipole,26,0.13441981375217438,0.03615909442305565,0.5971446643174212,0.9390451028143041,7.286955833435059,0.06641510128974915,0.009114245071311373,0.08
34,octanol_dipole,27,0.10465028136968613,0.023070169612765312,0.5842606990715502,0.9487151462762773,4.300086975097656,0.025547340512275696,0.005941121809913044,0.02
34,octanol_dipole,28,0.2784409821033478,0.023156099021434784,0.5855584718318985,0.8981642454578023,4.3859357833862305,0.5904871821403503,0.1346319716711528,0.08
34,octanol_dipole,29,0.08990217000246048,0.026231389492750168,0.5826469103978273,0.9561190311488166,4.870380401611328,0.015857664868235588,0.003255939692716651,0.02
34,octanol_dipole,30,0.20784667134284973,0.02906665951013565,0.5849987102288294,0.9051558069617205,5.586584091186523,0.31745314598083496,0.05682419539368497,0.04
34,octanol_dipole,31,0.15331527590751648,0.030914446339011192,0.5855824336621118,0.918122927713918,5.826562881469727,0.21569176018238068,0.03701869602546421,0.04
34,octanol_dipole,32,0.037731610238552094,0.02705884352326393,0.5824272525297789,0.9601799555872168,5.029515743255615,0.005954649765044451,0.0011839409734484686,0.02
34,octanol_dipole,33,0.07054392993450165,0.03247051686048508,0.5831972936538792,0.9658607421120002,6.136709690093994,0.013085197657346725,0.0021322823333926205,0.02
34,octanol_dipole,34,0.04838424175977707,0.028135471045970917,0.5830546150513811,0.963349301966812,5.245798110961914,0.009863780811429024,0.0018803203254843365,0.06
34,octanol_dipole,35,0.13371142745018005,0.028356291353702545,0.5838723831266255,0.9276781835409831,5.394064903259277,0.1627013236284256,0.0301630266870011,0.0
34,octanol_dipole,36,0.0749070793390274,0.023887833580374718,0.5839555884654393,0.9630754707752447,4.445982456207275,0.026418698951601982,0.005942150967041585,0.06
34,octanol_dipole,37,0.04652693122625351,0.04565253481268883,0.590753516166326,0.9651012998834061,8.605077743530273,0.006336085963994265,0.0007363194328788081,0.02
34,octanol_dipole,38,0.07331675291061401,0.028361359611153603,0.5843660060789364,0.9593946078580422,5.297532081604004,0.008007445372641087,0.0015115425917754076,0.02
34,octanol_dipole,39,0.2890109717845917,0.018979135900735855,0.5840318035334702,0.8916145497036214,3.544955253601074,0.5130990147590637,0.14474061816093223,0.08
34,octanol_dipole,40,0.20181502401828766,0.031306225806474686,0.5840270661458149,0.9094214366107596,5.928526878356934,0.39174601435661316,0.06607813751958293,0.06
34,octanol_dipole,41,0.1060231477022171,0.023759255185723305,0.5829261836322204,0.9614691791927938,4.416087627410889,0.054435908794403076,0.012326727498910239,0.0
34,octanol_dipole,42,0.21240469813346863,0.022507203742861748,0.5838999321558069,0.908295222625358,4.218456268310547,0.3275669515132904,0.07765090608476972,0.06
34,octanol_dipole,43,0.06690947711467743,0.03282834216952324,0.5843190632065765,0.9707998857563296,6.165365219116211,0.008368547074496746,0.0013573481500413621,0.0
34,octanol_dipole,44,0.12456081062555313,0.027933934703469276,0.5865486903679107,0.9519783706766378,5.229930400848389,0.09562399238348007,0.01828398947105838,0.02
34,octanol_dipole,45,0.08029961585998535,0.03506448492407799,0.5823539409999363,0.9562849269322062,6.5386128425598145,0.011331478133797646,0.0017330094940078242,0.02
34,octanol_dipole,46,0.31691837310791016,0.03267769142985344,0.5847961694227015,0.9074131321627452,6.2868452072143555,0.7179690003395081,0.11420179385291938,0.2
34,octanol_dipole,47,0.1124066635966301,0.02558155544102192,0.5853708592252385,0.9557969635899795,4.791855335235596,0.04008236899971962,0.00836468678530107,0.04
34,octanol_dipole,48,0.030497092753648758,0.030826948583126068,0.5800349996953567,0.9710665411302599,5.676211357116699,0.006688310299068689,0.0011783053657230442,0.0
34,octanol_dipole,49,0.3159579038619995,0.025800835341215134,0.5855628851758925,0.8924521334147308,4.907583236694336,0.7274352312088013,0.1482267739790368,0.14
34,octanol_dipole,50,0.040689367800951004,0.024948162958025932,0.5816169854545032,0.9628313269633657,4.621695518493652,0.010967827402055264,0.002373117692017497,0.0
34,octanol_dipole,51,0.04894258454442024,0.027442481368780136,0.5852425226606028,0.9570188375926216,5.1219916343688965,0.0063720401376485825,0.0012440551630135003,0.02
34,octanol_dipole,52,0.07348376512527466,0.03267640247941017,0.5857239387167725,0.9672043097123906,6.078891277313232,0.0039252485148608685,0.0006457178350121376,0.02
34,octanol_dipole,53,0.0977848470211029,0.02642260119318962,0.5841806896337833,0.9448356943882503,4.977094650268555,0.01847909763455391,0.0037128282528355798,0.0
34,octanol_dipole,54,0.09790760278701782,0.02832319401204586,0.5845388805549001,0.9569465484253419,5.302440166473389,0.007253893185406923,0.0013680292389289573,0.02
34,octanol_dipole,55,0.2892420291900635,0.02968701906502247,0.5859583342772554,0.9006872186092587,5.610652446746826,0.5962799191474915,0.10627639562547259,0.08
34,octanol_dipole,56,0.11736531555652618,0.03566766530275345,0.5829748184370043,0.9555823501756029,6.681786060333252,0.05820285528898239,0.008710673278587364,0.02
34,octanol_dipole,57,0.25103363394737244,0.025072600692510605,0.5850534857758052,0.8920631659459206,4.7605133056640625,0.4671241343021393,0.0981247408228761,0.06
34,octanol_dipole,58,0.08832985907793045,0.030686944723129272,0.5860140998304575,0.9702047428916893,5.725973606109619,0.0058664861135184765,0.0010245394961756252,0.0
34,octanol_dipole,59,0.05855285003781319,0.02180335484445095,0.5830280629875477,0.9626959326557882,4.03085994720459,0.009058242663741112,0.0022472233673171958,0.02
34,octanol_dipole,60,0.04788408800959587,0.028663821518421173,0.5835878895492173,0.9589345439523436,5.366433143615723,0.004854127299040556,0.000904535129598206,0.04
34,octanol_dipole,61,0.07459069788455963,0.03103804402053356,0.5852973750587016,0.9594723516495269,5.821584224700928,0.006783517077565193,0.0011652355811984636,0.0
34,octanol_dipole,62,0.07271957397460938,0.04005088657140732,0.5972185272695849,0.9668043644058528,8.042241096496582,0.006983508821576834,0.0008683535767932945,0.04
34,octanol_dipole,63,0.046274200081825256,0.033360205590724945,0.582827613908159,0.9476583485218382,6.259657859802246,0.00984245166182518,0.0015723625607448328,0.02
34,octanol_dipole,64,0.0699956864118576,0.02276122383773327,0.5840410120476907,0.9558428669288224,4.240945816040039,0.008107451722025871,0.0019117083956512705,0.02
34,octanol_dipole,65,0.22162176668643951,0.03429550305008888,0.5832276384796953,0.9064745393464231,6.510429382324219,0.4687987267971039,0.0720073437966918,0.04
34,octanol_dipole,66,0.24001653492450714,0.030214525759220123,0.580951346968325,0.8887638496254633,5.738393306732178,0.7106691598892212,0.1238446237303876,0.06
34,octanol_dipole,67,0.14165155589580536,0.021585578098893166,0.5834984698959316,0.9457000930298964,4.007323265075684,0.040542151778936386,0.010117015548075753,0.02
34,octanol_dipole,68,0.3132377564907074,0.030178742483258247,0.5888397553714348,0.8938153161919622,5.772006034851074,0.775526225566864,0.13435991246098442,0.04
34,octanol_dipole,69,0.29345110058784485,0.028904758393764496,0.5862133506727472,0.8932193928160517,5.560972690582275,0.7263138890266418,0.1306091450973465,0.1
34,octanol_dipole,70,0.10822798311710358,0.0166197307407856,0.5833561332846162,0.9487890387964406,3.039731979370117,0.03583141043782234,0.011787687428036733,0.02
34,octanol_dipole,71,0.03915800526738167,0.01642225868999958,0.583161000580557,0.9634124942454922,3.0463380813598633,0.014751894399523735,0.0048425007354858645,0.04
34,octanol_dipole,72,0.23411507904529572,0.027956970036029816,0.5829754536521923,0.8988199840805309,5.325789928436279,0.38328173756599426,0.07196711524792168,0.06
34,octanol_dipole,73,0.17213936150074005,0.026937294751405716,0.5875412354328144,0.9082583966216593,5.081332206726074,0.3139653205871582,0.06178799334780111,0.04
34,octanol_dipole,74,0.09391416609287262,0.023326152935624123,0.5850095629557004,0.9645332711750481,4.359711647033691,0.022330690175294876,0.005122056682461666,0.02
34,octanol_dipole,75,0.06513263285160065,0.027410436421632767,0.5826782874175003,0.9562759282971329,5.093145847320557,0.006378871854394674,0.0012524424089976774,0.02
34,octanol_dipole,76,0.061222486197948456,0.029331715777516365,0.5850410557483472,0.964652665172451,5.4747633934021,0.011773199774324894,0.0021504490565771926,0.04
34,octanol_dipole,77,0.23830515146255493,0.027994580566883087,0.5825612072321276,0.8815334493386076,5.358569622039795,0.5435858964920044,0.10144235026008355,0.04
34,octanol_dipole,78,0.16192491352558136,0.0276265237480402,0.5889400351750855,0.9109109132536901,5.196562767028809,0.2584870457649231,0.04974192699162102,0.04
34,octanol_dipole,79,0.13132692873477936,0.022353332489728928,0.5839363916946592,0.9469976057071436,4.165271759033203,0.08650103956460953,0.020767201894333828,0.06
34,octanol_dipole,80,0.22739282250404358,0.02970314212143421,0.5870933741987496,0.8952418359264731,5.626920223236084,0.47981324791908264,0.08527102373652251,0.1
34,octanol_dipole,81,0.2990122437477112,0.02229752577841282,0.5848324652518122,0.8843306076720425,4.217657089233398,0.4866500496864319,0.11538397726280906,0.06
34,octanol_dipole,82,0.06807669252157211,0.024507950991392136,0.5845057427576101,0.9546617586312378,4.5841522216796875,0.024780018255114555,0.005405583640508967,0.04
34,octanol_dipole,83,0.3203430771827698,0.028101753443479538,0.5844064999090077,0.8709461474827591,5.336051940917969,0.7250678539276123,0.13588095879795312,0.08
34,octanol_dipole,84,0.18715883791446686,0.02793389931321144,0.5844455465356684,0.922914987209134,5.254060745239258,0.30045440793037415,0.0571851797112582,0.04
34,octanol_dipole,85,0.25948381423950195,0.02757648564875126,0.5852124071055378,0.8943990999858848,5.270685195922852,0.6512863039970398,0.12356767285225904,0.16
34,octanol_dipole,86,0.10680954903364182,0.03597496449947357,0.5775609576875864,0.9628443556762964,6.645814418792725,0.007655299734324217,0.001151897909258031,0.06
34,octanol_dipole,87,0.07335837185382843,0.033753182739019394,0.5860720811796305,0.9573683740100234,6.274991989135742,0.015345794148743153,0.0024455480063260986,0.02
34,octanol_dipole,88,0.07476561516523361,0.024837886914610863,0.5845704704614161,0.9512197336698893,4.646078586578369,0.008827218785881996,0.0018999288585824054,0.02
34,octanol_dipole,89,0.07240864634513855,0.0300211813300848,0.5821030035368373,0.9744451765827993,5.546927452087402,0.005286404862999916,0.0009530329914465625,0.02
34,octanol_dipole,90,0.07317601144313812,0.030207516625523567,0.5822503778151127,0.9655836586499009,5.6222968101501465,0.007818366400897503,0.0013906000812306295,0.02
34,octanol_dipole,91,0.06777044385671616,0.03168187290430069,0.5873478428833652,0.9672860269037025,6.031783103942871,0.0069708991795778275,0.0011556946029808455,0.0
34,octanol_dipole,92,0.06607883423566818,0.02798817679286003,0.5824743446097229,0.953658844925154,5.207736015319824,0.006816592533141375,0.0013089358817514381,0.04
34,octanol_dipole,93,0.21055474877357483,0.026228711009025574,0.5840602691827386,0.9128501227618835,4.966559886932373,0.28721144795417786,0.05782905159562585,0.06
34,octanol_dipole,94,0.07746179401874542,0.03284403681755066,0.5869286893679961,0.9638908398810431,6.178116798400879,0.015284753404557705,0.0024740149633483708,0.0
34,octanol_dipole,95,0.13123683631420135,0.029096029698848724,0.5838804618521176,0.955059954375405,5.455333709716797,0.01164703257381916,0.002134980771767268,0.06
34,octanol_dipole,96,0.05645526573061943,0.02455137111246586,0.5843467709978609,0.9592928433908707,4.582345008850098,0.014254367910325527,0.003110714684903777,0.04
34,octanol_dipole,97,0.2096073031425476,0.030008621513843536,0.5849689862398562,0.9069891710230498,5.6690521240234375,0.35549357533454895,0.06270776270129762,0.06
34,octanol_dipole,98,0.10500457137823105,0.028110982850193977,0.5848269007350697,0.9368485888978422,5.254899501800537,0.03074517659842968,0.005850763956169887,0.02
34,octanol_dipole,99,0.12971997261047363,0.017052654176950455,0.584706208300944,0.9408200034147836,3.1722140312194824,0.09081871062517166,0.028629439795478922,0.04
34,octanol_dipole,100,0.1782090663909912,0.02799493446946144,0.5827527201107332,0.9153258748597524,5.25212287902832,0.156538724899292,0.02980484815470516,0.08
34,octanol_dipole,101,0.08540759235620499,0.02919197641313076,0.5844326445741661,0.9395384133186031,5.530040264129639,0.031128602102398872,0.005629000986541305,0.02
34,octanol_dipole,102,0.25016671419143677,0.02783985435962677,0.5856674341460333,0.908825104854257,5.3059821128845215,0.5999336838722229,0.11306741543952878,0.02
34,octanol_dipole,103,0.35430148243904114,0.01734919473528862,0.5866026740408137,0.8799142143946583,3.248502731323242,0.6647618412971497,0.2046363805969054,0.14
34,octanol_dipole,104,0.09016061574220657,0.03143072873353958,0.5849056599511284,0.9548552086200153,5.893347263336182,0.006349090952426195,0.0010773318911521295,0.04
34,octanol_dipole,105,0.05536781623959541,0.026844020932912827,0.5820010901274046,0.9496881758793194,4.990959644317627,0.003915087319910526,0.0007844357796737513,0.06
34,octanol_dipole,106,0.045073024928569794,0.030945681035518646,0.5825528848427948,0.9721815805950973,5.731691360473633,0.009422593750059605,0.0016439464649193843,0.02
34,octanol_dipole,107,0.07684244960546494,0.03368755057454109,0.5853368508288082,0.9667379518200696,6.3225178718566895,0.0033784399274736643,0.0005343503958307581,0.02
34,octanol_dipole,108,0.08122732490301132,0.027175627648830414,0.5831707028492259,0.9538784621196132,5.061270713806152,0.009894239716231823,0.00195489241254025,0.0
34,octanol_dipole,109,0.047506559640169144,0.026288103312253952,0.5838274335616185,0.9626459168945789,4.905004024505615,0.009602969512343407,0.0019577903431610964,0.0
34,octanol_dipole,110,0.05470045655965805,0.028651943430304527,0.5864763539016875,0.9512886349732206,5.360783100128174,0.006062871776521206,0.0011309675588956855,0.02
34,octanol_dipole,111,0.040217701345682144,0.033379457890987396,0.5871405057388628,0.9611003160531892,6.277069568634033,0.00792161375284195,0.0012619923463052822,0.0
34,octanol_dipole,112,0.10139390826225281,0.030759744346141815,0.584894421464691,0.9540864406274494,5.771814346313477,0.007365711964666843,0.0012761519208204276,0.0
34,octanol_dipole,113,0.38580262660980225,0.02603294886648655,0.5889713719916323,0.8920531060474941,4.921282768249512,1.070450782775879,0.21751458576655525,0.24
34,octanol_dipole,114,0.07516927272081375,0.020866183564066887,0.5833243767152567,0.9323394454335026,3.845585584640503,0.021929409354925156,0.0057024889635826905,0.02
34,octanol_dipole,115,0.09150160849094391,0.03705872222781181,0.5941901605160622,0.9614544809453063,7.380537986755371,0.007869986817240715,0.0010663161454305468,0.06
34,octanol_dipole,116,0.1621263474225998,0.03244495391845703,0.5849931789368983,0.9263531109387779,6.124026298522949,0.2520550489425659,0.04115838774293947,0.04
34,octanol_dipole,117,0.057912178337574005,0.025283491238951683,0.5836388146523921,0.9645482685756666,4.702781677246094,0.021426180377602577,0.004556065292435509,0.04
34,octanol_dipole,118,0.041436877101659775,0.024365387856960297,0.5846128275197604,0.9576327986806348,4.537386417388916,0.010235467925667763,0.002255806974350195,0.0
34,octanol_dipole,119,0.038615308701992035,0.0303636621683836,0.5842381515718296,0.9613122332262083,5.70151424407959,0.007070209365338087,0.0012400581779971418,0.0
34,octanol_dipole,120,0.065326988697052,0.028085503727197647,0.5848239888328328,0.9736262353291671,5.254897117614746,0.01841168850660324,0.0035037200718708843,0.02
34,octanol_dipole,121,0.026423921808600426,0.020142188295722008,0.5811586227459664,0.9670574593968846,3.7188916206359863,0.009977627545595169,0.0026829573333704317,0.02
34,octanol_dipole,122,0.2371167689561844,0.030999645590782166,0.5847308861204707,0.8974757867887186,5.854638576507568,0.5593805909156799,0.09554485449541854,0.08
34,octanol_dipole,123,0.07193640619516373,0.025575881823897362,0.5895319959390732,0.9655173700228601,4.822410583496094,0.009836320765316486,0.0020397103471404268,0.0
34,octanol_dipole,124,0.2471226453781128,0.029982099309563637,0.58504782803858,0.8907878217022462,5.6827311515808105,0.4486035108566284,0.0789415333737611,0.1
34,octanol_dipole,125,0.10495933890342712,0.03923213481903076,0.5844478909888791,0.9537614349099903,7.356955528259277,0.01958962343633175,0.002662735062225778,0.08
34,octanol_dipole,126,0.17838044464588165,0.028596166521310806,0.5842592876081263,0.9256941020408369,5.395772933959961,0.14207163453102112,0.02633017294646509,0.02
34,octanol_dipole,127,0.0800280049443245,0.026513956487178802,0.5864088495565554,0.9510652324398094,5.010512828826904,0.007569951470941305,0.0015108137090058373,0.0
34,octanol_dipole,128,0.06648789346218109,0.032924849539995193,0.5839604668421505,0.9603410019847802,6.207517623901367,0.00810976792126894,0.0013064429958351091,0.0
34,octanol_dipole,129,0.09832983464002609,0.036720361560583115,0.5782086586005784,0.9505706412020185,6.780852794647217,0.050849441438913345,0.007498974388450628,0.06
34,octanol_dipole,130,0.1905282437801361,0.0265493243932724,0.5861910919656221,0.9312000196699872,4.998570442199707,0.2813356816768646,0.05628322836099875,0.14
34,octanol_dipole,131,0.055591776967048645,0.0195198655128479,0.5824441089192498,0.9545766674687788,3.593130111694336,0.009708364494144917,0.0027019240028485774,0.0
34,octanol_dipole,132,0.03752181679010391,0.03149804845452309,0.5844885512463378,0.9555013015908438,5.905269622802734,0.0044619240798056126,0.0007555834643986862,0.02
34,octanol_dipole,133,0.20544058084487915,0.013149335980415344,0.5850800270708925,0.9237721957225027,2.4010610580444336,0.27154994010925293,0.11309580787188281,0.06
34,octanol_dipole,134,0.07690349221229553,0.029740070924162865,0.5852270264564519,0.9581415002581717,5.5837626457214355,0.009161989204585552,0.0016408271242700362,0.02
34,octanol_dipole,135,0.10572069138288498,0.030587200075387955,0.5815694206731041,0.9459264797422875,5.660825729370117,0.039516381919384,0.006980674517917196,0.02
34,octanol_dipole,136,0.2673604190349579,0.028185198083519936,0.5865343636671028,0.881020627092117,5.409844875335693,0.6320391893386841,0.1168312962577258,0.04
34,octanol_dipole,137,0.09163396805524826,0.019508710131049156,0.5840704058325874,0.957215175980521,3.5659682750701904,0.014205250889062881,0.003983560647012002,0.02
34,octanol_dipole,138,0.2139911651611328,0.026044290512800217,0.5834302239990339,0.9348367743008985,4.879042148590088,0.20126654207706451,0.04125124070412573,0.06
34,octanol_dipole,139,0.18268829584121704,0.0273221954703331,0.5830229484403111,0.9136652948492268,5.106391429901123,0.20888876914978027,0.04090731625597787,0.02
34,octanol_dipole,140,0.13035207986831665,0.027302775532007217,0.5822940920286275,0.932226821515912,5.063492298126221,0.04726758971810341,0.009334978101101309,0.04
34,octanol_dipole,141,0.08624103665351868,0.021315015852451324,0.5809706177431102,0.9489609613294114,3.921626091003418,0.008843598887324333,0.0022550846720477474,0.0
34,octanol_dipole,142,0.08999988436698914,0.030328795313835144,0.58816147569498,0.9585510099233745,5.6664042472839355,0.014747590757906437,0.0026026365423849466,0.0
34,octanol_dipole,143,0.10454658418893814,0.014148451387882233,0.5969633519486524,0.9550953540061273,2.640183448791504,0.013855558820068836,0.005247953064174752,0.04
34,octanol_dipole,144,0.03133021295070648,0.029851792380213737,0.5853527565473382,0.9591081763489919,5.561573028564453,0.005894381087273359,0.001059840634475101,0.0
34,octanol_dipole,145,0.06265007704496384,0.030435951426625252,0.5846742537614658,0.9613495667468315,5.707364082336426,0.019438115879893303,0.0034057956702029622,0.02
34,octanol_dipole,146,0.0657186359167099,0.028086796402931213,0.5850604030416044,0.9624939358260627,5.257988452911377,0.013686143793165684,0.0026029238967969948,0.0
34,octanol_dipole,147,0.0563301220536232,0.023191146552562714,0.584532317950859,0.9577587626934516,4.335100173950195,0.011605175212025642,0.0026770258463141502,0.0
34,octanol_dipole,148,0.14406362175941467,0.028252283111214638,0.5874611189230845,0.9448598977597782,5.358067989349365,0.06330504268407822,0.011814900969885864,0.06
34,octanol_dipole,149,0.044666588306427,0.028771884739398956,0.5851971163905132,0.9565054230439529,5.379293918609619,0.010745681822299957,0.001997600797592667,0.04
34,octanol_dipole,150,0.21386314928531647,0.027396852150559425,0.5838382867275762,0.9115930355719879,5.179386615753174,0.3315986692905426,0.06402276831043677,0.04
34,octanol_dipole,151,0.09666496515274048,0.028693711385130882,0.584572658706288,0.9534708203698927,5.388704299926758,0.007571709807962179,0.0014051076820201644,0.02
34,octanol_dipole,152,0.27660733461380005,0.024165457114577293,0.5840872759582907,0.8974158588060643,4.563730716705322,0.5441102385520935,0.11922487813761744,0.12
34,octanol_dipole,153,0.24746468663215637,0.024043619632720947,0.5854515187282858,0.9052425322170365,4.555461883544922,0.46467074751853943,0.10200299319746405,0.02
34,octanol_dipole,154,0.09777108579874039,0.031491730362176895,0.5835538383496728,0.9543731910188507,5.905753135681152,0.009182531386613846,0.0015548451104627418,0.04
34,octanol_dipole,155,0.09018616378307343,0.021250044927001,0.5844585184113316,0.9584176136229678,3.9499664306640625,0.015060581266880035,0.0038128377876740773,0.02
34,octanol_dipole,156,0.17652364075183868,0.025290025398135185,0.5846114568881937,0.9092506212389193,4.652896404266357,0.4543611705303192,0.09765125441299403,0.02
34,octanol_dipole,157,0.11376838386058807,0.017139002680778503,0.5840005412039684,0.9532555786395802,3.15883469581604,0.03662198781967163,0.011593511958121272,0.02
34,octanol_dipole,158,0.03582146018743515,0.020099477842450142,0.585407455746096,0.9609398662579494,3.728297233581543,0.011143620125949383,0.0029889301812034983,0.0
34,octanol_dipole,159,0.06782297044992447,0.01899317093193531,0.5842428916761224,0.9480182890860236,3.522963523864746,0.016809040680527687,0.004771278659759698,0.04
34,octanol_dipole,160,0.19305677711963654,0.021335521712899208,0.5848642654390914,0.9157201271242386,4.005855083465576,0.2632206082344055,0.06570896918384928,0.14
34,octanol_dipole,161,0.06734085828065872,0.028720086440443993,0.5857576063832783,0.9701861535120835,5.346213340759277,0.005817253142595291,0.0010881071838725232,0.0
34,octanol_dipole,162,0.10483603179454803,0.029597923159599304,0.5820904076329556,0.9445484116875724,5.494305610656738,0.04100947082042694,0.007463995220958423,0.02
34,octanol_dipole,163,0.26287856698036194,0.026751842349767685,0.5832666096734067,0.8978288114004906,5.058867454528809,0.6434662938117981,0.12719572109677493,0.1
34,octanol_dipole,164,0.055794570595026016,0.025216741487383842,0.5841497553169726,0.9616528598927381,4.699396133422852,0.005613898858428001,0.0011946000505258668,0.02
34,octanol_dipole,165,0.17694523930549622,0.026146305724978447,0.5903722256847561,0.9017320283126036,4.956282138824463,0.2855553925037384,0.057614837998602474,0.02
34,octanol_dipole,166,0.1928972601890564,0.025037579238414764,0.5853327734804676,0.916695744062832,4.7253828048706055,0.37021803855895996,0.07834667662847637,0.04
34,octanol_dipole,167,0.3042882978916168,0.024714123457670212,0.5835641328673022,0.8772836627827141,4.686906814575195,0.612425684928894,0.1306673482443457,0.08
34,octanol_dipole,168,0.1999019831418991,0.02732762135565281,0.5840384485988155,0.899304472333339,5.141210079193115,0.3232329487800598,0.06287098636334842,0.06
34,octanol_dipole,169,0.0852472335100174,0.02872144617140293,0.5868875979329129,0.971580344101618,5.394172668457031,0.007054851856082678,0.0013078654113793272,0.0
34,octanol_dipole,170,0.09800256043672562,0.031447846442461014,0.5795213112228188,0.9598161958714999,5.752577304840088,0.015863720327615738,0.0027576718202932038,0.02
34,octanol_dipole,171,0.0802156999707222,0.029813038185238838,0.582577784337724,0.9326656374994979,5.545327663421631,0.022962136194109917,0.00414080782738483,0.0
34,octanol_dipole,172,0.02378450706601143,0.024488329887390137,0.5834511855376561,0.9641965201847067,4.515613079071045,0.007417576853185892,0.0016426511136582679,0.02
34,octanol_dipole,173,0.06026678904891014,0.033342499285936356,0.5849379135440258,0.9569446314719916,6.232203483581543,0.009524085558950901,0.0015282051659644413,0.02
34,octanol_dipole,174,0.05564744770526886,0.03917483612895012,0.5925361274902776,0.9770298700541546,7.723297595977783,0.009138640947639942,0.0011832563531410801,0.04
34,octanol_dipole,175,0.06608281284570694,0.028260428458452225,0.5846172888372503,0.961288482659824,5.288473606109619,0.014630036428570747,0.00276640057571037,0.0
34,octanol_dipole,176,0.16198351979255676,0.02076394110918045,0.5836453755547273,0.9339407486079196,3.8668482303619385,0.16806788742542267,0.04346379206346339,0.08
34,octanol_dipole,177,0.09191498905420303,0.02711586095392704,0.5843450942825614,0.9507636400693464,5.1062116622924805,0.015925345942378044,0.0031188182150734063,0.02
34,octanol_dipole,178,0.053739745169878006,0.023446470499038696,0.5850673512160869,0.969644854370489,4.378293991088867,0.007444927003234625,0.0017004173356990804,0.02
34,octanol_dipole,179,0.07551765441894531,0.02425716072320938,0.5808811622367434,0.9576507689471148,4.462469100952148,0.009800948202610016,0.002196306121317189,0.02
34,octanol_dipole,180,0.18423700332641602,0.010805546306073666,0.5863464930994786,0.938362803799283,1.9726240634918213,0.15271030366420746,0.07741480320071165,0.08
34,octanol_dipole,181,0.1648900806903839,0.0296141617000103,0.5816046326448625,0.9222274504952215,5.511185169219971,0.22079479694366455,0.0400630336604921,0.06
34,octanol_dipole,182,0.1063055768609047,0.03196461498737335,0.5828367741224094,0.9489417617633884,5.965338230133057,0.020963141694664955,0.0035141581057001312,0.0
34,octanol_dipole,183,0.19739383459091187,0.02059803158044815,0.5841878191694483,0.9141548671366351,3.821507692337036,0.2931354343891144,0.07670674979325973,0.08
34,octanol_dipole,184,0.09151076525449753,0.031656861305236816,0.5819180112258358,0.9390480966257411,5.892557621002197,0.05398289114236832,0.009161198687300573,0.02
34,octanol_dipole,185,0.08246941864490509,0.02860480174422264,0.5829716561329317,0.9637698449497927,5.382134914398193,0.011676670052111149,0.00216952384840334,0.02
34,octanol_dipole,186,0.07307612895965576,0.02645837515592575,0.5828830444289728,0.9660638333926674,4.904263973236084,0.007293174508959055,0.0014871088809166701,0.02
34,octanol_dipole,187,0.05640401691198349,0.030227234587073326,0.5847376519861558,0.9617169118361122,5.650236129760742,0.006508551072329283,0.0011519078004630023,0.0
34,octanol_dipole,188,0.28865528106689453,0.027489203959703445,0.5839790205775033,0.8968645471011243,5.16972541809082,0.7118254899978638,0.1376911600579245,0.12
34,octanol_dipole,189,0.09980489313602448,0.024823086336255074,0.5817987276798959,0.9582701874644086,4.5908684730529785,0.034388087689876556,0.007490540818523623,0.0
34,octanol_dipole,190,0.08154229819774628,0.03000468946993351,0.5862465595939557,0.9506543456499355,5.599987030029297,0.022727375850081444,0.004058469372912555,0.04
34,octanol_dipole,191,0.0788368508219719,0.029660135507583618,0.582101169162532,0.9673823193334259,5.498734474182129,0.010991431772708893,0.0019989020790722465,0.04
34,octanol_dipole,192,0.35164159536361694,0.021170025691390038,0.5835306668931965,0.8708932010961674,3.9853789806365967,0.8489104509353638,0.21300620469468245,0.08
34,octanol_dipole,193,0.06776104867458344,0.028044285252690315,0.5832567931638064,0.9648231514600598,5.230926990509033,0.004957409575581551,0.0009477114829888181,0.04
34,octanol_dipole,194,0.10722176730632782,0.030514242127537727,0.5911346566105731,0.9510532807680052,5.9515061378479,0.07805949449539185,0.013115922707192001,0.02
34,octanol_dipole,195,0.1046697348356247,0.024639854207634926,0.5829380391802574,0.932073105343721,4.581478595733643,0.04204845428466797,0.009177922237555418,0.0
34,octanol_dipole,196,0.07091069966554642,0.039618782699108124,0.5833624517764979,0.9711703139296879,7.373622894287109,0.010562586598098278,0.0014324826139782514,0.02
34,octanol_dipole,197,0.09142042696475983,0.030214719474315643,0.5868083723226916,0.9581574525618977,5.679126739501953,0.06749050319194794,0.011883957919535126,0.02
34,octanol_dipole,198,0.08117669820785522,0.02524886652827263,0.5883753899977728,0.9410602751799548,4.704885482788086,0.015382429584860802,0.003269458872300813,0.0
34,octanol_dipole,199,0.12454415112733841,0.02946896106004715,0.5870335683735315,0.9183916341770337,5.561347007751465,0.11111428588628769,0.019979743348403797,0.08
34,octanol_dipole,200,0.22031119465827942,0.029165271669626236,0.5869445789062786,0.9280467454295769,5.6191253662109375,0.31548598408699036,0.05614503388446864,0.12
34,octanol_dipole,201,0.20894649624824524,0.02903551235795021,0.5841385115465387,0.9063421924982087,5.487582683563232,0.3578697443008423,0.0652144605260814,0.06
34,octanol_dipole,202,0.0913303792476654,0.021009832620620728,0.5836066832101288,0.9458411595416416,3.9106497764587402,0.007840627804398537,0.0020049424654688865,0.04
34,octanol_dipole,203,0.054830048233270645,0.03314590826630592,0.5807367358038127,0.9667469579095291,6.1726484298706055,0.0065525551326572895,0.0010615467909930272,0.04
34,octanol_dipole,204,0.23104503750801086,0.025258906185626984,0.5844836459256286,0.9019909886529456,4.759695053100586,0.532427966594696,0.11186178119706618,0.1
34,octanol_dipole,205,0.10385564714670181,0.030147425830364227,0.5817494605014544,0.957007847848319,5.582435131072998,0.019706424325704575,0.0035300767251220722,0.04
34,octanol_dipole,206,0.20916640758514404,0.02843562327325344,0.58410743251168,0.9414477176405607,5.364012718200684,0.15518006682395935,0.02892984692176742,0.08
34,octanol_dipole,207,0.08939219266176224,0.029555436223745346,0.5841352352861098,0.9463800743304771,5.593042373657227,0.020756471902132034,0.003711123663195066,0.02
34,octanol_dipole,208,0.03140117973089218,0.02755492925643921,0.5861774733618512,0.9713280466123206,5.166233062744141,0.00889683049172163,0.001722111717313023,0.04
34,octanol_dipole,209,0.03713979944586754,0.02137136645615101,0.5832126118563421,0.9624818447892161,3.9587666988372803,0.01041344739496708,0.0026304776682156057,0.04
34,octanol_dipole,210,0.190839946269989,0.02980397641658783,0.5861527784143632,0.9142271065861647,5.621486186981201,0.16629505157470703,0.029582043972611674,0.04
34,octanol_dipole,211,0.20250175893306732,0.023844491690397263,0.5851774673148895,0.9141454764052095,4.453737735748291,0.4545886218547821,0.10206901457308303,0.04
34,octanol_dipole,212,0.055329155176877975,0.01725166104733944,0.5844012349902237,0.9490543896362631,3.1829662322998047,0.020052185282111168,0.006299842291327973,0.02
34,octanol_dipole,213,0.31621506810188293,0.025941377505660057,0.5853176781927856,0.8811575998894439,4.930962562561035,0.8323623538017273,0.16880321909591142,0.18
34,octanol_dipole,214,0.16091440618038177,0.021534044295549393,0.5831623885841419,0.92668750152702,4.062587261199951,0.20232580602169037,0.04980220559297726,0.04
34,octanol_dipole,215,0.2535494267940521,0.03137464448809624,0.5815156165273421,0.888953417075601,5.929201126098633,0.5491005778312683,0.0926095381406925,0.04
34,octanol_dipole,216,0.0631180927157402,0.028054727241396904,0.5817933133990765,0.9578224574576375,5.196307182312012,0.010296564549207687,0.0019815157549301003,0.02
34,octanol_dipole,217,0.31649327278137207,0.025143014267086983,0.5863761118765967,0.8982433408346491,4.79923152923584,0.8931952118873596,0.1861121320040959,0.14
34,octanol_dipole,218,0.23428314924240112,0.032639551907777786,0.5835522988204997,0.8833717521446376,6.2551589012146,0.620866596698761,0.09925672656824175,0.06
34,octanol_dipole,219,0.11303982883691788,0.030482344329357147,0.5842493467768146,0.9397586264375006,5.716332912445068,0.017952002584934235,0.0031404753466773784,0.02
34,octanol_dipole,220,0.24295108020305634,0.028395164757966995,0.5846818818140256,0.9216675747989223,5.41395378112793,0.478410542011261,0.08836620358284443,0.08
34,octanol_dipole,221,0.12012940645217896,0.027883099392056465,0.584619519167987,0.9449373062828212,5.2364068031311035,0.04335113242268562,0.00827879384710215,0.0
34,octanol_dipole,222,0.11626828461885452,0.026564953848719597,0.5852891879684239,0.9556784419046753,4.984964847564697,0.03126605972647667,0.00627207225779156,0.0
34,octanol_dipole,223,0.06473123282194138,0.04042122885584831,0.5884241553426455,0.9563972264346243,7.552423000335693,0.003937861416488886,0.0005214037159086368,0.02
34,octanol_dipole,224,0.06995793431997299,0.026812920346856117,0.5822825667456222,0.9593931329379106,4.973724365234375,0.009794934652745724,0.0019693360414603837,0.02
34,octanol_dipole,225,0.23101428151130676,0.030316397547721863,0.5891293017961898,0.9030129772582329,5.900087356567383,0.7947603464126587,0.13470314901829572,0.02
34,octanol_dipole,226,0.21288813650608063,0.023501362651586533,0.5844261511031488,0.9019757571367784,4.431202411651611,0.39626243710517883,0.08942548777804142,0.02
34,octanol_dipole,227,0.046452846378088,0.02822294645011425,0.5816627972220334,0.9695894161473322,5.231410980224609,0.04107389226555824,0.007851398489016198,0.04
34,octanol_dipole,228,0.05772789567708969,0.025639919564127922,0.583744855842423,0.9615373271936694,4.836021423339844,0.010603152215480804,0.00219253623739286,0.02
34,octanol_dipole,229,0.06960452347993851,0.02582480013370514,0.5852697155045605,0.9619822631730326,4.794942378997803,0.005241055972874165,0.0010930383638874102,0.0
34,octanol_dipole,230,0.0320742204785347,0.036058224737644196,0.5822835766640098,0.9585403905253818,6.69279670715332,0.005783132743090391,0.0008640831323786255,0.02
34,octanol_dipole,231,0.07582494616508484,0.019541041925549507,0.5837422891343393,0.956098862111687,3.6406123638153076,0.009799427352845669,0.0026916975424914544,0.02
34,octanol_dipole,232,0.241326242685318,0.03123721480369568,0.5819901554164433,0.9303566992987904,5.885634422302246,0.33736851811408997,0.057320671640037686,0.08
34,octanol_dipole,233,0.08915049582719803,0.03203597664833069,0.5875541779555897,0.9663219181796425,6.056357383728027,0.005471149459481239,0.0009033729538783327,0.0
34,octanol_dipole,234,0.07510741055011749,0.02628237009048462,0.5829830322169747,0.9705344981306785,4.887055397033691,0.00819381419569254,0.0016766362420745139,0.02
34,octanol_dipole,235,0.06597204506397247,0.03007039986550808,0.5841974337011924,0.9577973699668023,5.628270149230957,0.020873310044407845,0.003708654611623424,0.0
34,octanol_dipole,236,0.07401493936777115,0.030552757903933525,0.5859486188476732,0.9600138918913896,5.822205543518066,0.007557430304586887,0.0012980356409781288,0.0
34,octanol_dipole,237,0.20766745507717133,0.027474474161863327,0.584580249841298,0.9119716061117797,5.175930976867676,0.3384593725204468,0.06539101352647338,0.08
34,octanol_dipole,238,0.3132777512073517,0.03090130165219307,0.5849574852575783,0.8929100812256248,5.9542999267578125,0.6482127904891968,0.10886465217786843,0.1
34,octanol_dipole,239,0.12994438409805298,0.027488060295581818,0.5825375753958932,0.9461948779611424,5.126307487487793,0.04755069315433502,0.009275817588077963,0.08
34,octanol_dipole,240,0.09849992394447327,0.024760734289884567,0.5860396135840269,0.968372965703397,4.708675861358643,0.011877579614520073,0.002522488267241422,0.02
34,octanol_dipole,241,0.09542375802993774,0.029212292283773422,0.5861179070902227,0.9567981562828973,5.4829607009887695,0.008804303593933582,0.0016057571947115832,0.0
34,octanol_dipole,242,0.07121305167675018,0.022553542628884315,0.5849477046196616,0.9573437145442132,4.2132720947265625,0.033253222703933716,0.007892493519598292,0.04
34,octanol_dipole,243,0.08655931800603867,0.024101441726088524,0.5840698586631745,0.964706096341112,4.493030548095703,0.014688773080706596,0.003269235079412534,0.04
34,octanol_dipole,244,0.3829651474952698,0.027221297845244408,0.5864994496320124,0.8936582996061992,5.279581069946289,0.6404085755348206,0.12129912715618849,0.14
34,octanol_dipole,245,0.22259342670440674,0.030153516680002213,0.5818057393421947,0.8903124050133766,5.6482954025268555,0.5408863425254822,0.0957609869844109,0.04
34,octanol_dipole,246,0.20869944989681244,0.040616195648908615,0.6026596847272945,0.9021408856244837,8.357696533203125,0.8058820366859436,0.09642394091294981,0.04
34,octanol_dipole,247,0.14209076762199402,0.02993810921907425,0.5837951422914125,0.9304997921050655,5.62256383895874,0.21261337399482727,0.03781431035458048,0.04
34,octanol_dipole,248,0.23111873865127563,0.018017204478383064,0.5827003305125145,0.9175385140059633,3.3285982608795166,0.3221093416213989,0.09677026675375594,0.06
34,octanol_dipole,249,0.06775674968957901,0.02778834104537964,0.5827431139816812,0.9641469421373803,5.236136436462402,0.006135792937129736,0.001171816856108347,0.04
34,hexane_gsolv_eV,0,0.9999998807907104,0.0,0.6502226854258606,0.6502226854258606,,,,1.0
34,hexane_gsolv_eV,1,0.9999998807907104,0.0,0.6502226854258606,0.6502226854258606,,,,1.0
34,hexane_gsolv_eV,2,0.9999998807907104,0.0,0.6502226854258606,0.6502226854258606,,,,1.0
34,hexane_gsolv_eV,3,0.9999998807907104,0.0,0.6502226854258606,0.6502226854258606,,,,1.0
34,hexane_gsolv_eV,4,0.9999998807907104,0.0,0.6502226854258606,0.6502226854258606,,,,1.0
34,hexane_gsolv_eV,5,0.9999998807907104,0.0,0.6502226854258606,0.6502226854258606,,,,1.0
34,hexane_gsolv_eV,6,0.9999998807907104,0.0,0.6502226854258606,0.6502226854258606,,,,1.0
34,hexane_gsolv_eV,7,0.9999998807907104,0.0,0.6502226854258606,0.6502226854258606,,,,1.0
34,hexane_gsolv_eV,8,0.9999998807907104,0.0,0.6502226854258606,0.6502226854258606,,,,1.0
34,hexane_gsolv_eV,9,0.9999998807907104,0.0,0.6502226854258606,0.6502226854258606,,,,1.0
34,hexane_gsolv_eV,10,0.9999998807907104,0.0,0.6502226854258606,0.6502226854258606,,,,1.0
34,hexane_gsolv_eV,11,0.9999998807907104,0.0,0.6502226854258606,0.6502226854258606,,,,1.0
34,hexane_gsolv_eV,12,0.9999998807907104,0.0,0.6502226854258606,0.6502226854258606,,,,1.0
34,hexane_gsolv_eV,13,0.9999998807907104,0.0,0.6502226854258606,0.6502226854258606,,,,1.0
34,hexane_gsolv_eV,14,0.9999998807907104,0.0,0.6502226854258606,0.6502226854258606,,,,1.0
34,hexane_gsolv_eV,15,0.9999998807907104,0.0,0.6502226854258606,0.6502226854258606,,,,1.0
34,hexane_gsolv_eV,16,0.9999998807907104,0.0,0.6502226854258606,0.6502226854258606,,,,1.0
34,hexane_gsolv_eV,17,0.9999998807907104,0.0,0.6502226854258606,0.6502226854258606,,,,1.0
34,hexane_gsolv_eV,18,0.9999998807907104,0.0,0.6502226854258606,0.6502226854258606,,,,1.0
34,hexane_gsolv_eV,19,0.9999998807907104,0.0,0.6502226854258606,0.6502226854258606,,,,1.0
34,hexane_gsolv_eV,20,0.9999998807907104,0.0,0.6502226854258606,0.6502226854258606,,,,1.0
34,hexane_gsolv_eV,21,0.9999998807907104,0.0,0.6502226854258606,0.6502226854258606,,,,1.0
34,hexane_gsolv_eV,22,0.9999998807907104,0.0,0.6502226854258606,0.6502226854258606,,,,1.0
34,hexane_gsolv_eV,23,0.9999998807907104,0.0,0.6502226854258606,0.6502226854258606,,,,1.0
34,hexane_gsolv_eV,24,0.9999998807907104,0.0,0.6502226854258606,0.6502226854258606,,,,1.0
34,hexane_gsolv_eV,25,0.9999998807907104,0.0,0.6502226854258606,0.6502226854258606,,,,1.0
34,hexane_gsolv_eV,26,0.9999998807907104,0.0,0.6502226854258606,0.6502226854258606,,,,1.0
34,hexane_gsolv_eV,27,0.9999998807907104,0.0,0.6502226854258606,0.6502226854258606,,,,1.0
34,hexane_gsolv_eV,28,0.9999998807907104,0.0,0.6502226854258606,0.6502226854258606,,,,1.0
34,hexane_gsolv_eV,29,0.9999998807907104,0.0,0.6502226854258606,0.6502226854258606,,,,1.0
34,hexane_gsolv_eV,30,0.9999998807907104,0.0,0.6502226854258606,0.6502226854258606,,,,1.0
34,hexane_gsolv_eV,31,0.9999998807907104,0.0,0.6502226854258606,0.6502226854258606,,,,1.0
34,hexane_gsolv_eV,32,0.9999998807907104,0.0,0.6502226854258606,0.6502226854258606,,,,1.0
34,hexane_gsolv_eV,33,0.9999998807907104,0.0,0.6502226854258606,0.6502226854258606,,,,1.0
34,hexane_gsolv_eV,34,0.9999998807907104,0.0,0.6502226854258606,0.6502226854258606,,,,1.0
34,hexane_gsolv_eV,35,0.9999998807907104,0.0,0.6502226854258606,0.6502226854258606,,,,1.0
34,hexane_gsolv_eV,36,0.9999998807907104,0.0,0.6502226854258606,0.6502226854258606,,,,1.0
34,hexane_gsolv_eV,37,0.9999998807907104,0.0,0.6502226854258606,0.6502226854258606,,,,1.0
34,hexane_gsolv_eV,38,0.9999998807907104,0.0,0.6502226854258606,0.6502226854258606,,,,1.0
34,hexane_gsolv_eV,39,0.9999998807907104,0.0,0.6502226854258606,0.6502226854258606,,,,1.0
34,hexane_gsolv_eV,40,0.9999998807907104,0.0,0.6502226854258606,0.6502226854258606,,,,1.0
34,hexane_gsolv_eV,41,0.9999998807907104,0.0,0.6502226854258606,0.6502226854258606,,,,1.0
34,hexane_gsolv_eV,42,0.9999998807907104,0.0,0.6502226854258606,0.6502226854258606,,,,1.0
34,hexane_gsolv_eV,43,0.9999998807907104,0.0,0.6502226854258606,0.6502226854258606,,,,1.0
34,hexane_gsolv_eV,44,0.9999998807907104,0.0,0.6502226854258606,0.6502226854258606,,,,1.0
34,hexane_gsolv_eV,45,0.9999998807907104,0.0,0.6502226854258606,0.6502226854258606,,,,1.0
34,hexane_gsolv_eV,46,0.9999998807907104,0.0,0.6502226854258606,0.6502226854258606,,,,1.0
34,hexane_gsolv_eV,47,0.9999998807907104,0.0,0.6502226854258606,0.6502226854258606,,,,1.0
34,hexane_gsolv_eV,48,0.9999998807907104,0.0,0.6502226854258606,0.6502226854258606,,,,1.0
34,hexane_gsolv_eV,49,0.9999998807907104,0.0,0.6502226854258606,0.6502226854258606,,,,1.0
34,hexane_gsolv_eV,50,0.9999998807907104,0.0,0.6502226854258606,0.6502226854258606,,,,1.0
34,hexane_gsolv_eV,51,0.9999998807907104,0.0,0.6502226854258606,0.6502226854258606,,,,1.0
34,hexane_gsolv_eV,52,0.9999998807907104,0.0,0.6502226854258606,0.6502226854258606,,,,1.0
34,hexane_gsolv_eV,53,0.9999998807907104,0.0,0.6502226854258606,0.6502226854258606,,,,1.0
34,hexane_gsolv_eV,54,0.9999998807907104,0.0,0.6502226854258606,0.6502226854258606,,,,1.0
34,hexane_gsolv_eV,55,0.9999998807907104,0.0,0.6502226854258606,0.6502226854258606,,,,1.0
34,hexane_gsolv_eV,56,0.9999998807907104,0.0,0.6502226854258606,0.6502226854258606,,,,1.0
34,hexane_gsolv_eV,57,0.9999998807907104,0.0,0.6502226854258606,0.6502226854258606,,,,1.0
34,hexane_gsolv_eV,58,0.9999998807907104,0.0,0.6502226854258606,0.6502226854258606,,,,1.0
34,hexane_gsolv_eV,59,0.9999998807907104,0.0,0.6502226854258606,0.6502226854258606,,,,1.0
34,hexane_gsolv_eV,60,0.9999998807907104,0.0,0.6502226854258606,0.6502226854258606,,,,1.0
34,hexane_gsolv_eV,61,0.9999998807907104,0.0,0.6502226854258606,0.6502226854258606,,,,1.0
34,hexane_gsolv_eV,62,0.9999998807907104,0.0,0.6502226854258606,0.6502226854258606,,,,1.0
34,hexane_gsolv_eV,63,0.9999998807907104,0.0,0.6502226854258606,0.6502226854258606,,,,1.0
34,hexane_gsolv_eV,64,0.9999998807907104,0.0,0.6502226854258606,0.6502226854258606,,,,1.0
34,hexane_gsolv_eV,65,0.9999998807907104,0.0,0.6502226854258606,0.6502226854258606,,,,1.0
34,hexane_gsolv_eV,66,0.9999998807907104,0.0,0.6502226854258606,0.6502226854258606,,,,1.0
34,hexane_gsolv_eV,67,0.9999998807907104,0.0,0.6502226854258606,0.6502226854258606,,,,1.0
34,hexane_gsolv_eV,68,0.9999998807907104,0.0,0.6502226854258606,0.6502226854258606,,,,1.0
34,hexane_gsolv_eV,69,0.9999998807907104,0.0,0.6502226854258606,0.6502226854258606,,,,1.0
34,hexane_gsolv_eV,70,0.9999998807907104,0.0,0.6502226854258606,0.6502226854258606,,,,1.0
34,hexane_gsolv_eV,71,0.9999998807907104,0.0,0.6502226854258606,0.6502226854258606,,,,1.0
34,hexane_gsolv_eV,72,0.9999998807907104,0.0,0.6502226854258606,0.6502226854258606,,,,1.0
34,hexane_gsolv_eV,73,0.9999998807907104,0.0,0.6502226854258606,0.6502226854258606,,,,1.0
34,hexane_gsolv_eV,74,0.9999998807907104,0.0,0.6502226854258606,0.6502226854258606,,,,1.0
34,hexane_gsolv_eV,75,0.9999998807907104,0.0,0.6502226854258606,0.6502226854258606,,,,1.0
34,hexane_gsolv_eV,76,0.9999998807907104,0.0,0.6502226854258606,0.6502226854258606,,,,1.0
34,hexane_gsolv_eV,77,0.9999998807907104,0.0,0.6502226854258606,0.6502226854258606,,,,1.0
34,hexane_gsolv_eV,78,0.9999998807907104,0.0,0.6502226854258606,0.6502226854258606,,,,1.0
34,hexane_gsolv_eV,79,0.9999998807907104,0.0,0.6502226854258606,0.6502226854258606,,,,1.0
34,hexane_gsolv_eV,80,0.9999998807907104,0.0,0.6502226854258606,0.6502226854258606,,,,1.0
34,hexane_gsolv_eV,81,0.9999998807907104,0.0,0.6502226854258606,0.6502226854258606,,,,1.0
34,hexane_gsolv_eV,82,0.9999998807907104,0.0,0.6502226854258606,0.6502226854258606,,,,1.0
34,hexane_gsolv_eV,83,0.9999998807907104,0.0,0.6502226854258606,0.6502226854258606,,,,1.0
34,hexane_gsolv_eV,84,0.9999998807907104,0.0,0.6502226854258606,0.6502226854258606,,,,1.0
34,hexane_gsolv_eV,85,0.9999998807907104,0.0,0.6502226854258606,0.6502226854258606,,,,1.0
34,hexane_gsolv_eV,86,0.9999998807907104,0.0,0.6502226854258606,0.6502226854258606,,,,1.0
34,hexane_gsolv_eV,87,0.9999998807907104,0.0,0.6502226854258606,0.6502226854258606,,,,1.0
34,hexane_gsolv_eV,88,0.9999998807907104,0.0,0.6502226854258606,0.6502226854258606,,,,1.0
34,hexane_gsolv_eV,89,0.9999998807907104,0.0,0.6502226854258606,0.6502226854258606,,,,1.0
34,hexane_gsolv_eV,90,0.9999998807907104,0.0,0.6502226854258606,0.6502226854258606,,,,1.0
34,hexane_gsolv_eV,91,0.9999998807907104,0.0,0.6502226854258606,0.6502226854258606,,,,1.0
34,hexane_gsolv_eV,92,0.9999998807907104,0.0,0.6502226854258606,0.6502226854258606,,,,1.0
34,hexane_gsolv_eV,93,0.9999998807907104,0.0,0.6502226854258606,0.6502226854258606,,,,1.0
34,hexane_gsolv_eV,94,0.9999998807907104,0.0,0.6502226854258606,0.6502226854258606,,,,1.0
34,hexane_gsolv_eV,95,0.9999998807907104,0.0,0.6502226854258606,0.6502226854258606,,,,1.0
34,hexane_gsolv_eV,96,0.9999998807907104,0.0,0.6502226854258606,0.6502226854258606,,,,1.0
34,hexane_gsolv_eV,97,0.9999998807907104,0.0,0.6502226854258606,0.6502226854258606,,,,1.0
34,hexane_gsolv_eV,98,0.9999998807907104,0.0,0.6502226854258606,0.6502226854258606,,,,1.0
34,hexane_gsolv_eV,99,0.9999998807907104,0.0,0.6502226854258606,0.6502226854258606,,,,1.0
34,hexane_gsolv_eV,100,0.9999998807907104,0.0,0.6502226854258606,0.6502226854258606,,,,1.0
34,hexane_gsolv_eV,101,0.9999998807907104,0.0,0.6502226854258606,0.6502226854258606,,,,1.0
34,hexane_gsolv_eV,102,0.9999998807907104,0.0,0.6502226854258606,0.6502226854258606,,,,1.0
34,hexane_gsolv_eV,103,0.9999998807907104,0.0,0.6502226854258606,0.6502226854258606,,,,1.0
34,hexane_gsolv_eV,104,0.9999998807907104,0.0,0.6502226854258606,0.6502226854258606,,,,1.0
34,hexane_gsolv_eV,105,0.9999998807907104,0.0,0.6502226854258606,0.6502226854258606,,,,1.0
34,hexane_gsolv_eV,106,0.9999998807907104,0.0,0.6502226854258606,0.6502226854258606,,,,1.0
34,hexane_gsolv_eV,107,0.9999998807907104,0.0,0.6502226854258606,0.6502226854258606,,,,1.0
34,hexane_gsolv_eV,108,0.9999998807907104,0.0,0.6502226854258606,0.6502226854258606,,,,1.0
34,hexane_gsolv_eV,109,0.9999998807907104,0.0,0.6502226854258606,0.6502226854258606,,,,1.0
34,hexane_gsolv_eV,110,0.9999998807907104,0.0,0.6502226854258606,0.6502226854258606,,,,1.0
34,hexane_gsolv_eV,111,0.9999998807907104,0.0,0.6502226854258606,0.6502226854258606,,,,1.0
34,hexane_gsolv_eV,112,0.9999998807907104,0.0,0.6502226854258606,0.6502226854258606,,,,1.0
34,hexane_gsolv_eV,113,0.9999998807907104,0.0,0.6502226854258606,0.6502226854258606,,,,1.0
34,hexane_gsolv_eV,114,0.9999998807907104,0.0,0.6502226854258606,0.6502226854258606,,,,1.0
34,hexane_gsolv_eV,115,0.9999998807907104,0.0,0.6502226854258606,0.6502226854258606,,,,1.0
34,hexane_gsolv_eV,116,0.9999998807907104,0.0,0.6502226854258606,0.6502226854258606,,,,1.0
34,hexane_gsolv_eV,117,0.9999998807907104,0.0,0.6502226854258606,0.6502226854258606,,,,1.0
34,hexane_gsolv_eV,118,0.9999998807907104,0.0,0.6502226854258606,0.6502226854258606,,,,1.0
34,hexane_gsolv_eV,119,0.9999998807907104,0.0,0.6502226854258606,0.6502226854258606,,,,1.0
34,hexane_gsolv_eV,120,0.9999998807907104,0.0,0.6502226854258606,0.6502226854258606,,,,1.0
34,hexane_gsolv_eV,121,0.9999998807907104,0.0,0.6502226854258606,0.6502226854258606,,,,1.0
34,hexane_gsolv_eV,122,0.9999998807907104,0.0,0.6502226854258606,0.6502226854258606,,,,1.0
34,hexane_gsolv_eV,123,0.9999998807907104,0.0,0.6502226854258606,0.6502226854258606,,,,1.0
34,hexane_gsolv_eV,124,0.9999998807907104,0.0,0.6502226854258606,0.6502226854258606,,,,1.0
34,hexane_gsolv_eV,125,0.9999998807907104,0.0,0.6502226854258606,0.6502226854258606,,,,1.0
34,hexane_gsolv_eV,126,0.9999998807907104,0.0,0.6502226854258606,0.6502226854258606,,,,1.0
34,hexane_gsolv_eV,127,0.9999998807907104,0.0,0.6502226854258606,0.6502226854258606,,,,1.0
34,hexane_gsolv_eV,128,0.9999998807907104,0.0,0.6502226854258606,0.6502226854258606,,,,1.0
34,hexane_gsolv_eV,129,0.9999998807907104,0.0,0.6502226854258606,0.6502226854258606,,,,1.0
34,hexane_gsolv_eV,130,0.9999998807907104,0.0,0.6502226854258606,0.6502226854258606,,,,1.0
34,hexane_gsolv_eV,131,0.9999998807907104,0.0,0.6502226854258606,0.6502226854258606,,,,1.0
34,hexane_gsolv_eV,132,0.9999998807907104,0.0,0.6502226854258606,0.6502226854258606,,,,1.0
34,hexane_gsolv_eV,133,0.9999998807907104,0.0,0.6502226854258606,0.6502226854258606,,,,1.0
34,hexane_gsolv_eV,134,0.9999998807907104,0.0,0.6502226854258606,0.6502226854258606,,,,1.0
34,hexane_gsolv_eV,135,0.9999998807907104,0.0,0.6502226854258606,0.6502226854258606,,,,1.0
34,hexane_gsolv_eV,136,0.9999998807907104,0.0,0.6502226854258606,0.6502226854258606,,,,1.0
34,hexane_gsolv_eV,137,0.9999998807907104,0.0,0.6502226854258606,0.6502226854258606,,,,1.0
34,hexane_gsolv_eV,138,0.9999998807907104,0.0,0.6502226854258606,0.6502226854258606,,,,1.0
34,hexane_gsolv_eV,139,0.9999998807907104,0.0,0.6502226854258606,0.6502226854258606,,,,1.0
34,hexane_gsolv_eV,140,0.9999998807907104,0.0,0.6502226854258606,0.6502226854258606,,,,1.0
34,hexane_gsolv_eV,141,0.9999998807907104,0.0,0.6502226854258606,0.6502226854258606,,,,1.0
34,hexane_gsolv_eV,142,0.9999998807907104,0.0,0.6502226854258606,0.6502226854258606,,,,1.0
34,hexane_gsolv_eV,143,0.9999998807907104,0.0,0.6502226854258606,0.6502226854258606,,,,1.0
34,hexane_gsolv_eV,144,0.9999998807907104,0.0,0.6502226854258606,0.6502226854258606,,,,1.0
34,hexane_gsolv_eV,145,0.9999998807907104,0.0,0.6502226854258606,0.6502226854258606,,,,1.0
34,hexane_gsolv_eV,146,0.9999998807907104,0.0,0.6502226854258606,0.6502226854258606,,,,1.0
34,hexane_gsolv_eV,147,0.9999998807907104,0.0,0.6502226854258606,0.6502226854258606,,,,1.0
34,hexane_gsolv_eV,148,0.9999998807907104,0.0,0.6502226854258606,0.6502226854258606,,,,1.0
34,hexane_gsolv_eV,149,0.9999998807907104,0.0,0.6502226854258606,0.6502226854258606,,,,1.0
34,hexane_gsolv_eV,150,0.9999998807907104,0.0,0.6502226854258606,0.6502226854258606,,,,1.0
34,hexane_gsolv_eV,151,0.9999998807907104,0.0,0.6502226854258606,0.6502226854258606,,,,1.0
34,hexane_gsolv_eV,152,0.9999998807907104,0.0,0.6502226854258606,0.6502226854258606,,,,1.0
34,hexane_gsolv_eV,153,0.9999998807907104,0.0,0.6502226854258606,0.6502226854258606,,,,1.0
34,hexane_gsolv_eV,154,0.9999998807907104,0.0,0.6502226854258606,0.6502226854258606,,,,1.0
34,hexane_gsolv_eV,155,0.9999998807907104,0.0,0.6502226854258606,0.6502226854258606,,,,1.0
34,hexane_gsolv_eV,156,0.9999998807907104,0.0,0.6502226854258606,0.6502226854258606,,,,1.0
34,hexane_gsolv_eV,157,0.9999998807907104,0.0,0.6502226854258606,0.6502226854258606,,,,1.0
34,hexane_gsolv_eV,158,0.9999998807907104,0.0,0.6502226854258606,0.6502226854258606,,,,1.0
34,hexane_gsolv_eV,159,0.9999998807907104,0.0,0.6502226854258606,0.6502226854258606,,,,1.0
34,hexane_gsolv_eV,160,0.9999998807907104,0.0,0.6502226854258606,0.6502226854258606,,,,1.0
34,hexane_gsolv_eV,161,0.9999998807907104,0.0,0.6502226854258606,0.6502226854258606,,,,1.0
34,hexane_gsolv_eV,162,0.9999998807907104,0.0,0.6502226854258606,0.6502226854258606,,,,1.0
34,hexane_gsolv_eV,163,0.9999998807907104,0.0,0.6502226854258606,0.6502226854258606,,,,1.0
34,hexane_gsolv_eV,164,0.9999998807907104,0.0,0.6502226854258606,0.6502226854258606,,,,1.0
34,hexane_gsolv_eV,165,0.9999998807907104,0.0,0.6502226854258606,0.6502226854258606,,,,1.0
34,hexane_gsolv_eV,166,0.9999998807907104,0.0,0.6502226854258606,0.6502226854258606,,,,1.0
34,hexane_gsolv_eV,167,0.9999998807907104,0.0,0.6502226854258606,0.6502226854258606,,,,1.0
34,hexane_gsolv_eV,168,0.9999998807907104,0.0,0.6502226854258606,0.6502226854258606,,,,1.0
34,hexane_gsolv_eV,169,0.9999998807907104,0.0,0.6502226854258606,0.6502226854258606,,,,1.0
34,hexane_gsolv_eV,170,0.9999998807907104,0.0,0.6502226854258606,0.6502226854258606,,,,1.0
34,hexane_gsolv_eV,171,0.9999998807907104,0.0,0.6502226854258606,0.6502226854258606,,,,1.0
34,hexane_gsolv_eV,172,0.9999998807907104,0.0,0.6502226854258606,0.6502226854258606,,,,1.0
34,hexane_gsolv_eV,173,0.9999998807907104,0.0,0.6502226854258606,0.6502226854258606,,,,1.0
34,hexane_gsolv_eV,174,0.9999998807907104,0.0,0.6502226854258606,0.6502226854258606,,,,1.0
34,hexane_gsolv_eV,175,0.9999998807907104,0.0,0.6502226854258606,0.6502226854258606,,,,1.0
34,hexane_gsolv_eV,176,0.9999998807907104,0.0,0.6502226854258606,0.6502226854258606,,,,1.0
34,hexane_gsolv_eV,177,0.9999998807907104,0.0,0.6502226854258606,0.6502226854258606,,,,1.0
34,hexane_gsolv_eV,178,0.9999998807907104,0.0,0.6502226854258606,0.6502226854258606,,,,1.0
34,hexane_gsolv_eV,179,0.9999998807907104,0.0,0.6502226854258606,0.6502226854258606,,,,1.0
34,hexane_gsolv_eV,180,0.9999998807907104,0.0,0.6502226854258606,0.6502226854258606,,,,1.0
34,hexane_gsolv_eV,181,0.9999998807907104,0.0,0.6502226854258606,0.6502226854258606,,,,1.0
34,hexane_gsolv_eV,182,0.9999998807907104,0.0,0.6502226854258606,0.6502226854258606,,,,1.0
34,hexane_gsolv_eV,183,0.9999998807907104,0.0,0.6502226854258606,0.6502226854258606,,,,1.0
34,hexane_gsolv_eV,184,0.9999998807907104,0.0,0.6502226854258606,0.6502226854258606,,,,1.0
34,hexane_gsolv_eV,185,0.9999998807907104,0.0,0.6502226854258606,0.6502226854258606,,,,1.0
34,hexane_gsolv_eV,186,0.9999998807907104,0.0,0.6502226854258606,0.6502226854258606,,,,1.0
34,hexane_gsolv_eV,187,0.9999998807907104,0.0,0.6502226854258606,0.6502226854258606,,,,1.0
34,hexane_gsolv_eV,188,0.9999998807907104,0.0,0.6502226854258606,0.6502226854258606,,,,1.0
34,hexane_gsolv_eV,189,0.9999998807907104,0.0,0.6502226854258606,0.6502226854258606,,,,1.0
34,hexane_gsolv_eV,190,0.9999998807907104,0.0,0.6502226854258606,0.6502226854258606,,,,1.0
34,hexane_gsolv_eV,191,0.9999998807907104,0.0,0.6502226854258606,0.6502226854258606,,,,1.0
34,hexane_gsolv_eV,192,0.9999998807907104,0.0,0.6502226854258606,0.6502226854258606,,,,1.0
34,hexane_gsolv_eV,193,0.9999998807907104,0.0,0.6502226854258606,0.6502226854258606,,,,1.0
34,hexane_gsolv_eV,194,0.9999998807907104,0.0,0.6502226854258606,0.6502226854258606,,,,1.0
34,hexane_gsolv_eV,195,0.9999998807907104,0.0,0.6502226854258606,0.6502226854258606,,,,1.0
34,hexane_gsolv_eV,196,0.9999998807907104,0.0,0.6502226854258606,0.6502226854258606,,,,1.0
34,hexane_gsolv_eV,197,0.9999998807907104,0.0,0.6502226854258606,0.6502226854258606,,,,1.0
34,hexane_gsolv_eV,198,0.9999998807907104,0.0,0.6502226854258606,0.6502226854258606,,,,1.0
34,hexane_gsolv_eV,199,0.9999998807907104,0.0,0.6502226854258606,0.6502226854258606,,,,1.0
34,hexane_gsolv_eV,200,0.9999998807907104,0.0,0.6502226854258606,0.6502226854258606,,,,1.0
34,hexane_gsolv_eV,201,0.9999998807907104,0.0,0.6502226854258606,0.6502226854258606,,,,1.0
34,hexane_gsolv_eV,202,0.9999998807907104,0.0,0.6502226854258606,0.6502226854258606,,,,1.0
34,hexane_gsolv_eV,203,0.9999998807907104,0.0,0.6502226854258606,0.6502226854258606,,,,1.0
34,hexane_gsolv_eV,204,0.9999998807907104,0.0,0.6502226854258606,0.6502226854258606,,,,1.0
34,hexane_gsolv_eV,205,0.9999998807907104,0.0,0.6502226854258606,0.6502226854258606,,,,1.0
34,hexane_gsolv_eV,206,0.9999998807907104,0.0,0.6502226854258606,0.6502226854258606,,,,1.0
34,hexane_gsolv_eV,207,0.9999998807907104,0.0,0.6502226854258606,0.6502226854258606,,,,1.0
34,hexane_gsolv_eV,208,0.9999998807907104,0.0,0.6502226854258606,0.6502226854258606,,,,1.0
34,hexane_gsolv_eV,209,0.9999998807907104,0.0,0.6502226854258606,0.6502226854258606,,,,1.0
34,hexane_gsolv_eV,210,0.9999998807907104,0.0,0.6502226854258606,0.6502226854258606,,,,1.0
34,hexane_gsolv_eV,211,0.9999998807907104,0.0,0.6502226854258606,0.6502226854258606,,,,1.0
34,hexane_gsolv_eV,212,0.9999998807907104,0.0,0.6502226854258606,0.6502226854258606,,,,1.0
34,hexane_gsolv_eV,213,0.9999998807907104,0.0,0.6502226854258606,0.6502226854258606,,,,1.0
34,hexane_gsolv_eV,214,0.9999998807907104,0.0,0.6502226854258606,0.6502226854258606,,,,1.0
34,hexane_gsolv_eV,215,0.9999998807907104,0.0,0.6502226854258606,0.6502226854258606,,,,1.0
34,hexane_gsolv_eV,216,0.9999998807907104,0.0,0.6502226854258606,0.6502226854258606,,,,1.0
34,hexane_gsolv_eV,217,0.9999998807907104,0.0,0.6502226854258606,0.6502226854258606,,,,1.0
34,hexane_gsolv_eV,218,0.9999998807907104,0.0,0.6502226854258606,0.6502226854258606,,,,1.0
34,hexane_gsolv_eV,219,0.9999998807907104,0.0,0.6502226854258606,0.6502226854258606,,,,1.0
34,hexane_gsolv_eV,220,0.9999998807907104,0.0,0.6502226854258606,0.6502226854258606,,,,1.0
34,hexane_gsolv_eV,221,0.9999998807907104,0.0,0.6502226854258606,0.6502226854258606,,,,1.0
34,hexane_gsolv_eV,222,0.9999998807907104,0.0,0.6502226854258606,0.6502226854258606,,,,1.0
34,hexane_gsolv_eV,223,0.9999998807907104,0.0,0.6502226854258606,0.6502226854258606,,,,1.0
34,hexane_gsolv_eV,224,0.9999998807907104,0.0,0.6502226854258606,0.6502226854258606,,,,1.0
34,hexane_gsolv_eV,225,0.9999998807907104,0.0,0.6502226854258606,0.6502226854258606,,,,1.0
34,hexane_gsolv_eV,226,0.9999998807907104,0.0,0.6502226854258606,0.6502226854258606,,,,1.0
34,hexane_gsolv_eV,227,0.9999998807907104,0.0,0.6502226854258606,0.6502226854258606,,,,1.0
34,hexane_gsolv_eV,228,0.9999998807907104,0.0,0.6502226854258606,0.6502226854258606,,,,1.0
34,hexane_gsolv_eV,229,0.9999998807907104,0.0,0.6502226854258606,0.6502226854258606,,,,1.0
34,hexane_gsolv_eV,230,0.9999998807907104,0.0,0.6502226854258606,0.6502226854258606,,,,1.0
34,hexane_gsolv_eV,231,0.9999998807907104,0.0,0.6502226854258606,0.6502226854258606,,,,1.0
34,hexane_gsolv_eV,232,0.9999998807907104,0.0,0.6502226854258606,0.6502226854258606,,,,1.0
34,hexane_gsolv_eV,233,0.9999998807907104,0.0,0.6502226854258606,0.6502226854258606,,,,1.0
34,hexane_gsolv_eV,234,0.9999998807907104,0.0,0.6502226854258606,0.6502226854258606,,,,1.0
34,hexane_gsolv_eV,235,0.9999998807907104,0.0,0.6502226854258606,0.6502226854258606,,,,1.0
34,hexane_gsolv_eV,236,0.9999998807907104,0.0,0.6502226854258606,0.6502226854258606,,,,1.0
34,hexane_gsolv_eV,237,0.9999998807907104,0.0,0.6502226854258606,0.6502226854258606,,,,1.0
34,hexane_gsolv_eV,238,0.9999998807907104,0.0,0.6502226854258606,0.6502226854258606,,,,1.0
34,hexane_gsolv_eV,239,0.9999998807907104,0.0,0.6502226854258606,0.6502226854258606,,,,1.0
34,hexane_gsolv_eV,240,0.9999998807907104,0.0,0.6502226854258606,0.6502226854258606,,,,1.0
34,hexane_gsolv_eV,241,0.9999998807907104,0.0,0.6502226854258606,0.6502226854258606,,,,1.0
34,hexane_gsolv_eV,242,0.9999998807907104,0.0,0.6502226854258606,0.6502226854258606,,,,1.0
34,hexane_gsolv_eV,243,0.9999998807907104,0.0,0.6502226854258606,0.6502226854258606,,,,1.0
34,hexane_gsolv_eV,244,0.9999998807907104,0.0,0.6502226854258606,0.6502226854258606,,,,1.0
34,hexane_gsolv_eV,245,0.9999998807907104,0.0,0.6502226854258606,0.6502226854258606,,,,1.0
34,hexane_gsolv_eV,246,0.9999998807907104,0.0,0.6502226854258606,0.6502226854258606,,,,1.0
34,hexane_gsolv_eV,247,0.9999998807907104,0.0,0.6502226854258606,0.6502226854258606,,,,1.0
34,hexane_gsolv_eV,248,0.9999998807907104,0.0,0.6502226854258606,0.6502226854258606,,,,1.0
34,hexane_gsolv_eV,249,0.9999998807907104,0.0,0.6502226854258606,0.6502226854258606,,,,1.0
34,hexane_hl_gap_eV,0,0.9999998807907104,0.0,0.7085161396414454,0.7085161396414454,,,,1.0
34,hexane_hl_gap_eV,1,0.9999998807907104,0.0,0.7085161396414454,0.7085161396414454,,,,1.0
34,hexane_hl_gap_eV,2,0.9999998807907104,0.0,0.7085161396414454,0.7085161396414454,,,,1.0
34,hexane_hl_gap_eV,3,0.9999998807907104,0.0,0.7085161396414454,0.7085161396414454,,,,1.0
34,hexane_hl_gap_eV,4,0.9999998807907104,0.0,0.7085161396414454,0.7085161396414454,,,,1.0
34,hexane_hl_gap_eV,5,0.9999998807907104,0.0,0.7085161396414454,0.7085161396414454,,,,1.0
34,hexane_hl_gap_eV,6,0.9999998807907104,0.0,0.7085161396414454,0.7085161396414454,,,,1.0
34,hexane_hl_gap_eV,7,0.9999998807907104,0.0,0.7085161396414454,0.7085161396414454,,,,1.0
34,hexane_hl_gap_eV,8,0.9999998807907104,0.0,0.7085161396414454,0.7085161396414454,,,,1.0
34,hexane_hl_gap_eV,9,0.9999998807907104,0.0,0.7085161396414454,0.7085161396414454,,,,1.0
34,hexane_hl_gap_eV,10,0.9999998807907104,0.0,0.7085161396414454,0.7085161396414454,,,,1.0
34,hexane_hl_gap_eV,11,0.9999998807907104,0.0,0.7085161396414454,0.7085161396414454,,,,1.0
34,hexane_hl_gap_eV,12,0.9999998807907104,0.0,0.7085161396414454,0.7085161396414454,,,,1.0
34,hexane_hl_gap_eV,13,0.9999998807907104,0.0,0.7085161396414454,0.7085161396414454,,,,1.0
34,hexane_hl_gap_eV,14,0.9999998807907104,0.0,0.7085161396414454,0.7085161396414454,,,,1.0
34,hexane_hl_gap_eV,15,0.9999998807907104,0.0,0.7085161396414454,0.7085161396414454,,,,1.0
34,hexane_hl_gap_eV,16,0.9999998807907104,0.0,0.7085161396414454,0.7085161396414454,,,,1.0
34,hexane_hl_gap_eV,17,0.9999998807907104,0.0,0.7085161396414454,0.7085161396414454,,,,1.0
34,hexane_hl_gap_eV,18,0.9999998807907104,0.0,0.7085161396414454,0.7085161396414454,,,,1.0
34,hexane_hl_gap_eV,19,0.9999998807907104,0.0,0.7085161396414454,0.7085161396414454,,,,1.0
34,hexane_hl_gap_eV,20,0.9999998807907104,0.0,0.7085161396414454,0.7085161396414454,,,,1.0
34,hexane_hl_gap_eV,21,0.9999998807907104,0.0,0.7085161396414454,0.7085161396414454,,,,1.0
34,hexane_hl_gap_eV,22,0.9999998807907104,0.0,0.7085161396414454,0.7085161396414454,,,,1.0
34,hexane_hl_gap_eV,23,0.9999998807907104,0.0,0.7085161396414454,0.7085161396414454,,,,1.0
34,hexane_hl_gap_eV,24,0.9999998807907104,0.0,0.7085161396414454,0.7085161396414454,,,,1.0
34,hexane_hl_gap_eV,25,0.9999998807907104,0.0,0.7085161396414454,0.7085161396414454,,,,1.0
34,hexane_hl_gap_eV,26,0.9999998807907104,0.0,0.7085161396414454,0.7085161396414454,,,,1.0
34,hexane_hl_gap_eV,27,0.9999998807907104,0.0,0.7085161396414454,0.7085161396414454,,,,1.0
34,hexane_hl_gap_eV,28,0.9999998807907104,0.0,0.7085161396414454,0.7085161396414454,,,,1.0
34,hexane_hl_gap_eV,29,0.9999998807907104,0.0,0.7085161396414454,0.7085161396414454,,,,1.0
34,hexane_hl_gap_eV,30,0.9999998807907104,0.0,0.7085161396414454,0.7085161396414454,,,,1.0
34,hexane_hl_gap_eV,31,0.9999998807907104,0.0,0.7085161396414454,0.7085161396414454,,,,1.0
34,hexane_hl_gap_eV,32,0.9999998807907104,0.0,0.7085161396414454,0.7085161396414454,,,,1.0
34,hexane_hl_gap_eV,33,0.9999998807907104,0.0,0.7085161396414454,0.7085161396414454,,,,1.0
34,hexane_hl_gap_eV,34,0.9999998807907104,0.0,0.7085161396414454,0.7085161396414454,,,,1.0
34,hexane_hl_gap_eV,35,0.9999998807907104,0.0,0.7085161396414454,0.7085161396414454,,,,1.0
34,hexane_hl_gap_eV,36,0.9999998807907104,0.0,0.7085161396414454,0.7085161396414454,,,,1.0
34,hexane_hl_gap_eV,37,0.9999998807907104,0.0,0.7085161396414454,0.7085161396414454,,,,1.0
34,hexane_hl_gap_eV,38,0.9999998807907104,0.0,0.7085161396414454,0.7085161396414454,,,,1.0
34,hexane_hl_gap_eV,39,0.9999998807907104,0.0,0.7085161396414454,0.7085161396414454,,,,1.0
34,hexane_hl_gap_eV,40,0.9999998807907104,0.0,0.7085161396414454,0.7085161396414454,,,,1.0
34,hexane_hl_gap_eV,41,0.9999998807907104,0.0,0.7085161396414454,0.7085161396414454,,,,1.0
34,hexane_hl_gap_eV,42,0.9999998807907104,0.0,0.7085161396414454,0.7085161396414454,,,,1.0
34,hexane_hl_gap_eV,43,0.9999998807907104,0.0,0.7085161396414454,0.7085161396414454,,,,1.0
34,hexane_hl_gap_eV,44,0.9999998807907104,0.0,0.7085161396414454,0.7085161396414454,,,,1.0
34,hexane_hl_gap_eV,45,0.9999998807907104,0.0,0.7085161396414454,0.7085161396414454,,,,1.0
34,hexane_hl_gap_eV,46,0.9999998807907104,0.0,0.7085161396414454,0.7085161396414454,,,,1.0
34,hexane_hl_gap_eV,47,0.9999998807907104,0.0,0.7085161396414454,0.7085161396414454,,,,1.0
34,hexane_hl_gap_eV,48,0.9999998807907104,0.0,0.7085161396414454,0.7085161396414454,,,,1.0
34,hexane_hl_gap_eV,49,0.9999998807907104,0.0,0.7085161396414454,0.7085161396414454,,,,1.0
34,hexane_hl_gap_eV,50,0.9999998807907104,0.0,0.7085161396414454,0.7085161396414454,,,,1.0
34,hexane_hl_gap_eV,51,0.9999998807907104,0.0,0.7085161396414454,0.7085161396414454,,,,1.0
34,hexane_hl_gap_eV,52,0.9999998807907104,0.0,0.7085161396414454,0.7085161396414454,,,,1.0
34,hexane_hl_gap_eV,53,0.9999998807907104,0.0,0.7085161396414454,0.7085161396414454,,,,1.0
34,hexane_hl_gap_eV,54,0.9999998807907104,0.0,0.7085161396414454,0.7085161396414454,,,,1.0
34,hexane_hl_gap_eV,55,0.9999998807907104,0.0,0.7085161396414454,0.7085161396414454,,,,1.0
34,hexane_hl_gap_eV,56,0.9999998807907104,0.0,0.7085161396414454,0.7085161396414454,,,,1.0
34,hexane_hl_gap_eV,57,0.9999998807907104,0.0,0.7085161396414454,0.7085161396414454,,,,1.0
34,hexane_hl_gap_eV,58,0.9999998807907104,0.0,0.7085161396414454,0.7085161396414454,,,,1.0
34,hexane_hl_gap_eV,59,0.9999998807907104,0.0,0.7085161396414454,0.7085161396414454,,,,1.0
34,hexane_hl_gap_eV,60,0.9999998807907104,0.0,0.7085161396414454,0.7085161396414454,,,,1.0
34,hexane_hl_gap_eV,61,0.9999998807907104,0.0,0.7085161396414454,0.7085161396414454,,,,1.0
34,hexane_hl_gap_eV,62,0.9999998807907104,0.0,0.7085161396414454,0.7085161396414454,,,,1.0
34,hexane_hl_gap_eV,63,0.9999998807907104,0.0,0.7085161396414454,0.7085161396414454,,,,1.0
34,hexane_hl_gap_eV,64,0.9999998807907104,0.0,0.7085161396414454,0.7085161396414454,,,,1.0
34,hexane_hl_gap_eV,65,0.9999998807907104,0.0,0.7085161396414454,0.7085161396414454,,,,1.0
34,hexane_hl_gap_eV,66,0.9999998807907104,0.0,0.7085161396414454,0.7085161396414454,,,,1.0
34,hexane_hl_gap_eV,67,0.9999998807907104,0.0,0.7085161396414454,0.7085161396414454,,,,1.0
34,hexane_hl_gap_eV,68,0.9999998807907104,0.0,0.7085161396414454,0.7085161396414454,,,,1.0
34,hexane_hl_gap_eV,69,0.9999998807907104,0.0,0.7085161396414454,0.7085161396414454,,,,1.0
34,hexane_hl_gap_eV,70,0.9999998807907104,0.0,0.7085161396414454,0.7085161396414454,,,,1.0
34,hexane_hl_gap_eV,71,0.9999998807907104,0.0,0.7085161396414454,0.7085161396414454,,,,1.0
34,hexane_hl_gap_eV,72,0.9999998807907104,0.0,0.7085161396414454,0.7085161396414454,,,,1.0
34,hexane_hl_gap_eV,73,0.9999998807907104,0.0,0.7085161396414454,0.7085161396414454,,,,1.0
34,hexane_hl_gap_eV,74,0.9999998807907104,0.0,0.7085161396414454,0.7085161396414454,,,,1.0
34,hexane_hl_gap_eV,75,0.9999998807907104,0.0,0.7085161396414454,0.7085161396414454,,,,1.0
34,hexane_hl_gap_eV,76,0.9999998807907104,0.0,0.7085161396414454,0.7085161396414454,,,,1.0
34,hexane_hl_gap_eV,77,0.9999998807907104,0.0,0.7085161396414454,0.7085161396414454,,,,1.0
34,hexane_hl_gap_eV,78,0.9999998807907104,0.0,0.7085161396414454,0.7085161396414454,,,,1.0
34,hexane_hl_gap_eV,79,0.9999998807907104,0.0,0.7085161396414454,0.7085161396414454,,,,1.0
34,hexane_hl_gap_eV,80,0.9999998807907104,0.0,0.7085161396414454,0.7085161396414454,,,,1.0
34,hexane_hl_gap_eV,81,0.9999998807907104,0.0,0.7085161396414454,0.7085161396414454,,,,1.0
34,hexane_hl_gap_eV,82,0.9999998807907104,0.0,0.7085161396414454,0.7085161396414454,,,,1.0
34,hexane_hl_gap_eV,83,0.9999998807907104,0.0,0.7085161396414454,0.7085161396414454,,,,1.0
34,hexane_hl_gap_eV,84,0.9999998807907104,0.0,0.7085161396414454,0.7085161396414454,,,,1.0
34,hexane_hl_gap_eV,85,0.9999998807907104,0.0,0.7085161396414454,0.7085161396414454,,,,1.0
34,hexane_hl_gap_eV,86,0.9999998807907104,0.0,0.7085161396414454,0.7085161396414454,,,,1.0
34,hexane_hl_gap_eV,87,0.9999998807907104,0.0,0.7085161396414454,0.7085161396414454,,,,1.0
34,hexane_hl_gap_eV,88,0.9999998807907104,0.0,0.7085161396414454,0.7085161396414454,,,,1.0
34,hexane_hl_gap_eV,89,0.9999998807907104,0.0,0.7085161396414454,0.7085161396414454,,,,1.0
34,hexane_hl_gap_eV,90,0.9999998807907104,0.0,0.7085161396414454,0.7085161396414454,,,,1.0
34,hexane_hl_gap_eV,91,0.9999998807907104,0.0,0.7085161396414454,0.7085161396414454,,,,1.0
34,hexane_hl_gap_eV,92,0.9999998807907104,0.0,0.7085161396414454,0.7085161396414454,,,,1.0
34,hexane_hl_gap_eV,93,0.9999998807907104,0.0,0.7085161396414454,0.7085161396414454,,,,1.0
34,hexane_hl_gap_eV,94,0.9999998807907104,0.0,0.7085161396414454,0.7085161396414454,,,,1.0
34,hexane_hl_gap_eV,95,0.9999998807907104,0.0,0.7085161396414454,0.7085161396414454,,,,1.0
34,hexane_hl_gap_eV,96,0.9999998807907104,0.0,0.7085161396414454,0.7085161396414454,,,,1.0
34,hexane_hl_gap_eV,97,0.9999998807907104,0.0,0.7085161396414454,0.7085161396414454,,,,1.0
34,hexane_hl_gap_eV,98,0.9999998807907104,0.0,0.7085161396414454,0.7085161396414454,,,,1.0
34,hexane_hl_gap_eV,99,0.9999998807907104,0.0,0.7085161396414454,0.7085161396414454,,,,1.0
34,hexane_hl_gap_eV,100,0.9999998807907104,0.0,0.7085161396414454,0.7085161396414454,,,,1.0
34,hexane_hl_gap_eV,101,0.9999998807907104,0.0,0.7085161396414454,0.7085161396414454,,,,1.0
34,hexane_hl_gap_eV,102,0.9999998807907104,0.0,0.7085161396414454,0.7085161396414454,,,,1.0
34,hexane_hl_gap_eV,103,0.9999998807907104,0.0,0.7085161396414454,0.7085161396414454,,,,1.0
34,hexane_hl_gap_eV,104,0.9999998807907104,0.0,0.7085161396414454,0.7085161396414454,,,,1.0
34,hexane_hl_gap_eV,105,0.9999998807907104,0.0,0.7085161396414454,0.7085161396414454,,,,1.0
34,hexane_hl_gap_eV,106,0.9999998807907104,0.0,0.7085161396414454,0.7085161396414454,,,,1.0
34,hexane_hl_gap_eV,107,0.9999998807907104,0.0,0.7085161396414454,0.7085161396414454,,,,1.0
34,hexane_hl_gap_eV,108,0.9999998807907104,0.0,0.7085161396414454,0.7085161396414454,,,,1.0
34,hexane_hl_gap_eV,109,0.9999998807907104,0.0,0.7085161396414454,0.7085161396414454,,,,1.0
34,hexane_hl_gap_eV,110,0.9999998807907104,0.0,0.7085161396414454,0.7085161396414454,,,,1.0
34,hexane_hl_gap_eV,111,0.9999998807907104,0.0,0.7085161396414454,0.7085161396414454,,,,1.0
34,hexane_hl_gap_eV,112,0.9999998807907104,0.0,0.7085161396414454,0.7085161396414454,,,,1.0
34,hexane_hl_gap_eV,113,0.9999998807907104,0.0,0.7085161396414454,0.7085161396414454,,,,1.0
34,hexane_hl_gap_eV,114,0.9999998807907104,0.0,0.7085161396414454,0.7085161396414454,,,,1.0
34,hexane_hl_gap_eV,115,0.9999998807907104,0.0,0.7085161396414454,0.7085161396414454,,,,1.0
34,hexane_hl_gap_eV,116,0.9999998807907104,0.0,0.7085161396414454,0.7085161396414454,,,,1.0
34,hexane_hl_gap_eV,117,0.9999998807907104,0.0,0.7085161396414454,0.7085161396414454,,,,1.0
34,hexane_hl_gap_eV,118,0.9999998807907104,0.0,0.7085161396414454,0.7085161396414454,,,,1.0
34,hexane_hl_gap_eV,119,0.9999998807907104,0.0,0.7085161396414454,0.7085161396414454,,,,1.0
34,hexane_hl_gap_eV,120,0.9999998807907104,0.0,0.7085161396414454,0.7085161396414454,,,,1.0
34,hexane_hl_gap_eV,121,0.9999998807907104,0.0,0.7085161396414454,0.7085161396414454,,,,1.0
34,hexane_hl_gap_eV,122,0.9999998807907104,0.0,0.7085161396414454,0.7085161396414454,,,,1.0
34,hexane_hl_gap_eV,123,0.9999998807907104,0.0,0.7085161396414454,0.7085161396414454,,,,1.0
34,hexane_hl_gap_eV,124,0.9999998807907104,0.0,0.7085161396414454,0.7085161396414454,,,,1.0
34,hexane_hl_gap_eV,125,0.9999998807907104,0.0,0.7085161396414454,0.7085161396414454,,,,1.0
34,hexane_hl_gap_eV,126,0.9999998807907104,0.0,0.7085161396414454,0.7085161396414454,,,,1.0
34,hexane_hl_gap_eV,127,0.9999998807907104,0.0,0.7085161396414454,0.7085161396414454,,,,1.0
34,hexane_hl_gap_eV,128,0.9999998807907104,0.0,0.7085161396414454,0.7085161396414454,,,,1.0
34,hexane_hl_gap_eV,129,0.9999998807907104,0.0,0.7085161396414454,0.7085161396414454,,,,1.0
34,hexane_hl_gap_eV,130,0.9999998807907104,0.0,0.7085161396414454,0.7085161396414454,,,,1.0
34,hexane_hl_gap_eV,131,0.9999998807907104,0.0,0.7085161396414454,0.7085161396414454,,,,1.0
34,hexane_hl_gap_eV,132,0.9999998807907104,0.0,0.7085161396414454,0.7085161396414454,,,,1.0
34,hexane_hl_gap_eV,133,0.9999998807907104,0.0,0.7085161396414454,0.7085161396414454,,,,1.0
34,hexane_hl_gap_eV,134,0.9999998807907104,0.0,0.7085161396414454,0.7085161396414454,,,,1.0
34,hexane_hl_gap_eV,135,0.9999998807907104,0.0,0.7085161396414454,0.7085161396414454,,,,1.0
34,hexane_hl_gap_eV,136,0.9999998807907104,0.0,0.7085161396414454,0.7085161396414454,,,,1.0
34,hexane_hl_gap_eV,137,0.9999998807907104,0.0,0.7085161396414454,0.7085161396414454,,,,1.0
34,hexane_hl_gap_eV,138,0.9999998807907104,0.0,0.7085161396414454,0.7085161396414454,,,,1.0
34,hexane_hl_gap_eV,139,0.9999998807907104,0.0,0.7085161396414454,0.7085161396414454,,,,1.0
34,hexane_hl_gap_eV,140,0.9999998807907104,0.0,0.7085161396414454,0.7085161396414454,,,,1.0
34,hexane_hl_gap_eV,141,0.9999998807907104,0.0,0.7085161396414454,0.7085161396414454,,,,1.0
34,hexane_hl_gap_eV,142,0.9999998807907104,0.0,0.7085161396414454,0.7085161396414454,,,,1.0
34,hexane_hl_gap_eV,143,0.9999998807907104,0.0,0.7085161396414454,0.7085161396414454,,,,1.0
34,hexane_hl_gap_eV,144,0.9999998807907104,0.0,0.7085161396414454,0.7085161396414454,,,,1.0
34,hexane_hl_gap_eV,145,0.9999998807907104,0.0,0.7085161396414454,0.7085161396414454,,,,1.0
34,hexane_hl_gap_eV,146,0.9999998807907104,0.0,0.7085161396414454,0.7085161396414454,,,,1.0
34,hexane_hl_gap_eV,147,0.9999998807907104,0.0,0.7085161396414454,0.7085161396414454,,,,1.0
34,hexane_hl_gap_eV,148,0.9999998807907104,0.0,0.7085161396414454,0.7085161396414454,,,,1.0
34,hexane_hl_gap_eV,149,0.9999998807907104,0.0,0.7085161396414454,0.7085161396414454,,,,1.0
34,hexane_hl_gap_eV,150,0.9999998807907104,0.0,0.7085161396414454,0.7085161396414454,,,,1.0
34,hexane_hl_gap_eV,151,0.9999998807907104,0.0,0.7085161396414454,0.7085161396414454,,,,1.0
34,hexane_hl_gap_eV,152,0.9999998807907104,0.0,0.7085161396414454,0.7085161396414454,,,,1.0
34,hexane_hl_gap_eV,153,0.9999998807907104,0.0,0.7085161396414454,0.7085161396414454,,,,1.0
34,hexane_hl_gap_eV,154,0.9999998807907104,0.0,0.7085161396414454,0.7085161396414454,,,,1.0
34,hexane_hl_gap_eV,155,0.9999998807907104,0.0,0.7085161396414454,0.7085161396414454,,,,1.0
34,hexane_hl_gap_eV,156,0.9999998807907104,0.0,0.7085161396414454,0.7085161396414454,,,,1.0
34,hexane_hl_gap_eV,157,0.9999998807907104,0.0,0.7085161396414454,0.7085161396414454,,,,1.0
34,hexane_hl_gap_eV,158,0.9999998807907104,0.0,0.7085161396414454,0.7085161396414454,,,,1.0
34,hexane_hl_gap_eV,159,0.9999998807907104,0.0,0.7085161396414454,0.7085161396414454,,,,1.0
34,hexane_hl_gap_eV,160,0.9999998807907104,0.0,0.7085161396414454,0.7085161396414454,,,,1.0
34,hexane_hl_gap_eV,161,0.9999998807907104,0.0,0.7085161396414454,0.7085161396414454,,,,1.0
34,hexane_hl_gap_eV,162,0.9999998807907104,0.0,0.7085161396414454,0.7085161396414454,,,,1.0
34,hexane_hl_gap_eV,163,0.9999998807907104,0.0,0.7085161396414454,0.7085161396414454,,,,1.0
34,hexane_hl_gap_eV,164,0.9999998807907104,0.0,0.7085161396414454,0.7085161396414454,,,,1.0
34,hexane_hl_gap_eV,165,0.9999998807907104,0.0,0.7085161396414454,0.7085161396414454,,,,1.0
34,hexane_hl_gap_eV,166,0.9999998807907104,0.0,0.7085161396414454,0.7085161396414454,,,,1.0
34,hexane_hl_gap_eV,167,0.9999998807907104,0.0,0.7085161396414454,0.7085161396414454,,,,1.0
34,hexane_hl_gap_eV,168,0.9999998807907104,0.0,0.7085161396414454,0.7085161396414454,,,,1.0
34,hexane_hl_gap_eV,169,0.9999998807907104,0.0,0.7085161396414454,0.7085161396414454,,,,1.0
34,hexane_hl_gap_eV,170,0.9999998807907104,0.0,0.7085161396414454,0.7085161396414454,,,,1.0
34,hexane_hl_gap_eV,171,0.9999998807907104,0.0,0.7085161396414454,0.7085161396414454,,,,1.0
34,hexane_hl_gap_eV,172,0.9999998807907104,0.0,0.7085161396414454,0.7085161396414454,,,,1.0
34,hexane_hl_gap_eV,173,0.9999998807907104,0.0,0.7085161396414454,0.7085161396414454,,,,1.0
34,hexane_hl_gap_eV,174,0.9999998807907104,0.0,0.7085161396414454,0.7085161396414454,,,,1.0
34,hexane_hl_gap_eV,175,0.9999998807907104,0.0,0.7085161396414454,0.7085161396414454,,,,1.0
34,hexane_hl_gap_eV,176,0.9999998807907104,0.0,0.7085161396414454,0.7085161396414454,,,,1.0
34,hexane_hl_gap_eV,177,0.9999998807907104,0.0,0.7085161396414454,0.7085161396414454,,,,1.0
34,hexane_hl_gap_eV,178,0.9999998807907104,0.0,0.7085161396414454,0.7085161396414454,,,,1.0
34,hexane_hl_gap_eV,179,0.9999998807907104,0.0,0.7085161396414454,0.7085161396414454,,,,1.0
34,hexane_hl_gap_eV,180,0.9999998807907104,0.0,0.7085161396414454,0.7085161396414454,,,,1.0
34,hexane_hl_gap_eV,181,0.9999998807907104,0.0,0.7085161396414454,0.7085161396414454,,,,1.0
34,hexane_hl_gap_eV,182,0.9999998807907104,0.0,0.7085161396414454,0.7085161396414454,,,,1.0
34,hexane_hl_gap_eV,183,0.9999998807907104,0.0,0.7085161396414454,0.7085161396414454,,,,1.0
34,hexane_hl_gap_eV,184,0.9999998807907104,0.0,0.7085161396414454,0.7085161396414454,,,,1.0
34,hexane_hl_gap_eV,185,0.9999998807907104,0.0,0.7085161396414454,0.7085161396414454,,,,1.0
34,hexane_hl_gap_eV,186,0.9999998807907104,0.0,0.7085161396414454,0.7085161396414454,,,,1.0
34,hexane_hl_gap_eV,187,0.9999998807907104,0.0,0.7085161396414454,0.7085161396414454,,,,1.0
34,hexane_hl_gap_eV,188,0.9999998807907104,0.0,0.7085161396414454,0.7085161396414454,,,,1.0
34,hexane_hl_gap_eV,189,0.9999998807907104,0.0,0.7085161396414454,0.7085161396414454,,,,1.0
34,hexane_hl_gap_eV,190,0.9999998807907104,0.0,0.7085161396414454,0.7085161396414454,,,,1.0
34,hexane_hl_gap_eV,191,0.9999998807907104,0.0,0.7085161396414454,0.7085161396414454,,,,1.0
34,hexane_hl_gap_eV,192,0.9999998807907104,0.0,0.7085161396414454,0.7085161396414454,,,,1.0
34,hexane_hl_gap_eV,193,0.9999998807907104,0.0,0.7085161396414454,0.7085161396414454,,,,1.0
34,hexane_hl_gap_eV,194,0.9999998807907104,0.0,0.7085161396414454,0.7085161396414454,,,,1.0
34,hexane_hl_gap_eV,195,0.9999998807907104,0.0,0.7085161396414454,0.7085161396414454,,,,1.0
34,hexane_hl_gap_eV,196,0.9999998807907104,0.0,0.7085161396414454,0.7085161396414454,,,,1.0
34,hexane_hl_gap_eV,197,0.9999998807907104,0.0,0.7085161396414454,0.7085161396414454,,,,1.0
34,hexane_hl_gap_eV,198,0.9999998807907104,0.0,0.7085161396414454,0.7085161396414454,,,,1.0
34,hexane_hl_gap_eV,199,0.9999998807907104,0.0,0.7085161396414454,0.7085161396414454,,,,1.0
34,hexane_hl_gap_eV,200,0.9999998807907104,0.0,0.7085161396414454,0.7085161396414454,,,,1.0
34,hexane_hl_gap_eV,201,0.9999998807907104,0.0,0.7085161396414454,0.7085161396414454,,,,1.0
34,hexane_hl_gap_eV,202,0.9999998807907104,0.0,0.7085161396414454,0.7085161396414454,,,,1.0
34,hexane_hl_gap_eV,203,0.9999998807907104,0.0,0.7085161396414454,0.7085161396414454,,,,1.0
34,hexane_hl_gap_eV,204,0.9999998807907104,0.0,0.7085161396414454,0.7085161396414454,,,,1.0
34,hexane_hl_gap_eV,205,0.9999998807907104,0.0,0.7085161396414454,0.7085161396414454,,,,1.0
34,hexane_hl_gap_eV,206,0.9999998807907104,0.0,0.7085161396414454,0.7085161396414454,,,,1.0
34,hexane_hl_gap_eV,207,0.9999998807907104,0.0,0.7085161396414454,0.7085161396414454,,,,1.0
34,hexane_hl_gap_eV,208,0.9999998807907104,0.0,0.7085161396414454,0.7085161396414454,,,,1.0
34,hexane_hl_gap_eV,209,0.9999998807907104,0.0,0.7085161396414454,0.7085161396414454,,,,1.0
34,hexane_hl_gap_eV,210,0.9999998807907104,0.0,0.7085161396414454,0.7085161396414454,,,,1.0
34,hexane_hl_gap_eV,211,0.9999998807907104,0.0,0.7085161396414454,0.7085161396414454,,,,1.0
34,hexane_hl_gap_eV,212,0.9999998807907104,0.0,0.7085161396414454,0.7085161396414454,,,,1.0
34,hexane_hl_gap_eV,213,0.9999998807907104,0.0,0.7085161396414454,0.7085161396414454,,,,1.0
34,hexane_hl_gap_eV,214,0.9999998807907104,0.0,0.7085161396414454,0.7085161396414454,,,,1.0
34,hexane_hl_gap_eV,215,0.9999998807907104,0.0,0.7085161396414454,0.7085161396414454,,,,1.0
34,hexane_hl_gap_eV,216,0.9999998807907104,0.0,0.7085161396414454,0.7085161396414454,,,,1.0
34,hexane_hl_gap_eV,217,0.9999998807907104,0.0,0.7085161396414454,0.7085161396414454,,,,1.0
34,hexane_hl_gap_eV,218,0.9999998807907104,0.0,0.7085161396414454,0.7085161396414454,,,,1.0
34,hexane_hl_gap_eV,219,0.9999998807907104,0.0,0.7085161396414454,0.7085161396414454,,,,1.0
34,hexane_hl_gap_eV,220,0.9999998807907104,0.0,0.7085161396414454,0.7085161396414454,,,,1.0
34,hexane_hl_gap_eV,221,0.9999998807907104,0.0,0.7085161396414454,0.7085161396414454,,,,1.0
34,hexane_hl_gap_eV,222,0.9999998807907104,0.0,0.7085161396414454,0.7085161396414454,,,,1.0
34,hexane_hl_gap_eV,223,0.9999998807907104,0.0,0.7085161396414454,0.7085161396414454,,,,1.0
34,hexane_hl_gap_eV,224,0.9999998807907104,0.0,0.7085161396414454,0.7085161396414454,,,,1.0
34,hexane_hl_gap_eV,225,0.9999998807907104,0.0,0.7085161396414454,0.7085161396414454,,,,1.0
34,hexane_hl_gap_eV,226,0.9999998807907104,0.0,0.7085161396414454,0.7085161396414454,,,,1.0
34,hexane_hl_gap_eV,227,0.9999998807907104,0.0,0.7085161396414454,0.7085161396414454,,,,1.0
34,hexane_hl_gap_eV,228,0.9999998807907104,0.0,0.7085161396414454,0.7085161396414454,,,,1.0
34,hexane_hl_gap_eV,229,0.9999998807907104,0.0,0.7085161396414454,0.7085161396414454,,,,1.0
34,hexane_hl_gap_eV,230,0.9999998807907104,0.0,0.7085161396414454,0.7085161396414454,,,,1.0
34,hexane_hl_gap_eV,231,0.9999998807907104,0.0,0.7085161396414454,0.7085161396414454,,,,1.0
34,hexane_hl_gap_eV,232,0.9999998807907104,0.0,0.7085161396414454,0.7085161396414454,,,,1.0
34,hexane_hl_gap_eV,233,0.9999998807907104,0.0,0.7085161396414454,0.7085161396414454,,,,1.0
34,hexane_hl_gap_eV,234,0.9999998807907104,0.0,0.7085161396414454,0.7085161396414454,,,,1.0
34,hexane_hl_gap_eV,235,0.9999998807907104,0.0,0.7085161396414454,0.7085161396414454,,,,1.0
34,hexane_hl_gap_eV,236,0.9999998807907104,0.0,0.7085161396414454,0.7085161396414454,,,,1.0
34,hexane_hl_gap_eV,237,0.9999998807907104,0.0,0.7085161396414454,0.7085161396414454,,,,1.0
34,hexane_hl_gap_eV,238,0.9999998807907104,0.0,0.7085161396414454,0.7085161396414454,,,,1.0
34,hexane_hl_gap_eV,239,0.9999998807907104,0.0,0.7085161396414454,0.7085161396414454,,,,1.0
34,hexane_hl_gap_eV,240,0.9999998807907104,0.0,0.7085161396414454,0.7085161396414454,,,,1.0
34,hexane_hl_gap_eV,241,0.9999998807907104,0.0,0.7085161396414454,0.7085161396414454,,,,1.0
34,hexane_hl_gap_eV,242,0.9999998807907104,0.0,0.7085161396414454,0.7085161396414454,,,,1.0
34,hexane_hl_gap_eV,243,0.9999998807907104,0.0,0.7085161396414454,0.7085161396414454,,,,1.0
34,hexane_hl_gap_eV,244,0.9999998807907104,0.0,0.7085161396414454,0.7085161396414454,,,,1.0
34,hexane_hl_gap_eV,245,0.9999998807907104,0.0,0.7085161396414454,0.7085161396414454,,,,1.0
34,hexane_hl_gap_eV,246,0.9999998807907104,0.0,0.7085161396414454,0.7085161396414454,,,,1.0
34,hexane_hl_gap_eV,247,0.9999998807907104,0.0,0.7085161396414454,0.7085161396414454,,,,1.0
34,hexane_hl_gap_eV,248,0.9999998807907104,0.0,0.7085161396414454,0.7085161396414454,,,,1.0
34,hexane_hl_gap_eV,249,0.9999998807907104,0.0,0.7085161396414454,0.7085161396414454,,,,1.0
34,hexane_dipole,0,1.0000001192092896,0.0,0.5852916416290781,0.5852916416290781,,,,1.0
34,hexane_dipole,1,1.0000001192092896,0.0,0.5852916416290781,0.5852916416290781,,,,1.0
34,hexane_dipole,2,1.0000001192092896,0.0,0.5852916416290781,0.5852916416290781,,,,1.0
34,hexane_dipole,3,1.0000001192092896,0.0,0.5852916416290781,0.5852916416290781,,,,1.0
34,hexane_dipole,4,1.0000001192092896,0.0,0.5852916416290781,0.5852916416290781,,,,1.0
34,hexane_dipole,5,1.0000001192092896,0.0,0.5852916416290781,0.5852916416290781,,,,1.0
34,hexane_dipole,6,1.0000001192092896,0.0,0.5852916416290781,0.5852916416290781,,,,1.0
34,hexane_dipole,7,1.0000001192092896,0.0,0.5852916416290781,0.5852916416290781,,,,1.0
34,hexane_dipole,8,1.0000001192092896,0.0,0.5852916416290781,0.5852916416290781,,,,1.0
34,hexane_dipole,9,1.0000001192092896,0.0,0.5852916416290781,0.5852916416290781,,,,1.0
34,hexane_dipole,10,1.0000001192092896,0.0,0.5852916416290781,0.5852916416290781,,,,1.0
34,hexane_dipole,11,1.0000001192092896,0.0,0.5852916416290781,0.5852916416290781,,,,1.0
34,hexane_dipole,12,1.0000001192092896,0.0,0.5852916416290781,0.5852916416290781,,,,1.0
34,hexane_dipole,13,1.0000001192092896,0.0,0.5852916416290781,0.5852916416290781,,,,1.0
34,hexane_dipole,14,1.0000001192092896,0.0,0.5852916416290781,0.5852916416290781,,,,1.0
34,hexane_dipole,15,1.0000001192092896,0.0,0.5852916416290781,0.5852916416290781,,,,1.0
34,hexane_dipole,16,1.0000001192092896,0.0,0.5852916416290781,0.5852916416290781,,,,1.0
34,hexane_dipole,17,1.0000001192092896,0.0,0.5852916416290781,0.5852916416290781,,,,1.0
34,hexane_dipole,18,1.0000001192092896,0.0,0.5852916416290781,0.5852916416290781,,,,1.0
34,hexane_dipole,19,1.0000001192092896,0.0,0.5852916416290781,0.5852916416290781,,,,1.0
34,hexane_dipole,20,1.0000001192092896,0.0,0.5852916416290781,0.5852916416290781,,,,1.0
34,hexane_dipole,21,1.0000001192092896,0.0,0.5852916416290781,0.5852916416290781,,,,1.0
34,hexane_dipole,22,1.0000001192092896,0.0,0.5852916416290781,0.5852916416290781,,,,1.0
34,hexane_dipole,23,1.0000001192092896,0.0,0.5852916416290781,0.5852916416290781,,,,1.0
34,hexane_dipole,24,1.0000001192092896,0.0,0.5852916416290781,0.5852916416290781,,,,1.0
34,hexane_dipole,25,1.0000001192092896,0.0,0.5852916416290781,0.5852916416290781,,,,1.0
34,hexane_dipole,26,1.0000001192092896,0.0,0.5852916416290781,0.5852916416290781,,,,1.0
34,hexane_dipole,27,1.0000001192092896,0.0,0.5852916416290781,0.5852916416290781,,,,1.0
34,hexane_dipole,28,1.0000001192092896,0.0,0.5852916416290781,0.5852916416290781,,,,1.0
34,hexane_dipole,29,1.0000001192092896,0.0,0.5852916416290781,0.5852916416290781,,,,1.0
34,hexane_dipole,30,1.0000001192092896,0.0,0.5852916416290781,0.5852916416290781,,,,1.0
34,hexane_dipole,31,1.0000001192092896,0.0,0.5852916416290781,0.5852916416290781,,,,1.0
34,hexane_dipole,32,1.0000001192092896,0.0,0.5852916416290781,0.5852916416290781,,,,1.0
34,hexane_dipole,33,1.0000001192092896,0.0,0.5852916416290781,0.5852916416290781,,,,1.0
34,hexane_dipole,34,1.0000001192092896,0.0,0.5852916416290781,0.5852916416290781,,,,1.0
34,hexane_dipole,35,1.0000001192092896,0.0,0.5852916416290781,0.5852916416290781,,,,1.0
34,hexane_dipole,36,1.0000001192092896,0.0,0.5852916416290781,0.5852916416290781,,,,1.0
34,hexane_dipole,37,1.0000001192092896,0.0,0.5852916416290781,0.5852916416290781,,,,1.0
34,hexane_dipole,38,1.0000001192092896,0.0,0.5852916416290781,0.5852916416290781,,,,1.0
34,hexane_dipole,39,1.0000001192092896,0.0,0.5852916416290781,0.5852916416290781,,,,1.0
34,hexane_dipole,40,1.0000001192092896,0.0,0.5852916416290781,0.5852916416290781,,,,1.0
34,hexane_dipole,41,1.0000001192092896,0.0,0.5852916416290781,0.5852916416290781,,,,1.0
34,hexane_dipole,42,1.0000001192092896,0.0,0.5852916416290781,0.5852916416290781,,,,1.0
34,hexane_dipole,43,1.0000001192092896,0.0,0.5852916416290781,0.5852916416290781,,,,1.0
34,hexane_dipole,44,1.0000001192092896,0.0,0.5852916416290781,0.5852916416290781,,,,1.0
34,hexane_dipole,45,1.0000001192092896,0.0,0.5852916416290781,0.5852916416290781,,,,1.0
34,hexane_dipole,46,1.0000001192092896,0.0,0.5852916416290781,0.5852916416290781,,,,1.0
34,hexane_dipole,47,1.0000001192092896,0.0,0.5852916416290781,0.5852916416290781,,,,1.0
34,hexane_dipole,48,1.0000001192092896,0.0,0.5852916416290781,0.5852916416290781,,,,1.0
34,hexane_dipole,49,1.0000001192092896,0.0,0.5852916416290781,0.5852916416290781,,,,1.0
34,hexane_dipole,50,1.0000001192092896,0.0,0.5852916416290781,0.5852916416290781,,,,1.0
34,hexane_dipole,51,1.0000001192092896,0.0,0.5852916416290781,0.5852916416290781,,,,1.0
34,hexane_dipole,52,1.0000001192092896,0.0,0.5852916416290781,0.5852916416290781,,,,1.0
34,hexane_dipole,53,1.0000001192092896,0.0,0.5852916416290781,0.5852916416290781,,,,1.0
34,hexane_dipole,54,1.0000001192092896,0.0,0.5852916416290781,0.5852916416290781,,,,1.0
34,hexane_dipole,55,1.0000001192092896,0.0,0.5852916416290781,0.5852916416290781,,,,1.0
34,hexane_dipole,56,1.0000001192092896,0.0,0.5852916416290781,0.5852916416290781,,,,1.0
34,hexane_dipole,57,1.0000001192092896,0.0,0.5852916416290781,0.5852916416290781,,,,1.0
34,hexane_dipole,58,1.0000001192092896,0.0,0.5852916416290781,0.5852916416290781,,,,1.0
34,hexane_dipole,59,1.0000001192092896,0.0,0.5852916416290781,0.5852916416290781,,,,1.0
34,hexane_dipole,60,1.0000001192092896,0.0,0.5852916416290781,0.5852916416290781,,,,1.0
34,hexane_dipole,61,1.0000001192092896,0.0,0.5852916416290781,0.5852916416290781,,,,1.0
34,hexane_dipole,62,1.0000001192092896,0.0,0.5852916416290781,0.5852916416290781,,,,1.0
34,hexane_dipole,63,1.0000001192092896,0.0,0.5852916416290781,0.5852916416290781,,,,1.0
34,hexane_dipole,64,1.0000001192092896,0.0,0.5852916416290781,0.5852916416290781,,,,1.0
34,hexane_dipole,65,1.0000001192092896,0.0,0.5852916416290781,0.5852916416290781,,,,1.0
34,hexane_dipole,66,1.0000001192092896,0.0,0.5852916416290781,0.5852916416290781,,,,1.0
34,hexane_dipole,67,1.0000001192092896,0.0,0.5852916416290781,0.5852916416290781,,,,1.0
34,hexane_dipole,68,1.0000001192092896,0.0,0.5852916416290781,0.5852916416290781,,,,1.0
34,hexane_dipole,69,1.0000001192092896,0.0,0.5852916416290781,0.5852916416290781,,,,1.0
34,hexane_dipole,70,1.0000001192092896,0.0,0.5852916416290781,0.5852916416290781,,,,1.0
34,hexane_dipole,71,1.0000001192092896,0.0,0.5852916416290781,0.5852916416290781,,,,1.0
34,hexane_dipole,72,1.0000001192092896,0.0,0.5852916416290781,0.5852916416290781,,,,1.0
34,hexane_dipole,73,1.0000001192092896,0.0,0.5852916416290781,0.5852916416290781,,,,1.0
34,hexane_dipole,74,1.0000001192092896,0.0,0.5852916416290781,0.5852916416290781,,,,1.0
34,hexane_dipole,75,1.0000001192092896,0.0,0.5852916416290781,0.5852916416290781,,,,1.0
34,hexane_dipole,76,1.0000001192092896,0.0,0.5852916416290781,0.5852916416290781,,,,1.0
34,hexane_dipole,77,1.0000001192092896,0.0,0.5852916416290781,0.5852916416290781,,,,1.0
34,hexane_dipole,78,1.0000001192092896,0.0,0.5852916416290781,0.5852916416290781,,,,1.0
34,hexane_dipole,79,1.0000001192092896,0.0,0.5852916416290781,0.5852916416290781,,,,1.0
34,hexane_dipole,80,1.0000001192092896,0.0,0.5852916416290781,0.5852916416290781,,,,1.0
34,hexane_dipole,81,1.0000001192092896,0.0,0.5852916416290781,0.5852916416290781,,,,1.0
34,hexane_dipole,82,1.0000001192092896,0.0,0.5852916416290781,0.5852916416290781,,,,1.0
34,hexane_dipole,83,1.0000001192092896,0.0,0.5852916416290781,0.5852916416290781,,,,1.0
34,hexane_dipole,84,1.0000001192092896,0.0,0.5852916416290781,0.5852916416290781,,,,1.0
34,hexane_dipole,85,1.0000001192092896,0.0,0.5852916416290781,0.5852916416290781,,,,1.0
34,hexane_dipole,86,1.0000001192092896,0.0,0.5852916416290781,0.5852916416290781,,,,1.0
34,hexane_dipole,87,1.0000001192092896,0.0,0.5852916416290781,0.5852916416290781,,,,1.0
34,hexane_dipole,88,1.0000001192092896,0.0,0.5852916416290781,0.5852916416290781,,,,1.0
34,hexane_dipole,89,1.0000001192092896,0.0,0.5852916416290781,0.5852916416290781,,,,1.0
34,hexane_dipole,90,1.0000001192092896,0.0,0.5852916416290781,0.5852916416290781,,,,1.0
34,hexane_dipole,91,1.0000001192092896,0.0,0.5852916416290781,0.5852916416290781,,,,1.0
34,hexane_dipole,92,1.0000001192092896,0.0,0.5852916416290781,0.5852916416290781,,,,1.0
34,hexane_dipole,93,1.0000001192092896,0.0,0.5852916416290781,0.5852916416290781,,,,1.0
34,hexane_dipole,94,1.0000001192092896,0.0,0.5852916416290781,0.5852916416290781,,,,1.0
34,hexane_dipole,95,1.0000001192092896,0.0,0.5852916416290781,0.5852916416290781,,,,1.0
34,hexane_dipole,96,1.0000001192092896,0.0,0.5852916416290781,0.5852916416290781,,,,1.0
34,hexane_dipole,97,1.0000001192092896,0.0,0.5852916416290781,0.5852916416290781,,,,1.0
34,hexane_dipole,98,1.0000001192092896,0.0,0.5852916416290781,0.5852916416290781,,,,1.0
34,hexane_dipole,99,1.0000001192092896,0.0,0.5852916416290781,0.5852916416290781,,,,1.0
34,hexane_dipole,100,1.0000001192092896,0.0,0.5852916416290781,0.5852916416290781,,,,1.0
34,hexane_dipole,101,1.0000001192092896,0.0,0.5852916416290781,0.5852916416290781,,,,1.0
34,hexane_dipole,102,1.0000001192092896,0.0,0.5852916416290781,0.5852916416290781,,,,1.0
34,hexane_dipole,103,1.0000001192092896,0.0,0.5852916416290781,0.5852916416290781,,,,1.0
34,hexane_dipole,104,1.0000001192092896,0.0,0.5852916416290781,0.5852916416290781,,,,1.0
34,hexane_dipole,105,1.0000001192092896,0.0,0.5852916416290781,0.5852916416290781,,,,1.0
34,hexane_dipole,106,1.0000001192092896,0.0,0.5852916416290781,0.5852916416290781,,,,1.0
34,hexane_dipole,107,1.0000001192092896,0.0,0.5852916416290781,0.5852916416290781,,,,1.0
34,hexane_dipole,108,1.0000001192092896,0.0,0.5852916416290781,0.5852916416290781,,,,1.0
34,hexane_dipole,109,1.0000001192092896,0.0,0.5852916416290781,0.5852916416290781,,,,1.0
34,hexane_dipole,110,1.0000001192092896,0.0,0.5852916416290781,0.5852916416290781,,,,1.0
34,hexane_dipole,111,1.0000001192092896,0.0,0.5852916416290781,0.5852916416290781,,,,1.0
34,hexane_dipole,112,1.0000001192092896,0.0,0.5852916416290781,0.5852916416290781,,,,1.0
34,hexane_dipole,113,1.0000001192092896,0.0,0.5852916416290781,0.5852916416290781,,,,1.0
34,hexane_dipole,114,1.0000001192092896,0.0,0.5852916416290781,0.5852916416290781,,,,1.0
34,hexane_dipole,115,1.0000001192092896,0.0,0.5852916416290781,0.5852916416290781,,,,1.0
34,hexane_dipole,116,1.0000001192092896,0.0,0.5852916416290781,0.5852916416290781,,,,1.0
34,hexane_dipole,117,1.0000001192092896,0.0,0.5852916416290781,0.5852916416290781,,,,1.0
34,hexane_dipole,118,1.0000001192092896,0.0,0.5852916416290781,0.5852916416290781,,,,1.0
34,hexane_dipole,119,1.0000001192092896,0.0,0.5852916416290781,0.5852916416290781,,,,1.0
34,hexane_dipole,120,1.0000001192092896,0.0,0.5852916416290781,0.5852916416290781,,,,1.0
34,hexane_dipole,121,1.0000001192092896,0.0,0.5852916416290781,0.5852916416290781,,,,1.0
34,hexane_dipole,122,1.0000001192092896,0.0,0.5852916416290781,0.5852916416290781,,,,1.0
34,hexane_dipole,123,1.0000001192092896,0.0,0.5852916416290781,0.5852916416290781,,,,1.0
34,hexane_dipole,124,1.0000001192092896,0.0,0.5852916416290781,0.5852916416290781,,,,1.0
34,hexane_dipole,125,1.0000001192092896,0.0,0.5852916416290781,0.5852916416290781,,,,1.0
34,hexane_dipole,126,1.0000001192092896,0.0,0.5852916416290781,0.5852916416290781,,,,1.0
34,hexane_dipole,127,1.0000001192092896,0.0,0.5852916416290781,0.5852916416290781,,,,1.0
34,hexane_dipole,128,1.0000001192092896,0.0,0.5852916416290781,0.5852916416290781,,,,1.0
34,hexane_dipole,129,1.0000001192092896,0.0,0.5852916416290781,0.5852916416290781,,,,1.0
34,hexane_dipole,130,1.0000001192092896,0.0,0.5852916416290781,0.5852916416290781,,,,1.0
34,hexane_dipole,131,1.0000001192092896,0.0,0.5852916416290781,0.5852916416290781,,,,1.0
34,hexane_dipole,132,1.0000001192092896,0.0,0.5852916416290781,0.5852916416290781,,,,1.0
34,hexane_dipole,133,1.0000001192092896,0.0,0.5852916416290781,0.5852916416290781,,,,1.0
34,hexane_dipole,134,1.0000001192092896,0.0,0.5852916416290781,0.5852916416290781,,,,1.0
34,hexane_dipole,135,1.0000001192092896,0.0,0.5852916416290781,0.5852916416290781,,,,1.0
34,hexane_dipole,136,1.0000001192092896,0.0,0.5852916416290781,0.5852916416290781,,,,1.0
34,hexane_dipole,137,1.0000001192092896,0.0,0.5852916416290781,0.5852916416290781,,,,1.0
34,hexane_dipole,138,1.0000001192092896,0.0,0.5852916416290781,0.5852916416290781,,,,1.0
34,hexane_dipole,139,1.0000001192092896,0.0,0.5852916416290781,0.5852916416290781,,,,1.0
34,hexane_dipole,140,1.0000001192092896,0.0,0.5852916416290781,0.5852916416290781,,,,1.0
34,hexane_dipole,141,1.0000001192092896,0.0,0.5852916416290781,0.5852916416290781,,,,1.0
34,hexane_dipole,142,1.0000001192092896,0.0,0.5852916416290781,0.5852916416290781,,,,1.0
34,hexane_dipole,143,1.0000001192092896,0.0,0.5852916416290781,0.5852916416290781,,,,1.0
34,hexane_dipole,144,1.0000001192092896,0.0,0.5852916416290781,0.5852916416290781,,,,1.0
34,hexane_dipole,145,1.0000001192092896,0.0,0.5852916416290781,0.5852916416290781,,,,1.0
34,hexane_dipole,146,1.0000001192092896,0.0,0.5852916416290781,0.5852916416290781,,,,1.0
34,hexane_dipole,147,1.0000001192092896,0.0,0.5852916416290781,0.5852916416290781,,,,1.0
34,hexane_dipole,148,1.0000001192092896,0.0,0.5852916416290781,0.5852916416290781,,,,1.0
34,hexane_dipole,149,1.0000001192092896,0.0,0.5852916416290781,0.5852916416290781,,,,1.0
34,hexane_dipole,150,1.0000001192092896,0.0,0.5852916416290781,0.5852916416290781,,,,1.0
34,hexane_dipole,151,1.0000001192092896,0.0,0.5852916416290781,0.5852916416290781,,,,1.0
34,hexane_dipole,152,1.0000001192092896,0.0,0.5852916416290781,0.5852916416290781,,,,1.0
34,hexane_dipole,153,1.0000001192092896,0.0,0.5852916416290781,0.5852916416290781,,,,1.0
34,hexane_dipole,154,1.0000001192092896,0.0,0.5852916416290781,0.5852916416290781,,,,1.0
34,hexane_dipole,155,1.0000001192092896,0.0,0.5852916416290781,0.5852916416290781,,,,1.0
34,hexane_dipole,156,1.0000001192092896,0.0,0.5852916416290781,0.5852916416290781,,,,1.0
34,hexane_dipole,157,1.0000001192092896,0.0,0.5852916416290781,0.5852916416290781,,,,1.0
34,hexane_dipole,158,1.0000001192092896,0.0,0.5852916416290781,0.5852916416290781,,,,1.0
34,hexane_dipole,159,1.0000001192092896,0.0,0.5852916416290781,0.5852916416290781,,,,1.0
34,hexane_dipole,160,1.0000001192092896,0.0,0.5852916416290781,0.5852916416290781,,,,1.0
34,hexane_dipole,161,1.0000001192092896,0.0,0.5852916416290781,0.5852916416290781,,,,1.0
34,hexane_dipole,162,1.0000001192092896,0.0,0.5852916416290781,0.5852916416290781,,,,1.0
34,hexane_dipole,163,1.0000001192092896,0.0,0.5852916416290781,0.5852916416290781,,,,1.0
34,hexane_dipole,164,1.0000001192092896,0.0,0.5852916416290781,0.5852916416290781,,,,1.0
34,hexane_dipole,165,1.0000001192092896,0.0,0.5852916416290781,0.5852916416290781,,,,1.0
34,hexane_dipole,166,1.0000001192092896,0.0,0.5852916416290781,0.5852916416290781,,,,1.0
34,hexane_dipole,167,1.0000001192092896,0.0,0.5852916416290781,0.5852916416290781,,,,1.0
34,hexane_dipole,168,1.0000001192092896,0.0,0.5852916416290781,0.5852916416290781,,,,1.0
34,hexane_dipole,169,1.0000001192092896,0.0,0.5852916416290781,0.5852916416290781,,,,1.0
34,hexane_dipole,170,1.0000001192092896,0.0,0.5852916416290781,0.5852916416290781,,,,1.0
34,hexane_dipole,171,1.0000001192092896,0.0,0.5852916416290781,0.5852916416290781,,,,1.0
34,hexane_dipole,172,1.0000001192092896,0.0,0.5852916416290781,0.5852916416290781,,,,1.0
34,hexane_dipole,173,1.0000001192092896,0.0,0.5852916416290781,0.5852916416290781,,,,1.0
34,hexane_dipole,174,1.0000001192092896,0.0,0.5852916416290781,0.5852916416290781,,,,1.0
34,hexane_dipole,175,1.0000001192092896,0.0,0.5852916416290781,0.5852916416290781,,,,1.0
34,hexane_dipole,176,1.0000001192092896,0.0,0.5852916416290781,0.5852916416290781,,,,1.0
34,hexane_dipole,177,1.0000001192092896,0.0,0.5852916416290781,0.5852916416290781,,,,1.0
34,hexane_dipole,178,1.0000001192092896,0.0,0.5852916416290781,0.5852916416290781,,,,1.0
34,hexane_dipole,179,1.0000001192092896,0.0,0.5852916416290781,0.5852916416290781,,,,1.0
34,hexane_dipole,180,1.0000001192092896,0.0,0.5852916416290781,0.5852916416290781,,,,1.0
34,hexane_dipole,181,1.0000001192092896,0.0,0.5852916416290781,0.5852916416290781,,,,1.0
34,hexane_dipole,182,1.0000001192092896,0.0,0.5852916416290781,0.5852916416290781,,,,1.0
34,hexane_dipole,183,1.0000001192092896,0.0,0.5852916416290781,0.5852916416290781,,,,1.0
34,hexane_dipole,184,1.0000001192092896,0.0,0.5852916416290781,0.5852916416290781,,,,1.0
34,hexane_dipole,185,1.0000001192092896,0.0,0.5852916416290781,0.5852916416290781,,,,1.0
34,hexane_dipole,186,1.0000001192092896,0.0,0.5852916416290781,0.5852916416290781,,,,1.0
34,hexane_dipole,187,1.0000001192092896,0.0,0.5852916416290781,0.5852916416290781,,,,1.0
34,hexane_dipole,188,1.0000001192092896,0.0,0.5852916416290781,0.5852916416290781,,,,1.0
34,hexane_dipole,189,1.0000001192092896,0.0,0.5852916416290781,0.5852916416290781,,,,1.0
34,hexane_dipole,190,1.0000001192092896,0.0,0.5852916416290781,0.5852916416290781,,,,1.0
34,hexane_dipole,191,1.0000001192092896,0.0,0.5852916416290781,0.5852916416290781,,,,1.0
34,hexane_dipole,192,1.0000001192092896,0.0,0.5852916416290781,0.5852916416290781,,,,1.0
34,hexane_dipole,193,1.0000001192092896,0.0,0.5852916416290781,0.5852916416290781,,,,1.0
34,hexane_dipole,194,1.0000001192092896,0.0,0.5852916416290781,0.5852916416290781,,,,1.0
34,hexane_dipole,195,1.0000001192092896,0.0,0.5852916416290781,0.5852916416290781,,,,1.0
34,hexane_dipole,196,1.0000001192092896,0.0,0.5852916416290781,0.5852916416290781,,,,1.0
34,hexane_dipole,197,1.0000001192092896,0.0,0.5852916416290781,0.5852916416290781,,,,1.0
34,hexane_dipole,198,1.0000001192092896,0.0,0.5852916416290781,0.5852916416290781,,,,1.0
34,hexane_dipole,199,1.0000001192092896,0.0,0.5852916416290781,0.5852916416290781,,,,1.0
34,hexane_dipole,200,1.0000001192092896,0.0,0.5852916416290781,0.5852916416290781,,,,1.0
34,hexane_dipole,201,1.0000001192092896,0.0,0.5852916416290781,0.5852916416290781,,,,1.0
34,hexane_dipole,202,1.0000001192092896,0.0,0.5852916416290781,0.5852916416290781,,,,1.0
34,hexane_dipole,203,1.0000001192092896,0.0,0.5852916416290781,0.5852916416290781,,,,1.0
34,hexane_dipole,204,1.0000001192092896,0.0,0.5852916416290781,0.5852916416290781,,,,1.0
34,hexane_dipole,205,1.0000001192092896,0.0,0.5852916416290781,0.5852916416290781,,,,1.0
34,hexane_dipole,206,1.0000001192092896,0.0,0.5852916416290781,0.5852916416290781,,,,1.0
34,hexane_dipole,207,1.0000001192092896,0.0,0.5852916416290781,0.5852916416290781,,,,1.0
34,hexane_dipole,208,1.0000001192092896,0.0,0.5852916416290781,0.5852916416290781,,,,1.0
34,hexane_dipole,209,1.0000001192092896,0.0,0.5852916416290781,0.5852916416290781,,,,1.0
34,hexane_dipole,210,1.0000001192092896,0.0,0.5852916416290781,0.5852916416290781,,,,1.0
34,hexane_dipole,211,1.0000001192092896,0.0,0.5852916416290781,0.5852916416290781,,,,1.0
34,hexane_dipole,212,1.0000001192092896,0.0,0.5852916416290781,0.5852916416290781,,,,1.0
34,hexane_dipole,213,1.0000001192092896,0.0,0.5852916416290781,0.5852916416290781,,,,1.0
34,hexane_dipole,214,1.0000001192092896,0.0,0.5852916416290781,0.5852916416290781,,,,1.0
34,hexane_dipole,215,1.0000001192092896,0.0,0.5852916416290781,0.5852916416290781,,,,1.0
34,hexane_dipole,216,1.0000001192092896,0.0,0.5852916416290781,0.5852916416290781,,,,1.0
34,hexane_dipole,217,1.0000001192092896,0.0,0.5852916416290781,0.5852916416290781,,,,1.0
34,hexane_dipole,218,1.0000001192092896,0.0,0.5852916416290781,0.5852916416290781,,,,1.0
34,hexane_dipole,219,1.0000001192092896,0.0,0.5852916416290781,0.5852916416290781,,,,1.0
34,hexane_dipole,220,1.0000001192092896,0.0,0.5852916416290781,0.5852916416290781,,,,1.0
34,hexane_dipole,221,1.0000001192092896,0.0,0.5852916416290781,0.5852916416290781,,,,1.0
34,hexane_dipole,222,1.0000001192092896,0.0,0.5852916416290781,0.5852916416290781,,,,1.0
34,hexane_dipole,223,1.0000001192092896,0.0,0.5852916416290781,0.5852916416290781,,,,1.0
34,hexane_dipole,224,1.0000001192092896,0.0,0.5852916416290781,0.5852916416290781,,,,1.0
34,hexane_dipole,225,1.0000001192092896,0.0,0.5852916416290781,0.5852916416290781,,,,1.0
34,hexane_dipole,226,1.0000001192092896,0.0,0.5852916416290781,0.5852916416290781,,,,1.0
34,hexane_dipole,227,1.0000001192092896,0.0,0.5852916416290781,0.5852916416290781,,,,1.0
34,hexane_dipole,228,1.0000001192092896,0.0,0.5852916416290781,0.5852916416290781,,,,1.0
34,hexane_dipole,229,1.0000001192092896,0.0,0.5852916416290781,0.5852916416290781,,,,1.0
34,hexane_dipole,230,1.0000001192092896,0.0,0.5852916416290781,0.5852916416290781,,,,1.0
34,hexane_dipole,231,1.0000001192092896,0.0,0.5852916416290781,0.5852916416290781,,,,1.0
34,hexane_dipole,232,1.0000001192092896,0.0,0.5852916416290781,0.5852916416290781,,,,1.0
34,hexane_dipole,233,1.0000001192092896,0.0,0.5852916416290781,0.5852916416290781,,,,1.0
34,hexane_dipole,234,1.0000001192092896,0.0,0.5852916416290781,0.5852916416290781,,,,1.0
34,hexane_dipole,235,1.0000001192092896,0.0,0.5852916416290781,0.5852916416290781,,,,1.0
34,hexane_dipole,236,1.0000001192092896,0.0,0.5852916416290781,0.5852916416290781,,,,1.0
34,hexane_dipole,237,1.0000001192092896,0.0,0.5852916416290781,0.5852916416290781,,,,1.0
34,hexane_dipole,238,1.0000001192092896,0.0,0.5852916416290781,0.5852916416290781,,,,1.0
34,hexane_dipole,239,1.0000001192092896,0.0,0.5852916416290781,0.5852916416290781,,,,1.0
34,hexane_dipole,240,1.0000001192092896,0.0,0.5852916416290781,0.5852916416290781,,,,1.0
34,hexane_dipole,241,1.0000001192092896,0.0,0.5852916416290781,0.5852916416290781,,,,1.0
34,hexane_dipole,242,1.0000001192092896,0.0,0.5852916416290781,0.5852916416290781,,,,1.0
34,hexane_dipole,243,1.0000001192092896,0.0,0.5852916416290781,0.5852916416290781,,,,1.0
34,hexane_dipole,244,1.0000001192092896,0.0,0.5852916416290781,0.5852916416290781,,,,1.0
34,hexane_dipole,245,1.0000001192092896,0.0,0.5852916416290781,0.5852916416290781,,,,1.0
34,hexane_dipole,246,1.0000001192092896,0.0,0.5852916416290781,0.5852916416290781,,,,1.0
34,hexane_dipole,247,1.0000001192092896,0.0,0.5852916416290781,0.5852916416290781,,,,1.0
34,hexane_dipole,248,1.0000001192092896,0.0,0.5852916416290781,0.5852916416290781,,,,1.0
34,hexane_dipole,249,1.0000001192092896,0.0,0.5852916416290781,0.5852916416290781,,,,1.0
35,sco_kcal,0,0.3412706255912781,0.2939581871032715,0.6487921839864164,0.9783014627122311,68.69709777832031,3.873413324356079,0.05638394414936209,0.36
35,sco_kcal,1,0.23131363093852997,0.07752187550067902,0.6263867571670585,0.894744248336474,16.546279907226562,3.1665194034576416,0.1913734942967252,0.02
35,sco_kcal,2,0.0465654656291008,0.16787661612033844,0.6444917628071527,0.9081910859664462,38.35258483886719,1.536914587020874,0.040073298670167797,0.06
35,sco_kcal,3,0.3285500407218933,0.06295789778232574,0.5887924227053007,0.8965594878678502,12.416171073913574,3.9752089977264404,0.3201638390822732,0.1
35,sco_kcal,4,0.09918166697025299,0.1292959451675415,0.644556787453997,0.9047408518850002,29.042034149169922,2.3032779693603516,0.07930842438687043,0.02
35,sco_kcal,5,0.21727974712848663,0.02772686630487442,0.602526374935322,0.9429724040041763,5.529965400695801,0.8017676472663879,0.14498601513230203,0.08
35,sco_kcal,6,0.15107063949108124,0.030802812427282333,0.6076267024053088,0.9425761250913445,6.3729400634765625,0.28701597452163696,0.04503666622671235,0.1
35,sco_kcal,7,0.34128275513648987,0.05940554663538933,0.586740618347658,0.9255744140748254,11.273066520690918,3.4041590690612793,0.30197276515783755,0.3
35,sco_kcal,8,0.3387083113193512,0.021896841004490852,0.6538134771379955,0.9262166697088834,5.060070037841797,1.2608811855316162,0.24918255599272351,0.14
35,sco_kcal,9,0.1686970740556717,0.02384389005601406,0.6208864954724422,0.9546461071321466,5.121766090393066,0.11522547900676727,0.02249721618933292,0.04
35,sco_kcal,10,0.23441943526268005,0.11220064759254456,0.6461104248477023,0.9769573949580308,25.30543327331543,0.4263559579849243,0.016848395891111517,0.2
35,sco_kcal,11,0.04838044196367264,0.020441744476556778,0.6370451050718628,0.9485970047890084,4.535059452056885,0.10413248836994171,0.02296165893100083,0.08
35,sco_kcal,12,0.15514998137950897,0.049582403153181076,0.6028717448363801,0.9254517956262549,9.746970176696777,0.8087626695632935,0.08297580221358397,0.04
35,sco_kcal,13,0.278475821018219,0.05644724518060684,0.6423149775543597,0.9034115283396169,12.864700317382812,3.057476758956909,0.23766404840582564,0.08
35,sco_kcal,14,0.6197978258132935,0.01976112835109234,0.6237795554825638,0.8988014144562555,4.261868000030518,2.816664457321167,0.6608990370656712,0.34
35,sco_kcal,15,0.19091835618019104,0.1614493727684021,0.6438926629835815,0.979327644768232,36.433353424072266,1.0741617679595947,0.02948292339320799,0.18
35,sco_kcal,16,0.893044650554657,0.00621524965390563,0.7267633800794535,0.9227213738555418,1.4538391828536987,2.5769553184509277,1.7725174481765562,0.88
35,sco_kcal,17,0.5525650978088379,0.02651015669107437,0.6465721427204554,0.8943336607534762,6.012443542480469,3.5734384059906006,0.5943404508903476,0.26
35,sco_kcal,18,0.033329084515571594,0.085307277739048,0.6218043485665283,0.9510691771071342,18.49728775024414,0.046194590628147125,0.0024973710336282907,0.04
35,sco_kcal,19,0.2763112485408783,0.06450176984071732,0.6454269273176945,0.9608363720921689,14.604703903198242,0.7914109826087952,0.054188772867588664,0.24
35,sco_kcal,20,0.04274079203605652,0.0749756395816803,0.5799871339668676,0.9699597190652669,13.98013973236084,0.041195254772901535,0.0029466983564938125,0.02
35,sco_kcal,21,0.1519625186920166,0.020603453740477562,0.6248576747340708,0.9313321802477259,4.536131858825684,0.44284141063690186,0.09762533903755277,0.02
35,sco_kcal,22,0.23933276534080505,0.01389066781848669,0.6441668391432775,0.9348500862010374,3.1995835304260254,0.4321208894252777,0.13505535495981902,0.12
35,sco_kcal,23,0.45490318536758423,0.022489581257104874,0.6416790547457747,0.9196373026391265,5.059943675994873,1.861587405204773,0.36790674450318905,0.32
35,sco_kcal,24,0.1646493375301361,0.09155869483947754,0.5885949681373146,0.9325556944918605,17.504222869873047,1.657006025314331,0.09466321570700778,0.06
35,sco_kcal,25,0.27706751227378845,0.09192386269569397,0.6361144977833169,0.8900191042563677,19.79972267150879,4.645829677581787,0.23464114900290992,0.04
35,sco_kcal,26,0.1043260395526886,0.06425295025110245,0.6279190782034827,0.953616457183003,14.075980186462402,0.11163201183080673,0.007930674123722411,0.08
35,sco_kcal,27,0.0858551412820816,0.021944763138890266,0.6406905146198736,0.9565960996073064,4.8806257247924805,0.16275745630264282,0.03334766185324795,0.02
35,sco_kcal,28,0.6354947686195374,0.03576255217194557,0.633756213063392,0.8981775123520328,7.559696674346924,5.573387145996094,0.7372501022307981,0.38
35,sco_kcal,29,0.11093665659427643,0.03518906235694885,0.6188315230166779,0.957266805659788,7.521961212158203,0.22863958775997162,0.03039627316748291,0.1
35,sco_kcal,30,0.028438586741685867,0.06599858403205872,0.634898710542704,0.9569517176301434,14.72236442565918,0.05976725369691849,0.004059623302949347,0.04
35,sco_kcal,31,0.7489463090896606,0.018304290249943733,0.6747276222549525,0.893106096134795,4.418544292449951,4.258088111877441,0.9636857367602528,0.66
35,sco_kcal,32,0.7735245227813721,0.014879814349114895,0.6898109872263622,0.8926370284260146,3.4666576385498047,3.9183847904205322,1.1303062485454136,0.64
35,sco_kcal,33,0.30476465821266174,0.07563632726669312,0.6472136399446295,0.9746900759249235,17.10511589050293,0.9731640815734863,0.05689315920471516,0.24
35,sco_kcal,34,0.13004499673843384,0.028291355818510056,0.6073184636024016,0.9317859867031575,5.846548080444336,0.15743844211101532,0.026928443920202917,0.1
35,sco_kcal,35,0.12932650744915009,0.07940416038036346,0.6137602365746968,0.9224705225093373,16.366891860961914,1.2282166481018066,0.07504275451537211,0.04
35,sco_kcal,36,0.7794394493103027,0.02660329081118107,0.6238904860628247,0.8940895803599587,6.240699291229248,5.616408348083496,0.8999645850548932,0.5
35,sco_kcal,37,0.6919208765029907,0.04112759977579117,0.6271093164231891,0.9048874919841685,8.4125394821167,7.362512588500977,0.875183124447991,0.48
35,sco_kcal,38,0.8229624629020691,0.01612243428826332,0.7053626738330105,0.9025135750470348,3.809506893157959,4.970260143280029,1.3046990811873405,0.74
35,sco_kcal,39,0.10116395354270935,0.03372903913259506,0.6002842516746913,0.95234182362591,6.738439559936523,0.17689184844493866,0.02625115902154133,0.06
35,sco_kcal,40,0.3535703420639038,0.03449923172593117,0.627057111077937,0.9159093519415888,7.436887264251709,2.482426643371582,0.33379914945118655,0.14
35,sco_kcal,41,0.6820428371429443,0.01734078861773014,0.65689925924025,0.8807830962321705,4.1940388679504395,3.05332350730896,0.7280150717346764,0.4
35,sco_kcal,42,0.2159077674150467,0.07655704766511917,0.6012348905768272,0.8808363391888714,15.497879028320312,2.3704490661621094,0.1529531274460479,0.06
35,sco_kcal,43,0.4987558424472809,0.032257407903671265,0.6548845228819389,0.9414386825347874,7.331815719604492,2.941061496734619,0.4011368546635092,0.36
35,sco_kcal,44,0.27700701355934143,0.01570858620107174,0.6024595876187384,0.9225902952637255,3.3120124340057373,0.5314687490463257,0.16046701503579108,0.06
35,sco_kcal,45,0.24745263159275055,0.05944749340415001,0.6237453776473301,0.900835792515948,12.829170227050781,2.9501357078552246,0.2299553015233015,0.0
35,sco_kcal,46,0.1972072273492813,0.057750433683395386,0.5867919584771497,0.9223147748126481,11.02387523651123,1.0418132543563843,0.09450517463277197,0.08
35,sco_kcal,47,0.3077824115753174,0.04388244077563286,0.5934976730662023,0.9085151181276261,8.603015899658203,2.5425987243652344,0.29554737013403076,0.06
35,sco_kcal,48,0.21231310069561005,0.04641205817461014,0.6475005649094463,0.9771230731505578,10.668362617492676,0.4944678544998169,0.0463489920832883,0.16
35,sco_kcal,49,0.38415035605430603,0.026479924097657204,0.6612727326367944,0.9311016824573273,6.118941307067871,2.373852491378784,0.38795150537508716,0.2
35,sco_kcal,50,0.1606183648109436,0.13109688460826874,0.5971364630878553,0.8940929490389762,26.07743263244629,4.224348545074463,0.16199250150946254,0.06
35,sco_kcal,51,0.14226149022579193,0.028486691415309906,0.5928274371108213,0.9388752263847335,5.65811824798584,0.38325977325439453,0.0677362607949783,0.04
35,sco_kcal,52,0.09856823086738586,0.03007110022008419,0.6263081577417462,0.9499500847763038,6.5377516746521,0.18683716654777527,0.02857819872115556,0.02
35,sco_kcal,53,0.7136470675468445,0.02371429279446602,0.673365808736117,0.8893414282483951,5.49089241027832,4.404737949371338,0.8021898118284332,0.44
35,sco_kcal,54,0.10790299624204636,0.16100776195526123,0.6112656593855321,0.9575681362722075,32.40738296508789,0.2091241478919983,0.006452978573348097,0.08
35,sco_kcal,55,0.11670354753732681,0.034038424491882324,0.6328288663827955,0.9391420266549777,7.533816814422607,0.38178402185440063,0.0506760426034676,0.02
35,sco_kcal,56,0.2539166808128357,0.027839982882142067,0.6269860670963678,0.9355886911296696,6.151272773742676,1.0582377910614014,0.17203558190080523,0.12
35,sco_kcal,57,0.6647415161132812,0.030354470014572144,0.6244108923256433,0.9164079928228661,6.211546421051025,5.235541820526123,0.842872525718039,0.5
35,sco_kcal,58,0.10698192566633224,0.026874691247940063,0.6213024964995435,0.9710477242957583,5.7585625648498535,0.06977248191833496,0.012116301791044998,0.08
35,sco_kcal,59,0.10869298130273819,0.02331775613129139,0.6189570237960593,0.9378553982277547,4.991289138793945,0.1993023157119751,0.03993002812899212,0.08
35,sco_kcal,60,0.6359219551086426,0.019554374739527702,0.6657029354418129,0.9148035063597191,4.755563259124756,3.216263771057129,0.6763160525487512,0.46
35,sco_kcal,61,0.16636374592781067,0.03884061425924301,0.599730133622498,0.932169676692046,7.788397789001465,1.0670833587646484,0.1370093551553762,0.08
35,sco_kcal,62,0.08949455618858337,0.061772774904966354,0.6137006312325681,0.922343021510263,12.817249298095703,0.5741491913795471,0.04479503971767563,0.02
35,sco_kcal,63,0.1394394487142563,0.042917437851428986,0.5893397319282421,0.9509194053336794,8.355792045593262,0.36856600642204285,0.04410904488897852,0.1
35,sco_kcal,64,0.08569929003715515,0.04264253005385399,0.6086260384143363,0.9602526461976608,8.815120697021484,0.10393793880939484,0.011790869618440293,0.06
35,sco_kcal,65,0.07749181240797043,0.044121917337179184,0.6054425711640836,0.9596351426235374,8.97995662689209,0.0501895509660244,0.005589063850901328,0.08
35,sco_kcal,66,0.27844151854515076,0.039146389812231064,0.5879126621353086,0.9275963068879995,7.717405796051025,1.0648274421691895,0.13797738130008125,0.14
35,sco_kcal,67,0.08163971453905106,0.018627872690558434,0.601324476654429,0.9598642949509559,3.826246976852417,0.10312176495790482,0.026951152286237363,0.04
35,sco_kcal,68,0.11593981832265854,0.032399244606494904,0.6054733777509655,0.9609706669010074,6.622417449951172,0.12827551364898682,0.019369892432548573,0.04
35,sco_kcal,69,0.11105655133724213,0.027621515095233917,0.6409084931722737,0.9529265153930573,6.188719272613525,0.2620683014392853,0.042346128479117874,0.02
35,sco_kcal,70,0.1163787916302681,0.032736025750637054,0.6135836061013751,0.9395615041207255,6.921855926513672,0.4249616861343384,0.06139418252069552,0.02
35,sco_kcal,71,0.5430119037628174,0.029689457267522812,0.6329199455137036,0.8866286681878619,6.4549970626831055,3.7378745079040527,0.5790668022938427,0.16
35,sco_kcal,72,0.3025466203689575,0.017713546752929688,0.6238774110227474,0.9358575246910963,3.853242874145508,0.7997962832450867,0.20756446177103458,0.08
35,sco_kcal,73,0.7563149333000183,0.03150346130132675,0.6183109274519507,0.9119405333672095,6.517810344696045,6.7371978759765625,1.0336596985303579,0.42
35,sco_kcal,74,0.1088900938630104,0.0201229490339756,0.6165834723898338,0.9539300584843116,4.327668190002441,0.16373701393604279,0.03783492789819231,0.04
35,sco_kcal,75,0.07556287199258804,0.019596673548221588,0.6294869504447416,0.950251162560656,4.288259029388428,0.1283528208732605,0.029931219171609978,0.04
35,sco_kcal,76,0.0749887153506279,0.1967058926820755,0.5981533108144372,0.9242316759952651,38.79777145385742,2.373100519180298,0.06116589768571244,0.04
35,sco_kcal,77,0.7490924596786499,0.018240492790937424,0.6681843480626464,0.8955789359115967,4.007666110992432,4.061389923095703,1.0134052614702396,0.6
35,sco_kcal,78,0.15002001821994781,0.035211771726608276,0.6109499809813304,0.92980548853308,7.365065574645996,0.6532443761825562,0.08869498439108664,0.04
35,sco_kcal,79,0.8948458433151245,0.011669985018670559,0.7240603470838014,0.905005668178696,2.751016855239868,4.882771015167236,1.774896800747335,0.86
35,sco_kcal,80,0.06578482687473297,0.09208190441131592,0.6066773035267401,0.9395688835652829,18.490619659423828,0.28093221783638,0.015193228945856426,0.04
35,sco_kcal,81,0.41010624170303345,0.023214656859636307,0.6495140116496569,0.9077384242323634,5.335871696472168,1.8628677129745483,0.34912153420146713,0.26
35,sco_kcal,82,0.4344034790992737,0.04145510867238045,0.6037530724144349,0.8998369405041817,8.23119831085205,3.3688788414001465,0.4092817004492044,0.18
35,sco_kcal,83,0.5883998870849609,0.01809476874768734,0.6409229865827957,0.9243687542832606,4.071237087249756,1.8769103288650513,0.4610172015634101,0.44
35,sco_kcal,84,0.1670997589826584,0.03905000165104866,0.640693935499415,0.9495273315576442,8.7265043258667,0.36275818943977356,0.04156970258577682,0.08
35,sco_kcal,85,0.18994565308094025,0.02592482790350914,0.6121982558056887,0.9223555766070293,5.425704479217529,0.5432353615760803,0.10012254881497402,0.04
35,sco_kcal,86,0.20894938707351685,0.07165080308914185,0.5998642979752875,0.9149767587235114,14.19108772277832,2.2719473838806152,0.16009677540319053,0.08
35,sco_kcal,87,0.24206364154815674,0.04476112872362137,0.651850582101591,0.9640021878793408,10.246979713439941,0.7104797959327698,0.06933553259609798,0.14
35,sco_kcal,88,0.09125233441591263,0.11664124578237534,0.6422443390692496,0.9227641761512198,25.982330322265625,1.1257754564285278,0.04332850219611717,0.1
35,sco_kcal,89,0.3061448633670807,0.023642027750611305,0.6046169095751392,0.9123709425646613,4.910849571228027,1.187703013420105,0.24185285991627373,0.08
35,sco_kcal,90,0.39364132285118103,0.0565517395734787,0.5988215905369287,0.9036243358577736,11.29368782043457,4.251389503479004,0.3764394386558681,0.2
35,sco_kcal,91,0.3277108371257782,0.024162810295820236,0.6471456489349074,0.9598237323697842,5.497686386108398,0.6834607720375061,0.12431789011546397,0.32
35,sco_kcal,92,0.02611597068607807,0.22141163051128387,0.640800429187901,0.9350186241229452,49.672943115234375,0.5768583416938782,0.011613129915729905,0.02
35,sco_kcal,93,0.15267209708690643,0.02994164451956749,0.6410185293129951,0.9472279269715052,6.763420104980469,0.579177975654602,0.08563389034907135,0.02
35,sco_kcal,94,0.15673717856407166,0.6020408868789673,0.6456953802348928,0.9766351587015736,135.1156768798828,3.0585145950317383,0.02263626742402914,0.1
35,sco_kcal,95,0.6960124373435974,0.017830587923526764,0.6658788954940054,0.896880173281291,4.229991436004639,3.3244659900665283,0.7859273571500637,0.46
35,sco_kcal,96,0.1682693064212799,0.04507733881473541,0.6255453182417106,0.9241648493350301,9.776994705200195,1.0269739627838135,0.1050398403343295,0.08
35,sco_kcal,97,0.05505857616662979,0.026128465309739113,0.6377889678463355,0.9634945134646542,5.845424652099609,0.22615517675876617,0.03868926386341048,0.02
35,sco_kcal,98,0.17218823730945587,0.043337807059288025,0.5961819593555162,0.9339749696994863,8.520350456237793,1.042915940284729,0.12240293936750041,0.08
35,sco_kcal,99,0.6093686819076538,0.03144257888197899,0.6223068837187513,0.8828772245896799,6.611997604370117,4.351317882537842,0.6580942920581055,0.6
35,sco_kcal,100,0.6955001354217529,0.01826413720846176,0.6731512402802102,0.8882061299244264,4.3546671867370605,3.386741876602173,0.77772691491031,0.44
35,sco_kcal,101,0.16488125920295715,0.29995036125183105,0.6460377976703746,0.9767455546694983,67.39381408691406,1.5318596363067627,0.022729973916169936,0.12
35,sco_kcal,102,0.11317332834005356,0.15934112668037415,0.5834098661487408,0.9203847995378149,30.57454490661621,2.7454538345336914,0.08979541127820961,0.04
35,sco_kcal,103,0.12504690885543823,0.07748714834451675,0.6185113715284192,0.9089628683608957,16.475465774536133,1.4721248149871826,0.08935254609083307,0.04
35,sco_kcal,104,0.34417450428009033,0.023387916386127472,0.6407484009421283,0.9369790960254714,5.273458480834961,1.1257978677749634,0.21348378333998236,0.14
35,sco_kcal,105,0.2804538607597351,0.03275357186794281,0.5967463057793867,0.9064651960840266,6.595046520233154,1.45743989944458,0.22099008626751207,0.18
35,sco_kcal,106,0.0671536773443222,0.02057579532265663,0.6768943658212778,0.9577528642463466,4.912168025970459,0.1052970439195633,0.02143596134392422,0.02
35,sco_kcal,107,0.17114964127540588,0.012887338176369667,0.6329253328226676,0.9547205392633347,2.999703884124756,0.1306457817554474,0.04355289281947468,0.06
35,sco_kcal,108,0.10067619383335114,0.03421074151992798,0.5923378131582007,0.933779505547581,6.7550153732299805,0.3213241994380951,0.04756824103043464,0.06
35,sco_kcal,109,0.7112253904342651,0.013662213459610939,0.6407231788273993,0.8966158418112198,3.094203233718872,2.62849760055542,0.849490935796183,0.66
35,sco_kcal,110,0.4169703722000122,0.025208013132214546,0.6110332562538467,0.8883501798508149,5.295497417449951,1.792334794998169,0.3384639163626046,0.14
35,sco_kcal,111,0.0672335997223854,0.01757381111383438,0.6365821112675476,0.955044494814137,4.026155948638916,0.07996930181980133,0.01986244518095127,0.02
35,sco_kcal,112,0.46657270193099976,0.05481451377272606,0.5928577744252612,0.8917298837723073,10.698681831359863,5.047028541564941,0.4717430260213127,0.24
35,sco_kcal,113,0.29656970500946045,0.03091691993176937,0.6002691045855022,0.908232492021813,6.187885761260986,1.4392755031585693,0.23259568109177073,0.12
35,sco_kcal,114,0.31620529294013977,0.017009537667036057,0.6079235454802847,0.9172205357042165,3.5341179370880127,0.9724210500717163,0.27515240503630634,0.06
35,sco_kcal,115,0.19698522984981537,0.14436917006969452,0.6374910708530772,0.8954134108811798,32.1138801574707,4.57555627822876,0.14247908554782163,0.02
35,sco_kcal,116,0.06929868459701538,0.06083611771464348,0.5830150533844163,0.9526236410727724,11.67247486114502,0.31430521607398987,0.02692704159254517,0.04
35,sco_kcal,117,0.06586869060993195,0.04022426903247833,0.5948987491469035,0.9556715102161604,7.940114974975586,0.10499197989702225,0.013222979796630095,0.06
35,sco_kcal,118,0.24749086797237396,0.2406976819038391,0.6502335969876489,0.9734127460090012,55.413726806640625,3.048755645751953,0.055018058186019694,0.16
35,sco_kcal,119,0.20875652134418488,0.0060834139585494995,0.6249992962091875,0.9581148005883282,1.4530493021011353,0.1230127215385437,0.08465832601871465,0.08
35,sco_kcal,120,0.39043107628822327,0.024947717785835266,0.6145412380967494,0.9080861515233667,5.309537410736084,1.6090689897537231,0.3030525760116362,0.16
35,sco_kcal,121,0.2464013248682022,0.07780631631612778,0.5871714851942358,0.888560031614243,15.174006462097168,4.1223530769348145,0.2716720259235393,0.06
35,sco_kcal,122,0.14966480433940887,0.06860001385211945,0.5826274980906649,0.9394496266248253,13.210688591003418,1.1712409257888794,0.08865858261063723,0.04
35,sco_kcal,123,0.43007633090019226,0.05658390745520592,0.6087324896726016,0.9033090335553042,11.335355758666992,3.9936585426330566,0.35231876507973847,0.26
35,sco_kcal,124,0.31978902220726013,0.03076445497572422,0.6117222575207726,0.9151172304391253,6.505761623382568,1.331573724746704,0.2046760705096928,0.24
35,sco_kcal,125,0.2249622344970703,0.03021114133298397,0.6479037966972101,0.962513672244536,6.950760364532471,0.22550202906131744,0.03244278571478063,0.12
35,sco_kcal,126,0.1982014924287796,0.15966205298900604,0.6384358279807956,0.9102287803312934,35.377777099609375,1.8405799865722656,0.052026445341377556,0.08
35,sco_kcal,127,0.2789267301559448,0.062477026134729385,0.6459335225407137,0.9724267815388583,14.08751106262207,0.6481490731239319,0.0460087711905082,0.16
35,sco_kcal,128,0.35926100611686707,0.028053399175405502,0.593582138290287,0.9223996312943359,5.648174285888672,1.6350312232971191,0.2894795982804675,0.16
35,sco_kcal,129,0.10852649062871933,0.05409016087651253,0.6352779268932967,0.9224695219126662,12.083438873291016,0.49792128801345825,0.04120691909271401,0.1
35,sco_kcal,130,0.10718647390604019,0.05252424627542496,0.6036860529203774,0.9411661496949821,10.398823738098145,0.2913002371788025,0.028012806497677862,0.02
35,sco_kcal,131,0.6711549758911133,0.03302372992038727,0.6264256342344607,0.9311123809931003,6.932626247406006,3.8096201419830322,0.5495204856036319,0.7
35,sco_kcal,132,0.10059741139411926,0.04012530297040939,0.5841348218196822,0.9650279620814037,7.786019802093506,0.09253848344087601,0.011885210389009575,0.1
35,sco_kcal,133,0.17909255623817444,0.08607347309589386,0.5901363151284906,0.9257612328559011,16.430416107177734,1.291759729385376,0.07862002526041093,0.08
35,sco_kcal,134,0.0332183837890625,0.07939024269580841,0.584440628233641,0.9557356767745908,15.245596885681152,0.11211921274662018,0.0073542028946025646,0.0
35,sco_kcal,135,0.39549174904823303,0.22409969568252563,0.6552893288389356,0.9844473958157176,53.549102783203125,2.548405170440674,0.04759006291399598,0.4
35,sco_kcal,136,0.5980784893035889,0.018023794516921043,0.6648945218927442,0.9020834641138333,4.191411972045898,2.785468339920044,0.6645656305076616,0.3
35,sco_kcal,137,0.4717980921268463,0.03125843033194542,0.6042037563892328,0.9163267737174712,6.2164998054504395,2.736388921737671,0.44018161463441013,0.36
35,sco_kcal,138,0.1487586498260498,0.05646875500679016,0.5993704428696869,0.9140030708717306,11.009000778198242,1.4702435731887817,0.1335492296540109,0.02
35,sco_kcal,139,0.2008647471666336,0.06443796306848526,0.596410733455319,0.9185644560299171,12.588181495666504,1.8848249912261963,0.1497297279893088,0.02
35,sco_kcal,140,0.7858710885047913,0.012293080799281597,0.6797446910630893,0.8760710065767925,2.989457607269287,3.3354332447052,1.115731909559321,0.72
35,sco_kcal,141,0.5175474286079407,0.024589266628026962,0.6524193080489253,0.9071696846714141,5.614996433258057,3.135641098022461,0.5584404434257192,0.28
35,sco_kcal,142,0.13391613960266113,0.046409159898757935,0.5963954903214503,0.9441159363434688,9.205239295959473,0.7710644006729126,0.083763645450408,0.04
35,sco_kcal,143,0.17762364447116852,0.0316888727247715,0.6420225629650889,0.9527881514305763,7.162115097045898,0.4345761835575104,0.06067707341602994,0.1
35,sco_kcal,144,0.10821065306663513,0.016112390905618668,0.6355185302855775,0.9610468673445334,3.583245038986206,0.15462583303451538,0.04315245855423359,0.02
35,sco_kcal,145,0.14442679286003113,0.13195562362670898,0.6305181129596631,0.9232020063344226,28.251964569091797,2.129786491394043,0.07538542978791893,0.08
35,sco_kcal,146,0.14645293354988098,0.09498819708824158,0.6252021594606367,0.9272551215833309,19.80807876586914,1.998673915863037,0.10090195720076132,0.04
35,sco_kcal,147,0.6071376800537109,0.02313275821506977,0.6223053362604074,0.8911349975435094,4.857486248016357,3.2618777751922607,0.6715155964722098,0.38
35,sco_kcal,148,0.170846626162529,0.01140910480171442,0.6418765255213523,0.9495280499572261,2.622176170349121,0.307218462228775,0.11716164066423936,0.02
35,sco_kcal,149,0.6074783802032471,0.022794140502810478,0.6358805254482456,0.8904797227274495,4.914048194885254,3.012531042098999,0.613044667578671,0.44
35,sco_kcal,150,0.26411062479019165,0.036763183772563934,0.6326919717841193,0.9126293138492299,8.15339183807373,1.5955445766448975,0.19569089874893722,0.06
35,sco_kcal,151,0.08909253031015396,0.025626078248023987,0.613509987921691,0.9614645886692939,5.368812084197998,0.22835779190063477,0.04253413759307376,0.02
35,sco_kcal,152,0.21587610244750977,0.02657310478389263,0.5917234203991679,0.9267163028759491,5.259054660797119,0.7151733636856079,0.1359889580568095,0.1
35,sco_kcal,153,0.20290231704711914,0.03253074362874031,0.6202922933840478,0.9136122291521152,6.959221839904785,0.7500693798065186,0.10778063942516608,0.04
35,sco_kcal,154,0.3067750036716461,0.05365895852446556,0.6286386915817119,0.9064815190948488,11.424015998840332,2.7689013481140137,0.24237547885044006,0.16
35,sco_kcal,155,0.16424492001533508,0.08769989758729935,0.6197862453658034,0.889525915611677,18.853408813476562,3.170700788497925,0.168176525522084,0.0
35,sco_kcal,156,0.36921387910842896,0.048206884413957596,0.6336479142325329,0.9366997464164177,10.433405876159668,2.448503255844116,0.23467919152258288,0.22
35,sco_kcal,157,0.08956431597471237,0.08008316904306412,0.6353098580716483,0.9242617546200493,17.643327713012695,0.723848283290863,0.041026743654316106,0.14
35,sco_kcal,158,0.1921943724155426,0.3032686114311218,0.6459764782659394,0.9812561989804625,68.30912780761719,1.852082371711731,0.02711324871440101,0.18
35,sco_kcal,159,0.48050087690353394,0.021386461332440376,0.6444593894308024,0.9133830314416991,4.937989711761475,2.151977300643921,0.4358002803283018,0.18
35,sco_kcal,160,0.1771811693906784,0.011441754177212715,0.6437964177695381,0.942333984620461,2.6465883255004883,0.26506540179252625,0.10015362012994618,0.02
35,sco_kcal,161,0.15747129917144775,0.030225500464439392,0.6475140006685094,0.9504372877999434,6.881701946258545,0.16238661110401154,0.023596867805688412,0.1
35,sco_kcal,162,0.32956060767173767,0.014509676024317741,0.642216647119711,0.9349161519342608,3.3073954582214355,0.9434618353843689,0.2852582484622867,0.18
35,sco_kcal,163,0.3318256437778473,0.060118623077869415,0.5927668317196355,0.8959741696877059,11.703591346740723,3.1492199897766113,0.26908150639193523,0.06
35,sco_kcal,164,0.0977788195014,0.014844149351119995,0.6269200452473471,0.9475556682375534,3.282564401626587,0.21574121713638306,0.06572337682985847,0.04
35,sco_kcal,165,0.2703940272331238,0.061655618250370026,0.6244090681169585,0.8915648157750549,13.225302696228027,4.018686294555664,0.30386346436530554,0.06
35,sco_kcal,166,0.42969539761543274,0.055034197866916656,0.5912279915006655,0.8954098777895212,10.718681335449219,4.290564060211182,0.4002884241013183,0.22
35,sco_kcal,167,0.23728975653648376,0.025060543790459633,0.6488814383743267,0.9671403900602111,5.807982444763184,0.23518182337284088,0.040492860577582244,0.18
35,sco_kcal,168,0.32624197006225586,0.021713435649871826,0.6360591978079342,0.9293226375862946,4.825676918029785,1.4041141271591187,0.2909672883223991,0.08
35,sco_kcal,169,0.09597859531641006,0.02783113531768322,0.5983682243707431,0.9632122206729574,5.605490207672119,0.14269986748695374,0.025457161140276966,0.04
35,sco_kcal,170,0.05490494892001152,0.09403600543737411,0.5844875680587514,0.9551200567090283,17.781583786010742,0.04233251139521599,0.002380694088032818,0.04
35,sco_kcal,171,0.44161197543144226,0.03995601832866669,0.6106811056072428,0.9096356918387938,8.307666778564453,3.000849723815918,0.3612145026758594,0.2
35,sco_kcal,172,0.07763897627592087,0.04497893154621124,0.5842300023313622,0.9516082596508608,8.71370792388916,0.21040165424346924,0.024146053101761687,0.04
35,sco_kcal,173,0.6118385195732117,0.025541994720697403,0.6420299363747777,0.886512246613028,5.6554412841796875,3.8251826763153076,0.6763720961997652,0.38
35,sco_kcal,174,0.5506523847579956,0.019339116290211678,0.6448562721884821,0.9049558495635761,4.409429550170898,2.3298823833465576,0.5283863494896426,0.32
35,sco_kcal,175,0.21796251833438873,0.020229432731866837,0.630069807573626,0.9371590616593779,4.5065693855285645,0.7660735845565796,0.16999041155708927,0.02
35,sco_kcal,176,0.4506343901157379,0.025538552552461624,0.6586202892492812,0.9443962125948671,6.101188659667969,0.7340051531791687,0.12030527068132225,0.38
35,sco_kcal,177,0.07907572388648987,0.022676700726151466,0.6404717266169488,0.9622721512562573,5.104631423950195,0.07601240277290344,0.014890869968841276,0.08
35,sco_kcal,178,0.4493883550167084,0.055805500596761703,0.6114502300650295,0.8963002888730158,11.205852508544922,4.581305980682373,0.40883154380168213,0.24
35,sco_kcal,179,0.1894913762807846,0.05815666541457176,0.630470340266096,0.899388570067893,12.53934097290039,2.060492992401123,0.16432227154953297,0.06
35,sco_kcal,180,0.176417738199234,0.0335170179605484,0.5828544742555062,0.9552024288286531,6.559759616851807,0.29653966426849365,0.04520587362785261,0.16
35,sco_kcal,181,0.08718197792768478,0.03690169006586075,0.6081372861500982,0.9598139111834356,7.405291557312012,0.11075510829687119,0.014956211708843684,0.02
35,sco_kcal,182,0.6022088527679443,0.03028571978211403,0.6594029045014866,0.8976980719669192,7.6361308097839355,4.699377059936523,0.6154133784501646,0.42
35,sco_kcal,183,0.10581035166978836,0.03746005892753601,0.6027384680060577,0.9720416987990907,7.564908504486084,0.5639194250106812,0.07454411704732053,0.04
35,sco_kcal,184,0.2882247567176819,0.011260890401899815,0.6467643288860432,0.9401647676303264,2.5971758365631104,0.4058964252471924,0.15628376774994274,0.16
35,sco_kcal,185,0.7224003672599792,0.023354243487119675,0.6365097599839922,0.9010604559832305,4.836134910583496,4.348114490509033,0.8990887497769202,0.54
35,sco_kcal,186,0.3803597688674927,0.04410756751894951,0.617164446431077,0.9188688419688282,9.096097946166992,2.5123238563537598,0.27619797755282843,0.24
35,sco_kcal,187,0.10479032248258591,0.030232485383749008,0.6443948623335247,0.9610812366923276,6.744288921356201,0.09657689183950424,0.014319803461220002,0.08
35,sco_kcal,188,0.17568296194076538,0.05869659408926964,0.5864755126515864,0.9286639758037654,11.448058128356934,1.5412546396255493,0.13463022482457954,0.06
35,sco_kcal,189,0.17610110342502594,0.13436730206012726,0.6223617186230856,0.8885807940554185,28.6591796875,5.059664726257324,0.17654604149274203,0.04
35,sco_kcal,190,0.42148104310035706,0.04131372645497322,0.6011967777581639,0.9023762190452818,8.324742317199707,3.641972303390503,0.4374876920653559,0.18
35,sco_kcal,191,0.10952992737293243,0.04191679507493973,0.6092291828028209,0.9547107859907134,8.61961555480957,0.06516077369451523,0.007559591640738181,0.08
35,sco_kcal,192,0.22742930054664612,0.040600527077913284,0.6162434078547561,0.9327639601894846,8.678751945495605,0.955336332321167,0.11007761695700959,0.1
35,sco_kcal,193,0.13396324217319489,0.07024272531270981,0.621685071068923,0.926039866832123,15.067032814025879,0.9867311120033264,0.06548941149745025,0.06
35,sco_kcal,194,0.26129505038261414,0.022998252883553505,0.6366765502208522,0.9384576115784489,5.152072906494141,0.5368531346321106,0.10420138541817064,0.24
35,sco_kcal,195,0.21146626770496368,0.06201578676700592,0.6257785251897945,0.913302820572808,12.97812271118164,2.5321052074432373,0.19510566079496505,0.02
35,sco_kcal,196,0.6016339063644409,0.02856352925300598,0.6418478247724868,0.9056457993655391,6.221558094024658,4.27278470993042,0.6867708450772341,0.32
35,sco_kcal,197,0.4554172158241272,0.03415316343307495,0.6114808436426231,0.8987215640425648,7.041876316070557,3.023794412612915,0.42940180669066697,0.16
35,sco_kcal,198,0.17354494333267212,0.038935329765081406,0.640037343493036,0.9589412126607872,8.67746353149414,0.34494492411613464,0.03975181490123069,0.1
35,sco_kcal,199,0.23645995557308197,0.042570509016513824,0.5962829191674515,0.9145552366543657,8.452187538146973,1.253727674484253,0.14833173883398187,0.1
35,sco_kcal,200,0.2513791024684906,0.05103540048003197,0.599638114023338,0.9019726834857176,10.283358573913574,2.3619792461395264,0.2296894763673129,0.06
35,sco_kcal,201,0.16372734308242798,0.03096534125506878,0.6300580941822591,0.9378854957585436,6.7552056312561035,0.7462334036827087,0.11046790348319117,0.06
35,sco_kcal,202,0.17100565135478973,0.07300820201635361,0.6460886026430581,0.9820293129167426,16.728015899658203,0.7011299729347229,0.0419135166501754,0.12
35,sco_kcal,203,0.5902748703956604,0.02637842297554016,0.6221233630859708,0.88200834477946,5.53119421005249,3.5911755561828613,0.6492586265830614,0.3
35,sco_kcal,204,0.28983649611473083,0.023336991667747498,0.6442341785632542,0.9685949276174419,5.758823394775391,0.20471227169036865,0.03554758631356727,0.24
35,sco_kcal,205,0.11947175115346909,0.14127583801746368,0.600117518012566,0.8987916572095749,27.720232009887695,3.0513155460357666,0.11007539709434519,0.02
35,sco_kcal,206,0.13689254224300385,0.019117321819067,0.6388336064035669,0.9647254879383236,4.338226795196533,0.11241903901100159,0.025913591962383496,0.1
35,sco_kcal,207,0.24804753065109253,0.037027280777692795,0.6463528504231539,0.9618564066059856,8.407346725463867,0.5544397830963135,0.06594705811490399,0.22
35,sco_kcal,208,0.5726186037063599,0.02609657496213913,0.6256199793750237,0.8933153666167293,5.474672794342041,3.476778268814087,0.6350659481252038,0.28
35,sco_kcal,209,0.17353054881095886,0.03118039108812809,0.6525611022167646,0.9466140026968128,7.099199295043945,0.3743370771408081,0.05272947857684997,0.18
35,sco_kcal,210,0.529928982257843,0.027711551636457443,0.6222644804592934,0.8923761140276192,5.809194564819336,3.314971446990967,0.570642179393773,0.28
35,sco_kcal,211,0.13381284475326538,0.03349745273590088,0.6151269692354844,0.9478991110686332,7.017958164215088,0.09591659903526306,0.013667308466491935,0.1
35,sco_kcal,212,0.422244668006897,0.02104738913476467,0.6004552696231451,0.9026586476988914,4.306131362915039,1.1637932062149048,0.2702642135438883,0.34
35,sco_kcal,213,0.14954063296318054,0.06324518471956253,0.5736475261486651,0.9399499350559701,11.841116905212402,0.7251519560813904,0.06124016525520342,0.08
35,sco_kcal,214,0.3013554811477661,0.028199682012200356,0.5986634643622808,0.9463245340188045,5.576661109924316,1.5121607780456543,0.2711588077953291,0.18
35,sco_kcal,215,0.3500857651233673,0.01563280262053013,0.6537808511561034,0.9351070020041363,3.6314151287078857,0.8603339195251465,0.23691423013685212,0.12
35,sco_kcal,216,0.27426818013191223,0.018783582374453545,0.6375429219945437,0.9578527864017135,4.245977878570557,0.840061604976654,0.19784879455365126,0.1
35,sco_kcal,217,0.2815498113632202,0.027316926047205925,0.6077884765962513,0.9506074878384092,5.807963848114014,0.7580463886260986,0.13051844130749102,0.12
35,sco_kcal,218,0.16570571064949036,0.029225490987300873,0.6446639172906037,0.9518166903845144,6.614740371704102,0.26705917716026306,0.04037334228606508,0.08
35,sco_kcal,219,0.09590815007686615,0.020116042345762253,0.6214383049431684,0.9657286095798185,4.35805606842041,0.06939511746168137,0.015923410890588616,0.04
35,sco_kcal,220,0.25960394740104675,0.017435897141695023,0.6453931017295937,0.9356400447626083,3.9888806343078613,0.7209327816963196,0.18073561176427974,0.1
35,sco_kcal,221,0.9564529061317444,0.009731050580739975,0.7175177702423496,0.9005271295748152,2.7812387943267822,5.2529168128967285,1.8886968007248126,0.94
35,sco_kcal,222,0.21849127113819122,0.04081093147397041,0.6299101604141499,0.9139787275434139,8.912636756896973,1.7174553871154785,0.19269890986934246,0.04
35,sco_kcal,223,0.2440408170223236,0.21892404556274414,0.6464901217979138,0.9818318707974636,49.23033142089844,0.8639293909072876,0.01754872181381551,0.26
35,sco_kcal,224,0.2991043031215668,0.029904210940003395,0.6365525500948239,0.9077484820376511,6.8882060050964355,1.5437825918197632,0.2241196896082306,0.08
35,sco_kcal,225,0.06705717742443085,0.022711940109729767,0.6588701357441995,0.9602163533461914,5.240706443786621,0.1278562843799591,0.02439676515969435,0.02
35,sco_kcal,226,0.8938266038894653,0.018999842926859856,0.6582832331396966,0.8967124485362266,4.013970851898193,7.064187049865723,1.7598999371221373,0.76
35,sco_kcal,227,0.8599444031715393,0.011426594108343124,0.6658963089949372,0.8981844903655618,2.6916205883026123,3.4050588607788086,1.2650590040723773,0.86
35,sco_kcal,228,0.5206151008605957,0.02000909484922886,0.6591693802518372,0.925530491460336,4.6371307373046875,2.242096185684204,0.4835093752365095,0.22
35,sco_kcal,229,0.39841166138648987,0.0077596912160515785,0.6295450609620066,0.9356054888818717,1.922766923904419,0.3427751958370209,0.1782718391790165,0.24
35,sco_kcal,230,0.25778433680534363,0.03255194053053856,0.6127258546808858,0.9268603356017209,6.763601779937744,1.3207299709320068,0.1952702145844198,0.1
35,sco_kcal,231,0.06112392991781235,0.053806912153959274,0.5844403461262009,0.9554835726067454,10.405521392822266,0.1210225373506546,0.011630607711223007,0.04
35,sco_kcal,232,0.3843708336353302,0.05715257674455643,0.6445721702429961,0.9379649349991281,13.012168884277344,2.559344530105591,0.19668854230735178,0.18
35,sco_kcal,233,0.18060775101184845,0.031057218089699745,0.6452840371451056,0.9606614338641282,7.053766250610352,0.15195636451244354,0.02154258577810046,0.22
35,sco_kcal,234,0.527446448802948,0.03136318549513817,0.6164155403095244,0.8830340588007928,6.318857669830322,3.4617879390716553,0.5478502792680585,0.34
35,sco_kcal,235,0.16482394933700562,0.024522928521037102,0.611685544235774,0.9426258493128366,5.179520130157471,0.3715990483760834,0.07174391430829052,0.06
35,sco_kcal,236,0.6135437488555908,0.0283394493162632,0.7072990715822407,0.9801475324616002,8.239801406860352,0.5110111236572266,0.06201740775351276,0.62
35,sco_kcal,237,0.19277265667915344,0.06923696398735046,0.5960620417302851,0.9106839157924467,13.440817832946777,2.4720122814178467,0.18391829367394086,0.06
35,sco_kcal,238,0.17248442769050598,0.054967183619737625,0.5965917794139215,0.9139025551590054,10.621434211730957,0.8283518552780151,0.07798870084448041,0.08
35,sco_kcal,239,0.10597337782382965,0.054747287184000015,0.5848408119065192,0.9427945077069615,10.60687255859375,0.26500511169433594,0.024984283560532387,0.1
35,sco_kcal,240,0.300557404756546,0.02499418519437313,0.6050950217400319,0.9159678322204592,5.183045864105225,0.8315959572792053,0.16044541744042004,0.18
35,sco_kcal,241,0.4970560371875763,0.030101165175437927,0.5966020443646103,0.8873992070220658,5.997682571411133,3.0667548179626465,0.5113232955309773,0.32
35,sco_kcal,242,0.37989768385887146,0.022479122504591942,0.640032222826731,0.9187988212731606,5.044468879699707,1.7179396152496338,0.3405590670135924,0.14
35,sco_kcal,243,0.06791072338819504,0.12969247996807098,0.6334212025172865,0.9515506063403882,28.400606155395508,0.3820931315422058,0.0134536963560412,0.06
35,sco_kcal,244,0.6634697914123535,0.025860417634248734,0.6404739734209046,0.9258997639253435,5.75480842590332,4.678431034088135,0.8129603433938414,0.56
35,sco_kcal,245,0.11368995159864426,0.03428681567311287,0.6172548103354776,0.9325522482607642,7.318343639373779,0.3566637337207794,0.048735581614653266,0.04
35,sco_kcal,246,0.21135658025741577,0.019409189000725746,0.6362613430148969,0.9243243206235516,4.358370304107666,0.714080810546875,0.16384124356617194,0.04
35,sco_kcal,247,0.7522397041320801,0.01737629435956478,0.6607118444229527,0.8911596947004441,3.938249349594116,3.7560198307037354,0.953728293281084,0.54
35,sco_kcal,248,0.20249105989933014,0.10970299690961838,0.600398400036821,0.9101001357125567,21.467090606689453,3.2216591835021973,0.15007432737523743,0.04
35,sco_kcal,249,0.2138298600912094,0.032731443643569946,0.6411928749317326,0.9432437557013282,7.358707427978516,0.42436665296554565,0.05766864046694705,0.14
35,water_gsolv_eV,0,0.9999999403953552,0.0,0.6656062144753638,0.6656062144753638,,,,1.0
35,water_gsolv_eV,1,0.9999999403953552,0.0,0.6656062144753638,0.6656062144753638,,,,1.0
35,water_gsolv_eV,2,0.9999999403953552,0.0,0.6656062144753638,0.6656062144753638,,,,1.0
35,water_gsolv_eV,3,0.9999999403953552,0.0,0.6656062144753638,0.6656062144753638,,,,1.0
35,water_gsolv_eV,4,0.9999999403953552,0.0,0.6656062144753638,0.6656062144753638,,,,1.0
35,water_gsolv_eV,5,0.9999999403953552,0.0,0.6656062144753638,0.6656062144753638,,,,1.0
35,water_gsolv_eV,6,0.9999999403953552,0.0,0.6656062144753638,0.6656062144753638,,,,1.0
35,water_gsolv_eV,7,0.9999999403953552,0.0,0.6656062144753638,0.6656062144753638,,,,1.0
35,water_gsolv_eV,8,0.9999999403953552,0.0,0.6656062144753638,0.6656062144753638,,,,1.0
35,water_gsolv_eV,9,0.9999999403953552,0.0,0.6656062144753638,0.6656062144753638,,,,1.0
35,water_gsolv_eV,10,0.9999999403953552,0.0,0.6656062144753638,0.6656062144753638,,,,1.0
35,water_gsolv_eV,11,0.9999999403953552,0.0,0.6656062144753638,0.6656062144753638,,,,1.0
35,water_gsolv_eV,12,0.9999999403953552,0.0,0.6656062144753638,0.6656062144753638,,,,1.0
35,water_gsolv_eV,13,0.9999999403953552,0.0,0.6656062144753638,0.6656062144753638,,,,1.0
35,water_gsolv_eV,14,0.9999999403953552,0.0,0.6656062144753638,0.6656062144753638,,,,1.0
35,water_gsolv_eV,15,0.9999999403953552,0.0,0.6656062144753638,0.6656062144753638,,,,1.0
35,water_gsolv_eV,16,0.9999999403953552,0.0,0.6656062144753638,0.6656062144753638,,,,1.0
35,water_gsolv_eV,17,0.9999999403953552,0.0,0.6656062144753638,0.6656062144753638,,,,1.0
35,water_gsolv_eV,18,0.9999999403953552,0.0,0.6656062144753638,0.6656062144753638,,,,1.0
35,water_gsolv_eV,19,0.9999999403953552,0.0,0.6656062144753638,0.6656062144753638,,,,1.0
35,water_gsolv_eV,20,0.9999999403953552,0.0,0.6656062144753638,0.6656062144753638,,,,1.0
35,water_gsolv_eV,21,0.9999999403953552,0.0,0.6656062144753638,0.6656062144753638,,,,1.0
35,water_gsolv_eV,22,0.9999999403953552,0.0,0.6656062144753638,0.6656062144753638,,,,1.0
35,water_gsolv_eV,23,0.9999999403953552,0.0,0.6656062144753638,0.6656062144753638,,,,1.0
35,water_gsolv_eV,24,0.9999999403953552,0.0,0.6656062144753638,0.6656062144753638,,,,1.0
35,water_gsolv_eV,25,0.9999999403953552,0.0,0.6656062144753638,0.6656062144753638,,,,1.0
35,water_gsolv_eV,26,0.9999999403953552,0.0,0.6656062144753638,0.6656062144753638,,,,1.0
35,water_gsolv_eV,27,0.9999999403953552,0.0,0.6656062144753638,0.6656062144753638,,,,1.0
35,water_gsolv_eV,28,0.9999999403953552,0.0,0.6656062144753638,0.6656062144753638,,,,1.0
35,water_gsolv_eV,29,0.9999999403953552,0.0,0.6656062144753638,0.6656062144753638,,,,1.0
35,water_gsolv_eV,30,0.9999999403953552,0.0,0.6656062144753638,0.6656062144753638,,,,1.0
35,water_gsolv_eV,31,0.9999999403953552,0.0,0.6656062144753638,0.6656062144753638,,,,1.0
35,water_gsolv_eV,32,0.9999999403953552,0.0,0.6656062144753638,0.6656062144753638,,,,1.0
35,water_gsolv_eV,33,0.9999999403953552,0.0,0.6656062144753638,0.6656062144753638,,,,1.0
35,water_gsolv_eV,34,0.9999999403953552,0.0,0.6656062144753638,0.6656062144753638,,,,1.0
35,water_gsolv_eV,35,0.9999999403953552,0.0,0.6656062144753638,0.6656062144753638,,,,1.0
35,water_gsolv_eV,36,0.9999999403953552,0.0,0.6656062144753638,0.6656062144753638,,,,1.0
35,water_gsolv_eV,37,0.9999999403953552,0.0,0.6656062144753638,0.6656062144753638,,,,1.0
35,water_gsolv_eV,38,0.9999999403953552,0.0,0.6656062144753638,0.6656062144753638,,,,1.0
35,water_gsolv_eV,39,0.9999999403953552,0.0,0.6656062144753638,0.6656062144753638,,,,1.0
35,water_gsolv_eV,40,0.9999999403953552,0.0,0.6656062144753638,0.6656062144753638,,,,1.0
35,water_gsolv_eV,41,0.9999999403953552,0.0,0.6656062144753638,0.6656062144753638,,,,1.0
35,water_gsolv_eV,42,0.9999999403953552,0.0,0.6656062144753638,0.6656062144753638,,,,1.0
35,water_gsolv_eV,43,0.9999999403953552,0.0,0.6656062144753638,0.6656062144753638,,,,1.0
35,water_gsolv_eV,44,0.9999999403953552,0.0,0.6656062144753638,0.6656062144753638,,,,1.0
35,water_gsolv_eV,45,0.9999999403953552,0.0,0.6656062144753638,0.6656062144753638,,,,1.0
35,water_gsolv_eV,46,0.9999999403953552,0.0,0.6656062144753638,0.6656062144753638,,,,1.0
35,water_gsolv_eV,47,0.9999999403953552,0.0,0.6656062144753638,0.6656062144753638,,,,1.0
35,water_gsolv_eV,48,0.9999999403953552,0.0,0.6656062144753638,0.6656062144753638,,,,1.0
35,water_gsolv_eV,49,0.9999999403953552,0.0,0.6656062144753638,0.6656062144753638,,,,1.0
35,water_gsolv_eV,50,0.9999999403953552,0.0,0.6656062144753638,0.6656062144753638,,,,1.0
35,water_gsolv_eV,51,0.9999999403953552,0.0,0.6656062144753638,0.6656062144753638,,,,1.0
35,water_gsolv_eV,52,0.9999999403953552,0.0,0.6656062144753638,0.6656062144753638,,,,1.0
35,water_gsolv_eV,53,0.9999999403953552,0.0,0.6656062144753638,0.6656062144753638,,,,1.0
35,water_gsolv_eV,54,0.9999999403953552,0.0,0.6656062144753638,0.6656062144753638,,,,1.0
35,water_gsolv_eV,55,0.9999999403953552,0.0,0.6656062144753638,0.6656062144753638,,,,1.0
35,water_gsolv_eV,56,0.9999999403953552,0.0,0.6656062144753638,0.6656062144753638,,,,1.0
35,water_gsolv_eV,57,0.9999999403953552,0.0,0.6656062144753638,0.6656062144753638,,,,1.0
35,water_gsolv_eV,58,0.9999999403953552,0.0,0.6656062144753638,0.6656062144753638,,,,1.0
35,water_gsolv_eV,59,0.9999999403953552,0.0,0.6656062144753638,0.6656062144753638,,,,1.0
35,water_gsolv_eV,60,0.9999999403953552,0.0,0.6656062144753638,0.6656062144753638,,,,1.0
35,water_gsolv_eV,61,0.9999999403953552,0.0,0.6656062144753638,0.6656062144753638,,,,1.0
35,water_gsolv_eV,62,0.9999999403953552,0.0,0.6656062144753638,0.6656062144753638,,,,1.0
35,water_gsolv_eV,63,0.9999999403953552,0.0,0.6656062144753638,0.6656062144753638,,,,1.0
35,water_gsolv_eV,64,0.9999999403953552,0.0,0.6656062144753638,0.6656062144753638,,,,1.0
35,water_gsolv_eV,65,0.9999999403953552,0.0,0.6656062144753638,0.6656062144753638,,,,1.0
35,water_gsolv_eV,66,0.9999999403953552,0.0,0.6656062144753638,0.6656062144753638,,,,1.0
35,water_gsolv_eV,67,0.9999999403953552,0.0,0.6656062144753638,0.6656062144753638,,,,1.0
35,water_gsolv_eV,68,0.9999999403953552,0.0,0.6656062144753638,0.6656062144753638,,,,1.0
35,water_gsolv_eV,69,0.9999999403953552,0.0,0.6656062144753638,0.6656062144753638,,,,1.0
35,water_gsolv_eV,70,0.9999999403953552,0.0,0.6656062144753638,0.6656062144753638,,,,1.0
35,water_gsolv_eV,71,0.9999999403953552,0.0,0.6656062144753638,0.6656062144753638,,,,1.0
35,water_gsolv_eV,72,0.9999999403953552,0.0,0.6656062144753638,0.6656062144753638,,,,1.0
35,water_gsolv_eV,73,0.9999999403953552,0.0,0.6656062144753638,0.6656062144753638,,,,1.0
35,water_gsolv_eV,74,0.9999999403953552,0.0,0.6656062144753638,0.6656062144753638,,,,1.0
35,water_gsolv_eV,75,0.9999999403953552,0.0,0.6656062144753638,0.6656062144753638,,,,1.0
35,water_gsolv_eV,76,0.9999999403953552,0.0,0.6656062144753638,0.6656062144753638,,,,1.0
35,water_gsolv_eV,77,0.9999999403953552,0.0,0.6656062144753638,0.6656062144753638,,,,1.0
35,water_gsolv_eV,78,0.9999999403953552,0.0,0.6656062144753638,0.6656062144753638,,,,1.0
35,water_gsolv_eV,79,0.9999999403953552,0.0,0.6656062144753638,0.6656062144753638,,,,1.0
35,water_gsolv_eV,80,0.9999999403953552,0.0,0.6656062144753638,0.6656062144753638,,,,1.0
35,water_gsolv_eV,81,0.9999999403953552,0.0,0.6656062144753638,0.6656062144753638,,,,1.0
35,water_gsolv_eV,82,0.9999999403953552,0.0,0.6656062144753638,0.6656062144753638,,,,1.0
35,water_gsolv_eV,83,0.9999999403953552,0.0,0.6656062144753638,0.6656062144753638,,,,1.0
35,water_gsolv_eV,84,0.9999999403953552,0.0,0.6656062144753638,0.6656062144753638,,,,1.0
35,water_gsolv_eV,85,0.9999999403953552,0.0,0.6656062144753638,0.6656062144753638,,,,1.0
35,water_gsolv_eV,86,0.9999999403953552,0.0,0.6656062144753638,0.6656062144753638,,,,1.0
35,water_gsolv_eV,87,0.9999999403953552,0.0,0.6656062144753638,0.6656062144753638,,,,1.0
35,water_gsolv_eV,88,0.9999999403953552,0.0,0.6656062144753638,0.6656062144753638,,,,1.0
35,water_gsolv_eV,89,0.9999999403953552,0.0,0.6656062144753638,0.6656062144753638,,,,1.0
35,water_gsolv_eV,90,0.9999999403953552,0.0,0.6656062144753638,0.6656062144753638,,,,1.0
35,water_gsolv_eV,91,0.9999999403953552,0.0,0.6656062144753638,0.6656062144753638,,,,1.0
35,water_gsolv_eV,92,0.9999999403953552,0.0,0.6656062144753638,0.6656062144753638,,,,1.0
35,water_gsolv_eV,93,0.9999999403953552,0.0,0.6656062144753638,0.6656062144753638,,,,1.0
35,water_gsolv_eV,94,0.9999999403953552,0.0,0.6656062144753638,0.6656062144753638,,,,1.0
35,water_gsolv_eV,95,0.9999999403953552,0.0,0.6656062144753638,0.6656062144753638,,,,1.0
35,water_gsolv_eV,96,0.9999999403953552,0.0,0.6656062144753638,0.6656062144753638,,,,1.0
35,water_gsolv_eV,97,0.9999999403953552,0.0,0.6656062144753638,0.6656062144753638,,,,1.0
35,water_gsolv_eV,98,0.9999999403953552,0.0,0.6656062144753638,0.6656062144753638,,,,1.0
35,water_gsolv_eV,99,0.9999999403953552,0.0,0.6656062144753638,0.6656062144753638,,,,1.0
35,water_gsolv_eV,100,0.9999999403953552,0.0,0.6656062144753638,0.6656062144753638,,,,1.0
35,water_gsolv_eV,101,0.9999999403953552,0.0,0.6656062144753638,0.6656062144753638,,,,1.0
35,water_gsolv_eV,102,0.9999999403953552,0.0,0.6656062144753638,0.6656062144753638,,,,1.0
35,water_gsolv_eV,103,0.9999999403953552,0.0,0.6656062144753638,0.6656062144753638,,,,1.0
35,water_gsolv_eV,104,0.9999999403953552,0.0,0.6656062144753638,0.6656062144753638,,,,1.0
35,water_gsolv_eV,105,0.9999999403953552,0.0,0.6656062144753638,0.6656062144753638,,,,1.0
35,water_gsolv_eV,106,0.9999999403953552,0.0,0.6656062144753638,0.6656062144753638,,,,1.0
35,water_gsolv_eV,107,0.9999999403953552,0.0,0.6656062144753638,0.6656062144753638,,,,1.0
35,water_gsolv_eV,108,0.9999999403953552,0.0,0.6656062144753638,0.6656062144753638,,,,1.0
35,water_gsolv_eV,109,0.9999999403953552,0.0,0.6656062144753638,0.6656062144753638,,,,1.0
35,water_gsolv_eV,110,0.9999999403953552,0.0,0.6656062144753638,0.6656062144753638,,,,1.0
35,water_gsolv_eV,111,0.9999999403953552,0.0,0.6656062144753638,0.6656062144753638,,,,1.0
35,water_gsolv_eV,112,0.9999999403953552,0.0,0.6656062144753638,0.6656062144753638,,,,1.0
35,water_gsolv_eV,113,0.9999999403953552,0.0,0.6656062144753638,0.6656062144753638,,,,1.0
35,water_gsolv_eV,114,0.9999999403953552,0.0,0.6656062144753638,0.6656062144753638,,,,1.0
35,water_gsolv_eV,115,0.9999999403953552,0.0,0.6656062144753638,0.6656062144753638,,,,1.0
35,water_gsolv_eV,116,0.9999999403953552,0.0,0.6656062144753638,0.6656062144753638,,,,1.0
35,water_gsolv_eV,117,0.9999999403953552,0.0,0.6656062144753638,0.6656062144753638,,,,1.0
35,water_gsolv_eV,118,0.9999999403953552,0.0,0.6656062144753638,0.6656062144753638,,,,1.0
35,water_gsolv_eV,119,0.9999999403953552,0.0,0.6656062144753638,0.6656062144753638,,,,1.0
35,water_gsolv_eV,120,0.9999999403953552,0.0,0.6656062144753638,0.6656062144753638,,,,1.0
35,water_gsolv_eV,121,0.9999999403953552,0.0,0.6656062144753638,0.6656062144753638,,,,1.0
35,water_gsolv_eV,122,0.9999999403953552,0.0,0.6656062144753638,0.6656062144753638,,,,1.0
35,water_gsolv_eV,123,0.9999999403953552,0.0,0.6656062144753638,0.6656062144753638,,,,1.0
35,water_gsolv_eV,124,0.9999999403953552,0.0,0.6656062144753638,0.6656062144753638,,,,1.0
35,water_gsolv_eV,125,0.9999999403953552,0.0,0.6656062144753638,0.6656062144753638,,,,1.0
35,water_gsolv_eV,126,0.9999999403953552,0.0,0.6656062144753638,0.6656062144753638,,,,1.0
35,water_gsolv_eV,127,0.9999999403953552,0.0,0.6656062144753638,0.6656062144753638,,,,1.0
35,water_gsolv_eV,128,0.9999999403953552,0.0,0.6656062144753638,0.6656062144753638,,,,1.0
35,water_gsolv_eV,129,0.9999999403953552,0.0,0.6656062144753638,0.6656062144753638,,,,1.0
35,water_gsolv_eV,130,0.9999999403953552,0.0,0.6656062144753638,0.6656062144753638,,,,1.0
35,water_gsolv_eV,131,0.9999999403953552,0.0,0.6656062144753638,0.6656062144753638,,,,1.0
35,water_gsolv_eV,132,0.9999999403953552,0.0,0.6656062144753638,0.6656062144753638,,,,1.0
35,water_gsolv_eV,133,0.9999999403953552,0.0,0.6656062144753638,0.6656062144753638,,,,1.0
35,water_gsolv_eV,134,0.9999999403953552,0.0,0.6656062144753638,0.6656062144753638,,,,1.0
35,water_gsolv_eV,135,0.9999999403953552,0.0,0.6656062144753638,0.6656062144753638,,,,1.0
35,water_gsolv_eV,136,0.9999999403953552,0.0,0.6656062144753638,0.6656062144753638,,,,1.0
35,water_gsolv_eV,137,0.9999999403953552,0.0,0.6656062144753638,0.6656062144753638,,,,1.0
35,water_gsolv_eV,138,0.9999999403953552,0.0,0.6656062144753638,0.6656062144753638,,,,1.0
35,water_gsolv_eV,139,0.9999999403953552,0.0,0.6656062144753638,0.6656062144753638,,,,1.0
35,water_gsolv_eV,140,0.9999999403953552,0.0,0.6656062144753638,0.6656062144753638,,,,1.0
35,water_gsolv_eV,141,0.9999999403953552,0.0,0.6656062144753638,0.6656062144753638,,,,1.0
35,water_gsolv_eV,142,0.9999999403953552,0.0,0.6656062144753638,0.6656062144753638,,,,1.0
35,water_gsolv_eV,143,0.9999999403953552,0.0,0.6656062144753638,0.6656062144753638,,,,1.0
35,water_gsolv_eV,144,0.9999999403953552,0.0,0.6656062144753638,0.6656062144753638,,,,1.0
35,water_gsolv_eV,145,0.9999999403953552,0.0,0.6656062144753638,0.6656062144753638,,,,1.0
35,water_gsolv_eV,146,0.9999999403953552,0.0,0.6656062144753638,0.6656062144753638,,,,1.0
35,water_gsolv_eV,147,0.9999999403953552,0.0,0.6656062144753638,0.6656062144753638,,,,1.0
35,water_gsolv_eV,148,0.9999999403953552,0.0,0.6656062144753638,0.6656062144753638,,,,1.0
35,water_gsolv_eV,149,0.9999999403953552,0.0,0.6656062144753638,0.6656062144753638,,,,1.0
35,water_gsolv_eV,150,0.9999999403953552,0.0,0.6656062144753638,0.6656062144753638,,,,1.0
35,water_gsolv_eV,151,0.9999999403953552,0.0,0.6656062144753638,0.6656062144753638,,,,1.0
35,water_gsolv_eV,152,0.9999999403953552,0.0,0.6656062144753638,0.6656062144753638,,,,1.0
35,water_gsolv_eV,153,0.9999999403953552,0.0,0.6656062144753638,0.6656062144753638,,,,1.0
35,water_gsolv_eV,154,0.9999999403953552,0.0,0.6656062144753638,0.6656062144753638,,,,1.0
35,water_gsolv_eV,155,0.9999999403953552,0.0,0.6656062144753638,0.6656062144753638,,,,1.0
35,water_gsolv_eV,156,0.9999999403953552,0.0,0.6656062144753638,0.6656062144753638,,,,1.0
35,water_gsolv_eV,157,0.9999999403953552,0.0,0.6656062144753638,0.6656062144753638,,,,1.0
35,water_gsolv_eV,158,0.9999999403953552,0.0,0.6656062144753638,0.6656062144753638,,,,1.0
35,water_gsolv_eV,159,0.9999999403953552,0.0,0.6656062144753638,0.6656062144753638,,,,1.0
35,water_gsolv_eV,160,0.9999999403953552,0.0,0.6656062144753638,0.6656062144753638,,,,1.0
35,water_gsolv_eV,161,0.9999999403953552,0.0,0.6656062144753638,0.6656062144753638,,,,1.0
35,water_gsolv_eV,162,0.9999999403953552,0.0,0.6656062144753638,0.6656062144753638,,,,1.0
35,water_gsolv_eV,163,0.9999999403953552,0.0,0.6656062144753638,0.6656062144753638,,,,1.0
35,water_gsolv_eV,164,0.9999999403953552,0.0,0.6656062144753638,0.6656062144753638,,,,1.0
35,water_gsolv_eV,165,0.9999999403953552,0.0,0.6656062144753638,0.6656062144753638,,,,1.0
35,water_gsolv_eV,166,0.9999999403953552,0.0,0.6656062144753638,0.6656062144753638,,,,1.0
35,water_gsolv_eV,167,0.9999999403953552,0.0,0.6656062144753638,0.6656062144753638,,,,1.0
35,water_gsolv_eV,168,0.9999999403953552,0.0,0.6656062144753638,0.6656062144753638,,,,1.0
35,water_gsolv_eV,169,0.9999999403953552,0.0,0.6656062144753638,0.6656062144753638,,,,1.0
35,water_gsolv_eV,170,0.9999999403953552,0.0,0.6656062144753638,0.6656062144753638,,,,1.0
35,water_gsolv_eV,171,0.9999999403953552,0.0,0.6656062144753638,0.6656062144753638,,,,1.0
35,water_gsolv_eV,172,0.9999999403953552,0.0,0.6656062144753638,0.6656062144753638,,,,1.0
35,water_gsolv_eV,173,0.9999999403953552,0.0,0.6656062144753638,0.6656062144753638,,,,1.0
35,water_gsolv_eV,174,0.9999999403953552,0.0,0.6656062144753638,0.6656062144753638,,,,1.0
35,water_gsolv_eV,175,0.9999999403953552,0.0,0.6656062144753638,0.6656062144753638,,,,1.0
35,water_gsolv_eV,176,0.9999999403953552,0.0,0.6656062144753638,0.6656062144753638,,,,1.0
35,water_gsolv_eV,177,0.9999999403953552,0.0,0.6656062144753638,0.6656062144753638,,,,1.0
35,water_gsolv_eV,178,0.9999999403953552,0.0,0.6656062144753638,0.6656062144753638,,,,1.0
35,water_gsolv_eV,179,0.9999999403953552,0.0,0.6656062144753638,0.6656062144753638,,,,1.0
35,water_gsolv_eV,180,0.9999999403953552,0.0,0.6656062144753638,0.6656062144753638,,,,1.0
35,water_gsolv_eV,181,0.9999999403953552,0.0,0.6656062144753638,0.6656062144753638,,,,1.0
35,water_gsolv_eV,182,0.9999999403953552,0.0,0.6656062144753638,0.6656062144753638,,,,1.0
35,water_gsolv_eV,183,0.9999999403953552,0.0,0.6656062144753638,0.6656062144753638,,,,1.0
35,water_gsolv_eV,184,0.9999999403953552,0.0,0.6656062144753638,0.6656062144753638,,,,1.0
35,water_gsolv_eV,185,0.9999999403953552,0.0,0.6656062144753638,0.6656062144753638,,,,1.0
35,water_gsolv_eV,186,0.9999999403953552,0.0,0.6656062144753638,0.6656062144753638,,,,1.0
35,water_gsolv_eV,187,0.9999999403953552,0.0,0.6656062144753638,0.6656062144753638,,,,1.0
35,water_gsolv_eV,188,0.9999999403953552,0.0,0.6656062144753638,0.6656062144753638,,,,1.0
35,water_gsolv_eV,189,0.9999999403953552,0.0,0.6656062144753638,0.6656062144753638,,,,1.0
35,water_gsolv_eV,190,0.9999999403953552,0.0,0.6656062144753638,0.6656062144753638,,,,1.0
35,water_gsolv_eV,191,0.9999999403953552,0.0,0.6656062144753638,0.6656062144753638,,,,1.0
35,water_gsolv_eV,192,0.9999999403953552,0.0,0.6656062144753638,0.6656062144753638,,,,1.0
35,water_gsolv_eV,193,0.9999999403953552,0.0,0.6656062144753638,0.6656062144753638,,,,1.0
35,water_gsolv_eV,194,0.9999999403953552,0.0,0.6656062144753638,0.6656062144753638,,,,1.0
35,water_gsolv_eV,195,0.9999999403953552,0.0,0.6656062144753638,0.6656062144753638,,,,1.0
35,water_gsolv_eV,196,0.9999999403953552,0.0,0.6656062144753638,0.6656062144753638,,,,1.0
35,water_gsolv_eV,197,0.9999999403953552,0.0,0.6656062144753638,0.6656062144753638,,,,1.0
35,water_gsolv_eV,198,0.9999999403953552,0.0,0.6656062144753638,0.6656062144753638,,,,1.0
35,water_gsolv_eV,199,0.9999999403953552,0.0,0.6656062144753638,0.6656062144753638,,,,1.0
35,water_gsolv_eV,200,0.9999999403953552,0.0,0.6656062144753638,0.6656062144753638,,,,1.0
35,water_gsolv_eV,201,0.9999999403953552,0.0,0.6656062144753638,0.6656062144753638,,,,1.0
35,water_gsolv_eV,202,0.9999999403953552,0.0,0.6656062144753638,0.6656062144753638,,,,1.0
35,water_gsolv_eV,203,0.9999999403953552,0.0,0.6656062144753638,0.6656062144753638,,,,1.0
35,water_gsolv_eV,204,0.9999999403953552,0.0,0.6656062144753638,0.6656062144753638,,,,1.0
35,water_gsolv_eV,205,0.9999999403953552,0.0,0.6656062144753638,0.6656062144753638,,,,1.0
35,water_gsolv_eV,206,0.9999999403953552,0.0,0.6656062144753638,0.6656062144753638,,,,1.0
35,water_gsolv_eV,207,0.9999999403953552,0.0,0.6656062144753638,0.6656062144753638,,,,1.0
35,water_gsolv_eV,208,0.9999999403953552,0.0,0.6656062144753638,0.6656062144753638,,,,1.0
35,water_gsolv_eV,209,0.9999999403953552,0.0,0.6656062144753638,0.6656062144753638,,,,1.0
35,water_gsolv_eV,210,0.9999999403953552,0.0,0.6656062144753638,0.6656062144753638,,,,1.0
35,water_gsolv_eV,211,0.9999999403953552,0.0,0.6656062144753638,0.6656062144753638,,,,1.0
35,water_gsolv_eV,212,0.9999999403953552,0.0,0.6656062144753638,0.6656062144753638,,,,1.0
35,water_gsolv_eV,213,0.9999999403953552,0.0,0.6656062144753638,0.6656062144753638,,,,1.0
35,water_gsolv_eV,214,0.9999999403953552,0.0,0.6656062144753638,0.6656062144753638,,,,1.0
35,water_gsolv_eV,215,0.9999999403953552,0.0,0.6656062144753638,0.6656062144753638,,,,1.0
35,water_gsolv_eV,216,0.9999999403953552,0.0,0.6656062144753638,0.6656062144753638,,,,1.0
35,water_gsolv_eV,217,0.9999999403953552,0.0,0.6656062144753638,0.6656062144753638,,,,1.0
35,water_gsolv_eV,218,0.9999999403953552,0.0,0.6656062144753638,0.6656062144753638,,,,1.0
35,water_gsolv_eV,219,0.9999999403953552,0.0,0.6656062144753638,0.6656062144753638,,,,1.0
35,water_gsolv_eV,220,0.9999999403953552,0.0,0.6656062144753638,0.6656062144753638,,,,1.0
35,water_gsolv_eV,221,0.9999999403953552,0.0,0.6656062144753638,0.6656062144753638,,,,1.0
35,water_gsolv_eV,222,0.9999999403953552,0.0,0.6656062144753638,0.6656062144753638,,,,1.0
35,water_gsolv_eV,223,0.9999999403953552,0.0,0.6656062144753638,0.6656062144753638,,,,1.0
35,water_gsolv_eV,224,0.9999999403953552,0.0,0.6656062144753638,0.6656062144753638,,,,1.0
35,water_gsolv_eV,225,0.9999999403953552,0.0,0.6656062144753638,0.6656062144753638,,,,1.0
35,water_gsolv_eV,226,0.9999999403953552,0.0,0.6656062144753638,0.6656062144753638,,,,1.0
35,water_gsolv_eV,227,0.9999999403953552,0.0,0.6656062144753638,0.6656062144753638,,,,1.0
35,water_gsolv_eV,228,0.9999999403953552,0.0,0.6656062144753638,0.6656062144753638,,,,1.0
35,water_gsolv_eV,229,0.9999999403953552,0.0,0.6656062144753638,0.6656062144753638,,,,1.0
35,water_gsolv_eV,230,0.9999999403953552,0.0,0.6656062144753638,0.6656062144753638,,,,1.0
35,water_gsolv_eV,231,0.9999999403953552,0.0,0.6656062144753638,0.6656062144753638,,,,1.0
35,water_gsolv_eV,232,0.9999999403953552,0.0,0.6656062144753638,0.6656062144753638,,,,1.0
35,water_gsolv_eV,233,0.9999999403953552,0.0,0.6656062144753638,0.6656062144753638,,,,1.0
35,water_gsolv_eV,234,0.9999999403953552,0.0,0.6656062144753638,0.6656062144753638,,,,1.0
35,water_gsolv_eV,235,0.9999999403953552,0.0,0.6656062144753638,0.6656062144753638,,,,1.0
35,water_gsolv_eV,236,0.9999999403953552,0.0,0.6656062144753638,0.6656062144753638,,,,1.0
35,water_gsolv_eV,237,0.9999999403953552,0.0,0.6656062144753638,0.6656062144753638,,,,1.0
35,water_gsolv_eV,238,0.9999999403953552,0.0,0.6656062144753638,0.6656062144753638,,,,1.0
35,water_gsolv_eV,239,0.9999999403953552,0.0,0.6656062144753638,0.6656062144753638,,,,1.0
35,water_gsolv_eV,240,0.9999999403953552,0.0,0.6656062144753638,0.6656062144753638,,,,1.0
35,water_gsolv_eV,241,0.9999999403953552,0.0,0.6656062144753638,0.6656062144753638,,,,1.0
35,water_gsolv_eV,242,0.9999999403953552,0.0,0.6656062144753638,0.6656062144753638,,,,1.0
35,water_gsolv_eV,243,0.9999999403953552,0.0,0.6656062144753638,0.6656062144753638,,,,1.0
35,water_gsolv_eV,244,0.9999999403953552,0.0,0.6656062144753638,0.6656062144753638,,,,1.0
35,water_gsolv_eV,245,0.9999999403953552,0.0,0.6656062144753638,0.6656062144753638,,,,1.0
35,water_gsolv_eV,246,0.9999999403953552,0.0,0.6656062144753638,0.6656062144753638,,,,1.0
35,water_gsolv_eV,247,0.9999999403953552,0.0,0.6656062144753638,0.6656062144753638,,,,1.0
35,water_gsolv_eV,248,0.9999999403953552,0.0,0.6656062144753638,0.6656062144753638,,,,1.0
35,water_gsolv_eV,249,0.9999999403953552,0.0,0.6656062144753638,0.6656062144753638,,,,1.0
35,water_hl_gap_eV,0,1.0,0.0,0.7114558984145367,0.7114558984145367,,,,1.0
35,water_hl_gap_eV,1,1.0,0.0,0.7114558984145367,0.7114558984145367,,,,1.0
35,water_hl_gap_eV,2,1.0,0.0,0.7114558984145367,0.7114558984145367,,,,1.0
35,water_hl_gap_eV,3,1.0,0.0,0.7114558984145367,0.7114558984145367,,,,1.0
35,water_hl_gap_eV,4,1.0,0.0,0.7114558984145367,0.7114558984145367,,,,1.0
35,water_hl_gap_eV,5,1.0,0.0,0.7114558984145367,0.7114558984145367,,,,1.0
35,water_hl_gap_eV,6,1.0,0.0,0.7114558984145367,0.7114558984145367,,,,1.0
35,water_hl_gap_eV,7,1.0,0.0,0.7114558984145367,0.7114558984145367,,,,1.0
35,water_hl_gap_eV,8,1.0,0.0,0.7114558984145367,0.7114558984145367,,,,1.0
35,water_hl_gap_eV,9,1.0,0.0,0.7114558984145367,0.7114558984145367,,,,1.0
35,water_hl_gap_eV,10,1.0,0.0,0.7114558984145367,0.7114558984145367,,,,1.0
35,water_hl_gap_eV,11,1.0,0.0,0.7114558984145367,0.7114558984145367,,,,1.0
35,water_hl_gap_eV,12,1.0,0.0,0.7114558984145367,0.7114558984145367,,,,1.0
35,water_hl_gap_eV,13,1.0,0.0,0.7114558984145367,0.7114558984145367,,,,1.0
35,water_hl_gap_eV,14,1.0,0.0,0.7114558984145367,0.7114558984145367,,,,1.0
35,water_hl_gap_eV,15,1.0,0.0,0.7114558984145367,0.7114558984145367,,,,1.0
35,water_hl_gap_eV,16,1.0,0.0,0.7114558984145367,0.7114558984145367,,,,1.0
35,water_hl_gap_eV,17,1.0,0.0,0.7114558984145367,0.7114558984145367,,,,1.0
35,water_hl_gap_eV,18,1.0,0.0,0.7114558984145367,0.7114558984145367,,,,1.0
35,water_hl_gap_eV,19,1.0,0.0,0.7114558984145367,0.7114558984145367,,,,1.0
35,water_hl_gap_eV,20,1.0,0.0,0.7114558984145367,0.7114558984145367,,,,1.0
35,water_hl_gap_eV,21,1.0,0.0,0.7114558984145367,0.7114558984145367,,,,1.0
35,water_hl_gap_eV,22,1.0,0.0,0.7114558984145367,0.7114558984145367,,,,1.0
35,water_hl_gap_eV,23,1.0,0.0,0.7114558984145367,0.7114558984145367,,,,1.0
35,water_hl_gap_eV,24,1.0,0.0,0.7114558984145367,0.7114558984145367,,,,1.0
35,water_hl_gap_eV,25,1.0,0.0,0.7114558984145367,0.7114558984145367,,,,1.0
35,water_hl_gap_eV,26,1.0,0.0,0.7114558984145367,0.7114558984145367,,,,1.0
35,water_hl_gap_eV,27,1.0,0.0,0.7114558984145367,0.7114558984145367,,,,1.0
35,water_hl_gap_eV,28,1.0,0.0,0.7114558984145367,0.7114558984145367,,,,1.0
35,water_hl_gap_eV,29,1.0,0.0,0.7114558984145367,0.7114558984145367,,,,1.0
35,water_hl_gap_eV,30,1.0,0.0,0.7114558984145367,0.7114558984145367,,,,1.0
35,water_hl_gap_eV,31,1.0,0.0,0.7114558984145367,0.7114558984145367,,,,1.0
35,water_hl_gap_eV,32,1.0,0.0,0.7114558984145367,0.7114558984145367,,,,1.0
35,water_hl_gap_eV,33,1.0,0.0,0.7114558984145367,0.7114558984145367,,,,1.0
35,water_hl_gap_eV,34,1.0,0.0,0.7114558984145367,0.7114558984145367,,,,1.0
35,water_hl_gap_eV,35,1.0,0.0,0.7114558984145367,0.7114558984145367,,,,1.0
35,water_hl_gap_eV,36,1.0,0.0,0.7114558984145367,0.7114558984145367,,,,1.0
35,water_hl_gap_eV,37,1.0,0.0,0.7114558984145367,0.7114558984145367,,,,1.0
35,water_hl_gap_eV,38,1.0,0.0,0.7114558984145367,0.7114558984145367,,,,1.0
35,water_hl_gap_eV,39,1.0,0.0,0.7114558984145367,0.7114558984145367,,,,1.0
35,water_hl_gap_eV,40,1.0,0.0,0.7114558984145367,0.7114558984145367,,,,1.0
35,water_hl_gap_eV,41,1.0,0.0,0.7114558984145367,0.7114558984145367,,,,1.0
35,water_hl_gap_eV,42,1.0,0.0,0.7114558984145367,0.7114558984145367,,,,1.0
35,water_hl_gap_eV,43,1.0,0.0,0.7114558984145367,0.7114558984145367,,,,1.0
35,water_hl_gap_eV,44,1.0,0.0,0.7114558984145367,0.7114558984145367,,,,1.0
35,water_hl_gap_eV,45,1.0,0.0,0.7114558984145367,0.7114558984145367,,,,1.0
35,water_hl_gap_eV,46,1.0,0.0,0.7114558984145367,0.7114558984145367,,,,1.0
35,water_hl_gap_eV,47,1.0,0.0,0.7114558984145367,0.7114558984145367,,,,1.0
35,water_hl_gap_eV,48,1.0,0.0,0.7114558984145367,0.7114558984145367,,,,1.0
35,water_hl_gap_eV,49,1.0,0.0,0.7114558984145367,0.7114558984145367,,,,1.0
35,water_hl_gap_eV,50,1.0,0.0,0.7114558984145367,0.7114558984145367,,,,1.0
35,water_hl_gap_eV,51,1.0,0.0,0.7114558984145367,0.7114558984145367,,,,1.0
35,water_hl_gap_eV,52,1.0,0.0,0.7114558984145367,0.7114558984145367,,,,1.0
35,water_hl_gap_eV,53,1.0,0.0,0.7114558984145367,0.7114558984145367,,,,1.0
35,water_hl_gap_eV,54,1.0,0.0,0.7114558984145367,0.7114558984145367,,,,1.0
35,water_hl_gap_eV,55,1.0,0.0,0.7114558984145367,0.7114558984145367,,,,1.0
35,water_hl_gap_eV,56,1.0,0.0,0.7114558984145367,0.7114558984145367,,,,1.0
35,water_hl_gap_eV,57,1.0,0.0,0.7114558984145367,0.7114558984145367,,,,1.0
35,water_hl_gap_eV,58,1.0,0.0,0.7114558984145367,0.7114558984145367,,,,1.0
35,water_hl_gap_eV,59,1.0,0.0,0.7114558984145367,0.7114558984145367,,,,1.0
35,water_hl_gap_eV,60,1.0,0.0,0.7114558984145367,0.7114558984145367,,,,1.0
35,water_hl_gap_eV,61,1.0,0.0,0.7114558984145367,0.7114558984145367,,,,1.0
35,water_hl_gap_eV,62,1.0,0.0,0.7114558984145367,0.7114558984145367,,,,1.0
35,water_hl_gap_eV,63,1.0,0.0,0.7114558984145367,0.7114558984145367,,,,1.0
35,water_hl_gap_eV,64,1.0,0.0,0.7114558984145367,0.7114558984145367,,,,1.0
35,water_hl_gap_eV,65,1.0,0.0,0.7114558984145367,0.7114558984145367,,,,1.0
35,water_hl_gap_eV,66,1.0,0.0,0.7114558984145367,0.7114558984145367,,,,1.0
35,water_hl_gap_eV,67,1.0,0.0,0.7114558984145367,0.7114558984145367,,,,1.0
35,water_hl_gap_eV,68,1.0,0.0,0.7114558984145367,0.7114558984145367,,,,1.0
35,water_hl_gap_eV,69,1.0,0.0,0.7114558984145367,0.7114558984145367,,,,1.0
35,water_hl_gap_eV,70,1.0,0.0,0.7114558984145367,0.7114558984145367,,,,1.0
35,water_hl_gap_eV,71,1.0,0.0,0.7114558984145367,0.7114558984145367,,,,1.0
35,water_hl_gap_eV,72,1.0,0.0,0.7114558984145367,0.7114558984145367,,,,1.0
35,water_hl_gap_eV,73,1.0,0.0,0.7114558984145367,0.7114558984145367,,,,1.0
35,water_hl_gap_eV,74,1.0,0.0,0.7114558984145367,0.7114558984145367,,,,1.0
35,water_hl_gap_eV,75,1.0,0.0,0.7114558984145367,0.7114558984145367,,,,1.0
35,water_hl_gap_eV,76,1.0,0.0,0.7114558984145367,0.7114558984145367,,,,1.0
35,water_hl_gap_eV,77,1.0,0.0,0.7114558984145367,0.7114558984145367,,,,1.0
35,water_hl_gap_eV,78,1.0,0.0,0.7114558984145367,0.7114558984145367,,,,1.0
35,water_hl_gap_eV,79,1.0,0.0,0.7114558984145367,0.7114558984145367,,,,1.0
35,water_hl_gap_eV,80,1.0,0.0,0.7114558984145367,0.7114558984145367,,,,1.0
35,water_hl_gap_eV,81,1.0,0.0,0.7114558984145367,0.7114558984145367,,,,1.0
35,water_hl_gap_eV,82,1.0,0.0,0.7114558984145367,0.7114558984145367,,,,1.0
35,water_hl_gap_eV,83,1.0,0.0,0.7114558984145367,0.7114558984145367,,,,1.0
35,water_hl_gap_eV,84,1.0,0.0,0.7114558984145367,0.7114558984145367,,,,1.0
35,water_hl_gap_eV,85,1.0,0.0,0.7114558984145367,0.7114558984145367,,,,1.0
35,water_hl_gap_eV,86,1.0,0.0,0.7114558984145367,0.7114558984145367,,,,1.0
35,water_hl_gap_eV,87,1.0,0.0,0.7114558984145367,0.7114558984145367,,,,1.0
35,water_hl_gap_eV,88,1.0,0.0,0.7114558984145367,0.7114558984145367,,,,1.0
35,water_hl_gap_eV,89,1.0,0.0,0.7114558984145367,0.7114558984145367,,,,1.0
35,water_hl_gap_eV,90,1.0,0.0,0.7114558984145367,0.7114558984145367,,,,1.0
35,water_hl_gap_eV,91,1.0,0.0,0.7114558984145367,0.7114558984145367,,,,1.0
35,water_hl_gap_eV,92,1.0,0.0,0.7114558984145367,0.7114558984145367,,,,1.0
35,water_hl_gap_eV,93,1.0,0.0,0.7114558984145367,0.7114558984145367,,,,1.0
35,water_hl_gap_eV,94,1.0,0.0,0.7114558984145367,0.7114558984145367,,,,1.0
35,water_hl_gap_eV,95,1.0,0.0,0.7114558984145367,0.7114558984145367,,,,1.0
35,water_hl_gap_eV,96,1.0,0.0,0.7114558984145367,0.7114558984145367,,,,1.0
35,water_hl_gap_eV,97,1.0,0.0,0.7114558984145367,0.7114558984145367,,,,1.0
35,water_hl_gap_eV,98,1.0,0.0,0.7114558984145367,0.7114558984145367,,,,1.0
35,water_hl_gap_eV,99,1.0,0.0,0.7114558984145367,0.7114558984145367,,,,1.0
35,water_hl_gap_eV,100,1.0,0.0,0.7114558984145367,0.7114558984145367,,,,1.0
35,water_hl_gap_eV,101,1.0,0.0,0.7114558984145367,0.7114558984145367,,,,1.0
35,water_hl_gap_eV,102,1.0,0.0,0.7114558984145367,0.7114558984145367,,,,1.0
35,water_hl_gap_eV,103,1.0,0.0,0.7114558984145367,0.7114558984145367,,,,1.0
35,water_hl_gap_eV,104,1.0,0.0,0.7114558984145367,0.7114558984145367,,,,1.0
35,water_hl_gap_eV,105,1.0,0.0,0.7114558984145367,0.7114558984145367,,,,1.0
35,water_hl_gap_eV,106,1.0,0.0,0.7114558984145367,0.7114558984145367,,,,1.0
35,water_hl_gap_eV,107,1.0,0.0,0.7114558984145367,0.7114558984145367,,,,1.0
35,water_hl_gap_eV,108,1.0,0.0,0.7114558984145367,0.7114558984145367,,,,1.0
35,water_hl_gap_eV,109,1.0,0.0,0.7114558984145367,0.7114558984145367,,,,1.0
35,water_hl_gap_eV,110,1.0,0.0,0.7114558984145367,0.7114558984145367,,,,1.0
35,water_hl_gap_eV,111,1.0,0.0,0.7114558984145367,0.7114558984145367,,,,1.0
35,water_hl_gap_eV,112,1.0,0.0,0.7114558984145367,0.7114558984145367,,,,1.0
35,water_hl_gap_eV,113,1.0,0.0,0.7114558984145367,0.7114558984145367,,,,1.0
35,water_hl_gap_eV,114,1.0,0.0,0.7114558984145367,0.7114558984145367,,,,1.0
35,water_hl_gap_eV,115,1.0,0.0,0.7114558984145367,0.7114558984145367,,,,1.0
35,water_hl_gap_eV,116,1.0,0.0,0.7114558984145367,0.7114558984145367,,,,1.0
35,water_hl_gap_eV,117,1.0,0.0,0.7114558984145367,0.7114558984145367,,,,1.0
35,water_hl_gap_eV,118,1.0,0.0,0.7114558984145367,0.7114558984145367,,,,1.0
35,water_hl_gap_eV,119,1.0,0.0,0.7114558984145367,0.7114558984145367,,,,1.0
35,water_hl_gap_eV,120,1.0,0.0,0.7114558984145367,0.7114558984145367,,,,1.0
35,water_hl_gap_eV,121,1.0,0.0,0.7114558984145367,0.7114558984145367,,,,1.0
35,water_hl_gap_eV,122,1.0,0.0,0.7114558984145367,0.7114558984145367,,,,1.0
35,water_hl_gap_eV,123,1.0,0.0,0.7114558984145367,0.7114558984145367,,,,1.0
35,water_hl_gap_eV,124,1.0,0.0,0.7114558984145367,0.7114558984145367,,,,1.0
35,water_hl_gap_eV,125,1.0,0.0,0.7114558984145367,0.7114558984145367,,,,1.0
35,water_hl_gap_eV,126,1.0,0.0,0.7114558984145367,0.7114558984145367,,,,1.0
35,water_hl_gap_eV,127,1.0,0.0,0.7114558984145367,0.7114558984145367,,,,1.0
35,water_hl_gap_eV,128,1.0,0.0,0.7114558984145367,0.7114558984145367,,,,1.0
35,water_hl_gap_eV,129,1.0,0.0,0.7114558984145367,0.7114558984145367,,,,1.0
35,water_hl_gap_eV,130,1.0,0.0,0.7114558984145367,0.7114558984145367,,,,1.0
35,water_hl_gap_eV,131,1.0,0.0,0.7114558984145367,0.7114558984145367,,,,1.0
35,water_hl_gap_eV,132,1.0,0.0,0.7114558984145367,0.7114558984145367,,,,1.0
35,water_hl_gap_eV,133,1.0,0.0,0.7114558984145367,0.7114558984145367,,,,1.0
35,water_hl_gap_eV,134,1.0,0.0,0.7114558984145367,0.7114558984145367,,,,1.0
35,water_hl_gap_eV,135,1.0,0.0,0.7114558984145367,0.7114558984145367,,,,1.0
35,water_hl_gap_eV,136,1.0,0.0,0.7114558984145367,0.7114558984145367,,,,1.0
35,water_hl_gap_eV,137,1.0,0.0,0.7114558984145367,0.7114558984145367,,,,1.0
35,water_hl_gap_eV,138,1.0,0.0,0.7114558984145367,0.7114558984145367,,,,1.0
35,water_hl_gap_eV,139,1.0,0.0,0.7114558984145367,0.7114558984145367,,,,1.0
35,water_hl_gap_eV,140,1.0,0.0,0.7114558984145367,0.7114558984145367,,,,1.0
35,water_hl_gap_eV,141,1.0,0.0,0.7114558984145367,0.7114558984145367,,,,1.0
35,water_hl_gap_eV,142,1.0,0.0,0.7114558984145367,0.7114558984145367,,,,1.0
35,water_hl_gap_eV,143,1.0,0.0,0.7114558984145367,0.7114558984145367,,,,1.0
35,water_hl_gap_eV,144,1.0,0.0,0.7114558984145367,0.7114558984145367,,,,1.0
35,water_hl_gap_eV,145,1.0,0.0,0.7114558984145367,0.7114558984145367,,,,1.0
35,water_hl_gap_eV,146,1.0,0.0,0.7114558984145367,0.7114558984145367,,,,1.0
35,water_hl_gap_eV,147,1.0,0.0,0.7114558984145367,0.7114558984145367,,,,1.0
35,water_hl_gap_eV,148,1.0,0.0,0.7114558984145367,0.7114558984145367,,,,1.0
35,water_hl_gap_eV,149,1.0,0.0,0.7114558984145367,0.7114558984145367,,,,1.0
35,water_hl_gap_eV,150,1.0,0.0,0.7114558984145367,0.7114558984145367,,,,1.0
35,water_hl_gap_eV,151,1.0,0.0,0.7114558984145367,0.7114558984145367,,,,1.0
35,water_hl_gap_eV,152,1.0,0.0,0.7114558984145367,0.7114558984145367,,,,1.0
35,water_hl_gap_eV,153,1.0,0.0,0.7114558984145367,0.7114558984145367,,,,1.0
35,water_hl_gap_eV,154,1.0,0.0,0.7114558984145367,0.7114558984145367,,,,1.0
35,water_hl_gap_eV,155,1.0,0.0,0.7114558984145367,0.7114558984145367,,,,1.0
35,water_hl_gap_eV,156,1.0,0.0,0.7114558984145367,0.7114558984145367,,,,1.0
35,water_hl_gap_eV,157,1.0,0.0,0.7114558984145367,0.7114558984145367,,,,1.0
35,water_hl_gap_eV,158,1.0,0.0,0.7114558984145367,0.7114558984145367,,,,1.0
35,water_hl_gap_eV,159,1.0,0.0,0.7114558984145367,0.7114558984145367,,,,1.0
35,water_hl_gap_eV,160,1.0,0.0,0.7114558984145367,0.7114558984145367,,,,1.0
35,water_hl_gap_eV,161,1.0,0.0,0.7114558984145367,0.7114558984145367,,,,1.0
35,water_hl_gap_eV,162,1.0,0.0,0.7114558984145367,0.7114558984145367,,,,1.0
35,water_hl_gap_eV,163,1.0,0.0,0.7114558984145367,0.7114558984145367,,,,1.0
35,water_hl_gap_eV,164,1.0,0.0,0.7114558984145367,0.7114558984145367,,,,1.0
35,water_hl_gap_eV,165,1.0,0.0,0.7114558984145367,0.7114558984145367,,,,1.0
35,water_hl_gap_eV,166,1.0,0.0,0.7114558984145367,0.7114558984145367,,,,1.0
35,water_hl_gap_eV,167,1.0,0.0,0.7114558984145367,0.7114558984145367,,,,1.0
35,water_hl_gap_eV,168,1.0,0.0,0.7114558984145367,0.7114558984145367,,,,1.0
35,water_hl_gap_eV,169,1.0,0.0,0.7114558984145367,0.7114558984145367,,,,1.0
35,water_hl_gap_eV,170,1.0,0.0,0.7114558984145367,0.7114558984145367,,,,1.0
35,water_hl_gap_eV,171,1.0,0.0,0.7114558984145367,0.7114558984145367,,,,1.0
35,water_hl_gap_eV,172,1.0,0.0,0.7114558984145367,0.7114558984145367,,,,1.0
35,water_hl_gap_eV,173,1.0,0.0,0.7114558984145367,0.7114558984145367,,,,1.0
35,water_hl_gap_eV,174,1.0,0.0,0.7114558984145367,0.7114558984145367,,,,1.0
35,water_hl_gap_eV,175,1.0,0.0,0.7114558984145367,0.7114558984145367,,,,1.0
35,water_hl_gap_eV,176,1.0,0.0,0.7114558984145367,0.7114558984145367,,,,1.0
35,water_hl_gap_eV,177,1.0,0.0,0.7114558984145367,0.7114558984145367,,,,1.0
35,water_hl_gap_eV,178,1.0,0.0,0.7114558984145367,0.7114558984145367,,,,1.0
35,water_hl_gap_eV,179,1.0,0.0,0.7114558984145367,0.7114558984145367,,,,1.0
35,water_hl_gap_eV,180,1.0,0.0,0.7114558984145367,0.7114558984145367,,,,1.0
35,water_hl_gap_eV,181,1.0,0.0,0.7114558984145367,0.7114558984145367,,,,1.0
35,water_hl_gap_eV,182,1.0,0.0,0.7114558984145367,0.7114558984145367,,,,1.0
35,water_hl_gap_eV,183,1.0,0.0,0.7114558984145367,0.7114558984145367,,,,1.0
35,water_hl_gap_eV,184,1.0,0.0,0.7114558984145367,0.7114558984145367,,,,1.0
35,water_hl_gap_eV,185,1.0,0.0,0.7114558984145367,0.7114558984145367,,,,1.0
35,water_hl_gap_eV,186,1.0,0.0,0.7114558984145367,0.7114558984145367,,,,1.0
35,water_hl_gap_eV,187,1.0,0.0,0.7114558984145367,0.7114558984145367,,,,1.0
35,water_hl_gap_eV,188,1.0,0.0,0.7114558984145367,0.7114558984145367,,,,1.0
35,water_hl_gap_eV,189,1.0,0.0,0.7114558984145367,0.7114558984145367,,,,1.0
35,water_hl_gap_eV,190,1.0,0.0,0.7114558984145367,0.7114558984145367,,,,1.0
35,water_hl_gap_eV,191,1.0,0.0,0.7114558984145367,0.7114558984145367,,,,1.0
35,water_hl_gap_eV,192,1.0,0.0,0.7114558984145367,0.7114558984145367,,,,1.0
35,water_hl_gap_eV,193,1.0,0.0,0.7114558984145367,0.7114558984145367,,,,1.0
35,water_hl_gap_eV,194,1.0,0.0,0.7114558984145367,0.7114558984145367,,,,1.0
35,water_hl_gap_eV,195,1.0,0.0,0.7114558984145367,0.7114558984145367,,,,1.0
35,water_hl_gap_eV,196,1.0,0.0,0.7114558984145367,0.7114558984145367,,,,1.0
35,water_hl_gap_eV,197,1.0,0.0,0.7114558984145367,0.7114558984145367,,,,1.0
35,water_hl_gap_eV,198,1.0,0.0,0.7114558984145367,0.7114558984145367,,,,1.0
35,water_hl_gap_eV,199,1.0,0.0,0.7114558984145367,0.7114558984145367,,,,1.0
35,water_hl_gap_eV,200,1.0,0.0,0.7114558984145367,0.7114558984145367,,,,1.0
35,water_hl_gap_eV,201,1.0,0.0,0.7114558984145367,0.7114558984145367,,,,1.0
35,water_hl_gap_eV,202,1.0,0.0,0.7114558984145367,0.7114558984145367,,,,1.0
35,water_hl_gap_eV,203,1.0,0.0,0.7114558984145367,0.7114558984145367,,,,1.0
35,water_hl_gap_eV,204,1.0,0.0,0.7114558984145367,0.7114558984145367,,,,1.0
35,water_hl_gap_eV,205,1.0,0.0,0.7114558984145367,0.7114558984145367,,,,1.0
35,water_hl_gap_eV,206,1.0,0.0,0.7114558984145367,0.7114558984145367,,,,1.0
35,water_hl_gap_eV,207,1.0,0.0,0.7114558984145367,0.7114558984145367,,,,1.0
35,water_hl_gap_eV,208,1.0,0.0,0.7114558984145367,0.7114558984145367,,,,1.0
35,water_hl_gap_eV,209,1.0,0.0,0.7114558984145367,0.7114558984145367,,,,1.0
35,water_hl_gap_eV,210,1.0,0.0,0.7114558984145367,0.7114558984145367,,,,1.0
35,water_hl_gap_eV,211,1.0,0.0,0.7114558984145367,0.7114558984145367,,,,1.0
35,water_hl_gap_eV,212,1.0,0.0,0.7114558984145367,0.7114558984145367,,,,1.0
35,water_hl_gap_eV,213,1.0,0.0,0.7114558984145367,0.7114558984145367,,,,1.0
35,water_hl_gap_eV,214,1.0,0.0,0.7114558984145367,0.7114558984145367,,,,1.0
35,water_hl_gap_eV,215,1.0,0.0,0.7114558984145367,0.7114558984145367,,,,1.0
35,water_hl_gap_eV,216,1.0,0.0,0.7114558984145367,0.7114558984145367,,,,1.0
35,water_hl_gap_eV,217,1.0,0.0,0.7114558984145367,0.7114558984145367,,,,1.0
35,water_hl_gap_eV,218,1.0,0.0,0.7114558984145367,0.7114558984145367,,,,1.0
35,water_hl_gap_eV,219,1.0,0.0,0.7114558984145367,0.7114558984145367,,,,1.0
35,water_hl_gap_eV,220,1.0,0.0,0.7114558984145367,0.7114558984145367,,,,1.0
35,water_hl_gap_eV,221,1.0,0.0,0.7114558984145367,0.7114558984145367,,,,1.0
35,water_hl_gap_eV,222,1.0,0.0,0.7114558984145367,0.7114558984145367,,,,1.0
35,water_hl_gap_eV,223,1.0,0.0,0.7114558984145367,0.7114558984145367,,,,1.0
35,water_hl_gap_eV,224,1.0,0.0,0.7114558984145367,0.7114558984145367,,,,1.0
35,water_hl_gap_eV,225,1.0,0.0,0.7114558984145367,0.7114558984145367,,,,1.0
35,water_hl_gap_eV,226,1.0,0.0,0.7114558984145367,0.7114558984145367,,,,1.0
35,water_hl_gap_eV,227,1.0,0.0,0.7114558984145367,0.7114558984145367,,,,1.0
35,water_hl_gap_eV,228,1.0,0.0,0.7114558984145367,0.7114558984145367,,,,1.0
35,water_hl_gap_eV,229,1.0,0.0,0.7114558984145367,0.7114558984145367,,,,1.0
35,water_hl_gap_eV,230,1.0,0.0,0.7114558984145367,0.7114558984145367,,,,1.0
35,water_hl_gap_eV,231,1.0,0.0,0.7114558984145367,0.7114558984145367,,,,1.0
35,water_hl_gap_eV,232,1.0,0.0,0.7114558984145367,0.7114558984145367,,,,1.0
35,water_hl_gap_eV,233,1.0,0.0,0.7114558984145367,0.7114558984145367,,,,1.0
35,water_hl_gap_eV,234,1.0,0.0,0.7114558984145367,0.7114558984145367,,,,1.0
35,water_hl_gap_eV,235,1.0,0.0,0.7114558984145367,0.7114558984145367,,,,1.0
35,water_hl_gap_eV,236,1.0,0.0,0.7114558984145367,0.7114558984145367,,,,1.0
35,water_hl_gap_eV,237,1.0,0.0,0.7114558984145367,0.7114558984145367,,,,1.0
35,water_hl_gap_eV,238,1.0,0.0,0.7114558984145367,0.7114558984145367,,,,1.0
35,water_hl_gap_eV,239,1.0,0.0,0.7114558984145367,0.7114558984145367,,,,1.0
35,water_hl_gap_eV,240,1.0,0.0,0.7114558984145367,0.7114558984145367,,,,1.0
35,water_hl_gap_eV,241,1.0,0.0,0.7114558984145367,0.7114558984145367,,,,1.0
35,water_hl_gap_eV,242,1.0,0.0,0.7114558984145367,0.7114558984145367,,,,1.0
35,water_hl_gap_eV,243,1.0,0.0,0.7114558984145367,0.7114558984145367,,,,1.0
35,water_hl_gap_eV,244,1.0,0.0,0.7114558984145367,0.7114558984145367,,,,1.0
35,water_hl_gap_eV,245,1.0,0.0,0.7114558984145367,0.7114558984145367,,,,1.0
35,water_hl_gap_eV,246,1.0,0.0,0.7114558984145367,0.7114558984145367,,,,1.0
35,water_hl_gap_eV,247,1.0,0.0,0.7114558984145367,0.7114558984145367,,,,1.0
35,water_hl_gap_eV,248,1.0,0.0,0.7114558984145367,0.7114558984145367,,,,1.0
35,water_hl_gap_eV,249,1.0,0.0,0.7114558984145367,0.7114558984145367,,,,1.0
35,water_dipole,0,1.0,0.0,0.578359604301927,0.578359604301927,,,,1.0
35,water_dipole,1,1.0,0.0,0.578359604301927,0.578359604301927,,,,1.0
35,water_dipole,2,1.0,0.0,0.578359604301927,0.578359604301927,,,,1.0
35,water_dipole,3,1.0,0.0,0.578359604301927,0.578359604301927,,,,1.0
35,water_dipole,4,1.0,0.0,0.578359604301927,0.578359604301927,,,,1.0
35,water_dipole,5,1.0,0.0,0.578359604301927,0.578359604301927,,,,1.0
35,water_dipole,6,1.0,0.0,0.578359604301927,0.578359604301927,,,,1.0
35,water_dipole,7,1.0,0.0,0.578359604301927,0.578359604301927,,,,1.0
35,water_dipole,8,1.0,0.0,0.578359604301927,0.578359604301927,,,,1.0
35,water_dipole,9,1.0,0.0,0.578359604301927,0.578359604301927,,,,1.0
35,water_dipole,10,1.0,0.0,0.578359604301927,0.578359604301927,,,,1.0
35,water_dipole,11,1.0,0.0,0.578359604301927,0.578359604301927,,,,1.0
35,water_dipole,12,1.0,0.0,0.578359604301927,0.578359604301927,,,,1.0
35,water_dipole,13,1.0,0.0,0.578359604301927,0.578359604301927,,,,1.0
35,water_dipole,14,1.0,0.0,0.578359604301927,0.578359604301927,,,,1.0
35,water_dipole,15,1.0,0.0,0.578359604301927,0.578359604301927,,,,1.0
35,water_dipole,16,1.0,0.0,0.578359604301927,0.578359604301927,,,,1.0
35,water_dipole,17,1.0,0.0,0.578359604301927,0.578359604301927,,,,1.0
35,water_dipole,18,1.0,0.0,0.578359604301927,0.578359604301927,,,,1.0
35,water_dipole,19,1.0,0.0,0.578359604301927,0.578359604301927,,,,1.0
35,water_dipole,20,1.0,0.0,0.578359604301927,0.578359604301927,,,,1.0
35,water_dipole,21,1.0,0.0,0.578359604301927,0.578359604301927,,,,1.0
35,water_dipole,22,1.0,0.0,0.578359604301927,0.578359604301927,,,,1.0
35,water_dipole,23,1.0,0.0,0.578359604301927,0.578359604301927,,,,1.0
35,water_dipole,24,1.0,0.0,0.578359604301927,0.578359604301927,,,,1.0
35,water_dipole,25,1.0,0.0,0.578359604301927,0.578359604301927,,,,1.0
35,water_dipole,26,1.0,0.0,0.578359604301927,0.578359604301927,,,,1.0
35,water_dipole,27,1.0,0.0,0.578359604301927,0.578359604301927,,,,1.0
35,water_dipole,28,1.0,0.0,0.578359604301927,0.578359604301927,,,,1.0
35,water_dipole,29,1.0,0.0,0.578359604301927,0.578359604301927,,,,1.0
35,water_dipole,30,1.0,0.0,0.578359604301927,0.578359604301927,,,,1.0
35,water_dipole,31,1.0,0.0,0.578359604301927,0.578359604301927,,,,1.0
35,water_dipole,32,1.0,0.0,0.578359604301927,0.578359604301927,,,,1.0
35,water_dipole,33,1.0,0.0,0.578359604301927,0.578359604301927,,,,1.0
35,water_dipole,34,1.0,0.0,0.578359604301927,0.578359604301927,,,,1.0
35,water_dipole,35,1.0,0.0,0.578359604301927,0.578359604301927,,,,1.0
35,water_dipole,36,1.0,0.0,0.578359604301927,0.578359604301927,,,,1.0
35,water_dipole,37,1.0,0.0,0.578359604301927,0.578359604301927,,,,1.0
35,water_dipole,38,1.0,0.0,0.578359604301927,0.578359604301927,,,,1.0
35,water_dipole,39,1.0,0.0,0.578359604301927,0.578359604301927,,,,1.0
35,water_dipole,40,1.0,0.0,0.578359604301927,0.578359604301927,,,,1.0
35,water_dipole,41,1.0,0.0,0.578359604301927,0.578359604301927,,,,1.0
35,water_dipole,42,1.0,0.0,0.578359604301927,0.578359604301927,,,,1.0
35,water_dipole,43,1.0,0.0,0.578359604301927,0.578359604301927,,,,1.0
35,water_dipole,44,1.0,0.0,0.578359604301927,0.578359604301927,,,,1.0
35,water_dipole,45,1.0,0.0,0.578359604301927,0.578359604301927,,,,1.0
35,water_dipole,46,1.0,0.0,0.578359604301927,0.578359604301927,,,,1.0
35,water_dipole,47,1.0,0.0,0.578359604301927,0.578359604301927,,,,1.0
35,water_dipole,48,1.0,0.0,0.578359604301927,0.578359604301927,,,,1.0
35,water_dipole,49,1.0,0.0,0.578359604301927,0.578359604301927,,,,1.0
35,water_dipole,50,1.0,0.0,0.578359604301927,0.578359604301927,,,,1.0
35,water_dipole,51,1.0,0.0,0.578359604301927,0.578359604301927,,,,1.0
35,water_dipole,52,1.0,0.0,0.578359604301927,0.578359604301927,,,,1.0
35,water_dipole,53,1.0,0.0,0.578359604301927,0.578359604301927,,,,1.0
35,water_dipole,54,1.0,0.0,0.578359604301927,0.578359604301927,,,,1.0
35,water_dipole,55,1.0,0.0,0.578359604301927,0.578359604301927,,,,1.0
35,water_dipole,56,1.0,0.0,0.578359604301927,0.578359604301927,,,,1.0
35,water_dipole,57,1.0,0.0,0.578359604301927,0.578359604301927,,,,1.0
35,water_dipole,58,1.0,0.0,0.578359604301927,0.578359604301927,,,,1.0
35,water_dipole,59,1.0,0.0,0.578359604301927,0.578359604301927,,,,1.0
35,water_dipole,60,1.0,0.0,0.578359604301927,0.578359604301927,,,,1.0
35,water_dipole,61,1.0,0.0,0.578359604301927,0.578359604301927,,,,1.0
35,water_dipole,62,1.0,0.0,0.578359604301927,0.578359604301927,,,,1.0
35,water_dipole,63,1.0,0.0,0.578359604301927,0.578359604301927,,,,1.0
35,water_dipole,64,1.0,0.0,0.578359604301927,0.578359604301927,,,,1.0
35,water_dipole,65,1.0,0.0,0.578359604301927,0.578359604301927,,,,1.0
35,water_dipole,66,1.0,0.0,0.578359604301927,0.578359604301927,,,,1.0
35,water_dipole,67,1.0,0.0,0.578359604301927,0.578359604301927,,,,1.0
35,water_dipole,68,1.0,0.0,0.578359604301927,0.578359604301927,,,,1.0
35,water_dipole,69,1.0,0.0,0.578359604301927,0.578359604301927,,,,1.0
35,water_dipole,70,1.0,0.0,0.578359604301927,0.578359604301927,,,,1.0
35,water_dipole,71,1.0,0.0,0.578359604301927,0.578359604301927,,,,1.0
35,water_dipole,72,1.0,0.0,0.578359604301927,0.578359604301927,,,,1.0
35,water_dipole,73,1.0,0.0,0.578359604301927,0.578359604301927,,,,1.0
35,water_dipole,74,1.0,0.0,0.578359604301927,0.578359604301927,,,,1.0
35,water_dipole,75,1.0,0.0,0.578359604301927,0.578359604301927,,,,1.0
35,water_dipole,76,1.0,0.0,0.578359604301927,0.578359604301927,,,,1.0
35,water_dipole,77,1.0,0.0,0.578359604301927,0.578359604301927,,,,1.0
35,water_dipole,78,1.0,0.0,0.578359604301927,0.578359604301927,,,,1.0
35,water_dipole,79,1.0,0.0,0.578359604301927,0.578359604301927,,,,1.0
35,water_dipole,80,1.0,0.0,0.578359604301927,0.578359604301927,,,,1.0
35,water_dipole,81,1.0,0.0,0.578359604301927,0.578359604301927,,,,1.0
35,water_dipole,82,1.0,0.0,0.578359604301927,0.578359604301927,,,,1.0
35,water_dipole,83,1.0,0.0,0.578359604301927,0.578359604301927,,,,1.0
35,water_dipole,84,1.0,0.0,0.578359604301927,0.578359604301927,,,,1.0
35,water_dipole,85,1.0,0.0,0.578359604301927,0.578359604301927,,,,1.0
35,water_dipole,86,1.0,0.0,0.578359604301927,0.578359604301927,,,,1.0
35,water_dipole,87,1.0,0.0,0.578359604301927,0.578359604301927,,,,1.0
35,water_dipole,88,1.0,0.0,0.578359604301927,0.578359604301927,,,,1.0
35,water_dipole,89,1.0,0.0,0.578359604301927,0.578359604301927,,,,1.0
35,water_dipole,90,1.0,0.0,0.578359604301927,0.578359604301927,,,,1.0
35,water_dipole,91,1.0,0.0,0.578359604301927,0.578359604301927,,,,1.0
35,water_dipole,92,1.0,0.0,0.578359604301927,0.578359604301927,,,,1.0
35,water_dipole,93,1.0,0.0,0.578359604301927,0.578359604301927,,,,1.0
35,water_dipole,94,1.0,0.0,0.578359604301927,0.578359604301927,,,,1.0
35,water_dipole,95,1.0,0.0,0.578359604301927,0.578359604301927,,,,1.0
35,water_dipole,96,1.0,0.0,0.578359604301927,0.578359604301927,,,,1.0
35,water_dipole,97,1.0,0.0,0.578359604301927,0.578359604301927,,,,1.0
35,water_dipole,98,1.0,0.0,0.578359604301927,0.578359604301927,,,,1.0
35,water_dipole,99,1.0,0.0,0.578359604301927,0.578359604301927,,,,1.0
35,water_dipole,100,1.0,0.0,0.578359604301927,0.578359604301927,,,,1.0
35,water_dipole,101,1.0,0.0,0.578359604301927,0.578359604301927,,,,1.0
35,water_dipole,102,1.0,0.0,0.578359604301927,0.578359604301927,,,,1.0
35,water_dipole,103,1.0,0.0,0.578359604301927,0.578359604301927,,,,1.0
35,water_dipole,104,1.0,0.0,0.578359604301927,0.578359604301927,,,,1.0
35,water_dipole,105,1.0,0.0,0.578359604301927,0.578359604301927,,,,1.0
35,water_dipole,106,1.0,0.0,0.578359604301927,0.578359604301927,,,,1.0
35,water_dipole,107,1.0,0.0,0.578359604301927,0.578359604301927,,,,1.0
35,water_dipole,108,1.0,0.0,0.578359604301927,0.578359604301927,,,,1.0
35,water_dipole,109,1.0,0.0,0.578359604301927,0.578359604301927,,,,1.0
35,water_dipole,110,1.0,0.0,0.578359604301927,0.578359604301927,,,,1.0
35,water_dipole,111,1.0,0.0,0.578359604301927,0.578359604301927,,,,1.0
35,water_dipole,112,1.0,0.0,0.578359604301927,0.578359604301927,,,,1.0
35,water_dipole,113,1.0,0.0,0.578359604301927,0.578359604301927,,,,1.0
35,water_dipole,114,1.0,0.0,0.578359604301927,0.578359604301927,,,,1.0
35,water_dipole,115,1.0,0.0,0.578359604301927,0.578359604301927,,,,1.0
35,water_dipole,116,1.0,0.0,0.578359604301927,0.578359604301927,,,,1.0
35,water_dipole,117,1.0,0.0,0.578359604301927,0.578359604301927,,,,1.0
35,water_dipole,118,1.0,0.0,0.578359604301927,0.578359604301927,,,,1.0
35,water_dipole,119,1.0,0.0,0.578359604301927,0.578359604301927,,,,1.0
35,water_dipole,120,1.0,0.0,0.578359604301927,0.578359604301927,,,,1.0
35,water_dipole,121,1.0,0.0,0.578359604301927,0.578359604301927,,,,1.0
35,water_dipole,122,1.0,0.0,0.578359604301927,0.578359604301927,,,,1.0
35,water_dipole,123,1.0,0.0,0.578359604301927,0.578359604301927,,,,1.0
35,water_dipole,124,1.0,0.0,0.578359604301927,0.578359604301927,,,,1.0
35,water_dipole,125,1.0,0.0,0.578359604301927,0.578359604301927,,,,1.0
35,water_dipole,126,1.0,0.0,0.578359604301927,0.578359604301927,,,,1.0
35,water_dipole,127,1.0,0.0,0.578359604301927,0.578359604301927,,,,1.0
35,water_dipole,128,1.0,0.0,0.578359604301927,0.578359604301927,,,,1.0
35,water_dipole,129,1.0,0.0,0.578359604301927,0.578359604301927,,,,1.0
35,water_dipole,130,1.0,0.0,0.578359604301927,0.578359604301927,,,,1.0
35,water_dipole,131,1.0,0.0,0.578359604301927,0.578359604301927,,,,1.0
35,water_dipole,132,1.0,0.0,0.578359604301927,0.578359604301927,,,,1.0
35,water_dipole,133,1.0,0.0,0.578359604301927,0.578359604301927,,,,1.0
35,water_dipole,134,1.0,0.0,0.578359604301927,0.578359604301927,,,,1.0
35,water_dipole,135,1.0,0.0,0.578359604301927,0.578359604301927,,,,1.0
35,water_dipole,136,1.0,0.0,0.578359604301927,0.578359604301927,,,,1.0
35,water_dipole,137,1.0,0.0,0.578359604301927,0.578359604301927,,,,1.0
35,water_dipole,138,1.0,0.0,0.578359604301927,0.578359604301927,,,,1.0
35,water_dipole,139,1.0,0.0,0.578359604301927,0.578359604301927,,,,1.0
35,water_dipole,140,1.0,0.0,0.578359604301927,0.578359604301927,,,,1.0
35,water_dipole,141,1.0,0.0,0.578359604301927,0.578359604301927,,,,1.0
35,water_dipole,142,1.0,0.0,0.578359604301927,0.578359604301927,,,,1.0
35,water_dipole,143,1.0,0.0,0.578359604301927,0.578359604301927,,,,1.0
35,water_dipole,144,1.0,0.0,0.578359604301927,0.578359604301927,,,,1.0
35,water_dipole,145,1.0,0.0,0.578359604301927,0.578359604301927,,,,1.0
35,water_dipole,146,1.0,0.0,0.578359604301927,0.578359604301927,,,,1.0
35,water_dipole,147,1.0,0.0,0.578359604301927,0.578359604301927,,,,1.0
35,water_dipole,148,1.0,0.0,0.578359604301927,0.578359604301927,,,,1.0
35,water_dipole,149,1.0,0.0,0.578359604301927,0.578359604301927,,,,1.0
35,water_dipole,150,1.0,0.0,0.578359604301927,0.578359604301927,,,,1.0
35,water_dipole,151,1.0,0.0,0.578359604301927,0.578359604301927,,,,1.0
35,water_dipole,152,1.0,0.0,0.578359604301927,0.578359604301927,,,,1.0
35,water_dipole,153,1.0,0.0,0.578359604301927,0.578359604301927,,,,1.0
35,water_dipole,154,1.0,0.0,0.578359604301927,0.578359604301927,,,,1.0
35,water_dipole,155,1.0,0.0,0.578359604301927,0.578359604301927,,,,1.0
35,water_dipole,156,1.0,0.0,0.578359604301927,0.578359604301927,,,,1.0
35,water_dipole,157,1.0,0.0,0.578359604301927,0.578359604301927,,,,1.0
35,water_dipole,158,1.0,0.0,0.578359604301927,0.578359604301927,,,,1.0
35,water_dipole,159,1.0,0.0,0.578359604301927,0.578359604301927,,,,1.0
35,water_dipole,160,1.0,0.0,0.578359604301927,0.578359604301927,,,,1.0
35,water_dipole,161,1.0,0.0,0.578359604301927,0.578359604301927,,,,1.0
35,water_dipole,162,1.0,0.0,0.578359604301927,0.578359604301927,,,,1.0
35,water_dipole,163,1.0,0.0,0.578359604301927,0.578359604301927,,,,1.0
35,water_dipole,164,1.0,0.0,0.578359604301927,0.578359604301927,,,,1.0
35,water_dipole,165,1.0,0.0,0.578359604301927,0.578359604301927,,,,1.0
35,water_dipole,166,1.0,0.0,0.578359604301927,0.578359604301927,,,,1.0
35,water_dipole,167,1.0,0.0,0.578359604301927,0.578359604301927,,,,1.0
35,water_dipole,168,1.0,0.0,0.578359604301927,0.578359604301927,,,,1.0
35,water_dipole,169,1.0,0.0,0.578359604301927,0.578359604301927,,,,1.0
35,water_dipole,170,1.0,0.0,0.578359604301927,0.578359604301927,,,,1.0
35,water_dipole,171,1.0,0.0,0.578359604301927,0.578359604301927,,,,1.0
35,water_dipole,172,1.0,0.0,0.578359604301927,0.578359604301927,,,,1.0
35,water_dipole,173,1.0,0.0,0.578359604301927,0.578359604301927,,,,1.0
35,water_dipole,174,1.0,0.0,0.578359604301927,0.578359604301927,,,,1.0
35,water_dipole,175,1.0,0.0,0.578359604301927,0.578359604301927,,,,1.0
35,water_dipole,176,1.0,0.0,0.578359604301927,0.578359604301927,,,,1.0
35,water_dipole,177,1.0,0.0,0.578359604301927,0.578359604301927,,,,1.0
35,water_dipole,178,1.0,0.0,0.578359604301927,0.578359604301927,,,,1.0
35,water_dipole,179,1.0,0.0,0.578359604301927,0.578359604301927,,,,1.0
35,water_dipole,180,1.0,0.0,0.578359604301927,0.578359604301927,,,,1.0
35,water_dipole,181,1.0,0.0,0.578359604301927,0.578359604301927,,,,1.0
35,water_dipole,182,1.0,0.0,0.578359604301927,0.578359604301927,,,,1.0
35,water_dipole,183,1.0,0.0,0.578359604301927,0.578359604301927,,,,1.0
35,water_dipole,184,1.0,0.0,0.578359604301927,0.578359604301927,,,,1.0
35,water_dipole,185,1.0,0.0,0.578359604301927,0.578359604301927,,,,1.0
35,water_dipole,186,1.0,0.0,0.578359604301927,0.578359604301927,,,,1.0
35,water_dipole,187,1.0,0.0,0.578359604301927,0.578359604301927,,,,1.0
35,water_dipole,188,1.0,0.0,0.578359604301927,0.578359604301927,,,,1.0
35,water_dipole,189,1.0,0.0,0.578359604301927,0.578359604301927,,,,1.0
35,water_dipole,190,1.0,0.0,0.578359604301927,0.578359604301927,,,,1.0
35,water_dipole,191,1.0,0.0,0.578359604301927,0.578359604301927,,,,1.0
35,water_dipole,192,1.0,0.0,0.578359604301927,0.578359604301927,,,,1.0
35,water_dipole,193,1.0,0.0,0.578359604301927,0.578359604301927,,,,1.0
35,water_dipole,194,1.0,0.0,0.578359604301927,0.578359604301927,,,,1.0
35,water_dipole,195,1.0,0.0,0.578359604301927,0.578359604301927,,,,1.0
35,water_dipole,196,1.0,0.0,0.578359604301927,0.578359604301927,,,,1.0
35,water_dipole,197,1.0,0.0,0.578359604301927,0.578359604301927,,,,1.0
35,water_dipole,198,1.0,0.0,0.578359604301927,0.578359604301927,,,,1.0
35,water_dipole,199,1.0,0.0,0.578359604301927,0.578359604301927,,,,1.0
35,water_dipole,200,1.0,0.0,0.578359604301927,0.578359604301927,,,,1.0
35,water_dipole,201,1.0,0.0,0.578359604301927,0.578359604301927,,,,1.0
35,water_dipole,202,1.0,0.0,0.578359604301927,0.578359604301927,,,,1.0
35,water_dipole,203,1.0,0.0,0.578359604301927,0.578359604301927,,,,1.0
35,water_dipole,204,1.0,0.0,0.578359604301927,0.578359604301927,,,,1.0
35,water_dipole,205,1.0,0.0,0.578359604301927,0.578359604301927,,,,1.0
35,water_dipole,206,1.0,0.0,0.578359604301927,0.578359604301927,,,,1.0
35,water_dipole,207,1.0,0.0,0.578359604301927,0.578359604301927,,,,1.0
35,water_dipole,208,1.0,0.0,0.578359604301927,0.578359604301927,,,,1.0
35,water_dipole,209,1.0,0.0,0.578359604301927,0.578359604301927,,,,1.0
35,water_dipole,210,1.0,0.0,0.578359604301927,0.578359604301927,,,,1.0
35,water_dipole,211,1.0,0.0,0.578359604301927,0.578359604301927,,,,1.0
35,water_dipole,212,1.0,0.0,0.578359604301927,0.578359604301927,,,,1.0
35,water_dipole,213,1.0,0.0,0.578359604301927,0.578359604301927,,,,1.0
35,water_dipole,214,1.0,0.0,0.578359604301927,0.578359604301927,,,,1.0
35,water_dipole,215,1.0,0.0,0.578359604301927,0.578359604301927,,,,1.0
35,water_dipole,216,1.0,0.0,0.578359604301927,0.578359604301927,,,,1.0
35,water_dipole,217,1.0,0.0,0.578359604301927,0.578359604301927,,,,1.0
35,water_dipole,218,1.0,0.0,0.578359604301927,0.578359604301927,,,,1.0
35,water_dipole,219,1.0,0.0,0.578359604301927,0.578359604301927,,,,1.0
35,water_dipole,220,1.0,0.0,0.578359604301927,0.578359604301927,,,,1.0
35,water_dipole,221,1.0,0.0,0.578359604301927,0.578359604301927,,,,1.0
35,water_dipole,222,1.0,0.0,0.578359604301927,0.578359604301927,,,,1.0
35,water_dipole,223,1.0,0.0,0.578359604301927,0.578359604301927,,,,1.0
35,water_dipole,224,1.0,0.0,0.578359604301927,0.578359604301927,,,,1.0
35,water_dipole,225,1.0,0.0,0.578359604301927,0.578359604301927,,,,1.0
35,water_dipole,226,1.0,0.0,0.578359604301927,0.578359604301927,,,,1.0
35,water_dipole,227,1.0,0.0,0.578359604301927,0.578359604301927,,,,1.0
35,water_dipole,228,1.0,0.0,0.578359604301927,0.578359604301927,,,,1.0
35,water_dipole,229,1.0,0.0,0.578359604301927,0.578359604301927,,,,1.0
35,water_dipole,230,1.0,0.0,0.578359604301927,0.578359604301927,,,,1.0
35,water_dipole,231,1.0,0.0,0.578359604301927,0.578359604301927,,,,1.0
35,water_dipole,232,1.0,0.0,0.578359604301927,0.578359604301927,,,,1.0
35,water_dipole,233,1.0,0.0,0.578359604301927,0.578359604301927,,,,1.0
35,water_dipole,234,1.0,0.0,0.578359604301927,0.578359604301927,,,,1.0
35,water_dipole,235,1.0,0.0,0.578359604301927,0.578359604301927,,,,1.0
35,water_dipole,236,1.0,0.0,0.578359604301927,0.578359604301927,,,,1.0
35,water_dipole,237,1.0,0.0,0.578359604301927,0.578359604301927,,,,1.0
35,water_dipole,238,1.0,0.0,0.578359604301927,0.578359604301927,,,,1.0
35,water_dipole,239,1.0,0.0,0.578359604301927,0.578359604301927,,,,1.0
35,water_dipole,240,1.0,0.0,0.578359604301927,0.578359604301927,,,,1.0
35,water_dipole,241,1.0,0.0,0.578359604301927,0.578359604301927,,,,1.0
35,water_dipole,242,1.0,0.0,0.578359604301927,0.578359604301927,,,,1.0
35,water_dipole,243,1.0,0.0,0.578359604301927,0.578359604301927,,,,1.0
35,water_dipole,244,1.0,0.0,0.578359604301927,0.578359604301927,,,,1.0
35,water_dipole,245,1.0,0.0,0.578359604301927,0.578359604301927,,,,1.0
35,water_dipole,246,1.0,0.0,0.578359604301927,0.578359604301927,,,,1.0
35,water_dipole,247,1.0,0.0,0.578359604301927,0.578359604301927,,,,1.0
35,water_dipole,248,1.0,0.0,0.578359604301927,0.578359604301927,,,,1.0
35,water_dipole,249,1.0,0.0,0.578359604301927,0.578359604301927,,,,1.0
35,acetone_gsolv_eV,0,1.0,0.0,0.6459174092198559,0.6459174092198559,,,,1.0
35,acetone_gsolv_eV,1,1.0,0.0,0.6459174092198559,0.6459174092198559,,,,1.0
35,acetone_gsolv_eV,2,1.0,0.0,0.6459174092198559,0.6459174092198559,,,,1.0
35,acetone_gsolv_eV,3,1.0,0.0,0.6459174092198559,0.6459174092198559,,,,1.0
35,acetone_gsolv_eV,4,1.0,0.0,0.6459174092198559,0.6459174092198559,,,,1.0
35,acetone_gsolv_eV,5,1.0,0.0,0.6459174092198559,0.6459174092198559,,,,1.0
35,acetone_gsolv_eV,6,1.0,0.0,0.6459174092198559,0.6459174092198559,,,,1.0
35,acetone_gsolv_eV,7,1.0,0.0,0.6459174092198559,0.6459174092198559,,,,1.0
35,acetone_gsolv_eV,8,1.0,0.0,0.6459174092198559,0.6459174092198559,,,,1.0
35,acetone_gsolv_eV,9,1.0,0.0,0.6459174092198559,0.6459174092198559,,,,1.0
35,acetone_gsolv_eV,10,1.0,0.0,0.6459174092198559,0.6459174092198559,,,,1.0
35,acetone_gsolv_eV,11,1.0,0.0,0.6459174092198559,0.6459174092198559,,,,1.0
35,acetone_gsolv_eV,12,1.0,0.0,0.6459174092198559,0.6459174092198559,,,,1.0
35,acetone_gsolv_eV,13,1.0,0.0,0.6459174092198559,0.6459174092198559,,,,1.0
35,acetone_gsolv_eV,14,1.0,0.0,0.6459174092198559,0.6459174092198559,,,,1.0
35,acetone_gsolv_eV,15,1.0,0.0,0.6459174092198559,0.6459174092198559,,,,1.0
35,acetone_gsolv_eV,16,1.0,0.0,0.6459174092198559,0.6459174092198559,,,,1.0
35,acetone_gsolv_eV,17,1.0,0.0,0.6459174092198559,0.6459174092198559,,,,1.0
35,acetone_gsolv_eV,18,1.0,0.0,0.6459174092198559,0.6459174092198559,,,,1.0
35,acetone_gsolv_eV,19,1.0,0.0,0.6459174092198559,0.6459174092198559,,,,1.0
35,acetone_gsolv_eV,20,1.0,0.0,0.6459174092198559,0.6459174092198559,,,,1.0
35,acetone_gsolv_eV,21,1.0,0.0,0.6459174092198559,0.6459174092198559,,,,1.0
35,acetone_gsolv_eV,22,1.0,0.0,0.6459174092198559,0.6459174092198559,,,,1.0
35,acetone_gsolv_eV,23,1.0,0.0,0.6459174092198559,0.6459174092198559,,,,1.0
35,acetone_gsolv_eV,24,1.0,0.0,0.6459174092198559,0.6459174092198559,,,,1.0
35,acetone_gsolv_eV,25,1.0,0.0,0.6459174092198559,0.6459174092198559,,,,1.0
35,acetone_gsolv_eV,26,1.0,0.0,0.6459174092198559,0.6459174092198559,,,,1.0
35,acetone_gsolv_eV,27,1.0,0.0,0.6459174092198559,0.6459174092198559,,,,1.0
35,acetone_gsolv_eV,28,1.0,0.0,0.6459174092198559,0.6459174092198559,,,,1.0
35,acetone_gsolv_eV,29,1.0,0.0,0.6459174092198559,0.6459174092198559,,,,1.0
35,acetone_gsolv_eV,30,1.0,0.0,0.6459174092198559,0.6459174092198559,,,,1.0
35,acetone_gsolv_eV,31,1.0,0.0,0.6459174092198559,0.6459174092198559,,,,1.0
35,acetone_gsolv_eV,32,1.0,0.0,0.6459174092198559,0.6459174092198559,,,,1.0
35,acetone_gsolv_eV,33,1.0,0.0,0.6459174092198559,0.6459174092198559,,,,1.0
35,acetone_gsolv_eV,34,1.0,0.0,0.6459174092198559,0.6459174092198559,,,,1.0
35,acetone_gsolv_eV,35,1.0,0.0,0.6459174092198559,0.6459174092198559,,,,1.0
35,acetone_gsolv_eV,36,1.0,0.0,0.6459174092198559,0.6459174092198559,,,,1.0
35,acetone_gsolv_eV,37,1.0,0.0,0.6459174092198559,0.6459174092198559,,,,1.0
35,acetone_gsolv_eV,38,1.0,0.0,0.6459174092198559,0.6459174092198559,,,,1.0
35,acetone_gsolv_eV,39,1.0,0.0,0.6459174092198559,0.6459174092198559,,,,1.0
35,acetone_gsolv_eV,40,1.0,0.0,0.6459174092198559,0.6459174092198559,,,,1.0
35,acetone_gsolv_eV,41,1.0,0.0,0.6459174092198559,0.6459174092198559,,,,1.0
35,acetone_gsolv_eV,42,1.0,0.0,0.6459174092198559,0.6459174092198559,,,,1.0
35,acetone_gsolv_eV,43,1.0,0.0,0.6459174092198559,0.6459174092198559,,,,1.0
35,acetone_gsolv_eV,44,1.0,0.0,0.6459174092198559,0.6459174092198559,,,,1.0
35,acetone_gsolv_eV,45,1.0,0.0,0.6459174092198559,0.6459174092198559,,,,1.0
35,acetone_gsolv_eV,46,1.0,0.0,0.6459174092198559,0.6459174092198559,,,,1.0
35,acetone_gsolv_eV,47,1.0,0.0,0.6459174092198559,0.6459174092198559,,,,1.0
35,acetone_gsolv_eV,48,1.0,0.0,0.6459174092198559,0.6459174092198559,,,,1.0
35,acetone_gsolv_eV,49,1.0,0.0,0.6459174092198559,0.6459174092198559,,,,1.0
35,acetone_gsolv_eV,50,1.0,0.0,0.6459174092198559,0.6459174092198559,,,,1.0
35,acetone_gsolv_eV,51,1.0,0.0,0.6459174092198559,0.6459174092198559,,,,1.0
35,acetone_gsolv_eV,52,1.0,0.0,0.6459174092198559,0.6459174092198559,,,,1.0
35,acetone_gsolv_eV,53,1.0,0.0,0.6459174092198559,0.6459174092198559,,,,1.0
35,acetone_gsolv_eV,54,1.0,0.0,0.6459174092198559,0.6459174092198559,,,,1.0
35,acetone_gsolv_eV,55,1.0,0.0,0.6459174092198559,0.6459174092198559,,,,1.0
35,acetone_gsolv_eV,56,1.0,0.0,0.6459174092198559,0.6459174092198559,,,,1.0
35,acetone_gsolv_eV,57,1.0,0.0,0.6459174092198559,0.6459174092198559,,,,1.0
35,acetone_gsolv_eV,58,1.0,0.0,0.6459174092198559,0.6459174092198559,,,,1.0
35,acetone_gsolv_eV,59,1.0,0.0,0.6459174092198559,0.6459174092198559,,,,1.0
35,acetone_gsolv_eV,60,1.0,0.0,0.6459174092198559,0.6459174092198559,,,,1.0
35,acetone_gsolv_eV,61,1.0,0.0,0.6459174092198559,0.6459174092198559,,,,1.0
35,acetone_gsolv_eV,62,1.0,0.0,0.6459174092198559,0.6459174092198559,,,,1.0
35,acetone_gsolv_eV,63,1.0,0.0,0.6459174092198559,0.6459174092198559,,,,1.0
35,acetone_gsolv_eV,64,1.0,0.0,0.6459174092198559,0.6459174092198559,,,,1.0
35,acetone_gsolv_eV,65,1.0,0.0,0.6459174092198559,0.6459174092198559,,,,1.0
35,acetone_gsolv_eV,66,1.0,0.0,0.6459174092198559,0.6459174092198559,,,,1.0
35,acetone_gsolv_eV,67,1.0,0.0,0.6459174092198559,0.6459174092198559,,,,1.0
35,acetone_gsolv_eV,68,1.0,0.0,0.6459174092198559,0.6459174092198559,,,,1.0
35,acetone_gsolv_eV,69,1.0,0.0,0.6459174092198559,0.6459174092198559,,,,1.0
35,acetone_gsolv_eV,70,1.0,0.0,0.6459174092198559,0.6459174092198559,,,,1.0
35,acetone_gsolv_eV,71,1.0,0.0,0.6459174092198559,0.6459174092198559,,,,1.0
35,acetone_gsolv_eV,72,1.0,0.0,0.6459174092198559,0.6459174092198559,,,,1.0
35,acetone_gsolv_eV,73,1.0,0.0,0.6459174092198559,0.6459174092198559,,,,1.0
35,acetone_gsolv_eV,74,1.0,0.0,0.6459174092198559,0.6459174092198559,,,,1.0
35,acetone_gsolv_eV,75,1.0,0.0,0.6459174092198559,0.6459174092198559,,,,1.0
35,acetone_gsolv_eV,76,1.0,0.0,0.6459174092198559,0.6459174092198559,,,,1.0
35,acetone_gsolv_eV,77,1.0,0.0,0.6459174092198559,0.6459174092198559,,,,1.0
35,acetone_gsolv_eV,78,1.0,0.0,0.6459174092198559,0.6459174092198559,,,,1.0
35,acetone_gsolv_eV,79,1.0,0.0,0.6459174092198559,0.6459174092198559,,,,1.0
35,acetone_gsolv_eV,80,1.0,0.0,0.6459174092198559,0.6459174092198559,,,,1.0
35,acetone_gsolv_eV,81,1.0,0.0,0.6459174092198559,0.6459174092198559,,,,1.0
35,acetone_gsolv_eV,82,1.0,0.0,0.6459174092198559,0.6459174092198559,,,,1.0
35,acetone_gsolv_eV,83,1.0,0.0,0.6459174092198559,0.6459174092198559,,,,1.0
35,acetone_gsolv_eV,84,1.0,0.0,0.6459174092198559,0.6459174092198559,,,,1.0
35,acetone_gsolv_eV,85,1.0,0.0,0.6459174092198559,0.6459174092198559,,,,1.0
35,acetone_gsolv_eV,86,1.0,0.0,0.6459174092198559,0.6459174092198559,,,,1.0
35,acetone_gsolv_eV,87,1.0,0.0,0.6459174092198559,0.6459174092198559,,,,1.0
35,acetone_gsolv_eV,88,1.0,0.0,0.6459174092198559,0.6459174092198559,,,,1.0
35,acetone_gsolv_eV,89,1.0,0.0,0.6459174092198559,0.6459174092198559,,,,1.0
35,acetone_gsolv_eV,90,1.0,0.0,0.6459174092198559,0.6459174092198559,,,,1.0
35,acetone_gsolv_eV,91,1.0,0.0,0.6459174092198559,0.6459174092198559,,,,1.0
35,acetone_gsolv_eV,92,1.0,0.0,0.6459174092198559,0.6459174092198559,,,,1.0
35,acetone_gsolv_eV,93,1.0,0.0,0.6459174092198559,0.6459174092198559,,,,1.0
35,acetone_gsolv_eV,94,1.0,0.0,0.6459174092198559,0.6459174092198559,,,,1.0
35,acetone_gsolv_eV,95,1.0,0.0,0.6459174092198559,0.6459174092198559,,,,1.0
35,acetone_gsolv_eV,96,1.0,0.0,0.6459174092198559,0.6459174092198559,,,,1.0
35,acetone_gsolv_eV,97,1.0,0.0,0.6459174092198559,0.6459174092198559,,,,1.0
35,acetone_gsolv_eV,98,1.0,0.0,0.6459174092198559,0.6459174092198559,,,,1.0
35,acetone_gsolv_eV,99,1.0,0.0,0.6459174092198559,0.6459174092198559,,,,1.0
35,acetone_gsolv_eV,100,1.0,0.0,0.6459174092198559,0.6459174092198559,,,,1.0
35,acetone_gsolv_eV,101,1.0,0.0,0.6459174092198559,0.6459174092198559,,,,1.0
35,acetone_gsolv_eV,102,1.0,0.0,0.6459174092198559,0.6459174092198559,,,,1.0
35,acetone_gsolv_eV,103,1.0,0.0,0.6459174092198559,0.6459174092198559,,,,1.0
35,acetone_gsolv_eV,104,1.0,0.0,0.6459174092198559,0.6459174092198559,,,,1.0
35,acetone_gsolv_eV,105,1.0,0.0,0.6459174092198559,0.6459174092198559,,,,1.0
35,acetone_gsolv_eV,106,1.0,0.0,0.6459174092198559,0.6459174092198559,,,,1.0
35,acetone_gsolv_eV,107,1.0,0.0,0.6459174092198559,0.6459174092198559,,,,1.0
35,acetone_gsolv_eV,108,1.0,0.0,0.6459174092198559,0.6459174092198559,,,,1.0
35,acetone_gsolv_eV,109,1.0,0.0,0.6459174092198559,0.6459174092198559,,,,1.0
35,acetone_gsolv_eV,110,1.0,0.0,0.6459174092198559,0.6459174092198559,,,,1.0
35,acetone_gsolv_eV,111,1.0,0.0,0.6459174092198559,0.6459174092198559,,,,1.0
35,acetone_gsolv_eV,112,1.0,0.0,0.6459174092198559,0.6459174092198559,,,,1.0
35,acetone_gsolv_eV,113,1.0,0.0,0.6459174092198559,0.6459174092198559,,,,1.0
35,acetone_gsolv_eV,114,1.0,0.0,0.6459174092198559,0.6459174092198559,,,,1.0
35,acetone_gsolv_eV,115,1.0,0.0,0.6459174092198559,0.6459174092198559,,,,1.0
35,acetone_gsolv_eV,116,1.0,0.0,0.6459174092198559,0.6459174092198559,,,,1.0
35,acetone_gsolv_eV,117,1.0,0.0,0.6459174092198559,0.6459174092198559,,,,1.0
35,acetone_gsolv_eV,118,1.0,0.0,0.6459174092198559,0.6459174092198559,,,,1.0
35,acetone_gsolv_eV,119,1.0,0.0,0.6459174092198559,0.6459174092198559,,,,1.0
35,acetone_gsolv_eV,120,1.0,0.0,0.6459174092198559,0.6459174092198559,,,,1.0
35,acetone_gsolv_eV,121,1.0,0.0,0.6459174092198559,0.6459174092198559,,,,1.0
35,acetone_gsolv_eV,122,1.0,0.0,0.6459174092198559,0.6459174092198559,,,,1.0
35,acetone_gsolv_eV,123,1.0,0.0,0.6459174092198559,0.6459174092198559,,,,1.0
35,acetone_gsolv_eV,124,1.0,0.0,0.6459174092198559,0.6459174092198559,,,,1.0
35,acetone_gsolv_eV,125,1.0,0.0,0.6459174092198559,0.6459174092198559,,,,1.0
35,acetone_gsolv_eV,126,1.0,0.0,0.6459174092198559,0.6459174092198559,,,,1.0
35,acetone_gsolv_eV,127,1.0,0.0,0.6459174092198559,0.6459174092198559,,,,1.0
35,acetone_gsolv_eV,128,1.0,0.0,0.6459174092198559,0.6459174092198559,,,,1.0
35,acetone_gsolv_eV,129,1.0,0.0,0.6459174092198559,0.6459174092198559,,,,1.0
35,acetone_gsolv_eV,130,1.0,0.0,0.6459174092198559,0.6459174092198559,,,,1.0
35,acetone_gsolv_eV,131,1.0,0.0,0.6459174092198559,0.6459174092198559,,,,1.0
35,acetone_gsolv_eV,132,1.0,0.0,0.6459174092198559,0.6459174092198559,,,,1.0
35,acetone_gsolv_eV,133,1.0,0.0,0.6459174092198559,0.6459174092198559,,,,1.0
35,acetone_gsolv_eV,134,1.0,0.0,0.6459174092198559,0.6459174092198559,,,,1.0
35,acetone_gsolv_eV,135,1.0,0.0,0.6459174092198559,0.6459174092198559,,,,1.0
35,acetone_gsolv_eV,136,1.0,0.0,0.6459174092198559,0.6459174092198559,,,,1.0
35,acetone_gsolv_eV,137,1.0,0.0,0.6459174092198559,0.6459174092198559,,,,1.0
35,acetone_gsolv_eV,138,1.0,0.0,0.6459174092198559,0.6459174092198559,,,,1.0
35,acetone_gsolv_eV,139,1.0,0.0,0.6459174092198559,0.6459174092198559,,,,1.0
35,acetone_gsolv_eV,140,1.0,0.0,0.6459174092198559,0.6459174092198559,,,,1.0
35,acetone_gsolv_eV,141,1.0,0.0,0.6459174092198559,0.6459174092198559,,,,1.0
35,acetone_gsolv_eV,142,1.0,0.0,0.6459174092198559,0.6459174092198559,,,,1.0
35,acetone_gsolv_eV,143,1.0,0.0,0.6459174092198559,0.6459174092198559,,,,1.0
35,acetone_gsolv_eV,144,1.0,0.0,0.6459174092198559,0.6459174092198559,,,,1.0
35,acetone_gsolv_eV,145,1.0,0.0,0.6459174092198559,0.6459174092198559,,,,1.0
35,acetone_gsolv_eV,146,1.0,0.0,0.6459174092198559,0.6459174092198559,,,,1.0
35,acetone_gsolv_eV,147,1.0,0.0,0.6459174092198559,0.6459174092198559,,,,1.0
35,acetone_gsolv_eV,148,1.0,0.0,0.6459174092198559,0.6459174092198559,,,,1.0
35,acetone_gsolv_eV,149,1.0,0.0,0.6459174092198559,0.6459174092198559,,,,1.0
35,acetone_gsolv_eV,150,1.0,0.0,0.6459174092198559,0.6459174092198559,,,,1.0
35,acetone_gsolv_eV,151,1.0,0.0,0.6459174092198559,0.6459174092198559,,,,1.0
35,acetone_gsolv_eV,152,1.0,0.0,0.6459174092198559,0.6459174092198559,,,,1.0
35,acetone_gsolv_eV,153,1.0,0.0,0.6459174092198559,0.6459174092198559,,,,1.0
35,acetone_gsolv_eV,154,1.0,0.0,0.6459174092198559,0.6459174092198559,,,,1.0
35,acetone_gsolv_eV,155,1.0,0.0,0.6459174092198559,0.6459174092198559,,,,1.0
35,acetone_gsolv_eV,156,1.0,0.0,0.6459174092198559,0.6459174092198559,,,,1.0
35,acetone_gsolv_eV,157,1.0,0.0,0.6459174092198559,0.6459174092198559,,,,1.0
35,acetone_gsolv_eV,158,1.0,0.0,0.6459174092198559,0.6459174092198559,,,,1.0
35,acetone_gsolv_eV,159,1.0,0.0,0.6459174092198559,0.6459174092198559,,,,1.0
35,acetone_gsolv_eV,160,1.0,0.0,0.6459174092198559,0.6459174092198559,,,,1.0
35,acetone_gsolv_eV,161,1.0,0.0,0.6459174092198559,0.6459174092198559,,,,1.0
35,acetone_gsolv_eV,162,1.0,0.0,0.6459174092198559,0.6459174092198559,,,,1.0
35,acetone_gsolv_eV,163,1.0,0.0,0.6459174092198559,0.6459174092198559,,,,1.0
35,acetone_gsolv_eV,164,1.0,0.0,0.6459174092198559,0.6459174092198559,,,,1.0
35,acetone_gsolv_eV,165,1.0,0.0,0.6459174092198559,0.6459174092198559,,,,1.0
35,acetone_gsolv_eV,166,1.0,0.0,0.6459174092198559,0.6459174092198559,,,,1.0
35,acetone_gsolv_eV,167,1.0,0.0,0.6459174092198559,0.6459174092198559,,,,1.0
35,acetone_gsolv_eV,168,1.0,0.0,0.6459174092198559,0.6459174092198559,,,,1.0
35,acetone_gsolv_eV,169,1.0,0.0,0.6459174092198559,0.6459174092198559,,,,1.0
35,acetone_gsolv_eV,170,1.0,0.0,0.6459174092198559,0.6459174092198559,,,,1.0
35,acetone_gsolv_eV,171,1.0,0.0,0.6459174092198559,0.6459174092198559,,,,1.0
35,acetone_gsolv_eV,172,1.0,0.0,0.6459174092198559,0.6459174092198559,,,,1.0
35,acetone_gsolv_eV,173,1.0,0.0,0.6459174092198559,0.6459174092198559,,,,1.0
35,acetone_gsolv_eV,174,1.0,0.0,0.6459174092198559,0.6459174092198559,,,,1.0
35,acetone_gsolv_eV,175,1.0,0.0,0.6459174092198559,0.6459174092198559,,,,1.0
35,acetone_gsolv_eV,176,1.0,0.0,0.6459174092198559,0.6459174092198559,,,,1.0
35,acetone_gsolv_eV,177,1.0,0.0,0.6459174092198559,0.6459174092198559,,,,1.0
35,acetone_gsolv_eV,178,1.0,0.0,0.6459174092198559,0.6459174092198559,,,,1.0
35,acetone_gsolv_eV,179,1.0,0.0,0.6459174092198559,0.6459174092198559,,,,1.0
35,acetone_gsolv_eV,180,1.0,0.0,0.6459174092198559,0.6459174092198559,,,,1.0
35,acetone_gsolv_eV,181,1.0,0.0,0.6459174092198559,0.6459174092198559,,,,1.0
35,acetone_gsolv_eV,182,1.0,0.0,0.6459174092198559,0.6459174092198559,,,,1.0
35,acetone_gsolv_eV,183,1.0,0.0,0.6459174092198559,0.6459174092198559,,,,1.0
35,acetone_gsolv_eV,184,1.0,0.0,0.6459174092198559,0.6459174092198559,,,,1.0
35,acetone_gsolv_eV,185,1.0,0.0,0.6459174092198559,0.6459174092198559,,,,1.0
35,acetone_gsolv_eV,186,1.0,0.0,0.6459174092198559,0.6459174092198559,,,,1.0
35,acetone_gsolv_eV,187,1.0,0.0,0.6459174092198559,0.6459174092198559,,,,1.0
35,acetone_gsolv_eV,188,1.0,0.0,0.6459174092198559,0.6459174092198559,,,,1.0
35,acetone_gsolv_eV,189,1.0,0.0,0.6459174092198559,0.6459174092198559,,,,1.0
35,acetone_gsolv_eV,190,1.0,0.0,0.6459174092198559,0.6459174092198559,,,,1.0
35,acetone_gsolv_eV,191,1.0,0.0,0.6459174092198559,0.6459174092198559,,,,1.0
35,acetone_gsolv_eV,192,1.0,0.0,0.6459174092198559,0.6459174092198559,,,,1.0
35,acetone_gsolv_eV,193,1.0,0.0,0.6459174092198559,0.6459174092198559,,,,1.0
35,acetone_gsolv_eV,194,1.0,0.0,0.6459174092198559,0.6459174092198559,,,,1.0
35,acetone_gsolv_eV,195,1.0,0.0,0.6459174092198559,0.6459174092198559,,,,1.0
35,acetone_gsolv_eV,196,1.0,0.0,0.6459174092198559,0.6459174092198559,,,,1.0
35,acetone_gsolv_eV,197,1.0,0.0,0.6459174092198559,0.6459174092198559,,,,1.0
35,acetone_gsolv_eV,198,1.0,0.0,0.6459174092198559,0.6459174092198559,,,,1.0
35,acetone_gsolv_eV,199,1.0,0.0,0.6459174092198559,0.6459174092198559,,,,1.0
35,acetone_gsolv_eV,200,1.0,0.0,0.6459174092198559,0.6459174092198559,,,,1.0
35,acetone_gsolv_eV,201,1.0,0.0,0.6459174092198559,0.6459174092198559,,,,1.0
35,acetone_gsolv_eV,202,1.0,0.0,0.6459174092198559,0.6459174092198559,,,,1.0
35,acetone_gsolv_eV,203,1.0,0.0,0.6459174092198559,0.6459174092198559,,,,1.0
35,acetone_gsolv_eV,204,1.0,0.0,0.6459174092198559,0.6459174092198559,,,,1.0
35,acetone_gsolv_eV,205,1.0,0.0,0.6459174092198559,0.6459174092198559,,,,1.0
35,acetone_gsolv_eV,206,1.0,0.0,0.6459174092198559,0.6459174092198559,,,,1.0
35,acetone_gsolv_eV,207,1.0,0.0,0.6459174092198559,0.6459174092198559,,,,1.0
35,acetone_gsolv_eV,208,1.0,0.0,0.6459174092198559,0.6459174092198559,,,,1.0
35,acetone_gsolv_eV,209,1.0,0.0,0.6459174092198559,0.6459174092198559,,,,1.0
35,acetone_gsolv_eV,210,1.0,0.0,0.6459174092198559,0.6459174092198559,,,,1.0
35,acetone_gsolv_eV,211,1.0,0.0,0.6459174092198559,0.6459174092198559,,,,1.0
35,acetone_gsolv_eV,212,1.0,0.0,0.6459174092198559,0.6459174092198559,,,,1.0
35,acetone_gsolv_eV,213,1.0,0.0,0.6459174092198559,0.6459174092198559,,,,1.0
35,acetone_gsolv_eV,214,1.0,0.0,0.6459174092198559,0.6459174092198559,,,,1.0
35,acetone_gsolv_eV,215,1.0,0.0,0.6459174092198559,0.6459174092198559,,,,1.0
35,acetone_gsolv_eV,216,1.0,0.0,0.6459174092198559,0.6459174092198559,,,,1.0
35,acetone_gsolv_eV,217,1.0,0.0,0.6459174092198559,0.6459174092198559,,,,1.0
35,acetone_gsolv_eV,218,1.0,0.0,0.6459174092198559,0.6459174092198559,,,,1.0
35,acetone_gsolv_eV,219,1.0,0.0,0.6459174092198559,0.6459174092198559,,,,1.0
35,acetone_gsolv_eV,220,1.0,0.0,0.6459174092198559,0.6459174092198559,,,,1.0
35,acetone_gsolv_eV,221,1.0,0.0,0.6459174092198559,0.6459174092198559,,,,1.0
35,acetone_gsolv_eV,222,1.0,0.0,0.6459174092198559,0.6459174092198559,,,,1.0
35,acetone_gsolv_eV,223,1.0,0.0,0.6459174092198559,0.6459174092198559,,,,1.0
35,acetone_gsolv_eV,224,1.0,0.0,0.6459174092198559,0.6459174092198559,,,,1.0
35,acetone_gsolv_eV,225,1.0,0.0,0.6459174092198559,0.6459174092198559,,,,1.0
35,acetone_gsolv_eV,226,1.0,0.0,0.6459174092198559,0.6459174092198559,,,,1.0
35,acetone_gsolv_eV,227,1.0,0.0,0.6459174092198559,0.6459174092198559,,,,1.0
35,acetone_gsolv_eV,228,1.0,0.0,0.6459174092198559,0.6459174092198559,,,,1.0
35,acetone_gsolv_eV,229,1.0,0.0,0.6459174092198559,0.6459174092198559,,,,1.0
35,acetone_gsolv_eV,230,1.0,0.0,0.6459174092198559,0.6459174092198559,,,,1.0
35,acetone_gsolv_eV,231,1.0,0.0,0.6459174092198559,0.6459174092198559,,,,1.0
35,acetone_gsolv_eV,232,1.0,0.0,0.6459174092198559,0.6459174092198559,,,,1.0
35,acetone_gsolv_eV,233,1.0,0.0,0.6459174092198559,0.6459174092198559,,,,1.0
35,acetone_gsolv_eV,234,1.0,0.0,0.6459174092198559,0.6459174092198559,,,,1.0
35,acetone_gsolv_eV,235,1.0,0.0,0.6459174092198559,0.6459174092198559,,,,1.0
35,acetone_gsolv_eV,236,1.0,0.0,0.6459174092198559,0.6459174092198559,,,,1.0
35,acetone_gsolv_eV,237,1.0,0.0,0.6459174092198559,0.6459174092198559,,,,1.0
35,acetone_gsolv_eV,238,1.0,0.0,0.6459174092198559,0.6459174092198559,,,,1.0
35,acetone_gsolv_eV,239,1.0,0.0,0.6459174092198559,0.6459174092198559,,,,1.0
35,acetone_gsolv_eV,240,1.0,0.0,0.6459174092198559,0.6459174092198559,,,,1.0
35,acetone_gsolv_eV,241,1.0,0.0,0.6459174092198559,0.6459174092198559,,,,1.0
35,acetone_gsolv_eV,242,1.0,0.0,0.6459174092198559,0.6459174092198559,,,,1.0
35,acetone_gsolv_eV,243,1.0,0.0,0.6459174092198559,0.6459174092198559,,,,1.0
35,acetone_gsolv_eV,244,1.0,0.0,0.6459174092198559,0.6459174092198559,,,,1.0
35,acetone_gsolv_eV,245,1.0,0.0,0.6459174092198559,0.6459174092198559,,,,1.0
35,acetone_gsolv_eV,246,1.0,0.0,0.6459174092198559,0.6459174092198559,,,,1.0
35,acetone_gsolv_eV,247,1.0,0.0,0.6459174092198559,0.6459174092198559,,,,1.0
35,acetone_gsolv_eV,248,1.0,0.0,0.6459174092198559,0.6459174092198559,,,,1.0
35,acetone_gsolv_eV,249,1.0,0.0,0.6459174092198559,0.6459174092198559,,,,1.0
35,acetone_hl_gap_eV,0,1.0,0.0,0.7141521622788725,0.7141521622788725,,,,1.0
35,acetone_hl_gap_eV,1,1.0,0.0,0.7141521622788725,0.7141521622788725,,,,1.0
35,acetone_hl_gap_eV,2,1.0,0.0,0.7141521622788725,0.7141521622788725,,,,1.0
35,acetone_hl_gap_eV,3,1.0,0.0,0.7141521622788725,0.7141521622788725,,,,1.0
35,acetone_hl_gap_eV,4,1.0,0.0,0.7141521622788725,0.7141521622788725,,,,1.0
35,acetone_hl_gap_eV,5,1.0,0.0,0.7141521622788725,0.7141521622788725,,,,1.0
35,acetone_hl_gap_eV,6,1.0,0.0,0.7141521622788725,0.7141521622788725,,,,1.0
35,acetone_hl_gap_eV,7,1.0,0.0,0.7141521622788725,0.7141521622788725,,,,1.0
35,acetone_hl_gap_eV,8,1.0,0.0,0.7141521622788725,0.7141521622788725,,,,1.0
35,acetone_hl_gap_eV,9,1.0,0.0,0.7141521622788725,0.7141521622788725,,,,1.0
35,acetone_hl_gap_eV,10,1.0,0.0,0.7141521622788725,0.7141521622788725,,,,1.0
35,acetone_hl_gap_eV,11,1.0,0.0,0.7141521622788725,0.7141521622788725,,,,1.0
35,acetone_hl_gap_eV,12,1.0,0.0,0.7141521622788725,0.7141521622788725,,,,1.0
35,acetone_hl_gap_eV,13,1.0,0.0,0.7141521622788725,0.7141521622788725,,,,1.0
35,acetone_hl_gap_eV,14,1.0,0.0,0.7141521622788725,0.7141521622788725,,,,1.0
35,acetone_hl_gap_eV,15,1.0,0.0,0.7141521622788725,0.7141521622788725,,,,1.0
35,acetone_hl_gap_eV,16,1.0,0.0,0.7141521622788725,0.7141521622788725,,,,1.0
35,acetone_hl_gap_eV,17,1.0,0.0,0.7141521622788725,0.7141521622788725,,,,1.0
35,acetone_hl_gap_eV,18,1.0,0.0,0.7141521622788725,0.7141521622788725,,,,1.0
35,acetone_hl_gap_eV,19,1.0,0.0,0.7141521622788725,0.7141521622788725,,,,1.0
35,acetone_hl_gap_eV,20,1.0,0.0,0.7141521622788725,0.7141521622788725,,,,1.0
35,acetone_hl_gap_eV,21,1.0,0.0,0.7141521622788725,0.7141521622788725,,,,1.0
35,acetone_hl_gap_eV,22,1.0,0.0,0.7141521622788725,0.7141521622788725,,,,1.0
35,acetone_hl_gap_eV,23,1.0,0.0,0.7141521622788725,0.7141521622788725,,,,1.0
35,acetone_hl_gap_eV,24,1.0,0.0,0.7141521622788725,0.7141521622788725,,,,1.0
35,acetone_hl_gap_eV,25,1.0,0.0,0.7141521622788725,0.7141521622788725,,,,1.0
35,acetone_hl_gap_eV,26,1.0,0.0,0.7141521622788725,0.7141521622788725,,,,1.0
35,acetone_hl_gap_eV,27,1.0,0.0,0.7141521622788725,0.7141521622788725,,,,1.0
35,acetone_hl_gap_eV,28,1.0,0.0,0.7141521622788725,0.7141521622788725,,,,1.0
35,acetone_hl_gap_eV,29,1.0,0.0,0.7141521622788725,0.7141521622788725,,,,1.0
35,acetone_hl_gap_eV,30,1.0,0.0,0.7141521622788725,0.7141521622788725,,,,1.0
35,acetone_hl_gap_eV,31,1.0,0.0,0.7141521622788725,0.7141521622788725,,,,1.0
35,acetone_hl_gap_eV,32,1.0,0.0,0.7141521622788725,0.7141521622788725,,,,1.0
35,acetone_hl_gap_eV,33,1.0,0.0,0.7141521622788725,0.7141521622788725,,,,1.0
35,acetone_hl_gap_eV,34,1.0,0.0,0.7141521622788725,0.7141521622788725,,,,1.0
35,acetone_hl_gap_eV,35,1.0,0.0,0.7141521622788725,0.7141521622788725,,,,1.0
35,acetone_hl_gap_eV,36,1.0,0.0,0.7141521622788725,0.7141521622788725,,,,1.0
35,acetone_hl_gap_eV,37,1.0,0.0,0.7141521622788725,0.7141521622788725,,,,1.0
35,acetone_hl_gap_eV,38,1.0,0.0,0.7141521622788725,0.7141521622788725,,,,1.0
35,acetone_hl_gap_eV,39,1.0,0.0,0.7141521622788725,0.7141521622788725,,,,1.0
35,acetone_hl_gap_eV,40,1.0,0.0,0.7141521622788725,0.7141521622788725,,,,1.0
35,acetone_hl_gap_eV,41,1.0,0.0,0.7141521622788725,0.7141521622788725,,,,1.0
35,acetone_hl_gap_eV,42,1.0,0.0,0.7141521622788725,0.7141521622788725,,,,1.0
35,acetone_hl_gap_eV,43,1.0,0.0,0.7141521622788725,0.7141521622788725,,,,1.0
35,acetone_hl_gap_eV,44,1.0,0.0,0.7141521622788725,0.7141521622788725,,,,1.0
35,acetone_hl_gap_eV,45,1.0,0.0,0.7141521622788725,0.7141521622788725,,,,1.0
35,acetone_hl_gap_eV,46,1.0,0.0,0.7141521622788725,0.7141521622788725,,,,1.0
35,acetone_hl_gap_eV,47,1.0,0.0,0.7141521622788725,0.7141521622788725,,,,1.0
35,acetone_hl_gap_eV,48,1.0,0.0,0.7141521622788725,0.7141521622788725,,,,1.0
35,acetone_hl_gap_eV,49,1.0,0.0,0.7141521622788725,0.7141521622788725,,,,1.0
35,acetone_hl_gap_eV,50,1.0,0.0,0.7141521622788725,0.7141521622788725,,,,1.0
35,acetone_hl_gap_eV,51,1.0,0.0,0.7141521622788725,0.7141521622788725,,,,1.0
35,acetone_hl_gap_eV,52,1.0,0.0,0.7141521622788725,0.7141521622788725,,,,1.0
35,acetone_hl_gap_eV,53,1.0,0.0,0.7141521622788725,0.7141521622788725,,,,1.0
35,acetone_hl_gap_eV,54,1.0,0.0,0.7141521622788725,0.7141521622788725,,,,1.0
35,acetone_hl_gap_eV,55,1.0,0.0,0.7141521622788725,0.7141521622788725,,,,1.0
35,acetone_hl_gap_eV,56,1.0,0.0,0.7141521622788725,0.7141521622788725,,,,1.0
35,acetone_hl_gap_eV,57,1.0,0.0,0.7141521622788725,0.7141521622788725,,,,1.0
35,acetone_hl_gap_eV,58,1.0,0.0,0.7141521622788725,0.7141521622788725,,,,1.0
35,acetone_hl_gap_eV,59,1.0,0.0,0.7141521622788725,0.7141521622788725,,,,1.0
35,acetone_hl_gap_eV,60,1.0,0.0,0.7141521622788725,0.7141521622788725,,,,1.0
35,acetone_hl_gap_eV,61,1.0,0.0,0.7141521622788725,0.7141521622788725,,,,1.0
35,acetone_hl_gap_eV,62,1.0,0.0,0.7141521622788725,0.7141521622788725,,,,1.0
35,acetone_hl_gap_eV,63,1.0,0.0,0.7141521622788725,0.7141521622788725,,,,1.0
35,acetone_hl_gap_eV,64,1.0,0.0,0.7141521622788725,0.7141521622788725,,,,1.0
35,acetone_hl_gap_eV,65,1.0,0.0,0.7141521622788725,0.7141521622788725,,,,1.0
35,acetone_hl_gap_eV,66,1.0,0.0,0.7141521622788725,0.7141521622788725,,,,1.0
35,acetone_hl_gap_eV,67,1.0,0.0,0.7141521622788725,0.7141521622788725,,,,1.0
35,acetone_hl_gap_eV,68,1.0,0.0,0.7141521622788725,0.7141521622788725,,,,1.0
35,acetone_hl_gap_eV,69,1.0,0.0,0.7141521622788725,0.7141521622788725,,,,1.0
35,acetone_hl_gap_eV,70,1.0,0.0,0.7141521622788725,0.7141521622788725,,,,1.0
35,acetone_hl_gap_eV,71,1.0,0.0,0.7141521622788725,0.7141521622788725,,,,1.0
35,acetone_hl_gap_eV,72,1.0,0.0,0.7141521622788725,0.7141521622788725,,,,1.0
35,acetone_hl_gap_eV,73,1.0,0.0,0.7141521622788725,0.7141521622788725,,,,1.0
35,acetone_hl_gap_eV,74,1.0,0.0,0.7141521622788725,0.7141521622788725,,,,1.0
35,acetone_hl_gap_eV,75,1.0,0.0,0.7141521622788725,0.7141521622788725,,,,1.0
35,acetone_hl_gap_eV,76,1.0,0.0,0.7141521622788725,0.7141521622788725,,,,1.0
35,acetone_hl_gap_eV,77,1.0,0.0,0.7141521622788725,0.7141521622788725,,,,1.0
35,acetone_hl_gap_eV,78,1.0,0.0,0.7141521622788725,0.7141521622788725,,,,1.0
35,acetone_hl_gap_eV,79,1.0,0.0,0.7141521622788725,0.7141521622788725,,,,1.0
35,acetone_hl_gap_eV,80,1.0,0.0,0.7141521622788725,0.7141521622788725,,,,1.0
35,acetone_hl_gap_eV,81,1.0,0.0,0.7141521622788725,0.7141521622788725,,,,1.0
35,acetone_hl_gap_eV,82,1.0,0.0,0.7141521622788725,0.7141521622788725,,,,1.0
35,acetone_hl_gap_eV,83,1.0,0.0,0.7141521622788725,0.7141521622788725,,,,1.0
35,acetone_hl_gap_eV,84,1.0,0.0,0.7141521622788725,0.7141521622788725,,,,1.0
35,acetone_hl_gap_eV,85,1.0,0.0,0.7141521622788725,0.7141521622788725,,,,1.0
35,acetone_hl_gap_eV,86,1.0,0.0,0.7141521622788725,0.7141521622788725,,,,1.0
35,acetone_hl_gap_eV,87,1.0,0.0,0.7141521622788725,0.7141521622788725,,,,1.0
35,acetone_hl_gap_eV,88,1.0,0.0,0.7141521622788725,0.7141521622788725,,,,1.0
35,acetone_hl_gap_eV,89,1.0,0.0,0.7141521622788725,0.7141521622788725,,,,1.0
35,acetone_hl_gap_eV,90,1.0,0.0,0.7141521622788725,0.7141521622788725,,,,1.0
35,acetone_hl_gap_eV,91,1.0,0.0,0.7141521622788725,0.7141521622788725,,,,1.0
35,acetone_hl_gap_eV,92,1.0,0.0,0.7141521622788725,0.7141521622788725,,,,1.0
35,acetone_hl_gap_eV,93,1.0,0.0,0.7141521622788725,0.7141521622788725,,,,1.0
35,acetone_hl_gap_eV,94,1.0,0.0,0.7141521622788725,0.7141521622788725,,,,1.0
35,acetone_hl_gap_eV,95,1.0,0.0,0.7141521622788725,0.7141521622788725,,,,1.0
35,acetone_hl_gap_eV,96,1.0,0.0,0.7141521622788725,0.7141521622788725,,,,1.0
35,acetone_hl_gap_eV,97,1.0,0.0,0.7141521622788725,0.7141521622788725,,,,1.0
35,acetone_hl_gap_eV,98,1.0,0.0,0.7141521622788725,0.7141521622788725,,,,1.0
35,acetone_hl_gap_eV,99,1.0,0.0,0.7141521622788725,0.7141521622788725,,,,1.0
35,acetone_hl_gap_eV,100,1.0,0.0,0.7141521622788725,0.7141521622788725,,,,1.0
35,acetone_hl_gap_eV,101,1.0,0.0,0.7141521622788725,0.7141521622788725,,,,1.0
35,acetone_hl_gap_eV,102,1.0,0.0,0.7141521622788725,0.7141521622788725,,,,1.0
35,acetone_hl_gap_eV,103,1.0,0.0,0.7141521622788725,0.7141521622788725,,,,1.0
35,acetone_hl_gap_eV,104,1.0,0.0,0.7141521622788725,0.7141521622788725,,,,1.0
35,acetone_hl_gap_eV,105,1.0,0.0,0.7141521622788725,0.7141521622788725,,,,1.0
35,acetone_hl_gap_eV,106,1.0,0.0,0.7141521622788725,0.7141521622788725,,,,1.0
35,acetone_hl_gap_eV,107,1.0,0.0,0.7141521622788725,0.7141521622788725,,,,1.0
35,acetone_hl_gap_eV,108,1.0,0.0,0.7141521622788725,0.7141521622788725,,,,1.0
35,acetone_hl_gap_eV,109,1.0,0.0,0.7141521622788725,0.7141521622788725,,,,1.0
35,acetone_hl_gap_eV,110,1.0,0.0,0.7141521622788725,0.7141521622788725,,,,1.0
35,acetone_hl_gap_eV,111,1.0,0.0,0.7141521622788725,0.7141521622788725,,,,1.0
35,acetone_hl_gap_eV,112,1.0,0.0,0.7141521622788725,0.7141521622788725,,,,1.0
35,acetone_hl_gap_eV,113,1.0,0.0,0.7141521622788725,0.7141521622788725,,,,1.0
35,acetone_hl_gap_eV,114,1.0,0.0,0.7141521622788725,0.7141521622788725,,,,1.0
35,acetone_hl_gap_eV,115,1.0,0.0,0.7141521622788725,0.7141521622788725,,,,1.0
35,acetone_hl_gap_eV,116,1.0,0.0,0.7141521622788725,0.7141521622788725,,,,1.0
35,acetone_hl_gap_eV,117,1.0,0.0,0.7141521622788725,0.7141521622788725,,,,1.0
35,acetone_hl_gap_eV,118,1.0,0.0,0.7141521622788725,0.7141521622788725,,,,1.0
35,acetone_hl_gap_eV,119,1.0,0.0,0.7141521622788725,0.7141521622788725,,,,1.0
35,acetone_hl_gap_eV,120,1.0,0.0,0.7141521622788725,0.7141521622788725,,,,1.0
35,acetone_hl_gap_eV,121,1.0,0.0,0.7141521622788725,0.7141521622788725,,,,1.0
35,acetone_hl_gap_eV,122,1.0,0.0,0.7141521622788725,0.7141521622788725,,,,1.0
35,acetone_hl_gap_eV,123,1.0,0.0,0.7141521622788725,0.7141521622788725,,,,1.0
35,acetone_hl_gap_eV,124,1.0,0.0,0.7141521622788725,0.7141521622788725,,,,1.0
35,acetone_hl_gap_eV,125,1.0,0.0,0.7141521622788725,0.7141521622788725,,,,1.0
35,acetone_hl_gap_eV,126,1.0,0.0,0.7141521622788725,0.7141521622788725,,,,1.0
35,acetone_hl_gap_eV,127,1.0,0.0,0.7141521622788725,0.7141521622788725,,,,1.0
35,acetone_hl_gap_eV,128,1.0,0.0,0.7141521622788725,0.7141521622788725,,,,1.0
35,acetone_hl_gap_eV,129,1.0,0.0,0.7141521622788725,0.7141521622788725,,,,1.0
35,acetone_hl_gap_eV,130,1.0,0.0,0.7141521622788725,0.7141521622788725,,,,1.0
35,acetone_hl_gap_eV,131,1.0,0.0,0.7141521622788725,0.7141521622788725,,,,1.0
35,acetone_hl_gap_eV,132,1.0,0.0,0.7141521622788725,0.7141521622788725,,,,1.0
35,acetone_hl_gap_eV,133,1.0,0.0,0.7141521622788725,0.7141521622788725,,,,1.0
35,acetone_hl_gap_eV,134,1.0,0.0,0.7141521622788725,0.7141521622788725,,,,1.0
35,acetone_hl_gap_eV,135,1.0,0.0,0.7141521622788725,0.7141521622788725,,,,1.0
35,acetone_hl_gap_eV,136,1.0,0.0,0.7141521622788725,0.7141521622788725,,,,1.0
35,acetone_hl_gap_eV,137,1.0,0.0,0.7141521622788725,0.7141521622788725,,,,1.0
35,acetone_hl_gap_eV,138,1.0,0.0,0.7141521622788725,0.7141521622788725,,,,1.0
35,acetone_hl_gap_eV,139,1.0,0.0,0.7141521622788725,0.7141521622788725,,,,1.0
35,acetone_hl_gap_eV,140,1.0,0.0,0.7141521622788725,0.7141521622788725,,,,1.0
35,acetone_hl_gap_eV,141,1.0,0.0,0.7141521622788725,0.7141521622788725,,,,1.0
35,acetone_hl_gap_eV,142,1.0,0.0,0.7141521622788725,0.7141521622788725,,,,1.0
35,acetone_hl_gap_eV,143,1.0,0.0,0.7141521622788725,0.7141521622788725,,,,1.0
35,acetone_hl_gap_eV,144,1.0,0.0,0.7141521622788725,0.7141521622788725,,,,1.0
35,acetone_hl_gap_eV,145,1.0,0.0,0.7141521622788725,0.7141521622788725,,,,1.0
35,acetone_hl_gap_eV,146,1.0,0.0,0.7141521622788725,0.7141521622788725,,,,1.0
35,acetone_hl_gap_eV,147,1.0,0.0,0.7141521622788725,0.7141521622788725,,,,1.0
35,acetone_hl_gap_eV,148,1.0,0.0,0.7141521622788725,0.7141521622788725,,,,1.0
35,acetone_hl_gap_eV,149,1.0,0.0,0.7141521622788725,0.7141521622788725,,,,1.0
35,acetone_hl_gap_eV,150,1.0,0.0,0.7141521622788725,0.7141521622788725,,,,1.0
35,acetone_hl_gap_eV,151,1.0,0.0,0.7141521622788725,0.7141521622788725,,,,1.0
35,acetone_hl_gap_eV,152,1.0,0.0,0.7141521622788725,0.7141521622788725,,,,1.0
35,acetone_hl_gap_eV,153,1.0,0.0,0.7141521622788725,0.7141521622788725,,,,1.0
35,acetone_hl_gap_eV,154,1.0,0.0,0.7141521622788725,0.7141521622788725,,,,1.0
35,acetone_hl_gap_eV,155,1.0,0.0,0.7141521622788725,0.7141521622788725,,,,1.0
35,acetone_hl_gap_eV,156,1.0,0.0,0.7141521622788725,0.7141521622788725,,,,1.0
35,acetone_hl_gap_eV,157,1.0,0.0,0.7141521622788725,0.7141521622788725,,,,1.0
35,acetone_hl_gap_eV,158,1.0,0.0,0.7141521622788725,0.7141521622788725,,,,1.0
35,acetone_hl_gap_eV,159,1.0,0.0,0.7141521622788725,0.7141521622788725,,,,1.0
35,acetone_hl_gap_eV,160,1.0,0.0,0.7141521622788725,0.7141521622788725,,,,1.0
35,acetone_hl_gap_eV,161,1.0,0.0,0.7141521622788725,0.7141521622788725,,,,1.0
35,acetone_hl_gap_eV,162,1.0,0.0,0.7141521622788725,0.7141521622788725,,,,1.0
35,acetone_hl_gap_eV,163,1.0,0.0,0.7141521622788725,0.7141521622788725,,,,1.0
35,acetone_hl_gap_eV,164,1.0,0.0,0.7141521622788725,0.7141521622788725,,,,1.0
35,acetone_hl_gap_eV,165,1.0,0.0,0.7141521622788725,0.7141521622788725,,,,1.0
35,acetone_hl_gap_eV,166,1.0,0.0,0.7141521622788725,0.7141521622788725,,,,1.0
35,acetone_hl_gap_eV,167,1.0,0.0,0.7141521622788725,0.7141521622788725,,,,1.0
35,acetone_hl_gap_eV,168,1.0,0.0,0.7141521622788725,0.7141521622788725,,,,1.0
35,acetone_hl_gap_eV,169,1.0,0.0,0.7141521622788725,0.7141521622788725,,,,1.0
35,acetone_hl_gap_eV,170,1.0,0.0,0.7141521622788725,0.7141521622788725,,,,1.0
35,acetone_hl_gap_eV,171,1.0,0.0,0.7141521622788725,0.7141521622788725,,,,1.0
35,acetone_hl_gap_eV,172,1.0,0.0,0.7141521622788725,0.7141521622788725,,,,1.0
35,acetone_hl_gap_eV,173,1.0,0.0,0.7141521622788725,0.7141521622788725,,,,1.0
35,acetone_hl_gap_eV,174,1.0,0.0,0.7141521622788725,0.7141521622788725,,,,1.0
35,acetone_hl_gap_eV,175,1.0,0.0,0.7141521622788725,0.7141521622788725,,,,1.0
35,acetone_hl_gap_eV,176,1.0,0.0,0.7141521622788725,0.7141521622788725,,,,1.0
35,acetone_hl_gap_eV,177,1.0,0.0,0.7141521622788725,0.7141521622788725,,,,1.0
35,acetone_hl_gap_eV,178,1.0,0.0,0.7141521622788725,0.7141521622788725,,,,1.0
35,acetone_hl_gap_eV,179,1.0,0.0,0.7141521622788725,0.7141521622788725,,,,1.0
35,acetone_hl_gap_eV,180,1.0,0.0,0.7141521622788725,0.7141521622788725,,,,1.0
35,acetone_hl_gap_eV,181,1.0,0.0,0.7141521622788725,0.7141521622788725,,,,1.0
35,acetone_hl_gap_eV,182,1.0,0.0,0.7141521622788725,0.7141521622788725,,,,1.0
35,acetone_hl_gap_eV,183,1.0,0.0,0.7141521622788725,0.7141521622788725,,,,1.0
35,acetone_hl_gap_eV,184,1.0,0.0,0.7141521622788725,0.7141521622788725,,,,1.0
35,acetone_hl_gap_eV,185,1.0,0.0,0.7141521622788725,0.7141521622788725,,,,1.0
35,acetone_hl_gap_eV,186,1.0,0.0,0.7141521622788725,0.7141521622788725,,,,1.0
35,acetone_hl_gap_eV,187,1.0,0.0,0.7141521622788725,0.7141521622788725,,,,1.0
35,acetone_hl_gap_eV,188,1.0,0.0,0.7141521622788725,0.7141521622788725,,,,1.0
35,acetone_hl_gap_eV,189,1.0,0.0,0.7141521622788725,0.7141521622788725,,,,1.0
35,acetone_hl_gap_eV,190,1.0,0.0,0.7141521622788725,0.7141521622788725,,,,1.0
35,acetone_hl_gap_eV,191,1.0,0.0,0.7141521622788725,0.7141521622788725,,,,1.0
35,acetone_hl_gap_eV,192,1.0,0.0,0.7141521622788725,0.7141521622788725,,,,1.0
35,acetone_hl_gap_eV,193,1.0,0.0,0.7141521622788725,0.7141521622788725,,,,1.0
35,acetone_hl_gap_eV,194,1.0,0.0,0.7141521622788725,0.7141521622788725,,,,1.0
35,acetone_hl_gap_eV,195,1.0,0.0,0.7141521622788725,0.7141521622788725,,,,1.0
35,acetone_hl_gap_eV,196,1.0,0.0,0.7141521622788725,0.7141521622788725,,,,1.0
35,acetone_hl_gap_eV,197,1.0,0.0,0.7141521622788725,0.7141521622788725,,,,1.0
35,acetone_hl_gap_eV,198,1.0,0.0,0.7141521622788725,0.7141521622788725,,,,1.0
35,acetone_hl_gap_eV,199,1.0,0.0,0.7141521622788725,0.7141521622788725,,,,1.0
35,acetone_hl_gap_eV,200,1.0,0.0,0.7141521622788725,0.7141521622788725,,,,1.0
35,acetone_hl_gap_eV,201,1.0,0.0,0.7141521622788725,0.7141521622788725,,,,1.0
35,acetone_hl_gap_eV,202,1.0,0.0,0.7141521622788725,0.7141521622788725,,,,1.0
35,acetone_hl_gap_eV,203,1.0,0.0,0.7141521622788725,0.7141521622788725,,,,1.0
35,acetone_hl_gap_eV,204,1.0,0.0,0.7141521622788725,0.7141521622788725,,,,1.0
35,acetone_hl_gap_eV,205,1.0,0.0,0.7141521622788725,0.7141521622788725,,,,1.0
35,acetone_hl_gap_eV,206,1.0,0.0,0.7141521622788725,0.7141521622788725,,,,1.0
35,acetone_hl_gap_eV,207,1.0,0.0,0.7141521622788725,0.7141521622788725,,,,1.0
35,acetone_hl_gap_eV,208,1.0,0.0,0.7141521622788725,0.7141521622788725,,,,1.0
35,acetone_hl_gap_eV,209,1.0,0.0,0.7141521622788725,0.7141521622788725,,,,1.0
35,acetone_hl_gap_eV,210,1.0,0.0,0.7141521622788725,0.7141521622788725,,,,1.0
35,acetone_hl_gap_eV,211,1.0,0.0,0.7141521622788725,0.7141521622788725,,,,1.0
35,acetone_hl_gap_eV,212,1.0,0.0,0.7141521622788725,0.7141521622788725,,,,1.0
35,acetone_hl_gap_eV,213,1.0,0.0,0.7141521622788725,0.7141521622788725,,,,1.0
35,acetone_hl_gap_eV,214,1.0,0.0,0.7141521622788725,0.7141521622788725,,,,1.0
35,acetone_hl_gap_eV,215,1.0,0.0,0.7141521622788725,0.7141521622788725,,,,1.0
35,acetone_hl_gap_eV,216,1.0,0.0,0.7141521622788725,0.7141521622788725,,,,1.0
35,acetone_hl_gap_eV,217,1.0,0.0,0.7141521622788725,0.7141521622788725,,,,1.0
35,acetone_hl_gap_eV,218,1.0,0.0,0.7141521622788725,0.7141521622788725,,,,1.0
35,acetone_hl_gap_eV,219,1.0,0.0,0.7141521622788725,0.7141521622788725,,,,1.0
35,acetone_hl_gap_eV,220,1.0,0.0,0.7141521622788725,0.7141521622788725,,,,1.0
35,acetone_hl_gap_eV,221,1.0,0.0,0.7141521622788725,0.7141521622788725,,,,1.0
35,acetone_hl_gap_eV,222,1.0,0.0,0.7141521622788725,0.7141521622788725,,,,1.0
35,acetone_hl_gap_eV,223,1.0,0.0,0.7141521622788725,0.7141521622788725,,,,1.0
35,acetone_hl_gap_eV,224,1.0,0.0,0.7141521622788725,0.7141521622788725,,,,1.0
35,acetone_hl_gap_eV,225,1.0,0.0,0.7141521622788725,0.7141521622788725,,,,1.0
35,acetone_hl_gap_eV,226,1.0,0.0,0.7141521622788725,0.7141521622788725,,,,1.0
35,acetone_hl_gap_eV,227,1.0,0.0,0.7141521622788725,0.7141521622788725,,,,1.0
35,acetone_hl_gap_eV,228,1.0,0.0,0.7141521622788725,0.7141521622788725,,,,1.0
35,acetone_hl_gap_eV,229,1.0,0.0,0.7141521622788725,0.7141521622788725,,,,1.0
35,acetone_hl_gap_eV,230,1.0,0.0,0.7141521622788725,0.7141521622788725,,,,1.0
35,acetone_hl_gap_eV,231,1.0,0.0,0.7141521622788725,0.7141521622788725,,,,1.0
35,acetone_hl_gap_eV,232,1.0,0.0,0.7141521622788725,0.7141521622788725,,,,1.0
35,acetone_hl_gap_eV,233,1.0,0.0,0.7141521622788725,0.7141521622788725,,,,1.0
35,acetone_hl_gap_eV,234,1.0,0.0,0.7141521622788725,0.7141521622788725,,,,1.0
35,acetone_hl_gap_eV,235,1.0,0.0,0.7141521622788725,0.7141521622788725,,,,1.0
35,acetone_hl_gap_eV,236,1.0,0.0,0.7141521622788725,0.7141521622788725,,,,1.0
35,acetone_hl_gap_eV,237,1.0,0.0,0.7141521622788725,0.7141521622788725,,,,1.0
35,acetone_hl_gap_eV,238,1.0,0.0,0.7141521622788725,0.7141521622788725,,,,1.0
35,acetone_hl_gap_eV,239,1.0,0.0,0.7141521622788725,0.7141521622788725,,,,1.0
35,acetone_hl_gap_eV,240,1.0,0.0,0.7141521622788725,0.7141521622788725,,,,1.0
35,acetone_hl_gap_eV,241,1.0,0.0,0.7141521622788725,0.7141521622788725,,,,1.0
35,acetone_hl_gap_eV,242,1.0,0.0,0.7141521622788725,0.7141521622788725,,,,1.0
35,acetone_hl_gap_eV,243,1.0,0.0,0.7141521622788725,0.7141521622788725,,,,1.0
35,acetone_hl_gap_eV,244,1.0,0.0,0.7141521622788725,0.7141521622788725,,,,1.0
35,acetone_hl_gap_eV,245,1.0,0.0,0.7141521622788725,0.7141521622788725,,,,1.0
35,acetone_hl_gap_eV,246,1.0,0.0,0.7141521622788725,0.7141521622788725,,,,1.0
35,acetone_hl_gap_eV,247,1.0,0.0,0.7141521622788725,0.7141521622788725,,,,1.0
35,acetone_hl_gap_eV,248,1.0,0.0,0.7141521622788725,0.7141521622788725,,,,1.0
35,acetone_hl_gap_eV,249,1.0,0.0,0.7141521622788725,0.7141521622788725,,,,1.0
35,acetone_dipole,0,0.9999999403953552,0.0,0.5863497919261642,0.5863497919261642,,,,1.0
35,acetone_dipole,1,0.9999999403953552,0.0,0.5863497919261642,0.5863497919261642,,,,1.0
35,acetone_dipole,2,0.9999999403953552,0.0,0.5863497919261642,0.5863497919261642,,,,1.0
35,acetone_dipole,3,0.9999999403953552,0.0,0.5863497919261642,0.5863497919261642,,,,1.0
35,acetone_dipole,4,0.9999999403953552,0.0,0.5863497919261642,0.5863497919261642,,,,1.0
35,acetone_dipole,5,0.9999999403953552,0.0,0.5863497919261642,0.5863497919261642,,,,1.0
35,acetone_dipole,6,0.9999999403953552,0.0,0.5863497919261642,0.5863497919261642,,,,1.0
35,acetone_dipole,7,0.9999999403953552,0.0,0.5863497919261642,0.5863497919261642,,,,1.0
35,acetone_dipole,8,0.9999999403953552,0.0,0.5863497919261642,0.5863497919261642,,,,1.0
35,acetone_dipole,9,0.9999999403953552,0.0,0.5863497919261642,0.5863497919261642,,,,1.0
35,acetone_dipole,10,0.9999999403953552,0.0,0.5863497919261642,0.5863497919261642,,,,1.0
35,acetone_dipole,11,0.9999999403953552,0.0,0.5863497919261642,0.5863497919261642,,,,1.0
35,acetone_dipole,12,0.9999999403953552,0.0,0.5863497919261642,0.5863497919261642,,,,1.0
35,acetone_dipole,13,0.9999999403953552,0.0,0.5863497919261642,0.5863497919261642,,,,1.0
35,acetone_dipole,14,0.9999999403953552,0.0,0.5863497919261642,0.5863497919261642,,,,1.0
35,acetone_dipole,15,0.9999999403953552,0.0,0.5863497919261642,0.5863497919261642,,,,1.0
35,acetone_dipole,16,0.9999999403953552,0.0,0.5863497919261642,0.5863497919261642,,,,1.0
35,acetone_dipole,17,0.9999999403953552,0.0,0.5863497919261642,0.5863497919261642,,,,1.0
35,acetone_dipole,18,0.9999999403953552,0.0,0.5863497919261642,0.5863497919261642,,,,1.0
35,acetone_dipole,19,0.9999999403953552,0.0,0.5863497919261642,0.5863497919261642,,,,1.0
35,acetone_dipole,20,0.9999999403953552,0.0,0.5863497919261642,0.5863497919261642,,,,1.0
35,acetone_dipole,21,0.9999999403953552,0.0,0.5863497919261642,0.5863497919261642,,,,1.0
35,acetone_dipole,22,0.9999999403953552,0.0,0.5863497919261642,0.5863497919261642,,,,1.0
35,acetone_dipole,23,0.9999999403953552,0.0,0.5863497919261642,0.5863497919261642,,,,1.0
35,acetone_dipole,24,0.9999999403953552,0.0,0.5863497919261642,0.5863497919261642,,,,1.0
35,acetone_dipole,25,0.9999999403953552,0.0,0.5863497919261642,0.5863497919261642,,,,1.0
35,acetone_dipole,26,0.9999999403953552,0.0,0.5863497919261642,0.5863497919261642,,,,1.0
35,acetone_dipole,27,0.9999999403953552,0.0,0.5863497919261642,0.5863497919261642,,,,1.0
35,acetone_dipole,28,0.9999999403953552,0.0,0.5863497919261642,0.5863497919261642,,,,1.0
35,acetone_dipole,29,0.9999999403953552,0.0,0.5863497919261642,0.5863497919261642,,,,1.0
35,acetone_dipole,30,0.9999999403953552,0.0,0.5863497919261642,0.5863497919261642,,,,1.0
35,acetone_dipole,31,0.9999999403953552,0.0,0.5863497919261642,0.5863497919261642,,,,1.0
35,acetone_dipole,32,0.9999999403953552,0.0,0.5863497919261642,0.5863497919261642,,,,1.0
35,acetone_dipole,33,0.9999999403953552,0.0,0.5863497919261642,0.5863497919261642,,,,1.0
35,acetone_dipole,34,0.9999999403953552,0.0,0.5863497919261642,0.5863497919261642,,,,1.0
35,acetone_dipole,35,0.9999999403953552,0.0,0.5863497919261642,0.5863497919261642,,,,1.0
35,acetone_dipole,36,0.9999999403953552,0.0,0.5863497919261642,0.5863497919261642,,,,1.0
35,acetone_dipole,37,0.9999999403953552,0.0,0.5863497919261642,0.5863497919261642,,,,1.0
35,acetone_dipole,38,0.9999999403953552,0.0,0.5863497919261642,0.5863497919261642,,,,1.0
35,acetone_dipole,39,0.9999999403953552,0.0,0.5863497919261642,0.5863497919261642,,,,1.0
35,acetone_dipole,40,0.9999999403953552,0.0,0.5863497919261642,0.5863497919261642,,,,1.0
35,acetone_dipole,41,0.9999999403953552,0.0,0.5863497919261642,0.5863497919261642,,,,1.0
35,acetone_dipole,42,0.9999999403953552,0.0,0.5863497919261642,0.5863497919261642,,,,1.0
35,acetone_dipole,43,0.9999999403953552,0.0,0.5863497919261642,0.5863497919261642,,,,1.0
35,acetone_dipole,44,0.9999999403953552,0.0,0.5863497919261642,0.5863497919261642,,,,1.0
35,acetone_dipole,45,0.9999999403953552,0.0,0.5863497919261642,0.5863497919261642,,,,1.0
35,acetone_dipole,46,0.9999999403953552,0.0,0.5863497919261642,0.5863497919261642,,,,1.0
35,acetone_dipole,47,0.9999999403953552,0.0,0.5863497919261642,0.5863497919261642,,,,1.0
35,acetone_dipole,48,0.9999999403953552,0.0,0.5863497919261642,0.5863497919261642,,,,1.0
35,acetone_dipole,49,0.9999999403953552,0.0,0.5863497919261642,0.5863497919261642,,,,1.0
35,acetone_dipole,50,0.9999999403953552,0.0,0.5863497919261642,0.5863497919261642,,,,1.0
35,acetone_dipole,51,0.9999999403953552,0.0,0.5863497919261642,0.5863497919261642,,,,1.0
35,acetone_dipole,52,0.9999999403953552,0.0,0.5863497919261642,0.5863497919261642,,,,1.0
35,acetone_dipole,53,0.9999999403953552,0.0,0.5863497919261642,0.5863497919261642,,,,1.0
35,acetone_dipole,54,0.9999999403953552,0.0,0.5863497919261642,0.5863497919261642,,,,1.0
35,acetone_dipole,55,0.9999999403953552,0.0,0.5863497919261642,0.5863497919261642,,,,1.0
35,acetone_dipole,56,0.9999999403953552,0.0,0.5863497919261642,0.5863497919261642,,,,1.0
35,acetone_dipole,57,0.9999999403953552,0.0,0.5863497919261642,0.5863497919261642,,,,1.0
35,acetone_dipole,58,0.9999999403953552,0.0,0.5863497919261642,0.5863497919261642,,,,1.0
35,acetone_dipole,59,0.9999999403953552,0.0,0.5863497919261642,0.5863497919261642,,,,1.0
35,acetone_dipole,60,0.9999999403953552,0.0,0.5863497919261642,0.5863497919261642,,,,1.0
35,acetone_dipole,61,0.9999999403953552,0.0,0.5863497919261642,0.5863497919261642,,,,1.0
35,acetone_dipole,62,0.9999999403953552,0.0,0.5863497919261642,0.5863497919261642,,,,1.0
35,acetone_dipole,63,0.9999999403953552,0.0,0.5863497919261642,0.5863497919261642,,,,1.0
35,acetone_dipole,64,0.9999999403953552,0.0,0.5863497919261642,0.5863497919261642,,,,1.0
35,acetone_dipole,65,0.9999999403953552,0.0,0.5863497919261642,0.5863497919261642,,,,1.0
35,acetone_dipole,66,0.9999999403953552,0.0,0.5863497919261642,0.5863497919261642,,,,1.0
35,acetone_dipole,67,0.9999999403953552,0.0,0.5863497919261642,0.5863497919261642,,,,1.0
35,acetone_dipole,68,0.9999999403953552,0.0,0.5863497919261642,0.5863497919261642,,,,1.0
35,acetone_dipole,69,0.9999999403953552,0.0,0.5863497919261642,0.5863497919261642,,,,1.0
35,acetone_dipole,70,0.9999999403953552,0.0,0.5863497919261642,0.5863497919261642,,,,1.0
35,acetone_dipole,71,0.9999999403953552,0.0,0.5863497919261642,0.5863497919261642,,,,1.0
35,acetone_dipole,72,0.9999999403953552,0.0,0.5863497919261642,0.5863497919261642,,,,1.0
35,acetone_dipole,73,0.9999999403953552,0.0,0.5863497919261642,0.5863497919261642,,,,1.0
35,acetone_dipole,74,0.9999999403953552,0.0,0.5863497919261642,0.5863497919261642,,,,1.0
35,acetone_dipole,75,0.9999999403953552,0.0,0.5863497919261642,0.5863497919261642,,,,1.0
35,acetone_dipole,76,0.9999999403953552,0.0,0.5863497919261642,0.5863497919261642,,,,1.0
35,acetone_dipole,77,0.9999999403953552,0.0,0.5863497919261642,0.5863497919261642,,,,1.0
35,acetone_dipole,78,0.9999999403953552,0.0,0.5863497919261642,0.5863497919261642,,,,1.0
35,acetone_dipole,79,0.9999999403953552,0.0,0.5863497919261642,0.5863497919261642,,,,1.0
35,acetone_dipole,80,0.9999999403953552,0.0,0.5863497919261642,0.5863497919261642,,,,1.0
35,acetone_dipole,81,0.9999999403953552,0.0,0.5863497919261642,0.5863497919261642,,,,1.0
35,acetone_dipole,82,0.9999999403953552,0.0,0.5863497919261642,0.5863497919261642,,,,1.0
35,acetone_dipole,83,0.9999999403953552,0.0,0.5863497919261642,0.5863497919261642,,,,1.0
35,acetone_dipole,84,0.9999999403953552,0.0,0.5863497919261642,0.5863497919261642,,,,1.0
35,acetone_dipole,85,0.9999999403953552,0.0,0.5863497919261642,0.5863497919261642,,,,1.0
35,acetone_dipole,86,0.9999999403953552,0.0,0.5863497919261642,0.5863497919261642,,,,1.0
35,acetone_dipole,87,0.9999999403953552,0.0,0.5863497919261642,0.5863497919261642,,,,1.0
35,acetone_dipole,88,0.9999999403953552,0.0,0.5863497919261642,0.5863497919261642,,,,1.0
35,acetone_dipole,89,0.9999999403953552,0.0,0.5863497919261642,0.5863497919261642,,,,1.0
35,acetone_dipole,90,0.9999999403953552,0.0,0.5863497919261642,0.5863497919261642,,,,1.0
35,acetone_dipole,91,0.9999999403953552,0.0,0.5863497919261642,0.5863497919261642,,,,1.0
35,acetone_dipole,92,0.9999999403953552,0.0,0.5863497919261642,0.5863497919261642,,,,1.0
35,acetone_dipole,93,0.9999999403953552,0.0,0.5863497919261642,0.5863497919261642,,,,1.0
35,acetone_dipole,94,0.9999999403953552,0.0,0.5863497919261642,0.5863497919261642,,,,1.0
35,acetone_dipole,95,0.9999999403953552,0.0,0.5863497919261642,0.5863497919261642,,,,1.0
35,acetone_dipole,96,0.9999999403953552,0.0,0.5863497919261642,0.5863497919261642,,,,1.0
35,acetone_dipole,97,0.9999999403953552,0.0,0.5863497919261642,0.5863497919261642,,,,1.0
35,acetone_dipole,98,0.9999999403953552,0.0,0.5863497919261642,0.5863497919261642,,,,1.0
35,acetone_dipole,99,0.9999999403953552,0.0,0.5863497919261642,0.5863497919261642,,,,1.0
35,acetone_dipole,100,0.9999999403953552,0.0,0.5863497919261642,0.5863497919261642,,,,1.0
35,acetone_dipole,101,0.9999999403953552,0.0,0.5863497919261642,0.5863497919261642,,,,1.0
35,acetone_dipole,102,0.9999999403953552,0.0,0.5863497919261642,0.5863497919261642,,,,1.0
35,acetone_dipole,103,0.9999999403953552,0.0,0.5863497919261642,0.5863497919261642,,,,1.0
35,acetone_dipole,104,0.9999999403953552,0.0,0.5863497919261642,0.5863497919261642,,,,1.0
35,acetone_dipole,105,0.9999999403953552,0.0,0.5863497919261642,0.5863497919261642,,,,1.0
35,acetone_dipole,106,0.9999999403953552,0.0,0.5863497919261642,0.5863497919261642,,,,1.0
35,acetone_dipole,107,0.9999999403953552,0.0,0.5863497919261642,0.5863497919261642,,,,1.0
35,acetone_dipole,108,0.9999999403953552,0.0,0.5863497919261642,0.5863497919261642,,,,1.0
35,acetone_dipole,109,0.9999999403953552,0.0,0.5863497919261642,0.5863497919261642,,,,1.0
35,acetone_dipole,110,0.9999999403953552,0.0,0.5863497919261642,0.5863497919261642,,,,1.0
35,acetone_dipole,111,0.9999999403953552,0.0,0.5863497919261642,0.5863497919261642,,,,1.0
35,acetone_dipole,112,0.9999999403953552,0.0,0.5863497919261642,0.5863497919261642,,,,1.0
35,acetone_dipole,113,0.9999999403953552,0.0,0.5863497919261642,0.5863497919261642,,,,1.0
35,acetone_dipole,114,0.9999999403953552,0.0,0.5863497919261642,0.5863497919261642,,,,1.0
35,acetone_dipole,115,0.9999999403953552,0.0,0.5863497919261642,0.5863497919261642,,,,1.0
35,acetone_dipole,116,0.9999999403953552,0.0,0.5863497919261642,0.5863497919261642,,,,1.0
35,acetone_dipole,117,0.9999999403953552,0.0,0.5863497919261642,0.5863497919261642,,,,1.0
35,acetone_dipole,118,0.9999999403953552,0.0,0.5863497919261642,0.5863497919261642,,,,1.0
35,acetone_dipole,119,0.9999999403953552,0.0,0.5863497919261642,0.5863497919261642,,,,1.0
35,acetone_dipole,120,0.9999999403953552,0.0,0.5863497919261642,0.5863497919261642,,,,1.0
35,acetone_dipole,121,0.9999999403953552,0.0,0.5863497919261642,0.5863497919261642,,,,1.0
35,acetone_dipole,122,0.9999999403953552,0.0,0.5863497919261642,0.5863497919261642,,,,1.0
35,acetone_dipole,123,0.9999999403953552,0.0,0.5863497919261642,0.5863497919261642,,,,1.0
35,acetone_dipole,124,0.9999999403953552,0.0,0.5863497919261642,0.5863497919261642,,,,1.0
35,acetone_dipole,125,0.9999999403953552,0.0,0.5863497919261642,0.5863497919261642,,,,1.0
35,acetone_dipole,126,0.9999999403953552,0.0,0.5863497919261642,0.5863497919261642,,,,1.0
35,acetone_dipole,127,0.9999999403953552,0.0,0.5863497919261642,0.5863497919261642,,,,1.0
35,acetone_dipole,128,0.9999999403953552,0.0,0.5863497919261642,0.5863497919261642,,,,1.0
35,acetone_dipole,129,0.9999999403953552,0.0,0.5863497919261642,0.5863497919261642,,,,1.0
35,acetone_dipole,130,0.9999999403953552,0.0,0.5863497919261642,0.5863497919261642,,,,1.0
35,acetone_dipole,131,0.9999999403953552,0.0,0.5863497919261642,0.5863497919261642,,,,1.0
35,acetone_dipole,132,0.9999999403953552,0.0,0.5863497919261642,0.5863497919261642,,,,1.0
35,acetone_dipole,133,0.9999999403953552,0.0,0.5863497919261642,0.5863497919261642,,,,1.0
35,acetone_dipole,134,0.9999999403953552,0.0,0.5863497919261642,0.5863497919261642,,,,1.0
35,acetone_dipole,135,0.9999999403953552,0.0,0.5863497919261642,0.5863497919261642,,,,1.0
35,acetone_dipole,136,0.9999999403953552,0.0,0.5863497919261642,0.5863497919261642,,,,1.0
35,acetone_dipole,137,0.9999999403953552,0.0,0.5863497919261642,0.5863497919261642,,,,1.0
35,acetone_dipole,138,0.9999999403953552,0.0,0.5863497919261642,0.5863497919261642,,,,1.0
35,acetone_dipole,139,0.9999999403953552,0.0,0.5863497919261642,0.5863497919261642,,,,1.0
35,acetone_dipole,140,0.9999999403953552,0.0,0.5863497919261642,0.5863497919261642,,,,1.0
35,acetone_dipole,141,0.9999999403953552,0.0,0.5863497919261642,0.5863497919261642,,,,1.0
35,acetone_dipole,142,0.9999999403953552,0.0,0.5863497919261642,0.5863497919261642,,,,1.0
35,acetone_dipole,143,0.9999999403953552,0.0,0.5863497919261642,0.5863497919261642,,,,1.0
35,acetone_dipole,144,0.9999999403953552,0.0,0.5863497919261642,0.5863497919261642,,,,1.0
35,acetone_dipole,145,0.9999999403953552,0.0,0.5863497919261642,0.5863497919261642,,,,1.0
35,acetone_dipole,146,0.9999999403953552,0.0,0.5863497919261642,0.5863497919261642,,,,1.0
35,acetone_dipole,147,0.9999999403953552,0.0,0.5863497919261642,0.5863497919261642,,,,1.0
35,acetone_dipole,148,0.9999999403953552,0.0,0.5863497919261642,0.5863497919261642,,,,1.0
35,acetone_dipole,149,0.9999999403953552,0.0,0.5863497919261642,0.5863497919261642,,,,1.0
35,acetone_dipole,150,0.9999999403953552,0.0,0.5863497919261642,0.5863497919261642,,,,1.0
35,acetone_dipole,151,0.9999999403953552,0.0,0.5863497919261642,0.5863497919261642,,,,1.0
35,acetone_dipole,152,0.9999999403953552,0.0,0.5863497919261642,0.5863497919261642,,,,1.0
35,acetone_dipole,153,0.9999999403953552,0.0,0.5863497919261642,0.5863497919261642,,,,1.0
35,acetone_dipole,154,0.9999999403953552,0.0,0.5863497919261642,0.5863497919261642,,,,1.0
35,acetone_dipole,155,0.9999999403953552,0.0,0.5863497919261642,0.5863497919261642,,,,1.0
35,acetone_dipole,156,0.9999999403953552,0.0,0.5863497919261642,0.5863497919261642,,,,1.0
35,acetone_dipole,157,0.9999999403953552,0.0,0.5863497919261642,0.5863497919261642,,,,1.0
35,acetone_dipole,158,0.9999999403953552,0.0,0.5863497919261642,0.5863497919261642,,,,1.0
35,acetone_dipole,159,0.9999999403953552,0.0,0.5863497919261642,0.5863497919261642,,,,1.0
35,acetone_dipole,160,0.9999999403953552,0.0,0.5863497919261642,0.5863497919261642,,,,1.0
35,acetone_dipole,161,0.9999999403953552,0.0,0.5863497919261642,0.5863497919261642,,,,1.0
35,acetone_dipole,162,0.9999999403953552,0.0,0.5863497919261642,0.5863497919261642,,,,1.0
35,acetone_dipole,163,0.9999999403953552,0.0,0.5863497919261642,0.5863497919261642,,,,1.0
35,acetone_dipole,164,0.9999999403953552,0.0,0.5863497919261642,0.5863497919261642,,,,1.0
35,acetone_dipole,165,0.9999999403953552,0.0,0.5863497919261642,0.5863497919261642,,,,1.0
35,acetone_dipole,166,0.9999999403953552,0.0,0.5863497919261642,0.5863497919261642,,,,1.0
35,acetone_dipole,167,0.9999999403953552,0.0,0.5863497919261642,0.5863497919261642,,,,1.0
35,acetone_dipole,168,0.9999999403953552,0.0,0.5863497919261642,0.5863497919261642,,,,1.0
35,acetone_dipole,169,0.9999999403953552,0.0,0.5863497919261642,0.5863497919261642,,,,1.0
35,acetone_dipole,170,0.9999999403953552,0.0,0.5863497919261642,0.5863497919261642,,,,1.0
35,acetone_dipole,171,0.9999999403953552,0.0,0.5863497919261642,0.5863497919261642,,,,1.0
35,acetone_dipole,172,0.9999999403953552,0.0,0.5863497919261642,0.5863497919261642,,,,1.0
35,acetone_dipole,173,0.9999999403953552,0.0,0.5863497919261642,0.5863497919261642,,,,1.0
35,acetone_dipole,174,0.9999999403953552,0.0,0.5863497919261642,0.5863497919261642,,,,1.0
35,acetone_dipole,175,0.9999999403953552,0.0,0.5863497919261642,0.5863497919261642,,,,1.0
35,acetone_dipole,176,0.9999999403953552,0.0,0.5863497919261642,0.5863497919261642,,,,1.0
35,acetone_dipole,177,0.9999999403953552,0.0,0.5863497919261642,0.5863497919261642,,,,1.0
35,acetone_dipole,178,0.9999999403953552,0.0,0.5863497919261642,0.5863497919261642,,,,1.0
35,acetone_dipole,179,0.9999999403953552,0.0,0.5863497919261642,0.5863497919261642,,,,1.0
35,acetone_dipole,180,0.9999999403953552,0.0,0.5863497919261642,0.5863497919261642,,,,1.0
35,acetone_dipole,181,0.9999999403953552,0.0,0.5863497919261642,0.5863497919261642,,,,1.0
35,acetone_dipole,182,0.9999999403953552,0.0,0.5863497919261642,0.5863497919261642,,,,1.0
35,acetone_dipole,183,0.9999999403953552,0.0,0.5863497919261642,0.5863497919261642,,,,1.0
35,acetone_dipole,184,0.9999999403953552,0.0,0.5863497919261642,0.5863497919261642,,,,1.0
35,acetone_dipole,185,0.9999999403953552,0.0,0.5863497919261642,0.5863497919261642,,,,1.0
35,acetone_dipole,186,0.9999999403953552,0.0,0.5863497919261642,0.5863497919261642,,,,1.0
35,acetone_dipole,187,0.9999999403953552,0.0,0.5863497919261642,0.5863497919261642,,,,1.0
35,acetone_dipole,188,0.9999999403953552,0.0,0.5863497919261642,0.5863497919261642,,,,1.0
35,acetone_dipole,189,0.9999999403953552,0.0,0.5863497919261642,0.5863497919261642,,,,1.0
35,acetone_dipole,190,0.9999999403953552,0.0,0.5863497919261642,0.5863497919261642,,,,1.0
35,acetone_dipole,191,0.9999999403953552,0.0,0.5863497919261642,0.5863497919261642,,,,1.0
35,acetone_dipole,192,0.9999999403953552,0.0,0.5863497919261642,0.5863497919261642,,,,1.0
35,acetone_dipole,193,0.9999999403953552,0.0,0.5863497919261642,0.5863497919261642,,,,1.0
35,acetone_dipole,194,0.9999999403953552,0.0,0.5863497919261642,0.5863497919261642,,,,1.0
35,acetone_dipole,195,0.9999999403953552,0.0,0.5863497919261642,0.5863497919261642,,,,1.0
35,acetone_dipole,196,0.9999999403953552,0.0,0.5863497919261642,0.5863497919261642,,,,1.0
35,acetone_dipole,197,0.9999999403953552,0.0,0.5863497919261642,0.5863497919261642,,,,1.0
35,acetone_dipole,198,0.9999999403953552,0.0,0.5863497919261642,0.5863497919261642,,,,1.0
35,acetone_dipole,199,0.9999999403953552,0.0,0.5863497919261642,0.5863497919261642,,,,1.0
35,acetone_dipole,200,0.9999999403953552,0.0,0.5863497919261642,0.5863497919261642,,,,1.0
35,acetone_dipole,201,0.9999999403953552,0.0,0.5863497919261642,0.5863497919261642,,,,1.0
35,acetone_dipole,202,0.9999999403953552,0.0,0.5863497919261642,0.5863497919261642,,,,1.0
35,acetone_dipole,203,0.9999999403953552,0.0,0.5863497919261642,0.5863497919261642,,,,1.0
35,acetone_dipole,204,0.9999999403953552,0.0,0.5863497919261642,0.5863497919261642,,,,1.0
35,acetone_dipole,205,0.9999999403953552,0.0,0.5863497919261642,0.5863497919261642,,,,1.0
35,acetone_dipole,206,0.9999999403953552,0.0,0.5863497919261642,0.5863497919261642,,,,1.0
35,acetone_dipole,207,0.9999999403953552,0.0,0.5863497919261642,0.5863497919261642,,,,1.0
35,acetone_dipole,208,0.9999999403953552,0.0,0.5863497919261642,0.5863497919261642,,,,1.0
35,acetone_dipole,209,0.9999999403953552,0.0,0.5863497919261642,0.5863497919261642,,,,1.0
35,acetone_dipole,210,0.9999999403953552,0.0,0.5863497919261642,0.5863497919261642,,,,1.0
35,acetone_dipole,211,0.9999999403953552,0.0,0.5863497919261642,0.5863497919261642,,,,1.0
35,acetone_dipole,212,0.9999999403953552,0.0,0.5863497919261642,0.5863497919261642,,,,1.0
35,acetone_dipole,213,0.9999999403953552,0.0,0.5863497919261642,0.5863497919261642,,,,1.0
35,acetone_dipole,214,0.9999999403953552,0.0,0.5863497919261642,0.5863497919261642,,,,1.0
35,acetone_dipole,215,0.9999999403953552,0.0,0.5863497919261642,0.5863497919261642,,,,1.0
35,acetone_dipole,216,0.9999999403953552,0.0,0.5863497919261642,0.5863497919261642,,,,1.0
35,acetone_dipole,217,0.9999999403953552,0.0,0.5863497919261642,0.5863497919261642,,,,1.0
35,acetone_dipole,218,0.9999999403953552,0.0,0.5863497919261642,0.5863497919261642,,,,1.0
35,acetone_dipole,219,0.9999999403953552,0.0,0.5863497919261642,0.5863497919261642,,,,1.0
35,acetone_dipole,220,0.9999999403953552,0.0,0.5863497919261642,0.5863497919261642,,,,1.0
35,acetone_dipole,221,0.9999999403953552,0.0,0.5863497919261642,0.5863497919261642,,,,1.0
35,acetone_dipole,222,0.9999999403953552,0.0,0.5863497919261642,0.5863497919261642,,,,1.0
35,acetone_dipole,223,0.9999999403953552,0.0,0.5863497919261642,0.5863497919261642,,,,1.0
35,acetone_dipole,224,0.9999999403953552,0.0,0.5863497919261642,0.5863497919261642,,,,1.0
35,acetone_dipole,225,0.9999999403953552,0.0,0.5863497919261642,0.5863497919261642,,,,1.0
35,acetone_dipole,226,0.9999999403953552,0.0,0.5863497919261642,0.5863497919261642,,,,1.0
35,acetone_dipole,227,0.9999999403953552,0.0,0.5863497919261642,0.5863497919261642,,,,1.0
35,acetone_dipole,228,0.9999999403953552,0.0,0.5863497919261642,0.5863497919261642,,,,1.0
35,acetone_dipole,229,0.9999999403953552,0.0,0.5863497919261642,0.5863497919261642,,,,1.0
35,acetone_dipole,230,0.9999999403953552,0.0,0.5863497919261642,0.5863497919261642,,,,1.0
35,acetone_dipole,231,0.9999999403953552,0.0,0.5863497919261642,0.5863497919261642,,,,1.0
35,acetone_dipole,232,0.9999999403953552,0.0,0.5863497919261642,0.5863497919261642,,,,1.0
35,acetone_dipole,233,0.9999999403953552,0.0,0.5863497919261642,0.5863497919261642,,,,1.0
35,acetone_dipole,234,0.9999999403953552,0.0,0.5863497919261642,0.5863497919261642,,,,1.0
35,acetone_dipole,235,0.9999999403953552,0.0,0.5863497919261642,0.5863497919261642,,,,1.0
35,acetone_dipole,236,0.9999999403953552,0.0,0.5863497919261642,0.5863497919261642,,,,1.0
35,acetone_dipole,237,0.9999999403953552,0.0,0.5863497919261642,0.5863497919261642,,,,1.0
35,acetone_dipole,238,0.9999999403953552,0.0,0.5863497919261642,0.5863497919261642,,,,1.0
35,acetone_dipole,239,0.9999999403953552,0.0,0.5863497919261642,0.5863497919261642,,,,1.0
35,acetone_dipole,240,0.9999999403953552,0.0,0.5863497919261642,0.5863497919261642,,,,1.0
35,acetone_dipole,241,0.9999999403953552,0.0,0.5863497919261642,0.5863497919261642,,,,1.0
35,acetone_dipole,242,0.9999999403953552,0.0,0.5863497919261642,0.5863497919261642,,,,1.0
35,acetone_dipole,243,0.9999999403953552,0.0,0.5863497919261642,0.5863497919261642,,,,1.0
35,acetone_dipole,244,0.9999999403953552,0.0,0.5863497919261642,0.5863497919261642,,,,1.0
35,acetone_dipole,245,0.9999999403953552,0.0,0.5863497919261642,0.5863497919261642,,,,1.0
35,acetone_dipole,246,0.9999999403953552,0.0,0.5863497919261642,0.5863497919261642,,,,1.0
35,acetone_dipole,247,0.9999999403953552,0.0,0.5863497919261642,0.5863497919261642,,,,1.0
35,acetone_dipole,248,0.9999999403953552,0.0,0.5863497919261642,0.5863497919261642,,,,1.0
35,acetone_dipole,249,0.9999999403953552,0.0,0.5863497919261642,0.5863497919261642,,,,1.0
35,octanol_gsolv_eV,0,0.3009045720100403,0.05601451173424721,0.6451471824619972,0.9207205058793417,12.961851119995117,0.802236020565033,0.061892087259627096,0.24
35,octanol_gsolv_eV,1,0.3241787254810333,0.04001525789499283,0.646580708377374,0.90856241170468,9.227785110473633,0.913424551486969,0.09898632668095213,0.26
35,octanol_gsolv_eV,2,0.28033193945884705,0.04670283570885658,0.6468526096253806,0.8979717932703146,10.880400657653809,0.7789207100868225,0.07158934074168412,0.16
35,octanol_gsolv_eV,3,0.07597621530294418,0.04777860268950462,0.6497814427541484,0.9622085897368386,10.886235237121582,0.009491048753261566,0.0008718393959463147,0.08
35,octanol_gsolv_eV,4,0.3221900165081024,0.04382982850074768,0.6476811509277169,0.9104643054531039,10.148457527160645,1.2620258331298828,0.12435641867271774,0.26
35,octanol_gsolv_eV,5,0.2804969847202301,0.05096014589071274,0.6467634010221228,0.9079247546787963,11.704081535339355,0.6961560249328613,0.05947976548444957,0.26
35,octanol_gsolv_eV,6,0.1576794683933258,0.052607566118240356,0.6482535653105221,0.9531295062213339,11.988945007324219,0.07212553918361664,0.00601600383849906,0.16
35,octanol_gsolv_eV,7,0.15207532048225403,0.05350134149193764,0.6478648176736395,0.9651327823474234,12.162494659423828,0.055254463106393814,0.004543020544192484,0.12
35,octanol_gsolv_eV,8,0.21778160333633423,0.0450272262096405,0.6494272701783788,0.9344403511867203,10.353928565979004,0.23563702404499054,0.022758223851306835,0.2
35,octanol_gsolv_eV,9,0.27640485763549805,0.04937750846147537,0.6374572239662954,0.9058927826892602,11.136303901672363,0.6805046200752258,0.06110686508591356,0.26
35,octanol_gsolv_eV,10,0.24705423414707184,0.05851973593235016,0.6445649551229642,0.9533773364325513,13.2670316696167,0.349490225315094,0.026342759557548504,0.18
35,octanol_gsolv_eV,11,0.24834737181663513,0.04867550730705261,0.6464267984021737,0.9061543482059928,11.173619270324707,1.0191246271133423,0.09120810387910473,0.18
35,octanol_gsolv_eV,12,0.13661347329616547,0.046723056584596634,0.6479972363768915,0.9642129604852177,10.6151762008667,0.02410949394106865,0.002271228803446539,0.14
35,octanol_gsolv_eV,13,0.26311948895454407,0.05203845351934433,0.643278738336442,0.9291443624856104,11.813827514648438,0.45672139525413513,0.03865990041651006,0.18
35,octanol_gsolv_eV,14,0.2603493928909302,0.04697525501251221,0.6484142090367013,0.9421790997441128,10.778669357299805,0.20502886176109314,0.019021722901467263,0.26
35,octanol_gsolv_eV,15,0.11789579689502716,0.043979447335004807,0.6480119905219015,0.9662326658963929,10.013605117797852,0.03798375651240349,0.00379321493763444,0.08
35,octanol_gsolv_eV,16,0.23209187388420105,0.052574560046195984,0.6418983135245173,0.9491927242228035,11.890440940856934,0.2850033640861511,0.023969116494817828,0.22
35,octanol_gsolv_eV,17,0.13639384508132935,0.04570600017905235,0.6482404015475962,0.9624800477364162,10.407190322875977,0.013111124746501446,0.0012598140650586518,0.12
35,octanol_gsolv_eV,18,0.28054672479629517,0.05273278430104256,0.6422330855009772,0.9194730787794478,12.007193565368652,0.5025355815887451,0.041852875849204815,0.26
35,octanol_gsolv_eV,19,0.13437703251838684,0.053440190851688385,0.6480295509856064,0.9535602886367807,12.173259735107422,0.02614448219537735,0.0021476977214227363,0.12
35,octanol_gsolv_eV,20,0.10446402430534363,0.050171054899692535,0.6363599716167743,0.972760452391848,11.267605781555176,0.013186002150177956,0.0011702576754826792,0.14
35,octanol_gsolv_eV,21,0.07790253311395645,0.052190206944942474,0.6488584645007096,0.9666928062499065,11.902069091796875,0.009837612509727478,0.0008265464125483646,0.04
35,octanol_gsolv_eV,22,0.28742295503616333,0.04711915925145149,0.6483393895782998,0.9178306962173501,10.909113883972168,0.45311233401298523,0.041535209810093246,0.32
35,octanol_gsolv_eV,23,0.4084717333316803,0.04890318959951401,0.6503827198486907,0.8971121575406091,11.384929656982422,1.3211472034454346,0.1160435104344426,0.28
35,octanol_gsolv_eV,24,0.3913400173187256,0.0545324943959713,0.6387135478673853,0.909454574801795,12.503693580627441,1.0062642097473145,0.08047735681129989,0.28
35,octanol_gsolv_eV,25,0.33920907974243164,0.038654979318380356,0.6428617829921159,0.9012223395643046,8.820334434509277,0.9012852311134338,0.10218265960383363,0.32
35,octanol_gsolv_eV,26,0.12616658210754395,0.05090632662177086,0.6468065822968097,0.9576291293405794,11.558130264282227,0.010616662912070751,0.0009185450128451255,0.14
35,octanol_gsolv_eV,27,0.22058255970478058,0.05191129818558693,0.6510761425462464,0.9413058098673774,11.9750337600708,0.19762995839118958,0.01650349905903072,0.24
35,octanol_gsolv_eV,28,0.23144662380218506,0.051307812333106995,0.6375567088860701,0.9273220033288219,11.394195556640625,0.4909615218639374,0.043088739299177746,0.22
35,octanol_gsolv_eV,29,0.3514080345630646,0.05057940259575844,0.6465524394608737,0.9150769827294682,11.731207847595215,0.8388263583183289,0.07150383568476969,0.22
35,octanol_gsolv_eV,30,0.24818849563598633,0.05687284469604492,0.646438184686444,0.9144394427435034,13.123998641967773,1.1748508214950562,0.08951927332102363,0.24
35,octanol_gsolv_eV,31,0.2946842312812805,0.04825707525014877,0.6456666838249931,0.9314676508222042,11.059426307678223,0.42093703150749207,0.0380613803823846,0.32
35,octanol_gsolv_eV,32,0.1286320835351944,0.04487261548638344,0.6484704705270687,0.9751094591448422,10.215359687805176,0.011407836340367794,0.0011167336921074022,0.14
35,octanol_gsolv_eV,33,0.12803375720977783,0.05015261471271515,0.6460308779444941,0.9730257899418555,11.37496280670166,0.007940622046589851,0.0006980789459734816,0.1
35,octanol_gsolv_eV,34,0.13099461793899536,0.04579351097345352,0.6481242867384684,0.9531665598358885,10.410435676574707,0.017362548038363457,0.0016678022493748473,0.12
35,octanol_gsolv_eV,35,0.2552764117717743,0.050069041550159454,0.6467284776870019,0.909749226437907,11.457199096679688,0.6698727607727051,0.05846741032603991,0.24
35,octanol_gsolv_eV,36,0.5534825325012207,0.03247319534420967,0.6619282980031651,0.9396460495289576,7.437729358673096,3.347123384475708,0.4500195184667006,0.52
35,octanol_gsolv_eV,37,0.11691838502883911,0.04815131053328514,0.6466307960054491,0.9634451738495253,10.854029655456543,0.028462111949920654,0.0026222622245750146,0.14
35,octanol_gsolv_eV,38,0.25153210759162903,0.04491084814071655,0.647324719322635,0.931314332679827,10.242856979370117,0.9473532438278198,0.09248916056680868,0.12
35,octanol_gsolv_eV,39,0.11033772677183151,0.04829792305827141,0.6483025092586894,0.9698623498641938,10.973835945129395,0.009897462092339993,0.0009019145303272792,0.12
35,octanol_gsolv_eV,40,0.2953472137451172,0.05105516314506531,0.6441970150740242,0.9074155889621249,11.682906150817871,0.6977946758270264,0.05972783371012329,0.32
35,octanol_gsolv_eV,41,0.2854994535446167,0.049437858164310455,0.6476169666140454,0.9159394555862912,11.447892189025879,0.47740575671195984,0.041702502856343124,0.24
35,octanol_gsolv_eV,42,0.29489073157310486,0.048144932836294174,0.6463285514027677,0.9006805619433522,11.08056354522705,0.7938529849052429,0.07164373740243517,0.2
35,octanol_gsolv_eV,43,0.19407886266708374,0.0641551986336708,0.6119244354393274,0.9519497358750795,13.067633628845215,0.16305837035179138,0.012478033512652193,0.12
35,octanol_gsolv_eV,44,0.15497812628746033,0.04379936307668686,0.6480645301410866,0.9499780551590837,9.988381385803223,0.09805460274219513,0.00981686611221744,0.16
35,octanol_gsolv_eV,45,0.2619955837726593,0.04617197811603546,0.6490957376241402,0.9160385863559959,10.668790817260742,0.8313665986061096,0.07792510068348744,0.3
35,octanol_gsolv_eV,46,0.20991766452789307,0.04681423306465149,0.6457156619608111,0.9565260784434451,10.589703559875488,0.11101414263248444,0.010483215323714852,0.26
35,octanol_gsolv_eV,47,0.14954838156700134,0.05165030434727669,0.6477979176067248,0.9809334748053182,11.73044490814209,0.00780620239675045,0.0006654651599217838,0.14
35,octanol_gsolv_eV,48,0.2960801422595978,0.04816699028015137,0.6483705202839882,0.9210989400477347,11.156006813049316,0.5418575406074524,0.04857092234594506,0.24
35,octanol_gsolv_eV,49,0.18798302114009857,0.04729308933019638,0.6461829076673298,0.9397145563471345,10.72788143157959,0.23871253430843353,0.022251600731318405,0.1
35,octanol_gsolv_eV,50,0.4034622013568878,0.040891341865062714,0.6487794647670724,0.9181037777486338,9.408360481262207,0.9643418192863464,0.10249839185126251,0.32
35,octanol_gsolv_eV,51,0.07170648872852325,0.05051145702600479,0.6463431988064698,0.9708393889390101,11.535696029663086,0.0077538262121379375,0.0006721593731491898,0.06
35,octanol_gsolv_eV,52,0.22259654104709625,0.029722075909376144,0.6441826881658892,0.9694258748193583,6.540717124938965,0.3844267725944519,0.058774407339629325,0.16
35,octanol_gsolv_eV,53,0.10745207965373993,0.0493847131729126,0.6483929806063837,0.9706726532366057,11.261568069458008,0.018503516912460327,0.001643067537161444,0.16
35,octanol_gsolv_eV,54,0.2802834212779999,0.05207660421729088,0.6320995800902083,0.9322126374588209,11.578189849853516,0.9864653944969177,0.08520031259544411,0.14
35,octanol_gsolv_eV,55,0.25479862093925476,0.04731178283691406,0.6494007837624787,0.9316822690007178,10.83510684967041,0.6113741397857666,0.056425298639705045,0.22
35,octanol_gsolv_eV,56,0.1552213877439499,0.046820539981126785,0.6464280739128265,0.9706417043242765,10.590888977050781,0.014663787558674812,0.0013845662616659966,0.18
35,octanol_gsolv_eV,57,0.251958966255188,0.04921560734510422,0.647532330316871,0.9240711754798854,11.277288436889648,0.8142203688621521,0.07220001274408475,0.22
35,octanol_gsolv_eV,58,0.14177767932415009,0.04464752972126007,0.6473851140305491,0.980285961362801,10.157395362854004,0.009409202262759209,0.0009263400632379668,0.14
35,octanol_gsolv_eV,59,0.09727499634027481,0.052536383271217346,0.6482955033077193,0.9690585740403741,11.99820613861084,0.010697868652641773,0.0008916223416278443,0.1
35,octanol_gsolv_eV,60,0.41673731803894043,0.03890350088477135,0.6496425788938669,0.9259543754663759,8.933856010437012,1.6698331832885742,0.18691068910644912,0.34
35,octanol_gsolv_eV,61,0.08241469413042068,0.04250125586986542,0.6468353865150205,0.9485967132301616,9.584847450256348,0.05839649587869644,0.006092584799264032,0.08
35,octanol_gsolv_eV,62,0.21302011609077454,0.05136633664369583,0.6477416462465293,0.8949611443084957,11.805315017700195,0.7498910427093506,0.0635214766895257,0.16
35,octanol_gsolv_eV,63,0.13602100312709808,0.05378066375851631,0.6441473531555626,0.9700704286702635,12.078039169311523,0.014982322230935097,0.0012404598147854097,0.1
35,octanol_gsolv_eV,64,0.1042320653796196,0.05278532952070236,0.6465744617621014,0.9661327745406754,11.964581489562988,0.010726489126682281,0.0008965202114289809,0.12
35,octanol_gsolv_eV,65,0.13433612883090973,0.04893781617283821,0.65001244689019,0.9769105195375649,11.176162719726562,0.0068420348688960075,0.0006121989309281823,0.14
35,octanol_gsolv_eV,66,0.2857338786125183,0.049705006182193756,0.6472018058002118,0.93141086427927,11.440905570983887,0.5253583788871765,0.045919300323531746,0.24
35,octanol_gsolv_eV,67,0.262957900762558,0.04655371978878975,0.6427743493923199,0.907657993578799,10.672746658325195,0.6913118958473206,0.06477356935180954,0.28
35,octanol_gsolv_eV,68,0.33199575543403625,0.04802835360169411,0.6474378338798832,0.8998738972096643,11.21725082397461,1.1084693670272827,0.09881827414059006,0.26
35,octanol_gsolv_eV,69,0.25612008571624756,0.04799347370862961,0.6470999097992525,0.9337956275623933,10.96454906463623,0.25641509890556335,0.023385831682998667,0.1
35,octanol_gsolv_eV,70,0.2905982732772827,0.0508577898144722,0.6494824253775604,0.9079695583820002,11.804463386535645,0.6755545139312744,0.057228735590117756,0.24
35,octanol_gsolv_eV,71,0.09389079362154007,0.04952365532517433,0.6488188620950828,0.9610097945716531,11.342178344726562,0.00500059500336647,0.00044088488572315997,0.08
35,octanol_gsolv_eV,72,0.2845197319984436,0.05267607048153877,0.6449212819896379,0.9273241174777858,12.05567455291748,0.8808367252349854,0.07306407628777789,0.28
35,octanol_gsolv_eV,73,0.229148268699646,0.02361995540559292,0.6504586509418113,0.9555969735581837,5.3936638832092285,0.1247747540473938,0.023133579835373955,0.14
35,octanol_gsolv_eV,74,0.06135818734765053,0.05120912194252014,0.6477641115798087,0.9703907079818501,11.65729808807373,0.007726406212896109,0.0006627956284999513,0.04
35,octanol_gsolv_eV,75,0.2793777585029602,0.04758160933852196,0.6454489024017651,0.9030321054581218,10.954743385314941,0.7843735814094543,0.07160127387930632,0.28
35,octanol_gsolv_eV,76,0.22576123476028442,0.052701082080602646,0.6439751261877811,0.9038823353244028,11.976282119750977,0.7136129140853882,0.05958551301229921,0.2
35,octanol_gsolv_eV,77,0.19000373780727386,0.04680342972278595,0.6451287567677948,0.9470203919317419,10.609885215759277,0.12823259830474854,0.01208614378921646,0.16
35,octanol_gsolv_eV,78,0.07388603687286377,0.025029605254530907,0.6427443973331073,0.9583238818880622,5.469723701477051,0.05840018764138222,0.01067699043474751,0.04
35,octanol_gsolv_eV,79,0.16773761808872223,0.04785965010523796,0.6493487329325083,0.9536258933092221,10.930335998535156,0.21715706586837769,0.01986737332662786,0.1
35,octanol_gsolv_eV,80,0.2812008857727051,0.048160575330257416,0.6437621537250715,0.9060881773478342,11.069164276123047,0.7666524648666382,0.06926019397149617,0.22
35,octanol_gsolv_eV,81,0.22804327309131622,0.05474267154932022,0.6420890935525061,0.9420809412364968,12.332862854003906,0.3400939702987671,0.02757623873100595,0.26
35,octanol_gsolv_eV,82,0.2854540944099426,0.047897063195705414,0.6477739106630702,0.9143444026700933,11.1189546585083,0.7835479378700256,0.07046956858219125,0.34
35,octanol_gsolv_eV,83,0.3392344117164612,0.048560671508312225,0.63365105145717,0.923747307204672,10.968108177185059,1.2101266384124756,0.11033139160039283,0.32
35,octanol_gsolv_eV,84,0.127403125166893,0.05829361081123352,0.6421202982790546,0.9683644445582991,12.980738639831543,0.06191178038716316,0.004769511358713145,0.06
35,octanol_gsolv_eV,85,0.07225469499826431,0.03157282620668411,0.6473521281637933,0.9606515547857817,7.11932897567749,0.018909161910414696,0.002656031484851458,0.02
35,octanol_gsolv_eV,86,0.2587001323699951,0.05137644708156586,0.6482583820125116,0.9217396744843156,11.847414016723633,0.6958902478218079,0.05873773355430135,0.28
35,octanol_gsolv_eV,87,0.37717530131340027,0.05028257519006729,0.6533162630689369,0.9199800468133001,11.785862922668457,2.2617578506469727,0.1919043064973035,0.3
35,octanol_gsolv_eV,88,0.353892982006073,0.04328513517975807,0.650774477538381,0.9144832130140357,10.114148139953613,1.3352651596069336,0.13201953749641812,0.26
35,octanol_gsolv_eV,89,0.08792544901371002,0.05423856899142265,0.6462902974373974,0.9583709082599781,12.282244682312012,0.0657772421836853,0.00535547401025261,0.06
35,octanol_gsolv_eV,90,0.1878943294286728,0.03168666362762451,0.6475304804410273,0.961378858945739,7.042236328125,0.06572604179382324,0.00933312072066216,0.14
35,octanol_gsolv_eV,91,0.25576063990592957,0.05219794064760208,0.6464490884609377,0.9351094530922137,11.862361907958984,0.28591248393058777,0.024102492079486837,0.24
35,octanol_gsolv_eV,92,0.264350563287735,0.04832742363214493,0.6483996100299156,0.9014832037780574,11.126352310180664,0.732063889503479,0.06579549785005794,0.22
35,octanol_gsolv_eV,93,0.09563621133565903,0.060730550438165665,0.6366545492100353,0.964836662321144,13.393111228942871,0.012476290576159954,0.0009315453566306802,0.06
35,octanol_gsolv_eV,94,0.12999027967453003,0.05185234546661377,0.643311130788689,0.9744600987237146,11.698620796203613,0.011936680413782597,0.0010203493746592965,0.12
35,octanol_gsolv_eV,95,0.287589430809021,0.05264740437269211,0.6472565487116713,0.9097958629426606,12.130863189697266,0.9353822469711304,0.07710764125718192,0.28
35,octanol_gsolv_eV,96,0.39510393142700195,0.04876233637332916,0.6498172451794466,0.8981660070116335,11.37350845336914,1.263543963432312,0.11109535537013789,0.34
35,octanol_gsolv_eV,97,0.13258527219295502,0.05060917139053345,0.6469332645113874,0.94215463858967,11.481069564819336,0.1181013286113739,0.010286613798880184,0.04
35,octanol_gsolv_eV,98,0.05611194297671318,0.0632660910487175,0.6431083509477868,0.9659734466448573,14.160735130310059,0.00798164214938879,0.0005636460307985456,0.04
35,octanol_gsolv_eV,99,0.336896687746048,0.04981938377022743,0.6494597471733452,0.9103402312550075,11.60136604309082,0.9452908635139465,0.0814809962898217,0.28
35,octanol_gsolv_eV,100,0.3726212978363037,0.044946737587451935,0.6471500399841303,0.9066739396921493,10.385655403137207,1.4985699653625488,0.14429228654263593,0.16
35,octanol_gsolv_eV,101,0.09690624475479126,0.052147842943668365,0.6490818332216806,0.9664232806307294,11.88615608215332,0.009883562102913857,0.0008315187882947041,0.06
35,octanol_gsolv_eV,102,0.16121293604373932,0.05607143044471741,0.6453628520201062,0.9537725193010673,12.656018257141113,0.18040777742862701,0.014254702684774698,0.1
35,octanol_gsolv_eV,103,0.3155202269554138,0.03697199001908302,0.6478002795105933,0.9079713355512649,8.51667308807373,0.8809021711349487,0.1034326622643899,0.32
35,octanol_gsolv_eV,104,0.2713320255279541,0.0493711419403553,0.6462604980399782,0.9156468681898233,11.355963706970215,0.5829154253005981,0.05133121594451808,0.2
35,octanol_gsolv_eV,105,0.1598542034626007,0.0499236062169075,0.6495702002512425,0.9683945628264039,11.39073371887207,0.008434728719294071,0.0007404903781851633,0.14
35,octanol_gsolv_eV,106,0.06467881053686142,0.04881763085722923,0.6435584553579252,0.9619376648492604,11.002081871032715,0.01196268480271101,0.0010873110146732735,0.04
35,octanol_gsolv_eV,107,0.08288750052452087,0.04732782766222954,0.6455747828102159,0.9639523659045546,10.746636390686035,0.014324826188385487,0.0013329590457532015,0.06
35,octanol_gsolv_eV,108,0.2035757601261139,0.04498013108968735,0.6492599628777109,0.9135150941388928,10.267548561096191,0.26633256673812866,0.025939255622054177,0.14
35,octanol_gsolv_eV,109,0.3150784969329834,0.04398314654827118,0.6488941347048738,0.893743676275675,10.17995834350586,0.7131567001342773,0.07005497233583713,0.24
35,octanol_gsolv_eV,110,0.14005810022354126,0.049618933349847794,0.6492392362056134,0.9731560850887608,11.313263893127441,0.009754232130944729,0.0008621943431258781,0.12
35,octanol_gsolv_eV,111,0.12177729606628418,0.045908741652965546,0.6492814251920056,0.9583175057287976,10.467615127563477,0.02751936949789524,0.0026290008910846213,0.14
35,octanol_gsolv_eV,112,0.22352810204029083,0.05073770880699158,0.6467042729642283,0.9256652183440757,11.668096542358398,0.33628061413764954,0.028820520375097896,0.2
35,octanol_gsolv_eV,113,0.09584862738847733,0.04345611855387688,0.6493556187581135,0.931410758322083,9.904608726501465,0.05792492628097534,0.005848280116910358,0.06
35,octanol_gsolv_eV,114,0.23051665723323822,0.052883658558130264,0.6464887990408963,0.9069932144638477,12.1495361328125,0.825870156288147,0.06797544756113796,0.16
35,octanol_gsolv_eV,115,0.31711283326148987,0.04682675749063492,0.6492956470432547,0.911106459296372,11.11386489868164,0.5859712958335876,0.052724349375805106,0.22
35,octanol_gsolv_eV,116,0.29301565885543823,0.04851720854640007,0.6470637417635217,0.9224718123316598,11.103477478027344,0.3342360854148865,0.030101928524311938,0.18
35,octanol_gsolv_eV,117,0.19462083280086517,0.027414673939347267,0.6431477264453138,0.9513665805153302,6.0333123207092285,0.23097378015518188,0.03828308031765053,0.12
35,octanol_gsolv_eV,118,0.327770859003067,0.05300702527165413,0.6493191887954142,0.9106331663824232,12.33620834350586,0.991442084312439,0.08036846141905207,0.22
35,octanol_gsolv_eV,119,0.07832536846399307,0.0294162817299366,0.6453502622615328,0.95656094831988,6.479033470153809,0.03349306806921959,0.00516945439833088,0.06
35,octanol_gsolv_eV,120,0.12828874588012695,0.05130256712436676,0.6467040115632967,0.9648452692195593,11.645261764526367,0.05882652848958969,0.005051541964370972,0.12
35,octanol_gsolv_eV,121,0.31167253851890564,0.04572198912501335,0.6514428851461709,0.9123233585287123,10.614561080932617,0.8029244542121887,0.07564367929018899,0.26
35,octanol_gsolv_eV,122,0.3339051306247711,0.04754383862018585,0.647516661788776,0.9120691014721594,11.004263877868652,0.8951750993728638,0.08134802194022311,0.28
35,octanol_gsolv_eV,123,0.3129047155380249,0.046293243765830994,0.648792400153549,0.9038957553073736,10.722227096557617,0.6572204828262329,0.06129514669925563,0.2
35,octanol_gsolv_eV,124,0.3032775819301605,0.04858079180121422,0.651041181663365,0.9145778927973987,11.247292518615723,0.9183090925216675,0.08164712449700648,0.34
35,octanol_gsolv_eV,125,0.3573663532733917,0.04755181074142456,0.6504788587180756,0.9350625425112342,11.080337524414062,1.0227012634277344,0.09229874642124818,0.3
35,octanol_gsolv_eV,126,0.31700313091278076,0.04784112796187401,0.6499632113427782,0.9121153584309916,10.98139476776123,1.789015531539917,0.1629133247073534,0.28
35,octanol_gsolv_eV,127,0.29428619146347046,0.04837017506361008,0.6472931466912983,0.9440143360243205,11.068572044372559,0.20772229135036469,0.018766855427929753,0.22
35,octanol_gsolv_eV,128,0.20204666256904602,0.049934111535549164,0.6476724383770953,0.9489063688786161,11.412885665893555,0.16608944535255432,0.014552800248310434,0.22
35,octanol_gsolv_eV,129,0.2626206874847412,0.047666020691394806,0.6484232928902658,0.915539203825348,11.02999210357666,0.6057888865470886,0.05492196919621106,0.24
35,octanol_gsolv_eV,130,0.11816670745611191,0.022730521857738495,0.6427267187927659,0.9738250616112971,4.956818103790283,0.054932136088609695,0.01108213675353656,0.1
35,octanol_gsolv_eV,131,0.40295523405075073,0.04183071851730347,0.6517194561317565,0.9088348099291468,9.833673477172852,1.1513079404830933,0.11707811360176365,0.22
35,octanol_gsolv_eV,132,0.28055310249328613,0.048853617161512375,0.6480992019853955,0.9096995935240269,11.243566513061523,0.5584598779678345,0.0496692821907602,0.26
35,octanol_gsolv_eV,133,0.3074846565723419,0.04762837290763855,0.648964335319896,0.9048253594388953,11.07275390625,0.6136884689331055,0.05542329163359351,0.24
35,octanol_gsolv_eV,134,0.20248417556285858,0.05076703801751137,0.6461730408059161,0.937675897981213,11.531731605529785,0.14191465079784393,0.012306447604953962,0.18
35,octanol_gsolv_eV,135,0.24170413613319397,0.08139239251613617,0.6306308129802858,0.9178342920910163,17.644515991210938,1.0096615552902222,0.057222400194664076,0.2
35,octanol_gsolv_eV,136,0.0771544948220253,0.04936380311846733,0.6466422125012317,0.972128262686552,11.192133903503418,0.0089639937505126,0.0008009190944102845,0.08
35,octanol_gsolv_eV,137,0.29341983795166016,0.047689154744148254,0.6472527355046838,0.9088494651669927,11.01065444946289,0.7886484861373901,0.07162594101532821,0.3
35,octanol_gsolv_eV,138,0.09710816293954849,0.03721687197685242,0.6487335220910522,0.9405983819921822,8.448057174682617,0.11745117604732513,0.0139027439822858,0.02
35,octanol_gsolv_eV,139,0.09527533501386642,0.04923950880765915,0.6464185819834258,0.9513196896588969,11.137889862060547,0.03033437393605709,0.002723529709104623,0.1
35,octanol_gsolv_eV,140,0.16077937185764313,0.05201724171638489,0.6459737055763863,0.9583238920416641,11.762435913085938,0.03153083845973015,0.0026806384912713087,0.1
35,octanol_gsolv_eV,141,0.2500270903110504,0.04944542795419693,0.6366232425381724,0.9169578056082157,11.088055610656738,0.6520854234695435,0.05880971798543504,0.3
35,octanol_gsolv_eV,142,0.25657957792282104,0.04949638620018959,0.6482644783224722,0.933052872807578,11.400925636291504,0.4037768840789795,0.03541614926367682,0.2
35,octanol_gsolv_eV,143,0.12349792569875717,0.04915226995944977,0.6485484576113865,0.9744798366155298,11.168614387512207,0.008738544769585133,0.0007824197762039156,0.1
35,octanol_gsolv_eV,144,0.21643739938735962,0.043576400727033615,0.6482626899018735,0.9326729440940265,9.939119338989258,0.17170602083206177,0.017275778162607627,0.26
35,octanol_gsolv_eV,145,0.3832648992538452,0.04125383496284485,0.6499387663261562,0.9209214244912134,9.813697814941406,0.8610736131668091,0.08774201421362496,0.36
35,octanol_gsolv_eV,146,0.227951779961586,0.0462736114859581,0.6476971801224991,0.9345487902591019,10.616283416748047,0.3869611918926239,0.036449779711246334,0.2
35,octanol_gsolv_eV,147,0.1341179758310318,0.04703503102064133,0.6478136244001502,0.969417942410062,10.706117630004883,0.016934223473072052,0.0015817333657545782,0.18
35,octanol_gsolv_eV,148,0.30106982588768005,0.054524391889572144,0.6435154472815485,0.9057420612722102,12.497323989868164,1.0040485858917236,0.08034108635622525,0.28
35,octanol_gsolv_eV,149,0.1787729412317276,0.04669319838285446,0.6479681656149978,0.950773459358438,10.697698593139648,0.13133758306503296,0.012277181107837412,0.18
35,octanol_gsolv_eV,150,0.2354547530412674,0.04641195014119148,0.6487699091639001,0.9029444730390135,10.728729248046875,0.7013800144195557,0.06537400639010806,0.22
35,octanol_gsolv_eV,151,0.143680140376091,0.07149370014667511,0.636007860453282,0.9525783418677336,15.586905479431152,0.04442489147186279,0.0028501418405652698,0.08
35,octanol_gsolv_eV,152,0.2799156606197357,0.048541512340307236,0.646832815819913,0.9258157103008435,11.123115539550781,0.4027341306209564,0.03620695381513778,0.24
35,octanol_gsolv_eV,153,0.22845424711704254,0.04476848244667053,0.6491253869494329,0.9342086187094922,10.281250953674316,0.3159002959728241,0.0307258618038039,0.2
35,octanol_gsolv_eV,154,0.36374393105506897,0.04384371638298035,0.6480850472678612,0.9107684107020741,10.203324317932129,0.985612154006958,0.09659716022892316,0.22
35,octanol_gsolv_eV,155,0.20013856887817383,0.04523446410894394,0.6482221907495482,0.9304014366001236,10.355559349060059,0.4538961946964264,0.043831161542966304,0.16
35,octanol_gsolv_eV,156,0.35252052545547485,0.05464791879057884,0.6444623660193907,0.9152117984456472,12.555025100708008,0.9612034559249878,0.07655926198592651,0.12
35,octanol_gsolv_eV,157,0.4118071496486664,0.04977371543645859,0.6497602195642893,0.9213348569666289,11.77196216583252,1.417332649230957,0.12039901498704167,0.34
35,octanol_gsolv_eV,158,0.14696964621543884,0.053478091955184937,0.6494995978128766,0.969768021824581,12.219581604003906,0.025410931557416916,0.0020795255010278495,0.16
35,octanol_gsolv_eV,159,0.45553287863731384,0.030362078920006752,0.6514571521834449,0.9212056636086146,6.95387077331543,1.081226110458374,0.15548550522500906,0.42
35,octanol_gsolv_eV,160,0.2511799931526184,0.04868320748209953,0.6475301512283957,0.9175275846291084,11.243014335632324,0.5541300773620605,0.04928661129656876,0.18
35,octanol_gsolv_eV,161,0.25451433658599854,0.05211076885461807,0.6477105431747741,0.9276632301774008,11.974345207214355,0.3580891788005829,0.029904698136215394,0.22
35,octanol_gsolv_eV,162,0.28827160596847534,0.05206752568483353,0.6457679181764604,0.9071382873834304,11.987239837646484,0.7566566467285156,0.06312184097228123,0.18
35,octanol_gsolv_eV,163,0.3862178921699524,0.05126643925905228,0.6512687027371595,0.924024972239017,11.898050308227539,2.259037733078003,0.18986621123259761,0.28
35,octanol_gsolv_eV,164,0.3073626458644867,0.056494034826755524,0.6478263534857531,0.9264440654062378,13.060200691223145,0.9824491143226624,0.07522465676832196,0.34
35,octanol_gsolv_eV,165,0.22274257242679596,0.05137766897678375,0.6500931483264063,0.9417582111396379,11.884573936462402,0.15563476085662842,0.013095527167291546,0.16
35,octanol_gsolv_eV,166,0.054929353296756744,0.04723500832915306,0.6462184330764376,0.9639001497972439,10.78365421295166,0.010490519925951958,0.0009728167946402033,0.06
35,octanol_gsolv_eV,167,0.4221840500831604,0.04111122339963913,0.6469592336881469,0.9128437697973786,9.354105949401855,2.1353704929351807,0.2282816235443352,0.34
35,octanol_gsolv_eV,168,0.18703514337539673,0.040820930153131485,0.6489375713918324,0.9495754986330207,9.309024810791016,0.09361054748296738,0.010055891931285229,0.16
35,octanol_gsolv_eV,169,0.21839439868927002,0.04784082621335983,0.6506444958704911,0.9432864615655812,11.054165840148926,0.1666799932718277,0.015078477714387369,0.22
35,octanol_gsolv_eV,170,0.11137966066598892,0.052138928323984146,0.6479011088820485,0.9640733038854403,11.894527435302734,0.006002551410347223,0.000504648162190266,0.08
35,octanol_gsolv_eV,171,0.2960820496082306,0.048677388578653336,0.6493608719794777,0.9234571541157499,11.21216106414795,1.6607781648635864,0.148122931463596,0.32
35,octanol_gsolv_eV,172,0.09173441678285599,0.052544545382261276,0.6418430072856056,0.9602012512782854,11.805190086364746,0.007523201406002045,0.0006372791417133984,0.08
35,octanol_gsolv_eV,173,0.2994381785392761,0.04573453962802887,0.6484462999265381,0.9208795113328958,10.574291229248047,0.5028805732727051,0.04755690593065552,0.3
35,octanol_gsolv_eV,174,0.0956341102719307,0.039579007774591446,0.6487192817568996,0.958762059801237,9.00492000579834,0.04748793691396713,0.005273554554997632,0.02
35,octanol_gsolv_eV,175,0.10215279459953308,0.04958834499120712,0.6450492779388368,0.9593741790321291,11.148117065429688,0.025016644969582558,0.0022440242439827956,0.12
35,octanol_gsolv_eV,176,0.4481440782546997,0.05069778487086296,0.6498253771555609,0.9144235167762897,11.842206954956055,1.6895605325698853,0.14267277535314404,0.34
35,octanol_gsolv_eV,177,0.11896000802516937,0.07304096966981888,0.648237670429721,0.9650713995667011,16.67796516418457,0.10831961780786514,0.0064947741970632165,0.06
35,octanol_gsolv_eV,178,0.1565951257944107,0.05238692834973335,0.6432535889430173,0.9777731036143289,11.883350372314453,0.014008820988237858,0.0011788612259447703,0.18
35,octanol_gsolv_eV,179,0.36348429322242737,0.046372104436159134,0.648917253386734,0.917841963143647,10.787542343139648,0.8743139505386353,0.08104848377208515,0.26
35,octanol_gsolv_eV,180,0.23358529806137085,0.04770360887050629,0.6480656938133988,0.9404778480481706,10.960477828979492,0.8423027396202087,0.07684908931553706,0.18
35,octanol_gsolv_eV,181,0.09442729502916336,0.04875790327787399,0.6487060365028785,0.9701919906707308,11.082416534423828,0.010339513421058655,0.0009329656026681913,0.1
35,octanol_gsolv_eV,182,0.29266566038131714,0.07397528737783432,0.6272523049849887,0.9343098145583524,16.0726261138916,0.9867264032363892,0.06139173500611451,0.18
35,octanol_gsolv_eV,183,0.1211618110537529,0.0440778024494648,0.6478801610315827,0.9692039399841881,10.0194091796875,0.009281815029680729,0.0009263834686478214,0.14
35,octanol_gsolv_eV,184,0.23840643465518951,0.04904865846037865,0.6480258112375423,0.9518707824097461,11.269169807434082,0.14327140152454376,0.012713571982031012,0.18
35,octanol_gsolv_eV,185,0.11614547669887543,0.049041979014873505,0.6484935607232578,0.9637895773040135,11.166455268859863,0.014558995142579079,0.001303815292502005,0.1
35,octanol_gsolv_eV,186,0.24949118494987488,0.05167776718735695,0.6447378084523754,0.9316371184825372,11.784891128540039,0.5017752051353455,0.042577839681537,0.16
35,octanol_gsolv_eV,187,0.1325172632932663,0.048742156475782394,0.6500826582441142,0.975331267550815,11.198341369628906,0.013279621489346027,0.0011858561059195582,0.14
35,octanol_gsolv_eV,188,0.08086653053760529,0.052435293793678284,0.6438413902349422,0.9570267660235399,11.814071655273438,0.023403367027640343,0.0019809738513981165,0.06
35,octanol_gsolv_eV,189,0.36040496826171875,0.0540425106883049,0.647235919183681,0.9067322174081274,12.378527641296387,1.8653758764266968,0.150694487299407,0.34
35,octanol_gsolv_eV,190,0.1268216222524643,0.05030450597405434,0.6467748903260786,0.9633702125997539,11.439309120178223,0.009162630885839462,0.0008009776455535376,0.16
35,octanol_gsolv_eV,191,0.34991294145584106,0.05511509254574776,0.646555468772603,0.9006418326344818,12.710709571838379,1.740370273590088,0.13692156710479966,0.28
35,octanol_gsolv_eV,192,0.12584848701953888,0.049324799329042435,0.6448988903558792,0.9647138110906917,11.112072944641113,0.022400017827749252,0.002015827104388461,0.12
35,octanol_gsolv_eV,193,0.2671317458152771,0.04747549444437027,0.6504254923086648,0.9303104796516539,11.00101375579834,1.0963101387023926,0.09965537386266396,0.14
35,octanol_gsolv_eV,194,0.4062286615371704,0.04376852884888649,0.6460985210736545,0.9105931345563285,10.09826374053955,1.4760857820510864,0.14617223514625882,0.32
35,octanol_gsolv_eV,195,0.1249762549996376,0.052253980189561844,0.6464213283042766,0.9681282118165917,11.827676773071289,0.009638232178986073,0.0008148880261024681,0.12
35,octanol_gsolv_eV,196,0.24481315910816193,0.05201980099081993,0.6465619123311952,0.9168131938582011,11.948946952819824,0.6559888124465942,0.05489929907938773,0.26
35,octanol_gsolv_eV,197,0.22564703226089478,0.05633429065346718,0.6285804134208826,0.911854807252076,12.10750675201416,0.8058741092681885,0.06655987279413461,0.26
35,octanol_gsolv_eV,198,0.13963015377521515,0.04793706163764,0.6447546673323592,0.9695833217957004,10.811062812805176,0.02208232507109642,0.002042567456452199,0.1
35,octanol_gsolv_eV,199,0.26354891061782837,0.04287058860063553,0.6497653070072327,0.944892470000755,9.848718643188477,0.9049760103225708,0.0918876904812857,0.28
35,octanol_gsolv_eV,200,0.11792069673538208,0.05036260560154915,0.6456360794446512,0.9540271047367481,11.382254600524902,0.017106452956795692,0.00150290549255565,0.12
35,octanol_gsolv_eV,201,0.26201173663139343,0.043004244565963745,0.6484828647628602,0.9208010662237618,9.925712585449219,0.44175341725349426,0.04450596503278675,0.2
35,octanol_gsolv_eV,202,0.17982986569404602,0.03302667662501335,0.6473360129883303,0.9794860639269376,7.479141712188721,0.08984815329313278,0.01201316364238796,0.12
35,octanol_gsolv_eV,203,0.12013759464025497,0.04815705493092537,0.6483068822700631,0.9790448352397929,10.933085441589355,0.009438305161893368,0.0008632791916168644,0.12
35,octanol_gsolv_eV,204,0.30774378776550293,0.04423635080456734,0.6483132190712786,0.92063260508501,10.227489471435547,0.8002570271492004,0.07824569552325093,0.18
35,octanol_gsolv_eV,205,0.29662594199180603,0.04934833571314812,0.6447871398713445,0.9171458377356008,11.271210670471191,0.6150420308113098,0.054567521519460524,0.2
35,octanol_gsolv_eV,206,0.19889114797115326,0.05232798680663109,0.6395259236112327,0.9546062431896782,11.785598754882812,0.08720136433839798,0.0073989761701559855,0.28
35,octanol_gsolv_eV,207,0.159785658121109,0.051195140928030014,0.6482436516943788,0.9715164913774608,11.668314933776855,0.017047632485628128,0.0014610192287730847,0.1
35,octanol_gsolv_eV,208,0.13812869787216187,0.027873627841472626,0.64790179919923,0.9464337749190037,6.289100170135498,0.15970167517662048,0.025393406187896626,0.1
35,octanol_gsolv_eV,209,0.14488722383975983,0.05013752728700638,0.6468461375705397,0.9711624569712805,11.401267051696777,0.007917648181319237,0.0006944533572819789,0.24
35,octanol_gsolv_eV,210,0.2677246034145355,0.04810967296361923,0.6453144699451496,0.9074586033773047,11.083120346069336,0.8369916677474976,0.07551949646060997,0.24
35,octanol_gsolv_eV,211,0.31926020979881287,0.04808196425437927,0.6511434508341432,0.9150087524352166,11.236860275268555,0.8039503693580627,0.07154581881982587,0.26
35,octanol_gsolv_eV,212,0.25852543115615845,0.04760979488492012,0.6470557196418381,0.9025398257046988,10.89022159576416,0.6652768850326538,0.06108937997105758,0.28
35,octanol_gsolv_eV,213,0.2872941792011261,0.045898113399744034,0.6475636440760768,0.9073239619032174,10.63917064666748,1.0536309480667114,0.09903318435791247,0.22
35,octanol_gsolv_eV,214,0.12102876603603363,0.04945971816778183,0.6478357887440187,0.962760031274889,11.254417419433594,0.0079666618257761,0.0007078697660546734,0.08
35,octanol_gsolv_eV,215,0.3579382300376892,0.03880215808749199,0.6489470362714429,0.9211806882770426,8.91015625,1.1291897296905518,0.12673063165312637,0.28
35,octanol_gsolv_eV,216,0.26090207695961,0.050605032593011856,0.631925596225076,0.9033666996635703,11.389030456542969,1.2896199226379395,0.1132335125065063,0.2
35,octanol_gsolv_eV,217,0.3150772750377655,0.051410973072052,0.6428576689827332,0.9274190067384107,11.699875831604004,1.5205000638961792,0.12995864962848286,0.36
35,octanol_gsolv_eV,218,0.1439189314842224,0.0529010184109211,0.6431834683688837,0.9623738680865017,11.89395523071289,0.010067619383335114,0.0008464484007252891,0.1
35,octanol_gsolv_eV,219,0.19970449805259705,0.04676372557878494,0.6465896812677927,0.9402645185876666,10.63023567199707,0.6365525126457214,0.059881317055140534,0.12
35,octanol_gsolv_eV,220,0.275373637676239,0.04690470173954964,0.6438581042888314,0.9202326418234341,10.647299766540527,0.6630762815475464,0.06227647348027942,0.28
35,octanol_gsolv_eV,221,0.48034167289733887,0.02921755425632,0.6542005249765448,0.92182213192824,6.84237003326416,1.2192455530166626,0.1781905315101791,0.44
35,octanol_gsolv_eV,222,0.17662198841571808,0.04948587343096733,0.6477374546478771,0.9351144899929278,11.323053359985352,0.2730923295021057,0.0241182586374793,0.12
35,octanol_gsolv_eV,223,0.3039543032646179,0.04044363647699356,0.6466970120846101,0.9534744692621513,9.081937789916992,0.4118795096874237,0.0453515008817505,0.28
35,octanol_gsolv_eV,224,0.10992693901062012,0.04140406474471092,0.6480788332764795,0.9464641766499604,9.413320541381836,0.06163551285862923,0.006547690858679863,0.06
35,octanol_gsolv_eV,225,0.27797815203666687,0.05320316180586815,0.6446911495139149,0.9263686242320532,12.21274471282959,0.62647944688797,0.051297186801083965,0.16
35,octanol_gsolv_eV,226,0.25705862045288086,0.04821121320128441,0.6487651529362053,0.9251392287605025,11.102113723754883,1.041172981262207,0.09378150928452825,0.24
35,octanol_gsolv_eV,227,0.2481304407119751,0.0501972958445549,0.6355636923393404,0.9176004246757041,11.286043167114258,0.5511298775672913,0.04883286989130047,0.32
35,octanol_gsolv_eV,228,0.2893892228603363,0.05772670358419418,0.6293344711035502,0.9353265719682795,12.65883731842041,0.4867783486843109,0.03845363807432608,0.16
35,octanol_gsolv_eV,229,0.3692272901535034,0.05299285799264908,0.6440723015261518,0.9187543358602985,12.07568359375,2.2178544998168945,0.18366285292244552,0.24
35,octanol_gsolv_eV,230,0.1403253972530365,0.0504392571747303,0.6437978541855873,0.9414812806576658,11.383267402648926,0.08673083037137985,0.007619150750266772,0.14
35,octanol_gsolv_eV,231,0.347900927066803,0.03267044574022293,0.6494805817348888,0.9342277266473105,7.305453777313232,0.9399234056472778,0.12866050957247432,0.34
35,octanol_gsolv_eV,232,0.20462577044963837,0.042143564671278,0.6484783262729854,0.934107517420667,9.64824390411377,0.28480270504951477,0.02951860544571039,0.1
35,octanol_gsolv_eV,233,0.3150120973587036,0.05018255114555359,0.6509947761337054,0.9323261214612386,11.647533416748047,0.5180933475494385,0.04448094965793096,0.32
35,octanol_gsolv_eV,234,0.24798384308815002,0.047674138098955154,0.6492326251427338,0.9360861516509744,10.960795402526855,0.37245967984199524,0.033981081314238375,0.28
35,octanol_gsolv_eV,235,0.07021709531545639,0.04870011284947395,0.6471928894138246,0.9618507868364139,11.062763214111328,0.009340226650238037,0.0008442941848672965,0.04
35,octanol_gsolv_eV,236,0.4051181375980377,0.06053737550973892,0.6386745909241798,0.918132177439053,13.64419174194336,1.7304068803787231,0.12682370001143498,0.24
35,octanol_gsolv_eV,237,0.2997475564479828,0.049674440175294876,0.6463902389879046,0.9085919253228629,11.470526695251465,0.8393170237541199,0.07317162027978871,0.26
35,octanol_gsolv_eV,238,0.08454594016075134,0.0481012724339962,0.6474545380614716,0.9650802024429981,10.896364212036133,0.013358640484511852,0.0012259722807132205,0.08
35,octanol_gsolv_eV,239,0.2507261633872986,0.054283127188682556,0.6408529924866209,0.9387112340773036,12.272157669067383,0.4463587701320648,0.036371661949645216,0.26
35,octanol_gsolv_eV,240,0.37410369515419006,0.04900721088051796,0.6493995238374723,0.9121486983874054,11.444849014282227,1.8445580005645752,0.16116927346640564,0.34
35,octanol_gsolv_eV,241,0.2710186243057251,0.0503690205514431,0.6452135041385327,0.9073072451169293,11.503275871276855,0.8425893783569336,0.07324777635393759,0.16
35,octanol_gsolv_eV,242,0.2789839506149292,0.04919254407286644,0.6446553808142732,0.9038098104380052,11.209563255310059,0.9968060851097107,0.08892461395741853,0.24
35,octanol_gsolv_eV,243,0.24380594491958618,0.05254889279603958,0.6435262727898978,0.9229735537661621,11.993340492248535,0.6100505590438843,0.05086577500556818,0.18
35,octanol_gsolv_eV,244,0.18061253428459167,0.046133097261190414,0.6490828809689368,0.9546941658313839,10.525908470153809,0.038167595863342285,0.0036260619186995993,0.16
35,octanol_gsolv_eV,245,0.0787414088845253,0.0490773506462574,0.6482792931811687,0.9521528769480252,11.162175178527832,0.007090630009770393,0.0006352372988564375,0.08
35,octanol_gsolv_eV,246,0.2493809163570404,0.04651036858558655,0.6489965344130759,0.9295183711767394,10.683497428894043,0.2657351493835449,0.024873422879744526,0.24
35,octanol_gsolv_eV,247,0.31405311822891235,0.047640230506658554,0.6490423917914045,0.9250854305495724,11.001704216003418,1.020957589149475,0.09279994890831174,0.28
35,octanol_gsolv_eV,248,0.3579574525356293,0.040257226675748825,0.6466692227561655,0.9104492819655461,9.207590103149414,0.8699243664741516,0.09447905008028083,0.22
35,octanol_gsolv_eV,249,0.24551741778850555,0.04888620972633362,0.649160246767196,0.9277405763450841,11.259821891784668,0.21544280648231506,0.019133766817351287,0.2
35,octanol_hl_gap_eV,0,0.1448032557964325,0.002480902476236224,0.6053773669996725,0.9310888741261867,0.4756034314632416,0.03424665331840515,0.07200674144221772,0.16
35,octanol_hl_gap_eV,1,0.04043686389923096,0.002276016864925623,0.6372954943649058,0.9715793608542278,0.4581713378429413,0.00075485062552616,0.0016475291297792156,0.04
35,octanol_hl_gap_eV,2,0.07861458510160446,0.001838923548348248,0.6029092580886339,0.972287823149913,0.3885914981365204,0.0012807634193450212,0.003295912096602438,0.12
35,octanol_hl_gap_eV,3,0.05879897624254227,0.0008881535613909364,0.6733441733264116,0.9702423687178732,0.2570737898349762,0.0008823370444588363,0.0034322326092645866,0.02
35,octanol_hl_gap_eV,4,0.054127756506204605,0.0013389214873313904,0.6481364772979259,0.9807801384730321,0.2852538228034973,0.0005979564739391208,0.0020962259788926117,0.16
35,octanol_hl_gap_eV,5,0.045851703733205795,0.002112171147018671,0.6212687215465653,0.9672075300168173,0.4206867218017578,0.0022187759168446064,0.0052741762500651745,0.04
35,octanol_hl_gap_eV,6,0.010124257765710354,0.0014278459129855037,0.6081441327784545,0.9691481251966108,0.31463977694511414,0.0011974049266427755,0.0038056374761912294,0.14
35,octanol_hl_gap_eV,7,0.04969567060470581,0.00256407936103642,0.5780184967325395,0.9864651346930013,0.5430835485458374,0.0021847698371857405,0.004022898213425335,0.1
35,octanol_hl_gap_eV,8,0.299621045589447,0.0021756147034466267,0.5958197285494238,0.9194014896499534,0.5413746237754822,0.07069855183362961,0.13059081221906252,0.22
35,octanol_hl_gap_eV,9,0.03411766141653061,0.0017833851743489504,0.6119958180784211,0.9742219994304113,0.324446439743042,0.001226344145834446,0.0037798046013563812,0.0
35,octanol_hl_gap_eV,10,0.10828027129173279,0.001109820674173534,0.6452352101730237,0.9655873662525623,0.2815217673778534,0.001219803700223565,0.004332893017776372,0.14
35,octanol_hl_gap_eV,11,0.3563041687011719,0.0010309080826118588,0.6552008978615631,0.918516420740678,0.2807982265949249,0.0521770715713501,0.18581695548462246,0.4
35,octanol_hl_gap_eV,12,0.2576085329055786,0.001532181864604354,0.628731321891749,0.8969160726888232,0.4041663706302643,0.06927448511123657,0.17140091344860953,0.24
35,octanol_hl_gap_eV,13,0.04963463172316551,0.0016734706005081534,0.6105832485800968,0.9579965128668149,0.38361477851867676,0.0011000297963619232,0.002867537587080647,0.02
35,octanol_hl_gap_eV,14,0.08447308838367462,0.0011131601640954614,0.6425389676266433,0.9649090681585806,0.3154366910457611,0.0017249337397515774,0.005468399170790621,0.12
35,octanol_hl_gap_eV,15,0.10252729058265686,0.0011857133358716965,0.6249355228943587,0.9702557073733982,0.3172198235988617,0.0038696378469467163,0.012198600336655008,0.04
35,octanol_hl_gap_eV,16,0.06389028578996658,0.002668284345418215,0.6177157697769395,0.9838414240842914,0.6771052479743958,0.0010875826701521873,0.0016062239561807584,0.06
35,octanol_hl_gap_eV,17,0.021689027547836304,0.0014293297426775098,0.6194376550071115,0.960933602968598,0.3498394191265106,0.0012607279932126403,0.0036037333824772036,0.04
35,octanol_hl_gap_eV,18,0.011989986523985863,0.002993926638737321,0.6228721946067601,0.9696213733816152,0.5874069333076477,0.0010252995416522026,0.0017454672110845065,0.1
35,octanol_hl_gap_eV,19,0.1167834922671318,0.0018055661348626018,0.5989143567238102,0.9791439888596292,0.2938668429851532,0.0037284449208527803,0.012687531818760341,0.16
35,octanol_hl_gap_eV,20,0.05616167187690735,0.0014039933448657393,0.6133172889725911,0.9828118539681707,0.29504647850990295,0.0030282223597168922,0.010263543476304371,0.04
35,octanol_hl_gap_eV,21,0.3531247675418854,0.0013244191650301218,0.6338082568218888,0.9081642737444315,0.3626634478569031,0.06210581585764885,0.1712491739232405,0.38
35,octanol_hl_gap_eV,22,0.02542239800095558,0.0018324899720028043,0.5897050390967067,0.9699443162074428,0.4353725016117096,0.0014705279609188437,0.0033776316957894272,0.08
35,octanol_hl_gap_eV,23,0.05315283313393593,0.001629762351512909,0.6175099395991226,0.9748519898376362,0.2880402207374573,0.001764281652867794,0.006125122555283348,0.06
35,octanol_hl_gap_eV,24,0.13705874979496002,0.0018602836644276977,0.6237591423661824,0.9788148593231409,0.23655670881271362,0.0038072566967457533,0.01609447779289164,0.12
35,octanol_hl_gap_eV,25,0.1844676434993744,0.0013494830345734954,0.6450942005699876,0.9368320701842072,0.31890353560447693,0.015413245186209679,0.04833199844270808,0.22
35,octanol_hl_gap_eV,26,0.052778519690036774,0.0013240596745163202,0.5874407695074073,0.9707411587179027,0.34885087609291077,0.0022097693290561438,0.006334423905725286,0.12
35,octanol_hl_gap_eV,27,0.05148335173726082,0.0009075660491362214,0.662883204109262,0.96878689951553,0.32746368646621704,0.0007700765272602439,0.002351639461371816,0.1
35,octanol_hl_gap_eV,28,0.03703228384256363,0.0014356507454067469,0.6206643787572887,0.9662290010977945,0.27484434843063354,0.0010702564613893628,0.003894045729885106,0.0
35,octanol_hl_gap_eV,29,0.04506563022732735,0.002577117644250393,0.6339451101109697,0.9802647676564429,0.475959450006485,0.002953652758151293,0.006205681509445918,0.08
35,octanol_hl_gap_eV,30,0.07158953696489334,0.0010489982087165117,0.6033583866400389,0.9703076038110732,0.32797953486442566,0.0014461776008829474,0.00440935316735766,0.12
35,octanol_hl_gap_eV,31,0.0720774307847023,0.002365031512454152,0.6098918718284843,0.9779381464814609,0.601545512676239,0.0008963664877228439,0.0014901058504035122,0.16
35,octanol_hl_gap_eV,32,0.16465134918689728,0.001007820013910532,0.6324931808164986,0.913178177407735,0.23584425449371338,0.020702948793768883,0.08778229021610844,0.08
35,octanol_hl_gap_eV,33,0.019896158948540688,0.0011541835265234113,0.6231409958089833,0.9689845878091323,0.3132844865322113,0.0007861292106099427,0.002509314199728541,0.22
35,octanol_hl_gap_eV,34,0.060909587889909744,0.0007707385229878128,0.6757250499034724,0.9500581944003696,0.3064967691898346,0.004879388492554426,0.015919869254909777,0.08
35,octanol_hl_gap_eV,35,0.030186444520950317,0.0015952597605064511,0.6058890766869198,0.963607330918637,0.24814584851264954,0.000758693611714989,0.003057450351325598,0.0
35,octanol_hl_gap_eV,36,0.07676319777965546,0.0016904007643461227,0.6173101354203365,0.9761985915482543,0.2722528278827667,0.004294093698263168,0.015772448468789547,0.04
35,octanol_hl_gap_eV,37,0.10978804528713226,0.0011869845911860466,0.6567430298450114,0.9691107781395374,0.33660054206848145,0.0012605058727785945,0.0037448123673019646,0.28
35,octanol_hl_gap_eV,38,0.21222935616970062,0.004323472734540701,0.6099083352983181,0.9343822399529027,0.8127098083496094,0.14856337010860443,0.18280002109276358,0.18
35,octanol_hl_gap_eV,39,0.08758142590522766,0.0009047804051078856,0.6402115713114274,0.9791393831689479,0.2551129162311554,0.001642568618990481,0.00643859449868922,0.26
35,octanol_hl_gap_eV,40,0.3590294420719147,0.002086210297420621,0.6242341914740797,0.9037933233470357,0.4252282381057739,0.0769423246383667,0.18094359156653086,0.28
35,octanol_hl_gap_eV,41,0.06538164615631104,0.002589199226349592,0.6317487499133787,0.9735417386435854,0.4992791414260864,0.002362546743825078,0.004731915571471617,0.06
35,octanol_hl_gap_eV,42,0.12975963950157166,0.0014876342611387372,0.615036773203548,0.9728551605999696,0.435526579618454,0.0009314343333244324,0.002138639469812432,0.26
35,octanol_hl_gap_eV,43,0.10992158204317093,0.0015314932679757476,0.6024577220522298,0.9460252478118105,0.3333463966846466,0.009034357964992523,0.027102011765674595,0.02
35,octanol_hl_gap_eV,44,0.1667938381433487,0.004843449220061302,0.617891219548284,0.9069532414616388,1.0682214498519897,0.1299414038658142,0.12164275851586634,0.1
35,octanol_hl_gap_eV,45,0.009561905637383461,0.004430432803928852,0.6110957710547082,0.9734534357927593,0.9543577432632446,0.004228364210575819,0.0044305861616606495,0.02
35,octanol_hl_gap_eV,46,0.019984107464551926,0.0015492592938244343,0.6160949657196031,0.9752786762824832,0.3600737750530243,0.0005451217875815928,0.001513916939664152,0.24
35,octanol_hl_gap_eV,47,0.05223069712519646,0.0013105212710797787,0.6380084593681914,0.9778690770489973,0.35014602541923523,0.0012128431117162108,0.003463820873774178,0.22
35,octanol_hl_gap_eV,48,0.11042141169309616,0.003842968260869384,0.633076110852373,0.8976913053220075,0.7743808627128601,0.10656068474054337,0.13760759062050323,0.04
35,octanol_hl_gap_eV,49,0.05687559023499489,0.0015748930163681507,0.6245374055092294,0.9744809053536789,0.3253520727157593,0.0010814149864017963,0.003323830020122737,0.02
35,octanol_hl_gap_eV,50,0.03360199183225632,0.002482077805325389,0.5931625041728854,0.9702281397022157,0.48378556966781616,0.0013364767655730247,0.0027625395410009763,0.06
35,octanol_hl_gap_eV,51,0.06591911613941193,0.0017532814526930451,0.6194660359163053,0.9815319843667722,0.4613644480705261,0.0014483457198366523,0.0031392659878622725,0.1
35,octanol_hl_gap_eV,52,0.06013434752821922,0.003296291222795844,0.5836797701648293,0.9822290398546754,0.7096741795539856,0.00241223000921309,0.0033990668939500135,0.08
35,octanol_hl_gap_eV,53,0.12027152627706528,0.002451968379318714,0.6331613038547821,0.9842333310437545,0.35244500637054443,0.009374627843499184,0.02659883861042177,0.1
35,octanol_hl_gap_eV,54,0.06303396821022034,0.0011244217166677117,0.6393416891172812,0.9693883512663704,0.2526821792125702,0.0003223347302991897,0.0012756528034690723,0.22
35,octanol_hl_gap_eV,55,0.09384199231863022,0.0014068828895688057,0.6414384311899848,0.9799756208540498,0.38965269923210144,0.0014963411958888173,0.0038401920449613086,0.06
35,octanol_hl_gap_eV,56,0.07980368286371231,0.004709669854491949,0.6183164817576987,0.9414509346738267,1.0288671255111694,0.04142896085977554,0.0402665804286365,0.06
35,octanol_hl_gap_eV,57,0.1788744181394577,0.0027644424699246883,0.6338257523369188,0.9228467043355442,0.5161905884742737,0.04913489893078804,0.09518751412345222,0.08
35,octanol_hl_gap_eV,58,0.02222551591694355,0.0011405275436118245,0.6097691889406767,0.9725002998898533,0.3594546914100647,0.000729223305825144,0.002028693249111746,0.08
35,octanol_hl_gap_eV,59,0.06799368560314178,0.0010555068729445338,0.6335015625268088,0.9738556575526729,0.28026291728019714,0.002186607336625457,0.007801985927518775,0.22
35,octanol_hl_gap_eV,60,0.10664458572864532,0.0037408731877803802,0.6393452978132843,0.974344894538838,0.7578248381614685,0.0011250264942646027,0.0014845468736469352,0.04
35,octanol_hl_gap_eV,61,0.043139178305864334,0.0015391771448776126,0.6193102347368487,0.9639093381462907,0.410571813583374,0.002185709308832884,0.005323573700192734,0.12
35,octanol_hl_gap_eV,62,0.07198017835617065,0.002123297657817602,0.6454674180579323,0.9745948621552183,0.5475962162017822,0.001779015059582889,0.0032487716440453723,0.2
35,octanol_hl_gap_eV,63,0.026345722377300262,0.001041603391058743,0.619070836986223,0.9764729012078806,0.3332148790359497,0.0009076133137568831,0.002723807881517089,0.12
35,octanol_hl_gap_eV,64,0.058681175112724304,0.0014377569314092398,0.5760648833741411,0.9704410593528565,0.3524876832962036,0.0024964474141597748,0.007082367788896476,0.02
35,octanol_hl_gap_eV,65,0.03858308494091034,0.0007795878336764872,0.6328151613217179,0.969157554143474,0.2668386697769165,0.000845380884129554,0.0031681348315681255,0.1
35,octanol_hl_gap_eV,66,0.06934428215026855,0.0013600331731140614,0.6510338011462296,0.966608182302864,0.29896682500839233,0.0008227909565903246,0.002752114575144677,0.12
35,octanol_hl_gap_eV,67,0.015703653916716576,0.0012567916419357061,0.6129431359310267,0.9613381429211669,0.26037096977233887,0.0024719915818423033,0.009494113664068401,0.0
35,octanol_hl_gap_eV,68,0.06813772767782211,0.0019072849536314607,0.6124343255350271,0.9867506549113121,0.35863351821899414,0.002886936068534851,0.008049822233213537,0.0
35,octanol_hl_gap_eV,69,0.1386478841304779,0.0015160607872530818,0.6329549182324274,0.9771388687771576,0.3302687406539917,0.0014422864187508821,0.004367008563677249,0.02
35,octanol_hl_gap_eV,70,0.09992919862270355,0.0025047583039849997,0.6315076800699477,0.920772923961396,0.41563156247138977,0.042666297405958176,0.10265413230953829,0.0
35,octanol_hl_gap_eV,71,0.11242549866437912,0.0014948899624869227,0.6345738113319823,0.9761341301768385,0.2830802798271179,0.0018302693497389555,0.006465548751247289,0.04
35,octanol_hl_gap_eV,72,0.056440263986587524,0.0018577799201011658,0.6126826812976875,0.9632815253754652,0.356850266456604,0.0009528577793389559,0.0026701893452413363,0.14
35,octanol_hl_gap_eV,73,0.06291463226079941,0.0011703382479026914,0.635116177686559,0.9802732265216447,0.26832419633865356,0.001553783193230629,0.005790693550683703,0.1
35,octanol_hl_gap_eV,74,0.06725151091814041,0.001517122145742178,0.6006707323168465,0.9756070806514501,0.3665887415409088,0.0010748859494924545,0.002932130280308962,0.06
35,octanol_hl_gap_eV,75,0.07293704897165298,0.002685978775843978,0.6380953246798446,0.9766058940312545,0.640200138092041,0.001532857189886272,0.0023943406111322867,0.22
35,octanol_hl_gap_eV,76,0.049605514854192734,0.0026184984017163515,0.595962555160813,0.9805285478686345,0.5595934391021729,0.0019482281059026718,0.003481506339724895,0.06
35,octanol_hl_gap_eV,77,0.04142682999372482,0.002110483357682824,0.5826534357676381,0.9684961529636942,0.4656578302383423,0.002270587021484971,0.004876084700052814,0.08
35,octanol_hl_gap_eV,78,0.05868811160326004,0.0028552846051752567,0.5912066302509662,0.9795850590937301,0.6209402084350586,0.0022716117091476917,0.003658342104906981,0.24
35,octanol_hl_gap_eV,79,0.046632759273052216,0.0010897668544203043,0.6487798503190312,0.9816299036984979,0.30031847953796387,0.0006413525552488863,0.002135574727987432,0.02
35,octanol_hl_gap_eV,80,0.06771843135356903,0.0024484307505190372,0.619130529249698,0.9806123083932798,0.5977142453193665,0.0020894743502140045,0.003495774722748278,0.2
35,octanol_hl_gap_eV,81,0.33275601267814636,0.0013691445346921682,0.6576459126463898,0.9387615133104292,0.37302979826927185,0.033564381301403046,0.0899777483116096,0.34
35,octanol_hl_gap_eV,82,0.09728781133890152,0.001529842265881598,0.626794715722198,0.9783576123372393,0.32063058018684387,0.0013498724438250065,0.004210055207579962,0.08
35,octanol_hl_gap_eV,83,0.03810830041766167,0.001601839903742075,0.5886763148774696,0.9691149194055744,0.3842135965824127,0.0005081124836578965,0.0013224739784785514,0.02
35,octanol_hl_gap_eV,84,0.0587926059961319,0.0015077434945851564,0.6086162298922975,0.9675562781701768,0.28590458631515503,0.0017622645245864987,0.006163820410505552,0.04
35,octanol_hl_gap_eV,85,0.07576025277376175,0.0026589944027364254,0.5843831055690711,0.9774285243749248,0.49085503816604614,0.0033183309715241194,0.006760307450285549,0.12
35,octanol_hl_gap_eV,86,0.093601293861866,0.0012176679447293282,0.6240304545494786,0.9733944701066097,0.2598440647125244,0.0016318033449351788,0.006279933108114308,0.02
35,octanol_hl_gap_eV,87,0.044455476105213165,0.004579900298267603,0.6047129246489589,0.9841275150397524,0.9097357392311096,0.008989359252154827,0.00988128625105182,0.0
35,octanol_hl_gap_eV,88,0.18402555584907532,0.0018650662386789918,0.6369160098722673,0.9259369201409162,0.3194437026977539,0.030435768887400627,0.09527741079371926,0.06
35,octanol_hl_gap_eV,89,0.017444340512156487,0.0011729951947927475,0.6409585710263481,0.969114981883809,0.26953965425491333,0.0009594694711267948,0.003559659797661498,0.02
35,octanol_hl_gap_eV,90,0.08476678282022476,0.001731844968162477,0.6079101351331806,0.9818521524281132,0.3692992329597473,0.0031386578921228647,0.008498955892673004,0.04
35,octanol_hl_gap_eV,91,0.046869151294231415,0.0014949467731639743,0.6261274489876043,0.9700604269804491,0.3037455976009369,0.0007581277750432491,0.002495930084357248,0.04
35,octanol_hl_gap_eV,92,0.023752333596348763,0.0052003515884280205,0.6296103149194254,0.9741863916308062,1.0595285892486572,0.00400752667337656,0.003782367662413352,0.0
35,octanol_hl_gap_eV,93,0.10308479517698288,0.0017042343970388174,0.6159971298204683,0.9686027424232264,0.4723863899707794,0.0014209551736712456,0.0030080358025537995,0.2
35,octanol_hl_gap_eV,94,0.14694055914878845,0.0016055443556979299,0.6281637532329711,0.9720194915577596,0.4224716126918793,0.0022338107228279114,0.005287481231211371,0.24
35,octanol_hl_gap_eV,95,0.039659373462200165,0.0021326555870473385,0.605198966658949,0.9633434923623048,0.46636372804641724,0.0027535725384950638,0.0059043454130313505,0.14
35,octanol_hl_gap_eV,96,0.11433284729719162,0.0038181047420948744,0.6362837000062507,0.9447840147715776,0.7645738124847412,0.02535955421626568,0.033168222351026164,0.02
35,octanol_hl_gap_eV,97,0.054192062467336655,0.0027743864338845015,0.6005181261983892,0.9745509878380905,0.5124720931053162,0.0014619985595345497,0.002852835460123484,0.06
35,octanol_hl_gap_eV,98,0.2674660086631775,0.0013364439364522696,0.6358386686039266,0.9125321153661217,0.3558243215084076,0.05414643511176109,0.15217182142643865,0.28
35,octanol_hl_gap_eV,99,0.02431504614651203,0.002221713773906231,0.5888688517175162,0.9586827880149988,0.5292491912841797,0.0030285262037068605,0.005722306719748387,0.06
35,octanol_hl_gap_eV,100,0.08172310888767242,0.0021772151812911034,0.5857403849616025,0.9741149933886226,0.3746970295906067,0.0019394219852983952,0.005175973739149745,0.2
35,octanol_hl_gap_eV,101,0.09920164197683334,0.001310859341174364,0.6082667913543038,0.9433484805310826,0.3011475205421448,0.01598282903432846,0.05307308858314743,0.08
35,octanol_hl_gap_eV,102,0.02467167377471924,0.0014878433430567384,0.6011339487499967,0.9712554663460935,0.38338664174079895,0.0012493584072217345,0.003258742666538716,0.04
35,octanol_hl_gap_eV,103,0.05488109588623047,0.0026448543649166822,0.6244254496319663,0.9385025844203512,0.490835964679718,0.01724361628293991,0.035131118181594076,0.04
35,octanol_hl_gap_eV,104,0.08417773246765137,0.0016961217625066638,0.6049817789786955,0.9663338701144231,0.3879733681678772,0.0009729524608701468,0.002507781566205718,0.2
35,octanol_hl_gap_eV,105,0.034422311931848526,0.0010389676317572594,0.6501522060855811,0.963227570831134,0.2878468930721283,0.0007693370571359992,0.0026727301063597716,0.16
35,octanol_hl_gap_eV,106,0.15138483047485352,0.00116840994451195,0.6194385989617257,0.9231878878266244,0.2559586465358734,0.023698117583990097,0.09258572783033032,0.14
35,octanol_hl_gap_eV,107,0.06852688640356064,0.0012311553582549095,0.6142478627823462,0.9686209056256259,0.3774457573890686,0.0013139647198840976,0.003481201455205844,0.14
35,octanol_hl_gap_eV,108,0.07939878106117249,0.0012062076712027192,0.6599675875558986,0.9518167088349774,0.28142470121383667,0.0009116381406784058,0.00323936789040316,0.02
35,octanol_hl_gap_eV,109,0.08605946600437164,0.0010486437240615487,0.6237049430485557,0.976821617508199,0.2785797119140625,0.0007458168547600508,0.0026772116664049235,0.18
35,octanol_hl_gap_eV,110,0.05070208013057709,0.0011869447771459818,0.6311734313613369,0.9632641231953192,0.2781834900379181,0.0025196035858243704,0.009057344077036827,0.06
35,octanol_hl_gap_eV,111,0.06329283863306046,0.0010614575585350394,0.636877859827838,0.9735589483250817,0.3383623957633972,0.000864350819028914,0.002554512055273774,0.2
35,octanol_hl_gap_eV,112,0.08476435393095016,0.0016554633621126413,0.621055777309752,0.9566126297176294,0.39378589391708374,0.014246284030377865,0.036177740875039034,0.04
35,octanol_hl_gap_eV,113,0.07506552338600159,0.0016068801051005721,0.6127923094780803,0.9742712290880731,0.3379433751106262,0.0016488300170749426,0.004879012694168648,0.02
35,octanol_hl_gap_eV,114,0.06960596144199371,0.001704698195680976,0.6359275809627896,0.9673385890093424,0.287784218788147,0.0010925187962129712,0.0037963123927140406,0.08
35,octanol_hl_gap_eV,115,0.15462948381900787,0.0037882213946431875,0.6339861512122897,0.9189899974107598,0.769062876701355,0.06657474488019943,0.08656606227796372,0.08
35,octanol_hl_gap_eV,116,0.045013293623924255,0.0012922949390485883,0.6287177282544474,0.9711890928687132,0.24650728702545166,0.0008489644387736917,0.0034439729917032304,0.1
35,octanol_hl_gap_eV,117,0.023498285561800003,0.0010341020533815026,0.6232816010227276,0.9673708427044425,0.27656349539756775,0.0005893911584280431,0.002131124201987601,0.08
35,octanol_hl_gap_eV,118,0.1778874546289444,0.002329267328605056,0.6290380339331476,0.9269721984541357,0.41254252195358276,0.033572904765605927,0.08138047105210498,0.08
35,octanol_hl_gap_eV,119,0.2368822544813156,0.002075526164844632,0.6272113530542984,0.9184733416754749,0.45408281683921814,0.05476914346218109,0.12061487779568143,0.2
35,octanol_hl_gap_eV,120,0.12647955119609833,0.0012942388420924544,0.6519203843573127,0.9736526545933752,0.34532955288887024,0.0022423674818128347,0.006493413213709069,0.16
35,octanol_hl_gap_eV,121,0.02802903763949871,0.0021059762220829725,0.619971541081318,0.9718539890222813,0.3423563539981842,0.0009802436688914895,0.0028632261602385464,0.02
35,octanol_hl_gap_eV,122,0.08833413571119308,0.00787730235606432,0.6124392431039343,0.9124151929495183,1.683616280555725,0.165018692612648,0.09801443150584106,0.04
35,octanol_hl_gap_eV,123,0.026785194873809814,0.003358918009325862,0.6318124820800834,0.960290214020673,0.6275181770324707,0.0014708548551425338,0.002343923903683869,0.02
35,octanol_hl_gap_eV,124,0.04403456673026085,0.002544595394283533,0.6205048267446671,0.9616897993418008,0.45353183150291443,0.0015373623464256525,0.0033897562191635786,0.0
35,octanol_hl_gap_eV,125,0.12092237174510956,0.0028168605640530586,0.5868864879196221,0.9597432222931606,0.45398756861686707,0.012800476513803005,0.028195654239611324,0.14
35,octanol_hl_gap_eV,126,0.022869592532515526,0.0068893469870090485,0.6436307975614182,0.9723658308341863,1.446517825126648,0.002027120441198349,0.0014013795101493942,0.02
35,octanol_hl_gap_eV,127,0.01925089955329895,0.0020883199758827686,0.5875286103024748,0.9665272065136177,0.4821138083934784,0.0007854714640416205,0.0016292241590403816,0.14
35,octanol_hl_gap_eV,128,0.018947355449199677,0.0018423327710479498,0.5835271599861751,0.9681142174505017,0.4556484520435333,0.00535951554775238,0.011762391650219684,0.06
35,octanol_hl_gap_eV,129,0.06003697216510773,0.001595006906427443,0.6330796715892293,0.9728606473012102,0.28829818964004517,0.0009547295630909503,0.003311604433877917,0.26
35,octanol_hl_gap_eV,130,0.019913502037525177,0.0010548371355980635,0.6170578277189058,0.9677891379704515,0.290420264005661,0.0008785154204815626,0.003024979759898704,0.02
35,octanol_hl_gap_eV,131,0.0661117285490036,0.001195830525830388,0.6166532695511144,0.9792668701914431,0.30391883850097656,0.0007150376914069057,0.0023527257965767993,0.08
35,octanol_hl_gap_eV,132,0.05208449810743332,0.0013417385052889585,0.6235229191749103,0.9708566053404741,0.2993592321872711,0.0008652951219119132,0.0028904908513748715,0.26
35,octanol_hl_gap_eV,133,0.047086361795663834,0.0035995414946228266,0.6366692885749308,0.9851203993060982,0.6926302313804626,0.00421989755704999,0.0060925691167701785,0.08
35,octanol_hl_gap_eV,134,0.06735634803771973,0.0017252027755603194,0.6085552468594091,0.9785194354196576,0.39357179403305054,0.0010641785338521004,0.002703899390114158,0.22
35,octanol_hl_gap_eV,135,0.062224384397268295,0.0013299118727445602,0.6234398735702629,0.977763238252249,0.32846781611442566,0.0010478441836312413,0.0031900969660486078,0.22
35,octanol_hl_gap_eV,136,0.3871379494667053,0.001948305289261043,0.6136625015569608,0.9122579709123819,0.4193820655345917,0.12690205872058868,0.3025929555638604,0.38
35,octanol_hl_gap_eV,137,0.03112054616212845,0.0023417321499437094,0.6380309124619561,0.9683730048573478,0.445048451423645,0.0007401120965369046,0.001662992184714707,0.08
35,octanol_hl_gap_eV,138,0.12202278524637222,0.0013755369000136852,0.6315480908664575,0.9752291892951408,0.3553353548049927,0.0014820030191913247,0.00417071647712805,0.26
35,octanol_hl_gap_eV,139,0.08766670525074005,0.00139480154030025,0.6238147348018086,0.9360016468279373,0.36014440655708313,0.008954416960477829,0.02486340700409725,0.08
35,octanol_hl_gap_eV,140,0.30827513337135315,0.0013466287637129426,0.6181892879248005,0.9221796754396112,0.3496590256690979,0.0499800369143486,0.14293935876160546,0.26
35,octanol_hl_gap_eV,141,0.05193670466542244,0.0015192179707810283,0.5916094089292485,0.9360340277988284,0.3103588819503784,0.009631381370127201,0.031033045710182415,0.1
35,octanol_hl_gap_eV,142,0.11557174474000931,0.0016732551157474518,0.6135766120964921,0.945041500269377,0.31912094354629517,0.013353687711060047,0.04184522508195334,0.2
35,octanol_hl_gap_eV,143,0.029715383425354958,0.0007752878009341657,0.6391977449594444,0.9672772374248642,0.26752668619155884,0.0011726681841537356,0.004383369004593667,0.02
35,octanol_hl_gap_eV,144,0.04755643755197525,0.001778299338184297,0.6099758876818173,0.9708533935220427,0.30452367663383484,0.0026286025531589985,0.008631849523870293,0.06
35,octanol_hl_gap_eV,145,0.13415223360061646,0.0026140999980270863,0.6316587540643208,0.9869104701787814,0.47638630867004395,0.0012798187090083957,0.002686514464660712,0.04
35,octanol_hl_gap_eV,146,0.017839139327406883,0.0015467418124899268,0.6196031274602123,0.9775758490569584,0.371492862701416,0.0014116923557594419,0.003800052430331822,0.02
35,octanol_hl_gap_eV,147,0.0673367902636528,0.0010251892963424325,0.663517943874137,0.9743700698455797,0.3153100609779358,0.0008957997197285295,0.002841012167357432,0.08
35,octanol_hl_gap_eV,148,0.04223952442407608,0.0021212955471128225,0.6207669633994546,0.9623374298232568,0.38893255591392517,0.000755474204197526,0.0019424298447382232,0.08
35,octanol_hl_gap_eV,149,0.1126398891210556,0.0012964238412678242,0.6552435657503286,0.9788928293750567,0.3614366054534912,0.004452917724847794,0.012320051864311746,0.16
35,octanol_hl_gap_eV,150,0.15488000214099884,0.0017857950879260898,0.5853525698351101,0.9811180139525957,0.38396507501602173,0.003048934740945697,0.007940656427719302,0.1
35,octanol_hl_gap_eV,151,0.09352024644613266,0.0014198876451700926,0.6235567680129757,0.9816006269910242,0.40086954832077026,0.0022280318662524223,0.005557997297588646,0.1
35,octanol_hl_gap_eV,152,0.28760072588920593,0.00206860713660717,0.6214426897975243,0.9356934194310218,0.366119921207428,0.07271603494882584,0.19861261498422542,0.24
35,octanol_hl_gap_eV,153,0.05040639638900757,0.0023952131159603596,0.6008024220519383,0.9657275982149287,0.4481299817562103,0.001633386011235416,0.003644893396407481,0.08
35,octanol_hl_gap_eV,154,0.07669593393802643,0.0013450328260660172,0.6415033178073868,0.9681694773226543,0.31301233172416687,0.0009647454135119915,0.003082132285964202,0.06
35,octanol_hl_gap_eV,155,0.046051621437072754,0.000956050178501755,0.6680794644256813,0.9600665830583146,0.2918391823768616,0.0012336951913312078,0.0042273117039441825,0.02
35,octanol_hl_gap_eV,156,0.10283321142196655,0.0011623266618698835,0.6662111931602404,0.9652565607981267,0.3306978940963745,0.0007917663315311074,0.0023942285259922606,0.16
35,octanol_hl_gap_eV,157,0.18527355790138245,0.0014317840104922652,0.6450730993949962,0.9127174645738307,0.3642674386501312,0.03475191816687584,0.0954022085961246,0.2
35,octanol_hl_gap_eV,158,0.046864476054906845,0.00225803698413074,0.6028032889320769,0.9729836911981773,0.3573521673679352,0.0033304819371551275,0.009319887330432819,0.02
35,octanol_hl_gap_eV,159,0.5655467510223389,0.001783793675713241,0.6061771031490149,0.9081271242609639,0.2618948519229889,0.22344280779361725,0.8531775487489208,0.18
35,octanol_hl_gap_eV,160,0.06577862799167633,0.0017390097491443157,0.6257352255859487,0.9353795433587468,0.3186556100845337,0.008063651621341705,0.025305224091935998,0.02
35,octanol_hl_gap_eV,161,0.10818914324045181,0.0013599216472357512,0.6416014251848847,0.9568740147575949,0.3087741732597351,0.0009906128980219364,0.003208211644011597,0.12
35,octanol_hl_gap_eV,162,0.05357193574309349,0.0014516914961859584,0.6011508829698733,0.9608375452184628,0.35022440552711487,0.0013397864531725645,0.003825508536893887,0.02
35,octanol_hl_gap_eV,163,0.225427508354187,0.0015839004190638661,0.6255220602494418,0.9092204937704333,0.36209601163864136,0.05886932089924812,0.1625793132402617,0.08
35,octanol_hl_gap_eV,164,0.15980635583400726,0.0009239275241270661,0.6795958813006377,0.9660706118272611,0.3178360164165497,0.001120679429732263,0.0035259673915102262,0.32
35,octanol_hl_gap_eV,165,0.09827423840761185,0.0019118759082630277,0.6110846097636369,0.9672807621744646,0.3763192892074585,0.001945202355273068,0.005169021123976217,0.2
35,octanol_hl_gap_eV,166,0.09644953906536102,0.0021827067248523235,0.6169391827598485,0.9830329205555222,0.5073871612548828,0.0031429294031113386,0.006194341605605798,0.16
35,octanol_hl_gap_eV,167,0.07201047986745834,0.0009143520728684962,0.6444631291910883,0.9601490297309321,0.27786073088645935,0.0006405887543223798,0.002305431041942159,0.12
35,octanol_hl_gap_eV,168,0.011873573064804077,0.0014018748188391328,0.6183398892691745,0.9749809110709677,0.34898078441619873,0.0018310945015400648,0.005246978009414637,0.06
35,octanol_hl_gap_eV,169,0.08202330023050308,0.0012706579873338342,0.6446847684080257,0.9786163132171979,0.3730483055114746,0.0008273667772300541,0.002217854269826204,0.22
35,octanol_hl_gap_eV,170,0.03225957602262497,0.0013927629915997386,0.6009342390902204,0.9752962246463273,0.2785697281360626,0.0015634367009624839,0.00561237113387586,0.1
35,octanol_hl_gap_eV,171,0.08399143069982529,0.0009714211337268353,0.6787937375924868,0.9728053735960431,0.3161153197288513,0.0008768056868575513,0.002773689322015882,0.12
35,octanol_hl_gap_eV,172,0.07657265663146973,0.0011381424264982343,0.6241151909296236,0.9704304675558486,0.3075426518917084,0.0008126871543936431,0.0026425185235113527,0.16
35,octanol_hl_gap_eV,173,0.05045684799551964,0.0021775129716843367,0.6294280336691089,0.9675582263243021,0.5557491183280945,0.0010217669187113643,0.001838539882501711,0.08
35,octanol_hl_gap_eV,174,0.09215797483921051,0.0011869167210534215,0.6340480861041644,0.9735553796441052,0.2337782084941864,0.0019587597344070673,0.008378709662563684,0.2
35,octanol_hl_gap_eV,175,0.08225388824939728,0.001550633809529245,0.6200469865301301,0.9732380866363859,0.27423596382141113,0.001098845386877656,0.004006933924951031,0.04
35,octanol_hl_gap_eV,176,0.08138178288936615,0.001171944080851972,0.6308088132098475,0.959860305031148,0.26445072889328003,0.0012393796350806952,0.0046866183363058565,0.14
35,octanol_hl_gap_eV,177,0.11544132232666016,0.0030100306030362844,0.637015935238979,0.9784994395581341,0.7779433131217957,0.0012978693703189492,0.0016683341169303853,0.08
35,octanol_hl_gap_eV,178,0.0634218081831932,0.0010475513990968466,0.6809919464037559,0.9604257544760084,0.2950232923030853,0.0007612759945914149,0.0025803928518611193,0.12
35,octanol_hl_gap_eV,179,0.033871304243803024,0.0030286377295851707,0.628186111002367,0.968286811804999,0.5449977517127991,0.0025919333565980196,0.004755860640621334,0.0
35,octanol_hl_gap_eV,180,0.05553055554628372,0.002429219661280513,0.5882137904333915,0.9798647057364938,0.4026522934436798,0.0032463485840708017,0.008062411755578088,0.06
35,octanol_hl_gap_eV,181,0.05567798763513565,0.0010141938691958785,0.6191168111405654,0.9800247780764775,0.2902846336364746,0.0025227998849004507,0.008690779988236546,0.04
35,octanol_hl_gap_eV,182,0.1158643588423729,0.0032805087976157665,0.6136398122480498,0.9855050053523904,0.565302312374115,0.001506174448877573,0.0026643698706132167,0.06
35,octanol_hl_gap_eV,183,0.06627228856086731,0.0008413533796556294,0.666272010052466,0.9594872134939885,0.2835509777069092,0.0011463644914329052,0.0040428867525113535,0.06
35,octanol_hl_gap_eV,184,0.04375235736370087,0.0015488252975046635,0.617807851572135,0.96953362891958,0.2822561264038086,0.001452870201319456,0.00514734691441529,0.16
35,octanol_hl_gap_eV,185,0.08547328412532806,0.0014857883797958493,0.6389662785410293,0.9703674546594667,0.36623284220695496,0.0016969357384368777,0.004633488706831907,0.12
35,octanol_hl_gap_eV,186,0.11286917328834534,0.001447583083063364,0.6270248433167731,0.9868011444730505,0.2788119614124298,0.004084137734025717,0.014648359106746847,0.06
35,octanol_hl_gap_eV,187,0.07699673622846603,0.0016708531184121966,0.5874018873982763,0.9659372570892157,0.4152820408344269,0.0022364389151334763,0.00538534946187366,0.04
35,octanol_hl_gap_eV,188,0.05400862544775009,0.0027532728854566813,0.5848913967976717,0.9825089418019868,0.6272516846656799,0.0019131260924041271,0.0030500134781205218,0.1
35,octanol_hl_gap_eV,189,0.049747951328754425,0.004737814888358116,0.5824394208712413,0.9822210897236316,0.8310093879699707,0.003056132234632969,0.003677614571958849,0.06
35,octanol_hl_gap_eV,190,0.09552135318517685,0.001533289672806859,0.6292462776768024,0.9679976018414622,0.435034841299057,0.0012880464782938361,0.002960789242644571,0.06
35,octanol_hl_gap_eV,191,0.12284497916698456,0.003920971881598234,0.6423050455418768,0.9755290640048493,0.8055994510650635,0.0009264373802579939,0.0011499975316929196,0.1
35,octanol_hl_gap_eV,192,0.062005557119846344,0.0015896104741841555,0.5977005711565273,0.9789476645283999,0.3961910903453827,0.0012115318095311522,0.0030579481443537507,0.04
35,octanol_hl_gap_eV,193,0.07623910158872604,0.0010427344823256135,0.6387900418606738,0.9719811418285327,0.2748010754585266,0.0012034245301038027,0.004379256988335278,0.18
35,octanol_hl_gap_eV,194,0.07140602916479111,0.0019908754620701075,0.6241669761484228,0.976721500538448,0.4703696072101593,0.0023857092019170523,0.005071988422183763,0.14
35,octanol_hl_gap_eV,195,0.07232285290956497,0.0015082721365615726,0.6179320194250939,0.977371477502371,0.3689683675765991,0.0008677949663251638,0.0023519494964429617,0.18
35,octanol_hl_gap_eV,196,0.06466764956712723,0.0015136064030230045,0.6330507047298133,0.9713282897551714,0.29350966215133667,0.0009284668485634029,0.003163326351023755,0.18
35,octanol_hl_gap_eV,197,0.05487743392586708,0.002963362028822303,0.5799500944798361,0.9841789629034077,0.6100011467933655,0.007239155936986208,0.011867446438487488,0.02
35,octanol_hl_gap_eV,198,0.16277140378952026,0.0015373078640550375,0.62540060511975,0.9721781150701405,0.4291497766971588,0.0012157023884356022,0.0028328160806512445,0.22
35,octanol_hl_gap_eV,199,0.04652119800448418,0.0019009432289749384,0.6408768516466288,0.9628632283025462,0.3449925184249878,0.0007630765903741121,0.0022118641698603355,0.0
35,octanol_hl_gap_eV,200,0.06848804652690887,0.0010297222761437297,0.6440547162670478,0.9546460386264104,0.2865448594093323,0.0009952121181413531,0.003473145950664857,0.06
35,octanol_hl_gap_eV,201,0.2747913599014282,0.0034328633919358253,0.5813774202258848,0.9474286464300046,0.727971076965332,0.11841358989477158,0.16266249256549895,0.2
35,octanol_hl_gap_eV,202,0.08668632060289383,0.0011586945038288832,0.6596524814269846,0.9798264143459419,0.2730545103549957,0.0013785602059215307,0.00504866300918918,0.22
35,octanol_hl_gap_eV,203,0.10141780972480774,0.001244206796400249,0.621929799799223,0.963867172347376,0.3203451633453369,0.0010091440053656697,0.003150177124034794,0.16
35,octanol_hl_gap_eV,204,0.05370769649744034,0.0011480291141197085,0.6657771321674515,0.9768406968740764,0.283119261264801,0.0012776603689417243,0.0045127991759865834,0.12
35,octanol_hl_gap_eV,205,0.08802534639835358,0.002182938391342759,0.6055780267575408,0.971980921240331,0.48265066742897034,0.0009477872517891228,0.00196371271345772,0.16
35,octanol_hl_gap_eV,206,0.09235313534736633,0.0012576411245390773,0.6623280413470649,0.9645128915996009,0.35769572854042053,0.0008518827380612493,0.0023815848781235426,0.06
35,octanol_hl_gap_eV,207,0.10186010599136353,0.0011428350117057562,0.6468320436274702,0.9708691393661917,0.32854676246643066,0.0008564777672290802,0.0026068671649643513,0.24
35,octanol_hl_gap_eV,208,0.06806942820549011,0.0021635876037180424,0.582802197819136,0.9804876610471451,0.49981197714805603,0.0015016926918178797,0.0030045152186760084,0.06
35,octanol_hl_gap_eV,209,0.07184551656246185,0.0012232537847012281,0.6571658783505532,0.9800831290963405,0.3459186553955078,0.001569991698488593,0.00453861529004134,0.26
35,octanol_hl_gap_eV,210,0.10872512310743332,0.0014376640319824219,0.6237115599274121,0.9806933145177528,0.35436153411865234,0.0008513245265930891,0.0024024179958201572,0.2
35,octanol_hl_gap_eV,211,0.15209373831748962,0.003568287706002593,0.6197472130013497,0.935408135203927,0.7260864973068237,0.06563281267881393,0.09039255367267814,0.02
35,octanol_hl_gap_eV,212,0.011977089568972588,0.001450706273317337,0.6364729677492726,0.9720750763930173,0.20823943614959717,0.005460534710437059,0.02622238520908338,0.02
35,octanol_hl_gap_eV,213,0.2191571146249771,0.0015135979047045112,0.6419057907484689,0.9369764131122535,0.38672536611557007,0.03035370633006096,0.0784890493089351,0.18
35,octanol_hl_gap_eV,214,0.061407554894685745,0.0013833096018061042,0.6240216647668375,0.972266486613103,0.32138654589653015,0.0009564284118823707,0.0029759441522803857,0.12
35,octanol_hl_gap_eV,215,0.04520270973443985,0.0014772358117625117,0.6291278776679696,0.9735867901411805,0.36038023233413696,0.0015564208151772618,0.004318829601436577,0.04
35,octanol_hl_gap_eV,216,0.04432329535484314,0.002635066630318761,0.5877017680117438,0.976414994402983,0.5702016353607178,0.0011069534812122583,0.0019413369106035334,0.1
35,octanol_hl_gap_eV,217,0.13947787880897522,0.001489188987761736,0.6407201393497388,0.9255608823713046,0.30796244740486145,0.029419811442494392,0.09553051578336683,0.12
35,octanol_hl_gap_eV,218,0.12073734402656555,0.0012037170818075538,0.633282019165063,0.9589578905461507,0.3817134499549866,0.0015969355590641499,0.004183597825155147,0.08
35,octanol_hl_gap_eV,219,0.05353599414229393,0.001388818142004311,0.6213893916171096,0.969860057095449,0.3557724952697754,0.0006832079961895943,0.0019203508007878205,0.04
35,octanol_hl_gap_eV,220,0.021471740677952766,0.004594695754349232,0.5902711077024658,0.9645306994866192,0.7874358296394348,0.003413401311263442,0.004334831084364591,0.0
35,octanol_hl_gap_eV,221,0.04813411831855774,0.0022171377204358578,0.5867231169317713,0.9520156791447014,0.48454201221466064,0.003787331748753786,0.00781631242137974,0.02
35,octanol_hl_gap_eV,222,0.3261488974094391,0.0014553007204085588,0.6347609436658115,0.9042200730907299,0.3282313048839569,0.06914559006690979,0.21066116801794868,0.14
35,octanol_hl_gap_eV,223,0.08973506838083267,0.001524748862721026,0.6535675180241074,0.9708921331593701,0.37252381443977356,0.002399083925411105,0.006440082036148506,0.06
35,octanol_hl_gap_eV,224,0.08039210736751556,0.002573951380327344,0.5944828534966042,0.9691724070451773,0.5793859958648682,0.008366008289158344,0.01443943821367331,0.18
35,octanol_hl_gap_eV,225,0.2993745505809784,0.004371318966150284,0.6468665602785255,0.9367203173855576,0.9166523814201355,0.24399209022521973,0.2661773374190245,0.1
35,octanol_hl_gap_eV,226,0.027994586154818535,0.0035692728124558926,0.5993208852058403,0.9572827548821352,0.5765678286552429,0.002667871303856373,0.004627159496704452,0.02
35,octanol_hl_gap_eV,227,0.05474032834172249,0.0013504991075024009,0.6197460413302089,0.9734456501303519,0.3246475160121918,0.0005831404705531895,0.0017962264973291535,0.14
35,octanol_hl_gap_eV,228,0.05470767989754677,0.0024970683734863997,0.6004249803553641,0.9811285244967518,0.45067599415779114,0.0018836683593690395,0.004179650977170813,0.06
35,octanol_hl_gap_eV,229,0.06069843843579292,0.0028826207853853703,0.6196494544654338,0.9790231869924308,0.5014739632606506,0.010160434059798717,0.020261139768322604,0.04
35,octanol_hl_gap_eV,230,0.04517697915434837,0.002539657521992922,0.6270897513477676,0.9683684412327509,0.5913048982620239,0.0035330047830939293,0.005974928997676517,0.04
35,octanol_hl_gap_eV,231,0.05867038294672966,0.0017318421741947532,0.605788300805123,0.9828202740955088,0.3026566207408905,0.0017679849406704307,0.005841553825396183,0.08
35,octanol_hl_gap_eV,232,0.13194423913955688,0.0008234944543801248,0.6756866985609802,0.9125289334609918,0.29290592670440674,0.025219764560461044,0.08610192645883943,0.12
35,octanol_hl_gap_eV,233,0.04737531393766403,0.001328434911556542,0.6219222716451502,0.9748424383020802,0.3752729892730713,0.0040757968090474606,0.010860885077134248,0.12
35,octanol_hl_gap_eV,234,0.2190646082162857,0.0012831012718379498,0.6464096633172367,0.9443390018678504,0.34413012862205505,0.015394412912428379,0.04473427820478768,0.1
35,octanol_hl_gap_eV,235,0.12214638292789459,0.0017248595831915736,0.5969244010159342,0.9708413106369458,0.4407806992530823,0.0010996107012033463,0.0024946888624358407,0.26
35,octanol_hl_gap_eV,236,0.029271172359585762,0.0012339033419266343,0.634832001831577,0.9675832227186818,0.2680954039096832,0.0011142146540805697,0.004156037879918037,0.04
35,octanol_hl_gap_eV,237,0.029985884204506874,0.001813783310353756,0.625298770384634,0.9446652929413368,0.4899838864803314,0.003244519466534257,0.006621686051434053,0.04
35,octanol_hl_gap_eV,238,0.07400791347026825,0.0020292215049266815,0.5905904588325135,0.9712821088428034,0.48265352845191956,0.0023160327691584826,0.004798541049905944,0.12
35,octanol_hl_gap_eV,239,0.008276738226413727,0.0018447109032422304,0.6074127538817258,0.9649794433701602,0.3429528474807739,0.002965598599985242,0.008647248803354796,0.02
35,octanol_hl_gap_eV,240,0.01791587471961975,0.004177055321633816,0.6198511019986805,0.9780561508114982,0.7988633513450623,0.0033260199707001448,0.004163440424573311,0.0
35,octanol_hl_gap_eV,241,0.030861476436257362,0.0014444546541199088,0.6084999673266922,0.9704538318339282,0.33449169993400574,0.0010252408683300018,0.0030650711767505113,0.06
35,octanol_hl_gap_eV,242,0.1658174842596054,0.002105949679389596,0.6008583074618323,0.914907168442346,0.4225560426712036,0.0466926135122776,0.11050040419989861,0.08
35,octanol_hl_gap_eV,243,0.06834714859724045,0.0007401549955829978,0.6828831359423317,0.9689087209753089,0.2737376093864441,0.0009661269723437726,0.0035293906983013814,0.32
35,octanol_hl_gap_eV,244,0.049347616732120514,0.0011770558776333928,0.6274132576303699,0.9554695263759507,0.2859303653240204,0.003290228545665741,0.011507097337973204,0.02
35,octanol_hl_gap_eV,245,0.07492221146821976,0.0009460721630603075,0.6440389369601291,0.976295312212969,0.3087857663631439,0.0007110893493518233,0.002302856630106308,0.26
35,octanol_hl_gap_eV,246,0.08991829305887222,0.001096043735742569,0.6371351284688562,0.970091739857595,0.2828073501586914,0.0007127292919903994,0.002520193663956988,0.22
35,octanol_hl_gap_eV,247,0.09246364235877991,0.006120509468019009,0.6254921874920265,0.9045921077081491,1.2908602952957153,0.1391575187444687,0.10780215275936575,0.04
35,octanol_hl_gap_eV,248,0.04144281521439552,0.002277130726724863,0.6108805102769026,0.9713046863176642,0.5123940706253052,0.0018370298203080893,0.0035851894579229846,0.04
35,octanol_hl_gap_eV,249,0.07386040687561035,0.001026726677082479,0.6462641096157031,0.9745582109857349,0.3381047248840332,0.0012156208977103233,0.003595397544731947,0.16
35,octanol_dipole,0,0.1298123598098755,0.026390882208943367,0.5829214969110987,0.9431796714734597,4.957322597503662,0.09515756368637085,0.019195354309660812,0.04
35,octanol_dipole,1,0.06025608628988266,0.02137562446296215,0.5838221941197861,0.9645182667718217,3.9779305458068848,0.014734440483152866,0.0037040466929932603,0.04
35,octanol_dipole,2,0.2274613380432129,0.04237641766667366,0.6050289131461997,0.8850810080989298,8.956567764282227,0.8925302028656006,0.09965091833781568,0.04
35,octanol_dipole,3,0.2532084882259369,0.00284872530028224,0.5975146933143538,0.9662559590587849,0.4008128345012665,0.05448669195175171,0.1359404870843265,0.1
35,octanol_dipole,4,0.1008918508887291,0.025703515857458115,0.5839777671014197,0.9458188663112324,4.784877777099609,0.027717020362615585,0.005792628705223997,0.0
35,octanol_dipole,5,0.07017406076192856,0.026806622743606567,0.5822072269138827,0.9679574652309411,5.005332946777344,0.011557413265109062,0.002309019876999439,0.02
35,octanol_dipole,6,0.1280735582113266,0.030676258727908134,0.5866924834132619,0.9501779765386655,5.792365550994873,0.0347198061645031,0.0059940633682105515,0.02
35,octanol_dipole,7,0.2471228986978531,0.027790281921625137,0.5821409331104785,0.9206517212955898,5.217618942260742,0.5205036997795105,0.09975885658564047,0.16
35,octanol_dipole,8,0.06332465261220932,0.0285715963691473,0.5844540753354248,0.9689184177912225,5.398758888244629,0.0057594059035182,0.0010668018377443845,0.04
35,octanol_dipole,9,0.16045816242694855,0.02801603265106678,0.5821235976126982,0.9228464182708658,5.302651882171631,0.22844932973384857,0.04308209077460506,0.02
35,octanol_dipole,10,0.1762441247701645,0.028697257861495018,0.5834538198769685,0.9073502440181405,5.397858142852783,0.308225154876709,0.05710138108850173,0.04
35,octanol_dipole,11,0.09966220706701279,0.02519838884472847,0.586934798259144,0.9289074139073557,4.6807026863098145,0.1231459379196167,0.026309284347368546,0.0
35,octanol_dipole,12,0.16654521226882935,0.030018344521522522,0.5830315300812114,0.9290144847603465,5.667520523071289,0.17057836055755615,0.030097528515894627,0.0
35,octanol_dipole,13,0.25233882665634155,0.03022191859781742,0.5837381359292431,0.886181234021687,5.781210899353027,0.4658571481704712,0.08058124089930797,0.02
35,octanol_dipole,14,0.27815937995910645,0.026310482993721962,0.5842962525052535,0.895381966576684,4.964093208312988,0.7017865180969238,0.1413725505640578,0.1
35,octanol_dipole,15,0.09917173534631729,0.02801462635397911,0.5830740818932343,0.9632145710586286,5.257190704345703,0.03177886828780174,0.0060448384079985285,0.06
35,octanol_dipole,16,0.3286800682544708,0.02536984160542488,0.5903077791529163,0.9030971949404731,4.813483238220215,0.9775063395500183,0.20307670997758606,0.14
35,octanol_dipole,17,0.2126707285642624,0.02438700944185257,0.5828828514197588,0.8915106634364025,4.596286296844482,0.48482146859169006,0.10548112917259693,0.02
35,octanol_dipole,18,0.17721611261367798,0.029210155829787254,0.5833537264348359,0.907209979347062,5.557699680328369,0.4586023986339569,0.08251658510034156,0.08
35,octanol_dipole,19,0.26118242740631104,0.027245890349149704,0.5851188435977701,0.8998586530328467,5.185304641723633,0.6838852763175964,0.1318891219649282,0.06
35,octanol_dipole,20,0.15767648816108704,0.029212230816483498,0.5864294593262884,0.9375807610328044,5.526326656341553,0.21721088886260986,0.039304750220176855,0.04
35,octanol_dipole,21,0.06640109419822693,0.02797829918563366,0.5821454016698184,0.964545851248285,5.208175182342529,0.005539059638977051,0.001063531744814639,0.02
35,octanol_dipole,22,0.12749455869197845,0.02723132260143757,0.5811722562425143,0.9266109934908235,5.068528175354004,0.11571196466684341,0.022829500135660524,0.02
35,octanol_dipole,23,0.1755421757698059,0.02685818262398243,0.583295637769436,0.9009128100017434,5.0479888916015625,0.2583054006099701,0.05116996216844253,0.02
35,octanol_dipole,24,0.20291630923748016,0.034774135798215866,0.5905118659546889,0.9071457218867283,6.816158771514893,0.5222710371017456,0.07662248703541728,0.1
35,octanol_dipole,25,0.05419039726257324,0.02598520740866661,0.5838146763661518,0.971942279780986,4.851473331451416,0.009053711779415607,0.0018661777898935719,0.02
35,octanol_dipole,26,0.3197613060474396,0.02521917223930359,0.5829144553420615,0.8914770570721158,4.768487453460693,0.6724094748497009,0.14101106093121937,0.12
35,octanol_dipole,27,0.08737453818321228,0.029901839792728424,0.5816349957706584,0.9698952538760388,5.588767051696777,0.007304467726498842,0.0013069909085370037,0.0
35,octanol_dipole,28,0.21827132999897003,0.027367854490876198,0.5813328075115614,0.8914676837156938,5.122027397155762,0.26774370670318604,0.05227299386408259,0.06
35,octanol_dipole,29,0.10038881003856659,0.017413442954421043,0.5834903664263171,0.9532649600599945,3.2259023189544678,0.032107796519994736,0.009953121125626968,0.04
35,octanol_dipole,30,0.0685291737318039,0.028667457401752472,0.5824473976668803,0.9699820332495481,5.37117862701416,0.0034971931017935276,0.0006511034811250763,0.02
35,octanol_dipole,31,0.2614895701408386,0.027216332033276558,0.5817735862820557,0.8766464453785396,5.1332011222839355,0.5797631144523621,0.11294377536378426,0.02
35,octanol_dipole,32,0.07674319297075272,0.03106667287647724,0.5830188404263981,0.953378663330509,5.8238701820373535,0.012837362475693226,0.002204266591533528,0.02
35,octanol_dipole,33,0.06310692429542542,0.03307659178972244,0.5825970981203927,0.9652078285045049,6.160733699798584,0.007319042459130287,0.0011880147423625163,0.0
35,octanol_dipole,34,0.1619042605161667,0.028903137892484665,0.5804317698303152,0.9212727698258056,5.418745994567871,0.18421761691570282,0.03399635581744843,0.04
35,octanol_dipole,35,0.04199010133743286,0.028403088450431824,0.5824818788478443,0.9626493809537526,5.278512954711914,0.012021844275295734,0.002277505876833043,0.0
35,octanol_dipole,36,0.17878511548042297,0.03264541178941727,0.5823359877430643,0.9401434337519083,6.213897705078125,0.20760014653205872,0.03340900613191679,0.0
35,octanol_dipole,37,0.0797816812992096,0.03248930722475052,0.5838293073348613,0.9705450407627856,6.066604137420654,0.009094690904021263,0.001499140325956403,0.02
35,octanol_dipole,38,0.2027837187051773,0.02684350311756134,0.5834539799161884,0.9201971429413709,5.034736156463623,0.28363868594169617,0.05633635549651578,0.06
35,octanol_dipole,39,0.0559358187019825,0.028402648866176605,0.5822106838614038,0.9595619560269293,5.317237854003906,0.008167168125510216,0.0015359794595910916,0.06
35,octanol_dipole,40,0.07444370537996292,0.030330058187246323,0.5822047375221671,0.9537911794407858,5.683932304382324,0.013114497996866703,0.0023072931369635414,0.0
35,octanol_dipole,41,0.04213310778141022,0.03338805213570595,0.5839214807325399,0.9706413095430617,6.250047206878662,0.008165364153683186,0.001306448396853158,0.0
35,octanol_dipole,42,0.21650584042072296,0.03184444084763527,0.5940518051466457,0.8777795327915672,6.371343612670898,0.5601101517677307,0.0879108373081341,0.08
35,octanol_dipole,43,0.17198987305164337,0.024475783109664917,0.5867627298931399,0.9180719070407408,4.574209690093994,0.20301775634288788,0.044383132846434095,0.06
35,octanol_dipole,44,0.0775093287229538,0.028120508417487144,0.5807508127786778,0.9557500656961797,5.239650726318359,0.01099005900323391,0.002097479312510602,0.04
35,octanol_dipole,45,0.2710241973400116,0.0206855908036232,0.5854773195757144,0.9094973948574392,3.90793776512146,0.47363656759262085,0.12119859528466674,0.1
35,octanol_dipole,46,0.12091699987649918,0.03199613094329834,0.5836045554534663,0.9351126493338742,6.0169525146484375,0.06768616288900375,0.011249243321136393,0.02
35,octanol_dipole,47,0.06869304180145264,0.028197618201375008,0.5831677662875023,0.9551118780871899,5.2731146812438965,0.013032922521233559,0.002471579570911052,0.0
35,octanol_dipole,48,0.06365733593702316,0.029719632118940353,0.5834995364177802,0.9617641345340491,5.518515110015869,0.01631321758031845,0.002956088232994172,0.02
35,octanol_dipole,49,0.0769011601805687,0.03201901912689209,0.5836328341029029,0.970024627926448,6.031656742095947,0.005602664314210415,0.0009288765183052408,0.06
35,octanol_dipole,50,0.32273614406585693,0.029445141553878784,0.5856393120286323,0.8995341031350186,5.700958251953125,0.7885972857475281,0.13832714622622572,0.08
35,octanol_dipole,51,0.10346299409866333,0.025739265605807304,0.5817220771628497,0.9526380903214171,4.8001604080200195,0.010683384723961353,0.0022256307739449187,0.02
35,octanol_dipole,52,0.28684890270233154,0.03007403016090393,0.5849535416593399,0.8866621007453712,5.697797775268555,0.7465840578079224,0.13103028349803686,0.1
35,octanol_dipole,53,0.0722748339176178,0.01843404397368431,0.5830187648946785,0.9568714755490981,3.4135079383850098,0.009963900782167912,0.002918962241195785,0.06
35,octanol_dipole,54,0.2860134541988373,0.026254408061504364,0.5838240533382544,0.9147027493151609,5.033728122711182,0.7269233465194702,0.14441053008797525,0.12
35,octanol_dipole,55,0.0829094797372818,0.03046000748872757,0.581486726828949,0.9517935189720053,5.6978302001953125,0.007641990203410387,0.0013412105898045947,0.04
35,octanol_dipole,56,0.042424824088811874,0.02405513823032379,0.5830686767114877,0.9641613663078203,4.491305828094482,0.005839524790644646,0.0013001841812055291,0.04
35,octanol_dipole,57,0.09296569973230362,0.029544107615947723,0.5830163176459082,0.964185525374492,5.539738178253174,0.006526285316795111,0.0011780855171846807,0.04
35,octanol_dipole,58,0.16315267980098724,0.031185809522867203,0.5888284980624612,0.9255752857226824,5.922643661499023,0.26601487398147583,0.044914887537594546,0.02
35,octanol_dipole,59,0.14392058551311493,0.02796093560755253,0.583267665038101,0.9221156277083129,5.26718807220459,0.1281648874282837,0.024332696245387735,0.02
35,octanol_dipole,60,0.10797309130430222,0.03794384375214577,0.5841845820230078,0.9689402749269245,7.077233791351318,0.009929079562425613,0.001402960514680096,0.06
35,octanol_dipole,61,0.12768088281154633,0.028984729200601578,0.5813116089656556,0.9481787821352636,5.423962593078613,0.11551472544670105,0.021297109532817684,0.04
35,octanol_dipole,62,0.08178038895130157,0.026800373569130898,0.5817070336978103,0.9733582003124541,5.003633975982666,0.01120703760534525,0.0022397796599708903,0.0
35,octanol_dipole,63,0.09918255358934402,0.028895121067762375,0.5829230556203759,0.9555078636372931,5.377325057983398,0.040471307933330536,0.007526290022814441,0.0
35,octanol_dipole,64,0.08850860595703125,0.02429775334894657,0.5834420681960975,0.9643553167528705,4.553439617156982,0.01564769633114338,0.003436456315833015,0.02
35,octanol_dipole,65,0.055254846811294556,0.029137954115867615,0.5834355577250456,0.9516804378972661,5.461751461029053,0.005799996200948954,0.0010619297202249793,0.08
35,octanol_dipole,66,0.08733787387609482,0.03141479939222336,0.5811978426536217,0.9604993153273538,5.867003917694092,0.01178058423101902,0.0020079387019821767,0.0
35,octanol_dipole,67,0.1590663492679596,0.025357969105243683,0.5822991639581525,0.9302938566985202,4.736206531524658,0.108170285820961,0.02283901369185843,0.02
35,octanol_dipole,68,0.07457128912210464,0.024847064167261124,0.5826274585593876,0.9533373849927866,4.628970623016357,0.01717378757894039,0.003710066228017992,0.0
35,octanol_dipole,69,0.09441691637039185,0.022671598941087723,0.5835320253641654,0.9500732846003042,4.2437567710876465,0.033802781254053116,0.00796529657032858,0.04
35,octanol_dipole,70,0.14470456540584564,0.03384934738278389,0.5815455842992094,0.9236467613833139,6.3571319580078125,0.18884074687957764,0.02970533695493026,0.04
35,octanol_dipole,71,0.15044742822647095,0.03340998664498329,0.5788955826614703,0.9449056285416835,6.2207746505737305,0.04346902295947075,0.006987718636530529,0.04
35,octanol_dipole,72,0.09906060248613358,0.027876298874616623,0.5832023754670037,0.9567853403041782,5.18567419052124,0.052764445543289185,0.010175040622439402,0.02
35,octanol_dipole,73,0.09319281578063965,0.02771920897066593,0.5831642192676549,0.968430032188933,5.225371360778809,0.010404109954833984,0.001991075702853647,0.06
35,octanol_dipole,74,0.11667599529027939,0.02410016395151615,0.581721173218545,0.9351112182426431,4.4836578369140625,0.09374448657035828,0.020908037584527008,0.04
35,octanol_dipole,75,0.09805237501859665,0.032226596027612686,0.5910651424449267,0.957488753491843,6.131305694580078,0.008910831063985825,0.0014533333531001036,0.0
35,octanol_dipole,76,0.1493239402770996,0.029713258147239685,0.5837550491788612,0.9094279888409296,5.570840835571289,0.21929951012134552,0.039365603253473026,0.02
35,octanol_dipole,77,0.2199648767709732,0.018777985125780106,0.5844102576250445,0.9252275300048642,3.5210518836975098,0.27989813685417175,0.07949276128253085,0.08
35,octanol_dipole,78,0.14282891154289246,0.028887351974844933,0.5826982661446487,0.9469962751493399,5.4261250495910645,0.06297274678945541,0.011605472821567446,0.02
35,octanol_dipole,79,0.06738586723804474,0.0278695747256279,0.581773579489973,0.9667255758669631,5.234286308288574,0.011476537212729454,0.0021925696335250476,0.06
35,octanol_dipole,80,0.18213701248168945,0.03712785243988037,0.5833376329765039,0.9099508811675823,7.123968124389648,0.3123835325241089,0.04384965332096746,0.06
35,octanol_dipole,81,0.11483830958604813,0.027743572369217873,0.5818484743074221,0.9638245470661606,5.179763317108154,0.008410037495195866,0.0016236335485481533,0.06
35,octanol_dipole,82,0.07961864769458771,0.03152840584516525,0.5821875217283157,0.970274810875891,5.91178560256958,0.018527498468756676,0.0031339936381832973,0.02
35,octanol_dipole,83,0.2785809338092804,0.02965117059648037,0.5970222859644247,0.9062838999956366,6.037631988525391,0.6161007285118103,0.10204343850084253,0.22
35,octanol_dipole,84,0.24283260107040405,0.03096104972064495,0.5868423761989408,0.9076871659432875,5.890267372131348,0.41555261611938477,0.07054902432536271,0.06
35,octanol_dipole,85,0.3591296970844269,0.02694873884320259,0.5854363479378732,0.8890011559607109,5.161884784698486,0.7858568429946899,0.15224222852168776,0.1
35,octanol_dipole,86,0.041854679584503174,0.02880704216659069,0.5823055957528667,0.9641168219413547,5.374796390533447,0.009541799314320087,0.0017752857263813608,0.02
35,octanol_dipole,87,0.27714627981185913,0.032368678599596024,0.5860626670412192,0.8966372499564408,6.305346488952637,0.8577972054481506,0.1360428339586199,0.16
35,octanol_dipole,88,0.07274316996335983,0.035743314772844315,0.5788968288394316,0.967201543397485,6.571081161499023,0.008446100167930126,0.001285344064446674,0.04
35,octanol_dipole,89,0.31138285994529724,0.03051222302019596,0.587215251408624,0.8910098380839713,5.863393783569336,0.7849714159965515,0.13387663270992195,0.06
35,octanol_dipole,90,0.07232038676738739,0.034937504678964615,0.581685007963753,0.9491022202184833,6.4780755043029785,0.049804653972387314,0.0076881867059600045,0.0
35,octanol_dipole,91,0.03604188561439514,0.028772421181201935,0.5811850716301192,0.972561640096876,5.389777183532715,0.005624355748295784,0.001043522868715199,0.04
35,octanol_dipole,92,0.10943035036325455,0.033955082297325134,0.5906884406163841,0.9263082244673742,6.375702381134033,0.06014552339911461,0.0094335525411424,0.04
35,octanol_dipole,93,0.12760339677333832,0.029308417811989784,0.584298632152292,0.933718637062789,5.499294757843018,0.10598062723875046,0.019271676079483168,0.06
35,octanol_dipole,94,0.03950052335858345,0.02691792882978916,0.5852018454184653,0.9489889227864274,5.025956153869629,0.005504411645233631,0.0010951969091484465,0.02
35,octanol_dipole,95,0.089866042137146,0.0344013012945652,0.583997378656131,0.9327942289818201,6.414970397949219,0.07725871354341507,0.012043502736678825,0.02
35,octanol_dipole,96,0.04706757143139839,0.03412565588951111,0.5793073072960322,0.959392684982803,6.3383283615112305,0.0073134335689246655,0.0011538426461675051,0.04
35,octanol_dipole,97,0.2170371115207672,0.026419948786497116,0.5832645827100476,0.8983232502831124,5.015835762023926,0.5780540108680725,0.11524580115733765,0.04
35,octanol_dipole,98,0.12617552280426025,0.028303585946559906,0.5827669620533593,0.9394199535858756,5.319506645202637,0.07486157864332199,0.014073030383529162,0.06
35,octanol_dipole,99,0.13098713755607605,0.01834750734269619,0.5814008626779554,0.9022612582004779,3.4023354053497314,0.12378130108118057,0.03638127531064413,0.04
35,octanol_dipole,100,0.2876189649105072,0.028949694707989693,0.5849898596574024,0.906579078709393,5.510465145111084,0.5023280382156372,0.09115891762083016,0.12
35,octanol_dipole,101,0.07835811376571655,0.03184165433049202,0.5838573533900882,0.9619286455812179,5.977405548095703,0.014676475897431374,0.0024553254383261718,0.0
35,octanol_dipole,102,0.3209499716758728,0.02704622969031334,0.5819147132290097,0.8940208581963995,5.230569839477539,0.6501429080963135,0.12429676460667499,0.12
35,octanol_dipole,103,0.1880301982164383,0.02816198393702507,0.588471209323125,0.9132497450168362,5.47078800201416,0.305876225233078,0.05591081670875652,0.08
35,octanol_dipole,104,0.2240375429391861,0.027486080303788185,0.5824499074226761,0.8795196576284847,5.166085720062256,0.6035846471786499,0.11683597212385709,0.1
35,octanol_dipole,105,0.08680375665426254,0.026685025542974472,0.5851644857010576,0.9591467391704982,4.922464370727539,0.007141202222555876,0.0014507372089928216,0.0
35,octanol_dipole,106,0.2514074146747589,0.03472701460123062,0.5870756654990903,0.8934059216593722,6.459476470947266,0.6275053024291992,0.09714491650391865,0.16
35,octanol_dipole,107,0.08310215920209885,0.023237362504005432,0.5813263417215206,0.9727663146541257,4.310918807983398,0.019327625632286072,0.004483412120055058,0.04
35,octanol_dipole,108,0.1288129836320877,0.030890118330717087,0.5849861789673294,0.9421999651674231,5.811388969421387,0.04752745479345322,0.008178329663275887,0.0
35,octanol_dipole,109,0.23446322977542877,0.035574644804000854,0.587036400715742,0.8964572818658103,6.694530963897705,0.7185770869255066,0.10733792864662993,0.02
35,octanol_dipole,110,0.0969732329249382,0.028222082182765007,0.5820178734283763,0.9614979366177199,5.280242443084717,0.00836594495922327,0.0015843865219067265,0.0
35,octanol_dipole,111,0.08018939197063446,0.024508679285645485,0.5839141867897062,0.9608610393221322,4.577347755432129,0.017814725637435913,0.0038919318761163465,0.06
35,octanol_dipole,112,0.07800357043743134,0.029180828481912613,0.5826273252082041,0.9716941459831587,5.4703779220581055,0.011963558383286,0.0021869710929925995,0.02
35,octanol_dipole,113,0.10994931310415268,0.03070087544620037,0.5824952944538646,0.9577197312425814,5.76402473449707,0.008889096789062023,0.0015421683976929751,0.06
35,octanol_dipole,114,0.07921020686626434,0.035379767417907715,0.5828065032305447,0.9679724979645936,6.6504669189453125,0.0063375551253557205,0.0009529488985655737,0.04
35,octanol_dipole,115,0.08135063201189041,0.0272445660084486,0.5833215869327335,0.9667230690221902,5.123163223266602,0.00506177544593811,0.0009880176026698308,0.02
35,octanol_dipole,116,0.04525953158736229,0.016786782070994377,0.5833092604021002,0.9635670139540664,3.0737648010253906,0.011191831901669502,0.003641082719776077,0.0
35,octanol_dipole,117,0.08974623680114746,0.031224120408296585,0.58250372181715,0.9487060307468831,5.866581916809082,0.01925300806760788,0.0032818101478211126,0.0
35,octanol_dipole,118,0.08091212809085846,0.03166637942194939,0.5821833598708603,0.9584637559862592,5.894647121429443,0.010349963791668415,0.0017558241534157458,0.02
35,octanol_dipole,119,0.05717012658715248,0.02941965125501156,0.5833208816133322,0.9545647780468907,5.515141010284424,0.008631006814539433,0.0015649657548999494,0.04
35,octanol_dipole,120,0.07564340531826019,0.024695847183465958,0.5827827200932714,0.9720404049734881,4.642683506011963,0.025961296632885933,0.005591873018970128,0.04
35,octanol_dipole,121,0.04808107018470764,0.023733001202344894,0.5827446119242445,0.9584579314385246,4.426690101623535,0.020761309191584587,0.004690029958042502,0.04
35,octanol_dipole,122,0.12852700054645538,0.013112444430589676,0.5854054324613747,0.9617419624354075,2.453247547149658,0.04326086491346359,0.017634121335911194,0.1
35,octanol_dipole,123,0.13890022039413452,0.028771070763468742,0.5841622226970653,0.9324359405186895,5.4450836181640625,0.09810049086809158,0.01801634240121522,0.06
35,octanol_dipole,124,0.05691983178257942,0.030598439276218414,0.5828117912761315,0.9576314967242596,5.8075480461120605,0.01473983470350504,0.0025380478278389474,0.02
35,octanol_dipole,125,0.13736982643604279,0.025359412655234337,0.5848286034539993,0.9187295606153092,4.8485822677612305,0.19566236436367035,0.04035455181706443,0.0
35,octanol_dipole,126,0.08550576865673065,0.031012466177344322,0.5816167814119004,0.9632219941182969,5.785830497741699,0.008923029527068138,0.001542221039926928,0.04
35,octanol_dipole,127,0.18327774107456207,0.029989641159772873,0.5841049306019468,0.9166586860877546,5.679818153381348,0.22548606991767883,0.039699522736206076,0.02
35,octanol_dipole,128,0.1193767786026001,0.027134651318192482,0.5826987020837253,0.9512240748262233,5.085024833679199,0.06345360726118088,0.01247852455722815,0.06
35,octanol_dipole,129,0.13096535205841064,0.027436144649982452,0.5824046840851798,0.9333298608821634,5.1503190994262695,0.07124508917331696,0.013833140781753397,0.02
35,octanol_dipole,130,0.07570639997720718,0.03746417537331581,0.5822698611149788,0.9672146851488992,6.9944868087768555,0.01062126737087965,0.0015185198944905895,0.0
35,octanol_dipole,131,0.2462288737297058,0.02553798072040081,0.5838142169805687,0.8908844091001773,4.858797550201416,0.4733699858188629,0.09742533639814648,0.06
35,octanol_dipole,132,0.028048889711499214,0.022817641496658325,0.5809280607081058,0.963565620356468,4.19778299331665,0.007086051627993584,0.001688046199452279,0.02
35,octanol_dipole,133,0.06156177446246147,0.03161371126770973,0.5824167240330707,0.9585395764151299,5.922133445739746,0.0071785892359912395,0.0012121626947051254,0.02
35,octanol_dipole,134,0.18390975892543793,0.02693037874996662,0.5832726661082228,0.9274347855364098,5.093033790588379,0.1757768988609314,0.03451320098950778,0.06
35,octanol_dipole,135,0.06185980886220932,0.04761393740773201,0.6039481673814802,0.9409928439341606,9.283390998840332,0.03550751507282257,0.0038248432148616945,0.04
35,octanol_dipole,136,0.11459933966398239,0.029340244829654694,0.5818792988519095,0.947242371047653,5.491648197174072,0.09996692836284637,0.018203447266394085,0.02
35,octanol_dipole,137,0.08742737770080566,0.03486210107803345,0.5850917049438642,0.9538935048500343,6.566686630249023,0.013683711178600788,0.002083807550000581,0.0
35,octanol_dipole,138,0.07318911701440811,0.022555053234100342,0.5818752205780611,0.9598984119013874,4.179264545440674,0.00894053652882576,0.002139260731551284,0.02
35,octanol_dipole,139,0.30006393790245056,0.029457271099090576,0.5832211276278148,0.8928111354216357,5.637786865234375,0.806931734085083,0.14312916635090586,0.08
35,octanol_dipole,140,0.1292380839586258,0.02940632961690426,0.58120566992955,0.9346178548285902,5.511968612670898,0.10225814580917358,0.018552018887426688,0.02
35,octanol_dipole,141,0.18147492408752441,0.036952339112758636,0.5881020004940292,0.9008454101147048,7.2181501388549805,0.6252747178077698,0.08662534108870136,0.06
35,octanol_dipole,142,0.13270486891269684,0.02732549048960209,0.5857606418342922,0.9358238546543711,5.15790319442749,0.12424159795045853,0.024087617248165303,0.02
35,octanol_dipole,143,0.0840897485613823,0.02304193750023842,0.5834515924074519,0.9618454346069614,4.312227249145508,0.005861364770680666,0.0013592430157390542,0.02
35,octanol_dipole,144,0.24548232555389404,0.03200490400195122,0.582948058139066,0.9064452045367264,6.089076519012451,0.39045631885528564,0.06412406177457781,0.06
35,octanol_dipole,145,0.07842511683702469,0.034192100167274475,0.5788760802555404,0.9691197936177953,6.336659908294678,0.006536887492984533,0.0010315982848357946,0.02
35,octanol_dipole,146,0.10529100149869919,0.021257849410176277,0.5826064900673085,0.951197677033307,3.952751874923706,0.02311096154153347,0.005846803005306157,0.02
35,octanol_dipole,147,0.0766667053103447,0.03409847989678383,0.582517608235958,0.9636094851529868,6.394543170928955,0.011864854022860527,0.0018554654657428613,0.02
35,octanol_dipole,148,0.0977110043168068,0.027848020195961,0.5819602637893557,0.9593738819660504,5.213260173797607,0.012977521866559982,0.002489329408838325,0.02
35,octanol_dipole,149,0.07899019867181778,0.031649187207221985,0.5793680943500772,0.9630208487819649,5.886752128601074,0.00778917083516717,0.0013231694939766702,0.04
35,octanol_dipole,150,0.2892758846282959,0.025116458535194397,0.5833487750493487,0.8885437357678256,4.781857490539551,0.7461050152778625,0.1560282833091451,0.16
35,octanol_dipole,151,0.17400884628295898,0.030045438557863235,0.5774408045889456,0.93227585157036,5.535858631134033,0.13270914554595947,0.02397263990803423,0.08
35,octanol_dipole,152,0.16487543284893036,0.03166425973176956,0.583801037165818,0.9118450224762835,5.964967727661133,0.2819013297557831,0.04725948951048504,0.04
35,octanol_dipole,153,0.12583166360855103,0.03349713236093521,0.5873098849694911,0.9422701575610732,6.474640369415283,0.11388278007507324,0.01758905106344275,0.04
35,octanol_dipole,154,0.07672135531902313,0.03009393811225891,0.5842126589067236,0.9643255163360775,5.655290126800537,0.011749026365578175,0.0020775284914029955,0.0
35,octanol_dipole,155,0.05336649715900421,0.027637260034680367,0.5822425375932383,0.9690074746302926,5.167934417724609,0.007640487048774958,0.0014784411780788403,0.02
35,octanol_dipole,156,0.07604417949914932,0.02723093144595623,0.5811159586513408,0.9689029976685044,5.066454887390137,0.007486504036933184,0.0014776612450584116,0.0
35,octanol_dipole,157,0.06306099146604538,0.027299145236611366,0.5820454253244169,0.9554267834790968,5.100379943847656,0.005366736091673374,0.001052222805116119,0.06
35,octanol_dipole,158,0.07956003397703171,0.027503037825226784,0.580879812215835,0.9657136251026641,5.115540981292725,0.01030644215643406,0.0020147316176576825,0.02
35,octanol_dipole,159,0.18983665108680725,0.018672028556466103,0.5837364139756303,0.923933110741797,3.5023529529571533,0.18867723643779755,0.05387156547957026,0.08
35,octanol_dipole,160,0.11931625008583069,0.028220979496836662,0.581383487232356,0.9305894919000626,5.270337104797363,0.05824870243668556,0.01105217774090091,0.02
35,octanol_dipole,161,0.07485401630401611,0.029133567586541176,0.5834080076107027,0.9573241334871598,5.470989227294922,0.006070278584957123,0.0011095394877899466,0.02
35,octanol_dipole,162,0.15179729461669922,0.03538518771529198,0.5800759144940568,0.9304026350351853,6.599503040313721,0.19349464774131775,0.029319578543920116,0.0
35,octanol_dipole,163,0.07028467208147049,0.026726556941866875,0.582151684375158,0.9731994667432002,4.992198944091797,0.006282702088356018,0.001258503949605517,0.02
35,octanol_dipole,164,0.0720239207148552,0.042953744530677795,0.5817041658123678,0.9624671888938083,8.152536392211914,0.007867014966905117,0.0009649775957357818,0.06
35,octanol_dipole,165,0.09358106553554535,0.025682711973786354,0.5832999206760194,0.9527242062222361,4.834686279296875,0.015070166438817978,0.0031170929338996704,0.02
35,octanol_dipole,166,0.24299822747707367,0.03427586704492569,0.5831207497660336,0.9004648536979887,6.512797832489014,0.5079991221427917,0.07800013683959975,0.08
35,octanol_dipole,167,0.07522495836019516,0.03372201323509216,0.5931761397360433,0.9585084054929984,6.685908794403076,0.007976825349032879,0.0011930801921364016,0.06
35,octanol_dipole,168,0.07431428879499435,0.03437497094273567,0.5824847309902044,0.976351063023339,6.453500270843506,0.007447659969329834,0.0011540496872647354,0.02
35,octanol_dipole,169,0.08272422105073929,0.030063899233937263,0.5837675997794196,0.9679057347839195,5.630512714385986,0.007520909421145916,0.001335741486193603,0.06
35,octanol_dipole,170,0.17585469782352448,0.01767621375620365,0.5819011272136803,0.9270748079704116,3.2657036781311035,0.18214787542819977,0.05577599604273935,0.06
35,octanol_dipole,171,0.06824491173028946,0.0285554900765419,0.590491772192296,0.9674295248971958,5.563528060913086,0.004177168942987919,0.0007508129548828702,0.02
35,octanol_dipole,172,0.04401252046227455,0.021216003224253654,0.5815810808799395,0.9540430925560526,3.9298508167266846,0.01197029184550047,0.0030459914138600713,0.04
35,octanol_dipole,173,0.1046733483672142,0.027509940788149834,0.5830829670890858,0.9566191971633631,5.15693473815918,0.026553601026535034,0.005149105500608606,0.02
35,octanol_dipole,174,0.08078331500291824,0.02623921073973179,0.5835948380294456,0.9659004088314116,4.91982889175415,0.009354731999337673,0.0019014344208223614,0.04
35,octanol_dipole,175,0.1495613306760788,0.02697131410241127,0.5819324173790479,0.9236293508712068,5.043052673339844,0.1225811019539833,0.02430692477237244,0.06
35,octanol_dipole,176,0.27357861399650574,0.03217935189604759,0.5861087242426373,0.8854618699418799,6.2429304122924805,0.6479794383049011,0.10379411518491605,0.08
35,octanol_dipole,177,0.07205671072006226,0.02791603095829487,0.5859203916189617,0.9650226670193465,5.370524883270264,0.007303456775844097,0.0013599148937183244,0.02
35,octanol_dipole,178,0.11417967826128006,0.0323924757540226,0.5838789399987394,0.9429227245347123,6.078359127044678,0.041206177324056625,0.006779161359636746,0.02
35,octanol_dipole,179,0.07147665321826935,0.03456513211131096,0.5827249396929224,0.9759314115995674,6.453729152679443,0.007142649032175541,0.0011067475661277284,0.02
35,octanol_dipole,180,0.11936621367931366,0.0272202268242836,0.5855826321248907,0.9429848857011474,5.229829788208008,0.07294865697622299,0.013948571928804346,0.02
35,octanol_dipole,181,0.034939371049404144,0.027434013783931732,0.5848334598478613,0.9649151285642321,5.126282691955566,0.006175539921969175,0.0012046818899902182,0.0
35,octanol_dipole,182,0.13514694571495056,0.026618650183081627,0.581529320708543,0.9352276227308216,4.960299015045166,0.08629793673753738,0.01739772874090567,0.04
35,octanol_dipole,183,0.06606721878051758,0.03890454024076462,0.5862644470003326,0.9719612702916942,7.351167678833008,0.003935674671083689,0.000535380886823748,0.0
35,octanol_dipole,184,0.1984272599220276,0.019293591380119324,0.5825332524259696,0.9085502577809412,3.5838472843170166,0.321935772895813,0.08982965716887827,0.02
35,octanol_dipole,185,0.06510012596845627,0.026582300662994385,0.5821776099885243,0.9575361848046662,4.966620445251465,0.007238691207021475,0.0014574681691133281,0.04
35,octanol_dipole,186,0.07654537260532379,0.026154235005378723,0.5857480527204342,0.9707204910381235,4.936784744262695,0.004832279868423939,0.0009788313890006634,0.0
35,octanol_dipole,187,0.1338924616575241,0.01879551261663437,0.5835876512395113,0.9432635484279255,3.499799966812134,0.05641539767384529,0.016119606322881487,0.06
35,octanol_dipole,188,0.26885363459587097,0.02626005932688713,0.5852047954635791,0.8904631143502899,5.004067897796631,0.529036283493042,0.10572124405545834,0.14
35,octanol_dipole,189,0.09237837791442871,0.027817698195576668,0.5830488804121134,0.9486958250133302,5.237609386444092,0.00917933601886034,0.0017525812525497168,0.02
35,octanol_dipole,190,0.16528941690921783,0.029864532873034477,0.5820687046223145,0.9372584837769413,5.609923362731934,0.0724831074476242,0.012920516513495866,0.06
35,octanol_dipole,191,0.09652239829301834,0.026022963225841522,0.5813925908517592,0.957588137852361,4.838779449462891,0.01886572688817978,0.003898860670385358,0.02
35,octanol_dipole,192,0.22849738597869873,0.018895182758569717,0.5850264289283253,0.908914986627704,3.5335912704467773,0.44253504276275635,0.12523662441208247,0.04
35,octanol_dipole,193,0.06638931483030319,0.029694464057683945,0.582556428218103,0.9537455062585918,5.564451217651367,0.009393412619829178,0.0016881112354856678,0.04
35,octanol_dipole,194,0.15927064418792725,0.026973571628332138,0.5821583631655527,0.9224087704490376,5.127537727355957,0.1539480984210968,0.030023786582742705,0.06
35,octanol_dipole,195,0.05269249156117439,0.02886238507926464,0.5892624071032537,0.9532882125492503,5.469540596008301,0.008416460826992989,0.0015387875232401357,0.0
35,octanol_dipole,196,0.06418415158987045,0.02715492434799671,0.5819946877230995,0.967944585688199,5.045985698699951,0.007480680011212826,0.0014825012312540144,0.0
35,octanol_dipole,197,0.12959808111190796,0.025971505790948868,0.5829256932009208,0.9130812221013049,4.82646369934082,0.1666104793548584,0.0345201973398481,0.02
35,octanol_dipole,198,0.07100430130958557,0.02666795440018177,0.5828470875112763,0.9683262848253609,4.988017559051514,0.006521268747746944,0.0013073868867829292,0.04
35,octanol_dipole,199,0.10251656174659729,0.022878950461745262,0.5830866778384063,0.9613235030760654,4.299581050872803,0.02188216708600521,0.005089371924169959,0.0
35,octanol_dipole,200,0.08702794462442398,0.02889249473810196,0.5779585717574782,0.9594325454466761,5.2997965812683105,0.006820375565439463,0.0012869127070924782,0.0
35,octanol_dipole,201,0.17825932800769806,0.027217304334044456,0.5823761811370336,0.9352400447807021,5.181890964508057,0.43751171231269836,0.08443089893425297,0.04
35,octanol_dipole,202,0.08966673910617828,0.02743624895811081,0.5824227759079841,0.9682303256700762,5.028385639190674,0.005402072798460722,0.0010743155330723985,0.02
35,octanol_dipole,203,0.0904432013630867,0.022250212728977203,0.5832779812457423,0.9617358723272287,4.151779651641846,0.01739531196653843,0.004189844699407241,0.04
35,octanol_dipole,204,0.08047448098659515,0.030524736270308495,0.5810163592088935,0.9423405729025467,5.7061028480529785,0.04020749777555466,0.00704640257041181,0.04
35,octanol_dipole,205,0.22181017696857452,0.032825518399477005,0.5832301369517892,0.8947362199723041,6.105385780334473,0.5585019588470459,0.09147693183385529,0.04
35,octanol_dipole,206,0.19089215993881226,0.02477741613984108,0.582895074511607,0.9134851128799502,4.699885845184326,0.2891790270805359,0.06152894700130626,0.02
35,octanol_dipole,207,0.06010487303137779,0.02763601392507553,0.5835223088058399,0.9641058199631107,5.188452243804932,0.009136964567005634,0.0017610193055000688,0.04
35,octanol_dipole,208,0.2121390849351883,0.027099957689642906,0.5826779497409236,0.9130618297750142,5.088853359222412,0.3342076241970062,0.06567444581426765,0.02
35,octanol_dipole,209,0.21225205063819885,0.027674434706568718,0.5802561978830154,0.9035266423335466,5.17221736907959,0.4320352077484131,0.08352997890831006,0.06
35,octanol_dipole,210,0.2614087760448456,0.029705841094255447,0.5862114072827134,0.8905974408210784,5.6808977127075195,0.6502851247787476,0.11446872618813994,0.1
35,octanol_dipole,211,0.32345807552337646,0.02140939049422741,0.5835399226470674,0.8907947368411064,4.038235187530518,0.611351728439331,0.1513908180303852,0.08
35,octanol_dipole,212,0.20910026133060455,0.02457607164978981,0.5825974603144439,0.9097599548269362,4.637506008148193,0.22932209074497223,0.04944944337366865,0.04
35,octanol_dipole,213,0.0547504797577858,0.030411476269364357,0.5823991110013778,0.9718834386838358,5.726899147033691,0.006687849294394255,0.0011677958914045653,0.04
35,octanol_dipole,214,0.08501169085502625,0.022397754713892937,0.5825824879406909,0.9394208735567351,4.168156623840332,0.03335247188806534,0.008001731916046867,0.02
35,octanol_dipole,215,0.09689172357320786,0.020399073138833046,0.5830902762430374,0.9401022295293477,3.758467435836792,0.03774568438529968,0.010042839276827715,0.02
35,octanol_dipole,216,0.24208927154541016,0.02806592360138893,0.5883118897523172,0.8830440176406027,5.509047508239746,0.6518885493278503,0.11833053687644493,0.06
35,octanol_dipole,217,0.0989096537232399,0.031033778563141823,0.5910808583928624,0.9422899518298424,6.105181694030762,0.033933091908693314,0.005558080596007621,0.02
35,octanol_dipole,218,0.12220478057861328,0.026292873546481133,0.5835227735579038,0.9289556424499172,4.937361717224121,0.11516400426626205,0.023325008549507177,0.04
35,octanol_dipole,219,0.11181509494781494,0.03054468333721161,0.5819047074113861,0.9255977924359791,5.708505630493164,0.07335636764764786,0.012850362668611491,0.02
35,octanol_dipole,220,0.2812526822090149,0.034945230931043625,0.5838861649370455,0.9133456249868304,6.626968860626221,0.5165595412254333,0.07794808638600131,0.06
35,octanol_dipole,221,0.29676955938339233,0.021360376849770546,0.5843432709749918,0.8938486570210455,4.065921783447266,0.536504864692688,0.13195159505449605,0.16
35,octanol_dipole,222,0.10538128763437271,0.027077291160821915,0.5858013036135263,0.9429740366779822,5.10785436630249,0.028002861887216568,0.005482314075349701,0.02
35,octanol_dipole,223,0.07154121994972229,0.023148635402321815,0.5819744821581712,0.9448613765741105,4.325414657592773,0.022705601528286934,0.005249346785383878,0.02
35,octanol_dipole,224,0.09665777534246445,0.028064150363206863,0.5825308119961845,0.9421224762019234,5.247981071472168,0.03834442049264908,0.00730650891655992,0.02
35,octanol_dipole,225,0.0518995076417923,0.03046230599284172,0.5882837362729616,0.9682130632442105,5.684297561645508,0.009417848661541939,0.001656818377188479,0.02
35,octanol_dipole,226,0.19766490161418915,0.030438780784606934,0.5831795027139035,0.8963862272090495,5.781853199005127,0.4557497501373291,0.07882416492617784,0.06
35,octanol_dipole,227,0.29436132311820984,0.025955259799957275,0.5826556721886862,0.8868240528272142,5.007192611694336,0.6339923143386841,0.12661632245941373,0.12
35,octanol_dipole,228,0.36764946579933167,0.02629825659096241,0.5870898819036618,0.8946612875776525,5.022826671600342,0.9550439119338989,0.19014072640288995,0.18
35,octanol_dipole,229,0.07720033824443817,0.019740397110581398,0.5851975683922521,0.9489937619719993,3.691241502761841,0.014313705265522003,0.003877748246711108,0.06
35,octanol_dipole,230,0.18138965964317322,0.03339396417140961,0.5864745618090268,0.9164192473585402,6.297096252441406,0.34269803762435913,0.05442159749289109,0.0
35,octanol_dipole,231,0.12472903728485107,0.016594775021076202,0.5829416269807293,0.927392175556176,3.0546371936798096,0.18279273808002472,0.05984106343569431,0.06
35,octanol_dipole,232,0.07587947696447372,0.029808200895786285,0.5822264068520036,0.9709223301919423,5.599966049194336,0.009978554211556911,0.001781895483632891,0.12
35,octanol_dipole,233,0.09490178525447845,0.02781759388744831,0.5822923161034474,0.9591366423261851,5.202922344207764,0.014069084078073502,0.0027040734316813577,0.04
35,octanol_dipole,234,0.12052728235721588,0.03133741393685341,0.5816772976177824,0.9566894247172613,5.851109981536865,0.007957401685416698,0.0013599815608536195,0.08
35,octanol_dipole,235,0.26805558800697327,0.02672857977449894,0.5822842119401708,0.8889494461131731,5.052679061889648,0.6592535972595215,0.13047604828733525,0.12
35,octanol_dipole,236,0.15010666847229004,0.02965415269136429,0.5771652927081685,0.9105131140128044,5.517055511474609,0.17327912151813507,0.03140789886158327,0.02
35,octanol_dipole,237,0.07577549666166306,0.024601563811302185,0.5811985636864325,0.9596693965007568,4.578166484832764,0.008651056326925755,0.0018896334057719986,0.06
35,octanol_dipole,238,0.2632887065410614,0.02831326052546501,0.5838947024130219,0.8915424851334348,5.39096736907959,0.5720418095588684,0.106111161577395,0.04
35,octanol_dipole,239,0.11712668836116791,0.0326005183160305,0.5909221395875897,0.9374102334275785,6.3451032638549805,0.17480796575546265,0.02755005844447955,0.02
35,octanol_dipole,240,0.08088997006416321,0.03159153088927269,0.584424620786782,0.958136306330559,5.955494403839111,0.015015402808785439,0.0025212688973573726,0.04
35,octanol_dipole,241,0.11118092387914658,0.03984754532575607,0.5890192248888755,0.9204305400577732,7.53840970993042,0.17607887089252472,0.02335756182906513,0.02
35,octanol_dipole,242,0.22016394138336182,0.030924052000045776,0.5869070530882734,0.8957485745920175,5.879212379455566,0.5140429735183716,0.08743398610920287,0.04
35,octanol_dipole,243,0.045608360320329666,0.026926208287477493,0.5813307154781908,0.9593864809820727,5.007845401763916,0.011311718262732029,0.0022587994147638215,0.02
35,octanol_dipole,244,0.10372001677751541,0.01995912566781044,0.5815665366737277,0.9580906408546457,3.6842894554138184,0.014074684120714664,0.0038201895619338084,0.06
35,octanol_dipole,245,0.05101211369037628,0.03293865919113159,0.5857115109487689,0.9548875494040623,6.179203987121582,0.007257950492203236,0.001174576936985723,0.04
35,octanol_dipole,246,0.24042989313602448,0.025607116520404816,0.5838187013552081,0.8730576347092023,4.88854455947876,0.5206428170204163,0.10650262275116291,0.04
35,octanol_dipole,247,0.1820896565914154,0.03104960359632969,0.5816610537965252,0.9125423631035243,5.828610420227051,0.2816081643104553,0.04831480301603095,0.04
35,octanol_dipole,248,0.34134551882743835,0.030050387606024742,0.582368162991517,0.8990266857978109,5.770203590393066,0.629180371761322,0.10903954460269959,0.18
35,octanol_dipole,249,0.09294530749320984,0.030658965930342674,0.5814710006929282,0.9682603359214463,5.754899501800537,0.007905982434749603,0.0013737828840062378,0.02
35,hexane_gsolv_eV,0,1.0,0.0,0.6513273139275424,0.6513273139275424,,,,1.0
35,hexane_gsolv_eV,1,1.0,0.0,0.6513273139275424,0.6513273139275424,,,,1.0
35,hexane_gsolv_eV,2,1.0,0.0,0.6513273139275424,0.6513273139275424,,,,1.0
35,hexane_gsolv_eV,3,1.0,0.0,0.6513273139275424,0.6513273139275424,,,,1.0
35,hexane_gsolv_eV,4,1.0,0.0,0.6513273139275424,0.6513273139275424,,,,1.0
35,hexane_gsolv_eV,5,1.0,0.0,0.6513273139275424,0.6513273139275424,,,,1.0
35,hexane_gsolv_eV,6,1.0,0.0,0.6513273139275424,0.6513273139275424,,,,1.0
35,hexane_gsolv_eV,7,1.0,0.0,0.6513273139275424,0.6513273139275424,,,,1.0
35,hexane_gsolv_eV,8,1.0,0.0,0.6513273139275424,0.6513273139275424,,,,1.0
35,hexane_gsolv_eV,9,1.0,0.0,0.6513273139275424,0.6513273139275424,,,,1.0
35,hexane_gsolv_eV,10,1.0,0.0,0.6513273139275424,0.6513273139275424,,,,1.0
35,hexane_gsolv_eV,11,1.0,0.0,0.6513273139275424,0.6513273139275424,,,,1.0
35,hexane_gsolv_eV,12,1.0,0.0,0.6513273139275424,0.6513273139275424,,,,1.0
35,hexane_gsolv_eV,13,1.0,0.0,0.6513273139275424,0.6513273139275424,,,,1.0
35,hexane_gsolv_eV,14,1.0,0.0,0.6513273139275424,0.6513273139275424,,,,1.0
35,hexane_gsolv_eV,15,1.0,0.0,0.6513273139275424,0.6513273139275424,,,,1.0
35,hexane_gsolv_eV,16,1.0,0.0,0.6513273139275424,0.6513273139275424,,,,1.0
35,hexane_gsolv_eV,17,1.0,0.0,0.6513273139275424,0.6513273139275424,,,,1.0
35,hexane_gsolv_eV,18,1.0,0.0,0.6513273139275424,0.6513273139275424,,,,1.0
35,hexane_gsolv_eV,19,1.0,0.0,0.6513273139275424,0.6513273139275424,,,,1.0
35,hexane_gsolv_eV,20,1.0,0.0,0.6513273139275424,0.6513273139275424,,,,1.0
35,hexane_gsolv_eV,21,1.0,0.0,0.6513273139275424,0.6513273139275424,,,,1.0
35,hexane_gsolv_eV,22,1.0,0.0,0.6513273139275424,0.6513273139275424,,,,1.0
35,hexane_gsolv_eV,23,1.0,0.0,0.6513273139275424,0.6513273139275424,,,,1.0
35,hexane_gsolv_eV,24,1.0,0.0,0.6513273139275424,0.6513273139275424,,,,1.0
35,hexane_gsolv_eV,25,1.0,0.0,0.6513273139275424,0.6513273139275424,,,,1.0
35,hexane_gsolv_eV,26,1.0,0.0,0.6513273139275424,0.6513273139275424,,,,1.0
35,hexane_gsolv_eV,27,1.0,0.0,0.6513273139275424,0.6513273139275424,,,,1.0
35,hexane_gsolv_eV,28,1.0,0.0,0.6513273139275424,0.6513273139275424,,,,1.0
35,hexane_gsolv_eV,29,1.0,0.0,0.6513273139275424,0.6513273139275424,,,,1.0
35,hexane_gsolv_eV,30,1.0,0.0,0.6513273139275424,0.6513273139275424,,,,1.0
35,hexane_gsolv_eV,31,1.0,0.0,0.6513273139275424,0.6513273139275424,,,,1.0
35,hexane_gsolv_eV,32,1.0,0.0,0.6513273139275424,0.6513273139275424,,,,1.0
35,hexane_gsolv_eV,33,1.0,0.0,0.6513273139275424,0.6513273139275424,,,,1.0
35,hexane_gsolv_eV,34,1.0,0.0,0.6513273139275424,0.6513273139275424,,,,1.0
35,hexane_gsolv_eV,35,1.0,0.0,0.6513273139275424,0.6513273139275424,,,,1.0
35,hexane_gsolv_eV,36,1.0,0.0,0.6513273139275424,0.6513273139275424,,,,1.0
35,hexane_gsolv_eV,37,1.0,0.0,0.6513273139275424,0.6513273139275424,,,,1.0
35,hexane_gsolv_eV,38,1.0,0.0,0.6513273139275424,0.6513273139275424,,,,1.0
35,hexane_gsolv_eV,39,1.0,0.0,0.6513273139275424,0.6513273139275424,,,,1.0
35,hexane_gsolv_eV,40,1.0,0.0,0.6513273139275424,0.6513273139275424,,,,1.0
35,hexane_gsolv_eV,41,1.0,0.0,0.6513273139275424,0.6513273139275424,,,,1.0
35,hexane_gsolv_eV,42,1.0,0.0,0.6513273139275424,0.6513273139275424,,,,1.0
35,hexane_gsolv_eV,43,1.0,0.0,0.6513273139275424,0.6513273139275424,,,,1.0
35,hexane_gsolv_eV,44,1.0,0.0,0.6513273139275424,0.6513273139275424,,,,1.0
35,hexane_gsolv_eV,45,1.0,0.0,0.6513273139275424,0.6513273139275424,,,,1.0
35,hexane_gsolv_eV,46,1.0,0.0,0.6513273139275424,0.6513273139275424,,,,1.0
35,hexane_gsolv_eV,47,1.0,0.0,0.6513273139275424,0.6513273139275424,,,,1.0
35,hexane_gsolv_eV,48,1.0,0.0,0.6513273139275424,0.6513273139275424,,,,1.0
35,hexane_gsolv_eV,49,1.0,0.0,0.6513273139275424,0.6513273139275424,,,,1.0
35,hexane_gsolv_eV,50,1.0,0.0,0.6513273139275424,0.6513273139275424,,,,1.0
35,hexane_gsolv_eV,51,1.0,0.0,0.6513273139275424,0.6513273139275424,,,,1.0
35,hexane_gsolv_eV,52,1.0,0.0,0.6513273139275424,0.6513273139275424,,,,1.0
35,hexane_gsolv_eV,53,1.0,0.0,0.6513273139275424,0.6513273139275424,,,,1.0
35,hexane_gsolv_eV,54,1.0,0.0,0.6513273139275424,0.6513273139275424,,,,1.0
35,hexane_gsolv_eV,55,1.0,0.0,0.6513273139275424,0.6513273139275424,,,,1.0
35,hexane_gsolv_eV,56,1.0,0.0,0.6513273139275424,0.6513273139275424,,,,1.0
35,hexane_gsolv_eV,57,1.0,0.0,0.6513273139275424,0.6513273139275424,,,,1.0
35,hexane_gsolv_eV,58,1.0,0.0,0.6513273139275424,0.6513273139275424,,,,1.0
35,hexane_gsolv_eV,59,1.0,0.0,0.6513273139275424,0.6513273139275424,,,,1.0
35,hexane_gsolv_eV,60,1.0,0.0,0.6513273139275424,0.6513273139275424,,,,1.0
35,hexane_gsolv_eV,61,1.0,0.0,0.6513273139275424,0.6513273139275424,,,,1.0
35,hexane_gsolv_eV,62,1.0,0.0,0.6513273139275424,0.6513273139275424,,,,1.0
35,hexane_gsolv_eV,63,1.0,0.0,0.6513273139275424,0.6513273139275424,,,,1.0
35,hexane_gsolv_eV,64,1.0,0.0,0.6513273139275424,0.6513273139275424,,,,1.0
35,hexane_gsolv_eV,65,1.0,0.0,0.6513273139275424,0.6513273139275424,,,,1.0
35,hexane_gsolv_eV,66,1.0,0.0,0.6513273139275424,0.6513273139275424,,,,1.0
35,hexane_gsolv_eV,67,1.0,0.0,0.6513273139275424,0.6513273139275424,,,,1.0
35,hexane_gsolv_eV,68,1.0,0.0,0.6513273139275424,0.6513273139275424,,,,1.0
35,hexane_gsolv_eV,69,1.0,0.0,0.6513273139275424,0.6513273139275424,,,,1.0
35,hexane_gsolv_eV,70,1.0,0.0,0.6513273139275424,0.6513273139275424,,,,1.0
35,hexane_gsolv_eV,71,1.0,0.0,0.6513273139275424,0.6513273139275424,,,,1.0
35,hexane_gsolv_eV,72,1.0,0.0,0.6513273139275424,0.6513273139275424,,,,1.0
35,hexane_gsolv_eV,73,1.0,0.0,0.6513273139275424,0.6513273139275424,,,,1.0
35,hexane_gsolv_eV,74,1.0,0.0,0.6513273139275424,0.6513273139275424,,,,1.0
35,hexane_gsolv_eV,75,1.0,0.0,0.6513273139275424,0.6513273139275424,,,,1.0
35,hexane_gsolv_eV,76,1.0,0.0,0.6513273139275424,0.6513273139275424,,,,1.0
35,hexane_gsolv_eV,77,1.0,0.0,0.6513273139275424,0.6513273139275424,,,,1.0
35,hexane_gsolv_eV,78,1.0,0.0,0.6513273139275424,0.6513273139275424,,,,1.0
35,hexane_gsolv_eV,79,1.0,0.0,0.6513273139275424,0.6513273139275424,,,,1.0
35,hexane_gsolv_eV,80,1.0,0.0,0.6513273139275424,0.6513273139275424,,,,1.0
35,hexane_gsolv_eV,81,1.0,0.0,0.6513273139275424,0.6513273139275424,,,,1.0
35,hexane_gsolv_eV,82,1.0,0.0,0.6513273139275424,0.6513273139275424,,,,1.0
35,hexane_gsolv_eV,83,1.0,0.0,0.6513273139275424,0.6513273139275424,,,,1.0
35,hexane_gsolv_eV,84,1.0,0.0,0.6513273139275424,0.6513273139275424,,,,1.0
35,hexane_gsolv_eV,85,1.0,0.0,0.6513273139275424,0.6513273139275424,,,,1.0
35,hexane_gsolv_eV,86,1.0,0.0,0.6513273139275424,0.6513273139275424,,,,1.0
35,hexane_gsolv_eV,87,1.0,0.0,0.6513273139275424,0.6513273139275424,,,,1.0
35,hexane_gsolv_eV,88,1.0,0.0,0.6513273139275424,0.6513273139275424,,,,1.0
35,hexane_gsolv_eV,89,1.0,0.0,0.6513273139275424,0.6513273139275424,,,,1.0
35,hexane_gsolv_eV,90,1.0,0.0,0.6513273139275424,0.6513273139275424,,,,1.0
35,hexane_gsolv_eV,91,1.0,0.0,0.6513273139275424,0.6513273139275424,,,,1.0
35,hexane_gsolv_eV,92,1.0,0.0,0.6513273139275424,0.6513273139275424,,,,1.0
35,hexane_gsolv_eV,93,1.0,0.0,0.6513273139275424,0.6513273139275424,,,,1.0
35,hexane_gsolv_eV,94,1.0,0.0,0.6513273139275424,0.6513273139275424,,,,1.0
35,hexane_gsolv_eV,95,1.0,0.0,0.6513273139275424,0.6513273139275424,,,,1.0
35,hexane_gsolv_eV,96,1.0,0.0,0.6513273139275424,0.6513273139275424,,,,1.0
35,hexane_gsolv_eV,97,1.0,0.0,0.6513273139275424,0.6513273139275424,,,,1.0
35,hexane_gsolv_eV,98,1.0,0.0,0.6513273139275424,0.6513273139275424,,,,1.0
35,hexane_gsolv_eV,99,1.0,0.0,0.6513273139275424,0.6513273139275424,,,,1.0
35,hexane_gsolv_eV,100,1.0,0.0,0.6513273139275424,0.6513273139275424,,,,1.0
35,hexane_gsolv_eV,101,1.0,0.0,0.6513273139275424,0.6513273139275424,,,,1.0
35,hexane_gsolv_eV,102,1.0,0.0,0.6513273139275424,0.6513273139275424,,,,1.0
35,hexane_gsolv_eV,103,1.0,0.0,0.6513273139275424,0.6513273139275424,,,,1.0
35,hexane_gsolv_eV,104,1.0,0.0,0.6513273139275424,0.6513273139275424,,,,1.0
35,hexane_gsolv_eV,105,1.0,0.0,0.6513273139275424,0.6513273139275424,,,,1.0
35,hexane_gsolv_eV,106,1.0,0.0,0.6513273139275424,0.6513273139275424,,,,1.0
35,hexane_gsolv_eV,107,1.0,0.0,0.6513273139275424,0.6513273139275424,,,,1.0
35,hexane_gsolv_eV,108,1.0,0.0,0.6513273139275424,0.6513273139275424,,,,1.0
35,hexane_gsolv_eV,109,1.0,0.0,0.6513273139275424,0.6513273139275424,,,,1.0
35,hexane_gsolv_eV,110,1.0,0.0,0.6513273139275424,0.6513273139275424,,,,1.0
35,hexane_gsolv_eV,111,1.0,0.0,0.6513273139275424,0.6513273139275424,,,,1.0
35,hexane_gsolv_eV,112,1.0,0.0,0.6513273139275424,0.6513273139275424,,,,1.0
35,hexane_gsolv_eV,113,1.0,0.0,0.6513273139275424,0.6513273139275424,,,,1.0
35,hexane_gsolv_eV,114,1.0,0.0,0.6513273139275424,0.6513273139275424,,,,1.0
35,hexane_gsolv_eV,115,1.0,0.0,0.6513273139275424,0.6513273139275424,,,,1.0
35,hexane_gsolv_eV,116,1.0,0.0,0.6513273139275424,0.6513273139275424,,,,1.0
35,hexane_gsolv_eV,117,1.0,0.0,0.6513273139275424,0.6513273139275424,,,,1.0
35,hexane_gsolv_eV,118,1.0,0.0,0.6513273139275424,0.6513273139275424,,,,1.0
35,hexane_gsolv_eV,119,1.0,0.0,0.6513273139275424,0.6513273139275424,,,,1.0
35,hexane_gsolv_eV,120,1.0,0.0,0.6513273139275424,0.6513273139275424,,,,1.0
35,hexane_gsolv_eV,121,1.0,0.0,0.6513273139275424,0.6513273139275424,,,,1.0
35,hexane_gsolv_eV,122,1.0,0.0,0.6513273139275424,0.6513273139275424,,,,1.0
35,hexane_gsolv_eV,123,1.0,0.0,0.6513273139275424,0.6513273139275424,,,,1.0
35,hexane_gsolv_eV,124,1.0,0.0,0.6513273139275424,0.6513273139275424,,,,1.0
35,hexane_gsolv_eV,125,1.0,0.0,0.6513273139275424,0.6513273139275424,,,,1.0
35,hexane_gsolv_eV,126,1.0,0.0,0.6513273139275424,0.6513273139275424,,,,1.0
35,hexane_gsolv_eV,127,1.0,0.0,0.6513273139275424,0.6513273139275424,,,,1.0
35,hexane_gsolv_eV,128,1.0,0.0,0.6513273139275424,0.6513273139275424,,,,1.0
35,hexane_gsolv_eV,129,1.0,0.0,0.6513273139275424,0.6513273139275424,,,,1.0
35,hexane_gsolv_eV,130,1.0,0.0,0.6513273139275424,0.6513273139275424,,,,1.0
35,hexane_gsolv_eV,131,1.0,0.0,0.6513273139275424,0.6513273139275424,,,,1.0
35,hexane_gsolv_eV,132,1.0,0.0,0.6513273139275424,0.6513273139275424,,,,1.0
35,hexane_gsolv_eV,133,1.0,0.0,0.6513273139275424,0.6513273139275424,,,,1.0
35,hexane_gsolv_eV,134,1.0,0.0,0.6513273139275424,0.6513273139275424,,,,1.0
35,hexane_gsolv_eV,135,1.0,0.0,0.6513273139275424,0.6513273139275424,,,,1.0
35,hexane_gsolv_eV,136,1.0,0.0,0.6513273139275424,0.6513273139275424,,,,1.0
35,hexane_gsolv_eV,137,1.0,0.0,0.6513273139275424,0.6513273139275424,,,,1.0
35,hexane_gsolv_eV,138,1.0,0.0,0.6513273139275424,0.6513273139275424,,,,1.0
35,hexane_gsolv_eV,139,1.0,0.0,0.6513273139275424,0.6513273139275424,,,,1.0
35,hexane_gsolv_eV,140,1.0,0.0,0.6513273139275424,0.6513273139275424,,,,1.0
35,hexane_gsolv_eV,141,1.0,0.0,0.6513273139275424,0.6513273139275424,,,,1.0
35,hexane_gsolv_eV,142,1.0,0.0,0.6513273139275424,0.6513273139275424,,,,1.0
35,hexane_gsolv_eV,143,1.0,0.0,0.6513273139275424,0.6513273139275424,,,,1.0
35,hexane_gsolv_eV,144,1.0,0.0,0.6513273139275424,0.6513273139275424,,,,1.0
35,hexane_gsolv_eV,145,1.0,0.0,0.6513273139275424,0.6513273139275424,,,,1.0
35,hexane_gsolv_eV,146,1.0,0.0,0.6513273139275424,0.6513273139275424,,,,1.0
35,hexane_gsolv_eV,147,1.0,0.0,0.6513273139275424,0.6513273139275424,,,,1.0
35,hexane_gsolv_eV,148,1.0,0.0,0.6513273139275424,0.6513273139275424,,,,1.0
35,hexane_gsolv_eV,149,1.0,0.0,0.6513273139275424,0.6513273139275424,,,,1.0
35,hexane_gsolv_eV,150,1.0,0.0,0.6513273139275424,0.6513273139275424,,,,1.0
35,hexane_gsolv_eV,151,1.0,0.0,0.6513273139275424,0.6513273139275424,,,,1.0
35,hexane_gsolv_eV,152,1.0,0.0,0.6513273139275424,0.6513273139275424,,,,1.0
35,hexane_gsolv_eV,153,1.0,0.0,0.6513273139275424,0.6513273139275424,,,,1.0
35,hexane_gsolv_eV,154,1.0,0.0,0.6513273139275424,0.6513273139275424,,,,1.0
35,hexane_gsolv_eV,155,1.0,0.0,0.6513273139275424,0.6513273139275424,,,,1.0
35,hexane_gsolv_eV,156,1.0,0.0,0.6513273139275424,0.6513273139275424,,,,1.0
35,hexane_gsolv_eV,157,1.0,0.0,0.6513273139275424,0.6513273139275424,,,,1.0
35,hexane_gsolv_eV,158,1.0,0.0,0.6513273139275424,0.6513273139275424,,,,1.0
35,hexane_gsolv_eV,159,1.0,0.0,0.6513273139275424,0.6513273139275424,,,,1.0
35,hexane_gsolv_eV,160,1.0,0.0,0.6513273139275424,0.6513273139275424,,,,1.0
35,hexane_gsolv_eV,161,1.0,0.0,0.6513273139275424,0.6513273139275424,,,,1.0
35,hexane_gsolv_eV,162,1.0,0.0,0.6513273139275424,0.6513273139275424,,,,1.0
35,hexane_gsolv_eV,163,1.0,0.0,0.6513273139275424,0.6513273139275424,,,,1.0
35,hexane_gsolv_eV,164,1.0,0.0,0.6513273139275424,0.6513273139275424,,,,1.0
35,hexane_gsolv_eV,165,1.0,0.0,0.6513273139275424,0.6513273139275424,,,,1.0
35,hexane_gsolv_eV,166,1.0,0.0,0.6513273139275424,0.6513273139275424,,,,1.0
35,hexane_gsolv_eV,167,1.0,0.0,0.6513273139275424,0.6513273139275424,,,,1.0
35,hexane_gsolv_eV,168,1.0,0.0,0.6513273139275424,0.6513273139275424,,,,1.0
35,hexane_gsolv_eV,169,1.0,0.0,0.6513273139275424,0.6513273139275424,,,,1.0
35,hexane_gsolv_eV,170,1.0,0.0,0.6513273139275424,0.6513273139275424,,,,1.0
35,hexane_gsolv_eV,171,1.0,0.0,0.6513273139275424,0.6513273139275424,,,,1.0
35,hexane_gsolv_eV,172,1.0,0.0,0.6513273139275424,0.6513273139275424,,,,1.0
35,hexane_gsolv_eV,173,1.0,0.0,0.6513273139275424,0.6513273139275424,,,,1.0
35,hexane_gsolv_eV,174,1.0,0.0,0.6513273139275424,0.6513273139275424,,,,1.0
35,hexane_gsolv_eV,175,1.0,0.0,0.6513273139275424,0.6513273139275424,,,,1.0
35,hexane_gsolv_eV,176,1.0,0.0,0.6513273139275424,0.6513273139275424,,,,1.0
35,hexane_gsolv_eV,177,1.0,0.0,0.6513273139275424,0.6513273139275424,,,,1.0
35,hexane_gsolv_eV,178,1.0,0.0,0.6513273139275424,0.6513273139275424,,,,1.0
35,hexane_gsolv_eV,179,1.0,0.0,0.6513273139275424,0.6513273139275424,,,,1.0
35,hexane_gsolv_eV,180,1.0,0.0,0.6513273139275424,0.6513273139275424,,,,1.0
35,hexane_gsolv_eV,181,1.0,0.0,0.6513273139275424,0.6513273139275424,,,,1.0
35,hexane_gsolv_eV,182,1.0,0.0,0.6513273139275424,0.6513273139275424,,,,1.0
35,hexane_gsolv_eV,183,1.0,0.0,0.6513273139275424,0.6513273139275424,,,,1.0
35,hexane_gsolv_eV,184,1.0,0.0,0.6513273139275424,0.6513273139275424,,,,1.0
35,hexane_gsolv_eV,185,1.0,0.0,0.6513273139275424,0.6513273139275424,,,,1.0
35,hexane_gsolv_eV,186,1.0,0.0,0.6513273139275424,0.6513273139275424,,,,1.0
35,hexane_gsolv_eV,187,1.0,0.0,0.6513273139275424,0.6513273139275424,,,,1.0
35,hexane_gsolv_eV,188,1.0,0.0,0.6513273139275424,0.6513273139275424,,,,1.0
35,hexane_gsolv_eV,189,1.0,0.0,0.6513273139275424,0.6513273139275424,,,,1.0
35,hexane_gsolv_eV,190,1.0,0.0,0.6513273139275424,0.6513273139275424,,,,1.0
35,hexane_gsolv_eV,191,1.0,0.0,0.6513273139275424,0.6513273139275424,,,,1.0
35,hexane_gsolv_eV,192,1.0,0.0,0.6513273139275424,0.6513273139275424,,,,1.0
35,hexane_gsolv_eV,193,1.0,0.0,0.6513273139275424,0.6513273139275424,,,,1.0
35,hexane_gsolv_eV,194,1.0,0.0,0.6513273139275424,0.6513273139275424,,,,1.0
35,hexane_gsolv_eV,195,1.0,0.0,0.6513273139275424,0.6513273139275424,,,,1.0
35,hexane_gsolv_eV,196,1.0,0.0,0.6513273139275424,0.6513273139275424,,,,1.0
35,hexane_gsolv_eV,197,1.0,0.0,0.6513273139275424,0.6513273139275424,,,,1.0
35,hexane_gsolv_eV,198,1.0,0.0,0.6513273139275424,0.6513273139275424,,,,1.0
35,hexane_gsolv_eV,199,1.0,0.0,0.6513273139275424,0.6513273139275424,,,,1.0
35,hexane_gsolv_eV,200,1.0,0.0,0.6513273139275424,0.6513273139275424,,,,1.0
35,hexane_gsolv_eV,201,1.0,0.0,0.6513273139275424,0.6513273139275424,,,,1.0
35,hexane_gsolv_eV,202,1.0,0.0,0.6513273139275424,0.6513273139275424,,,,1.0
35,hexane_gsolv_eV,203,1.0,0.0,0.6513273139275424,0.6513273139275424,,,,1.0
35,hexane_gsolv_eV,204,1.0,0.0,0.6513273139275424,0.6513273139275424,,,,1.0
35,hexane_gsolv_eV,205,1.0,0.0,0.6513273139275424,0.6513273139275424,,,,1.0
35,hexane_gsolv_eV,206,1.0,0.0,0.6513273139275424,0.6513273139275424,,,,1.0
35,hexane_gsolv_eV,207,1.0,0.0,0.6513273139275424,0.6513273139275424,,,,1.0
35,hexane_gsolv_eV,208,1.0,0.0,0.6513273139275424,0.6513273139275424,,,,1.0
35,hexane_gsolv_eV,209,1.0,0.0,0.6513273139275424,0.6513273139275424,,,,1.0
35,hexane_gsolv_eV,210,1.0,0.0,0.6513273139275424,0.6513273139275424,,,,1.0
35,hexane_gsolv_eV,211,1.0,0.0,0.6513273139275424,0.6513273139275424,,,,1.0
35,hexane_gsolv_eV,212,1.0,0.0,0.6513273139275424,0.6513273139275424,,,,1.0
35,hexane_gsolv_eV,213,1.0,0.0,0.6513273139275424,0.6513273139275424,,,,1.0
35,hexane_gsolv_eV,214,1.0,0.0,0.6513273139275424,0.6513273139275424,,,,1.0
35,hexane_gsolv_eV,215,1.0,0.0,0.6513273139275424,0.6513273139275424,,,,1.0
35,hexane_gsolv_eV,216,1.0,0.0,0.6513273139275424,0.6513273139275424,,,,1.0
35,hexane_gsolv_eV,217,1.0,0.0,0.6513273139275424,0.6513273139275424,,,,1.0
35,hexane_gsolv_eV,218,1.0,0.0,0.6513273139275424,0.6513273139275424,,,,1.0
35,hexane_gsolv_eV,219,1.0,0.0,0.6513273139275424,0.6513273139275424,,,,1.0
35,hexane_gsolv_eV,220,1.0,0.0,0.6513273139275424,0.6513273139275424,,,,1.0
35,hexane_gsolv_eV,221,1.0,0.0,0.6513273139275424,0.6513273139275424,,,,1.0
35,hexane_gsolv_eV,222,1.0,0.0,0.6513273139275424,0.6513273139275424,,,,1.0
35,hexane_gsolv_eV,223,1.0,0.0,0.6513273139275424,0.6513273139275424,,,,1.0
35,hexane_gsolv_eV,224,1.0,0.0,0.6513273139275424,0.6513273139275424,,,,1.0
35,hexane_gsolv_eV,225,1.0,0.0,0.6513273139275424,0.6513273139275424,,,,1.0
35,hexane_gsolv_eV,226,1.0,0.0,0.6513273139275424,0.6513273139275424,,,,1.0
35,hexane_gsolv_eV,227,1.0,0.0,0.6513273139275424,0.6513273139275424,,,,1.0
35,hexane_gsolv_eV,228,1.0,0.0,0.6513273139275424,0.6513273139275424,,,,1.0
35,hexane_gsolv_eV,229,1.0,0.0,0.6513273139275424,0.6513273139275424,,,,1.0
35,hexane_gsolv_eV,230,1.0,0.0,0.6513273139275424,0.6513273139275424,,,,1.0
35,hexane_gsolv_eV,231,1.0,0.0,0.6513273139275424,0.6513273139275424,,,,1.0
35,hexane_gsolv_eV,232,1.0,0.0,0.6513273139275424,0.6513273139275424,,,,1.0
35,hexane_gsolv_eV,233,1.0,0.0,0.6513273139275424,0.6513273139275424,,,,1.0
35,hexane_gsolv_eV,234,1.0,0.0,0.6513273139275424,0.6513273139275424,,,,1.0
35,hexane_gsolv_eV,235,1.0,0.0,0.6513273139275424,0.6513273139275424,,,,1.0
35,hexane_gsolv_eV,236,1.0,0.0,0.6513273139275424,0.6513273139275424,,,,1.0
35,hexane_gsolv_eV,237,1.0,0.0,0.6513273139275424,0.6513273139275424,,,,1.0
35,hexane_gsolv_eV,238,1.0,0.0,0.6513273139275424,0.6513273139275424,,,,1.0
35,hexane_gsolv_eV,239,1.0,0.0,0.6513273139275424,0.6513273139275424,,,,1.0
35,hexane_gsolv_eV,240,1.0,0.0,0.6513273139275424,0.6513273139275424,,,,1.0
35,hexane_gsolv_eV,241,1.0,0.0,0.6513273139275424,0.6513273139275424,,,,1.0
35,hexane_gsolv_eV,242,1.0,0.0,0.6513273139275424,0.6513273139275424,,,,1.0
35,hexane_gsolv_eV,243,1.0,0.0,0.6513273139275424,0.6513273139275424,,,,1.0
35,hexane_gsolv_eV,244,1.0,0.0,0.6513273139275424,0.6513273139275424,,,,1.0
35,hexane_gsolv_eV,245,1.0,0.0,0.6513273139275424,0.6513273139275424,,,,1.0
35,hexane_gsolv_eV,246,1.0,0.0,0.6513273139275424,0.6513273139275424,,,,1.0
35,hexane_gsolv_eV,247,1.0,0.0,0.6513273139275424,0.6513273139275424,,,,1.0
35,hexane_gsolv_eV,248,1.0,0.0,0.6513273139275424,0.6513273139275424,,,,1.0
35,hexane_gsolv_eV,249,1.0,0.0,0.6513273139275424,0.6513273139275424,,,,1.0
35,hexane_hl_gap_eV,0,0.9999998807907104,0.0,0.7104823206082804,0.7104823206082804,,,,1.0
35,hexane_hl_gap_eV,1,0.9999998807907104,0.0,0.7104823206082804,0.7104823206082804,,,,1.0
35,hexane_hl_gap_eV,2,0.9999998807907104,0.0,0.7104823206082804,0.7104823206082804,,,,1.0
35,hexane_hl_gap_eV,3,0.9999998807907104,0.0,0.7104823206082804,0.7104823206082804,,,,1.0
35,hexane_hl_gap_eV,4,0.9999998807907104,0.0,0.7104823206082804,0.7104823206082804,,,,1.0
35,hexane_hl_gap_eV,5,0.9999998807907104,0.0,0.7104823206082804,0.7104823206082804,,,,1.0
35,hexane_hl_gap_eV,6,0.9999998807907104,0.0,0.7104823206082804,0.7104823206082804,,,,1.0
35,hexane_hl_gap_eV,7,0.9999998807907104,0.0,0.7104823206082804,0.7104823206082804,,,,1.0
35,hexane_hl_gap_eV,8,0.9999998807907104,0.0,0.7104823206082804,0.7104823206082804,,,,1.0
35,hexane_hl_gap_eV,9,0.9999998807907104,0.0,0.7104823206082804,0.7104823206082804,,,,1.0
35,hexane_hl_gap_eV,10,0.9999998807907104,0.0,0.7104823206082804,0.7104823206082804,,,,1.0
35,hexane_hl_gap_eV,11,0.9999998807907104,0.0,0.7104823206082804,0.7104823206082804,,,,1.0
35,hexane_hl_gap_eV,12,0.9999998807907104,0.0,0.7104823206082804,0.7104823206082804,,,,1.0
35,hexane_hl_gap_eV,13,0.9999998807907104,0.0,0.7104823206082804,0.7104823206082804,,,,1.0
35,hexane_hl_gap_eV,14,0.9999998807907104,0.0,0.7104823206082804,0.7104823206082804,,,,1.0
35,hexane_hl_gap_eV,15,0.9999998807907104,0.0,0.7104823206082804,0.7104823206082804,,,,1.0
35,hexane_hl_gap_eV,16,0.9999998807907104,0.0,0.7104823206082804,0.7104823206082804,,,,1.0
35,hexane_hl_gap_eV,17,0.9999998807907104,0.0,0.7104823206082804,0.7104823206082804,,,,1.0
35,hexane_hl_gap_eV,18,0.9999998807907104,0.0,0.7104823206082804,0.7104823206082804,,,,1.0
35,hexane_hl_gap_eV,19,0.9999998807907104,0.0,0.7104823206082804,0.7104823206082804,,,,1.0
35,hexane_hl_gap_eV,20,0.9999998807907104,0.0,0.7104823206082804,0.7104823206082804,,,,1.0
35,hexane_hl_gap_eV,21,0.9999998807907104,0.0,0.7104823206082804,0.7104823206082804,,,,1.0
35,hexane_hl_gap_eV,22,0.9999998807907104,0.0,0.7104823206082804,0.7104823206082804,,,,1.0
35,hexane_hl_gap_eV,23,0.9999998807907104,0.0,0.7104823206082804,0.7104823206082804,,,,1.0
35,hexane_hl_gap_eV,24,0.9999998807907104,0.0,0.7104823206082804,0.7104823206082804,,,,1.0
35,hexane_hl_gap_eV,25,0.9999998807907104,0.0,0.7104823206082804,0.7104823206082804,,,,1.0
35,hexane_hl_gap_eV,26,0.9999998807907104,0.0,0.7104823206082804,0.7104823206082804,,,,1.0
35,hexane_hl_gap_eV,27,0.9999998807907104,0.0,0.7104823206082804,0.7104823206082804,,,,1.0
35,hexane_hl_gap_eV,28,0.9999998807907104,0.0,0.7104823206082804,0.7104823206082804,,,,1.0
35,hexane_hl_gap_eV,29,0.9999998807907104,0.0,0.7104823206082804,0.7104823206082804,,,,1.0
35,hexane_hl_gap_eV,30,0.9999998807907104,0.0,0.7104823206082804,0.7104823206082804,,,,1.0
35,hexane_hl_gap_eV,31,0.9999998807907104,0.0,0.7104823206082804,0.7104823206082804,,,,1.0
35,hexane_hl_gap_eV,32,0.9999998807907104,0.0,0.7104823206082804,0.7104823206082804,,,,1.0
35,hexane_hl_gap_eV,33,0.9999998807907104,0.0,0.7104823206082804,0.7104823206082804,,,,1.0
35,hexane_hl_gap_eV,34,0.9999998807907104,0.0,0.7104823206082804,0.7104823206082804,,,,1.0
35,hexane_hl_gap_eV,35,0.9999998807907104,0.0,0.7104823206082804,0.7104823206082804,,,,1.0
35,hexane_hl_gap_eV,36,0.9999998807907104,0.0,0.7104823206082804,0.7104823206082804,,,,1.0
35,hexane_hl_gap_eV,37,0.9999998807907104,0.0,0.7104823206082804,0.7104823206082804,,,,1.0
35,hexane_hl_gap_eV,38,0.9999998807907104,0.0,0.7104823206082804,0.7104823206082804,,,,1.0
35,hexane_hl_gap_eV,39,0.9999998807907104,0.0,0.7104823206082804,0.7104823206082804,,,,1.0
35,hexane_hl_gap_eV,40,0.9999998807907104,0.0,0.7104823206082804,0.7104823206082804,,,,1.0
35,hexane_hl_gap_eV,41,0.9999998807907104,0.0,0.7104823206082804,0.7104823206082804,,,,1.0
35,hexane_hl_gap_eV,42,0.9999998807907104,0.0,0.7104823206082804,0.7104823206082804,,,,1.0
35,hexane_hl_gap_eV,43,0.9999998807907104,0.0,0.7104823206082804,0.7104823206082804,,,,1.0
35,hexane_hl_gap_eV,44,0.9999998807907104,0.0,0.7104823206082804,0.7104823206082804,,,,1.0
35,hexane_hl_gap_eV,45,0.9999998807907104,0.0,0.7104823206082804,0.7104823206082804,,,,1.0
35,hexane_hl_gap_eV,46,0.9999998807907104,0.0,0.7104823206082804,0.7104823206082804,,,,1.0
35,hexane_hl_gap_eV,47,0.9999998807907104,0.0,0.7104823206082804,0.7104823206082804,,,,1.0
35,hexane_hl_gap_eV,48,0.9999998807907104,0.0,0.7104823206082804,0.7104823206082804,,,,1.0
35,hexane_hl_gap_eV,49,0.9999998807907104,0.0,0.7104823206082804,0.7104823206082804,,,,1.0
35,hexane_hl_gap_eV,50,0.9999998807907104,0.0,0.7104823206082804,0.7104823206082804,,,,1.0
35,hexane_hl_gap_eV,51,0.9999998807907104,0.0,0.7104823206082804,0.7104823206082804,,,,1.0
35,hexane_hl_gap_eV,52,0.9999998807907104,0.0,0.7104823206082804,0.7104823206082804,,,,1.0
35,hexane_hl_gap_eV,53,0.9999998807907104,0.0,0.7104823206082804,0.7104823206082804,,,,1.0
35,hexane_hl_gap_eV,54,0.9999998807907104,0.0,0.7104823206082804,0.7104823206082804,,,,1.0
35,hexane_hl_gap_eV,55,0.9999998807907104,0.0,0.7104823206082804,0.7104823206082804,,,,1.0
35,hexane_hl_gap_eV,56,0.9999998807907104,0.0,0.7104823206082804,0.7104823206082804,,,,1.0
35,hexane_hl_gap_eV,57,0.9999998807907104,0.0,0.7104823206082804,0.7104823206082804,,,,1.0
35,hexane_hl_gap_eV,58,0.9999998807907104,0.0,0.7104823206082804,0.7104823206082804,,,,1.0
35,hexane_hl_gap_eV,59,0.9999998807907104,0.0,0.7104823206082804,0.7104823206082804,,,,1.0
35,hexane_hl_gap_eV,60,0.9999998807907104,0.0,0.7104823206082804,0.7104823206082804,,,,1.0
35,hexane_hl_gap_eV,61,0.9999998807907104,0.0,0.7104823206082804,0.7104823206082804,,,,1.0
35,hexane_hl_gap_eV,62,0.9999998807907104,0.0,0.7104823206082804,0.7104823206082804,,,,1.0
35,hexane_hl_gap_eV,63,0.9999998807907104,0.0,0.7104823206082804,0.7104823206082804,,,,1.0
35,hexane_hl_gap_eV,64,0.9999998807907104,0.0,0.7104823206082804,0.7104823206082804,,,,1.0
35,hexane_hl_gap_eV,65,0.9999998807907104,0.0,0.7104823206082804,0.7104823206082804,,,,1.0
35,hexane_hl_gap_eV,66,0.9999998807907104,0.0,0.7104823206082804,0.7104823206082804,,,,1.0
35,hexane_hl_gap_eV,67,0.9999998807907104,0.0,0.7104823206082804,0.7104823206082804,,,,1.0
35,hexane_hl_gap_eV,68,0.9999998807907104,0.0,0.7104823206082804,0.7104823206082804,,,,1.0
35,hexane_hl_gap_eV,69,0.9999998807907104,0.0,0.7104823206082804,0.7104823206082804,,,,1.0
35,hexane_hl_gap_eV,70,0.9999998807907104,0.0,0.7104823206082804,0.7104823206082804,,,,1.0
35,hexane_hl_gap_eV,71,0.9999998807907104,0.0,0.7104823206082804,0.7104823206082804,,,,1.0
35,hexane_hl_gap_eV,72,0.9999998807907104,0.0,0.7104823206082804,0.7104823206082804,,,,1.0
35,hexane_hl_gap_eV,73,0.9999998807907104,0.0,0.7104823206082804,0.7104823206082804,,,,1.0
35,hexane_hl_gap_eV,74,0.9999998807907104,0.0,0.7104823206082804,0.7104823206082804,,,,1.0
35,hexane_hl_gap_eV,75,0.9999998807907104,0.0,0.7104823206082804,0.7104823206082804,,,,1.0
35,hexane_hl_gap_eV,76,0.9999998807907104,0.0,0.7104823206082804,0.7104823206082804,,,,1.0
35,hexane_hl_gap_eV,77,0.9999998807907104,0.0,0.7104823206082804,0.7104823206082804,,,,1.0
35,hexane_hl_gap_eV,78,0.9999998807907104,0.0,0.7104823206082804,0.7104823206082804,,,,1.0
35,hexane_hl_gap_eV,79,0.9999998807907104,0.0,0.7104823206082804,0.7104823206082804,,,,1.0
35,hexane_hl_gap_eV,80,0.9999998807907104,0.0,0.7104823206082804,0.7104823206082804,,,,1.0
35,hexane_hl_gap_eV,81,0.9999998807907104,0.0,0.7104823206082804,0.7104823206082804,,,,1.0
35,hexane_hl_gap_eV,82,0.9999998807907104,0.0,0.7104823206082804,0.7104823206082804,,,,1.0
35,hexane_hl_gap_eV,83,0.9999998807907104,0.0,0.7104823206082804,0.7104823206082804,,,,1.0
35,hexane_hl_gap_eV,84,0.9999998807907104,0.0,0.7104823206082804,0.7104823206082804,,,,1.0
35,hexane_hl_gap_eV,85,0.9999998807907104,0.0,0.7104823206082804,0.7104823206082804,,,,1.0
35,hexane_hl_gap_eV,86,0.9999998807907104,0.0,0.7104823206082804,0.7104823206082804,,,,1.0
35,hexane_hl_gap_eV,87,0.9999998807907104,0.0,0.7104823206082804,0.7104823206082804,,,,1.0
35,hexane_hl_gap_eV,88,0.9999998807907104,0.0,0.7104823206082804,0.7104823206082804,,,,1.0
35,hexane_hl_gap_eV,89,0.9999998807907104,0.0,0.7104823206082804,0.7104823206082804,,,,1.0
35,hexane_hl_gap_eV,90,0.9999998807907104,0.0,0.7104823206082804,0.7104823206082804,,,,1.0
35,hexane_hl_gap_eV,91,0.9999998807907104,0.0,0.7104823206082804,0.7104823206082804,,,,1.0
35,hexane_hl_gap_eV,92,0.9999998807907104,0.0,0.7104823206082804,0.7104823206082804,,,,1.0
35,hexane_hl_gap_eV,93,0.9999998807907104,0.0,0.7104823206082804,0.7104823206082804,,,,1.0
35,hexane_hl_gap_eV,94,0.9999998807907104,0.0,0.7104823206082804,0.7104823206082804,,,,1.0
35,hexane_hl_gap_eV,95,0.9999998807907104,0.0,0.7104823206082804,0.7104823206082804,,,,1.0
35,hexane_hl_gap_eV,96,0.9999998807907104,0.0,0.7104823206082804,0.7104823206082804,,,,1.0
35,hexane_hl_gap_eV,97,0.9999998807907104,0.0,0.7104823206082804,0.7104823206082804,,,,1.0
35,hexane_hl_gap_eV,98,0.9999998807907104,0.0,0.7104823206082804,0.7104823206082804,,,,1.0
35,hexane_hl_gap_eV,99,0.9999998807907104,0.0,0.7104823206082804,0.7104823206082804,,,,1.0
35,hexane_hl_gap_eV,100,0.9999998807907104,0.0,0.7104823206082804,0.7104823206082804,,,,1.0
35,hexane_hl_gap_eV,101,0.9999998807907104,0.0,0.7104823206082804,0.7104823206082804,,,,1.0
35,hexane_hl_gap_eV,102,0.9999998807907104,0.0,0.7104823206082804,0.7104823206082804,,,,1.0
35,hexane_hl_gap_eV,103,0.9999998807907104,0.0,0.7104823206082804,0.7104823206082804,,,,1.0
35,hexane_hl_gap_eV,104,0.9999998807907104,0.0,0.7104823206082804,0.7104823206082804,,,,1.0
35,hexane_hl_gap_eV,105,0.9999998807907104,0.0,0.7104823206082804,0.7104823206082804,,,,1.0
35,hexane_hl_gap_eV,106,0.9999998807907104,0.0,0.7104823206082804,0.7104823206082804,,,,1.0
35,hexane_hl_gap_eV,107,0.9999998807907104,0.0,0.7104823206082804,0.7104823206082804,,,,1.0
35,hexane_hl_gap_eV,108,0.9999998807907104,0.0,0.7104823206082804,0.7104823206082804,,,,1.0
35,hexane_hl_gap_eV,109,0.9999998807907104,0.0,0.7104823206082804,0.7104823206082804,,,,1.0
35,hexane_hl_gap_eV,110,0.9999998807907104,0.0,0.7104823206082804,0.7104823206082804,,,,1.0
35,hexane_hl_gap_eV,111,0.9999998807907104,0.0,0.7104823206082804,0.7104823206082804,,,,1.0
35,hexane_hl_gap_eV,112,0.9999998807907104,0.0,0.7104823206082804,0.7104823206082804,,,,1.0
35,hexane_hl_gap_eV,113,0.9999998807907104,0.0,0.7104823206082804,0.7104823206082804,,,,1.0
35,hexane_hl_gap_eV,114,0.9999998807907104,0.0,0.7104823206082804,0.7104823206082804,,,,1.0
35,hexane_hl_gap_eV,115,0.9999998807907104,0.0,0.7104823206082804,0.7104823206082804,,,,1.0
35,hexane_hl_gap_eV,116,0.9999998807907104,0.0,0.7104823206082804,0.7104823206082804,,,,1.0
35,hexane_hl_gap_eV,117,0.9999998807907104,0.0,0.7104823206082804,0.7104823206082804,,,,1.0
35,hexane_hl_gap_eV,118,0.9999998807907104,0.0,0.7104823206082804,0.7104823206082804,,,,1.0
35,hexane_hl_gap_eV,119,0.9999998807907104,0.0,0.7104823206082804,0.7104823206082804,,,,1.0
35,hexane_hl_gap_eV,120,0.9999998807907104,0.0,0.7104823206082804,0.7104823206082804,,,,1.0
35,hexane_hl_gap_eV,121,0.9999998807907104,0.0,0.7104823206082804,0.7104823206082804,,,,1.0
35,hexane_hl_gap_eV,122,0.9999998807907104,0.0,0.7104823206082804,0.7104823206082804,,,,1.0
35,hexane_hl_gap_eV,123,0.9999998807907104,0.0,0.7104823206082804,0.7104823206082804,,,,1.0
35,hexane_hl_gap_eV,124,0.9999998807907104,0.0,0.7104823206082804,0.7104823206082804,,,,1.0
35,hexane_hl_gap_eV,125,0.9999998807907104,0.0,0.7104823206082804,0.7104823206082804,,,,1.0
35,hexane_hl_gap_eV,126,0.9999998807907104,0.0,0.7104823206082804,0.7104823206082804,,,,1.0
35,hexane_hl_gap_eV,127,0.9999998807907104,0.0,0.7104823206082804,0.7104823206082804,,,,1.0
35,hexane_hl_gap_eV,128,0.9999998807907104,0.0,0.7104823206082804,0.7104823206082804,,,,1.0
35,hexane_hl_gap_eV,129,0.9999998807907104,0.0,0.7104823206082804,0.7104823206082804,,,,1.0
35,hexane_hl_gap_eV,130,0.9999998807907104,0.0,0.7104823206082804,0.7104823206082804,,,,1.0
35,hexane_hl_gap_eV,131,0.9999998807907104,0.0,0.7104823206082804,0.7104823206082804,,,,1.0
35,hexane_hl_gap_eV,132,0.9999998807907104,0.0,0.7104823206082804,0.7104823206082804,,,,1.0
35,hexane_hl_gap_eV,133,0.9999998807907104,0.0,0.7104823206082804,0.7104823206082804,,,,1.0
35,hexane_hl_gap_eV,134,0.9999998807907104,0.0,0.7104823206082804,0.7104823206082804,,,,1.0
35,hexane_hl_gap_eV,135,0.9999998807907104,0.0,0.7104823206082804,0.7104823206082804,,,,1.0
35,hexane_hl_gap_eV,136,0.9999998807907104,0.0,0.7104823206082804,0.7104823206082804,,,,1.0
35,hexane_hl_gap_eV,137,0.9999998807907104,0.0,0.7104823206082804,0.7104823206082804,,,,1.0
35,hexane_hl_gap_eV,138,0.9999998807907104,0.0,0.7104823206082804,0.7104823206082804,,,,1.0
35,hexane_hl_gap_eV,139,0.9999998807907104,0.0,0.7104823206082804,0.7104823206082804,,,,1.0
35,hexane_hl_gap_eV,140,0.9999998807907104,0.0,0.7104823206082804,0.7104823206082804,,,,1.0
35,hexane_hl_gap_eV,141,0.9999998807907104,0.0,0.7104823206082804,0.7104823206082804,,,,1.0
35,hexane_hl_gap_eV,142,0.9999998807907104,0.0,0.7104823206082804,0.7104823206082804,,,,1.0
35,hexane_hl_gap_eV,143,0.9999998807907104,0.0,0.7104823206082804,0.7104823206082804,,,,1.0
35,hexane_hl_gap_eV,144,0.9999998807907104,0.0,0.7104823206082804,0.7104823206082804,,,,1.0
35,hexane_hl_gap_eV,145,0.9999998807907104,0.0,0.7104823206082804,0.7104823206082804,,,,1.0
35,hexane_hl_gap_eV,146,0.9999998807907104,0.0,0.7104823206082804,0.7104823206082804,,,,1.0
35,hexane_hl_gap_eV,147,0.9999998807907104,0.0,0.7104823206082804,0.7104823206082804,,,,1.0
35,hexane_hl_gap_eV,148,0.9999998807907104,0.0,0.7104823206082804,0.7104823206082804,,,,1.0
35,hexane_hl_gap_eV,149,0.9999998807907104,0.0,0.7104823206082804,0.7104823206082804,,,,1.0
35,hexane_hl_gap_eV,150,0.9999998807907104,0.0,0.7104823206082804,0.7104823206082804,,,,1.0
35,hexane_hl_gap_eV,151,0.9999998807907104,0.0,0.7104823206082804,0.7104823206082804,,,,1.0
35,hexane_hl_gap_eV,152,0.9999998807907104,0.0,0.7104823206082804,0.7104823206082804,,,,1.0
35,hexane_hl_gap_eV,153,0.9999998807907104,0.0,0.7104823206082804,0.7104823206082804,,,,1.0
35,hexane_hl_gap_eV,154,0.9999998807907104,0.0,0.7104823206082804,0.7104823206082804,,,,1.0
35,hexane_hl_gap_eV,155,0.9999998807907104,0.0,0.7104823206082804,0.7104823206082804,,,,1.0
35,hexane_hl_gap_eV,156,0.9999998807907104,0.0,0.7104823206082804,0.7104823206082804,,,,1.0
35,hexane_hl_gap_eV,157,0.9999998807907104,0.0,0.7104823206082804,0.7104823206082804,,,,1.0
35,hexane_hl_gap_eV,158,0.9999998807907104,0.0,0.7104823206082804,0.7104823206082804,,,,1.0
35,hexane_hl_gap_eV,159,0.9999998807907104,0.0,0.7104823206082804,0.7104823206082804,,,,1.0
35,hexane_hl_gap_eV,160,0.9999998807907104,0.0,0.7104823206082804,0.7104823206082804,,,,1.0
35,hexane_hl_gap_eV,161,0.9999998807907104,0.0,0.7104823206082804,0.7104823206082804,,,,1.0
35,hexane_hl_gap_eV,162,0.9999998807907104,0.0,0.7104823206082804,0.7104823206082804,,,,1.0
35,hexane_hl_gap_eV,163,0.9999998807907104,0.0,0.7104823206082804,0.7104823206082804,,,,1.0
35,hexane_hl_gap_eV,164,0.9999998807907104,0.0,0.7104823206082804,0.7104823206082804,,,,1.0
35,hexane_hl_gap_eV,165,0.9999998807907104,0.0,0.7104823206082804,0.7104823206082804,,,,1.0
35,hexane_hl_gap_eV,166,0.9999998807907104,0.0,0.7104823206082804,0.7104823206082804,,,,1.0
35,hexane_hl_gap_eV,167,0.9999998807907104,0.0,0.7104823206082804,0.7104823206082804,,,,1.0
35,hexane_hl_gap_eV,168,0.9999998807907104,0.0,0.7104823206082804,0.7104823206082804,,,,1.0
35,hexane_hl_gap_eV,169,0.9999998807907104,0.0,0.7104823206082804,0.7104823206082804,,,,1.0
35,hexane_hl_gap_eV,170,0.9999998807907104,0.0,0.7104823206082804,0.7104823206082804,,,,1.0
35,hexane_hl_gap_eV,171,0.9999998807907104,0.0,0.7104823206082804,0.7104823206082804,,,,1.0
35,hexane_hl_gap_eV,172,0.9999998807907104,0.0,0.7104823206082804,0.7104823206082804,,,,1.0
35,hexane_hl_gap_eV,173,0.9999998807907104,0.0,0.7104823206082804,0.7104823206082804,,,,1.0
35,hexane_hl_gap_eV,174,0.9999998807907104,0.0,0.7104823206082804,0.7104823206082804,,,,1.0
35,hexane_hl_gap_eV,175,0.9999998807907104,0.0,0.7104823206082804,0.7104823206082804,,,,1.0
35,hexane_hl_gap_eV,176,0.9999998807907104,0.0,0.7104823206082804,0.7104823206082804,,,,1.0
35,hexane_hl_gap_eV,177,0.9999998807907104,0.0,0.7104823206082804,0.7104823206082804,,,,1.0
35,hexane_hl_gap_eV,178,0.9999998807907104,0.0,0.7104823206082804,0.7104823206082804,,,,1.0
35,hexane_hl_gap_eV,179,0.9999998807907104,0.0,0.7104823206082804,0.7104823206082804,,,,1.0
35,hexane_hl_gap_eV,180,0.9999998807907104,0.0,0.7104823206082804,0.7104823206082804,,,,1.0
35,hexane_hl_gap_eV,181,0.9999998807907104,0.0,0.7104823206082804,0.7104823206082804,,,,1.0
35,hexane_hl_gap_eV,182,0.9999998807907104,0.0,0.7104823206082804,0.7104823206082804,,,,1.0
35,hexane_hl_gap_eV,183,0.9999998807907104,0.0,0.7104823206082804,0.7104823206082804,,,,1.0
35,hexane_hl_gap_eV,184,0.9999998807907104,0.0,0.7104823206082804,0.7104823206082804,,,,1.0
35,hexane_hl_gap_eV,185,0.9999998807907104,0.0,0.7104823206082804,0.7104823206082804,,,,1.0
35,hexane_hl_gap_eV,186,0.9999998807907104,0.0,0.7104823206082804,0.7104823206082804,,,,1.0
35,hexane_hl_gap_eV,187,0.9999998807907104,0.0,0.7104823206082804,0.7104823206082804,,,,1.0
35,hexane_hl_gap_eV,188,0.9999998807907104,0.0,0.7104823206082804,0.7104823206082804,,,,1.0
35,hexane_hl_gap_eV,189,0.9999998807907104,0.0,0.7104823206082804,0.7104823206082804,,,,1.0
35,hexane_hl_gap_eV,190,0.9999998807907104,0.0,0.7104823206082804,0.7104823206082804,,,,1.0
35,hexane_hl_gap_eV,191,0.9999998807907104,0.0,0.7104823206082804,0.7104823206082804,,,,1.0
35,hexane_hl_gap_eV,192,0.9999998807907104,0.0,0.7104823206082804,0.7104823206082804,,,,1.0
35,hexane_hl_gap_eV,193,0.9999998807907104,0.0,0.7104823206082804,0.7104823206082804,,,,1.0
35,hexane_hl_gap_eV,194,0.9999998807907104,0.0,0.7104823206082804,0.7104823206082804,,,,1.0
35,hexane_hl_gap_eV,195,0.9999998807907104,0.0,0.7104823206082804,0.7104823206082804,,,,1.0
35,hexane_hl_gap_eV,196,0.9999998807907104,0.0,0.7104823206082804,0.7104823206082804,,,,1.0
35,hexane_hl_gap_eV,197,0.9999998807907104,0.0,0.7104823206082804,0.7104823206082804,,,,1.0
35,hexane_hl_gap_eV,198,0.9999998807907104,0.0,0.7104823206082804,0.7104823206082804,,,,1.0
35,hexane_hl_gap_eV,199,0.9999998807907104,0.0,0.7104823206082804,0.7104823206082804,,,,1.0
35,hexane_hl_gap_eV,200,0.9999998807907104,0.0,0.7104823206082804,0.7104823206082804,,,,1.0
35,hexane_hl_gap_eV,201,0.9999998807907104,0.0,0.7104823206082804,0.7104823206082804,,,,1.0
35,hexane_hl_gap_eV,202,0.9999998807907104,0.0,0.7104823206082804,0.7104823206082804,,,,1.0
35,hexane_hl_gap_eV,203,0.9999998807907104,0.0,0.7104823206082804,0.7104823206082804,,,,1.0
35,hexane_hl_gap_eV,204,0.9999998807907104,0.0,0.7104823206082804,0.7104823206082804,,,,1.0
35,hexane_hl_gap_eV,205,0.9999998807907104,0.0,0.7104823206082804,0.7104823206082804,,,,1.0
35,hexane_hl_gap_eV,206,0.9999998807907104,0.0,0.7104823206082804,0.7104823206082804,,,,1.0
35,hexane_hl_gap_eV,207,0.9999998807907104,0.0,0.7104823206082804,0.7104823206082804,,,,1.0
35,hexane_hl_gap_eV,208,0.9999998807907104,0.0,0.7104823206082804,0.7104823206082804,,,,1.0
35,hexane_hl_gap_eV,209,0.9999998807907104,0.0,0.7104823206082804,0.7104823206082804,,,,1.0
35,hexane_hl_gap_eV,210,0.9999998807907104,0.0,0.7104823206082804,0.7104823206082804,,,,1.0
35,hexane_hl_gap_eV,211,0.9999998807907104,0.0,0.7104823206082804,0.7104823206082804,,,,1.0
35,hexane_hl_gap_eV,212,0.9999998807907104,0.0,0.7104823206082804,0.7104823206082804,,,,1.0
35,hexane_hl_gap_eV,213,0.9999998807907104,0.0,0.7104823206082804,0.7104823206082804,,,,1.0
35,hexane_hl_gap_eV,214,0.9999998807907104,0.0,0.7104823206082804,0.7104823206082804,,,,1.0
35,hexane_hl_gap_eV,215,0.9999998807907104,0.0,0.7104823206082804,0.7104823206082804,,,,1.0
35,hexane_hl_gap_eV,216,0.9999998807907104,0.0,0.7104823206082804,0.7104823206082804,,,,1.0
35,hexane_hl_gap_eV,217,0.9999998807907104,0.0,0.7104823206082804,0.7104823206082804,,,,1.0
35,hexane_hl_gap_eV,218,0.9999998807907104,0.0,0.7104823206082804,0.7104823206082804,,,,1.0
35,hexane_hl_gap_eV,219,0.9999998807907104,0.0,0.7104823206082804,0.7104823206082804,,,,1.0
35,hexane_hl_gap_eV,220,0.9999998807907104,0.0,0.7104823206082804,0.7104823206082804,,,,1.0
35,hexane_hl_gap_eV,221,0.9999998807907104,0.0,0.7104823206082804,0.7104823206082804,,,,1.0
35,hexane_hl_gap_eV,222,0.9999998807907104,0.0,0.7104823206082804,0.7104823206082804,,,,1.0
35,hexane_hl_gap_eV,223,0.9999998807907104,0.0,0.7104823206082804,0.7104823206082804,,,,1.0
35,hexane_hl_gap_eV,224,0.9999998807907104,0.0,0.7104823206082804,0.7104823206082804,,,,1.0
35,hexane_hl_gap_eV,225,0.9999998807907104,0.0,0.7104823206082804,0.7104823206082804,,,,1.0
35,hexane_hl_gap_eV,226,0.9999998807907104,0.0,0.7104823206082804,0.7104823206082804,,,,1.0
35,hexane_hl_gap_eV,227,0.9999998807907104,0.0,0.7104823206082804,0.7104823206082804,,,,1.0
35,hexane_hl_gap_eV,228,0.9999998807907104,0.0,0.7104823206082804,0.7104823206082804,,,,1.0
35,hexane_hl_gap_eV,229,0.9999998807907104,0.0,0.7104823206082804,0.7104823206082804,,,,1.0
35,hexane_hl_gap_eV,230,0.9999998807907104,0.0,0.7104823206082804,0.7104823206082804,,,,1.0
35,hexane_hl_gap_eV,231,0.9999998807907104,0.0,0.7104823206082804,0.7104823206082804,,,,1.0
35,hexane_hl_gap_eV,232,0.9999998807907104,0.0,0.7104823206082804,0.7104823206082804,,,,1.0
35,hexane_hl_gap_eV,233,0.9999998807907104,0.0,0.7104823206082804,0.7104823206082804,,,,1.0
35,hexane_hl_gap_eV,234,0.9999998807907104,0.0,0.7104823206082804,0.7104823206082804,,,,1.0
35,hexane_hl_gap_eV,235,0.9999998807907104,0.0,0.7104823206082804,0.7104823206082804,,,,1.0
35,hexane_hl_gap_eV,236,0.9999998807907104,0.0,0.7104823206082804,0.7104823206082804,,,,1.0
35,hexane_hl_gap_eV,237,0.9999998807907104,0.0,0.7104823206082804,0.7104823206082804,,,,1.0
35,hexane_hl_gap_eV,238,0.9999998807907104,0.0,0.7104823206082804,0.7104823206082804,,,,1.0
35,hexane_hl_gap_eV,239,0.9999998807907104,0.0,0.7104823206082804,0.7104823206082804,,,,1.0
35,hexane_hl_gap_eV,240,0.9999998807907104,0.0,0.7104823206082804,0.7104823206082804,,,,1.0
35,hexane_hl_gap_eV,241,0.9999998807907104,0.0,0.7104823206082804,0.7104823206082804,,,,1.0
35,hexane_hl_gap_eV,242,0.9999998807907104,0.0,0.7104823206082804,0.7104823206082804,,,,1.0
35,hexane_hl_gap_eV,243,0.9999998807907104,0.0,0.7104823206082804,0.7104823206082804,,,,1.0
35,hexane_hl_gap_eV,244,0.9999998807907104,0.0,0.7104823206082804,0.7104823206082804,,,,1.0
35,hexane_hl_gap_eV,245,0.9999998807907104,0.0,0.7104823206082804,0.7104823206082804,,,,1.0
35,hexane_hl_gap_eV,246,0.9999998807907104,0.0,0.7104823206082804,0.7104823206082804,,,,1.0
35,hexane_hl_gap_eV,247,0.9999998807907104,0.0,0.7104823206082804,0.7104823206082804,,,,1.0
35,hexane_hl_gap_eV,248,0.9999998807907104,0.0,0.7104823206082804,0.7104823206082804,,,,1.0
35,hexane_hl_gap_eV,249,0.9999998807907104,0.0,0.7104823206082804,0.7104823206082804,,,,1.0
35,hexane_dipole,0,1.0000001192092896,0.0,0.5848313997581798,0.5848313997581798,,,,1.0
35,hexane_dipole,1,1.0000001192092896,0.0,0.5848313997581798,0.5848313997581798,,,,1.0
35,hexane_dipole,2,1.0000001192092896,0.0,0.5848313997581798,0.5848313997581798,,,,1.0
35,hexane_dipole,3,1.0000001192092896,0.0,0.5848313997581798,0.5848313997581798,,,,1.0
35,hexane_dipole,4,1.0000001192092896,0.0,0.5848313997581798,0.5848313997581798,,,,1.0
35,hexane_dipole,5,1.0000001192092896,0.0,0.5848313997581798,0.5848313997581798,,,,1.0
35,hexane_dipole,6,1.0000001192092896,0.0,0.5848313997581798,0.5848313997581798,,,,1.0
35,hexane_dipole,7,1.0000001192092896,0.0,0.5848313997581798,0.5848313997581798,,,,1.0
35,hexane_dipole,8,1.0000001192092896,0.0,0.5848313997581798,0.5848313997581798,,,,1.0
35,hexane_dipole,9,1.0000001192092896,0.0,0.5848313997581798,0.5848313997581798,,,,1.0
35,hexane_dipole,10,1.0000001192092896,0.0,0.5848313997581798,0.5848313997581798,,,,1.0
35,hexane_dipole,11,1.0000001192092896,0.0,0.5848313997581798,0.5848313997581798,,,,1.0
35,hexane_dipole,12,1.0000001192092896,0.0,0.5848313997581798,0.5848313997581798,,,,1.0
35,hexane_dipole,13,1.0000001192092896,0.0,0.5848313997581798,0.5848313997581798,,,,1.0
35,hexane_dipole,14,1.0000001192092896,0.0,0.5848313997581798,0.5848313997581798,,,,1.0
35,hexane_dipole,15,1.0000001192092896,0.0,0.5848313997581798,0.5848313997581798,,,,1.0
35,hexane_dipole,16,1.0000001192092896,0.0,0.5848313997581798,0.5848313997581798,,,,1.0
35,hexane_dipole,17,1.0000001192092896,0.0,0.5848313997581798,0.5848313997581798,,,,1.0
35,hexane_dipole,18,1.0000001192092896,0.0,0.5848313997581798,0.5848313997581798,,,,1.0
35,hexane_dipole,19,1.0000001192092896,0.0,0.5848313997581798,0.5848313997581798,,,,1.0
35,hexane_dipole,20,1.0000001192092896,0.0,0.5848313997581798,0.5848313997581798,,,,1.0
35,hexane_dipole,21,1.0000001192092896,0.0,0.5848313997581798,0.5848313997581798,,,,1.0
35,hexane_dipole,22,1.0000001192092896,0.0,0.5848313997581798,0.5848313997581798,,,,1.0
35,hexane_dipole,23,1.0000001192092896,0.0,0.5848313997581798,0.5848313997581798,,,,1.0
35,hexane_dipole,24,1.0000001192092896,0.0,0.5848313997581798,0.5848313997581798,,,,1.0
35,hexane_dipole,25,1.0000001192092896,0.0,0.5848313997581798,0.5848313997581798,,,,1.0
35,hexane_dipole,26,1.0000001192092896,0.0,0.5848313997581798,0.5848313997581798,,,,1.0
35,hexane_dipole,27,1.0000001192092896,0.0,0.5848313997581798,0.5848313997581798,,,,1.0
35,hexane_dipole,28,1.0000001192092896,0.0,0.5848313997581798,0.5848313997581798,,,,1.0
35,hexane_dipole,29,1.0000001192092896,0.0,0.5848313997581798,0.5848313997581798,,,,1.0
35,hexane_dipole,30,1.0000001192092896,0.0,0.5848313997581798,0.5848313997581798,,,,1.0
35,hexane_dipole,31,1.0000001192092896,0.0,0.5848313997581798,0.5848313997581798,,,,1.0
35,hexane_dipole,32,1.0000001192092896,0.0,0.5848313997581798,0.5848313997581798,,,,1.0
35,hexane_dipole,33,1.0000001192092896,0.0,0.5848313997581798,0.5848313997581798,,,,1.0
35,hexane_dipole,34,1.0000001192092896,0.0,0.5848313997581798,0.5848313997581798,,,,1.0
35,hexane_dipole,35,1.0000001192092896,0.0,0.5848313997581798,0.5848313997581798,,,,1.0
35,hexane_dipole,36,1.0000001192092896,0.0,0.5848313997581798,0.5848313997581798,,,,1.0
35,hexane_dipole,37,1.0000001192092896,0.0,0.5848313997581798,0.5848313997581798,,,,1.0
35,hexane_dipole,38,1.0000001192092896,0.0,0.5848313997581798,0.5848313997581798,,,,1.0
35,hexane_dipole,39,1.0000001192092896,0.0,0.5848313997581798,0.5848313997581798,,,,1.0
35,hexane_dipole,40,1.0000001192092896,0.0,0.5848313997581798,0.5848313997581798,,,,1.0
35,hexane_dipole,41,1.0000001192092896,0.0,0.5848313997581798,0.5848313997581798,,,,1.0
35,hexane_dipole,42,1.0000001192092896,0.0,0.5848313997581798,0.5848313997581798,,,,1.0
35,hexane_dipole,43,1.0000001192092896,0.0,0.5848313997581798,0.5848313997581798,,,,1.0
35,hexane_dipole,44,1.0000001192092896,0.0,0.5848313997581798,0.5848313997581798,,,,1.0
35,hexane_dipole,45,1.0000001192092896,0.0,0.5848313997581798,0.5848313997581798,,,,1.0
35,hexane_dipole,46,1.0000001192092896,0.0,0.5848313997581798,0.5848313997581798,,,,1.0
35,hexane_dipole,47,1.0000001192092896,0.0,0.5848313997581798,0.5848313997581798,,,,1.0
35,hexane_dipole,48,1.0000001192092896,0.0,0.5848313997581798,0.5848313997581798,,,,1.0
35,hexane_dipole,49,1.0000001192092896,0.0,0.5848313997581798,0.5848313997581798,,,,1.0
35,hexane_dipole,50,1.0000001192092896,0.0,0.5848313997581798,0.5848313997581798,,,,1.0
35,hexane_dipole,51,1.0000001192092896,0.0,0.5848313997581798,0.5848313997581798,,,,1.0
35,hexane_dipole,52,1.0000001192092896,0.0,0.5848313997581798,0.5848313997581798,,,,1.0
35,hexane_dipole,53,1.0000001192092896,0.0,0.5848313997581798,0.5848313997581798,,,,1.0
35,hexane_dipole,54,1.0000001192092896,0.0,0.5848313997581798,0.5848313997581798,,,,1.0
35,hexane_dipole,55,1.0000001192092896,0.0,0.5848313997581798,0.5848313997581798,,,,1.0
35,hexane_dipole,56,1.0000001192092896,0.0,0.5848313997581798,0.5848313997581798,,,,1.0
35,hexane_dipole,57,1.0000001192092896,0.0,0.5848313997581798,0.5848313997581798,,,,1.0
35,hexane_dipole,58,1.0000001192092896,0.0,0.5848313997581798,0.5848313997581798,,,,1.0
35,hexane_dipole,59,1.0000001192092896,0.0,0.5848313997581798,0.5848313997581798,,,,1.0
35,hexane_dipole,60,1.0000001192092896,0.0,0.5848313997581798,0.5848313997581798,,,,1.0
35,hexane_dipole,61,1.0000001192092896,0.0,0.5848313997581798,0.5848313997581798,,,,1.0
35,hexane_dipole,62,1.0000001192092896,0.0,0.5848313997581798,0.5848313997581798,,,,1.0
35,hexane_dipole,63,1.0000001192092896,0.0,0.5848313997581798,0.5848313997581798,,,,1.0
35,hexane_dipole,64,1.0000001192092896,0.0,0.5848313997581798,0.5848313997581798,,,,1.0
35,hexane_dipole,65,1.0000001192092896,0.0,0.5848313997581798,0.5848313997581798,,,,1.0
35,hexane_dipole,66,1.0000001192092896,0.0,0.5848313997581798,0.5848313997581798,,,,1.0
35,hexane_dipole,67,1.0000001192092896,0.0,0.5848313997581798,0.5848313997581798,,,,1.0
35,hexane_dipole,68,1.0000001192092896,0.0,0.5848313997581798,0.5848313997581798,,,,1.0
35,hexane_dipole,69,1.0000001192092896,0.0,0.5848313997581798,0.5848313997581798,,,,1.0
35,hexane_dipole,70,1.0000001192092896,0.0,0.5848313997581798,0.5848313997581798,,,,1.0
35,hexane_dipole,71,1.0000001192092896,0.0,0.5848313997581798,0.5848313997581798,,,,1.0
35,hexane_dipole,72,1.0000001192092896,0.0,0.5848313997581798,0.5848313997581798,,,,1.0
35,hexane_dipole,73,1.0000001192092896,0.0,0.5848313997581798,0.5848313997581798,,,,1.0
35,hexane_dipole,74,1.0000001192092896,0.0,0.5848313997581798,0.5848313997581798,,,,1.0
35,hexane_dipole,75,1.0000001192092896,0.0,0.5848313997581798,0.5848313997581798,,,,1.0
35,hexane_dipole,76,1.0000001192092896,0.0,0.5848313997581798,0.5848313997581798,,,,1.0
35,hexane_dipole,77,1.0000001192092896,0.0,0.5848313997581798,0.5848313997581798,,,,1.0
35,hexane_dipole,78,1.0000001192092896,0.0,0.5848313997581798,0.5848313997581798,,,,1.0
35,hexane_dipole,79,1.0000001192092896,0.0,0.5848313997581798,0.5848313997581798,,,,1.0
35,hexane_dipole,80,1.0000001192092896,0.0,0.5848313997581798,0.5848313997581798,,,,1.0
35,hexane_dipole,81,1.0000001192092896,0.0,0.5848313997581798,0.5848313997581798,,,,1.0
35,hexane_dipole,82,1.0000001192092896,0.0,0.5848313997581798,0.5848313997581798,,,,1.0
35,hexane_dipole,83,1.0000001192092896,0.0,0.5848313997581798,0.5848313997581798,,,,1.0
35,hexane_dipole,84,1.0000001192092896,0.0,0.5848313997581798,0.5848313997581798,,,,1.0
35,hexane_dipole,85,1.0000001192092896,0.0,0.5848313997581798,0.5848313997581798,,,,1.0
35,hexane_dipole,86,1.0000001192092896,0.0,0.5848313997581798,0.5848313997581798,,,,1.0
35,hexane_dipole,87,1.0000001192092896,0.0,0.5848313997581798,0.5848313997581798,,,,1.0
35,hexane_dipole,88,1.0000001192092896,0.0,0.5848313997581798,0.5848313997581798,,,,1.0
35,hexane_dipole,89,1.0000001192092896,0.0,0.5848313997581798,0.5848313997581798,,,,1.0
35,hexane_dipole,90,1.0000001192092896,0.0,0.5848313997581798,0.5848313997581798,,,,1.0
35,hexane_dipole,91,1.0000001192092896,0.0,0.5848313997581798,0.5848313997581798,,,,1.0
35,hexane_dipole,92,1.0000001192092896,0.0,0.5848313997581798,0.5848313997581798,,,,1.0
35,hexane_dipole,93,1.0000001192092896,0.0,0.5848313997581798,0.5848313997581798,,,,1.0
35,hexane_dipole,94,1.0000001192092896,0.0,0.5848313997581798,0.5848313997581798,,,,1.0
35,hexane_dipole,95,1.0000001192092896,0.0,0.5848313997581798,0.5848313997581798,,,,1.0
35,hexane_dipole,96,1.0000001192092896,0.0,0.5848313997581798,0.5848313997581798,,,,1.0
35,hexane_dipole,97,1.0000001192092896,0.0,0.5848313997581798,0.5848313997581798,,,,1.0
35,hexane_dipole,98,1.0000001192092896,0.0,0.5848313997581798,0.5848313997581798,,,,1.0
35,hexane_dipole,99,1.0000001192092896,0.0,0.5848313997581798,0.5848313997581798,,,,1.0
35,hexane_dipole,100,1.0000001192092896,0.0,0.5848313997581798,0.5848313997581798,,,,1.0
35,hexane_dipole,101,1.0000001192092896,0.0,0.5848313997581798,0.5848313997581798,,,,1.0
35,hexane_dipole,102,1.0000001192092896,0.0,0.5848313997581798,0.5848313997581798,,,,1.0
35,hexane_dipole,103,1.0000001192092896,0.0,0.5848313997581798,0.5848313997581798,,,,1.0
35,hexane_dipole,104,1.0000001192092896,0.0,0.5848313997581798,0.5848313997581798,,,,1.0
35,hexane_dipole,105,1.0000001192092896,0.0,0.5848313997581798,0.5848313997581798,,,,1.0
35,hexane_dipole,106,1.0000001192092896,0.0,0.5848313997581798,0.5848313997581798,,,,1.0
35,hexane_dipole,107,1.0000001192092896,0.0,0.5848313997581798,0.5848313997581798,,,,1.0
35,hexane_dipole,108,1.0000001192092896,0.0,0.5848313997581798,0.5848313997581798,,,,1.0
35,hexane_dipole,109,1.0000001192092896,0.0,0.5848313997581798,0.5848313997581798,,,,1.0
35,hexane_dipole,110,1.0000001192092896,0.0,0.5848313997581798,0.5848313997581798,,,,1.0
35,hexane_dipole,111,1.0000001192092896,0.0,0.5848313997581798,0.5848313997581798,,,,1.0
35,hexane_dipole,112,1.0000001192092896,0.0,0.5848313997581798,0.5848313997581798,,,,1.0
35,hexane_dipole,113,1.0000001192092896,0.0,0.5848313997581798,0.5848313997581798,,,,1.0
35,hexane_dipole,114,1.0000001192092896,0.0,0.5848313997581798,0.5848313997581798,,,,1.0
35,hexane_dipole,115,1.0000001192092896,0.0,0.5848313997581798,0.5848313997581798,,,,1.0
35,hexane_dipole,116,1.0000001192092896,0.0,0.5848313997581798,0.5848313997581798,,,,1.0
35,hexane_dipole,117,1.0000001192092896,0.0,0.5848313997581798,0.5848313997581798,,,,1.0
35,hexane_dipole,118,1.0000001192092896,0.0,0.5848313997581798,0.5848313997581798,,,,1.0
35,hexane_dipole,119,1.0000001192092896,0.0,0.5848313997581798,0.5848313997581798,,,,1.0
35,hexane_dipole,120,1.0000001192092896,0.0,0.5848313997581798,0.5848313997581798,,,,1.0
35,hexane_dipole,121,1.0000001192092896,0.0,0.5848313997581798,0.5848313997581798,,,,1.0
35,hexane_dipole,122,1.0000001192092896,0.0,0.5848313997581798,0.5848313997581798,,,,1.0
35,hexane_dipole,123,1.0000001192092896,0.0,0.5848313997581798,0.5848313997581798,,,,1.0
35,hexane_dipole,124,1.0000001192092896,0.0,0.5848313997581798,0.5848313997581798,,,,1.0
35,hexane_dipole,125,1.0000001192092896,0.0,0.5848313997581798,0.5848313997581798,,,,1.0
35,hexane_dipole,126,1.0000001192092896,0.0,0.5848313997581798,0.5848313997581798,,,,1.0
35,hexane_dipole,127,1.0000001192092896,0.0,0.5848313997581798,0.5848313997581798,,,,1.0
35,hexane_dipole,128,1.0000001192092896,0.0,0.5848313997581798,0.5848313997581798,,,,1.0
35,hexane_dipole,129,1.0000001192092896,0.0,0.5848313997581798,0.5848313997581798,,,,1.0
35,hexane_dipole,130,1.0000001192092896,0.0,0.5848313997581798,0.5848313997581798,,,,1.0
35,hexane_dipole,131,1.0000001192092896,0.0,0.5848313997581798,0.5848313997581798,,,,1.0
35,hexane_dipole,132,1.0000001192092896,0.0,0.5848313997581798,0.5848313997581798,,,,1.0
35,hexane_dipole,133,1.0000001192092896,0.0,0.5848313997581798,0.5848313997581798,,,,1.0
35,hexane_dipole,134,1.0000001192092896,0.0,0.5848313997581798,0.5848313997581798,,,,1.0
35,hexane_dipole,135,1.0000001192092896,0.0,0.5848313997581798,0.5848313997581798,,,,1.0
35,hexane_dipole,136,1.0000001192092896,0.0,0.5848313997581798,0.5848313997581798,,,,1.0
35,hexane_dipole,137,1.0000001192092896,0.0,0.5848313997581798,0.5848313997581798,,,,1.0
35,hexane_dipole,138,1.0000001192092896,0.0,0.5848313997581798,0.5848313997581798,,,,1.0
35,hexane_dipole,139,1.0000001192092896,0.0,0.5848313997581798,0.5848313997581798,,,,1.0
35,hexane_dipole,140,1.0000001192092896,0.0,0.5848313997581798,0.5848313997581798,,,,1.0
35,hexane_dipole,141,1.0000001192092896,0.0,0.5848313997581798,0.5848313997581798,,,,1.0
35,hexane_dipole,142,1.0000001192092896,0.0,0.5848313997581798,0.5848313997581798,,,,1.0
35,hexane_dipole,143,1.0000001192092896,0.0,0.5848313997581798,0.5848313997581798,,,,1.0
35,hexane_dipole,144,1.0000001192092896,0.0,0.5848313997581798,0.5848313997581798,,,,1.0
35,hexane_dipole,145,1.0000001192092896,0.0,0.5848313997581798,0.5848313997581798,,,,1.0
35,hexane_dipole,146,1.0000001192092896,0.0,0.5848313997581798,0.5848313997581798,,,,1.0
35,hexane_dipole,147,1.0000001192092896,0.0,0.5848313997581798,0.5848313997581798,,,,1.0
35,hexane_dipole,148,1.0000001192092896,0.0,0.5848313997581798,0.5848313997581798,,,,1.0
35,hexane_dipole,149,1.0000001192092896,0.0,0.5848313997581798,0.5848313997581798,,,,1.0
35,hexane_dipole,150,1.0000001192092896,0.0,0.5848313997581798,0.5848313997581798,,,,1.0
35,hexane_dipole,151,1.0000001192092896,0.0,0.5848313997581798,0.5848313997581798,,,,1.0
35,hexane_dipole,152,1.0000001192092896,0.0,0.5848313997581798,0.5848313997581798,,,,1.0
35,hexane_dipole,153,1.0000001192092896,0.0,0.5848313997581798,0.5848313997581798,,,,1.0
35,hexane_dipole,154,1.0000001192092896,0.0,0.5848313997581798,0.5848313997581798,,,,1.0
35,hexane_dipole,155,1.0000001192092896,0.0,0.5848313997581798,0.5848313997581798,,,,1.0
35,hexane_dipole,156,1.0000001192092896,0.0,0.5848313997581798,0.5848313997581798,,,,1.0
35,hexane_dipole,157,1.0000001192092896,0.0,0.5848313997581798,0.5848313997581798,,,,1.0
35,hexane_dipole,158,1.0000001192092896,0.0,0.5848313997581798,0.5848313997581798,,,,1.0
35,hexane_dipole,159,1.0000001192092896,0.0,0.5848313997581798,0.5848313997581798,,,,1.0
35,hexane_dipole,160,1.0000001192092896,0.0,0.5848313997581798,0.5848313997581798,,,,1.0
35,hexane_dipole,161,1.0000001192092896,0.0,0.5848313997581798,0.5848313997581798,,,,1.0
35,hexane_dipole,162,1.0000001192092896,0.0,0.5848313997581798,0.5848313997581798,,,,1.0
35,hexane_dipole,163,1.0000001192092896,0.0,0.5848313997581798,0.5848313997581798,,,,1.0
35,hexane_dipole,164,1.0000001192092896,0.0,0.5848313997581798,0.5848313997581798,,,,1.0
35,hexane_dipole,165,1.0000001192092896,0.0,0.5848313997581798,0.5848313997581798,,,,1.0
35,hexane_dipole,166,1.0000001192092896,0.0,0.5848313997581798,0.5848313997581798,,,,1.0
35,hexane_dipole,167,1.0000001192092896,0.0,0.5848313997581798,0.5848313997581798,,,,1.0
35,hexane_dipole,168,1.0000001192092896,0.0,0.5848313997581798,0.5848313997581798,,,,1.0
35,hexane_dipole,169,1.0000001192092896,0.0,0.5848313997581798,0.5848313997581798,,,,1.0
35,hexane_dipole,170,1.0000001192092896,0.0,0.5848313997581798,0.5848313997581798,,,,1.0
35,hexane_dipole,171,1.0000001192092896,0.0,0.5848313997581798,0.5848313997581798,,,,1.0
35,hexane_dipole,172,1.0000001192092896,0.0,0.5848313997581798,0.5848313997581798,,,,1.0
35,hexane_dipole,173,1.0000001192092896,0.0,0.5848313997581798,0.5848313997581798,,,,1.0
35,hexane_dipole,174,1.0000001192092896,0.0,0.5848313997581798,0.5848313997581798,,,,1.0
35,hexane_dipole,175,1.0000001192092896,0.0,0.5848313997581798,0.5848313997581798,,,,1.0
35,hexane_dipole,176,1.0000001192092896,0.0,0.5848313997581798,0.5848313997581798,,,,1.0
35,hexane_dipole,177,1.0000001192092896,0.0,0.5848313997581798,0.5848313997581798,,,,1.0
35,hexane_dipole,178,1.0000001192092896,0.0,0.5848313997581798,0.5848313997581798,,,,1.0
35,hexane_dipole,179,1.0000001192092896,0.0,0.5848313997581798,0.5848313997581798,,,,1.0
35,hexane_dipole,180,1.0000001192092896,0.0,0.5848313997581798,0.5848313997581798,,,,1.0
35,hexane_dipole,181,1.0000001192092896,0.0,0.5848313997581798,0.5848313997581798,,,,1.0
35,hexane_dipole,182,1.0000001192092896,0.0,0.5848313997581798,0.5848313997581798,,,,1.0
35,hexane_dipole,183,1.0000001192092896,0.0,0.5848313997581798,0.5848313997581798,,,,1.0
35,hexane_dipole,184,1.0000001192092896,0.0,0.5848313997581798,0.5848313997581798,,,,1.0
35,hexane_dipole,185,1.0000001192092896,0.0,0.5848313997581798,0.5848313997581798,,,,1.0
35,hexane_dipole,186,1.0000001192092896,0.0,0.5848313997581798,0.5848313997581798,,,,1.0
35,hexane_dipole,187,1.0000001192092896,0.0,0.5848313997581798,0.5848313997581798,,,,1.0
35,hexane_dipole,188,1.0000001192092896,0.0,0.5848313997581798,0.5848313997581798,,,,1.0
35,hexane_dipole,189,1.0000001192092896,0.0,0.5848313997581798,0.5848313997581798,,,,1.0
35,hexane_dipole,190,1.0000001192092896,0.0,0.5848313997581798,0.5848313997581798,,,,1.0
35,hexane_dipole,191,1.0000001192092896,0.0,0.5848313997581798,0.5848313997581798,,,,1.0
35,hexane_dipole,192,1.0000001192092896,0.0,0.5848313997581798,0.5848313997581798,,,,1.0
35,hexane_dipole,193,1.0000001192092896,0.0,0.5848313997581798,0.5848313997581798,,,,1.0
35,hexane_dipole,194,1.0000001192092896,0.0,0.5848313997581798,0.5848313997581798,,,,1.0
35,hexane_dipole,195,1.0000001192092896,0.0,0.5848313997581798,0.5848313997581798,,,,1.0
35,hexane_dipole,196,1.0000001192092896,0.0,0.5848313997581798,0.5848313997581798,,,,1.0
35,hexane_dipole,197,1.0000001192092896,0.0,0.5848313997581798,0.5848313997581798,,,,1.0
35,hexane_dipole,198,1.0000001192092896,0.0,0.5848313997581798,0.5848313997581798,,,,1.0
35,hexane_dipole,199,1.0000001192092896,0.0,0.5848313997581798,0.5848313997581798,,,,1.0
35,hexane_dipole,200,1.0000001192092896,0.0,0.5848313997581798,0.5848313997581798,,,,1.0
35,hexane_dipole,201,1.0000001192092896,0.0,0.5848313997581798,0.5848313997581798,,,,1.0
35,hexane_dipole,202,1.0000001192092896,0.0,0.5848313997581798,0.5848313997581798,,,,1.0
35,hexane_dipole,203,1.0000001192092896,0.0,0.5848313997581798,0.5848313997581798,,,,1.0
35,hexane_dipole,204,1.0000001192092896,0.0,0.5848313997581798,0.5848313997581798,,,,1.0
35,hexane_dipole,205,1.0000001192092896,0.0,0.5848313997581798,0.5848313997581798,,,,1.0
35,hexane_dipole,206,1.0000001192092896,0.0,0.5848313997581798,0.5848313997581798,,,,1.0
35,hexane_dipole,207,1.0000001192092896,0.0,0.5848313997581798,0.5848313997581798,,,,1.0
35,hexane_dipole,208,1.0000001192092896,0.0,0.5848313997581798,0.5848313997581798,,,,1.0
35,hexane_dipole,209,1.0000001192092896,0.0,0.5848313997581798,0.5848313997581798,,,,1.0
35,hexane_dipole,210,1.0000001192092896,0.0,0.5848313997581798,0.5848313997581798,,,,1.0
35,hexane_dipole,211,1.0000001192092896,0.0,0.5848313997581798,0.5848313997581798,,,,1.0
35,hexane_dipole,212,1.0000001192092896,0.0,0.5848313997581798,0.5848313997581798,,,,1.0
35,hexane_dipole,213,1.0000001192092896,0.0,0.5848313997581798,0.5848313997581798,,,,1.0
35,hexane_dipole,214,1.0000001192092896,0.0,0.5848313997581798,0.5848313997581798,,,,1.0
35,hexane_dipole,215,1.0000001192092896,0.0,0.5848313997581798,0.5848313997581798,,,,1.0
35,hexane_dipole,216,1.0000001192092896,0.0,0.5848313997581798,0.5848313997581798,,,,1.0
35,hexane_dipole,217,1.0000001192092896,0.0,0.5848313997581798,0.5848313997581798,,,,1.0
35,hexane_dipole,218,1.0000001192092896,0.0,0.5848313997581798,0.5848313997581798,,,,1.0
35,hexane_dipole,219,1.0000001192092896,0.0,0.5848313997581798,0.5848313997581798,,,,1.0
35,hexane_dipole,220,1.0000001192092896,0.0,0.5848313997581798,0.5848313997581798,,,,1.0
35,hexane_dipole,221,1.0000001192092896,0.0,0.5848313997581798,0.5848313997581798,,,,1.0
35,hexane_dipole,222,1.0000001192092896,0.0,0.5848313997581798,0.5848313997581798,,,,1.0
35,hexane_dipole,223,1.0000001192092896,0.0,0.5848313997581798,0.5848313997581798,,,,1.0
35,hexane_dipole,224,1.0000001192092896,0.0,0.5848313997581798,0.5848313997581798,,,,1.0
35,hexane_dipole,225,1.0000001192092896,0.0,0.5848313997581798,0.5848313997581798,,,,1.0
35,hexane_dipole,226,1.0000001192092896,0.0,0.5848313997581798,0.5848313997581798,,,,1.0
35,hexane_dipole,227,1.0000001192092896,0.0,0.5848313997581798,0.5848313997581798,,,,1.0
35,hexane_dipole,228,1.0000001192092896,0.0,0.5848313997581798,0.5848313997581798,,,,1.0
35,hexane_dipole,229,1.0000001192092896,0.0,0.5848313997581798,0.5848313997581798,,,,1.0
35,hexane_dipole,230,1.0000001192092896,0.0,0.5848313997581798,0.5848313997581798,,,,1.0
35,hexane_dipole,231,1.0000001192092896,0.0,0.5848313997581798,0.5848313997581798,,,,1.0
35,hexane_dipole,232,1.0000001192092896,0.0,0.5848313997581798,0.5848313997581798,,,,1.0
35,hexane_dipole,233,1.0000001192092896,0.0,0.5848313997581798,0.5848313997581798,,,,1.0
35,hexane_dipole,234,1.0000001192092896,0.0,0.5848313997581798,0.5848313997581798,,,,1.0
35,hexane_dipole,235,1.0000001192092896,0.0,0.5848313997581798,0.5848313997581798,,,,1.0
35,hexane_dipole,236,1.0000001192092896,0.0,0.5848313997581798,0.5848313997581798,,,,1.0
35,hexane_dipole,237,1.0000001192092896,0.0,0.5848313997581798,0.5848313997581798,,,,1.0
35,hexane_dipole,238,1.0000001192092896,0.0,0.5848313997581798,0.5848313997581798,,,,1.0
35,hexane_dipole,239,1.0000001192092896,0.0,0.5848313997581798,0.5848313997581798,,,,1.0
35,hexane_dipole,240,1.0000001192092896,0.0,0.5848313997581798,0.5848313997581798,,,,1.0
35,hexane_dipole,241,1.0000001192092896,0.0,0.5848313997581798,0.5848313997581798,,,,1.0
35,hexane_dipole,242,1.0000001192092896,0.0,0.5848313997581798,0.5848313997581798,,,,1.0
35,hexane_dipole,243,1.0000001192092896,0.0,0.5848313997581798,0.5848313997581798,,,,1.0
35,hexane_dipole,244,1.0000001192092896,0.0,0.5848313997581798,0.5848313997581798,,,,1.0
35,hexane_dipole,245,1.0000001192092896,0.0,0.5848313997581798,0.5848313997581798,,,,1.0
35,hexane_dipole,246,1.0000001192092896,0.0,0.5848313997581798,0.5848313997581798,,,,1.0
35,hexane_dipole,247,1.0000001192092896,0.0,0.5848313997581798,0.5848313997581798,,,,1.0
35,hexane_dipole,248,1.0000001192092896,0.0,0.5848313997581798,0.5848313997581798,,,,1.0
35,hexane_dipole,249,1.0000001192092896,0.0,0.5848313997581798,0.5848313997581798,,,,1.0
36,sco_kcal,0,0.3324674069881439,0.28291237354278564,0.6483121964435754,0.9825483662958896,65.80208587646484,3.4954683780670166,0.0531209357805058,0.26
36,sco_kcal,1,0.592429518699646,0.021286725997924805,0.656176185298996,0.8922895318601674,5.031030178070068,3.205505132675171,0.6371468703661843,0.3
36,sco_kcal,2,0.14093060791492462,0.042903028428554535,0.6343211858117057,0.9580231844939238,9.573198318481445,0.21208836138248444,0.022154389194365617,0.04
36,sco_kcal,3,0.18287648260593414,0.058651603758335114,0.6447966982725417,0.9706793537806311,13.249311447143555,0.2418045848608017,0.01825035103336882,0.18
36,sco_kcal,4,0.21416644752025604,0.08455356955528259,0.603647924636932,0.8922051990175381,17.221399307250977,3.3376476764678955,0.1938081579156345,0.12
36,sco_kcal,5,0.269295334815979,0.09066107124090195,0.5902709230641769,0.901028886835961,17.481782913208008,4.132325649261475,0.2363789591586439,0.2
36,sco_kcal,6,0.4435783624649048,0.04492119327187538,0.5925315765419323,0.8993184204043423,8.600822448730469,3.2647533416748047,0.379586180407282,0.26
36,sco_kcal,7,0.13878250122070312,0.030509134754538536,0.6245666659130551,0.9631554836618685,6.591679096221924,0.06409192830324173,0.009723156629390007,0.1
36,sco_kcal,8,0.15219777822494507,0.03683464229106903,0.5996476730468381,0.9292575650119599,7.43609619140625,0.5920817255973816,0.07962265553821625,0.06
36,sco_kcal,9,0.3167100250720978,0.01361448597162962,0.6141092984064376,0.9598866374205506,2.870387077331543,0.8783544301986694,0.3060055687734046,0.22
36,sco_kcal,10,0.459037184715271,0.030497785657644272,0.6083839643597533,0.8979930971966998,6.215678691864014,2.623720645904541,0.4221133002481047,0.18
36,sco_kcal,11,0.13470958173274994,0.017082080245018005,0.6420792068222516,0.961491576138102,3.893979787826538,0.12386533617973328,0.03180944507389698,0.12
36,sco_kcal,12,0.4535290002822876,0.03848583251237869,0.6107871476512712,0.8952525080544573,7.773676872253418,3.5571563243865967,0.45758993882073407,0.24
36,sco_kcal,13,0.06388883292675018,0.07108871638774872,0.6151944152196118,0.9646687464961974,14.913403511047363,0.12458669394254684,0.008354008114261582,0.04
36,sco_kcal,14,0.5629452466964722,0.3308738172054291,0.6542108369494799,0.9752014474101953,83.0843734741211,0.6695001721382141,0.008058075714403121,0.56
36,sco_kcal,15,0.6583006978034973,0.023196646943688393,0.689374566341808,0.8887601911862997,5.828121185302734,4.494426250457764,0.7711621134083035,0.42
36,sco_kcal,16,0.42721182107925415,0.02269901894032955,0.6459488166914749,0.9245134227144791,5.074155807495117,1.9277727603912354,0.37991989870387727,0.2
36,sco_kcal,17,0.09568901360034943,0.10835180431604385,0.6248855227113406,0.9298221754814304,23.320297241210938,1.141823172569275,0.0489626337417123,0.02
36,sco_kcal,18,0.051011860370635986,0.048409122973680496,0.5818114802744241,0.9686191376393751,9.314950942993164,0.08185172826051712,0.0087871346571167,0.08
36,sco_kcal,19,0.15256564319133759,0.04050212725996971,0.6099331684211775,0.9405777592599318,8.354541778564453,0.24043558537960052,0.028779027234802357,0.1
36,sco_kcal,20,0.14853624999523163,0.025462208315730095,0.649166456284521,0.9486832180723657,5.769542694091797,0.2280580848455429,0.039527930884207155,0.06
36,sco_kcal,21,0.26558804512023926,0.028607318177819252,0.6196529613666744,0.9264248804250652,6.0914177894592285,1.0689947605133057,0.17549194579349428,0.12
36,sco_kcal,22,0.2748987078666687,0.028091562911868095,0.646979555573111,0.9664841147908438,6.432918071746826,0.5164295434951782,0.0802792042017946,0.24
36,sco_kcal,23,0.8419444561004639,0.016786901280283928,0.7022315856706751,0.8848432810141649,4.047336578369141,5.44858980178833,1.3462161340641008,0.7
36,sco_kcal,24,0.3878187835216522,0.025065051391720772,0.6489481535966064,0.9071662247905274,5.76910924911499,2.0197970867156982,0.35010553614070405,0.22
36,sco_kcal,25,0.13604731857776642,0.06938555091619492,0.5862420346309749,0.9333792952116073,13.326187133789062,1.2765514850616455,0.09579270291236568,0.1
36,sco_kcal,26,0.7002590894699097,0.010990389622747898,0.6848702247900305,0.9334047892886734,2.532545566558838,2.005282163619995,0.791804968920944,0.64
36,sco_kcal,27,0.1852690428495407,0.06218445301055908,0.5963480179026044,0.9157752301131536,12.342426300048828,0.891391932964325,0.07222177481916975,0.1
36,sco_kcal,28,0.22737541794776917,0.088736392557621,0.6493322877878518,0.9752847125338955,20.456666946411133,0.8598272204399109,0.04203163803235096,0.16
36,sco_kcal,29,0.16489334404468536,0.025595756247639656,0.6282026995289678,0.9382395161815507,5.601343154907227,0.38146233558654785,0.06810194002350244,0.06
36,sco_kcal,30,0.24151577055454254,0.06812883913516998,0.6460165509733482,0.9673983052474988,15.398388862609863,0.9068793654441833,0.05889443197828665,0.12
36,sco_kcal,31,0.5565006136894226,0.02156100608408451,0.6526747739693699,0.8743043833348567,5.028645992279053,2.8528409004211426,0.5673179032290947,0.16
36,sco_kcal,32,0.2370903044939041,0.048249125480651855,0.5927275312360729,0.9237119233237903,9.105717658996582,2.1180620193481445,0.23260791720853197,0.08
36,sco_kcal,33,0.4093587100505829,0.0341830812394619,0.6028283918941268,0.9120351703818537,7.041426658630371,2.3497605323791504,0.33370517741587935,0.3
36,sco_kcal,34,0.3778850734233856,0.04159315302968025,0.5889710426889123,0.8876453461178304,8.267730712890625,2.9274141788482666,0.35407710779500734,0.18
36,sco_kcal,35,0.05094100907444954,0.07183167338371277,0.6096516939150074,0.9523820267798466,14.631235122680664,0.23127985000610352,0.01580726767541205,0.02
36,sco_kcal,36,0.25165650248527527,0.08439569175243378,0.6112073783244385,0.8759198968422135,17.346599578857422,3.5152580738067627,0.20264825148159119,0.04
36,sco_kcal,37,0.23128491640090942,0.09555336087942123,0.5974986641494666,0.8980468948842277,18.760515213012695,4.094461917877197,0.21824890582094414,0.04
36,sco_kcal,38,0.3514852523803711,0.01569618098437786,0.603381605343124,0.9432785249827795,3.2865779399871826,0.5154821276664734,0.15684463812487093,0.32
36,sco_kcal,39,0.1712971180677414,0.2962387204170227,0.6457861794230837,0.9781184120419768,66.65019226074219,1.5565088987350464,0.02335340448300327,0.12
36,sco_kcal,40,0.1746743619441986,0.024277782067656517,0.6484528831830594,0.9603122644541964,5.610988616943359,0.183975487947464,0.032788426515769055,0.12
36,sco_kcal,41,0.16907183825969696,0.022618304938077927,0.6235131252106763,0.972685879688117,4.976129531860352,0.09921083599328995,0.019937349974127275,0.16
36,sco_kcal,42,0.46194639801979065,0.018979154527187347,0.6524128095596309,0.9394721390292207,4.382521152496338,1.2632341384887695,0.2882437059702988,0.32
36,sco_kcal,43,0.19946013391017914,0.026989899575710297,0.6386920538932419,0.9368839085396885,6.004766464233398,0.5804144144058228,0.096658948830564,0.08
36,sco_kcal,44,0.08717416971921921,0.024485625326633453,0.6328449989663638,0.9666460591385728,5.406970024108887,0.11442270874977112,0.021162075661521524,0.02
36,sco_kcal,45,0.15889424085617065,0.013036621734499931,0.6478506448897796,0.9639690216822496,3.0310678482055664,0.10526791214942932,0.034729645597260175,0.14
36,sco_kcal,46,0.2820943295955658,0.03120386227965355,0.6170380770987967,0.9256015180698518,6.603242874145508,1.5736585855484009,0.2383160237388724,0.08
36,sco_kcal,47,0.5294281840324402,0.036198679357767105,0.6119655013211276,0.9008893014239845,7.657484531402588,3.2716503143310547,0.4272487003942796,0.3
36,sco_kcal,48,0.23578110337257385,0.05018346756696701,0.6459303680052637,0.9671288134916021,11.442096710205078,0.26650041341781616,0.02329122189468364,0.12
36,sco_kcal,49,0.1998187154531479,0.01967046782374382,0.6411694391270351,0.9530725463737288,4.49031925201416,0.4312232732772827,0.09603398980681715,0.06
36,sco_kcal,50,0.135970339179039,0.02178535982966423,0.6330781777907639,0.959455483413238,4.825804710388184,0.12465652823448181,0.025831241775313065,0.1
36,sco_kcal,51,0.3067156672477722,0.05704072117805481,0.6503302810134917,0.9737672952638086,13.18556022644043,0.3708588182926178,0.02812613282437183,0.18
36,sco_kcal,52,0.19034568965435028,0.6855911612510681,0.6447871830826961,0.9823914019381175,153.814453125,3.287849187850952,0.021375424227390544,0.2
36,sco_kcal,53,0.0841563418507576,0.038700610399246216,0.5926176895901334,0.9465398172096482,7.611992835998535,0.32059332728385925,0.04211687191397679,0.04
36,sco_kcal,54,0.33734822273254395,0.18179099261760712,0.6482637363436314,0.9841413316123222,41.89788818359375,1.467665195465088,0.03502957449869256,0.3
36,sco_kcal,55,0.04950077086687088,0.10116243362426758,0.5847549187705776,0.9501690107704872,19.249217987060547,0.046434435993433,0.00241227648960319,0.02
36,sco_kcal,56,0.2579030394554138,0.028089744970202446,0.6434869387302791,0.9556631185178093,6.449152946472168,0.5179181694984436,0.08030793715037515,0.14
36,sco_kcal,57,0.16543598473072052,0.03674464672803879,0.5995565816745831,0.9452241803543844,7.398386478424072,0.4105563163757324,0.055492683110437466,0.1
36,sco_kcal,58,0.18552756309509277,0.04782087355852127,0.629830260785329,0.9578676782277005,10.514745712280273,0.3011624813079834,0.028641917698138227,0.1
36,sco_kcal,59,0.16876479983329773,0.049326974898576736,0.610292926206877,0.9493833024323022,10.070395469665527,0.3713875114917755,0.03687913872007159,0.16
36,sco_kcal,60,0.5139482021331787,0.02855158969759941,0.6165686274379483,0.900536761761842,6.002768039703369,2.534592390060425,0.42223727008876283,0.32
36,sco_kcal,61,0.31249725818634033,0.031544677913188934,0.622171003257401,0.9338800838363772,6.824932098388672,1.4325759410858154,0.20990332510766496,0.12
36,sco_kcal,62,0.3140711784362793,0.06281986832618713,0.5840627289357156,0.8876113573433646,11.895801544189453,3.359267473220825,0.28239101507722036,0.1
36,sco_kcal,63,0.6486095190048218,0.023029377683997154,0.616174328481421,0.8847767933410231,4.814097881317139,3.5320284366607666,0.7336843836034349,0.58
36,sco_kcal,64,0.2372383177280426,0.048888035118579865,0.6196509608234315,0.918641790613129,10.348702430725098,1.5383988618850708,0.14865620807856977,0.04
36,sco_kcal,65,0.21061161160469055,0.050314053893089294,0.5966089669132566,0.9287190694814969,9.959760665893555,1.310174584388733,0.13154679397822544,0.08
36,sco_kcal,66,0.34964799880981445,0.033221807330846786,0.5948292043462515,0.9004269789628918,6.7442216873168945,1.9889922142028809,0.29491797666487696,0.1
36,sco_kcal,67,0.1917462795972824,0.04821666330099106,0.632896589800338,0.9210913323847671,10.745081901550293,1.8716785907745361,0.17418932753825653,0.06
36,sco_kcal,68,0.5469139218330383,0.021490128710865974,0.6450883059799464,0.8973127889764259,4.878608703613281,2.669832706451416,0.5472528888152144,0.28
36,sco_kcal,69,0.19383640587329865,0.03722410649061203,0.5978410853055338,0.942538996544285,7.464791774749756,0.797477126121521,0.10683179788337165,0.1
36,sco_kcal,70,0.05805240944027901,0.030432067811489105,0.5976804239547475,0.9525593117058737,6.122491836547852,0.09050092846155167,0.014781714843833968,0.04
36,sco_kcal,71,0.37889936566352844,0.02334601990878582,0.6458662068602108,0.9294310172543463,5.352841854095459,1.5576622486114502,0.29099724801689836,0.12
36,sco_kcal,72,0.2472834289073944,0.03768094256520271,0.6457652562289169,0.9581015790842615,8.524897575378418,0.44783422350883484,0.052532504883374576,0.12
36,sco_kcal,73,0.2506689131259918,0.37884896993637085,0.642045471535053,0.9870717199833778,84.8780517578125,1.9247294664382935,0.02267640958501541,0.26
36,sco_kcal,74,0.25856634974479675,0.14722535014152527,0.6418677258523093,0.9835658731555397,33.17160415649414,1.4900598526000977,0.044919740557930854,0.22
36,sco_kcal,75,0.7290170192718506,0.016907623037695885,0.6811881277480001,0.8948878324130021,3.9943950176239014,3.8783979415893555,0.9709600388737848,0.54
36,sco_kcal,76,0.7300963997840881,0.016797007992863655,0.6748222389580778,0.8705398197708785,4.074738502502441,3.7609550952911377,0.9229929952514503,0.56
36,sco_kcal,77,0.3512486219406128,0.03757905587553978,0.644364731912727,0.9299402997627522,8.405502319335938,1.9885727167129517,0.23657987841350753,0.14
36,sco_kcal,78,0.6078601479530334,0.015835894271731377,0.6533937574136233,0.9166012545651543,3.6782760620117188,2.1858408451080322,0.5942568769328734,0.34
36,sco_kcal,79,0.27240896224975586,0.1603119671344757,0.6411450725999601,0.9869536959038219,36.14583206176758,1.892727017402649,0.05236363114198822,0.32
36,sco_kcal,80,0.1951531618833542,0.018360383808612823,0.5921586131203509,0.9567735291945325,3.5935230255126953,0.2176063060760498,0.06055514450057085,0.12
36,sco_kcal,81,0.13001933693885803,0.021814046427607536,0.6300183428542643,0.9418858813111621,4.7298994064331055,0.39990317821502686,0.08454792456497513,0.02
36,sco_kcal,82,0.6398965716362,0.009255009703338146,0.6428549502396952,0.9134612273628921,2.2119898796081543,1.2353980541229248,0.5585007714148181,0.52
36,sco_kcal,83,0.31205055117607117,0.036201536655426025,0.6466321503656043,0.9722177405662891,8.385404586791992,0.4888232946395874,0.05829453899094411,0.18
36,sco_kcal,84,0.15681202709674835,0.08603812754154205,0.5788773310508981,0.903513897073003,16.444141387939453,1.8892546892166138,0.11488922678579258,0.06
36,sco_kcal,85,0.3941502571105957,0.03162095695734024,0.6019204558879587,0.8867825678351269,6.526897430419922,2.2994372844696045,0.35230173432059975,0.1
36,sco_kcal,86,0.2506057918071747,0.0816338062286377,0.6525086828565345,0.9745648133521798,19.205385208129883,0.9952946305274963,0.05182372650907181,0.16
36,sco_kcal,87,0.07448139786720276,0.04368196055293083,0.6175607710141546,0.9376361352924416,9.081072807312012,0.21789312362670898,0.023994205117622566,0.02
36,sco_kcal,88,0.29929959774017334,0.08495528995990753,0.6396638977535611,0.9553110673669516,18.816076278686523,1.642396330833435,0.08728686610894651,0.4
36,sco_kcal,89,0.3181714415550232,0.04456871375441551,0.6120754975868141,0.8923920879163736,9.317886352539062,2.3640341758728027,0.2537092733727772,0.06
36,sco_kcal,90,0.10212625563144684,0.03316326066851616,0.6167503372429164,0.964335494050172,6.943058967590332,0.12159879505634308,0.017513720627169802,0.1
36,sco_kcal,91,0.5668561458587646,0.045163050293922424,0.6210087323747633,0.9033815693358431,9.301342964172363,5.7967071533203125,0.6232118496918693,0.2
36,sco_kcal,92,0.5155495405197144,0.036734018474817276,0.5953999698476116,0.9197403822129024,7.205747604370117,3.342895030975342,0.4639206387062398,0.5
36,sco_kcal,93,0.17097964882850647,0.022229477763175964,0.6348623995314777,0.9447104359699465,5.020091533660889,0.3401251435279846,0.06775277726459088,0.12
36,sco_kcal,94,0.22581495344638824,0.18230846524238586,0.6444357201676858,0.9857084162732146,41.04392623901367,1.2486298084259033,0.03042179252429894,0.26
36,sco_kcal,95,0.1490096002817154,0.020231956616044044,0.6181664447245614,0.9418103750814921,4.380425453186035,0.43788549304008484,0.0999641467980229,0.02
36,sco_kcal,96,0.15131844580173492,0.018730541691184044,0.6450375791715377,0.9557038170417016,4.299288749694824,0.14564931392669678,0.03387753705471292,0.1
36,sco_kcal,97,0.21848349273204803,0.06148092448711395,0.6136543043279856,0.9238359029319523,12.5703763961792,2.49468994140625,0.19845785541986777,0.06
36,sco_kcal,98,0.5666286945343018,0.03322580084204674,0.6075930244039769,0.8917772153658703,6.701483726501465,4.155212879180908,0.6200437169979003,0.26
36,sco_kcal,99,0.12726733088493347,0.026505114510655403,0.648305469384544,0.9513253517586484,6.042936325073242,0.23823733627796173,0.03942410170523752,0.12
36,sco_kcal,100,0.3533913493156433,0.04592260718345642,0.5928466273118391,0.8920662670476576,8.861202239990234,2.9398233890533447,0.33176349093874025,0.18
36,sco_kcal,101,0.36757904291152954,0.01141989603638649,0.6444360084591345,0.9178861067740975,2.6719906330108643,0.793499231338501,0.2969693162600524,0.1
36,sco_kcal,102,0.34402257204055786,0.04301484674215317,0.6276574675525528,0.9037862563498757,9.3594970703125,2.788559675216675,0.297939051026763,0.12
36,sco_kcal,103,0.461485356092453,0.035170357674360275,0.6122202205014502,0.9081363838148886,7.384997367858887,3.133295774459839,0.42427852284641604,0.34
36,sco_kcal,104,0.3500649929046631,0.06712473183870316,0.5852616965264956,0.8929378626650859,13.086721420288086,4.258058071136475,0.3253724087482516,0.18
36,sco_kcal,105,0.047362081706523895,0.12705984711647034,0.6261129540246884,0.9394711352211245,27.491355895996094,0.3087690472602844,0.01123149576282828,0.02
36,sco_kcal,106,0.38810214400291443,0.0286363884806633,0.6059343954825176,0.9123077657514631,5.985333442687988,1.5121631622314453,0.2526447651932887,0.24
36,sco_kcal,107,0.25569382309913635,0.0321463979780674,0.6162687228325363,0.9194684110084996,6.876802444458008,0.8317910432815552,0.12095607660678007,0.2
36,sco_kcal,108,0.27328991889953613,0.03267019987106323,0.6207368015249117,0.9168984250097889,7.037938117980957,1.2433059215545654,0.17665769444293508,0.1
36,sco_kcal,109,0.3777349293231964,0.053403016179800034,0.5916946156038454,0.9005796591934616,10.620833396911621,3.365410327911377,0.3168687618139258,0.3
36,sco_kcal,110,0.2556566298007965,0.03744694963097572,0.6443177247753,0.9479601040849155,8.480680465698242,0.7646101117134094,0.0901590520720623,0.16
36,sco_kcal,111,0.2670125365257263,0.07830239087343216,0.6136011362350753,0.9374663999363457,16.104185104370117,2.040066719055176,0.12667928900677952,0.24
36,sco_kcal,112,0.8024166822433472,0.01921350322663784,0.6857498070972043,0.8974930317852812,4.569913387298584,5.6729865074157715,1.2413772486767518,0.68
36,sco_kcal,113,0.7317764759063721,0.013650549575686455,0.6779676281084344,0.9193594644755272,3.171501636505127,3.0362191200256348,0.957344333383801,0.54
36,sco_kcal,114,0.2700396776199341,0.02347039431333542,0.6331505857637407,0.9181837047043047,5.213245868682861,1.0449719429016113,0.2004455514325523,0.1
36,sco_kcal,115,0.35518720746040344,0.029101580381393433,0.6503287293169617,0.9569304424148524,6.889320373535156,0.44881585240364075,0.06514660780296058,0.28
36,sco_kcal,116,0.37593770027160645,0.04488726332783699,0.6080181521258508,0.8933709700418795,9.23360824584961,3.1554207801818848,0.3417321480581772,0.12
36,sco_kcal,117,0.23319591581821442,0.10138650983572006,0.6292483694973023,0.8885475096818471,21.887678146362305,5.003334999084473,0.22859140040470755,0.02
36,sco_kcal,118,0.14024017751216888,0.013810662552714348,0.6465866963079956,0.9560636591615661,3.2030067443847656,0.19444386661052704,0.06070666786806154,0.08
36,sco_kcal,119,0.6329165697097778,0.014705901965498924,0.6553572201108657,0.9075906826100557,3.3482766151428223,2.2491378784179688,0.6717300082812993,0.46
36,sco_kcal,120,0.33929577469825745,0.043244145810604095,0.6202550673763412,0.927065818470876,9.164616584777832,1.5020525455474854,0.16389693247422396,0.38
36,sco_kcal,121,0.10642925649881363,0.01399160921573639,0.6451921336578801,0.9574404590025594,3.199772834777832,0.14803965389728546,0.0462656762030934,0.1
36,sco_kcal,122,0.42714083194732666,0.03032217174768448,0.6065012784238528,0.8974320334772581,6.380778789520264,2.3674073219299316,0.37102168873463237,0.22
36,sco_kcal,123,0.1515222042798996,0.047755755484104156,0.6439773129367203,0.9523712858058235,10.833881378173828,0.1792130321264267,0.01654190459270425,0.1
36,sco_kcal,124,0.16984610259532928,0.04567381739616394,0.6283658214267323,0.9326865379489273,9.924429893493652,0.8132869005203247,0.08194797174732492,0.08
36,sco_kcal,125,0.24027752876281738,0.20380069315433502,0.6448716726850683,0.9850920985937062,45.80555725097656,0.8437164425849915,0.01841952141226278,0.28
36,sco_kcal,126,0.56772780418396,0.02758336253464222,0.620964468678475,0.8944227440516821,5.7159528732299805,3.5726375579833984,0.625029218612953,0.3
36,sco_kcal,127,0.13907524943351746,0.0544046051800251,0.6442001466341203,0.9686002669096694,12.296918869018555,0.4272152781486511,0.03474165217313076,0.1
36,sco_kcal,128,0.06852972507476807,0.11329305917024612,0.6279761650363387,0.935962466409175,24.429536819458008,1.0695831775665283,0.04378237645155067,0.02
36,sco_kcal,129,0.25195756554603577,0.030277982354164124,0.6236305190781493,0.9424687722331977,6.498366832733154,0.8768261671066284,0.13493023550008537,0.12
36,sco_kcal,130,0.14727787673473358,0.015523507259786129,0.6091481165917711,0.9557294520362385,3.2244713306427,0.07993259280920029,0.024789363778671948,0.08
36,sco_kcal,131,0.21544930338859558,0.1000998318195343,0.6494443906218634,0.9788456760028021,22.99665069580078,0.6820775270462036,0.029659863780544003,0.14
36,sco_kcal,132,0.40313392877578735,0.021521378308534622,0.6317948688778916,0.9092431194585153,4.672961235046387,1.7546309232711792,0.3754858718090268,0.12
36,sco_kcal,133,0.7316872477531433,0.014624662697315216,0.6780022049824748,0.9125087883222736,3.6463029384613037,3.142916679382324,0.8619461225316066,0.7
36,sco_kcal,134,0.6169527173042297,0.026445288211107254,0.6271718550359322,0.8919568262350022,5.537391185760498,3.7641782760620117,0.6797746718241009,0.36
36,sco_kcal,135,0.2621021270751953,0.05893553048372269,0.6460487391521301,0.9765068031533137,13.450602531433105,0.2936527729034424,0.021831941893844284,0.2
36,sco_kcal,136,0.5634757280349731,0.013017453253269196,0.6632656555982575,0.907460888134783,3.080965757369995,1.813886046409607,0.588739437324352,0.36
36,sco_kcal,137,0.4827665090560913,0.14587682485580444,0.6651395198590897,0.9808825866588733,35.822635650634766,0.925824761390686,0.025844685757349647,0.46
36,sco_kcal,138,0.18125727772712708,0.01750832051038742,0.6461403328862456,0.9452014572505314,4.0831708908081055,0.21859019994735718,0.053534423562687505,0.12
36,sco_kcal,139,0.6269563436508179,0.03345102444291115,0.6156380578209733,0.9323686625059067,6.8694233894348145,3.289013624191284,0.4787903493108014,0.62
36,sco_kcal,140,0.3772543966770172,0.05032630264759064,0.5882305808048462,0.8865727460313237,9.628591537475586,3.523580312728882,0.36594971331110077,0.14
36,sco_kcal,141,0.15705914795398712,0.0580848790705204,0.5795844518733597,0.9304952169397631,10.715444564819336,1.05644690990448,0.09859104804414541,0.12
36,sco_kcal,142,0.5641420483589172,0.017455365508794785,0.6276174957694836,0.9138809289378493,3.643049478530884,2.2853899002075195,0.6273288116660821,0.38
36,sco_kcal,143,0.08800017833709717,0.05275973305106163,0.6421717759071817,0.9345787526479763,11.962376594543457,0.6204414367675781,0.051866067905819616,0.06
36,sco_kcal,144,0.19252867996692657,0.4915893077850342,0.6445284502311319,0.9826066453770617,110.68417358398438,2.4541423320770264,0.022172477352553795,0.18
36,sco_kcal,145,0.10596515238285065,0.02578270249068737,0.6105411355392498,0.9432457494884539,5.454829692840576,0.1420595645904541,0.026042896403696385,0.04
36,sco_kcal,146,0.08826883882284164,0.03370150178670883,0.6025693807545112,0.9594182795458657,6.814128398895264,0.13072499632835388,0.01918440461872535,0.04
36,sco_kcal,147,0.14833971858024597,0.014050273224711418,0.6465542382512908,0.9624925169148599,3.2335193157196045,0.12284494191408157,0.037991095744156086,0.1
36,sco_kcal,148,0.15456072986125946,0.02644691802561283,0.5902420000972859,0.9537226473434672,5.38341760635376,0.28524744510650635,0.052986312035284804,0.12
36,sco_kcal,149,0.169877290725708,0.06523158401250839,0.6101812214464999,0.918645052105747,13.547470092773438,1.4926484823226929,0.11017913101863272,0.06
36,sco_kcal,150,0.31293487548828125,0.059301309287548065,0.5992879130284274,0.920804796846111,11.845723152160645,3.414720058441162,0.2882660699206297,0.24
36,sco_kcal,151,0.3075147271156311,0.11204370111227036,0.6170264536871142,0.9511649384686096,22.596025466918945,3.685419797897339,0.16310035600255765,0.26
36,sco_kcal,152,0.19820381700992584,0.015725262463092804,0.6635254149842267,0.9479726458077422,3.695131778717041,0.42526113986968994,0.11508686708254331,0.04
36,sco_kcal,153,0.5671009421348572,0.009530952200293541,0.662018130902992,0.9227872873543594,2.2476518154144287,1.2255752086639404,0.5452691561294895,0.4
36,sco_kcal,154,0.06868898123502731,0.02011052705347538,0.6173666263115887,0.9588566674107102,4.272031307220459,0.06161416321992874,0.014422685319695653,0.02
36,sco_kcal,155,0.5281732082366943,0.018509523943066597,0.6566821028610108,0.8998838346278633,4.309220790863037,2.2412281036376953,0.520100550055322,0.32
36,sco_kcal,156,0.1764167845249176,0.035408865660429,0.6043241957991077,0.9353009754622659,7.236771106719971,0.28174683451652527,0.038932671817531836,0.08
36,sco_kcal,157,0.10955217480659485,0.0853712186217308,0.6181247084825074,0.914706038638607,18.073272705078125,1.1979023218154907,0.0662803212989151,0.0
36,sco_kcal,158,0.06755663454532623,0.04166096821427345,0.6059852505628582,0.958603960152586,8.527348518371582,0.06977285444736481,0.008182244961261291,0.06
36,sco_kcal,159,0.18937960267066956,0.0284561850130558,0.6076263413139338,0.9417010496930396,5.933786392211914,0.29097992181777954,0.04903781541575043,0.12
36,sco_kcal,160,0.20807813107967377,0.02241639420390129,0.6390965847741541,0.9253737542009899,5.04354190826416,0.5735412836074829,0.1137179573481286,0.1
36,sco_kcal,161,0.3963248133659363,0.02407790534198284,0.6188388637463396,0.9173647856795211,5.219822406768799,1.443494439125061,0.27654091013771104,0.16
36,sco_kcal,162,0.14449554681777954,0.03228583186864853,0.5934348214303227,0.950132181727342,6.430968761444092,0.17555516958236694,0.027298401857412467,0.14
36,sco_kcal,163,0.1374163031578064,0.03532988578081131,0.6176867041745926,0.9329442720570593,7.390173435211182,0.5260060429573059,0.07117641386480868,0.06
36,sco_kcal,164,0.1525009423494339,3.6593010425567627,0.6436730184845314,0.9863702202277604,805.4307250976562,0.5405718684196472,0.0006711587372757655,0.14
36,sco_kcal,165,0.4252057373523712,0.02203451097011566,0.6334295275166617,0.9237722345144874,4.918506622314453,1.7717839479446411,0.3602280293588199,0.16
36,sco_kcal,166,0.1554465889930725,0.01813833974301815,0.6466934314623245,0.9677274551911468,4.19439697265625,0.1580459326505661,0.03768025145947927,0.14
36,sco_kcal,167,0.8890448808670044,0.029289603233337402,0.6273842810363539,0.8966045649610337,6.049037933349609,10.7935791015625,1.7843464068980697,0.3
36,sco_kcal,168,0.1521555334329605,0.0801469013094902,0.6163652762521621,0.926623672539205,16.406200408935547,1.4055413007736206,0.08567134776728073,0.06
36,sco_kcal,169,0.30314189195632935,0.050580523908138275,0.6508227967806419,0.9708021025214928,11.796942710876465,0.4976125955581665,0.042181487844251464,0.2
36,sco_kcal,170,0.18127509951591492,0.03574766963720322,0.6233813629062799,0.9143231593380718,7.667910575866699,0.7998752593994141,0.10431463062661038,0.04
36,sco_kcal,171,0.36507320404052734,0.04051128029823303,0.610979695447605,0.8914649107409702,8.494006156921387,2.8467140197753906,0.33514386111619787,0.08
36,sco_kcal,172,0.14424660801887512,0.033812206238508224,0.6458052107073893,0.9342996133567636,7.635188579559326,0.5808289647102356,0.07607264164571019,0.06
36,sco_kcal,173,0.5547429323196411,0.027933161705732346,0.6395575468248138,0.9049520064963503,6.144786357879639,3.207321882247925,0.5219582415806991,0.4
36,sco_kcal,174,0.18695199489593506,0.10789447277784348,0.6090506515126692,0.9235393236123324,22.278596878051758,2.7226147651672363,0.12220764081644114,0.12
36,sco_kcal,175,0.3702438771724701,0.02171935886144638,0.6045610843048717,0.9287854453183852,4.48831844329834,1.2176657915115356,0.2712966575109379,0.16
36,sco_kcal,176,0.681329607963562,0.11687683314085007,0.6868280515944045,0.9880577981878593,32.637481689453125,1.9002795219421387,0.05822384030800447,0.72
36,sco_kcal,177,0.09770474582910538,0.018930360674858093,0.6353683285345224,0.9646478296120327,4.223416805267334,0.1228816956281662,0.029095327620733854,0.02
36,sco_kcal,178,0.5641960501670837,0.02972978726029396,0.6254934834492654,0.9020615038760478,6.3774614334106445,3.7854599952697754,0.5935684652577075,0.28
36,sco_kcal,179,0.1344630867242813,0.02023439109325409,0.6172660529514937,0.9409514559750065,4.30988073348999,0.33157968521118164,0.0769347705226822,0.08
36,sco_kcal,180,0.36210015416145325,0.023699235171079636,0.6513680654818141,0.9632786559829551,5.448592662811279,1.2273027896881104,0.22525133839879782,0.22
36,sco_kcal,181,0.29004621505737305,0.0687282457947731,0.6228241222121675,0.8874311259278533,14.641608238220215,4.022490978240967,0.27473013297410337,0.06
36,sco_kcal,182,0.09059438109397888,0.020071864128112793,0.6526278033779469,0.9642440557671195,4.591374397277832,0.08991389721632004,0.019583220499210182,0.08
36,sco_kcal,183,0.40388554334640503,0.03120827116072178,0.594763086417128,0.9257184604186952,6.223400592803955,2.056180238723755,0.3303949678414229,0.2
36,sco_kcal,184,0.14423777163028717,0.08335316181182861,0.6099803206347865,0.9750859323872796,16.810579299926758,0.06549594551324844,0.003896114723038355,0.06
36,sco_kcal,185,0.0655493214726448,0.37078192830085754,0.625496743452344,0.8947189807591149,79.84542083740234,7.111110687255859,0.08906097071912195,0.0
36,sco_kcal,186,0.4311097264289856,0.020555313676595688,0.6020296937423373,0.9013011268019488,4.193665981292725,1.5504266023635864,0.36970674566829886,0.24
36,sco_kcal,187,0.7484785318374634,0.01787416823208332,0.6861298289786615,0.8963097483069777,4.27653694152832,4.2481184005737305,0.9933547771612529,0.68
36,sco_kcal,188,0.2778553068637848,0.01923561282455921,0.6325746651754358,0.9275810419854171,4.300441265106201,0.8173254728317261,0.1900561878297254,0.04
36,sco_kcal,189,0.1874534785747528,0.03279400244355202,0.606459612379685,0.9373640871974387,6.691178798675537,0.7381592392921448,0.11031826551074338,0.06
36,sco_kcal,190,0.33308935165405273,0.03553297743201256,0.6103467063160921,0.9074412465059845,7.261926651000977,2.08357572555542,0.2869177596648159,0.08
36,sco_kcal,191,0.07229021936655045,0.04626047611236572,0.5962840581803701,0.9652293471296234,9.121346473693848,0.07674112915992737,0.008413355350687574,0.04
36,sco_kcal,192,0.14156249165534973,0.021417494863271713,0.641467308895523,0.9380938801412373,4.957825660705566,0.44994962215423584,0.09075543452857152,0.02
36,sco_kcal,193,0.10672977566719055,0.10036419332027435,0.5907315910656876,0.927790221520018,19.90367889404297,1.0243580341339111,0.05146576367047874,0.1
36,sco_kcal,194,0.22150810062885284,0.03928230702877045,0.602505194266824,0.9352651874897469,7.9038896560668945,1.3262871503829956,0.16780183025011738,0.1
36,sco_kcal,195,0.2419435977935791,0.04499266296625137,0.6189395544882157,0.9419407083367819,9.483330726623535,0.8513787388801575,0.08977634160643516,0.2
36,sco_kcal,196,0.2639717757701874,0.04279765859246254,0.6115322733920074,0.9179133725394584,8.830334663391113,1.8107529878616333,0.2050605166040502,0.1
36,sco_kcal,197,0.09616217017173767,0.02045414410531521,0.6241764852618206,0.9567847497968345,4.4609904289245605,0.12008096277713776,0.026918005023849927,0.04
36,sco_kcal,198,0.5213152170181274,0.03094165399670601,0.6446406301425847,0.8905579565537143,7.070236682891846,3.4245903491973877,0.4843671439577144,0.16
36,sco_kcal,199,0.1553986668586731,0.01868635043501854,0.6439664385497228,0.9635083567219518,4.416720390319824,0.051591657102108,0.011680987824174248,0.14
36,sco_kcal,200,0.21874509751796722,0.054749783128499985,0.5985080050289477,0.925470697595272,10.91157054901123,1.4659568071365356,0.1343488364531883,0.1
36,sco_kcal,201,0.06558184325695038,0.026409421116113663,0.6244118198470576,0.9525971586459596,5.793569564819336,0.167975515127182,0.02899344061512448,0.04
36,sco_kcal,202,0.24315360188484192,0.01758456416428089,0.6168822930435418,0.9529861058083786,3.75848650932312,0.6127218008041382,0.16302354665481705,0.08
36,sco_kcal,203,0.17883633077144623,0.09701994806528091,0.5804079362565662,0.880235597195741,18.418527603149414,3.0375733375549316,0.16491944432276617,0.04
36,sco_kcal,204,0.5201044678688049,0.01589612290263176,0.6521612806887442,0.918955224943727,3.667799711227417,1.8762586116790771,0.5115488192923144,0.24
36,sco_kcal,205,0.38536980748176575,0.018015025183558464,0.6170605187560363,0.9247799779418862,3.874934673309326,1.033486247062683,0.2667106246155243,0.22
36,sco_kcal,206,0.18213805556297302,0.04998060688376427,0.6247924391617756,0.9298061791579117,10.564020156860352,1.2180261611938477,0.11529949234362759,0.06
36,sco_kcal,207,0.41966837644577026,0.01749846711754799,0.6527485239275401,0.9407818382558946,4.117819786071777,0.9896432757377625,0.24033185694166562,0.18
36,sco_kcal,208,0.29081177711486816,0.04624948278069496,0.595424321616637,0.9096098207509744,9.179027557373047,2.1617038249969482,0.23550466664200842,0.14
36,sco_kcal,209,0.29055342078208923,0.022758187726140022,0.6438071769822227,0.9565780612777139,5.147765636444092,0.9838852882385254,0.1911286095219675,0.12
36,sco_kcal,210,0.14502204954624176,0.02988746389746666,0.6279341520547368,0.9391120297558615,6.4987053871154785,0.7439931631088257,0.11448328840754776,0.02
36,sco_kcal,211,0.5596923232078552,0.024896178394556046,0.6234317928282846,0.8824600653926462,5.32266902923584,3.012017011642456,0.5658847084232255,0.32
36,sco_kcal,212,0.4801982045173645,0.0198400616645813,0.6155882225780003,0.895485408352914,4.230136394500732,1.915645956993103,0.45285678246296823,0.14
36,sco_kcal,213,0.4017482399940491,0.0179754551500082,0.6505230274500158,0.9197602732642642,4.206968784332275,1.314965844154358,0.3125684813853611,0.22
36,sco_kcal,214,0.3872414231300354,0.0726119801402092,0.6071147280330167,0.9028693287291523,14.7522554397583,5.046763896942139,0.3421011734477412,0.24
36,sco_kcal,215,0.23965029418468475,0.14085069298744202,0.6438366292092503,0.9828654771594796,32.06473159790039,0.8745010495185852,0.02727298829396245,0.3
36,sco_kcal,216,0.21589262783527374,0.06792017072439194,0.6517514420242756,0.9770580621428613,15.899258613586426,0.5664408206939697,0.03562687006109379,0.14
36,sco_kcal,217,0.6889870166778564,0.037937894463539124,0.6390326182791684,0.8977287209329068,8.31971549987793,6.873505115509033,0.8261706924485439,0.24
36,sco_kcal,218,0.09207134693861008,0.04104847460985184,0.6080377851740488,0.9403164536120274,8.492626190185547,0.12576507031917572,0.014808737309610468,0.02
36,sco_kcal,219,0.15150770545005798,0.04673992842435837,0.5785563643909224,0.9328922771508326,8.789810180664062,0.5760633945465088,0.06553763764020075,0.04
36,sco_kcal,220,0.16036733984947205,0.053775422275066376,0.5891287711128483,0.9226822432211492,10.314594268798828,1.0984257459640503,0.1064923851912176,0.06
36,sco_kcal,221,0.3839614987373352,0.017672143876552582,0.6443588566333007,0.9283734742846668,4.002987384796143,1.2561248540878296,0.31379685553313313,0.14
36,sco_kcal,222,0.13745370507240295,0.015857232734560966,0.6345279595352471,0.951686415632016,3.529777765274048,0.17132359743118286,0.04853665268013877,0.04
36,sco_kcal,223,0.49124789237976074,0.030455932021141052,0.6139589824337186,0.9125285910172312,6.22612190246582,3.0511488914489746,0.490056079730881,0.2
36,sco_kcal,224,0.6125812530517578,0.017815232276916504,0.6672348317869272,0.9111167393120465,4.354290008544922,2.677215337753296,0.61484543576553,0.34
36,sco_kcal,225,0.49890005588531494,0.03029385767877102,0.6191824267953665,0.8820868757096352,6.346014499664307,2.9927282333374023,0.4715917736235416,0.24
36,sco_kcal,226,0.0627049133181572,0.04525197297334671,0.5850116406229917,0.9547974240823147,8.721181869506836,0.07573480159044266,0.008684006677494652,0.08
36,sco_kcal,227,0.11399108916521072,0.0864303708076477,0.5926470509522559,0.9320847731870807,16.689409255981445,0.8084510564804077,0.04844096301315523,0.06
36,sco_kcal,228,0.048179153352975845,0.06736484169960022,0.6054333774574527,0.9601427173355404,13.681366920471191,0.19250917434692383,0.014070902086462991,0.04
36,sco_kcal,229,0.24494071304798126,0.0288290623575449,0.6475872917890775,0.9445509196431554,6.686800479888916,0.7720304131507874,0.11545587691344017,0.14
36,sco_kcal,230,0.14320285618305206,0.06257510185241699,0.5791841710050436,0.9339140146464804,11.600102424621582,0.9729776382446289,0.08387664200097521,0.08
36,sco_kcal,231,0.2723020017147064,0.08277352899312973,0.57885794794391,0.8795283173827231,15.760239601135254,4.283596992492676,0.2717977074526276,0.06
36,sco_kcal,232,0.20878393948078156,0.02470761351287365,0.6242450814363192,0.9565209773920575,5.239561557769775,0.17770567536354065,0.033916134662072994,0.14
36,sco_kcal,233,0.29659903049468994,0.042358946055173874,0.6098248529732797,0.8979751157178437,8.829474449157715,2.440239667892456,0.27637428274400205,0.06
36,sco_kcal,234,0.2395496815443039,0.023215806111693382,0.6170063863833646,0.9205510154139358,5.013629913330078,0.7977067232131958,0.15910762002841072,0.14
36,sco_kcal,235,0.24571442604064941,0.0204818956553936,0.6403942338300666,0.913955838513528,4.6204047203063965,0.9809421300888062,0.21230653794842375,0.04
36,sco_kcal,236,0.12414579093456268,0.0652664378285408,0.5908949816495619,0.9439245287497744,12.440383911132812,0.38790932297706604,0.031181459169433566,0.04
36,sco_kcal,237,0.23981532454490662,0.03262655436992645,0.6127866055590216,0.9177664889544557,6.864991188049316,1.0182411670684814,0.14832373985287142,0.1
36,sco_kcal,238,0.5691121220588684,0.02111692540347576,0.6394442372138947,0.8852534651653705,4.721561431884766,3.0493760108947754,0.6458405878831311,0.3
36,sco_kcal,239,0.29131340980529785,0.019972167909145355,0.6300555216506707,0.9325147320127034,4.373979568481445,0.9652033448219299,0.2206693766420652,0.1
36,sco_kcal,240,0.10176863521337509,0.011101577430963516,0.6391800312241174,0.9518148806091096,2.5264151096343994,0.12464852631092072,0.049338101975236665,0.02
36,sco_kcal,241,0.11673247814178467,0.024158652871847153,0.6673535383321454,0.9513329737981655,5.706465721130371,0.2266404628753662,0.03971643289403163,0.08
36,sco_kcal,242,0.33232706785202026,0.01527696754783392,0.6471273151871249,0.9387532354436414,3.630192995071411,0.8546987771987915,0.23544169094017503,0.14
36,sco_kcal,243,0.09258639812469482,0.02255338989198208,0.6427245153054866,0.960492127570663,5.109853744506836,0.21564140915870667,0.042201092230971224,0.02
36,sco_kcal,244,0.6334168314933777,0.02052461728453636,0.6362407344529701,0.8779181706455084,4.4694929122924805,3.3591721057891846,0.7515779019473167,0.3
36,sco_kcal,245,0.6901096701622009,0.019904524087905884,0.6608776127501994,0.8907472962884437,4.549151420593262,3.6207473278045654,0.7959170827803261,0.46
36,sco_kcal,246,0.319285124540329,0.029276059940457344,0.6470985191901606,0.956480760665438,6.638230800628662,0.8422486782073975,0.12687848667865445,0.24
36,sco_kcal,247,0.5446442365646362,0.03620625659823418,0.6060404494326346,0.8906987413792335,7.227777004241943,4.180304527282715,0.5783665606768604,0.36
36,sco_kcal,248,0.0793340876698494,0.03755545616149902,0.6081971495105143,0.9701732850939679,7.750962257385254,0.15652422606945038,0.0201941669784692,0.04
36,sco_kcal,249,0.1432768553495407,0.024647057056427002,0.6439487731574924,0.9639937112617245,5.598926067352295,0.19846999645233154,0.03544786876355148,0.12
36,water_gsolv_eV,0,1.0,0.0,0.6643255314705658,0.6643255314705658,,,,1.0
36,water_gsolv_eV,1,1.0,0.0,0.6643255314705658,0.6643255314705658,,,,1.0
36,water_gsolv_eV,2,1.0,0.0,0.6643255314705658,0.6643255314705658,,,,1.0
36,water_gsolv_eV,3,1.0,0.0,0.6643255314705658,0.6643255314705658,,,,1.0
36,water_gsolv_eV,4,1.0,0.0,0.6643255314705658,0.6643255314705658,,,,1.0
36,water_gsolv_eV,5,1.0,0.0,0.6643255314705658,0.6643255314705658,,,,1.0
36,water_gsolv_eV,6,1.0,0.0,0.6643255314705658,0.6643255314705658,,,,1.0
36,water_gsolv_eV,7,1.0,0.0,0.6643255314705658,0.6643255314705658,,,,1.0
36,water_gsolv_eV,8,1.0,0.0,0.6643255314705658,0.6643255314705658,,,,1.0
36,water_gsolv_eV,9,1.0,0.0,0.6643255314705658,0.6643255314705658,,,,1.0
36,water_gsolv_eV,10,1.0,0.0,0.6643255314705658,0.6643255314705658,,,,1.0
36,water_gsolv_eV,11,1.0,0.0,0.6643255314705658,0.6643255314705658,,,,1.0
36,water_gsolv_eV,12,1.0,0.0,0.6643255314705658,0.6643255314705658,,,,1.0
36,water_gsolv_eV,13,1.0,0.0,0.6643255314705658,0.6643255314705658,,,,1.0
36,water_gsolv_eV,14,1.0,0.0,0.6643255314705658,0.6643255314705658,,,,1.0
36,water_gsolv_eV,15,1.0,0.0,0.6643255314705658,0.6643255314705658,,,,1.0
36,water_gsolv_eV,16,1.0,0.0,0.6643255314705658,0.6643255314705658,,,,1.0
36,water_gsolv_eV,17,1.0,0.0,0.6643255314705658,0.6643255314705658,,,,1.0
36,water_gsolv_eV,18,1.0,0.0,0.6643255314705658,0.6643255314705658,,,,1.0
36,water_gsolv_eV,19,1.0,0.0,0.6643255314705658,0.6643255314705658,,,,1.0
36,water_gsolv_eV,20,1.0,0.0,0.6643255314705658,0.6643255314705658,,,,1.0
36,water_gsolv_eV,21,1.0,0.0,0.6643255314705658,0.6643255314705658,,,,1.0
36,water_gsolv_eV,22,1.0,0.0,0.6643255314705658,0.6643255314705658,,,,1.0
36,water_gsolv_eV,23,1.0,0.0,0.6643255314705658,0.6643255314705658,,,,1.0
36,water_gsolv_eV,24,1.0,0.0,0.6643255314705658,0.6643255314705658,,,,1.0
36,water_gsolv_eV,25,1.0,0.0,0.6643255314705658,0.6643255314705658,,,,1.0
36,water_gsolv_eV,26,1.0,0.0,0.6643255314705658,0.6643255314705658,,,,1.0
36,water_gsolv_eV,27,1.0,0.0,0.6643255314705658,0.6643255314705658,,,,1.0
36,water_gsolv_eV,28,1.0,0.0,0.6643255314705658,0.6643255314705658,,,,1.0
36,water_gsolv_eV,29,1.0,0.0,0.6643255314705658,0.6643255314705658,,,,1.0
36,water_gsolv_eV,30,1.0,0.0,0.6643255314705658,0.6643255314705658,,,,1.0
36,water_gsolv_eV,31,1.0,0.0,0.6643255314705658,0.6643255314705658,,,,1.0
36,water_gsolv_eV,32,1.0,0.0,0.6643255314705658,0.6643255314705658,,,,1.0
36,water_gsolv_eV,33,1.0,0.0,0.6643255314705658,0.6643255314705658,,,,1.0
36,water_gsolv_eV,34,1.0,0.0,0.6643255314705658,0.6643255314705658,,,,1.0
36,water_gsolv_eV,35,1.0,0.0,0.6643255314705658,0.6643255314705658,,,,1.0
36,water_gsolv_eV,36,1.0,0.0,0.6643255314705658,0.6643255314705658,,,,1.0
36,water_gsolv_eV,37,1.0,0.0,0.6643255314705658,0.6643255314705658,,,,1.0
36,water_gsolv_eV,38,1.0,0.0,0.6643255314705658,0.6643255314705658,,,,1.0
36,water_gsolv_eV,39,1.0,0.0,0.6643255314705658,0.6643255314705658,,,,1.0
36,water_gsolv_eV,40,1.0,0.0,0.6643255314705658,0.6643255314705658,,,,1.0
36,water_gsolv_eV,41,1.0,0.0,0.6643255314705658,0.6643255314705658,,,,1.0
36,water_gsolv_eV,42,1.0,0.0,0.6643255314705658,0.6643255314705658,,,,1.0
36,water_gsolv_eV,43,1.0,0.0,0.6643255314705658,0.6643255314705658,,,,1.0
36,water_gsolv_eV,44,1.0,0.0,0.6643255314705658,0.6643255314705658,,,,1.0
36,water_gsolv_eV,45,1.0,0.0,0.6643255314705658,0.6643255314705658,,,,1.0
36,water_gsolv_eV,46,1.0,0.0,0.6643255314705658,0.6643255314705658,,,,1.0
36,water_gsolv_eV,47,1.0,0.0,0.6643255314705658,0.6643255314705658,,,,1.0
36,water_gsolv_eV,48,1.0,0.0,0.6643255314705658,0.6643255314705658,,,,1.0
36,water_gsolv_eV,49,1.0,0.0,0.6643255314705658,0.6643255314705658,,,,1.0
36,water_gsolv_eV,50,1.0,0.0,0.6643255314705658,0.6643255314705658,,,,1.0
36,water_gsolv_eV,51,1.0,0.0,0.6643255314705658,0.6643255314705658,,,,1.0
36,water_gsolv_eV,52,1.0,0.0,0.6643255314705658,0.6643255314705658,,,,1.0
36,water_gsolv_eV,53,1.0,0.0,0.6643255314705658,0.6643255314705658,,,,1.0
36,water_gsolv_eV,54,1.0,0.0,0.6643255314705658,0.6643255314705658,,,,1.0
36,water_gsolv_eV,55,1.0,0.0,0.6643255314705658,0.6643255314705658,,,,1.0
36,water_gsolv_eV,56,1.0,0.0,0.6643255314705658,0.6643255314705658,,,,1.0
36,water_gsolv_eV,57,1.0,0.0,0.6643255314705658,0.6643255314705658,,,,1.0
36,water_gsolv_eV,58,1.0,0.0,0.6643255314705658,0.6643255314705658,,,,1.0
36,water_gsolv_eV,59,1.0,0.0,0.6643255314705658,0.6643255314705658,,,,1.0
36,water_gsolv_eV,60,1.0,0.0,0.6643255314705658,0.6643255314705658,,,,1.0
36,water_gsolv_eV,61,1.0,0.0,0.6643255314705658,0.6643255314705658,,,,1.0
36,water_gsolv_eV,62,1.0,0.0,0.6643255314705658,0.6643255314705658,,,,1.0
36,water_gsolv_eV,63,1.0,0.0,0.6643255314705658,0.6643255314705658,,,,1.0
36,water_gsolv_eV,64,1.0,0.0,0.6643255314705658,0.6643255314705658,,,,1.0
36,water_gsolv_eV,65,1.0,0.0,0.6643255314705658,0.6643255314705658,,,,1.0
36,water_gsolv_eV,66,1.0,0.0,0.6643255314705658,0.6643255314705658,,,,1.0
36,water_gsolv_eV,67,1.0,0.0,0.6643255314705658,0.6643255314705658,,,,1.0
36,water_gsolv_eV,68,1.0,0.0,0.6643255314705658,0.6643255314705658,,,,1.0
36,water_gsolv_eV,69,1.0,0.0,0.6643255314705658,0.6643255314705658,,,,1.0
36,water_gsolv_eV,70,1.0,0.0,0.6643255314705658,0.6643255314705658,,,,1.0
36,water_gsolv_eV,71,1.0,0.0,0.6643255314705658,0.6643255314705658,,,,1.0
36,water_gsolv_eV,72,1.0,0.0,0.6643255314705658,0.6643255314705658,,,,1.0
36,water_gsolv_eV,73,1.0,0.0,0.6643255314705658,0.6643255314705658,,,,1.0
36,water_gsolv_eV,74,1.0,0.0,0.6643255314705658,0.6643255314705658,,,,1.0
36,water_gsolv_eV,75,1.0,0.0,0.6643255314705658,0.6643255314705658,,,,1.0
36,water_gsolv_eV,76,1.0,0.0,0.6643255314705658,0.6643255314705658,,,,1.0
36,water_gsolv_eV,77,1.0,0.0,0.6643255314705658,0.6643255314705658,,,,1.0
36,water_gsolv_eV,78,1.0,0.0,0.6643255314705658,0.6643255314705658,,,,1.0
36,water_gsolv_eV,79,1.0,0.0,0.6643255314705658,0.6643255314705658,,,,1.0
36,water_gsolv_eV,80,1.0,0.0,0.6643255314705658,0.6643255314705658,,,,1.0
36,water_gsolv_eV,81,1.0,0.0,0.6643255314705658,0.6643255314705658,,,,1.0
36,water_gsolv_eV,82,1.0,0.0,0.6643255314705658,0.6643255314705658,,,,1.0
36,water_gsolv_eV,83,1.0,0.0,0.6643255314705658,0.6643255314705658,,,,1.0
36,water_gsolv_eV,84,1.0,0.0,0.6643255314705658,0.6643255314705658,,,,1.0
36,water_gsolv_eV,85,1.0,0.0,0.6643255314705658,0.6643255314705658,,,,1.0
36,water_gsolv_eV,86,1.0,0.0,0.6643255314705658,0.6643255314705658,,,,1.0
36,water_gsolv_eV,87,1.0,0.0,0.6643255314705658,0.6643255314705658,,,,1.0
36,water_gsolv_eV,88,1.0,0.0,0.6643255314705658,0.6643255314705658,,,,1.0
36,water_gsolv_eV,89,1.0,0.0,0.6643255314705658,0.6643255314705658,,,,1.0
36,water_gsolv_eV,90,1.0,0.0,0.6643255314705658,0.6643255314705658,,,,1.0
36,water_gsolv_eV,91,1.0,0.0,0.6643255314705658,0.6643255314705658,,,,1.0
36,water_gsolv_eV,92,1.0,0.0,0.6643255314705658,0.6643255314705658,,,,1.0
36,water_gsolv_eV,93,1.0,0.0,0.6643255314705658,0.6643255314705658,,,,1.0
36,water_gsolv_eV,94,1.0,0.0,0.6643255314705658,0.6643255314705658,,,,1.0
36,water_gsolv_eV,95,1.0,0.0,0.6643255314705658,0.6643255314705658,,,,1.0
36,water_gsolv_eV,96,1.0,0.0,0.6643255314705658,0.6643255314705658,,,,1.0
36,water_gsolv_eV,97,1.0,0.0,0.6643255314705658,0.6643255314705658,,,,1.0
36,water_gsolv_eV,98,1.0,0.0,0.6643255314705658,0.6643255314705658,,,,1.0
36,water_gsolv_eV,99,1.0,0.0,0.6643255314705658,0.6643255314705658,,,,1.0
36,water_gsolv_eV,100,1.0,0.0,0.6643255314705658,0.6643255314705658,,,,1.0
36,water_gsolv_eV,101,1.0,0.0,0.6643255314705658,0.6643255314705658,,,,1.0
36,water_gsolv_eV,102,1.0,0.0,0.6643255314705658,0.6643255314705658,,,,1.0
36,water_gsolv_eV,103,1.0,0.0,0.6643255314705658,0.6643255314705658,,,,1.0
36,water_gsolv_eV,104,1.0,0.0,0.6643255314705658,0.6643255314705658,,,,1.0
36,water_gsolv_eV,105,1.0,0.0,0.6643255314705658,0.6643255314705658,,,,1.0
36,water_gsolv_eV,106,1.0,0.0,0.6643255314705658,0.6643255314705658,,,,1.0
36,water_gsolv_eV,107,1.0,0.0,0.6643255314705658,0.6643255314705658,,,,1.0
36,water_gsolv_eV,108,1.0,0.0,0.6643255314705658,0.6643255314705658,,,,1.0
36,water_gsolv_eV,109,1.0,0.0,0.6643255314705658,0.6643255314705658,,,,1.0
36,water_gsolv_eV,110,1.0,0.0,0.6643255314705658,0.6643255314705658,,,,1.0
36,water_gsolv_eV,111,1.0,0.0,0.6643255314705658,0.6643255314705658,,,,1.0
36,water_gsolv_eV,112,1.0,0.0,0.6643255314705658,0.6643255314705658,,,,1.0
36,water_gsolv_eV,113,1.0,0.0,0.6643255314705658,0.6643255314705658,,,,1.0
36,water_gsolv_eV,114,1.0,0.0,0.6643255314705658,0.6643255314705658,,,,1.0
36,water_gsolv_eV,115,1.0,0.0,0.6643255314705658,0.6643255314705658,,,,1.0
36,water_gsolv_eV,116,1.0,0.0,0.6643255314705658,0.6643255314705658,,,,1.0
36,water_gsolv_eV,117,1.0,0.0,0.6643255314705658,0.6643255314705658,,,,1.0
36,water_gsolv_eV,118,1.0,0.0,0.6643255314705658,0.6643255314705658,,,,1.0
36,water_gsolv_eV,119,1.0,0.0,0.6643255314705658,0.6643255314705658,,,,1.0
36,water_gsolv_eV,120,1.0,0.0,0.6643255314705658,0.6643255314705658,,,,1.0
36,water_gsolv_eV,121,1.0,0.0,0.6643255314705658,0.6643255314705658,,,,1.0
36,water_gsolv_eV,122,1.0,0.0,0.6643255314705658,0.6643255314705658,,,,1.0
36,water_gsolv_eV,123,1.0,0.0,0.6643255314705658,0.6643255314705658,,,,1.0
36,water_gsolv_eV,124,1.0,0.0,0.6643255314705658,0.6643255314705658,,,,1.0
36,water_gsolv_eV,125,1.0,0.0,0.6643255314705658,0.6643255314705658,,,,1.0
36,water_gsolv_eV,126,1.0,0.0,0.6643255314705658,0.6643255314705658,,,,1.0
36,water_gsolv_eV,127,1.0,0.0,0.6643255314705658,0.6643255314705658,,,,1.0
36,water_gsolv_eV,128,1.0,0.0,0.6643255314705658,0.6643255314705658,,,,1.0
36,water_gsolv_eV,129,1.0,0.0,0.6643255314705658,0.6643255314705658,,,,1.0
36,water_gsolv_eV,130,1.0,0.0,0.6643255314705658,0.6643255314705658,,,,1.0
36,water_gsolv_eV,131,1.0,0.0,0.6643255314705658,0.6643255314705658,,,,1.0
36,water_gsolv_eV,132,1.0,0.0,0.6643255314705658,0.6643255314705658,,,,1.0
36,water_gsolv_eV,133,1.0,0.0,0.6643255314705658,0.6643255314705658,,,,1.0
36,water_gsolv_eV,134,1.0,0.0,0.6643255314705658,0.6643255314705658,,,,1.0
36,water_gsolv_eV,135,1.0,0.0,0.6643255314705658,0.6643255314705658,,,,1.0
36,water_gsolv_eV,136,1.0,0.0,0.6643255314705658,0.6643255314705658,,,,1.0
36,water_gsolv_eV,137,1.0,0.0,0.6643255314705658,0.6643255314705658,,,,1.0
36,water_gsolv_eV,138,1.0,0.0,0.6643255314705658,0.6643255314705658,,,,1.0
36,water_gsolv_eV,139,1.0,0.0,0.6643255314705658,0.6643255314705658,,,,1.0
36,water_gsolv_eV,140,1.0,0.0,0.6643255314705658,0.6643255314705658,,,,1.0
36,water_gsolv_eV,141,1.0,0.0,0.6643255314705658,0.6643255314705658,,,,1.0
36,water_gsolv_eV,142,1.0,0.0,0.6643255314705658,0.6643255314705658,,,,1.0
36,water_gsolv_eV,143,1.0,0.0,0.6643255314705658,0.6643255314705658,,,,1.0
36,water_gsolv_eV,144,1.0,0.0,0.6643255314705658,0.6643255314705658,,,,1.0
36,water_gsolv_eV,145,1.0,0.0,0.6643255314705658,0.6643255314705658,,,,1.0
36,water_gsolv_eV,146,1.0,0.0,0.6643255314705658,0.6643255314705658,,,,1.0
36,water_gsolv_eV,147,1.0,0.0,0.6643255314705658,0.6643255314705658,,,,1.0
36,water_gsolv_eV,148,1.0,0.0,0.6643255314705658,0.6643255314705658,,,,1.0
36,water_gsolv_eV,149,1.0,0.0,0.6643255314705658,0.6643255314705658,,,,1.0
36,water_gsolv_eV,150,1.0,0.0,0.6643255314705658,0.6643255314705658,,,,1.0
36,water_gsolv_eV,151,1.0,0.0,0.6643255314705658,0.6643255314705658,,,,1.0
36,water_gsolv_eV,152,1.0,0.0,0.6643255314705658,0.6643255314705658,,,,1.0
36,water_gsolv_eV,153,1.0,0.0,0.6643255314705658,0.6643255314705658,,,,1.0
36,water_gsolv_eV,154,1.0,0.0,0.6643255314705658,0.6643255314705658,,,,1.0
36,water_gsolv_eV,155,1.0,0.0,0.6643255314705658,0.6643255314705658,,,,1.0
36,water_gsolv_eV,156,1.0,0.0,0.6643255314705658,0.6643255314705658,,,,1.0
36,water_gsolv_eV,157,1.0,0.0,0.6643255314705658,0.6643255314705658,,,,1.0
36,water_gsolv_eV,158,1.0,0.0,0.6643255314705658,0.6643255314705658,,,,1.0
36,water_gsolv_eV,159,1.0,0.0,0.6643255314705658,0.6643255314705658,,,,1.0
36,water_gsolv_eV,160,1.0,0.0,0.6643255314705658,0.6643255314705658,,,,1.0
36,water_gsolv_eV,161,1.0,0.0,0.6643255314705658,0.6643255314705658,,,,1.0
36,water_gsolv_eV,162,1.0,0.0,0.6643255314705658,0.6643255314705658,,,,1.0
36,water_gsolv_eV,163,1.0,0.0,0.6643255314705658,0.6643255314705658,,,,1.0
36,water_gsolv_eV,164,1.0,0.0,0.6643255314705658,0.6643255314705658,,,,1.0
36,water_gsolv_eV,165,1.0,0.0,0.6643255314705658,0.6643255314705658,,,,1.0
36,water_gsolv_eV,166,1.0,0.0,0.6643255314705658,0.6643255314705658,,,,1.0
36,water_gsolv_eV,167,1.0,0.0,0.6643255314705658,0.6643255314705658,,,,1.0
36,water_gsolv_eV,168,1.0,0.0,0.6643255314705658,0.6643255314705658,,,,1.0
36,water_gsolv_eV,169,1.0,0.0,0.6643255314705658,0.6643255314705658,,,,1.0
36,water_gsolv_eV,170,1.0,0.0,0.6643255314705658,0.6643255314705658,,,,1.0
36,water_gsolv_eV,171,1.0,0.0,0.6643255314705658,0.6643255314705658,,,,1.0
36,water_gsolv_eV,172,1.0,0.0,0.6643255314705658,0.6643255314705658,,,,1.0
36,water_gsolv_eV,173,1.0,0.0,0.6643255314705658,0.6643255314705658,,,,1.0
36,water_gsolv_eV,174,1.0,0.0,0.6643255314705658,0.6643255314705658,,,,1.0
36,water_gsolv_eV,175,1.0,0.0,0.6643255314705658,0.6643255314705658,,,,1.0
36,water_gsolv_eV,176,1.0,0.0,0.6643255314705658,0.6643255314705658,,,,1.0
36,water_gsolv_eV,177,1.0,0.0,0.6643255314705658,0.6643255314705658,,,,1.0
36,water_gsolv_eV,178,1.0,0.0,0.6643255314705658,0.6643255314705658,,,,1.0
36,water_gsolv_eV,179,1.0,0.0,0.6643255314705658,0.6643255314705658,,,,1.0
36,water_gsolv_eV,180,1.0,0.0,0.6643255314705658,0.6643255314705658,,,,1.0
36,water_gsolv_eV,181,1.0,0.0,0.6643255314705658,0.6643255314705658,,,,1.0
36,water_gsolv_eV,182,1.0,0.0,0.6643255314705658,0.6643255314705658,,,,1.0
36,water_gsolv_eV,183,1.0,0.0,0.6643255314705658,0.6643255314705658,,,,1.0
36,water_gsolv_eV,184,1.0,0.0,0.6643255314705658,0.6643255314705658,,,,1.0
36,water_gsolv_eV,185,1.0,0.0,0.6643255314705658,0.6643255314705658,,,,1.0
36,water_gsolv_eV,186,1.0,0.0,0.6643255314705658,0.6643255314705658,,,,1.0
36,water_gsolv_eV,187,1.0,0.0,0.6643255314705658,0.6643255314705658,,,,1.0
36,water_gsolv_eV,188,1.0,0.0,0.6643255314705658,0.6643255314705658,,,,1.0
36,water_gsolv_eV,189,1.0,0.0,0.6643255314705658,0.6643255314705658,,,,1.0
36,water_gsolv_eV,190,1.0,0.0,0.6643255314705658,0.6643255314705658,,,,1.0
36,water_gsolv_eV,191,1.0,0.0,0.6643255314705658,0.6643255314705658,,,,1.0
36,water_gsolv_eV,192,1.0,0.0,0.6643255314705658,0.6643255314705658,,,,1.0
36,water_gsolv_eV,193,1.0,0.0,0.6643255314705658,0.6643255314705658,,,,1.0
36,water_gsolv_eV,194,1.0,0.0,0.6643255314705658,0.6643255314705658,,,,1.0
36,water_gsolv_eV,195,1.0,0.0,0.6643255314705658,0.6643255314705658,,,,1.0
36,water_gsolv_eV,196,1.0,0.0,0.6643255314705658,0.6643255314705658,,,,1.0
36,water_gsolv_eV,197,1.0,0.0,0.6643255314705658,0.6643255314705658,,,,1.0
36,water_gsolv_eV,198,1.0,0.0,0.6643255314705658,0.6643255314705658,,,,1.0
36,water_gsolv_eV,199,1.0,0.0,0.6643255314705658,0.6643255314705658,,,,1.0
36,water_gsolv_eV,200,1.0,0.0,0.6643255314705658,0.6643255314705658,,,,1.0
36,water_gsolv_eV,201,1.0,0.0,0.6643255314705658,0.6643255314705658,,,,1.0
36,water_gsolv_eV,202,1.0,0.0,0.6643255314705658,0.6643255314705658,,,,1.0
36,water_gsolv_eV,203,1.0,0.0,0.6643255314705658,0.6643255314705658,,,,1.0
36,water_gsolv_eV,204,1.0,0.0,0.6643255314705658,0.6643255314705658,,,,1.0
36,water_gsolv_eV,205,1.0,0.0,0.6643255314705658,0.6643255314705658,,,,1.0
36,water_gsolv_eV,206,1.0,0.0,0.6643255314705658,0.6643255314705658,,,,1.0
36,water_gsolv_eV,207,1.0,0.0,0.6643255314705658,0.6643255314705658,,,,1.0
36,water_gsolv_eV,208,1.0,0.0,0.6643255314705658,0.6643255314705658,,,,1.0
36,water_gsolv_eV,209,1.0,0.0,0.6643255314705658,0.6643255314705658,,,,1.0
36,water_gsolv_eV,210,1.0,0.0,0.6643255314705658,0.6643255314705658,,,,1.0
36,water_gsolv_eV,211,1.0,0.0,0.6643255314705658,0.6643255314705658,,,,1.0
36,water_gsolv_eV,212,1.0,0.0,0.6643255314705658,0.6643255314705658,,,,1.0
36,water_gsolv_eV,213,1.0,0.0,0.6643255314705658,0.6643255314705658,,,,1.0
36,water_gsolv_eV,214,1.0,0.0,0.6643255314705658,0.6643255314705658,,,,1.0
36,water_gsolv_eV,215,1.0,0.0,0.6643255314705658,0.6643255314705658,,,,1.0
36,water_gsolv_eV,216,1.0,0.0,0.6643255314705658,0.6643255314705658,,,,1.0
36,water_gsolv_eV,217,1.0,0.0,0.6643255314705658,0.6643255314705658,,,,1.0
36,water_gsolv_eV,218,1.0,0.0,0.6643255314705658,0.6643255314705658,,,,1.0
36,water_gsolv_eV,219,1.0,0.0,0.6643255314705658,0.6643255314705658,,,,1.0
36,water_gsolv_eV,220,1.0,0.0,0.6643255314705658,0.6643255314705658,,,,1.0
36,water_gsolv_eV,221,1.0,0.0,0.6643255314705658,0.6643255314705658,,,,1.0
36,water_gsolv_eV,222,1.0,0.0,0.6643255314705658,0.6643255314705658,,,,1.0
36,water_gsolv_eV,223,1.0,0.0,0.6643255314705658,0.6643255314705658,,,,1.0
36,water_gsolv_eV,224,1.0,0.0,0.6643255314705658,0.6643255314705658,,,,1.0
36,water_gsolv_eV,225,1.0,0.0,0.6643255314705658,0.6643255314705658,,,,1.0
36,water_gsolv_eV,226,1.0,0.0,0.6643255314705658,0.6643255314705658,,,,1.0
36,water_gsolv_eV,227,1.0,0.0,0.6643255314705658,0.6643255314705658,,,,1.0
36,water_gsolv_eV,228,1.0,0.0,0.6643255314705658,0.6643255314705658,,,,1.0
36,water_gsolv_eV,229,1.0,0.0,0.6643255314705658,0.6643255314705658,,,,1.0
36,water_gsolv_eV,230,1.0,0.0,0.6643255314705658,0.6643255314705658,,,,1.0
36,water_gsolv_eV,231,1.0,0.0,0.6643255314705658,0.6643255314705658,,,,1.0
36,water_gsolv_eV,232,1.0,0.0,0.6643255314705658,0.6643255314705658,,,,1.0
36,water_gsolv_eV,233,1.0,0.0,0.6643255314705658,0.6643255314705658,,,,1.0
36,water_gsolv_eV,234,1.0,0.0,0.6643255314705658,0.6643255314705658,,,,1.0
36,water_gsolv_eV,235,1.0,0.0,0.6643255314705658,0.6643255314705658,,,,1.0
36,water_gsolv_eV,236,1.0,0.0,0.6643255314705658,0.6643255314705658,,,,1.0
36,water_gsolv_eV,237,1.0,0.0,0.6643255314705658,0.6643255314705658,,,,1.0
36,water_gsolv_eV,238,1.0,0.0,0.6643255314705658,0.6643255314705658,,,,1.0
36,water_gsolv_eV,239,1.0,0.0,0.6643255314705658,0.6643255314705658,,,,1.0
36,water_gsolv_eV,240,1.0,0.0,0.6643255314705658,0.6643255314705658,,,,1.0
36,water_gsolv_eV,241,1.0,0.0,0.6643255314705658,0.6643255314705658,,,,1.0
36,water_gsolv_eV,242,1.0,0.0,0.6643255314705658,0.6643255314705658,,,,1.0
36,water_gsolv_eV,243,1.0,0.0,0.6643255314705658,0.6643255314705658,,,,1.0
36,water_gsolv_eV,244,1.0,0.0,0.6643255314705658,0.6643255314705658,,,,1.0
36,water_gsolv_eV,245,1.0,0.0,0.6643255314705658,0.6643255314705658,,,,1.0
36,water_gsolv_eV,246,1.0,0.0,0.6643255314705658,0.6643255314705658,,,,1.0
36,water_gsolv_eV,247,1.0,0.0,0.6643255314705658,0.6643255314705658,,,,1.0
36,water_gsolv_eV,248,1.0,0.0,0.6643255314705658,0.6643255314705658,,,,1.0
36,water_gsolv_eV,249,1.0,0.0,0.6643255314705658,0.6643255314705658,,,,1.0
36,water_hl_gap_eV,0,1.0000001192092896,0.0,0.7119083163154327,0.7119083163154327,,,,1.0
36,water_hl_gap_eV,1,1.0000001192092896,0.0,0.7119083163154327,0.7119083163154327,,,,1.0
36,water_hl_gap_eV,2,1.0000001192092896,0.0,0.7119083163154327,0.7119083163154327,,,,1.0
36,water_hl_gap_eV,3,1.0000001192092896,0.0,0.7119083163154327,0.7119083163154327,,,,1.0
36,water_hl_gap_eV,4,1.0000001192092896,0.0,0.7119083163154327,0.7119083163154327,,,,1.0
36,water_hl_gap_eV,5,1.0000001192092896,0.0,0.7119083163154327,0.7119083163154327,,,,1.0
36,water_hl_gap_eV,6,1.0000001192092896,0.0,0.7119083163154327,0.7119083163154327,,,,1.0
36,water_hl_gap_eV,7,1.0000001192092896,0.0,0.7119083163154327,0.7119083163154327,,,,1.0
36,water_hl_gap_eV,8,1.0000001192092896,0.0,0.7119083163154327,0.7119083163154327,,,,1.0
36,water_hl_gap_eV,9,1.0000001192092896,0.0,0.7119083163154327,0.7119083163154327,,,,1.0
36,water_hl_gap_eV,10,1.0000001192092896,0.0,0.7119083163154327,0.7119083163154327,,,,1.0
36,water_hl_gap_eV,11,1.0000001192092896,0.0,0.7119083163154327,0.7119083163154327,,,,1.0
36,water_hl_gap_eV,12,1.0000001192092896,0.0,0.7119083163154327,0.7119083163154327,,,,1.0
36,water_hl_gap_eV,13,1.0000001192092896,0.0,0.7119083163154327,0.7119083163154327,,,,1.0
36,water_hl_gap_eV,14,1.0000001192092896,0.0,0.7119083163154327,0.7119083163154327,,,,1.0
36,water_hl_gap_eV,15,1.0000001192092896,0.0,0.7119083163154327,0.7119083163154327,,,,1.0
36,water_hl_gap_eV,16,1.0000001192092896,0.0,0.7119083163154327,0.7119083163154327,,,,1.0
36,water_hl_gap_eV,17,1.0000001192092896,0.0,0.7119083163154327,0.7119083163154327,,,,1.0
36,water_hl_gap_eV,18,1.0000001192092896,0.0,0.7119083163154327,0.7119083163154327,,,,1.0
36,water_hl_gap_eV,19,1.0000001192092896,0.0,0.7119083163154327,0.7119083163154327,,,,1.0
36,water_hl_gap_eV,20,1.0000001192092896,0.0,0.7119083163154327,0.7119083163154327,,,,1.0
36,water_hl_gap_eV,21,1.0000001192092896,0.0,0.7119083163154327,0.7119083163154327,,,,1.0
36,water_hl_gap_eV,22,1.0000001192092896,0.0,0.7119083163154327,0.7119083163154327,,,,1.0
36,water_hl_gap_eV,23,1.0000001192092896,0.0,0.7119083163154327,0.7119083163154327,,,,1.0
36,water_hl_gap_eV,24,1.0000001192092896,0.0,0.7119083163154327,0.7119083163154327,,,,1.0
36,water_hl_gap_eV,25,1.0000001192092896,0.0,0.7119083163154327,0.7119083163154327,,,,1.0
36,water_hl_gap_eV,26,1.0000001192092896,0.0,0.7119083163154327,0.7119083163154327,,,,1.0
36,water_hl_gap_eV,27,1.0000001192092896,0.0,0.7119083163154327,0.7119083163154327,,,,1.0
36,water_hl_gap_eV,28,1.0000001192092896,0.0,0.7119083163154327,0.7119083163154327,,,,1.0
36,water_hl_gap_eV,29,1.0000001192092896,0.0,0.7119083163154327,0.7119083163154327,,,,1.0
36,water_hl_gap_eV,30,1.0000001192092896,0.0,0.7119083163154327,0.7119083163154327,,,,1.0
36,water_hl_gap_eV,31,1.0000001192092896,0.0,0.7119083163154327,0.7119083163154327,,,,1.0
36,water_hl_gap_eV,32,1.0000001192092896,0.0,0.7119083163154327,0.7119083163154327,,,,1.0
36,water_hl_gap_eV,33,1.0000001192092896,0.0,0.7119083163154327,0.7119083163154327,,,,1.0
36,water_hl_gap_eV,34,1.0000001192092896,0.0,0.7119083163154327,0.7119083163154327,,,,1.0
36,water_hl_gap_eV,35,1.0000001192092896,0.0,0.7119083163154327,0.7119083163154327,,,,1.0
36,water_hl_gap_eV,36,1.0000001192092896,0.0,0.7119083163154327,0.7119083163154327,,,,1.0
36,water_hl_gap_eV,37,1.0000001192092896,0.0,0.7119083163154327,0.7119083163154327,,,,1.0
36,water_hl_gap_eV,38,1.0000001192092896,0.0,0.7119083163154327,0.7119083163154327,,,,1.0
36,water_hl_gap_eV,39,1.0000001192092896,0.0,0.7119083163154327,0.7119083163154327,,,,1.0
36,water_hl_gap_eV,40,1.0000001192092896,0.0,0.7119083163154327,0.7119083163154327,,,,1.0
36,water_hl_gap_eV,41,1.0000001192092896,0.0,0.7119083163154327,0.7119083163154327,,,,1.0
36,water_hl_gap_eV,42,1.0000001192092896,0.0,0.7119083163154327,0.7119083163154327,,,,1.0
36,water_hl_gap_eV,43,1.0000001192092896,0.0,0.7119083163154327,0.7119083163154327,,,,1.0
36,water_hl_gap_eV,44,1.0000001192092896,0.0,0.7119083163154327,0.7119083163154327,,,,1.0
36,water_hl_gap_eV,45,1.0000001192092896,0.0,0.7119083163154327,0.7119083163154327,,,,1.0
36,water_hl_gap_eV,46,1.0000001192092896,0.0,0.7119083163154327,0.7119083163154327,,,,1.0
36,water_hl_gap_eV,47,1.0000001192092896,0.0,0.7119083163154327,0.7119083163154327,,,,1.0
36,water_hl_gap_eV,48,1.0000001192092896,0.0,0.7119083163154327,0.7119083163154327,,,,1.0
36,water_hl_gap_eV,49,1.0000001192092896,0.0,0.7119083163154327,0.7119083163154327,,,,1.0
36,water_hl_gap_eV,50,1.0000001192092896,0.0,0.7119083163154327,0.7119083163154327,,,,1.0
36,water_hl_gap_eV,51,1.0000001192092896,0.0,0.7119083163154327,0.7119083163154327,,,,1.0
36,water_hl_gap_eV,52,1.0000001192092896,0.0,0.7119083163154327,0.7119083163154327,,,,1.0
36,water_hl_gap_eV,53,1.0000001192092896,0.0,0.7119083163154327,0.7119083163154327,,,,1.0
36,water_hl_gap_eV,54,1.0000001192092896,0.0,0.7119083163154327,0.7119083163154327,,,,1.0
36,water_hl_gap_eV,55,1.0000001192092896,0.0,0.7119083163154327,0.7119083163154327,,,,1.0
36,water_hl_gap_eV,56,1.0000001192092896,0.0,0.7119083163154327,0.7119083163154327,,,,1.0
36,water_hl_gap_eV,57,1.0000001192092896,0.0,0.7119083163154327,0.7119083163154327,,,,1.0
36,water_hl_gap_eV,58,1.0000001192092896,0.0,0.7119083163154327,0.7119083163154327,,,,1.0
36,water_hl_gap_eV,59,1.0000001192092896,0.0,0.7119083163154327,0.7119083163154327,,,,1.0
36,water_hl_gap_eV,60,1.0000001192092896,0.0,0.7119083163154327,0.7119083163154327,,,,1.0
36,water_hl_gap_eV,61,1.0000001192092896,0.0,0.7119083163154327,0.7119083163154327,,,,1.0
36,water_hl_gap_eV,62,1.0000001192092896,0.0,0.7119083163154327,0.7119083163154327,,,,1.0
36,water_hl_gap_eV,63,1.0000001192092896,0.0,0.7119083163154327,0.7119083163154327,,,,1.0
36,water_hl_gap_eV,64,1.0000001192092896,0.0,0.7119083163154327,0.7119083163154327,,,,1.0
36,water_hl_gap_eV,65,1.0000001192092896,0.0,0.7119083163154327,0.7119083163154327,,,,1.0
36,water_hl_gap_eV,66,1.0000001192092896,0.0,0.7119083163154327,0.7119083163154327,,,,1.0
36,water_hl_gap_eV,67,1.0000001192092896,0.0,0.7119083163154327,0.7119083163154327,,,,1.0
36,water_hl_gap_eV,68,1.0000001192092896,0.0,0.7119083163154327,0.7119083163154327,,,,1.0
36,water_hl_gap_eV,69,1.0000001192092896,0.0,0.7119083163154327,0.7119083163154327,,,,1.0
36,water_hl_gap_eV,70,1.0000001192092896,0.0,0.7119083163154327,0.7119083163154327,,,,1.0
36,water_hl_gap_eV,71,1.0000001192092896,0.0,0.7119083163154327,0.7119083163154327,,,,1.0
36,water_hl_gap_eV,72,1.0000001192092896,0.0,0.7119083163154327,0.7119083163154327,,,,1.0
36,water_hl_gap_eV,73,1.0000001192092896,0.0,0.7119083163154327,0.7119083163154327,,,,1.0
36,water_hl_gap_eV,74,1.0000001192092896,0.0,0.7119083163154327,0.7119083163154327,,,,1.0
36,water_hl_gap_eV,75,1.0000001192092896,0.0,0.7119083163154327,0.7119083163154327,,,,1.0
36,water_hl_gap_eV,76,1.0000001192092896,0.0,0.7119083163154327,0.7119083163154327,,,,1.0
36,water_hl_gap_eV,77,1.0000001192092896,0.0,0.7119083163154327,0.7119083163154327,,,,1.0
36,water_hl_gap_eV,78,1.0000001192092896,0.0,0.7119083163154327,0.7119083163154327,,,,1.0
36,water_hl_gap_eV,79,1.0000001192092896,0.0,0.7119083163154327,0.7119083163154327,,,,1.0
36,water_hl_gap_eV,80,1.0000001192092896,0.0,0.7119083163154327,0.7119083163154327,,,,1.0
36,water_hl_gap_eV,81,1.0000001192092896,0.0,0.7119083163154327,0.7119083163154327,,,,1.0
36,water_hl_gap_eV,82,1.0000001192092896,0.0,0.7119083163154327,0.7119083163154327,,,,1.0
36,water_hl_gap_eV,83,1.0000001192092896,0.0,0.7119083163154327,0.7119083163154327,,,,1.0
36,water_hl_gap_eV,84,1.0000001192092896,0.0,0.7119083163154327,0.7119083163154327,,,,1.0
36,water_hl_gap_eV,85,1.0000001192092896,0.0,0.7119083163154327,0.7119083163154327,,,,1.0
36,water_hl_gap_eV,86,1.0000001192092896,0.0,0.7119083163154327,0.7119083163154327,,,,1.0
36,water_hl_gap_eV,87,1.0000001192092896,0.0,0.7119083163154327,0.7119083163154327,,,,1.0
36,water_hl_gap_eV,88,1.0000001192092896,0.0,0.7119083163154327,0.7119083163154327,,,,1.0
36,water_hl_gap_eV,89,1.0000001192092896,0.0,0.7119083163154327,0.7119083163154327,,,,1.0
36,water_hl_gap_eV,90,1.0000001192092896,0.0,0.7119083163154327,0.7119083163154327,,,,1.0
36,water_hl_gap_eV,91,1.0000001192092896,0.0,0.7119083163154327,0.7119083163154327,,,,1.0
36,water_hl_gap_eV,92,1.0000001192092896,0.0,0.7119083163154327,0.7119083163154327,,,,1.0
36,water_hl_gap_eV,93,1.0000001192092896,0.0,0.7119083163154327,0.7119083163154327,,,,1.0
36,water_hl_gap_eV,94,1.0000001192092896,0.0,0.7119083163154327,0.7119083163154327,,,,1.0
36,water_hl_gap_eV,95,1.0000001192092896,0.0,0.7119083163154327,0.7119083163154327,,,,1.0
36,water_hl_gap_eV,96,1.0000001192092896,0.0,0.7119083163154327,0.7119083163154327,,,,1.0
36,water_hl_gap_eV,97,1.0000001192092896,0.0,0.7119083163154327,0.7119083163154327,,,,1.0
36,water_hl_gap_eV,98,1.0000001192092896,0.0,0.7119083163154327,0.7119083163154327,,,,1.0
36,water_hl_gap_eV,99,1.0000001192092896,0.0,0.7119083163154327,0.7119083163154327,,,,1.0
36,water_hl_gap_eV,100,1.0000001192092896,0.0,0.7119083163154327,0.7119083163154327,,,,1.0
36,water_hl_gap_eV,101,1.0000001192092896,0.0,0.7119083163154327,0.7119083163154327,,,,1.0
36,water_hl_gap_eV,102,1.0000001192092896,0.0,0.7119083163154327,0.7119083163154327,,,,1.0
36,water_hl_gap_eV,103,1.0000001192092896,0.0,0.7119083163154327,0.7119083163154327,,,,1.0
36,water_hl_gap_eV,104,1.0000001192092896,0.0,0.7119083163154327,0.7119083163154327,,,,1.0
36,water_hl_gap_eV,105,1.0000001192092896,0.0,0.7119083163154327,0.7119083163154327,,,,1.0
36,water_hl_gap_eV,106,1.0000001192092896,0.0,0.7119083163154327,0.7119083163154327,,,,1.0
36,water_hl_gap_eV,107,1.0000001192092896,0.0,0.7119083163154327,0.7119083163154327,,,,1.0
36,water_hl_gap_eV,108,1.0000001192092896,0.0,0.7119083163154327,0.7119083163154327,,,,1.0
36,water_hl_gap_eV,109,1.0000001192092896,0.0,0.7119083163154327,0.7119083163154327,,,,1.0
36,water_hl_gap_eV,110,1.0000001192092896,0.0,0.7119083163154327,0.7119083163154327,,,,1.0
36,water_hl_gap_eV,111,1.0000001192092896,0.0,0.7119083163154327,0.7119083163154327,,,,1.0
36,water_hl_gap_eV,112,1.0000001192092896,0.0,0.7119083163154327,0.7119083163154327,,,,1.0
36,water_hl_gap_eV,113,1.0000001192092896,0.0,0.7119083163154327,0.7119083163154327,,,,1.0
36,water_hl_gap_eV,114,1.0000001192092896,0.0,0.7119083163154327,0.7119083163154327,,,,1.0
36,water_hl_gap_eV,115,1.0000001192092896,0.0,0.7119083163154327,0.7119083163154327,,,,1.0
36,water_hl_gap_eV,116,1.0000001192092896,0.0,0.7119083163154327,0.7119083163154327,,,,1.0
36,water_hl_gap_eV,117,1.0000001192092896,0.0,0.7119083163154327,0.7119083163154327,,,,1.0
36,water_hl_gap_eV,118,1.0000001192092896,0.0,0.7119083163154327,0.7119083163154327,,,,1.0
36,water_hl_gap_eV,119,1.0000001192092896,0.0,0.7119083163154327,0.7119083163154327,,,,1.0
36,water_hl_gap_eV,120,1.0000001192092896,0.0,0.7119083163154327,0.7119083163154327,,,,1.0
36,water_hl_gap_eV,121,1.0000001192092896,0.0,0.7119083163154327,0.7119083163154327,,,,1.0
36,water_hl_gap_eV,122,1.0000001192092896,0.0,0.7119083163154327,0.7119083163154327,,,,1.0
36,water_hl_gap_eV,123,1.0000001192092896,0.0,0.7119083163154327,0.7119083163154327,,,,1.0
36,water_hl_gap_eV,124,1.0000001192092896,0.0,0.7119083163154327,0.7119083163154327,,,,1.0
36,water_hl_gap_eV,125,1.0000001192092896,0.0,0.7119083163154327,0.7119083163154327,,,,1.0
36,water_hl_gap_eV,126,1.0000001192092896,0.0,0.7119083163154327,0.7119083163154327,,,,1.0
36,water_hl_gap_eV,127,1.0000001192092896,0.0,0.7119083163154327,0.7119083163154327,,,,1.0
36,water_hl_gap_eV,128,1.0000001192092896,0.0,0.7119083163154327,0.7119083163154327,,,,1.0
36,water_hl_gap_eV,129,1.0000001192092896,0.0,0.7119083163154327,0.7119083163154327,,,,1.0
36,water_hl_gap_eV,130,1.0000001192092896,0.0,0.7119083163154327,0.7119083163154327,,,,1.0
36,water_hl_gap_eV,131,1.0000001192092896,0.0,0.7119083163154327,0.7119083163154327,,,,1.0
36,water_hl_gap_eV,132,1.0000001192092896,0.0,0.7119083163154327,0.7119083163154327,,,,1.0
36,water_hl_gap_eV,133,1.0000001192092896,0.0,0.7119083163154327,0.7119083163154327,,,,1.0
36,water_hl_gap_eV,134,1.0000001192092896,0.0,0.7119083163154327,0.7119083163154327,,,,1.0
36,water_hl_gap_eV,135,1.0000001192092896,0.0,0.7119083163154327,0.7119083163154327,,,,1.0
36,water_hl_gap_eV,136,1.0000001192092896,0.0,0.7119083163154327,0.7119083163154327,,,,1.0
36,water_hl_gap_eV,137,1.0000001192092896,0.0,0.7119083163154327,0.7119083163154327,,,,1.0
36,water_hl_gap_eV,138,1.0000001192092896,0.0,0.7119083163154327,0.7119083163154327,,,,1.0
36,water_hl_gap_eV,139,1.0000001192092896,0.0,0.7119083163154327,0.7119083163154327,,,,1.0
36,water_hl_gap_eV,140,1.0000001192092896,0.0,0.7119083163154327,0.7119083163154327,,,,1.0
36,water_hl_gap_eV,141,1.0000001192092896,0.0,0.7119083163154327,0.7119083163154327,,,,1.0
36,water_hl_gap_eV,142,1.0000001192092896,0.0,0.7119083163154327,0.7119083163154327,,,,1.0
36,water_hl_gap_eV,143,1.0000001192092896,0.0,0.7119083163154327,0.7119083163154327,,,,1.0
36,water_hl_gap_eV,144,1.0000001192092896,0.0,0.7119083163154327,0.7119083163154327,,,,1.0
36,water_hl_gap_eV,145,1.0000001192092896,0.0,0.7119083163154327,0.7119083163154327,,,,1.0
36,water_hl_gap_eV,146,1.0000001192092896,0.0,0.7119083163154327,0.7119083163154327,,,,1.0
36,water_hl_gap_eV,147,1.0000001192092896,0.0,0.7119083163154327,0.7119083163154327,,,,1.0
36,water_hl_gap_eV,148,1.0000001192092896,0.0,0.7119083163154327,0.7119083163154327,,,,1.0
36,water_hl_gap_eV,149,1.0000001192092896,0.0,0.7119083163154327,0.7119083163154327,,,,1.0
36,water_hl_gap_eV,150,1.0000001192092896,0.0,0.7119083163154327,0.7119083163154327,,,,1.0
36,water_hl_gap_eV,151,1.0000001192092896,0.0,0.7119083163154327,0.7119083163154327,,,,1.0
36,water_hl_gap_eV,152,1.0000001192092896,0.0,0.7119083163154327,0.7119083163154327,,,,1.0
36,water_hl_gap_eV,153,1.0000001192092896,0.0,0.7119083163154327,0.7119083163154327,,,,1.0
36,water_hl_gap_eV,154,1.0000001192092896,0.0,0.7119083163154327,0.7119083163154327,,,,1.0
36,water_hl_gap_eV,155,1.0000001192092896,0.0,0.7119083163154327,0.7119083163154327,,,,1.0
36,water_hl_gap_eV,156,1.0000001192092896,0.0,0.7119083163154327,0.7119083163154327,,,,1.0
36,water_hl_gap_eV,157,1.0000001192092896,0.0,0.7119083163154327,0.7119083163154327,,,,1.0
36,water_hl_gap_eV,158,1.0000001192092896,0.0,0.7119083163154327,0.7119083163154327,,,,1.0
36,water_hl_gap_eV,159,1.0000001192092896,0.0,0.7119083163154327,0.7119083163154327,,,,1.0
36,water_hl_gap_eV,160,1.0000001192092896,0.0,0.7119083163154327,0.7119083163154327,,,,1.0
36,water_hl_gap_eV,161,1.0000001192092896,0.0,0.7119083163154327,0.7119083163154327,,,,1.0
36,water_hl_gap_eV,162,1.0000001192092896,0.0,0.7119083163154327,0.7119083163154327,,,,1.0
36,water_hl_gap_eV,163,1.0000001192092896,0.0,0.7119083163154327,0.7119083163154327,,,,1.0
36,water_hl_gap_eV,164,1.0000001192092896,0.0,0.7119083163154327,0.7119083163154327,,,,1.0
36,water_hl_gap_eV,165,1.0000001192092896,0.0,0.7119083163154327,0.7119083163154327,,,,1.0
36,water_hl_gap_eV,166,1.0000001192092896,0.0,0.7119083163154327,0.7119083163154327,,,,1.0
36,water_hl_gap_eV,167,1.0000001192092896,0.0,0.7119083163154327,0.7119083163154327,,,,1.0
36,water_hl_gap_eV,168,1.0000001192092896,0.0,0.7119083163154327,0.7119083163154327,,,,1.0
36,water_hl_gap_eV,169,1.0000001192092896,0.0,0.7119083163154327,0.7119083163154327,,,,1.0
36,water_hl_gap_eV,170,1.0000001192092896,0.0,0.7119083163154327,0.7119083163154327,,,,1.0
36,water_hl_gap_eV,171,1.0000001192092896,0.0,0.7119083163154327,0.7119083163154327,,,,1.0
36,water_hl_gap_eV,172,1.0000001192092896,0.0,0.7119083163154327,0.7119083163154327,,,,1.0
36,water_hl_gap_eV,173,1.0000001192092896,0.0,0.7119083163154327,0.7119083163154327,,,,1.0
36,water_hl_gap_eV,174,1.0000001192092896,0.0,0.7119083163154327,0.7119083163154327,,,,1.0
36,water_hl_gap_eV,175,1.0000001192092896,0.0,0.7119083163154327,0.7119083163154327,,,,1.0
36,water_hl_gap_eV,176,1.0000001192092896,0.0,0.7119083163154327,0.7119083163154327,,,,1.0
36,water_hl_gap_eV,177,1.0000001192092896,0.0,0.7119083163154327,0.7119083163154327,,,,1.0
36,water_hl_gap_eV,178,1.0000001192092896,0.0,0.7119083163154327,0.7119083163154327,,,,1.0
36,water_hl_gap_eV,179,1.0000001192092896,0.0,0.7119083163154327,0.7119083163154327,,,,1.0
36,water_hl_gap_eV,180,1.0000001192092896,0.0,0.7119083163154327,0.7119083163154327,,,,1.0
36,water_hl_gap_eV,181,1.0000001192092896,0.0,0.7119083163154327,0.7119083163154327,,,,1.0
36,water_hl_gap_eV,182,1.0000001192092896,0.0,0.7119083163154327,0.7119083163154327,,,,1.0
36,water_hl_gap_eV,183,1.0000001192092896,0.0,0.7119083163154327,0.7119083163154327,,,,1.0
36,water_hl_gap_eV,184,1.0000001192092896,0.0,0.7119083163154327,0.7119083163154327,,,,1.0
36,water_hl_gap_eV,185,1.0000001192092896,0.0,0.7119083163154327,0.7119083163154327,,,,1.0
36,water_hl_gap_eV,186,1.0000001192092896,0.0,0.7119083163154327,0.7119083163154327,,,,1.0
36,water_hl_gap_eV,187,1.0000001192092896,0.0,0.7119083163154327,0.7119083163154327,,,,1.0
36,water_hl_gap_eV,188,1.0000001192092896,0.0,0.7119083163154327,0.7119083163154327,,,,1.0
36,water_hl_gap_eV,189,1.0000001192092896,0.0,0.7119083163154327,0.7119083163154327,,,,1.0
36,water_hl_gap_eV,190,1.0000001192092896,0.0,0.7119083163154327,0.7119083163154327,,,,1.0
36,water_hl_gap_eV,191,1.0000001192092896,0.0,0.7119083163154327,0.7119083163154327,,,,1.0
36,water_hl_gap_eV,192,1.0000001192092896,0.0,0.7119083163154327,0.7119083163154327,,,,1.0
36,water_hl_gap_eV,193,1.0000001192092896,0.0,0.7119083163154327,0.7119083163154327,,,,1.0
36,water_hl_gap_eV,194,1.0000001192092896,0.0,0.7119083163154327,0.7119083163154327,,,,1.0
36,water_hl_gap_eV,195,1.0000001192092896,0.0,0.7119083163154327,0.7119083163154327,,,,1.0
36,water_hl_gap_eV,196,1.0000001192092896,0.0,0.7119083163154327,0.7119083163154327,,,,1.0
36,water_hl_gap_eV,197,1.0000001192092896,0.0,0.7119083163154327,0.7119083163154327,,,,1.0
36,water_hl_gap_eV,198,1.0000001192092896,0.0,0.7119083163154327,0.7119083163154327,,,,1.0
36,water_hl_gap_eV,199,1.0000001192092896,0.0,0.7119083163154327,0.7119083163154327,,,,1.0
36,water_hl_gap_eV,200,1.0000001192092896,0.0,0.7119083163154327,0.7119083163154327,,,,1.0
36,water_hl_gap_eV,201,1.0000001192092896,0.0,0.7119083163154327,0.7119083163154327,,,,1.0
36,water_hl_gap_eV,202,1.0000001192092896,0.0,0.7119083163154327,0.7119083163154327,,,,1.0
36,water_hl_gap_eV,203,1.0000001192092896,0.0,0.7119083163154327,0.7119083163154327,,,,1.0
36,water_hl_gap_eV,204,1.0000001192092896,0.0,0.7119083163154327,0.7119083163154327,,,,1.0
36,water_hl_gap_eV,205,1.0000001192092896,0.0,0.7119083163154327,0.7119083163154327,,,,1.0
36,water_hl_gap_eV,206,1.0000001192092896,0.0,0.7119083163154327,0.7119083163154327,,,,1.0
36,water_hl_gap_eV,207,1.0000001192092896,0.0,0.7119083163154327,0.7119083163154327,,,,1.0
36,water_hl_gap_eV,208,1.0000001192092896,0.0,0.7119083163154327,0.7119083163154327,,,,1.0
36,water_hl_gap_eV,209,1.0000001192092896,0.0,0.7119083163154327,0.7119083163154327,,,,1.0
36,water_hl_gap_eV,210,1.0000001192092896,0.0,0.7119083163154327,0.7119083163154327,,,,1.0
36,water_hl_gap_eV,211,1.0000001192092896,0.0,0.7119083163154327,0.7119083163154327,,,,1.0
36,water_hl_gap_eV,212,1.0000001192092896,0.0,0.7119083163154327,0.7119083163154327,,,,1.0
36,water_hl_gap_eV,213,1.0000001192092896,0.0,0.7119083163154327,0.7119083163154327,,,,1.0
36,water_hl_gap_eV,214,1.0000001192092896,0.0,0.7119083163154327,0.7119083163154327,,,,1.0
36,water_hl_gap_eV,215,1.0000001192092896,0.0,0.7119083163154327,0.7119083163154327,,,,1.0
36,water_hl_gap_eV,216,1.0000001192092896,0.0,0.7119083163154327,0.7119083163154327,,,,1.0
36,water_hl_gap_eV,217,1.0000001192092896,0.0,0.7119083163154327,0.7119083163154327,,,,1.0
36,water_hl_gap_eV,218,1.0000001192092896,0.0,0.7119083163154327,0.7119083163154327,,,,1.0
36,water_hl_gap_eV,219,1.0000001192092896,0.0,0.7119083163154327,0.7119083163154327,,,,1.0
36,water_hl_gap_eV,220,1.0000001192092896,0.0,0.7119083163154327,0.7119083163154327,,,,1.0
36,water_hl_gap_eV,221,1.0000001192092896,0.0,0.7119083163154327,0.7119083163154327,,,,1.0
36,water_hl_gap_eV,222,1.0000001192092896,0.0,0.7119083163154327,0.7119083163154327,,,,1.0
36,water_hl_gap_eV,223,1.0000001192092896,0.0,0.7119083163154327,0.7119083163154327,,,,1.0
36,water_hl_gap_eV,224,1.0000001192092896,0.0,0.7119083163154327,0.7119083163154327,,,,1.0
36,water_hl_gap_eV,225,1.0000001192092896,0.0,0.7119083163154327,0.7119083163154327,,,,1.0
36,water_hl_gap_eV,226,1.0000001192092896,0.0,0.7119083163154327,0.7119083163154327,,,,1.0
36,water_hl_gap_eV,227,1.0000001192092896,0.0,0.7119083163154327,0.7119083163154327,,,,1.0
36,water_hl_gap_eV,228,1.0000001192092896,0.0,0.7119083163154327,0.7119083163154327,,,,1.0
36,water_hl_gap_eV,229,1.0000001192092896,0.0,0.7119083163154327,0.7119083163154327,,,,1.0
36,water_hl_gap_eV,230,1.0000001192092896,0.0,0.7119083163154327,0.7119083163154327,,,,1.0
36,water_hl_gap_eV,231,1.0000001192092896,0.0,0.7119083163154327,0.7119083163154327,,,,1.0
36,water_hl_gap_eV,232,1.0000001192092896,0.0,0.7119083163154327,0.7119083163154327,,,,1.0
36,water_hl_gap_eV,233,1.0000001192092896,0.0,0.7119083163154327,0.7119083163154327,,,,1.0
36,water_hl_gap_eV,234,1.0000001192092896,0.0,0.7119083163154327,0.7119083163154327,,,,1.0
36,water_hl_gap_eV,235,1.0000001192092896,0.0,0.7119083163154327,0.7119083163154327,,,,1.0
36,water_hl_gap_eV,236,1.0000001192092896,0.0,0.7119083163154327,0.7119083163154327,,,,1.0
36,water_hl_gap_eV,237,1.0000001192092896,0.0,0.7119083163154327,0.7119083163154327,,,,1.0
36,water_hl_gap_eV,238,1.0000001192092896,0.0,0.7119083163154327,0.7119083163154327,,,,1.0
36,water_hl_gap_eV,239,1.0000001192092896,0.0,0.7119083163154327,0.7119083163154327,,,,1.0
36,water_hl_gap_eV,240,1.0000001192092896,0.0,0.7119083163154327,0.7119083163154327,,,,1.0
36,water_hl_gap_eV,241,1.0000001192092896,0.0,0.7119083163154327,0.7119083163154327,,,,1.0
36,water_hl_gap_eV,242,1.0000001192092896,0.0,0.7119083163154327,0.7119083163154327,,,,1.0
36,water_hl_gap_eV,243,1.0000001192092896,0.0,0.7119083163154327,0.7119083163154327,,,,1.0
36,water_hl_gap_eV,244,1.0000001192092896,0.0,0.7119083163154327,0.7119083163154327,,,,1.0
36,water_hl_gap_eV,245,1.0000001192092896,0.0,0.7119083163154327,0.7119083163154327,,,,1.0
36,water_hl_gap_eV,246,1.0000001192092896,0.0,0.7119083163154327,0.7119083163154327,,,,1.0
36,water_hl_gap_eV,247,1.0000001192092896,0.0,0.7119083163154327,0.7119083163154327,,,,1.0
36,water_hl_gap_eV,248,1.0000001192092896,0.0,0.7119083163154327,0.7119083163154327,,,,1.0
36,water_hl_gap_eV,249,1.0000001192092896,0.0,0.7119083163154327,0.7119083163154327,,,,1.0
36,water_dipole,0,0.9999998807907104,0.0,0.5796692167001292,0.5796692167001292,,,,1.0
36,water_dipole,1,0.9999998807907104,0.0,0.5796692167001292,0.5796692167001292,,,,1.0
36,water_dipole,2,0.9999998807907104,0.0,0.5796692167001292,0.5796692167001292,,,,1.0
36,water_dipole,3,0.9999998807907104,0.0,0.5796692167001292,0.5796692167001292,,,,1.0
36,water_dipole,4,0.9999998807907104,0.0,0.5796692167001292,0.5796692167001292,,,,1.0
36,water_dipole,5,0.9999998807907104,0.0,0.5796692167001292,0.5796692167001292,,,,1.0
36,water_dipole,6,0.9999998807907104,0.0,0.5796692167001292,0.5796692167001292,,,,1.0
36,water_dipole,7,0.9999998807907104,0.0,0.5796692167001292,0.5796692167001292,,,,1.0
36,water_dipole,8,0.9999998807907104,0.0,0.5796692167001292,0.5796692167001292,,,,1.0
36,water_dipole,9,0.9999998807907104,0.0,0.5796692167001292,0.5796692167001292,,,,1.0
36,water_dipole,10,0.9999998807907104,0.0,0.5796692167001292,0.5796692167001292,,,,1.0
36,water_dipole,11,0.9999998807907104,0.0,0.5796692167001292,0.5796692167001292,,,,1.0
36,water_dipole,12,0.9999998807907104,0.0,0.5796692167001292,0.5796692167001292,,,,1.0
36,water_dipole,13,0.9999998807907104,0.0,0.5796692167001292,0.5796692167001292,,,,1.0
36,water_dipole,14,0.9999998807907104,0.0,0.5796692167001292,0.5796692167001292,,,,1.0
36,water_dipole,15,0.9999998807907104,0.0,0.5796692167001292,0.5796692167001292,,,,1.0
36,water_dipole,16,0.9999998807907104,0.0,0.5796692167001292,0.5796692167001292,,,,1.0
36,water_dipole,17,0.9999998807907104,0.0,0.5796692167001292,0.5796692167001292,,,,1.0
36,water_dipole,18,0.9999998807907104,0.0,0.5796692167001292,0.5796692167001292,,,,1.0
36,water_dipole,19,0.9999998807907104,0.0,0.5796692167001292,0.5796692167001292,,,,1.0
36,water_dipole,20,0.9999998807907104,0.0,0.5796692167001292,0.5796692167001292,,,,1.0
36,water_dipole,21,0.9999998807907104,0.0,0.5796692167001292,0.5796692167001292,,,,1.0
36,water_dipole,22,0.9999998807907104,0.0,0.5796692167001292,0.5796692167001292,,,,1.0
36,water_dipole,23,0.9999998807907104,0.0,0.5796692167001292,0.5796692167001292,,,,1.0
36,water_dipole,24,0.9999998807907104,0.0,0.5796692167001292,0.5796692167001292,,,,1.0
36,water_dipole,25,0.9999998807907104,0.0,0.5796692167001292,0.5796692167001292,,,,1.0
36,water_dipole,26,0.9999998807907104,0.0,0.5796692167001292,0.5796692167001292,,,,1.0
36,water_dipole,27,0.9999998807907104,0.0,0.5796692167001292,0.5796692167001292,,,,1.0
36,water_dipole,28,0.9999998807907104,0.0,0.5796692167001292,0.5796692167001292,,,,1.0
36,water_dipole,29,0.9999998807907104,0.0,0.5796692167001292,0.5796692167001292,,,,1.0
36,water_dipole,30,0.9999998807907104,0.0,0.5796692167001292,0.5796692167001292,,,,1.0
36,water_dipole,31,0.9999998807907104,0.0,0.5796692167001292,0.5796692167001292,,,,1.0
36,water_dipole,32,0.9999998807907104,0.0,0.5796692167001292,0.5796692167001292,,,,1.0
36,water_dipole,33,0.9999998807907104,0.0,0.5796692167001292,0.5796692167001292,,,,1.0
36,water_dipole,34,0.9999998807907104,0.0,0.5796692167001292,0.5796692167001292,,,,1.0
36,water_dipole,35,0.9999998807907104,0.0,0.5796692167001292,0.5796692167001292,,,,1.0
36,water_dipole,36,0.9999998807907104,0.0,0.5796692167001292,0.5796692167001292,,,,1.0
36,water_dipole,37,0.9999998807907104,0.0,0.5796692167001292,0.5796692167001292,,,,1.0
36,water_dipole,38,0.9999998807907104,0.0,0.5796692167001292,0.5796692167001292,,,,1.0
36,water_dipole,39,0.9999998807907104,0.0,0.5796692167001292,0.5796692167001292,,,,1.0
36,water_dipole,40,0.9999998807907104,0.0,0.5796692167001292,0.5796692167001292,,,,1.0
36,water_dipole,41,0.9999998807907104,0.0,0.5796692167001292,0.5796692167001292,,,,1.0
36,water_dipole,42,0.9999998807907104,0.0,0.5796692167001292,0.5796692167001292,,,,1.0
36,water_dipole,43,0.9999998807907104,0.0,0.5796692167001292,0.5796692167001292,,,,1.0
36,water_dipole,44,0.9999998807907104,0.0,0.5796692167001292,0.5796692167001292,,,,1.0
36,water_dipole,45,0.9999998807907104,0.0,0.5796692167001292,0.5796692167001292,,,,1.0
36,water_dipole,46,0.9999998807907104,0.0,0.5796692167001292,0.5796692167001292,,,,1.0
36,water_dipole,47,0.9999998807907104,0.0,0.5796692167001292,0.5796692167001292,,,,1.0
36,water_dipole,48,0.9999998807907104,0.0,0.5796692167001292,0.5796692167001292,,,,1.0
36,water_dipole,49,0.9999998807907104,0.0,0.5796692167001292,0.5796692167001292,,,,1.0
36,water_dipole,50,0.9999998807907104,0.0,0.5796692167001292,0.5796692167001292,,,,1.0
36,water_dipole,51,0.9999998807907104,0.0,0.5796692167001292,0.5796692167001292,,,,1.0
36,water_dipole,52,0.9999998807907104,0.0,0.5796692167001292,0.5796692167001292,,,,1.0
36,water_dipole,53,0.9999998807907104,0.0,0.5796692167001292,0.5796692167001292,,,,1.0
36,water_dipole,54,0.9999998807907104,0.0,0.5796692167001292,0.5796692167001292,,,,1.0
36,water_dipole,55,0.9999998807907104,0.0,0.5796692167001292,0.5796692167001292,,,,1.0
36,water_dipole,56,0.9999998807907104,0.0,0.5796692167001292,0.5796692167001292,,,,1.0
36,water_dipole,57,0.9999998807907104,0.0,0.5796692167001292,0.5796692167001292,,,,1.0
36,water_dipole,58,0.9999998807907104,0.0,0.5796692167001292,0.5796692167001292,,,,1.0
36,water_dipole,59,0.9999998807907104,0.0,0.5796692167001292,0.5796692167001292,,,,1.0
36,water_dipole,60,0.9999998807907104,0.0,0.5796692167001292,0.5796692167001292,,,,1.0
36,water_dipole,61,0.9999998807907104,0.0,0.5796692167001292,0.5796692167001292,,,,1.0
36,water_dipole,62,0.9999998807907104,0.0,0.5796692167001292,0.5796692167001292,,,,1.0
36,water_dipole,63,0.9999998807907104,0.0,0.5796692167001292,0.5796692167001292,,,,1.0
36,water_dipole,64,0.9999998807907104,0.0,0.5796692167001292,0.5796692167001292,,,,1.0
36,water_dipole,65,0.9999998807907104,0.0,0.5796692167001292,0.5796692167001292,,,,1.0
36,water_dipole,66,0.9999998807907104,0.0,0.5796692167001292,0.5796692167001292,,,,1.0
36,water_dipole,67,0.9999998807907104,0.0,0.5796692167001292,0.5796692167001292,,,,1.0
36,water_dipole,68,0.9999998807907104,0.0,0.5796692167001292,0.5796692167001292,,,,1.0
36,water_dipole,69,0.9999998807907104,0.0,0.5796692167001292,0.5796692167001292,,,,1.0
36,water_dipole,70,0.9999998807907104,0.0,0.5796692167001292,0.5796692167001292,,,,1.0
36,water_dipole,71,0.9999998807907104,0.0,0.5796692167001292,0.5796692167001292,,,,1.0
36,water_dipole,72,0.9999998807907104,0.0,0.5796692167001292,0.5796692167001292,,,,1.0
36,water_dipole,73,0.9999998807907104,0.0,0.5796692167001292,0.5796692167001292,,,,1.0
36,water_dipole,74,0.9999998807907104,0.0,0.5796692167001292,0.5796692167001292,,,,1.0
36,water_dipole,75,0.9999998807907104,0.0,0.5796692167001292,0.5796692167001292,,,,1.0
36,water_dipole,76,0.9999998807907104,0.0,0.5796692167001292,0.5796692167001292,,,,1.0
36,water_dipole,77,0.9999998807907104,0.0,0.5796692167001292,0.5796692167001292,,,,1.0
36,water_dipole,78,0.9999998807907104,0.0,0.5796692167001292,0.5796692167001292,,,,1.0
36,water_dipole,79,0.9999998807907104,0.0,0.5796692167001292,0.5796692167001292,,,,1.0
36,water_dipole,80,0.9999998807907104,0.0,0.5796692167001292,0.5796692167001292,,,,1.0
36,water_dipole,81,0.9999998807907104,0.0,0.5796692167001292,0.5796692167001292,,,,1.0
36,water_dipole,82,0.9999998807907104,0.0,0.5796692167001292,0.5796692167001292,,,,1.0
36,water_dipole,83,0.9999998807907104,0.0,0.5796692167001292,0.5796692167001292,,,,1.0
36,water_dipole,84,0.9999998807907104,0.0,0.5796692167001292,0.5796692167001292,,,,1.0
36,water_dipole,85,0.9999998807907104,0.0,0.5796692167001292,0.5796692167001292,,,,1.0
36,water_dipole,86,0.9999998807907104,0.0,0.5796692167001292,0.5796692167001292,,,,1.0
36,water_dipole,87,0.9999998807907104,0.0,0.5796692167001292,0.5796692167001292,,,,1.0
36,water_dipole,88,0.9999998807907104,0.0,0.5796692167001292,0.5796692167001292,,,,1.0
36,water_dipole,89,0.9999998807907104,0.0,0.5796692167001292,0.5796692167001292,,,,1.0
36,water_dipole,90,0.9999998807907104,0.0,0.5796692167001292,0.5796692167001292,,,,1.0
36,water_dipole,91,0.9999998807907104,0.0,0.5796692167001292,0.5796692167001292,,,,1.0
36,water_dipole,92,0.9999998807907104,0.0,0.5796692167001292,0.5796692167001292,,,,1.0
36,water_dipole,93,0.9999998807907104,0.0,0.5796692167001292,0.5796692167001292,,,,1.0
36,water_dipole,94,0.9999998807907104,0.0,0.5796692167001292,0.5796692167001292,,,,1.0
36,water_dipole,95,0.9999998807907104,0.0,0.5796692167001292,0.5796692167001292,,,,1.0
36,water_dipole,96,0.9999998807907104,0.0,0.5796692167001292,0.5796692167001292,,,,1.0
36,water_dipole,97,0.9999998807907104,0.0,0.5796692167001292,0.5796692167001292,,,,1.0
36,water_dipole,98,0.9999998807907104,0.0,0.5796692167001292,0.5796692167001292,,,,1.0
36,water_dipole,99,0.9999998807907104,0.0,0.5796692167001292,0.5796692167001292,,,,1.0
36,water_dipole,100,0.9999998807907104,0.0,0.5796692167001292,0.5796692167001292,,,,1.0
36,water_dipole,101,0.9999998807907104,0.0,0.5796692167001292,0.5796692167001292,,,,1.0
36,water_dipole,102,0.9999998807907104,0.0,0.5796692167001292,0.5796692167001292,,,,1.0
36,water_dipole,103,0.9999998807907104,0.0,0.5796692167001292,0.5796692167001292,,,,1.0
36,water_dipole,104,0.9999998807907104,0.0,0.5796692167001292,0.5796692167001292,,,,1.0
36,water_dipole,105,0.9999998807907104,0.0,0.5796692167001292,0.5796692167001292,,,,1.0
36,water_dipole,106,0.9999998807907104,0.0,0.5796692167001292,0.5796692167001292,,,,1.0
36,water_dipole,107,0.9999998807907104,0.0,0.5796692167001292,0.5796692167001292,,,,1.0
36,water_dipole,108,0.9999998807907104,0.0,0.5796692167001292,0.5796692167001292,,,,1.0
36,water_dipole,109,0.9999998807907104,0.0,0.5796692167001292,0.5796692167001292,,,,1.0
36,water_dipole,110,0.9999998807907104,0.0,0.5796692167001292,0.5796692167001292,,,,1.0
36,water_dipole,111,0.9999998807907104,0.0,0.5796692167001292,0.5796692167001292,,,,1.0
36,water_dipole,112,0.9999998807907104,0.0,0.5796692167001292,0.5796692167001292,,,,1.0
36,water_dipole,113,0.9999998807907104,0.0,0.5796692167001292,0.5796692167001292,,,,1.0
36,water_dipole,114,0.9999998807907104,0.0,0.5796692167001292,0.5796692167001292,,,,1.0
36,water_dipole,115,0.9999998807907104,0.0,0.5796692167001292,0.5796692167001292,,,,1.0
36,water_dipole,116,0.9999998807907104,0.0,0.5796692167001292,0.5796692167001292,,,,1.0
36,water_dipole,117,0.9999998807907104,0.0,0.5796692167001292,0.5796692167001292,,,,1.0
36,water_dipole,118,0.9999998807907104,0.0,0.5796692167001292,0.5796692167001292,,,,1.0
36,water_dipole,119,0.9999998807907104,0.0,0.5796692167001292,0.5796692167001292,,,,1.0
36,water_dipole,120,0.9999998807907104,0.0,0.5796692167001292,0.5796692167001292,,,,1.0
36,water_dipole,121,0.9999998807907104,0.0,0.5796692167001292,0.5796692167001292,,,,1.0
36,water_dipole,122,0.9999998807907104,0.0,0.5796692167001292,0.5796692167001292,,,,1.0
36,water_dipole,123,0.9999998807907104,0.0,0.5796692167001292,0.5796692167001292,,,,1.0
36,water_dipole,124,0.9999998807907104,0.0,0.5796692167001292,0.5796692167001292,,,,1.0
36,water_dipole,125,0.9999998807907104,0.0,0.5796692167001292,0.5796692167001292,,,,1.0
36,water_dipole,126,0.9999998807907104,0.0,0.5796692167001292,0.5796692167001292,,,,1.0
36,water_dipole,127,0.9999998807907104,0.0,0.5796692167001292,0.5796692167001292,,,,1.0
36,water_dipole,128,0.9999998807907104,0.0,0.5796692167001292,0.5796692167001292,,,,1.0
36,water_dipole,129,0.9999998807907104,0.0,0.5796692167001292,0.5796692167001292,,,,1.0
36,water_dipole,130,0.9999998807907104,0.0,0.5796692167001292,0.5796692167001292,,,,1.0
36,water_dipole,131,0.9999998807907104,0.0,0.5796692167001292,0.5796692167001292,,,,1.0
36,water_dipole,132,0.9999998807907104,0.0,0.5796692167001292,0.5796692167001292,,,,1.0
36,water_dipole,133,0.9999998807907104,0.0,0.5796692167001292,0.5796692167001292,,,,1.0
36,water_dipole,134,0.9999998807907104,0.0,0.5796692167001292,0.5796692167001292,,,,1.0
36,water_dipole,135,0.9999998807907104,0.0,0.5796692167001292,0.5796692167001292,,,,1.0
36,water_dipole,136,0.9999998807907104,0.0,0.5796692167001292,0.5796692167001292,,,,1.0
36,water_dipole,137,0.9999998807907104,0.0,0.5796692167001292,0.5796692167001292,,,,1.0
36,water_dipole,138,0.9999998807907104,0.0,0.5796692167001292,0.5796692167001292,,,,1.0
36,water_dipole,139,0.9999998807907104,0.0,0.5796692167001292,0.5796692167001292,,,,1.0
36,water_dipole,140,0.9999998807907104,0.0,0.5796692167001292,0.5796692167001292,,,,1.0
36,water_dipole,141,0.9999998807907104,0.0,0.5796692167001292,0.5796692167001292,,,,1.0
36,water_dipole,142,0.9999998807907104,0.0,0.5796692167001292,0.5796692167001292,,,,1.0
36,water_dipole,143,0.9999998807907104,0.0,0.5796692167001292,0.5796692167001292,,,,1.0
36,water_dipole,144,0.9999998807907104,0.0,0.5796692167001292,0.5796692167001292,,,,1.0
36,water_dipole,145,0.9999998807907104,0.0,0.5796692167001292,0.5796692167001292,,,,1.0
36,water_dipole,146,0.9999998807907104,0.0,0.5796692167001292,0.5796692167001292,,,,1.0
36,water_dipole,147,0.9999998807907104,0.0,0.5796692167001292,0.5796692167001292,,,,1.0
36,water_dipole,148,0.9999998807907104,0.0,0.5796692167001292,0.5796692167001292,,,,1.0
36,water_dipole,149,0.9999998807907104,0.0,0.5796692167001292,0.5796692167001292,,,,1.0
36,water_dipole,150,0.9999998807907104,0.0,0.5796692167001292,0.5796692167001292,,,,1.0
36,water_dipole,151,0.9999998807907104,0.0,0.5796692167001292,0.5796692167001292,,,,1.0
36,water_dipole,152,0.9999998807907104,0.0,0.5796692167001292,0.5796692167001292,,,,1.0
36,water_dipole,153,0.9999998807907104,0.0,0.5796692167001292,0.5796692167001292,,,,1.0
36,water_dipole,154,0.9999998807907104,0.0,0.5796692167001292,0.5796692167001292,,,,1.0
36,water_dipole,155,0.9999998807907104,0.0,0.5796692167001292,0.5796692167001292,,,,1.0
36,water_dipole,156,0.9999998807907104,0.0,0.5796692167001292,0.5796692167001292,,,,1.0
36,water_dipole,157,0.9999998807907104,0.0,0.5796692167001292,0.5796692167001292,,,,1.0
36,water_dipole,158,0.9999998807907104,0.0,0.5796692167001292,0.5796692167001292,,,,1.0
36,water_dipole,159,0.9999998807907104,0.0,0.5796692167001292,0.5796692167001292,,,,1.0
36,water_dipole,160,0.9999998807907104,0.0,0.5796692167001292,0.5796692167001292,,,,1.0
36,water_dipole,161,0.9999998807907104,0.0,0.5796692167001292,0.5796692167001292,,,,1.0
36,water_dipole,162,0.9999998807907104,0.0,0.5796692167001292,0.5796692167001292,,,,1.0
36,water_dipole,163,0.9999998807907104,0.0,0.5796692167001292,0.5796692167001292,,,,1.0
36,water_dipole,164,0.9999998807907104,0.0,0.5796692167001292,0.5796692167001292,,,,1.0
36,water_dipole,165,0.9999998807907104,0.0,0.5796692167001292,0.5796692167001292,,,,1.0
36,water_dipole,166,0.9999998807907104,0.0,0.5796692167001292,0.5796692167001292,,,,1.0
36,water_dipole,167,0.9999998807907104,0.0,0.5796692167001292,0.5796692167001292,,,,1.0
36,water_dipole,168,0.9999998807907104,0.0,0.5796692167001292,0.5796692167001292,,,,1.0
36,water_dipole,169,0.9999998807907104,0.0,0.5796692167001292,0.5796692167001292,,,,1.0
36,water_dipole,170,0.9999998807907104,0.0,0.5796692167001292,0.5796692167001292,,,,1.0
36,water_dipole,171,0.9999998807907104,0.0,0.5796692167001292,0.5796692167001292,,,,1.0
36,water_dipole,172,0.9999998807907104,0.0,0.5796692167001292,0.5796692167001292,,,,1.0
36,water_dipole,173,0.9999998807907104,0.0,0.5796692167001292,0.5796692167001292,,,,1.0
36,water_dipole,174,0.9999998807907104,0.0,0.5796692167001292,0.5796692167001292,,,,1.0
36,water_dipole,175,0.9999998807907104,0.0,0.5796692167001292,0.5796692167001292,,,,1.0
36,water_dipole,176,0.9999998807907104,0.0,0.5796692167001292,0.5796692167001292,,,,1.0
36,water_dipole,177,0.9999998807907104,0.0,0.5796692167001292,0.5796692167001292,,,,1.0
36,water_dipole,178,0.9999998807907104,0.0,0.5796692167001292,0.5796692167001292,,,,1.0
36,water_dipole,179,0.9999998807907104,0.0,0.5796692167001292,0.5796692167001292,,,,1.0
36,water_dipole,180,0.9999998807907104,0.0,0.5796692167001292,0.5796692167001292,,,,1.0
36,water_dipole,181,0.9999998807907104,0.0,0.5796692167001292,0.5796692167001292,,,,1.0
36,water_dipole,182,0.9999998807907104,0.0,0.5796692167001292,0.5796692167001292,,,,1.0
36,water_dipole,183,0.9999998807907104,0.0,0.5796692167001292,0.5796692167001292,,,,1.0
36,water_dipole,184,0.9999998807907104,0.0,0.5796692167001292,0.5796692167001292,,,,1.0
36,water_dipole,185,0.9999998807907104,0.0,0.5796692167001292,0.5796692167001292,,,,1.0
36,water_dipole,186,0.9999998807907104,0.0,0.5796692167001292,0.5796692167001292,,,,1.0
36,water_dipole,187,0.9999998807907104,0.0,0.5796692167001292,0.5796692167001292,,,,1.0
36,water_dipole,188,0.9999998807907104,0.0,0.5796692167001292,0.5796692167001292,,,,1.0
36,water_dipole,189,0.9999998807907104,0.0,0.5796692167001292,0.5796692167001292,,,,1.0
36,water_dipole,190,0.9999998807907104,0.0,0.5796692167001292,0.5796692167001292,,,,1.0
36,water_dipole,191,0.9999998807907104,0.0,0.5796692167001292,0.5796692167001292,,,,1.0
36,water_dipole,192,0.9999998807907104,0.0,0.5796692167001292,0.5796692167001292,,,,1.0
36,water_dipole,193,0.9999998807907104,0.0,0.5796692167001292,0.5796692167001292,,,,1.0
36,water_dipole,194,0.9999998807907104,0.0,0.5796692167001292,0.5796692167001292,,,,1.0
36,water_dipole,195,0.9999998807907104,0.0,0.5796692167001292,0.5796692167001292,,,,1.0
36,water_dipole,196,0.9999998807907104,0.0,0.5796692167001292,0.5796692167001292,,,,1.0
36,water_dipole,197,0.9999998807907104,0.0,0.5796692167001292,0.5796692167001292,,,,1.0
36,water_dipole,198,0.9999998807907104,0.0,0.5796692167001292,0.5796692167001292,,,,1.0
36,water_dipole,199,0.9999998807907104,0.0,0.5796692167001292,0.5796692167001292,,,,1.0
36,water_dipole,200,0.9999998807907104,0.0,0.5796692167001292,0.5796692167001292,,,,1.0
36,water_dipole,201,0.9999998807907104,0.0,0.5796692167001292,0.5796692167001292,,,,1.0
36,water_dipole,202,0.9999998807907104,0.0,0.5796692167001292,0.5796692167001292,,,,1.0
36,water_dipole,203,0.9999998807907104,0.0,0.5796692167001292,0.5796692167001292,,,,1.0
36,water_dipole,204,0.9999998807907104,0.0,0.5796692167001292,0.5796692167001292,,,,1.0
36,water_dipole,205,0.9999998807907104,0.0,0.5796692167001292,0.5796692167001292,,,,1.0
36,water_dipole,206,0.9999998807907104,0.0,0.5796692167001292,0.5796692167001292,,,,1.0
36,water_dipole,207,0.9999998807907104,0.0,0.5796692167001292,0.5796692167001292,,,,1.0
36,water_dipole,208,0.9999998807907104,0.0,0.5796692167001292,0.5796692167001292,,,,1.0
36,water_dipole,209,0.9999998807907104,0.0,0.5796692167001292,0.5796692167001292,,,,1.0
36,water_dipole,210,0.9999998807907104,0.0,0.5796692167001292,0.5796692167001292,,,,1.0
36,water_dipole,211,0.9999998807907104,0.0,0.5796692167001292,0.5796692167001292,,,,1.0
36,water_dipole,212,0.9999998807907104,0.0,0.5796692167001292,0.5796692167001292,,,,1.0
36,water_dipole,213,0.9999998807907104,0.0,0.5796692167001292,0.5796692167001292,,,,1.0
36,water_dipole,214,0.9999998807907104,0.0,0.5796692167001292,0.5796692167001292,,,,1.0
36,water_dipole,215,0.9999998807907104,0.0,0.5796692167001292,0.5796692167001292,,,,1.0
36,water_dipole,216,0.9999998807907104,0.0,0.5796692167001292,0.5796692167001292,,,,1.0
36,water_dipole,217,0.9999998807907104,0.0,0.5796692167001292,0.5796692167001292,,,,1.0
36,water_dipole,218,0.9999998807907104,0.0,0.5796692167001292,0.5796692167001292,,,,1.0
36,water_dipole,219,0.9999998807907104,0.0,0.5796692167001292,0.5796692167001292,,,,1.0
36,water_dipole,220,0.9999998807907104,0.0,0.5796692167001292,0.5796692167001292,,,,1.0
36,water_dipole,221,0.9999998807907104,0.0,0.5796692167001292,0.5796692167001292,,,,1.0
36,water_dipole,222,0.9999998807907104,0.0,0.5796692167001292,0.5796692167001292,,,,1.0
36,water_dipole,223,0.9999998807907104,0.0,0.5796692167001292,0.5796692167001292,,,,1.0
36,water_dipole,224,0.9999998807907104,0.0,0.5796692167001292,0.5796692167001292,,,,1.0
36,water_dipole,225,0.9999998807907104,0.0,0.5796692167001292,0.5796692167001292,,,,1.0
36,water_dipole,226,0.9999998807907104,0.0,0.5796692167001292,0.5796692167001292,,,,1.0
36,water_dipole,227,0.9999998807907104,0.0,0.5796692167001292,0.5796692167001292,,,,1.0
36,water_dipole,228,0.9999998807907104,0.0,0.5796692167001292,0.5796692167001292,,,,1.0
36,water_dipole,229,0.9999998807907104,0.0,0.5796692167001292,0.5796692167001292,,,,1.0
36,water_dipole,230,0.9999998807907104,0.0,0.5796692167001292,0.5796692167001292,,,,1.0
36,water_dipole,231,0.9999998807907104,0.0,0.5796692167001292,0.5796692167001292,,,,1.0
36,water_dipole,232,0.9999998807907104,0.0,0.5796692167001292,0.5796692167001292,,,,1.0
36,water_dipole,233,0.9999998807907104,0.0,0.5796692167001292,0.5796692167001292,,,,1.0
36,water_dipole,234,0.9999998807907104,0.0,0.5796692167001292,0.5796692167001292,,,,1.0
36,water_dipole,235,0.9999998807907104,0.0,0.5796692167001292,0.5796692167001292,,,,1.0
36,water_dipole,236,0.9999998807907104,0.0,0.5796692167001292,0.5796692167001292,,,,1.0
36,water_dipole,237,0.9999998807907104,0.0,0.5796692167001292,0.5796692167001292,,,,1.0
36,water_dipole,238,0.9999998807907104,0.0,0.5796692167001292,0.5796692167001292,,,,1.0
36,water_dipole,239,0.9999998807907104,0.0,0.5796692167001292,0.5796692167001292,,,,1.0
36,water_dipole,240,0.9999998807907104,0.0,0.5796692167001292,0.5796692167001292,,,,1.0
36,water_dipole,241,0.9999998807907104,0.0,0.5796692167001292,0.5796692167001292,,,,1.0
36,water_dipole,242,0.9999998807907104,0.0,0.5796692167001292,0.5796692167001292,,,,1.0
36,water_dipole,243,0.9999998807907104,0.0,0.5796692167001292,0.5796692167001292,,,,1.0
36,water_dipole,244,0.9999998807907104,0.0,0.5796692167001292,0.5796692167001292,,,,1.0
36,water_dipole,245,0.9999998807907104,0.0,0.5796692167001292,0.5796692167001292,,,,1.0
36,water_dipole,246,0.9999998807907104,0.0,0.5796692167001292,0.5796692167001292,,,,1.0
36,water_dipole,247,0.9999998807907104,0.0,0.5796692167001292,0.5796692167001292,,,,1.0
36,water_dipole,248,0.9999998807907104,0.0,0.5796692167001292,0.5796692167001292,,,,1.0
36,water_dipole,249,0.9999998807907104,0.0,0.5796692167001292,0.5796692167001292,,,,1.0
36,acetone_gsolv_eV,0,0.9999998807907104,0.0,0.6457366094704537,0.6457366094704537,,,,1.0
36,acetone_gsolv_eV,1,0.9999998807907104,0.0,0.6457366094704537,0.6457366094704537,,,,1.0
36,acetone_gsolv_eV,2,0.9999998807907104,0.0,0.6457366094704537,0.6457366094704537,,,,1.0
36,acetone_gsolv_eV,3,0.9999998807907104,0.0,0.6457366094704537,0.6457366094704537,,,,1.0
36,acetone_gsolv_eV,4,0.9999998807907104,0.0,0.6457366094704537,0.6457366094704537,,,,1.0
36,acetone_gsolv_eV,5,0.9999998807907104,0.0,0.6457366094704537,0.6457366094704537,,,,1.0
36,acetone_gsolv_eV,6,0.9999998807907104,0.0,0.6457366094704537,0.6457366094704537,,,,1.0
36,acetone_gsolv_eV,7,0.9999998807907104,0.0,0.6457366094704537,0.6457366094704537,,,,1.0
36,acetone_gsolv_eV,8,0.9999998807907104,0.0,0.6457366094704537,0.6457366094704537,,,,1.0
36,acetone_gsolv_eV,9,0.9999998807907104,0.0,0.6457366094704537,0.6457366094704537,,,,1.0
36,acetone_gsolv_eV,10,0.9999998807907104,0.0,0.6457366094704537,0.6457366094704537,,,,1.0
36,acetone_gsolv_eV,11,0.9999998807907104,0.0,0.6457366094704537,0.6457366094704537,,,,1.0
36,acetone_gsolv_eV,12,0.9999998807907104,0.0,0.6457366094704537,0.6457366094704537,,,,1.0
36,acetone_gsolv_eV,13,0.9999998807907104,0.0,0.6457366094704537,0.6457366094704537,,,,1.0
36,acetone_gsolv_eV,14,0.9999998807907104,0.0,0.6457366094704537,0.6457366094704537,,,,1.0
36,acetone_gsolv_eV,15,0.9999998807907104,0.0,0.6457366094704537,0.6457366094704537,,,,1.0
36,acetone_gsolv_eV,16,0.9999998807907104,0.0,0.6457366094704537,0.6457366094704537,,,,1.0
36,acetone_gsolv_eV,17,0.9999998807907104,0.0,0.6457366094704537,0.6457366094704537,,,,1.0
36,acetone_gsolv_eV,18,0.9999998807907104,0.0,0.6457366094704537,0.6457366094704537,,,,1.0
36,acetone_gsolv_eV,19,0.9999998807907104,0.0,0.6457366094704537,0.6457366094704537,,,,1.0
36,acetone_gsolv_eV,20,0.9999998807907104,0.0,0.6457366094704537,0.6457366094704537,,,,1.0
36,acetone_gsolv_eV,21,0.9999998807907104,0.0,0.6457366094704537,0.6457366094704537,,,,1.0
36,acetone_gsolv_eV,22,0.9999998807907104,0.0,0.6457366094704537,0.6457366094704537,,,,1.0
36,acetone_gsolv_eV,23,0.9999998807907104,0.0,0.6457366094704537,0.6457366094704537,,,,1.0
36,acetone_gsolv_eV,24,0.9999998807907104,0.0,0.6457366094704537,0.6457366094704537,,,,1.0
36,acetone_gsolv_eV,25,0.9999998807907104,0.0,0.6457366094704537,0.6457366094704537,,,,1.0
36,acetone_gsolv_eV,26,0.9999998807907104,0.0,0.6457366094704537,0.6457366094704537,,,,1.0
36,acetone_gsolv_eV,27,0.9999998807907104,0.0,0.6457366094704537,0.6457366094704537,,,,1.0
36,acetone_gsolv_eV,28,0.9999998807907104,0.0,0.6457366094704537,0.6457366094704537,,,,1.0
36,acetone_gsolv_eV,29,0.9999998807907104,0.0,0.6457366094704537,0.6457366094704537,,,,1.0
36,acetone_gsolv_eV,30,0.9999998807907104,0.0,0.6457366094704537,0.6457366094704537,,,,1.0
36,acetone_gsolv_eV,31,0.9999998807907104,0.0,0.6457366094704537,0.6457366094704537,,,,1.0
36,acetone_gsolv_eV,32,0.9999998807907104,0.0,0.6457366094704537,0.6457366094704537,,,,1.0
36,acetone_gsolv_eV,33,0.9999998807907104,0.0,0.6457366094704537,0.6457366094704537,,,,1.0
36,acetone_gsolv_eV,34,0.9999998807907104,0.0,0.6457366094704537,0.6457366094704537,,,,1.0
36,acetone_gsolv_eV,35,0.9999998807907104,0.0,0.6457366094704537,0.6457366094704537,,,,1.0
36,acetone_gsolv_eV,36,0.9999998807907104,0.0,0.6457366094704537,0.6457366094704537,,,,1.0
36,acetone_gsolv_eV,37,0.9999998807907104,0.0,0.6457366094704537,0.6457366094704537,,,,1.0
36,acetone_gsolv_eV,38,0.9999998807907104,0.0,0.6457366094704537,0.6457366094704537,,,,1.0
36,acetone_gsolv_eV,39,0.9999998807907104,0.0,0.6457366094704537,0.6457366094704537,,,,1.0
36,acetone_gsolv_eV,40,0.9999998807907104,0.0,0.6457366094704537,0.6457366094704537,,,,1.0
36,acetone_gsolv_eV,41,0.9999998807907104,0.0,0.6457366094704537,0.6457366094704537,,,,1.0
36,acetone_gsolv_eV,42,0.9999998807907104,0.0,0.6457366094704537,0.6457366094704537,,,,1.0
36,acetone_gsolv_eV,43,0.9999998807907104,0.0,0.6457366094704537,0.6457366094704537,,,,1.0
36,acetone_gsolv_eV,44,0.9999998807907104,0.0,0.6457366094704537,0.6457366094704537,,,,1.0
36,acetone_gsolv_eV,45,0.9999998807907104,0.0,0.6457366094704537,0.6457366094704537,,,,1.0
36,acetone_gsolv_eV,46,0.9999998807907104,0.0,0.6457366094704537,0.6457366094704537,,,,1.0
36,acetone_gsolv_eV,47,0.9999998807907104,0.0,0.6457366094704537,0.6457366094704537,,,,1.0
36,acetone_gsolv_eV,48,0.9999998807907104,0.0,0.6457366094704537,0.6457366094704537,,,,1.0
36,acetone_gsolv_eV,49,0.9999998807907104,0.0,0.6457366094704537,0.6457366094704537,,,,1.0
36,acetone_gsolv_eV,50,0.9999998807907104,0.0,0.6457366094704537,0.6457366094704537,,,,1.0
36,acetone_gsolv_eV,51,0.9999998807907104,0.0,0.6457366094704537,0.6457366094704537,,,,1.0
36,acetone_gsolv_eV,52,0.9999998807907104,0.0,0.6457366094704537,0.6457366094704537,,,,1.0
36,acetone_gsolv_eV,53,0.9999998807907104,0.0,0.6457366094704537,0.6457366094704537,,,,1.0
36,acetone_gsolv_eV,54,0.9999998807907104,0.0,0.6457366094704537,0.6457366094704537,,,,1.0
36,acetone_gsolv_eV,55,0.9999998807907104,0.0,0.6457366094704537,0.6457366094704537,,,,1.0
36,acetone_gsolv_eV,56,0.9999998807907104,0.0,0.6457366094704537,0.6457366094704537,,,,1.0
36,acetone_gsolv_eV,57,0.9999998807907104,0.0,0.6457366094704537,0.6457366094704537,,,,1.0
36,acetone_gsolv_eV,58,0.9999998807907104,0.0,0.6457366094704537,0.6457366094704537,,,,1.0
36,acetone_gsolv_eV,59,0.9999998807907104,0.0,0.6457366094704537,0.6457366094704537,,,,1.0
36,acetone_gsolv_eV,60,0.9999998807907104,0.0,0.6457366094704537,0.6457366094704537,,,,1.0
36,acetone_gsolv_eV,61,0.9999998807907104,0.0,0.6457366094704537,0.6457366094704537,,,,1.0
36,acetone_gsolv_eV,62,0.9999998807907104,0.0,0.6457366094704537,0.6457366094704537,,,,1.0
36,acetone_gsolv_eV,63,0.9999998807907104,0.0,0.6457366094704537,0.6457366094704537,,,,1.0
36,acetone_gsolv_eV,64,0.9999998807907104,0.0,0.6457366094704537,0.6457366094704537,,,,1.0
36,acetone_gsolv_eV,65,0.9999998807907104,0.0,0.6457366094704537,0.6457366094704537,,,,1.0
36,acetone_gsolv_eV,66,0.9999998807907104,0.0,0.6457366094704537,0.6457366094704537,,,,1.0
36,acetone_gsolv_eV,67,0.9999998807907104,0.0,0.6457366094704537,0.6457366094704537,,,,1.0
36,acetone_gsolv_eV,68,0.9999998807907104,0.0,0.6457366094704537,0.6457366094704537,,,,1.0
36,acetone_gsolv_eV,69,0.9999998807907104,0.0,0.6457366094704537,0.6457366094704537,,,,1.0
36,acetone_gsolv_eV,70,0.9999998807907104,0.0,0.6457366094704537,0.6457366094704537,,,,1.0
36,acetone_gsolv_eV,71,0.9999998807907104,0.0,0.6457366094704537,0.6457366094704537,,,,1.0
36,acetone_gsolv_eV,72,0.9999998807907104,0.0,0.6457366094704537,0.6457366094704537,,,,1.0
36,acetone_gsolv_eV,73,0.9999998807907104,0.0,0.6457366094704537,0.6457366094704537,,,,1.0
36,acetone_gsolv_eV,74,0.9999998807907104,0.0,0.6457366094704537,0.6457366094704537,,,,1.0
36,acetone_gsolv_eV,75,0.9999998807907104,0.0,0.6457366094704537,0.6457366094704537,,,,1.0
36,acetone_gsolv_eV,76,0.9999998807907104,0.0,0.6457366094704537,0.6457366094704537,,,,1.0
36,acetone_gsolv_eV,77,0.9999998807907104,0.0,0.6457366094704537,0.6457366094704537,,,,1.0
36,acetone_gsolv_eV,78,0.9999998807907104,0.0,0.6457366094704537,0.6457366094704537,,,,1.0
36,acetone_gsolv_eV,79,0.9999998807907104,0.0,0.6457366094704537,0.6457366094704537,,,,1.0
36,acetone_gsolv_eV,80,0.9999998807907104,0.0,0.6457366094704537,0.6457366094704537,,,,1.0
36,acetone_gsolv_eV,81,0.9999998807907104,0.0,0.6457366094704537,0.6457366094704537,,,,1.0
36,acetone_gsolv_eV,82,0.9999998807907104,0.0,0.6457366094704537,0.6457366094704537,,,,1.0
36,acetone_gsolv_eV,83,0.9999998807907104,0.0,0.6457366094704537,0.6457366094704537,,,,1.0
36,acetone_gsolv_eV,84,0.9999998807907104,0.0,0.6457366094704537,0.6457366094704537,,,,1.0
36,acetone_gsolv_eV,85,0.9999998807907104,0.0,0.6457366094704537,0.6457366094704537,,,,1.0
36,acetone_gsolv_eV,86,0.9999998807907104,0.0,0.6457366094704537,0.6457366094704537,,,,1.0
36,acetone_gsolv_eV,87,0.9999998807907104,0.0,0.6457366094704537,0.6457366094704537,,,,1.0
36,acetone_gsolv_eV,88,0.9999998807907104,0.0,0.6457366094704537,0.6457366094704537,,,,1.0
36,acetone_gsolv_eV,89,0.9999998807907104,0.0,0.6457366094704537,0.6457366094704537,,,,1.0
36,acetone_gsolv_eV,90,0.9999998807907104,0.0,0.6457366094704537,0.6457366094704537,,,,1.0
36,acetone_gsolv_eV,91,0.9999998807907104,0.0,0.6457366094704537,0.6457366094704537,,,,1.0
36,acetone_gsolv_eV,92,0.9999998807907104,0.0,0.6457366094704537,0.6457366094704537,,,,1.0
36,acetone_gsolv_eV,93,0.9999998807907104,0.0,0.6457366094704537,0.6457366094704537,,,,1.0
36,acetone_gsolv_eV,94,0.9999998807907104,0.0,0.6457366094704537,0.6457366094704537,,,,1.0
36,acetone_gsolv_eV,95,0.9999998807907104,0.0,0.6457366094704537,0.6457366094704537,,,,1.0
36,acetone_gsolv_eV,96,0.9999998807907104,0.0,0.6457366094704537,0.6457366094704537,,,,1.0
36,acetone_gsolv_eV,97,0.9999998807907104,0.0,0.6457366094704537,0.6457366094704537,,,,1.0
36,acetone_gsolv_eV,98,0.9999998807907104,0.0,0.6457366094704537,0.6457366094704537,,,,1.0
36,acetone_gsolv_eV,99,0.9999998807907104,0.0,0.6457366094704537,0.6457366094704537,,,,1.0
36,acetone_gsolv_eV,100,0.9999998807907104,0.0,0.6457366094704537,0.6457366094704537,,,,1.0
36,acetone_gsolv_eV,101,0.9999998807907104,0.0,0.6457366094704537,0.6457366094704537,,,,1.0
36,acetone_gsolv_eV,102,0.9999998807907104,0.0,0.6457366094704537,0.6457366094704537,,,,1.0
36,acetone_gsolv_eV,103,0.9999998807907104,0.0,0.6457366094704537,0.6457366094704537,,,,1.0
36,acetone_gsolv_eV,104,0.9999998807907104,0.0,0.6457366094704537,0.6457366094704537,,,,1.0
36,acetone_gsolv_eV,105,0.9999998807907104,0.0,0.6457366094704537,0.6457366094704537,,,,1.0
36,acetone_gsolv_eV,106,0.9999998807907104,0.0,0.6457366094704537,0.6457366094704537,,,,1.0
36,acetone_gsolv_eV,107,0.9999998807907104,0.0,0.6457366094704537,0.6457366094704537,,,,1.0
36,acetone_gsolv_eV,108,0.9999998807907104,0.0,0.6457366094704537,0.6457366094704537,,,,1.0
36,acetone_gsolv_eV,109,0.9999998807907104,0.0,0.6457366094704537,0.6457366094704537,,,,1.0
36,acetone_gsolv_eV,110,0.9999998807907104,0.0,0.6457366094704537,0.6457366094704537,,,,1.0
36,acetone_gsolv_eV,111,0.9999998807907104,0.0,0.6457366094704537,0.6457366094704537,,,,1.0
36,acetone_gsolv_eV,112,0.9999998807907104,0.0,0.6457366094704537,0.6457366094704537,,,,1.0
36,acetone_gsolv_eV,113,0.9999998807907104,0.0,0.6457366094704537,0.6457366094704537,,,,1.0
36,acetone_gsolv_eV,114,0.9999998807907104,0.0,0.6457366094704537,0.6457366094704537,,,,1.0
36,acetone_gsolv_eV,115,0.9999998807907104,0.0,0.6457366094704537,0.6457366094704537,,,,1.0
36,acetone_gsolv_eV,116,0.9999998807907104,0.0,0.6457366094704537,0.6457366094704537,,,,1.0
36,acetone_gsolv_eV,117,0.9999998807907104,0.0,0.6457366094704537,0.6457366094704537,,,,1.0
36,acetone_gsolv_eV,118,0.9999998807907104,0.0,0.6457366094704537,0.6457366094704537,,,,1.0
36,acetone_gsolv_eV,119,0.9999998807907104,0.0,0.6457366094704537,0.6457366094704537,,,,1.0
36,acetone_gsolv_eV,120,0.9999998807907104,0.0,0.6457366094704537,0.6457366094704537,,,,1.0
36,acetone_gsolv_eV,121,0.9999998807907104,0.0,0.6457366094704537,0.6457366094704537,,,,1.0
36,acetone_gsolv_eV,122,0.9999998807907104,0.0,0.6457366094704537,0.6457366094704537,,,,1.0
36,acetone_gsolv_eV,123,0.9999998807907104,0.0,0.6457366094704537,0.6457366094704537,,,,1.0
36,acetone_gsolv_eV,124,0.9999998807907104,0.0,0.6457366094704537,0.6457366094704537,,,,1.0
36,acetone_gsolv_eV,125,0.9999998807907104,0.0,0.6457366094704537,0.6457366094704537,,,,1.0
36,acetone_gsolv_eV,126,0.9999998807907104,0.0,0.6457366094704537,0.6457366094704537,,,,1.0
36,acetone_gsolv_eV,127,0.9999998807907104,0.0,0.6457366094704537,0.6457366094704537,,,,1.0
36,acetone_gsolv_eV,128,0.9999998807907104,0.0,0.6457366094704537,0.6457366094704537,,,,1.0
36,acetone_gsolv_eV,129,0.9999998807907104,0.0,0.6457366094704537,0.6457366094704537,,,,1.0
36,acetone_gsolv_eV,130,0.9999998807907104,0.0,0.6457366094704537,0.6457366094704537,,,,1.0
36,acetone_gsolv_eV,131,0.9999998807907104,0.0,0.6457366094704537,0.6457366094704537,,,,1.0
36,acetone_gsolv_eV,132,0.9999998807907104,0.0,0.6457366094704537,0.6457366094704537,,,,1.0
36,acetone_gsolv_eV,133,0.9999998807907104,0.0,0.6457366094704537,0.6457366094704537,,,,1.0
36,acetone_gsolv_eV,134,0.9999998807907104,0.0,0.6457366094704537,0.6457366094704537,,,,1.0
36,acetone_gsolv_eV,135,0.9999998807907104,0.0,0.6457366094704537,0.6457366094704537,,,,1.0
36,acetone_gsolv_eV,136,0.9999998807907104,0.0,0.6457366094704537,0.6457366094704537,,,,1.0
36,acetone_gsolv_eV,137,0.9999998807907104,0.0,0.6457366094704537,0.6457366094704537,,,,1.0
36,acetone_gsolv_eV,138,0.9999998807907104,0.0,0.6457366094704537,0.6457366094704537,,,,1.0
36,acetone_gsolv_eV,139,0.9999998807907104,0.0,0.6457366094704537,0.6457366094704537,,,,1.0
36,acetone_gsolv_eV,140,0.9999998807907104,0.0,0.6457366094704537,0.6457366094704537,,,,1.0
36,acetone_gsolv_eV,141,0.9999998807907104,0.0,0.6457366094704537,0.6457366094704537,,,,1.0
36,acetone_gsolv_eV,142,0.9999998807907104,0.0,0.6457366094704537,0.6457366094704537,,,,1.0
36,acetone_gsolv_eV,143,0.9999998807907104,0.0,0.6457366094704537,0.6457366094704537,,,,1.0
36,acetone_gsolv_eV,144,0.9999998807907104,0.0,0.6457366094704537,0.6457366094704537,,,,1.0
36,acetone_gsolv_eV,145,0.9999998807907104,0.0,0.6457366094704537,0.6457366094704537,,,,1.0
36,acetone_gsolv_eV,146,0.9999998807907104,0.0,0.6457366094704537,0.6457366094704537,,,,1.0
36,acetone_gsolv_eV,147,0.9999998807907104,0.0,0.6457366094704537,0.6457366094704537,,,,1.0
36,acetone_gsolv_eV,148,0.9999998807907104,0.0,0.6457366094704537,0.6457366094704537,,,,1.0
36,acetone_gsolv_eV,149,0.9999998807907104,0.0,0.6457366094704537,0.6457366094704537,,,,1.0
36,acetone_gsolv_eV,150,0.9999998807907104,0.0,0.6457366094704537,0.6457366094704537,,,,1.0
36,acetone_gsolv_eV,151,0.9999998807907104,0.0,0.6457366094704537,0.6457366094704537,,,,1.0
36,acetone_gsolv_eV,152,0.9999998807907104,0.0,0.6457366094704537,0.6457366094704537,,,,1.0
36,acetone_gsolv_eV,153,0.9999998807907104,0.0,0.6457366094704537,0.6457366094704537,,,,1.0
36,acetone_gsolv_eV,154,0.9999998807907104,0.0,0.6457366094704537,0.6457366094704537,,,,1.0
36,acetone_gsolv_eV,155,0.9999998807907104,0.0,0.6457366094704537,0.6457366094704537,,,,1.0
36,acetone_gsolv_eV,156,0.9999998807907104,0.0,0.6457366094704537,0.6457366094704537,,,,1.0
36,acetone_gsolv_eV,157,0.9999998807907104,0.0,0.6457366094704537,0.6457366094704537,,,,1.0
36,acetone_gsolv_eV,158,0.9999998807907104,0.0,0.6457366094704537,0.6457366094704537,,,,1.0
36,acetone_gsolv_eV,159,0.9999998807907104,0.0,0.6457366094704537,0.6457366094704537,,,,1.0
36,acetone_gsolv_eV,160,0.9999998807907104,0.0,0.6457366094704537,0.6457366094704537,,,,1.0
36,acetone_gsolv_eV,161,0.9999998807907104,0.0,0.6457366094704537,0.6457366094704537,,,,1.0
36,acetone_gsolv_eV,162,0.9999998807907104,0.0,0.6457366094704537,0.6457366094704537,,,,1.0
36,acetone_gsolv_eV,163,0.9999998807907104,0.0,0.6457366094704537,0.6457366094704537,,,,1.0
36,acetone_gsolv_eV,164,0.9999998807907104,0.0,0.6457366094704537,0.6457366094704537,,,,1.0
36,acetone_gsolv_eV,165,0.9999998807907104,0.0,0.6457366094704537,0.6457366094704537,,,,1.0
36,acetone_gsolv_eV,166,0.9999998807907104,0.0,0.6457366094704537,0.6457366094704537,,,,1.0
36,acetone_gsolv_eV,167,0.9999998807907104,0.0,0.6457366094704537,0.6457366094704537,,,,1.0
36,acetone_gsolv_eV,168,0.9999998807907104,0.0,0.6457366094704537,0.6457366094704537,,,,1.0
36,acetone_gsolv_eV,169,0.9999998807907104,0.0,0.6457366094704537,0.6457366094704537,,,,1.0
36,acetone_gsolv_eV,170,0.9999998807907104,0.0,0.6457366094704537,0.6457366094704537,,,,1.0
36,acetone_gsolv_eV,171,0.9999998807907104,0.0,0.6457366094704537,0.6457366094704537,,,,1.0
36,acetone_gsolv_eV,172,0.9999998807907104,0.0,0.6457366094704537,0.6457366094704537,,,,1.0
36,acetone_gsolv_eV,173,0.9999998807907104,0.0,0.6457366094704537,0.6457366094704537,,,,1.0
36,acetone_gsolv_eV,174,0.9999998807907104,0.0,0.6457366094704537,0.6457366094704537,,,,1.0
36,acetone_gsolv_eV,175,0.9999998807907104,0.0,0.6457366094704537,0.6457366094704537,,,,1.0
36,acetone_gsolv_eV,176,0.9999998807907104,0.0,0.6457366094704537,0.6457366094704537,,,,1.0
36,acetone_gsolv_eV,177,0.9999998807907104,0.0,0.6457366094704537,0.6457366094704537,,,,1.0
36,acetone_gsolv_eV,178,0.9999998807907104,0.0,0.6457366094704537,0.6457366094704537,,,,1.0
36,acetone_gsolv_eV,179,0.9999998807907104,0.0,0.6457366094704537,0.6457366094704537,,,,1.0
36,acetone_gsolv_eV,180,0.9999998807907104,0.0,0.6457366094704537,0.6457366094704537,,,,1.0
36,acetone_gsolv_eV,181,0.9999998807907104,0.0,0.6457366094704537,0.6457366094704537,,,,1.0
36,acetone_gsolv_eV,182,0.9999998807907104,0.0,0.6457366094704537,0.6457366094704537,,,,1.0
36,acetone_gsolv_eV,183,0.9999998807907104,0.0,0.6457366094704537,0.6457366094704537,,,,1.0
36,acetone_gsolv_eV,184,0.9999998807907104,0.0,0.6457366094704537,0.6457366094704537,,,,1.0
36,acetone_gsolv_eV,185,0.9999998807907104,0.0,0.6457366094704537,0.6457366094704537,,,,1.0
36,acetone_gsolv_eV,186,0.9999998807907104,0.0,0.6457366094704537,0.6457366094704537,,,,1.0
36,acetone_gsolv_eV,187,0.9999998807907104,0.0,0.6457366094704537,0.6457366094704537,,,,1.0
36,acetone_gsolv_eV,188,0.9999998807907104,0.0,0.6457366094704537,0.6457366094704537,,,,1.0
36,acetone_gsolv_eV,189,0.9999998807907104,0.0,0.6457366094704537,0.6457366094704537,,,,1.0
36,acetone_gsolv_eV,190,0.9999998807907104,0.0,0.6457366094704537,0.6457366094704537,,,,1.0
36,acetone_gsolv_eV,191,0.9999998807907104,0.0,0.6457366094704537,0.6457366094704537,,,,1.0
36,acetone_gsolv_eV,192,0.9999998807907104,0.0,0.6457366094704537,0.6457366094704537,,,,1.0
36,acetone_gsolv_eV,193,0.9999998807907104,0.0,0.6457366094704537,0.6457366094704537,,,,1.0
36,acetone_gsolv_eV,194,0.9999998807907104,0.0,0.6457366094704537,0.6457366094704537,,,,1.0
36,acetone_gsolv_eV,195,0.9999998807907104,0.0,0.6457366094704537,0.6457366094704537,,,,1.0
36,acetone_gsolv_eV,196,0.9999998807907104,0.0,0.6457366094704537,0.6457366094704537,,,,1.0
36,acetone_gsolv_eV,197,0.9999998807907104,0.0,0.6457366094704537,0.6457366094704537,,,,1.0
36,acetone_gsolv_eV,198,0.9999998807907104,0.0,0.6457366094704537,0.6457366094704537,,,,1.0
36,acetone_gsolv_eV,199,0.9999998807907104,0.0,0.6457366094704537,0.6457366094704537,,,,1.0
36,acetone_gsolv_eV,200,0.9999998807907104,0.0,0.6457366094704537,0.6457366094704537,,,,1.0
36,acetone_gsolv_eV,201,0.9999998807907104,0.0,0.6457366094704537,0.6457366094704537,,,,1.0
36,acetone_gsolv_eV,202,0.9999998807907104,0.0,0.6457366094704537,0.6457366094704537,,,,1.0
36,acetone_gsolv_eV,203,0.9999998807907104,0.0,0.6457366094704537,0.6457366094704537,,,,1.0
36,acetone_gsolv_eV,204,0.9999998807907104,0.0,0.6457366094704537,0.6457366094704537,,,,1.0
36,acetone_gsolv_eV,205,0.9999998807907104,0.0,0.6457366094704537,0.6457366094704537,,,,1.0
36,acetone_gsolv_eV,206,0.9999998807907104,0.0,0.6457366094704537,0.6457366094704537,,,,1.0
36,acetone_gsolv_eV,207,0.9999998807907104,0.0,0.6457366094704537,0.6457366094704537,,,,1.0
36,acetone_gsolv_eV,208,0.9999998807907104,0.0,0.6457366094704537,0.6457366094704537,,,,1.0
36,acetone_gsolv_eV,209,0.9999998807907104,0.0,0.6457366094704537,0.6457366094704537,,,,1.0
36,acetone_gsolv_eV,210,0.9999998807907104,0.0,0.6457366094704537,0.6457366094704537,,,,1.0
36,acetone_gsolv_eV,211,0.9999998807907104,0.0,0.6457366094704537,0.6457366094704537,,,,1.0
36,acetone_gsolv_eV,212,0.9999998807907104,0.0,0.6457366094704537,0.6457366094704537,,,,1.0
36,acetone_gsolv_eV,213,0.9999998807907104,0.0,0.6457366094704537,0.6457366094704537,,,,1.0
36,acetone_gsolv_eV,214,0.9999998807907104,0.0,0.6457366094704537,0.6457366094704537,,,,1.0
36,acetone_gsolv_eV,215,0.9999998807907104,0.0,0.6457366094704537,0.6457366094704537,,,,1.0
36,acetone_gsolv_eV,216,0.9999998807907104,0.0,0.6457366094704537,0.6457366094704537,,,,1.0
36,acetone_gsolv_eV,217,0.9999998807907104,0.0,0.6457366094704537,0.6457366094704537,,,,1.0
36,acetone_gsolv_eV,218,0.9999998807907104,0.0,0.6457366094704537,0.6457366094704537,,,,1.0
36,acetone_gsolv_eV,219,0.9999998807907104,0.0,0.6457366094704537,0.6457366094704537,,,,1.0
36,acetone_gsolv_eV,220,0.9999998807907104,0.0,0.6457366094704537,0.6457366094704537,,,,1.0
36,acetone_gsolv_eV,221,0.9999998807907104,0.0,0.6457366094704537,0.6457366094704537,,,,1.0
36,acetone_gsolv_eV,222,0.9999998807907104,0.0,0.6457366094704537,0.6457366094704537,,,,1.0
36,acetone_gsolv_eV,223,0.9999998807907104,0.0,0.6457366094704537,0.6457366094704537,,,,1.0
36,acetone_gsolv_eV,224,0.9999998807907104,0.0,0.6457366094704537,0.6457366094704537,,,,1.0
36,acetone_gsolv_eV,225,0.9999998807907104,0.0,0.6457366094704537,0.6457366094704537,,,,1.0
36,acetone_gsolv_eV,226,0.9999998807907104,0.0,0.6457366094704537,0.6457366094704537,,,,1.0
36,acetone_gsolv_eV,227,0.9999998807907104,0.0,0.6457366094704537,0.6457366094704537,,,,1.0
36,acetone_gsolv_eV,228,0.9999998807907104,0.0,0.6457366094704537,0.6457366094704537,,,,1.0
36,acetone_gsolv_eV,229,0.9999998807907104,0.0,0.6457366094704537,0.6457366094704537,,,,1.0
36,acetone_gsolv_eV,230,0.9999998807907104,0.0,0.6457366094704537,0.6457366094704537,,,,1.0
36,acetone_gsolv_eV,231,0.9999998807907104,0.0,0.6457366094704537,0.6457366094704537,,,,1.0
36,acetone_gsolv_eV,232,0.9999998807907104,0.0,0.6457366094704537,0.6457366094704537,,,,1.0
36,acetone_gsolv_eV,233,0.9999998807907104,0.0,0.6457366094704537,0.6457366094704537,,,,1.0
36,acetone_gsolv_eV,234,0.9999998807907104,0.0,0.6457366094704537,0.6457366094704537,,,,1.0
36,acetone_gsolv_eV,235,0.9999998807907104,0.0,0.6457366094704537,0.6457366094704537,,,,1.0
36,acetone_gsolv_eV,236,0.9999998807907104,0.0,0.6457366094704537,0.6457366094704537,,,,1.0
36,acetone_gsolv_eV,237,0.9999998807907104,0.0,0.6457366094704537,0.6457366094704537,,,,1.0
36,acetone_gsolv_eV,238,0.9999998807907104,0.0,0.6457366094704537,0.6457366094704537,,,,1.0
36,acetone_gsolv_eV,239,0.9999998807907104,0.0,0.6457366094704537,0.6457366094704537,,,,1.0
36,acetone_gsolv_eV,240,0.9999998807907104,0.0,0.6457366094704537,0.6457366094704537,,,,1.0
36,acetone_gsolv_eV,241,0.9999998807907104,0.0,0.6457366094704537,0.6457366094704537,,,,1.0
36,acetone_gsolv_eV,242,0.9999998807907104,0.0,0.6457366094704537,0.6457366094704537,,,,1.0
36,acetone_gsolv_eV,243,0.9999998807907104,0.0,0.6457366094704537,0.6457366094704537,,,,1.0
36,acetone_gsolv_eV,244,0.9999998807907104,0.0,0.6457366094704537,0.6457366094704537,,,,1.0
36,acetone_gsolv_eV,245,0.9999998807907104,0.0,0.6457366094704537,0.6457366094704537,,,,1.0
36,acetone_gsolv_eV,246,0.9999998807907104,0.0,0.6457366094704537,0.6457366094704537,,,,1.0
36,acetone_gsolv_eV,247,0.9999998807907104,0.0,0.6457366094704537,0.6457366094704537,,,,1.0
36,acetone_gsolv_eV,248,0.9999998807907104,0.0,0.6457366094704537,0.6457366094704537,,,,1.0
36,acetone_gsolv_eV,249,0.9999998807907104,0.0,0.6457366094704537,0.6457366094704537,,,,1.0
36,acetone_hl_gap_eV,0,1.0,0.0,0.7133825906287852,0.7133825906287852,,,,1.0
36,acetone_hl_gap_eV,1,1.0,0.0,0.7133825906287852,0.7133825906287852,,,,1.0
36,acetone_hl_gap_eV,2,1.0,0.0,0.7133825906287852,0.7133825906287852,,,,1.0
36,acetone_hl_gap_eV,3,1.0,0.0,0.7133825906287852,0.7133825906287852,,,,1.0
36,acetone_hl_gap_eV,4,1.0,0.0,0.7133825906287852,0.7133825906287852,,,,1.0
36,acetone_hl_gap_eV,5,1.0,0.0,0.7133825906287852,0.7133825906287852,,,,1.0
36,acetone_hl_gap_eV,6,1.0,0.0,0.7133825906287852,0.7133825906287852,,,,1.0
36,acetone_hl_gap_eV,7,1.0,0.0,0.7133825906287852,0.7133825906287852,,,,1.0
36,acetone_hl_gap_eV,8,1.0,0.0,0.7133825906287852,0.7133825906287852,,,,1.0
36,acetone_hl_gap_eV,9,1.0,0.0,0.7133825906287852,0.7133825906287852,,,,1.0
36,acetone_hl_gap_eV,10,1.0,0.0,0.7133825906287852,0.7133825906287852,,,,1.0
36,acetone_hl_gap_eV,11,1.0,0.0,0.7133825906287852,0.7133825906287852,,,,1.0
36,acetone_hl_gap_eV,12,1.0,0.0,0.7133825906287852,0.7133825906287852,,,,1.0
36,acetone_hl_gap_eV,13,1.0,0.0,0.7133825906287852,0.7133825906287852,,,,1.0
36,acetone_hl_gap_eV,14,1.0,0.0,0.7133825906287852,0.7133825906287852,,,,1.0
36,acetone_hl_gap_eV,15,1.0,0.0,0.7133825906287852,0.7133825906287852,,,,1.0
36,acetone_hl_gap_eV,16,1.0,0.0,0.7133825906287852,0.7133825906287852,,,,1.0
36,acetone_hl_gap_eV,17,1.0,0.0,0.7133825906287852,0.7133825906287852,,,,1.0
36,acetone_hl_gap_eV,18,1.0,0.0,0.7133825906287852,0.7133825906287852,,,,1.0
36,acetone_hl_gap_eV,19,1.0,0.0,0.7133825906287852,0.7133825906287852,,,,1.0
36,acetone_hl_gap_eV,20,1.0,0.0,0.7133825906287852,0.7133825906287852,,,,1.0
36,acetone_hl_gap_eV,21,1.0,0.0,0.7133825906287852,0.7133825906287852,,,,1.0
36,acetone_hl_gap_eV,22,1.0,0.0,0.7133825906287852,0.7133825906287852,,,,1.0
36,acetone_hl_gap_eV,23,1.0,0.0,0.7133825906287852,0.7133825906287852,,,,1.0
36,acetone_hl_gap_eV,24,1.0,0.0,0.7133825906287852,0.7133825906287852,,,,1.0
36,acetone_hl_gap_eV,25,1.0,0.0,0.7133825906287852,0.7133825906287852,,,,1.0
36,acetone_hl_gap_eV,26,1.0,0.0,0.7133825906287852,0.7133825906287852,,,,1.0
36,acetone_hl_gap_eV,27,1.0,0.0,0.7133825906287852,0.7133825906287852,,,,1.0
36,acetone_hl_gap_eV,28,1.0,0.0,0.7133825906287852,0.7133825906287852,,,,1.0
36,acetone_hl_gap_eV,29,1.0,0.0,0.7133825906287852,0.7133825906287852,,,,1.0
36,acetone_hl_gap_eV,30,1.0,0.0,0.7133825906287852,0.7133825906287852,,,,1.0
36,acetone_hl_gap_eV,31,1.0,0.0,0.7133825906287852,0.7133825906287852,,,,1.0
36,acetone_hl_gap_eV,32,1.0,0.0,0.7133825906287852,0.7133825906287852,,,,1.0
36,acetone_hl_gap_eV,33,1.0,0.0,0.7133825906287852,0.7133825906287852,,,,1.0
36,acetone_hl_gap_eV,34,1.0,0.0,0.7133825906287852,0.7133825906287852,,,,1.0
36,acetone_hl_gap_eV,35,1.0,0.0,0.7133825906287852,0.7133825906287852,,,,1.0
36,acetone_hl_gap_eV,36,1.0,0.0,0.7133825906287852,0.7133825906287852,,,,1.0
36,acetone_hl_gap_eV,37,1.0,0.0,0.7133825906287852,0.7133825906287852,,,,1.0
36,acetone_hl_gap_eV,38,1.0,0.0,0.7133825906287852,0.7133825906287852,,,,1.0
36,acetone_hl_gap_eV,39,1.0,0.0,0.7133825906287852,0.7133825906287852,,,,1.0
36,acetone_hl_gap_eV,40,1.0,0.0,0.7133825906287852,0.7133825906287852,,,,1.0
36,acetone_hl_gap_eV,41,1.0,0.0,0.7133825906287852,0.7133825906287852,,,,1.0
36,acetone_hl_gap_eV,42,1.0,0.0,0.7133825906287852,0.7133825906287852,,,,1.0
36,acetone_hl_gap_eV,43,1.0,0.0,0.7133825906287852,0.7133825906287852,,,,1.0
36,acetone_hl_gap_eV,44,1.0,0.0,0.7133825906287852,0.7133825906287852,,,,1.0
36,acetone_hl_gap_eV,45,1.0,0.0,0.7133825906287852,0.7133825906287852,,,,1.0
36,acetone_hl_gap_eV,46,1.0,0.0,0.7133825906287852,0.7133825906287852,,,,1.0
36,acetone_hl_gap_eV,47,1.0,0.0,0.7133825906287852,0.7133825906287852,,,,1.0
36,acetone_hl_gap_eV,48,1.0,0.0,0.7133825906287852,0.7133825906287852,,,,1.0
36,acetone_hl_gap_eV,49,1.0,0.0,0.7133825906287852,0.7133825906287852,,,,1.0
36,acetone_hl_gap_eV,50,1.0,0.0,0.7133825906287852,0.7133825906287852,,,,1.0
36,acetone_hl_gap_eV,51,1.0,0.0,0.7133825906287852,0.7133825906287852,,,,1.0
36,acetone_hl_gap_eV,52,1.0,0.0,0.7133825906287852,0.7133825906287852,,,,1.0
36,acetone_hl_gap_eV,53,1.0,0.0,0.7133825906287852,0.7133825906287852,,,,1.0
36,acetone_hl_gap_eV,54,1.0,0.0,0.7133825906287852,0.7133825906287852,,,,1.0
36,acetone_hl_gap_eV,55,1.0,0.0,0.7133825906287852,0.7133825906287852,,,,1.0
36,acetone_hl_gap_eV,56,1.0,0.0,0.7133825906287852,0.7133825906287852,,,,1.0
36,acetone_hl_gap_eV,57,1.0,0.0,0.7133825906287852,0.7133825906287852,,,,1.0
36,acetone_hl_gap_eV,58,1.0,0.0,0.7133825906287852,0.7133825906287852,,,,1.0
36,acetone_hl_gap_eV,59,1.0,0.0,0.7133825906287852,0.7133825906287852,,,,1.0
36,acetone_hl_gap_eV,60,1.0,0.0,0.7133825906287852,0.7133825906287852,,,,1.0
36,acetone_hl_gap_eV,61,1.0,0.0,0.7133825906287852,0.7133825906287852,,,,1.0
36,acetone_hl_gap_eV,62,1.0,0.0,0.7133825906287852,0.7133825906287852,,,,1.0
36,acetone_hl_gap_eV,63,1.0,0.0,0.7133825906287852,0.7133825906287852,,,,1.0
36,acetone_hl_gap_eV,64,1.0,0.0,0.7133825906287852,0.7133825906287852,,,,1.0
36,acetone_hl_gap_eV,65,1.0,0.0,0.7133825906287852,0.7133825906287852,,,,1.0
36,acetone_hl_gap_eV,66,1.0,0.0,0.7133825906287852,0.7133825906287852,,,,1.0
36,acetone_hl_gap_eV,67,1.0,0.0,0.7133825906287852,0.7133825906287852,,,,1.0
36,acetone_hl_gap_eV,68,1.0,0.0,0.7133825906287852,0.7133825906287852,,,,1.0
36,acetone_hl_gap_eV,69,1.0,0.0,0.7133825906287852,0.7133825906287852,,,,1.0
36,acetone_hl_gap_eV,70,1.0,0.0,0.7133825906287852,0.7133825906287852,,,,1.0
36,acetone_hl_gap_eV,71,1.0,0.0,0.7133825906287852,0.7133825906287852,,,,1.0
36,acetone_hl_gap_eV,72,1.0,0.0,0.7133825906287852,0.7133825906287852,,,,1.0
36,acetone_hl_gap_eV,73,1.0,0.0,0.7133825906287852,0.7133825906287852,,,,1.0
36,acetone_hl_gap_eV,74,1.0,0.0,0.7133825906287852,0.7133825906287852,,,,1.0
36,acetone_hl_gap_eV,75,1.0,0.0,0.7133825906287852,0.7133825906287852,,,,1.0
36,acetone_hl_gap_eV,76,1.0,0.0,0.7133825906287852,0.7133825906287852,,,,1.0
36,acetone_hl_gap_eV,77,1.0,0.0,0.7133825906287852,0.7133825906287852,,,,1.0
36,acetone_hl_gap_eV,78,1.0,0.0,0.7133825906287852,0.7133825906287852,,,,1.0
36,acetone_hl_gap_eV,79,1.0,0.0,0.7133825906287852,0.7133825906287852,,,,1.0
36,acetone_hl_gap_eV,80,1.0,0.0,0.7133825906287852,0.7133825906287852,,,,1.0
36,acetone_hl_gap_eV,81,1.0,0.0,0.7133825906287852,0.7133825906287852,,,,1.0
36,acetone_hl_gap_eV,82,1.0,0.0,0.7133825906287852,0.7133825906287852,,,,1.0
36,acetone_hl_gap_eV,83,1.0,0.0,0.7133825906287852,0.7133825906287852,,,,1.0
36,acetone_hl_gap_eV,84,1.0,0.0,0.7133825906287852,0.7133825906287852,,,,1.0
36,acetone_hl_gap_eV,85,1.0,0.0,0.7133825906287852,0.7133825906287852,,,,1.0
36,acetone_hl_gap_eV,86,1.0,0.0,0.7133825906287852,0.7133825906287852,,,,1.0
36,acetone_hl_gap_eV,87,1.0,0.0,0.7133825906287852,0.7133825906287852,,,,1.0
36,acetone_hl_gap_eV,88,1.0,0.0,0.7133825906287852,0.7133825906287852,,,,1.0
36,acetone_hl_gap_eV,89,1.0,0.0,0.7133825906287852,0.7133825906287852,,,,1.0
36,acetone_hl_gap_eV,90,1.0,0.0,0.7133825906287852,0.7133825906287852,,,,1.0
36,acetone_hl_gap_eV,91,1.0,0.0,0.7133825906287852,0.7133825906287852,,,,1.0
36,acetone_hl_gap_eV,92,1.0,0.0,0.7133825906287852,0.7133825906287852,,,,1.0
36,acetone_hl_gap_eV,93,1.0,0.0,0.7133825906287852,0.7133825906287852,,,,1.0
36,acetone_hl_gap_eV,94,1.0,0.0,0.7133825906287852,0.7133825906287852,,,,1.0
36,acetone_hl_gap_eV,95,1.0,0.0,0.7133825906287852,0.7133825906287852,,,,1.0
36,acetone_hl_gap_eV,96,1.0,0.0,0.7133825906287852,0.7133825906287852,,,,1.0
36,acetone_hl_gap_eV,97,1.0,0.0,0.7133825906287852,0.7133825906287852,,,,1.0
36,acetone_hl_gap_eV,98,1.0,0.0,0.7133825906287852,0.7133825906287852,,,,1.0
36,acetone_hl_gap_eV,99,1.0,0.0,0.7133825906287852,0.7133825906287852,,,,1.0
36,acetone_hl_gap_eV,100,1.0,0.0,0.7133825906287852,0.7133825906287852,,,,1.0
36,acetone_hl_gap_eV,101,1.0,0.0,0.7133825906287852,0.7133825906287852,,,,1.0
36,acetone_hl_gap_eV,102,1.0,0.0,0.7133825906287852,0.7133825906287852,,,,1.0
36,acetone_hl_gap_eV,103,1.0,0.0,0.7133825906287852,0.7133825906287852,,,,1.0
36,acetone_hl_gap_eV,104,1.0,0.0,0.7133825906287852,0.7133825906287852,,,,1.0
36,acetone_hl_gap_eV,105,1.0,0.0,0.7133825906287852,0.7133825906287852,,,,1.0
36,acetone_hl_gap_eV,106,1.0,0.0,0.7133825906287852,0.7133825906287852,,,,1.0
36,acetone_hl_gap_eV,107,1.0,0.0,0.7133825906287852,0.7133825906287852,,,,1.0
36,acetone_hl_gap_eV,108,1.0,0.0,0.7133825906287852,0.7133825906287852,,,,1.0
36,acetone_hl_gap_eV,109,1.0,0.0,0.7133825906287852,0.7133825906287852,,,,1.0
36,acetone_hl_gap_eV,110,1.0,0.0,0.7133825906287852,0.7133825906287852,,,,1.0
36,acetone_hl_gap_eV,111,1.0,0.0,0.7133825906287852,0.7133825906287852,,,,1.0
36,acetone_hl_gap_eV,112,1.0,0.0,0.7133825906287852,0.7133825906287852,,,,1.0
36,acetone_hl_gap_eV,113,1.0,0.0,0.7133825906287852,0.7133825906287852,,,,1.0
36,acetone_hl_gap_eV,114,1.0,0.0,0.7133825906287852,0.7133825906287852,,,,1.0
36,acetone_hl_gap_eV,115,1.0,0.0,0.7133825906287852,0.7133825906287852,,,,1.0
36,acetone_hl_gap_eV,116,1.0,0.0,0.7133825906287852,0.7133825906287852,,,,1.0
36,acetone_hl_gap_eV,117,1.0,0.0,0.7133825906287852,0.7133825906287852,,,,1.0
36,acetone_hl_gap_eV,118,1.0,0.0,0.7133825906287852,0.7133825906287852,,,,1.0
36,acetone_hl_gap_eV,119,1.0,0.0,0.7133825906287852,0.7133825906287852,,,,1.0
36,acetone_hl_gap_eV,120,1.0,0.0,0.7133825906287852,0.7133825906287852,,,,1.0
36,acetone_hl_gap_eV,121,1.0,0.0,0.7133825906287852,0.7133825906287852,,,,1.0
36,acetone_hl_gap_eV,122,1.0,0.0,0.7133825906287852,0.7133825906287852,,,,1.0
36,acetone_hl_gap_eV,123,1.0,0.0,0.7133825906287852,0.7133825906287852,,,,1.0
36,acetone_hl_gap_eV,124,1.0,0.0,0.7133825906287852,0.7133825906287852,,,,1.0
36,acetone_hl_gap_eV,125,1.0,0.0,0.7133825906287852,0.7133825906287852,,,,1.0
36,acetone_hl_gap_eV,126,1.0,0.0,0.7133825906287852,0.7133825906287852,,,,1.0
36,acetone_hl_gap_eV,127,1.0,0.0,0.7133825906287852,0.7133825906287852,,,,1.0
36,acetone_hl_gap_eV,128,1.0,0.0,0.7133825906287852,0.7133825906287852,,,,1.0
36,acetone_hl_gap_eV,129,1.0,0.0,0.7133825906287852,0.7133825906287852,,,,1.0
36,acetone_hl_gap_eV,130,1.0,0.0,0.7133825906287852,0.7133825906287852,,,,1.0
36,acetone_hl_gap_eV,131,1.0,0.0,0.7133825906287852,0.7133825906287852,,,,1.0
36,acetone_hl_gap_eV,132,1.0,0.0,0.7133825906287852,0.7133825906287852,,,,1.0
36,acetone_hl_gap_eV,133,1.0,0.0,0.7133825906287852,0.7133825906287852,,,,1.0
36,acetone_hl_gap_eV,134,1.0,0.0,0.7133825906287852,0.7133825906287852,,,,1.0
36,acetone_hl_gap_eV,135,1.0,0.0,0.7133825906287852,0.7133825906287852,,,,1.0
36,acetone_hl_gap_eV,136,1.0,0.0,0.7133825906287852,0.7133825906287852,,,,1.0
36,acetone_hl_gap_eV,137,1.0,0.0,0.7133825906287852,0.7133825906287852,,,,1.0
36,acetone_hl_gap_eV,138,1.0,0.0,0.7133825906287852,0.7133825906287852,,,,1.0
36,acetone_hl_gap_eV,139,1.0,0.0,0.7133825906287852,0.7133825906287852,,,,1.0
36,acetone_hl_gap_eV,140,1.0,0.0,0.7133825906287852,0.7133825906287852,,,,1.0
36,acetone_hl_gap_eV,141,1.0,0.0,0.7133825906287852,0.7133825906287852,,,,1.0
36,acetone_hl_gap_eV,142,1.0,0.0,0.7133825906287852,0.7133825906287852,,,,1.0
36,acetone_hl_gap_eV,143,1.0,0.0,0.7133825906287852,0.7133825906287852,,,,1.0
36,acetone_hl_gap_eV,144,1.0,0.0,0.7133825906287852,0.7133825906287852,,,,1.0
36,acetone_hl_gap_eV,145,1.0,0.0,0.7133825906287852,0.7133825906287852,,,,1.0
36,acetone_hl_gap_eV,146,1.0,0.0,0.7133825906287852,0.7133825906287852,,,,1.0
36,acetone_hl_gap_eV,147,1.0,0.0,0.7133825906287852,0.7133825906287852,,,,1.0
36,acetone_hl_gap_eV,148,1.0,0.0,0.7133825906287852,0.7133825906287852,,,,1.0
36,acetone_hl_gap_eV,149,1.0,0.0,0.7133825906287852,0.7133825906287852,,,,1.0
36,acetone_hl_gap_eV,150,1.0,0.0,0.7133825906287852,0.7133825906287852,,,,1.0
36,acetone_hl_gap_eV,151,1.0,0.0,0.7133825906287852,0.7133825906287852,,,,1.0
36,acetone_hl_gap_eV,152,1.0,0.0,0.7133825906287852,0.7133825906287852,,,,1.0
36,acetone_hl_gap_eV,153,1.0,0.0,0.7133825906287852,0.7133825906287852,,,,1.0
36,acetone_hl_gap_eV,154,1.0,0.0,0.7133825906287852,0.7133825906287852,,,,1.0
36,acetone_hl_gap_eV,155,1.0,0.0,0.7133825906287852,0.7133825906287852,,,,1.0
36,acetone_hl_gap_eV,156,1.0,0.0,0.7133825906287852,0.7133825906287852,,,,1.0
36,acetone_hl_gap_eV,157,1.0,0.0,0.7133825906287852,0.7133825906287852,,,,1.0
36,acetone_hl_gap_eV,158,1.0,0.0,0.7133825906287852,0.7133825906287852,,,,1.0
36,acetone_hl_gap_eV,159,1.0,0.0,0.7133825906287852,0.7133825906287852,,,,1.0
36,acetone_hl_gap_eV,160,1.0,0.0,0.7133825906287852,0.7133825906287852,,,,1.0
36,acetone_hl_gap_eV,161,1.0,0.0,0.7133825906287852,0.7133825906287852,,,,1.0
36,acetone_hl_gap_eV,162,1.0,0.0,0.7133825906287852,0.7133825906287852,,,,1.0
36,acetone_hl_gap_eV,163,1.0,0.0,0.7133825906287852,0.7133825906287852,,,,1.0
36,acetone_hl_gap_eV,164,1.0,0.0,0.7133825906287852,0.7133825906287852,,,,1.0
36,acetone_hl_gap_eV,165,1.0,0.0,0.7133825906287852,0.7133825906287852,,,,1.0
36,acetone_hl_gap_eV,166,1.0,0.0,0.7133825906287852,0.7133825906287852,,,,1.0
36,acetone_hl_gap_eV,167,1.0,0.0,0.7133825906287852,0.7133825906287852,,,,1.0
36,acetone_hl_gap_eV,168,1.0,0.0,0.7133825906287852,0.7133825906287852,,,,1.0
36,acetone_hl_gap_eV,169,1.0,0.0,0.7133825906287852,0.7133825906287852,,,,1.0
36,acetone_hl_gap_eV,170,1.0,0.0,0.7133825906287852,0.7133825906287852,,,,1.0
36,acetone_hl_gap_eV,171,1.0,0.0,0.7133825906287852,0.7133825906287852,,,,1.0
36,acetone_hl_gap_eV,172,1.0,0.0,0.7133825906287852,0.7133825906287852,,,,1.0
36,acetone_hl_gap_eV,173,1.0,0.0,0.7133825906287852,0.7133825906287852,,,,1.0
36,acetone_hl_gap_eV,174,1.0,0.0,0.7133825906287852,0.7133825906287852,,,,1.0
36,acetone_hl_gap_eV,175,1.0,0.0,0.7133825906287852,0.7133825906287852,,,,1.0
36,acetone_hl_gap_eV,176,1.0,0.0,0.7133825906287852,0.7133825906287852,,,,1.0
36,acetone_hl_gap_eV,177,1.0,0.0,0.7133825906287852,0.7133825906287852,,,,1.0
36,acetone_hl_gap_eV,178,1.0,0.0,0.7133825906287852,0.7133825906287852,,,,1.0
36,acetone_hl_gap_eV,179,1.0,0.0,0.7133825906287852,0.7133825906287852,,,,1.0
36,acetone_hl_gap_eV,180,1.0,0.0,0.7133825906287852,0.7133825906287852,,,,1.0
36,acetone_hl_gap_eV,181,1.0,0.0,0.7133825906287852,0.7133825906287852,,,,1.0
36,acetone_hl_gap_eV,182,1.0,0.0,0.7133825906287852,0.7133825906287852,,,,1.0
36,acetone_hl_gap_eV,183,1.0,0.0,0.7133825906287852,0.7133825906287852,,,,1.0
36,acetone_hl_gap_eV,184,1.0,0.0,0.7133825906287852,0.7133825906287852,,,,1.0
36,acetone_hl_gap_eV,185,1.0,0.0,0.7133825906287852,0.7133825906287852,,,,1.0
36,acetone_hl_gap_eV,186,1.0,0.0,0.7133825906287852,0.7133825906287852,,,,1.0
36,acetone_hl_gap_eV,187,1.0,0.0,0.7133825906287852,0.7133825906287852,,,,1.0
36,acetone_hl_gap_eV,188,1.0,0.0,0.7133825906287852,0.7133825906287852,,,,1.0
36,acetone_hl_gap_eV,189,1.0,0.0,0.7133825906287852,0.7133825906287852,,,,1.0
36,acetone_hl_gap_eV,190,1.0,0.0,0.7133825906287852,0.7133825906287852,,,,1.0
36,acetone_hl_gap_eV,191,1.0,0.0,0.7133825906287852,0.7133825906287852,,,,1.0
36,acetone_hl_gap_eV,192,1.0,0.0,0.7133825906287852,0.7133825906287852,,,,1.0
36,acetone_hl_gap_eV,193,1.0,0.0,0.7133825906287852,0.7133825906287852,,,,1.0
36,acetone_hl_gap_eV,194,1.0,0.0,0.7133825906287852,0.7133825906287852,,,,1.0
36,acetone_hl_gap_eV,195,1.0,0.0,0.7133825906287852,0.7133825906287852,,,,1.0
36,acetone_hl_gap_eV,196,1.0,0.0,0.7133825906287852,0.7133825906287852,,,,1.0
36,acetone_hl_gap_eV,197,1.0,0.0,0.7133825906287852,0.7133825906287852,,,,1.0
36,acetone_hl_gap_eV,198,1.0,0.0,0.7133825906287852,0.7133825906287852,,,,1.0
36,acetone_hl_gap_eV,199,1.0,0.0,0.7133825906287852,0.7133825906287852,,,,1.0
36,acetone_hl_gap_eV,200,1.0,0.0,0.7133825906287852,0.7133825906287852,,,,1.0
36,acetone_hl_gap_eV,201,1.0,0.0,0.7133825906287852,0.7133825906287852,,,,1.0
36,acetone_hl_gap_eV,202,1.0,0.0,0.7133825906287852,0.7133825906287852,,,,1.0
36,acetone_hl_gap_eV,203,1.0,0.0,0.7133825906287852,0.7133825906287852,,,,1.0
36,acetone_hl_gap_eV,204,1.0,0.0,0.7133825906287852,0.7133825906287852,,,,1.0
36,acetone_hl_gap_eV,205,1.0,0.0,0.7133825906287852,0.7133825906287852,,,,1.0
36,acetone_hl_gap_eV,206,1.0,0.0,0.7133825906287852,0.7133825906287852,,,,1.0
36,acetone_hl_gap_eV,207,1.0,0.0,0.7133825906287852,0.7133825906287852,,,,1.0
36,acetone_hl_gap_eV,208,1.0,0.0,0.7133825906287852,0.7133825906287852,,,,1.0
36,acetone_hl_gap_eV,209,1.0,0.0,0.7133825906287852,0.7133825906287852,,,,1.0
36,acetone_hl_gap_eV,210,1.0,0.0,0.7133825906287852,0.7133825906287852,,,,1.0
36,acetone_hl_gap_eV,211,1.0,0.0,0.7133825906287852,0.7133825906287852,,,,1.0
36,acetone_hl_gap_eV,212,1.0,0.0,0.7133825906287852,0.7133825906287852,,,,1.0
36,acetone_hl_gap_eV,213,1.0,0.0,0.7133825906287852,0.7133825906287852,,,,1.0
36,acetone_hl_gap_eV,214,1.0,0.0,0.7133825906287852,0.7133825906287852,,,,1.0
36,acetone_hl_gap_eV,215,1.0,0.0,0.7133825906287852,0.7133825906287852,,,,1.0
36,acetone_hl_gap_eV,216,1.0,0.0,0.7133825906287852,0.7133825906287852,,,,1.0
36,acetone_hl_gap_eV,217,1.0,0.0,0.7133825906287852,0.7133825906287852,,,,1.0
36,acetone_hl_gap_eV,218,1.0,0.0,0.7133825906287852,0.7133825906287852,,,,1.0
36,acetone_hl_gap_eV,219,1.0,0.0,0.7133825906287852,0.7133825906287852,,,,1.0
36,acetone_hl_gap_eV,220,1.0,0.0,0.7133825906287852,0.7133825906287852,,,,1.0
36,acetone_hl_gap_eV,221,1.0,0.0,0.7133825906287852,0.7133825906287852,,,,1.0
36,acetone_hl_gap_eV,222,1.0,0.0,0.7133825906287852,0.7133825906287852,,,,1.0
36,acetone_hl_gap_eV,223,1.0,0.0,0.7133825906287852,0.7133825906287852,,,,1.0
36,acetone_hl_gap_eV,224,1.0,0.0,0.7133825906287852,0.7133825906287852,,,,1.0
36,acetone_hl_gap_eV,225,1.0,0.0,0.7133825906287852,0.7133825906287852,,,,1.0
36,acetone_hl_gap_eV,226,1.0,0.0,0.7133825906287852,0.7133825906287852,,,,1.0
36,acetone_hl_gap_eV,227,1.0,0.0,0.7133825906287852,0.7133825906287852,,,,1.0
36,acetone_hl_gap_eV,228,1.0,0.0,0.7133825906287852,0.7133825906287852,,,,1.0
36,acetone_hl_gap_eV,229,1.0,0.0,0.7133825906287852,0.7133825906287852,,,,1.0
36,acetone_hl_gap_eV,230,1.0,0.0,0.7133825906287852,0.7133825906287852,,,,1.0
36,acetone_hl_gap_eV,231,1.0,0.0,0.7133825906287852,0.7133825906287852,,,,1.0
36,acetone_hl_gap_eV,232,1.0,0.0,0.7133825906287852,0.7133825906287852,,,,1.0
36,acetone_hl_gap_eV,233,1.0,0.0,0.7133825906287852,0.7133825906287852,,,,1.0
36,acetone_hl_gap_eV,234,1.0,0.0,0.7133825906287852,0.7133825906287852,,,,1.0
36,acetone_hl_gap_eV,235,1.0,0.0,0.7133825906287852,0.7133825906287852,,,,1.0
36,acetone_hl_gap_eV,236,1.0,0.0,0.7133825906287852,0.7133825906287852,,,,1.0
36,acetone_hl_gap_eV,237,1.0,0.0,0.7133825906287852,0.7133825906287852,,,,1.0
36,acetone_hl_gap_eV,238,1.0,0.0,0.7133825906287852,0.7133825906287852,,,,1.0
36,acetone_hl_gap_eV,239,1.0,0.0,0.7133825906287852,0.7133825906287852,,,,1.0
36,acetone_hl_gap_eV,240,1.0,0.0,0.7133825906287852,0.7133825906287852,,,,1.0
36,acetone_hl_gap_eV,241,1.0,0.0,0.7133825906287852,0.7133825906287852,,,,1.0
36,acetone_hl_gap_eV,242,1.0,0.0,0.7133825906287852,0.7133825906287852,,,,1.0
36,acetone_hl_gap_eV,243,1.0,0.0,0.7133825906287852,0.7133825906287852,,,,1.0
36,acetone_hl_gap_eV,244,1.0,0.0,0.7133825906287852,0.7133825906287852,,,,1.0
36,acetone_hl_gap_eV,245,1.0,0.0,0.7133825906287852,0.7133825906287852,,,,1.0
36,acetone_hl_gap_eV,246,1.0,0.0,0.7133825906287852,0.7133825906287852,,,,1.0
36,acetone_hl_gap_eV,247,1.0,0.0,0.7133825906287852,0.7133825906287852,,,,1.0
36,acetone_hl_gap_eV,248,1.0,0.0,0.7133825906287852,0.7133825906287852,,,,1.0
36,acetone_hl_gap_eV,249,1.0,0.0,0.7133825906287852,0.7133825906287852,,,,1.0
36,acetone_dipole,0,0.9999999403953552,0.0,0.5868610467244169,0.5868610467244169,,,,1.0
36,acetone_dipole,1,0.9999999403953552,0.0,0.5868610467244169,0.5868610467244169,,,,1.0
36,acetone_dipole,2,0.9999999403953552,0.0,0.5868610467244169,0.5868610467244169,,,,1.0
36,acetone_dipole,3,0.9999999403953552,0.0,0.5868610467244169,0.5868610467244169,,,,1.0
36,acetone_dipole,4,0.9999999403953552,0.0,0.5868610467244169,0.5868610467244169,,,,1.0
36,acetone_dipole,5,0.9999999403953552,0.0,0.5868610467244169,0.5868610467244169,,,,1.0
36,acetone_dipole,6,0.9999999403953552,0.0,0.5868610467244169,0.5868610467244169,,,,1.0
36,acetone_dipole,7,0.9999999403953552,0.0,0.5868610467244169,0.5868610467244169,,,,1.0
36,acetone_dipole,8,0.9999999403953552,0.0,0.5868610467244169,0.5868610467244169,,,,1.0
36,acetone_dipole,9,0.9999999403953552,0.0,0.5868610467244169,0.5868610467244169,,,,1.0
36,acetone_dipole,10,0.9999999403953552,0.0,0.5868610467244169,0.5868610467244169,,,,1.0
36,acetone_dipole,11,0.9999999403953552,0.0,0.5868610467244169,0.5868610467244169,,,,1.0
36,acetone_dipole,12,0.9999999403953552,0.0,0.5868610467244169,0.5868610467244169,,,,1.0
36,acetone_dipole,13,0.9999999403953552,0.0,0.5868610467244169,0.5868610467244169,,,,1.0
36,acetone_dipole,14,0.9999999403953552,0.0,0.5868610467244169,0.5868610467244169,,,,1.0
36,acetone_dipole,15,0.9999999403953552,0.0,0.5868610467244169,0.5868610467244169,,,,1.0
36,acetone_dipole,16,0.9999999403953552,0.0,0.5868610467244169,0.5868610467244169,,,,1.0
36,acetone_dipole,17,0.9999999403953552,0.0,0.5868610467244169,0.5868610467244169,,,,1.0
36,acetone_dipole,18,0.9999999403953552,0.0,0.5868610467244169,0.5868610467244169,,,,1.0
36,acetone_dipole,19,0.9999999403953552,0.0,0.5868610467244169,0.5868610467244169,,,,1.0
36,acetone_dipole,20,0.9999999403953552,0.0,0.5868610467244169,0.5868610467244169,,,,1.0
36,acetone_dipole,21,0.9999999403953552,0.0,0.5868610467244169,0.5868610467244169,,,,1.0
36,acetone_dipole,22,0.9999999403953552,0.0,0.5868610467244169,0.5868610467244169,,,,1.0
36,acetone_dipole,23,0.9999999403953552,0.0,0.5868610467244169,0.5868610467244169,,,,1.0
36,acetone_dipole,24,0.9999999403953552,0.0,0.5868610467244169,0.5868610467244169,,,,1.0
36,acetone_dipole,25,0.9999999403953552,0.0,0.5868610467244169,0.5868610467244169,,,,1.0
36,acetone_dipole,26,0.9999999403953552,0.0,0.5868610467244169,0.5868610467244169,,,,1.0
36,acetone_dipole,27,0.9999999403953552,0.0,0.5868610467244169,0.5868610467244169,,,,1.0
36,acetone_dipole,28,0.9999999403953552,0.0,0.5868610467244169,0.5868610467244169,,,,1.0
36,acetone_dipole,29,0.9999999403953552,0.0,0.5868610467244169,0.5868610467244169,,,,1.0
36,acetone_dipole,30,0.9999999403953552,0.0,0.5868610467244169,0.5868610467244169,,,,1.0
36,acetone_dipole,31,0.9999999403953552,0.0,0.5868610467244169,0.5868610467244169,,,,1.0
36,acetone_dipole,32,0.9999999403953552,0.0,0.5868610467244169,0.5868610467244169,,,,1.0
36,acetone_dipole,33,0.9999999403953552,0.0,0.5868610467244169,0.5868610467244169,,,,1.0
36,acetone_dipole,34,0.9999999403953552,0.0,0.5868610467244169,0.5868610467244169,,,,1.0
36,acetone_dipole,35,0.9999999403953552,0.0,0.5868610467244169,0.5868610467244169,,,,1.0
36,acetone_dipole,36,0.9999999403953552,0.0,0.5868610467244169,0.5868610467244169,,,,1.0
36,acetone_dipole,37,0.9999999403953552,0.0,0.5868610467244169,0.5868610467244169,,,,1.0
36,acetone_dipole,38,0.9999999403953552,0.0,0.5868610467244169,0.5868610467244169,,,,1.0
36,acetone_dipole,39,0.9999999403953552,0.0,0.5868610467244169,0.5868610467244169,,,,1.0
36,acetone_dipole,40,0.9999999403953552,0.0,0.5868610467244169,0.5868610467244169,,,,1.0
36,acetone_dipole,41,0.9999999403953552,0.0,0.5868610467244169,0.5868610467244169,,,,1.0
36,acetone_dipole,42,0.9999999403953552,0.0,0.5868610467244169,0.5868610467244169,,,,1.0
36,acetone_dipole,43,0.9999999403953552,0.0,0.5868610467244169,0.5868610467244169,,,,1.0
36,acetone_dipole,44,0.9999999403953552,0.0,0.5868610467244169,0.5868610467244169,,,,1.0
36,acetone_dipole,45,0.9999999403953552,0.0,0.5868610467244169,0.5868610467244169,,,,1.0
36,acetone_dipole,46,0.9999999403953552,0.0,0.5868610467244169,0.5868610467244169,,,,1.0
36,acetone_dipole,47,0.9999999403953552,0.0,0.5868610467244169,0.5868610467244169,,,,1.0
36,acetone_dipole,48,0.9999999403953552,0.0,0.5868610467244169,0.5868610467244169,,,,1.0
36,acetone_dipole,49,0.9999999403953552,0.0,0.5868610467244169,0.5868610467244169,,,,1.0
36,acetone_dipole,50,0.9999999403953552,0.0,0.5868610467244169,0.5868610467244169,,,,1.0
36,acetone_dipole,51,0.9999999403953552,0.0,0.5868610467244169,0.5868610467244169,,,,1.0
36,acetone_dipole,52,0.9999999403953552,0.0,0.5868610467244169,0.5868610467244169,,,,1.0
36,acetone_dipole,53,0.9999999403953552,0.0,0.5868610467244169,0.5868610467244169,,,,1.0
36,acetone_dipole,54,0.9999999403953552,0.0,0.5868610467244169,0.5868610467244169,,,,1.0
36,acetone_dipole,55,0.9999999403953552,0.0,0.5868610467244169,0.5868610467244169,,,,1.0
36,acetone_dipole,56,0.9999999403953552,0.0,0.5868610467244169,0.5868610467244169,,,,1.0
36,acetone_dipole,57,0.9999999403953552,0.0,0.5868610467244169,0.5868610467244169,,,,1.0
36,acetone_dipole,58,0.9999999403953552,0.0,0.5868610467244169,0.5868610467244169,,,,1.0
36,acetone_dipole,59,0.9999999403953552,0.0,0.5868610467244169,0.5868610467244169,,,,1.0
36,acetone_dipole,60,0.9999999403953552,0.0,0.5868610467244169,0.5868610467244169,,,,1.0
36,acetone_dipole,61,0.9999999403953552,0.0,0.5868610467244169,0.5868610467244169,,,,1.0
36,acetone_dipole,62,0.9999999403953552,0.0,0.5868610467244169,0.5868610467244169,,,,1.0
36,acetone_dipole,63,0.9999999403953552,0.0,0.5868610467244169,0.5868610467244169,,,,1.0
36,acetone_dipole,64,0.9999999403953552,0.0,0.5868610467244169,0.5868610467244169,,,,1.0
36,acetone_dipole,65,0.9999999403953552,0.0,0.5868610467244169,0.5868610467244169,,,,1.0
36,acetone_dipole,66,0.9999999403953552,0.0,0.5868610467244169,0.5868610467244169,,,,1.0
36,acetone_dipole,67,0.9999999403953552,0.0,0.5868610467244169,0.5868610467244169,,,,1.0
36,acetone_dipole,68,0.9999999403953552,0.0,0.5868610467244169,0.5868610467244169,,,,1.0
36,acetone_dipole,69,0.9999999403953552,0.0,0.5868610467244169,0.5868610467244169,,,,1.0
36,acetone_dipole,70,0.9999999403953552,0.0,0.5868610467244169,0.5868610467244169,,,,1.0
36,acetone_dipole,71,0.9999999403953552,0.0,0.5868610467244169,0.5868610467244169,,,,1.0
36,acetone_dipole,72,0.9999999403953552,0.0,0.5868610467244169,0.5868610467244169,,,,1.0
36,acetone_dipole,73,0.9999999403953552,0.0,0.5868610467244169,0.5868610467244169,,,,1.0
36,acetone_dipole,74,0.9999999403953552,0.0,0.5868610467244169,0.5868610467244169,,,,1.0
36,acetone_dipole,75,0.9999999403953552,0.0,0.5868610467244169,0.5868610467244169,,,,1.0
36,acetone_dipole,76,0.9999999403953552,0.0,0.5868610467244169,0.5868610467244169,,,,1.0
36,acetone_dipole,77,0.9999999403953552,0.0,0.5868610467244169,0.5868610467244169,,,,1.0
36,acetone_dipole,78,0.9999999403953552,0.0,0.5868610467244169,0.5868610467244169,,,,1.0
36,acetone_dipole,79,0.9999999403953552,0.0,0.5868610467244169,0.5868610467244169,,,,1.0
36,acetone_dipole,80,0.9999999403953552,0.0,0.5868610467244169,0.5868610467244169,,,,1.0
36,acetone_dipole,81,0.9999999403953552,0.0,0.5868610467244169,0.5868610467244169,,,,1.0
36,acetone_dipole,82,0.9999999403953552,0.0,0.5868610467244169,0.5868610467244169,,,,1.0
36,acetone_dipole,83,0.9999999403953552,0.0,0.5868610467244169,0.5868610467244169,,,,1.0
36,acetone_dipole,84,0.9999999403953552,0.0,0.5868610467244169,0.5868610467244169,,,,1.0
36,acetone_dipole,85,0.9999999403953552,0.0,0.5868610467244169,0.5868610467244169,,,,1.0
36,acetone_dipole,86,0.9999999403953552,0.0,0.5868610467244169,0.5868610467244169,,,,1.0
36,acetone_dipole,87,0.9999999403953552,0.0,0.5868610467244169,0.5868610467244169,,,,1.0
36,acetone_dipole,88,0.9999999403953552,0.0,0.5868610467244169,0.5868610467244169,,,,1.0
36,acetone_dipole,89,0.9999999403953552,0.0,0.5868610467244169,0.5868610467244169,,,,1.0
36,acetone_dipole,90,0.9999999403953552,0.0,0.5868610467244169,0.5868610467244169,,,,1.0
36,acetone_dipole,91,0.9999999403953552,0.0,0.5868610467244169,0.5868610467244169,,,,1.0
36,acetone_dipole,92,0.9999999403953552,0.0,0.5868610467244169,0.5868610467244169,,,,1.0
36,acetone_dipole,93,0.9999999403953552,0.0,0.5868610467244169,0.5868610467244169,,,,1.0
36,acetone_dipole,94,0.9999999403953552,0.0,0.5868610467244169,0.5868610467244169,,,,1.0
36,acetone_dipole,95,0.9999999403953552,0.0,0.5868610467244169,0.5868610467244169,,,,1.0
36,acetone_dipole,96,0.9999999403953552,0.0,0.5868610467244169,0.5868610467244169,,,,1.0
36,acetone_dipole,97,0.9999999403953552,0.0,0.5868610467244169,0.5868610467244169,,,,1.0
36,acetone_dipole,98,0.9999999403953552,0.0,0.5868610467244169,0.5868610467244169,,,,1.0
36,acetone_dipole,99,0.9999999403953552,0.0,0.5868610467244169,0.5868610467244169,,,,1.0
36,acetone_dipole,100,0.9999999403953552,0.0,0.5868610467244169,0.5868610467244169,,,,1.0
36,acetone_dipole,101,0.9999999403953552,0.0,0.5868610467244169,0.5868610467244169,,,,1.0
36,acetone_dipole,102,0.9999999403953552,0.0,0.5868610467244169,0.5868610467244169,,,,1.0
36,acetone_dipole,103,0.9999999403953552,0.0,0.5868610467244169,0.5868610467244169,,,,1.0
36,acetone_dipole,104,0.9999999403953552,0.0,0.5868610467244169,0.5868610467244169,,,,1.0
36,acetone_dipole,105,0.9999999403953552,0.0,0.5868610467244169,0.5868610467244169,,,,1.0
36,acetone_dipole,106,0.9999999403953552,0.0,0.5868610467244169,0.5868610467244169,,,,1.0
36,acetone_dipole,107,0.9999999403953552,0.0,0.5868610467244169,0.5868610467244169,,,,1.0
36,acetone_dipole,108,0.9999999403953552,0.0,0.5868610467244169,0.5868610467244169,,,,1.0
36,acetone_dipole,109,0.9999999403953552,0.0,0.5868610467244169,0.5868610467244169,,,,1.0
36,acetone_dipole,110,0.9999999403953552,0.0,0.5868610467244169,0.5868610467244169,,,,1.0
36,acetone_dipole,111,0.9999999403953552,0.0,0.5868610467244169,0.5868610467244169,,,,1.0
36,acetone_dipole,112,0.9999999403953552,0.0,0.5868610467244169,0.5868610467244169,,,,1.0
36,acetone_dipole,113,0.9999999403953552,0.0,0.5868610467244169,0.5868610467244169,,,,1.0
36,acetone_dipole,114,0.9999999403953552,0.0,0.5868610467244169,0.5868610467244169,,,,1.0
36,acetone_dipole,115,0.9999999403953552,0.0,0.5868610467244169,0.5868610467244169,,,,1.0
36,acetone_dipole,116,0.9999999403953552,0.0,0.5868610467244169,0.5868610467244169,,,,1.0
36,acetone_dipole,117,0.9999999403953552,0.0,0.5868610467244169,0.5868610467244169,,,,1.0
36,acetone_dipole,118,0.9999999403953552,0.0,0.5868610467244169,0.5868610467244169,,,,1.0
36,acetone_dipole,119,0.9999999403953552,0.0,0.5868610467244169,0.5868610467244169,,,,1.0
36,acetone_dipole,120,0.9999999403953552,0.0,0.5868610467244169,0.5868610467244169,,,,1.0
36,acetone_dipole,121,0.9999999403953552,0.0,0.5868610467244169,0.5868610467244169,,,,1.0
36,acetone_dipole,122,0.9999999403953552,0.0,0.5868610467244169,0.5868610467244169,,,,1.0
36,acetone_dipole,123,0.9999999403953552,0.0,0.5868610467244169,0.5868610467244169,,,,1.0
36,acetone_dipole,124,0.9999999403953552,0.0,0.5868610467244169,0.5868610467244169,,,,1.0
36,acetone_dipole,125,0.9999999403953552,0.0,0.5868610467244169,0.5868610467244169,,,,1.0
36,acetone_dipole,126,0.9999999403953552,0.0,0.5868610467244169,0.5868610467244169,,,,1.0
36,acetone_dipole,127,0.9999999403953552,0.0,0.5868610467244169,0.5868610467244169,,,,1.0
36,acetone_dipole,128,0.9999999403953552,0.0,0.5868610467244169,0.5868610467244169,,,,1.0
36,acetone_dipole,129,0.9999999403953552,0.0,0.5868610467244169,0.5868610467244169,,,,1.0
36,acetone_dipole,130,0.9999999403953552,0.0,0.5868610467244169,0.5868610467244169,,,,1.0
36,acetone_dipole,131,0.9999999403953552,0.0,0.5868610467244169,0.5868610467244169,,,,1.0
36,acetone_dipole,132,0.9999999403953552,0.0,0.5868610467244169,0.5868610467244169,,,,1.0
36,acetone_dipole,133,0.9999999403953552,0.0,0.5868610467244169,0.5868610467244169,,,,1.0
36,acetone_dipole,134,0.9999999403953552,0.0,0.5868610467244169,0.5868610467244169,,,,1.0
36,acetone_dipole,135,0.9999999403953552,0.0,0.5868610467244169,0.5868610467244169,,,,1.0
36,acetone_dipole,136,0.9999999403953552,0.0,0.5868610467244169,0.5868610467244169,,,,1.0
36,acetone_dipole,137,0.9999999403953552,0.0,0.5868610467244169,0.5868610467244169,,,,1.0
36,acetone_dipole,138,0.9999999403953552,0.0,0.5868610467244169,0.5868610467244169,,,,1.0
36,acetone_dipole,139,0.9999999403953552,0.0,0.5868610467244169,0.5868610467244169,,,,1.0
36,acetone_dipole,140,0.9999999403953552,0.0,0.5868610467244169,0.5868610467244169,,,,1.0
36,acetone_dipole,141,0.9999999403953552,0.0,0.5868610467244169,0.5868610467244169,,,,1.0
36,acetone_dipole,142,0.9999999403953552,0.0,0.5868610467244169,0.5868610467244169,,,,1.0
36,acetone_dipole,143,0.9999999403953552,0.0,0.5868610467244169,0.5868610467244169,,,,1.0
36,acetone_dipole,144,0.9999999403953552,0.0,0.5868610467244169,0.5868610467244169,,,,1.0
36,acetone_dipole,145,0.9999999403953552,0.0,0.5868610467244169,0.5868610467244169,,,,1.0
36,acetone_dipole,146,0.9999999403953552,0.0,0.5868610467244169,0.5868610467244169,,,,1.0
36,acetone_dipole,147,0.9999999403953552,0.0,0.5868610467244169,0.5868610467244169,,,,1.0
36,acetone_dipole,148,0.9999999403953552,0.0,0.5868610467244169,0.5868610467244169,,,,1.0
36,acetone_dipole,149,0.9999999403953552,0.0,0.5868610467244169,0.5868610467244169,,,,1.0
36,acetone_dipole,150,0.9999999403953552,0.0,0.5868610467244169,0.5868610467244169,,,,1.0
36,acetone_dipole,151,0.9999999403953552,0.0,0.5868610467244169,0.5868610467244169,,,,1.0
36,acetone_dipole,152,0.9999999403953552,0.0,0.5868610467244169,0.5868610467244169,,,,1.0
36,acetone_dipole,153,0.9999999403953552,0.0,0.5868610467244169,0.5868610467244169,,,,1.0
36,acetone_dipole,154,0.9999999403953552,0.0,0.5868610467244169,0.5868610467244169,,,,1.0
36,acetone_dipole,155,0.9999999403953552,0.0,0.5868610467244169,0.5868610467244169,,,,1.0
36,acetone_dipole,156,0.9999999403953552,0.0,0.5868610467244169,0.5868610467244169,,,,1.0
36,acetone_dipole,157,0.9999999403953552,0.0,0.5868610467244169,0.5868610467244169,,,,1.0
36,acetone_dipole,158,0.9999999403953552,0.0,0.5868610467244169,0.5868610467244169,,,,1.0
36,acetone_dipole,159,0.9999999403953552,0.0,0.5868610467244169,0.5868610467244169,,,,1.0
36,acetone_dipole,160,0.9999999403953552,0.0,0.5868610467244169,0.5868610467244169,,,,1.0
36,acetone_dipole,161,0.9999999403953552,0.0,0.5868610467244169,0.5868610467244169,,,,1.0
36,acetone_dipole,162,0.9999999403953552,0.0,0.5868610467244169,0.5868610467244169,,,,1.0
36,acetone_dipole,163,0.9999999403953552,0.0,0.5868610467244169,0.5868610467244169,,,,1.0
36,acetone_dipole,164,0.9999999403953552,0.0,0.5868610467244169,0.5868610467244169,,,,1.0
36,acetone_dipole,165,0.9999999403953552,0.0,0.5868610467244169,0.5868610467244169,,,,1.0
36,acetone_dipole,166,0.9999999403953552,0.0,0.5868610467244169,0.5868610467244169,,,,1.0
36,acetone_dipole,167,0.9999999403953552,0.0,0.5868610467244169,0.5868610467244169,,,,1.0
36,acetone_dipole,168,0.9999999403953552,0.0,0.5868610467244169,0.5868610467244169,,,,1.0
36,acetone_dipole,169,0.9999999403953552,0.0,0.5868610467244169,0.5868610467244169,,,,1.0
36,acetone_dipole,170,0.9999999403953552,0.0,0.5868610467244169,0.5868610467244169,,,,1.0
36,acetone_dipole,171,0.9999999403953552,0.0,0.5868610467244169,0.5868610467244169,,,,1.0
36,acetone_dipole,172,0.9999999403953552,0.0,0.5868610467244169,0.5868610467244169,,,,1.0
36,acetone_dipole,173,0.9999999403953552,0.0,0.5868610467244169,0.5868610467244169,,,,1.0
36,acetone_dipole,174,0.9999999403953552,0.0,0.5868610467244169,0.5868610467244169,,,,1.0
36,acetone_dipole,175,0.9999999403953552,0.0,0.5868610467244169,0.5868610467244169,,,,1.0
36,acetone_dipole,176,0.9999999403953552,0.0,0.5868610467244169,0.5868610467244169,,,,1.0
36,acetone_dipole,177,0.9999999403953552,0.0,0.5868610467244169,0.5868610467244169,,,,1.0
36,acetone_dipole,178,0.9999999403953552,0.0,0.5868610467244169,0.5868610467244169,,,,1.0
36,acetone_dipole,179,0.9999999403953552,0.0,0.5868610467244169,0.5868610467244169,,,,1.0
36,acetone_dipole,180,0.9999999403953552,0.0,0.5868610467244169,0.5868610467244169,,,,1.0
36,acetone_dipole,181,0.9999999403953552,0.0,0.5868610467244169,0.5868610467244169,,,,1.0
36,acetone_dipole,182,0.9999999403953552,0.0,0.5868610467244169,0.5868610467244169,,,,1.0
36,acetone_dipole,183,0.9999999403953552,0.0,0.5868610467244169,0.5868610467244169,,,,1.0
36,acetone_dipole,184,0.9999999403953552,0.0,0.5868610467244169,0.5868610467244169,,,,1.0
36,acetone_dipole,185,0.9999999403953552,0.0,0.5868610467244169,0.5868610467244169,,,,1.0
36,acetone_dipole,186,0.9999999403953552,0.0,0.5868610467244169,0.5868610467244169,,,,1.0
36,acetone_dipole,187,0.9999999403953552,0.0,0.5868610467244169,0.5868610467244169,,,,1.0
36,acetone_dipole,188,0.9999999403953552,0.0,0.5868610467244169,0.5868610467244169,,,,1.0
36,acetone_dipole,189,0.9999999403953552,0.0,0.5868610467244169,0.5868610467244169,,,,1.0
36,acetone_dipole,190,0.9999999403953552,0.0,0.5868610467244169,0.5868610467244169,,,,1.0
36,acetone_dipole,191,0.9999999403953552,0.0,0.5868610467244169,0.5868610467244169,,,,1.0
36,acetone_dipole,192,0.9999999403953552,0.0,0.5868610467244169,0.5868610467244169,,,,1.0
36,acetone_dipole,193,0.9999999403953552,0.0,0.5868610467244169,0.5868610467244169,,,,1.0
36,acetone_dipole,194,0.9999999403953552,0.0,0.5868610467244169,0.5868610467244169,,,,1.0
36,acetone_dipole,195,0.9999999403953552,0.0,0.5868610467244169,0.5868610467244169,,,,1.0
36,acetone_dipole,196,0.9999999403953552,0.0,0.5868610467244169,0.5868610467244169,,,,1.0
36,acetone_dipole,197,0.9999999403953552,0.0,0.5868610467244169,0.5868610467244169,,,,1.0
36,acetone_dipole,198,0.9999999403953552,0.0,0.5868610467244169,0.5868610467244169,,,,1.0
36,acetone_dipole,199,0.9999999403953552,0.0,0.5868610467244169,0.5868610467244169,,,,1.0
36,acetone_dipole,200,0.9999999403953552,0.0,0.5868610467244169,0.5868610467244169,,,,1.0
36,acetone_dipole,201,0.9999999403953552,0.0,0.5868610467244169,0.5868610467244169,,,,1.0
36,acetone_dipole,202,0.9999999403953552,0.0,0.5868610467244169,0.5868610467244169,,,,1.0
36,acetone_dipole,203,0.9999999403953552,0.0,0.5868610467244169,0.5868610467244169,,,,1.0
36,acetone_dipole,204,0.9999999403953552,0.0,0.5868610467244169,0.5868610467244169,,,,1.0
36,acetone_dipole,205,0.9999999403953552,0.0,0.5868610467244169,0.5868610467244169,,,,1.0
36,acetone_dipole,206,0.9999999403953552,0.0,0.5868610467244169,0.5868610467244169,,,,1.0
36,acetone_dipole,207,0.9999999403953552,0.0,0.5868610467244169,0.5868610467244169,,,,1.0
36,acetone_dipole,208,0.9999999403953552,0.0,0.5868610467244169,0.5868610467244169,,,,1.0
36,acetone_dipole,209,0.9999999403953552,0.0,0.5868610467244169,0.5868610467244169,,,,1.0
36,acetone_dipole,210,0.9999999403953552,0.0,0.5868610467244169,0.5868610467244169,,,,1.0
36,acetone_dipole,211,0.9999999403953552,0.0,0.5868610467244169,0.5868610467244169,,,,1.0
36,acetone_dipole,212,0.9999999403953552,0.0,0.5868610467244169,0.5868610467244169,,,,1.0
36,acetone_dipole,213,0.9999999403953552,0.0,0.5868610467244169,0.5868610467244169,,,,1.0
36,acetone_dipole,214,0.9999999403953552,0.0,0.5868610467244169,0.5868610467244169,,,,1.0
36,acetone_dipole,215,0.9999999403953552,0.0,0.5868610467244169,0.5868610467244169,,,,1.0
36,acetone_dipole,216,0.9999999403953552,0.0,0.5868610467244169,0.5868610467244169,,,,1.0
36,acetone_dipole,217,0.9999999403953552,0.0,0.5868610467244169,0.5868610467244169,,,,1.0
36,acetone_dipole,218,0.9999999403953552,0.0,0.5868610467244169,0.5868610467244169,,,,1.0
36,acetone_dipole,219,0.9999999403953552,0.0,0.5868610467244169,0.5868610467244169,,,,1.0
36,acetone_dipole,220,0.9999999403953552,0.0,0.5868610467244169,0.5868610467244169,,,,1.0
36,acetone_dipole,221,0.9999999403953552,0.0,0.5868610467244169,0.5868610467244169,,,,1.0
36,acetone_dipole,222,0.9999999403953552,0.0,0.5868610467244169,0.5868610467244169,,,,1.0
36,acetone_dipole,223,0.9999999403953552,0.0,0.5868610467244169,0.5868610467244169,,,,1.0
36,acetone_dipole,224,0.9999999403953552,0.0,0.5868610467244169,0.5868610467244169,,,,1.0
36,acetone_dipole,225,0.9999999403953552,0.0,0.5868610467244169,0.5868610467244169,,,,1.0
36,acetone_dipole,226,0.9999999403953552,0.0,0.5868610467244169,0.5868610467244169,,,,1.0
36,acetone_dipole,227,0.9999999403953552,0.0,0.5868610467244169,0.5868610467244169,,,,1.0
36,acetone_dipole,228,0.9999999403953552,0.0,0.5868610467244169,0.5868610467244169,,,,1.0
36,acetone_dipole,229,0.9999999403953552,0.0,0.5868610467244169,0.5868610467244169,,,,1.0
36,acetone_dipole,230,0.9999999403953552,0.0,0.5868610467244169,0.5868610467244169,,,,1.0
36,acetone_dipole,231,0.9999999403953552,0.0,0.5868610467244169,0.5868610467244169,,,,1.0
36,acetone_dipole,232,0.9999999403953552,0.0,0.5868610467244169,0.5868610467244169,,,,1.0
36,acetone_dipole,233,0.9999999403953552,0.0,0.5868610467244169,0.5868610467244169,,,,1.0
36,acetone_dipole,234,0.9999999403953552,0.0,0.5868610467244169,0.5868610467244169,,,,1.0
36,acetone_dipole,235,0.9999999403953552,0.0,0.5868610467244169,0.5868610467244169,,,,1.0
36,acetone_dipole,236,0.9999999403953552,0.0,0.5868610467244169,0.5868610467244169,,,,1.0
36,acetone_dipole,237,0.9999999403953552,0.0,0.5868610467244169,0.5868610467244169,,,,1.0
36,acetone_dipole,238,0.9999999403953552,0.0,0.5868610467244169,0.5868610467244169,,,,1.0
36,acetone_dipole,239,0.9999999403953552,0.0,0.5868610467244169,0.5868610467244169,,,,1.0
36,acetone_dipole,240,0.9999999403953552,0.0,0.5868610467244169,0.5868610467244169,,,,1.0
36,acetone_dipole,241,0.9999999403953552,0.0,0.5868610467244169,0.5868610467244169,,,,1.0
36,acetone_dipole,242,0.9999999403953552,0.0,0.5868610467244169,0.5868610467244169,,,,1.0
36,acetone_dipole,243,0.9999999403953552,0.0,0.5868610467244169,0.5868610467244169,,,,1.0
36,acetone_dipole,244,0.9999999403953552,0.0,0.5868610467244169,0.5868610467244169,,,,1.0
36,acetone_dipole,245,0.9999999403953552,0.0,0.5868610467244169,0.5868610467244169,,,,1.0
36,acetone_dipole,246,0.9999999403953552,0.0,0.5868610467244169,0.5868610467244169,,,,1.0
36,acetone_dipole,247,0.9999999403953552,0.0,0.5868610467244169,0.5868610467244169,,,,1.0
36,acetone_dipole,248,0.9999999403953552,0.0,0.5868610467244169,0.5868610467244169,,,,1.0
36,acetone_dipole,249,0.9999999403953552,0.0,0.5868610467244169,0.5868610467244169,,,,1.0
36,octanol_gsolv_eV,0,0.3077527582645416,0.05707264319062233,0.6481199669548201,0.9195292216416475,13.229578971862793,0.9424629807472229,0.0712390759185679,0.26
36,octanol_gsolv_eV,1,0.33383622765541077,0.046360183507204056,0.648649009095646,0.9220089526688231,10.64833927154541,1.6961276531219482,0.15928565101737097,0.36
36,octanol_gsolv_eV,2,0.13382956385612488,0.054766688495874405,0.6492143902615897,0.9660585120415186,12.5438871383667,0.03555415943264961,0.0028343813237846948,0.04
36,octanol_gsolv_eV,3,0.14077164232730865,0.05071910843253136,0.6488820187215034,0.9595902684092532,11.577743530273438,0.025352582335472107,0.0021897688672391363,0.12
36,octanol_gsolv_eV,4,0.22625449299812317,0.04892401397228241,0.6476349023027641,0.9401036182895204,11.177278518676758,0.345694899559021,0.030928360511136902,0.34
36,octanol_gsolv_eV,5,0.10624139755964279,0.045325867831707,0.6475529487442926,0.9629034112825532,10.314953804016113,0.010839641094207764,0.001050866664084076,0.1
36,octanol_gsolv_eV,6,0.1900901347398758,0.052150826901197433,0.6475490042819361,0.9468051901450125,11.880523681640625,0.22441376745700836,0.018889215111266733,0.2
36,octanol_gsolv_eV,7,0.2873420715332031,0.05094528570771217,0.646671441463081,0.9174605536835696,11.749092102050781,0.5813145041465759,0.049477397836136514,0.22
36,octanol_gsolv_eV,8,0.2381037175655365,0.0541871003806591,0.6380554505843734,0.9011804664542435,12.20289421081543,0.7804614901542664,0.06395708072782791,0.18
36,octanol_gsolv_eV,9,0.22733058035373688,0.02166353352367878,0.6441598437984286,0.9455399346069424,4.757395267486572,0.2361246645450592,0.04963318187134966,0.16
36,octanol_gsolv_eV,10,0.12908120453357697,0.050514012575149536,0.6476843498700917,0.9620465050154068,11.532687187194824,0.008089818991720676,0.0007014686915902051,0.12
36,octanol_gsolv_eV,11,0.30340132117271423,0.04290320351719856,0.6461084226996872,0.9084750817770857,9.86538028717041,0.6718826293945312,0.06810509172852583,0.24
36,octanol_gsolv_eV,12,0.2897062301635742,0.046591758728027344,0.6465148258392466,0.9169133101687157,10.726953506469727,0.6251000165939331,0.05827376954854123,0.24
36,octanol_gsolv_eV,13,0.08204696327447891,0.03161896765232086,0.6465337769356057,0.9405740083177823,7.122530937194824,0.07445253431797028,0.01045310086744152,0.02
36,octanol_gsolv_eV,14,0.3553217947483063,0.06796040385961533,0.6495532625001967,0.9136891389648243,15.935715675354004,1.5210295915603638,0.09544783695612559,0.32
36,octanol_gsolv_eV,15,0.2695958614349365,0.061393655836582184,0.6445750739320133,0.9568500801932145,14.019526481628418,0.5912357568740845,0.04217230572293982,0.22
36,octanol_gsolv_eV,16,0.13972581923007965,0.029971346259117126,0.647373825493823,0.9757074599178224,6.6586594581604,0.10668319463729858,0.01602172258660186,0.1
36,octanol_gsolv_eV,17,0.2539989650249481,0.04988805949687958,0.6427676146234114,0.9040084718444907,11.367205619812012,0.7549326419830322,0.06641321246685754,0.22
36,octanol_gsolv_eV,18,0.25151944160461426,0.05077624320983887,0.6489258744976323,0.9525461815798486,11.690431594848633,0.4028013348579407,0.03445564276989006,0.26
36,octanol_gsolv_eV,19,0.13044199347496033,0.04793592914938927,0.6495743024096046,0.9714422139921346,10.985261917114258,0.007931542582809925,0.0007220167022556963,0.12
36,octanol_gsolv_eV,20,0.12308965623378754,0.049943841993808746,0.6409470251848841,0.9771658232353375,11.143880844116211,0.05680515244603157,0.005097429992355291,0.1
36,octanol_gsolv_eV,21,0.289960652589798,0.05041028559207916,0.6454059473399449,0.9141155658120901,11.463067054748535,0.6378315091133118,0.05564230812460373,0.3
36,octanol_gsolv_eV,22,0.3474928140640259,0.039931923151016235,0.6460855009238264,0.9295900315515686,9.02653694152832,0.5912083983421326,0.0654967017995755,0.3
36,octanol_gsolv_eV,23,0.16650526225566864,0.017223550006747246,0.65033518955166,0.9667059424934916,3.832911729812622,0.06713692843914032,0.017515907793269846,0.14
36,octanol_gsolv_eV,24,0.46345752477645874,0.035011112689971924,0.648489351349314,0.9024893837216057,8.078600883483887,2.296063184738159,0.28421544990943837,0.32
36,octanol_gsolv_eV,25,0.2932397723197937,0.04847767949104309,0.6470600882346174,0.9208785281810601,11.15157699584961,0.8411530256271362,0.07542906496006765,0.32
36,octanol_gsolv_eV,26,0.32364094257354736,0.04155931621789932,0.6502081184400745,0.9142225620556041,9.638824462890625,0.9502231478691101,0.09858288752196488,0.22
36,octanol_gsolv_eV,27,0.09321893006563187,0.04339709132909775,0.648447158436545,0.956966261153968,9.904376983642578,0.04653438180685043,0.0046983653675242345,0.12
36,octanol_gsolv_eV,28,0.28635868430137634,0.04990534856915474,0.6434689123005217,0.9127449702975818,11.486356735229492,0.7674417495727539,0.06681333056799064,0.16
36,octanol_gsolv_eV,29,0.31948161125183105,0.053609929978847504,0.6374032605072661,0.9122319231034881,12.043510437011719,0.6458997130393982,0.053630518810731505,0.26
36,octanol_gsolv_eV,30,0.17843514680862427,0.052829332649707794,0.6488361466015269,0.9604316611432693,12.108175277709961,0.025118190795183182,0.0020744819280427386,0.12
36,octanol_gsolv_eV,31,0.11910427361726761,0.05107241868972778,0.6474009397628151,0.9771722103977383,11.705713272094727,0.007394938264042139,0.0006317375192907678,0.12
36,octanol_gsolv_eV,32,0.25898560881614685,0.05209806188941002,0.646278867761422,0.9363383359403177,11.950851440429688,0.7046088576316833,0.05895888348574011,0.2
36,octanol_gsolv_eV,33,0.2746489346027374,0.04908575117588043,0.6475412259858406,0.9224602808329683,11.3616304397583,0.9698086977005005,0.08535823294399739,0.3
36,octanol_gsolv_eV,34,0.31674066185951233,0.04793580248951912,0.6475375030739403,0.9134843378345601,11.116415977478027,0.6642792820930481,0.05975660531585762,0.34
36,octanol_gsolv_eV,35,0.27690261602401733,0.04542423039674759,0.649594574482796,0.9297489699088715,10.47695541381836,0.5935479402542114,0.05665271224418535,0.38
36,octanol_gsolv_eV,36,0.33827611804008484,0.04870176687836647,0.6492346063564638,0.9243322412993595,11.279187202453613,2.319526433944702,0.2056465942368724,0.28
36,octanol_gsolv_eV,37,0.14056627452373505,0.03907565027475357,0.6491781616385499,0.9485693089548493,8.900014877319336,0.1317821741104126,0.014806961103654367,0.12
36,octanol_gsolv_eV,38,0.27232399582862854,0.04181148484349251,0.6403380805182946,0.9377209126371797,9.491423606872559,0.6954436898231506,0.07327074616284043,0.16
36,octanol_gsolv_eV,39,0.12785078585147858,0.053844891488552094,0.647115133977761,0.968168240760237,12.294668197631836,0.010053168050944805,0.0008176851859150796,0.12
36,octanol_gsolv_eV,40,0.32060864567756653,0.04930361360311508,0.6473182676764921,0.9071032447422203,11.43665885925293,1.0407713651657104,0.09100309609424655,0.24
36,octanol_gsolv_eV,41,0.25057703256607056,0.05170125514268875,0.6475942732796074,0.9122089672045732,11.954378128051758,0.586417555809021,0.04905462664201264,0.32
36,octanol_gsolv_eV,42,0.3209788501262665,0.046512410044670105,0.6483536861767543,0.9355863355112273,10.740888595581055,0.6475837230682373,0.060291447705235666,0.28
36,octanol_gsolv_eV,43,0.25228771567344666,0.04774010553956032,0.6501032217694334,0.9126979201419427,11.041390419006348,0.7741279602050781,0.07011145615071408,0.24
36,octanol_gsolv_eV,44,0.14181102812290192,0.04688449949026108,0.6495087600604414,0.9652384454569105,10.714695930480957,0.06144430860877037,0.0057345825777449086,0.1
36,octanol_gsolv_eV,45,0.31295859813690186,0.06281150877475739,0.6332259026974927,0.9175312203612653,13.834213256835938,1.702182650566101,0.123041521694412,0.24
36,octanol_gsolv_eV,46,0.1267615407705307,0.03440204635262489,0.6466770450023542,0.962351750206955,7.649423122406006,0.03279343992471695,0.004287047454423242,0.16
36,octanol_gsolv_eV,47,0.30223599076271057,0.05389411747455597,0.6409009263702496,0.9299772151591197,12.168539047241211,1.0052058696746826,0.08260694778331486,0.24
36,octanol_gsolv_eV,48,0.2736593782901764,0.053685419261455536,0.6485507517738376,0.9492292679599359,12.39617919921875,0.44321203231811523,0.03575392265594612,0.18
36,octanol_gsolv_eV,49,0.2820867598056793,0.047669414430856705,0.6469850614859021,0.9219345865036579,10.92766284942627,0.8519434928894043,0.07796209533808353,0.24
36,octanol_gsolv_eV,50,0.2528422772884369,0.045914046466350555,0.6467712533857137,0.9266071535384184,10.57989501953125,0.402057021856308,0.03800198594731627,0.3
36,octanol_gsolv_eV,51,0.27136707305908203,0.05764559283852577,0.6449105925670926,0.9229835067693906,13.43885612487793,0.9846190214157104,0.07326657955605237,0.34
36,octanol_gsolv_eV,52,0.398623526096344,0.01631079614162445,0.6558492721469751,0.9752882236679636,3.7592649459838867,0.17640745639801025,0.046926050420168064,0.24
36,octanol_gsolv_eV,53,0.07738902419805527,0.048858027905225754,0.6470053119807524,0.9643196250588182,11.105046272277832,0.014867289923131466,0.0013387868504650484,0.04
36,octanol_gsolv_eV,54,0.24046462774276733,0.06946496665477753,0.6366904179950075,0.9437125661930841,15.402094841003418,0.5954786539077759,0.038662185894511834,0.16
36,octanol_gsolv_eV,55,0.37005212903022766,0.04970987141132355,0.6457332670948097,0.9047317410604887,11.52318286895752,0.8788853883743286,0.07627106142192462,0.28
36,octanol_gsolv_eV,56,0.21454547345638275,0.04546188935637474,0.6477769470346442,0.9492220911462963,10.436652183532715,0.29962223768234253,0.028708654117562345,0.22
36,octanol_gsolv_eV,57,0.3435475826263428,0.04165363311767578,0.6461656423495439,0.9082959282616487,9.619363784790039,0.6990881562232971,0.07267509285059813,0.24
36,octanol_gsolv_eV,58,0.161378875374794,0.05608183890581131,0.6495618094445426,0.9726917581440522,12.837301254272461,0.01606786623597145,0.0012516545275140136,0.12
36,octanol_gsolv_eV,59,0.12521499395370483,0.05385006591677666,0.6488773245439092,0.9568046399606642,12.338233947753906,0.022738514468073845,0.0018429310519122747,0.1
36,octanol_gsolv_eV,60,0.32629314064979553,0.04903654754161835,0.6459995315190785,0.9149651468097297,11.323067665100098,0.952301561832428,0.08410278821945108,0.34
36,octanol_gsolv_eV,61,0.21984881162643433,0.05026206746697426,0.6486446687214382,0.9448808917666893,11.553864479064941,0.30481940507888794,0.026382463255580534,0.24
36,octanol_gsolv_eV,62,0.4042094647884369,0.04405960440635681,0.6505573035009129,0.9078478079641388,10.295053482055664,0.9546209573745728,0.0927261775801828,0.3
36,octanol_gsolv_eV,63,0.31065353751182556,0.04707041010260582,0.6474481758846651,0.9054627927270451,10.912342071533203,0.735392689704895,0.067390912499279,0.3
36,octanol_gsolv_eV,64,0.15611721575260162,0.04625830426812172,0.6504294868065197,0.9644785774145468,10.6311616897583,0.07765250653028488,0.007304235303381065,0.1
36,octanol_gsolv_eV,65,0.40333908796310425,0.04649585857987404,0.6546495091463835,0.9219715416238281,10.833626747131348,2.7179222106933594,0.25087833226422,0.22
36,octanol_gsolv_eV,66,0.2881045639514923,0.04819788038730621,0.6485491974309185,0.9060837647397713,11.201693534851074,0.5383914709091187,0.04806339945241829,0.3
36,octanol_gsolv_eV,67,0.33738166093826294,0.05132906883955002,0.6483157586887052,0.911441078694937,12.00247859954834,0.936599612236023,0.07803384979759662,0.26
36,octanol_gsolv_eV,68,0.22438204288482666,0.05030475929379463,0.6483973241609984,0.9531540668758574,11.486273765563965,0.3290260136127472,0.02864514814187805,0.26
36,octanol_gsolv_eV,69,0.19167107343673706,0.04548303410410881,0.6473153809375369,0.9677420459337847,10.377148628234863,0.04180004447698593,0.004028085746334353,0.12
36,octanol_gsolv_eV,70,0.06948623806238174,0.05302669480443001,0.6449946197757497,0.9681257029843424,11.957009315490723,0.008213954046368599,0.0006869572340072643,0.04
36,octanol_gsolv_eV,71,0.10238215327262878,0.046735621988773346,0.6480295952129727,0.9778626303049991,10.670060157775879,0.009577542543411255,0.000897609048289344,0.1
36,octanol_gsolv_eV,72,0.26523980498313904,0.06715106219053268,0.6414198214090447,0.93240813115235,15.192793846130371,0.35671207308769226,0.023479030697079288,0.16
36,octanol_gsolv_eV,73,0.19925875961780548,0.08996018767356873,0.6092989204962524,0.9682629947187733,18.2139949798584,0.0795232355594635,0.004366051250557759,0.16
36,octanol_gsolv_eV,74,0.25989001989364624,0.04777086526155472,0.6492807262233831,0.9541148258772802,10.986448287963867,0.2780427932739258,0.025307796112646684,0.18
36,octanol_gsolv_eV,75,0.2587020993232727,0.04808821901679039,0.6503270005504493,0.899369063997363,11.198041915893555,0.641081690788269,0.05724944553729271,0.16
36,octanol_gsolv_eV,76,0.5393862128257751,0.024051662534475327,0.6562591050089508,0.8906302182744315,5.52786111831665,1.6247024536132812,0.29391159054807026,0.44
36,octanol_gsolv_eV,77,0.12018411606550217,0.03980480879545212,0.6500266299716237,0.9616416445093567,9.120858192443848,0.03715645149350166,0.004073788969143697,0.1
36,octanol_gsolv_eV,78,0.3075695037841797,0.049381073564291,0.6488133815347705,0.9120085668527975,11.459427833557129,1.3161773681640625,0.11485541750259506,0.28
36,octanol_gsolv_eV,79,0.3926483988761902,0.03259303420782089,0.6510222156513219,0.9503367715028059,7.405600547790527,0.8772297501564026,0.11845491050933411,0.38
36,octanol_gsolv_eV,80,0.3240179419517517,0.04575759544968605,0.6492010416886189,0.9080179069526766,10.62540054321289,1.0930029153823853,0.10286698472563038,0.3
36,octanol_gsolv_eV,81,0.0824797973036766,0.031814102083444595,0.6441837830966277,0.9607469320796562,7.042745113372803,0.020661909133195877,0.0029337863007370423,0.04
36,octanol_gsolv_eV,82,0.25682100653648376,0.03369399160146713,0.6467881227229846,0.9531778042719803,7.577001094818115,0.3517993688583374,0.04642989547658001,0.22
36,octanol_gsolv_eV,83,0.2899836301803589,0.054619863629341125,0.6464096905112076,0.9068511624936231,12.603191375732422,0.6902228593826294,0.05476572074527574,0.16
36,octanol_gsolv_eV,84,0.2966102957725525,0.03526542708277702,0.6462690213468474,0.9095170482738408,7.962070465087891,0.7489448189735413,0.0940640782140169,0.22
36,octanol_gsolv_eV,85,0.2859443426132202,0.04275905713438988,0.6460528565049437,0.9074938561059422,9.837258338928223,0.8645268678665161,0.08788290782660355,0.26
36,octanol_gsolv_eV,86,0.3808826208114624,0.04841383546590805,0.6480427098534218,0.9036956757282153,11.434470176696777,1.0197280645370483,0.08918017614976458,0.18
36,octanol_gsolv_eV,87,0.16050362586975098,0.045522965490818024,0.6468930519086202,0.9346895242597186,10.34524154663086,0.08778024464845657,0.008485084108746018,0.14
36,octanol_gsolv_eV,88,0.10043714195489883,0.039232999086380005,0.6457211926347723,0.9608454138762976,8.73266887664795,0.028907055035233498,0.003310219984698369,0.04
36,octanol_gsolv_eV,89,0.12221335619688034,0.05194346234202385,0.6454522842124295,0.9613329690225119,11.71190071105957,0.01594398356974125,0.0013613489358465373,0.14
36,octanol_gsolv_eV,90,0.16093216836452484,0.04880962893366814,0.6464386356298728,0.9744925971934539,11.1199951171875,0.022579321637749672,0.0020305154273719227,0.14
36,octanol_gsolv_eV,91,0.2863074839115143,0.047501858323812485,0.6398937795619795,0.9106761259171727,10.848548889160156,0.6613724231719971,0.06096413722510287,0.28
36,octanol_gsolv_eV,92,0.25615644454956055,0.05516939237713814,0.6449602366814706,0.9455707045119193,12.546989440917969,0.9985676407814026,0.07958623425033702,0.26
36,octanol_gsolv_eV,93,0.09877754002809525,0.0497119165956974,0.6480005096831516,0.9691769192275042,11.327901840209961,0.015137910842895508,0.0013363384549432969,0.02
36,octanol_gsolv_eV,94,0.22570379078388214,0.05892788991332054,0.6478485158952503,0.9578727010464265,13.518732070922852,0.1189795732498169,0.008801089675098118,0.12
36,octanol_gsolv_eV,95,0.07905931770801544,0.051874302327632904,0.6442370493619296,0.9655333642454353,11.700536727905273,0.009987158700823784,0.0008535641512072555,0.08
36,octanol_gsolv_eV,96,0.25982439517974854,0.05505717545747757,0.6447194893471888,0.9411308916959842,12.529512405395508,0.914533793926239,0.0729903737939889,0.28
36,octanol_gsolv_eV,97,0.26897186040878296,0.049245208501815796,0.6457060062927273,0.9145121913759895,11.405243873596191,0.8956081867218018,0.07852600055270956,0.18
36,octanol_gsolv_eV,98,0.160608172416687,0.052485350519418716,0.6447042530060272,0.9637991547330746,11.851696014404297,0.05105573683977127,0.004307884439300436,0.12
36,octanol_gsolv_eV,99,0.2935023903846741,0.04872144013643265,0.6501142075423509,0.9203196193263625,11.344894409179688,0.6981523036956787,0.06153889833745573,0.36
36,octanol_gsolv_eV,100,0.11861957609653473,0.05724131688475609,0.6434040180467793,0.9640304693661954,12.84030532836914,0.02391601726412773,0.0018625738759722567,0.1
36,octanol_gsolv_eV,101,0.3194087743759155,0.04673812538385391,0.6484970384501814,0.9164069544601827,10.945221900939941,0.6337155103683472,0.05789882709586049,0.16
36,octanol_gsolv_eV,102,0.24633878469467163,0.049906518310308456,0.647883421940973,0.9299837333907022,11.521405220031738,0.5832861065864563,0.05062629908826777,0.3
36,octanol_gsolv_eV,103,0.22197556495666504,0.05090038478374481,0.6497879542448002,0.9401216172399538,11.7410306930542,0.3892920911312103,0.0331565516953728,0.22
36,octanol_gsolv_eV,104,0.3025982975959778,0.049373868852853775,0.6458901556972427,0.9110104690603906,11.342744827270508,0.9468989372253418,0.08348058178552901,0.22
36,octanol_gsolv_eV,105,0.2583557963371277,0.04818110167980194,0.6407720312807235,0.8992940290904499,11.064767837524414,1.165810465812683,0.10536239737981858,0.22
36,octanol_gsolv_eV,106,0.2147771120071411,0.04953516647219658,0.6474899739574038,0.9564749026379771,11.35657024383545,0.0798567458987236,0.007031766121648504,0.18
36,octanol_gsolv_eV,107,0.11910683661699295,0.07696691155433655,0.6363229667540786,0.9581088779702145,16.925941467285156,0.062034450471401215,0.003665051695428748,0.08
36,octanol_gsolv_eV,108,0.22175483405590057,0.05212659761309624,0.6452097604733122,0.938051584362964,11.823158264160156,0.4083387851715088,0.034537200301996855,0.22
36,octanol_gsolv_eV,109,0.2819691002368927,0.047097016125917435,0.649266938183463,0.9109014050577766,10.945624351501465,0.5863616466522217,0.053570415704225,0.32
36,octanol_gsolv_eV,110,0.2325311154127121,0.052351877093315125,0.6475485945361665,0.9447781022149506,11.963107109069824,0.20919169485569,0.017486401563444283,0.2
36,octanol_gsolv_eV,111,0.172224223613739,0.05088207498192787,0.6460750968053399,0.958664608884632,11.601520538330078,0.11981917917728424,0.0103278857957813,0.2
36,octanol_gsolv_eV,112,0.08847451955080032,0.05059192329645157,0.6492234376405879,0.9662763512514827,11.534871101379395,0.008251209743320942,0.0007153274337269554,0.08
36,octanol_gsolv_eV,113,0.1580779105424881,0.05207904800772667,0.6460795224646556,0.9617049043797339,11.855384826660156,0.05144798010587692,0.004339629700605055,0.18
36,octanol_gsolv_eV,114,0.11310233920812607,0.052676208317279816,0.6414688316615729,0.9718332507534975,11.753650665283203,0.011728879064321518,0.000997892433451774,0.12
36,octanol_gsolv_eV,115,0.5908927321434021,0.029890427365899086,0.6567699399124651,0.9030428883886101,6.936483383178711,2.2701869010925293,0.32728210761635157,0.42
36,octanol_gsolv_eV,116,0.12319822609424591,0.02758895978331566,0.6469097704892497,0.9684310208951301,6.116605758666992,0.03487982228398323,0.005702480045335582,0.16
36,octanol_gsolv_eV,117,0.26736557483673096,0.04704342782497406,0.6531129242402285,0.9009957616590514,11.03852367401123,0.6031101942062378,0.05463685289964838,0.3
36,octanol_gsolv_eV,118,0.453227698802948,0.043937936425209045,0.6474354787852019,0.919125566954641,9.950701713562012,2.422577381134033,0.24345794405958865,0.22
36,octanol_gsolv_eV,119,0.2795943021774292,0.05322738364338875,0.6423488089989091,0.8999440979982172,12.098175048828125,1.4542946815490723,0.12020777312938126,0.26
36,octanol_gsolv_eV,120,0.15088723599910736,0.05794180929660797,0.636073488200124,0.9530649204327917,12.772601127624512,0.018953271210193634,0.0014839006574159435,0.16
36,octanol_gsolv_eV,121,0.08014622330665588,0.09990155696868896,0.6226522799147094,0.9731762717941821,20.768856048583984,0.023199470713734627,0.0011170317064870966,0.02
36,octanol_gsolv_eV,122,0.2700639069080353,0.050572507083415985,0.6475834934781526,0.9427417670043583,11.647296905517578,0.4933561682701111,0.04235799707624844,0.26
36,octanol_gsolv_eV,123,0.1310703009366989,0.05156553536653519,0.6501977456319425,0.9652368907483633,11.82236385345459,0.009426754899322987,0.0007973663318244441,0.14
36,octanol_gsolv_eV,124,0.3331897556781769,0.04781726747751236,0.6507712471903178,0.9100406831091381,11.133411407470703,0.91543048620224,0.08222371856194688,0.26
36,octanol_gsolv_eV,125,0.1088692769408226,0.07714765518903732,0.6364186040139173,0.9685672854673839,16.89056968688965,0.017599577084183693,0.0010419765236127218,0.02
36,octanol_gsolv_eV,126,0.06054511293768883,0.05134924128651619,0.6453346254832657,0.9653242856034716,11.701568603515625,0.008526495657861233,0.0007286626218043561,0.06
36,octanol_gsolv_eV,127,0.1358625590801239,0.04643037170171738,0.6492929214169127,0.9550199945765421,10.625934600830078,0.030784625560045242,0.0028971216854318305,0.12
36,octanol_gsolv_eV,128,0.2693273723125458,0.04787096381187439,0.645371007361401,0.9180558369662817,10.977625846862793,0.7414929866790771,0.06754584251848796,0.28
36,octanol_gsolv_eV,129,0.13141028583049774,0.05408469960093498,0.6454315222704416,0.9663103203665784,12.174525260925293,0.00789841078221798,0.0006487654025876719,0.08
36,octanol_gsolv_eV,130,0.1294247955083847,0.04297470301389694,0.6439052871472826,0.9509831084467142,9.588997840881348,0.06247084215283394,0.006514845783622796,0.06
36,octanol_gsolv_eV,131,0.3288511335849762,0.04805835336446762,0.6493680842913092,0.937272246176782,11.165445327758789,0.8467559218406677,0.07583718311131929,0.3
36,octanol_gsolv_eV,132,0.2120562046766281,0.02825286239385605,0.6450009644543286,0.9203701994016613,6.350179195404053,0.3457770347595215,0.05445153973131622,0.08
36,octanol_gsolv_eV,133,0.27765941619873047,0.06795108318328857,0.6385134194362145,0.9531801764669863,15.071883201599121,0.46731945872306824,0.03100604300552739,0.2
36,octanol_gsolv_eV,134,0.10363291949033737,0.05075489729642868,0.6407494434564682,0.9696707721529623,11.392436027526855,0.015987200662493706,0.0014033171328647182,0.12
36,octanol_gsolv_eV,135,0.27472934126853943,0.05634520947933197,0.6459214286436603,0.951354710666372,12.827741622924805,0.6525893211364746,0.05087328232198055,0.22
36,octanol_gsolv_eV,136,0.32819226384162903,0.04183243587613106,0.64932885159084,0.8900188374427114,9.711556434631348,0.8555238246917725,0.088093379310548,0.24
36,octanol_gsolv_eV,137,0.42785483598709106,0.05093131586909294,0.6523084734504432,0.9231217915087675,12.008451461791992,1.8051128387451172,0.15032020110907326,0.38
36,octanol_gsolv_eV,138,0.14825619757175446,0.03847382217645645,0.6457670836859373,0.967005432139252,8.698639869689941,0.04179960861802101,0.0048053039606421755,0.14
36,octanol_gsolv_eV,139,0.414383202791214,0.046275120228528976,0.6486303615398332,0.9100495332492984,10.849169731140137,1.2404800653457642,0.11433870942079938,0.42
36,octanol_gsolv_eV,140,0.08839155733585358,0.05001555383205414,0.6484921660540861,0.962968633145945,11.396220207214355,0.03487605229020119,0.0030603175137071297,0.06
36,octanol_gsolv_eV,141,0.2876865267753601,0.04437669366598129,0.6492870135158098,0.931468729556751,10.248162269592285,0.4356726109981537,0.04251226703258345,0.24
36,octanol_gsolv_eV,142,0.15962427854537964,0.04535967484116554,0.6514846231735041,0.9219641149336733,10.453479766845703,0.1701662838459015,0.016278434324386557,0.16
36,octanol_gsolv_eV,143,0.22177530825138092,0.04960568994283676,0.6503506449564325,0.9539680276635667,11.432583808898926,0.1504381000995636,0.013158713954273852,0.12
36,octanol_gsolv_eV,144,0.15650774538516998,0.05951748415827751,0.6487203437775886,0.9689395915045504,13.616729736328125,0.020915191620588303,0.0015359922702136463,0.16
36,octanol_gsolv_eV,145,0.10171858966350555,0.05070839077234268,0.649061066229631,0.968011500746291,11.56176471710205,0.0062806978821754456,0.0005432300376157195,0.12
36,octanol_gsolv_eV,146,0.09640629589557648,0.06445244699716568,0.6448899914685271,0.9702476714713149,14.536349296569824,0.024046678096055984,0.0016542446528668882,0.04
36,octanol_gsolv_eV,147,0.2649936079978943,0.04866042360663414,0.6495376848826835,0.9145201892579984,11.327704429626465,0.8356969356536865,0.0737746063949202,0.28
36,octanol_gsolv_eV,148,0.30571091175079346,0.05014380067586899,0.6474716330667001,0.9232681789921917,11.467741012573242,1.8326119184494019,0.15980583416037425,0.26
36,octanol_gsolv_eV,149,0.09790772944688797,0.03988955542445183,0.6473512475508207,0.9247055427588531,9.087471961975098,0.16300170123577118,0.01793696882013201,0.04
36,octanol_gsolv_eV,150,0.29231879115104675,0.054954659193754196,0.639639132254433,0.9069885514034457,12.379800796508789,1.3893373012542725,0.112226143545547,0.18
36,octanol_gsolv_eV,151,0.16298449039459229,0.048893433064222336,0.6490089690167575,0.9699973297727054,11.201597213745117,0.010452349670231342,0.0009331124366269484,0.2
36,octanol_gsolv_eV,152,0.14507390558719635,0.051551803946495056,0.6476530423982998,0.9556195450606064,11.725963592529297,0.03954442963004112,0.0033723820919276254,0.08
36,octanol_gsolv_eV,153,0.39674583077430725,0.0338992103934288,0.6465253473803845,0.9071633998068067,7.792638778686523,1.3727096319198608,0.17615465966090063,0.42
36,octanol_gsolv_eV,154,0.2097245454788208,0.04832512140274048,0.6465154176101109,0.9404983811154006,11.04896354675293,0.31477221846580505,0.028488845775793182,0.2
36,octanol_gsolv_eV,155,0.14382562041282654,0.049393393099308014,0.6490390633159913,0.9639728773283041,11.301408767700195,0.03486239165067673,0.0030847828237409313,0.16
36,octanol_gsolv_eV,156,0.43483784794807434,0.036336176097393036,0.6490283990205525,0.902054492613678,8.328320503234863,1.2518502473831177,0.15031244857794288,0.38
36,octanol_gsolv_eV,157,0.26842859387397766,0.05135044828057289,0.6498074126139595,0.9541770343697593,11.848758697509766,0.4383524954319,0.036995647107238995,0.22
36,octanol_gsolv_eV,158,0.38902294635772705,0.044282253831624985,0.6523247792192166,0.9211771074979207,10.335906028747559,1.4901340007781982,0.1441706219690509,0.26
36,octanol_gsolv_eV,159,0.2740952968597412,0.04777153953909874,0.6478029753890615,0.9049238276745522,10.994564056396484,0.6432177424430847,0.058503251165185545,0.22
36,octanol_gsolv_eV,160,0.2916376292705536,0.04996723309159279,0.6480169417472486,0.8996135575051085,11.504204750061035,0.9974418878555298,0.08670237617687028,0.26
36,octanol_gsolv_eV,161,0.3192065358161926,0.03937924653291702,0.6457672508204417,0.9387380579772688,8.959931373596191,0.44092243909835815,0.04921047056205163,0.34
36,octanol_gsolv_eV,162,0.31442904472351074,0.049527574330568314,0.6452998501721849,0.9056962727567699,11.524377822875977,0.9463930726051331,0.08212096888445776,0.32
36,octanol_gsolv_eV,163,0.28813421726226807,0.05418303608894348,0.6436117663820811,0.9231348367404912,12.30884838104248,1.9186229705810547,0.15587347501461055,0.26
36,octanol_gsolv_eV,164,0.4529092609882355,0.049223393201828,0.6519974609433195,0.9183755325232679,11.657848358154297,1.4632618427276611,0.12551731655560228,0.36
36,octanol_gsolv_eV,165,0.26387399435043335,0.04859365150332451,0.6478754547823595,0.9111753174091894,11.304518699645996,0.5549721121788025,0.04909294477049975,0.26
36,octanol_gsolv_eV,166,0.3537610173225403,0.042418528348207474,0.6449415386504223,0.9142384710502534,9.699817657470703,1.1568351984024048,0.11926360260096455,0.36
36,octanol_gsolv_eV,167,0.23171424865722656,0.04944228753447533,0.6464634169823107,0.92539621524516,11.34298324584961,0.40495285391807556,0.03570073631786837,0.18
36,octanol_gsolv_eV,168,0.14657281339168549,0.06120460480451584,0.6344657132946536,0.9652065524702886,13.410900115966797,0.045017678290605545,0.0033567976721419496,0.16
36,octanol_gsolv_eV,169,0.344746470451355,0.04974944517016411,0.6515288890163344,0.9096422134294073,11.66651725769043,1.1866809129714966,0.10171680946078836,0.38
36,octanol_gsolv_eV,170,0.07637239992618561,0.044473860412836075,0.6481563398444405,0.9579059804077099,10.129477500915527,0.021856730803847313,0.0021577352634301076,0.02
36,octanol_gsolv_eV,171,0.11134370416402817,0.053409431129693985,0.6260227670545184,0.9619168781444356,11.623839378356934,0.012565745040774345,0.001081032233133847,0.16
36,octanol_gsolv_eV,172,0.11095558106899261,0.04738711193203926,0.64970142028782,0.9621820138695154,10.861721992492676,0.015002996660768986,0.0013812723867484959,0.08
36,octanol_gsolv_eV,173,0.2969127893447876,0.04498543590307236,0.6486997928363334,0.9019270244990898,10.43438720703125,0.9493188858032227,0.09097984069093398,0.26
36,octanol_gsolv_eV,174,0.30048877000808716,0.04802202060818672,0.6271307299113111,0.9190151889206977,10.722665786743164,1.2916876077651978,0.12046329088818192,0.28
36,octanol_gsolv_eV,175,0.3104364573955536,0.04932809993624687,0.6495218486475922,0.9194844966814606,11.425140380859375,0.8608337640762329,0.07534557435446433,0.3
36,octanol_gsolv_eV,176,0.36047807335853577,0.05364653095602989,0.6503804605286627,0.9464701505539213,12.482900619506836,1.7101688385009766,0.1370009175454399,0.38
36,octanol_gsolv_eV,177,0.2702963948249817,0.045922596007585526,0.6483454328408802,0.9164868770671288,10.580846786499023,0.5238995552062988,0.04951395344603095,0.24
36,octanol_gsolv_eV,178,0.33221185207366943,0.04563579335808754,0.6485430074295291,0.9189553874696668,10.532859802246094,1.351227045059204,0.12828681577733142,0.22
36,octanol_gsolv_eV,179,0.17562226951122284,0.05153893679380417,0.6468409861427336,0.9259863969285445,11.788104057312012,0.3372001349925995,0.02860512032750835,0.1
36,octanol_gsolv_eV,180,0.26299020648002625,0.03927411884069443,0.6482328335697567,0.9557523766216487,8.993566513061523,0.4150469899177551,0.04614932121922651,0.2
36,octanol_gsolv_eV,181,0.1556493639945984,0.049592580646276474,0.6501499032807236,0.9438287975208859,11.383967399597168,0.10315559804439545,0.009061480450835243,0.1
36,octanol_gsolv_eV,182,0.1471751183271408,0.047856081277132034,0.6490564467523852,0.974208986955587,11.038924217224121,0.005907412618398666,0.0005351438692894805,0.08
36,octanol_gsolv_eV,183,0.3414720296859741,0.04669495299458504,0.6476019925190657,0.9091219682951575,10.802391052246094,0.6502850651741028,0.060198252593243406,0.28
36,octanol_gsolv_eV,184,0.36275145411491394,0.04641212522983551,0.654447480691428,0.9074235182885839,10.953481674194336,1.240201473236084,0.11322440755599336,0.28
36,octanol_gsolv_eV,185,0.31877946853637695,0.04827514663338661,0.6443308931522362,0.906370915706878,11.156255722045898,0.8079317808151245,0.07241961827914799,0.36
36,octanol_gsolv_eV,186,0.30089738965034485,0.04763190820813179,0.6492456304163237,0.9011796776983825,11.068180084228516,1.3824431896209717,0.1249024843380412,0.2
36,octanol_gsolv_eV,187,0.28548356890678406,0.04929085448384285,0.6446116322394446,0.9005357028087071,11.33106803894043,0.8290197849273682,0.07316342837924482,0.26
36,octanol_gsolv_eV,188,0.5777045488357544,0.030541161075234413,0.6600980335314086,0.9267384636183318,6.9263916015625,3.130995750427246,0.4520385116141767,0.56
36,octanol_gsolv_eV,189,0.17807026207447052,0.047889791429042816,0.649201947648657,0.9453380271493463,10.951337814331055,0.13193410634994507,0.012047304958239392,0.1
36,octanol_gsolv_eV,190,0.23460112512111664,0.04792379215359688,0.6475930856945449,0.9219765082962186,11.00243091583252,0.38223209977149963,0.034740695278664906,0.2
36,octanol_gsolv_eV,191,0.12862001359462738,0.046062517911195755,0.6487716983321326,0.96720676565544,10.509859085083008,0.010324206203222275,0.000982335359555464,0.12
36,octanol_gsolv_eV,192,0.08108209073543549,0.05055931955575943,0.6490172565189172,0.9640773587688594,11.526379585266113,0.011115764267742634,0.0009643760372035328,0.08
36,octanol_gsolv_eV,193,0.2902979254722595,0.045365411788225174,0.6478132655935078,0.9108242618192621,10.44218635559082,0.8705344200134277,0.08336706417304432,0.34
36,octanol_gsolv_eV,194,0.22447432577610016,0.04898116737604141,0.6492295191890598,0.9255697473546518,11.360020637512207,0.6019325852394104,0.05298692708812111,0.18
36,octanol_gsolv_eV,195,0.1496340036392212,0.04884639382362366,0.6492283352361221,0.9631623793398856,11.195329666137695,0.029118821024894714,0.002600979327385943,0.06
36,octanol_gsolv_eV,196,0.15315739810466766,0.05161842331290245,0.6491822158933365,0.9743082891178385,11.804383277893066,0.006746895145624876,0.0005715584615301573,0.22
36,octanol_gsolv_eV,197,0.2729187309741974,0.048472750931978226,0.646990214133405,0.9169155390733981,11.142663955688477,0.9193236827850342,0.08250483784137701,0.28
36,octanol_gsolv_eV,198,0.18236304819583893,0.026003051549196243,0.6460904736951565,0.964947430237852,5.75930118560791,0.09250897914171219,0.01606253539455197,0.14
36,octanol_gsolv_eV,199,0.11971154808998108,0.050778165459632874,0.6464249978761742,0.9769832619050616,11.485518455505371,0.006933190394192934,0.000603646271698744,0.12
36,octanol_gsolv_eV,200,0.16015799343585968,0.04841886833310127,0.6459887227604366,0.9602819075138995,11.007893562316895,0.1532200574874878,0.013919107831129745,0.12
36,octanol_gsolv_eV,201,0.0820842981338501,0.038250382989645004,0.6469559091004526,0.9573040317631436,8.671928405761719,0.024673806503415108,0.0028452502544902905,0.06
36,octanol_gsolv_eV,202,0.2445402592420578,0.0576138012111187,0.644041907578236,0.9353369792782726,13.03779125213623,0.9414273500442505,0.07220757963048369,0.12
36,octanol_gsolv_eV,203,0.14247038960456848,0.047647878527641296,0.6489143131576343,0.959456855666319,10.876534461975098,0.06808073818683624,0.006259414561214316,0.1
36,octanol_gsolv_eV,204,0.09889230132102966,0.04582332447171211,0.6455422844307481,0.9611084487908121,10.393322944641113,0.02517492137849331,0.002422220642289742,0.08
36,octanol_gsolv_eV,205,0.2619805932044983,0.05273837596178055,0.6468902162996288,0.902980120242427,12.19150161743164,0.7175363302230835,0.05885545134137836,0.2
36,octanol_gsolv_eV,206,0.21955278515815735,0.043965864926576614,0.6424871042558293,0.9512579583875982,9.870532035827637,0.20116010308265686,0.020379864261875092,0.28
36,octanol_gsolv_eV,207,0.3946903944015503,0.04996819421648979,0.6486960611812389,0.9116804056053982,11.530757904052734,1.530799388885498,0.1327579159690332,0.26
36,octanol_gsolv_eV,208,0.323758602142334,0.04776601120829582,0.6503024481127173,0.9094542215765891,11.124669075012207,0.8939505219459534,0.0803574934155938,0.22
36,octanol_gsolv_eV,209,0.1947871446609497,0.05279432237148285,0.6479382997792904,0.9499379586676977,12.08824348449707,0.09148374199867249,0.007567992993853784,0.14
36,octanol_gsolv_eV,210,0.2748758792877197,0.04473526403307915,0.6443678320752375,0.915544074078988,10.225686073303223,0.8988955616950989,0.0879056481150831,0.2
36,octanol_gsolv_eV,211,0.27635514736175537,0.050571899861097336,0.6454108547627222,0.9309706229843637,11.475126266479492,0.5348184108734131,0.04660675607864074,0.26
36,octanol_gsolv_eV,212,0.19207626581192017,0.030574724078178406,0.6458877085412862,0.9371739262364842,6.911889553070068,0.2162998765707016,0.03129388496588856,0.12
36,octanol_gsolv_eV,213,0.23305203020572662,0.04977252334356308,0.6350111173318433,0.9363946238007206,11.187627792358398,0.47136715054512024,0.04213289531021787,0.22
36,octanol_gsolv_eV,214,0.16338245570659637,0.05020401254296303,0.6477788201672992,0.9461230823342355,11.428831100463867,0.08493517339229584,0.0074316588149463975,0.12
36,octanol_gsolv_eV,215,0.08672507852315903,0.07574069499969482,0.6313228787608955,0.9667219039180264,16.45685386657715,0.01872488670051098,0.0011378169152088094,0.04
36,octanol_gsolv_eV,216,0.3783918023109436,0.04622377082705498,0.6490975737407267,0.9214857991180541,10.722698211669922,0.9265078902244568,0.08640622648654822,0.26
36,octanol_gsolv_eV,217,0.40112659335136414,0.04324479401111603,0.6499789555909017,0.914906427816319,9.977225303649902,1.736778736114502,0.1740743225953961,0.36
36,octanol_gsolv_eV,218,0.11509817093610764,0.05481456220149994,0.6446525327074166,0.9611900828600999,12.293553352355957,0.013436109758913517,0.0010929394759846712,0.08
36,octanol_gsolv_eV,219,0.294010192155838,0.04752035066485405,0.6481602194761613,0.9015838496657005,10.97055435180664,1.0868712663650513,0.09907168147670353,0.3
36,octanol_gsolv_eV,220,0.2697806656360626,0.040197283029556274,0.6456489499894409,0.919838317556918,9.176766395568848,0.6271902322769165,0.06834545037343062,0.22
36,octanol_gsolv_eV,221,0.2977510392665863,0.05017706751823425,0.6451287949231932,0.911195106715385,11.562884330749512,0.8206090927124023,0.07096923823151399,0.26
36,octanol_gsolv_eV,222,0.24357645213603973,0.046033088117837906,0.649153627638763,0.9152091282309593,10.55632209777832,0.566068172454834,0.05362361693889281,0.18
36,octanol_gsolv_eV,223,0.15465785562992096,0.044175341725349426,0.6479829618934148,0.9733024728801425,10.083212852478027,0.07437802106142044,0.007376420804519808,0.16
36,octanol_gsolv_eV,224,0.07424075156450272,0.052086081355810165,0.6462989880904502,0.965719776527034,11.830289840698242,0.011880935169756413,0.0010042809880180569,0.04
36,octanol_gsolv_eV,225,0.2854611575603485,0.044602081179618835,0.6473373869690342,0.9076190376581614,10.357149124145508,0.6455351114273071,0.06232749028614237,0.18
36,octanol_gsolv_eV,226,0.2708906829357147,0.04622574895620346,0.6489314866533684,0.8980852620051281,10.688698768615723,0.6701341271400452,0.06269557610770177,0.2
36,octanol_gsolv_eV,227,0.20944450795650482,0.05149194598197937,0.6476729698426094,0.94679560828833,11.830729484558105,0.18990817666053772,0.016052110472850614,0.24
36,octanol_gsolv_eV,228,0.292906254529953,0.048191335052251816,0.6497388573958391,0.9132760182514128,11.233383178710938,0.8540906310081482,0.0760314695422112,0.32
36,octanol_gsolv_eV,229,0.1649332195520401,0.048110779374837875,0.647611222804382,0.9414702190513233,10.97517204284668,0.20894673466682434,0.019038128409386547,0.12
36,octanol_gsolv_eV,230,0.27205583453178406,0.04449634253978729,0.6471635190609564,0.9090810768788387,10.263631820678711,0.6714504361152649,0.06542035488475495,0.2
36,octanol_gsolv_eV,231,0.33724743127822876,0.04541430249810219,0.6482716725952908,0.9095910738985122,10.525413513183594,1.2228312492370605,0.11617892709919708,0.3
36,octanol_gsolv_eV,232,0.11212980002164841,0.044326987117528915,0.648319489111898,0.9612851885880955,10.082021713256836,0.022657640278339386,0.0022473310336702497,0.1
36,octanol_gsolv_eV,233,0.12599968910217285,0.04831557348370552,0.6470772699222356,0.9615221538193743,11.026129722595215,0.006523872725665569,0.0005916738592596613,0.12
36,octanol_gsolv_eV,234,0.12360482662916183,0.05014010891318321,0.6478211825317215,0.9655458196690148,11.399641990661621,0.016628004610538483,0.0014586427033550563,0.1
36,octanol_gsolv_eV,235,0.34012964367866516,0.04592330753803253,0.6497211234086546,0.9030705373942478,10.669868469238281,1.7064869403839111,0.15993514309045057,0.2
36,octanol_gsolv_eV,236,0.14714793860912323,0.049088817089796066,0.6483525465858431,0.9588809392605087,11.165658950805664,0.02841058187186718,0.0025444608327229268,0.14
36,octanol_gsolv_eV,237,0.14257094264030457,0.04774494841694832,0.6482455224753176,0.9534172813068322,10.869401931762695,0.039728980511426926,0.003655121115296181,0.12
36,octanol_gsolv_eV,238,0.24810446798801422,0.055858585983514786,0.6407090204975727,0.903748131476668,12.485664367675781,0.7536782622337341,0.06036348888129147,0.22
36,octanol_gsolv_eV,239,0.2671108841896057,0.050972677767276764,0.642163092766729,0.9179743210916489,11.73532772064209,0.547434389591217,0.0466484109027732,0.28
36,octanol_gsolv_eV,240,0.1545443832874298,0.050908587872982025,0.6466467975781782,0.956412643988114,11.591017723083496,0.0662657767534256,0.005716993825439279,0.14
36,octanol_gsolv_eV,241,0.3521692454814911,0.04726334661245346,0.6475718180158481,0.9065799638464707,11.029942512512207,1.1452733278274536,0.10383311848890166,0.26
36,octanol_gsolv_eV,242,0.2566687762737274,0.0479130744934082,0.6474332692396041,0.9055222187927727,11.04422378540039,0.7708764672279358,0.06979906258753782,0.28
36,octanol_gsolv_eV,243,0.25149887800216675,0.0520833358168602,0.6451650211598972,0.9164830210883641,11.917383193969727,0.6705372333526611,0.05626547560306337,0.26
36,octanol_gsolv_eV,244,0.0720895528793335,0.04548101872205734,0.6442749480514822,0.9629183520076412,10.286609649658203,0.012310585007071495,0.0011967582543078751,0.1
36,octanol_gsolv_eV,245,0.2757088243961334,0.05073658749461174,0.6499610895279655,0.9338378658496722,11.78902530670166,0.4349657893180847,0.03689582285236265,0.16
36,octanol_gsolv_eV,246,0.1484188288450241,0.04650522395968437,0.6474033618323243,0.9684891873253743,10.605883598327637,0.020698871463537216,0.0019516404523618445,0.18
36,octanol_gsolv_eV,247,0.1440991759300232,0.04800928756594658,0.646934789169824,0.9753638582382784,10.942813873291016,0.02404138259589672,0.0021970018748629556,0.14
36,octanol_gsolv_eV,248,0.16818122565746307,0.027822550386190414,0.6465744057349267,0.9777524365103638,6.169009685516357,0.10237408429384232,0.01659489764365209,0.14
36,octanol_gsolv_eV,249,0.14514710009098053,0.0499492846429348,0.6476851219937603,0.975828759491322,11.393410682678223,0.01127410028129816,0.0009895281224645528,0.16
36,octanol_hl_gap_eV,0,0.0665292739868164,0.0045610591769218445,0.6140295843821868,0.9374312617432823,1.029584527015686,0.02881881222128868,0.02799072000899409,0.08
36,octanol_hl_gap_eV,1,0.1063830778002739,0.0018697466002777219,0.6225922491307807,0.979044952602875,0.4176332354545593,0.0008322756621055305,0.001992838671471314,0.1
36,octanol_hl_gap_eV,2,0.14107777178287506,0.0010096626356244087,0.6402617791628009,0.9318516363091567,0.35424816608428955,0.02207549847662449,0.06231647920901829,0.02
36,octanol_hl_gap_eV,3,0.09356354922056198,0.0008593409438617527,0.6520665203175613,0.9710428165135558,0.31155523657798767,0.002042904030531645,0.006557116654401893,0.06
36,octanol_hl_gap_eV,4,0.06338299810886383,0.010667729191482067,0.578672695636433,0.9469682415916243,2.133248805999756,0.04102788493037224,0.019232583098127812,0.08
36,octanol_hl_gap_eV,5,0.07388893514871597,0.002375369193032384,0.5880497205115447,0.9780466210165402,0.5501675009727478,0.0024198205210268497,0.004398334174134932,0.24
36,octanol_hl_gap_eV,6,0.014363220892846584,0.0011669824598357081,0.6259658091439797,0.9668557096299732,0.3454253673553467,0.0011037958320230246,0.003195468359703662,0.12
36,octanol_hl_gap_eV,7,0.023632004857063293,0.002637601224705577,0.6334533315079716,0.9725674741280244,0.5172761082649231,0.0010588786099106073,0.002047027869627225,0.04
36,octanol_hl_gap_eV,8,0.09722533077001572,0.002512879204005003,0.5959548400805903,0.9765631330608942,0.47033417224884033,0.0036342546809464693,0.007726962860405749,0.04
36,octanol_hl_gap_eV,9,0.009477646090090275,0.0022235342767089605,0.5965540253434236,0.9793077099198131,0.35231709480285645,0.0009240154759027064,0.002622681355895464,0.08
36,octanol_hl_gap_eV,10,0.07625512033700943,0.0010156393982470036,0.6602421497676583,0.9720377071803101,0.2738432288169861,0.0012485807528719306,0.004559472798600317,0.22
36,octanol_hl_gap_eV,11,0.033951252698898315,0.0011876072967424989,0.6495520208395691,0.9547275581459975,0.26969772577285767,0.0013669845648109913,0.005068580244396575,0.02
36,octanol_hl_gap_eV,12,0.04099331051111221,0.0022301138378679752,0.6289591829344654,0.9809472420612,0.39200934767723083,0.0013681031996384263,0.003489975960381646,0.0
36,octanol_hl_gap_eV,13,0.10088466852903366,0.0010529754217714071,0.6604117094558137,0.978469178374106,0.3680618405342102,0.0007887061219662428,0.0021428630602441795,0.08
36,octanol_hl_gap_eV,14,0.039302270859479904,0.002295214682817459,0.6232546997069657,0.9777044905432359,0.540027916431427,0.0013598856749013066,0.0025181766229560943,0.1
36,octanol_hl_gap_eV,15,0.046333394944667816,0.0012296498753130436,0.6141099205925593,0.9570970096287319,0.2554048001766205,0.001389955752529204,0.005442167694452123,0.02
36,octanol_hl_gap_eV,16,0.20622564852237701,0.0013496429892256856,0.6108929643677288,0.9451384035898591,0.2965851426124573,0.013902748003602028,0.0468760770723047,0.22
36,octanol_hl_gap_eV,17,0.09978701919317245,0.001883043791167438,0.6044768334726978,0.9691002051725668,0.5061296820640564,0.000905683496966958,0.0017894297233734132,0.28
36,octanol_hl_gap_eV,18,0.09200192987918854,0.0008591617806814611,0.6551810262751034,0.9724950801124188,0.31250256299972534,0.00041894917376339436,0.0013406263607628798,0.22
36,octanol_hl_gap_eV,19,0.07115278393030167,0.0007920838543213904,0.6508381427899277,0.9556476012859085,0.26801562309265137,0.0012795720249414444,0.0047742441659794745,0.1
36,octanol_hl_gap_eV,20,0.04052107781171799,0.002021636115387082,0.5815178954584646,0.9501894175334422,0.49901100993156433,0.007394966669380665,0.01481924551202754,0.02
36,octanol_hl_gap_eV,21,0.06317786872386932,0.0012062531895935535,0.6267116416637086,0.9453981292704607,0.2812136709690094,0.0020811324939131737,0.007400538127260964,0.06
36,octanol_hl_gap_eV,22,0.09462510049343109,0.0016396800056099892,0.6112091737241498,0.9711239237589615,0.25675269961357117,0.0014594647800549865,0.00568432106946323,0.18
36,octanol_hl_gap_eV,23,0.04129090532660484,0.0009608848486095667,0.6553010883774115,0.9447290515137079,0.2953820824623108,0.002035354031249881,0.0068905805466707055,0.02
36,octanol_hl_gap_eV,24,0.39427053928375244,0.0011728685349225998,0.6481343140597282,0.8908653506036914,0.2959202527999878,0.05221760272979736,0.17645836077698673,0.26
36,octanol_hl_gap_eV,25,0.03345204517245293,0.002157751005142927,0.5804181343319743,0.9729941838869398,0.4705698490142822,0.002660447731614113,0.005653672323433042,0.1
36,octanol_hl_gap_eV,26,0.11071819812059402,0.001689643133431673,0.6119150288428958,0.9841024896198409,0.235025554895401,0.0007255153614096344,0.0030869637207431664,0.22
36,octanol_hl_gap_eV,27,0.2682228982448578,0.0020253313705325127,0.59229262528362,0.9106221327059338,0.31478482484817505,0.08253616094589233,0.26219866534449565,0.12
36,octanol_hl_gap_eV,28,0.36961308121681213,0.0021786021534353495,0.633824061704815,0.9039100864877385,0.4095926284790039,0.11200470477342606,0.27345390757970517,0.2
36,octanol_hl_gap_eV,29,0.06779378652572632,0.0016933821607381105,0.629755020712893,0.9659528890651368,0.3134235739707947,0.001918428111821413,0.006120880084151473,0.1
36,octanol_hl_gap_eV,30,0.11820202320814133,0.0012360138352960348,0.612071692359144,0.9589902869909583,0.32844051718711853,0.0009793376084417105,0.002981780740175135,0.18
36,octanol_hl_gap_eV,31,0.09635554999113083,0.0014117601094767451,0.6022212296149274,0.9753364274601122,0.3493064045906067,0.0008608779171481729,0.0024645351640693136,0.1
36,octanol_hl_gap_eV,32,0.06124303862452507,0.002186393365263939,0.6528389927098879,0.9633481579304717,0.40683096647262573,0.0014669913798570633,0.0036058990115143364,0.1
36,octanol_hl_gap_eV,33,0.05576588213443756,0.002252661157399416,0.6045477043685918,0.9850732773639554,0.4955076575279236,0.0023587720934301615,0.004760314109368202,0.2
36,octanol_hl_gap_eV,34,0.06921220570802689,0.0026755668222904205,0.6286317978353853,0.9795052051012567,0.6472627520561218,0.0022420089226216078,0.0034638312115127107,0.2
36,octanol_hl_gap_eV,35,0.1324337124824524,0.001440851716324687,0.615930707164027,0.9195139446296838,0.3054402768611908,0.029351163655519485,0.09609460794477442,0.06
36,octanol_hl_gap_eV,36,0.11101185530424118,0.0012179856421425939,0.6394455028678543,0.9790252845383378,0.30028966069221497,0.001771876821294427,0.005900558871091238,0.1
36,octanol_hl_gap_eV,37,0.04573051258921623,0.002388356951996684,0.5866519263943346,0.9780723943707208,0.5315647125244141,0.0011238568695262074,0.0021142428062784365,0.06
36,octanol_hl_gap_eV,38,0.025358475744724274,0.0013165874406695366,0.6292695496388496,0.9427907043265802,0.26459401845932007,0.001349941361695528,0.005101934539397285,0.04
36,octanol_hl_gap_eV,39,0.11945800483226776,0.000784482283052057,0.6909281765478898,0.9745928046679737,0.2645949423313141,0.004708870314061642,0.017796524274320415,0.04
36,octanol_hl_gap_eV,40,0.03267388418316841,0.002952630165964365,0.6247111979194233,0.9854949866698723,0.6768046021461487,0.006222535390406847,0.009193990954959786,0.1
36,octanol_hl_gap_eV,41,0.01686195842921734,0.0020333724096417427,0.6375885042597396,0.9802512867309221,0.4133860766887665,0.0005599476862698793,0.0013545392983602043,0.0
36,octanol_hl_gap_eV,42,0.03516902029514313,0.0016962226945906878,0.6296444539457431,0.974149691737233,0.2965868413448334,0.0011879565427079797,0.004005425653145466,0.2
36,octanol_hl_gap_eV,43,0.07319141924381256,0.0010344295296818018,0.6477033037300799,0.9710101724781439,0.3290524482727051,0.0013933834852650762,0.00423453310431016,0.04
36,octanol_hl_gap_eV,44,0.036613453179597855,0.001788125024177134,0.5954493212544307,0.9708373518324545,0.4507516920566559,0.0034823138266801834,0.007725570170998902,0.04
36,octanol_hl_gap_eV,45,0.15179821848869324,0.003536382457241416,0.621622600064214,0.9682048137214665,0.7198324203491211,0.01083411555737257,0.015050885804946085,0.1
36,octanol_hl_gap_eV,46,0.08690159767866135,0.00089928915258497,0.6673692675008727,0.9744693066684691,0.31589123606681824,0.0012474232353270054,0.003948901054865437,0.18
36,octanol_hl_gap_eV,47,0.12574242055416107,0.0020816551987081766,0.6011843946472935,0.9754561347183675,0.28159910440444946,0.0022713064681738615,0.00806574464424317,0.06
36,octanol_hl_gap_eV,48,0.1504424810409546,0.002081194892525673,0.6121092189694786,0.9701784435285223,0.3482232391834259,0.0027393270283937454,0.007866583042583239,0.26
36,octanol_hl_gap_eV,49,0.03343550115823746,0.0012828983599320054,0.6207298546092841,0.9639752347384458,0.22204138338565826,0.0035108227748423815,0.015811569543072605,0.02
36,octanol_hl_gap_eV,50,0.0036172731779515743,0.0019868495874106884,0.6183479380985966,0.9531692715057318,0.3770524859428406,0.002313939156010747,0.006136915263201658,0.1
36,octanol_hl_gap_eV,51,0.055411744862794876,0.0015428564511239529,0.6180551847582032,0.9709551047011615,0.3210531771183014,0.0007320597069337964,0.002280182097883578,0.26
36,octanol_hl_gap_eV,52,0.07289521396160126,0.0011819874634966254,0.6526065934380485,0.9747984073725249,0.2825203239917755,0.0005676537984982133,0.0020092494248829273,0.04
36,octanol_hl_gap_eV,53,0.09609914571046829,0.0008669240633025765,0.6542835195592629,0.9643527849318072,0.2884865999221802,0.001624364755116403,0.0056306419624155115,0.12
36,octanol_hl_gap_eV,54,0.04011275991797447,0.0013254113728180528,0.6196075942168597,0.9618930342426861,0.22778724133968353,0.002297602128237486,0.0100866146616668,0.04
36,octanol_hl_gap_eV,55,0.037428900599479675,0.0018978840671479702,0.6077687236674556,0.9717131057678925,0.43719741702079773,0.0021880611311644316,0.005004743957717262,0.02
36,octanol_hl_gap_eV,56,0.06407108902931213,0.001205730834044516,0.6326632077595902,0.9728331053849322,0.3231913447380066,0.0008642559987492859,0.0026741310150180247,0.02
36,octanol_hl_gap_eV,57,0.027107495814561844,0.0042060245759785175,0.6148380248999761,0.9680937979669071,0.7174971699714661,0.003152659395709634,0.00439396770838136,0.0
36,octanol_hl_gap_eV,58,0.11162832379341125,0.0015372157795354724,0.60944311073368,0.9700082797589422,0.3349660634994507,0.0029621971771121025,0.00884327548338926,0.16
36,octanol_hl_gap_eV,59,0.10633637756109238,0.0016552089946344495,0.6290030356180067,0.975038732829244,0.45062679052352905,0.0018831385532394052,0.0041789316410851055,0.2
36,octanol_hl_gap_eV,60,0.08200310915708542,0.0017198303248733282,0.5975518067182553,0.9777338409037808,0.31166619062423706,0.0024205006193369627,0.00776632400995737,0.18
36,octanol_hl_gap_eV,61,0.060970570892095566,0.0020637069828808308,0.584207987517593,0.9435150938663175,0.42486080527305603,0.005024516489356756,0.011826265042564996,0.04
36,octanol_hl_gap_eV,62,0.08159766346216202,0.0022820085287094116,0.6297352286176736,0.9704081005143033,0.4381081163883209,0.0015838644467294216,0.00361523648497201,0.12
36,octanol_hl_gap_eV,63,0.058261752128601074,0.0021433536894619465,0.6281485864229002,0.9527057746977654,0.4289589822292328,0.007710524834692478,0.017974969995084578,0.04
36,octanol_hl_gap_eV,64,0.04893437772989273,0.0012986876536160707,0.6192051063142927,0.9725907372396643,0.3542531132698059,0.001128511969000101,0.003185609178092402,0.04
36,octanol_hl_gap_eV,65,0.0910693109035492,0.0013515454484149814,0.6531046212408058,0.9759088809446117,0.361691951751709,0.0016334721585735679,0.004516197141414136,0.12
36,octanol_hl_gap_eV,66,0.08818769454956055,0.0012324941344559193,0.6516323204512295,0.9725572696016436,0.36704644560813904,0.0008845600532367826,0.0024099403871659995,0.16
36,octanol_hl_gap_eV,67,0.09235022217035294,0.001213457202538848,0.6630787820118778,0.9740346022943804,0.3713078200817108,0.0009951730025932193,0.0026801832570459176,0.04
36,octanol_hl_gap_eV,68,0.04828755557537079,0.001384355709888041,0.613804305107809,0.9673679145763978,0.3327869474887848,0.0014379584463313222,0.00432095806996692,0.02
36,octanol_hl_gap_eV,69,0.06966178864240646,0.0012293009785935283,0.6308053833242968,0.9738311673181166,0.23889707028865814,0.0023067810107022524,0.00965596190826024,0.02
36,octanol_hl_gap_eV,70,0.21477095782756805,0.0026614435482770205,0.5910453659036654,0.897477270775427,0.5611799955368042,0.09224820137023926,0.16438255480222172,0.22
36,octanol_hl_gap_eV,71,0.11747864633798599,0.0013013161951676011,0.6986893608730014,0.9824443666051983,0.3657382130622864,0.0023267825599759817,0.006361879827907737,0.2
36,octanol_hl_gap_eV,72,0.3406398296356201,0.0014815055765211582,0.6264288256070565,0.9399977045250272,0.3847922086715698,0.04203776270151138,0.10924795708998283,0.36
36,octanol_hl_gap_eV,73,0.07976410537958145,0.001094802631996572,0.647821414385418,0.9689822988569736,0.28322088718414307,0.0007789643714204431,0.0027503775557131847,0.04
36,octanol_hl_gap_eV,74,0.07452645897865295,0.0016469851834699512,0.5935184314847113,0.968084104024965,0.39732176065444946,0.0013146536657586694,0.0033087884831508713,0.06
36,octanol_hl_gap_eV,75,0.045662954449653625,0.0034675037022680044,0.6175950325031716,0.9704019974415989,0.5657107830047607,0.0025281538255512714,0.004468986452976972,0.02
36,octanol_hl_gap_eV,76,0.07102269679307938,0.002427029889076948,0.6129395063443657,0.9558874434036377,0.40647825598716736,0.009954898618161678,0.024490605515872805,0.06
36,octanol_hl_gap_eV,77,0.03659803792834282,0.0011665124911814928,0.6394823271446524,0.9574474468980991,0.3020954430103302,0.0016553022433072329,0.005479401565321293,0.04
36,octanol_hl_gap_eV,78,0.02213945984840393,0.0018376889638602734,0.6230542479142656,0.9525464785643938,0.3133719563484192,0.00075007468694821,0.0023935603418011268,0.1
36,octanol_hl_gap_eV,79,0.056270260363817215,0.0016478660982102156,0.6012806919071298,0.9734961554182571,0.2737840712070465,0.0017974309157580137,0.006565140578973728,0.1
36,octanol_hl_gap_eV,80,0.14312972128391266,0.0018812507623806596,0.6242361112525063,0.9273561218533388,0.34176039695739746,0.02335020899772644,0.06832333180089672,0.1
36,octanol_hl_gap_eV,81,0.2320200800895691,0.0010266158496960998,0.6382359289483222,0.9425058103332273,0.3456766605377197,0.021484993398189545,0.062153439473664245,0.24
36,octanol_hl_gap_eV,82,0.04404556006193161,0.001289993990212679,0.6167738495755535,0.9655147871581067,0.317850261926651,0.000933994073420763,0.0029384719325362615,0.08
36,octanol_hl_gap_eV,83,0.08560983091592789,0.001448168302886188,0.5944318016589578,0.9718275479644016,0.34871894121170044,0.003849778790026903,0.011039775403796543,0.14
36,octanol_hl_gap_eV,84,0.2687349319458008,0.0015614196890965104,0.626348547341202,0.9292723066770749,0.40925776958465576,0.04776749759912491,0.11671738730239087,0.2
36,octanol_hl_gap_eV,85,0.12018419057130814,0.001264791120775044,0.6266640613946342,0.9846141410423079,0.3656930923461914,0.003293755231425166,0.009006883915398271,0.26
36,octanol_hl_gap_eV,86,0.10311008989810944,0.0014142432482913136,0.6292101765465616,0.9782518739182693,0.31954386830329895,0.004443686455488205,0.013906342434555578,0.26
36,octanol_hl_gap_eV,87,0.0849413201212883,0.0009226230322383344,0.6476705838166783,0.9748612618550103,0.27655738592147827,0.0013418180169537663,0.00485186107933036,0.22
36,octanol_hl_gap_eV,88,0.04646187275648117,0.0018447088077664375,0.6252049537788411,0.9754995574298313,0.4633851647377014,0.001702063251286745,0.003673106911504592,0.08
36,octanol_hl_gap_eV,89,0.29280176758766174,0.001424776273779571,0.6138720112466116,0.8992288347318431,0.3883115351200104,0.05334779992699623,0.13738402056613827,0.08
36,octanol_hl_gap_eV,90,0.02930483967065811,0.0011935181682929397,0.5799515449159338,0.9732919151940627,0.309752494096756,0.0014753072755411267,0.004762858422958466,0.1
36,octanol_hl_gap_eV,91,0.04430771991610527,0.0016176289645954967,0.593294193300806,0.9770594898355716,0.3898269236087799,0.0011369080748409033,0.002916443185391357,0.06
36,octanol_hl_gap_eV,92,0.05253561586141586,0.0012135655852034688,0.658547083487071,0.9783689999176504,0.321785032749176,0.0014004167169332504,0.004352025651935287,0.04
36,octanol_hl_gap_eV,93,0.3020802140235901,0.001818356802687049,0.6066971836485313,0.9122153510719433,0.44727015495300293,0.07292410731315613,0.1630426410204335,0.28
36,octanol_hl_gap_eV,94,0.11861608177423477,0.0013196843210607767,0.649131803876007,0.9734519592307573,0.266534686088562,0.0024513413663953543,0.009197082009734531,0.16
36,octanol_hl_gap_eV,95,0.044099755585193634,0.0014454185729846358,0.614018631994306,0.9577407339673256,0.30032914876937866,0.002971545560285449,0.009894296216206721,0.04
36,octanol_hl_gap_eV,96,0.09623909741640091,0.0008382322266697884,0.6979779866928675,0.9543228781764164,0.30485135316848755,0.0008287212112918496,0.0027184436043287815,0.2
36,octanol_hl_gap_eV,97,0.027033865451812744,0.004445085301995277,0.5948817509274407,0.9785207784799272,0.9979623556137085,0.0032408733386546373,0.0032474905695832833,0.0
36,octanol_hl_gap_eV,98,0.09866819530725479,0.0011923102429136634,0.632591868254117,0.9630809539773586,0.31357890367507935,0.0007134448969736695,0.002275168669232031,0.02
36,octanol_hl_gap_eV,99,0.013721862807869911,0.002698789816349745,0.6273339137071858,0.9657252161707557,0.5003691911697388,0.0013826871290802956,0.0027633338612393717,0.0
36,octanol_hl_gap_eV,100,0.08027812838554382,0.0016104897949844599,0.6098062573773961,0.9657058646052177,0.3210940659046173,0.0007593206828460097,0.002364792014161887,0.14
36,octanol_hl_gap_eV,101,0.11958219110965729,0.0012625856325030327,0.6349229712930986,0.9777213622640173,0.3827434480190277,0.0007627828163094819,0.001992935007137107,0.26
36,octanol_hl_gap_eV,102,0.12383393943309784,0.0011842657113447785,0.6469847186350284,0.9266527382052816,0.28456687927246094,0.018202701583504677,0.06396633940690037,0.24
36,octanol_hl_gap_eV,103,0.03778054937720299,0.0018143319757655263,0.6158138482629005,0.9706706068288276,0.37236547470092773,0.001352656981907785,0.0036326057967490046,0.02
36,octanol_hl_gap_eV,104,0.06362831592559814,0.0015719798393547535,0.6025375933612085,0.9839227941136799,0.3909205198287964,0.001174088567495346,0.0030033945724044827,0.04
36,octanol_hl_gap_eV,105,0.07722508907318115,0.0012182063655927777,0.6244312231402385,0.9719720016537918,0.2923366129398346,0.0012893837410956621,0.004410613258904482,0.06
36,octanol_hl_gap_eV,106,0.09307143837213516,0.0011544417357072234,0.6536477168594506,0.9802568449524507,0.3202783763408661,0.0011012692702934146,0.003438475250422011,0.26
36,octanol_hl_gap_eV,107,0.025176577270030975,0.0011543366126716137,0.6338709314037929,0.961877130146439,0.26760321855545044,0.0007644032593816519,0.002856480065927379,0.04
36,octanol_hl_gap_eV,108,0.15906542539596558,0.0021488999482244253,0.6310835811324025,0.9744745024016417,0.43086835741996765,0.0011768226977437735,0.0027312813240465547,0.14
36,octanol_hl_gap_eV,109,0.032187532633543015,0.002581173088401556,0.6374434361145302,0.9611953290081905,0.5083282589912415,0.0014999577542766929,0.002950766021258199,0.02
36,octanol_hl_gap_eV,110,0.15064069628715515,0.0011062572011724114,0.6846589366825229,0.9772380620359664,0.3095880448818207,0.0026844392996281385,0.008671004400873658,0.32
36,octanol_hl_gap_eV,111,0.09126631170511246,0.0034698902163654566,0.6133590179051633,0.9815355589640753,0.6754367351531982,0.004681513179093599,0.006931090560290252,0.02
36,octanol_hl_gap_eV,112,0.08704983443021774,0.0013393678236752748,0.6326639979078394,0.9698387725528139,0.40425461530685425,0.002063917461782694,0.005105488926121605,0.2
36,octanol_hl_gap_eV,113,0.05935756117105484,0.003383387578651309,0.581465168326041,0.9791566112774281,0.7444517016410828,0.005658777896314859,0.007601269342041327,0.08
36,octanol_hl_gap_eV,114,0.058672018349170685,0.0028726577293127775,0.5766993736848829,0.9706541742099348,0.6033324003219604,0.0031967165414243937,0.005298433400424886,0.0
36,octanol_hl_gap_eV,115,0.07261145859956741,0.0015118158189579844,0.596688721572189,0.9719139789240705,0.3215769827365875,0.0017310874536633492,0.005383119895373016,0.02
36,octanol_hl_gap_eV,116,0.04098613187670708,0.001658151624724269,0.630426769372952,0.9625274254803737,0.36515486240386963,0.0009028306812979281,0.0024724596993025297,0.02
36,octanol_hl_gap_eV,117,0.126656636595726,0.004746824502944946,0.6224013723213979,0.9477906833459253,0.9710134863853455,0.05827934294939041,0.06001908703280598,0.1
36,octanol_hl_gap_eV,118,0.2420075684785843,0.002085744636133313,0.597988675283541,0.9416100570730213,0.3867904841899872,0.06730937212705612,0.17402023803148814,0.1
36,octanol_hl_gap_eV,119,0.038969315588474274,0.0029522497206926346,0.6065052486189078,0.9609249200396621,0.4889896512031555,0.0016010539839044213,0.0032742083190616398,0.02
36,octanol_hl_gap_eV,120,0.32860952615737915,0.0024323833640664816,0.5937005481266924,0.9142742995193438,0.5510504245758057,0.12965218722820282,0.23528189335487412,0.4
36,octanol_hl_gap_eV,121,0.19773392379283905,0.0014466396532952785,0.6277763636516669,0.9546971302043119,0.42223483324050903,0.02656419388949871,0.06291331694646682,0.1
36,octanol_hl_gap_eV,122,0.31123822927474976,0.0011246118228882551,0.656136448018291,0.9416996375367015,0.3165588676929474,0.033637601882219315,0.10626017880139368,0.24
36,octanol_hl_gap_eV,123,0.11976570636034012,0.0021457255352288485,0.6344491237355352,0.9776540079741225,0.5174633264541626,0.002531825564801693,0.00489276328459958,0.3
36,octanol_hl_gap_eV,124,0.2546132504940033,0.0016756856348365545,0.6436516027578836,0.9137760482377555,0.32990166544914246,0.05280341953039169,0.16005805687128868,0.36
36,octanol_hl_gap_eV,125,0.08436664193868637,0.0018490238580852747,0.5991458869772885,0.9772019548380577,0.3496860861778259,0.0019844432827085257,0.005674927774219122,0.14
36,octanol_hl_gap_eV,126,0.09590849280357361,0.0021791812032461166,0.6171771836493214,0.9713838613494237,0.4922272861003876,0.0035361347254365683,0.007183946979963621,0.14
36,octanol_hl_gap_eV,127,0.11516212671995163,0.0013983845710754395,0.6045856172468249,0.970639622094948,0.3724830746650696,0.0015157312154769897,0.004069261984158366,0.2
36,octanol_hl_gap_eV,128,0.025371935218572617,0.0026484571862965822,0.6293590381756637,0.9782744395505072,0.5394702553749084,0.0018857583636417985,0.003495574306189093,0.0
36,octanol_hl_gap_eV,129,0.04856399819254875,0.0010357099818065763,0.6411449437036925,0.9350261606240342,0.29691246151924133,0.010103420354425907,0.03402827992711636,0.1
36,octanol_hl_gap_eV,130,0.12779149413108826,0.0019394000992178917,0.5970373562850553,0.9672520660794885,0.509727954864502,0.0019264434231445193,0.003779356036410863,0.2
36,octanol_hl_gap_eV,131,0.05284881219267845,0.0022255952935665846,0.5839836084509364,0.980536006635726,0.47057080268859863,0.0025977452751249075,0.005520413209410214,0.1
36,octanol_hl_gap_eV,132,0.0728270411491394,0.001020966679789126,0.6416849648112473,0.9656593373502402,0.30149444937705994,0.0007219348917715251,0.0023945213361744088,0.12
36,octanol_hl_gap_eV,133,0.10363401472568512,0.0010896183084696531,0.6536297142696466,0.9665041829225904,0.31117263436317444,0.001167957321740687,0.0037534062856489675,0.18
36,octanol_hl_gap_eV,134,0.03834119811654091,0.0017531361663714051,0.5944077339202636,0.9832173376374167,0.36373335123062134,0.002438499592244625,0.006704085792502761,0.02
36,octanol_hl_gap_eV,135,0.06048222631216049,0.000856834405567497,0.6395730924606822,0.9832819759092783,0.27042123675346375,0.001090288977138698,0.004031817139171977,0.04
36,octanol_hl_gap_eV,136,0.09891822934150696,0.0017902364488691092,0.5987952067158973,0.974527177418054,0.46457377076148987,0.0011303751962259412,0.002433144674468225,0.24
36,octanol_hl_gap_eV,137,0.06417518854141235,0.0010065571404993534,0.6419425278568895,0.9719810983596651,0.2601380944252014,0.0012753790942952037,0.004902700225867606,0.12
36,octanol_hl_gap_eV,138,0.07341368496417999,0.0017238428117707372,0.5835018776739256,0.9735923903997012,0.36175572872161865,0.0017305284272879362,0.004783693221399203,0.1
36,octanol_hl_gap_eV,139,0.06733521074056625,0.0010008095996454358,0.672666400791049,0.9647682209257553,0.3110974133014679,0.000990776577964425,0.0031847792222056068,0.22
36,octanol_hl_gap_eV,140,0.1423918753862381,0.001272722496651113,0.643134885167957,0.9732568113987536,0.25890684127807617,0.00237315078265965,0.009166041232996204,0.18
36,octanol_hl_gap_eV,141,0.16198621690273285,0.0009889908833429217,0.6342928927721354,0.9559710476890753,0.3094981014728546,0.0037823382299393415,0.012220877000342705,0.3
36,octanol_hl_gap_eV,142,0.14034448564052582,0.001079267356544733,0.676008737492948,0.973546081224983,0.2809959053993225,0.0007458672043867409,0.002654370366453529,0.3
36,octanol_hl_gap_eV,143,0.042860254645347595,0.0012379178078845143,0.6270906041083486,0.9642026647563084,0.28639933466911316,0.0009549581445753574,0.0033343588094527274,0.02
36,octanol_hl_gap_eV,144,0.0856386348605156,0.0010964639950543642,0.6679499649649672,0.9613469763241382,0.32511430978775024,0.0015447965124621987,0.004751548812080016,0.08
36,octanol_hl_gap_eV,145,0.04400525614619255,0.001523476210422814,0.6202595301917144,0.974220272151531,0.4110654592514038,0.0021365394350141287,0.005197564978835746,0.12
36,octanol_hl_gap_eV,146,0.06231330707669258,0.001303031574934721,0.6344947034339188,0.9782269591348756,0.32767635583877563,0.0012060814769938588,0.003680709503456755,0.14
36,octanol_hl_gap_eV,147,0.07596147060394287,0.0018007064936682582,0.6377544755839053,0.98014261778958,0.3652895987033844,0.0012848374899476767,0.0035173120026091033,0.1
36,octanol_hl_gap_eV,148,0.06091225519776344,0.0016078803455457091,0.6020724538743409,0.9713151842883203,0.3301139771938324,0.0008588589262217283,0.002601704215987903,0.08
36,octanol_hl_gap_eV,149,0.11109030991792679,0.0010614364873617887,0.665965074134973,0.9696298829770296,0.2736482322216034,0.000779980153311044,0.0028503021816687906,0.04
36,octanol_hl_gap_eV,150,0.10739141702651978,0.00320532382465899,0.6325224851409696,0.9751082114675984,0.6645385026931763,0.0008706184453330934,0.0013101098609105968,0.06
36,octanol_hl_gap_eV,151,0.0544976145029068,0.0015227205585688353,0.6093125796683918,0.9797458946736821,0.25495457649230957,0.0022463733330368996,0.008810876682202482,0.28
36,octanol_hl_gap_eV,152,0.2136034071445465,0.0010729043278843164,0.6559891582808448,0.9294925343190341,0.2915589511394501,0.013121135532855988,0.045003370610221,0.22
36,octanol_hl_gap_eV,153,0.10094325989484787,0.004034536890685558,0.5806992834844529,0.9651745642932488,0.6854544281959534,0.027210084721446037,0.03969641686181855,0.06
36,octanol_hl_gap_eV,154,0.38637223839759827,0.0014363785739988089,0.6589442118809223,0.9270471020557691,0.3824829161167145,0.11376858502626419,0.2974474943386694,0.34
36,octanol_hl_gap_eV,155,0.05175257474184036,0.0023475789930671453,0.5863136821585666,0.9677566168632208,0.5335713624954224,0.002539690351113677,0.004759795089519007,0.02
36,octanol_hl_gap_eV,156,0.0674562007188797,0.0016105343820527196,0.6333199588798881,0.9731761715002996,0.31328684091567993,0.0016371587989851832,0.005225750287500326,0.14
36,octanol_hl_gap_eV,157,0.057993654161691666,0.0011111631756648421,0.6616864594214391,0.967320017216269,0.3362604081630707,0.0010028942488133907,0.0029824928075595316,0.06
36,octanol_hl_gap_eV,158,0.059323184192180634,0.0012813506182283163,0.6271884928774389,0.9710007050690626,0.2805159389972687,0.0010041412897408009,0.0035796229381125397,0.06
36,octanol_hl_gap_eV,159,0.027831681072711945,0.003422292647883296,0.6318534036621275,0.9726366940192341,0.6592739224433899,0.0014489595778286457,0.002197811150270492,0.04
36,octanol_hl_gap_eV,160,0.4874752163887024,0.0014260613825172186,0.6349004922500237,0.9083064099614311,0.34633052349090576,0.12287671864032745,0.35479609883000696,0.38
36,octanol_hl_gap_eV,161,0.08520160615444183,0.0012880107387900352,0.6260683500767292,0.9663058262104873,0.27436015009880066,0.0012129549868404865,0.004421031940694323,0.08
36,octanol_hl_gap_eV,162,0.06301853060722351,0.0015706289559602737,0.6166027752368064,0.9757527580281395,0.3041709363460541,0.0008787764236330986,0.0028890874131160186,0.12
36,octanol_hl_gap_eV,163,0.06350312381982803,0.0014013317413628101,0.6396914185020239,0.975316251863614,0.3232406973838806,0.0019161293748766184,0.005927871677003046,0.08
36,octanol_hl_gap_eV,164,0.2764640152454376,0.0019985875114798546,0.5871500824404992,0.9270317176478622,0.4857805073261261,0.07373536378145218,0.1517874074184503,0.24
36,octanol_hl_gap_eV,165,0.057662252336740494,0.0016923875082284212,0.6193103157409758,0.9772787801861254,0.23601949214935303,0.0014266896760091186,0.006044795974335501,0.12
36,octanol_hl_gap_eV,166,0.05400790274143219,0.004796306136995554,0.6437497105719854,0.9758140585383241,1.0069087743759155,0.0011609842767938972,0.0011530183332779853,0.04
36,octanol_hl_gap_eV,167,0.07602937519550323,0.0011344971135258675,0.6572648992304906,0.9672288377538591,0.29983845353126526,0.0008532184292562306,0.0028455937495931033,0.2
36,octanol_hl_gap_eV,168,0.03613175451755524,0.0009498101426288486,0.6915233258113198,0.9700820753399144,0.3221728503704071,0.0010603293776512146,0.0032911816636074006,0.22
36,octanol_hl_gap_eV,169,0.062143560498952866,0.0014307532692328095,0.632242914860208,0.9724905522095839,0.24667350947856903,0.001134208869189024,0.004598016510109141,0.14
36,octanol_hl_gap_eV,170,0.0352945476770401,0.0010685832239687443,0.6590338960497457,0.9617613262199425,0.29445680975914,0.002051692456007004,0.006967719502514643,0.04
36,octanol_hl_gap_eV,171,0.3343258202075958,0.0012184614315629005,0.6404125209269558,0.9009248884221421,0.3420039117336273,0.06232084333896637,0.18222260389672237,0.26
36,octanol_hl_gap_eV,172,0.1022893488407135,0.0012803595745936036,0.6557957413612612,0.9731126461398178,0.3588266372680664,0.0019703316502273083,0.005491040646336812,0.1
36,octanol_hl_gap_eV,173,0.08265435695648193,0.0010037394240498543,0.6411195841801567,0.9637134458921133,0.27890580892562866,0.0013538447674363852,0.004854128971538894,0.22
36,octanol_hl_gap_eV,174,0.04011388495564461,0.0011482989648357034,0.6218081661242099,0.9515932346911558,0.2261524796485901,0.0028810801450163126,0.01273954700604263,0.04
36,octanol_hl_gap_eV,175,0.04285671189427376,0.0013740870635956526,0.6052438500202724,0.9638882068704773,0.32132360339164734,0.0012851550709456205,0.003999566348007124,0.04
36,octanol_hl_gap_eV,176,0.04794146865606308,0.001532497233711183,0.5953033267914896,0.9516934354783002,0.29353025555610657,0.022099275141954422,0.07528789528045866,0.06
36,octanol_hl_gap_eV,177,0.01001849863678217,0.0022943438962101936,0.6048997446815687,0.9662991340405915,0.34018680453300476,0.0020027749706059694,0.005887280000043803,0.0
36,octanol_hl_gap_eV,178,0.03284028545022011,0.0021336597856134176,0.6244449387488624,0.9682985430723205,0.3832225203514099,0.0011605529580265284,0.0030284048989665767,0.0
36,octanol_hl_gap_eV,179,0.10549718141555786,0.0013247559545561671,0.6433894135072162,0.9748631213524095,0.28304511308670044,0.0008933363133110106,0.0031561622935965335,0.2
36,octanol_hl_gap_eV,180,0.33843791484832764,0.0016832334222272038,0.6562955983051095,0.916493924984056,0.4287039041519165,0.05833407863974571,0.13607078936018813,0.26
36,octanol_hl_gap_eV,181,0.07100674510002136,0.0014187601627781987,0.6196391102689249,0.9739758798221558,0.2781467139720917,0.000731574953533709,0.0026301765103977207,0.16
36,octanol_hl_gap_eV,182,0.08868429064750671,0.001135821221396327,0.6355330925628939,0.9754191078105261,0.33100980520248413,0.0012802190613001585,0.0038676167327340275,0.16
36,octanol_hl_gap_eV,183,0.048568133264780045,0.0015291821910068393,0.5990590142831664,0.9780996029137383,0.3053288459777832,0.0013893663417547941,0.004550393322011538,0.02
36,octanol_hl_gap_eV,184,0.08609834313392639,0.004997651558369398,0.6394617751279343,0.958371560736891,1.0319554805755615,0.014340415596961975,0.013896351021813238,0.02
36,octanol_hl_gap_eV,185,0.06594233214855194,0.0015739192022010684,0.6167911014986687,0.9741640632931552,0.3020173907279968,0.0015877780970185995,0.005257240628400057,0.1
36,octanol_hl_gap_eV,186,0.11074753850698471,0.001124034752137959,0.64507169772019,0.9570394566407119,0.352936327457428,0.0021467043552547693,0.006082412572034569,0.2
36,octanol_hl_gap_eV,187,0.04776281118392944,0.0014163273153826594,0.5892330342291634,0.9719813093639031,0.316987544298172,0.003553888062015176,0.011211443875132952,0.06
36,octanol_hl_gap_eV,188,0.16817514598369598,0.0019323064479976892,0.6224491165172741,0.9281838384148609,0.49897098541259766,0.04219166934490204,0.08455736020404848,0.16
36,octanol_hl_gap_eV,189,0.08693152666091919,0.00124461785890162,0.6224266568466981,0.9683767665729148,0.2508203983306885,0.0005929566104896367,0.0023640685304544746,0.04
36,octanol_hl_gap_eV,190,0.06356409937143326,0.002466463251039386,0.6304086114158969,0.9456717405913588,0.46933332085609436,0.01905018277466297,0.04058987915009785,0.02
36,octanol_hl_gap_eV,191,0.08791608363389969,0.0011544497683644295,0.6153240511477345,0.9625072381666109,0.3652210831642151,0.0007779499283060431,0.0021300794619139004,0.18
36,octanol_hl_gap_eV,192,0.12401402741670609,0.0011842766543850303,0.6484172664906964,0.972467889681061,0.36055052280426025,0.0005876016803085804,0.0016297346506070226,0.24
36,octanol_hl_gap_eV,193,0.03512877970933914,0.0014517962699756026,0.6338963761276919,0.969023378530623,0.24423648416996002,0.0011556503595784307,0.00473168602760525,0.0
36,octanol_hl_gap_eV,194,0.060331571847200394,0.0020705333445221186,0.632037890638026,0.9758713046636966,0.31994250416755676,0.007236327510327101,0.022617587272922547,0.02
36,octanol_hl_gap_eV,195,0.109125517308712,0.001492560957558453,0.6136146891608145,0.979035538373104,0.3659001290798187,0.0041944729164242744,0.011463436558420229,0.26
36,octanol_hl_gap_eV,196,0.12053336203098297,0.000980351585894823,0.6474925431657845,0.9734605234086702,0.3029830753803253,0.0005502647254616022,0.0018161566442972824,0.24
36,octanol_hl_gap_eV,197,0.11796136200428009,0.00132869987282902,0.6565230456846687,0.9749235730089412,0.2758328914642334,0.001190794282592833,0.004317085885847811,0.22
36,octanol_hl_gap_eV,198,0.06357430666685104,0.0011755058076232672,0.6349100636102212,0.9667591518888374,0.28080448508262634,0.0005739763146266341,0.002044042546036052,0.28
36,octanol_hl_gap_eV,199,0.04600677266716957,0.0010671792551875114,0.6164828443739108,0.9740465766739712,0.40186095237731934,0.0011958490358665586,0.0029757781361741758,0.02
36,octanol_hl_gap_eV,200,0.025552144274115562,0.001013804110698402,0.6327378255958227,0.9707267452229942,0.23349247872829437,0.0005520630511455238,0.0023643718810657578,0.06
36,octanol_hl_gap_eV,201,0.1962638944387436,0.0008101521525532007,0.669474933794278,0.9347717124354848,0.32113951444625854,0.016648806631565094,0.05184290902436177,0.1
36,octanol_hl_gap_eV,202,0.22302769124507904,0.004112256225198507,0.5968775775951334,0.9139265353681902,0.8991789817810059,0.14135301113128662,0.15720230787791367,0.16
36,octanol_hl_gap_eV,203,0.03436665236949921,0.0010089429561048746,0.6702268151493365,0.9655481305960936,0.2685052752494812,0.0007862072088755667,0.002928088500849988,0.1
36,octanol_hl_gap_eV,204,0.09099551290273666,0.0024127408396452665,0.589453300136034,0.9771755373373539,0.560819149017334,0.0010392307303845882,0.0018530585701389225,0.22
36,octanol_hl_gap_eV,205,0.04283352941274643,0.0018760156817734241,0.5948484123904003,0.9833480519077034,0.4444188177585602,0.002328639617189765,0.005239741262384724,0.08
36,octanol_hl_gap_eV,206,0.03610999137163162,0.0015545482747256756,0.5961439484055324,0.9693499212061079,0.313859760761261,0.0018489668145775795,0.005891060421676691,0.06
36,octanol_hl_gap_eV,207,0.044659167528152466,0.002735104411840439,0.5878853595324245,0.9688824976260995,0.6455361247062683,0.00171540433075279,0.0026573328201165082,0.06
36,octanol_hl_gap_eV,208,0.03576932102441788,0.002161758951842785,0.6233176874966717,0.9776747473806682,0.4285757839679718,0.0012519471347332,0.0029211802942808365,0.04
36,octanol_hl_gap_eV,209,0.10656917840242386,0.001658463617786765,0.6159543920239001,0.9667535619825733,0.40773147344589233,0.00108049635309726,0.0026500194943637244,0.22
36,octanol_hl_gap_eV,210,0.25997409224510193,0.0015755231725052,0.6453588277153992,0.9186052542339649,0.41179415583610535,0.05803154036402702,0.14092366183827937,0.28
36,octanol_hl_gap_eV,211,0.0932457447052002,0.001721080974675715,0.6135990141369376,0.9634160518321306,0.4226631224155426,0.00198997650295496,0.0047081857806333715,0.2
36,octanol_hl_gap_eV,212,0.08527408540248871,0.0014608249766752124,0.6585306850794379,0.9773022115035532,0.3600531816482544,0.002042538719251752,0.0056728806280822225,0.26
36,octanol_hl_gap_eV,213,0.12552273273468018,0.0012995770666748285,0.6334050397342208,0.9579971851351083,0.3618394136428833,0.00110616534948349,0.0030570615244673643,0.02
36,octanol_hl_gap_eV,214,0.04896939545869827,0.0010666318703442812,0.6442126190496578,0.9772271642209118,0.3142892122268677,0.0018829156178981066,0.005991028468832509,0.1
36,octanol_hl_gap_eV,215,0.23325449228286743,0.002272058976814151,0.6042369869711139,0.9247877870220407,0.5438724756240845,0.04707043245434761,0.08654681853560448,0.34
36,octanol_hl_gap_eV,216,0.030336061492562294,0.002315278397873044,0.6275580548203039,0.9679279040490525,0.5549245476722717,0.001212811330333352,0.0021855427650852746,0.06
36,octanol_hl_gap_eV,217,0.062019232660532,0.0016158913495019078,0.6086970193472698,0.9760268656251849,0.42224037647247314,0.0007718806737102568,0.0018280598368133028,0.2
36,octanol_hl_gap_eV,218,0.07292631268501282,0.0010366945061832666,0.6251634318107255,0.9690357433706374,0.27118754386901855,0.0017306763911619782,0.006381843230963002,0.24
36,octanol_hl_gap_eV,219,0.12442037463188171,0.001434268313460052,0.620801115151566,0.9614478327563591,0.42289838194847107,0.0011551817879080772,0.0027315824255124076,0.22
36,octanol_hl_gap_eV,220,0.05691908672451973,0.001021302305161953,0.6595199465422767,0.9575787112837928,0.2684711813926697,0.0005297917523421347,0.0019733654450130866,0.12
36,octanol_hl_gap_eV,221,0.08752547949552536,0.0013358616270124912,0.6293950466147213,0.9644695418963067,0.2559323310852051,0.0009201622451655567,0.0035953341309551703,0.22
36,octanol_hl_gap_eV,222,0.025112072005867958,0.0017060607206076384,0.6263400409658035,0.9666783972498847,0.34705108404159546,0.0007916874019429088,0.002281184062943373,0.02
36,octanol_hl_gap_eV,223,0.0707169696688652,0.000852573080919683,0.6837053348061064,0.9625833812697202,0.2911747097969055,0.002116193762049079,0.00726778010193648,0.02
36,octanol_hl_gap_eV,224,0.06689813733100891,0.0011144611053168774,0.6700792191480576,0.9736730728348502,0.30681517720222473,0.0008685205830261111,0.0028307614732294064,0.2
36,octanol_hl_gap_eV,225,0.07228796929121017,0.001168173155747354,0.6305102147068715,0.95658346285307,0.3406616449356079,0.0010545457480475307,0.003095581095567309,0.08
36,octanol_hl_gap_eV,226,0.07624410837888718,0.0020053416956216097,0.6382197789902233,0.9699122824487421,0.4052467942237854,0.0013170591555535793,0.003250017456834644,0.02
36,octanol_hl_gap_eV,227,0.07826852798461914,0.001101893838495016,0.6354697707717576,0.9682106219011575,0.3254108428955078,0.0016955721657723188,0.005210558292050463,0.14
36,octanol_hl_gap_eV,228,0.06003020703792572,0.0032531372271478176,0.6366021623952738,0.969267094244272,0.633304238319397,0.0032151294872164726,0.0050767534664673646,0.02
36,octanol_hl_gap_eV,229,0.10454092174768448,0.001614235108718276,0.6037261143954764,0.967748677086623,0.4156687259674072,0.0015794835053384304,0.003799861299794487,0.22
36,octanol_hl_gap_eV,230,0.1452624499797821,0.0010212193010374904,0.6569551201405879,0.9698731065095445,0.28592658042907715,0.000742926902603358,0.0025983135303072596,0.14
36,octanol_hl_gap_eV,231,0.19370462000370026,0.0024648308753967285,0.5889634226021003,0.9365894447647425,0.4648827910423279,0.053767282515764236,0.11565771749737384,0.1
36,octanol_hl_gap_eV,232,0.21206951141357422,0.0014860541559755802,0.603465342392844,0.9284662451307146,0.4368249773979187,0.03688855469226837,0.08444699044456273,0.22
36,octanol_hl_gap_eV,233,0.03429051488637924,0.0010762314777821302,0.6654311654327865,0.9619439825490153,0.3457401394844055,0.0006552511476911604,0.0018952128285374145,0.02
36,octanol_hl_gap_eV,234,0.09970103204250336,0.0015044895699247718,0.6094937592618552,0.9759134470886861,0.34713587164878845,0.0028479264583438635,0.008204068466958168,0.08
36,octanol_hl_gap_eV,235,0.12403465807437897,0.001712928293272853,0.6313101534974377,0.9458539584964158,0.27083221077919006,0.012443465180695057,0.045945292640395104,0.2
36,octanol_hl_gap_eV,236,0.12895344197750092,0.0013872518902644515,0.6037451399417242,0.9733367376926823,0.335122674703598,0.0022164960391819477,0.0066139840914744,0.1
36,octanol_hl_gap_eV,237,0.11423440277576447,0.0029390330892056227,0.5869481521888795,0.9782171096234134,0.6680508852005005,0.002243051305413246,0.0033576054685415836,0.18
36,octanol_hl_gap_eV,238,0.07877591252326965,0.0017345926025882363,0.613179165991631,0.9599292780461774,0.31064555048942566,0.0011864904081448913,0.00381943474250818,0.02
36,octanol_hl_gap_eV,239,0.08384455740451813,0.0020184486638754606,0.6148953983263739,0.9707702725010625,0.387604296207428,0.0030995227862149477,0.007996616179290815,0.06
36,octanol_hl_gap_eV,240,0.05253596976399422,0.001328890211880207,0.6346683961701067,0.9554727752874947,0.38078057765960693,0.0012866093311458826,0.0033788733108547036,0.12
36,octanol_hl_gap_eV,241,0.15266761183738708,0.0018245424143970013,0.634111045196339,0.914801575733798,0.3583003580570221,0.03001234121620655,0.0837630790517664,0.12
36,octanol_hl_gap_eV,242,0.058033257722854614,0.0018759829690679908,0.5822500165298332,0.9701031017336263,0.41459566354751587,0.001591935520991683,0.003839730274480391,0.18
36,octanol_hl_gap_eV,243,0.03445875644683838,0.002287195296958089,0.631207474972223,0.9647778434888397,0.437996506690979,0.0013411222025752068,0.003061947257769827,0.04
36,octanol_hl_gap_eV,244,0.07887373119592667,0.0009396531968377531,0.6505398229382235,0.96516945490757,0.3193603754043579,0.0008704637293703854,0.0027256472512228493,0.22
36,octanol_hl_gap_eV,245,0.1311325877904892,0.0016040484188124537,0.6476831183702598,0.9721099182320625,0.3060915172100067,0.001374372630380094,0.004490070952986093,0.18
36,octanol_hl_gap_eV,246,0.050418149679899216,0.001867298036813736,0.6105037072337838,0.9659001069982047,0.4439389109611511,0.000993461930193007,0.002237834768847159,0.14
36,octanol_hl_gap_eV,247,0.04058049991726875,0.0013637656811624765,0.6301340304244061,0.950105663777995,0.2913559079170227,0.001931682345457375,0.006629974862248245,0.16
36,octanol_hl_gap_eV,248,0.019293054938316345,0.0015129386447370052,0.5932538902846416,0.9739321935385921,0.26091259717941284,0.0013565787812694907,0.005199360996497454,0.02
36,octanol_hl_gap_eV,249,0.04087414965033531,0.0009936023270711303,0.6560634205137947,0.9677741128962973,0.33715003728866577,0.0006342690321616828,0.0018812663859165634,0.04
36,octanol_dipole,0,0.17253637313842773,0.032208118587732315,0.5842646938518516,0.9157359554655886,6.083111763000488,0.22605803608894348,0.03716157862886948,0.04
36,octanol_dipole,1,0.055805206298828125,0.027811530977487564,0.5852356176511904,0.9642502750020538,5.193759918212891,0.0074835107661783695,0.0014408657473627226,0.02
36,octanol_dipole,2,0.09220495820045471,0.02632388472557068,0.585092068041194,0.9629650053815619,4.911996364593506,0.013157998211681843,0.002678747546827783,0.02
36,octanol_dipole,3,0.0958382859826088,0.02708948217332363,0.5837629016355297,0.9619353170281293,5.074639320373535,0.02449987642467022,0.004827904975691322,0.04
36,octanol_dipole,4,0.2521549463272095,0.03171863034367561,0.5829432306863502,0.8915183658685217,6.079871654510498,0.512221097946167,0.08424866955310867,0.1
36,octanol_dipole,5,0.1430145800113678,0.02765781618654728,0.5871100241747085,0.9236419940312264,5.234036445617676,0.18390680849552155,0.035136707664598324,0.0
36,octanol_dipole,6,0.10040536522865295,0.029094457626342773,0.5845315285047261,0.9581035169311993,5.505810260772705,0.00886232778429985,0.0016096318915022109,0.02
36,octanol_dipole,7,0.03145608305931091,0.03006247617304325,0.5849697313643847,0.9692446494294726,5.583190441131592,0.004008861258625984,0.0007180233776538482,0.02
36,octanol_dipole,8,0.10849515348672867,0.029188981279730797,0.5885997155282658,0.9420058580476596,5.510353088378906,0.033253200352191925,0.0060346768743951215,0.02
36,octanol_dipole,9,0.3075276017189026,0.021287910640239716,0.5859215638068462,0.8929454146624938,4.024437427520752,0.682148277759552,0.16950152413719807,0.1
36,octanol_dipole,10,0.06291235983371735,0.027212882414460182,0.585499771066061,0.962335941980234,5.10841178894043,0.00590939586982131,0.0011567970856646657,0.0
36,octanol_dipole,11,0.19399245083332062,0.025451986119151115,0.5841825612127902,0.909613459908803,4.831573009490967,0.35961949825286865,0.07443114231047428,0.08
36,octanol_dipole,12,0.11138982325792313,0.025482743978500366,0.5841249897287655,0.9425074198816306,4.774103164672852,0.095697320997715,0.020045088615983586,0.02
36,octanol_dipole,13,0.07076267898082733,0.03092086687684059,0.5876871101265719,0.9673136530259636,5.8396830558776855,0.0058029331266880035,0.0009937068623694066,0.02
36,octanol_dipole,14,0.1743825078010559,0.02586052566766739,0.5837293585537093,0.9176370940524474,4.864986896514893,0.20484918355941772,0.04210683151195424,0.04
36,octanol_dipole,15,0.37027984857559204,0.027124425396323204,0.5870427625363597,0.8912466508439936,5.28720760345459,0.9392302632331848,0.1776420246141847,0.18
36,octanol_dipole,16,0.08811704069375992,0.03065299242734909,0.5832250221828221,0.9711963787302036,5.757231712341309,0.0084178252145648,0.0014621306966888608,0.04
36,octanol_dipole,17,0.13722366094589233,0.029183225706219673,0.5878944081426336,0.9288730483314647,5.617846965789795,0.1542542278766632,0.027457890685880778,0.0
36,octanol_dipole,18,0.04320017620921135,0.016160376369953156,0.5850219652076389,0.9607856458351678,2.9962093830108643,0.013108370825648308,0.004374984905919967,0.02
36,octanol_dipole,19,0.0910981073975563,0.030439414083957672,0.585233046218548,0.9645451185334659,5.740138530731201,0.014739438891410828,0.0025677845251468627,0.0
36,octanol_dipole,20,0.22817760705947876,0.029082002118229866,0.5843749094497528,0.8963423181281129,5.530185222625732,0.3420456647872925,0.061850670640808875,0.04
36,octanol_dipole,21,0.2914377450942993,0.0292517002671957,0.5872014000757442,0.9045590230241074,5.616715431213379,0.6688457131385803,0.1190812889365288,0.16
36,octanol_dipole,22,0.1905253827571869,0.02813354693353176,0.5844924372294753,0.9124459388848551,5.400198459625244,0.30013301968574524,0.055578146234754024,0.04
36,octanol_dipole,23,0.06802589446306229,0.03379349410533905,0.5866657924194565,0.9588823632452137,6.379395008087158,0.005510701332241297,0.0008638282039684612,0.0
36,octanol_dipole,24,0.07310537248849869,0.02780158631503582,0.585705119061668,0.9567870216184007,5.197381496429443,0.012224173173308372,0.002351986896037221,0.0
36,octanol_dipole,25,0.20290756225585938,0.02638712339103222,0.5861724217172868,0.8931591115980932,5.072409152984619,0.45637622475624084,0.08997228161054552,0.0
36,octanol_dipole,26,0.11834463477134705,0.031683363020420074,0.5876720316723434,0.9360322307024547,6.00268030166626,0.05787256360054016,0.00964112041490458,0.08
36,octanol_dipole,27,0.2611421048641205,0.02643771842122078,0.5848959291646687,0.89189853341978,5.0516510009765625,0.560977041721344,0.11104825761179829,0.12
36,octanol_dipole,28,0.30317386984825134,0.02567167580127716,0.5869073195786014,0.90154015284891,4.852359294891357,0.740279495716095,0.15256073401148865,0.12
36,octanol_dipole,29,0.1913381814956665,0.030290348455309868,0.5887585874763497,0.8997748122561788,5.7884063720703125,0.5665954351425171,0.0978845296481604,0.02
36,octanol_dipole,30,0.07184195518493652,0.03484207019209862,0.5871308563756468,0.9517780396420328,6.614490032196045,0.006994829047471285,0.0010575008826718218,0.0
36,octanol_dipole,31,0.04683014750480652,0.02635212615132332,0.5834742379347309,0.9603393285651245,4.934811115264893,0.005067708436399698,0.0010269305791104574,0.02
36,octanol_dipole,32,0.08700503408908844,0.027303999289870262,0.5843522389440889,0.9714519351953748,5.118078231811523,0.007600869983434677,0.001485102344897995,0.04
36,octanol_dipole,33,0.06576649844646454,0.03530837967991829,0.5782761891419854,0.9683507658763919,6.542023658752441,0.007284239865839481,0.0011134536109624188,0.06
36,octanol_dipole,34,0.0295486431568861,0.019333284348249435,0.5841050314417211,0.964505390332735,3.6072893142700195,0.014989625662565231,0.004155371071365971,0.02
36,octanol_dipole,35,0.115685373544693,0.02903754450380802,0.5840098083902636,0.9325586220585278,5.40777587890625,0.12752556800842285,0.023581888536811098,0.0
36,octanol_dipole,36,0.08132386952638626,0.027715226635336876,0.5843319928124395,0.9662103163315641,5.213748931884766,0.010137129575014114,0.0019443071976520264,0.04
36,octanol_dipole,37,0.2601255476474762,0.030599262565374374,0.5843091132421441,0.8965908104376814,5.81648063659668,0.66065514087677,0.11358331302953162,0.12
36,octanol_dipole,38,0.21448542177677155,0.03264804929494858,0.5840125188120069,0.9089401301766935,6.276892185211182,0.7178491353988647,0.11436378293866031,0.06
36,octanol_dipole,39,0.03905826061964035,0.01493288204073906,0.5854188103180054,0.9619353251989633,2.740250825881958,0.011917098425328732,0.004348907885646992,0.0
36,octanol_dipole,40,0.0908501073718071,0.029195137321949005,0.5850511329307022,0.9534087032372986,5.436723709106445,0.007253746967762709,0.0013342129112819863,0.02
36,octanol_dipole,41,0.056092508137226105,0.02782300114631653,0.5840361625509296,0.9598326707592264,5.231171607971191,0.010282941162586212,0.0019657051867534225,0.02
36,octanol_dipole,42,0.3910539746284485,0.02952880971133709,0.5869809204593752,0.9040091857109434,5.700589656829834,0.9202682375907898,0.16143386789614356,0.26
36,octanol_dipole,43,0.04563217982649803,0.025032326579093933,0.5845631064664283,0.9505727074925263,4.728063583374023,0.012134836055338383,0.0025665551745136994,0.04
36,octanol_dipole,44,0.14552916586399078,0.030157731845974922,0.5797039816476031,0.9237028947276689,5.6550679206848145,0.15402115881443024,0.027235952065413682,0.02
36,octanol_dipole,45,0.16833895444869995,0.0208391472697258,0.5853611187195829,0.9302089770394355,3.880505084991455,0.34359848499298096,0.08854478411119968,0.08
36,octanol_dipole,46,0.07543178647756577,0.026513513177633286,0.5835898373565485,0.958591830327159,4.960279941558838,0.007399618159979582,0.0014917743045071259,0.02
36,octanol_dipole,47,0.07392922788858414,0.03199346363544464,0.5834958516688997,0.9574647912688812,5.991878509521484,0.008511340245604515,0.0014204794426454813,0.02
36,octanol_dipole,48,0.10834456980228424,0.025518175214529037,0.5851990170701158,0.9503738109639068,4.813969135284424,0.007270116824656725,0.0015102125959574073,0.02
36,octanol_dipole,49,0.15561291575431824,0.03794948756694794,0.5835939802473689,0.8993219635858454,7.311340808868408,0.5357581973075867,0.0732776943809992,0.02
36,octanol_dipole,50,0.14854854345321655,0.029046138748526573,0.585015519701835,0.9272010807784004,5.495568752288818,0.18808995187282562,0.03422574811651462,0.08
36,octanol_dipole,51,0.10601107031106949,0.02681746706366539,0.5843932054869587,0.95226199172655,5.037180423736572,0.07629663497209549,0.01514669488759324,0.0
36,octanol_dipole,52,0.21020551025867462,0.0232046227902174,0.5852525062288179,0.9278254093303404,4.408371448516846,0.4030989408493042,0.09143942282470842,0.08
36,octanol_dipole,53,0.10774410516023636,0.022612759843468666,0.5848715246170435,0.9493181157854298,4.218785762786865,0.023516112938523293,0.005574142480984602,0.04
36,octanol_dipole,54,0.2235209047794342,0.021667595952749252,0.5855303671036383,0.9084914400424797,4.065590858459473,0.3345332741737366,0.08228404820363489,0.12
36,octanol_dipole,55,0.20149171352386475,0.025029702112078667,0.5846097362750735,0.9100016138697009,4.731383323669434,0.3206427991390228,0.06776935564171277,0.06
36,octanol_dipole,56,0.08882403373718262,0.0322844535112381,0.5837882605674829,0.9624452569391204,6.075213432312012,0.011566350236535072,0.001903859076788571,0.0
36,octanol_dipole,57,0.12452089786529541,0.02969171851873398,0.5858916919193138,0.9289030531089859,5.572820663452148,0.12342275679111481,0.022147268725252526,0.0
36,octanol_dipole,58,0.07952520251274109,0.03161032870411873,0.5849387931313343,0.9714988780250466,5.976053714752197,0.011917413212358952,0.001994194460290777,0.02
36,octanol_dipole,59,0.09788891673088074,0.027239128947257996,0.5834917723204909,0.9618845717788791,5.117119312286377,0.021664699539542198,0.004233768692382161,0.02
36,octanol_dipole,60,0.06967636197805405,0.023281121626496315,0.5844610098788479,0.9471547211749791,4.375624656677246,0.06325779855251312,0.014456861252022862,0.02
36,octanol_dipole,61,0.1651875227689743,0.026788894087076187,0.5834059063683386,0.9159763821988693,5.086451530456543,0.30935508012771606,0.06081942947364513,0.02
36,octanol_dipole,62,0.07809481769800186,0.02903156541287899,0.5845037757045912,0.9667123342715422,5.468602657318115,0.00709620863199234,0.0012976273971004556,0.02
36,octanol_dipole,63,0.057441212236881256,0.03586766868829727,0.5873715849139993,0.9495292381394349,6.71720027923584,0.016226332634687424,0.0024156392485193785,0.02
36,octanol_dipole,64,0.10231397300958633,0.02695397473871708,0.5850886060494445,0.9500793358931896,5.047381401062012,0.03284067660570145,0.006506478111361168,0.02
36,octanol_dipole,65,0.05743315443396568,0.03582990914583206,0.5849344320014347,0.9606672789006592,6.766015529632568,0.009235371835529804,0.0013649646228393057,0.0
36,octanol_dipole,66,0.06804434210062027,0.026647329330444336,0.584579646340246,0.9632087054290561,5.0049872398376465,0.007223685272037983,0.00144329744030922,0.02
36,octanol_dipole,67,0.06509019434452057,0.02757776714861393,0.5842271840591005,0.9577099943521759,5.171903610229492,0.007872458547353745,0.0015221587911620844,0.0
36,octanol_dipole,68,0.11846203356981277,0.023893408477306366,0.5841719767594298,0.9478671015379054,4.463765621185303,0.036046531051397324,0.008075363742289312,0.02
36,octanol_dipole,69,0.16536137461662292,0.03009425289928913,0.5839432712341621,0.9336504885058652,5.68034553527832,0.13783761858940125,0.02426571019902711,0.08
36,octanol_dipole,70,0.040495455265045166,0.028255218639969826,0.5850164031568628,0.9565952504566795,5.315968990325928,0.0038380525074899197,0.0007219854958662211,0.02
36,octanol_dipole,71,0.0659136027097702,0.026436425745487213,0.5836095745620806,0.9607093768881436,4.94650936126709,0.010258563794195652,0.002073899601711829,0.04
36,octanol_dipole,72,0.07102786749601364,0.030709443613886833,0.5857632995943325,0.9557461614389589,5.83811616897583,0.01503131352365017,0.0025746855815455766,0.0
36,octanol_dipole,73,0.05198695510625839,0.0148981474339962,0.5855279440872747,0.9609027279512585,2.7625207901000977,0.0051763770170509815,0.0018737875333287247,0.04
36,octanol_dipole,74,0.1840653121471405,0.02643534354865551,0.5831644175162329,0.9104809187635627,5.036135196685791,0.31417757272720337,0.0623846581668338,0.04
36,octanol_dipole,75,0.15691813826560974,0.02859857678413391,0.5841664494408738,0.9196907893214379,5.427752494812012,0.17985297739505768,0.033135810368465746,0.04
36,octanol_dipole,76,0.13135959208011627,0.02144821733236313,0.5848045679987246,0.9322714790114306,4.025924205780029,0.10722573846578598,0.02663381946233407,0.02
36,octanol_dipole,77,0.17883972823619843,0.032347872853279114,0.5908004401659903,0.9177799252520964,6.211395740509033,0.3974709212779999,0.06399059694197275,0.04
36,octanol_dipole,78,0.03483828902244568,0.03845525532960892,0.5797464180529979,0.9616228562576756,7.145183086395264,0.00695972191169858,0.000974043887685704,0.0
36,octanol_dipole,79,0.3806353509426117,0.023305721580982208,0.589549376289185,0.8976528885507948,4.476794242858887,0.9690395593643188,0.21645836435526886,0.14
36,octanol_dipole,80,0.05806732177734375,0.025569427758455276,0.5832668813043811,0.9602286608111958,4.813270568847656,0.014390191063284874,0.002989690867665066,0.02
36,octanol_dipole,81,0.06206713244318962,0.02530832216143608,0.5841899512437474,0.9644776850036012,4.734647274017334,0.019083146005868912,0.004030531716817189,0.02
36,octanol_dipole,82,0.3018934726715088,0.023038901388645172,0.584806670365291,0.8796628061745861,4.36369514465332,0.8029693365097046,0.18401132753133642,0.08
36,octanol_dipole,83,0.09852302074432373,0.026265209540724754,0.5846191376124208,0.9572530924309037,4.9532151222229,0.01245532464236021,0.0025145939223351396,0.04
36,octanol_dipole,84,0.27362096309661865,0.029053110629320145,0.5859222597871894,0.8904869346750679,5.441913604736328,0.8641740679740906,0.15879966694472386,0.08
36,octanol_dipole,85,0.15372706949710846,0.03502248600125313,0.5843293152256837,0.9190255812376473,6.564423561096191,0.2209610939025879,0.033660395592402886,0.04
36,octanol_dipole,86,0.08697564899921417,0.03412270545959473,0.5845767369437791,0.9623915992293335,6.4089274406433105,0.008973434567451477,0.0014001460697690077,0.02
36,octanol_dipole,87,0.08205971866846085,0.026917070150375366,0.587149800011713,0.9694824830040927,5.0634026527404785,0.00533660501241684,0.0010539562777075401,0.0
36,octanol_dipole,88,0.11011750996112823,0.03068581409752369,0.5785415977616821,0.9341081063033052,5.677215099334717,0.04982774704694748,0.008776793934192582,0.02
36,octanol_dipole,89,0.15785545110702515,0.030152320861816406,0.5832504221407031,0.9156143783381134,5.7002339363098145,0.29464849829673767,0.05169059754194677,0.02
36,octanol_dipole,90,0.1929674744606018,0.018294621258974075,0.5853473715996167,0.9209439038308223,3.4259896278381348,0.2886956036090851,0.08426633906397947,0.06
36,octanol_dipole,91,0.14948691427707672,0.030932443216443062,0.5911927164083,0.9181139603083306,6.1351318359375,0.20646996796131134,0.03365371331580538,0.04
36,octanol_dipole,92,0.08428499847650528,0.036323100328445435,0.5914824707357735,0.9712638314384896,7.1479997634887695,0.00996344443410635,0.0013938786742829197,0.04
36,octanol_dipole,93,0.12594616413116455,0.023925112560391426,0.5847010124674854,0.9502770170046295,4.494165897369385,0.11176823824644089,0.024869628936453662,0.02
36,octanol_dipole,94,0.10546854138374329,0.03091750107705593,0.5840045285329907,0.9431367431230817,5.8180694580078125,0.03260578215122223,0.0056042270355409094,0.04
36,octanol_dipole,95,0.0801960825920105,0.03028840757906437,0.5840646607121147,0.9574635939688461,5.696004867553711,0.01578211784362793,0.002770734613224786,0.0
36,octanol_dipole,96,0.13221418857574463,0.033031657338142395,0.5841415713150637,0.9449361936785712,6.252366065979004,0.0443231537938118,0.007089020912417037,0.0
36,octanol_dipole,97,0.11874949932098389,0.029664212837815285,0.5882754357888507,0.9172201420098949,5.55509614944458,0.13262751698493958,0.02387492734904331,0.02
36,octanol_dipole,98,0.09476667642593384,0.03083936683833599,0.5851465737797494,0.9604890971992393,5.8180975914001465,0.00939624197781086,0.001615002469484122,0.0
36,octanol_dipole,99,0.08072714507579803,0.019164368510246277,0.5855366301244511,0.9663422638986467,3.6276304721832275,0.010975386947393417,0.0030254975063069385,0.06
36,octanol_dipole,100,0.14112670719623566,0.02586195431649685,0.5849285961886195,0.9279591059403518,4.868625164031982,0.07963884621858597,0.016357563693121233,0.02
36,octanol_dipole,101,0.3565002381801605,0.02375669591128826,0.5858992327581649,0.8812669563038775,4.554929256439209,0.9272217154502869,0.20356446022503924,0.1
36,octanol_dipole,102,0.0735517144203186,0.0342336967587471,0.5837199851207933,0.9748061466833184,6.398071765899658,0.015565787442028522,0.0024328872841018773,0.0
36,octanol_dipole,103,0.04736870527267456,0.02768656797707081,0.5856110454312979,0.9517989332516095,5.223232269287109,0.00517295440658927,0.0009903741859243985,0.0
36,octanol_dipole,104,0.11832480132579803,0.023937072604894638,0.5862069287233802,0.9192226121854941,4.457706451416016,0.10472159087657928,0.023492258186564502,0.04
36,octanol_dipole,105,0.278093159198761,0.02203337848186493,0.5868370286120741,0.8987037644885196,4.1769585609436035,0.6351127624511719,0.152051487508101,0.08
36,octanol_dipole,106,0.08523483574390411,0.025588564574718475,0.5844201533543318,0.9673411359134596,4.816812515258789,0.009448575787246227,0.0019615826352623964,0.04
36,octanol_dipole,107,0.09352699667215347,0.034480538219213486,0.583852592004509,0.9546178242065666,6.428089618682861,0.009420662187039852,0.0014655461802615907,0.04
36,octanol_dipole,108,0.06161629408597946,0.02468826249241829,0.586613307375663,0.9679479819595145,4.640566825866699,0.014266307465732098,0.003074259675824761,0.0
36,octanol_dipole,109,0.07298768311738968,0.03182976692914963,0.5836278280121321,0.9653057875840227,5.999847888946533,0.011033101007342339,0.0018388967873116456,0.08
36,octanol_dipole,110,0.13189631700515747,0.03327488899230957,0.5827959037650503,0.954304448531055,6.2518510818481445,0.008842017501592636,0.0014143039214841308,0.06
36,octanol_dipole,111,0.053481314331293106,0.024814900010824203,0.5847585241834126,0.9528797915563767,4.651865482330322,0.01781027764081955,0.003828631268137531,0.04
36,octanol_dipole,112,0.08953423798084259,0.0229567252099514,0.5847310455942352,0.9562801985193543,4.280499458312988,0.021267753094434738,0.004968521384375246,0.04
36,octanol_dipole,113,0.15861734747886658,0.026193788275122643,0.5839757303614976,0.9111074178339265,4.961568355560303,0.16097524762153625,0.032444428069026886,0.04
36,octanol_dipole,114,0.22329892218112946,0.030128592625260353,0.5848323225747272,0.9090101492493112,5.741369247436523,0.23104628920555115,0.04024236715113063,0.06
36,octanol_dipole,115,0.08073441684246063,0.03142845630645752,0.5850526412010637,0.9605855258083515,5.937629222869873,0.011258956976234913,0.0018962041167658239,0.04
36,octanol_dipole,116,0.20912609994411469,0.02947489731013775,0.5839227010356569,0.8961869833491121,5.595865249633789,0.4136977195739746,0.07392917826265533,0.02
36,octanol_dipole,117,0.11125154793262482,0.02898743748664856,0.5871111419723538,0.9414376863930924,5.466063499450684,0.039171893149614334,0.00716638091627566,0.04
36,octanol_dipole,118,0.1421029269695282,0.030059153214097023,0.5855142979867882,0.9383958615440846,5.717082977294922,0.02683328092098236,0.004693526581221446,0.08
36,octanol_dipole,119,0.24877768754959106,0.031438834965229034,0.5836576933931972,0.913854949738101,6.053248882293701,0.3095501959323883,0.05113786033775194,0.06
36,octanol_dipole,120,0.19955459237098694,0.027071433141827583,0.5852507628428378,0.9142439163669589,5.138176918029785,0.2126481533050537,0.04138591502345405,0.06
36,octanol_dipole,121,0.12818500399589539,0.036137454211711884,0.5843122289321292,0.956169275531507,6.726853370666504,0.025690387934446335,0.003819079518883716,0.06
36,octanol_dipole,122,0.060744285583496094,0.029163438826799393,0.5869219286971299,0.9656972883424653,5.506402492523193,0.006529451813548803,0.0011857926881325414,0.0
36,octanol_dipole,123,0.13121771812438965,0.03138710558414459,0.5827256251991433,0.9571325801150916,5.886493682861328,0.007561346981674433,0.0012845247763858952,0.06
36,octanol_dipole,124,0.09946765750646591,0.02857283130288124,0.5834829535742829,0.9602106284267149,5.357766151428223,0.007886109873652458,0.0014719025897668664,0.06
36,octanol_dipole,125,0.14249274134635925,0.02264673449099064,0.5845575797387688,0.9377875947969887,4.249614715576172,0.1071673184633255,0.025218125791621446,0.0
36,octanol_dipole,126,0.07507485151290894,0.02535124309360981,0.5842141503703495,0.9601136131449042,4.756376266479492,0.009271792136132717,0.0019493395006352982,0.02
36,octanol_dipole,127,0.05212553218007088,0.025077594444155693,0.5841525543180064,0.9605145003587858,4.696506023406982,0.006877939682453871,0.0014644801152547894,0.0
36,octanol_dipole,128,0.025851238518953323,0.026342762634158134,0.5900267611948407,0.9657590012831785,4.93841552734375,0.006471386644989252,0.001310417604423427,0.02
36,octanol_dipole,129,0.08933433890342712,0.018464772030711174,0.5843105377231865,0.9552358768750508,3.4165964126586914,0.05380496382713318,0.015748118106014106,0.0
36,octanol_dipole,130,0.35758909583091736,0.028500277549028397,0.5877541209489472,0.8877043807638638,5.511863708496094,0.9515969157218933,0.17264521875878086,0.08
36,octanol_dipole,131,0.138473242521286,0.03157857432961464,0.5840946832770806,0.9378838539121794,5.937900066375732,0.16416464745998383,0.027646919891695595,0.06
36,octanol_dipole,132,0.08207255601882935,0.028767161071300507,0.5844712215875176,0.9677998864082364,5.414003372192383,0.00720592774450779,0.0013309795449184903,0.02
36,octanol_dipole,133,0.15554876625537872,0.03147115930914879,0.5829509467591836,0.9349723515773167,5.896790504455566,0.08337565511465073,0.014139158420441215,0.02
36,octanol_dipole,134,0.12751078605651855,0.02477213554084301,0.5846845044566051,0.9272929975699491,4.653367519378662,0.07616415619850159,0.01636753509825318,0.02
36,octanol_dipole,135,0.045981477946043015,0.0258747898042202,0.5878000188725985,0.9492520719120099,4.842083930969238,0.014811944216489792,0.0030590019561112583,0.02
36,octanol_dipole,136,0.166279137134552,0.029959356412291527,0.5851313807727185,0.9058601897830714,5.670774459838867,0.2993265390396118,0.05278406700169082,0.02
36,octanol_dipole,137,0.08302844315767288,0.02715563401579857,0.5838509222022379,0.9661709616119099,5.054450988769531,0.01254875585436821,0.002482713925261171,0.0
36,octanol_dipole,138,0.06412886828184128,0.02912510372698307,0.5851992097085803,0.9636022482204816,5.484881401062012,0.01658191904425621,0.003023204666019858,0.04
36,octanol_dipole,139,0.18921509385108948,0.026781389489769936,0.5849088716178787,0.9243055488311356,5.096026420593262,0.18931786715984344,0.03715009529675942,0.0
36,octanol_dipole,140,0.29288989305496216,0.02836804836988449,0.5888124932457588,0.8906565508654731,5.473194599151611,0.8105632662773132,0.14809692065452176,0.06
36,octanol_dipole,141,0.08528759330511093,0.02453126572072506,0.5852837714209655,0.9601640753585869,4.615377902984619,0.016949208453297615,0.0036723338390854403,0.0
36,octanol_dipole,142,0.06944166868925095,0.03630564734339714,0.5847202955178195,0.9603884769358504,6.825836181640625,0.008375785313546658,0.0012270709537499469,0.0
36,octanol_dipole,143,0.14472775161266327,0.023986952379345894,0.5839900638117319,0.9571062864313853,4.503015995025635,0.03338342159986496,0.0074135694025388235,0.02
36,octanol_dipole,144,0.07006257772445679,0.03404327481985092,0.5876350195214264,0.9639459070480874,6.418632984161377,0.010254385881125927,0.0015975965453126322,0.0
36,octanol_dipole,145,0.06106138974428177,0.023086728528141975,0.5848733993193287,0.9629854530428743,4.305342674255371,0.010661262087523937,0.00247628653377001,0.0
36,octanol_dipole,146,0.17097467184066772,0.02967582643032074,0.5864360685454553,0.9481817606912846,5.55771017074585,0.0946468859910965,0.01702983478506847,0.08
36,octanol_dipole,147,0.10513357073068619,0.023428380489349365,0.585121589480996,0.9491272571256464,4.399006366729736,0.04762818291783333,0.010827032049339946,0.0
36,octanol_dipole,148,0.03541724383831024,0.021108733490109444,0.5843144065998187,0.9631825761429031,3.956470012664795,0.004937728401273489,0.001248013604416981,0.02
36,octanol_dipole,149,0.08283708989620209,0.03461688384413719,0.5836406803157252,0.9640358110811247,6.567920207977295,0.0055321138352155685,0.000842293094318708,0.02
36,octanol_dipole,150,0.06710925698280334,0.025113150477409363,0.5856730495413287,0.9529657518126726,4.679826736450195,0.020208628848195076,0.004318242957756166,0.02
36,octanol_dipole,151,0.13752201199531555,0.025601906701922417,0.5845215276489188,0.9524948087110714,4.8333539962768555,0.07429318130016327,0.015370937315452476,0.0
36,octanol_dipole,152,0.1722407341003418,0.03140527009963989,0.5849243897114784,0.9254027709905106,5.955007553100586,0.3706088960170746,0.06223483223360651,0.0
36,octanol_dipole,153,0.17491945624351501,0.03050585463643074,0.5852596179447405,0.9327608147037403,5.770769119262695,0.13391903042793274,0.023206444004303356,0.04
36,octanol_dipole,154,0.07360982149839401,0.036736518144607544,0.5864199733397268,0.9629616770377343,6.953399658203125,0.011652220971882343,0.0016757588438248165,0.02
36,octanol_dipole,155,0.09644944965839386,0.027476118877530098,0.5872928485928168,0.9144652973342027,5.1788649559021,0.09762730449438095,0.01885110064187325,0.0
36,octanol_dipole,156,0.0724254921078682,0.028950471431016922,0.5840893096782513,0.9661637218699,5.423911094665527,0.01822398230433464,0.0033599338164407074,0.02
36,octanol_dipole,157,0.08549059927463531,0.024195892736315727,0.5842556476211502,0.9671618064325351,4.53975772857666,0.009543386287987232,0.002102179644502604,0.02
36,octanol_dipole,158,0.06463174521923065,0.0321357436478138,0.5932560955189634,0.9562954144681339,6.416966915130615,0.016326123848557472,0.0025442119407008286,0.06
36,octanol_dipole,159,0.054725922644138336,0.024789487943053246,0.5842961092742298,0.9558402564801616,4.64400577545166,0.012711213901638985,0.002737122759155642,0.02
36,octanol_dipole,160,0.045016564428806305,0.03565536439418793,0.5892697251581773,0.9574146596773465,6.717581748962402,0.008272250182926655,0.0012314327524491067,0.02
36,octanol_dipole,161,0.27281683683395386,0.029622292146086693,0.5864983851261749,0.8850172848946096,5.679834365844727,0.6682907938957214,0.1176602609953628,0.08
36,octanol_dipole,162,0.06170553341507912,0.026275476440787315,0.5841560073339576,0.9381482527559502,4.9286980628967285,0.022493617609143257,0.004563805151399993,0.02
36,octanol_dipole,163,0.08620768040418625,0.030252153053879738,0.5841578313948481,0.9533447655391385,5.729576110839844,0.037033263593912125,0.006463525900956009,0.02
36,octanol_dipole,164,0.2854708433151245,0.028918208554387093,0.5845072089058698,0.883507363644664,5.55879545211792,0.7033511996269226,0.12652942632723488,0.1
36,octanol_dipole,165,0.0653073787689209,0.04337489604949951,0.6045220615597686,0.9498352949791189,8.956080436706543,0.09688375145196915,0.010817650883849879,0.04
36,octanol_dipole,166,0.06404637545347214,0.025207655504345894,0.5851247641974888,0.9588814974766475,4.726312637329102,0.021843133494257927,0.004621601483096504,0.0
36,octanol_dipole,167,0.11356339603662491,0.025414329022169113,0.5873942795254148,0.9591105114782705,4.8696722984313965,0.017490334808826447,0.003591686203291416,0.04
36,octanol_dipole,168,0.04257990047335625,0.024168729782104492,0.5851705912813667,0.9606513395726666,4.5352325439453125,0.011255337856709957,0.002481755400114204,0.02
36,octanol_dipole,169,0.15276014804840088,0.027589397504925728,0.5832714405657706,0.9306726124001907,5.222554683685303,0.11561130732297897,0.022136926145385556,0.02
36,octanol_dipole,170,0.14287756383419037,0.029408175498247147,0.5854585184825374,0.9294028801977348,5.503778457641602,0.08468586951494217,0.015386860166466532,0.08
36,octanol_dipole,171,0.19212062656879425,0.027988750487565994,0.5828090663546774,0.911613174330782,5.2631731033325195,0.24985618889331818,0.047472538711507514,0.06
36,octanol_dipole,172,0.1635810136795044,0.030439812690019608,0.5838562660388993,0.9267306955321626,5.7662129402160645,0.1613960862159729,0.027989962890604812,0.02
36,octanol_dipole,173,0.16343554854393005,0.03233570232987404,0.5874748929712954,0.9111393051724412,6.211108207702637,0.27385035157203674,0.04409041710663232,0.02
36,octanol_dipole,174,0.2510526478290558,0.026115482673048973,0.585786668896269,0.8939134169562282,5.0198140144348145,0.7307621836662292,0.1455755495253157,0.02
36,octanol_dipole,175,0.10241962224245071,0.03136444836854935,0.5839521605345048,0.9360560267273335,5.843743324279785,0.030382348224520683,0.005199124352071909,0.0
36,octanol_dipole,176,0.3104917109012604,0.01782546378672123,0.5893652105239757,0.9108432236831117,3.3784735202789307,0.6739800572395325,0.19949247883520127,0.12
36,octanol_dipole,177,0.32841888070106506,0.03148481622338295,0.5847867096930102,0.8915415897914403,6.0990309715271,0.666265070438385,0.10924113577202624,0.1
36,octanol_dipole,178,0.08119214326143265,0.02512197755277157,0.583952952623475,0.9667316636347612,4.725345134735107,0.008946637623012066,0.0018933299828719483,0.02
36,octanol_dipole,179,0.07318077236413956,0.026407288387417793,0.584104753965943,0.9650551503584253,4.959981441497803,0.011769826523959637,0.002372957774697926,0.02
36,octanol_dipole,180,0.06403574347496033,0.022374935448169708,0.585745641276642,0.9530442895704501,4.165918350219727,0.008830537088215351,0.002119709592423864,0.04
36,octanol_dipole,181,0.09117158502340317,0.030235765501856804,0.5847107987705491,0.9665755927717432,5.675899028778076,0.006865551229566336,0.001209597139546785,0.02
36,octanol_dipole,182,0.051072437316179276,0.02399100363254547,0.58346202667099,0.9652137118760042,4.482553958892822,0.012150652706623077,0.0027106539749549947,0.02
36,octanol_dipole,183,0.16816437244415283,0.02764471061527729,0.5839910759784037,0.9084160463182172,5.226848125457764,0.36144787073135376,0.06915216628753651,0.02
36,octanol_dipole,184,0.05859282612800598,0.027956269681453705,0.5849368763637879,0.9601470153783209,5.2605438232421875,0.003612869419157505,0.0006867862982521102,0.02
36,octanol_dipole,185,0.21299797296524048,0.031308505684137344,0.5811801101267569,0.9002659555643946,5.98258113861084,0.5526145100593567,0.0923705834080295,0.08
36,octanol_dipole,186,0.0681900754570961,0.025007080286741257,0.5853247897138854,0.9670290555929724,4.672344207763672,0.01804579608142376,0.0038622574191855257,0.0
36,octanol_dipole,187,0.29322636127471924,0.030107447877526283,0.5837093284894268,0.9143447909449083,5.775638103485107,0.48405832052230835,0.08381036204990411,0.16
36,octanol_dipole,188,0.3233884274959564,0.025493768975138664,0.5857505719593414,0.9029581727750942,4.946840286254883,0.8347285985946655,0.16873975109202802,0.18
36,octanol_dipole,189,0.2489582896232605,0.02749243937432766,0.5857786126274311,0.8942378873427981,5.2717461585998535,0.5274280905723572,0.1000480817370082,0.06
36,octanol_dipole,190,0.057007912546396255,0.035209037363529205,0.5805097083408546,0.9720831859391286,6.516417026519775,0.006366896443068981,0.0009770547859594787,0.02
36,octanol_dipole,191,0.24235734343528748,0.023720376193523407,0.5846931726317712,0.9018325459884031,4.443084716796875,0.5935477018356323,0.1335891029922866,0.02
36,octanol_dipole,192,0.11113371700048447,0.027607884258031845,0.5864739984369471,0.9406262556237437,5.209027290344238,0.030043965205550194,0.00576767283620139,0.02
36,octanol_dipole,193,0.225752592086792,0.031071484088897705,0.5843311479730362,0.8860826266038655,5.906499862670898,0.5939521193504333,0.10055906766445775,0.06
36,octanol_dipole,194,0.08417341858148575,0.027226993814110756,0.5843840561109352,0.9640827505455596,5.11206579208374,0.010356228798627853,0.002025840280589685,0.04
36,octanol_dipole,195,0.06981435418128967,0.03267936781048775,0.5810937599845234,0.9509741840421628,6.107049465179443,0.022149929776787758,0.00362694455040523,0.02
36,octanol_dipole,196,0.06518484652042389,0.028516624122858047,0.5844378943297293,0.9570336407659297,5.356461524963379,0.006303055677562952,0.0011767200507626244,0.02
36,octanol_dipole,197,0.11326994001865387,0.02919187769293785,0.5891338370680417,0.9362208114137625,5.529005527496338,0.06147816777229309,0.011119208954766922,0.04
36,octanol_dipole,198,0.34972599148750305,0.026673870161175728,0.5873812029169267,0.8996034612309793,5.086989402770996,0.911698579788208,0.17922163928463966,0.16
36,octanol_dipole,199,0.23892788589000702,0.03019709140062332,0.5839955061652484,0.8968792236121779,5.783036231994629,0.5527841448783875,0.09558718339340691,0.1
36,octanol_dipole,200,0.044573962688446045,0.029677139595150948,0.5875777508580673,0.9569862646543237,5.583279609680176,0.007035934366285801,0.0012601794748174607,0.02
36,octanol_dipole,201,0.0947437509894371,0.02219225838780403,0.5850004526111978,0.949574646574068,4.131773471832275,0.022859001532197,0.005532491480482823,0.02
36,octanol_dipole,202,0.16885532438755035,0.030850384384393692,0.5841515982375036,0.9197922394629667,5.8671112060546875,0.35217490792274475,0.06002526551044585,0.06
36,octanol_dipole,203,0.15792615711688995,0.031175892800092697,0.5884037156903232,0.9165382252019805,5.921201705932617,0.20485244691371918,0.03459643111101447,0.04
36,octanol_dipole,204,0.19671373069286346,0.03160902485251427,0.5839162077242157,0.9155709145794719,5.989108562469482,0.28508615493774414,0.047600765951084194,0.08
36,octanol_dipole,205,0.18113991618156433,0.02633805014193058,0.5871068769090726,0.9086573558018343,4.943210601806641,0.36463022232055664,0.07376384534118208,0.08
36,octanol_dipole,206,0.08876238763332367,0.034164123237133026,0.5840923316626399,0.9562672526867302,6.45836067199707,0.014593814499676228,0.002259677840996683,0.04
36,octanol_dipole,207,0.240009143948555,0.034676045179367065,0.5918198829053425,0.8837166319800667,6.635606288909912,0.6229420900344849,0.09387869968650911,0.04
36,octanol_dipole,208,0.04335350543260574,0.0231058057397604,0.5872048321992036,0.9677893490795051,4.3506574630737305,0.014459998346865177,0.0033236352136647453,0.02
36,octanol_dipole,209,0.05522145330905914,0.033561043441295624,0.5835350822675134,0.9696931720117128,6.320725440979004,0.014824675396084785,0.002345407269230891,0.02
36,octanol_dipole,210,0.05205589532852173,0.031382836401462555,0.5851181756201786,0.9611482652327734,5.902348041534424,0.002854697871953249,0.00048365461539457403,0.02
36,octanol_dipole,211,0.08907953649759293,0.035959385335445404,0.5859779205291673,0.9383279909698277,6.689519882202148,0.1260361671447754,0.0188408390085067,0.02
36,octanol_dipole,212,0.08541751652956009,0.031251776963472366,0.5847178608022672,0.9578314323226274,5.889064311981201,0.007245792541652918,0.0012303809498075062,0.0
36,octanol_dipole,213,0.3403204083442688,0.0293959379196167,0.5919100261909986,0.8934096568983727,5.81878137588501,0.8754129409790039,0.15044609591400188,0.26
36,octanol_dipole,214,0.0636352151632309,0.030442526564002037,0.5872821427788237,0.9654429827844297,5.726416110992432,0.004469362087547779,0.0007804815439395662,0.0
36,octanol_dipole,215,0.08492779731750488,0.02097947709262371,0.5853790988083034,0.9312300636531334,3.9352004528045654,0.07024955004453659,0.017851581104202877,0.0
36,octanol_dipole,216,0.31090041995048523,0.02162051759660244,0.5861454508432888,0.8933520410227529,4.065899848937988,0.841166079044342,0.2068831280396772,0.1
36,octanol_dipole,217,0.15444664657115936,0.028087100014090538,0.5843844733664971,0.9448899550873551,5.293412685394287,0.12204471230506897,0.02305596022048644,0.02
36,octanol_dipole,218,0.10351894050836563,0.023141946643590927,0.5841219117884426,0.9546284511938006,4.3105387687683105,0.02976919896900654,0.006906143423345839,0.04
36,octanol_dipole,219,0.05296386033296585,0.02452537789940834,0.5843318804957154,0.9573726033068866,4.577974796295166,0.005657773930579424,0.0012358683003580778,0.04
36,octanol_dipole,220,0.08381932973861694,0.0279831662774086,0.5842476426503975,0.9694725523436138,5.274143218994141,0.005639064125716686,0.0010691905569436056,0.04
36,octanol_dipole,221,0.2746795117855072,0.02659037336707115,0.5871464051824289,0.9040521420451981,5.047680854797363,0.7213273644447327,0.14290272804374635,0.1
36,octanol_dipole,222,0.13457049429416656,0.024730028584599495,0.5855356869728432,0.9608591351513092,4.613401889801025,0.03535104915499687,0.00766268580093757,0.02
36,octanol_dipole,223,0.08350356668233871,0.026864392682909966,0.583953823450936,0.9611622237597226,5.040548801422119,0.0102903563529253,0.0020415150727281966,0.02
36,octanol_dipole,224,0.23549102246761322,0.029855696484446526,0.5906968668360197,0.9069954991048663,5.685704708099365,0.5588690638542175,0.09829371952048456,0.08
36,octanol_dipole,225,0.06656806915998459,0.03347527235746384,0.5840966565297343,0.9658178952291911,6.340895175933838,0.006640453357249498,0.0010472422541303948,0.02
36,octanol_dipole,226,0.04657618701457977,0.021309442818164825,0.5843331903661189,0.9549581732070629,3.964468240737915,0.010049084201455116,0.002534787414411134,0.04
36,octanol_dipole,227,0.252719908952713,0.03106229193508625,0.5837226300753742,0.8982058491751312,5.935940742492676,0.6117401719093323,0.10305698767006974,0.08
36,octanol_dipole,228,0.03201993927359581,0.01895863749086857,0.5838158268099489,0.954520463832468,3.5649662017822266,0.005542682483792305,0.0015547643848688839,0.04
36,octanol_dipole,229,0.23997096717357635,0.029054194688796997,0.5832476346275359,0.8821962835191945,5.539662837982178,0.7819887399673462,0.1411617932062063,0.02
36,octanol_dipole,230,0.03644034266471863,0.02747388370335102,0.583367074497483,0.9678068318384672,5.091965675354004,0.010241770185530186,0.0020113588422447795,0.02
36,octanol_dipole,231,0.2200849950313568,0.02931191772222519,0.5854845341205506,0.9150415484728134,5.540488243103027,0.31737738847732544,0.05728328886401063,0.04
36,octanol_dipole,232,0.08494376391172409,0.026020748540759087,0.5856478983545297,0.9499162487306401,4.888425827026367,0.031949542462825775,0.0065357527337712934,0.02
36,octanol_dipole,233,0.19670778512954712,0.029551222920417786,0.586710488543394,0.9232263918227972,5.616040229797363,0.18141068518161774,0.03230224103792849,0.04
36,octanol_dipole,234,0.08656128495931625,0.026123622432351112,0.5843911526172616,0.9688751637495303,4.9033966064453125,0.010351935401558876,0.002111176442050738,0.02
36,octanol_dipole,235,0.11986757069826126,0.030167851597070694,0.5862091152406872,0.9454753369294759,5.767228603363037,0.054047390818595886,0.009371466701888546,0.02
36,octanol_dipole,236,0.07554081827402115,0.030174655839800835,0.5841821098152764,0.9493833001209351,5.664983749389648,0.0071967775002121925,0.001270396848179411,0.02
36,octanol_dipole,237,0.14761126041412354,0.024623826146125793,0.5853703932539431,0.9247584976232575,4.630980491638184,0.194966122508049,0.04210039814680386,0.06
36,octanol_dipole,238,0.20508387684822083,0.02861735038459301,0.5847391304146352,0.8992103922195818,5.383984565734863,0.4239092767238617,0.07873523253051935,0.04
36,octanol_dipole,239,0.13917100429534912,0.025912471115589142,0.5845267493642727,0.9364582185472274,4.908946514129639,0.122720867395401,0.024999430538134422,0.04
36,octanol_dipole,240,0.21804237365722656,0.02821437455713749,0.5840421285370345,0.9209631030707572,5.379736423492432,0.24858218431472778,0.04620713074886158,0.04
36,octanol_dipole,241,0.08693961054086685,0.026859184727072716,0.5836793025246045,0.9523792467702623,5.1067705154418945,0.019600849598646164,0.0038382084214234717,0.02
36,octanol_dipole,242,0.26824328303337097,0.026998788118362427,0.5843497814854008,0.8865704460782333,5.166259765625,0.6867486238479614,0.1329295573593521,0.08
36,octanol_dipole,243,0.04747259244322777,0.029754450544714928,0.584250549014028,0.9656445416042283,5.535231590270996,0.007146771997213364,0.001291142363361073,0.02
36,octanol_dipole,244,0.052319929003715515,0.018420694395899773,0.5853862635555778,0.9512791651506136,3.4136390686035156,0.010463067330420017,0.003065077215295743,0.0
36,octanol_dipole,245,0.08692770451307297,0.03218334540724754,0.584042343306616,0.9636702513675439,6.093846321105957,0.007836305536329746,0.0012859375053796162,0.02
36,octanol_dipole,246,0.15296241641044617,0.03578483313322067,0.5841656379712747,0.9470073206623701,6.746021747589111,0.059682294726371765,0.008847035624766698,0.04
36,octanol_dipole,247,0.2060418725013733,0.0339345745742321,0.5869629119829944,0.9243459636889326,6.479281425476074,0.20106081664562225,0.031031344904245927,0.06
36,octanol_dipole,248,0.2561464011669159,0.024631977081298828,0.585456939157684,0.9316016426130367,4.6428093910217285,0.5704114437103271,0.12285911302182459,0.1
36,octanol_dipole,249,0.35334375500679016,0.020501473918557167,0.5866574621838325,0.8949093300522877,3.8851523399353027,0.7219929099082947,0.1858338738707779,0.18
36,hexane_gsolv_eV,0,0.9999998807907104,0.0,0.652035309012376,0.652035309012376,,,,1.0
36,hexane_gsolv_eV,1,0.9999998807907104,0.0,0.652035309012376,0.652035309012376,,,,1.0
36,hexane_gsolv_eV,2,0.9999998807907104,0.0,0.652035309012376,0.652035309012376,,,,1.0
36,hexane_gsolv_eV,3,0.9999998807907104,0.0,0.652035309012376,0.652035309012376,,,,1.0
36,hexane_gsolv_eV,4,0.9999998807907104,0.0,0.652035309012376,0.652035309012376,,,,1.0
36,hexane_gsolv_eV,5,0.9999998807907104,0.0,0.652035309012376,0.652035309012376,,,,1.0
36,hexane_gsolv_eV,6,0.9999998807907104,0.0,0.652035309012376,0.652035309012376,,,,1.0
36,hexane_gsolv_eV,7,0.9999998807907104,0.0,0.652035309012376,0.652035309012376,,,,1.0
36,hexane_gsolv_eV,8,0.9999998807907104,0.0,0.652035309012376,0.652035309012376,,,,1.0
36,hexane_gsolv_eV,9,0.9999998807907104,0.0,0.652035309012376,0.652035309012376,,,,1.0
36,hexane_gsolv_eV,10,0.9999998807907104,0.0,0.652035309012376,0.652035309012376,,,,1.0
36,hexane_gsolv_eV,11,0.9999998807907104,0.0,0.652035309012376,0.652035309012376,,,,1.0
36,hexane_gsolv_eV,12,0.9999998807907104,0.0,0.652035309012376,0.652035309012376,,,,1.0
36,hexane_gsolv_eV,13,0.9999998807907104,0.0,0.652035309012376,0.652035309012376,,,,1.0
36,hexane_gsolv_eV,14,0.9999998807907104,0.0,0.652035309012376,0.652035309012376,,,,1.0
36,hexane_gsolv_eV,15,0.9999998807907104,0.0,0.652035309012376,0.652035309012376,,,,1.0
36,hexane_gsolv_eV,16,0.9999998807907104,0.0,0.652035309012376,0.652035309012376,,,,1.0
36,hexane_gsolv_eV,17,0.9999998807907104,0.0,0.652035309012376,0.652035309012376,,,,1.0
36,hexane_gsolv_eV,18,0.9999998807907104,0.0,0.652035309012376,0.652035309012376,,,,1.0
36,hexane_gsolv_eV,19,0.9999998807907104,0.0,0.652035309012376,0.652035309012376,,,,1.0
36,hexane_gsolv_eV,20,0.9999998807907104,0.0,0.652035309012376,0.652035309012376,,,,1.0
36,hexane_gsolv_eV,21,0.9999998807907104,0.0,0.652035309012376,0.652035309012376,,,,1.0
36,hexane_gsolv_eV,22,0.9999998807907104,0.0,0.652035309012376,0.652035309012376,,,,1.0
36,hexane_gsolv_eV,23,0.9999998807907104,0.0,0.652035309012376,0.652035309012376,,,,1.0
36,hexane_gsolv_eV,24,0.9999998807907104,0.0,0.652035309012376,0.652035309012376,,,,1.0
36,hexane_gsolv_eV,25,0.9999998807907104,0.0,0.652035309012376,0.652035309012376,,,,1.0
36,hexane_gsolv_eV,26,0.9999998807907104,0.0,0.652035309012376,0.652035309012376,,,,1.0
36,hexane_gsolv_eV,27,0.9999998807907104,0.0,0.652035309012376,0.652035309012376,,,,1.0
36,hexane_gsolv_eV,28,0.9999998807907104,0.0,0.652035309012376,0.652035309012376,,,,1.0
36,hexane_gsolv_eV,29,0.9999998807907104,0.0,0.652035309012376,0.652035309012376,,,,1.0
36,hexane_gsolv_eV,30,0.9999998807907104,0.0,0.652035309012376,0.652035309012376,,,,1.0
36,hexane_gsolv_eV,31,0.9999998807907104,0.0,0.652035309012376,0.652035309012376,,,,1.0
36,hexane_gsolv_eV,32,0.9999998807907104,0.0,0.652035309012376,0.652035309012376,,,,1.0
36,hexane_gsolv_eV,33,0.9999998807907104,0.0,0.652035309012376,0.652035309012376,,,,1.0
36,hexane_gsolv_eV,34,0.9999998807907104,0.0,0.652035309012376,0.652035309012376,,,,1.0
36,hexane_gsolv_eV,35,0.9999998807907104,0.0,0.652035309012376,0.652035309012376,,,,1.0
36,hexane_gsolv_eV,36,0.9999998807907104,0.0,0.652035309012376,0.652035309012376,,,,1.0
36,hexane_gsolv_eV,37,0.9999998807907104,0.0,0.652035309012376,0.652035309012376,,,,1.0
36,hexane_gsolv_eV,38,0.9999998807907104,0.0,0.652035309012376,0.652035309012376,,,,1.0
36,hexane_gsolv_eV,39,0.9999998807907104,0.0,0.652035309012376,0.652035309012376,,,,1.0
36,hexane_gsolv_eV,40,0.9999998807907104,0.0,0.652035309012376,0.652035309012376,,,,1.0
36,hexane_gsolv_eV,41,0.9999998807907104,0.0,0.652035309012376,0.652035309012376,,,,1.0
36,hexane_gsolv_eV,42,0.9999998807907104,0.0,0.652035309012376,0.652035309012376,,,,1.0
36,hexane_gsolv_eV,43,0.9999998807907104,0.0,0.652035309012376,0.652035309012376,,,,1.0
36,hexane_gsolv_eV,44,0.9999998807907104,0.0,0.652035309012376,0.652035309012376,,,,1.0
36,hexane_gsolv_eV,45,0.9999998807907104,0.0,0.652035309012376,0.652035309012376,,,,1.0
36,hexane_gsolv_eV,46,0.9999998807907104,0.0,0.652035309012376,0.652035309012376,,,,1.0
36,hexane_gsolv_eV,47,0.9999998807907104,0.0,0.652035309012376,0.652035309012376,,,,1.0
36,hexane_gsolv_eV,48,0.9999998807907104,0.0,0.652035309012376,0.652035309012376,,,,1.0
36,hexane_gsolv_eV,49,0.9999998807907104,0.0,0.652035309012376,0.652035309012376,,,,1.0
36,hexane_gsolv_eV,50,0.9999998807907104,0.0,0.652035309012376,0.652035309012376,,,,1.0
36,hexane_gsolv_eV,51,0.9999998807907104,0.0,0.652035309012376,0.652035309012376,,,,1.0
36,hexane_gsolv_eV,52,0.9999998807907104,0.0,0.652035309012376,0.652035309012376,,,,1.0
36,hexane_gsolv_eV,53,0.9999998807907104,0.0,0.652035309012376,0.652035309012376,,,,1.0
36,hexane_gsolv_eV,54,0.9999998807907104,0.0,0.652035309012376,0.652035309012376,,,,1.0
36,hexane_gsolv_eV,55,0.9999998807907104,0.0,0.652035309012376,0.652035309012376,,,,1.0
36,hexane_gsolv_eV,56,0.9999998807907104,0.0,0.652035309012376,0.652035309012376,,,,1.0
36,hexane_gsolv_eV,57,0.9999998807907104,0.0,0.652035309012376,0.652035309012376,,,,1.0
36,hexane_gsolv_eV,58,0.9999998807907104,0.0,0.652035309012376,0.652035309012376,,,,1.0
36,hexane_gsolv_eV,59,0.9999998807907104,0.0,0.652035309012376,0.652035309012376,,,,1.0
36,hexane_gsolv_eV,60,0.9999998807907104,0.0,0.652035309012376,0.652035309012376,,,,1.0
36,hexane_gsolv_eV,61,0.9999998807907104,0.0,0.652035309012376,0.652035309012376,,,,1.0
36,hexane_gsolv_eV,62,0.9999998807907104,0.0,0.652035309012376,0.652035309012376,,,,1.0
36,hexane_gsolv_eV,63,0.9999998807907104,0.0,0.652035309012376,0.652035309012376,,,,1.0
36,hexane_gsolv_eV,64,0.9999998807907104,0.0,0.652035309012376,0.652035309012376,,,,1.0
36,hexane_gsolv_eV,65,0.9999998807907104,0.0,0.652035309012376,0.652035309012376,,,,1.0
36,hexane_gsolv_eV,66,0.9999998807907104,0.0,0.652035309012376,0.652035309012376,,,,1.0
36,hexane_gsolv_eV,67,0.9999998807907104,0.0,0.652035309012376,0.652035309012376,,,,1.0
36,hexane_gsolv_eV,68,0.9999998807907104,0.0,0.652035309012376,0.652035309012376,,,,1.0
36,hexane_gsolv_eV,69,0.9999998807907104,0.0,0.652035309012376,0.652035309012376,,,,1.0
36,hexane_gsolv_eV,70,0.9999998807907104,0.0,0.652035309012376,0.652035309012376,,,,1.0
36,hexane_gsolv_eV,71,0.9999998807907104,0.0,0.652035309012376,0.652035309012376,,,,1.0
36,hexane_gsolv_eV,72,0.9999998807907104,0.0,0.652035309012376,0.652035309012376,,,,1.0
36,hexane_gsolv_eV,73,0.9999998807907104,0.0,0.652035309012376,0.652035309012376,,,,1.0
36,hexane_gsolv_eV,74,0.9999998807907104,0.0,0.652035309012376,0.652035309012376,,,,1.0
36,hexane_gsolv_eV,75,0.9999998807907104,0.0,0.652035309012376,0.652035309012376,,,,1.0
36,hexane_gsolv_eV,76,0.9999998807907104,0.0,0.652035309012376,0.652035309012376,,,,1.0
36,hexane_gsolv_eV,77,0.9999998807907104,0.0,0.652035309012376,0.652035309012376,,,,1.0
36,hexane_gsolv_eV,78,0.9999998807907104,0.0,0.652035309012376,0.652035309012376,,,,1.0
36,hexane_gsolv_eV,79,0.9999998807907104,0.0,0.652035309012376,0.652035309012376,,,,1.0
36,hexane_gsolv_eV,80,0.9999998807907104,0.0,0.652035309012376,0.652035309012376,,,,1.0
36,hexane_gsolv_eV,81,0.9999998807907104,0.0,0.652035309012376,0.652035309012376,,,,1.0
36,hexane_gsolv_eV,82,0.9999998807907104,0.0,0.652035309012376,0.652035309012376,,,,1.0
36,hexane_gsolv_eV,83,0.9999998807907104,0.0,0.652035309012376,0.652035309012376,,,,1.0
36,hexane_gsolv_eV,84,0.9999998807907104,0.0,0.652035309012376,0.652035309012376,,,,1.0
36,hexane_gsolv_eV,85,0.9999998807907104,0.0,0.652035309012376,0.652035309012376,,,,1.0
36,hexane_gsolv_eV,86,0.9999998807907104,0.0,0.652035309012376,0.652035309012376,,,,1.0
36,hexane_gsolv_eV,87,0.9999998807907104,0.0,0.652035309012376,0.652035309012376,,,,1.0
36,hexane_gsolv_eV,88,0.9999998807907104,0.0,0.652035309012376,0.652035309012376,,,,1.0
36,hexane_gsolv_eV,89,0.9999998807907104,0.0,0.652035309012376,0.652035309012376,,,,1.0
36,hexane_gsolv_eV,90,0.9999998807907104,0.0,0.652035309012376,0.652035309012376,,,,1.0
36,hexane_gsolv_eV,91,0.9999998807907104,0.0,0.652035309012376,0.652035309012376,,,,1.0
36,hexane_gsolv_eV,92,0.9999998807907104,0.0,0.652035309012376,0.652035309012376,,,,1.0
36,hexane_gsolv_eV,93,0.9999998807907104,0.0,0.652035309012376,0.652035309012376,,,,1.0
36,hexane_gsolv_eV,94,0.9999998807907104,0.0,0.652035309012376,0.652035309012376,,,,1.0
36,hexane_gsolv_eV,95,0.9999998807907104,0.0,0.652035309012376,0.652035309012376,,,,1.0
36,hexane_gsolv_eV,96,0.9999998807907104,0.0,0.652035309012376,0.652035309012376,,,,1.0
36,hexane_gsolv_eV,97,0.9999998807907104,0.0,0.652035309012376,0.652035309012376,,,,1.0
36,hexane_gsolv_eV,98,0.9999998807907104,0.0,0.652035309012376,0.652035309012376,,,,1.0
36,hexane_gsolv_eV,99,0.9999998807907104,0.0,0.652035309012376,0.652035309012376,,,,1.0
36,hexane_gsolv_eV,100,0.9999998807907104,0.0,0.652035309012376,0.652035309012376,,,,1.0
36,hexane_gsolv_eV,101,0.9999998807907104,0.0,0.652035309012376,0.652035309012376,,,,1.0
36,hexane_gsolv_eV,102,0.9999998807907104,0.0,0.652035309012376,0.652035309012376,,,,1.0
36,hexane_gsolv_eV,103,0.9999998807907104,0.0,0.652035309012376,0.652035309012376,,,,1.0
36,hexane_gsolv_eV,104,0.9999998807907104,0.0,0.652035309012376,0.652035309012376,,,,1.0
36,hexane_gsolv_eV,105,0.9999998807907104,0.0,0.652035309012376,0.652035309012376,,,,1.0
36,hexane_gsolv_eV,106,0.9999998807907104,0.0,0.652035309012376,0.652035309012376,,,,1.0
36,hexane_gsolv_eV,107,0.9999998807907104,0.0,0.652035309012376,0.652035309012376,,,,1.0
36,hexane_gsolv_eV,108,0.9999998807907104,0.0,0.652035309012376,0.652035309012376,,,,1.0
36,hexane_gsolv_eV,109,0.9999998807907104,0.0,0.652035309012376,0.652035309012376,,,,1.0
36,hexane_gsolv_eV,110,0.9999998807907104,0.0,0.652035309012376,0.652035309012376,,,,1.0
36,hexane_gsolv_eV,111,0.9999998807907104,0.0,0.652035309012376,0.652035309012376,,,,1.0
36,hexane_gsolv_eV,112,0.9999998807907104,0.0,0.652035309012376,0.652035309012376,,,,1.0
36,hexane_gsolv_eV,113,0.9999998807907104,0.0,0.652035309012376,0.652035309012376,,,,1.0
36,hexane_gsolv_eV,114,0.9999998807907104,0.0,0.652035309012376,0.652035309012376,,,,1.0
36,hexane_gsolv_eV,115,0.9999998807907104,0.0,0.652035309012376,0.652035309012376,,,,1.0
36,hexane_gsolv_eV,116,0.9999998807907104,0.0,0.652035309012376,0.652035309012376,,,,1.0
36,hexane_gsolv_eV,117,0.9999998807907104,0.0,0.652035309012376,0.652035309012376,,,,1.0
36,hexane_gsolv_eV,118,0.9999998807907104,0.0,0.652035309012376,0.652035309012376,,,,1.0
36,hexane_gsolv_eV,119,0.9999998807907104,0.0,0.652035309012376,0.652035309012376,,,,1.0
36,hexane_gsolv_eV,120,0.9999998807907104,0.0,0.652035309012376,0.652035309012376,,,,1.0
36,hexane_gsolv_eV,121,0.9999998807907104,0.0,0.652035309012376,0.652035309012376,,,,1.0
36,hexane_gsolv_eV,122,0.9999998807907104,0.0,0.652035309012376,0.652035309012376,,,,1.0
36,hexane_gsolv_eV,123,0.9999998807907104,0.0,0.652035309012376,0.652035309012376,,,,1.0
36,hexane_gsolv_eV,124,0.9999998807907104,0.0,0.652035309012376,0.652035309012376,,,,1.0
36,hexane_gsolv_eV,125,0.9999998807907104,0.0,0.652035309012376,0.652035309012376,,,,1.0
36,hexane_gsolv_eV,126,0.9999998807907104,0.0,0.652035309012376,0.652035309012376,,,,1.0
36,hexane_gsolv_eV,127,0.9999998807907104,0.0,0.652035309012376,0.652035309012376,,,,1.0
36,hexane_gsolv_eV,128,0.9999998807907104,0.0,0.652035309012376,0.652035309012376,,,,1.0
36,hexane_gsolv_eV,129,0.9999998807907104,0.0,0.652035309012376,0.652035309012376,,,,1.0
36,hexane_gsolv_eV,130,0.9999998807907104,0.0,0.652035309012376,0.652035309012376,,,,1.0
36,hexane_gsolv_eV,131,0.9999998807907104,0.0,0.652035309012376,0.652035309012376,,,,1.0
36,hexane_gsolv_eV,132,0.9999998807907104,0.0,0.652035309012376,0.652035309012376,,,,1.0
36,hexane_gsolv_eV,133,0.9999998807907104,0.0,0.652035309012376,0.652035309012376,,,,1.0
36,hexane_gsolv_eV,134,0.9999998807907104,0.0,0.652035309012376,0.652035309012376,,,,1.0
36,hexane_gsolv_eV,135,0.9999998807907104,0.0,0.652035309012376,0.652035309012376,,,,1.0
36,hexane_gsolv_eV,136,0.9999998807907104,0.0,0.652035309012376,0.652035309012376,,,,1.0
36,hexane_gsolv_eV,137,0.9999998807907104,0.0,0.652035309012376,0.652035309012376,,,,1.0
36,hexane_gsolv_eV,138,0.9999998807907104,0.0,0.652035309012376,0.652035309012376,,,,1.0
36,hexane_gsolv_eV,139,0.9999998807907104,0.0,0.652035309012376,0.652035309012376,,,,1.0
36,hexane_gsolv_eV,140,0.9999998807907104,0.0,0.652035309012376,0.652035309012376,,,,1.0
36,hexane_gsolv_eV,141,0.9999998807907104,0.0,0.652035309012376,0.652035309012376,,,,1.0
36,hexane_gsolv_eV,142,0.9999998807907104,0.0,0.652035309012376,0.652035309012376,,,,1.0
36,hexane_gsolv_eV,143,0.9999998807907104,0.0,0.652035309012376,0.652035309012376,,,,1.0
36,hexane_gsolv_eV,144,0.9999998807907104,0.0,0.652035309012376,0.652035309012376,,,,1.0
36,hexane_gsolv_eV,145,0.9999998807907104,0.0,0.652035309012376,0.652035309012376,,,,1.0
36,hexane_gsolv_eV,146,0.9999998807907104,0.0,0.652035309012376,0.652035309012376,,,,1.0
36,hexane_gsolv_eV,147,0.9999998807907104,0.0,0.652035309012376,0.652035309012376,,,,1.0
36,hexane_gsolv_eV,148,0.9999998807907104,0.0,0.652035309012376,0.652035309012376,,,,1.0
36,hexane_gsolv_eV,149,0.9999998807907104,0.0,0.652035309012376,0.652035309012376,,,,1.0
36,hexane_gsolv_eV,150,0.9999998807907104,0.0,0.652035309012376,0.652035309012376,,,,1.0
36,hexane_gsolv_eV,151,0.9999998807907104,0.0,0.652035309012376,0.652035309012376,,,,1.0
36,hexane_gsolv_eV,152,0.9999998807907104,0.0,0.652035309012376,0.652035309012376,,,,1.0
36,hexane_gsolv_eV,153,0.9999998807907104,0.0,0.652035309012376,0.652035309012376,,,,1.0
36,hexane_gsolv_eV,154,0.9999998807907104,0.0,0.652035309012376,0.652035309012376,,,,1.0
36,hexane_gsolv_eV,155,0.9999998807907104,0.0,0.652035309012376,0.652035309012376,,,,1.0
36,hexane_gsolv_eV,156,0.9999998807907104,0.0,0.652035309012376,0.652035309012376,,,,1.0
36,hexane_gsolv_eV,157,0.9999998807907104,0.0,0.652035309012376,0.652035309012376,,,,1.0
36,hexane_gsolv_eV,158,0.9999998807907104,0.0,0.652035309012376,0.652035309012376,,,,1.0
36,hexane_gsolv_eV,159,0.9999998807907104,0.0,0.652035309012376,0.652035309012376,,,,1.0
36,hexane_gsolv_eV,160,0.9999998807907104,0.0,0.652035309012376,0.652035309012376,,,,1.0
36,hexane_gsolv_eV,161,0.9999998807907104,0.0,0.652035309012376,0.652035309012376,,,,1.0
36,hexane_gsolv_eV,162,0.9999998807907104,0.0,0.652035309012376,0.652035309012376,,,,1.0
36,hexane_gsolv_eV,163,0.9999998807907104,0.0,0.652035309012376,0.652035309012376,,,,1.0
36,hexane_gsolv_eV,164,0.9999998807907104,0.0,0.652035309012376,0.652035309012376,,,,1.0
36,hexane_gsolv_eV,165,0.9999998807907104,0.0,0.652035309012376,0.652035309012376,,,,1.0
36,hexane_gsolv_eV,166,0.9999998807907104,0.0,0.652035309012376,0.652035309012376,,,,1.0
36,hexane_gsolv_eV,167,0.9999998807907104,0.0,0.652035309012376,0.652035309012376,,,,1.0
36,hexane_gsolv_eV,168,0.9999998807907104,0.0,0.652035309012376,0.652035309012376,,,,1.0
36,hexane_gsolv_eV,169,0.9999998807907104,0.0,0.652035309012376,0.652035309012376,,,,1.0
36,hexane_gsolv_eV,170,0.9999998807907104,0.0,0.652035309012376,0.652035309012376,,,,1.0
36,hexane_gsolv_eV,171,0.9999998807907104,0.0,0.652035309012376,0.652035309012376,,,,1.0
36,hexane_gsolv_eV,172,0.9999998807907104,0.0,0.652035309012376,0.652035309012376,,,,1.0
36,hexane_gsolv_eV,173,0.9999998807907104,0.0,0.652035309012376,0.652035309012376,,,,1.0
36,hexane_gsolv_eV,174,0.9999998807907104,0.0,0.652035309012376,0.652035309012376,,,,1.0
36,hexane_gsolv_eV,175,0.9999998807907104,0.0,0.652035309012376,0.652035309012376,,,,1.0
36,hexane_gsolv_eV,176,0.9999998807907104,0.0,0.652035309012376,0.652035309012376,,,,1.0
36,hexane_gsolv_eV,177,0.9999998807907104,0.0,0.652035309012376,0.652035309012376,,,,1.0
36,hexane_gsolv_eV,178,0.9999998807907104,0.0,0.652035309012376,0.652035309012376,,,,1.0
36,hexane_gsolv_eV,179,0.9999998807907104,0.0,0.652035309012376,0.652035309012376,,,,1.0
36,hexane_gsolv_eV,180,0.9999998807907104,0.0,0.652035309012376,0.652035309012376,,,,1.0
36,hexane_gsolv_eV,181,0.9999998807907104,0.0,0.652035309012376,0.652035309012376,,,,1.0
36,hexane_gsolv_eV,182,0.9999998807907104,0.0,0.652035309012376,0.652035309012376,,,,1.0
36,hexane_gsolv_eV,183,0.9999998807907104,0.0,0.652035309012376,0.652035309012376,,,,1.0
36,hexane_gsolv_eV,184,0.9999998807907104,0.0,0.652035309012376,0.652035309012376,,,,1.0
36,hexane_gsolv_eV,185,0.9999998807907104,0.0,0.652035309012376,0.652035309012376,,,,1.0
36,hexane_gsolv_eV,186,0.9999998807907104,0.0,0.652035309012376,0.652035309012376,,,,1.0
36,hexane_gsolv_eV,187,0.9999998807907104,0.0,0.652035309012376,0.652035309012376,,,,1.0
36,hexane_gsolv_eV,188,0.9999998807907104,0.0,0.652035309012376,0.652035309012376,,,,1.0
36,hexane_gsolv_eV,189,0.9999998807907104,0.0,0.652035309012376,0.652035309012376,,,,1.0
36,hexane_gsolv_eV,190,0.9999998807907104,0.0,0.652035309012376,0.652035309012376,,,,1.0
36,hexane_gsolv_eV,191,0.9999998807907104,0.0,0.652035309012376,0.652035309012376,,,,1.0
36,hexane_gsolv_eV,192,0.9999998807907104,0.0,0.652035309012376,0.652035309012376,,,,1.0
36,hexane_gsolv_eV,193,0.9999998807907104,0.0,0.652035309012376,0.652035309012376,,,,1.0
36,hexane_gsolv_eV,194,0.9999998807907104,0.0,0.652035309012376,0.652035309012376,,,,1.0
36,hexane_gsolv_eV,195,0.9999998807907104,0.0,0.652035309012376,0.652035309012376,,,,1.0
36,hexane_gsolv_eV,196,0.9999998807907104,0.0,0.652035309012376,0.652035309012376,,,,1.0
36,hexane_gsolv_eV,197,0.9999998807907104,0.0,0.652035309012376,0.652035309012376,,,,1.0
36,hexane_gsolv_eV,198,0.9999998807907104,0.0,0.652035309012376,0.652035309012376,,,,1.0
36,hexane_gsolv_eV,199,0.9999998807907104,0.0,0.652035309012376,0.652035309012376,,,,1.0
36,hexane_gsolv_eV,200,0.9999998807907104,0.0,0.652035309012376,0.652035309012376,,,,1.0
36,hexane_gsolv_eV,201,0.9999998807907104,0.0,0.652035309012376,0.652035309012376,,,,1.0
36,hexane_gsolv_eV,202,0.9999998807907104,0.0,0.652035309012376,0.652035309012376,,,,1.0
36,hexane_gsolv_eV,203,0.9999998807907104,0.0,0.652035309012376,0.652035309012376,,,,1.0
36,hexane_gsolv_eV,204,0.9999998807907104,0.0,0.652035309012376,0.652035309012376,,,,1.0
36,hexane_gsolv_eV,205,0.9999998807907104,0.0,0.652035309012376,0.652035309012376,,,,1.0
36,hexane_gsolv_eV,206,0.9999998807907104,0.0,0.652035309012376,0.652035309012376,,,,1.0
36,hexane_gsolv_eV,207,0.9999998807907104,0.0,0.652035309012376,0.652035309012376,,,,1.0
36,hexane_gsolv_eV,208,0.9999998807907104,0.0,0.652035309012376,0.652035309012376,,,,1.0
36,hexane_gsolv_eV,209,0.9999998807907104,0.0,0.652035309012376,0.652035309012376,,,,1.0
36,hexane_gsolv_eV,210,0.9999998807907104,0.0,0.652035309012376,0.652035309012376,,,,1.0
36,hexane_gsolv_eV,211,0.9999998807907104,0.0,0.652035309012376,0.652035309012376,,,,1.0
36,hexane_gsolv_eV,212,0.9999998807907104,0.0,0.652035309012376,0.652035309012376,,,,1.0
36,hexane_gsolv_eV,213,0.9999998807907104,0.0,0.652035309012376,0.652035309012376,,,,1.0
36,hexane_gsolv_eV,214,0.9999998807907104,0.0,0.652035309012376,0.652035309012376,,,,1.0
36,hexane_gsolv_eV,215,0.9999998807907104,0.0,0.652035309012376,0.652035309012376,,,,1.0
36,hexane_gsolv_eV,216,0.9999998807907104,0.0,0.652035309012376,0.652035309012376,,,,1.0
36,hexane_gsolv_eV,217,0.9999998807907104,0.0,0.652035309012376,0.652035309012376,,,,1.0
36,hexane_gsolv_eV,218,0.9999998807907104,0.0,0.652035309012376,0.652035309012376,,,,1.0
36,hexane_gsolv_eV,219,0.9999998807907104,0.0,0.652035309012376,0.652035309012376,,,,1.0
36,hexane_gsolv_eV,220,0.9999998807907104,0.0,0.652035309012376,0.652035309012376,,,,1.0
36,hexane_gsolv_eV,221,0.9999998807907104,0.0,0.652035309012376,0.652035309012376,,,,1.0
36,hexane_gsolv_eV,222,0.9999998807907104,0.0,0.652035309012376,0.652035309012376,,,,1.0
36,hexane_gsolv_eV,223,0.9999998807907104,0.0,0.652035309012376,0.652035309012376,,,,1.0
36,hexane_gsolv_eV,224,0.9999998807907104,0.0,0.652035309012376,0.652035309012376,,,,1.0
36,hexane_gsolv_eV,225,0.9999998807907104,0.0,0.652035309012376,0.652035309012376,,,,1.0
36,hexane_gsolv_eV,226,0.9999998807907104,0.0,0.652035309012376,0.652035309012376,,,,1.0
36,hexane_gsolv_eV,227,0.9999998807907104,0.0,0.652035309012376,0.652035309012376,,,,1.0
36,hexane_gsolv_eV,228,0.9999998807907104,0.0,0.652035309012376,0.652035309012376,,,,1.0
36,hexane_gsolv_eV,229,0.9999998807907104,0.0,0.652035309012376,0.652035309012376,,,,1.0
36,hexane_gsolv_eV,230,0.9999998807907104,0.0,0.652035309012376,0.652035309012376,,,,1.0
36,hexane_gsolv_eV,231,0.9999998807907104,0.0,0.652035309012376,0.652035309012376,,,,1.0
36,hexane_gsolv_eV,232,0.9999998807907104,0.0,0.652035309012376,0.652035309012376,,,,1.0
36,hexane_gsolv_eV,233,0.9999998807907104,0.0,0.652035309012376,0.652035309012376,,,,1.0
36,hexane_gsolv_eV,234,0.9999998807907104,0.0,0.652035309012376,0.652035309012376,,,,1.0
36,hexane_gsolv_eV,235,0.9999998807907104,0.0,0.652035309012376,0.652035309012376,,,,1.0
36,hexane_gsolv_eV,236,0.9999998807907104,0.0,0.652035309012376,0.652035309012376,,,,1.0
36,hexane_gsolv_eV,237,0.9999998807907104,0.0,0.652035309012376,0.652035309012376,,,,1.0
36,hexane_gsolv_eV,238,0.9999998807907104,0.0,0.652035309012376,0.652035309012376,,,,1.0
36,hexane_gsolv_eV,239,0.9999998807907104,0.0,0.652035309012376,0.652035309012376,,,,1.0
36,hexane_gsolv_eV,240,0.9999998807907104,0.0,0.652035309012376,0.652035309012376,,,,1.0
36,hexane_gsolv_eV,241,0.9999998807907104,0.0,0.652035309012376,0.652035309012376,,,,1.0
36,hexane_gsolv_eV,242,0.9999998807907104,0.0,0.652035309012376,0.652035309012376,,,,1.0
36,hexane_gsolv_eV,243,0.9999998807907104,0.0,0.652035309012376,0.652035309012376,,,,1.0
36,hexane_gsolv_eV,244,0.9999998807907104,0.0,0.652035309012376,0.652035309012376,,,,1.0
36,hexane_gsolv_eV,245,0.9999998807907104,0.0,0.652035309012376,0.652035309012376,,,,1.0
36,hexane_gsolv_eV,246,0.9999998807907104,0.0,0.652035309012376,0.652035309012376,,,,1.0
36,hexane_gsolv_eV,247,0.9999998807907104,0.0,0.652035309012376,0.652035309012376,,,,1.0
36,hexane_gsolv_eV,248,0.9999998807907104,0.0,0.652035309012376,0.652035309012376,,,,1.0
36,hexane_gsolv_eV,249,0.9999998807907104,0.0,0.652035309012376,0.652035309012376,,,,1.0
36,hexane_hl_gap_eV,0,1.0,0.0,0.7098624142112064,0.7098624142112064,,,,1.0
36,hexane_hl_gap_eV,1,1.0,0.0,0.7098624142112064,0.7098624142112064,,,,1.0
36,hexane_hl_gap_eV,2,1.0,0.0,0.7098624142112064,0.7098624142112064,,,,1.0
36,hexane_hl_gap_eV,3,1.0,0.0,0.7098624142112064,0.7098624142112064,,,,1.0
36,hexane_hl_gap_eV,4,1.0,0.0,0.7098624142112064,0.7098624142112064,,,,1.0
36,hexane_hl_gap_eV,5,1.0,0.0,0.7098624142112064,0.7098624142112064,,,,1.0
36,hexane_hl_gap_eV,6,1.0,0.0,0.7098624142112064,0.7098624142112064,,,,1.0
36,hexane_hl_gap_eV,7,1.0,0.0,0.7098624142112064,0.7098624142112064,,,,1.0
36,hexane_hl_gap_eV,8,1.0,0.0,0.7098624142112064,0.7098624142112064,,,,1.0
36,hexane_hl_gap_eV,9,1.0,0.0,0.7098624142112064,0.7098624142112064,,,,1.0
36,hexane_hl_gap_eV,10,1.0,0.0,0.7098624142112064,0.7098624142112064,,,,1.0
36,hexane_hl_gap_eV,11,1.0,0.0,0.7098624142112064,0.7098624142112064,,,,1.0
36,hexane_hl_gap_eV,12,1.0,0.0,0.7098624142112064,0.7098624142112064,,,,1.0
36,hexane_hl_gap_eV,13,1.0,0.0,0.7098624142112064,0.7098624142112064,,,,1.0
36,hexane_hl_gap_eV,14,1.0,0.0,0.7098624142112064,0.7098624142112064,,,,1.0
36,hexane_hl_gap_eV,15,1.0,0.0,0.7098624142112064,0.7098624142112064,,,,1.0
36,hexane_hl_gap_eV,16,1.0,0.0,0.7098624142112064,0.7098624142112064,,,,1.0
36,hexane_hl_gap_eV,17,1.0,0.0,0.7098624142112064,0.7098624142112064,,,,1.0
36,hexane_hl_gap_eV,18,1.0,0.0,0.7098624142112064,0.7098624142112064,,,,1.0
36,hexane_hl_gap_eV,19,1.0,0.0,0.7098624142112064,0.7098624142112064,,,,1.0
36,hexane_hl_gap_eV,20,1.0,0.0,0.7098624142112064,0.7098624142112064,,,,1.0
36,hexane_hl_gap_eV,21,1.0,0.0,0.7098624142112064,0.7098624142112064,,,,1.0
36,hexane_hl_gap_eV,22,1.0,0.0,0.7098624142112064,0.7098624142112064,,,,1.0
36,hexane_hl_gap_eV,23,1.0,0.0,0.7098624142112064,0.7098624142112064,,,,1.0
36,hexane_hl_gap_eV,24,1.0,0.0,0.7098624142112064,0.7098624142112064,,,,1.0
36,hexane_hl_gap_eV,25,1.0,0.0,0.7098624142112064,0.7098624142112064,,,,1.0
36,hexane_hl_gap_eV,26,1.0,0.0,0.7098624142112064,0.7098624142112064,,,,1.0
36,hexane_hl_gap_eV,27,1.0,0.0,0.7098624142112064,0.7098624142112064,,,,1.0
36,hexane_hl_gap_eV,28,1.0,0.0,0.7098624142112064,0.7098624142112064,,,,1.0
36,hexane_hl_gap_eV,29,1.0,0.0,0.7098624142112064,0.7098624142112064,,,,1.0
36,hexane_hl_gap_eV,30,1.0,0.0,0.7098624142112064,0.7098624142112064,,,,1.0
36,hexane_hl_gap_eV,31,1.0,0.0,0.7098624142112064,0.7098624142112064,,,,1.0
36,hexane_hl_gap_eV,32,1.0,0.0,0.7098624142112064,0.7098624142112064,,,,1.0
36,hexane_hl_gap_eV,33,1.0,0.0,0.7098624142112064,0.7098624142112064,,,,1.0
36,hexane_hl_gap_eV,34,1.0,0.0,0.7098624142112064,0.7098624142112064,,,,1.0
36,hexane_hl_gap_eV,35,1.0,0.0,0.7098624142112064,0.7098624142112064,,,,1.0
36,hexane_hl_gap_eV,36,1.0,0.0,0.7098624142112064,0.7098624142112064,,,,1.0
36,hexane_hl_gap_eV,37,1.0,0.0,0.7098624142112064,0.7098624142112064,,,,1.0
36,hexane_hl_gap_eV,38,1.0,0.0,0.7098624142112064,0.7098624142112064,,,,1.0
36,hexane_hl_gap_eV,39,1.0,0.0,0.7098624142112064,0.7098624142112064,,,,1.0
36,hexane_hl_gap_eV,40,1.0,0.0,0.7098624142112064,0.7098624142112064,,,,1.0
36,hexane_hl_gap_eV,41,1.0,0.0,0.7098624142112064,0.7098624142112064,,,,1.0
36,hexane_hl_gap_eV,42,1.0,0.0,0.7098624142112064,0.7098624142112064,,,,1.0
36,hexane_hl_gap_eV,43,1.0,0.0,0.7098624142112064,0.7098624142112064,,,,1.0
36,hexane_hl_gap_eV,44,1.0,0.0,0.7098624142112064,0.7098624142112064,,,,1.0
36,hexane_hl_gap_eV,45,1.0,0.0,0.7098624142112064,0.7098624142112064,,,,1.0
36,hexane_hl_gap_eV,46,1.0,0.0,0.7098624142112064,0.7098624142112064,,,,1.0
36,hexane_hl_gap_eV,47,1.0,0.0,0.7098624142112064,0.7098624142112064,,,,1.0
36,hexane_hl_gap_eV,48,1.0,0.0,0.7098624142112064,0.7098624142112064,,,,1.0
36,hexane_hl_gap_eV,49,1.0,0.0,0.7098624142112064,0.7098624142112064,,,,1.0
36,hexane_hl_gap_eV,50,1.0,0.0,0.7098624142112064,0.7098624142112064,,,,1.0
36,hexane_hl_gap_eV,51,1.0,0.0,0.7098624142112064,0.7098624142112064,,,,1.0
36,hexane_hl_gap_eV,52,1.0,0.0,0.7098624142112064,0.7098624142112064,,,,1.0
36,hexane_hl_gap_eV,53,1.0,0.0,0.7098624142112064,0.7098624142112064,,,,1.0
36,hexane_hl_gap_eV,54,1.0,0.0,0.7098624142112064,0.7098624142112064,,,,1.0
36,hexane_hl_gap_eV,55,1.0,0.0,0.7098624142112064,0.7098624142112064,,,,1.0
36,hexane_hl_gap_eV,56,1.0,0.0,0.7098624142112064,0.7098624142112064,,,,1.0
36,hexane_hl_gap_eV,57,1.0,0.0,0.7098624142112064,0.7098624142112064,,,,1.0
36,hexane_hl_gap_eV,58,1.0,0.0,0.7098624142112064,0.7098624142112064,,,,1.0
36,hexane_hl_gap_eV,59,1.0,0.0,0.7098624142112064,0.7098624142112064,,,,1.0
36,hexane_hl_gap_eV,60,1.0,0.0,0.7098624142112064,0.7098624142112064,,,,1.0
36,hexane_hl_gap_eV,61,1.0,0.0,0.7098624142112064,0.7098624142112064,,,,1.0
36,hexane_hl_gap_eV,62,1.0,0.0,0.7098624142112064,0.7098624142112064,,,,1.0
36,hexane_hl_gap_eV,63,1.0,0.0,0.7098624142112064,0.7098624142112064,,,,1.0
36,hexane_hl_gap_eV,64,1.0,0.0,0.7098624142112064,0.7098624142112064,,,,1.0
36,hexane_hl_gap_eV,65,1.0,0.0,0.7098624142112064,0.7098624142112064,,,,1.0
36,hexane_hl_gap_eV,66,1.0,0.0,0.7098624142112064,0.7098624142112064,,,,1.0
36,hexane_hl_gap_eV,67,1.0,0.0,0.7098624142112064,0.7098624142112064,,,,1.0
36,hexane_hl_gap_eV,68,1.0,0.0,0.7098624142112064,0.7098624142112064,,,,1.0
36,hexane_hl_gap_eV,69,1.0,0.0,0.7098624142112064,0.7098624142112064,,,,1.0
36,hexane_hl_gap_eV,70,1.0,0.0,0.7098624142112064,0.7098624142112064,,,,1.0
36,hexane_hl_gap_eV,71,1.0,0.0,0.7098624142112064,0.7098624142112064,,,,1.0
36,hexane_hl_gap_eV,72,1.0,0.0,0.7098624142112064,0.7098624142112064,,,,1.0
36,hexane_hl_gap_eV,73,1.0,0.0,0.7098624142112064,0.7098624142112064,,,,1.0
36,hexane_hl_gap_eV,74,1.0,0.0,0.7098624142112064,0.7098624142112064,,,,1.0
36,hexane_hl_gap_eV,75,1.0,0.0,0.7098624142112064,0.7098624142112064,,,,1.0
36,hexane_hl_gap_eV,76,1.0,0.0,0.7098624142112064,0.7098624142112064,,,,1.0
36,hexane_hl_gap_eV,77,1.0,0.0,0.7098624142112064,0.7098624142112064,,,,1.0
36,hexane_hl_gap_eV,78,1.0,0.0,0.7098624142112064,0.7098624142112064,,,,1.0
36,hexane_hl_gap_eV,79,1.0,0.0,0.7098624142112064,0.7098624142112064,,,,1.0
36,hexane_hl_gap_eV,80,1.0,0.0,0.7098624142112064,0.7098624142112064,,,,1.0
36,hexane_hl_gap_eV,81,1.0,0.0,0.7098624142112064,0.7098624142112064,,,,1.0
36,hexane_hl_gap_eV,82,1.0,0.0,0.7098624142112064,0.7098624142112064,,,,1.0
36,hexane_hl_gap_eV,83,1.0,0.0,0.7098624142112064,0.7098624142112064,,,,1.0
36,hexane_hl_gap_eV,84,1.0,0.0,0.7098624142112064,0.7098624142112064,,,,1.0
36,hexane_hl_gap_eV,85,1.0,0.0,0.7098624142112064,0.7098624142112064,,,,1.0
36,hexane_hl_gap_eV,86,1.0,0.0,0.7098624142112064,0.7098624142112064,,,,1.0
36,hexane_hl_gap_eV,87,1.0,0.0,0.7098624142112064,0.7098624142112064,,,,1.0
36,hexane_hl_gap_eV,88,1.0,0.0,0.7098624142112064,0.7098624142112064,,,,1.0
36,hexane_hl_gap_eV,89,1.0,0.0,0.7098624142112064,0.7098624142112064,,,,1.0
36,hexane_hl_gap_eV,90,1.0,0.0,0.7098624142112064,0.7098624142112064,,,,1.0
36,hexane_hl_gap_eV,91,1.0,0.0,0.7098624142112064,0.7098624142112064,,,,1.0
36,hexane_hl_gap_eV,92,1.0,0.0,0.7098624142112064,0.7098624142112064,,,,1.0
36,hexane_hl_gap_eV,93,1.0,0.0,0.7098624142112064,0.7098624142112064,,,,1.0
36,hexane_hl_gap_eV,94,1.0,0.0,0.7098624142112064,0.7098624142112064,,,,1.0
36,hexane_hl_gap_eV,95,1.0,0.0,0.7098624142112064,0.7098624142112064,,,,1.0
36,hexane_hl_gap_eV,96,1.0,0.0,0.7098624142112064,0.7098624142112064,,,,1.0
36,hexane_hl_gap_eV,97,1.0,0.0,0.7098624142112064,0.7098624142112064,,,,1.0
36,hexane_hl_gap_eV,98,1.0,0.0,0.7098624142112064,0.7098624142112064,,,,1.0
36,hexane_hl_gap_eV,99,1.0,0.0,0.7098624142112064,0.7098624142112064,,,,1.0
36,hexane_hl_gap_eV,100,1.0,0.0,0.7098624142112064,0.7098624142112064,,,,1.0
36,hexane_hl_gap_eV,101,1.0,0.0,0.7098624142112064,0.7098624142112064,,,,1.0
36,hexane_hl_gap_eV,102,1.0,0.0,0.7098624142112064,0.7098624142112064,,,,1.0
36,hexane_hl_gap_eV,103,1.0,0.0,0.7098624142112064,0.7098624142112064,,,,1.0
36,hexane_hl_gap_eV,104,1.0,0.0,0.7098624142112064,0.7098624142112064,,,,1.0
36,hexane_hl_gap_eV,105,1.0,0.0,0.7098624142112064,0.7098624142112064,,,,1.0
36,hexane_hl_gap_eV,106,1.0,0.0,0.7098624142112064,0.7098624142112064,,,,1.0
36,hexane_hl_gap_eV,107,1.0,0.0,0.7098624142112064,0.7098624142112064,,,,1.0
36,hexane_hl_gap_eV,108,1.0,0.0,0.7098624142112064,0.7098624142112064,,,,1.0
36,hexane_hl_gap_eV,109,1.0,0.0,0.7098624142112064,0.7098624142112064,,,,1.0
36,hexane_hl_gap_eV,110,1.0,0.0,0.7098624142112064,0.7098624142112064,,,,1.0
36,hexane_hl_gap_eV,111,1.0,0.0,0.7098624142112064,0.7098624142112064,,,,1.0
36,hexane_hl_gap_eV,112,1.0,0.0,0.7098624142112064,0.7098624142112064,,,,1.0
36,hexane_hl_gap_eV,113,1.0,0.0,0.7098624142112064,0.7098624142112064,,,,1.0
36,hexane_hl_gap_eV,114,1.0,0.0,0.7098624142112064,0.7098624142112064,,,,1.0
36,hexane_hl_gap_eV,115,1.0,0.0,0.7098624142112064,0.7098624142112064,,,,1.0
36,hexane_hl_gap_eV,116,1.0,0.0,0.7098624142112064,0.7098624142112064,,,,1.0
36,hexane_hl_gap_eV,117,1.0,0.0,0.7098624142112064,0.7098624142112064,,,,1.0
36,hexane_hl_gap_eV,118,1.0,0.0,0.7098624142112064,0.7098624142112064,,,,1.0
36,hexane_hl_gap_eV,119,1.0,0.0,0.7098624142112064,0.7098624142112064,,,,1.0
36,hexane_hl_gap_eV,120,1.0,0.0,0.7098624142112064,0.7098624142112064,,,,1.0
36,hexane_hl_gap_eV,121,1.0,0.0,0.7098624142112064,0.7098624142112064,,,,1.0
36,hexane_hl_gap_eV,122,1.0,0.0,0.7098624142112064,0.7098624142112064,,,,1.0
36,hexane_hl_gap_eV,123,1.0,0.0,0.7098624142112064,0.7098624142112064,,,,1.0
36,hexane_hl_gap_eV,124,1.0,0.0,0.7098624142112064,0.7098624142112064,,,,1.0
36,hexane_hl_gap_eV,125,1.0,0.0,0.7098624142112064,0.7098624142112064,,,,1.0
36,hexane_hl_gap_eV,126,1.0,0.0,0.7098624142112064,0.7098624142112064,,,,1.0
36,hexane_hl_gap_eV,127,1.0,0.0,0.7098624142112064,0.7098624142112064,,,,1.0
36,hexane_hl_gap_eV,128,1.0,0.0,0.7098624142112064,0.7098624142112064,,,,1.0
36,hexane_hl_gap_eV,129,1.0,0.0,0.7098624142112064,0.7098624142112064,,,,1.0
36,hexane_hl_gap_eV,130,1.0,0.0,0.7098624142112064,0.7098624142112064,,,,1.0
36,hexane_hl_gap_eV,131,1.0,0.0,0.7098624142112064,0.7098624142112064,,,,1.0
36,hexane_hl_gap_eV,132,1.0,0.0,0.7098624142112064,0.7098624142112064,,,,1.0
36,hexane_hl_gap_eV,133,1.0,0.0,0.7098624142112064,0.7098624142112064,,,,1.0
36,hexane_hl_gap_eV,134,1.0,0.0,0.7098624142112064,0.7098624142112064,,,,1.0
36,hexane_hl_gap_eV,135,1.0,0.0,0.7098624142112064,0.7098624142112064,,,,1.0
36,hexane_hl_gap_eV,136,1.0,0.0,0.7098624142112064,0.7098624142112064,,,,1.0
36,hexane_hl_gap_eV,137,1.0,0.0,0.7098624142112064,0.7098624142112064,,,,1.0
36,hexane_hl_gap_eV,138,1.0,0.0,0.7098624142112064,0.7098624142112064,,,,1.0
36,hexane_hl_gap_eV,139,1.0,0.0,0.7098624142112064,0.7098624142112064,,,,1.0
36,hexane_hl_gap_eV,140,1.0,0.0,0.7098624142112064,0.7098624142112064,,,,1.0
36,hexane_hl_gap_eV,141,1.0,0.0,0.7098624142112064,0.7098624142112064,,,,1.0
36,hexane_hl_gap_eV,142,1.0,0.0,0.7098624142112064,0.7098624142112064,,,,1.0
36,hexane_hl_gap_eV,143,1.0,0.0,0.7098624142112064,0.7098624142112064,,,,1.0
36,hexane_hl_gap_eV,144,1.0,0.0,0.7098624142112064,0.7098624142112064,,,,1.0
36,hexane_hl_gap_eV,145,1.0,0.0,0.7098624142112064,0.7098624142112064,,,,1.0
36,hexane_hl_gap_eV,146,1.0,0.0,0.7098624142112064,0.7098624142112064,,,,1.0
36,hexane_hl_gap_eV,147,1.0,0.0,0.7098624142112064,0.7098624142112064,,,,1.0
36,hexane_hl_gap_eV,148,1.0,0.0,0.7098624142112064,0.7098624142112064,,,,1.0
36,hexane_hl_gap_eV,149,1.0,0.0,0.7098624142112064,0.7098624142112064,,,,1.0
36,hexane_hl_gap_eV,150,1.0,0.0,0.7098624142112064,0.7098624142112064,,,,1.0
36,hexane_hl_gap_eV,151,1.0,0.0,0.7098624142112064,0.7098624142112064,,,,1.0
36,hexane_hl_gap_eV,152,1.0,0.0,0.7098624142112064,0.7098624142112064,,,,1.0
36,hexane_hl_gap_eV,153,1.0,0.0,0.7098624142112064,0.7098624142112064,,,,1.0
36,hexane_hl_gap_eV,154,1.0,0.0,0.7098624142112064,0.7098624142112064,,,,1.0
36,hexane_hl_gap_eV,155,1.0,0.0,0.7098624142112064,0.7098624142112064,,,,1.0
36,hexane_hl_gap_eV,156,1.0,0.0,0.7098624142112064,0.7098624142112064,,,,1.0
36,hexane_hl_gap_eV,157,1.0,0.0,0.7098624142112064,0.7098624142112064,,,,1.0
36,hexane_hl_gap_eV,158,1.0,0.0,0.7098624142112064,0.7098624142112064,,,,1.0
36,hexane_hl_gap_eV,159,1.0,0.0,0.7098624142112064,0.7098624142112064,,,,1.0
36,hexane_hl_gap_eV,160,1.0,0.0,0.7098624142112064,0.7098624142112064,,,,1.0
36,hexane_hl_gap_eV,161,1.0,0.0,0.7098624142112064,0.7098624142112064,,,,1.0
36,hexane_hl_gap_eV,162,1.0,0.0,0.7098624142112064,0.7098624142112064,,,,1.0
36,hexane_hl_gap_eV,163,1.0,0.0,0.7098624142112064,0.7098624142112064,,,,1.0
36,hexane_hl_gap_eV,164,1.0,0.0,0.7098624142112064,0.7098624142112064,,,,1.0
36,hexane_hl_gap_eV,165,1.0,0.0,0.7098624142112064,0.7098624142112064,,,,1.0
36,hexane_hl_gap_eV,166,1.0,0.0,0.7098624142112064,0.7098624142112064,,,,1.0
36,hexane_hl_gap_eV,167,1.0,0.0,0.7098624142112064,0.7098624142112064,,,,1.0
36,hexane_hl_gap_eV,168,1.0,0.0,0.7098624142112064,0.7098624142112064,,,,1.0
36,hexane_hl_gap_eV,169,1.0,0.0,0.7098624142112064,0.7098624142112064,,,,1.0
36,hexane_hl_gap_eV,170,1.0,0.0,0.7098624142112064,0.7098624142112064,,,,1.0
36,hexane_hl_gap_eV,171,1.0,0.0,0.7098624142112064,0.7098624142112064,,,,1.0
36,hexane_hl_gap_eV,172,1.0,0.0,0.7098624142112064,0.7098624142112064,,,,1.0
36,hexane_hl_gap_eV,173,1.0,0.0,0.7098624142112064,0.7098624142112064,,,,1.0
36,hexane_hl_gap_eV,174,1.0,0.0,0.7098624142112064,0.7098624142112064,,,,1.0
36,hexane_hl_gap_eV,175,1.0,0.0,0.7098624142112064,0.7098624142112064,,,,1.0
36,hexane_hl_gap_eV,176,1.0,0.0,0.7098624142112064,0.7098624142112064,,,,1.0
36,hexane_hl_gap_eV,177,1.0,0.0,0.7098624142112064,0.7098624142112064,,,,1.0
36,hexane_hl_gap_eV,178,1.0,0.0,0.7098624142112064,0.7098624142112064,,,,1.0
36,hexane_hl_gap_eV,179,1.0,0.0,0.7098624142112064,0.7098624142112064,,,,1.0
36,hexane_hl_gap_eV,180,1.0,0.0,0.7098624142112064,0.7098624142112064,,,,1.0
36,hexane_hl_gap_eV,181,1.0,0.0,0.7098624142112064,0.7098624142112064,,,,1.0
36,hexane_hl_gap_eV,182,1.0,0.0,0.7098624142112064,0.7098624142112064,,,,1.0
36,hexane_hl_gap_eV,183,1.0,0.0,0.7098624142112064,0.7098624142112064,,,,1.0
36,hexane_hl_gap_eV,184,1.0,0.0,0.7098624142112064,0.7098624142112064,,,,1.0
36,hexane_hl_gap_eV,185,1.0,0.0,0.7098624142112064,0.7098624142112064,,,,1.0
36,hexane_hl_gap_eV,186,1.0,0.0,0.7098624142112064,0.7098624142112064,,,,1.0
36,hexane_hl_gap_eV,187,1.0,0.0,0.7098624142112064,0.7098624142112064,,,,1.0
36,hexane_hl_gap_eV,188,1.0,0.0,0.7098624142112064,0.7098624142112064,,,,1.0
36,hexane_hl_gap_eV,189,1.0,0.0,0.7098624142112064,0.7098624142112064,,,,1.0
36,hexane_hl_gap_eV,190,1.0,0.0,0.7098624142112064,0.7098624142112064,,,,1.0
36,hexane_hl_gap_eV,191,1.0,0.0,0.7098624142112064,0.7098624142112064,,,,1.0
36,hexane_hl_gap_eV,192,1.0,0.0,0.7098624142112064,0.7098624142112064,,,,1.0
36,hexane_hl_gap_eV,193,1.0,0.0,0.7098624142112064,0.7098624142112064,,,,1.0
36,hexane_hl_gap_eV,194,1.0,0.0,0.7098624142112064,0.7098624142112064,,,,1.0
36,hexane_hl_gap_eV,195,1.0,0.0,0.7098624142112064,0.7098624142112064,,,,1.0
36,hexane_hl_gap_eV,196,1.0,0.0,0.7098624142112064,0.7098624142112064,,,,1.0
36,hexane_hl_gap_eV,197,1.0,0.0,0.7098624142112064,0.7098624142112064,,,,1.0
36,hexane_hl_gap_eV,198,1.0,0.0,0.7098624142112064,0.7098624142112064,,,,1.0
36,hexane_hl_gap_eV,199,1.0,0.0,0.7098624142112064,0.7098624142112064,,,,1.0
36,hexane_hl_gap_eV,200,1.0,0.0,0.7098624142112064,0.7098624142112064,,,,1.0
36,hexane_hl_gap_eV,201,1.0,0.0,0.7098624142112064,0.7098624142112064,,,,1.0
36,hexane_hl_gap_eV,202,1.0,0.0,0.7098624142112064,0.7098624142112064,,,,1.0
36,hexane_hl_gap_eV,203,1.0,0.0,0.7098624142112064,0.7098624142112064,,,,1.0
36,hexane_hl_gap_eV,204,1.0,0.0,0.7098624142112064,0.7098624142112064,,,,1.0
36,hexane_hl_gap_eV,205,1.0,0.0,0.7098624142112064,0.7098624142112064,,,,1.0
36,hexane_hl_gap_eV,206,1.0,0.0,0.7098624142112064,0.7098624142112064,,,,1.0
36,hexane_hl_gap_eV,207,1.0,0.0,0.7098624142112064,0.7098624142112064,,,,1.0
36,hexane_hl_gap_eV,208,1.0,0.0,0.7098624142112064,0.7098624142112064,,,,1.0
36,hexane_hl_gap_eV,209,1.0,0.0,0.7098624142112064,0.7098624142112064,,,,1.0
36,hexane_hl_gap_eV,210,1.0,0.0,0.7098624142112064,0.7098624142112064,,,,1.0
36,hexane_hl_gap_eV,211,1.0,0.0,0.7098624142112064,0.7098624142112064,,,,1.0
36,hexane_hl_gap_eV,212,1.0,0.0,0.7098624142112064,0.7098624142112064,,,,1.0
36,hexane_hl_gap_eV,213,1.0,0.0,0.7098624142112064,0.7098624142112064,,,,1.0
36,hexane_hl_gap_eV,214,1.0,0.0,0.7098624142112064,0.7098624142112064,,,,1.0
36,hexane_hl_gap_eV,215,1.0,0.0,0.7098624142112064,0.7098624142112064,,,,1.0
36,hexane_hl_gap_eV,216,1.0,0.0,0.7098624142112064,0.7098624142112064,,,,1.0
36,hexane_hl_gap_eV,217,1.0,0.0,0.7098624142112064,0.7098624142112064,,,,1.0
36,hexane_hl_gap_eV,218,1.0,0.0,0.7098624142112064,0.7098624142112064,,,,1.0
36,hexane_hl_gap_eV,219,1.0,0.0,0.7098624142112064,0.7098624142112064,,,,1.0
36,hexane_hl_gap_eV,220,1.0,0.0,0.7098624142112064,0.7098624142112064,,,,1.0
36,hexane_hl_gap_eV,221,1.0,0.0,0.7098624142112064,0.7098624142112064,,,,1.0
36,hexane_hl_gap_eV,222,1.0,0.0,0.7098624142112064,0.7098624142112064,,,,1.0
36,hexane_hl_gap_eV,223,1.0,0.0,0.7098624142112064,0.7098624142112064,,,,1.0
36,hexane_hl_gap_eV,224,1.0,0.0,0.7098624142112064,0.7098624142112064,,,,1.0
36,hexane_hl_gap_eV,225,1.0,0.0,0.7098624142112064,0.7098624142112064,,,,1.0
36,hexane_hl_gap_eV,226,1.0,0.0,0.7098624142112064,0.7098624142112064,,,,1.0
36,hexane_hl_gap_eV,227,1.0,0.0,0.7098624142112064,0.7098624142112064,,,,1.0
36,hexane_hl_gap_eV,228,1.0,0.0,0.7098624142112064,0.7098624142112064,,,,1.0
36,hexane_hl_gap_eV,229,1.0,0.0,0.7098624142112064,0.7098624142112064,,,,1.0
36,hexane_hl_gap_eV,230,1.0,0.0,0.7098624142112064,0.7098624142112064,,,,1.0
36,hexane_hl_gap_eV,231,1.0,0.0,0.7098624142112064,0.7098624142112064,,,,1.0
36,hexane_hl_gap_eV,232,1.0,0.0,0.7098624142112064,0.7098624142112064,,,,1.0
36,hexane_hl_gap_eV,233,1.0,0.0,0.7098624142112064,0.7098624142112064,,,,1.0
36,hexane_hl_gap_eV,234,1.0,0.0,0.7098624142112064,0.7098624142112064,,,,1.0
36,hexane_hl_gap_eV,235,1.0,0.0,0.7098624142112064,0.7098624142112064,,,,1.0
36,hexane_hl_gap_eV,236,1.0,0.0,0.7098624142112064,0.7098624142112064,,,,1.0
36,hexane_hl_gap_eV,237,1.0,0.0,0.7098624142112064,0.7098624142112064,,,,1.0
36,hexane_hl_gap_eV,238,1.0,0.0,0.7098624142112064,0.7098624142112064,,,,1.0
36,hexane_hl_gap_eV,239,1.0,0.0,0.7098624142112064,0.7098624142112064,,,,1.0
36,hexane_hl_gap_eV,240,1.0,0.0,0.7098624142112064,0.7098624142112064,,,,1.0
36,hexane_hl_gap_eV,241,1.0,0.0,0.7098624142112064,0.7098624142112064,,,,1.0
36,hexane_hl_gap_eV,242,1.0,0.0,0.7098624142112064,0.7098624142112064,,,,1.0
36,hexane_hl_gap_eV,243,1.0,0.0,0.7098624142112064,0.7098624142112064,,,,1.0
36,hexane_hl_gap_eV,244,1.0,0.0,0.7098624142112064,0.7098624142112064,,,,1.0
36,hexane_hl_gap_eV,245,1.0,0.0,0.7098624142112064,0.7098624142112064,,,,1.0
36,hexane_hl_gap_eV,246,1.0,0.0,0.7098624142112064,0.7098624142112064,,,,1.0
36,hexane_hl_gap_eV,247,1.0,0.0,0.7098624142112064,0.7098624142112064,,,,1.0
36,hexane_hl_gap_eV,248,1.0,0.0,0.7098624142112064,0.7098624142112064,,,,1.0
36,hexane_hl_gap_eV,249,1.0,0.0,0.7098624142112064,0.7098624142112064,,,,1.0
36,hexane_dipole,0,0.9999999403953552,0.0,0.5858974707246103,0.5858974707246103,,,,1.0
36,hexane_dipole,1,0.9999999403953552,0.0,0.5858974707246103,0.5858974707246103,,,,1.0
36,hexane_dipole,2,0.9999999403953552,0.0,0.5858974707246103,0.5858974707246103,,,,1.0
36,hexane_dipole,3,0.9999999403953552,0.0,0.5858974707246103,0.5858974707246103,,,,1.0
36,hexane_dipole,4,0.9999999403953552,0.0,0.5858974707246103,0.5858974707246103,,,,1.0
36,hexane_dipole,5,0.9999999403953552,0.0,0.5858974707246103,0.5858974707246103,,,,1.0
36,hexane_dipole,6,0.9999999403953552,0.0,0.5858974707246103,0.5858974707246103,,,,1.0
36,hexane_dipole,7,0.9999999403953552,0.0,0.5858974707246103,0.5858974707246103,,,,1.0
36,hexane_dipole,8,0.9999999403953552,0.0,0.5858974707246103,0.5858974707246103,,,,1.0
36,hexane_dipole,9,0.9999999403953552,0.0,0.5858974707246103,0.5858974707246103,,,,1.0
36,hexane_dipole,10,0.9999999403953552,0.0,0.5858974707246103,0.5858974707246103,,,,1.0
36,hexane_dipole,11,0.9999999403953552,0.0,0.5858974707246103,0.5858974707246103,,,,1.0
36,hexane_dipole,12,0.9999999403953552,0.0,0.5858974707246103,0.5858974707246103,,,,1.0
36,hexane_dipole,13,0.9999999403953552,0.0,0.5858974707246103,0.5858974707246103,,,,1.0
36,hexane_dipole,14,0.9999999403953552,0.0,0.5858974707246103,0.5858974707246103,,,,1.0
36,hexane_dipole,15,0.9999999403953552,0.0,0.5858974707246103,0.5858974707246103,,,,1.0
36,hexane_dipole,16,0.9999999403953552,0.0,0.5858974707246103,0.5858974707246103,,,,1.0
36,hexane_dipole,17,0.9999999403953552,0.0,0.5858974707246103,0.5858974707246103,,,,1.0
36,hexane_dipole,18,0.9999999403953552,0.0,0.5858974707246103,0.5858974707246103,,,,1.0
36,hexane_dipole,19,0.9999999403953552,0.0,0.5858974707246103,0.5858974707246103,,,,1.0
36,hexane_dipole,20,0.9999999403953552,0.0,0.5858974707246103,0.5858974707246103,,,,1.0
36,hexane_dipole,21,0.9999999403953552,0.0,0.5858974707246103,0.5858974707246103,,,,1.0
36,hexane_dipole,22,0.9999999403953552,0.0,0.5858974707246103,0.5858974707246103,,,,1.0
36,hexane_dipole,23,0.9999999403953552,0.0,0.5858974707246103,0.5858974707246103,,,,1.0
36,hexane_dipole,24,0.9999999403953552,0.0,0.5858974707246103,0.5858974707246103,,,,1.0
36,hexane_dipole,25,0.9999999403953552,0.0,0.5858974707246103,0.5858974707246103,,,,1.0
36,hexane_dipole,26,0.9999999403953552,0.0,0.5858974707246103,0.5858974707246103,,,,1.0
36,hexane_dipole,27,0.9999999403953552,0.0,0.5858974707246103,0.5858974707246103,,,,1.0
36,hexane_dipole,28,0.9999999403953552,0.0,0.5858974707246103,0.5858974707246103,,,,1.0
36,hexane_dipole,29,0.9999999403953552,0.0,0.5858974707246103,0.5858974707246103,,,,1.0
36,hexane_dipole,30,0.9999999403953552,0.0,0.5858974707246103,0.5858974707246103,,,,1.0
36,hexane_dipole,31,0.9999999403953552,0.0,0.5858974707246103,0.5858974707246103,,,,1.0
36,hexane_dipole,32,0.9999999403953552,0.0,0.5858974707246103,0.5858974707246103,,,,1.0
36,hexane_dipole,33,0.9999999403953552,0.0,0.5858974707246103,0.5858974707246103,,,,1.0
36,hexane_dipole,34,0.9999999403953552,0.0,0.5858974707246103,0.5858974707246103,,,,1.0
36,hexane_dipole,35,0.9999999403953552,0.0,0.5858974707246103,0.5858974707246103,,,,1.0
36,hexane_dipole,36,0.9999999403953552,0.0,0.5858974707246103,0.5858974707246103,,,,1.0
36,hexane_dipole,37,0.9999999403953552,0.0,0.5858974707246103,0.5858974707246103,,,,1.0
36,hexane_dipole,38,0.9999999403953552,0.0,0.5858974707246103,0.5858974707246103,,,,1.0
36,hexane_dipole,39,0.9999999403953552,0.0,0.5858974707246103,0.5858974707246103,,,,1.0
36,hexane_dipole,40,0.9999999403953552,0.0,0.5858974707246103,0.5858974707246103,,,,1.0
36,hexane_dipole,41,0.9999999403953552,0.0,0.5858974707246103,0.5858974707246103,,,,1.0
36,hexane_dipole,42,0.9999999403953552,0.0,0.5858974707246103,0.5858974707246103,,,,1.0
36,hexane_dipole,43,0.9999999403953552,0.0,0.5858974707246103,0.5858974707246103,,,,1.0
36,hexane_dipole,44,0.9999999403953552,0.0,0.5858974707246103,0.5858974707246103,,,,1.0
36,hexane_dipole,45,0.9999999403953552,0.0,0.5858974707246103,0.5858974707246103,,,,1.0
36,hexane_dipole,46,0.9999999403953552,0.0,0.5858974707246103,0.5858974707246103,,,,1.0
36,hexane_dipole,47,0.9999999403953552,0.0,0.5858974707246103,0.5858974707246103,,,,1.0
36,hexane_dipole,48,0.9999999403953552,0.0,0.5858974707246103,0.5858974707246103,,,,1.0
36,hexane_dipole,49,0.9999999403953552,0.0,0.5858974707246103,0.5858974707246103,,,,1.0
36,hexane_dipole,50,0.9999999403953552,0.0,0.5858974707246103,0.5858974707246103,,,,1.0
36,hexane_dipole,51,0.9999999403953552,0.0,0.5858974707246103,0.5858974707246103,,,,1.0
36,hexane_dipole,52,0.9999999403953552,0.0,0.5858974707246103,0.5858974707246103,,,,1.0
36,hexane_dipole,53,0.9999999403953552,0.0,0.5858974707246103,0.5858974707246103,,,,1.0
36,hexane_dipole,54,0.9999999403953552,0.0,0.5858974707246103,0.5858974707246103,,,,1.0
36,hexane_dipole,55,0.9999999403953552,0.0,0.5858974707246103,0.5858974707246103,,,,1.0
36,hexane_dipole,56,0.9999999403953552,0.0,0.5858974707246103,0.5858974707246103,,,,1.0
36,hexane_dipole,57,0.9999999403953552,0.0,0.5858974707246103,0.5858974707246103,,,,1.0
36,hexane_dipole,58,0.9999999403953552,0.0,0.5858974707246103,0.5858974707246103,,,,1.0
36,hexane_dipole,59,0.9999999403953552,0.0,0.5858974707246103,0.5858974707246103,,,,1.0
36,hexane_dipole,60,0.9999999403953552,0.0,0.5858974707246103,0.5858974707246103,,,,1.0
36,hexane_dipole,61,0.9999999403953552,0.0,0.5858974707246103,0.5858974707246103,,,,1.0
36,hexane_dipole,62,0.9999999403953552,0.0,0.5858974707246103,0.5858974707246103,,,,1.0
36,hexane_dipole,63,0.9999999403953552,0.0,0.5858974707246103,0.5858974707246103,,,,1.0
36,hexane_dipole,64,0.9999999403953552,0.0,0.5858974707246103,0.5858974707246103,,,,1.0
36,hexane_dipole,65,0.9999999403953552,0.0,0.5858974707246103,0.5858974707246103,,,,1.0
36,hexane_dipole,66,0.9999999403953552,0.0,0.5858974707246103,0.5858974707246103,,,,1.0
36,hexane_dipole,67,0.9999999403953552,0.0,0.5858974707246103,0.5858974707246103,,,,1.0
36,hexane_dipole,68,0.9999999403953552,0.0,0.5858974707246103,0.5858974707246103,,,,1.0
36,hexane_dipole,69,0.9999999403953552,0.0,0.5858974707246103,0.5858974707246103,,,,1.0
36,hexane_dipole,70,0.9999999403953552,0.0,0.5858974707246103,0.5858974707246103,,,,1.0
36,hexane_dipole,71,0.9999999403953552,0.0,0.5858974707246103,0.5858974707246103,,,,1.0
36,hexane_dipole,72,0.9999999403953552,0.0,0.5858974707246103,0.5858974707246103,,,,1.0
36,hexane_dipole,73,0.9999999403953552,0.0,0.5858974707246103,0.5858974707246103,,,,1.0
36,hexane_dipole,74,0.9999999403953552,0.0,0.5858974707246103,0.5858974707246103,,,,1.0
36,hexane_dipole,75,0.9999999403953552,0.0,0.5858974707246103,0.5858974707246103,,,,1.0
36,hexane_dipole,76,0.9999999403953552,0.0,0.5858974707246103,0.5858974707246103,,,,1.0
36,hexane_dipole,77,0.9999999403953552,0.0,0.5858974707246103,0.5858974707246103,,,,1.0
36,hexane_dipole,78,0.9999999403953552,0.0,0.5858974707246103,0.5858974707246103,,,,1.0
36,hexane_dipole,79,0.9999999403953552,0.0,0.5858974707246103,0.5858974707246103,,,,1.0
36,hexane_dipole,80,0.9999999403953552,0.0,0.5858974707246103,0.5858974707246103,,,,1.0
36,hexane_dipole,81,0.9999999403953552,0.0,0.5858974707246103,0.5858974707246103,,,,1.0
36,hexane_dipole,82,0.9999999403953552,0.0,0.5858974707246103,0.5858974707246103,,,,1.0
36,hexane_dipole,83,0.9999999403953552,0.0,0.5858974707246103,0.5858974707246103,,,,1.0
36,hexane_dipole,84,0.9999999403953552,0.0,0.5858974707246103,0.5858974707246103,,,,1.0
36,hexane_dipole,85,0.9999999403953552,0.0,0.5858974707246103,0.5858974707246103,,,,1.0
36,hexane_dipole,86,0.9999999403953552,0.0,0.5858974707246103,0.5858974707246103,,,,1.0
36,hexane_dipole,87,0.9999999403953552,0.0,0.5858974707246103,0.5858974707246103,,,,1.0
36,hexane_dipole,88,0.9999999403953552,0.0,0.5858974707246103,0.5858974707246103,,,,1.0
36,hexane_dipole,89,0.9999999403953552,0.0,0.5858974707246103,0.5858974707246103,,,,1.0
36,hexane_dipole,90,0.9999999403953552,0.0,0.5858974707246103,0.5858974707246103,,,,1.0
36,hexane_dipole,91,0.9999999403953552,0.0,0.5858974707246103,0.5858974707246103,,,,1.0
36,hexane_dipole,92,0.9999999403953552,0.0,0.5858974707246103,0.5858974707246103,,,,1.0
36,hexane_dipole,93,0.9999999403953552,0.0,0.5858974707246103,0.5858974707246103,,,,1.0
36,hexane_dipole,94,0.9999999403953552,0.0,0.5858974707246103,0.5858974707246103,,,,1.0
36,hexane_dipole,95,0.9999999403953552,0.0,0.5858974707246103,0.5858974707246103,,,,1.0
36,hexane_dipole,96,0.9999999403953552,0.0,0.5858974707246103,0.5858974707246103,,,,1.0
36,hexane_dipole,97,0.9999999403953552,0.0,0.5858974707246103,0.5858974707246103,,,,1.0
36,hexane_dipole,98,0.9999999403953552,0.0,0.5858974707246103,0.5858974707246103,,,,1.0
36,hexane_dipole,99,0.9999999403953552,0.0,0.5858974707246103,0.5858974707246103,,,,1.0
36,hexane_dipole,100,0.9999999403953552,0.0,0.5858974707246103,0.5858974707246103,,,,1.0
36,hexane_dipole,101,0.9999999403953552,0.0,0.5858974707246103,0.5858974707246103,,,,1.0
36,hexane_dipole,102,0.9999999403953552,0.0,0.5858974707246103,0.5858974707246103,,,,1.0
36,hexane_dipole,103,0.9999999403953552,0.0,0.5858974707246103,0.5858974707246103,,,,1.0
36,hexane_dipole,104,0.9999999403953552,0.0,0.5858974707246103,0.5858974707246103,,,,1.0
36,hexane_dipole,105,0.9999999403953552,0.0,0.5858974707246103,0.5858974707246103,,,,1.0
36,hexane_dipole,106,0.9999999403953552,0.0,0.5858974707246103,0.5858974707246103,,,,1.0
36,hexane_dipole,107,0.9999999403953552,0.0,0.5858974707246103,0.5858974707246103,,,,1.0
36,hexane_dipole,108,0.9999999403953552,0.0,0.5858974707246103,0.5858974707246103,,,,1.0
36,hexane_dipole,109,0.9999999403953552,0.0,0.5858974707246103,0.5858974707246103,,,,1.0
36,hexane_dipole,110,0.9999999403953552,0.0,0.5858974707246103,0.5858974707246103,,,,1.0
36,hexane_dipole,111,0.9999999403953552,0.0,0.5858974707246103,0.5858974707246103,,,,1.0
36,hexane_dipole,112,0.9999999403953552,0.0,0.5858974707246103,0.5858974707246103,,,,1.0
36,hexane_dipole,113,0.9999999403953552,0.0,0.5858974707246103,0.5858974707246103,,,,1.0
36,hexane_dipole,114,0.9999999403953552,0.0,0.5858974707246103,0.5858974707246103,,,,1.0
36,hexane_dipole,115,0.9999999403953552,0.0,0.5858974707246103,0.5858974707246103,,,,1.0
36,hexane_dipole,116,0.9999999403953552,0.0,0.5858974707246103,0.5858974707246103,,,,1.0
36,hexane_dipole,117,0.9999999403953552,0.0,0.5858974707246103,0.5858974707246103,,,,1.0
36,hexane_dipole,118,0.9999999403953552,0.0,0.5858974707246103,0.5858974707246103,,,,1.0
36,hexane_dipole,119,0.9999999403953552,0.0,0.5858974707246103,0.5858974707246103,,,,1.0
36,hexane_dipole,120,0.9999999403953552,0.0,0.5858974707246103,0.5858974707246103,,,,1.0
36,hexane_dipole,121,0.9999999403953552,0.0,0.5858974707246103,0.5858974707246103,,,,1.0
36,hexane_dipole,122,0.9999999403953552,0.0,0.5858974707246103,0.5858974707246103,,,,1.0
36,hexane_dipole,123,0.9999999403953552,0.0,0.5858974707246103,0.5858974707246103,,,,1.0
36,hexane_dipole,124,0.9999999403953552,0.0,0.5858974707246103,0.5858974707246103,,,,1.0
36,hexane_dipole,125,0.9999999403953552,0.0,0.5858974707246103,0.5858974707246103,,,,1.0
36,hexane_dipole,126,0.9999999403953552,0.0,0.5858974707246103,0.5858974707246103,,,,1.0
36,hexane_dipole,127,0.9999999403953552,0.0,0.5858974707246103,0.5858974707246103,,,,1.0
36,hexane_dipole,128,0.9999999403953552,0.0,0.5858974707246103,0.5858974707246103,,,,1.0
36,hexane_dipole,129,0.9999999403953552,0.0,0.5858974707246103,0.5858974707246103,,,,1.0
36,hexane_dipole,130,0.9999999403953552,0.0,0.5858974707246103,0.5858974707246103,,,,1.0
36,hexane_dipole,131,0.9999999403953552,0.0,0.5858974707246103,0.5858974707246103,,,,1.0
36,hexane_dipole,132,0.9999999403953552,0.0,0.5858974707246103,0.5858974707246103,,,,1.0
36,hexane_dipole,133,0.9999999403953552,0.0,0.5858974707246103,0.5858974707246103,,,,1.0
36,hexane_dipole,134,0.9999999403953552,0.0,0.5858974707246103,0.5858974707246103,,,,1.0
36,hexane_dipole,135,0.9999999403953552,0.0,0.5858974707246103,0.5858974707246103,,,,1.0
36,hexane_dipole,136,0.9999999403953552,0.0,0.5858974707246103,0.5858974707246103,,,,1.0
36,hexane_dipole,137,0.9999999403953552,0.0,0.5858974707246103,0.5858974707246103,,,,1.0
36,hexane_dipole,138,0.9999999403953552,0.0,0.5858974707246103,0.5858974707246103,,,,1.0
36,hexane_dipole,139,0.9999999403953552,0.0,0.5858974707246103,0.5858974707246103,,,,1.0
36,hexane_dipole,140,0.9999999403953552,0.0,0.5858974707246103,0.5858974707246103,,,,1.0
36,hexane_dipole,141,0.9999999403953552,0.0,0.5858974707246103,0.5858974707246103,,,,1.0
36,hexane_dipole,142,0.9999999403953552,0.0,0.5858974707246103,0.5858974707246103,,,,1.0
36,hexane_dipole,143,0.9999999403953552,0.0,0.5858974707246103,0.5858974707246103,,,,1.0
36,hexane_dipole,144,0.9999999403953552,0.0,0.5858974707246103,0.5858974707246103,,,,1.0
36,hexane_dipole,145,0.9999999403953552,0.0,0.5858974707246103,0.5858974707246103,,,,1.0
36,hexane_dipole,146,0.9999999403953552,0.0,0.5858974707246103,0.5858974707246103,,,,1.0
36,hexane_dipole,147,0.9999999403953552,0.0,0.5858974707246103,0.5858974707246103,,,,1.0
36,hexane_dipole,148,0.9999999403953552,0.0,0.5858974707246103,0.5858974707246103,,,,1.0
36,hexane_dipole,149,0.9999999403953552,0.0,0.5858974707246103,0.5858974707246103,,,,1.0
36,hexane_dipole,150,0.9999999403953552,0.0,0.5858974707246103,0.5858974707246103,,,,1.0
36,hexane_dipole,151,0.9999999403953552,0.0,0.5858974707246103,0.5858974707246103,,,,1.0
36,hexane_dipole,152,0.9999999403953552,0.0,0.5858974707246103,0.5858974707246103,,,,1.0
36,hexane_dipole,153,0.9999999403953552,0.0,0.5858974707246103,0.5858974707246103,,,,1.0
36,hexane_dipole,154,0.9999999403953552,0.0,0.5858974707246103,0.5858974707246103,,,,1.0
36,hexane_dipole,155,0.9999999403953552,0.0,0.5858974707246103,0.5858974707246103,,,,1.0
36,hexane_dipole,156,0.9999999403953552,0.0,0.5858974707246103,0.5858974707246103,,,,1.0
36,hexane_dipole,157,0.9999999403953552,0.0,0.5858974707246103,0.5858974707246103,,,,1.0
36,hexane_dipole,158,0.9999999403953552,0.0,0.5858974707246103,0.5858974707246103,,,,1.0
36,hexane_dipole,159,0.9999999403953552,0.0,0.5858974707246103,0.5858974707246103,,,,1.0
36,hexane_dipole,160,0.9999999403953552,0.0,0.5858974707246103,0.5858974707246103,,,,1.0
36,hexane_dipole,161,0.9999999403953552,0.0,0.5858974707246103,0.5858974707246103,,,,1.0
36,hexane_dipole,162,0.9999999403953552,0.0,0.5858974707246103,0.5858974707246103,,,,1.0
36,hexane_dipole,163,0.9999999403953552,0.0,0.5858974707246103,0.5858974707246103,,,,1.0
36,hexane_dipole,164,0.9999999403953552,0.0,0.5858974707246103,0.5858974707246103,,,,1.0
36,hexane_dipole,165,0.9999999403953552,0.0,0.5858974707246103,0.5858974707246103,,,,1.0
36,hexane_dipole,166,0.9999999403953552,0.0,0.5858974707246103,0.5858974707246103,,,,1.0
36,hexane_dipole,167,0.9999999403953552,0.0,0.5858974707246103,0.5858974707246103,,,,1.0
36,hexane_dipole,168,0.9999999403953552,0.0,0.5858974707246103,0.5858974707246103,,,,1.0
36,hexane_dipole,169,0.9999999403953552,0.0,0.5858974707246103,0.5858974707246103,,,,1.0
36,hexane_dipole,170,0.9999999403953552,0.0,0.5858974707246103,0.5858974707246103,,,,1.0
36,hexane_dipole,171,0.9999999403953552,0.0,0.5858974707246103,0.5858974707246103,,,,1.0
36,hexane_dipole,172,0.9999999403953552,0.0,0.5858974707246103,0.5858974707246103,,,,1.0
36,hexane_dipole,173,0.9999999403953552,0.0,0.5858974707246103,0.5858974707246103,,,,1.0
36,hexane_dipole,174,0.9999999403953552,0.0,0.5858974707246103,0.5858974707246103,,,,1.0
36,hexane_dipole,175,0.9999999403953552,0.0,0.5858974707246103,0.5858974707246103,,,,1.0
36,hexane_dipole,176,0.9999999403953552,0.0,0.5858974707246103,0.5858974707246103,,,,1.0
36,hexane_dipole,177,0.9999999403953552,0.0,0.5858974707246103,0.5858974707246103,,,,1.0
36,hexane_dipole,178,0.9999999403953552,0.0,0.5858974707246103,0.5858974707246103,,,,1.0
36,hexane_dipole,179,0.9999999403953552,0.0,0.5858974707246103,0.5858974707246103,,,,1.0
36,hexane_dipole,180,0.9999999403953552,0.0,0.5858974707246103,0.5858974707246103,,,,1.0
36,hexane_dipole,181,0.9999999403953552,0.0,0.5858974707246103,0.5858974707246103,,,,1.0
36,hexane_dipole,182,0.9999999403953552,0.0,0.5858974707246103,0.5858974707246103,,,,1.0
36,hexane_dipole,183,0.9999999403953552,0.0,0.5858974707246103,0.5858974707246103,,,,1.0
36,hexane_dipole,184,0.9999999403953552,0.0,0.5858974707246103,0.5858974707246103,,,,1.0
36,hexane_dipole,185,0.9999999403953552,0.0,0.5858974707246103,0.5858974707246103,,,,1.0
36,hexane_dipole,186,0.9999999403953552,0.0,0.5858974707246103,0.5858974707246103,,,,1.0
36,hexane_dipole,187,0.9999999403953552,0.0,0.5858974707246103,0.5858974707246103,,,,1.0
36,hexane_dipole,188,0.9999999403953552,0.0,0.5858974707246103,0.5858974707246103,,,,1.0
36,hexane_dipole,189,0.9999999403953552,0.0,0.5858974707246103,0.5858974707246103,,,,1.0
36,hexane_dipole,190,0.9999999403953552,0.0,0.5858974707246103,0.5858974707246103,,,,1.0
36,hexane_dipole,191,0.9999999403953552,0.0,0.5858974707246103,0.5858974707246103,,,,1.0
36,hexane_dipole,192,0.9999999403953552,0.0,0.5858974707246103,0.5858974707246103,,,,1.0
36,hexane_dipole,193,0.9999999403953552,0.0,0.5858974707246103,0.5858974707246103,,,,1.0
36,hexane_dipole,194,0.9999999403953552,0.0,0.5858974707246103,0.5858974707246103,,,,1.0
36,hexane_dipole,195,0.9999999403953552,0.0,0.5858974707246103,0.5858974707246103,,,,1.0
36,hexane_dipole,196,0.9999999403953552,0.0,0.5858974707246103,0.5858974707246103,,,,1.0
36,hexane_dipole,197,0.9999999403953552,0.0,0.5858974707246103,0.5858974707246103,,,,1.0
36,hexane_dipole,198,0.9999999403953552,0.0,0.5858974707246103,0.5858974707246103,,,,1.0
36,hexane_dipole,199,0.9999999403953552,0.0,0.5858974707246103,0.5858974707246103,,,,1.0
36,hexane_dipole,200,0.9999999403953552,0.0,0.5858974707246103,0.5858974707246103,,,,1.0
36,hexane_dipole,201,0.9999999403953552,0.0,0.5858974707246103,0.5858974707246103,,,,1.0
36,hexane_dipole,202,0.9999999403953552,0.0,0.5858974707246103,0.5858974707246103,,,,1.0
36,hexane_dipole,203,0.9999999403953552,0.0,0.5858974707246103,0.5858974707246103,,,,1.0
36,hexane_dipole,204,0.9999999403953552,0.0,0.5858974707246103,0.5858974707246103,,,,1.0
36,hexane_dipole,205,0.9999999403953552,0.0,0.5858974707246103,0.5858974707246103,,,,1.0
36,hexane_dipole,206,0.9999999403953552,0.0,0.5858974707246103,0.5858974707246103,,,,1.0
36,hexane_dipole,207,0.9999999403953552,0.0,0.5858974707246103,0.5858974707246103,,,,1.0
36,hexane_dipole,208,0.9999999403953552,0.0,0.5858974707246103,0.5858974707246103,,,,1.0
36,hexane_dipole,209,0.9999999403953552,0.0,0.5858974707246103,0.5858974707246103,,,,1.0
36,hexane_dipole,210,0.9999999403953552,0.0,0.5858974707246103,0.5858974707246103,,,,1.0
36,hexane_dipole,211,0.9999999403953552,0.0,0.5858974707246103,0.5858974707246103,,,,1.0
36,hexane_dipole,212,0.9999999403953552,0.0,0.5858974707246103,0.5858974707246103,,,,1.0
36,hexane_dipole,213,0.9999999403953552,0.0,0.5858974707246103,0.5858974707246103,,,,1.0
36,hexane_dipole,214,0.9999999403953552,0.0,0.5858974707246103,0.5858974707246103,,,,1.0
36,hexane_dipole,215,0.9999999403953552,0.0,0.5858974707246103,0.5858974707246103,,,,1.0
36,hexane_dipole,216,0.9999999403953552,0.0,0.5858974707246103,0.5858974707246103,,,,1.0
36,hexane_dipole,217,0.9999999403953552,0.0,0.5858974707246103,0.5858974707246103,,,,1.0
36,hexane_dipole,218,0.9999999403953552,0.0,0.5858974707246103,0.5858974707246103,,,,1.0
36,hexane_dipole,219,0.9999999403953552,0.0,0.5858974707246103,0.5858974707246103,,,,1.0
36,hexane_dipole,220,0.9999999403953552,0.0,0.5858974707246103,0.5858974707246103,,,,1.0
36,hexane_dipole,221,0.9999999403953552,0.0,0.5858974707246103,0.5858974707246103,,,,1.0
36,hexane_dipole,222,0.9999999403953552,0.0,0.5858974707246103,0.5858974707246103,,,,1.0
36,hexane_dipole,223,0.9999999403953552,0.0,0.5858974707246103,0.5858974707246103,,,,1.0
36,hexane_dipole,224,0.9999999403953552,0.0,0.5858974707246103,0.5858974707246103,,,,1.0
36,hexane_dipole,225,0.9999999403953552,0.0,0.5858974707246103,0.5858974707246103,,,,1.0
36,hexane_dipole,226,0.9999999403953552,0.0,0.5858974707246103,0.5858974707246103,,,,1.0
36,hexane_dipole,227,0.9999999403953552,0.0,0.5858974707246103,0.5858974707246103,,,,1.0
36,hexane_dipole,228,0.9999999403953552,0.0,0.5858974707246103,0.5858974707246103,,,,1.0
36,hexane_dipole,229,0.9999999403953552,0.0,0.5858974707246103,0.5858974707246103,,,,1.0
36,hexane_dipole,230,0.9999999403953552,0.0,0.5858974707246103,0.5858974707246103,,,,1.0
36,hexane_dipole,231,0.9999999403953552,0.0,0.5858974707246103,0.5858974707246103,,,,1.0
36,hexane_dipole,232,0.9999999403953552,0.0,0.5858974707246103,0.5858974707246103,,,,1.0
36,hexane_dipole,233,0.9999999403953552,0.0,0.5858974707246103,0.5858974707246103,,,,1.0
36,hexane_dipole,234,0.9999999403953552,0.0,0.5858974707246103,0.5858974707246103,,,,1.0
36,hexane_dipole,235,0.9999999403953552,0.0,0.5858974707246103,0.5858974707246103,,,,1.0
36,hexane_dipole,236,0.9999999403953552,0.0,0.5858974707246103,0.5858974707246103,,,,1.0
36,hexane_dipole,237,0.9999999403953552,0.0,0.5858974707246103,0.5858974707246103,,,,1.0
36,hexane_dipole,238,0.9999999403953552,0.0,0.5858974707246103,0.5858974707246103,,,,1.0
36,hexane_dipole,239,0.9999999403953552,0.0,0.5858974707246103,0.5858974707246103,,,,1.0
36,hexane_dipole,240,0.9999999403953552,0.0,0.5858974707246103,0.5858974707246103,,,,1.0
36,hexane_dipole,241,0.9999999403953552,0.0,0.5858974707246103,0.5858974707246103,,,,1.0
36,hexane_dipole,242,0.9999999403953552,0.0,0.5858974707246103,0.5858974707246103,,,,1.0
36,hexane_dipole,243,0.9999999403953552,0.0,0.5858974707246103,0.5858974707246103,,,,1.0
36,hexane_dipole,244,0.9999999403953552,0.0,0.5858974707246103,0.5858974707246103,,,,1.0
36,hexane_dipole,245,0.9999999403953552,0.0,0.5858974707246103,0.5858974707246103,,,,1.0
36,hexane_dipole,246,0.9999999403953552,0.0,0.5858974707246103,0.5858974707246103,,,,1.0
36,hexane_dipole,247,0.9999999403953552,0.0,0.5858974707246103,0.5858974707246103,,,,1.0
36,hexane_dipole,248,0.9999999403953552,0.0,0.5858974707246103,0.5858974707246103,,,,1.0
36,hexane_dipole,249,0.9999999403953552,0.0,0.5858974707246103,0.5858974707246103,,,,1.0
37,sco_kcal,0,0.3324434757232666,0.1778082400560379,0.6511165953811231,0.9794573154742461,41.88435363769531,2.4113669395446777,0.0575720222497234,0.3
37,sco_kcal,1,0.10538838058710098,0.018434928730130196,0.6490749326787095,0.9618557842183806,4.236810684204102,0.20192350447177887,0.047659317237043565,0.02
37,sco_kcal,2,0.16099029779434204,0.04491390660405159,0.6088142743429048,0.9202642477164451,9.310653686523438,0.9522088170051575,0.1022708876373973,0.06
37,sco_kcal,3,0.35417431592941284,0.04611688107252121,0.6174551262941004,0.9190380450247182,9.75759506225586,2.866321325302124,0.29375284657892525,0.14
37,sco_kcal,4,0.2395012080669403,0.0340416356921196,0.6118486028541974,0.9357462353045534,7.1379780769348145,0.5870016813278198,0.08223640854608644,0.1
37,sco_kcal,5,0.266988605260849,0.02369588240981102,0.6492839686732237,0.9394821021353239,5.430056571960449,0.9329678416252136,0.17181549202320337,0.1
37,sco_kcal,6,0.8374738693237305,0.013219665735960007,0.6758226543456627,0.8872005040494035,3.4602420330047607,3.6379129886627197,1.0513463954149114,0.84
37,sco_kcal,7,0.5340871214866638,0.030090508982539177,0.653040662017861,0.8855055947681456,7.033656597137451,3.754728317260742,0.5338230926412922,0.22
37,sco_kcal,8,0.7581020593643188,0.01781228743493557,0.6889300716882565,0.887342083252153,4.360957622528076,4.4532341957092285,1.0211597041678335,0.52
37,sco_kcal,9,0.1414148211479187,0.05437356233596802,0.6173229911811453,0.9267624806954042,11.589105606079102,1.0633054971694946,0.09175043642813423,0.08
37,sco_kcal,10,0.43050646781921387,0.03687189891934395,0.585616831487423,0.9110844128440259,6.940183639526367,2.918384313583374,0.42050534469467427,0.2
37,sco_kcal,11,0.04967227578163147,0.0725235566496849,0.5886928247191741,0.9459453170069421,14.048032760620117,0.1584271341562271,0.011277531655559274,0.04
37,sco_kcal,12,0.16955316066741943,0.031709738075733185,0.5976270705205278,0.9484238234302858,6.452333450317383,0.27166688442230225,0.042103664746114336,0.1
37,sco_kcal,13,0.17096909880638123,0.05814845487475395,0.6295602976172547,0.9299893872329399,12.545491218566895,1.9604673385620117,0.15626867887489232,0.0
37,sco_kcal,14,0.24567528069019318,0.058460041880607605,0.6266776027503955,0.9108713495186489,12.574663162231445,2.555173397064209,0.20320014652470253,0.06
37,sco_kcal,15,0.23063549399375916,0.11840429157018661,0.6444124211408122,0.9820295415259188,27.055973052978516,1.5318845510482788,0.056619089176673985,0.32
37,sco_kcal,16,0.12292297929525375,0.1379556506872177,0.6015193287842371,0.8962868599041918,28.30246353149414,3.2507519721984863,0.11485756243731737,0.04
37,sco_kcal,17,0.20320294797420502,0.03151005879044533,0.6067404592832519,0.931133918343551,6.428014755249023,0.7971615195274353,0.12401364182875978,0.14
37,sco_kcal,18,0.3273533284664154,0.06761353462934494,0.5948679082310238,0.8883059385602061,13.428492546081543,3.4569125175476074,0.257431167771422,0.06
37,sco_kcal,19,0.3342040181159973,0.05965784937143326,0.6493590083387402,0.9766919224384649,13.911005020141602,0.30384737253189087,0.02184223009710322,0.36
37,sco_kcal,20,0.1251242607831955,0.029806651175022125,0.5976800220832754,0.9525222129601596,5.930692195892334,0.15257571637630463,0.025726460139337586,0.1
37,sco_kcal,21,0.14883026480674744,0.049041759222745895,0.6148013136718846,0.9149803034062998,10.380620002746582,0.8224595189094543,0.07923028862359299,0.08
37,sco_kcal,22,0.25653523206710815,0.020667819306254387,0.6371400217494125,0.9325934883360787,4.736246109008789,0.7184367179870605,0.15168905953187817,0.08
37,sco_kcal,23,0.2147013545036316,0.035962361842393875,0.5903226750112658,0.916904912685885,7.127773284912109,1.00649094581604,0.14120692474135713,0.04
37,sco_kcal,24,0.4490494430065155,0.04590783640742302,0.6283011415404363,0.9527117987660834,10.05941104888916,1.6357585191726685,0.1626097702164484,0.46
37,sco_kcal,25,0.17552858591079712,0.19045236706733704,0.644448734765358,0.978381469504896,42.88248825073242,0.8464791774749756,0.019739507011012077,0.14
37,sco_kcal,26,0.7161220908164978,0.016670402139425278,0.6533827690372469,0.8903893887481344,3.8603475093841553,3.5338616371154785,0.9154257818823256,0.58
37,sco_kcal,27,0.12118379771709442,0.0626819059252739,0.6264746133672698,0.9414039846886044,13.619013786315918,0.46280962228775024,0.03398260913376643,0.06
37,sco_kcal,28,0.25446853041648865,0.06765860319137573,0.639853764729412,0.9769504636234527,15.216084480285645,0.6817417144775391,0.0448040174435691,0.3
37,sco_kcal,29,0.20448562502861023,0.01530513446778059,0.6509356868075526,0.9612430152524969,3.535478353500366,0.34530356526374817,0.0976681316467046,0.04
37,sco_kcal,30,0.35059964656829834,0.033262018114328384,0.615244853497847,0.9120925699825706,7.043910503387451,2.295440673828125,0.3258758998604875,0.12
37,sco_kcal,31,0.17047597467899323,0.031776756048202515,0.6011079445333098,0.9536125210299189,6.517934322357178,0.24010083079338074,0.036836951543038794,0.14
37,sco_kcal,32,0.09979172050952911,0.020127641037106514,0.6415858448299774,0.9541048290923264,4.584234237670898,0.10537179559469223,0.022985691858587978,0.12
37,sco_kcal,33,0.6629395484924316,0.033085234463214874,0.6035289178823895,0.9025388269548098,6.894096374511719,4.234440803527832,0.6142125919769639,0.36
37,sco_kcal,34,0.23243381083011627,0.0275094136595726,0.6025120074547088,0.9409981641872331,5.694827079772949,0.563243567943573,0.09890441975738258,0.18
37,sco_kcal,35,0.15518325567245483,0.11433436721563339,0.6360136436964818,0.9107138573016527,25.71380615234375,3.1314585208892822,0.12178121365373432,0.04
37,sco_kcal,36,0.30502578616142273,0.19442516565322876,0.6509335511990428,0.9830814785605697,45.40108108520508,1.3484305143356323,0.02970040541116206,0.3
37,sco_kcal,37,0.6136109828948975,0.010477373376488686,0.6669352202234835,0.9381820051641676,2.4825751781463623,1.4452636241912842,0.5821630848941314,0.34
37,sco_kcal,38,0.16200879216194153,0.07663339376449585,0.6441019541940394,0.978607138733282,17.327190399169922,0.5467644929885864,0.03155528856050314,0.12
37,sco_kcal,39,0.6682407259941101,0.015322316437959671,0.6388349422997672,0.9201922286991695,3.5651402473449707,2.212292194366455,0.6205344084328778,0.56
37,sco_kcal,40,0.260139137506485,0.028395742177963257,0.6056650962883026,0.9122647706468168,6.006556987762451,0.904360294342041,0.1505621766653597,0.12
37,sco_kcal,41,0.47316786646842957,0.033427413552999496,0.6541035125244583,0.9183855139471231,7.965562343597412,2.676548480987549,0.33601500629003483,0.4
37,sco_kcal,42,0.05834619328379631,0.05135811120271683,0.6272815913429521,0.9568043924575562,11.263648986816406,0.053514834493398666,0.004751109925037203,0.02
37,sco_kcal,43,0.4792863726615906,0.027238504961133003,0.5990221585113995,0.9261466911425251,5.418453216552734,2.290104627609253,0.42264914655224,0.38
37,sco_kcal,44,0.11240440607070923,0.12381380796432495,0.6276193205544403,0.9410539087512153,26.399478912353516,0.43964967131614685,0.016653725354799136,0.1
37,sco_kcal,45,0.3957666754722595,0.019558386877179146,0.6471177690243242,0.9231707941399427,4.625046253204346,1.3680387735366821,0.2957892091541509,0.16
37,sco_kcal,46,0.6292070746421814,0.02388567477464676,0.6462037472170112,0.8919013342461068,5.44757604598999,3.8834049701690674,0.7128684276060133,0.32
37,sco_kcal,47,0.05140670761466026,0.029203860089182854,0.6259332845451291,0.9546842093542207,6.416248321533203,0.10254253447055817,0.015981696675675883,0.02
37,sco_kcal,48,0.14943934977054596,0.022274194285273552,0.6070526738008557,0.9532365318061187,4.708186149597168,0.15653128921985626,0.03324662284927903,0.04
37,sco_kcal,49,0.11393257230520248,0.023480065166950226,0.626363983751592,0.961773215308799,5.198265552520752,0.11589433252811432,0.022294808019554645,0.06
37,sco_kcal,50,0.5496006011962891,0.025344476103782654,0.661473393717352,0.9084929056304072,5.891698837280273,3.2077746391296387,0.5444566546463893,0.2
37,sco_kcal,51,0.31028181314468384,0.09385379403829575,0.6471473391303191,0.9813694719798449,21.612730026245117,0.797709584236145,0.0369092466924566,0.2
37,sco_kcal,52,0.09007171541452408,0.024750150740146637,0.6453937117818318,0.9569830553250052,5.663047790527344,0.13503174483776093,0.023844359050550542,0.04
37,sco_kcal,53,0.38515013456344604,0.04417627304792404,0.6149489845192124,0.9150349908158271,9.249360084533691,2.466672420501709,0.26668573803568885,0.2
37,sco_kcal,54,0.6780321598052979,0.03181833028793335,0.6136212663688934,0.899847984748475,6.359598159790039,4.9866509437561035,0.7841141560303767,0.52
37,sco_kcal,55,0.43762916326522827,0.010144459083676338,0.6506868296521182,0.9519422172895498,2.379150152206421,0.8325232863426208,0.349924650855071,0.32
37,sco_kcal,56,0.04018551483750343,0.05825256183743477,0.631131625225331,0.9607899020637543,12.249852180480957,0.11320987343788147,0.009241733840533298,0.0
37,sco_kcal,57,0.14231468737125397,0.056885238736867905,0.5865960704635953,0.9169644119715528,10.836448669433594,0.8888477683067322,0.08202389873482334,0.06
37,sco_kcal,58,0.7155911922454834,0.023124579340219498,0.6480551374520258,0.8942249700476359,5.147509574890137,4.247944355010986,0.8252426330069819,0.6
37,sco_kcal,59,0.0790717601776123,0.02322353422641754,0.6330119258700555,0.9642214107559945,5.210205078125,0.07353238761425018,0.014113146509909037,0.06
37,sco_kcal,60,0.2556387782096863,0.017400387674570084,0.6035738463517542,0.9480592181464591,3.8040316104888916,0.5182793736457825,0.1362447599585466,0.12
37,sco_kcal,61,0.16163331270217896,0.041988927870988846,0.5898995032382219,0.9371794556544639,8.316971778869629,0.5050939917564392,0.06073051648915024,0.08
37,sco_kcal,62,0.22700607776641846,0.31099578738212585,0.6494517053993096,0.9767006821755533,71.69808959960938,1.7954617738723755,0.02504197509165094,0.14
37,sco_kcal,63,0.268656462430954,0.020652079954743385,0.6498058484627636,0.930663432989355,4.780263900756836,0.8461735844612122,0.17701398960991288,0.1
37,sco_kcal,64,0.2184431105852127,0.05765128508210182,0.6443182414934496,0.9714301657078765,13.056047439575195,0.24829891324043274,0.0190179236395691,0.16
37,sco_kcal,65,0.641573429107666,0.01843174733221531,0.6600853204229551,0.9200322809974031,4.178586006164551,2.9065144062042236,0.6955736705948674,0.58
37,sco_kcal,66,0.12254463136196136,0.06061172857880592,0.619933504154436,0.9243904174653044,12.916656494140625,1.195784091949463,0.09257690583409922,0.04
37,sco_kcal,67,0.09571953862905502,0.04752214252948761,0.6164714450706745,0.9349096934029439,10.126908302307129,0.5880401730537415,0.05806709762739465,0.04
37,sco_kcal,68,0.3538132309913635,0.05128355696797371,0.6081449423595788,0.8983490467175472,10.551279067993164,3.283377170562744,0.3111828574909674,0.16
37,sco_kcal,69,0.1396755874156952,0.025945810601115227,0.6417624037460985,0.9528769295383834,5.889510154724121,0.2005687654018402,0.03405525419477528,0.08
37,sco_kcal,70,0.17651434242725372,0.07079863548278809,0.6440072138334736,0.9724824660002067,16.004018783569336,0.3742218613624573,0.02338299313586506,0.2
37,sco_kcal,71,0.2700982987880707,0.01068102102726698,0.6568314179575101,0.9504774282853796,2.480658531188965,0.5127682685852051,0.20670651044399824,0.1
37,sco_kcal,72,0.8968424201011658,0.007799224462360144,0.7254841071265263,0.9083585477982834,1.8516379594802856,3.362560272216797,1.8159922975226723,0.88
37,sco_kcal,73,0.47714629769325256,0.021111376583576202,0.6541224254044944,0.9595148262654865,4.874125003814697,1.3454560041427612,0.27604052072725876,0.44
37,sco_kcal,74,0.3854268193244934,0.036674581468105316,0.6067345505422599,0.9141182396855545,7.616297245025635,2.797757148742676,0.3673382299476232,0.18
37,sco_kcal,75,0.5574672818183899,0.033348359167575836,0.6445614966387301,0.8823055284685175,7.484400272369385,4.110483169555664,0.5492067527081074,0.34
37,sco_kcal,76,0.36495456099510193,0.04456762224435806,0.586126783359131,0.9031328702756214,8.968305587768555,3.7334437370300293,0.4162931002397929,0.12
37,sco_kcal,77,0.44827574491500854,0.03194741904735565,0.6071051152736002,0.9191282581428812,6.576817989349365,2.626725196838379,0.3993914992162094,0.26
37,sco_kcal,78,0.18337464332580566,0.043674346059560776,0.6044479537812539,0.9322680756020663,8.905538558959961,1.1325056552886963,0.12716868809121823,0.04
37,sco_kcal,79,0.2632123529911041,0.0306388046592474,0.590287646276725,0.9231990546594504,6.114268779754639,1.185606598854065,0.19390815836879885,0.06
37,sco_kcal,80,0.1822487860918045,0.11023840308189392,0.6146296342464581,0.9129004963665035,23.321353912353516,3.1938793659210205,0.13695085533731366,0.04
37,sco_kcal,81,0.16638650000095367,0.02802850864827633,0.6403505369439251,0.9543739945067307,6.359195709228516,0.27896848320961,0.04386851670640812,0.14
37,sco_kcal,82,0.12761443853378296,0.03209726884961128,0.6295207686617736,0.9401105065189053,7.147286415100098,0.3323987126350403,0.04650698087777486,0.12
37,sco_kcal,83,0.21467846632003784,0.03498402237892151,0.6014490802486974,0.9172562056801792,7.135091304779053,0.7258702516555786,0.10173244050421526,0.1
37,sco_kcal,84,0.3208279013633728,0.03502780199050903,0.6154643271698006,0.9100389973057652,7.436485290527344,2.072988271713257,0.2787591436984144,0.16
37,sco_kcal,85,0.2788921594619751,0.04749520123004913,0.5965601826992815,0.9003718263092335,9.497084617614746,2.1926496028900146,0.2308760731501951,0.08
37,sco_kcal,86,0.16800178587436676,0.07844509929418564,0.5750983261745857,0.9059001144097929,14.612393379211426,1.9449771642684937,0.13310462658605599,0.06
37,sco_kcal,87,0.41666945815086365,0.007816245779395103,0.6522718375896295,0.9455580703399913,1.8367890119552612,0.6128541827201843,0.33365518779307224,0.22
37,sco_kcal,88,0.31601572036743164,0.030339321121573448,0.6458138434065002,0.9355283098420082,6.8966522216796875,1.17269766330719,0.1700386833514389,0.2
37,sco_kcal,89,0.3626183271408081,0.03003053180873394,0.6393878438340137,0.9531723158773335,6.666873455047607,1.542009711265564,0.23129428234430957,0.28
37,sco_kcal,90,0.3253958821296692,0.022657860070466995,0.6177272609468762,0.924381398409247,4.907689571380615,1.2821078300476074,0.261244687831168,0.06
37,sco_kcal,91,0.6602354645729065,0.018144944682717323,0.6584196058547149,0.8864867608658844,4.350208282470703,3.1022491455078125,0.7131265778717815,0.38
37,sco_kcal,92,0.07221052050590515,0.03522659093141556,0.5836262665812206,0.9613075238488489,6.794424057006836,0.04967084899544716,0.007310531191267561,0.08
37,sco_kcal,93,0.2632841169834137,0.16095899045467377,0.6441343686050391,0.978016772217621,36.33259963989258,0.5831801295280457,0.01605115338038525,0.26
37,sco_kcal,94,0.721856951713562,0.027236012741923332,0.6815022436931686,0.9124133107498325,6.335611343383789,4.9693989753723145,0.7843598203923611,0.66
37,sco_kcal,95,0.2246728092432022,0.028295224532485008,0.6449766407776938,0.9514972962520216,6.478538990020752,0.4321500062942505,0.06670485536320994,0.14
37,sco_kcal,96,0.07978522777557373,0.01565513014793396,0.5948485390170775,0.9625135545913095,3.1625781059265137,0.05138760060071945,0.016248642366941596,0.04
37,sco_kcal,97,0.6969640851020813,0.01750262826681137,0.6732884191913797,0.9081221336209666,4.132435321807861,3.1981911659240723,0.7739240706433912,0.52
37,sco_kcal,98,0.4479690194129944,0.009852955117821693,0.628146911807983,0.9188518527773204,2.1955692768096924,0.9292944073677063,0.4232589776069524,0.16
37,sco_kcal,99,0.39847061038017273,0.03851145878434181,0.6205498693314178,0.9007197198005279,8.154078483581543,2.949094772338867,0.3616711291505164,0.12
37,sco_kcal,100,0.47352638840675354,0.032386310398578644,0.6119151790311763,0.9024547184077956,6.759757995605469,3.2718536853790283,0.4840193520990051,0.28
37,sco_kcal,101,0.15678054094314575,0.09833518415689468,0.5818013881441468,0.9128933747392889,18.585647583007812,2.1237375736236572,0.11426761236801422,0.02
37,sco_kcal,102,0.18389616906642914,0.1295599490404129,0.6442939923515458,0.9794990641463917,29.22137451171875,0.7237411141395569,0.0247675246710011,0.16
37,sco_kcal,103,0.07709021866321564,0.11833441257476807,0.6115760027011987,0.9158237533515083,24.710264205932617,0.9107010960578918,0.03685517437078816,0.06
37,sco_kcal,104,0.12987104058265686,0.03776158019900322,0.6131520219482287,0.9539201505661838,7.745609283447266,0.41541457176208496,0.053632265269285606,0.06
37,sco_kcal,105,0.44523197412490845,0.03271789476275444,0.6476193951786184,0.9420848527675383,7.514876842498779,1.5600714683532715,0.2075977425911521,0.38
37,sco_kcal,106,0.2799791991710663,0.017341308295726776,0.6337808870210457,0.9410110969847902,3.8719255924224854,0.7568886876106262,0.19548120684237527,0.06
37,sco_kcal,107,0.3947317600250244,0.020497286692261696,0.6383330350394525,0.9134473057482382,4.605922222137451,1.5295027494430542,0.3320730736814883,0.18
37,sco_kcal,108,0.1548163890838623,0.018894102424383163,0.6547458527010344,0.9555324477272655,4.384135723114014,0.058702584356069565,0.013389773506914523,0.16
37,sco_kcal,109,0.09688141196966171,0.04020785167813301,0.5864356523863192,0.9582085640653097,7.895204067230225,0.17346596717834473,0.021971055554894557,0.08
37,sco_kcal,110,0.08829444646835327,0.06098293885588646,0.5804937884037682,0.9433720347797898,11.709216117858887,0.12311462312936783,0.010514335194615932,0.04
37,sco_kcal,111,0.5141111612319946,0.01575157791376114,0.6524240695766264,0.9244513067211446,3.7093822956085205,1.7057466506958008,0.4598465498461044,0.26
37,sco_kcal,112,0.19788341224193573,0.019856750965118408,0.6096461691229325,0.9499108162628989,4.274159908294678,0.13454516232013702,0.03147873856077098,0.18
37,sco_kcal,113,0.09874355792999268,0.03990660235285759,0.6550160281061459,0.9536776453775302,9.107815742492676,0.3979661464691162,0.043695015108002035,0.04
37,sco_kcal,114,0.6054810881614685,0.02146279066801071,0.6387729420117718,0.9064681070383296,4.818048477172852,3.034411907196045,0.6298010328398742,0.28
37,sco_kcal,115,0.366178959608078,0.04270034655928612,0.6147617116568962,0.9012017454251369,9.204519271850586,2.7650012969970703,0.30039605712522577,0.1
37,sco_kcal,116,0.3755212426185608,0.055509183555841446,0.5823042096111071,0.8761661382540156,10.952042579650879,4.4002580642700195,0.40177510562694396,0.24
37,sco_kcal,117,0.11795499920845032,0.05347834527492523,0.5912914879011633,0.9393796320170067,10.538599014282227,0.42470166087150574,0.04029963188616791,0.1
37,sco_kcal,118,0.35604679584503174,0.05334515497088432,0.6071492792765159,0.8944540887528378,10.840270042419434,3.793179988861084,0.34991563623580046,0.14
37,sco_kcal,119,0.6060125827789307,0.011911050416529179,0.6358932891280977,0.9110645391013559,2.803561210632324,1.6732754707336426,0.5968392858296989,0.34
37,sco_kcal,120,0.1617000550031662,0.017020639032125473,0.6338044387597053,0.9517964693872167,3.8543834686279297,0.1588154286146164,0.0412038474913735,0.08
37,sco_kcal,121,0.114930659532547,0.030162792652845383,0.6354101165499388,0.9301922512384295,6.710614204406738,0.30420422554016113,0.045331800677856846,0.12
37,sco_kcal,122,0.07779499888420105,0.055960848927497864,0.5854289408833833,0.9474918636128176,10.614846229553223,0.07254953682422638,0.0068347232974735215,0.02
37,sco_kcal,123,0.07226762920618057,0.026071548461914062,0.6153216561152444,0.956198410024945,5.528154373168945,0.10805058479309082,0.01954550786742089,0.08
37,sco_kcal,124,0.12427963316440582,0.03638452664017677,0.6163833923158986,0.9366732593750553,7.743376731872559,0.4032033085823059,0.052070733808246526,0.08
37,sco_kcal,125,0.29983311891555786,0.10130703449249268,0.5834709567988714,0.9010713572394,19.568845748901367,5.6738176345825195,0.28994135409857064,0.18
37,sco_kcal,126,0.4133723974227905,0.024192679673433304,0.6477814198550085,0.9454341946215976,5.5617356300354,1.3196207284927368,0.23726779125679828,0.34
37,sco_kcal,127,0.5574151277542114,0.16585858166217804,0.6754885241617441,0.985078244060904,43.863670349121094,1.10636305809021,0.025222765201461952,0.56
37,sco_kcal,128,0.25460606813430786,0.04063783958554268,0.6480930717303377,0.9724210853520776,9.436600685119629,0.35617417097091675,0.03774390618568401,0.14
37,sco_kcal,129,0.543229877948761,0.022672804072499275,0.6598922959135787,0.916703285567058,5.274169921875,2.61722469329834,0.4962344277993797,0.32
37,sco_kcal,130,0.45092153549194336,0.024199780076742172,0.6381203856906832,0.9377967229528945,5.506241798400879,2.0079596042633057,0.3646697108082788,0.2
37,sco_kcal,131,0.6908470392227173,0.015940213575959206,0.6719471842248945,0.9209917773617631,3.714669942855835,2.987717866897583,0.8043023775621444,0.58
37,sco_kcal,132,0.1769094318151474,0.06012995168566704,0.5880051410781111,0.9216587743834508,11.79572868347168,1.2722779512405396,0.1078592078014876,0.04
37,sco_kcal,133,0.5445764660835266,0.024057405069470406,0.6672189827233732,0.8907327549802406,5.733251094818115,2.933199167251587,0.5116118444389607,0.32
37,sco_kcal,134,0.23360943794250488,0.04200255125761032,0.5938482441208164,0.9305783774815912,8.367588996887207,1.387539029121399,0.16582303811020974,0.1
37,sco_kcal,135,0.3901739716529846,0.025474682450294495,0.6275820497674334,0.9343246870716067,5.610952377319336,1.4476968050003052,0.25801267015777996,0.22
37,sco_kcal,136,0.24957464635372162,0.0302943866699934,0.5898660912853062,0.9282607310072177,6.026428699493408,0.746609628200531,0.1238892328159947,0.1
37,sco_kcal,137,0.6535224318504333,0.11078934371471405,0.687940471077175,0.9865454103943818,31.80483055114746,1.7512342929840088,0.055061896656475894,0.66
37,sco_kcal,138,0.14410707354545593,0.03336571529507637,0.6421848997679072,0.9613630402656876,7.62239408493042,0.10919782519340515,0.014325922272805441,0.06
37,sco_kcal,139,0.19824808835983276,0.042759958654642105,0.5950025211778538,0.92259905461027,8.517545700073242,1.0227411985397339,0.12007463588142994,0.04
37,sco_kcal,140,0.5753253102302551,0.01987834833562374,0.6576078132928551,0.9435648510885664,4.546449661254883,2.135183811187744,0.46963762282114524,0.48
37,sco_kcal,141,0.09803495556116104,0.035192787647247314,0.5947508559371335,0.9300064395420133,6.8933916091918945,0.2668651342391968,0.03871318349059834,0.02
37,sco_kcal,142,0.6814345121383667,0.016229230910539627,0.6627681061243795,0.9031067259952665,3.838101387023926,3.0376977920532227,0.791458454516925,0.42
37,sco_kcal,143,0.6697199940681458,0.019248919561505318,0.6731148709653929,0.8943155948077026,4.564035892486572,3.7593350410461426,0.8236865637351477,0.5
37,sco_kcal,144,0.12141111493110657,0.026959845796227455,0.616462457604924,0.9486444065328625,5.738378524780273,0.19430799782276154,0.03386113289384334,0.02
37,sco_kcal,145,0.32136914134025574,0.05902672931551933,0.5946997722190834,0.9054727946937484,11.57682991027832,3.1303505897521973,0.2703979080640168,0.14
37,sco_kcal,146,0.40366142988204956,0.03740004450082779,0.6056831159381246,0.8976207565146941,7.658782958984375,3.040743350982666,0.39702696463223663,0.18
37,sco_kcal,147,0.17317374050617218,0.05228019878268242,0.615201562624248,0.9311388539147802,11.091334342956543,1.4645365476608276,0.1320433143908306,0.08
37,sco_kcal,148,0.749609649181366,0.09121862053871155,0.6959921899076711,0.9856082844443337,28.57490348815918,1.795841932296753,0.0628468240685716,0.72
37,sco_kcal,149,0.24181587994098663,0.043094292283058167,0.6439662976924563,0.9651501108999656,9.746498107910156,0.4469318985939026,0.04585563898393181,0.24
37,sco_kcal,150,0.626807451248169,0.021772725507616997,0.6416027302708323,0.8819624591757627,4.797003746032715,3.6624915599823,0.763495663936328,0.42
37,sco_kcal,151,0.26657530665397644,0.14149612188339233,0.645432075671087,0.9830375093281953,32.14906692504883,1.0886636972427368,0.03386299514635395,0.2
37,sco_kcal,152,0.2875077724456787,0.03609441593289375,0.615019389472997,0.9209620497152908,7.546555042266846,1.8456066846847534,0.24456280704876,0.08
37,sco_kcal,153,0.2069779634475708,0.11738914996385574,0.6292598541077647,0.9147212612736981,25.50998306274414,2.005963087081909,0.07863443429766531,0.2
37,sco_kcal,154,0.39363908767700195,0.05850500613451004,0.6034430339437824,0.8876893217827626,11.838310241699219,4.373385429382324,0.3694264924716644,0.22
37,sco_kcal,155,0.2355773001909256,0.03193714842200279,0.5910423240692868,0.9271483474119744,6.357453346252441,1.1293617486953735,0.17764373361246982,0.06
37,sco_kcal,156,0.46091875433921814,0.5488603115081787,0.660735248864075,0.9877292880139297,131.86895751953125,2.19661021232605,0.016657523147558875,0.38
37,sco_kcal,157,0.1059584990143776,0.031280189752578735,0.6167750643691905,0.9456591588001,6.689404487609863,0.08401304483413696,0.012559121666173154,0.08
37,sco_kcal,158,0.1055181697010994,0.024263139814138412,0.6432957987656882,0.9576817255161052,5.502272605895996,0.11451821774244308,0.020812894224784564,0.06
37,sco_kcal,159,0.37402424216270447,0.03455911576747894,0.6141862045503297,0.9101108227046533,7.333370208740234,2.113105535507202,0.2881493058933135,0.18
37,sco_kcal,160,0.11382415145635605,0.03613514080643654,0.6346530819385441,0.9484300255711862,8.056824684143066,0.4015428423881531,0.04983884571529083,0.04
37,sco_kcal,161,0.6694782376289368,0.0191210750490427,0.6570024582026865,0.8749746910304415,4.39816951751709,3.501610040664673,0.7961516778101463,0.44
37,sco_kcal,162,0.9106928110122681,0.012127742171287537,0.6706037361723478,0.9295970727023459,2.83900785446167,4.76165771484375,1.6772259743348443,0.86
37,sco_kcal,163,0.28348907828330994,0.05917435139417648,0.6095543489106634,0.8995706313619634,12.110822677612305,2.703510046005249,0.22323091650931978,0.1
37,sco_kcal,164,0.34741178154945374,0.042933691293001175,0.6092454348155432,0.8918616601218781,9.02598762512207,2.5564374923706055,0.28323077745589437,0.08
37,sco_kcal,165,0.10015522688627243,0.04482978954911232,0.586588801309202,0.949390234136581,8.8480806350708,0.14643792808055878,0.01655024791479955,0.04
37,sco_kcal,166,0.4901629090309143,0.02733357436954975,0.6539658745475951,0.9336201675540106,6.305131435394287,2.365612506866455,0.37518845262874734,0.38
37,sco_kcal,167,0.24952492117881775,0.0730673149228096,0.611436846047952,0.9062176094816063,15.590153694152832,2.590137004852295,0.16613928609464185,0.12
37,sco_kcal,168,0.3819960951805115,0.020958229899406433,0.6060772944697597,0.9311386928755983,4.350884914398193,1.3232582807540894,0.3041354360753346,0.28
37,sco_kcal,169,0.3726872503757477,0.03725828602910042,0.6428813894392311,0.9258113084996373,8.530935287475586,2.4012153148651123,0.28147151911823526,0.14
37,sco_kcal,170,0.31160640716552734,0.0392836295068264,0.6251061162994811,0.9099443486086132,8.543571472167969,1.9033939838409424,0.2227866870478638,0.06
37,sco_kcal,171,0.4006982445716858,0.0367823950946331,0.6073366985751132,0.8990933177438456,7.478738307952881,2.506394624710083,0.3351360244875511,0.16
37,sco_kcal,172,0.1682189553976059,0.060371145606040955,0.6436599053978524,0.9814147357834415,13.65015697479248,0.3903123140335083,0.028593979890069513,0.06
37,sco_kcal,173,0.4894827902317047,0.021137384697794914,0.625588039060202,0.9032938391129288,4.668716907501221,2.0911943912506104,0.4479162974929346,0.28
37,sco_kcal,174,0.12211644649505615,0.005227339453995228,0.6381935474462626,0.9526009775430868,1.2227600812911987,0.14878103137016296,0.1216763890534066,0.02
37,sco_kcal,175,0.0832899734377861,0.02528230845928192,0.6134463361109794,0.9668989492969884,5.385087490081787,0.17649225890636444,0.03277426025694597,0.04
37,sco_kcal,176,0.4350947439670563,0.09934474527835846,0.6077267017936661,0.9021414448450893,20.532623291015625,5.863734245300293,0.2855813483835776,0.16
37,sco_kcal,177,0.10671886801719666,0.03529181703925133,0.5900680403766059,0.9564655666867852,6.968538284301758,0.12365751713514328,0.017745115559415152,0.04
37,sco_kcal,178,0.09688103199005127,0.0696517825126648,0.6223201424598541,0.9251144437793459,14.915144920349121,0.9697934985160828,0.06502072247336788,0.0
37,sco_kcal,179,0.19891078770160675,0.060355622321367264,0.6028568997750072,0.916047386855642,12.237327575683594,1.3445359468460083,0.10987169694776278,0.1
37,sco_kcal,180,0.2195812314748764,0.025557685643434525,0.5931349270113278,0.9406940178919976,5.190755844116211,0.6466548442840576,0.12457816620618928,0.12
37,sco_kcal,181,0.041116274893283844,0.030039768666028976,0.6528187381647055,0.9499982944084269,6.8599138259887695,0.16848081350326538,0.024560193870799975,0.02
37,sco_kcal,182,0.6701935529708862,0.018892351537942886,0.6291922112529542,0.9101642237794394,4.201765060424805,2.573632001876831,0.6125121145199472,0.62
37,sco_kcal,183,0.5588036775588989,0.024880394339561462,0.6854623665169219,0.886821992602659,6.2138519287109375,3.6253163814544678,0.583424971023817,0.24
37,sco_kcal,184,0.5566381216049194,0.044322527945041656,0.5973031888156595,0.9522916850148002,8.645376205444336,5.000424385070801,0.5783929196651773,0.64
37,sco_kcal,185,0.21261201798915863,0.02537946216762066,0.6261287159624049,0.922972545755179,5.537220001220703,0.4033809006214142,0.07284899291205464,0.12
37,sco_kcal,186,0.23886610567569733,0.07874533534049988,0.6423597660200511,0.9763902706279686,17.745864868164062,0.43703094124794006,0.024627198758397514,0.26
37,sco_kcal,187,0.25565165281295776,0.016868440434336662,0.6443999174872801,0.9330739633072109,3.9299800395965576,0.5897060632705688,0.15005319551981913,0.1
37,sco_kcal,188,0.2546965479850769,0.015732470899820328,0.6268777694405416,0.9405032573971206,3.5389177799224854,0.4605918228626251,0.13015047297106566,0.12
37,sco_kcal,189,0.26104462146759033,0.03924395143985748,0.6199717795911777,0.9122139508121687,8.334150314331055,1.2312394380569458,0.1477342490379323,0.06
37,sco_kcal,190,0.1621909886598587,0.1752835065126419,0.64465320378016,0.97602528786133,39.492919921875,0.9351240992546082,0.023678271981521577,0.12
37,sco_kcal,191,0.10165620595216751,0.026338906958699226,0.604348326818644,0.9511873142660505,5.473812103271484,0.07269902527332306,0.013281242377661024,0.04
37,sco_kcal,192,0.2521253824234009,0.021174341440200806,0.6472199038942872,0.9515459959433152,4.901904582977295,0.8514055013656616,0.1736887136323121,0.12
37,sco_kcal,193,0.5080745220184326,0.03731372952461243,0.6598830525687891,0.9265601995530903,8.610398292541504,4.051928997039795,0.47058554777305195,0.46
37,sco_kcal,194,0.19397707283496857,0.08430645614862442,0.614718700052006,0.9128289069597164,17.731348037719727,2.8323726654052734,0.15973814621313587,0.02
37,sco_kcal,195,0.2156960815191269,0.04156136512756348,0.5912582747737767,0.9211445256404003,8.136292457580566,1.321909785270691,0.16247078041535618,0.08
37,sco_kcal,196,0.14052307605743408,0.047321196645498276,0.580058578796669,0.9293647932201727,8.94001293182373,0.891391396522522,0.09970806567286267,0.1
37,sco_kcal,197,0.18596597015857697,0.08977198600769043,0.5791825028890958,0.9256349212966355,16.961339950561523,1.685595154762268,0.0993786552050367,0.1
37,sco_kcal,198,0.5197227001190186,0.018169594928622246,0.6586197894886456,0.9562010314970137,4.221805095672607,1.492989182472229,0.35363763808105636,0.48
37,sco_kcal,199,0.2316972017288208,0.034192025661468506,0.6067256513957864,0.9239568425788893,7.169527530670166,0.9317473769187927,0.1299593833670234,0.12
37,sco_kcal,200,0.447693794965744,0.03661034256219864,0.618085147312061,0.8925187631615885,7.509156703948975,3.157801866531372,0.4205268302458946,0.28
37,sco_kcal,201,0.3499985635280609,0.02457883581519127,0.6041783469523399,0.8985075572847463,5.108339309692383,1.2585090398788452,0.24636363475131626,0.14
37,sco_kcal,202,0.19820116460323334,0.06147610396146774,0.5988606157424068,0.915935066871038,12.213359832763672,2.0063211917877197,0.16427266692049342,0.04
37,sco_kcal,203,0.25821685791015625,0.107579804956913,0.5963881214046192,0.8881297369688215,21.35002326965332,3.9812633991241455,0.18647583418717242,0.12
37,sco_kcal,204,0.07719621807336807,0.018729442730545998,0.6418395908078003,0.9666690916460017,4.301270484924316,0.16418969631195068,0.038172371834653336,0.02
37,sco_kcal,205,0.24909502267837524,0.032020337879657745,0.6356472755560307,0.9180508050511746,7.237664699554443,1.686707854270935,0.23304586828604676,0.04
37,sco_kcal,206,0.25005704164505005,0.026269780471920967,0.604849999509594,0.9260705380776033,5.508474349975586,1.1225910186767578,0.20379345483958425,0.1
37,sco_kcal,207,0.07021927088499069,0.05300748348236084,0.6069683318149754,0.946874622485222,10.76093864440918,0.1754724085330963,0.016306422174822324,0.04
37,sco_kcal,208,0.13212355971336365,0.04159063845872879,0.6062276039377636,0.9361830384922893,8.5316162109375,0.894507646560669,0.10484621253988353,0.04
37,sco_kcal,209,0.12602965533733368,0.03408848121762276,0.6196206183775785,0.9533769864995507,7.27414608001709,0.1811741292476654,0.02490658384567935,0.08
37,sco_kcal,210,0.3835093677043915,0.1415400505065918,0.6521534741284054,0.9846631234784917,33.20030975341797,1.0779162645339966,0.03246705445038883,0.3
37,sco_kcal,211,0.17051179707050323,0.021141361445188522,0.6285978875022675,0.9477449541733518,4.823269844055176,0.17893490195274353,0.03709825652265468,0.08
37,sco_kcal,212,0.08486628532409668,0.03575465828180313,0.6103775736892914,0.9692616080700898,7.480403423309326,0.07077896595001221,0.009461918287650271,0.02
37,sco_kcal,213,0.2741614282131195,0.031176360324025154,0.6529451989288237,0.967252264905095,7.315526485443115,0.4229738414287567,0.057818646719469347,0.16
37,sco_kcal,214,0.06475190818309784,0.037632450461387634,0.6117963010152339,0.9774597963666765,7.8871588706970215,0.06736773252487183,0.008541444850966752,0.06
37,sco_kcal,215,0.1647886484861374,0.06795316934585571,0.6172995946085706,0.9214620865537508,14.216675758361816,0.9386972188949585,0.06602789814228163,0.02
37,sco_kcal,216,0.49870622158050537,0.02614424377679825,0.6497032482578173,0.8846168326091512,6.039931774139404,2.8858580589294434,0.4777964663914822,0.18
37,sco_kcal,217,0.40481793880462646,0.026398787274956703,0.6452903852534131,0.9488364827023643,5.982031345367432,1.5523087978363037,0.2594952630996214,0.46
37,sco_kcal,218,0.48073214292526245,0.02274296246469021,0.6570448264346234,0.9571301592635835,5.269304275512695,1.7063078880310059,0.3238203373376051,0.5
37,sco_kcal,219,0.3886353373527527,0.03300236165523529,0.6109516728734081,0.9125025123109289,6.888540267944336,2.3426859378814697,0.34008452397137096,0.18
37,sco_kcal,220,0.7044470310211182,0.017266925424337387,0.6778839632195814,0.8921001299611706,4.110477447509766,3.5689356327056885,0.8682533059189614,0.52
37,sco_kcal,221,0.22681906819343567,0.048067089170217514,0.6275289831892841,0.9173083707645755,10.524297714233398,2.2297027111053467,0.21186237520531417,0.06
37,sco_kcal,222,0.6575510501861572,0.027065593749284744,0.669640724874625,0.9466041914174443,6.413132667541504,3.747169256210327,0.5842962325067286,0.6
37,sco_kcal,223,0.08423593640327454,0.06537789106369019,0.6005288456585052,0.9396390819417835,12.909041404724121,0.5938699841499329,0.046004189275634634,0.0
37,sco_kcal,224,0.4919809103012085,0.020500492304563522,0.6505223225207191,0.917956910705688,4.8166184425354,1.8033798933029175,0.3744078786431012,0.28
37,sco_kcal,225,0.14560875296592712,0.06706365942955017,0.5800579572373024,0.9211204998372933,12.516162872314453,1.1028035879135132,0.08811035771617327,0.04
37,sco_kcal,226,0.7332512736320496,0.012936817482113838,0.685870150515349,0.9388098959728215,3.062589168548584,2.633449077606201,0.8598767032322001,0.54
37,sco_kcal,227,0.0867878869175911,0.038381341844797134,0.6108030623887368,0.9599325307938815,7.9455718994140625,0.07871191948652267,0.009906388172301002,0.1
37,sco_kcal,228,0.45343393087387085,0.02131139673292637,0.6559792417964869,0.9600791023108937,4.991434574127197,1.3310134410858154,0.2666594986509578,0.26
37,sco_kcal,229,0.48539140820503235,0.015864767134189606,0.6345896865426206,0.9384617895312535,3.6617918014526367,0.8668918609619141,0.23673980061291774,0.4
37,sco_kcal,230,0.4369197189807892,0.04110299050807953,0.6176899681964072,0.904802755482059,8.723860740661621,3.6953413486480713,0.42359013497592984,0.16
37,sco_kcal,231,0.10981681197881699,0.042662348598241806,0.6159729596310706,0.9494068201876495,9.106239318847656,0.19142049551010132,0.021020806592893775,0.06
37,sco_kcal,232,0.14599701762199402,0.05317618325352669,0.618267241893075,0.917658391048884,11.281209945678711,0.8212919235229492,0.07280175863029184,0.12
37,sco_kcal,233,0.5332888960838318,0.054914411157369614,0.5838349821231239,0.9048168556184699,10.455687522888184,5.8518385887146,0.5596799422232677,0.32
37,sco_kcal,234,0.45064032077789307,0.017246350646018982,0.6460557512489347,0.9228516836481979,3.941093921661377,1.6801774501800537,0.42632261082267514,0.24
37,sco_kcal,235,0.12868912518024445,0.06847397983074188,0.6119852488515378,0.9404854634976774,14.047648429870605,0.6049864292144775,0.043066740475085345,0.06
37,sco_kcal,236,0.2577623128890991,0.4438795745372772,0.6442055212208266,0.985496779698348,100.10765075683594,1.7488853931427002,0.01747004729329617,0.24
37,sco_kcal,237,0.12875808775424957,0.04966502636671066,0.6001768827755669,0.9330105795411119,10.01657485961914,0.594901978969574,0.05939175689365275,0.02
37,sco_kcal,238,0.7397978901863098,0.02172388695180416,0.6318606836103562,0.8913056565224604,5.056387424468994,3.9136593341827393,0.7740030590305764,0.78
37,sco_kcal,239,0.06301435828208923,0.018320713192224503,0.6254346895844429,0.9604886715064431,4.02034854888916,0.17686337232589722,0.04399204948903381,0.02
37,sco_kcal,240,0.15197083353996277,0.04609622806310654,0.6437205259845875,0.9634434051974929,10.443191528320312,0.17109283804893494,0.016383194503802573,0.12
37,sco_kcal,241,0.2047286033630371,0.08589322865009308,0.5797651168062308,0.8898671089711101,16.765169143676758,3.0924220085144043,0.1844551630832045,0.02
37,sco_kcal,242,0.19496987760066986,0.043133676052093506,0.6433689957679769,0.9648146922745333,9.795467376708984,0.2710821330547333,0.027674241833451917,0.2
37,sco_kcal,243,0.3365519046783447,0.03124028816819191,0.6414378949085706,0.9294396013044466,7.045559406280518,2.147346019744873,0.3047800601653712,0.04
37,sco_kcal,244,0.2687227725982666,0.09700719267129898,0.6438878027454891,0.9799152540727294,22.108266830444336,0.7239598631858826,0.032746115683249706,0.22
37,sco_kcal,245,0.16981719434261322,0.017451463267207146,0.6487300610144489,0.9720555028160407,3.999073028564453,0.04486263170838356,0.011218257678201964,0.14
37,sco_kcal,246,0.281629353761673,0.2961198389530182,0.6459621472224049,0.9815130486538639,67.44034576416016,1.9505860805511475,0.028923132858369005,0.22
37,sco_kcal,247,0.4154514968395233,0.026953157037496567,0.6202196603331429,0.9070219121781755,5.745148181915283,2.482154130935669,0.4320435352301363,0.1
37,sco_kcal,248,0.2152460366487503,0.39026689529418945,0.6467829361102695,0.9758758949709241,88.92025756835938,2.158292770385742,0.024272228054743408,0.16
37,sco_kcal,249,0.06801296770572662,0.06492521613836288,0.5968136271975586,0.9386831024456965,12.76527214050293,0.25762730836868286,0.020181889232996235,0.06
37,water_gsolv_eV,0,1.0000001192092896,0.0,0.6651667302938706,0.6651667302938706,,,,1.0
37,water_gsolv_eV,1,1.0000001192092896,0.0,0.6651667302938706,0.6651667302938706,,,,1.0
37,water_gsolv_eV,2,1.0000001192092896,0.0,0.6651667302938706,0.6651667302938706,,,,1.0
37,water_gsolv_eV,3,1.0000001192092896,0.0,0.6651667302938706,0.6651667302938706,,,,1.0
37,water_gsolv_eV,4,1.0000001192092896,0.0,0.6651667302938706,0.6651667302938706,,,,1.0
37,water_gsolv_eV,5,1.0000001192092896,0.0,0.6651667302938706,0.6651667302938706,,,,1.0
37,water_gsolv_eV,6,1.0000001192092896,0.0,0.6651667302938706,0.6651667302938706,,,,1.0
37,water_gsolv_eV,7,1.0000001192092896,0.0,0.6651667302938706,0.6651667302938706,,,,1.0
37,water_gsolv_eV,8,1.0000001192092896,0.0,0.6651667302938706,0.6651667302938706,,,,1.0
37,water_gsolv_eV,9,1.0000001192092896,0.0,0.6651667302938706,0.6651667302938706,,,,1.0
37,water_gsolv_eV,10,1.0000001192092896,0.0,0.6651667302938706,0.6651667302938706,,,,1.0
37,water_gsolv_eV,11,1.0000001192092896,0.0,0.6651667302938706,0.6651667302938706,,,,1.0
37,water_gsolv_eV,12,1.0000001192092896,0.0,0.6651667302938706,0.6651667302938706,,,,1.0
37,water_gsolv_eV,13,1.0000001192092896,0.0,0.6651667302938706,0.6651667302938706,,,,1.0
37,water_gsolv_eV,14,1.0000001192092896,0.0,0.6651667302938706,0.6651667302938706,,,,1.0
37,water_gsolv_eV,15,1.0000001192092896,0.0,0.6651667302938706,0.6651667302938706,,,,1.0
37,water_gsolv_eV,16,1.0000001192092896,0.0,0.6651667302938706,0.6651667302938706,,,,1.0
37,water_gsolv_eV,17,1.0000001192092896,0.0,0.6651667302938706,0.6651667302938706,,,,1.0
37,water_gsolv_eV,18,1.0000001192092896,0.0,0.6651667302938706,0.6651667302938706,,,,1.0
37,water_gsolv_eV,19,1.0000001192092896,0.0,0.6651667302938706,0.6651667302938706,,,,1.0
37,water_gsolv_eV,20,1.0000001192092896,0.0,0.6651667302938706,0.6651667302938706,,,,1.0
37,water_gsolv_eV,21,1.0000001192092896,0.0,0.6651667302938706,0.6651667302938706,,,,1.0
37,water_gsolv_eV,22,1.0000001192092896,0.0,0.6651667302938706,0.6651667302938706,,,,1.0
37,water_gsolv_eV,23,1.0000001192092896,0.0,0.6651667302938706,0.6651667302938706,,,,1.0
37,water_gsolv_eV,24,1.0000001192092896,0.0,0.6651667302938706,0.6651667302938706,,,,1.0
37,water_gsolv_eV,25,1.0000001192092896,0.0,0.6651667302938706,0.6651667302938706,,,,1.0
37,water_gsolv_eV,26,1.0000001192092896,0.0,0.6651667302938706,0.6651667302938706,,,,1.0
37,water_gsolv_eV,27,1.0000001192092896,0.0,0.6651667302938706,0.6651667302938706,,,,1.0
37,water_gsolv_eV,28,1.0000001192092896,0.0,0.6651667302938706,0.6651667302938706,,,,1.0
37,water_gsolv_eV,29,1.0000001192092896,0.0,0.6651667302938706,0.6651667302938706,,,,1.0
37,water_gsolv_eV,30,1.0000001192092896,0.0,0.6651667302938706,0.6651667302938706,,,,1.0
37,water_gsolv_eV,31,1.0000001192092896,0.0,0.6651667302938706,0.6651667302938706,,,,1.0
37,water_gsolv_eV,32,1.0000001192092896,0.0,0.6651667302938706,0.6651667302938706,,,,1.0
37,water_gsolv_eV,33,1.0000001192092896,0.0,0.6651667302938706,0.6651667302938706,,,,1.0
37,water_gsolv_eV,34,1.0000001192092896,0.0,0.6651667302938706,0.6651667302938706,,,,1.0
37,water_gsolv_eV,35,1.0000001192092896,0.0,0.6651667302938706,0.6651667302938706,,,,1.0
37,water_gsolv_eV,36,1.0000001192092896,0.0,0.6651667302938706,0.6651667302938706,,,,1.0
37,water_gsolv_eV,37,1.0000001192092896,0.0,0.6651667302938706,0.6651667302938706,,,,1.0
37,water_gsolv_eV,38,1.0000001192092896,0.0,0.6651667302938706,0.6651667302938706,,,,1.0
37,water_gsolv_eV,39,1.0000001192092896,0.0,0.6651667302938706,0.6651667302938706,,,,1.0
37,water_gsolv_eV,40,1.0000001192092896,0.0,0.6651667302938706,0.6651667302938706,,,,1.0
37,water_gsolv_eV,41,1.0000001192092896,0.0,0.6651667302938706,0.6651667302938706,,,,1.0
37,water_gsolv_eV,42,1.0000001192092896,0.0,0.6651667302938706,0.6651667302938706,,,,1.0
37,water_gsolv_eV,43,1.0000001192092896,0.0,0.6651667302938706,0.6651667302938706,,,,1.0
37,water_gsolv_eV,44,1.0000001192092896,0.0,0.6651667302938706,0.6651667302938706,,,,1.0
37,water_gsolv_eV,45,1.0000001192092896,0.0,0.6651667302938706,0.6651667302938706,,,,1.0
37,water_gsolv_eV,46,1.0000001192092896,0.0,0.6651667302938706,0.6651667302938706,,,,1.0
37,water_gsolv_eV,47,1.0000001192092896,0.0,0.6651667302938706,0.6651667302938706,,,,1.0
37,water_gsolv_eV,48,1.0000001192092896,0.0,0.6651667302938706,0.6651667302938706,,,,1.0
37,water_gsolv_eV,49,1.0000001192092896,0.0,0.6651667302938706,0.6651667302938706,,,,1.0
37,water_gsolv_eV,50,1.0000001192092896,0.0,0.6651667302938706,0.6651667302938706,,,,1.0
37,water_gsolv_eV,51,1.0000001192092896,0.0,0.6651667302938706,0.6651667302938706,,,,1.0
37,water_gsolv_eV,52,1.0000001192092896,0.0,0.6651667302938706,0.6651667302938706,,,,1.0
37,water_gsolv_eV,53,1.0000001192092896,0.0,0.6651667302938706,0.6651667302938706,,,,1.0
37,water_gsolv_eV,54,1.0000001192092896,0.0,0.6651667302938706,0.6651667302938706,,,,1.0
37,water_gsolv_eV,55,1.0000001192092896,0.0,0.6651667302938706,0.6651667302938706,,,,1.0
37,water_gsolv_eV,56,1.0000001192092896,0.0,0.6651667302938706,0.6651667302938706,,,,1.0
37,water_gsolv_eV,57,1.0000001192092896,0.0,0.6651667302938706,0.6651667302938706,,,,1.0
37,water_gsolv_eV,58,1.0000001192092896,0.0,0.6651667302938706,0.6651667302938706,,,,1.0
37,water_gsolv_eV,59,1.0000001192092896,0.0,0.6651667302938706,0.6651667302938706,,,,1.0
37,water_gsolv_eV,60,1.0000001192092896,0.0,0.6651667302938706,0.6651667302938706,,,,1.0
37,water_gsolv_eV,61,1.0000001192092896,0.0,0.6651667302938706,0.6651667302938706,,,,1.0
37,water_gsolv_eV,62,1.0000001192092896,0.0,0.6651667302938706,0.6651667302938706,,,,1.0
37,water_gsolv_eV,63,1.0000001192092896,0.0,0.6651667302938706,0.6651667302938706,,,,1.0
37,water_gsolv_eV,64,1.0000001192092896,0.0,0.6651667302938706,0.6651667302938706,,,,1.0
37,water_gsolv_eV,65,1.0000001192092896,0.0,0.6651667302938706,0.6651667302938706,,,,1.0
37,water_gsolv_eV,66,1.0000001192092896,0.0,0.6651667302938706,0.6651667302938706,,,,1.0
37,water_gsolv_eV,67,1.0000001192092896,0.0,0.6651667302938706,0.6651667302938706,,,,1.0
37,water_gsolv_eV,68,1.0000001192092896,0.0,0.6651667302938706,0.6651667302938706,,,,1.0
37,water_gsolv_eV,69,1.0000001192092896,0.0,0.6651667302938706,0.6651667302938706,,,,1.0
37,water_gsolv_eV,70,1.0000001192092896,0.0,0.6651667302938706,0.6651667302938706,,,,1.0
37,water_gsolv_eV,71,1.0000001192092896,0.0,0.6651667302938706,0.6651667302938706,,,,1.0
37,water_gsolv_eV,72,1.0000001192092896,0.0,0.6651667302938706,0.6651667302938706,,,,1.0
37,water_gsolv_eV,73,1.0000001192092896,0.0,0.6651667302938706,0.6651667302938706,,,,1.0
37,water_gsolv_eV,74,1.0000001192092896,0.0,0.6651667302938706,0.6651667302938706,,,,1.0
37,water_gsolv_eV,75,1.0000001192092896,0.0,0.6651667302938706,0.6651667302938706,,,,1.0
37,water_gsolv_eV,76,1.0000001192092896,0.0,0.6651667302938706,0.6651667302938706,,,,1.0
37,water_gsolv_eV,77,1.0000001192092896,0.0,0.6651667302938706,0.6651667302938706,,,,1.0
37,water_gsolv_eV,78,1.0000001192092896,0.0,0.6651667302938706,0.6651667302938706,,,,1.0
37,water_gsolv_eV,79,1.0000001192092896,0.0,0.6651667302938706,0.6651667302938706,,,,1.0
37,water_gsolv_eV,80,1.0000001192092896,0.0,0.6651667302938706,0.6651667302938706,,,,1.0
37,water_gsolv_eV,81,1.0000001192092896,0.0,0.6651667302938706,0.6651667302938706,,,,1.0
37,water_gsolv_eV,82,1.0000001192092896,0.0,0.6651667302938706,0.6651667302938706,,,,1.0
37,water_gsolv_eV,83,1.0000001192092896,0.0,0.6651667302938706,0.6651667302938706,,,,1.0
37,water_gsolv_eV,84,1.0000001192092896,0.0,0.6651667302938706,0.6651667302938706,,,,1.0
37,water_gsolv_eV,85,1.0000001192092896,0.0,0.6651667302938706,0.6651667302938706,,,,1.0
37,water_gsolv_eV,86,1.0000001192092896,0.0,0.6651667302938706,0.6651667302938706,,,,1.0
37,water_gsolv_eV,87,1.0000001192092896,0.0,0.6651667302938706,0.6651667302938706,,,,1.0
37,water_gsolv_eV,88,1.0000001192092896,0.0,0.6651667302938706,0.6651667302938706,,,,1.0
37,water_gsolv_eV,89,1.0000001192092896,0.0,0.6651667302938706,0.6651667302938706,,,,1.0
37,water_gsolv_eV,90,1.0000001192092896,0.0,0.6651667302938706,0.6651667302938706,,,,1.0
37,water_gsolv_eV,91,1.0000001192092896,0.0,0.6651667302938706,0.6651667302938706,,,,1.0
37,water_gsolv_eV,92,1.0000001192092896,0.0,0.6651667302938706,0.6651667302938706,,,,1.0
37,water_gsolv_eV,93,1.0000001192092896,0.0,0.6651667302938706,0.6651667302938706,,,,1.0
37,water_gsolv_eV,94,1.0000001192092896,0.0,0.6651667302938706,0.6651667302938706,,,,1.0
37,water_gsolv_eV,95,1.0000001192092896,0.0,0.6651667302938706,0.6651667302938706,,,,1.0
37,water_gsolv_eV,96,1.0000001192092896,0.0,0.6651667302938706,0.6651667302938706,,,,1.0
37,water_gsolv_eV,97,1.0000001192092896,0.0,0.6651667302938706,0.6651667302938706,,,,1.0
37,water_gsolv_eV,98,1.0000001192092896,0.0,0.6651667302938706,0.6651667302938706,,,,1.0
37,water_gsolv_eV,99,1.0000001192092896,0.0,0.6651667302938706,0.6651667302938706,,,,1.0
37,water_gsolv_eV,100,1.0000001192092896,0.0,0.6651667302938706,0.6651667302938706,,,,1.0
37,water_gsolv_eV,101,1.0000001192092896,0.0,0.6651667302938706,0.6651667302938706,,,,1.0
37,water_gsolv_eV,102,1.0000001192092896,0.0,0.6651667302938706,0.6651667302938706,,,,1.0
37,water_gsolv_eV,103,1.0000001192092896,0.0,0.6651667302938706,0.6651667302938706,,,,1.0
37,water_gsolv_eV,104,1.0000001192092896,0.0,0.6651667302938706,0.6651667302938706,,,,1.0
37,water_gsolv_eV,105,1.0000001192092896,0.0,0.6651667302938706,0.6651667302938706,,,,1.0
37,water_gsolv_eV,106,1.0000001192092896,0.0,0.6651667302938706,0.6651667302938706,,,,1.0
37,water_gsolv_eV,107,1.0000001192092896,0.0,0.6651667302938706,0.6651667302938706,,,,1.0
37,water_gsolv_eV,108,1.0000001192092896,0.0,0.6651667302938706,0.6651667302938706,,,,1.0
37,water_gsolv_eV,109,1.0000001192092896,0.0,0.6651667302938706,0.6651667302938706,,,,1.0
37,water_gsolv_eV,110,1.0000001192092896,0.0,0.6651667302938706,0.6651667302938706,,,,1.0
37,water_gsolv_eV,111,1.0000001192092896,0.0,0.6651667302938706,0.6651667302938706,,,,1.0
37,water_gsolv_eV,112,1.0000001192092896,0.0,0.6651667302938706,0.6651667302938706,,,,1.0
37,water_gsolv_eV,113,1.0000001192092896,0.0,0.6651667302938706,0.6651667302938706,,,,1.0
37,water_gsolv_eV,114,1.0000001192092896,0.0,0.6651667302938706,0.6651667302938706,,,,1.0
37,water_gsolv_eV,115,1.0000001192092896,0.0,0.6651667302938706,0.6651667302938706,,,,1.0
37,water_gsolv_eV,116,1.0000001192092896,0.0,0.6651667302938706,0.6651667302938706,,,,1.0
37,water_gsolv_eV,117,1.0000001192092896,0.0,0.6651667302938706,0.6651667302938706,,,,1.0
37,water_gsolv_eV,118,1.0000001192092896,0.0,0.6651667302938706,0.6651667302938706,,,,1.0
37,water_gsolv_eV,119,1.0000001192092896,0.0,0.6651667302938706,0.6651667302938706,,,,1.0
37,water_gsolv_eV,120,1.0000001192092896,0.0,0.6651667302938706,0.6651667302938706,,,,1.0
37,water_gsolv_eV,121,1.0000001192092896,0.0,0.6651667302938706,0.6651667302938706,,,,1.0
37,water_gsolv_eV,122,1.0000001192092896,0.0,0.6651667302938706,0.6651667302938706,,,,1.0
37,water_gsolv_eV,123,1.0000001192092896,0.0,0.6651667302938706,0.6651667302938706,,,,1.0
37,water_gsolv_eV,124,1.0000001192092896,0.0,0.6651667302938706,0.6651667302938706,,,,1.0
37,water_gsolv_eV,125,1.0000001192092896,0.0,0.6651667302938706,0.6651667302938706,,,,1.0
37,water_gsolv_eV,126,1.0000001192092896,0.0,0.6651667302938706,0.6651667302938706,,,,1.0
37,water_gsolv_eV,127,1.0000001192092896,0.0,0.6651667302938706,0.6651667302938706,,,,1.0
37,water_gsolv_eV,128,1.0000001192092896,0.0,0.6651667302938706,0.6651667302938706,,,,1.0
37,water_gsolv_eV,129,1.0000001192092896,0.0,0.6651667302938706,0.6651667302938706,,,,1.0
37,water_gsolv_eV,130,1.0000001192092896,0.0,0.6651667302938706,0.6651667302938706,,,,1.0
37,water_gsolv_eV,131,1.0000001192092896,0.0,0.6651667302938706,0.6651667302938706,,,,1.0
37,water_gsolv_eV,132,1.0000001192092896,0.0,0.6651667302938706,0.6651667302938706,,,,1.0
37,water_gsolv_eV,133,1.0000001192092896,0.0,0.6651667302938706,0.6651667302938706,,,,1.0
37,water_gsolv_eV,134,1.0000001192092896,0.0,0.6651667302938706,0.6651667302938706,,,,1.0
37,water_gsolv_eV,135,1.0000001192092896,0.0,0.6651667302938706,0.6651667302938706,,,,1.0
37,water_gsolv_eV,136,1.0000001192092896,0.0,0.6651667302938706,0.6651667302938706,,,,1.0
37,water_gsolv_eV,137,1.0000001192092896,0.0,0.6651667302938706,0.6651667302938706,,,,1.0
37,water_gsolv_eV,138,1.0000001192092896,0.0,0.6651667302938706,0.6651667302938706,,,,1.0
37,water_gsolv_eV,139,1.0000001192092896,0.0,0.6651667302938706,0.6651667302938706,,,,1.0
37,water_gsolv_eV,140,1.0000001192092896,0.0,0.6651667302938706,0.6651667302938706,,,,1.0
37,water_gsolv_eV,141,1.0000001192092896,0.0,0.6651667302938706,0.6651667302938706,,,,1.0
37,water_gsolv_eV,142,1.0000001192092896,0.0,0.6651667302938706,0.6651667302938706,,,,1.0
37,water_gsolv_eV,143,1.0000001192092896,0.0,0.6651667302938706,0.6651667302938706,,,,1.0
37,water_gsolv_eV,144,1.0000001192092896,0.0,0.6651667302938706,0.6651667302938706,,,,1.0
37,water_gsolv_eV,145,1.0000001192092896,0.0,0.6651667302938706,0.6651667302938706,,,,1.0
37,water_gsolv_eV,146,1.0000001192092896,0.0,0.6651667302938706,0.6651667302938706,,,,1.0
37,water_gsolv_eV,147,1.0000001192092896,0.0,0.6651667302938706,0.6651667302938706,,,,1.0
37,water_gsolv_eV,148,1.0000001192092896,0.0,0.6651667302938706,0.6651667302938706,,,,1.0
37,water_gsolv_eV,149,1.0000001192092896,0.0,0.6651667302938706,0.6651667302938706,,,,1.0
37,water_gsolv_eV,150,1.0000001192092896,0.0,0.6651667302938706,0.6651667302938706,,,,1.0
37,water_gsolv_eV,151,1.0000001192092896,0.0,0.6651667302938706,0.6651667302938706,,,,1.0
37,water_gsolv_eV,152,1.0000001192092896,0.0,0.6651667302938706,0.6651667302938706,,,,1.0
37,water_gsolv_eV,153,1.0000001192092896,0.0,0.6651667302938706,0.6651667302938706,,,,1.0
37,water_gsolv_eV,154,1.0000001192092896,0.0,0.6651667302938706,0.6651667302938706,,,,1.0
37,water_gsolv_eV,155,1.0000001192092896,0.0,0.6651667302938706,0.6651667302938706,,,,1.0
37,water_gsolv_eV,156,1.0000001192092896,0.0,0.6651667302938706,0.6651667302938706,,,,1.0
37,water_gsolv_eV,157,1.0000001192092896,0.0,0.6651667302938706,0.6651667302938706,,,,1.0
37,water_gsolv_eV,158,1.0000001192092896,0.0,0.6651667302938706,0.6651667302938706,,,,1.0
37,water_gsolv_eV,159,1.0000001192092896,0.0,0.6651667302938706,0.6651667302938706,,,,1.0
37,water_gsolv_eV,160,1.0000001192092896,0.0,0.6651667302938706,0.6651667302938706,,,,1.0
37,water_gsolv_eV,161,1.0000001192092896,0.0,0.6651667302938706,0.6651667302938706,,,,1.0
37,water_gsolv_eV,162,1.0000001192092896,0.0,0.6651667302938706,0.6651667302938706,,,,1.0
37,water_gsolv_eV,163,1.0000001192092896,0.0,0.6651667302938706,0.6651667302938706,,,,1.0
37,water_gsolv_eV,164,1.0000001192092896,0.0,0.6651667302938706,0.6651667302938706,,,,1.0
37,water_gsolv_eV,165,1.0000001192092896,0.0,0.6651667302938706,0.6651667302938706,,,,1.0
37,water_gsolv_eV,166,1.0000001192092896,0.0,0.6651667302938706,0.6651667302938706,,,,1.0
37,water_gsolv_eV,167,1.0000001192092896,0.0,0.6651667302938706,0.6651667302938706,,,,1.0
37,water_gsolv_eV,168,1.0000001192092896,0.0,0.6651667302938706,0.6651667302938706,,,,1.0
37,water_gsolv_eV,169,1.0000001192092896,0.0,0.6651667302938706,0.6651667302938706,,,,1.0
37,water_gsolv_eV,170,1.0000001192092896,0.0,0.6651667302938706,0.6651667302938706,,,,1.0
37,water_gsolv_eV,171,1.0000001192092896,0.0,0.6651667302938706,0.6651667302938706,,,,1.0
37,water_gsolv_eV,172,1.0000001192092896,0.0,0.6651667302938706,0.6651667302938706,,,,1.0
37,water_gsolv_eV,173,1.0000001192092896,0.0,0.6651667302938706,0.6651667302938706,,,,1.0
37,water_gsolv_eV,174,1.0000001192092896,0.0,0.6651667302938706,0.6651667302938706,,,,1.0
37,water_gsolv_eV,175,1.0000001192092896,0.0,0.6651667302938706,0.6651667302938706,,,,1.0
37,water_gsolv_eV,176,1.0000001192092896,0.0,0.6651667302938706,0.6651667302938706,,,,1.0
37,water_gsolv_eV,177,1.0000001192092896,0.0,0.6651667302938706,0.6651667302938706,,,,1.0
37,water_gsolv_eV,178,1.0000001192092896,0.0,0.6651667302938706,0.6651667302938706,,,,1.0
37,water_gsolv_eV,179,1.0000001192092896,0.0,0.6651667302938706,0.6651667302938706,,,,1.0
37,water_gsolv_eV,180,1.0000001192092896,0.0,0.6651667302938706,0.6651667302938706,,,,1.0
37,water_gsolv_eV,181,1.0000001192092896,0.0,0.6651667302938706,0.6651667302938706,,,,1.0
37,water_gsolv_eV,182,1.0000001192092896,0.0,0.6651667302938706,0.6651667302938706,,,,1.0
37,water_gsolv_eV,183,1.0000001192092896,0.0,0.6651667302938706,0.6651667302938706,,,,1.0
37,water_gsolv_eV,184,1.0000001192092896,0.0,0.6651667302938706,0.6651667302938706,,,,1.0
37,water_gsolv_eV,185,1.0000001192092896,0.0,0.6651667302938706,0.6651667302938706,,,,1.0
37,water_gsolv_eV,186,1.0000001192092896,0.0,0.6651667302938706,0.6651667302938706,,,,1.0
37,water_gsolv_eV,187,1.0000001192092896,0.0,0.6651667302938706,0.6651667302938706,,,,1.0
37,water_gsolv_eV,188,1.0000001192092896,0.0,0.6651667302938706,0.6651667302938706,,,,1.0
37,water_gsolv_eV,189,1.0000001192092896,0.0,0.6651667302938706,0.6651667302938706,,,,1.0
37,water_gsolv_eV,190,1.0000001192092896,0.0,0.6651667302938706,0.6651667302938706,,,,1.0
37,water_gsolv_eV,191,1.0000001192092896,0.0,0.6651667302938706,0.6651667302938706,,,,1.0
37,water_gsolv_eV,192,1.0000001192092896,0.0,0.6651667302938706,0.6651667302938706,,,,1.0
37,water_gsolv_eV,193,1.0000001192092896,0.0,0.6651667302938706,0.6651667302938706,,,,1.0
37,water_gsolv_eV,194,1.0000001192092896,0.0,0.6651667302938706,0.6651667302938706,,,,1.0
37,water_gsolv_eV,195,1.0000001192092896,0.0,0.6651667302938706,0.6651667302938706,,,,1.0
37,water_gsolv_eV,196,1.0000001192092896,0.0,0.6651667302938706,0.6651667302938706,,,,1.0
37,water_gsolv_eV,197,1.0000001192092896,0.0,0.6651667302938706,0.6651667302938706,,,,1.0
37,water_gsolv_eV,198,1.0000001192092896,0.0,0.6651667302938706,0.6651667302938706,,,,1.0
37,water_gsolv_eV,199,1.0000001192092896,0.0,0.6651667302938706,0.6651667302938706,,,,1.0
37,water_gsolv_eV,200,1.0000001192092896,0.0,0.6651667302938706,0.6651667302938706,,,,1.0
37,water_gsolv_eV,201,1.0000001192092896,0.0,0.6651667302938706,0.6651667302938706,,,,1.0
37,water_gsolv_eV,202,1.0000001192092896,0.0,0.6651667302938706,0.6651667302938706,,,,1.0
37,water_gsolv_eV,203,1.0000001192092896,0.0,0.6651667302938706,0.6651667302938706,,,,1.0
37,water_gsolv_eV,204,1.0000001192092896,0.0,0.6651667302938706,0.6651667302938706,,,,1.0
37,water_gsolv_eV,205,1.0000001192092896,0.0,0.6651667302938706,0.6651667302938706,,,,1.0
37,water_gsolv_eV,206,1.0000001192092896,0.0,0.6651667302938706,0.6651667302938706,,,,1.0
37,water_gsolv_eV,207,1.0000001192092896,0.0,0.6651667302938706,0.6651667302938706,,,,1.0
37,water_gsolv_eV,208,1.0000001192092896,0.0,0.6651667302938706,0.6651667302938706,,,,1.0
37,water_gsolv_eV,209,1.0000001192092896,0.0,0.6651667302938706,0.6651667302938706,,,,1.0
37,water_gsolv_eV,210,1.0000001192092896,0.0,0.6651667302938706,0.6651667302938706,,,,1.0
37,water_gsolv_eV,211,1.0000001192092896,0.0,0.6651667302938706,0.6651667302938706,,,,1.0
37,water_gsolv_eV,212,1.0000001192092896,0.0,0.6651667302938706,0.6651667302938706,,,,1.0
37,water_gsolv_eV,213,1.0000001192092896,0.0,0.6651667302938706,0.6651667302938706,,,,1.0
37,water_gsolv_eV,214,1.0000001192092896,0.0,0.6651667302938706,0.6651667302938706,,,,1.0
37,water_gsolv_eV,215,1.0000001192092896,0.0,0.6651667302938706,0.6651667302938706,,,,1.0
37,water_gsolv_eV,216,1.0000001192092896,0.0,0.6651667302938706,0.6651667302938706,,,,1.0
37,water_gsolv_eV,217,1.0000001192092896,0.0,0.6651667302938706,0.6651667302938706,,,,1.0
37,water_gsolv_eV,218,1.0000001192092896,0.0,0.6651667302938706,0.6651667302938706,,,,1.0
37,water_gsolv_eV,219,1.0000001192092896,0.0,0.6651667302938706,0.6651667302938706,,,,1.0
37,water_gsolv_eV,220,1.0000001192092896,0.0,0.6651667302938706,0.6651667302938706,,,,1.0
37,water_gsolv_eV,221,1.0000001192092896,0.0,0.6651667302938706,0.6651667302938706,,,,1.0
37,water_gsolv_eV,222,1.0000001192092896,0.0,0.6651667302938706,0.6651667302938706,,,,1.0
37,water_gsolv_eV,223,1.0000001192092896,0.0,0.6651667302938706,0.6651667302938706,,,,1.0
37,water_gsolv_eV,224,1.0000001192092896,0.0,0.6651667302938706,0.6651667302938706,,,,1.0
37,water_gsolv_eV,225,1.0000001192092896,0.0,0.6651667302938706,0.6651667302938706,,,,1.0
37,water_gsolv_eV,226,1.0000001192092896,0.0,0.6651667302938706,0.6651667302938706,,,,1.0
37,water_gsolv_eV,227,1.0000001192092896,0.0,0.6651667302938706,0.6651667302938706,,,,1.0
37,water_gsolv_eV,228,1.0000001192092896,0.0,0.6651667302938706,0.6651667302938706,,,,1.0
37,water_gsolv_eV,229,1.0000001192092896,0.0,0.6651667302938706,0.6651667302938706,,,,1.0
37,water_gsolv_eV,230,1.0000001192092896,0.0,0.6651667302938706,0.6651667302938706,,,,1.0
37,water_gsolv_eV,231,1.0000001192092896,0.0,0.6651667302938706,0.6651667302938706,,,,1.0
37,water_gsolv_eV,232,1.0000001192092896,0.0,0.6651667302938706,0.6651667302938706,,,,1.0
37,water_gsolv_eV,233,1.0000001192092896,0.0,0.6651667302938706,0.6651667302938706,,,,1.0
37,water_gsolv_eV,234,1.0000001192092896,0.0,0.6651667302938706,0.6651667302938706,,,,1.0
37,water_gsolv_eV,235,1.0000001192092896,0.0,0.6651667302938706,0.6651667302938706,,,,1.0
37,water_gsolv_eV,236,1.0000001192092896,0.0,0.6651667302938706,0.6651667302938706,,,,1.0
37,water_gsolv_eV,237,1.0000001192092896,0.0,0.6651667302938706,0.6651667302938706,,,,1.0
37,water_gsolv_eV,238,1.0000001192092896,0.0,0.6651667302938706,0.6651667302938706,,,,1.0
37,water_gsolv_eV,239,1.0000001192092896,0.0,0.6651667302938706,0.6651667302938706,,,,1.0
37,water_gsolv_eV,240,1.0000001192092896,0.0,0.6651667302938706,0.6651667302938706,,,,1.0
37,water_gsolv_eV,241,1.0000001192092896,0.0,0.6651667302938706,0.6651667302938706,,,,1.0
37,water_gsolv_eV,242,1.0000001192092896,0.0,0.6651667302938706,0.6651667302938706,,,,1.0
37,water_gsolv_eV,243,1.0000001192092896,0.0,0.6651667302938706,0.6651667302938706,,,,1.0
37,water_gsolv_eV,244,1.0000001192092896,0.0,0.6651667302938706,0.6651667302938706,,,,1.0
37,water_gsolv_eV,245,1.0000001192092896,0.0,0.6651667302938706,0.6651667302938706,,,,1.0
37,water_gsolv_eV,246,1.0000001192092896,0.0,0.6651667302938706,0.6651667302938706,,,,1.0
37,water_gsolv_eV,247,1.0000001192092896,0.0,0.6651667302938706,0.6651667302938706,,,,1.0
37,water_gsolv_eV,248,1.0000001192092896,0.0,0.6651667302938706,0.6651667302938706,,,,1.0
37,water_gsolv_eV,249,1.0000001192092896,0.0,0.6651667302938706,0.6651667302938706,,,,1.0
37,water_hl_gap_eV,0,1.0,0.0,0.7117077890260297,0.7117077890260297,,,,1.0
37,water_hl_gap_eV,1,1.0,0.0,0.7117077890260297,0.7117077890260297,,,,1.0
37,water_hl_gap_eV,2,1.0,0.0,0.7117077890260297,0.7117077890260297,,,,1.0
37,water_hl_gap_eV,3,1.0,0.0,0.7117077890260297,0.7117077890260297,,,,1.0
37,water_hl_gap_eV,4,1.0,0.0,0.7117077890260297,0.7117077890260297,,,,1.0
37,water_hl_gap_eV,5,1.0,0.0,0.7117077890260297,0.7117077890260297,,,,1.0
37,water_hl_gap_eV,6,1.0,0.0,0.7117077890260297,0.7117077890260297,,,,1.0
37,water_hl_gap_eV,7,1.0,0.0,0.7117077890260297,0.7117077890260297,,,,1.0
37,water_hl_gap_eV,8,1.0,0.0,0.7117077890260297,0.7117077890260297,,,,1.0
37,water_hl_gap_eV,9,1.0,0.0,0.7117077890260297,0.7117077890260297,,,,1.0
37,water_hl_gap_eV,10,1.0,0.0,0.7117077890260297,0.7117077890260297,,,,1.0
37,water_hl_gap_eV,11,1.0,0.0,0.7117077890260297,0.7117077890260297,,,,1.0
37,water_hl_gap_eV,12,1.0,0.0,0.7117077890260297,0.7117077890260297,,,,1.0
37,water_hl_gap_eV,13,1.0,0.0,0.7117077890260297,0.7117077890260297,,,,1.0
37,water_hl_gap_eV,14,1.0,0.0,0.7117077890260297,0.7117077890260297,,,,1.0
37,water_hl_gap_eV,15,1.0,0.0,0.7117077890260297,0.7117077890260297,,,,1.0
37,water_hl_gap_eV,16,1.0,0.0,0.7117077890260297,0.7117077890260297,,,,1.0
37,water_hl_gap_eV,17,1.0,0.0,0.7117077890260297,0.7117077890260297,,,,1.0
37,water_hl_gap_eV,18,1.0,0.0,0.7117077890260297,0.7117077890260297,,,,1.0
37,water_hl_gap_eV,19,1.0,0.0,0.7117077890260297,0.7117077890260297,,,,1.0
37,water_hl_gap_eV,20,1.0,0.0,0.7117077890260297,0.7117077890260297,,,,1.0
37,water_hl_gap_eV,21,1.0,0.0,0.7117077890260297,0.7117077890260297,,,,1.0
37,water_hl_gap_eV,22,1.0,0.0,0.7117077890260297,0.7117077890260297,,,,1.0
37,water_hl_gap_eV,23,1.0,0.0,0.7117077890260297,0.7117077890260297,,,,1.0
37,water_hl_gap_eV,24,1.0,0.0,0.7117077890260297,0.7117077890260297,,,,1.0
37,water_hl_gap_eV,25,1.0,0.0,0.7117077890260297,0.7117077890260297,,,,1.0
37,water_hl_gap_eV,26,1.0,0.0,0.7117077890260297,0.7117077890260297,,,,1.0
37,water_hl_gap_eV,27,1.0,0.0,0.7117077890260297,0.7117077890260297,,,,1.0
37,water_hl_gap_eV,28,1.0,0.0,0.7117077890260297,0.7117077890260297,,,,1.0
37,water_hl_gap_eV,29,1.0,0.0,0.7117077890260297,0.7117077890260297,,,,1.0
37,water_hl_gap_eV,30,1.0,0.0,0.7117077890260297,0.7117077890260297,,,,1.0
37,water_hl_gap_eV,31,1.0,0.0,0.7117077890260297,0.7117077890260297,,,,1.0
37,water_hl_gap_eV,32,1.0,0.0,0.7117077890260297,0.7117077890260297,,,,1.0
37,water_hl_gap_eV,33,1.0,0.0,0.7117077890260297,0.7117077890260297,,,,1.0
37,water_hl_gap_eV,34,1.0,0.0,0.7117077890260297,0.7117077890260297,,,,1.0
37,water_hl_gap_eV,35,1.0,0.0,0.7117077890260297,0.7117077890260297,,,,1.0
37,water_hl_gap_eV,36,1.0,0.0,0.7117077890260297,0.7117077890260297,,,,1.0
37,water_hl_gap_eV,37,1.0,0.0,0.7117077890260297,0.7117077890260297,,,,1.0
37,water_hl_gap_eV,38,1.0,0.0,0.7117077890260297,0.7117077890260297,,,,1.0
37,water_hl_gap_eV,39,1.0,0.0,0.7117077890260297,0.7117077890260297,,,,1.0
37,water_hl_gap_eV,40,1.0,0.0,0.7117077890260297,0.7117077890260297,,,,1.0
37,water_hl_gap_eV,41,1.0,0.0,0.7117077890260297,0.7117077890260297,,,,1.0
37,water_hl_gap_eV,42,1.0,0.0,0.7117077890260297,0.7117077890260297,,,,1.0
37,water_hl_gap_eV,43,1.0,0.0,0.7117077890260297,0.7117077890260297,,,,1.0
37,water_hl_gap_eV,44,1.0,0.0,0.7117077890260297,0.7117077890260297,,,,1.0
37,water_hl_gap_eV,45,1.0,0.0,0.7117077890260297,0.7117077890260297,,,,1.0
37,water_hl_gap_eV,46,1.0,0.0,0.7117077890260297,0.7117077890260297,,,,1.0
37,water_hl_gap_eV,47,1.0,0.0,0.7117077890260297,0.7117077890260297,,,,1.0
37,water_hl_gap_eV,48,1.0,0.0,0.7117077890260297,0.7117077890260297,,,,1.0
37,water_hl_gap_eV,49,1.0,0.0,0.7117077890260297,0.7117077890260297,,,,1.0
37,water_hl_gap_eV,50,1.0,0.0,0.7117077890260297,0.7117077890260297,,,,1.0
37,water_hl_gap_eV,51,1.0,0.0,0.7117077890260297,0.7117077890260297,,,,1.0
37,water_hl_gap_eV,52,1.0,0.0,0.7117077890260297,0.7117077890260297,,,,1.0
37,water_hl_gap_eV,53,1.0,0.0,0.7117077890260297,0.7117077890260297,,,,1.0
37,water_hl_gap_eV,54,1.0,0.0,0.7117077890260297,0.7117077890260297,,,,1.0
37,water_hl_gap_eV,55,1.0,0.0,0.7117077890260297,0.7117077890260297,,,,1.0
37,water_hl_gap_eV,56,1.0,0.0,0.7117077890260297,0.7117077890260297,,,,1.0
37,water_hl_gap_eV,57,1.0,0.0,0.7117077890260297,0.7117077890260297,,,,1.0
37,water_hl_gap_eV,58,1.0,0.0,0.7117077890260297,0.7117077890260297,,,,1.0
37,water_hl_gap_eV,59,1.0,0.0,0.7117077890260297,0.7117077890260297,,,,1.0
37,water_hl_gap_eV,60,1.0,0.0,0.7117077890260297,0.7117077890260297,,,,1.0
37,water_hl_gap_eV,61,1.0,0.0,0.7117077890260297,0.7117077890260297,,,,1.0
37,water_hl_gap_eV,62,1.0,0.0,0.7117077890260297,0.7117077890260297,,,,1.0
37,water_hl_gap_eV,63,1.0,0.0,0.7117077890260297,0.7117077890260297,,,,1.0
37,water_hl_gap_eV,64,1.0,0.0,0.7117077890260297,0.7117077890260297,,,,1.0
37,water_hl_gap_eV,65,1.0,0.0,0.7117077890260297,0.7117077890260297,,,,1.0
37,water_hl_gap_eV,66,1.0,0.0,0.7117077890260297,0.7117077890260297,,,,1.0
37,water_hl_gap_eV,67,1.0,0.0,0.7117077890260297,0.7117077890260297,,,,1.0
37,water_hl_gap_eV,68,1.0,0.0,0.7117077890260297,0.7117077890260297,,,,1.0
37,water_hl_gap_eV,69,1.0,0.0,0.7117077890260297,0.7117077890260297,,,,1.0
37,water_hl_gap_eV,70,1.0,0.0,0.7117077890260297,0.7117077890260297,,,,1.0
37,water_hl_gap_eV,71,1.0,0.0,0.7117077890260297,0.7117077890260297,,,,1.0
37,water_hl_gap_eV,72,1.0,0.0,0.7117077890260297,0.7117077890260297,,,,1.0
37,water_hl_gap_eV,73,1.0,0.0,0.7117077890260297,0.7117077890260297,,,,1.0
37,water_hl_gap_eV,74,1.0,0.0,0.7117077890260297,0.7117077890260297,,,,1.0
37,water_hl_gap_eV,75,1.0,0.0,0.7117077890260297,0.7117077890260297,,,,1.0
37,water_hl_gap_eV,76,1.0,0.0,0.7117077890260297,0.7117077890260297,,,,1.0
37,water_hl_gap_eV,77,1.0,0.0,0.7117077890260297,0.7117077890260297,,,,1.0
37,water_hl_gap_eV,78,1.0,0.0,0.7117077890260297,0.7117077890260297,,,,1.0
37,water_hl_gap_eV,79,1.0,0.0,0.7117077890260297,0.7117077890260297,,,,1.0
37,water_hl_gap_eV,80,1.0,0.0,0.7117077890260297,0.7117077890260297,,,,1.0
37,water_hl_gap_eV,81,1.0,0.0,0.7117077890260297,0.7117077890260297,,,,1.0
37,water_hl_gap_eV,82,1.0,0.0,0.7117077890260297,0.7117077890260297,,,,1.0
37,water_hl_gap_eV,83,1.0,0.0,0.7117077890260297,0.7117077890260297,,,,1.0
37,water_hl_gap_eV,84,1.0,0.0,0.7117077890260297,0.7117077890260297,,,,1.0
37,water_hl_gap_eV,85,1.0,0.0,0.7117077890260297,0.7117077890260297,,,,1.0
37,water_hl_gap_eV,86,1.0,0.0,0.7117077890260297,0.7117077890260297,,,,1.0
37,water_hl_gap_eV,87,1.0,0.0,0.7117077890260297,0.7117077890260297,,,,1.0
37,water_hl_gap_eV,88,1.0,0.0,0.7117077890260297,0.7117077890260297,,,,1.0
37,water_hl_gap_eV,89,1.0,0.0,0.7117077890260297,0.7117077890260297,,,,1.0
37,water_hl_gap_eV,90,1.0,0.0,0.7117077890260297,0.7117077890260297,,,,1.0
37,water_hl_gap_eV,91,1.0,0.0,0.7117077890260297,0.7117077890260297,,,,1.0
37,water_hl_gap_eV,92,1.0,0.0,0.7117077890260297,0.7117077890260297,,,,1.0
37,water_hl_gap_eV,93,1.0,0.0,0.7117077890260297,0.7117077890260297,,,,1.0
37,water_hl_gap_eV,94,1.0,0.0,0.7117077890260297,0.7117077890260297,,,,1.0
37,water_hl_gap_eV,95,1.0,0.0,0.7117077890260297,0.7117077890260297,,,,1.0
37,water_hl_gap_eV,96,1.0,0.0,0.7117077890260297,0.7117077890260297,,,,1.0
37,water_hl_gap_eV,97,1.0,0.0,0.7117077890260297,0.7117077890260297,,,,1.0
37,water_hl_gap_eV,98,1.0,0.0,0.7117077890260297,0.7117077890260297,,,,1.0
37,water_hl_gap_eV,99,1.0,0.0,0.7117077890260297,0.7117077890260297,,,,1.0
37,water_hl_gap_eV,100,1.0,0.0,0.7117077890260297,0.7117077890260297,,,,1.0
37,water_hl_gap_eV,101,1.0,0.0,0.7117077890260297,0.7117077890260297,,,,1.0
37,water_hl_gap_eV,102,1.0,0.0,0.7117077890260297,0.7117077890260297,,,,1.0
37,water_hl_gap_eV,103,1.0,0.0,0.7117077890260297,0.7117077890260297,,,,1.0
37,water_hl_gap_eV,104,1.0,0.0,0.7117077890260297,0.7117077890260297,,,,1.0
37,water_hl_gap_eV,105,1.0,0.0,0.7117077890260297,0.7117077890260297,,,,1.0
37,water_hl_gap_eV,106,1.0,0.0,0.7117077890260297,0.7117077890260297,,,,1.0
37,water_hl_gap_eV,107,1.0,0.0,0.7117077890260297,0.7117077890260297,,,,1.0
37,water_hl_gap_eV,108,1.0,0.0,0.7117077890260297,0.7117077890260297,,,,1.0
37,water_hl_gap_eV,109,1.0,0.0,0.7117077890260297,0.7117077890260297,,,,1.0
37,water_hl_gap_eV,110,1.0,0.0,0.7117077890260297,0.7117077890260297,,,,1.0
37,water_hl_gap_eV,111,1.0,0.0,0.7117077890260297,0.7117077890260297,,,,1.0
37,water_hl_gap_eV,112,1.0,0.0,0.7117077890260297,0.7117077890260297,,,,1.0
37,water_hl_gap_eV,113,1.0,0.0,0.7117077890260297,0.7117077890260297,,,,1.0
37,water_hl_gap_eV,114,1.0,0.0,0.7117077890260297,0.7117077890260297,,,,1.0
37,water_hl_gap_eV,115,1.0,0.0,0.7117077890260297,0.7117077890260297,,,,1.0
37,water_hl_gap_eV,116,1.0,0.0,0.7117077890260297,0.7117077890260297,,,,1.0
37,water_hl_gap_eV,117,1.0,0.0,0.7117077890260297,0.7117077890260297,,,,1.0
37,water_hl_gap_eV,118,1.0,0.0,0.7117077890260297,0.7117077890260297,,,,1.0
37,water_hl_gap_eV,119,1.0,0.0,0.7117077890260297,0.7117077890260297,,,,1.0
37,water_hl_gap_eV,120,1.0,0.0,0.7117077890260297,0.7117077890260297,,,,1.0
37,water_hl_gap_eV,121,1.0,0.0,0.7117077890260297,0.7117077890260297,,,,1.0
37,water_hl_gap_eV,122,1.0,0.0,0.7117077890260297,0.7117077890260297,,,,1.0
37,water_hl_gap_eV,123,1.0,0.0,0.7117077890260297,0.7117077890260297,,,,1.0
37,water_hl_gap_eV,124,1.0,0.0,0.7117077890260297,0.7117077890260297,,,,1.0
37,water_hl_gap_eV,125,1.0,0.0,0.7117077890260297,0.7117077890260297,,,,1.0
37,water_hl_gap_eV,126,1.0,0.0,0.7117077890260297,0.7117077890260297,,,,1.0
37,water_hl_gap_eV,127,1.0,0.0,0.7117077890260297,0.7117077890260297,,,,1.0
37,water_hl_gap_eV,128,1.0,0.0,0.7117077890260297,0.7117077890260297,,,,1.0
37,water_hl_gap_eV,129,1.0,0.0,0.7117077890260297,0.7117077890260297,,,,1.0
37,water_hl_gap_eV,130,1.0,0.0,0.7117077890260297,0.7117077890260297,,,,1.0
37,water_hl_gap_eV,131,1.0,0.0,0.7117077890260297,0.7117077890260297,,,,1.0
37,water_hl_gap_eV,132,1.0,0.0,0.7117077890260297,0.7117077890260297,,,,1.0
37,water_hl_gap_eV,133,1.0,0.0,0.7117077890260297,0.7117077890260297,,,,1.0
37,water_hl_gap_eV,134,1.0,0.0,0.7117077890260297,0.7117077890260297,,,,1.0
37,water_hl_gap_eV,135,1.0,0.0,0.7117077890260297,0.7117077890260297,,,,1.0
37,water_hl_gap_eV,136,1.0,0.0,0.7117077890260297,0.7117077890260297,,,,1.0
37,water_hl_gap_eV,137,1.0,0.0,0.7117077890260297,0.7117077890260297,,,,1.0
37,water_hl_gap_eV,138,1.0,0.0,0.7117077890260297,0.7117077890260297,,,,1.0
37,water_hl_gap_eV,139,1.0,0.0,0.7117077890260297,0.7117077890260297,,,,1.0
37,water_hl_gap_eV,140,1.0,0.0,0.7117077890260297,0.7117077890260297,,,,1.0
37,water_hl_gap_eV,141,1.0,0.0,0.7117077890260297,0.7117077890260297,,,,1.0
37,water_hl_gap_eV,142,1.0,0.0,0.7117077890260297,0.7117077890260297,,,,1.0
37,water_hl_gap_eV,143,1.0,0.0,0.7117077890260297,0.7117077890260297,,,,1.0
37,water_hl_gap_eV,144,1.0,0.0,0.7117077890260297,0.7117077890260297,,,,1.0
37,water_hl_gap_eV,145,1.0,0.0,0.7117077890260297,0.7117077890260297,,,,1.0
37,water_hl_gap_eV,146,1.0,0.0,0.7117077890260297,0.7117077890260297,,,,1.0
37,water_hl_gap_eV,147,1.0,0.0,0.7117077890260297,0.7117077890260297,,,,1.0
37,water_hl_gap_eV,148,1.0,0.0,0.7117077890260297,0.7117077890260297,,,,1.0
37,water_hl_gap_eV,149,1.0,0.0,0.7117077890260297,0.7117077890260297,,,,1.0
37,water_hl_gap_eV,150,1.0,0.0,0.7117077890260297,0.7117077890260297,,,,1.0
37,water_hl_gap_eV,151,1.0,0.0,0.7117077890260297,0.7117077890260297,,,,1.0
37,water_hl_gap_eV,152,1.0,0.0,0.7117077890260297,0.7117077890260297,,,,1.0
37,water_hl_gap_eV,153,1.0,0.0,0.7117077890260297,0.7117077890260297,,,,1.0
37,water_hl_gap_eV,154,1.0,0.0,0.7117077890260297,0.7117077890260297,,,,1.0
37,water_hl_gap_eV,155,1.0,0.0,0.7117077890260297,0.7117077890260297,,,,1.0
37,water_hl_gap_eV,156,1.0,0.0,0.7117077890260297,0.7117077890260297,,,,1.0
37,water_hl_gap_eV,157,1.0,0.0,0.7117077890260297,0.7117077890260297,,,,1.0
37,water_hl_gap_eV,158,1.0,0.0,0.7117077890260297,0.7117077890260297,,,,1.0
37,water_hl_gap_eV,159,1.0,0.0,0.7117077890260297,0.7117077890260297,,,,1.0
37,water_hl_gap_eV,160,1.0,0.0,0.7117077890260297,0.7117077890260297,,,,1.0
37,water_hl_gap_eV,161,1.0,0.0,0.7117077890260297,0.7117077890260297,,,,1.0
37,water_hl_gap_eV,162,1.0,0.0,0.7117077890260297,0.7117077890260297,,,,1.0
37,water_hl_gap_eV,163,1.0,0.0,0.7117077890260297,0.7117077890260297,,,,1.0
37,water_hl_gap_eV,164,1.0,0.0,0.7117077890260297,0.7117077890260297,,,,1.0
37,water_hl_gap_eV,165,1.0,0.0,0.7117077890260297,0.7117077890260297,,,,1.0
37,water_hl_gap_eV,166,1.0,0.0,0.7117077890260297,0.7117077890260297,,,,1.0
37,water_hl_gap_eV,167,1.0,0.0,0.7117077890260297,0.7117077890260297,,,,1.0
37,water_hl_gap_eV,168,1.0,0.0,0.7117077890260297,0.7117077890260297,,,,1.0
37,water_hl_gap_eV,169,1.0,0.0,0.7117077890260297,0.7117077890260297,,,,1.0
37,water_hl_gap_eV,170,1.0,0.0,0.7117077890260297,0.7117077890260297,,,,1.0
37,water_hl_gap_eV,171,1.0,0.0,0.7117077890260297,0.7117077890260297,,,,1.0
37,water_hl_gap_eV,172,1.0,0.0,0.7117077890260297,0.7117077890260297,,,,1.0
37,water_hl_gap_eV,173,1.0,0.0,0.7117077890260297,0.7117077890260297,,,,1.0
37,water_hl_gap_eV,174,1.0,0.0,0.7117077890260297,0.7117077890260297,,,,1.0
37,water_hl_gap_eV,175,1.0,0.0,0.7117077890260297,0.7117077890260297,,,,1.0
37,water_hl_gap_eV,176,1.0,0.0,0.7117077890260297,0.7117077890260297,,,,1.0
37,water_hl_gap_eV,177,1.0,0.0,0.7117077890260297,0.7117077890260297,,,,1.0
37,water_hl_gap_eV,178,1.0,0.0,0.7117077890260297,0.7117077890260297,,,,1.0
37,water_hl_gap_eV,179,1.0,0.0,0.7117077890260297,0.7117077890260297,,,,1.0
37,water_hl_gap_eV,180,1.0,0.0,0.7117077890260297,0.7117077890260297,,,,1.0
37,water_hl_gap_eV,181,1.0,0.0,0.7117077890260297,0.7117077890260297,,,,1.0
37,water_hl_gap_eV,182,1.0,0.0,0.7117077890260297,0.7117077890260297,,,,1.0
37,water_hl_gap_eV,183,1.0,0.0,0.7117077890260297,0.7117077890260297,,,,1.0
37,water_hl_gap_eV,184,1.0,0.0,0.7117077890260297,0.7117077890260297,,,,1.0
37,water_hl_gap_eV,185,1.0,0.0,0.7117077890260297,0.7117077890260297,,,,1.0
37,water_hl_gap_eV,186,1.0,0.0,0.7117077890260297,0.7117077890260297,,,,1.0
37,water_hl_gap_eV,187,1.0,0.0,0.7117077890260297,0.7117077890260297,,,,1.0
37,water_hl_gap_eV,188,1.0,0.0,0.7117077890260297,0.7117077890260297,,,,1.0
37,water_hl_gap_eV,189,1.0,0.0,0.7117077890260297,0.7117077890260297,,,,1.0
37,water_hl_gap_eV,190,1.0,0.0,0.7117077890260297,0.7117077890260297,,,,1.0
37,water_hl_gap_eV,191,1.0,0.0,0.7117077890260297,0.7117077890260297,,,,1.0
37,water_hl_gap_eV,192,1.0,0.0,0.7117077890260297,0.7117077890260297,,,,1.0
37,water_hl_gap_eV,193,1.0,0.0,0.7117077890260297,0.7117077890260297,,,,1.0
37,water_hl_gap_eV,194,1.0,0.0,0.7117077890260297,0.7117077890260297,,,,1.0
37,water_hl_gap_eV,195,1.0,0.0,0.7117077890260297,0.7117077890260297,,,,1.0
37,water_hl_gap_eV,196,1.0,0.0,0.7117077890260297,0.7117077890260297,,,,1.0
37,water_hl_gap_eV,197,1.0,0.0,0.7117077890260297,0.7117077890260297,,,,1.0
37,water_hl_gap_eV,198,1.0,0.0,0.7117077890260297,0.7117077890260297,,,,1.0
37,water_hl_gap_eV,199,1.0,0.0,0.7117077890260297,0.7117077890260297,,,,1.0
37,water_hl_gap_eV,200,1.0,0.0,0.7117077890260297,0.7117077890260297,,,,1.0
37,water_hl_gap_eV,201,1.0,0.0,0.7117077890260297,0.7117077890260297,,,,1.0
37,water_hl_gap_eV,202,1.0,0.0,0.7117077890260297,0.7117077890260297,,,,1.0
37,water_hl_gap_eV,203,1.0,0.0,0.7117077890260297,0.7117077890260297,,,,1.0
37,water_hl_gap_eV,204,1.0,0.0,0.7117077890260297,0.7117077890260297,,,,1.0
37,water_hl_gap_eV,205,1.0,0.0,0.7117077890260297,0.7117077890260297,,,,1.0
37,water_hl_gap_eV,206,1.0,0.0,0.7117077890260297,0.7117077890260297,,,,1.0
37,water_hl_gap_eV,207,1.0,0.0,0.7117077890260297,0.7117077890260297,,,,1.0
37,water_hl_gap_eV,208,1.0,0.0,0.7117077890260297,0.7117077890260297,,,,1.0
37,water_hl_gap_eV,209,1.0,0.0,0.7117077890260297,0.7117077890260297,,,,1.0
37,water_hl_gap_eV,210,1.0,0.0,0.7117077890260297,0.7117077890260297,,,,1.0
37,water_hl_gap_eV,211,1.0,0.0,0.7117077890260297,0.7117077890260297,,,,1.0
37,water_hl_gap_eV,212,1.0,0.0,0.7117077890260297,0.7117077890260297,,,,1.0
37,water_hl_gap_eV,213,1.0,0.0,0.7117077890260297,0.7117077890260297,,,,1.0
37,water_hl_gap_eV,214,1.0,0.0,0.7117077890260297,0.7117077890260297,,,,1.0
37,water_hl_gap_eV,215,1.0,0.0,0.7117077890260297,0.7117077890260297,,,,1.0
37,water_hl_gap_eV,216,1.0,0.0,0.7117077890260297,0.7117077890260297,,,,1.0
37,water_hl_gap_eV,217,1.0,0.0,0.7117077890260297,0.7117077890260297,,,,1.0
37,water_hl_gap_eV,218,1.0,0.0,0.7117077890260297,0.7117077890260297,,,,1.0
37,water_hl_gap_eV,219,1.0,0.0,0.7117077890260297,0.7117077890260297,,,,1.0
37,water_hl_gap_eV,220,1.0,0.0,0.7117077890260297,0.7117077890260297,,,,1.0
37,water_hl_gap_eV,221,1.0,0.0,0.7117077890260297,0.7117077890260297,,,,1.0
37,water_hl_gap_eV,222,1.0,0.0,0.7117077890260297,0.7117077890260297,,,,1.0
37,water_hl_gap_eV,223,1.0,0.0,0.7117077890260297,0.7117077890260297,,,,1.0
37,water_hl_gap_eV,224,1.0,0.0,0.7117077890260297,0.7117077890260297,,,,1.0
37,water_hl_gap_eV,225,1.0,0.0,0.7117077890260297,0.7117077890260297,,,,1.0
37,water_hl_gap_eV,226,1.0,0.0,0.7117077890260297,0.7117077890260297,,,,1.0
37,water_hl_gap_eV,227,1.0,0.0,0.7117077890260297,0.7117077890260297,,,,1.0
37,water_hl_gap_eV,228,1.0,0.0,0.7117077890260297,0.7117077890260297,,,,1.0
37,water_hl_gap_eV,229,1.0,0.0,0.7117077890260297,0.7117077890260297,,,,1.0
37,water_hl_gap_eV,230,1.0,0.0,0.7117077890260297,0.7117077890260297,,,,1.0
37,water_hl_gap_eV,231,1.0,0.0,0.7117077890260297,0.7117077890260297,,,,1.0
37,water_hl_gap_eV,232,1.0,0.0,0.7117077890260297,0.7117077890260297,,,,1.0
37,water_hl_gap_eV,233,1.0,0.0,0.7117077890260297,0.7117077890260297,,,,1.0
37,water_hl_gap_eV,234,1.0,0.0,0.7117077890260297,0.7117077890260297,,,,1.0
37,water_hl_gap_eV,235,1.0,0.0,0.7117077890260297,0.7117077890260297,,,,1.0
37,water_hl_gap_eV,236,1.0,0.0,0.7117077890260297,0.7117077890260297,,,,1.0
37,water_hl_gap_eV,237,1.0,0.0,0.7117077890260297,0.7117077890260297,,,,1.0
37,water_hl_gap_eV,238,1.0,0.0,0.7117077890260297,0.7117077890260297,,,,1.0
37,water_hl_gap_eV,239,1.0,0.0,0.7117077890260297,0.7117077890260297,,,,1.0
37,water_hl_gap_eV,240,1.0,0.0,0.7117077890260297,0.7117077890260297,,,,1.0
37,water_hl_gap_eV,241,1.0,0.0,0.7117077890260297,0.7117077890260297,,,,1.0
37,water_hl_gap_eV,242,1.0,0.0,0.7117077890260297,0.7117077890260297,,,,1.0
37,water_hl_gap_eV,243,1.0,0.0,0.7117077890260297,0.7117077890260297,,,,1.0
37,water_hl_gap_eV,244,1.0,0.0,0.7117077890260297,0.7117077890260297,,,,1.0
37,water_hl_gap_eV,245,1.0,0.0,0.7117077890260297,0.7117077890260297,,,,1.0
37,water_hl_gap_eV,246,1.0,0.0,0.7117077890260297,0.7117077890260297,,,,1.0
37,water_hl_gap_eV,247,1.0,0.0,0.7117077890260297,0.7117077890260297,,,,1.0
37,water_hl_gap_eV,248,1.0,0.0,0.7117077890260297,0.7117077890260297,,,,1.0
37,water_hl_gap_eV,249,1.0,0.0,0.7117077890260297,0.7117077890260297,,,,1.0
37,water_dipole,0,1.0,0.0,0.5771427800611586,0.5771427800611586,,,,1.0
37,water_dipole,1,1.0,0.0,0.5771427800611586,0.5771427800611586,,,,1.0
37,water_dipole,2,1.0,0.0,0.5771427800611586,0.5771427800611586,,,,1.0
37,water_dipole,3,1.0,0.0,0.5771427800611586,0.5771427800611586,,,,1.0
37,water_dipole,4,1.0,0.0,0.5771427800611586,0.5771427800611586,,,,1.0
37,water_dipole,5,1.0,0.0,0.5771427800611586,0.5771427800611586,,,,1.0
37,water_dipole,6,1.0,0.0,0.5771427800611586,0.5771427800611586,,,,1.0
37,water_dipole,7,1.0,0.0,0.5771427800611586,0.5771427800611586,,,,1.0
37,water_dipole,8,1.0,0.0,0.5771427800611586,0.5771427800611586,,,,1.0
37,water_dipole,9,1.0,0.0,0.5771427800611586,0.5771427800611586,,,,1.0
37,water_dipole,10,1.0,0.0,0.5771427800611586,0.5771427800611586,,,,1.0
37,water_dipole,11,1.0,0.0,0.5771427800611586,0.5771427800611586,,,,1.0
37,water_dipole,12,1.0,0.0,0.5771427800611586,0.5771427800611586,,,,1.0
37,water_dipole,13,1.0,0.0,0.5771427800611586,0.5771427800611586,,,,1.0
37,water_dipole,14,1.0,0.0,0.5771427800611586,0.5771427800611586,,,,1.0
37,water_dipole,15,1.0,0.0,0.5771427800611586,0.5771427800611586,,,,1.0
37,water_dipole,16,1.0,0.0,0.5771427800611586,0.5771427800611586,,,,1.0
37,water_dipole,17,1.0,0.0,0.5771427800611586,0.5771427800611586,,,,1.0
37,water_dipole,18,1.0,0.0,0.5771427800611586,0.5771427800611586,,,,1.0
37,water_dipole,19,1.0,0.0,0.5771427800611586,0.5771427800611586,,,,1.0
37,water_dipole,20,1.0,0.0,0.5771427800611586,0.5771427800611586,,,,1.0
37,water_dipole,21,1.0,0.0,0.5771427800611586,0.5771427800611586,,,,1.0
37,water_dipole,22,1.0,0.0,0.5771427800611586,0.5771427800611586,,,,1.0
37,water_dipole,23,1.0,0.0,0.5771427800611586,0.5771427800611586,,,,1.0
37,water_dipole,24,1.0,0.0,0.5771427800611586,0.5771427800611586,,,,1.0
37,water_dipole,25,1.0,0.0,0.5771427800611586,0.5771427800611586,,,,1.0
37,water_dipole,26,1.0,0.0,0.5771427800611586,0.5771427800611586,,,,1.0
37,water_dipole,27,1.0,0.0,0.5771427800611586,0.5771427800611586,,,,1.0
37,water_dipole,28,1.0,0.0,0.5771427800611586,0.5771427800611586,,,,1.0
37,water_dipole,29,1.0,0.0,0.5771427800611586,0.5771427800611586,,,,1.0
37,water_dipole,30,1.0,0.0,0.5771427800611586,0.5771427800611586,,,,1.0
37,water_dipole,31,1.0,0.0,0.5771427800611586,0.5771427800611586,,,,1.0
37,water_dipole,32,1.0,0.0,0.5771427800611586,0.5771427800611586,,,,1.0
37,water_dipole,33,1.0,0.0,0.5771427800611586,0.5771427800611586,,,,1.0
37,water_dipole,34,1.0,0.0,0.5771427800611586,0.5771427800611586,,,,1.0
37,water_dipole,35,1.0,0.0,0.5771427800611586,0.5771427800611586,,,,1.0
37,water_dipole,36,1.0,0.0,0.5771427800611586,0.5771427800611586,,,,1.0
37,water_dipole,37,1.0,0.0,0.5771427800611586,0.5771427800611586,,,,1.0
37,water_dipole,38,1.0,0.0,0.5771427800611586,0.5771427800611586,,,,1.0
37,water_dipole,39,1.0,0.0,0.5771427800611586,0.5771427800611586,,,,1.0
37,water_dipole,40,1.0,0.0,0.5771427800611586,0.5771427800611586,,,,1.0
37,water_dipole,41,1.0,0.0,0.5771427800611586,0.5771427800611586,,,,1.0
37,water_dipole,42,1.0,0.0,0.5771427800611586,0.5771427800611586,,,,1.0
37,water_dipole,43,1.0,0.0,0.5771427800611586,0.5771427800611586,,,,1.0
37,water_dipole,44,1.0,0.0,0.5771427800611586,0.5771427800611586,,,,1.0
37,water_dipole,45,1.0,0.0,0.5771427800611586,0.5771427800611586,,,,1.0
37,water_dipole,46,1.0,0.0,0.5771427800611586,0.5771427800611586,,,,1.0
37,water_dipole,47,1.0,0.0,0.5771427800611586,0.5771427800611586,,,,1.0
37,water_dipole,48,1.0,0.0,0.5771427800611586,0.5771427800611586,,,,1.0
37,water_dipole,49,1.0,0.0,0.5771427800611586,0.5771427800611586,,,,1.0
37,water_dipole,50,1.0,0.0,0.5771427800611586,0.5771427800611586,,,,1.0
37,water_dipole,51,1.0,0.0,0.5771427800611586,0.5771427800611586,,,,1.0
37,water_dipole,52,1.0,0.0,0.5771427800611586,0.5771427800611586,,,,1.0
37,water_dipole,53,1.0,0.0,0.5771427800611586,0.5771427800611586,,,,1.0
37,water_dipole,54,1.0,0.0,0.5771427800611586,0.5771427800611586,,,,1.0
37,water_dipole,55,1.0,0.0,0.5771427800611586,0.5771427800611586,,,,1.0
37,water_dipole,56,1.0,0.0,0.5771427800611586,0.5771427800611586,,,,1.0
37,water_dipole,57,1.0,0.0,0.5771427800611586,0.5771427800611586,,,,1.0
37,water_dipole,58,1.0,0.0,0.5771427800611586,0.5771427800611586,,,,1.0
37,water_dipole,59,1.0,0.0,0.5771427800611586,0.5771427800611586,,,,1.0
37,water_dipole,60,1.0,0.0,0.5771427800611586,0.5771427800611586,,,,1.0
37,water_dipole,61,1.0,0.0,0.5771427800611586,0.5771427800611586,,,,1.0
37,water_dipole,62,1.0,0.0,0.5771427800611586,0.5771427800611586,,,,1.0
37,water_dipole,63,1.0,0.0,0.5771427800611586,0.5771427800611586,,,,1.0
37,water_dipole,64,1.0,0.0,0.5771427800611586,0.5771427800611586,,,,1.0
37,water_dipole,65,1.0,0.0,0.5771427800611586,0.5771427800611586,,,,1.0
37,water_dipole,66,1.0,0.0,0.5771427800611586,0.5771427800611586,,,,1.0
37,water_dipole,67,1.0,0.0,0.5771427800611586,0.5771427800611586,,,,1.0
37,water_dipole,68,1.0,0.0,0.5771427800611586,0.5771427800611586,,,,1.0
37,water_dipole,69,1.0,0.0,0.5771427800611586,0.5771427800611586,,,,1.0
37,water_dipole,70,1.0,0.0,0.5771427800611586,0.5771427800611586,,,,1.0
37,water_dipole,71,1.0,0.0,0.5771427800611586,0.5771427800611586,,,,1.0
37,water_dipole,72,1.0,0.0,0.5771427800611586,0.5771427800611586,,,,1.0
37,water_dipole,73,1.0,0.0,0.5771427800611586,0.5771427800611586,,,,1.0
37,water_dipole,74,1.0,0.0,0.5771427800611586,0.5771427800611586,,,,1.0
37,water_dipole,75,1.0,0.0,0.5771427800611586,0.5771427800611586,,,,1.0
37,water_dipole,76,1.0,0.0,0.5771427800611586,0.5771427800611586,,,,1.0
37,water_dipole,77,1.0,0.0,0.5771427800611586,0.5771427800611586,,,,1.0
37,water_dipole,78,1.0,0.0,0.5771427800611586,0.5771427800611586,,,,1.0
37,water_dipole,79,1.0,0.0,0.5771427800611586,0.5771427800611586,,,,1.0
37,water_dipole,80,1.0,0.0,0.5771427800611586,0.5771427800611586,,,,1.0
37,water_dipole,81,1.0,0.0,0.5771427800611586,0.5771427800611586,,,,1.0
37,water_dipole,82,1.0,0.0,0.5771427800611586,0.5771427800611586,,,,1.0
37,water_dipole,83,1.0,0.0,0.5771427800611586,0.5771427800611586,,,,1.0
37,water_dipole,84,1.0,0.0,0.5771427800611586,0.5771427800611586,,,,1.0
37,water_dipole,85,1.0,0.0,0.5771427800611586,0.5771427800611586,,,,1.0
37,water_dipole,86,1.0,0.0,0.5771427800611586,0.5771427800611586,,,,1.0
37,water_dipole,87,1.0,0.0,0.5771427800611586,0.5771427800611586,,,,1.0
37,water_dipole,88,1.0,0.0,0.5771427800611586,0.5771427800611586,,,,1.0
37,water_dipole,89,1.0,0.0,0.5771427800611586,0.5771427800611586,,,,1.0
37,water_dipole,90,1.0,0.0,0.5771427800611586,0.5771427800611586,,,,1.0
37,water_dipole,91,1.0,0.0,0.5771427800611586,0.5771427800611586,,,,1.0
37,water_dipole,92,1.0,0.0,0.5771427800611586,0.5771427800611586,,,,1.0
37,water_dipole,93,1.0,0.0,0.5771427800611586,0.5771427800611586,,,,1.0
37,water_dipole,94,1.0,0.0,0.5771427800611586,0.5771427800611586,,,,1.0
37,water_dipole,95,1.0,0.0,0.5771427800611586,0.5771427800611586,,,,1.0
37,water_dipole,96,1.0,0.0,0.5771427800611586,0.5771427800611586,,,,1.0
37,water_dipole,97,1.0,0.0,0.5771427800611586,0.5771427800611586,,,,1.0
37,water_dipole,98,1.0,0.0,0.5771427800611586,0.5771427800611586,,,,1.0
37,water_dipole,99,1.0,0.0,0.5771427800611586,0.5771427800611586,,,,1.0
37,water_dipole,100,1.0,0.0,0.5771427800611586,0.5771427800611586,,,,1.0
37,water_dipole,101,1.0,0.0,0.5771427800611586,0.5771427800611586,,,,1.0
37,water_dipole,102,1.0,0.0,0.5771427800611586,0.5771427800611586,,,,1.0
37,water_dipole,103,1.0,0.0,0.5771427800611586,0.5771427800611586,,,,1.0
37,water_dipole,104,1.0,0.0,0.5771427800611586,0.5771427800611586,,,,1.0
37,water_dipole,105,1.0,0.0,0.5771427800611586,0.5771427800611586,,,,1.0
37,water_dipole,106,1.0,0.0,0.5771427800611586,0.5771427800611586,,,,1.0
37,water_dipole,107,1.0,0.0,0.5771427800611586,0.5771427800611586,,,,1.0
37,water_dipole,108,1.0,0.0,0.5771427800611586,0.5771427800611586,,,,1.0
37,water_dipole,109,1.0,0.0,0.5771427800611586,0.5771427800611586,,,,1.0
37,water_dipole,110,1.0,0.0,0.5771427800611586,0.5771427800611586,,,,1.0
37,water_dipole,111,1.0,0.0,0.5771427800611586,0.5771427800611586,,,,1.0
37,water_dipole,112,1.0,0.0,0.5771427800611586,0.5771427800611586,,,,1.0
37,water_dipole,113,1.0,0.0,0.5771427800611586,0.5771427800611586,,,,1.0
37,water_dipole,114,1.0,0.0,0.5771427800611586,0.5771427800611586,,,,1.0
37,water_dipole,115,1.0,0.0,0.5771427800611586,0.5771427800611586,,,,1.0
37,water_dipole,116,1.0,0.0,0.5771427800611586,0.5771427800611586,,,,1.0
37,water_dipole,117,1.0,0.0,0.5771427800611586,0.5771427800611586,,,,1.0
37,water_dipole,118,1.0,0.0,0.5771427800611586,0.5771427800611586,,,,1.0
37,water_dipole,119,1.0,0.0,0.5771427800611586,0.5771427800611586,,,,1.0
37,water_dipole,120,1.0,0.0,0.5771427800611586,0.5771427800611586,,,,1.0
37,water_dipole,121,1.0,0.0,0.5771427800611586,0.5771427800611586,,,,1.0
37,water_dipole,122,1.0,0.0,0.5771427800611586,0.5771427800611586,,,,1.0
37,water_dipole,123,1.0,0.0,0.5771427800611586,0.5771427800611586,,,,1.0
37,water_dipole,124,1.0,0.0,0.5771427800611586,0.5771427800611586,,,,1.0
37,water_dipole,125,1.0,0.0,0.5771427800611586,0.5771427800611586,,,,1.0
37,water_dipole,126,1.0,0.0,0.5771427800611586,0.5771427800611586,,,,1.0
37,water_dipole,127,1.0,0.0,0.5771427800611586,0.5771427800611586,,,,1.0
37,water_dipole,128,1.0,0.0,0.5771427800611586,0.5771427800611586,,,,1.0
37,water_dipole,129,1.0,0.0,0.5771427800611586,0.5771427800611586,,,,1.0
37,water_dipole,130,1.0,0.0,0.5771427800611586,0.5771427800611586,,,,1.0
37,water_dipole,131,1.0,0.0,0.5771427800611586,0.5771427800611586,,,,1.0
37,water_dipole,132,1.0,0.0,0.5771427800611586,0.5771427800611586,,,,1.0
37,water_dipole,133,1.0,0.0,0.5771427800611586,0.5771427800611586,,,,1.0
37,water_dipole,134,1.0,0.0,0.5771427800611586,0.5771427800611586,,,,1.0
37,water_dipole,135,1.0,0.0,0.5771427800611586,0.5771427800611586,,,,1.0
37,water_dipole,136,1.0,0.0,0.5771427800611586,0.5771427800611586,,,,1.0
37,water_dipole,137,1.0,0.0,0.5771427800611586,0.5771427800611586,,,,1.0
37,water_dipole,138,1.0,0.0,0.5771427800611586,0.5771427800611586,,,,1.0
37,water_dipole,139,1.0,0.0,0.5771427800611586,0.5771427800611586,,,,1.0
37,water_dipole,140,1.0,0.0,0.5771427800611586,0.5771427800611586,,,,1.0
37,water_dipole,141,1.0,0.0,0.5771427800611586,0.5771427800611586,,,,1.0
37,water_dipole,142,1.0,0.0,0.5771427800611586,0.5771427800611586,,,,1.0
37,water_dipole,143,1.0,0.0,0.5771427800611586,0.5771427800611586,,,,1.0
37,water_dipole,144,1.0,0.0,0.5771427800611586,0.5771427800611586,,,,1.0
37,water_dipole,145,1.0,0.0,0.5771427800611586,0.5771427800611586,,,,1.0
37,water_dipole,146,1.0,0.0,0.5771427800611586,0.5771427800611586,,,,1.0
37,water_dipole,147,1.0,0.0,0.5771427800611586,0.5771427800611586,,,,1.0
37,water_dipole,148,1.0,0.0,0.5771427800611586,0.5771427800611586,,,,1.0
37,water_dipole,149,1.0,0.0,0.5771427800611586,0.5771427800611586,,,,1.0
37,water_dipole,150,1.0,0.0,0.5771427800611586,0.5771427800611586,,,,1.0
37,water_dipole,151,1.0,0.0,0.5771427800611586,0.5771427800611586,,,,1.0
37,water_dipole,152,1.0,0.0,0.5771427800611586,0.5771427800611586,,,,1.0
37,water_dipole,153,1.0,0.0,0.5771427800611586,0.5771427800611586,,,,1.0
37,water_dipole,154,1.0,0.0,0.5771427800611586,0.5771427800611586,,,,1.0
37,water_dipole,155,1.0,0.0,0.5771427800611586,0.5771427800611586,,,,1.0
37,water_dipole,156,1.0,0.0,0.5771427800611586,0.5771427800611586,,,,1.0
37,water_dipole,157,1.0,0.0,0.5771427800611586,0.5771427800611586,,,,1.0
37,water_dipole,158,1.0,0.0,0.5771427800611586,0.5771427800611586,,,,1.0
37,water_dipole,159,1.0,0.0,0.5771427800611586,0.5771427800611586,,,,1.0
37,water_dipole,160,1.0,0.0,0.5771427800611586,0.5771427800611586,,,,1.0
37,water_dipole,161,1.0,0.0,0.5771427800611586,0.5771427800611586,,,,1.0
37,water_dipole,162,1.0,0.0,0.5771427800611586,0.5771427800611586,,,,1.0
37,water_dipole,163,1.0,0.0,0.5771427800611586,0.5771427800611586,,,,1.0
37,water_dipole,164,1.0,0.0,0.5771427800611586,0.5771427800611586,,,,1.0
37,water_dipole,165,1.0,0.0,0.5771427800611586,0.5771427800611586,,,,1.0
37,water_dipole,166,1.0,0.0,0.5771427800611586,0.5771427800611586,,,,1.0
37,water_dipole,167,1.0,0.0,0.5771427800611586,0.5771427800611586,,,,1.0
37,water_dipole,168,1.0,0.0,0.5771427800611586,0.5771427800611586,,,,1.0
37,water_dipole,169,1.0,0.0,0.5771427800611586,0.5771427800611586,,,,1.0
37,water_dipole,170,1.0,0.0,0.5771427800611586,0.5771427800611586,,,,1.0
37,water_dipole,171,1.0,0.0,0.5771427800611586,0.5771427800611586,,,,1.0
37,water_dipole,172,1.0,0.0,0.5771427800611586,0.5771427800611586,,,,1.0
37,water_dipole,173,1.0,0.0,0.5771427800611586,0.5771427800611586,,,,1.0
37,water_dipole,174,1.0,0.0,0.5771427800611586,0.5771427800611586,,,,1.0
37,water_dipole,175,1.0,0.0,0.5771427800611586,0.5771427800611586,,,,1.0
37,water_dipole,176,1.0,0.0,0.5771427800611586,0.5771427800611586,,,,1.0
37,water_dipole,177,1.0,0.0,0.5771427800611586,0.5771427800611586,,,,1.0
37,water_dipole,178,1.0,0.0,0.5771427800611586,0.5771427800611586,,,,1.0
37,water_dipole,179,1.0,0.0,0.5771427800611586,0.5771427800611586,,,,1.0
37,water_dipole,180,1.0,0.0,0.5771427800611586,0.5771427800611586,,,,1.0
37,water_dipole,181,1.0,0.0,0.5771427800611586,0.5771427800611586,,,,1.0
37,water_dipole,182,1.0,0.0,0.5771427800611586,0.5771427800611586,,,,1.0
37,water_dipole,183,1.0,0.0,0.5771427800611586,0.5771427800611586,,,,1.0
37,water_dipole,184,1.0,0.0,0.5771427800611586,0.5771427800611586,,,,1.0
37,water_dipole,185,1.0,0.0,0.5771427800611586,0.5771427800611586,,,,1.0
37,water_dipole,186,1.0,0.0,0.5771427800611586,0.5771427800611586,,,,1.0
37,water_dipole,187,1.0,0.0,0.5771427800611586,0.5771427800611586,,,,1.0
37,water_dipole,188,1.0,0.0,0.5771427800611586,0.5771427800611586,,,,1.0
37,water_dipole,189,1.0,0.0,0.5771427800611586,0.5771427800611586,,,,1.0
37,water_dipole,190,1.0,0.0,0.5771427800611586,0.5771427800611586,,,,1.0
37,water_dipole,191,1.0,0.0,0.5771427800611586,0.5771427800611586,,,,1.0
37,water_dipole,192,1.0,0.0,0.5771427800611586,0.5771427800611586,,,,1.0
37,water_dipole,193,1.0,0.0,0.5771427800611586,0.5771427800611586,,,,1.0
37,water_dipole,194,1.0,0.0,0.5771427800611586,0.5771427800611586,,,,1.0
37,water_dipole,195,1.0,0.0,0.5771427800611586,0.5771427800611586,,,,1.0
37,water_dipole,196,1.0,0.0,0.5771427800611586,0.5771427800611586,,,,1.0
37,water_dipole,197,1.0,0.0,0.5771427800611586,0.5771427800611586,,,,1.0
37,water_dipole,198,1.0,0.0,0.5771427800611586,0.5771427800611586,,,,1.0
37,water_dipole,199,1.0,0.0,0.5771427800611586,0.5771427800611586,,,,1.0
37,water_dipole,200,1.0,0.0,0.5771427800611586,0.5771427800611586,,,,1.0
37,water_dipole,201,1.0,0.0,0.5771427800611586,0.5771427800611586,,,,1.0
37,water_dipole,202,1.0,0.0,0.5771427800611586,0.5771427800611586,,,,1.0
37,water_dipole,203,1.0,0.0,0.5771427800611586,0.5771427800611586,,,,1.0
37,water_dipole,204,1.0,0.0,0.5771427800611586,0.5771427800611586,,,,1.0
37,water_dipole,205,1.0,0.0,0.5771427800611586,0.5771427800611586,,,,1.0
37,water_dipole,206,1.0,0.0,0.5771427800611586,0.5771427800611586,,,,1.0
37,water_dipole,207,1.0,0.0,0.5771427800611586,0.5771427800611586,,,,1.0
37,water_dipole,208,1.0,0.0,0.5771427800611586,0.5771427800611586,,,,1.0
37,water_dipole,209,1.0,0.0,0.5771427800611586,0.5771427800611586,,,,1.0
37,water_dipole,210,1.0,0.0,0.5771427800611586,0.5771427800611586,,,,1.0
37,water_dipole,211,1.0,0.0,0.5771427800611586,0.5771427800611586,,,,1.0
37,water_dipole,212,1.0,0.0,0.5771427800611586,0.5771427800611586,,,,1.0
37,water_dipole,213,1.0,0.0,0.5771427800611586,0.5771427800611586,,,,1.0
37,water_dipole,214,1.0,0.0,0.5771427800611586,0.5771427800611586,,,,1.0
37,water_dipole,215,1.0,0.0,0.5771427800611586,0.5771427800611586,,,,1.0
37,water_dipole,216,1.0,0.0,0.5771427800611586,0.5771427800611586,,,,1.0
37,water_dipole,217,1.0,0.0,0.5771427800611586,0.5771427800611586,,,,1.0
37,water_dipole,218,1.0,0.0,0.5771427800611586,0.5771427800611586,,,,1.0
37,water_dipole,219,1.0,0.0,0.5771427800611586,0.5771427800611586,,,,1.0
37,water_dipole,220,1.0,0.0,0.5771427800611586,0.5771427800611586,,,,1.0
37,water_dipole,221,1.0,0.0,0.5771427800611586,0.5771427800611586,,,,1.0
37,water_dipole,222,1.0,0.0,0.5771427800611586,0.5771427800611586,,,,1.0
37,water_dipole,223,1.0,0.0,0.5771427800611586,0.5771427800611586,,,,1.0
37,water_dipole,224,1.0,0.0,0.5771427800611586,0.5771427800611586,,,,1.0
37,water_dipole,225,1.0,0.0,0.5771427800611586,0.5771427800611586,,,,1.0
37,water_dipole,226,1.0,0.0,0.5771427800611586,0.5771427800611586,,,,1.0
37,water_dipole,227,1.0,0.0,0.5771427800611586,0.5771427800611586,,,,1.0
37,water_dipole,228,1.0,0.0,0.5771427800611586,0.5771427800611586,,,,1.0
37,water_dipole,229,1.0,0.0,0.5771427800611586,0.5771427800611586,,,,1.0
37,water_dipole,230,1.0,0.0,0.5771427800611586,0.5771427800611586,,,,1.0
37,water_dipole,231,1.0,0.0,0.5771427800611586,0.5771427800611586,,,,1.0
37,water_dipole,232,1.0,0.0,0.5771427800611586,0.5771427800611586,,,,1.0
37,water_dipole,233,1.0,0.0,0.5771427800611586,0.5771427800611586,,,,1.0
37,water_dipole,234,1.0,0.0,0.5771427800611586,0.5771427800611586,,,,1.0
37,water_dipole,235,1.0,0.0,0.5771427800611586,0.5771427800611586,,,,1.0
37,water_dipole,236,1.0,0.0,0.5771427800611586,0.5771427800611586,,,,1.0
37,water_dipole,237,1.0,0.0,0.5771427800611586,0.5771427800611586,,,,1.0
37,water_dipole,238,1.0,0.0,0.5771427800611586,0.5771427800611586,,,,1.0
37,water_dipole,239,1.0,0.0,0.5771427800611586,0.5771427800611586,,,,1.0
37,water_dipole,240,1.0,0.0,0.5771427800611586,0.5771427800611586,,,,1.0
37,water_dipole,241,1.0,0.0,0.5771427800611586,0.5771427800611586,,,,1.0
37,water_dipole,242,1.0,0.0,0.5771427800611586,0.5771427800611586,,,,1.0
37,water_dipole,243,1.0,0.0,0.5771427800611586,0.5771427800611586,,,,1.0
37,water_dipole,244,1.0,0.0,0.5771427800611586,0.5771427800611586,,,,1.0
37,water_dipole,245,1.0,0.0,0.5771427800611586,0.5771427800611586,,,,1.0
37,water_dipole,246,1.0,0.0,0.5771427800611586,0.5771427800611586,,,,1.0
37,water_dipole,247,1.0,0.0,0.5771427800611586,0.5771427800611586,,,,1.0
37,water_dipole,248,1.0,0.0,0.5771427800611586,0.5771427800611586,,,,1.0
37,water_dipole,249,1.0,0.0,0.5771427800611586,0.5771427800611586,,,,1.0
37,acetone_gsolv_eV,0,1.0,0.0,0.6447326235458402,0.6447326235458402,,,,1.0
37,acetone_gsolv_eV,1,1.0,0.0,0.6447326235458402,0.6447326235458402,,,,1.0
37,acetone_gsolv_eV,2,1.0,0.0,0.6447326235458402,0.6447326235458402,,,,1.0
37,acetone_gsolv_eV,3,1.0,0.0,0.6447326235458402,0.6447326235458402,,,,1.0
37,acetone_gsolv_eV,4,1.0,0.0,0.6447326235458402,0.6447326235458402,,,,1.0
37,acetone_gsolv_eV,5,1.0,0.0,0.6447326235458402,0.6447326235458402,,,,1.0
37,acetone_gsolv_eV,6,1.0,0.0,0.6447326235458402,0.6447326235458402,,,,1.0
37,acetone_gsolv_eV,7,1.0,0.0,0.6447326235458402,0.6447326235458402,,,,1.0
37,acetone_gsolv_eV,8,1.0,0.0,0.6447326235458402,0.6447326235458402,,,,1.0
37,acetone_gsolv_eV,9,1.0,0.0,0.6447326235458402,0.6447326235458402,,,,1.0
37,acetone_gsolv_eV,10,1.0,0.0,0.6447326235458402,0.6447326235458402,,,,1.0
37,acetone_gsolv_eV,11,1.0,0.0,0.6447326235458402,0.6447326235458402,,,,1.0
37,acetone_gsolv_eV,12,1.0,0.0,0.6447326235458402,0.6447326235458402,,,,1.0
37,acetone_gsolv_eV,13,1.0,0.0,0.6447326235458402,0.6447326235458402,,,,1.0
37,acetone_gsolv_eV,14,1.0,0.0,0.6447326235458402,0.6447326235458402,,,,1.0
37,acetone_gsolv_eV,15,1.0,0.0,0.6447326235458402,0.6447326235458402,,,,1.0
37,acetone_gsolv_eV,16,1.0,0.0,0.6447326235458402,0.6447326235458402,,,,1.0
37,acetone_gsolv_eV,17,1.0,0.0,0.6447326235458402,0.6447326235458402,,,,1.0
37,acetone_gsolv_eV,18,1.0,0.0,0.6447326235458402,0.6447326235458402,,,,1.0
37,acetone_gsolv_eV,19,1.0,0.0,0.6447326235458402,0.6447326235458402,,,,1.0
37,acetone_gsolv_eV,20,1.0,0.0,0.6447326235458402,0.6447326235458402,,,,1.0
37,acetone_gsolv_eV,21,1.0,0.0,0.6447326235458402,0.6447326235458402,,,,1.0
37,acetone_gsolv_eV,22,1.0,0.0,0.6447326235458402,0.6447326235458402,,,,1.0
37,acetone_gsolv_eV,23,1.0,0.0,0.6447326235458402,0.6447326235458402,,,,1.0
37,acetone_gsolv_eV,24,1.0,0.0,0.6447326235458402,0.6447326235458402,,,,1.0
37,acetone_gsolv_eV,25,1.0,0.0,0.6447326235458402,0.6447326235458402,,,,1.0
37,acetone_gsolv_eV,26,1.0,0.0,0.6447326235458402,0.6447326235458402,,,,1.0
37,acetone_gsolv_eV,27,1.0,0.0,0.6447326235458402,0.6447326235458402,,,,1.0
37,acetone_gsolv_eV,28,1.0,0.0,0.6447326235458402,0.6447326235458402,,,,1.0
37,acetone_gsolv_eV,29,1.0,0.0,0.6447326235458402,0.6447326235458402,,,,1.0
37,acetone_gsolv_eV,30,1.0,0.0,0.6447326235458402,0.6447326235458402,,,,1.0
37,acetone_gsolv_eV,31,1.0,0.0,0.6447326235458402,0.6447326235458402,,,,1.0
37,acetone_gsolv_eV,32,1.0,0.0,0.6447326235458402,0.6447326235458402,,,,1.0
37,acetone_gsolv_eV,33,1.0,0.0,0.6447326235458402,0.6447326235458402,,,,1.0
37,acetone_gsolv_eV,34,1.0,0.0,0.6447326235458402,0.6447326235458402,,,,1.0
37,acetone_gsolv_eV,35,1.0,0.0,0.6447326235458402,0.6447326235458402,,,,1.0
37,acetone_gsolv_eV,36,1.0,0.0,0.6447326235458402,0.6447326235458402,,,,1.0
37,acetone_gsolv_eV,37,1.0,0.0,0.6447326235458402,0.6447326235458402,,,,1.0
37,acetone_gsolv_eV,38,1.0,0.0,0.6447326235458402,0.6447326235458402,,,,1.0
37,acetone_gsolv_eV,39,1.0,0.0,0.6447326235458402,0.6447326235458402,,,,1.0
37,acetone_gsolv_eV,40,1.0,0.0,0.6447326235458402,0.6447326235458402,,,,1.0
37,acetone_gsolv_eV,41,1.0,0.0,0.6447326235458402,0.6447326235458402,,,,1.0
37,acetone_gsolv_eV,42,1.0,0.0,0.6447326235458402,0.6447326235458402,,,,1.0
37,acetone_gsolv_eV,43,1.0,0.0,0.6447326235458402,0.6447326235458402,,,,1.0
37,acetone_gsolv_eV,44,1.0,0.0,0.6447326235458402,0.6447326235458402,,,,1.0
37,acetone_gsolv_eV,45,1.0,0.0,0.6447326235458402,0.6447326235458402,,,,1.0
37,acetone_gsolv_eV,46,1.0,0.0,0.6447326235458402,0.6447326235458402,,,,1.0
37,acetone_gsolv_eV,47,1.0,0.0,0.6447326235458402,0.6447326235458402,,,,1.0
37,acetone_gsolv_eV,48,1.0,0.0,0.6447326235458402,0.6447326235458402,,,,1.0
37,acetone_gsolv_eV,49,1.0,0.0,0.6447326235458402,0.6447326235458402,,,,1.0
37,acetone_gsolv_eV,50,1.0,0.0,0.6447326235458402,0.6447326235458402,,,,1.0
37,acetone_gsolv_eV,51,1.0,0.0,0.6447326235458402,0.6447326235458402,,,,1.0
37,acetone_gsolv_eV,52,1.0,0.0,0.6447326235458402,0.6447326235458402,,,,1.0
37,acetone_gsolv_eV,53,1.0,0.0,0.6447326235458402,0.6447326235458402,,,,1.0
37,acetone_gsolv_eV,54,1.0,0.0,0.6447326235458402,0.6447326235458402,,,,1.0
37,acetone_gsolv_eV,55,1.0,0.0,0.6447326235458402,0.6447326235458402,,,,1.0
37,acetone_gsolv_eV,56,1.0,0.0,0.6447326235458402,0.6447326235458402,,,,1.0
37,acetone_gsolv_eV,57,1.0,0.0,0.6447326235458402,0.6447326235458402,,,,1.0
37,acetone_gsolv_eV,58,1.0,0.0,0.6447326235458402,0.6447326235458402,,,,1.0
37,acetone_gsolv_eV,59,1.0,0.0,0.6447326235458402,0.6447326235458402,,,,1.0
37,acetone_gsolv_eV,60,1.0,0.0,0.6447326235458402,0.6447326235458402,,,,1.0
37,acetone_gsolv_eV,61,1.0,0.0,0.6447326235458402,0.6447326235458402,,,,1.0
37,acetone_gsolv_eV,62,1.0,0.0,0.6447326235458402,0.6447326235458402,,,,1.0
37,acetone_gsolv_eV,63,1.0,0.0,0.6447326235458402,0.6447326235458402,,,,1.0
37,acetone_gsolv_eV,64,1.0,0.0,0.6447326235458402,0.6447326235458402,,,,1.0
37,acetone_gsolv_eV,65,1.0,0.0,0.6447326235458402,0.6447326235458402,,,,1.0
37,acetone_gsolv_eV,66,1.0,0.0,0.6447326235458402,0.6447326235458402,,,,1.0
37,acetone_gsolv_eV,67,1.0,0.0,0.6447326235458402,0.6447326235458402,,,,1.0
37,acetone_gsolv_eV,68,1.0,0.0,0.6447326235458402,0.6447326235458402,,,,1.0
37,acetone_gsolv_eV,69,1.0,0.0,0.6447326235458402,0.6447326235458402,,,,1.0
37,acetone_gsolv_eV,70,1.0,0.0,0.6447326235458402,0.6447326235458402,,,,1.0
37,acetone_gsolv_eV,71,1.0,0.0,0.6447326235458402,0.6447326235458402,,,,1.0
37,acetone_gsolv_eV,72,1.0,0.0,0.6447326235458402,0.6447326235458402,,,,1.0
37,acetone_gsolv_eV,73,1.0,0.0,0.6447326235458402,0.6447326235458402,,,,1.0
37,acetone_gsolv_eV,74,1.0,0.0,0.6447326235458402,0.6447326235458402,,,,1.0
37,acetone_gsolv_eV,75,1.0,0.0,0.6447326235458402,0.6447326235458402,,,,1.0
37,acetone_gsolv_eV,76,1.0,0.0,0.6447326235458402,0.6447326235458402,,,,1.0
37,acetone_gsolv_eV,77,1.0,0.0,0.6447326235458402,0.6447326235458402,,,,1.0
37,acetone_gsolv_eV,78,1.0,0.0,0.6447326235458402,0.6447326235458402,,,,1.0
37,acetone_gsolv_eV,79,1.0,0.0,0.6447326235458402,0.6447326235458402,,,,1.0
37,acetone_gsolv_eV,80,1.0,0.0,0.6447326235458402,0.6447326235458402,,,,1.0
37,acetone_gsolv_eV,81,1.0,0.0,0.6447326235458402,0.6447326235458402,,,,1.0
37,acetone_gsolv_eV,82,1.0,0.0,0.6447326235458402,0.6447326235458402,,,,1.0
37,acetone_gsolv_eV,83,1.0,0.0,0.6447326235458402,0.6447326235458402,,,,1.0
37,acetone_gsolv_eV,84,1.0,0.0,0.6447326235458402,0.6447326235458402,,,,1.0
37,acetone_gsolv_eV,85,1.0,0.0,0.6447326235458402,0.6447326235458402,,,,1.0
37,acetone_gsolv_eV,86,1.0,0.0,0.6447326235458402,0.6447326235458402,,,,1.0
37,acetone_gsolv_eV,87,1.0,0.0,0.6447326235458402,0.6447326235458402,,,,1.0
37,acetone_gsolv_eV,88,1.0,0.0,0.6447326235458402,0.6447326235458402,,,,1.0
37,acetone_gsolv_eV,89,1.0,0.0,0.6447326235458402,0.6447326235458402,,,,1.0
37,acetone_gsolv_eV,90,1.0,0.0,0.6447326235458402,0.6447326235458402,,,,1.0
37,acetone_gsolv_eV,91,1.0,0.0,0.6447326235458402,0.6447326235458402,,,,1.0
37,acetone_gsolv_eV,92,1.0,0.0,0.6447326235458402,0.6447326235458402,,,,1.0
37,acetone_gsolv_eV,93,1.0,0.0,0.6447326235458402,0.6447326235458402,,,,1.0
37,acetone_gsolv_eV,94,1.0,0.0,0.6447326235458402,0.6447326235458402,,,,1.0
37,acetone_gsolv_eV,95,1.0,0.0,0.6447326235458402,0.6447326235458402,,,,1.0
37,acetone_gsolv_eV,96,1.0,0.0,0.6447326235458402,0.6447326235458402,,,,1.0
37,acetone_gsolv_eV,97,1.0,0.0,0.6447326235458402,0.6447326235458402,,,,1.0
37,acetone_gsolv_eV,98,1.0,0.0,0.6447326235458402,0.6447326235458402,,,,1.0
37,acetone_gsolv_eV,99,1.0,0.0,0.6447326235458402,0.6447326235458402,,,,1.0
37,acetone_gsolv_eV,100,1.0,0.0,0.6447326235458402,0.6447326235458402,,,,1.0
37,acetone_gsolv_eV,101,1.0,0.0,0.6447326235458402,0.6447326235458402,,,,1.0
37,acetone_gsolv_eV,102,1.0,0.0,0.6447326235458402,0.6447326235458402,,,,1.0
37,acetone_gsolv_eV,103,1.0,0.0,0.6447326235458402,0.6447326235458402,,,,1.0
37,acetone_gsolv_eV,104,1.0,0.0,0.6447326235458402,0.6447326235458402,,,,1.0
37,acetone_gsolv_eV,105,1.0,0.0,0.6447326235458402,0.6447326235458402,,,,1.0
37,acetone_gsolv_eV,106,1.0,0.0,0.6447326235458402,0.6447326235458402,,,,1.0
37,acetone_gsolv_eV,107,1.0,0.0,0.6447326235458402,0.6447326235458402,,,,1.0
37,acetone_gsolv_eV,108,1.0,0.0,0.6447326235458402,0.6447326235458402,,,,1.0
37,acetone_gsolv_eV,109,1.0,0.0,0.6447326235458402,0.6447326235458402,,,,1.0
37,acetone_gsolv_eV,110,1.0,0.0,0.6447326235458402,0.6447326235458402,,,,1.0
37,acetone_gsolv_eV,111,1.0,0.0,0.6447326235458402,0.6447326235458402,,,,1.0
37,acetone_gsolv_eV,112,1.0,0.0,0.6447326235458402,0.6447326235458402,,,,1.0
37,acetone_gsolv_eV,113,1.0,0.0,0.6447326235458402,0.6447326235458402,,,,1.0
37,acetone_gsolv_eV,114,1.0,0.0,0.6447326235458402,0.6447326235458402,,,,1.0
37,acetone_gsolv_eV,115,1.0,0.0,0.6447326235458402,0.6447326235458402,,,,1.0
37,acetone_gsolv_eV,116,1.0,0.0,0.6447326235458402,0.6447326235458402,,,,1.0
37,acetone_gsolv_eV,117,1.0,0.0,0.6447326235458402,0.6447326235458402,,,,1.0
37,acetone_gsolv_eV,118,1.0,0.0,0.6447326235458402,0.6447326235458402,,,,1.0
37,acetone_gsolv_eV,119,1.0,0.0,0.6447326235458402,0.6447326235458402,,,,1.0
37,acetone_gsolv_eV,120,1.0,0.0,0.6447326235458402,0.6447326235458402,,,,1.0
37,acetone_gsolv_eV,121,1.0,0.0,0.6447326235458402,0.6447326235458402,,,,1.0
37,acetone_gsolv_eV,122,1.0,0.0,0.6447326235458402,0.6447326235458402,,,,1.0
37,acetone_gsolv_eV,123,1.0,0.0,0.6447326235458402,0.6447326235458402,,,,1.0
37,acetone_gsolv_eV,124,1.0,0.0,0.6447326235458402,0.6447326235458402,,,,1.0
37,acetone_gsolv_eV,125,1.0,0.0,0.6447326235458402,0.6447326235458402,,,,1.0
37,acetone_gsolv_eV,126,1.0,0.0,0.6447326235458402,0.6447326235458402,,,,1.0
37,acetone_gsolv_eV,127,1.0,0.0,0.6447326235458402,0.6447326235458402,,,,1.0
37,acetone_gsolv_eV,128,1.0,0.0,0.6447326235458402,0.6447326235458402,,,,1.0
37,acetone_gsolv_eV,129,1.0,0.0,0.6447326235458402,0.6447326235458402,,,,1.0
37,acetone_gsolv_eV,130,1.0,0.0,0.6447326235458402,0.6447326235458402,,,,1.0
37,acetone_gsolv_eV,131,1.0,0.0,0.6447326235458402,0.6447326235458402,,,,1.0
37,acetone_gsolv_eV,132,1.0,0.0,0.6447326235458402,0.6447326235458402,,,,1.0
37,acetone_gsolv_eV,133,1.0,0.0,0.6447326235458402,0.6447326235458402,,,,1.0
37,acetone_gsolv_eV,134,1.0,0.0,0.6447326235458402,0.6447326235458402,,,,1.0
37,acetone_gsolv_eV,135,1.0,0.0,0.6447326235458402,0.6447326235458402,,,,1.0
37,acetone_gsolv_eV,136,1.0,0.0,0.6447326235458402,0.6447326235458402,,,,1.0
37,acetone_gsolv_eV,137,1.0,0.0,0.6447326235458402,0.6447326235458402,,,,1.0
37,acetone_gsolv_eV,138,1.0,0.0,0.6447326235458402,0.6447326235458402,,,,1.0
37,acetone_gsolv_eV,139,1.0,0.0,0.6447326235458402,0.6447326235458402,,,,1.0
37,acetone_gsolv_eV,140,1.0,0.0,0.6447326235458402,0.6447326235458402,,,,1.0
37,acetone_gsolv_eV,141,1.0,0.0,0.6447326235458402,0.6447326235458402,,,,1.0
37,acetone_gsolv_eV,142,1.0,0.0,0.6447326235458402,0.6447326235458402,,,,1.0
37,acetone_gsolv_eV,143,1.0,0.0,0.6447326235458402,0.6447326235458402,,,,1.0
37,acetone_gsolv_eV,144,1.0,0.0,0.6447326235458402,0.6447326235458402,,,,1.0
37,acetone_gsolv_eV,145,1.0,0.0,0.6447326235458402,0.6447326235458402,,,,1.0
37,acetone_gsolv_eV,146,1.0,0.0,0.6447326235458402,0.6447326235458402,,,,1.0
37,acetone_gsolv_eV,147,1.0,0.0,0.6447326235458402,0.6447326235458402,,,,1.0
37,acetone_gsolv_eV,148,1.0,0.0,0.6447326235458402,0.6447326235458402,,,,1.0
37,acetone_gsolv_eV,149,1.0,0.0,0.6447326235458402,0.6447326235458402,,,,1.0
37,acetone_gsolv_eV,150,1.0,0.0,0.6447326235458402,0.6447326235458402,,,,1.0
37,acetone_gsolv_eV,151,1.0,0.0,0.6447326235458402,0.6447326235458402,,,,1.0
37,acetone_gsolv_eV,152,1.0,0.0,0.6447326235458402,0.6447326235458402,,,,1.0
37,acetone_gsolv_eV,153,1.0,0.0,0.6447326235458402,0.6447326235458402,,,,1.0
37,acetone_gsolv_eV,154,1.0,0.0,0.6447326235458402,0.6447326235458402,,,,1.0
37,acetone_gsolv_eV,155,1.0,0.0,0.6447326235458402,0.6447326235458402,,,,1.0
37,acetone_gsolv_eV,156,1.0,0.0,0.6447326235458402,0.6447326235458402,,,,1.0
37,acetone_gsolv_eV,157,1.0,0.0,0.6447326235458402,0.6447326235458402,,,,1.0
37,acetone_gsolv_eV,158,1.0,0.0,0.6447326235458402,0.6447326235458402,,,,1.0
37,acetone_gsolv_eV,159,1.0,0.0,0.6447326235458402,0.6447326235458402,,,,1.0
37,acetone_gsolv_eV,160,1.0,0.0,0.6447326235458402,0.6447326235458402,,,,1.0
37,acetone_gsolv_eV,161,1.0,0.0,0.6447326235458402,0.6447326235458402,,,,1.0
37,acetone_gsolv_eV,162,1.0,0.0,0.6447326235458402,0.6447326235458402,,,,1.0
37,acetone_gsolv_eV,163,1.0,0.0,0.6447326235458402,0.6447326235458402,,,,1.0
37,acetone_gsolv_eV,164,1.0,0.0,0.6447326235458402,0.6447326235458402,,,,1.0
37,acetone_gsolv_eV,165,1.0,0.0,0.6447326235458402,0.6447326235458402,,,,1.0
37,acetone_gsolv_eV,166,1.0,0.0,0.6447326235458402,0.6447326235458402,,,,1.0
37,acetone_gsolv_eV,167,1.0,0.0,0.6447326235458402,0.6447326235458402,,,,1.0
37,acetone_gsolv_eV,168,1.0,0.0,0.6447326235458402,0.6447326235458402,,,,1.0
37,acetone_gsolv_eV,169,1.0,0.0,0.6447326235458402,0.6447326235458402,,,,1.0
37,acetone_gsolv_eV,170,1.0,0.0,0.6447326235458402,0.6447326235458402,,,,1.0
37,acetone_gsolv_eV,171,1.0,0.0,0.6447326235458402,0.6447326235458402,,,,1.0
37,acetone_gsolv_eV,172,1.0,0.0,0.6447326235458402,0.6447326235458402,,,,1.0
37,acetone_gsolv_eV,173,1.0,0.0,0.6447326235458402,0.6447326235458402,,,,1.0
37,acetone_gsolv_eV,174,1.0,0.0,0.6447326235458402,0.6447326235458402,,,,1.0
37,acetone_gsolv_eV,175,1.0,0.0,0.6447326235458402,0.6447326235458402,,,,1.0
37,acetone_gsolv_eV,176,1.0,0.0,0.6447326235458402,0.6447326235458402,,,,1.0
37,acetone_gsolv_eV,177,1.0,0.0,0.6447326235458402,0.6447326235458402,,,,1.0
37,acetone_gsolv_eV,178,1.0,0.0,0.6447326235458402,0.6447326235458402,,,,1.0
37,acetone_gsolv_eV,179,1.0,0.0,0.6447326235458402,0.6447326235458402,,,,1.0
37,acetone_gsolv_eV,180,1.0,0.0,0.6447326235458402,0.6447326235458402,,,,1.0
37,acetone_gsolv_eV,181,1.0,0.0,0.6447326235458402,0.6447326235458402,,,,1.0
37,acetone_gsolv_eV,182,1.0,0.0,0.6447326235458402,0.6447326235458402,,,,1.0
37,acetone_gsolv_eV,183,1.0,0.0,0.6447326235458402,0.6447326235458402,,,,1.0
37,acetone_gsolv_eV,184,1.0,0.0,0.6447326235458402,0.6447326235458402,,,,1.0
37,acetone_gsolv_eV,185,1.0,0.0,0.6447326235458402,0.6447326235458402,,,,1.0
37,acetone_gsolv_eV,186,1.0,0.0,0.6447326235458402,0.6447326235458402,,,,1.0
37,acetone_gsolv_eV,187,1.0,0.0,0.6447326235458402,0.6447326235458402,,,,1.0
37,acetone_gsolv_eV,188,1.0,0.0,0.6447326235458402,0.6447326235458402,,,,1.0
37,acetone_gsolv_eV,189,1.0,0.0,0.6447326235458402,0.6447326235458402,,,,1.0
37,acetone_gsolv_eV,190,1.0,0.0,0.6447326235458402,0.6447326235458402,,,,1.0
37,acetone_gsolv_eV,191,1.0,0.0,0.6447326235458402,0.6447326235458402,,,,1.0
37,acetone_gsolv_eV,192,1.0,0.0,0.6447326235458402,0.6447326235458402,,,,1.0
37,acetone_gsolv_eV,193,1.0,0.0,0.6447326235458402,0.6447326235458402,,,,1.0
37,acetone_gsolv_eV,194,1.0,0.0,0.6447326235458402,0.6447326235458402,,,,1.0
37,acetone_gsolv_eV,195,1.0,0.0,0.6447326235458402,0.6447326235458402,,,,1.0
37,acetone_gsolv_eV,196,1.0,0.0,0.6447326235458402,0.6447326235458402,,,,1.0
37,acetone_gsolv_eV,197,1.0,0.0,0.6447326235458402,0.6447326235458402,,,,1.0
37,acetone_gsolv_eV,198,1.0,0.0,0.6447326235458402,0.6447326235458402,,,,1.0
37,acetone_gsolv_eV,199,1.0,0.0,0.6447326235458402,0.6447326235458402,,,,1.0
37,acetone_gsolv_eV,200,1.0,0.0,0.6447326235458402,0.6447326235458402,,,,1.0
37,acetone_gsolv_eV,201,1.0,0.0,0.6447326235458402,0.6447326235458402,,,,1.0
37,acetone_gsolv_eV,202,1.0,0.0,0.6447326235458402,0.6447326235458402,,,,1.0
37,acetone_gsolv_eV,203,1.0,0.0,0.6447326235458402,0.6447326235458402,,,,1.0
37,acetone_gsolv_eV,204,1.0,0.0,0.6447326235458402,0.6447326235458402,,,,1.0
37,acetone_gsolv_eV,205,1.0,0.0,0.6447326235458402,0.6447326235458402,,,,1.0
37,acetone_gsolv_eV,206,1.0,0.0,0.6447326235458402,0.6447326235458402,,,,1.0
37,acetone_gsolv_eV,207,1.0,0.0,0.6447326235458402,0.6447326235458402,,,,1.0
37,acetone_gsolv_eV,208,1.0,0.0,0.6447326235458402,0.6447326235458402,,,,1.0
37,acetone_gsolv_eV,209,1.0,0.0,0.6447326235458402,0.6447326235458402,,,,1.0
37,acetone_gsolv_eV,210,1.0,0.0,0.6447326235458402,0.6447326235458402,,,,1.0
37,acetone_gsolv_eV,211,1.0,0.0,0.6447326235458402,0.6447326235458402,,,,1.0
37,acetone_gsolv_eV,212,1.0,0.0,0.6447326235458402,0.6447326235458402,,,,1.0
37,acetone_gsolv_eV,213,1.0,0.0,0.6447326235458402,0.6447326235458402,,,,1.0
37,acetone_gsolv_eV,214,1.0,0.0,0.6447326235458402,0.6447326235458402,,,,1.0
37,acetone_gsolv_eV,215,1.0,0.0,0.6447326235458402,0.6447326235458402,,,,1.0
37,acetone_gsolv_eV,216,1.0,0.0,0.6447326235458402,0.6447326235458402,,,,1.0
37,acetone_gsolv_eV,217,1.0,0.0,0.6447326235458402,0.6447326235458402,,,,1.0
37,acetone_gsolv_eV,218,1.0,0.0,0.6447326235458402,0.6447326235458402,,,,1.0
37,acetone_gsolv_eV,219,1.0,0.0,0.6447326235458402,0.6447326235458402,,,,1.0
37,acetone_gsolv_eV,220,1.0,0.0,0.6447326235458402,0.6447326235458402,,,,1.0
37,acetone_gsolv_eV,221,1.0,0.0,0.6447326235458402,0.6447326235458402,,,,1.0
37,acetone_gsolv_eV,222,1.0,0.0,0.6447326235458402,0.6447326235458402,,,,1.0
37,acetone_gsolv_eV,223,1.0,0.0,0.6447326235458402,0.6447326235458402,,,,1.0
37,acetone_gsolv_eV,224,1.0,0.0,0.6447326235458402,0.6447326235458402,,,,1.0
37,acetone_gsolv_eV,225,1.0,0.0,0.6447326235458402,0.6447326235458402,,,,1.0
37,acetone_gsolv_eV,226,1.0,0.0,0.6447326235458402,0.6447326235458402,,,,1.0
37,acetone_gsolv_eV,227,1.0,0.0,0.6447326235458402,0.6447326235458402,,,,1.0
37,acetone_gsolv_eV,228,1.0,0.0,0.6447326235458402,0.6447326235458402,,,,1.0
37,acetone_gsolv_eV,229,1.0,0.0,0.6447326235458402,0.6447326235458402,,,,1.0
37,acetone_gsolv_eV,230,1.0,0.0,0.6447326235458402,0.6447326235458402,,,,1.0
37,acetone_gsolv_eV,231,1.0,0.0,0.6447326235458402,0.6447326235458402,,,,1.0
37,acetone_gsolv_eV,232,1.0,0.0,0.6447326235458402,0.6447326235458402,,,,1.0
37,acetone_gsolv_eV,233,1.0,0.0,0.6447326235458402,0.6447326235458402,,,,1.0
37,acetone_gsolv_eV,234,1.0,0.0,0.6447326235458402,0.6447326235458402,,,,1.0
37,acetone_gsolv_eV,235,1.0,0.0,0.6447326235458402,0.6447326235458402,,,,1.0
37,acetone_gsolv_eV,236,1.0,0.0,0.6447326235458402,0.6447326235458402,,,,1.0
37,acetone_gsolv_eV,237,1.0,0.0,0.6447326235458402,0.6447326235458402,,,,1.0
37,acetone_gsolv_eV,238,1.0,0.0,0.6447326235458402,0.6447326235458402,,,,1.0
37,acetone_gsolv_eV,239,1.0,0.0,0.6447326235458402,0.6447326235458402,,,,1.0
37,acetone_gsolv_eV,240,1.0,0.0,0.6447326235458402,0.6447326235458402,,,,1.0
37,acetone_gsolv_eV,241,1.0,0.0,0.6447326235458402,0.6447326235458402,,,,1.0
37,acetone_gsolv_eV,242,1.0,0.0,0.6447326235458402,0.6447326235458402,,,,1.0
37,acetone_gsolv_eV,243,1.0,0.0,0.6447326235458402,0.6447326235458402,,,,1.0
37,acetone_gsolv_eV,244,1.0,0.0,0.6447326235458402,0.6447326235458402,,,,1.0
37,acetone_gsolv_eV,245,1.0,0.0,0.6447326235458402,0.6447326235458402,,,,1.0
37,acetone_gsolv_eV,246,1.0,0.0,0.6447326235458402,0.6447326235458402,,,,1.0
37,acetone_gsolv_eV,247,1.0,0.0,0.6447326235458402,0.6447326235458402,,,,1.0
37,acetone_gsolv_eV,248,1.0,0.0,0.6447326235458402,0.6447326235458402,,,,1.0
37,acetone_gsolv_eV,249,1.0,0.0,0.6447326235458402,0.6447326235458402,,,,1.0
37,acetone_hl_gap_eV,0,1.0,0.0,0.7129197625549757,0.7129197625549757,,,,1.0
37,acetone_hl_gap_eV,1,1.0,0.0,0.7129197625549757,0.7129197625549757,,,,1.0
37,acetone_hl_gap_eV,2,1.0,0.0,0.7129197625549757,0.7129197625549757,,,,1.0
37,acetone_hl_gap_eV,3,1.0,0.0,0.7129197625549757,0.7129197625549757,,,,1.0
37,acetone_hl_gap_eV,4,1.0,0.0,0.7129197625549757,0.7129197625549757,,,,1.0
37,acetone_hl_gap_eV,5,1.0,0.0,0.7129197625549757,0.7129197625549757,,,,1.0
37,acetone_hl_gap_eV,6,1.0,0.0,0.7129197625549757,0.7129197625549757,,,,1.0
37,acetone_hl_gap_eV,7,1.0,0.0,0.7129197625549757,0.7129197625549757,,,,1.0
37,acetone_hl_gap_eV,8,1.0,0.0,0.7129197625549757,0.7129197625549757,,,,1.0
37,acetone_hl_gap_eV,9,1.0,0.0,0.7129197625549757,0.7129197625549757,,,,1.0
37,acetone_hl_gap_eV,10,1.0,0.0,0.7129197625549757,0.7129197625549757,,,,1.0
37,acetone_hl_gap_eV,11,1.0,0.0,0.7129197625549757,0.7129197625549757,,,,1.0
37,acetone_hl_gap_eV,12,1.0,0.0,0.7129197625549757,0.7129197625549757,,,,1.0
37,acetone_hl_gap_eV,13,1.0,0.0,0.7129197625549757,0.7129197625549757,,,,1.0
37,acetone_hl_gap_eV,14,1.0,0.0,0.7129197625549757,0.7129197625549757,,,,1.0
37,acetone_hl_gap_eV,15,1.0,0.0,0.7129197625549757,0.7129197625549757,,,,1.0
37,acetone_hl_gap_eV,16,1.0,0.0,0.7129197625549757,0.7129197625549757,,,,1.0
37,acetone_hl_gap_eV,17,1.0,0.0,0.7129197625549757,0.7129197625549757,,,,1.0
37,acetone_hl_gap_eV,18,1.0,0.0,0.7129197625549757,0.7129197625549757,,,,1.0
37,acetone_hl_gap_eV,19,1.0,0.0,0.7129197625549757,0.7129197625549757,,,,1.0
37,acetone_hl_gap_eV,20,1.0,0.0,0.7129197625549757,0.7129197625549757,,,,1.0
37,acetone_hl_gap_eV,21,1.0,0.0,0.7129197625549757,0.7129197625549757,,,,1.0
37,acetone_hl_gap_eV,22,1.0,0.0,0.7129197625549757,0.7129197625549757,,,,1.0
37,acetone_hl_gap_eV,23,1.0,0.0,0.7129197625549757,0.7129197625549757,,,,1.0
37,acetone_hl_gap_eV,24,1.0,0.0,0.7129197625549757,0.7129197625549757,,,,1.0
37,acetone_hl_gap_eV,25,1.0,0.0,0.7129197625549757,0.7129197625549757,,,,1.0
37,acetone_hl_gap_eV,26,1.0,0.0,0.7129197625549757,0.7129197625549757,,,,1.0
37,acetone_hl_gap_eV,27,1.0,0.0,0.7129197625549757,0.7129197625549757,,,,1.0
37,acetone_hl_gap_eV,28,1.0,0.0,0.7129197625549757,0.7129197625549757,,,,1.0
37,acetone_hl_gap_eV,29,1.0,0.0,0.7129197625549757,0.7129197625549757,,,,1.0
37,acetone_hl_gap_eV,30,1.0,0.0,0.7129197625549757,0.7129197625549757,,,,1.0
37,acetone_hl_gap_eV,31,1.0,0.0,0.7129197625549757,0.7129197625549757,,,,1.0
37,acetone_hl_gap_eV,32,1.0,0.0,0.7129197625549757,0.7129197625549757,,,,1.0
37,acetone_hl_gap_eV,33,1.0,0.0,0.7129197625549757,0.7129197625549757,,,,1.0
37,acetone_hl_gap_eV,34,1.0,0.0,0.7129197625549757,0.7129197625549757,,,,1.0
37,acetone_hl_gap_eV,35,1.0,0.0,0.7129197625549757,0.7129197625549757,,,,1.0
37,acetone_hl_gap_eV,36,1.0,0.0,0.7129197625549757,0.7129197625549757,,,,1.0
37,acetone_hl_gap_eV,37,1.0,0.0,0.7129197625549757,0.7129197625549757,,,,1.0
37,acetone_hl_gap_eV,38,1.0,0.0,0.7129197625549757,0.7129197625549757,,,,1.0
37,acetone_hl_gap_eV,39,1.0,0.0,0.7129197625549757,0.7129197625549757,,,,1.0
37,acetone_hl_gap_eV,40,1.0,0.0,0.7129197625549757,0.7129197625549757,,,,1.0
37,acetone_hl_gap_eV,41,1.0,0.0,0.7129197625549757,0.7129197625549757,,,,1.0
37,acetone_hl_gap_eV,42,1.0,0.0,0.7129197625549757,0.7129197625549757,,,,1.0
37,acetone_hl_gap_eV,43,1.0,0.0,0.7129197625549757,0.7129197625549757,,,,1.0
37,acetone_hl_gap_eV,44,1.0,0.0,0.7129197625549757,0.7129197625549757,,,,1.0
37,acetone_hl_gap_eV,45,1.0,0.0,0.7129197625549757,0.7129197625549757,,,,1.0
37,acetone_hl_gap_eV,46,1.0,0.0,0.7129197625549757,0.7129197625549757,,,,1.0
37,acetone_hl_gap_eV,47,1.0,0.0,0.7129197625549757,0.7129197625549757,,,,1.0
37,acetone_hl_gap_eV,48,1.0,0.0,0.7129197625549757,0.7129197625549757,,,,1.0
37,acetone_hl_gap_eV,49,1.0,0.0,0.7129197625549757,0.7129197625549757,,,,1.0
37,acetone_hl_gap_eV,50,1.0,0.0,0.7129197625549757,0.7129197625549757,,,,1.0
37,acetone_hl_gap_eV,51,1.0,0.0,0.7129197625549757,0.7129197625549757,,,,1.0
37,acetone_hl_gap_eV,52,1.0,0.0,0.7129197625549757,0.7129197625549757,,,,1.0
37,acetone_hl_gap_eV,53,1.0,0.0,0.7129197625549757,0.7129197625549757,,,,1.0
37,acetone_hl_gap_eV,54,1.0,0.0,0.7129197625549757,0.7129197625549757,,,,1.0
37,acetone_hl_gap_eV,55,1.0,0.0,0.7129197625549757,0.7129197625549757,,,,1.0
37,acetone_hl_gap_eV,56,1.0,0.0,0.7129197625549757,0.7129197625549757,,,,1.0
37,acetone_hl_gap_eV,57,1.0,0.0,0.7129197625549757,0.7129197625549757,,,,1.0
37,acetone_hl_gap_eV,58,1.0,0.0,0.7129197625549757,0.7129197625549757,,,,1.0
37,acetone_hl_gap_eV,59,1.0,0.0,0.7129197625549757,0.7129197625549757,,,,1.0
37,acetone_hl_gap_eV,60,1.0,0.0,0.7129197625549757,0.7129197625549757,,,,1.0
37,acetone_hl_gap_eV,61,1.0,0.0,0.7129197625549757,0.7129197625549757,,,,1.0
37,acetone_hl_gap_eV,62,1.0,0.0,0.7129197625549757,0.7129197625549757,,,,1.0
37,acetone_hl_gap_eV,63,1.0,0.0,0.7129197625549757,0.7129197625549757,,,,1.0
37,acetone_hl_gap_eV,64,1.0,0.0,0.7129197625549757,0.7129197625549757,,,,1.0
37,acetone_hl_gap_eV,65,1.0,0.0,0.7129197625549757,0.7129197625549757,,,,1.0
37,acetone_hl_gap_eV,66,1.0,0.0,0.7129197625549757,0.7129197625549757,,,,1.0
37,acetone_hl_gap_eV,67,1.0,0.0,0.7129197625549757,0.7129197625549757,,,,1.0
37,acetone_hl_gap_eV,68,1.0,0.0,0.7129197625549757,0.7129197625549757,,,,1.0
37,acetone_hl_gap_eV,69,1.0,0.0,0.7129197625549757,0.7129197625549757,,,,1.0
37,acetone_hl_gap_eV,70,1.0,0.0,0.7129197625549757,0.7129197625549757,,,,1.0
37,acetone_hl_gap_eV,71,1.0,0.0,0.7129197625549757,0.7129197625549757,,,,1.0
37,acetone_hl_gap_eV,72,1.0,0.0,0.7129197625549757,0.7129197625549757,,,,1.0
37,acetone_hl_gap_eV,73,1.0,0.0,0.7129197625549757,0.7129197625549757,,,,1.0
37,acetone_hl_gap_eV,74,1.0,0.0,0.7129197625549757,0.7129197625549757,,,,1.0
37,acetone_hl_gap_eV,75,1.0,0.0,0.7129197625549757,0.7129197625549757,,,,1.0
37,acetone_hl_gap_eV,76,1.0,0.0,0.7129197625549757,0.7129197625549757,,,,1.0
37,acetone_hl_gap_eV,77,1.0,0.0,0.7129197625549757,0.7129197625549757,,,,1.0
37,acetone_hl_gap_eV,78,1.0,0.0,0.7129197625549757,0.7129197625549757,,,,1.0
37,acetone_hl_gap_eV,79,1.0,0.0,0.7129197625549757,0.7129197625549757,,,,1.0
37,acetone_hl_gap_eV,80,1.0,0.0,0.7129197625549757,0.7129197625549757,,,,1.0
37,acetone_hl_gap_eV,81,1.0,0.0,0.7129197625549757,0.7129197625549757,,,,1.0
37,acetone_hl_gap_eV,82,1.0,0.0,0.7129197625549757,0.7129197625549757,,,,1.0
37,acetone_hl_gap_eV,83,1.0,0.0,0.7129197625549757,0.7129197625549757,,,,1.0
37,acetone_hl_gap_eV,84,1.0,0.0,0.7129197625549757,0.7129197625549757,,,,1.0
37,acetone_hl_gap_eV,85,1.0,0.0,0.7129197625549757,0.7129197625549757,,,,1.0
37,acetone_hl_gap_eV,86,1.0,0.0,0.7129197625549757,0.7129197625549757,,,,1.0
37,acetone_hl_gap_eV,87,1.0,0.0,0.7129197625549757,0.7129197625549757,,,,1.0
37,acetone_hl_gap_eV,88,1.0,0.0,0.7129197625549757,0.7129197625549757,,,,1.0
37,acetone_hl_gap_eV,89,1.0,0.0,0.7129197625549757,0.7129197625549757,,,,1.0
37,acetone_hl_gap_eV,90,1.0,0.0,0.7129197625549757,0.7129197625549757,,,,1.0
37,acetone_hl_gap_eV,91,1.0,0.0,0.7129197625549757,0.7129197625549757,,,,1.0
37,acetone_hl_gap_eV,92,1.0,0.0,0.7129197625549757,0.7129197625549757,,,,1.0
37,acetone_hl_gap_eV,93,1.0,0.0,0.7129197625549757,0.7129197625549757,,,,1.0
37,acetone_hl_gap_eV,94,1.0,0.0,0.7129197625549757,0.7129197625549757,,,,1.0
37,acetone_hl_gap_eV,95,1.0,0.0,0.7129197625549757,0.7129197625549757,,,,1.0
37,acetone_hl_gap_eV,96,1.0,0.0,0.7129197625549757,0.7129197625549757,,,,1.0
37,acetone_hl_gap_eV,97,1.0,0.0,0.7129197625549757,0.7129197625549757,,,,1.0
37,acetone_hl_gap_eV,98,1.0,0.0,0.7129197625549757,0.7129197625549757,,,,1.0
37,acetone_hl_gap_eV,99,1.0,0.0,0.7129197625549757,0.7129197625549757,,,,1.0
37,acetone_hl_gap_eV,100,1.0,0.0,0.7129197625549757,0.7129197625549757,,,,1.0
37,acetone_hl_gap_eV,101,1.0,0.0,0.7129197625549757,0.7129197625549757,,,,1.0
37,acetone_hl_gap_eV,102,1.0,0.0,0.7129197625549757,0.7129197625549757,,,,1.0
37,acetone_hl_gap_eV,103,1.0,0.0,0.7129197625549757,0.7129197625549757,,,,1.0
37,acetone_hl_gap_eV,104,1.0,0.0,0.7129197625549757,0.7129197625549757,,,,1.0
37,acetone_hl_gap_eV,105,1.0,0.0,0.7129197625549757,0.7129197625549757,,,,1.0
37,acetone_hl_gap_eV,106,1.0,0.0,0.7129197625549757,0.7129197625549757,,,,1.0
37,acetone_hl_gap_eV,107,1.0,0.0,0.7129197625549757,0.7129197625549757,,,,1.0
37,acetone_hl_gap_eV,108,1.0,0.0,0.7129197625549757,0.7129197625549757,,,,1.0
37,acetone_hl_gap_eV,109,1.0,0.0,0.7129197625549757,0.7129197625549757,,,,1.0
37,acetone_hl_gap_eV,110,1.0,0.0,0.7129197625549757,0.7129197625549757,,,,1.0
37,acetone_hl_gap_eV,111,1.0,0.0,0.7129197625549757,0.7129197625549757,,,,1.0
37,acetone_hl_gap_eV,112,1.0,0.0,0.7129197625549757,0.7129197625549757,,,,1.0
37,acetone_hl_gap_eV,113,1.0,0.0,0.7129197625549757,0.7129197625549757,,,,1.0
37,acetone_hl_gap_eV,114,1.0,0.0,0.7129197625549757,0.7129197625549757,,,,1.0
37,acetone_hl_gap_eV,115,1.0,0.0,0.7129197625549757,0.7129197625549757,,,,1.0
37,acetone_hl_gap_eV,116,1.0,0.0,0.7129197625549757,0.7129197625549757,,,,1.0
37,acetone_hl_gap_eV,117,1.0,0.0,0.7129197625549757,0.7129197625549757,,,,1.0
37,acetone_hl_gap_eV,118,1.0,0.0,0.7129197625549757,0.7129197625549757,,,,1.0
37,acetone_hl_gap_eV,119,1.0,0.0,0.7129197625549757,0.7129197625549757,,,,1.0
37,acetone_hl_gap_eV,120,1.0,0.0,0.7129197625549757,0.7129197625549757,,,,1.0
37,acetone_hl_gap_eV,121,1.0,0.0,0.7129197625549757,0.7129197625549757,,,,1.0
37,acetone_hl_gap_eV,122,1.0,0.0,0.7129197625549757,0.7129197625549757,,,,1.0
37,acetone_hl_gap_eV,123,1.0,0.0,0.7129197625549757,0.7129197625549757,,,,1.0
37,acetone_hl_gap_eV,124,1.0,0.0,0.7129197625549757,0.7129197625549757,,,,1.0
37,acetone_hl_gap_eV,125,1.0,0.0,0.7129197625549757,0.7129197625549757,,,,1.0
37,acetone_hl_gap_eV,126,1.0,0.0,0.7129197625549757,0.7129197625549757,,,,1.0
37,acetone_hl_gap_eV,127,1.0,0.0,0.7129197625549757,0.7129197625549757,,,,1.0
37,acetone_hl_gap_eV,128,1.0,0.0,0.7129197625549757,0.7129197625549757,,,,1.0
37,acetone_hl_gap_eV,129,1.0,0.0,0.7129197625549757,0.7129197625549757,,,,1.0
37,acetone_hl_gap_eV,130,1.0,0.0,0.7129197625549757,0.7129197625549757,,,,1.0
37,acetone_hl_gap_eV,131,1.0,0.0,0.7129197625549757,0.7129197625549757,,,,1.0
37,acetone_hl_gap_eV,132,1.0,0.0,0.7129197625549757,0.7129197625549757,,,,1.0
37,acetone_hl_gap_eV,133,1.0,0.0,0.7129197625549757,0.7129197625549757,,,,1.0
37,acetone_hl_gap_eV,134,1.0,0.0,0.7129197625549757,0.7129197625549757,,,,1.0
37,acetone_hl_gap_eV,135,1.0,0.0,0.7129197625549757,0.7129197625549757,,,,1.0
37,acetone_hl_gap_eV,136,1.0,0.0,0.7129197625549757,0.7129197625549757,,,,1.0
37,acetone_hl_gap_eV,137,1.0,0.0,0.7129197625549757,0.7129197625549757,,,,1.0
37,acetone_hl_gap_eV,138,1.0,0.0,0.7129197625549757,0.7129197625549757,,,,1.0
37,acetone_hl_gap_eV,139,1.0,0.0,0.7129197625549757,0.7129197625549757,,,,1.0
37,acetone_hl_gap_eV,140,1.0,0.0,0.7129197625549757,0.7129197625549757,,,,1.0
37,acetone_hl_gap_eV,141,1.0,0.0,0.7129197625549757,0.7129197625549757,,,,1.0
37,acetone_hl_gap_eV,142,1.0,0.0,0.7129197625549757,0.7129197625549757,,,,1.0
37,acetone_hl_gap_eV,143,1.0,0.0,0.7129197625549757,0.7129197625549757,,,,1.0
37,acetone_hl_gap_eV,144,1.0,0.0,0.7129197625549757,0.7129197625549757,,,,1.0
37,acetone_hl_gap_eV,145,1.0,0.0,0.7129197625549757,0.7129197625549757,,,,1.0
37,acetone_hl_gap_eV,146,1.0,0.0,0.7129197625549757,0.7129197625549757,,,,1.0
37,acetone_hl_gap_eV,147,1.0,0.0,0.7129197625549757,0.7129197625549757,,,,1.0
37,acetone_hl_gap_eV,148,1.0,0.0,0.7129197625549757,0.7129197625549757,,,,1.0
37,acetone_hl_gap_eV,149,1.0,0.0,0.7129197625549757,0.7129197625549757,,,,1.0
37,acetone_hl_gap_eV,150,1.0,0.0,0.7129197625549757,0.7129197625549757,,,,1.0
37,acetone_hl_gap_eV,151,1.0,0.0,0.7129197625549757,0.7129197625549757,,,,1.0
37,acetone_hl_gap_eV,152,1.0,0.0,0.7129197625549757,0.7129197625549757,,,,1.0
37,acetone_hl_gap_eV,153,1.0,0.0,0.7129197625549757,0.7129197625549757,,,,1.0
37,acetone_hl_gap_eV,154,1.0,0.0,0.7129197625549757,0.7129197625549757,,,,1.0
37,acetone_hl_gap_eV,155,1.0,0.0,0.7129197625549757,0.7129197625549757,,,,1.0
37,acetone_hl_gap_eV,156,1.0,0.0,0.7129197625549757,0.7129197625549757,,,,1.0
37,acetone_hl_gap_eV,157,1.0,0.0,0.7129197625549757,0.7129197625549757,,,,1.0
37,acetone_hl_gap_eV,158,1.0,0.0,0.7129197625549757,0.7129197625549757,,,,1.0
37,acetone_hl_gap_eV,159,1.0,0.0,0.7129197625549757,0.7129197625549757,,,,1.0
37,acetone_hl_gap_eV,160,1.0,0.0,0.7129197625549757,0.7129197625549757,,,,1.0
37,acetone_hl_gap_eV,161,1.0,0.0,0.7129197625549757,0.7129197625549757,,,,1.0
37,acetone_hl_gap_eV,162,1.0,0.0,0.7129197625549757,0.7129197625549757,,,,1.0
37,acetone_hl_gap_eV,163,1.0,0.0,0.7129197625549757,0.7129197625549757,,,,1.0
37,acetone_hl_gap_eV,164,1.0,0.0,0.7129197625549757,0.7129197625549757,,,,1.0
37,acetone_hl_gap_eV,165,1.0,0.0,0.7129197625549757,0.7129197625549757,,,,1.0
37,acetone_hl_gap_eV,166,1.0,0.0,0.7129197625549757,0.7129197625549757,,,,1.0
37,acetone_hl_gap_eV,167,1.0,0.0,0.7129197625549757,0.7129197625549757,,,,1.0
37,acetone_hl_gap_eV,168,1.0,0.0,0.7129197625549757,0.7129197625549757,,,,1.0
37,acetone_hl_gap_eV,169,1.0,0.0,0.7129197625549757,0.7129197625549757,,,,1.0
37,acetone_hl_gap_eV,170,1.0,0.0,0.7129197625549757,0.7129197625549757,,,,1.0
37,acetone_hl_gap_eV,171,1.0,0.0,0.7129197625549757,0.7129197625549757,,,,1.0
37,acetone_hl_gap_eV,172,1.0,0.0,0.7129197625549757,0.7129197625549757,,,,1.0
37,acetone_hl_gap_eV,173,1.0,0.0,0.7129197625549757,0.7129197625549757,,,,1.0
37,acetone_hl_gap_eV,174,1.0,0.0,0.7129197625549757,0.7129197625549757,,,,1.0
37,acetone_hl_gap_eV,175,1.0,0.0,0.7129197625549757,0.7129197625549757,,,,1.0
37,acetone_hl_gap_eV,176,1.0,0.0,0.7129197625549757,0.7129197625549757,,,,1.0
37,acetone_hl_gap_eV,177,1.0,0.0,0.7129197625549757,0.7129197625549757,,,,1.0
37,acetone_hl_gap_eV,178,1.0,0.0,0.7129197625549757,0.7129197625549757,,,,1.0
37,acetone_hl_gap_eV,179,1.0,0.0,0.7129197625549757,0.7129197625549757,,,,1.0
37,acetone_hl_gap_eV,180,1.0,0.0,0.7129197625549757,0.7129197625549757,,,,1.0
37,acetone_hl_gap_eV,181,1.0,0.0,0.7129197625549757,0.7129197625549757,,,,1.0
37,acetone_hl_gap_eV,182,1.0,0.0,0.7129197625549757,0.7129197625549757,,,,1.0
37,acetone_hl_gap_eV,183,1.0,0.0,0.7129197625549757,0.7129197625549757,,,,1.0
37,acetone_hl_gap_eV,184,1.0,0.0,0.7129197625549757,0.7129197625549757,,,,1.0
37,acetone_hl_gap_eV,185,1.0,0.0,0.7129197625549757,0.7129197625549757,,,,1.0
37,acetone_hl_gap_eV,186,1.0,0.0,0.7129197625549757,0.7129197625549757,,,,1.0
37,acetone_hl_gap_eV,187,1.0,0.0,0.7129197625549757,0.7129197625549757,,,,1.0
37,acetone_hl_gap_eV,188,1.0,0.0,0.7129197625549757,0.7129197625549757,,,,1.0
37,acetone_hl_gap_eV,189,1.0,0.0,0.7129197625549757,0.7129197625549757,,,,1.0
37,acetone_hl_gap_eV,190,1.0,0.0,0.7129197625549757,0.7129197625549757,,,,1.0
37,acetone_hl_gap_eV,191,1.0,0.0,0.7129197625549757,0.7129197625549757,,,,1.0
37,acetone_hl_gap_eV,192,1.0,0.0,0.7129197625549757,0.7129197625549757,,,,1.0
37,acetone_hl_gap_eV,193,1.0,0.0,0.7129197625549757,0.7129197625549757,,,,1.0
37,acetone_hl_gap_eV,194,1.0,0.0,0.7129197625549757,0.7129197625549757,,,,1.0
37,acetone_hl_gap_eV,195,1.0,0.0,0.7129197625549757,0.7129197625549757,,,,1.0
37,acetone_hl_gap_eV,196,1.0,0.0,0.7129197625549757,0.7129197625549757,,,,1.0
37,acetone_hl_gap_eV,197,1.0,0.0,0.7129197625549757,0.7129197625549757,,,,1.0
37,acetone_hl_gap_eV,198,1.0,0.0,0.7129197625549757,0.7129197625549757,,,,1.0
37,acetone_hl_gap_eV,199,1.0,0.0,0.7129197625549757,0.7129197625549757,,,,1.0
37,acetone_hl_gap_eV,200,1.0,0.0,0.7129197625549757,0.7129197625549757,,,,1.0
37,acetone_hl_gap_eV,201,1.0,0.0,0.7129197625549757,0.7129197625549757,,,,1.0
37,acetone_hl_gap_eV,202,1.0,0.0,0.7129197625549757,0.7129197625549757,,,,1.0
37,acetone_hl_gap_eV,203,1.0,0.0,0.7129197625549757,0.7129197625549757,,,,1.0
37,acetone_hl_gap_eV,204,1.0,0.0,0.7129197625549757,0.7129197625549757,,,,1.0
37,acetone_hl_gap_eV,205,1.0,0.0,0.7129197625549757,0.7129197625549757,,,,1.0
37,acetone_hl_gap_eV,206,1.0,0.0,0.7129197625549757,0.7129197625549757,,,,1.0
37,acetone_hl_gap_eV,207,1.0,0.0,0.7129197625549757,0.7129197625549757,,,,1.0
37,acetone_hl_gap_eV,208,1.0,0.0,0.7129197625549757,0.7129197625549757,,,,1.0
37,acetone_hl_gap_eV,209,1.0,0.0,0.7129197625549757,0.7129197625549757,,,,1.0
37,acetone_hl_gap_eV,210,1.0,0.0,0.7129197625549757,0.7129197625549757,,,,1.0
37,acetone_hl_gap_eV,211,1.0,0.0,0.7129197625549757,0.7129197625549757,,,,1.0
37,acetone_hl_gap_eV,212,1.0,0.0,0.7129197625549757,0.7129197625549757,,,,1.0
37,acetone_hl_gap_eV,213,1.0,0.0,0.7129197625549757,0.7129197625549757,,,,1.0
37,acetone_hl_gap_eV,214,1.0,0.0,0.7129197625549757,0.7129197625549757,,,,1.0
37,acetone_hl_gap_eV,215,1.0,0.0,0.7129197625549757,0.7129197625549757,,,,1.0
37,acetone_hl_gap_eV,216,1.0,0.0,0.7129197625549757,0.7129197625549757,,,,1.0
37,acetone_hl_gap_eV,217,1.0,0.0,0.7129197625549757,0.7129197625549757,,,,1.0
37,acetone_hl_gap_eV,218,1.0,0.0,0.7129197625549757,0.7129197625549757,,,,1.0
37,acetone_hl_gap_eV,219,1.0,0.0,0.7129197625549757,0.7129197625549757,,,,1.0
37,acetone_hl_gap_eV,220,1.0,0.0,0.7129197625549757,0.7129197625549757,,,,1.0
37,acetone_hl_gap_eV,221,1.0,0.0,0.7129197625549757,0.7129197625549757,,,,1.0
37,acetone_hl_gap_eV,222,1.0,0.0,0.7129197625549757,0.7129197625549757,,,,1.0
37,acetone_hl_gap_eV,223,1.0,0.0,0.7129197625549757,0.7129197625549757,,,,1.0
37,acetone_hl_gap_eV,224,1.0,0.0,0.7129197625549757,0.7129197625549757,,,,1.0
37,acetone_hl_gap_eV,225,1.0,0.0,0.7129197625549757,0.7129197625549757,,,,1.0
37,acetone_hl_gap_eV,226,1.0,0.0,0.7129197625549757,0.7129197625549757,,,,1.0
37,acetone_hl_gap_eV,227,1.0,0.0,0.7129197625549757,0.7129197625549757,,,,1.0
37,acetone_hl_gap_eV,228,1.0,0.0,0.7129197625549757,0.7129197625549757,,,,1.0
37,acetone_hl_gap_eV,229,1.0,0.0,0.7129197625549757,0.7129197625549757,,,,1.0
37,acetone_hl_gap_eV,230,1.0,0.0,0.7129197625549757,0.7129197625549757,,,,1.0
37,acetone_hl_gap_eV,231,1.0,0.0,0.7129197625549757,0.7129197625549757,,,,1.0
37,acetone_hl_gap_eV,232,1.0,0.0,0.7129197625549757,0.7129197625549757,,,,1.0
37,acetone_hl_gap_eV,233,1.0,0.0,0.7129197625549757,0.7129197625549757,,,,1.0
37,acetone_hl_gap_eV,234,1.0,0.0,0.7129197625549757,0.7129197625549757,,,,1.0
37,acetone_hl_gap_eV,235,1.0,0.0,0.7129197625549757,0.7129197625549757,,,,1.0
37,acetone_hl_gap_eV,236,1.0,0.0,0.7129197625549757,0.7129197625549757,,,,1.0
37,acetone_hl_gap_eV,237,1.0,0.0,0.7129197625549757,0.7129197625549757,,,,1.0
37,acetone_hl_gap_eV,238,1.0,0.0,0.7129197625549757,0.7129197625549757,,,,1.0
37,acetone_hl_gap_eV,239,1.0,0.0,0.7129197625549757,0.7129197625549757,,,,1.0
37,acetone_hl_gap_eV,240,1.0,0.0,0.7129197625549757,0.7129197625549757,,,,1.0
37,acetone_hl_gap_eV,241,1.0,0.0,0.7129197625549757,0.7129197625549757,,,,1.0
37,acetone_hl_gap_eV,242,1.0,0.0,0.7129197625549757,0.7129197625549757,,,,1.0
37,acetone_hl_gap_eV,243,1.0,0.0,0.7129197625549757,0.7129197625549757,,,,1.0
37,acetone_hl_gap_eV,244,1.0,0.0,0.7129197625549757,0.7129197625549757,,,,1.0
37,acetone_hl_gap_eV,245,1.0,0.0,0.7129197625549757,0.7129197625549757,,,,1.0
37,acetone_hl_gap_eV,246,1.0,0.0,0.7129197625549757,0.7129197625549757,,,,1.0
37,acetone_hl_gap_eV,247,1.0,0.0,0.7129197625549757,0.7129197625549757,,,,1.0
37,acetone_hl_gap_eV,248,1.0,0.0,0.7129197625549757,0.7129197625549757,,,,1.0
37,acetone_hl_gap_eV,249,1.0,0.0,0.7129197625549757,0.7129197625549757,,,,1.0
37,acetone_dipole,0,1.0,0.0,0.5838184100229835,0.5838184100229835,,,,1.0
37,acetone_dipole,1,1.0,0.0,0.5838184100229835,0.5838184100229835,,,,1.0
37,acetone_dipole,2,1.0,0.0,0.5838184100229835,0.5838184100229835,,,,1.0
37,acetone_dipole,3,1.0,0.0,0.5838184100229835,0.5838184100229835,,,,1.0
37,acetone_dipole,4,1.0,0.0,0.5838184100229835,0.5838184100229835,,,,1.0
37,acetone_dipole,5,1.0,0.0,0.5838184100229835,0.5838184100229835,,,,1.0
37,acetone_dipole,6,1.0,0.0,0.5838184100229835,0.5838184100229835,,,,1.0
37,acetone_dipole,7,1.0,0.0,0.5838184100229835,0.5838184100229835,,,,1.0
37,acetone_dipole,8,1.0,0.0,0.5838184100229835,0.5838184100229835,,,,1.0
37,acetone_dipole,9,1.0,0.0,0.5838184100229835,0.5838184100229835,,,,1.0
37,acetone_dipole,10,1.0,0.0,0.5838184100229835,0.5838184100229835,,,,1.0
37,acetone_dipole,11,1.0,0.0,0.5838184100229835,0.5838184100229835,,,,1.0
37,acetone_dipole,12,1.0,0.0,0.5838184100229835,0.5838184100229835,,,,1.0
37,acetone_dipole,13,1.0,0.0,0.5838184100229835,0.5838184100229835,,,,1.0
37,acetone_dipole,14,1.0,0.0,0.5838184100229835,0.5838184100229835,,,,1.0
37,acetone_dipole,15,1.0,0.0,0.5838184100229835,0.5838184100229835,,,,1.0
37,acetone_dipole,16,1.0,0.0,0.5838184100229835,0.5838184100229835,,,,1.0
37,acetone_dipole,17,1.0,0.0,0.5838184100229835,0.5838184100229835,,,,1.0
37,acetone_dipole,18,1.0,0.0,0.5838184100229835,0.5838184100229835,,,,1.0
37,acetone_dipole,19,1.0,0.0,0.5838184100229835,0.5838184100229835,,,,1.0
37,acetone_dipole,20,1.0,0.0,0.5838184100229835,0.5838184100229835,,,,1.0
37,acetone_dipole,21,1.0,0.0,0.5838184100229835,0.5838184100229835,,,,1.0
37,acetone_dipole,22,1.0,0.0,0.5838184100229835,0.5838184100229835,,,,1.0
37,acetone_dipole,23,1.0,0.0,0.5838184100229835,0.5838184100229835,,,,1.0
37,acetone_dipole,24,1.0,0.0,0.5838184100229835,0.5838184100229835,,,,1.0
37,acetone_dipole,25,1.0,0.0,0.5838184100229835,0.5838184100229835,,,,1.0
37,acetone_dipole,26,1.0,0.0,0.5838184100229835,0.5838184100229835,,,,1.0
37,acetone_dipole,27,1.0,0.0,0.5838184100229835,0.5838184100229835,,,,1.0
37,acetone_dipole,28,1.0,0.0,0.5838184100229835,0.5838184100229835,,,,1.0
37,acetone_dipole,29,1.0,0.0,0.5838184100229835,0.5838184100229835,,,,1.0
37,acetone_dipole,30,1.0,0.0,0.5838184100229835,0.5838184100229835,,,,1.0
37,acetone_dipole,31,1.0,0.0,0.5838184100229835,0.5838184100229835,,,,1.0
37,acetone_dipole,32,1.0,0.0,0.5838184100229835,0.5838184100229835,,,,1.0
37,acetone_dipole,33,1.0,0.0,0.5838184100229835,0.5838184100229835,,,,1.0
37,acetone_dipole,34,1.0,0.0,0.5838184100229835,0.5838184100229835,,,,1.0
37,acetone_dipole,35,1.0,0.0,0.5838184100229835,0.5838184100229835,,,,1.0
37,acetone_dipole,36,1.0,0.0,0.5838184100229835,0.5838184100229835,,,,1.0
37,acetone_dipole,37,1.0,0.0,0.5838184100229835,0.5838184100229835,,,,1.0
37,acetone_dipole,38,1.0,0.0,0.5838184100229835,0.5838184100229835,,,,1.0
37,acetone_dipole,39,1.0,0.0,0.5838184100229835,0.5838184100229835,,,,1.0
37,acetone_dipole,40,1.0,0.0,0.5838184100229835,0.5838184100229835,,,,1.0
37,acetone_dipole,41,1.0,0.0,0.5838184100229835,0.5838184100229835,,,,1.0
37,acetone_dipole,42,1.0,0.0,0.5838184100229835,0.5838184100229835,,,,1.0
37,acetone_dipole,43,1.0,0.0,0.5838184100229835,0.5838184100229835,,,,1.0
37,acetone_dipole,44,1.0,0.0,0.5838184100229835,0.5838184100229835,,,,1.0
37,acetone_dipole,45,1.0,0.0,0.5838184100229835,0.5838184100229835,,,,1.0
37,acetone_dipole,46,1.0,0.0,0.5838184100229835,0.5838184100229835,,,,1.0
37,acetone_dipole,47,1.0,0.0,0.5838184100229835,0.5838184100229835,,,,1.0
37,acetone_dipole,48,1.0,0.0,0.5838184100229835,0.5838184100229835,,,,1.0
37,acetone_dipole,49,1.0,0.0,0.5838184100229835,0.5838184100229835,,,,1.0
37,acetone_dipole,50,1.0,0.0,0.5838184100229835,0.5838184100229835,,,,1.0
37,acetone_dipole,51,1.0,0.0,0.5838184100229835,0.5838184100229835,,,,1.0
37,acetone_dipole,52,1.0,0.0,0.5838184100229835,0.5838184100229835,,,,1.0
37,acetone_dipole,53,1.0,0.0,0.5838184100229835,0.5838184100229835,,,,1.0
37,acetone_dipole,54,1.0,0.0,0.5838184100229835,0.5838184100229835,,,,1.0
37,acetone_dipole,55,1.0,0.0,0.5838184100229835,0.5838184100229835,,,,1.0
37,acetone_dipole,56,1.0,0.0,0.5838184100229835,0.5838184100229835,,,,1.0
37,acetone_dipole,57,1.0,0.0,0.5838184100229835,0.5838184100229835,,,,1.0
37,acetone_dipole,58,1.0,0.0,0.5838184100229835,0.5838184100229835,,,,1.0
37,acetone_dipole,59,1.0,0.0,0.5838184100229835,0.5838184100229835,,,,1.0
37,acetone_dipole,60,1.0,0.0,0.5838184100229835,0.5838184100229835,,,,1.0
37,acetone_dipole,61,1.0,0.0,0.5838184100229835,0.5838184100229835,,,,1.0
37,acetone_dipole,62,1.0,0.0,0.5838184100229835,0.5838184100229835,,,,1.0
37,acetone_dipole,63,1.0,0.0,0.5838184100229835,0.5838184100229835,,,,1.0
37,acetone_dipole,64,1.0,0.0,0.5838184100229835,0.5838184100229835,,,,1.0
37,acetone_dipole,65,1.0,0.0,0.5838184100229835,0.5838184100229835,,,,1.0
37,acetone_dipole,66,1.0,0.0,0.5838184100229835,0.5838184100229835,,,,1.0
37,acetone_dipole,67,1.0,0.0,0.5838184100229835,0.5838184100229835,,,,1.0
37,acetone_dipole,68,1.0,0.0,0.5838184100229835,0.5838184100229835,,,,1.0
37,acetone_dipole,69,1.0,0.0,0.5838184100229835,0.5838184100229835,,,,1.0
37,acetone_dipole,70,1.0,0.0,0.5838184100229835,0.5838184100229835,,,,1.0
37,acetone_dipole,71,1.0,0.0,0.5838184100229835,0.5838184100229835,,,,1.0
37,acetone_dipole,72,1.0,0.0,0.5838184100229835,0.5838184100229835,,,,1.0
37,acetone_dipole,73,1.0,0.0,0.5838184100229835,0.5838184100229835,,,,1.0
37,acetone_dipole,74,1.0,0.0,0.5838184100229835,0.5838184100229835,,,,1.0
37,acetone_dipole,75,1.0,0.0,0.5838184100229835,0.5838184100229835,,,,1.0
37,acetone_dipole,76,1.0,0.0,0.5838184100229835,0.5838184100229835,,,,1.0
37,acetone_dipole,77,1.0,0.0,0.5838184100229835,0.5838184100229835,,,,1.0
37,acetone_dipole,78,1.0,0.0,0.5838184100229835,0.5838184100229835,,,,1.0
37,acetone_dipole,79,1.0,0.0,0.5838184100229835,0.5838184100229835,,,,1.0
37,acetone_dipole,80,1.0,0.0,0.5838184100229835,0.5838184100229835,,,,1.0
37,acetone_dipole,81,1.0,0.0,0.5838184100229835,0.5838184100229835,,,,1.0
37,acetone_dipole,82,1.0,0.0,0.5838184100229835,0.5838184100229835,,,,1.0
37,acetone_dipole,83,1.0,0.0,0.5838184100229835,0.5838184100229835,,,,1.0
37,acetone_dipole,84,1.0,0.0,0.5838184100229835,0.5838184100229835,,,,1.0
37,acetone_dipole,85,1.0,0.0,0.5838184100229835,0.5838184100229835,,,,1.0
37,acetone_dipole,86,1.0,0.0,0.5838184100229835,0.5838184100229835,,,,1.0
37,acetone_dipole,87,1.0,0.0,0.5838184100229835,0.5838184100229835,,,,1.0
37,acetone_dipole,88,1.0,0.0,0.5838184100229835,0.5838184100229835,,,,1.0
37,acetone_dipole,89,1.0,0.0,0.5838184100229835,0.5838184100229835,,,,1.0
37,acetone_dipole,90,1.0,0.0,0.5838184100229835,0.5838184100229835,,,,1.0
37,acetone_dipole,91,1.0,0.0,0.5838184100229835,0.5838184100229835,,,,1.0
37,acetone_dipole,92,1.0,0.0,0.5838184100229835,0.5838184100229835,,,,1.0
37,acetone_dipole,93,1.0,0.0,0.5838184100229835,0.5838184100229835,,,,1.0
37,acetone_dipole,94,1.0,0.0,0.5838184100229835,0.5838184100229835,,,,1.0
37,acetone_dipole,95,1.0,0.0,0.5838184100229835,0.5838184100229835,,,,1.0
37,acetone_dipole,96,1.0,0.0,0.5838184100229835,0.5838184100229835,,,,1.0
37,acetone_dipole,97,1.0,0.0,0.5838184100229835,0.5838184100229835,,,,1.0
37,acetone_dipole,98,1.0,0.0,0.5838184100229835,0.5838184100229835,,,,1.0
37,acetone_dipole,99,1.0,0.0,0.5838184100229835,0.5838184100229835,,,,1.0
37,acetone_dipole,100,1.0,0.0,0.5838184100229835,0.5838184100229835,,,,1.0
37,acetone_dipole,101,1.0,0.0,0.5838184100229835,0.5838184100229835,,,,1.0
37,acetone_dipole,102,1.0,0.0,0.5838184100229835,0.5838184100229835,,,,1.0
37,acetone_dipole,103,1.0,0.0,0.5838184100229835,0.5838184100229835,,,,1.0
37,acetone_dipole,104,1.0,0.0,0.5838184100229835,0.5838184100229835,,,,1.0
37,acetone_dipole,105,1.0,0.0,0.5838184100229835,0.5838184100229835,,,,1.0
37,acetone_dipole,106,1.0,0.0,0.5838184100229835,0.5838184100229835,,,,1.0
37,acetone_dipole,107,1.0,0.0,0.5838184100229835,0.5838184100229835,,,,1.0
37,acetone_dipole,108,1.0,0.0,0.5838184100229835,0.5838184100229835,,,,1.0
37,acetone_dipole,109,1.0,0.0,0.5838184100229835,0.5838184100229835,,,,1.0
37,acetone_dipole,110,1.0,0.0,0.5838184100229835,0.5838184100229835,,,,1.0
37,acetone_dipole,111,1.0,0.0,0.5838184100229835,0.5838184100229835,,,,1.0
37,acetone_dipole,112,1.0,0.0,0.5838184100229835,0.5838184100229835,,,,1.0
37,acetone_dipole,113,1.0,0.0,0.5838184100229835,0.5838184100229835,,,,1.0
37,acetone_dipole,114,1.0,0.0,0.5838184100229835,0.5838184100229835,,,,1.0
37,acetone_dipole,115,1.0,0.0,0.5838184100229835,0.5838184100229835,,,,1.0
37,acetone_dipole,116,1.0,0.0,0.5838184100229835,0.5838184100229835,,,,1.0
37,acetone_dipole,117,1.0,0.0,0.5838184100229835,0.5838184100229835,,,,1.0
37,acetone_dipole,118,1.0,0.0,0.5838184100229835,0.5838184100229835,,,,1.0
37,acetone_dipole,119,1.0,0.0,0.5838184100229835,0.5838184100229835,,,,1.0
37,acetone_dipole,120,1.0,0.0,0.5838184100229835,0.5838184100229835,,,,1.0
37,acetone_dipole,121,1.0,0.0,0.5838184100229835,0.5838184100229835,,,,1.0
37,acetone_dipole,122,1.0,0.0,0.5838184100229835,0.5838184100229835,,,,1.0
37,acetone_dipole,123,1.0,0.0,0.5838184100229835,0.5838184100229835,,,,1.0
37,acetone_dipole,124,1.0,0.0,0.5838184100229835,0.5838184100229835,,,,1.0
37,acetone_dipole,125,1.0,0.0,0.5838184100229835,0.5838184100229835,,,,1.0
37,acetone_dipole,126,1.0,0.0,0.5838184100229835,0.5838184100229835,,,,1.0
37,acetone_dipole,127,1.0,0.0,0.5838184100229835,0.5838184100229835,,,,1.0
37,acetone_dipole,128,1.0,0.0,0.5838184100229835,0.5838184100229835,,,,1.0
37,acetone_dipole,129,1.0,0.0,0.5838184100229835,0.5838184100229835,,,,1.0
37,acetone_dipole,130,1.0,0.0,0.5838184100229835,0.5838184100229835,,,,1.0
37,acetone_dipole,131,1.0,0.0,0.5838184100229835,0.5838184100229835,,,,1.0
37,acetone_dipole,132,1.0,0.0,0.5838184100229835,0.5838184100229835,,,,1.0
37,acetone_dipole,133,1.0,0.0,0.5838184100229835,0.5838184100229835,,,,1.0
37,acetone_dipole,134,1.0,0.0,0.5838184100229835,0.5838184100229835,,,,1.0
37,acetone_dipole,135,1.0,0.0,0.5838184100229835,0.5838184100229835,,,,1.0
37,acetone_dipole,136,1.0,0.0,0.5838184100229835,0.5838184100229835,,,,1.0
37,acetone_dipole,137,1.0,0.0,0.5838184100229835,0.5838184100229835,,,,1.0
37,acetone_dipole,138,1.0,0.0,0.5838184100229835,0.5838184100229835,,,,1.0
37,acetone_dipole,139,1.0,0.0,0.5838184100229835,0.5838184100229835,,,,1.0
37,acetone_dipole,140,1.0,0.0,0.5838184100229835,0.5838184100229835,,,,1.0
37,acetone_dipole,141,1.0,0.0,0.5838184100229835,0.5838184100229835,,,,1.0
37,acetone_dipole,142,1.0,0.0,0.5838184100229835,0.5838184100229835,,,,1.0
37,acetone_dipole,143,1.0,0.0,0.5838184100229835,0.5838184100229835,,,,1.0
37,acetone_dipole,144,1.0,0.0,0.5838184100229835,0.5838184100229835,,,,1.0
37,acetone_dipole,145,1.0,0.0,0.5838184100229835,0.5838184100229835,,,,1.0
37,acetone_dipole,146,1.0,0.0,0.5838184100229835,0.5838184100229835,,,,1.0
37,acetone_dipole,147,1.0,0.0,0.5838184100229835,0.5838184100229835,,,,1.0
37,acetone_dipole,148,1.0,0.0,0.5838184100229835,0.5838184100229835,,,,1.0
37,acetone_dipole,149,1.0,0.0,0.5838184100229835,0.5838184100229835,,,,1.0
37,acetone_dipole,150,1.0,0.0,0.5838184100229835,0.5838184100229835,,,,1.0
37,acetone_dipole,151,1.0,0.0,0.5838184100229835,0.5838184100229835,,,,1.0
37,acetone_dipole,152,1.0,0.0,0.5838184100229835,0.5838184100229835,,,,1.0
37,acetone_dipole,153,1.0,0.0,0.5838184100229835,0.5838184100229835,,,,1.0
37,acetone_dipole,154,1.0,0.0,0.5838184100229835,0.5838184100229835,,,,1.0
37,acetone_dipole,155,1.0,0.0,0.5838184100229835,0.5838184100229835,,,,1.0
37,acetone_dipole,156,1.0,0.0,0.5838184100229835,0.5838184100229835,,,,1.0
37,acetone_dipole,157,1.0,0.0,0.5838184100229835,0.5838184100229835,,,,1.0
37,acetone_dipole,158,1.0,0.0,0.5838184100229835,0.5838184100229835,,,,1.0
37,acetone_dipole,159,1.0,0.0,0.5838184100229835,0.5838184100229835,,,,1.0
37,acetone_dipole,160,1.0,0.0,0.5838184100229835,0.5838184100229835,,,,1.0
37,acetone_dipole,161,1.0,0.0,0.5838184100229835,0.5838184100229835,,,,1.0
37,acetone_dipole,162,1.0,0.0,0.5838184100229835,0.5838184100229835,,,,1.0
37,acetone_dipole,163,1.0,0.0,0.5838184100229835,0.5838184100229835,,,,1.0
37,acetone_dipole,164,1.0,0.0,0.5838184100229835,0.5838184100229835,,,,1.0
37,acetone_dipole,165,1.0,0.0,0.5838184100229835,0.5838184100229835,,,,1.0
37,acetone_dipole,166,1.0,0.0,0.5838184100229835,0.5838184100229835,,,,1.0
37,acetone_dipole,167,1.0,0.0,0.5838184100229835,0.5838184100229835,,,,1.0
37,acetone_dipole,168,1.0,0.0,0.5838184100229835,0.5838184100229835,,,,1.0
37,acetone_dipole,169,1.0,0.0,0.5838184100229835,0.5838184100229835,,,,1.0
37,acetone_dipole,170,1.0,0.0,0.5838184100229835,0.5838184100229835,,,,1.0
37,acetone_dipole,171,1.0,0.0,0.5838184100229835,0.5838184100229835,,,,1.0
37,acetone_dipole,172,1.0,0.0,0.5838184100229835,0.5838184100229835,,,,1.0
37,acetone_dipole,173,1.0,0.0,0.5838184100229835,0.5838184100229835,,,,1.0
37,acetone_dipole,174,1.0,0.0,0.5838184100229835,0.5838184100229835,,,,1.0
37,acetone_dipole,175,1.0,0.0,0.5838184100229835,0.5838184100229835,,,,1.0
37,acetone_dipole,176,1.0,0.0,0.5838184100229835,0.5838184100229835,,,,1.0
37,acetone_dipole,177,1.0,0.0,0.5838184100229835,0.5838184100229835,,,,1.0
37,acetone_dipole,178,1.0,0.0,0.5838184100229835,0.5838184100229835,,,,1.0
37,acetone_dipole,179,1.0,0.0,0.5838184100229835,0.5838184100229835,,,,1.0
37,acetone_dipole,180,1.0,0.0,0.5838184100229835,0.5838184100229835,,,,1.0
37,acetone_dipole,181,1.0,0.0,0.5838184100229835,0.5838184100229835,,,,1.0
37,acetone_dipole,182,1.0,0.0,0.5838184100229835,0.5838184100229835,,,,1.0
37,acetone_dipole,183,1.0,0.0,0.5838184100229835,0.5838184100229835,,,,1.0
37,acetone_dipole,184,1.0,0.0,0.5838184100229835,0.5838184100229835,,,,1.0
37,acetone_dipole,185,1.0,0.0,0.5838184100229835,0.5838184100229835,,,,1.0
37,acetone_dipole,186,1.0,0.0,0.5838184100229835,0.5838184100229835,,,,1.0
37,acetone_dipole,187,1.0,0.0,0.5838184100229835,0.5838184100229835,,,,1.0
37,acetone_dipole,188,1.0,0.0,0.5838184100229835,0.5838184100229835,,,,1.0
37,acetone_dipole,189,1.0,0.0,0.5838184100229835,0.5838184100229835,,,,1.0
37,acetone_dipole,190,1.0,0.0,0.5838184100229835,0.5838184100229835,,,,1.0
37,acetone_dipole,191,1.0,0.0,0.5838184100229835,0.5838184100229835,,,,1.0
37,acetone_dipole,192,1.0,0.0,0.5838184100229835,0.5838184100229835,,,,1.0
37,acetone_dipole,193,1.0,0.0,0.5838184100229835,0.5838184100229835,,,,1.0
37,acetone_dipole,194,1.0,0.0,0.5838184100229835,0.5838184100229835,,,,1.0
37,acetone_dipole,195,1.0,0.0,0.5838184100229835,0.5838184100229835,,,,1.0
37,acetone_dipole,196,1.0,0.0,0.5838184100229835,0.5838184100229835,,,,1.0
37,acetone_dipole,197,1.0,0.0,0.5838184100229835,0.5838184100229835,,,,1.0
37,acetone_dipole,198,1.0,0.0,0.5838184100229835,0.5838184100229835,,,,1.0
37,acetone_dipole,199,1.0,0.0,0.5838184100229835,0.5838184100229835,,,,1.0
37,acetone_dipole,200,1.0,0.0,0.5838184100229835,0.5838184100229835,,,,1.0
37,acetone_dipole,201,1.0,0.0,0.5838184100229835,0.5838184100229835,,,,1.0
37,acetone_dipole,202,1.0,0.0,0.5838184100229835,0.5838184100229835,,,,1.0
37,acetone_dipole,203,1.0,0.0,0.5838184100229835,0.5838184100229835,,,,1.0
37,acetone_dipole,204,1.0,0.0,0.5838184100229835,0.5838184100229835,,,,1.0
37,acetone_dipole,205,1.0,0.0,0.5838184100229835,0.5838184100229835,,,,1.0
37,acetone_dipole,206,1.0,0.0,0.5838184100229835,0.5838184100229835,,,,1.0
37,acetone_dipole,207,1.0,0.0,0.5838184100229835,0.5838184100229835,,,,1.0
37,acetone_dipole,208,1.0,0.0,0.5838184100229835,0.5838184100229835,,,,1.0
37,acetone_dipole,209,1.0,0.0,0.5838184100229835,0.5838184100229835,,,,1.0
37,acetone_dipole,210,1.0,0.0,0.5838184100229835,0.5838184100229835,,,,1.0
37,acetone_dipole,211,1.0,0.0,0.5838184100229835,0.5838184100229835,,,,1.0
37,acetone_dipole,212,1.0,0.0,0.5838184100229835,0.5838184100229835,,,,1.0
37,acetone_dipole,213,1.0,0.0,0.5838184100229835,0.5838184100229835,,,,1.0
37,acetone_dipole,214,1.0,0.0,0.5838184100229835,0.5838184100229835,,,,1.0
37,acetone_dipole,215,1.0,0.0,0.5838184100229835,0.5838184100229835,,,,1.0
37,acetone_dipole,216,1.0,0.0,0.5838184100229835,0.5838184100229835,,,,1.0
37,acetone_dipole,217,1.0,0.0,0.5838184100229835,0.5838184100229835,,,,1.0
37,acetone_dipole,218,1.0,0.0,0.5838184100229835,0.5838184100229835,,,,1.0
37,acetone_dipole,219,1.0,0.0,0.5838184100229835,0.5838184100229835,,,,1.0
37,acetone_dipole,220,1.0,0.0,0.5838184100229835,0.5838184100229835,,,,1.0
37,acetone_dipole,221,1.0,0.0,0.5838184100229835,0.5838184100229835,,,,1.0
37,acetone_dipole,222,1.0,0.0,0.5838184100229835,0.5838184100229835,,,,1.0
37,acetone_dipole,223,1.0,0.0,0.5838184100229835,0.5838184100229835,,,,1.0
37,acetone_dipole,224,1.0,0.0,0.5838184100229835,0.5838184100229835,,,,1.0
37,acetone_dipole,225,1.0,0.0,0.5838184100229835,0.5838184100229835,,,,1.0
37,acetone_dipole,226,1.0,0.0,0.5838184100229835,0.5838184100229835,,,,1.0
37,acetone_dipole,227,1.0,0.0,0.5838184100229835,0.5838184100229835,,,,1.0
37,acetone_dipole,228,1.0,0.0,0.5838184100229835,0.5838184100229835,,,,1.0
37,acetone_dipole,229,1.0,0.0,0.5838184100229835,0.5838184100229835,,,,1.0
37,acetone_dipole,230,1.0,0.0,0.5838184100229835,0.5838184100229835,,,,1.0
37,acetone_dipole,231,1.0,0.0,0.5838184100229835,0.5838184100229835,,,,1.0
37,acetone_dipole,232,1.0,0.0,0.5838184100229835,0.5838184100229835,,,,1.0
37,acetone_dipole,233,1.0,0.0,0.5838184100229835,0.5838184100229835,,,,1.0
37,acetone_dipole,234,1.0,0.0,0.5838184100229835,0.5838184100229835,,,,1.0
37,acetone_dipole,235,1.0,0.0,0.5838184100229835,0.5838184100229835,,,,1.0
37,acetone_dipole,236,1.0,0.0,0.5838184100229835,0.5838184100229835,,,,1.0
37,acetone_dipole,237,1.0,0.0,0.5838184100229835,0.5838184100229835,,,,1.0
37,acetone_dipole,238,1.0,0.0,0.5838184100229835,0.5838184100229835,,,,1.0
37,acetone_dipole,239,1.0,0.0,0.5838184100229835,0.5838184100229835,,,,1.0
37,acetone_dipole,240,1.0,0.0,0.5838184100229835,0.5838184100229835,,,,1.0
37,acetone_dipole,241,1.0,0.0,0.5838184100229835,0.5838184100229835,,,,1.0
37,acetone_dipole,242,1.0,0.0,0.5838184100229835,0.5838184100229835,,,,1.0
37,acetone_dipole,243,1.0,0.0,0.5838184100229835,0.5838184100229835,,,,1.0
37,acetone_dipole,244,1.0,0.0,0.5838184100229835,0.5838184100229835,,,,1.0
37,acetone_dipole,245,1.0,0.0,0.5838184100229835,0.5838184100229835,,,,1.0
37,acetone_dipole,246,1.0,0.0,0.5838184100229835,0.5838184100229835,,,,1.0
37,acetone_dipole,247,1.0,0.0,0.5838184100229835,0.5838184100229835,,,,1.0
37,acetone_dipole,248,1.0,0.0,0.5838184100229835,0.5838184100229835,,,,1.0
37,acetone_dipole,249,1.0,0.0,0.5838184100229835,0.5838184100229835,,,,1.0
37,octanol_gsolv_eV,0,0.348834365606308,0.0543915219604969,0.6480152471208642,0.923848791822294,12.70909309387207,0.8275363445281982,0.06511372120857392,0.24
37,octanol_gsolv_eV,1,0.3146956264972687,0.04970582574605942,0.6479870754813255,0.9117047678113375,11.56582260131836,1.0152816772460938,0.08778291974929343,0.26
37,octanol_gsolv_eV,2,0.2883409261703491,0.04553627222776413,0.6465302246222822,0.9014319705508609,10.577778816223145,1.2415907382965088,0.11737726415608922,0.26
37,octanol_gsolv_eV,3,0.2932837903499603,0.04884302243590355,0.6473894649329861,0.916327336499644,11.303550720214844,0.7328234314918518,0.0648312596307723,0.2
37,octanol_gsolv_eV,4,0.18266001343727112,0.04792407155036926,0.6470592629724241,0.9484135678006311,10.991632461547852,0.07060925662517548,0.006423909903482364,0.12
37,octanol_gsolv_eV,5,0.20283085107803345,0.0531306229531765,0.6472395667384896,0.961802929596183,12.255702018737793,0.14023460447788239,0.011442396711626729,0.12
37,octanol_gsolv_eV,6,0.375362366437912,0.04176286607980728,0.6500698471896957,0.9227661997204761,9.819575309753418,1.328400731086731,0.13528087408905354,0.28
37,octanol_gsolv_eV,7,0.2639881670475006,0.05320386961102486,0.6426245557992565,0.9115431081788741,12.130894660949707,0.8631803393363953,0.07115553827328498,0.24
37,octanol_gsolv_eV,8,0.4519006907939911,0.04376040771603584,0.6519460389858251,0.9158990373049887,10.27278995513916,2.2521207332611084,0.21923165401960173,0.42
37,octanol_gsolv_eV,9,0.29523974657058716,0.04894672706723213,0.6458724702693965,0.9117058633542412,11.334006309509277,0.7144774794578552,0.06303838730514962,0.26
37,octanol_gsolv_eV,10,0.12033026665449142,0.056996531784534454,0.6422674738893936,0.9696814214734601,12.866726875305176,0.022225305438041687,0.0017273472619286124,0.06
37,octanol_gsolv_eV,11,0.14344510436058044,0.02853165753185749,0.6466798494932184,0.9460776599652672,6.470637321472168,0.08021796494722366,0.01239722780954332,0.12
37,octanol_gsolv_eV,12,0.2778761684894562,0.04844000190496445,0.6466337315624044,0.9225437513029044,11.216279029846191,0.6618306636810303,0.05900625884216309,0.28
37,octanol_gsolv_eV,13,0.5979586839675903,0.017397664487361908,0.6642234014566706,0.9128535030747349,3.8825252056121826,1.7369976043701172,0.4473886227085636,0.48
37,octanol_gsolv_eV,14,0.21867971122264862,0.05624733492732048,0.6384371544599601,0.931527379058277,12.517077445983887,0.5410600900650024,0.043225752369104496,0.2
37,octanol_gsolv_eV,15,0.2407425343990326,0.04775036871433258,0.6477934760350024,0.95684902933759,11.025520324707031,0.2704681158065796,0.02453109765717714,0.2
37,octanol_gsolv_eV,16,0.34519803524017334,0.05286700278520584,0.6454158745222314,0.9174678268582457,12.227346420288086,0.728621244430542,0.05958948240982078,0.36
37,octanol_gsolv_eV,17,0.23328807950019836,0.05059920996427536,0.6446303168647416,0.9460303415928968,11.585938453674316,0.19535283744335175,0.016861201034724844,0.2
37,octanol_gsolv_eV,18,0.4687361419200897,0.03693779557943344,0.6556522907121141,0.9226732012791092,8.660177230834961,2.0365869998931885,0.23516689619720788,0.32
37,octanol_gsolv_eV,19,0.3850671947002411,0.04993630200624466,0.6504733544500292,0.9502464057713931,11.663562774658203,1.6128573417663574,0.1382817045637774,0.46
37,octanol_gsolv_eV,20,0.12291191518306732,0.04873261973261833,0.6468062419749505,0.9739582238469786,11.13399887084961,0.009394001215696335,0.0008437221275718974,0.12
37,octanol_gsolv_eV,21,0.27072614431381226,0.04608644172549248,0.647819733853761,0.9076142372143412,10.748719215393066,0.5978099703788757,0.05561685614810384,0.3
37,octanol_gsolv_eV,22,0.3590741753578186,0.05005228519439697,0.6492109821232903,0.9230069017893054,11.743040084838867,0.9403560757637024,0.08007773702295129,0.26
37,octanol_gsolv_eV,23,0.32117435336112976,0.046156369149684906,0.6485554546217451,0.906006417152726,10.712469100952148,0.8959237933158875,0.08363373419077173,0.18
37,octanol_gsolv_eV,24,0.4255824387073517,0.05001064017415047,0.6521609238799155,0.9345935452556526,11.719820022583008,1.7123358249664307,0.14610598299862268,0.32
37,octanol_gsolv_eV,25,0.0812087133526802,0.057552337646484375,0.6405018880222049,0.9589833025488594,13.009791374206543,0.007364667486399412,0.0005660865170367559,0.02
37,octanol_gsolv_eV,26,0.25798970460891724,0.049073074012994766,0.6423567048127365,0.9019637396919955,11.183133125305176,0.6794945001602173,0.060760655582527065,0.26
37,octanol_gsolv_eV,27,0.4010816812515259,0.029272902756929398,0.6496257242860601,0.9133640214739065,6.666967868804932,1.442192792892456,0.21631914556548962,0.24
37,octanol_gsolv_eV,28,0.27497556805610657,0.05792290344834328,0.6407120305814733,0.9515278131742784,12.938514709472656,0.6338754892349243,0.048991364423834984,0.3
37,octanol_gsolv_eV,29,0.36466068029403687,0.05038462579250336,0.6486269943517675,0.9183643765712814,11.959810256958008,1.2154297828674316,0.10162617606414917,0.38
37,octanol_gsolv_eV,30,0.05484480783343315,0.04271223396062851,0.6461931029173462,0.9626955672737814,9.74889087677002,0.010803078301250935,0.0011081340880523002,0.08
37,octanol_gsolv_eV,31,0.30927976965904236,0.04375675320625305,0.6483249501855515,0.9217278139028007,10.134626388549805,1.5794603824615479,0.15584791406282494,0.26
37,octanol_gsolv_eV,32,0.27792632579803467,0.046301912516355515,0.6469901846235486,0.8978555396928531,10.852137565612793,0.6854967474937439,0.06316697916416761,0.22
37,octanol_gsolv_eV,33,0.28150707483291626,0.05712595209479332,0.6431840038534951,0.9154099825256488,13.058650970458984,1.2294819355010986,0.09415076168912147,0.22
37,octanol_gsolv_eV,34,0.10925140976905823,0.04984074831008911,0.6465406827148716,0.9692596668147351,11.388486862182617,0.012679969891905785,0.0011134025130249527,0.1
37,octanol_gsolv_eV,35,0.2445959746837616,0.05392887443304062,0.6448442894726116,0.9028271665898024,12.378008842468262,0.6850290894508362,0.055342430124992265,0.22
37,octanol_gsolv_eV,36,0.32403045892715454,0.05512682721018791,0.6483905472391485,0.9168908074857742,13.037562370300293,1.1797871589660645,0.09049139137034024,0.36
37,octanol_gsolv_eV,37,0.36235547065734863,0.05818192660808563,0.6399606736993204,0.9183859067619244,13.177431106567383,1.3044174909591675,0.09898875436420004,0.22
37,octanol_gsolv_eV,38,0.1470344215631485,0.05408339202404022,0.645013219677333,0.9719476459987213,12.275777816772461,0.017796412110328674,0.001449717677849573,0.1
37,octanol_gsolv_eV,39,0.3085189759731293,0.04970846697688103,0.6472764427252213,0.9169019086268768,11.579690933227539,0.799353301525116,0.06903062492206923,0.24
37,octanol_gsolv_eV,40,0.26445361971855164,0.04714050889015198,0.6471494410947518,0.9075381299457483,10.892513275146484,0.9382255673408508,0.08613490235367498,0.2
37,octanol_gsolv_eV,41,0.29900604486465454,0.04650184512138367,0.6456824164525901,0.9194889325534166,10.78567886352539,1.0406768321990967,0.09648691059386341,0.18
37,octanol_gsolv_eV,42,0.35305044054985046,0.048828478902578354,0.6483048135045797,0.9109136720039721,11.447028160095215,0.9831029176712036,0.08588280765293639,0.34
37,octanol_gsolv_eV,43,0.3181324899196625,0.04739582911133766,0.6452037290613442,0.921881464310577,10.965224266052246,1.3324428796768188,0.12151533314297926,0.22
37,octanol_gsolv_eV,44,0.15420682728290558,0.05539347976446152,0.6442544608655414,0.9560781861624505,12.54105281829834,0.0631091520190239,0.005032205264851679,0.1
37,octanol_gsolv_eV,45,0.293081670999527,0.05220872536301613,0.6447047404565283,0.9139203680518695,11.952110290527344,0.7504017949104309,0.06278404203692485,0.24
37,octanol_gsolv_eV,46,0.3194783926010132,0.04687267169356346,0.6460636242738305,0.926953281975023,10.728344917297363,0.982447624206543,0.09157494765315924,0.24
37,octanol_gsolv_eV,47,0.059627715498209,0.05419277772307396,0.6439874792365141,0.9381911425627205,12.243708610534668,0.09818147867918015,0.008018932972212631,0.02
37,octanol_gsolv_eV,48,0.3771398067474365,0.04719695448875427,0.6494155817950877,0.924227898355366,11.132852554321289,0.7946428060531616,0.07137818471733158,0.3
37,octanol_gsolv_eV,49,0.4472509026527405,0.04741276800632477,0.6509207574123215,0.9173598758869499,11.183070182800293,1.7913291454315186,0.16018223226271136,0.32
37,octanol_gsolv_eV,50,0.08223021775484085,0.04799957573413849,0.6454438655610881,0.9631213762007327,10.9063081741333,0.007131221238523722,0.0006538620699749687,0.06
37,octanol_gsolv_eV,51,0.42812222242355347,0.03982602804899216,0.6507158083005011,0.9404573805285823,9.128996849060059,1.248701810836792,0.13678412113433483,0.28
37,octanol_gsolv_eV,52,0.2506740689277649,0.04991251230239868,0.6461459041122728,0.9087535982964496,11.610231399536133,0.9949332475662231,0.08569452350501593,0.26
37,octanol_gsolv_eV,53,0.1468685418367386,0.051992084830999374,0.6446749846417856,0.9776652035028712,11.819260597229004,0.006030770484358072,0.0005102493878315849,0.16
37,octanol_gsolv_eV,54,0.2667272686958313,0.04945411533117294,0.6463384178568448,0.9046988066292694,11.51980972290039,1.041569709777832,0.09041553071031035,0.22
37,octanol_gsolv_eV,55,0.30202537775039673,0.04841272532939911,0.64222822227469,0.9275501629399716,11.146567344665527,0.9909958839416504,0.08890592532201554,0.24
37,octanol_gsolv_eV,56,0.25320759415626526,0.044731251895427704,0.647042427484464,0.9200697740542594,10.29362964630127,0.629005491733551,0.06110628741724419,0.2
37,octanol_gsolv_eV,57,0.16909831762313843,0.043918173760175705,0.645825285337442,0.945545213297349,10.017006874084473,0.10573158413171768,0.01055520730501458,0.12
37,octanol_gsolv_eV,58,0.4157797396183014,0.04589211568236351,0.6532560108275762,0.9341544449485062,10.74215316772461,2.2594358921051025,0.2103336134597021,0.38
37,octanol_gsolv_eV,59,0.0797749012708664,0.05119019001722336,0.647794971433842,0.9588467352356822,11.697689056396484,0.011125899851322174,0.0009511194730585143,0.06
37,octanol_gsolv_eV,60,0.2465524971485138,0.05228118598461151,0.6431148609424149,0.9055074824518132,11.908812522888184,0.6416679620742798,0.05388177543655372,0.26
37,octanol_gsolv_eV,61,0.14814652502536774,0.02953951805830002,0.6446974056679469,0.9675746954529563,6.540557861328125,0.09019827842712402,0.013790609354659599,0.14
37,octanol_gsolv_eV,62,0.32134783267974854,0.05533963069319725,0.644179362250126,0.9053814894715762,12.743319511413574,0.7391238808631897,0.05800089060006635,0.24
37,octanol_gsolv_eV,63,0.11985309422016144,0.06769143790006638,0.6470400025837988,0.9753745236356282,15.527703285217285,0.05197271704673767,0.0033470962248626198,0.04
37,octanol_gsolv_eV,64,0.12671121954917908,0.05266018956899643,0.6473514313220312,0.9739919885437032,12.054549217224121,0.009687370620667934,0.0008036277795295864,0.12
37,octanol_gsolv_eV,65,0.3017120063304901,0.047717973589897156,0.6490590849354105,0.9152264649533826,11.137489318847656,1.3576464653015137,0.12189878943398914,0.12
37,octanol_gsolv_eV,66,0.22407957911491394,0.061979204416275024,0.6181571076738182,0.9078792110127656,13.104331970214844,1.2090961933135986,0.09226690807755655,0.18
37,octanol_gsolv_eV,67,0.2921236753463745,0.05852578952908516,0.6471591395398171,0.9272100573535069,13.719496726989746,1.1030426025390625,0.08039964034315461,0.26
37,octanol_gsolv_eV,68,0.3431940972805023,0.04498280957341194,0.6472477728787644,0.9047060517471119,10.446474075317383,1.0292682647705078,0.09852781496892163,0.24
37,octanol_gsolv_eV,69,0.15011394023895264,0.048734165728092194,0.6435455426940719,0.9704870787292215,11.008061408996582,0.02664397843182087,0.0024204060498831783,0.1
37,octanol_gsolv_eV,70,0.08936366438865662,0.05555432289838791,0.6470391787102812,0.9613522575255742,12.711715698242188,0.0076387501321733,0.0006009220402270016,0.06
37,octanol_gsolv_eV,71,0.29739269614219666,0.05064281076192856,0.6444939198352158,0.9105863693791834,11.78130054473877,0.9659650921821594,0.08199138019728518,0.18
37,octanol_gsolv_eV,72,0.2667620778083801,0.0524149052798748,0.6476969781035322,0.9533372133470674,12.104606628417969,0.399815171957016,0.03303000124088051,0.2
37,octanol_gsolv_eV,73,0.30546388030052185,0.05656072497367859,0.6449181253363987,0.937234965689612,12.933598518371582,0.9464276432991028,0.07317589470206191,0.32
37,octanol_gsolv_eV,74,0.11703889816999435,0.04868341237306595,0.6486508721361413,0.9696851341152257,11.170002937316895,0.018843386322259903,0.0016869634169305065,0.1
37,octanol_gsolv_eV,75,0.3236558139324188,0.04739704355597496,0.6453266689780852,0.9051854593083863,11.082904815673828,0.7304756045341492,0.06591012164077104,0.26
37,octanol_gsolv_eV,76,0.4864773452281952,0.04294964671134949,0.6514308081416231,0.9217875808799549,9.976266860961914,2.0497541427612305,0.20546304257177747,0.44
37,octanol_gsolv_eV,77,0.25783291459083557,0.048828817903995514,0.6468550401713038,0.9362435670509788,11.238672256469727,0.4466516971588135,0.0397423901121141,0.32
37,octanol_gsolv_eV,78,0.28596556186676025,0.048578109592199326,0.6447582424692535,0.9104227078714318,11.260309219360352,0.8224546909332275,0.07304015146574701,0.22
37,octanol_gsolv_eV,79,0.10788842290639877,0.04693998768925667,0.6458588080903869,0.9724088952650487,10.657114028930664,0.01029137521982193,0.0009656812521555207,0.22
37,octanol_gsolv_eV,80,0.34254392981529236,0.051798198372125626,0.6452351961826395,0.9156129448726875,11.96219253540039,1.691428542137146,0.14139786975770588,0.3
37,octanol_gsolv_eV,81,0.15803232789039612,0.0525401346385479,0.6452372380782603,0.9669765155724495,11.960622787475586,0.02925894968211651,0.002446273091460977,0.1
37,octanol_gsolv_eV,82,0.3081274628639221,0.044853173196315765,0.6469403801797031,0.911629062253426,10.467254638671875,0.841291606426239,0.0803736639135575,0.28
37,octanol_gsolv_eV,83,0.2801589369773865,0.04817962273955345,0.6474301851741726,0.9057093138290198,11.21170425415039,0.7155805230140686,0.0638244201588864,0.24
37,octanol_gsolv_eV,84,0.12032496929168701,0.046011943370103836,0.6464315575949235,0.9742902673154268,10.507408142089844,0.012132271192967892,0.0011546397578646712,0.14
37,octanol_gsolv_eV,85,0.38811877369880676,0.04162849485874176,0.6477482047209064,0.9283918924018566,9.534708023071289,1.932312250137329,0.202660872830262,0.4
37,octanol_gsolv_eV,86,0.2958374619483948,0.049424126744270325,0.6431437916667107,0.9065084803885988,11.388550758361816,0.8946081399917603,0.07855329084211282,0.2
37,octanol_gsolv_eV,87,0.33234643936157227,0.05451984703540802,0.6430316736661721,0.9114052654124356,12.555315971374512,0.7204557657241821,0.057382527637439396,0.28
37,octanol_gsolv_eV,88,0.15719793736934662,0.04646969586610794,0.6439796632632195,0.9529050616833346,10.564517974853516,0.1876930594444275,0.01776636282802387,0.2
37,octanol_gsolv_eV,89,0.21747525036334991,0.04652750492095947,0.6461549119035197,0.949078911960084,10.684809684753418,0.1613997370004654,0.015105532224010796,0.28
37,octanol_gsolv_eV,90,0.2604552209377289,0.052124496549367905,0.645921802929202,0.9128871117107027,11.967711448669434,0.5840225219726562,0.04879984986917341,0.28
37,octanol_gsolv_eV,91,0.3285502791404724,0.05244220420718193,0.6435519857926251,0.9148003484349854,12.03296947479248,0.8431311249732971,0.07006841717163399,0.28
37,octanol_gsolv_eV,92,0.09199957549571991,0.04743717983365059,0.6471955224435526,0.9569489667700626,10.830759048461914,0.012109710834920406,0.0011180851481171227,0.1
37,octanol_gsolv_eV,93,0.12447530031204224,0.029680034145712852,0.6457997034127383,0.9728714137386543,6.621155738830566,0.03318338096141815,0.0050117203506950024,0.12
37,octanol_gsolv_eV,94,0.1451161503791809,0.04692590981721878,0.6464825746898215,0.9369904817840058,10.730973243713379,0.09170518815517426,0.008545840724083318,0.1
37,octanol_gsolv_eV,95,0.26139122247695923,0.046840984374284744,0.6462983200588732,0.9254247437732253,10.8090181350708,0.5974718332290649,0.05527531046418689,0.24
37,octanol_gsolv_eV,96,0.10054828971624374,0.032283417880535126,0.6477366442898704,0.9444563803051889,7.3604817390441895,0.07712705433368683,0.010478533480296674,0.14
37,octanol_gsolv_eV,97,0.2646399736404419,0.052570831030607224,0.6478560735053716,0.9342804120768187,12.211624145507812,0.2956889867782593,0.02421373138044311,0.26
37,octanol_gsolv_eV,98,0.3342064917087555,0.05313060060143471,0.64653216948884,0.905179905205092,12.468931198120117,1.052302598953247,0.08439396947766444,0.24
37,octanol_gsolv_eV,99,0.346251904964447,0.026110362261533737,0.6496091912423176,0.9250367827292534,5.905771732330322,0.9330020546913147,0.15798139463869307,0.26
37,octanol_gsolv_eV,100,0.3049013316631317,0.04909524694085121,0.6479533565746063,0.9174252485300085,11.400554656982422,0.6123087406158447,0.053708679887853356,0.26
37,octanol_gsolv_eV,101,0.2425786405801773,0.047913383692502975,0.6464801255784443,0.9367933909830031,11.048351287841797,0.5073217749595642,0.04591832407771543,0.22
37,octanol_gsolv_eV,102,0.0730208083987236,0.05677695944905281,0.6448886301729493,0.9677162694456063,12.967840194702148,0.010338056832551956,0.0007972072972317659,0.02
37,octanol_gsolv_eV,103,0.3384556472301483,0.047070346772670746,0.6490821053416884,0.8955185139886619,11.09400749206543,0.9031127095222473,0.08140545336463534,0.24
37,octanol_gsolv_eV,104,0.14529472589492798,0.051809411495923996,0.6407666052857801,0.96728637936077,11.726171493530273,0.06430453062057495,0.005483847021685973,0.12
37,octanol_gsolv_eV,105,0.4040740728378296,0.05247311294078827,0.648653186543444,0.9183353869727668,12.292118072509766,1.0326018333435059,0.08400519969400787,0.3
37,octanol_gsolv_eV,106,0.10601934045553207,0.05055677518248558,0.6482899228378927,0.9726102105212675,11.590354919433594,0.00874676089733839,0.0007546585896755122,0.1
37,octanol_gsolv_eV,107,0.3524084985256195,0.04711437225341797,0.6452323752834292,0.9035992631649417,10.975983619689941,1.139480471611023,0.10381579556723244,0.26
37,octanol_gsolv_eV,108,0.15323588252067566,0.04520832747220993,0.6454840248857321,0.974161657013602,10.314924240112305,0.02146329917013645,0.002080800466441697,0.14
37,octanol_gsolv_eV,109,0.27034610509872437,0.04749203100800514,0.6500012008550184,0.9172181880010444,11.058380126953125,1.0918991565704346,0.09873952098183855,0.24
37,octanol_gsolv_eV,110,0.29650112986564636,0.05197293683886528,0.6442984685283948,0.9091046128641693,11.9342679977417,1.0144020318984985,0.08499909940772674,0.28
37,octanol_gsolv_eV,111,0.34591832756996155,0.051396116614341736,0.6428761837937165,0.9208875103291112,11.879901885986328,2.527482509613037,0.21275281007114083,0.28
37,octanol_gsolv_eV,112,0.309808611869812,0.05581571161746979,0.645664910968718,0.9449394581702621,12.66561222076416,2.188760280609131,0.1728112500571311,0.3
37,octanol_gsolv_eV,113,0.2439357489347458,0.052551738917827606,0.6480886447094876,0.9445629766436443,12.208895683288574,0.5168960690498352,0.04233765956059055,0.14
37,octanol_gsolv_eV,114,0.3352082371711731,0.04599858447909355,0.6471699142280782,0.9182442304250304,10.766701698303223,0.7728238105773926,0.07177906774357701,0.28
37,octanol_gsolv_eV,115,0.1569472849369049,0.013118725270032883,0.6441711919566642,0.9769141817184339,2.8598520755767822,0.12013941258192062,0.042008960396208814,0.16
37,octanol_gsolv_eV,116,0.20535340905189514,0.050744250416755676,0.646632617216452,0.9266742906386716,11.677029609680176,0.34795689582824707,0.02979840828182822,0.22
37,octanol_gsolv_eV,117,0.18510253727436066,0.0637894719839096,0.628946129911232,0.9575448900441992,13.786639213562012,0.2716214060783386,0.01970178532061264,0.1
37,octanol_gsolv_eV,118,0.340038537979126,0.03661058470606804,0.6468328688613778,0.90736020006146,8.334126472473145,1.0558167695999146,0.12668595480128367,0.26
37,octanol_gsolv_eV,119,0.37659645080566406,0.04394267499446869,0.6504238018807575,0.9131980380369271,10.26256275177002,0.6924195289611816,0.06747043070131363,0.38
37,octanol_gsolv_eV,120,0.31854867935180664,0.04899431765079498,0.6496475272087407,0.9417609782184728,11.344500541687012,1.3744747638702393,0.1211578031857403,0.18
37,octanol_gsolv_eV,121,0.20863237977027893,0.04217436537146568,0.6448192358305589,0.9160364950535604,9.620241165161133,0.2986259460449219,0.03104141995175441,0.1
37,octanol_gsolv_eV,122,0.12479006499052048,0.04692238196730614,0.6471766284169997,0.9649919859786598,10.750059127807617,0.009917184710502625,0.0009225237361578261,0.12
37,octanol_gsolv_eV,123,0.1047874391078949,0.04418234899640083,0.6453107691219244,0.9319336339452087,10.024040222167969,0.09213999658823013,0.009191902121907326,0.06
37,octanol_gsolv_eV,124,0.31703853607177734,0.04451785609126091,0.6452654563167584,0.90180512439341,10.271759033203125,1.193006992340088,0.11614437103554823,0.28
37,octanol_gsolv_eV,125,0.19207251071929932,0.04439409449696541,0.6461676323451229,0.9554392260294666,10.165488243103027,0.1317644864320755,0.01296194371396511,0.18
37,octanol_gsolv_eV,126,0.36819082498550415,0.046933989971876144,0.6479033248693453,0.9000029641868648,11.02921199798584,1.1751437187194824,0.10654829365271859,0.28
37,octanol_gsolv_eV,127,0.6595578193664551,0.03474381938576698,0.6648219919345366,0.9180080661831811,8.155651092529297,4.2759904861450195,0.5242978687577615,0.62
37,octanol_gsolv_eV,128,0.3733932375907898,0.04890837147831917,0.6490736165867304,0.9253822389503934,11.42296314239502,1.362174391746521,0.11924877763904942,0.36
37,octanol_gsolv_eV,129,0.31591421365737915,0.04512852430343628,0.6429837731490633,0.9171978441478672,10.326708793640137,0.5875955820083618,0.05690056665200452,0.2
37,octanol_gsolv_eV,130,0.1979978382587433,0.049561187624931335,0.6330055615009575,0.9574845279751951,11.067368507385254,0.09836985170841217,0.008888278333080712,0.2
37,octanol_gsolv_eV,131,0.271183043718338,0.05030106380581856,0.6475543292436674,0.9141499632186234,11.649091720581055,0.5788254737854004,0.04968846393086247,0.28
37,octanol_gsolv_eV,132,0.3329857587814331,0.046712156385183334,0.6472481418282876,0.9103651642741166,10.871536254882812,1.0876872539520264,0.10004908491782892,0.36
37,octanol_gsolv_eV,133,0.29303643107414246,0.05050639063119888,0.6514231938621888,0.9337367771375502,11.853252410888672,0.44703125953674316,0.037713805801190055,0.28
37,octanol_gsolv_eV,134,0.09910444915294647,0.049833476543426514,0.6485910698602144,0.9604703527593923,11.426267623901367,0.007355713751167059,0.0006437547231766601,0.08
37,octanol_gsolv_eV,135,0.28874021768569946,0.04764533042907715,0.6506280282817065,0.9196201167438849,11.134414672851562,1.3196110725402832,0.11851642958455814,0.34
37,octanol_gsolv_eV,136,0.2544281482696533,0.054801784455776215,0.6446208511140685,0.9487867614801668,12.508341789245605,0.31043145060539246,0.024817953957118003,0.22
37,octanol_gsolv_eV,137,0.6664153337478638,0.03063274919986725,0.6707656777013438,0.9389898417744356,7.111548900604248,3.6105830669403076,0.5077069872406456,0.7
37,octanol_gsolv_eV,138,0.32825183868408203,0.04948655888438225,0.6471156525729471,0.9132580649671653,11.585229873657227,1.0476051568984985,0.09042592752350717,0.18
37,octanol_gsolv_eV,139,0.2524867057800293,0.047984737902879715,0.6480702035115347,0.9192887596851769,11.08532428741455,0.6187381148338318,0.05581596882432215,0.22
37,octanol_gsolv_eV,140,0.3212090730667114,0.04879096895456314,0.6485842839253417,0.9491805447966923,11.307746887207031,0.6529185175895691,0.05774081469123133,0.3
37,octanol_gsolv_eV,141,0.12425784021615982,0.0479351244866848,0.6471415110738616,0.9460870304193789,10.94657039642334,0.042821817100048065,0.003911893456058126,0.06
37,octanol_gsolv_eV,142,0.3358808755874634,0.047125112265348434,0.6470281641308628,0.9402608278176228,10.8306245803833,1.4308650493621826,0.132112884048608,0.34
37,octanol_gsolv_eV,143,0.29905208945274353,0.04867926239967346,0.6460990266360069,0.9081618645568961,11.292634963989258,0.9705005884170532,0.0859410218706133,0.28
37,octanol_gsolv_eV,144,0.09505141526460648,0.04971250146627426,0.6477946652895048,0.9572803715358829,11.370001792907715,0.013239061459898949,0.001164385169064538,0.06
37,octanol_gsolv_eV,145,0.21258652210235596,0.05116751790046692,0.6472916350770839,0.9586785978497756,11.756507873535156,0.16044363379478455,0.013647218674174162,0.14
37,octanol_gsolv_eV,146,0.17369365692138672,0.04586696997284889,0.6467622516001605,0.9420067651371637,10.547296524047852,0.3474072217941284,0.03293803497436897,0.12
37,octanol_gsolv_eV,147,0.09716147184371948,0.036288801580667496,0.6412473662128693,0.9499031249590204,8.072551727294922,0.09311197698116302,0.011534392113751677,0.04
37,octanol_gsolv_eV,148,0.43939703702926636,0.05279581621289253,0.6530938854274857,0.939456077050375,12.38719654083252,2.5989675521850586,0.20981079484917795,0.52
37,octanol_gsolv_eV,149,0.1729682981967926,0.05840984359383583,0.6440107430069448,0.9542224638504433,13.223963737487793,0.0895349308848381,0.006770657622950152,0.14
37,octanol_gsolv_eV,150,0.3253398835659027,0.05185582488775253,0.6468099721948573,0.9214520415908003,12.129400253295898,1.34702467918396,0.11105451638616143,0.3
37,octanol_gsolv_eV,151,0.26663604378700256,0.06850701570510864,0.6349310914174211,0.9469860919854431,15.40129566192627,0.592279314994812,0.038456460287233686,0.18
37,octanol_gsolv_eV,152,0.30581167340278625,0.050622083246707916,0.648203598148436,0.9195765576202799,11.785064697265625,0.6046648621559143,0.05130772530219617,0.28
37,octanol_gsolv_eV,153,0.23388132452964783,0.04893435910344124,0.6467948368970424,0.9244914467848055,11.271100997924805,0.3244350552558899,0.02878468175519177,0.26
37,octanol_gsolv_eV,154,0.25362277030944824,0.04700804501771927,0.6466157151210075,0.9261621930912041,10.843568801879883,0.5317904949188232,0.04904201786653763,0.28
37,octanol_gsolv_eV,155,0.12608683109283447,0.048439882695674896,0.6467390102307751,0.9600903561980612,11.045278549194336,0.05816129222512245,0.005265715297815179,0.1
37,octanol_gsolv_eV,156,0.3439522385597229,0.06958036124706268,0.6405937518222466,0.9223023476424161,15.92890739440918,1.429898738861084,0.08976753417268017,0.22
37,octanol_gsolv_eV,157,0.3111518323421478,0.047641102224588394,0.6460115226323075,0.8955996578788166,11.100642204284668,0.5071736574172974,0.04568867711289141,0.24
37,octanol_gsolv_eV,158,0.06867106258869171,0.05095500126481056,0.6461134414679952,0.9617180720626091,11.62881851196289,0.013433877378702164,0.0011552228943019756,0.02
37,octanol_gsolv_eV,159,0.16022774577140808,0.049911148846149445,0.6470918979903257,0.9485417828598064,11.43156623840332,0.04804939031600952,0.00420322021619329,0.16
37,octanol_gsolv_eV,160,0.26500067114830017,0.026250872761011124,0.6457307716156182,0.9353205434640643,5.877943992614746,0.32818907499313354,0.05583399151225016,0.2
37,octanol_gsolv_eV,161,0.09444156289100647,0.04901137948036194,0.6434051585263894,0.9690678655214733,11.144071578979492,0.017974793910980225,0.0016129467388638443,0.06
37,octanol_gsolv_eV,162,0.37390655279159546,0.037292804569005966,0.6458109823685467,0.9240847540470896,8.639918327331543,1.4108995199203491,0.16330009919851968,0.36
37,octanol_gsolv_eV,163,0.3085232675075531,0.04745395854115486,0.6467097913420468,0.9045939538984422,10.998659133911133,1.1383930444717407,0.10350289345378841,0.26
37,octanol_gsolv_eV,164,0.2989741861820221,0.053429145365953445,0.6464969681194159,0.9203839033727281,12.298727035522461,1.0948628187179565,0.08902245049879227,0.32
37,octanol_gsolv_eV,165,0.10092968493700027,0.04611973837018013,0.6464614523419581,0.9654774839948133,10.536908149719238,0.018902333453297615,0.0017939165061243586,0.08
37,octanol_gsolv_eV,166,0.3383331894874573,0.05086816847324371,0.646502862953023,0.9161364737412114,11.762085914611816,0.7203593254089355,0.06124418157106358,0.24
37,octanol_gsolv_eV,167,0.354669451713562,0.03493408486247063,0.646680415954128,0.9144187075824315,7.942471504211426,0.9867892265319824,0.12424208585561133,0.22
37,octanol_gsolv_eV,168,0.167809396982193,0.044642020016908646,0.6464730662437865,0.9576538098947471,10.202556610107422,0.05913477763533592,0.005796074444394903,0.12
37,octanol_gsolv_eV,169,0.22118937969207764,0.04977156221866608,0.6425762722891086,0.9336304326064113,11.333121299743652,0.4569336473941803,0.04031842908136136,0.18
37,octanol_gsolv_eV,170,0.2500334084033966,0.04807955026626587,0.6479471443808298,0.9176604965376982,11.138784408569336,0.4474129378795624,0.04016712429907134,0.24
37,octanol_gsolv_eV,171,0.29755210876464844,0.047397129237651825,0.6435720718876647,0.9208702813075278,10.868626594543457,0.9846785664558411,0.09059825157211623,0.2
37,octanol_gsolv_eV,172,0.1718422919511795,0.06011423468589783,0.6451318850988186,0.9784140342763783,13.684330940246582,0.0390753298997879,0.0028554797505565,0.12
37,octanol_gsolv_eV,173,0.2998737692832947,0.05170634016394615,0.6480249899363699,0.9413578203296464,11.860331535339355,1.5225118398666382,0.12837009111677206,0.16
37,octanol_gsolv_eV,174,0.21040010452270508,0.04878442734479904,0.6453562889055249,0.9236707101272654,11.104564666748047,0.34069183468818665,0.03068034136523766,0.18
37,octanol_gsolv_eV,175,0.3242359757423401,0.05028236657381058,0.6461915799875089,0.9073483657021315,11.627710342407227,0.6781228184700012,0.05831954860423646,0.28
37,octanol_gsolv_eV,176,0.3198838531970978,0.05561645328998566,0.6378621999341518,0.9156222956728286,12.563342094421387,1.3658931255340576,0.10872052319108363,0.28
37,octanol_gsolv_eV,177,0.1933848261833191,0.04919769614934921,0.6468723265758833,0.9386506834970805,11.277627944946289,0.38094428181648254,0.03377875947638356,0.2
37,octanol_gsolv_eV,178,0.23227985203266144,0.05047209933400154,0.6463954404401677,0.9173413737758698,11.591965675354004,0.632876992225647,0.05459617548482085,0.26
37,octanol_gsolv_eV,179,0.1413598507642746,0.056454189121723175,0.6401334777949759,0.9701219485184298,12.574084281921387,0.019594717770814896,0.0015583415325907707,0.12
37,octanol_gsolv_eV,180,0.276050865650177,0.03205567225813866,0.6457936640936937,0.9483460413678129,7.1763386726379395,0.5057307481765747,0.07047197341798167,0.24
37,octanol_gsolv_eV,181,0.24751661717891693,0.0513182058930397,0.6459014219374422,0.912036933952534,11.821142196655273,0.4669513702392578,0.039501374949315736,0.22
37,octanol_gsolv_eV,182,0.2680591642856598,0.05594564229249954,0.6362075320274714,0.9192498911933722,12.57339096069336,1.212936520576477,0.09646852820916257,0.18
37,octanol_gsolv_eV,183,0.2462259978055954,0.051383115351200104,0.6471428088373088,0.9453108142356366,11.871354103088379,0.5521008968353271,0.046506985811475034,0.32
37,octanol_gsolv_eV,184,0.2318008691072464,0.04734587296843529,0.6484155999297165,0.9308718534517799,10.93442153930664,0.40482020378112793,0.037022553257700534,0.26
37,octanol_gsolv_eV,185,0.16099534928798676,0.04758838564157486,0.6469706499065713,0.9522322824938436,10.907621383666992,0.029510919004678726,0.00270553202817144,0.12
37,octanol_gsolv_eV,186,0.1458175629377365,0.049120161682367325,0.6402327771507255,0.9704355719684028,10.99300765991211,0.016428129747509956,0.0014944162922234606,0.1
37,octanol_gsolv_eV,187,0.5193333029747009,0.03142176568508148,0.6600065116697451,0.9305437695482681,7.204877853393555,2.5175256729125977,0.34941961878324185,0.38
37,octanol_gsolv_eV,188,0.1162172183394432,0.05280552804470062,0.6473763275717315,0.9690207048071147,12.102216720581055,0.011998152360320091,0.0009914012149456891,0.1
37,octanol_gsolv_eV,189,0.140242800116539,0.04892688989639282,0.6479492319967208,0.9690540924845095,11.228424072265625,0.0352344810962677,0.003137972067095096,0.12
37,octanol_gsolv_eV,190,0.15133953094482422,0.05362660810351372,0.6459746667089359,0.9703503122815287,12.23791790008545,0.03204071521759033,0.0026181508553319035,0.06
37,octanol_gsolv_eV,191,0.14252865314483643,0.04789414256811142,0.6478137353480162,0.9638088341322324,10.991908073425293,0.04264533519744873,0.0038797026787870154,0.1
37,octanol_gsolv_eV,192,0.28979578614234924,0.04689541086554527,0.6464653871639907,0.9115295731228821,10.914783477783203,0.5221056342124939,0.04783472207902504,0.28
37,octanol_gsolv_eV,193,0.10068532824516296,0.02712557092308998,0.6476131955313542,0.9640996395454242,6.071610927581787,0.017210938036441803,0.002834657596101371,0.1
37,octanol_gsolv_eV,194,0.2778865098953247,0.050411634147167206,0.6444440412680221,0.9114917184601039,11.574843406677246,0.5252330899238586,0.04537712273678488,0.26
37,octanol_gsolv_eV,195,0.1141762062907219,0.05044938996434212,0.6466167457335077,0.976877230707347,11.513890266418457,0.009275933727622032,0.0008056298534194239,0.12
37,octanol_gsolv_eV,196,0.08650375157594681,0.0337693989276886,0.6459808480365405,0.9626123522083951,7.5042805671691895,0.02282283641397953,0.003041309051506972,0.1
37,octanol_gsolv_eV,197,0.16800947487354279,0.041076309978961945,0.6471227032415934,0.9484779175517488,9.389008522033691,0.14794643223285675,0.015757407386058166,0.12
37,octanol_gsolv_eV,198,0.3559412360191345,0.041900306940078735,0.6487890033984354,0.9436162967785426,9.723058700561523,0.7564661502838135,0.07780125303986145,0.22
37,octanol_gsolv_eV,199,0.14195333421230316,0.03800543397665024,0.6463285586599006,0.9662328909489204,8.656463623046875,0.04516094923019409,0.00521702062144154,0.1
37,octanol_gsolv_eV,200,0.2616148293018341,0.04903576150536537,0.6472845566755112,0.9084586672047097,11.285806655883789,0.5907506346702576,0.052344564520983815,0.22
37,octanol_gsolv_eV,201,0.10621432960033417,0.05602160096168518,0.631478941351715,0.966346788234713,12.310992240905762,0.011441901326179504,0.0009294052910017661,0.12
37,octanol_gsolv_eV,202,0.13304060697555542,0.049949098378419876,0.6486949545741225,0.959740229233496,11.488903045654297,0.02922402322292328,0.0025436739353438386,0.06
37,octanol_gsolv_eV,203,0.2021515667438507,0.023413050919771194,0.6499021502755469,0.9806333670135694,5.276151657104492,0.11055886000394821,0.0209544507415888,0.16
37,octanol_gsolv_eV,204,0.30855894088745117,0.046431344002485275,0.6486090678339236,0.9104901318720451,10.691476821899414,1.2986646890640259,0.12146728751298076,0.16
37,octanol_gsolv_eV,205,0.10928280651569366,0.04939718917012215,0.646493555347365,0.9374496098964784,11.300409317016602,0.1065080538392067,0.009425150085388736,0.1
37,octanol_gsolv_eV,206,0.093335822224617,0.049106478691101074,0.643892635580551,0.9639175598711316,11.105733871459961,0.01556953601539135,0.0014019367108555228,0.08
37,octanol_gsolv_eV,207,0.43928179144859314,0.051670048385858536,0.6513853620951429,0.920014328470913,12.242938995361328,1.4983599185943604,0.12238563952348919,0.3
37,octanol_gsolv_eV,208,0.2825356721878052,0.049997758120298386,0.6459497032165777,0.9048344657031697,11.57531452178955,0.7849899530410767,0.06781586379906995,0.16
37,octanol_gsolv_eV,209,0.2724801301956177,0.046172529458999634,0.6479213681301914,0.9133283320283498,10.772882461547852,0.6392318606376648,0.05933712383099924,0.26
37,octanol_gsolv_eV,210,0.3594821095466614,0.051537223160266876,0.6490115571864394,0.9446580029657616,11.959826469421387,1.106019377708435,0.09247787838195481,0.24
37,octanol_gsolv_eV,211,0.41479212045669556,0.04215778037905693,0.6504791418239828,0.9178861122311397,9.763379096984863,3.111647367477417,0.31870598658187504,0.3
37,octanol_gsolv_eV,212,0.4065118432044983,0.03325146436691284,0.6520985645529549,0.93958640338853,7.504884719848633,1.447893500328064,0.19292681425188724,0.3
37,octanol_gsolv_eV,213,0.40245458483695984,0.04870615899562836,0.6494871597963128,0.9052081137227677,11.436111450195312,1.3857520818710327,0.12117336280833167,0.24
37,octanol_gsolv_eV,214,0.27117857336997986,0.0492488294839859,0.6454081639053413,0.9298632500956627,11.30920696258545,0.4018552601337433,0.035533460609856356,0.3
37,octanol_gsolv_eV,215,0.3551456332206726,0.051273711025714874,0.6465814663086662,0.9095905692496047,11.914199829101562,2.0700864791870117,0.17374951812799289,0.3
37,octanol_gsolv_eV,216,0.27570047974586487,0.0482509471476078,0.648579345369608,0.8999298564182681,11.27358341217041,0.5058760046958923,0.044872689206323986,0.3
37,octanol_gsolv_eV,217,0.409923791885376,0.04835275188088417,0.6525257157219457,0.9281299539403618,11.371809959411621,1.4070218801498413,0.12372893015023977,0.42
37,octanol_gsolv_eV,218,0.2718123495578766,0.055224090814590454,0.6433914106170817,0.9455144609451074,12.540679931640625,0.6166051030158997,0.04916839488584514,0.36
37,octanol_gsolv_eV,219,0.3016718327999115,0.047126274555921555,0.6460203022358171,0.907897416774865,10.992609024047852,0.6215968728065491,0.05654680080467885,0.26
37,octanol_gsolv_eV,220,0.12738540768623352,0.04901449382305145,0.6474697458810457,0.970063404346863,11.219956398010254,0.00767520722001791,0.000684067472969773,0.12
37,octanol_gsolv_eV,221,0.3156973421573639,0.051315758377313614,0.6445008924539011,0.9138411030525873,11.910754203796387,0.8261258006095886,0.0693596548526098,0.2
37,octanol_gsolv_eV,222,0.41542166471481323,0.04646511375904083,0.6491533510440284,0.9117824988448602,10.920952796936035,1.4864102602005005,0.13610628008734965,0.22
37,octanol_gsolv_eV,223,0.2716876268386841,0.052286580204963684,0.6433819306538304,0.9139427608677475,11.902022361755371,0.6332975625991821,0.05320923985440909,0.2
37,octanol_gsolv_eV,224,0.2447587251663208,0.04911721125245094,0.6485267837535005,0.9322058410739227,11.436541557312012,0.21692392230033875,0.01896761544679102,0.24
37,octanol_gsolv_eV,225,0.12023837864398956,0.0501236692070961,0.647251143281685,0.9675151402500015,11.4660005569458,0.012786881066858768,0.0011151997597900701,0.14
37,octanol_gsolv_eV,226,0.4018513858318329,0.04587002098560333,0.6498870102369865,0.9031210160711354,10.780022621154785,0.8495219349861145,0.07880520893518417,0.3
37,octanol_gsolv_eV,227,0.34182676672935486,0.04730512946844101,0.6489274210715512,0.9034078950171829,11.089661598205566,1.1198616027832031,0.1009824865137823,0.16
37,octanol_gsolv_eV,228,0.2995736598968506,0.04683016613125801,0.6492512385952791,0.9131581180246588,10.890482902526855,1.2631522417068481,0.11598679810734254,0.24
37,octanol_gsolv_eV,229,0.29886025190353394,0.048598844558000565,0.6471633392618314,0.9227574224723012,11.354120254516602,0.9723870158195496,0.08564177532228794,0.3
37,octanol_gsolv_eV,230,0.3291114568710327,0.0501910038292408,0.646996812239681,0.912322571436013,11.698663711547852,0.6814706325531006,0.058252006327903505,0.24
37,octanol_gsolv_eV,231,0.09988325834274292,0.05453941598534584,0.6456984666255394,0.9627746586595631,12.386651992797852,0.014636591076850891,0.0011816422295032793,0.1
37,octanol_gsolv_eV,232,0.2594219744205475,0.05170194432139397,0.6468308447574986,0.9073202007414662,11.917861938476562,1.1026830673217773,0.09252356446266495,0.3
37,octanol_gsolv_eV,233,0.3107857406139374,0.05084957927465439,0.6473889094720693,0.9250416393281018,11.64549446105957,1.9359842538833618,0.16624319906354715,0.24
37,octanol_gsolv_eV,234,0.2143794298171997,0.054639071226119995,0.6468833396779785,0.9391592945669829,12.61312198638916,0.18012505769729614,0.014280767116315008,0.22
37,octanol_gsolv_eV,235,0.09373470395803452,0.05234074965119362,0.6460462170477981,0.9638527425986732,11.89035701751709,0.008118433877825737,0.0006827746102043456,0.06
37,octanol_gsolv_eV,236,0.24006420373916626,0.0640195980668068,0.6434218601075139,0.9589376323540619,14.492383003234863,0.11533448845148087,0.007958283218552594,0.18
37,octanol_gsolv_eV,237,0.22003783285617828,0.04325463995337486,0.6480724101277742,0.9419631295310937,9.929952621459961,0.3102453052997589,0.03124338223218479,0.2
37,octanol_gsolv_eV,238,0.3707146942615509,0.04711189866065979,0.6466260858397423,0.9066758465969706,10.961126327514648,1.384541392326355,0.12631378846997462,0.26
37,octanol_gsolv_eV,239,0.28233709931373596,0.04087965935468674,0.6458238163308172,0.917374886476577,9.332796096801758,0.5860220193862915,0.06279168786159536,0.32
37,octanol_gsolv_eV,240,0.20580433309078217,0.04360438883304596,0.6439980805854109,0.9478749520123111,9.845333099365234,0.14932243525981903,0.015166824093483074,0.14
37,octanol_gsolv_eV,241,0.2579168677330017,0.04804215580224991,0.6455506449896067,0.9046391571360926,11.034329414367676,0.7715029716491699,0.06991842844972569,0.28
37,octanol_gsolv_eV,242,0.1785629838705063,0.02952149137854576,0.644117952162182,0.9665584789082433,6.558207035064697,0.11945235729217529,0.01821417906654984,0.1
37,octanol_gsolv_eV,243,0.15295398235321045,0.04332735762000084,0.6456890848333185,0.9664632378809941,9.891127586364746,0.04312150925397873,0.004359615107323374,0.16
37,octanol_gsolv_eV,244,0.28707122802734375,0.05074368789792061,0.6478727100184791,0.9586177004063798,11.722248077392578,0.5611073970794678,0.04786687616359309,0.22
37,octanol_gsolv_eV,245,0.12545347213745117,0.05005662143230438,0.6465421334054189,0.9750575707118838,11.43608283996582,0.012146437540650368,0.0010621152111807079,0.14
37,octanol_gsolv_eV,246,0.2280595749616623,0.05559244751930237,0.6459633127875666,0.944670532321559,12.806509971618652,0.4059276878833771,0.03169697980034999,0.18
37,octanol_gsolv_eV,247,0.12396586686372757,0.04974626377224922,0.6480373077368542,0.9658400356043397,11.379838943481445,0.010035618208348751,0.0008818769982766157,0.14
37,octanol_gsolv_eV,248,0.261928915977478,0.05708199366927147,0.6431141523725872,0.8970293358598977,13.17383861541748,0.6609500646591187,0.050171410471478065,0.16
37,octanol_gsolv_eV,249,0.21030937135219574,0.024166859686374664,0.6418840376682873,0.938511588264586,5.3105998039245605,0.20032083988189697,0.03772094439009673,0.12
37,octanol_hl_gap_eV,0,0.2107943743467331,0.0017220450099557638,0.6159970782093718,0.9318037987172276,0.3139135241508484,0.02626151219010353,0.08365842873811258,0.2
37,octanol_hl_gap_eV,1,0.06612374633550644,0.002916208002716303,0.6269494500093087,0.9765967939507845,0.5905207991600037,0.001220875303260982,0.0020674552107184654,0.1
37,octanol_hl_gap_eV,2,0.09877017140388489,0.0016498893965035677,0.630219670613728,0.9745983118920534,0.30493804812431335,0.0011655777925625443,0.003822342930743021,0.08
37,octanol_hl_gap_eV,3,0.03477058932185173,0.00329596153460443,0.6227682159502317,0.9874963747007706,0.601373553276062,0.002660776022821665,0.004424497898729891,0.0
37,octanol_hl_gap_eV,4,0.0704377070069313,0.0014989450573921204,0.6063119216814703,0.9765933721049096,0.38484275341033936,0.0008372556767426431,0.0021755786469231436,0.02
37,octanol_hl_gap_eV,5,0.09937715530395508,0.00126135372556746,0.6378715114820941,0.9688822632963285,0.2530374526977539,0.00156987679656595,0.006204128202480458,0.12
37,octanol_hl_gap_eV,6,0.0755062848329544,0.0016716144746169448,0.594897988393293,0.976151008102293,0.40764379501342773,0.0010886113159358501,0.0026704964708220112,0.2
37,octanol_hl_gap_eV,7,0.0683903768658638,0.0022869487293064594,0.5777700144058766,0.9707832383178006,0.48114800453186035,0.006116592790931463,0.012712497471298228,0.06
37,octanol_hl_gap_eV,8,0.4567964971065521,0.0012438746634870768,0.6437683275359887,0.9170181561910318,0.26886439323425293,0.08209574967622757,0.30534258809309933,0.5
37,octanol_hl_gap_eV,9,0.030486611649394035,0.0028445045463740826,0.6226544054663636,0.9681599565947061,0.5309015512466431,0.0022003240883350372,0.0041445049146462635,0.04
37,octanol_hl_gap_eV,10,0.06932836025953293,0.0068705459125339985,0.5783486434854754,0.9864413219084531,1.4114892482757568,0.0027702467050403357,0.0019626410250197838,0.1
37,octanol_hl_gap_eV,11,0.07269368320703506,0.0008416615892201662,0.6464371511282931,0.9562928416645131,0.2636251151561737,0.0028358527924865484,0.010757141977184404,0.08
37,octanol_hl_gap_eV,12,0.06862518936395645,0.001122953137382865,0.6555582288698962,0.9689478847076143,0.35099753737449646,0.0012185316300019622,0.0034716244424867608,0.14
37,octanol_hl_gap_eV,13,0.0641036406159401,0.001665149931795895,0.6123562664440863,0.9775980645645947,0.36713504791259766,0.0011591640068218112,0.003157323206848311,0.06
37,octanol_hl_gap_eV,14,0.09633637964725494,0.001631742576137185,0.6187737289682871,0.9743294881691811,0.40752512216567993,0.0012145625660195947,0.002980337898103402,0.12
37,octanol_hl_gap_eV,15,0.08261453360319138,0.001818990334868431,0.587541619335735,0.9684596318844028,0.4546872079372406,0.0006446162587963045,0.0014177136447728685,0.2
37,octanol_hl_gap_eV,16,0.05901607871055603,0.0013542668893933296,0.609832927233944,0.9752918746943104,0.25540128350257874,0.0022084913216531277,0.008647142611680841,0.08
37,octanol_hl_gap_eV,17,0.11174845695495605,0.001257475814782083,0.6265021471064134,0.9751993547046742,0.36575624346733093,0.0014207146596163511,0.003884321006110859,0.28
37,octanol_hl_gap_eV,18,0.04656485095620155,0.001417637919075787,0.5847913836483232,0.9685842403050045,0.2660785913467407,0.0012375236256048083,0.004650970299193021,0.0
37,octanol_hl_gap_eV,19,0.06110970303416252,0.002443097997456789,0.5837628911864365,0.984870745163452,0.4038069248199463,0.002049206057563424,0.005074717474142242,0.04
37,octanol_hl_gap_eV,20,0.08803901821374893,0.0012459235731512308,0.6425357916362691,0.9762651106748252,0.39047572016716003,0.0020411540754139423,0.0052273520989733705,0.06
37,octanol_hl_gap_eV,21,0.040092047303915024,0.0023569667246192694,0.5953556248645218,0.9627563567172797,0.43597665429115295,0.0011292591225355864,0.0025901825508790823,0.02
37,octanol_hl_gap_eV,22,0.02320670522749424,0.0008370710420422256,0.685771575487385,0.9606587810270666,0.294597864151001,0.00042037383536808193,0.0014269412189377327,0.06
37,octanol_hl_gap_eV,23,0.20235702395439148,0.003220168175175786,0.574156859203925,0.9293653412943139,0.6873267292976379,0.0846462994813919,0.1231529284011548,0.14
37,octanol_hl_gap_eV,24,0.18465395271778107,0.0018458642298355699,0.635874622303394,0.9448155145468127,0.36336663365364075,0.03325148671865463,0.0915094663049051,0.3
37,octanol_hl_gap_eV,25,0.09390527755022049,0.0011482606641948223,0.6302824644446543,0.9576806880457582,0.31450310349464417,0.0013277559773996472,0.0042217579497502745,0.22
37,octanol_hl_gap_eV,26,0.01975961960852146,0.0038664231542497873,0.6396511980927704,0.9718933998996095,0.7737237215042114,0.0008884734124876559,0.0011483083532198772,0.0
37,octanol_hl_gap_eV,27,0.15167808532714844,0.0015025907196104527,0.6122206616375128,0.9319201363409202,0.39738401770591736,0.046515997499227524,0.11705553174423719,0.12
37,octanol_hl_gap_eV,28,0.24397271871566772,0.001283090328797698,0.6287544543529786,0.9125792975685736,0.3402543067932129,0.03942326456308365,0.11586411626831473,0.28
37,octanol_hl_gap_eV,29,0.07149554044008255,0.003567163133993745,0.5807454232050431,0.9767317627742942,0.6768348813056946,0.0032001668587327003,0.004728135247047551,0.12
37,octanol_hl_gap_eV,30,0.14685173332691193,0.0019509152043610811,0.6140120275154048,0.980717508482297,0.43191394209861755,0.003806098597124219,0.00881216887473196,0.12
37,octanol_hl_gap_eV,31,0.6932204961776733,0.0010907469550147653,0.6658870826561412,0.9180048368755618,0.31035879254341125,0.22110600769519806,0.7124206338193915,0.14
37,octanol_hl_gap_eV,32,0.06619090586900711,0.0014656117418780923,0.6327311361029877,0.9690492921751095,0.28561076521873474,0.0015170759288594127,0.005311690291847233,0.08
37,octanol_hl_gap_eV,33,0.16250662505626678,0.0042005619034171104,0.6392493417011047,0.9391608367793547,0.8230627179145813,0.04783084988594055,0.05811325047881043,0.06
37,octanol_hl_gap_eV,34,0.11181889474391937,0.0011372864246368408,0.6608917558666265,0.9722389411771997,0.3129545748233795,0.0018915673717856407,0.0060442234239687165,0.08
37,octanol_hl_gap_eV,35,0.13240252435207367,0.0013304009335115552,0.6323842515857272,0.9467543530752565,0.3053218126296997,0.01614358276128769,0.05287399096135638,0.14
37,octanol_hl_gap_eV,36,0.09225957095623016,0.0017048614099621773,0.6356867661054195,0.9697913777457254,0.2975579500198364,0.0019750595092773438,0.006637562562672845,0.24
37,octanol_hl_gap_eV,37,0.06997857242822647,0.001886942656710744,0.6324055695840227,0.9792922228008185,0.39218759536743164,0.0027393661439418793,0.0069848362780965305,0.26
37,octanol_hl_gap_eV,38,0.07654491811990738,0.002258578548207879,0.5863463692776296,0.9751901322128835,0.4840509295463562,0.0016875878209248185,0.003486384836625343,0.24
37,octanol_hl_gap_eV,39,0.10763300210237503,0.0016710556810721755,0.6035547137691344,0.9748656676995582,0.3816011846065521,0.0011885620187968016,0.0031146706738404443,0.24
37,octanol_hl_gap_eV,40,0.4640837609767914,0.001357639324851334,0.651007097543469,0.9112927322389939,0.3433783948421478,0.10582620650529861,0.30819122022498613,0.3
37,octanol_hl_gap_eV,41,0.17795716226100922,0.002322516171261668,0.5807119818578861,0.9811542699167266,0.48349303007125854,0.0041407267563045025,0.008564191206012279,0.18
37,octanol_hl_gap_eV,42,0.03441877290606499,0.0025058917235583067,0.6361843012460076,0.9797604757842706,0.4811188578605652,0.001642596791498363,0.0034141184962124473,0.04
37,octanol_hl_gap_eV,43,0.1019139513373375,0.0014540433185175061,0.6086815164199963,0.9751164037601836,0.3030818998813629,0.0006010926445014775,0.001983268036582741,0.28
37,octanol_hl_gap_eV,44,0.17006786167621613,0.0010685728630051017,0.6408989953288076,0.976380787120223,0.3534623980522156,0.000786895165219903,0.0022262485898249867,0.2
37,octanol_hl_gap_eV,45,0.05225948244333267,0.0015462490264326334,0.6052402268269095,0.9525671706218712,0.32850271463394165,0.003769366070628166,0.011474383323828724,0.14
37,octanol_hl_gap_eV,46,0.1352691352367401,0.00123892561532557,0.6321467221060642,0.9692746547380069,0.32667630910873413,0.0012163486098870635,0.00372340624640216,0.24
37,octanol_hl_gap_eV,47,0.11326122283935547,0.0013412695843726397,0.6412563067025827,0.9708293969295565,0.3638051450252533,0.0013273755321279168,0.003648589224970356,0.26
37,octanol_hl_gap_eV,48,0.06393467634916306,0.0015776311047375202,0.6116370729151788,0.9788113443388691,0.24145445227622986,0.001716241822578013,0.007107931978055182,0.12
37,octanol_hl_gap_eV,49,0.37400704622268677,0.00151926651597023,0.6373946091834097,0.9129660857847843,0.36421361565589905,0.07323296368122101,0.20107146062987905,0.26
37,octanol_hl_gap_eV,50,0.03761264309287071,0.0014343654038384557,0.6066041206863908,0.9695674806789616,0.2577495574951172,0.0011473316699266434,0.004451342927905428,0.04
37,octanol_hl_gap_eV,51,0.08182600140571594,0.0019676154479384422,0.614399376886696,0.9702806061691274,0.3396383225917816,0.0008837119094096124,0.002601920486080613,0.16
37,octanol_hl_gap_eV,52,0.08832752704620361,0.0020741254556924105,0.6289814358839994,0.9832120045843789,0.47726356983184814,0.0035593563225120306,0.007457842055210878,0.24
37,octanol_hl_gap_eV,53,0.022082142531871796,0.0013442456256598234,0.6211371564636099,0.9574487241086502,0.3331505358219147,0.0005137642729096115,0.0015421385159777852,0.16
37,octanol_hl_gap_eV,54,0.0977025181055069,0.0016963455127552152,0.6341528984841001,0.9338914859691869,0.4521349370479584,0.04139123484492302,0.09154619882986971,0.1
37,octanol_hl_gap_eV,55,0.04129454120993614,0.0013391899410635233,0.6147160242274432,0.9717493343506176,0.3754214346408844,0.0006346689187921584,0.00169055056592403,0.14
37,octanol_hl_gap_eV,56,0.30879512429237366,0.002009183866903186,0.6420949527890791,0.9208617295213775,0.47742122411727905,0.09211530536413193,0.19294346524800435,0.2
37,octanol_hl_gap_eV,57,0.03609686344861984,0.004041035659611225,0.5873645188124892,0.980155500044275,0.8692951798439026,0.006732888054102659,0.007745226489478141,0.02
37,octanol_hl_gap_eV,58,0.043338384479284286,0.0012473462847992778,0.6315237668276816,0.9617583129429763,0.2605414390563965,0.001586780184879899,0.006090317880436772,0.02
37,octanol_hl_gap_eV,59,0.11324857920408249,0.0013688912149518728,0.6074178738235436,0.9713672119603098,0.42157989740371704,0.0011708392994478345,0.002777265487890674,0.26
37,octanol_hl_gap_eV,60,0.09984412044286728,0.002229701029136777,0.6317110043161684,0.9786291619516725,0.48536747694015503,0.0018733249744400382,0.003859601360704718,0.32
37,octanol_hl_gap_eV,61,0.13735152781009674,0.002172492677345872,0.5787389260154856,0.9598430684889607,0.5563581585884094,0.011668611317873001,0.02097320069409708,0.12
37,octanol_hl_gap_eV,62,0.07419390231370926,0.002561229048296809,0.6226314422765242,0.9671382096123131,0.5853164792060852,0.001890365849249065,0.0032296474068407056,0.12
37,octanol_hl_gap_eV,63,0.21877416968345642,0.0024000611156225204,0.6063620632852444,0.9822153572996344,0.5900945067405701,0.0025715804658830166,0.0043579129046418825,0.32
37,octanol_hl_gap_eV,64,0.04494920372962952,0.001566817401908338,0.5971943585022206,0.977670695272078,0.32700949907302856,0.0007916710455901921,0.0024209420455195835,0.22
37,octanol_hl_gap_eV,65,0.04861826077103615,0.0022925531957298517,0.6001816977409076,0.9746543139365895,0.330341637134552,0.0021436535753309727,0.006489201887855988,0.04
37,octanol_hl_gap_eV,66,0.0526735857129097,0.0017276315484195948,0.6202821501684646,0.9651495050985417,0.28929924964904785,0.0016740974970161915,0.005786732938460981,0.02
37,octanol_hl_gap_eV,67,0.016624748706817627,0.0035867206752300262,0.5935271182947341,0.9784838041791584,0.6701056957244873,0.002316632540896535,0.0034571151322507396,0.06
37,octanol_hl_gap_eV,68,0.17627011239528656,0.0010112765012308955,0.6533045960807631,0.9343900884354666,0.27170634269714355,0.0132224652916193,0.04866454408227662,0.18
37,octanol_hl_gap_eV,69,0.08450915664434433,0.0016769715584814548,0.6085463236805737,0.961904113708113,0.38411664962768555,0.0010287255281582475,0.0026781591715833324,0.1
37,octanol_hl_gap_eV,70,0.08769838511943817,0.0013136202469468117,0.6035939187077122,0.9800185304338449,0.333021342754364,0.001570986583828926,0.004717375081235208,0.14
37,octanol_hl_gap_eV,71,0.05008150637149811,0.004922425840049982,0.6228620430219967,0.9383169663807847,1.0200709104537964,0.030614692717790604,0.030012318167343014,0.02
37,octanol_hl_gap_eV,72,0.07175926119089127,0.0011273148702457547,0.6517139927359306,0.962831012884124,0.3142630457878113,0.0008399427752010524,0.0026727379704967833,0.06
37,octanol_hl_gap_eV,73,0.024664046242833138,0.0021175043657422066,0.638547353567894,0.972402462861351,0.4119392931461334,0.0006648585549555719,0.0016139721702142084,0.08
37,octanol_hl_gap_eV,74,0.24071787297725677,0.0008601877489127219,0.6550206636288305,0.9505318660732955,0.283870130777359,0.013641917146742344,0.0480568952759661,0.18
37,octanol_hl_gap_eV,75,0.07077864557504654,0.002658675191923976,0.5857949473023103,0.9789931297529866,0.5293450355529785,0.011282532475888729,0.02131413675033803,0.1
37,octanol_hl_gap_eV,76,0.08918551355600357,0.0009996925946325064,0.6584150917285163,0.9663999433547938,0.2872948944568634,0.0007543920073658228,0.002625845505511038,0.1
37,octanol_hl_gap_eV,77,0.04603918641805649,0.0024448405019938946,0.6269883896795894,0.9724460672787578,0.4542451798915863,0.0017223565373569727,0.0037916891881341346,0.04
37,octanol_hl_gap_eV,78,0.06994659453630447,0.0016151590971276164,0.6290315666052892,0.9775362350678491,0.3226274251937866,0.0011236504651606083,0.003482811371307588,0.14
37,octanol_hl_gap_eV,79,0.07371236383914948,0.0011703722411766648,0.6512239140927423,0.9781524955153316,0.29250940680503845,0.0004898193874396384,0.0016745423430642344,0.08
37,octanol_hl_gap_eV,80,0.09646135568618774,0.002018570899963379,0.5821375296830607,0.9729847051004485,0.4798082709312439,0.0010793128749355674,0.0022494670065623607,0.16
37,octanol_hl_gap_eV,81,0.05408625304698944,0.000753557775169611,0.6812688294056626,0.9638641629389912,0.315581738948822,0.0007390586542896926,0.0023418929648826923,0.1
37,octanol_hl_gap_eV,82,0.08456757664680481,0.004175798501819372,0.6098388740631955,0.9746712348226789,0.9324554204940796,0.0026804739609360695,0.002874640333492585,0.12
37,octanol_hl_gap_eV,83,0.06079607456922531,0.002505716634914279,0.633220754288357,0.9745684417860094,0.4662489593029022,0.0016154444310814142,0.0034647679074644934,0.08
37,octanol_hl_gap_eV,84,0.08091975003480911,0.0011855906341224909,0.6504495892225952,0.9666519624012231,0.32022011280059814,0.0005867603467777371,0.0018323656863587275,0.04
37,octanol_hl_gap_eV,85,0.04764965549111366,0.0018825195729732513,0.616073020091618,0.9722570463281626,0.34233617782592773,0.0010846242075785995,0.0031683014470358225,0.06
37,octanol_hl_gap_eV,86,0.013453558087348938,0.0020271523389965296,0.5836409258562036,0.9538879692748485,0.41948071122169495,0.0046444665640592575,0.011071943094910658,0.02
37,octanol_hl_gap_eV,87,0.09974490106105804,0.003089428646489978,0.6173162126832927,0.9507370588470403,0.609512984752655,0.017414502799510956,0.02857117606211112,0.0
37,octanol_hl_gap_eV,88,0.1119573786854744,0.0016406204085797071,0.6032692593113171,0.9697729176902885,0.42084676027297974,0.0015718137146905065,0.0037348837226903182,0.18
37,octanol_hl_gap_eV,89,0.02237352542579174,0.001972134690731764,0.5796899226689218,0.9679014281618004,0.42395564913749695,0.0019717467948794365,0.004650832696511519,0.08
37,octanol_hl_gap_eV,90,0.008199858479201794,0.0020927120931446552,0.6171863961496997,0.9623828827568872,0.44314834475517273,0.0012758070370182395,0.0028789615308686027,0.04
37,octanol_hl_gap_eV,91,0.04502580687403679,0.002438383875414729,0.585974717740104,0.9635608132064797,0.39265456795692444,0.001113987062126398,0.002837066350514497,0.04
37,octanol_hl_gap_eV,92,0.0887872725725174,0.0012034616665914655,0.6916397376888745,0.98279030824146,0.33045482635498047,0.002137708244845271,0.006468987814234273,0.2
37,octanol_hl_gap_eV,93,0.10433556884527206,0.0016824003541842103,0.6386796153441971,0.9761376402618238,0.40621915459632874,0.0026098648086190224,0.006424770420322788,0.14
37,octanol_hl_gap_eV,94,0.12036389857530594,0.0028440402820706367,0.5739343371742172,0.9242094562600978,0.6589853763580322,0.039806902408599854,0.060406351698724846,0.1
37,octanol_hl_gap_eV,95,0.09251848608255386,0.0014971103519201279,0.6137291801921523,0.9739402462527118,0.4102354347705841,0.0018490187358111143,0.004507213612215485,0.2
37,octanol_hl_gap_eV,96,0.050197020173072815,0.0007858967874199152,0.6715064053690838,0.9645475172983882,0.272786021232605,0.00047185769653879106,0.001729772275011253,0.1
37,octanol_hl_gap_eV,97,0.10648469626903534,0.001167893409729004,0.6549392163145136,0.9735580910093753,0.3331984877586365,0.0011367297265678644,0.0034115692847660607,0.24
37,octanol_hl_gap_eV,98,0.08790434151887894,0.0034889273811131716,0.5838160036671158,0.9608042337332969,0.7567118406295776,0.03521358221769333,0.0465349956575226,0.1
37,octanol_hl_gap_eV,99,0.09052538126707077,0.007076875772327185,0.6144406136749436,0.9468434342006788,1.5893619060516357,0.06950978934764862,0.043734400002280134,0.04
37,octanol_hl_gap_eV,100,0.1444019079208374,0.0021229239646345377,0.629863983523856,0.9141725476496316,0.4236878752708435,0.030049573630094528,0.07092384602907333,0.02
37,octanol_hl_gap_eV,101,0.20354335010051727,0.0018877873662859201,0.6286336379788491,0.9025314220171481,0.36965370178222656,0.0579460933804512,0.15675777924331158,0.16
37,octanol_hl_gap_eV,102,0.10745678842067719,0.0011039323871955276,0.6528988413019878,0.9656345282376069,0.3609580099582672,0.0010185991413891315,0.0028219325054094206,0.18
37,octanol_hl_gap_eV,103,0.23908467590808868,0.0026059667579829693,0.6115499668000932,0.9026003014125179,0.6636443138122559,0.08478245139122009,0.12775284836570594,0.1
37,octanol_hl_gap_eV,104,0.03939490392804146,0.001342125702649355,0.6417600108766202,0.9524381189120941,0.2815311849117279,0.004801159258931875,0.017053738684178962,0.08
37,octanol_hl_gap_eV,105,0.12610216438770294,0.000949351757299155,0.6829102148788031,0.9614324370572589,0.2907361388206482,0.0004091479640919715,0.0014072827882754893,0.22
37,octanol_hl_gap_eV,106,0.12758897244930267,0.001108134863898158,0.6655437052163053,0.9728028329152241,0.3395044505596161,0.001551161054521799,0.004568897556320604,0.28
37,octanol_hl_gap_eV,107,0.059801582247018814,0.0012397286482155323,0.6077157673603331,0.9454168656623343,0.33624202013015747,0.0017969023901969194,0.005344074454172469,0.12
37,octanol_hl_gap_eV,108,0.07008717954158783,0.0010049758711829782,0.6136582678538061,0.9596593835799061,0.2638779580593109,0.0018626457313075662,0.007058739369541832,0.1
37,octanol_hl_gap_eV,109,0.06479588896036148,0.0011165261967107654,0.6345138768955818,0.9759208498692127,0.3132696747779846,0.001971508376300335,0.00629332659695692,0.26
37,octanol_hl_gap_eV,110,0.10950588434934616,0.0011741651687771082,0.6641935378065786,0.9770589917568218,0.2633368670940399,0.0009869553614407778,0.0037478814581944856,0.2
37,octanol_hl_gap_eV,111,0.2606738805770874,0.002012882847338915,0.6139515869325498,0.9103171957311189,0.45751243829727173,0.0775524452328682,0.16950893296255692,0.32
37,octanol_hl_gap_eV,112,0.09105898439884186,0.0011221758322790265,0.6343112698385507,0.9629149100816841,0.3622954189777374,0.0006341341650113463,0.00175032344267735,0.14
37,octanol_hl_gap_eV,113,0.11528850346803665,0.001816153759136796,0.6168320042375326,0.9678645462879598,0.45837655663490295,0.0016166927525773644,0.003526997027173579,0.2
37,octanol_hl_gap_eV,114,0.08159416913986206,0.0015473845414817333,0.623417078906845,0.9735761412367765,0.4133090674877167,0.0006557745509780943,0.001586644481245463,0.18
37,octanol_hl_gap_eV,115,0.09903371334075928,0.001049678772687912,0.6662635145135352,0.9780859165102496,0.28129154443740845,0.0015770411118865013,0.0056064291411269795,0.24
37,octanol_hl_gap_eV,116,0.06208019331097603,0.001981443492695689,0.6217184432593885,0.9680353169002271,0.4072379469871521,0.001798321376554668,0.004415898346063028,0.0
37,octanol_hl_gap_eV,117,0.13056756556034088,0.0043996647000312805,0.5783709213508559,0.9631256460236575,0.9508091807365417,0.013823558576405048,0.014538730648032518,0.08
37,octanol_hl_gap_eV,118,0.0600571446120739,0.002194638131186366,0.5977910689439125,0.9669075347652665,0.4197913408279419,0.0014368597185239196,0.003422795038339867,0.06
37,octanol_hl_gap_eV,119,0.1630333513021469,0.002629993949085474,0.6311909043369348,0.9112477241332853,0.5008044242858887,0.05564511939883232,0.11111147725617297,0.08
37,octanol_hl_gap_eV,120,0.0496041476726532,0.0011270241811871529,0.6565705785194045,0.9766575079678539,0.30704134702682495,0.0011651888489723206,0.0037948923174523554,0.02
37,octanol_hl_gap_eV,121,0.040795039385557175,0.004384265281260014,0.6141504092012477,0.9877020229724571,1.0049107074737549,0.008020727895200253,0.007981532921829007,0.02
37,octanol_hl_gap_eV,122,0.2520398497581482,0.0010236392263323069,0.6550270081972573,0.9280003122518414,0.3415915071964264,0.019389139488339424,0.0567611872071223,0.24
37,octanol_hl_gap_eV,123,0.11681064963340759,0.0017973862122744322,0.6069344160390295,0.9773203595936801,0.4306694269180298,0.0030079346615821123,0.006984323644953369,0.24
37,octanol_hl_gap_eV,124,0.14618411660194397,0.0015078354626893997,0.6283134572572397,0.9278339201874783,0.30914315581321716,0.023975564166903496,0.07755489234052271,0.08
37,octanol_hl_gap_eV,125,0.06966382265090942,0.002197525929659605,0.6096744993976004,0.9785650281628522,0.4821361005306244,0.003332342253997922,0.006911621532447886,0.08
37,octanol_hl_gap_eV,126,0.04345572367310524,0.0014563180739060044,0.6073302964211909,0.9640915959422642,0.3046770691871643,0.0007816111901775002,0.002565375833050808,0.1
37,octanol_hl_gap_eV,127,0.24954889714717865,0.003306507132947445,0.5750966009345746,0.8957262864707372,0.7091338038444519,0.12977898120880127,0.1830105693808784,0.18
37,octanol_hl_gap_eV,128,0.06325620412826538,0.004945176187902689,0.5751934712807967,0.9819467076300237,1.054052472114563,0.0031370525248348713,0.0029761825030793256,0.08
37,octanol_hl_gap_eV,129,0.2960238456726074,0.003119570901617408,0.5802006846986387,0.9129321382630404,0.7461550831794739,0.10456540435552597,0.1401389693814827,0.34
37,octanol_hl_gap_eV,130,0.470424622297287,0.0011472624028101563,0.643588508158534,0.9217151795077683,0.2421237975358963,0.08282063901424408,0.34205906175730383,0.4
37,octanol_hl_gap_eV,131,0.056702516973018646,0.001450570416636765,0.6136129587622516,0.9662140930516776,0.333119660615921,0.0015212580328807235,0.004566701437159236,0.02
37,octanol_hl_gap_eV,132,0.046139951795339584,0.0012695674085989594,0.6171207546452511,0.9743733190299413,0.21397928893566132,0.0014764133375138044,0.006899795512255058,0.04
37,octanol_hl_gap_eV,133,0.07906210422515869,0.0012534742709249258,0.6330438885690088,0.9741944081969103,0.3114485442638397,0.001564097125083208,0.005022008141923447,0.14
37,octanol_hl_gap_eV,134,0.11226322501897812,0.0011213704710826278,0.6785897670518761,0.9780857939021106,0.31468531489372253,0.0015342881670221686,0.004875626838641447,0.04
37,octanol_hl_gap_eV,135,0.09704050421714783,0.0019928314723074436,0.5951694807812085,0.9849190393593894,0.344968318939209,0.017638232558965683,0.05113000699079827,0.12
37,octanol_hl_gap_eV,136,0.10041914880275726,0.000979184522293508,0.6620269673710781,0.9721718566555788,0.32905492186546326,0.00048656458966434,0.0014786728820402688,0.2
37,octanol_hl_gap_eV,137,0.10421279817819595,0.0012650035787373781,0.6601835205496243,0.9801313274890222,0.3641102612018585,0.002154404064640403,0.005916900165156362,0.08
37,octanol_hl_gap_eV,138,0.05971453711390495,0.0023179003037512302,0.6046909974493375,0.976486359979762,0.4062262177467346,0.0013490170240402222,0.0033208516956955226,0.1
37,octanol_hl_gap_eV,139,0.08552024513483047,0.0012829742627218366,0.6365204177483137,0.9710999100020197,0.22349728643894196,0.002293736906722188,0.010262929556188695,0.04
37,octanol_hl_gap_eV,140,0.014894887804985046,0.00093858438776806,0.6612711161765124,0.9659894232754571,0.2934737503528595,0.0005014058551751077,0.001708520283576436,0.04
37,octanol_hl_gap_eV,141,0.04812922701239586,0.000891111558303237,0.6578942895654205,0.9614623506738467,0.3442220389842987,0.0009264613618142903,0.0026914643947494304,0.08
37,octanol_hl_gap_eV,142,0.011960177682340145,0.0031999247148633003,0.6131137630633634,0.9729147808168188,0.7406712770462036,0.0019856453873217106,0.0026808726743670452,0.04
37,octanol_hl_gap_eV,143,0.058905865997076035,0.001503370818682015,0.6279686867087542,0.9802872046611684,0.3467453420162201,0.0026501580141484737,0.007642952025652602,0.16
37,octanol_hl_gap_eV,144,0.0652763769030571,0.0012467391788959503,0.6038677497736789,0.974251822695523,0.305298388004303,0.004317017272114754,0.014140321212747144,0.12
37,octanol_hl_gap_eV,145,0.21287453174591064,0.0022554530296474695,0.6115472370422717,0.9618938426755985,0.5670808553695679,0.022833846509456635,0.040265592275330414,0.16
37,octanol_hl_gap_eV,146,0.10491850972175598,0.0011606407351791859,0.6568269694489188,0.9488801306107477,0.26328927278518677,0.005449844989925623,0.020699077225117556,0.24
37,octanol_hl_gap_eV,147,0.06701965630054474,0.004761321935802698,0.6179740901664277,0.9713470237955222,1.0221705436706543,0.002214371459558606,0.0021663424692387554,0.12
37,octanol_hl_gap_eV,148,0.08470313251018524,0.0014913213672116399,0.6148421716365815,0.9755057048430418,0.3271235227584839,0.004176759626716375,0.012768142111871567,0.04
37,octanol_hl_gap_eV,149,0.025311866775155067,0.0026614207308739424,0.592931319984886,0.9687602826380197,0.5353639125823975,0.0011177263222634792,0.0020877879438529596,0.04
37,octanol_hl_gap_eV,150,0.08143065124750137,0.0029750645626336336,0.5816720482506428,0.9687871202602802,0.6720104813575745,0.0018985450733453035,0.0028251718180197466,0.14
37,octanol_hl_gap_eV,151,0.06438083201646805,0.0021863000001758337,0.6355043323085787,0.9765298038040138,0.41781193017959595,0.0010251146741211414,0.0024535313620185455,0.12
37,octanol_hl_gap_eV,152,0.20455852150917053,0.00157172663602978,0.6165215343900492,0.9326615954370412,0.3399273157119751,0.02463538572192192,0.07247250980793732,0.2
37,octanol_hl_gap_eV,153,0.06030440330505371,0.0015345101710408926,0.6075807341847841,0.9598084138395515,0.2965204119682312,0.002550397766754031,0.008601086683460015,0.2
37,octanol_hl_gap_eV,154,0.058244772255420685,0.00107252923771739,0.6417278242576205,0.93488013612815,0.2665752172470093,0.008571384474635124,0.03215371842571869,0.02
37,octanol_hl_gap_eV,155,0.046118348836898804,0.0009545325883664191,0.6673810296683942,0.9667520923220252,0.3132930397987366,0.0008150331559590995,0.0026015041907176974,0.08
37,octanol_hl_gap_eV,156,0.076634980738163,0.0026939501985907555,0.5755873533307512,0.9806868247274285,0.5781975984573364,0.0021808843594044447,0.003771866858705685,0.0
37,octanol_hl_gap_eV,157,0.0400741845369339,0.0020958897657692432,0.6249710774182529,0.9598001816570054,0.3965241312980652,0.0011177916312590241,0.0028189750459822224,0.02
37,octanol_hl_gap_eV,158,0.12632086873054504,0.001458645798265934,0.6001149153368726,0.9753593787278709,0.3608003258705139,0.0012601211201399565,0.0034925720122331483,0.26
37,octanol_hl_gap_eV,159,0.11418838053941727,0.0013460610061883926,0.6377597387660827,0.9659497655645553,0.3821374773979187,0.0016838355222716928,0.0044063605949811605,0.22
37,octanol_hl_gap_eV,160,0.4044826626777649,0.0019667954184114933,0.6277980924191489,0.9074231776020185,0.4272923767566681,0.11430969089269638,0.2675210163128952,0.48
37,octanol_hl_gap_eV,161,0.38080668449401855,0.001359597546979785,0.6498657945674635,0.9109091339984259,0.3824644982814789,0.06045772507786751,0.15807408360650768,0.4
37,octanol_hl_gap_eV,162,0.10878251492977142,0.0048378510400652885,0.621228495804893,0.9231019536390339,1.0958707332611084,0.09616319090127945,0.08775048733632625,0.06
37,octanol_hl_gap_eV,163,0.04723961651325226,0.001836261129938066,0.6240017525893131,0.9549382001277307,0.3130514919757843,0.002024166751652956,0.006465922710917899,0.08
37,octanol_hl_gap_eV,164,0.07200930267572403,0.001218119403347373,0.6471801257276049,0.9751375136078106,0.2775552272796631,0.0007352799875661731,0.0026491303902747582,0.22
37,octanol_hl_gap_eV,165,0.06646759063005447,0.0013764385366812348,0.6331248513191603,0.9805452345097407,0.29876941442489624,0.001470721559599042,0.00492259745673782,0.06
37,octanol_hl_gap_eV,166,0.10292771458625793,0.0013416653964668512,0.6326637287076791,0.9694405343666865,0.29316645860671997,0.0013256974052637815,0.004521995495542661,0.1
37,octanol_hl_gap_eV,167,0.04503853991627693,0.0014555627712979913,0.643565167401773,0.9643644925941361,0.4066588878631592,0.0018968229414895177,0.004664407930333491,0.02
37,octanol_hl_gap_eV,168,0.12755803763866425,0.001008422113955021,0.6397721153867038,0.9739858543127164,0.3125239610671997,0.0009420592105016112,0.0030143583464278673,0.28
37,octanol_hl_gap_eV,169,0.7682995796203613,0.0010853164130821824,0.6547949251344052,0.9132039981105737,0.22728458046913147,0.2615724802017212,1.150858890919116,0.7
37,octanol_hl_gap_eV,170,0.19949288666248322,0.0032577088568359613,0.6287034496815207,0.9221254058019346,0.6023609042167664,0.07137295603752136,0.11848869263905115,0.04
37,octanol_hl_gap_eV,171,0.034379374235868454,0.0017582530854269862,0.6057673805177115,0.9754830996395023,0.31291261315345764,0.0004596186045091599,0.0014688401335990735,0.0
37,octanol_hl_gap_eV,172,0.06189825013279915,0.0008497564122080803,0.6334027274995804,0.9696380818286341,0.26868629455566406,0.0003947376389987767,0.0014691394648601937,0.18
37,octanol_hl_gap_eV,173,0.02045125886797905,0.0023350848350673914,0.5776184574079413,0.9654710996869418,0.4681719243526459,0.002577215898782015,0.005504849318646353,0.0
37,octanol_hl_gap_eV,174,0.1412237137556076,0.001157746883109212,0.6414568287651288,0.9818679603366458,0.360078901052475,0.0011364653473719954,0.003156156453627857,0.26
37,octanol_hl_gap_eV,175,0.021237485110759735,0.0011476832441985607,0.6267217917742955,0.9610487608707672,0.3045331835746765,0.0011482692789286375,0.0037705883656093033,0.12
37,octanol_hl_gap_eV,176,0.08207759261131287,0.00480134692043066,0.6340861646798541,0.984098710821707,0.9838793873786926,0.001921920687891543,0.001953410867781297,0.02
37,octanol_hl_gap_eV,177,0.09752011299133301,0.00211498630233109,0.6177478747758645,0.9839679838640569,0.44596701860427856,0.0038080457597970963,0.00853885063454906,0.26
37,octanol_hl_gap_eV,178,0.05574483424425125,0.00316825183108449,0.5737455002427254,0.9727905369502254,0.6512605547904968,0.004675283562391996,0.007178821944614751,0.02
37,octanol_hl_gap_eV,179,0.031397201120853424,0.0009460102883167565,0.6467531793271231,0.9737099453389269,0.28112128376960754,0.00048776427865959704,0.0017350670576025949,0.16
37,octanol_hl_gap_eV,180,0.06930509209632874,0.0012501750607043505,0.6427881957341226,0.9753609944862143,0.4030507802963257,0.002180929761379957,0.005411054556888645,0.18
37,octanol_hl_gap_eV,181,0.17176738381385803,0.004772557877004147,0.6223358865151356,0.9469358182119654,0.9612195491790771,0.05546679347753525,0.05770460403651411,0.08
37,octanol_hl_gap_eV,182,0.05087047442793846,0.0017350286943838,0.6340311234018967,0.9603677132322817,0.3126477003097534,0.001260773278772831,0.0040325685348836056,0.04
37,octanol_hl_gap_eV,183,0.37677547335624695,0.0012016573455184698,0.6583520159386644,0.9368084394042198,0.2965778410434723,0.0318903848528862,0.10752787443823801,0.32
37,octanol_hl_gap_eV,184,0.06011604517698288,0.001308178761973977,0.6416651097654793,0.9814993250097579,0.2572788596153259,0.0020392960868775845,0.007926403630390256,0.04
37,octanol_hl_gap_eV,185,0.5496947765350342,0.0015747525030747056,0.6157486855920993,0.9082578758715103,0.4114997982978821,0.13650092482566833,0.3317156542731916,0.38
37,octanol_hl_gap_eV,186,0.04840982332825661,0.001551050110720098,0.6380094998985726,0.9788492552774073,0.37331753969192505,0.0015801513800397515,0.004232727402371046,0.04
37,octanol_hl_gap_eV,187,0.04758882895112038,0.001161114894784987,0.6331467982381453,0.9695228057808496,0.26000019907951355,0.0008854078478179872,0.0034054121918084025,0.18
37,octanol_hl_gap_eV,188,0.05988180637359619,0.001961636357009411,0.5847083665248052,0.9635120872844276,0.394733190536499,0.0018287731800228357,0.0046329349136749074,0.04
37,octanol_hl_gap_eV,189,0.053781989961862564,0.001176625955849886,0.615941421295416,0.9622156989705786,0.2628759443759918,0.0008082628482952714,0.0030746930846559774,0.14
37,octanol_hl_gap_eV,190,0.13856598734855652,0.0019896896556019783,0.6029411152399873,0.9758401486902664,0.4969226121902466,0.002415416296571493,0.0048607494151357965,0.12
37,octanol_hl_gap_eV,191,0.11743723601102829,0.001021191943436861,0.6515892000963199,0.9764897862034543,0.2749941051006317,0.0020280894823372364,0.0073750289359660074,0.18
37,octanol_hl_gap_eV,192,0.0779910534620285,0.003331732004880905,0.6247298707161575,0.9707236422718464,0.7937602996826172,0.0015855764504522085,0.0019975507103167,0.08
37,octanol_hl_gap_eV,193,0.09276749938726425,0.0011616020929068327,0.639102140003126,0.9522529130840012,0.2974737584590912,0.003927046433091164,0.013201320524651299,0.1
37,octanol_hl_gap_eV,194,0.0629625990986824,0.0034228689037263393,0.6151337415631923,0.9436800659592994,0.6785627007484436,0.024012796580791473,0.03538773433067534,0.0
37,octanol_hl_gap_eV,195,0.02790459617972374,0.0012403117725625634,0.6384720962923076,0.9807345537093075,0.3519584834575653,0.0007493713055737317,0.0021291468761089867,0.02
37,octanol_hl_gap_eV,196,0.06637534499168396,0.0015197499888017774,0.6062764358670316,0.9696733656454162,0.34343162178993225,0.0009808412287384272,0.002856001505121683,0.02
37,octanol_hl_gap_eV,197,0.06472103297710419,0.001586096826940775,0.6073045850977719,0.9735080108538228,0.3606208562850952,0.0013795791892334819,0.003825566838937433,0.04
37,octanol_hl_gap_eV,198,0.044397465884685516,0.0011891295434907079,0.6364123529409542,0.9576438138445893,0.2747342884540558,0.0006081408355385065,0.002213560014516378,0.02
37,octanol_hl_gap_eV,199,0.18303757905960083,0.0017788331024348736,0.6429906305994293,0.9382502546550353,0.36781907081604004,0.013621330261230469,0.03703269172805616,0.3
37,octanol_hl_gap_eV,200,0.022185353562235832,0.002436373382806778,0.6397924862750131,0.9606524306684345,0.46045243740081787,0.001320465817116201,0.0028677572532138703,0.08
37,octanol_hl_gap_eV,201,0.07303055375814438,0.002986468840390444,0.6142101612255566,0.9753039241031376,0.6766989827156067,0.0029214348178356886,0.004317185177539224,0.18
37,octanol_hl_gap_eV,202,0.09874296188354492,0.0008997030090540648,0.6595004972973566,0.9575282655790547,0.3360784351825714,0.0004870375560130924,0.0014491782424198502,0.16
37,octanol_hl_gap_eV,203,0.1283562183380127,0.002813776023685932,0.5911389382180428,0.98750310726107,0.5612509846687317,0.0023673907853662968,0.0042180608142070464,0.06
37,octanol_hl_gap_eV,204,0.1215401440858841,0.0013407600345090032,0.6017964813829741,0.9805692460918147,0.40861475467681885,0.0004863441863562912,0.001190226688561332,0.22
37,octanol_hl_gap_eV,205,0.14558565616607666,0.0014088412281125784,0.6438041876428384,0.9772483551501889,0.3461567163467407,0.0012414954835548997,0.003586512769873024,0.02
37,octanol_hl_gap_eV,206,0.018683623522520065,0.000984951970167458,0.6748262058897851,0.9680978288679727,0.2863098382949829,0.0011788506526499987,0.004117394846332306,0.1
37,octanol_hl_gap_eV,207,0.10237029194831848,0.0025583431124687195,0.6324309996397839,0.9762071382643636,0.5128676891326904,0.0008277579909190536,0.0016139796061609448,0.18
37,octanol_hl_gap_eV,208,0.04389852657914162,0.0015560227911919355,0.6353404425658677,0.9632226287275953,0.3339577913284302,0.0006238516070879996,0.001868055255145923,0.02
37,octanol_hl_gap_eV,209,0.07090745121240616,0.0016680641565471888,0.630747936741471,0.9867712414467127,0.4663209021091461,0.0012962049804627895,0.002779641604311793,0.04
37,octanol_hl_gap_eV,210,0.02077145129442215,0.00138442765455693,0.6214615286547083,0.9683330766294858,0.30381491780281067,0.0007954896427690983,0.0026183363493869193,0.1
37,octanol_hl_gap_eV,211,0.06856340169906616,0.0012185273226350546,0.6137014278614539,0.9692355676279527,0.29760506749153137,0.0010448178509250283,0.0035107528905056686,0.04
37,octanol_hl_gap_eV,212,0.12341330945491791,0.0035976972430944443,0.6378022453115018,0.983348422142349,0.7259646058082581,0.0014687648508697748,0.002023190716349752,0.1
37,octanol_hl_gap_eV,213,0.08223364502191544,0.0018484866013750434,0.6136489864767363,0.9624553193501939,0.41901838779449463,0.001661253976635635,0.003964632639106015,0.14
37,octanol_hl_gap_eV,214,0.0969744324684143,0.001748256734572351,0.6111237545982382,0.971216569045589,0.46577978134155273,0.0011062667472288013,0.0023750853762748115,0.14
37,octanol_hl_gap_eV,215,0.03171078488230705,0.0025103583466261625,0.6236026648713886,0.9774885326591398,0.5975872874259949,0.004162071738392115,0.006964792969943399,0.06
37,octanol_hl_gap_eV,216,0.024342861026525497,0.0025670030154287815,0.6358477217859824,0.9753695091676189,0.49905285239219666,0.0013172233011573553,0.002639446493178589,0.06
37,octanol_hl_gap_eV,217,0.13389970362186432,0.001466807327233255,0.6140395556822564,0.9244231263991578,0.34081968665122986,0.026096273213624954,0.07656914854314148,0.08
37,octanol_hl_gap_eV,218,0.13933463394641876,0.0015183910727500916,0.6520538127160727,0.981977301876833,0.34439271688461304,0.0022568479180336,0.006553123243862746,0.14
37,octanol_hl_gap_eV,219,0.01597045548260212,0.0013927948893979192,0.6322130958163237,0.9720225288040776,0.39352652430534363,0.001418386586010456,0.0036042972923215383,0.08
37,octanol_hl_gap_eV,220,0.19659659266471863,0.0008945927256718278,0.6416112847075439,0.956666776806989,0.29922908544540405,0.00515899108722806,0.017240941265949713,0.16
37,octanol_hl_gap_eV,221,0.10987520962953568,0.0024141729809343815,0.6358224975066298,0.9055362131115399,0.46060463786125183,0.0448884442448616,0.09745547603101506,0.1
37,octanol_hl_gap_eV,222,0.5926061868667603,0.0015198959736153483,0.6433024724754257,0.933766827220561,0.30659061670303345,0.19297397136688232,0.629419039114947,0.42
37,octanol_hl_gap_eV,223,0.030268561094999313,0.0011218897998332977,0.6473081175477509,0.9671881468639325,0.2653931677341461,0.0008365637622773647,0.0031521676666348124,0.02
37,octanol_hl_gap_eV,224,0.32614612579345703,0.002622604137286544,0.6399109313303597,0.9119736043669695,0.4991380274295807,0.15444213151931763,0.3094176821482643,0.22
37,octanol_hl_gap_eV,225,0.08517775684595108,0.0013259864645078778,0.6605149481295716,0.9627703122022029,0.34413209557533264,0.0012624439550563693,0.003668486523890686,0.16
37,octanol_hl_gap_eV,226,0.04477401450276375,0.001360365655273199,0.6217497829611238,0.9781656787712887,0.3591967523097992,0.0009676184854470193,0.0026938397388751164,0.1
37,octanol_hl_gap_eV,227,0.08028090000152588,0.0016532378504052758,0.6347518929215528,0.9678379672397106,0.347569078207016,0.0009610247798264027,0.002764989293017619,0.1
37,octanol_hl_gap_eV,228,0.15558721125125885,0.004835690371692181,0.5797344303453833,0.9289910623143243,1.0301823616027832,0.06124091520905495,0.05944667419249425,0.16
37,octanol_hl_gap_eV,229,0.0385502465069294,0.001412581535987556,0.6110563468757508,0.9582543886695094,0.37847182154655457,0.000941435806453228,0.002487466048611561,0.04
37,octanol_hl_gap_eV,230,0.152060866355896,0.003960737958550453,0.6148641020265462,0.8986215369299451,0.8953536748886108,0.10272447019815445,0.11473060655157773,0.06
37,octanol_hl_gap_eV,231,0.07454253733158112,0.0008344787638634443,0.6644752005311805,0.9679530854859897,0.2969837784767151,0.0011432538740336895,0.0038495498976329643,0.06
37,octanol_hl_gap_eV,232,0.05740540847182274,0.003519009333103895,0.6162871869202076,0.9714331670084819,0.6055512428283691,0.000975996779743582,0.0016117492801847124,0.02
37,octanol_hl_gap_eV,233,0.03917395696043968,0.0009080281015485525,0.6500794175485063,0.9683480011574193,0.26504766941070557,0.0007712559308856726,0.0029098762973484974,0.2
37,octanol_hl_gap_eV,234,0.0509449727833271,0.004529803525656462,0.5893692056628481,0.9802155547584586,0.7391102910041809,0.0033608798403292894,0.004547196651480906,0.04
37,octanol_hl_gap_eV,235,0.06505115330219269,0.002184251556172967,0.6259140440981148,0.9613255205585269,0.5604153275489807,0.0023016263730823994,0.00410700111138776,0.12
37,octanol_hl_gap_eV,236,0.09389161318540573,0.001137449755333364,0.637162036934046,0.9743045353135855,0.316910982131958,0.0027748816646635532,0.008756028730831818,0.28
37,octanol_hl_gap_eV,237,0.10136005282402039,0.0015655445167794824,0.6223825046118288,0.9494010700046838,0.26776954531669617,0.011676523834466934,0.0436066163560792,0.1
37,octanol_hl_gap_eV,238,0.07241570204496384,0.0026971560437232256,0.5807582592836489,0.9716050542729631,0.5752619504928589,0.005525900982320309,0.009605886461960438,0.12
37,octanol_hl_gap_eV,239,0.04601849988102913,0.003015265567228198,0.6360007282119682,0.9691296734168044,0.6113393306732178,0.0027883118018507957,0.004560988737270113,0.02
37,octanol_hl_gap_eV,240,0.06926164776086807,0.0010452049318701029,0.673949117310785,0.9592608727063174,0.30118122696876526,0.0004488481499720365,0.0014902925872553982,0.06
37,octanol_hl_gap_eV,241,0.18857967853546143,0.0013253046199679375,0.6056148120481373,0.9000550740844189,0.2824433445930481,0.044092997908592224,0.15611271694903128,0.04
37,octanol_hl_gap_eV,242,0.19471658766269684,0.0019067376852035522,0.6106038010206309,0.9744612215459449,0.5169764757156372,0.0023407763801515102,0.00452781991078266,0.26
37,octanol_hl_gap_eV,243,0.07403355091810226,0.00165504717733711,0.5998993158256942,0.9760507765259381,0.3840237557888031,0.0015940699959173799,0.0041509671521312115,0.04
37,octanol_hl_gap_eV,244,0.11164392530918121,0.0009909129003062844,0.6756750853204856,0.9814691054980893,0.28131964802742004,0.0010749944485723972,0.003821256197745627,0.24
37,octanol_hl_gap_eV,245,0.03216676041483879,0.001064401469193399,0.6211630827765113,0.9736460144857171,0.2635374665260315,0.0013879280304536223,0.005266530215795813,0.2
37,octanol_hl_gap_eV,246,0.05750536546111107,0.0014709847746416926,0.6049579528880713,0.9604413535432201,0.2177465260028839,0.0037071898113936186,0.017025253534214912,0.02
37,octanol_hl_gap_eV,247,0.060347042977809906,0.002109641907736659,0.6081784662184295,0.9666829605678233,0.5286406874656677,0.002578945364803076,0.004878446600784137,0.1
37,octanol_hl_gap_eV,248,0.06258197128772736,0.00659820856526494,0.6251187728380094,0.9795782892821296,1.4656487703323364,0.004610086791217327,0.0031454239818807257,0.02
37,octanol_hl_gap_eV,249,0.036473385989665985,0.0009407358011230826,0.6434767096020431,0.9640440802394026,0.2600536644458771,0.0010031075216829777,0.0038573096972903706,0.02
37,octanol_dipole,0,0.06129957363009453,0.03269346058368683,0.5805323065097971,0.9663492737552803,6.179100036621094,0.012954539619386196,0.002096509126346837,0.0
37,octanol_dipole,1,0.17390310764312744,0.029201380908489227,0.5827163616844182,0.9172825032420779,5.496229648590088,0.30164068937301636,0.05488138390476357,0.04
37,octanol_dipole,2,0.043415091931819916,0.03470585122704506,0.5937247813358542,0.9623486024707155,6.629778861999512,0.010517730377614498,0.0015864375866139217,0.0
37,octanol_dipole,3,0.06785976886749268,0.029175972566008568,0.5820579160387742,0.9626786576523954,5.510736465454102,0.006617642007768154,0.0012008634506935798,0.0
37,octanol_dipole,4,0.24635520577430725,0.032476235181093216,0.5825067279669682,0.8978328453984294,6.208103179931641,0.5834969878196716,0.0939895763501303,0.08
37,octanol_dipole,5,0.2972847819328308,0.02783292345702648,0.5835736134837037,0.8974024359642709,5.3012542724609375,0.5862591862678528,0.11058876939998215,0.08
37,octanol_dipole,6,0.11044938117265701,0.026434659957885742,0.5863608391790258,0.939691961034546,5.103078365325928,0.07728221267461777,0.015144233958806127,0.0
37,octanol_dipole,7,0.28233301639556885,0.02377701736986637,0.5820830845509912,0.894541035603053,4.556088447570801,0.5515908598899841,0.12106675852267078,0.1
37,octanol_dipole,8,0.11401259154081345,0.033105529844760895,0.5818303630308292,0.9471798130163251,6.227022171020508,0.12892305850982666,0.020703805923449645,0.02
37,octanol_dipole,9,0.019986987113952637,0.03287182375788689,0.5830612827425457,0.9666632538464959,6.211078643798828,0.006790714338421822,0.0010933228715758903,0.0
37,octanol_dipole,10,0.3582594096660614,0.026009827852249146,0.5824832717816009,0.891339045838683,4.940154075622559,1.1354292631149292,0.22983681191600128,0.16
37,octanol_dipole,11,0.058766670525074005,0.024660732597112656,0.5812166374806536,0.9404737417445057,4.6391520500183105,0.013437943533062935,0.002896637874374024,0.0
37,octanol_dipole,12,0.0913555920124054,0.02830435521900654,0.5823724471322393,0.9679791053590463,5.288872241973877,0.008316993713378906,0.0015725457777885166,0.0
37,octanol_dipole,13,0.04863640293478966,0.018916189670562744,0.5826074075688228,0.9590565981652124,3.5432722568511963,0.014659945853054523,0.004137403165875375,0.02
37,octanol_dipole,14,0.06931160390377045,0.028939248993992805,0.5841238449366546,0.9682795068813792,5.452393054962158,0.008824094198644161,0.0016183892301406,0.02
37,octanol_dipole,15,0.2114219069480896,0.032466139644384384,0.5826634569209665,0.8978206518014893,6.196767807006836,0.5385879874229431,0.0869143405395872,0.06
37,octanol_dipole,16,0.1744527667760849,0.032245710492134094,0.5913144806500872,0.9161774903184918,6.402603626251221,0.3466418385505676,0.05414076191274852,0.04
37,octanol_dipole,17,0.06464795768260956,0.0270390585064888,0.5808308583577539,0.9701122384567158,5.051129341125488,0.010239423252642155,0.002027155228292098,0.0
37,octanol_dipole,18,0.32475709915161133,0.029652034863829613,0.5832074548228385,0.8919698836426344,5.6776227951049805,0.7446572184562683,0.13115651485306173,0.1
37,octanol_dipole,19,0.22496773302555084,0.02749774605035782,0.58072774579407,0.905113599315885,5.2068281173706055,0.5875062942504883,0.11283381763467408,0.06
37,octanol_dipole,20,0.057929497212171555,0.030033143237233162,0.5806158586816523,0.960139207918485,5.647972583770752,0.007421736605465412,0.0013140532280187598,0.0
37,octanol_dipole,21,0.20309488475322723,0.03155342862010002,0.580947754324904,0.8980529288400749,6.028170108795166,0.4806802272796631,0.079738995185014,0.04
37,octanol_dipole,22,0.061362672597169876,0.025359855964779854,0.5828945826523646,0.946826218598833,4.787184715270996,0.014363597147166729,0.003000426764680131,0.0
37,octanol_dipole,23,0.16391007602214813,0.02504892833530903,0.5825952549456204,0.9283588383846595,4.747486591339111,0.22912807762622833,0.0482630278607272,0.02
37,octanol_dipole,24,0.0825585350394249,0.03491347283124924,0.5834927025025751,0.9591683579053678,6.730018615722656,0.005883131641894579,0.000874162759097043,0.04
37,octanol_dipole,25,0.2156757116317749,0.02653653174638748,0.5826869383698647,0.9106358791524467,5.03594446182251,0.3472033739089966,0.06894503633650947,0.02
37,octanol_dipole,26,0.15649574995040894,0.044209059327840805,0.6062640754528201,0.885885666266123,8.886188507080078,0.6737688183784485,0.07582202626487415,0.06
37,octanol_dipole,27,0.07419689744710922,0.02973909303545952,0.5840975321212885,0.9601211956877962,5.697212219238281,0.004851376172155142,0.000851535099179397,0.0
37,octanol_dipole,28,0.1559578776359558,0.02554035186767578,0.5816728452390341,0.9303021516575882,4.8624372482299805,0.13802498579025269,0.028385967518757473,0.02
37,octanol_dipole,29,0.10251438617706299,0.03414563462138176,0.5837286047244783,0.9671501246059,6.416266918182373,0.009537536650896072,0.0014864619524896426,0.0
37,octanol_dipole,30,0.21770107746124268,0.029542893171310425,0.5819489437168279,0.9160195805709406,5.603301525115967,0.23976200819015503,0.04278941747386919,0.04
37,octanol_dipole,31,0.10646586865186691,0.02953707054257393,0.5806689124764897,0.9527928101458571,5.598799705505371,0.05784165486693382,0.010331081286951092,0.0
37,octanol_dipole,32,0.07607800513505936,0.02078874409198761,0.5826972218419377,0.9565683499505506,3.8844239711761475,0.007450423669070005,0.0019180253557168027,0.04
37,octanol_dipole,33,0.09111791849136353,0.03287860006093979,0.5809196074233716,0.9636194017087112,6.281336307525635,0.0050237844698131084,0.0007997954931650674,0.0
37,octanol_dipole,34,0.11883462220430374,0.030726652592420578,0.5809544216827178,0.9460477983123179,5.8000168800354,0.04289042204618454,0.007394878831097946,0.0
37,octanol_dipole,35,0.0816684365272522,0.027359718456864357,0.5825776968925604,0.9605714720828953,5.205151557922363,0.010118081234395504,0.0019438591022379638,0.0
37,octanol_dipole,36,0.06444928795099258,0.029567807912826538,0.5837209709140683,0.9614235416805921,5.611476898193359,0.004247408360242844,0.0007569145230928984,0.0
37,octanol_dipole,37,0.17994920909404755,0.029877323657274246,0.5855589138001733,0.9048696011131849,5.6347880363464355,0.43800604343414307,0.07773247912944453,0.08
37,octanol_dipole,38,0.20266315340995789,0.03147807717323303,0.5829004546505216,0.9038600360738325,5.996609210968018,0.323700487613678,0.05398058739956206,0.0
37,octanol_dipole,39,0.3407849073410034,0.0296919122338295,0.5833743945699679,0.9015281166093796,5.71582555770874,0.8814440965652466,0.15421116121650577,0.22
37,octanol_dipole,40,0.07966653257608414,0.026904752478003502,0.5814038039899538,0.9661184788916992,5.093538761138916,0.009990010410547256,0.0019613103735983918,0.0
37,octanol_dipole,41,0.18551650643348694,0.026481756940484047,0.5823919852143109,0.9176089163149035,5.030383110046387,0.22833645343780518,0.04539146391887826,0.02
37,octanol_dipole,42,0.08308940380811691,0.027138618752360344,0.5819487199104341,0.9601138609602822,5.108908653259277,0.009888751432299614,0.0019355897909803085,0.0
37,octanol_dipole,43,0.22825579345226288,0.03366463631391525,0.5834240716403845,0.9002627470166018,6.53474235534668,0.7045094966888428,0.10780983524353001,0.04
37,octanol_dipole,44,0.06986438482999802,0.028438208624720573,0.5817776341319465,0.9604542359039772,5.3598246574401855,0.012010605074465275,0.0022408578343683086,0.0
37,octanol_dipole,45,0.08011684566736221,0.034595828503370285,0.5867642719138921,0.9319645998837589,6.48735237121582,0.06766800582408905,0.010430758490062891,0.04
37,octanol_dipole,46,0.3022557199001312,0.02862192690372467,0.5903805749402977,0.8976290761713526,5.511592864990234,0.9280911087989807,0.16838890889315083,0.1
37,octanol_dipole,47,0.15396493673324585,0.029274150729179382,0.5816072274220274,0.9285119556674042,5.503925323486328,0.09344680607318878,0.01697821110952086,0.0
37,octanol_dipole,48,0.20697066187858582,0.03192134574055672,0.5809721667390657,0.9086451072903368,6.094150543212891,0.39380475878715515,0.06462012318119364,0.04
37,octanol_dipole,49,0.21857446432113647,0.03229932114481926,0.5800474877431243,0.9328435322575983,6.173894882202148,0.12577638030052185,0.020372290539494745,0.08
37,octanol_dipole,50,0.05310973525047302,0.03321868181228638,0.5799648051512858,0.9580197065963707,6.25013542175293,0.004949972499161959,0.0007919784396885397,0.02
37,octanol_dipole,51,0.10377349704504013,0.03380010649561882,0.5801714521268335,0.9640340999325485,6.283504009246826,0.008464821614325047,0.0013471498708154217,0.02
37,octanol_dipole,52,0.11526889353990555,0.030247271060943604,0.584582746532053,0.9369273233367583,5.691074848175049,0.04370087385177612,0.007678843631056731,0.06
37,octanol_dipole,53,0.12020642310380936,0.025984318926930428,0.5812018381982351,0.9309948024651649,4.874117374420166,0.08937586098909378,0.018336829855215807,0.02
37,octanol_dipole,54,0.08247675746679306,0.02482431009411812,0.5823724568774749,0.9666117459489441,4.656955242156982,0.012289890088140965,0.00263903976935123,0.02
37,octanol_dipole,55,0.2741937041282654,0.026496173813939095,0.5940295329781642,0.9058495184008144,5.06434965133667,0.5518283247947693,0.10896331469710456,0.16
37,octanol_dipole,56,0.06522326916456223,0.02782772295176983,0.5817292753775427,0.9621073515532963,5.240021705627441,0.008349246345460415,0.0015933610230075706,0.0
37,octanol_dipole,57,0.21788889169692993,0.028182869777083397,0.5825586037064505,0.9037764206070089,5.338108539581299,0.38616424798965454,0.07234102587579529,0.06
37,octanol_dipole,58,0.07799050211906433,0.029734965413808823,0.5805798875172559,0.9648999445958992,5.632319927215576,0.013838945887982845,0.0024570596249535743,0.06
37,octanol_dipole,59,0.2569379210472107,0.029046520590782166,0.5845454457575738,0.8963108666943185,5.5431227684021,0.5239477753639221,0.0945221308015444,0.12
37,octanol_dipole,60,0.08490057289600372,0.025849193334579468,0.5808394595460837,0.9667770115837486,4.822750091552734,0.008652222342789173,0.0017940432696158014,0.08
37,octanol_dipole,61,0.11413032561540604,0.027557743713259697,0.5821130154370779,0.9359656181323721,5.1959147453308105,0.0842442587018013,0.01621355677121251,0.02
37,octanol_dipole,62,0.10176429897546768,0.04018187150359154,0.5851826927095245,0.9637507103281588,7.558607578277588,0.006892433390021324,0.0009118654882718402,0.04
37,octanol_dipole,63,0.08826883137226105,0.02315123751759529,0.5816296110947023,0.9526779311958471,4.3943257331848145,0.03603386878967285,0.008200090520726393,0.02
37,octanol_dipole,64,0.18679265677928925,0.03176073357462883,0.5824136073544512,0.9069120427919282,6.064347267150879,0.45331010222435,0.07475002374613712,0.02
37,octanol_dipole,65,0.2983773350715637,0.025525961071252823,0.5828053541082556,0.9079998383084436,4.882141590118408,0.7124564051628113,0.14593112305567768,0.16
37,octanol_dipole,66,0.08415612578392029,0.02410868927836418,0.5810858453728625,0.9558520341317107,4.511684417724609,0.012773936614394188,0.0028313010023951327,0.02
37,octanol_dipole,67,0.07540540397167206,0.03044772520661354,0.5831371975753135,0.9533378377307802,5.678152561187744,0.039590153843164444,0.006972365292503353,0.0
37,octanol_dipole,68,0.04139702022075653,0.026202552020549774,0.582490229038982,0.9588469810616742,4.954528331756592,0.01021614484488964,0.0020619813150341963,0.04
37,octanol_dipole,69,0.31429392099380493,0.030451305210590363,0.5811266972570113,0.9032206455822465,5.860426902770996,0.5405626893043518,0.0922394730405658,0.12
37,octanol_dipole,70,0.06393073499202728,0.035090696066617966,0.5803724525111222,0.9640982908710631,6.607910633087158,0.003364134579896927,0.0005091071545447388,0.02
37,octanol_dipole,71,0.2284626066684723,0.023681171238422394,0.5815317153349575,0.8970355377005981,4.480996608734131,0.4716210961341858,0.10524915265834522,0.04
37,octanol_dipole,72,0.12982092797756195,0.02815989777445793,0.5807152000445681,0.9313784246483194,5.265028953552246,0.02706337533891201,0.005140213962290313,0.0
37,octanol_dipole,73,0.04501502588391304,0.03281436115503311,0.5850485120970368,0.9628156632281197,6.24200439453125,0.004473740700632334,0.0007167154038776185,0.02
37,octanol_dipole,74,0.04109060391783714,0.027264319360256195,0.5805953564043478,0.9589710823093762,5.096402168273926,0.008614489808678627,0.001690308088773972,0.04
37,octanol_dipole,75,0.13066241145133972,0.03136774152517319,0.5841697908989789,0.9314864881012692,5.9448676109313965,0.05323342606425285,0.008954518342236498,0.0
37,octanol_dipole,76,0.0666930302977562,0.03548738360404968,0.5813891463045546,0.9547596073935876,6.588988780975342,0.005205340683460236,0.0007900060019057597,0.04
37,octanol_dipole,77,0.045257873833179474,0.02881978452205658,0.5815459745315621,0.9613381686574256,5.43443489074707,0.0071917129680514336,0.0013233598548206714,0.0
37,octanol_dipole,78,0.25853145122528076,0.029356230050325394,0.5812996129871586,0.9078847418431313,5.612491607666016,0.7039321064949036,0.12542238914592113,0.06
37,octanol_dipole,79,0.27544912695884705,0.02751351334154606,0.5820366783194066,0.8943789704589589,5.263279438018799,0.6004350185394287,0.11408001904710653,0.04
37,octanol_dipole,80,0.14001373946666718,0.03190465271472931,0.5806226505668379,0.9267292619918222,5.982509613037109,0.1534091979265213,0.025642950508965562,0.04
37,octanol_dipole,81,0.061155229806900024,0.026007724925875664,0.5811148801075883,0.9547084637485455,4.877938747406006,0.017830533906817436,0.003655341903647185,0.02
37,octanol_dipole,82,0.0619986392557621,0.03167486563324928,0.5813629969151812,0.9623468613773565,5.947981834411621,0.009966391138732433,0.0016755920606671315,0.0
37,octanol_dipole,83,0.08955532312393188,0.030275210738182068,0.5848112772786513,0.9465853489261957,5.700405120849609,0.030613694339990616,0.005370441870529342,0.0
37,octanol_dipole,84,0.12221179157495499,0.02923710271716118,0.5824315529744535,0.9315453314221369,5.51903772354126,0.0953129380941391,0.01726984718506002,0.02
37,octanol_dipole,85,0.15819360315799713,0.028452003374695778,0.5808092087603962,0.9286504117494969,5.354269504547119,0.214237779378891,0.04001251322835904,0.06
37,octanol_dipole,86,0.1980718970298767,0.03231858089566231,0.578900194704272,0.9030207482223469,6.1809468269348145,0.421758770942688,0.06823530160537586,0.04
37,octanol_dipole,87,0.1349131017923355,0.03062693402171135,0.5813054902416246,0.9461075890776542,5.7468791007995605,0.07847506552934647,0.01365524907569889,0.02
37,octanol_dipole,88,0.2995631694793701,0.029121316969394684,0.5861330511749534,0.892343511544851,5.613938331604004,0.7452508807182312,0.13275010103384935,0.06
37,octanol_dipole,89,0.11093485355377197,0.02941935509443283,0.5788329391886373,0.9450070950700655,5.502995014190674,0.06430920213460922,0.011686218498976268,0.04
37,octanol_dipole,90,0.033086325973272324,0.028832176700234413,0.581992620491637,0.9670418440751858,5.468337535858154,0.010733893141150475,0.0019629170786850465,0.0
37,octanol_dipole,91,0.32955342531204224,0.028541428968310356,0.5839195650444626,0.8931958031831542,5.48594331741333,0.8471066951751709,0.1544140444335814,0.04
37,octanol_dipole,92,0.08385668694972992,0.02406160905957222,0.5812317521785937,0.9492512561373976,4.499884605407715,0.008921020664274693,0.0019824998742309745,0.0
37,octanol_dipole,93,0.034751810133457184,0.019161056727170944,0.5812931681920201,0.964720430928985,3.5777604579925537,0.015314813703298569,0.004280558713506371,0.0
37,octanol_dipole,94,0.31310907006263733,0.029776550829410553,0.5817545962441073,0.8917790209375167,5.7423553466796875,0.7450942397117615,0.1297541156422139,0.18
37,octanol_dipole,95,0.26028957962989807,0.029318006709218025,0.5835077038959753,0.8829568773185656,5.680927753448486,0.7482434511184692,0.13171148861456017,0.04
37,octanol_dipole,96,0.12863022089004517,0.03263052552938461,0.5810212713157943,0.9530879152509106,6.115401268005371,0.029642511159181595,0.004847189883395818,0.02
37,octanol_dipole,97,0.06145854666829109,0.030985699966549873,0.5870364932587739,0.9342559076684716,5.814948081970215,0.027453050017356873,0.004721116961040047,0.02
37,octanol_dipole,98,0.17646045982837677,0.032060880213975906,0.5822852560322351,0.9255892221327582,6.118070602416992,0.11826977878808975,0.019331221634050176,0.08
37,octanol_dipole,99,0.2292507141828537,0.029930682852864265,0.5804346598595649,0.9029170595227611,5.698141574859619,0.5510119795799255,0.09670029646350098,0.04
37,octanol_dipole,100,0.29295599460601807,0.03266419097781181,0.5808322299324309,0.9016260623814452,6.294112682342529,0.5625649690628052,0.08937955156745478,0.12
37,octanol_dipole,101,0.15322722494602203,0.026699092239141464,0.5826074288508947,0.918093697703797,4.980524063110352,0.17859016358852386,0.03585770519839509,0.0
37,octanol_dipole,102,0.2261042296886444,0.026258276775479317,0.5815065541632571,0.9026105530860027,4.976955890655518,0.41939350962638855,0.08426707385810285,0.04
37,octanol_dipole,103,0.32587388157844543,0.026622125878930092,0.5838817871515154,0.8758207025632958,5.136563777923584,0.5373390913009644,0.10461061412502884,0.14
37,octanol_dipole,104,0.4210973381996155,0.013947177678346634,0.5944479948874843,0.9011481759743221,2.600783348083496,0.8287624716758728,0.318658788817063,0.24
37,octanol_dipole,105,0.08431725203990936,0.024311888962984085,0.5822171374312819,0.9633145715022242,4.55585241317749,0.008904366753995419,0.001954489730229221,0.0
37,octanol_dipole,106,0.08788783103227615,0.028423815965652466,0.5812882919078373,0.9642341021251186,5.354153156280518,0.014350229874253273,0.0026802053388069774,0.0
37,octanol_dipole,107,0.24335750937461853,0.02925649844110012,0.5802753203339048,0.874710670748408,5.6262969970703125,0.5271331071853638,0.09369094938639907,0.08
37,octanol_dipole,108,0.14004094898700714,0.023262925446033478,0.5830827709591349,0.9246444278835597,4.378631591796875,0.16397762298583984,0.037449513517657636,0.02
37,octanol_dipole,109,0.07157047092914581,0.028287092223763466,0.5835347272602689,0.9432710446643038,5.320949554443359,0.011405480094254017,0.002143504646596331,0.02
37,octanol_dipole,110,0.20025327801704407,0.030876971781253815,0.5820865654006508,0.894058231897163,5.848055362701416,0.49081578850746155,0.0839280338619669,0.08
37,octanol_dipole,111,0.09996572136878967,0.025827370584011078,0.5819608547967008,0.9334690477033478,4.8391289710998535,0.08842140436172485,0.018272173543997967,0.02
37,octanol_dipole,112,0.07073477655649185,0.028868714347481728,0.587168963818294,0.9570063886291915,5.641852378845215,0.010227084159851074,0.0018127174326997143,0.0
37,octanol_dipole,113,0.14278924465179443,0.02743484266102314,0.5788408123887832,0.9390107622774047,5.199586391448975,0.0924006924033165,0.017770777413233265,0.02
37,octanol_dipole,114,0.2144407033920288,0.02735244110226631,0.5820588488491603,0.912737681259219,5.212340831756592,0.3406490087509155,0.06535432346931055,0.02
37,octanol_dipole,115,0.10540841519832611,0.014780358411371708,0.6075119790061925,0.9715711469150254,2.862297773361206,0.035102639347314835,0.012263797175125385,0.06
37,octanol_dipole,116,0.031192928552627563,0.035136494785547256,0.5830562727159809,0.9559414180278742,6.570178985595703,0.00453572254627943,0.0006903499213984026,0.0
37,octanol_dipole,117,0.23341073095798492,0.029426073655486107,0.5833671638477238,0.8905726919799306,5.620539665222168,0.6912958025932312,0.12299455991222967,0.1
37,octanol_dipole,118,0.0575978085398674,0.03163524344563484,0.5866424438336992,0.9580708400106106,5.948293685913086,0.007956265471875668,0.0013375710568423876,0.0
37,octanol_dipole,119,0.0530354268848896,0.018979573622345924,0.5830206596922223,0.9642559402856323,3.505459785461426,0.01910282112658024,0.005449448088324232,0.02
37,octanol_dipole,120,0.20202776789665222,0.026355866342782974,0.5812668446863085,0.9327387474630429,4.985978603363037,0.225849449634552,0.045296915129603,0.02
37,octanol_dipole,121,0.06534124165773392,0.0272538885474205,0.5838649237503739,0.9656307686196972,5.126508712768555,0.006951062940061092,0.00135590580832295,0.04
37,octanol_dipole,122,0.19800081849098206,0.028406718745827675,0.581018952412359,0.9035217616744451,5.390232563018799,0.3120335638523102,0.05788870149928296,0.04
37,octanol_dipole,123,0.20327432453632355,0.03113475628197193,0.5824973489566772,0.9123552194305233,5.8750319480896,0.43155720829963684,0.07345614664103528,0.06
37,octanol_dipole,124,0.07576842606067657,0.031022021546959877,0.5809994292560083,0.9676850226814449,5.828799247741699,0.005376162473112345,0.0009223447651238421,0.02
37,octanol_dipole,125,0.22972887754440308,0.031988754868507385,0.5821673756013368,0.8898408495547052,6.144296169281006,0.6238949298858643,0.10154050402145105,0.02
37,octanol_dipole,126,0.17437291145324707,0.024221107363700867,0.5814872566374008,0.9247004503163421,4.568679332733154,0.1883649379014969,0.04122962549634884,0.04
37,octanol_dipole,127,0.3459662199020386,0.005728582851588726,0.6393931246120139,0.9437731779891045,1.179801344871521,0.3047417402267456,0.2582991971923304,0.28
37,octanol_dipole,128,0.25423622131347656,0.038630127906799316,0.5767205324893752,0.8909076482072802,7.294071674346924,0.8983227014541626,0.12315792078292048,0.08
37,octanol_dipole,129,0.23614513874053955,0.025148717686533928,0.5814662785204949,0.8949129466983514,4.7591142654418945,0.5516809225082397,0.11592092388162378,0.06
37,octanol_dipole,130,0.03911346197128296,0.019002405926585197,0.5801791855755996,0.9601414974064852,3.5529329776763916,0.010387704707682133,0.002923698469109784,0.02
37,octanol_dipole,131,0.06111607700586319,0.02749710902571678,0.5883194054120453,0.9346660051670872,5.1326093673706055,0.0713280588388443,0.013897036328596558,0.0
37,octanol_dipole,132,0.13576315343379974,0.032615967094898224,0.5811594182611606,0.9200685296304283,6.174469947814941,0.19663012027740479,0.03184566803940627,0.02
37,octanol_dipole,133,0.1094970703125,0.017298396676778793,0.5823669820176336,0.9390495661784268,3.201871395111084,0.06971140950918198,0.0217720829186406,0.0
37,octanol_dipole,134,0.06322162598371506,0.030670901760458946,0.5798200561283515,0.9576330816945449,5.75855827331543,0.007788856513798237,0.001352570581753249,0.04
37,octanol_dipole,135,0.3064388930797577,0.033999115228652954,0.5838546610693471,0.9077158486440524,6.536785125732422,1.1108559370040894,0.1699391850331966,0.12
37,octanol_dipole,136,0.06766298413276672,0.029885469004511833,0.5799568496784122,0.9658285626621215,5.564513206481934,0.009560349397361279,0.0017180926781204717,0.0
37,octanol_dipole,137,0.06305813789367676,0.028876233845949173,0.579681259117039,0.9635124152900931,5.397174835205078,0.006667389068752527,0.00123534798711022,0.0
37,octanol_dipole,138,0.08357087522745132,0.03298690915107727,0.5816119638374002,0.932988189122496,6.187216281890869,0.04982884228229523,0.008053515508765614,0.0
37,octanol_dipole,139,0.04193101450800896,0.027060316875576973,0.580357321855616,0.9697890125450805,5.0542893409729,0.007768058218061924,0.0015369239261966451,0.02
37,octanol_dipole,140,0.2858329117298126,0.03202655911445618,0.5828689824624782,0.9089616859698648,6.155935287475586,0.7820314168930054,0.12703697819632204,0.14
37,octanol_dipole,141,0.04206910729408264,0.03432827070355415,0.5808397690034375,0.9670016243049835,6.439723968505859,0.00636088103055954,0.0009877567830031365,0.06
37,octanol_dipole,142,0.23937557637691498,0.027362238615751266,0.5824752094119159,0.9206544330523643,5.243244171142578,0.35417404770851135,0.06754864662946486,0.04
37,octanol_dipole,143,0.17976170778274536,0.016450392082333565,0.5835713555296478,0.9284087282649982,3.072540760040283,0.1733432114124298,0.056416895641168696,0.02
37,octanol_dipole,144,0.09295842051506042,0.025716619566082954,0.5814305611880055,0.9543728684206072,4.816525459289551,0.02422238513827324,0.005029016319545439,0.0
37,octanol_dipole,145,0.05633552744984627,0.023411892354488373,0.5818191261781773,0.9675599099765169,4.423521995544434,0.010472234338521957,0.0023673973700300472,0.06
37,octanol_dipole,146,0.07435357570648193,0.026970786973834038,0.5814892991994904,0.958589424337376,5.044400215148926,0.04373909533023834,0.008670821795400909,0.0
37,octanol_dipole,147,0.09015746414661407,0.033561110496520996,0.5808749620382849,0.9603298222036936,6.260839939117432,0.013698727823793888,0.002188001603140321,0.02
37,octanol_dipole,148,0.12053696066141129,0.03440383821725845,0.5820560259563223,0.9695942279580185,6.484168529510498,0.007886520586907864,0.001216273227787809,0.08
37,octanol_dipole,149,0.2590465843677521,0.025266772136092186,0.5805882973912366,0.8913564220648649,4.819704055786133,0.5022221207618713,0.10420185865124759,0.04
37,octanol_dipole,150,0.2545450031757355,0.028653472661972046,0.5794587167144143,0.8795567077828574,5.492660999298096,0.5518558621406555,0.10047149500236349,0.06
37,octanol_dipole,151,0.1513938456773758,0.031127573922276497,0.5803461877809941,0.933906726870303,5.851170539855957,0.08529718220233917,0.014577798001498518,0.02
37,octanol_dipole,152,0.05809918791055679,0.025882931426167488,0.581253009153909,0.9645037815541027,4.8643927574157715,0.009508433751761913,0.0019547010749216944,0.0
37,octanol_dipole,153,0.2738973796367645,0.031104639172554016,0.5813639297547244,0.8921520259313023,5.991067409515381,0.8338125348091125,0.1391759561050507,0.08
37,octanol_dipole,154,0.08471178263425827,0.0314616821706295,0.5819266884317311,0.9489634272706224,5.966104507446289,0.012838435359299183,0.002151895821348008,0.02
37,octanol_dipole,155,0.07957185059785843,0.030129466205835342,0.5805979035409199,0.9628594055257467,5.68382453918457,0.008452429436147213,0.001487102456783411,0.0
37,octanol_dipole,156,0.19784827530384064,0.03252085670828819,0.5826523875923,0.899886833087366,6.159920692443848,0.5407994985580444,0.08779325669264276,0.04
37,octanol_dipole,157,0.22534853219985962,0.03169822692871094,0.5859219193403389,0.9062259749605068,6.120717525482178,0.23315081000328064,0.03809207156393212,0.06
37,octanol_dipole,158,0.28189972043037415,0.026924870908260345,0.5810302781618564,0.8932012658620843,5.145126819610596,0.6135293245315552,0.11924474284931029,0.06
37,octanol_dipole,159,0.2947620451450348,0.031301576644182205,0.5825537207685334,0.9028817170042147,6.022890090942383,0.578450083732605,0.09604194580978925,0.08
37,octanol_dipole,160,0.0643344447016716,0.019680708646774292,0.5814856991285109,0.9623824822133622,3.6540825366973877,0.01328109111636877,0.003634589800035664,0.0
37,octanol_dipole,161,0.21401607990264893,0.0315331369638443,0.5796196593014304,0.9291513498269559,5.992142200469971,0.2209423929452896,0.036872020982406065,0.12
37,octanol_dipole,162,0.05785880237817764,0.03954290226101875,0.5839469925825653,0.9614788598431376,7.560474395751953,0.006406803149729967,0.0008474075586222201,0.0
37,octanol_dipole,163,0.07737866789102554,0.028255267068743706,0.5809034021276585,0.9547963097007632,5.305750370025635,0.017461035400629044,0.0032909643656199154,0.0
37,octanol_dipole,164,0.06008225679397583,0.029636776074767113,0.5831975269046072,0.9609252517584499,5.617008209228516,0.010781943798065186,0.001919517187165739,0.0
37,octanol_dipole,165,0.21598677337169647,0.025040490552783012,0.582763217107306,0.9060674306379524,4.7446699142456055,0.3836422264575958,0.08085751662212191,0.02
37,octanol_dipole,166,0.10276971757411957,0.024554913863539696,0.582736767621185,0.9554766196196853,4.595343112945557,0.029050320386886597,0.0063216869062614365,0.0
37,octanol_dipole,167,0.07505553215742111,0.029544280841946602,0.5815376628793769,0.9481409558099405,5.564011573791504,0.010995486751198769,0.001976179705123452,0.0
37,octanol_dipole,168,0.08358795940876007,0.02825889363884926,0.5804749555628275,0.9560524731157736,5.309733867645264,0.009796038269996643,0.0018449207651796953,0.02
37,octanol_dipole,169,0.3134288787841797,0.0287935771048069,0.5857227393436395,0.9088344881392871,5.652597904205322,0.7935970425605774,0.14039509903405137,0.14
37,octanol_dipole,170,0.0649426132440567,0.028646763414144516,0.5809043920976948,0.9585612802680494,5.388105392456055,0.01402712520211935,0.002603350190914766,0.0
37,octanol_dipole,171,0.16628308594226837,0.028866076841950417,0.5858152635381704,0.9292914767606844,5.497988224029541,0.15282593667507172,0.027796701347436458,0.0
37,octanol_dipole,172,0.08888246864080429,0.0250494834035635,0.5810633814344854,0.9686654948090943,4.704468727111816,0.005991940386593342,0.0012736699368542587,0.02
37,octanol_dipole,173,0.21880991756916046,0.02875988744199276,0.5820326214751732,0.9225930423901767,5.488938331604004,0.2618028521537781,0.04769644625926646,0.1
37,octanol_dipole,174,0.11050793528556824,0.030031226575374603,0.5806555995161997,0.959013216053521,5.641707420349121,0.1001468077301979,0.017751152314098663,0.0
37,octanol_dipole,175,0.0652594193816185,0.029080070555210114,0.5837842437927565,0.967840737321745,5.436238765716553,0.009670570492744446,0.0017789083426084146,0.0
37,octanol_dipole,176,0.14081496000289917,0.03374486044049263,0.5810995342191978,0.9441536488648727,6.35729455947876,0.10368233919143677,0.016309192254879215,0.02
37,octanol_dipole,177,0.06882309168577194,0.02796144224703312,0.5799830289449723,0.9586630010641506,5.215825080871582,0.022537441924214363,0.004320973494082029,0.0
37,octanol_dipole,178,0.23261995613574982,0.030449585989117622,0.5836530475465347,0.906614356920977,5.796142578125,0.6075494885444641,0.10481962449257087,0.08
37,octanol_dipole,179,0.07369635254144669,0.03002205304801464,0.5836844636356908,0.9537183673410436,5.671868801116943,0.009403814561665058,0.0016579746273068224,0.0
37,octanol_dipole,180,0.06880998611450195,0.0353776291012764,0.5819755306056287,0.9759047752172112,6.702052593231201,0.007398912217468023,0.001103977045023583,0.02
37,octanol_dipole,181,0.03657813370227814,0.028514141216874123,0.580054814294388,0.9616949278086178,5.346144199371338,0.007855096831917763,0.0014693013392421135,0.0
37,octanol_dipole,182,0.2713046371936798,0.0290170069783926,0.5808603984629916,0.887328189462367,5.600709915161133,0.6531724333763123,0.11662315014890759,0.04
37,octanol_dipole,183,0.061116479337215424,0.033549461513757706,0.5834329576144452,0.9678382247214949,6.325096130371094,0.006681308150291443,0.001056317249979796,0.02
37,octanol_dipole,184,0.055775389075279236,0.023212486878037453,0.5811448286664094,0.9683382240583633,4.320888519287109,0.022586120292544365,0.005227193479240881,0.0
37,octanol_dipole,185,0.2232620269060135,0.031425170600414276,0.5820154864668672,0.9159557779142691,6.001018047332764,0.40803927183151245,0.06799500828244821,0.04
37,octanol_dipole,186,0.13431403040885925,0.030583152547478676,0.5827923118446676,0.9329184857126733,5.799154281616211,0.18336547911167145,0.03161934830617542,0.02
37,octanol_dipole,187,0.19669868052005768,0.028502188622951508,0.583392508621565,0.9286677938197982,5.424975872039795,0.18834830820560455,0.03471873657104128,0.1
37,octanol_dipole,188,0.06528448313474655,0.028902992606163025,0.5805917015336113,0.9522571375173783,5.426727771759033,0.008585365489125252,0.0015820519934321986,0.0
37,octanol_dipole,189,0.06811567395925522,0.030436411499977112,0.5841684267668925,0.9458691970232362,5.756788730621338,0.005769379902631044,0.0010021871867457515,0.0
37,octanol_dipole,190,0.09134761244058609,0.024361316114664078,0.5814525576135572,0.9632000268495666,4.578007698059082,0.035483259707689285,0.007750808222260737,0.0
37,octanol_dipole,191,0.22458520531654358,0.028040684759616852,0.5811583574173058,0.9112778557819454,5.319560527801514,0.24402450025081635,0.045873056425521606,0.1
37,octanol_dipole,192,0.037880077958106995,0.026872577145695686,0.5807696887802045,0.9574045166808816,5.041864395141602,0.005493368953466415,0.0010895511110453285,0.0
37,octanol_dipole,193,0.08818347752094269,0.0257029440253973,0.5826792779566978,0.9548152472710412,4.841707229614258,0.019681448116898537,0.004064981045635544,0.0
37,octanol_dipole,194,0.1357019543647766,0.02759445086121559,0.5844318213570809,0.9081687581124118,5.175156593322754,0.2211824655532837,0.042739279781149886,0.02
37,octanol_dipole,195,0.13392087817192078,0.029454462230205536,0.5822231446450139,0.9225195258232475,5.567082405090332,0.18895724415779114,0.033941880218086175,0.0
37,octanol_dipole,196,0.07185953855514526,0.0300902109593153,0.5813932439256175,0.9614379910667417,5.662243843078613,0.0059090880677104,0.0010435947711671801,0.02
37,octanol_dipole,197,0.10230828076601028,0.033219870179891586,0.5808470553223446,0.9554003462006158,6.276243686676025,0.04055967181921005,0.006462411889027678,0.0
37,octanol_dipole,198,0.18211235105991364,0.030824018642306328,0.5816772417719134,0.9278221474295913,5.832071781158447,0.19922301173210144,0.034159903925690197,0.04
37,octanol_dipole,199,0.09230034053325653,0.03312090039253235,0.5812658624668774,0.9476384299037774,6.242872714996338,0.023725150153040886,0.003800357821816459,0.04
37,octanol_dipole,200,0.09408197551965714,0.031458958983421326,0.5808220641667134,0.9640063381541879,5.928178310394287,0.009437954984605312,0.0015920497816432225,0.0
37,octanol_dipole,201,0.1780960112810135,0.03366665914654732,0.5860088459651365,0.9221654615088593,6.406703948974609,0.17643703520298004,0.0275394394072507,0.06
37,octanol_dipole,202,0.038022127002477646,0.027481157332658768,0.5867453113383334,0.9596255741426747,5.14900016784668,0.006596234627068043,0.001281070967575167,0.0
37,octanol_dipole,203,0.24227967858314514,0.028120877221226692,0.5828188133012115,0.8875640681486341,5.378669261932373,0.4156821668148041,0.07728345926692351,0.06
37,octanol_dipole,204,0.04949945583939552,0.0326496884226799,0.5843252323015984,0.9626607951408477,6.215388298034668,0.005008616950362921,0.0008058413586077424,0.02
37,octanol_dipole,205,0.07969016581773758,0.03578823432326317,0.5821576111323372,0.968220443764312,6.6889967918396,0.012218988500535488,0.0018267296099532195,0.0
37,octanol_dipole,206,0.21902339160442352,0.02950034663081169,0.5821275437436528,0.8920589922314215,5.595119953155518,0.6286272406578064,0.112352772759282,0.06
37,octanol_dipole,207,0.08894241601228714,0.028100095689296722,0.5846685091976245,0.9394307111930784,5.235663414001465,0.10009268671274185,0.019117479256796594,0.02
37,octanol_dipole,208,0.07309599220752716,0.026290083304047585,0.5809554927418163,0.9622550856920373,4.927399635314941,0.004628315567970276,0.000939301844891753,0.0
37,octanol_dipole,209,0.06030977889895439,0.026083339005708694,0.5807487668862037,0.9625255726116537,4.898864269256592,0.00835741963237524,0.0017059912610404876,0.0
37,octanol_dipole,210,0.08102045208215714,0.017046235501766205,0.581476265209373,0.9480902259200044,3.141733407974243,0.07713635265827179,0.0245521636121279,0.02
37,octanol_dipole,211,0.09684380143880844,0.036004357039928436,0.586976331616597,0.9544517133995793,7.035247802734375,0.006668040528893471,0.0009478046425460405,0.08
37,octanol_dipole,212,0.05242563784122467,0.04159434139728546,0.579441171816085,0.9682655206599176,7.75929594039917,0.0075101121328771114,0.0009678857708951826,0.0
37,octanol_dipole,213,0.13609613478183746,0.024315662682056427,0.5827147183089374,0.9460301983956718,4.617193222045898,0.04603862017393112,0.009971127037549278,0.0
37,octanol_dipole,214,0.06203911080956459,0.028506362810730934,0.583146327534378,0.9491471651753132,5.3285322189331055,0.019892914220690727,0.0037332821503843223,0.02
37,octanol_dipole,215,0.09036474674940109,0.027336573228240013,0.580703366542795,0.9579406287428684,5.127595901489258,0.008442739024758339,0.0016465297162567417,0.0
37,octanol_dipole,216,0.039378583431243896,0.028394434601068497,0.5869602032806076,0.9566041981664877,5.331223964691162,0.006508535705506802,0.0012208332924320956,0.0
37,octanol_dipole,217,0.03144804388284683,0.029330242425203323,0.5812306745270917,0.9651626058206515,5.520570755004883,0.0072885495610535145,0.001320252902192369,0.02
37,octanol_dipole,218,0.043110594153404236,0.03207964450120926,0.5823864081330881,0.9567707421281275,6.034079074859619,0.004580370150506496,0.0007590835475773173,0.02
37,octanol_dipole,219,0.2926580309867859,0.03025692142546177,0.5795753402675479,0.895771971955527,5.851603984832764,0.7972579002380371,0.13624604506807245,0.06
37,octanol_dipole,220,0.08456210047006607,0.02794082835316658,0.5820192482967046,0.9470383228380383,5.252536773681641,0.012893165461719036,0.002454654963354379,0.02
37,octanol_dipole,221,0.05863650515675545,0.02850916236639023,0.5822509259113107,0.9677893869276493,5.400352478027344,0.008919011801481247,0.0016515610486112582,0.0
37,octanol_dipole,222,0.10670765489339828,0.03799237683415413,0.582971065681885,0.944523259126534,7.065513610839844,0.05275259166955948,0.007466207635440254,0.0
37,octanol_dipole,223,0.08152950555086136,0.027326209470629692,0.5808902077311,0.9499591634351554,5.147693634033203,0.012667492963373661,0.002460809415623423,0.0
37,octanol_dipole,224,0.04253822937607765,0.03674696758389473,0.5836507075307003,0.9643038534126487,6.920334339141846,0.011356842704117298,0.001641082951712648,0.0
37,octanol_dipole,225,0.18959639966487885,0.025604374706745148,0.5812724530697422,0.9174474729085127,4.835076808929443,0.16377177834510803,0.033871598077336335,0.06
37,octanol_dipole,226,0.05483146756887436,0.03473499417304993,0.5822330869527079,0.9514367953625364,6.500599384307861,0.024847375229001045,0.0038223206446133923,0.04
37,octanol_dipole,227,0.09188533574342728,0.030301900580525398,0.5812979685201123,0.9463477387867949,5.723955154418945,0.01206330768764019,0.002107512613603761,0.04
37,octanol_dipole,228,0.13710597157478333,0.025110458955168724,0.5829493945661497,0.9224928960755758,4.796940803527832,0.14125047624111176,0.02944594941368286,0.02
37,octanol_dipole,229,0.3754938542842865,0.030218809843063354,0.5852606902519004,0.9034992802015318,5.961142063140869,0.837934136390686,0.14056604045252136,0.2
37,octanol_dipole,230,0.07440298050642014,0.03168979287147522,0.5811892795215492,0.9569872833447892,6.03361177444458,0.004690025467425585,0.0007773164139082054,0.0
37,octanol_dipole,231,0.06103937700390816,0.028004145249724388,0.5813860986979165,0.9632387742785038,5.266981601715088,0.0055153886787593365,0.0010471630804564345,0.02
37,octanol_dipole,232,0.09346041083335876,0.030698731541633606,0.5860928401466357,0.9652826283492657,5.771986961364746,0.008165313862264156,0.0014146452368862463,0.0
37,octanol_dipole,233,0.08103743940591812,0.028159836307168007,0.5813286788520058,0.9578965836708448,5.335677146911621,0.015280934050679207,0.002863916543287119,0.0
37,octanol_dipole,234,0.10446164011955261,0.024924300611019135,0.5815483668721111,0.9293883260509599,4.66317081451416,0.10682044178247452,0.022907254748205867,0.02
37,octanol_dipole,235,0.2863369882106781,0.03036697581410408,0.5826512075302128,0.8906281032979886,5.83116340637207,0.4458361566066742,0.07645749664972201,0.1
37,octanol_dipole,236,0.0837494507431984,0.02716204710304737,0.5813560778025681,0.9666680869714985,5.135335445404053,0.010708820074796677,0.0020853204602984017,0.0
37,octanol_dipole,237,0.09019339829683304,0.028040478006005287,0.5802938771573198,0.965990978654605,5.2729597091674805,0.016431748867034912,0.0031162287924307377,0.0
37,octanol_dipole,238,0.2509032189846039,0.029287928715348244,0.5804475827618252,0.9262366107288946,5.62412166595459,0.2683177888393402,0.04770838982086606,0.08
37,octanol_dipole,239,0.085057832300663,0.030769338831305504,0.5820806349351022,0.9687646702818931,5.771222114562988,0.005122754257172346,0.0008876376884274977,0.02
37,octanol_dipole,240,0.346461683511734,0.021865487098693848,0.5839830405943722,0.8909395968871088,4.159371376037598,0.6887738704681396,0.16559566535371417,0.14
37,octanol_dipole,241,0.1579980105161667,0.029975764453411102,0.5815658684445644,0.9248043033113527,5.691617965698242,0.15582437813282013,0.027377870242157713,0.04
37,octanol_dipole,242,0.09396986663341522,0.02071785368025303,0.5820041557511044,0.9449471869957122,3.8923676013946533,0.02899988554418087,0.007450448804935607,0.0
37,octanol_dipole,243,0.3631253242492676,0.03008490800857544,0.5839249603958578,0.9037756405654644,5.833956718444824,0.9488592743873596,0.16264420875585445,0.24
37,octanol_dipole,244,0.0826667994260788,0.033002614974975586,0.5801291180349795,0.9628167271200383,6.2228240966796875,0.007882737554609776,0.001266746003444926,0.0
37,octanol_dipole,245,0.0324808731675148,0.022093264386057854,0.5818200677946923,0.958321192562529,4.119605541229248,0.0077796014957129955,0.0018884335934240058,0.04
37,octanol_dipole,246,0.2009953111410141,0.03063306212425232,0.5813469553851465,0.9185613893515987,5.830063819885254,0.2334606647491455,0.04004427257774692,0.02
37,octanol_dipole,247,0.2218739092350006,0.037105754017829895,0.5831639994236226,0.8939833422951624,7.099897861480713,0.816564679145813,0.11501076424999655,0.06
37,octanol_dipole,248,0.1001758724451065,0.02717898041009903,0.5793283675026519,0.9248655992362376,5.051491737365723,0.03148428350687027,0.006232670494931632,0.02
37,octanol_dipole,249,0.07687940448522568,0.0360490158200264,0.5832765527026409,0.9673303824737258,6.814302444458008,0.013906866312026978,0.0020408349094245544,0.0
37,hexane_gsolv_eV,0,1.0,0.0,0.6515895827598253,0.6515895827598253,,,,1.0
37,hexane_gsolv_eV,1,1.0,0.0,0.6515895827598253,0.6515895827598253,,,,1.0
37,hexane_gsolv_eV,2,1.0,0.0,0.6515895827598253,0.6515895827598253,,,,1.0
37,hexane_gsolv_eV,3,1.0,0.0,0.6515895827598253,0.6515895827598253,,,,1.0
37,hexane_gsolv_eV,4,1.0,0.0,0.6515895827598253,0.6515895827598253,,,,1.0
37,hexane_gsolv_eV,5,1.0,0.0,0.6515895827598253,0.6515895827598253,,,,1.0
37,hexane_gsolv_eV,6,1.0,0.0,0.6515895827598253,0.6515895827598253,,,,1.0
37,hexane_gsolv_eV,7,1.0,0.0,0.6515895827598253,0.6515895827598253,,,,1.0
37,hexane_gsolv_eV,8,1.0,0.0,0.6515895827598253,0.6515895827598253,,,,1.0
37,hexane_gsolv_eV,9,1.0,0.0,0.6515895827598253,0.6515895827598253,,,,1.0
37,hexane_gsolv_eV,10,1.0,0.0,0.6515895827598253,0.6515895827598253,,,,1.0
37,hexane_gsolv_eV,11,1.0,0.0,0.6515895827598253,0.6515895827598253,,,,1.0
37,hexane_gsolv_eV,12,1.0,0.0,0.6515895827598253,0.6515895827598253,,,,1.0
37,hexane_gsolv_eV,13,1.0,0.0,0.6515895827598253,0.6515895827598253,,,,1.0
37,hexane_gsolv_eV,14,1.0,0.0,0.6515895827598253,0.6515895827598253,,,,1.0
37,hexane_gsolv_eV,15,1.0,0.0,0.6515895827598253,0.6515895827598253,,,,1.0
37,hexane_gsolv_eV,16,1.0,0.0,0.6515895827598253,0.6515895827598253,,,,1.0
37,hexane_gsolv_eV,17,1.0,0.0,0.6515895827598253,0.6515895827598253,,,,1.0
37,hexane_gsolv_eV,18,1.0,0.0,0.6515895827598253,0.6515895827598253,,,,1.0
37,hexane_gsolv_eV,19,1.0,0.0,0.6515895827598253,0.6515895827598253,,,,1.0
37,hexane_gsolv_eV,20,1.0,0.0,0.6515895827598253,0.6515895827598253,,,,1.0
37,hexane_gsolv_eV,21,1.0,0.0,0.6515895827598253,0.6515895827598253,,,,1.0
37,hexane_gsolv_eV,22,1.0,0.0,0.6515895827598253,0.6515895827598253,,,,1.0
37,hexane_gsolv_eV,23,1.0,0.0,0.6515895827598253,0.6515895827598253,,,,1.0
37,hexane_gsolv_eV,24,1.0,0.0,0.6515895827598253,0.6515895827598253,,,,1.0
37,hexane_gsolv_eV,25,1.0,0.0,0.6515895827598253,0.6515895827598253,,,,1.0
37,hexane_gsolv_eV,26,1.0,0.0,0.6515895827598253,0.6515895827598253,,,,1.0
37,hexane_gsolv_eV,27,1.0,0.0,0.6515895827598253,0.6515895827598253,,,,1.0
37,hexane_gsolv_eV,28,1.0,0.0,0.6515895827598253,0.6515895827598253,,,,1.0
37,hexane_gsolv_eV,29,1.0,0.0,0.6515895827598253,0.6515895827598253,,,,1.0
37,hexane_gsolv_eV,30,1.0,0.0,0.6515895827598253,0.6515895827598253,,,,1.0
37,hexane_gsolv_eV,31,1.0,0.0,0.6515895827598253,0.6515895827598253,,,,1.0
37,hexane_gsolv_eV,32,1.0,0.0,0.6515895827598253,0.6515895827598253,,,,1.0
37,hexane_gsolv_eV,33,1.0,0.0,0.6515895827598253,0.6515895827598253,,,,1.0
37,hexane_gsolv_eV,34,1.0,0.0,0.6515895827598253,0.6515895827598253,,,,1.0
37,hexane_gsolv_eV,35,1.0,0.0,0.6515895827598253,0.6515895827598253,,,,1.0
37,hexane_gsolv_eV,36,1.0,0.0,0.6515895827598253,0.6515895827598253,,,,1.0
37,hexane_gsolv_eV,37,1.0,0.0,0.6515895827598253,0.6515895827598253,,,,1.0
37,hexane_gsolv_eV,38,1.0,0.0,0.6515895827598253,0.6515895827598253,,,,1.0
37,hexane_gsolv_eV,39,1.0,0.0,0.6515895827598253,0.6515895827598253,,,,1.0
37,hexane_gsolv_eV,40,1.0,0.0,0.6515895827598253,0.6515895827598253,,,,1.0
37,hexane_gsolv_eV,41,1.0,0.0,0.6515895827598253,0.6515895827598253,,,,1.0
37,hexane_gsolv_eV,42,1.0,0.0,0.6515895827598253,0.6515895827598253,,,,1.0
37,hexane_gsolv_eV,43,1.0,0.0,0.6515895827598253,0.6515895827598253,,,,1.0
37,hexane_gsolv_eV,44,1.0,0.0,0.6515895827598253,0.6515895827598253,,,,1.0
37,hexane_gsolv_eV,45,1.0,0.0,0.6515895827598253,0.6515895827598253,,,,1.0
37,hexane_gsolv_eV,46,1.0,0.0,0.6515895827598253,0.6515895827598253,,,,1.0
37,hexane_gsolv_eV,47,1.0,0.0,0.6515895827598253,0.6515895827598253,,,,1.0
37,hexane_gsolv_eV,48,1.0,0.0,0.6515895827598253,0.6515895827598253,,,,1.0
37,hexane_gsolv_eV,49,1.0,0.0,0.6515895827598253,0.6515895827598253,,,,1.0
37,hexane_gsolv_eV,50,1.0,0.0,0.6515895827598253,0.6515895827598253,,,,1.0
37,hexane_gsolv_eV,51,1.0,0.0,0.6515895827598253,0.6515895827598253,,,,1.0
37,hexane_gsolv_eV,52,1.0,0.0,0.6515895827598253,0.6515895827598253,,,,1.0
37,hexane_gsolv_eV,53,1.0,0.0,0.6515895827598253,0.6515895827598253,,,,1.0
37,hexane_gsolv_eV,54,1.0,0.0,0.6515895827598253,0.6515895827598253,,,,1.0
37,hexane_gsolv_eV,55,1.0,0.0,0.6515895827598253,0.6515895827598253,,,,1.0
37,hexane_gsolv_eV,56,1.0,0.0,0.6515895827598253,0.6515895827598253,,,,1.0
37,hexane_gsolv_eV,57,1.0,0.0,0.6515895827598253,0.6515895827598253,,,,1.0
37,hexane_gsolv_eV,58,1.0,0.0,0.6515895827598253,0.6515895827598253,,,,1.0
37,hexane_gsolv_eV,59,1.0,0.0,0.6515895827598253,0.6515895827598253,,,,1.0
37,hexane_gsolv_eV,60,1.0,0.0,0.6515895827598253,0.6515895827598253,,,,1.0
37,hexane_gsolv_eV,61,1.0,0.0,0.6515895827598253,0.6515895827598253,,,,1.0
37,hexane_gsolv_eV,62,1.0,0.0,0.6515895827598253,0.6515895827598253,,,,1.0
37,hexane_gsolv_eV,63,1.0,0.0,0.6515895827598253,0.6515895827598253,,,,1.0
37,hexane_gsolv_eV,64,1.0,0.0,0.6515895827598253,0.6515895827598253,,,,1.0
37,hexane_gsolv_eV,65,1.0,0.0,0.6515895827598253,0.6515895827598253,,,,1.0
37,hexane_gsolv_eV,66,1.0,0.0,0.6515895827598253,0.6515895827598253,,,,1.0
37,hexane_gsolv_eV,67,1.0,0.0,0.6515895827598253,0.6515895827598253,,,,1.0
37,hexane_gsolv_eV,68,1.0,0.0,0.6515895827598253,0.6515895827598253,,,,1.0
37,hexane_gsolv_eV,69,1.0,0.0,0.6515895827598253,0.6515895827598253,,,,1.0
37,hexane_gsolv_eV,70,1.0,0.0,0.6515895827598253,0.6515895827598253,,,,1.0
37,hexane_gsolv_eV,71,1.0,0.0,0.6515895827598253,0.6515895827598253,,,,1.0
37,hexane_gsolv_eV,72,1.0,0.0,0.6515895827598253,0.6515895827598253,,,,1.0
37,hexane_gsolv_eV,73,1.0,0.0,0.6515895827598253,0.6515895827598253,,,,1.0
37,hexane_gsolv_eV,74,1.0,0.0,0.6515895827598253,0.6515895827598253,,,,1.0
37,hexane_gsolv_eV,75,1.0,0.0,0.6515895827598253,0.6515895827598253,,,,1.0
37,hexane_gsolv_eV,76,1.0,0.0,0.6515895827598253,0.6515895827598253,,,,1.0
37,hexane_gsolv_eV,77,1.0,0.0,0.6515895827598253,0.6515895827598253,,,,1.0
37,hexane_gsolv_eV,78,1.0,0.0,0.6515895827598253,0.6515895827598253,,,,1.0
37,hexane_gsolv_eV,79,1.0,0.0,0.6515895827598253,0.6515895827598253,,,,1.0
37,hexane_gsolv_eV,80,1.0,0.0,0.6515895827598253,0.6515895827598253,,,,1.0
37,hexane_gsolv_eV,81,1.0,0.0,0.6515895827598253,0.6515895827598253,,,,1.0
37,hexane_gsolv_eV,82,1.0,0.0,0.6515895827598253,0.6515895827598253,,,,1.0
37,hexane_gsolv_eV,83,1.0,0.0,0.6515895827598253,0.6515895827598253,,,,1.0
37,hexane_gsolv_eV,84,1.0,0.0,0.6515895827598253,0.6515895827598253,,,,1.0
37,hexane_gsolv_eV,85,1.0,0.0,0.6515895827598253,0.6515895827598253,,,,1.0
37,hexane_gsolv_eV,86,1.0,0.0,0.6515895827598253,0.6515895827598253,,,,1.0
37,hexane_gsolv_eV,87,1.0,0.0,0.6515895827598253,0.6515895827598253,,,,1.0
37,hexane_gsolv_eV,88,1.0,0.0,0.6515895827598253,0.6515895827598253,,,,1.0
37,hexane_gsolv_eV,89,1.0,0.0,0.6515895827598253,0.6515895827598253,,,,1.0
37,hexane_gsolv_eV,90,1.0,0.0,0.6515895827598253,0.6515895827598253,,,,1.0
37,hexane_gsolv_eV,91,1.0,0.0,0.6515895827598253,0.6515895827598253,,,,1.0
37,hexane_gsolv_eV,92,1.0,0.0,0.6515895827598253,0.6515895827598253,,,,1.0
37,hexane_gsolv_eV,93,1.0,0.0,0.6515895827598253,0.6515895827598253,,,,1.0
37,hexane_gsolv_eV,94,1.0,0.0,0.6515895827598253,0.6515895827598253,,,,1.0
37,hexane_gsolv_eV,95,1.0,0.0,0.6515895827598253,0.6515895827598253,,,,1.0
37,hexane_gsolv_eV,96,1.0,0.0,0.6515895827598253,0.6515895827598253,,,,1.0
37,hexane_gsolv_eV,97,1.0,0.0,0.6515895827598253,0.6515895827598253,,,,1.0
37,hexane_gsolv_eV,98,1.0,0.0,0.6515895827598253,0.6515895827598253,,,,1.0
37,hexane_gsolv_eV,99,1.0,0.0,0.6515895827598253,0.6515895827598253,,,,1.0
37,hexane_gsolv_eV,100,1.0,0.0,0.6515895827598253,0.6515895827598253,,,,1.0
37,hexane_gsolv_eV,101,1.0,0.0,0.6515895827598253,0.6515895827598253,,,,1.0
37,hexane_gsolv_eV,102,1.0,0.0,0.6515895827598253,0.6515895827598253,,,,1.0
37,hexane_gsolv_eV,103,1.0,0.0,0.6515895827598253,0.6515895827598253,,,,1.0
37,hexane_gsolv_eV,104,1.0,0.0,0.6515895827598253,0.6515895827598253,,,,1.0
37,hexane_gsolv_eV,105,1.0,0.0,0.6515895827598253,0.6515895827598253,,,,1.0
37,hexane_gsolv_eV,106,1.0,0.0,0.6515895827598253,0.6515895827598253,,,,1.0
37,hexane_gsolv_eV,107,1.0,0.0,0.6515895827598253,0.6515895827598253,,,,1.0
37,hexane_gsolv_eV,108,1.0,0.0,0.6515895827598253,0.6515895827598253,,,,1.0
37,hexane_gsolv_eV,109,1.0,0.0,0.6515895827598253,0.6515895827598253,,,,1.0
37,hexane_gsolv_eV,110,1.0,0.0,0.6515895827598253,0.6515895827598253,,,,1.0
37,hexane_gsolv_eV,111,1.0,0.0,0.6515895827598253,0.6515895827598253,,,,1.0
37,hexane_gsolv_eV,112,1.0,0.0,0.6515895827598253,0.6515895827598253,,,,1.0
37,hexane_gsolv_eV,113,1.0,0.0,0.6515895827598253,0.6515895827598253,,,,1.0
37,hexane_gsolv_eV,114,1.0,0.0,0.6515895827598253,0.6515895827598253,,,,1.0
37,hexane_gsolv_eV,115,1.0,0.0,0.6515895827598253,0.6515895827598253,,,,1.0
37,hexane_gsolv_eV,116,1.0,0.0,0.6515895827598253,0.6515895827598253,,,,1.0
37,hexane_gsolv_eV,117,1.0,0.0,0.6515895827598253,0.6515895827598253,,,,1.0
37,hexane_gsolv_eV,118,1.0,0.0,0.6515895827598253,0.6515895827598253,,,,1.0
37,hexane_gsolv_eV,119,1.0,0.0,0.6515895827598253,0.6515895827598253,,,,1.0
37,hexane_gsolv_eV,120,1.0,0.0,0.6515895827598253,0.6515895827598253,,,,1.0
37,hexane_gsolv_eV,121,1.0,0.0,0.6515895827598253,0.6515895827598253,,,,1.0
37,hexane_gsolv_eV,122,1.0,0.0,0.6515895827598253,0.6515895827598253,,,,1.0
37,hexane_gsolv_eV,123,1.0,0.0,0.6515895827598253,0.6515895827598253,,,,1.0
37,hexane_gsolv_eV,124,1.0,0.0,0.6515895827598253,0.6515895827598253,,,,1.0
37,hexane_gsolv_eV,125,1.0,0.0,0.6515895827598253,0.6515895827598253,,,,1.0
37,hexane_gsolv_eV,126,1.0,0.0,0.6515895827598253,0.6515895827598253,,,,1.0
37,hexane_gsolv_eV,127,1.0,0.0,0.6515895827598253,0.6515895827598253,,,,1.0
37,hexane_gsolv_eV,128,1.0,0.0,0.6515895827598253,0.6515895827598253,,,,1.0
37,hexane_gsolv_eV,129,1.0,0.0,0.6515895827598253,0.6515895827598253,,,,1.0
37,hexane_gsolv_eV,130,1.0,0.0,0.6515895827598253,0.6515895827598253,,,,1.0
37,hexane_gsolv_eV,131,1.0,0.0,0.6515895827598253,0.6515895827598253,,,,1.0
37,hexane_gsolv_eV,132,1.0,0.0,0.6515895827598253,0.6515895827598253,,,,1.0
37,hexane_gsolv_eV,133,1.0,0.0,0.6515895827598253,0.6515895827598253,,,,1.0
37,hexane_gsolv_eV,134,1.0,0.0,0.6515895827598253,0.6515895827598253,,,,1.0
37,hexane_gsolv_eV,135,1.0,0.0,0.6515895827598253,0.6515895827598253,,,,1.0
37,hexane_gsolv_eV,136,1.0,0.0,0.6515895827598253,0.6515895827598253,,,,1.0
37,hexane_gsolv_eV,137,1.0,0.0,0.6515895827598253,0.6515895827598253,,,,1.0
37,hexane_gsolv_eV,138,1.0,0.0,0.6515895827598253,0.6515895827598253,,,,1.0
37,hexane_gsolv_eV,139,1.0,0.0,0.6515895827598253,0.6515895827598253,,,,1.0
37,hexane_gsolv_eV,140,1.0,0.0,0.6515895827598253,0.6515895827598253,,,,1.0
37,hexane_gsolv_eV,141,1.0,0.0,0.6515895827598253,0.6515895827598253,,,,1.0
37,hexane_gsolv_eV,142,1.0,0.0,0.6515895827598253,0.6515895827598253,,,,1.0
37,hexane_gsolv_eV,143,1.0,0.0,0.6515895827598253,0.6515895827598253,,,,1.0
37,hexane_gsolv_eV,144,1.0,0.0,0.6515895827598253,0.6515895827598253,,,,1.0
37,hexane_gsolv_eV,145,1.0,0.0,0.6515895827598253,0.6515895827598253,,,,1.0
37,hexane_gsolv_eV,146,1.0,0.0,0.6515895827598253,0.6515895827598253,,,,1.0
37,hexane_gsolv_eV,147,1.0,0.0,0.6515895827598253,0.6515895827598253,,,,1.0
37,hexane_gsolv_eV,148,1.0,0.0,0.6515895827598253,0.6515895827598253,,,,1.0
37,hexane_gsolv_eV,149,1.0,0.0,0.6515895827598253,0.6515895827598253,,,,1.0
37,hexane_gsolv_eV,150,1.0,0.0,0.6515895827598253,0.6515895827598253,,,,1.0
37,hexane_gsolv_eV,151,1.0,0.0,0.6515895827598253,0.6515895827598253,,,,1.0
37,hexane_gsolv_eV,152,1.0,0.0,0.6515895827598253,0.6515895827598253,,,,1.0
37,hexane_gsolv_eV,153,1.0,0.0,0.6515895827598253,0.6515895827598253,,,,1.0
37,hexane_gsolv_eV,154,1.0,0.0,0.6515895827598253,0.6515895827598253,,,,1.0
37,hexane_gsolv_eV,155,1.0,0.0,0.6515895827598253,0.6515895827598253,,,,1.0
37,hexane_gsolv_eV,156,1.0,0.0,0.6515895827598253,0.6515895827598253,,,,1.0
37,hexane_gsolv_eV,157,1.0,0.0,0.6515895827598253,0.6515895827598253,,,,1.0
37,hexane_gsolv_eV,158,1.0,0.0,0.6515895827598253,0.6515895827598253,,,,1.0
37,hexane_gsolv_eV,159,1.0,0.0,0.6515895827598253,0.6515895827598253,,,,1.0
37,hexane_gsolv_eV,160,1.0,0.0,0.6515895827598253,0.6515895827598253,,,,1.0
37,hexane_gsolv_eV,161,1.0,0.0,0.6515895827598253,0.6515895827598253,,,,1.0
37,hexane_gsolv_eV,162,1.0,0.0,0.6515895827598253,0.6515895827598253,,,,1.0
37,hexane_gsolv_eV,163,1.0,0.0,0.6515895827598253,0.6515895827598253,,,,1.0
37,hexane_gsolv_eV,164,1.0,0.0,0.6515895827598253,0.6515895827598253,,,,1.0
37,hexane_gsolv_eV,165,1.0,0.0,0.6515895827598253,0.6515895827598253,,,,1.0
37,hexane_gsolv_eV,166,1.0,0.0,0.6515895827598253,0.6515895827598253,,,,1.0
37,hexane_gsolv_eV,167,1.0,0.0,0.6515895827598253,0.6515895827598253,,,,1.0
37,hexane_gsolv_eV,168,1.0,0.0,0.6515895827598253,0.6515895827598253,,,,1.0
37,hexane_gsolv_eV,169,1.0,0.0,0.6515895827598253,0.6515895827598253,,,,1.0
37,hexane_gsolv_eV,170,1.0,0.0,0.6515895827598253,0.6515895827598253,,,,1.0
37,hexane_gsolv_eV,171,1.0,0.0,0.6515895827598253,0.6515895827598253,,,,1.0
37,hexane_gsolv_eV,172,1.0,0.0,0.6515895827598253,0.6515895827598253,,,,1.0
37,hexane_gsolv_eV,173,1.0,0.0,0.6515895827598253,0.6515895827598253,,,,1.0
37,hexane_gsolv_eV,174,1.0,0.0,0.6515895827598253,0.6515895827598253,,,,1.0
37,hexane_gsolv_eV,175,1.0,0.0,0.6515895827598253,0.6515895827598253,,,,1.0
37,hexane_gsolv_eV,176,1.0,0.0,0.6515895827598253,0.6515895827598253,,,,1.0
37,hexane_gsolv_eV,177,1.0,0.0,0.6515895827598253,0.6515895827598253,,,,1.0
37,hexane_gsolv_eV,178,1.0,0.0,0.6515895827598253,0.6515895827598253,,,,1.0
37,hexane_gsolv_eV,179,1.0,0.0,0.6515895827598253,0.6515895827598253,,,,1.0
37,hexane_gsolv_eV,180,1.0,0.0,0.6515895827598253,0.6515895827598253,,,,1.0
37,hexane_gsolv_eV,181,1.0,0.0,0.6515895827598253,0.6515895827598253,,,,1.0
37,hexane_gsolv_eV,182,1.0,0.0,0.6515895827598253,0.6515895827598253,,,,1.0
37,hexane_gsolv_eV,183,1.0,0.0,0.6515895827598253,0.6515895827598253,,,,1.0
37,hexane_gsolv_eV,184,1.0,0.0,0.6515895827598253,0.6515895827598253,,,,1.0
37,hexane_gsolv_eV,185,1.0,0.0,0.6515895827598253,0.6515895827598253,,,,1.0
37,hexane_gsolv_eV,186,1.0,0.0,0.6515895827598253,0.6515895827598253,,,,1.0
37,hexane_gsolv_eV,187,1.0,0.0,0.6515895827598253,0.6515895827598253,,,,1.0
37,hexane_gsolv_eV,188,1.0,0.0,0.6515895827598253,0.6515895827598253,,,,1.0
37,hexane_gsolv_eV,189,1.0,0.0,0.6515895827598253,0.6515895827598253,,,,1.0
37,hexane_gsolv_eV,190,1.0,0.0,0.6515895827598253,0.6515895827598253,,,,1.0
37,hexane_gsolv_eV,191,1.0,0.0,0.6515895827598253,0.6515895827598253,,,,1.0
37,hexane_gsolv_eV,192,1.0,0.0,0.6515895827598253,0.6515895827598253,,,,1.0
37,hexane_gsolv_eV,193,1.0,0.0,0.6515895827598253,0.6515895827598253,,,,1.0
37,hexane_gsolv_eV,194,1.0,0.0,0.6515895827598253,0.6515895827598253,,,,1.0
37,hexane_gsolv_eV,195,1.0,0.0,0.6515895827598253,0.6515895827598253,,,,1.0
37,hexane_gsolv_eV,196,1.0,0.0,0.6515895827598253,0.6515895827598253,,,,1.0
37,hexane_gsolv_eV,197,1.0,0.0,0.6515895827598253,0.6515895827598253,,,,1.0
37,hexane_gsolv_eV,198,1.0,0.0,0.6515895827598253,0.6515895827598253,,,,1.0
37,hexane_gsolv_eV,199,1.0,0.0,0.6515895827598253,0.6515895827598253,,,,1.0
37,hexane_gsolv_eV,200,1.0,0.0,0.6515895827598253,0.6515895827598253,,,,1.0
37,hexane_gsolv_eV,201,1.0,0.0,0.6515895827598253,0.6515895827598253,,,,1.0
37,hexane_gsolv_eV,202,1.0,0.0,0.6515895827598253,0.6515895827598253,,,,1.0
37,hexane_gsolv_eV,203,1.0,0.0,0.6515895827598253,0.6515895827598253,,,,1.0
37,hexane_gsolv_eV,204,1.0,0.0,0.6515895827598253,0.6515895827598253,,,,1.0
37,hexane_gsolv_eV,205,1.0,0.0,0.6515895827598253,0.6515895827598253,,,,1.0
37,hexane_gsolv_eV,206,1.0,0.0,0.6515895827598253,0.6515895827598253,,,,1.0
37,hexane_gsolv_eV,207,1.0,0.0,0.6515895827598253,0.6515895827598253,,,,1.0
37,hexane_gsolv_eV,208,1.0,0.0,0.6515895827598253,0.6515895827598253,,,,1.0
37,hexane_gsolv_eV,209,1.0,0.0,0.6515895827598253,0.6515895827598253,,,,1.0
37,hexane_gsolv_eV,210,1.0,0.0,0.6515895827598253,0.6515895827598253,,,,1.0
37,hexane_gsolv_eV,211,1.0,0.0,0.6515895827598253,0.6515895827598253,,,,1.0
37,hexane_gsolv_eV,212,1.0,0.0,0.6515895827598253,0.6515895827598253,,,,1.0
37,hexane_gsolv_eV,213,1.0,0.0,0.6515895827598253,0.6515895827598253,,,,1.0
37,hexane_gsolv_eV,214,1.0,0.0,0.6515895827598253,0.6515895827598253,,,,1.0
37,hexane_gsolv_eV,215,1.0,0.0,0.6515895827598253,0.6515895827598253,,,,1.0
37,hexane_gsolv_eV,216,1.0,0.0,0.6515895827598253,0.6515895827598253,,,,1.0
37,hexane_gsolv_eV,217,1.0,0.0,0.6515895827598253,0.6515895827598253,,,,1.0
37,hexane_gsolv_eV,218,1.0,0.0,0.6515895827598253,0.6515895827598253,,,,1.0
37,hexane_gsolv_eV,219,1.0,0.0,0.6515895827598253,0.6515895827598253,,,,1.0
37,hexane_gsolv_eV,220,1.0,0.0,0.6515895827598253,0.6515895827598253,,,,1.0
37,hexane_gsolv_eV,221,1.0,0.0,0.6515895827598253,0.6515895827598253,,,,1.0
37,hexane_gsolv_eV,222,1.0,0.0,0.6515895827598253,0.6515895827598253,,,,1.0
37,hexane_gsolv_eV,223,1.0,0.0,0.6515895827598253,0.6515895827598253,,,,1.0
37,hexane_gsolv_eV,224,1.0,0.0,0.6515895827598253,0.6515895827598253,,,,1.0
37,hexane_gsolv_eV,225,1.0,0.0,0.6515895827598253,0.6515895827598253,,,,1.0
37,hexane_gsolv_eV,226,1.0,0.0,0.6515895827598253,0.6515895827598253,,,,1.0
37,hexane_gsolv_eV,227,1.0,0.0,0.6515895827598253,0.6515895827598253,,,,1.0
37,hexane_gsolv_eV,228,1.0,0.0,0.6515895827598253,0.6515895827598253,,,,1.0
37,hexane_gsolv_eV,229,1.0,0.0,0.6515895827598253,0.6515895827598253,,,,1.0
37,hexane_gsolv_eV,230,1.0,0.0,0.6515895827598253,0.6515895827598253,,,,1.0
37,hexane_gsolv_eV,231,1.0,0.0,0.6515895827598253,0.6515895827598253,,,,1.0
37,hexane_gsolv_eV,232,1.0,0.0,0.6515895827598253,0.6515895827598253,,,,1.0
37,hexane_gsolv_eV,233,1.0,0.0,0.6515895827598253,0.6515895827598253,,,,1.0
37,hexane_gsolv_eV,234,1.0,0.0,0.6515895827598253,0.6515895827598253,,,,1.0
37,hexane_gsolv_eV,235,1.0,0.0,0.6515895827598253,0.6515895827598253,,,,1.0
37,hexane_gsolv_eV,236,1.0,0.0,0.6515895827598253,0.6515895827598253,,,,1.0
37,hexane_gsolv_eV,237,1.0,0.0,0.6515895827598253,0.6515895827598253,,,,1.0
37,hexane_gsolv_eV,238,1.0,0.0,0.6515895827598253,0.6515895827598253,,,,1.0
37,hexane_gsolv_eV,239,1.0,0.0,0.6515895827598253,0.6515895827598253,,,,1.0
37,hexane_gsolv_eV,240,1.0,0.0,0.6515895827598253,0.6515895827598253,,,,1.0
37,hexane_gsolv_eV,241,1.0,0.0,0.6515895827598253,0.6515895827598253,,,,1.0
37,hexane_gsolv_eV,242,1.0,0.0,0.6515895827598253,0.6515895827598253,,,,1.0
37,hexane_gsolv_eV,243,1.0,0.0,0.6515895827598253,0.6515895827598253,,,,1.0
37,hexane_gsolv_eV,244,1.0,0.0,0.6515895827598253,0.6515895827598253,,,,1.0
37,hexane_gsolv_eV,245,1.0,0.0,0.6515895827598253,0.6515895827598253,,,,1.0
37,hexane_gsolv_eV,246,1.0,0.0,0.6515895827598253,0.6515895827598253,,,,1.0
37,hexane_gsolv_eV,247,1.0,0.0,0.6515895827598253,0.6515895827598253,,,,1.0
37,hexane_gsolv_eV,248,1.0,0.0,0.6515895827598253,0.6515895827598253,,,,1.0
37,hexane_gsolv_eV,249,1.0,0.0,0.6515895827598253,0.6515895827598253,,,,1.0
37,hexane_hl_gap_eV,0,1.0,0.0,0.7098524232010603,0.7098524232010603,,,,1.0
37,hexane_hl_gap_eV,1,1.0,0.0,0.7098524232010603,0.7098524232010603,,,,1.0
37,hexane_hl_gap_eV,2,1.0,0.0,0.7098524232010603,0.7098524232010603,,,,1.0
37,hexane_hl_gap_eV,3,1.0,0.0,0.7098524232010603,0.7098524232010603,,,,1.0
37,hexane_hl_gap_eV,4,1.0,0.0,0.7098524232010603,0.7098524232010603,,,,1.0
37,hexane_hl_gap_eV,5,1.0,0.0,0.7098524232010603,0.7098524232010603,,,,1.0
37,hexane_hl_gap_eV,6,1.0,0.0,0.7098524232010603,0.7098524232010603,,,,1.0
37,hexane_hl_gap_eV,7,1.0,0.0,0.7098524232010603,0.7098524232010603,,,,1.0
37,hexane_hl_gap_eV,8,1.0,0.0,0.7098524232010603,0.7098524232010603,,,,1.0
37,hexane_hl_gap_eV,9,1.0,0.0,0.7098524232010603,0.7098524232010603,,,,1.0
37,hexane_hl_gap_eV,10,1.0,0.0,0.7098524232010603,0.7098524232010603,,,,1.0
37,hexane_hl_gap_eV,11,1.0,0.0,0.7098524232010603,0.7098524232010603,,,,1.0
37,hexane_hl_gap_eV,12,1.0,0.0,0.7098524232010603,0.7098524232010603,,,,1.0
37,hexane_hl_gap_eV,13,1.0,0.0,0.7098524232010603,0.7098524232010603,,,,1.0
37,hexane_hl_gap_eV,14,1.0,0.0,0.7098524232010603,0.7098524232010603,,,,1.0
37,hexane_hl_gap_eV,15,1.0,0.0,0.7098524232010603,0.7098524232010603,,,,1.0
37,hexane_hl_gap_eV,16,1.0,0.0,0.7098524232010603,0.7098524232010603,,,,1.0
37,hexane_hl_gap_eV,17,1.0,0.0,0.7098524232010603,0.7098524232010603,,,,1.0
37,hexane_hl_gap_eV,18,1.0,0.0,0.7098524232010603,0.7098524232010603,,,,1.0
37,hexane_hl_gap_eV,19,1.0,0.0,0.7098524232010603,0.7098524232010603,,,,1.0
37,hexane_hl_gap_eV,20,1.0,0.0,0.7098524232010603,0.7098524232010603,,,,1.0
37,hexane_hl_gap_eV,21,1.0,0.0,0.7098524232010603,0.7098524232010603,,,,1.0
37,hexane_hl_gap_eV,22,1.0,0.0,0.7098524232010603,0.7098524232010603,,,,1.0
37,hexane_hl_gap_eV,23,1.0,0.0,0.7098524232010603,0.7098524232010603,,,,1.0
37,hexane_hl_gap_eV,24,1.0,0.0,0.7098524232010603,0.7098524232010603,,,,1.0
37,hexane_hl_gap_eV,25,1.0,0.0,0.7098524232010603,0.7098524232010603,,,,1.0
37,hexane_hl_gap_eV,26,1.0,0.0,0.7098524232010603,0.7098524232010603,,,,1.0
37,hexane_hl_gap_eV,27,1.0,0.0,0.7098524232010603,0.7098524232010603,,,,1.0
37,hexane_hl_gap_eV,28,1.0,0.0,0.7098524232010603,0.7098524232010603,,,,1.0
37,hexane_hl_gap_eV,29,1.0,0.0,0.7098524232010603,0.7098524232010603,,,,1.0
37,hexane_hl_gap_eV,30,1.0,0.0,0.7098524232010603,0.7098524232010603,,,,1.0
37,hexane_hl_gap_eV,31,1.0,0.0,0.7098524232010603,0.7098524232010603,,,,1.0
37,hexane_hl_gap_eV,32,1.0,0.0,0.7098524232010603,0.7098524232010603,,,,1.0
37,hexane_hl_gap_eV,33,1.0,0.0,0.7098524232010603,0.7098524232010603,,,,1.0
37,hexane_hl_gap_eV,34,1.0,0.0,0.7098524232010603,0.7098524232010603,,,,1.0
37,hexane_hl_gap_eV,35,1.0,0.0,0.7098524232010603,0.7098524232010603,,,,1.0
37,hexane_hl_gap_eV,36,1.0,0.0,0.7098524232010603,0.7098524232010603,,,,1.0
37,hexane_hl_gap_eV,37,1.0,0.0,0.7098524232010603,0.7098524232010603,,,,1.0
37,hexane_hl_gap_eV,38,1.0,0.0,0.7098524232010603,0.7098524232010603,,,,1.0
37,hexane_hl_gap_eV,39,1.0,0.0,0.7098524232010603,0.7098524232010603,,,,1.0
37,hexane_hl_gap_eV,40,1.0,0.0,0.7098524232010603,0.7098524232010603,,,,1.0
37,hexane_hl_gap_eV,41,1.0,0.0,0.7098524232010603,0.7098524232010603,,,,1.0
37,hexane_hl_gap_eV,42,1.0,0.0,0.7098524232010603,0.7098524232010603,,,,1.0
37,hexane_hl_gap_eV,43,1.0,0.0,0.7098524232010603,0.7098524232010603,,,,1.0
37,hexane_hl_gap_eV,44,1.0,0.0,0.7098524232010603,0.7098524232010603,,,,1.0
37,hexane_hl_gap_eV,45,1.0,0.0,0.7098524232010603,0.7098524232010603,,,,1.0
37,hexane_hl_gap_eV,46,1.0,0.0,0.7098524232010603,0.7098524232010603,,,,1.0
37,hexane_hl_gap_eV,47,1.0,0.0,0.7098524232010603,0.7098524232010603,,,,1.0
37,hexane_hl_gap_eV,48,1.0,0.0,0.7098524232010603,0.7098524232010603,,,,1.0
37,hexane_hl_gap_eV,49,1.0,0.0,0.7098524232010603,0.7098524232010603,,,,1.0
37,hexane_hl_gap_eV,50,1.0,0.0,0.7098524232010603,0.7098524232010603,,,,1.0
37,hexane_hl_gap_eV,51,1.0,0.0,0.7098524232010603,0.7098524232010603,,,,1.0
37,hexane_hl_gap_eV,52,1.0,0.0,0.7098524232010603,0.7098524232010603,,,,1.0
37,hexane_hl_gap_eV,53,1.0,0.0,0.7098524232010603,0.7098524232010603,,,,1.0
37,hexane_hl_gap_eV,54,1.0,0.0,0.7098524232010603,0.7098524232010603,,,,1.0
37,hexane_hl_gap_eV,55,1.0,0.0,0.7098524232010603,0.7098524232010603,,,,1.0
37,hexane_hl_gap_eV,56,1.0,0.0,0.7098524232010603,0.7098524232010603,,,,1.0
37,hexane_hl_gap_eV,57,1.0,0.0,0.7098524232010603,0.7098524232010603,,,,1.0
37,hexane_hl_gap_eV,58,1.0,0.0,0.7098524232010603,0.7098524232010603,,,,1.0
37,hexane_hl_gap_eV,59,1.0,0.0,0.7098524232010603,0.7098524232010603,,,,1.0
37,hexane_hl_gap_eV,60,1.0,0.0,0.7098524232010603,0.7098524232010603,,,,1.0
37,hexane_hl_gap_eV,61,1.0,0.0,0.7098524232010603,0.7098524232010603,,,,1.0
37,hexane_hl_gap_eV,62,1.0,0.0,0.7098524232010603,0.7098524232010603,,,,1.0
37,hexane_hl_gap_eV,63,1.0,0.0,0.7098524232010603,0.7098524232010603,,,,1.0
37,hexane_hl_gap_eV,64,1.0,0.0,0.7098524232010603,0.7098524232010603,,,,1.0
37,hexane_hl_gap_eV,65,1.0,0.0,0.7098524232010603,0.7098524232010603,,,,1.0
37,hexane_hl_gap_eV,66,1.0,0.0,0.7098524232010603,0.7098524232010603,,,,1.0
37,hexane_hl_gap_eV,67,1.0,0.0,0.7098524232010603,0.7098524232010603,,,,1.0
37,hexane_hl_gap_eV,68,1.0,0.0,0.7098524232010603,0.7098524232010603,,,,1.0
37,hexane_hl_gap_eV,69,1.0,0.0,0.7098524232010603,0.7098524232010603,,,,1.0
37,hexane_hl_gap_eV,70,1.0,0.0,0.7098524232010603,0.7098524232010603,,,,1.0
37,hexane_hl_gap_eV,71,1.0,0.0,0.7098524232010603,0.7098524232010603,,,,1.0
37,hexane_hl_gap_eV,72,1.0,0.0,0.7098524232010603,0.7098524232010603,,,,1.0
37,hexane_hl_gap_eV,73,1.0,0.0,0.7098524232010603,0.7098524232010603,,,,1.0
37,hexane_hl_gap_eV,74,1.0,0.0,0.7098524232010603,0.7098524232010603,,,,1.0
37,hexane_hl_gap_eV,75,1.0,0.0,0.7098524232010603,0.7098524232010603,,,,1.0
37,hexane_hl_gap_eV,76,1.0,0.0,0.7098524232010603,0.7098524232010603,,,,1.0
37,hexane_hl_gap_eV,77,1.0,0.0,0.7098524232010603,0.7098524232010603,,,,1.0
37,hexane_hl_gap_eV,78,1.0,0.0,0.7098524232010603,0.7098524232010603,,,,1.0
37,hexane_hl_gap_eV,79,1.0,0.0,0.7098524232010603,0.7098524232010603,,,,1.0
37,hexane_hl_gap_eV,80,1.0,0.0,0.7098524232010603,0.7098524232010603,,,,1.0
37,hexane_hl_gap_eV,81,1.0,0.0,0.7098524232010603,0.7098524232010603,,,,1.0
37,hexane_hl_gap_eV,82,1.0,0.0,0.7098524232010603,0.7098524232010603,,,,1.0
37,hexane_hl_gap_eV,83,1.0,0.0,0.7098524232010603,0.7098524232010603,,,,1.0
37,hexane_hl_gap_eV,84,1.0,0.0,0.7098524232010603,0.7098524232010603,,,,1.0
37,hexane_hl_gap_eV,85,1.0,0.0,0.7098524232010603,0.7098524232010603,,,,1.0
37,hexane_hl_gap_eV,86,1.0,0.0,0.7098524232010603,0.7098524232010603,,,,1.0
37,hexane_hl_gap_eV,87,1.0,0.0,0.7098524232010603,0.7098524232010603,,,,1.0
37,hexane_hl_gap_eV,88,1.0,0.0,0.7098524232010603,0.7098524232010603,,,,1.0
37,hexane_hl_gap_eV,89,1.0,0.0,0.7098524232010603,0.7098524232010603,,,,1.0
37,hexane_hl_gap_eV,90,1.0,0.0,0.7098524232010603,0.7098524232010603,,,,1.0
37,hexane_hl_gap_eV,91,1.0,0.0,0.7098524232010603,0.7098524232010603,,,,1.0
37,hexane_hl_gap_eV,92,1.0,0.0,0.7098524232010603,0.7098524232010603,,,,1.0
37,hexane_hl_gap_eV,93,1.0,0.0,0.7098524232010603,0.7098524232010603,,,,1.0
37,hexane_hl_gap_eV,94,1.0,0.0,0.7098524232010603,0.7098524232010603,,,,1.0
37,hexane_hl_gap_eV,95,1.0,0.0,0.7098524232010603,0.7098524232010603,,,,1.0
37,hexane_hl_gap_eV,96,1.0,0.0,0.7098524232010603,0.7098524232010603,,,,1.0
37,hexane_hl_gap_eV,97,1.0,0.0,0.7098524232010603,0.7098524232010603,,,,1.0
37,hexane_hl_gap_eV,98,1.0,0.0,0.7098524232010603,0.7098524232010603,,,,1.0
37,hexane_hl_gap_eV,99,1.0,0.0,0.7098524232010603,0.7098524232010603,,,,1.0
37,hexane_hl_gap_eV,100,1.0,0.0,0.7098524232010603,0.7098524232010603,,,,1.0
37,hexane_hl_gap_eV,101,1.0,0.0,0.7098524232010603,0.7098524232010603,,,,1.0
37,hexane_hl_gap_eV,102,1.0,0.0,0.7098524232010603,0.7098524232010603,,,,1.0
37,hexane_hl_gap_eV,103,1.0,0.0,0.7098524232010603,0.7098524232010603,,,,1.0
37,hexane_hl_gap_eV,104,1.0,0.0,0.7098524232010603,0.7098524232010603,,,,1.0
37,hexane_hl_gap_eV,105,1.0,0.0,0.7098524232010603,0.7098524232010603,,,,1.0
37,hexane_hl_gap_eV,106,1.0,0.0,0.7098524232010603,0.7098524232010603,,,,1.0
37,hexane_hl_gap_eV,107,1.0,0.0,0.7098524232010603,0.7098524232010603,,,,1.0
37,hexane_hl_gap_eV,108,1.0,0.0,0.7098524232010603,0.7098524232010603,,,,1.0
37,hexane_hl_gap_eV,109,1.0,0.0,0.7098524232010603,0.7098524232010603,,,,1.0
37,hexane_hl_gap_eV,110,1.0,0.0,0.7098524232010603,0.7098524232010603,,,,1.0
37,hexane_hl_gap_eV,111,1.0,0.0,0.7098524232010603,0.7098524232010603,,,,1.0
37,hexane_hl_gap_eV,112,1.0,0.0,0.7098524232010603,0.7098524232010603,,,,1.0
37,hexane_hl_gap_eV,113,1.0,0.0,0.7098524232010603,0.7098524232010603,,,,1.0
37,hexane_hl_gap_eV,114,1.0,0.0,0.7098524232010603,0.7098524232010603,,,,1.0
37,hexane_hl_gap_eV,115,1.0,0.0,0.7098524232010603,0.7098524232010603,,,,1.0
37,hexane_hl_gap_eV,116,1.0,0.0,0.7098524232010603,0.7098524232010603,,,,1.0
37,hexane_hl_gap_eV,117,1.0,0.0,0.7098524232010603,0.7098524232010603,,,,1.0
37,hexane_hl_gap_eV,118,1.0,0.0,0.7098524232010603,0.7098524232010603,,,,1.0
37,hexane_hl_gap_eV,119,1.0,0.0,0.7098524232010603,0.7098524232010603,,,,1.0
37,hexane_hl_gap_eV,120,1.0,0.0,0.7098524232010603,0.7098524232010603,,,,1.0
37,hexane_hl_gap_eV,121,1.0,0.0,0.7098524232010603,0.7098524232010603,,,,1.0
37,hexane_hl_gap_eV,122,1.0,0.0,0.7098524232010603,0.7098524232010603,,,,1.0
37,hexane_hl_gap_eV,123,1.0,0.0,0.7098524232010603,0.7098524232010603,,,,1.0
37,hexane_hl_gap_eV,124,1.0,0.0,0.7098524232010603,0.7098524232010603,,,,1.0
37,hexane_hl_gap_eV,125,1.0,0.0,0.7098524232010603,0.7098524232010603,,,,1.0
37,hexane_hl_gap_eV,126,1.0,0.0,0.7098524232010603,0.7098524232010603,,,,1.0
37,hexane_hl_gap_eV,127,1.0,0.0,0.7098524232010603,0.7098524232010603,,,,1.0
37,hexane_hl_gap_eV,128,1.0,0.0,0.7098524232010603,0.7098524232010603,,,,1.0
37,hexane_hl_gap_eV,129,1.0,0.0,0.7098524232010603,0.7098524232010603,,,,1.0
37,hexane_hl_gap_eV,130,1.0,0.0,0.7098524232010603,0.7098524232010603,,,,1.0
37,hexane_hl_gap_eV,131,1.0,0.0,0.7098524232010603,0.7098524232010603,,,,1.0
37,hexane_hl_gap_eV,132,1.0,0.0,0.7098524232010603,0.7098524232010603,,,,1.0
37,hexane_hl_gap_eV,133,1.0,0.0,0.7098524232010603,0.7098524232010603,,,,1.0
37,hexane_hl_gap_eV,134,1.0,0.0,0.7098524232010603,0.7098524232010603,,,,1.0
37,hexane_hl_gap_eV,135,1.0,0.0,0.7098524232010603,0.7098524232010603,,,,1.0
37,hexane_hl_gap_eV,136,1.0,0.0,0.7098524232010603,0.7098524232010603,,,,1.0
37,hexane_hl_gap_eV,137,1.0,0.0,0.7098524232010603,0.7098524232010603,,,,1.0
37,hexane_hl_gap_eV,138,1.0,0.0,0.7098524232010603,0.7098524232010603,,,,1.0
37,hexane_hl_gap_eV,139,1.0,0.0,0.7098524232010603,0.7098524232010603,,,,1.0
37,hexane_hl_gap_eV,140,1.0,0.0,0.7098524232010603,0.7098524232010603,,,,1.0
37,hexane_hl_gap_eV,141,1.0,0.0,0.7098524232010603,0.7098524232010603,,,,1.0
37,hexane_hl_gap_eV,142,1.0,0.0,0.7098524232010603,0.7098524232010603,,,,1.0
37,hexane_hl_gap_eV,143,1.0,0.0,0.7098524232010603,0.7098524232010603,,,,1.0
37,hexane_hl_gap_eV,144,1.0,0.0,0.7098524232010603,0.7098524232010603,,,,1.0
37,hexane_hl_gap_eV,145,1.0,0.0,0.7098524232010603,0.7098524232010603,,,,1.0
37,hexane_hl_gap_eV,146,1.0,0.0,0.7098524232010603,0.7098524232010603,,,,1.0
37,hexane_hl_gap_eV,147,1.0,0.0,0.7098524232010603,0.7098524232010603,,,,1.0
37,hexane_hl_gap_eV,148,1.0,0.0,0.7098524232010603,0.7098524232010603,,,,1.0
37,hexane_hl_gap_eV,149,1.0,0.0,0.7098524232010603,0.7098524232010603,,,,1.0
37,hexane_hl_gap_eV,150,1.0,0.0,0.7098524232010603,0.7098524232010603,,,,1.0
37,hexane_hl_gap_eV,151,1.0,0.0,0.7098524232010603,0.7098524232010603,,,,1.0
37,hexane_hl_gap_eV,152,1.0,0.0,0.7098524232010603,0.7098524232010603,,,,1.0
37,hexane_hl_gap_eV,153,1.0,0.0,0.7098524232010603,0.7098524232010603,,,,1.0
37,hexane_hl_gap_eV,154,1.0,0.0,0.7098524232010603,0.7098524232010603,,,,1.0
37,hexane_hl_gap_eV,155,1.0,0.0,0.7098524232010603,0.7098524232010603,,,,1.0
37,hexane_hl_gap_eV,156,1.0,0.0,0.7098524232010603,0.7098524232010603,,,,1.0
37,hexane_hl_gap_eV,157,1.0,0.0,0.7098524232010603,0.7098524232010603,,,,1.0
37,hexane_hl_gap_eV,158,1.0,0.0,0.7098524232010603,0.7098524232010603,,,,1.0
37,hexane_hl_gap_eV,159,1.0,0.0,0.7098524232010603,0.7098524232010603,,,,1.0
37,hexane_hl_gap_eV,160,1.0,0.0,0.7098524232010603,0.7098524232010603,,,,1.0
37,hexane_hl_gap_eV,161,1.0,0.0,0.7098524232010603,0.7098524232010603,,,,1.0
37,hexane_hl_gap_eV,162,1.0,0.0,0.7098524232010603,0.7098524232010603,,,,1.0
37,hexane_hl_gap_eV,163,1.0,0.0,0.7098524232010603,0.7098524232010603,,,,1.0
37,hexane_hl_gap_eV,164,1.0,0.0,0.7098524232010603,0.7098524232010603,,,,1.0
37,hexane_hl_gap_eV,165,1.0,0.0,0.7098524232010603,0.7098524232010603,,,,1.0
37,hexane_hl_gap_eV,166,1.0,0.0,0.7098524232010603,0.7098524232010603,,,,1.0
37,hexane_hl_gap_eV,167,1.0,0.0,0.7098524232010603,0.7098524232010603,,,,1.0
37,hexane_hl_gap_eV,168,1.0,0.0,0.7098524232010603,0.7098524232010603,,,,1.0
37,hexane_hl_gap_eV,169,1.0,0.0,0.7098524232010603,0.7098524232010603,,,,1.0
37,hexane_hl_gap_eV,170,1.0,0.0,0.7098524232010603,0.7098524232010603,,,,1.0
37,hexane_hl_gap_eV,171,1.0,0.0,0.7098524232010603,0.7098524232010603,,,,1.0
37,hexane_hl_gap_eV,172,1.0,0.0,0.7098524232010603,0.7098524232010603,,,,1.0
37,hexane_hl_gap_eV,173,1.0,0.0,0.7098524232010603,0.7098524232010603,,,,1.0
37,hexane_hl_gap_eV,174,1.0,0.0,0.7098524232010603,0.7098524232010603,,,,1.0
37,hexane_hl_gap_eV,175,1.0,0.0,0.7098524232010603,0.7098524232010603,,,,1.0
37,hexane_hl_gap_eV,176,1.0,0.0,0.7098524232010603,0.7098524232010603,,,,1.0
37,hexane_hl_gap_eV,177,1.0,0.0,0.7098524232010603,0.7098524232010603,,,,1.0
37,hexane_hl_gap_eV,178,1.0,0.0,0.7098524232010603,0.7098524232010603,,,,1.0
37,hexane_hl_gap_eV,179,1.0,0.0,0.7098524232010603,0.7098524232010603,,,,1.0
37,hexane_hl_gap_eV,180,1.0,0.0,0.7098524232010603,0.7098524232010603,,,,1.0
37,hexane_hl_gap_eV,181,1.0,0.0,0.7098524232010603,0.7098524232010603,,,,1.0
37,hexane_hl_gap_eV,182,1.0,0.0,0.7098524232010603,0.7098524232010603,,,,1.0
37,hexane_hl_gap_eV,183,1.0,0.0,0.7098524232010603,0.7098524232010603,,,,1.0
37,hexane_hl_gap_eV,184,1.0,0.0,0.7098524232010603,0.7098524232010603,,,,1.0
37,hexane_hl_gap_eV,185,1.0,0.0,0.7098524232010603,0.7098524232010603,,,,1.0
37,hexane_hl_gap_eV,186,1.0,0.0,0.7098524232010603,0.7098524232010603,,,,1.0
37,hexane_hl_gap_eV,187,1.0,0.0,0.7098524232010603,0.7098524232010603,,,,1.0
37,hexane_hl_gap_eV,188,1.0,0.0,0.7098524232010603,0.7098524232010603,,,,1.0
37,hexane_hl_gap_eV,189,1.0,0.0,0.7098524232010603,0.7098524232010603,,,,1.0
37,hexane_hl_gap_eV,190,1.0,0.0,0.7098524232010603,0.7098524232010603,,,,1.0
37,hexane_hl_gap_eV,191,1.0,0.0,0.7098524232010603,0.7098524232010603,,,,1.0
37,hexane_hl_gap_eV,192,1.0,0.0,0.7098524232010603,0.7098524232010603,,,,1.0
37,hexane_hl_gap_eV,193,1.0,0.0,0.7098524232010603,0.7098524232010603,,,,1.0
37,hexane_hl_gap_eV,194,1.0,0.0,0.7098524232010603,0.7098524232010603,,,,1.0
37,hexane_hl_gap_eV,195,1.0,0.0,0.7098524232010603,0.7098524232010603,,,,1.0
37,hexane_hl_gap_eV,196,1.0,0.0,0.7098524232010603,0.7098524232010603,,,,1.0
37,hexane_hl_gap_eV,197,1.0,0.0,0.7098524232010603,0.7098524232010603,,,,1.0
37,hexane_hl_gap_eV,198,1.0,0.0,0.7098524232010603,0.7098524232010603,,,,1.0
37,hexane_hl_gap_eV,199,1.0,0.0,0.7098524232010603,0.7098524232010603,,,,1.0
37,hexane_hl_gap_eV,200,1.0,0.0,0.7098524232010603,0.7098524232010603,,,,1.0
37,hexane_hl_gap_eV,201,1.0,0.0,0.7098524232010603,0.7098524232010603,,,,1.0
37,hexane_hl_gap_eV,202,1.0,0.0,0.7098524232010603,0.7098524232010603,,,,1.0
37,hexane_hl_gap_eV,203,1.0,0.0,0.7098524232010603,0.7098524232010603,,,,1.0
37,hexane_hl_gap_eV,204,1.0,0.0,0.7098524232010603,0.7098524232010603,,,,1.0
37,hexane_hl_gap_eV,205,1.0,0.0,0.7098524232010603,0.7098524232010603,,,,1.0
37,hexane_hl_gap_eV,206,1.0,0.0,0.7098524232010603,0.7098524232010603,,,,1.0
37,hexane_hl_gap_eV,207,1.0,0.0,0.7098524232010603,0.7098524232010603,,,,1.0
37,hexane_hl_gap_eV,208,1.0,0.0,0.7098524232010603,0.7098524232010603,,,,1.0
37,hexane_hl_gap_eV,209,1.0,0.0,0.7098524232010603,0.7098524232010603,,,,1.0
37,hexane_hl_gap_eV,210,1.0,0.0,0.7098524232010603,0.7098524232010603,,,,1.0
37,hexane_hl_gap_eV,211,1.0,0.0,0.7098524232010603,0.7098524232010603,,,,1.0
37,hexane_hl_gap_eV,212,1.0,0.0,0.7098524232010603,0.7098524232010603,,,,1.0
37,hexane_hl_gap_eV,213,1.0,0.0,0.7098524232010603,0.7098524232010603,,,,1.0
37,hexane_hl_gap_eV,214,1.0,0.0,0.7098524232010603,0.7098524232010603,,,,1.0
37,hexane_hl_gap_eV,215,1.0,0.0,0.7098524232010603,0.7098524232010603,,,,1.0
37,hexane_hl_gap_eV,216,1.0,0.0,0.7098524232010603,0.7098524232010603,,,,1.0
37,hexane_hl_gap_eV,217,1.0,0.0,0.7098524232010603,0.7098524232010603,,,,1.0
37,hexane_hl_gap_eV,218,1.0,0.0,0.7098524232010603,0.7098524232010603,,,,1.0
37,hexane_hl_gap_eV,219,1.0,0.0,0.7098524232010603,0.7098524232010603,,,,1.0
37,hexane_hl_gap_eV,220,1.0,0.0,0.7098524232010603,0.7098524232010603,,,,1.0
37,hexane_hl_gap_eV,221,1.0,0.0,0.7098524232010603,0.7098524232010603,,,,1.0
37,hexane_hl_gap_eV,222,1.0,0.0,0.7098524232010603,0.7098524232010603,,,,1.0
37,hexane_hl_gap_eV,223,1.0,0.0,0.7098524232010603,0.7098524232010603,,,,1.0
37,hexane_hl_gap_eV,224,1.0,0.0,0.7098524232010603,0.7098524232010603,,,,1.0
37,hexane_hl_gap_eV,225,1.0,0.0,0.7098524232010603,0.7098524232010603,,,,1.0
37,hexane_hl_gap_eV,226,1.0,0.0,0.7098524232010603,0.7098524232010603,,,,1.0
37,hexane_hl_gap_eV,227,1.0,0.0,0.7098524232010603,0.7098524232010603,,,,1.0
37,hexane_hl_gap_eV,228,1.0,0.0,0.7098524232010603,0.7098524232010603,,,,1.0
37,hexane_hl_gap_eV,229,1.0,0.0,0.7098524232010603,0.7098524232010603,,,,1.0
37,hexane_hl_gap_eV,230,1.0,0.0,0.7098524232010603,0.7098524232010603,,,,1.0
37,hexane_hl_gap_eV,231,1.0,0.0,0.7098524232010603,0.7098524232010603,,,,1.0
37,hexane_hl_gap_eV,232,1.0,0.0,0.7098524232010603,0.7098524232010603,,,,1.0
37,hexane_hl_gap_eV,233,1.0,0.0,0.7098524232010603,0.7098524232010603,,,,1.0
37,hexane_hl_gap_eV,234,1.0,0.0,0.7098524232010603,0.7098524232010603,,,,1.0
37,hexane_hl_gap_eV,235,1.0,0.0,0.7098524232010603,0.7098524232010603,,,,1.0
37,hexane_hl_gap_eV,236,1.0,0.0,0.7098524232010603,0.7098524232010603,,,,1.0
37,hexane_hl_gap_eV,237,1.0,0.0,0.7098524232010603,0.7098524232010603,,,,1.0
37,hexane_hl_gap_eV,238,1.0,0.0,0.7098524232010603,0.7098524232010603,,,,1.0
37,hexane_hl_gap_eV,239,1.0,0.0,0.7098524232010603,0.7098524232010603,,,,1.0
37,hexane_hl_gap_eV,240,1.0,0.0,0.7098524232010603,0.7098524232010603,,,,1.0
37,hexane_hl_gap_eV,241,1.0,0.0,0.7098524232010603,0.7098524232010603,,,,1.0
37,hexane_hl_gap_eV,242,1.0,0.0,0.7098524232010603,0.7098524232010603,,,,1.0
37,hexane_hl_gap_eV,243,1.0,0.0,0.7098524232010603,0.7098524232010603,,,,1.0
37,hexane_hl_gap_eV,244,1.0,0.0,0.7098524232010603,0.7098524232010603,,,,1.0
37,hexane_hl_gap_eV,245,1.0,0.0,0.7098524232010603,0.7098524232010603,,,,1.0
37,hexane_hl_gap_eV,246,1.0,0.0,0.7098524232010603,0.7098524232010603,,,,1.0
37,hexane_hl_gap_eV,247,1.0,0.0,0.7098524232010603,0.7098524232010603,,,,1.0
37,hexane_hl_gap_eV,248,1.0,0.0,0.7098524232010603,0.7098524232010603,,,,1.0
37,hexane_hl_gap_eV,249,1.0,0.0,0.7098524232010603,0.7098524232010603,,,,1.0
37,hexane_dipole,0,1.0,0.0,0.583372048031338,0.583372048031338,,,,1.0
37,hexane_dipole,1,1.0,0.0,0.583372048031338,0.583372048031338,,,,1.0
37,hexane_dipole,2,1.0,0.0,0.583372048031338,0.583372048031338,,,,1.0
37,hexane_dipole,3,1.0,0.0,0.583372048031338,0.583372048031338,,,,1.0
37,hexane_dipole,4,1.0,0.0,0.583372048031338,0.583372048031338,,,,1.0
37,hexane_dipole,5,1.0,0.0,0.583372048031338,0.583372048031338,,,,1.0
37,hexane_dipole,6,1.0,0.0,0.583372048031338,0.583372048031338,,,,1.0
37,hexane_dipole,7,1.0,0.0,0.583372048031338,0.583372048031338,,,,1.0
37,hexane_dipole,8,1.0,0.0,0.583372048031338,0.583372048031338,,,,1.0
37,hexane_dipole,9,1.0,0.0,0.583372048031338,0.583372048031338,,,,1.0
37,hexane_dipole,10,1.0,0.0,0.583372048031338,0.583372048031338,,,,1.0
37,hexane_dipole,11,1.0,0.0,0.583372048031338,0.583372048031338,,,,1.0
37,hexane_dipole,12,1.0,0.0,0.583372048031338,0.583372048031338,,,,1.0
37,hexane_dipole,13,1.0,0.0,0.583372048031338,0.583372048031338,,,,1.0
37,hexane_dipole,14,1.0,0.0,0.583372048031338,0.583372048031338,,,,1.0
37,hexane_dipole,15,1.0,0.0,0.583372048031338,0.583372048031338,,,,1.0
37,hexane_dipole,16,1.0,0.0,0.583372048031338,0.583372048031338,,,,1.0
37,hexane_dipole,17,1.0,0.0,0.583372048031338,0.583372048031338,,,,1.0
37,hexane_dipole,18,1.0,0.0,0.583372048031338,0.583372048031338,,,,1.0
37,hexane_dipole,19,1.0,0.0,0.583372048031338,0.583372048031338,,,,1.0
37,hexane_dipole,20,1.0,0.0,0.583372048031338,0.583372048031338,,,,1.0
37,hexane_dipole,21,1.0,0.0,0.583372048031338,0.583372048031338,,,,1.0
37,hexane_dipole,22,1.0,0.0,0.583372048031338,0.583372048031338,,,,1.0
37,hexane_dipole,23,1.0,0.0,0.583372048031338,0.583372048031338,,,,1.0
37,hexane_dipole,24,1.0,0.0,0.583372048031338,0.583372048031338,,,,1.0
37,hexane_dipole,25,1.0,0.0,0.583372048031338,0.583372048031338,,,,1.0
37,hexane_dipole,26,1.0,0.0,0.583372048031338,0.583372048031338,,,,1.0
37,hexane_dipole,27,1.0,0.0,0.583372048031338,0.583372048031338,,,,1.0
37,hexane_dipole,28,1.0,0.0,0.583372048031338,0.583372048031338,,,,1.0
37,hexane_dipole,29,1.0,0.0,0.583372048031338,0.583372048031338,,,,1.0
37,hexane_dipole,30,1.0,0.0,0.583372048031338,0.583372048031338,,,,1.0
37,hexane_dipole,31,1.0,0.0,0.583372048031338,0.583372048031338,,,,1.0
37,hexane_dipole,32,1.0,0.0,0.583372048031338,0.583372048031338,,,,1.0
37,hexane_dipole,33,1.0,0.0,0.583372048031338,0.583372048031338,,,,1.0
37,hexane_dipole,34,1.0,0.0,0.583372048031338,0.583372048031338,,,,1.0
37,hexane_dipole,35,1.0,0.0,0.583372048031338,0.583372048031338,,,,1.0
37,hexane_dipole,36,1.0,0.0,0.583372048031338,0.583372048031338,,,,1.0
37,hexane_dipole,37,1.0,0.0,0.583372048031338,0.583372048031338,,,,1.0
37,hexane_dipole,38,1.0,0.0,0.583372048031338,0.583372048031338,,,,1.0
37,hexane_dipole,39,1.0,0.0,0.583372048031338,0.583372048031338,,,,1.0
37,hexane_dipole,40,1.0,0.0,0.583372048031338,0.583372048031338,,,,1.0
37,hexane_dipole,41,1.0,0.0,0.583372048031338,0.583372048031338,,,,1.0
37,hexane_dipole,42,1.0,0.0,0.583372048031338,0.583372048031338,,,,1.0
37,hexane_dipole,43,1.0,0.0,0.583372048031338,0.583372048031338,,,,1.0
37,hexane_dipole,44,1.0,0.0,0.583372048031338,0.583372048031338,,,,1.0
37,hexane_dipole,45,1.0,0.0,0.583372048031338,0.583372048031338,,,,1.0
37,hexane_dipole,46,1.0,0.0,0.583372048031338,0.583372048031338,,,,1.0
37,hexane_dipole,47,1.0,0.0,0.583372048031338,0.583372048031338,,,,1.0
37,hexane_dipole,48,1.0,0.0,0.583372048031338,0.583372048031338,,,,1.0
37,hexane_dipole,49,1.0,0.0,0.583372048031338,0.583372048031338,,,,1.0
37,hexane_dipole,50,1.0,0.0,0.583372048031338,0.583372048031338,,,,1.0
37,hexane_dipole,51,1.0,0.0,0.583372048031338,0.583372048031338,,,,1.0
37,hexane_dipole,52,1.0,0.0,0.583372048031338,0.583372048031338,,,,1.0
37,hexane_dipole,53,1.0,0.0,0.583372048031338,0.583372048031338,,,,1.0
37,hexane_dipole,54,1.0,0.0,0.583372048031338,0.583372048031338,,,,1.0
37,hexane_dipole,55,1.0,0.0,0.583372048031338,0.583372048031338,,,,1.0
37,hexane_dipole,56,1.0,0.0,0.583372048031338,0.583372048031338,,,,1.0
37,hexane_dipole,57,1.0,0.0,0.583372048031338,0.583372048031338,,,,1.0
37,hexane_dipole,58,1.0,0.0,0.583372048031338,0.583372048031338,,,,1.0
37,hexane_dipole,59,1.0,0.0,0.583372048031338,0.583372048031338,,,,1.0
37,hexane_dipole,60,1.0,0.0,0.583372048031338,0.583372048031338,,,,1.0
37,hexane_dipole,61,1.0,0.0,0.583372048031338,0.583372048031338,,,,1.0
37,hexane_dipole,62,1.0,0.0,0.583372048031338,0.583372048031338,,,,1.0
37,hexane_dipole,63,1.0,0.0,0.583372048031338,0.583372048031338,,,,1.0
37,hexane_dipole,64,1.0,0.0,0.583372048031338,0.583372048031338,,,,1.0
37,hexane_dipole,65,1.0,0.0,0.583372048031338,0.583372048031338,,,,1.0
37,hexane_dipole,66,1.0,0.0,0.583372048031338,0.583372048031338,,,,1.0
37,hexane_dipole,67,1.0,0.0,0.583372048031338,0.583372048031338,,,,1.0
37,hexane_dipole,68,1.0,0.0,0.583372048031338,0.583372048031338,,,,1.0
37,hexane_dipole,69,1.0,0.0,0.583372048031338,0.583372048031338,,,,1.0
37,hexane_dipole,70,1.0,0.0,0.583372048031338,0.583372048031338,,,,1.0
37,hexane_dipole,71,1.0,0.0,0.583372048031338,0.583372048031338,,,,1.0
37,hexane_dipole,72,1.0,0.0,0.583372048031338,0.583372048031338,,,,1.0
37,hexane_dipole,73,1.0,0.0,0.583372048031338,0.583372048031338,,,,1.0
37,hexane_dipole,74,1.0,0.0,0.583372048031338,0.583372048031338,,,,1.0
37,hexane_dipole,75,1.0,0.0,0.583372048031338,0.583372048031338,,,,1.0
37,hexane_dipole,76,1.0,0.0,0.583372048031338,0.583372048031338,,,,1.0
37,hexane_dipole,77,1.0,0.0,0.583372048031338,0.583372048031338,,,,1.0
37,hexane_dipole,78,1.0,0.0,0.583372048031338,0.583372048031338,,,,1.0
37,hexane_dipole,79,1.0,0.0,0.583372048031338,0.583372048031338,,,,1.0
37,hexane_dipole,80,1.0,0.0,0.583372048031338,0.583372048031338,,,,1.0
37,hexane_dipole,81,1.0,0.0,0.583372048031338,0.583372048031338,,,,1.0
37,hexane_dipole,82,1.0,0.0,0.583372048031338,0.583372048031338,,,,1.0
37,hexane_dipole,83,1.0,0.0,0.583372048031338,0.583372048031338,,,,1.0
37,hexane_dipole,84,1.0,0.0,0.583372048031338,0.583372048031338,,,,1.0
37,hexane_dipole,85,1.0,0.0,0.583372048031338,0.583372048031338,,,,1.0
37,hexane_dipole,86,1.0,0.0,0.583372048031338,0.583372048031338,,,,1.0
37,hexane_dipole,87,1.0,0.0,0.583372048031338,0.583372048031338,,,,1.0
37,hexane_dipole,88,1.0,0.0,0.583372048031338,0.583372048031338,,,,1.0
37,hexane_dipole,89,1.0,0.0,0.583372048031338,0.583372048031338,,,,1.0
37,hexane_dipole,90,1.0,0.0,0.583372048031338,0.583372048031338,,,,1.0
37,hexane_dipole,91,1.0,0.0,0.583372048031338,0.583372048031338,,,,1.0
37,hexane_dipole,92,1.0,0.0,0.583372048031338,0.583372048031338,,,,1.0
37,hexane_dipole,93,1.0,0.0,0.583372048031338,0.583372048031338,,,,1.0
37,hexane_dipole,94,1.0,0.0,0.583372048031338,0.583372048031338,,,,1.0
37,hexane_dipole,95,1.0,0.0,0.583372048031338,0.583372048031338,,,,1.0
37,hexane_dipole,96,1.0,0.0,0.583372048031338,0.583372048031338,,,,1.0
37,hexane_dipole,97,1.0,0.0,0.583372048031338,0.583372048031338,,,,1.0
37,hexane_dipole,98,1.0,0.0,0.583372048031338,0.583372048031338,,,,1.0
37,hexane_dipole,99,1.0,0.0,0.583372048031338,0.583372048031338,,,,1.0
37,hexane_dipole,100,1.0,0.0,0.583372048031338,0.583372048031338,,,,1.0
37,hexane_dipole,101,1.0,0.0,0.583372048031338,0.583372048031338,,,,1.0
37,hexane_dipole,102,1.0,0.0,0.583372048031338,0.583372048031338,,,,1.0
37,hexane_dipole,103,1.0,0.0,0.583372048031338,0.583372048031338,,,,1.0
37,hexane_dipole,104,1.0,0.0,0.583372048031338,0.583372048031338,,,,1.0
37,hexane_dipole,105,1.0,0.0,0.583372048031338,0.583372048031338,,,,1.0
37,hexane_dipole,106,1.0,0.0,0.583372048031338,0.583372048031338,,,,1.0
37,hexane_dipole,107,1.0,0.0,0.583372048031338,0.583372048031338,,,,1.0
37,hexane_dipole,108,1.0,0.0,0.583372048031338,0.583372048031338,,,,1.0
37,hexane_dipole,109,1.0,0.0,0.583372048031338,0.583372048031338,,,,1.0
37,hexane_dipole,110,1.0,0.0,0.583372048031338,0.583372048031338,,,,1.0
37,hexane_dipole,111,1.0,0.0,0.583372048031338,0.583372048031338,,,,1.0
37,hexane_dipole,112,1.0,0.0,0.583372048031338,0.583372048031338,,,,1.0
37,hexane_dipole,113,1.0,0.0,0.583372048031338,0.583372048031338,,,,1.0
37,hexane_dipole,114,1.0,0.0,0.583372048031338,0.583372048031338,,,,1.0
37,hexane_dipole,115,1.0,0.0,0.583372048031338,0.583372048031338,,,,1.0
37,hexane_dipole,116,1.0,0.0,0.583372048031338,0.583372048031338,,,,1.0
37,hexane_dipole,117,1.0,0.0,0.583372048031338,0.583372048031338,,,,1.0
37,hexane_dipole,118,1.0,0.0,0.583372048031338,0.583372048031338,,,,1.0
37,hexane_dipole,119,1.0,0.0,0.583372048031338,0.583372048031338,,,,1.0
37,hexane_dipole,120,1.0,0.0,0.583372048031338,0.583372048031338,,,,1.0
37,hexane_dipole,121,1.0,0.0,0.583372048031338,0.583372048031338,,,,1.0
37,hexane_dipole,122,1.0,0.0,0.583372048031338,0.583372048031338,,,,1.0
37,hexane_dipole,123,1.0,0.0,0.583372048031338,0.583372048031338,,,,1.0
37,hexane_dipole,124,1.0,0.0,0.583372048031338,0.583372048031338,,,,1.0
37,hexane_dipole,125,1.0,0.0,0.583372048031338,0.583372048031338,,,,1.0
37,hexane_dipole,126,1.0,0.0,0.583372048031338,0.583372048031338,,,,1.0
37,hexane_dipole,127,1.0,0.0,0.583372048031338,0.583372048031338,,,,1.0
37,hexane_dipole,128,1.0,0.0,0.583372048031338,0.583372048031338,,,,1.0
37,hexane_dipole,129,1.0,0.0,0.583372048031338,0.583372048031338,,,,1.0
37,hexane_dipole,130,1.0,0.0,0.583372048031338,0.583372048031338,,,,1.0
37,hexane_dipole,131,1.0,0.0,0.583372048031338,0.583372048031338,,,,1.0
37,hexane_dipole,132,1.0,0.0,0.583372048031338,0.583372048031338,,,,1.0
37,hexane_dipole,133,1.0,0.0,0.583372048031338,0.583372048031338,,,,1.0
37,hexane_dipole,134,1.0,0.0,0.583372048031338,0.583372048031338,,,,1.0
37,hexane_dipole,135,1.0,0.0,0.583372048031338,0.583372048031338,,,,1.0
37,hexane_dipole,136,1.0,0.0,0.583372048031338,0.583372048031338,,,,1.0
37,hexane_dipole,137,1.0,0.0,0.583372048031338,0.583372048031338,,,,1.0
37,hexane_dipole,138,1.0,0.0,0.583372048031338,0.583372048031338,,,,1.0
37,hexane_dipole,139,1.0,0.0,0.583372048031338,0.583372048031338,,,,1.0
37,hexane_dipole,140,1.0,0.0,0.583372048031338,0.583372048031338,,,,1.0
37,hexane_dipole,141,1.0,0.0,0.583372048031338,0.583372048031338,,,,1.0
37,hexane_dipole,142,1.0,0.0,0.583372048031338,0.583372048031338,,,,1.0
37,hexane_dipole,143,1.0,0.0,0.583372048031338,0.583372048031338,,,,1.0
37,hexane_dipole,144,1.0,0.0,0.583372048031338,0.583372048031338,,,,1.0
37,hexane_dipole,145,1.0,0.0,0.583372048031338,0.583372048031338,,,,1.0
37,hexane_dipole,146,1.0,0.0,0.583372048031338,0.583372048031338,,,,1.0
37,hexane_dipole,147,1.0,0.0,0.583372048031338,0.583372048031338,,,,1.0
37,hexane_dipole,148,1.0,0.0,0.583372048031338,0.583372048031338,,,,1.0
37,hexane_dipole,149,1.0,0.0,0.583372048031338,0.583372048031338,,,,1.0
37,hexane_dipole,150,1.0,0.0,0.583372048031338,0.583372048031338,,,,1.0
37,hexane_dipole,151,1.0,0.0,0.583372048031338,0.583372048031338,,,,1.0
37,hexane_dipole,152,1.0,0.0,0.583372048031338,0.583372048031338,,,,1.0
37,hexane_dipole,153,1.0,0.0,0.583372048031338,0.583372048031338,,,,1.0
37,hexane_dipole,154,1.0,0.0,0.583372048031338,0.583372048031338,,,,1.0
37,hexane_dipole,155,1.0,0.0,0.583372048031338,0.583372048031338,,,,1.0
37,hexane_dipole,156,1.0,0.0,0.583372048031338,0.583372048031338,,,,1.0
37,hexane_dipole,157,1.0,0.0,0.583372048031338,0.583372048031338,,,,1.0
37,hexane_dipole,158,1.0,0.0,0.583372048031338,0.583372048031338,,,,1.0
37,hexane_dipole,159,1.0,0.0,0.583372048031338,0.583372048031338,,,,1.0
37,hexane_dipole,160,1.0,0.0,0.583372048031338,0.583372048031338,,,,1.0
37,hexane_dipole,161,1.0,0.0,0.583372048031338,0.583372048031338,,,,1.0
37,hexane_dipole,162,1.0,0.0,0.583372048031338,0.583372048031338,,,,1.0
37,hexane_dipole,163,1.0,0.0,0.583372048031338,0.583372048031338,,,,1.0
37,hexane_dipole,164,1.0,0.0,0.583372048031338,0.583372048031338,,,,1.0
37,hexane_dipole,165,1.0,0.0,0.583372048031338,0.583372048031338,,,,1.0
37,hexane_dipole,166,1.0,0.0,0.583372048031338,0.583372048031338,,,,1.0
37,hexane_dipole,167,1.0,0.0,0.583372048031338,0.583372048031338,,,,1.0
37,hexane_dipole,168,1.0,0.0,0.583372048031338,0.583372048031338,,,,1.0
37,hexane_dipole,169,1.0,0.0,0.583372048031338,0.583372048031338,,,,1.0
37,hexane_dipole,170,1.0,0.0,0.583372048031338,0.583372048031338,,,,1.0
37,hexane_dipole,171,1.0,0.0,0.583372048031338,0.583372048031338,,,,1.0
37,hexane_dipole,172,1.0,0.0,0.583372048031338,0.583372048031338,,,,1.0
37,hexane_dipole,173,1.0,0.0,0.583372048031338,0.583372048031338,,,,1.0
37,hexane_dipole,174,1.0,0.0,0.583372048031338,0.583372048031338,,,,1.0
37,hexane_dipole,175,1.0,0.0,0.583372048031338,0.583372048031338,,,,1.0
37,hexane_dipole,176,1.0,0.0,0.583372048031338,0.583372048031338,,,,1.0
37,hexane_dipole,177,1.0,0.0,0.583372048031338,0.583372048031338,,,,1.0
37,hexane_dipole,178,1.0,0.0,0.583372048031338,0.583372048031338,,,,1.0
37,hexane_dipole,179,1.0,0.0,0.583372048031338,0.583372048031338,,,,1.0
37,hexane_dipole,180,1.0,0.0,0.583372048031338,0.583372048031338,,,,1.0
37,hexane_dipole,181,1.0,0.0,0.583372048031338,0.583372048031338,,,,1.0
37,hexane_dipole,182,1.0,0.0,0.583372048031338,0.583372048031338,,,,1.0
37,hexane_dipole,183,1.0,0.0,0.583372048031338,0.583372048031338,,,,1.0
37,hexane_dipole,184,1.0,0.0,0.583372048031338,0.583372048031338,,,,1.0
37,hexane_dipole,185,1.0,0.0,0.583372048031338,0.583372048031338,,,,1.0
37,hexane_dipole,186,1.0,0.0,0.583372048031338,0.583372048031338,,,,1.0
37,hexane_dipole,187,1.0,0.0,0.583372048031338,0.583372048031338,,,,1.0
37,hexane_dipole,188,1.0,0.0,0.583372048031338,0.583372048031338,,,,1.0
37,hexane_dipole,189,1.0,0.0,0.583372048031338,0.583372048031338,,,,1.0
37,hexane_dipole,190,1.0,0.0,0.583372048031338,0.583372048031338,,,,1.0
37,hexane_dipole,191,1.0,0.0,0.583372048031338,0.583372048031338,,,,1.0
37,hexane_dipole,192,1.0,0.0,0.583372048031338,0.583372048031338,,,,1.0
37,hexane_dipole,193,1.0,0.0,0.583372048031338,0.583372048031338,,,,1.0
37,hexane_dipole,194,1.0,0.0,0.583372048031338,0.583372048031338,,,,1.0
37,hexane_dipole,195,1.0,0.0,0.583372048031338,0.583372048031338,,,,1.0
37,hexane_dipole,196,1.0,0.0,0.583372048031338,0.583372048031338,,,,1.0
37,hexane_dipole,197,1.0,0.0,0.583372048031338,0.583372048031338,,,,1.0
37,hexane_dipole,198,1.0,0.0,0.583372048031338,0.583372048031338,,,,1.0
37,hexane_dipole,199,1.0,0.0,0.583372048031338,0.583372048031338,,,,1.0
37,hexane_dipole,200,1.0,0.0,0.583372048031338,0.583372048031338,,,,1.0
37,hexane_dipole,201,1.0,0.0,0.583372048031338,0.583372048031338,,,,1.0
37,hexane_dipole,202,1.0,0.0,0.583372048031338,0.583372048031338,,,,1.0
37,hexane_dipole,203,1.0,0.0,0.583372048031338,0.583372048031338,,,,1.0
37,hexane_dipole,204,1.0,0.0,0.583372048031338,0.583372048031338,,,,1.0
37,hexane_dipole,205,1.0,0.0,0.583372048031338,0.583372048031338,,,,1.0
37,hexane_dipole,206,1.0,0.0,0.583372048031338,0.583372048031338,,,,1.0
37,hexane_dipole,207,1.0,0.0,0.583372048031338,0.583372048031338,,,,1.0
37,hexane_dipole,208,1.0,0.0,0.583372048031338,0.583372048031338,,,,1.0
37,hexane_dipole,209,1.0,0.0,0.583372048031338,0.583372048031338,,,,1.0
37,hexane_dipole,210,1.0,0.0,0.583372048031338,0.583372048031338,,,,1.0
37,hexane_dipole,211,1.0,0.0,0.583372048031338,0.583372048031338,,,,1.0
37,hexane_dipole,212,1.0,0.0,0.583372048031338,0.583372048031338,,,,1.0
37,hexane_dipole,213,1.0,0.0,0.583372048031338,0.583372048031338,,,,1.0
37,hexane_dipole,214,1.0,0.0,0.583372048031338,0.583372048031338,,,,1.0
37,hexane_dipole,215,1.0,0.0,0.583372048031338,0.583372048031338,,,,1.0
37,hexane_dipole,216,1.0,0.0,0.583372048031338,0.583372048031338,,,,1.0
37,hexane_dipole,217,1.0,0.0,0.583372048031338,0.583372048031338,,,,1.0
37,hexane_dipole,218,1.0,0.0,0.583372048031338,0.583372048031338,,,,1.0
37,hexane_dipole,219,1.0,0.0,0.583372048031338,0.583372048031338,,,,1.0
37,hexane_dipole,220,1.0,0.0,0.583372048031338,0.583372048031338,,,,1.0
37,hexane_dipole,221,1.0,0.0,0.583372048031338,0.583372048031338,,,,1.0
37,hexane_dipole,222,1.0,0.0,0.583372048031338,0.583372048031338,,,,1.0
37,hexane_dipole,223,1.0,0.0,0.583372048031338,0.583372048031338,,,,1.0
37,hexane_dipole,224,1.0,0.0,0.583372048031338,0.583372048031338,,,,1.0
37,hexane_dipole,225,1.0,0.0,0.583372048031338,0.583372048031338,,,,1.0
37,hexane_dipole,226,1.0,0.0,0.583372048031338,0.583372048031338,,,,1.0
37,hexane_dipole,227,1.0,0.0,0.583372048031338,0.583372048031338,,,,1.0
37,hexane_dipole,228,1.0,0.0,0.583372048031338,0.583372048031338,,,,1.0
37,hexane_dipole,229,1.0,0.0,0.583372048031338,0.583372048031338,,,,1.0
37,hexane_dipole,230,1.0,0.0,0.583372048031338,0.583372048031338,,,,1.0
37,hexane_dipole,231,1.0,0.0,0.583372048031338,0.583372048031338,,,,1.0
37,hexane_dipole,232,1.0,0.0,0.583372048031338,0.583372048031338,,,,1.0
37,hexane_dipole,233,1.0,0.0,0.583372048031338,0.583372048031338,,,,1.0
37,hexane_dipole,234,1.0,0.0,0.583372048031338,0.583372048031338,,,,1.0
37,hexane_dipole,235,1.0,0.0,0.583372048031338,0.583372048031338,,,,1.0
37,hexane_dipole,236,1.0,0.0,0.583372048031338,0.583372048031338,,,,1.0
37,hexane_dipole,237,1.0,0.0,0.583372048031338,0.583372048031338,,,,1.0
37,hexane_dipole,238,1.0,0.0,0.583372048031338,0.583372048031338,,,,1.0
37,hexane_dipole,239,1.0,0.0,0.583372048031338,0.583372048031338,,,,1.0
37,hexane_dipole,240,1.0,0.0,0.583372048031338,0.583372048031338,,,,1.0
37,hexane_dipole,241,1.0,0.0,0.583372048031338,0.583372048031338,,,,1.0
37,hexane_dipole,242,1.0,0.0,0.583372048031338,0.583372048031338,,,,1.0
37,hexane_dipole,243,1.0,0.0,0.583372048031338,0.583372048031338,,,,1.0
37,hexane_dipole,244,1.0,0.0,0.583372048031338,0.583372048031338,,,,1.0
37,hexane_dipole,245,1.0,0.0,0.583372048031338,0.583372048031338,,,,1.0
37,hexane_dipole,246,1.0,0.0,0.583372048031338,0.583372048031338,,,,1.0
37,hexane_dipole,247,1.0,0.0,0.583372048031338,0.583372048031338,,,,1.0
37,hexane_dipole,248,1.0,0.0,0.583372048031338,0.583372048031338,,,,1.0
37,hexane_dipole,249,1.0,0.0,0.583372048031338,0.583372048031338,,,,1.0
38,sco_kcal,0,0.3512912392616272,0.1976509541273117,0.650393832238735,0.9773976756494613,46.803714752197266,2.7316184043884277,0.058363282035432625,0.36
38,sco_kcal,1,0.10744930058717728,3.3584065437316895,0.6352980995115851,0.981483863732596,738.9947509765625,1.0903264284133911,0.0014754183666021348,0.14
38,sco_kcal,2,0.2424650639295578,0.11227734386920929,0.6448635872365651,0.975706296517564,25.442779541015625,0.4815056622028351,0.01892504163810454,0.24
38,sco_kcal,3,0.3185877203941345,0.021635456010699272,0.6281588978143977,0.8981011801819669,4.738675594329834,1.3900063037872314,0.2933322351609116,0.12
38,sco_kcal,4,0.6139628291130066,0.02944730781018734,0.6233225547914794,0.884471581275776,6.234519958496094,4.4410319328308105,0.71232941146957,0.46
38,sco_kcal,5,0.12348374724388123,0.06687849014997482,0.5759223602177088,0.9321368256423845,12.517946243286133,0.6290861368179321,0.05025474024186162,0.02
38,sco_kcal,6,0.3230597674846649,0.04015171527862549,0.6262550107795561,0.907231662276212,8.891762733459473,2.5802910327911377,0.29018892093033133,0.14
38,sco_kcal,7,0.13070164620876312,0.07348161190748215,0.6140276272682395,0.9318247419632748,15.4119234085083,1.2829093933105469,0.0832413553653079,0.02
38,sco_kcal,8,0.10792458057403564,0.10743782669305801,0.5796046604299041,0.9115541309677513,20.839845657348633,1.9957244396209717,0.09576483782245436,0.02
38,sco_kcal,9,0.3078249990940094,0.053078990429639816,0.6066945705439666,0.8960910725404283,10.883392333984375,2.8957629203796387,0.2660717202427186,0.12
38,sco_kcal,10,0.059041038155555725,0.02152428589761257,0.6546496341552122,0.9451819229838256,5.013875484466553,0.19184933602809906,0.03826368178118223,0.02
38,sco_kcal,11,0.39382749795913696,0.030775388702750206,0.6149027114068968,0.919688111383735,6.579914569854736,2.532426118850708,0.3848721882276073,0.24
38,sco_kcal,12,0.625170111656189,0.019421348348259926,0.6581491918164901,0.8851909451517748,4.653799533843994,2.812291383743286,0.6043000699302491,0.38
38,sco_kcal,13,0.2571117579936981,0.055297575891017914,0.6454905347159714,0.9816212758138187,12.647881507873535,0.3460349142551422,0.02735912050090991,0.18
38,sco_kcal,14,0.2697127163410187,0.050179023295640945,0.5985853597073292,0.9092372005584415,10.110637664794922,1.7401922941207886,0.1721149893621557,0.1
38,sco_kcal,15,0.05451752990484238,0.10345299541950226,0.6023563576845139,0.9467180734814638,20.771854400634766,0.3062659204006195,0.014744274367302534,0.02
38,sco_kcal,16,0.44064047932624817,0.05057001858949661,0.6302363144148342,0.8900988623569412,11.201961517333984,4.948397159576416,0.4417438099496446,0.32
38,sco_kcal,17,0.25323253870010376,0.16621343791484833,0.6540217699775053,0.9761412111746692,39.29314422607422,1.5377017259597778,0.03913409721330946,0.18
38,sco_kcal,18,0.17807896435260773,0.048332978039979935,0.641169222157385,0.9793768713161062,10.944145202636719,0.46483278274536133,0.042473192208138055,0.12
38,sco_kcal,19,0.3278082311153412,0.024976877495646477,0.6183122751685932,0.9238491531471587,5.443772315979004,1.111432671546936,0.20416589949667224,0.1
38,sco_kcal,20,0.08373238146305084,0.016365842893719673,0.6162791945104684,0.9578911930409615,3.4996867179870605,0.06250401586294174,0.017859888869965087,0.04
38,sco_kcal,21,0.2525182068347931,0.1947999745607376,0.6449374034669515,0.9824283122060686,44.56028747558594,1.49722158908844,0.03359990866101908,0.34
38,sco_kcal,22,0.1921502649784088,0.018751662224531174,0.6440865002058191,0.9334106992806359,4.339024543762207,0.42686301469802856,0.09837764465095915,0.14
38,sco_kcal,23,0.4918198585510254,0.0271487794816494,0.6675244434672265,0.8926605098296383,6.634716033935547,3.5487465858459473,0.5348754291358752,0.22
38,sco_kcal,24,0.23785559833049774,0.02616247721016407,0.589312875041335,0.9235278917252947,5.304235458374023,0.6936228275299072,0.1307677294820793,0.16
38,sco_kcal,25,0.19241604208946228,0.0242769755423069,0.6204692534694134,0.9306888027973341,5.300686836242676,0.5581911206245422,0.105305432648462,0.04
38,sco_kcal,26,0.22252802550792694,0.09090497344732285,0.6210314873318874,0.8903128341427766,19.620512008666992,3.7057766914367676,0.18887257834045362,0.04
38,sco_kcal,27,0.40676501393318176,0.05038008838891983,0.5913129818857266,0.9059403720288386,9.860671043395996,4.308771133422852,0.43696530534892675,0.38
38,sco_kcal,28,0.22171325981616974,0.03551765903830528,0.6130975698024954,0.913955365773133,7.576572895050049,1.2810940742492676,0.16908622037890458,0.14
38,sco_kcal,29,0.15762190520763397,0.03592224791646004,0.6452633687030214,0.9684366527153034,8.187420845031738,0.23643720149993896,0.028878105324635042,0.08
38,sco_kcal,30,0.5371161699295044,0.025872016325592995,0.6376918254276918,0.9047717218983464,5.782655239105225,3.1127679347991943,0.5382938816322804,0.22
38,sco_kcal,31,0.15304024517536163,0.010136021301150322,0.6417996162450825,0.9594337316528263,2.3376903533935547,0.2723883092403412,0.11652026918146935,0.1
38,sco_kcal,32,0.2295079082250595,0.0607033409178257,0.6243716955442371,0.9340207542255243,12.982865333557129,1.3314576148986816,0.10255498926398247,0.12
38,sco_kcal,33,0.05674642324447632,0.016240006312727928,0.6134411240055395,0.9557119208190461,3.4757676124572754,0.14789485931396484,0.04255027257400765,0.06
38,sco_kcal,34,0.17164155840873718,0.029706379398703575,0.6344974956143903,0.9509457058283954,6.729400634765625,0.35704874992370605,0.05305803136153173,0.14
38,sco_kcal,35,0.13411758840084076,0.014947374351322651,0.6409212285777643,0.9568482914675593,3.441476583480835,0.14109984040260315,0.04099979673837839,0.08
38,sco_kcal,36,0.1282220035791397,0.17056810855865479,0.63622277095624,0.9273856904792459,38.288883209228516,1.4272345304489136,0.03727542855323909,0.02
38,sco_kcal,37,0.08675167709589005,0.06789317727088928,0.6086026120473982,0.9316863977766341,14.303526878356934,0.8135564923286438,0.056878034295140094,0.06
38,sco_kcal,38,0.1366170346736908,0.01107314508408308,0.6121607142872274,0.9553775850729149,2.443737506866455,0.0868852362036705,0.03555424261384003,0.12
38,sco_kcal,39,0.25748416781425476,0.04302872344851494,0.6516421224814728,0.9776772457736116,10.122426986694336,0.7023773789405823,0.06938823859770378,0.14
38,sco_kcal,40,0.1340724378824234,0.02823045291006565,0.588106222113852,0.9482156431361366,5.425652027130127,0.12434569746255875,0.02291811137920152,0.08
38,sco_kcal,41,0.17511104047298431,0.07988930493593216,0.6045129624258123,0.9221755937444021,16.171279907226562,2.00494647026062,0.12398192856489096,0.08
38,sco_kcal,42,0.09361617267131805,0.017100369557738304,0.6453024165059049,0.9543381811388489,3.9211418628692627,0.222005695104599,0.05661761366168685,0.02
38,sco_kcal,43,0.7976298332214355,0.020278900861740112,0.6559175708684177,0.890214900115258,4.423050880432129,5.1442060470581055,1.1630447367938757,0.62
38,sco_kcal,44,0.0792015865445137,0.05194249004125595,0.5942992972395817,0.9472326956259838,10.259636878967285,0.16569416224956512,0.016150100067307993,0.02
38,sco_kcal,45,0.2536510229110718,0.12044721841812134,0.5880232718162961,0.9448087194952186,23.293577194213867,2.990365982055664,0.12837727572381935,0.22
38,sco_kcal,46,0.6778202652931213,0.02156723476946354,0.6836132028767823,0.969701830868881,5.544801235198975,1.9685537815093994,0.3550269338804817,0.82
38,sco_kcal,47,0.3072623014450073,0.03707931563258171,0.6468805093375407,0.9727978044353194,8.647126197814941,0.8848052620887756,0.1023236208015975,0.18
38,sco_kcal,48,0.453694611787796,0.03216034173965454,0.6072782924846833,0.8944090012129278,6.753279685974121,3.24525785446167,0.4805454542630216,0.2
38,sco_kcal,49,0.4057481586933136,0.030821222811937332,0.6006290872598101,0.9104332113212168,6.332186698913574,2.1374175548553467,0.33754809459772683,0.18
38,sco_kcal,50,0.41147541999816895,0.04488286375999451,0.6040729567862677,0.9229858613424531,9.104762077331543,3.3145546913146973,0.3640462719577335,0.26
38,sco_kcal,51,0.3594590127468109,0.02630278840661049,0.6390634003257287,0.9319873577075017,5.936194896697998,2.0193755626678467,0.3401801318536765,0.08
38,sco_kcal,52,0.26118889451026917,0.023192273452878,0.6165861267962891,0.9301626588849197,4.777246952056885,0.6091211438179016,0.1275046381170727,0.18
38,sco_kcal,53,0.22027061879634857,0.10170275717973709,0.6342321767770054,0.9398820591248145,22.44244956970215,1.5517934560775757,0.06914545808638173,0.12
38,sco_kcal,54,0.19926472008228302,0.06032491847872734,0.5882025820716692,0.9228811540291479,11.832958221435547,1.8848057985305786,0.1592844125077895,0.06
38,sco_kcal,55,0.3723943531513214,0.05741114169359207,0.5896964674128256,0.8992267670922498,11.343866348266602,4.205676078796387,0.37074450189013686,0.18
38,sco_kcal,56,0.0677761435508728,0.07080911099910736,0.6063595809220728,0.9551779568591212,14.478569984436035,0.12114602327346802,0.008367264405510753,0.02
38,sco_kcal,57,0.1000344380736351,0.01762760616838932,0.6443815641700428,0.9600031093268424,4.072422981262207,0.21580013632774353,0.052990599778232866,0.02
38,sco_kcal,58,0.3197749853134155,0.07857869565486908,0.6034795019744759,0.9024723741346203,15.862366676330566,2.9178202152252197,0.18394608287419803,0.2
38,sco_kcal,59,0.20119759440422058,0.056198298931121826,0.587805935756516,0.9074064777816211,11.020283699035645,1.6838868856430054,0.1527988690336854,0.06
38,sco_kcal,60,0.6305417418479919,0.024928834289312363,0.6559125010693063,0.9031817827515207,5.810819149017334,4.118886947631836,0.708830690132282,0.5
38,sco_kcal,61,0.19563429057598114,0.023834150284528732,0.604842533051591,0.9459202234160933,4.977676868438721,0.2763019800186157,0.05550821946087464,0.12
38,sco_kcal,62,0.24257874488830566,0.02022767998278141,0.6158853181528261,0.9392790736095211,4.4024882316589355,0.45426249504089355,0.10318312534585002,0.1
38,sco_kcal,63,0.6215853691101074,0.030902406200766563,0.6668732283157763,0.8894589820509688,7.41878080368042,4.534714221954346,0.6112479047372174,0.42
38,sco_kcal,64,0.09724752604961395,0.019092189148068428,0.6266461141832744,0.9494536165480887,4.196288108825684,0.31405574083328247,0.07484131992099319,0.02
38,sco_kcal,65,0.2186513990163803,0.02374536730349064,0.604099859181829,0.9290108602043681,4.968221187591553,0.6567469239234924,0.13218955016812847,0.1
38,sco_kcal,66,0.11541693657636642,0.043322399258613586,0.6003320946487742,0.935935979660846,8.835297584533691,0.5578524470329285,0.06313906709938744,0.04
38,sco_kcal,67,0.1847706139087677,0.08395358920097351,0.5903536653361563,0.9072022165884117,16.661012649536133,2.8692703247070312,0.1722146417544984,0.0
38,sco_kcal,68,0.26761552691459656,0.030132364481687546,0.6380229713381191,0.9742931303821378,6.912077903747559,0.2948375940322876,0.04265542115380874,0.22
38,sco_kcal,69,0.2874147891998291,0.05380818247795105,0.6456105458720676,0.9672390481359641,12.315033912658691,0.7095772624015808,0.0576187826549306,0.36
38,sco_kcal,70,0.0998767539858818,0.029589787125587463,0.6371342688818571,0.9516616338637927,6.772923469543457,0.25890499353408813,0.03822647556824382,0.02
38,sco_kcal,71,0.29387715458869934,0.11221262067556381,0.6248690469646987,0.9053510578899091,23.782554626464844,6.896273136138916,0.28997192456628923,0.06
38,sco_kcal,72,0.5802266597747803,0.03108004480600357,0.620061728216484,0.8943040188546516,6.547662258148193,4.431943893432617,0.6768742367426351,0.4
38,sco_kcal,73,0.2782764434814453,0.06393352895975113,0.6220544647633894,0.8854812045542204,13.754962921142578,3.5726535320281982,0.2597355988896719,0.02
38,sco_kcal,74,0.5019906759262085,0.04902239516377449,0.6018700780521,0.9049719370634675,9.709662437438965,4.4639363288879395,0.4597416601915724,0.46
38,sco_kcal,75,0.1669091135263443,0.12690716981887817,0.6458885724647634,0.9752039303564459,28.799388885498047,0.6649499535560608,0.023089029986011155,0.12
38,sco_kcal,76,0.27957192063331604,0.022377073764801025,0.5878640284079661,0.926942552618506,4.420699596405029,1.1438767910003662,0.2587546984487663,0.14
38,sco_kcal,77,0.12942717969417572,0.03680582717061043,0.6451647270844161,0.964014868144236,8.386394500732422,0.23228834569454193,0.02769823738607278,0.12
38,sco_kcal,78,0.17471711337566376,0.04432704672217369,0.6151323317987356,0.924923600796727,9.436573028564453,0.841880202293396,0.08921461209964988,0.08
38,sco_kcal,79,0.5413533449172974,0.020614754408597946,0.6596872777680713,0.9581934749572887,4.834227561950684,1.855059266090393,0.38373436962116214,0.38
38,sco_kcal,80,0.79958575963974,0.023220689967274666,0.6829317384649227,0.8954531401229686,5.451373100280762,6.541255474090576,1.1999280463400464,0.7
38,sco_kcal,81,0.04297596961259842,0.10459131747484207,0.6179763784000172,0.9450370991261281,22.161645889282227,0.14966949820518494,0.00675353712232934,0.04
38,sco_kcal,82,0.13890866935253143,0.09188113361597061,0.5757412957776076,0.9097383726277388,17.389503479003906,1.528482437133789,0.08789684184941102,0.02
38,sco_kcal,83,0.37045302987098694,0.030248217284679413,0.5862829132175547,0.918023690375896,5.845366954803467,2.089564800262451,0.3574736738375917,0.28
38,sco_kcal,84,0.1006380096077919,0.01707961969077587,0.6441585332192408,0.9509740106891187,3.9264636039733887,0.23501452803611755,0.059853993756186705,0.04
38,sco_kcal,85,0.0383114367723465,0.08538885414600372,0.57353024604582,0.9647615376080807,15.858525276184082,0.06134401261806488,0.0038682041078680696,0.04
38,sco_kcal,86,0.17605069279670715,0.00812798272818327,0.6450981236091431,0.9424470793728954,1.9010549783706665,0.22412149608135223,0.11789322172756919,0.1
38,sco_kcal,87,0.6666572093963623,0.033738620579242706,0.6386668999342684,0.8837510443557484,7.2768964767456055,5.816380023956299,0.7992940455513415,0.44
38,sco_kcal,88,0.11509370803833008,0.020792517811059952,0.6679641159983791,0.9582967205006114,5.138633728027344,0.15917132794857025,0.030975418053326424,0.08
38,sco_kcal,89,0.2613486051559448,0.03280072659254074,0.6046138189294654,0.9092127672749621,6.830108165740967,1.009952187538147,0.14786767105738535,0.14
38,sco_kcal,90,0.2968258857727051,0.027950815856456757,0.5965270603912947,0.9260658517764688,5.77880859375,1.2409069538116455,0.21473404659114914,0.16
38,sco_kcal,91,0.21088050305843353,0.03280308097600937,0.59382463624851,0.9168795179867701,6.57576322555542,0.7831515073776245,0.11909667068516991,0.06
38,sco_kcal,92,0.5454483032226562,0.017484869807958603,0.6513190096606849,0.9080641477168208,3.977801561355591,2.245880603790283,0.5646034798741725,0.24
38,sco_kcal,93,0.05170753598213196,0.03128133341670036,0.5919803081559625,0.9616582446520192,6.257938861846924,0.09018369764089584,0.014411086402700914,0.06
38,sco_kcal,94,0.07785700261592865,0.020143214613199234,0.6457737318801258,0.9357908337376297,4.624476432800293,0.17489300668239594,0.03781898539733539,0.02
38,sco_kcal,95,0.22909854352474213,0.08897776901721954,0.6013063270547803,0.9094398883292563,17.94924545288086,1.9626903533935547,0.10934667747153362,0.14
38,sco_kcal,96,0.2734660804271698,0.07747268676757812,0.5884627588423605,0.8975198903792134,14.965082168579102,3.4104621410369873,0.22789464853040647,0.1
38,sco_kcal,97,0.1279955953359604,0.028381893411278725,0.6108691694977932,0.9458792079323837,5.882517337799072,0.39849206805229187,0.0677417583611214,0.02
38,sco_kcal,98,0.6267281770706177,0.02396555431187153,0.6607048747548259,0.8840235817469599,5.643214702606201,3.980025053024292,0.7052762056326158,0.34
38,sco_kcal,99,0.28086403012275696,0.02876654639840126,0.62032641558651,0.9068535057714684,6.206871032714844,1.4844709634780884,0.23916574964322898,0.1
38,sco_kcal,100,0.19161300361156464,0.13623134791851044,0.6464568397235422,0.9779362610741686,31.099863052368164,1.0616151094436646,0.034135684380861786,0.16
38,sco_kcal,101,0.48041003942489624,0.020328694954514503,0.6031819160429579,0.9168764094366761,4.215529441833496,1.7352046966552734,0.41162200871750193,0.4
38,sco_kcal,102,0.3313102722167969,0.048667822033166885,0.6503311206681384,0.9671962241134366,11.324650764465332,0.6840142607688904,0.06040047282651763,0.3
38,sco_kcal,103,0.5240693092346191,0.01891038380563259,0.628852805130311,0.9040081915958684,4.1971917152404785,2.053297758102417,0.48920752193583633,0.26
38,sco_kcal,104,0.1955413967370987,0.5653135180473328,0.6454713339966331,0.9804609629954115,128.69920349121094,5.084927082061768,0.03951016746120752,0.2
38,sco_kcal,105,0.6420917510986328,0.030235417187213898,0.6137754589818982,0.9169265447855854,6.1996283531188965,4.475412368774414,0.7218839765649715,0.56
38,sco_kcal,106,0.06495977938175201,0.035576075315475464,0.6033603875772577,0.9498160280737697,7.277976036071777,0.1602936089038849,0.02202447605067987,0.04
38,sco_kcal,107,0.5569360256195068,0.02285822667181492,0.6379069878830719,0.8899840618554087,5.117837905883789,2.8154799938201904,0.5501307477095625,0.2
38,sco_kcal,108,0.254647821187973,0.09428172558546066,0.5936417127068683,0.8910524581480355,18.86029052734375,4.977463245391846,0.2639123314763096,0.12
38,sco_kcal,109,0.29334667325019836,0.06521221995353699,0.6465278377527501,0.9799052296046642,15.14341926574707,0.513833224773407,0.03393112319987385,0.26
38,sco_kcal,110,0.33886927366256714,0.020349860191345215,0.6498861269709253,0.9105624239812016,4.774791240692139,1.1895095109939575,0.24912283093271528,0.16
38,sco_kcal,111,0.1938083916902542,0.0255130585283041,0.6303358732000912,0.9373210870012283,5.712197303771973,0.8144672513008118,0.1425838793703763,0.08
38,sco_kcal,112,0.03983556479215622,0.051602352410554886,0.5934345022068201,0.9551723502454752,9.842386245727539,0.058452922850847244,0.005938897477857156,0.02
38,sco_kcal,113,0.5169755220413208,0.020080367103219032,0.6449654319774254,0.9043277587012004,4.634242057800293,2.2352709770202637,0.48233798518527665,0.28
38,sco_kcal,114,0.24093258380889893,0.015612554736435413,0.6460566903390108,0.9489499248732529,3.646040439605713,0.3184466063976288,0.08734039341375653,0.16
38,sco_kcal,115,0.12995858490467072,0.03364107385277748,0.5773333305194115,0.9575783198077432,6.370456218719482,0.15504281222820282,0.02433778789227246,0.1
38,sco_kcal,116,0.3238154351711273,0.017010746523737907,0.6507740074863522,0.9347142246334008,3.9820830821990967,0.7757365107536316,0.19480671164832472,0.16
38,sco_kcal,117,0.7351211309432983,0.020294148474931717,0.6864774404753207,0.9016622362489763,4.795507431030273,4.80997896194458,1.0030177267207774,0.58
38,sco_kcal,118,0.07455664873123169,0.08657471090555191,0.629926957516775,0.93216651143628,18.82176399230957,0.940049946308136,0.04994483761948313,0.04
38,sco_kcal,119,0.07610068470239639,0.12950152158737183,0.6453932433461187,0.9209004923586346,29.7362060546875,2.097559928894043,0.07053892231700458,0.1
38,sco_kcal,120,0.33478012681007385,0.027599390596151352,0.6233827344994798,0.9061161186488571,6.123797416687012,1.3178236484527588,0.21519713321374115,0.14
38,sco_kcal,121,0.3636721670627594,0.02867741882801056,0.6370560662703812,0.9500758496757002,6.415695667266846,1.2609361410140991,0.19653926969252133,0.34
38,sco_kcal,122,0.2496209740638733,0.055586136877536774,0.6247314593324833,0.9018620222133438,12.103915214538574,2.603428840637207,0.21508981139508543,0.02
38,sco_kcal,123,0.6155136227607727,0.0245126374065876,0.6384455707905057,0.8850489175656042,5.515132904052734,3.877840995788574,0.7031273884513256,0.38
38,sco_kcal,124,0.2061404436826706,0.03972082957625389,0.593321945693202,0.9413043795967129,7.934046268463135,0.43512946367263794,0.0548433231858282,0.1
38,sco_kcal,125,0.06387587636709213,0.061098579317331314,0.601039939000251,0.9469912014458293,12.307524681091309,0.15842966735363007,0.012872585792741396,0.06
38,sco_kcal,126,0.26577818393707275,0.03824661672115326,0.6040291491933387,0.9261135647285248,7.897735118865967,1.4575477838516235,0.18455262957222504,0.06
38,sco_kcal,127,0.22592982649803162,0.2864570915699005,0.6456349039574798,0.9874880027271169,64.99099731445312,1.2375117540359497,0.019041279641368786,0.2
38,sco_kcal,128,0.3196101486682892,0.06838121265172958,0.5730174323838435,0.8850853292928091,12.88061237335205,3.6307766437530518,0.28187919475509987,0.1
38,sco_kcal,129,0.8914600014686584,0.009349503554403782,0.6868026368345452,0.8990136661583916,2.445270538330078,3.277057647705078,1.3401615879865152,0.88
38,sco_kcal,130,0.44612255692481995,0.020089320838451385,0.6567757339633777,0.9414103507146359,4.660294532775879,1.739051342010498,0.37316339767363194,0.32
38,sco_kcal,131,0.18315862119197845,0.04637160524725914,0.5979969846015758,0.9201947946712499,9.323841094970703,1.037570595741272,0.1112814541960544,0.06
38,sco_kcal,132,0.5414823293685913,0.03512600436806679,0.6447253063763327,0.8770456620634395,7.935665607452393,4.410773754119873,0.5558164837462041,0.18
38,sco_kcal,133,0.12472141534090042,0.03778766840696335,0.6010995928718823,0.9501866435606561,7.703357696533203,0.21477185189723969,0.027880290693744494,0.1
38,sco_kcal,134,0.7344961166381836,0.017047090455889702,0.6852677390232833,0.935419459145177,4.038064956665039,3.1687052249908447,0.7847088293517245,0.74
38,sco_kcal,135,0.25390714406967163,0.12365692108869553,0.64596055982162,0.9768477287209665,28.101213455200195,0.5579835772514343,0.019856209346297043,0.22
38,sco_kcal,136,0.0710863471031189,0.06734996289014816,0.6202070896813967,0.9599126967358462,14.234378814697266,0.06992186605930328,0.004912182468202099,0.02
38,sco_kcal,137,0.2584590017795563,0.026915904134511948,0.6027031754180712,0.9299039897202113,5.642955303192139,0.757750928401947,0.13428263873954455,0.12
38,sco_kcal,138,0.13123607635498047,0.106905996799469,0.6030107458054541,0.9287558048045588,21.609689712524414,2.248603582382202,0.10405533870664371,0.04
38,sco_kcal,139,0.18582527339458466,0.02971615083515644,0.6429025243444402,0.9347784185854946,6.84597635269165,0.853961706161499,0.12473921354194346,0.1
38,sco_kcal,140,0.35820847749710083,0.030586622655391693,0.6416112041025672,0.943886159139739,6.906967639923096,1.0848641395568848,0.15706807909251533,0.28
38,sco_kcal,141,0.7967947125434875,0.016620464622974396,0.6833384022828155,0.9079182064272919,3.9556851387023926,4.225558280944824,1.0682241211773897,0.7
38,sco_kcal,142,0.35943135619163513,0.052387334406375885,0.5899581217917755,0.9152842934474987,10.314165115356445,3.3733606338500977,0.32706094929851415,0.16
38,sco_kcal,143,0.29452264308929443,0.031337205320596695,0.6028948970463961,0.9239763427468617,6.481740474700928,1.531463623046875,0.23627351774178182,0.1
38,sco_kcal,144,0.2806302309036255,0.07897748798131943,0.5925155006488156,0.8911650514266447,15.776987075805664,3.7039589881896973,0.23476972950493158,0.1
38,sco_kcal,145,0.0836113691329956,0.01787562295794487,0.6440310377665648,0.9524857585570914,4.079765319824219,0.12895506620407104,0.03160845198067109,0.04
38,sco_kcal,146,0.6722776889801025,0.01890072599053383,0.6680568549930623,0.8863715178439839,4.586477279663086,3.8035576343536377,0.8292982614825118,0.58
38,sco_kcal,147,0.28758564591407776,0.0282184649258852,0.6132935426439783,0.9274791098748556,6.014642238616943,1.2621458768844604,0.20984554472431743,0.08
38,sco_kcal,148,0.18890540301799774,0.093421071767807,0.6242150473891503,0.9000796277628664,20.368099212646484,2.5616941452026367,0.12576991689102188,0.06
38,sco_kcal,149,0.37475159764289856,0.033081844449043274,0.590129492457308,0.9322098084903301,6.631658554077148,1.583385705947876,0.2387616450751086,0.28
38,sco_kcal,150,0.20354628562927246,0.05720152333378792,0.6478383556018177,0.9743128278506563,13.229423522949219,0.5129631757736206,0.0387744163518371,0.14
38,sco_kcal,151,0.6700064539909363,0.021909110248088837,0.6612955803334359,0.8911771478226536,5.151645183563232,3.8231732845306396,0.7421266698896118,0.56
38,sco_kcal,152,0.3274483382701874,0.03344031795859337,0.6491369972771908,0.903150842835339,7.608247756958008,1.9542388916015625,0.25685794601185835,0.14
38,sco_kcal,153,0.2954087555408478,0.1162070482969284,0.6470594888524666,0.9815808490638394,26.911100387573242,0.9802254438400269,0.036424576837172595,0.26
38,sco_kcal,154,0.18650250136852264,0.14195756614208221,0.5767979049768763,0.8921231996777879,26.890657424926758,4.442121982574463,0.16519201863978086,0.0
38,sco_kcal,155,0.3095398545265198,0.028681769967079163,0.6488421528139388,0.9388250675049259,6.739941596984863,1.3958886861801147,0.20710694092728793,0.12
38,sco_kcal,156,0.23796510696411133,0.04393099993467331,0.5902129059418189,0.916468714935883,8.740240097045898,1.7855697870254517,0.20429299048992416,0.08
38,sco_kcal,157,0.3693794012069702,0.01655910350382328,0.6333183005720517,0.9333518652963564,3.80511736869812,1.056422472000122,0.2776320332956157,0.12
38,sco_kcal,158,0.31180867552757263,0.06689365953207016,0.6549670033819426,0.976147134939547,15.853567123413086,0.584640383720398,0.0368775291497004,0.18
38,sco_kcal,159,0.2111750990152359,0.06683021038770676,0.5993856108488342,0.9366576026513598,13.382577896118164,2.365659475326538,0.1767715827017705,0.06
38,sco_kcal,160,0.311265766620636,0.026844849810004234,0.6003127579827776,0.9136888935724974,5.56117057800293,1.3403618335723877,0.24102152861020937,0.14
38,sco_kcal,161,0.37240880727767944,0.02984846755862236,0.6166000296702079,0.899134889257627,6.468379497528076,1.945868730545044,0.3008278551511499,0.12
38,sco_kcal,162,0.6129945516586304,0.024476978927850723,0.6271707723801745,0.8951972044876713,5.167489051818848,3.54026460647583,0.685103455657972,0.44
38,sco_kcal,163,0.43328434228897095,0.030450375750660896,0.6171414853385329,0.9115940863079435,6.429080009460449,2.6325700283050537,0.4094784983903145,0.18
38,sco_kcal,164,0.18411536514759064,0.059421952813863754,0.607768383938271,0.9123319506097509,12.180155754089355,1.7959619760513306,0.14744983662859612,0.12
38,sco_kcal,165,0.49657487869262695,0.01882842741906643,0.6578170246143309,0.9537947218166389,4.406492710113525,1.5018497705459595,0.3408265641967366,0.48
38,sco_kcal,166,0.31945616006851196,0.0422317311167717,0.6100460508163408,0.930047783554558,8.652764320373535,1.6632555723190308,0.19222245177795724,0.18
38,sco_kcal,167,0.4239638149738312,0.034999314695596695,0.5878151826471378,0.8947053756819938,6.902398586273193,3.195951223373413,0.46302038102076637,0.24
38,sco_kcal,168,0.32662129402160645,0.03050696663558483,0.6459200920713846,0.9106231696058869,6.871158123016357,2.066538095474243,0.3007554270293895,0.22
38,sco_kcal,169,0.11365413665771484,0.044484492391347885,0.601261435957738,0.938134137735678,8.89702320098877,0.36283937096595764,0.04078210911326313,0.06
38,sco_kcal,170,0.7408115863800049,0.016420364379882812,0.6730502675346826,0.8909353469663699,4.008025169372559,3.8074615001678467,0.949959478613726,0.56
38,sco_kcal,171,0.8800913095474243,0.00748872198164463,0.7234710148188934,0.9018984952939169,1.8091603517532349,2.9267213344573975,1.6177235653109179,0.76
38,sco_kcal,172,0.0731690302491188,0.052141740918159485,0.598720206992241,0.9531427561738386,10.466750144958496,0.07474643737077713,0.007141322410068242,0.02
38,sco_kcal,173,0.2461000233888626,0.0249397661536932,0.5885597818999859,0.930888693150755,5.013265132904053,0.4330088794231415,0.08637262700931814,0.1
38,sco_kcal,174,0.16609008610248566,0.1128777340054512,0.6178123222206513,0.9132080933822015,24.15340805053711,3.9352965354919434,0.16292924490233304,0.02
38,sco_kcal,175,0.0883646309375763,0.07640282064676285,0.5905065096970223,0.9473000640920781,14.937938690185547,0.3427550494670868,0.022945270868749923,0.06
38,sco_kcal,176,0.1296711266040802,0.0355115570127964,0.5829251478126316,0.9410225492245401,6.9547505378723145,0.2325194627046585,0.03343318519312324,0.06
38,sco_kcal,177,0.2163061797618866,0.034365154802799225,0.6094555097602428,0.9279496914441201,7.200629711151123,0.8843196630477905,0.12281143434973543,0.1
38,sco_kcal,178,0.4932154715061188,0.03638717532157898,0.6073975869541184,0.9012051875018001,7.490199565887451,3.651240587234497,0.48746906609315316,0.26
38,sco_kcal,179,0.07624105364084244,0.04826974496245384,0.6374160937020357,0.9515683418081802,10.655314445495605,0.1684112399816513,0.01580537494628748,0.1
38,sco_kcal,180,0.42631232738494873,0.044950295239686966,0.6088217125512485,0.9066200707657337,9.229955673217773,3.7337656021118164,0.4045269267051789,0.18
38,sco_kcal,181,0.31353962421417236,0.07117676734924316,0.6290351008331385,0.917758466600292,15.116761207580566,3.513047933578491,0.23239422025247122,0.12
38,sco_kcal,182,0.40332645177841187,0.04387413337826729,0.6069409297694033,0.9071432807448496,8.97985553741455,3.406928300857544,0.37939678279484385,0.18
38,sco_kcal,183,0.45603877305984497,0.027170808985829353,0.6535541999533454,0.9372482806605404,6.254698276519775,2.13055682182312,0.34063302938548773,0.4
38,sco_kcal,184,0.08648031949996948,0.018470430746674538,0.6402742791003113,0.9635457112955366,4.218008041381836,0.10089921206235886,0.023921057302987946,0.02
38,sco_kcal,185,0.26999375224113464,0.046325791627168655,0.6571992793834553,0.9743766978496191,11.350522994995117,0.8407176733016968,0.07406862870304756,0.18
38,sco_kcal,186,0.06122530996799469,0.02936563640832901,0.6340660121463426,0.9444621715543917,6.507376194000244,0.16522088646888733,0.025389785613012483,0.02
38,sco_kcal,187,0.08472158759832382,0.06373686343431473,0.6238542021556104,0.9419712288210469,13.748357772827148,0.3333602249622345,0.024247275963468314,0.06
38,sco_kcal,188,0.19116181135177612,0.04215403273701668,0.5976392958738979,0.9194991714984964,8.501185417175293,1.0424875020980835,0.12262848660986776,0.08
38,sco_kcal,189,0.33484360575675964,0.25267651677131653,0.6570718414442254,0.9810420667753486,60.207481384277344,3.42045521736145,0.05681113274827457,0.3
38,sco_kcal,190,0.04204103723168373,0.04192392900586128,0.6267666189932228,0.9700223032946462,9.187545776367188,0.06415078043937683,0.006982363081595709,0.02
38,sco_kcal,191,0.032206181436777115,0.11371911317110062,0.6318110105909696,0.9507307262311799,24.73991584777832,0.10659767687320709,0.004308732395416766,0.0
38,sco_kcal,192,0.1561926305294037,0.057787977159023285,0.6457316700346747,0.9744218450285049,13.152899742126465,0.35877591371536255,0.02727732444932012,0.12
38,sco_kcal,193,0.7151259779930115,0.019570698961615562,0.6730126506866263,0.9137486203152645,4.708184719085693,3.9986751079559326,0.8493029365960085,0.6
38,sco_kcal,194,0.2274896651506424,0.04600401967763901,0.5954165821273238,0.9142994817509882,9.283766746520996,1.2938554286956787,0.13936750717918875,0.06
38,sco_kcal,195,0.3654654026031494,0.04452148824930191,0.626244835757273,0.8931883012799724,9.591644287109375,3.3714141845703125,0.35149491407863215,0.12
38,sco_kcal,196,0.1629657745361328,0.027435095980763435,0.6105440793217602,0.9351837847166855,5.768833160400391,0.6698536276817322,0.11611596471187259,0.1
38,sco_kcal,197,0.6858000755310059,0.020503243431448936,0.6526301645523582,0.8958601733234015,4.621031284332275,3.8236823081970215,0.8274521579547219,0.54
38,sco_kcal,198,0.45660680532455444,0.027933577075600624,0.6165696467105057,0.91402555570769,5.9042558670043945,2.5818493366241455,0.4372861533750031,0.18
38,sco_kcal,199,0.5928893685340881,0.02823680080473423,0.6381371750090097,0.8810618345686354,6.270907878875732,3.7456305027008057,0.5973027470740543,0.38
38,sco_kcal,200,0.7644557952880859,0.018373938277363777,0.669863016294783,0.8891475673359674,4.386950969696045,4.7323198318481445,1.0787264012152908,0.62
38,sco_kcal,201,0.7055957913398743,0.022013075649738312,0.6683853440863341,0.9017776914560987,5.164654731750488,4.470417022705078,0.8655790667326744,0.56
38,sco_kcal,202,0.2987078130245209,0.024518337100744247,0.6040634906776463,0.9188323878488318,5.149661540985107,0.9401727914810181,0.1825698221132349,0.16
38,sco_kcal,203,0.15832196176052094,0.3384894132614136,0.6462990823397594,0.9758845424297591,76.70616912841797,1.8837400674819946,0.024557869189482308,0.14
38,sco_kcal,204,0.0498141348361969,0.061795271933078766,0.6238909155991983,0.951292864706309,13.582062721252441,0.15922139585018158,0.011722917138428537,0.02
38,sco_kcal,205,0.044813454151153564,0.0247865729033947,0.648075434494207,0.9597863628481165,5.727850437164307,0.14139825105667114,0.0246860934320543,0.02
38,sco_kcal,206,0.32268285751342773,0.12278387695550919,0.6206589542051606,0.895187628181958,25.625974655151367,8.198204040527344,0.3199177456018958,0.08
38,sco_kcal,207,0.19957883656024933,0.03212369605898857,0.5979447058267036,0.9206028979743102,6.56399393081665,1.063339352607727,0.16199578546463297,0.02
38,sco_kcal,208,0.5430290699005127,0.02761722542345524,0.6196415547608973,0.896837380075969,5.837411403656006,3.087351083755493,0.5288904396599264,0.24
38,sco_kcal,209,0.22416144609451294,0.03240159526467323,0.631504483108809,0.9235004386753789,7.2353644371032715,0.9244681000709534,0.12777077203329798,0.12
38,sco_kcal,210,0.04905641824007034,0.06426694244146347,0.5750811941061806,0.9578834762895718,11.947005271911621,0.0510813444852829,0.004275660998106302,0.08
38,sco_kcal,211,0.07217121869325638,0.06561483442783356,0.6421583614133763,0.9574376024641351,14.926325798034668,0.46443092823028564,0.031114886175902492,0.08
38,sco_kcal,212,0.5047252774238586,0.03484919294714928,0.6273017014865436,0.8901766693029294,7.4420599937438965,4.052371025085449,0.5445227569371975,0.24
38,sco_kcal,213,0.23185235261917114,0.01863565668463707,0.6433048594452735,0.9593130676105357,4.3175740242004395,0.7621404528617859,0.1765205294894567,0.06
38,sco_kcal,214,0.09636244922876358,0.009569773450493813,0.6443097507083355,0.9552404672492714,2.220069169998169,0.13515934348106384,0.06088069025397768,0.02
38,sco_kcal,215,0.5550267696380615,0.03247777000069618,0.6564518306739136,0.9149763897686967,7.43172025680542,5.026756763458252,0.6763920855141338,0.28
38,sco_kcal,216,0.20729100704193115,0.04674256965517998,0.6292425661914987,0.9398673230473356,10.042988777160645,0.6397992372512817,0.06370605916699688,0.08
38,sco_kcal,217,0.24059104919433594,0.043984055519104004,0.599734275189701,0.9245928983164922,8.883055686950684,1.3329702615737915,0.1500576275269715,0.14
38,sco_kcal,218,0.049352653324604034,0.021208643913269043,0.6491110823471933,0.9601322600475815,4.888112545013428,0.10637682676315308,0.021762352192907796,0.02
38,sco_kcal,219,0.041995830833911896,0.05357138812541962,0.5930111188297804,0.960337222153254,10.472723960876465,0.06729836016893387,0.006426060728836555,0.02
38,sco_kcal,220,0.12975743412971497,0.02719559147953987,0.6007361733101579,0.948046045064312,5.6102728843688965,0.13719205558300018,0.024453722378681233,0.06
38,sco_kcal,221,0.09860804677009583,0.01986675150692463,0.6373389515677486,0.9515617079184531,4.493720054626465,0.1003124788403511,0.02232281442122221,0.06
38,sco_kcal,222,0.09862318634986877,0.1239570677280426,0.6430476197152664,0.9367309415356437,28.148727416992188,0.6190759539604187,0.021993035237064,0.06
38,sco_kcal,223,0.3187902569770813,0.022185802459716797,0.6397689205347397,0.9147334186011069,5.098196983337402,1.113161563873291,0.21834416510610946,0.04
38,sco_kcal,224,0.8448255658149719,0.023705441504716873,0.7001732762671922,0.9328589940170735,5.492803573608398,6.949434280395508,1.2651889308013615,0.82
38,sco_kcal,225,0.39958029985427856,0.029105624184012413,0.6268785957324663,0.9182837035364089,6.371883392333984,2.3491146564483643,0.3686688082325212,0.14
38,sco_kcal,226,0.6348912715911865,0.019975570961833,0.6204461787984146,0.8835305433376124,4.284587383270264,3.0517446994781494,0.712261047911892,0.42
38,sco_kcal,227,0.5692195892333984,0.013967926613986492,0.6103141779116439,0.8972460361718242,3.028093099594116,1.5706297159194946,0.518686072145543,0.44
38,sco_kcal,228,0.3787359297275543,0.03956173360347748,0.6654704591277993,0.9224705066478531,9.269184112548828,3.0210490226745605,0.3259239417398773,0.16
38,sco_kcal,229,0.14000745117664337,0.04024515673518181,0.6440587054055162,0.960364400962425,9.164514541625977,0.21053987741470337,0.022973380254722058,0.14
38,sco_kcal,230,0.2856304347515106,0.03628378361463547,0.6105749477001636,0.9339470829476919,7.562775135040283,1.2652759552001953,0.16730313047889606,0.12
38,sco_kcal,231,0.28277328610420227,0.039206091314554214,0.6233822027908682,0.9059159359880391,8.477298736572266,2.1325576305389404,0.25156098620646516,0.08
38,sco_kcal,232,0.3471912145614624,0.027148418128490448,0.6433568138971764,0.9379738696444218,6.1548075675964355,1.7366684675216675,0.28216454348058,0.18
38,sco_kcal,233,0.4090108275413513,0.027305522933602333,0.6337506280196088,0.8807948817323186,6.211024761199951,2.3253962993621826,0.3743981691860013,0.18
38,sco_kcal,234,0.08533301949501038,0.014283373020589352,0.6261417527445714,0.9636346888920535,3.1465225219726562,0.1946149319410324,0.061850798963619696,0.02
38,sco_kcal,235,0.580877959728241,0.010343407280743122,0.6636114122492192,0.9200384768646637,2.4238336086273193,1.4643641710281372,0.6041521026096528,0.34
38,sco_kcal,236,0.0388798825442791,0.09872116148471832,0.6166085618932899,0.9534515574533655,20.552446365356445,0.14120018482208252,0.006870237358219893,0.08
38,sco_kcal,237,0.22465986013412476,0.028805628418922424,0.6462018224914048,0.9593176353201145,6.597123622894287,0.38810276985168457,0.05882908855987396,0.18
38,sco_kcal,238,0.3228000998497009,0.0450640544295311,0.5884554283020622,0.89586844938666,8.945501327514648,2.2258851528167725,0.2488273235140412,0.18
38,sco_kcal,239,0.3644348978996277,0.015232364647090435,0.6421641264191595,0.9328311498158348,3.606344223022461,0.7597274780273438,0.2106641604473961,0.16
38,sco_kcal,240,0.1829792559146881,0.030103882774710655,0.6295885251351712,0.9290096176416012,6.654172897338867,0.560401201248169,0.08421801024621471,0.08
38,sco_kcal,241,0.6339466571807861,0.028763337060809135,0.6455225692260098,0.8796191467526475,6.424655437469482,4.444332599639893,0.6917620163285221,0.26
38,sco_kcal,242,0.1282334327697754,0.026059549301862717,0.5945491752368721,0.9433696789500048,5.304111480712891,0.4695146083831787,0.08851899325465805,0.02
38,sco_kcal,243,0.04948411509394646,0.03468027710914612,0.6414032219066561,0.9633499498437059,7.846174240112305,0.09029518812894821,0.011508180339321114,0.02
38,sco_kcal,244,0.3299206495285034,0.02947918511927128,0.6109222394957836,0.9267518417733562,6.148232936859131,1.3571499586105347,0.22073821414187417,0.12
38,sco_kcal,245,0.12584194540977478,0.020990407094359398,0.6245509428341598,0.9454419710288235,4.621232986450195,0.15105563402175903,0.03268730108710502,0.08
38,sco_kcal,246,0.08011277765035629,0.08820687234401703,0.6113529123609649,0.9206233915504742,18.509235382080078,0.38384461402893066,0.020738004898924894,0.02
38,sco_kcal,247,0.1612866222858429,0.02090255729854107,0.6448255252338286,0.959313280389902,4.84015417098999,0.1476570963859558,0.030506692797298743,0.14
38,sco_kcal,248,0.5709208250045776,0.026679273694753647,0.6073670570048391,0.9070780489933137,5.421263217926025,3.1624789237976074,0.5833472378431119,0.5
38,sco_kcal,249,0.6642811298370361,0.019099583849310875,0.6681033844066615,0.8861566409082096,4.498693466186523,3.4999542236328125,0.7779934885405012,0.34
38,water_gsolv_eV,0,1.0,0.0,0.6646023591767563,0.6646023591767563,,,,1.0
38,water_gsolv_eV,1,1.0,0.0,0.6646023591767563,0.6646023591767563,,,,1.0
38,water_gsolv_eV,2,1.0,0.0,0.6646023591767563,0.6646023591767563,,,,1.0
38,water_gsolv_eV,3,1.0,0.0,0.6646023591767563,0.6646023591767563,,,,1.0
38,water_gsolv_eV,4,1.0,0.0,0.6646023591767563,0.6646023591767563,,,,1.0
38,water_gsolv_eV,5,1.0,0.0,0.6646023591767563,0.6646023591767563,,,,1.0
38,water_gsolv_eV,6,1.0,0.0,0.6646023591767563,0.6646023591767563,,,,1.0
38,water_gsolv_eV,7,1.0,0.0,0.6646023591767563,0.6646023591767563,,,,1.0
38,water_gsolv_eV,8,1.0,0.0,0.6646023591767563,0.6646023591767563,,,,1.0
38,water_gsolv_eV,9,1.0,0.0,0.6646023591767563,0.6646023591767563,,,,1.0
38,water_gsolv_eV,10,1.0,0.0,0.6646023591767563,0.6646023591767563,,,,1.0
38,water_gsolv_eV,11,1.0,0.0,0.6646023591767563,0.6646023591767563,,,,1.0
38,water_gsolv_eV,12,1.0,0.0,0.6646023591767563,0.6646023591767563,,,,1.0
38,water_gsolv_eV,13,1.0,0.0,0.6646023591767563,0.6646023591767563,,,,1.0
38,water_gsolv_eV,14,1.0,0.0,0.6646023591767563,0.6646023591767563,,,,1.0
38,water_gsolv_eV,15,1.0,0.0,0.6646023591767563,0.6646023591767563,,,,1.0
38,water_gsolv_eV,16,1.0,0.0,0.6646023591767563,0.6646023591767563,,,,1.0
38,water_gsolv_eV,17,1.0,0.0,0.6646023591767563,0.6646023591767563,,,,1.0
38,water_gsolv_eV,18,1.0,0.0,0.6646023591767563,0.6646023591767563,,,,1.0
38,water_gsolv_eV,19,1.0,0.0,0.6646023591767563,0.6646023591767563,,,,1.0
38,water_gsolv_eV,20,1.0,0.0,0.6646023591767563,0.6646023591767563,,,,1.0
38,water_gsolv_eV,21,1.0,0.0,0.6646023591767563,0.6646023591767563,,,,1.0
38,water_gsolv_eV,22,1.0,0.0,0.6646023591767563,0.6646023591767563,,,,1.0
38,water_gsolv_eV,23,1.0,0.0,0.6646023591767563,0.6646023591767563,,,,1.0
38,water_gsolv_eV,24,1.0,0.0,0.6646023591767563,0.6646023591767563,,,,1.0
38,water_gsolv_eV,25,1.0,0.0,0.6646023591767563,0.6646023591767563,,,,1.0
38,water_gsolv_eV,26,1.0,0.0,0.6646023591767563,0.6646023591767563,,,,1.0
38,water_gsolv_eV,27,1.0,0.0,0.6646023591767563,0.6646023591767563,,,,1.0
38,water_gsolv_eV,28,1.0,0.0,0.6646023591767563,0.6646023591767563,,,,1.0
38,water_gsolv_eV,29,1.0,0.0,0.6646023591767563,0.6646023591767563,,,,1.0
38,water_gsolv_eV,30,1.0,0.0,0.6646023591767563,0.6646023591767563,,,,1.0
38,water_gsolv_eV,31,1.0,0.0,0.6646023591767563,0.6646023591767563,,,,1.0
38,water_gsolv_eV,32,1.0,0.0,0.6646023591767563,0.6646023591767563,,,,1.0
38,water_gsolv_eV,33,1.0,0.0,0.6646023591767563,0.6646023591767563,,,,1.0
38,water_gsolv_eV,34,1.0,0.0,0.6646023591767563,0.6646023591767563,,,,1.0
38,water_gsolv_eV,35,1.0,0.0,0.6646023591767563,0.6646023591767563,,,,1.0
38,water_gsolv_eV,36,1.0,0.0,0.6646023591767563,0.6646023591767563,,,,1.0
38,water_gsolv_eV,37,1.0,0.0,0.6646023591767563,0.6646023591767563,,,,1.0
38,water_gsolv_eV,38,1.0,0.0,0.6646023591767563,0.6646023591767563,,,,1.0
38,water_gsolv_eV,39,1.0,0.0,0.6646023591767563,0.6646023591767563,,,,1.0
38,water_gsolv_eV,40,1.0,0.0,0.6646023591767563,0.6646023591767563,,,,1.0
38,water_gsolv_eV,41,1.0,0.0,0.6646023591767563,0.6646023591767563,,,,1.0
38,water_gsolv_eV,42,1.0,0.0,0.6646023591767563,0.6646023591767563,,,,1.0
38,water_gsolv_eV,43,1.0,0.0,0.6646023591767563,0.6646023591767563,,,,1.0
38,water_gsolv_eV,44,1.0,0.0,0.6646023591767563,0.6646023591767563,,,,1.0
38,water_gsolv_eV,45,1.0,0.0,0.6646023591767563,0.6646023591767563,,,,1.0
38,water_gsolv_eV,46,1.0,0.0,0.6646023591767563,0.6646023591767563,,,,1.0
38,water_gsolv_eV,47,1.0,0.0,0.6646023591767563,0.6646023591767563,,,,1.0
38,water_gsolv_eV,48,1.0,0.0,0.6646023591767563,0.6646023591767563,,,,1.0
38,water_gsolv_eV,49,1.0,0.0,0.6646023591767563,0.6646023591767563,,,,1.0
38,water_gsolv_eV,50,1.0,0.0,0.6646023591767563,0.6646023591767563,,,,1.0
38,water_gsolv_eV,51,1.0,0.0,0.6646023591767563,0.6646023591767563,,,,1.0
38,water_gsolv_eV,52,1.0,0.0,0.6646023591767563,0.6646023591767563,,,,1.0
38,water_gsolv_eV,53,1.0,0.0,0.6646023591767563,0.6646023591767563,,,,1.0
38,water_gsolv_eV,54,1.0,0.0,0.6646023591767563,0.6646023591767563,,,,1.0
38,water_gsolv_eV,55,1.0,0.0,0.6646023591767563,0.6646023591767563,,,,1.0
38,water_gsolv_eV,56,1.0,0.0,0.6646023591767563,0.6646023591767563,,,,1.0
38,water_gsolv_eV,57,1.0,0.0,0.6646023591767563,0.6646023591767563,,,,1.0
38,water_gsolv_eV,58,1.0,0.0,0.6646023591767563,0.6646023591767563,,,,1.0
38,water_gsolv_eV,59,1.0,0.0,0.6646023591767563,0.6646023591767563,,,,1.0
38,water_gsolv_eV,60,1.0,0.0,0.6646023591767563,0.6646023591767563,,,,1.0
38,water_gsolv_eV,61,1.0,0.0,0.6646023591767563,0.6646023591767563,,,,1.0
38,water_gsolv_eV,62,1.0,0.0,0.6646023591767563,0.6646023591767563,,,,1.0
38,water_gsolv_eV,63,1.0,0.0,0.6646023591767563,0.6646023591767563,,,,1.0
38,water_gsolv_eV,64,1.0,0.0,0.6646023591767563,0.6646023591767563,,,,1.0
38,water_gsolv_eV,65,1.0,0.0,0.6646023591767563,0.6646023591767563,,,,1.0
38,water_gsolv_eV,66,1.0,0.0,0.6646023591767563,0.6646023591767563,,,,1.0
38,water_gsolv_eV,67,1.0,0.0,0.6646023591767563,0.6646023591767563,,,,1.0
38,water_gsolv_eV,68,1.0,0.0,0.6646023591767563,0.6646023591767563,,,,1.0
38,water_gsolv_eV,69,1.0,0.0,0.6646023591767563,0.6646023591767563,,,,1.0
38,water_gsolv_eV,70,1.0,0.0,0.6646023591767563,0.6646023591767563,,,,1.0
38,water_gsolv_eV,71,1.0,0.0,0.6646023591767563,0.6646023591767563,,,,1.0
38,water_gsolv_eV,72,1.0,0.0,0.6646023591767563,0.6646023591767563,,,,1.0
38,water_gsolv_eV,73,1.0,0.0,0.6646023591767563,0.6646023591767563,,,,1.0
38,water_gsolv_eV,74,1.0,0.0,0.6646023591767563,0.6646023591767563,,,,1.0
38,water_gsolv_eV,75,1.0,0.0,0.6646023591767563,0.6646023591767563,,,,1.0
38,water_gsolv_eV,76,1.0,0.0,0.6646023591767563,0.6646023591767563,,,,1.0
38,water_gsolv_eV,77,1.0,0.0,0.6646023591767563,0.6646023591767563,,,,1.0
38,water_gsolv_eV,78,1.0,0.0,0.6646023591767563,0.6646023591767563,,,,1.0
38,water_gsolv_eV,79,1.0,0.0,0.6646023591767563,0.6646023591767563,,,,1.0
38,water_gsolv_eV,80,1.0,0.0,0.6646023591767563,0.6646023591767563,,,,1.0
38,water_gsolv_eV,81,1.0,0.0,0.6646023591767563,0.6646023591767563,,,,1.0
38,water_gsolv_eV,82,1.0,0.0,0.6646023591767563,0.6646023591767563,,,,1.0
38,water_gsolv_eV,83,1.0,0.0,0.6646023591767563,0.6646023591767563,,,,1.0
38,water_gsolv_eV,84,1.0,0.0,0.6646023591767563,0.6646023591767563,,,,1.0
38,water_gsolv_eV,85,1.0,0.0,0.6646023591767563,0.6646023591767563,,,,1.0
38,water_gsolv_eV,86,1.0,0.0,0.6646023591767563,0.6646023591767563,,,,1.0
38,water_gsolv_eV,87,1.0,0.0,0.6646023591767563,0.6646023591767563,,,,1.0
38,water_gsolv_eV,88,1.0,0.0,0.6646023591767563,0.6646023591767563,,,,1.0
38,water_gsolv_eV,89,1.0,0.0,0.6646023591767563,0.6646023591767563,,,,1.0
38,water_gsolv_eV,90,1.0,0.0,0.6646023591767563,0.6646023591767563,,,,1.0
38,water_gsolv_eV,91,1.0,0.0,0.6646023591767563,0.6646023591767563,,,,1.0
38,water_gsolv_eV,92,1.0,0.0,0.6646023591767563,0.6646023591767563,,,,1.0
38,water_gsolv_eV,93,1.0,0.0,0.6646023591767563,0.6646023591767563,,,,1.0
38,water_gsolv_eV,94,1.0,0.0,0.6646023591767563,0.6646023591767563,,,,1.0
38,water_gsolv_eV,95,1.0,0.0,0.6646023591767563,0.6646023591767563,,,,1.0
38,water_gsolv_eV,96,1.0,0.0,0.6646023591767563,0.6646023591767563,,,,1.0
38,water_gsolv_eV,97,1.0,0.0,0.6646023591767563,0.6646023591767563,,,,1.0
38,water_gsolv_eV,98,1.0,0.0,0.6646023591767563,0.6646023591767563,,,,1.0
38,water_gsolv_eV,99,1.0,0.0,0.6646023591767563,0.6646023591767563,,,,1.0
38,water_gsolv_eV,100,1.0,0.0,0.6646023591767563,0.6646023591767563,,,,1.0
38,water_gsolv_eV,101,1.0,0.0,0.6646023591767563,0.6646023591767563,,,,1.0
38,water_gsolv_eV,102,1.0,0.0,0.6646023591767563,0.6646023591767563,,,,1.0
38,water_gsolv_eV,103,1.0,0.0,0.6646023591767563,0.6646023591767563,,,,1.0
38,water_gsolv_eV,104,1.0,0.0,0.6646023591767563,0.6646023591767563,,,,1.0
38,water_gsolv_eV,105,1.0,0.0,0.6646023591767563,0.6646023591767563,,,,1.0
38,water_gsolv_eV,106,1.0,0.0,0.6646023591767563,0.6646023591767563,,,,1.0
38,water_gsolv_eV,107,1.0,0.0,0.6646023591767563,0.6646023591767563,,,,1.0
38,water_gsolv_eV,108,1.0,0.0,0.6646023591767563,0.6646023591767563,,,,1.0
38,water_gsolv_eV,109,1.0,0.0,0.6646023591767563,0.6646023591767563,,,,1.0
38,water_gsolv_eV,110,1.0,0.0,0.6646023591767563,0.6646023591767563,,,,1.0
38,water_gsolv_eV,111,1.0,0.0,0.6646023591767563,0.6646023591767563,,,,1.0
38,water_gsolv_eV,112,1.0,0.0,0.6646023591767563,0.6646023591767563,,,,1.0
38,water_gsolv_eV,113,1.0,0.0,0.6646023591767563,0.6646023591767563,,,,1.0
38,water_gsolv_eV,114,1.0,0.0,0.6646023591767563,0.6646023591767563,,,,1.0
38,water_gsolv_eV,115,1.0,0.0,0.6646023591767563,0.6646023591767563,,,,1.0
38,water_gsolv_eV,116,1.0,0.0,0.6646023591767563,0.6646023591767563,,,,1.0
38,water_gsolv_eV,117,1.0,0.0,0.6646023591767563,0.6646023591767563,,,,1.0
38,water_gsolv_eV,118,1.0,0.0,0.6646023591767563,0.6646023591767563,,,,1.0
38,water_gsolv_eV,119,1.0,0.0,0.6646023591767563,0.6646023591767563,,,,1.0
38,water_gsolv_eV,120,1.0,0.0,0.6646023591767563,0.6646023591767563,,,,1.0
38,water_gsolv_eV,121,1.0,0.0,0.6646023591767563,0.6646023591767563,,,,1.0
38,water_gsolv_eV,122,1.0,0.0,0.6646023591767563,0.6646023591767563,,,,1.0
38,water_gsolv_eV,123,1.0,0.0,0.6646023591767563,0.6646023591767563,,,,1.0
38,water_gsolv_eV,124,1.0,0.0,0.6646023591767563,0.6646023591767563,,,,1.0
38,water_gsolv_eV,125,1.0,0.0,0.6646023591767563,0.6646023591767563,,,,1.0
38,water_gsolv_eV,126,1.0,0.0,0.6646023591767563,0.6646023591767563,,,,1.0
38,water_gsolv_eV,127,1.0,0.0,0.6646023591767563,0.6646023591767563,,,,1.0
38,water_gsolv_eV,128,1.0,0.0,0.6646023591767563,0.6646023591767563,,,,1.0
38,water_gsolv_eV,129,1.0,0.0,0.6646023591767563,0.6646023591767563,,,,1.0
38,water_gsolv_eV,130,1.0,0.0,0.6646023591767563,0.6646023591767563,,,,1.0
38,water_gsolv_eV,131,1.0,0.0,0.6646023591767563,0.6646023591767563,,,,1.0
38,water_gsolv_eV,132,1.0,0.0,0.6646023591767563,0.6646023591767563,,,,1.0
38,water_gsolv_eV,133,1.0,0.0,0.6646023591767563,0.6646023591767563,,,,1.0
38,water_gsolv_eV,134,1.0,0.0,0.6646023591767563,0.6646023591767563,,,,1.0
38,water_gsolv_eV,135,1.0,0.0,0.6646023591767563,0.6646023591767563,,,,1.0
38,water_gsolv_eV,136,1.0,0.0,0.6646023591767563,0.6646023591767563,,,,1.0
38,water_gsolv_eV,137,1.0,0.0,0.6646023591767563,0.6646023591767563,,,,1.0
38,water_gsolv_eV,138,1.0,0.0,0.6646023591767563,0.6646023591767563,,,,1.0
38,water_gsolv_eV,139,1.0,0.0,0.6646023591767563,0.6646023591767563,,,,1.0
38,water_gsolv_eV,140,1.0,0.0,0.6646023591767563,0.6646023591767563,,,,1.0
38,water_gsolv_eV,141,1.0,0.0,0.6646023591767563,0.6646023591767563,,,,1.0
38,water_gsolv_eV,142,1.0,0.0,0.6646023591767563,0.6646023591767563,,,,1.0
38,water_gsolv_eV,143,1.0,0.0,0.6646023591767563,0.6646023591767563,,,,1.0
38,water_gsolv_eV,144,1.0,0.0,0.6646023591767563,0.6646023591767563,,,,1.0
38,water_gsolv_eV,145,1.0,0.0,0.6646023591767563,0.6646023591767563,,,,1.0
38,water_gsolv_eV,146,1.0,0.0,0.6646023591767563,0.6646023591767563,,,,1.0
38,water_gsolv_eV,147,1.0,0.0,0.6646023591767563,0.6646023591767563,,,,1.0
38,water_gsolv_eV,148,1.0,0.0,0.6646023591767563,0.6646023591767563,,,,1.0
38,water_gsolv_eV,149,1.0,0.0,0.6646023591767563,0.6646023591767563,,,,1.0
38,water_gsolv_eV,150,1.0,0.0,0.6646023591767563,0.6646023591767563,,,,1.0
38,water_gsolv_eV,151,1.0,0.0,0.6646023591767563,0.6646023591767563,,,,1.0
38,water_gsolv_eV,152,1.0,0.0,0.6646023591767563,0.6646023591767563,,,,1.0
38,water_gsolv_eV,153,1.0,0.0,0.6646023591767563,0.6646023591767563,,,,1.0
38,water_gsolv_eV,154,1.0,0.0,0.6646023591767563,0.6646023591767563,,,,1.0
38,water_gsolv_eV,155,1.0,0.0,0.6646023591767563,0.6646023591767563,,,,1.0
38,water_gsolv_eV,156,1.0,0.0,0.6646023591767563,0.6646023591767563,,,,1.0
38,water_gsolv_eV,157,1.0,0.0,0.6646023591767563,0.6646023591767563,,,,1.0
38,water_gsolv_eV,158,1.0,0.0,0.6646023591767563,0.6646023591767563,,,,1.0
38,water_gsolv_eV,159,1.0,0.0,0.6646023591767563,0.6646023591767563,,,,1.0
38,water_gsolv_eV,160,1.0,0.0,0.6646023591767563,0.6646023591767563,,,,1.0
38,water_gsolv_eV,161,1.0,0.0,0.6646023591767563,0.6646023591767563,,,,1.0
38,water_gsolv_eV,162,1.0,0.0,0.6646023591767563,0.6646023591767563,,,,1.0
38,water_gsolv_eV,163,1.0,0.0,0.6646023591767563,0.6646023591767563,,,,1.0
38,water_gsolv_eV,164,1.0,0.0,0.6646023591767563,0.6646023591767563,,,,1.0
38,water_gsolv_eV,165,1.0,0.0,0.6646023591767563,0.6646023591767563,,,,1.0
38,water_gsolv_eV,166,1.0,0.0,0.6646023591767563,0.6646023591767563,,,,1.0
38,water_gsolv_eV,167,1.0,0.0,0.6646023591767563,0.6646023591767563,,,,1.0
38,water_gsolv_eV,168,1.0,0.0,0.6646023591767563,0.6646023591767563,,,,1.0
38,water_gsolv_eV,169,1.0,0.0,0.6646023591767563,0.6646023591767563,,,,1.0
38,water_gsolv_eV,170,1.0,0.0,0.6646023591767563,0.6646023591767563,,,,1.0
38,water_gsolv_eV,171,1.0,0.0,0.6646023591767563,0.6646023591767563,,,,1.0
38,water_gsolv_eV,172,1.0,0.0,0.6646023591767563,0.6646023591767563,,,,1.0
38,water_gsolv_eV,173,1.0,0.0,0.6646023591767563,0.6646023591767563,,,,1.0
38,water_gsolv_eV,174,1.0,0.0,0.6646023591767563,0.6646023591767563,,,,1.0
38,water_gsolv_eV,175,1.0,0.0,0.6646023591767563,0.6646023591767563,,,,1.0
38,water_gsolv_eV,176,1.0,0.0,0.6646023591767563,0.6646023591767563,,,,1.0
38,water_gsolv_eV,177,1.0,0.0,0.6646023591767563,0.6646023591767563,,,,1.0
38,water_gsolv_eV,178,1.0,0.0,0.6646023591767563,0.6646023591767563,,,,1.0
38,water_gsolv_eV,179,1.0,0.0,0.6646023591767563,0.6646023591767563,,,,1.0
38,water_gsolv_eV,180,1.0,0.0,0.6646023591767563,0.6646023591767563,,,,1.0
38,water_gsolv_eV,181,1.0,0.0,0.6646023591767563,0.6646023591767563,,,,1.0
38,water_gsolv_eV,182,1.0,0.0,0.6646023591767563,0.6646023591767563,,,,1.0
38,water_gsolv_eV,183,1.0,0.0,0.6646023591767563,0.6646023591767563,,,,1.0
38,water_gsolv_eV,184,1.0,0.0,0.6646023591767563,0.6646023591767563,,,,1.0
38,water_gsolv_eV,185,1.0,0.0,0.6646023591767563,0.6646023591767563,,,,1.0
38,water_gsolv_eV,186,1.0,0.0,0.6646023591767563,0.6646023591767563,,,,1.0
38,water_gsolv_eV,187,1.0,0.0,0.6646023591767563,0.6646023591767563,,,,1.0
38,water_gsolv_eV,188,1.0,0.0,0.6646023591767563,0.6646023591767563,,,,1.0
38,water_gsolv_eV,189,1.0,0.0,0.6646023591767563,0.6646023591767563,,,,1.0
38,water_gsolv_eV,190,1.0,0.0,0.6646023591767563,0.6646023591767563,,,,1.0
38,water_gsolv_eV,191,1.0,0.0,0.6646023591767563,0.6646023591767563,,,,1.0
38,water_gsolv_eV,192,1.0,0.0,0.6646023591767563,0.6646023591767563,,,,1.0
38,water_gsolv_eV,193,1.0,0.0,0.6646023591767563,0.6646023591767563,,,,1.0
38,water_gsolv_eV,194,1.0,0.0,0.6646023591767563,0.6646023591767563,,,,1.0
38,water_gsolv_eV,195,1.0,0.0,0.6646023591767563,0.6646023591767563,,,,1.0
38,water_gsolv_eV,196,1.0,0.0,0.6646023591767563,0.6646023591767563,,,,1.0
38,water_gsolv_eV,197,1.0,0.0,0.6646023591767563,0.6646023591767563,,,,1.0
38,water_gsolv_eV,198,1.0,0.0,0.6646023591767563,0.6646023591767563,,,,1.0
38,water_gsolv_eV,199,1.0,0.0,0.6646023591767563,0.6646023591767563,,,,1.0
38,water_gsolv_eV,200,1.0,0.0,0.6646023591767563,0.6646023591767563,,,,1.0
38,water_gsolv_eV,201,1.0,0.0,0.6646023591767563,0.6646023591767563,,,,1.0
38,water_gsolv_eV,202,1.0,0.0,0.6646023591767563,0.6646023591767563,,,,1.0
38,water_gsolv_eV,203,1.0,0.0,0.6646023591767563,0.6646023591767563,,,,1.0
38,water_gsolv_eV,204,1.0,0.0,0.6646023591767563,0.6646023591767563,,,,1.0
38,water_gsolv_eV,205,1.0,0.0,0.6646023591767563,0.6646023591767563,,,,1.0
38,water_gsolv_eV,206,1.0,0.0,0.6646023591767563,0.6646023591767563,,,,1.0
38,water_gsolv_eV,207,1.0,0.0,0.6646023591767563,0.6646023591767563,,,,1.0
38,water_gsolv_eV,208,1.0,0.0,0.6646023591767563,0.6646023591767563,,,,1.0
38,water_gsolv_eV,209,1.0,0.0,0.6646023591767563,0.6646023591767563,,,,1.0
38,water_gsolv_eV,210,1.0,0.0,0.6646023591767563,0.6646023591767563,,,,1.0
38,water_gsolv_eV,211,1.0,0.0,0.6646023591767563,0.6646023591767563,,,,1.0
38,water_gsolv_eV,212,1.0,0.0,0.6646023591767563,0.6646023591767563,,,,1.0
38,water_gsolv_eV,213,1.0,0.0,0.6646023591767563,0.6646023591767563,,,,1.0
38,water_gsolv_eV,214,1.0,0.0,0.6646023591767563,0.6646023591767563,,,,1.0
38,water_gsolv_eV,215,1.0,0.0,0.6646023591767563,0.6646023591767563,,,,1.0
38,water_gsolv_eV,216,1.0,0.0,0.6646023591767563,0.6646023591767563,,,,1.0
38,water_gsolv_eV,217,1.0,0.0,0.6646023591767563,0.6646023591767563,,,,1.0
38,water_gsolv_eV,218,1.0,0.0,0.6646023591767563,0.6646023591767563,,,,1.0
38,water_gsolv_eV,219,1.0,0.0,0.6646023591767563,0.6646023591767563,,,,1.0
38,water_gsolv_eV,220,1.0,0.0,0.6646023591767563,0.6646023591767563,,,,1.0
38,water_gsolv_eV,221,1.0,0.0,0.6646023591767563,0.6646023591767563,,,,1.0
38,water_gsolv_eV,222,1.0,0.0,0.6646023591767563,0.6646023591767563,,,,1.0
38,water_gsolv_eV,223,1.0,0.0,0.6646023591767563,0.6646023591767563,,,,1.0
38,water_gsolv_eV,224,1.0,0.0,0.6646023591767563,0.6646023591767563,,,,1.0
38,water_gsolv_eV,225,1.0,0.0,0.6646023591767563,0.6646023591767563,,,,1.0
38,water_gsolv_eV,226,1.0,0.0,0.6646023591767563,0.6646023591767563,,,,1.0
38,water_gsolv_eV,227,1.0,0.0,0.6646023591767563,0.6646023591767563,,,,1.0
38,water_gsolv_eV,228,1.0,0.0,0.6646023591767563,0.6646023591767563,,,,1.0
38,water_gsolv_eV,229,1.0,0.0,0.6646023591767563,0.6646023591767563,,,,1.0
38,water_gsolv_eV,230,1.0,0.0,0.6646023591767563,0.6646023591767563,,,,1.0
38,water_gsolv_eV,231,1.0,0.0,0.6646023591767563,0.6646023591767563,,,,1.0
38,water_gsolv_eV,232,1.0,0.0,0.6646023591767563,0.6646023591767563,,,,1.0
38,water_gsolv_eV,233,1.0,0.0,0.6646023591767563,0.6646023591767563,,,,1.0
38,water_gsolv_eV,234,1.0,0.0,0.6646023591767563,0.6646023591767563,,,,1.0
38,water_gsolv_eV,235,1.0,0.0,0.6646023591767563,0.6646023591767563,,,,1.0
38,water_gsolv_eV,236,1.0,0.0,0.6646023591767563,0.6646023591767563,,,,1.0
38,water_gsolv_eV,237,1.0,0.0,0.6646023591767563,0.6646023591767563,,,,1.0
38,water_gsolv_eV,238,1.0,0.0,0.6646023591767563,0.6646023591767563,,,,1.0
38,water_gsolv_eV,239,1.0,0.0,0.6646023591767563,0.6646023591767563,,,,1.0
38,water_gsolv_eV,240,1.0,0.0,0.6646023591767563,0.6646023591767563,,,,1.0
38,water_gsolv_eV,241,1.0,0.0,0.6646023591767563,0.6646023591767563,,,,1.0
38,water_gsolv_eV,242,1.0,0.0,0.6646023591767563,0.6646023591767563,,,,1.0
38,water_gsolv_eV,243,1.0,0.0,0.6646023591767563,0.6646023591767563,,,,1.0
38,water_gsolv_eV,244,1.0,0.0,0.6646023591767563,0.6646023591767563,,,,1.0
38,water_gsolv_eV,245,1.0,0.0,0.6646023591767563,0.6646023591767563,,,,1.0
38,water_gsolv_eV,246,1.0,0.0,0.6646023591767563,0.6646023591767563,,,,1.0
38,water_gsolv_eV,247,1.0,0.0,0.6646023591767563,0.6646023591767563,,,,1.0
38,water_gsolv_eV,248,1.0,0.0,0.6646023591767563,0.6646023591767563,,,,1.0
38,water_gsolv_eV,249,1.0,0.0,0.6646023591767563,0.6646023591767563,,,,1.0
38,water_hl_gap_eV,0,1.0000001192092896,0.0,0.7125552307427625,0.7125552307427625,,,,1.0
38,water_hl_gap_eV,1,1.0000001192092896,0.0,0.7125552307427625,0.7125552307427625,,,,1.0
38,water_hl_gap_eV,2,1.0000001192092896,0.0,0.7125552307427625,0.7125552307427625,,,,1.0
38,water_hl_gap_eV,3,1.0000001192092896,0.0,0.7125552307427625,0.7125552307427625,,,,1.0
38,water_hl_gap_eV,4,1.0000001192092896,0.0,0.7125552307427625,0.7125552307427625,,,,1.0
38,water_hl_gap_eV,5,1.0000001192092896,0.0,0.7125552307427625,0.7125552307427625,,,,1.0
38,water_hl_gap_eV,6,1.0000001192092896,0.0,0.7125552307427625,0.7125552307427625,,,,1.0
38,water_hl_gap_eV,7,1.0000001192092896,0.0,0.7125552307427625,0.7125552307427625,,,,1.0
38,water_hl_gap_eV,8,1.0000001192092896,0.0,0.7125552307427625,0.7125552307427625,,,,1.0
38,water_hl_gap_eV,9,1.0000001192092896,0.0,0.7125552307427625,0.7125552307427625,,,,1.0
38,water_hl_gap_eV,10,1.0000001192092896,0.0,0.7125552307427625,0.7125552307427625,,,,1.0
38,water_hl_gap_eV,11,1.0000001192092896,0.0,0.7125552307427625,0.7125552307427625,,,,1.0
38,water_hl_gap_eV,12,1.0000001192092896,0.0,0.7125552307427625,0.7125552307427625,,,,1.0
38,water_hl_gap_eV,13,1.0000001192092896,0.0,0.7125552307427625,0.7125552307427625,,,,1.0
38,water_hl_gap_eV,14,1.0000001192092896,0.0,0.7125552307427625,0.7125552307427625,,,,1.0
38,water_hl_gap_eV,15,1.0000001192092896,0.0,0.7125552307427625,0.7125552307427625,,,,1.0
38,water_hl_gap_eV,16,1.0000001192092896,0.0,0.7125552307427625,0.7125552307427625,,,,1.0
38,water_hl_gap_eV,17,1.0000001192092896,0.0,0.7125552307427625,0.7125552307427625,,,,1.0
38,water_hl_gap_eV,18,1.0000001192092896,0.0,0.7125552307427625,0.7125552307427625,,,,1.0
38,water_hl_gap_eV,19,1.0000001192092896,0.0,0.7125552307427625,0.7125552307427625,,,,1.0
38,water_hl_gap_eV,20,1.0000001192092896,0.0,0.7125552307427625,0.7125552307427625,,,,1.0
38,water_hl_gap_eV,21,1.0000001192092896,0.0,0.7125552307427625,0.7125552307427625,,,,1.0
38,water_hl_gap_eV,22,1.0000001192092896,0.0,0.7125552307427625,0.7125552307427625,,,,1.0
38,water_hl_gap_eV,23,1.0000001192092896,0.0,0.7125552307427625,0.7125552307427625,,,,1.0
38,water_hl_gap_eV,24,1.0000001192092896,0.0,0.7125552307427625,0.7125552307427625,,,,1.0
38,water_hl_gap_eV,25,1.0000001192092896,0.0,0.7125552307427625,0.7125552307427625,,,,1.0
38,water_hl_gap_eV,26,1.0000001192092896,0.0,0.7125552307427625,0.7125552307427625,,,,1.0
38,water_hl_gap_eV,27,1.0000001192092896,0.0,0.7125552307427625,0.7125552307427625,,,,1.0
38,water_hl_gap_eV,28,1.0000001192092896,0.0,0.7125552307427625,0.7125552307427625,,,,1.0
38,water_hl_gap_eV,29,1.0000001192092896,0.0,0.7125552307427625,0.7125552307427625,,,,1.0
38,water_hl_gap_eV,30,1.0000001192092896,0.0,0.7125552307427625,0.7125552307427625,,,,1.0
38,water_hl_gap_eV,31,1.0000001192092896,0.0,0.7125552307427625,0.7125552307427625,,,,1.0
38,water_hl_gap_eV,32,1.0000001192092896,0.0,0.7125552307427625,0.7125552307427625,,,,1.0
38,water_hl_gap_eV,33,1.0000001192092896,0.0,0.7125552307427625,0.7125552307427625,,,,1.0
38,water_hl_gap_eV,34,1.0000001192092896,0.0,0.7125552307427625,0.7125552307427625,,,,1.0
38,water_hl_gap_eV,35,1.0000001192092896,0.0,0.7125552307427625,0.7125552307427625,,,,1.0
38,water_hl_gap_eV,36,1.0000001192092896,0.0,0.7125552307427625,0.7125552307427625,,,,1.0
38,water_hl_gap_eV,37,1.0000001192092896,0.0,0.7125552307427625,0.7125552307427625,,,,1.0
38,water_hl_gap_eV,38,1.0000001192092896,0.0,0.7125552307427625,0.7125552307427625,,,,1.0
38,water_hl_gap_eV,39,1.0000001192092896,0.0,0.7125552307427625,0.7125552307427625,,,,1.0
38,water_hl_gap_eV,40,1.0000001192092896,0.0,0.7125552307427625,0.7125552307427625,,,,1.0
38,water_hl_gap_eV,41,1.0000001192092896,0.0,0.7125552307427625,0.7125552307427625,,,,1.0
38,water_hl_gap_eV,42,1.0000001192092896,0.0,0.7125552307427625,0.7125552307427625,,,,1.0
38,water_hl_gap_eV,43,1.0000001192092896,0.0,0.7125552307427625,0.7125552307427625,,,,1.0
38,water_hl_gap_eV,44,1.0000001192092896,0.0,0.7125552307427625,0.7125552307427625,,,,1.0
38,water_hl_gap_eV,45,1.0000001192092896,0.0,0.7125552307427625,0.7125552307427625,,,,1.0
38,water_hl_gap_eV,46,1.0000001192092896,0.0,0.7125552307427625,0.7125552307427625,,,,1.0
38,water_hl_gap_eV,47,1.0000001192092896,0.0,0.7125552307427625,0.7125552307427625,,,,1.0
38,water_hl_gap_eV,48,1.0000001192092896,0.0,0.7125552307427625,0.7125552307427625,,,,1.0
38,water_hl_gap_eV,49,1.0000001192092896,0.0,0.7125552307427625,0.7125552307427625,,,,1.0
38,water_hl_gap_eV,50,1.0000001192092896,0.0,0.7125552307427625,0.7125552307427625,,,,1.0
38,water_hl_gap_eV,51,1.0000001192092896,0.0,0.7125552307427625,0.7125552307427625,,,,1.0
38,water_hl_gap_eV,52,1.0000001192092896,0.0,0.7125552307427625,0.7125552307427625,,,,1.0
38,water_hl_gap_eV,53,1.0000001192092896,0.0,0.7125552307427625,0.7125552307427625,,,,1.0
38,water_hl_gap_eV,54,1.0000001192092896,0.0,0.7125552307427625,0.7125552307427625,,,,1.0
38,water_hl_gap_eV,55,1.0000001192092896,0.0,0.7125552307427625,0.7125552307427625,,,,1.0
38,water_hl_gap_eV,56,1.0000001192092896,0.0,0.7125552307427625,0.7125552307427625,,,,1.0
38,water_hl_gap_eV,57,1.0000001192092896,0.0,0.7125552307427625,0.7125552307427625,,,,1.0
38,water_hl_gap_eV,58,1.0000001192092896,0.0,0.7125552307427625,0.7125552307427625,,,,1.0
38,water_hl_gap_eV,59,1.0000001192092896,0.0,0.7125552307427625,0.7125552307427625,,,,1.0
38,water_hl_gap_eV,60,1.0000001192092896,0.0,0.7125552307427625,0.7125552307427625,,,,1.0
38,water_hl_gap_eV,61,1.0000001192092896,0.0,0.7125552307427625,0.7125552307427625,,,,1.0
38,water_hl_gap_eV,62,1.0000001192092896,0.0,0.7125552307427625,0.7125552307427625,,,,1.0
38,water_hl_gap_eV,63,1.0000001192092896,0.0,0.7125552307427625,0.7125552307427625,,,,1.0
38,water_hl_gap_eV,64,1.0000001192092896,0.0,0.7125552307427625,0.7125552307427625,,,,1.0
38,water_hl_gap_eV,65,1.0000001192092896,0.0,0.7125552307427625,0.7125552307427625,,,,1.0
38,water_hl_gap_eV,66,1.0000001192092896,0.0,0.7125552307427625,0.7125552307427625,,,,1.0
38,water_hl_gap_eV,67,1.0000001192092896,0.0,0.7125552307427625,0.7125552307427625,,,,1.0
38,water_hl_gap_eV,68,1.0000001192092896,0.0,0.7125552307427625,0.7125552307427625,,,,1.0
38,water_hl_gap_eV,69,1.0000001192092896,0.0,0.7125552307427625,0.7125552307427625,,,,1.0
38,water_hl_gap_eV,70,1.0000001192092896,0.0,0.7125552307427625,0.7125552307427625,,,,1.0
38,water_hl_gap_eV,71,1.0000001192092896,0.0,0.7125552307427625,0.7125552307427625,,,,1.0
38,water_hl_gap_eV,72,1.0000001192092896,0.0,0.7125552307427625,0.7125552307427625,,,,1.0
38,water_hl_gap_eV,73,1.0000001192092896,0.0,0.7125552307427625,0.7125552307427625,,,,1.0
38,water_hl_gap_eV,74,1.0000001192092896,0.0,0.7125552307427625,0.7125552307427625,,,,1.0
38,water_hl_gap_eV,75,1.0000001192092896,0.0,0.7125552307427625,0.7125552307427625,,,,1.0
38,water_hl_gap_eV,76,1.0000001192092896,0.0,0.7125552307427625,0.7125552307427625,,,,1.0
38,water_hl_gap_eV,77,1.0000001192092896,0.0,0.7125552307427625,0.7125552307427625,,,,1.0
38,water_hl_gap_eV,78,1.0000001192092896,0.0,0.7125552307427625,0.7125552307427625,,,,1.0
38,water_hl_gap_eV,79,1.0000001192092896,0.0,0.7125552307427625,0.7125552307427625,,,,1.0
38,water_hl_gap_eV,80,1.0000001192092896,0.0,0.7125552307427625,0.7125552307427625,,,,1.0
38,water_hl_gap_eV,81,1.0000001192092896,0.0,0.7125552307427625,0.7125552307427625,,,,1.0
38,water_hl_gap_eV,82,1.0000001192092896,0.0,0.7125552307427625,0.7125552307427625,,,,1.0
38,water_hl_gap_eV,83,1.0000001192092896,0.0,0.7125552307427625,0.7125552307427625,,,,1.0
38,water_hl_gap_eV,84,1.0000001192092896,0.0,0.7125552307427625,0.7125552307427625,,,,1.0
38,water_hl_gap_eV,85,1.0000001192092896,0.0,0.7125552307427625,0.7125552307427625,,,,1.0
38,water_hl_gap_eV,86,1.0000001192092896,0.0,0.7125552307427625,0.7125552307427625,,,,1.0
38,water_hl_gap_eV,87,1.0000001192092896,0.0,0.7125552307427625,0.7125552307427625,,,,1.0
38,water_hl_gap_eV,88,1.0000001192092896,0.0,0.7125552307427625,0.7125552307427625,,,,1.0
38,water_hl_gap_eV,89,1.0000001192092896,0.0,0.7125552307427625,0.7125552307427625,,,,1.0
38,water_hl_gap_eV,90,1.0000001192092896,0.0,0.7125552307427625,0.7125552307427625,,,,1.0
38,water_hl_gap_eV,91,1.0000001192092896,0.0,0.7125552307427625,0.7125552307427625,,,,1.0
38,water_hl_gap_eV,92,1.0000001192092896,0.0,0.7125552307427625,0.7125552307427625,,,,1.0
38,water_hl_gap_eV,93,1.0000001192092896,0.0,0.7125552307427625,0.7125552307427625,,,,1.0
38,water_hl_gap_eV,94,1.0000001192092896,0.0,0.7125552307427625,0.7125552307427625,,,,1.0
38,water_hl_gap_eV,95,1.0000001192092896,0.0,0.7125552307427625,0.7125552307427625,,,,1.0
38,water_hl_gap_eV,96,1.0000001192092896,0.0,0.7125552307427625,0.7125552307427625,,,,1.0
38,water_hl_gap_eV,97,1.0000001192092896,0.0,0.7125552307427625,0.7125552307427625,,,,1.0
38,water_hl_gap_eV,98,1.0000001192092896,0.0,0.7125552307427625,0.7125552307427625,,,,1.0
38,water_hl_gap_eV,99,1.0000001192092896,0.0,0.7125552307427625,0.7125552307427625,,,,1.0
38,water_hl_gap_eV,100,1.0000001192092896,0.0,0.7125552307427625,0.7125552307427625,,,,1.0
38,water_hl_gap_eV,101,1.0000001192092896,0.0,0.7125552307427625,0.7125552307427625,,,,1.0
38,water_hl_gap_eV,102,1.0000001192092896,0.0,0.7125552307427625,0.7125552307427625,,,,1.0
38,water_hl_gap_eV,103,1.0000001192092896,0.0,0.7125552307427625,0.7125552307427625,,,,1.0
38,water_hl_gap_eV,104,1.0000001192092896,0.0,0.7125552307427625,0.7125552307427625,,,,1.0
38,water_hl_gap_eV,105,1.0000001192092896,0.0,0.7125552307427625,0.7125552307427625,,,,1.0
38,water_hl_gap_eV,106,1.0000001192092896,0.0,0.7125552307427625,0.7125552307427625,,,,1.0
38,water_hl_gap_eV,107,1.0000001192092896,0.0,0.7125552307427625,0.7125552307427625,,,,1.0
38,water_hl_gap_eV,108,1.0000001192092896,0.0,0.7125552307427625,0.7125552307427625,,,,1.0
38,water_hl_gap_eV,109,1.0000001192092896,0.0,0.7125552307427625,0.7125552307427625,,,,1.0
38,water_hl_gap_eV,110,1.0000001192092896,0.0,0.7125552307427625,0.7125552307427625,,,,1.0
38,water_hl_gap_eV,111,1.0000001192092896,0.0,0.7125552307427625,0.7125552307427625,,,,1.0
38,water_hl_gap_eV,112,1.0000001192092896,0.0,0.7125552307427625,0.7125552307427625,,,,1.0
38,water_hl_gap_eV,113,1.0000001192092896,0.0,0.7125552307427625,0.7125552307427625,,,,1.0
38,water_hl_gap_eV,114,1.0000001192092896,0.0,0.7125552307427625,0.7125552307427625,,,,1.0
38,water_hl_gap_eV,115,1.0000001192092896,0.0,0.7125552307427625,0.7125552307427625,,,,1.0
38,water_hl_gap_eV,116,1.0000001192092896,0.0,0.7125552307427625,0.7125552307427625,,,,1.0
38,water_hl_gap_eV,117,1.0000001192092896,0.0,0.7125552307427625,0.7125552307427625,,,,1.0
38,water_hl_gap_eV,118,1.0000001192092896,0.0,0.7125552307427625,0.7125552307427625,,,,1.0
38,water_hl_gap_eV,119,1.0000001192092896,0.0,0.7125552307427625,0.7125552307427625,,,,1.0
38,water_hl_gap_eV,120,1.0000001192092896,0.0,0.7125552307427625,0.7125552307427625,,,,1.0
38,water_hl_gap_eV,121,1.0000001192092896,0.0,0.7125552307427625,0.7125552307427625,,,,1.0
38,water_hl_gap_eV,122,1.0000001192092896,0.0,0.7125552307427625,0.7125552307427625,,,,1.0
38,water_hl_gap_eV,123,1.0000001192092896,0.0,0.7125552307427625,0.7125552307427625,,,,1.0
38,water_hl_gap_eV,124,1.0000001192092896,0.0,0.7125552307427625,0.7125552307427625,,,,1.0
38,water_hl_gap_eV,125,1.0000001192092896,0.0,0.7125552307427625,0.7125552307427625,,,,1.0
38,water_hl_gap_eV,126,1.0000001192092896,0.0,0.7125552307427625,0.7125552307427625,,,,1.0
38,water_hl_gap_eV,127,1.0000001192092896,0.0,0.7125552307427625,0.7125552307427625,,,,1.0
38,water_hl_gap_eV,128,1.0000001192092896,0.0,0.7125552307427625,0.7125552307427625,,,,1.0
38,water_hl_gap_eV,129,1.0000001192092896,0.0,0.7125552307427625,0.7125552307427625,,,,1.0
38,water_hl_gap_eV,130,1.0000001192092896,0.0,0.7125552307427625,0.7125552307427625,,,,1.0
38,water_hl_gap_eV,131,1.0000001192092896,0.0,0.7125552307427625,0.7125552307427625,,,,1.0
38,water_hl_gap_eV,132,1.0000001192092896,0.0,0.7125552307427625,0.7125552307427625,,,,1.0
38,water_hl_gap_eV,133,1.0000001192092896,0.0,0.7125552307427625,0.7125552307427625,,,,1.0
38,water_hl_gap_eV,134,1.0000001192092896,0.0,0.7125552307427625,0.7125552307427625,,,,1.0
38,water_hl_gap_eV,135,1.0000001192092896,0.0,0.7125552307427625,0.7125552307427625,,,,1.0
38,water_hl_gap_eV,136,1.0000001192092896,0.0,0.7125552307427625,0.7125552307427625,,,,1.0
38,water_hl_gap_eV,137,1.0000001192092896,0.0,0.7125552307427625,0.7125552307427625,,,,1.0
38,water_hl_gap_eV,138,1.0000001192092896,0.0,0.7125552307427625,0.7125552307427625,,,,1.0
38,water_hl_gap_eV,139,1.0000001192092896,0.0,0.7125552307427625,0.7125552307427625,,,,1.0
38,water_hl_gap_eV,140,1.0000001192092896,0.0,0.7125552307427625,0.7125552307427625,,,,1.0
38,water_hl_gap_eV,141,1.0000001192092896,0.0,0.7125552307427625,0.7125552307427625,,,,1.0
38,water_hl_gap_eV,142,1.0000001192092896,0.0,0.7125552307427625,0.7125552307427625,,,,1.0
38,water_hl_gap_eV,143,1.0000001192092896,0.0,0.7125552307427625,0.7125552307427625,,,,1.0
38,water_hl_gap_eV,144,1.0000001192092896,0.0,0.7125552307427625,0.7125552307427625,,,,1.0
38,water_hl_gap_eV,145,1.0000001192092896,0.0,0.7125552307427625,0.7125552307427625,,,,1.0
38,water_hl_gap_eV,146,1.0000001192092896,0.0,0.7125552307427625,0.7125552307427625,,,,1.0
38,water_hl_gap_eV,147,1.0000001192092896,0.0,0.7125552307427625,0.7125552307427625,,,,1.0
38,water_hl_gap_eV,148,1.0000001192092896,0.0,0.7125552307427625,0.7125552307427625,,,,1.0
38,water_hl_gap_eV,149,1.0000001192092896,0.0,0.7125552307427625,0.7125552307427625,,,,1.0
38,water_hl_gap_eV,150,1.0000001192092896,0.0,0.7125552307427625,0.7125552307427625,,,,1.0
38,water_hl_gap_eV,151,1.0000001192092896,0.0,0.7125552307427625,0.7125552307427625,,,,1.0
38,water_hl_gap_eV,152,1.0000001192092896,0.0,0.7125552307427625,0.7125552307427625,,,,1.0
38,water_hl_gap_eV,153,1.0000001192092896,0.0,0.7125552307427625,0.7125552307427625,,,,1.0
38,water_hl_gap_eV,154,1.0000001192092896,0.0,0.7125552307427625,0.7125552307427625,,,,1.0
38,water_hl_gap_eV,155,1.0000001192092896,0.0,0.7125552307427625,0.7125552307427625,,,,1.0
38,water_hl_gap_eV,156,1.0000001192092896,0.0,0.7125552307427625,0.7125552307427625,,,,1.0
38,water_hl_gap_eV,157,1.0000001192092896,0.0,0.7125552307427625,0.7125552307427625,,,,1.0
38,water_hl_gap_eV,158,1.0000001192092896,0.0,0.7125552307427625,0.7125552307427625,,,,1.0
38,water_hl_gap_eV,159,1.0000001192092896,0.0,0.7125552307427625,0.7125552307427625,,,,1.0
38,water_hl_gap_eV,160,1.0000001192092896,0.0,0.7125552307427625,0.7125552307427625,,,,1.0
38,water_hl_gap_eV,161,1.0000001192092896,0.0,0.7125552307427625,0.7125552307427625,,,,1.0
38,water_hl_gap_eV,162,1.0000001192092896,0.0,0.7125552307427625,0.7125552307427625,,,,1.0
38,water_hl_gap_eV,163,1.0000001192092896,0.0,0.7125552307427625,0.7125552307427625,,,,1.0
38,water_hl_gap_eV,164,1.0000001192092896,0.0,0.7125552307427625,0.7125552307427625,,,,1.0
38,water_hl_gap_eV,165,1.0000001192092896,0.0,0.7125552307427625,0.7125552307427625,,,,1.0
38,water_hl_gap_eV,166,1.0000001192092896,0.0,0.7125552307427625,0.7125552307427625,,,,1.0
38,water_hl_gap_eV,167,1.0000001192092896,0.0,0.7125552307427625,0.7125552307427625,,,,1.0
38,water_hl_gap_eV,168,1.0000001192092896,0.0,0.7125552307427625,0.7125552307427625,,,,1.0
38,water_hl_gap_eV,169,1.0000001192092896,0.0,0.7125552307427625,0.7125552307427625,,,,1.0
38,water_hl_gap_eV,170,1.0000001192092896,0.0,0.7125552307427625,0.7125552307427625,,,,1.0
38,water_hl_gap_eV,171,1.0000001192092896,0.0,0.7125552307427625,0.7125552307427625,,,,1.0
38,water_hl_gap_eV,172,1.0000001192092896,0.0,0.7125552307427625,0.7125552307427625,,,,1.0
38,water_hl_gap_eV,173,1.0000001192092896,0.0,0.7125552307427625,0.7125552307427625,,,,1.0
38,water_hl_gap_eV,174,1.0000001192092896,0.0,0.7125552307427625,0.7125552307427625,,,,1.0
38,water_hl_gap_eV,175,1.0000001192092896,0.0,0.7125552307427625,0.7125552307427625,,,,1.0
38,water_hl_gap_eV,176,1.0000001192092896,0.0,0.7125552307427625,0.7125552307427625,,,,1.0
38,water_hl_gap_eV,177,1.0000001192092896,0.0,0.7125552307427625,0.7125552307427625,,,,1.0
38,water_hl_gap_eV,178,1.0000001192092896,0.0,0.7125552307427625,0.7125552307427625,,,,1.0
38,water_hl_gap_eV,179,1.0000001192092896,0.0,0.7125552307427625,0.7125552307427625,,,,1.0
38,water_hl_gap_eV,180,1.0000001192092896,0.0,0.7125552307427625,0.7125552307427625,,,,1.0
38,water_hl_gap_eV,181,1.0000001192092896,0.0,0.7125552307427625,0.7125552307427625,,,,1.0
38,water_hl_gap_eV,182,1.0000001192092896,0.0,0.7125552307427625,0.7125552307427625,,,,1.0
38,water_hl_gap_eV,183,1.0000001192092896,0.0,0.7125552307427625,0.7125552307427625,,,,1.0
38,water_hl_gap_eV,184,1.0000001192092896,0.0,0.7125552307427625,0.7125552307427625,,,,1.0
38,water_hl_gap_eV,185,1.0000001192092896,0.0,0.7125552307427625,0.7125552307427625,,,,1.0
38,water_hl_gap_eV,186,1.0000001192092896,0.0,0.7125552307427625,0.7125552307427625,,,,1.0
38,water_hl_gap_eV,187,1.0000001192092896,0.0,0.7125552307427625,0.7125552307427625,,,,1.0
38,water_hl_gap_eV,188,1.0000001192092896,0.0,0.7125552307427625,0.7125552307427625,,,,1.0
38,water_hl_gap_eV,189,1.0000001192092896,0.0,0.7125552307427625,0.7125552307427625,,,,1.0
38,water_hl_gap_eV,190,1.0000001192092896,0.0,0.7125552307427625,0.7125552307427625,,,,1.0
38,water_hl_gap_eV,191,1.0000001192092896,0.0,0.7125552307427625,0.7125552307427625,,,,1.0
38,water_hl_gap_eV,192,1.0000001192092896,0.0,0.7125552307427625,0.7125552307427625,,,,1.0
38,water_hl_gap_eV,193,1.0000001192092896,0.0,0.7125552307427625,0.7125552307427625,,,,1.0
38,water_hl_gap_eV,194,1.0000001192092896,0.0,0.7125552307427625,0.7125552307427625,,,,1.0
38,water_hl_gap_eV,195,1.0000001192092896,0.0,0.7125552307427625,0.7125552307427625,,,,1.0
38,water_hl_gap_eV,196,1.0000001192092896,0.0,0.7125552307427625,0.7125552307427625,,,,1.0
38,water_hl_gap_eV,197,1.0000001192092896,0.0,0.7125552307427625,0.7125552307427625,,,,1.0
38,water_hl_gap_eV,198,1.0000001192092896,0.0,0.7125552307427625,0.7125552307427625,,,,1.0
38,water_hl_gap_eV,199,1.0000001192092896,0.0,0.7125552307427625,0.7125552307427625,,,,1.0
38,water_hl_gap_eV,200,1.0000001192092896,0.0,0.7125552307427625,0.7125552307427625,,,,1.0
38,water_hl_gap_eV,201,1.0000001192092896,0.0,0.7125552307427625,0.7125552307427625,,,,1.0
38,water_hl_gap_eV,202,1.0000001192092896,0.0,0.7125552307427625,0.7125552307427625,,,,1.0
38,water_hl_gap_eV,203,1.0000001192092896,0.0,0.7125552307427625,0.7125552307427625,,,,1.0
38,water_hl_gap_eV,204,1.0000001192092896,0.0,0.7125552307427625,0.7125552307427625,,,,1.0
38,water_hl_gap_eV,205,1.0000001192092896,0.0,0.7125552307427625,0.7125552307427625,,,,1.0
38,water_hl_gap_eV,206,1.0000001192092896,0.0,0.7125552307427625,0.7125552307427625,,,,1.0
38,water_hl_gap_eV,207,1.0000001192092896,0.0,0.7125552307427625,0.7125552307427625,,,,1.0
38,water_hl_gap_eV,208,1.0000001192092896,0.0,0.7125552307427625,0.7125552307427625,,,,1.0
38,water_hl_gap_eV,209,1.0000001192092896,0.0,0.7125552307427625,0.7125552307427625,,,,1.0
38,water_hl_gap_eV,210,1.0000001192092896,0.0,0.7125552307427625,0.7125552307427625,,,,1.0
38,water_hl_gap_eV,211,1.0000001192092896,0.0,0.7125552307427625,0.7125552307427625,,,,1.0
38,water_hl_gap_eV,212,1.0000001192092896,0.0,0.7125552307427625,0.7125552307427625,,,,1.0
38,water_hl_gap_eV,213,1.0000001192092896,0.0,0.7125552307427625,0.7125552307427625,,,,1.0
38,water_hl_gap_eV,214,1.0000001192092896,0.0,0.7125552307427625,0.7125552307427625,,,,1.0
38,water_hl_gap_eV,215,1.0000001192092896,0.0,0.7125552307427625,0.7125552307427625,,,,1.0
38,water_hl_gap_eV,216,1.0000001192092896,0.0,0.7125552307427625,0.7125552307427625,,,,1.0
38,water_hl_gap_eV,217,1.0000001192092896,0.0,0.7125552307427625,0.7125552307427625,,,,1.0
38,water_hl_gap_eV,218,1.0000001192092896,0.0,0.7125552307427625,0.7125552307427625,,,,1.0
38,water_hl_gap_eV,219,1.0000001192092896,0.0,0.7125552307427625,0.7125552307427625,,,,1.0
38,water_hl_gap_eV,220,1.0000001192092896,0.0,0.7125552307427625,0.7125552307427625,,,,1.0
38,water_hl_gap_eV,221,1.0000001192092896,0.0,0.7125552307427625,0.7125552307427625,,,,1.0
38,water_hl_gap_eV,222,1.0000001192092896,0.0,0.7125552307427625,0.7125552307427625,,,,1.0
38,water_hl_gap_eV,223,1.0000001192092896,0.0,0.7125552307427625,0.7125552307427625,,,,1.0
38,water_hl_gap_eV,224,1.0000001192092896,0.0,0.7125552307427625,0.7125552307427625,,,,1.0
38,water_hl_gap_eV,225,1.0000001192092896,0.0,0.7125552307427625,0.7125552307427625,,,,1.0
38,water_hl_gap_eV,226,1.0000001192092896,0.0,0.7125552307427625,0.7125552307427625,,,,1.0
38,water_hl_gap_eV,227,1.0000001192092896,0.0,0.7125552307427625,0.7125552307427625,,,,1.0
38,water_hl_gap_eV,228,1.0000001192092896,0.0,0.7125552307427625,0.7125552307427625,,,,1.0
38,water_hl_gap_eV,229,1.0000001192092896,0.0,0.7125552307427625,0.7125552307427625,,,,1.0
38,water_hl_gap_eV,230,1.0000001192092896,0.0,0.7125552307427625,0.7125552307427625,,,,1.0
38,water_hl_gap_eV,231,1.0000001192092896,0.0,0.7125552307427625,0.7125552307427625,,,,1.0
38,water_hl_gap_eV,232,1.0000001192092896,0.0,0.7125552307427625,0.7125552307427625,,,,1.0
38,water_hl_gap_eV,233,1.0000001192092896,0.0,0.7125552307427625,0.7125552307427625,,,,1.0
38,water_hl_gap_eV,234,1.0000001192092896,0.0,0.7125552307427625,0.7125552307427625,,,,1.0
38,water_hl_gap_eV,235,1.0000001192092896,0.0,0.7125552307427625,0.7125552307427625,,,,1.0
38,water_hl_gap_eV,236,1.0000001192092896,0.0,0.7125552307427625,0.7125552307427625,,,,1.0
38,water_hl_gap_eV,237,1.0000001192092896,0.0,0.7125552307427625,0.7125552307427625,,,,1.0
38,water_hl_gap_eV,238,1.0000001192092896,0.0,0.7125552307427625,0.7125552307427625,,,,1.0
38,water_hl_gap_eV,239,1.0000001192092896,0.0,0.7125552307427625,0.7125552307427625,,,,1.0
38,water_hl_gap_eV,240,1.0000001192092896,0.0,0.7125552307427625,0.7125552307427625,,,,1.0
38,water_hl_gap_eV,241,1.0000001192092896,0.0,0.7125552307427625,0.7125552307427625,,,,1.0
38,water_hl_gap_eV,242,1.0000001192092896,0.0,0.7125552307427625,0.7125552307427625,,,,1.0
38,water_hl_gap_eV,243,1.0000001192092896,0.0,0.7125552307427625,0.7125552307427625,,,,1.0
38,water_hl_gap_eV,244,1.0000001192092896,0.0,0.7125552307427625,0.7125552307427625,,,,1.0
38,water_hl_gap_eV,245,1.0000001192092896,0.0,0.7125552307427625,0.7125552307427625,,,,1.0
38,water_hl_gap_eV,246,1.0000001192092896,0.0,0.7125552307427625,0.7125552307427625,,,,1.0
38,water_hl_gap_eV,247,1.0000001192092896,0.0,0.7125552307427625,0.7125552307427625,,,,1.0
38,water_hl_gap_eV,248,1.0000001192092896,0.0,0.7125552307427625,0.7125552307427625,,,,1.0
38,water_hl_gap_eV,249,1.0000001192092896,0.0,0.7125552307427625,0.7125552307427625,,,,1.0
38,water_dipole,0,1.0,0.0,0.578572348886413,0.578572348886413,,,,1.0
38,water_dipole,1,1.0,0.0,0.578572348886413,0.578572348886413,,,,1.0
38,water_dipole,2,1.0,0.0,0.578572348886413,0.578572348886413,,,,1.0
38,water_dipole,3,1.0,0.0,0.578572348886413,0.578572348886413,,,,1.0
38,water_dipole,4,1.0,0.0,0.578572348886413,0.578572348886413,,,,1.0
38,water_dipole,5,1.0,0.0,0.578572348886413,0.578572348886413,,,,1.0
38,water_dipole,6,1.0,0.0,0.578572348886413,0.578572348886413,,,,1.0
38,water_dipole,7,1.0,0.0,0.578572348886413,0.578572348886413,,,,1.0
38,water_dipole,8,1.0,0.0,0.578572348886413,0.578572348886413,,,,1.0
38,water_dipole,9,1.0,0.0,0.578572348886413,0.578572348886413,,,,1.0
38,water_dipole,10,1.0,0.0,0.578572348886413,0.578572348886413,,,,1.0
38,water_dipole,11,1.0,0.0,0.578572348886413,0.578572348886413,,,,1.0
38,water_dipole,12,1.0,0.0,0.578572348886413,0.578572348886413,,,,1.0
38,water_dipole,13,1.0,0.0,0.578572348886413,0.578572348886413,,,,1.0
38,water_dipole,14,1.0,0.0,0.578572348886413,0.578572348886413,,,,1.0
38,water_dipole,15,1.0,0.0,0.578572348886413,0.578572348886413,,,,1.0
38,water_dipole,16,1.0,0.0,0.578572348886413,0.578572348886413,,,,1.0
38,water_dipole,17,1.0,0.0,0.578572348886413,0.578572348886413,,,,1.0
38,water_dipole,18,1.0,0.0,0.578572348886413,0.578572348886413,,,,1.0
38,water_dipole,19,1.0,0.0,0.578572348886413,0.578572348886413,,,,1.0
38,water_dipole,20,1.0,0.0,0.578572348886413,0.578572348886413,,,,1.0
38,water_dipole,21,1.0,0.0,0.578572348886413,0.578572348886413,,,,1.0
38,water_dipole,22,1.0,0.0,0.578572348886413,0.578572348886413,,,,1.0
38,water_dipole,23,1.0,0.0,0.578572348886413,0.578572348886413,,,,1.0
38,water_dipole,24,1.0,0.0,0.578572348886413,0.578572348886413,,,,1.0
38,water_dipole,25,1.0,0.0,0.578572348886413,0.578572348886413,,,,1.0
38,water_dipole,26,1.0,0.0,0.578572348886413,0.578572348886413,,,,1.0
38,water_dipole,27,1.0,0.0,0.578572348886413,0.578572348886413,,,,1.0
38,water_dipole,28,1.0,0.0,0.578572348886413,0.578572348886413,,,,1.0
38,water_dipole,29,1.0,0.0,0.578572348886413,0.578572348886413,,,,1.0
38,water_dipole,30,1.0,0.0,0.578572348886413,0.578572348886413,,,,1.0
38,water_dipole,31,1.0,0.0,0.578572348886413,0.578572348886413,,,,1.0
38,water_dipole,32,1.0,0.0,0.578572348886413,0.578572348886413,,,,1.0
38,water_dipole,33,1.0,0.0,0.578572348886413,0.578572348886413,,,,1.0
38,water_dipole,34,1.0,0.0,0.578572348886413,0.578572348886413,,,,1.0
38,water_dipole,35,1.0,0.0,0.578572348886413,0.578572348886413,,,,1.0
38,water_dipole,36,1.0,0.0,0.578572348886413,0.578572348886413,,,,1.0
38,water_dipole,37,1.0,0.0,0.578572348886413,0.578572348886413,,,,1.0
38,water_dipole,38,1.0,0.0,0.578572348886413,0.578572348886413,,,,1.0
38,water_dipole,39,1.0,0.0,0.578572348886413,0.578572348886413,,,,1.0
38,water_dipole,40,1.0,0.0,0.578572348886413,0.578572348886413,,,,1.0
38,water_dipole,41,1.0,0.0,0.578572348886413,0.578572348886413,,,,1.0
38,water_dipole,42,1.0,0.0,0.578572348886413,0.578572348886413,,,,1.0
38,water_dipole,43,1.0,0.0,0.578572348886413,0.578572348886413,,,,1.0
38,water_dipole,44,1.0,0.0,0.578572348886413,0.578572348886413,,,,1.0
38,water_dipole,45,1.0,0.0,0.578572348886413,0.578572348886413,,,,1.0
38,water_dipole,46,1.0,0.0,0.578572348886413,0.578572348886413,,,,1.0
38,water_dipole,47,1.0,0.0,0.578572348886413,0.578572348886413,,,,1.0
38,water_dipole,48,1.0,0.0,0.578572348886413,0.578572348886413,,,,1.0
38,water_dipole,49,1.0,0.0,0.578572348886413,0.578572348886413,,,,1.0
38,water_dipole,50,1.0,0.0,0.578572348886413,0.578572348886413,,,,1.0
38,water_dipole,51,1.0,0.0,0.578572348886413,0.578572348886413,,,,1.0
38,water_dipole,52,1.0,0.0,0.578572348886413,0.578572348886413,,,,1.0
38,water_dipole,53,1.0,0.0,0.578572348886413,0.578572348886413,,,,1.0
38,water_dipole,54,1.0,0.0,0.578572348886413,0.578572348886413,,,,1.0
38,water_dipole,55,1.0,0.0,0.578572348886413,0.578572348886413,,,,1.0
38,water_dipole,56,1.0,0.0,0.578572348886413,0.578572348886413,,,,1.0
38,water_dipole,57,1.0,0.0,0.578572348886413,0.578572348886413,,,,1.0
38,water_dipole,58,1.0,0.0,0.578572348886413,0.578572348886413,,,,1.0
38,water_dipole,59,1.0,0.0,0.578572348886413,0.578572348886413,,,,1.0
38,water_dipole,60,1.0,0.0,0.578572348886413,0.578572348886413,,,,1.0
38,water_dipole,61,1.0,0.0,0.578572348886413,0.578572348886413,,,,1.0
38,water_dipole,62,1.0,0.0,0.578572348886413,0.578572348886413,,,,1.0
38,water_dipole,63,1.0,0.0,0.578572348886413,0.578572348886413,,,,1.0
38,water_dipole,64,1.0,0.0,0.578572348886413,0.578572348886413,,,,1.0
38,water_dipole,65,1.0,0.0,0.578572348886413,0.578572348886413,,,,1.0
38,water_dipole,66,1.0,0.0,0.578572348886413,0.578572348886413,,,,1.0
38,water_dipole,67,1.0,0.0,0.578572348886413,0.578572348886413,,,,1.0
38,water_dipole,68,1.0,0.0,0.578572348886413,0.578572348886413,,,,1.0
38,water_dipole,69,1.0,0.0,0.578572348886413,0.578572348886413,,,,1.0
38,water_dipole,70,1.0,0.0,0.578572348886413,0.578572348886413,,,,1.0
38,water_dipole,71,1.0,0.0,0.578572348886413,0.578572348886413,,,,1.0
38,water_dipole,72,1.0,0.0,0.578572348886413,0.578572348886413,,,,1.0
38,water_dipole,73,1.0,0.0,0.578572348886413,0.578572348886413,,,,1.0
38,water_dipole,74,1.0,0.0,0.578572348886413,0.578572348886413,,,,1.0
38,water_dipole,75,1.0,0.0,0.578572348886413,0.578572348886413,,,,1.0
38,water_dipole,76,1.0,0.0,0.578572348886413,0.578572348886413,,,,1.0
38,water_dipole,77,1.0,0.0,0.578572348886413,0.578572348886413,,,,1.0
38,water_dipole,78,1.0,0.0,0.578572348886413,0.578572348886413,,,,1.0
38,water_dipole,79,1.0,0.0,0.578572348886413,0.578572348886413,,,,1.0
38,water_dipole,80,1.0,0.0,0.578572348886413,0.578572348886413,,,,1.0
38,water_dipole,81,1.0,0.0,0.578572348886413,0.578572348886413,,,,1.0
38,water_dipole,82,1.0,0.0,0.578572348886413,0.578572348886413,,,,1.0
38,water_dipole,83,1.0,0.0,0.578572348886413,0.578572348886413,,,,1.0
38,water_dipole,84,1.0,0.0,0.578572348886413,0.578572348886413,,,,1.0
38,water_dipole,85,1.0,0.0,0.578572348886413,0.578572348886413,,,,1.0
38,water_dipole,86,1.0,0.0,0.578572348886413,0.578572348886413,,,,1.0
38,water_dipole,87,1.0,0.0,0.578572348886413,0.578572348886413,,,,1.0
38,water_dipole,88,1.0,0.0,0.578572348886413,0.578572348886413,,,,1.0
38,water_dipole,89,1.0,0.0,0.578572348886413,0.578572348886413,,,,1.0
38,water_dipole,90,1.0,0.0,0.578572348886413,0.578572348886413,,,,1.0
38,water_dipole,91,1.0,0.0,0.578572348886413,0.578572348886413,,,,1.0
38,water_dipole,92,1.0,0.0,0.578572348886413,0.578572348886413,,,,1.0
38,water_dipole,93,1.0,0.0,0.578572348886413,0.578572348886413,,,,1.0
38,water_dipole,94,1.0,0.0,0.578572348886413,0.578572348886413,,,,1.0
38,water_dipole,95,1.0,0.0,0.578572348886413,0.578572348886413,,,,1.0
38,water_dipole,96,1.0,0.0,0.578572348886413,0.578572348886413,,,,1.0
38,water_dipole,97,1.0,0.0,0.578572348886413,0.578572348886413,,,,1.0
38,water_dipole,98,1.0,0.0,0.578572348886413,0.578572348886413,,,,1.0
38,water_dipole,99,1.0,0.0,0.578572348886413,0.578572348886413,,,,1.0
38,water_dipole,100,1.0,0.0,0.578572348886413,0.578572348886413,,,,1.0
38,water_dipole,101,1.0,0.0,0.578572348886413,0.578572348886413,,,,1.0
38,water_dipole,102,1.0,0.0,0.578572348886413,0.578572348886413,,,,1.0
38,water_dipole,103,1.0,0.0,0.578572348886413,0.578572348886413,,,,1.0
38,water_dipole,104,1.0,0.0,0.578572348886413,0.578572348886413,,,,1.0
38,water_dipole,105,1.0,0.0,0.578572348886413,0.578572348886413,,,,1.0
38,water_dipole,106,1.0,0.0,0.578572348886413,0.578572348886413,,,,1.0
38,water_dipole,107,1.0,0.0,0.578572348886413,0.578572348886413,,,,1.0
38,water_dipole,108,1.0,0.0,0.578572348886413,0.578572348886413,,,,1.0
38,water_dipole,109,1.0,0.0,0.578572348886413,0.578572348886413,,,,1.0
38,water_dipole,110,1.0,0.0,0.578572348886413,0.578572348886413,,,,1.0
38,water_dipole,111,1.0,0.0,0.578572348886413,0.578572348886413,,,,1.0
38,water_dipole,112,1.0,0.0,0.578572348886413,0.578572348886413,,,,1.0
38,water_dipole,113,1.0,0.0,0.578572348886413,0.578572348886413,,,,1.0
38,water_dipole,114,1.0,0.0,0.578572348886413,0.578572348886413,,,,1.0
38,water_dipole,115,1.0,0.0,0.578572348886413,0.578572348886413,,,,1.0
38,water_dipole,116,1.0,0.0,0.578572348886413,0.578572348886413,,,,1.0
38,water_dipole,117,1.0,0.0,0.578572348886413,0.578572348886413,,,,1.0
38,water_dipole,118,1.0,0.0,0.578572348886413,0.578572348886413,,,,1.0
38,water_dipole,119,1.0,0.0,0.578572348886413,0.578572348886413,,,,1.0
38,water_dipole,120,1.0,0.0,0.578572348886413,0.578572348886413,,,,1.0
38,water_dipole,121,1.0,0.0,0.578572348886413,0.578572348886413,,,,1.0
38,water_dipole,122,1.0,0.0,0.578572348886413,0.578572348886413,,,,1.0
38,water_dipole,123,1.0,0.0,0.578572348886413,0.578572348886413,,,,1.0
38,water_dipole,124,1.0,0.0,0.578572348886413,0.578572348886413,,,,1.0
38,water_dipole,125,1.0,0.0,0.578572348886413,0.578572348886413,,,,1.0
38,water_dipole,126,1.0,0.0,0.578572348886413,0.578572348886413,,,,1.0
38,water_dipole,127,1.0,0.0,0.578572348886413,0.578572348886413,,,,1.0
38,water_dipole,128,1.0,0.0,0.578572348886413,0.578572348886413,,,,1.0
38,water_dipole,129,1.0,0.0,0.578572348886413,0.578572348886413,,,,1.0
38,water_dipole,130,1.0,0.0,0.578572348886413,0.578572348886413,,,,1.0
38,water_dipole,131,1.0,0.0,0.578572348886413,0.578572348886413,,,,1.0
38,water_dipole,132,1.0,0.0,0.578572348886413,0.578572348886413,,,,1.0
38,water_dipole,133,1.0,0.0,0.578572348886413,0.578572348886413,,,,1.0
38,water_dipole,134,1.0,0.0,0.578572348886413,0.578572348886413,,,,1.0
38,water_dipole,135,1.0,0.0,0.578572348886413,0.578572348886413,,,,1.0
38,water_dipole,136,1.0,0.0,0.578572348886413,0.578572348886413,,,,1.0
38,water_dipole,137,1.0,0.0,0.578572348886413,0.578572348886413,,,,1.0
38,water_dipole,138,1.0,0.0,0.578572348886413,0.578572348886413,,,,1.0
38,water_dipole,139,1.0,0.0,0.578572348886413,0.578572348886413,,,,1.0
38,water_dipole,140,1.0,0.0,0.578572348886413,0.578572348886413,,,,1.0
38,water_dipole,141,1.0,0.0,0.578572348886413,0.578572348886413,,,,1.0
38,water_dipole,142,1.0,0.0,0.578572348886413,0.578572348886413,,,,1.0
38,water_dipole,143,1.0,0.0,0.578572348886413,0.578572348886413,,,,1.0
38,water_dipole,144,1.0,0.0,0.578572348886413,0.578572348886413,,,,1.0
38,water_dipole,145,1.0,0.0,0.578572348886413,0.578572348886413,,,,1.0
38,water_dipole,146,1.0,0.0,0.578572348886413,0.578572348886413,,,,1.0
38,water_dipole,147,1.0,0.0,0.578572348886413,0.578572348886413,,,,1.0
38,water_dipole,148,1.0,0.0,0.578572348886413,0.578572348886413,,,,1.0
38,water_dipole,149,1.0,0.0,0.578572348886413,0.578572348886413,,,,1.0
38,water_dipole,150,1.0,0.0,0.578572348886413,0.578572348886413,,,,1.0
38,water_dipole,151,1.0,0.0,0.578572348886413,0.578572348886413,,,,1.0
38,water_dipole,152,1.0,0.0,0.578572348886413,0.578572348886413,,,,1.0
38,water_dipole,153,1.0,0.0,0.578572348886413,0.578572348886413,,,,1.0
38,water_dipole,154,1.0,0.0,0.578572348886413,0.578572348886413,,,,1.0
38,water_dipole,155,1.0,0.0,0.578572348886413,0.578572348886413,,,,1.0
38,water_dipole,156,1.0,0.0,0.578572348886413,0.578572348886413,,,,1.0
38,water_dipole,157,1.0,0.0,0.578572348886413,0.578572348886413,,,,1.0
38,water_dipole,158,1.0,0.0,0.578572348886413,0.578572348886413,,,,1.0
38,water_dipole,159,1.0,0.0,0.578572348886413,0.578572348886413,,,,1.0
38,water_dipole,160,1.0,0.0,0.578572348886413,0.578572348886413,,,,1.0
38,water_dipole,161,1.0,0.0,0.578572348886413,0.578572348886413,,,,1.0
38,water_dipole,162,1.0,0.0,0.578572348886413,0.578572348886413,,,,1.0
38,water_dipole,163,1.0,0.0,0.578572348886413,0.578572348886413,,,,1.0
38,water_dipole,164,1.0,0.0,0.578572348886413,0.578572348886413,,,,1.0
38,water_dipole,165,1.0,0.0,0.578572348886413,0.578572348886413,,,,1.0
38,water_dipole,166,1.0,0.0,0.578572348886413,0.578572348886413,,,,1.0
38,water_dipole,167,1.0,0.0,0.578572348886413,0.578572348886413,,,,1.0
38,water_dipole,168,1.0,0.0,0.578572348886413,0.578572348886413,,,,1.0
38,water_dipole,169,1.0,0.0,0.578572348886413,0.578572348886413,,,,1.0
38,water_dipole,170,1.0,0.0,0.578572348886413,0.578572348886413,,,,1.0
38,water_dipole,171,1.0,0.0,0.578572348886413,0.578572348886413,,,,1.0
38,water_dipole,172,1.0,0.0,0.578572348886413,0.578572348886413,,,,1.0
38,water_dipole,173,1.0,0.0,0.578572348886413,0.578572348886413,,,,1.0
38,water_dipole,174,1.0,0.0,0.578572348886413,0.578572348886413,,,,1.0
38,water_dipole,175,1.0,0.0,0.578572348886413,0.578572348886413,,,,1.0
38,water_dipole,176,1.0,0.0,0.578572348886413,0.578572348886413,,,,1.0
38,water_dipole,177,1.0,0.0,0.578572348886413,0.578572348886413,,,,1.0
38,water_dipole,178,1.0,0.0,0.578572348886413,0.578572348886413,,,,1.0
38,water_dipole,179,1.0,0.0,0.578572348886413,0.578572348886413,,,,1.0
38,water_dipole,180,1.0,0.0,0.578572348886413,0.578572348886413,,,,1.0
38,water_dipole,181,1.0,0.0,0.578572348886413,0.578572348886413,,,,1.0
38,water_dipole,182,1.0,0.0,0.578572348886413,0.578572348886413,,,,1.0
38,water_dipole,183,1.0,0.0,0.578572348886413,0.578572348886413,,,,1.0
38,water_dipole,184,1.0,0.0,0.578572348886413,0.578572348886413,,,,1.0
38,water_dipole,185,1.0,0.0,0.578572348886413,0.578572348886413,,,,1.0
38,water_dipole,186,1.0,0.0,0.578572348886413,0.578572348886413,,,,1.0
38,water_dipole,187,1.0,0.0,0.578572348886413,0.578572348886413,,,,1.0
38,water_dipole,188,1.0,0.0,0.578572348886413,0.578572348886413,,,,1.0
38,water_dipole,189,1.0,0.0,0.578572348886413,0.578572348886413,,,,1.0
38,water_dipole,190,1.0,0.0,0.578572348886413,0.578572348886413,,,,1.0
38,water_dipole,191,1.0,0.0,0.578572348886413,0.578572348886413,,,,1.0
38,water_dipole,192,1.0,0.0,0.578572348886413,0.578572348886413,,,,1.0
38,water_dipole,193,1.0,0.0,0.578572348886413,0.578572348886413,,,,1.0
38,water_dipole,194,1.0,0.0,0.578572348886413,0.578572348886413,,,,1.0
38,water_dipole,195,1.0,0.0,0.578572348886413,0.578572348886413,,,,1.0
38,water_dipole,196,1.0,0.0,0.578572348886413,0.578572348886413,,,,1.0
38,water_dipole,197,1.0,0.0,0.578572348886413,0.578572348886413,,,,1.0
38,water_dipole,198,1.0,0.0,0.578572348886413,0.578572348886413,,,,1.0
38,water_dipole,199,1.0,0.0,0.578572348886413,0.578572348886413,,,,1.0
38,water_dipole,200,1.0,0.0,0.578572348886413,0.578572348886413,,,,1.0
38,water_dipole,201,1.0,0.0,0.578572348886413,0.578572348886413,,,,1.0
38,water_dipole,202,1.0,0.0,0.578572348886413,0.578572348886413,,,,1.0
38,water_dipole,203,1.0,0.0,0.578572348886413,0.578572348886413,,,,1.0
38,water_dipole,204,1.0,0.0,0.578572348886413,0.578572348886413,,,,1.0
38,water_dipole,205,1.0,0.0,0.578572348886413,0.578572348886413,,,,1.0
38,water_dipole,206,1.0,0.0,0.578572348886413,0.578572348886413,,,,1.0
38,water_dipole,207,1.0,0.0,0.578572348886413,0.578572348886413,,,,1.0
38,water_dipole,208,1.0,0.0,0.578572348886413,0.578572348886413,,,,1.0
38,water_dipole,209,1.0,0.0,0.578572348886413,0.578572348886413,,,,1.0
38,water_dipole,210,1.0,0.0,0.578572348886413,0.578572348886413,,,,1.0
38,water_dipole,211,1.0,0.0,0.578572348886413,0.578572348886413,,,,1.0
38,water_dipole,212,1.0,0.0,0.578572348886413,0.578572348886413,,,,1.0
38,water_dipole,213,1.0,0.0,0.578572348886413,0.578572348886413,,,,1.0
38,water_dipole,214,1.0,0.0,0.578572348886413,0.578572348886413,,,,1.0
38,water_dipole,215,1.0,0.0,0.578572348886413,0.578572348886413,,,,1.0
38,water_dipole,216,1.0,0.0,0.578572348886413,0.578572348886413,,,,1.0
38,water_dipole,217,1.0,0.0,0.578572348886413,0.578572348886413,,,,1.0
38,water_dipole,218,1.0,0.0,0.578572348886413,0.578572348886413,,,,1.0
38,water_dipole,219,1.0,0.0,0.578572348886413,0.578572348886413,,,,1.0
38,water_dipole,220,1.0,0.0,0.578572348886413,0.578572348886413,,,,1.0
38,water_dipole,221,1.0,0.0,0.578572348886413,0.578572348886413,,,,1.0
38,water_dipole,222,1.0,0.0,0.578572348886413,0.578572348886413,,,,1.0
38,water_dipole,223,1.0,0.0,0.578572348886413,0.578572348886413,,,,1.0
38,water_dipole,224,1.0,0.0,0.578572348886413,0.578572348886413,,,,1.0
38,water_dipole,225,1.0,0.0,0.578572348886413,0.578572348886413,,,,1.0
38,water_dipole,226,1.0,0.0,0.578572348886413,0.578572348886413,,,,1.0
38,water_dipole,227,1.0,0.0,0.578572348886413,0.578572348886413,,,,1.0
38,water_dipole,228,1.0,0.0,0.578572348886413,0.578572348886413,,,,1.0
38,water_dipole,229,1.0,0.0,0.578572348886413,0.578572348886413,,,,1.0
38,water_dipole,230,1.0,0.0,0.578572348886413,0.578572348886413,,,,1.0
38,water_dipole,231,1.0,0.0,0.578572348886413,0.578572348886413,,,,1.0
38,water_dipole,232,1.0,0.0,0.578572348886413,0.578572348886413,,,,1.0
38,water_dipole,233,1.0,0.0,0.578572348886413,0.578572348886413,,,,1.0
38,water_dipole,234,1.0,0.0,0.578572348886413,0.578572348886413,,,,1.0
38,water_dipole,235,1.0,0.0,0.578572348886413,0.578572348886413,,,,1.0
38,water_dipole,236,1.0,0.0,0.578572348886413,0.578572348886413,,,,1.0
38,water_dipole,237,1.0,0.0,0.578572348886413,0.578572348886413,,,,1.0
38,water_dipole,238,1.0,0.0,0.578572348886413,0.578572348886413,,,,1.0
38,water_dipole,239,1.0,0.0,0.578572348886413,0.578572348886413,,,,1.0
38,water_dipole,240,1.0,0.0,0.578572348886413,0.578572348886413,,,,1.0
38,water_dipole,241,1.0,0.0,0.578572348886413,0.578572348886413,,,,1.0
38,water_dipole,242,1.0,0.0,0.578572348886413,0.578572348886413,,,,1.0
38,water_dipole,243,1.0,0.0,0.578572348886413,0.578572348886413,,,,1.0
38,water_dipole,244,1.0,0.0,0.578572348886413,0.578572348886413,,,,1.0
38,water_dipole,245,1.0,0.0,0.578572348886413,0.578572348886413,,,,1.0
38,water_dipole,246,1.0,0.0,0.578572348886413,0.578572348886413,,,,1.0
38,water_dipole,247,1.0,0.0,0.578572348886413,0.578572348886413,,,,1.0
38,water_dipole,248,1.0,0.0,0.578572348886413,0.578572348886413,,,,1.0
38,water_dipole,249,1.0,0.0,0.578572348886413,0.578572348886413,,,,1.0
38,acetone_gsolv_eV,0,1.0000001192092896,0.0,0.6457109785639914,0.6457109785639914,,,,1.0
38,acetone_gsolv_eV,1,1.0000001192092896,0.0,0.6457109785639914,0.6457109785639914,,,,1.0
38,acetone_gsolv_eV,2,1.0000001192092896,0.0,0.6457109785639914,0.6457109785639914,,,,1.0
38,acetone_gsolv_eV,3,1.0000001192092896,0.0,0.6457109785639914,0.6457109785639914,,,,1.0
38,acetone_gsolv_eV,4,1.0000001192092896,0.0,0.6457109785639914,0.6457109785639914,,,,1.0
38,acetone_gsolv_eV,5,1.0000001192092896,0.0,0.6457109785639914,0.6457109785639914,,,,1.0
38,acetone_gsolv_eV,6,1.0000001192092896,0.0,0.6457109785639914,0.6457109785639914,,,,1.0
38,acetone_gsolv_eV,7,1.0000001192092896,0.0,0.6457109785639914,0.6457109785639914,,,,1.0
38,acetone_gsolv_eV,8,1.0000001192092896,0.0,0.6457109785639914,0.6457109785639914,,,,1.0
38,acetone_gsolv_eV,9,1.0000001192092896,0.0,0.6457109785639914,0.6457109785639914,,,,1.0
38,acetone_gsolv_eV,10,1.0000001192092896,0.0,0.6457109785639914,0.6457109785639914,,,,1.0
38,acetone_gsolv_eV,11,1.0000001192092896,0.0,0.6457109785639914,0.6457109785639914,,,,1.0
38,acetone_gsolv_eV,12,1.0000001192092896,0.0,0.6457109785639914,0.6457109785639914,,,,1.0
38,acetone_gsolv_eV,13,1.0000001192092896,0.0,0.6457109785639914,0.6457109785639914,,,,1.0
38,acetone_gsolv_eV,14,1.0000001192092896,0.0,0.6457109785639914,0.6457109785639914,,,,1.0
38,acetone_gsolv_eV,15,1.0000001192092896,0.0,0.6457109785639914,0.6457109785639914,,,,1.0
38,acetone_gsolv_eV,16,1.0000001192092896,0.0,0.6457109785639914,0.6457109785639914,,,,1.0
38,acetone_gsolv_eV,17,1.0000001192092896,0.0,0.6457109785639914,0.6457109785639914,,,,1.0
38,acetone_gsolv_eV,18,1.0000001192092896,0.0,0.6457109785639914,0.6457109785639914,,,,1.0
38,acetone_gsolv_eV,19,1.0000001192092896,0.0,0.6457109785639914,0.6457109785639914,,,,1.0
38,acetone_gsolv_eV,20,1.0000001192092896,0.0,0.6457109785639914,0.6457109785639914,,,,1.0
38,acetone_gsolv_eV,21,1.0000001192092896,0.0,0.6457109785639914,0.6457109785639914,,,,1.0
38,acetone_gsolv_eV,22,1.0000001192092896,0.0,0.6457109785639914,0.6457109785639914,,,,1.0
38,acetone_gsolv_eV,23,1.0000001192092896,0.0,0.6457109785639914,0.6457109785639914,,,,1.0
38,acetone_gsolv_eV,24,1.0000001192092896,0.0,0.6457109785639914,0.6457109785639914,,,,1.0
38,acetone_gsolv_eV,25,1.0000001192092896,0.0,0.6457109785639914,0.6457109785639914,,,,1.0
38,acetone_gsolv_eV,26,1.0000001192092896,0.0,0.6457109785639914,0.6457109785639914,,,,1.0
38,acetone_gsolv_eV,27,1.0000001192092896,0.0,0.6457109785639914,0.6457109785639914,,,,1.0
38,acetone_gsolv_eV,28,1.0000001192092896,0.0,0.6457109785639914,0.6457109785639914,,,,1.0
38,acetone_gsolv_eV,29,1.0000001192092896,0.0,0.6457109785639914,0.6457109785639914,,,,1.0
38,acetone_gsolv_eV,30,1.0000001192092896,0.0,0.6457109785639914,0.6457109785639914,,,,1.0
38,acetone_gsolv_eV,31,1.0000001192092896,0.0,0.6457109785639914,0.6457109785639914,,,,1.0
38,acetone_gsolv_eV,32,1.0000001192092896,0.0,0.6457109785639914,0.6457109785639914,,,,1.0
38,acetone_gsolv_eV,33,1.0000001192092896,0.0,0.6457109785639914,0.6457109785639914,,,,1.0
38,acetone_gsolv_eV,34,1.0000001192092896,0.0,0.6457109785639914,0.6457109785639914,,,,1.0
38,acetone_gsolv_eV,35,1.0000001192092896,0.0,0.6457109785639914,0.6457109785639914,,,,1.0
38,acetone_gsolv_eV,36,1.0000001192092896,0.0,0.6457109785639914,0.6457109785639914,,,,1.0
38,acetone_gsolv_eV,37,1.0000001192092896,0.0,0.6457109785639914,0.6457109785639914,,,,1.0
38,acetone_gsolv_eV,38,1.0000001192092896,0.0,0.6457109785639914,0.6457109785639914,,,,1.0
38,acetone_gsolv_eV,39,1.0000001192092896,0.0,0.6457109785639914,0.6457109785639914,,,,1.0
38,acetone_gsolv_eV,40,1.0000001192092896,0.0,0.6457109785639914,0.6457109785639914,,,,1.0
38,acetone_gsolv_eV,41,1.0000001192092896,0.0,0.6457109785639914,0.6457109785639914,,,,1.0
38,acetone_gsolv_eV,42,1.0000001192092896,0.0,0.6457109785639914,0.6457109785639914,,,,1.0
38,acetone_gsolv_eV,43,1.0000001192092896,0.0,0.6457109785639914,0.6457109785639914,,,,1.0
38,acetone_gsolv_eV,44,1.0000001192092896,0.0,0.6457109785639914,0.6457109785639914,,,,1.0
38,acetone_gsolv_eV,45,1.0000001192092896,0.0,0.6457109785639914,0.6457109785639914,,,,1.0
38,acetone_gsolv_eV,46,1.0000001192092896,0.0,0.6457109785639914,0.6457109785639914,,,,1.0
38,acetone_gsolv_eV,47,1.0000001192092896,0.0,0.6457109785639914,0.6457109785639914,,,,1.0
38,acetone_gsolv_eV,48,1.0000001192092896,0.0,0.6457109785639914,0.6457109785639914,,,,1.0
38,acetone_gsolv_eV,49,1.0000001192092896,0.0,0.6457109785639914,0.6457109785639914,,,,1.0
38,acetone_gsolv_eV,50,1.0000001192092896,0.0,0.6457109785639914,0.6457109785639914,,,,1.0
38,acetone_gsolv_eV,51,1.0000001192092896,0.0,0.6457109785639914,0.6457109785639914,,,,1.0
38,acetone_gsolv_eV,52,1.0000001192092896,0.0,0.6457109785639914,0.6457109785639914,,,,1.0
38,acetone_gsolv_eV,53,1.0000001192092896,0.0,0.6457109785639914,0.6457109785639914,,,,1.0
38,acetone_gsolv_eV,54,1.0000001192092896,0.0,0.6457109785639914,0.6457109785639914,,,,1.0
38,acetone_gsolv_eV,55,1.0000001192092896,0.0,0.6457109785639914,0.6457109785639914,,,,1.0
38,acetone_gsolv_eV,56,1.0000001192092896,0.0,0.6457109785639914,0.6457109785639914,,,,1.0
38,acetone_gsolv_eV,57,1.0000001192092896,0.0,0.6457109785639914,0.6457109785639914,,,,1.0
38,acetone_gsolv_eV,58,1.0000001192092896,0.0,0.6457109785639914,0.6457109785639914,,,,1.0
38,acetone_gsolv_eV,59,1.0000001192092896,0.0,0.6457109785639914,0.6457109785639914,,,,1.0
38,acetone_gsolv_eV,60,1.0000001192092896,0.0,0.6457109785639914,0.6457109785639914,,,,1.0
38,acetone_gsolv_eV,61,1.0000001192092896,0.0,0.6457109785639914,0.6457109785639914,,,,1.0
38,acetone_gsolv_eV,62,1.0000001192092896,0.0,0.6457109785639914,0.6457109785639914,,,,1.0
38,acetone_gsolv_eV,63,1.0000001192092896,0.0,0.6457109785639914,0.6457109785639914,,,,1.0
38,acetone_gsolv_eV,64,1.0000001192092896,0.0,0.6457109785639914,0.6457109785639914,,,,1.0
38,acetone_gsolv_eV,65,1.0000001192092896,0.0,0.6457109785639914,0.6457109785639914,,,,1.0
38,acetone_gsolv_eV,66,1.0000001192092896,0.0,0.6457109785639914,0.6457109785639914,,,,1.0
38,acetone_gsolv_eV,67,1.0000001192092896,0.0,0.6457109785639914,0.6457109785639914,,,,1.0
38,acetone_gsolv_eV,68,1.0000001192092896,0.0,0.6457109785639914,0.6457109785639914,,,,1.0
38,acetone_gsolv_eV,69,1.0000001192092896,0.0,0.6457109785639914,0.6457109785639914,,,,1.0
38,acetone_gsolv_eV,70,1.0000001192092896,0.0,0.6457109785639914,0.6457109785639914,,,,1.0
38,acetone_gsolv_eV,71,1.0000001192092896,0.0,0.6457109785639914,0.6457109785639914,,,,1.0
38,acetone_gsolv_eV,72,1.0000001192092896,0.0,0.6457109785639914,0.6457109785639914,,,,1.0
38,acetone_gsolv_eV,73,1.0000001192092896,0.0,0.6457109785639914,0.6457109785639914,,,,1.0
38,acetone_gsolv_eV,74,1.0000001192092896,0.0,0.6457109785639914,0.6457109785639914,,,,1.0
38,acetone_gsolv_eV,75,1.0000001192092896,0.0,0.6457109785639914,0.6457109785639914,,,,1.0
38,acetone_gsolv_eV,76,1.0000001192092896,0.0,0.6457109785639914,0.6457109785639914,,,,1.0
38,acetone_gsolv_eV,77,1.0000001192092896,0.0,0.6457109785639914,0.6457109785639914,,,,1.0
38,acetone_gsolv_eV,78,1.0000001192092896,0.0,0.6457109785639914,0.6457109785639914,,,,1.0
38,acetone_gsolv_eV,79,1.0000001192092896,0.0,0.6457109785639914,0.6457109785639914,,,,1.0
38,acetone_gsolv_eV,80,1.0000001192092896,0.0,0.6457109785639914,0.6457109785639914,,,,1.0
38,acetone_gsolv_eV,81,1.0000001192092896,0.0,0.6457109785639914,0.6457109785639914,,,,1.0
38,acetone_gsolv_eV,82,1.0000001192092896,0.0,0.6457109785639914,0.6457109785639914,,,,1.0
38,acetone_gsolv_eV,83,1.0000001192092896,0.0,0.6457109785639914,0.6457109785639914,,,,1.0
38,acetone_gsolv_eV,84,1.0000001192092896,0.0,0.6457109785639914,0.6457109785639914,,,,1.0
38,acetone_gsolv_eV,85,1.0000001192092896,0.0,0.6457109785639914,0.6457109785639914,,,,1.0
38,acetone_gsolv_eV,86,1.0000001192092896,0.0,0.6457109785639914,0.6457109785639914,,,,1.0
38,acetone_gsolv_eV,87,1.0000001192092896,0.0,0.6457109785639914,0.6457109785639914,,,,1.0
38,acetone_gsolv_eV,88,1.0000001192092896,0.0,0.6457109785639914,0.6457109785639914,,,,1.0
38,acetone_gsolv_eV,89,1.0000001192092896,0.0,0.6457109785639914,0.6457109785639914,,,,1.0
38,acetone_gsolv_eV,90,1.0000001192092896,0.0,0.6457109785639914,0.6457109785639914,,,,1.0
38,acetone_gsolv_eV,91,1.0000001192092896,0.0,0.6457109785639914,0.6457109785639914,,,,1.0
38,acetone_gsolv_eV,92,1.0000001192092896,0.0,0.6457109785639914,0.6457109785639914,,,,1.0
38,acetone_gsolv_eV,93,1.0000001192092896,0.0,0.6457109785639914,0.6457109785639914,,,,1.0
38,acetone_gsolv_eV,94,1.0000001192092896,0.0,0.6457109785639914,0.6457109785639914,,,,1.0
38,acetone_gsolv_eV,95,1.0000001192092896,0.0,0.6457109785639914,0.6457109785639914,,,,1.0
38,acetone_gsolv_eV,96,1.0000001192092896,0.0,0.6457109785639914,0.6457109785639914,,,,1.0
38,acetone_gsolv_eV,97,1.0000001192092896,0.0,0.6457109785639914,0.6457109785639914,,,,1.0
38,acetone_gsolv_eV,98,1.0000001192092896,0.0,0.6457109785639914,0.6457109785639914,,,,1.0
38,acetone_gsolv_eV,99,1.0000001192092896,0.0,0.6457109785639914,0.6457109785639914,,,,1.0
38,acetone_gsolv_eV,100,1.0000001192092896,0.0,0.6457109785639914,0.6457109785639914,,,,1.0
38,acetone_gsolv_eV,101,1.0000001192092896,0.0,0.6457109785639914,0.6457109785639914,,,,1.0
38,acetone_gsolv_eV,102,1.0000001192092896,0.0,0.6457109785639914,0.6457109785639914,,,,1.0
38,acetone_gsolv_eV,103,1.0000001192092896,0.0,0.6457109785639914,0.6457109785639914,,,,1.0
38,acetone_gsolv_eV,104,1.0000001192092896,0.0,0.6457109785639914,0.6457109785639914,,,,1.0
38,acetone_gsolv_eV,105,1.0000001192092896,0.0,0.6457109785639914,0.6457109785639914,,,,1.0
38,acetone_gsolv_eV,106,1.0000001192092896,0.0,0.6457109785639914,0.6457109785639914,,,,1.0
38,acetone_gsolv_eV,107,1.0000001192092896,0.0,0.6457109785639914,0.6457109785639914,,,,1.0
38,acetone_gsolv_eV,108,1.0000001192092896,0.0,0.6457109785639914,0.6457109785639914,,,,1.0
38,acetone_gsolv_eV,109,1.0000001192092896,0.0,0.6457109785639914,0.6457109785639914,,,,1.0
38,acetone_gsolv_eV,110,1.0000001192092896,0.0,0.6457109785639914,0.6457109785639914,,,,1.0
38,acetone_gsolv_eV,111,1.0000001192092896,0.0,0.6457109785639914,0.6457109785639914,,,,1.0
38,acetone_gsolv_eV,112,1.0000001192092896,0.0,0.6457109785639914,0.6457109785639914,,,,1.0
38,acetone_gsolv_eV,113,1.0000001192092896,0.0,0.6457109785639914,0.6457109785639914,,,,1.0
38,acetone_gsolv_eV,114,1.0000001192092896,0.0,0.6457109785639914,0.6457109785639914,,,,1.0
38,acetone_gsolv_eV,115,1.0000001192092896,0.0,0.6457109785639914,0.6457109785639914,,,,1.0
38,acetone_gsolv_eV,116,1.0000001192092896,0.0,0.6457109785639914,0.6457109785639914,,,,1.0
38,acetone_gsolv_eV,117,1.0000001192092896,0.0,0.6457109785639914,0.6457109785639914,,,,1.0
38,acetone_gsolv_eV,118,1.0000001192092896,0.0,0.6457109785639914,0.6457109785639914,,,,1.0
38,acetone_gsolv_eV,119,1.0000001192092896,0.0,0.6457109785639914,0.6457109785639914,,,,1.0
38,acetone_gsolv_eV,120,1.0000001192092896,0.0,0.6457109785639914,0.6457109785639914,,,,1.0
38,acetone_gsolv_eV,121,1.0000001192092896,0.0,0.6457109785639914,0.6457109785639914,,,,1.0
38,acetone_gsolv_eV,122,1.0000001192092896,0.0,0.6457109785639914,0.6457109785639914,,,,1.0
38,acetone_gsolv_eV,123,1.0000001192092896,0.0,0.6457109785639914,0.6457109785639914,,,,1.0
38,acetone_gsolv_eV,124,1.0000001192092896,0.0,0.6457109785639914,0.6457109785639914,,,,1.0
38,acetone_gsolv_eV,125,1.0000001192092896,0.0,0.6457109785639914,0.6457109785639914,,,,1.0
38,acetone_gsolv_eV,126,1.0000001192092896,0.0,0.6457109785639914,0.6457109785639914,,,,1.0
38,acetone_gsolv_eV,127,1.0000001192092896,0.0,0.6457109785639914,0.6457109785639914,,,,1.0
38,acetone_gsolv_eV,128,1.0000001192092896,0.0,0.6457109785639914,0.6457109785639914,,,,1.0
38,acetone_gsolv_eV,129,1.0000001192092896,0.0,0.6457109785639914,0.6457109785639914,,,,1.0
38,acetone_gsolv_eV,130,1.0000001192092896,0.0,0.6457109785639914,0.6457109785639914,,,,1.0
38,acetone_gsolv_eV,131,1.0000001192092896,0.0,0.6457109785639914,0.6457109785639914,,,,1.0
38,acetone_gsolv_eV,132,1.0000001192092896,0.0,0.6457109785639914,0.6457109785639914,,,,1.0
38,acetone_gsolv_eV,133,1.0000001192092896,0.0,0.6457109785639914,0.6457109785639914,,,,1.0
38,acetone_gsolv_eV,134,1.0000001192092896,0.0,0.6457109785639914,0.6457109785639914,,,,1.0
38,acetone_gsolv_eV,135,1.0000001192092896,0.0,0.6457109785639914,0.6457109785639914,,,,1.0
38,acetone_gsolv_eV,136,1.0000001192092896,0.0,0.6457109785639914,0.6457109785639914,,,,1.0
38,acetone_gsolv_eV,137,1.0000001192092896,0.0,0.6457109785639914,0.6457109785639914,,,,1.0
38,acetone_gsolv_eV,138,1.0000001192092896,0.0,0.6457109785639914,0.6457109785639914,,,,1.0
38,acetone_gsolv_eV,139,1.0000001192092896,0.0,0.6457109785639914,0.6457109785639914,,,,1.0
38,acetone_gsolv_eV,140,1.0000001192092896,0.0,0.6457109785639914,0.6457109785639914,,,,1.0
38,acetone_gsolv_eV,141,1.0000001192092896,0.0,0.6457109785639914,0.6457109785639914,,,,1.0
38,acetone_gsolv_eV,142,1.0000001192092896,0.0,0.6457109785639914,0.6457109785639914,,,,1.0
38,acetone_gsolv_eV,143,1.0000001192092896,0.0,0.6457109785639914,0.6457109785639914,,,,1.0
38,acetone_gsolv_eV,144,1.0000001192092896,0.0,0.6457109785639914,0.6457109785639914,,,,1.0
38,acetone_gsolv_eV,145,1.0000001192092896,0.0,0.6457109785639914,0.6457109785639914,,,,1.0
38,acetone_gsolv_eV,146,1.0000001192092896,0.0,0.6457109785639914,0.6457109785639914,,,,1.0
38,acetone_gsolv_eV,147,1.0000001192092896,0.0,0.6457109785639914,0.6457109785639914,,,,1.0
38,acetone_gsolv_eV,148,1.0000001192092896,0.0,0.6457109785639914,0.6457109785639914,,,,1.0
38,acetone_gsolv_eV,149,1.0000001192092896,0.0,0.6457109785639914,0.6457109785639914,,,,1.0
38,acetone_gsolv_eV,150,1.0000001192092896,0.0,0.6457109785639914,0.6457109785639914,,,,1.0
38,acetone_gsolv_eV,151,1.0000001192092896,0.0,0.6457109785639914,0.6457109785639914,,,,1.0
38,acetone_gsolv_eV,152,1.0000001192092896,0.0,0.6457109785639914,0.6457109785639914,,,,1.0
38,acetone_gsolv_eV,153,1.0000001192092896,0.0,0.6457109785639914,0.6457109785639914,,,,1.0
38,acetone_gsolv_eV,154,1.0000001192092896,0.0,0.6457109785639914,0.6457109785639914,,,,1.0
38,acetone_gsolv_eV,155,1.0000001192092896,0.0,0.6457109785639914,0.6457109785639914,,,,1.0
38,acetone_gsolv_eV,156,1.0000001192092896,0.0,0.6457109785639914,0.6457109785639914,,,,1.0
38,acetone_gsolv_eV,157,1.0000001192092896,0.0,0.6457109785639914,0.6457109785639914,,,,1.0
38,acetone_gsolv_eV,158,1.0000001192092896,0.0,0.6457109785639914,0.6457109785639914,,,,1.0
38,acetone_gsolv_eV,159,1.0000001192092896,0.0,0.6457109785639914,0.6457109785639914,,,,1.0
38,acetone_gsolv_eV,160,1.0000001192092896,0.0,0.6457109785639914,0.6457109785639914,,,,1.0
38,acetone_gsolv_eV,161,1.0000001192092896,0.0,0.6457109785639914,0.6457109785639914,,,,1.0
38,acetone_gsolv_eV,162,1.0000001192092896,0.0,0.6457109785639914,0.6457109785639914,,,,1.0
38,acetone_gsolv_eV,163,1.0000001192092896,0.0,0.6457109785639914,0.6457109785639914,,,,1.0
38,acetone_gsolv_eV,164,1.0000001192092896,0.0,0.6457109785639914,0.6457109785639914,,,,1.0
38,acetone_gsolv_eV,165,1.0000001192092896,0.0,0.6457109785639914,0.6457109785639914,,,,1.0
38,acetone_gsolv_eV,166,1.0000001192092896,0.0,0.6457109785639914,0.6457109785639914,,,,1.0
38,acetone_gsolv_eV,167,1.0000001192092896,0.0,0.6457109785639914,0.6457109785639914,,,,1.0
38,acetone_gsolv_eV,168,1.0000001192092896,0.0,0.6457109785639914,0.6457109785639914,,,,1.0
38,acetone_gsolv_eV,169,1.0000001192092896,0.0,0.6457109785639914,0.6457109785639914,,,,1.0
38,acetone_gsolv_eV,170,1.0000001192092896,0.0,0.6457109785639914,0.6457109785639914,,,,1.0
38,acetone_gsolv_eV,171,1.0000001192092896,0.0,0.6457109785639914,0.6457109785639914,,,,1.0
38,acetone_gsolv_eV,172,1.0000001192092896,0.0,0.6457109785639914,0.6457109785639914,,,,1.0
38,acetone_gsolv_eV,173,1.0000001192092896,0.0,0.6457109785639914,0.6457109785639914,,,,1.0
38,acetone_gsolv_eV,174,1.0000001192092896,0.0,0.6457109785639914,0.6457109785639914,,,,1.0
38,acetone_gsolv_eV,175,1.0000001192092896,0.0,0.6457109785639914,0.6457109785639914,,,,1.0
38,acetone_gsolv_eV,176,1.0000001192092896,0.0,0.6457109785639914,0.6457109785639914,,,,1.0
38,acetone_gsolv_eV,177,1.0000001192092896,0.0,0.6457109785639914,0.6457109785639914,,,,1.0
38,acetone_gsolv_eV,178,1.0000001192092896,0.0,0.6457109785639914,0.6457109785639914,,,,1.0
38,acetone_gsolv_eV,179,1.0000001192092896,0.0,0.6457109785639914,0.6457109785639914,,,,1.0
38,acetone_gsolv_eV,180,1.0000001192092896,0.0,0.6457109785639914,0.6457109785639914,,,,1.0
38,acetone_gsolv_eV,181,1.0000001192092896,0.0,0.6457109785639914,0.6457109785639914,,,,1.0
38,acetone_gsolv_eV,182,1.0000001192092896,0.0,0.6457109785639914,0.6457109785639914,,,,1.0
38,acetone_gsolv_eV,183,1.0000001192092896,0.0,0.6457109785639914,0.6457109785639914,,,,1.0
38,acetone_gsolv_eV,184,1.0000001192092896,0.0,0.6457109785639914,0.6457109785639914,,,,1.0
38,acetone_gsolv_eV,185,1.0000001192092896,0.0,0.6457109785639914,0.6457109785639914,,,,1.0
38,acetone_gsolv_eV,186,1.0000001192092896,0.0,0.6457109785639914,0.6457109785639914,,,,1.0
38,acetone_gsolv_eV,187,1.0000001192092896,0.0,0.6457109785639914,0.6457109785639914,,,,1.0
38,acetone_gsolv_eV,188,1.0000001192092896,0.0,0.6457109785639914,0.6457109785639914,,,,1.0
38,acetone_gsolv_eV,189,1.0000001192092896,0.0,0.6457109785639914,0.6457109785639914,,,,1.0
38,acetone_gsolv_eV,190,1.0000001192092896,0.0,0.6457109785639914,0.6457109785639914,,,,1.0
38,acetone_gsolv_eV,191,1.0000001192092896,0.0,0.6457109785639914,0.6457109785639914,,,,1.0
38,acetone_gsolv_eV,192,1.0000001192092896,0.0,0.6457109785639914,0.6457109785639914,,,,1.0
38,acetone_gsolv_eV,193,1.0000001192092896,0.0,0.6457109785639914,0.6457109785639914,,,,1.0
38,acetone_gsolv_eV,194,1.0000001192092896,0.0,0.6457109785639914,0.6457109785639914,,,,1.0
38,acetone_gsolv_eV,195,1.0000001192092896,0.0,0.6457109785639914,0.6457109785639914,,,,1.0
38,acetone_gsolv_eV,196,1.0000001192092896,0.0,0.6457109785639914,0.6457109785639914,,,,1.0
38,acetone_gsolv_eV,197,1.0000001192092896,0.0,0.6457109785639914,0.6457109785639914,,,,1.0
38,acetone_gsolv_eV,198,1.0000001192092896,0.0,0.6457109785639914,0.6457109785639914,,,,1.0
38,acetone_gsolv_eV,199,1.0000001192092896,0.0,0.6457109785639914,0.6457109785639914,,,,1.0
38,acetone_gsolv_eV,200,1.0000001192092896,0.0,0.6457109785639914,0.6457109785639914,,,,1.0
38,acetone_gsolv_eV,201,1.0000001192092896,0.0,0.6457109785639914,0.6457109785639914,,,,1.0
38,acetone_gsolv_eV,202,1.0000001192092896,0.0,0.6457109785639914,0.6457109785639914,,,,1.0
38,acetone_gsolv_eV,203,1.0000001192092896,0.0,0.6457109785639914,0.6457109785639914,,,,1.0
38,acetone_gsolv_eV,204,1.0000001192092896,0.0,0.6457109785639914,0.6457109785639914,,,,1.0
38,acetone_gsolv_eV,205,1.0000001192092896,0.0,0.6457109785639914,0.6457109785639914,,,,1.0
38,acetone_gsolv_eV,206,1.0000001192092896,0.0,0.6457109785639914,0.6457109785639914,,,,1.0
38,acetone_gsolv_eV,207,1.0000001192092896,0.0,0.6457109785639914,0.6457109785639914,,,,1.0
38,acetone_gsolv_eV,208,1.0000001192092896,0.0,0.6457109785639914,0.6457109785639914,,,,1.0
38,acetone_gsolv_eV,209,1.0000001192092896,0.0,0.6457109785639914,0.6457109785639914,,,,1.0
38,acetone_gsolv_eV,210,1.0000001192092896,0.0,0.6457109785639914,0.6457109785639914,,,,1.0
38,acetone_gsolv_eV,211,1.0000001192092896,0.0,0.6457109785639914,0.6457109785639914,,,,1.0
38,acetone_gsolv_eV,212,1.0000001192092896,0.0,0.6457109785639914,0.6457109785639914,,,,1.0
38,acetone_gsolv_eV,213,1.0000001192092896,0.0,0.6457109785639914,0.6457109785639914,,,,1.0
38,acetone_gsolv_eV,214,1.0000001192092896,0.0,0.6457109785639914,0.6457109785639914,,,,1.0
38,acetone_gsolv_eV,215,1.0000001192092896,0.0,0.6457109785639914,0.6457109785639914,,,,1.0
38,acetone_gsolv_eV,216,1.0000001192092896,0.0,0.6457109785639914,0.6457109785639914,,,,1.0
38,acetone_gsolv_eV,217,1.0000001192092896,0.0,0.6457109785639914,0.6457109785639914,,,,1.0
38,acetone_gsolv_eV,218,1.0000001192092896,0.0,0.6457109785639914,0.6457109785639914,,,,1.0
38,acetone_gsolv_eV,219,1.0000001192092896,0.0,0.6457109785639914,0.6457109785639914,,,,1.0
38,acetone_gsolv_eV,220,1.0000001192092896,0.0,0.6457109785639914,0.6457109785639914,,,,1.0
38,acetone_gsolv_eV,221,1.0000001192092896,0.0,0.6457109785639914,0.6457109785639914,,,,1.0
38,acetone_gsolv_eV,222,1.0000001192092896,0.0,0.6457109785639914,0.6457109785639914,,,,1.0
38,acetone_gsolv_eV,223,1.0000001192092896,0.0,0.6457109785639914,0.6457109785639914,,,,1.0
38,acetone_gsolv_eV,224,1.0000001192092896,0.0,0.6457109785639914,0.6457109785639914,,,,1.0
38,acetone_gsolv_eV,225,1.0000001192092896,0.0,0.6457109785639914,0.6457109785639914,,,,1.0
38,acetone_gsolv_eV,226,1.0000001192092896,0.0,0.6457109785639914,0.6457109785639914,,,,1.0
38,acetone_gsolv_eV,227,1.0000001192092896,0.0,0.6457109785639914,0.6457109785639914,,,,1.0
38,acetone_gsolv_eV,228,1.0000001192092896,0.0,0.6457109785639914,0.6457109785639914,,,,1.0
38,acetone_gsolv_eV,229,1.0000001192092896,0.0,0.6457109785639914,0.6457109785639914,,,,1.0
38,acetone_gsolv_eV,230,1.0000001192092896,0.0,0.6457109785639914,0.6457109785639914,,,,1.0
38,acetone_gsolv_eV,231,1.0000001192092896,0.0,0.6457109785639914,0.6457109785639914,,,,1.0
38,acetone_gsolv_eV,232,1.0000001192092896,0.0,0.6457109785639914,0.6457109785639914,,,,1.0
38,acetone_gsolv_eV,233,1.0000001192092896,0.0,0.6457109785639914,0.6457109785639914,,,,1.0
38,acetone_gsolv_eV,234,1.0000001192092896,0.0,0.6457109785639914,0.6457109785639914,,,,1.0
38,acetone_gsolv_eV,235,1.0000001192092896,0.0,0.6457109785639914,0.6457109785639914,,,,1.0
38,acetone_gsolv_eV,236,1.0000001192092896,0.0,0.6457109785639914,0.6457109785639914,,,,1.0
38,acetone_gsolv_eV,237,1.0000001192092896,0.0,0.6457109785639914,0.6457109785639914,,,,1.0
38,acetone_gsolv_eV,238,1.0000001192092896,0.0,0.6457109785639914,0.6457109785639914,,,,1.0
38,acetone_gsolv_eV,239,1.0000001192092896,0.0,0.6457109785639914,0.6457109785639914,,,,1.0
38,acetone_gsolv_eV,240,1.0000001192092896,0.0,0.6457109785639914,0.6457109785639914,,,,1.0
38,acetone_gsolv_eV,241,1.0000001192092896,0.0,0.6457109785639914,0.6457109785639914,,,,1.0
38,acetone_gsolv_eV,242,1.0000001192092896,0.0,0.6457109785639914,0.6457109785639914,,,,1.0
38,acetone_gsolv_eV,243,1.0000001192092896,0.0,0.6457109785639914,0.6457109785639914,,,,1.0
38,acetone_gsolv_eV,244,1.0000001192092896,0.0,0.6457109785639914,0.6457109785639914,,,,1.0
38,acetone_gsolv_eV,245,1.0000001192092896,0.0,0.6457109785639914,0.6457109785639914,,,,1.0
38,acetone_gsolv_eV,246,1.0000001192092896,0.0,0.6457109785639914,0.6457109785639914,,,,1.0
38,acetone_gsolv_eV,247,1.0000001192092896,0.0,0.6457109785639914,0.6457109785639914,,,,1.0
38,acetone_gsolv_eV,248,1.0000001192092896,0.0,0.6457109785639914,0.6457109785639914,,,,1.0
38,acetone_gsolv_eV,249,1.0000001192092896,0.0,0.6457109785639914,0.6457109785639914,,,,1.0
38,acetone_hl_gap_eV,0,0.9999998807907104,0.0,0.7135369605459445,0.7135369605459445,,,,1.0
38,acetone_hl_gap_eV,1,0.9999998807907104,0.0,0.7135369605459445,0.7135369605459445,,,,1.0
38,acetone_hl_gap_eV,2,0.9999998807907104,0.0,0.7135369605459445,0.7135369605459445,,,,1.0
38,acetone_hl_gap_eV,3,0.9999998807907104,0.0,0.7135369605459445,0.7135369605459445,,,,1.0
38,acetone_hl_gap_eV,4,0.9999998807907104,0.0,0.7135369605459445,0.7135369605459445,,,,1.0
38,acetone_hl_gap_eV,5,0.9999998807907104,0.0,0.7135369605459445,0.7135369605459445,,,,1.0
38,acetone_hl_gap_eV,6,0.9999998807907104,0.0,0.7135369605459445,0.7135369605459445,,,,1.0
38,acetone_hl_gap_eV,7,0.9999998807907104,0.0,0.7135369605459445,0.7135369605459445,,,,1.0
38,acetone_hl_gap_eV,8,0.9999998807907104,0.0,0.7135369605459445,0.7135369605459445,,,,1.0
38,acetone_hl_gap_eV,9,0.9999998807907104,0.0,0.7135369605459445,0.7135369605459445,,,,1.0
38,acetone_hl_gap_eV,10,0.9999998807907104,0.0,0.7135369605459445,0.7135369605459445,,,,1.0
38,acetone_hl_gap_eV,11,0.9999998807907104,0.0,0.7135369605459445,0.7135369605459445,,,,1.0
38,acetone_hl_gap_eV,12,0.9999998807907104,0.0,0.7135369605459445,0.7135369605459445,,,,1.0
38,acetone_hl_gap_eV,13,0.9999998807907104,0.0,0.7135369605459445,0.7135369605459445,,,,1.0
38,acetone_hl_gap_eV,14,0.9999998807907104,0.0,0.7135369605459445,0.7135369605459445,,,,1.0
38,acetone_hl_gap_eV,15,0.9999998807907104,0.0,0.7135369605459445,0.7135369605459445,,,,1.0
38,acetone_hl_gap_eV,16,0.9999998807907104,0.0,0.7135369605459445,0.7135369605459445,,,,1.0
38,acetone_hl_gap_eV,17,0.9999998807907104,0.0,0.7135369605459445,0.7135369605459445,,,,1.0
38,acetone_hl_gap_eV,18,0.9999998807907104,0.0,0.7135369605459445,0.7135369605459445,,,,1.0
38,acetone_hl_gap_eV,19,0.9999998807907104,0.0,0.7135369605459445,0.7135369605459445,,,,1.0
38,acetone_hl_gap_eV,20,0.9999998807907104,0.0,0.7135369605459445,0.7135369605459445,,,,1.0
38,acetone_hl_gap_eV,21,0.9999998807907104,0.0,0.7135369605459445,0.7135369605459445,,,,1.0
38,acetone_hl_gap_eV,22,0.9999998807907104,0.0,0.7135369605459445,0.7135369605459445,,,,1.0
38,acetone_hl_gap_eV,23,0.9999998807907104,0.0,0.7135369605459445,0.7135369605459445,,,,1.0
38,acetone_hl_gap_eV,24,0.9999998807907104,0.0,0.7135369605459445,0.7135369605459445,,,,1.0
38,acetone_hl_gap_eV,25,0.9999998807907104,0.0,0.7135369605459445,0.7135369605459445,,,,1.0
38,acetone_hl_gap_eV,26,0.9999998807907104,0.0,0.7135369605459445,0.7135369605459445,,,,1.0
38,acetone_hl_gap_eV,27,0.9999998807907104,0.0,0.7135369605459445,0.7135369605459445,,,,1.0
38,acetone_hl_gap_eV,28,0.9999998807907104,0.0,0.7135369605459445,0.7135369605459445,,,,1.0
38,acetone_hl_gap_eV,29,0.9999998807907104,0.0,0.7135369605459445,0.7135369605459445,,,,1.0
38,acetone_hl_gap_eV,30,0.9999998807907104,0.0,0.7135369605459445,0.7135369605459445,,,,1.0
38,acetone_hl_gap_eV,31,0.9999998807907104,0.0,0.7135369605459445,0.7135369605459445,,,,1.0
38,acetone_hl_gap_eV,32,0.9999998807907104,0.0,0.7135369605459445,0.7135369605459445,,,,1.0
38,acetone_hl_gap_eV,33,0.9999998807907104,0.0,0.7135369605459445,0.7135369605459445,,,,1.0
38,acetone_hl_gap_eV,34,0.9999998807907104,0.0,0.7135369605459445,0.7135369605459445,,,,1.0
38,acetone_hl_gap_eV,35,0.9999998807907104,0.0,0.7135369605459445,0.7135369605459445,,,,1.0
38,acetone_hl_gap_eV,36,0.9999998807907104,0.0,0.7135369605459445,0.7135369605459445,,,,1.0
38,acetone_hl_gap_eV,37,0.9999998807907104,0.0,0.7135369605459445,0.7135369605459445,,,,1.0
38,acetone_hl_gap_eV,38,0.9999998807907104,0.0,0.7135369605459445,0.7135369605459445,,,,1.0
38,acetone_hl_gap_eV,39,0.9999998807907104,0.0,0.7135369605459445,0.7135369605459445,,,,1.0
38,acetone_hl_gap_eV,40,0.9999998807907104,0.0,0.7135369605459445,0.7135369605459445,,,,1.0
38,acetone_hl_gap_eV,41,0.9999998807907104,0.0,0.7135369605459445,0.7135369605459445,,,,1.0
38,acetone_hl_gap_eV,42,0.9999998807907104,0.0,0.7135369605459445,0.7135369605459445,,,,1.0
38,acetone_hl_gap_eV,43,0.9999998807907104,0.0,0.7135369605459445,0.7135369605459445,,,,1.0
38,acetone_hl_gap_eV,44,0.9999998807907104,0.0,0.7135369605459445,0.7135369605459445,,,,1.0
38,acetone_hl_gap_eV,45,0.9999998807907104,0.0,0.7135369605459445,0.7135369605459445,,,,1.0
38,acetone_hl_gap_eV,46,0.9999998807907104,0.0,0.7135369605459445,0.7135369605459445,,,,1.0
38,acetone_hl_gap_eV,47,0.9999998807907104,0.0,0.7135369605459445,0.7135369605459445,,,,1.0
38,acetone_hl_gap_eV,48,0.9999998807907104,0.0,0.7135369605459445,0.7135369605459445,,,,1.0
38,acetone_hl_gap_eV,49,0.9999998807907104,0.0,0.7135369605459445,0.7135369605459445,,,,1.0
38,acetone_hl_gap_eV,50,0.9999998807907104,0.0,0.7135369605459445,0.7135369605459445,,,,1.0
38,acetone_hl_gap_eV,51,0.9999998807907104,0.0,0.7135369605459445,0.7135369605459445,,,,1.0
38,acetone_hl_gap_eV,52,0.9999998807907104,0.0,0.7135369605459445,0.7135369605459445,,,,1.0
38,acetone_hl_gap_eV,53,0.9999998807907104,0.0,0.7135369605459445,0.7135369605459445,,,,1.0
38,acetone_hl_gap_eV,54,0.9999998807907104,0.0,0.7135369605459445,0.7135369605459445,,,,1.0
38,acetone_hl_gap_eV,55,0.9999998807907104,0.0,0.7135369605459445,0.7135369605459445,,,,1.0
38,acetone_hl_gap_eV,56,0.9999998807907104,0.0,0.7135369605459445,0.7135369605459445,,,,1.0
38,acetone_hl_gap_eV,57,0.9999998807907104,0.0,0.7135369605459445,0.7135369605459445,,,,1.0
38,acetone_hl_gap_eV,58,0.9999998807907104,0.0,0.7135369605459445,0.7135369605459445,,,,1.0
38,acetone_hl_gap_eV,59,0.9999998807907104,0.0,0.7135369605459445,0.7135369605459445,,,,1.0
38,acetone_hl_gap_eV,60,0.9999998807907104,0.0,0.7135369605459445,0.7135369605459445,,,,1.0
38,acetone_hl_gap_eV,61,0.9999998807907104,0.0,0.7135369605459445,0.7135369605459445,,,,1.0
38,acetone_hl_gap_eV,62,0.9999998807907104,0.0,0.7135369605459445,0.7135369605459445,,,,1.0
38,acetone_hl_gap_eV,63,0.9999998807907104,0.0,0.7135369605459445,0.7135369605459445,,,,1.0
38,acetone_hl_gap_eV,64,0.9999998807907104,0.0,0.7135369605459445,0.7135369605459445,,,,1.0
38,acetone_hl_gap_eV,65,0.9999998807907104,0.0,0.7135369605459445,0.7135369605459445,,,,1.0
38,acetone_hl_gap_eV,66,0.9999998807907104,0.0,0.7135369605459445,0.7135369605459445,,,,1.0
38,acetone_hl_gap_eV,67,0.9999998807907104,0.0,0.7135369605459445,0.7135369605459445,,,,1.0
38,acetone_hl_gap_eV,68,0.9999998807907104,0.0,0.7135369605459445,0.7135369605459445,,,,1.0
38,acetone_hl_gap_eV,69,0.9999998807907104,0.0,0.7135369605459445,0.7135369605459445,,,,1.0
38,acetone_hl_gap_eV,70,0.9999998807907104,0.0,0.7135369605459445,0.7135369605459445,,,,1.0
38,acetone_hl_gap_eV,71,0.9999998807907104,0.0,0.7135369605459445,0.7135369605459445,,,,1.0
38,acetone_hl_gap_eV,72,0.9999998807907104,0.0,0.7135369605459445,0.7135369605459445,,,,1.0
38,acetone_hl_gap_eV,73,0.9999998807907104,0.0,0.7135369605459445,0.7135369605459445,,,,1.0
38,acetone_hl_gap_eV,74,0.9999998807907104,0.0,0.7135369605459445,0.7135369605459445,,,,1.0
38,acetone_hl_gap_eV,75,0.9999998807907104,0.0,0.7135369605459445,0.7135369605459445,,,,1.0
38,acetone_hl_gap_eV,76,0.9999998807907104,0.0,0.7135369605459445,0.7135369605459445,,,,1.0
38,acetone_hl_gap_eV,77,0.9999998807907104,0.0,0.7135369605459445,0.7135369605459445,,,,1.0
38,acetone_hl_gap_eV,78,0.9999998807907104,0.0,0.7135369605459445,0.7135369605459445,,,,1.0
38,acetone_hl_gap_eV,79,0.9999998807907104,0.0,0.7135369605459445,0.7135369605459445,,,,1.0
38,acetone_hl_gap_eV,80,0.9999998807907104,0.0,0.7135369605459445,0.7135369605459445,,,,1.0
38,acetone_hl_gap_eV,81,0.9999998807907104,0.0,0.7135369605459445,0.7135369605459445,,,,1.0
38,acetone_hl_gap_eV,82,0.9999998807907104,0.0,0.7135369605459445,0.7135369605459445,,,,1.0
38,acetone_hl_gap_eV,83,0.9999998807907104,0.0,0.7135369605459445,0.7135369605459445,,,,1.0
38,acetone_hl_gap_eV,84,0.9999998807907104,0.0,0.7135369605459445,0.7135369605459445,,,,1.0
38,acetone_hl_gap_eV,85,0.9999998807907104,0.0,0.7135369605459445,0.7135369605459445,,,,1.0
38,acetone_hl_gap_eV,86,0.9999998807907104,0.0,0.7135369605459445,0.7135369605459445,,,,1.0
38,acetone_hl_gap_eV,87,0.9999998807907104,0.0,0.7135369605459445,0.7135369605459445,,,,1.0
38,acetone_hl_gap_eV,88,0.9999998807907104,0.0,0.7135369605459445,0.7135369605459445,,,,1.0
38,acetone_hl_gap_eV,89,0.9999998807907104,0.0,0.7135369605459445,0.7135369605459445,,,,1.0
38,acetone_hl_gap_eV,90,0.9999998807907104,0.0,0.7135369605459445,0.7135369605459445,,,,1.0
38,acetone_hl_gap_eV,91,0.9999998807907104,0.0,0.7135369605459445,0.7135369605459445,,,,1.0
38,acetone_hl_gap_eV,92,0.9999998807907104,0.0,0.7135369605459445,0.7135369605459445,,,,1.0
38,acetone_hl_gap_eV,93,0.9999998807907104,0.0,0.7135369605459445,0.7135369605459445,,,,1.0
38,acetone_hl_gap_eV,94,0.9999998807907104,0.0,0.7135369605459445,0.7135369605459445,,,,1.0
38,acetone_hl_gap_eV,95,0.9999998807907104,0.0,0.7135369605459445,0.7135369605459445,,,,1.0
38,acetone_hl_gap_eV,96,0.9999998807907104,0.0,0.7135369605459445,0.7135369605459445,,,,1.0
38,acetone_hl_gap_eV,97,0.9999998807907104,0.0,0.7135369605459445,0.7135369605459445,,,,1.0
38,acetone_hl_gap_eV,98,0.9999998807907104,0.0,0.7135369605459445,0.7135369605459445,,,,1.0
38,acetone_hl_gap_eV,99,0.9999998807907104,0.0,0.7135369605459445,0.7135369605459445,,,,1.0
38,acetone_hl_gap_eV,100,0.9999998807907104,0.0,0.7135369605459445,0.7135369605459445,,,,1.0
38,acetone_hl_gap_eV,101,0.9999998807907104,0.0,0.7135369605459445,0.7135369605459445,,,,1.0
38,acetone_hl_gap_eV,102,0.9999998807907104,0.0,0.7135369605459445,0.7135369605459445,,,,1.0
38,acetone_hl_gap_eV,103,0.9999998807907104,0.0,0.7135369605459445,0.7135369605459445,,,,1.0
38,acetone_hl_gap_eV,104,0.9999998807907104,0.0,0.7135369605459445,0.7135369605459445,,,,1.0
38,acetone_hl_gap_eV,105,0.9999998807907104,0.0,0.7135369605459445,0.7135369605459445,,,,1.0
38,acetone_hl_gap_eV,106,0.9999998807907104,0.0,0.7135369605459445,0.7135369605459445,,,,1.0
38,acetone_hl_gap_eV,107,0.9999998807907104,0.0,0.7135369605459445,0.7135369605459445,,,,1.0
38,acetone_hl_gap_eV,108,0.9999998807907104,0.0,0.7135369605459445,0.7135369605459445,,,,1.0
38,acetone_hl_gap_eV,109,0.9999998807907104,0.0,0.7135369605459445,0.7135369605459445,,,,1.0
38,acetone_hl_gap_eV,110,0.9999998807907104,0.0,0.7135369605459445,0.7135369605459445,,,,1.0
38,acetone_hl_gap_eV,111,0.9999998807907104,0.0,0.7135369605459445,0.7135369605459445,,,,1.0
38,acetone_hl_gap_eV,112,0.9999998807907104,0.0,0.7135369605459445,0.7135369605459445,,,,1.0
38,acetone_hl_gap_eV,113,0.9999998807907104,0.0,0.7135369605459445,0.7135369605459445,,,,1.0
38,acetone_hl_gap_eV,114,0.9999998807907104,0.0,0.7135369605459445,0.7135369605459445,,,,1.0
38,acetone_hl_gap_eV,115,0.9999998807907104,0.0,0.7135369605459445,0.7135369605459445,,,,1.0
38,acetone_hl_gap_eV,116,0.9999998807907104,0.0,0.7135369605459445,0.7135369605459445,,,,1.0
38,acetone_hl_gap_eV,117,0.9999998807907104,0.0,0.7135369605459445,0.7135369605459445,,,,1.0
38,acetone_hl_gap_eV,118,0.9999998807907104,0.0,0.7135369605459445,0.7135369605459445,,,,1.0
38,acetone_hl_gap_eV,119,0.9999998807907104,0.0,0.7135369605459445,0.7135369605459445,,,,1.0
38,acetone_hl_gap_eV,120,0.9999998807907104,0.0,0.7135369605459445,0.7135369605459445,,,,1.0
38,acetone_hl_gap_eV,121,0.9999998807907104,0.0,0.7135369605459445,0.7135369605459445,,,,1.0
38,acetone_hl_gap_eV,122,0.9999998807907104,0.0,0.7135369605459445,0.7135369605459445,,,,1.0
38,acetone_hl_gap_eV,123,0.9999998807907104,0.0,0.7135369605459445,0.7135369605459445,,,,1.0
38,acetone_hl_gap_eV,124,0.9999998807907104,0.0,0.7135369605459445,0.7135369605459445,,,,1.0
38,acetone_hl_gap_eV,125,0.9999998807907104,0.0,0.7135369605459445,0.7135369605459445,,,,1.0
38,acetone_hl_gap_eV,126,0.9999998807907104,0.0,0.7135369605459445,0.7135369605459445,,,,1.0
38,acetone_hl_gap_eV,127,0.9999998807907104,0.0,0.7135369605459445,0.7135369605459445,,,,1.0
38,acetone_hl_gap_eV,128,0.9999998807907104,0.0,0.7135369605459445,0.7135369605459445,,,,1.0
38,acetone_hl_gap_eV,129,0.9999998807907104,0.0,0.7135369605459445,0.7135369605459445,,,,1.0
38,acetone_hl_gap_eV,130,0.9999998807907104,0.0,0.7135369605459445,0.7135369605459445,,,,1.0
38,acetone_hl_gap_eV,131,0.9999998807907104,0.0,0.7135369605459445,0.7135369605459445,,,,1.0
38,acetone_hl_gap_eV,132,0.9999998807907104,0.0,0.7135369605459445,0.7135369605459445,,,,1.0
38,acetone_hl_gap_eV,133,0.9999998807907104,0.0,0.7135369605459445,0.7135369605459445,,,,1.0
38,acetone_hl_gap_eV,134,0.9999998807907104,0.0,0.7135369605459445,0.7135369605459445,,,,1.0
38,acetone_hl_gap_eV,135,0.9999998807907104,0.0,0.7135369605459445,0.7135369605459445,,,,1.0
38,acetone_hl_gap_eV,136,0.9999998807907104,0.0,0.7135369605459445,0.7135369605459445,,,,1.0
38,acetone_hl_gap_eV,137,0.9999998807907104,0.0,0.7135369605459445,0.7135369605459445,,,,1.0
38,acetone_hl_gap_eV,138,0.9999998807907104,0.0,0.7135369605459445,0.7135369605459445,,,,1.0
38,acetone_hl_gap_eV,139,0.9999998807907104,0.0,0.7135369605459445,0.7135369605459445,,,,1.0
38,acetone_hl_gap_eV,140,0.9999998807907104,0.0,0.7135369605459445,0.7135369605459445,,,,1.0
38,acetone_hl_gap_eV,141,0.9999998807907104,0.0,0.7135369605459445,0.7135369605459445,,,,1.0
38,acetone_hl_gap_eV,142,0.9999998807907104,0.0,0.7135369605459445,0.7135369605459445,,,,1.0
38,acetone_hl_gap_eV,143,0.9999998807907104,0.0,0.7135369605459445,0.7135369605459445,,,,1.0
38,acetone_hl_gap_eV,144,0.9999998807907104,0.0,0.7135369605459445,0.7135369605459445,,,,1.0
38,acetone_hl_gap_eV,145,0.9999998807907104,0.0,0.7135369605459445,0.7135369605459445,,,,1.0
38,acetone_hl_gap_eV,146,0.9999998807907104,0.0,0.7135369605459445,0.7135369605459445,,,,1.0
38,acetone_hl_gap_eV,147,0.9999998807907104,0.0,0.7135369605459445,0.7135369605459445,,,,1.0
38,acetone_hl_gap_eV,148,0.9999998807907104,0.0,0.7135369605459445,0.7135369605459445,,,,1.0
38,acetone_hl_gap_eV,149,0.9999998807907104,0.0,0.7135369605459445,0.7135369605459445,,,,1.0
38,acetone_hl_gap_eV,150,0.9999998807907104,0.0,0.7135369605459445,0.7135369605459445,,,,1.0
38,acetone_hl_gap_eV,151,0.9999998807907104,0.0,0.7135369605459445,0.7135369605459445,,,,1.0
38,acetone_hl_gap_eV,152,0.9999998807907104,0.0,0.7135369605459445,0.7135369605459445,,,,1.0
38,acetone_hl_gap_eV,153,0.9999998807907104,0.0,0.7135369605459445,0.7135369605459445,,,,1.0
38,acetone_hl_gap_eV,154,0.9999998807907104,0.0,0.7135369605459445,0.7135369605459445,,,,1.0
38,acetone_hl_gap_eV,155,0.9999998807907104,0.0,0.7135369605459445,0.7135369605459445,,,,1.0
38,acetone_hl_gap_eV,156,0.9999998807907104,0.0,0.7135369605459445,0.7135369605459445,,,,1.0
38,acetone_hl_gap_eV,157,0.9999998807907104,0.0,0.7135369605459445,0.7135369605459445,,,,1.0
38,acetone_hl_gap_eV,158,0.9999998807907104,0.0,0.7135369605459445,0.7135369605459445,,,,1.0
38,acetone_hl_gap_eV,159,0.9999998807907104,0.0,0.7135369605459445,0.7135369605459445,,,,1.0
38,acetone_hl_gap_eV,160,0.9999998807907104,0.0,0.7135369605459445,0.7135369605459445,,,,1.0
38,acetone_hl_gap_eV,161,0.9999998807907104,0.0,0.7135369605459445,0.7135369605459445,,,,1.0
38,acetone_hl_gap_eV,162,0.9999998807907104,0.0,0.7135369605459445,0.7135369605459445,,,,1.0
38,acetone_hl_gap_eV,163,0.9999998807907104,0.0,0.7135369605459445,0.7135369605459445,,,,1.0
38,acetone_hl_gap_eV,164,0.9999998807907104,0.0,0.7135369605459445,0.7135369605459445,,,,1.0
38,acetone_hl_gap_eV,165,0.9999998807907104,0.0,0.7135369605459445,0.7135369605459445,,,,1.0
38,acetone_hl_gap_eV,166,0.9999998807907104,0.0,0.7135369605459445,0.7135369605459445,,,,1.0
38,acetone_hl_gap_eV,167,0.9999998807907104,0.0,0.7135369605459445,0.7135369605459445,,,,1.0
38,acetone_hl_gap_eV,168,0.9999998807907104,0.0,0.7135369605459445,0.7135369605459445,,,,1.0
38,acetone_hl_gap_eV,169,0.9999998807907104,0.0,0.7135369605459445,0.7135369605459445,,,,1.0
38,acetone_hl_gap_eV,170,0.9999998807907104,0.0,0.7135369605459445,0.7135369605459445,,,,1.0
38,acetone_hl_gap_eV,171,0.9999998807907104,0.0,0.7135369605459445,0.7135369605459445,,,,1.0
38,acetone_hl_gap_eV,172,0.9999998807907104,0.0,0.7135369605459445,0.7135369605459445,,,,1.0
38,acetone_hl_gap_eV,173,0.9999998807907104,0.0,0.7135369605459445,0.7135369605459445,,,,1.0
38,acetone_hl_gap_eV,174,0.9999998807907104,0.0,0.7135369605459445,0.7135369605459445,,,,1.0
38,acetone_hl_gap_eV,175,0.9999998807907104,0.0,0.7135369605459445,0.7135369605459445,,,,1.0
38,acetone_hl_gap_eV,176,0.9999998807907104,0.0,0.7135369605459445,0.7135369605459445,,,,1.0
38,acetone_hl_gap_eV,177,0.9999998807907104,0.0,0.7135369605459445,0.7135369605459445,,,,1.0
38,acetone_hl_gap_eV,178,0.9999998807907104,0.0,0.7135369605459445,0.7135369605459445,,,,1.0
38,acetone_hl_gap_eV,179,0.9999998807907104,0.0,0.7135369605459445,0.7135369605459445,,,,1.0
38,acetone_hl_gap_eV,180,0.9999998807907104,0.0,0.7135369605459445,0.7135369605459445,,,,1.0
38,acetone_hl_gap_eV,181,0.9999998807907104,0.0,0.7135369605459445,0.7135369605459445,,,,1.0
38,acetone_hl_gap_eV,182,0.9999998807907104,0.0,0.7135369605459445,0.7135369605459445,,,,1.0
38,acetone_hl_gap_eV,183,0.9999998807907104,0.0,0.7135369605459445,0.7135369605459445,,,,1.0
38,acetone_hl_gap_eV,184,0.9999998807907104,0.0,0.7135369605459445,0.7135369605459445,,,,1.0
38,acetone_hl_gap_eV,185,0.9999998807907104,0.0,0.7135369605459445,0.7135369605459445,,,,1.0
38,acetone_hl_gap_eV,186,0.9999998807907104,0.0,0.7135369605459445,0.7135369605459445,,,,1.0
38,acetone_hl_gap_eV,187,0.9999998807907104,0.0,0.7135369605459445,0.7135369605459445,,,,1.0
38,acetone_hl_gap_eV,188,0.9999998807907104,0.0,0.7135369605459445,0.7135369605459445,,,,1.0
38,acetone_hl_gap_eV,189,0.9999998807907104,0.0,0.7135369605459445,0.7135369605459445,,,,1.0
38,acetone_hl_gap_eV,190,0.9999998807907104,0.0,0.7135369605459445,0.7135369605459445,,,,1.0
38,acetone_hl_gap_eV,191,0.9999998807907104,0.0,0.7135369605459445,0.7135369605459445,,,,1.0
38,acetone_hl_gap_eV,192,0.9999998807907104,0.0,0.7135369605459445,0.7135369605459445,,,,1.0
38,acetone_hl_gap_eV,193,0.9999998807907104,0.0,0.7135369605459445,0.7135369605459445,,,,1.0
38,acetone_hl_gap_eV,194,0.9999998807907104,0.0,0.7135369605459445,0.7135369605459445,,,,1.0
38,acetone_hl_gap_eV,195,0.9999998807907104,0.0,0.7135369605459445,0.7135369605459445,,,,1.0
38,acetone_hl_gap_eV,196,0.9999998807907104,0.0,0.7135369605459445,0.7135369605459445,,,,1.0
38,acetone_hl_gap_eV,197,0.9999998807907104,0.0,0.7135369605459445,0.7135369605459445,,,,1.0
38,acetone_hl_gap_eV,198,0.9999998807907104,0.0,0.7135369605459445,0.7135369605459445,,,,1.0
38,acetone_hl_gap_eV,199,0.9999998807907104,0.0,0.7135369605459445,0.7135369605459445,,,,1.0
38,acetone_hl_gap_eV,200,0.9999998807907104,0.0,0.7135369605459445,0.7135369605459445,,,,1.0
38,acetone_hl_gap_eV,201,0.9999998807907104,0.0,0.7135369605459445,0.7135369605459445,,,,1.0
38,acetone_hl_gap_eV,202,0.9999998807907104,0.0,0.7135369605459445,0.7135369605459445,,,,1.0
38,acetone_hl_gap_eV,203,0.9999998807907104,0.0,0.7135369605459445,0.7135369605459445,,,,1.0
38,acetone_hl_gap_eV,204,0.9999998807907104,0.0,0.7135369605459445,0.7135369605459445,,,,1.0
38,acetone_hl_gap_eV,205,0.9999998807907104,0.0,0.7135369605459445,0.7135369605459445,,,,1.0
38,acetone_hl_gap_eV,206,0.9999998807907104,0.0,0.7135369605459445,0.7135369605459445,,,,1.0
38,acetone_hl_gap_eV,207,0.9999998807907104,0.0,0.7135369605459445,0.7135369605459445,,,,1.0
38,acetone_hl_gap_eV,208,0.9999998807907104,0.0,0.7135369605459445,0.7135369605459445,,,,1.0
38,acetone_hl_gap_eV,209,0.9999998807907104,0.0,0.7135369605459445,0.7135369605459445,,,,1.0
38,acetone_hl_gap_eV,210,0.9999998807907104,0.0,0.7135369605459445,0.7135369605459445,,,,1.0
38,acetone_hl_gap_eV,211,0.9999998807907104,0.0,0.7135369605459445,0.7135369605459445,,,,1.0
38,acetone_hl_gap_eV,212,0.9999998807907104,0.0,0.7135369605459445,0.7135369605459445,,,,1.0
38,acetone_hl_gap_eV,213,0.9999998807907104,0.0,0.7135369605459445,0.7135369605459445,,,,1.0
38,acetone_hl_gap_eV,214,0.9999998807907104,0.0,0.7135369605459445,0.7135369605459445,,,,1.0
38,acetone_hl_gap_eV,215,0.9999998807907104,0.0,0.7135369605459445,0.7135369605459445,,,,1.0
38,acetone_hl_gap_eV,216,0.9999998807907104,0.0,0.7135369605459445,0.7135369605459445,,,,1.0
38,acetone_hl_gap_eV,217,0.9999998807907104,0.0,0.7135369605459445,0.7135369605459445,,,,1.0
38,acetone_hl_gap_eV,218,0.9999998807907104,0.0,0.7135369605459445,0.7135369605459445,,,,1.0
38,acetone_hl_gap_eV,219,0.9999998807907104,0.0,0.7135369605459445,0.7135369605459445,,,,1.0
38,acetone_hl_gap_eV,220,0.9999998807907104,0.0,0.7135369605459445,0.7135369605459445,,,,1.0
38,acetone_hl_gap_eV,221,0.9999998807907104,0.0,0.7135369605459445,0.7135369605459445,,,,1.0
38,acetone_hl_gap_eV,222,0.9999998807907104,0.0,0.7135369605459445,0.7135369605459445,,,,1.0
38,acetone_hl_gap_eV,223,0.9999998807907104,0.0,0.7135369605459445,0.7135369605459445,,,,1.0
38,acetone_hl_gap_eV,224,0.9999998807907104,0.0,0.7135369605459445,0.7135369605459445,,,,1.0
38,acetone_hl_gap_eV,225,0.9999998807907104,0.0,0.7135369605459445,0.7135369605459445,,,,1.0
38,acetone_hl_gap_eV,226,0.9999998807907104,0.0,0.7135369605459445,0.7135369605459445,,,,1.0
38,acetone_hl_gap_eV,227,0.9999998807907104,0.0,0.7135369605459445,0.7135369605459445,,,,1.0
38,acetone_hl_gap_eV,228,0.9999998807907104,0.0,0.7135369605459445,0.7135369605459445,,,,1.0
38,acetone_hl_gap_eV,229,0.9999998807907104,0.0,0.7135369605459445,0.7135369605459445,,,,1.0
38,acetone_hl_gap_eV,230,0.9999998807907104,0.0,0.7135369605459445,0.7135369605459445,,,,1.0
38,acetone_hl_gap_eV,231,0.9999998807907104,0.0,0.7135369605459445,0.7135369605459445,,,,1.0
38,acetone_hl_gap_eV,232,0.9999998807907104,0.0,0.7135369605459445,0.7135369605459445,,,,1.0
38,acetone_hl_gap_eV,233,0.9999998807907104,0.0,0.7135369605459445,0.7135369605459445,,,,1.0
38,acetone_hl_gap_eV,234,0.9999998807907104,0.0,0.7135369605459445,0.7135369605459445,,,,1.0
38,acetone_hl_gap_eV,235,0.9999998807907104,0.0,0.7135369605459445,0.7135369605459445,,,,1.0
38,acetone_hl_gap_eV,236,0.9999998807907104,0.0,0.7135369605459445,0.7135369605459445,,,,1.0
38,acetone_hl_gap_eV,237,0.9999998807907104,0.0,0.7135369605459445,0.7135369605459445,,,,1.0
38,acetone_hl_gap_eV,238,0.9999998807907104,0.0,0.7135369605459445,0.7135369605459445,,,,1.0
38,acetone_hl_gap_eV,239,0.9999998807907104,0.0,0.7135369605459445,0.7135369605459445,,,,1.0
38,acetone_hl_gap_eV,240,0.9999998807907104,0.0,0.7135369605459445,0.7135369605459445,,,,1.0
38,acetone_hl_gap_eV,241,0.9999998807907104,0.0,0.7135369605459445,0.7135369605459445,,,,1.0
38,acetone_hl_gap_eV,242,0.9999998807907104,0.0,0.7135369605459445,0.7135369605459445,,,,1.0
38,acetone_hl_gap_eV,243,0.9999998807907104,0.0,0.7135369605459445,0.7135369605459445,,,,1.0
38,acetone_hl_gap_eV,244,0.9999998807907104,0.0,0.7135369605459445,0.7135369605459445,,,,1.0
38,acetone_hl_gap_eV,245,0.9999998807907104,0.0,0.7135369605459445,0.7135369605459445,,,,1.0
38,acetone_hl_gap_eV,246,0.9999998807907104,0.0,0.7135369605459445,0.7135369605459445,,,,1.0
38,acetone_hl_gap_eV,247,0.9999998807907104,0.0,0.7135369605459445,0.7135369605459445,,,,1.0
38,acetone_hl_gap_eV,248,0.9999998807907104,0.0,0.7135369605459445,0.7135369605459445,,,,1.0
38,acetone_hl_gap_eV,249,0.9999998807907104,0.0,0.7135369605459445,0.7135369605459445,,,,1.0
38,acetone_dipole,0,1.0,0.0,0.5857382403314813,0.5857382403314813,,,,1.0
38,acetone_dipole,1,1.0,0.0,0.5857382403314813,0.5857382403314813,,,,1.0
38,acetone_dipole,2,1.0,0.0,0.5857382403314813,0.5857382403314813,,,,1.0
38,acetone_dipole,3,1.0,0.0,0.5857382403314813,0.5857382403314813,,,,1.0
38,acetone_dipole,4,1.0,0.0,0.5857382403314813,0.5857382403314813,,,,1.0
38,acetone_dipole,5,1.0,0.0,0.5857382403314813,0.5857382403314813,,,,1.0
38,acetone_dipole,6,1.0,0.0,0.5857382403314813,0.5857382403314813,,,,1.0
38,acetone_dipole,7,1.0,0.0,0.5857382403314813,0.5857382403314813,,,,1.0
38,acetone_dipole,8,1.0,0.0,0.5857382403314813,0.5857382403314813,,,,1.0
38,acetone_dipole,9,1.0,0.0,0.5857382403314813,0.5857382403314813,,,,1.0
38,acetone_dipole,10,1.0,0.0,0.5857382403314813,0.5857382403314813,,,,1.0
38,acetone_dipole,11,1.0,0.0,0.5857382403314813,0.5857382403314813,,,,1.0
38,acetone_dipole,12,1.0,0.0,0.5857382403314813,0.5857382403314813,,,,1.0
38,acetone_dipole,13,1.0,0.0,0.5857382403314813,0.5857382403314813,,,,1.0
38,acetone_dipole,14,1.0,0.0,0.5857382403314813,0.5857382403314813,,,,1.0
38,acetone_dipole,15,1.0,0.0,0.5857382403314813,0.5857382403314813,,,,1.0
38,acetone_dipole,16,1.0,0.0,0.5857382403314813,0.5857382403314813,,,,1.0
38,acetone_dipole,17,1.0,0.0,0.5857382403314813,0.5857382403314813,,,,1.0
38,acetone_dipole,18,1.0,0.0,0.5857382403314813,0.5857382403314813,,,,1.0
38,acetone_dipole,19,1.0,0.0,0.5857382403314813,0.5857382403314813,,,,1.0
38,acetone_dipole,20,1.0,0.0,0.5857382403314813,0.5857382403314813,,,,1.0
38,acetone_dipole,21,1.0,0.0,0.5857382403314813,0.5857382403314813,,,,1.0
38,acetone_dipole,22,1.0,0.0,0.5857382403314813,0.5857382403314813,,,,1.0
38,acetone_dipole,23,1.0,0.0,0.5857382403314813,0.5857382403314813,,,,1.0
38,acetone_dipole,24,1.0,0.0,0.5857382403314813,0.5857382403314813,,,,1.0
38,acetone_dipole,25,1.0,0.0,0.5857382403314813,0.5857382403314813,,,,1.0
38,acetone_dipole,26,1.0,0.0,0.5857382403314813,0.5857382403314813,,,,1.0
38,acetone_dipole,27,1.0,0.0,0.5857382403314813,0.5857382403314813,,,,1.0
38,acetone_dipole,28,1.0,0.0,0.5857382403314813,0.5857382403314813,,,,1.0
38,acetone_dipole,29,1.0,0.0,0.5857382403314813,0.5857382403314813,,,,1.0
38,acetone_dipole,30,1.0,0.0,0.5857382403314813,0.5857382403314813,,,,1.0
38,acetone_dipole,31,1.0,0.0,0.5857382403314813,0.5857382403314813,,,,1.0
38,acetone_dipole,32,1.0,0.0,0.5857382403314813,0.5857382403314813,,,,1.0
38,acetone_dipole,33,1.0,0.0,0.5857382403314813,0.5857382403314813,,,,1.0
38,acetone_dipole,34,1.0,0.0,0.5857382403314813,0.5857382403314813,,,,1.0
38,acetone_dipole,35,1.0,0.0,0.5857382403314813,0.5857382403314813,,,,1.0
38,acetone_dipole,36,1.0,0.0,0.5857382403314813,0.5857382403314813,,,,1.0
38,acetone_dipole,37,1.0,0.0,0.5857382403314813,0.5857382403314813,,,,1.0
38,acetone_dipole,38,1.0,0.0,0.5857382403314813,0.5857382403314813,,,,1.0
38,acetone_dipole,39,1.0,0.0,0.5857382403314813,0.5857382403314813,,,,1.0
38,acetone_dipole,40,1.0,0.0,0.5857382403314813,0.5857382403314813,,,,1.0
38,acetone_dipole,41,1.0,0.0,0.5857382403314813,0.5857382403314813,,,,1.0
38,acetone_dipole,42,1.0,0.0,0.5857382403314813,0.5857382403314813,,,,1.0
38,acetone_dipole,43,1.0,0.0,0.5857382403314813,0.5857382403314813,,,,1.0
38,acetone_dipole,44,1.0,0.0,0.5857382403314813,0.5857382403314813,,,,1.0
38,acetone_dipole,45,1.0,0.0,0.5857382403314813,0.5857382403314813,,,,1.0
38,acetone_dipole,46,1.0,0.0,0.5857382403314813,0.5857382403314813,,,,1.0
38,acetone_dipole,47,1.0,0.0,0.5857382403314813,0.5857382403314813,,,,1.0
38,acetone_dipole,48,1.0,0.0,0.5857382403314813,0.5857382403314813,,,,1.0
38,acetone_dipole,49,1.0,0.0,0.5857382403314813,0.5857382403314813,,,,1.0
38,acetone_dipole,50,1.0,0.0,0.5857382403314813,0.5857382403314813,,,,1.0
38,acetone_dipole,51,1.0,0.0,0.5857382403314813,0.5857382403314813,,,,1.0
38,acetone_dipole,52,1.0,0.0,0.5857382403314813,0.5857382403314813,,,,1.0
38,acetone_dipole,53,1.0,0.0,0.5857382403314813,0.5857382403314813,,,,1.0
38,acetone_dipole,54,1.0,0.0,0.5857382403314813,0.5857382403314813,,,,1.0
38,acetone_dipole,55,1.0,0.0,0.5857382403314813,0.5857382403314813,,,,1.0
38,acetone_dipole,56,1.0,0.0,0.5857382403314813,0.5857382403314813,,,,1.0
38,acetone_dipole,57,1.0,0.0,0.5857382403314813,0.5857382403314813,,,,1.0
38,acetone_dipole,58,1.0,0.0,0.5857382403314813,0.5857382403314813,,,,1.0
38,acetone_dipole,59,1.0,0.0,0.5857382403314813,0.5857382403314813,,,,1.0
38,acetone_dipole,60,1.0,0.0,0.5857382403314813,0.5857382403314813,,,,1.0
38,acetone_dipole,61,1.0,0.0,0.5857382403314813,0.5857382403314813,,,,1.0
38,acetone_dipole,62,1.0,0.0,0.5857382403314813,0.5857382403314813,,,,1.0
38,acetone_dipole,63,1.0,0.0,0.5857382403314813,0.5857382403314813,,,,1.0
38,acetone_dipole,64,1.0,0.0,0.5857382403314813,0.5857382403314813,,,,1.0
38,acetone_dipole,65,1.0,0.0,0.5857382403314813,0.5857382403314813,,,,1.0
38,acetone_dipole,66,1.0,0.0,0.5857382403314813,0.5857382403314813,,,,1.0
38,acetone_dipole,67,1.0,0.0,0.5857382403314813,0.5857382403314813,,,,1.0
38,acetone_dipole,68,1.0,0.0,0.5857382403314813,0.5857382403314813,,,,1.0
38,acetone_dipole,69,1.0,0.0,0.5857382403314813,0.5857382403314813,,,,1.0
38,acetone_dipole,70,1.0,0.0,0.5857382403314813,0.5857382403314813,,,,1.0
38,acetone_dipole,71,1.0,0.0,0.5857382403314813,0.5857382403314813,,,,1.0
38,acetone_dipole,72,1.0,0.0,0.5857382403314813,0.5857382403314813,,,,1.0
38,acetone_dipole,73,1.0,0.0,0.5857382403314813,0.5857382403314813,,,,1.0
38,acetone_dipole,74,1.0,0.0,0.5857382403314813,0.5857382403314813,,,,1.0
38,acetone_dipole,75,1.0,0.0,0.5857382403314813,0.5857382403314813,,,,1.0
38,acetone_dipole,76,1.0,0.0,0.5857382403314813,0.5857382403314813,,,,1.0
38,acetone_dipole,77,1.0,0.0,0.5857382403314813,0.5857382403314813,,,,1.0
38,acetone_dipole,78,1.0,0.0,0.5857382403314813,0.5857382403314813,,,,1.0
38,acetone_dipole,79,1.0,0.0,0.5857382403314813,0.5857382403314813,,,,1.0
38,acetone_dipole,80,1.0,0.0,0.5857382403314813,0.5857382403314813,,,,1.0
38,acetone_dipole,81,1.0,0.0,0.5857382403314813,0.5857382403314813,,,,1.0
38,acetone_dipole,82,1.0,0.0,0.5857382403314813,0.5857382403314813,,,,1.0
38,acetone_dipole,83,1.0,0.0,0.5857382403314813,0.5857382403314813,,,,1.0
38,acetone_dipole,84,1.0,0.0,0.5857382403314813,0.5857382403314813,,,,1.0
38,acetone_dipole,85,1.0,0.0,0.5857382403314813,0.5857382403314813,,,,1.0
38,acetone_dipole,86,1.0,0.0,0.5857382403314813,0.5857382403314813,,,,1.0
38,acetone_dipole,87,1.0,0.0,0.5857382403314813,0.5857382403314813,,,,1.0
38,acetone_dipole,88,1.0,0.0,0.5857382403314813,0.5857382403314813,,,,1.0
38,acetone_dipole,89,1.0,0.0,0.5857382403314813,0.5857382403314813,,,,1.0
38,acetone_dipole,90,1.0,0.0,0.5857382403314813,0.5857382403314813,,,,1.0
38,acetone_dipole,91,1.0,0.0,0.5857382403314813,0.5857382403314813,,,,1.0
38,acetone_dipole,92,1.0,0.0,0.5857382403314813,0.5857382403314813,,,,1.0
38,acetone_dipole,93,1.0,0.0,0.5857382403314813,0.5857382403314813,,,,1.0
38,acetone_dipole,94,1.0,0.0,0.5857382403314813,0.5857382403314813,,,,1.0
38,acetone_dipole,95,1.0,0.0,0.5857382403314813,0.5857382403314813,,,,1.0
38,acetone_dipole,96,1.0,0.0,0.5857382403314813,0.5857382403314813,,,,1.0
38,acetone_dipole,97,1.0,0.0,0.5857382403314813,0.5857382403314813,,,,1.0
38,acetone_dipole,98,1.0,0.0,0.5857382403314813,0.5857382403314813,,,,1.0
38,acetone_dipole,99,1.0,0.0,0.5857382403314813,0.5857382403314813,,,,1.0
38,acetone_dipole,100,1.0,0.0,0.5857382403314813,0.5857382403314813,,,,1.0
38,acetone_dipole,101,1.0,0.0,0.5857382403314813,0.5857382403314813,,,,1.0
38,acetone_dipole,102,1.0,0.0,0.5857382403314813,0.5857382403314813,,,,1.0
38,acetone_dipole,103,1.0,0.0,0.5857382403314813,0.5857382403314813,,,,1.0
38,acetone_dipole,104,1.0,0.0,0.5857382403314813,0.5857382403314813,,,,1.0
38,acetone_dipole,105,1.0,0.0,0.5857382403314813,0.5857382403314813,,,,1.0
38,acetone_dipole,106,1.0,0.0,0.5857382403314813,0.5857382403314813,,,,1.0
38,acetone_dipole,107,1.0,0.0,0.5857382403314813,0.5857382403314813,,,,1.0
38,acetone_dipole,108,1.0,0.0,0.5857382403314813,0.5857382403314813,,,,1.0
38,acetone_dipole,109,1.0,0.0,0.5857382403314813,0.5857382403314813,,,,1.0
38,acetone_dipole,110,1.0,0.0,0.5857382403314813,0.5857382403314813,,,,1.0
38,acetone_dipole,111,1.0,0.0,0.5857382403314813,0.5857382403314813,,,,1.0
38,acetone_dipole,112,1.0,0.0,0.5857382403314813,0.5857382403314813,,,,1.0
38,acetone_dipole,113,1.0,0.0,0.5857382403314813,0.5857382403314813,,,,1.0
38,acetone_dipole,114,1.0,0.0,0.5857382403314813,0.5857382403314813,,,,1.0
38,acetone_dipole,115,1.0,0.0,0.5857382403314813,0.5857382403314813,,,,1.0
38,acetone_dipole,116,1.0,0.0,0.5857382403314813,0.5857382403314813,,,,1.0
38,acetone_dipole,117,1.0,0.0,0.5857382403314813,0.5857382403314813,,,,1.0
38,acetone_dipole,118,1.0,0.0,0.5857382403314813,0.5857382403314813,,,,1.0
38,acetone_dipole,119,1.0,0.0,0.5857382403314813,0.5857382403314813,,,,1.0
38,acetone_dipole,120,1.0,0.0,0.5857382403314813,0.5857382403314813,,,,1.0
38,acetone_dipole,121,1.0,0.0,0.5857382403314813,0.5857382403314813,,,,1.0
38,acetone_dipole,122,1.0,0.0,0.5857382403314813,0.5857382403314813,,,,1.0
38,acetone_dipole,123,1.0,0.0,0.5857382403314813,0.5857382403314813,,,,1.0
38,acetone_dipole,124,1.0,0.0,0.5857382403314813,0.5857382403314813,,,,1.0
38,acetone_dipole,125,1.0,0.0,0.5857382403314813,0.5857382403314813,,,,1.0
38,acetone_dipole,126,1.0,0.0,0.5857382403314813,0.5857382403314813,,,,1.0
38,acetone_dipole,127,1.0,0.0,0.5857382403314813,0.5857382403314813,,,,1.0
38,acetone_dipole,128,1.0,0.0,0.5857382403314813,0.5857382403314813,,,,1.0
38,acetone_dipole,129,1.0,0.0,0.5857382403314813,0.5857382403314813,,,,1.0
38,acetone_dipole,130,1.0,0.0,0.5857382403314813,0.5857382403314813,,,,1.0
38,acetone_dipole,131,1.0,0.0,0.5857382403314813,0.5857382403314813,,,,1.0
38,acetone_dipole,132,1.0,0.0,0.5857382403314813,0.5857382403314813,,,,1.0
38,acetone_dipole,133,1.0,0.0,0.5857382403314813,0.5857382403314813,,,,1.0
38,acetone_dipole,134,1.0,0.0,0.5857382403314813,0.5857382403314813,,,,1.0
38,acetone_dipole,135,1.0,0.0,0.5857382403314813,0.5857382403314813,,,,1.0
38,acetone_dipole,136,1.0,0.0,0.5857382403314813,0.5857382403314813,,,,1.0
38,acetone_dipole,137,1.0,0.0,0.5857382403314813,0.5857382403314813,,,,1.0
38,acetone_dipole,138,1.0,0.0,0.5857382403314813,0.5857382403314813,,,,1.0
38,acetone_dipole,139,1.0,0.0,0.5857382403314813,0.5857382403314813,,,,1.0
38,acetone_dipole,140,1.0,0.0,0.5857382403314813,0.5857382403314813,,,,1.0
38,acetone_dipole,141,1.0,0.0,0.5857382403314813,0.5857382403314813,,,,1.0
38,acetone_dipole,142,1.0,0.0,0.5857382403314813,0.5857382403314813,,,,1.0
38,acetone_dipole,143,1.0,0.0,0.5857382403314813,0.5857382403314813,,,,1.0
38,acetone_dipole,144,1.0,0.0,0.5857382403314813,0.5857382403314813,,,,1.0
38,acetone_dipole,145,1.0,0.0,0.5857382403314813,0.5857382403314813,,,,1.0
38,acetone_dipole,146,1.0,0.0,0.5857382403314813,0.5857382403314813,,,,1.0
38,acetone_dipole,147,1.0,0.0,0.5857382403314813,0.5857382403314813,,,,1.0
38,acetone_dipole,148,1.0,0.0,0.5857382403314813,0.5857382403314813,,,,1.0
38,acetone_dipole,149,1.0,0.0,0.5857382403314813,0.5857382403314813,,,,1.0
38,acetone_dipole,150,1.0,0.0,0.5857382403314813,0.5857382403314813,,,,1.0
38,acetone_dipole,151,1.0,0.0,0.5857382403314813,0.5857382403314813,,,,1.0
38,acetone_dipole,152,1.0,0.0,0.5857382403314813,0.5857382403314813,,,,1.0
38,acetone_dipole,153,1.0,0.0,0.5857382403314813,0.5857382403314813,,,,1.0
38,acetone_dipole,154,1.0,0.0,0.5857382403314813,0.5857382403314813,,,,1.0
38,acetone_dipole,155,1.0,0.0,0.5857382403314813,0.5857382403314813,,,,1.0
38,acetone_dipole,156,1.0,0.0,0.5857382403314813,0.5857382403314813,,,,1.0
38,acetone_dipole,157,1.0,0.0,0.5857382403314813,0.5857382403314813,,,,1.0
38,acetone_dipole,158,1.0,0.0,0.5857382403314813,0.5857382403314813,,,,1.0
38,acetone_dipole,159,1.0,0.0,0.5857382403314813,0.5857382403314813,,,,1.0
38,acetone_dipole,160,1.0,0.0,0.5857382403314813,0.5857382403314813,,,,1.0
38,acetone_dipole,161,1.0,0.0,0.5857382403314813,0.5857382403314813,,,,1.0
38,acetone_dipole,162,1.0,0.0,0.5857382403314813,0.5857382403314813,,,,1.0
38,acetone_dipole,163,1.0,0.0,0.5857382403314813,0.5857382403314813,,,,1.0
38,acetone_dipole,164,1.0,0.0,0.5857382403314813,0.5857382403314813,,,,1.0
38,acetone_dipole,165,1.0,0.0,0.5857382403314813,0.5857382403314813,,,,1.0
38,acetone_dipole,166,1.0,0.0,0.5857382403314813,0.5857382403314813,,,,1.0
38,acetone_dipole,167,1.0,0.0,0.5857382403314813,0.5857382403314813,,,,1.0
38,acetone_dipole,168,1.0,0.0,0.5857382403314813,0.5857382403314813,,,,1.0
38,acetone_dipole,169,1.0,0.0,0.5857382403314813,0.5857382403314813,,,,1.0
38,acetone_dipole,170,1.0,0.0,0.5857382403314813,0.5857382403314813,,,,1.0
38,acetone_dipole,171,1.0,0.0,0.5857382403314813,0.5857382403314813,,,,1.0
38,acetone_dipole,172,1.0,0.0,0.5857382403314813,0.5857382403314813,,,,1.0
38,acetone_dipole,173,1.0,0.0,0.5857382403314813,0.5857382403314813,,,,1.0
38,acetone_dipole,174,1.0,0.0,0.5857382403314813,0.5857382403314813,,,,1.0
38,acetone_dipole,175,1.0,0.0,0.5857382403314813,0.5857382403314813,,,,1.0
38,acetone_dipole,176,1.0,0.0,0.5857382403314813,0.5857382403314813,,,,1.0
38,acetone_dipole,177,1.0,0.0,0.5857382403314813,0.5857382403314813,,,,1.0
38,acetone_dipole,178,1.0,0.0,0.5857382403314813,0.5857382403314813,,,,1.0
38,acetone_dipole,179,1.0,0.0,0.5857382403314813,0.5857382403314813,,,,1.0
38,acetone_dipole,180,1.0,0.0,0.5857382403314813,0.5857382403314813,,,,1.0
38,acetone_dipole,181,1.0,0.0,0.5857382403314813,0.5857382403314813,,,,1.0
38,acetone_dipole,182,1.0,0.0,0.5857382403314813,0.5857382403314813,,,,1.0
38,acetone_dipole,183,1.0,0.0,0.5857382403314813,0.5857382403314813,,,,1.0
38,acetone_dipole,184,1.0,0.0,0.5857382403314813,0.5857382403314813,,,,1.0
38,acetone_dipole,185,1.0,0.0,0.5857382403314813,0.5857382403314813,,,,1.0
38,acetone_dipole,186,1.0,0.0,0.5857382403314813,0.5857382403314813,,,,1.0
38,acetone_dipole,187,1.0,0.0,0.5857382403314813,0.5857382403314813,,,,1.0
38,acetone_dipole,188,1.0,0.0,0.5857382403314813,0.5857382403314813,,,,1.0
38,acetone_dipole,189,1.0,0.0,0.5857382403314813,0.5857382403314813,,,,1.0
38,acetone_dipole,190,1.0,0.0,0.5857382403314813,0.5857382403314813,,,,1.0
38,acetone_dipole,191,1.0,0.0,0.5857382403314813,0.5857382403314813,,,,1.0
38,acetone_dipole,192,1.0,0.0,0.5857382403314813,0.5857382403314813,,,,1.0
38,acetone_dipole,193,1.0,0.0,0.5857382403314813,0.5857382403314813,,,,1.0
38,acetone_dipole,194,1.0,0.0,0.5857382403314813,0.5857382403314813,,,,1.0
38,acetone_dipole,195,1.0,0.0,0.5857382403314813,0.5857382403314813,,,,1.0
38,acetone_dipole,196,1.0,0.0,0.5857382403314813,0.5857382403314813,,,,1.0
38,acetone_dipole,197,1.0,0.0,0.5857382403314813,0.5857382403314813,,,,1.0
38,acetone_dipole,198,1.0,0.0,0.5857382403314813,0.5857382403314813,,,,1.0
38,acetone_dipole,199,1.0,0.0,0.5857382403314813,0.5857382403314813,,,,1.0
38,acetone_dipole,200,1.0,0.0,0.5857382403314813,0.5857382403314813,,,,1.0
38,acetone_dipole,201,1.0,0.0,0.5857382403314813,0.5857382403314813,,,,1.0
38,acetone_dipole,202,1.0,0.0,0.5857382403314813,0.5857382403314813,,,,1.0
38,acetone_dipole,203,1.0,0.0,0.5857382403314813,0.5857382403314813,,,,1.0
38,acetone_dipole,204,1.0,0.0,0.5857382403314813,0.5857382403314813,,,,1.0
38,acetone_dipole,205,1.0,0.0,0.5857382403314813,0.5857382403314813,,,,1.0
38,acetone_dipole,206,1.0,0.0,0.5857382403314813,0.5857382403314813,,,,1.0
38,acetone_dipole,207,1.0,0.0,0.5857382403314813,0.5857382403314813,,,,1.0
38,acetone_dipole,208,1.0,0.0,0.5857382403314813,0.5857382403314813,,,,1.0
38,acetone_dipole,209,1.0,0.0,0.5857382403314813,0.5857382403314813,,,,1.0
38,acetone_dipole,210,1.0,0.0,0.5857382403314813,0.5857382403314813,,,,1.0
38,acetone_dipole,211,1.0,0.0,0.5857382403314813,0.5857382403314813,,,,1.0
38,acetone_dipole,212,1.0,0.0,0.5857382403314813,0.5857382403314813,,,,1.0
38,acetone_dipole,213,1.0,0.0,0.5857382403314813,0.5857382403314813,,,,1.0
38,acetone_dipole,214,1.0,0.0,0.5857382403314813,0.5857382403314813,,,,1.0
38,acetone_dipole,215,1.0,0.0,0.5857382403314813,0.5857382403314813,,,,1.0
38,acetone_dipole,216,1.0,0.0,0.5857382403314813,0.5857382403314813,,,,1.0
38,acetone_dipole,217,1.0,0.0,0.5857382403314813,0.5857382403314813,,,,1.0
38,acetone_dipole,218,1.0,0.0,0.5857382403314813,0.5857382403314813,,,,1.0
38,acetone_dipole,219,1.0,0.0,0.5857382403314813,0.5857382403314813,,,,1.0
38,acetone_dipole,220,1.0,0.0,0.5857382403314813,0.5857382403314813,,,,1.0
38,acetone_dipole,221,1.0,0.0,0.5857382403314813,0.5857382403314813,,,,1.0
38,acetone_dipole,222,1.0,0.0,0.5857382403314813,0.5857382403314813,,,,1.0
38,acetone_dipole,223,1.0,0.0,0.5857382403314813,0.5857382403314813,,,,1.0
38,acetone_dipole,224,1.0,0.0,0.5857382403314813,0.5857382403314813,,,,1.0
38,acetone_dipole,225,1.0,0.0,0.5857382403314813,0.5857382403314813,,,,1.0
38,acetone_dipole,226,1.0,0.0,0.5857382403314813,0.5857382403314813,,,,1.0
38,acetone_dipole,227,1.0,0.0,0.5857382403314813,0.5857382403314813,,,,1.0
38,acetone_dipole,228,1.0,0.0,0.5857382403314813,0.5857382403314813,,,,1.0
38,acetone_dipole,229,1.0,0.0,0.5857382403314813,0.5857382403314813,,,,1.0
38,acetone_dipole,230,1.0,0.0,0.5857382403314813,0.5857382403314813,,,,1.0
38,acetone_dipole,231,1.0,0.0,0.5857382403314813,0.5857382403314813,,,,1.0
38,acetone_dipole,232,1.0,0.0,0.5857382403314813,0.5857382403314813,,,,1.0
38,acetone_dipole,233,1.0,0.0,0.5857382403314813,0.5857382403314813,,,,1.0
38,acetone_dipole,234,1.0,0.0,0.5857382403314813,0.5857382403314813,,,,1.0
38,acetone_dipole,235,1.0,0.0,0.5857382403314813,0.5857382403314813,,,,1.0
38,acetone_dipole,236,1.0,0.0,0.5857382403314813,0.5857382403314813,,,,1.0
38,acetone_dipole,237,1.0,0.0,0.5857382403314813,0.5857382403314813,,,,1.0
38,acetone_dipole,238,1.0,0.0,0.5857382403314813,0.5857382403314813,,,,1.0
38,acetone_dipole,239,1.0,0.0,0.5857382403314813,0.5857382403314813,,,,1.0
38,acetone_dipole,240,1.0,0.0,0.5857382403314813,0.5857382403314813,,,,1.0
38,acetone_dipole,241,1.0,0.0,0.5857382403314813,0.5857382403314813,,,,1.0
38,acetone_dipole,242,1.0,0.0,0.5857382403314813,0.5857382403314813,,,,1.0
38,acetone_dipole,243,1.0,0.0,0.5857382403314813,0.5857382403314813,,,,1.0
38,acetone_dipole,244,1.0,0.0,0.5857382403314813,0.5857382403314813,,,,1.0
38,acetone_dipole,245,1.0,0.0,0.5857382403314813,0.5857382403314813,,,,1.0
38,acetone_dipole,246,1.0,0.0,0.5857382403314813,0.5857382403314813,,,,1.0
38,acetone_dipole,247,1.0,0.0,0.5857382403314813,0.5857382403314813,,,,1.0
38,acetone_dipole,248,1.0,0.0,0.5857382403314813,0.5857382403314813,,,,1.0
38,acetone_dipole,249,1.0,0.0,0.5857382403314813,0.5857382403314813,,,,1.0
38,octanol_gsolv_eV,0,0.31705665588378906,0.05208733305335045,0.6489567963372798,0.9136587269086685,12.220621109008789,0.8584378361701965,0.07024502506974657,0.34
38,octanol_gsolv_eV,1,0.28101110458374023,0.06435394287109375,0.6335617720847133,0.9090846096219642,14.530511856079102,0.7479439377784729,0.051474025497977006,0.2
38,octanol_gsolv_eV,2,0.19843657314777374,0.04640651121735573,0.6439125938047403,0.9668329833398739,10.467427253723145,0.046295296400785446,0.004422796096750396,0.12
38,octanol_gsolv_eV,3,0.2463238686323166,0.05977519601583481,0.6445086880638062,0.9003574780227255,13.762924194335938,0.945293128490448,0.06868403219713139,0.18
38,octanol_gsolv_eV,4,0.25094154477119446,0.04949851334095001,0.6490393577470777,0.9226664557300068,11.551548957824707,0.4786699414253235,0.04143772780368865,0.22
38,octanol_gsolv_eV,5,0.27257755398750305,0.04876726120710373,0.6476474067267077,0.9118511713287685,11.334467887878418,0.8812112808227539,0.0777461535503718,0.22
38,octanol_gsolv_eV,6,0.4226580560207367,0.04688047990202904,0.6522331965562866,0.9133880860705059,11.08041000366211,0.9866305589675903,0.08904278439529818,0.44
38,octanol_gsolv_eV,7,0.3250234127044678,0.03968513011932373,0.6492414417116972,0.9118471664256282,9.194683074951172,1.0984909534454346,0.11947023562324013,0.3
38,octanol_gsolv_eV,8,0.3545360565185547,0.04583483934402466,0.6495367253017372,0.9152886917013165,10.77195930480957,0.8474575877189636,0.07867255749291426,0.34
38,octanol_gsolv_eV,9,0.2749609351158142,0.048440299928188324,0.6455952776022331,0.9163922946050487,11.152291297912598,0.7571637034416199,0.06789310673613234,0.24
38,octanol_gsolv_eV,10,0.1586075872182846,0.036496322602033615,0.6479666787212983,0.9174020974933597,8.364034652709961,0.3204481303691864,0.03831262586476261,0.12
38,octanol_gsolv_eV,11,0.3247358798980713,0.052149802446365356,0.6470199306077067,0.9192700215035168,12.115357398986816,0.7413203120231628,0.06118848067042232,0.32
38,octanol_gsolv_eV,12,0.27416664361953735,0.05186120793223381,0.6479044947708217,0.9105757441483779,12.017620086669922,0.6846831440925598,0.05697327250775867,0.28
38,octanol_gsolv_eV,13,0.29140985012054443,0.05461704730987549,0.6467594114517357,0.9459271333033228,12.595292091369629,0.4907742440700531,0.03896489581264531,0.22
38,octanol_gsolv_eV,14,0.23971228301525116,0.05013349652290344,0.6457511180895874,0.9304789292129334,11.510235786437988,0.3209618330001831,0.02788490513620568,0.22
38,octanol_gsolv_eV,15,0.3634362518787384,0.04414769634604454,0.6472989004658996,0.9229847747860989,10.317220687866211,0.9771072268486023,0.09470643852735944,0.28
38,octanol_gsolv_eV,16,0.20258238911628723,0.04452204704284668,0.6496355554001259,0.9296176228182151,10.271990776062012,0.36163726449012756,0.0352061515994438,0.16
38,octanol_gsolv_eV,17,0.34972599148750305,0.051400553435087204,0.6452136163136941,0.90296805383696,12.031771659851074,1.024058222770691,0.0851128372214609,0.26
38,octanol_gsolv_eV,18,0.18875621259212494,0.036471888422966,0.6464101139065639,0.9773236974349899,8.178088188171387,0.09826429188251495,0.012015557868970201,0.24
38,octanol_gsolv_eV,19,0.16245310008525848,0.04784616455435753,0.6497480248413581,0.9653805274093219,11.037237167358398,0.009837071411311626,0.0008912621213217969,0.2
38,octanol_gsolv_eV,20,0.16393715143203735,0.048204343765974045,0.6466685943697343,0.9504575472871131,11.07451057434082,0.05588403716683388,0.005046185724569613,0.1
38,octanol_gsolv_eV,21,0.22482037544250488,0.07060721516609192,0.6236158687423512,0.950567714326068,15.177529335021973,0.33545640110969543,0.022102174451782062,0.08
38,octanol_gsolv_eV,22,0.27756327390670776,0.055880554020404816,0.6431905314470512,0.8942846708947025,12.82083511352539,0.8686179518699646,0.06775049707593639,0.22
38,octanol_gsolv_eV,23,0.11331989616155624,0.044695235788822174,0.6468114591162566,0.9702063759835002,10.254620552062988,0.009869715198874474,0.0009624651783813609,0.14
38,octanol_gsolv_eV,24,0.3108871877193451,0.04565702751278877,0.6481344112919418,0.913230639939776,10.704082489013672,0.7706961631774902,0.0720002077682518,0.22
38,octanol_gsolv_eV,25,0.06060701608657837,0.04663672670722008,0.6484804465457727,0.9642086314290319,10.693337440490723,0.009581579826772213,0.0008960326820409877,0.02
38,octanol_gsolv_eV,26,0.29636409878730774,0.039894428104162216,0.6449391805625782,0.9056353210372221,9.159939765930176,0.673987865447998,0.07357994513837895,0.24
38,octanol_gsolv_eV,27,0.18643267452716827,0.048080235719680786,0.6483259706143694,0.9645239603086078,11.04537296295166,0.18009167909622192,0.01630471688917021,0.14
38,octanol_gsolv_eV,28,0.44291260838508606,0.04902470484375954,0.6531607368589758,0.907213715482559,11.611842155456543,1.7613109350204468,0.15168230083051773,0.22
38,octanol_gsolv_eV,29,0.1588754951953888,0.0509207621216774,0.6345342337007362,0.9704641302060042,11.457453727722168,0.013579517602920532,0.0011852125197821112,0.12
38,octanol_gsolv_eV,30,0.08131664991378784,0.05854432284832001,0.6434082557906999,0.974267404224145,13.237381935119629,0.035142794251441956,0.002654814556510291,0.06
38,octanol_gsolv_eV,31,0.22430619597434998,0.0531916618347168,0.6473594354488201,0.9403824887268835,12.374661445617676,0.4595373570919037,0.037135347832456686,0.14
38,octanol_gsolv_eV,32,0.29055526852607727,0.04724215343594551,0.648536163031467,0.9347620397516088,11.05923843383789,0.5307690501213074,0.04799327307179817,0.24
38,octanol_gsolv_eV,33,0.1570875495672226,0.05268778279423714,0.6457855680190003,0.9282673258181473,12.021947860717773,0.31150928139686584,0.025911714557899198,0.12
38,octanol_gsolv_eV,34,0.23853124678134918,0.04996293783187866,0.6457846263080058,0.9466868614730533,11.500765800476074,0.46936070919036865,0.040811257035678394,0.24
38,octanol_gsolv_eV,35,0.32702475786209106,0.04846648871898651,0.6492351775944354,0.92224860229319,11.302682876586914,0.5175619125366211,0.04579106732338136,0.22
38,octanol_gsolv_eV,36,0.2631782293319702,0.0533006526529789,0.6479590177599373,0.9307070149782701,12.398995399475098,0.30859747529029846,0.024888909572735443,0.2
38,octanol_gsolv_eV,37,0.2750071883201599,0.04934858903288841,0.6480239949526383,0.9180894111736835,11.512113571166992,0.5001568794250488,0.04344613839440671,0.18
38,octanol_gsolv_eV,38,0.16317379474639893,0.0457703173160553,0.6479016026011519,0.943094646376865,10.457551956176758,0.2636558711528778,0.025212006811704085,0.1
38,octanol_gsolv_eV,39,0.34200936555862427,0.05719622224569321,0.6469511035682818,0.9095551981766177,13.189485549926758,2.6030986309051514,0.1973616500091322,0.26
38,octanol_gsolv_eV,40,0.1370363086462021,0.04557058587670326,0.6478100009047312,0.9731452027306009,10.466069221496582,0.013859243132174015,0.0013242070961759062,0.12
38,octanol_gsolv_eV,41,0.29437464475631714,0.0543644018471241,0.6483780311459166,0.9187655392403993,12.560441017150879,0.7663946151733398,0.061016537088693985,0.24
38,octanol_gsolv_eV,42,0.3253200054168701,0.031043777242302895,0.6522959436952116,0.9155718151143135,7.192515850067139,1.0091077089309692,0.14029968511248392,0.28
38,octanol_gsolv_eV,43,0.3653518259525299,0.04409034922719002,0.6510540045970754,0.9149100621529553,10.258367538452148,1.5692598819732666,0.15297364576684364,0.28
38,octanol_gsolv_eV,44,0.125247985124588,0.04454469308257103,0.6482896115115551,0.9699332455880416,10.24166488647461,0.01799418032169342,0.0017569585141822958,0.14
38,octanol_gsolv_eV,45,0.1321776658296585,0.04928634688258171,0.6482248875141012,0.972901210705791,11.366071701049805,0.010707021690905094,0.0009420160256349748,0.12
38,octanol_gsolv_eV,46,0.40544959902763367,0.05836182087659836,0.647587478089904,0.9268279855940482,13.465778350830078,1.7691161632537842,0.13137867839215767,0.3
38,octanol_gsolv_eV,47,0.2863219380378723,0.04944409057497978,0.6483787462675983,0.936403784908989,11.498945236206055,0.5159375667572021,0.04486825149255427,0.18
38,octanol_gsolv_eV,48,0.4200984537601471,0.04448920860886574,0.6526240819351423,0.9052921061460519,10.51171875,1.5047439336776733,0.14314918135320862,0.22
38,octanol_gsolv_eV,49,0.3853827714920044,0.0352209247648716,0.648125741100827,0.9115557091368773,8.162238121032715,0.999001681804657,0.12239310676692924,0.28
38,octanol_gsolv_eV,50,0.1318514049053192,0.0508074015378952,0.6460619605195463,0.9698466354610984,11.601495742797852,0.010788988322019577,0.0009299652873395506,0.16
38,octanol_gsolv_eV,51,0.2114764004945755,0.05020590499043465,0.6472388823716682,0.9186278296721804,11.618826866149902,0.46567538380622864,0.04007938057523859,0.2
38,octanol_gsolv_eV,52,0.278558611869812,0.04216201603412628,0.6462365876850316,0.933509444824618,9.760408401489258,0.4813852608203888,0.049320196555191105,0.28
38,octanol_gsolv_eV,53,0.32557007670402527,0.04970725625753403,0.6500994383754759,0.9143891541212306,11.66437816619873,0.6716520190238953,0.0575814680777602,0.22
38,octanol_gsolv_eV,54,0.19198834896087646,0.04904705658555031,0.6472516856281643,0.9526151487014098,11.331262588500977,0.3296678960323334,0.029093659550956136,0.18
38,octanol_gsolv_eV,55,0.24087588489055634,0.05107598751783371,0.6458682977267134,0.910196691154707,11.846968650817871,0.5610795617103577,0.04736060153848916,0.26
38,octanol_gsolv_eV,56,0.09500247985124588,0.05070468783378601,0.6450441075529036,0.9770095861134662,11.504603385925293,0.013641429133713245,0.0011857365852700442,0.12
38,octanol_gsolv_eV,57,0.22901102900505066,0.04604693874716759,0.6492323873686394,0.9538521283039334,10.635069847106934,0.2337283045053482,0.02197712923991087,0.18
38,octanol_gsolv_eV,58,0.33171752095222473,0.05365987867116928,0.6443689017360263,0.9033451243027146,12.372464179992676,0.6914675235748291,0.055887615717893184,0.26
38,octanol_gsolv_eV,59,0.08665969222784042,0.029521316289901733,0.6456176371788971,0.9703579376360014,6.591704845428467,0.06494409590959549,0.00985239743472981,0.04
38,octanol_gsolv_eV,60,0.28601744771003723,0.0518227219581604,0.6454463393299059,0.924514301881304,11.895000457763672,0.9418019652366638,0.07917628659038556,0.22
38,octanol_gsolv_eV,61,0.2586238980293274,0.05110977962613106,0.6479694149511777,0.9483247857614974,11.800302505493164,0.3737596869468689,0.03167373775145848,0.14
38,octanol_gsolv_eV,62,0.3592725098133087,0.04815373197197914,0.6499363148689872,0.9250044504019532,11.246626853942871,0.9007515907287598,0.08009082211285173,0.18
38,octanol_gsolv_eV,63,0.1298554390668869,0.04467085003852844,0.6483202804379615,0.9582628604859129,10.28376293182373,0.012459209188818932,0.0012115418520844301,0.12
38,octanol_gsolv_eV,64,0.15562421083450317,0.0437956228852272,0.6483466273816676,0.9448615022301703,10.054515838623047,0.10663718730211258,0.010605899778135553,0.12
38,octanol_gsolv_eV,65,0.2235935926437378,0.04648750647902489,0.6493857720827048,0.9346547203652102,10.789505958557129,0.33294227719306946,0.03085797241059159,0.2
38,octanol_gsolv_eV,66,0.2637825310230255,0.04981889948248863,0.64775852444158,0.9088849356962438,11.575864791870117,0.8335156440734863,0.07200461123724211,0.22
38,octanol_gsolv_eV,67,0.09713226556777954,0.058997537940740585,0.63636291077211,0.9760693528238815,13.114982604980469,0.010896210558712482,0.000830821579174234,0.12
38,octanol_gsolv_eV,68,0.34819766879081726,0.0637333020567894,0.6312309832727696,0.9225125811983574,14.411314964294434,1.9635165929794312,0.13624826033184706,0.32
38,octanol_gsolv_eV,69,0.3346540629863739,0.04399023577570915,0.6501552017702765,0.9371082553918018,10.236969947814941,1.0427348613739014,0.10185971695623379,0.36
38,octanol_gsolv_eV,70,0.3355303704738617,0.04764380678534508,0.6486640927872864,0.8996254448744081,11.176338195800781,0.9625938534736633,0.08612783870797082,0.26
38,octanol_gsolv_eV,71,0.1443507969379425,0.05293302610516548,0.644601223516301,0.9539952647378676,11.953500747680664,0.049175821244716644,0.00411392631185958,0.1
38,octanol_gsolv_eV,72,0.35527336597442627,0.047500237822532654,0.6469119599963069,0.9092229245635306,11.124212265014648,1.315535545349121,0.1182587597223801,0.28
38,octanol_gsolv_eV,73,0.342176616191864,0.05320631340146065,0.6457253677112078,0.9122800847430117,12.40295124053955,1.0861976146697998,0.08757573851612983,0.18
38,octanol_gsolv_eV,74,0.30776315927505493,0.046628374606370926,0.6475379475972374,0.920985353796782,10.822996139526367,0.6866766810417175,0.06344608019713917,0.3
38,octanol_gsolv_eV,75,0.11944659054279327,0.05262766033411026,0.6450280727836333,0.9671048579458212,12.017009735107422,0.012102590873837471,0.001007121666755418,0.1
38,octanol_gsolv_eV,76,0.1123957708477974,0.054740216583013535,0.6436986474761082,0.9788688678280546,12.552756309509277,0.013514614664018154,0.0010766252710394948,0.12
38,octanol_gsolv_eV,77,0.1536441445350647,0.046766795217990875,0.6518927971743234,0.9633330172791821,10.884885787963867,0.029059933498501778,0.0026697508880281734,0.1
38,octanol_gsolv_eV,78,0.23791900277137756,0.04948354512453079,0.6469586809858134,0.9249798389392669,11.41283130645752,0.5264655351638794,0.04612926635181217,0.16
38,octanol_gsolv_eV,79,0.3391236662864685,0.05096624419093132,0.6436680859880688,0.9215736898280025,11.756243705749512,0.9569305181503296,0.08139764214672862,0.28
38,octanol_gsolv_eV,80,0.27508774399757385,0.04635649919509888,0.6477691813037691,0.8996732442522077,10.835319519042969,0.7071857452392578,0.06526671816150745,0.28
38,octanol_gsolv_eV,81,0.27816063165664673,0.04744137451052666,0.6501357943003654,0.9108680718762248,11.116965293884277,0.5649428963661194,0.050818085820319034,0.2
38,octanol_gsolv_eV,82,0.23736746609210968,0.039803579449653625,0.6493645038041234,0.941484809865555,9.203446388244629,0.2969430983066559,0.032264337268909954,0.2
38,octanol_gsolv_eV,83,0.10524602979421616,0.05111794173717499,0.644629444533716,0.9426036941262299,11.622060775756836,0.10338617861270905,0.008895683872895294,0.02
38,octanol_gsolv_eV,84,0.21193352341651917,0.0502697192132473,0.6434983096092617,0.9276014118396172,11.5204496383667,0.341280996799469,0.029623930272903286,0.2
38,octanol_gsolv_eV,85,0.12810644507408142,0.047174014151096344,0.6511732588755221,0.9616539216313791,10.934309005737305,0.02424113266170025,0.002216978928342044,0.12
38,octanol_gsolv_eV,86,0.25737127661705017,0.052310213446617126,0.6489357597770764,0.9288385388585834,12.211559295654297,0.4703264534473419,0.038514856461837436,0.24
38,octanol_gsolv_eV,87,0.11570435017347336,0.04735038802027702,0.6482491624726492,0.972724423275239,10.867633819580078,0.011240014806389809,0.0010342651393110813,0.12
38,octanol_gsolv_eV,88,0.21613843739032745,0.058083195239305496,0.6435458002823211,0.9406266740153328,13.24489688873291,0.26680925488471985,0.020144305925981768,0.14
38,octanol_gsolv_eV,89,0.15488751232624054,0.048978809267282486,0.6473226555799492,0.9712594357210549,11.24642276763916,0.011886310763657093,0.0010568970248796949,0.18
38,octanol_gsolv_eV,90,0.2828983664512634,0.053281787782907486,0.6452352177205625,0.9165936903921859,12.267678260803223,0.9796949625015259,0.07985985136501131,0.28
38,octanol_gsolv_eV,91,0.15433838963508606,0.05198535695672035,0.6458556428560029,0.950011790965738,11.935680389404297,0.02087530493736267,0.0017489832381817445,0.12
38,octanol_gsolv_eV,92,0.2638356685638428,0.051283255219459534,0.6444852919597204,0.8950912394249002,11.710105895996094,0.5182266235351562,0.04425464877412831,0.2
38,octanol_gsolv_eV,93,0.2783592939376831,0.04712382331490517,0.6477748841017605,0.9273149354660613,10.917668342590332,0.774817168712616,0.07096910662600164,0.4
38,octanol_gsolv_eV,94,0.23343777656555176,0.04567645117640495,0.6477120749230099,0.9214855516469644,10.509844779968262,0.40891119837760925,0.03890744410964023,0.2
38,octanol_gsolv_eV,95,0.34933608770370483,0.04616715386509895,0.6498120807276795,0.8978140574403413,10.856037139892578,0.8071244359016418,0.07434798034502933,0.3
38,octanol_gsolv_eV,96,0.2952556610107422,0.04844076186418533,0.647849545315641,0.9133023181391884,11.313006401062012,0.643038809299469,0.05684066520452986,0.22
38,octanol_gsolv_eV,97,0.16164688766002655,0.06086152419447899,0.6471073457265495,0.9610881180368724,13.906477928161621,0.0907304435968399,0.00652432945750442,0.1
38,octanol_gsolv_eV,98,0.2810550630092621,0.05144292861223221,0.6450387864915215,0.9130545330609063,11.88187313079834,0.7328765392303467,0.06168021920135625,0.24
38,octanol_gsolv_eV,99,0.5235709547996521,0.03515376150608063,0.6583495481829917,0.9201299669211178,8.134191513061523,2.7544288635253906,0.33862355700655083,0.44
38,octanol_gsolv_eV,100,0.24951942265033722,0.04775766655802727,0.6500035404941329,0.9411040917440192,11.110454559326172,0.2654384672641754,0.023890873757398613,0.14
38,octanol_gsolv_eV,101,0.2554255723953247,0.05662582442164421,0.6320873233635356,0.923768045322765,12.593391418457031,0.7319300174713135,0.05812016740769192,0.22
38,octanol_gsolv_eV,102,0.34959477186203003,0.056220125406980515,0.6479395508008137,0.9313558062019756,12.979931831359863,1.3707056045532227,0.10560191088535312,0.38
38,octanol_gsolv_eV,103,0.2790925204753876,0.05163811892271042,0.6453092165633671,0.9177738078046234,11.966904640197754,0.9178865551948547,0.07670208652884249,0.24
38,octanol_gsolv_eV,104,0.15527577698230743,0.07089129090309143,0.6370241100557092,0.9710671654318219,15.576957702636719,0.02037353627383709,0.0013079278163789616,0.08
38,octanol_gsolv_eV,105,0.34017282724380493,0.0423271581530571,0.6494371927483649,0.9032146006436776,9.899837493896484,0.8363820910453796,0.08448442629093979,0.36
38,octanol_gsolv_eV,106,0.29199329018592834,0.03914008289575577,0.6482724478339081,0.9031936966895056,9.048378944396973,0.9329335689544678,0.10310505060491175,0.16
38,octanol_gsolv_eV,107,0.2751837372779846,0.052245888859033585,0.64296649288622,0.9211071193907108,11.945838928222656,0.6164596080780029,0.05160454713829981,0.3
38,octanol_gsolv_eV,108,0.24701562523841858,0.05011817067861557,0.648703723356252,0.9250940396696496,11.642985343933105,0.5021548867225647,0.04312939266768262,0.16
38,octanol_gsolv_eV,109,0.2670304775238037,0.04866475984454155,0.6492508359419771,0.9379803411353558,11.370196342468262,0.6491451263427734,0.05709181326255408,0.24
38,octanol_gsolv_eV,110,0.28444960713386536,0.05064236372709274,0.6473239029126827,0.9082058823746035,11.782979965209961,1.0131670236587524,0.08598563577721392,0.22
38,octanol_gsolv_eV,111,0.26503586769104004,0.05298702046275139,0.64597237926753,0.9213858988907933,12.195096015930176,1.1794766187667847,0.0967172884269268,0.32
38,octanol_gsolv_eV,112,0.3096602261066437,0.044845499098300934,0.6514507277787691,0.9079506606651293,10.528327941894531,0.8828631639480591,0.08385597113051091,0.24
38,octanol_gsolv_eV,113,0.3709990680217743,0.033967528492212296,0.6501967120948673,0.9252642834485645,7.763359069824219,0.955698549747467,0.1231037417117828,0.38
38,octanol_gsolv_eV,114,0.40485888719558716,0.04450615867972374,0.6495328538013063,0.9175561662583038,10.473040580749512,1.7785052061080933,0.1698174653669501,0.24
38,octanol_gsolv_eV,115,0.11838928610086441,0.027023961767554283,0.6459137572126536,0.9657659030639132,6.024081707000732,0.04113059863448143,0.0068276960099466375,0.1
38,octanol_gsolv_eV,116,0.30487576127052307,0.0493660606443882,0.6475935352600564,0.9309621001508077,11.471803665161133,0.8816995024681091,0.07685796655897743,0.32
38,octanol_gsolv_eV,117,0.23358620703220367,0.04578505828976631,0.6481413940350798,0.9372629899274079,10.648358345031738,0.38664665818214417,0.036310447644029936,0.26
38,octanol_gsolv_eV,118,0.28450238704681396,0.05322219058871269,0.6471047944071484,0.9141979505397919,12.269006729125977,1.2508974075317383,0.10195588242381298,0.2
38,octanol_gsolv_eV,119,0.2708701193332672,0.04896075651049614,0.6486405273145521,0.9087074811458165,11.441611289978027,0.6449103355407715,0.056365342187919235,0.3
38,octanol_gsolv_eV,120,0.32694104313850403,0.044998396188020706,0.6473141595182075,0.9003847968554106,10.499395370483398,1.123129963874817,0.10697091825232478,0.24
38,octanol_gsolv_eV,121,0.2522037625312805,0.04448425769805908,0.6477954503447996,0.9439893944635716,10.275420188903809,0.32671478390693665,0.03179575899579742,0.18
38,octanol_gsolv_eV,122,0.30846530199050903,0.052623432129621506,0.6466686106831077,0.9261151189515304,12.249565124511719,1.4376916885375977,0.11736675334381763,0.24
38,octanol_gsolv_eV,123,0.3233601450920105,0.049726229161024094,0.6488808066106739,0.8995779491503573,11.69066047668457,1.0060946941375732,0.08605969663938937,0.32
38,octanol_gsolv_eV,124,0.1851939558982849,0.05079047754406929,0.6464255947873179,0.9685190339739898,11.630828857421875,0.019384700804948807,0.0016666654666300093,0.18
38,octanol_gsolv_eV,125,0.19437147676944733,0.05027744174003601,0.6449970597013872,0.9520007285791603,11.496981620788574,0.15991249680519104,0.013909085191198444,0.16
38,octanol_gsolv_eV,126,0.3293898403644562,0.05419306084513664,0.64601477804315,0.915713790585498,12.589045524597168,1.978087306022644,0.15712766326547542,0.28
38,octanol_gsolv_eV,127,0.25136813521385193,0.032028455287218094,0.6473578224482184,0.9730414963774583,7.214611053466797,0.09586246311664581,0.013287266965082138,0.18
38,octanol_gsolv_eV,128,0.07078628987073898,0.047560956329107285,0.648712552104874,0.9578677323146008,10.95014762878418,0.013237759470939636,0.0012089115069227113,0.06
38,octanol_gsolv_eV,129,0.2874821424484253,0.047424521297216415,0.6481535815117234,0.9275548802349394,11.129559516906738,0.4283652901649475,0.0384889707013314,0.28
38,octanol_gsolv_eV,130,0.2359427809715271,0.049004629254341125,0.6484561371578736,0.9182889586770873,11.326354026794434,0.7414665818214417,0.06546383594114887,0.22
38,octanol_gsolv_eV,131,0.1022140309214592,0.04824262857437134,0.6497947474880246,0.9602066003483547,11.137042999267578,0.011984970420598984,0.0010761357769191668,0.12
38,octanol_gsolv_eV,132,0.20090803503990173,0.04713562875986099,0.6478900497327702,0.9553952649845059,10.828813552856445,0.24168476462364197,0.022318674473796797,0.12
38,octanol_gsolv_eV,133,0.3260495066642761,0.05128856003284454,0.6489386004505933,0.898642235052961,12.068873405456543,0.861147403717041,0.07135275802360323,0.26
38,octanol_gsolv_eV,134,0.2960006892681122,0.046201303601264954,0.6490959552108662,0.9358785976249646,10.790987968444824,0.3185318410396576,0.029518320469924846,0.2
38,octanol_gsolv_eV,135,0.27036190032958984,0.05402044579386711,0.6472650189996376,0.9456421771576322,12.425521850585938,0.3625072240829468,0.029174406390493162,0.24
38,octanol_gsolv_eV,136,0.15222658216953278,0.05210111290216446,0.6464814482018426,0.9700891209236591,11.899320602416992,0.011444591917097569,0.0009617853236741046,0.16
38,octanol_gsolv_eV,137,0.3116527199745178,0.038898441940546036,0.6454050508770615,0.9252436630544043,8.881950378417969,0.5385935306549072,0.060639106019284045,0.28
38,octanol_gsolv_eV,138,0.26198065280914307,0.07578627020120621,0.6161519444533414,0.9258237771291571,15.909995079040527,1.4855785369873047,0.09337391555478057,0.24
38,octanol_gsolv_eV,139,0.23916330933570862,0.05152174457907677,0.6476371908565175,0.9080533767836354,11.97028636932373,0.7604221105575562,0.06352580774561008,0.18
38,octanol_gsolv_eV,140,0.08506938815116882,0.05079130455851555,0.6456110518134877,0.9616815752925665,11.57685375213623,0.00891781784594059,0.0007703144599451315,0.1
38,octanol_gsolv_eV,141,0.2962406277656555,0.046241771429777145,0.6483697773610506,0.9175737581046159,10.795614242553711,0.7496984601020813,0.06944472479823803,0.22
38,octanol_gsolv_eV,142,0.1243431568145752,0.049545470625162125,0.6475771092867058,0.9737958736548933,11.3967924118042,0.008443611674010754,0.0007408761490878174,0.14
38,octanol_gsolv_eV,143,0.2792365849018097,0.051541075110435486,0.6464940254763858,0.8985076145171955,11.94311809539795,0.7500017285346985,0.0627978156578471,0.32
38,octanol_gsolv_eV,144,0.2547105848789215,0.0459730438888073,0.6476287143891879,0.9329714391596771,10.667152404785156,0.2744283378124237,0.025726485138556607,0.22
38,octanol_gsolv_eV,145,0.10116463154554367,0.05319244787096977,0.6469740527374266,0.9653318143304599,12.180289268493652,0.008873668499290943,0.0007285269096395079,0.06
38,octanol_gsolv_eV,146,0.3554992377758026,0.05465756356716156,0.6422671355642853,0.9240119921749239,12.523776054382324,3.2597832679748535,0.2602875725196467,0.28
38,octanol_gsolv_eV,147,0.1255263388156891,0.04940171167254448,0.6444589950878283,0.9642104455761078,11.274605751037598,0.015047687105834484,0.0013346530635405722,0.18
38,octanol_gsolv_eV,148,0.3203865587711334,0.04770386219024658,0.6488024593660395,0.9033175599091019,11.19697380065918,0.8365195393562317,0.07470943080236418,0.32
38,octanol_gsolv_eV,149,0.2855975031852722,0.049127668142318726,0.6494353407891651,0.9118151741477902,11.466699600219727,1.2485848665237427,0.10888790236554353,0.14
38,octanol_gsolv_eV,150,0.27725961804389954,0.048173628747463226,0.6495864617226519,0.9387744134628968,11.229755401611328,0.3956533670425415,0.035232589926737876,0.2
38,octanol_gsolv_eV,151,0.3677896559238434,0.043336424976587296,0.6503183693389907,0.9115494209105992,10.208086013793945,1.565212607383728,0.1533306640704921,0.16
38,octanol_gsolv_eV,152,0.34770527482032776,0.04855699837207794,0.6479433687281657,0.9077173527090272,11.28139877319336,0.8540006279945374,0.07569988838829074,0.28
38,octanol_gsolv_eV,153,0.2848942279815674,0.057200782001018524,0.6439011932862166,0.9278266533993849,13.077034950256348,0.5778626799583435,0.04418912101684149,0.18
38,octanol_gsolv_eV,154,0.2514649033546448,0.047728098928928375,0.6445441219836889,0.917177619818039,10.970688819885254,0.9008172154426575,0.082111272157301,0.26
38,octanol_gsolv_eV,155,0.06367845088243484,0.052834052592515945,0.6468360568086808,0.9644774492327493,12.102869033813477,0.015535176731646061,0.0012835945500396036,0.02
38,octanol_gsolv_eV,156,0.27904433012008667,0.04805554822087288,0.6482676428615761,0.9165806958943641,11.183470726013184,0.5955451130867004,0.05325226199246354,0.26
38,octanol_gsolv_eV,157,0.22122544050216675,0.04633478820323944,0.6485526677405831,0.9384118087578162,10.733966827392578,0.2983282506465912,0.027792917142735296,0.18
38,octanol_gsolv_eV,158,0.3210998773574829,0.05079274624586105,0.6503757349220072,0.9134601374697882,12.035775184631348,1.1462432146072388,0.09523634307085538,0.2
38,octanol_gsolv_eV,159,0.22531984746456146,0.04520519822835922,0.6492100724916379,0.9086739978695522,10.432655334472656,1.2084351778030396,0.11583198515242839,0.18
38,octanol_gsolv_eV,160,0.04762374609708786,0.04350464046001434,0.648013758045684,0.9622747624321732,9.953845977783203,0.007380227092653513,0.0007414447751277286,0.02
38,octanol_gsolv_eV,161,0.29965919256210327,0.04789142310619354,0.6461906468257543,0.9098295887895318,11.198393821716309,0.9175152778625488,0.08193275682832941,0.24
38,octanol_gsolv_eV,162,0.25542783737182617,0.05163067579269409,0.6460682458567166,0.9117826952381836,11.888639450073242,0.7854349613189697,0.06606600903471178,0.28
38,octanol_gsolv_eV,163,0.26749691367149353,0.05140622332692146,0.6497857971646313,0.9249177471205856,11.98149299621582,0.9083526730537415,0.07581297867808556,0.24
38,octanol_gsolv_eV,164,0.2733169198036194,0.046750325709581375,0.6486315492487067,0.9094845790863411,10.901684761047363,0.6344143748283386,0.05819415886021164,0.24
38,octanol_gsolv_eV,165,0.3028942942619324,0.05301625654101372,0.6475876075553859,0.9313505322302584,12.317405700683594,0.61798095703125,0.05017135686266737,0.28
38,octanol_gsolv_eV,166,0.15402422845363617,0.044873323291540146,0.6476760982359298,0.9653641533091215,10.31771469116211,0.09194733947515488,0.008911599344175956,0.14
38,octanol_gsolv_eV,167,0.0708930641412735,0.0400976799428463,0.6479283360803227,0.9643098532090719,9.185708045959473,0.03415869176387787,0.003718678145763983,0.02
38,octanol_gsolv_eV,168,0.30445319414138794,0.051568806171417236,0.6489745140575311,0.9124391443912259,12.031458854675293,0.6543666124343872,0.05438796910152816,0.26
38,octanol_gsolv_eV,169,0.06554637849330902,0.051898758858442307,0.647599745847359,0.9631913341914973,11.897910118103027,0.01097053475677967,0.0009220556087482686,0.02
38,octanol_gsolv_eV,170,0.3221473693847656,0.047996968030929565,0.6487139821858263,0.9133163823505768,11.230588912963867,0.7294031977653503,0.06494790285871602,0.24
38,octanol_gsolv_eV,171,0.28170543909072876,0.0435803048312664,0.647914901723865,0.91617295131922,10.10391902923584,0.8320038318634033,0.08234466541705134,0.28
38,octanol_gsolv_eV,172,0.10903043299913406,0.04778295382857323,0.6513592782309778,0.9679921268667637,11.066226959228516,0.0095145832747221,0.0008597856622475607,0.14
38,octanol_gsolv_eV,173,0.11535487323999405,0.04833829775452614,0.6488960616386725,0.9572777903116272,11.116388320922852,0.01731923222541809,0.0015579909342336015,0.06
38,octanol_gsolv_eV,174,0.17867450416088104,0.066469706594944,0.6394955325270086,0.9553382908358212,14.750934600830078,0.06266871839761734,0.0042484574769988325,0.14
38,octanol_gsolv_eV,175,0.253892719745636,0.04748976230621338,0.6505345699099798,0.9362958657012725,11.070603370666504,0.25993040204048157,0.02347933471532478,0.26
38,octanol_gsolv_eV,176,0.20556335151195526,0.04994552582502365,0.6460636043206864,0.9208207380112545,11.510834693908691,0.3701484799385071,0.03215652815641445,0.2
38,octanol_gsolv_eV,177,0.3559371531009674,0.046418774873018265,0.6502180591331213,0.9045440570035124,10.958820343017578,1.709687352180481,0.1560101633812995,0.24
38,octanol_gsolv_eV,178,0.2230394333600998,0.04786428064107895,0.6445974049124275,0.9495667551552947,10.869223594665527,0.3221399486064911,0.02963780676704389,0.14
38,octanol_gsolv_eV,179,0.2493518590927124,0.051893796771764755,0.64809391009447,0.9156580263902245,11.978452682495117,0.9048032760620117,0.07553590601766612,0.3
38,octanol_gsolv_eV,180,0.1416769176721573,0.04085853323340416,0.6447424846289749,0.9715009383375406,9.206136703491211,0.010210548527538776,0.0011091024233505751,0.14
38,octanol_gsolv_eV,181,0.3342667818069458,0.04563458263874054,0.6496594200112291,0.9061962297323776,10.693746566772461,0.8290533423423767,0.0775269300769111,0.22
38,octanol_gsolv_eV,182,0.3779158890247345,0.0474495105445385,0.6432339396312696,0.9140972131350191,11.064440727233887,0.7938233017921448,0.07174545206232044,0.34
38,octanol_gsolv_eV,183,0.2455136775970459,0.04936188459396362,0.6510525275119452,0.9217338776582431,11.523847579956055,0.487577348947525,0.04231029138181159,0.16
38,octanol_gsolv_eV,184,0.3155841827392578,0.04101862385869026,0.649574642821056,0.897034139892698,9.52686595916748,0.9888604283332825,0.10379703383794596,0.32
38,octanol_gsolv_eV,185,0.40712970495224,0.05114268139004707,0.6502005929944121,0.91592239846949,12.066818237304688,0.8210850358009338,0.06804486648042327,0.38
38,octanol_gsolv_eV,186,0.09244918823242188,0.04828936979174614,0.6489344771212684,0.9494607594710041,11.08325481414795,0.06844540685415268,0.006175569180885478,0.02
38,octanol_gsolv_eV,187,0.29469573497772217,0.04883403703570366,0.6482256728863456,0.9102553886367333,11.349591255187988,0.720497190952301,0.06348221488795519,0.28
38,octanol_gsolv_eV,188,0.27979224920272827,0.05129655823111534,0.6453642389080809,0.9086553915702162,11.885307312011719,0.6272007822990417,0.05277110350063646,0.26
38,octanol_gsolv_eV,189,0.3846628665924072,0.05350912734866142,0.6469488771876115,0.9152272752964914,12.469491958618164,1.227543592453003,0.09844375348464766,0.18
38,octanol_gsolv_eV,190,0.25882020592689514,0.03146173432469368,0.6468671784999134,0.9374343886708472,7.14908504486084,0.44961878657341003,0.06289179436977338,0.22
38,octanol_gsolv_eV,191,0.30813977122306824,0.045821353793144226,0.6483305111608635,0.9190359785536704,10.661499977111816,1.238145112991333,0.1161323562021659,0.22
38,octanol_gsolv_eV,192,0.15593235194683075,0.06408237665891647,0.637157863517817,0.9609501277476358,14.142995834350586,0.06398573517799377,0.004524199535050761,0.06
38,octanol_gsolv_eV,193,0.33542537689208984,0.05077784135937691,0.6478843905121787,0.9248198094109239,11.798766136169434,1.4890310764312744,0.12620227058036262,0.26
38,octanol_gsolv_eV,194,0.2887798845767975,0.0487096831202507,0.6471170887224191,0.9068235170226118,11.360306739807129,0.7653851509094238,0.06737363421952973,0.22
38,octanol_gsolv_eV,195,0.27562955021858215,0.049251578748226166,0.6496767417447313,0.9135008105693214,11.483678817749023,0.7973191142082214,0.06943063515290025,0.24
38,octanol_gsolv_eV,196,0.12472261488437653,0.05049322172999382,0.6472030332498131,0.9633462557441517,11.562968254089355,0.02589011937379837,0.0022390547828964316,0.1
38,octanol_gsolv_eV,197,0.26929381489753723,0.047086555510759354,0.6479393922812273,0.9097213114636606,10.923779487609863,1.005835771560669,0.09207763418343655,0.3
38,octanol_gsolv_eV,198,0.3078201115131378,0.04598432406783104,0.649768579400051,0.9080170215926764,10.728473663330078,0.8177767395973206,0.07622489137410864,0.28
38,octanol_gsolv_eV,199,0.22221796214580536,0.04876909404993057,0.6487359427858468,0.9551420193605362,11.297597885131836,0.1392214596271515,0.012323102755354164,0.2
38,octanol_gsolv_eV,200,0.391747385263443,0.06476243585348129,0.616084126312662,0.9154764156853863,13.968838691711426,2.3707737922668457,0.16971874646054666,0.32
38,octanol_gsolv_eV,201,0.24813474714756012,0.047345880419015884,0.6491046689909965,0.9508475830229131,10.940510749816895,0.324727863073349,0.029681234313378265,0.32
38,octanol_gsolv_eV,202,0.2873965799808502,0.05122349038720131,0.6462762658745351,0.9177748467929436,11.86705493927002,0.8676902651786804,0.07311757378887257,0.24
38,octanol_gsolv_eV,203,0.09391998499631882,0.05300839990377426,0.6503468241860946,0.9653695208626445,12.248817443847656,0.004588415380567312,0.00037460068301303523,0.04
38,octanol_gsolv_eV,204,0.2955324649810791,0.04858557507395744,0.647194931927942,0.9106491160303805,11.411616325378418,0.9245842099189758,0.08102131929048323,0.18
38,octanol_gsolv_eV,205,0.2913338541984558,0.044032033532857895,0.6481471323782988,0.9032349483297566,10.269579887390137,0.745496928691864,0.07259273863843725,0.28
38,octanol_gsolv_eV,206,0.2489606887102127,0.05421990156173706,0.6449174959500681,0.9154884089783939,12.411208152770996,0.5675846338272095,0.04573161829539434,0.26
38,octanol_gsolv_eV,207,0.16940802335739136,0.04386969283223152,0.6471906041862998,0.9608585926107704,10.048351287841797,0.056144461035728455,0.0055874301591805975,0.12
38,octanol_gsolv_eV,208,0.2758544385433197,0.04747055098414421,0.6471818999009968,0.9094301782543937,11.01290225982666,0.6091362833976746,0.055311149506856894,0.26
38,octanol_gsolv_eV,209,0.3076467216014862,0.05229707807302475,0.646289930728112,0.929335686363318,12.122086524963379,0.5065239071846008,0.041785208028461175,0.22
38,octanol_gsolv_eV,210,0.0749400407075882,0.04316839203238487,0.6515968351739232,0.9402452694636221,9.982625007629395,0.02722046710550785,0.00272678449653314,0.02
38,octanol_gsolv_eV,211,0.26505205035209656,0.049397923052310944,0.6496887469706136,0.9402241238541276,11.523194313049316,0.48712894320487976,0.04227377669516827,0.32
38,octanol_gsolv_eV,212,0.2722882628440857,0.06691048294305801,0.6412817996194067,0.9168286312881684,15.453364372253418,1.2327772378921509,0.07977403549130102,0.22
38,octanol_gsolv_eV,213,0.08453288674354553,0.04526614770293236,0.648764269446026,0.9715965804579152,10.39057731628418,0.01929813250899315,0.0018572724037911725,0.04
38,octanol_gsolv_eV,214,0.20419204235076904,0.04777089133858681,0.6482921798666907,0.9366750390263134,11.015629768371582,0.39970675110816956,0.03628541985459787,0.12
38,octanol_gsolv_eV,215,0.11611766368150711,0.04755957052111626,0.6455670060402408,0.9658180432465588,10.843389511108398,0.013646841049194336,0.0012585401488357465,0.12
38,octanol_gsolv_eV,216,0.2885405421257019,0.053524233400821686,0.6518078329685297,0.9207529415458513,12.654367446899414,0.7465289831161499,0.058993781099589075,0.14
38,octanol_gsolv_eV,217,0.1265672892332077,0.05378178879618645,0.6468667289128065,0.9744196663536291,12.280863761901855,0.009129611775279045,0.0007434014375765051,0.18
38,octanol_gsolv_eV,218,0.23435452580451965,0.049596842378377914,0.6484797136676361,0.9420893487526747,11.474396705627441,0.25602638721466064,0.02231284082143477,0.1
38,octanol_gsolv_eV,219,0.1338604837656021,0.048505354672670364,0.6460412509805125,0.966878988758378,11.08040714263916,0.033913083374500275,0.003060635131717982,0.12
38,octanol_gsolv_eV,220,0.18517491221427917,0.029955295845866203,0.6443571836933579,0.9608386686013544,6.712762832641602,0.2716081738471985,0.040461458362043075,0.14
38,octanol_gsolv_eV,221,0.24565941095352173,0.05150514841079712,0.6413192215103514,0.9291566510832807,11.682598114013672,0.26846373081207275,0.022979796804791345,0.2
38,octanol_gsolv_eV,222,0.21986901760101318,0.05551590025424957,0.6472136148266636,0.9257633585443035,12.770145416259766,0.49433714151382446,0.03871037685165298,0.2
38,octanol_gsolv_eV,223,0.32001811265945435,0.047050122171640396,0.6477507434262695,0.9047859907275118,10.91702938079834,0.618615448474884,0.05666518124087397,0.26
38,octanol_gsolv_eV,224,0.5495765805244446,0.028299080207943916,0.6578197033531981,0.9393153315242289,6.58228874206543,2.269909620285034,0.3448511162657943,0.44
38,octanol_gsolv_eV,225,0.32473915815353394,0.05088474974036217,0.6456980654683904,0.9114068994979734,11.804953575134277,1.2136300802230835,0.10280684904847488,0.3
38,octanol_gsolv_eV,226,0.30716219544410706,0.049255210906267166,0.6493449702587448,0.9140819808745109,11.537551879882812,0.5918211340904236,0.051295208918829556,0.28
38,octanol_gsolv_eV,227,0.32841184735298157,0.027141308411955833,0.6501614203499908,0.9480149284901798,6.147098541259766,0.6836395263671875,0.11121336705090215,0.24
38,octanol_gsolv_eV,228,0.2536764442920685,0.04609319195151329,0.6473650689928188,0.934326450140945,10.708996772766113,0.37716901302337646,0.03521982693864931,0.24
38,octanol_gsolv_eV,229,0.10902804136276245,0.04840317368507385,0.6487512056170104,0.9515989248199219,11.116495132446289,0.025168703868985176,0.0022640862582239594,0.08
38,octanol_gsolv_eV,230,0.11974550038576126,0.04995361715555191,0.6506357556645788,0.9731414787784933,11.552229881286621,0.011628495529294014,0.0010066018118398887,0.1
38,octanol_gsolv_eV,231,0.3292466402053833,0.04110650345683098,0.6478210566239186,0.934289224392183,9.426667213439941,0.7098268866539001,0.07529987752637265,0.28
38,octanol_gsolv_eV,232,0.1229204535484314,0.04331597685813904,0.6465800219057667,0.9716132578219423,9.919085502624512,0.019506916403770447,0.0019666043203891196,0.14
38,octanol_gsolv_eV,233,0.2643609642982483,0.056567367166280746,0.6381253425913263,0.9226171390819917,12.757624626159668,1.051885724067688,0.08245153427000691,0.28
38,octanol_gsolv_eV,234,0.16294096410274506,0.05174800008535385,0.6447592502216077,0.9439614052224892,11.765812873840332,0.30813127756118774,0.026188694386452067,0.12
38,octanol_gsolv_eV,235,0.25804561376571655,0.04632020369172096,0.6466970095898981,0.9275238675503312,10.704879760742188,0.30014798045158386,0.028038426134622374,0.32
38,octanol_gsolv_eV,236,0.355770081281662,0.04876195266842842,0.6517621027832443,0.9098704288505093,11.567330360412598,0.6688005924224854,0.05781805927419106,0.24
38,octanol_gsolv_eV,237,0.2140735238790512,0.045701947063207626,0.6459184188576839,0.9714953961795658,10.436022758483887,0.047880712896585464,0.004588023043324737,0.12
38,octanol_gsolv_eV,238,0.25146356225013733,0.0498788021504879,0.6401102983271727,0.9330992184073894,11.37077522277832,0.5810092687606812,0.0510967156924168,0.14
38,octanol_gsolv_eV,239,0.11524145305156708,0.050581272691488266,0.6492142776123466,0.9689324262784245,11.641985893249512,0.013024562038481236,0.0011187577581616378,0.08
38,octanol_gsolv_eV,240,0.11216705292463303,0.04479458928108215,0.648428878411119,0.9640623900530998,10.294221878051758,0.015041304752230644,0.0014611405243071466,0.08
38,octanol_gsolv_eV,241,0.16768395900726318,0.05164210498332977,0.6394730059731566,0.9595043448337686,11.567380905151367,0.03994012251496315,0.003452823317781157,0.2
38,octanol_gsolv_eV,242,0.4015585482120514,0.0377487950026989,0.6480400664186783,0.916616340858396,8.6738920211792,1.8490420579910278,0.2131732852422175,0.28
38,octanol_gsolv_eV,243,0.2054859846830368,0.032386552542448044,0.6414568326734373,0.9471762025018944,7.20327091217041,0.15389521420001984,0.021364629496303345,0.12
38,octanol_gsolv_eV,244,0.2672877907752991,0.0490279495716095,0.6490035873073621,0.9003233129511716,11.47128963470459,0.5325990319252014,0.04642887145957038,0.24
38,octanol_gsolv_eV,245,0.30743587017059326,0.0498056560754776,0.6463998727800184,0.9061517704641424,11.611053466796875,0.647036075592041,0.05572587168273009,0.22
38,octanol_gsolv_eV,246,0.3324122130870819,0.052971888333559036,0.6451020588135099,0.923697464800505,12.419086456298828,1.3782706260681152,0.11098003310614454,0.26
38,octanol_gsolv_eV,247,0.31943631172180176,0.04192531853914261,0.6443142697774424,0.9058010470348408,9.672964096069336,0.8482677340507507,0.08769470512099277,0.32
38,octanol_gsolv_eV,248,0.22612279653549194,0.0520671084523201,0.6477613866623075,0.9082919993600491,12.066414833068848,0.6443758010864258,0.05340242400091112,0.26
38,octanol_gsolv_eV,249,0.21493634581565857,0.04317719116806984,0.6494303921388933,0.9328472563839803,9.992905616760254,0.27151158452033997,0.027170434199334036,0.12
38,octanol_hl_gap_eV,0,0.18192777037620544,0.0018087937496602535,0.614919083069978,0.938401902216702,0.34794649481773376,0.019956093281507492,0.05735391383080658,0.2
38,octanol_hl_gap_eV,1,0.05752749741077423,0.002664601895958185,0.5740157927490952,0.9704430224362264,0.562687873840332,0.0022292202338576317,0.003961734982208261,0.02
38,octanol_hl_gap_eV,2,0.089286670088768,0.0016006557270884514,0.6334311948905609,0.9682166962479175,0.4327845573425293,0.0017807361437007785,0.004114601857874071,0.08
38,octanol_hl_gap_eV,3,0.14404772222042084,0.0012740142410621047,0.6201038032008819,0.9764236215540936,0.3057197332382202,0.0008130304049700499,0.002659397862082156,0.26
38,octanol_hl_gap_eV,4,0.10741069912910461,0.0012405456509441137,0.6480298929890336,0.9581100990921694,0.37698015570640564,0.0010530352592468262,0.0027933440084494427,0.08
38,octanol_hl_gap_eV,5,0.050702206790447235,0.002271397737786174,0.598959621279394,0.97366899485134,0.37357279658317566,0.0019416409777477384,0.005197490276344128,0.02
38,octanol_hl_gap_eV,6,0.11150521785020828,0.0012523481855168939,0.6439571865986868,0.9814577317106652,0.3238983750343323,0.0006054907571524382,0.0018693849794345462,0.22
38,octanol_hl_gap_eV,7,0.09925875067710876,0.0019238246604800224,0.6054088805965288,0.9770931476416891,0.43216970562934875,0.0011973863001912832,0.0027706391368816216,0.16
38,octanol_hl_gap_eV,8,0.2703939974308014,0.0013953609159216285,0.6464790657705646,0.91166805086484,0.40420040488243103,0.06706181168556213,0.16591228231220667,0.3
38,octanol_hl_gap_eV,9,0.06798200309276581,0.0009552062838338315,0.6393418722292887,0.9633234990892441,0.19877134263515472,0.0018174530705437064,0.009143436103259845,0.08
38,octanol_hl_gap_eV,10,0.16941963136196136,0.0010185502469539642,0.6706204311067525,0.9740336264594265,0.29983842372894287,0.0007737179403193295,0.0025804495991440337,0.24
38,octanol_hl_gap_eV,11,0.05606260150671005,0.0020872114691883326,0.62523644218503,0.9760656283786555,0.4313623607158661,0.0006344997091218829,0.0014709204300275547,0.04
38,octanol_hl_gap_eV,12,0.1351606249809265,0.0029380246996879578,0.5749109573625308,0.9063462713133719,0.611640989780426,0.07587109506130219,0.12404514466654576,0.04
38,octanol_hl_gap_eV,13,0.03103867545723915,0.0007004613289609551,0.6529802104404263,0.9679840879155501,0.2571653127670288,0.0008616913110017776,0.003350729154450161,0.08
38,octanol_hl_gap_eV,14,0.028514321893453598,0.0020014592446386814,0.5864906766617639,0.971550564762069,0.4136999547481537,0.0014537932584062219,0.003514124770188194,0.1
38,octanol_hl_gap_eV,15,0.07636693120002747,0.0020756865851581097,0.6215297980279046,0.9770114812929582,0.4070441424846649,0.0013752008089795709,0.003378505339949415,0.14
38,octanol_hl_gap_eV,16,0.08593136817216873,0.0022675166837871075,0.5983788499825708,0.9789542711947965,0.5242183804512024,0.003273677546530962,0.006244873641617183,0.06
38,octanol_hl_gap_eV,17,0.1610931158065796,0.002293170429766178,0.5810150851667426,0.9413144573608483,0.4921073317527771,0.05261770635843277,0.10692323191166483,0.06
38,octanol_hl_gap_eV,18,0.07556182146072388,0.0010100872023031116,0.6507498840063384,0.9717369233766107,0.3335164785385132,0.000820541346911341,0.00246027227951973,0.24
38,octanol_hl_gap_eV,19,0.11157123744487762,0.000800078792963177,0.6944652004686622,0.9621403337887153,0.2917022109031677,0.002955598523840308,0.010132245877359622,0.36
38,octanol_hl_gap_eV,20,0.10868261009454727,0.0016754631651565433,0.5930880674284777,0.9786921066172332,0.4714837670326233,0.0007660284172743559,0.001624718539294593,0.2
38,octanol_hl_gap_eV,21,0.12110164016485214,0.0031919660978019238,0.5806401605103719,0.9699891996914547,0.7294712066650391,0.0019853271078318357,0.0027215976308485944,0.14
38,octanol_hl_gap_eV,22,0.4751758277416229,0.0014188993955031037,0.633297669506216,0.8958153151935611,0.3730994462966919,0.09446042031049728,0.2531775944673516,0.46
38,octanol_hl_gap_eV,23,0.02983776293694973,0.0026859575882554054,0.5795623190305186,0.9579157053564897,0.6081240177154541,0.0012495998525992036,0.0020548437756061477,0.06
38,octanol_hl_gap_eV,24,0.10835535079240799,0.00200485298410058,0.6081778327670997,0.9229689359822906,0.3917177617549896,0.029616931453347206,0.07560783386654779,0.08
38,octanol_hl_gap_eV,25,0.040035001933574677,0.0010212128981947899,0.6342698038252643,0.9501784586838249,0.2978678047657013,0.0033231747802346945,0.011156542355588439,0.18
38,octanol_hl_gap_eV,26,0.0616939403116703,0.0023245441261678934,0.5792703734716582,0.9754388920369823,0.48757538199424744,0.007383039686828852,0.015142355335150943,0.08
38,octanol_hl_gap_eV,27,0.04594285786151886,0.0009450116194784641,0.6657499952108239,0.958117104786768,0.3164118528366089,0.0004004309303127229,0.001265537073668035,0.02
38,octanol_hl_gap_eV,28,0.06174680218100548,0.0014847826678305864,0.6343033977587456,0.9677807504373739,0.316524475812912,0.0006423697923310101,0.0020294474564131193,0.16
38,octanol_hl_gap_eV,29,0.1536223441362381,0.004603521898388863,0.5826042075573761,0.9061213199485294,0.9990353584289551,0.08941813558340073,0.08950447532109002,0.14
38,octanol_hl_gap_eV,30,0.04768887162208557,0.0015051054069772363,0.6162206615725336,0.970007696756279,0.4022231996059418,0.000998997362330556,0.0024836890644529554,0.16
38,octanol_hl_gap_eV,31,0.7691003084182739,0.0008586305193603039,0.6924444157091543,0.9254546333679639,0.2811642587184906,0.2296954244375229,0.8169438942362168,0.36
38,octanol_hl_gap_eV,32,0.0626324713230133,0.002007413422688842,0.6005906943776051,0.9669152673004737,0.35252049565315247,0.0016049856785684824,0.004552886139555528,0.04
38,octanol_hl_gap_eV,33,0.37570419907569885,0.0009804435539990664,0.677177522299454,0.9135612942250086,0.32434266805648804,0.03754996135830879,0.11577249944730994,0.28
38,octanol_hl_gap_eV,34,0.1057891920208931,0.0016661790432408452,0.6404422100378757,0.978380047850884,0.3145374059677124,0.0024945654440671206,0.007930902324295223,0.22
38,octanol_hl_gap_eV,35,0.05069416016340256,0.001532445545308292,0.6116094828651515,0.9591511086577473,0.3173142671585083,0.0013002913910895586,0.004097803110882571,0.16
38,octanol_hl_gap_eV,36,0.144302099943161,0.0010634100763127208,0.6847751434781701,0.971987441900138,0.2930943965911865,0.0016030410770326853,0.005469367874912452,0.26
38,octanol_hl_gap_eV,37,0.021201690658926964,0.003127679228782654,0.6396311325136073,0.9834763977972143,0.6069356203079224,0.003018562914803624,0.004973448276560516,0.02
38,octanol_hl_gap_eV,38,0.08864626288414001,0.0012161083286628127,0.6173958250834972,0.9520120944809447,0.3778511583805084,0.004525773227214813,0.011977661380244366,0.2
38,octanol_hl_gap_eV,39,0.10137097537517548,0.0012110588140785694,0.6556632079237665,0.9641588679927144,0.33669689297676086,0.0011926628649234772,0.0035422449384045723,0.22
38,octanol_hl_gap_eV,40,0.38788118958473206,0.0010909285629168153,0.6197748196623851,0.9227114968053745,0.34969696402549744,0.039936937391757965,0.1142044155374653,0.4
38,octanol_hl_gap_eV,41,0.00816003605723381,0.0016318182460963726,0.6296071113753539,0.9689116543022465,0.30591917037963867,0.0005082298303022981,0.0016613206347009784,0.0
38,octanol_hl_gap_eV,42,0.12737753987312317,0.0012271262239664793,0.6358830740247077,0.9801285776559301,0.3441144526004791,0.001093262224458158,0.0031770308285407824,0.24
38,octanol_hl_gap_eV,43,0.07315156608819962,0.0010465517407283187,0.6234247040977494,0.9677236744452682,0.21810057759284973,0.004162141587585211,0.019083588101976964,0.1
38,octanol_hl_gap_eV,44,0.030908752232789993,0.001185995526611805,0.5961009873243792,0.9609215403101294,0.3508906364440918,0.0030278710182756186,0.008629101787838832,0.06
38,octanol_hl_gap_eV,45,0.10918425768613815,0.0014630238292738795,0.6247130916474533,0.9849135961685445,0.30485981702804565,0.0036000891122967005,0.011808998468189428,0.24
38,octanol_hl_gap_eV,46,0.08180387318134308,0.0011873719049617648,0.6552607382488695,0.9822007148966636,0.36112087965011597,0.0015539826126769185,0.004303220058010898,0.22
38,octanol_hl_gap_eV,47,0.07478935271501541,0.0009829550981521606,0.6722103802974844,0.9628372515925214,0.31128427386283875,0.0024307873100042343,0.00780889853457651,0.06
38,octanol_hl_gap_eV,48,0.05467361584305763,0.0009843801381066442,0.6309305477271474,0.9621004482445152,0.2584220767021179,0.0012731519527733326,0.0049266377277855005,0.12
38,octanol_hl_gap_eV,49,0.024119488894939423,0.0013835410354658961,0.6114666822261545,0.9643125685927978,0.32918745279312134,0.0011778553016483784,0.003578068640388321,0.02
38,octanol_hl_gap_eV,50,0.1687074452638626,0.0016028526006266475,0.6339848386507208,0.9887203679096919,0.22299990057945251,0.0020873553585261106,0.009360342103750885,0.06
38,octanol_hl_gap_eV,51,0.023160435259342194,0.001728267758153379,0.6117108324276106,0.9814559285431828,0.26698705554008484,0.0007940008654259145,0.002973930192307413,0.0
38,octanol_hl_gap_eV,52,0.07894203066825867,0.00208172551356256,0.5856189342023754,0.9743967294351763,0.4602205455303192,0.0014364745002239943,0.003121274167733478,0.18
38,octanol_hl_gap_eV,53,0.1946174055337906,0.0028192447498440742,0.6167212962020454,0.9172357424738888,0.520143985748291,0.1152312383055687,0.22153719251371215,0.02
38,octanol_hl_gap_eV,54,0.11436930298805237,0.000924179854337126,0.6566846504403139,0.953212488644406,0.2532607913017273,0.0041516930796206,0.0163929562814735,0.08
38,octanol_hl_gap_eV,55,0.03427412360906601,0.0011032826732844114,0.6381414950158957,0.9652856482626939,0.27987948060035706,0.0012304497649893165,0.004396355754090773,0.08
38,octanol_hl_gap_eV,56,0.15123222768306732,0.001785070402547717,0.5973069082293121,0.982538765527109,0.45689061284065247,0.001991050783544779,0.0043578281706549045,0.24
38,octanol_hl_gap_eV,57,0.10009242594242096,0.0012501950841397047,0.6457390423736866,0.9750077336620533,0.2813326120376587,0.00044507006532512605,0.001582006657889878,0.14
38,octanol_hl_gap_eV,58,0.22084738314151764,0.001352301798760891,0.6397434951776042,0.8965686476867729,0.2707531452178955,0.04354718700051308,0.16083723409922854,0.14
38,octanol_hl_gap_eV,59,0.021649114787578583,0.0015498100547119975,0.5955419039236871,0.9685479570899564,0.3823253810405731,0.0017238237196579576,0.00450878703100023,0.14
38,octanol_hl_gap_eV,60,0.07676909118890762,0.0015611208509653807,0.6403080450438476,0.9809783885514936,0.4365684986114502,0.003011745400726795,0.006898677779789318,0.14
38,octanol_hl_gap_eV,61,0.04234172776341438,0.001501899678260088,0.623057039705317,0.9667882647782624,0.4187302589416504,0.0013381848111748695,0.0031958158805078,0.02
38,octanol_hl_gap_eV,62,0.023311007767915726,0.002731933258473873,0.5771605118246175,0.9589101304465002,0.597932755947113,0.0012496828567236662,0.002090005680896666,0.04
38,octanol_hl_gap_eV,63,0.2868926227092743,0.00461962353438139,0.5820005580202685,0.9045483956745652,1.0088685750961304,0.14363817870616913,0.14237551079681762,0.28
38,octanol_hl_gap_eV,64,0.03589541092514992,0.0012622165959328413,0.6332814311090471,0.9701953092604725,0.27927911281585693,0.0008620010339654982,0.003086521671006094,0.08
38,octanol_hl_gap_eV,65,0.05975492671132088,0.0015034455573186278,0.6070295842778966,0.9748382910812194,0.21893654763698578,0.0014198822900652885,0.006485359824069056,0.16
38,octanol_hl_gap_eV,66,0.10072525590658188,0.0015337987570092082,0.6627803754160007,0.9713434193490591,0.4095214009284973,0.002475530141964555,0.006044934736870526,0.12
38,octanol_hl_gap_eV,67,0.20265093445777893,0.00243787351064384,0.589644223521415,0.9042792495520815,0.49302732944488525,0.07139793783426285,0.14481537547756632,0.14
38,octanol_hl_gap_eV,68,0.11230174452066422,0.0022524134255945683,0.5845016969200529,0.9599725024548973,0.5565961599349976,0.009309971705079079,0.0167266186424397,0.18
38,octanol_hl_gap_eV,69,0.09850316494703293,0.0008660361054353416,0.6699848361861951,0.9660428605908882,0.3075159192085266,0.0004860594344791025,0.0015805992604548888,0.16
38,octanol_hl_gap_eV,70,0.10831500589847565,0.0010328335920348763,0.6526500126749353,0.9692052377604097,0.31326863169670105,0.0013525228714570403,0.004317453886562506,0.2
38,octanol_hl_gap_eV,71,0.10400277376174927,0.0016056064050644636,0.6109914064153379,0.9830787995751307,0.30623045563697815,0.003332700114697218,0.010882980622436776,0.28
38,octanol_hl_gap_eV,72,0.06167956441640854,0.002661435166373849,0.583318022010775,0.9761446212289131,0.5872905254364014,0.0035156116355210543,0.005986154183074363,0.18
38,octanol_hl_gap_eV,73,0.11362007260322571,0.0017817281186580658,0.6256191850985942,0.9546123603879686,0.3347592055797577,0.0034301667474210262,0.010246668919770082,0.16
38,octanol_hl_gap_eV,74,0.21393637359142303,0.0027852305211126804,0.5921563588043612,0.9237743235756839,0.6256951093673706,0.10447011142969131,0.1669664823420455,0.08
38,octanol_hl_gap_eV,75,0.07965995371341705,0.0007081452058628201,0.6623960219630518,0.9647173461070522,0.25625744462013245,0.0007909198175184429,0.0030864266936356764,0.1
38,octanol_hl_gap_eV,76,0.04801425337791443,0.001600097049959004,0.5923140659148831,0.9701544295192546,0.3987066447734833,0.001527948654256761,0.003832262828538593,0.04
38,octanol_hl_gap_eV,77,0.20221035182476044,0.002253797370940447,0.6014187189597873,0.9379800408507251,0.4899965822696686,0.03356468304991722,0.06849983094666764,0.28
38,octanol_hl_gap_eV,78,0.1056126207113266,0.0014220841694623232,0.6509281734184533,0.9749194797329077,0.3371419906616211,0.002292594173923135,0.006800084941730501,0.24
38,octanol_hl_gap_eV,79,0.06659013032913208,0.0013735316460952163,0.6264165517905336,0.9572314921993557,0.26837658882141113,0.002650582930073142,0.009876356733325013,0.14
38,octanol_hl_gap_eV,80,0.04892078414559364,0.003969237674027681,0.622725133013099,0.9654925757896393,0.8178700804710388,0.0013524478999897838,0.0016536219288164492,0.02
38,octanol_hl_gap_eV,81,0.05487043783068657,0.0023440092336386442,0.626733726488844,0.9777927665488657,0.43150660395622253,0.0007358602597378194,0.001705327920803906,0.08
38,octanol_hl_gap_eV,82,0.029950030148029327,0.0016376908170059323,0.5846342489064473,0.9633135119873104,0.3811570703983307,0.0009303682600148022,0.0024409051602860593,0.04
38,octanol_hl_gap_eV,83,0.0745370164513588,0.001590287429280579,0.6316808300222891,0.9736002575189691,0.3719501793384552,0.0008234595879912376,0.0022138975425575274,0.04
38,octanol_hl_gap_eV,84,0.19669893383979797,0.0020184479653835297,0.6151210844765402,0.9385674548377558,0.33286258578300476,0.020398586988449097,0.061282306452269966,0.38
38,octanol_hl_gap_eV,85,0.09996914863586426,0.002016862155869603,0.6524464975175404,0.9820268399385157,0.4364226162433624,0.0034991998691111803,0.008017915980687676,0.08
38,octanol_hl_gap_eV,86,0.3451356589794159,0.0011861346429213881,0.6505898384779052,0.9075558391486607,0.2822265923023224,0.06064395233988762,0.21487681881842496,0.34
38,octanol_hl_gap_eV,87,0.05244998261332512,0.0011060105171054602,0.6493152678005922,0.9682223551523703,0.32708850502967834,0.0012111390242353082,0.0037027868775927042,0.08
38,octanol_hl_gap_eV,88,0.13543492555618286,0.0033925222232937813,0.5928541425316214,0.9785739074483835,0.7400339841842651,0.002165107289329171,0.0029256863003605917,0.24
38,octanol_hl_gap_eV,89,0.139793261885643,0.001600014278665185,0.6657123567736725,0.9767835741303741,0.4114730656147003,0.0027573888655751944,0.006701262114097131,0.14
38,octanol_hl_gap_eV,90,0.028162352740764618,0.0010236646048724651,0.6267443734365676,0.979682018054137,0.2804912030696869,0.0013255025260150433,0.004725647405368815,0.16
38,octanol_hl_gap_eV,91,0.1007053479552269,0.0023699412122368813,0.5944037301252438,0.9605851105456735,0.40473613142967224,0.0011552419746294618,0.0028543089803935605,0.18
38,octanol_hl_gap_eV,92,0.12104441970586777,0.0022342209704220295,0.6158770785536887,0.9245295809941194,0.3494759202003479,0.01725812256336212,0.04938286607405846,0.06
38,octanol_hl_gap_eV,93,0.12886275351047516,0.0011335009476169944,0.6278045936554637,0.9755564435015525,0.3044617474079132,0.0011135733220726252,0.0036575147175407774,0.18
38,octanol_hl_gap_eV,94,0.4241778552532196,0.0011706841178238392,0.634956151206505,0.9058488738580195,0.3291831910610199,0.09085920453071594,0.2760141070321953,0.18
38,octanol_hl_gap_eV,95,0.3817406892776489,0.001076513552106917,0.6525780643684223,0.9010504872119223,0.29942065477371216,0.05354168266057968,0.1788175992769902,0.26
38,octanol_hl_gap_eV,96,0.05173428729176521,0.0021321726962924004,0.6109672659433776,0.9769685018571412,0.3918973505496979,0.001483810250647366,0.003786221694446487,0.12
38,octanol_hl_gap_eV,97,0.1404508501291275,0.0018391143530607224,0.6327431107023958,0.9777121469930845,0.466482013463974,0.0013688248582184315,0.0029343572071598096,0.2
38,octanol_hl_gap_eV,98,0.0478479377925396,0.010079492814838886,0.6066197279649381,0.9796509763958412,2.0977566242218018,0.007239929866045713,0.0034512725558578502,0.02
38,octanol_hl_gap_eV,99,0.06740223616361618,0.0012989684473723173,0.601190213905038,0.9640929572188284,0.3177605867385864,0.0006332810735329986,0.0019929503530718958,0.04
38,octanol_hl_gap_eV,100,0.26478415727615356,0.0014055643696337938,0.6126494005477432,0.8865595893507832,0.254551500082016,0.06331042945384979,0.2487136372539596,0.18
38,octanol_hl_gap_eV,101,0.06396954506635666,0.00148014968726784,0.6038680577159623,0.9700342814610823,0.2913975119590759,0.0016509171109646559,0.005665515466708967,0.14
38,octanol_hl_gap_eV,102,0.10327190160751343,0.0016382329631596804,0.6478997228309913,0.9734619288150024,0.42833539843559265,0.0014337761094793677,0.003347321082301256,0.24
38,octanol_hl_gap_eV,103,0.09750154614448547,0.0012447963235899806,0.5967838058554888,0.9224555973229025,0.22681456804275513,0.03422484174370766,0.1508934899510343,0.06
38,octanol_hl_gap_eV,104,0.08069398254156113,0.0008450495661236346,0.6965069571607578,0.9686489597533625,0.28852277994155884,0.0006276103085838258,0.002175253921756023,0.02
38,octanol_hl_gap_eV,105,0.05884445086121559,0.002090226858854294,0.6314865307668209,0.9644848824592156,0.386355459690094,0.0005915361689403653,0.0015310671924109787,0.04
38,octanol_hl_gap_eV,106,0.27725735306739807,0.0013949674321338534,0.6099655125315624,0.8970171122312709,0.3811301290988922,0.06127746403217316,0.16077832570479736,0.08
38,octanol_hl_gap_eV,107,0.1761530190706253,0.000962612743023783,0.6579899197046588,0.9181439307361405,0.2561420500278473,0.02736024558544159,0.10681668856194067,0.18
38,octanol_hl_gap_eV,108,0.0728476345539093,0.001852610963396728,0.6197609356130056,0.9636662948866399,0.3327043354511261,0.0008632322424091399,0.002594592707181442,0.04
38,octanol_hl_gap_eV,109,0.05291748046875,0.0013576592318713665,0.6281823006393641,0.9677645924336389,0.27498242259025574,0.0018197399331256747,0.006617659107023079,0.08
38,octanol_hl_gap_eV,110,0.16390226781368256,0.00581446522846818,0.5795884898727761,0.9303368156465086,1.1837763786315918,0.09672334790229797,0.08170744884613014,0.12
38,octanol_hl_gap_eV,111,0.10660732537508011,0.0015867311740294099,0.6529902832047814,0.9747779984809426,0.37407228350639343,0.0009737999062053859,0.0026032399328744767,0.28
38,octanol_hl_gap_eV,112,0.1294926255941391,0.0009628237457945943,0.630337491154324,0.9703614270179954,0.3185407817363739,0.0016302063595503569,0.0051177320237115655,0.24
38,octanol_hl_gap_eV,113,0.03733760118484497,0.0012154013384133577,0.6407827627311837,0.9545261795320465,0.3244788348674774,0.0005948320613242686,0.0018331921759001876,0.06
38,octanol_hl_gap_eV,114,0.06288762390613556,0.0033985211048275232,0.6213413959068528,0.9765376958464262,0.6913385391235352,0.002678310964256525,0.0038740946912232507,0.04
38,octanol_hl_gap_eV,115,0.09643066674470901,0.0014227456413209438,0.6070536808816556,0.9766897119146052,0.3411984145641327,0.0012780555989593267,0.0037457841080299026,0.06
38,octanol_hl_gap_eV,116,0.2315339893102646,0.0018261561635881662,0.6243607672542404,0.9344450282105752,0.5030328631401062,0.04114517197012901,0.08179420269539953,0.32
38,octanol_hl_gap_eV,117,0.2758685052394867,0.0016293013468384743,0.617142050111676,0.9170805106466171,0.4502699077129364,0.04903256148099899,0.10889593250868333,0.28
38,octanol_hl_gap_eV,118,0.12688705325126648,0.0014995427336543798,0.6298227835166508,0.9637120025417258,0.30634307861328125,0.0027781659737229347,0.009068806079441449,0.16
38,octanol_hl_gap_eV,119,0.09053671360015869,0.004237511195242405,0.6323336837853812,0.9099060042348466,0.8360300660133362,0.08847186714410782,0.10582378641714607,0.06
38,octanol_hl_gap_eV,120,0.08581379801034927,0.001102830283343792,0.6532141356624841,0.9657713315278416,0.2903335392475128,0.0005744764348492026,0.0019786774767329056,0.1
38,octanol_hl_gap_eV,121,0.049744345247745514,0.0015503820031881332,0.641437980222421,0.9624029344731524,0.3983989357948303,0.0023529864847660065,0.005906106350589652,0.02
38,octanol_hl_gap_eV,122,0.08498521149158478,0.004639137536287308,0.6352566819971017,0.9741574294420243,0.9198450446128845,0.00129376957193017,0.0014065081716830373,0.02
38,octanol_hl_gap_eV,123,0.05784888193011284,0.0020113245118409395,0.6279563075036576,0.9698079879652304,0.36708205938339233,0.0019716040696948767,0.005371017240686421,0.04
38,octanol_hl_gap_eV,124,0.0767224058508873,0.001247722771950066,0.6263698339344534,0.9835562457515084,0.3013359308242798,0.001865524798631668,0.006190847515358283,0.16
38,octanol_hl_gap_eV,125,0.03623344376683235,0.0009359917603433132,0.636227854027581,0.9737229254488138,0.26548802852630615,0.0009824922308325768,0.003700702575126567,0.28
38,octanol_hl_gap_eV,126,0.06589218974113464,0.002797207096591592,0.6155293319338873,0.97965696633705,0.4655539393424988,0.002014043740928173,0.004326123292550385,0.02
38,octanol_hl_gap_eV,127,0.04726499319076538,0.0054688300006091595,0.6076835585133431,0.9869850762140617,1.1368309259414673,0.008630253374576569,0.0075915012317503755,0.06
38,octanol_hl_gap_eV,128,0.3064168095588684,0.0016674689250066876,0.6178230645619094,0.8885594012769289,0.45256009697914124,0.08559484779834747,0.18913476545921057,0.14
38,octanol_hl_gap_eV,129,0.32403475046157837,0.0014641073066741228,0.639780011970267,0.9103152554710363,0.31015148758888245,0.07634733617305756,0.24616143796885104,0.26
38,octanol_hl_gap_eV,130,0.06113582104444504,0.0023637376725673676,0.6112962849724304,0.976817389997048,0.4078781008720398,0.0014309198595583439,0.0035082046731585975,0.06
38,octanol_hl_gap_eV,131,0.04155170917510986,0.0012718080542981625,0.6031719988005297,0.9656898369230891,0.3720740079879761,0.0006855524843558669,0.0018425164608058867,0.06
38,octanol_hl_gap_eV,132,0.27182456851005554,0.0018460587598383427,0.6174790641730485,0.9579398042761191,0.5067718029022217,0.027819029986858368,0.054894589295501645,0.36
38,octanol_hl_gap_eV,133,0.04530535265803337,0.004628824535757303,0.58795016707927,0.9750371507567432,0.7985694408416748,0.0021526627242565155,0.002695648761600063,0.02
38,octanol_hl_gap_eV,134,0.08909556269645691,0.0018998412415385246,0.6088417348317015,0.9728365198811055,0.48928242921829224,0.0023739624302834272,0.004851926593963768,0.22
38,octanol_hl_gap_eV,135,0.0689391940832138,0.0012827712344005704,0.6276870968624984,0.9630953930293291,0.3653465807437897,0.0008295467705465853,0.002270574884970198,0.16
38,octanol_hl_gap_eV,136,0.07831723988056183,0.0017787021351978183,0.6001924416811997,0.9723320100264661,0.4796033501625061,0.0013482142239809036,0.0028111025986871908,0.14
38,octanol_hl_gap_eV,137,0.046091627329587936,0.001589092891663313,0.6041486249878216,0.9803420965107559,0.3568233847618103,0.001351401675492525,0.003787312528282371,0.12
38,octanol_hl_gap_eV,138,0.09170876443386078,0.004382083658128977,0.6343724784506104,0.9840636453508511,0.8766974210739136,0.0014284231001511216,0.0016293228037575036,0.04
38,octanol_hl_gap_eV,139,0.3551631271839142,0.0014596667606383562,0.6431464465078514,0.9221355267177598,0.3088529407978058,0.048803288489580154,0.15801464724122474,0.4
38,octanol_hl_gap_eV,140,0.07781480997800827,0.001754641067236662,0.6030066414951618,0.978964489982673,0.3937775194644928,0.001728941104374826,0.004390654668976667,0.18
38,octanol_hl_gap_eV,141,0.263887882232666,0.003496277378872037,0.6197632618398221,0.911174686535901,0.6982236504554749,0.11352931708097458,0.16259735259170263,0.22
38,octanol_hl_gap_eV,142,0.07875525951385498,0.0008650908130221069,0.6712285624688803,0.9692676666066695,0.2796163856983185,0.0008404395775869489,0.00300568786585243,0.06
38,octanol_hl_gap_eV,143,0.048778027296066284,0.0012375329388305545,0.6058990461925642,0.970370806595966,0.31205710768699646,0.0012860596179962158,0.004121231615356045,0.1
38,octanol_hl_gap_eV,144,0.09833265841007233,0.0017376149771735072,0.5934881845873081,0.979235276566129,0.45527610182762146,0.0010360270971432328,0.0022756017567895485,0.26
38,octanol_hl_gap_eV,145,0.11704636365175247,0.001977176871150732,0.5913152329601594,0.941482214634086,0.46501684188842773,0.014880339615046978,0.031999571358788,0.12
38,octanol_hl_gap_eV,146,0.28492140769958496,0.0013011591508984566,0.6022110108822785,0.9031282065609221,0.37949761748313904,0.04243289679288864,0.11181334173929015,0.16
38,octanol_hl_gap_eV,147,0.08272337168455124,0.0022094701416790485,0.6001077609823473,0.9808774209946458,0.5035092234611511,0.001917518675327301,0.003808308936519908,0.26
38,octanol_hl_gap_eV,148,0.019465088844299316,0.0017452239990234375,0.6377015237798551,0.9684785367299278,0.35667482018470764,0.0007123621762730181,0.00199723147236498,0.14
38,octanol_hl_gap_eV,149,0.36911529302597046,0.0014495309442281723,0.6300903375927569,0.9094469883787157,0.35777005553245544,0.060095418244600296,0.167972185808459,0.3
38,octanol_hl_gap_eV,150,0.04361402988433838,0.005085793789476156,0.5725095580632387,0.9741099600665517,1.0436724424362183,0.0008607140043750405,0.0008246974523595713,0.12
38,octanol_hl_gap_eV,151,0.30380064249038696,0.0017521494301036,0.626261308521179,0.9256580845064115,0.4398757219314575,0.04304346814751625,0.09785370276521736,0.18
38,octanol_hl_gap_eV,152,0.12702755630016327,0.0013013167772442102,0.6393438623153016,0.9764422837401099,0.34892329573631287,0.0008896170766092837,0.0025496064249077312,0.28
38,octanol_hl_gap_eV,153,0.06271427124738693,0.0015450059436261654,0.6148306688562659,0.9534166246064062,0.4184134602546692,0.0010645607253536582,0.002544279346810948,0.06
38,octanol_hl_gap_eV,154,0.015001639723777771,0.0026688184589147568,0.5778043556106025,0.9674515266553076,0.5905954241752625,0.0008050862234085798,0.0013631772114266602,0.02
38,octanol_hl_gap_eV,155,0.17108847200870514,0.0018073581159114838,0.6222274923530189,0.9718162478903747,0.3981896638870239,0.009920172393321991,0.024913184075357076,0.26
38,octanol_hl_gap_eV,156,0.06153496354818344,0.0018596977461129427,0.6356864274666589,0.975768604924272,0.4921765625476837,0.0010486438404768705,0.0021306253086264635,0.12
38,octanol_hl_gap_eV,157,0.13553696870803833,0.0016927478136494756,0.6094043151733433,0.9721180682043307,0.4294017255306244,0.001369820674881339,0.0031900679327466867,0.26
38,octanol_hl_gap_eV,158,0.08015188574790955,0.0024400861002504826,0.6183998164329476,0.9760906093577824,0.5831922292709351,0.005960221402347088,0.010219994545877485,0.1
38,octanol_hl_gap_eV,159,0.0959608405828476,0.00188637082464993,0.6166959380714248,0.9729016835867137,0.3008788228034973,0.0018060986185446382,0.006002744233429128,0.24
38,octanol_hl_gap_eV,160,0.0647340789437294,0.0009200893109664321,0.6807118473773177,0.9653217876855262,0.31788545846939087,0.0007859237375669181,0.0024723488181910484,0.06
38,octanol_hl_gap_eV,161,0.04964270815253258,0.0011419780785217881,0.6306129797759776,0.9615363786116655,0.21541504561901093,0.0010871307458728552,0.00504667973747565,0.08
38,octanol_hl_gap_eV,162,0.01457852404564619,0.0010021121706813574,0.6603263470188052,0.9703203246622996,0.27834442257881165,0.0006971951806917787,0.002504793069796007,0.06
38,octanol_hl_gap_eV,163,0.2871097922325134,0.0016724731540307403,0.6279232676085058,0.911014724524273,0.3154771625995636,0.08555952459573746,0.27120671395266255,0.16
38,octanol_hl_gap_eV,164,0.06187295541167259,0.000869375595357269,0.6718621100773758,0.9674559439919377,0.2623700201511383,0.0008917566738091409,0.0033988512608850822,0.04
38,octanol_hl_gap_eV,165,0.10222695767879486,0.0013059095945209265,0.638848128944318,0.970894673517332,0.28532499074935913,0.0008772737346589565,0.003074647377907352,0.2
38,octanol_hl_gap_eV,166,0.03243336081504822,0.002055601216852665,0.5811533896779113,0.9740063285049918,0.46455255150794983,0.0009202893706969917,0.001981023175332281,0.0
38,octanol_hl_gap_eV,167,0.037416789680719376,0.0015328817535191774,0.618258138373565,0.9774135229468448,0.35713478922843933,0.0012503673788160086,0.0035011077512703973,0.04
38,octanol_hl_gap_eV,168,0.14533112943172455,0.0033233179710805416,0.6346514709044102,0.9064743180615686,0.6478707790374756,0.0794881135225296,0.12269130835106189,0.06
38,octanol_hl_gap_eV,169,0.06943629682064056,0.0021381888072937727,0.6150583007569892,0.9745601033636255,0.5174708962440491,0.002338145859539509,0.0045184103618395475,0.06
38,octanol_hl_gap_eV,170,0.1795816719532013,0.0018536172574386,0.6262190052612431,0.934132927726357,0.298940509557724,0.019114864990115166,0.06394203655568526,0.22
38,octanol_hl_gap_eV,171,0.1275532990694046,0.0013903791550546885,0.6439696078470787,0.975721152246227,0.2901054918766022,0.0010743954917415977,0.0037034648492576525,0.22
38,octanol_hl_gap_eV,172,0.025258896872401237,0.0012808723840862513,0.5917997504117976,0.9669576962607873,0.36631953716278076,0.0006407425971701741,0.0017491357467113431,0.04
38,octanol_hl_gap_eV,173,0.11901282519102097,0.0012138162273913622,0.6094073867875205,0.9779027008014949,0.25519242882728577,0.0027980979066342115,0.010964658785108253,0.06
38,octanol_hl_gap_eV,174,0.21281583607196808,0.0013598826481029391,0.6123267256810421,0.9512697488350308,0.2922874689102173,0.0224877018481493,0.07693693449121798,0.14
38,octanol_hl_gap_eV,175,0.06869936734437943,0.0012420554412528872,0.6381244408458489,0.9772967777060133,0.2820342481136322,0.0009490300435572863,0.0033649461010668465,0.14
38,octanol_hl_gap_eV,176,0.09621156752109528,0.0013124722754582763,0.6213959856081355,0.9648387377444481,0.28648898005485535,0.0009700455702841282,0.003385978651250003,0.22
38,octanol_hl_gap_eV,177,0.19800680875778198,0.0022140759974718094,0.6362436197738794,0.932524949056333,0.4106283485889435,0.03369046375155449,0.08204612240564053,0.16
38,octanol_hl_gap_eV,178,0.10463279485702515,0.0014777528122067451,0.6035404901984232,0.975315762984819,0.3854120671749115,0.00046827405458316207,0.0012149958303475882,0.22
38,octanol_hl_gap_eV,179,0.06304597109556198,0.0023641472216695547,0.6415155453438113,0.9788437554780876,0.46847352385520935,0.000848721363581717,0.0018116741296228098,0.06
38,octanol_hl_gap_eV,180,0.03540131449699402,0.0013969441642984748,0.6172549207829972,0.9625687635450302,0.34041628241539,0.0006250207661651075,0.0018360483867878898,0.02
38,octanol_hl_gap_eV,181,0.012018750421702862,0.0015050678048282862,0.5949732922578981,0.9640280019006322,0.34684935212135315,0.0012222781078889966,0.0035239451952655074,0.08
38,octanol_hl_gap_eV,182,0.050603237003088,0.0021648153197020292,0.6095621811631096,0.9779714358731291,0.3331034481525421,0.004036478232592344,0.01211779180005327,0.0
38,octanol_hl_gap_eV,183,0.1196182444691658,0.0015233912272378802,0.6568282351924495,0.9794485136590008,0.4134977161884308,0.0019932056311517954,0.004820354631036202,0.26
38,octanol_hl_gap_eV,184,0.017552390694618225,0.001636275090277195,0.6384729700397385,0.9674758865917765,0.32240426540374756,0.0008600412984378636,0.002667586600818795,0.0
38,octanol_hl_gap_eV,185,0.15468133985996246,0.002419576048851013,0.6047407485879217,0.9067280790644234,0.3596140742301941,0.051869962364435196,0.14423785408140755,0.04
38,octanol_hl_gap_eV,186,0.11934885382652283,0.0011963465949520469,0.6532534968856685,0.9693874485716938,0.37505730986595154,0.0007574858609586954,0.002019653639678232,0.26
38,octanol_hl_gap_eV,187,0.12440712004899979,0.0013260983396321535,0.644696515582887,0.9700348354286803,0.30845391750335693,0.0007833596901036799,0.0025396328127204105,0.22
38,octanol_hl_gap_eV,188,0.051534708589315414,0.0015743125695735216,0.6065485324056545,0.9734861415972076,0.30010002851486206,0.0009658018825575709,0.003218266547114776,0.1
38,octanol_hl_gap_eV,189,0.08097769320011139,0.00206692423671484,0.5900480051348855,0.9702450120614916,0.5356495976448059,0.0013191021280363202,0.002462621336478682,0.2
38,octanol_hl_gap_eV,190,0.07539087533950806,0.00102509674616158,0.6313981071180566,0.9788277364438251,0.24297739565372467,0.0013759341090917587,0.005662807049972044,0.24
38,octanol_hl_gap_eV,191,0.14557752013206482,0.0012549958191812038,0.6330412811944559,0.9798311405356017,0.3392527103424072,0.0012692197924479842,0.0037412222622096748,0.22
38,octanol_hl_gap_eV,192,0.0634797215461731,0.00443950854241848,0.5751423044510728,0.9744621104167595,0.9189015030860901,0.0020840123761445284,0.0022679388042629867,0.08
38,octanol_hl_gap_eV,193,0.04704020172357559,0.003008294152095914,0.6381080369441006,0.9695157067241138,0.6034936308860779,0.0009388711187057197,0.0015557266401092333,0.08
38,octanol_hl_gap_eV,194,0.06439626961946487,0.0018117126310244203,0.6059775118185575,0.9653680645278715,0.36093536019325256,0.0022616658825427294,0.006266124442148823,0.1
38,octanol_hl_gap_eV,195,0.19198985397815704,0.0011275957804173231,0.6512463285064476,0.9627516288898033,0.29765671491622925,0.0035584198776632547,0.011954777766947793,0.26
38,octanol_hl_gap_eV,196,0.08029644191265106,0.0010633575730025768,0.661340544112347,0.9505039083154672,0.3162938356399536,0.0008016066858544946,0.00253437340703341,0.06
38,octanol_hl_gap_eV,197,0.032319337129592896,0.0007643129792995751,0.6961541439249801,0.9610571945143236,0.29703786969184875,0.0011038333177566528,0.003716136662647712,0.08
38,octanol_hl_gap_eV,198,0.03324270248413086,0.0011985902674496174,0.6286093850137466,0.9710682538744093,0.31516286730766296,0.0005505429580807686,0.0017468522316219659,0.08
38,octanol_hl_gap_eV,199,0.04740624129772186,0.001123559195548296,0.6220731307429694,0.9599632767278286,0.2853381037712097,0.0005193572724238038,0.0018201469259087658,0.04
38,octanol_hl_gap_eV,200,0.0717933252453804,0.0013868981041014194,0.6084822683841462,0.9674296058577612,0.3785930573940277,0.001457856153137982,0.0038507207796488756,0.12
38,octanol_hl_gap_eV,201,0.03740358352661133,0.0027964641340076923,0.5852732410564225,0.9876630330555267,0.624250054359436,0.0027075752150267363,0.0043373247565113475,0.04
38,octanol_hl_gap_eV,202,0.3833830952644348,0.0013709558406844735,0.6328303553789607,0.9175286742760447,0.300568163394928,0.0685814768075943,0.2281727912662609,0.4
38,octanol_hl_gap_eV,203,0.21463994681835175,0.0016451396513730288,0.6064327441124353,0.897170637189237,0.4084789752960205,0.07564546167850494,0.1851881400350788,0.12
38,octanol_hl_gap_eV,204,0.07444284856319427,0.0017798419576138258,0.6184537175694949,0.9722369957544239,0.3517076075077057,0.0008585274335928261,0.0024410260547861945,0.18
38,octanol_hl_gap_eV,205,0.03551604226231575,0.0026929951272904873,0.6314941387133195,0.9662306545230557,0.6534386277198792,0.0020628569182008505,0.0031569252729962134,0.04
38,octanol_hl_gap_eV,206,0.05819147080183029,0.002430747728794813,0.630036720635389,0.9782997557790096,0.43162596225738525,0.0024310555309057236,0.005632319979529052,0.08
38,octanol_hl_gap_eV,207,0.059306856244802475,0.0011148001067340374,0.6303568018600829,0.9651307502245166,0.28557220101356506,0.0012798766838386655,0.004481797175271516,0.02
38,octanol_hl_gap_eV,208,0.0325174555182457,0.0017466283170506358,0.5833459367244433,0.9776511866456603,0.378400593996048,0.0026758864987641573,0.007071570555706116,0.04
38,octanol_hl_gap_eV,209,0.053493548184633255,0.0016669711330905557,0.5928745660979533,0.9769516957172368,0.36112624406814575,0.0012182004284113646,0.003373336744203742,0.06
38,octanol_hl_gap_eV,210,0.04318533092737198,0.0008252058760263026,0.6489425750634905,0.9779148939499944,0.2699664533138275,0.0009515496203675866,0.0035246957860406458,0.06
38,octanol_hl_gap_eV,211,0.08652366697788239,0.0010084855603054166,0.6765019024569374,0.9841549138226575,0.2880513668060303,0.0015507317148149014,0.00538352493171519,0.32
38,octanol_hl_gap_eV,212,0.1291491538286209,0.0012347716838121414,0.612044998306629,0.9744265128506668,0.36009958386421204,0.0007711378275416791,0.002141457147122012,0.1
38,octanol_hl_gap_eV,213,0.3078295886516571,0.0012274576583877206,0.6354228652673863,0.9502270310139946,0.24261437356472015,0.061632830649614334,0.25403618814518864,0.22
38,octanol_hl_gap_eV,214,0.25744107365608215,0.0013358410215005279,0.633542629577537,0.9211148433981391,0.2805721163749695,0.04156269133090973,0.14813550208732587,0.18
38,octanol_hl_gap_eV,215,0.04759823903441429,0.000994024216197431,0.6544427052352135,0.9651038734202946,0.2808089554309845,0.0005786894471384585,0.002060794130480234,0.12
38,octanol_hl_gap_eV,216,0.06421387940645218,0.0012775656068697572,0.6264651651537498,0.9729226015445125,0.29927727580070496,0.0005690768011845648,0.0019015035460411135,0.32
38,octanol_hl_gap_eV,217,0.04004942253232002,0.001199262565933168,0.6235719577584045,0.980668863740894,0.2554354965686798,0.0019808076322078705,0.007754629481088131,0.04
38,octanol_hl_gap_eV,218,0.47886088490486145,0.0013428984675556421,0.6322952353892135,0.9108450432921809,0.28316161036491394,0.10960344970226288,0.38707030081166555,0.36
38,octanol_hl_gap_eV,219,0.035337138921022415,0.0009491376695223153,0.612979790806039,0.9662984690050014,0.34853675961494446,0.0005674653220921755,0.0016281362193161443,0.02
38,octanol_hl_gap_eV,220,0.054836440831422806,0.001112810685299337,0.6370229640866047,0.9671750164727113,0.2588963508605957,0.0019163723336532712,0.007402083217021291,0.14
38,octanol_hl_gap_eV,221,0.04282110929489136,0.001116318628191948,0.6576203473713633,0.9797413273755715,0.28406649827957153,0.0009868746856227517,0.003474097408880272,0.28
38,octanol_hl_gap_eV,222,0.26791074872016907,0.0013012245763093233,0.6138825125416147,0.9435669007616498,0.2942112982273102,0.013715150766074657,0.046616669205810764,0.24
38,octanol_hl_gap_eV,223,0.09835270047187805,0.0014266414800658822,0.6067864903897293,0.9712666864440309,0.30822375416755676,0.001992576289921999,0.0064647070934020015,0.22
38,octanol_hl_gap_eV,224,0.08860968798398972,0.0012961645843461156,0.6011672937134565,0.9627700532490122,0.24859017133712769,0.0003200708015356213,0.0012875440722938097,0.08
38,octanol_hl_gap_eV,225,0.09755593538284302,0.0014048554003238678,0.6502448819992153,0.973121367567735,0.2795526683330536,0.0014170631766319275,0.005069038278481628,0.14
38,octanol_hl_gap_eV,226,0.03815321624279022,0.0010943401139229536,0.6352405627251911,0.9490989972061683,0.27743881940841675,0.004876029212027788,0.017575151243884878,0.1
38,octanol_hl_gap_eV,227,0.05018175393342972,0.0012853393564000726,0.6311115153540361,0.9604104359494179,0.2383839637041092,0.00062848866218701,0.002636455290118059,0.06
38,octanol_hl_gap_eV,228,0.09725251793861389,0.0016551072476431727,0.6391925790615496,0.9812720805317436,0.36138609051704407,0.001148531911894679,0.0031781298230140675,0.18
38,octanol_hl_gap_eV,229,0.06765487045049667,0.0013715364038944244,0.6181500348474103,0.9615913607486328,0.3081452548503876,0.0016731686191633344,0.005429804914489762,0.04
38,octanol_hl_gap_eV,230,0.05372869223356247,0.0008988067274913192,0.671231709470389,0.9635509426915647,0.31726986169815063,0.0003774245560634881,0.001189601035671546,0.06
38,octanol_hl_gap_eV,231,0.04138537868857384,0.001580544514581561,0.5910522308131052,0.9671050056285044,0.3869566023349762,0.0006451727240346372,0.0016672999507994733,0.04
38,octanol_hl_gap_eV,232,0.07307126373052597,0.0018799632089212537,0.5985384251677621,0.9752156941635195,0.31142181158065796,0.00234660180285573,0.007535123474316963,0.04
38,octanol_hl_gap_eV,233,0.053571078926324844,0.002488331403583288,0.6031276177624787,0.9785593186958552,0.4790782332420349,0.0013967403210699558,0.002915474392601572,0.02
38,octanol_hl_gap_eV,234,0.12018628418445587,0.0011137914843857288,0.6187087715984894,0.9779059202215017,0.30097344517707825,0.0025735837407410145,0.008550866470053004,0.32
38,octanol_hl_gap_eV,235,0.09319784492254257,0.0015597437741234899,0.6324651793511682,0.9795805194555489,0.4380275011062622,0.0007021628553047776,0.0016030108920819521,0.2
38,octanol_hl_gap_eV,236,0.0462338887155056,0.0020082767587155104,0.6278834900339922,0.9756077729250447,0.35703936219215393,0.0018577774753794074,0.005203284769424318,0.08
38,octanol_hl_gap_eV,237,0.0961921215057373,0.0014200678560882807,0.6475236648794216,0.9749327635931793,0.40628960728645325,0.001985858427360654,0.00488779036368639,0.16
38,octanol_hl_gap_eV,238,0.08998554944992065,0.0011978206457570195,0.6257816170428423,0.9722405494750375,0.31527671217918396,0.0009653114248067141,0.003061791079126993,0.08
38,octanol_hl_gap_eV,239,0.1807539165019989,0.0010992701863870025,0.6846546897017973,0.9770020179581456,0.3427982032299042,0.001091770944185555,0.0031848794243922508,0.32
38,octanol_hl_gap_eV,240,0.04603671655058861,0.0012141267070546746,0.6347721660015306,0.9561395444802576,0.3024783432483673,0.004147936124354601,0.013713167295910168,0.1
38,octanol_hl_gap_eV,241,0.03664001077413559,0.0012337176594883204,0.6312648338867122,0.9722929606405037,0.2583425045013428,0.0012486448977142572,0.004833292532037705,0.14
38,octanol_hl_gap_eV,242,0.09471195936203003,0.0012353300116956234,0.6195769220534262,0.9740995701800081,0.28924494981765747,0.0009471394587308168,0.003274523753406591,0.02
38,octanol_hl_gap_eV,243,0.054310478270053864,0.001495951320976019,0.6141745482375631,0.9792829494605917,0.39883971214294434,0.0023268181830644608,0.005833968163708151,0.04
38,octanol_hl_gap_eV,244,0.18199415504932404,0.0033133539836853743,0.6176255851557346,0.9167288238786955,0.5756341814994812,0.0919700562953949,0.1597717078854147,0.02
38,octanol_hl_gap_eV,245,0.03728499263525009,0.003057914087548852,0.6349203475925354,0.9643152957784358,0.5869119763374329,0.0008751135901547968,0.0014910474235265364,0.0
38,octanol_hl_gap_eV,246,0.057192932814359665,0.003869751002639532,0.6069214342441023,0.9669312125294998,0.8116924166679382,0.0016076763859018683,0.0019806472906344344,0.04
38,octanol_hl_gap_eV,247,0.047625601291656494,0.0010767304338514805,0.6120972783819396,0.9759701055958572,0.24285978078842163,0.0013213895726948977,0.005440956787513889,0.26
38,octanol_hl_gap_eV,248,0.3850254714488983,0.0018146791262552142,0.6348063137538895,0.9130987184081873,0.283158540725708,0.09028472006320953,0.3188486557100432,0.42
38,octanol_hl_gap_eV,249,0.1437523365020752,0.0013534481404349208,0.6277806204322438,0.9701806877843682,0.27932724356651306,0.0015696391928941011,0.005619355895445768,0.18
38,octanol_dipole,0,0.08767811954021454,0.020925698801875114,0.5839924115425243,0.9573874026610283,3.9360766410827637,0.028782876208424568,0.007312580224684541,0.0
38,octanol_dipole,1,0.1518915295600891,0.023975523188710213,0.5832574788245866,0.9146328875743961,4.576847553253174,0.21652716398239136,0.04730923664444235,0.02
38,octanol_dipole,2,0.05887433513998985,0.02673015184700489,0.5860614792016947,0.9636700203444983,5.0909342765808105,0.004631232004612684,0.000909701786156848,0.0
38,octanol_dipole,3,0.07711169868707657,0.02997647225856781,0.5851225929406008,0.9650981497430535,5.653315544128418,0.004827745258808136,0.0008539670607670704,0.0
38,octanol_dipole,4,0.10817591845989227,0.028264880180358887,0.5842802190416336,0.9362509745308689,5.346409320831299,0.0421232171356678,0.007878786416809213,0.0
38,octanol_dipole,5,0.19021783769130707,0.026973579078912735,0.5820752617256368,0.8941497828286857,5.068864822387695,0.47215941548347473,0.09314894597269284,0.02
38,octanol_dipole,6,0.0783291757106781,0.024672934785485268,0.5818267590120021,0.9504469370080213,4.611716270446777,0.01678193360567093,0.0036389779035658487,0.0
38,octanol_dipole,7,0.15138444304466248,0.02425309829413891,0.583722074650769,0.9301471520944349,4.587363243103027,0.163492351770401,0.035639722233945,0.04
38,octanol_dipole,8,0.1889718621969223,0.036579761654138565,0.5816084877977528,0.8970043222410016,6.924840927124023,0.38908565044403076,0.0561869441534772,0.0
38,octanol_dipole,9,0.2076599895954132,0.03562789410352707,0.5930336940086345,0.8961389417410814,6.890256404876709,0.710882842540741,0.10317218994021764,0.04
38,octanol_dipole,10,0.10175201296806335,0.03249562904238701,0.5814248487243876,0.9614645922062854,6.179738521575928,0.017580220475792885,0.0028448162352522417,0.06
38,octanol_dipole,11,0.08172985166311264,0.03171370178461075,0.581703375323561,0.968623579402502,6.04177713394165,0.006407907232642174,0.001060599735902814,0.0
38,octanol_dipole,12,0.2079065442085266,0.023883117362856865,0.5835897577598894,0.9004261716268969,4.553187847137451,0.44852185249328613,0.09850721462661986,0.08
38,octanol_dipole,13,0.07746541500091553,0.03145420178771019,0.5799386940265521,0.9567339278259821,5.997219562530518,0.004644930362701416,0.0007745139750630532,0.02
38,octanol_dipole,14,0.1608876883983612,0.02973444201052189,0.5801669039361572,0.9214693695437246,5.690184593200684,0.15304547548294067,0.02689639904930638,0.06
38,octanol_dipole,15,0.11070045083761215,0.03830472752451897,0.5827219625166888,0.9496207624260575,7.267665863037109,0.08351492881774902,0.011491300011809938,0.0
38,octanol_dipole,16,0.2976301610469818,0.028636077418923378,0.5845390987667725,0.8865107644619201,5.54676628112793,0.6891041398048401,0.12423529402156663,0.12
38,octanol_dipole,17,0.3129325211048126,0.024006623774766922,0.5849708832422558,0.8885624958513474,4.6293792724609375,0.6116726398468018,0.13212843533591964,0.08
38,octanol_dipole,18,0.06993411481380463,0.03385988995432854,0.5837893535319669,0.9642332694288624,6.429454803466797,0.008957957848906517,0.0013932686553883755,0.0
38,octanol_dipole,19,0.06604453921318054,0.0256954375654459,0.5845522313728977,0.9652716903385214,4.848631858825684,0.012402725405991077,0.0025579845546357814,0.0
38,octanol_dipole,20,0.04457475244998932,0.027319569140672684,0.5834361764926685,0.9702002455327061,5.144385814666748,0.007144862320274115,0.0013888659555634352,0.02
38,octanol_dipole,21,0.2725498378276825,0.02984032779932022,0.5857651261269667,0.8926078223990743,5.703880310058594,0.7498776912689209,0.1314679920521014,0.02
38,octanol_dipole,22,0.07723761349916458,0.027316298335790634,0.5829993865827432,0.9616921715628233,5.175172805786133,0.006151088047772646,0.0011885763584349078,0.02
38,octanol_dipole,23,0.1144983097910881,0.026117658242583275,0.5841380276309078,0.9099144703878936,4.935041427612305,0.1632198691368103,0.033073657340254616,0.02
38,octanol_dipole,24,0.17246130108833313,0.028622811660170555,0.5842958767628037,0.9092850012570779,5.50422477722168,0.2820907533168793,0.0512498607404743,0.04
38,octanol_dipole,25,0.2714526057243347,0.031369999051094055,0.5818597304556479,0.8927709490456155,6.069501876831055,0.6781178116798401,0.11172544723454174,0.06
38,octanol_dipole,26,0.22947321832180023,0.03182711824774742,0.5844104248793887,0.8956498416753653,6.118475914001465,0.4914678931236267,0.08032521497697752,0.04
38,octanol_dipole,27,0.04479988291859627,0.0328686498105526,0.5816541221533937,0.9596761157222868,6.150685787200928,0.007454720325767994,0.0012120144945919128,0.0
38,octanol_dipole,28,0.0685437023639679,0.025771474465727806,0.5837358741294028,0.9638304188784921,4.8824992179870605,0.006894642487168312,0.0014121133827873526,0.0
38,octanol_dipole,29,0.27142268419265747,0.029482675716280937,0.5833510014303336,0.8754981693764639,5.678663730621338,0.6001691818237305,0.1056884524764882,0.12
38,octanol_dipole,30,0.10257750749588013,0.018704218789935112,0.585893936260899,0.951675803548335,3.5381414890289307,0.048482973128557205,0.013702949211865385,0.02
38,octanol_dipole,31,0.03590504825115204,0.03531947731971741,0.5862630194074516,0.9609590596612865,6.6608757972717285,0.005470579024404287,0.0008213002600416326,0.0
38,octanol_dipole,32,0.16504652798175812,0.029729826375842094,0.5834131574598949,0.9197541639825646,5.624701023101807,0.2825690805912018,0.050237173394751526,0.04
38,octanol_dipole,33,0.08635910600423813,0.028138408437371254,0.5836383236416194,0.9661198224112837,5.311645030975342,0.008015855215489864,0.0015091097331889978,0.0
38,octanol_dipole,34,0.04718656465411186,0.032560963183641434,0.5822805712630994,0.963254594682242,6.161174774169922,0.0051086051389575005,0.0008291608867151101,0.0
38,octanol_dipole,35,0.15512531995773315,0.02831677719950676,0.5842348934493149,0.9200659283114669,5.374327659606934,0.17023152112960815,0.03167494278569136,0.04
38,octanol_dipole,36,0.07115569710731506,0.027923427522182465,0.5813545348007201,0.9650339245722701,5.193142414093018,0.00796577800065279,0.001533903244986208,0.0
38,octanol_dipole,37,0.04646960645914078,0.017346017062664032,0.5847287480905055,0.9584884058348713,3.24552845954895,0.027034087106585503,0.008329641056465296,0.0
38,octanol_dipole,38,0.07970889657735825,0.02901885285973549,0.5837904085141923,0.9664587361670596,5.515986442565918,0.008243696764111519,0.001494509975676577,0.02
38,octanol_dipole,39,0.06416147202253342,0.03210519626736641,0.5879744868358108,0.9447026884649514,6.244782447814941,0.009638388641178608,0.001543430651383395,0.0
38,octanol_dipole,40,0.052220236510038376,0.03268849477171898,0.5824594121521132,0.9566778783507495,6.187935829162598,0.007003854028880596,0.0011318562800655958,0.04
38,octanol_dipole,41,0.032860301434993744,0.02163202315568924,0.5830780202080714,0.9663287887054468,4.058078289031982,0.009818234480917454,0.0024194295382259628,0.02
38,octanol_dipole,42,0.2631463408470154,0.025936992838978767,0.5835058092475791,0.8894602227688215,4.997447490692139,0.5001869201660156,0.10008847938825277,0.06
38,octanol_dipole,43,0.29716771841049194,0.030918538570404053,0.5840122483522046,0.8894818207816932,5.986433029174805,0.646371066570282,0.10797265473783818,0.1
38,octanol_dipole,44,0.31448012590408325,0.03162582963705063,0.583835831981453,0.9098797849795144,6.086052417755127,0.9741637706756592,0.16006496556514785,0.14
38,octanol_dipole,45,0.05706583335995674,0.029706286266446114,0.5824854394018046,0.9573983243048316,5.614522933959961,0.024467570707201958,0.004357907340480808,0.0
38,octanol_dipole,46,0.04508043825626373,0.031372345983982086,0.5851488782876964,0.9628338995978512,5.9078755378723145,0.003595973365008831,0.0006086745297792613,0.0
38,octanol_dipole,47,0.26778098940849304,0.030202902853488922,0.5858269704356815,0.8823765606305756,5.876275539398193,0.6730505228042603,0.11453692365031429,0.08
38,octanol_dipole,48,0.0559203214943409,0.026812823489308357,0.5838043243117612,0.9565199973569021,5.0766921043396,0.01656223088502884,0.003262406020422492,0.0
38,octanol_dipole,49,0.06409312784671783,0.030656171962618828,0.5839971843555152,0.9664851484946169,5.729592800140381,0.004387881141155958,0.0007658277462664451,0.02
38,octanol_dipole,50,0.07676458358764648,0.02939184568822384,0.5832783116561022,0.971960622044034,5.544626235961914,0.009531552903354168,0.00171906139345037,0.0
38,octanol_dipole,51,0.034301117062568665,0.03526442497968674,0.5819048494064936,0.9688120846392378,6.653108596801758,0.020448554307222366,0.003073533824031111,0.02
38,octanol_dipole,52,0.09042557328939438,0.026739438995718956,0.5841714958656998,0.9627646637564762,5.089773654937744,0.022808557376265526,0.004481251804613797,0.0
38,octanol_dipole,53,0.07096924632787704,0.030027177184820175,0.5827859965961586,0.961270744856443,5.69593620300293,0.017038865014910698,0.0029914072783904623,0.02
38,octanol_dipole,54,0.034117285162210464,0.03262022137641907,0.5819145663160217,0.9676010608520145,6.1341166496276855,0.007874872535467148,0.0012837826512388086,0.0
38,octanol_dipole,55,0.188526913523674,0.02217361517250538,0.5859234840769982,0.9044051788459646,4.179044246673584,0.34283772110939026,0.0820373513351242,0.04
38,octanol_dipole,56,0.050553277134895325,0.022539595142006874,0.5833959129860182,0.9578045174460554,4.2446441650390625,0.012615835294127464,0.0029721773613057066,0.02
38,octanol_dipole,57,0.23471699655056,0.027734026312828064,0.5873205597223006,0.9017011085975415,5.364274978637695,0.43807339668273926,0.08166497773273954,0.04
38,octanol_dipole,58,0.16576677560806274,0.02839752659201622,0.5824914562058663,0.9105386596223637,5.405385494232178,0.25960490107536316,0.04802708360992474,0.04
38,octanol_dipole,59,0.36688604950904846,0.02423553355038166,0.5865034892478294,0.8862101201028629,4.6371541023254395,0.7875796556472778,0.1698411651345213,0.14
38,octanol_dipole,60,0.08011572808027267,0.027211029082536697,0.58415492644907,0.949972377351689,5.149150848388672,0.0131084518507123,0.0025457502094378024,0.04
38,octanol_dipole,61,0.07277344912290573,0.027196889743208885,0.5833585885519794,0.9606657172777031,5.148013114929199,0.012812557630240917,0.0024888354680147563,0.02
38,octanol_dipole,62,0.2578469514846802,0.02551926299929619,0.5840145168681068,0.8797258420182068,4.9173431396484375,0.506202220916748,0.10294222032935832,0.06
38,octanol_dipole,63,0.18589994311332703,0.030952243134379387,0.5853674444975971,0.8953299970291448,5.920720100402832,0.35773929953575134,0.06042158613635723,0.04
38,octanol_dipole,64,0.1230083703994751,0.03235339745879173,0.5860012276291704,0.9400101574869242,6.135553359985352,0.043335579335689545,0.007063027047945519,0.0
38,octanol_dipole,65,0.22133751213550568,0.037340499460697174,0.5842167806978875,0.9056458959143696,7.1582932472229,0.6134800314903259,0.08570199771130205,0.04
38,octanol_dipole,66,0.08077612519264221,0.03229757398366928,0.5847267543701651,0.9668072349344736,6.12528657913208,0.0052215163595974445,0.0008524525819553255,0.02
38,octanol_dipole,67,0.17741410434246063,0.02007310651242733,0.5851729040745868,0.9190352968962237,3.777531385421753,0.27200886607170105,0.07200704330914033,0.04
38,octanol_dipole,68,0.31921350955963135,0.03058793395757675,0.5857938018637552,0.8940784767908097,6.024689674377441,0.648312509059906,0.1076092785022822,0.12
38,octanol_dipole,69,0.060203418135643005,0.02850850485265255,0.5862239194122627,0.9452420097666376,5.362595081329346,0.007880082353949547,0.0014694531722869025,0.02
38,octanol_dipole,70,0.055254410952329636,0.03618662431836128,0.5808508305900291,0.9575075559987809,6.800145149230957,0.004584373440593481,0.0006741581745666028,0.0
38,octanol_dipole,71,0.07853829115629196,0.027079295367002487,0.5826582725425042,0.9742453568313763,5.138363361358643,0.008903829380869865,0.0017328142746439773,0.0
38,octanol_dipole,72,0.24665257334709167,0.02706790529191494,0.58393736918199,0.9020188591568234,5.163823127746582,0.546403169631958,0.10581368805914165,0.1
38,octanol_dipole,73,0.08663615584373474,0.030734144151210785,0.5856522767129841,0.9439335889743725,5.78665018081665,0.053214047104120255,0.009196002080880986,0.04
38,octanol_dipole,74,0.22071073949337006,0.0305673498660326,0.5838469631807695,0.8979125045065122,5.885543346405029,0.655240535736084,0.11133050887074239,0.0
38,octanol_dipole,75,0.04815540835261345,0.021993165835738182,0.5842772197495443,0.9587687985357483,4.130891799926758,0.007818629965186119,0.0018927220425683253,0.02
38,octanol_dipole,76,0.05760204792022705,0.033047884702682495,0.5834398038268667,0.9639433276691727,6.265780925750732,0.008219180628657341,0.0013117567827624875,0.0
38,octanol_dipole,77,0.304602712392807,0.030234962701797485,0.5852704359614447,0.8997679289604097,5.8628973960876465,0.6607809066772461,0.11270552118448976,0.12
38,octanol_dipole,78,0.056024763733148575,0.02476520836353302,0.5835018900307829,0.9593981440004091,4.673873424530029,0.009371187537908554,0.0020050152596613915,0.02
38,octanol_dipole,79,0.2071066051721573,0.03525405749678612,0.5824919872765166,0.8969404221008705,6.7100300788879395,0.4607236087322235,0.06866192898029151,0.06
38,octanol_dipole,80,0.1818188726902008,0.03305768594145775,0.5808275619737095,0.9051329174752558,6.364840030670166,0.35256820917129517,0.05539309825107617,0.06
38,octanol_dipole,81,0.16171085834503174,0.03783616051077843,0.5827056206550236,0.9200106922633071,7.267160415649414,0.41255438327789307,0.0567696816475223,0.04
38,octanol_dipole,82,0.21776150166988373,0.024640481919050217,0.5818359754387128,0.8984631505822793,4.629003047943115,0.4018251895904541,0.08680598941687974,0.06
38,octanol_dipole,83,0.1084393858909607,0.03224195912480354,0.5808357595472227,0.9558776286246342,6.168679237365723,0.09765888750553131,0.015831409568839185,0.0
38,octanol_dipole,84,0.08063315600156784,0.025732815265655518,0.583748275215072,0.9436831791081164,4.8382649421691895,0.037522658705711365,0.007755395612727326,0.04
38,octanol_dipole,85,0.04558625817298889,0.02294597588479519,0.5855802920590889,0.9614409196024347,4.345709323883057,0.020324602723121643,0.004676935618179091,0.0
38,octanol_dipole,86,0.22396062314510345,0.029353775084018707,0.5828889351478894,0.9039464478742056,5.614753723144531,0.5080161094665527,0.09047878758643743,0.0
38,octanol_dipole,87,0.09481290727853775,0.028159024193882942,0.5807769875084938,0.9232504578700891,5.2888665199279785,0.07525176554918289,0.014228335176477027,0.0
38,octanol_dipole,88,0.11801446229219437,0.02644886076450348,0.585958676711976,0.926499303530016,5.0059051513671875,0.0807388499379158,0.01612872147924433,0.02
38,octanol_dipole,89,0.09585347026586533,0.026529423892498016,0.5852576614292133,0.9337400948448042,5.031802177429199,0.030915705487132072,0.006144062186269658,0.02
38,octanol_dipole,90,0.07911714166402817,0.030315391719341278,0.5862178579656567,0.9646778769417135,5.735213756561279,0.0033632637932896614,0.0005864234422722211,0.0
38,octanol_dipole,91,0.25456008315086365,0.02469860017299652,0.5856441032708086,0.8926412149233356,4.719376087188721,0.5416823625564575,0.11477838437731536,0.06
38,octanol_dipole,92,0.10870581865310669,0.026812052354216576,0.5826695973096023,0.9383755993445932,5.055488586425781,0.05406886339187622,0.010695081685488045,0.02
38,octanol_dipole,93,0.08158527314662933,0.02362830936908722,0.5848405155729717,0.9676899927635265,4.477665901184082,0.012044023722410202,0.0026897995491859407,0.0
38,octanol_dipole,94,0.050809018313884735,0.027242125943303108,0.5837773870136762,0.9661062641508378,5.164313793182373,0.007932481355965137,0.0015360184670492212,0.02
38,octanol_dipole,95,0.04697837680578232,0.03359890729188919,0.5886228235518292,0.9600892777632957,6.354095458984375,0.005568874534219503,0.000876422863044242,0.0
38,octanol_dipole,96,0.05702976882457733,0.022120589390397072,0.5844871230900437,0.961347773810427,4.185352802276611,0.011184986680746078,0.0026724119110489407,0.0
38,octanol_dipole,97,0.13111291825771332,0.027765274047851562,0.5847630405895914,0.9435864909997485,5.293432235717773,0.12827306985855103,0.024232494938354034,0.0
38,octanol_dipole,98,0.19197486340999603,0.01889294572174549,0.5844612224290273,0.9100850996892431,3.5694186687469482,0.21470266580581665,0.060150597542873406,0.1
38,octanol_dipole,99,0.278027206659317,0.030880028381943703,0.5801858779610007,0.8796495608164026,6.029047012329102,0.717883825302124,0.11907086208385625,0.14
38,octanol_dipole,100,0.2196679711341858,0.030814185738563538,0.5859492357591687,0.9114618233615093,5.9164228439331055,0.18841764330863953,0.03184654786833723,0.02
38,octanol_dipole,101,0.21995995938777924,0.03380367159843445,0.5893171128475616,0.8918069324561515,6.637124538421631,0.8233938813209534,0.12405882646233485,0.02
38,octanol_dipole,102,0.11122583597898483,0.03637239709496498,0.5834653660957048,0.9679872310704194,6.855403900146484,0.009794517420232296,0.0014287294465644847,0.06
38,octanol_dipole,103,0.394174188375473,0.02218400500714779,0.5888348624719979,0.904132925320069,4.3075127601623535,0.9202945232391357,0.2136487050602374,0.16
38,octanol_dipole,104,0.0628235936164856,0.02776418626308441,0.5839046425426395,0.950190671562382,5.235954761505127,0.019535884261131287,0.0037311025688685482,0.04
38,octanol_dipole,105,0.07614146918058395,0.028811324387788773,0.5831452999798741,0.9729236892705266,5.46103572845459,0.011237080208957195,0.0020576829685267704,0.02
38,octanol_dipole,106,0.03369514271616936,0.0295721348375082,0.5829241158287117,0.9616779538295226,5.579882621765137,0.009837601333856583,0.0017630480783741938,0.0
38,octanol_dipole,107,0.2396281659603119,0.03588058799505234,0.5929224708101397,0.9050685815597186,6.949347496032715,0.5342731475830078,0.07688105219778071,0.1
38,octanol_dipole,108,0.08179532736539841,0.034118153154850006,0.5834948036597543,0.9656608898121997,6.424503326416016,0.005260122008621693,0.0008187593252529474,0.0
38,octanol_dipole,109,0.1954135000705719,0.02132728509604931,0.5861603205973993,0.913611389141666,4.0661725997924805,0.2842406630516052,0.0699037377474118,0.04
38,octanol_dipole,110,0.18970058858394623,0.02457277849316597,0.58505876006372,0.8954531672236827,4.690590858459473,0.41942673921585083,0.08941874315458903,0.02
38,octanol_dipole,111,0.041356902569532394,0.025103218853473663,0.5859759354221967,0.9566543719071192,4.755676746368408,0.00661872886121273,0.0013917533117167836,0.0
38,octanol_dipole,112,0.08156760036945343,0.028425103053450584,0.5855470610799012,0.9677060894344964,5.38385534286499,0.007388222496956587,0.0013722921635975797,0.02
38,octanol_dipole,113,0.09165199100971222,0.027772260829806328,0.5834831020958957,0.9646353443712918,5.291929721832275,0.0073157367296516895,0.0013824327068196007,0.02
38,octanol_dipole,114,0.2208900898694992,0.029617080464959145,0.5834385188075104,0.9140932686303462,5.710456371307373,0.3003422021865845,0.05259513122202929,0.1
38,octanol_dipole,115,0.0703023225069046,0.03484330326318741,0.5844535315291834,0.969054053443597,6.6239118576049805,0.009713031351566315,0.0014663587862230813,0.0
38,octanol_dipole,116,0.3133902847766876,0.02912299893796444,0.5844539546301832,0.8934654748084649,5.632295608520508,0.6862104535102844,0.12183494993980586,0.08
38,octanol_dipole,117,0.052515652030706406,0.031051350757479668,0.5830990420033575,0.964846141735114,5.886803150177002,0.01395233254879713,0.002370103465813634,0.02
38,octanol_dipole,118,0.08196523785591125,0.03669049218297005,0.5831867500852936,0.9547569834681802,6.881750106811523,0.014061564579606056,0.002043312291402152,0.02
38,octanol_dipole,119,0.10812000930309296,0.027494417503476143,0.5822655843048581,0.9566863179079661,5.232586860656738,0.03385303169488907,0.006469654990235594,0.0
38,octanol_dipole,120,0.07023075222969055,0.02750735729932785,0.5837094939869705,0.9572181955122303,5.245283126831055,0.0058453744277358055,0.0011144058931414245,0.0
38,octanol_dipole,121,0.07820279896259308,0.026670007035136223,0.5860738385445805,0.9715934722770241,5.04827880859375,0.005203842651098967,0.0010308152240403993,0.0
38,octanol_dipole,122,0.06666373461484909,0.02944238670170307,0.583694395488211,0.975373671702735,5.534023761749268,0.007051586173474789,0.001274224050538921,0.02
38,octanol_dipole,123,0.11954435706138611,0.028007429093122482,0.5859466716186301,0.9380150545983734,5.340597152709961,0.0362732894718647,0.0067919913138287675,0.0
38,octanol_dipole,124,0.15101543068885803,0.029454832896590233,0.5831610726858425,0.937791471040547,5.613147258758545,0.09707999974489212,0.017295110081676928,0.0
38,octanol_dipole,125,0.07945884019136429,0.029985487461090088,0.5819036166505349,0.9640331406744427,5.7234206199646,0.006482777651399374,0.0011326753845044978,0.0
38,octanol_dipole,126,0.10080967098474503,0.03423706442117691,0.5830812666785499,0.9548066943951838,6.590700626373291,0.023198040202260017,0.003519813979932716,0.0
38,octanol_dipole,127,0.0666518360376358,0.025469563901424408,0.5836767745170703,0.9668166907762821,4.799034118652344,0.014577393420040607,0.0030375681980219396,0.0
38,octanol_dipole,128,0.31911417841911316,0.028812315315008163,0.5868073013925663,0.8770728933640366,5.584805488586426,0.8933846950531006,0.15996702067402277,0.12
38,octanol_dipole,129,0.04728131741285324,0.02760736085474491,0.5833690476311197,0.966210410842143,5.182034969329834,0.008092482574284077,0.0015616418303195348,0.02
38,octanol_dipole,130,0.09983669221401215,0.029389891773462296,0.5869439634890992,0.9412329105829127,5.609891414642334,0.043651480227708817,0.007781163128001805,0.02
38,octanol_dipole,131,0.11316002160310745,0.02764531597495079,0.5839785220176816,0.9505965558304359,5.254871368408203,0.03763269633054733,0.007161487635414179,0.0
38,octanol_dipole,132,0.11517932265996933,0.024203509092330933,0.5834413288019329,0.9439634160611372,4.603816509246826,0.034487731754779816,0.00749111779010105,0.02
38,octanol_dipole,133,0.05075381323695183,0.028620785102248192,0.5848974053239293,0.951902696858012,5.450117588043213,0.004073016811162233,0.0007473264100022091,0.0
38,octanol_dipole,134,0.26940929889678955,0.028761163353919983,0.5834157815097851,0.9003027829769927,5.505395889282227,0.6242954730987549,0.11339701733604997,0.08
38,octanol_dipole,135,0.1804296374320984,0.021495919674634933,0.5852688403456445,0.9316903929706002,4.107021331787109,0.23277828097343445,0.0566781280564093,0.06
38,octanol_dipole,136,0.11152128130197525,0.027606159448623657,0.5849005710495705,0.9266578674670518,5.225336074829102,0.08813038468360901,0.016865974440982034,0.02
38,octanol_dipole,137,0.20591109991073608,0.03648505359888077,0.5797270766868381,0.8898907960655345,6.976980686187744,0.5474726557731628,0.07846842071055016,0.04
38,octanol_dipole,138,0.15971794724464417,0.04357951879501343,0.5866512035471818,0.9308281089485027,8.31672477722168,0.39749574661254883,0.04779474579960045,0.0
38,octanol_dipole,139,0.06053256243467331,0.031342025846242905,0.5913792301737821,0.9638801776455159,6.227731704711914,0.008500196970999241,0.0013648945352876995,0.02
38,octanol_dipole,140,0.08649183809757233,0.030207090079784393,0.5825679750581245,0.9715473779210981,5.71924352645874,0.008232000283896923,0.0014393512438862766,0.0
38,octanol_dipole,141,0.07068976759910583,0.03236471489071846,0.5791298880503657,0.9632554881877913,6.124222278594971,0.008158928714692593,0.0013322391552000343,0.0
38,octanol_dipole,142,0.04441535845398903,0.025783592835068703,0.5846136550235834,0.9707406015938966,4.882990837097168,0.01230449229478836,0.002519867987731698,0.0
38,octanol_dipole,143,0.1511557549238205,0.028771985322237015,0.5832642752659989,0.9211105722741757,5.507574081420898,0.1974642127752304,0.035853210479973543,0.04
38,octanol_dipole,144,0.29281550645828247,0.029962506145238876,0.584699788842096,0.8869523766501537,5.800575256347656,0.7027076482772827,0.12114447571528345,0.1
38,octanol_dipole,145,0.053604256361722946,0.027551855891942978,0.5842912786977024,0.9528212080518395,5.178761959075928,0.006638059392571449,0.0012817849990069657,0.0
38,octanol_dipole,146,0.07129042595624924,0.024989889934659004,0.5859823572252751,0.9636946886077111,4.82621431350708,0.008826742880046368,0.0018289164771118941,0.0
38,octanol_dipole,147,0.1943112164735794,0.02949313446879387,0.5842163779410487,0.9021079234968752,5.651910305023193,0.4003159701824188,0.07082843650696896,0.04
38,octanol_dipole,148,0.04737946763634682,0.03401311859488487,0.5863900584615342,0.9544757031282258,6.441792011260986,0.009421437978744507,0.0014625492351002267,0.0
38,octanol_dipole,149,0.08521437644958496,0.031054459512233734,0.5828896327420594,0.9607547812281694,5.93271017074585,0.006548598874360323,0.001103812370044877,0.0
38,octanol_dipole,150,0.2825033962726593,0.031201597303152084,0.5829552243127913,0.9042065446643155,6.047055721282959,0.5881354808807373,0.09725980840738094,0.1
38,octanol_dipole,151,0.05271013081073761,0.025829391553997993,0.5832040533707483,0.9672801340313499,4.928628921508789,0.01082081813365221,0.0021955027059208303,0.04
38,octanol_dipole,152,0.22410470247268677,0.030784619972109795,0.5759985544004202,0.8825969708010459,5.740771770477295,0.40380752086639404,0.07034028472321954,0.02
38,octanol_dipole,153,0.24955490231513977,0.027879666537046432,0.5856532508978953,0.8806007069265902,5.366146087646484,0.6160805225372314,0.11480874960812623,0.06
38,octanol_dipole,154,0.16859860718250275,0.031119773164391518,0.5820931474241395,0.9140304922178675,5.978797435760498,0.2530113458633423,0.04231809968172295,0.02
38,octanol_dipole,155,0.059924881905317307,0.01170448586344719,0.5866130125147251,0.9568132521555082,2.134770393371582,0.01528499647974968,0.007160018954361217,0.02
38,octanol_dipole,156,0.0726337805390358,0.034398507326841354,0.5827871456766669,0.9609687990257474,6.579232692718506,0.016341054812073708,0.002483732613707217,0.02
38,octanol_dipole,157,0.20774801075458527,0.0335087887942791,0.5864839846702545,0.900609869273763,6.452672958374023,0.7145224213600159,0.11073278096834847,0.02
38,octanol_dipole,158,0.08259636908769608,0.030258379876613617,0.5851752092020246,0.967926521979311,5.768378257751465,0.006890833843499422,0.001194587722162571,0.0
38,octanol_dipole,159,0.054944660514593124,0.034638531506061554,0.5899885370353704,0.9628911082769243,6.52484655380249,0.006877472158521414,0.0010540435091938559,0.04
38,octanol_dipole,160,0.07288907468318939,0.02423262596130371,0.5852030063951033,0.965250145198548,4.598132610321045,0.00943034142255783,0.0020509067966831425,0.0
38,octanol_dipole,161,0.3289392292499542,0.027225956320762634,0.5866562191880567,0.8987619398475739,5.278199672698975,0.8197312951087952,0.15530509377066265,0.1
38,octanol_dipole,162,0.12171222269535065,0.030073853209614754,0.5831594051226208,0.9408574645606866,5.707667350769043,0.15791088342666626,0.02766644825672778,0.0
38,octanol_dipole,163,0.07112886756658554,0.02869492769241333,0.5854671085505625,0.9615179628380697,5.451131820678711,0.006152889225631952,0.001128736091519773,0.02
38,octanol_dipole,164,0.09434114396572113,0.024333849549293518,0.5833469956248194,0.9610403439681201,4.584513187408447,0.013792734593153,0.0030085494422909084,0.02
38,octanol_dipole,165,0.10682147741317749,0.0350765697658062,0.5862319787005452,0.9549187381823889,6.722010135650635,0.021056214347481728,0.0031324282353887975,0.02
38,octanol_dipole,166,0.17442923784255981,0.033240001648664474,0.5821822491386415,0.9072016003893595,6.339120388031006,0.45576393604278564,0.07189703115645521,0.04
38,octanol_dipole,167,0.055342044681310654,0.020640773698687553,0.5840262658950375,0.966264821909752,3.8482043743133545,0.009944003075361252,0.0025840631390934344,0.04
38,octanol_dipole,168,0.0664668083190918,0.040209051221609116,0.5889312599500296,0.9597509311933878,7.980527400970459,0.008866800926625729,0.0011110545056893727,0.04
38,octanol_dipole,169,0.06486819684505463,0.027038434520363808,0.5827475942857412,0.960154771503156,5.114315509796143,0.021423183381557465,0.004188866201258553,0.02
38,octanol_dipole,170,0.08645075559616089,0.027068866416811943,0.5826689085422767,0.9586465005132789,5.107710361480713,0.01301939133554697,0.002548968209656407,0.0
38,octanol_dipole,171,0.06543277204036713,0.0315222404897213,0.5820560301291533,0.9645835493680945,5.9474687576293945,0.006820926442742348,0.0011468620888495605,0.04
38,octanol_dipole,172,0.24208709597587585,0.02887074090540409,0.5838597086447828,0.9024017278427159,5.520226955413818,0.7207722067832947,0.13056930677033418,0.06
38,octanol_dipole,173,0.08308098465204239,0.03050590120255947,0.5860855962248783,0.9704409566033592,5.78524923324585,0.006389068439602852,0.0011043722028235292,0.0
38,octanol_dipole,174,0.03451322391629219,0.029007574543356895,0.5844266158318285,0.9636166287547159,5.500411033630371,0.008037878200411797,0.0014613231904428514,0.0
38,octanol_dipole,175,0.05301011726260185,0.022113751620054245,0.584900741358235,0.9407250445838513,4.155588626861572,0.04408683255314827,0.010609046397945313,0.0
38,octanol_dipole,176,0.17141088843345642,0.02629479393362999,0.5817835882939595,0.9160405720688607,4.876798152923584,0.2669914960861206,0.05474729273469362,0.04
38,octanol_dipole,177,0.06900453567504883,0.035845980048179626,0.5898307439252966,0.9422802905020784,7.01497745513916,0.01670743152499199,0.0023816800027991756,0.0
38,octanol_dipole,178,0.10914722830057144,0.031556807458400726,0.5819136563173919,0.9313695860603655,6.0192646980285645,0.08532187342643738,0.014174800030705093,0.0
38,octanol_dipole,179,0.08128108829259872,0.027580777183175087,0.5835870602483872,0.963857228632744,5.219781875610352,0.007620878051966429,0.0014599993320746408,0.02
38,octanol_dipole,180,0.1328577697277069,0.03145579993724823,0.5828258173726895,0.929601042867148,5.9934282302856445,0.2947794198989868,0.049183774055960916,0.04
38,octanol_dipole,181,0.2221834659576416,0.0298464372754097,0.5830268185783065,0.901985611123572,5.739419937133789,0.5234085917472839,0.09119538167278088,0.02
38,octanol_dipole,182,0.2324550896883011,0.03019736520946026,0.5848526100931046,0.8922371829138049,5.858123779296875,0.5585470795631409,0.0953457285312228,0.06
38,octanol_dipole,183,0.08728256821632385,0.027498489245772362,0.583917395445793,0.9423060931850109,5.219726085662842,0.02049626223742962,0.003926693067999725,0.0
38,octanol_dipole,184,0.2991313636302948,0.031378086656332016,0.5838579974175504,0.8889626665593349,6.107608795166016,0.6605397462844849,0.10815030373380852,0.1
38,octanol_dipole,185,0.15561725199222565,0.029229015111923218,0.5829351450003408,0.9199003848263521,5.536787033081055,0.24241288006305695,0.04378222940754171,0.04
38,octanol_dipole,186,0.19276058673858643,0.027475832030177116,0.584461429330392,0.9184895294501993,5.231374263763428,0.4116504192352295,0.07868877248692392,0.04
38,octanol_dipole,187,0.13576127588748932,0.027579430490732193,0.5866523899826501,0.9250117374160061,5.238065719604492,0.06469723582267761,0.012351360079453656,0.0
38,octanol_dipole,188,0.21341124176979065,0.02608802355825901,0.5848882434363893,0.8892934486341146,5.000847339630127,0.4924992620944977,0.09848316268157147,0.02
38,octanol_dipole,189,0.13307525217533112,0.027080582454800606,0.5831413690761342,0.9268402127120552,5.117122173309326,0.12883852422237396,0.025177926158259378,0.0
38,octanol_dipole,190,0.07440117001533508,0.03176109492778778,0.5845945898214686,0.9772799522906239,6.105000019073486,0.008702564053237438,0.0014254814129481634,0.0
38,octanol_dipole,191,0.07770939916372299,0.02505713887512684,0.5829161966300009,0.9609700779987558,4.70746374130249,0.016505058854818344,0.003506146783459159,0.04
38,octanol_dipole,192,0.3679523766040802,0.02448793314397335,0.5878555437065602,0.8939387585084944,4.727424621582031,0.9431507587432861,0.19950625007060632,0.08
38,octanol_dipole,193,0.02055233158171177,0.03811737149953842,0.5972151264474925,0.9684305190546474,7.37473726272583,0.014967745169997215,0.0020295970740067935,0.02
38,octanol_dipole,194,0.06408113986253738,0.029114563018083572,0.5862783368264892,0.9593071045702288,5.547945976257324,0.00612411554902792,0.001103852772762449,0.04
38,octanol_dipole,195,0.07781530916690826,0.03291500732302666,0.5838743252223526,0.9544726737066354,6.224245548248291,0.010008650831878185,0.0016080102808114552,0.02
38,octanol_dipole,196,0.1822209358215332,0.032968565821647644,0.5818114153180602,0.8968356794359829,6.346175670623779,0.4552972614765167,0.071743564172683,0.04
38,octanol_dipole,197,0.06582168489694595,0.028213556855916977,0.5832594473372072,0.9559892335309463,5.345696926116943,0.009335866197943687,0.0017464263924751081,0.0
38,octanol_dipole,198,0.1987077295780182,0.027396902441978455,0.5833209991896877,0.8975443004630292,5.240366458892822,0.47978776693344116,0.09155614797114973,0.06
38,octanol_dipole,199,0.2799678146839142,0.02815992385149002,0.584857671752578,0.88633048939104,5.408807754516602,0.6567204594612122,0.12141686102872126,0.06
38,octanol_dipole,200,0.3583080470561981,0.03593311831355095,0.5881964237282655,0.8976311197420448,7.169487953186035,0.8992233276367188,0.1254236471988372,0.24
38,octanol_dipole,201,0.12621691823005676,0.026176078245043755,0.5829265226637068,0.9287900838083312,4.932191371917725,0.07932371646165848,0.016082854552907585,0.0
38,octanol_dipole,202,0.07851237058639526,0.025596946477890015,0.5844335142313792,0.9604358059352238,4.851093769073486,0.01207317691296339,0.002488753565212831,0.0
38,octanol_dipole,203,0.09761928766965866,0.025408105924725533,0.5834106926669576,0.9714518294603773,4.79485559463501,0.019368287175893784,0.00403938904803829,0.0
38,octanol_dipole,204,0.0675567165017128,0.03350967541337013,0.5869638283593333,0.9734350575801267,6.480452060699463,0.010104462504386902,0.0015592218582504696,0.0
38,octanol_dipole,205,0.09134405851364136,0.018824389204382896,0.5835405394496231,0.9669227581791828,3.50520920753479,0.014021986164152622,0.004000327893128602,0.02
38,octanol_dipole,206,0.05096748098731041,0.025620168074965477,0.58334994005529,0.9675936645067011,4.824055194854736,0.009821020066738129,0.002035843221116765,0.02
38,octanol_dipole,207,0.06913895905017853,0.025082197040319443,0.581863498453933,0.9698598055446361,4.7427778244018555,0.013322190381586552,0.0028089425384936104,0.02
38,octanol_dipole,208,0.21232251822948456,0.02816043794155121,0.5836319808791881,0.9007966516032375,5.430181980133057,0.5258918404579163,0.09684608036746316,0.06
38,octanol_dipole,209,0.3382418155670166,0.02274947799742222,0.5865763044043169,0.8776508146373179,4.354455471038818,0.8310052156448364,0.19084021439001836,0.1
38,octanol_dipole,210,0.05636323615908623,0.023416908457875252,0.5832754956735986,0.9566688968809451,4.394211292266846,0.008377636782824993,0.0019065166023236936,0.0
38,octanol_dipole,211,0.06651945412158966,0.026283564046025276,0.5838863408718382,0.9673503655773714,4.9830780029296875,0.008153579197824001,0.0016362535752059851,0.02
38,octanol_dipole,212,0.1503000408411026,0.034350086003541946,0.5828477555790428,0.9059548194842617,6.586035251617432,0.2629036605358124,0.03991835003786947,0.04
38,octanol_dipole,213,0.05649341270327568,0.021645506843924522,0.5838056478452487,0.972137941385629,4.078791618347168,0.010910146869719028,0.0026748478202816605,0.0
38,octanol_dipole,214,0.2740415334701538,0.028081415221095085,0.5855990509735989,0.906841361105247,5.362407684326172,0.5903880596160889,0.11009757078741687,0.12
38,octanol_dipole,215,0.11136890202760696,0.03663256764411926,0.5823104787921141,0.9477586970322083,6.948427200317383,0.019731594249606133,0.0028397209441447203,0.0
38,octanol_dipole,216,0.0939851775765419,0.031227951869368553,0.58252547401821,0.9626543103332534,5.946993827819824,0.006025365553796291,0.0010131783768817528,0.02
38,octanol_dipole,217,0.0812605768442154,0.03098932094871998,0.5864175602169255,0.9701034132240394,5.85880708694458,0.006635649595409632,0.0011325939729601477,0.0
38,octanol_dipole,218,0.05410155653953552,0.029331080615520477,0.5827233054329761,0.9612781936401631,5.561143398284912,0.007112322375178337,0.0012789316631129882,0.02
38,octanol_dipole,219,0.08305992931127548,0.021623704582452774,0.5842314330588867,0.9295554364298744,4.077678203582764,0.06696853786706924,0.016423203235662095,0.02
38,octanol_dipole,220,0.08801258355379105,0.031982097774744034,0.5837615299361878,0.9681308355959459,6.08019495010376,0.005895138252526522,0.0009695640190658558,0.04
38,octanol_dipole,221,0.20205950736999512,0.02974153310060501,0.5842964379672875,0.9013908350246382,5.686359405517578,0.42335599660873413,0.0744511499216782,0.0
38,octanol_dipole,222,0.08849382400512695,0.027714243158698082,0.5836747802886633,0.9564510132385509,5.267140865325928,0.010854379273951054,0.002060772542729288,0.0
38,octanol_dipole,223,0.29829514026641846,0.031313370913267136,0.5812584766137199,0.8883166668718017,6.082984924316406,1.1357922554016113,0.18671626997813898,0.08
38,octanol_dipole,224,0.2507457137107849,0.03120584227144718,0.578149628423259,0.8901538489345981,5.975459575653076,0.7324507832527161,0.1225764770022169,0.02
38,octanol_dipole,225,0.09716051816940308,0.023984046652913094,0.5826193558530373,0.9669621552745988,4.49889612197876,0.03262292593717575,0.007251317890582264,0.0
38,octanol_dipole,226,0.09523195773363113,0.030122367665171623,0.5837840029396169,0.9444369934141894,5.6995954513549805,0.030436234548687935,0.005340069274820592,0.0
38,octanol_dipole,227,0.048697441816329956,0.02545710653066635,0.5839208416784687,0.9588966007065616,4.865496635437012,0.004896406549960375,0.0010063528796419746,0.02
38,octanol_dipole,228,0.04085608571767807,0.025997234508395195,0.5838510942200164,0.9743738935881638,4.913820266723633,0.007025942672044039,0.0014298330607701892,0.0
38,octanol_dipole,229,0.08535391837358475,0.02877539023756981,0.5831574676590678,0.9610286665435805,5.4374895095825195,0.008394980803132057,0.0015439074941363167,0.0
38,octanol_dipole,230,0.06988519430160522,0.026445139199495316,0.5884137378363485,0.9707664271150962,5.014504909515381,0.005287652835249901,0.0010544715641251448,0.0
38,octanol_dipole,231,0.1437501162290573,0.028533797711133957,0.5819048516602423,0.9211513871571777,5.461751937866211,0.22659172117710114,0.041487003392839124,0.0
38,octanol_dipole,232,0.030900118872523308,0.020502394065260887,0.5849056463759772,0.9719707096840908,3.8581206798553467,0.016757523640990257,0.0043434420619571056,0.02
38,octanol_dipole,233,0.3310188055038452,0.031158285215497017,0.5844437817057055,0.8968888466817944,6.099626541137695,0.928655743598938,0.15224796753306247,0.14
38,octanol_dipole,234,0.09221338480710983,0.02632899023592472,0.5850287463890882,0.9543885650237764,4.931438446044922,0.01188739575445652,0.0024105331303466574,0.04
38,octanol_dipole,235,0.16537468135356903,0.03140511363744736,0.5845501954714885,0.9132318290826045,6.08203125,0.2910086512565613,0.047847279846936215,0.02
38,octanol_dipole,236,0.07359553128480911,0.02663780376315117,0.5839746607704912,0.9717553738250859,5.008765697479248,0.014094469137489796,0.002813960562096784,0.0
38,octanol_dipole,237,0.07935566455125809,0.03083394654095173,0.5824342562786766,0.9611979232222068,5.849394798278809,0.005894506815820932,0.0010077122538481073,0.02
38,octanol_dipole,238,0.19634594023227692,0.027446851134300232,0.5829187778621141,0.9095702630072706,5.211405277252197,0.3578681945800781,0.06867019077218463,0.08
38,octanol_dipole,239,0.09557899087667465,0.02926878072321415,0.5825850805520045,0.9523887724220115,5.549814701080322,0.021057352423667908,0.0037942442329775266,0.02
38,octanol_dipole,240,0.19457823038101196,0.029439643025398254,0.5834351221467242,0.9145134765783238,5.603526592254639,0.3627636432647705,0.06473845306029122,0.08
38,octanol_dipole,241,0.343286395072937,0.028211083263158798,0.5851978864716072,0.8792305062596464,5.4809064865112305,0.7616754770278931,0.13896888751932046,0.14
38,octanol_dipole,242,0.0746985599398613,0.035228218883275986,0.5856243286026663,0.9539831104612393,6.645348072052002,0.005933762993663549,0.0008929198183942947,0.0
38,octanol_dipole,243,0.128584623336792,0.028203746303915977,0.5799148650464785,0.9371282038888622,5.251071453094482,0.0684828907251358,0.013041698506078888,0.0
38,octanol_dipole,244,0.0744008868932724,0.019656147807836533,0.584263767973006,0.9611577105369034,3.7157275676727295,0.01144472137093544,0.0030800754798349247,0.0
38,octanol_dipole,245,0.2666473090648651,0.026766866445541382,0.5849328787920196,0.9023345754860177,5.159793853759766,0.555609941482544,0.10768064717889649,0.06
38,octanol_dipole,246,0.340671569108963,0.02311546541750431,0.5903847030068208,0.8920725414452395,4.581170558929443,0.7247043251991272,0.1581919546275266,0.2
38,octanol_dipole,247,0.05178111046552658,0.034637805074453354,0.5833837852119668,0.9730689841650828,6.544500827789307,0.004686842672526836,0.0007161497562389375,0.0
38,octanol_dipole,248,0.07343070209026337,0.029934294521808624,0.582286979299949,0.9516737560027559,5.694707870483398,0.004393081646412611,0.0007714323098437887,0.0
38,octanol_dipole,249,0.07656586170196533,0.03569292649626732,0.5798284093409822,0.9588586535781727,6.733776569366455,0.006482969969511032,0.0009627539468718933,0.04
38,hexane_gsolv_eV,0,1.0,0.0,0.6515178079402137,0.6515178079402137,,,,1.0
38,hexane_gsolv_eV,1,1.0,0.0,0.6515178079402137,0.6515178079402137,,,,1.0
38,hexane_gsolv_eV,2,1.0,0.0,0.6515178079402137,0.6515178079402137,,,,1.0
38,hexane_gsolv_eV,3,1.0,0.0,0.6515178079402137,0.6515178079402137,,,,1.0
38,hexane_gsolv_eV,4,1.0,0.0,0.6515178079402137,0.6515178079402137,,,,1.0
38,hexane_gsolv_eV,5,1.0,0.0,0.6515178079402137,0.6515178079402137,,,,1.0
38,hexane_gsolv_eV,6,1.0,0.0,0.6515178079402137,0.6515178079402137,,,,1.0
38,hexane_gsolv_eV,7,1.0,0.0,0.6515178079402137,0.6515178079402137,,,,1.0
38,hexane_gsolv_eV,8,1.0,0.0,0.6515178079402137,0.6515178079402137,,,,1.0
38,hexane_gsolv_eV,9,1.0,0.0,0.6515178079402137,0.6515178079402137,,,,1.0
38,hexane_gsolv_eV,10,1.0,0.0,0.6515178079402137,0.6515178079402137,,,,1.0
38,hexane_gsolv_eV,11,1.0,0.0,0.6515178079402137,0.6515178079402137,,,,1.0
38,hexane_gsolv_eV,12,1.0,0.0,0.6515178079402137,0.6515178079402137,,,,1.0
38,hexane_gsolv_eV,13,1.0,0.0,0.6515178079402137,0.6515178079402137,,,,1.0
38,hexane_gsolv_eV,14,1.0,0.0,0.6515178079402137,0.6515178079402137,,,,1.0
38,hexane_gsolv_eV,15,1.0,0.0,0.6515178079402137,0.6515178079402137,,,,1.0
38,hexane_gsolv_eV,16,1.0,0.0,0.6515178079402137,0.6515178079402137,,,,1.0
38,hexane_gsolv_eV,17,1.0,0.0,0.6515178079402137,0.6515178079402137,,,,1.0
38,hexane_gsolv_eV,18,1.0,0.0,0.6515178079402137,0.6515178079402137,,,,1.0
38,hexane_gsolv_eV,19,1.0,0.0,0.6515178079402137,0.6515178079402137,,,,1.0
38,hexane_gsolv_eV,20,1.0,0.0,0.6515178079402137,0.6515178079402137,,,,1.0
38,hexane_gsolv_eV,21,1.0,0.0,0.6515178079402137,0.6515178079402137,,,,1.0
38,hexane_gsolv_eV,22,1.0,0.0,0.6515178079402137,0.6515178079402137,,,,1.0
38,hexane_gsolv_eV,23,1.0,0.0,0.6515178079402137,0.6515178079402137,,,,1.0
38,hexane_gsolv_eV,24,1.0,0.0,0.6515178079402137,0.6515178079402137,,,,1.0
38,hexane_gsolv_eV,25,1.0,0.0,0.6515178079402137,0.6515178079402137,,,,1.0
38,hexane_gsolv_eV,26,1.0,0.0,0.6515178079402137,0.6515178079402137,,,,1.0
38,hexane_gsolv_eV,27,1.0,0.0,0.6515178079402137,0.6515178079402137,,,,1.0
38,hexane_gsolv_eV,28,1.0,0.0,0.6515178079402137,0.6515178079402137,,,,1.0
38,hexane_gsolv_eV,29,1.0,0.0,0.6515178079402137,0.6515178079402137,,,,1.0
38,hexane_gsolv_eV,30,1.0,0.0,0.6515178079402137,0.6515178079402137,,,,1.0
38,hexane_gsolv_eV,31,1.0,0.0,0.6515178079402137,0.6515178079402137,,,,1.0
38,hexane_gsolv_eV,32,1.0,0.0,0.6515178079402137,0.6515178079402137,,,,1.0
38,hexane_gsolv_eV,33,1.0,0.0,0.6515178079402137,0.6515178079402137,,,,1.0
38,hexane_gsolv_eV,34,1.0,0.0,0.6515178079402137,0.6515178079402137,,,,1.0
38,hexane_gsolv_eV,35,1.0,0.0,0.6515178079402137,0.6515178079402137,,,,1.0
38,hexane_gsolv_eV,36,1.0,0.0,0.6515178079402137,0.6515178079402137,,,,1.0
38,hexane_gsolv_eV,37,1.0,0.0,0.6515178079402137,0.6515178079402137,,,,1.0
38,hexane_gsolv_eV,38,1.0,0.0,0.6515178079402137,0.6515178079402137,,,,1.0
38,hexane_gsolv_eV,39,1.0,0.0,0.6515178079402137,0.6515178079402137,,,,1.0
38,hexane_gsolv_eV,40,1.0,0.0,0.6515178079402137,0.6515178079402137,,,,1.0
38,hexane_gsolv_eV,41,1.0,0.0,0.6515178079402137,0.6515178079402137,,,,1.0
38,hexane_gsolv_eV,42,1.0,0.0,0.6515178079402137,0.6515178079402137,,,,1.0
38,hexane_gsolv_eV,43,1.0,0.0,0.6515178079402137,0.6515178079402137,,,,1.0
38,hexane_gsolv_eV,44,1.0,0.0,0.6515178079402137,0.6515178079402137,,,,1.0
38,hexane_gsolv_eV,45,1.0,0.0,0.6515178079402137,0.6515178079402137,,,,1.0
38,hexane_gsolv_eV,46,1.0,0.0,0.6515178079402137,0.6515178079402137,,,,1.0
38,hexane_gsolv_eV,47,1.0,0.0,0.6515178079402137,0.6515178079402137,,,,1.0
38,hexane_gsolv_eV,48,1.0,0.0,0.6515178079402137,0.6515178079402137,,,,1.0
38,hexane_gsolv_eV,49,1.0,0.0,0.6515178079402137,0.6515178079402137,,,,1.0
38,hexane_gsolv_eV,50,1.0,0.0,0.6515178079402137,0.6515178079402137,,,,1.0
38,hexane_gsolv_eV,51,1.0,0.0,0.6515178079402137,0.6515178079402137,,,,1.0
38,hexane_gsolv_eV,52,1.0,0.0,0.6515178079402137,0.6515178079402137,,,,1.0
38,hexane_gsolv_eV,53,1.0,0.0,0.6515178079402137,0.6515178079402137,,,,1.0
38,hexane_gsolv_eV,54,1.0,0.0,0.6515178079402137,0.6515178079402137,,,,1.0
38,hexane_gsolv_eV,55,1.0,0.0,0.6515178079402137,0.6515178079402137,,,,1.0
38,hexane_gsolv_eV,56,1.0,0.0,0.6515178079402137,0.6515178079402137,,,,1.0
38,hexane_gsolv_eV,57,1.0,0.0,0.6515178079402137,0.6515178079402137,,,,1.0
38,hexane_gsolv_eV,58,1.0,0.0,0.6515178079402137,0.6515178079402137,,,,1.0
38,hexane_gsolv_eV,59,1.0,0.0,0.6515178079402137,0.6515178079402137,,,,1.0
38,hexane_gsolv_eV,60,1.0,0.0,0.6515178079402137,0.6515178079402137,,,,1.0
38,hexane_gsolv_eV,61,1.0,0.0,0.6515178079402137,0.6515178079402137,,,,1.0
38,hexane_gsolv_eV,62,1.0,0.0,0.6515178079402137,0.6515178079402137,,,,1.0
38,hexane_gsolv_eV,63,1.0,0.0,0.6515178079402137,0.6515178079402137,,,,1.0
38,hexane_gsolv_eV,64,1.0,0.0,0.6515178079402137,0.6515178079402137,,,,1.0
38,hexane_gsolv_eV,65,1.0,0.0,0.6515178079402137,0.6515178079402137,,,,1.0
38,hexane_gsolv_eV,66,1.0,0.0,0.6515178079402137,0.6515178079402137,,,,1.0
38,hexane_gsolv_eV,67,1.0,0.0,0.6515178079402137,0.6515178079402137,,,,1.0
38,hexane_gsolv_eV,68,1.0,0.0,0.6515178079402137,0.6515178079402137,,,,1.0
38,hexane_gsolv_eV,69,1.0,0.0,0.6515178079402137,0.6515178079402137,,,,1.0
38,hexane_gsolv_eV,70,1.0,0.0,0.6515178079402137,0.6515178079402137,,,,1.0
38,hexane_gsolv_eV,71,1.0,0.0,0.6515178079402137,0.6515178079402137,,,,1.0
38,hexane_gsolv_eV,72,1.0,0.0,0.6515178079402137,0.6515178079402137,,,,1.0
38,hexane_gsolv_eV,73,1.0,0.0,0.6515178079402137,0.6515178079402137,,,,1.0
38,hexane_gsolv_eV,74,1.0,0.0,0.6515178079402137,0.6515178079402137,,,,1.0
38,hexane_gsolv_eV,75,1.0,0.0,0.6515178079402137,0.6515178079402137,,,,1.0
38,hexane_gsolv_eV,76,1.0,0.0,0.6515178079402137,0.6515178079402137,,,,1.0
38,hexane_gsolv_eV,77,1.0,0.0,0.6515178079402137,0.6515178079402137,,,,1.0
38,hexane_gsolv_eV,78,1.0,0.0,0.6515178079402137,0.6515178079402137,,,,1.0
38,hexane_gsolv_eV,79,1.0,0.0,0.6515178079402137,0.6515178079402137,,,,1.0
38,hexane_gsolv_eV,80,1.0,0.0,0.6515178079402137,0.6515178079402137,,,,1.0
38,hexane_gsolv_eV,81,1.0,0.0,0.6515178079402137,0.6515178079402137,,,,1.0
38,hexane_gsolv_eV,82,1.0,0.0,0.6515178079402137,0.6515178079402137,,,,1.0
38,hexane_gsolv_eV,83,1.0,0.0,0.6515178079402137,0.6515178079402137,,,,1.0
38,hexane_gsolv_eV,84,1.0,0.0,0.6515178079402137,0.6515178079402137,,,,1.0
38,hexane_gsolv_eV,85,1.0,0.0,0.6515178079402137,0.6515178079402137,,,,1.0
38,hexane_gsolv_eV,86,1.0,0.0,0.6515178079402137,0.6515178079402137,,,,1.0
38,hexane_gsolv_eV,87,1.0,0.0,0.6515178079402137,0.6515178079402137,,,,1.0
38,hexane_gsolv_eV,88,1.0,0.0,0.6515178079402137,0.6515178079402137,,,,1.0
38,hexane_gsolv_eV,89,1.0,0.0,0.6515178079402137,0.6515178079402137,,,,1.0
38,hexane_gsolv_eV,90,1.0,0.0,0.6515178079402137,0.6515178079402137,,,,1.0
38,hexane_gsolv_eV,91,1.0,0.0,0.6515178079402137,0.6515178079402137,,,,1.0
38,hexane_gsolv_eV,92,1.0,0.0,0.6515178079402137,0.6515178079402137,,,,1.0
38,hexane_gsolv_eV,93,1.0,0.0,0.6515178079402137,0.6515178079402137,,,,1.0
38,hexane_gsolv_eV,94,1.0,0.0,0.6515178079402137,0.6515178079402137,,,,1.0
38,hexane_gsolv_eV,95,1.0,0.0,0.6515178079402137,0.6515178079402137,,,,1.0
38,hexane_gsolv_eV,96,1.0,0.0,0.6515178079402137,0.6515178079402137,,,,1.0
38,hexane_gsolv_eV,97,1.0,0.0,0.6515178079402137,0.6515178079402137,,,,1.0
38,hexane_gsolv_eV,98,1.0,0.0,0.6515178079402137,0.6515178079402137,,,,1.0
38,hexane_gsolv_eV,99,1.0,0.0,0.6515178079402137,0.6515178079402137,,,,1.0
38,hexane_gsolv_eV,100,1.0,0.0,0.6515178079402137,0.6515178079402137,,,,1.0
38,hexane_gsolv_eV,101,1.0,0.0,0.6515178079402137,0.6515178079402137,,,,1.0
38,hexane_gsolv_eV,102,1.0,0.0,0.6515178079402137,0.6515178079402137,,,,1.0
38,hexane_gsolv_eV,103,1.0,0.0,0.6515178079402137,0.6515178079402137,,,,1.0
38,hexane_gsolv_eV,104,1.0,0.0,0.6515178079402137,0.6515178079402137,,,,1.0
38,hexane_gsolv_eV,105,1.0,0.0,0.6515178079402137,0.6515178079402137,,,,1.0
38,hexane_gsolv_eV,106,1.0,0.0,0.6515178079402137,0.6515178079402137,,,,1.0
38,hexane_gsolv_eV,107,1.0,0.0,0.6515178079402137,0.6515178079402137,,,,1.0
38,hexane_gsolv_eV,108,1.0,0.0,0.6515178079402137,0.6515178079402137,,,,1.0
38,hexane_gsolv_eV,109,1.0,0.0,0.6515178079402137,0.6515178079402137,,,,1.0
38,hexane_gsolv_eV,110,1.0,0.0,0.6515178079402137,0.6515178079402137,,,,1.0
38,hexane_gsolv_eV,111,1.0,0.0,0.6515178079402137,0.6515178079402137,,,,1.0
38,hexane_gsolv_eV,112,1.0,0.0,0.6515178079402137,0.6515178079402137,,,,1.0
38,hexane_gsolv_eV,113,1.0,0.0,0.6515178079402137,0.6515178079402137,,,,1.0
38,hexane_gsolv_eV,114,1.0,0.0,0.6515178079402137,0.6515178079402137,,,,1.0
38,hexane_gsolv_eV,115,1.0,0.0,0.6515178079402137,0.6515178079402137,,,,1.0
38,hexane_gsolv_eV,116,1.0,0.0,0.6515178079402137,0.6515178079402137,,,,1.0
38,hexane_gsolv_eV,117,1.0,0.0,0.6515178079402137,0.6515178079402137,,,,1.0
38,hexane_gsolv_eV,118,1.0,0.0,0.6515178079402137,0.6515178079402137,,,,1.0
38,hexane_gsolv_eV,119,1.0,0.0,0.6515178079402137,0.6515178079402137,,,,1.0
38,hexane_gsolv_eV,120,1.0,0.0,0.6515178079402137,0.6515178079402137,,,,1.0
38,hexane_gsolv_eV,121,1.0,0.0,0.6515178079402137,0.6515178079402137,,,,1.0
38,hexane_gsolv_eV,122,1.0,0.0,0.6515178079402137,0.6515178079402137,,,,1.0
38,hexane_gsolv_eV,123,1.0,0.0,0.6515178079402137,0.6515178079402137,,,,1.0
38,hexane_gsolv_eV,124,1.0,0.0,0.6515178079402137,0.6515178079402137,,,,1.0
38,hexane_gsolv_eV,125,1.0,0.0,0.6515178079402137,0.6515178079402137,,,,1.0
38,hexane_gsolv_eV,126,1.0,0.0,0.6515178079402137,0.6515178079402137,,,,1.0
38,hexane_gsolv_eV,127,1.0,0.0,0.6515178079402137,0.6515178079402137,,,,1.0
38,hexane_gsolv_eV,128,1.0,0.0,0.6515178079402137,0.6515178079402137,,,,1.0
38,hexane_gsolv_eV,129,1.0,0.0,0.6515178079402137,0.6515178079402137,,,,1.0
38,hexane_gsolv_eV,130,1.0,0.0,0.6515178079402137,0.6515178079402137,,,,1.0
38,hexane_gsolv_eV,131,1.0,0.0,0.6515178079402137,0.6515178079402137,,,,1.0
38,hexane_gsolv_eV,132,1.0,0.0,0.6515178079402137,0.6515178079402137,,,,1.0
38,hexane_gsolv_eV,133,1.0,0.0,0.6515178079402137,0.6515178079402137,,,,1.0
38,hexane_gsolv_eV,134,1.0,0.0,0.6515178079402137,0.6515178079402137,,,,1.0
38,hexane_gsolv_eV,135,1.0,0.0,0.6515178079402137,0.6515178079402137,,,,1.0
38,hexane_gsolv_eV,136,1.0,0.0,0.6515178079402137,0.6515178079402137,,,,1.0
38,hexane_gsolv_eV,137,1.0,0.0,0.6515178079402137,0.6515178079402137,,,,1.0
38,hexane_gsolv_eV,138,1.0,0.0,0.6515178079402137,0.6515178079402137,,,,1.0
38,hexane_gsolv_eV,139,1.0,0.0,0.6515178079402137,0.6515178079402137,,,,1.0
38,hexane_gsolv_eV,140,1.0,0.0,0.6515178079402137,0.6515178079402137,,,,1.0
38,hexane_gsolv_eV,141,1.0,0.0,0.6515178079402137,0.6515178079402137,,,,1.0
38,hexane_gsolv_eV,142,1.0,0.0,0.6515178079402137,0.6515178079402137,,,,1.0
38,hexane_gsolv_eV,143,1.0,0.0,0.6515178079402137,0.6515178079402137,,,,1.0
38,hexane_gsolv_eV,144,1.0,0.0,0.6515178079402137,0.6515178079402137,,,,1.0
38,hexane_gsolv_eV,145,1.0,0.0,0.6515178079402137,0.6515178079402137,,,,1.0
38,hexane_gsolv_eV,146,1.0,0.0,0.6515178079402137,0.6515178079402137,,,,1.0
38,hexane_gsolv_eV,147,1.0,0.0,0.6515178079402137,0.6515178079402137,,,,1.0
38,hexane_gsolv_eV,148,1.0,0.0,0.6515178079402137,0.6515178079402137,,,,1.0
38,hexane_gsolv_eV,149,1.0,0.0,0.6515178079402137,0.6515178079402137,,,,1.0
38,hexane_gsolv_eV,150,1.0,0.0,0.6515178079402137,0.6515178079402137,,,,1.0
38,hexane_gsolv_eV,151,1.0,0.0,0.6515178079402137,0.6515178079402137,,,,1.0
38,hexane_gsolv_eV,152,1.0,0.0,0.6515178079402137,0.6515178079402137,,,,1.0
38,hexane_gsolv_eV,153,1.0,0.0,0.6515178079402137,0.6515178079402137,,,,1.0
38,hexane_gsolv_eV,154,1.0,0.0,0.6515178079402137,0.6515178079402137,,,,1.0
38,hexane_gsolv_eV,155,1.0,0.0,0.6515178079402137,0.6515178079402137,,,,1.0
38,hexane_gsolv_eV,156,1.0,0.0,0.6515178079402137,0.6515178079402137,,,,1.0
38,hexane_gsolv_eV,157,1.0,0.0,0.6515178079402137,0.6515178079402137,,,,1.0
38,hexane_gsolv_eV,158,1.0,0.0,0.6515178079402137,0.6515178079402137,,,,1.0
38,hexane_gsolv_eV,159,1.0,0.0,0.6515178079402137,0.6515178079402137,,,,1.0
38,hexane_gsolv_eV,160,1.0,0.0,0.6515178079402137,0.6515178079402137,,,,1.0
38,hexane_gsolv_eV,161,1.0,0.0,0.6515178079402137,0.6515178079402137,,,,1.0
38,hexane_gsolv_eV,162,1.0,0.0,0.6515178079402137,0.6515178079402137,,,,1.0
38,hexane_gsolv_eV,163,1.0,0.0,0.6515178079402137,0.6515178079402137,,,,1.0
38,hexane_gsolv_eV,164,1.0,0.0,0.6515178079402137,0.6515178079402137,,,,1.0
38,hexane_gsolv_eV,165,1.0,0.0,0.6515178079402137,0.6515178079402137,,,,1.0
38,hexane_gsolv_eV,166,1.0,0.0,0.6515178079402137,0.6515178079402137,,,,1.0
38,hexane_gsolv_eV,167,1.0,0.0,0.6515178079402137,0.6515178079402137,,,,1.0
38,hexane_gsolv_eV,168,1.0,0.0,0.6515178079402137,0.6515178079402137,,,,1.0
38,hexane_gsolv_eV,169,1.0,0.0,0.6515178079402137,0.6515178079402137,,,,1.0
38,hexane_gsolv_eV,170,1.0,0.0,0.6515178079402137,0.6515178079402137,,,,1.0
38,hexane_gsolv_eV,171,1.0,0.0,0.6515178079402137,0.6515178079402137,,,,1.0
38,hexane_gsolv_eV,172,1.0,0.0,0.6515178079402137,0.6515178079402137,,,,1.0
38,hexane_gsolv_eV,173,1.0,0.0,0.6515178079402137,0.6515178079402137,,,,1.0
38,hexane_gsolv_eV,174,1.0,0.0,0.6515178079402137,0.6515178079402137,,,,1.0
38,hexane_gsolv_eV,175,1.0,0.0,0.6515178079402137,0.6515178079402137,,,,1.0
38,hexane_gsolv_eV,176,1.0,0.0,0.6515178079402137,0.6515178079402137,,,,1.0
38,hexane_gsolv_eV,177,1.0,0.0,0.6515178079402137,0.6515178079402137,,,,1.0
38,hexane_gsolv_eV,178,1.0,0.0,0.6515178079402137,0.6515178079402137,,,,1.0
38,hexane_gsolv_eV,179,1.0,0.0,0.6515178079402137,0.6515178079402137,,,,1.0
38,hexane_gsolv_eV,180,1.0,0.0,0.6515178079402137,0.6515178079402137,,,,1.0
38,hexane_gsolv_eV,181,1.0,0.0,0.6515178079402137,0.6515178079402137,,,,1.0
38,hexane_gsolv_eV,182,1.0,0.0,0.6515178079402137,0.6515178079402137,,,,1.0
38,hexane_gsolv_eV,183,1.0,0.0,0.6515178079402137,0.6515178079402137,,,,1.0
38,hexane_gsolv_eV,184,1.0,0.0,0.6515178079402137,0.6515178079402137,,,,1.0
38,hexane_gsolv_eV,185,1.0,0.0,0.6515178079402137,0.6515178079402137,,,,1.0
38,hexane_gsolv_eV,186,1.0,0.0,0.6515178079402137,0.6515178079402137,,,,1.0
38,hexane_gsolv_eV,187,1.0,0.0,0.6515178079402137,0.6515178079402137,,,,1.0
38,hexane_gsolv_eV,188,1.0,0.0,0.6515178079402137,0.6515178079402137,,,,1.0
38,hexane_gsolv_eV,189,1.0,0.0,0.6515178079402137,0.6515178079402137,,,,1.0
38,hexane_gsolv_eV,190,1.0,0.0,0.6515178079402137,0.6515178079402137,,,,1.0
38,hexane_gsolv_eV,191,1.0,0.0,0.6515178079402137,0.6515178079402137,,,,1.0
38,hexane_gsolv_eV,192,1.0,0.0,0.6515178079402137,0.6515178079402137,,,,1.0
38,hexane_gsolv_eV,193,1.0,0.0,0.6515178079402137,0.6515178079402137,,,,1.0
38,hexane_gsolv_eV,194,1.0,0.0,0.6515178079402137,0.6515178079402137,,,,1.0
38,hexane_gsolv_eV,195,1.0,0.0,0.6515178079402137,0.6515178079402137,,,,1.0
38,hexane_gsolv_eV,196,1.0,0.0,0.6515178079402137,0.6515178079402137,,,,1.0
38,hexane_gsolv_eV,197,1.0,0.0,0.6515178079402137,0.6515178079402137,,,,1.0
38,hexane_gsolv_eV,198,1.0,0.0,0.6515178079402137,0.6515178079402137,,,,1.0
38,hexane_gsolv_eV,199,1.0,0.0,0.6515178079402137,0.6515178079402137,,,,1.0
38,hexane_gsolv_eV,200,1.0,0.0,0.6515178079402137,0.6515178079402137,,,,1.0
38,hexane_gsolv_eV,201,1.0,0.0,0.6515178079402137,0.6515178079402137,,,,1.0
38,hexane_gsolv_eV,202,1.0,0.0,0.6515178079402137,0.6515178079402137,,,,1.0
38,hexane_gsolv_eV,203,1.0,0.0,0.6515178079402137,0.6515178079402137,,,,1.0
38,hexane_gsolv_eV,204,1.0,0.0,0.6515178079402137,0.6515178079402137,,,,1.0
38,hexane_gsolv_eV,205,1.0,0.0,0.6515178079402137,0.6515178079402137,,,,1.0
38,hexane_gsolv_eV,206,1.0,0.0,0.6515178079402137,0.6515178079402137,,,,1.0
38,hexane_gsolv_eV,207,1.0,0.0,0.6515178079402137,0.6515178079402137,,,,1.0
38,hexane_gsolv_eV,208,1.0,0.0,0.6515178079402137,0.6515178079402137,,,,1.0
38,hexane_gsolv_eV,209,1.0,0.0,0.6515178079402137,0.6515178079402137,,,,1.0
38,hexane_gsolv_eV,210,1.0,0.0,0.6515178079402137,0.6515178079402137,,,,1.0
38,hexane_gsolv_eV,211,1.0,0.0,0.6515178079402137,0.6515178079402137,,,,1.0
38,hexane_gsolv_eV,212,1.0,0.0,0.6515178079402137,0.6515178079402137,,,,1.0
38,hexane_gsolv_eV,213,1.0,0.0,0.6515178079402137,0.6515178079402137,,,,1.0
38,hexane_gsolv_eV,214,1.0,0.0,0.6515178079402137,0.6515178079402137,,,,1.0
38,hexane_gsolv_eV,215,1.0,0.0,0.6515178079402137,0.6515178079402137,,,,1.0
38,hexane_gsolv_eV,216,1.0,0.0,0.6515178079402137,0.6515178079402137,,,,1.0
38,hexane_gsolv_eV,217,1.0,0.0,0.6515178079402137,0.6515178079402137,,,,1.0
38,hexane_gsolv_eV,218,1.0,0.0,0.6515178079402137,0.6515178079402137,,,,1.0
38,hexane_gsolv_eV,219,1.0,0.0,0.6515178079402137,0.6515178079402137,,,,1.0
38,hexane_gsolv_eV,220,1.0,0.0,0.6515178079402137,0.6515178079402137,,,,1.0
38,hexane_gsolv_eV,221,1.0,0.0,0.6515178079402137,0.6515178079402137,,,,1.0
38,hexane_gsolv_eV,222,1.0,0.0,0.6515178079402137,0.6515178079402137,,,,1.0
38,hexane_gsolv_eV,223,1.0,0.0,0.6515178079402137,0.6515178079402137,,,,1.0
38,hexane_gsolv_eV,224,1.0,0.0,0.6515178079402137,0.6515178079402137,,,,1.0
38,hexane_gsolv_eV,225,1.0,0.0,0.6515178079402137,0.6515178079402137,,,,1.0
38,hexane_gsolv_eV,226,1.0,0.0,0.6515178079402137,0.6515178079402137,,,,1.0
38,hexane_gsolv_eV,227,1.0,0.0,0.6515178079402137,0.6515178079402137,,,,1.0
38,hexane_gsolv_eV,228,1.0,0.0,0.6515178079402137,0.6515178079402137,,,,1.0
38,hexane_gsolv_eV,229,1.0,0.0,0.6515178079402137,0.6515178079402137,,,,1.0
38,hexane_gsolv_eV,230,1.0,0.0,0.6515178079402137,0.6515178079402137,,,,1.0
38,hexane_gsolv_eV,231,1.0,0.0,0.6515178079402137,0.6515178079402137,,,,1.0
38,hexane_gsolv_eV,232,1.0,0.0,0.6515178079402137,0.6515178079402137,,,,1.0
38,hexane_gsolv_eV,233,1.0,0.0,0.6515178079402137,0.6515178079402137,,,,1.0
38,hexane_gsolv_eV,234,1.0,0.0,0.6515178079402137,0.6515178079402137,,,,1.0
38,hexane_gsolv_eV,235,1.0,0.0,0.6515178079402137,0.6515178079402137,,,,1.0
38,hexane_gsolv_eV,236,1.0,0.0,0.6515178079402137,0.6515178079402137,,,,1.0
38,hexane_gsolv_eV,237,1.0,0.0,0.6515178079402137,0.6515178079402137,,,,1.0
38,hexane_gsolv_eV,238,1.0,0.0,0.6515178079402137,0.6515178079402137,,,,1.0
38,hexane_gsolv_eV,239,1.0,0.0,0.6515178079402137,0.6515178079402137,,,,1.0
38,hexane_gsolv_eV,240,1.0,0.0,0.6515178079402137,0.6515178079402137,,,,1.0
38,hexane_gsolv_eV,241,1.0,0.0,0.6515178079402137,0.6515178079402137,,,,1.0
38,hexane_gsolv_eV,242,1.0,0.0,0.6515178079402137,0.6515178079402137,,,,1.0
38,hexane_gsolv_eV,243,1.0,0.0,0.6515178079402137,0.6515178079402137,,,,1.0
38,hexane_gsolv_eV,244,1.0,0.0,0.6515178079402137,0.6515178079402137,,,,1.0
38,hexane_gsolv_eV,245,1.0,0.0,0.6515178079402137,0.6515178079402137,,,,1.0
38,hexane_gsolv_eV,246,1.0,0.0,0.6515178079402137,0.6515178079402137,,,,1.0
38,hexane_gsolv_eV,247,1.0,0.0,0.6515178079402137,0.6515178079402137,,,,1.0
38,hexane_gsolv_eV,248,1.0,0.0,0.6515178079402137,0.6515178079402137,,,,1.0
38,hexane_gsolv_eV,249,1.0,0.0,0.6515178079402137,0.6515178079402137,,,,1.0
38,hexane_hl_gap_eV,0,1.0000001192092896,0.0,0.7096668272516606,0.7096668272516606,,,,1.0
38,hexane_hl_gap_eV,1,1.0000001192092896,0.0,0.7096668272516606,0.7096668272516606,,,,1.0
38,hexane_hl_gap_eV,2,1.0000001192092896,0.0,0.7096668272516606,0.7096668272516606,,,,1.0
38,hexane_hl_gap_eV,3,1.0000001192092896,0.0,0.7096668272516606,0.7096668272516606,,,,1.0
38,hexane_hl_gap_eV,4,1.0000001192092896,0.0,0.7096668272516606,0.7096668272516606,,,,1.0
38,hexane_hl_gap_eV,5,1.0000001192092896,0.0,0.7096668272516606,0.7096668272516606,,,,1.0
38,hexane_hl_gap_eV,6,1.0000001192092896,0.0,0.7096668272516606,0.7096668272516606,,,,1.0
38,hexane_hl_gap_eV,7,1.0000001192092896,0.0,0.7096668272516606,0.7096668272516606,,,,1.0
38,hexane_hl_gap_eV,8,1.0000001192092896,0.0,0.7096668272516606,0.7096668272516606,,,,1.0
38,hexane_hl_gap_eV,9,1.0000001192092896,0.0,0.7096668272516606,0.7096668272516606,,,,1.0
38,hexane_hl_gap_eV,10,1.0000001192092896,0.0,0.7096668272516606,0.7096668272516606,,,,1.0
38,hexane_hl_gap_eV,11,1.0000001192092896,0.0,0.7096668272516606,0.7096668272516606,,,,1.0
38,hexane_hl_gap_eV,12,1.0000001192092896,0.0,0.7096668272516606,0.7096668272516606,,,,1.0
38,hexane_hl_gap_eV,13,1.0000001192092896,0.0,0.7096668272516606,0.7096668272516606,,,,1.0
38,hexane_hl_gap_eV,14,1.0000001192092896,0.0,0.7096668272516606,0.7096668272516606,,,,1.0
38,hexane_hl_gap_eV,15,1.0000001192092896,0.0,0.7096668272516606,0.7096668272516606,,,,1.0
38,hexane_hl_gap_eV,16,1.0000001192092896,0.0,0.7096668272516606,0.7096668272516606,,,,1.0
38,hexane_hl_gap_eV,17,1.0000001192092896,0.0,0.7096668272516606,0.7096668272516606,,,,1.0
38,hexane_hl_gap_eV,18,1.0000001192092896,0.0,0.7096668272516606,0.7096668272516606,,,,1.0
38,hexane_hl_gap_eV,19,1.0000001192092896,0.0,0.7096668272516606,0.7096668272516606,,,,1.0
38,hexane_hl_gap_eV,20,1.0000001192092896,0.0,0.7096668272516606,0.7096668272516606,,,,1.0
38,hexane_hl_gap_eV,21,1.0000001192092896,0.0,0.7096668272516606,0.7096668272516606,,,,1.0
38,hexane_hl_gap_eV,22,1.0000001192092896,0.0,0.7096668272516606,0.7096668272516606,,,,1.0
38,hexane_hl_gap_eV,23,1.0000001192092896,0.0,0.7096668272516606,0.7096668272516606,,,,1.0
38,hexane_hl_gap_eV,24,1.0000001192092896,0.0,0.7096668272516606,0.7096668272516606,,,,1.0
38,hexane_hl_gap_eV,25,1.0000001192092896,0.0,0.7096668272516606,0.7096668272516606,,,,1.0
38,hexane_hl_gap_eV,26,1.0000001192092896,0.0,0.7096668272516606,0.7096668272516606,,,,1.0
38,hexane_hl_gap_eV,27,1.0000001192092896,0.0,0.7096668272516606,0.7096668272516606,,,,1.0
38,hexane_hl_gap_eV,28,1.0000001192092896,0.0,0.7096668272516606,0.7096668272516606,,,,1.0
38,hexane_hl_gap_eV,29,1.0000001192092896,0.0,0.7096668272516606,0.7096668272516606,,,,1.0
38,hexane_hl_gap_eV,30,1.0000001192092896,0.0,0.7096668272516606,0.7096668272516606,,,,1.0
38,hexane_hl_gap_eV,31,1.0000001192092896,0.0,0.7096668272516606,0.7096668272516606,,,,1.0
38,hexane_hl_gap_eV,32,1.0000001192092896,0.0,0.7096668272516606,0.7096668272516606,,,,1.0
38,hexane_hl_gap_eV,33,1.0000001192092896,0.0,0.7096668272516606,0.7096668272516606,,,,1.0
38,hexane_hl_gap_eV,34,1.0000001192092896,0.0,0.7096668272516606,0.7096668272516606,,,,1.0
38,hexane_hl_gap_eV,35,1.0000001192092896,0.0,0.7096668272516606,0.7096668272516606,,,,1.0
38,hexane_hl_gap_eV,36,1.0000001192092896,0.0,0.7096668272516606,0.7096668272516606,,,,1.0
38,hexane_hl_gap_eV,37,1.0000001192092896,0.0,0.7096668272516606,0.7096668272516606,,,,1.0
38,hexane_hl_gap_eV,38,1.0000001192092896,0.0,0.7096668272516606,0.7096668272516606,,,,1.0
38,hexane_hl_gap_eV,39,1.0000001192092896,0.0,0.7096668272516606,0.7096668272516606,,,,1.0
38,hexane_hl_gap_eV,40,1.0000001192092896,0.0,0.7096668272516606,0.7096668272516606,,,,1.0
38,hexane_hl_gap_eV,41,1.0000001192092896,0.0,0.7096668272516606,0.7096668272516606,,,,1.0
38,hexane_hl_gap_eV,42,1.0000001192092896,0.0,0.7096668272516606,0.7096668272516606,,,,1.0
38,hexane_hl_gap_eV,43,1.0000001192092896,0.0,0.7096668272516606,0.7096668272516606,,,,1.0
38,hexane_hl_gap_eV,44,1.0000001192092896,0.0,0.7096668272516606,0.7096668272516606,,,,1.0
38,hexane_hl_gap_eV,45,1.0000001192092896,0.0,0.7096668272516606,0.7096668272516606,,,,1.0
38,hexane_hl_gap_eV,46,1.0000001192092896,0.0,0.7096668272516606,0.7096668272516606,,,,1.0
38,hexane_hl_gap_eV,47,1.0000001192092896,0.0,0.7096668272516606,0.7096668272516606,,,,1.0
38,hexane_hl_gap_eV,48,1.0000001192092896,0.0,0.7096668272516606,0.7096668272516606,,,,1.0
38,hexane_hl_gap_eV,49,1.0000001192092896,0.0,0.7096668272516606,0.7096668272516606,,,,1.0
38,hexane_hl_gap_eV,50,1.0000001192092896,0.0,0.7096668272516606,0.7096668272516606,,,,1.0
38,hexane_hl_gap_eV,51,1.0000001192092896,0.0,0.7096668272516606,0.7096668272516606,,,,1.0
38,hexane_hl_gap_eV,52,1.0000001192092896,0.0,0.7096668272516606,0.7096668272516606,,,,1.0
38,hexane_hl_gap_eV,53,1.0000001192092896,0.0,0.7096668272516606,0.7096668272516606,,,,1.0
38,hexane_hl_gap_eV,54,1.0000001192092896,0.0,0.7096668272516606,0.7096668272516606,,,,1.0
38,hexane_hl_gap_eV,55,1.0000001192092896,0.0,0.7096668272516606,0.7096668272516606,,,,1.0
38,hexane_hl_gap_eV,56,1.0000001192092896,0.0,0.7096668272516606,0.7096668272516606,,,,1.0
38,hexane_hl_gap_eV,57,1.0000001192092896,0.0,0.7096668272516606,0.7096668272516606,,,,1.0
38,hexane_hl_gap_eV,58,1.0000001192092896,0.0,0.7096668272516606,0.7096668272516606,,,,1.0
38,hexane_hl_gap_eV,59,1.0000001192092896,0.0,0.7096668272516606,0.7096668272516606,,,,1.0
38,hexane_hl_gap_eV,60,1.0000001192092896,0.0,0.7096668272516606,0.7096668272516606,,,,1.0
38,hexane_hl_gap_eV,61,1.0000001192092896,0.0,0.7096668272516606,0.7096668272516606,,,,1.0
38,hexane_hl_gap_eV,62,1.0000001192092896,0.0,0.7096668272516606,0.7096668272516606,,,,1.0
38,hexane_hl_gap_eV,63,1.0000001192092896,0.0,0.7096668272516606,0.7096668272516606,,,,1.0
38,hexane_hl_gap_eV,64,1.0000001192092896,0.0,0.7096668272516606,0.7096668272516606,,,,1.0
38,hexane_hl_gap_eV,65,1.0000001192092896,0.0,0.7096668272516606,0.7096668272516606,,,,1.0
38,hexane_hl_gap_eV,66,1.0000001192092896,0.0,0.7096668272516606,0.7096668272516606,,,,1.0
38,hexane_hl_gap_eV,67,1.0000001192092896,0.0,0.7096668272516606,0.7096668272516606,,,,1.0
38,hexane_hl_gap_eV,68,1.0000001192092896,0.0,0.7096668272516606,0.7096668272516606,,,,1.0
38,hexane_hl_gap_eV,69,1.0000001192092896,0.0,0.7096668272516606,0.7096668272516606,,,,1.0
38,hexane_hl_gap_eV,70,1.0000001192092896,0.0,0.7096668272516606,0.7096668272516606,,,,1.0
38,hexane_hl_gap_eV,71,1.0000001192092896,0.0,0.7096668272516606,0.7096668272516606,,,,1.0
38,hexane_hl_gap_eV,72,1.0000001192092896,0.0,0.7096668272516606,0.7096668272516606,,,,1.0
38,hexane_hl_gap_eV,73,1.0000001192092896,0.0,0.7096668272516606,0.7096668272516606,,,,1.0
38,hexane_hl_gap_eV,74,1.0000001192092896,0.0,0.7096668272516606,0.7096668272516606,,,,1.0
38,hexane_hl_gap_eV,75,1.0000001192092896,0.0,0.7096668272516606,0.7096668272516606,,,,1.0
38,hexane_hl_gap_eV,76,1.0000001192092896,0.0,0.7096668272516606,0.7096668272516606,,,,1.0
38,hexane_hl_gap_eV,77,1.0000001192092896,0.0,0.7096668272516606,0.7096668272516606,,,,1.0
38,hexane_hl_gap_eV,78,1.0000001192092896,0.0,0.7096668272516606,0.7096668272516606,,,,1.0
38,hexane_hl_gap_eV,79,1.0000001192092896,0.0,0.7096668272516606,0.7096668272516606,,,,1.0
38,hexane_hl_gap_eV,80,1.0000001192092896,0.0,0.7096668272516606,0.7096668272516606,,,,1.0
38,hexane_hl_gap_eV,81,1.0000001192092896,0.0,0.7096668272516606,0.7096668272516606,,,,1.0
38,hexane_hl_gap_eV,82,1.0000001192092896,0.0,0.7096668272516606,0.7096668272516606,,,,1.0
38,hexane_hl_gap_eV,83,1.0000001192092896,0.0,0.7096668272516606,0.7096668272516606,,,,1.0
38,hexane_hl_gap_eV,84,1.0000001192092896,0.0,0.7096668272516606,0.7096668272516606,,,,1.0
38,hexane_hl_gap_eV,85,1.0000001192092896,0.0,0.7096668272516606,0.7096668272516606,,,,1.0
38,hexane_hl_gap_eV,86,1.0000001192092896,0.0,0.7096668272516606,0.7096668272516606,,,,1.0
38,hexane_hl_gap_eV,87,1.0000001192092896,0.0,0.7096668272516606,0.7096668272516606,,,,1.0
38,hexane_hl_gap_eV,88,1.0000001192092896,0.0,0.7096668272516606,0.7096668272516606,,,,1.0
38,hexane_hl_gap_eV,89,1.0000001192092896,0.0,0.7096668272516606,0.7096668272516606,,,,1.0
38,hexane_hl_gap_eV,90,1.0000001192092896,0.0,0.7096668272516606,0.7096668272516606,,,,1.0
38,hexane_hl_gap_eV,91,1.0000001192092896,0.0,0.7096668272516606,0.7096668272516606,,,,1.0
38,hexane_hl_gap_eV,92,1.0000001192092896,0.0,0.7096668272516606,0.7096668272516606,,,,1.0
38,hexane_hl_gap_eV,93,1.0000001192092896,0.0,0.7096668272516606,0.7096668272516606,,,,1.0
38,hexane_hl_gap_eV,94,1.0000001192092896,0.0,0.7096668272516606,0.7096668272516606,,,,1.0
38,hexane_hl_gap_eV,95,1.0000001192092896,0.0,0.7096668272516606,0.7096668272516606,,,,1.0
38,hexane_hl_gap_eV,96,1.0000001192092896,0.0,0.7096668272516606,0.7096668272516606,,,,1.0
38,hexane_hl_gap_eV,97,1.0000001192092896,0.0,0.7096668272516606,0.7096668272516606,,,,1.0
38,hexane_hl_gap_eV,98,1.0000001192092896,0.0,0.7096668272516606,0.7096668272516606,,,,1.0
38,hexane_hl_gap_eV,99,1.0000001192092896,0.0,0.7096668272516606,0.7096668272516606,,,,1.0
38,hexane_hl_gap_eV,100,1.0000001192092896,0.0,0.7096668272516606,0.7096668272516606,,,,1.0
38,hexane_hl_gap_eV,101,1.0000001192092896,0.0,0.7096668272516606,0.7096668272516606,,,,1.0
38,hexane_hl_gap_eV,102,1.0000001192092896,0.0,0.7096668272516606,0.7096668272516606,,,,1.0
38,hexane_hl_gap_eV,103,1.0000001192092896,0.0,0.7096668272516606,0.7096668272516606,,,,1.0
38,hexane_hl_gap_eV,104,1.0000001192092896,0.0,0.7096668272516606,0.7096668272516606,,,,1.0
38,hexane_hl_gap_eV,105,1.0000001192092896,0.0,0.7096668272516606,0.7096668272516606,,,,1.0
38,hexane_hl_gap_eV,106,1.0000001192092896,0.0,0.7096668272516606,0.7096668272516606,,,,1.0
38,hexane_hl_gap_eV,107,1.0000001192092896,0.0,0.7096668272516606,0.7096668272516606,,,,1.0
38,hexane_hl_gap_eV,108,1.0000001192092896,0.0,0.7096668272516606,0.7096668272516606,,,,1.0
38,hexane_hl_gap_eV,109,1.0000001192092896,0.0,0.7096668272516606,0.7096668272516606,,,,1.0
38,hexane_hl_gap_eV,110,1.0000001192092896,0.0,0.7096668272516606,0.7096668272516606,,,,1.0
38,hexane_hl_gap_eV,111,1.0000001192092896,0.0,0.7096668272516606,0.7096668272516606,,,,1.0
38,hexane_hl_gap_eV,112,1.0000001192092896,0.0,0.7096668272516606,0.7096668272516606,,,,1.0
38,hexane_hl_gap_eV,113,1.0000001192092896,0.0,0.7096668272516606,0.7096668272516606,,,,1.0
38,hexane_hl_gap_eV,114,1.0000001192092896,0.0,0.7096668272516606,0.7096668272516606,,,,1.0
38,hexane_hl_gap_eV,115,1.0000001192092896,0.0,0.7096668272516606,0.7096668272516606,,,,1.0
38,hexane_hl_gap_eV,116,1.0000001192092896,0.0,0.7096668272516606,0.7096668272516606,,,,1.0
38,hexane_hl_gap_eV,117,1.0000001192092896,0.0,0.7096668272516606,0.7096668272516606,,,,1.0
38,hexane_hl_gap_eV,118,1.0000001192092896,0.0,0.7096668272516606,0.7096668272516606,,,,1.0
38,hexane_hl_gap_eV,119,1.0000001192092896,0.0,0.7096668272516606,0.7096668272516606,,,,1.0
38,hexane_hl_gap_eV,120,1.0000001192092896,0.0,0.7096668272516606,0.7096668272516606,,,,1.0
38,hexane_hl_gap_eV,121,1.0000001192092896,0.0,0.7096668272516606,0.7096668272516606,,,,1.0
38,hexane_hl_gap_eV,122,1.0000001192092896,0.0,0.7096668272516606,0.7096668272516606,,,,1.0
38,hexane_hl_gap_eV,123,1.0000001192092896,0.0,0.7096668272516606,0.7096668272516606,,,,1.0
38,hexane_hl_gap_eV,124,1.0000001192092896,0.0,0.7096668272516606,0.7096668272516606,,,,1.0
38,hexane_hl_gap_eV,125,1.0000001192092896,0.0,0.7096668272516606,0.7096668272516606,,,,1.0
38,hexane_hl_gap_eV,126,1.0000001192092896,0.0,0.7096668272516606,0.7096668272516606,,,,1.0
38,hexane_hl_gap_eV,127,1.0000001192092896,0.0,0.7096668272516606,0.7096668272516606,,,,1.0
38,hexane_hl_gap_eV,128,1.0000001192092896,0.0,0.7096668272516606,0.7096668272516606,,,,1.0
38,hexane_hl_gap_eV,129,1.0000001192092896,0.0,0.7096668272516606,0.7096668272516606,,,,1.0
38,hexane_hl_gap_eV,130,1.0000001192092896,0.0,0.7096668272516606,0.7096668272516606,,,,1.0
38,hexane_hl_gap_eV,131,1.0000001192092896,0.0,0.7096668272516606,0.7096668272516606,,,,1.0
38,hexane_hl_gap_eV,132,1.0000001192092896,0.0,0.7096668272516606,0.7096668272516606,,,,1.0
38,hexane_hl_gap_eV,133,1.0000001192092896,0.0,0.7096668272516606,0.7096668272516606,,,,1.0
38,hexane_hl_gap_eV,134,1.0000001192092896,0.0,0.7096668272516606,0.7096668272516606,,,,1.0
38,hexane_hl_gap_eV,135,1.0000001192092896,0.0,0.7096668272516606,0.7096668272516606,,,,1.0
38,hexane_hl_gap_eV,136,1.0000001192092896,0.0,0.7096668272516606,0.7096668272516606,,,,1.0
38,hexane_hl_gap_eV,137,1.0000001192092896,0.0,0.7096668272516606,0.7096668272516606,,,,1.0
38,hexane_hl_gap_eV,138,1.0000001192092896,0.0,0.7096668272516606,0.7096668272516606,,,,1.0
38,hexane_hl_gap_eV,139,1.0000001192092896,0.0,0.7096668272516606,0.7096668272516606,,,,1.0
38,hexane_hl_gap_eV,140,1.0000001192092896,0.0,0.7096668272516606,0.7096668272516606,,,,1.0
38,hexane_hl_gap_eV,141,1.0000001192092896,0.0,0.7096668272516606,0.7096668272516606,,,,1.0
38,hexane_hl_gap_eV,142,1.0000001192092896,0.0,0.7096668272516606,0.7096668272516606,,,,1.0
38,hexane_hl_gap_eV,143,1.0000001192092896,0.0,0.7096668272516606,0.7096668272516606,,,,1.0
38,hexane_hl_gap_eV,144,1.0000001192092896,0.0,0.7096668272516606,0.7096668272516606,,,,1.0
38,hexane_hl_gap_eV,145,1.0000001192092896,0.0,0.7096668272516606,0.7096668272516606,,,,1.0
38,hexane_hl_gap_eV,146,1.0000001192092896,0.0,0.7096668272516606,0.7096668272516606,,,,1.0
38,hexane_hl_gap_eV,147,1.0000001192092896,0.0,0.7096668272516606,0.7096668272516606,,,,1.0
38,hexane_hl_gap_eV,148,1.0000001192092896,0.0,0.7096668272516606,0.7096668272516606,,,,1.0
38,hexane_hl_gap_eV,149,1.0000001192092896,0.0,0.7096668272516606,0.7096668272516606,,,,1.0
38,hexane_hl_gap_eV,150,1.0000001192092896,0.0,0.7096668272516606,0.7096668272516606,,,,1.0
38,hexane_hl_gap_eV,151,1.0000001192092896,0.0,0.7096668272516606,0.7096668272516606,,,,1.0
38,hexane_hl_gap_eV,152,1.0000001192092896,0.0,0.7096668272516606,0.7096668272516606,,,,1.0
38,hexane_hl_gap_eV,153,1.0000001192092896,0.0,0.7096668272516606,0.7096668272516606,,,,1.0
38,hexane_hl_gap_eV,154,1.0000001192092896,0.0,0.7096668272516606,0.7096668272516606,,,,1.0
38,hexane_hl_gap_eV,155,1.0000001192092896,0.0,0.7096668272516606,0.7096668272516606,,,,1.0
38,hexane_hl_gap_eV,156,1.0000001192092896,0.0,0.7096668272516606,0.7096668272516606,,,,1.0
38,hexane_hl_gap_eV,157,1.0000001192092896,0.0,0.7096668272516606,0.7096668272516606,,,,1.0
38,hexane_hl_gap_eV,158,1.0000001192092896,0.0,0.7096668272516606,0.7096668272516606,,,,1.0
38,hexane_hl_gap_eV,159,1.0000001192092896,0.0,0.7096668272516606,0.7096668272516606,,,,1.0
38,hexane_hl_gap_eV,160,1.0000001192092896,0.0,0.7096668272516606,0.7096668272516606,,,,1.0
38,hexane_hl_gap_eV,161,1.0000001192092896,0.0,0.7096668272516606,0.7096668272516606,,,,1.0
38,hexane_hl_gap_eV,162,1.0000001192092896,0.0,0.7096668272516606,0.7096668272516606,,,,1.0
38,hexane_hl_gap_eV,163,1.0000001192092896,0.0,0.7096668272516606,0.7096668272516606,,,,1.0
38,hexane_hl_gap_eV,164,1.0000001192092896,0.0,0.7096668272516606,0.7096668272516606,,,,1.0
38,hexane_hl_gap_eV,165,1.0000001192092896,0.0,0.7096668272516606,0.7096668272516606,,,,1.0
38,hexane_hl_gap_eV,166,1.0000001192092896,0.0,0.7096668272516606,0.7096668272516606,,,,1.0
38,hexane_hl_gap_eV,167,1.0000001192092896,0.0,0.7096668272516606,0.7096668272516606,,,,1.0
38,hexane_hl_gap_eV,168,1.0000001192092896,0.0,0.7096668272516606,0.7096668272516606,,,,1.0
38,hexane_hl_gap_eV,169,1.0000001192092896,0.0,0.7096668272516606,0.7096668272516606,,,,1.0
38,hexane_hl_gap_eV,170,1.0000001192092896,0.0,0.7096668272516606,0.7096668272516606,,,,1.0
38,hexane_hl_gap_eV,171,1.0000001192092896,0.0,0.7096668272516606,0.7096668272516606,,,,1.0
38,hexane_hl_gap_eV,172,1.0000001192092896,0.0,0.7096668272516606,0.7096668272516606,,,,1.0
38,hexane_hl_gap_eV,173,1.0000001192092896,0.0,0.7096668272516606,0.7096668272516606,,,,1.0
38,hexane_hl_gap_eV,174,1.0000001192092896,0.0,0.7096668272516606,0.7096668272516606,,,,1.0
38,hexane_hl_gap_eV,175,1.0000001192092896,0.0,0.7096668272516606,0.7096668272516606,,,,1.0
38,hexane_hl_gap_eV,176,1.0000001192092896,0.0,0.7096668272516606,0.7096668272516606,,,,1.0
38,hexane_hl_gap_eV,177,1.0000001192092896,0.0,0.7096668272516606,0.7096668272516606,,,,1.0
38,hexane_hl_gap_eV,178,1.0000001192092896,0.0,0.7096668272516606,0.7096668272516606,,,,1.0
38,hexane_hl_gap_eV,179,1.0000001192092896,0.0,0.7096668272516606,0.7096668272516606,,,,1.0
38,hexane_hl_gap_eV,180,1.0000001192092896,0.0,0.7096668272516606,0.7096668272516606,,,,1.0
38,hexane_hl_gap_eV,181,1.0000001192092896,0.0,0.7096668272516606,0.7096668272516606,,,,1.0
38,hexane_hl_gap_eV,182,1.0000001192092896,0.0,0.7096668272516606,0.7096668272516606,,,,1.0
38,hexane_hl_gap_eV,183,1.0000001192092896,0.0,0.7096668272516606,0.7096668272516606,,,,1.0
38,hexane_hl_gap_eV,184,1.0000001192092896,0.0,0.7096668272516606,0.7096668272516606,,,,1.0
38,hexane_hl_gap_eV,185,1.0000001192092896,0.0,0.7096668272516606,0.7096668272516606,,,,1.0
38,hexane_hl_gap_eV,186,1.0000001192092896,0.0,0.7096668272516606,0.7096668272516606,,,,1.0
38,hexane_hl_gap_eV,187,1.0000001192092896,0.0,0.7096668272516606,0.7096668272516606,,,,1.0
38,hexane_hl_gap_eV,188,1.0000001192092896,0.0,0.7096668272516606,0.7096668272516606,,,,1.0
38,hexane_hl_gap_eV,189,1.0000001192092896,0.0,0.7096668272516606,0.7096668272516606,,,,1.0
38,hexane_hl_gap_eV,190,1.0000001192092896,0.0,0.7096668272516606,0.7096668272516606,,,,1.0
38,hexane_hl_gap_eV,191,1.0000001192092896,0.0,0.7096668272516606,0.7096668272516606,,,,1.0
38,hexane_hl_gap_eV,192,1.0000001192092896,0.0,0.7096668272516606,0.7096668272516606,,,,1.0
38,hexane_hl_gap_eV,193,1.0000001192092896,0.0,0.7096668272516606,0.7096668272516606,,,,1.0
38,hexane_hl_gap_eV,194,1.0000001192092896,0.0,0.7096668272516606,0.7096668272516606,,,,1.0
38,hexane_hl_gap_eV,195,1.0000001192092896,0.0,0.7096668272516606,0.7096668272516606,,,,1.0
38,hexane_hl_gap_eV,196,1.0000001192092896,0.0,0.7096668272516606,0.7096668272516606,,,,1.0
38,hexane_hl_gap_eV,197,1.0000001192092896,0.0,0.7096668272516606,0.7096668272516606,,,,1.0
38,hexane_hl_gap_eV,198,1.0000001192092896,0.0,0.7096668272516606,0.7096668272516606,,,,1.0
38,hexane_hl_gap_eV,199,1.0000001192092896,0.0,0.7096668272516606,0.7096668272516606,,,,1.0
38,hexane_hl_gap_eV,200,1.0000001192092896,0.0,0.7096668272516606,0.7096668272516606,,,,1.0
38,hexane_hl_gap_eV,201,1.0000001192092896,0.0,0.7096668272516606,0.7096668272516606,,,,1.0
38,hexane_hl_gap_eV,202,1.0000001192092896,0.0,0.7096668272516606,0.7096668272516606,,,,1.0
38,hexane_hl_gap_eV,203,1.0000001192092896,0.0,0.7096668272516606,0.7096668272516606,,,,1.0
38,hexane_hl_gap_eV,204,1.0000001192092896,0.0,0.7096668272516606,0.7096668272516606,,,,1.0
38,hexane_hl_gap_eV,205,1.0000001192092896,0.0,0.7096668272516606,0.7096668272516606,,,,1.0
38,hexane_hl_gap_eV,206,1.0000001192092896,0.0,0.7096668272516606,0.7096668272516606,,,,1.0
38,hexane_hl_gap_eV,207,1.0000001192092896,0.0,0.7096668272516606,0.7096668272516606,,,,1.0
38,hexane_hl_gap_eV,208,1.0000001192092896,0.0,0.7096668272516606,0.7096668272516606,,,,1.0
38,hexane_hl_gap_eV,209,1.0000001192092896,0.0,0.7096668272516606,0.7096668272516606,,,,1.0
38,hexane_hl_gap_eV,210,1.0000001192092896,0.0,0.7096668272516606,0.7096668272516606,,,,1.0
38,hexane_hl_gap_eV,211,1.0000001192092896,0.0,0.7096668272516606,0.7096668272516606,,,,1.0
38,hexane_hl_gap_eV,212,1.0000001192092896,0.0,0.7096668272516606,0.7096668272516606,,,,1.0
38,hexane_hl_gap_eV,213,1.0000001192092896,0.0,0.7096668272516606,0.7096668272516606,,,,1.0
38,hexane_hl_gap_eV,214,1.0000001192092896,0.0,0.7096668272516606,0.7096668272516606,,,,1.0
38,hexane_hl_gap_eV,215,1.0000001192092896,0.0,0.7096668272516606,0.7096668272516606,,,,1.0
38,hexane_hl_gap_eV,216,1.0000001192092896,0.0,0.7096668272516606,0.7096668272516606,,,,1.0
38,hexane_hl_gap_eV,217,1.0000001192092896,0.0,0.7096668272516606,0.7096668272516606,,,,1.0
38,hexane_hl_gap_eV,218,1.0000001192092896,0.0,0.7096668272516606,0.7096668272516606,,,,1.0
38,hexane_hl_gap_eV,219,1.0000001192092896,0.0,0.7096668272516606,0.7096668272516606,,,,1.0
38,hexane_hl_gap_eV,220,1.0000001192092896,0.0,0.7096668272516606,0.7096668272516606,,,,1.0
38,hexane_hl_gap_eV,221,1.0000001192092896,0.0,0.7096668272516606,0.7096668272516606,,,,1.0
38,hexane_hl_gap_eV,222,1.0000001192092896,0.0,0.7096668272516606,0.7096668272516606,,,,1.0
38,hexane_hl_gap_eV,223,1.0000001192092896,0.0,0.7096668272516606,0.7096668272516606,,,,1.0
38,hexane_hl_gap_eV,224,1.0000001192092896,0.0,0.7096668272516606,0.7096668272516606,,,,1.0
38,hexane_hl_gap_eV,225,1.0000001192092896,0.0,0.7096668272516606,0.7096668272516606,,,,1.0
38,hexane_hl_gap_eV,226,1.0000001192092896,0.0,0.7096668272516606,0.7096668272516606,,,,1.0
38,hexane_hl_gap_eV,227,1.0000001192092896,0.0,0.7096668272516606,0.7096668272516606,,,,1.0
38,hexane_hl_gap_eV,228,1.0000001192092896,0.0,0.7096668272516606,0.7096668272516606,,,,1.0
38,hexane_hl_gap_eV,229,1.0000001192092896,0.0,0.7096668272516606,0.7096668272516606,,,,1.0
38,hexane_hl_gap_eV,230,1.0000001192092896,0.0,0.7096668272516606,0.7096668272516606,,,,1.0
38,hexane_hl_gap_eV,231,1.0000001192092896,0.0,0.7096668272516606,0.7096668272516606,,,,1.0
38,hexane_hl_gap_eV,232,1.0000001192092896,0.0,0.7096668272516606,0.7096668272516606,,,,1.0
38,hexane_hl_gap_eV,233,1.0000001192092896,0.0,0.7096668272516606,0.7096668272516606,,,,1.0
38,hexane_hl_gap_eV,234,1.0000001192092896,0.0,0.7096668272516606,0.7096668272516606,,,,1.0
38,hexane_hl_gap_eV,235,1.0000001192092896,0.0,0.7096668272516606,0.7096668272516606,,,,1.0
38,hexane_hl_gap_eV,236,1.0000001192092896,0.0,0.7096668272516606,0.7096668272516606,,,,1.0
38,hexane_hl_gap_eV,237,1.0000001192092896,0.0,0.7096668272516606,0.7096668272516606,,,,1.0
38,hexane_hl_gap_eV,238,1.0000001192092896,0.0,0.7096668272516606,0.7096668272516606,,,,1.0
38,hexane_hl_gap_eV,239,1.0000001192092896,0.0,0.7096668272516606,0.7096668272516606,,,,1.0
38,hexane_hl_gap_eV,240,1.0000001192092896,0.0,0.7096668272516606,0.7096668272516606,,,,1.0
38,hexane_hl_gap_eV,241,1.0000001192092896,0.0,0.7096668272516606,0.7096668272516606,,,,1.0
38,hexane_hl_gap_eV,242,1.0000001192092896,0.0,0.7096668272516606,0.7096668272516606,,,,1.0
38,hexane_hl_gap_eV,243,1.0000001192092896,0.0,0.7096668272516606,0.7096668272516606,,,,1.0
38,hexane_hl_gap_eV,244,1.0000001192092896,0.0,0.7096668272516606,0.7096668272516606,,,,1.0
38,hexane_hl_gap_eV,245,1.0000001192092896,0.0,0.7096668272516606,0.7096668272516606,,,,1.0
38,hexane_hl_gap_eV,246,1.0000001192092896,0.0,0.7096668272516606,0.7096668272516606,,,,1.0
38,hexane_hl_gap_eV,247,1.0000001192092896,0.0,0.7096668272516606,0.7096668272516606,,,,1.0
38,hexane_hl_gap_eV,248,1.0000001192092896,0.0,0.7096668272516606,0.7096668272516606,,,,1.0
38,hexane_hl_gap_eV,249,1.0000001192092896,0.0,0.7096668272516606,0.7096668272516606,,,,1.0
38,hexane_dipole,0,1.0000001192092896,0.0,0.5857793106511335,0.5857793106511335,,,,1.0
38,hexane_dipole,1,1.0000001192092896,0.0,0.5857793106511335,0.5857793106511335,,,,1.0
38,hexane_dipole,2,1.0000001192092896,0.0,0.5857793106511335,0.5857793106511335,,,,1.0
38,hexane_dipole,3,1.0000001192092896,0.0,0.5857793106511335,0.5857793106511335,,,,1.0
38,hexane_dipole,4,1.0000001192092896,0.0,0.5857793106511335,0.5857793106511335,,,,1.0
38,hexane_dipole,5,1.0000001192092896,0.0,0.5857793106511335,0.5857793106511335,,,,1.0
38,hexane_dipole,6,1.0000001192092896,0.0,0.5857793106511335,0.5857793106511335,,,,1.0
38,hexane_dipole,7,1.0000001192092896,0.0,0.5857793106511335,0.5857793106511335,,,,1.0
38,hexane_dipole,8,1.0000001192092896,0.0,0.5857793106511335,0.5857793106511335,,,,1.0
38,hexane_dipole,9,1.0000001192092896,0.0,0.5857793106511335,0.5857793106511335,,,,1.0
38,hexane_dipole,10,1.0000001192092896,0.0,0.5857793106511335,0.5857793106511335,,,,1.0
38,hexane_dipole,11,1.0000001192092896,0.0,0.5857793106511335,0.5857793106511335,,,,1.0
38,hexane_dipole,12,1.0000001192092896,0.0,0.5857793106511335,0.5857793106511335,,,,1.0
38,hexane_dipole,13,1.0000001192092896,0.0,0.5857793106511335,0.5857793106511335,,,,1.0
38,hexane_dipole,14,1.0000001192092896,0.0,0.5857793106511335,0.5857793106511335,,,,1.0
38,hexane_dipole,15,1.0000001192092896,0.0,0.5857793106511335,0.5857793106511335,,,,1.0
38,hexane_dipole,16,1.0000001192092896,0.0,0.5857793106511335,0.5857793106511335,,,,1.0
38,hexane_dipole,17,1.0000001192092896,0.0,0.5857793106511335,0.5857793106511335,,,,1.0
38,hexane_dipole,18,1.0000001192092896,0.0,0.5857793106511335,0.5857793106511335,,,,1.0
38,hexane_dipole,19,1.0000001192092896,0.0,0.5857793106511335,0.5857793106511335,,,,1.0
38,hexane_dipole,20,1.0000001192092896,0.0,0.5857793106511335,0.5857793106511335,,,,1.0
38,hexane_dipole,21,1.0000001192092896,0.0,0.5857793106511335,0.5857793106511335,,,,1.0
38,hexane_dipole,22,1.0000001192092896,0.0,0.5857793106511335,0.5857793106511335,,,,1.0
38,hexane_dipole,23,1.0000001192092896,0.0,0.5857793106511335,0.5857793106511335,,,,1.0
38,hexane_dipole,24,1.0000001192092896,0.0,0.5857793106511335,0.5857793106511335,,,,1.0
38,hexane_dipole,25,1.0000001192092896,0.0,0.5857793106511335,0.5857793106511335,,,,1.0
38,hexane_dipole,26,1.0000001192092896,0.0,0.5857793106511335,0.5857793106511335,,,,1.0
38,hexane_dipole,27,1.0000001192092896,0.0,0.5857793106511335,0.5857793106511335,,,,1.0
38,hexane_dipole,28,1.0000001192092896,0.0,0.5857793106511335,0.5857793106511335,,,,1.0
38,hexane_dipole,29,1.0000001192092896,0.0,0.5857793106511335,0.5857793106511335,,,,1.0
38,hexane_dipole,30,1.0000001192092896,0.0,0.5857793106511335,0.5857793106511335,,,,1.0
38,hexane_dipole,31,1.0000001192092896,0.0,0.5857793106511335,0.5857793106511335,,,,1.0
38,hexane_dipole,32,1.0000001192092896,0.0,0.5857793106511335,0.5857793106511335,,,,1.0
38,hexane_dipole,33,1.0000001192092896,0.0,0.5857793106511335,0.5857793106511335,,,,1.0
38,hexane_dipole,34,1.0000001192092896,0.0,0.5857793106511335,0.5857793106511335,,,,1.0
38,hexane_dipole,35,1.0000001192092896,0.0,0.5857793106511335,0.5857793106511335,,,,1.0
38,hexane_dipole,36,1.0000001192092896,0.0,0.5857793106511335,0.5857793106511335,,,,1.0
38,hexane_dipole,37,1.0000001192092896,0.0,0.5857793106511335,0.5857793106511335,,,,1.0
38,hexane_dipole,38,1.0000001192092896,0.0,0.5857793106511335,0.5857793106511335,,,,1.0
38,hexane_dipole,39,1.0000001192092896,0.0,0.5857793106511335,0.5857793106511335,,,,1.0
38,hexane_dipole,40,1.0000001192092896,0.0,0.5857793106511335,0.5857793106511335,,,,1.0
38,hexane_dipole,41,1.0000001192092896,0.0,0.5857793106511335,0.5857793106511335,,,,1.0
38,hexane_dipole,42,1.0000001192092896,0.0,0.5857793106511335,0.5857793106511335,,,,1.0
38,hexane_dipole,43,1.0000001192092896,0.0,0.5857793106511335,0.5857793106511335,,,,1.0
38,hexane_dipole,44,1.0000001192092896,0.0,0.5857793106511335,0.5857793106511335,,,,1.0
38,hexane_dipole,45,1.0000001192092896,0.0,0.5857793106511335,0.5857793106511335,,,,1.0
38,hexane_dipole,46,1.0000001192092896,0.0,0.5857793106511335,0.5857793106511335,,,,1.0
38,hexane_dipole,47,1.0000001192092896,0.0,0.5857793106511335,0.5857793106511335,,,,1.0
38,hexane_dipole,48,1.0000001192092896,0.0,0.5857793106511335,0.5857793106511335,,,,1.0
38,hexane_dipole,49,1.0000001192092896,0.0,0.5857793106511335,0.5857793106511335,,,,1.0
38,hexane_dipole,50,1.0000001192092896,0.0,0.5857793106511335,0.5857793106511335,,,,1.0
38,hexane_dipole,51,1.0000001192092896,0.0,0.5857793106511335,0.5857793106511335,,,,1.0
38,hexane_dipole,52,1.0000001192092896,0.0,0.5857793106511335,0.5857793106511335,,,,1.0
38,hexane_dipole,53,1.0000001192092896,0.0,0.5857793106511335,0.5857793106511335,,,,1.0
38,hexane_dipole,54,1.0000001192092896,0.0,0.5857793106511335,0.5857793106511335,,,,1.0
38,hexane_dipole,55,1.0000001192092896,0.0,0.5857793106511335,0.5857793106511335,,,,1.0
38,hexane_dipole,56,1.0000001192092896,0.0,0.5857793106511335,0.5857793106511335,,,,1.0
38,hexane_dipole,57,1.0000001192092896,0.0,0.5857793106511335,0.5857793106511335,,,,1.0
38,hexane_dipole,58,1.0000001192092896,0.0,0.5857793106511335,0.5857793106511335,,,,1.0
38,hexane_dipole,59,1.0000001192092896,0.0,0.5857793106511335,0.5857793106511335,,,,1.0
38,hexane_dipole,60,1.0000001192092896,0.0,0.5857793106511335,0.5857793106511335,,,,1.0
38,hexane_dipole,61,1.0000001192092896,0.0,0.5857793106511335,0.5857793106511335,,,,1.0
38,hexane_dipole,62,1.0000001192092896,0.0,0.5857793106511335,0.5857793106511335,,,,1.0
38,hexane_dipole,63,1.0000001192092896,0.0,0.5857793106511335,0.5857793106511335,,,,1.0
38,hexane_dipole,64,1.0000001192092896,0.0,0.5857793106511335,0.5857793106511335,,,,1.0
38,hexane_dipole,65,1.0000001192092896,0.0,0.5857793106511335,0.5857793106511335,,,,1.0
38,hexane_dipole,66,1.0000001192092896,0.0,0.5857793106511335,0.5857793106511335,,,,1.0
38,hexane_dipole,67,1.0000001192092896,0.0,0.5857793106511335,0.5857793106511335,,,,1.0
38,hexane_dipole,68,1.0000001192092896,0.0,0.5857793106511335,0.5857793106511335,,,,1.0
38,hexane_dipole,69,1.0000001192092896,0.0,0.5857793106511335,0.5857793106511335,,,,1.0
38,hexane_dipole,70,1.0000001192092896,0.0,0.5857793106511335,0.5857793106511335,,,,1.0
38,hexane_dipole,71,1.0000001192092896,0.0,0.5857793106511335,0.5857793106511335,,,,1.0
38,hexane_dipole,72,1.0000001192092896,0.0,0.5857793106511335,0.5857793106511335,,,,1.0
38,hexane_dipole,73,1.0000001192092896,0.0,0.5857793106511335,0.5857793106511335,,,,1.0
38,hexane_dipole,74,1.0000001192092896,0.0,0.5857793106511335,0.5857793106511335,,,,1.0
38,hexane_dipole,75,1.0000001192092896,0.0,0.5857793106511335,0.5857793106511335,,,,1.0
38,hexane_dipole,76,1.0000001192092896,0.0,0.5857793106511335,0.5857793106511335,,,,1.0
38,hexane_dipole,77,1.0000001192092896,0.0,0.5857793106511335,0.5857793106511335,,,,1.0
38,hexane_dipole,78,1.0000001192092896,0.0,0.5857793106511335,0.5857793106511335,,,,1.0
38,hexane_dipole,79,1.0000001192092896,0.0,0.5857793106511335,0.5857793106511335,,,,1.0
38,hexane_dipole,80,1.0000001192092896,0.0,0.5857793106511335,0.5857793106511335,,,,1.0
38,hexane_dipole,81,1.0000001192092896,0.0,0.5857793106511335,0.5857793106511335,,,,1.0
38,hexane_dipole,82,1.0000001192092896,0.0,0.5857793106511335,0.5857793106511335,,,,1.0
38,hexane_dipole,83,1.0000001192092896,0.0,0.5857793106511335,0.5857793106511335,,,,1.0
38,hexane_dipole,84,1.0000001192092896,0.0,0.5857793106511335,0.5857793106511335,,,,1.0
38,hexane_dipole,85,1.0000001192092896,0.0,0.5857793106511335,0.5857793106511335,,,,1.0
38,hexane_dipole,86,1.0000001192092896,0.0,0.5857793106511335,0.5857793106511335,,,,1.0
38,hexane_dipole,87,1.0000001192092896,0.0,0.5857793106511335,0.5857793106511335,,,,1.0
38,hexane_dipole,88,1.0000001192092896,0.0,0.5857793106511335,0.5857793106511335,,,,1.0
38,hexane_dipole,89,1.0000001192092896,0.0,0.5857793106511335,0.5857793106511335,,,,1.0
38,hexane_dipole,90,1.0000001192092896,0.0,0.5857793106511335,0.5857793106511335,,,,1.0
38,hexane_dipole,91,1.0000001192092896,0.0,0.5857793106511335,0.5857793106511335,,,,1.0
38,hexane_dipole,92,1.0000001192092896,0.0,0.5857793106511335,0.5857793106511335,,,,1.0
38,hexane_dipole,93,1.0000001192092896,0.0,0.5857793106511335,0.5857793106511335,,,,1.0
38,hexane_dipole,94,1.0000001192092896,0.0,0.5857793106511335,0.5857793106511335,,,,1.0
38,hexane_dipole,95,1.0000001192092896,0.0,0.5857793106511335,0.5857793106511335,,,,1.0
38,hexane_dipole,96,1.0000001192092896,0.0,0.5857793106511335,0.5857793106511335,,,,1.0
38,hexane_dipole,97,1.0000001192092896,0.0,0.5857793106511335,0.5857793106511335,,,,1.0
38,hexane_dipole,98,1.0000001192092896,0.0,0.5857793106511335,0.5857793106511335,,,,1.0
38,hexane_dipole,99,1.0000001192092896,0.0,0.5857793106511335,0.5857793106511335,,,,1.0
38,hexane_dipole,100,1.0000001192092896,0.0,0.5857793106511335,0.5857793106511335,,,,1.0
38,hexane_dipole,101,1.0000001192092896,0.0,0.5857793106511335,0.5857793106511335,,,,1.0
38,hexane_dipole,102,1.0000001192092896,0.0,0.5857793106511335,0.5857793106511335,,,,1.0
38,hexane_dipole,103,1.0000001192092896,0.0,0.5857793106511335,0.5857793106511335,,,,1.0
38,hexane_dipole,104,1.0000001192092896,0.0,0.5857793106511335,0.5857793106511335,,,,1.0
38,hexane_dipole,105,1.0000001192092896,0.0,0.5857793106511335,0.5857793106511335,,,,1.0
38,hexane_dipole,106,1.0000001192092896,0.0,0.5857793106511335,0.5857793106511335,,,,1.0
38,hexane_dipole,107,1.0000001192092896,0.0,0.5857793106511335,0.5857793106511335,,,,1.0
38,hexane_dipole,108,1.0000001192092896,0.0,0.5857793106511335,0.5857793106511335,,,,1.0
38,hexane_dipole,109,1.0000001192092896,0.0,0.5857793106511335,0.5857793106511335,,,,1.0
38,hexane_dipole,110,1.0000001192092896,0.0,0.5857793106511335,0.5857793106511335,,,,1.0
38,hexane_dipole,111,1.0000001192092896,0.0,0.5857793106511335,0.5857793106511335,,,,1.0
38,hexane_dipole,112,1.0000001192092896,0.0,0.5857793106511335,0.5857793106511335,,,,1.0
38,hexane_dipole,113,1.0000001192092896,0.0,0.5857793106511335,0.5857793106511335,,,,1.0
38,hexane_dipole,114,1.0000001192092896,0.0,0.5857793106511335,0.5857793106511335,,,,1.0
38,hexane_dipole,115,1.0000001192092896,0.0,0.5857793106511335,0.5857793106511335,,,,1.0
38,hexane_dipole,116,1.0000001192092896,0.0,0.5857793106511335,0.5857793106511335,,,,1.0
38,hexane_dipole,117,1.0000001192092896,0.0,0.5857793106511335,0.5857793106511335,,,,1.0
38,hexane_dipole,118,1.0000001192092896,0.0,0.5857793106511335,0.5857793106511335,,,,1.0
38,hexane_dipole,119,1.0000001192092896,0.0,0.5857793106511335,0.5857793106511335,,,,1.0
38,hexane_dipole,120,1.0000001192092896,0.0,0.5857793106511335,0.5857793106511335,,,,1.0
38,hexane_dipole,121,1.0000001192092896,0.0,0.5857793106511335,0.5857793106511335,,,,1.0
38,hexane_dipole,122,1.0000001192092896,0.0,0.5857793106511335,0.5857793106511335,,,,1.0
38,hexane_dipole,123,1.0000001192092896,0.0,0.5857793106511335,0.5857793106511335,,,,1.0
38,hexane_dipole,124,1.0000001192092896,0.0,0.5857793106511335,0.5857793106511335,,,,1.0
38,hexane_dipole,125,1.0000001192092896,0.0,0.5857793106511335,0.5857793106511335,,,,1.0
38,hexane_dipole,126,1.0000001192092896,0.0,0.5857793106511335,0.5857793106511335,,,,1.0
38,hexane_dipole,127,1.0000001192092896,0.0,0.5857793106511335,0.5857793106511335,,,,1.0
38,hexane_dipole,128,1.0000001192092896,0.0,0.5857793106511335,0.5857793106511335,,,,1.0
38,hexane_dipole,129,1.0000001192092896,0.0,0.5857793106511335,0.5857793106511335,,,,1.0
38,hexane_dipole,130,1.0000001192092896,0.0,0.5857793106511335,0.5857793106511335,,,,1.0
38,hexane_dipole,131,1.0000001192092896,0.0,0.5857793106511335,0.5857793106511335,,,,1.0
38,hexane_dipole,132,1.0000001192092896,0.0,0.5857793106511335,0.5857793106511335,,,,1.0
38,hexane_dipole,133,1.0000001192092896,0.0,0.5857793106511335,0.5857793106511335,,,,1.0
38,hexane_dipole,134,1.0000001192092896,0.0,0.5857793106511335,0.5857793106511335,,,,1.0
38,hexane_dipole,135,1.0000001192092896,0.0,0.5857793106511335,0.5857793106511335,,,,1.0
38,hexane_dipole,136,1.0000001192092896,0.0,0.5857793106511335,0.5857793106511335,,,,1.0
38,hexane_dipole,137,1.0000001192092896,0.0,0.5857793106511335,0.5857793106511335,,,,1.0
38,hexane_dipole,138,1.0000001192092896,0.0,0.5857793106511335,0.5857793106511335,,,,1.0
38,hexane_dipole,139,1.0000001192092896,0.0,0.5857793106511335,0.5857793106511335,,,,1.0
38,hexane_dipole,140,1.0000001192092896,0.0,0.5857793106511335,0.5857793106511335,,,,1.0
38,hexane_dipole,141,1.0000001192092896,0.0,0.5857793106511335,0.5857793106511335,,,,1.0
38,hexane_dipole,142,1.0000001192092896,0.0,0.5857793106511335,0.5857793106511335,,,,1.0
38,hexane_dipole,143,1.0000001192092896,0.0,0.5857793106511335,0.5857793106511335,,,,1.0
38,hexane_dipole,144,1.0000001192092896,0.0,0.5857793106511335,0.5857793106511335,,,,1.0
38,hexane_dipole,145,1.0000001192092896,0.0,0.5857793106511335,0.5857793106511335,,,,1.0
38,hexane_dipole,146,1.0000001192092896,0.0,0.5857793106511335,0.5857793106511335,,,,1.0
38,hexane_dipole,147,1.0000001192092896,0.0,0.5857793106511335,0.5857793106511335,,,,1.0
38,hexane_dipole,148,1.0000001192092896,0.0,0.5857793106511335,0.5857793106511335,,,,1.0
38,hexane_dipole,149,1.0000001192092896,0.0,0.5857793106511335,0.5857793106511335,,,,1.0
38,hexane_dipole,150,1.0000001192092896,0.0,0.5857793106511335,0.5857793106511335,,,,1.0
38,hexane_dipole,151,1.0000001192092896,0.0,0.5857793106511335,0.5857793106511335,,,,1.0
38,hexane_dipole,152,1.0000001192092896,0.0,0.5857793106511335,0.5857793106511335,,,,1.0
38,hexane_dipole,153,1.0000001192092896,0.0,0.5857793106511335,0.5857793106511335,,,,1.0
38,hexane_dipole,154,1.0000001192092896,0.0,0.5857793106511335,0.5857793106511335,,,,1.0
38,hexane_dipole,155,1.0000001192092896,0.0,0.5857793106511335,0.5857793106511335,,,,1.0
38,hexane_dipole,156,1.0000001192092896,0.0,0.5857793106511335,0.5857793106511335,,,,1.0
38,hexane_dipole,157,1.0000001192092896,0.0,0.5857793106511335,0.5857793106511335,,,,1.0
38,hexane_dipole,158,1.0000001192092896,0.0,0.5857793106511335,0.5857793106511335,,,,1.0
38,hexane_dipole,159,1.0000001192092896,0.0,0.5857793106511335,0.5857793106511335,,,,1.0
38,hexane_dipole,160,1.0000001192092896,0.0,0.5857793106511335,0.5857793106511335,,,,1.0
38,hexane_dipole,161,1.0000001192092896,0.0,0.5857793106511335,0.5857793106511335,,,,1.0
38,hexane_dipole,162,1.0000001192092896,0.0,0.5857793106511335,0.5857793106511335,,,,1.0
38,hexane_dipole,163,1.0000001192092896,0.0,0.5857793106511335,0.5857793106511335,,,,1.0
38,hexane_dipole,164,1.0000001192092896,0.0,0.5857793106511335,0.5857793106511335,,,,1.0
38,hexane_dipole,165,1.0000001192092896,0.0,0.5857793106511335,0.5857793106511335,,,,1.0
38,hexane_dipole,166,1.0000001192092896,0.0,0.5857793106511335,0.5857793106511335,,,,1.0
38,hexane_dipole,167,1.0000001192092896,0.0,0.5857793106511335,0.5857793106511335,,,,1.0
38,hexane_dipole,168,1.0000001192092896,0.0,0.5857793106511335,0.5857793106511335,,,,1.0
38,hexane_dipole,169,1.0000001192092896,0.0,0.5857793106511335,0.5857793106511335,,,,1.0
38,hexane_dipole,170,1.0000001192092896,0.0,0.5857793106511335,0.5857793106511335,,,,1.0
38,hexane_dipole,171,1.0000001192092896,0.0,0.5857793106511335,0.5857793106511335,,,,1.0
38,hexane_dipole,172,1.0000001192092896,0.0,0.5857793106511335,0.5857793106511335,,,,1.0
38,hexane_dipole,173,1.0000001192092896,0.0,0.5857793106511335,0.5857793106511335,,,,1.0
38,hexane_dipole,174,1.0000001192092896,0.0,0.5857793106511335,0.5857793106511335,,,,1.0
38,hexane_dipole,175,1.0000001192092896,0.0,0.5857793106511335,0.5857793106511335,,,,1.0
38,hexane_dipole,176,1.0000001192092896,0.0,0.5857793106511335,0.5857793106511335,,,,1.0
38,hexane_dipole,177,1.0000001192092896,0.0,0.5857793106511335,0.5857793106511335,,,,1.0
38,hexane_dipole,178,1.0000001192092896,0.0,0.5857793106511335,0.5857793106511335,,,,1.0
38,hexane_dipole,179,1.0000001192092896,0.0,0.5857793106511335,0.5857793106511335,,,,1.0
38,hexane_dipole,180,1.0000001192092896,0.0,0.5857793106511335,0.5857793106511335,,,,1.0
38,hexane_dipole,181,1.0000001192092896,0.0,0.5857793106511335,0.5857793106511335,,,,1.0
38,hexane_dipole,182,1.0000001192092896,0.0,0.5857793106511335,0.5857793106511335,,,,1.0
38,hexane_dipole,183,1.0000001192092896,0.0,0.5857793106511335,0.5857793106511335,,,,1.0
38,hexane_dipole,184,1.0000001192092896,0.0,0.5857793106511335,0.5857793106511335,,,,1.0
38,hexane_dipole,185,1.0000001192092896,0.0,0.5857793106511335,0.5857793106511335,,,,1.0
38,hexane_dipole,186,1.0000001192092896,0.0,0.5857793106511335,0.5857793106511335,,,,1.0
38,hexane_dipole,187,1.0000001192092896,0.0,0.5857793106511335,0.5857793106511335,,,,1.0
38,hexane_dipole,188,1.0000001192092896,0.0,0.5857793106511335,0.5857793106511335,,,,1.0
38,hexane_dipole,189,1.0000001192092896,0.0,0.5857793106511335,0.5857793106511335,,,,1.0
38,hexane_dipole,190,1.0000001192092896,0.0,0.5857793106511335,0.5857793106511335,,,,1.0
38,hexane_dipole,191,1.0000001192092896,0.0,0.5857793106511335,0.5857793106511335,,,,1.0
38,hexane_dipole,192,1.0000001192092896,0.0,0.5857793106511335,0.5857793106511335,,,,1.0
38,hexane_dipole,193,1.0000001192092896,0.0,0.5857793106511335,0.5857793106511335,,,,1.0
38,hexane_dipole,194,1.0000001192092896,0.0,0.5857793106511335,0.5857793106511335,,,,1.0
38,hexane_dipole,195,1.0000001192092896,0.0,0.5857793106511335,0.5857793106511335,,,,1.0
38,hexane_dipole,196,1.0000001192092896,0.0,0.5857793106511335,0.5857793106511335,,,,1.0
38,hexane_dipole,197,1.0000001192092896,0.0,0.5857793106511335,0.5857793106511335,,,,1.0
38,hexane_dipole,198,1.0000001192092896,0.0,0.5857793106511335,0.5857793106511335,,,,1.0
38,hexane_dipole,199,1.0000001192092896,0.0,0.5857793106511335,0.5857793106511335,,,,1.0
38,hexane_dipole,200,1.0000001192092896,0.0,0.5857793106511335,0.5857793106511335,,,,1.0
38,hexane_dipole,201,1.0000001192092896,0.0,0.5857793106511335,0.5857793106511335,,,,1.0
38,hexane_dipole,202,1.0000001192092896,0.0,0.5857793106511335,0.5857793106511335,,,,1.0
38,hexane_dipole,203,1.0000001192092896,0.0,0.5857793106511335,0.5857793106511335,,,,1.0
38,hexane_dipole,204,1.0000001192092896,0.0,0.5857793106511335,0.5857793106511335,,,,1.0
38,hexane_dipole,205,1.0000001192092896,0.0,0.5857793106511335,0.5857793106511335,,,,1.0
38,hexane_dipole,206,1.0000001192092896,0.0,0.5857793106511335,0.5857793106511335,,,,1.0
38,hexane_dipole,207,1.0000001192092896,0.0,0.5857793106511335,0.5857793106511335,,,,1.0
38,hexane_dipole,208,1.0000001192092896,0.0,0.5857793106511335,0.5857793106511335,,,,1.0
38,hexane_dipole,209,1.0000001192092896,0.0,0.5857793106511335,0.5857793106511335,,,,1.0
38,hexane_dipole,210,1.0000001192092896,0.0,0.5857793106511335,0.5857793106511335,,,,1.0
38,hexane_dipole,211,1.0000001192092896,0.0,0.5857793106511335,0.5857793106511335,,,,1.0
38,hexane_dipole,212,1.0000001192092896,0.0,0.5857793106511335,0.5857793106511335,,,,1.0
38,hexane_dipole,213,1.0000001192092896,0.0,0.5857793106511335,0.5857793106511335,,,,1.0
38,hexane_dipole,214,1.0000001192092896,0.0,0.5857793106511335,0.5857793106511335,,,,1.0
38,hexane_dipole,215,1.0000001192092896,0.0,0.5857793106511335,0.5857793106511335,,,,1.0
38,hexane_dipole,216,1.0000001192092896,0.0,0.5857793106511335,0.5857793106511335,,,,1.0
38,hexane_dipole,217,1.0000001192092896,0.0,0.5857793106511335,0.5857793106511335,,,,1.0
38,hexane_dipole,218,1.0000001192092896,0.0,0.5857793106511335,0.5857793106511335,,,,1.0
38,hexane_dipole,219,1.0000001192092896,0.0,0.5857793106511335,0.5857793106511335,,,,1.0
38,hexane_dipole,220,1.0000001192092896,0.0,0.5857793106511335,0.5857793106511335,,,,1.0
38,hexane_dipole,221,1.0000001192092896,0.0,0.5857793106511335,0.5857793106511335,,,,1.0
38,hexane_dipole,222,1.0000001192092896,0.0,0.5857793106511335,0.5857793106511335,,,,1.0
38,hexane_dipole,223,1.0000001192092896,0.0,0.5857793106511335,0.5857793106511335,,,,1.0
38,hexane_dipole,224,1.0000001192092896,0.0,0.5857793106511335,0.5857793106511335,,,,1.0
38,hexane_dipole,225,1.0000001192092896,0.0,0.5857793106511335,0.5857793106511335,,,,1.0
38,hexane_dipole,226,1.0000001192092896,0.0,0.5857793106511335,0.5857793106511335,,,,1.0
38,hexane_dipole,227,1.0000001192092896,0.0,0.5857793106511335,0.5857793106511335,,,,1.0
38,hexane_dipole,228,1.0000001192092896,0.0,0.5857793106511335,0.5857793106511335,,,,1.0
38,hexane_dipole,229,1.0000001192092896,0.0,0.5857793106511335,0.5857793106511335,,,,1.0
38,hexane_dipole,230,1.0000001192092896,0.0,0.5857793106511335,0.5857793106511335,,,,1.0
38,hexane_dipole,231,1.0000001192092896,0.0,0.5857793106511335,0.5857793106511335,,,,1.0
38,hexane_dipole,232,1.0000001192092896,0.0,0.5857793106511335,0.5857793106511335,,,,1.0
38,hexane_dipole,233,1.0000001192092896,0.0,0.5857793106511335,0.5857793106511335,,,,1.0
38,hexane_dipole,234,1.0000001192092896,0.0,0.5857793106511335,0.5857793106511335,,,,1.0
38,hexane_dipole,235,1.0000001192092896,0.0,0.5857793106511335,0.5857793106511335,,,,1.0
38,hexane_dipole,236,1.0000001192092896,0.0,0.5857793106511335,0.5857793106511335,,,,1.0
38,hexane_dipole,237,1.0000001192092896,0.0,0.5857793106511335,0.5857793106511335,,,,1.0
38,hexane_dipole,238,1.0000001192092896,0.0,0.5857793106511335,0.5857793106511335,,,,1.0
38,hexane_dipole,239,1.0000001192092896,0.0,0.5857793106511335,0.5857793106511335,,,,1.0
38,hexane_dipole,240,1.0000001192092896,0.0,0.5857793106511335,0.5857793106511335,,,,1.0
38,hexane_dipole,241,1.0000001192092896,0.0,0.5857793106511335,0.5857793106511335,,,,1.0
38,hexane_dipole,242,1.0000001192092896,0.0,0.5857793106511335,0.5857793106511335,,,,1.0
38,hexane_dipole,243,1.0000001192092896,0.0,0.5857793106511335,0.5857793106511335,,,,1.0
38,hexane_dipole,244,1.0000001192092896,0.0,0.5857793106511335,0.5857793106511335,,,,1.0
38,hexane_dipole,245,1.0000001192092896,0.0,0.5857793106511335,0.5857793106511335,,,,1.0
38,hexane_dipole,246,1.0000001192092896,0.0,0.5857793106511335,0.5857793106511335,,,,1.0
38,hexane_dipole,247,1.0000001192092896,0.0,0.5857793106511335,0.5857793106511335,,,,1.0
38,hexane_dipole,248,1.0000001192092896,0.0,0.5857793106511335,0.5857793106511335,,,,1.0
38,hexane_dipole,249,1.0000001192092896,0.0,0.5857793106511335,0.5857793106511335,,,,1.0
39,sco_kcal,0,0.23023603856563568,0.3161354660987854,0.6246908395259478,0.977565986629559,68.95435333251953,2.4964797496795654,0.03620481708588806,0.26
39,sco_kcal,1,0.3402283489704132,0.029342805966734886,0.6259079389488169,0.9167504591368432,6.350315093994141,1.6086565256118774,0.25331916634078155,0.18
39,sco_kcal,2,0.7212334871292114,0.022288599982857704,0.6526925852402352,0.9064237131323527,5.1224141120910645,4.432588577270508,0.8653319470613912,0.52
39,sco_kcal,3,0.3843172788619995,0.03992174193263054,0.5907157861218855,0.9223747299143912,8.177090644836426,1.8019444942474365,0.22036498951926228,0.26
39,sco_kcal,4,0.397502064704895,0.031266964972019196,0.6282672643624301,0.9225900194106063,6.916803359985352,2.4029717445373535,0.34741073577989395,0.3
39,sco_kcal,5,0.30019402503967285,0.06526998430490494,0.6125510580089253,0.893025450015174,13.532635688781738,3.4771363735198975,0.25694450463943014,0.06
39,sco_kcal,6,0.42856842279434204,0.03982767090201378,0.6192031350340674,0.8923873946064942,8.538142204284668,3.7522025108337402,0.4394635766256955,0.12
39,sco_kcal,7,0.061964549124240875,0.10266831517219543,0.5916865617250815,0.9416402245509328,20.141979217529297,0.2554709315299988,0.012683506857541875,0.02
39,sco_kcal,8,0.09133066982030869,0.10375913232564926,0.5782372126939219,0.936000009242373,20.034116744995117,0.9756507873535156,0.048699466004522046,0.04
39,sco_kcal,9,0.6084803938865662,0.026861736550927162,0.6448055216922584,0.9097052836667192,5.95296049118042,3.9812488555908203,0.6687846931773225,0.4
39,sco_kcal,10,0.4149032235145569,0.04502497613430023,0.6130362419142137,0.8815325449628268,9.485474586486816,4.0270094871521,0.42454486071672703,0.26
39,sco_kcal,11,0.1723223626613617,0.03803572431206703,0.6062619870195989,0.9174988604875416,7.849954128265381,0.7833570837974548,0.09979129444550712,0.06
39,sco_kcal,12,0.18035675585269928,0.07224764674901962,0.6142473790878871,0.9316620521525492,15.09580135345459,1.4971895217895508,0.09917920133778968,0.08
39,sco_kcal,13,0.1102045401930809,0.10970693081617355,0.6189924701790563,0.9367932491545718,23.503589630126953,0.5724966526031494,0.024357839020015988,0.04
39,sco_kcal,14,0.16474777460098267,0.11772099882364273,0.6221985661758858,0.9765299468655302,25.452186584472656,0.5523184537887573,0.021700235928873175,0.18
39,sco_kcal,15,0.013867704197764397,0.15716741979122162,0.6091190173965861,0.9618585491883327,32.75046920776367,0.05925535410642624,0.0018092978677807597,0.0
39,sco_kcal,16,0.07697399705648422,0.08927662670612335,0.6035411849956711,0.9263399023647081,17.98959732055664,0.6479628086090088,0.03601875000662657,0.02
39,sco_kcal,17,0.04644211754202843,0.12578728795051575,0.6096736161936092,0.9339554787931985,26.147262573242188,0.4658159613609314,0.017815094794574188,0.0
39,sco_kcal,18,0.29663780331611633,0.07497550547122955,0.6008947637355289,0.8984411829694043,15.102433204650879,3.8387107849121094,0.25417829914519713,0.06
39,sco_kcal,19,0.07167181372642517,0.16542121767997742,0.5813697919364997,0.9551715994124943,31.396316528320312,0.09713836014270782,0.003093941292606298,0.06
39,sco_kcal,20,0.3864535689353943,0.036444902420043945,0.6030235592407744,0.8853053297166569,7.399293422698975,2.8530478477478027,0.38558382331418906,0.14
39,sco_kcal,21,0.4399948716163635,0.08493948727846146,0.6058249520452756,0.8922437805199699,17.355533599853516,7.670034885406494,0.44193598780916943,0.06
39,sco_kcal,22,0.6024565100669861,0.028433751314878464,0.6185218134191517,0.877900364783857,5.961216926574707,3.9098153114318848,0.655875362294264,0.3
39,sco_kcal,23,0.22826743125915527,0.03599872440099716,0.6241591480603512,0.9585256679607539,7.827358722686768,1.0805658102035522,0.13804986439060818,0.1
39,sco_kcal,24,0.1062459722161293,0.2799589931964874,0.5972538931565634,0.9631413319854716,55.14486312866211,0.7356798648834229,0.013340859386430242,0.08
39,sco_kcal,25,0.2198324352502823,0.026926612481474876,0.6239194044709524,0.9433678242335857,5.84135627746582,1.1000680923461914,0.18832408777905232,0.06
39,sco_kcal,26,0.33631545305252075,0.02926313690841198,0.6261485006259733,0.9126761293088206,6.382782459259033,1.9588122367858887,0.30689002003262444,0.1
39,sco_kcal,27,0.43488818407058716,0.05928967893123627,0.6058972081058756,0.9022612361354472,12.390884399414062,5.961984157562256,0.4811588878873073,0.26
39,sco_kcal,28,0.4668971002101898,0.02890341728925705,0.6189767095146825,0.9068170154020547,6.157586574554443,2.640683174133301,0.4288503526764263,0.28
39,sco_kcal,29,0.11751673370599747,0.030300743877887726,0.6215479571025553,0.946799998640671,6.539540767669678,0.3099721372127533,0.04739967961438519,0.04
39,sco_kcal,30,0.12441754341125488,0.09350583702325821,0.5785747693666028,0.9229476766175839,17.937549591064453,1.2588465213775635,0.07017940298850267,0.04
39,sco_kcal,31,0.09657807648181915,0.058365318924188614,0.6196493709304158,0.9419520354501552,12.560543060302734,0.6248125433921814,0.04974407080907871,0.02
39,sco_kcal,32,0.17035377025604248,1.0297530889511108,0.6201659501448049,0.9871674500107921,219.6857452392578,2.2662861347198486,0.010316036355711912,0.1
39,sco_kcal,33,0.14684784412384033,0.03722033649682999,0.6099593801181677,0.9149438052067516,7.798111915588379,0.5930487513542175,0.07605030009491356,0.08
39,sco_kcal,34,0.06223161518573761,0.022910883650183678,0.6210477646402293,0.9544148292650507,4.950267314910889,0.1728202998638153,0.03491130657596141,0.02
39,sco_kcal,35,0.20685948431491852,0.035424068570137024,0.609735145441187,0.920908242824519,7.431455612182617,1.0069853067398071,0.13550310454509407,0.06
39,sco_kcal,36,0.3013673722743988,0.07437629997730255,0.5866741931974377,0.9000350719794019,14.9125394821167,4.116861820220947,0.2760671195645744,0.2
39,sco_kcal,37,0.5418070554733276,0.032784413546323776,0.631208294889104,0.8889925743980174,7.131669044494629,4.224764347076416,0.5923948967230567,0.4
39,sco_kcal,38,0.22936676442623138,0.043614987283945084,0.6190611194752602,0.9144059343125277,9.29162883758545,1.996741533279419,0.21489682467754473,0.04
39,sco_kcal,39,0.15801668167114258,0.0506635420024395,0.5943368901138115,0.8959122294913531,10.094804763793945,1.0807112455368042,0.10705618095883203,0.06
39,sco_kcal,40,0.22700610756874084,0.01838460937142372,0.6145390430472824,0.933752836114524,3.9323503971099854,0.7051827311515808,0.17932855924279864,0.04
39,sco_kcal,41,0.2408488541841507,0.027815094217658043,0.6229952377308763,0.9404611611423077,6.097449779510498,0.9406294822692871,0.15426604831254562,0.08
39,sco_kcal,42,0.061347596347332,0.04304114356637001,0.6142718399007387,0.9422826157678053,9.086864471435547,0.14980743825435638,0.016486153031694744,0.04
39,sco_kcal,43,0.38812392950057983,0.03804977610707283,0.6111606938218963,0.8910237783817803,7.962950229644775,3.2384231090545654,0.4066863430840545,0.14
39,sco_kcal,44,0.07703189551830292,0.07076722383499146,0.5903766510615962,0.9485182774286975,13.938511848449707,0.13692046701908112,0.009823176857600471,0.04
39,sco_kcal,45,0.11566496640443802,0.09921593219041824,0.6210731664638609,0.952647551442162,21.34064292907715,0.5601702332496643,0.026248985801942203,0.04
39,sco_kcal,46,0.07204986363649368,0.09752602130174637,0.619044084450654,0.9223027554271661,20.614574432373047,0.800009548664093,0.03880795848047007,0.0
39,sco_kcal,47,0.2893276512622833,0.08249709010124207,0.6229895528549587,0.9620695471532923,17.793712615966797,1.9289416074752808,0.10840579754808377,0.36
39,sco_kcal,48,0.2758938670158386,0.03971994295716286,0.6204744485219269,0.9220708185996942,8.520419120788574,1.8964611291885376,0.22257838520659745,0.14
39,sco_kcal,49,0.4491182863712311,0.08038497716188431,0.5978721710760349,0.9111940022551701,15.704297065734863,6.528477191925049,0.4157127927851992,0.28
39,sco_kcal,50,0.21405550837516785,0.06616441905498505,0.633086059756393,0.9261122667655788,14.632829666137695,2.0783965587615967,0.1420365442762777,0.26
39,sco_kcal,51,0.10390444099903107,0.029939958825707436,0.6217771369876768,0.9729682794034826,6.47282075881958,0.24733351171016693,0.038211086159486374,0.02
39,sco_kcal,52,0.09870312362909317,0.12314411252737045,0.5886292797748858,0.9035127736157824,24.112424850463867,2.080500841140747,0.0862833520080716,0.0
39,sco_kcal,53,0.3006863296031952,0.033789366483688354,0.6260780591660229,0.9300729327948261,7.345278263092041,1.6456661224365234,0.22404408158442862,0.12
39,sco_kcal,54,0.0836959034204483,0.05948009341955185,0.6208778959725354,0.9396731043984101,12.638616561889648,0.5429113507270813,0.04295654892831945,0.06
39,sco_kcal,55,0.2639105021953583,0.04351428523659706,0.6096883270767113,0.9145511628075482,9.072969436645508,2.2731235027313232,0.25053798743664135,0.02
39,sco_kcal,56,0.1827787309885025,0.1056123673915863,0.6154188149368653,0.9079566026053789,23.009803771972656,4.016152381896973,0.17454092271698948,0.06
39,sco_kcal,57,0.38518771529197693,0.037723980844020844,0.6158374613407884,0.8919015266567023,7.9718337059021,3.0573887825012207,0.3835239036957864,0.16
39,sco_kcal,58,0.07867417484521866,0.02424970269203186,0.6237679665824276,0.9619456373012445,5.2485671043396,0.14872309565544128,0.02833594249609091,0.06
39,sco_kcal,59,0.20561811327934265,0.032589998096227646,0.6227298268626933,0.9394690039946294,7.073486328125,0.9261978268623352,0.13093936764670988,0.08
39,sco_kcal,60,0.23699748516082764,0.09070335328578949,0.5821832817423831,0.8986612077641214,17.536373138427734,2.805755853652954,0.1599963590820645,0.06
39,sco_kcal,61,0.1599292904138565,0.03340236097574234,0.6214395841824045,0.9410177953529946,7.258486747741699,0.7080058455467224,0.09754179764356546,0.06
39,sco_kcal,62,0.24198125302791595,0.03817036375403404,0.6234628296554501,0.8956064321851436,8.35025691986084,1.7578182220458984,0.21051067517036268,0.1
39,sco_kcal,63,0.014605395495891571,0.3419783413410187,0.6252011303027647,0.9380973407948219,73.81391143798828,0.27973708510398865,0.0037897610308728624,0.0
39,sco_kcal,64,0.5265355706214905,0.02458251640200615,0.6344025137661782,0.9059332838854028,5.401042461395264,3.0855062007904053,0.571279752537498,0.26
39,sco_kcal,65,0.17208625376224518,0.06343620270490646,0.6061738215663754,0.9388752296999696,12.939740180969238,0.979297399520874,0.07568138044696975,0.14
39,sco_kcal,66,0.14311127364635468,0.07739155739545822,0.5807322813738356,0.9202713851406057,14.896546363830566,1.6102803945541382,0.10809756538360904,0.04
39,sco_kcal,67,0.10853955894708633,0.038736023008823395,0.6203022162352074,0.9343800784002896,8.368049621582031,0.5227444171905518,0.062469086684469696,0.06
39,sco_kcal,68,0.13333693146705627,0.025726206600666046,0.6200159060496158,0.9411969434253427,5.588685035705566,0.41258421540260315,0.07382491816351121,0.04
39,sco_kcal,69,0.1798308789730072,0.08755771070718765,0.6132700854376083,0.9012798525871117,18.314172744750977,3.3720805644989014,0.18412409948821593,0.06
39,sco_kcal,70,0.20684078335762024,0.03379509225487709,0.6294965147152152,0.9287077291541592,7.462947845458984,1.2114405632019043,0.16232735217880898,0.02
39,sco_kcal,71,0.1801745891571045,0.05746696516871452,0.5901123625399325,0.9199943542249254,11.407294273376465,2.1478965282440186,0.1882914981212507,0.04
39,sco_kcal,72,0.5191609859466553,0.02605450712144375,0.6297824127730234,0.8969905411142038,5.644821643829346,2.6136443614959717,0.4630162875656284,0.24
39,sco_kcal,73,0.14627566933631897,0.03622279688715935,0.6230707938621582,0.9338557054720882,7.830294132232666,0.8530862927436829,0.10894690267534571,0.02
39,sco_kcal,74,0.02815450355410576,0.09814486652612686,0.6285136358631451,0.9695061979478259,21.510419845581055,0.04481405392289162,0.002083364910801492,0.0
39,sco_kcal,75,0.2561153471469879,0.02727985754609108,0.6182139779128029,0.9262862386080537,5.893937587738037,1.1816304922103882,0.20048235574613063,0.04
39,sco_kcal,76,0.16062244772911072,0.11023436486721039,0.6207915209548411,0.9711056858668194,23.613731384277344,0.39645832777023315,0.016789313019551232,0.1
39,sco_kcal,77,0.12057621777057648,0.023744715377688408,0.6115293882746506,0.9640047067271225,5.0381011962890625,0.08813247084617615,0.017493191861865,0.14
39,sco_kcal,78,0.34280088543891907,0.022465484216809273,0.6261782651067718,0.9163380592679553,4.902920246124268,1.5145092010498047,0.3088994160667851,0.12
39,sco_kcal,79,0.5111638307571411,0.019037341699004173,0.6420925317819888,0.9361416562369553,4.150762557983398,1.7812135219573975,0.4291292255519381,0.36
39,sco_kcal,80,0.04398227855563164,0.0418592244386673,0.6207223988383126,0.9621075688394971,8.98594856262207,0.11715742945671082,0.01303784777313756,0.02
39,sco_kcal,81,0.47202277183532715,0.033997684717178345,0.6314884844419741,0.9075468069252228,7.377834796905518,3.6541738510131836,0.4952908206274627,0.18
39,sco_kcal,82,0.19634412229061127,0.07424742728471756,0.5802622245139883,0.9206753752728258,14.448105812072754,1.982596755027771,0.1372219155102757,0.08
39,sco_kcal,83,0.0802607536315918,0.044555190950632095,0.594566105667873,0.9607742516781002,8.725773811340332,0.034229498356580734,0.003922803764646619,0.06
39,sco_kcal,84,0.22430959343910217,0.03786439821124077,0.6224945755153086,0.9476153600197181,8.161844253540039,0.6166483163833618,0.07555257086851452,0.12
39,sco_kcal,85,0.11011579632759094,0.07223547250032425,0.6202710024555986,0.9175883859346563,15.745650291442871,1.0432522296905518,0.06625653500367129,0.02
39,sco_kcal,86,0.11451534181833267,0.15959444642066956,0.6187021777974875,0.9208210915598216,33.92081069946289,3.5282366275787354,0.10401392404323055,0.0
39,sco_kcal,87,0.2282204031944275,0.019372161477804184,0.6222673083433199,0.9109066682782032,4.244335651397705,0.725075364112854,0.17083365305335335,0.04
39,sco_kcal,88,0.36538007855415344,0.20742732286453247,0.6340295076554796,0.9822133784537816,46.6170539855957,1.2383708953857422,0.026564760951397506,0.24
39,sco_kcal,89,0.20671314001083374,0.05004724860191345,0.5978814345354027,0.8980345637076601,10.12076473236084,1.375815987586975,0.13593992390593224,0.16
39,sco_kcal,90,0.07517482340335846,0.04571646824479103,0.6124633597914491,0.9591959801476986,9.649290084838867,0.14533405005931854,0.015061631351271108,0.04
39,sco_kcal,91,0.28570935130119324,0.03148798272013664,0.609935253708366,0.9251265384205207,6.568331718444824,1.2792565822601318,0.19476126314811332,0.04
39,sco_kcal,92,0.23992760479450226,0.025966143235564232,0.623589867723876,0.9196878618735604,5.645236968994141,1.0209448337554932,0.18085066036428998,0.1
39,sco_kcal,93,0.14811749756336212,0.4519873857498169,0.6225209588094036,0.9767407966982904,97.18075561523438,2.8771214485168457,0.029605876495838016,0.12
39,sco_kcal,94,0.14641524851322174,0.14333286881446838,0.5831884747215199,0.8826395743857556,28.016355514526367,3.2370519638061523,0.11554150796408026,0.0
39,sco_kcal,95,0.8234767317771912,0.021408190950751305,0.6490703247492955,0.9029847535739286,4.417657852172852,5.635984897613525,1.275785741270441,0.8
39,sco_kcal,96,0.04739850014448166,0.11644311249256134,0.592580984338176,0.9417126497078296,23.04300880432129,0.4393555521965027,0.01906676146016616,0.0
39,sco_kcal,97,0.058684200048446655,0.25352245569229126,0.6176715699343589,0.9215341435533275,54.59772491455078,2.1899282932281494,0.040110248122161477,0.12
39,sco_kcal,98,0.15525184571743011,0.17510300874710083,0.6206181105934869,0.97684048715089,37.34881591796875,0.445884644985199,0.01193838771126024,0.14
39,sco_kcal,99,0.4129619896411896,0.03687819465994835,0.6218367136266068,0.9024257678865286,7.928785800933838,2.9332547187805176,0.36995005192788083,0.14
39,sco_kcal,100,0.05414237082004547,0.0278853140771389,0.6216489336711832,0.9490913403173828,6.004361629486084,0.2320394366979599,0.038645146814353395,0.02
39,sco_kcal,101,0.22170808911323547,0.030391665175557137,0.6213502226450529,0.9193838200397679,6.595212459564209,1.3037300109863281,0.19767824296481792,0.06
39,sco_kcal,102,0.0723239853978157,0.03877721726894379,0.6105945324048305,0.9524874636420904,8.10063362121582,0.17970001697540283,0.02218345198389947,0.04
39,sco_kcal,103,0.4788692593574524,0.03305888548493385,0.6198053877554608,0.8948770250295812,7.012497425079346,3.448408603668213,0.4917518531037742,0.22
39,sco_kcal,104,0.09842436760663986,0.041093457490205765,0.6099464909000958,0.9447522768617185,8.586274147033691,0.45976924896240234,0.05354700316914983,0.02
39,sco_kcal,105,0.1647597700357437,0.08466057479381561,0.6232460705787768,0.9718870119661149,18.422870635986328,0.6251127123832703,0.033931341360135585,0.12
39,sco_kcal,106,0.23315081000328064,0.035620011389255524,0.6214141297635056,0.9504147544218411,7.680708408355713,0.5263432264328003,0.06852795321069609,0.24
39,sco_kcal,107,0.20461101830005646,0.10264094173908234,0.6151182468842338,0.9076188650446855,21.82651710510254,3.970609664916992,0.1819167779172956,0.06
39,sco_kcal,108,0.06693733483552933,0.0658358782529831,0.6202409118908223,0.9547625361702641,14.034320831298828,0.10646586865186691,0.007586107652208622,0.02
39,sco_kcal,109,0.23619484901428223,0.056904856115579605,0.6098864265784341,0.9156122390928856,11.864032745361328,2.094785690307617,0.17656607456066314,0.1
39,sco_kcal,110,0.19504772126674652,0.1465580016374588,0.6199446004634259,0.9614862923472081,31.25124740600586,0.38102060556411743,0.012192172703189216,0.12
39,sco_kcal,111,0.17839105427265167,0.13800989091396332,0.6206595406934199,0.9752300373460274,29.451539993286133,0.7744458913803101,0.02629559919640383,0.1
39,sco_kcal,112,0.06918507069349289,0.039773568511009216,0.6105121330513195,0.9579951833281013,8.377897262573242,0.1253753900527954,0.014965018801661312,0.04
39,sco_kcal,113,0.17406730353832245,0.1078098937869072,0.6116357296491277,0.8810007662571497,22.687793731689453,3.5599398612976074,0.1569099183198769,0.0
39,sco_kcal,114,0.4471100866794586,0.05351627990603447,0.6059260513555811,0.9006791525564888,10.866087913513184,4.674032211303711,0.43014857311167476,0.18
39,sco_kcal,115,0.19274993240833282,0.035132478922605515,0.6228595514386734,0.9162555191775521,7.607068061828613,0.9375612735748291,0.12324870317375008,0.06
39,sco_kcal,116,0.1467028111219406,0.6040986180305481,0.621440253333932,0.9830579050632762,129.25787353515625,2.2209513187408447,0.017182329075967496,0.1
39,sco_kcal,117,0.3432484269142151,0.05868903547525406,0.6314033947814806,0.9699151102744383,13.102740287780762,0.867522120475769,0.06620921283808054,0.26
39,sco_kcal,118,0.4321436882019043,0.026542887091636658,0.5999862884888529,0.9134659062503936,5.4082865715026855,2.0272250175476074,0.37483683431818327,0.26
39,sco_kcal,119,0.4950902760028839,0.030826188623905182,0.6039638430773211,0.8986963283707898,6.140500545501709,2.977107048034668,0.48483133027576725,0.2
39,sco_kcal,120,0.184126079082489,0.15481483936309814,0.6203309329019671,0.9142019257620302,33.236515045166016,3.927269458770752,0.1181612889749084,0.08
39,sco_kcal,121,0.21410433948040009,0.056534625589847565,0.6004392816300084,0.9105479300178352,11.350804328918457,1.774855375289917,0.15636384205550227,0.04
39,sco_kcal,122,0.033329810947179794,0.031703922897577286,0.6035911847727253,0.9530954850261204,6.549530982971191,0.06007256731390953,0.00917204109272839,0.04
39,sco_kcal,123,0.3934237062931061,0.04796520248055458,0.6095978523012362,0.8851570345934203,9.90887451171875,3.876749277114868,0.3912401224306578,0.14
39,sco_kcal,124,0.19326916337013245,0.07007811963558197,0.6108456262680984,0.884743775164454,14.826190948486328,2.545311212539673,0.1716766782097552,0.04
39,sco_kcal,125,0.2672942280769348,0.05002940073609352,0.5775019838573114,0.8986569975125505,9.670369148254395,1.9943639039993286,0.20623451632757295,0.06
39,sco_kcal,126,0.4592243432998657,0.04326572269201279,0.6022992422459148,0.9012965343097938,8.660005569458008,4.2187418937683105,0.487152330322617,0.32
39,sco_kcal,127,0.6138822436332703,0.033870648592710495,0.6335683283797122,0.9040614624523138,7.335436820983887,4.971864700317383,0.6777871341069661,0.4
39,sco_kcal,128,0.09327784180641174,0.21197864413261414,0.6256634957968514,0.9190869631052772,45.82550048828125,1.7688212394714355,0.03859905992567977,0.0
39,sco_kcal,129,0.22385425865650177,0.04265347868204117,0.6159129721688326,0.9185926729332807,9.116522789001465,1.7204368114471436,0.1887163396906929,0.04
39,sco_kcal,130,0.026153823360800743,0.10983996838331223,0.6230717991797243,0.9679036783333246,23.45677375793457,0.24325153231620789,0.010370204139174288,0.02
39,sco_kcal,131,0.15163195133209229,0.06760814040899277,0.5984971899350342,0.9212941312861056,13.797160148620605,1.1743848323822021,0.08511786626609631,0.1
39,sco_kcal,132,0.4650779962539673,0.042744360864162445,0.6249210494181736,0.8848464954610238,9.248920440673828,4.397836208343506,0.47549724711688646,0.22
39,sco_kcal,133,0.03974907845258713,0.10341691225767136,0.6011432269994401,0.9622135399433691,20.84113883972168,0.0647951140999794,0.0031090006452279217,0.02
39,sco_kcal,134,0.7366586327552795,0.050054166465997696,0.6580277382248736,0.9066421629471746,11.2094087600708,9.817541122436523,0.8758304146609168,0.68
39,sco_kcal,135,0.14134353399276733,0.05563313886523247,0.6221378672241635,0.9656395318952407,11.980239868164062,0.5538815259933472,0.04623292455647868,0.06
39,sco_kcal,136,0.09923327714204788,0.10113506764173508,0.6108937170259356,0.9035773510497032,21.373991012573242,1.8986414670944214,0.0888295249107921,0.02
39,sco_kcal,137,0.21038763225078583,0.03630167990922928,0.6250470111247797,0.9546685512243731,8.007505416870117,0.3827630579471588,0.047800536873913085,0.2
39,sco_kcal,138,0.16912981867790222,0.1145627424120903,0.6121372964955394,0.9262644470401267,23.549100875854492,2.1731317043304443,0.09228087797435243,0.04
39,sco_kcal,139,0.44335663318634033,0.036456845700740814,0.6323985059070822,0.895489308322132,7.947811603546143,3.8185694217681885,0.48045545267636,0.12
39,sco_kcal,140,0.6575077772140503,0.03496694937348366,0.6467421933049287,0.9007216539989296,7.509725093841553,5.598662853240967,0.745521677994874,0.38
39,sco_kcal,141,0.4309370815753937,0.027186863124370575,0.6328133606235842,0.926544767276476,5.88088846206665,1.8637335300445557,0.31691359937637825,0.26
39,sco_kcal,142,0.28467848896980286,0.030038850381970406,0.6028988068210788,0.9353968689462,6.202399730682373,1.621062994003296,0.26136061272931704,0.18
39,sco_kcal,143,0.15651242434978485,0.17247530817985535,0.6237336560652811,0.9812528280708848,37.170654296875,0.8627095222473145,0.023209425245975395,0.14
39,sco_kcal,144,0.1703260838985443,0.03266431763768196,0.5789785780086427,0.929794099475113,6.439968109130859,0.5160456299781799,0.08013170581489505,0.06
39,sco_kcal,145,0.09838245809078217,0.5191945433616638,0.6199314936627336,0.9731819373570982,110.53345489501953,1.5989948511123657,0.014466161874981924,0.12
39,sco_kcal,146,0.33940786123275757,0.031130274757742882,0.6270240097097644,0.9471903626121587,6.802433490753174,1.4181941747665405,0.2084833577122584,0.24
39,sco_kcal,147,0.08822514861822128,0.083245649933815,0.6137718076568985,0.9486813924028563,17.533893585205078,0.3474752604961395,0.019817347402480853,0.04
39,sco_kcal,148,0.08472286909818649,0.07325854152441025,0.6091834804896679,0.935035739328278,15.0869140625,0.4717431962490082,0.03126836901799368,0.02
39,sco_kcal,149,0.24180880188941956,0.049951646476984024,0.6170555728008897,0.9242204386401174,10.595354080200195,1.9288194179534912,0.18204388483419584,0.02
39,sco_kcal,150,0.08863808214664459,0.06296991556882858,0.6199808602204264,0.9719343971515879,13.465238571166992,0.2276386022567749,0.01690564939147945,0.06
39,sco_kcal,151,0.1928410828113556,0.03703192621469498,0.595817628983135,0.920045707080769,7.653476238250732,1.001600742340088,0.13086873352193387,0.06
39,sco_kcal,152,0.29890748858451843,0.029289918020367622,0.6170268994244485,0.935208033192916,6.325601100921631,1.3854877948760986,0.21902863819127563,0.08
39,sco_kcal,153,0.267835408449173,0.041222959756851196,0.6131089692346166,0.9052364759002303,8.820368766784668,2.02146053314209,0.22918095451455628,0.08
39,sco_kcal,154,0.17868779599666595,0.13377803564071655,0.599130574179267,0.9131897921829397,26.409574508666992,3.8604791164398193,0.14617725534248582,0.08
39,sco_kcal,155,0.22502660751342773,0.11240643262863159,0.6209387651242801,0.969688072382437,24.091739654541016,0.9173064231872559,0.03807555769491117,0.16
39,sco_kcal,156,0.22739006578922272,0.0457945354282856,0.621632286755005,0.9404605478410633,9.830998420715332,0.8446236848831177,0.08591433430640917,0.1
39,sco_kcal,157,0.31434166431427,0.048754483461380005,0.6233056257360807,0.9188084991549565,10.447638511657715,2.9171106815338135,0.2792124438722525,0.14
39,sco_kcal,158,0.2602587044239044,0.04000011831521988,0.6223087555699678,0.9470916907830149,8.68174934387207,0.8259387016296387,0.09513505503503387,0.34
39,sco_kcal,159,0.16182616353034973,0.1292354166507721,0.6280486653976789,0.9080095607275365,28.25067138671875,4.139765739440918,0.1465368975757196,0.04
39,sco_kcal,160,0.17539432644844055,0.05469445884227753,0.5973664852211276,0.9034316571743128,10.905054092407227,1.3254941701889038,0.1215486103009608,0.06
39,sco_kcal,161,0.12392664700746536,0.19091437757015228,0.6278053407106461,0.9795961948623126,41.86100387573242,1.2859476804733276,0.030719465885021804,0.06
39,sco_kcal,162,0.47824981808662415,0.04172860458493233,0.6334005227021504,0.96580007364462,9.119311332702637,2.6496999263763428,0.2905592132680338,0.66
39,sco_kcal,163,0.06708591431379318,0.12100309878587723,0.5791145451434483,0.9438876874664879,23.18398666381836,0.5004855990409851,0.02158755550968541,0.06
39,sco_kcal,164,0.17662031948566437,0.03162771835923195,0.6215845929612844,0.9230665498056101,6.834348678588867,0.7396060824394226,0.108218956512493,0.08
39,sco_kcal,165,0.6019847393035889,0.039383891969919205,0.6446174754442486,0.9284640764570014,8.495317459106445,5.084911823272705,0.5985546564621902,0.66
39,sco_kcal,166,0.40734729170799255,0.05268465727567673,0.6278742659756709,0.894836957792938,11.431334495544434,4.9589972496032715,0.43380737844178463,0.16
39,sco_kcal,167,0.1335574835538864,0.11155470460653305,0.5726512481227313,0.9201129612944801,20.899484634399414,1.7765940427780151,0.08500659580159398,0.04
39,sco_kcal,168,0.48634839057922363,0.0386708602309227,0.5961354164304238,0.8927607578804129,7.634731292724609,3.8064675331115723,0.498572560993585,0.24
39,sco_kcal,169,0.12894552946090698,0.08027448505163193,0.5822194872686293,0.9062937360554426,15.51877212524414,1.454718828201294,0.09373929950520543,0.04
39,sco_kcal,170,0.4030086100101471,0.041981376707553864,0.6250218730054873,0.9059332358496728,9.084773063659668,3.5138299465179443,0.38678235789661536,0.2
39,sco_kcal,171,0.16543568670749664,0.03776509314775467,0.6219127451926154,0.9505523809991265,8.174595832824707,0.3065361976623535,0.037498636499124736,0.08
39,sco_kcal,172,0.03283634036779404,0.07960251718759537,0.6245944685994815,0.9596464748984006,17.372371673583984,0.10246767848730087,0.005898312585788778,0.02
39,sco_kcal,173,0.051968712359666824,0.04200167581439018,0.5990280859773269,0.9549461338957728,8.505319595336914,0.11686808615922928,0.013740587270030725,0.04
39,sco_kcal,174,0.036903128027915955,0.022138645872473717,0.6181112218774751,0.9496391609698269,4.744520664215088,0.1605299711227417,0.03383481335290992,0.02
39,sco_kcal,175,0.10363814234733582,0.018831919878721237,0.6226202323062227,0.9744933724339586,4.0954108238220215,0.26890990138053894,0.06566127623054435,0.02
39,sco_kcal,176,0.23065108060836792,0.053942982107400894,0.6240525066150195,0.954130008317863,11.623956680297852,1.3231722116470337,0.11383148165802773,0.12
39,sco_kcal,177,0.28859472274780273,0.025471920147538185,0.6165938324385563,0.9228971281422109,5.450376510620117,1.0414750576019287,0.19108313995787327,0.14
39,sco_kcal,178,0.1354471892118454,0.0442558191716671,0.5974770686367372,0.9188173343532924,8.839495658874512,0.8272734880447388,0.09358831317646366,0.06
39,sco_kcal,179,0.1465550810098648,0.09028591215610504,0.5949794964100648,0.8956066647349461,17.888755798339844,2.482081890106201,0.13875095160819118,0.0
39,sco_kcal,180,0.09318605065345764,0.04614010453224182,0.6203992182124176,0.9634807369924401,9.936848640441895,0.28925493359565735,0.02910932268993423,0.02
39,sco_kcal,181,0.26927879452705383,0.10763897001743317,0.6229835769385763,0.9700070387216146,23.27849578857422,1.032358169555664,0.04434814770387253,0.32
39,sco_kcal,182,0.05278754234313965,0.1411173790693283,0.6282619534384912,0.9275538645107542,30.890750885009766,1.0169401168823242,0.032920537304770105,0.04
39,sco_kcal,183,0.31779715418815613,0.11504868417978287,0.6177611060342352,0.8989174001785614,24.51580238342285,7.689798831939697,0.3136670263396886,0.16
39,sco_kcal,184,0.09571583569049835,0.032286420464515686,0.6181996195114416,0.9448948363218437,6.911060333251953,0.4983551800251007,0.07210980023243452,0.02
39,sco_kcal,185,0.3292696177959442,0.04251818731427193,0.5846200900805891,0.8937762162781282,8.318638801574707,2.6279003620147705,0.31590509273191575,0.12
39,sco_kcal,186,0.4074473977088928,0.19084297120571136,0.6341151156398286,0.9846355115767065,43.05919647216797,1.7654776573181152,0.04100117517193479,0.34
39,sco_kcal,187,0.426540732383728,0.03519616276025772,0.6117886416166689,0.9410300295003029,7.21878719329834,3.0339183807373047,0.42028090030883364,0.42
39,sco_kcal,188,0.16255150735378265,0.161521777510643,0.6145471731075536,0.9556554641089263,33.799827575683594,1.0965112447738647,0.03244132658128473,0.2
39,sco_kcal,189,0.15346172451972961,0.017295056954026222,0.6002763701398872,0.9511118388422062,3.5851714611053467,0.11526066064834595,0.03214927428123894,0.12
39,sco_kcal,190,0.4102136194705963,0.044963590800762177,0.6045769639889811,0.9091223405320283,9.077434539794922,3.6921091079711914,0.40673486454627783,0.28
39,sco_kcal,191,0.1740994155406952,0.12314269691705704,0.6199873257668147,0.9757029199664302,26.277385711669922,0.3564598262310028,0.013565269777681771,0.12
39,sco_kcal,192,0.07365132868289948,0.03402850031852722,0.6106132875440702,0.961955788732759,7.124943733215332,0.08359428495168686,0.011732623874906388,0.02
39,sco_kcal,193,0.19559459388256073,0.10228301584720612,0.5810198707135867,0.8950095665590361,19.736072540283203,4.103655815124512,0.2079266686291591,0.06
39,sco_kcal,194,0.43916091322898865,0.02408882975578308,0.6282587858637909,0.9192909474671733,5.189138412475586,2.199042797088623,0.423778019064156,0.24
39,sco_kcal,195,0.2576260566711426,0.032070551067590714,0.6220512895112589,0.9358833950161243,6.998977184295654,1.3359543085098267,0.19087850600619882,0.04
39,sco_kcal,196,0.28339913487434387,0.03380698710680008,0.6078847140725068,0.9101700120569971,7.0449700355529785,1.59817373752594,0.22685316324422025,0.06
39,sco_kcal,197,0.23707707226276398,0.06952615082263947,0.612943324352631,0.8902026974823134,14.567495346069336,3.153201103210449,0.21645458112751412,0.06
39,sco_kcal,198,0.08024799078702927,0.025969956070184708,0.6215549811822241,0.9671631342146187,5.628139019012451,0.19607068598270416,0.03483756981132779,0.02
39,sco_kcal,199,0.1804083287715912,0.14550264179706573,0.620504657601664,0.9757359532323855,31.068634033203125,0.538188099861145,0.017322554293374537,0.24
39,sco_kcal,200,0.026642464101314545,0.17496179044246674,0.6281147477330207,0.9487574444131313,38.030296325683594,0.15073595941066742,0.003963575727093889,0.0
39,sco_kcal,201,0.18054217100143433,0.20310229063034058,0.6208714715594108,0.9812583343844956,43.52693176269531,0.929578423500061,0.02135639673772629,0.24
39,sco_kcal,202,0.25031334161758423,0.049854159355163574,0.6248353795983379,0.9655869498017542,10.776596069335938,1.5027793645858765,0.13944842647131703,0.16
39,sco_kcal,203,0.056931160390377045,0.12798823416233063,0.5923344797391756,0.9265444907359608,24.795759201049805,0.7818841934204102,0.031532980582716204,0.0
39,sco_kcal,204,0.04373900964856148,0.16257356107234955,0.6051278693182467,0.9323739321742246,33.388893127441406,0.4794059693813324,0.014358246844287327,0.02
39,sco_kcal,205,0.09301147609949112,0.03749300166964531,0.5923006768968715,0.9495541568034229,7.422471523284912,0.20365504920482635,0.027437632945568533,0.04
39,sco_kcal,206,0.26806914806365967,0.02545292116701603,0.610122877286442,0.9333133634582405,5.457661151885986,1.2644654512405396,0.23168632424231436,0.04
39,sco_kcal,207,0.10474790632724762,0.2972273826599121,0.6182679809967824,0.9181227344952803,63.445213317871094,2.131160259246826,0.033590560229805805,0.06
39,sco_kcal,208,0.5383203029632568,0.10423269122838974,0.6572005137202244,0.9854962414504234,26.368253707885742,0.9454299807548523,0.03585485755820493,0.54
39,sco_kcal,209,0.38936474919319153,0.06330560892820358,0.6089170714835894,0.8939000524496028,13.136556625366211,4.918066501617432,0.3743801851484296,0.22
39,sco_kcal,210,0.2245083451271057,0.04213741794228554,0.6104647258609586,0.9159694370852558,8.907503128051758,1.7021926641464233,0.19109649917335764,0.02
39,sco_kcal,211,0.1253747045993805,0.15114597976207733,0.619880116456188,0.9767137923896949,32.26054000854492,0.4532093107700348,0.014048410555123758,0.14
39,sco_kcal,212,0.12043379247188568,0.03734979405999184,0.6216694556802385,0.9563783770388521,8.055234909057617,0.12962865829467773,0.016092473994634007,0.04
39,sco_kcal,213,0.21038420498371124,0.038630131632089615,0.6232458064527397,0.9520212260247078,8.336409568786621,0.9090314507484436,0.1090435208644331,0.08
39,sco_kcal,214,0.10474979877471924,0.17106029391288757,0.6204255130771454,0.9766425179535303,36.56291961669922,0.9516999125480652,0.026029100589478077,0.1
39,sco_kcal,215,0.29364603757858276,0.05001429468393326,0.5940387525958126,0.9214528458912525,10.054892539978027,1.7864868640899658,0.17767339203148458,0.16
39,sco_kcal,216,0.1486683487892151,0.049086496233940125,0.6221634266904104,0.9682288287618495,10.585332870483398,0.20937322080135345,0.019779559449205307,0.12
39,sco_kcal,217,0.8244656324386597,0.028612609952688217,0.661381635596449,0.9014928214242073,6.217896461486816,8.148292541503906,1.3104580611745176,0.7
39,sco_kcal,218,0.18856903910636902,0.12270498275756836,0.5951295666383611,0.8832447174590716,24.489471435546875,3.6123158931732178,0.14750485336853295,0.04
39,sco_kcal,219,0.24718165397644043,0.023012829944491386,0.6239955253321383,0.92430082575724,5.021504878997803,1.0839815139770508,0.2158678603521327,0.08
39,sco_kcal,220,0.17096708714962006,0.039033252745866776,0.5924687363501782,0.9399854505942631,7.684879302978516,0.8510750532150269,0.11074670397037545,0.18
39,sco_kcal,221,0.9347583651542664,0.008392169140279293,0.7314379582748223,0.8912674213702443,2.236107349395752,4.431188106536865,1.9816526732199484,0.9
39,sco_kcal,222,0.23989585041999817,0.034864962100982666,0.5850841221302789,0.9138582903265988,6.874788761138916,1.2566825151443481,0.1827958005412459,0.06
39,sco_kcal,223,0.28613248467445374,0.08615518361330032,0.6141916585634482,0.8929436660399093,18.328386306762695,5.0594329833984375,0.27604355881192,0.1
39,sco_kcal,224,0.7508215308189392,0.016135146841406822,0.6693859444143131,0.9089944613990752,3.5483248233795166,3.7225639820098877,1.0491046246618485,0.54
39,sco_kcal,225,0.36793413758277893,0.07859083265066147,0.6033238218672987,0.8844340182146928,16.290769577026367,5.413920879364014,0.3323305785994822,0.18
39,sco_kcal,226,0.17694738507270813,0.11948283016681671,0.6054496117565924,0.8935281650730944,24.504398345947266,4.774318695068359,0.19483517316628893,0.0
39,sco_kcal,227,0.07517533004283905,0.0356476716697216,0.5982996867651424,0.9542596889348094,7.17960786819458,0.09360602498054504,0.013037762883292912,0.02
39,sco_kcal,228,0.03321857750415802,0.062301915138959885,0.6205794699003333,0.9546401903094406,13.368321418762207,0.10856715589761734,0.008121225731844331,0.02
39,sco_kcal,229,0.19909825921058655,0.04787442460656166,0.6155539319426879,0.9181933441212451,10.197087287902832,1.5402860641479492,0.1510515719498886,0.08
39,sco_kcal,230,0.05714705213904381,0.021147839725017548,0.6213707243298128,0.9547131937203535,4.572608947753906,0.19806839525699615,0.04331627688265111,0.02
39,sco_kcal,231,0.2163509577512741,0.03971051052212715,0.6259676324995191,0.9692354942706609,8.703323364257812,0.4452347457408905,0.051156865843839466,0.14
39,sco_kcal,232,0.19735798239707947,0.03842374309897423,0.6220242797839537,0.9420902241823876,8.270082473754883,0.5185639262199402,0.0627035979224637,0.16
39,sco_kcal,233,0.24792194366455078,0.03977201506495476,0.6127558153837163,0.9262758565777038,8.313094139099121,1.582123875617981,0.19031708881735743,0.08
39,sco_kcal,234,0.8374767899513245,0.03137138485908508,0.6755836340931178,0.9123611552265634,6.831724166870117,9.593144416809082,1.4042054659247287,0.86
39,sco_kcal,235,0.2394580841064453,0.07824219763278961,0.6249215078620574,0.888366951994435,17.225479125976562,4.080090522766113,0.23686368854688106,0.04
39,sco_kcal,236,0.07229023426771164,0.04770206660032272,0.617091725393895,0.9420092729728522,10.129783630371094,0.1600109040737152,0.015796083106254202,0.02
39,sco_kcal,237,0.20529739558696747,0.08591986447572708,0.5786644321780972,0.8864712975210665,16.512683868408203,3.186203718185425,0.192954927471313,0.02
39,sco_kcal,238,0.03655242919921875,0.1436515748500824,0.6054108455313112,0.9527683473227908,29.245290756225586,0.08973576128482819,0.003068383283750588,0.0
39,sco_kcal,239,0.5414856672286987,0.04107142984867096,0.6368251103440605,0.8965235439693202,8.90058708190918,4.48962926864624,0.5044194531585003,0.38
39,sco_kcal,240,0.26978597044944763,0.037058357149362564,0.6240208695077936,0.9308625554186434,7.963809967041016,1.6639981269836426,0.2089449815942692,0.12
39,sco_kcal,241,0.1729290634393692,0.06581170856952667,0.5982572886835225,0.9128590021623553,13.296799659729004,1.5136395692825317,0.1138348781674718,0.04
39,sco_kcal,242,0.37832939624786377,0.74482661485672,0.6346576935532602,0.9878633349507948,166.91334533691406,4.103469371795654,0.024584429504500162,0.3
39,sco_kcal,243,0.16250921785831451,0.05395672097802162,0.6227096260024036,0.9600799655162238,11.626612663269043,0.5376216769218445,0.04624061130206104,0.08
39,sco_kcal,244,0.07737674564123154,0.053995925933122635,0.6074716102997406,0.945407122598823,11.209378242492676,0.20106618106365204,0.017937317905951947,0.04
39,sco_kcal,245,0.21716636419296265,0.12332209199666977,0.614282013647991,0.8987467613500246,25.699007034301758,4.75439977645874,0.18500324818436772,0.12
39,sco_kcal,246,0.5048695206642151,0.03332095593214035,0.6298044146233739,0.8926993324768271,7.2376813888549805,3.717510938644409,0.5136328526935239,0.26
39,sco_kcal,247,0.15040451288223267,0.13275396823883057,0.6057869419313116,0.8881171308746767,27.395475387573242,3.1726624965667725,0.1158097259376602,0.06
39,sco_kcal,248,0.0822741761803627,0.034203555434942245,0.6061249283567987,0.9575753613911371,7.102239608764648,0.06499504297971725,0.009151344725051086,0.04
39,sco_kcal,249,0.2804892361164093,0.05601714923977852,0.6070328877110265,0.894904884758182,11.516727447509766,3.254983901977539,0.282630974537941,0.04
39,water_gsolv_eV,0,1.0,0.0,0.6280355552177457,0.6280355552177457,,,,1.0
39,water_gsolv_eV,1,1.0,0.0,0.6280355552177457,0.6280355552177457,,,,1.0
39,water_gsolv_eV,2,1.0,0.0,0.6280355552177457,0.6280355552177457,,,,1.0
39,water_gsolv_eV,3,1.0,0.0,0.6280355552177457,0.6280355552177457,,,,1.0
39,water_gsolv_eV,4,1.0,0.0,0.6280355552177457,0.6280355552177457,,,,1.0
39,water_gsolv_eV,5,1.0,0.0,0.6280355552177457,0.6280355552177457,,,,1.0
39,water_gsolv_eV,6,1.0,0.0,0.6280355552177457,0.6280355552177457,,,,1.0
39,water_gsolv_eV,7,1.0,0.0,0.6280355552177457,0.6280355552177457,,,,1.0
39,water_gsolv_eV,8,1.0,0.0,0.6280355552177457,0.6280355552177457,,,,1.0
39,water_gsolv_eV,9,1.0,0.0,0.6280355552177457,0.6280355552177457,,,,1.0
39,water_gsolv_eV,10,1.0,0.0,0.6280355552177457,0.6280355552177457,,,,1.0
39,water_gsolv_eV,11,1.0,0.0,0.6280355552177457,0.6280355552177457,,,,1.0
39,water_gsolv_eV,12,1.0,0.0,0.6280355552177457,0.6280355552177457,,,,1.0
39,water_gsolv_eV,13,1.0,0.0,0.6280355552177457,0.6280355552177457,,,,1.0
39,water_gsolv_eV,14,1.0,0.0,0.6280355552177457,0.6280355552177457,,,,1.0
39,water_gsolv_eV,15,1.0,0.0,0.6280355552177457,0.6280355552177457,,,,1.0
39,water_gsolv_eV,16,1.0,0.0,0.6280355552177457,0.6280355552177457,,,,1.0
39,water_gsolv_eV,17,1.0,0.0,0.6280355552177457,0.6280355552177457,,,,1.0
39,water_gsolv_eV,18,1.0,0.0,0.6280355552177457,0.6280355552177457,,,,1.0
39,water_gsolv_eV,19,1.0,0.0,0.6280355552177457,0.6280355552177457,,,,1.0
39,water_gsolv_eV,20,1.0,0.0,0.6280355552177457,0.6280355552177457,,,,1.0
39,water_gsolv_eV,21,1.0,0.0,0.6280355552177457,0.6280355552177457,,,,1.0
39,water_gsolv_eV,22,1.0,0.0,0.6280355552177457,0.6280355552177457,,,,1.0
39,water_gsolv_eV,23,1.0,0.0,0.6280355552177457,0.6280355552177457,,,,1.0
39,water_gsolv_eV,24,1.0,0.0,0.6280355552177457,0.6280355552177457,,,,1.0
39,water_gsolv_eV,25,1.0,0.0,0.6280355552177457,0.6280355552177457,,,,1.0
39,water_gsolv_eV,26,1.0,0.0,0.6280355552177457,0.6280355552177457,,,,1.0
39,water_gsolv_eV,27,1.0,0.0,0.6280355552177457,0.6280355552177457,,,,1.0
39,water_gsolv_eV,28,1.0,0.0,0.6280355552177457,0.6280355552177457,,,,1.0
39,water_gsolv_eV,29,1.0,0.0,0.6280355552177457,0.6280355552177457,,,,1.0
39,water_gsolv_eV,30,1.0,0.0,0.6280355552177457,0.6280355552177457,,,,1.0
39,water_gsolv_eV,31,1.0,0.0,0.6280355552177457,0.6280355552177457,,,,1.0
39,water_gsolv_eV,32,1.0,0.0,0.6280355552177457,0.6280355552177457,,,,1.0
39,water_gsolv_eV,33,1.0,0.0,0.6280355552177457,0.6280355552177457,,,,1.0
39,water_gsolv_eV,34,1.0,0.0,0.6280355552177457,0.6280355552177457,,,,1.0
39,water_gsolv_eV,35,1.0,0.0,0.6280355552177457,0.6280355552177457,,,,1.0
39,water_gsolv_eV,36,1.0,0.0,0.6280355552177457,0.6280355552177457,,,,1.0
39,water_gsolv_eV,37,1.0,0.0,0.6280355552177457,0.6280355552177457,,,,1.0
39,water_gsolv_eV,38,1.0,0.0,0.6280355552177457,0.6280355552177457,,,,1.0
39,water_gsolv_eV,39,1.0,0.0,0.6280355552177457,0.6280355552177457,,,,1.0
39,water_gsolv_eV,40,1.0,0.0,0.6280355552177457,0.6280355552177457,,,,1.0
39,water_gsolv_eV,41,1.0,0.0,0.6280355552177457,0.6280355552177457,,,,1.0
39,water_gsolv_eV,42,1.0,0.0,0.6280355552177457,0.6280355552177457,,,,1.0
39,water_gsolv_eV,43,1.0,0.0,0.6280355552177457,0.6280355552177457,,,,1.0
39,water_gsolv_eV,44,1.0,0.0,0.6280355552177457,0.6280355552177457,,,,1.0
39,water_gsolv_eV,45,1.0,0.0,0.6280355552177457,0.6280355552177457,,,,1.0
39,water_gsolv_eV,46,1.0,0.0,0.6280355552177457,0.6280355552177457,,,,1.0
39,water_gsolv_eV,47,1.0,0.0,0.6280355552177457,0.6280355552177457,,,,1.0
39,water_gsolv_eV,48,1.0,0.0,0.6280355552177457,0.6280355552177457,,,,1.0
39,water_gsolv_eV,49,1.0,0.0,0.6280355552177457,0.6280355552177457,,,,1.0
39,water_gsolv_eV,50,1.0,0.0,0.6280355552177457,0.6280355552177457,,,,1.0
39,water_gsolv_eV,51,1.0,0.0,0.6280355552177457,0.6280355552177457,,,,1.0
39,water_gsolv_eV,52,1.0,0.0,0.6280355552177457,0.6280355552177457,,,,1.0
39,water_gsolv_eV,53,1.0,0.0,0.6280355552177457,0.6280355552177457,,,,1.0
39,water_gsolv_eV,54,1.0,0.0,0.6280355552177457,0.6280355552177457,,,,1.0
39,water_gsolv_eV,55,1.0,0.0,0.6280355552177457,0.6280355552177457,,,,1.0
39,water_gsolv_eV,56,1.0,0.0,0.6280355552177457,0.6280355552177457,,,,1.0
39,water_gsolv_eV,57,1.0,0.0,0.6280355552177457,0.6280355552177457,,,,1.0
39,water_gsolv_eV,58,1.0,0.0,0.6280355552177457,0.6280355552177457,,,,1.0
39,water_gsolv_eV,59,1.0,0.0,0.6280355552177457,0.6280355552177457,,,,1.0
39,water_gsolv_eV,60,1.0,0.0,0.6280355552177457,0.6280355552177457,,,,1.0
39,water_gsolv_eV,61,1.0,0.0,0.6280355552177457,0.6280355552177457,,,,1.0
39,water_gsolv_eV,62,1.0,0.0,0.6280355552177457,0.6280355552177457,,,,1.0
39,water_gsolv_eV,63,1.0,0.0,0.6280355552177457,0.6280355552177457,,,,1.0
39,water_gsolv_eV,64,1.0,0.0,0.6280355552177457,0.6280355552177457,,,,1.0
39,water_gsolv_eV,65,1.0,0.0,0.6280355552177457,0.6280355552177457,,,,1.0
39,water_gsolv_eV,66,1.0,0.0,0.6280355552177457,0.6280355552177457,,,,1.0
39,water_gsolv_eV,67,1.0,0.0,0.6280355552177457,0.6280355552177457,,,,1.0
39,water_gsolv_eV,68,1.0,0.0,0.6280355552177457,0.6280355552177457,,,,1.0
39,water_gsolv_eV,69,1.0,0.0,0.6280355552177457,0.6280355552177457,,,,1.0
39,water_gsolv_eV,70,1.0,0.0,0.6280355552177457,0.6280355552177457,,,,1.0
39,water_gsolv_eV,71,1.0,0.0,0.6280355552177457,0.6280355552177457,,,,1.0
39,water_gsolv_eV,72,1.0,0.0,0.6280355552177457,0.6280355552177457,,,,1.0
39,water_gsolv_eV,73,1.0,0.0,0.6280355552177457,0.6280355552177457,,,,1.0
39,water_gsolv_eV,74,1.0,0.0,0.6280355552177457,0.6280355552177457,,,,1.0
39,water_gsolv_eV,75,1.0,0.0,0.6280355552177457,0.6280355552177457,,,,1.0
39,water_gsolv_eV,76,1.0,0.0,0.6280355552177457,0.6280355552177457,,,,1.0
39,water_gsolv_eV,77,1.0,0.0,0.6280355552177457,0.6280355552177457,,,,1.0
39,water_gsolv_eV,78,1.0,0.0,0.6280355552177457,0.6280355552177457,,,,1.0
39,water_gsolv_eV,79,1.0,0.0,0.6280355552177457,0.6280355552177457,,,,1.0
39,water_gsolv_eV,80,1.0,0.0,0.6280355552177457,0.6280355552177457,,,,1.0
39,water_gsolv_eV,81,1.0,0.0,0.6280355552177457,0.6280355552177457,,,,1.0
39,water_gsolv_eV,82,1.0,0.0,0.6280355552177457,0.6280355552177457,,,,1.0
39,water_gsolv_eV,83,1.0,0.0,0.6280355552177457,0.6280355552177457,,,,1.0
39,water_gsolv_eV,84,1.0,0.0,0.6280355552177457,0.6280355552177457,,,,1.0
39,water_gsolv_eV,85,1.0,0.0,0.6280355552177457,0.6280355552177457,,,,1.0
39,water_gsolv_eV,86,1.0,0.0,0.6280355552177457,0.6280355552177457,,,,1.0
39,water_gsolv_eV,87,1.0,0.0,0.6280355552177457,0.6280355552177457,,,,1.0
39,water_gsolv_eV,88,1.0,0.0,0.6280355552177457,0.6280355552177457,,,,1.0
39,water_gsolv_eV,89,1.0,0.0,0.6280355552177457,0.6280355552177457,,,,1.0
39,water_gsolv_eV,90,1.0,0.0,0.6280355552177457,0.6280355552177457,,,,1.0
39,water_gsolv_eV,91,1.0,0.0,0.6280355552177457,0.6280355552177457,,,,1.0
39,water_gsolv_eV,92,1.0,0.0,0.6280355552177457,0.6280355552177457,,,,1.0
39,water_gsolv_eV,93,1.0,0.0,0.6280355552177457,0.6280355552177457,,,,1.0
39,water_gsolv_eV,94,1.0,0.0,0.6280355552177457,0.6280355552177457,,,,1.0
39,water_gsolv_eV,95,1.0,0.0,0.6280355552177457,0.6280355552177457,,,,1.0
39,water_gsolv_eV,96,1.0,0.0,0.6280355552177457,0.6280355552177457,,,,1.0
39,water_gsolv_eV,97,1.0,0.0,0.6280355552177457,0.6280355552177457,,,,1.0
39,water_gsolv_eV,98,1.0,0.0,0.6280355552177457,0.6280355552177457,,,,1.0
39,water_gsolv_eV,99,1.0,0.0,0.6280355552177457,0.6280355552177457,,,,1.0
39,water_gsolv_eV,100,1.0,0.0,0.6280355552177457,0.6280355552177457,,,,1.0
39,water_gsolv_eV,101,1.0,0.0,0.6280355552177457,0.6280355552177457,,,,1.0
39,water_gsolv_eV,102,1.0,0.0,0.6280355552177457,0.6280355552177457,,,,1.0
39,water_gsolv_eV,103,1.0,0.0,0.6280355552177457,0.6280355552177457,,,,1.0
39,water_gsolv_eV,104,1.0,0.0,0.6280355552177457,0.6280355552177457,,,,1.0
39,water_gsolv_eV,105,1.0,0.0,0.6280355552177457,0.6280355552177457,,,,1.0
39,water_gsolv_eV,106,1.0,0.0,0.6280355552177457,0.6280355552177457,,,,1.0
39,water_gsolv_eV,107,1.0,0.0,0.6280355552177457,0.6280355552177457,,,,1.0
39,water_gsolv_eV,108,1.0,0.0,0.6280355552177457,0.6280355552177457,,,,1.0
39,water_gsolv_eV,109,1.0,0.0,0.6280355552177457,0.6280355552177457,,,,1.0
39,water_gsolv_eV,110,1.0,0.0,0.6280355552177457,0.6280355552177457,,,,1.0
39,water_gsolv_eV,111,1.0,0.0,0.6280355552177457,0.6280355552177457,,,,1.0
39,water_gsolv_eV,112,1.0,0.0,0.6280355552177457,0.6280355552177457,,,,1.0
39,water_gsolv_eV,113,1.0,0.0,0.6280355552177457,0.6280355552177457,,,,1.0
39,water_gsolv_eV,114,1.0,0.0,0.6280355552177457,0.6280355552177457,,,,1.0
39,water_gsolv_eV,115,1.0,0.0,0.6280355552177457,0.6280355552177457,,,,1.0
39,water_gsolv_eV,116,1.0,0.0,0.6280355552177457,0.6280355552177457,,,,1.0
39,water_gsolv_eV,117,1.0,0.0,0.6280355552177457,0.6280355552177457,,,,1.0
39,water_gsolv_eV,118,1.0,0.0,0.6280355552177457,0.6280355552177457,,,,1.0
39,water_gsolv_eV,119,1.0,0.0,0.6280355552177457,0.6280355552177457,,,,1.0
39,water_gsolv_eV,120,1.0,0.0,0.6280355552177457,0.6280355552177457,,,,1.0
39,water_gsolv_eV,121,1.0,0.0,0.6280355552177457,0.6280355552177457,,,,1.0
39,water_gsolv_eV,122,1.0,0.0,0.6280355552177457,0.6280355552177457,,,,1.0
39,water_gsolv_eV,123,1.0,0.0,0.6280355552177457,0.6280355552177457,,,,1.0
39,water_gsolv_eV,124,1.0,0.0,0.6280355552177457,0.6280355552177457,,,,1.0
39,water_gsolv_eV,125,1.0,0.0,0.6280355552177457,0.6280355552177457,,,,1.0
39,water_gsolv_eV,126,1.0,0.0,0.6280355552177457,0.6280355552177457,,,,1.0
39,water_gsolv_eV,127,1.0,0.0,0.6280355552177457,0.6280355552177457,,,,1.0
39,water_gsolv_eV,128,1.0,0.0,0.6280355552177457,0.6280355552177457,,,,1.0
39,water_gsolv_eV,129,1.0,0.0,0.6280355552177457,0.6280355552177457,,,,1.0
39,water_gsolv_eV,130,1.0,0.0,0.6280355552177457,0.6280355552177457,,,,1.0
39,water_gsolv_eV,131,1.0,0.0,0.6280355552177457,0.6280355552177457,,,,1.0
39,water_gsolv_eV,132,1.0,0.0,0.6280355552177457,0.6280355552177457,,,,1.0
39,water_gsolv_eV,133,1.0,0.0,0.6280355552177457,0.6280355552177457,,,,1.0
39,water_gsolv_eV,134,1.0,0.0,0.6280355552177457,0.6280355552177457,,,,1.0
39,water_gsolv_eV,135,1.0,0.0,0.6280355552177457,0.6280355552177457,,,,1.0
39,water_gsolv_eV,136,1.0,0.0,0.6280355552177457,0.6280355552177457,,,,1.0
39,water_gsolv_eV,137,1.0,0.0,0.6280355552177457,0.6280355552177457,,,,1.0
39,water_gsolv_eV,138,1.0,0.0,0.6280355552177457,0.6280355552177457,,,,1.0
39,water_gsolv_eV,139,1.0,0.0,0.6280355552177457,0.6280355552177457,,,,1.0
39,water_gsolv_eV,140,1.0,0.0,0.6280355552177457,0.6280355552177457,,,,1.0
39,water_gsolv_eV,141,1.0,0.0,0.6280355552177457,0.6280355552177457,,,,1.0
39,water_gsolv_eV,142,1.0,0.0,0.6280355552177457,0.6280355552177457,,,,1.0
39,water_gsolv_eV,143,1.0,0.0,0.6280355552177457,0.6280355552177457,,,,1.0
39,water_gsolv_eV,144,1.0,0.0,0.6280355552177457,0.6280355552177457,,,,1.0
39,water_gsolv_eV,145,1.0,0.0,0.6280355552177457,0.6280355552177457,,,,1.0
39,water_gsolv_eV,146,1.0,0.0,0.6280355552177457,0.6280355552177457,,,,1.0
39,water_gsolv_eV,147,1.0,0.0,0.6280355552177457,0.6280355552177457,,,,1.0
39,water_gsolv_eV,148,1.0,0.0,0.6280355552177457,0.6280355552177457,,,,1.0
39,water_gsolv_eV,149,1.0,0.0,0.6280355552177457,0.6280355552177457,,,,1.0
39,water_gsolv_eV,150,1.0,0.0,0.6280355552177457,0.6280355552177457,,,,1.0
39,water_gsolv_eV,151,1.0,0.0,0.6280355552177457,0.6280355552177457,,,,1.0
39,water_gsolv_eV,152,1.0,0.0,0.6280355552177457,0.6280355552177457,,,,1.0
39,water_gsolv_eV,153,1.0,0.0,0.6280355552177457,0.6280355552177457,,,,1.0
39,water_gsolv_eV,154,1.0,0.0,0.6280355552177457,0.6280355552177457,,,,1.0
39,water_gsolv_eV,155,1.0,0.0,0.6280355552177457,0.6280355552177457,,,,1.0
39,water_gsolv_eV,156,1.0,0.0,0.6280355552177457,0.6280355552177457,,,,1.0
39,water_gsolv_eV,157,1.0,0.0,0.6280355552177457,0.6280355552177457,,,,1.0
39,water_gsolv_eV,158,1.0,0.0,0.6280355552177457,0.6280355552177457,,,,1.0
39,water_gsolv_eV,159,1.0,0.0,0.6280355552177457,0.6280355552177457,,,,1.0
39,water_gsolv_eV,160,1.0,0.0,0.6280355552177457,0.6280355552177457,,,,1.0
39,water_gsolv_eV,161,1.0,0.0,0.6280355552177457,0.6280355552177457,,,,1.0
39,water_gsolv_eV,162,1.0,0.0,0.6280355552177457,0.6280355552177457,,,,1.0
39,water_gsolv_eV,163,1.0,0.0,0.6280355552177457,0.6280355552177457,,,,1.0
39,water_gsolv_eV,164,1.0,0.0,0.6280355552177457,0.6280355552177457,,,,1.0
39,water_gsolv_eV,165,1.0,0.0,0.6280355552177457,0.6280355552177457,,,,1.0
39,water_gsolv_eV,166,1.0,0.0,0.6280355552177457,0.6280355552177457,,,,1.0
39,water_gsolv_eV,167,1.0,0.0,0.6280355552177457,0.6280355552177457,,,,1.0
39,water_gsolv_eV,168,1.0,0.0,0.6280355552177457,0.6280355552177457,,,,1.0
39,water_gsolv_eV,169,1.0,0.0,0.6280355552177457,0.6280355552177457,,,,1.0
39,water_gsolv_eV,170,1.0,0.0,0.6280355552177457,0.6280355552177457,,,,1.0
39,water_gsolv_eV,171,1.0,0.0,0.6280355552177457,0.6280355552177457,,,,1.0
39,water_gsolv_eV,172,1.0,0.0,0.6280355552177457,0.6280355552177457,,,,1.0
39,water_gsolv_eV,173,1.0,0.0,0.6280355552177457,0.6280355552177457,,,,1.0
39,water_gsolv_eV,174,1.0,0.0,0.6280355552177457,0.6280355552177457,,,,1.0
39,water_gsolv_eV,175,1.0,0.0,0.6280355552177457,0.6280355552177457,,,,1.0
39,water_gsolv_eV,176,1.0,0.0,0.6280355552177457,0.6280355552177457,,,,1.0
39,water_gsolv_eV,177,1.0,0.0,0.6280355552177457,0.6280355552177457,,,,1.0
39,water_gsolv_eV,178,1.0,0.0,0.6280355552177457,0.6280355552177457,,,,1.0
39,water_gsolv_eV,179,1.0,0.0,0.6280355552177457,0.6280355552177457,,,,1.0
39,water_gsolv_eV,180,1.0,0.0,0.6280355552177457,0.6280355552177457,,,,1.0
39,water_gsolv_eV,181,1.0,0.0,0.6280355552177457,0.6280355552177457,,,,1.0
39,water_gsolv_eV,182,1.0,0.0,0.6280355552177457,0.6280355552177457,,,,1.0
39,water_gsolv_eV,183,1.0,0.0,0.6280355552177457,0.6280355552177457,,,,1.0
39,water_gsolv_eV,184,1.0,0.0,0.6280355552177457,0.6280355552177457,,,,1.0
39,water_gsolv_eV,185,1.0,0.0,0.6280355552177457,0.6280355552177457,,,,1.0
39,water_gsolv_eV,186,1.0,0.0,0.6280355552177457,0.6280355552177457,,,,1.0
39,water_gsolv_eV,187,1.0,0.0,0.6280355552177457,0.6280355552177457,,,,1.0
39,water_gsolv_eV,188,1.0,0.0,0.6280355552177457,0.6280355552177457,,,,1.0
39,water_gsolv_eV,189,1.0,0.0,0.6280355552177457,0.6280355552177457,,,,1.0
39,water_gsolv_eV,190,1.0,0.0,0.6280355552177457,0.6280355552177457,,,,1.0
39,water_gsolv_eV,191,1.0,0.0,0.6280355552177457,0.6280355552177457,,,,1.0
39,water_gsolv_eV,192,1.0,0.0,0.6280355552177457,0.6280355552177457,,,,1.0
39,water_gsolv_eV,193,1.0,0.0,0.6280355552177457,0.6280355552177457,,,,1.0
39,water_gsolv_eV,194,1.0,0.0,0.6280355552177457,0.6280355552177457,,,,1.0
39,water_gsolv_eV,195,1.0,0.0,0.6280355552177457,0.6280355552177457,,,,1.0
39,water_gsolv_eV,196,1.0,0.0,0.6280355552177457,0.6280355552177457,,,,1.0
39,water_gsolv_eV,197,1.0,0.0,0.6280355552177457,0.6280355552177457,,,,1.0
39,water_gsolv_eV,198,1.0,0.0,0.6280355552177457,0.6280355552177457,,,,1.0
39,water_gsolv_eV,199,1.0,0.0,0.6280355552177457,0.6280355552177457,,,,1.0
39,water_gsolv_eV,200,1.0,0.0,0.6280355552177457,0.6280355552177457,,,,1.0
39,water_gsolv_eV,201,1.0,0.0,0.6280355552177457,0.6280355552177457,,,,1.0
39,water_gsolv_eV,202,1.0,0.0,0.6280355552177457,0.6280355552177457,,,,1.0
39,water_gsolv_eV,203,1.0,0.0,0.6280355552177457,0.6280355552177457,,,,1.0
39,water_gsolv_eV,204,1.0,0.0,0.6280355552177457,0.6280355552177457,,,,1.0
39,water_gsolv_eV,205,1.0,0.0,0.6280355552177457,0.6280355552177457,,,,1.0
39,water_gsolv_eV,206,1.0,0.0,0.6280355552177457,0.6280355552177457,,,,1.0
39,water_gsolv_eV,207,1.0,0.0,0.6280355552177457,0.6280355552177457,,,,1.0
39,water_gsolv_eV,208,1.0,0.0,0.6280355552177457,0.6280355552177457,,,,1.0
39,water_gsolv_eV,209,1.0,0.0,0.6280355552177457,0.6280355552177457,,,,1.0
39,water_gsolv_eV,210,1.0,0.0,0.6280355552177457,0.6280355552177457,,,,1.0
39,water_gsolv_eV,211,1.0,0.0,0.6280355552177457,0.6280355552177457,,,,1.0
39,water_gsolv_eV,212,1.0,0.0,0.6280355552177457,0.6280355552177457,,,,1.0
39,water_gsolv_eV,213,1.0,0.0,0.6280355552177457,0.6280355552177457,,,,1.0
39,water_gsolv_eV,214,1.0,0.0,0.6280355552177457,0.6280355552177457,,,,1.0
39,water_gsolv_eV,215,1.0,0.0,0.6280355552177457,0.6280355552177457,,,,1.0
39,water_gsolv_eV,216,1.0,0.0,0.6280355552177457,0.6280355552177457,,,,1.0
39,water_gsolv_eV,217,1.0,0.0,0.6280355552177457,0.6280355552177457,,,,1.0
39,water_gsolv_eV,218,1.0,0.0,0.6280355552177457,0.6280355552177457,,,,1.0
39,water_gsolv_eV,219,1.0,0.0,0.6280355552177457,0.6280355552177457,,,,1.0
39,water_gsolv_eV,220,1.0,0.0,0.6280355552177457,0.6280355552177457,,,,1.0
39,water_gsolv_eV,221,1.0,0.0,0.6280355552177457,0.6280355552177457,,,,1.0
39,water_gsolv_eV,222,1.0,0.0,0.6280355552177457,0.6280355552177457,,,,1.0
39,water_gsolv_eV,223,1.0,0.0,0.6280355552177457,0.6280355552177457,,,,1.0
39,water_gsolv_eV,224,1.0,0.0,0.6280355552177457,0.6280355552177457,,,,1.0
39,water_gsolv_eV,225,1.0,0.0,0.6280355552177457,0.6280355552177457,,,,1.0
39,water_gsolv_eV,226,1.0,0.0,0.6280355552177457,0.6280355552177457,,,,1.0
39,water_gsolv_eV,227,1.0,0.0,0.6280355552177457,0.6280355552177457,,,,1.0
39,water_gsolv_eV,228,1.0,0.0,0.6280355552177457,0.6280355552177457,,,,1.0
39,water_gsolv_eV,229,1.0,0.0,0.6280355552177457,0.6280355552177457,,,,1.0
39,water_gsolv_eV,230,1.0,0.0,0.6280355552177457,0.6280355552177457,,,,1.0
39,water_gsolv_eV,231,1.0,0.0,0.6280355552177457,0.6280355552177457,,,,1.0
39,water_gsolv_eV,232,1.0,0.0,0.6280355552177457,0.6280355552177457,,,,1.0
39,water_gsolv_eV,233,1.0,0.0,0.6280355552177457,0.6280355552177457,,,,1.0
39,water_gsolv_eV,234,1.0,0.0,0.6280355552177457,0.6280355552177457,,,,1.0
39,water_gsolv_eV,235,1.0,0.0,0.6280355552177457,0.6280355552177457,,,,1.0
39,water_gsolv_eV,236,1.0,0.0,0.6280355552177457,0.6280355552177457,,,,1.0
39,water_gsolv_eV,237,1.0,0.0,0.6280355552177457,0.6280355552177457,,,,1.0
39,water_gsolv_eV,238,1.0,0.0,0.6280355552177457,0.6280355552177457,,,,1.0
39,water_gsolv_eV,239,1.0,0.0,0.6280355552177457,0.6280355552177457,,,,1.0
39,water_gsolv_eV,240,1.0,0.0,0.6280355552177457,0.6280355552177457,,,,1.0
39,water_gsolv_eV,241,1.0,0.0,0.6280355552177457,0.6280355552177457,,,,1.0
39,water_gsolv_eV,242,1.0,0.0,0.6280355552177457,0.6280355552177457,,,,1.0
39,water_gsolv_eV,243,1.0,0.0,0.6280355552177457,0.6280355552177457,,,,1.0
39,water_gsolv_eV,244,1.0,0.0,0.6280355552177457,0.6280355552177457,,,,1.0
39,water_gsolv_eV,245,1.0,0.0,0.6280355552177457,0.6280355552177457,,,,1.0
39,water_gsolv_eV,246,1.0,0.0,0.6280355552177457,0.6280355552177457,,,,1.0
39,water_gsolv_eV,247,1.0,0.0,0.6280355552177457,0.6280355552177457,,,,1.0
39,water_gsolv_eV,248,1.0,0.0,0.6280355552177457,0.6280355552177457,,,,1.0
39,water_gsolv_eV,249,1.0,0.0,0.6280355552177457,0.6280355552177457,,,,1.0
39,water_hl_gap_eV,0,1.0,0.0,0.7139667171134267,0.7139667171134267,,,,1.0
39,water_hl_gap_eV,1,1.0,0.0,0.7139667171134267,0.7139667171134267,,,,1.0
39,water_hl_gap_eV,2,1.0,0.0,0.7139667171134267,0.7139667171134267,,,,1.0
39,water_hl_gap_eV,3,1.0,0.0,0.7139667171134267,0.7139667171134267,,,,1.0
39,water_hl_gap_eV,4,1.0,0.0,0.7139667171134267,0.7139667171134267,,,,1.0
39,water_hl_gap_eV,5,1.0,0.0,0.7139667171134267,0.7139667171134267,,,,1.0
39,water_hl_gap_eV,6,1.0,0.0,0.7139667171134267,0.7139667171134267,,,,1.0
39,water_hl_gap_eV,7,1.0,0.0,0.7139667171134267,0.7139667171134267,,,,1.0
39,water_hl_gap_eV,8,1.0,0.0,0.7139667171134267,0.7139667171134267,,,,1.0
39,water_hl_gap_eV,9,1.0,0.0,0.7139667171134267,0.7139667171134267,,,,1.0
39,water_hl_gap_eV,10,1.0,0.0,0.7139667171134267,0.7139667171134267,,,,1.0
39,water_hl_gap_eV,11,1.0,0.0,0.7139667171134267,0.7139667171134267,,,,1.0
39,water_hl_gap_eV,12,1.0,0.0,0.7139667171134267,0.7139667171134267,,,,1.0
39,water_hl_gap_eV,13,1.0,0.0,0.7139667171134267,0.7139667171134267,,,,1.0
39,water_hl_gap_eV,14,1.0,0.0,0.7139667171134267,0.7139667171134267,,,,1.0
39,water_hl_gap_eV,15,1.0,0.0,0.7139667171134267,0.7139667171134267,,,,1.0
39,water_hl_gap_eV,16,1.0,0.0,0.7139667171134267,0.7139667171134267,,,,1.0
39,water_hl_gap_eV,17,1.0,0.0,0.7139667171134267,0.7139667171134267,,,,1.0
39,water_hl_gap_eV,18,1.0,0.0,0.7139667171134267,0.7139667171134267,,,,1.0
39,water_hl_gap_eV,19,1.0,0.0,0.7139667171134267,0.7139667171134267,,,,1.0
39,water_hl_gap_eV,20,1.0,0.0,0.7139667171134267,0.7139667171134267,,,,1.0
39,water_hl_gap_eV,21,1.0,0.0,0.7139667171134267,0.7139667171134267,,,,1.0
39,water_hl_gap_eV,22,1.0,0.0,0.7139667171134267,0.7139667171134267,,,,1.0
39,water_hl_gap_eV,23,1.0,0.0,0.7139667171134267,0.7139667171134267,,,,1.0
39,water_hl_gap_eV,24,1.0,0.0,0.7139667171134267,0.7139667171134267,,,,1.0
39,water_hl_gap_eV,25,1.0,0.0,0.7139667171134267,0.7139667171134267,,,,1.0
39,water_hl_gap_eV,26,1.0,0.0,0.7139667171134267,0.7139667171134267,,,,1.0
39,water_hl_gap_eV,27,1.0,0.0,0.7139667171134267,0.7139667171134267,,,,1.0
39,water_hl_gap_eV,28,1.0,0.0,0.7139667171134267,0.7139667171134267,,,,1.0
39,water_hl_gap_eV,29,1.0,0.0,0.7139667171134267,0.7139667171134267,,,,1.0
39,water_hl_gap_eV,30,1.0,0.0,0.7139667171134267,0.7139667171134267,,,,1.0
39,water_hl_gap_eV,31,1.0,0.0,0.7139667171134267,0.7139667171134267,,,,1.0
39,water_hl_gap_eV,32,1.0,0.0,0.7139667171134267,0.7139667171134267,,,,1.0
39,water_hl_gap_eV,33,1.0,0.0,0.7139667171134267,0.7139667171134267,,,,1.0
39,water_hl_gap_eV,34,1.0,0.0,0.7139667171134267,0.7139667171134267,,,,1.0
39,water_hl_gap_eV,35,1.0,0.0,0.7139667171134267,0.7139667171134267,,,,1.0
39,water_hl_gap_eV,36,1.0,0.0,0.7139667171134267,0.7139667171134267,,,,1.0
39,water_hl_gap_eV,37,1.0,0.0,0.7139667171134267,0.7139667171134267,,,,1.0
39,water_hl_gap_eV,38,1.0,0.0,0.7139667171134267,0.7139667171134267,,,,1.0
39,water_hl_gap_eV,39,1.0,0.0,0.7139667171134267,0.7139667171134267,,,,1.0
39,water_hl_gap_eV,40,1.0,0.0,0.7139667171134267,0.7139667171134267,,,,1.0
39,water_hl_gap_eV,41,1.0,0.0,0.7139667171134267,0.7139667171134267,,,,1.0
39,water_hl_gap_eV,42,1.0,0.0,0.7139667171134267,0.7139667171134267,,,,1.0
39,water_hl_gap_eV,43,1.0,0.0,0.7139667171134267,0.7139667171134267,,,,1.0
39,water_hl_gap_eV,44,1.0,0.0,0.7139667171134267,0.7139667171134267,,,,1.0
39,water_hl_gap_eV,45,1.0,0.0,0.7139667171134267,0.7139667171134267,,,,1.0
39,water_hl_gap_eV,46,1.0,0.0,0.7139667171134267,0.7139667171134267,,,,1.0
39,water_hl_gap_eV,47,1.0,0.0,0.7139667171134267,0.7139667171134267,,,,1.0
39,water_hl_gap_eV,48,1.0,0.0,0.7139667171134267,0.7139667171134267,,,,1.0
39,water_hl_gap_eV,49,1.0,0.0,0.7139667171134267,0.7139667171134267,,,,1.0
39,water_hl_gap_eV,50,1.0,0.0,0.7139667171134267,0.7139667171134267,,,,1.0
39,water_hl_gap_eV,51,1.0,0.0,0.7139667171134267,0.7139667171134267,,,,1.0
39,water_hl_gap_eV,52,1.0,0.0,0.7139667171134267,0.7139667171134267,,,,1.0
39,water_hl_gap_eV,53,1.0,0.0,0.7139667171134267,0.7139667171134267,,,,1.0
39,water_hl_gap_eV,54,1.0,0.0,0.7139667171134267,0.7139667171134267,,,,1.0
39,water_hl_gap_eV,55,1.0,0.0,0.7139667171134267,0.7139667171134267,,,,1.0
39,water_hl_gap_eV,56,1.0,0.0,0.7139667171134267,0.7139667171134267,,,,1.0
39,water_hl_gap_eV,57,1.0,0.0,0.7139667171134267,0.7139667171134267,,,,1.0
39,water_hl_gap_eV,58,1.0,0.0,0.7139667171134267,0.7139667171134267,,,,1.0
39,water_hl_gap_eV,59,1.0,0.0,0.7139667171134267,0.7139667171134267,,,,1.0
39,water_hl_gap_eV,60,1.0,0.0,0.7139667171134267,0.7139667171134267,,,,1.0
39,water_hl_gap_eV,61,1.0,0.0,0.7139667171134267,0.7139667171134267,,,,1.0
39,water_hl_gap_eV,62,1.0,0.0,0.7139667171134267,0.7139667171134267,,,,1.0
39,water_hl_gap_eV,63,1.0,0.0,0.7139667171134267,0.7139667171134267,,,,1.0
39,water_hl_gap_eV,64,1.0,0.0,0.7139667171134267,0.7139667171134267,,,,1.0
39,water_hl_gap_eV,65,1.0,0.0,0.7139667171134267,0.7139667171134267,,,,1.0
39,water_hl_gap_eV,66,1.0,0.0,0.7139667171134267,0.7139667171134267,,,,1.0
39,water_hl_gap_eV,67,1.0,0.0,0.7139667171134267,0.7139667171134267,,,,1.0
39,water_hl_gap_eV,68,1.0,0.0,0.7139667171134267,0.7139667171134267,,,,1.0
39,water_hl_gap_eV,69,1.0,0.0,0.7139667171134267,0.7139667171134267,,,,1.0
39,water_hl_gap_eV,70,1.0,0.0,0.7139667171134267,0.7139667171134267,,,,1.0
39,water_hl_gap_eV,71,1.0,0.0,0.7139667171134267,0.7139667171134267,,,,1.0
39,water_hl_gap_eV,72,1.0,0.0,0.7139667171134267,0.7139667171134267,,,,1.0
39,water_hl_gap_eV,73,1.0,0.0,0.7139667171134267,0.7139667171134267,,,,1.0
39,water_hl_gap_eV,74,1.0,0.0,0.7139667171134267,0.7139667171134267,,,,1.0
39,water_hl_gap_eV,75,1.0,0.0,0.7139667171134267,0.7139667171134267,,,,1.0
39,water_hl_gap_eV,76,1.0,0.0,0.7139667171134267,0.7139667171134267,,,,1.0
39,water_hl_gap_eV,77,1.0,0.0,0.7139667171134267,0.7139667171134267,,,,1.0
39,water_hl_gap_eV,78,1.0,0.0,0.7139667171134267,0.7139667171134267,,,,1.0
39,water_hl_gap_eV,79,1.0,0.0,0.7139667171134267,0.7139667171134267,,,,1.0
39,water_hl_gap_eV,80,1.0,0.0,0.7139667171134267,0.7139667171134267,,,,1.0
39,water_hl_gap_eV,81,1.0,0.0,0.7139667171134267,0.7139667171134267,,,,1.0
39,water_hl_gap_eV,82,1.0,0.0,0.7139667171134267,0.7139667171134267,,,,1.0
39,water_hl_gap_eV,83,1.0,0.0,0.7139667171134267,0.7139667171134267,,,,1.0
39,water_hl_gap_eV,84,1.0,0.0,0.7139667171134267,0.7139667171134267,,,,1.0
39,water_hl_gap_eV,85,1.0,0.0,0.7139667171134267,0.7139667171134267,,,,1.0
39,water_hl_gap_eV,86,1.0,0.0,0.7139667171134267,0.7139667171134267,,,,1.0
39,water_hl_gap_eV,87,1.0,0.0,0.7139667171134267,0.7139667171134267,,,,1.0
39,water_hl_gap_eV,88,1.0,0.0,0.7139667171134267,0.7139667171134267,,,,1.0
39,water_hl_gap_eV,89,1.0,0.0,0.7139667171134267,0.7139667171134267,,,,1.0
39,water_hl_gap_eV,90,1.0,0.0,0.7139667171134267,0.7139667171134267,,,,1.0
39,water_hl_gap_eV,91,1.0,0.0,0.7139667171134267,0.7139667171134267,,,,1.0
39,water_hl_gap_eV,92,1.0,0.0,0.7139667171134267,0.7139667171134267,,,,1.0
39,water_hl_gap_eV,93,1.0,0.0,0.7139667171134267,0.7139667171134267,,,,1.0
39,water_hl_gap_eV,94,1.0,0.0,0.7139667171134267,0.7139667171134267,,,,1.0
39,water_hl_gap_eV,95,1.0,0.0,0.7139667171134267,0.7139667171134267,,,,1.0
39,water_hl_gap_eV,96,1.0,0.0,0.7139667171134267,0.7139667171134267,,,,1.0
39,water_hl_gap_eV,97,1.0,0.0,0.7139667171134267,0.7139667171134267,,,,1.0
39,water_hl_gap_eV,98,1.0,0.0,0.7139667171134267,0.7139667171134267,,,,1.0
39,water_hl_gap_eV,99,1.0,0.0,0.7139667171134267,0.7139667171134267,,,,1.0
39,water_hl_gap_eV,100,1.0,0.0,0.7139667171134267,0.7139667171134267,,,,1.0
39,water_hl_gap_eV,101,1.0,0.0,0.7139667171134267,0.7139667171134267,,,,1.0
39,water_hl_gap_eV,102,1.0,0.0,0.7139667171134267,0.7139667171134267,,,,1.0
39,water_hl_gap_eV,103,1.0,0.0,0.7139667171134267,0.7139667171134267,,,,1.0
39,water_hl_gap_eV,104,1.0,0.0,0.7139667171134267,0.7139667171134267,,,,1.0
39,water_hl_gap_eV,105,1.0,0.0,0.7139667171134267,0.7139667171134267,,,,1.0
39,water_hl_gap_eV,106,1.0,0.0,0.7139667171134267,0.7139667171134267,,,,1.0
39,water_hl_gap_eV,107,1.0,0.0,0.7139667171134267,0.7139667171134267,,,,1.0
39,water_hl_gap_eV,108,1.0,0.0,0.7139667171134267,0.7139667171134267,,,,1.0
39,water_hl_gap_eV,109,1.0,0.0,0.7139667171134267,0.7139667171134267,,,,1.0
39,water_hl_gap_eV,110,1.0,0.0,0.7139667171134267,0.7139667171134267,,,,1.0
39,water_hl_gap_eV,111,1.0,0.0,0.7139667171134267,0.7139667171134267,,,,1.0
39,water_hl_gap_eV,112,1.0,0.0,0.7139667171134267,0.7139667171134267,,,,1.0
39,water_hl_gap_eV,113,1.0,0.0,0.7139667171134267,0.7139667171134267,,,,1.0
39,water_hl_gap_eV,114,1.0,0.0,0.7139667171134267,0.7139667171134267,,,,1.0
39,water_hl_gap_eV,115,1.0,0.0,0.7139667171134267,0.7139667171134267,,,,1.0
39,water_hl_gap_eV,116,1.0,0.0,0.7139667171134267,0.7139667171134267,,,,1.0
39,water_hl_gap_eV,117,1.0,0.0,0.7139667171134267,0.7139667171134267,,,,1.0
39,water_hl_gap_eV,118,1.0,0.0,0.7139667171134267,0.7139667171134267,,,,1.0
39,water_hl_gap_eV,119,1.0,0.0,0.7139667171134267,0.7139667171134267,,,,1.0
39,water_hl_gap_eV,120,1.0,0.0,0.7139667171134267,0.7139667171134267,,,,1.0
39,water_hl_gap_eV,121,1.0,0.0,0.7139667171134267,0.7139667171134267,,,,1.0
39,water_hl_gap_eV,122,1.0,0.0,0.7139667171134267,0.7139667171134267,,,,1.0
39,water_hl_gap_eV,123,1.0,0.0,0.7139667171134267,0.7139667171134267,,,,1.0
39,water_hl_gap_eV,124,1.0,0.0,0.7139667171134267,0.7139667171134267,,,,1.0
39,water_hl_gap_eV,125,1.0,0.0,0.7139667171134267,0.7139667171134267,,,,1.0
39,water_hl_gap_eV,126,1.0,0.0,0.7139667171134267,0.7139667171134267,,,,1.0
39,water_hl_gap_eV,127,1.0,0.0,0.7139667171134267,0.7139667171134267,,,,1.0
39,water_hl_gap_eV,128,1.0,0.0,0.7139667171134267,0.7139667171134267,,,,1.0
39,water_hl_gap_eV,129,1.0,0.0,0.7139667171134267,0.7139667171134267,,,,1.0
39,water_hl_gap_eV,130,1.0,0.0,0.7139667171134267,0.7139667171134267,,,,1.0
39,water_hl_gap_eV,131,1.0,0.0,0.7139667171134267,0.7139667171134267,,,,1.0
39,water_hl_gap_eV,132,1.0,0.0,0.7139667171134267,0.7139667171134267,,,,1.0
39,water_hl_gap_eV,133,1.0,0.0,0.7139667171134267,0.7139667171134267,,,,1.0
39,water_hl_gap_eV,134,1.0,0.0,0.7139667171134267,0.7139667171134267,,,,1.0
39,water_hl_gap_eV,135,1.0,0.0,0.7139667171134267,0.7139667171134267,,,,1.0
39,water_hl_gap_eV,136,1.0,0.0,0.7139667171134267,0.7139667171134267,,,,1.0
39,water_hl_gap_eV,137,1.0,0.0,0.7139667171134267,0.7139667171134267,,,,1.0
39,water_hl_gap_eV,138,1.0,0.0,0.7139667171134267,0.7139667171134267,,,,1.0
39,water_hl_gap_eV,139,1.0,0.0,0.7139667171134267,0.7139667171134267,,,,1.0
39,water_hl_gap_eV,140,1.0,0.0,0.7139667171134267,0.7139667171134267,,,,1.0
39,water_hl_gap_eV,141,1.0,0.0,0.7139667171134267,0.7139667171134267,,,,1.0
39,water_hl_gap_eV,142,1.0,0.0,0.7139667171134267,0.7139667171134267,,,,1.0
39,water_hl_gap_eV,143,1.0,0.0,0.7139667171134267,0.7139667171134267,,,,1.0
39,water_hl_gap_eV,144,1.0,0.0,0.7139667171134267,0.7139667171134267,,,,1.0
39,water_hl_gap_eV,145,1.0,0.0,0.7139667171134267,0.7139667171134267,,,,1.0
39,water_hl_gap_eV,146,1.0,0.0,0.7139667171134267,0.7139667171134267,,,,1.0
39,water_hl_gap_eV,147,1.0,0.0,0.7139667171134267,0.7139667171134267,,,,1.0
39,water_hl_gap_eV,148,1.0,0.0,0.7139667171134267,0.7139667171134267,,,,1.0
39,water_hl_gap_eV,149,1.0,0.0,0.7139667171134267,0.7139667171134267,,,,1.0
39,water_hl_gap_eV,150,1.0,0.0,0.7139667171134267,0.7139667171134267,,,,1.0
39,water_hl_gap_eV,151,1.0,0.0,0.7139667171134267,0.7139667171134267,,,,1.0
39,water_hl_gap_eV,152,1.0,0.0,0.7139667171134267,0.7139667171134267,,,,1.0
39,water_hl_gap_eV,153,1.0,0.0,0.7139667171134267,0.7139667171134267,,,,1.0
39,water_hl_gap_eV,154,1.0,0.0,0.7139667171134267,0.7139667171134267,,,,1.0
39,water_hl_gap_eV,155,1.0,0.0,0.7139667171134267,0.7139667171134267,,,,1.0
39,water_hl_gap_eV,156,1.0,0.0,0.7139667171134267,0.7139667171134267,,,,1.0
39,water_hl_gap_eV,157,1.0,0.0,0.7139667171134267,0.7139667171134267,,,,1.0
39,water_hl_gap_eV,158,1.0,0.0,0.7139667171134267,0.7139667171134267,,,,1.0
39,water_hl_gap_eV,159,1.0,0.0,0.7139667171134267,0.7139667171134267,,,,1.0
39,water_hl_gap_eV,160,1.0,0.0,0.7139667171134267,0.7139667171134267,,,,1.0
39,water_hl_gap_eV,161,1.0,0.0,0.7139667171134267,0.7139667171134267,,,,1.0
39,water_hl_gap_eV,162,1.0,0.0,0.7139667171134267,0.7139667171134267,,,,1.0
39,water_hl_gap_eV,163,1.0,0.0,0.7139667171134267,0.7139667171134267,,,,1.0
39,water_hl_gap_eV,164,1.0,0.0,0.7139667171134267,0.7139667171134267,,,,1.0
39,water_hl_gap_eV,165,1.0,0.0,0.7139667171134267,0.7139667171134267,,,,1.0
39,water_hl_gap_eV,166,1.0,0.0,0.7139667171134267,0.7139667171134267,,,,1.0
39,water_hl_gap_eV,167,1.0,0.0,0.7139667171134267,0.7139667171134267,,,,1.0
39,water_hl_gap_eV,168,1.0,0.0,0.7139667171134267,0.7139667171134267,,,,1.0
39,water_hl_gap_eV,169,1.0,0.0,0.7139667171134267,0.7139667171134267,,,,1.0
39,water_hl_gap_eV,170,1.0,0.0,0.7139667171134267,0.7139667171134267,,,,1.0
39,water_hl_gap_eV,171,1.0,0.0,0.7139667171134267,0.7139667171134267,,,,1.0
39,water_hl_gap_eV,172,1.0,0.0,0.7139667171134267,0.7139667171134267,,,,1.0
39,water_hl_gap_eV,173,1.0,0.0,0.7139667171134267,0.7139667171134267,,,,1.0
39,water_hl_gap_eV,174,1.0,0.0,0.7139667171134267,0.7139667171134267,,,,1.0
39,water_hl_gap_eV,175,1.0,0.0,0.7139667171134267,0.7139667171134267,,,,1.0
39,water_hl_gap_eV,176,1.0,0.0,0.7139667171134267,0.7139667171134267,,,,1.0
39,water_hl_gap_eV,177,1.0,0.0,0.7139667171134267,0.7139667171134267,,,,1.0
39,water_hl_gap_eV,178,1.0,0.0,0.7139667171134267,0.7139667171134267,,,,1.0
39,water_hl_gap_eV,179,1.0,0.0,0.7139667171134267,0.7139667171134267,,,,1.0
39,water_hl_gap_eV,180,1.0,0.0,0.7139667171134267,0.7139667171134267,,,,1.0
39,water_hl_gap_eV,181,1.0,0.0,0.7139667171134267,0.7139667171134267,,,,1.0
39,water_hl_gap_eV,182,1.0,0.0,0.7139667171134267,0.7139667171134267,,,,1.0
39,water_hl_gap_eV,183,1.0,0.0,0.7139667171134267,0.7139667171134267,,,,1.0
39,water_hl_gap_eV,184,1.0,0.0,0.7139667171134267,0.7139667171134267,,,,1.0
39,water_hl_gap_eV,185,1.0,0.0,0.7139667171134267,0.7139667171134267,,,,1.0
39,water_hl_gap_eV,186,1.0,0.0,0.7139667171134267,0.7139667171134267,,,,1.0
39,water_hl_gap_eV,187,1.0,0.0,0.7139667171134267,0.7139667171134267,,,,1.0
39,water_hl_gap_eV,188,1.0,0.0,0.7139667171134267,0.7139667171134267,,,,1.0
39,water_hl_gap_eV,189,1.0,0.0,0.7139667171134267,0.7139667171134267,,,,1.0
39,water_hl_gap_eV,190,1.0,0.0,0.7139667171134267,0.7139667171134267,,,,1.0
39,water_hl_gap_eV,191,1.0,0.0,0.7139667171134267,0.7139667171134267,,,,1.0
39,water_hl_gap_eV,192,1.0,0.0,0.7139667171134267,0.7139667171134267,,,,1.0
39,water_hl_gap_eV,193,1.0,0.0,0.7139667171134267,0.7139667171134267,,,,1.0
39,water_hl_gap_eV,194,1.0,0.0,0.7139667171134267,0.7139667171134267,,,,1.0
39,water_hl_gap_eV,195,1.0,0.0,0.7139667171134267,0.7139667171134267,,,,1.0
39,water_hl_gap_eV,196,1.0,0.0,0.7139667171134267,0.7139667171134267,,,,1.0
39,water_hl_gap_eV,197,1.0,0.0,0.7139667171134267,0.7139667171134267,,,,1.0
39,water_hl_gap_eV,198,1.0,0.0,0.7139667171134267,0.7139667171134267,,,,1.0
39,water_hl_gap_eV,199,1.0,0.0,0.7139667171134267,0.7139667171134267,,,,1.0
39,water_hl_gap_eV,200,1.0,0.0,0.7139667171134267,0.7139667171134267,,,,1.0
39,water_hl_gap_eV,201,1.0,0.0,0.7139667171134267,0.7139667171134267,,,,1.0
39,water_hl_gap_eV,202,1.0,0.0,0.7139667171134267,0.7139667171134267,,,,1.0
39,water_hl_gap_eV,203,1.0,0.0,0.7139667171134267,0.7139667171134267,,,,1.0
39,water_hl_gap_eV,204,1.0,0.0,0.7139667171134267,0.7139667171134267,,,,1.0
39,water_hl_gap_eV,205,1.0,0.0,0.7139667171134267,0.7139667171134267,,,,1.0
39,water_hl_gap_eV,206,1.0,0.0,0.7139667171134267,0.7139667171134267,,,,1.0
39,water_hl_gap_eV,207,1.0,0.0,0.7139667171134267,0.7139667171134267,,,,1.0
39,water_hl_gap_eV,208,1.0,0.0,0.7139667171134267,0.7139667171134267,,,,1.0
39,water_hl_gap_eV,209,1.0,0.0,0.7139667171134267,0.7139667171134267,,,,1.0
39,water_hl_gap_eV,210,1.0,0.0,0.7139667171134267,0.7139667171134267,,,,1.0
39,water_hl_gap_eV,211,1.0,0.0,0.7139667171134267,0.7139667171134267,,,,1.0
39,water_hl_gap_eV,212,1.0,0.0,0.7139667171134267,0.7139667171134267,,,,1.0
39,water_hl_gap_eV,213,1.0,0.0,0.7139667171134267,0.7139667171134267,,,,1.0
39,water_hl_gap_eV,214,1.0,0.0,0.7139667171134267,0.7139667171134267,,,,1.0
39,water_hl_gap_eV,215,1.0,0.0,0.7139667171134267,0.7139667171134267,,,,1.0
39,water_hl_gap_eV,216,1.0,0.0,0.7139667171134267,0.7139667171134267,,,,1.0
39,water_hl_gap_eV,217,1.0,0.0,0.7139667171134267,0.7139667171134267,,,,1.0
39,water_hl_gap_eV,218,1.0,0.0,0.7139667171134267,0.7139667171134267,,,,1.0
39,water_hl_gap_eV,219,1.0,0.0,0.7139667171134267,0.7139667171134267,,,,1.0
39,water_hl_gap_eV,220,1.0,0.0,0.7139667171134267,0.7139667171134267,,,,1.0
39,water_hl_gap_eV,221,1.0,0.0,0.7139667171134267,0.7139667171134267,,,,1.0
39,water_hl_gap_eV,222,1.0,0.0,0.7139667171134267,0.7139667171134267,,,,1.0
39,water_hl_gap_eV,223,1.0,0.0,0.7139667171134267,0.7139667171134267,,,,1.0
39,water_hl_gap_eV,224,1.0,0.0,0.7139667171134267,0.7139667171134267,,,,1.0
39,water_hl_gap_eV,225,1.0,0.0,0.7139667171134267,0.7139667171134267,,,,1.0
39,water_hl_gap_eV,226,1.0,0.0,0.7139667171134267,0.7139667171134267,,,,1.0
39,water_hl_gap_eV,227,1.0,0.0,0.7139667171134267,0.7139667171134267,,,,1.0
39,water_hl_gap_eV,228,1.0,0.0,0.7139667171134267,0.7139667171134267,,,,1.0
39,water_hl_gap_eV,229,1.0,0.0,0.7139667171134267,0.7139667171134267,,,,1.0
39,water_hl_gap_eV,230,1.0,0.0,0.7139667171134267,0.7139667171134267,,,,1.0
39,water_hl_gap_eV,231,1.0,0.0,0.7139667171134267,0.7139667171134267,,,,1.0
39,water_hl_gap_eV,232,1.0,0.0,0.7139667171134267,0.7139667171134267,,,,1.0
39,water_hl_gap_eV,233,1.0,0.0,0.7139667171134267,0.7139667171134267,,,,1.0
39,water_hl_gap_eV,234,1.0,0.0,0.7139667171134267,0.7139667171134267,,,,1.0
39,water_hl_gap_eV,235,1.0,0.0,0.7139667171134267,0.7139667171134267,,,,1.0
39,water_hl_gap_eV,236,1.0,0.0,0.7139667171134267,0.7139667171134267,,,,1.0
39,water_hl_gap_eV,237,1.0,0.0,0.7139667171134267,0.7139667171134267,,,,1.0
39,water_hl_gap_eV,238,1.0,0.0,0.7139667171134267,0.7139667171134267,,,,1.0
39,water_hl_gap_eV,239,1.0,0.0,0.7139667171134267,0.7139667171134267,,,,1.0
39,water_hl_gap_eV,240,1.0,0.0,0.7139667171134267,0.7139667171134267,,,,1.0
39,water_hl_gap_eV,241,1.0,0.0,0.7139667171134267,0.7139667171134267,,,,1.0
39,water_hl_gap_eV,242,1.0,0.0,0.7139667171134267,0.7139667171134267,,,,1.0
39,water_hl_gap_eV,243,1.0,0.0,0.7139667171134267,0.7139667171134267,,,,1.0
39,water_hl_gap_eV,244,1.0,0.0,0.7139667171134267,0.7139667171134267,,,,1.0
39,water_hl_gap_eV,245,1.0,0.0,0.7139667171134267,0.7139667171134267,,,,1.0
39,water_hl_gap_eV,246,1.0,0.0,0.7139667171134267,0.7139667171134267,,,,1.0
39,water_hl_gap_eV,247,1.0,0.0,0.7139667171134267,0.7139667171134267,,,,1.0
39,water_hl_gap_eV,248,1.0,0.0,0.7139667171134267,0.7139667171134267,,,,1.0
39,water_hl_gap_eV,249,1.0,0.0,0.7139667171134267,0.7139667171134267,,,,1.0
39,water_dipole,0,1.0,0.0,0.5793769443309404,0.5793769443309404,,,,1.0
39,water_dipole,1,1.0,0.0,0.5793769443309404,0.5793769443309404,,,,1.0
39,water_dipole,2,1.0,0.0,0.5793769443309404,0.5793769443309404,,,,1.0
39,water_dipole,3,1.0,0.0,0.5793769443309404,0.5793769443309404,,,,1.0
39,water_dipole,4,1.0,0.0,0.5793769443309404,0.5793769443309404,,,,1.0
39,water_dipole,5,1.0,0.0,0.5793769443309404,0.5793769443309404,,,,1.0
39,water_dipole,6,1.0,0.0,0.5793769443309404,0.5793769443309404,,,,1.0
39,water_dipole,7,1.0,0.0,0.5793769443309404,0.5793769443309404,,,,1.0
39,water_dipole,8,1.0,0.0,0.5793769443309404,0.5793769443309404,,,,1.0
39,water_dipole,9,1.0,0.0,0.5793769443309404,0.5793769443309404,,,,1.0
39,water_dipole,10,1.0,0.0,0.5793769443309404,0.5793769443309404,,,,1.0
39,water_dipole,11,1.0,0.0,0.5793769443309404,0.5793769443309404,,,,1.0
39,water_dipole,12,1.0,0.0,0.5793769443309404,0.5793769443309404,,,,1.0
39,water_dipole,13,1.0,0.0,0.5793769443309404,0.5793769443309404,,,,1.0
39,water_dipole,14,1.0,0.0,0.5793769443309404,0.5793769443309404,,,,1.0
39,water_dipole,15,1.0,0.0,0.5793769443309404,0.5793769443309404,,,,1.0
39,water_dipole,16,1.0,0.0,0.5793769443309404,0.5793769443309404,,,,1.0
39,water_dipole,17,1.0,0.0,0.5793769443309404,0.5793769443309404,,,,1.0
39,water_dipole,18,1.0,0.0,0.5793769443309404,0.5793769443309404,,,,1.0
39,water_dipole,19,1.0,0.0,0.5793769443309404,0.5793769443309404,,,,1.0
39,water_dipole,20,1.0,0.0,0.5793769443309404,0.5793769443309404,,,,1.0
39,water_dipole,21,1.0,0.0,0.5793769443309404,0.5793769443309404,,,,1.0
39,water_dipole,22,1.0,0.0,0.5793769443309404,0.5793769443309404,,,,1.0
39,water_dipole,23,1.0,0.0,0.5793769443309404,0.5793769443309404,,,,1.0
39,water_dipole,24,1.0,0.0,0.5793769443309404,0.5793769443309404,,,,1.0
39,water_dipole,25,1.0,0.0,0.5793769443309404,0.5793769443309404,,,,1.0
39,water_dipole,26,1.0,0.0,0.5793769443309404,0.5793769443309404,,,,1.0
39,water_dipole,27,1.0,0.0,0.5793769443309404,0.5793769443309404,,,,1.0
39,water_dipole,28,1.0,0.0,0.5793769443309404,0.5793769443309404,,,,1.0
39,water_dipole,29,1.0,0.0,0.5793769443309404,0.5793769443309404,,,,1.0
39,water_dipole,30,1.0,0.0,0.5793769443309404,0.5793769443309404,,,,1.0
39,water_dipole,31,1.0,0.0,0.5793769443309404,0.5793769443309404,,,,1.0
39,water_dipole,32,1.0,0.0,0.5793769443309404,0.5793769443309404,,,,1.0
39,water_dipole,33,1.0,0.0,0.5793769443309404,0.5793769443309404,,,,1.0
39,water_dipole,34,1.0,0.0,0.5793769443309404,0.5793769443309404,,,,1.0
39,water_dipole,35,1.0,0.0,0.5793769443309404,0.5793769443309404,,,,1.0
39,water_dipole,36,1.0,0.0,0.5793769443309404,0.5793769443309404,,,,1.0
39,water_dipole,37,1.0,0.0,0.5793769443309404,0.5793769443309404,,,,1.0
39,water_dipole,38,1.0,0.0,0.5793769443309404,0.5793769443309404,,,,1.0
39,water_dipole,39,1.0,0.0,0.5793769443309404,0.5793769443309404,,,,1.0
39,water_dipole,40,1.0,0.0,0.5793769443309404,0.5793769443309404,,,,1.0
39,water_dipole,41,1.0,0.0,0.5793769443309404,0.5793769443309404,,,,1.0
39,water_dipole,42,1.0,0.0,0.5793769443309404,0.5793769443309404,,,,1.0
39,water_dipole,43,1.0,0.0,0.5793769443309404,0.5793769443309404,,,,1.0
39,water_dipole,44,1.0,0.0,0.5793769443309404,0.5793769443309404,,,,1.0
39,water_dipole,45,1.0,0.0,0.5793769443309404,0.5793769443309404,,,,1.0
39,water_dipole,46,1.0,0.0,0.5793769443309404,0.5793769443309404,,,,1.0
39,water_dipole,47,1.0,0.0,0.5793769443309404,0.5793769443309404,,,,1.0
39,water_dipole,48,1.0,0.0,0.5793769443309404,0.5793769443309404,,,,1.0
39,water_dipole,49,1.0,0.0,0.5793769443309404,0.5793769443309404,,,,1.0
39,water_dipole,50,1.0,0.0,0.5793769443309404,0.5793769443309404,,,,1.0
39,water_dipole,51,1.0,0.0,0.5793769443309404,0.5793769443309404,,,,1.0
39,water_dipole,52,1.0,0.0,0.5793769443309404,0.5793769443309404,,,,1.0
39,water_dipole,53,1.0,0.0,0.5793769443309404,0.5793769443309404,,,,1.0
39,water_dipole,54,1.0,0.0,0.5793769443309404,0.5793769443309404,,,,1.0
39,water_dipole,55,1.0,0.0,0.5793769443309404,0.5793769443309404,,,,1.0
39,water_dipole,56,1.0,0.0,0.5793769443309404,0.5793769443309404,,,,1.0
39,water_dipole,57,1.0,0.0,0.5793769443309404,0.5793769443309404,,,,1.0
39,water_dipole,58,1.0,0.0,0.5793769443309404,0.5793769443309404,,,,1.0
39,water_dipole,59,1.0,0.0,0.5793769443309404,0.5793769443309404,,,,1.0
39,water_dipole,60,1.0,0.0,0.5793769443309404,0.5793769443309404,,,,1.0
39,water_dipole,61,1.0,0.0,0.5793769443309404,0.5793769443309404,,,,1.0
39,water_dipole,62,1.0,0.0,0.5793769443309404,0.5793769443309404,,,,1.0
39,water_dipole,63,1.0,0.0,0.5793769443309404,0.5793769443309404,,,,1.0
39,water_dipole,64,1.0,0.0,0.5793769443309404,0.5793769443309404,,,,1.0
39,water_dipole,65,1.0,0.0,0.5793769443309404,0.5793769443309404,,,,1.0
39,water_dipole,66,1.0,0.0,0.5793769443309404,0.5793769443309404,,,,1.0
39,water_dipole,67,1.0,0.0,0.5793769443309404,0.5793769443309404,,,,1.0
39,water_dipole,68,1.0,0.0,0.5793769443309404,0.5793769443309404,,,,1.0
39,water_dipole,69,1.0,0.0,0.5793769443309404,0.5793769443309404,,,,1.0
39,water_dipole,70,1.0,0.0,0.5793769443309404,0.5793769443309404,,,,1.0
39,water_dipole,71,1.0,0.0,0.5793769443309404,0.5793769443309404,,,,1.0
39,water_dipole,72,1.0,0.0,0.5793769443309404,0.5793769443309404,,,,1.0
39,water_dipole,73,1.0,0.0,0.5793769443309404,0.5793769443309404,,,,1.0
39,water_dipole,74,1.0,0.0,0.5793769443309404,0.5793769443309404,,,,1.0
39,water_dipole,75,1.0,0.0,0.5793769443309404,0.5793769443309404,,,,1.0
39,water_dipole,76,1.0,0.0,0.5793769443309404,0.5793769443309404,,,,1.0
39,water_dipole,77,1.0,0.0,0.5793769443309404,0.5793769443309404,,,,1.0
39,water_dipole,78,1.0,0.0,0.5793769443309404,0.5793769443309404,,,,1.0
39,water_dipole,79,1.0,0.0,0.5793769443309404,0.5793769443309404,,,,1.0
39,water_dipole,80,1.0,0.0,0.5793769443309404,0.5793769443309404,,,,1.0
39,water_dipole,81,1.0,0.0,0.5793769443309404,0.5793769443309404,,,,1.0
39,water_dipole,82,1.0,0.0,0.5793769443309404,0.5793769443309404,,,,1.0
39,water_dipole,83,1.0,0.0,0.5793769443309404,0.5793769443309404,,,,1.0
39,water_dipole,84,1.0,0.0,0.5793769443309404,0.5793769443309404,,,,1.0
39,water_dipole,85,1.0,0.0,0.5793769443309404,0.5793769443309404,,,,1.0
39,water_dipole,86,1.0,0.0,0.5793769443309404,0.5793769443309404,,,,1.0
39,water_dipole,87,1.0,0.0,0.5793769443309404,0.5793769443309404,,,,1.0
39,water_dipole,88,1.0,0.0,0.5793769443309404,0.5793769443309404,,,,1.0
39,water_dipole,89,1.0,0.0,0.5793769443309404,0.5793769443309404,,,,1.0
39,water_dipole,90,1.0,0.0,0.5793769443309404,0.5793769443309404,,,,1.0
39,water_dipole,91,1.0,0.0,0.5793769443309404,0.5793769443309404,,,,1.0
39,water_dipole,92,1.0,0.0,0.5793769443309404,0.5793769443309404,,,,1.0
39,water_dipole,93,1.0,0.0,0.5793769443309404,0.5793769443309404,,,,1.0
39,water_dipole,94,1.0,0.0,0.5793769443309404,0.5793769443309404,,,,1.0
39,water_dipole,95,1.0,0.0,0.5793769443309404,0.5793769443309404,,,,1.0
39,water_dipole,96,1.0,0.0,0.5793769443309404,0.5793769443309404,,,,1.0
39,water_dipole,97,1.0,0.0,0.5793769443309404,0.5793769443309404,,,,1.0
39,water_dipole,98,1.0,0.0,0.5793769443309404,0.5793769443309404,,,,1.0
39,water_dipole,99,1.0,0.0,0.5793769443309404,0.5793769443309404,,,,1.0
39,water_dipole,100,1.0,0.0,0.5793769443309404,0.5793769443309404,,,,1.0
39,water_dipole,101,1.0,0.0,0.5793769443309404,0.5793769443309404,,,,1.0
39,water_dipole,102,1.0,0.0,0.5793769443309404,0.5793769443309404,,,,1.0
39,water_dipole,103,1.0,0.0,0.5793769443309404,0.5793769443309404,,,,1.0
39,water_dipole,104,1.0,0.0,0.5793769443309404,0.5793769443309404,,,,1.0
39,water_dipole,105,1.0,0.0,0.5793769443309404,0.5793769443309404,,,,1.0
39,water_dipole,106,1.0,0.0,0.5793769443309404,0.5793769443309404,,,,1.0
39,water_dipole,107,1.0,0.0,0.5793769443309404,0.5793769443309404,,,,1.0
39,water_dipole,108,1.0,0.0,0.5793769443309404,0.5793769443309404,,,,1.0
39,water_dipole,109,1.0,0.0,0.5793769443309404,0.5793769443309404,,,,1.0
39,water_dipole,110,1.0,0.0,0.5793769443309404,0.5793769443309404,,,,1.0
39,water_dipole,111,1.0,0.0,0.5793769443309404,0.5793769443309404,,,,1.0
39,water_dipole,112,1.0,0.0,0.5793769443309404,0.5793769443309404,,,,1.0
39,water_dipole,113,1.0,0.0,0.5793769443309404,0.5793769443309404,,,,1.0
39,water_dipole,114,1.0,0.0,0.5793769443309404,0.5793769443309404,,,,1.0
39,water_dipole,115,1.0,0.0,0.5793769443309404,0.5793769443309404,,,,1.0
39,water_dipole,116,1.0,0.0,0.5793769443309404,0.5793769443309404,,,,1.0
39,water_dipole,117,1.0,0.0,0.5793769443309404,0.5793769443309404,,,,1.0
39,water_dipole,118,1.0,0.0,0.5793769443309404,0.5793769443309404,,,,1.0
39,water_dipole,119,1.0,0.0,0.5793769443309404,0.5793769443309404,,,,1.0
39,water_dipole,120,1.0,0.0,0.5793769443309404,0.5793769443309404,,,,1.0
39,water_dipole,121,1.0,0.0,0.5793769443309404,0.5793769443309404,,,,1.0
39,water_dipole,122,1.0,0.0,0.5793769443309404,0.5793769443309404,,,,1.0
39,water_dipole,123,1.0,0.0,0.5793769443309404,0.5793769443309404,,,,1.0
39,water_dipole,124,1.0,0.0,0.5793769443309404,0.5793769443309404,,,,1.0
39,water_dipole,125,1.0,0.0,0.5793769443309404,0.5793769443309404,,,,1.0
39,water_dipole,126,1.0,0.0,0.5793769443309404,0.5793769443309404,,,,1.0
39,water_dipole,127,1.0,0.0,0.5793769443309404,0.5793769443309404,,,,1.0
39,water_dipole,128,1.0,0.0,0.5793769443309404,0.5793769443309404,,,,1.0
39,water_dipole,129,1.0,0.0,0.5793769443309404,0.5793769443309404,,,,1.0
39,water_dipole,130,1.0,0.0,0.5793769443309404,0.5793769443309404,,,,1.0
39,water_dipole,131,1.0,0.0,0.5793769443309404,0.5793769443309404,,,,1.0
39,water_dipole,132,1.0,0.0,0.5793769443309404,0.5793769443309404,,,,1.0
39,water_dipole,133,1.0,0.0,0.5793769443309404,0.5793769443309404,,,,1.0
39,water_dipole,134,1.0,0.0,0.5793769443309404,0.5793769443309404,,,,1.0
39,water_dipole,135,1.0,0.0,0.5793769443309404,0.5793769443309404,,,,1.0
39,water_dipole,136,1.0,0.0,0.5793769443309404,0.5793769443309404,,,,1.0
39,water_dipole,137,1.0,0.0,0.5793769443309404,0.5793769443309404,,,,1.0
39,water_dipole,138,1.0,0.0,0.5793769443309404,0.5793769443309404,,,,1.0
39,water_dipole,139,1.0,0.0,0.5793769443309404,0.5793769443309404,,,,1.0
39,water_dipole,140,1.0,0.0,0.5793769443309404,0.5793769443309404,,,,1.0
39,water_dipole,141,1.0,0.0,0.5793769443309404,0.5793769443309404,,,,1.0
39,water_dipole,142,1.0,0.0,0.5793769443309404,0.5793769443309404,,,,1.0
39,water_dipole,143,1.0,0.0,0.5793769443309404,0.5793769443309404,,,,1.0
39,water_dipole,144,1.0,0.0,0.5793769443309404,0.5793769443309404,,,,1.0
39,water_dipole,145,1.0,0.0,0.5793769443309404,0.5793769443309404,,,,1.0
39,water_dipole,146,1.0,0.0,0.5793769443309404,0.5793769443309404,,,,1.0
39,water_dipole,147,1.0,0.0,0.5793769443309404,0.5793769443309404,,,,1.0
39,water_dipole,148,1.0,0.0,0.5793769443309404,0.5793769443309404,,,,1.0
39,water_dipole,149,1.0,0.0,0.5793769443309404,0.5793769443309404,,,,1.0
39,water_dipole,150,1.0,0.0,0.5793769443309404,0.5793769443309404,,,,1.0
39,water_dipole,151,1.0,0.0,0.5793769443309404,0.5793769443309404,,,,1.0
39,water_dipole,152,1.0,0.0,0.5793769443309404,0.5793769443309404,,,,1.0
39,water_dipole,153,1.0,0.0,0.5793769443309404,0.5793769443309404,,,,1.0
39,water_dipole,154,1.0,0.0,0.5793769443309404,0.5793769443309404,,,,1.0
39,water_dipole,155,1.0,0.0,0.5793769443309404,0.5793769443309404,,,,1.0
39,water_dipole,156,1.0,0.0,0.5793769443309404,0.5793769443309404,,,,1.0
39,water_dipole,157,1.0,0.0,0.5793769443309404,0.5793769443309404,,,,1.0
39,water_dipole,158,1.0,0.0,0.5793769443309404,0.5793769443309404,,,,1.0
39,water_dipole,159,1.0,0.0,0.5793769443309404,0.5793769443309404,,,,1.0
39,water_dipole,160,1.0,0.0,0.5793769443309404,0.5793769443309404,,,,1.0
39,water_dipole,161,1.0,0.0,0.5793769443309404,0.5793769443309404,,,,1.0
39,water_dipole,162,1.0,0.0,0.5793769443309404,0.5793769443309404,,,,1.0
39,water_dipole,163,1.0,0.0,0.5793769443309404,0.5793769443309404,,,,1.0
39,water_dipole,164,1.0,0.0,0.5793769443309404,0.5793769443309404,,,,1.0
39,water_dipole,165,1.0,0.0,0.5793769443309404,0.5793769443309404,,,,1.0
39,water_dipole,166,1.0,0.0,0.5793769443309404,0.5793769443309404,,,,1.0
39,water_dipole,167,1.0,0.0,0.5793769443309404,0.5793769443309404,,,,1.0
39,water_dipole,168,1.0,0.0,0.5793769443309404,0.5793769443309404,,,,1.0
39,water_dipole,169,1.0,0.0,0.5793769443309404,0.5793769443309404,,,,1.0
39,water_dipole,170,1.0,0.0,0.5793769443309404,0.5793769443309404,,,,1.0
39,water_dipole,171,1.0,0.0,0.5793769443309404,0.5793769443309404,,,,1.0
39,water_dipole,172,1.0,0.0,0.5793769443309404,0.5793769443309404,,,,1.0
39,water_dipole,173,1.0,0.0,0.5793769443309404,0.5793769443309404,,,,1.0
39,water_dipole,174,1.0,0.0,0.5793769443309404,0.5793769443309404,,,,1.0
39,water_dipole,175,1.0,0.0,0.5793769443309404,0.5793769443309404,,,,1.0
39,water_dipole,176,1.0,0.0,0.5793769443309404,0.5793769443309404,,,,1.0
39,water_dipole,177,1.0,0.0,0.5793769443309404,0.5793769443309404,,,,1.0
39,water_dipole,178,1.0,0.0,0.5793769443309404,0.5793769443309404,,,,1.0
39,water_dipole,179,1.0,0.0,0.5793769443309404,0.5793769443309404,,,,1.0
39,water_dipole,180,1.0,0.0,0.5793769443309404,0.5793769443309404,,,,1.0
39,water_dipole,181,1.0,0.0,0.5793769443309404,0.5793769443309404,,,,1.0
39,water_dipole,182,1.0,0.0,0.5793769443309404,0.5793769443309404,,,,1.0
39,water_dipole,183,1.0,0.0,0.5793769443309404,0.5793769443309404,,,,1.0
39,water_dipole,184,1.0,0.0,0.5793769443309404,0.5793769443309404,,,,1.0
39,water_dipole,185,1.0,0.0,0.5793769443309404,0.5793769443309404,,,,1.0
39,water_dipole,186,1.0,0.0,0.5793769443309404,0.5793769443309404,,,,1.0
39,water_dipole,187,1.0,0.0,0.5793769443309404,0.5793769443309404,,,,1.0
39,water_dipole,188,1.0,0.0,0.5793769443309404,0.5793769443309404,,,,1.0
39,water_dipole,189,1.0,0.0,0.5793769443309404,0.5793769443309404,,,,1.0
39,water_dipole,190,1.0,0.0,0.5793769443309404,0.5793769443309404,,,,1.0
39,water_dipole,191,1.0,0.0,0.5793769443309404,0.5793769443309404,,,,1.0
39,water_dipole,192,1.0,0.0,0.5793769443309404,0.5793769443309404,,,,1.0
39,water_dipole,193,1.0,0.0,0.5793769443309404,0.5793769443309404,,,,1.0
39,water_dipole,194,1.0,0.0,0.5793769443309404,0.5793769443309404,,,,1.0
39,water_dipole,195,1.0,0.0,0.5793769443309404,0.5793769443309404,,,,1.0
39,water_dipole,196,1.0,0.0,0.5793769443309404,0.5793769443309404,,,,1.0
39,water_dipole,197,1.0,0.0,0.5793769443309404,0.5793769443309404,,,,1.0
39,water_dipole,198,1.0,0.0,0.5793769443309404,0.5793769443309404,,,,1.0
39,water_dipole,199,1.0,0.0,0.5793769443309404,0.5793769443309404,,,,1.0
39,water_dipole,200,1.0,0.0,0.5793769443309404,0.5793769443309404,,,,1.0
39,water_dipole,201,1.0,0.0,0.5793769443309404,0.5793769443309404,,,,1.0
39,water_dipole,202,1.0,0.0,0.5793769443309404,0.5793769443309404,,,,1.0
39,water_dipole,203,1.0,0.0,0.5793769443309404,0.5793769443309404,,,,1.0
39,water_dipole,204,1.0,0.0,0.5793769443309404,0.5793769443309404,,,,1.0
39,water_dipole,205,1.0,0.0,0.5793769443309404,0.5793769443309404,,,,1.0
39,water_dipole,206,1.0,0.0,0.5793769443309404,0.5793769443309404,,,,1.0
39,water_dipole,207,1.0,0.0,0.5793769443309404,0.5793769443309404,,,,1.0
39,water_dipole,208,1.0,0.0,0.5793769443309404,0.5793769443309404,,,,1.0
39,water_dipole,209,1.0,0.0,0.5793769443309404,0.5793769443309404,,,,1.0
39,water_dipole,210,1.0,0.0,0.5793769443309404,0.5793769443309404,,,,1.0
39,water_dipole,211,1.0,0.0,0.5793769443309404,0.5793769443309404,,,,1.0
39,water_dipole,212,1.0,0.0,0.5793769443309404,0.5793769443309404,,,,1.0
39,water_dipole,213,1.0,0.0,0.5793769443309404,0.5793769443309404,,,,1.0
39,water_dipole,214,1.0,0.0,0.5793769443309404,0.5793769443309404,,,,1.0
39,water_dipole,215,1.0,0.0,0.5793769443309404,0.5793769443309404,,,,1.0
39,water_dipole,216,1.0,0.0,0.5793769443309404,0.5793769443309404,,,,1.0
39,water_dipole,217,1.0,0.0,0.5793769443309404,0.5793769443309404,,,,1.0
39,water_dipole,218,1.0,0.0,0.5793769443309404,0.5793769443309404,,,,1.0
39,water_dipole,219,1.0,0.0,0.5793769443309404,0.5793769443309404,,,,1.0
39,water_dipole,220,1.0,0.0,0.5793769443309404,0.5793769443309404,,,,1.0
39,water_dipole,221,1.0,0.0,0.5793769443309404,0.5793769443309404,,,,1.0
39,water_dipole,222,1.0,0.0,0.5793769443309404,0.5793769443309404,,,,1.0
39,water_dipole,223,1.0,0.0,0.5793769443309404,0.5793769443309404,,,,1.0
39,water_dipole,224,1.0,0.0,0.5793769443309404,0.5793769443309404,,,,1.0
39,water_dipole,225,1.0,0.0,0.5793769443309404,0.5793769443309404,,,,1.0
39,water_dipole,226,1.0,0.0,0.5793769443309404,0.5793769443309404,,,,1.0
39,water_dipole,227,1.0,0.0,0.5793769443309404,0.5793769443309404,,,,1.0
39,water_dipole,228,1.0,0.0,0.5793769443309404,0.5793769443309404,,,,1.0
39,water_dipole,229,1.0,0.0,0.5793769443309404,0.5793769443309404,,,,1.0
39,water_dipole,230,1.0,0.0,0.5793769443309404,0.5793769443309404,,,,1.0
39,water_dipole,231,1.0,0.0,0.5793769443309404,0.5793769443309404,,,,1.0
39,water_dipole,232,1.0,0.0,0.5793769443309404,0.5793769443309404,,,,1.0
39,water_dipole,233,1.0,0.0,0.5793769443309404,0.5793769443309404,,,,1.0
39,water_dipole,234,1.0,0.0,0.5793769443309404,0.5793769443309404,,,,1.0
39,water_dipole,235,1.0,0.0,0.5793769443309404,0.5793769443309404,,,,1.0
39,water_dipole,236,1.0,0.0,0.5793769443309404,0.5793769443309404,,,,1.0
39,water_dipole,237,1.0,0.0,0.5793769443309404,0.5793769443309404,,,,1.0
39,water_dipole,238,1.0,0.0,0.5793769443309404,0.5793769443309404,,,,1.0
39,water_dipole,239,1.0,0.0,0.5793769443309404,0.5793769443309404,,,,1.0
39,water_dipole,240,1.0,0.0,0.5793769443309404,0.5793769443309404,,,,1.0
39,water_dipole,241,1.0,0.0,0.5793769443309404,0.5793769443309404,,,,1.0
39,water_dipole,242,1.0,0.0,0.5793769443309404,0.5793769443309404,,,,1.0
39,water_dipole,243,1.0,0.0,0.5793769443309404,0.5793769443309404,,,,1.0
39,water_dipole,244,1.0,0.0,0.5793769443309404,0.5793769443309404,,,,1.0
39,water_dipole,245,1.0,0.0,0.5793769443309404,0.5793769443309404,,,,1.0
39,water_dipole,246,1.0,0.0,0.5793769443309404,0.5793769443309404,,,,1.0
39,water_dipole,247,1.0,0.0,0.5793769443309404,0.5793769443309404,,,,1.0
39,water_dipole,248,1.0,0.0,0.5793769443309404,0.5793769443309404,,,,1.0
39,water_dipole,249,1.0,0.0,0.5793769443309404,0.5793769443309404,,,,1.0
39,acetone_gsolv_eV,0,0.9999999403953552,0.0,0.6257231184436629,0.6257231184436629,,,,1.0
39,acetone_gsolv_eV,1,0.9999999403953552,0.0,0.6257231184436629,0.6257231184436629,,,,1.0
39,acetone_gsolv_eV,2,0.9999999403953552,0.0,0.6257231184436629,0.6257231184436629,,,,1.0
39,acetone_gsolv_eV,3,0.9999999403953552,0.0,0.6257231184436629,0.6257231184436629,,,,1.0
39,acetone_gsolv_eV,4,0.9999999403953552,0.0,0.6257231184436629,0.6257231184436629,,,,1.0
39,acetone_gsolv_eV,5,0.9999999403953552,0.0,0.6257231184436629,0.6257231184436629,,,,1.0
39,acetone_gsolv_eV,6,0.9999999403953552,0.0,0.6257231184436629,0.6257231184436629,,,,1.0
39,acetone_gsolv_eV,7,0.9999999403953552,0.0,0.6257231184436629,0.6257231184436629,,,,1.0
39,acetone_gsolv_eV,8,0.9999999403953552,0.0,0.6257231184436629,0.6257231184436629,,,,1.0
39,acetone_gsolv_eV,9,0.9999999403953552,0.0,0.6257231184436629,0.6257231184436629,,,,1.0
39,acetone_gsolv_eV,10,0.9999999403953552,0.0,0.6257231184436629,0.6257231184436629,,,,1.0
39,acetone_gsolv_eV,11,0.9999999403953552,0.0,0.6257231184436629,0.6257231184436629,,,,1.0
39,acetone_gsolv_eV,12,0.9999999403953552,0.0,0.6257231184436629,0.6257231184436629,,,,1.0
39,acetone_gsolv_eV,13,0.9999999403953552,0.0,0.6257231184436629,0.6257231184436629,,,,1.0
39,acetone_gsolv_eV,14,0.9999999403953552,0.0,0.6257231184436629,0.6257231184436629,,,,1.0
39,acetone_gsolv_eV,15,0.9999999403953552,0.0,0.6257231184436629,0.6257231184436629,,,,1.0
39,acetone_gsolv_eV,16,0.9999999403953552,0.0,0.6257231184436629,0.6257231184436629,,,,1.0
39,acetone_gsolv_eV,17,0.9999999403953552,0.0,0.6257231184436629,0.6257231184436629,,,,1.0
39,acetone_gsolv_eV,18,0.9999999403953552,0.0,0.6257231184436629,0.6257231184436629,,,,1.0
39,acetone_gsolv_eV,19,0.9999999403953552,0.0,0.6257231184436629,0.6257231184436629,,,,1.0
39,acetone_gsolv_eV,20,0.9999999403953552,0.0,0.6257231184436629,0.6257231184436629,,,,1.0
39,acetone_gsolv_eV,21,0.9999999403953552,0.0,0.6257231184436629,0.6257231184436629,,,,1.0
39,acetone_gsolv_eV,22,0.9999999403953552,0.0,0.6257231184436629,0.6257231184436629,,,,1.0
39,acetone_gsolv_eV,23,0.9999999403953552,0.0,0.6257231184436629,0.6257231184436629,,,,1.0
39,acetone_gsolv_eV,24,0.9999999403953552,0.0,0.6257231184436629,0.6257231184436629,,,,1.0
39,acetone_gsolv_eV,25,0.9999999403953552,0.0,0.6257231184436629,0.6257231184436629,,,,1.0
39,acetone_gsolv_eV,26,0.9999999403953552,0.0,0.6257231184436629,0.6257231184436629,,,,1.0
39,acetone_gsolv_eV,27,0.9999999403953552,0.0,0.6257231184436629,0.6257231184436629,,,,1.0
39,acetone_gsolv_eV,28,0.9999999403953552,0.0,0.6257231184436629,0.6257231184436629,,,,1.0
39,acetone_gsolv_eV,29,0.9999999403953552,0.0,0.6257231184436629,0.6257231184436629,,,,1.0
39,acetone_gsolv_eV,30,0.9999999403953552,0.0,0.6257231184436629,0.6257231184436629,,,,1.0
39,acetone_gsolv_eV,31,0.9999999403953552,0.0,0.6257231184436629,0.6257231184436629,,,,1.0
39,acetone_gsolv_eV,32,0.9999999403953552,0.0,0.6257231184436629,0.6257231184436629,,,,1.0
39,acetone_gsolv_eV,33,0.9999999403953552,0.0,0.6257231184436629,0.6257231184436629,,,,1.0
39,acetone_gsolv_eV,34,0.9999999403953552,0.0,0.6257231184436629,0.6257231184436629,,,,1.0
39,acetone_gsolv_eV,35,0.9999999403953552,0.0,0.6257231184436629,0.6257231184436629,,,,1.0
39,acetone_gsolv_eV,36,0.9999999403953552,0.0,0.6257231184436629,0.6257231184436629,,,,1.0
39,acetone_gsolv_eV,37,0.9999999403953552,0.0,0.6257231184436629,0.6257231184436629,,,,1.0
39,acetone_gsolv_eV,38,0.9999999403953552,0.0,0.6257231184436629,0.6257231184436629,,,,1.0
39,acetone_gsolv_eV,39,0.9999999403953552,0.0,0.6257231184436629,0.6257231184436629,,,,1.0
39,acetone_gsolv_eV,40,0.9999999403953552,0.0,0.6257231184436629,0.6257231184436629,,,,1.0
39,acetone_gsolv_eV,41,0.9999999403953552,0.0,0.6257231184436629,0.6257231184436629,,,,1.0
39,acetone_gsolv_eV,42,0.9999999403953552,0.0,0.6257231184436629,0.6257231184436629,,,,1.0
39,acetone_gsolv_eV,43,0.9999999403953552,0.0,0.6257231184436629,0.6257231184436629,,,,1.0
39,acetone_gsolv_eV,44,0.9999999403953552,0.0,0.6257231184436629,0.6257231184436629,,,,1.0
39,acetone_gsolv_eV,45,0.9999999403953552,0.0,0.6257231184436629,0.6257231184436629,,,,1.0
39,acetone_gsolv_eV,46,0.9999999403953552,0.0,0.6257231184436629,0.6257231184436629,,,,1.0
39,acetone_gsolv_eV,47,0.9999999403953552,0.0,0.6257231184436629,0.6257231184436629,,,,1.0
39,acetone_gsolv_eV,48,0.9999999403953552,0.0,0.6257231184436629,0.6257231184436629,,,,1.0
39,acetone_gsolv_eV,49,0.9999999403953552,0.0,0.6257231184436629,0.6257231184436629,,,,1.0
39,acetone_gsolv_eV,50,0.9999999403953552,0.0,0.6257231184436629,0.6257231184436629,,,,1.0
39,acetone_gsolv_eV,51,0.9999999403953552,0.0,0.6257231184436629,0.6257231184436629,,,,1.0
39,acetone_gsolv_eV,52,0.9999999403953552,0.0,0.6257231184436629,0.6257231184436629,,,,1.0
39,acetone_gsolv_eV,53,0.9999999403953552,0.0,0.6257231184436629,0.6257231184436629,,,,1.0
39,acetone_gsolv_eV,54,0.9999999403953552,0.0,0.6257231184436629,0.6257231184436629,,,,1.0
39,acetone_gsolv_eV,55,0.9999999403953552,0.0,0.6257231184436629,0.6257231184436629,,,,1.0
39,acetone_gsolv_eV,56,0.9999999403953552,0.0,0.6257231184436629,0.6257231184436629,,,,1.0
39,acetone_gsolv_eV,57,0.9999999403953552,0.0,0.6257231184436629,0.6257231184436629,,,,1.0
39,acetone_gsolv_eV,58,0.9999999403953552,0.0,0.6257231184436629,0.6257231184436629,,,,1.0
39,acetone_gsolv_eV,59,0.9999999403953552,0.0,0.6257231184436629,0.6257231184436629,,,,1.0
39,acetone_gsolv_eV,60,0.9999999403953552,0.0,0.6257231184436629,0.6257231184436629,,,,1.0
39,acetone_gsolv_eV,61,0.9999999403953552,0.0,0.6257231184436629,0.6257231184436629,,,,1.0
39,acetone_gsolv_eV,62,0.9999999403953552,0.0,0.6257231184436629,0.6257231184436629,,,,1.0
39,acetone_gsolv_eV,63,0.9999999403953552,0.0,0.6257231184436629,0.6257231184436629,,,,1.0
39,acetone_gsolv_eV,64,0.9999999403953552,0.0,0.6257231184436629,0.6257231184436629,,,,1.0
39,acetone_gsolv_eV,65,0.9999999403953552,0.0,0.6257231184436629,0.6257231184436629,,,,1.0
39,acetone_gsolv_eV,66,0.9999999403953552,0.0,0.6257231184436629,0.6257231184436629,,,,1.0
39,acetone_gsolv_eV,67,0.9999999403953552,0.0,0.6257231184436629,0.6257231184436629,,,,1.0
39,acetone_gsolv_eV,68,0.9999999403953552,0.0,0.6257231184436629,0.6257231184436629,,,,1.0
39,acetone_gsolv_eV,69,0.9999999403953552,0.0,0.6257231184436629,0.6257231184436629,,,,1.0
39,acetone_gsolv_eV,70,0.9999999403953552,0.0,0.6257231184436629,0.6257231184436629,,,,1.0
39,acetone_gsolv_eV,71,0.9999999403953552,0.0,0.6257231184436629,0.6257231184436629,,,,1.0
39,acetone_gsolv_eV,72,0.9999999403953552,0.0,0.6257231184436629,0.6257231184436629,,,,1.0
39,acetone_gsolv_eV,73,0.9999999403953552,0.0,0.6257231184436629,0.6257231184436629,,,,1.0
39,acetone_gsolv_eV,74,0.9999999403953552,0.0,0.6257231184436629,0.6257231184436629,,,,1.0
39,acetone_gsolv_eV,75,0.9999999403953552,0.0,0.6257231184436629,0.6257231184436629,,,,1.0
39,acetone_gsolv_eV,76,0.9999999403953552,0.0,0.6257231184436629,0.6257231184436629,,,,1.0
39,acetone_gsolv_eV,77,0.9999999403953552,0.0,0.6257231184436629,0.6257231184436629,,,,1.0
39,acetone_gsolv_eV,78,0.9999999403953552,0.0,0.6257231184436629,0.6257231184436629,,,,1.0
39,acetone_gsolv_eV,79,0.9999999403953552,0.0,0.6257231184436629,0.6257231184436629,,,,1.0
39,acetone_gsolv_eV,80,0.9999999403953552,0.0,0.6257231184436629,0.6257231184436629,,,,1.0
39,acetone_gsolv_eV,81,0.9999999403953552,0.0,0.6257231184436629,0.6257231184436629,,,,1.0
39,acetone_gsolv_eV,82,0.9999999403953552,0.0,0.6257231184436629,0.6257231184436629,,,,1.0
39,acetone_gsolv_eV,83,0.9999999403953552,0.0,0.6257231184436629,0.6257231184436629,,,,1.0
39,acetone_gsolv_eV,84,0.9999999403953552,0.0,0.6257231184436629,0.6257231184436629,,,,1.0
39,acetone_gsolv_eV,85,0.9999999403953552,0.0,0.6257231184436629,0.6257231184436629,,,,1.0
39,acetone_gsolv_eV,86,0.9999999403953552,0.0,0.6257231184436629,0.6257231184436629,,,,1.0
39,acetone_gsolv_eV,87,0.9999999403953552,0.0,0.6257231184436629,0.6257231184436629,,,,1.0
39,acetone_gsolv_eV,88,0.9999999403953552,0.0,0.6257231184436629,0.6257231184436629,,,,1.0
39,acetone_gsolv_eV,89,0.9999999403953552,0.0,0.6257231184436629,0.6257231184436629,,,,1.0
39,acetone_gsolv_eV,90,0.9999999403953552,0.0,0.6257231184436629,0.6257231184436629,,,,1.0
39,acetone_gsolv_eV,91,0.9999999403953552,0.0,0.6257231184436629,0.6257231184436629,,,,1.0
39,acetone_gsolv_eV,92,0.9999999403953552,0.0,0.6257231184436629,0.6257231184436629,,,,1.0
39,acetone_gsolv_eV,93,0.9999999403953552,0.0,0.6257231184436629,0.6257231184436629,,,,1.0
39,acetone_gsolv_eV,94,0.9999999403953552,0.0,0.6257231184436629,0.6257231184436629,,,,1.0
39,acetone_gsolv_eV,95,0.9999999403953552,0.0,0.6257231184436629,0.6257231184436629,,,,1.0
39,acetone_gsolv_eV,96,0.9999999403953552,0.0,0.6257231184436629,0.6257231184436629,,,,1.0
39,acetone_gsolv_eV,97,0.9999999403953552,0.0,0.6257231184436629,0.6257231184436629,,,,1.0
39,acetone_gsolv_eV,98,0.9999999403953552,0.0,0.6257231184436629,0.6257231184436629,,,,1.0
39,acetone_gsolv_eV,99,0.9999999403953552,0.0,0.6257231184436629,0.6257231184436629,,,,1.0
39,acetone_gsolv_eV,100,0.9999999403953552,0.0,0.6257231184436629,0.6257231184436629,,,,1.0
39,acetone_gsolv_eV,101,0.9999999403953552,0.0,0.6257231184436629,0.6257231184436629,,,,1.0
39,acetone_gsolv_eV,102,0.9999999403953552,0.0,0.6257231184436629,0.6257231184436629,,,,1.0
39,acetone_gsolv_eV,103,0.9999999403953552,0.0,0.6257231184436629,0.6257231184436629,,,,1.0
39,acetone_gsolv_eV,104,0.9999999403953552,0.0,0.6257231184436629,0.6257231184436629,,,,1.0
39,acetone_gsolv_eV,105,0.9999999403953552,0.0,0.6257231184436629,0.6257231184436629,,,,1.0
39,acetone_gsolv_eV,106,0.9999999403953552,0.0,0.6257231184436629,0.6257231184436629,,,,1.0
39,acetone_gsolv_eV,107,0.9999999403953552,0.0,0.6257231184436629,0.6257231184436629,,,,1.0
39,acetone_gsolv_eV,108,0.9999999403953552,0.0,0.6257231184436629,0.6257231184436629,,,,1.0
39,acetone_gsolv_eV,109,0.9999999403953552,0.0,0.6257231184436629,0.6257231184436629,,,,1.0
39,acetone_gsolv_eV,110,0.9999999403953552,0.0,0.6257231184436629,0.6257231184436629,,,,1.0
39,acetone_gsolv_eV,111,0.9999999403953552,0.0,0.6257231184436629,0.6257231184436629,,,,1.0
39,acetone_gsolv_eV,112,0.9999999403953552,0.0,0.6257231184436629,0.6257231184436629,,,,1.0
39,acetone_gsolv_eV,113,0.9999999403953552,0.0,0.6257231184436629,0.6257231184436629,,,,1.0
39,acetone_gsolv_eV,114,0.9999999403953552,0.0,0.6257231184436629,0.6257231184436629,,,,1.0
39,acetone_gsolv_eV,115,0.9999999403953552,0.0,0.6257231184436629,0.6257231184436629,,,,1.0
39,acetone_gsolv_eV,116,0.9999999403953552,0.0,0.6257231184436629,0.6257231184436629,,,,1.0
39,acetone_gsolv_eV,117,0.9999999403953552,0.0,0.6257231184436629,0.6257231184436629,,,,1.0
39,acetone_gsolv_eV,118,0.9999999403953552,0.0,0.6257231184436629,0.6257231184436629,,,,1.0
39,acetone_gsolv_eV,119,0.9999999403953552,0.0,0.6257231184436629,0.6257231184436629,,,,1.0
39,acetone_gsolv_eV,120,0.9999999403953552,0.0,0.6257231184436629,0.6257231184436629,,,,1.0
39,acetone_gsolv_eV,121,0.9999999403953552,0.0,0.6257231184436629,0.6257231184436629,,,,1.0
39,acetone_gsolv_eV,122,0.9999999403953552,0.0,0.6257231184436629,0.6257231184436629,,,,1.0
39,acetone_gsolv_eV,123,0.9999999403953552,0.0,0.6257231184436629,0.6257231184436629,,,,1.0
39,acetone_gsolv_eV,124,0.9999999403953552,0.0,0.6257231184436629,0.6257231184436629,,,,1.0
39,acetone_gsolv_eV,125,0.9999999403953552,0.0,0.6257231184436629,0.6257231184436629,,,,1.0
39,acetone_gsolv_eV,126,0.9999999403953552,0.0,0.6257231184436629,0.6257231184436629,,,,1.0
39,acetone_gsolv_eV,127,0.9999999403953552,0.0,0.6257231184436629,0.6257231184436629,,,,1.0
39,acetone_gsolv_eV,128,0.9999999403953552,0.0,0.6257231184436629,0.6257231184436629,,,,1.0
39,acetone_gsolv_eV,129,0.9999999403953552,0.0,0.6257231184436629,0.6257231184436629,,,,1.0
39,acetone_gsolv_eV,130,0.9999999403953552,0.0,0.6257231184436629,0.6257231184436629,,,,1.0
39,acetone_gsolv_eV,131,0.9999999403953552,0.0,0.6257231184436629,0.6257231184436629,,,,1.0
39,acetone_gsolv_eV,132,0.9999999403953552,0.0,0.6257231184436629,0.6257231184436629,,,,1.0
39,acetone_gsolv_eV,133,0.9999999403953552,0.0,0.6257231184436629,0.6257231184436629,,,,1.0
39,acetone_gsolv_eV,134,0.9999999403953552,0.0,0.6257231184436629,0.6257231184436629,,,,1.0
39,acetone_gsolv_eV,135,0.9999999403953552,0.0,0.6257231184436629,0.6257231184436629,,,,1.0
39,acetone_gsolv_eV,136,0.9999999403953552,0.0,0.6257231184436629,0.6257231184436629,,,,1.0
39,acetone_gsolv_eV,137,0.9999999403953552,0.0,0.6257231184436629,0.6257231184436629,,,,1.0
39,acetone_gsolv_eV,138,0.9999999403953552,0.0,0.6257231184436629,0.6257231184436629,,,,1.0
39,acetone_gsolv_eV,139,0.9999999403953552,0.0,0.6257231184436629,0.6257231184436629,,,,1.0
39,acetone_gsolv_eV,140,0.9999999403953552,0.0,0.6257231184436629,0.6257231184436629,,,,1.0
39,acetone_gsolv_eV,141,0.9999999403953552,0.0,0.6257231184436629,0.6257231184436629,,,,1.0
39,acetone_gsolv_eV,142,0.9999999403953552,0.0,0.6257231184436629,0.6257231184436629,,,,1.0
39,acetone_gsolv_eV,143,0.9999999403953552,0.0,0.6257231184436629,0.6257231184436629,,,,1.0
39,acetone_gsolv_eV,144,0.9999999403953552,0.0,0.6257231184436629,0.6257231184436629,,,,1.0
39,acetone_gsolv_eV,145,0.9999999403953552,0.0,0.6257231184436629,0.6257231184436629,,,,1.0
39,acetone_gsolv_eV,146,0.9999999403953552,0.0,0.6257231184436629,0.6257231184436629,,,,1.0
39,acetone_gsolv_eV,147,0.9999999403953552,0.0,0.6257231184436629,0.6257231184436629,,,,1.0
39,acetone_gsolv_eV,148,0.9999999403953552,0.0,0.6257231184436629,0.6257231184436629,,,,1.0
39,acetone_gsolv_eV,149,0.9999999403953552,0.0,0.6257231184436629,0.6257231184436629,,,,1.0
39,acetone_gsolv_eV,150,0.9999999403953552,0.0,0.6257231184436629,0.6257231184436629,,,,1.0
39,acetone_gsolv_eV,151,0.9999999403953552,0.0,0.6257231184436629,0.6257231184436629,,,,1.0
39,acetone_gsolv_eV,152,0.9999999403953552,0.0,0.6257231184436629,0.6257231184436629,,,,1.0
39,acetone_gsolv_eV,153,0.9999999403953552,0.0,0.6257231184436629,0.6257231184436629,,,,1.0
39,acetone_gsolv_eV,154,0.9999999403953552,0.0,0.6257231184436629,0.6257231184436629,,,,1.0
39,acetone_gsolv_eV,155,0.9999999403953552,0.0,0.6257231184436629,0.6257231184436629,,,,1.0
39,acetone_gsolv_eV,156,0.9999999403953552,0.0,0.6257231184436629,0.6257231184436629,,,,1.0
39,acetone_gsolv_eV,157,0.9999999403953552,0.0,0.6257231184436629,0.6257231184436629,,,,1.0
39,acetone_gsolv_eV,158,0.9999999403953552,0.0,0.6257231184436629,0.6257231184436629,,,,1.0
39,acetone_gsolv_eV,159,0.9999999403953552,0.0,0.6257231184436629,0.6257231184436629,,,,1.0
39,acetone_gsolv_eV,160,0.9999999403953552,0.0,0.6257231184436629,0.6257231184436629,,,,1.0
39,acetone_gsolv_eV,161,0.9999999403953552,0.0,0.6257231184436629,0.6257231184436629,,,,1.0
39,acetone_gsolv_eV,162,0.9999999403953552,0.0,0.6257231184436629,0.6257231184436629,,,,1.0
39,acetone_gsolv_eV,163,0.9999999403953552,0.0,0.6257231184436629,0.6257231184436629,,,,1.0
39,acetone_gsolv_eV,164,0.9999999403953552,0.0,0.6257231184436629,0.6257231184436629,,,,1.0
39,acetone_gsolv_eV,165,0.9999999403953552,0.0,0.6257231184436629,0.6257231184436629,,,,1.0
39,acetone_gsolv_eV,166,0.9999999403953552,0.0,0.6257231184436629,0.6257231184436629,,,,1.0
39,acetone_gsolv_eV,167,0.9999999403953552,0.0,0.6257231184436629,0.6257231184436629,,,,1.0
39,acetone_gsolv_eV,168,0.9999999403953552,0.0,0.6257231184436629,0.6257231184436629,,,,1.0
39,acetone_gsolv_eV,169,0.9999999403953552,0.0,0.6257231184436629,0.6257231184436629,,,,1.0
39,acetone_gsolv_eV,170,0.9999999403953552,0.0,0.6257231184436629,0.6257231184436629,,,,1.0
39,acetone_gsolv_eV,171,0.9999999403953552,0.0,0.6257231184436629,0.6257231184436629,,,,1.0
39,acetone_gsolv_eV,172,0.9999999403953552,0.0,0.6257231184436629,0.6257231184436629,,,,1.0
39,acetone_gsolv_eV,173,0.9999999403953552,0.0,0.6257231184436629,0.6257231184436629,,,,1.0
39,acetone_gsolv_eV,174,0.9999999403953552,0.0,0.6257231184436629,0.6257231184436629,,,,1.0
39,acetone_gsolv_eV,175,0.9999999403953552,0.0,0.6257231184436629,0.6257231184436629,,,,1.0
39,acetone_gsolv_eV,176,0.9999999403953552,0.0,0.6257231184436629,0.6257231184436629,,,,1.0
39,acetone_gsolv_eV,177,0.9999999403953552,0.0,0.6257231184436629,0.6257231184436629,,,,1.0
39,acetone_gsolv_eV,178,0.9999999403953552,0.0,0.6257231184436629,0.6257231184436629,,,,1.0
39,acetone_gsolv_eV,179,0.9999999403953552,0.0,0.6257231184436629,0.6257231184436629,,,,1.0
39,acetone_gsolv_eV,180,0.9999999403953552,0.0,0.6257231184436629,0.6257231184436629,,,,1.0
39,acetone_gsolv_eV,181,0.9999999403953552,0.0,0.6257231184436629,0.6257231184436629,,,,1.0
39,acetone_gsolv_eV,182,0.9999999403953552,0.0,0.6257231184436629,0.6257231184436629,,,,1.0
39,acetone_gsolv_eV,183,0.9999999403953552,0.0,0.6257231184436629,0.6257231184436629,,,,1.0
39,acetone_gsolv_eV,184,0.9999999403953552,0.0,0.6257231184436629,0.6257231184436629,,,,1.0
39,acetone_gsolv_eV,185,0.9999999403953552,0.0,0.6257231184436629,0.6257231184436629,,,,1.0
39,acetone_gsolv_eV,186,0.9999999403953552,0.0,0.6257231184436629,0.6257231184436629,,,,1.0
39,acetone_gsolv_eV,187,0.9999999403953552,0.0,0.6257231184436629,0.6257231184436629,,,,1.0
39,acetone_gsolv_eV,188,0.9999999403953552,0.0,0.6257231184436629,0.6257231184436629,,,,1.0
39,acetone_gsolv_eV,189,0.9999999403953552,0.0,0.6257231184436629,0.6257231184436629,,,,1.0
39,acetone_gsolv_eV,190,0.9999999403953552,0.0,0.6257231184436629,0.6257231184436629,,,,1.0
39,acetone_gsolv_eV,191,0.9999999403953552,0.0,0.6257231184436629,0.6257231184436629,,,,1.0
39,acetone_gsolv_eV,192,0.9999999403953552,0.0,0.6257231184436629,0.6257231184436629,,,,1.0
39,acetone_gsolv_eV,193,0.9999999403953552,0.0,0.6257231184436629,0.6257231184436629,,,,1.0
39,acetone_gsolv_eV,194,0.9999999403953552,0.0,0.6257231184436629,0.6257231184436629,,,,1.0
39,acetone_gsolv_eV,195,0.9999999403953552,0.0,0.6257231184436629,0.6257231184436629,,,,1.0
39,acetone_gsolv_eV,196,0.9999999403953552,0.0,0.6257231184436629,0.6257231184436629,,,,1.0
39,acetone_gsolv_eV,197,0.9999999403953552,0.0,0.6257231184436629,0.6257231184436629,,,,1.0
39,acetone_gsolv_eV,198,0.9999999403953552,0.0,0.6257231184436629,0.6257231184436629,,,,1.0
39,acetone_gsolv_eV,199,0.9999999403953552,0.0,0.6257231184436629,0.6257231184436629,,,,1.0
39,acetone_gsolv_eV,200,0.9999999403953552,0.0,0.6257231184436629,0.6257231184436629,,,,1.0
39,acetone_gsolv_eV,201,0.9999999403953552,0.0,0.6257231184436629,0.6257231184436629,,,,1.0
39,acetone_gsolv_eV,202,0.9999999403953552,0.0,0.6257231184436629,0.6257231184436629,,,,1.0
39,acetone_gsolv_eV,203,0.9999999403953552,0.0,0.6257231184436629,0.6257231184436629,,,,1.0
39,acetone_gsolv_eV,204,0.9999999403953552,0.0,0.6257231184436629,0.6257231184436629,,,,1.0
39,acetone_gsolv_eV,205,0.9999999403953552,0.0,0.6257231184436629,0.6257231184436629,,,,1.0
39,acetone_gsolv_eV,206,0.9999999403953552,0.0,0.6257231184436629,0.6257231184436629,,,,1.0
39,acetone_gsolv_eV,207,0.9999999403953552,0.0,0.6257231184436629,0.6257231184436629,,,,1.0
39,acetone_gsolv_eV,208,0.9999999403953552,0.0,0.6257231184436629,0.6257231184436629,,,,1.0
39,acetone_gsolv_eV,209,0.9999999403953552,0.0,0.6257231184436629,0.6257231184436629,,,,1.0
39,acetone_gsolv_eV,210,0.9999999403953552,0.0,0.6257231184436629,0.6257231184436629,,,,1.0
39,acetone_gsolv_eV,211,0.9999999403953552,0.0,0.6257231184436629,0.6257231184436629,,,,1.0
39,acetone_gsolv_eV,212,0.9999999403953552,0.0,0.6257231184436629,0.6257231184436629,,,,1.0
39,acetone_gsolv_eV,213,0.9999999403953552,0.0,0.6257231184436629,0.6257231184436629,,,,1.0
39,acetone_gsolv_eV,214,0.9999999403953552,0.0,0.6257231184436629,0.6257231184436629,,,,1.0
39,acetone_gsolv_eV,215,0.9999999403953552,0.0,0.6257231184436629,0.6257231184436629,,,,1.0
39,acetone_gsolv_eV,216,0.9999999403953552,0.0,0.6257231184436629,0.6257231184436629,,,,1.0
39,acetone_gsolv_eV,217,0.9999999403953552,0.0,0.6257231184436629,0.6257231184436629,,,,1.0
39,acetone_gsolv_eV,218,0.9999999403953552,0.0,0.6257231184436629,0.6257231184436629,,,,1.0
39,acetone_gsolv_eV,219,0.9999999403953552,0.0,0.6257231184436629,0.6257231184436629,,,,1.0
39,acetone_gsolv_eV,220,0.9999999403953552,0.0,0.6257231184436629,0.6257231184436629,,,,1.0
39,acetone_gsolv_eV,221,0.9999999403953552,0.0,0.6257231184436629,0.6257231184436629,,,,1.0
39,acetone_gsolv_eV,222,0.9999999403953552,0.0,0.6257231184436629,0.6257231184436629,,,,1.0
39,acetone_gsolv_eV,223,0.9999999403953552,0.0,0.6257231184436629,0.6257231184436629,,,,1.0
39,acetone_gsolv_eV,224,0.9999999403953552,0.0,0.6257231184436629,0.6257231184436629,,,,1.0
39,acetone_gsolv_eV,225,0.9999999403953552,0.0,0.6257231184436629,0.6257231184436629,,,,1.0
39,acetone_gsolv_eV,226,0.9999999403953552,0.0,0.6257231184436629,0.6257231184436629,,,,1.0
39,acetone_gsolv_eV,227,0.9999999403953552,0.0,0.6257231184436629,0.6257231184436629,,,,1.0
39,acetone_gsolv_eV,228,0.9999999403953552,0.0,0.6257231184436629,0.6257231184436629,,,,1.0
39,acetone_gsolv_eV,229,0.9999999403953552,0.0,0.6257231184436629,0.6257231184436629,,,,1.0
39,acetone_gsolv_eV,230,0.9999999403953552,0.0,0.6257231184436629,0.6257231184436629,,,,1.0
39,acetone_gsolv_eV,231,0.9999999403953552,0.0,0.6257231184436629,0.6257231184436629,,,,1.0
39,acetone_gsolv_eV,232,0.9999999403953552,0.0,0.6257231184436629,0.6257231184436629,,,,1.0
39,acetone_gsolv_eV,233,0.9999999403953552,0.0,0.6257231184436629,0.6257231184436629,,,,1.0
39,acetone_gsolv_eV,234,0.9999999403953552,0.0,0.6257231184436629,0.6257231184436629,,,,1.0
39,acetone_gsolv_eV,235,0.9999999403953552,0.0,0.6257231184436629,0.6257231184436629,,,,1.0
39,acetone_gsolv_eV,236,0.9999999403953552,0.0,0.6257231184436629,0.6257231184436629,,,,1.0
39,acetone_gsolv_eV,237,0.9999999403953552,0.0,0.6257231184436629,0.6257231184436629,,,,1.0
39,acetone_gsolv_eV,238,0.9999999403953552,0.0,0.6257231184436629,0.6257231184436629,,,,1.0
39,acetone_gsolv_eV,239,0.9999999403953552,0.0,0.6257231184436629,0.6257231184436629,,,,1.0
39,acetone_gsolv_eV,240,0.9999999403953552,0.0,0.6257231184436629,0.6257231184436629,,,,1.0
39,acetone_gsolv_eV,241,0.9999999403953552,0.0,0.6257231184436629,0.6257231184436629,,,,1.0
39,acetone_gsolv_eV,242,0.9999999403953552,0.0,0.6257231184436629,0.6257231184436629,,,,1.0
39,acetone_gsolv_eV,243,0.9999999403953552,0.0,0.6257231184436629,0.6257231184436629,,,,1.0
39,acetone_gsolv_eV,244,0.9999999403953552,0.0,0.6257231184436629,0.6257231184436629,,,,1.0
39,acetone_gsolv_eV,245,0.9999999403953552,0.0,0.6257231184436629,0.6257231184436629,,,,1.0
39,acetone_gsolv_eV,246,0.9999999403953552,0.0,0.6257231184436629,0.6257231184436629,,,,1.0
39,acetone_gsolv_eV,247,0.9999999403953552,0.0,0.6257231184436629,0.6257231184436629,,,,1.0
39,acetone_gsolv_eV,248,0.9999999403953552,0.0,0.6257231184436629,0.6257231184436629,,,,1.0
39,acetone_gsolv_eV,249,0.9999999403953552,0.0,0.6257231184436629,0.6257231184436629,,,,1.0
39,acetone_hl_gap_eV,0,1.0,0.0,0.713771823150742,0.713771823150742,,,,1.0
39,acetone_hl_gap_eV,1,1.0,0.0,0.713771823150742,0.713771823150742,,,,1.0
39,acetone_hl_gap_eV,2,1.0,0.0,0.713771823150742,0.713771823150742,,,,1.0
39,acetone_hl_gap_eV,3,1.0,0.0,0.713771823150742,0.713771823150742,,,,1.0
39,acetone_hl_gap_eV,4,1.0,0.0,0.713771823150742,0.713771823150742,,,,1.0
39,acetone_hl_gap_eV,5,1.0,0.0,0.713771823150742,0.713771823150742,,,,1.0
39,acetone_hl_gap_eV,6,1.0,0.0,0.713771823150742,0.713771823150742,,,,1.0
39,acetone_hl_gap_eV,7,1.0,0.0,0.713771823150742,0.713771823150742,,,,1.0
39,acetone_hl_gap_eV,8,1.0,0.0,0.713771823150742,0.713771823150742,,,,1.0
39,acetone_hl_gap_eV,9,1.0,0.0,0.713771823150742,0.713771823150742,,,,1.0
39,acetone_hl_gap_eV,10,1.0,0.0,0.713771823150742,0.713771823150742,,,,1.0
39,acetone_hl_gap_eV,11,1.0,0.0,0.713771823150742,0.713771823150742,,,,1.0
39,acetone_hl_gap_eV,12,1.0,0.0,0.713771823150742,0.713771823150742,,,,1.0
39,acetone_hl_gap_eV,13,1.0,0.0,0.713771823150742,0.713771823150742,,,,1.0
39,acetone_hl_gap_eV,14,1.0,0.0,0.713771823150742,0.713771823150742,,,,1.0
39,acetone_hl_gap_eV,15,1.0,0.0,0.713771823150742,0.713771823150742,,,,1.0
39,acetone_hl_gap_eV,16,1.0,0.0,0.713771823150742,0.713771823150742,,,,1.0
39,acetone_hl_gap_eV,17,1.0,0.0,0.713771823150742,0.713771823150742,,,,1.0
39,acetone_hl_gap_eV,18,1.0,0.0,0.713771823150742,0.713771823150742,,,,1.0
39,acetone_hl_gap_eV,19,1.0,0.0,0.713771823150742,0.713771823150742,,,,1.0
39,acetone_hl_gap_eV,20,1.0,0.0,0.713771823150742,0.713771823150742,,,,1.0
39,acetone_hl_gap_eV,21,1.0,0.0,0.713771823150742,0.713771823150742,,,,1.0
39,acetone_hl_gap_eV,22,1.0,0.0,0.713771823150742,0.713771823150742,,,,1.0
39,acetone_hl_gap_eV,23,1.0,0.0,0.713771823150742,0.713771823150742,,,,1.0
39,acetone_hl_gap_eV,24,1.0,0.0,0.713771823150742,0.713771823150742,,,,1.0
39,acetone_hl_gap_eV,25,1.0,0.0,0.713771823150742,0.713771823150742,,,,1.0
39,acetone_hl_gap_eV,26,1.0,0.0,0.713771823150742,0.713771823150742,,,,1.0
39,acetone_hl_gap_eV,27,1.0,0.0,0.713771823150742,0.713771823150742,,,,1.0
39,acetone_hl_gap_eV,28,1.0,0.0,0.713771823150742,0.713771823150742,,,,1.0
39,acetone_hl_gap_eV,29,1.0,0.0,0.713771823150742,0.713771823150742,,,,1.0
39,acetone_hl_gap_eV,30,1.0,0.0,0.713771823150742,0.713771823150742,,,,1.0
39,acetone_hl_gap_eV,31,1.0,0.0,0.713771823150742,0.713771823150742,,,,1.0
39,acetone_hl_gap_eV,32,1.0,0.0,0.713771823150742,0.713771823150742,,,,1.0
39,acetone_hl_gap_eV,33,1.0,0.0,0.713771823150742,0.713771823150742,,,,1.0
39,acetone_hl_gap_eV,34,1.0,0.0,0.713771823150742,0.713771823150742,,,,1.0
39,acetone_hl_gap_eV,35,1.0,0.0,0.713771823150742,0.713771823150742,,,,1.0
39,acetone_hl_gap_eV,36,1.0,0.0,0.713771823150742,0.713771823150742,,,,1.0
39,acetone_hl_gap_eV,37,1.0,0.0,0.713771823150742,0.713771823150742,,,,1.0
39,acetone_hl_gap_eV,38,1.0,0.0,0.713771823150742,0.713771823150742,,,,1.0
39,acetone_hl_gap_eV,39,1.0,0.0,0.713771823150742,0.713771823150742,,,,1.0
39,acetone_hl_gap_eV,40,1.0,0.0,0.713771823150742,0.713771823150742,,,,1.0
39,acetone_hl_gap_eV,41,1.0,0.0,0.713771823150742,0.713771823150742,,,,1.0
39,acetone_hl_gap_eV,42,1.0,0.0,0.713771823150742,0.713771823150742,,,,1.0
39,acetone_hl_gap_eV,43,1.0,0.0,0.713771823150742,0.713771823150742,,,,1.0
39,acetone_hl_gap_eV,44,1.0,0.0,0.713771823150742,0.713771823150742,,,,1.0
39,acetone_hl_gap_eV,45,1.0,0.0,0.713771823150742,0.713771823150742,,,,1.0
39,acetone_hl_gap_eV,46,1.0,0.0,0.713771823150742,0.713771823150742,,,,1.0
39,acetone_hl_gap_eV,47,1.0,0.0,0.713771823150742,0.713771823150742,,,,1.0
39,acetone_hl_gap_eV,48,1.0,0.0,0.713771823150742,0.713771823150742,,,,1.0
39,acetone_hl_gap_eV,49,1.0,0.0,0.713771823150742,0.713771823150742,,,,1.0
39,acetone_hl_gap_eV,50,1.0,0.0,0.713771823150742,0.713771823150742,,,,1.0
39,acetone_hl_gap_eV,51,1.0,0.0,0.713771823150742,0.713771823150742,,,,1.0
39,acetone_hl_gap_eV,52,1.0,0.0,0.713771823150742,0.713771823150742,,,,1.0
39,acetone_hl_gap_eV,53,1.0,0.0,0.713771823150742,0.713771823150742,,,,1.0
39,acetone_hl_gap_eV,54,1.0,0.0,0.713771823150742,0.713771823150742,,,,1.0
39,acetone_hl_gap_eV,55,1.0,0.0,0.713771823150742,0.713771823150742,,,,1.0
39,acetone_hl_gap_eV,56,1.0,0.0,0.713771823150742,0.713771823150742,,,,1.0
39,acetone_hl_gap_eV,57,1.0,0.0,0.713771823150742,0.713771823150742,,,,1.0
39,acetone_hl_gap_eV,58,1.0,0.0,0.713771823150742,0.713771823150742,,,,1.0
39,acetone_hl_gap_eV,59,1.0,0.0,0.713771823150742,0.713771823150742,,,,1.0
39,acetone_hl_gap_eV,60,1.0,0.0,0.713771823150742,0.713771823150742,,,,1.0
39,acetone_hl_gap_eV,61,1.0,0.0,0.713771823150742,0.713771823150742,,,,1.0
39,acetone_hl_gap_eV,62,1.0,0.0,0.713771823150742,0.713771823150742,,,,1.0
39,acetone_hl_gap_eV,63,1.0,0.0,0.713771823150742,0.713771823150742,,,,1.0
39,acetone_hl_gap_eV,64,1.0,0.0,0.713771823150742,0.713771823150742,,,,1.0
39,acetone_hl_gap_eV,65,1.0,0.0,0.713771823150742,0.713771823150742,,,,1.0
39,acetone_hl_gap_eV,66,1.0,0.0,0.713771823150742,0.713771823150742,,,,1.0
39,acetone_hl_gap_eV,67,1.0,0.0,0.713771823150742,0.713771823150742,,,,1.0
39,acetone_hl_gap_eV,68,1.0,0.0,0.713771823150742,0.713771823150742,,,,1.0
39,acetone_hl_gap_eV,69,1.0,0.0,0.713771823150742,0.713771823150742,,,,1.0
39,acetone_hl_gap_eV,70,1.0,0.0,0.713771823150742,0.713771823150742,,,,1.0
39,acetone_hl_gap_eV,71,1.0,0.0,0.713771823150742,0.713771823150742,,,,1.0
39,acetone_hl_gap_eV,72,1.0,0.0,0.713771823150742,0.713771823150742,,,,1.0
39,acetone_hl_gap_eV,73,1.0,0.0,0.713771823150742,0.713771823150742,,,,1.0
39,acetone_hl_gap_eV,74,1.0,0.0,0.713771823150742,0.713771823150742,,,,1.0
39,acetone_hl_gap_eV,75,1.0,0.0,0.713771823150742,0.713771823150742,,,,1.0
39,acetone_hl_gap_eV,76,1.0,0.0,0.713771823150742,0.713771823150742,,,,1.0
39,acetone_hl_gap_eV,77,1.0,0.0,0.713771823150742,0.713771823150742,,,,1.0
39,acetone_hl_gap_eV,78,1.0,0.0,0.713771823150742,0.713771823150742,,,,1.0
39,acetone_hl_gap_eV,79,1.0,0.0,0.713771823150742,0.713771823150742,,,,1.0
39,acetone_hl_gap_eV,80,1.0,0.0,0.713771823150742,0.713771823150742,,,,1.0
39,acetone_hl_gap_eV,81,1.0,0.0,0.713771823150742,0.713771823150742,,,,1.0
39,acetone_hl_gap_eV,82,1.0,0.0,0.713771823150742,0.713771823150742,,,,1.0
39,acetone_hl_gap_eV,83,1.0,0.0,0.713771823150742,0.713771823150742,,,,1.0
39,acetone_hl_gap_eV,84,1.0,0.0,0.713771823150742,0.713771823150742,,,,1.0
39,acetone_hl_gap_eV,85,1.0,0.0,0.713771823150742,0.713771823150742,,,,1.0
39,acetone_hl_gap_eV,86,1.0,0.0,0.713771823150742,0.713771823150742,,,,1.0
39,acetone_hl_gap_eV,87,1.0,0.0,0.713771823150742,0.713771823150742,,,,1.0
39,acetone_hl_gap_eV,88,1.0,0.0,0.713771823150742,0.713771823150742,,,,1.0
39,acetone_hl_gap_eV,89,1.0,0.0,0.713771823150742,0.713771823150742,,,,1.0
39,acetone_hl_gap_eV,90,1.0,0.0,0.713771823150742,0.713771823150742,,,,1.0
39,acetone_hl_gap_eV,91,1.0,0.0,0.713771823150742,0.713771823150742,,,,1.0
39,acetone_hl_gap_eV,92,1.0,0.0,0.713771823150742,0.713771823150742,,,,1.0
39,acetone_hl_gap_eV,93,1.0,0.0,0.713771823150742,0.713771823150742,,,,1.0
39,acetone_hl_gap_eV,94,1.0,0.0,0.713771823150742,0.713771823150742,,,,1.0
39,acetone_hl_gap_eV,95,1.0,0.0,0.713771823150742,0.713771823150742,,,,1.0
39,acetone_hl_gap_eV,96,1.0,0.0,0.713771823150742,0.713771823150742,,,,1.0
39,acetone_hl_gap_eV,97,1.0,0.0,0.713771823150742,0.713771823150742,,,,1.0
39,acetone_hl_gap_eV,98,1.0,0.0,0.713771823150742,0.713771823150742,,,,1.0
39,acetone_hl_gap_eV,99,1.0,0.0,0.713771823150742,0.713771823150742,,,,1.0
39,acetone_hl_gap_eV,100,1.0,0.0,0.713771823150742,0.713771823150742,,,,1.0
39,acetone_hl_gap_eV,101,1.0,0.0,0.713771823150742,0.713771823150742,,,,1.0
39,acetone_hl_gap_eV,102,1.0,0.0,0.713771823150742,0.713771823150742,,,,1.0
39,acetone_hl_gap_eV,103,1.0,0.0,0.713771823150742,0.713771823150742,,,,1.0
39,acetone_hl_gap_eV,104,1.0,0.0,0.713771823150742,0.713771823150742,,,,1.0
39,acetone_hl_gap_eV,105,1.0,0.0,0.713771823150742,0.713771823150742,,,,1.0
39,acetone_hl_gap_eV,106,1.0,0.0,0.713771823150742,0.713771823150742,,,,1.0
39,acetone_hl_gap_eV,107,1.0,0.0,0.713771823150742,0.713771823150742,,,,1.0
39,acetone_hl_gap_eV,108,1.0,0.0,0.713771823150742,0.713771823150742,,,,1.0
39,acetone_hl_gap_eV,109,1.0,0.0,0.713771823150742,0.713771823150742,,,,1.0
39,acetone_hl_gap_eV,110,1.0,0.0,0.713771823150742,0.713771823150742,,,,1.0
39,acetone_hl_gap_eV,111,1.0,0.0,0.713771823150742,0.713771823150742,,,,1.0
39,acetone_hl_gap_eV,112,1.0,0.0,0.713771823150742,0.713771823150742,,,,1.0
39,acetone_hl_gap_eV,113,1.0,0.0,0.713771823150742,0.713771823150742,,,,1.0
39,acetone_hl_gap_eV,114,1.0,0.0,0.713771823150742,0.713771823150742,,,,1.0
39,acetone_hl_gap_eV,115,1.0,0.0,0.713771823150742,0.713771823150742,,,,1.0
39,acetone_hl_gap_eV,116,1.0,0.0,0.713771823150742,0.713771823150742,,,,1.0
39,acetone_hl_gap_eV,117,1.0,0.0,0.713771823150742,0.713771823150742,,,,1.0
39,acetone_hl_gap_eV,118,1.0,0.0,0.713771823150742,0.713771823150742,,,,1.0
39,acetone_hl_gap_eV,119,1.0,0.0,0.713771823150742,0.713771823150742,,,,1.0
39,acetone_hl_gap_eV,120,1.0,0.0,0.713771823150742,0.713771823150742,,,,1.0
39,acetone_hl_gap_eV,121,1.0,0.0,0.713771823150742,0.713771823150742,,,,1.0
39,acetone_hl_gap_eV,122,1.0,0.0,0.713771823150742,0.713771823150742,,,,1.0
39,acetone_hl_gap_eV,123,1.0,0.0,0.713771823150742,0.713771823150742,,,,1.0
39,acetone_hl_gap_eV,124,1.0,0.0,0.713771823150742,0.713771823150742,,,,1.0
39,acetone_hl_gap_eV,125,1.0,0.0,0.713771823150742,0.713771823150742,,,,1.0
39,acetone_hl_gap_eV,126,1.0,0.0,0.713771823150742,0.713771823150742,,,,1.0
39,acetone_hl_gap_eV,127,1.0,0.0,0.713771823150742,0.713771823150742,,,,1.0
39,acetone_hl_gap_eV,128,1.0,0.0,0.713771823150742,0.713771823150742,,,,1.0
39,acetone_hl_gap_eV,129,1.0,0.0,0.713771823150742,0.713771823150742,,,,1.0
39,acetone_hl_gap_eV,130,1.0,0.0,0.713771823150742,0.713771823150742,,,,1.0
39,acetone_hl_gap_eV,131,1.0,0.0,0.713771823150742,0.713771823150742,,,,1.0
39,acetone_hl_gap_eV,132,1.0,0.0,0.713771823150742,0.713771823150742,,,,1.0
39,acetone_hl_gap_eV,133,1.0,0.0,0.713771823150742,0.713771823150742,,,,1.0
39,acetone_hl_gap_eV,134,1.0,0.0,0.713771823150742,0.713771823150742,,,,1.0
39,acetone_hl_gap_eV,135,1.0,0.0,0.713771823150742,0.713771823150742,,,,1.0
39,acetone_hl_gap_eV,136,1.0,0.0,0.713771823150742,0.713771823150742,,,,1.0
39,acetone_hl_gap_eV,137,1.0,0.0,0.713771823150742,0.713771823150742,,,,1.0
39,acetone_hl_gap_eV,138,1.0,0.0,0.713771823150742,0.713771823150742,,,,1.0
39,acetone_hl_gap_eV,139,1.0,0.0,0.713771823150742,0.713771823150742,,,,1.0
39,acetone_hl_gap_eV,140,1.0,0.0,0.713771823150742,0.713771823150742,,,,1.0
39,acetone_hl_gap_eV,141,1.0,0.0,0.713771823150742,0.713771823150742,,,,1.0
39,acetone_hl_gap_eV,142,1.0,0.0,0.713771823150742,0.713771823150742,,,,1.0
39,acetone_hl_gap_eV,143,1.0,0.0,0.713771823150742,0.713771823150742,,,,1.0
39,acetone_hl_gap_eV,144,1.0,0.0,0.713771823150742,0.713771823150742,,,,1.0
39,acetone_hl_gap_eV,145,1.0,0.0,0.713771823150742,0.713771823150742,,,,1.0
39,acetone_hl_gap_eV,146,1.0,0.0,0.713771823150742,0.713771823150742,,,,1.0
39,acetone_hl_gap_eV,147,1.0,0.0,0.713771823150742,0.713771823150742,,,,1.0
39,acetone_hl_gap_eV,148,1.0,0.0,0.713771823150742,0.713771823150742,,,,1.0
39,acetone_hl_gap_eV,149,1.0,0.0,0.713771823150742,0.713771823150742,,,,1.0
39,acetone_hl_gap_eV,150,1.0,0.0,0.713771823150742,0.713771823150742,,,,1.0
39,acetone_hl_gap_eV,151,1.0,0.0,0.713771823150742,0.713771823150742,,,,1.0
39,acetone_hl_gap_eV,152,1.0,0.0,0.713771823150742,0.713771823150742,,,,1.0
39,acetone_hl_gap_eV,153,1.0,0.0,0.713771823150742,0.713771823150742,,,,1.0
39,acetone_hl_gap_eV,154,1.0,0.0,0.713771823150742,0.713771823150742,,,,1.0
39,acetone_hl_gap_eV,155,1.0,0.0,0.713771823150742,0.713771823150742,,,,1.0
39,acetone_hl_gap_eV,156,1.0,0.0,0.713771823150742,0.713771823150742,,,,1.0
39,acetone_hl_gap_eV,157,1.0,0.0,0.713771823150742,0.713771823150742,,,,1.0
39,acetone_hl_gap_eV,158,1.0,0.0,0.713771823150742,0.713771823150742,,,,1.0
39,acetone_hl_gap_eV,159,1.0,0.0,0.713771823150742,0.713771823150742,,,,1.0
39,acetone_hl_gap_eV,160,1.0,0.0,0.713771823150742,0.713771823150742,,,,1.0
39,acetone_hl_gap_eV,161,1.0,0.0,0.713771823150742,0.713771823150742,,,,1.0
39,acetone_hl_gap_eV,162,1.0,0.0,0.713771823150742,0.713771823150742,,,,1.0
39,acetone_hl_gap_eV,163,1.0,0.0,0.713771823150742,0.713771823150742,,,,1.0
39,acetone_hl_gap_eV,164,1.0,0.0,0.713771823150742,0.713771823150742,,,,1.0
39,acetone_hl_gap_eV,165,1.0,0.0,0.713771823150742,0.713771823150742,,,,1.0
39,acetone_hl_gap_eV,166,1.0,0.0,0.713771823150742,0.713771823150742,,,,1.0
39,acetone_hl_gap_eV,167,1.0,0.0,0.713771823150742,0.713771823150742,,,,1.0
39,acetone_hl_gap_eV,168,1.0,0.0,0.713771823150742,0.713771823150742,,,,1.0
39,acetone_hl_gap_eV,169,1.0,0.0,0.713771823150742,0.713771823150742,,,,1.0
39,acetone_hl_gap_eV,170,1.0,0.0,0.713771823150742,0.713771823150742,,,,1.0
39,acetone_hl_gap_eV,171,1.0,0.0,0.713771823150742,0.713771823150742,,,,1.0
39,acetone_hl_gap_eV,172,1.0,0.0,0.713771823150742,0.713771823150742,,,,1.0
39,acetone_hl_gap_eV,173,1.0,0.0,0.713771823150742,0.713771823150742,,,,1.0
39,acetone_hl_gap_eV,174,1.0,0.0,0.713771823150742,0.713771823150742,,,,1.0
39,acetone_hl_gap_eV,175,1.0,0.0,0.713771823150742,0.713771823150742,,,,1.0
39,acetone_hl_gap_eV,176,1.0,0.0,0.713771823150742,0.713771823150742,,,,1.0
39,acetone_hl_gap_eV,177,1.0,0.0,0.713771823150742,0.713771823150742,,,,1.0
39,acetone_hl_gap_eV,178,1.0,0.0,0.713771823150742,0.713771823150742,,,,1.0
39,acetone_hl_gap_eV,179,1.0,0.0,0.713771823150742,0.713771823150742,,,,1.0
39,acetone_hl_gap_eV,180,1.0,0.0,0.713771823150742,0.713771823150742,,,,1.0
39,acetone_hl_gap_eV,181,1.0,0.0,0.713771823150742,0.713771823150742,,,,1.0
39,acetone_hl_gap_eV,182,1.0,0.0,0.713771823150742,0.713771823150742,,,,1.0
39,acetone_hl_gap_eV,183,1.0,0.0,0.713771823150742,0.713771823150742,,,,1.0
39,acetone_hl_gap_eV,184,1.0,0.0,0.713771823150742,0.713771823150742,,,,1.0
39,acetone_hl_gap_eV,185,1.0,0.0,0.713771823150742,0.713771823150742,,,,1.0
39,acetone_hl_gap_eV,186,1.0,0.0,0.713771823150742,0.713771823150742,,,,1.0
39,acetone_hl_gap_eV,187,1.0,0.0,0.713771823150742,0.713771823150742,,,,1.0
39,acetone_hl_gap_eV,188,1.0,0.0,0.713771823150742,0.713771823150742,,,,1.0
39,acetone_hl_gap_eV,189,1.0,0.0,0.713771823150742,0.713771823150742,,,,1.0
39,acetone_hl_gap_eV,190,1.0,0.0,0.713771823150742,0.713771823150742,,,,1.0
39,acetone_hl_gap_eV,191,1.0,0.0,0.713771823150742,0.713771823150742,,,,1.0
39,acetone_hl_gap_eV,192,1.0,0.0,0.713771823150742,0.713771823150742,,,,1.0
39,acetone_hl_gap_eV,193,1.0,0.0,0.713771823150742,0.713771823150742,,,,1.0
39,acetone_hl_gap_eV,194,1.0,0.0,0.713771823150742,0.713771823150742,,,,1.0
39,acetone_hl_gap_eV,195,1.0,0.0,0.713771823150742,0.713771823150742,,,,1.0
39,acetone_hl_gap_eV,196,1.0,0.0,0.713771823150742,0.713771823150742,,,,1.0
39,acetone_hl_gap_eV,197,1.0,0.0,0.713771823150742,0.713771823150742,,,,1.0
39,acetone_hl_gap_eV,198,1.0,0.0,0.713771823150742,0.713771823150742,,,,1.0
39,acetone_hl_gap_eV,199,1.0,0.0,0.713771823150742,0.713771823150742,,,,1.0
39,acetone_hl_gap_eV,200,1.0,0.0,0.713771823150742,0.713771823150742,,,,1.0
39,acetone_hl_gap_eV,201,1.0,0.0,0.713771823150742,0.713771823150742,,,,1.0
39,acetone_hl_gap_eV,202,1.0,0.0,0.713771823150742,0.713771823150742,,,,1.0
39,acetone_hl_gap_eV,203,1.0,0.0,0.713771823150742,0.713771823150742,,,,1.0
39,acetone_hl_gap_eV,204,1.0,0.0,0.713771823150742,0.713771823150742,,,,1.0
39,acetone_hl_gap_eV,205,1.0,0.0,0.713771823150742,0.713771823150742,,,,1.0
39,acetone_hl_gap_eV,206,1.0,0.0,0.713771823150742,0.713771823150742,,,,1.0
39,acetone_hl_gap_eV,207,1.0,0.0,0.713771823150742,0.713771823150742,,,,1.0
39,acetone_hl_gap_eV,208,1.0,0.0,0.713771823150742,0.713771823150742,,,,1.0
39,acetone_hl_gap_eV,209,1.0,0.0,0.713771823150742,0.713771823150742,,,,1.0
39,acetone_hl_gap_eV,210,1.0,0.0,0.713771823150742,0.713771823150742,,,,1.0
39,acetone_hl_gap_eV,211,1.0,0.0,0.713771823150742,0.713771823150742,,,,1.0
39,acetone_hl_gap_eV,212,1.0,0.0,0.713771823150742,0.713771823150742,,,,1.0
39,acetone_hl_gap_eV,213,1.0,0.0,0.713771823150742,0.713771823150742,,,,1.0
39,acetone_hl_gap_eV,214,1.0,0.0,0.713771823150742,0.713771823150742,,,,1.0
39,acetone_hl_gap_eV,215,1.0,0.0,0.713771823150742,0.713771823150742,,,,1.0
39,acetone_hl_gap_eV,216,1.0,0.0,0.713771823150742,0.713771823150742,,,,1.0
39,acetone_hl_gap_eV,217,1.0,0.0,0.713771823150742,0.713771823150742,,,,1.0
39,acetone_hl_gap_eV,218,1.0,0.0,0.713771823150742,0.713771823150742,,,,1.0
39,acetone_hl_gap_eV,219,1.0,0.0,0.713771823150742,0.713771823150742,,,,1.0
39,acetone_hl_gap_eV,220,1.0,0.0,0.713771823150742,0.713771823150742,,,,1.0
39,acetone_hl_gap_eV,221,1.0,0.0,0.713771823150742,0.713771823150742,,,,1.0
39,acetone_hl_gap_eV,222,1.0,0.0,0.713771823150742,0.713771823150742,,,,1.0
39,acetone_hl_gap_eV,223,1.0,0.0,0.713771823150742,0.713771823150742,,,,1.0
39,acetone_hl_gap_eV,224,1.0,0.0,0.713771823150742,0.713771823150742,,,,1.0
39,acetone_hl_gap_eV,225,1.0,0.0,0.713771823150742,0.713771823150742,,,,1.0
39,acetone_hl_gap_eV,226,1.0,0.0,0.713771823150742,0.713771823150742,,,,1.0
39,acetone_hl_gap_eV,227,1.0,0.0,0.713771823150742,0.713771823150742,,,,1.0
39,acetone_hl_gap_eV,228,1.0,0.0,0.713771823150742,0.713771823150742,,,,1.0
39,acetone_hl_gap_eV,229,1.0,0.0,0.713771823150742,0.713771823150742,,,,1.0
39,acetone_hl_gap_eV,230,1.0,0.0,0.713771823150742,0.713771823150742,,,,1.0
39,acetone_hl_gap_eV,231,1.0,0.0,0.713771823150742,0.713771823150742,,,,1.0
39,acetone_hl_gap_eV,232,1.0,0.0,0.713771823150742,0.713771823150742,,,,1.0
39,acetone_hl_gap_eV,233,1.0,0.0,0.713771823150742,0.713771823150742,,,,1.0
39,acetone_hl_gap_eV,234,1.0,0.0,0.713771823150742,0.713771823150742,,,,1.0
39,acetone_hl_gap_eV,235,1.0,0.0,0.713771823150742,0.713771823150742,,,,1.0
39,acetone_hl_gap_eV,236,1.0,0.0,0.713771823150742,0.713771823150742,,,,1.0
39,acetone_hl_gap_eV,237,1.0,0.0,0.713771823150742,0.713771823150742,,,,1.0
39,acetone_hl_gap_eV,238,1.0,0.0,0.713771823150742,0.713771823150742,,,,1.0
39,acetone_hl_gap_eV,239,1.0,0.0,0.713771823150742,0.713771823150742,,,,1.0
39,acetone_hl_gap_eV,240,1.0,0.0,0.713771823150742,0.713771823150742,,,,1.0
39,acetone_hl_gap_eV,241,1.0,0.0,0.713771823150742,0.713771823150742,,,,1.0
39,acetone_hl_gap_eV,242,1.0,0.0,0.713771823150742,0.713771823150742,,,,1.0
39,acetone_hl_gap_eV,243,1.0,0.0,0.713771823150742,0.713771823150742,,,,1.0
39,acetone_hl_gap_eV,244,1.0,0.0,0.713771823150742,0.713771823150742,,,,1.0
39,acetone_hl_gap_eV,245,1.0,0.0,0.713771823150742,0.713771823150742,,,,1.0
39,acetone_hl_gap_eV,246,1.0,0.0,0.713771823150742,0.713771823150742,,,,1.0
39,acetone_hl_gap_eV,247,1.0,0.0,0.713771823150742,0.713771823150742,,,,1.0
39,acetone_hl_gap_eV,248,1.0,0.0,0.713771823150742,0.713771823150742,,,,1.0
39,acetone_hl_gap_eV,249,1.0,0.0,0.713771823150742,0.713771823150742,,,,1.0
39,acetone_dipole,0,1.0000001192092896,0.0,0.5862458440482661,0.5862458440482661,,,,1.0
39,acetone_dipole,1,1.0000001192092896,0.0,0.5862458440482661,0.5862458440482661,,,,1.0
39,acetone_dipole,2,1.0000001192092896,0.0,0.5862458440482661,0.5862458440482661,,,,1.0
39,acetone_dipole,3,1.0000001192092896,0.0,0.5862458440482661,0.5862458440482661,,,,1.0
39,acetone_dipole,4,1.0000001192092896,0.0,0.5862458440482661,0.5862458440482661,,,,1.0
39,acetone_dipole,5,1.0000001192092896,0.0,0.5862458440482661,0.5862458440482661,,,,1.0
39,acetone_dipole,6,1.0000001192092896,0.0,0.5862458440482661,0.5862458440482661,,,,1.0
39,acetone_dipole,7,1.0000001192092896,0.0,0.5862458440482661,0.5862458440482661,,,,1.0
39,acetone_dipole,8,1.0000001192092896,0.0,0.5862458440482661,0.5862458440482661,,,,1.0
39,acetone_dipole,9,1.0000001192092896,0.0,0.5862458440482661,0.5862458440482661,,,,1.0
39,acetone_dipole,10,1.0000001192092896,0.0,0.5862458440482661,0.5862458440482661,,,,1.0
39,acetone_dipole,11,1.0000001192092896,0.0,0.5862458440482661,0.5862458440482661,,,,1.0
39,acetone_dipole,12,1.0000001192092896,0.0,0.5862458440482661,0.5862458440482661,,,,1.0
39,acetone_dipole,13,1.0000001192092896,0.0,0.5862458440482661,0.5862458440482661,,,,1.0
39,acetone_dipole,14,1.0000001192092896,0.0,0.5862458440482661,0.5862458440482661,,,,1.0
39,acetone_dipole,15,1.0000001192092896,0.0,0.5862458440482661,0.5862458440482661,,,,1.0
39,acetone_dipole,16,1.0000001192092896,0.0,0.5862458440482661,0.5862458440482661,,,,1.0
39,acetone_dipole,17,1.0000001192092896,0.0,0.5862458440482661,0.5862458440482661,,,,1.0
39,acetone_dipole,18,1.0000001192092896,0.0,0.5862458440482661,0.5862458440482661,,,,1.0
39,acetone_dipole,19,1.0000001192092896,0.0,0.5862458440482661,0.5862458440482661,,,,1.0
39,acetone_dipole,20,1.0000001192092896,0.0,0.5862458440482661,0.5862458440482661,,,,1.0
39,acetone_dipole,21,1.0000001192092896,0.0,0.5862458440482661,0.5862458440482661,,,,1.0
39,acetone_dipole,22,1.0000001192092896,0.0,0.5862458440482661,0.5862458440482661,,,,1.0
39,acetone_dipole,23,1.0000001192092896,0.0,0.5862458440482661,0.5862458440482661,,,,1.0
39,acetone_dipole,24,1.0000001192092896,0.0,0.5862458440482661,0.5862458440482661,,,,1.0
39,acetone_dipole,25,1.0000001192092896,0.0,0.5862458440482661,0.5862458440482661,,,,1.0
39,acetone_dipole,26,1.0000001192092896,0.0,0.5862458440482661,0.5862458440482661,,,,1.0
39,acetone_dipole,27,1.0000001192092896,0.0,0.5862458440482661,0.5862458440482661,,,,1.0
39,acetone_dipole,28,1.0000001192092896,0.0,0.5862458440482661,0.5862458440482661,,,,1.0
39,acetone_dipole,29,1.0000001192092896,0.0,0.5862458440482661,0.5862458440482661,,,,1.0
39,acetone_dipole,30,1.0000001192092896,0.0,0.5862458440482661,0.5862458440482661,,,,1.0
39,acetone_dipole,31,1.0000001192092896,0.0,0.5862458440482661,0.5862458440482661,,,,1.0
39,acetone_dipole,32,1.0000001192092896,0.0,0.5862458440482661,0.5862458440482661,,,,1.0
39,acetone_dipole,33,1.0000001192092896,0.0,0.5862458440482661,0.5862458440482661,,,,1.0
39,acetone_dipole,34,1.0000001192092896,0.0,0.5862458440482661,0.5862458440482661,,,,1.0
39,acetone_dipole,35,1.0000001192092896,0.0,0.5862458440482661,0.5862458440482661,,,,1.0
39,acetone_dipole,36,1.0000001192092896,0.0,0.5862458440482661,0.5862458440482661,,,,1.0
39,acetone_dipole,37,1.0000001192092896,0.0,0.5862458440482661,0.5862458440482661,,,,1.0
39,acetone_dipole,38,1.0000001192092896,0.0,0.5862458440482661,0.5862458440482661,,,,1.0
39,acetone_dipole,39,1.0000001192092896,0.0,0.5862458440482661,0.5862458440482661,,,,1.0
39,acetone_dipole,40,1.0000001192092896,0.0,0.5862458440482661,0.5862458440482661,,,,1.0
39,acetone_dipole,41,1.0000001192092896,0.0,0.5862458440482661,0.5862458440482661,,,,1.0
39,acetone_dipole,42,1.0000001192092896,0.0,0.5862458440482661,0.5862458440482661,,,,1.0
39,acetone_dipole,43,1.0000001192092896,0.0,0.5862458440482661,0.5862458440482661,,,,1.0
39,acetone_dipole,44,1.0000001192092896,0.0,0.5862458440482661,0.5862458440482661,,,,1.0
39,acetone_dipole,45,1.0000001192092896,0.0,0.5862458440482661,0.5862458440482661,,,,1.0
39,acetone_dipole,46,1.0000001192092896,0.0,0.5862458440482661,0.5862458440482661,,,,1.0
39,acetone_dipole,47,1.0000001192092896,0.0,0.5862458440482661,0.5862458440482661,,,,1.0
39,acetone_dipole,48,1.0000001192092896,0.0,0.5862458440482661,0.5862458440482661,,,,1.0
39,acetone_dipole,49,1.0000001192092896,0.0,0.5862458440482661,0.5862458440482661,,,,1.0
39,acetone_dipole,50,1.0000001192092896,0.0,0.5862458440482661,0.5862458440482661,,,,1.0
39,acetone_dipole,51,1.0000001192092896,0.0,0.5862458440482661,0.5862458440482661,,,,1.0
39,acetone_dipole,52,1.0000001192092896,0.0,0.5862458440482661,0.5862458440482661,,,,1.0
39,acetone_dipole,53,1.0000001192092896,0.0,0.5862458440482661,0.5862458440482661,,,,1.0
39,acetone_dipole,54,1.0000001192092896,0.0,0.5862458440482661,0.5862458440482661,,,,1.0
39,acetone_dipole,55,1.0000001192092896,0.0,0.5862458440482661,0.5862458440482661,,,,1.0
39,acetone_dipole,56,1.0000001192092896,0.0,0.5862458440482661,0.5862458440482661,,,,1.0
39,acetone_dipole,57,1.0000001192092896,0.0,0.5862458440482661,0.5862458440482661,,,,1.0
39,acetone_dipole,58,1.0000001192092896,0.0,0.5862458440482661,0.5862458440482661,,,,1.0
39,acetone_dipole,59,1.0000001192092896,0.0,0.5862458440482661,0.5862458440482661,,,,1.0
39,acetone_dipole,60,1.0000001192092896,0.0,0.5862458440482661,0.5862458440482661,,,,1.0
39,acetone_dipole,61,1.0000001192092896,0.0,0.5862458440482661,0.5862458440482661,,,,1.0
39,acetone_dipole,62,1.0000001192092896,0.0,0.5862458440482661,0.5862458440482661,,,,1.0
39,acetone_dipole,63,1.0000001192092896,0.0,0.5862458440482661,0.5862458440482661,,,,1.0
39,acetone_dipole,64,1.0000001192092896,0.0,0.5862458440482661,0.5862458440482661,,,,1.0
39,acetone_dipole,65,1.0000001192092896,0.0,0.5862458440482661,0.5862458440482661,,,,1.0
39,acetone_dipole,66,1.0000001192092896,0.0,0.5862458440482661,0.5862458440482661,,,,1.0
39,acetone_dipole,67,1.0000001192092896,0.0,0.5862458440482661,0.5862458440482661,,,,1.0
39,acetone_dipole,68,1.0000001192092896,0.0,0.5862458440482661,0.5862458440482661,,,,1.0
39,acetone_dipole,69,1.0000001192092896,0.0,0.5862458440482661,0.5862458440482661,,,,1.0
39,acetone_dipole,70,1.0000001192092896,0.0,0.5862458440482661,0.5862458440482661,,,,1.0
39,acetone_dipole,71,1.0000001192092896,0.0,0.5862458440482661,0.5862458440482661,,,,1.0
39,acetone_dipole,72,1.0000001192092896,0.0,0.5862458440482661,0.5862458440482661,,,,1.0
39,acetone_dipole,73,1.0000001192092896,0.0,0.5862458440482661,0.5862458440482661,,,,1.0
39,acetone_dipole,74,1.0000001192092896,0.0,0.5862458440482661,0.5862458440482661,,,,1.0
39,acetone_dipole,75,1.0000001192092896,0.0,0.5862458440482661,0.5862458440482661,,,,1.0
39,acetone_dipole,76,1.0000001192092896,0.0,0.5862458440482661,0.5862458440482661,,,,1.0
39,acetone_dipole,77,1.0000001192092896,0.0,0.5862458440482661,0.5862458440482661,,,,1.0
39,acetone_dipole,78,1.0000001192092896,0.0,0.5862458440482661,0.5862458440482661,,,,1.0
39,acetone_dipole,79,1.0000001192092896,0.0,0.5862458440482661,0.5862458440482661,,,,1.0
39,acetone_dipole,80,1.0000001192092896,0.0,0.5862458440482661,0.5862458440482661,,,,1.0
39,acetone_dipole,81,1.0000001192092896,0.0,0.5862458440482661,0.5862458440482661,,,,1.0
39,acetone_dipole,82,1.0000001192092896,0.0,0.5862458440482661,0.5862458440482661,,,,1.0
39,acetone_dipole,83,1.0000001192092896,0.0,0.5862458440482661,0.5862458440482661,,,,1.0
39,acetone_dipole,84,1.0000001192092896,0.0,0.5862458440482661,0.5862458440482661,,,,1.0
39,acetone_dipole,85,1.0000001192092896,0.0,0.5862458440482661,0.5862458440482661,,,,1.0
39,acetone_dipole,86,1.0000001192092896,0.0,0.5862458440482661,0.5862458440482661,,,,1.0
39,acetone_dipole,87,1.0000001192092896,0.0,0.5862458440482661,0.5862458440482661,,,,1.0
39,acetone_dipole,88,1.0000001192092896,0.0,0.5862458440482661,0.5862458440482661,,,,1.0
39,acetone_dipole,89,1.0000001192092896,0.0,0.5862458440482661,0.5862458440482661,,,,1.0
39,acetone_dipole,90,1.0000001192092896,0.0,0.5862458440482661,0.5862458440482661,,,,1.0
39,acetone_dipole,91,1.0000001192092896,0.0,0.5862458440482661,0.5862458440482661,,,,1.0
39,acetone_dipole,92,1.0000001192092896,0.0,0.5862458440482661,0.5862458440482661,,,,1.0
39,acetone_dipole,93,1.0000001192092896,0.0,0.5862458440482661,0.5862458440482661,,,,1.0
39,acetone_dipole,94,1.0000001192092896,0.0,0.5862458440482661,0.5862458440482661,,,,1.0
39,acetone_dipole,95,1.0000001192092896,0.0,0.5862458440482661,0.5862458440482661,,,,1.0
39,acetone_dipole,96,1.0000001192092896,0.0,0.5862458440482661,0.5862458440482661,,,,1.0
39,acetone_dipole,97,1.0000001192092896,0.0,0.5862458440482661,0.5862458440482661,,,,1.0
39,acetone_dipole,98,1.0000001192092896,0.0,0.5862458440482661,0.5862458440482661,,,,1.0
39,acetone_dipole,99,1.0000001192092896,0.0,0.5862458440482661,0.5862458440482661,,,,1.0
39,acetone_dipole,100,1.0000001192092896,0.0,0.5862458440482661,0.5862458440482661,,,,1.0
39,acetone_dipole,101,1.0000001192092896,0.0,0.5862458440482661,0.5862458440482661,,,,1.0
39,acetone_dipole,102,1.0000001192092896,0.0,0.5862458440482661,0.5862458440482661,,,,1.0
39,acetone_dipole,103,1.0000001192092896,0.0,0.5862458440482661,0.5862458440482661,,,,1.0
39,acetone_dipole,104,1.0000001192092896,0.0,0.5862458440482661,0.5862458440482661,,,,1.0
39,acetone_dipole,105,1.0000001192092896,0.0,0.5862458440482661,0.5862458440482661,,,,1.0
39,acetone_dipole,106,1.0000001192092896,0.0,0.5862458440482661,0.5862458440482661,,,,1.0
39,acetone_dipole,107,1.0000001192092896,0.0,0.5862458440482661,0.5862458440482661,,,,1.0
39,acetone_dipole,108,1.0000001192092896,0.0,0.5862458440482661,0.5862458440482661,,,,1.0
39,acetone_dipole,109,1.0000001192092896,0.0,0.5862458440482661,0.5862458440482661,,,,1.0
39,acetone_dipole,110,1.0000001192092896,0.0,0.5862458440482661,0.5862458440482661,,,,1.0
39,acetone_dipole,111,1.0000001192092896,0.0,0.5862458440482661,0.5862458440482661,,,,1.0
39,acetone_dipole,112,1.0000001192092896,0.0,0.5862458440482661,0.5862458440482661,,,,1.0
39,acetone_dipole,113,1.0000001192092896,0.0,0.5862458440482661,0.5862458440482661,,,,1.0
39,acetone_dipole,114,1.0000001192092896,0.0,0.5862458440482661,0.5862458440482661,,,,1.0
39,acetone_dipole,115,1.0000001192092896,0.0,0.5862458440482661,0.5862458440482661,,,,1.0
39,acetone_dipole,116,1.0000001192092896,0.0,0.5862458440482661,0.5862458440482661,,,,1.0
39,acetone_dipole,117,1.0000001192092896,0.0,0.5862458440482661,0.5862458440482661,,,,1.0
39,acetone_dipole,118,1.0000001192092896,0.0,0.5862458440482661,0.5862458440482661,,,,1.0
39,acetone_dipole,119,1.0000001192092896,0.0,0.5862458440482661,0.5862458440482661,,,,1.0
39,acetone_dipole,120,1.0000001192092896,0.0,0.5862458440482661,0.5862458440482661,,,,1.0
39,acetone_dipole,121,1.0000001192092896,0.0,0.5862458440482661,0.5862458440482661,,,,1.0
39,acetone_dipole,122,1.0000001192092896,0.0,0.5862458440482661,0.5862458440482661,,,,1.0
39,acetone_dipole,123,1.0000001192092896,0.0,0.5862458440482661,0.5862458440482661,,,,1.0
39,acetone_dipole,124,1.0000001192092896,0.0,0.5862458440482661,0.5862458440482661,,,,1.0
39,acetone_dipole,125,1.0000001192092896,0.0,0.5862458440482661,0.5862458440482661,,,,1.0
39,acetone_dipole,126,1.0000001192092896,0.0,0.5862458440482661,0.5862458440482661,,,,1.0
39,acetone_dipole,127,1.0000001192092896,0.0,0.5862458440482661,0.5862458440482661,,,,1.0
39,acetone_dipole,128,1.0000001192092896,0.0,0.5862458440482661,0.5862458440482661,,,,1.0
39,acetone_dipole,129,1.0000001192092896,0.0,0.5862458440482661,0.5862458440482661,,,,1.0
39,acetone_dipole,130,1.0000001192092896,0.0,0.5862458440482661,0.5862458440482661,,,,1.0
39,acetone_dipole,131,1.0000001192092896,0.0,0.5862458440482661,0.5862458440482661,,,,1.0
39,acetone_dipole,132,1.0000001192092896,0.0,0.5862458440482661,0.5862458440482661,,,,1.0
39,acetone_dipole,133,1.0000001192092896,0.0,0.5862458440482661,0.5862458440482661,,,,1.0
39,acetone_dipole,134,1.0000001192092896,0.0,0.5862458440482661,0.5862458440482661,,,,1.0
39,acetone_dipole,135,1.0000001192092896,0.0,0.5862458440482661,0.5862458440482661,,,,1.0
39,acetone_dipole,136,1.0000001192092896,0.0,0.5862458440482661,0.5862458440482661,,,,1.0
39,acetone_dipole,137,1.0000001192092896,0.0,0.5862458440482661,0.5862458440482661,,,,1.0
39,acetone_dipole,138,1.0000001192092896,0.0,0.5862458440482661,0.5862458440482661,,,,1.0
39,acetone_dipole,139,1.0000001192092896,0.0,0.5862458440482661,0.5862458440482661,,,,1.0
39,acetone_dipole,140,1.0000001192092896,0.0,0.5862458440482661,0.5862458440482661,,,,1.0
39,acetone_dipole,141,1.0000001192092896,0.0,0.5862458440482661,0.5862458440482661,,,,1.0
39,acetone_dipole,142,1.0000001192092896,0.0,0.5862458440482661,0.5862458440482661,,,,1.0
39,acetone_dipole,143,1.0000001192092896,0.0,0.5862458440482661,0.5862458440482661,,,,1.0
39,acetone_dipole,144,1.0000001192092896,0.0,0.5862458440482661,0.5862458440482661,,,,1.0
39,acetone_dipole,145,1.0000001192092896,0.0,0.5862458440482661,0.5862458440482661,,,,1.0
39,acetone_dipole,146,1.0000001192092896,0.0,0.5862458440482661,0.5862458440482661,,,,1.0
39,acetone_dipole,147,1.0000001192092896,0.0,0.5862458440482661,0.5862458440482661,,,,1.0
39,acetone_dipole,148,1.0000001192092896,0.0,0.5862458440482661,0.5862458440482661,,,,1.0
39,acetone_dipole,149,1.0000001192092896,0.0,0.5862458440482661,0.5862458440482661,,,,1.0
39,acetone_dipole,150,1.0000001192092896,0.0,0.5862458440482661,0.5862458440482661,,,,1.0
39,acetone_dipole,151,1.0000001192092896,0.0,0.5862458440482661,0.5862458440482661,,,,1.0
39,acetone_dipole,152,1.0000001192092896,0.0,0.5862458440482661,0.5862458440482661,,,,1.0
39,acetone_dipole,153,1.0000001192092896,0.0,0.5862458440482661,0.5862458440482661,,,,1.0
39,acetone_dipole,154,1.0000001192092896,0.0,0.5862458440482661,0.5862458440482661,,,,1.0
39,acetone_dipole,155,1.0000001192092896,0.0,0.5862458440482661,0.5862458440482661,,,,1.0
39,acetone_dipole,156,1.0000001192092896,0.0,0.5862458440482661,0.5862458440482661,,,,1.0
39,acetone_dipole,157,1.0000001192092896,0.0,0.5862458440482661,0.5862458440482661,,,,1.0
39,acetone_dipole,158,1.0000001192092896,0.0,0.5862458440482661,0.5862458440482661,,,,1.0
39,acetone_dipole,159,1.0000001192092896,0.0,0.5862458440482661,0.5862458440482661,,,,1.0
39,acetone_dipole,160,1.0000001192092896,0.0,0.5862458440482661,0.5862458440482661,,,,1.0
39,acetone_dipole,161,1.0000001192092896,0.0,0.5862458440482661,0.5862458440482661,,,,1.0
39,acetone_dipole,162,1.0000001192092896,0.0,0.5862458440482661,0.5862458440482661,,,,1.0
39,acetone_dipole,163,1.0000001192092896,0.0,0.5862458440482661,0.5862458440482661,,,,1.0
39,acetone_dipole,164,1.0000001192092896,0.0,0.5862458440482661,0.5862458440482661,,,,1.0
39,acetone_dipole,165,1.0000001192092896,0.0,0.5862458440482661,0.5862458440482661,,,,1.0
39,acetone_dipole,166,1.0000001192092896,0.0,0.5862458440482661,0.5862458440482661,,,,1.0
39,acetone_dipole,167,1.0000001192092896,0.0,0.5862458440482661,0.5862458440482661,,,,1.0
39,acetone_dipole,168,1.0000001192092896,0.0,0.5862458440482661,0.5862458440482661,,,,1.0
39,acetone_dipole,169,1.0000001192092896,0.0,0.5862458440482661,0.5862458440482661,,,,1.0
39,acetone_dipole,170,1.0000001192092896,0.0,0.5862458440482661,0.5862458440482661,,,,1.0
39,acetone_dipole,171,1.0000001192092896,0.0,0.5862458440482661,0.5862458440482661,,,,1.0
39,acetone_dipole,172,1.0000001192092896,0.0,0.5862458440482661,0.5862458440482661,,,,1.0
39,acetone_dipole,173,1.0000001192092896,0.0,0.5862458440482661,0.5862458440482661,,,,1.0
39,acetone_dipole,174,1.0000001192092896,0.0,0.5862458440482661,0.5862458440482661,,,,1.0
39,acetone_dipole,175,1.0000001192092896,0.0,0.5862458440482661,0.5862458440482661,,,,1.0
39,acetone_dipole,176,1.0000001192092896,0.0,0.5862458440482661,0.5862458440482661,,,,1.0
39,acetone_dipole,177,1.0000001192092896,0.0,0.5862458440482661,0.5862458440482661,,,,1.0
39,acetone_dipole,178,1.0000001192092896,0.0,0.5862458440482661,0.5862458440482661,,,,1.0
39,acetone_dipole,179,1.0000001192092896,0.0,0.5862458440482661,0.5862458440482661,,,,1.0
39,acetone_dipole,180,1.0000001192092896,0.0,0.5862458440482661,0.5862458440482661,,,,1.0
39,acetone_dipole,181,1.0000001192092896,0.0,0.5862458440482661,0.5862458440482661,,,,1.0
39,acetone_dipole,182,1.0000001192092896,0.0,0.5862458440482661,0.5862458440482661,,,,1.0
39,acetone_dipole,183,1.0000001192092896,0.0,0.5862458440482661,0.5862458440482661,,,,1.0
39,acetone_dipole,184,1.0000001192092896,0.0,0.5862458440482661,0.5862458440482661,,,,1.0
39,acetone_dipole,185,1.0000001192092896,0.0,0.5862458440482661,0.5862458440482661,,,,1.0
39,acetone_dipole,186,1.0000001192092896,0.0,0.5862458440482661,0.5862458440482661,,,,1.0
39,acetone_dipole,187,1.0000001192092896,0.0,0.5862458440482661,0.5862458440482661,,,,1.0
39,acetone_dipole,188,1.0000001192092896,0.0,0.5862458440482661,0.5862458440482661,,,,1.0
39,acetone_dipole,189,1.0000001192092896,0.0,0.5862458440482661,0.5862458440482661,,,,1.0
39,acetone_dipole,190,1.0000001192092896,0.0,0.5862458440482661,0.5862458440482661,,,,1.0
39,acetone_dipole,191,1.0000001192092896,0.0,0.5862458440482661,0.5862458440482661,,,,1.0
39,acetone_dipole,192,1.0000001192092896,0.0,0.5862458440482661,0.5862458440482661,,,,1.0
39,acetone_dipole,193,1.0000001192092896,0.0,0.5862458440482661,0.5862458440482661,,,,1.0
39,acetone_dipole,194,1.0000001192092896,0.0,0.5862458440482661,0.5862458440482661,,,,1.0
39,acetone_dipole,195,1.0000001192092896,0.0,0.5862458440482661,0.5862458440482661,,,,1.0
39,acetone_dipole,196,1.0000001192092896,0.0,0.5862458440482661,0.5862458440482661,,,,1.0
39,acetone_dipole,197,1.0000001192092896,0.0,0.5862458440482661,0.5862458440482661,,,,1.0
39,acetone_dipole,198,1.0000001192092896,0.0,0.5862458440482661,0.5862458440482661,,,,1.0
39,acetone_dipole,199,1.0000001192092896,0.0,0.5862458440482661,0.5862458440482661,,,,1.0
39,acetone_dipole,200,1.0000001192092896,0.0,0.5862458440482661,0.5862458440482661,,,,1.0
39,acetone_dipole,201,1.0000001192092896,0.0,0.5862458440482661,0.5862458440482661,,,,1.0
39,acetone_dipole,202,1.0000001192092896,0.0,0.5862458440482661,0.5862458440482661,,,,1.0
39,acetone_dipole,203,1.0000001192092896,0.0,0.5862458440482661,0.5862458440482661,,,,1.0
39,acetone_dipole,204,1.0000001192092896,0.0,0.5862458440482661,0.5862458440482661,,,,1.0
39,acetone_dipole,205,1.0000001192092896,0.0,0.5862458440482661,0.5862458440482661,,,,1.0
39,acetone_dipole,206,1.0000001192092896,0.0,0.5862458440482661,0.5862458440482661,,,,1.0
39,acetone_dipole,207,1.0000001192092896,0.0,0.5862458440482661,0.5862458440482661,,,,1.0
39,acetone_dipole,208,1.0000001192092896,0.0,0.5862458440482661,0.5862458440482661,,,,1.0
39,acetone_dipole,209,1.0000001192092896,0.0,0.5862458440482661,0.5862458440482661,,,,1.0
39,acetone_dipole,210,1.0000001192092896,0.0,0.5862458440482661,0.5862458440482661,,,,1.0
39,acetone_dipole,211,1.0000001192092896,0.0,0.5862458440482661,0.5862458440482661,,,,1.0
39,acetone_dipole,212,1.0000001192092896,0.0,0.5862458440482661,0.5862458440482661,,,,1.0
39,acetone_dipole,213,1.0000001192092896,0.0,0.5862458440482661,0.5862458440482661,,,,1.0
39,acetone_dipole,214,1.0000001192092896,0.0,0.5862458440482661,0.5862458440482661,,,,1.0
39,acetone_dipole,215,1.0000001192092896,0.0,0.5862458440482661,0.5862458440482661,,,,1.0
39,acetone_dipole,216,1.0000001192092896,0.0,0.5862458440482661,0.5862458440482661,,,,1.0
39,acetone_dipole,217,1.0000001192092896,0.0,0.5862458440482661,0.5862458440482661,,,,1.0
39,acetone_dipole,218,1.0000001192092896,0.0,0.5862458440482661,0.5862458440482661,,,,1.0
39,acetone_dipole,219,1.0000001192092896,0.0,0.5862458440482661,0.5862458440482661,,,,1.0
39,acetone_dipole,220,1.0000001192092896,0.0,0.5862458440482661,0.5862458440482661,,,,1.0
39,acetone_dipole,221,1.0000001192092896,0.0,0.5862458440482661,0.5862458440482661,,,,1.0
39,acetone_dipole,222,1.0000001192092896,0.0,0.5862458440482661,0.5862458440482661,,,,1.0
39,acetone_dipole,223,1.0000001192092896,0.0,0.5862458440482661,0.5862458440482661,,,,1.0
39,acetone_dipole,224,1.0000001192092896,0.0,0.5862458440482661,0.5862458440482661,,,,1.0
39,acetone_dipole,225,1.0000001192092896,0.0,0.5862458440482661,0.5862458440482661,,,,1.0
39,acetone_dipole,226,1.0000001192092896,0.0,0.5862458440482661,0.5862458440482661,,,,1.0
39,acetone_dipole,227,1.0000001192092896,0.0,0.5862458440482661,0.5862458440482661,,,,1.0
39,acetone_dipole,228,1.0000001192092896,0.0,0.5862458440482661,0.5862458440482661,,,,1.0
39,acetone_dipole,229,1.0000001192092896,0.0,0.5862458440482661,0.5862458440482661,,,,1.0
39,acetone_dipole,230,1.0000001192092896,0.0,0.5862458440482661,0.5862458440482661,,,,1.0
39,acetone_dipole,231,1.0000001192092896,0.0,0.5862458440482661,0.5862458440482661,,,,1.0
39,acetone_dipole,232,1.0000001192092896,0.0,0.5862458440482661,0.5862458440482661,,,,1.0
39,acetone_dipole,233,1.0000001192092896,0.0,0.5862458440482661,0.5862458440482661,,,,1.0
39,acetone_dipole,234,1.0000001192092896,0.0,0.5862458440482661,0.5862458440482661,,,,1.0
39,acetone_dipole,235,1.0000001192092896,0.0,0.5862458440482661,0.5862458440482661,,,,1.0
39,acetone_dipole,236,1.0000001192092896,0.0,0.5862458440482661,0.5862458440482661,,,,1.0
39,acetone_dipole,237,1.0000001192092896,0.0,0.5862458440482661,0.5862458440482661,,,,1.0
39,acetone_dipole,238,1.0000001192092896,0.0,0.5862458440482661,0.5862458440482661,,,,1.0
39,acetone_dipole,239,1.0000001192092896,0.0,0.5862458440482661,0.5862458440482661,,,,1.0
39,acetone_dipole,240,1.0000001192092896,0.0,0.5862458440482661,0.5862458440482661,,,,1.0
39,acetone_dipole,241,1.0000001192092896,0.0,0.5862458440482661,0.5862458440482661,,,,1.0
39,acetone_dipole,242,1.0000001192092896,0.0,0.5862458440482661,0.5862458440482661,,,,1.0
39,acetone_dipole,243,1.0000001192092896,0.0,0.5862458440482661,0.5862458440482661,,,,1.0
39,acetone_dipole,244,1.0000001192092896,0.0,0.5862458440482661,0.5862458440482661,,,,1.0
39,acetone_dipole,245,1.0000001192092896,0.0,0.5862458440482661,0.5862458440482661,,,,1.0
39,acetone_dipole,246,1.0000001192092896,0.0,0.5862458440482661,0.5862458440482661,,,,1.0
39,acetone_dipole,247,1.0000001192092896,0.0,0.5862458440482661,0.5862458440482661,,,,1.0
39,acetone_dipole,248,1.0000001192092896,0.0,0.5862458440482661,0.5862458440482661,,,,1.0
39,acetone_dipole,249,1.0000001192092896,0.0,0.5862458440482661,0.5862458440482661,,,,1.0
39,octanol_gsolv_eV,0,0.21247316896915436,0.08630748093128204,0.6298390666971889,0.9148100551674632,18.990915298461914,0.6322873830795288,0.033294202682834256,0.28
39,octanol_gsolv_eV,1,0.08990783244371414,0.0688118264079094,0.6304345506482116,0.9539969257723462,15.024065971374512,0.03373981639742851,0.002245718067380248,0.06
39,octanol_gsolv_eV,2,0.22655726969242096,0.07515059411525726,0.6303552924466616,0.9053720582612046,16.57400894165039,0.5890060067176819,0.035537932240250765,0.14
39,octanol_gsolv_eV,3,0.23078098893165588,0.08022420108318329,0.631455737158217,0.9105463480786553,17.79395294189453,0.6443057060241699,0.03620925086899608,0.12
39,octanol_gsolv_eV,4,0.1661018580198288,0.07490821182727814,0.6221821638853853,0.9304241521999526,16.134140014648438,0.4498865008354187,0.027884132679334612,0.12
39,octanol_gsolv_eV,5,0.07481910288333893,0.09216312319040298,0.6269019810553613,0.9627681072848049,19.782997131347656,0.01001072023063898,0.0005060264713265431,0.06
39,octanol_gsolv_eV,6,0.17604464292526245,0.0774548128247261,0.6301394055157168,0.8990486795541239,16.97604751586914,0.7063485980033875,0.04160854270365912,0.22
39,octanol_gsolv_eV,7,0.20616132020950317,0.08005598187446594,0.6278381460517191,0.9088374000071073,17.690284729003906,0.9599153995513916,0.054262292227415264,0.12
39,octanol_gsolv_eV,8,0.1954765021800995,0.07170666009187698,0.6278052116297659,0.9060513531699148,15.719515800476074,0.7152768969535828,0.04550247641418575,0.16
39,octanol_gsolv_eV,9,0.21148648858070374,0.07573281973600388,0.6316967271726492,0.9150251701264478,16.752103805541992,0.5830169916152954,0.034802613354295214,0.24
39,octanol_gsolv_eV,10,0.2102748155593872,0.07803250104188919,0.6304058254172005,0.9020923772004694,17.2153263092041,0.7693837881088257,0.04469179231865491,0.18
39,octanol_gsolv_eV,11,0.14045831561088562,0.06687306612730026,0.6211151260700822,0.9480352340141578,14.404958724975586,0.11468835175037384,0.0079617272038083,0.1
39,octanol_gsolv_eV,12,0.05314495787024498,0.08242578059434891,0.6300502463503872,0.9689308993301093,17.887094497680664,0.006128346081823111,0.00034261271905382647,0.0
39,octanol_gsolv_eV,13,0.06155583634972572,0.07881221175193787,0.631992720105756,0.961408206863434,17.345001220703125,0.007310235407203436,0.0004214606452998045,0.06
39,octanol_gsolv_eV,14,0.22092656791210175,0.07887274026870728,0.6304679925398109,0.9331928291794367,17.3627986907959,0.5340911746025085,0.030760661579612325,0.22
39,octanol_gsolv_eV,15,0.15360552072525024,0.08051279187202454,0.6321586618215327,0.9159396851408654,17.74911880493164,0.33329781889915466,0.018778274153336952,0.2
39,octanol_gsolv_eV,16,0.16279290616512299,0.08122194558382034,0.6316648975514432,0.9225537351189737,17.778396606445312,0.2055145502090454,0.011559791063190645,0.1
39,octanol_gsolv_eV,17,0.18418140709400177,0.07903148978948593,0.631726801598931,0.9199760543047126,17.540843963623047,0.4990615248680115,0.02845139754409689,0.22
39,octanol_gsolv_eV,18,0.0992550328373909,0.07678965479135513,0.6314564822573483,0.9569650511384733,16.837947845458984,0.04336495324969292,0.0025754298354943523,0.1
39,octanol_gsolv_eV,19,0.125138521194458,0.07842673361301422,0.6294644201353454,0.97010573118517,17.150405883789062,0.03140704706311226,0.0018312713574201113,0.1
39,octanol_gsolv_eV,20,0.08914060890674591,0.08049209415912628,0.6298063542285326,0.9498101712788904,17.510169982910156,0.03609572350978851,0.0020614147975158304,0.06
39,octanol_gsolv_eV,21,0.1762515753507614,0.07357852905988693,0.6293527546987923,0.9160264798803537,16.178279876708984,0.5394106507301331,0.03334165651978206,0.14
39,octanol_gsolv_eV,22,0.20356763899326324,0.07733422517776489,0.6325157179510177,0.9038322695773797,17.175785064697266,0.8145561814308167,0.04742468413307277,0.14
39,octanol_gsolv_eV,23,0.12131883949041367,0.08103985339403152,0.6309177442800209,0.9523524622076633,17.744478225708008,0.09767917543649673,0.005504764591780456,0.08
39,octanol_gsolv_eV,24,0.10216651856899261,0.09653285145759583,0.6266452658519319,0.9639103691490793,20.699527740478516,0.02532004937529564,0.0012232186981629325,0.02
39,octanol_gsolv_eV,25,0.19869956374168396,0.07119835168123245,0.6277658706241236,0.9073095178130566,15.660847663879395,0.6042144894599915,0.03858121236014371,0.18
39,octanol_gsolv_eV,26,0.17909963428974152,0.08376263082027435,0.6279838439978018,0.9083468538200614,18.236772537231445,0.6196567416191101,0.03397842136562511,0.14
39,octanol_gsolv_eV,27,0.1502019166946411,0.0849514752626419,0.6282426354795996,0.9287201901904127,18.574947357177734,0.562455415725708,0.030280323540640555,0.06
39,octanol_gsolv_eV,28,0.21553611755371094,0.07676693797111511,0.632288620184873,0.9125492689941419,17.129783630371094,0.7448724508285522,0.04348405484281155,0.12
39,octanol_gsolv_eV,29,0.1937316656112671,0.0744999572634697,0.6301156576739473,0.9161903417448045,16.379051208496094,0.375401109457016,0.022919588239780887,0.14
39,octanol_gsolv_eV,30,0.17560113966464996,0.07858339697122574,0.6298377378659654,0.9368655747385743,17.198562622070312,0.44286540150642395,0.02575014035987579,0.22
39,octanol_gsolv_eV,31,0.20078283548355103,0.07874210923910141,0.6337370297969289,0.9122145370897152,17.560216903686523,0.5792542099952698,0.0329867343423112,0.12
39,octanol_gsolv_eV,32,0.13518093526363373,0.10775524377822876,0.6221695093900974,0.9739377999636467,22.931804656982422,0.016955362632870674,0.0007393819582231614,0.1
39,octanol_gsolv_eV,33,0.07732433825731277,0.07544142752885818,0.6302176507791983,0.9548065013707723,16.464202880859375,0.007547960616648197,0.00045844676910676037,0.06
39,octanol_gsolv_eV,34,0.10918829590082169,0.08908677101135254,0.6281754351215822,0.9630100863985973,19.370197296142578,0.050571341067552567,0.0026107808967760723,0.04
39,octanol_gsolv_eV,35,0.12672540545463562,0.04541521891951561,0.6218596948688249,0.9732367813858978,9.684001922607422,0.16043008863925934,0.01656650730982749,0.08
39,octanol_gsolv_eV,36,0.18557359278202057,0.08065155148506165,0.6315728127223468,0.9076357559909891,17.790836334228516,0.7183952331542969,0.04038007093416665,0.12
39,octanol_gsolv_eV,37,0.1917559653520584,0.08288225531578064,0.630815674424859,0.8942756745003473,18.30279541015625,0.6549735069274902,0.035785435626081705,0.12
39,octanol_gsolv_eV,38,0.10720135271549225,0.07020407915115356,0.6302861342870705,0.9604602251867769,15.359620094299316,0.0631927028298378,0.004114210015734153,0.08
39,octanol_gsolv_eV,39,0.14853273332118988,0.06800655275583267,0.6235420085361232,0.9266142765200633,14.668367385864258,0.15790127217769623,0.010764747570330418,0.08
39,octanol_gsolv_eV,40,0.16284428536891937,0.0855678915977478,0.6305620032112917,0.9341531443863396,18.78075408935547,0.31579917669296265,0.016815042420045896,0.04
39,octanol_gsolv_eV,41,0.17791913449764252,0.08048656582832336,0.6324923191047138,0.920692138156612,17.7887020111084,0.49938470125198364,0.02807313883498279,0.1
39,octanol_gsolv_eV,42,0.03514412045478821,0.07897467911243439,0.6284496730970088,0.9581849144563404,17.144075393676758,0.008608362637460232,0.0005021188042975622,0.0
39,octanol_gsolv_eV,43,0.20603735744953156,0.07995814085006714,0.6293780328350316,0.9041714181381952,17.6038761138916,0.6599599123001099,0.03748946584436147,0.16
39,octanol_gsolv_eV,44,0.09169293195009232,0.07990145683288574,0.6305170538427527,0.9691525020098295,17.440515518188477,0.008088627830147743,0.0004637837580954659,0.06
39,octanol_gsolv_eV,45,0.1149701401591301,0.08440849184989929,0.6310371244529442,0.9538572574130699,18.44871711730957,0.03458472341299057,0.0018746411033936522,0.04
39,octanol_gsolv_eV,46,0.3944043815135956,0.044135142117738724,0.6248444389823473,0.8938077403666773,9.441474914550781,1.774814248085022,0.18798061363799815,0.26
39,octanol_gsolv_eV,47,0.17302711308002472,0.07962145656347275,0.6312885249226634,0.9337462474924476,17.458166122436523,0.16160164773464203,0.009256507619489207,0.1
39,octanol_gsolv_eV,48,0.058715999126434326,0.08121396601200104,0.6304790435352441,0.9687611187350744,17.703235626220703,0.006538663059473038,0.00036934847377778,0.02
39,octanol_gsolv_eV,49,0.06004099175333977,0.08256972581148148,0.6315364638176948,0.9648260258898393,18.08245849609375,0.01144429575651884,0.0006328948997168215,0.0
39,octanol_gsolv_eV,50,0.20947429537773132,0.08150030672550201,0.6307900679371266,0.9119952359597499,17.833965301513672,0.5993223786354065,0.03360567145347863,0.12
39,octanol_gsolv_eV,51,0.1589939147233963,0.09847210347652435,0.622028710883965,0.9193967217446737,20.957433700561523,0.6618390679359436,0.031580158018975894,0.1
39,octanol_gsolv_eV,52,0.2040129452943802,0.06838872283697128,0.6288523932887411,0.8977456879283292,15.078423500061035,0.5390007495880127,0.03574649230311318,0.22
39,octanol_gsolv_eV,53,0.2163005769252777,0.0782771036028862,0.6316136149006586,0.9124194556188008,17.29320526123047,1.0114659070968628,0.05848920959519645,0.2
39,octanol_gsolv_eV,54,0.198388934135437,0.07897826284170151,0.6296090808039554,0.9111381271481624,17.460025787353516,0.7075589299201965,0.04052450658078003,0.14
39,octanol_gsolv_eV,55,0.1138545423746109,0.08366410434246063,0.6290832353188687,0.9497875549597121,18.08185577392578,0.06414730101823807,0.003547606054392886,0.08
39,octanol_gsolv_eV,56,0.061115752905607224,0.086293064057827,0.6304413036488246,0.9536416355040134,18.757427215576172,0.05977864935994148,0.003186932230785962,0.0
39,octanol_gsolv_eV,57,0.08520598709583282,0.07378523051738739,0.6302485191748373,0.9792813356657477,16.121118545532227,0.005479925312101841,0.00033992215221446503,0.08
39,octanol_gsolv_eV,58,0.17424562573432922,0.0771099254488945,0.6292548210383708,0.9047044406288329,16.869346618652344,0.6572081446647644,0.03895871959487115,0.12
39,octanol_gsolv_eV,59,0.16741105914115906,0.07757332175970078,0.6330112306316069,0.9144954452932512,17.14082908630371,0.4281277656555176,0.02497707453355397,0.2
39,octanol_gsolv_eV,60,0.1399390548467636,0.07764984667301178,0.6322531417375439,0.9238663446841238,17.07815170288086,0.11665190011262894,0.0068304756944483225,0.06
39,octanol_gsolv_eV,61,0.18428157269954681,0.0801943987607956,0.6311185377149706,0.9346408944393927,17.58118438720703,0.5893104672431946,0.03351938380624726,0.24
39,octanol_gsolv_eV,62,0.23689283430576324,0.07947234064340591,0.6312965372190407,0.909192424124802,17.545976638793945,0.6365322470664978,0.03627796047893581,0.18
39,octanol_gsolv_eV,63,0.17404769361019135,0.0762278139591217,0.6312572805554519,0.9036091068835661,16.8203125,0.5217433571815491,0.03101864826717988,0.12
39,octanol_gsolv_eV,64,0.17937877774238586,0.07827723771333694,0.6314884934266516,0.9189476536949797,17.266616821289062,0.4814228117465973,0.02788171051279842,0.14
39,octanol_gsolv_eV,65,0.29554814100265503,0.076536163687706,0.6304795226552244,0.9148686499884757,17.041345596313477,0.7788138389587402,0.045701428596531694,0.24
39,octanol_gsolv_eV,66,0.08263349533081055,0.07730333507061005,0.6310941320802501,0.9770034548376247,16.929780960083008,0.009499231353402138,0.0005610959395044389,0.08
39,octanol_gsolv_eV,67,0.17506319284439087,0.08471861481666565,0.6290418252048613,0.9066419192167852,18.50835418701172,1.0295101404190063,0.05562407818743103,0.1
39,octanol_gsolv_eV,68,0.18900690972805023,0.08542939275503159,0.6297206270793672,0.9080788806639286,18.822540283203125,1.1612567901611328,0.061695008893003465,0.1
39,octanol_gsolv_eV,69,0.2028069794178009,0.07454290241003036,0.6285668710373635,0.9139501771442073,16.441673278808594,0.6475878953933716,0.03938698235951672,0.18
39,octanol_gsolv_eV,70,0.14203043282032013,0.07823232561349869,0.630755656835525,0.9480879135352507,17.11745262145996,0.2961062788963318,0.017298501444374184,0.06
39,octanol_gsolv_eV,71,0.18908289074897766,0.07458952069282532,0.6304651815926403,0.8944718883070655,16.403074264526367,0.721919596195221,0.0440112374395853,0.18
39,octanol_gsolv_eV,72,0.2154112607240677,0.07414523512125015,0.6291012660468094,0.9072033431208795,16.28898811340332,1.1026854515075684,0.06769514741067487,0.08
39,octanol_gsolv_eV,73,0.20222491025924683,0.07217717170715332,0.6288910071465119,0.9076101505606604,15.85846996307373,0.7128590941429138,0.04495131597201989,0.1
39,octanol_gsolv_eV,74,0.1990162581205368,0.07989202439785004,0.6307552562628294,0.906452027726695,17.727901458740234,0.6569727659225464,0.037058687823348924,0.18
39,octanol_gsolv_eV,75,0.19136609137058258,0.07679848372936249,0.6284122019963212,0.9071943507451306,16.893505096435547,1.106812596321106,0.06551704871208985,0.18
39,octanol_gsolv_eV,76,0.15827162563800812,0.091866135597229,0.6304221396208014,0.9304871833675565,20.228628158569336,0.45665374398231506,0.02257462742419661,0.14
39,octanol_gsolv_eV,77,0.21812020242214203,0.08095493167638779,0.628480021064723,0.9168017594663005,17.72859001159668,1.0015205144882202,0.056491831207845775,0.16
39,octanol_gsolv_eV,78,0.18327750265598297,0.08897573500871658,0.6295502209450232,0.9289602183886776,19.629751205444336,0.6233741641044617,0.03175660035525912,0.26
39,octanol_gsolv_eV,79,0.17347858846187592,0.07795915007591248,0.6305412866752054,0.9207402512875096,17.14715003967285,0.3939618766307831,0.02297535600489208,0.08
39,octanol_gsolv_eV,80,0.08211521059274673,0.07550331950187683,0.6315206836374889,0.9747278222132887,16.53354835510254,0.019869910553097725,0.001201793476290619,0.06
39,octanol_gsolv_eV,81,0.17065386474132538,0.07625475525856018,0.6326451699092421,0.9233164290752307,16.875370025634766,0.4726715683937073,0.028009552837993414,0.14
39,octanol_gsolv_eV,82,0.26974794268608093,0.07776880264282227,0.633046438114143,0.9075507095064459,17.461563110351562,0.8456031680107117,0.04842654478678494,0.24
39,octanol_gsolv_eV,83,0.18536430597305298,0.08695990592241287,0.6282626064509984,0.9167711412098072,18.943967819213867,0.7491415739059448,0.03954512492077452,0.12
39,octanol_gsolv_eV,84,0.2051963061094284,0.0804833173751831,0.6279143703866639,0.925967356168915,17.546249389648438,0.6380431652069092,0.03636350715403192,0.12
39,octanol_gsolv_eV,85,0.2115081250667572,0.07925044000148773,0.6293431748490097,0.90353719189845,17.48935890197754,1.4842908382415771,0.08486822453359036,0.12
39,octanol_gsolv_eV,86,0.16862350702285767,0.08125686645507812,0.6306024861259463,0.9281299376918475,17.836639404296875,0.5557475090026855,0.031157635494318794,0.12
39,octanol_gsolv_eV,87,0.21832390129566193,0.07386615872383118,0.629270353307142,0.8964549181237749,16.267375946044922,0.9660979509353638,0.0593886779367296,0.26
39,octanol_gsolv_eV,88,0.31388041377067566,0.08924161642789841,0.6324131757781846,0.9221417759720376,19.71822738647461,1.5329655408859253,0.07774357759650533,0.2
39,octanol_gsolv_eV,89,0.24564692378044128,0.07417027652263641,0.6312578317527706,0.9040182103780114,16.442777633666992,0.9989546537399292,0.06075340042880255,0.16
39,octanol_gsolv_eV,90,0.20585863292217255,0.0776621550321579,0.6323726347131733,0.9087837566265127,17.214588165283203,1.6115909814834595,0.09361774827315171,0.22
39,octanol_gsolv_eV,91,0.12051878124475479,0.06700394302606583,0.6306572765921161,0.941528891196322,14.613068580627441,0.1252315491437912,0.008569832438192398,0.12
39,octanol_gsolv_eV,92,0.15650810301303864,0.08815625309944153,0.626560444613494,0.8980263435147324,19.087087631225586,0.8528999090194702,0.04468465412314478,0.1
39,octanol_gsolv_eV,93,0.1757361888885498,0.08687759935855865,0.6269707347247999,0.942497825184065,18.902542114257812,0.321772038936615,0.017022685995970285,0.08
39,octanol_gsolv_eV,94,0.09145981073379517,0.08154655247926712,0.6321978937774524,0.9721945309179374,17.875782012939453,0.004240896552801132,0.00023724257488323268,0.06
39,octanol_gsolv_eV,95,0.13829903304576874,0.07336179167032242,0.6317583663527693,0.9316107911096587,16.1820125579834,0.40358400344848633,0.02494028489981477,0.14
39,octanol_gsolv_eV,96,0.16250458359718323,0.07727967202663422,0.6342192501299324,0.8997142654985288,17.21202850341797,0.7217714786529541,0.04193413219770259,0.1
39,octanol_gsolv_eV,97,0.2212648242712021,0.0791907086968422,0.6290217400727498,0.8891450265199501,17.578243255615234,0.8244351744651794,0.046900885513791034,0.16
39,octanol_gsolv_eV,98,0.10293971747159958,0.08967279642820358,0.6304323954179112,0.9700486002692952,19.500717163085938,0.014451850205659866,0.000741093267739744,0.06
39,octanol_gsolv_eV,99,0.1297217607498169,0.082168348133564,0.6313678487226488,0.9579490630025511,17.966493606567383,0.12215057015419006,0.006798798520682953,0.08
39,octanol_gsolv_eV,100,0.10830056667327881,0.08124097436666489,0.6289454027091896,0.9383901248459909,17.678211212158203,0.052840642631053925,0.002989026547816825,0.08
39,octanol_gsolv_eV,101,0.19634950160980225,0.07788006216287613,0.6304993509712338,0.9087827303930482,17.16675567626953,0.8875910043716431,0.05170406226486957,0.08
39,octanol_gsolv_eV,102,0.055703550577163696,0.07656216621398926,0.6297037685938871,0.9736183630590749,16.68087387084961,0.0164331067353487,0.000985146633358706,0.06
39,octanol_gsolv_eV,103,0.15032844245433807,0.07879075407981873,0.6301677093255316,0.9537707587873616,17.221426010131836,0.16320252418518066,0.009476713722148453,0.2
39,octanol_gsolv_eV,104,0.050410956144332886,0.08406084775924683,0.6301907888860003,0.9626912068051914,18.360994338989258,0.008140270598232746,0.00044334584761278534,0.0
39,octanol_gsolv_eV,105,0.27424201369285583,0.08127567172050476,0.6337517668153176,0.9035237495003217,18.154449462890625,2.0905516147613525,0.11515367728636627,0.26
39,octanol_gsolv_eV,106,0.16910739243030548,0.08455364406108856,0.6306437073367896,0.9542577924211564,18.49489402770996,0.1647469848394394,0.008907700935869508,0.12
39,octanol_gsolv_eV,107,0.16910088062286377,0.09902573376893997,0.6238849785521019,0.934365505906867,21.155778884887695,0.6403130292892456,0.030266577882728928,0.18
39,octanol_gsolv_eV,108,0.1772606074810028,0.07456847280263901,0.6297288210517542,0.9272717621096134,16.358531951904297,0.35949304699897766,0.021975874611237903,0.08
39,octanol_gsolv_eV,109,0.20501506328582764,0.07685708999633789,0.6304021947301195,0.9164751393205723,16.918493270874023,0.6625039577484131,0.03915856732283274,0.16
39,octanol_gsolv_eV,110,0.16655521094799042,0.08173570781946182,0.6308837016337636,0.9424777274806844,17.916839599609375,0.0725812315940857,0.00405100638371893,0.1
39,octanol_gsolv_eV,111,0.1218104362487793,0.093084417283535,0.6318205091386104,0.9706916079337897,20.389694213867188,0.012748605571687222,0.0006252475117070072,0.04
39,octanol_gsolv_eV,112,0.11505723744630814,0.08244548738002777,0.6307590428635963,0.9645904812522716,18.022464752197266,0.017828846350312233,0.0009892568300425486,0.04
39,octanol_gsolv_eV,113,0.35914841294288635,0.07760469615459442,0.6333035717880082,0.9122987240253122,17.280914306640625,1.5559515953063965,0.09003873103568849,0.24
39,octanol_gsolv_eV,114,0.15687987208366394,0.09332598745822906,0.628387937331025,0.9538156167757208,20.271930694580078,0.19044280052185059,0.009394408622991571,0.18
39,octanol_gsolv_eV,115,0.20978020131587982,0.07612549513578415,0.6310268000661976,0.8950106594160829,16.863677978515625,1.044088363647461,0.06191344290241029,0.12
39,octanol_gsolv_eV,116,0.16594482958316803,0.10496727377176285,0.6241166935081974,0.9227583914379345,22.81120491027832,1.1250730752944946,0.049321071803075024,0.18
39,octanol_gsolv_eV,117,0.31386324763298035,0.07626473158597946,0.6318978097511021,0.9289638355605256,16.893611907958984,1.5884698629379272,0.0940278415055552,0.36
39,octanol_gsolv_eV,118,0.2050563097000122,0.07241464406251907,0.630393774452291,0.9325013599602756,15.965893745422363,0.646538257598877,0.04049496181723295,0.24
39,octanol_gsolv_eV,119,0.20845456421375275,0.07246756553649902,0.625757133949461,0.8948024101551126,15.916929244995117,0.7894935011863708,0.04960086766953603,0.18
39,octanol_gsolv_eV,120,0.22927697002887726,0.08228442817926407,0.6311714887741606,0.9214963861802996,18.143020629882812,0.8049314618110657,0.044365901259313334,0.08
39,octanol_gsolv_eV,121,0.13717715442180634,0.0772264301776886,0.6307119581679133,0.9407360437251175,16.956295013427734,0.24063564836978912,0.014191522863882065,0.1
39,octanol_gsolv_eV,122,0.0501798652112484,0.0732179507613182,0.6306346122296935,0.960079464261498,16.001293182373047,0.020886167883872986,0.0013052799949244786,0.02
39,octanol_gsolv_eV,123,0.20319212973117828,0.07863669842481613,0.6345163712838517,0.9207984447991286,17.482227325439453,0.7053693532943726,0.040347796660208546,0.26
39,octanol_gsolv_eV,124,0.18904352188110352,0.08074864000082016,0.6305289407825632,0.9101814311312615,17.81478500366211,0.5943049192428589,0.033360207216684916,0.14
39,octanol_gsolv_eV,125,0.16223956644535065,0.07613272964954376,0.6302687023746771,0.9189730371678875,16.677490234375,0.34301894903182983,0.020567779936384697,0.12
39,octanol_gsolv_eV,126,0.08365480601787567,0.04314982146024704,0.6204729949046015,0.9638275128871774,9.078588485717773,0.03386123478412628,0.003729790686888826,0.06
39,octanol_gsolv_eV,127,0.22370189428329468,0.08012626320123672,0.631281243248693,0.9092928735351415,17.62837791442871,0.7431631684303284,0.04215720652448994,0.18
39,octanol_gsolv_eV,128,0.1906278431415558,0.07918846607208252,0.6300741438712496,0.9107359338332013,17.371320724487305,0.5310407876968384,0.030569971973878885,0.16
39,octanol_gsolv_eV,129,0.20274250209331512,0.07568682730197906,0.6309457140604795,0.9042197490157777,16.733875274658203,0.6454929113388062,0.03857402429169179,0.16
39,octanol_gsolv_eV,130,0.029460933059453964,0.09043749421834946,0.6218924084239794,0.9588161957782508,19.25439453125,0.008128923363983631,0.0004221853536235761,0.0
39,octanol_gsolv_eV,131,0.1923096776008606,0.08166064321994781,0.6277545577422037,0.9184413263700819,17.786977767944336,0.6957592964172363,0.0391162178023932,0.24
39,octanol_gsolv_eV,132,0.05836346745491028,0.08208146691322327,0.630883906619033,0.9684889351956982,17.949323654174805,0.013076315633952618,0.0007285130005949399,0.0
39,octanol_gsolv_eV,133,0.0802866593003273,0.07811104506254196,0.6297446780527629,0.9684126063617542,17.060686111450195,0.014087176881730556,0.0008257098682728837,0.02
39,octanol_gsolv_eV,134,0.23432204127311707,0.0830933079123497,0.6331170345526864,0.9126419146706952,18.43675422668457,0.5957468748092651,0.032313001924547356,0.14
39,octanol_gsolv_eV,135,0.22258910536766052,0.07320607453584671,0.6219638822620843,0.9561942473263887,15.607587814331055,1.496967077255249,0.09591277621265201,0.22
39,octanol_gsolv_eV,136,0.19475020468235016,0.07269179075956345,0.628975105392301,0.91296558232089,15.996747970581055,0.8302904367446899,0.05190370181937242,0.12
39,octanol_gsolv_eV,137,0.2534171938896179,0.08189903199672699,0.6317459357243518,0.9152077180147542,18.0042724609375,0.7998682260513306,0.04442657862386518,0.34
39,octanol_gsolv_eV,138,0.24143914878368378,0.07252474129199982,0.6290772298312683,0.915952205598705,16.024715423583984,0.9714745879173279,0.06062351575289655,0.16
39,octanol_gsolv_eV,139,0.14104539155960083,0.07231052964925766,0.6258555900501312,0.9417198800201061,15.721085548400879,0.24643974006175995,0.015675745755790213,0.14
39,octanol_gsolv_eV,140,0.08346214890480042,0.08277896046638489,0.6315768330301741,0.9658807161298575,18.135597229003906,0.012528344988822937,0.0006908151317336602,0.04
39,octanol_gsolv_eV,141,0.12262619286775589,0.0807826817035675,0.6311684155646731,0.9547148620879591,17.68629264831543,0.06956140697002411,0.003933068865998304,0.06
39,octanol_gsolv_eV,142,0.14755363762378693,0.07897201925516129,0.6303783504955365,0.9407211309234802,17.374406814575195,0.1583772897720337,0.009115550905552227,0.06
39,octanol_gsolv_eV,143,0.2455233633518219,0.07751161605119705,0.6323594430746906,0.9027324478849101,17.334978103637695,0.7510111331939697,0.04332345438823325,0.1
39,octanol_gsolv_eV,144,0.16025269031524658,0.07798553258180618,0.6311780818535153,0.9430726577087714,17.127229690551758,0.17734527587890625,0.010354580342712333,0.14
39,octanol_gsolv_eV,145,0.09327520430088043,0.08732674270868301,0.631724729511435,0.9550652869695493,19.143457412719727,0.024163562804460526,0.0012622360884719406,0.04
39,octanol_gsolv_eV,146,0.24822819232940674,0.07866159826517105,0.6326449013874733,0.9204943060682051,17.398170471191406,0.6921943426132202,0.0397854673144733,0.3
39,octanol_gsolv_eV,147,0.07329146564006805,0.0655440017580986,0.6203260808771114,0.97371287546325,13.843615531921387,0.0226995088160038,0.0016397095660206683,0.08
39,octanol_gsolv_eV,148,0.20821453630924225,0.08326694369316101,0.6295220096199976,0.9059088168863911,18.22844886779785,0.7449178695678711,0.04086567513069275,0.12
39,octanol_gsolv_eV,149,0.05866299942135811,0.07675831764936447,0.6318692455637376,0.9705630450085774,16.840667724609375,0.012917177751660347,0.0007670228973631724,0.04
39,octanol_gsolv_eV,150,0.07281246036291122,0.08090022951364517,0.6328992983249633,0.9543557293484026,17.766996383666992,0.039611559361219406,0.002229502303362536,0.02
39,octanol_gsolv_eV,151,0.09073517471551895,0.07916297018527985,0.6301764398239151,0.9757935192776279,17.342025756835938,0.005986789707094431,0.00034521859159011674,0.06
39,octanol_gsolv_eV,152,0.19598311185836792,0.0831371545791626,0.6283723975992159,0.9094266597316163,18.20575714111328,0.46470049023628235,0.025524919762159693,0.14
39,octanol_gsolv_eV,153,0.07793623954057693,0.07153656333684921,0.630571968971263,0.9626458143446905,15.645647048950195,0.013306657783687115,0.0008505022350341194,0.06
39,octanol_gsolv_eV,154,0.17747046053409576,0.0736650750041008,0.6290326696780897,0.9340012468180745,16.129831314086914,0.524977445602417,0.03254698920155044,0.12
39,octanol_gsolv_eV,155,0.2245158553123474,0.08716311305761337,0.6298663855732871,0.9330448485552427,19.187725067138672,0.3659941852092743,0.019074391775400417,0.16
39,octanol_gsolv_eV,156,0.21591058373451233,0.07903937995433807,0.6315984014242582,0.924833083540302,17.463525772094727,0.46116766333580017,0.02640747746784948,0.2
39,octanol_gsolv_eV,157,0.0795527994632721,0.07697319239377975,0.6313862936343642,0.9781661594156421,16.921981811523438,0.007447227369993925,0.0004400919143479136,0.06
39,octanol_gsolv_eV,158,0.2412889301776886,0.07492896914482117,0.6305403635604709,0.9236768678738017,16.489347457885742,0.5416086912155151,0.03284597480881515,0.24
39,octanol_gsolv_eV,159,0.1827680617570877,0.08729537576436996,0.6296350831272288,0.9137369888164024,19.216651916503906,0.8701695203781128,0.045282056632913355,0.22
39,octanol_gsolv_eV,160,0.03996732458472252,0.07117342948913574,0.6295290985994157,0.9590976154366349,15.479325294494629,0.012324248440563679,0.0007961747819168137,0.0
39,octanol_gsolv_eV,161,0.09256541728973389,0.08185900747776031,0.6316624113755465,0.9635527807090887,17.905345916748047,0.007029759231954813,0.0003926067256471944,0.04
39,octanol_gsolv_eV,162,0.28473177552223206,0.08220575749874115,0.6311653329019584,0.9271115302679784,18.205486297607422,0.734532356262207,0.04034675834826449,0.26
39,octanol_gsolv_eV,163,0.1781918704509735,0.07613711804151535,0.6308969140383072,0.9126820177483539,16.739099502563477,0.652913510799408,0.039005294800919174,0.1
39,octanol_gsolv_eV,164,0.11817482113838196,0.08060437440872192,0.628290211748302,0.9558613816070982,17.50679588317871,0.10735354572534561,0.006132107008141653,0.1
39,octanol_gsolv_eV,165,0.26848697662353516,0.06621269881725311,0.6207833005811654,0.9189612309911586,14.232381820678711,1.2134902477264404,0.08526262596210842,0.18
39,octanol_gsolv_eV,166,0.06671418994665146,0.0470711812376976,0.620721282829622,0.9611096911067443,9.96700668334961,0.024967392906546593,0.002505004130102159,0.04
39,octanol_gsolv_eV,167,0.20736141502857208,0.07254103571176529,0.6272237405447401,0.9345570574559414,15.886045455932617,0.6513583064079285,0.04100191631798962,0.16
39,octanol_gsolv_eV,168,0.06698679178953171,0.08593287318944931,0.6313213947469707,0.9704090427691905,18.651958465576172,0.011670860461890697,0.0006257176951916495,0.04
39,octanol_gsolv_eV,169,0.17254598438739777,0.07827304303646088,0.6337743853739481,0.9154956517844481,17.34918975830078,0.48590248823165894,0.028007215034303097,0.08
39,octanol_gsolv_eV,170,0.17809684574604034,0.0794503390789032,0.6328469399055603,0.9130927320487856,17.548002243041992,0.7315090894699097,0.041686174832805394,0.2
39,octanol_gsolv_eV,171,0.20278368890285492,0.07925254851579666,0.629663853187064,0.9288655335381526,17.37053108215332,0.8884590864181519,0.05114749124342921,0.06
39,octanol_gsolv_eV,172,0.14622262120246887,0.0720786526799202,0.6311912784310549,0.9298035009151973,15.776416778564453,0.14586088061332703,0.009245501222527881,0.08
39,octanol_gsolv_eV,173,0.049370523542165756,0.07958952337503433,0.6305441614151726,0.9576569763986666,17.38399314880371,0.006048878189176321,0.00034795677479846325,0.02
39,octanol_gsolv_eV,174,0.11762966960668564,0.08608777821063995,0.6294792967549454,0.9306596261224511,18.739595413208008,0.19474133849143982,0.010391971341824305,0.06
39,octanol_gsolv_eV,175,0.20207953453063965,0.0850588008761406,0.6332689381632179,0.9109841965913446,18.848766326904297,0.7125104069709778,0.037801434566778876,0.24
39,octanol_gsolv_eV,176,0.22109398245811462,0.09327409416437149,0.6281655932220893,0.9169886369411537,20.377277374267578,0.8580047488212585,0.042105956211046465,0.24
39,octanol_gsolv_eV,177,0.2804586589336395,0.07968579977750778,0.6291818617459288,0.9205174153210729,17.574687957763672,1.1370195150375366,0.06469642691637406,0.14
39,octanol_gsolv_eV,178,0.18994030356407166,0.05629080533981323,0.6214947283032837,0.9357986409007168,11.918793678283691,0.632744312286377,0.0530879491134452,0.1
39,octanol_gsolv_eV,179,0.21098372340202332,0.08337235450744629,0.6313559348258817,0.9064693308638994,18.399213790893555,0.6940343379974365,0.03772086926567154,0.12
39,octanol_gsolv_eV,180,0.08874530345201492,0.08038203418254852,0.6310279944813622,0.971648166723208,17.572473526000977,0.01663942076265812,0.0009469025938800094,0.02
39,octanol_gsolv_eV,181,0.27004319429397583,0.08167707920074463,0.6327124427096458,0.9262359152027313,18.16993522644043,0.6576569080352783,0.036194785498094274,0.3
39,octanol_gsolv_eV,182,0.1869368851184845,0.07944946736097336,0.6314415325561682,0.9143011549944211,17.54852294921875,0.38984695076942444,0.022215371168134705,0.18
39,octanol_gsolv_eV,183,0.13434281945228577,0.08326330780982971,0.6290970231746384,0.9432313025581638,18.17306137084961,0.16492734849452972,0.00907537509112694,0.08
39,octanol_gsolv_eV,184,0.07738836109638214,0.08232022821903229,0.6312628461585634,0.9582537184782038,17.92278289794922,0.020690657198429108,0.0011544332884150818,0.06
39,octanol_gsolv_eV,185,0.08033103495836258,0.07674511522054672,0.6281445156049861,0.9663338095141911,16.810514450073242,0.006106286775320768,0.00036324211215880807,0.06
39,octanol_gsolv_eV,186,0.2511795461177826,0.0952075868844986,0.6269541902165949,0.9416085705019137,20.91530990600586,0.9995135068893433,0.04778860611586404,0.16
39,octanol_gsolv_eV,187,0.1546826809644699,0.08152765780687332,0.6317471323449171,0.9400097227672664,17.911712646484375,0.17949853837490082,0.010021293994470815,0.1
39,octanol_gsolv_eV,188,0.12003669142723083,0.08272268623113632,0.6309627778144846,0.9653523493842433,18.099483489990234,0.020321941003203392,0.0011227912119394052,0.04
39,octanol_gsolv_eV,189,0.17034384608268738,0.08470964431762695,0.6285920562363356,0.9359680091464944,18.44121551513672,0.29838743805885315,0.01618046477543381,0.2
39,octanol_gsolv_eV,190,0.19304770231246948,0.07586058229207993,0.6249430866443766,0.924580607896784,16.519874572753906,0.7266467213630676,0.043986212980183285,0.12
39,octanol_gsolv_eV,191,0.07470720261335373,0.0795510932803154,0.6308220727839144,0.9792551047251576,17.426097869873047,0.011100409552454948,0.0006369991512354462,0.06
39,octanol_gsolv_eV,192,0.04483515024185181,0.07549732178449631,0.6291710086612718,0.965345027196447,16.424970626831055,0.009509380906820297,0.0005789587770273527,0.0
39,octanol_gsolv_eV,193,0.1950627714395523,0.07491444051265717,0.629194444258423,0.9059800759442691,16.464628219604492,0.7684363126754761,0.046671950464116534,0.18
39,octanol_gsolv_eV,194,0.18814721703529358,0.08033834397792816,0.6308345553879524,0.92338704626083,17.614543914794922,0.8758789896965027,0.049724761193551466,0.14
39,octanol_gsolv_eV,195,0.2327394038438797,0.08187753707170486,0.6308227572226459,0.9323562986057035,18.052181243896484,1.3175294399261475,0.07298450099328631,0.06
39,octanol_gsolv_eV,196,0.17634521424770355,0.0763484388589859,0.629862616623817,0.9359315237643941,16.718502044677734,0.421709269285202,0.02522410609265388,0.1
39,octanol_gsolv_eV,197,0.1540331244468689,0.0791235938668251,0.6271578343965174,0.9285360511594685,17.261505126953125,0.6031669974327087,0.03494289709944751,0.06
39,octanol_gsolv_eV,198,0.2378768026828766,0.06953740864992142,0.6219152258552163,0.9447740399067506,14.846632957458496,1.2645145654678345,0.08517180758028917,0.16
39,octanol_gsolv_eV,199,0.09470253437757492,0.08246655762195587,0.6308895083486348,0.9748341329476236,18.026535034179688,0.016046350821852684,0.0008901517008913569,0.06
39,octanol_gsolv_eV,200,0.21328602731227875,0.08217285573482513,0.6294474023480252,0.9067473684801948,18.05618667602539,0.49185580015182495,0.02724029214900067,0.14
39,octanol_gsolv_eV,201,0.17958460748195648,0.09265397489070892,0.6299949214854828,0.949032209472858,20.262405395507812,0.38887274265289307,0.01919183507892436,0.18
39,octanol_gsolv_eV,202,0.17490702867507935,0.08507601916790009,0.6300456393785199,0.922973722971399,18.650760650634766,0.47161388397216797,0.02528657639258895,0.12
39,octanol_gsolv_eV,203,0.14728815853595734,0.08087499439716339,0.629766504999157,0.91707257493213,17.713104248046875,0.38126134872436523,0.021524253647770678,0.1
39,octanol_gsolv_eV,204,0.164260596036911,0.07584728300571442,0.6332751959001524,0.9179822829605149,16.824861526489258,0.33626893162727356,0.019986430859941867,0.2
39,octanol_gsolv_eV,205,0.22698426246643066,0.07957585901021957,0.6313957710203613,0.8940864673258258,17.575862884521484,0.7857128977775574,0.04470408667499962,0.12
39,octanol_gsolv_eV,206,0.08962951600551605,0.07762716710567474,0.6302690282410566,0.9662630106269601,16.95513916015625,0.013039634563028812,0.0007690667967899266,0.08
39,octanol_gsolv_eV,207,0.2861131429672241,0.07543213665485382,0.6312534538887482,0.910537995635974,16.690872192382812,1.001261591911316,0.059988572219027606,0.18
39,octanol_gsolv_eV,208,0.35806936025619507,0.08071830868721008,0.6350831039869789,0.9307914632280068,17.917301177978516,3.074028253555298,0.17156759397076335,0.42
39,octanol_gsolv_eV,209,0.15921935439109802,0.07244926691055298,0.6259803962122803,0.9510680824169568,15.767841339111328,0.15295031666755676,0.009700143055610998,0.18
39,octanol_gsolv_eV,210,0.095926932990551,0.07992406189441681,0.6298957496611817,0.945646155016238,17.40047836303711,0.04116547107696533,0.002365766631129573,0.04
39,octanol_gsolv_eV,211,0.06540150940418243,0.07983160018920898,0.6236137589339454,0.9582310913730696,17.129348754882812,0.01273844763636589,0.0007436621099056512,0.04
39,octanol_gsolv_eV,212,0.22444944083690643,0.0785176232457161,0.6331911352295116,0.922891869339501,17.452085494995117,0.5183872580528259,0.02970345625464007,0.12
39,octanol_gsolv_eV,213,0.17123444378376007,0.07745698094367981,0.6300848767573344,0.9241331873289371,16.98716163635254,0.5945438146591187,0.03499959718913809,0.1
39,octanol_gsolv_eV,214,0.08107960969209671,0.08581063151359558,0.6296862029825081,0.9725951127323993,18.69793128967285,0.007450000382959843,0.00039843982029576664,0.06
39,octanol_gsolv_eV,215,0.20164810121059418,0.0849914699792862,0.6282244365004397,0.9034730724752635,18.529590606689453,0.6598916053771973,0.0356128540227417,0.14
39,octanol_gsolv_eV,216,0.2562001943588257,0.0790356993675232,0.6338469373774296,0.9073468304008327,17.60045051574707,1.219976544380188,0.06931507482087908,0.24
39,octanol_gsolv_eV,217,0.2333567589521408,0.06740052998065948,0.6314520854176966,0.9147077667417796,14.836369514465332,0.8979469537734985,0.06052336138554705,0.24
39,octanol_gsolv_eV,218,0.07738355547189713,0.0791991651058197,0.6315797927514277,0.9753947175292168,17.34223747253418,0.004568804521113634,0.00026344954209913757,0.04
39,octanol_gsolv_eV,219,0.180136576294899,0.07758092135190964,0.6307478437647371,0.9093040475234484,17.115497589111328,0.8678994178771973,0.05070839532175473,0.12
39,octanol_gsolv_eV,220,0.07830173522233963,0.07691602408885956,0.6300871650006634,0.9631573131519622,16.786705017089844,0.02900712378323078,0.0017279819806030926,0.0
39,octanol_gsolv_eV,221,0.1592840552330017,0.08474035561084747,0.6310126241051419,0.9380893028436093,18.516651153564453,0.33069273829460144,0.0178592087495769,0.1
39,octanol_gsolv_eV,222,0.18780328333377838,0.07590095698833466,0.6312077647179348,0.9156487984491037,16.732162475585938,0.5919939875602722,0.0353806023832279,0.12
39,octanol_gsolv_eV,223,0.20386157929897308,0.07785016298294067,0.627224232250688,0.9071868288635538,17.009124755859375,0.9079472422599792,0.05338000957087494,0.12
39,octanol_gsolv_eV,224,0.1731891632080078,0.08256883919239044,0.6342580212104478,0.9192956609266134,18.33733367919922,0.6166129112243652,0.03362609428456953,0.2
39,octanol_gsolv_eV,225,0.19571830332279205,0.0746394693851471,0.6296218882534008,0.9038308222214844,16.42141342163086,1.1519865989685059,0.07015148875376762,0.16
39,octanol_gsolv_eV,226,0.18020175397396088,0.08542703837156296,0.6316481175809321,0.9159989019934014,18.800195693969727,0.5397962331771851,0.028712266721262262,0.12
39,octanol_gsolv_eV,227,0.17404508590698242,0.0787525624036789,0.6324690110218116,0.9103785624369636,17.384410858154297,0.6303545832633972,0.036259761024212356,0.06
39,octanol_gsolv_eV,228,0.027479132637381554,0.08282747119665146,0.6315790942937629,0.9639066323320757,18.117984771728516,0.010802051052451134,0.0005962059902659131,0.0
39,octanol_gsolv_eV,229,0.25909164547920227,0.07259438186883926,0.625122415991932,0.9080524224286775,15.940791130065918,1.3151624202728271,0.0825029579486993,0.18
39,octanol_gsolv_eV,230,0.09325072169303894,0.06923733651638031,0.6269401787407549,0.9577643659036652,15.044801712036133,0.0293368399143219,0.0019499652089699435,0.08
39,octanol_gsolv_eV,231,0.25461822748184204,0.08189564198255539,0.6316715466072631,0.9134557764134141,18.057313919067383,1.0099241733551025,0.05592881520925914,0.12
39,octanol_gsolv_eV,232,0.0946371853351593,0.07932277768850327,0.6299947643875301,0.9656927538866624,17.32846450805664,0.015792395919561386,0.000911355758741285,0.06
39,octanol_gsolv_eV,233,0.0796906054019928,0.07798399031162262,0.6308699918472402,0.9645149782796911,17.010822296142578,0.02041538432240486,0.0012001409436294159,0.04
39,octanol_gsolv_eV,234,0.20651079714298248,0.07866699248552322,0.6312005915799783,0.9140816956823885,17.33993148803711,0.6500164270401001,0.03748667793114114,0.18
39,octanol_gsolv_eV,235,0.18586325645446777,0.07719005644321442,0.6314605428829856,0.900789080616893,17.1151180267334,0.6302967667579651,0.03682690155998088,0.1
39,octanol_gsolv_eV,236,0.12243242561817169,0.057237785309553146,0.6294254651472937,0.935470139197399,12.42361831665039,0.3287227749824524,0.026459503713333766,0.0
39,octanol_gsolv_eV,237,0.050938647240400314,0.07491113990545273,0.6292890783641689,0.9688054574604466,16.324268341064453,0.01492635440081358,0.0009143659053475398,0.02
39,octanol_gsolv_eV,238,0.12565413117408752,0.08110547065734863,0.633248357804963,0.953000160654836,17.843982696533203,0.10303989052772522,0.0057744894892631906,0.06
39,octanol_gsolv_eV,239,0.25185316801071167,0.04504936933517456,0.6228844320614859,0.9414965038389158,9.600476264953613,0.676243007183075,0.07043848539594742,0.2
39,octanol_gsolv_eV,240,0.09610699117183685,0.0798318162560463,0.6309812766621476,0.9317768870046155,17.4334716796875,0.19165398180484772,0.010993449000072208,0.0
39,octanol_gsolv_eV,241,0.120765320956707,0.06443219631910324,0.6285266667129785,0.9416974063256129,13.990918159484863,0.12346931546926498,0.008824961597360315,0.1
39,octanol_gsolv_eV,242,0.29934802651405334,0.08805384486913681,0.6325856334780977,0.9307395215265033,19.603403091430664,1.2352832555770874,0.06301371500732304,0.18
39,octanol_gsolv_eV,243,0.22312891483306885,0.08203364163637161,0.631432849086015,0.9110082588130046,18.197429656982422,0.582573413848877,0.032014049502059286,0.1
39,octanol_gsolv_eV,244,0.07475310564041138,0.07911717891693115,0.6312546823863245,0.9726734092956355,17.281044006347656,0.009952381253242493,0.0005759131942252327,0.06
39,octanol_gsolv_eV,245,0.190512552857399,0.0813983678817749,0.6320707435656459,0.9355153017896491,17.963533401489258,0.3724827468395233,0.020735494432773612,0.2
39,octanol_gsolv_eV,246,0.2013837844133377,0.08032189309597015,0.6288422125067534,0.9246281635614964,17.54791259765625,0.8328948020935059,0.04746403866889271,0.16
39,octanol_gsolv_eV,247,0.19597209990024567,0.07345347106456757,0.6311707819629739,0.9055452792482241,16.221925735473633,0.5204234719276428,0.03208148529428883,0.2
39,octanol_gsolv_eV,248,0.21809378266334534,0.07722468674182892,0.6285227898934806,0.8982208287922928,17.075363159179688,1.159364938735962,0.06789694180604816,0.16
39,octanol_gsolv_eV,249,0.1787913739681244,0.08017810434103012,0.6326219878755086,0.9021564309779793,17.803621292114258,0.5565667748451233,0.03126143640741465,0.08
39,octanol_hl_gap_eV,0,0.22219106554985046,0.00212698127143085,0.5913269745936724,0.9159912654939704,0.34112313389778137,0.0470765084028244,0.13800444392297073,0.16
39,octanol_hl_gap_eV,1,0.09230679273605347,0.0017723808996379375,0.592057556641904,0.973177758068839,0.3976704478263855,0.0017709224484860897,0.004453241265891693,0.14
39,octanol_hl_gap_eV,2,0.03583219274878502,0.0016500651836395264,0.5821129745235329,0.9754333887427717,0.3502405881881714,0.0009960971074178815,0.0028440367593338873,0.04
39,octanol_hl_gap_eV,3,0.04000305011868477,0.00295848585665226,0.5748644907545639,0.9732511311135188,0.6471059918403625,0.0020289281383156776,0.0031353876550353483,0.02
39,octanol_hl_gap_eV,4,0.07900482416152954,0.0021604029461741447,0.5920916670450034,0.9416207738314766,0.32817593216896057,0.014997385442256927,0.045699224020290315,0.08
39,octanol_hl_gap_eV,5,0.09488216042518616,0.0012112382100895047,0.6354888799491014,0.9625700968238855,0.2808081805706024,0.0012760424287989736,0.004544178257934133,0.24
39,octanol_hl_gap_eV,6,0.01647058315575123,0.004309292882680893,0.5772597881255419,0.9760741181791441,0.8841149210929871,0.0032026791013777256,0.0036224692344502154,0.0
39,octanol_hl_gap_eV,7,0.027244089171290398,0.0015545260393992066,0.6141505794283653,0.9703564591673286,0.25714218616485596,0.0004625956935342401,0.0017989879468383544,0.16
39,octanol_hl_gap_eV,8,0.03176422417163849,0.0012733119074255228,0.617346524560823,0.975202535736035,0.25765982270240784,0.00042724463855847716,0.001658173300274046,0.08
39,octanol_hl_gap_eV,9,0.05426356568932533,0.003833984723314643,0.5865202260394713,0.9747472862967577,0.6081646084785461,0.0031659873202443123,0.0052058065795125875,0.06
39,octanol_hl_gap_eV,10,0.03395725414156914,0.0027899574488401413,0.633940102073109,0.9650259507456977,0.706137478351593,0.0015792708145454526,0.002236491990528674,0.08
39,octanol_hl_gap_eV,11,0.07252609729766846,0.0016062301583588123,0.6017402639772333,0.9704507857908966,0.3613281548023224,0.0021487886551767588,0.005946917301122939,0.06
39,octanol_hl_gap_eV,12,0.044007789343595505,0.0012021968141198158,0.6319429178687124,0.9777179260839317,0.3321322500705719,0.0012448844499886036,0.0037481589027385594,0.24
39,octanol_hl_gap_eV,13,0.06036156788468361,0.0010861519258469343,0.617787752757625,0.9599454622574937,0.27764737606048584,0.0007877520984038711,0.0028372394854985347,0.22
39,octanol_hl_gap_eV,14,0.22090886533260345,0.0012558088637888432,0.6255294398491638,0.9217313214565892,0.37457045912742615,0.03220115602016449,0.08596822102623392,0.04
39,octanol_hl_gap_eV,15,0.043961312621831894,0.0021098791621625423,0.6065559087525361,0.9699938764715295,0.44757068157196045,0.0010250734630972147,0.002290305208323623,0.02
39,octanol_hl_gap_eV,16,0.141560360789299,0.00112065183930099,0.651000543959773,0.9415752341305637,0.28181812167167664,0.007801327854394913,0.027682137004247032,0.12
39,octanol_hl_gap_eV,17,0.010092327371239662,0.003088142490014434,0.5777772066885887,0.97453073625501,0.6977877020835876,0.0016920813359320164,0.002424922839539128,0.0
39,octanol_hl_gap_eV,18,0.022156141698360443,0.0014343926450237632,0.6054137649523781,0.9614271320698164,0.2688654661178589,0.0008111646166071296,0.0030169907214917307,0.1
39,octanol_hl_gap_eV,19,0.09271305799484253,0.0028551884461194277,0.6240066058846867,0.9762725061915216,0.7066841721534729,0.002568876137956977,0.003635112033327224,0.1
39,octanol_hl_gap_eV,20,0.09119068831205368,0.0018132391851395369,0.60081690207114,0.9640544440446035,0.44916459918022156,0.0010038824984803796,0.0022349991524545426,0.08
39,octanol_hl_gap_eV,21,0.013300555758178234,0.004287343006581068,0.5845964999243796,0.9679004846936146,0.9107306599617004,0.006169301923364401,0.006774013651438772,0.02
39,octanol_hl_gap_eV,22,0.01560980360955,0.004610212054103613,0.6204977204108462,0.9771982502971446,0.8954629302024841,0.0017223478062078357,0.0019234160880544486,0.02
39,octanol_hl_gap_eV,23,0.04175329580903053,0.0017781896749511361,0.5970390123367426,0.9791145695471855,0.276987224817276,0.005100672133266926,0.0184148281085229,0.02
39,octanol_hl_gap_eV,24,0.06177947670221329,0.0028165706899017096,0.582735631871871,0.9816305769183031,0.4108577370643616,0.004109117202460766,0.010001313914205456,0.02
39,octanol_hl_gap_eV,25,0.08083908259868622,0.005518099758774042,0.6081539653256465,0.9085736450237973,1.086953043937683,0.10117357969284058,0.09307999113404299,0.04
39,octanol_hl_gap_eV,26,0.07716501504182816,0.0022045294754207134,0.5958910399970334,0.9631058116040774,0.4861094653606415,0.0013318457640707493,0.0027398062761083276,0.16
39,octanol_hl_gap_eV,27,0.05711616948246956,0.0018253704765811563,0.6102883436145927,0.9386417986909155,0.4242730736732483,0.009347490034997463,0.022031777680514283,0.06
39,octanol_hl_gap_eV,28,0.04684467241168022,0.0011256169527769089,0.6548619457242333,0.9677307468853285,0.2644277811050415,0.000661576515994966,0.0025019175868369174,0.12
39,octanol_hl_gap_eV,29,0.04201548546552658,0.0013998982030898333,0.6296443545063075,0.9724201528065217,0.28333866596221924,0.0007420238107442856,0.0026188582776881853,0.12
39,octanol_hl_gap_eV,30,0.010691243223845959,0.001627454999834299,0.6029463612853581,0.9728399791236133,0.36901095509529114,0.0009333731723017991,0.0025293914974984155,0.08
39,octanol_hl_gap_eV,31,0.037235673516988754,0.004312768112868071,0.6139178701349335,0.9744526398206981,0.8019526600837708,0.00173780950717628,0.002166972682645321,0.02
39,octanol_hl_gap_eV,32,0.02661384828388691,0.001705441391095519,0.5972041518444564,0.9582534552430133,0.30918818712234497,0.0006657346966676414,0.0021531698958609045,0.02
39,octanol_hl_gap_eV,33,0.1140926331281662,0.000997935771010816,0.6567746184145473,0.9489089342436332,0.2846969962120056,0.002129774075001478,0.007480844909988081,0.1
39,octanol_hl_gap_eV,34,0.11273009330034256,0.0014514588983729482,0.6284985697574816,0.9708848499933955,0.4475451707839966,0.0009815325029194355,0.002193147344658005,0.18
39,octanol_hl_gap_eV,35,0.08031481504440308,0.001381034031510353,0.606888249815035,0.9757193301760956,0.2741907238960266,0.0010611781617626548,0.003870219045648877,0.12
39,octanol_hl_gap_eV,36,0.021621335297822952,0.0013231642078608274,0.6332490386536342,0.9680385548107688,0.3298913836479187,0.001229171990416944,0.003725989981383677,0.06
39,octanol_hl_gap_eV,37,0.04115752503275871,0.001601516385562718,0.6020261396897317,0.9641792508458622,0.3250674903392792,0.0011664670892059803,0.0035883843320921333,0.06
39,octanol_hl_gap_eV,38,0.11052537709474564,0.001362445531412959,0.6065464997732954,0.9708767065019221,0.2301127165555954,0.0012804813450202346,0.005564583149453495,0.02
39,octanol_hl_gap_eV,39,0.08393082767724991,0.0010282089933753014,0.6629822188296957,0.937361962081835,0.29258573055267334,0.0030729854479432106,0.010502854811608764,0.12
39,octanol_hl_gap_eV,40,0.023826852440834045,0.004391328431665897,0.6207627492280852,0.9696493481750494,1.060620665550232,0.0007403066265396774,0.000697993779100673,0.02
39,octanol_hl_gap_eV,41,0.0209638848900795,0.0015123195480555296,0.5977287557502007,0.9567133620221864,0.34252479672431946,0.0003618027549237013,0.0010562819345744992,0.06
39,octanol_hl_gap_eV,42,0.046452417969703674,0.0020432707387953997,0.5883146308016851,0.9369967182434742,0.38399094343185425,0.00247639836743474,0.006449106182823865,0.04
39,octanol_hl_gap_eV,43,0.15627382695674896,0.002831845311447978,0.5725798876875337,0.8960674029500972,0.6313212513923645,0.0951397716999054,0.1506994600452255,0.1
39,octanol_hl_gap_eV,44,0.06200918182730675,0.0007809996022842824,0.671126074473285,0.9702788446235782,0.28371942043304443,0.0013337498530745506,0.0047009466290281856,0.14
39,octanol_hl_gap_eV,45,0.17978128790855408,0.004343181848526001,0.6026683816193668,0.938131984108219,0.7476022839546204,0.06495994329452515,0.0868910444613733,0.14
39,octanol_hl_gap_eV,46,0.2213427871465683,0.001407336094416678,0.6210364637823809,0.9313715871240027,0.4275721311569214,0.015785861760377884,0.036919763029607706,0.3
39,octanol_hl_gap_eV,47,0.06329141557216644,0.0017168278573080897,0.6096279334854133,0.9644863527007557,0.3370320200920105,0.0009611235000193119,0.002851727559170559,0.08
39,octanol_hl_gap_eV,48,0.02467801421880722,0.0009481694432906806,0.6481951683146443,0.9636912130133943,0.2693614959716797,0.0017354687443003058,0.006442898373577383,0.1
39,octanol_hl_gap_eV,49,0.06391067057847977,0.001617595087736845,0.6007145723085083,0.9723986438425036,0.361526757478714,0.0010850034886971116,0.00300117063606556,0.18
39,octanol_hl_gap_eV,50,0.041761741042137146,0.00245700147934258,0.6092652435834558,0.9788396340172707,0.4748111069202423,0.000999500509351492,0.0021050487126018005,0.14
39,octanol_hl_gap_eV,51,0.022416699677705765,0.005520084872841835,0.6196940319546307,0.9733485625251863,1.067600965499878,0.0005644946941174567,0.0005287506403229468,0.0
39,octanol_hl_gap_eV,52,0.03080390952527523,0.0017564988229423761,0.6100701018568069,0.9492384315556541,0.3131890594959259,0.0020466335117816925,0.0065348180267718325,0.06
39,octanol_hl_gap_eV,53,0.0957258865237236,0.0025717036332935095,0.5899224931220965,0.9115828104753372,0.5586575269699097,0.0515369176864624,0.09225136187816597,0.1
39,octanol_hl_gap_eV,54,0.2451179474592209,0.0012792835477739573,0.6143133684136828,0.9046988191727197,0.2875671982765198,0.05174785852432251,0.17995049099641275,0.12
39,octanol_hl_gap_eV,55,0.029846861958503723,0.0024971638340502977,0.6075853509576357,0.9788637103163309,0.5231941938400269,0.004934130236506462,0.009430781714705216,0.04
39,octanol_hl_gap_eV,56,0.05173318460583687,0.0018323009135201573,0.6170230118997588,0.9712511879887464,0.3819372057914734,0.000974811555352062,0.0025522822615094503,0.12
39,octanol_hl_gap_eV,57,0.052337661385536194,0.0010417555458843708,0.6258280885203267,0.9313347883428771,0.2771126925945282,0.005731397774070501,0.020682552359507736,0.08
39,octanol_hl_gap_eV,58,0.21530604362487793,0.0018287101993337274,0.6112336915972754,0.9173604868929071,0.35757869482040405,0.04156108573079109,0.11622920026503644,0.16
39,octanol_hl_gap_eV,59,0.05297999829053879,0.0031330690253525972,0.582099667657076,0.9775776232562996,0.7235604524612427,0.002611178904771805,0.0036087916301805784,0.06
39,octanol_hl_gap_eV,60,0.09886302053928375,0.0014387830160558224,0.6160151109938392,0.9650466725024811,0.38833147287368774,0.0015313029289245605,0.003943288236703509,0.24
39,octanol_hl_gap_eV,61,0.05816635489463806,0.0010671631898730993,0.6411764047850839,0.9700073430749927,0.2481134831905365,0.0010846408549696207,0.0043715514409859,0.16
39,octanol_hl_gap_eV,62,0.1206931471824646,0.0033434508368372917,0.6028160769967104,0.8949768173167374,0.6498413681983948,0.06425480544567108,0.09887767783052905,0.08
39,octanol_hl_gap_eV,63,0.07441116124391556,0.005061191041022539,0.601623901472325,0.9132621740088083,0.8913768529891968,0.04612674564123154,0.05174774898691539,0.02
39,octanol_hl_gap_eV,64,0.12793613970279694,0.0028467359952628613,0.6180989446532572,0.9327809255731843,0.51803058385849,0.028273768723011017,0.054579342617992105,0.06
39,octanol_hl_gap_eV,65,0.06727077066898346,0.0011874608462676406,0.614619345268913,0.9708443051588613,0.29103222489356995,0.000804733659606427,0.002765101561865587,0.08
39,octanol_hl_gap_eV,66,0.02892412431538105,0.006889085751026869,0.5719040713476788,0.9855255485137739,1.3842824697494507,0.004999374505132437,0.0036115277151760094,0.04
39,octanol_hl_gap_eV,67,0.2679422199726105,0.0030278614722192287,0.609733687496385,0.9027686935307471,0.5659201145172119,0.12157204002141953,0.2148219102004052,0.18
39,octanol_hl_gap_eV,68,0.4465092122554779,0.001779056852683425,0.618261332658687,0.9080336142859657,0.43669766187667847,0.1295592039823532,0.29667940841629736,0.34
39,octanol_hl_gap_eV,69,0.2083822339773178,0.0015235182363539934,0.6034723417608387,0.891768380467256,0.21412433683872223,0.055559124797582626,0.2594713222132689,0.04
39,octanol_hl_gap_eV,70,0.1704903542995453,0.003725874936208129,0.6124018794073272,0.939104807595091,0.8893052339553833,0.05562920123338699,0.06255355204192796,0.16
39,octanol_hl_gap_eV,71,0.06553307920694351,0.0026553061325103045,0.6091712467821915,0.9816651317309493,0.6245640516281128,0.004865643568336964,0.007790463693280473,0.1
39,octanol_hl_gap_eV,72,0.0684811994433403,0.0018145231297239661,0.5904954185229323,0.9570657323590952,0.4055292308330536,0.0014855526387691498,0.003663244288747006,0.02
39,octanol_hl_gap_eV,73,0.06397855281829834,0.003043174045160413,0.6241017905177442,0.9730654192586001,0.5704585313796997,0.0010990117443725467,0.0019265409910068285,0.06
39,octanol_hl_gap_eV,74,0.08887702226638794,0.001440020278096199,0.5917803864482838,0.9683085402414451,0.3267256021499634,0.001540909637697041,0.004716219443953403,0.1
39,octanol_hl_gap_eV,75,0.045483414083719254,0.0011493423953652382,0.6165235945331151,0.9673114789575148,0.25024691224098206,0.0010652426863089204,0.004256766554158783,0.1
39,octanol_hl_gap_eV,76,0.07435087859630585,0.0027447522152215242,0.6002814977461595,0.9759000817799119,0.6111168265342712,0.0040719108656048775,0.006663064554607753,0.18
39,octanol_hl_gap_eV,77,0.06145669147372246,0.0018999227322638035,0.6166460250577253,0.9822113549953244,0.3879808485507965,0.001873658155091107,0.004829254232753186,0.04
39,octanol_hl_gap_eV,78,0.12594012916088104,0.0014226044295355678,0.6089482926059127,0.9717451199462419,0.34591883420944214,0.002499429741874337,0.0072254803575136275,0.06
39,octanol_hl_gap_eV,79,0.027723168954253197,0.0014312415150925517,0.6127547689893689,0.9734006935080555,0.3775560259819031,0.0008515756926499307,0.002255494904194029,0.04
39,octanol_hl_gap_eV,80,0.018526175990700722,0.0012655087048187852,0.6296002070206013,0.9737119328037185,0.36252361536026,0.0011318332981318235,0.003122095362000231,0.1
39,octanol_hl_gap_eV,81,0.06656289845705032,0.002177503192797303,0.6226382852813099,0.9766188077242401,0.39266884326934814,0.0017980922712013125,0.004579156971636594,0.08
39,octanol_hl_gap_eV,82,0.05061304196715355,0.0015044297324493527,0.5965444201021863,0.9815953208224804,0.2588311731815338,0.0034444744233042,0.013307803619498274,0.14
39,octanol_hl_gap_eV,83,0.12265824526548386,0.0010207851883023977,0.6529605327345489,0.9650973306152284,0.2671741247177124,0.0008813656168058515,0.0032988434704785655,0.24
39,octanol_hl_gap_eV,84,0.10726124793291092,0.001421269029378891,0.6095850609945084,0.9664835717413602,0.3272227644920349,0.0009096552967093885,0.002779926690374046,0.18
39,octanol_hl_gap_eV,85,0.036204442381858826,0.0034345241729170084,0.6247371888610818,0.9476402054969169,0.6374660134315491,0.004747282713651657,0.007447115004761613,0.02
39,octanol_hl_gap_eV,86,0.04244570806622505,0.0011632645037025213,0.6416633932074611,0.9550963702421422,0.26912182569503784,0.0004356237477622926,0.0016186860602526183,0.06
39,octanol_hl_gap_eV,87,0.13460484147071838,0.0013316795229911804,0.6178218205327681,0.9736745557603244,0.3704286813735962,0.0011925543658435345,0.003219389927965061,0.26
39,octanol_hl_gap_eV,88,0.032050635665655136,0.0061353580094873905,0.5688369724065576,0.9777130973274983,1.237076759338379,0.005685870535671711,0.004596214820746179,0.06
39,octanol_hl_gap_eV,89,0.029556218534708023,0.003918725065886974,0.6027009693971255,0.979160406820031,0.732970118522644,0.0020298422314226627,0.002769338312882333,0.02
39,octanol_hl_gap_eV,90,0.03201194852590561,0.002459578914567828,0.6234986140792385,0.9732953188868292,0.44290292263031006,0.0008011043537408113,0.0018087583368906579,0.02
39,octanol_hl_gap_eV,91,0.29369378089904785,0.0020642285235226154,0.627381610051096,0.9320901618548734,0.38992205262184143,0.06184106320142746,0.1585985270276643,0.34
39,octanol_hl_gap_eV,92,0.0882149413228035,0.006154652219265699,0.6061806539877022,0.9482218240193665,1.3338677883148193,0.07653305679559708,0.05737679361182216,0.06
39,octanol_hl_gap_eV,93,0.09587275981903076,0.001089187222532928,0.6550533307513842,0.977328963644124,0.29300862550735474,0.0007839290774427354,0.0026754471001846267,0.08
39,octanol_hl_gap_eV,94,0.0907745361328125,0.001682086382061243,0.5816283939601767,0.9669231813694883,0.37742629647254944,0.0011133354855701327,0.002949808998406942,0.1
39,octanol_hl_gap_eV,95,0.06003094092011452,0.0009118117741309106,0.6872509291266271,0.9644885438703994,0.2974414825439453,0.0007750955992378294,0.0026058759276232205,0.12
39,octanol_hl_gap_eV,96,0.059817735105752945,0.0031198482029139996,0.6170489008437972,0.9654709946247704,0.5682302117347717,0.0016686575254425406,0.0029365871278618436,0.04
39,octanol_hl_gap_eV,97,0.05899093672633171,0.0034485934302210808,0.6112159375200661,0.9651275794633121,0.6751279830932617,0.001765224034897983,0.0026146509685618176,0.04
39,octanol_hl_gap_eV,98,0.09673484414815903,0.001143435831181705,0.6228309024383794,0.9833883229208018,0.31079545617103577,0.000879492552485317,0.0028298114886252325,0.1
39,octanol_hl_gap_eV,99,0.06314092874526978,0.0016535280738025904,0.5851566638628247,0.9247962888450518,0.3542834222316742,0.01314516644924879,0.03710353243864981,0.06
39,octanol_hl_gap_eV,100,0.08998408913612366,0.0031048166565597057,0.5858037270366678,0.9653455940041573,0.6450534462928772,0.011150524951517582,0.017286203206260908,0.24
39,octanol_hl_gap_eV,101,0.0670013353228569,0.0018993685953319073,0.5790479942555684,0.9680964151552198,0.40042224526405334,0.004230451304465532,0.010564975733742802,0.06
39,octanol_hl_gap_eV,102,0.04851910471916199,0.0010684095323085785,0.5972046933599258,0.967776447850689,0.28491804003715515,0.0015605998924002051,0.0054773642700781345,0.04
39,octanol_hl_gap_eV,103,0.02439151145517826,0.0016968705458566546,0.5964399724677343,0.9640180135685772,0.42465049028396606,0.0010318662971258163,0.0024299190057117366,0.02
39,octanol_hl_gap_eV,104,0.19191421568393707,0.0020163957960903645,0.5867003906385599,0.9053971079907546,0.47038909792900085,0.07430529594421387,0.15796559969472185,0.06
39,octanol_hl_gap_eV,105,0.11291302740573883,0.0012801248813048005,0.6405247191798844,0.9669718850076021,0.33348017930984497,0.0014585681492462754,0.004373777632796228,0.28
39,octanol_hl_gap_eV,106,0.7670161128044128,0.0018093106336891651,0.6164415370855771,0.9161787533544301,0.4078703820705414,0.4172046184539795,1.0228853008057441,0.2
39,octanol_hl_gap_eV,107,0.050269342958927155,0.0018814530922099948,0.6068094356758547,0.9689640997273168,0.28088507056236267,0.0008605747716501355,0.0030637967690029613,0.04
39,octanol_hl_gap_eV,108,0.07230284810066223,0.0024601323530077934,0.601289689249356,0.9770897574319217,0.5786024332046509,0.00355225196108222,0.00613936574965248,0.12
39,octanol_hl_gap_eV,109,0.036670830100774765,0.0038245629984885454,0.6236469788833672,0.9726152742087935,0.7082338333129883,0.007512350101023912,0.010607160725268537,0.0
39,octanol_hl_gap_eV,110,0.09842216223478317,0.0011045155115425587,0.6640902832192845,0.9722312412049949,0.3010803461074829,0.0025673762429505587,0.008527213005242226,0.3
39,octanol_hl_gap_eV,111,0.06600114703178406,0.0014816574985161424,0.6105623915719793,0.9705582765232053,0.40647953748703003,0.0010536049958318472,0.0025920246867665894,0.2
39,octanol_hl_gap_eV,112,0.08287962526082993,0.002039532642811537,0.5767873712215221,0.9693304322882388,0.43862050771713257,0.002738337032496929,0.006243066578781331,0.14
39,octanol_hl_gap_eV,113,0.11158843338489532,0.0011714260326698422,0.6311832235857158,0.9108606381605524,0.27858978509902954,0.02585632912814617,0.09281147590876347,0.06
39,octanol_hl_gap_eV,114,0.08692354708909988,0.0014332104474306107,0.5870564938266718,0.9567770295393432,0.3171277344226837,0.002906337846070528,0.00916456534891652,0.06
39,octanol_hl_gap_eV,115,0.07766812294721603,0.0014405730180442333,0.6145982580757055,0.9641594739455115,0.3547793924808502,0.000734285160433501,0.0020696950724755953,0.16
39,octanol_hl_gap_eV,116,0.10008324682712555,0.001416534185409546,0.6012831535229077,0.9718537144961943,0.34961044788360596,0.004026550333946943,0.011517248292555269,0.16
39,octanol_hl_gap_eV,117,0.06370864063501358,0.0010542693780735135,0.6380284487348886,0.9665454788997467,0.23788757622241974,0.003038806142285466,0.012774127134088953,0.12
39,octanol_hl_gap_eV,118,0.023454513400793076,0.0010953906457871199,0.6618763164321428,0.9641134092043233,0.33135083317756653,0.0004555334453471005,0.0013747768218315786,0.06
39,octanol_hl_gap_eV,119,0.04322105646133423,0.0017606891924515367,0.5953516525428839,0.9651160999097343,0.46451276540756226,0.0005883232806809247,0.0012665384559770523,0.12
39,octanol_hl_gap_eV,120,0.041743796318769455,0.002885089721530676,0.6219400507224844,0.9805715327535196,0.5210113525390625,0.003292086301371455,0.006318646005174394,0.04
39,octanol_hl_gap_eV,121,0.054315682500600815,0.0016560462536290288,0.5947102644228246,0.9670713684390804,0.29741793870925903,0.001413303310982883,0.00475191011381616,0.06
39,octanol_hl_gap_eV,122,0.0538218729197979,0.0009203575900755823,0.6268370601173796,0.9757651470038076,0.31427744030952454,0.0007672645733691752,0.0024413606417740775,0.28
39,octanol_hl_gap_eV,123,0.07447471469640732,0.0027357146609574556,0.5847425404233855,0.9739582944479592,0.4921106994152069,0.0027122553437948227,0.005511474038296453,0.14
39,octanol_hl_gap_eV,124,0.06484980136156082,0.005984139628708363,0.6216013337564896,0.9486737241908529,1.377171277999878,0.03309479355812073,0.02403099315735487,0.06
39,octanol_hl_gap_eV,125,0.09221279621124268,0.0010631860932335258,0.6415148794789518,0.9700156523862238,0.302283376455307,0.001808644738048315,0.005983275558375687,0.24
39,octanol_hl_gap_eV,126,0.028877031058073044,0.0012482948368415236,0.6115302979162835,0.9652859943439451,0.34550413489341736,0.0004547419084701687,0.0013161692221438956,0.06
39,octanol_hl_gap_eV,127,0.04593812674283981,0.0031434367410838604,0.6149881946136855,0.9691424756626934,0.5799759030342102,0.002193555235862732,0.003782148920992919,0.02
39,octanol_hl_gap_eV,128,0.01875498704612255,0.0023842586670070887,0.5892959877056356,0.9635212296708091,0.5518038272857666,0.002321383450180292,0.004206899871642428,0.04
39,octanol_hl_gap_eV,129,0.029375016689300537,0.0020075978245586157,0.5800349078894005,0.9752934992844311,0.4460570812225342,0.0012512871762737632,0.002805217603191701,0.02
39,octanol_hl_gap_eV,130,0.08406226336956024,0.0025846378412097692,0.5748669349152846,0.9417824189722166,0.5306820869445801,0.02349437028169632,0.04427202436201671,0.04
39,octanol_hl_gap_eV,131,0.15563951432704926,0.0015333640621975064,0.6053160333094381,0.9200155808940609,0.3065090477466583,0.036770619451999664,0.11996585328336544,0.16
39,octanol_hl_gap_eV,132,0.34950482845306396,0.0017774396110326052,0.6066756780789506,0.9077123111173366,0.48350128531455994,0.09348702430725098,0.19335424154339007,0.2
39,octanol_hl_gap_eV,133,0.2833210527896881,0.0027623369824141264,0.5902859714966429,0.9039567696036899,0.6474313139915466,0.08723253756761551,0.13473635840968062,0.26
39,octanol_hl_gap_eV,134,0.10270372033119202,0.0011598988203331828,0.64671596837008,0.9698902368744504,0.2891595661640167,0.001107209944166243,0.003829062129447977,0.16
39,octanol_hl_gap_eV,135,0.04893111810088158,0.001334743108600378,0.60743976377185,0.9707138324525857,0.28760725259780884,0.0016578644281253219,0.0057643345678896575,0.12
39,octanol_hl_gap_eV,136,0.03647875785827637,0.0013446689117699862,0.59938065875958,0.9623639542599816,0.2723894417285919,0.0012785401195287704,0.004693794705900181,0.06
39,octanol_hl_gap_eV,137,0.05803725868463516,0.0019398046424612403,0.58486559548527,0.9682565346001477,0.41631898283958435,0.000956851290538907,0.0022983609443233102,0.04
39,octanol_hl_gap_eV,138,0.18369728326797485,0.003711302299052477,0.616407908578803,0.9141218756936895,0.8178008198738098,0.15106026828289032,0.18471523213464078,0.08
39,octanol_hl_gap_eV,139,0.1827099770307541,0.0010479738702997565,0.6490815389234093,0.9804768218850017,0.27924105525016785,0.0006335446378216147,0.002268809066252925,0.22
39,octanol_hl_gap_eV,140,0.07849094271659851,0.0014726360095664859,0.6168798074107924,0.9736184982989262,0.39782148599624634,0.0011958503164350986,0.0030059973091709335,0.18
39,octanol_hl_gap_eV,141,0.02168256603181362,0.0014497326919808984,0.6266518755309345,0.9647860633605949,0.3175460696220398,0.0007058662013150752,0.00222287809184738,0.04
39,octanol_hl_gap_eV,142,0.13574141263961792,0.0017726571531966329,0.6100607855036553,0.9422542045157216,0.28733354806900024,0.023665500804781914,0.08236247025042437,0.1
39,octanol_hl_gap_eV,143,0.02963627688586712,0.00533066364005208,0.6281743931657597,0.9674736199383671,1.0648244619369507,0.0011219718726351857,0.0010536683864251972,0.02
39,octanol_hl_gap_eV,144,0.05179433897137642,0.0011007041903212667,0.6506015946673609,0.9691490431196503,0.3196580111980438,0.000896492856554687,0.002804537427967872,0.02
39,octanol_hl_gap_eV,145,0.3013477921485901,0.002098864410072565,0.5929354147429702,0.902229604919879,0.3945333957672119,0.08550692349672318,0.21672924121022993,0.24
39,octanol_hl_gap_eV,146,0.0636722594499588,0.0015274117467924953,0.6021112992519415,0.9624659806157845,0.28848883509635925,0.00041257712291553617,0.0014301320284292101,0.12
39,octanol_hl_gap_eV,147,0.05666877701878548,0.0025412302929908037,0.6090009330562731,0.9725484011712069,0.5966029167175293,0.0014182127779349685,0.0023771469065855116,0.06
39,octanol_hl_gap_eV,148,0.09212426841259003,0.0017190700164064765,0.6185998354220972,0.9638730700213716,0.3450867235660553,0.0013906392268836498,0.004029825350894609,0.2
39,octanol_hl_gap_eV,149,0.051454249769449234,0.0010419321479275823,0.6587138931808214,0.9703184733816193,0.3173266053199768,0.0005527287139557302,0.001741829095604465,0.1
39,octanol_hl_gap_eV,150,0.06404843181371689,0.0019375472329556942,0.5953939309208782,0.9719429152481263,0.4626236855983734,0.0008351464639417827,0.001805239312080564,0.1
39,octanol_hl_gap_eV,151,0.047360584139823914,0.0017299051396548748,0.6040395041642797,0.9752625740525143,0.392287939786911,0.002259253989905119,0.005759172691192941,0.04
39,octanol_hl_gap_eV,152,0.0338171124458313,0.004541182890534401,0.6112163121093412,0.968500157455652,0.8525046706199646,0.0013208258897066116,0.001549347393892952,0.0
39,octanol_hl_gap_eV,153,0.07773428410291672,0.0011659375159069896,0.642683149269798,0.951484630163826,0.2934699058532715,0.004252204205840826,0.014489404606845224,0.04
39,octanol_hl_gap_eV,154,0.05929911509156227,0.0040398817509412766,0.6144629480454733,0.9874641690402701,0.8714982271194458,0.004424341954290867,0.005076707922762619,0.18
39,octanol_hl_gap_eV,155,0.04689057916402817,0.0012069281656295061,0.6388780504968561,0.9638468264808422,0.3107655644416809,0.001256437855772674,0.004043040798390842,0.14
39,octanol_hl_gap_eV,156,0.07143241912126541,0.0013518350897356868,0.632308992476375,0.9781256016245918,0.2886936664581299,0.0010393476113677025,0.0036001746214908465,0.18
39,octanol_hl_gap_eV,157,0.019483765587210655,0.0032575803343206644,0.5988072612917881,0.9619322124936229,0.6758622527122498,0.002576855942606926,0.003812693980564749,0.0
39,octanol_hl_gap_eV,158,0.3185477554798126,0.0013461547205224633,0.6421223805655796,0.9334302931139398,0.41302454471588135,0.03973478451371193,0.0962044145367811,0.34
39,octanol_hl_gap_eV,159,0.08896362781524658,0.0014739613980054855,0.6119234802545122,0.9602673792861216,0.3349984586238861,0.0010092806769534945,0.0030127920023854424,0.1
39,octanol_hl_gap_eV,160,0.0377037338912487,0.0014148077461868525,0.6141401231816559,0.9522428511910259,0.2708896994590759,0.0022366554476320744,0.008256701720657239,0.2
39,octanol_hl_gap_eV,161,0.13746382296085358,0.0014568765182048082,0.6337387931624432,0.9794719654818416,0.35496023297309875,0.002113817259669304,0.005955081903018423,0.22
39,octanol_hl_gap_eV,162,0.033016789704561234,0.001477003563195467,0.6056453291079333,0.9618896973147544,0.3403679430484772,0.0007737689884379506,0.0022733309767886864,0.1
39,octanol_hl_gap_eV,163,0.03995576500892639,0.0021134167909622192,0.5855784080011035,0.9674720658355502,0.35602033138275146,0.002640574937686324,0.00741692174553786,0.02
39,octanol_hl_gap_eV,164,0.09044110774993896,0.001952200778760016,0.5930230737150028,0.9654376250674468,0.46307238936424255,0.0013639704557135701,0.002945479987667114,0.18
39,octanol_hl_gap_eV,165,0.07691632956266403,0.0020020476076751947,0.6011214836286642,0.9740194024485949,0.3938220739364624,0.001058301073499024,0.0026872568693794593,0.02
39,octanol_hl_gap_eV,166,0.233955979347229,0.0026386796962469816,0.5935267452210562,0.9021758129691386,0.3931736648082733,0.08725392073392868,0.22192208823670087,0.16
39,octanol_hl_gap_eV,167,0.0780913382768631,0.003216235199943185,0.5751667531465836,0.9578964399056837,0.6980360746383667,0.002452782355248928,0.0035138332306387564,0.06
39,octanol_hl_gap_eV,168,0.04473837837576866,0.0020874938927590847,0.6030750409147869,0.9681935828383537,0.4767674207687378,0.0017297945450991392,0.0036281727101026024,0.08
39,octanol_hl_gap_eV,169,0.15901851654052734,0.0029196159448474646,0.6141261104370745,0.9039768537496675,0.5048794746398926,0.06712090969085693,0.13294442151511746,0.04
39,octanol_hl_gap_eV,170,0.42664194107055664,0.001488485373556614,0.6201921792873488,0.9103161926926988,0.31324365735054016,0.17056019604206085,0.5444968861769891,0.46
39,octanol_hl_gap_eV,171,0.09477771818637848,0.0016521563520655036,0.6021139991324522,0.96431434812036,0.3539081811904907,0.000940753030590713,0.002658183903593779,0.18
39,octanol_hl_gap_eV,172,0.03558006137609482,0.0014761254424229264,0.6056467403693659,0.9673456135670111,0.3861563205718994,0.0015594259602949023,0.004038328203421311,0.08
39,octanol_hl_gap_eV,173,0.07282733917236328,0.0009280881495214999,0.6471235682210965,0.965556991517134,0.27090275287628174,0.0008435060735791922,0.0031136858692772753,0.26
39,octanol_hl_gap_eV,174,0.19984373450279236,0.002282968955114484,0.6052239095942462,0.9049909259590367,0.4971499741077423,0.0642765536904335,0.129290067460616,0.08
39,octanol_hl_gap_eV,175,0.06329507380723953,0.003486650064587593,0.5969480793991249,0.9807048960543563,0.673461377620697,0.0033900639973580837,0.005033791261103938,0.1
39,octanol_hl_gap_eV,176,0.20705732703208923,0.0013329951325431466,0.6310716704422039,0.9255842631326798,0.347877562046051,0.018709810450673103,0.05378274568969284,0.18
39,octanol_hl_gap_eV,177,0.00980670377612114,0.008501091971993446,0.6145726881521794,0.9489756447459627,1.6946630477905273,0.003161959582939744,0.0018658337933680992,0.0
39,octanol_hl_gap_eV,178,0.06965768337249756,0.0011989776976406574,0.6347525258985465,0.9553545920549347,0.35035789012908936,0.0008332359720952809,0.0023782423503814205,0.08
39,octanol_hl_gap_eV,179,0.021063819527626038,0.0034693521447479725,0.5969313790230986,0.9698555291209745,0.7939977645874023,0.0010648065945133567,0.001341070015564438,0.04
39,octanol_hl_gap_eV,180,0.047971855849027634,0.0011357547482475638,0.5972543766161607,0.971584306974334,0.312196284532547,0.004479807335883379,0.014349329437379488,0.02
39,octanol_hl_gap_eV,181,0.05685245245695114,0.0022154783364385366,0.5860062355942675,0.9764852614842237,0.5104073882102966,0.001074912492185831,0.002105989288193745,0.16
39,octanol_hl_gap_eV,182,0.028171801939606667,0.002770257880911231,0.6123551147427593,0.9691465252815132,0.4959637224674225,0.0012550505343824625,0.002530528902675741,0.0
39,octanol_hl_gap_eV,183,0.06799281388521194,0.0013644882710650563,0.6190953980072333,0.9692201112931402,0.3904590606689453,0.0014153686352074146,0.003624883573664716,0.1
39,octanol_hl_gap_eV,184,0.05060374736785889,0.001651371130719781,0.5983199917634237,0.9362671249680212,0.31644415855407715,0.0031631740275770426,0.009995994370793505,0.02
39,octanol_hl_gap_eV,185,0.034573283046483994,0.0012147532543167472,0.6271673655441266,0.9596084651831127,0.32210496068000793,0.0009581035701557994,0.002974507341126044,0.12
39,octanol_hl_gap_eV,186,0.03628566488623619,0.0022512259893119335,0.6091632668205216,0.9712574041965878,0.4298830032348633,0.0017809198470786214,0.004142801259126846,0.02
39,octanol_hl_gap_eV,187,0.05893212929368019,0.0017451910534873605,0.6078021249997421,0.9621301013690569,0.4239877760410309,0.0008958836551755667,0.0021129940668121257,0.06
39,octanol_hl_gap_eV,188,0.03729037195444107,0.0015862087020650506,0.5979767742116886,0.9656149836012482,0.37179800868034363,0.0009477439452894032,0.0025490828976016218,0.02
39,octanol_hl_gap_eV,189,0.2553078830242157,0.0018271389417350292,0.620153830339883,0.9081785623768337,0.3564445972442627,0.046845562756061554,0.1314245274531667,0.22
39,octanol_hl_gap_eV,190,0.0734427198767662,0.0014360543573275208,0.6285651393628067,0.9762057065003877,0.26543259620666504,0.0011915861396118999,0.004489223089556546,0.1
39,octanol_hl_gap_eV,191,0.1284443885087967,0.0009608194814063609,0.6472386485897341,0.9785201714512903,0.26643848419189453,0.0007537074270658195,0.002828823431238949,0.22
39,octanol_hl_gap_eV,192,0.014281578361988068,0.0009565325453877449,0.6012636984599786,0.9722119055286429,0.2736533284187317,0.0016948834527283907,0.006193542254801149,0.08
39,octanol_hl_gap_eV,193,0.026577351614832878,0.0038731948006898165,0.5840552465424784,0.9666892083684981,0.769073486328125,0.001446584239602089,0.0018809441039356078,0.0
39,octanol_hl_gap_eV,194,0.029683278873562813,0.0033951634541153908,0.6133343882480642,0.9789751244718017,0.6085455417633057,0.0009329057647846639,0.0015330089545664907,0.02
39,octanol_hl_gap_eV,195,0.09010123461484909,0.0017229360528290272,0.6069252982027669,0.9583034809174364,0.2880254089832306,0.001231928588822484,0.0042771524678026215,0.04
39,octanol_hl_gap_eV,196,0.04312150180339813,0.0014343108050525188,0.6129800703834345,0.9620232709495193,0.4015474021434784,0.0008221387979574502,0.0020474265144509356,0.14
39,octanol_hl_gap_eV,197,0.09051375836133957,0.002213581232354045,0.628135176012492,0.9638872229081699,0.40364548563957214,0.002209870144724846,0.0054747797841051766,0.08
39,octanol_hl_gap_eV,198,0.05206098034977913,0.002353884745389223,0.587442922673018,0.9784120955024451,0.4532148241996765,0.001173588796518743,0.002589475749367116,0.16
39,octanol_hl_gap_eV,199,0.16610939800739288,0.0016096598701551557,0.6468683272549887,0.974610689861453,0.39534255862236023,0.002206286648288369,0.005580696032262649,0.18
39,octanol_hl_gap_eV,200,0.012475457042455673,0.0025041766930371523,0.6115613434958564,0.9647146403924571,0.47613173723220825,0.0015293285250663757,0.0032119861069469647,0.0
39,octanol_hl_gap_eV,201,0.048701733350753784,0.0021818820387125015,0.6096483289299182,0.9640310595540382,0.47159120440483093,0.0011613396927714348,0.00246259828835675,0.1
39,octanol_hl_gap_eV,202,0.05264779180288315,0.0034811513032764196,0.575408421548419,0.9773352115755685,0.7165563106536865,0.007821334525942802,0.010915170810243374,0.02
39,octanol_hl_gap_eV,203,0.006177219562232494,0.006168867461383343,0.578246439864625,0.9671203648348545,1.2341625690460205,0.003953865263611078,0.0032036826936562546,0.0
39,octanol_hl_gap_eV,204,0.01327530574053526,0.004767206497490406,0.5774972855991001,0.9735502764898563,0.7918868660926819,0.0026116229128092527,0.0032979747797756633,0.06
39,octanol_hl_gap_eV,205,0.03363242372870445,0.005685018841177225,0.6135492370491287,0.9836601851112738,1.090593934059143,0.0034876521676778793,0.00319793835153382,0.0
39,octanol_hl_gap_eV,206,0.17071206867694855,0.002663196064531803,0.5938486953751194,0.9137736500210798,0.5742096304893494,0.06796705722808838,0.11836627882776177,0.24
39,octanol_hl_gap_eV,207,0.03505169600248337,0.003353215055540204,0.6052842480181237,0.9774173712925807,0.6351121068000793,0.0037063213530927896,0.005835696270641973,0.02
39,octanol_hl_gap_eV,208,0.006416883319616318,0.0013610575115308166,0.5969021663501244,0.9533764081911458,0.2853909432888031,0.0014687731163576245,0.00514653022773498,0.02
39,octanol_hl_gap_eV,209,0.043245475739240646,0.0027235017623752356,0.6410743576481657,0.9735975367564269,0.6575804352760315,0.002867824165150523,0.004361176232298793,0.08
39,octanol_hl_gap_eV,210,0.045608025044202805,0.0013196937507018447,0.6349101670911512,0.9829899337925654,0.34823963046073914,0.0007430430268868804,0.00213371185210539,0.02
39,octanol_hl_gap_eV,211,0.20199304819107056,0.003227898385375738,0.5796061185732411,0.894943449113845,0.7319177389144897,0.0956692323088646,0.13071036159166197,0.14
39,octanol_hl_gap_eV,212,0.12434131652116776,0.001757452031597495,0.6051138584689864,0.9817387777631479,0.3607226014137268,0.0020931530743837357,0.005802666830912036,0.1
39,octanol_hl_gap_eV,213,0.05221758782863617,0.0016843314515426755,0.5855025660316808,0.9730179442052638,0.31121954321861267,0.0014468726003542542,0.004649041590996472,0.06
39,octanol_hl_gap_eV,214,0.046580832451581955,0.0010424712672829628,0.6280370803916344,0.9670225116610065,0.2968253195285797,0.0010706409811973572,0.0036069732288935377,0.06
39,octanol_hl_gap_eV,215,0.02439025416970253,0.006096344441175461,0.623455389687158,0.9764034692230767,1.201315999031067,0.0018362031551077962,0.0015284930497794116,0.02
39,octanol_hl_gap_eV,216,0.023863544687628746,0.0030455696396529675,0.6232717765983291,0.9751207810728098,0.5550922155380249,0.001977484440430999,0.0035624431131939323,0.0
39,octanol_hl_gap_eV,217,0.2048281878232956,0.002981610130518675,0.5835042985521601,0.9348552823233418,0.5417314171791077,0.07957484573125839,0.1468898483784065,0.14
39,octanol_hl_gap_eV,218,0.07525124400854111,0.0012152626877650619,0.6159225741926266,0.9739311557658645,0.3152869939804077,0.00038165267324075103,0.001210492917650981,0.18
39,octanol_hl_gap_eV,219,0.022811437025666237,0.004000512883067131,0.6210668941623501,0.972278694221056,0.7544141411781311,0.002372566144913435,0.003144912078673812,0.04
39,octanol_hl_gap_eV,220,0.04005933180451393,0.001139883417636156,0.6178891226247138,0.977150285757759,0.2803550958633423,0.001605809899047017,0.005727771396849378,0.06
39,octanol_hl_gap_eV,221,0.28272250294685364,0.0011644137557595968,0.6559672398510876,0.9202270127607866,0.3489319086074829,0.017747903242707253,0.0508635146425432,0.28
39,octanol_hl_gap_eV,222,0.07029354572296143,0.0013943983940407634,0.6197456503840351,0.9685167138312969,0.3309314250946045,0.0014853111933916807,0.0044882748532179126,0.1
39,octanol_hl_gap_eV,223,0.02587798982858658,0.0023065004497766495,0.6254600408936442,0.9639225619432867,0.4267229735851288,0.0008080669795162976,0.0018936570785662021,0.02
39,octanol_hl_gap_eV,224,0.019096940755844116,0.00349899148568511,0.5993118143190996,0.9777845246177002,0.6423496007919312,0.001530567998997867,0.0023827647703227053,0.02
39,octanol_hl_gap_eV,225,0.43284526467323303,0.0009521992760710418,0.6627741154561244,0.9034352105629551,0.32137149572372437,0.06769002974033356,0.2106286047177162,0.26
39,octanol_hl_gap_eV,226,0.061630140990018845,0.002780789276584983,0.6138242840259378,0.9775270771980189,0.5007591247558594,0.0014918092638254166,0.002979095517336274,0.04
39,octanol_hl_gap_eV,227,0.06334331631660461,0.0019029375398531556,0.6232785882811975,0.9722896114295358,0.3670811057090759,0.0016458143945783377,0.004483517045638139,0.04
39,octanol_hl_gap_eV,228,0.022968724370002747,0.0008479476673528552,0.6165844724250589,0.9732343988852112,0.3237370550632477,0.0006933669210411608,0.002141759524271015,0.06
39,octanol_hl_gap_eV,229,0.037239812314510345,0.0018805628642439842,0.6317732067927215,0.974410643738427,0.4247440695762634,0.0014312434941530228,0.003369660924473581,0.04
39,octanol_hl_gap_eV,230,0.42862918972969055,0.0009580522309988737,0.6682773176168582,0.9246580705406917,0.31317639350891113,0.07533592730760574,0.24055429741533865,0.32
39,octanol_hl_gap_eV,231,0.03981165587902069,0.0013785756891593337,0.6182750397516374,0.9754174450254538,0.26251932978630066,0.0010166204301640391,0.0038725545695686542,0.02
39,octanol_hl_gap_eV,232,0.079526886343956,0.0011206144699826837,0.6606702504660644,0.9689586166008346,0.3469284772872925,0.0006385126034729183,0.0018404733115758732,0.24
39,octanol_hl_gap_eV,233,0.3317459523677826,0.0016222650883719325,0.5927128460786897,0.9139931488676629,0.3553573191165924,0.061159491539001465,0.17210702650234452,0.38
39,octanol_hl_gap_eV,234,0.04094332456588745,0.001645040581934154,0.5806133849498072,0.964019122587928,0.3969061076641083,0.000647089269477874,0.0016303333634399234,0.08
39,octanol_hl_gap_eV,235,0.04347976669669151,0.0022854513954371214,0.6106908987784037,0.9741935464071767,0.6003596782684326,0.0025916071608662605,0.00431675752832205,0.12
39,octanol_hl_gap_eV,236,0.07993561774492264,0.0014191732043400407,0.6219054090913048,0.9703293699329405,0.26329347491264343,0.0008602833258919418,0.0032673932621283914,0.04
39,octanol_hl_gap_eV,237,0.036364439874887466,0.0014239627635106444,0.6102888428635689,0.9696221596852581,0.3137313723564148,0.0009507985669188201,0.0030306136099091316,0.02
39,octanol_hl_gap_eV,238,0.04485160857439041,0.0029802885837852955,0.5747874348593267,0.974795192374025,0.48751240968704224,0.0027994769625365734,0.005742370669771653,0.02
39,octanol_hl_gap_eV,239,0.110531285405159,0.0010298063280060887,0.6301789728364473,0.9691569118961811,0.2493806630373001,0.001691248151473701,0.006781793467365749,0.2
39,octanol_hl_gap_eV,240,0.23347286880016327,0.0012768603628501296,0.626755904247017,0.9249296040486117,0.34287774562835693,0.026219358667731285,0.0764685343450382,0.1
39,octanol_hl_gap_eV,241,0.012828218750655651,0.0018565640784800053,0.6139793044929105,0.949790344253995,0.3230823576450348,0.0038147075101733208,0.011807229394941077,0.04
39,octanol_hl_gap_eV,242,0.03788014501333237,0.0025102326180785894,0.5892129035218827,0.976145102090664,0.3546207845211029,0.002072051865980029,0.00584300739387915,0.04
39,octanol_hl_gap_eV,243,0.13639697432518005,0.002220969879999757,0.6026468989449347,0.9642930178263036,0.530301034450531,0.007466296199709177,0.014079354394330657,0.24
39,octanol_hl_gap_eV,244,0.07085463404655457,0.0007789427181705832,0.6502388831557806,0.9635021052612629,0.30975037813186646,0.0007562794489786029,0.0024415771613897456,0.06
39,octanol_hl_gap_eV,245,0.5794734954833984,0.00184737634845078,0.6040807179483432,0.9114321004113579,0.37457185983657837,0.24992817640304565,0.6672369262124672,0.16
39,octanol_hl_gap_eV,246,0.020864242687821388,0.004549660254269838,0.5978332084903357,0.9626048705699666,0.8701101541519165,0.000946326763369143,0.0010875942073006995,0.0
39,octanol_hl_gap_eV,247,0.14468061923980713,0.0010027188109233975,0.6500500684018773,0.965604100274976,0.29844143986701965,0.0011056398507207632,0.003704712895144244,0.14
39,octanol_hl_gap_eV,248,0.0600380040705204,0.0014111800119280815,0.6099826902141667,0.9675404985224401,0.38264861702919006,0.0008439829689450562,0.0022056344421092565,0.08
39,octanol_hl_gap_eV,249,0.13385294377803802,0.005108866840600967,0.6043275057601387,0.9153633287255192,1.1379691362380981,0.09696309268474579,0.08520713751981594,0.1
39,octanol_dipole,0,0.0877755731344223,0.020596016198396683,0.5853385634192478,0.9576106937929332,3.9081475734710693,0.028366686776280403,0.007258345864121549,0.0
39,octanol_dipole,1,0.09885910153388977,0.027865516021847725,0.5825524521849628,0.9499545450873588,5.2701568603515625,0.031033998355269432,0.005888628968284487,0.0
39,octanol_dipole,2,0.31079158186912537,0.027352910488843918,0.5852590445523358,0.8973710579442942,5.349715709686279,0.583105206489563,0.10899741932712116,0.12
39,octanol_dipole,3,0.22898994386196136,0.027317950502038002,0.5851872784719154,0.8968557710949807,5.260536193847656,0.5108323097229004,0.09710650984976266,0.04
39,octanol_dipole,4,0.15077270567417145,0.029359061270952225,0.5864016113663644,0.9251448703817275,5.69720983505249,0.14768554270267487,0.02592243343294625,0.02
39,octanol_dipole,5,0.20868660509586334,0.030503351241350174,0.5844682117038686,0.9270938003235816,5.824297904968262,0.20123213529586792,0.03455045373352421,0.06
39,octanol_dipole,6,0.12159769237041473,0.022753940895199776,0.5840848103677796,0.9396445324908249,4.327688217163086,0.07032626122236252,0.016250306790460807,0.04
39,octanol_dipole,7,0.13881418108940125,0.02974284626543522,0.5832937734679959,0.9166852738285465,5.760471343994141,0.18381455540657043,0.03190963801915536,0.02
39,octanol_dipole,8,0.17749255895614624,0.020988525822758675,0.5848468161258866,0.9320721527174902,3.977169990539551,0.17580385506153107,0.04420325394180126,0.02
39,octanol_dipole,9,0.11917886883020401,0.02756769210100174,0.5863709452977288,0.9325249802341686,5.338465690612793,0.10452646762132645,0.019579870636824873,0.02
39,octanol_dipole,10,0.11479545384645462,0.030042435973882675,0.5838323598895483,0.9425357958020604,5.718834400177002,0.019383542239665985,0.003389421844260091,0.04
39,octanol_dipole,11,0.190608948469162,0.03025132603943348,0.5822036469400191,0.9221576302771635,5.777531147003174,0.1738027036190033,0.03008252127020646,0.02
39,octanol_dipole,12,0.06537997722625732,0.03398473933339119,0.5775982252432337,0.9535934925830496,6.324616432189941,0.04223432391881943,0.006677768426218301,0.0
39,octanol_dipole,13,0.10037871450185776,0.03436914086341858,0.581604299424916,0.9599871644427489,6.522441387176514,0.008716780692338943,0.0013364291336487321,0.04
39,octanol_dipole,14,0.31601211428642273,0.031212182715535164,0.5837421536376664,0.8816144288804859,6.245533466339111,0.9494674205780029,0.15202343013535138,0.12
39,octanol_dipole,15,0.05657610297203064,0.02110292762517929,0.5843002007054601,0.9437694779037116,4.002570152282715,0.017176035791635513,0.004291251655349453,0.02
39,octanol_dipole,16,0.12737637758255005,0.030642490833997726,0.5841232769965485,0.9446811952129821,5.877823829650879,0.05129195749759674,0.008726351619940146,0.02
39,octanol_dipole,17,0.1867048740386963,0.020612142980098724,0.5843766919121474,0.90065909167967,3.9126360416412354,0.4225196838378906,0.10798849658928564,0.04
39,octanol_dipole,18,0.18059185147285461,0.024246104061603546,0.584957219650245,0.9170069778976746,4.634907245635986,0.22525539994239807,0.048599764354397404,0.04
39,octanol_dipole,19,0.23243582248687744,0.037652578204870224,0.5810794208944734,0.8996356580977225,7.2468085289001465,0.6707031726837158,0.09255152388930427,0.04
39,octanol_dipole,20,0.307861864566803,0.028751762583851814,0.5848305471077146,0.8910112720990542,5.601105690002441,0.668949544429779,0.11943169464268535,0.12
39,octanol_dipole,21,0.13495807349681854,0.027299942448735237,0.5836810349850625,0.9388276869937442,5.218967437744141,0.0955103263258934,0.01830061740472882,0.02
39,octanol_dipole,22,0.05417443439364433,0.032429080456495285,0.5820070948688889,0.9613848870924993,6.098111152648926,0.017285576090216637,0.0028345787174948503,0.02
39,octanol_dipole,23,0.06478193402290344,0.032650306820869446,0.5814150199400323,0.9615551211932754,6.2659783363342285,0.011526422575116158,0.0018395248046547564,0.02
39,octanol_dipole,24,0.03450663760304451,0.02783358469605446,0.5825277917916682,0.9573838357926459,5.238883972167969,0.007804270833730698,0.0014896819389762345,0.02
39,octanol_dipole,25,0.16256748139858246,0.025535503402352333,0.5845776843464026,0.9269112890278934,4.943423271179199,0.18659770488739014,0.03774665745805726,0.04
39,octanol_dipole,26,0.19571520388126373,0.03132592886686325,0.5845937577389855,0.9126612418576545,6.041994094848633,0.2611362636089325,0.043220211656872634,0.02
39,octanol_dipole,27,0.10742642730474472,0.03421539440751076,0.5859510433669071,0.9287176031543607,6.540186405181885,0.1044044941663742,0.015963534935893114,0.0
39,octanol_dipole,28,0.1338617205619812,0.023939695209264755,0.5843543964019311,0.930972104600279,4.5727620124816895,0.05572172999382019,0.012185574023254138,0.02
39,octanol_dipole,29,0.04982861503958702,0.03649331256747246,0.5908721668757275,0.9611472244519887,7.319448471069336,0.0073080845177173615,0.0009984474303771805,0.04
39,octanol_dipole,30,0.18622498214244843,0.03501114994287491,0.5828083073737138,0.9086551451562921,6.685690879821777,0.5092237591743469,0.07616621353392897,0.04
39,octanol_dipole,31,0.056514959782361984,0.032777994871139526,0.582932572969878,0.9651681976191648,6.218783855438232,0.005821707658469677,0.000936148898852415,0.02
39,octanol_dipole,32,0.21729496121406555,0.03169969841837883,0.5838863967049639,0.8859082781490757,6.130629539489746,0.47225815057754517,0.07703257023370089,0.06
39,octanol_dipole,33,0.08753570914268494,0.02912953868508339,0.5838183073395533,0.9507812673959968,5.536791801452637,0.029764553532004356,0.00537577618941628,0.02
39,octanol_dipole,34,0.07918218523263931,0.025795843452215195,0.5829383071295393,0.956455119940762,4.892048358917236,0.014377736486494541,0.002939001299994668,0.0
39,octanol_dipole,35,0.12222545593976974,0.034489262849092484,0.585856858561512,0.9573848019200786,6.506987571716309,0.012801621109247208,0.001967365231323256,0.04
39,octanol_dipole,36,0.12083936482667923,0.026967762038111687,0.5814921017865653,0.9286617138063238,5.172187805175781,0.15218225121498108,0.02942318743002586,0.0
39,octanol_dipole,37,0.2664755880832672,0.028018975630402565,0.5856958259850216,0.8814975003615328,5.468369960784912,0.6463146209716797,0.11819145844311342,0.12
39,octanol_dipole,38,0.28621000051498413,0.03390340879559517,0.5841158219020757,0.8938248542389251,6.582357883453369,0.8170924782752991,0.12413370599755655,0.1
39,octanol_dipole,39,0.10452048480510712,0.0313129685819149,0.5816466858942204,0.9629174134244798,5.965009689331055,0.008101612329483032,0.0013581892991680264,0.0
39,octanol_dipole,40,0.06875120103359222,0.03088473528623581,0.5845271751201186,0.9618650454971212,5.837996482849121,0.014195254072546959,0.0024315283700923436,0.02
39,octanol_dipole,41,0.20154833793640137,0.03158450499176979,0.5826696902824204,0.9057203158970526,5.977426528930664,0.3103070557117462,0.05191315262678081,0.08
39,octanol_dipole,42,0.2607279121875763,0.028908757492899895,0.5830218289076006,0.8864969994346759,5.4965996742248535,0.5811701416969299,0.10573266676527397,0.06
39,octanol_dipole,43,0.09813430160284042,0.04188425466418266,0.598995281789455,0.9165306996702407,8.585611343383789,0.1432398110628128,0.016683705485130738,0.06
39,octanol_dipole,44,0.09134254604578018,0.032428011298179626,0.5839662848903067,0.9597429185797022,6.195993900299072,0.007587709464132786,0.0012246153863654605,0.0
39,octanol_dipole,45,0.07230726629495621,0.03200478479266167,0.5834778867873003,0.9660459726161572,6.101414203643799,0.008216609247028828,0.001346672914309247,0.0
39,octanol_dipole,46,0.2840360403060913,0.027331313118338585,0.5840823362582521,0.880433594103329,5.346516132354736,0.7045748829841614,0.13178205499472595,0.1
39,octanol_dipole,47,0.09101168066263199,0.03422534093260765,0.5831026959999663,0.9653789976649139,6.589471817016602,0.008653379045426846,0.0013132128470570927,0.0
39,octanol_dipole,48,0.05523841455578804,0.0166541188955307,0.5853446425561701,0.9532949806106588,3.119659662246704,0.06862843781709671,0.021998693847159006,0.02
39,octanol_dipole,49,0.12405889481306076,0.026560284197330475,0.5841587523644933,0.9268841998052826,5.031413555145264,0.12019230425357819,0.023888377080565397,0.02
39,octanol_dipole,50,0.04859627038240433,0.019477074965834618,0.5839393066800203,0.9547007124467612,3.6119468212127686,0.04285011440515518,0.011863440002355178,0.02
39,octanol_dipole,51,0.2616879642009735,0.025874484330415726,0.5832784101230513,0.894324028124919,4.8895697593688965,0.6306782960891724,0.12898441521991394,0.08
39,octanol_dipole,52,0.05403317138552666,0.03691539540886879,0.586268850128723,0.9618641929199729,7.240886211395264,0.006283526308834553,0.000867784153125611,0.02
39,octanol_dipole,53,0.12476765364408493,0.03207887336611748,0.5812404336084871,0.9480609272994418,6.174015522003174,0.05749213695526123,0.00931195212424859,0.0
39,octanol_dipole,54,0.025240452960133553,0.039552874863147736,0.5931250264496433,0.9593499856872014,7.501166820526123,0.00645209988579154,0.0008601461666118495,0.0
39,octanol_dipole,55,0.07102769613265991,0.0347905158996582,0.5773963865898943,0.9697933818466984,6.475838661193848,0.010089376010000706,0.0015580029920233818,0.02
39,octanol_dipole,56,0.20826084911823273,0.028908753767609596,0.5816438977394405,0.9056433626096461,5.55996036529541,0.5333962440490723,0.095935260146541,0.04
39,octanol_dipole,57,0.05227028205990791,0.035311825573444366,0.5876491464054212,0.9644086695847884,6.729691982269287,0.009768184274435043,0.0014515054032444975,0.0
39,octanol_dipole,58,0.18864811956882477,0.024488497525453568,0.5854990076804041,0.9179298183261442,4.6721391677856445,0.2753365933895111,0.05893159075567661,0.04
39,octanol_dipole,59,0.1318874955177307,0.03466810658574104,0.5827285185577744,0.9298217435109679,6.816674709320068,0.13393129408359528,0.01964759942270361,0.08
39,octanol_dipole,60,0.12826120853424072,0.028058724477887154,0.5839895200219076,0.940850740208983,5.317901134490967,0.04101213440299034,0.007712090421725384,0.0
39,octanol_dipole,61,0.05178361013531685,0.029594674706459045,0.5785620002429399,0.9588101094727133,5.5700249671936035,0.01641123555600643,0.0029463486524145786,0.02
39,octanol_dipole,62,0.046828318387269974,0.04114460200071335,0.5994734434538938,0.9572320387587345,7.958979606628418,0.007645410485565662,0.0009606018438844085,0.02
39,octanol_dipole,63,0.13958051800727844,0.02871740236878395,0.5832182085394189,0.9179339255091219,5.488171100616455,0.2245330661535263,0.040912184047670414,0.02
39,octanol_dipole,64,0.09891914576292038,0.032613907009363174,0.585234131506172,0.9463024827224835,6.268463134765625,0.035812411457300186,0.005713108729742764,0.04
39,octanol_dipole,65,0.2365279495716095,0.034248724579811096,0.5811694945364931,0.8843076059837813,6.533825874328613,0.7163062691688538,0.1096304497466361,0.02
39,octanol_dipole,66,0.23469404876232147,0.020071962848305702,0.5840599871567695,0.8983382952066457,3.8306069374084473,0.47619321942329407,0.12431273351827037,0.08
39,octanol_dipole,67,0.04292131960391998,0.02185826003551483,0.5847181576660012,0.9493359441458895,4.175096035003662,0.008893311023712158,0.0021300853798694374,0.0
39,octanol_dipole,68,0.10181727260351181,0.03036109171807766,0.5826602488758426,0.9514512746954638,5.830982685089111,0.01862460933625698,0.003194077283728438,0.04
39,octanol_dipole,69,0.15622231364250183,0.026027025654911995,0.5842455770398307,0.9267232742060101,5.012854099273682,0.253065288066864,0.0504832742097024,0.04
39,octanol_dipole,70,0.052329324185848236,0.03483907878398895,0.5778704409523965,0.9645517542489865,6.60284423828125,0.012118464335799217,0.0018353400290044867,0.04
39,octanol_dipole,71,0.07258249819278717,0.021990451961755753,0.58480853120391,0.9496901410636496,4.200385093688965,0.0192197747528553,0.004575717303095093,0.04
39,octanol_dipole,72,0.29717305302619934,0.033155638724565506,0.5811478635513299,0.8877872071602131,6.509650230407715,0.7229927182197571,0.11106475657363765,0.1
39,octanol_dipole,73,0.06768236309289932,0.025752363726496696,0.5847387732981688,0.9583103032425773,4.94716215133667,0.011239700019359589,0.0022719489831807397,0.02
39,octanol_dipole,74,0.03871636837720871,0.037312090396881104,0.5922020658139462,0.9532083142234056,7.0673041343688965,0.005911307409405708,0.0008364303130324506,0.02
39,octanol_dipole,75,0.2025265097618103,0.026879167184233665,0.5855453511737456,0.9204981664615512,5.15501070022583,0.31572937965393066,0.06124708521751453,0.04
39,octanol_dipole,76,0.23220224678516388,0.027172470465302467,0.5815093927888517,0.8976810754428417,5.180110454559326,0.38835281133651733,0.07496998659453386,0.06
39,octanol_dipole,77,0.04616803303360939,0.024638446047902107,0.583406277285764,0.954400185981366,4.691277980804443,0.007720367517322302,0.0016456853652484778,0.0
39,octanol_dipole,78,0.11560880392789841,0.03349314257502556,0.5781074504017918,0.9409384742133322,6.26587438583374,0.029895072802901268,0.004771093539712481,0.04
39,octanol_dipole,79,0.23315250873565674,0.029342666268348694,0.5815023587244366,0.8876487132132214,5.727073669433594,0.6375399827957153,0.11132037399804705,0.04
39,octanol_dipole,80,0.06297513842582703,0.029810097068548203,0.5834682426814168,0.9631733140885279,5.634585380554199,0.004735274706035852,0.0008403945252791797,0.0
39,octanol_dipole,81,0.06418409943580627,0.03110014833509922,0.5822772110358687,0.9549617358296809,5.941376686096191,0.016199525445699692,0.0027265609136699364,0.02
39,octanol_dipole,82,0.045395687222480774,0.024839254096150398,0.5845141726154814,0.9655458812716211,4.67966365814209,0.016671044752001762,0.0035624450750848333,0.02
39,octanol_dipole,83,0.08281481266021729,0.023800723254680634,0.5842295402148212,0.9520846694662943,4.532911777496338,0.026375887915492058,0.005818751656812577,0.0
39,octanol_dipole,84,0.16481241583824158,0.03623942285776138,0.5848296609277497,0.9149704084004924,7.175053596496582,0.47641521692276,0.06639883737668285,0.06
39,octanol_dipole,85,0.05711036175489426,0.02994777075946331,0.586608969216142,0.9646947991969046,5.75806188583374,0.005043395329266787,0.0008758841827794157,0.02
39,octanol_dipole,86,0.06564157456159592,0.032356396317481995,0.5836791794324099,0.9652891906301833,6.273351192474365,0.019165709614753723,0.003055099105203178,0.0
39,octanol_dipole,87,0.18960101902484894,0.031022919341921806,0.5839175439369706,0.9185609520574236,5.977240562438965,0.16430115699768066,0.027487793954647007,0.04
39,octanol_dipole,88,0.2734723389148712,0.024306729435920715,0.5852602861515515,0.8975876420276034,4.646590232849121,0.7266356945037842,0.15638041189146076,0.12
39,octanol_dipole,89,0.031158946454524994,0.038912951946258545,0.5896440354312877,0.9547970206578171,7.6959710121154785,0.006003723945468664,0.0007801125986593799,0.02
39,octanol_dipole,90,0.07621576637029648,0.031642504036426544,0.588383937364348,0.9667275671258737,5.982566833496094,0.005450624041259289,0.0009110845215704931,0.0
39,octanol_dipole,91,0.0976046621799469,0.018231257796287537,0.5843428792785452,0.9647521092351881,3.437739610671997,0.01882549747824669,0.005476126644323346,0.0
39,octanol_dipole,92,0.40543702244758606,0.030131231993436813,0.5867805643199351,0.8902024680112472,5.932024002075195,0.9063920974731445,0.15279643122753078,0.22
39,octanol_dipole,93,0.07620468735694885,0.02647576294839382,0.5833432467694613,0.9504639093035325,5.028698921203613,0.012458615936338902,0.0024775028554218843,0.0
39,octanol_dipole,94,0.04624500498175621,0.03476443514227867,0.5849668939055062,0.9594743391229523,6.604307651519775,0.007689238525927067,0.0011642762469064609,0.0
39,octanol_dipole,95,0.0969991683959961,0.029724208638072014,0.5850485218695729,0.9593929885470536,5.69001579284668,0.012203956954181194,0.0021448019475664108,0.0
39,octanol_dipole,96,0.039292432367801666,0.02231656387448311,0.5852484744820197,0.9443157089813097,4.1714067459106445,0.024867111817002296,0.005961325119249105,0.02
39,octanol_dipole,97,0.14087380468845367,0.02406230755150318,0.5856272692462747,0.922426812378178,4.639594554901123,0.11046674102544785,0.02380956777974365,0.02
39,octanol_dipole,98,0.16269780695438385,0.02892758883535862,0.5829705333550947,0.9249018608611992,5.532590866088867,0.09301923215389252,0.016812960583085776,0.04
39,octanol_dipole,99,0.27980297803878784,0.02829740196466446,0.5832519329499855,0.9092873504867058,5.471774101257324,0.635789155960083,0.11619433554722024,0.08
39,octanol_dipole,100,0.21324265003204346,0.029840771108865738,0.583080304510236,0.8876588820994478,5.770722389221191,0.5119434595108032,0.08871392955360904,0.08
39,octanol_dipole,101,0.3201061487197876,0.033905718475580215,0.5835906430715454,0.9047974579858926,6.615077972412109,0.876738965511322,0.13253645220324284,0.12
39,octanol_dipole,102,0.050005730241537094,0.029752321541309357,0.5843332764679918,0.9581267605894819,5.693697929382324,0.008255104534327984,0.001449866964618464,0.02
39,octanol_dipole,103,0.19247199594974518,0.029699178412556648,0.5855589617821508,0.9034843398225456,5.725358486175537,0.5542284250259399,0.09680239697901556,0.02
39,octanol_dipole,104,0.25342169404029846,0.026976225897669792,0.5839141236965248,0.8830902657081585,5.19259786605835,0.6337282657623291,0.12204454920430532,0.08
39,octanol_dipole,105,0.1541551798582077,0.020899467170238495,0.5858370973537435,0.9246345629356967,3.991974115371704,0.09290345758199692,0.0232725601161235,0.04
39,octanol_dipole,106,0.14240744709968567,0.03403499349951744,0.5824426733133123,0.9394931160168996,6.429527759552002,0.09560936689376831,0.014870356030693956,0.1
39,octanol_dipole,107,0.07783466577529907,0.044125624001026154,0.575935527166253,0.9686501382739339,8.146409034729004,0.011688794009387493,0.0014348400576937553,0.02
39,octanol_dipole,108,0.15074455738067627,0.030675027519464493,0.5869911389217233,0.9196370409294661,5.864283561706543,0.18135347962379456,0.030925087048658945,0.02
39,octanol_dipole,109,0.0743030458688736,0.02365594543516636,0.5841963785131756,0.9540981383497611,4.513268947601318,0.014727610163390636,0.003263180265651567,0.0
39,octanol_dipole,110,0.10596191138029099,0.03096018359065056,0.5797648865212213,0.9583529945483207,5.909124851226807,0.005961105693131685,0.0010087967073320657,0.0
39,octanol_dipole,111,0.08954795449972153,0.03553175553679466,0.5798423083695539,0.9707637302090852,6.690678596496582,0.01097805518656969,0.0016407984673360476,0.0
39,octanol_dipole,112,0.07205506414175034,0.03174677863717079,0.581856743501505,0.9477340442942765,6.013361930847168,0.017122574150562286,0.002847421184267557,0.0
39,octanol_dipole,113,0.08464600145816803,0.03786430135369301,0.5861636306382185,0.9519742159246052,7.190256595611572,0.015040511265397072,0.0020917906148963787,0.02
39,octanol_dipole,114,0.23914074897766113,0.024446560069918633,0.5846502921690018,0.9231671610417902,4.63595724105835,0.304352730512619,0.06565046109940778,0.08
39,octanol_dipole,115,0.17169702053070068,0.03325316682457924,0.5809203809455286,0.9058669041179985,6.236718654632568,0.2340703159570694,0.03753100451039337,0.04
39,octanol_dipole,116,0.1493043601512909,0.04494818300008774,0.5985019979744481,0.9304004940636335,9.145634651184082,0.2543330490589142,0.02780922907586143,0.06
39,octanol_dipole,117,0.05462351441383362,0.028836950659751892,0.5835139619875278,0.9586448254389595,5.443552017211914,0.009625280275940895,0.0017681984567258318,0.0
39,octanol_dipole,118,0.06242925673723221,0.029480576515197754,0.5806863086010763,0.9750312946130792,5.518582344055176,0.0069904811680316925,0.0012667168363560074,0.02
39,octanol_dipole,119,0.1602218598127365,0.03485912084579468,0.5831665442502774,0.9187962083854313,6.83344030380249,0.2701520323753357,0.03953382489124969,0.02
39,octanol_dipole,120,0.09170188754796982,0.032789841294288635,0.5808310541197637,0.9615782349708115,6.151119709014893,0.01001932006329298,0.001628861172805493,0.02
39,octanol_dipole,121,0.231996089220047,0.02646910957992077,0.5857948060327087,0.9001898981563683,5.116364479064941,0.4102311134338379,0.08018019730854106,0.04
39,octanol_dipole,122,0.05123428627848625,0.03174010291695595,0.5836116178080515,0.9533513440727357,6.057586669921875,0.006904267240315676,0.0011397719284146404,0.02
39,octanol_dipole,123,0.10543645918369293,0.028515668585896492,0.5841297732968023,0.9514512425810278,5.491208076477051,0.0388675332069397,0.007078138847704278,0.02
39,octanol_dipole,124,0.05257748067378998,0.025123387575149536,0.585192779150862,0.9620587960055826,4.7803449630737305,0.017487145960330963,0.0036581347361774584,0.04
39,octanol_dipole,125,0.045843325555324554,0.028512416407465935,0.5861458345914992,0.9599170364855343,5.5982441902160645,0.011585503816604614,0.002069488829524864,0.02
39,octanol_dipole,126,0.06699715554714203,0.025638695806264877,0.5836267209124117,0.9650735651665143,4.869810581207275,0.0068235560320317745,0.0014011953685352883,0.02
39,octanol_dipole,127,0.06945963948965073,0.023683063685894012,0.5843258860668841,0.9668633755848055,4.5256667137146,0.011255615390837193,0.002487062371766822,0.0
39,octanol_dipole,128,0.29061222076416016,0.026040924713015556,0.5858490549177318,0.8912790272270881,5.022678852081299,0.7074953317642212,0.14086015701980412,0.14
39,octanol_dipole,129,0.25199827551841736,0.03610996901988983,0.5811274777749191,0.8933920122826009,6.976551055908203,0.6125659942626953,0.08780355642118236,0.08
39,octanol_dipole,130,0.08553647994995117,0.030287981033325195,0.5845211547764486,0.9352240156871385,5.774404525756836,0.03762368857860565,0.006515596268114662,0.0
39,octanol_dipole,131,0.040794242173433304,0.04715760052204132,0.5921368950639592,0.9496779504390984,9.490245819091797,0.019754575565457344,0.002081566267305374,0.0
39,octanol_dipole,132,0.07417867332696915,0.030959807336330414,0.5828301282297694,0.9594287103034098,5.8645782470703125,0.009810231626033783,0.001672794054872496,0.0
39,octanol_dipole,133,0.280121773481369,0.027910562232136726,0.5824123126773753,0.8772901723747462,5.372705936431885,0.6551277041435242,0.12193626673314766,0.14
39,octanol_dipole,134,0.12358013540506363,0.030659537762403488,0.5835706220880004,0.9467056512627572,5.899094581604004,0.042314473539590836,0.007173045448626328,0.0
39,octanol_dipole,135,0.24027007818222046,0.03140953183174133,0.5903193266494711,0.9142270885427393,6.349759101867676,0.49497419595718384,0.07795164950613566,0.14
39,octanol_dipole,136,0.07082816958427429,0.04624728113412857,0.5959792989732404,0.9420269080621304,9.425430297851562,0.0626315027475357,0.006644948906132377,0.08
39,octanol_dipole,137,0.09240829199552536,0.022859251126646996,0.5854515519457899,0.9219543525585032,4.350709438323975,0.034406546503305435,0.007908261167760236,0.02
39,octanol_dipole,138,0.06258402019739151,0.028611689805984497,0.581518861041318,0.964971915203112,5.457836627960205,0.0033993450924754143,0.0006228374581717509,0.0
39,octanol_dipole,139,0.07587256282567978,0.02868877723813057,0.583998926735867,0.9670622999034522,5.466104030609131,0.011807232163846493,0.0021600818604490995,0.04
39,octanol_dipole,140,0.05509655550122261,0.029117219150066376,0.5807563700721547,0.9599702845874105,5.4403204917907715,0.02589472196996212,0.004759778768371502,0.0
39,octanol_dipole,141,0.06566574424505234,0.04014017432928085,0.5832256435352134,0.9741561772792069,7.6514997482299805,0.0061499690636992455,0.0008037599511287858,0.02
39,octanol_dipole,142,0.07346641272306442,0.027896549552679062,0.5833161742587993,0.9497784783683973,5.274445533752441,0.015056606382131577,0.002854633019865452,0.02
39,octanol_dipole,143,0.07078255712985992,0.029365725815296173,0.5811455211021761,0.9498175325329303,5.525688171386719,0.02500651404261589,0.004525502212033129,0.0
39,octanol_dipole,144,0.08423192799091339,0.023350337520241737,0.5842737113038761,0.9312602176160389,4.415809631347656,0.03714655712246895,0.008412173581661452,0.02
39,octanol_dipole,145,0.23870302736759186,0.03429415822029114,0.5831940381252918,0.8967138762153182,6.61801290512085,0.5949468016624451,0.08989810237482167,0.1
39,octanol_dipole,146,0.22395749390125275,0.031927067786455154,0.5856301999580662,0.8854839693557806,6.08322811126709,0.5654312968254089,0.09294921815904647,0.0
39,octanol_dipole,147,0.07193130254745483,0.02920619398355484,0.5840878500288105,0.9657396808890992,5.5641350746154785,0.00750808184966445,0.0013493708813643983,0.02
39,octanol_dipole,148,0.07591868191957474,0.031502582132816315,0.5811996724455346,0.9603283220672583,5.9646172523498535,0.004108093213289976,0.0006887438102874965,0.0
39,octanol_dipole,149,0.0874987542629242,0.02536620758473873,0.5835659483346713,0.9435236139360741,4.809170722961426,0.043741095811128616,0.009095351013904827,0.02
39,octanol_dipole,150,0.054374564439058304,0.029404250904917717,0.5802330888394638,0.950076528939062,5.550267219543457,0.028583209961652756,0.005149879966320594,0.0
39,octanol_dipole,151,0.15231147408485413,0.028676195070147514,0.5804317642996368,0.9152071273754245,5.3928937911987305,0.2538882791996002,0.047078301377629396,0.0
39,octanol_dipole,152,0.29076504707336426,0.026773933321237564,0.5828744896908893,0.8885462284489372,5.211054801940918,0.6711934208869934,0.12880183502138562,0.1
39,octanol_dipole,153,0.15274007618427277,0.031066875904798508,0.5854206604918233,0.9182744148929054,5.982520580291748,0.23655915260314941,0.03954171981997815,0.08
39,octanol_dipole,154,0.047238241881132126,0.028194885700941086,0.5819771560753166,0.9642632251734735,5.375793933868408,0.01047510001808405,0.0019485679970151298,0.0
39,octanol_dipole,155,0.11648411303758621,0.02514021284878254,0.5842652111669837,0.9592115681530298,4.808131694793701,0.011086422950029373,0.00230576524391665,0.08
39,octanol_dipole,156,0.12454596161842346,0.03327977657318115,0.5832241967537373,0.947014512131618,6.296520709991455,0.12157195806503296,0.0193077992854244,0.02
39,octanol_dipole,157,0.2744138240814209,0.03183252736926079,0.5824906554919904,0.9070804776270625,6.2097272872924805,0.5596722960472107,0.0901283212859473,0.06
39,octanol_dipole,158,0.22122333943843842,0.02723108045756817,0.5843654513669247,0.9075889615116262,5.2423014640808105,0.34733694791793823,0.06625657648607597,0.04
39,octanol_dipole,159,0.1196824312210083,0.027246888726949692,0.5844136373814017,0.9377103661067496,5.1797614097595215,0.047735802829265594,0.009215830431749906,0.02
39,octanol_dipole,160,0.10177392512559891,0.03104274719953537,0.5876165315382704,0.9625423418499433,5.924363136291504,0.009761182591319084,0.001647634077581093,0.02
39,octanol_dipole,161,0.06979000568389893,0.028370052576065063,0.5837175972277111,0.9667208497662614,5.40189266204834,0.009667247533798218,0.0017896037812296147,0.0
39,octanol_dipole,162,0.17713291943073273,0.0332762748003006,0.5860878941050249,0.8931760080045774,6.375462532043457,0.5119956135749817,0.08030721081045666,0.02
39,octanol_dipole,163,0.1447107195854187,0.018840059638023376,0.5856044562865643,0.9163009226241099,3.547297239303589,0.21119649708271027,0.05953729919857877,0.02
39,octanol_dipole,164,0.25461074709892273,0.028593771159648895,0.582170963746039,0.8957303547723512,5.552064895629883,0.8185245394706726,0.14742704828881703,0.02
39,octanol_dipole,165,0.04073984548449516,0.04146585240960121,0.5951124213220957,0.9611439670464546,7.931938171386719,0.0037842816673219204,0.00047709419634322804,0.02
39,octanol_dipole,166,0.14942851662635803,0.0275618564337492,0.5840045516417811,0.9327119642528017,5.274340629577637,0.1142868921160698,0.021668470078547383,0.02
39,octanol_dipole,167,0.1889668107032776,0.028339846059679985,0.5788917530118214,0.8933378550084528,5.350824356079102,0.6254068613052368,0.11688046919251023,0.06
39,octanol_dipole,168,0.19280534982681274,0.026436444371938705,0.5838460867098847,0.9187486516722541,5.0834808349609375,0.2268674224615097,0.044628361909276874,0.06
39,octanol_dipole,169,0.07438129186630249,0.030372347682714462,0.5855104441376926,0.9693981494911379,5.835610866546631,0.00759784784168005,0.0013019798638794892,0.0
39,octanol_dipole,170,0.1910175234079361,0.026179423555731773,0.583025221041763,0.9035537536205558,4.989276885986328,0.337420791387558,0.06762919739637849,0.06
39,octanol_dipole,171,0.23815271258354187,0.03144151717424393,0.5853726827632906,0.892602558943492,6.06296443939209,0.7554628849029541,0.12460288897533126,0.02
39,octanol_dipole,172,0.3827901780605316,0.027187703177332878,0.5885016538681522,0.8949518948292372,5.290530204772949,1.0684700012207031,0.2019589643882504,0.26
39,octanol_dipole,173,0.15969085693359375,0.026992687955498695,0.5832909434226865,0.9206098757408332,5.1454644203186035,0.2212197333574295,0.04299315188807228,0.04
39,octanol_dipole,174,0.11006686836481094,0.024659043177962303,0.5827673567617555,0.9503411519230702,4.645995140075684,0.03899316489696503,0.008392855291779282,0.0
39,octanol_dipole,175,0.03264610841870308,0.028075089678168297,0.5852735818105415,0.9642841644696463,5.355029582977295,0.008116968907415867,0.0015157654652774087,0.02
39,octanol_dipole,176,0.1069299653172493,0.030526908114552498,0.5826885426347319,0.9598803361436441,5.8041815757751465,0.019128749147057533,0.003295684136915185,0.02
39,octanol_dipole,177,0.30201777815818787,0.021021507680416107,0.5863230955744585,0.8984717427793096,4.045046329498291,0.6462798714637756,0.15977069700062843,0.08
39,octanol_dipole,178,0.08427677303552628,0.0243237242102623,0.5837164586446828,0.9629629221592038,4.688147068023682,0.00812420342117548,0.0017329241816213521,0.0
39,octanol_dipole,179,0.04444945231080055,0.03749706596136093,0.5839143120356327,0.9421024695339149,7.004514217376709,0.05397410690784454,0.007705617439385914,0.02
39,octanol_dipole,180,0.07969816029071808,0.030647747218608856,0.5845504801785328,0.9619932282748431,5.8287482261657715,0.005790486000478268,0.0009934356015729516,0.0
39,octanol_dipole,181,0.1935674101114273,0.02687082812190056,0.5846082377041448,0.9116672888865758,5.192660808563232,0.4118077754974365,0.07930573374219303,0.08
39,octanol_dipole,182,0.045275043696165085,0.03975095972418785,0.5865305071861884,0.9638240763490642,7.77401065826416,0.008470003493130207,0.001089528155473542,0.02
39,octanol_dipole,183,0.04119770973920822,0.02870677039027214,0.583172096418999,0.9671168459767541,5.372786998748779,0.010696169920265675,0.0019908047578950385,0.0
39,octanol_dipole,184,0.056179679930210114,0.025762446224689484,0.5845029858447801,0.9552602352422541,4.901660919189453,0.00816204585134983,0.00166515921560309,0.0
39,octanol_dipole,185,0.24202053248882294,0.02967633493244648,0.5844276318211519,0.8957331880067092,5.740457057952881,0.5869654417037964,0.10225064585939359,0.08
39,octanol_dipole,186,0.08046173304319382,0.04601753130555153,0.5885036898566269,0.9521488208952293,8.651987075805664,0.014196447096765041,0.0016408308256104372,0.02
39,octanol_dipole,187,0.13653993606567383,0.026527805253863335,0.5835767254200999,0.9390246035114307,5.060236930847168,0.09777356684207916,0.019321934561216333,0.02
39,octanol_dipole,188,0.10132425278425217,0.027152467519044876,0.584627430774197,0.9522790801867074,5.1841325759887695,0.04205387830734253,0.008112037586022112,0.02
39,octanol_dipole,189,0.09977658092975616,0.025937965139746666,0.5812995848092344,0.9621416685226736,4.862949848175049,0.007236340548843145,0.0014880557634290171,0.06
39,octanol_dipole,190,0.08279123902320862,0.02364375628530979,0.5852065568001272,0.9731196450432285,4.542036533355713,0.02408546768128872,0.005302790390260044,0.02
39,octanol_dipole,191,0.0294576995074749,0.023516777902841568,0.5838759157624853,0.9641191764652826,4.445324897766113,0.012358727864921093,0.0027801630137611905,0.02
39,octanol_dipole,192,0.07255455106496811,0.033410996198654175,0.5843895368284022,0.9742075443521085,6.39907169342041,0.010369990020990372,0.001620545997578508,0.0
39,octanol_dipole,193,0.22820061445236206,0.02659660391509533,0.5834743353955287,0.9130190583523834,5.076350212097168,0.30835554003715515,0.06074355140083326,0.08
39,octanol_dipole,194,0.17654772102832794,0.028082381933927536,0.5841896215590523,0.912554164077493,5.477187633514404,0.49685487151145935,0.09071350202999261,0.0
39,octanol_dipole,195,0.18558090925216675,0.0331110879778862,0.5813946523313691,0.9108850560255315,6.291828632354736,0.30362096428871155,0.04825639444904596,0.04
39,octanol_dipole,196,0.18125957250595093,0.027008773759007454,0.5840953290395576,0.9070350699718088,5.212388038635254,0.2599385380744934,0.04986937583076651,0.0
39,octanol_dipole,197,0.0678785964846611,0.028829773887991905,0.5829163680189287,0.9657482017757753,5.490658760070801,0.008777798153460026,0.0015986785078129383,0.0
39,octanol_dipole,198,0.3057394027709961,0.029046304523944855,0.5847182582557591,0.882642212706418,5.652042388916016,0.7808996438980103,0.1381623827573197,0.16
39,octanol_dipole,199,0.07872336357831955,0.031526364386081696,0.5825753277104475,0.9658851055696631,6.024421215057373,0.005622364580631256,0.0009332621973010086,0.0
39,octanol_dipole,200,0.09593074023723602,0.03195643052458763,0.5859497820616535,0.9259935193899207,6.1343865394592285,0.06313984841108322,0.010292773043390458,0.02
39,octanol_dipole,201,0.06672254949808121,0.02975645288825035,0.5836388998193305,0.9653409710919725,5.597101211547852,0.010943169705569744,0.0019551495125712517,0.02
39,octanol_dipole,202,0.19504137337207794,0.025462018325924873,0.5843814424526423,0.9217990322307839,4.889797210693359,0.15968027710914612,0.03265580763961864,0.02
39,octanol_dipole,203,0.13914905488491058,0.026232820004224777,0.5823725541355151,0.9095049369319455,5.089532852172852,0.11749517917633057,0.023085650999613624,0.0
39,octanol_dipole,204,0.24226613342761993,0.03241945058107376,0.5897209330826136,0.8985119804216468,6.289542198181152,0.39773115515708923,0.06323690065583908,0.04
39,octanol_dipole,205,0.09365969151258469,0.02584007941186428,0.5850774596421098,0.9347113910005478,4.93953800201416,0.08583006262779236,0.01737613165295905,0.08
39,octanol_dipole,206,0.1821710169315338,0.03291207551956177,0.5852551655861473,0.9115101903625866,6.320250511169434,0.35617509484291077,0.05635458503004936,0.04
39,octanol_dipole,207,0.10606061667203903,0.027101648971438408,0.5848144019435324,0.9523522453963598,5.201545238494873,0.04259553924202919,0.008189016395895981,0.02
39,octanol_dipole,208,0.0651906356215477,0.032329410314559937,0.5827618066306954,0.9502006685630908,6.0143632888793945,0.0033468599431216717,0.0005564778485047689,0.02
39,octanol_dipole,209,0.14418426156044006,0.037725165486335754,0.5766017803782904,0.9430862854134785,7.069608211517334,0.08466336876153946,0.011975680437794494,0.04
39,octanol_dipole,210,0.11777114123106003,0.03072342835366726,0.5846054022017426,0.9448212441003225,5.857421875,0.11259255558252335,0.019222203553935297,0.0
39,octanol_dipole,211,0.13618431985378265,0.03270973637700081,0.5834079443768967,0.9382036930355007,6.25770902633667,0.053952254354953766,0.008621726278400962,0.0
39,octanol_dipole,212,0.10663442313671112,0.03073136880993843,0.5832890815753053,0.9485518066073642,5.86831521987915,0.028225375339388847,0.004809791955921909,0.02
39,octanol_dipole,213,0.29573991894721985,0.02812175825238228,0.5813902717784023,0.892888545486686,5.507110118865967,0.49695220589637756,0.09023829107646585,0.08
39,octanol_dipole,214,0.0955558568239212,0.028694897890090942,0.5842866983487529,0.9547189509907705,5.461981773376465,0.009373794309794903,0.001716189232905523,0.0
39,octanol_dipole,215,0.10840274393558502,0.02698684111237526,0.5848325294901269,0.9528670044434617,5.145990371704102,0.02625608630478382,0.005102241630523899,0.0
39,octanol_dipole,216,0.08109967410564423,0.02285212092101574,0.584614809491123,0.9476618855664818,4.375392913818359,0.016515100374817848,0.0037745410983913885,0.04
39,octanol_dipole,217,0.10716070234775543,0.040205106139183044,0.5997979607439492,0.92583833819292,7.80868673324585,0.18479971587657928,0.0236659149213639,0.02
39,octanol_dipole,218,0.0659557655453682,0.030912423506379128,0.5840585172467627,0.9552548667986775,5.84968900680542,0.006526939105242491,0.0011157754023588555,0.02
39,octanol_dipole,219,0.07067910581827164,0.02380974590778351,0.5853626379182475,0.9694857269233115,4.536960601806641,0.019503552466630936,0.004298814598227836,0.0
39,octanol_dipole,220,0.06128299981355667,0.020394207909703255,0.5845122451218179,0.9702780958369996,3.8535821437835693,0.021138135343790054,0.005485321074026973,0.0
39,octanol_dipole,221,0.06001373380422592,0.030860494822263718,0.5828167768947115,0.9703373918705094,5.918893337249756,0.010778664611279964,0.001821060795849436,0.04
39,octanol_dipole,222,0.055011212825775146,0.02962765470147133,0.5843118303344572,0.9687040584612678,5.742582321166992,0.008464989252388477,0.0014740736447411075,0.0
39,octanol_dipole,223,0.0476633682847023,0.022868700325489044,0.584436639275894,0.9585601041962093,4.35389518737793,0.008430728688836098,0.001936364640397644,0.02
39,octanol_dipole,224,0.1114305853843689,0.023724354803562164,0.5858786585801241,0.9481888001383967,4.427736759185791,0.12285638600587845,0.027746994161520638,0.04
39,octanol_dipole,225,0.2493135780096054,0.027772219851613045,0.5853633119122461,0.8988818668756864,5.423139572143555,0.5882106423377991,0.10846312076480497,0.06
39,octanol_dipole,226,0.09958978742361069,0.0273992158472538,0.5859809194412395,0.9541639189704498,5.153615474700928,0.013994022272527218,0.00271537958957625,0.0
39,octanol_dipole,227,0.06544459611177444,0.041104186326265335,0.5864628923476385,0.9623207523473123,7.707332611083984,0.009131427854299545,0.0011847714786783117,0.02
39,octanol_dipole,228,0.08982925117015839,0.031161226332187653,0.5884178496330092,0.9632814918331338,5.843400001525879,0.0147683871909976,0.002527362013064509,0.0
39,octanol_dipole,229,0.06438202410936356,0.03276814520359039,0.5826616985592856,0.9554139753212252,6.140784740447998,0.023206697776913643,0.003779109471800278,0.02
39,octanol_dipole,230,0.4834490120410919,0.015904052183032036,0.5934593192097015,0.8886293044068287,2.9683187007904053,1.0148428678512573,0.3418914780212194,0.32
39,octanol_dipole,231,0.12358658015727997,0.026918435469269753,0.5824096741146931,0.9541874739898879,5.091140270233154,0.032130494713783264,0.006311060589244345,0.0
39,octanol_dipole,232,0.3810422122478485,0.019808288663625717,0.5898571729643471,0.8944314964311961,3.790318012237549,1.024430751800537,0.270275673041952,0.2
39,octanol_dipole,233,0.3650760352611542,0.023712502792477608,0.5900978479962915,0.9056719897113268,4.650012016296387,0.7092500925064087,0.1525265074629437,0.18
39,octanol_dipole,234,0.19119399785995483,0.03269166126847267,0.5784611853277919,0.8919328835821518,6.327579498291016,0.45729655027389526,0.07227037612050614,0.02
39,octanol_dipole,235,0.11168364435434341,0.029291929677128792,0.582353281487691,0.9531941680901808,5.5513997077941895,0.02178228460252285,0.003923746397136641,0.02
39,octanol_dipole,236,0.2326051890850067,0.03308725729584694,0.5819516833321676,0.8824980936535465,6.380362033843994,0.6056309342384338,0.09492109241229964,0.02
39,octanol_dipole,237,0.19660402834415436,0.03164203092455864,0.5839307285713697,0.8965853657938518,6.105136871337891,0.349226176738739,0.05720202250964587,0.06
39,octanol_dipole,238,0.0376700833439827,0.023644065484404564,0.5810244240143072,0.9585741575317936,4.47678279876709,0.0065832920372486115,0.0014705408623044336,0.04
39,octanol_dipole,239,0.24692614376544952,0.029483089223504066,0.5841033634233646,0.9124854156075206,5.718212127685547,0.31786131858825684,0.05558753531532794,0.06
39,octanol_dipole,240,0.13677017390727997,0.027935201302170753,0.5860402040454851,0.9411761697832859,5.285760879516602,0.07520902156829834,0.01422860838441417,0.0
39,octanol_dipole,241,0.14665523171424866,0.031844206154346466,0.5787679066757627,0.9284668843230175,6.066941738128662,0.2086620181798935,0.03439327872040105,0.06
39,octanol_dipole,242,0.03924911841750145,0.026742111891508102,0.5852214374347264,0.9523633057603684,4.977489948272705,0.014810590073466301,0.0029755138086428263,0.0
39,octanol_dipole,243,0.08745401352643967,0.031114019453525543,0.5856629147895556,0.9565103455365669,6.030672550201416,0.006816396024078131,0.0011302878687801533,0.0
39,octanol_dipole,244,0.07053481042385101,0.02885175682604313,0.5843014293279334,0.9688512114670162,5.488170623779297,0.008099222555756569,0.001475759977407414,0.0
39,octanol_dipole,245,0.037185780704021454,0.016003688797354698,0.585347856931375,0.9659777087528889,3.0336053371429443,0.01410005148500204,0.004647951832218722,0.04
39,octanol_dipole,246,0.3138851821422577,0.025894582271575928,0.5875639949050264,0.9044545081775923,4.9661760330200195,0.8856523633003235,0.17833688484089893,0.14
39,octanol_dipole,247,0.08454515039920807,0.028180092573165894,0.584270365331367,0.9589216579799138,5.403378486633301,0.01081045251339674,0.002000683931384648,0.0
39,octanol_dipole,248,0.12415533512830734,0.027990341186523438,0.5840918219331968,0.9242494376467609,5.377432823181152,0.12986287474632263,0.024149604284503003,0.02
39,octanol_dipole,249,0.08830638974905014,0.034740377217531204,0.5817929622322764,0.9659538720088796,6.580358028411865,0.04699113965034485,0.007141122025192588,0.0
39,hexane_gsolv_eV,0,1.0,0.0,0.6326363260477845,0.6326363260477845,,,,1.0
39,hexane_gsolv_eV,1,1.0,0.0,0.6326363260477845,0.6326363260477845,,,,1.0
39,hexane_gsolv_eV,2,1.0,0.0,0.6326363260477845,0.6326363260477845,,,,1.0
39,hexane_gsolv_eV,3,1.0,0.0,0.6326363260477845,0.6326363260477845,,,,1.0
39,hexane_gsolv_eV,4,1.0,0.0,0.6326363260477845,0.6326363260477845,,,,1.0
39,hexane_gsolv_eV,5,1.0,0.0,0.6326363260477845,0.6326363260477845,,,,1.0
39,hexane_gsolv_eV,6,1.0,0.0,0.6326363260477845,0.6326363260477845,,,,1.0
39,hexane_gsolv_eV,7,1.0,0.0,0.6326363260477845,0.6326363260477845,,,,1.0
39,hexane_gsolv_eV,8,1.0,0.0,0.6326363260477845,0.6326363260477845,,,,1.0
39,hexane_gsolv_eV,9,1.0,0.0,0.6326363260477845,0.6326363260477845,,,,1.0
39,hexane_gsolv_eV,10,1.0,0.0,0.6326363260477845,0.6326363260477845,,,,1.0
39,hexane_gsolv_eV,11,1.0,0.0,0.6326363260477845,0.6326363260477845,,,,1.0
39,hexane_gsolv_eV,12,1.0,0.0,0.6326363260477845,0.6326363260477845,,,,1.0
39,hexane_gsolv_eV,13,1.0,0.0,0.6326363260477845,0.6326363260477845,,,,1.0
39,hexane_gsolv_eV,14,1.0,0.0,0.6326363260477845,0.6326363260477845,,,,1.0
39,hexane_gsolv_eV,15,1.0,0.0,0.6326363260477845,0.6326363260477845,,,,1.0
39,hexane_gsolv_eV,16,1.0,0.0,0.6326363260477845,0.6326363260477845,,,,1.0
39,hexane_gsolv_eV,17,1.0,0.0,0.6326363260477845,0.6326363260477845,,,,1.0
39,hexane_gsolv_eV,18,1.0,0.0,0.6326363260477845,0.6326363260477845,,,,1.0
39,hexane_gsolv_eV,19,1.0,0.0,0.6326363260477845,0.6326363260477845,,,,1.0
39,hexane_gsolv_eV,20,1.0,0.0,0.6326363260477845,0.6326363260477845,,,,1.0
39,hexane_gsolv_eV,21,1.0,0.0,0.6326363260477845,0.6326363260477845,,,,1.0
39,hexane_gsolv_eV,22,1.0,0.0,0.6326363260477845,0.6326363260477845,,,,1.0
39,hexane_gsolv_eV,23,1.0,0.0,0.6326363260477845,0.6326363260477845,,,,1.0
39,hexane_gsolv_eV,24,1.0,0.0,0.6326363260477845,0.6326363260477845,,,,1.0
39,hexane_gsolv_eV,25,1.0,0.0,0.6326363260477845,0.6326363260477845,,,,1.0
39,hexane_gsolv_eV,26,1.0,0.0,0.6326363260477845,0.6326363260477845,,,,1.0
39,hexane_gsolv_eV,27,1.0,0.0,0.6326363260477845,0.6326363260477845,,,,1.0
39,hexane_gsolv_eV,28,1.0,0.0,0.6326363260477845,0.6326363260477845,,,,1.0
39,hexane_gsolv_eV,29,1.0,0.0,0.6326363260477845,0.6326363260477845,,,,1.0
39,hexane_gsolv_eV,30,1.0,0.0,0.6326363260477845,0.6326363260477845,,,,1.0
39,hexane_gsolv_eV,31,1.0,0.0,0.6326363260477845,0.6326363260477845,,,,1.0
39,hexane_gsolv_eV,32,1.0,0.0,0.6326363260477845,0.6326363260477845,,,,1.0
39,hexane_gsolv_eV,33,1.0,0.0,0.6326363260477845,0.6326363260477845,,,,1.0
39,hexane_gsolv_eV,34,1.0,0.0,0.6326363260477845,0.6326363260477845,,,,1.0
39,hexane_gsolv_eV,35,1.0,0.0,0.6326363260477845,0.6326363260477845,,,,1.0
39,hexane_gsolv_eV,36,1.0,0.0,0.6326363260477845,0.6326363260477845,,,,1.0
39,hexane_gsolv_eV,37,1.0,0.0,0.6326363260477845,0.6326363260477845,,,,1.0
39,hexane_gsolv_eV,38,1.0,0.0,0.6326363260477845,0.6326363260477845,,,,1.0
39,hexane_gsolv_eV,39,1.0,0.0,0.6326363260477845,0.6326363260477845,,,,1.0
39,hexane_gsolv_eV,40,1.0,0.0,0.6326363260477845,0.6326363260477845,,,,1.0
39,hexane_gsolv_eV,41,1.0,0.0,0.6326363260477845,0.6326363260477845,,,,1.0
39,hexane_gsolv_eV,42,1.0,0.0,0.6326363260477845,0.6326363260477845,,,,1.0
39,hexane_gsolv_eV,43,1.0,0.0,0.6326363260477845,0.6326363260477845,,,,1.0
39,hexane_gsolv_eV,44,1.0,0.0,0.6326363260477845,0.6326363260477845,,,,1.0
39,hexane_gsolv_eV,45,1.0,0.0,0.6326363260477845,0.6326363260477845,,,,1.0
39,hexane_gsolv_eV,46,1.0,0.0,0.6326363260477845,0.6326363260477845,,,,1.0
39,hexane_gsolv_eV,47,1.0,0.0,0.6326363260477845,0.6326363260477845,,,,1.0
39,hexane_gsolv_eV,48,1.0,0.0,0.6326363260477845,0.6326363260477845,,,,1.0
39,hexane_gsolv_eV,49,1.0,0.0,0.6326363260477845,0.6326363260477845,,,,1.0
39,hexane_gsolv_eV,50,1.0,0.0,0.6326363260477845,0.6326363260477845,,,,1.0
39,hexane_gsolv_eV,51,1.0,0.0,0.6326363260477845,0.6326363260477845,,,,1.0
39,hexane_gsolv_eV,52,1.0,0.0,0.6326363260477845,0.6326363260477845,,,,1.0
39,hexane_gsolv_eV,53,1.0,0.0,0.6326363260477845,0.6326363260477845,,,,1.0
39,hexane_gsolv_eV,54,1.0,0.0,0.6326363260477845,0.6326363260477845,,,,1.0
39,hexane_gsolv_eV,55,1.0,0.0,0.6326363260477845,0.6326363260477845,,,,1.0
39,hexane_gsolv_eV,56,1.0,0.0,0.6326363260477845,0.6326363260477845,,,,1.0
39,hexane_gsolv_eV,57,1.0,0.0,0.6326363260477845,0.6326363260477845,,,,1.0
39,hexane_gsolv_eV,58,1.0,0.0,0.6326363260477845,0.6326363260477845,,,,1.0
39,hexane_gsolv_eV,59,1.0,0.0,0.6326363260477845,0.6326363260477845,,,,1.0
39,hexane_gsolv_eV,60,1.0,0.0,0.6326363260477845,0.6326363260477845,,,,1.0
39,hexane_gsolv_eV,61,1.0,0.0,0.6326363260477845,0.6326363260477845,,,,1.0
39,hexane_gsolv_eV,62,1.0,0.0,0.6326363260477845,0.6326363260477845,,,,1.0
39,hexane_gsolv_eV,63,1.0,0.0,0.6326363260477845,0.6326363260477845,,,,1.0
39,hexane_gsolv_eV,64,1.0,0.0,0.6326363260477845,0.6326363260477845,,,,1.0
39,hexane_gsolv_eV,65,1.0,0.0,0.6326363260477845,0.6326363260477845,,,,1.0
39,hexane_gsolv_eV,66,1.0,0.0,0.6326363260477845,0.6326363260477845,,,,1.0
39,hexane_gsolv_eV,67,1.0,0.0,0.6326363260477845,0.6326363260477845,,,,1.0
39,hexane_gsolv_eV,68,1.0,0.0,0.6326363260477845,0.6326363260477845,,,,1.0
39,hexane_gsolv_eV,69,1.0,0.0,0.6326363260477845,0.6326363260477845,,,,1.0
39,hexane_gsolv_eV,70,1.0,0.0,0.6326363260477845,0.6326363260477845,,,,1.0
39,hexane_gsolv_eV,71,1.0,0.0,0.6326363260477845,0.6326363260477845,,,,1.0
39,hexane_gsolv_eV,72,1.0,0.0,0.6326363260477845,0.6326363260477845,,,,1.0
39,hexane_gsolv_eV,73,1.0,0.0,0.6326363260477845,0.6326363260477845,,,,1.0
39,hexane_gsolv_eV,74,1.0,0.0,0.6326363260477845,0.6326363260477845,,,,1.0
39,hexane_gsolv_eV,75,1.0,0.0,0.6326363260477845,0.6326363260477845,,,,1.0
39,hexane_gsolv_eV,76,1.0,0.0,0.6326363260477845,0.6326363260477845,,,,1.0
39,hexane_gsolv_eV,77,1.0,0.0,0.6326363260477845,0.6326363260477845,,,,1.0
39,hexane_gsolv_eV,78,1.0,0.0,0.6326363260477845,0.6326363260477845,,,,1.0
39,hexane_gsolv_eV,79,1.0,0.0,0.6326363260477845,0.6326363260477845,,,,1.0
39,hexane_gsolv_eV,80,1.0,0.0,0.6326363260477845,0.6326363260477845,,,,1.0
39,hexane_gsolv_eV,81,1.0,0.0,0.6326363260477845,0.6326363260477845,,,,1.0
39,hexane_gsolv_eV,82,1.0,0.0,0.6326363260477845,0.6326363260477845,,,,1.0
39,hexane_gsolv_eV,83,1.0,0.0,0.6326363260477845,0.6326363260477845,,,,1.0
39,hexane_gsolv_eV,84,1.0,0.0,0.6326363260477845,0.6326363260477845,,,,1.0
39,hexane_gsolv_eV,85,1.0,0.0,0.6326363260477845,0.6326363260477845,,,,1.0
39,hexane_gsolv_eV,86,1.0,0.0,0.6326363260477845,0.6326363260477845,,,,1.0
39,hexane_gsolv_eV,87,1.0,0.0,0.6326363260477845,0.6326363260477845,,,,1.0
39,hexane_gsolv_eV,88,1.0,0.0,0.6326363260477845,0.6326363260477845,,,,1.0
39,hexane_gsolv_eV,89,1.0,0.0,0.6326363260477845,0.6326363260477845,,,,1.0
39,hexane_gsolv_eV,90,1.0,0.0,0.6326363260477845,0.6326363260477845,,,,1.0
39,hexane_gsolv_eV,91,1.0,0.0,0.6326363260477845,0.6326363260477845,,,,1.0
39,hexane_gsolv_eV,92,1.0,0.0,0.6326363260477845,0.6326363260477845,,,,1.0
39,hexane_gsolv_eV,93,1.0,0.0,0.6326363260477845,0.6326363260477845,,,,1.0
39,hexane_gsolv_eV,94,1.0,0.0,0.6326363260477845,0.6326363260477845,,,,1.0
39,hexane_gsolv_eV,95,1.0,0.0,0.6326363260477845,0.6326363260477845,,,,1.0
39,hexane_gsolv_eV,96,1.0,0.0,0.6326363260477845,0.6326363260477845,,,,1.0
39,hexane_gsolv_eV,97,1.0,0.0,0.6326363260477845,0.6326363260477845,,,,1.0
39,hexane_gsolv_eV,98,1.0,0.0,0.6326363260477845,0.6326363260477845,,,,1.0
39,hexane_gsolv_eV,99,1.0,0.0,0.6326363260477845,0.6326363260477845,,,,1.0
39,hexane_gsolv_eV,100,1.0,0.0,0.6326363260477845,0.6326363260477845,,,,1.0
39,hexane_gsolv_eV,101,1.0,0.0,0.6326363260477845,0.6326363260477845,,,,1.0
39,hexane_gsolv_eV,102,1.0,0.0,0.6326363260477845,0.6326363260477845,,,,1.0
39,hexane_gsolv_eV,103,1.0,0.0,0.6326363260477845,0.6326363260477845,,,,1.0
39,hexane_gsolv_eV,104,1.0,0.0,0.6326363260477845,0.6326363260477845,,,,1.0
39,hexane_gsolv_eV,105,1.0,0.0,0.6326363260477845,0.6326363260477845,,,,1.0
39,hexane_gsolv_eV,106,1.0,0.0,0.6326363260477845,0.6326363260477845,,,,1.0
39,hexane_gsolv_eV,107,1.0,0.0,0.6326363260477845,0.6326363260477845,,,,1.0
39,hexane_gsolv_eV,108,1.0,0.0,0.6326363260477845,0.6326363260477845,,,,1.0
39,hexane_gsolv_eV,109,1.0,0.0,0.6326363260477845,0.6326363260477845,,,,1.0
39,hexane_gsolv_eV,110,1.0,0.0,0.6326363260477845,0.6326363260477845,,,,1.0
39,hexane_gsolv_eV,111,1.0,0.0,0.6326363260477845,0.6326363260477845,,,,1.0
39,hexane_gsolv_eV,112,1.0,0.0,0.6326363260477845,0.6326363260477845,,,,1.0
39,hexane_gsolv_eV,113,1.0,0.0,0.6326363260477845,0.6326363260477845,,,,1.0
39,hexane_gsolv_eV,114,1.0,0.0,0.6326363260477845,0.6326363260477845,,,,1.0
39,hexane_gsolv_eV,115,1.0,0.0,0.6326363260477845,0.6326363260477845,,,,1.0
39,hexane_gsolv_eV,116,1.0,0.0,0.6326363260477845,0.6326363260477845,,,,1.0
39,hexane_gsolv_eV,117,1.0,0.0,0.6326363260477845,0.6326363260477845,,,,1.0
39,hexane_gsolv_eV,118,1.0,0.0,0.6326363260477845,0.6326363260477845,,,,1.0
39,hexane_gsolv_eV,119,1.0,0.0,0.6326363260477845,0.6326363260477845,,,,1.0
39,hexane_gsolv_eV,120,1.0,0.0,0.6326363260477845,0.6326363260477845,,,,1.0
39,hexane_gsolv_eV,121,1.0,0.0,0.6326363260477845,0.6326363260477845,,,,1.0
39,hexane_gsolv_eV,122,1.0,0.0,0.6326363260477845,0.6326363260477845,,,,1.0
39,hexane_gsolv_eV,123,1.0,0.0,0.6326363260477845,0.6326363260477845,,,,1.0
39,hexane_gsolv_eV,124,1.0,0.0,0.6326363260477845,0.6326363260477845,,,,1.0
39,hexane_gsolv_eV,125,1.0,0.0,0.6326363260477845,0.6326363260477845,,,,1.0
39,hexane_gsolv_eV,126,1.0,0.0,0.6326363260477845,0.6326363260477845,,,,1.0
39,hexane_gsolv_eV,127,1.0,0.0,0.6326363260477845,0.6326363260477845,,,,1.0
39,hexane_gsolv_eV,128,1.0,0.0,0.6326363260477845,0.6326363260477845,,,,1.0
39,hexane_gsolv_eV,129,1.0,0.0,0.6326363260477845,0.6326363260477845,,,,1.0
39,hexane_gsolv_eV,130,1.0,0.0,0.6326363260477845,0.6326363260477845,,,,1.0
39,hexane_gsolv_eV,131,1.0,0.0,0.6326363260477845,0.6326363260477845,,,,1.0
39,hexane_gsolv_eV,132,1.0,0.0,0.6326363260477845,0.6326363260477845,,,,1.0
39,hexane_gsolv_eV,133,1.0,0.0,0.6326363260477845,0.6326363260477845,,,,1.0
39,hexane_gsolv_eV,134,1.0,0.0,0.6326363260477845,0.6326363260477845,,,,1.0
39,hexane_gsolv_eV,135,1.0,0.0,0.6326363260477845,0.6326363260477845,,,,1.0
39,hexane_gsolv_eV,136,1.0,0.0,0.6326363260477845,0.6326363260477845,,,,1.0
39,hexane_gsolv_eV,137,1.0,0.0,0.6326363260477845,0.6326363260477845,,,,1.0
39,hexane_gsolv_eV,138,1.0,0.0,0.6326363260477845,0.6326363260477845,,,,1.0
39,hexane_gsolv_eV,139,1.0,0.0,0.6326363260477845,0.6326363260477845,,,,1.0
39,hexane_gsolv_eV,140,1.0,0.0,0.6326363260477845,0.6326363260477845,,,,1.0
39,hexane_gsolv_eV,141,1.0,0.0,0.6326363260477845,0.6326363260477845,,,,1.0
39,hexane_gsolv_eV,142,1.0,0.0,0.6326363260477845,0.6326363260477845,,,,1.0
39,hexane_gsolv_eV,143,1.0,0.0,0.6326363260477845,0.6326363260477845,,,,1.0
39,hexane_gsolv_eV,144,1.0,0.0,0.6326363260477845,0.6326363260477845,,,,1.0
39,hexane_gsolv_eV,145,1.0,0.0,0.6326363260477845,0.6326363260477845,,,,1.0
39,hexane_gsolv_eV,146,1.0,0.0,0.6326363260477845,0.6326363260477845,,,,1.0
39,hexane_gsolv_eV,147,1.0,0.0,0.6326363260477845,0.6326363260477845,,,,1.0
39,hexane_gsolv_eV,148,1.0,0.0,0.6326363260477845,0.6326363260477845,,,,1.0
39,hexane_gsolv_eV,149,1.0,0.0,0.6326363260477845,0.6326363260477845,,,,1.0
39,hexane_gsolv_eV,150,1.0,0.0,0.6326363260477845,0.6326363260477845,,,,1.0
39,hexane_gsolv_eV,151,1.0,0.0,0.6326363260477845,0.6326363260477845,,,,1.0
39,hexane_gsolv_eV,152,1.0,0.0,0.6326363260477845,0.6326363260477845,,,,1.0
39,hexane_gsolv_eV,153,1.0,0.0,0.6326363260477845,0.6326363260477845,,,,1.0
39,hexane_gsolv_eV,154,1.0,0.0,0.6326363260477845,0.6326363260477845,,,,1.0
39,hexane_gsolv_eV,155,1.0,0.0,0.6326363260477845,0.6326363260477845,,,,1.0
39,hexane_gsolv_eV,156,1.0,0.0,0.6326363260477845,0.6326363260477845,,,,1.0
39,hexane_gsolv_eV,157,1.0,0.0,0.6326363260477845,0.6326363260477845,,,,1.0
39,hexane_gsolv_eV,158,1.0,0.0,0.6326363260477845,0.6326363260477845,,,,1.0
39,hexane_gsolv_eV,159,1.0,0.0,0.6326363260477845,0.6326363260477845,,,,1.0
39,hexane_gsolv_eV,160,1.0,0.0,0.6326363260477845,0.6326363260477845,,,,1.0
39,hexane_gsolv_eV,161,1.0,0.0,0.6326363260477845,0.6326363260477845,,,,1.0
39,hexane_gsolv_eV,162,1.0,0.0,0.6326363260477845,0.6326363260477845,,,,1.0
39,hexane_gsolv_eV,163,1.0,0.0,0.6326363260477845,0.6326363260477845,,,,1.0
39,hexane_gsolv_eV,164,1.0,0.0,0.6326363260477845,0.6326363260477845,,,,1.0
39,hexane_gsolv_eV,165,1.0,0.0,0.6326363260477845,0.6326363260477845,,,,1.0
39,hexane_gsolv_eV,166,1.0,0.0,0.6326363260477845,0.6326363260477845,,,,1.0
39,hexane_gsolv_eV,167,1.0,0.0,0.6326363260477845,0.6326363260477845,,,,1.0
39,hexane_gsolv_eV,168,1.0,0.0,0.6326363260477845,0.6326363260477845,,,,1.0
39,hexane_gsolv_eV,169,1.0,0.0,0.6326363260477845,0.6326363260477845,,,,1.0
39,hexane_gsolv_eV,170,1.0,0.0,0.6326363260477845,0.6326363260477845,,,,1.0
39,hexane_gsolv_eV,171,1.0,0.0,0.6326363260477845,0.6326363260477845,,,,1.0
39,hexane_gsolv_eV,172,1.0,0.0,0.6326363260477845,0.6326363260477845,,,,1.0
39,hexane_gsolv_eV,173,1.0,0.0,0.6326363260477845,0.6326363260477845,,,,1.0
39,hexane_gsolv_eV,174,1.0,0.0,0.6326363260477845,0.6326363260477845,,,,1.0
39,hexane_gsolv_eV,175,1.0,0.0,0.6326363260477845,0.6326363260477845,,,,1.0
39,hexane_gsolv_eV,176,1.0,0.0,0.6326363260477845,0.6326363260477845,,,,1.0
39,hexane_gsolv_eV,177,1.0,0.0,0.6326363260477845,0.6326363260477845,,,,1.0
39,hexane_gsolv_eV,178,1.0,0.0,0.6326363260477845,0.6326363260477845,,,,1.0
39,hexane_gsolv_eV,179,1.0,0.0,0.6326363260477845,0.6326363260477845,,,,1.0
39,hexane_gsolv_eV,180,1.0,0.0,0.6326363260477845,0.6326363260477845,,,,1.0
39,hexane_gsolv_eV,181,1.0,0.0,0.6326363260477845,0.6326363260477845,,,,1.0
39,hexane_gsolv_eV,182,1.0,0.0,0.6326363260477845,0.6326363260477845,,,,1.0
39,hexane_gsolv_eV,183,1.0,0.0,0.6326363260477845,0.6326363260477845,,,,1.0
39,hexane_gsolv_eV,184,1.0,0.0,0.6326363260477845,0.6326363260477845,,,,1.0
39,hexane_gsolv_eV,185,1.0,0.0,0.6326363260477845,0.6326363260477845,,,,1.0
39,hexane_gsolv_eV,186,1.0,0.0,0.6326363260477845,0.6326363260477845,,,,1.0
39,hexane_gsolv_eV,187,1.0,0.0,0.6326363260477845,0.6326363260477845,,,,1.0
39,hexane_gsolv_eV,188,1.0,0.0,0.6326363260477845,0.6326363260477845,,,,1.0
39,hexane_gsolv_eV,189,1.0,0.0,0.6326363260477845,0.6326363260477845,,,,1.0
39,hexane_gsolv_eV,190,1.0,0.0,0.6326363260477845,0.6326363260477845,,,,1.0
39,hexane_gsolv_eV,191,1.0,0.0,0.6326363260477845,0.6326363260477845,,,,1.0
39,hexane_gsolv_eV,192,1.0,0.0,0.6326363260477845,0.6326363260477845,,,,1.0
39,hexane_gsolv_eV,193,1.0,0.0,0.6326363260477845,0.6326363260477845,,,,1.0
39,hexane_gsolv_eV,194,1.0,0.0,0.6326363260477845,0.6326363260477845,,,,1.0
39,hexane_gsolv_eV,195,1.0,0.0,0.6326363260477845,0.6326363260477845,,,,1.0
39,hexane_gsolv_eV,196,1.0,0.0,0.6326363260477845,0.6326363260477845,,,,1.0
39,hexane_gsolv_eV,197,1.0,0.0,0.6326363260477845,0.6326363260477845,,,,1.0
39,hexane_gsolv_eV,198,1.0,0.0,0.6326363260477845,0.6326363260477845,,,,1.0
39,hexane_gsolv_eV,199,1.0,0.0,0.6326363260477845,0.6326363260477845,,,,1.0
39,hexane_gsolv_eV,200,1.0,0.0,0.6326363260477845,0.6326363260477845,,,,1.0
39,hexane_gsolv_eV,201,1.0,0.0,0.6326363260477845,0.6326363260477845,,,,1.0
39,hexane_gsolv_eV,202,1.0,0.0,0.6326363260477845,0.6326363260477845,,,,1.0
39,hexane_gsolv_eV,203,1.0,0.0,0.6326363260477845,0.6326363260477845,,,,1.0
39,hexane_gsolv_eV,204,1.0,0.0,0.6326363260477845,0.6326363260477845,,,,1.0
39,hexane_gsolv_eV,205,1.0,0.0,0.6326363260477845,0.6326363260477845,,,,1.0
39,hexane_gsolv_eV,206,1.0,0.0,0.6326363260477845,0.6326363260477845,,,,1.0
39,hexane_gsolv_eV,207,1.0,0.0,0.6326363260477845,0.6326363260477845,,,,1.0
39,hexane_gsolv_eV,208,1.0,0.0,0.6326363260477845,0.6326363260477845,,,,1.0
39,hexane_gsolv_eV,209,1.0,0.0,0.6326363260477845,0.6326363260477845,,,,1.0
39,hexane_gsolv_eV,210,1.0,0.0,0.6326363260477845,0.6326363260477845,,,,1.0
39,hexane_gsolv_eV,211,1.0,0.0,0.6326363260477845,0.6326363260477845,,,,1.0
39,hexane_gsolv_eV,212,1.0,0.0,0.6326363260477845,0.6326363260477845,,,,1.0
39,hexane_gsolv_eV,213,1.0,0.0,0.6326363260477845,0.6326363260477845,,,,1.0
39,hexane_gsolv_eV,214,1.0,0.0,0.6326363260477845,0.6326363260477845,,,,1.0
39,hexane_gsolv_eV,215,1.0,0.0,0.6326363260477845,0.6326363260477845,,,,1.0
39,hexane_gsolv_eV,216,1.0,0.0,0.6326363260477845,0.6326363260477845,,,,1.0
39,hexane_gsolv_eV,217,1.0,0.0,0.6326363260477845,0.6326363260477845,,,,1.0
39,hexane_gsolv_eV,218,1.0,0.0,0.6326363260477845,0.6326363260477845,,,,1.0
39,hexane_gsolv_eV,219,1.0,0.0,0.6326363260477845,0.6326363260477845,,,,1.0
39,hexane_gsolv_eV,220,1.0,0.0,0.6326363260477845,0.6326363260477845,,,,1.0
39,hexane_gsolv_eV,221,1.0,0.0,0.6326363260477845,0.6326363260477845,,,,1.0
39,hexane_gsolv_eV,222,1.0,0.0,0.6326363260477845,0.6326363260477845,,,,1.0
39,hexane_gsolv_eV,223,1.0,0.0,0.6326363260477845,0.6326363260477845,,,,1.0
39,hexane_gsolv_eV,224,1.0,0.0,0.6326363260477845,0.6326363260477845,,,,1.0
39,hexane_gsolv_eV,225,1.0,0.0,0.6326363260477845,0.6326363260477845,,,,1.0
39,hexane_gsolv_eV,226,1.0,0.0,0.6326363260477845,0.6326363260477845,,,,1.0
39,hexane_gsolv_eV,227,1.0,0.0,0.6326363260477845,0.6326363260477845,,,,1.0
39,hexane_gsolv_eV,228,1.0,0.0,0.6326363260477845,0.6326363260477845,,,,1.0
39,hexane_gsolv_eV,229,1.0,0.0,0.6326363260477845,0.6326363260477845,,,,1.0
39,hexane_gsolv_eV,230,1.0,0.0,0.6326363260477845,0.6326363260477845,,,,1.0
39,hexane_gsolv_eV,231,1.0,0.0,0.6326363260477845,0.6326363260477845,,,,1.0
39,hexane_gsolv_eV,232,1.0,0.0,0.6326363260477845,0.6326363260477845,,,,1.0
39,hexane_gsolv_eV,233,1.0,0.0,0.6326363260477845,0.6326363260477845,,,,1.0
39,hexane_gsolv_eV,234,1.0,0.0,0.6326363260477845,0.6326363260477845,,,,1.0
39,hexane_gsolv_eV,235,1.0,0.0,0.6326363260477845,0.6326363260477845,,,,1.0
39,hexane_gsolv_eV,236,1.0,0.0,0.6326363260477845,0.6326363260477845,,,,1.0
39,hexane_gsolv_eV,237,1.0,0.0,0.6326363260477845,0.6326363260477845,,,,1.0
39,hexane_gsolv_eV,238,1.0,0.0,0.6326363260477845,0.6326363260477845,,,,1.0
39,hexane_gsolv_eV,239,1.0,0.0,0.6326363260477845,0.6326363260477845,,,,1.0
39,hexane_gsolv_eV,240,1.0,0.0,0.6326363260477845,0.6326363260477845,,,,1.0
39,hexane_gsolv_eV,241,1.0,0.0,0.6326363260477845,0.6326363260477845,,,,1.0
39,hexane_gsolv_eV,242,1.0,0.0,0.6326363260477845,0.6326363260477845,,,,1.0
39,hexane_gsolv_eV,243,1.0,0.0,0.6326363260477845,0.6326363260477845,,,,1.0
39,hexane_gsolv_eV,244,1.0,0.0,0.6326363260477845,0.6326363260477845,,,,1.0
39,hexane_gsolv_eV,245,1.0,0.0,0.6326363260477845,0.6326363260477845,,,,1.0
39,hexane_gsolv_eV,246,1.0,0.0,0.6326363260477845,0.6326363260477845,,,,1.0
39,hexane_gsolv_eV,247,1.0,0.0,0.6326363260477845,0.6326363260477845,,,,1.0
39,hexane_gsolv_eV,248,1.0,0.0,0.6326363260477845,0.6326363260477845,,,,1.0
39,hexane_gsolv_eV,249,1.0,0.0,0.6326363260477845,0.6326363260477845,,,,1.0
39,hexane_hl_gap_eV,0,1.0,0.0,0.7091041149085651,0.7091041149085651,,,,1.0
39,hexane_hl_gap_eV,1,1.0,0.0,0.7091041149085651,0.7091041149085651,,,,1.0
39,hexane_hl_gap_eV,2,1.0,0.0,0.7091041149085651,0.7091041149085651,,,,1.0
39,hexane_hl_gap_eV,3,1.0,0.0,0.7091041149085651,0.7091041149085651,,,,1.0
39,hexane_hl_gap_eV,4,1.0,0.0,0.7091041149085651,0.7091041149085651,,,,1.0
39,hexane_hl_gap_eV,5,1.0,0.0,0.7091041149085651,0.7091041149085651,,,,1.0
39,hexane_hl_gap_eV,6,1.0,0.0,0.7091041149085651,0.7091041149085651,,,,1.0
39,hexane_hl_gap_eV,7,1.0,0.0,0.7091041149085651,0.7091041149085651,,,,1.0
39,hexane_hl_gap_eV,8,1.0,0.0,0.7091041149085651,0.7091041149085651,,,,1.0
39,hexane_hl_gap_eV,9,1.0,0.0,0.7091041149085651,0.7091041149085651,,,,1.0
39,hexane_hl_gap_eV,10,1.0,0.0,0.7091041149085651,0.7091041149085651,,,,1.0
39,hexane_hl_gap_eV,11,1.0,0.0,0.7091041149085651,0.7091041149085651,,,,1.0
39,hexane_hl_gap_eV,12,1.0,0.0,0.7091041149085651,0.7091041149085651,,,,1.0
39,hexane_hl_gap_eV,13,1.0,0.0,0.7091041149085651,0.7091041149085651,,,,1.0
39,hexane_hl_gap_eV,14,1.0,0.0,0.7091041149085651,0.7091041149085651,,,,1.0
39,hexane_hl_gap_eV,15,1.0,0.0,0.7091041149085651,0.7091041149085651,,,,1.0
39,hexane_hl_gap_eV,16,1.0,0.0,0.7091041149085651,0.7091041149085651,,,,1.0
39,hexane_hl_gap_eV,17,1.0,0.0,0.7091041149085651,0.7091041149085651,,,,1.0
39,hexane_hl_gap_eV,18,1.0,0.0,0.7091041149085651,0.7091041149085651,,,,1.0
39,hexane_hl_gap_eV,19,1.0,0.0,0.7091041149085651,0.7091041149085651,,,,1.0
39,hexane_hl_gap_eV,20,1.0,0.0,0.7091041149085651,0.7091041149085651,,,,1.0
39,hexane_hl_gap_eV,21,1.0,0.0,0.7091041149085651,0.7091041149085651,,,,1.0
39,hexane_hl_gap_eV,22,1.0,0.0,0.7091041149085651,0.7091041149085651,,,,1.0
39,hexane_hl_gap_eV,23,1.0,0.0,0.7091041149085651,0.7091041149085651,,,,1.0
39,hexane_hl_gap_eV,24,1.0,0.0,0.7091041149085651,0.7091041149085651,,,,1.0
39,hexane_hl_gap_eV,25,1.0,0.0,0.7091041149085651,0.7091041149085651,,,,1.0
39,hexane_hl_gap_eV,26,1.0,0.0,0.7091041149085651,0.7091041149085651,,,,1.0
39,hexane_hl_gap_eV,27,1.0,0.0,0.7091041149085651,0.7091041149085651,,,,1.0
39,hexane_hl_gap_eV,28,1.0,0.0,0.7091041149085651,0.7091041149085651,,,,1.0
39,hexane_hl_gap_eV,29,1.0,0.0,0.7091041149085651,0.7091041149085651,,,,1.0
39,hexane_hl_gap_eV,30,1.0,0.0,0.7091041149085651,0.7091041149085651,,,,1.0
39,hexane_hl_gap_eV,31,1.0,0.0,0.7091041149085651,0.7091041149085651,,,,1.0
39,hexane_hl_gap_eV,32,1.0,0.0,0.7091041149085651,0.7091041149085651,,,,1.0
39,hexane_hl_gap_eV,33,1.0,0.0,0.7091041149085651,0.7091041149085651,,,,1.0
39,hexane_hl_gap_eV,34,1.0,0.0,0.7091041149085651,0.7091041149085651,,,,1.0
39,hexane_hl_gap_eV,35,1.0,0.0,0.7091041149085651,0.7091041149085651,,,,1.0
39,hexane_hl_gap_eV,36,1.0,0.0,0.7091041149085651,0.7091041149085651,,,,1.0
39,hexane_hl_gap_eV,37,1.0,0.0,0.7091041149085651,0.7091041149085651,,,,1.0
39,hexane_hl_gap_eV,38,1.0,0.0,0.7091041149085651,0.7091041149085651,,,,1.0
39,hexane_hl_gap_eV,39,1.0,0.0,0.7091041149085651,0.7091041149085651,,,,1.0
39,hexane_hl_gap_eV,40,1.0,0.0,0.7091041149085651,0.7091041149085651,,,,1.0
39,hexane_hl_gap_eV,41,1.0,0.0,0.7091041149085651,0.7091041149085651,,,,1.0
39,hexane_hl_gap_eV,42,1.0,0.0,0.7091041149085651,0.7091041149085651,,,,1.0
39,hexane_hl_gap_eV,43,1.0,0.0,0.7091041149085651,0.7091041149085651,,,,1.0
39,hexane_hl_gap_eV,44,1.0,0.0,0.7091041149085651,0.7091041149085651,,,,1.0
39,hexane_hl_gap_eV,45,1.0,0.0,0.7091041149085651,0.7091041149085651,,,,1.0
39,hexane_hl_gap_eV,46,1.0,0.0,0.7091041149085651,0.7091041149085651,,,,1.0
39,hexane_hl_gap_eV,47,1.0,0.0,0.7091041149085651,0.7091041149085651,,,,1.0
39,hexane_hl_gap_eV,48,1.0,0.0,0.7091041149085651,0.7091041149085651,,,,1.0
39,hexane_hl_gap_eV,49,1.0,0.0,0.7091041149085651,0.7091041149085651,,,,1.0
39,hexane_hl_gap_eV,50,1.0,0.0,0.7091041149085651,0.7091041149085651,,,,1.0
39,hexane_hl_gap_eV,51,1.0,0.0,0.7091041149085651,0.7091041149085651,,,,1.0
39,hexane_hl_gap_eV,52,1.0,0.0,0.7091041149085651,0.7091041149085651,,,,1.0
39,hexane_hl_gap_eV,53,1.0,0.0,0.7091041149085651,0.7091041149085651,,,,1.0
39,hexane_hl_gap_eV,54,1.0,0.0,0.7091041149085651,0.7091041149085651,,,,1.0
39,hexane_hl_gap_eV,55,1.0,0.0,0.7091041149085651,0.7091041149085651,,,,1.0
39,hexane_hl_gap_eV,56,1.0,0.0,0.7091041149085651,0.7091041149085651,,,,1.0
39,hexane_hl_gap_eV,57,1.0,0.0,0.7091041149085651,0.7091041149085651,,,,1.0
39,hexane_hl_gap_eV,58,1.0,0.0,0.7091041149085651,0.7091041149085651,,,,1.0
39,hexane_hl_gap_eV,59,1.0,0.0,0.7091041149085651,0.7091041149085651,,,,1.0
39,hexane_hl_gap_eV,60,1.0,0.0,0.7091041149085651,0.7091041149085651,,,,1.0
39,hexane_hl_gap_eV,61,1.0,0.0,0.7091041149085651,0.7091041149085651,,,,1.0
39,hexane_hl_gap_eV,62,1.0,0.0,0.7091041149085651,0.7091041149085651,,,,1.0
39,hexane_hl_gap_eV,63,1.0,0.0,0.7091041149085651,0.7091041149085651,,,,1.0
39,hexane_hl_gap_eV,64,1.0,0.0,0.7091041149085651,0.7091041149085651,,,,1.0
39,hexane_hl_gap_eV,65,1.0,0.0,0.7091041149085651,0.7091041149085651,,,,1.0
39,hexane_hl_gap_eV,66,1.0,0.0,0.7091041149085651,0.7091041149085651,,,,1.0
39,hexane_hl_gap_eV,67,1.0,0.0,0.7091041149085651,0.7091041149085651,,,,1.0
39,hexane_hl_gap_eV,68,1.0,0.0,0.7091041149085651,0.7091041149085651,,,,1.0
39,hexane_hl_gap_eV,69,1.0,0.0,0.7091041149085651,0.7091041149085651,,,,1.0
39,hexane_hl_gap_eV,70,1.0,0.0,0.7091041149085651,0.7091041149085651,,,,1.0
39,hexane_hl_gap_eV,71,1.0,0.0,0.7091041149085651,0.7091041149085651,,,,1.0
39,hexane_hl_gap_eV,72,1.0,0.0,0.7091041149085651,0.7091041149085651,,,,1.0
39,hexane_hl_gap_eV,73,1.0,0.0,0.7091041149085651,0.7091041149085651,,,,1.0
39,hexane_hl_gap_eV,74,1.0,0.0,0.7091041149085651,0.7091041149085651,,,,1.0
39,hexane_hl_gap_eV,75,1.0,0.0,0.7091041149085651,0.7091041149085651,,,,1.0
39,hexane_hl_gap_eV,76,1.0,0.0,0.7091041149085651,0.7091041149085651,,,,1.0
39,hexane_hl_gap_eV,77,1.0,0.0,0.7091041149085651,0.7091041149085651,,,,1.0
39,hexane_hl_gap_eV,78,1.0,0.0,0.7091041149085651,0.7091041149085651,,,,1.0
39,hexane_hl_gap_eV,79,1.0,0.0,0.7091041149085651,0.7091041149085651,,,,1.0
39,hexane_hl_gap_eV,80,1.0,0.0,0.7091041149085651,0.7091041149085651,,,,1.0
39,hexane_hl_gap_eV,81,1.0,0.0,0.7091041149085651,0.7091041149085651,,,,1.0
39,hexane_hl_gap_eV,82,1.0,0.0,0.7091041149085651,0.7091041149085651,,,,1.0
39,hexane_hl_gap_eV,83,1.0,0.0,0.7091041149085651,0.7091041149085651,,,,1.0
39,hexane_hl_gap_eV,84,1.0,0.0,0.7091041149085651,0.7091041149085651,,,,1.0
39,hexane_hl_gap_eV,85,1.0,0.0,0.7091041149085651,0.7091041149085651,,,,1.0
39,hexane_hl_gap_eV,86,1.0,0.0,0.7091041149085651,0.7091041149085651,,,,1.0
39,hexane_hl_gap_eV,87,1.0,0.0,0.7091041149085651,0.7091041149085651,,,,1.0
39,hexane_hl_gap_eV,88,1.0,0.0,0.7091041149085651,0.7091041149085651,,,,1.0
39,hexane_hl_gap_eV,89,1.0,0.0,0.7091041149085651,0.7091041149085651,,,,1.0
39,hexane_hl_gap_eV,90,1.0,0.0,0.7091041149085651,0.7091041149085651,,,,1.0
39,hexane_hl_gap_eV,91,1.0,0.0,0.7091041149085651,0.7091041149085651,,,,1.0
39,hexane_hl_gap_eV,92,1.0,0.0,0.7091041149085651,0.7091041149085651,,,,1.0
39,hexane_hl_gap_eV,93,1.0,0.0,0.7091041149085651,0.7091041149085651,,,,1.0
39,hexane_hl_gap_eV,94,1.0,0.0,0.7091041149085651,0.7091041149085651,,,,1.0
39,hexane_hl_gap_eV,95,1.0,0.0,0.7091041149085651,0.7091041149085651,,,,1.0
39,hexane_hl_gap_eV,96,1.0,0.0,0.7091041149085651,0.7091041149085651,,,,1.0
39,hexane_hl_gap_eV,97,1.0,0.0,0.7091041149085651,0.7091041149085651,,,,1.0
39,hexane_hl_gap_eV,98,1.0,0.0,0.7091041149085651,0.7091041149085651,,,,1.0
39,hexane_hl_gap_eV,99,1.0,0.0,0.7091041149085651,0.7091041149085651,,,,1.0
39,hexane_hl_gap_eV,100,1.0,0.0,0.7091041149085651,0.7091041149085651,,,,1.0
39,hexane_hl_gap_eV,101,1.0,0.0,0.7091041149085651,0.7091041149085651,,,,1.0
39,hexane_hl_gap_eV,102,1.0,0.0,0.7091041149085651,0.7091041149085651,,,,1.0
39,hexane_hl_gap_eV,103,1.0,0.0,0.7091041149085651,0.7091041149085651,,,,1.0
39,hexane_hl_gap_eV,104,1.0,0.0,0.7091041149085651,0.7091041149085651,,,,1.0
39,hexane_hl_gap_eV,105,1.0,0.0,0.7091041149085651,0.7091041149085651,,,,1.0
39,hexane_hl_gap_eV,106,1.0,0.0,0.7091041149085651,0.7091041149085651,,,,1.0
39,hexane_hl_gap_eV,107,1.0,0.0,0.7091041149085651,0.7091041149085651,,,,1.0
39,hexane_hl_gap_eV,108,1.0,0.0,0.7091041149085651,0.7091041149085651,,,,1.0
39,hexane_hl_gap_eV,109,1.0,0.0,0.7091041149085651,0.7091041149085651,,,,1.0
39,hexane_hl_gap_eV,110,1.0,0.0,0.7091041149085651,0.7091041149085651,,,,1.0
39,hexane_hl_gap_eV,111,1.0,0.0,0.7091041149085651,0.7091041149085651,,,,1.0
39,hexane_hl_gap_eV,112,1.0,0.0,0.7091041149085651,0.7091041149085651,,,,1.0
39,hexane_hl_gap_eV,113,1.0,0.0,0.7091041149085651,0.7091041149085651,,,,1.0
39,hexane_hl_gap_eV,114,1.0,0.0,0.7091041149085651,0.7091041149085651,,,,1.0
39,hexane_hl_gap_eV,115,1.0,0.0,0.7091041149085651,0.7091041149085651,,,,1.0
39,hexane_hl_gap_eV,116,1.0,0.0,0.7091041149085651,0.7091041149085651,,,,1.0
39,hexane_hl_gap_eV,117,1.0,0.0,0.7091041149085651,0.7091041149085651,,,,1.0
39,hexane_hl_gap_eV,118,1.0,0.0,0.7091041149085651,0.7091041149085651,,,,1.0
39,hexane_hl_gap_eV,119,1.0,0.0,0.7091041149085651,0.7091041149085651,,,,1.0
39,hexane_hl_gap_eV,120,1.0,0.0,0.7091041149085651,0.7091041149085651,,,,1.0
39,hexane_hl_gap_eV,121,1.0,0.0,0.7091041149085651,0.7091041149085651,,,,1.0
39,hexane_hl_gap_eV,122,1.0,0.0,0.7091041149085651,0.7091041149085651,,,,1.0
39,hexane_hl_gap_eV,123,1.0,0.0,0.7091041149085651,0.7091041149085651,,,,1.0
39,hexane_hl_gap_eV,124,1.0,0.0,0.7091041149085651,0.7091041149085651,,,,1.0
39,hexane_hl_gap_eV,125,1.0,0.0,0.7091041149085651,0.7091041149085651,,,,1.0
39,hexane_hl_gap_eV,126,1.0,0.0,0.7091041149085651,0.7091041149085651,,,,1.0
39,hexane_hl_gap_eV,127,1.0,0.0,0.7091041149085651,0.7091041149085651,,,,1.0
39,hexane_hl_gap_eV,128,1.0,0.0,0.7091041149085651,0.7091041149085651,,,,1.0
39,hexane_hl_gap_eV,129,1.0,0.0,0.7091041149085651,0.7091041149085651,,,,1.0
39,hexane_hl_gap_eV,130,1.0,0.0,0.7091041149085651,0.7091041149085651,,,,1.0
39,hexane_hl_gap_eV,131,1.0,0.0,0.7091041149085651,0.7091041149085651,,,,1.0
39,hexane_hl_gap_eV,132,1.0,0.0,0.7091041149085651,0.7091041149085651,,,,1.0
39,hexane_hl_gap_eV,133,1.0,0.0,0.7091041149085651,0.7091041149085651,,,,1.0
39,hexane_hl_gap_eV,134,1.0,0.0,0.7091041149085651,0.7091041149085651,,,,1.0
39,hexane_hl_gap_eV,135,1.0,0.0,0.7091041149085651,0.7091041149085651,,,,1.0
39,hexane_hl_gap_eV,136,1.0,0.0,0.7091041149085651,0.7091041149085651,,,,1.0
39,hexane_hl_gap_eV,137,1.0,0.0,0.7091041149085651,0.7091041149085651,,,,1.0
39,hexane_hl_gap_eV,138,1.0,0.0,0.7091041149085651,0.7091041149085651,,,,1.0
39,hexane_hl_gap_eV,139,1.0,0.0,0.7091041149085651,0.7091041149085651,,,,1.0
39,hexane_hl_gap_eV,140,1.0,0.0,0.7091041149085651,0.7091041149085651,,,,1.0
39,hexane_hl_gap_eV,141,1.0,0.0,0.7091041149085651,0.7091041149085651,,,,1.0
39,hexane_hl_gap_eV,142,1.0,0.0,0.7091041149085651,0.7091041149085651,,,,1.0
39,hexane_hl_gap_eV,143,1.0,0.0,0.7091041149085651,0.7091041149085651,,,,1.0
39,hexane_hl_gap_eV,144,1.0,0.0,0.7091041149085651,0.7091041149085651,,,,1.0
39,hexane_hl_gap_eV,145,1.0,0.0,0.7091041149085651,0.7091041149085651,,,,1.0
39,hexane_hl_gap_eV,146,1.0,0.0,0.7091041149085651,0.7091041149085651,,,,1.0
39,hexane_hl_gap_eV,147,1.0,0.0,0.7091041149085651,0.7091041149085651,,,,1.0
39,hexane_hl_gap_eV,148,1.0,0.0,0.7091041149085651,0.7091041149085651,,,,1.0
39,hexane_hl_gap_eV,149,1.0,0.0,0.7091041149085651,0.7091041149085651,,,,1.0
39,hexane_hl_gap_eV,150,1.0,0.0,0.7091041149085651,0.7091041149085651,,,,1.0
39,hexane_hl_gap_eV,151,1.0,0.0,0.7091041149085651,0.7091041149085651,,,,1.0
39,hexane_hl_gap_eV,152,1.0,0.0,0.7091041149085651,0.7091041149085651,,,,1.0
39,hexane_hl_gap_eV,153,1.0,0.0,0.7091041149085651,0.7091041149085651,,,,1.0
39,hexane_hl_gap_eV,154,1.0,0.0,0.7091041149085651,0.7091041149085651,,,,1.0
39,hexane_hl_gap_eV,155,1.0,0.0,0.7091041149085651,0.7091041149085651,,,,1.0
39,hexane_hl_gap_eV,156,1.0,0.0,0.7091041149085651,0.7091041149085651,,,,1.0
39,hexane_hl_gap_eV,157,1.0,0.0,0.7091041149085651,0.7091041149085651,,,,1.0
39,hexane_hl_gap_eV,158,1.0,0.0,0.7091041149085651,0.7091041149085651,,,,1.0
39,hexane_hl_gap_eV,159,1.0,0.0,0.7091041149085651,0.7091041149085651,,,,1.0
39,hexane_hl_gap_eV,160,1.0,0.0,0.7091041149085651,0.7091041149085651,,,,1.0
39,hexane_hl_gap_eV,161,1.0,0.0,0.7091041149085651,0.7091041149085651,,,,1.0
39,hexane_hl_gap_eV,162,1.0,0.0,0.7091041149085651,0.7091041149085651,,,,1.0
39,hexane_hl_gap_eV,163,1.0,0.0,0.7091041149085651,0.7091041149085651,,,,1.0
39,hexane_hl_gap_eV,164,1.0,0.0,0.7091041149085651,0.7091041149085651,,,,1.0
39,hexane_hl_gap_eV,165,1.0,0.0,0.7091041149085651,0.7091041149085651,,,,1.0
39,hexane_hl_gap_eV,166,1.0,0.0,0.7091041149085651,0.7091041149085651,,,,1.0
39,hexane_hl_gap_eV,167,1.0,0.0,0.7091041149085651,0.7091041149085651,,,,1.0
39,hexane_hl_gap_eV,168,1.0,0.0,0.7091041149085651,0.7091041149085651,,,,1.0
39,hexane_hl_gap_eV,169,1.0,0.0,0.7091041149085651,0.7091041149085651,,,,1.0
39,hexane_hl_gap_eV,170,1.0,0.0,0.7091041149085651,0.7091041149085651,,,,1.0
39,hexane_hl_gap_eV,171,1.0,0.0,0.7091041149085651,0.7091041149085651,,,,1.0
39,hexane_hl_gap_eV,172,1.0,0.0,0.7091041149085651,0.7091041149085651,,,,1.0
39,hexane_hl_gap_eV,173,1.0,0.0,0.7091041149085651,0.7091041149085651,,,,1.0
39,hexane_hl_gap_eV,174,1.0,0.0,0.7091041149085651,0.7091041149085651,,,,1.0
39,hexane_hl_gap_eV,175,1.0,0.0,0.7091041149085651,0.7091041149085651,,,,1.0
39,hexane_hl_gap_eV,176,1.0,0.0,0.7091041149085651,0.7091041149085651,,,,1.0
39,hexane_hl_gap_eV,177,1.0,0.0,0.7091041149085651,0.7091041149085651,,,,1.0
39,hexane_hl_gap_eV,178,1.0,0.0,0.7091041149085651,0.7091041149085651,,,,1.0
39,hexane_hl_gap_eV,179,1.0,0.0,0.7091041149085651,0.7091041149085651,,,,1.0
39,hexane_hl_gap_eV,180,1.0,0.0,0.7091041149085651,0.7091041149085651,,,,1.0
39,hexane_hl_gap_eV,181,1.0,0.0,0.7091041149085651,0.7091041149085651,,,,1.0
39,hexane_hl_gap_eV,182,1.0,0.0,0.7091041149085651,0.7091041149085651,,,,1.0
39,hexane_hl_gap_eV,183,1.0,0.0,0.7091041149085651,0.7091041149085651,,,,1.0
39,hexane_hl_gap_eV,184,1.0,0.0,0.7091041149085651,0.7091041149085651,,,,1.0
39,hexane_hl_gap_eV,185,1.0,0.0,0.7091041149085651,0.7091041149085651,,,,1.0
39,hexane_hl_gap_eV,186,1.0,0.0,0.7091041149085651,0.7091041149085651,,,,1.0
39,hexane_hl_gap_eV,187,1.0,0.0,0.7091041149085651,0.7091041149085651,,,,1.0
39,hexane_hl_gap_eV,188,1.0,0.0,0.7091041149085651,0.7091041149085651,,,,1.0
39,hexane_hl_gap_eV,189,1.0,0.0,0.7091041149085651,0.7091041149085651,,,,1.0
39,hexane_hl_gap_eV,190,1.0,0.0,0.7091041149085651,0.7091041149085651,,,,1.0
39,hexane_hl_gap_eV,191,1.0,0.0,0.7091041149085651,0.7091041149085651,,,,1.0
39,hexane_hl_gap_eV,192,1.0,0.0,0.7091041149085651,0.7091041149085651,,,,1.0
39,hexane_hl_gap_eV,193,1.0,0.0,0.7091041149085651,0.7091041149085651,,,,1.0
39,hexane_hl_gap_eV,194,1.0,0.0,0.7091041149085651,0.7091041149085651,,,,1.0
39,hexane_hl_gap_eV,195,1.0,0.0,0.7091041149085651,0.7091041149085651,,,,1.0
39,hexane_hl_gap_eV,196,1.0,0.0,0.7091041149085651,0.7091041149085651,,,,1.0
39,hexane_hl_gap_eV,197,1.0,0.0,0.7091041149085651,0.7091041149085651,,,,1.0
39,hexane_hl_gap_eV,198,1.0,0.0,0.7091041149085651,0.7091041149085651,,,,1.0
39,hexane_hl_gap_eV,199,1.0,0.0,0.7091041149085651,0.7091041149085651,,,,1.0
39,hexane_hl_gap_eV,200,1.0,0.0,0.7091041149085651,0.7091041149085651,,,,1.0
39,hexane_hl_gap_eV,201,1.0,0.0,0.7091041149085651,0.7091041149085651,,,,1.0
39,hexane_hl_gap_eV,202,1.0,0.0,0.7091041149085651,0.7091041149085651,,,,1.0
39,hexane_hl_gap_eV,203,1.0,0.0,0.7091041149085651,0.7091041149085651,,,,1.0
39,hexane_hl_gap_eV,204,1.0,0.0,0.7091041149085651,0.7091041149085651,,,,1.0
39,hexane_hl_gap_eV,205,1.0,0.0,0.7091041149085651,0.7091041149085651,,,,1.0
39,hexane_hl_gap_eV,206,1.0,0.0,0.7091041149085651,0.7091041149085651,,,,1.0
39,hexane_hl_gap_eV,207,1.0,0.0,0.7091041149085651,0.7091041149085651,,,,1.0
39,hexane_hl_gap_eV,208,1.0,0.0,0.7091041149085651,0.7091041149085651,,,,1.0
39,hexane_hl_gap_eV,209,1.0,0.0,0.7091041149085651,0.7091041149085651,,,,1.0
39,hexane_hl_gap_eV,210,1.0,0.0,0.7091041149085651,0.7091041149085651,,,,1.0
39,hexane_hl_gap_eV,211,1.0,0.0,0.7091041149085651,0.7091041149085651,,,,1.0
39,hexane_hl_gap_eV,212,1.0,0.0,0.7091041149085651,0.7091041149085651,,,,1.0
39,hexane_hl_gap_eV,213,1.0,0.0,0.7091041149085651,0.7091041149085651,,,,1.0
39,hexane_hl_gap_eV,214,1.0,0.0,0.7091041149085651,0.7091041149085651,,,,1.0
39,hexane_hl_gap_eV,215,1.0,0.0,0.7091041149085651,0.7091041149085651,,,,1.0
39,hexane_hl_gap_eV,216,1.0,0.0,0.7091041149085651,0.7091041149085651,,,,1.0
39,hexane_hl_gap_eV,217,1.0,0.0,0.7091041149085651,0.7091041149085651,,,,1.0
39,hexane_hl_gap_eV,218,1.0,0.0,0.7091041149085651,0.7091041149085651,,,,1.0
39,hexane_hl_gap_eV,219,1.0,0.0,0.7091041149085651,0.7091041149085651,,,,1.0
39,hexane_hl_gap_eV,220,1.0,0.0,0.7091041149085651,0.7091041149085651,,,,1.0
39,hexane_hl_gap_eV,221,1.0,0.0,0.7091041149085651,0.7091041149085651,,,,1.0
39,hexane_hl_gap_eV,222,1.0,0.0,0.7091041149085651,0.7091041149085651,,,,1.0
39,hexane_hl_gap_eV,223,1.0,0.0,0.7091041149085651,0.7091041149085651,,,,1.0
39,hexane_hl_gap_eV,224,1.0,0.0,0.7091041149085651,0.7091041149085651,,,,1.0
39,hexane_hl_gap_eV,225,1.0,0.0,0.7091041149085651,0.7091041149085651,,,,1.0
39,hexane_hl_gap_eV,226,1.0,0.0,0.7091041149085651,0.7091041149085651,,,,1.0
39,hexane_hl_gap_eV,227,1.0,0.0,0.7091041149085651,0.7091041149085651,,,,1.0
39,hexane_hl_gap_eV,228,1.0,0.0,0.7091041149085651,0.7091041149085651,,,,1.0
39,hexane_hl_gap_eV,229,1.0,0.0,0.7091041149085651,0.7091041149085651,,,,1.0
39,hexane_hl_gap_eV,230,1.0,0.0,0.7091041149085651,0.7091041149085651,,,,1.0
39,hexane_hl_gap_eV,231,1.0,0.0,0.7091041149085651,0.7091041149085651,,,,1.0
39,hexane_hl_gap_eV,232,1.0,0.0,0.7091041149085651,0.7091041149085651,,,,1.0
39,hexane_hl_gap_eV,233,1.0,0.0,0.7091041149085651,0.7091041149085651,,,,1.0
39,hexane_hl_gap_eV,234,1.0,0.0,0.7091041149085651,0.7091041149085651,,,,1.0
39,hexane_hl_gap_eV,235,1.0,0.0,0.7091041149085651,0.7091041149085651,,,,1.0
39,hexane_hl_gap_eV,236,1.0,0.0,0.7091041149085651,0.7091041149085651,,,,1.0
39,hexane_hl_gap_eV,237,1.0,0.0,0.7091041149085651,0.7091041149085651,,,,1.0
39,hexane_hl_gap_eV,238,1.0,0.0,0.7091041149085651,0.7091041149085651,,,,1.0
39,hexane_hl_gap_eV,239,1.0,0.0,0.7091041149085651,0.7091041149085651,,,,1.0
39,hexane_hl_gap_eV,240,1.0,0.0,0.7091041149085651,0.7091041149085651,,,,1.0
39,hexane_hl_gap_eV,241,1.0,0.0,0.7091041149085651,0.7091041149085651,,,,1.0
39,hexane_hl_gap_eV,242,1.0,0.0,0.7091041149085651,0.7091041149085651,,,,1.0
39,hexane_hl_gap_eV,243,1.0,0.0,0.7091041149085651,0.7091041149085651,,,,1.0
39,hexane_hl_gap_eV,244,1.0,0.0,0.7091041149085651,0.7091041149085651,,,,1.0
39,hexane_hl_gap_eV,245,1.0,0.0,0.7091041149085651,0.7091041149085651,,,,1.0
39,hexane_hl_gap_eV,246,1.0,0.0,0.7091041149085651,0.7091041149085651,,,,1.0
39,hexane_hl_gap_eV,247,1.0,0.0,0.7091041149085651,0.7091041149085651,,,,1.0
39,hexane_hl_gap_eV,248,1.0,0.0,0.7091041149085651,0.7091041149085651,,,,1.0
39,hexane_hl_gap_eV,249,1.0,0.0,0.7091041149085651,0.7091041149085651,,,,1.0
39,hexane_dipole,0,0.9999999403953552,0.0,0.5865466248262936,0.5865466248262936,,,,1.0
39,hexane_dipole,1,0.9999999403953552,0.0,0.5865466248262936,0.5865466248262936,,,,1.0
39,hexane_dipole,2,0.9999999403953552,0.0,0.5865466248262936,0.5865466248262936,,,,1.0
39,hexane_dipole,3,0.9999999403953552,0.0,0.5865466248262936,0.5865466248262936,,,,1.0
39,hexane_dipole,4,0.9999999403953552,0.0,0.5865466248262936,0.5865466248262936,,,,1.0
39,hexane_dipole,5,0.9999999403953552,0.0,0.5865466248262936,0.5865466248262936,,,,1.0
39,hexane_dipole,6,0.9999999403953552,0.0,0.5865466248262936,0.5865466248262936,,,,1.0
39,hexane_dipole,7,0.9999999403953552,0.0,0.5865466248262936,0.5865466248262936,,,,1.0
39,hexane_dipole,8,0.9999999403953552,0.0,0.5865466248262936,0.5865466248262936,,,,1.0
39,hexane_dipole,9,0.9999999403953552,0.0,0.5865466248262936,0.5865466248262936,,,,1.0
39,hexane_dipole,10,0.9999999403953552,0.0,0.5865466248262936,0.5865466248262936,,,,1.0
39,hexane_dipole,11,0.9999999403953552,0.0,0.5865466248262936,0.5865466248262936,,,,1.0
39,hexane_dipole,12,0.9999999403953552,0.0,0.5865466248262936,0.5865466248262936,,,,1.0
39,hexane_dipole,13,0.9999999403953552,0.0,0.5865466248262936,0.5865466248262936,,,,1.0
39,hexane_dipole,14,0.9999999403953552,0.0,0.5865466248262936,0.5865466248262936,,,,1.0
39,hexane_dipole,15,0.9999999403953552,0.0,0.5865466248262936,0.5865466248262936,,,,1.0
39,hexane_dipole,16,0.9999999403953552,0.0,0.5865466248262936,0.5865466248262936,,,,1.0
39,hexane_dipole,17,0.9999999403953552,0.0,0.5865466248262936,0.5865466248262936,,,,1.0
39,hexane_dipole,18,0.9999999403953552,0.0,0.5865466248262936,0.5865466248262936,,,,1.0
39,hexane_dipole,19,0.9999999403953552,0.0,0.5865466248262936,0.5865466248262936,,,,1.0
39,hexane_dipole,20,0.9999999403953552,0.0,0.5865466248262936,0.5865466248262936,,,,1.0
39,hexane_dipole,21,0.9999999403953552,0.0,0.5865466248262936,0.5865466248262936,,,,1.0
39,hexane_dipole,22,0.9999999403953552,0.0,0.5865466248262936,0.5865466248262936,,,,1.0
39,hexane_dipole,23,0.9999999403953552,0.0,0.5865466248262936,0.5865466248262936,,,,1.0
39,hexane_dipole,24,0.9999999403953552,0.0,0.5865466248262936,0.5865466248262936,,,,1.0
39,hexane_dipole,25,0.9999999403953552,0.0,0.5865466248262936,0.5865466248262936,,,,1.0
39,hexane_dipole,26,0.9999999403953552,0.0,0.5865466248262936,0.5865466248262936,,,,1.0
39,hexane_dipole,27,0.9999999403953552,0.0,0.5865466248262936,0.5865466248262936,,,,1.0
39,hexane_dipole,28,0.9999999403953552,0.0,0.5865466248262936,0.5865466248262936,,,,1.0
39,hexane_dipole,29,0.9999999403953552,0.0,0.5865466248262936,0.5865466248262936,,,,1.0
39,hexane_dipole,30,0.9999999403953552,0.0,0.5865466248262936,0.5865466248262936,,,,1.0
39,hexane_dipole,31,0.9999999403953552,0.0,0.5865466248262936,0.5865466248262936,,,,1.0
39,hexane_dipole,32,0.9999999403953552,0.0,0.5865466248262936,0.5865466248262936,,,,1.0
39,hexane_dipole,33,0.9999999403953552,0.0,0.5865466248262936,0.5865466248262936,,,,1.0
39,hexane_dipole,34,0.9999999403953552,0.0,0.5865466248262936,0.5865466248262936,,,,1.0
39,hexane_dipole,35,0.9999999403953552,0.0,0.5865466248262936,0.5865466248262936,,,,1.0
39,hexane_dipole,36,0.9999999403953552,0.0,0.5865466248262936,0.5865466248262936,,,,1.0
39,hexane_dipole,37,0.9999999403953552,0.0,0.5865466248262936,0.5865466248262936,,,,1.0
39,hexane_dipole,38,0.9999999403953552,0.0,0.5865466248262936,0.5865466248262936,,,,1.0
39,hexane_dipole,39,0.9999999403953552,0.0,0.5865466248262936,0.5865466248262936,,,,1.0
39,hexane_dipole,40,0.9999999403953552,0.0,0.5865466248262936,0.5865466248262936,,,,1.0
39,hexane_dipole,41,0.9999999403953552,0.0,0.5865466248262936,0.5865466248262936,,,,1.0
39,hexane_dipole,42,0.9999999403953552,0.0,0.5865466248262936,0.5865466248262936,,,,1.0
39,hexane_dipole,43,0.9999999403953552,0.0,0.5865466248262936,0.5865466248262936,,,,1.0
39,hexane_dipole,44,0.9999999403953552,0.0,0.5865466248262936,0.5865466248262936,,,,1.0
39,hexane_dipole,45,0.9999999403953552,0.0,0.5865466248262936,0.5865466248262936,,,,1.0
39,hexane_dipole,46,0.9999999403953552,0.0,0.5865466248262936,0.5865466248262936,,,,1.0
39,hexane_dipole,47,0.9999999403953552,0.0,0.5865466248262936,0.5865466248262936,,,,1.0
39,hexane_dipole,48,0.9999999403953552,0.0,0.5865466248262936,0.5865466248262936,,,,1.0
39,hexane_dipole,49,0.9999999403953552,0.0,0.5865466248262936,0.5865466248262936,,,,1.0
39,hexane_dipole,50,0.9999999403953552,0.0,0.5865466248262936,0.5865466248262936,,,,1.0
39,hexane_dipole,51,0.9999999403953552,0.0,0.5865466248262936,0.5865466248262936,,,,1.0
39,hexane_dipole,52,0.9999999403953552,0.0,0.5865466248262936,0.5865466248262936,,,,1.0
39,hexane_dipole,53,0.9999999403953552,0.0,0.5865466248262936,0.5865466248262936,,,,1.0
39,hexane_dipole,54,0.9999999403953552,0.0,0.5865466248262936,0.5865466248262936,,,,1.0
39,hexane_dipole,55,0.9999999403953552,0.0,0.5865466248262936,0.5865466248262936,,,,1.0
39,hexane_dipole,56,0.9999999403953552,0.0,0.5865466248262936,0.5865466248262936,,,,1.0
39,hexane_dipole,57,0.9999999403953552,0.0,0.5865466248262936,0.5865466248262936,,,,1.0
39,hexane_dipole,58,0.9999999403953552,0.0,0.5865466248262936,0.5865466248262936,,,,1.0
39,hexane_dipole,59,0.9999999403953552,0.0,0.5865466248262936,0.5865466248262936,,,,1.0
39,hexane_dipole,60,0.9999999403953552,0.0,0.5865466248262936,0.5865466248262936,,,,1.0
39,hexane_dipole,61,0.9999999403953552,0.0,0.5865466248262936,0.5865466248262936,,,,1.0
39,hexane_dipole,62,0.9999999403953552,0.0,0.5865466248262936,0.5865466248262936,,,,1.0
39,hexane_dipole,63,0.9999999403953552,0.0,0.5865466248262936,0.5865466248262936,,,,1.0
39,hexane_dipole,64,0.9999999403953552,0.0,0.5865466248262936,0.5865466248262936,,,,1.0
39,hexane_dipole,65,0.9999999403953552,0.0,0.5865466248262936,0.5865466248262936,,,,1.0
39,hexane_dipole,66,0.9999999403953552,0.0,0.5865466248262936,0.5865466248262936,,,,1.0
39,hexane_dipole,67,0.9999999403953552,0.0,0.5865466248262936,0.5865466248262936,,,,1.0
39,hexane_dipole,68,0.9999999403953552,0.0,0.5865466248262936,0.5865466248262936,,,,1.0
39,hexane_dipole,69,0.9999999403953552,0.0,0.5865466248262936,0.5865466248262936,,,,1.0
39,hexane_dipole,70,0.9999999403953552,0.0,0.5865466248262936,0.5865466248262936,,,,1.0
39,hexane_dipole,71,0.9999999403953552,0.0,0.5865466248262936,0.5865466248262936,,,,1.0
39,hexane_dipole,72,0.9999999403953552,0.0,0.5865466248262936,0.5865466248262936,,,,1.0
39,hexane_dipole,73,0.9999999403953552,0.0,0.5865466248262936,0.5865466248262936,,,,1.0
39,hexane_dipole,74,0.9999999403953552,0.0,0.5865466248262936,0.5865466248262936,,,,1.0
39,hexane_dipole,75,0.9999999403953552,0.0,0.5865466248262936,0.5865466248262936,,,,1.0
39,hexane_dipole,76,0.9999999403953552,0.0,0.5865466248262936,0.5865466248262936,,,,1.0
39,hexane_dipole,77,0.9999999403953552,0.0,0.5865466248262936,0.5865466248262936,,,,1.0
39,hexane_dipole,78,0.9999999403953552,0.0,0.5865466248262936,0.5865466248262936,,,,1.0
39,hexane_dipole,79,0.9999999403953552,0.0,0.5865466248262936,0.5865466248262936,,,,1.0
39,hexane_dipole,80,0.9999999403953552,0.0,0.5865466248262936,0.5865466248262936,,,,1.0
39,hexane_dipole,81,0.9999999403953552,0.0,0.5865466248262936,0.5865466248262936,,,,1.0
39,hexane_dipole,82,0.9999999403953552,0.0,0.5865466248262936,0.5865466248262936,,,,1.0
39,hexane_dipole,83,0.9999999403953552,0.0,0.5865466248262936,0.5865466248262936,,,,1.0
39,hexane_dipole,84,0.9999999403953552,0.0,0.5865466248262936,0.5865466248262936,,,,1.0
39,hexane_dipole,85,0.9999999403953552,0.0,0.5865466248262936,0.5865466248262936,,,,1.0
39,hexane_dipole,86,0.9999999403953552,0.0,0.5865466248262936,0.5865466248262936,,,,1.0
39,hexane_dipole,87,0.9999999403953552,0.0,0.5865466248262936,0.5865466248262936,,,,1.0
39,hexane_dipole,88,0.9999999403953552,0.0,0.5865466248262936,0.5865466248262936,,,,1.0
39,hexane_dipole,89,0.9999999403953552,0.0,0.5865466248262936,0.5865466248262936,,,,1.0
39,hexane_dipole,90,0.9999999403953552,0.0,0.5865466248262936,0.5865466248262936,,,,1.0
39,hexane_dipole,91,0.9999999403953552,0.0,0.5865466248262936,0.5865466248262936,,,,1.0
39,hexane_dipole,92,0.9999999403953552,0.0,0.5865466248262936,0.5865466248262936,,,,1.0
39,hexane_dipole,93,0.9999999403953552,0.0,0.5865466248262936,0.5865466248262936,,,,1.0
39,hexane_dipole,94,0.9999999403953552,0.0,0.5865466248262936,0.5865466248262936,,,,1.0
39,hexane_dipole,95,0.9999999403953552,0.0,0.5865466248262936,0.5865466248262936,,,,1.0
39,hexane_dipole,96,0.9999999403953552,0.0,0.5865466248262936,0.5865466248262936,,,,1.0
39,hexane_dipole,97,0.9999999403953552,0.0,0.5865466248262936,0.5865466248262936,,,,1.0
39,hexane_dipole,98,0.9999999403953552,0.0,0.5865466248262936,0.5865466248262936,,,,1.0
39,hexane_dipole,99,0.9999999403953552,0.0,0.5865466248262936,0.5865466248262936,,,,1.0
39,hexane_dipole,100,0.9999999403953552,0.0,0.5865466248262936,0.5865466248262936,,,,1.0
39,hexane_dipole,101,0.9999999403953552,0.0,0.5865466248262936,0.5865466248262936,,,,1.0
39,hexane_dipole,102,0.9999999403953552,0.0,0.5865466248262936,0.5865466248262936,,,,1.0
39,hexane_dipole,103,0.9999999403953552,0.0,0.5865466248262936,0.5865466248262936,,,,1.0
39,hexane_dipole,104,0.9999999403953552,0.0,0.5865466248262936,0.5865466248262936,,,,1.0
39,hexane_dipole,105,0.9999999403953552,0.0,0.5865466248262936,0.5865466248262936,,,,1.0
39,hexane_dipole,106,0.9999999403953552,0.0,0.5865466248262936,0.5865466248262936,,,,1.0
39,hexane_dipole,107,0.9999999403953552,0.0,0.5865466248262936,0.5865466248262936,,,,1.0
39,hexane_dipole,108,0.9999999403953552,0.0,0.5865466248262936,0.5865466248262936,,,,1.0
39,hexane_dipole,109,0.9999999403953552,0.0,0.5865466248262936,0.5865466248262936,,,,1.0
39,hexane_dipole,110,0.9999999403953552,0.0,0.5865466248262936,0.5865466248262936,,,,1.0
39,hexane_dipole,111,0.9999999403953552,0.0,0.5865466248262936,0.5865466248262936,,,,1.0
39,hexane_dipole,112,0.9999999403953552,0.0,0.5865466248262936,0.5865466248262936,,,,1.0
39,hexane_dipole,113,0.9999999403953552,0.0,0.5865466248262936,0.5865466248262936,,,,1.0
39,hexane_dipole,114,0.9999999403953552,0.0,0.5865466248262936,0.5865466248262936,,,,1.0
39,hexane_dipole,115,0.9999999403953552,0.0,0.5865466248262936,0.5865466248262936,,,,1.0
39,hexane_dipole,116,0.9999999403953552,0.0,0.5865466248262936,0.5865466248262936,,,,1.0
39,hexane_dipole,117,0.9999999403953552,0.0,0.5865466248262936,0.5865466248262936,,,,1.0
39,hexane_dipole,118,0.9999999403953552,0.0,0.5865466248262936,0.5865466248262936,,,,1.0
39,hexane_dipole,119,0.9999999403953552,0.0,0.5865466248262936,0.5865466248262936,,,,1.0
39,hexane_dipole,120,0.9999999403953552,0.0,0.5865466248262936,0.5865466248262936,,,,1.0
39,hexane_dipole,121,0.9999999403953552,0.0,0.5865466248262936,0.5865466248262936,,,,1.0
39,hexane_dipole,122,0.9999999403953552,0.0,0.5865466248262936,0.5865466248262936,,,,1.0
39,hexane_dipole,123,0.9999999403953552,0.0,0.5865466248262936,0.5865466248262936,,,,1.0
39,hexane_dipole,124,0.9999999403953552,0.0,0.5865466248262936,0.5865466248262936,,,,1.0
39,hexane_dipole,125,0.9999999403953552,0.0,0.5865466248262936,0.5865466248262936,,,,1.0
39,hexane_dipole,126,0.9999999403953552,0.0,0.5865466248262936,0.5865466248262936,,,,1.0
39,hexane_dipole,127,0.9999999403953552,0.0,0.5865466248262936,0.5865466248262936,,,,1.0
39,hexane_dipole,128,0.9999999403953552,0.0,0.5865466248262936,0.5865466248262936,,,,1.0
39,hexane_dipole,129,0.9999999403953552,0.0,0.5865466248262936,0.5865466248262936,,,,1.0
39,hexane_dipole,130,0.9999999403953552,0.0,0.5865466248262936,0.5865466248262936,,,,1.0
39,hexane_dipole,131,0.9999999403953552,0.0,0.5865466248262936,0.5865466248262936,,,,1.0
39,hexane_dipole,132,0.9999999403953552,0.0,0.5865466248262936,0.5865466248262936,,,,1.0
39,hexane_dipole,133,0.9999999403953552,0.0,0.5865466248262936,0.5865466248262936,,,,1.0
39,hexane_dipole,134,0.9999999403953552,0.0,0.5865466248262936,0.5865466248262936,,,,1.0
39,hexane_dipole,135,0.9999999403953552,0.0,0.5865466248262936,0.5865466248262936,,,,1.0
39,hexane_dipole,136,0.9999999403953552,0.0,0.5865466248262936,0.5865466248262936,,,,1.0
39,hexane_dipole,137,0.9999999403953552,0.0,0.5865466248262936,0.5865466248262936,,,,1.0
39,hexane_dipole,138,0.9999999403953552,0.0,0.5865466248262936,0.5865466248262936,,,,1.0
39,hexane_dipole,139,0.9999999403953552,0.0,0.5865466248262936,0.5865466248262936,,,,1.0
39,hexane_dipole,140,0.9999999403953552,0.0,0.5865466248262936,0.5865466248262936,,,,1.0
39,hexane_dipole,141,0.9999999403953552,0.0,0.5865466248262936,0.5865466248262936,,,,1.0
39,hexane_dipole,142,0.9999999403953552,0.0,0.5865466248262936,0.5865466248262936,,,,1.0
39,hexane_dipole,143,0.9999999403953552,0.0,0.5865466248262936,0.5865466248262936,,,,1.0
39,hexane_dipole,144,0.9999999403953552,0.0,0.5865466248262936,0.5865466248262936,,,,1.0
39,hexane_dipole,145,0.9999999403953552,0.0,0.5865466248262936,0.5865466248262936,,,,1.0
39,hexane_dipole,146,0.9999999403953552,0.0,0.5865466248262936,0.5865466248262936,,,,1.0
39,hexane_dipole,147,0.9999999403953552,0.0,0.5865466248262936,0.5865466248262936,,,,1.0
39,hexane_dipole,148,0.9999999403953552,0.0,0.5865466248262936,0.5865466248262936,,,,1.0
39,hexane_dipole,149,0.9999999403953552,0.0,0.5865466248262936,0.5865466248262936,,,,1.0
39,hexane_dipole,150,0.9999999403953552,0.0,0.5865466248262936,0.5865466248262936,,,,1.0
39,hexane_dipole,151,0.9999999403953552,0.0,0.5865466248262936,0.5865466248262936,,,,1.0
39,hexane_dipole,152,0.9999999403953552,0.0,0.5865466248262936,0.5865466248262936,,,,1.0
39,hexane_dipole,153,0.9999999403953552,0.0,0.5865466248262936,0.5865466248262936,,,,1.0
39,hexane_dipole,154,0.9999999403953552,0.0,0.5865466248262936,0.5865466248262936,,,,1.0
39,hexane_dipole,155,0.9999999403953552,0.0,0.5865466248262936,0.5865466248262936,,,,1.0
39,hexane_dipole,156,0.9999999403953552,0.0,0.5865466248262936,0.5865466248262936,,,,1.0
39,hexane_dipole,157,0.9999999403953552,0.0,0.5865466248262936,0.5865466248262936,,,,1.0
39,hexane_dipole,158,0.9999999403953552,0.0,0.5865466248262936,0.5865466248262936,,,,1.0
39,hexane_dipole,159,0.9999999403953552,0.0,0.5865466248262936,0.5865466248262936,,,,1.0
39,hexane_dipole,160,0.9999999403953552,0.0,0.5865466248262936,0.5865466248262936,,,,1.0
39,hexane_dipole,161,0.9999999403953552,0.0,0.5865466248262936,0.5865466248262936,,,,1.0
39,hexane_dipole,162,0.9999999403953552,0.0,0.5865466248262936,0.5865466248262936,,,,1.0
39,hexane_dipole,163,0.9999999403953552,0.0,0.5865466248262936,0.5865466248262936,,,,1.0
39,hexane_dipole,164,0.9999999403953552,0.0,0.5865466248262936,0.5865466248262936,,,,1.0
39,hexane_dipole,165,0.9999999403953552,0.0,0.5865466248262936,0.5865466248262936,,,,1.0
39,hexane_dipole,166,0.9999999403953552,0.0,0.5865466248262936,0.5865466248262936,,,,1.0
39,hexane_dipole,167,0.9999999403953552,0.0,0.5865466248262936,0.5865466248262936,,,,1.0
39,hexane_dipole,168,0.9999999403953552,0.0,0.5865466248262936,0.5865466248262936,,,,1.0
39,hexane_dipole,169,0.9999999403953552,0.0,0.5865466248262936,0.5865466248262936,,,,1.0
39,hexane_dipole,170,0.9999999403953552,0.0,0.5865466248262936,0.5865466248262936,,,,1.0
39,hexane_dipole,171,0.9999999403953552,0.0,0.5865466248262936,0.5865466248262936,,,,1.0
39,hexane_dipole,172,0.9999999403953552,0.0,0.5865466248262936,0.5865466248262936,,,,1.0
39,hexane_dipole,173,0.9999999403953552,0.0,0.5865466248262936,0.5865466248262936,,,,1.0
39,hexane_dipole,174,0.9999999403953552,0.0,0.5865466248262936,0.5865466248262936,,,,1.0
39,hexane_dipole,175,0.9999999403953552,0.0,0.5865466248262936,0.5865466248262936,,,,1.0
39,hexane_dipole,176,0.9999999403953552,0.0,0.5865466248262936,0.5865466248262936,,,,1.0
39,hexane_dipole,177,0.9999999403953552,0.0,0.5865466248262936,0.5865466248262936,,,,1.0
39,hexane_dipole,178,0.9999999403953552,0.0,0.5865466248262936,0.5865466248262936,,,,1.0
39,hexane_dipole,179,0.9999999403953552,0.0,0.5865466248262936,0.5865466248262936,,,,1.0
39,hexane_dipole,180,0.9999999403953552,0.0,0.5865466248262936,0.5865466248262936,,,,1.0
39,hexane_dipole,181,0.9999999403953552,0.0,0.5865466248262936,0.5865466248262936,,,,1.0
39,hexane_dipole,182,0.9999999403953552,0.0,0.5865466248262936,0.5865466248262936,,,,1.0
39,hexane_dipole,183,0.9999999403953552,0.0,0.5865466248262936,0.5865466248262936,,,,1.0
39,hexane_dipole,184,0.9999999403953552,0.0,0.5865466248262936,0.5865466248262936,,,,1.0
39,hexane_dipole,185,0.9999999403953552,0.0,0.5865466248262936,0.5865466248262936,,,,1.0
39,hexane_dipole,186,0.9999999403953552,0.0,0.5865466248262936,0.5865466248262936,,,,1.0
39,hexane_dipole,187,0.9999999403953552,0.0,0.5865466248262936,0.5865466248262936,,,,1.0
39,hexane_dipole,188,0.9999999403953552,0.0,0.5865466248262936,0.5865466248262936,,,,1.0
39,hexane_dipole,189,0.9999999403953552,0.0,0.5865466248262936,0.5865466248262936,,,,1.0
39,hexane_dipole,190,0.9999999403953552,0.0,0.5865466248262936,0.5865466248262936,,,,1.0
39,hexane_dipole,191,0.9999999403953552,0.0,0.5865466248262936,0.5865466248262936,,,,1.0
39,hexane_dipole,192,0.9999999403953552,0.0,0.5865466248262936,0.5865466248262936,,,,1.0
39,hexane_dipole,193,0.9999999403953552,0.0,0.5865466248262936,0.5865466248262936,,,,1.0
39,hexane_dipole,194,0.9999999403953552,0.0,0.5865466248262936,0.5865466248262936,,,,1.0
39,hexane_dipole,195,0.9999999403953552,0.0,0.5865466248262936,0.5865466248262936,,,,1.0
39,hexane_dipole,196,0.9999999403953552,0.0,0.5865466248262936,0.5865466248262936,,,,1.0
39,hexane_dipole,197,0.9999999403953552,0.0,0.5865466248262936,0.5865466248262936,,,,1.0
39,hexane_dipole,198,0.9999999403953552,0.0,0.5865466248262936,0.5865466248262936,,,,1.0
39,hexane_dipole,199,0.9999999403953552,0.0,0.5865466248262936,0.5865466248262936,,,,1.0
39,hexane_dipole,200,0.9999999403953552,0.0,0.5865466248262936,0.5865466248262936,,,,1.0
39,hexane_dipole,201,0.9999999403953552,0.0,0.5865466248262936,0.5865466248262936,,,,1.0
39,hexane_dipole,202,0.9999999403953552,0.0,0.5865466248262936,0.5865466248262936,,,,1.0
39,hexane_dipole,203,0.9999999403953552,0.0,0.5865466248262936,0.5865466248262936,,,,1.0
39,hexane_dipole,204,0.9999999403953552,0.0,0.5865466248262936,0.5865466248262936,,,,1.0
39,hexane_dipole,205,0.9999999403953552,0.0,0.5865466248262936,0.5865466248262936,,,,1.0
39,hexane_dipole,206,0.9999999403953552,0.0,0.5865466248262936,0.5865466248262936,,,,1.0
39,hexane_dipole,207,0.9999999403953552,0.0,0.5865466248262936,0.5865466248262936,,,,1.0
39,hexane_dipole,208,0.9999999403953552,0.0,0.5865466248262936,0.5865466248262936,,,,1.0
39,hexane_dipole,209,0.9999999403953552,0.0,0.5865466248262936,0.5865466248262936,,,,1.0
39,hexane_dipole,210,0.9999999403953552,0.0,0.5865466248262936,0.5865466248262936,,,,1.0
39,hexane_dipole,211,0.9999999403953552,0.0,0.5865466248262936,0.5865466248262936,,,,1.0
39,hexane_dipole,212,0.9999999403953552,0.0,0.5865466248262936,0.5865466248262936,,,,1.0
39,hexane_dipole,213,0.9999999403953552,0.0,0.5865466248262936,0.5865466248262936,,,,1.0
39,hexane_dipole,214,0.9999999403953552,0.0,0.5865466248262936,0.5865466248262936,,,,1.0
39,hexane_dipole,215,0.9999999403953552,0.0,0.5865466248262936,0.5865466248262936,,,,1.0
39,hexane_dipole,216,0.9999999403953552,0.0,0.5865466248262936,0.5865466248262936,,,,1.0
39,hexane_dipole,217,0.9999999403953552,0.0,0.5865466248262936,0.5865466248262936,,,,1.0
39,hexane_dipole,218,0.9999999403953552,0.0,0.5865466248262936,0.5865466248262936,,,,1.0
39,hexane_dipole,219,0.9999999403953552,0.0,0.5865466248262936,0.5865466248262936,,,,1.0
39,hexane_dipole,220,0.9999999403953552,0.0,0.5865466248262936,0.5865466248262936,,,,1.0
39,hexane_dipole,221,0.9999999403953552,0.0,0.5865466248262936,0.5865466248262936,,,,1.0
39,hexane_dipole,222,0.9999999403953552,0.0,0.5865466248262936,0.5865466248262936,,,,1.0
39,hexane_dipole,223,0.9999999403953552,0.0,0.5865466248262936,0.5865466248262936,,,,1.0
39,hexane_dipole,224,0.9999999403953552,0.0,0.5865466248262936,0.5865466248262936,,,,1.0
39,hexane_dipole,225,0.9999999403953552,0.0,0.5865466248262936,0.5865466248262936,,,,1.0
39,hexane_dipole,226,0.9999999403953552,0.0,0.5865466248262936,0.5865466248262936,,,,1.0
39,hexane_dipole,227,0.9999999403953552,0.0,0.5865466248262936,0.5865466248262936,,,,1.0
39,hexane_dipole,228,0.9999999403953552,0.0,0.5865466248262936,0.5865466248262936,,,,1.0
39,hexane_dipole,229,0.9999999403953552,0.0,0.5865466248262936,0.5865466248262936,,,,1.0
39,hexane_dipole,230,0.9999999403953552,0.0,0.5865466248262936,0.5865466248262936,,,,1.0
39,hexane_dipole,231,0.9999999403953552,0.0,0.5865466248262936,0.5865466248262936,,,,1.0
39,hexane_dipole,232,0.9999999403953552,0.0,0.5865466248262936,0.5865466248262936,,,,1.0
39,hexane_dipole,233,0.9999999403953552,0.0,0.5865466248262936,0.5865466248262936,,,,1.0
39,hexane_dipole,234,0.9999999403953552,0.0,0.5865466248262936,0.5865466248262936,,,,1.0
39,hexane_dipole,235,0.9999999403953552,0.0,0.5865466248262936,0.5865466248262936,,,,1.0
39,hexane_dipole,236,0.9999999403953552,0.0,0.5865466248262936,0.5865466248262936,,,,1.0
39,hexane_dipole,237,0.9999999403953552,0.0,0.5865466248262936,0.5865466248262936,,,,1.0
39,hexane_dipole,238,0.9999999403953552,0.0,0.5865466248262936,0.5865466248262936,,,,1.0
39,hexane_dipole,239,0.9999999403953552,0.0,0.5865466248262936,0.5865466248262936,,,,1.0
39,hexane_dipole,240,0.9999999403953552,0.0,0.5865466248262936,0.5865466248262936,,,,1.0
39,hexane_dipole,241,0.9999999403953552,0.0,0.5865466248262936,0.5865466248262936,,,,1.0
39,hexane_dipole,242,0.9999999403953552,0.0,0.5865466248262936,0.5865466248262936,,,,1.0
39,hexane_dipole,243,0.9999999403953552,0.0,0.5865466248262936,0.5865466248262936,,,,1.0
39,hexane_dipole,244,0.9999999403953552,0.0,0.5865466248262936,0.5865466248262936,,,,1.0
39,hexane_dipole,245,0.9999999403953552,0.0,0.5865466248262936,0.5865466248262936,,,,1.0
39,hexane_dipole,246,0.9999999403953552,0.0,0.5865466248262936,0.5865466248262936,,,,1.0
39,hexane_dipole,247,0.9999999403953552,0.0,0.5865466248262936,0.5865466248262936,,,,1.0
39,hexane_dipole,248,0.9999999403953552,0.0,0.5865466248262936,0.5865466248262936,,,,1.0
39,hexane_dipole,249,0.9999999403953552,0.0,0.5865466248262936,0.5865466248262936,,,,1.0
40,sco_kcal,0,0.23634855449199677,0.25937482714653015,0.6254746934875293,0.9824113953329983,57.45594787597656,2.3203892707824707,0.04038553633805196,0.2
40,sco_kcal,1,0.12979507446289062,0.07176393270492554,0.5863670031213404,0.9078325251129133,14.091839790344238,1.293837308883667,0.0918146479191601,0.06
40,sco_kcal,2,0.23533059656620026,0.024633357301354408,0.5947379593756343,0.9263559378271269,4.99346923828125,0.8967455625534058,0.17958367615018395,0.08
40,sco_kcal,3,0.19496497511863708,0.03107236698269844,0.6246211452342401,0.9206934449249862,6.779573917388916,1.3522067070007324,0.19945305169288885,0.02
40,sco_kcal,4,0.20741784572601318,0.0901724249124527,0.5843067547825092,0.8846386554231878,17.81146812438965,3.3310136795043945,0.18701511050305628,0.08
40,sco_kcal,5,0.3105093240737915,0.04222588613629341,0.6246065576618121,0.95726138613262,9.281360626220703,0.8220847249031067,0.08857372943581583,0.2
40,sco_kcal,6,0.14465473592281342,0.07307247817516327,0.6138453566468005,0.9375105427122312,15.543132781982422,1.0242071151733398,0.06589450978380622,0.06
40,sco_kcal,7,0.35087716579437256,0.07056887447834015,0.6283145390477283,0.9451072352215406,15.397918701171875,2.8978564739227295,0.18819793312080452,0.36
40,sco_kcal,8,0.24604186415672302,0.05385921150445938,0.5983248630353897,0.9167661395103934,10.774502754211426,2.234647512435913,0.20740145168763888,0.04
40,sco_kcal,9,0.08764275908470154,0.02674993872642517,0.6196134490899337,0.9582778109451755,5.827733039855957,0.22087809443473816,0.03790120325075796,0.04
40,sco_kcal,10,0.1830795258283615,0.052694641053676605,0.6217133413153477,0.9626695659755196,11.454933166503906,0.7462441921234131,0.06514609743036763,0.12
40,sco_kcal,11,0.3876883387565613,0.03975760191679001,0.6135267887619014,0.8930048876314525,8.46943187713623,3.0787761211395264,0.3635162506532319,0.08
40,sco_kcal,12,0.06659694015979767,0.06154486536979675,0.6182482695284917,0.9464686516647982,13.241997718811035,0.3345840275287628,0.02526688454669242,0.02
40,sco_kcal,13,0.10989505797624588,0.16058975458145142,0.6236984043401099,0.8777283251611125,35.23952865600586,4.062530040740967,0.11528332516583167,0.0
40,sco_kcal,14,0.23258771002292633,0.04412345960736275,0.6240667218779097,0.9712630508472868,9.706031799316406,0.5096975564956665,0.052513485122886616,0.14
40,sco_kcal,15,0.5270130038261414,0.0451434925198555,0.6220910170302181,0.9010350818295239,9.455283164978027,5.127546310424805,0.5422943153534546,0.44
40,sco_kcal,16,0.06603184342384338,0.030417459085583687,0.6198301996255624,0.9333674538057919,6.617289066314697,0.30355244874954224,0.04587262936642373,0.02
40,sco_kcal,17,0.21213245391845703,0.04667685180902481,0.6048728223935658,0.912072516098156,9.664332389831543,1.625133752822876,0.1681578910233657,0.06
40,sco_kcal,18,0.08701884746551514,0.25464099645614624,0.6207149340497848,0.9074407826782522,54.53022766113281,2.644434928894043,0.048494844828584883,0.08
40,sco_kcal,19,0.03396505117416382,0.15673525631427765,0.6216219457275411,0.9436167264605584,33.77931594848633,0.46303093433380127,0.013707528448472029,0.0
40,sco_kcal,20,0.3318886160850525,0.0243036188185215,0.6166982330627682,0.9152579912597147,5.220564842224121,1.5067627429962158,0.28862063560813633,0.06
40,sco_kcal,21,0.33423033356666565,0.07700548321008682,0.6245875577896232,0.8964995382225835,16.91753578186035,5.308622360229492,0.3137940672140683,0.2
40,sco_kcal,22,0.02975257858633995,0.1218007281422615,0.6092967308273014,0.9606159646983983,25.430261611938477,0.09087038040161133,0.0035733167746473896,0.0
40,sco_kcal,23,0.21235813200473785,0.046202678233385086,0.5989187972740131,0.9214824570755182,9.44308090209961,1.3498611450195312,0.14294711217812378,0.08
40,sco_kcal,24,0.1982295960187912,0.03389629349112511,0.5865023802145097,0.914212116433534,6.665660858154297,1.0226044654846191,0.1534138155609338,0.04
40,sco_kcal,25,0.16997265815734863,0.06719250977039337,0.6191280953765199,0.8954370523898085,14.572189331054688,2.3019018173217773,0.1579654069149521,0.04
40,sco_kcal,26,0.19793297350406647,0.6887701153755188,0.6190118138511724,0.9844328692223647,147.53907775878906,1.622130036354065,0.010994578934579472,0.14
40,sco_kcal,27,0.2170274704694748,0.12352800369262695,0.5948353775289317,0.8817634553936213,25.08328628540039,6.376532077789307,0.2542143802545019,0.06
40,sco_kcal,28,0.055236298590898514,0.18039129674434662,0.6325311429121192,0.9237829609551589,40.1474494934082,1.0855413675308228,0.0270388625237341,0.0
40,sco_kcal,29,0.15722505748271942,0.07231343537569046,0.5908936452033875,0.9199195779568534,14.338047981262207,1.7601656913757324,0.1227618776053769,0.02
40,sco_kcal,30,0.24152988195419312,0.23498539626598358,0.6259215459214829,0.9840781372039564,51.86122131347656,1.397499442100525,0.02694690573623983,0.26
40,sco_kcal,31,0.06239021569490433,0.3818387985229492,0.6246872745087322,0.922234575789179,83.7350845336914,2.159552574157715,0.02579029550377779,0.1
40,sco_kcal,32,0.16877363622188568,0.18149858713150024,0.6189000395681294,0.9729951932179859,38.934051513671875,0.41489872336387634,0.010656448718628286,0.18
40,sco_kcal,33,0.21987606585025787,0.033930256962776184,0.6216748103222285,0.9376058848650246,7.400335788726807,0.8313208222389221,0.11233555421975616,0.08
40,sco_kcal,34,0.2616681158542633,0.03441741317510605,0.611621694896971,0.9370999544309426,7.323231220245361,1.0433175563812256,0.14246683260483883,0.08
40,sco_kcal,35,0.024403106421232224,0.10970190167427063,0.6283775070799755,0.9553303679783081,24.209997177124023,0.20744842290878296,0.00856870909116836,0.0
40,sco_kcal,36,0.15269918739795685,0.07040860503911972,0.5786691204768069,0.9154949257487002,13.499489784240723,1.42112398147583,0.10527242171291891,0.06
40,sco_kcal,37,0.47669717669487,0.03549343720078468,0.6314380068237981,0.8800718966857581,7.88334846496582,3.608795166015625,0.4577744066564323,0.18
40,sco_kcal,38,0.4082900583744049,0.026734106242656708,0.6017126281455909,0.91062528360571,5.422958850860596,2.1474313735961914,0.3959888748289884,0.18
40,sco_kcal,39,0.9844588041305542,0.0028647936414927244,0.801376562890262,0.895564030131202,1.529568076133728,3.1747303009033203,2.0755730656513505,0.96
40,sco_kcal,40,0.37576374411582947,0.02947203628718853,0.6122046713953224,0.9145212941709233,6.268259525299072,2.1191651821136475,0.33807872401590416,0.1
40,sco_kcal,41,0.04494352266192436,0.04401501640677452,0.6277456989279946,0.9578952161062588,9.724559783935547,0.08526480197906494,0.00876798578789323,0.02
40,sco_kcal,42,0.1731908619403839,0.16587579250335693,0.6277266617191339,0.9094439152440348,36.509830474853516,2.954235315322876,0.08091616085036694,0.12
40,sco_kcal,43,0.27035245299339294,0.05051901564002037,0.6230071094517624,0.942989418352002,11.041719436645508,1.6299035549163818,0.1476132013920786,0.12
40,sco_kcal,44,0.11765977740287781,0.07655875384807587,0.5977136281457496,0.892529832967415,15.49960994720459,1.5416713953018188,0.09946517367553916,0.06
40,sco_kcal,45,0.08751150965690613,0.052738919854164124,0.618199922931912,0.9678687417764869,11.362377166748047,0.2217179834842682,0.019513344807205048,0.06
40,sco_kcal,46,0.04433684051036835,0.0792752206325531,0.6151308468959031,0.9571633025506892,16.79135513305664,0.08733906596899033,0.005201430454951698,0.0
40,sco_kcal,47,0.12347875535488129,0.019106488674879074,0.6215071000379029,0.932642328138136,4.173475742340088,0.3992273211479187,0.09565823447773773,0.08
40,sco_kcal,48,0.19734953343868256,0.09072020649909973,0.6028810728677996,0.8976296999232467,18.593854904174805,3.2195792198181152,0.17315286348153852,0.02
40,sco_kcal,49,0.6725743412971497,0.03740667924284935,0.6367754575354692,0.9057809302347324,8.340865135192871,6.875716686248779,0.824340949626179,0.14
40,sco_kcal,50,0.5088592767715454,0.02780783176422119,0.6349575320003105,0.8984253202709236,6.104878902435303,3.1389739513397217,0.5141746464598259,0.22
40,sco_kcal,51,0.3027552366256714,0.03809168562293053,0.6176320490446658,0.891772901709492,8.28738784790039,2.0840399265289307,0.2514712675185007,0.06
40,sco_kcal,52,0.062078192830085754,0.08971618860960007,0.5807763280612168,0.9374138354118933,17.272136688232422,0.3012430667877197,0.017440984414682052,0.04
40,sco_kcal,53,0.16511358320713043,0.09611775726079941,0.5889326533481067,0.9096444562285302,18.783231735229492,2.387094736099243,0.12708647637147824,0.04
40,sco_kcal,54,0.10249046981334686,0.017827903851866722,0.6206516845732319,0.9510543900331063,3.900700807571411,0.2310241013765335,0.05922630644424376,0.04
40,sco_kcal,55,0.19249886274337769,0.03263930231332779,0.6208173875470868,0.9239057373070876,7.112512111663818,0.8214178085327148,0.11548912615356685,0.08
40,sco_kcal,56,0.3086588382720947,0.022331640124320984,0.6147088302970669,0.9348513100264717,4.844113349914551,0.8216236233711243,0.16961279888002984,0.22
40,sco_kcal,57,0.054662711918354034,0.09573187679052353,0.6225465831822532,0.9465032023949513,20.83245277404785,0.2092829942703247,0.010046008338059943,0.0
40,sco_kcal,58,0.12284699082374573,0.060316458344459534,0.6115372868493356,0.9481838419511106,12.661566734313965,0.5177975296974182,0.04089521783225619,0.04
40,sco_kcal,59,0.3546457290649414,0.058993540704250336,0.5958776260918339,0.895728370463649,11.766036033630371,3.4471828937530518,0.2929774211042795,0.12
40,sco_kcal,60,0.12547054886817932,0.04438132792711258,0.5887733968302586,0.9484086403379655,8.880998611450195,0.20501656830310822,0.023084855349350255,0.06
40,sco_kcal,61,0.1693582981824875,0.08695186674594879,0.5677000573278395,0.9035157431442302,16.466327667236328,2.2942168712615967,0.13932777955260092,0.04
40,sco_kcal,62,0.2411297708749771,0.04151397943496704,0.6219618672306699,0.9557206441542363,9.033919334411621,0.8639106750488281,0.09562966449767338,0.16
40,sco_kcal,63,0.05048735812306404,0.05667475238442421,0.6204354522207982,0.9645810372453978,12.194727897644043,0.08570278435945511,0.007027855404302415,0.02
40,sco_kcal,64,0.1755829155445099,0.029851390048861504,0.6195335961284989,0.9307989412750122,6.535046577453613,0.6651769876480103,0.10178611273298638,0.1
40,sco_kcal,65,0.24404394626617432,0.039597854018211365,0.6181574178088156,0.922812885739065,8.52781867980957,1.375859260559082,0.16133777138303385,0.06
40,sco_kcal,66,0.08335954695940018,0.0946241021156311,0.6192365198819003,0.9730658937889765,20.3466739654541,0.34083616733551025,0.016751443892707177,0.06
40,sco_kcal,67,0.06411692500114441,0.0378979817032814,0.6195624741597998,0.9684184743317923,8.267969131469727,0.10720637440681458,0.012966470084988985,0.04
40,sco_kcal,68,0.06122169643640518,0.07487238943576813,0.5856059971799168,0.9396906774870735,14.879486083984375,0.25275489687919617,0.016986802867556727,0.0
40,sco_kcal,69,0.08873523771762848,0.046177275478839874,0.6019020534076311,0.9337174909174399,9.526925086975098,0.261653870344162,0.027464671754571332,0.04
40,sco_kcal,70,0.07262583822011948,0.04053186625242233,0.6159029670009026,0.9602255204850088,8.628718376159668,0.04768119379878044,0.005525872061199618,0.06
40,sco_kcal,71,0.3504861891269684,0.038170117884874344,0.6239720011147663,0.95088638197129,8.271591186523438,1.6004663705825806,0.193489539617257,0.32
40,sco_kcal,72,0.32803016901016235,0.03143088147044182,0.6196155901942655,0.9466408914151958,6.861217498779297,1.7128405570983887,0.24964090664712585,0.1
40,sco_kcal,73,0.11082100868225098,0.10447832196950912,0.6001709613929038,0.9220830466014618,21.286304473876953,1.3555413484573364,0.06368138490741257,0.02
40,sco_kcal,74,0.1414419263601303,0.03725152835249901,0.6113069860127884,0.928729135460143,7.881330490112305,0.4705726206302643,0.05970725643603341,0.06
40,sco_kcal,75,0.40715494751930237,0.030113905668258667,0.6270149778095739,0.9291703335190009,6.703098773956299,2.1480088233947754,0.32045012252250893,0.24
40,sco_kcal,76,0.19831575453281403,0.07230473309755325,0.6022889192650647,0.8843710989334752,15.198345184326172,2.4718265533447266,0.16263787427948964,0.04
40,sco_kcal,77,0.4241721034049988,0.038845665752887726,0.6087891050982048,0.8947229827654508,8.008174896240234,3.452083110809326,0.4310698948932856,0.24
40,sco_kcal,78,0.09486927092075348,0.014518631622195244,0.6426666530140805,0.9523415998897922,3.385698080062866,0.1767098307609558,0.05219302683884755,0.02
40,sco_kcal,79,0.0680471807718277,0.16672678291797638,0.5969497250281999,0.9144642344007323,33.71474838256836,1.3653435707092285,0.040496923044371774,0.06
40,sco_kcal,80,0.20314082503318787,0.021383652463555336,0.6206649046006409,0.9474498223716215,4.69598388671875,0.5252645611763,0.11185399563696564,0.02
40,sco_kcal,81,0.3234574794769287,0.21396192908287048,0.6278681949054041,0.9715966858425138,47.565250396728516,0.7550347447395325,0.015873662777805178,0.26
40,sco_kcal,82,0.27965065836906433,0.545844554901123,0.6235107847664365,0.984244248249359,119.82823181152344,1.4924026727676392,0.01245451635400098,0.38
40,sco_kcal,83,0.10209158062934875,0.035344794392585754,0.6194967491276806,0.9617949536923793,7.66686487197876,0.18472683429718018,0.024094181569878585,0.04
40,sco_kcal,84,0.665703535079956,0.023479977622628212,0.6452063525382277,0.8875382166203538,5.193190097808838,4.25094747543335,0.818561884962954,0.48
40,sco_kcal,85,0.4136429727077484,0.009002245962619781,0.6217854743468982,0.9401122667907633,1.9874612092971802,0.7917357087135315,0.39836536431999625,0.18
40,sco_kcal,86,0.04399600252509117,0.12297669798135757,0.607764118375282,0.9627440873733895,25.478473663330078,0.14639295637607574,0.00574575064073685,0.06
40,sco_kcal,87,0.16830067336559296,0.03667124733328819,0.6190591457656704,0.9236956236775253,8.062640190124512,0.9510833024978638,0.11796176935475725,0.06
40,sco_kcal,88,0.06966319680213928,0.036588795483112335,0.6191698779409542,0.9648617381643123,7.8870697021484375,0.1367458999156952,0.017337985472404994,0.02
40,sco_kcal,89,0.10111541301012039,0.045366041362285614,0.6213059039799902,0.9479247242629512,9.797770500183105,0.289106547832489,0.029507381074815545,0.08
40,sco_kcal,90,0.16945883631706238,0.035990238189697266,0.6202955871107414,0.9365470801476896,7.807445049285889,0.5764390230178833,0.07383196671625726,0.08
40,sco_kcal,91,0.21541926264762878,0.02752995677292347,0.6046932967137875,0.9109674420606184,5.796944618225098,0.8399001955986023,0.14488670341235071,0.06
40,sco_kcal,92,0.21522480249404907,0.2513059377670288,0.6192655035140184,0.9721580520572339,53.91553497314453,0.6236270666122437,0.011566741699268567,0.16
40,sco_kcal,93,0.12850293517112732,0.04461503401398659,0.6213693333686374,0.9606889123854383,9.72610855102539,0.18034890294075012,0.018542760652382043,0.06
40,sco_kcal,94,0.09473803639411926,0.0233272947371006,0.6169147690405776,0.9528355064001617,5.037423610687256,0.2930629551410675,0.058177151216608707,0.04
40,sco_kcal,95,0.1699608415365219,0.07391046732664108,0.6194957085197652,0.964751447306538,15.91717529296875,0.48595133423805237,0.030529998275053014,0.1
40,sco_kcal,96,0.19092006981372833,0.05207236856222153,0.6242442401936814,0.9263832619962973,11.496818542480469,1.7021534442901611,0.14805430197934716,0.1
40,sco_kcal,97,0.24507729709148407,0.03584887459874153,0.625991382203599,0.9609327763627575,8.015359878540039,0.5777050256729126,0.07207474579146893,0.16
40,sco_kcal,98,0.2716568112373352,0.04182377830147743,0.6048596937067672,0.9037513088350295,8.754427909851074,2.1185662746429443,0.24199939692906608,0.06
40,sco_kcal,99,0.05364886671304703,0.12208086997270584,0.623554142478838,0.929914114060191,26.866025924682617,0.7666508555412292,0.028536072201020408,0.0
40,sco_kcal,100,0.4240149259567261,0.04140772670507431,0.6029903236770238,0.8984274643350862,8.416068077087402,3.8778443336486816,0.46076674976121507,0.16
40,sco_kcal,101,0.20993629097938538,0.29268696904182434,0.6192204627022679,0.9773167936264351,62.736572265625,1.450361967086792,0.02311828515185684,0.24
40,sco_kcal,102,0.17146643996238708,0.1384040266275406,0.6190680406758107,0.9682286523683707,29.71497344970703,0.24491143226623535,0.00824202090170974,0.12
40,sco_kcal,103,0.2655112147331238,0.09939534962177277,0.6272102528269776,0.9114648261153908,21.807558059692383,3.396939992904663,0.15576893036838166,0.22
40,sco_kcal,104,0.2372928410768509,0.03344838693737984,0.6227435892027637,0.9499297123351909,7.4235405921936035,1.1402941942214966,0.15360516724601728,0.06
40,sco_kcal,105,0.491481751203537,0.04012228921055794,0.5835115308390559,0.8828290692702598,7.640835762023926,3.708275079727173,0.48532322840360526,0.3
40,sco_kcal,106,0.14243702590465546,0.08277248591184616,0.6189406215100997,0.9315303705625357,17.80159568786621,0.6749275326728821,0.03791387831220777,0.04
40,sco_kcal,107,0.045965854078531265,0.06281384080648422,0.599602656574838,0.959490853186558,13.038333892822266,0.23370787501335144,0.017924673269949773,0.02
40,sco_kcal,108,0.07778486609458923,0.046296052634716034,0.6099610791564711,0.9450673609872031,9.659475326538086,0.40331482887268066,0.04175328527053932,0.0
40,sco_kcal,109,0.30546632409095764,0.048737235367298126,0.6173267950543213,0.8959413719607194,10.37249755859375,2.9151439666748047,0.28104551967424374,0.06
40,sco_kcal,110,0.3242665231227875,0.819571852684021,0.6279025488861043,0.9879271641757823,181.65005493164062,2.585726737976074,0.014234659818567887,0.34
40,sco_kcal,111,0.5748873353004456,0.8550000190734863,0.6392141454636915,0.9333081044274698,190.7821044921875,102.53632354736328,0.5374525237589154,0.56
40,sco_kcal,112,0.20128031075000763,0.03125253692269325,0.6211438396413476,0.9468506921222564,6.786080837249756,0.6687858700752258,0.0985525940693435,0.12
40,sco_kcal,113,0.09659229218959808,0.0783749595284462,0.607991650642675,0.9107696378189325,16.37446403503418,1.2123613357543945,0.07403975685313867,0.0
40,sco_kcal,114,0.23416276276111603,0.020533740520477295,0.6224468250425006,0.93719474705353,4.542186737060547,0.6075581312179565,0.13375895056466452,0.12
40,sco_kcal,115,0.08228998631238937,0.04734041914343834,0.6042269625891024,0.9447209911560777,9.775757789611816,0.3097321093082428,0.03168369306749588,0.04
40,sco_kcal,116,0.09795929491519928,0.031775180250406265,0.6210795084820913,0.9552171341402573,6.89923620223999,0.09996438026428223,0.014489195228861215,0.06
40,sco_kcal,117,0.3073846399784088,0.033065203577280045,0.5971208236711303,0.9077084982711028,6.757779598236084,1.5439726114273071,0.2284733600708604,0.1
40,sco_kcal,118,0.040896523743867874,0.10815462470054626,0.6199753786807094,0.964637190110889,23.292936325073242,0.09729690104722977,0.00417709900071707,0.02
40,sco_kcal,119,0.10118813812732697,0.8047464489936829,0.6190461756801742,0.9766016697028734,172.73419189453125,3.02258563041687,0.01749847900560656,0.12
40,sco_kcal,120,0.24186457693576813,0.5394424796104431,0.6283684338566584,0.985124887809971,120.38700103759766,3.338528633117676,0.02773163717297876,0.28
40,sco_kcal,121,0.19833345711231232,0.04466782882809639,0.6067294037707902,0.9167714368992483,9.327409744262695,1.5129369497299194,0.16220333310226126,0.08
40,sco_kcal,122,0.0429554358124733,0.21121002733707428,0.611371589811565,0.9342120882068521,44.43191146850586,1.058369517326355,0.023820031197094603,0.02
40,sco_kcal,123,0.33288612961769104,0.029719330370426178,0.6258762507696232,0.9147933569131383,6.492348670959473,1.8660449981689453,0.28742217843533835,0.06
40,sco_kcal,124,0.16128237545490265,0.06288040429353714,0.6224036645101343,0.9735699813658523,13.713532447814941,0.28806930780410767,0.021006207474282636,0.1
40,sco_kcal,125,0.06153705716133118,0.11626150459051132,0.5885380830941045,0.936755267063756,22.77882194519043,0.5514843463897705,0.024210398049413266,0.02
40,sco_kcal,126,0.10081928223371506,4.695487022399902,0.6183843209174398,0.9223554934793257,1005.1006469726562,64.50772857666016,0.06418036718109395,0.06
40,sco_kcal,127,0.18717816472053528,0.023214058950543404,0.6204022909689544,0.9502353650412094,5.084166049957275,0.5938726663589478,0.1168082750491476,0.08
40,sco_kcal,128,0.12946884334087372,0.22336356341838837,0.6190241777723997,0.9803806588820365,48.027828216552734,0.5910706520080566,0.012306836972577178,0.06
40,sco_kcal,129,0.09137069433927536,0.19496558606624603,0.6193271332472297,0.904354441217978,42.21757125854492,2.7671115398406982,0.06554407222752373,0.0
40,sco_kcal,130,0.5034031867980957,0.03506845235824585,0.6088474372846362,0.8965137678330151,7.120415687561035,3.4628734588623047,0.48633023840332096,0.14
40,sco_kcal,131,0.1649281531572342,0.0552971214056015,0.6151127222817021,0.9257245255287203,11.715643882751465,1.5536115169525146,0.1326099984346437,0.04
40,sco_kcal,132,0.05105830356478691,0.034120459109544754,0.6189857031628028,0.9605623927806684,7.422152996063232,0.15188857913017273,0.020464220989615225,0.02
40,sco_kcal,133,0.05301370844244957,0.17140112817287445,0.5999734654259081,0.9378479894725973,34.86543655395508,1.1007416248321533,0.03157114132584372,0.0
40,sco_kcal,134,0.6654050350189209,0.037568349391222,0.636446807039762,0.9014704513151859,7.909945964813232,5.635599613189697,0.7124700520407112,0.54
40,sco_kcal,135,0.8932754993438721,0.014343924820423126,0.6665158321607452,0.9134919039160241,3.1216084957122803,5.41868782043457,1.7358640034064068,0.78
40,sco_kcal,136,0.1349007487297058,0.10051371157169342,0.6179270289833696,0.9132578106306846,21.633779525756836,2.0730178356170654,0.09582319322192237,0.06
40,sco_kcal,137,0.1053372398018837,0.10776156187057495,0.6096635194849807,0.9563203887690264,22.41693115234375,0.20967110991477966,0.009353247707720154,0.06
40,sco_kcal,138,0.13443970680236816,0.10783036798238754,0.5893955457748057,0.9062396593745436,21.512346267700195,2.5335888862609863,0.11777371258034527,0.02
40,sco_kcal,139,0.0787237286567688,0.16705478727817535,0.5976866572898969,0.9231748932644577,34.015750885009766,1.378852128982544,0.040535695761759104,0.0
40,sco_kcal,140,0.17007893323898315,0.0632396712899208,0.6281046561511945,0.9693078480869262,14.078961372375488,0.4355317950248718,0.030934937848429243,0.12
40,sco_kcal,141,0.1914694905281067,0.15787272155284882,0.6242619949284689,0.9813324456174854,34.82430648803711,0.8520687818527222,0.024467645382842754,0.08
40,sco_kcal,142,0.10659035295248032,0.13718877732753754,0.5997368195941402,0.916397676229042,27.47240447998047,2.04868483543396,0.07457246186539171,0.0
40,sco_kcal,143,0.47834575176239014,0.02461385726928711,0.6329090066504104,0.9268419472220697,5.447860240936279,2.5337958335876465,0.46509927228826703,0.3
40,sco_kcal,144,0.1048424020409584,0.035600338131189346,0.6177776044231367,0.9516195286254456,7.722598552703857,0.12178363651037216,0.015769774342048758,0.04
40,sco_kcal,145,0.23145534098148346,0.07885377109050751,0.620854311626255,0.96722726430943,17.04768943786621,0.7757435441017151,0.04550432168119152,0.24
40,sco_kcal,146,0.2653726041316986,0.05840234458446503,0.6206511034215265,0.9517260113415122,12.626543045043945,0.939346969127655,0.07439462771216378,0.18
40,sco_kcal,147,0.058817699551582336,0.07221807539463043,0.6061833591075296,0.9419390182740224,14.786797523498535,0.33500126004219055,0.022655430258635863,0.0
40,sco_kcal,148,0.07898589223623276,0.06807641685009003,0.6226866309556085,0.952903968519361,14.966619491577148,0.122223399579525,0.008166399877294226,0.02
40,sco_kcal,149,0.0994100570678711,0.19768479466438293,0.6285630003332365,0.8962552338201515,44.100242614746094,3.6283843517303467,0.08227583651698776,0.02
40,sco_kcal,150,0.6769025325775146,0.021932970732450485,0.6476333501382834,0.900274836513332,4.9225239753723145,3.786764621734619,0.7692729666081937,0.46
40,sco_kcal,151,0.1384296417236328,0.03443363308906555,0.6205121320528537,0.9522888664896161,7.471069812774658,0.3237268030643463,0.04333071583815362,0.06
40,sco_kcal,152,0.19456809759140015,0.07809845358133316,0.5737171663099931,0.9095716731427805,14.737351417541504,2.33125376701355,0.15818675289500908,0.06
40,sco_kcal,153,0.135811910033226,0.04047388583421707,0.6088555458431661,0.9267394896087944,8.525120735168457,0.751258909702301,0.08812296424180274,0.04
40,sco_kcal,154,0.05613872408866882,0.0738690197467804,0.6073933118864452,0.9344581013394464,15.334821701049805,0.34537050127983093,0.022521976975851454,0.0
40,sco_kcal,155,0.29179197549819946,0.04346677288413048,0.5887390333131606,0.8929146438659645,8.656370162963867,1.9701677560806274,0.22759744777435198,0.06
40,sco_kcal,156,0.31613415479660034,0.04663432762026787,0.6112852430047635,0.884811024677377,9.866331100463867,3.0020365715026855,0.3042708116050904,0.06
40,sco_kcal,157,0.22718089818954468,0.0665266215801239,0.5952812299114099,0.9198114479015069,13.364969253540039,2.9320425987243652,0.21938266696331846,0.04
40,sco_kcal,158,0.2440239042043686,0.05719688534736633,0.6038637451900435,0.8895131765642181,11.968414306640625,2.5697238445281982,0.21470879756413494,0.08
40,sco_kcal,159,0.25238117575645447,0.052270736545324326,0.6223374464778146,0.9472969288791873,11.310446739196777,1.8573471307754517,0.1642151873929741,0.16
40,sco_kcal,160,0.05208355560898781,0.12372613698244095,0.6228467104807578,0.9332443355523514,27.18193244934082,0.6110092997550964,0.02247850850537721,0.1
40,sco_kcal,161,0.07090205699205399,0.04024573415517807,0.6264346451893079,0.9556651622248622,8.82188606262207,0.11394701898097992,0.01291640111560364,0.02
40,sco_kcal,162,0.10917516052722931,0.04584824666380882,0.6190871923317778,0.9696364311053149,9.91748046875,0.15298263728618622,0.015425554682788114,0.04
40,sco_kcal,163,0.0396636538207531,0.13735643029212952,0.6224928323999486,0.95606824853208,29.69309425354004,0.5430083870887756,0.01828736279392767,0.0
40,sco_kcal,164,0.09816493839025497,0.04627978056669235,0.6085443702766642,0.9486835052815477,9.774704933166504,0.13892261683940887,0.014212461428685302,0.08
40,sco_kcal,165,0.1515824943780899,0.04399169981479645,0.6173132241391641,0.9392634131454694,9.39080810546875,0.8994309306144714,0.09577779894050721,0.04
40,sco_kcal,166,0.22616107761859894,0.04820631444454193,0.6123812304588558,0.9132033188811901,10.118792533874512,1.795117974281311,0.17740436601223167,0.08
40,sco_kcal,167,0.0934414491057396,0.025092672556638718,0.6208661013775492,0.9565719565743405,5.446310520172119,0.2634538412094116,0.0483729012941197,0.06
40,sco_kcal,168,0.5063265562057495,0.03060818463563919,0.6327879720134726,0.9334656843442388,6.713822364807129,3.3147377967834473,0.49371842397243276,0.42
40,sco_kcal,169,0.45056918263435364,0.029980096966028214,0.5969213836387399,0.9325811562251223,6.138169288635254,1.4517046213150024,0.2365044939380893,0.36
40,sco_kcal,170,0.25971680879592896,0.08926382660865784,0.6259803347660122,0.9748882350797836,19.712339401245117,0.3125098943710327,0.01585351631837737,0.2
40,sco_kcal,171,0.062274906784296036,0.036279384046792984,0.5892344962454874,0.9595999962825001,7.20133638381958,0.08179882168769836,0.011358839155394707,0.04
40,sco_kcal,172,0.06993088871240616,0.10328975319862366,0.6078571896196139,0.9281600053288452,21.14582061767578,0.8372548818588257,0.039594343345510305,0.02
40,sco_kcal,173,0.048488765954971313,0.12367738038301468,0.6093047004245586,0.936782375761332,25.69416618347168,0.6899852752685547,0.026853771799467945,0.02
40,sco_kcal,174,0.12553416192531586,0.061903346329927444,0.6202180642433586,0.9702654492156293,13.43506145477295,0.281204491853714,0.02093064425498501,0.08
40,sco_kcal,175,0.5169152617454529,0.031223488971590996,0.605115326471956,0.8850687276306934,6.337532043457031,3.3585562705993652,0.5299470278918419,0.22
40,sco_kcal,176,0.10636705160140991,0.03674378618597984,0.6034236915076339,0.9341425954391611,7.655759334564209,0.42705491185188293,0.055782175639170914,0.04
40,sco_kcal,177,0.10061457008123398,0.0741155594587326,0.6182234172835823,0.9421149831720452,15.91838550567627,0.4831998944282532,0.03035483053579466,0.02
40,sco_kcal,178,0.5604154467582703,0.04923499748110771,0.6111569531229628,0.8975429227644971,9.990425109863281,5.31695556640625,0.5322051372125257,0.46
40,sco_kcal,179,0.38441649079322815,0.028204549103975296,0.6255743160713236,0.9337010196331395,6.226734161376953,2.3641929626464844,0.37968426166497476,0.16
40,sco_kcal,180,0.21348457038402557,0.033876147121191025,0.6286413519303,0.9289078082739088,7.65061616897583,1.0609835386276245,0.13867948870968597,0.1
40,sco_kcal,181,0.03019026480615139,0.1944357454776764,0.613421049818283,0.9359237651492969,40.86131286621094,0.45221394300460815,0.011067043892722134,0.0
40,sco_kcal,182,0.21455471217632294,0.03372451290488243,0.6122400310146865,0.9240998476628213,7.181171417236328,1.301003336906433,0.1811686786620565,0.04
40,sco_kcal,183,0.16044652462005615,0.03404872491955757,0.6147399590174127,0.9314843441387728,7.287399768829346,0.6738696694374084,0.09247052320633968,0.06
40,sco_kcal,184,0.26204177737236023,0.06244635954499245,0.6186701259951506,0.8956822314326112,13.594980239868164,2.9935381412506104,0.22019437236634334,0.06
40,sco_kcal,185,0.6129119396209717,0.03817994147539139,0.6270157432333474,0.9021987671090939,8.05724811553955,5.703351974487305,0.7078535863240426,0.34
40,sco_kcal,186,0.5712969899177551,0.029701100662350655,0.6285483606853841,0.9026937937592949,6.539242267608643,4.168985366821289,0.6375334016101317,0.2
40,sco_kcal,187,0.07390332221984863,0.2136967033147812,0.6069296339779382,0.8777077686885171,44.46297073364258,3.8171629905700684,0.08585038128551856,0.06
40,sco_kcal,188,0.07256978750228882,0.0473845973610878,0.6075051220739454,0.9641475506580872,9.927085876464844,0.0625399649143219,0.006299931892660643,0.02
40,sco_kcal,189,0.5494769215583801,0.02224555052816868,0.6370511681174804,0.9150521464639587,4.88987398147583,2.984360694885254,0.610314438815974,0.34
40,sco_kcal,190,0.04104786366224289,0.03003924898803234,0.6454732926525175,0.9540202582069899,7.012940406799316,0.10485922545194626,0.01495224818255709,0.02
40,sco_kcal,191,0.23213058710098267,0.06394781172275543,0.6212098477927517,0.9560712161102187,13.823311805725098,1.152573823928833,0.08337899340818458,0.16
40,sco_kcal,192,0.5511023998260498,0.02576921135187149,0.6117443399034588,0.9216439992783856,5.416861057281494,2.919323205947876,0.538932635538739,0.26
40,sco_kcal,193,0.43772950768470764,0.039251524955034256,0.6127759633649326,0.8926134150709633,8.259581565856934,3.682274103164673,0.44581848048892486,0.14
40,sco_kcal,194,0.3570345640182495,0.03379735350608826,0.6244384113225252,0.9324056420853009,7.374241352081299,1.9791287183761597,0.2683840443895388,0.22
40,sco_kcal,195,0.14075922966003418,0.06828853487968445,0.5929344586678194,0.9118304168662836,13.693613052368164,1.0815370082855225,0.07898112822009982,0.02
40,sco_kcal,196,0.1101769283413887,0.1659035086631775,0.6239385164353852,0.8905465916660897,36.6732292175293,3.5757081508636475,0.09750186245269366,0.02
40,sco_kcal,197,0.020912395790219307,0.14555135369300842,0.6251054402098042,0.9539020557820976,31.625534057617188,0.03928430750966072,0.0012421705650279406,0.04
40,sco_kcal,198,0.39966508746147156,0.04510951787233353,0.6026134060539128,0.8994337117544173,9.261815071105957,3.3546016216278076,0.36219699873874,0.18
40,sco_kcal,199,0.4241231381893158,0.04309455305337906,0.6079736517051806,0.8934136309044922,9.04305648803711,3.878283977508545,0.4288687107770536,0.14
40,sco_kcal,200,0.5897696614265442,0.025175070390105247,0.6426475772291438,0.9032897352767459,5.541189193725586,3.69460391998291,0.6667528919904763,0.4
40,sco_kcal,201,0.015658613294363022,0.16161932051181793,0.6189895999256003,0.9570477520280891,35.123321533203125,0.06198304891586304,0.0017647262904013394,0.02
40,sco_kcal,202,0.20475846529006958,0.09061376005411148,0.5956440922167943,0.9044408493133396,18.07456398010254,2.5486013889312744,0.1410048614028484,0.1
40,sco_kcal,203,0.04097432643175125,0.04065718501806259,0.6199784224628744,0.9606856448729733,8.813186645507812,0.10351206362247467,0.011745134624515869,0.04
40,sco_kcal,204,0.11863817274570465,0.12127362936735153,0.5792602156942057,0.8936863022313186,23.40235137939453,2.4114959239959717,0.10304502675398947,0.0
40,sco_kcal,205,0.056957144290208817,0.27796071767807007,0.625700338874273,0.9083521942567514,61.321739196777344,2.180210828781128,0.03555363656247547,0.0
40,sco_kcal,206,0.03403303027153015,0.05010968819260597,0.6010943291869122,0.9640836573355507,10.264238357543945,0.08063672482967377,0.007856084593983332,0.04
40,sco_kcal,207,0.11968822777271271,0.059107378125190735,0.6196025866464716,0.9707565810791872,12.792217254638672,0.2015307992696762,0.01575417265498659,0.06
40,sco_kcal,208,0.6915321350097656,0.03321065753698349,0.6348887958309393,0.9054607290729446,7.1365203857421875,6.1717658042907715,0.8648144292589892,0.4
40,sco_kcal,209,0.16765490174293518,0.07130882143974304,0.6253967795822122,0.9002742727978348,15.580978393554688,2.38712477684021,0.1532076302620175,0.02
40,sco_kcal,210,0.14366263151168823,0.04506618157029152,0.6003572767993053,0.9117586193188596,9.16102409362793,0.8215062618255615,0.089674064103485,0.0
40,sco_kcal,211,0.2381063997745514,0.08952721953392029,0.5881073737462199,0.9055409701402093,17.352115631103516,3.157916784286499,0.1819903031666041,0.08
40,sco_kcal,212,0.07332699745893478,0.17676690220832825,0.6298323158334076,0.9274085372875907,39.05140686035156,1.037862777709961,0.026576834515114254,0.02
40,sco_kcal,213,0.08591052144765854,0.09240563958883286,0.585158596868057,0.9176626832386654,18.2506160736084,0.7510660290718079,0.04115291374508169,0.0
40,sco_kcal,214,0.2553131878376007,0.03770238906145096,0.6189010032902671,0.9365683776986726,8.112621307373047,1.1176646947860718,0.1377686264944103,0.12
40,sco_kcal,215,0.684509813785553,0.02881462685763836,0.6247595489471849,0.8896504635767317,6.158714294433594,4.831100940704346,0.7844333589351304,0.64
40,sco_kcal,216,0.06899245828390121,0.05547027662396431,0.6192753957830706,0.961598434160061,11.962331771850586,0.12898337841033936,0.01078246121829352,0.04
40,sco_kcal,217,0.06534529477357864,0.022156057879328728,0.6225246209778126,0.9530233093518985,4.85284948348999,0.10182780027389526,0.02098309469937742,0.02
40,sco_kcal,218,0.29720133543014526,0.041387658566236496,0.6182303609005386,0.9143552740772152,8.813983917236328,2.40800142288208,0.2732023844714618,0.08
40,sco_kcal,219,0.9040475487709045,0.028041359037160873,0.6403401288721282,0.8938081918658154,6.129974365234375,12.265032768249512,2.0008293734162406,0.24
40,sco_kcal,220,0.12793385982513428,0.026621665805578232,0.6015544255667062,0.9294925054637091,5.48341703414917,0.6251160502433777,0.11400118691508083,0.04
40,sco_kcal,221,0.21982377767562866,0.19719354808330536,0.619601207419674,0.970321064355756,42.32718276977539,1.1675645112991333,0.027584271735015098,0.28
40,sco_kcal,222,0.38985633850097656,0.07607851177453995,0.6290670666793545,0.9736148881882947,16.877593994140625,2.2548182010650635,0.1335983198699925,0.28
40,sco_kcal,223,0.0374954529106617,0.11770634353160858,0.5891807504587465,0.9615592847250842,23.212074279785156,0.15635500848293304,0.006735934350300564,0.04
40,sco_kcal,224,0.3656935393810272,0.06316579133272171,0.6173775107288624,0.8964894433583719,13.464387893676758,4.630002021789551,0.3438702196008424,0.14
40,sco_kcal,225,0.3635270595550537,0.07119494676589966,0.625015225773828,0.9073738158418612,15.175503730773926,4.988099098205566,0.3286941367284143,0.2
40,sco_kcal,226,0.10160961002111435,0.03032241389155388,0.616813602411538,0.9443453939331601,6.4969000816345215,0.3910541534423828,0.06019088311790683,0.04
40,sco_kcal,227,0.22431141138076782,0.0991382896900177,0.5872676373106729,0.8829633607394858,19.3675479888916,3.8565685749053955,0.19912528819432168,0.04
40,sco_kcal,228,0.0902695581316948,0.043095607310533524,0.5967499558986291,0.960967854010276,8.731910705566406,0.14799664914608002,0.016948942120048858,0.06
40,sco_kcal,229,0.7349445819854736,0.030280327424407005,0.6435658798809738,0.9150786239162374,6.66416597366333,6.63661003112793,0.9958650575864555,0.56
40,sco_kcal,230,0.28045859932899475,0.04386549070477486,0.6200697213840394,0.9396820960465813,9.557679176330566,0.9563038945198059,0.10005607814165562,0.16
40,sco_kcal,231,0.11095313727855682,4.755432605743408,0.6236194515060194,0.9873578962526375,1030.900390625,0.9431604146957397,0.0009148899576262005,0.14
40,sco_kcal,232,0.3762967884540558,0.03656241297721863,0.6270261597169977,0.8967788620406554,8.015178680419922,3.2706215381622314,0.4080534781029836,0.12
40,sco_kcal,233,0.09145808219909668,0.01829405501484871,0.6210325630393032,0.9635997863463714,4.006695747375488,0.15510177612304688,0.038710644856087065,0.02
40,sco_kcal,234,0.02020992338657379,0.2568054795265198,0.6283029895633787,0.9676577957786916,56.52119827270508,0.14389541745185852,0.0025458663625209754,0.1
40,sco_kcal,235,0.0414670892059803,0.020366201177239418,0.6246949350324489,0.9646256545831802,4.493715763092041,0.10427451133728027,0.023204518673324133,0.02
40,sco_kcal,236,0.2881344258785248,0.04534297063946724,0.6128114203743311,0.9011214303157491,9.558815002441406,2.2703969478607178,0.237518661809109,0.1
40,sco_kcal,237,0.1631888747215271,0.02545040100812912,0.6117731745289474,0.9417055028643289,5.368987560272217,0.36218342185020447,0.06745842075146122,0.12
40,sco_kcal,238,0.10094144940376282,0.023229677230119705,0.5926757537118579,0.9632724452441608,4.678505897521973,0.05831843242049217,0.012465183051576623,0.04
40,sco_kcal,239,0.09005074948072433,0.05109401047229767,0.6240674767897387,0.9192226010623232,11.142922401428223,0.689038097858429,0.06183639022471455,0.04
40,sco_kcal,240,0.14892485737800598,0.052014678716659546,0.5892423390600068,0.9236693200365835,10.155460357666016,0.9791101217269897,0.0964121848979394,0.1
40,sco_kcal,241,0.13323453068733215,0.046131715178489685,0.6192139165373522,0.9623251223125608,9.984118461608887,0.45990341901779175,0.046063497822689176,0.06
40,sco_kcal,242,0.23273088037967682,0.07641573995351791,0.6266023245770378,0.9734289459678591,16.938961029052734,1.335225224494934,0.07882568607394706,0.14
40,sco_kcal,243,0.23115602135658264,0.07041142135858536,0.594295928527502,0.8828020338869291,14.315425872802734,2.9621946811676025,0.20692326637626265,0.08
40,sco_kcal,244,0.13115009665489197,0.20486533641815186,0.6184598238004428,0.9787645558090288,43.99932861328125,0.6416811943054199,0.014583886039382148,0.14
40,sco_kcal,245,0.39737066626548767,0.025562744587659836,0.627843269343759,0.9137807716813144,5.633704662322998,2.0878584384918213,0.37060132961086306,0.12
40,sco_kcal,246,0.0972050279378891,0.045135073363780975,0.619362927677422,0.9493565586199322,9.768376350402832,0.2028772085905075,0.020768774800751937,0.06
40,sco_kcal,247,0.04738940671086311,0.05763939023017883,0.6194633971608103,0.9752988442378501,12.42880630493164,0.24614885449409485,0.019804705975377954,0.02
40,sco_kcal,248,0.08375339955091476,0.03942393884062767,0.6195855887332911,0.9625996425301617,8.558856010437012,0.11514633893966675,0.013453473080894536,0.04
40,sco_kcal,249,0.15187229216098785,0.06154235452413559,0.624980473839315,0.9197768745815593,13.514859199523926,1.6231873035430908,0.12010390042393258,0.04
40,water_gsolv_eV,0,1.0,0.0,0.627622128631331,0.627622128631331,,,,1.0
40,water_gsolv_eV,1,1.0,0.0,0.627622128631331,0.627622128631331,,,,1.0
40,water_gsolv_eV,2,1.0,0.0,0.627622128631331,0.627622128631331,,,,1.0
40,water_gsolv_eV,3,1.0,0.0,0.627622128631331,0.627622128631331,,,,1.0
40,water_gsolv_eV,4,1.0,0.0,0.627622128631331,0.627622128631331,,,,1.0
40,water_gsolv_eV,5,1.0,0.0,0.627622128631331,0.627622128631331,,,,1.0
40,water_gsolv_eV,6,1.0,0.0,0.627622128631331,0.627622128631331,,,,1.0
40,water_gsolv_eV,7,1.0,0.0,0.627622128631331,0.627622128631331,,,,1.0
40,water_gsolv_eV,8,1.0,0.0,0.627622128631331,0.627622128631331,,,,1.0
40,water_gsolv_eV,9,1.0,0.0,0.627622128631331,0.627622128631331,,,,1.0
40,water_gsolv_eV,10,1.0,0.0,0.627622128631331,0.627622128631331,,,,1.0
40,water_gsolv_eV,11,1.0,0.0,0.627622128631331,0.627622128631331,,,,1.0
40,water_gsolv_eV,12,1.0,0.0,0.627622128631331,0.627622128631331,,,,1.0
40,water_gsolv_eV,13,1.0,0.0,0.627622128631331,0.627622128631331,,,,1.0
40,water_gsolv_eV,14,1.0,0.0,0.627622128631331,0.627622128631331,,,,1.0
40,water_gsolv_eV,15,1.0,0.0,0.627622128631331,0.627622128631331,,,,1.0
40,water_gsolv_eV,16,1.0,0.0,0.627622128631331,0.627622128631331,,,,1.0
40,water_gsolv_eV,17,1.0,0.0,0.627622128631331,0.627622128631331,,,,1.0
40,water_gsolv_eV,18,1.0,0.0,0.627622128631331,0.627622128631331,,,,1.0
40,water_gsolv_eV,19,1.0,0.0,0.627622128631331,0.627622128631331,,,,1.0
40,water_gsolv_eV,20,1.0,0.0,0.627622128631331,0.627622128631331,,,,1.0
40,water_gsolv_eV,21,1.0,0.0,0.627622128631331,0.627622128631331,,,,1.0
40,water_gsolv_eV,22,1.0,0.0,0.627622128631331,0.627622128631331,,,,1.0
40,water_gsolv_eV,23,1.0,0.0,0.627622128631331,0.627622128631331,,,,1.0
40,water_gsolv_eV,24,1.0,0.0,0.627622128631331,0.627622128631331,,,,1.0
40,water_gsolv_eV,25,1.0,0.0,0.627622128631331,0.627622128631331,,,,1.0
40,water_gsolv_eV,26,1.0,0.0,0.627622128631331,0.627622128631331,,,,1.0
40,water_gsolv_eV,27,1.0,0.0,0.627622128631331,0.627622128631331,,,,1.0
40,water_gsolv_eV,28,1.0,0.0,0.627622128631331,0.627622128631331,,,,1.0
40,water_gsolv_eV,29,1.0,0.0,0.627622128631331,0.627622128631331,,,,1.0
40,water_gsolv_eV,30,1.0,0.0,0.627622128631331,0.627622128631331,,,,1.0
40,water_gsolv_eV,31,1.0,0.0,0.627622128631331,0.627622128631331,,,,1.0
40,water_gsolv_eV,32,1.0,0.0,0.627622128631331,0.627622128631331,,,,1.0
40,water_gsolv_eV,33,1.0,0.0,0.627622128631331,0.627622128631331,,,,1.0
40,water_gsolv_eV,34,1.0,0.0,0.627622128631331,0.627622128631331,,,,1.0
40,water_gsolv_eV,35,1.0,0.0,0.627622128631331,0.627622128631331,,,,1.0
40,water_gsolv_eV,36,1.0,0.0,0.627622128631331,0.627622128631331,,,,1.0
40,water_gsolv_eV,37,1.0,0.0,0.627622128631331,0.627622128631331,,,,1.0
40,water_gsolv_eV,38,1.0,0.0,0.627622128631331,0.627622128631331,,,,1.0
40,water_gsolv_eV,39,1.0,0.0,0.627622128631331,0.627622128631331,,,,1.0
40,water_gsolv_eV,40,1.0,0.0,0.627622128631331,0.627622128631331,,,,1.0
40,water_gsolv_eV,41,1.0,0.0,0.627622128631331,0.627622128631331,,,,1.0
40,water_gsolv_eV,42,1.0,0.0,0.627622128631331,0.627622128631331,,,,1.0
40,water_gsolv_eV,43,1.0,0.0,0.627622128631331,0.627622128631331,,,,1.0
40,water_gsolv_eV,44,1.0,0.0,0.627622128631331,0.627622128631331,,,,1.0
40,water_gsolv_eV,45,1.0,0.0,0.627622128631331,0.627622128631331,,,,1.0
40,water_gsolv_eV,46,1.0,0.0,0.627622128631331,0.627622128631331,,,,1.0
40,water_gsolv_eV,47,1.0,0.0,0.627622128631331,0.627622128631331,,,,1.0
40,water_gsolv_eV,48,1.0,0.0,0.627622128631331,0.627622128631331,,,,1.0
40,water_gsolv_eV,49,1.0,0.0,0.627622128631331,0.627622128631331,,,,1.0
40,water_gsolv_eV,50,1.0,0.0,0.627622128631331,0.627622128631331,,,,1.0
40,water_gsolv_eV,51,1.0,0.0,0.627622128631331,0.627622128631331,,,,1.0
40,water_gsolv_eV,52,1.0,0.0,0.627622128631331,0.627622128631331,,,,1.0
40,water_gsolv_eV,53,1.0,0.0,0.627622128631331,0.627622128631331,,,,1.0
40,water_gsolv_eV,54,1.0,0.0,0.627622128631331,0.627622128631331,,,,1.0
40,water_gsolv_eV,55,1.0,0.0,0.627622128631331,0.627622128631331,,,,1.0
40,water_gsolv_eV,56,1.0,0.0,0.627622128631331,0.627622128631331,,,,1.0
40,water_gsolv_eV,57,1.0,0.0,0.627622128631331,0.627622128631331,,,,1.0
40,water_gsolv_eV,58,1.0,0.0,0.627622128631331,0.627622128631331,,,,1.0
40,water_gsolv_eV,59,1.0,0.0,0.627622128631331,0.627622128631331,,,,1.0
40,water_gsolv_eV,60,1.0,0.0,0.627622128631331,0.627622128631331,,,,1.0
40,water_gsolv_eV,61,1.0,0.0,0.627622128631331,0.627622128631331,,,,1.0
40,water_gsolv_eV,62,1.0,0.0,0.627622128631331,0.627622128631331,,,,1.0
40,water_gsolv_eV,63,1.0,0.0,0.627622128631331,0.627622128631331,,,,1.0
40,water_gsolv_eV,64,1.0,0.0,0.627622128631331,0.627622128631331,,,,1.0
40,water_gsolv_eV,65,1.0,0.0,0.627622128631331,0.627622128631331,,,,1.0
40,water_gsolv_eV,66,1.0,0.0,0.627622128631331,0.627622128631331,,,,1.0
40,water_gsolv_eV,67,1.0,0.0,0.627622128631331,0.627622128631331,,,,1.0
40,water_gsolv_eV,68,1.0,0.0,0.627622128631331,0.627622128631331,,,,1.0
40,water_gsolv_eV,69,1.0,0.0,0.627622128631331,0.627622128631331,,,,1.0
40,water_gsolv_eV,70,1.0,0.0,0.627622128631331,0.627622128631331,,,,1.0
40,water_gsolv_eV,71,1.0,0.0,0.627622128631331,0.627622128631331,,,,1.0
40,water_gsolv_eV,72,1.0,0.0,0.627622128631331,0.627622128631331,,,,1.0
40,water_gsolv_eV,73,1.0,0.0,0.627622128631331,0.627622128631331,,,,1.0
40,water_gsolv_eV,74,1.0,0.0,0.627622128631331,0.627622128631331,,,,1.0
40,water_gsolv_eV,75,1.0,0.0,0.627622128631331,0.627622128631331,,,,1.0
40,water_gsolv_eV,76,1.0,0.0,0.627622128631331,0.627622128631331,,,,1.0
40,water_gsolv_eV,77,1.0,0.0,0.627622128631331,0.627622128631331,,,,1.0
40,water_gsolv_eV,78,1.0,0.0,0.627622128631331,0.627622128631331,,,,1.0
40,water_gsolv_eV,79,1.0,0.0,0.627622128631331,0.627622128631331,,,,1.0
40,water_gsolv_eV,80,1.0,0.0,0.627622128631331,0.627622128631331,,,,1.0
40,water_gsolv_eV,81,1.0,0.0,0.627622128631331,0.627622128631331,,,,1.0
40,water_gsolv_eV,82,1.0,0.0,0.627622128631331,0.627622128631331,,,,1.0
40,water_gsolv_eV,83,1.0,0.0,0.627622128631331,0.627622128631331,,,,1.0
40,water_gsolv_eV,84,1.0,0.0,0.627622128631331,0.627622128631331,,,,1.0
40,water_gsolv_eV,85,1.0,0.0,0.627622128631331,0.627622128631331,,,,1.0
40,water_gsolv_eV,86,1.0,0.0,0.627622128631331,0.627622128631331,,,,1.0
40,water_gsolv_eV,87,1.0,0.0,0.627622128631331,0.627622128631331,,,,1.0
40,water_gsolv_eV,88,1.0,0.0,0.627622128631331,0.627622128631331,,,,1.0
40,water_gsolv_eV,89,1.0,0.0,0.627622128631331,0.627622128631331,,,,1.0
40,water_gsolv_eV,90,1.0,0.0,0.627622128631331,0.627622128631331,,,,1.0
40,water_gsolv_eV,91,1.0,0.0,0.627622128631331,0.627622128631331,,,,1.0
40,water_gsolv_eV,92,1.0,0.0,0.627622128631331,0.627622128631331,,,,1.0
40,water_gsolv_eV,93,1.0,0.0,0.627622128631331,0.627622128631331,,,,1.0
40,water_gsolv_eV,94,1.0,0.0,0.627622128631331,0.627622128631331,,,,1.0
40,water_gsolv_eV,95,1.0,0.0,0.627622128631331,0.627622128631331,,,,1.0
40,water_gsolv_eV,96,1.0,0.0,0.627622128631331,0.627622128631331,,,,1.0
40,water_gsolv_eV,97,1.0,0.0,0.627622128631331,0.627622128631331,,,,1.0
40,water_gsolv_eV,98,1.0,0.0,0.627622128631331,0.627622128631331,,,,1.0
40,water_gsolv_eV,99,1.0,0.0,0.627622128631331,0.627622128631331,,,,1.0
40,water_gsolv_eV,100,1.0,0.0,0.627622128631331,0.627622128631331,,,,1.0
40,water_gsolv_eV,101,1.0,0.0,0.627622128631331,0.627622128631331,,,,1.0
40,water_gsolv_eV,102,1.0,0.0,0.627622128631331,0.627622128631331,,,,1.0
40,water_gsolv_eV,103,1.0,0.0,0.627622128631331,0.627622128631331,,,,1.0
40,water_gsolv_eV,104,1.0,0.0,0.627622128631331,0.627622128631331,,,,1.0
40,water_gsolv_eV,105,1.0,0.0,0.627622128631331,0.627622128631331,,,,1.0
40,water_gsolv_eV,106,1.0,0.0,0.627622128631331,0.627622128631331,,,,1.0
40,water_gsolv_eV,107,1.0,0.0,0.627622128631331,0.627622128631331,,,,1.0
40,water_gsolv_eV,108,1.0,0.0,0.627622128631331,0.627622128631331,,,,1.0
40,water_gsolv_eV,109,1.0,0.0,0.627622128631331,0.627622128631331,,,,1.0
40,water_gsolv_eV,110,1.0,0.0,0.627622128631331,0.627622128631331,,,,1.0
40,water_gsolv_eV,111,1.0,0.0,0.627622128631331,0.627622128631331,,,,1.0
40,water_gsolv_eV,112,1.0,0.0,0.627622128631331,0.627622128631331,,,,1.0
40,water_gsolv_eV,113,1.0,0.0,0.627622128631331,0.627622128631331,,,,1.0
40,water_gsolv_eV,114,1.0,0.0,0.627622128631331,0.627622128631331,,,,1.0
40,water_gsolv_eV,115,1.0,0.0,0.627622128631331,0.627622128631331,,,,1.0
40,water_gsolv_eV,116,1.0,0.0,0.627622128631331,0.627622128631331,,,,1.0
40,water_gsolv_eV,117,1.0,0.0,0.627622128631331,0.627622128631331,,,,1.0
40,water_gsolv_eV,118,1.0,0.0,0.627622128631331,0.627622128631331,,,,1.0
40,water_gsolv_eV,119,1.0,0.0,0.627622128631331,0.627622128631331,,,,1.0
40,water_gsolv_eV,120,1.0,0.0,0.627622128631331,0.627622128631331,,,,1.0
40,water_gsolv_eV,121,1.0,0.0,0.627622128631331,0.627622128631331,,,,1.0
40,water_gsolv_eV,122,1.0,0.0,0.627622128631331,0.627622128631331,,,,1.0
40,water_gsolv_eV,123,1.0,0.0,0.627622128631331,0.627622128631331,,,,1.0
40,water_gsolv_eV,124,1.0,0.0,0.627622128631331,0.627622128631331,,,,1.0
40,water_gsolv_eV,125,1.0,0.0,0.627622128631331,0.627622128631331,,,,1.0
40,water_gsolv_eV,126,1.0,0.0,0.627622128631331,0.627622128631331,,,,1.0
40,water_gsolv_eV,127,1.0,0.0,0.627622128631331,0.627622128631331,,,,1.0
40,water_gsolv_eV,128,1.0,0.0,0.627622128631331,0.627622128631331,,,,1.0
40,water_gsolv_eV,129,1.0,0.0,0.627622128631331,0.627622128631331,,,,1.0
40,water_gsolv_eV,130,1.0,0.0,0.627622128631331,0.627622128631331,,,,1.0
40,water_gsolv_eV,131,1.0,0.0,0.627622128631331,0.627622128631331,,,,1.0
40,water_gsolv_eV,132,1.0,0.0,0.627622128631331,0.627622128631331,,,,1.0
40,water_gsolv_eV,133,1.0,0.0,0.627622128631331,0.627622128631331,,,,1.0
40,water_gsolv_eV,134,1.0,0.0,0.627622128631331,0.627622128631331,,,,1.0
40,water_gsolv_eV,135,1.0,0.0,0.627622128631331,0.627622128631331,,,,1.0
40,water_gsolv_eV,136,1.0,0.0,0.627622128631331,0.627622128631331,,,,1.0
40,water_gsolv_eV,137,1.0,0.0,0.627622128631331,0.627622128631331,,,,1.0
40,water_gsolv_eV,138,1.0,0.0,0.627622128631331,0.627622128631331,,,,1.0
40,water_gsolv_eV,139,1.0,0.0,0.627622128631331,0.627622128631331,,,,1.0
40,water_gsolv_eV,140,1.0,0.0,0.627622128631331,0.627622128631331,,,,1.0
40,water_gsolv_eV,141,1.0,0.0,0.627622128631331,0.627622128631331,,,,1.0
40,water_gsolv_eV,142,1.0,0.0,0.627622128631331,0.627622128631331,,,,1.0
40,water_gsolv_eV,143,1.0,0.0,0.627622128631331,0.627622128631331,,,,1.0
40,water_gsolv_eV,144,1.0,0.0,0.627622128631331,0.627622128631331,,,,1.0
40,water_gsolv_eV,145,1.0,0.0,0.627622128631331,0.627622128631331,,,,1.0
40,water_gsolv_eV,146,1.0,0.0,0.627622128631331,0.627622128631331,,,,1.0
40,water_gsolv_eV,147,1.0,0.0,0.627622128631331,0.627622128631331,,,,1.0
40,water_gsolv_eV,148,1.0,0.0,0.627622128631331,0.627622128631331,,,,1.0
40,water_gsolv_eV,149,1.0,0.0,0.627622128631331,0.627622128631331,,,,1.0
40,water_gsolv_eV,150,1.0,0.0,0.627622128631331,0.627622128631331,,,,1.0
40,water_gsolv_eV,151,1.0,0.0,0.627622128631331,0.627622128631331,,,,1.0
40,water_gsolv_eV,152,1.0,0.0,0.627622128631331,0.627622128631331,,,,1.0
40,water_gsolv_eV,153,1.0,0.0,0.627622128631331,0.627622128631331,,,,1.0
40,water_gsolv_eV,154,1.0,0.0,0.627622128631331,0.627622128631331,,,,1.0
40,water_gsolv_eV,155,1.0,0.0,0.627622128631331,0.627622128631331,,,,1.0
40,water_gsolv_eV,156,1.0,0.0,0.627622128631331,0.627622128631331,,,,1.0
40,water_gsolv_eV,157,1.0,0.0,0.627622128631331,0.627622128631331,,,,1.0
40,water_gsolv_eV,158,1.0,0.0,0.627622128631331,0.627622128631331,,,,1.0
40,water_gsolv_eV,159,1.0,0.0,0.627622128631331,0.627622128631331,,,,1.0
40,water_gsolv_eV,160,1.0,0.0,0.627622128631331,0.627622128631331,,,,1.0
40,water_gsolv_eV,161,1.0,0.0,0.627622128631331,0.627622128631331,,,,1.0
40,water_gsolv_eV,162,1.0,0.0,0.627622128631331,0.627622128631331,,,,1.0
40,water_gsolv_eV,163,1.0,0.0,0.627622128631331,0.627622128631331,,,,1.0
40,water_gsolv_eV,164,1.0,0.0,0.627622128631331,0.627622128631331,,,,1.0
40,water_gsolv_eV,165,1.0,0.0,0.627622128631331,0.627622128631331,,,,1.0
40,water_gsolv_eV,166,1.0,0.0,0.627622128631331,0.627622128631331,,,,1.0
40,water_gsolv_eV,167,1.0,0.0,0.627622128631331,0.627622128631331,,,,1.0
40,water_gsolv_eV,168,1.0,0.0,0.627622128631331,0.627622128631331,,,,1.0
40,water_gsolv_eV,169,1.0,0.0,0.627622128631331,0.627622128631331,,,,1.0
40,water_gsolv_eV,170,1.0,0.0,0.627622128631331,0.627622128631331,,,,1.0
40,water_gsolv_eV,171,1.0,0.0,0.627622128631331,0.627622128631331,,,,1.0
40,water_gsolv_eV,172,1.0,0.0,0.627622128631331,0.627622128631331,,,,1.0
40,water_gsolv_eV,173,1.0,0.0,0.627622128631331,0.627622128631331,,,,1.0
40,water_gsolv_eV,174,1.0,0.0,0.627622128631331,0.627622128631331,,,,1.0
40,water_gsolv_eV,175,1.0,0.0,0.627622128631331,0.627622128631331,,,,1.0
40,water_gsolv_eV,176,1.0,0.0,0.627622128631331,0.627622128631331,,,,1.0
40,water_gsolv_eV,177,1.0,0.0,0.627622128631331,0.627622128631331,,,,1.0
40,water_gsolv_eV,178,1.0,0.0,0.627622128631331,0.627622128631331,,,,1.0
40,water_gsolv_eV,179,1.0,0.0,0.627622128631331,0.627622128631331,,,,1.0
40,water_gsolv_eV,180,1.0,0.0,0.627622128631331,0.627622128631331,,,,1.0
40,water_gsolv_eV,181,1.0,0.0,0.627622128631331,0.627622128631331,,,,1.0
40,water_gsolv_eV,182,1.0,0.0,0.627622128631331,0.627622128631331,,,,1.0
40,water_gsolv_eV,183,1.0,0.0,0.627622128631331,0.627622128631331,,,,1.0
40,water_gsolv_eV,184,1.0,0.0,0.627622128631331,0.627622128631331,,,,1.0
40,water_gsolv_eV,185,1.0,0.0,0.627622128631331,0.627622128631331,,,,1.0
40,water_gsolv_eV,186,1.0,0.0,0.627622128631331,0.627622128631331,,,,1.0
40,water_gsolv_eV,187,1.0,0.0,0.627622128631331,0.627622128631331,,,,1.0
40,water_gsolv_eV,188,1.0,0.0,0.627622128631331,0.627622128631331,,,,1.0
40,water_gsolv_eV,189,1.0,0.0,0.627622128631331,0.627622128631331,,,,1.0
40,water_gsolv_eV,190,1.0,0.0,0.627622128631331,0.627622128631331,,,,1.0
40,water_gsolv_eV,191,1.0,0.0,0.627622128631331,0.627622128631331,,,,1.0
40,water_gsolv_eV,192,1.0,0.0,0.627622128631331,0.627622128631331,,,,1.0
40,water_gsolv_eV,193,1.0,0.0,0.627622128631331,0.627622128631331,,,,1.0
40,water_gsolv_eV,194,1.0,0.0,0.627622128631331,0.627622128631331,,,,1.0
40,water_gsolv_eV,195,1.0,0.0,0.627622128631331,0.627622128631331,,,,1.0
40,water_gsolv_eV,196,1.0,0.0,0.627622128631331,0.627622128631331,,,,1.0
40,water_gsolv_eV,197,1.0,0.0,0.627622128631331,0.627622128631331,,,,1.0
40,water_gsolv_eV,198,1.0,0.0,0.627622128631331,0.627622128631331,,,,1.0
40,water_gsolv_eV,199,1.0,0.0,0.627622128631331,0.627622128631331,,,,1.0
40,water_gsolv_eV,200,1.0,0.0,0.627622128631331,0.627622128631331,,,,1.0
40,water_gsolv_eV,201,1.0,0.0,0.627622128631331,0.627622128631331,,,,1.0
40,water_gsolv_eV,202,1.0,0.0,0.627622128631331,0.627622128631331,,,,1.0
40,water_gsolv_eV,203,1.0,0.0,0.627622128631331,0.627622128631331,,,,1.0
40,water_gsolv_eV,204,1.0,0.0,0.627622128631331,0.627622128631331,,,,1.0
40,water_gsolv_eV,205,1.0,0.0,0.627622128631331,0.627622128631331,,,,1.0
40,water_gsolv_eV,206,1.0,0.0,0.627622128631331,0.627622128631331,,,,1.0
40,water_gsolv_eV,207,1.0,0.0,0.627622128631331,0.627622128631331,,,,1.0
40,water_gsolv_eV,208,1.0,0.0,0.627622128631331,0.627622128631331,,,,1.0
40,water_gsolv_eV,209,1.0,0.0,0.627622128631331,0.627622128631331,,,,1.0
40,water_gsolv_eV,210,1.0,0.0,0.627622128631331,0.627622128631331,,,,1.0
40,water_gsolv_eV,211,1.0,0.0,0.627622128631331,0.627622128631331,,,,1.0
40,water_gsolv_eV,212,1.0,0.0,0.627622128631331,0.627622128631331,,,,1.0
40,water_gsolv_eV,213,1.0,0.0,0.627622128631331,0.627622128631331,,,,1.0
40,water_gsolv_eV,214,1.0,0.0,0.627622128631331,0.627622128631331,,,,1.0
40,water_gsolv_eV,215,1.0,0.0,0.627622128631331,0.627622128631331,,,,1.0
40,water_gsolv_eV,216,1.0,0.0,0.627622128631331,0.627622128631331,,,,1.0
40,water_gsolv_eV,217,1.0,0.0,0.627622128631331,0.627622128631331,,,,1.0
40,water_gsolv_eV,218,1.0,0.0,0.627622128631331,0.627622128631331,,,,1.0
40,water_gsolv_eV,219,1.0,0.0,0.627622128631331,0.627622128631331,,,,1.0
40,water_gsolv_eV,220,1.0,0.0,0.627622128631331,0.627622128631331,,,,1.0
40,water_gsolv_eV,221,1.0,0.0,0.627622128631331,0.627622128631331,,,,1.0
40,water_gsolv_eV,222,1.0,0.0,0.627622128631331,0.627622128631331,,,,1.0
40,water_gsolv_eV,223,1.0,0.0,0.627622128631331,0.627622128631331,,,,1.0
40,water_gsolv_eV,224,1.0,0.0,0.627622128631331,0.627622128631331,,,,1.0
40,water_gsolv_eV,225,1.0,0.0,0.627622128631331,0.627622128631331,,,,1.0
40,water_gsolv_eV,226,1.0,0.0,0.627622128631331,0.627622128631331,,,,1.0
40,water_gsolv_eV,227,1.0,0.0,0.627622128631331,0.627622128631331,,,,1.0
40,water_gsolv_eV,228,1.0,0.0,0.627622128631331,0.627622128631331,,,,1.0
40,water_gsolv_eV,229,1.0,0.0,0.627622128631331,0.627622128631331,,,,1.0
40,water_gsolv_eV,230,1.0,0.0,0.627622128631331,0.627622128631331,,,,1.0
40,water_gsolv_eV,231,1.0,0.0,0.627622128631331,0.627622128631331,,,,1.0
40,water_gsolv_eV,232,1.0,0.0,0.627622128631331,0.627622128631331,,,,1.0
40,water_gsolv_eV,233,1.0,0.0,0.627622128631331,0.627622128631331,,,,1.0
40,water_gsolv_eV,234,1.0,0.0,0.627622128631331,0.627622128631331,,,,1.0
40,water_gsolv_eV,235,1.0,0.0,0.627622128631331,0.627622128631331,,,,1.0
40,water_gsolv_eV,236,1.0,0.0,0.627622128631331,0.627622128631331,,,,1.0
40,water_gsolv_eV,237,1.0,0.0,0.627622128631331,0.627622128631331,,,,1.0
40,water_gsolv_eV,238,1.0,0.0,0.627622128631331,0.627622128631331,,,,1.0
40,water_gsolv_eV,239,1.0,0.0,0.627622128631331,0.627622128631331,,,,1.0
40,water_gsolv_eV,240,1.0,0.0,0.627622128631331,0.627622128631331,,,,1.0
40,water_gsolv_eV,241,1.0,0.0,0.627622128631331,0.627622128631331,,,,1.0
40,water_gsolv_eV,242,1.0,0.0,0.627622128631331,0.627622128631331,,,,1.0
40,water_gsolv_eV,243,1.0,0.0,0.627622128631331,0.627622128631331,,,,1.0
40,water_gsolv_eV,244,1.0,0.0,0.627622128631331,0.627622128631331,,,,1.0
40,water_gsolv_eV,245,1.0,0.0,0.627622128631331,0.627622128631331,,,,1.0
40,water_gsolv_eV,246,1.0,0.0,0.627622128631331,0.627622128631331,,,,1.0
40,water_gsolv_eV,247,1.0,0.0,0.627622128631331,0.627622128631331,,,,1.0
40,water_gsolv_eV,248,1.0,0.0,0.627622128631331,0.627622128631331,,,,1.0
40,water_gsolv_eV,249,1.0,0.0,0.627622128631331,0.627622128631331,,,,1.0
40,water_hl_gap_eV,0,0.9999999403953552,0.0,0.7133300958884736,0.7133300958884736,,,,1.0
40,water_hl_gap_eV,1,0.9999999403953552,0.0,0.7133300958884736,0.7133300958884736,,,,1.0
40,water_hl_gap_eV,2,0.9999999403953552,0.0,0.7133300958884736,0.7133300958884736,,,,1.0
40,water_hl_gap_eV,3,0.9999999403953552,0.0,0.7133300958884736,0.7133300958884736,,,,1.0
40,water_hl_gap_eV,4,0.9999999403953552,0.0,0.7133300958884736,0.7133300958884736,,,,1.0
40,water_hl_gap_eV,5,0.9999999403953552,0.0,0.7133300958884736,0.7133300958884736,,,,1.0
40,water_hl_gap_eV,6,0.9999999403953552,0.0,0.7133300958884736,0.7133300958884736,,,,1.0
40,water_hl_gap_eV,7,0.9999999403953552,0.0,0.7133300958884736,0.7133300958884736,,,,1.0
40,water_hl_gap_eV,8,0.9999999403953552,0.0,0.7133300958884736,0.7133300958884736,,,,1.0
40,water_hl_gap_eV,9,0.9999999403953552,0.0,0.7133300958884736,0.7133300958884736,,,,1.0
40,water_hl_gap_eV,10,0.9999999403953552,0.0,0.7133300958884736,0.7133300958884736,,,,1.0
40,water_hl_gap_eV,11,0.9999999403953552,0.0,0.7133300958884736,0.7133300958884736,,,,1.0
40,water_hl_gap_eV,12,0.9999999403953552,0.0,0.7133300958884736,0.7133300958884736,,,,1.0
40,water_hl_gap_eV,13,0.9999999403953552,0.0,0.7133300958884736,0.7133300958884736,,,,1.0
40,water_hl_gap_eV,14,0.9999999403953552,0.0,0.7133300958884736,0.7133300958884736,,,,1.0
40,water_hl_gap_eV,15,0.9999999403953552,0.0,0.7133300958884736,0.7133300958884736,,,,1.0
40,water_hl_gap_eV,16,0.9999999403953552,0.0,0.7133300958884736,0.7133300958884736,,,,1.0
40,water_hl_gap_eV,17,0.9999999403953552,0.0,0.7133300958884736,0.7133300958884736,,,,1.0
40,water_hl_gap_eV,18,0.9999999403953552,0.0,0.7133300958884736,0.7133300958884736,,,,1.0
40,water_hl_gap_eV,19,0.9999999403953552,0.0,0.7133300958884736,0.7133300958884736,,,,1.0
40,water_hl_gap_eV,20,0.9999999403953552,0.0,0.7133300958884736,0.7133300958884736,,,,1.0
40,water_hl_gap_eV,21,0.9999999403953552,0.0,0.7133300958884736,0.7133300958884736,,,,1.0
40,water_hl_gap_eV,22,0.9999999403953552,0.0,0.7133300958884736,0.7133300958884736,,,,1.0
40,water_hl_gap_eV,23,0.9999999403953552,0.0,0.7133300958884736,0.7133300958884736,,,,1.0
40,water_hl_gap_eV,24,0.9999999403953552,0.0,0.7133300958884736,0.7133300958884736,,,,1.0
40,water_hl_gap_eV,25,0.9999999403953552,0.0,0.7133300958884736,0.7133300958884736,,,,1.0
40,water_hl_gap_eV,26,0.9999999403953552,0.0,0.7133300958884736,0.7133300958884736,,,,1.0
40,water_hl_gap_eV,27,0.9999999403953552,0.0,0.7133300958884736,0.7133300958884736,,,,1.0
40,water_hl_gap_eV,28,0.9999999403953552,0.0,0.7133300958884736,0.7133300958884736,,,,1.0
40,water_hl_gap_eV,29,0.9999999403953552,0.0,0.7133300958884736,0.7133300958884736,,,,1.0
40,water_hl_gap_eV,30,0.9999999403953552,0.0,0.7133300958884736,0.7133300958884736,,,,1.0
40,water_hl_gap_eV,31,0.9999999403953552,0.0,0.7133300958884736,0.7133300958884736,,,,1.0
40,water_hl_gap_eV,32,0.9999999403953552,0.0,0.7133300958884736,0.7133300958884736,,,,1.0
40,water_hl_gap_eV,33,0.9999999403953552,0.0,0.7133300958884736,0.7133300958884736,,,,1.0
40,water_hl_gap_eV,34,0.9999999403953552,0.0,0.7133300958884736,0.7133300958884736,,,,1.0
40,water_hl_gap_eV,35,0.9999999403953552,0.0,0.7133300958884736,0.7133300958884736,,,,1.0
40,water_hl_gap_eV,36,0.9999999403953552,0.0,0.7133300958884736,0.7133300958884736,,,,1.0
40,water_hl_gap_eV,37,0.9999999403953552,0.0,0.7133300958884736,0.7133300958884736,,,,1.0
40,water_hl_gap_eV,38,0.9999999403953552,0.0,0.7133300958884736,0.7133300958884736,,,,1.0
40,water_hl_gap_eV,39,0.9999999403953552,0.0,0.7133300958884736,0.7133300958884736,,,,1.0
40,water_hl_gap_eV,40,0.9999999403953552,0.0,0.7133300958884736,0.7133300958884736,,,,1.0
40,water_hl_gap_eV,41,0.9999999403953552,0.0,0.7133300958884736,0.7133300958884736,,,,1.0
40,water_hl_gap_eV,42,0.9999999403953552,0.0,0.7133300958884736,0.7133300958884736,,,,1.0
40,water_hl_gap_eV,43,0.9999999403953552,0.0,0.7133300958884736,0.7133300958884736,,,,1.0
40,water_hl_gap_eV,44,0.9999999403953552,0.0,0.7133300958884736,0.7133300958884736,,,,1.0
40,water_hl_gap_eV,45,0.9999999403953552,0.0,0.7133300958884736,0.7133300958884736,,,,1.0
40,water_hl_gap_eV,46,0.9999999403953552,0.0,0.7133300958884736,0.7133300958884736,,,,1.0
40,water_hl_gap_eV,47,0.9999999403953552,0.0,0.7133300958884736,0.7133300958884736,,,,1.0
40,water_hl_gap_eV,48,0.9999999403953552,0.0,0.7133300958884736,0.7133300958884736,,,,1.0
40,water_hl_gap_eV,49,0.9999999403953552,0.0,0.7133300958884736,0.7133300958884736,,,,1.0
40,water_hl_gap_eV,50,0.9999999403953552,0.0,0.7133300958884736,0.7133300958884736,,,,1.0
40,water_hl_gap_eV,51,0.9999999403953552,0.0,0.7133300958884736,0.7133300958884736,,,,1.0
40,water_hl_gap_eV,52,0.9999999403953552,0.0,0.7133300958884736,0.7133300958884736,,,,1.0
40,water_hl_gap_eV,53,0.9999999403953552,0.0,0.7133300958884736,0.7133300958884736,,,,1.0
40,water_hl_gap_eV,54,0.9999999403953552,0.0,0.7133300958884736,0.7133300958884736,,,,1.0
40,water_hl_gap_eV,55,0.9999999403953552,0.0,0.7133300958884736,0.7133300958884736,,,,1.0
40,water_hl_gap_eV,56,0.9999999403953552,0.0,0.7133300958884736,0.7133300958884736,,,,1.0
40,water_hl_gap_eV,57,0.9999999403953552,0.0,0.7133300958884736,0.7133300958884736,,,,1.0
40,water_hl_gap_eV,58,0.9999999403953552,0.0,0.7133300958884736,0.7133300958884736,,,,1.0
40,water_hl_gap_eV,59,0.9999999403953552,0.0,0.7133300958884736,0.7133300958884736,,,,1.0
40,water_hl_gap_eV,60,0.9999999403953552,0.0,0.7133300958884736,0.7133300958884736,,,,1.0
40,water_hl_gap_eV,61,0.9999999403953552,0.0,0.7133300958884736,0.7133300958884736,,,,1.0
40,water_hl_gap_eV,62,0.9999999403953552,0.0,0.7133300958884736,0.7133300958884736,,,,1.0
40,water_hl_gap_eV,63,0.9999999403953552,0.0,0.7133300958884736,0.7133300958884736,,,,1.0
40,water_hl_gap_eV,64,0.9999999403953552,0.0,0.7133300958884736,0.7133300958884736,,,,1.0
40,water_hl_gap_eV,65,0.9999999403953552,0.0,0.7133300958884736,0.7133300958884736,,,,1.0
40,water_hl_gap_eV,66,0.9999999403953552,0.0,0.7133300958884736,0.7133300958884736,,,,1.0
40,water_hl_gap_eV,67,0.9999999403953552,0.0,0.7133300958884736,0.7133300958884736,,,,1.0
40,water_hl_gap_eV,68,0.9999999403953552,0.0,0.7133300958884736,0.7133300958884736,,,,1.0
40,water_hl_gap_eV,69,0.9999999403953552,0.0,0.7133300958884736,0.7133300958884736,,,,1.0
40,water_hl_gap_eV,70,0.9999999403953552,0.0,0.7133300958884736,0.7133300958884736,,,,1.0
40,water_hl_gap_eV,71,0.9999999403953552,0.0,0.7133300958884736,0.7133300958884736,,,,1.0
40,water_hl_gap_eV,72,0.9999999403953552,0.0,0.7133300958884736,0.7133300958884736,,,,1.0
40,water_hl_gap_eV,73,0.9999999403953552,0.0,0.7133300958884736,0.7133300958884736,,,,1.0
40,water_hl_gap_eV,74,0.9999999403953552,0.0,0.7133300958884736,0.7133300958884736,,,,1.0
40,water_hl_gap_eV,75,0.9999999403953552,0.0,0.7133300958884736,0.7133300958884736,,,,1.0
40,water_hl_gap_eV,76,0.9999999403953552,0.0,0.7133300958884736,0.7133300958884736,,,,1.0
40,water_hl_gap_eV,77,0.9999999403953552,0.0,0.7133300958884736,0.7133300958884736,,,,1.0
40,water_hl_gap_eV,78,0.9999999403953552,0.0,0.7133300958884736,0.7133300958884736,,,,1.0
40,water_hl_gap_eV,79,0.9999999403953552,0.0,0.7133300958884736,0.7133300958884736,,,,1.0
40,water_hl_gap_eV,80,0.9999999403953552,0.0,0.7133300958884736,0.7133300958884736,,,,1.0
40,water_hl_gap_eV,81,0.9999999403953552,0.0,0.7133300958884736,0.7133300958884736,,,,1.0
40,water_hl_gap_eV,82,0.9999999403953552,0.0,0.7133300958884736,0.7133300958884736,,,,1.0
40,water_hl_gap_eV,83,0.9999999403953552,0.0,0.7133300958884736,0.7133300958884736,,,,1.0
40,water_hl_gap_eV,84,0.9999999403953552,0.0,0.7133300958884736,0.7133300958884736,,,,1.0
40,water_hl_gap_eV,85,0.9999999403953552,0.0,0.7133300958884736,0.7133300958884736,,,,1.0
40,water_hl_gap_eV,86,0.9999999403953552,0.0,0.7133300958884736,0.7133300958884736,,,,1.0
40,water_hl_gap_eV,87,0.9999999403953552,0.0,0.7133300958884736,0.7133300958884736,,,,1.0
40,water_hl_gap_eV,88,0.9999999403953552,0.0,0.7133300958884736,0.7133300958884736,,,,1.0
40,water_hl_gap_eV,89,0.9999999403953552,0.0,0.7133300958884736,0.7133300958884736,,,,1.0
40,water_hl_gap_eV,90,0.9999999403953552,0.0,0.7133300958884736,0.7133300958884736,,,,1.0
40,water_hl_gap_eV,91,0.9999999403953552,0.0,0.7133300958884736,0.7133300958884736,,,,1.0
40,water_hl_gap_eV,92,0.9999999403953552,0.0,0.7133300958884736,0.7133300958884736,,,,1.0
40,water_hl_gap_eV,93,0.9999999403953552,0.0,0.7133300958884736,0.7133300958884736,,,,1.0
40,water_hl_gap_eV,94,0.9999999403953552,0.0,0.7133300958884736,0.7133300958884736,,,,1.0
40,water_hl_gap_eV,95,0.9999999403953552,0.0,0.7133300958884736,0.7133300958884736,,,,1.0
40,water_hl_gap_eV,96,0.9999999403953552,0.0,0.7133300958884736,0.7133300958884736,,,,1.0
40,water_hl_gap_eV,97,0.9999999403953552,0.0,0.7133300958884736,0.7133300958884736,,,,1.0
40,water_hl_gap_eV,98,0.9999999403953552,0.0,0.7133300958884736,0.7133300958884736,,,,1.0
40,water_hl_gap_eV,99,0.9999999403953552,0.0,0.7133300958884736,0.7133300958884736,,,,1.0
40,water_hl_gap_eV,100,0.9999999403953552,0.0,0.7133300958884736,0.7133300958884736,,,,1.0
40,water_hl_gap_eV,101,0.9999999403953552,0.0,0.7133300958884736,0.7133300958884736,,,,1.0
40,water_hl_gap_eV,102,0.9999999403953552,0.0,0.7133300958884736,0.7133300958884736,,,,1.0
40,water_hl_gap_eV,103,0.9999999403953552,0.0,0.7133300958884736,0.7133300958884736,,,,1.0
40,water_hl_gap_eV,104,0.9999999403953552,0.0,0.7133300958884736,0.7133300958884736,,,,1.0
40,water_hl_gap_eV,105,0.9999999403953552,0.0,0.7133300958884736,0.7133300958884736,,,,1.0
40,water_hl_gap_eV,106,0.9999999403953552,0.0,0.7133300958884736,0.7133300958884736,,,,1.0
40,water_hl_gap_eV,107,0.9999999403953552,0.0,0.7133300958884736,0.7133300958884736,,,,1.0
40,water_hl_gap_eV,108,0.9999999403953552,0.0,0.7133300958884736,0.7133300958884736,,,,1.0
40,water_hl_gap_eV,109,0.9999999403953552,0.0,0.7133300958884736,0.7133300958884736,,,,1.0
40,water_hl_gap_eV,110,0.9999999403953552,0.0,0.7133300958884736,0.7133300958884736,,,,1.0
40,water_hl_gap_eV,111,0.9999999403953552,0.0,0.7133300958884736,0.7133300958884736,,,,1.0
40,water_hl_gap_eV,112,0.9999999403953552,0.0,0.7133300958884736,0.7133300958884736,,,,1.0
40,water_hl_gap_eV,113,0.9999999403953552,0.0,0.7133300958884736,0.7133300958884736,,,,1.0
40,water_hl_gap_eV,114,0.9999999403953552,0.0,0.7133300958884736,0.7133300958884736,,,,1.0
40,water_hl_gap_eV,115,0.9999999403953552,0.0,0.7133300958884736,0.7133300958884736,,,,1.0
40,water_hl_gap_eV,116,0.9999999403953552,0.0,0.7133300958884736,0.7133300958884736,,,,1.0
40,water_hl_gap_eV,117,0.9999999403953552,0.0,0.7133300958884736,0.7133300958884736,,,,1.0
40,water_hl_gap_eV,118,0.9999999403953552,0.0,0.7133300958884736,0.7133300958884736,,,,1.0
40,water_hl_gap_eV,119,0.9999999403953552,0.0,0.7133300958884736,0.7133300958884736,,,,1.0
40,water_hl_gap_eV,120,0.9999999403953552,0.0,0.7133300958884736,0.7133300958884736,,,,1.0
40,water_hl_gap_eV,121,0.9999999403953552,0.0,0.7133300958884736,0.7133300958884736,,,,1.0
40,water_hl_gap_eV,122,0.9999999403953552,0.0,0.7133300958884736,0.7133300958884736,,,,1.0
40,water_hl_gap_eV,123,0.9999999403953552,0.0,0.7133300958884736,0.7133300958884736,,,,1.0
40,water_hl_gap_eV,124,0.9999999403953552,0.0,0.7133300958884736,0.7133300958884736,,,,1.0
40,water_hl_gap_eV,125,0.9999999403953552,0.0,0.7133300958884736,0.7133300958884736,,,,1.0
40,water_hl_gap_eV,126,0.9999999403953552,0.0,0.7133300958884736,0.7133300958884736,,,,1.0
40,water_hl_gap_eV,127,0.9999999403953552,0.0,0.7133300958884736,0.7133300958884736,,,,1.0
40,water_hl_gap_eV,128,0.9999999403953552,0.0,0.7133300958884736,0.7133300958884736,,,,1.0
40,water_hl_gap_eV,129,0.9999999403953552,0.0,0.7133300958884736,0.7133300958884736,,,,1.0
40,water_hl_gap_eV,130,0.9999999403953552,0.0,0.7133300958884736,0.7133300958884736,,,,1.0
40,water_hl_gap_eV,131,0.9999999403953552,0.0,0.7133300958884736,0.7133300958884736,,,,1.0
40,water_hl_gap_eV,132,0.9999999403953552,0.0,0.7133300958884736,0.7133300958884736,,,,1.0
40,water_hl_gap_eV,133,0.9999999403953552,0.0,0.7133300958884736,0.7133300958884736,,,,1.0
40,water_hl_gap_eV,134,0.9999999403953552,0.0,0.7133300958884736,0.7133300958884736,,,,1.0
40,water_hl_gap_eV,135,0.9999999403953552,0.0,0.7133300958884736,0.7133300958884736,,,,1.0
40,water_hl_gap_eV,136,0.9999999403953552,0.0,0.7133300958884736,0.7133300958884736,,,,1.0
40,water_hl_gap_eV,137,0.9999999403953552,0.0,0.7133300958884736,0.7133300958884736,,,,1.0
40,water_hl_gap_eV,138,0.9999999403953552,0.0,0.7133300958884736,0.7133300958884736,,,,1.0
40,water_hl_gap_eV,139,0.9999999403953552,0.0,0.7133300958884736,0.7133300958884736,,,,1.0
40,water_hl_gap_eV,140,0.9999999403953552,0.0,0.7133300958884736,0.7133300958884736,,,,1.0
40,water_hl_gap_eV,141,0.9999999403953552,0.0,0.7133300958884736,0.7133300958884736,,,,1.0
40,water_hl_gap_eV,142,0.9999999403953552,0.0,0.7133300958884736,0.7133300958884736,,,,1.0
40,water_hl_gap_eV,143,0.9999999403953552,0.0,0.7133300958884736,0.7133300958884736,,,,1.0
40,water_hl_gap_eV,144,0.9999999403953552,0.0,0.7133300958884736,0.7133300958884736,,,,1.0
40,water_hl_gap_eV,145,0.9999999403953552,0.0,0.7133300958884736,0.7133300958884736,,,,1.0
40,water_hl_gap_eV,146,0.9999999403953552,0.0,0.7133300958884736,0.7133300958884736,,,,1.0
40,water_hl_gap_eV,147,0.9999999403953552,0.0,0.7133300958884736,0.7133300958884736,,,,1.0
40,water_hl_gap_eV,148,0.9999999403953552,0.0,0.7133300958884736,0.7133300958884736,,,,1.0
40,water_hl_gap_eV,149,0.9999999403953552,0.0,0.7133300958884736,0.7133300958884736,,,,1.0
40,water_hl_gap_eV,150,0.9999999403953552,0.0,0.7133300958884736,0.7133300958884736,,,,1.0
40,water_hl_gap_eV,151,0.9999999403953552,0.0,0.7133300958884736,0.7133300958884736,,,,1.0
40,water_hl_gap_eV,152,0.9999999403953552,0.0,0.7133300958884736,0.7133300958884736,,,,1.0
40,water_hl_gap_eV,153,0.9999999403953552,0.0,0.7133300958884736,0.7133300958884736,,,,1.0
40,water_hl_gap_eV,154,0.9999999403953552,0.0,0.7133300958884736,0.7133300958884736,,,,1.0
40,water_hl_gap_eV,155,0.9999999403953552,0.0,0.7133300958884736,0.7133300958884736,,,,1.0
40,water_hl_gap_eV,156,0.9999999403953552,0.0,0.7133300958884736,0.7133300958884736,,,,1.0
40,water_hl_gap_eV,157,0.9999999403953552,0.0,0.7133300958884736,0.7133300958884736,,,,1.0
40,water_hl_gap_eV,158,0.9999999403953552,0.0,0.7133300958884736,0.7133300958884736,,,,1.0
40,water_hl_gap_eV,159,0.9999999403953552,0.0,0.7133300958884736,0.7133300958884736,,,,1.0
40,water_hl_gap_eV,160,0.9999999403953552,0.0,0.7133300958884736,0.7133300958884736,,,,1.0
40,water_hl_gap_eV,161,0.9999999403953552,0.0,0.7133300958884736,0.7133300958884736,,,,1.0
40,water_hl_gap_eV,162,0.9999999403953552,0.0,0.7133300958884736,0.7133300958884736,,,,1.0
40,water_hl_gap_eV,163,0.9999999403953552,0.0,0.7133300958884736,0.7133300958884736,,,,1.0
40,water_hl_gap_eV,164,0.9999999403953552,0.0,0.7133300958884736,0.7133300958884736,,,,1.0
40,water_hl_gap_eV,165,0.9999999403953552,0.0,0.7133300958884736,0.7133300958884736,,,,1.0
40,water_hl_gap_eV,166,0.9999999403953552,0.0,0.7133300958884736,0.7133300958884736,,,,1.0
40,water_hl_gap_eV,167,0.9999999403953552,0.0,0.7133300958884736,0.7133300958884736,,,,1.0
40,water_hl_gap_eV,168,0.9999999403953552,0.0,0.7133300958884736,0.7133300958884736,,,,1.0
40,water_hl_gap_eV,169,0.9999999403953552,0.0,0.7133300958884736,0.7133300958884736,,,,1.0
40,water_hl_gap_eV,170,0.9999999403953552,0.0,0.7133300958884736,0.7133300958884736,,,,1.0
40,water_hl_gap_eV,171,0.9999999403953552,0.0,0.7133300958884736,0.7133300958884736,,,,1.0
40,water_hl_gap_eV,172,0.9999999403953552,0.0,0.7133300958884736,0.7133300958884736,,,,1.0
40,water_hl_gap_eV,173,0.9999999403953552,0.0,0.7133300958884736,0.7133300958884736,,,,1.0
40,water_hl_gap_eV,174,0.9999999403953552,0.0,0.7133300958884736,0.7133300958884736,,,,1.0
40,water_hl_gap_eV,175,0.9999999403953552,0.0,0.7133300958884736,0.7133300958884736,,,,1.0
40,water_hl_gap_eV,176,0.9999999403953552,0.0,0.7133300958884736,0.7133300958884736,,,,1.0
40,water_hl_gap_eV,177,0.9999999403953552,0.0,0.7133300958884736,0.7133300958884736,,,,1.0
40,water_hl_gap_eV,178,0.9999999403953552,0.0,0.7133300958884736,0.7133300958884736,,,,1.0
40,water_hl_gap_eV,179,0.9999999403953552,0.0,0.7133300958884736,0.7133300958884736,,,,1.0
40,water_hl_gap_eV,180,0.9999999403953552,0.0,0.7133300958884736,0.7133300958884736,,,,1.0
40,water_hl_gap_eV,181,0.9999999403953552,0.0,0.7133300958884736,0.7133300958884736,,,,1.0
40,water_hl_gap_eV,182,0.9999999403953552,0.0,0.7133300958884736,0.7133300958884736,,,,1.0
40,water_hl_gap_eV,183,0.9999999403953552,0.0,0.7133300958884736,0.7133300958884736,,,,1.0
40,water_hl_gap_eV,184,0.9999999403953552,0.0,0.7133300958884736,0.7133300958884736,,,,1.0
40,water_hl_gap_eV,185,0.9999999403953552,0.0,0.7133300958884736,0.7133300958884736,,,,1.0
40,water_hl_gap_eV,186,0.9999999403953552,0.0,0.7133300958884736,0.7133300958884736,,,,1.0
40,water_hl_gap_eV,187,0.9999999403953552,0.0,0.7133300958884736,0.7133300958884736,,,,1.0
40,water_hl_gap_eV,188,0.9999999403953552,0.0,0.7133300958884736,0.7133300958884736,,,,1.0
40,water_hl_gap_eV,189,0.9999999403953552,0.0,0.7133300958884736,0.7133300958884736,,,,1.0
40,water_hl_gap_eV,190,0.9999999403953552,0.0,0.7133300958884736,0.7133300958884736,,,,1.0
40,water_hl_gap_eV,191,0.9999999403953552,0.0,0.7133300958884736,0.7133300958884736,,,,1.0
40,water_hl_gap_eV,192,0.9999999403953552,0.0,0.7133300958884736,0.7133300958884736,,,,1.0
40,water_hl_gap_eV,193,0.9999999403953552,0.0,0.7133300958884736,0.7133300958884736,,,,1.0
40,water_hl_gap_eV,194,0.9999999403953552,0.0,0.7133300958884736,0.7133300958884736,,,,1.0
40,water_hl_gap_eV,195,0.9999999403953552,0.0,0.7133300958884736,0.7133300958884736,,,,1.0
40,water_hl_gap_eV,196,0.9999999403953552,0.0,0.7133300958884736,0.7133300958884736,,,,1.0
40,water_hl_gap_eV,197,0.9999999403953552,0.0,0.7133300958884736,0.7133300958884736,,,,1.0
40,water_hl_gap_eV,198,0.9999999403953552,0.0,0.7133300958884736,0.7133300958884736,,,,1.0
40,water_hl_gap_eV,199,0.9999999403953552,0.0,0.7133300958884736,0.7133300958884736,,,,1.0
40,water_hl_gap_eV,200,0.9999999403953552,0.0,0.7133300958884736,0.7133300958884736,,,,1.0
40,water_hl_gap_eV,201,0.9999999403953552,0.0,0.7133300958884736,0.7133300958884736,,,,1.0
40,water_hl_gap_eV,202,0.9999999403953552,0.0,0.7133300958884736,0.7133300958884736,,,,1.0
40,water_hl_gap_eV,203,0.9999999403953552,0.0,0.7133300958884736,0.7133300958884736,,,,1.0
40,water_hl_gap_eV,204,0.9999999403953552,0.0,0.7133300958884736,0.7133300958884736,,,,1.0
40,water_hl_gap_eV,205,0.9999999403953552,0.0,0.7133300958884736,0.7133300958884736,,,,1.0
40,water_hl_gap_eV,206,0.9999999403953552,0.0,0.7133300958884736,0.7133300958884736,,,,1.0
40,water_hl_gap_eV,207,0.9999999403953552,0.0,0.7133300958884736,0.7133300958884736,,,,1.0
40,water_hl_gap_eV,208,0.9999999403953552,0.0,0.7133300958884736,0.7133300958884736,,,,1.0
40,water_hl_gap_eV,209,0.9999999403953552,0.0,0.7133300958884736,0.7133300958884736,,,,1.0
40,water_hl_gap_eV,210,0.9999999403953552,0.0,0.7133300958884736,0.7133300958884736,,,,1.0
40,water_hl_gap_eV,211,0.9999999403953552,0.0,0.7133300958884736,0.7133300958884736,,,,1.0
40,water_hl_gap_eV,212,0.9999999403953552,0.0,0.7133300958884736,0.7133300958884736,,,,1.0
40,water_hl_gap_eV,213,0.9999999403953552,0.0,0.7133300958884736,0.7133300958884736,,,,1.0
40,water_hl_gap_eV,214,0.9999999403953552,0.0,0.7133300958884736,0.7133300958884736,,,,1.0
40,water_hl_gap_eV,215,0.9999999403953552,0.0,0.7133300958884736,0.7133300958884736,,,,1.0
40,water_hl_gap_eV,216,0.9999999403953552,0.0,0.7133300958884736,0.7133300958884736,,,,1.0
40,water_hl_gap_eV,217,0.9999999403953552,0.0,0.7133300958884736,0.7133300958884736,,,,1.0
40,water_hl_gap_eV,218,0.9999999403953552,0.0,0.7133300958884736,0.7133300958884736,,,,1.0
40,water_hl_gap_eV,219,0.9999999403953552,0.0,0.7133300958884736,0.7133300958884736,,,,1.0
40,water_hl_gap_eV,220,0.9999999403953552,0.0,0.7133300958884736,0.7133300958884736,,,,1.0
40,water_hl_gap_eV,221,0.9999999403953552,0.0,0.7133300958884736,0.7133300958884736,,,,1.0
40,water_hl_gap_eV,222,0.9999999403953552,0.0,0.7133300958884736,0.7133300958884736,,,,1.0
40,water_hl_gap_eV,223,0.9999999403953552,0.0,0.7133300958884736,0.7133300958884736,,,,1.0
40,water_hl_gap_eV,224,0.9999999403953552,0.0,0.7133300958884736,0.7133300958884736,,,,1.0
40,water_hl_gap_eV,225,0.9999999403953552,0.0,0.7133300958884736,0.7133300958884736,,,,1.0
40,water_hl_gap_eV,226,0.9999999403953552,0.0,0.7133300958884736,0.7133300958884736,,,,1.0
40,water_hl_gap_eV,227,0.9999999403953552,0.0,0.7133300958884736,0.7133300958884736,,,,1.0
40,water_hl_gap_eV,228,0.9999999403953552,0.0,0.7133300958884736,0.7133300958884736,,,,1.0
40,water_hl_gap_eV,229,0.9999999403953552,0.0,0.7133300958884736,0.7133300958884736,,,,1.0
40,water_hl_gap_eV,230,0.9999999403953552,0.0,0.7133300958884736,0.7133300958884736,,,,1.0
40,water_hl_gap_eV,231,0.9999999403953552,0.0,0.7133300958884736,0.7133300958884736,,,,1.0
40,water_hl_gap_eV,232,0.9999999403953552,0.0,0.7133300958884736,0.7133300958884736,,,,1.0
40,water_hl_gap_eV,233,0.9999999403953552,0.0,0.7133300958884736,0.7133300958884736,,,,1.0
40,water_hl_gap_eV,234,0.9999999403953552,0.0,0.7133300958884736,0.7133300958884736,,,,1.0
40,water_hl_gap_eV,235,0.9999999403953552,0.0,0.7133300958884736,0.7133300958884736,,,,1.0
40,water_hl_gap_eV,236,0.9999999403953552,0.0,0.7133300958884736,0.7133300958884736,,,,1.0
40,water_hl_gap_eV,237,0.9999999403953552,0.0,0.7133300958884736,0.7133300958884736,,,,1.0
40,water_hl_gap_eV,238,0.9999999403953552,0.0,0.7133300958884736,0.7133300958884736,,,,1.0
40,water_hl_gap_eV,239,0.9999999403953552,0.0,0.7133300958884736,0.7133300958884736,,,,1.0
40,water_hl_gap_eV,240,0.9999999403953552,0.0,0.7133300958884736,0.7133300958884736,,,,1.0
40,water_hl_gap_eV,241,0.9999999403953552,0.0,0.7133300958884736,0.7133300958884736,,,,1.0
40,water_hl_gap_eV,242,0.9999999403953552,0.0,0.7133300958884736,0.7133300958884736,,,,1.0
40,water_hl_gap_eV,243,0.9999999403953552,0.0,0.7133300958884736,0.7133300958884736,,,,1.0
40,water_hl_gap_eV,244,0.9999999403953552,0.0,0.7133300958884736,0.7133300958884736,,,,1.0
40,water_hl_gap_eV,245,0.9999999403953552,0.0,0.7133300958884736,0.7133300958884736,,,,1.0
40,water_hl_gap_eV,246,0.9999999403953552,0.0,0.7133300958884736,0.7133300958884736,,,,1.0
40,water_hl_gap_eV,247,0.9999999403953552,0.0,0.7133300958884736,0.7133300958884736,,,,1.0
40,water_hl_gap_eV,248,0.9999999403953552,0.0,0.7133300958884736,0.7133300958884736,,,,1.0
40,water_hl_gap_eV,249,0.9999999403953552,0.0,0.7133300958884736,0.7133300958884736,,,,1.0
40,water_dipole,0,0.9999998807907104,0.0,0.5801226837289664,0.5801226837289664,,,,1.0
40,water_dipole,1,0.9999998807907104,0.0,0.5801226837289664,0.5801226837289664,,,,1.0
40,water_dipole,2,0.9999998807907104,0.0,0.5801226837289664,0.5801226837289664,,,,1.0
40,water_dipole,3,0.9999998807907104,0.0,0.5801226837289664,0.5801226837289664,,,,1.0
40,water_dipole,4,0.9999998807907104,0.0,0.5801226837289664,0.5801226837289664,,,,1.0
40,water_dipole,5,0.9999998807907104,0.0,0.5801226837289664,0.5801226837289664,,,,1.0
40,water_dipole,6,0.9999998807907104,0.0,0.5801226837289664,0.5801226837289664,,,,1.0
40,water_dipole,7,0.9999998807907104,0.0,0.5801226837289664,0.5801226837289664,,,,1.0
40,water_dipole,8,0.9999998807907104,0.0,0.5801226837289664,0.5801226837289664,,,,1.0
40,water_dipole,9,0.9999998807907104,0.0,0.5801226837289664,0.5801226837289664,,,,1.0
40,water_dipole,10,0.9999998807907104,0.0,0.5801226837289664,0.5801226837289664,,,,1.0
40,water_dipole,11,0.9999998807907104,0.0,0.5801226837289664,0.5801226837289664,,,,1.0
40,water_dipole,12,0.9999998807907104,0.0,0.5801226837289664,0.5801226837289664,,,,1.0
40,water_dipole,13,0.9999998807907104,0.0,0.5801226837289664,0.5801226837289664,,,,1.0
40,water_dipole,14,0.9999998807907104,0.0,0.5801226837289664,0.5801226837289664,,,,1.0
40,water_dipole,15,0.9999998807907104,0.0,0.5801226837289664,0.5801226837289664,,,,1.0
40,water_dipole,16,0.9999998807907104,0.0,0.5801226837289664,0.5801226837289664,,,,1.0
40,water_dipole,17,0.9999998807907104,0.0,0.5801226837289664,0.5801226837289664,,,,1.0
40,water_dipole,18,0.9999998807907104,0.0,0.5801226837289664,0.5801226837289664,,,,1.0
40,water_dipole,19,0.9999998807907104,0.0,0.5801226837289664,0.5801226837289664,,,,1.0
40,water_dipole,20,0.9999998807907104,0.0,0.5801226837289664,0.5801226837289664,,,,1.0
40,water_dipole,21,0.9999998807907104,0.0,0.5801226837289664,0.5801226837289664,,,,1.0
40,water_dipole,22,0.9999998807907104,0.0,0.5801226837289664,0.5801226837289664,,,,1.0
40,water_dipole,23,0.9999998807907104,0.0,0.5801226837289664,0.5801226837289664,,,,1.0
40,water_dipole,24,0.9999998807907104,0.0,0.5801226837289664,0.5801226837289664,,,,1.0
40,water_dipole,25,0.9999998807907104,0.0,0.5801226837289664,0.5801226837289664,,,,1.0
40,water_dipole,26,0.9999998807907104,0.0,0.5801226837289664,0.5801226837289664,,,,1.0
40,water_dipole,27,0.9999998807907104,0.0,0.5801226837289664,0.5801226837289664,,,,1.0
40,water_dipole,28,0.9999998807907104,0.0,0.5801226837289664,0.5801226837289664,,,,1.0
40,water_dipole,29,0.9999998807907104,0.0,0.5801226837289664,0.5801226837289664,,,,1.0
40,water_dipole,30,0.9999998807907104,0.0,0.5801226837289664,0.5801226837289664,,,,1.0
40,water_dipole,31,0.9999998807907104,0.0,0.5801226837289664,0.5801226837289664,,,,1.0
40,water_dipole,32,0.9999998807907104,0.0,0.5801226837289664,0.5801226837289664,,,,1.0
40,water_dipole,33,0.9999998807907104,0.0,0.5801226837289664,0.5801226837289664,,,,1.0
40,water_dipole,34,0.9999998807907104,0.0,0.5801226837289664,0.5801226837289664,,,,1.0
40,water_dipole,35,0.9999998807907104,0.0,0.5801226837289664,0.5801226837289664,,,,1.0
40,water_dipole,36,0.9999998807907104,0.0,0.5801226837289664,0.5801226837289664,,,,1.0
40,water_dipole,37,0.9999998807907104,0.0,0.5801226837289664,0.5801226837289664,,,,1.0
40,water_dipole,38,0.9999998807907104,0.0,0.5801226837289664,0.5801226837289664,,,,1.0
40,water_dipole,39,0.9999998807907104,0.0,0.5801226837289664,0.5801226837289664,,,,1.0
40,water_dipole,40,0.9999998807907104,0.0,0.5801226837289664,0.5801226837289664,,,,1.0
40,water_dipole,41,0.9999998807907104,0.0,0.5801226837289664,0.5801226837289664,,,,1.0
40,water_dipole,42,0.9999998807907104,0.0,0.5801226837289664,0.5801226837289664,,,,1.0
40,water_dipole,43,0.9999998807907104,0.0,0.5801226837289664,0.5801226837289664,,,,1.0
40,water_dipole,44,0.9999998807907104,0.0,0.5801226837289664,0.5801226837289664,,,,1.0
40,water_dipole,45,0.9999998807907104,0.0,0.5801226837289664,0.5801226837289664,,,,1.0
40,water_dipole,46,0.9999998807907104,0.0,0.5801226837289664,0.5801226837289664,,,,1.0
40,water_dipole,47,0.9999998807907104,0.0,0.5801226837289664,0.5801226837289664,,,,1.0
40,water_dipole,48,0.9999998807907104,0.0,0.5801226837289664,0.5801226837289664,,,,1.0
40,water_dipole,49,0.9999998807907104,0.0,0.5801226837289664,0.5801226837289664,,,,1.0
40,water_dipole,50,0.9999998807907104,0.0,0.5801226837289664,0.5801226837289664,,,,1.0
40,water_dipole,51,0.9999998807907104,0.0,0.5801226837289664,0.5801226837289664,,,,1.0
40,water_dipole,52,0.9999998807907104,0.0,0.5801226837289664,0.5801226837289664,,,,1.0
40,water_dipole,53,0.9999998807907104,0.0,0.5801226837289664,0.5801226837289664,,,,1.0
40,water_dipole,54,0.9999998807907104,0.0,0.5801226837289664,0.5801226837289664,,,,1.0
40,water_dipole,55,0.9999998807907104,0.0,0.5801226837289664,0.5801226837289664,,,,1.0
40,water_dipole,56,0.9999998807907104,0.0,0.5801226837289664,0.5801226837289664,,,,1.0
40,water_dipole,57,0.9999998807907104,0.0,0.5801226837289664,0.5801226837289664,,,,1.0
40,water_dipole,58,0.9999998807907104,0.0,0.5801226837289664,0.5801226837289664,,,,1.0
40,water_dipole,59,0.9999998807907104,0.0,0.5801226837289664,0.5801226837289664,,,,1.0
40,water_dipole,60,0.9999998807907104,0.0,0.5801226837289664,0.5801226837289664,,,,1.0
40,water_dipole,61,0.9999998807907104,0.0,0.5801226837289664,0.5801226837289664,,,,1.0
40,water_dipole,62,0.9999998807907104,0.0,0.5801226837289664,0.5801226837289664,,,,1.0
40,water_dipole,63,0.9999998807907104,0.0,0.5801226837289664,0.5801226837289664,,,,1.0
40,water_dipole,64,0.9999998807907104,0.0,0.5801226837289664,0.5801226837289664,,,,1.0
40,water_dipole,65,0.9999998807907104,0.0,0.5801226837289664,0.5801226837289664,,,,1.0
40,water_dipole,66,0.9999998807907104,0.0,0.5801226837289664,0.5801226837289664,,,,1.0
40,water_dipole,67,0.9999998807907104,0.0,0.5801226837289664,0.5801226837289664,,,,1.0
40,water_dipole,68,0.9999998807907104,0.0,0.5801226837289664,0.5801226837289664,,,,1.0
40,water_dipole,69,0.9999998807907104,0.0,0.5801226837289664,0.5801226837289664,,,,1.0
40,water_dipole,70,0.9999998807907104,0.0,0.5801226837289664,0.5801226837289664,,,,1.0
40,water_dipole,71,0.9999998807907104,0.0,0.5801226837289664,0.5801226837289664,,,,1.0
40,water_dipole,72,0.9999998807907104,0.0,0.5801226837289664,0.5801226837289664,,,,1.0
40,water_dipole,73,0.9999998807907104,0.0,0.5801226837289664,0.5801226837289664,,,,1.0
40,water_dipole,74,0.9999998807907104,0.0,0.5801226837289664,0.5801226837289664,,,,1.0
40,water_dipole,75,0.9999998807907104,0.0,0.5801226837289664,0.5801226837289664,,,,1.0
40,water_dipole,76,0.9999998807907104,0.0,0.5801226837289664,0.5801226837289664,,,,1.0
40,water_dipole,77,0.9999998807907104,0.0,0.5801226837289664,0.5801226837289664,,,,1.0
40,water_dipole,78,0.9999998807907104,0.0,0.5801226837289664,0.5801226837289664,,,,1.0
40,water_dipole,79,0.9999998807907104,0.0,0.5801226837289664,0.5801226837289664,,,,1.0
40,water_dipole,80,0.9999998807907104,0.0,0.5801226837289664,0.5801226837289664,,,,1.0
40,water_dipole,81,0.9999998807907104,0.0,0.5801226837289664,0.5801226837289664,,,,1.0
40,water_dipole,82,0.9999998807907104,0.0,0.5801226837289664,0.5801226837289664,,,,1.0
40,water_dipole,83,0.9999998807907104,0.0,0.5801226837289664,0.5801226837289664,,,,1.0
40,water_dipole,84,0.9999998807907104,0.0,0.5801226837289664,0.5801226837289664,,,,1.0
40,water_dipole,85,0.9999998807907104,0.0,0.5801226837289664,0.5801226837289664,,,,1.0
40,water_dipole,86,0.9999998807907104,0.0,0.5801226837289664,0.5801226837289664,,,,1.0
40,water_dipole,87,0.9999998807907104,0.0,0.5801226837289664,0.5801226837289664,,,,1.0
40,water_dipole,88,0.9999998807907104,0.0,0.5801226837289664,0.5801226837289664,,,,1.0
40,water_dipole,89,0.9999998807907104,0.0,0.5801226837289664,0.5801226837289664,,,,1.0
40,water_dipole,90,0.9999998807907104,0.0,0.5801226837289664,0.5801226837289664,,,,1.0
40,water_dipole,91,0.9999998807907104,0.0,0.5801226837289664,0.5801226837289664,,,,1.0
40,water_dipole,92,0.9999998807907104,0.0,0.5801226837289664,0.5801226837289664,,,,1.0
40,water_dipole,93,0.9999998807907104,0.0,0.5801226837289664,0.5801226837289664,,,,1.0
40,water_dipole,94,0.9999998807907104,0.0,0.5801226837289664,0.5801226837289664,,,,1.0
40,water_dipole,95,0.9999998807907104,0.0,0.5801226837289664,0.5801226837289664,,,,1.0
40,water_dipole,96,0.9999998807907104,0.0,0.5801226837289664,0.5801226837289664,,,,1.0
40,water_dipole,97,0.9999998807907104,0.0,0.5801226837289664,0.5801226837289664,,,,1.0
40,water_dipole,98,0.9999998807907104,0.0,0.5801226837289664,0.5801226837289664,,,,1.0
40,water_dipole,99,0.9999998807907104,0.0,0.5801226837289664,0.5801226837289664,,,,1.0
40,water_dipole,100,0.9999998807907104,0.0,0.5801226837289664,0.5801226837289664,,,,1.0
40,water_dipole,101,0.9999998807907104,0.0,0.5801226837289664,0.5801226837289664,,,,1.0
40,water_dipole,102,0.9999998807907104,0.0,0.5801226837289664,0.5801226837289664,,,,1.0
40,water_dipole,103,0.9999998807907104,0.0,0.5801226837289664,0.5801226837289664,,,,1.0
40,water_dipole,104,0.9999998807907104,0.0,0.5801226837289664,0.5801226837289664,,,,1.0
40,water_dipole,105,0.9999998807907104,0.0,0.5801226837289664,0.5801226837289664,,,,1.0
40,water_dipole,106,0.9999998807907104,0.0,0.5801226837289664,0.5801226837289664,,,,1.0
40,water_dipole,107,0.9999998807907104,0.0,0.5801226837289664,0.5801226837289664,,,,1.0
40,water_dipole,108,0.9999998807907104,0.0,0.5801226837289664,0.5801226837289664,,,,1.0
40,water_dipole,109,0.9999998807907104,0.0,0.5801226837289664,0.5801226837289664,,,,1.0
40,water_dipole,110,0.9999998807907104,0.0,0.5801226837289664,0.5801226837289664,,,,1.0
40,water_dipole,111,0.9999998807907104,0.0,0.5801226837289664,0.5801226837289664,,,,1.0
40,water_dipole,112,0.9999998807907104,0.0,0.5801226837289664,0.5801226837289664,,,,1.0
40,water_dipole,113,0.9999998807907104,0.0,0.5801226837289664,0.5801226837289664,,,,1.0
40,water_dipole,114,0.9999998807907104,0.0,0.5801226837289664,0.5801226837289664,,,,1.0
40,water_dipole,115,0.9999998807907104,0.0,0.5801226837289664,0.5801226837289664,,,,1.0
40,water_dipole,116,0.9999998807907104,0.0,0.5801226837289664,0.5801226837289664,,,,1.0
40,water_dipole,117,0.9999998807907104,0.0,0.5801226837289664,0.5801226837289664,,,,1.0
40,water_dipole,118,0.9999998807907104,0.0,0.5801226837289664,0.5801226837289664,,,,1.0
40,water_dipole,119,0.9999998807907104,0.0,0.5801226837289664,0.5801226837289664,,,,1.0
40,water_dipole,120,0.9999998807907104,0.0,0.5801226837289664,0.5801226837289664,,,,1.0
40,water_dipole,121,0.9999998807907104,0.0,0.5801226837289664,0.5801226837289664,,,,1.0
40,water_dipole,122,0.9999998807907104,0.0,0.5801226837289664,0.5801226837289664,,,,1.0
40,water_dipole,123,0.9999998807907104,0.0,0.5801226837289664,0.5801226837289664,,,,1.0
40,water_dipole,124,0.9999998807907104,0.0,0.5801226837289664,0.5801226837289664,,,,1.0
40,water_dipole,125,0.9999998807907104,0.0,0.5801226837289664,0.5801226837289664,,,,1.0
40,water_dipole,126,0.9999998807907104,0.0,0.5801226837289664,0.5801226837289664,,,,1.0
40,water_dipole,127,0.9999998807907104,0.0,0.5801226837289664,0.5801226837289664,,,,1.0
40,water_dipole,128,0.9999998807907104,0.0,0.5801226837289664,0.5801226837289664,,,,1.0
40,water_dipole,129,0.9999998807907104,0.0,0.5801226837289664,0.5801226837289664,,,,1.0
40,water_dipole,130,0.9999998807907104,0.0,0.5801226837289664,0.5801226837289664,,,,1.0
40,water_dipole,131,0.9999998807907104,0.0,0.5801226837289664,0.5801226837289664,,,,1.0
40,water_dipole,132,0.9999998807907104,0.0,0.5801226837289664,0.5801226837289664,,,,1.0
40,water_dipole,133,0.9999998807907104,0.0,0.5801226837289664,0.5801226837289664,,,,1.0
40,water_dipole,134,0.9999998807907104,0.0,0.5801226837289664,0.5801226837289664,,,,1.0
40,water_dipole,135,0.9999998807907104,0.0,0.5801226837289664,0.5801226837289664,,,,1.0
40,water_dipole,136,0.9999998807907104,0.0,0.5801226837289664,0.5801226837289664,,,,1.0
40,water_dipole,137,0.9999998807907104,0.0,0.5801226837289664,0.5801226837289664,,,,1.0
40,water_dipole,138,0.9999998807907104,0.0,0.5801226837289664,0.5801226837289664,,,,1.0
40,water_dipole,139,0.9999998807907104,0.0,0.5801226837289664,0.5801226837289664,,,,1.0
40,water_dipole,140,0.9999998807907104,0.0,0.5801226837289664,0.5801226837289664,,,,1.0
40,water_dipole,141,0.9999998807907104,0.0,0.5801226837289664,0.5801226837289664,,,,1.0
40,water_dipole,142,0.9999998807907104,0.0,0.5801226837289664,0.5801226837289664,,,,1.0
40,water_dipole,143,0.9999998807907104,0.0,0.5801226837289664,0.5801226837289664,,,,1.0
40,water_dipole,144,0.9999998807907104,0.0,0.5801226837289664,0.5801226837289664,,,,1.0
40,water_dipole,145,0.9999998807907104,0.0,0.5801226837289664,0.5801226837289664,,,,1.0
40,water_dipole,146,0.9999998807907104,0.0,0.5801226837289664,0.5801226837289664,,,,1.0
40,water_dipole,147,0.9999998807907104,0.0,0.5801226837289664,0.5801226837289664,,,,1.0
40,water_dipole,148,0.9999998807907104,0.0,0.5801226837289664,0.5801226837289664,,,,1.0
40,water_dipole,149,0.9999998807907104,0.0,0.5801226837289664,0.5801226837289664,,,,1.0
40,water_dipole,150,0.9999998807907104,0.0,0.5801226837289664,0.5801226837289664,,,,1.0
40,water_dipole,151,0.9999998807907104,0.0,0.5801226837289664,0.5801226837289664,,,,1.0
40,water_dipole,152,0.9999998807907104,0.0,0.5801226837289664,0.5801226837289664,,,,1.0
40,water_dipole,153,0.9999998807907104,0.0,0.5801226837289664,0.5801226837289664,,,,1.0
40,water_dipole,154,0.9999998807907104,0.0,0.5801226837289664,0.5801226837289664,,,,1.0
40,water_dipole,155,0.9999998807907104,0.0,0.5801226837289664,0.5801226837289664,,,,1.0
40,water_dipole,156,0.9999998807907104,0.0,0.5801226837289664,0.5801226837289664,,,,1.0
40,water_dipole,157,0.9999998807907104,0.0,0.5801226837289664,0.5801226837289664,,,,1.0
40,water_dipole,158,0.9999998807907104,0.0,0.5801226837289664,0.5801226837289664,,,,1.0
40,water_dipole,159,0.9999998807907104,0.0,0.5801226837289664,0.5801226837289664,,,,1.0
40,water_dipole,160,0.9999998807907104,0.0,0.5801226837289664,0.5801226837289664,,,,1.0
40,water_dipole,161,0.9999998807907104,0.0,0.5801226837289664,0.5801226837289664,,,,1.0
40,water_dipole,162,0.9999998807907104,0.0,0.5801226837289664,0.5801226837289664,,,,1.0
40,water_dipole,163,0.9999998807907104,0.0,0.5801226837289664,0.5801226837289664,,,,1.0
40,water_dipole,164,0.9999998807907104,0.0,0.5801226837289664,0.5801226837289664,,,,1.0
40,water_dipole,165,0.9999998807907104,0.0,0.5801226837289664,0.5801226837289664,,,,1.0
40,water_dipole,166,0.9999998807907104,0.0,0.5801226837289664,0.5801226837289664,,,,1.0
40,water_dipole,167,0.9999998807907104,0.0,0.5801226837289664,0.5801226837289664,,,,1.0
40,water_dipole,168,0.9999998807907104,0.0,0.5801226837289664,0.5801226837289664,,,,1.0
40,water_dipole,169,0.9999998807907104,0.0,0.5801226837289664,0.5801226837289664,,,,1.0
40,water_dipole,170,0.9999998807907104,0.0,0.5801226837289664,0.5801226837289664,,,,1.0
40,water_dipole,171,0.9999998807907104,0.0,0.5801226837289664,0.5801226837289664,,,,1.0
40,water_dipole,172,0.9999998807907104,0.0,0.5801226837289664,0.5801226837289664,,,,1.0
40,water_dipole,173,0.9999998807907104,0.0,0.5801226837289664,0.5801226837289664,,,,1.0
40,water_dipole,174,0.9999998807907104,0.0,0.5801226837289664,0.5801226837289664,,,,1.0
40,water_dipole,175,0.9999998807907104,0.0,0.5801226837289664,0.5801226837289664,,,,1.0
40,water_dipole,176,0.9999998807907104,0.0,0.5801226837289664,0.5801226837289664,,,,1.0
40,water_dipole,177,0.9999998807907104,0.0,0.5801226837289664,0.5801226837289664,,,,1.0
40,water_dipole,178,0.9999998807907104,0.0,0.5801226837289664,0.5801226837289664,,,,1.0
40,water_dipole,179,0.9999998807907104,0.0,0.5801226837289664,0.5801226837289664,,,,1.0
40,water_dipole,180,0.9999998807907104,0.0,0.5801226837289664,0.5801226837289664,,,,1.0
40,water_dipole,181,0.9999998807907104,0.0,0.5801226837289664,0.5801226837289664,,,,1.0
40,water_dipole,182,0.9999998807907104,0.0,0.5801226837289664,0.5801226837289664,,,,1.0
40,water_dipole,183,0.9999998807907104,0.0,0.5801226837289664,0.5801226837289664,,,,1.0
40,water_dipole,184,0.9999998807907104,0.0,0.5801226837289664,0.5801226837289664,,,,1.0
40,water_dipole,185,0.9999998807907104,0.0,0.5801226837289664,0.5801226837289664,,,,1.0
40,water_dipole,186,0.9999998807907104,0.0,0.5801226837289664,0.5801226837289664,,,,1.0
40,water_dipole,187,0.9999998807907104,0.0,0.5801226837289664,0.5801226837289664,,,,1.0
40,water_dipole,188,0.9999998807907104,0.0,0.5801226837289664,0.5801226837289664,,,,1.0
40,water_dipole,189,0.9999998807907104,0.0,0.5801226837289664,0.5801226837289664,,,,1.0
40,water_dipole,190,0.9999998807907104,0.0,0.5801226837289664,0.5801226837289664,,,,1.0
40,water_dipole,191,0.9999998807907104,0.0,0.5801226837289664,0.5801226837289664,,,,1.0
40,water_dipole,192,0.9999998807907104,0.0,0.5801226837289664,0.5801226837289664,,,,1.0
40,water_dipole,193,0.9999998807907104,0.0,0.5801226837289664,0.5801226837289664,,,,1.0
40,water_dipole,194,0.9999998807907104,0.0,0.5801226837289664,0.5801226837289664,,,,1.0
40,water_dipole,195,0.9999998807907104,0.0,0.5801226837289664,0.5801226837289664,,,,1.0
40,water_dipole,196,0.9999998807907104,0.0,0.5801226837289664,0.5801226837289664,,,,1.0
40,water_dipole,197,0.9999998807907104,0.0,0.5801226837289664,0.5801226837289664,,,,1.0
40,water_dipole,198,0.9999998807907104,0.0,0.5801226837289664,0.5801226837289664,,,,1.0
40,water_dipole,199,0.9999998807907104,0.0,0.5801226837289664,0.5801226837289664,,,,1.0
40,water_dipole,200,0.9999998807907104,0.0,0.5801226837289664,0.5801226837289664,,,,1.0
40,water_dipole,201,0.9999998807907104,0.0,0.5801226837289664,0.5801226837289664,,,,1.0
40,water_dipole,202,0.9999998807907104,0.0,0.5801226837289664,0.5801226837289664,,,,1.0
40,water_dipole,203,0.9999998807907104,0.0,0.5801226837289664,0.5801226837289664,,,,1.0
40,water_dipole,204,0.9999998807907104,0.0,0.5801226837289664,0.5801226837289664,,,,1.0
40,water_dipole,205,0.9999998807907104,0.0,0.5801226837289664,0.5801226837289664,,,,1.0
40,water_dipole,206,0.9999998807907104,0.0,0.5801226837289664,0.5801226837289664,,,,1.0
40,water_dipole,207,0.9999998807907104,0.0,0.5801226837289664,0.5801226837289664,,,,1.0
40,water_dipole,208,0.9999998807907104,0.0,0.5801226837289664,0.5801226837289664,,,,1.0
40,water_dipole,209,0.9999998807907104,0.0,0.5801226837289664,0.5801226837289664,,,,1.0
40,water_dipole,210,0.9999998807907104,0.0,0.5801226837289664,0.5801226837289664,,,,1.0
40,water_dipole,211,0.9999998807907104,0.0,0.5801226837289664,0.5801226837289664,,,,1.0
40,water_dipole,212,0.9999998807907104,0.0,0.5801226837289664,0.5801226837289664,,,,1.0
40,water_dipole,213,0.9999998807907104,0.0,0.5801226837289664,0.5801226837289664,,,,1.0
40,water_dipole,214,0.9999998807907104,0.0,0.5801226837289664,0.5801226837289664,,,,1.0
40,water_dipole,215,0.9999998807907104,0.0,0.5801226837289664,0.5801226837289664,,,,1.0
40,water_dipole,216,0.9999998807907104,0.0,0.5801226837289664,0.5801226837289664,,,,1.0
40,water_dipole,217,0.9999998807907104,0.0,0.5801226837289664,0.5801226837289664,,,,1.0
40,water_dipole,218,0.9999998807907104,0.0,0.5801226837289664,0.5801226837289664,,,,1.0
40,water_dipole,219,0.9999998807907104,0.0,0.5801226837289664,0.5801226837289664,,,,1.0
40,water_dipole,220,0.9999998807907104,0.0,0.5801226837289664,0.5801226837289664,,,,1.0
40,water_dipole,221,0.9999998807907104,0.0,0.5801226837289664,0.5801226837289664,,,,1.0
40,water_dipole,222,0.9999998807907104,0.0,0.5801226837289664,0.5801226837289664,,,,1.0
40,water_dipole,223,0.9999998807907104,0.0,0.5801226837289664,0.5801226837289664,,,,1.0
40,water_dipole,224,0.9999998807907104,0.0,0.5801226837289664,0.5801226837289664,,,,1.0
40,water_dipole,225,0.9999998807907104,0.0,0.5801226837289664,0.5801226837289664,,,,1.0
40,water_dipole,226,0.9999998807907104,0.0,0.5801226837289664,0.5801226837289664,,,,1.0
40,water_dipole,227,0.9999998807907104,0.0,0.5801226837289664,0.5801226837289664,,,,1.0
40,water_dipole,228,0.9999998807907104,0.0,0.5801226837289664,0.5801226837289664,,,,1.0
40,water_dipole,229,0.9999998807907104,0.0,0.5801226837289664,0.5801226837289664,,,,1.0
40,water_dipole,230,0.9999998807907104,0.0,0.5801226837289664,0.5801226837289664,,,,1.0
40,water_dipole,231,0.9999998807907104,0.0,0.5801226837289664,0.5801226837289664,,,,1.0
40,water_dipole,232,0.9999998807907104,0.0,0.5801226837289664,0.5801226837289664,,,,1.0
40,water_dipole,233,0.9999998807907104,0.0,0.5801226837289664,0.5801226837289664,,,,1.0
40,water_dipole,234,0.9999998807907104,0.0,0.5801226837289664,0.5801226837289664,,,,1.0
40,water_dipole,235,0.9999998807907104,0.0,0.5801226837289664,0.5801226837289664,,,,1.0
40,water_dipole,236,0.9999998807907104,0.0,0.5801226837289664,0.5801226837289664,,,,1.0
40,water_dipole,237,0.9999998807907104,0.0,0.5801226837289664,0.5801226837289664,,,,1.0
40,water_dipole,238,0.9999998807907104,0.0,0.5801226837289664,0.5801226837289664,,,,1.0
40,water_dipole,239,0.9999998807907104,0.0,0.5801226837289664,0.5801226837289664,,,,1.0
40,water_dipole,240,0.9999998807907104,0.0,0.5801226837289664,0.5801226837289664,,,,1.0
40,water_dipole,241,0.9999998807907104,0.0,0.5801226837289664,0.5801226837289664,,,,1.0
40,water_dipole,242,0.9999998807907104,0.0,0.5801226837289664,0.5801226837289664,,,,1.0
40,water_dipole,243,0.9999998807907104,0.0,0.5801226837289664,0.5801226837289664,,,,1.0
40,water_dipole,244,0.9999998807907104,0.0,0.5801226837289664,0.5801226837289664,,,,1.0
40,water_dipole,245,0.9999998807907104,0.0,0.5801226837289664,0.5801226837289664,,,,1.0
40,water_dipole,246,0.9999998807907104,0.0,0.5801226837289664,0.5801226837289664,,,,1.0
40,water_dipole,247,0.9999998807907104,0.0,0.5801226837289664,0.5801226837289664,,,,1.0
40,water_dipole,248,0.9999998807907104,0.0,0.5801226837289664,0.5801226837289664,,,,1.0
40,water_dipole,249,0.9999998807907104,0.0,0.5801226837289664,0.5801226837289664,,,,1.0
40,acetone_gsolv_eV,0,0.9999999403953552,0.0,0.623922448648706,0.623922448648706,,,,1.0
40,acetone_gsolv_eV,1,0.9999999403953552,0.0,0.623922448648706,0.623922448648706,,,,1.0
40,acetone_gsolv_eV,2,0.9999999403953552,0.0,0.623922448648706,0.623922448648706,,,,1.0
40,acetone_gsolv_eV,3,0.9999999403953552,0.0,0.623922448648706,0.623922448648706,,,,1.0
40,acetone_gsolv_eV,4,0.9999999403953552,0.0,0.623922448648706,0.623922448648706,,,,1.0
40,acetone_gsolv_eV,5,0.9999999403953552,0.0,0.623922448648706,0.623922448648706,,,,1.0
40,acetone_gsolv_eV,6,0.9999999403953552,0.0,0.623922448648706,0.623922448648706,,,,1.0
40,acetone_gsolv_eV,7,0.9999999403953552,0.0,0.623922448648706,0.623922448648706,,,,1.0
40,acetone_gsolv_eV,8,0.9999999403953552,0.0,0.623922448648706,0.623922448648706,,,,1.0
40,acetone_gsolv_eV,9,0.9999999403953552,0.0,0.623922448648706,0.623922448648706,,,,1.0
40,acetone_gsolv_eV,10,0.9999999403953552,0.0,0.623922448648706,0.623922448648706,,,,1.0
40,acetone_gsolv_eV,11,0.9999999403953552,0.0,0.623922448648706,0.623922448648706,,,,1.0
40,acetone_gsolv_eV,12,0.9999999403953552,0.0,0.623922448648706,0.623922448648706,,,,1.0
40,acetone_gsolv_eV,13,0.9999999403953552,0.0,0.623922448648706,0.623922448648706,,,,1.0
40,acetone_gsolv_eV,14,0.9999999403953552,0.0,0.623922448648706,0.623922448648706,,,,1.0
40,acetone_gsolv_eV,15,0.9999999403953552,0.0,0.623922448648706,0.623922448648706,,,,1.0
40,acetone_gsolv_eV,16,0.9999999403953552,0.0,0.623922448648706,0.623922448648706,,,,1.0
40,acetone_gsolv_eV,17,0.9999999403953552,0.0,0.623922448648706,0.623922448648706,,,,1.0
40,acetone_gsolv_eV,18,0.9999999403953552,0.0,0.623922448648706,0.623922448648706,,,,1.0
40,acetone_gsolv_eV,19,0.9999999403953552,0.0,0.623922448648706,0.623922448648706,,,,1.0
40,acetone_gsolv_eV,20,0.9999999403953552,0.0,0.623922448648706,0.623922448648706,,,,1.0
40,acetone_gsolv_eV,21,0.9999999403953552,0.0,0.623922448648706,0.623922448648706,,,,1.0
40,acetone_gsolv_eV,22,0.9999999403953552,0.0,0.623922448648706,0.623922448648706,,,,1.0
40,acetone_gsolv_eV,23,0.9999999403953552,0.0,0.623922448648706,0.623922448648706,,,,1.0
40,acetone_gsolv_eV,24,0.9999999403953552,0.0,0.623922448648706,0.623922448648706,,,,1.0
40,acetone_gsolv_eV,25,0.9999999403953552,0.0,0.623922448648706,0.623922448648706,,,,1.0
40,acetone_gsolv_eV,26,0.9999999403953552,0.0,0.623922448648706,0.623922448648706,,,,1.0
40,acetone_gsolv_eV,27,0.9999999403953552,0.0,0.623922448648706,0.623922448648706,,,,1.0
40,acetone_gsolv_eV,28,0.9999999403953552,0.0,0.623922448648706,0.623922448648706,,,,1.0
40,acetone_gsolv_eV,29,0.9999999403953552,0.0,0.623922448648706,0.623922448648706,,,,1.0
40,acetone_gsolv_eV,30,0.9999999403953552,0.0,0.623922448648706,0.623922448648706,,,,1.0
40,acetone_gsolv_eV,31,0.9999999403953552,0.0,0.623922448648706,0.623922448648706,,,,1.0
40,acetone_gsolv_eV,32,0.9999999403953552,0.0,0.623922448648706,0.623922448648706,,,,1.0
40,acetone_gsolv_eV,33,0.9999999403953552,0.0,0.623922448648706,0.623922448648706,,,,1.0
40,acetone_gsolv_eV,34,0.9999999403953552,0.0,0.623922448648706,0.623922448648706,,,,1.0
40,acetone_gsolv_eV,35,0.9999999403953552,0.0,0.623922448648706,0.623922448648706,,,,1.0
40,acetone_gsolv_eV,36,0.9999999403953552,0.0,0.623922448648706,0.623922448648706,,,,1.0
40,acetone_gsolv_eV,37,0.9999999403953552,0.0,0.623922448648706,0.623922448648706,,,,1.0
40,acetone_gsolv_eV,38,0.9999999403953552,0.0,0.623922448648706,0.623922448648706,,,,1.0
40,acetone_gsolv_eV,39,0.9999999403953552,0.0,0.623922448648706,0.623922448648706,,,,1.0
40,acetone_gsolv_eV,40,0.9999999403953552,0.0,0.623922448648706,0.623922448648706,,,,1.0
40,acetone_gsolv_eV,41,0.9999999403953552,0.0,0.623922448648706,0.623922448648706,,,,1.0
40,acetone_gsolv_eV,42,0.9999999403953552,0.0,0.623922448648706,0.623922448648706,,,,1.0
40,acetone_gsolv_eV,43,0.9999999403953552,0.0,0.623922448648706,0.623922448648706,,,,1.0
40,acetone_gsolv_eV,44,0.9999999403953552,0.0,0.623922448648706,0.623922448648706,,,,1.0
40,acetone_gsolv_eV,45,0.9999999403953552,0.0,0.623922448648706,0.623922448648706,,,,1.0
40,acetone_gsolv_eV,46,0.9999999403953552,0.0,0.623922448648706,0.623922448648706,,,,1.0
40,acetone_gsolv_eV,47,0.9999999403953552,0.0,0.623922448648706,0.623922448648706,,,,1.0
40,acetone_gsolv_eV,48,0.9999999403953552,0.0,0.623922448648706,0.623922448648706,,,,1.0
40,acetone_gsolv_eV,49,0.9999999403953552,0.0,0.623922448648706,0.623922448648706,,,,1.0
40,acetone_gsolv_eV,50,0.9999999403953552,0.0,0.623922448648706,0.623922448648706,,,,1.0
40,acetone_gsolv_eV,51,0.9999999403953552,0.0,0.623922448648706,0.623922448648706,,,,1.0
40,acetone_gsolv_eV,52,0.9999999403953552,0.0,0.623922448648706,0.623922448648706,,,,1.0
40,acetone_gsolv_eV,53,0.9999999403953552,0.0,0.623922448648706,0.623922448648706,,,,1.0
40,acetone_gsolv_eV,54,0.9999999403953552,0.0,0.623922448648706,0.623922448648706,,,,1.0
40,acetone_gsolv_eV,55,0.9999999403953552,0.0,0.623922448648706,0.623922448648706,,,,1.0
40,acetone_gsolv_eV,56,0.9999999403953552,0.0,0.623922448648706,0.623922448648706,,,,1.0
40,acetone_gsolv_eV,57,0.9999999403953552,0.0,0.623922448648706,0.623922448648706,,,,1.0
40,acetone_gsolv_eV,58,0.9999999403953552,0.0,0.623922448648706,0.623922448648706,,,,1.0
40,acetone_gsolv_eV,59,0.9999999403953552,0.0,0.623922448648706,0.623922448648706,,,,1.0
40,acetone_gsolv_eV,60,0.9999999403953552,0.0,0.623922448648706,0.623922448648706,,,,1.0
40,acetone_gsolv_eV,61,0.9999999403953552,0.0,0.623922448648706,0.623922448648706,,,,1.0
40,acetone_gsolv_eV,62,0.9999999403953552,0.0,0.623922448648706,0.623922448648706,,,,1.0
40,acetone_gsolv_eV,63,0.9999999403953552,0.0,0.623922448648706,0.623922448648706,,,,1.0
40,acetone_gsolv_eV,64,0.9999999403953552,0.0,0.623922448648706,0.623922448648706,,,,1.0
40,acetone_gsolv_eV,65,0.9999999403953552,0.0,0.623922448648706,0.623922448648706,,,,1.0
40,acetone_gsolv_eV,66,0.9999999403953552,0.0,0.623922448648706,0.623922448648706,,,,1.0
40,acetone_gsolv_eV,67,0.9999999403953552,0.0,0.623922448648706,0.623922448648706,,,,1.0
40,acetone_gsolv_eV,68,0.9999999403953552,0.0,0.623922448648706,0.623922448648706,,,,1.0
40,acetone_gsolv_eV,69,0.9999999403953552,0.0,0.623922448648706,0.623922448648706,,,,1.0
40,acetone_gsolv_eV,70,0.9999999403953552,0.0,0.623922448648706,0.623922448648706,,,,1.0
40,acetone_gsolv_eV,71,0.9999999403953552,0.0,0.623922448648706,0.623922448648706,,,,1.0
40,acetone_gsolv_eV,72,0.9999999403953552,0.0,0.623922448648706,0.623922448648706,,,,1.0
40,acetone_gsolv_eV,73,0.9999999403953552,0.0,0.623922448648706,0.623922448648706,,,,1.0
40,acetone_gsolv_eV,74,0.9999999403953552,0.0,0.623922448648706,0.623922448648706,,,,1.0
40,acetone_gsolv_eV,75,0.9999999403953552,0.0,0.623922448648706,0.623922448648706,,,,1.0
40,acetone_gsolv_eV,76,0.9999999403953552,0.0,0.623922448648706,0.623922448648706,,,,1.0
40,acetone_gsolv_eV,77,0.9999999403953552,0.0,0.623922448648706,0.623922448648706,,,,1.0
40,acetone_gsolv_eV,78,0.9999999403953552,0.0,0.623922448648706,0.623922448648706,,,,1.0
40,acetone_gsolv_eV,79,0.9999999403953552,0.0,0.623922448648706,0.623922448648706,,,,1.0
40,acetone_gsolv_eV,80,0.9999999403953552,0.0,0.623922448648706,0.623922448648706,,,,1.0
40,acetone_gsolv_eV,81,0.9999999403953552,0.0,0.623922448648706,0.623922448648706,,,,1.0
40,acetone_gsolv_eV,82,0.9999999403953552,0.0,0.623922448648706,0.623922448648706,,,,1.0
40,acetone_gsolv_eV,83,0.9999999403953552,0.0,0.623922448648706,0.623922448648706,,,,1.0
40,acetone_gsolv_eV,84,0.9999999403953552,0.0,0.623922448648706,0.623922448648706,,,,1.0
40,acetone_gsolv_eV,85,0.9999999403953552,0.0,0.623922448648706,0.623922448648706,,,,1.0
40,acetone_gsolv_eV,86,0.9999999403953552,0.0,0.623922448648706,0.623922448648706,,,,1.0
40,acetone_gsolv_eV,87,0.9999999403953552,0.0,0.623922448648706,0.623922448648706,,,,1.0
40,acetone_gsolv_eV,88,0.9999999403953552,0.0,0.623922448648706,0.623922448648706,,,,1.0
40,acetone_gsolv_eV,89,0.9999999403953552,0.0,0.623922448648706,0.623922448648706,,,,1.0
40,acetone_gsolv_eV,90,0.9999999403953552,0.0,0.623922448648706,0.623922448648706,,,,1.0
40,acetone_gsolv_eV,91,0.9999999403953552,0.0,0.623922448648706,0.623922448648706,,,,1.0
40,acetone_gsolv_eV,92,0.9999999403953552,0.0,0.623922448648706,0.623922448648706,,,,1.0
40,acetone_gsolv_eV,93,0.9999999403953552,0.0,0.623922448648706,0.623922448648706,,,,1.0
40,acetone_gsolv_eV,94,0.9999999403953552,0.0,0.623922448648706,0.623922448648706,,,,1.0
40,acetone_gsolv_eV,95,0.9999999403953552,0.0,0.623922448648706,0.623922448648706,,,,1.0
40,acetone_gsolv_eV,96,0.9999999403953552,0.0,0.623922448648706,0.623922448648706,,,,1.0
40,acetone_gsolv_eV,97,0.9999999403953552,0.0,0.623922448648706,0.623922448648706,,,,1.0
40,acetone_gsolv_eV,98,0.9999999403953552,0.0,0.623922448648706,0.623922448648706,,,,1.0
40,acetone_gsolv_eV,99,0.9999999403953552,0.0,0.623922448648706,0.623922448648706,,,,1.0
40,acetone_gsolv_eV,100,0.9999999403953552,0.0,0.623922448648706,0.623922448648706,,,,1.0
40,acetone_gsolv_eV,101,0.9999999403953552,0.0,0.623922448648706,0.623922448648706,,,,1.0
40,acetone_gsolv_eV,102,0.9999999403953552,0.0,0.623922448648706,0.623922448648706,,,,1.0
40,acetone_gsolv_eV,103,0.9999999403953552,0.0,0.623922448648706,0.623922448648706,,,,1.0
40,acetone_gsolv_eV,104,0.9999999403953552,0.0,0.623922448648706,0.623922448648706,,,,1.0
40,acetone_gsolv_eV,105,0.9999999403953552,0.0,0.623922448648706,0.623922448648706,,,,1.0
40,acetone_gsolv_eV,106,0.9999999403953552,0.0,0.623922448648706,0.623922448648706,,,,1.0
40,acetone_gsolv_eV,107,0.9999999403953552,0.0,0.623922448648706,0.623922448648706,,,,1.0
40,acetone_gsolv_eV,108,0.9999999403953552,0.0,0.623922448648706,0.623922448648706,,,,1.0
40,acetone_gsolv_eV,109,0.9999999403953552,0.0,0.623922448648706,0.623922448648706,,,,1.0
40,acetone_gsolv_eV,110,0.9999999403953552,0.0,0.623922448648706,0.623922448648706,,,,1.0
40,acetone_gsolv_eV,111,0.9999999403953552,0.0,0.623922448648706,0.623922448648706,,,,1.0
40,acetone_gsolv_eV,112,0.9999999403953552,0.0,0.623922448648706,0.623922448648706,,,,1.0
40,acetone_gsolv_eV,113,0.9999999403953552,0.0,0.623922448648706,0.623922448648706,,,,1.0
40,acetone_gsolv_eV,114,0.9999999403953552,0.0,0.623922448648706,0.623922448648706,,,,1.0
40,acetone_gsolv_eV,115,0.9999999403953552,0.0,0.623922448648706,0.623922448648706,,,,1.0
40,acetone_gsolv_eV,116,0.9999999403953552,0.0,0.623922448648706,0.623922448648706,,,,1.0
40,acetone_gsolv_eV,117,0.9999999403953552,0.0,0.623922448648706,0.623922448648706,,,,1.0
40,acetone_gsolv_eV,118,0.9999999403953552,0.0,0.623922448648706,0.623922448648706,,,,1.0
40,acetone_gsolv_eV,119,0.9999999403953552,0.0,0.623922448648706,0.623922448648706,,,,1.0
40,acetone_gsolv_eV,120,0.9999999403953552,0.0,0.623922448648706,0.623922448648706,,,,1.0
40,acetone_gsolv_eV,121,0.9999999403953552,0.0,0.623922448648706,0.623922448648706,,,,1.0
40,acetone_gsolv_eV,122,0.9999999403953552,0.0,0.623922448648706,0.623922448648706,,,,1.0
40,acetone_gsolv_eV,123,0.9999999403953552,0.0,0.623922448648706,0.623922448648706,,,,1.0
40,acetone_gsolv_eV,124,0.9999999403953552,0.0,0.623922448648706,0.623922448648706,,,,1.0
40,acetone_gsolv_eV,125,0.9999999403953552,0.0,0.623922448648706,0.623922448648706,,,,1.0
40,acetone_gsolv_eV,126,0.9999999403953552,0.0,0.623922448648706,0.623922448648706,,,,1.0
40,acetone_gsolv_eV,127,0.9999999403953552,0.0,0.623922448648706,0.623922448648706,,,,1.0
40,acetone_gsolv_eV,128,0.9999999403953552,0.0,0.623922448648706,0.623922448648706,,,,1.0
40,acetone_gsolv_eV,129,0.9999999403953552,0.0,0.623922448648706,0.623922448648706,,,,1.0
40,acetone_gsolv_eV,130,0.9999999403953552,0.0,0.623922448648706,0.623922448648706,,,,1.0
40,acetone_gsolv_eV,131,0.9999999403953552,0.0,0.623922448648706,0.623922448648706,,,,1.0
40,acetone_gsolv_eV,132,0.9999999403953552,0.0,0.623922448648706,0.623922448648706,,,,1.0
40,acetone_gsolv_eV,133,0.9999999403953552,0.0,0.623922448648706,0.623922448648706,,,,1.0
40,acetone_gsolv_eV,134,0.9999999403953552,0.0,0.623922448648706,0.623922448648706,,,,1.0
40,acetone_gsolv_eV,135,0.9999999403953552,0.0,0.623922448648706,0.623922448648706,,,,1.0
40,acetone_gsolv_eV,136,0.9999999403953552,0.0,0.623922448648706,0.623922448648706,,,,1.0
40,acetone_gsolv_eV,137,0.9999999403953552,0.0,0.623922448648706,0.623922448648706,,,,1.0
40,acetone_gsolv_eV,138,0.9999999403953552,0.0,0.623922448648706,0.623922448648706,,,,1.0
40,acetone_gsolv_eV,139,0.9999999403953552,0.0,0.623922448648706,0.623922448648706,,,,1.0
40,acetone_gsolv_eV,140,0.9999999403953552,0.0,0.623922448648706,0.623922448648706,,,,1.0
40,acetone_gsolv_eV,141,0.9999999403953552,0.0,0.623922448648706,0.623922448648706,,,,1.0
40,acetone_gsolv_eV,142,0.9999999403953552,0.0,0.623922448648706,0.623922448648706,,,,1.0
40,acetone_gsolv_eV,143,0.9999999403953552,0.0,0.623922448648706,0.623922448648706,,,,1.0
40,acetone_gsolv_eV,144,0.9999999403953552,0.0,0.623922448648706,0.623922448648706,,,,1.0
40,acetone_gsolv_eV,145,0.9999999403953552,0.0,0.623922448648706,0.623922448648706,,,,1.0
40,acetone_gsolv_eV,146,0.9999999403953552,0.0,0.623922448648706,0.623922448648706,,,,1.0
40,acetone_gsolv_eV,147,0.9999999403953552,0.0,0.623922448648706,0.623922448648706,,,,1.0
40,acetone_gsolv_eV,148,0.9999999403953552,0.0,0.623922448648706,0.623922448648706,,,,1.0
40,acetone_gsolv_eV,149,0.9999999403953552,0.0,0.623922448648706,0.623922448648706,,,,1.0
40,acetone_gsolv_eV,150,0.9999999403953552,0.0,0.623922448648706,0.623922448648706,,,,1.0
40,acetone_gsolv_eV,151,0.9999999403953552,0.0,0.623922448648706,0.623922448648706,,,,1.0
40,acetone_gsolv_eV,152,0.9999999403953552,0.0,0.623922448648706,0.623922448648706,,,,1.0
40,acetone_gsolv_eV,153,0.9999999403953552,0.0,0.623922448648706,0.623922448648706,,,,1.0
40,acetone_gsolv_eV,154,0.9999999403953552,0.0,0.623922448648706,0.623922448648706,,,,1.0
40,acetone_gsolv_eV,155,0.9999999403953552,0.0,0.623922448648706,0.623922448648706,,,,1.0
40,acetone_gsolv_eV,156,0.9999999403953552,0.0,0.623922448648706,0.623922448648706,,,,1.0
40,acetone_gsolv_eV,157,0.9999999403953552,0.0,0.623922448648706,0.623922448648706,,,,1.0
40,acetone_gsolv_eV,158,0.9999999403953552,0.0,0.623922448648706,0.623922448648706,,,,1.0
40,acetone_gsolv_eV,159,0.9999999403953552,0.0,0.623922448648706,0.623922448648706,,,,1.0
40,acetone_gsolv_eV,160,0.9999999403953552,0.0,0.623922448648706,0.623922448648706,,,,1.0
40,acetone_gsolv_eV,161,0.9999999403953552,0.0,0.623922448648706,0.623922448648706,,,,1.0
40,acetone_gsolv_eV,162,0.9999999403953552,0.0,0.623922448648706,0.623922448648706,,,,1.0
40,acetone_gsolv_eV,163,0.9999999403953552,0.0,0.623922448648706,0.623922448648706,,,,1.0
40,acetone_gsolv_eV,164,0.9999999403953552,0.0,0.623922448648706,0.623922448648706,,,,1.0
40,acetone_gsolv_eV,165,0.9999999403953552,0.0,0.623922448648706,0.623922448648706,,,,1.0
40,acetone_gsolv_eV,166,0.9999999403953552,0.0,0.623922448648706,0.623922448648706,,,,1.0
40,acetone_gsolv_eV,167,0.9999999403953552,0.0,0.623922448648706,0.623922448648706,,,,1.0
40,acetone_gsolv_eV,168,0.9999999403953552,0.0,0.623922448648706,0.623922448648706,,,,1.0
40,acetone_gsolv_eV,169,0.9999999403953552,0.0,0.623922448648706,0.623922448648706,,,,1.0
40,acetone_gsolv_eV,170,0.9999999403953552,0.0,0.623922448648706,0.623922448648706,,,,1.0
40,acetone_gsolv_eV,171,0.9999999403953552,0.0,0.623922448648706,0.623922448648706,,,,1.0
40,acetone_gsolv_eV,172,0.9999999403953552,0.0,0.623922448648706,0.623922448648706,,,,1.0
40,acetone_gsolv_eV,173,0.9999999403953552,0.0,0.623922448648706,0.623922448648706,,,,1.0
40,acetone_gsolv_eV,174,0.9999999403953552,0.0,0.623922448648706,0.623922448648706,,,,1.0
40,acetone_gsolv_eV,175,0.9999999403953552,0.0,0.623922448648706,0.623922448648706,,,,1.0
40,acetone_gsolv_eV,176,0.9999999403953552,0.0,0.623922448648706,0.623922448648706,,,,1.0
40,acetone_gsolv_eV,177,0.9999999403953552,0.0,0.623922448648706,0.623922448648706,,,,1.0
40,acetone_gsolv_eV,178,0.9999999403953552,0.0,0.623922448648706,0.623922448648706,,,,1.0
40,acetone_gsolv_eV,179,0.9999999403953552,0.0,0.623922448648706,0.623922448648706,,,,1.0
40,acetone_gsolv_eV,180,0.9999999403953552,0.0,0.623922448648706,0.623922448648706,,,,1.0
40,acetone_gsolv_eV,181,0.9999999403953552,0.0,0.623922448648706,0.623922448648706,,,,1.0
40,acetone_gsolv_eV,182,0.9999999403953552,0.0,0.623922448648706,0.623922448648706,,,,1.0
40,acetone_gsolv_eV,183,0.9999999403953552,0.0,0.623922448648706,0.623922448648706,,,,1.0
40,acetone_gsolv_eV,184,0.9999999403953552,0.0,0.623922448648706,0.623922448648706,,,,1.0
40,acetone_gsolv_eV,185,0.9999999403953552,0.0,0.623922448648706,0.623922448648706,,,,1.0
40,acetone_gsolv_eV,186,0.9999999403953552,0.0,0.623922448648706,0.623922448648706,,,,1.0
40,acetone_gsolv_eV,187,0.9999999403953552,0.0,0.623922448648706,0.623922448648706,,,,1.0
40,acetone_gsolv_eV,188,0.9999999403953552,0.0,0.623922448648706,0.623922448648706,,,,1.0
40,acetone_gsolv_eV,189,0.9999999403953552,0.0,0.623922448648706,0.623922448648706,,,,1.0
40,acetone_gsolv_eV,190,0.9999999403953552,0.0,0.623922448648706,0.623922448648706,,,,1.0
40,acetone_gsolv_eV,191,0.9999999403953552,0.0,0.623922448648706,0.623922448648706,,,,1.0
40,acetone_gsolv_eV,192,0.9999999403953552,0.0,0.623922448648706,0.623922448648706,,,,1.0
40,acetone_gsolv_eV,193,0.9999999403953552,0.0,0.623922448648706,0.623922448648706,,,,1.0
40,acetone_gsolv_eV,194,0.9999999403953552,0.0,0.623922448648706,0.623922448648706,,,,1.0
40,acetone_gsolv_eV,195,0.9999999403953552,0.0,0.623922448648706,0.623922448648706,,,,1.0
40,acetone_gsolv_eV,196,0.9999999403953552,0.0,0.623922448648706,0.623922448648706,,,,1.0
40,acetone_gsolv_eV,197,0.9999999403953552,0.0,0.623922448648706,0.623922448648706,,,,1.0
40,acetone_gsolv_eV,198,0.9999999403953552,0.0,0.623922448648706,0.623922448648706,,,,1.0
40,acetone_gsolv_eV,199,0.9999999403953552,0.0,0.623922448648706,0.623922448648706,,,,1.0
40,acetone_gsolv_eV,200,0.9999999403953552,0.0,0.623922448648706,0.623922448648706,,,,1.0
40,acetone_gsolv_eV,201,0.9999999403953552,0.0,0.623922448648706,0.623922448648706,,,,1.0
40,acetone_gsolv_eV,202,0.9999999403953552,0.0,0.623922448648706,0.623922448648706,,,,1.0
40,acetone_gsolv_eV,203,0.9999999403953552,0.0,0.623922448648706,0.623922448648706,,,,1.0
40,acetone_gsolv_eV,204,0.9999999403953552,0.0,0.623922448648706,0.623922448648706,,,,1.0
40,acetone_gsolv_eV,205,0.9999999403953552,0.0,0.623922448648706,0.623922448648706,,,,1.0
40,acetone_gsolv_eV,206,0.9999999403953552,0.0,0.623922448648706,0.623922448648706,,,,1.0
40,acetone_gsolv_eV,207,0.9999999403953552,0.0,0.623922448648706,0.623922448648706,,,,1.0
40,acetone_gsolv_eV,208,0.9999999403953552,0.0,0.623922448648706,0.623922448648706,,,,1.0
40,acetone_gsolv_eV,209,0.9999999403953552,0.0,0.623922448648706,0.623922448648706,,,,1.0
40,acetone_gsolv_eV,210,0.9999999403953552,0.0,0.623922448648706,0.623922448648706,,,,1.0
40,acetone_gsolv_eV,211,0.9999999403953552,0.0,0.623922448648706,0.623922448648706,,,,1.0
40,acetone_gsolv_eV,212,0.9999999403953552,0.0,0.623922448648706,0.623922448648706,,,,1.0
40,acetone_gsolv_eV,213,0.9999999403953552,0.0,0.623922448648706,0.623922448648706,,,,1.0
40,acetone_gsolv_eV,214,0.9999999403953552,0.0,0.623922448648706,0.623922448648706,,,,1.0
40,acetone_gsolv_eV,215,0.9999999403953552,0.0,0.623922448648706,0.623922448648706,,,,1.0
40,acetone_gsolv_eV,216,0.9999999403953552,0.0,0.623922448648706,0.623922448648706,,,,1.0
40,acetone_gsolv_eV,217,0.9999999403953552,0.0,0.623922448648706,0.623922448648706,,,,1.0
40,acetone_gsolv_eV,218,0.9999999403953552,0.0,0.623922448648706,0.623922448648706,,,,1.0
40,acetone_gsolv_eV,219,0.9999999403953552,0.0,0.623922448648706,0.623922448648706,,,,1.0
40,acetone_gsolv_eV,220,0.9999999403953552,0.0,0.623922448648706,0.623922448648706,,,,1.0
40,acetone_gsolv_eV,221,0.9999999403953552,0.0,0.623922448648706,0.623922448648706,,,,1.0
40,acetone_gsolv_eV,222,0.9999999403953552,0.0,0.623922448648706,0.623922448648706,,,,1.0
40,acetone_gsolv_eV,223,0.9999999403953552,0.0,0.623922448648706,0.623922448648706,,,,1.0
40,acetone_gsolv_eV,224,0.9999999403953552,0.0,0.623922448648706,0.623922448648706,,,,1.0
40,acetone_gsolv_eV,225,0.9999999403953552,0.0,0.623922448648706,0.623922448648706,,,,1.0
40,acetone_gsolv_eV,226,0.9999999403953552,0.0,0.623922448648706,0.623922448648706,,,,1.0
40,acetone_gsolv_eV,227,0.9999999403953552,0.0,0.623922448648706,0.623922448648706,,,,1.0
40,acetone_gsolv_eV,228,0.9999999403953552,0.0,0.623922448648706,0.623922448648706,,,,1.0
40,acetone_gsolv_eV,229,0.9999999403953552,0.0,0.623922448648706,0.623922448648706,,,,1.0
40,acetone_gsolv_eV,230,0.9999999403953552,0.0,0.623922448648706,0.623922448648706,,,,1.0
40,acetone_gsolv_eV,231,0.9999999403953552,0.0,0.623922448648706,0.623922448648706,,,,1.0
40,acetone_gsolv_eV,232,0.9999999403953552,0.0,0.623922448648706,0.623922448648706,,,,1.0
40,acetone_gsolv_eV,233,0.9999999403953552,0.0,0.623922448648706,0.623922448648706,,,,1.0
40,acetone_gsolv_eV,234,0.9999999403953552,0.0,0.623922448648706,0.623922448648706,,,,1.0
40,acetone_gsolv_eV,235,0.9999999403953552,0.0,0.623922448648706,0.623922448648706,,,,1.0
40,acetone_gsolv_eV,236,0.9999999403953552,0.0,0.623922448648706,0.623922448648706,,,,1.0
40,acetone_gsolv_eV,237,0.9999999403953552,0.0,0.623922448648706,0.623922448648706,,,,1.0
40,acetone_gsolv_eV,238,0.9999999403953552,0.0,0.623922448648706,0.623922448648706,,,,1.0
40,acetone_gsolv_eV,239,0.9999999403953552,0.0,0.623922448648706,0.623922448648706,,,,1.0
40,acetone_gsolv_eV,240,0.9999999403953552,0.0,0.623922448648706,0.623922448648706,,,,1.0
40,acetone_gsolv_eV,241,0.9999999403953552,0.0,0.623922448648706,0.623922448648706,,,,1.0
40,acetone_gsolv_eV,242,0.9999999403953552,0.0,0.623922448648706,0.623922448648706,,,,1.0
40,acetone_gsolv_eV,243,0.9999999403953552,0.0,0.623922448648706,0.623922448648706,,,,1.0
40,acetone_gsolv_eV,244,0.9999999403953552,0.0,0.623922448648706,0.623922448648706,,,,1.0
40,acetone_gsolv_eV,245,0.9999999403953552,0.0,0.623922448648706,0.623922448648706,,,,1.0
40,acetone_gsolv_eV,246,0.9999999403953552,0.0,0.623922448648706,0.623922448648706,,,,1.0
40,acetone_gsolv_eV,247,0.9999999403953552,0.0,0.623922448648706,0.623922448648706,,,,1.0
40,acetone_gsolv_eV,248,0.9999999403953552,0.0,0.623922448648706,0.623922448648706,,,,1.0
40,acetone_gsolv_eV,249,0.9999999403953552,0.0,0.623922448648706,0.623922448648706,,,,1.0
40,acetone_hl_gap_eV,0,1.0,0.0,0.7140072689652506,0.7140072689652506,,,,1.0
40,acetone_hl_gap_eV,1,1.0,0.0,0.7140072689652506,0.7140072689652506,,,,1.0
40,acetone_hl_gap_eV,2,1.0,0.0,0.7140072689652506,0.7140072689652506,,,,1.0
40,acetone_hl_gap_eV,3,1.0,0.0,0.7140072689652506,0.7140072689652506,,,,1.0
40,acetone_hl_gap_eV,4,1.0,0.0,0.7140072689652506,0.7140072689652506,,,,1.0
40,acetone_hl_gap_eV,5,1.0,0.0,0.7140072689652506,0.7140072689652506,,,,1.0
40,acetone_hl_gap_eV,6,1.0,0.0,0.7140072689652506,0.7140072689652506,,,,1.0
40,acetone_hl_gap_eV,7,1.0,0.0,0.7140072689652506,0.7140072689652506,,,,1.0
40,acetone_hl_gap_eV,8,1.0,0.0,0.7140072689652506,0.7140072689652506,,,,1.0
40,acetone_hl_gap_eV,9,1.0,0.0,0.7140072689652506,0.7140072689652506,,,,1.0
40,acetone_hl_gap_eV,10,1.0,0.0,0.7140072689652506,0.7140072689652506,,,,1.0
40,acetone_hl_gap_eV,11,1.0,0.0,0.7140072689652506,0.7140072689652506,,,,1.0
40,acetone_hl_gap_eV,12,1.0,0.0,0.7140072689652506,0.7140072689652506,,,,1.0
40,acetone_hl_gap_eV,13,1.0,0.0,0.7140072689652506,0.7140072689652506,,,,1.0
40,acetone_hl_gap_eV,14,1.0,0.0,0.7140072689652506,0.7140072689652506,,,,1.0
40,acetone_hl_gap_eV,15,1.0,0.0,0.7140072689652506,0.7140072689652506,,,,1.0
40,acetone_hl_gap_eV,16,1.0,0.0,0.7140072689652506,0.7140072689652506,,,,1.0
40,acetone_hl_gap_eV,17,1.0,0.0,0.7140072689652506,0.7140072689652506,,,,1.0
40,acetone_hl_gap_eV,18,1.0,0.0,0.7140072689652506,0.7140072689652506,,,,1.0
40,acetone_hl_gap_eV,19,1.0,0.0,0.7140072689652506,0.7140072689652506,,,,1.0
40,acetone_hl_gap_eV,20,1.0,0.0,0.7140072689652506,0.7140072689652506,,,,1.0
40,acetone_hl_gap_eV,21,1.0,0.0,0.7140072689652506,0.7140072689652506,,,,1.0
40,acetone_hl_gap_eV,22,1.0,0.0,0.7140072689652506,0.7140072689652506,,,,1.0
40,acetone_hl_gap_eV,23,1.0,0.0,0.7140072689652506,0.7140072689652506,,,,1.0
40,acetone_hl_gap_eV,24,1.0,0.0,0.7140072689652506,0.7140072689652506,,,,1.0
40,acetone_hl_gap_eV,25,1.0,0.0,0.7140072689652506,0.7140072689652506,,,,1.0
40,acetone_hl_gap_eV,26,1.0,0.0,0.7140072689652506,0.7140072689652506,,,,1.0
40,acetone_hl_gap_eV,27,1.0,0.0,0.7140072689652506,0.7140072689652506,,,,1.0
40,acetone_hl_gap_eV,28,1.0,0.0,0.7140072689652506,0.7140072689652506,,,,1.0
40,acetone_hl_gap_eV,29,1.0,0.0,0.7140072689652506,0.7140072689652506,,,,1.0
40,acetone_hl_gap_eV,30,1.0,0.0,0.7140072689652506,0.7140072689652506,,,,1.0
40,acetone_hl_gap_eV,31,1.0,0.0,0.7140072689652506,0.7140072689652506,,,,1.0
40,acetone_hl_gap_eV,32,1.0,0.0,0.7140072689652506,0.7140072689652506,,,,1.0
40,acetone_hl_gap_eV,33,1.0,0.0,0.7140072689652506,0.7140072689652506,,,,1.0
40,acetone_hl_gap_eV,34,1.0,0.0,0.7140072689652506,0.7140072689652506,,,,1.0
40,acetone_hl_gap_eV,35,1.0,0.0,0.7140072689652506,0.7140072689652506,,,,1.0
40,acetone_hl_gap_eV,36,1.0,0.0,0.7140072689652506,0.7140072689652506,,,,1.0
40,acetone_hl_gap_eV,37,1.0,0.0,0.7140072689652506,0.7140072689652506,,,,1.0
40,acetone_hl_gap_eV,38,1.0,0.0,0.7140072689652506,0.7140072689652506,,,,1.0
40,acetone_hl_gap_eV,39,1.0,0.0,0.7140072689652506,0.7140072689652506,,,,1.0
40,acetone_hl_gap_eV,40,1.0,0.0,0.7140072689652506,0.7140072689652506,,,,1.0
40,acetone_hl_gap_eV,41,1.0,0.0,0.7140072689652506,0.7140072689652506,,,,1.0
40,acetone_hl_gap_eV,42,1.0,0.0,0.7140072689652506,0.7140072689652506,,,,1.0
40,acetone_hl_gap_eV,43,1.0,0.0,0.7140072689652506,0.7140072689652506,,,,1.0
40,acetone_hl_gap_eV,44,1.0,0.0,0.7140072689652506,0.7140072689652506,,,,1.0
40,acetone_hl_gap_eV,45,1.0,0.0,0.7140072689652506,0.7140072689652506,,,,1.0
40,acetone_hl_gap_eV,46,1.0,0.0,0.7140072689652506,0.7140072689652506,,,,1.0
40,acetone_hl_gap_eV,47,1.0,0.0,0.7140072689652506,0.7140072689652506,,,,1.0
40,acetone_hl_gap_eV,48,1.0,0.0,0.7140072689652506,0.7140072689652506,,,,1.0
40,acetone_hl_gap_eV,49,1.0,0.0,0.7140072689652506,0.7140072689652506,,,,1.0
40,acetone_hl_gap_eV,50,1.0,0.0,0.7140072689652506,0.7140072689652506,,,,1.0
40,acetone_hl_gap_eV,51,1.0,0.0,0.7140072689652506,0.7140072689652506,,,,1.0
40,acetone_hl_gap_eV,52,1.0,0.0,0.7140072689652506,0.7140072689652506,,,,1.0
40,acetone_hl_gap_eV,53,1.0,0.0,0.7140072689652506,0.7140072689652506,,,,1.0
40,acetone_hl_gap_eV,54,1.0,0.0,0.7140072689652506,0.7140072689652506,,,,1.0
40,acetone_hl_gap_eV,55,1.0,0.0,0.7140072689652506,0.7140072689652506,,,,1.0
40,acetone_hl_gap_eV,56,1.0,0.0,0.7140072689652506,0.7140072689652506,,,,1.0
40,acetone_hl_gap_eV,57,1.0,0.0,0.7140072689652506,0.7140072689652506,,,,1.0
40,acetone_hl_gap_eV,58,1.0,0.0,0.7140072689652506,0.7140072689652506,,,,1.0
40,acetone_hl_gap_eV,59,1.0,0.0,0.7140072689652506,0.7140072689652506,,,,1.0
40,acetone_hl_gap_eV,60,1.0,0.0,0.7140072689652506,0.7140072689652506,,,,1.0
40,acetone_hl_gap_eV,61,1.0,0.0,0.7140072689652506,0.7140072689652506,,,,1.0
40,acetone_hl_gap_eV,62,1.0,0.0,0.7140072689652506,0.7140072689652506,,,,1.0
40,acetone_hl_gap_eV,63,1.0,0.0,0.7140072689652506,0.7140072689652506,,,,1.0
40,acetone_hl_gap_eV,64,1.0,0.0,0.7140072689652506,0.7140072689652506,,,,1.0
40,acetone_hl_gap_eV,65,1.0,0.0,0.7140072689652506,0.7140072689652506,,,,1.0
40,acetone_hl_gap_eV,66,1.0,0.0,0.7140072689652506,0.7140072689652506,,,,1.0
40,acetone_hl_gap_eV,67,1.0,0.0,0.7140072689652506,0.7140072689652506,,,,1.0
40,acetone_hl_gap_eV,68,1.0,0.0,0.7140072689652506,0.7140072689652506,,,,1.0
40,acetone_hl_gap_eV,69,1.0,0.0,0.7140072689652506,0.7140072689652506,,,,1.0
40,acetone_hl_gap_eV,70,1.0,0.0,0.7140072689652506,0.7140072689652506,,,,1.0
40,acetone_hl_gap_eV,71,1.0,0.0,0.7140072689652506,0.7140072689652506,,,,1.0
40,acetone_hl_gap_eV,72,1.0,0.0,0.7140072689652506,0.7140072689652506,,,,1.0
40,acetone_hl_gap_eV,73,1.0,0.0,0.7140072689652506,0.7140072689652506,,,,1.0
40,acetone_hl_gap_eV,74,1.0,0.0,0.7140072689652506,0.7140072689652506,,,,1.0
40,acetone_hl_gap_eV,75,1.0,0.0,0.7140072689652506,0.7140072689652506,,,,1.0
40,acetone_hl_gap_eV,76,1.0,0.0,0.7140072689652506,0.7140072689652506,,,,1.0
40,acetone_hl_gap_eV,77,1.0,0.0,0.7140072689652506,0.7140072689652506,,,,1.0
40,acetone_hl_gap_eV,78,1.0,0.0,0.7140072689652506,0.7140072689652506,,,,1.0
40,acetone_hl_gap_eV,79,1.0,0.0,0.7140072689652506,0.7140072689652506,,,,1.0
40,acetone_hl_gap_eV,80,1.0,0.0,0.7140072689652506,0.7140072689652506,,,,1.0
40,acetone_hl_gap_eV,81,1.0,0.0,0.7140072689652506,0.7140072689652506,,,,1.0
40,acetone_hl_gap_eV,82,1.0,0.0,0.7140072689652506,0.7140072689652506,,,,1.0
40,acetone_hl_gap_eV,83,1.0,0.0,0.7140072689652506,0.7140072689652506,,,,1.0
40,acetone_hl_gap_eV,84,1.0,0.0,0.7140072689652506,0.7140072689652506,,,,1.0
40,acetone_hl_gap_eV,85,1.0,0.0,0.7140072689652506,0.7140072689652506,,,,1.0
40,acetone_hl_gap_eV,86,1.0,0.0,0.7140072689652506,0.7140072689652506,,,,1.0
40,acetone_hl_gap_eV,87,1.0,0.0,0.7140072689652506,0.7140072689652506,,,,1.0
40,acetone_hl_gap_eV,88,1.0,0.0,0.7140072689652506,0.7140072689652506,,,,1.0
40,acetone_hl_gap_eV,89,1.0,0.0,0.7140072689652506,0.7140072689652506,,,,1.0
40,acetone_hl_gap_eV,90,1.0,0.0,0.7140072689652506,0.7140072689652506,,,,1.0
40,acetone_hl_gap_eV,91,1.0,0.0,0.7140072689652506,0.7140072689652506,,,,1.0
40,acetone_hl_gap_eV,92,1.0,0.0,0.7140072689652506,0.7140072689652506,,,,1.0
40,acetone_hl_gap_eV,93,1.0,0.0,0.7140072689652506,0.7140072689652506,,,,1.0
40,acetone_hl_gap_eV,94,1.0,0.0,0.7140072689652506,0.7140072689652506,,,,1.0
40,acetone_hl_gap_eV,95,1.0,0.0,0.7140072689652506,0.7140072689652506,,,,1.0
40,acetone_hl_gap_eV,96,1.0,0.0,0.7140072689652506,0.7140072689652506,,,,1.0
40,acetone_hl_gap_eV,97,1.0,0.0,0.7140072689652506,0.7140072689652506,,,,1.0
40,acetone_hl_gap_eV,98,1.0,0.0,0.7140072689652506,0.7140072689652506,,,,1.0
40,acetone_hl_gap_eV,99,1.0,0.0,0.7140072689652506,0.7140072689652506,,,,1.0
40,acetone_hl_gap_eV,100,1.0,0.0,0.7140072689652506,0.7140072689652506,,,,1.0
40,acetone_hl_gap_eV,101,1.0,0.0,0.7140072689652506,0.7140072689652506,,,,1.0
40,acetone_hl_gap_eV,102,1.0,0.0,0.7140072689652506,0.7140072689652506,,,,1.0
40,acetone_hl_gap_eV,103,1.0,0.0,0.7140072689652506,0.7140072689652506,,,,1.0
40,acetone_hl_gap_eV,104,1.0,0.0,0.7140072689652506,0.7140072689652506,,,,1.0
40,acetone_hl_gap_eV,105,1.0,0.0,0.7140072689652506,0.7140072689652506,,,,1.0
40,acetone_hl_gap_eV,106,1.0,0.0,0.7140072689652506,0.7140072689652506,,,,1.0
40,acetone_hl_gap_eV,107,1.0,0.0,0.7140072689652506,0.7140072689652506,,,,1.0
40,acetone_hl_gap_eV,108,1.0,0.0,0.7140072689652506,0.7140072689652506,,,,1.0
40,acetone_hl_gap_eV,109,1.0,0.0,0.7140072689652506,0.7140072689652506,,,,1.0
40,acetone_hl_gap_eV,110,1.0,0.0,0.7140072689652506,0.7140072689652506,,,,1.0
40,acetone_hl_gap_eV,111,1.0,0.0,0.7140072689652506,0.7140072689652506,,,,1.0
40,acetone_hl_gap_eV,112,1.0,0.0,0.7140072689652506,0.7140072689652506,,,,1.0
40,acetone_hl_gap_eV,113,1.0,0.0,0.7140072689652506,0.7140072689652506,,,,1.0
40,acetone_hl_gap_eV,114,1.0,0.0,0.7140072689652506,0.7140072689652506,,,,1.0
40,acetone_hl_gap_eV,115,1.0,0.0,0.7140072689652506,0.7140072689652506,,,,1.0
40,acetone_hl_gap_eV,116,1.0,0.0,0.7140072689652506,0.7140072689652506,,,,1.0
40,acetone_hl_gap_eV,117,1.0,0.0,0.7140072689652506,0.7140072689652506,,,,1.0
40,acetone_hl_gap_eV,118,1.0,0.0,0.7140072689652506,0.7140072689652506,,,,1.0
40,acetone_hl_gap_eV,119,1.0,0.0,0.7140072689652506,0.7140072689652506,,,,1.0
40,acetone_hl_gap_eV,120,1.0,0.0,0.7140072689652506,0.7140072689652506,,,,1.0
40,acetone_hl_gap_eV,121,1.0,0.0,0.7140072689652506,0.7140072689652506,,,,1.0
40,acetone_hl_gap_eV,122,1.0,0.0,0.7140072689652506,0.7140072689652506,,,,1.0
40,acetone_hl_gap_eV,123,1.0,0.0,0.7140072689652506,0.7140072689652506,,,,1.0
40,acetone_hl_gap_eV,124,1.0,0.0,0.7140072689652506,0.7140072689652506,,,,1.0
40,acetone_hl_gap_eV,125,1.0,0.0,0.7140072689652506,0.7140072689652506,,,,1.0
40,acetone_hl_gap_eV,126,1.0,0.0,0.7140072689652506,0.7140072689652506,,,,1.0
40,acetone_hl_gap_eV,127,1.0,0.0,0.7140072689652506,0.7140072689652506,,,,1.0
40,acetone_hl_gap_eV,128,1.0,0.0,0.7140072689652506,0.7140072689652506,,,,1.0
40,acetone_hl_gap_eV,129,1.0,0.0,0.7140072689652506,0.7140072689652506,,,,1.0
40,acetone_hl_gap_eV,130,1.0,0.0,0.7140072689652506,0.7140072689652506,,,,1.0
40,acetone_hl_gap_eV,131,1.0,0.0,0.7140072689652506,0.7140072689652506,,,,1.0
40,acetone_hl_gap_eV,132,1.0,0.0,0.7140072689652506,0.7140072689652506,,,,1.0
40,acetone_hl_gap_eV,133,1.0,0.0,0.7140072689652506,0.7140072689652506,,,,1.0
40,acetone_hl_gap_eV,134,1.0,0.0,0.7140072689652506,0.7140072689652506,,,,1.0
40,acetone_hl_gap_eV,135,1.0,0.0,0.7140072689652506,0.7140072689652506,,,,1.0
40,acetone_hl_gap_eV,136,1.0,0.0,0.7140072689652506,0.7140072689652506,,,,1.0
40,acetone_hl_gap_eV,137,1.0,0.0,0.7140072689652506,0.7140072689652506,,,,1.0
40,acetone_hl_gap_eV,138,1.0,0.0,0.7140072689652506,0.7140072689652506,,,,1.0
40,acetone_hl_gap_eV,139,1.0,0.0,0.7140072689652506,0.7140072689652506,,,,1.0
40,acetone_hl_gap_eV,140,1.0,0.0,0.7140072689652506,0.7140072689652506,,,,1.0
40,acetone_hl_gap_eV,141,1.0,0.0,0.7140072689652506,0.7140072689652506,,,,1.0
40,acetone_hl_gap_eV,142,1.0,0.0,0.7140072689652506,0.7140072689652506,,,,1.0
40,acetone_hl_gap_eV,143,1.0,0.0,0.7140072689652506,0.7140072689652506,,,,1.0
40,acetone_hl_gap_eV,144,1.0,0.0,0.7140072689652506,0.7140072689652506,,,,1.0
40,acetone_hl_gap_eV,145,1.0,0.0,0.7140072689652506,0.7140072689652506,,,,1.0
40,acetone_hl_gap_eV,146,1.0,0.0,0.7140072689652506,0.7140072689652506,,,,1.0
40,acetone_hl_gap_eV,147,1.0,0.0,0.7140072689652506,0.7140072689652506,,,,1.0
40,acetone_hl_gap_eV,148,1.0,0.0,0.7140072689652506,0.7140072689652506,,,,1.0
40,acetone_hl_gap_eV,149,1.0,0.0,0.7140072689652506,0.7140072689652506,,,,1.0
40,acetone_hl_gap_eV,150,1.0,0.0,0.7140072689652506,0.7140072689652506,,,,1.0
40,acetone_hl_gap_eV,151,1.0,0.0,0.7140072689652506,0.7140072689652506,,,,1.0
40,acetone_hl_gap_eV,152,1.0,0.0,0.7140072689652506,0.7140072689652506,,,,1.0
40,acetone_hl_gap_eV,153,1.0,0.0,0.7140072689652506,0.7140072689652506,,,,1.0
40,acetone_hl_gap_eV,154,1.0,0.0,0.7140072689652506,0.7140072689652506,,,,1.0
40,acetone_hl_gap_eV,155,1.0,0.0,0.7140072689652506,0.7140072689652506,,,,1.0
40,acetone_hl_gap_eV,156,1.0,0.0,0.7140072689652506,0.7140072689652506,,,,1.0
40,acetone_hl_gap_eV,157,1.0,0.0,0.7140072689652506,0.7140072689652506,,,,1.0
40,acetone_hl_gap_eV,158,1.0,0.0,0.7140072689652506,0.7140072689652506,,,,1.0
40,acetone_hl_gap_eV,159,1.0,0.0,0.7140072689652506,0.7140072689652506,,,,1.0
40,acetone_hl_gap_eV,160,1.0,0.0,0.7140072689652506,0.7140072689652506,,,,1.0
40,acetone_hl_gap_eV,161,1.0,0.0,0.7140072689652506,0.7140072689652506,,,,1.0
40,acetone_hl_gap_eV,162,1.0,0.0,0.7140072689652506,0.7140072689652506,,,,1.0
40,acetone_hl_gap_eV,163,1.0,0.0,0.7140072689652506,0.7140072689652506,,,,1.0
40,acetone_hl_gap_eV,164,1.0,0.0,0.7140072689652506,0.7140072689652506,,,,1.0
40,acetone_hl_gap_eV,165,1.0,0.0,0.7140072689652506,0.7140072689652506,,,,1.0
40,acetone_hl_gap_eV,166,1.0,0.0,0.7140072689652506,0.7140072689652506,,,,1.0
40,acetone_hl_gap_eV,167,1.0,0.0,0.7140072689652506,0.7140072689652506,,,,1.0
40,acetone_hl_gap_eV,168,1.0,0.0,0.7140072689652506,0.7140072689652506,,,,1.0
40,acetone_hl_gap_eV,169,1.0,0.0,0.7140072689652506,0.7140072689652506,,,,1.0
40,acetone_hl_gap_eV,170,1.0,0.0,0.7140072689652506,0.7140072689652506,,,,1.0
40,acetone_hl_gap_eV,171,1.0,0.0,0.7140072689652506,0.7140072689652506,,,,1.0
40,acetone_hl_gap_eV,172,1.0,0.0,0.7140072689652506,0.7140072689652506,,,,1.0
40,acetone_hl_gap_eV,173,1.0,0.0,0.7140072689652506,0.7140072689652506,,,,1.0
40,acetone_hl_gap_eV,174,1.0,0.0,0.7140072689652506,0.7140072689652506,,,,1.0
40,acetone_hl_gap_eV,175,1.0,0.0,0.7140072689652506,0.7140072689652506,,,,1.0
40,acetone_hl_gap_eV,176,1.0,0.0,0.7140072689652506,0.7140072689652506,,,,1.0
40,acetone_hl_gap_eV,177,1.0,0.0,0.7140072689652506,0.7140072689652506,,,,1.0
40,acetone_hl_gap_eV,178,1.0,0.0,0.7140072689652506,0.7140072689652506,,,,1.0
40,acetone_hl_gap_eV,179,1.0,0.0,0.7140072689652506,0.7140072689652506,,,,1.0
40,acetone_hl_gap_eV,180,1.0,0.0,0.7140072689652506,0.7140072689652506,,,,1.0
40,acetone_hl_gap_eV,181,1.0,0.0,0.7140072689652506,0.7140072689652506,,,,1.0
40,acetone_hl_gap_eV,182,1.0,0.0,0.7140072689652506,0.7140072689652506,,,,1.0
40,acetone_hl_gap_eV,183,1.0,0.0,0.7140072689652506,0.7140072689652506,,,,1.0
40,acetone_hl_gap_eV,184,1.0,0.0,0.7140072689652506,0.7140072689652506,,,,1.0
40,acetone_hl_gap_eV,185,1.0,0.0,0.7140072689652506,0.7140072689652506,,,,1.0
40,acetone_hl_gap_eV,186,1.0,0.0,0.7140072689652506,0.7140072689652506,,,,1.0
40,acetone_hl_gap_eV,187,1.0,0.0,0.7140072689652506,0.7140072689652506,,,,1.0
40,acetone_hl_gap_eV,188,1.0,0.0,0.7140072689652506,0.7140072689652506,,,,1.0
40,acetone_hl_gap_eV,189,1.0,0.0,0.7140072689652506,0.7140072689652506,,,,1.0
40,acetone_hl_gap_eV,190,1.0,0.0,0.7140072689652506,0.7140072689652506,,,,1.0
40,acetone_hl_gap_eV,191,1.0,0.0,0.7140072689652506,0.7140072689652506,,,,1.0
40,acetone_hl_gap_eV,192,1.0,0.0,0.7140072689652506,0.7140072689652506,,,,1.0
40,acetone_hl_gap_eV,193,1.0,0.0,0.7140072689652506,0.7140072689652506,,,,1.0
40,acetone_hl_gap_eV,194,1.0,0.0,0.7140072689652506,0.7140072689652506,,,,1.0
40,acetone_hl_gap_eV,195,1.0,0.0,0.7140072689652506,0.7140072689652506,,,,1.0
40,acetone_hl_gap_eV,196,1.0,0.0,0.7140072689652506,0.7140072689652506,,,,1.0
40,acetone_hl_gap_eV,197,1.0,0.0,0.7140072689652506,0.7140072689652506,,,,1.0
40,acetone_hl_gap_eV,198,1.0,0.0,0.7140072689652506,0.7140072689652506,,,,1.0
40,acetone_hl_gap_eV,199,1.0,0.0,0.7140072689652506,0.7140072689652506,,,,1.0
40,acetone_hl_gap_eV,200,1.0,0.0,0.7140072689652506,0.7140072689652506,,,,1.0
40,acetone_hl_gap_eV,201,1.0,0.0,0.7140072689652506,0.7140072689652506,,,,1.0
40,acetone_hl_gap_eV,202,1.0,0.0,0.7140072689652506,0.7140072689652506,,,,1.0
40,acetone_hl_gap_eV,203,1.0,0.0,0.7140072689652506,0.7140072689652506,,,,1.0
40,acetone_hl_gap_eV,204,1.0,0.0,0.7140072689652506,0.7140072689652506,,,,1.0
40,acetone_hl_gap_eV,205,1.0,0.0,0.7140072689652506,0.7140072689652506,,,,1.0
40,acetone_hl_gap_eV,206,1.0,0.0,0.7140072689652506,0.7140072689652506,,,,1.0
40,acetone_hl_gap_eV,207,1.0,0.0,0.7140072689652506,0.7140072689652506,,,,1.0
40,acetone_hl_gap_eV,208,1.0,0.0,0.7140072689652506,0.7140072689652506,,,,1.0
40,acetone_hl_gap_eV,209,1.0,0.0,0.7140072689652506,0.7140072689652506,,,,1.0
40,acetone_hl_gap_eV,210,1.0,0.0,0.7140072689652506,0.7140072689652506,,,,1.0
40,acetone_hl_gap_eV,211,1.0,0.0,0.7140072689652506,0.7140072689652506,,,,1.0
40,acetone_hl_gap_eV,212,1.0,0.0,0.7140072689652506,0.7140072689652506,,,,1.0
40,acetone_hl_gap_eV,213,1.0,0.0,0.7140072689652506,0.7140072689652506,,,,1.0
40,acetone_hl_gap_eV,214,1.0,0.0,0.7140072689652506,0.7140072689652506,,,,1.0
40,acetone_hl_gap_eV,215,1.0,0.0,0.7140072689652506,0.7140072689652506,,,,1.0
40,acetone_hl_gap_eV,216,1.0,0.0,0.7140072689652506,0.7140072689652506,,,,1.0
40,acetone_hl_gap_eV,217,1.0,0.0,0.7140072689652506,0.7140072689652506,,,,1.0
40,acetone_hl_gap_eV,218,1.0,0.0,0.7140072689652506,0.7140072689652506,,,,1.0
40,acetone_hl_gap_eV,219,1.0,0.0,0.7140072689652506,0.7140072689652506,,,,1.0
40,acetone_hl_gap_eV,220,1.0,0.0,0.7140072689652506,0.7140072689652506,,,,1.0
40,acetone_hl_gap_eV,221,1.0,0.0,0.7140072689652506,0.7140072689652506,,,,1.0
40,acetone_hl_gap_eV,222,1.0,0.0,0.7140072689652506,0.7140072689652506,,,,1.0
40,acetone_hl_gap_eV,223,1.0,0.0,0.7140072689652506,0.7140072689652506,,,,1.0
40,acetone_hl_gap_eV,224,1.0,0.0,0.7140072689652506,0.7140072689652506,,,,1.0
40,acetone_hl_gap_eV,225,1.0,0.0,0.7140072689652506,0.7140072689652506,,,,1.0
40,acetone_hl_gap_eV,226,1.0,0.0,0.7140072689652506,0.7140072689652506,,,,1.0
40,acetone_hl_gap_eV,227,1.0,0.0,0.7140072689652506,0.7140072689652506,,,,1.0
40,acetone_hl_gap_eV,228,1.0,0.0,0.7140072689652506,0.7140072689652506,,,,1.0
40,acetone_hl_gap_eV,229,1.0,0.0,0.7140072689652506,0.7140072689652506,,,,1.0
40,acetone_hl_gap_eV,230,1.0,0.0,0.7140072689652506,0.7140072689652506,,,,1.0
40,acetone_hl_gap_eV,231,1.0,0.0,0.7140072689652506,0.7140072689652506,,,,1.0
40,acetone_hl_gap_eV,232,1.0,0.0,0.7140072689652506,0.7140072689652506,,,,1.0
40,acetone_hl_gap_eV,233,1.0,0.0,0.7140072689652506,0.7140072689652506,,,,1.0
40,acetone_hl_gap_eV,234,1.0,0.0,0.7140072689652506,0.7140072689652506,,,,1.0
40,acetone_hl_gap_eV,235,1.0,0.0,0.7140072689652506,0.7140072689652506,,,,1.0
40,acetone_hl_gap_eV,236,1.0,0.0,0.7140072689652506,0.7140072689652506,,,,1.0
40,acetone_hl_gap_eV,237,1.0,0.0,0.7140072689652506,0.7140072689652506,,,,1.0
40,acetone_hl_gap_eV,238,1.0,0.0,0.7140072689652506,0.7140072689652506,,,,1.0
40,acetone_hl_gap_eV,239,1.0,0.0,0.7140072689652506,0.7140072689652506,,,,1.0
40,acetone_hl_gap_eV,240,1.0,0.0,0.7140072689652506,0.7140072689652506,,,,1.0
40,acetone_hl_gap_eV,241,1.0,0.0,0.7140072689652506,0.7140072689652506,,,,1.0
40,acetone_hl_gap_eV,242,1.0,0.0,0.7140072689652506,0.7140072689652506,,,,1.0
40,acetone_hl_gap_eV,243,1.0,0.0,0.7140072689652506,0.7140072689652506,,,,1.0
40,acetone_hl_gap_eV,244,1.0,0.0,0.7140072689652506,0.7140072689652506,,,,1.0
40,acetone_hl_gap_eV,245,1.0,0.0,0.7140072689652506,0.7140072689652506,,,,1.0
40,acetone_hl_gap_eV,246,1.0,0.0,0.7140072689652506,0.7140072689652506,,,,1.0
40,acetone_hl_gap_eV,247,1.0,0.0,0.7140072689652506,0.7140072689652506,,,,1.0
40,acetone_hl_gap_eV,248,1.0,0.0,0.7140072689652506,0.7140072689652506,,,,1.0
40,acetone_hl_gap_eV,249,1.0,0.0,0.7140072689652506,0.7140072689652506,,,,1.0
40,acetone_dipole,0,1.0,0.0,0.584922816112379,0.584922816112379,,,,1.0
40,acetone_dipole,1,1.0,0.0,0.584922816112379,0.584922816112379,,,,1.0
40,acetone_dipole,2,1.0,0.0,0.584922816112379,0.584922816112379,,,,1.0
40,acetone_dipole,3,1.0,0.0,0.584922816112379,0.584922816112379,,,,1.0
40,acetone_dipole,4,1.0,0.0,0.584922816112379,0.584922816112379,,,,1.0
40,acetone_dipole,5,1.0,0.0,0.584922816112379,0.584922816112379,,,,1.0
40,acetone_dipole,6,1.0,0.0,0.584922816112379,0.584922816112379,,,,1.0
40,acetone_dipole,7,1.0,0.0,0.584922816112379,0.584922816112379,,,,1.0
40,acetone_dipole,8,1.0,0.0,0.584922816112379,0.584922816112379,,,,1.0
40,acetone_dipole,9,1.0,0.0,0.584922816112379,0.584922816112379,,,,1.0
40,acetone_dipole,10,1.0,0.0,0.584922816112379,0.584922816112379,,,,1.0
40,acetone_dipole,11,1.0,0.0,0.584922816112379,0.584922816112379,,,,1.0
40,acetone_dipole,12,1.0,0.0,0.584922816112379,0.584922816112379,,,,1.0
40,acetone_dipole,13,1.0,0.0,0.584922816112379,0.584922816112379,,,,1.0
40,acetone_dipole,14,1.0,0.0,0.584922816112379,0.584922816112379,,,,1.0
40,acetone_dipole,15,1.0,0.0,0.584922816112379,0.584922816112379,,,,1.0
40,acetone_dipole,16,1.0,0.0,0.584922816112379,0.584922816112379,,,,1.0
40,acetone_dipole,17,1.0,0.0,0.584922816112379,0.584922816112379,,,,1.0
40,acetone_dipole,18,1.0,0.0,0.584922816112379,0.584922816112379,,,,1.0
40,acetone_dipole,19,1.0,0.0,0.584922816112379,0.584922816112379,,,,1.0
40,acetone_dipole,20,1.0,0.0,0.584922816112379,0.584922816112379,,,,1.0
40,acetone_dipole,21,1.0,0.0,0.584922816112379,0.584922816112379,,,,1.0
40,acetone_dipole,22,1.0,0.0,0.584922816112379,0.584922816112379,,,,1.0
40,acetone_dipole,23,1.0,0.0,0.584922816112379,0.584922816112379,,,,1.0
40,acetone_dipole,24,1.0,0.0,0.584922816112379,0.584922816112379,,,,1.0
40,acetone_dipole,25,1.0,0.0,0.584922816112379,0.584922816112379,,,,1.0
40,acetone_dipole,26,1.0,0.0,0.584922816112379,0.584922816112379,,,,1.0
40,acetone_dipole,27,1.0,0.0,0.584922816112379,0.584922816112379,,,,1.0
40,acetone_dipole,28,1.0,0.0,0.584922816112379,0.584922816112379,,,,1.0
40,acetone_dipole,29,1.0,0.0,0.584922816112379,0.584922816112379,,,,1.0
40,acetone_dipole,30,1.0,0.0,0.584922816112379,0.584922816112379,,,,1.0
40,acetone_dipole,31,1.0,0.0,0.584922816112379,0.584922816112379,,,,1.0
40,acetone_dipole,32,1.0,0.0,0.584922816112379,0.584922816112379,,,,1.0
40,acetone_dipole,33,1.0,0.0,0.584922816112379,0.584922816112379,,,,1.0
40,acetone_dipole,34,1.0,0.0,0.584922816112379,0.584922816112379,,,,1.0
40,acetone_dipole,35,1.0,0.0,0.584922816112379,0.584922816112379,,,,1.0
40,acetone_dipole,36,1.0,0.0,0.584922816112379,0.584922816112379,,,,1.0
40,acetone_dipole,37,1.0,0.0,0.584922816112379,0.584922816112379,,,,1.0
40,acetone_dipole,38,1.0,0.0,0.584922816112379,0.584922816112379,,,,1.0
40,acetone_dipole,39,1.0,0.0,0.584922816112379,0.584922816112379,,,,1.0
40,acetone_dipole,40,1.0,0.0,0.584922816112379,0.584922816112379,,,,1.0
40,acetone_dipole,41,1.0,0.0,0.584922816112379,0.584922816112379,,,,1.0
40,acetone_dipole,42,1.0,0.0,0.584922816112379,0.584922816112379,,,,1.0
40,acetone_dipole,43,1.0,0.0,0.584922816112379,0.584922816112379,,,,1.0
40,acetone_dipole,44,1.0,0.0,0.584922816112379,0.584922816112379,,,,1.0
40,acetone_dipole,45,1.0,0.0,0.584922816112379,0.584922816112379,,,,1.0
40,acetone_dipole,46,1.0,0.0,0.584922816112379,0.584922816112379,,,,1.0
40,acetone_dipole,47,1.0,0.0,0.584922816112379,0.584922816112379,,,,1.0
40,acetone_dipole,48,1.0,0.0,0.584922816112379,0.584922816112379,,,,1.0
40,acetone_dipole,49,1.0,0.0,0.584922816112379,0.584922816112379,,,,1.0
40,acetone_dipole,50,1.0,0.0,0.584922816112379,0.584922816112379,,,,1.0
40,acetone_dipole,51,1.0,0.0,0.584922816112379,0.584922816112379,,,,1.0
40,acetone_dipole,52,1.0,0.0,0.584922816112379,0.584922816112379,,,,1.0
40,acetone_dipole,53,1.0,0.0,0.584922816112379,0.584922816112379,,,,1.0
40,acetone_dipole,54,1.0,0.0,0.584922816112379,0.584922816112379,,,,1.0
40,acetone_dipole,55,1.0,0.0,0.584922816112379,0.584922816112379,,,,1.0
40,acetone_dipole,56,1.0,0.0,0.584922816112379,0.584922816112379,,,,1.0
40,acetone_dipole,57,1.0,0.0,0.584922816112379,0.584922816112379,,,,1.0
40,acetone_dipole,58,1.0,0.0,0.584922816112379,0.584922816112379,,,,1.0
40,acetone_dipole,59,1.0,0.0,0.584922816112379,0.584922816112379,,,,1.0
40,acetone_dipole,60,1.0,0.0,0.584922816112379,0.584922816112379,,,,1.0
40,acetone_dipole,61,1.0,0.0,0.584922816112379,0.584922816112379,,,,1.0
40,acetone_dipole,62,1.0,0.0,0.584922816112379,0.584922816112379,,,,1.0
40,acetone_dipole,63,1.0,0.0,0.584922816112379,0.584922816112379,,,,1.0
40,acetone_dipole,64,1.0,0.0,0.584922816112379,0.584922816112379,,,,1.0
40,acetone_dipole,65,1.0,0.0,0.584922816112379,0.584922816112379,,,,1.0
40,acetone_dipole,66,1.0,0.0,0.584922816112379,0.584922816112379,,,,1.0
40,acetone_dipole,67,1.0,0.0,0.584922816112379,0.584922816112379,,,,1.0
40,acetone_dipole,68,1.0,0.0,0.584922816112379,0.584922816112379,,,,1.0
40,acetone_dipole,69,1.0,0.0,0.584922816112379,0.584922816112379,,,,1.0
40,acetone_dipole,70,1.0,0.0,0.584922816112379,0.584922816112379,,,,1.0
40,acetone_dipole,71,1.0,0.0,0.584922816112379,0.584922816112379,,,,1.0
40,acetone_dipole,72,1.0,0.0,0.584922816112379,0.584922816112379,,,,1.0
40,acetone_dipole,73,1.0,0.0,0.584922816112379,0.584922816112379,,,,1.0
40,acetone_dipole,74,1.0,0.0,0.584922816112379,0.584922816112379,,,,1.0
40,acetone_dipole,75,1.0,0.0,0.584922816112379,0.584922816112379,,,,1.0
40,acetone_dipole,76,1.0,0.0,0.584922816112379,0.584922816112379,,,,1.0
40,acetone_dipole,77,1.0,0.0,0.584922816112379,0.584922816112379,,,,1.0
40,acetone_dipole,78,1.0,0.0,0.584922816112379,0.584922816112379,,,,1.0
40,acetone_dipole,79,1.0,0.0,0.584922816112379,0.584922816112379,,,,1.0
40,acetone_dipole,80,1.0,0.0,0.584922816112379,0.584922816112379,,,,1.0
40,acetone_dipole,81,1.0,0.0,0.584922816112379,0.584922816112379,,,,1.0
40,acetone_dipole,82,1.0,0.0,0.584922816112379,0.584922816112379,,,,1.0
40,acetone_dipole,83,1.0,0.0,0.584922816112379,0.584922816112379,,,,1.0
40,acetone_dipole,84,1.0,0.0,0.584922816112379,0.584922816112379,,,,1.0
40,acetone_dipole,85,1.0,0.0,0.584922816112379,0.584922816112379,,,,1.0
40,acetone_dipole,86,1.0,0.0,0.584922816112379,0.584922816112379,,,,1.0
40,acetone_dipole,87,1.0,0.0,0.584922816112379,0.584922816112379,,,,1.0
40,acetone_dipole,88,1.0,0.0,0.584922816112379,0.584922816112379,,,,1.0
40,acetone_dipole,89,1.0,0.0,0.584922816112379,0.584922816112379,,,,1.0
40,acetone_dipole,90,1.0,0.0,0.584922816112379,0.584922816112379,,,,1.0
40,acetone_dipole,91,1.0,0.0,0.584922816112379,0.584922816112379,,,,1.0
40,acetone_dipole,92,1.0,0.0,0.584922816112379,0.584922816112379,,,,1.0
40,acetone_dipole,93,1.0,0.0,0.584922816112379,0.584922816112379,,,,1.0
40,acetone_dipole,94,1.0,0.0,0.584922816112379,0.584922816112379,,,,1.0
40,acetone_dipole,95,1.0,0.0,0.584922816112379,0.584922816112379,,,,1.0
40,acetone_dipole,96,1.0,0.0,0.584922816112379,0.584922816112379,,,,1.0
40,acetone_dipole,97,1.0,0.0,0.584922816112379,0.584922816112379,,,,1.0
40,acetone_dipole,98,1.0,0.0,0.584922816112379,0.584922816112379,,,,1.0
40,acetone_dipole,99,1.0,0.0,0.584922816112379,0.584922816112379,,,,1.0
40,acetone_dipole,100,1.0,0.0,0.584922816112379,0.584922816112379,,,,1.0
40,acetone_dipole,101,1.0,0.0,0.584922816112379,0.584922816112379,,,,1.0
40,acetone_dipole,102,1.0,0.0,0.584922816112379,0.584922816112379,,,,1.0
40,acetone_dipole,103,1.0,0.0,0.584922816112379,0.584922816112379,,,,1.0
40,acetone_dipole,104,1.0,0.0,0.584922816112379,0.584922816112379,,,,1.0
40,acetone_dipole,105,1.0,0.0,0.584922816112379,0.584922816112379,,,,1.0
40,acetone_dipole,106,1.0,0.0,0.584922816112379,0.584922816112379,,,,1.0
40,acetone_dipole,107,1.0,0.0,0.584922816112379,0.584922816112379,,,,1.0
40,acetone_dipole,108,1.0,0.0,0.584922816112379,0.584922816112379,,,,1.0
40,acetone_dipole,109,1.0,0.0,0.584922816112379,0.584922816112379,,,,1.0
40,acetone_dipole,110,1.0,0.0,0.584922816112379,0.584922816112379,,,,1.0
40,acetone_dipole,111,1.0,0.0,0.584922816112379,0.584922816112379,,,,1.0
40,acetone_dipole,112,1.0,0.0,0.584922816112379,0.584922816112379,,,,1.0
40,acetone_dipole,113,1.0,0.0,0.584922816112379,0.584922816112379,,,,1.0
40,acetone_dipole,114,1.0,0.0,0.584922816112379,0.584922816112379,,,,1.0
40,acetone_dipole,115,1.0,0.0,0.584922816112379,0.584922816112379,,,,1.0
40,acetone_dipole,116,1.0,0.0,0.584922816112379,0.584922816112379,,,,1.0
40,acetone_dipole,117,1.0,0.0,0.584922816112379,0.584922816112379,,,,1.0
40,acetone_dipole,118,1.0,0.0,0.584922816112379,0.584922816112379,,,,1.0
40,acetone_dipole,119,1.0,0.0,0.584922816112379,0.584922816112379,,,,1.0
40,acetone_dipole,120,1.0,0.0,0.584922816112379,0.584922816112379,,,,1.0
40,acetone_dipole,121,1.0,0.0,0.584922816112379,0.584922816112379,,,,1.0
40,acetone_dipole,122,1.0,0.0,0.584922816112379,0.584922816112379,,,,1.0
40,acetone_dipole,123,1.0,0.0,0.584922816112379,0.584922816112379,,,,1.0
40,acetone_dipole,124,1.0,0.0,0.584922816112379,0.584922816112379,,,,1.0
40,acetone_dipole,125,1.0,0.0,0.584922816112379,0.584922816112379,,,,1.0
40,acetone_dipole,126,1.0,0.0,0.584922816112379,0.584922816112379,,,,1.0
40,acetone_dipole,127,1.0,0.0,0.584922816112379,0.584922816112379,,,,1.0
40,acetone_dipole,128,1.0,0.0,0.584922816112379,0.584922816112379,,,,1.0
40,acetone_dipole,129,1.0,0.0,0.584922816112379,0.584922816112379,,,,1.0
40,acetone_dipole,130,1.0,0.0,0.584922816112379,0.584922816112379,,,,1.0
40,acetone_dipole,131,1.0,0.0,0.584922816112379,0.584922816112379,,,,1.0
40,acetone_dipole,132,1.0,0.0,0.584922816112379,0.584922816112379,,,,1.0
40,acetone_dipole,133,1.0,0.0,0.584922816112379,0.584922816112379,,,,1.0
40,acetone_dipole,134,1.0,0.0,0.584922816112379,0.584922816112379,,,,1.0
40,acetone_dipole,135,1.0,0.0,0.584922816112379,0.584922816112379,,,,1.0
40,acetone_dipole,136,1.0,0.0,0.584922816112379,0.584922816112379,,,,1.0
40,acetone_dipole,137,1.0,0.0,0.584922816112379,0.584922816112379,,,,1.0
40,acetone_dipole,138,1.0,0.0,0.584922816112379,0.584922816112379,,,,1.0
40,acetone_dipole,139,1.0,0.0,0.584922816112379,0.584922816112379,,,,1.0
40,acetone_dipole,140,1.0,0.0,0.584922816112379,0.584922816112379,,,,1.0
40,acetone_dipole,141,1.0,0.0,0.584922816112379,0.584922816112379,,,,1.0
40,acetone_dipole,142,1.0,0.0,0.584922816112379,0.584922816112379,,,,1.0
40,acetone_dipole,143,1.0,0.0,0.584922816112379,0.584922816112379,,,,1.0
40,acetone_dipole,144,1.0,0.0,0.584922816112379,0.584922816112379,,,,1.0
40,acetone_dipole,145,1.0,0.0,0.584922816112379,0.584922816112379,,,,1.0
40,acetone_dipole,146,1.0,0.0,0.584922816112379,0.584922816112379,,,,1.0
40,acetone_dipole,147,1.0,0.0,0.584922816112379,0.584922816112379,,,,1.0
40,acetone_dipole,148,1.0,0.0,0.584922816112379,0.584922816112379,,,,1.0
40,acetone_dipole,149,1.0,0.0,0.584922816112379,0.584922816112379,,,,1.0
40,acetone_dipole,150,1.0,0.0,0.584922816112379,0.584922816112379,,,,1.0
40,acetone_dipole,151,1.0,0.0,0.584922816112379,0.584922816112379,,,,1.0
40,acetone_dipole,152,1.0,0.0,0.584922816112379,0.584922816112379,,,,1.0
40,acetone_dipole,153,1.0,0.0,0.584922816112379,0.584922816112379,,,,1.0
40,acetone_dipole,154,1.0,0.0,0.584922816112379,0.584922816112379,,,,1.0
40,acetone_dipole,155,1.0,0.0,0.584922816112379,0.584922816112379,,,,1.0
40,acetone_dipole,156,1.0,0.0,0.584922816112379,0.584922816112379,,,,1.0
40,acetone_dipole,157,1.0,0.0,0.584922816112379,0.584922816112379,,,,1.0
40,acetone_dipole,158,1.0,0.0,0.584922816112379,0.584922816112379,,,,1.0
40,acetone_dipole,159,1.0,0.0,0.584922816112379,0.584922816112379,,,,1.0
40,acetone_dipole,160,1.0,0.0,0.584922816112379,0.584922816112379,,,,1.0
40,acetone_dipole,161,1.0,0.0,0.584922816112379,0.584922816112379,,,,1.0
40,acetone_dipole,162,1.0,0.0,0.584922816112379,0.584922816112379,,,,1.0
40,acetone_dipole,163,1.0,0.0,0.584922816112379,0.584922816112379,,,,1.0
40,acetone_dipole,164,1.0,0.0,0.584922816112379,0.584922816112379,,,,1.0
40,acetone_dipole,165,1.0,0.0,0.584922816112379,0.584922816112379,,,,1.0
40,acetone_dipole,166,1.0,0.0,0.584922816112379,0.584922816112379,,,,1.0
40,acetone_dipole,167,1.0,0.0,0.584922816112379,0.584922816112379,,,,1.0
40,acetone_dipole,168,1.0,0.0,0.584922816112379,0.584922816112379,,,,1.0
40,acetone_dipole,169,1.0,0.0,0.584922816112379,0.584922816112379,,,,1.0
40,acetone_dipole,170,1.0,0.0,0.584922816112379,0.584922816112379,,,,1.0
40,acetone_dipole,171,1.0,0.0,0.584922816112379,0.584922816112379,,,,1.0
40,acetone_dipole,172,1.0,0.0,0.584922816112379,0.584922816112379,,,,1.0
40,acetone_dipole,173,1.0,0.0,0.584922816112379,0.584922816112379,,,,1.0
40,acetone_dipole,174,1.0,0.0,0.584922816112379,0.584922816112379,,,,1.0
40,acetone_dipole,175,1.0,0.0,0.584922816112379,0.584922816112379,,,,1.0
40,acetone_dipole,176,1.0,0.0,0.584922816112379,0.584922816112379,,,,1.0
40,acetone_dipole,177,1.0,0.0,0.584922816112379,0.584922816112379,,,,1.0
40,acetone_dipole,178,1.0,0.0,0.584922816112379,0.584922816112379,,,,1.0
40,acetone_dipole,179,1.0,0.0,0.584922816112379,0.584922816112379,,,,1.0
40,acetone_dipole,180,1.0,0.0,0.584922816112379,0.584922816112379,,,,1.0
40,acetone_dipole,181,1.0,0.0,0.584922816112379,0.584922816112379,,,,1.0
40,acetone_dipole,182,1.0,0.0,0.584922816112379,0.584922816112379,,,,1.0
40,acetone_dipole,183,1.0,0.0,0.584922816112379,0.584922816112379,,,,1.0
40,acetone_dipole,184,1.0,0.0,0.584922816112379,0.584922816112379,,,,1.0
40,acetone_dipole,185,1.0,0.0,0.584922816112379,0.584922816112379,,,,1.0
40,acetone_dipole,186,1.0,0.0,0.584922816112379,0.584922816112379,,,,1.0
40,acetone_dipole,187,1.0,0.0,0.584922816112379,0.584922816112379,,,,1.0
40,acetone_dipole,188,1.0,0.0,0.584922816112379,0.584922816112379,,,,1.0
40,acetone_dipole,189,1.0,0.0,0.584922816112379,0.584922816112379,,,,1.0
40,acetone_dipole,190,1.0,0.0,0.584922816112379,0.584922816112379,,,,1.0
40,acetone_dipole,191,1.0,0.0,0.584922816112379,0.584922816112379,,,,1.0
40,acetone_dipole,192,1.0,0.0,0.584922816112379,0.584922816112379,,,,1.0
40,acetone_dipole,193,1.0,0.0,0.584922816112379,0.584922816112379,,,,1.0
40,acetone_dipole,194,1.0,0.0,0.584922816112379,0.584922816112379,,,,1.0
40,acetone_dipole,195,1.0,0.0,0.584922816112379,0.584922816112379,,,,1.0
40,acetone_dipole,196,1.0,0.0,0.584922816112379,0.584922816112379,,,,1.0
40,acetone_dipole,197,1.0,0.0,0.584922816112379,0.584922816112379,,,,1.0
40,acetone_dipole,198,1.0,0.0,0.584922816112379,0.584922816112379,,,,1.0
40,acetone_dipole,199,1.0,0.0,0.584922816112379,0.584922816112379,,,,1.0
40,acetone_dipole,200,1.0,0.0,0.584922816112379,0.584922816112379,,,,1.0
40,acetone_dipole,201,1.0,0.0,0.584922816112379,0.584922816112379,,,,1.0
40,acetone_dipole,202,1.0,0.0,0.584922816112379,0.584922816112379,,,,1.0
40,acetone_dipole,203,1.0,0.0,0.584922816112379,0.584922816112379,,,,1.0
40,acetone_dipole,204,1.0,0.0,0.584922816112379,0.584922816112379,,,,1.0
40,acetone_dipole,205,1.0,0.0,0.584922816112379,0.584922816112379,,,,1.0
40,acetone_dipole,206,1.0,0.0,0.584922816112379,0.584922816112379,,,,1.0
40,acetone_dipole,207,1.0,0.0,0.584922816112379,0.584922816112379,,,,1.0
40,acetone_dipole,208,1.0,0.0,0.584922816112379,0.584922816112379,,,,1.0
40,acetone_dipole,209,1.0,0.0,0.584922816112379,0.584922816112379,,,,1.0
40,acetone_dipole,210,1.0,0.0,0.584922816112379,0.584922816112379,,,,1.0
40,acetone_dipole,211,1.0,0.0,0.584922816112379,0.584922816112379,,,,1.0
40,acetone_dipole,212,1.0,0.0,0.584922816112379,0.584922816112379,,,,1.0
40,acetone_dipole,213,1.0,0.0,0.584922816112379,0.584922816112379,,,,1.0
40,acetone_dipole,214,1.0,0.0,0.584922816112379,0.584922816112379,,,,1.0
40,acetone_dipole,215,1.0,0.0,0.584922816112379,0.584922816112379,,,,1.0
40,acetone_dipole,216,1.0,0.0,0.584922816112379,0.584922816112379,,,,1.0
40,acetone_dipole,217,1.0,0.0,0.584922816112379,0.584922816112379,,,,1.0
40,acetone_dipole,218,1.0,0.0,0.584922816112379,0.584922816112379,,,,1.0
40,acetone_dipole,219,1.0,0.0,0.584922816112379,0.584922816112379,,,,1.0
40,acetone_dipole,220,1.0,0.0,0.584922816112379,0.584922816112379,,,,1.0
40,acetone_dipole,221,1.0,0.0,0.584922816112379,0.584922816112379,,,,1.0
40,acetone_dipole,222,1.0,0.0,0.584922816112379,0.584922816112379,,,,1.0
40,acetone_dipole,223,1.0,0.0,0.584922816112379,0.584922816112379,,,,1.0
40,acetone_dipole,224,1.0,0.0,0.584922816112379,0.584922816112379,,,,1.0
40,acetone_dipole,225,1.0,0.0,0.584922816112379,0.584922816112379,,,,1.0
40,acetone_dipole,226,1.0,0.0,0.584922816112379,0.584922816112379,,,,1.0
40,acetone_dipole,227,1.0,0.0,0.584922816112379,0.584922816112379,,,,1.0
40,acetone_dipole,228,1.0,0.0,0.584922816112379,0.584922816112379,,,,1.0
40,acetone_dipole,229,1.0,0.0,0.584922816112379,0.584922816112379,,,,1.0
40,acetone_dipole,230,1.0,0.0,0.584922816112379,0.584922816112379,,,,1.0
40,acetone_dipole,231,1.0,0.0,0.584922816112379,0.584922816112379,,,,1.0
40,acetone_dipole,232,1.0,0.0,0.584922816112379,0.584922816112379,,,,1.0
40,acetone_dipole,233,1.0,0.0,0.584922816112379,0.584922816112379,,,,1.0
40,acetone_dipole,234,1.0,0.0,0.584922816112379,0.584922816112379,,,,1.0
40,acetone_dipole,235,1.0,0.0,0.584922816112379,0.584922816112379,,,,1.0
40,acetone_dipole,236,1.0,0.0,0.584922816112379,0.584922816112379,,,,1.0
40,acetone_dipole,237,1.0,0.0,0.584922816112379,0.584922816112379,,,,1.0
40,acetone_dipole,238,1.0,0.0,0.584922816112379,0.584922816112379,,,,1.0
40,acetone_dipole,239,1.0,0.0,0.584922816112379,0.584922816112379,,,,1.0
40,acetone_dipole,240,1.0,0.0,0.584922816112379,0.584922816112379,,,,1.0
40,acetone_dipole,241,1.0,0.0,0.584922816112379,0.584922816112379,,,,1.0
40,acetone_dipole,242,1.0,0.0,0.584922816112379,0.584922816112379,,,,1.0
40,acetone_dipole,243,1.0,0.0,0.584922816112379,0.584922816112379,,,,1.0
40,acetone_dipole,244,1.0,0.0,0.584922816112379,0.584922816112379,,,,1.0
40,acetone_dipole,245,1.0,0.0,0.584922816112379,0.584922816112379,,,,1.0
40,acetone_dipole,246,1.0,0.0,0.584922816112379,0.584922816112379,,,,1.0
40,acetone_dipole,247,1.0,0.0,0.584922816112379,0.584922816112379,,,,1.0
40,acetone_dipole,248,1.0,0.0,0.584922816112379,0.584922816112379,,,,1.0
40,acetone_dipole,249,1.0,0.0,0.584922816112379,0.584922816112379,,,,1.0
40,octanol_gsolv_eV,0,0.2496946156024933,0.08282380551099777,0.629202009953465,0.9137310262302334,18.353485107421875,0.6656531691551208,0.036268488805210115,0.24
40,octanol_gsolv_eV,1,0.268776535987854,0.07926178723573685,0.6291176823261566,0.903823193951488,17.59514045715332,0.9191427230834961,0.05223844193354068,0.14
40,octanol_gsolv_eV,2,0.10580943524837494,0.08693742752075195,0.6292556241245064,0.9825838729590732,19.154361724853516,0.008791893720626831,0.0004590021764713263,0.04
40,octanol_gsolv_eV,3,0.22314798831939697,0.03419027477502823,0.6218696686893301,0.9171184954198675,7.282002925872803,0.6705287098884583,0.09208025823583288,0.16
40,octanol_gsolv_eV,4,0.28908517956733704,0.03615736588835716,0.6227496514726247,0.93095987324322,7.708128452301025,1.0167180299758911,0.1319020610862266,0.2
40,octanol_gsolv_eV,5,0.30116552114486694,0.08027005940675735,0.6302793064634415,0.9243488491766192,17.954504013061523,1.4918242692947388,0.08308913842506972,0.2
40,octanol_gsolv_eV,6,0.07328972965478897,0.08209030330181122,0.6285458932429961,0.9406567827653654,18.038423538208008,0.046383194625377655,0.002571355225534609,0.02
40,octanol_gsolv_eV,7,0.16876159608364105,0.0735071673989296,0.6295007890877207,0.9284052144118502,16.259082794189453,0.3760894536972046,0.023131037491955487,0.08
40,octanol_gsolv_eV,8,0.11084973812103271,0.06100381910800934,0.6202417415909358,0.9800577850730561,13.066170692443848,0.02859431877732277,0.0021884237892176653,0.06
40,octanol_gsolv_eV,9,0.21627070009708405,0.07899917662143707,0.6319970921942879,0.9032726330529084,17.662822723388672,0.6243240237236023,0.03534678649618602,0.14
40,octanol_gsolv_eV,10,0.1843515932559967,0.08519595861434937,0.6244160829719718,0.9061376086096717,18.647991180419922,0.8020377159118652,0.04300933586637425,0.12
40,octanol_gsolv_eV,11,0.07800137996673584,0.0732712522149086,0.6281038407693607,0.9806837363542593,16.07929039001465,0.014248409308493137,0.0008861342113294688,0.06
40,octanol_gsolv_eV,12,0.08540677279233932,0.06795766949653625,0.62866817927248,0.9391788398329071,14.884190559387207,0.07996524125337601,0.005372495127250523,0.04
40,octanol_gsolv_eV,13,0.24030035734176636,0.08321239054203033,0.6301861093926084,0.9220383163499726,18.418230056762695,0.5677317976951599,0.030824449251935778,0.06
40,octanol_gsolv_eV,14,0.29127785563468933,0.08259402960538864,0.6282592929928741,0.9050292522131649,18.282421112060547,1.715248942375183,0.09381957301287999,0.28
40,octanol_gsolv_eV,15,0.15096592903137207,0.08274746686220169,0.6271908364016814,0.9520349334198972,18.096338272094727,0.5425949096679688,0.02998368518036998,0.2
40,octanol_gsolv_eV,16,0.15354415774345398,0.07501541078090668,0.6316232542629314,0.9265079764677315,16.651782989501953,0.2426142394542694,0.014569865557773875,0.18
40,octanol_gsolv_eV,17,0.06072142720222473,0.07848639041185379,0.6329436816842857,0.956946210364219,17.435287475585938,0.00986560806632042,0.0005658414339387812,0.0
40,octanol_gsolv_eV,18,0.19897383451461792,0.07581156492233276,0.624381355184535,0.9077699220638353,16.63429832458496,0.965522289276123,0.05804406476521538,0.22
40,octanol_gsolv_eV,19,0.20292417705059052,0.08080964535474777,0.6282358234629091,0.90461620640288,17.907520294189453,0.6293961405754089,0.035147029305873934,0.14
40,octanol_gsolv_eV,20,0.09011556953191757,0.08340254426002502,0.6283578465770778,0.9627886937532939,18.3094539642334,0.02127116173505783,0.0011617583886777826,0.06
40,octanol_gsolv_eV,21,0.198964461684227,0.07488805800676346,0.6274600933046726,0.9016698949483755,16.54035758972168,0.9439758658409119,0.05707106758245097,0.14
40,octanol_gsolv_eV,22,0.159852534532547,0.08607727289199829,0.627751883730137,0.9415116768650864,18.883630752563477,0.3244573771953583,0.017181938232472205,0.18
40,octanol_gsolv_eV,23,0.09054455906152725,0.08224323391914368,0.62994754096236,0.9652056029027818,18.1112117767334,0.01068868674337864,0.0005901696073760166,0.04
40,octanol_gsolv_eV,24,0.09860334545373917,0.06506410986185074,0.6273471421686116,0.9411049299487828,14.27213191986084,0.09377066045999527,0.006570192945701807,0.06
40,octanol_gsolv_eV,25,0.217250257730484,0.0827479362487793,0.6280881564400573,0.912768103404392,18.255126953125,0.6603702306747437,0.03617450770791261,0.1
40,octanol_gsolv_eV,26,0.1984279453754425,0.08538229763507843,0.6299268250604018,0.9623622223417041,18.890819549560547,0.06256696581840515,0.0033120302512158945,0.18
40,octanol_gsolv_eV,27,0.2286471575498581,0.0786949172616005,0.6282724884450472,0.9146854297525562,17.432897567749023,0.584682285785675,0.033539019174147,0.14
40,octanol_gsolv_eV,28,0.17409491539001465,0.07864546775817871,0.6321783557908787,0.9207363466415679,17.53896141052246,0.3168088495731354,0.018063147649271104,0.12
40,octanol_gsolv_eV,29,0.189504474401474,0.07799258083105087,0.6305318781779192,0.9226308071923197,17.2980899810791,0.5981114506721497,0.03457673369293214,0.1
40,octanol_gsolv_eV,30,0.2321746051311493,0.08180665969848633,0.6309908417377428,0.9195296913126294,18.346567153930664,1.6398847103118896,0.08938373574483945,0.24
40,octanol_gsolv_eV,31,0.1897713989019394,0.08297038823366165,0.6293322805533474,0.9057625701199803,18.43387794494629,0.7680385708808899,0.04166451428042846,0.18
40,octanol_gsolv_eV,32,0.18628987669944763,0.08068105578422546,0.6278811599060152,0.9441596014670146,17.78205108642578,0.29172906279563904,0.016405816256952224,0.12
40,octanol_gsolv_eV,33,0.2597874402999878,0.08347316831350327,0.6277450247347642,0.9160276759512782,18.453805923461914,1.1807461977005005,0.0639838850911137,0.1
40,octanol_gsolv_eV,34,0.2086842805147171,0.07473227381706238,0.6265640843482436,0.9066851798410329,16.41220474243164,0.7813514471054077,0.04760795148291833,0.14
40,octanol_gsolv_eV,35,0.16930139064788818,0.08003820478916168,0.6268850544178992,0.902325082149781,17.62841033935547,0.634988009929657,0.036020718698159905,0.12
40,octanol_gsolv_eV,36,0.23399344086647034,0.0712602511048317,0.6279162981436792,0.9029436780286773,15.8501615524292,0.6869968771934509,0.043343209778714316,0.14
40,octanol_gsolv_eV,37,0.23594510555267334,0.07504632323980331,0.6294804350928618,0.9055431829655098,16.671667098999023,0.8684269189834595,0.05208998679175884,0.2
40,octanol_gsolv_eV,38,0.24242305755615234,0.08540681004524231,0.6261143518213996,0.9148651915491617,18.88654136657715,0.8651949763298035,0.04581013323386508,0.28
40,octanol_gsolv_eV,39,0.1748344898223877,0.08078476786613464,0.6267779021531772,0.9161412976961252,17.68073272705078,0.813644528388977,0.04601871092956091,0.2
40,octanol_gsolv_eV,40,0.2565673589706421,0.07586578279733658,0.6285062452770405,0.918747237360064,16.817914962768555,0.5265086889266968,0.03130641878569847,0.22
40,octanol_gsolv_eV,41,0.19755996763706207,0.08421286940574646,0.6289895891473345,0.9240285643250756,18.678525924682617,0.6629973649978638,0.03549516528612947,0.22
40,octanol_gsolv_eV,42,0.21753907203674316,0.07795454561710358,0.6276145401117297,0.9186298617238957,17.324602127075195,0.6564286351203918,0.037889968860786334,0.24
40,octanol_gsolv_eV,43,0.07103628665208817,0.07746637612581253,0.631630830111616,0.9699356059052895,17.197866439819336,0.009303904138505459,0.0005409917661044004,0.04
40,octanol_gsolv_eV,44,0.18819791078567505,0.08166292309761047,0.6275040932187796,0.8996308846024381,17.915283203125,0.8443297147750854,0.04712901857045761,0.14
40,octanol_gsolv_eV,45,0.07804930210113525,0.08385691791772842,0.6294843737335447,0.9711795774202341,18.430383682250977,0.011961140669882298,0.0006489903235927336,0.04
40,octanol_gsolv_eV,46,0.15877877175807953,0.0960657149553299,0.6187772543928043,0.915808280219591,20.668699264526367,0.9475439190864563,0.045844390445639864,0.12
40,octanol_gsolv_eV,47,0.03509100526571274,0.08179382979869843,0.6167605944507226,0.9631957197988295,17.270641326904297,0.028014039620757103,0.0016220613404272766,0.0
40,octanol_gsolv_eV,48,0.22807584702968597,0.06441563367843628,0.6290131483883004,0.9248801031450442,14.257176399230957,1.410843014717102,0.09895669206935,0.22
40,octanol_gsolv_eV,49,0.08692017197608948,0.07099448889493942,0.6265014776241931,0.9456680585907289,15.441667556762695,0.06664911657571793,0.0043161864695454395,0.04
40,octanol_gsolv_eV,50,0.13248668611049652,0.08199908584356308,0.6290026196070282,0.9498744366485958,18.15241241455078,0.10727304965257645,0.005909575388810994,0.04
40,octanol_gsolv_eV,51,0.21957670152187347,0.08160605281591415,0.6299530619007225,0.897346555834466,18.102693557739258,1.2145283222198486,0.0670910281028656,0.16
40,octanol_gsolv_eV,52,0.05737211927771568,0.07428731769323349,0.6295617053888456,0.9459218304779078,16.31806755065918,0.031743813306093216,0.0019453169443958394,0.02
40,octanol_gsolv_eV,53,0.17817744612693787,0.07601378113031387,0.6286268745866255,0.9069037687413881,16.86565399169922,0.8143832087516785,0.04828648857331557,0.12
40,octanol_gsolv_eV,54,0.1668635904788971,0.08201588690280914,0.6304121143935006,0.9132555323905511,18.184144973754883,0.46001192927360535,0.02529741870940531,0.1
40,octanol_gsolv_eV,55,0.19232413172721863,0.08054279536008835,0.6281835458739504,0.9100358322054019,17.769899368286133,0.5924625992774963,0.03334079653455224,0.16
40,octanol_gsolv_eV,56,0.2547537386417389,0.06787225604057312,0.621890415392778,0.9068915634661869,14.887545585632324,1.0633058547973633,0.07142250874607153,0.18
40,octanol_gsolv_eV,57,0.2658320665359497,0.07110874354839325,0.6289265018207584,0.917295616725291,15.767376899719238,0.7614709138870239,0.048294076987566846,0.22
40,octanol_gsolv_eV,58,0.0763368085026741,0.07906915247440338,0.6298029003708241,0.9678674926293036,17.52292823791504,0.00777030922472477,0.0004434366858794668,0.08
40,octanol_gsolv_eV,59,0.08063564449548721,0.08184103667736053,0.62690790685016,0.9606408955244765,17.938858032226562,0.01943233236670494,0.0010832535901558172,0.1
40,octanol_gsolv_eV,60,0.2418159544467926,0.08140720427036285,0.6304770915080788,0.912602948917328,18.18029022216797,0.7412418723106384,0.040771729342736894,0.18
40,octanol_gsolv_eV,61,0.1121910884976387,0.084321029484272,0.624670728277253,0.9677241108483265,18.4078369140625,0.062180399894714355,0.003377930833753324,0.08
40,octanol_gsolv_eV,62,0.2114190012216568,0.08348802477121353,0.626569354403117,0.9298252636011648,18.360321044921875,0.572930634021759,0.03120482657247549,0.18
40,octanol_gsolv_eV,63,0.05360743775963783,0.07718514651060104,0.6294279486600178,0.966611574247384,17.005218505859375,0.015717528760433197,0.0009242767892113537,0.0
40,octanol_gsolv_eV,64,0.21503549814224243,0.07755453884601593,0.6298155137456463,0.911841518706948,17.266359329223633,0.639205813407898,0.03702030064473582,0.12
40,octanol_gsolv_eV,65,0.16459086537361145,0.08099532872438431,0.6259893519806106,0.9301756474117224,17.690366744995117,0.29096126556396484,0.01644744112760027,0.14
40,octanol_gsolv_eV,66,0.05492844805121422,0.07699496299028397,0.6205175975919497,0.969119881363049,16.648029327392578,0.01747722178697586,0.0010498072440453317,0.0
40,octanol_gsolv_eV,67,0.22005224227905273,0.09256083518266678,0.6315478569482185,0.9168380473624418,20.804962158203125,0.8727461099624634,0.041948940032959924,0.2
40,octanol_gsolv_eV,68,0.13620005548000336,0.06908972561359406,0.6288482135221225,0.9287568504755503,15.207192420959473,0.17147038877010345,0.01127561117289294,0.1
40,octanol_gsolv_eV,69,0.15531480312347412,0.08712545782327652,0.6277477140824343,0.8974130701801464,19.249568939208984,0.5699660778045654,0.02960929045240152,0.1
40,octanol_gsolv_eV,70,0.08851052820682526,0.07961808145046234,0.6271050097165685,0.9744709194005619,17.462871551513672,0.008995595388114452,0.0005151269286714028,0.1
40,octanol_gsolv_eV,71,0.11812068521976471,0.07969176769256592,0.6273557514470565,0.9518938814409814,17.46550750732422,0.050303202122449875,0.0028801454582041237,0.08
40,octanol_gsolv_eV,72,0.19137082993984222,0.07413701713085175,0.6291019193042506,0.9116459988365024,16.4487247467041,0.4850703179836273,0.029489843465270633,0.22
40,octanol_gsolv_eV,73,0.20295512676239014,0.08001867681741714,0.6304728100550272,0.9130262726239604,17.770519256591797,0.9504047632217407,0.053482104236723275,0.16
40,octanol_gsolv_eV,74,0.16334237158298492,0.08309119194746017,0.6273952952430195,0.8974079589111483,18.351173400878906,0.8175353407859802,0.04454948590627046,0.16
40,octanol_gsolv_eV,75,0.28123724460601807,0.0700364038348198,0.6291491448157307,0.9227532933718259,15.566646575927734,1.680397629737854,0.10794859519303414,0.28
40,octanol_gsolv_eV,76,0.24133017659187317,0.06556117534637451,0.6187148857753426,0.8905681024561634,14.201210021972656,1.2314788103103638,0.0867164705264532,0.22
40,octanol_gsolv_eV,77,0.16956877708435059,0.07507272809743881,0.6294142517506931,0.9325866260422178,16.633413314819336,0.3067323565483093,0.018440734366591487,0.1
40,octanol_gsolv_eV,78,0.10089810192584991,0.07333102822303772,0.6252052584595633,0.973393148752282,16.027849197387695,0.02334859035909176,0.0014567513127648616,0.04
40,octanol_gsolv_eV,79,0.16179817914962769,0.07963108271360397,0.6287347804077279,0.9452723704854911,17.572826385498047,0.23454920947551727,0.013347267214173283,0.2
40,octanol_gsolv_eV,80,0.2204311043024063,0.07978975027799606,0.6285468291462832,0.9122473575572365,17.73093032836914,0.6361751556396484,0.03587940079048084,0.2
40,octanol_gsolv_eV,81,0.3433482050895691,0.07817279547452927,0.6299884423066537,0.9318872839289483,17.683433532714844,1.311962604522705,0.07419162133278799,0.2
40,octanol_gsolv_eV,82,0.29396626353263855,0.08461526781320572,0.6292407496829426,0.9317410855524817,18.9359130859375,1.0385253429412842,0.05484421787468654,0.3
40,octanol_gsolv_eV,83,0.16147495806217194,0.08156154304742813,0.6323693973331173,0.9391089791852696,18.18335723876953,0.1779913306236267,0.00978869458958457,0.08
40,octanol_gsolv_eV,84,0.06533278524875641,0.0886039212346077,0.6266880875316116,0.9529905252961699,19.331682205200195,0.012107929214835167,0.0006263256909726227,0.0
40,octanol_gsolv_eV,85,0.16677790880203247,0.07804573327302933,0.6314378501136024,0.9200294669757036,17.334150314331055,0.5712320804595947,0.03295414370483029,0.16
40,octanol_gsolv_eV,86,0.19179214537143707,0.07300473004579544,0.6289519860986315,0.9045517585682923,16.19391632080078,0.5600940585136414,0.03458669585653046,0.2
40,octanol_gsolv_eV,87,0.07041152566671371,0.07512497901916504,0.6283330312680275,0.9690826119050853,16.5029239654541,0.018059732392430305,0.0010943353087146921,0.0
40,octanol_gsolv_eV,88,0.19693918526172638,0.07800984382629395,0.6279070915914542,0.9138083365713756,17.250749588012695,1.0371904373168945,0.060124369206403856,0.08
40,octanol_gsolv_eV,89,0.2042967826128006,0.07977460324764252,0.6281935171884276,0.9013966688064894,17.695144653320312,0.7554892301559448,0.04269471908579086,0.22
40,octanol_gsolv_eV,90,0.15317027270793915,0.07444975525140762,0.6288951242644572,0.9552005911786678,16.442392349243164,0.23515671491622925,0.014301855224069836,0.1
40,octanol_gsolv_eV,91,0.10698341578245163,0.07007720321416855,0.6301549914439935,0.9388111906858043,15.459789276123047,0.1157095730304718,0.007484550465974337,0.04
40,octanol_gsolv_eV,92,0.1051231250166893,0.0781543105840683,0.6313458225625632,0.9696724021280982,17.372272491455078,0.027952784672379494,0.001609045948716765,0.06
40,octanol_gsolv_eV,93,0.3049030601978302,0.07834626734256744,0.6288168972831845,0.908238173704744,17.387939453125,1.568992257118225,0.09023451348838475,0.3
40,octanol_gsolv_eV,94,0.15763139724731445,0.09132496267557144,0.6260723054228423,0.9481052585931011,20.00108528137207,0.22299161553382874,0.011148975787904422,0.1
40,octanol_gsolv_eV,95,0.10788054764270782,0.08214353770017624,0.6293385606783939,0.9684556274463731,18.103187561035156,0.01260281354188919,0.0006961654404451494,0.02
40,octanol_gsolv_eV,96,0.22845067083835602,0.07626613229513168,0.6274599213677157,0.9115675237841494,16.860567092895508,0.6773427724838257,0.04017319042425541,0.14
40,octanol_gsolv_eV,97,0.2611928880214691,0.08135466277599335,0.6302318619098808,0.9027821970734775,18.1300106048584,0.9945734739303589,0.05485785395314868,0.1
40,octanol_gsolv_eV,98,0.1478276550769806,0.07696264237165451,0.6272558359885427,0.9237239748366097,16.987215042114258,0.27957630157470703,0.016458042173575174,0.08
40,octanol_gsolv_eV,99,0.21366411447525024,0.08038383722305298,0.6290114184471289,0.9116708756705942,17.8178653717041,0.8750597834587097,0.0491113702569759,0.18
40,octanol_gsolv_eV,100,0.055669646710157394,0.08223392069339752,0.6315441546188276,0.9638649609896404,18.17397117614746,0.012764121405780315,0.0007023297925404803,0.04
40,octanol_gsolv_eV,101,0.15054607391357422,0.08657141029834747,0.6302747896421725,0.9616904473998151,19.09115219116211,0.04679175838828087,0.00245096565779525,0.08
40,octanol_gsolv_eV,102,0.21765264868736267,0.07557141780853271,0.6294272620786523,0.9438505392515022,16.69620132446289,0.17291100323200226,0.010356307993163512,0.22
40,octanol_gsolv_eV,103,0.2578549385070801,0.07776688039302826,0.6308786496195602,0.9111057043962967,17.501338958740234,0.7471820116043091,0.042692848436671385,0.16
40,octanol_gsolv_eV,104,0.2619962990283966,0.07644946873188019,0.6294678568918994,0.9279140382925766,16.952043533325195,0.7633521556854248,0.04503009647095278,0.18
40,octanol_gsolv_eV,105,0.16650767624378204,0.08208168298006058,0.6277001390697166,0.9383105178840159,18.12703514099121,0.40245696902275085,0.02220202950413346,0.2
40,octanol_gsolv_eV,106,0.051539476960897446,0.07281583547592163,0.6283111983551728,0.959576534489551,15.993538856506348,0.0063729616813361645,0.0003984710162343823,0.04
40,octanol_gsolv_eV,107,0.06916918605566025,0.0887741968035698,0.6283142310668022,0.9564671129107278,19.385473251342773,0.030518362298607826,0.0015742902895854714,0.0
40,octanol_gsolv_eV,108,0.11806251108646393,0.07720203697681427,0.6296608142268378,0.9496845446775226,17.024616241455078,0.01960461027920246,0.0011515449159708562,0.08
40,octanol_gsolv_eV,109,0.07114523649215698,0.0659031942486763,0.6268273109226583,0.9610013103259434,14.44805908203125,0.01021403819322586,0.0007069488112717401,0.06
40,octanol_gsolv_eV,110,0.31503504514694214,0.0957619920372963,0.6269957201292902,0.934547647791141,21.37754249572754,1.4779151678085327,0.06913400677855769,0.36
40,octanol_gsolv_eV,111,0.2379748672246933,0.07595941424369812,0.6295721038804436,0.9316691371609809,16.902294158935547,1.016466736793518,0.06013779710822001,0.12
40,octanol_gsolv_eV,112,0.1671193540096283,0.08520454168319702,0.6309925699924412,0.9382245755797598,18.901063919067383,0.1682104766368866,0.008899524246738087,0.1
40,octanol_gsolv_eV,113,0.18875548243522644,0.07251580059528351,0.628524008793627,0.9100019757046887,16.0640811920166,0.5540959239006042,0.03449284881453254,0.16
40,octanol_gsolv_eV,114,0.2123052328824997,0.07283684611320496,0.6274680479594725,0.9026632308599452,16.15702247619629,1.0068382024765015,0.062315826072523534,0.18
40,octanol_gsolv_eV,115,0.10901882499456406,0.056411344558000565,0.6287536503445121,0.9307412166930529,12.371781349182129,0.22250264883041382,0.01798468971852004,0.08
40,octanol_gsolv_eV,116,0.23746013641357422,0.07761524617671967,0.6316656244820269,0.8989503910250816,17.39391326904297,0.8085000514984131,0.046481780091277736,0.22
40,octanol_gsolv_eV,117,0.32277563214302063,0.0473584420979023,0.6228192537004569,0.9049805077779223,10.252833366394043,1.590179681777954,0.15509660841559408,0.34
40,octanol_gsolv_eV,118,0.2766251862049103,0.07565478980541229,0.6297036467255317,0.920527210550109,16.841562271118164,0.5768652558326721,0.03425247887020236,0.22
40,octanol_gsolv_eV,119,0.09907808899879456,0.08548085391521454,0.6321108211842241,0.9730924213331842,18.997501373291016,0.012975262477993965,0.0006829983703139066,0.04
40,octanol_gsolv_eV,120,0.17623259127140045,0.08679143339395523,0.6292258410593554,0.9549636286373167,19.32973861694336,0.26511111855506897,0.013715194178709044,0.16
40,octanol_gsolv_eV,121,0.18028905987739563,0.08722536265850067,0.6245632565020482,0.9076096564135248,19.046510696411133,0.7221798300743103,0.037916647389402834,0.14
40,octanol_gsolv_eV,122,0.19783300161361694,0.08003255724906921,0.6300418763457836,0.9172839280934661,17.891027450561523,0.7386847734451294,0.04128800179231435,0.18
40,octanol_gsolv_eV,123,0.17734256386756897,0.08194954693317413,0.6298203373533753,0.9103568234832473,18.08357048034668,0.652065634727478,0.03605845623441158,0.14
40,octanol_gsolv_eV,124,0.25750482082366943,0.08492287248373032,0.628762591804747,0.9078088558575095,18.881772994995117,0.7795486450195312,0.041285775717469,0.1
40,octanol_gsolv_eV,125,0.19587548077106476,0.08287560939788818,0.6294725277093762,0.9312397749612513,18.393863677978516,0.41790875792503357,0.02272000952281504,0.2
40,octanol_gsolv_eV,126,0.26792237162590027,0.07015534490346909,0.6292920914773967,0.9173312430874427,15.63111400604248,0.6355876326560974,0.04066169771459666,0.26
40,octanol_gsolv_eV,127,0.16191257536411285,0.07728417217731476,0.6321580366747914,0.9230933774836603,17.29233741760254,0.28072667121887207,0.01623416571394851,0.18
40,octanol_gsolv_eV,128,0.08506297320127487,0.07986335456371307,0.6314361567165918,0.9708404669695838,17.767873764038086,0.00789810623973608,0.000444516116257069,0.02
40,octanol_gsolv_eV,129,0.18973809480667114,0.0742240846157074,0.6309792489744548,0.8957520516867907,16.560344696044922,0.5079634785652161,0.0306734846338393,0.12
40,octanol_gsolv_eV,130,0.126466765999794,0.06432953476905823,0.6266183906005041,0.9414778515511704,14.111130714416504,0.1434004008769989,0.010162219015553108,0.04
40,octanol_gsolv_eV,131,0.20894700288772583,0.07655789703130722,0.6284517913609606,0.9204586390618257,16.871854782104492,0.9885444045066833,0.05859132960030008,0.14
40,octanol_gsolv_eV,132,0.06984347105026245,0.0781291052699089,0.6284582541309764,0.9596126372872147,17.16297721862793,0.031012987717986107,0.0018069701615828048,0.0
40,octanol_gsolv_eV,133,0.16274356842041016,0.07855179160833359,0.6269649766790943,0.9387185842875951,17.19369125366211,0.3018920123577118,0.01755830135041022,0.1
40,octanol_gsolv_eV,134,0.15971072018146515,0.07746930420398712,0.6275573984250322,0.9375735904744122,17.072555541992188,0.3293920159339905,0.019293656132721763,0.12
40,octanol_gsolv_eV,135,0.12153095006942749,0.08944714814424515,0.619439541035534,0.9461014957317375,19.131488800048828,0.1977509707212448,0.010336413061629584,0.08
40,octanol_gsolv_eV,136,0.148814395070076,0.08085113018751144,0.6302198331492637,0.9320810192565754,17.852663040161133,0.35674595832824707,0.019982786743115898,0.08
40,octanol_gsolv_eV,137,0.08639248460531235,0.07718043774366379,0.629477769093147,0.9655728208575172,17.01559829711914,0.008342382498085499,0.0004902785287013929,0.06
40,octanol_gsolv_eV,138,0.13895264267921448,0.07830269634723663,0.6273985699120039,0.9218750208441127,17.226608276367188,0.37463489174842834,0.02174745520059116,0.1
40,octanol_gsolv_eV,139,0.20669059455394745,0.0852258950471878,0.6231568356401691,0.9112236751538187,18.57770347595215,1.316046953201294,0.07084013128451785,0.18
40,octanol_gsolv_eV,140,0.3256921172142029,0.08401966094970703,0.6301267654037002,0.9133311407586884,18.629955291748047,2.1693015098571777,0.11644158431330473,0.22
40,octanol_gsolv_eV,141,0.16302387416362762,0.08165232092142105,0.6282947661434168,0.9417117002471262,18.00033187866211,0.3383941054344177,0.01879932590773816,0.1
40,octanol_gsolv_eV,142,0.08927104622125626,0.07534593343734741,0.6298185727696253,0.9743227052677896,16.619571685791016,0.005427069496363401,0.00032654689296254856,0.06
40,octanol_gsolv_eV,143,0.2598104774951935,0.08311418443918228,0.6298125834694182,0.9230160517508659,18.457714080810547,1.7225825786590576,0.09332588917118022,0.3
40,octanol_gsolv_eV,144,0.06520090997219086,0.07834072411060333,0.6306729160691102,0.9639179637931767,17.34922218322754,0.010605274699628353,0.0006112824302798465,0.02
40,octanol_gsolv_eV,145,0.26724547147750854,0.07903886586427689,0.6289531727082258,0.9355770161243022,17.58293342590332,0.41548874974250793,0.023630229363799247,0.2
40,octanol_gsolv_eV,146,0.16060419380664825,0.07687006145715714,0.6289798844424359,0.9422790561959788,16.993301391601562,0.17227621376514435,0.010137889618687442,0.12
40,octanol_gsolv_eV,147,0.10697261244058609,0.07599496841430664,0.6288268125528116,0.9592730930587434,16.737382888793945,0.01900610886514187,0.0011355484302069045,0.08
40,octanol_gsolv_eV,148,0.17771635949611664,0.08000059425830841,0.629497948157983,0.9427394705793193,17.685253143310547,0.1762431114912033,0.009965540784914765,0.12
40,octanol_gsolv_eV,149,0.1633852869272232,0.08602391928434372,0.629064263664133,0.9075916673662607,18.936777114868164,0.6166141629219055,0.03256172680185228,0.12
40,octanol_gsolv_eV,150,0.19311028718948364,0.07608992606401443,0.6279430976748253,0.9143458236326079,16.863386154174805,0.5637134909629822,0.03342825016335321,0.1
40,octanol_gsolv_eV,151,0.19068455696105957,0.06487046182155609,0.6281475453586356,0.9118206224653544,14.333556175231934,0.5729545950889587,0.039972954937659615,0.1
40,octanol_gsolv_eV,152,0.08114305883646011,0.08045037090778351,0.6289173817981413,0.9768530530843573,17.74686050415039,0.006291006226092577,0.0003544855849078953,0.06
40,octanol_gsolv_eV,153,0.18612225353717804,0.08171804249286652,0.6284577270975906,0.9055852171365208,18.085102081298828,0.6795263290405273,0.037573817719458814,0.14
40,octanol_gsolv_eV,154,0.06464274972677231,0.10042349994182587,0.6149671419789731,0.9626396572964047,21.232986450195312,0.0144904013723135,0.0006824476343119509,0.04
40,octanol_gsolv_eV,155,0.1491226851940155,0.08892009407281876,0.625462556794451,0.9502319200739271,19.269941329956055,0.2185441255569458,0.011341193095238355,0.12
40,octanol_gsolv_eV,156,0.1724594235420227,0.07689625769853592,0.632393661141575,0.9016094605119194,17.1813907623291,0.4353105425834656,0.025336164493616063,0.12
40,octanol_gsolv_eV,157,0.04107988625764847,0.07626960426568985,0.6299147572974957,0.9680775619419646,16.819839477539062,0.007806849665939808,0.00046414531341782106,0.02
40,octanol_gsolv_eV,158,0.140470951795578,0.07040700316429138,0.6236595057331191,0.9406851219638523,15.367457389831543,0.20723675191402435,0.013485428763976945,0.06
40,octanol_gsolv_eV,159,0.12629073858261108,0.0777740553021431,0.6248583830434293,0.9756651223946504,16.82878875732422,0.02293088287115097,0.001362598532896255,0.04
40,octanol_gsolv_eV,160,0.1797267347574234,0.08288822323083878,0.6279279999568532,0.9194777201624624,18.320388793945312,0.4672929644584656,0.025506716572134144,0.2
40,octanol_gsolv_eV,161,0.2494065910577774,0.07357996702194214,0.630643767722969,0.9044719520266886,16.474227905273438,0.6411420702934265,0.0389178827669487,0.16
40,octanol_gsolv_eV,162,0.15736261010169983,0.09288229793310165,0.6254464349737083,0.9551557691181962,20.316909790039062,0.1482999622821808,0.007299336553381214,0.08
40,octanol_gsolv_eV,163,0.18294057250022888,0.0809224545955658,0.6301182431905288,0.9106452530616518,17.99379539489746,0.742565929889679,0.04126788782428025,0.18
40,octanol_gsolv_eV,164,0.09349890053272247,0.07806026190519333,0.6290801071330463,0.9688273075041565,17.231624603271484,0.012366127222776413,0.0007176414010567907,0.06
40,octanol_gsolv_eV,165,0.0819937139749527,0.04620391130447388,0.6198785065053747,0.9725068626011717,9.813382148742676,0.042956478893756866,0.004377336808315428,0.08
40,octanol_gsolv_eV,166,0.07509145140647888,0.08257201313972473,0.6287170258976711,0.9815567581323454,18.1020565032959,0.00694641936570406,0.00038373647571143663,0.04
40,octanol_gsolv_eV,167,0.10689027607440948,0.07493092119693756,0.6273683632898965,0.9459063239711634,16.41652488708496,0.10117682069540024,0.006163108294313678,0.08
40,octanol_gsolv_eV,168,0.09033161401748657,0.08110473304986954,0.6294713055687584,0.9750338458082117,17.889583587646484,0.01247558742761612,0.0006973660044402063,0.12
40,octanol_gsolv_eV,169,0.2364465743303299,0.07785854488611221,0.6318197528309626,0.9159214753067131,17.518226623535156,1.4986426830291748,0.08554762506701438,0.22
40,octanol_gsolv_eV,170,0.28729528188705444,0.08082960546016693,0.6303801649314507,0.922056165297007,18.052324295043945,1.332826018333435,0.07383126940054732,0.26
40,octanol_gsolv_eV,171,0.07309838384389877,0.07738401740789413,0.6281119526427952,0.9667390766655817,16.935644149780273,0.025559712201356888,0.0015092258655947553,0.0
40,octanol_gsolv_eV,172,0.16096729040145874,0.08771472424268723,0.6250644852105751,0.9053349255380612,19.218318939208984,0.8475733399391174,0.04410236621736506,0.1
40,octanol_gsolv_eV,173,0.16292691230773926,0.07842646539211273,0.6309616333185959,0.9148792935019476,17.42793083190918,0.4499463438987732,0.02581754244026242,0.1
40,octanol_gsolv_eV,174,0.18192285299301147,0.0801887959241867,0.6302413530954543,0.9332839729327795,17.853761672973633,0.45785173773765564,0.02564455301488284,0.14
40,octanol_gsolv_eV,175,0.17670221626758575,0.07560877501964569,0.6288505388791217,0.9238825507638353,16.684602737426758,0.4046214520931244,0.02425118886321944,0.14
40,octanol_gsolv_eV,176,0.13125252723693848,0.08072841167449951,0.6290863635930559,0.93758240919582,17.80253028869629,0.1744430512189865,0.0097987785101396,0.06
40,octanol_gsolv_eV,177,0.051801010966300964,0.08640353381633759,0.6251566350521431,0.9554485135741491,18.791650772094727,0.024540206417441368,0.001305910093533834,0.0
40,octanol_gsolv_eV,178,0.10062728077173233,0.07087922096252441,0.6206945530518277,0.9726082518228369,15.310735702514648,0.020856397226452827,0.001362207383870349,0.06
40,octanol_gsolv_eV,179,0.22144076228141785,0.07707531750202179,0.6291691495062304,0.9156095965782487,17.08577537536621,0.4769677519798279,0.02791607296134225,0.16
40,octanol_gsolv_eV,180,0.163641557097435,0.08570224791765213,0.626708549238082,0.9111991232695216,18.832252502441406,0.5217896699905396,0.027707236291723197,0.18
40,octanol_gsolv_eV,181,0.1716669797897339,0.08293458819389343,0.6269735870856359,0.9144237929045498,18.20999526977539,0.5132133364677429,0.028183057099392266,0.18
40,octanol_gsolv_eV,182,0.18237802386283875,0.08251587301492691,0.6281060077866572,0.9117518344761324,18.165138244628906,0.774921178817749,0.04265980078884777,0.06
40,octanol_gsolv_eV,183,0.2147737443447113,0.07959435880184174,0.6310385964813168,0.9185389290395654,17.641613006591797,1.0629618167877197,0.06025309683363667,0.12
40,octanol_gsolv_eV,184,0.19099491834640503,0.07695898413658142,0.6317260576371002,0.9034696052497591,17.15847396850586,0.8116897344589233,0.047305473432472406,0.12
40,octanol_gsolv_eV,185,0.20496873557567596,0.0781298279762268,0.6265412859037358,0.9156110217950928,17.20484161376953,1.1853575706481934,0.06889674414087704,0.08
40,octanol_gsolv_eV,186,0.19660508632659912,0.07413750886917114,0.6277348811605212,0.9129216377790763,16.377044677734375,0.5451498627662659,0.0332874382096198,0.12
40,octanol_gsolv_eV,187,0.19046662747859955,0.07805836945772171,0.6264306378210553,0.9182679532591007,17.145254135131836,0.5518010258674622,0.03218389307725587,0.24
40,octanol_gsolv_eV,188,0.09211666136980057,0.08442554622888565,0.628476153085294,0.969624731407132,18.492961883544922,0.009087013080716133,0.0004913768350326714,0.08
40,octanol_gsolv_eV,189,0.12751026451587677,0.07763291895389557,0.630173001704005,0.9331225402656074,17.2779598236084,0.2968805730342865,0.01718261739610208,0.08
40,octanol_gsolv_eV,190,0.17744868993759155,0.08119428157806396,0.6295619238225714,0.8975908591240893,17.97753143310547,0.8144909143447876,0.04530604868502188,0.1
40,octanol_gsolv_eV,191,0.12641145288944244,0.040387675166130066,0.6201085949559477,0.9679940531519682,8.58173656463623,0.1925393044948578,0.022435937417174645,0.08
40,octanol_gsolv_eV,192,0.09827901422977448,0.09150642156600952,0.621551730561509,0.9717755137031141,19.65421485900879,0.028016583994030952,0.001425474596416613,0.04
40,octanol_gsolv_eV,193,0.13579903542995453,0.08013232052326202,0.6321710685027448,0.9250163461875835,17.820568084716797,0.2496572881937027,0.014009502222760943,0.08
40,octanol_gsolv_eV,194,0.15900667011737823,0.07703560590744019,0.6276874118134801,0.9317235848472267,16.932342529296875,0.3011188805103302,0.01778365161166122,0.12
40,octanol_gsolv_eV,195,0.20597070455551147,0.08070214837789536,0.628561033408074,0.9057810244866897,17.828550338745117,0.6835845708847046,0.03834212865861193,0.16
40,octanol_gsolv_eV,196,0.19770683348178864,0.07575219124555588,0.6296548822384949,0.916163544446825,16.792131423950195,0.7132198214530945,0.04247345399142404,0.14
40,octanol_gsolv_eV,197,0.2785549759864807,0.07707139104604721,0.6295800055778791,0.9012781416836284,17.11359405517578,0.890315055847168,0.05202385033656352,0.12
40,octanol_gsolv_eV,198,0.2023116797208786,0.07497935742139816,0.6292102688404408,0.9227425554449609,16.57724380493164,0.47885453701019287,0.028886257730476053,0.16
40,octanol_gsolv_eV,199,0.191495880484581,0.07922384142875671,0.6313466950732514,0.9232510702898309,17.742204666137695,0.7136499285697937,0.04022329479333801,0.2
40,octanol_gsolv_eV,200,0.17325012385845184,0.07624614983797073,0.6328584920157461,0.9079166647677628,17.065610885620117,0.6215291619300842,0.0364199773506965,0.14
40,octanol_gsolv_eV,201,0.18165381252765656,0.07568288594484329,0.630202897278398,0.9108848620178838,16.815507888793945,0.5477233529090881,0.032572513214072916,0.16
40,octanol_gsolv_eV,202,0.21555231511592865,0.08076874166727066,0.6279976877271867,0.9108164150279525,17.805706024169922,0.6724796295166016,0.037767647550945777,0.16
40,octanol_gsolv_eV,203,0.1543150246143341,0.0744815543293953,0.6230055558505956,0.9116335730614229,16.168899536132812,0.4350188672542572,0.02690466758619632,0.1
40,octanol_gsolv_eV,204,0.0726834163069725,0.07774412631988525,0.6265306190679489,0.9536381216054506,17.00221824645996,0.03363394737243652,0.001978209365677297,0.06
40,octanol_gsolv_eV,205,0.20154893398284912,0.07132375240325928,0.6307243773115343,0.9014098323700592,15.870769500732422,0.5397435426712036,0.03400865614274689,0.22
40,octanol_gsolv_eV,206,0.10762778669595718,0.06619761884212494,0.6278904071261364,0.9442835811396726,14.543314933776855,0.07684401422739029,0.005283803216618794,0.06
40,octanol_gsolv_eV,207,0.1706160604953766,0.08523581922054291,0.6278503824112982,0.9517995412448879,18.747713088989258,0.2826593816280365,0.015077005941276407,0.04
40,octanol_gsolv_eV,208,0.16594184935092926,0.07967785745859146,0.6281229957519472,0.9184578904877467,17.575490951538086,0.6062831282615662,0.03449594267001164,0.08
40,octanol_gsolv_eV,209,0.11941629648208618,0.08236494660377502,0.6293087497063901,0.9380951070205394,18.192337036132812,0.1467967927455902,0.008069155296212297,0.06
40,octanol_gsolv_eV,210,0.08329319953918457,0.08319082111120224,0.6271761381054886,0.9520517847088465,18.153728485107422,0.040252797305583954,0.0022173294779970795,0.04
40,octanol_gsolv_eV,211,0.05291328579187393,0.07839815318584442,0.6282577742698003,0.9641307811855462,17.211942672729492,0.008215909823775291,0.0004773377404279027,0.02
40,octanol_gsolv_eV,212,0.1497308760881424,0.08018698543310165,0.62937667261811,0.9274470044166621,17.642444610595703,0.24004128575325012,0.013605897088042213,0.12
40,octanol_gsolv_eV,213,0.12833702564239502,0.08521036803722382,0.6230384940255667,0.937069545378838,18.540544509887695,0.09964289516210556,0.005374324098678217,0.1
40,octanol_gsolv_eV,214,0.24873650074005127,0.07711688429117203,0.6285009972398221,0.9119494009894791,17.1370906829834,1.0614819526672363,0.06194061596005063,0.16
40,octanol_gsolv_eV,215,0.19575953483581543,0.07537505775690079,0.626973441650394,0.9029224553167774,16.629379272460938,0.8503707051277161,0.05113664744756717,0.14
40,octanol_gsolv_eV,216,0.13248580694198608,0.07621922343969345,0.6304143638436179,0.9308641208453954,16.846216201782227,0.23220092058181763,0.013783565270713562,0.08
40,octanol_gsolv_eV,217,0.21612262725830078,0.08461888134479523,0.6322088180857937,0.9241213403016242,18.889240264892578,1.4067785739898682,0.07447512733503094,0.22
40,octanol_gsolv_eV,218,0.1912098228931427,0.07550214976072311,0.6276094862012016,0.9132221479691705,16.695430755615234,0.8510070443153381,0.050972452090169394,0.16
40,octanol_gsolv_eV,219,0.10931966453790665,0.08202406764030457,0.6262769227635634,0.9582651141089931,17.908252716064453,0.049170397222042084,0.002745683680124425,0.08
40,octanol_gsolv_eV,220,0.08214347809553146,0.04699787124991417,0.6201622160039684,0.9553090941433184,10.016586303710938,0.056672848761081696,0.005657900510484853,0.02
40,octanol_gsolv_eV,221,0.08218049257993698,0.03975968435406685,0.6200652245088492,0.9637711964208284,8.435863494873047,0.10218366980552673,0.012113006554412544,0.02
40,octanol_gsolv_eV,222,0.3356209099292755,0.07673530280590057,0.6294249547850974,0.9214235028908053,17.198766708374023,1.5235660076141357,0.08858577091299903,0.28
40,octanol_gsolv_eV,223,0.2574099898338318,0.07764098793268204,0.6295821209183552,0.8998397612306686,17.283044815063477,1.1257097721099854,0.06513376457421695,0.12
40,octanol_gsolv_eV,224,0.12319376319646835,0.060276929289102554,0.6282673446445997,0.9326303910833911,13.240031242370605,0.09122113883495331,0.006889797853575179,0.08
40,octanol_gsolv_eV,225,0.17423592507839203,0.0807596892118454,0.6290886633911952,0.9190624940614502,17.919591903686523,0.4923293888568878,0.02747436389751727,0.12
40,octanol_gsolv_eV,226,0.08371993899345398,0.08110390603542328,0.629642301156554,0.9516395482259212,17.82076072692871,0.10792776197195053,0.0060562937590460065,0.06
40,octanol_gsolv_eV,227,0.09846656769514084,0.07419880479574203,0.6257055850116908,0.9496497473771264,16.261566162109375,0.046662092208862305,0.0028694709810662858,0.1
40,octanol_gsolv_eV,228,0.08853498101234436,0.08351091295480728,0.6263220283760449,0.9759326047005208,18.168418884277344,0.014221465215086937,0.0007827574488275346,0.08
40,octanol_gsolv_eV,229,0.18921492993831635,0.07244415581226349,0.6277042516270765,0.9056268519481045,16.011165618896484,0.547012448310852,0.03416443632718809,0.22
40,octanol_gsolv_eV,230,0.2705816626548767,0.07520546019077301,0.6289381503611406,0.9189876602428051,16.77784538269043,0.8536177277565002,0.050877672805184564,0.26
40,octanol_gsolv_eV,231,0.28258010745048523,0.08992941677570343,0.6280336435286182,0.9172337963284081,20.13932228088379,1.4539830684661865,0.07219622627750015,0.2
40,octanol_gsolv_eV,232,0.09056828916072845,0.0778014212846756,0.6285768410890908,0.9510798624770584,17.143640518188477,0.15828971564769745,0.009233144820072528,0.04
40,octanol_gsolv_eV,233,0.1698249727487564,0.07627751678228378,0.6319950516778929,0.9224446036567255,17.034374237060547,0.6492089033126831,0.038111696636336824,0.12
40,octanol_gsolv_eV,234,0.18243816494941711,0.08125372976064682,0.6268836156836293,0.925836160181343,17.916852951049805,0.42989903688430786,0.023994115376111222,0.2
40,octanol_gsolv_eV,235,0.019777754321694374,0.07946588844060898,0.6243354639349421,0.9576458512732688,17.355363845825195,0.007073055021464825,0.00040754288324334017,0.0
40,octanol_gsolv_eV,236,0.07523521780967712,0.07925580441951752,0.6287376181840321,0.9617243368105413,17.415071487426758,0.008696923963725567,0.0004993906553874629,0.08
40,octanol_gsolv_eV,237,0.18142862617969513,0.08095765858888626,0.6282436387114272,0.9107818410796389,17.945890426635742,0.700749397277832,0.039047903482000657,0.08
40,octanol_gsolv_eV,238,0.15065036714076996,0.10072420537471771,0.614137970104512,0.9094831185239571,21.29682731628418,0.657910943031311,0.030892439200474384,0.08
40,octanol_gsolv_eV,239,0.12659986317157745,0.08001607656478882,0.6270451461403066,0.9205692005638886,17.57866668701172,0.2705956697463989,0.015393412627041442,0.1
40,octanol_gsolv_eV,240,0.20923523604869843,0.07373018562793732,0.6279690246571881,0.8993374697538143,16.301637649536133,0.8317341804504395,0.05102151074214968,0.24
40,octanol_gsolv_eV,241,0.09274585545063019,0.07997086644172668,0.6279111753718503,0.9579189207687291,17.570159912109375,0.07564529776573181,0.004305327791217027,0.06
40,octanol_gsolv_eV,242,0.25215375423431396,0.08578509837388992,0.6300386711701746,0.9093705757924011,19.273935317993164,0.6366259455680847,0.03303040790916026,0.18
40,octanol_gsolv_eV,243,0.2455918788909912,0.05676616355776787,0.6203945511144455,0.9131644282582929,12.204681396484375,1.069384217262268,0.08762082208637663,0.16
40,octanol_gsolv_eV,244,0.12019267678260803,0.09052187949419022,0.6208664790517335,0.9435798315659696,19.541122436523438,0.08829345554113388,0.004518341043506719,0.1
40,octanol_gsolv_eV,245,0.21078018844127655,0.07813175767660141,0.6286875067595239,0.9199717006518422,17.353391647338867,0.6563431620597839,0.03782218343239166,0.08
40,octanol_gsolv_eV,246,0.10872356593608856,0.07774669677019119,0.6312624796582951,0.9557945933513152,17.188724517822266,0.08440431952476501,0.004910446929162761,0.06
40,octanol_gsolv_eV,247,0.09108415246009827,0.07623787969350815,0.6284742355218784,0.9316231149458956,16.7855167388916,0.1474611461162567,0.00878502273180504,0.0
40,octanol_gsolv_eV,248,0.17868919670581818,0.07405804097652435,0.6271055189898262,0.9488215939035565,16.327096939086914,0.20886901021003723,0.012792783125456113,0.18
40,octanol_gsolv_eV,249,0.17107729613780975,0.07366723567247391,0.6255016306770387,0.9305905224000683,16.156795501708984,0.3160931169986725,0.019564097160556234,0.1
40,octanol_hl_gap_eV,0,0.11250566691160202,0.0029576008673757315,0.6024138633033358,0.9378161510666247,0.4826678931713104,0.02225583977997303,0.04611004811972007,0.08
40,octanol_hl_gap_eV,1,0.12988485395908356,0.0012537783477455378,0.6305521823084657,0.9256621379816767,0.32016047835350037,0.01057914923876524,0.03304327034108324,0.1
40,octanol_hl_gap_eV,2,0.10709802061319351,0.0016530097927898169,0.6028557233097245,0.9750944690210639,0.3224034309387207,0.008048053830862045,0.0249626804759151,0.28
40,octanol_hl_gap_eV,3,0.23050525784492493,0.002062784042209387,0.6165345654798287,0.9124958691002589,0.35623469948768616,0.0709916204214096,0.19928328296907963,0.1
40,octanol_hl_gap_eV,4,0.05972383916378021,0.002073964336887002,0.5873022436914519,0.9728138632557848,0.5271073579788208,0.0032481674570590258,0.006162250266272202,0.22
40,octanol_hl_gap_eV,5,0.13351114094257355,0.0018307670252397656,0.6208302638533434,0.966574802894387,0.3104943335056305,0.012412701733410358,0.03997722468318497,0.22
40,octanol_hl_gap_eV,6,0.06519287079572678,0.0013133403845131397,0.6351838215239145,0.966515402070846,0.31696051359176636,0.0016772865783423185,0.005291784012259024,0.12
40,octanol_hl_gap_eV,7,0.0449947789311409,0.0015025318134576082,0.5898173486958471,0.9841827596853372,0.26009827852249146,0.0010145780397579074,0.003900748768970318,0.02
40,octanol_hl_gap_eV,8,0.049565352499485016,0.0010450015543028712,0.6181311974453989,0.9713515040434941,0.2694321274757385,0.0006604260415770113,0.0024511777706854227,0.1
40,octanol_hl_gap_eV,9,0.023942982777953148,0.0028621822129935026,0.6159644476191442,0.963201003562834,0.5417214035987854,0.0005325255333445966,0.000983024724160614,0.02
40,octanol_hl_gap_eV,10,0.10681861639022827,0.004601303022354841,0.6076065884610993,0.9041683410993111,0.8834255337715149,0.07677193731069565,0.08690255644178788,0.02
40,octanol_hl_gap_eV,11,0.050584882497787476,0.0020742109045386314,0.5938237816351428,0.9709851313215372,0.37060949206352234,0.0006305325659923255,0.0017013394947916025,0.04
40,octanol_hl_gap_eV,12,0.11586401611566544,0.002048319671303034,0.5887338055168163,0.9763754284851291,0.5041608810424805,0.0017746774246916175,0.0035200617331158693,0.16
40,octanol_hl_gap_eV,13,0.02745969407260418,0.008675779215991497,0.6158957418590789,0.928798909153528,1.7648457288742065,0.03784061223268509,0.021441314452353623,0.02
40,octanol_hl_gap_eV,14,0.0535915307700634,0.0014494137139990926,0.6116715754608086,0.9593757572692472,0.26945823431015015,0.0008987225010059774,0.003335294255552552,0.02
40,octanol_hl_gap_eV,15,0.04578398913145065,0.0016378305153921247,0.5858188809670402,0.97455073631902,0.3130854070186615,0.0022688363678753376,0.007246701114179056,0.02
40,octanol_hl_gap_eV,16,0.06656216084957123,0.0018127599032595754,0.6151494956549113,0.9659965473318275,0.44080039858818054,0.0021634348668158054,0.004907969397815819,0.1
40,octanol_hl_gap_eV,17,0.04324914887547493,0.0011984762968495488,0.6376941048068925,0.963486075574487,0.28398653864860535,0.001436792896129191,0.005059369725644026,0.02
40,octanol_hl_gap_eV,18,0.015302433632314205,0.002827869262546301,0.5821502364284501,0.9701807228095116,0.6344859004020691,0.009340187534689903,0.014720874851231674,0.02
40,octanol_hl_gap_eV,19,0.07819702476263046,0.0011388955172151327,0.6228523254673506,0.9804844251471325,0.35081133246421814,0.0020390013232827187,0.005812244744091018,0.1
40,octanol_hl_gap_eV,20,0.06117178127169609,0.0011474585626274347,0.6397534225454591,0.9680895737092843,0.29785534739494324,0.0012121531181037426,0.004069603345064275,0.2
40,octanol_hl_gap_eV,21,0.06664052605628967,0.004408224485814571,0.6081777137046547,0.9745264928755075,0.8500888347625732,0.0020129841286689043,0.0023679691419910527,0.04
40,octanol_hl_gap_eV,22,0.05614184960722923,0.0012159210164099932,0.6439045949505542,0.9679332693813263,0.3813917338848114,0.0006812508217990398,0.0017862233532433935,0.08
40,octanol_hl_gap_eV,23,0.07664676010608673,0.0013747626217082143,0.6358239238865357,0.9749619998609327,0.34538161754608154,0.0011382870143279433,0.0032957371107802825,0.14
40,octanol_hl_gap_eV,24,0.09609100222587585,0.0013986889971420169,0.6132083188991209,0.9747900250943582,0.3541868329048157,0.000697464041877538,0.0019691981098150387,0.18
40,octanol_hl_gap_eV,25,0.05954897776246071,0.0051104542799293995,0.615047762246983,0.9141472764454379,0.993257462978363,0.04653707146644592,0.04685297941472369,0.04
40,octanol_hl_gap_eV,26,0.053669415414333344,0.0017697326838970184,0.6073342395693457,0.9779929250262345,0.39854559302330017,0.0014328020624816418,0.003595076918584509,0.08
40,octanol_hl_gap_eV,27,0.019557785242795944,0.0023846502881497145,0.578960117539427,0.9732501084306253,0.525803804397583,0.0028170431032776833,0.005357593611375993,0.02
40,octanol_hl_gap_eV,28,0.03385644778609276,0.0018294298788532615,0.6062827656014089,0.9749673404395249,0.3098980188369751,0.0009191952412948012,0.0029661217091495927,0.02
40,octanol_hl_gap_eV,29,0.0808633491396904,0.0010639542015269399,0.6417094653141453,0.9676201654279433,0.3006746470928192,0.0006529940874315798,0.0021717630460209654,0.16
40,octanol_hl_gap_eV,30,0.044661615043878555,0.0017928252927958965,0.6207821593431988,0.968068081135568,0.48843249678611755,0.0023932436015456915,0.00489984515218217,0.02
40,octanol_hl_gap_eV,31,0.05431322380900383,0.0020336778834462166,0.5747904804239456,0.9725141142257074,0.44128650426864624,0.0023294107522815466,0.005278681151018044,0.08
40,octanol_hl_gap_eV,32,0.3082314729690552,0.0022394254337996244,0.5845028964912762,0.9106473732676141,0.5391592979431152,0.08861742168664932,0.16436222471674602,0.18
40,octanol_hl_gap_eV,33,0.042040105909109116,0.003194777760654688,0.5943189435426257,0.9747581476942013,0.5576706528663635,0.0015003872103989124,0.0026904539492747077,0.0
40,octanol_hl_gap_eV,34,0.0653112381696701,0.0010037433821707964,0.6462421207869866,0.9398348731941331,0.26388928294181824,0.005283815786242485,0.020022850974995638,0.14
40,octanol_hl_gap_eV,35,0.02662092261016369,0.008115316741168499,0.5934754629459706,0.9788678506107957,1.618506669998169,0.001986332470551133,0.001227262455800309,0.02
40,octanol_hl_gap_eV,36,0.023480959236621857,0.001920713926665485,0.596060980269761,0.9756224182787652,0.4636513590812683,0.0008138344273902476,0.0017552723861370145,0.02
40,octanol_hl_gap_eV,37,0.09379744529724121,0.0025078970938920975,0.608182351219013,0.9538855924414398,0.5897843241691589,0.009178392589092255,0.015562286437541454,0.04
40,octanol_hl_gap_eV,38,0.04654309153556824,0.0016387588111683726,0.5962379800373023,0.9573123559649255,0.40688949823379517,0.001083770184777677,0.002663549168710548,0.02
40,octanol_hl_gap_eV,39,0.24743345379829407,0.0022324961610138416,0.5950633752516692,0.9352364522764354,0.34900763630867004,0.03427933529019356,0.09821944199489137,0.2
40,octanol_hl_gap_eV,40,0.040977075695991516,0.001800714642740786,0.6180861873457382,0.9833420784612119,0.3459669053554535,0.0016682915156707168,0.004822113010944443,0.02
40,octanol_hl_gap_eV,41,0.14372654259204865,0.0020767042879015207,0.6126310816993374,0.9228375389714489,0.5152483582496643,0.030822986736893654,0.05982161076961323,0.06
40,octanol_hl_gap_eV,42,0.47750216722488403,0.0015404901932924986,0.6154789039344459,0.9131751380767346,0.4660860002040863,0.09886115044355392,0.21210924679193396,0.4
40,octanol_hl_gap_eV,43,0.061654653400182724,0.0011334567097947001,0.6049774344249366,0.974116972264965,0.30328309535980225,0.0010201276745647192,0.0033636153487370695,0.18
40,octanol_hl_gap_eV,44,0.09044845402240753,0.0016381865134462714,0.6228979736344313,0.95878406280388,0.4418308138847351,0.00191003386862576,0.004322998325608069,0.2
40,octanol_hl_gap_eV,45,0.4284138083457947,0.0011062996927648783,0.6461294223508771,0.8912838635671556,0.3279924988746643,0.06121799349784851,0.1866444925048171,0.34
40,octanol_hl_gap_eV,46,0.033062901347875595,0.0038988105952739716,0.6049096581758759,0.9803199543402206,0.7136332988739014,0.0013295890530571342,0.001863126419626436,0.02
40,octanol_hl_gap_eV,47,0.3258029520511627,0.0016808687942102551,0.609275236803988,0.8981279521565553,0.42958223819732666,0.08725737780332565,0.2031214748763527,0.24
40,octanol_hl_gap_eV,48,0.012754254974424839,0.002158005256205797,0.6226641773954911,0.9740093845901319,0.3914467990398407,0.000625178508926183,0.0015970970013285343,0.0
40,octanol_hl_gap_eV,49,0.2523565888404846,0.006865811068564653,0.6146981699576342,0.9430226631605179,1.533854365348816,0.16749386489391327,0.10919802340936277,0.1
40,octanol_hl_gap_eV,50,0.15119796991348267,0.0012679763603955507,0.6214008723340645,0.9535463726554272,0.2958381474018097,0.004494936671108007,0.015193904878679994,0.2
40,octanol_hl_gap_eV,51,0.05362038314342499,0.007522036321461201,0.6220138496927541,0.9700148515199549,1.5408222675323486,0.0012727663852274418,0.0008260306279619112,0.02
40,octanol_hl_gap_eV,52,0.06027880311012268,0.0016013392014428973,0.6193695554251211,0.9759436174695804,0.45033520460128784,0.0010033525759354234,0.0022280127462470075,0.14
40,octanol_hl_gap_eV,53,0.05794817954301834,0.0024134530685842037,0.6027002919989402,0.9761141588398929,0.3517877161502838,0.0010595202911645174,0.0030118171912287294,0.0
40,octanol_hl_gap_eV,54,0.11406143009662628,0.001926671713590622,0.6040456721418204,0.9445121769955671,0.34376198053359985,0.013799203559756279,0.040141738589987916,0.08
40,octanol_hl_gap_eV,55,0.06000029295682907,0.0013203276321291924,0.6311226129009659,0.9535688266679125,0.3753116726875305,0.0019352937815710902,0.005156497712189033,0.08
40,octanol_hl_gap_eV,56,0.03409217298030853,0.006232110317796469,0.6190881364860783,0.9773521983453124,1.2266170978546143,0.0020524899009615183,0.0016732930794388708,0.02
40,octanol_hl_gap_eV,57,0.06274940818548203,0.0023115850053727627,0.6282564000575703,0.9794878913077323,0.5712359547615051,0.0021193281281739473,0.003710074813233318,0.16
40,octanol_hl_gap_eV,58,0.03203930705785751,0.0017945433501154184,0.601354906809517,0.9658998631241975,0.3323679566383362,0.0011080728145316243,0.003333873775736347,0.02
40,octanol_hl_gap_eV,59,0.09695923328399658,0.0014838865026831627,0.6151246958790542,0.9815132438386476,0.28391915559768677,0.0027710599824786186,0.0097600317831503,0.2
40,octanol_hl_gap_eV,60,0.030274465680122375,0.004809141159057617,0.6168646297431875,0.9613226087275937,0.9334824681282043,0.002638706238940358,0.002826733579936885,0.04
40,octanol_hl_gap_eV,61,0.041342075914144516,0.0012475023977458477,0.6039092604520508,0.9624230790579043,0.27141526341438293,0.0005665764329023659,0.002087489206667593,0.02
40,octanol_hl_gap_eV,62,0.05085750296711922,0.0018291500164195895,0.6189945470418081,0.97247852675059,0.350324809551239,0.0009556249715387821,0.0027278255649747555,0.06
40,octanol_hl_gap_eV,63,0.11436569690704346,0.0027797226794064045,0.6168716278274748,0.9783438148246539,0.5793843865394592,0.0047022681683301926,0.008115973225332924,0.22
40,octanol_hl_gap_eV,64,0.09592166543006897,0.0012823889264836907,0.6434033820958609,0.9773861037279501,0.31740400195121765,0.0008986556786112487,0.0028312676371023346,0.18
40,octanol_hl_gap_eV,65,0.018796881660819054,0.003574203932657838,0.580093360900928,0.9724237173649293,0.774832010269165,0.0029149947222322226,0.003762098988682201,0.04
40,octanol_hl_gap_eV,66,0.057363949716091156,0.0019361046142876148,0.591784265968561,0.971133243444853,0.4753284752368927,0.0010445453226566315,0.0021975231383645896,0.08
40,octanol_hl_gap_eV,67,0.12538492679595947,0.006440173368901014,0.6282497047339399,0.9275947541509564,1.3306199312210083,0.08116289228200912,0.06099629982810504,0.06
40,octanol_hl_gap_eV,68,0.18385890126228333,0.0015151766128838062,0.6260858346988227,0.9586025626915853,0.4466971755027771,0.0110058868303895,0.024638362259626772,0.28
40,octanol_hl_gap_eV,69,0.007642544340342283,0.0034758970141410828,0.5986718740156711,0.9692785928200889,0.7824462056159973,0.0016236307565122843,0.0020750701388270476,0.04
40,octanol_hl_gap_eV,70,0.05426649749279022,0.0025104733649641275,0.5832952920445595,0.974308294378138,0.5906381607055664,0.0017455281922593713,0.002955325795702385,0.12
40,octanol_hl_gap_eV,71,0.06673967838287354,0.0013728700578212738,0.6432168022821934,0.9835987665711101,0.3815116882324219,0.001844975515268743,0.0048359606590735954,0.24
40,octanol_hl_gap_eV,72,0.0910317525267601,0.0027974327094852924,0.6088502405026763,0.9723542675429127,0.4758826494216919,0.004791257902979851,0.0100681500130386,0.08
40,octanol_hl_gap_eV,73,0.03168993443250656,0.0018577554728835821,0.6178540578892253,0.9709187877680419,0.3576366603374481,0.0010120003717020154,0.0028296885748433686,0.02
40,octanol_hl_gap_eV,74,0.019811151549220085,0.005208534654229879,0.6171213378421907,0.9718657213177544,1.0152744054794312,0.0024464307352900505,0.002409625143790364,0.02
40,octanol_hl_gap_eV,75,0.032108698040246964,0.0023036827333271503,0.6123684262270348,0.9762242839576953,0.3869192600250244,0.0011598565615713596,0.002997670784070932,0.0
40,octanol_hl_gap_eV,76,0.08746787905693054,0.0021416570525616407,0.5744774822572587,0.9675969359443661,0.4555809497833252,0.0025024849455803633,0.005492953440591728,0.0
40,octanol_hl_gap_eV,77,0.04256422817707062,0.001012270338833332,0.623940326060394,0.9622249000966845,0.2656000256538391,0.0004734765680041164,0.0017826676290355718,0.1
40,octanol_hl_gap_eV,78,0.2751796543598175,0.002086418913677335,0.6103749925365269,0.916764620025998,0.4208791255950928,0.06340047717094421,0.15063820777830333,0.26
40,octanol_hl_gap_eV,79,0.09929674118757248,0.003336135996505618,0.5739165104691892,0.9251290741948881,0.726908266544342,0.023679781705141068,0.03257602478193385,0.06
40,octanol_hl_gap_eV,80,0.09948944300413132,0.0030267401598393917,0.6113820797409837,0.9438421111023056,0.5368219614028931,0.011961695738136768,0.022282426201187647,0.04
40,octanol_hl_gap_eV,81,0.09753189980983734,0.0039925361052155495,0.6162359101496728,0.9046116377784694,0.7593826651573181,0.10029470175504684,0.13207399425462157,0.04
40,octanol_hl_gap_eV,82,0.037055712193250656,0.0012671498116105795,0.6126843392076959,0.971670252388688,0.3581458628177643,0.0010141815291717649,0.002831755534442155,0.06
40,octanol_hl_gap_eV,83,0.04525457322597504,0.0013374993577599525,0.6123264588689703,0.959416927353447,0.31774967908859253,0.0007669055485166609,0.0024135525509148925,0.22
40,octanol_hl_gap_eV,84,0.07641060650348663,0.0012350731994956732,0.6298079438387827,0.9576613858767604,0.3038851320743561,0.0007243150612339377,0.0023835159564723585,0.08
40,octanol_hl_gap_eV,85,0.03522831201553345,0.0035960159730166197,0.6198235428041243,0.9785526746158584,0.6699403524398804,0.0011565953027456999,0.001726415342102402,0.02
40,octanol_hl_gap_eV,86,0.03667356073856354,0.0023962557315826416,0.6143040239280586,0.9421348138983883,0.4496382176876068,0.00490365456789732,0.01090577796770872,0.0
40,octanol_hl_gap_eV,87,0.377674400806427,0.0010708023328334093,0.6372111057279601,0.9109795701759791,0.2817835509777069,0.05536000430583954,0.19646286702597238,0.28
40,octanol_hl_gap_eV,88,0.221844881772995,0.0032039086800068617,0.5792235797074712,0.9462332892806411,0.6323583126068115,0.054025426506996155,0.08543483248331733,0.18
40,octanol_hl_gap_eV,89,0.12134972214698792,0.0020481871906667948,0.5847721515750659,0.9823915779024988,0.46622762084007263,0.003372202394530177,0.007232952840618862,0.2
40,octanol_hl_gap_eV,90,0.02666052058339119,0.0034329744521528482,0.6034664507661402,0.972393616824029,0.7693483233451843,0.0020955181680619717,0.00272375737292895,0.02
40,octanol_hl_gap_eV,91,0.04703523963689804,0.0012189473491162062,0.6269984708135952,0.9717223117381313,0.33938103914260864,0.0006370773771777749,0.001877174337102768,0.24
40,octanol_hl_gap_eV,92,0.10079937428236008,0.0032519481610506773,0.596712777344198,0.9824767958131859,0.7138713002204895,0.003095828229561448,0.004336675572481002,0.22
40,octanol_hl_gap_eV,93,0.049019623547792435,0.004104194696992636,0.5964556272723571,0.9806256750760889,0.7301271557807922,0.0016164027620106936,0.002213864734673682,0.02
40,octanol_hl_gap_eV,94,0.07918530702590942,0.0011050287866964936,0.6145629359663176,0.9558106134314697,0.37807759642601013,0.0015728957951068878,0.004160245965313906,0.1
40,octanol_hl_gap_eV,95,0.06026244908571243,0.0014293177518993616,0.6113425509229544,0.9621539857933192,0.4071781635284424,0.002574820537120104,0.006323572253501375,0.02
40,octanol_hl_gap_eV,96,0.0942697674036026,0.001319623552262783,0.6050508859656432,0.9727047516984453,0.3542102575302124,0.0008592028170824051,0.0024256858710793245,0.26
40,octanol_hl_gap_eV,97,0.014784486033022404,0.005351841915398836,0.5854949649837851,0.9793801598508369,1.042168140411377,0.0036854150239378214,0.00353629599776776,0.02
40,octanol_hl_gap_eV,98,0.13739022612571716,0.0011016958160325885,0.6404550722602982,0.973790955036931,0.33185943961143494,0.0005162133020348847,0.001555517910351758,0.2
40,octanol_hl_gap_eV,99,0.03611661493778229,0.006632458418607712,0.6214493676795125,0.9779600313183465,1.3252882957458496,0.010620206594467163,0.008013506667611739,0.0
40,octanol_hl_gap_eV,100,0.04779737815260887,0.0010631412733346224,0.6299645380666226,0.9658467500976058,0.26241669058799744,0.0010787434875965118,0.004110803642784191,0.02
40,octanol_hl_gap_eV,101,0.02895994484424591,0.0031396399717777967,0.595846885201758,0.9770848446092841,0.5674068331718445,0.0023503145202994347,0.004142203411899377,0.02
40,octanol_hl_gap_eV,102,0.2927006781101227,0.0011722311610355973,0.6398336749633331,0.9528386525629653,0.3564794361591339,0.004578418098390102,0.012843428355138773,0.34
40,octanol_hl_gap_eV,103,0.1095549538731575,0.0014854635810479522,0.6171544049864575,0.972074091440523,0.32998690009117126,0.0007709722267463803,0.002336372221240814,0.18
40,octanol_hl_gap_eV,104,0.020916001871228218,0.0023667600471526384,0.6143708679688304,0.9818070413182185,0.4461210072040558,0.0009239599457941949,0.0020710971482487835,0.0
40,octanol_hl_gap_eV,105,0.05750288814306259,0.0012904021423310041,0.6269203839060185,0.9676635502608926,0.27312055230140686,0.0009056500275619328,0.003315935106057076,0.04
40,octanol_hl_gap_eV,106,0.07701098918914795,0.0010229188483208418,0.6365415740760869,0.9769938110166345,0.3248927891254425,0.0011949832551181316,0.003678084879430006,0.1
40,octanol_hl_gap_eV,107,0.1401272714138031,0.001004957128316164,0.6684169219343075,0.9789186177620293,0.3128068447113037,0.0008788544218987226,0.0028095754193289365,0.26
40,octanol_hl_gap_eV,108,0.0746767669916153,0.0010603189002722502,0.6356109791852089,0.9719923847066265,0.3118252754211426,0.0006443364545702934,0.0020663381238101063,0.26
40,octanol_hl_gap_eV,109,0.011532126925885677,0.0010146269341930747,0.6419414059885311,0.9624668320401102,0.28673475980758667,0.0010450977133587003,0.0036448239273815736,0.12
40,octanol_hl_gap_eV,110,0.07934209704399109,0.002674643648788333,0.6126268534765731,0.9828764611553367,0.6190997958183289,0.003758510807529092,0.006070928843646403,0.2
40,octanol_hl_gap_eV,111,0.07827305048704147,0.0018786509754136205,0.6150332213297969,0.9722817037196729,0.43260860443115234,0.0021038642153143883,0.004863204739260355,0.02
40,octanol_hl_gap_eV,112,0.04882371798157692,0.001765030319802463,0.5954702615301497,0.97418179747526,0.3789007067680359,0.000893085787538439,0.00235704439602745,0.06
40,octanol_hl_gap_eV,113,0.03677351027727127,0.0029892781749367714,0.6149840682983831,0.9785182952537417,0.5553867816925049,0.0008426810381934047,0.0015172868097893676,0.04
40,octanol_hl_gap_eV,114,0.06203140690922737,0.0014148431364446878,0.6044046272216894,0.9825214473284425,0.3494524359703064,0.0007747860508970916,0.0022171430819927854,0.1
40,octanol_hl_gap_eV,115,0.017166519537568092,0.0015882899751886725,0.6076247919175539,0.9725730633584251,0.24982978403568268,0.001319767558015883,0.005282667009100017,0.0
40,octanol_hl_gap_eV,116,0.10982038080692291,0.005156381521373987,0.6155146670967799,0.9121374183116318,1.013993501663208,0.07335858047008514,0.07234620374761609,0.0
40,octanol_hl_gap_eV,117,0.07126959413290024,0.0013400375610217452,0.6331094902069481,0.9729336353367035,0.30340495705604553,0.0012059705331921577,0.003974788496845121,0.22
40,octanol_hl_gap_eV,118,0.039217717945575714,0.0024882126599550247,0.6156559210627455,0.9766767813049491,0.6431430578231812,0.001376897795125842,0.002140888840169043,0.06
40,octanol_hl_gap_eV,119,0.10643905401229858,0.0009679544600658119,0.6681615443664977,0.9685817545687774,0.2983478605747223,0.0006900359876453876,0.0023128571671877825,0.1
40,octanol_hl_gap_eV,120,0.047092538326978683,0.0029683911707252264,0.5805850761383085,0.9790913496365359,0.6578812599182129,0.010191130451858044,0.015490835615419406,0.06
40,octanol_hl_gap_eV,121,0.041171807795763016,0.0030596894212067127,0.604144581531002,0.9797839196658185,0.698784589767456,0.0020600317511707544,0.002948021151777687,0.06
40,octanol_hl_gap_eV,122,0.21896593272686005,0.0024964329786598682,0.599356624435776,0.9324326106238017,0.6348203420639038,0.06070353835821152,0.09562317767079498,0.18
40,octanol_hl_gap_eV,123,0.06288889050483704,0.0018379789544269443,0.5862716878242371,0.9681778044358722,0.41316139698028564,0.0016607752768322825,0.004019676787256889,0.14
40,octanol_hl_gap_eV,124,0.06917046010494232,0.001167881884612143,0.6435218715515194,0.9774065380630996,0.33690473437309265,0.0008919630781747401,0.0026475231339045794,0.06
40,octanol_hl_gap_eV,125,0.08755330741405487,0.0020261791069060564,0.5994550384193225,0.9501403747481687,0.24484889209270477,0.02031860128045082,0.08298424839413929,0.0
40,octanol_hl_gap_eV,126,0.10221084952354431,0.0015302336541935802,0.6103893609049422,0.9649013847323642,0.4422689378261566,0.0006709148292429745,0.0015169838346338763,0.18
40,octanol_hl_gap_eV,127,0.06002350151538849,0.002267325296998024,0.6082933295214004,0.9755496445764897,0.4349497854709625,0.0013828056398779154,0.00317923053664831,0.02
40,octanol_hl_gap_eV,128,0.1232425794005394,0.001002851640805602,0.6833402204446684,0.9616712280086863,0.3215351998806,0.0017026704736053944,0.005295440356880584,0.02
40,octanol_hl_gap_eV,129,0.03513511270284653,0.001308541395701468,0.6000282395138745,0.9619877958149861,0.2851017415523529,0.0009875970426946878,0.003464016169516581,0.08
40,octanol_hl_gap_eV,130,0.08585423976182938,0.001463818596675992,0.5952868497986175,0.9576750986639158,0.3919593393802643,0.0016788117354735732,0.004283127270619397,0.24
40,octanol_hl_gap_eV,131,0.27369430661201477,0.001976677915081382,0.6055331805338247,0.9442208042078348,0.3934963643550873,0.07696662098169327,0.1955967778961214,0.2
40,octanol_hl_gap_eV,132,0.10517578572034836,0.0015590485418215394,0.6137805443719222,0.9684442918022862,0.4366867244243622,0.0011070325272157788,0.0025350725481180186,0.22
40,octanol_hl_gap_eV,133,0.09470339119434357,0.0021970581728965044,0.5809879032413383,0.9774723086627881,0.5113065838813782,0.0030783137772232294,0.006020485310115604,0.12
40,octanol_hl_gap_eV,134,0.019635260105133057,0.000834678066894412,0.6616841852142763,0.9597832785351699,0.27774083614349365,0.0003851122164633125,0.0013865883814951356,0.02
40,octanol_hl_gap_eV,135,0.06715769320726395,0.001486311201006174,0.606078462413354,0.9760701052246359,0.30274513363838196,0.0013152171159163117,0.004344304729559388,0.28
40,octanol_hl_gap_eV,136,0.09150546044111252,0.0019876929000020027,0.6267434761766815,0.972428846761042,0.3413110673427582,0.001981183886528015,0.005804628317365494,0.06
40,octanol_hl_gap_eV,137,0.03780803456902504,0.0011473428457975388,0.617673989573363,0.973772114905751,0.2899629771709442,0.0011886314023286104,0.004099252304296306,0.08
40,octanol_hl_gap_eV,138,0.016364779323339462,0.001116555416956544,0.6246629116914246,0.9623417234733995,0.236383318901062,0.0010016242740675807,0.004237288310884616,0.1
40,octanol_hl_gap_eV,139,0.05801968649029732,0.0012546856887638569,0.6064395533497058,0.9579506378226699,0.3231375515460968,0.0004996090428903699,0.0015461187983257301,0.16
40,octanol_hl_gap_eV,140,0.1283448189496994,0.0011751215206459165,0.6087693652476576,0.9325839788594446,0.2627171576023102,0.005925777833908796,0.02255573213409602,0.16
40,octanol_hl_gap_eV,141,0.09569919109344482,0.0012654593447223306,0.6224760714859288,0.9666695055578798,0.3501002788543701,0.0007040684577077627,0.0020110479774871344,0.28
40,octanol_hl_gap_eV,142,0.06453345715999603,0.0018493374809622765,0.6184333192905784,0.9693675385540845,0.36732253432273865,0.0016338563291355968,0.0044480155080821975,0.04
40,octanol_hl_gap_eV,143,0.3617059886455536,0.0018355606589466333,0.5963405192675801,0.945234183205361,0.4219704568386078,0.05978859215974808,0.14168904763542625,0.34
40,octanol_hl_gap_eV,144,0.13620047271251678,0.004609185270965099,0.5765514435724768,0.9179435206503277,0.9810516834259033,0.10746201127767563,0.10953756371163904,0.18
40,octanol_hl_gap_eV,145,0.06266789138317108,0.001339867478236556,0.6179733881798908,0.9654344102546251,0.25207632780075073,0.0008513894281350076,0.003377506470214741,0.06
40,octanol_hl_gap_eV,146,0.08551459014415741,0.001756524434313178,0.5973609295242961,0.9667848486936759,0.412671834230423,0.0007497702026739717,0.0018168678850404012,0.14
40,octanol_hl_gap_eV,147,0.13695751130580902,0.0009931778768077493,0.6569374438401141,0.9670379274569709,0.33999332785606384,0.0007507558912038803,0.0022081488949739414,0.24
40,octanol_hl_gap_eV,148,0.15684548020362854,0.000959311961196363,0.6234067328727924,0.974118076869086,0.31066420674324036,0.0013979722280055285,0.004499946236680343,0.16
40,octanol_hl_gap_eV,149,0.020635345950722694,0.007894109934568405,0.6147797324213404,0.9759039454560938,1.802973985671997,0.0026806998066604137,0.0014868211233016067,0.02
40,octanol_hl_gap_eV,150,0.06325670331716537,0.0019198866793885827,0.5969123478813234,0.9706420004894905,0.45859211683273315,0.001458504470065236,0.0031803958605708237,0.16
40,octanol_hl_gap_eV,151,0.06939681619405746,0.0014846960548311472,0.6172814303232548,0.9713876227719607,0.26737064123153687,0.0007357875583693385,0.0027519384887593674,0.14
40,octanol_hl_gap_eV,152,0.09391665458679199,0.0009746506111696362,0.6798773350957232,0.9746057677597733,0.29886147379875183,0.001251053879968822,0.004186066086294081,0.22
40,octanol_hl_gap_eV,153,0.04705173522233963,0.0018927031196653843,0.6193068544078106,0.9744071526742217,0.35089483857154846,0.0014712687116116285,0.004192904967200401,0.12
40,octanol_hl_gap_eV,154,0.09101017564535141,0.0011138163972645998,0.6093497878536869,0.9666400461835936,0.32418909668922424,0.001718756160698831,0.005301708719545475,0.2
40,octanol_hl_gap_eV,155,0.08446972817182541,0.0014076255029067397,0.6169596710252447,0.9688373383384545,0.30562761425971985,0.0012042263988405466,0.0039401753724295505,0.18
40,octanol_hl_gap_eV,156,0.03271821513772011,0.003113000886514783,0.6048951464642218,0.9794711957537605,0.5811891555786133,0.0009747513686306775,0.0016771671654132057,0.02
40,octanol_hl_gap_eV,157,0.03723679110407829,0.0009514534031040967,0.6518647025825859,0.9470792370935224,0.25239327549934387,0.00403191102668643,0.015974716516157388,0.1
40,octanol_hl_gap_eV,158,0.1043001338839531,0.0017773743020370603,0.5830820891235322,0.9327022643948031,0.4413408935070038,0.019835148006677628,0.04494291895106896,0.16
40,octanol_hl_gap_eV,159,0.14113374054431915,0.002662111772224307,0.5840716758225717,0.9816363623481237,0.4186258316040039,0.001228636596351862,0.002934927812849547,0.1
40,octanol_hl_gap_eV,160,0.09011701494455338,0.001545426668599248,0.6078066860012645,0.9527109627994192,0.3093827962875366,0.0008864255505613983,0.0028651416988860787,0.14
40,octanol_hl_gap_eV,161,0.3076828420162201,0.0012654280290007591,0.6152762083600638,0.913400549748818,0.3247741758823395,0.050016142427921295,0.154002830711643,0.14
40,octanol_hl_gap_eV,162,0.041940491646528244,0.0009252880117855966,0.6770078760074505,0.9686387028654069,0.2941809594631195,0.0026025648694485426,0.008846816171237682,0.04
40,octanol_hl_gap_eV,163,0.01522068865597248,0.008690242655575275,0.6215024840130643,0.970946258863012,1.7798612117767334,0.002090519992634654,0.0011745410140984013,0.02
40,octanol_hl_gap_eV,164,0.06807668507099152,0.0011451415484771132,0.6222018503685369,0.9691410360936588,0.31131502985954285,0.0013545090332627296,0.004350927206675015,0.12
40,octanol_hl_gap_eV,165,0.1312490701675415,0.0018456749385222793,0.5916689214413613,0.9859983284056515,0.3835809826850891,0.0012411768548190594,0.0032357622271332364,0.06
40,octanol_hl_gap_eV,166,0.052206851541996,0.004339484963566065,0.5893164588722803,0.9820980866565121,0.9486579895019531,0.003492983290925622,0.0036820259035181303,0.12
40,octanol_hl_gap_eV,167,0.05647839233279228,0.0012903022579848766,0.609739972424425,0.96557594357355,0.2631511390209198,0.0008663395419716835,0.0032921747752830814,0.14
40,octanol_hl_gap_eV,168,0.05787690728902817,0.0010479247430339456,0.6275030852225254,0.9617486092043928,0.26238682866096497,0.001182884443551302,0.004508170054068261,0.06
40,octanol_hl_gap_eV,169,0.20675747096538544,0.003938490524888039,0.5864201265673554,0.9146239242718575,0.7776972055435181,0.14542970061302185,0.18700041555554228,0.18
40,octanol_hl_gap_eV,170,0.04740767180919647,0.0014033433981239796,0.6185834347635095,0.9518191280521686,0.41753217577934265,0.004031783435493708,0.009656222129392069,0.04
40,octanol_hl_gap_eV,171,0.11908439546823502,0.0009897865820676088,0.616833246341246,0.9502390532597165,0.3615066409111023,0.0014120423002168536,0.0039059926994925867,0.22
40,octanol_hl_gap_eV,172,0.04209284111857414,0.003497960977256298,0.6176840681921996,0.9721841332683101,0.6620782017707825,0.0013998632784932852,0.002114347330495455,0.02
40,octanol_hl_gap_eV,173,0.047324202954769135,0.0018068677745759487,0.5785961034267058,0.971040471597278,0.35761600732803345,0.0017721543554216623,0.004955467090700175,0.0
40,octanol_hl_gap_eV,174,0.022104542702436447,0.0012034355895593762,0.6237776389745577,0.9559845686151685,0.254215270280838,0.0005564449238590896,0.0021888729313717893,0.06
40,octanol_hl_gap_eV,175,0.1847994476556778,0.0024532536044716835,0.6010550941050894,0.9142248017659129,0.4505457878112793,0.051191046833992004,0.11362007640261075,0.16
40,octanol_hl_gap_eV,176,0.08039435744285583,0.0010837807785719633,0.6208435879158836,0.9488591648381228,0.3375607430934906,0.0028941226191818714,0.008573635052048447,0.1
40,octanol_hl_gap_eV,177,0.09214502573013306,0.0022258961107581854,0.6065187289257961,0.9771078134419633,0.5517099499702454,0.0020606794860213995,0.0037350776184706027,0.14
40,octanol_hl_gap_eV,178,0.04215509817004204,0.0009579294128343463,0.6361124434755314,0.9631223482401208,0.27107957005500793,0.0005046575097367167,0.0018616582195194967,0.1
40,octanol_hl_gap_eV,179,0.04510672017931938,0.002349896589294076,0.5923344257978889,0.9818712914985976,0.5670634508132935,0.0009721232927404344,0.0017143113197406678,0.02
40,octanol_hl_gap_eV,180,0.07794766128063202,0.007254092954099178,0.6140759183669202,0.9415762602868176,1.6431275606155396,0.047998495399951935,0.02921166715867817,0.06
40,octanol_hl_gap_eV,181,0.04006602615118027,0.002590728458017111,0.5858061176139244,0.9756678333450242,0.5152649283409119,0.0019698175601661205,0.00382292186372685,0.0
40,octanol_hl_gap_eV,182,0.02686871774494648,0.0030988496728241444,0.6132618821636338,0.9637878131481892,0.5919095277786255,0.0010049163829535246,0.0016977533487674554,0.0
40,octanol_hl_gap_eV,183,0.027574356645345688,0.0020475746132433414,0.5795320464045932,0.9694939066034565,0.4813738763332367,0.0011717632878571749,0.0024342062281876055,0.08
40,octanol_hl_gap_eV,184,0.02434428781270981,0.002002222929149866,0.615052996674168,0.9702162188372736,0.33712610602378845,0.0007746834307909012,0.0022979040096534013,0.06
40,octanol_hl_gap_eV,185,0.06568902730941772,0.0011500068940222263,0.6477959522171459,0.9760193371302031,0.2768263816833496,0.001281814998947084,0.004630393213076418,0.22
40,octanol_hl_gap_eV,186,0.03033561073243618,0.002463006181642413,0.6100515548085439,0.9701543386666547,0.6077863574028015,0.0013764356262981892,0.0022646701584089304,0.08
40,octanol_hl_gap_eV,187,0.033385444432497025,0.0012672869488596916,0.6135612272771949,0.9638782628222724,0.2773844599723816,0.0007893142756074667,0.0028455605468527567,0.06
40,octanol_hl_gap_eV,188,0.06926196813583374,0.003124005626887083,0.5784468971019516,0.9781772672513693,0.649141252040863,0.0032938229851424694,0.005074123659198793,0.06
40,octanol_hl_gap_eV,189,0.0511799193918705,0.001341453054919839,0.6185065811345116,0.9655690327944029,0.31729990243911743,0.0005115343374200165,0.0016121477929485599,0.08
40,octanol_hl_gap_eV,190,0.13909690082073212,0.0028050716500729322,0.6046966972920729,0.906991023326561,0.5348382592201233,0.06877383589744568,0.12858810063013917,0.04
40,octanol_hl_gap_eV,191,0.07345955073833466,0.001126432209275663,0.6117718621618418,0.9362861908740983,0.23529835045337677,0.0039522768929600716,0.016796874628932836,0.16
40,octanol_hl_gap_eV,192,0.18047524988651276,0.003570147091522813,0.5796070242963665,0.9658470686183083,0.7799021601676941,0.024460144340991974,0.031363093462560186,0.14
40,octanol_hl_gap_eV,193,0.05418775975704193,0.0012784956488758326,0.6317346094994392,0.9695113265259694,0.3213637173175812,0.001055477769114077,0.0032843712971835667,0.06
40,octanol_hl_gap_eV,194,0.045562922954559326,0.003486547851935029,0.6085855955461152,0.9734846361855023,0.6130834817886353,0.0016268546460196376,0.0026535613735235277,0.0
40,octanol_hl_gap_eV,195,0.014096003957092762,0.0027162516489624977,0.5933627108668471,0.9657424480344621,0.6093721985816956,0.0013454389991238713,0.002207910046200598,0.0
40,octanol_hl_gap_eV,196,0.07294496893882751,0.0023017029743641615,0.5731143788589088,0.943697788773721,0.5136013627052307,0.017606820911169052,0.03428110240679807,0.04
40,octanol_hl_gap_eV,197,0.03952449932694435,0.00289323041215539,0.6049765326160097,0.9714630281432795,0.5556691884994507,0.0010107089765369892,0.0018189041203928269,0.04
40,octanol_hl_gap_eV,198,0.08498898148536682,0.0011996860848739743,0.637185266510855,0.9515766589416979,0.2778126001358032,0.0019845052156597376,0.007143323285875627,0.1
40,octanol_hl_gap_eV,199,0.09142832458019257,0.0015930384397506714,0.6041214457103417,0.9728820125872417,0.4463052749633789,0.0013287895126268268,0.0029773107941326914,0.28
40,octanol_hl_gap_eV,200,0.035116177052259445,0.0013179929228499532,0.607015164961475,0.9709028205401851,0.34019771218299866,0.0009960017632693052,0.002927714466032439,0.06
40,octanol_hl_gap_eV,201,0.057739436626434326,0.00212069577537477,0.6101795336970317,0.9675270533164586,0.4124365448951721,0.0009249325376003981,0.002242605678494096,0.06
40,octanol_hl_gap_eV,202,0.0431491956114769,0.0014290574472397566,0.6123547645437799,0.9714721947538909,0.34777596592903137,0.004439141135662794,0.012764370084644273,0.1
40,octanol_hl_gap_eV,203,0.05641469359397888,0.001297031412832439,0.6430932099820852,0.9704290280021528,0.28986766934394836,0.0009231300791725516,0.0031846603702367126,0.08
40,octanol_hl_gap_eV,204,0.3583413064479828,0.001190793700516224,0.6539202795786196,0.9093604309630643,0.33639565110206604,0.04031487554311752,0.11984362880745315,0.38
40,octanol_hl_gap_eV,205,0.016522124409675598,0.0024387664161622524,0.619495757893159,0.9746659290110056,0.4475822150707245,0.0005647247890010476,0.0012617230309560287,0.08
40,octanol_hl_gap_eV,206,0.07001719623804092,0.0008060333784669638,0.6344625883308539,0.9634281205397524,0.32211875915527344,0.0008021491812542081,0.00249022808655345,0.12
40,octanol_hl_gap_eV,207,0.10995550453662872,0.0015837132232263684,0.6070659379355734,0.9706378239577327,0.3994365334510803,0.0011046231957152486,0.002765453590765587,0.18
40,octanol_hl_gap_eV,208,0.005995120853185654,0.0017413079040125012,0.592116008907178,0.9616512081595239,0.40222346782684326,0.0013379351003095508,0.003326347683137997,0.0
40,octanol_hl_gap_eV,209,0.08170362561941147,0.0014147715410217643,0.6035651502664927,0.9674279580911851,0.34297820925712585,0.001454496174119413,0.0042407830435344015,0.08
40,octanol_hl_gap_eV,210,0.17442555725574493,0.0049133338034152985,0.5953552968344689,0.9060327352692326,1.0301477909088135,0.16669060289859772,0.16181231894070316,0.08
40,octanol_hl_gap_eV,211,0.041052743792533875,0.0010606091236695647,0.618306796831734,0.9590569119638059,0.2809515595436096,0.0007357476861216128,0.002618770606992873,0.02
40,octanol_hl_gap_eV,212,0.06296510249376297,0.0018690996803343296,0.6011067267981187,0.9712262863352816,0.4807978868484497,0.0008185936021618545,0.0017025732112251981,0.2
40,octanol_hl_gap_eV,213,0.06525859981775284,0.0018047832418233156,0.6054877987368701,0.950094386658697,0.43008774518966675,0.0008985273889265954,0.002089172265371916,0.16
40,octanol_hl_gap_eV,214,0.03718528896570206,0.0025006078649312258,0.601129809919233,0.9684908053969741,0.47941505908966064,0.0008519457187503576,0.001777052478009511,0.02
40,octanol_hl_gap_eV,215,0.23501130938529968,0.002087628236040473,0.6016353685419598,0.9046136789184835,0.3800815939903259,0.0774460956454277,0.20376176292135553,0.16
40,octanol_hl_gap_eV,216,0.039290983229875565,0.004265456926077604,0.6037686209977065,0.9842040822261766,0.7196007370948792,0.005470502655953169,0.0076021359817366125,0.0
40,octanol_hl_gap_eV,217,0.04304345324635506,0.001464708591811359,0.6138514687773817,0.9615357864472618,0.28178107738494873,0.003978844732046127,0.014120340403875027,0.16
40,octanol_hl_gap_eV,218,0.03088369406759739,0.0024251111317425966,0.5788542819214502,0.9752720636550267,0.5475695133209229,0.002616371028125286,0.004778153210644267,0.02
40,octanol_hl_gap_eV,219,0.04133957624435425,0.0026792259886860847,0.5836430993393618,0.9643664713839328,0.4514625370502472,0.0017310867551714182,0.0038343973488518947,0.0
40,octanol_hl_gap_eV,220,0.31883588433265686,0.001218498800881207,0.6114520478708221,0.9243018790598323,0.3703853189945221,0.03121272474527359,0.08427095552816773,0.24
40,octanol_hl_gap_eV,221,0.1322045624256134,0.0032176049426198006,0.5704837334466031,0.9281098143798476,0.7285550236701965,0.04221959784626961,0.05794977245998875,0.12
40,octanol_hl_gap_eV,222,0.017021268606185913,0.0020627144258469343,0.6060819239182942,0.9685139073944187,0.48314085602760315,0.0006453790701925755,0.0013357989955535931,0.06
40,octanol_hl_gap_eV,223,0.055200859904289246,0.004117453005164862,0.6131186342269219,0.9709642108490282,0.7946358323097229,0.002134602749720216,0.0026862654097987086,0.0
40,octanol_hl_gap_eV,224,0.0316101498901844,0.0012665182584896684,0.621731558483803,0.9732566712832131,0.26585856080055237,0.0005674731219187379,0.0021344925670625944,0.06
40,octanol_hl_gap_eV,225,0.020749472081661224,0.001956324093043804,0.6166594458947767,0.9666533735565923,0.3374711573123932,0.0005551690119318664,0.0016450858092679987,0.0
40,octanol_hl_gap_eV,226,0.05767576023936272,0.0009096996509470046,0.6815908624064244,0.9639359039797315,0.2940711975097656,0.0005827530403621495,0.001981673299857247,0.06
40,octanol_hl_gap_eV,227,0.039065998047590256,0.001741308136843145,0.5913225508244611,0.9696860546050525,0.2551864683628082,0.0009592085261829197,0.003758853407615551,0.18
40,octanol_hl_gap_eV,228,0.044125109910964966,0.0008351970463991165,0.6013646982248742,0.9529174564754677,0.3156128525733948,0.001875345129519701,0.005941916224985151,0.08
40,octanol_hl_gap_eV,229,0.027488557621836662,0.0017632179660722613,0.5805090538078683,0.9670206595477948,0.41274696588516235,0.0012059283908456564,0.0029217135206783787,0.06
40,octanol_hl_gap_eV,230,0.009795778430998325,0.002963903360068798,0.6242488846203003,0.9666581491467299,0.5459953546524048,0.0008831380400806665,0.0016174826993590372,0.0
40,octanol_hl_gap_eV,231,0.07856559753417969,0.002926457207649946,0.6095362763259633,0.9571451841196827,0.6844461560249329,0.014217658899724483,0.02077250164176036,0.06
40,octanol_hl_gap_eV,232,0.18314293026924133,0.001302206888794899,0.6447282237726619,0.9090696124553466,0.29379957914352417,0.024028131738305092,0.08178409175517266,0.08
40,octanol_hl_gap_eV,233,0.05191032588481903,0.002385255880653858,0.6111366746798388,0.97313621783028,0.6155868768692017,0.0009628472616896033,0.0015641127156357276,0.08
40,octanol_hl_gap_eV,234,0.019737621769309044,0.001415734994225204,0.6159064365673621,0.9744826432296407,0.2852632999420166,0.0004935479955747724,0.0017301489384547268,0.06
40,octanol_hl_gap_eV,235,0.0869792252779007,0.0012971838004887104,0.6429900518635299,0.9712805289137483,0.31020286679267883,0.0015337070217356086,0.004944206472342653,0.06
40,octanol_hl_gap_eV,236,0.17793138325214386,0.0012246097903698683,0.6408584270689992,0.9805680914866595,0.2980765998363495,0.001573225948959589,0.005277925036126029,0.08
40,octanol_hl_gap_eV,237,0.027620414271950722,0.006484454497694969,0.6211934375849084,0.9630985630374553,1.2963422536849976,0.0015374354552477598,0.0011859795905575306,0.02
40,octanol_hl_gap_eV,238,0.129764586687088,0.0032277784775942564,0.6166077614216494,0.9002663862981899,0.812248945236206,0.05728411674499512,0.07052531995389247,0.08
40,octanol_hl_gap_eV,239,0.04965752363204956,0.001822047051973641,0.5901911983503032,0.9693509460408354,0.3457258939743042,0.00129593291785568,0.0037484404276412085,0.14
40,octanol_hl_gap_eV,240,0.059627726674079895,0.0021654232405126095,0.6152712899218982,0.9720448195728859,0.41539400815963745,0.0010325801558792591,0.0024857849068502568,0.08
40,octanol_hl_gap_eV,241,0.08450333774089813,0.001440559048205614,0.6036766897505326,0.9837732017389687,0.2646821439266205,0.008594486862421036,0.03247097342842946,0.12
40,octanol_hl_gap_eV,242,0.18876302242279053,0.0032102675177156925,0.607437828158347,0.9074169774339764,0.5647361874580383,0.06105811148881912,0.10811793691431529,0.08
40,octanol_hl_gap_eV,243,0.04705145210027695,0.0017210302175953984,0.607823069284102,0.9704151667225367,0.3604104518890381,0.0009568321402184665,0.0026548401557262625,0.06
40,octanol_hl_gap_eV,244,0.06261307746171951,0.003564372891560197,0.5787749377123812,0.9650918682717964,0.6221908330917358,0.0012695890618488193,0.0020405139296895284,0.02
40,octanol_hl_gap_eV,245,0.024228092283010483,0.0035042213276028633,0.611902760882084,0.9681153206340705,0.6650739312171936,0.0008638562867417932,0.001298887606616599,0.02
40,octanol_hl_gap_eV,246,0.030696187168359756,0.0011541279964148998,0.6523802473290754,0.9680816554622118,0.30757662653923035,0.0010280627757310867,0.003342460665163583,0.1
40,octanol_hl_gap_eV,247,0.22046583890914917,0.0019207331351935863,0.6083575187288714,0.9004464176270526,0.3427010476589203,0.0813707783818245,0.23743953786453056,0.2
40,octanol_hl_gap_eV,248,0.15051835775375366,0.0011168360942974687,0.6437418532831456,0.9582046582580432,0.2847657799720764,0.0032598571851849556,0.011447503227054215,0.2
40,octanol_hl_gap_eV,249,0.10893114656209946,0.0011787904659286141,0.6401642036968418,0.9614741896224601,0.305999219417572,0.0014240939635783434,0.004653913713534671,0.06
40,octanol_dipole,0,0.06455309689044952,0.02956579439342022,0.5834015232224916,0.9674195046644718,5.7024078369140625,0.009338244795799255,0.0016375967946994083,0.0
40,octanol_dipole,1,0.06569716334342957,0.029580481350421906,0.5837728117572676,0.9426978683076439,5.55954647064209,0.005640758201479912,0.0010146076179534916,0.04
40,octanol_dipole,2,0.07950565963983536,0.02913668006658554,0.5832367048043641,0.9694706326222149,5.619093418121338,0.01786850206553936,0.003179961736872749,0.02
40,octanol_dipole,3,0.28016942739486694,0.03221089020371437,0.5832589558995609,0.9165712798808834,6.372105121612549,0.6671214699745178,0.10469404651091091,0.1
40,octanol_dipole,4,0.23653079569339752,0.029393909499049187,0.5859245303961464,0.9000036545158363,5.714810848236084,0.47920864820480347,0.0838538074016421,0.06
40,octanol_dipole,5,0.059636689722537994,0.026434006169438362,0.5831841783253549,0.9653463630292793,5.057505130767822,0.010976229794323444,0.0021702854491532767,0.0
40,octanol_dipole,6,0.09593494236469269,0.030393481254577637,0.5809047290575751,0.9690918008773406,5.789306163787842,0.004194512031972408,0.000724527588160584,0.02
40,octanol_dipole,7,0.2219315618276596,0.031509365886449814,0.5860321355933504,0.8861009600971042,6.073946952819824,0.7843055129051208,0.12912617100500157,0.02
40,octanol_dipole,8,0.037015024572610855,0.0298184622079134,0.5815669872220137,0.9667618231997948,5.7002387046813965,0.004881192930042744,0.0008563137761290592,0.0
40,octanol_dipole,9,0.04117444157600403,0.034073419868946075,0.5804507226465974,0.960346660397823,6.388378620147705,0.0041509889997541904,0.0006497719134339936,0.02
40,octanol_dipole,10,0.06388907134532928,0.025699494406580925,0.5834370066909429,0.9586033909089413,4.966189861297607,0.006572877522557974,0.0013235252187560461,0.0
40,octanol_dipole,11,0.17975570261478424,0.02847292274236679,0.5841040574746126,0.9000506742771113,5.545990467071533,0.41582000255584717,0.07497668901970074,0.0
40,octanol_dipole,12,0.3280983865261078,0.029929278418421745,0.5846715842717052,0.9066366793591445,5.883645057678223,0.5610449910163879,0.09535670243809455,0.14
40,octanol_dipole,13,0.134726881980896,0.02914278395473957,0.5853282565884206,0.9289348983181025,5.666073799133301,0.05602132901549339,0.00988715131526571,0.02
40,octanol_dipole,14,0.06433307379484177,0.02850690670311451,0.582198899494788,0.9534182066391248,5.534191131591797,0.007298593875020742,0.0013188185412240092,0.02
40,octanol_dipole,15,0.10758737474679947,0.029759051278233528,0.5830375554162663,0.9642448323457911,5.781493663787842,0.0516301728785038,0.008930248112505486,0.04
40,octanol_dipole,16,0.25318777561187744,0.035233233124017715,0.5821691286358006,0.9023437352653647,6.966194152832031,0.5473557710647583,0.07857314324813021,0.1
40,octanol_dipole,17,0.07702869176864624,0.02692929096519947,0.5823871272814876,0.9539150658913438,5.154842376708984,0.02376084215939045,0.004609421670534207,0.0
40,octanol_dipole,18,0.2047368735074997,0.031237196177244186,0.5817930668623887,0.9052827999280904,6.113522529602051,0.3683534860610962,0.0602522497099677,0.02
40,octanol_dipole,19,0.04943551495671272,0.016015799716114998,0.5818977376546193,0.9550386047400792,3.136549711227417,0.02839607372879982,0.009053283494010897,0.02
40,octanol_dipole,20,0.08481483161449432,0.02866835705935955,0.5839719989782297,0.9667286312133063,5.501809597015381,0.005534666124731302,0.001005971949253523,0.0
40,octanol_dipole,21,0.058721620589494705,0.03297893702983856,0.5813364895967903,0.9517554949119029,6.205602645874023,0.015343389473855495,0.002472505951385237,0.02
40,octanol_dipole,22,0.056142743676900864,0.03422633931040764,0.5804393769626361,0.9586593933609728,6.560318470001221,0.006089478265494108,0.0009282290628633117,0.0
40,octanol_dipole,23,0.14809894561767578,0.024907337501645088,0.5836045256181925,0.9154987105734957,4.781427383422852,0.09168200939893723,0.01917461085298453,0.0
40,octanol_dipole,24,0.15066811442375183,0.030459890142083168,0.582368806067068,0.9096538188326482,5.891792297363281,0.2649078369140625,0.04496218188693025,0.04
40,octanol_dipole,25,0.07234308868646622,0.02931014448404312,0.582454838593482,0.9487398655915733,5.611851215362549,0.015960760414600372,0.0028441168167301885,0.02
40,octanol_dipole,26,0.13092245161533356,0.025870850309729576,0.5860861576817831,0.9148387019997248,5.023411273956299,0.1716025024652481,0.03416055208438045,0.04
40,octanol_dipole,27,0.18046878278255463,0.02860451489686966,0.5860066505722334,0.895242591339195,5.622440814971924,0.28561457991600037,0.050799037164684965,0.04
40,octanol_dipole,28,0.052097756415605545,0.025251038372516632,0.5834614561509563,0.962604527429116,4.854899883270264,0.005800263024866581,0.0011947235090993308,0.02
40,octanol_dipole,29,0.05596253648400307,0.03064129501581192,0.5804945625522222,0.9609962216595238,5.929802417755127,0.008888395503163338,0.0014989362000577852,0.04
40,octanol_dipole,30,0.0855688750743866,0.02930072881281376,0.5840015239219822,0.9671758133114678,5.623606204986572,0.010165231302380562,0.001807600129142548,0.0
40,octanol_dipole,31,0.20960232615470886,0.02922843024134636,0.5816128053316958,0.9161092711118868,5.726224899291992,0.2791163921356201,0.048743525978193925,0.02
40,octanol_dipole,32,0.28672099113464355,0.02699190191924572,0.5842389870317775,0.8875221333742347,5.283810138702393,0.7101606726646423,0.13440313978409618,0.04
40,octanol_dipole,33,0.14887118339538574,0.027360528707504272,0.5846935741586754,0.9357874997072053,5.2798380851745605,0.17646555602550507,0.03342253174789749,0.04
40,octanol_dipole,34,0.257976233959198,0.027050457894802094,0.58487174834516,0.9036747950207946,5.28511381149292,0.5057509541511536,0.09569348403649436,0.1
40,octanol_dipole,35,0.20795749127864838,0.02935965545475483,0.5830451753672998,0.9013097708292968,5.743062496185303,0.2991867661476135,0.05209533525820787,0.04
40,octanol_dipole,36,0.2536725699901581,0.028117040172219276,0.5847214123508475,0.8760837952179998,5.630983829498291,0.826895534992218,0.146847435551221,0.08
40,octanol_dipole,37,0.24755454063415527,0.021214306354522705,0.5847983402054024,0.9299065705132059,4.161022663116455,0.27467820048332214,0.06601218563842143,0.16
40,octanol_dipole,38,0.08865848928689957,0.027440374717116356,0.5821273546775225,0.9688411430776571,5.289439678192139,0.013236847706139088,0.0025025047096601484,0.0
40,octanol_dipole,39,0.02482471987605095,0.019329922273755074,0.582735331874785,0.9592214534665804,3.703526020050049,0.0102061927318573,0.0027558042461706196,0.0
40,octanol_dipole,40,0.08463812619447708,0.0277455672621727,0.5826676415699583,0.9706306868849408,5.312528133392334,0.008002329617738724,0.001506312892244169,0.0
40,octanol_dipole,41,0.041524723172187805,0.01907927356660366,0.5829580558864362,0.9644170085875565,3.621746301651001,0.011650961823761463,0.0032169458745496013,0.02
40,octanol_dipole,42,0.05025770887732506,0.027919145300984383,0.5821989156478891,0.9653992426362572,5.319253921508789,0.010325195267796516,0.0019410983984137025,0.04
40,octanol_dipole,43,0.06836790591478348,0.024511294439435005,0.5827047168731412,0.967853409403183,4.676652908325195,0.010052970610558987,0.0021496080225802262,0.02
40,octanol_dipole,44,0.06687460094690323,0.029237505048513412,0.5804653492452412,0.9586732790716921,5.535175323486328,0.011595604009926319,0.002094893717408545,0.02
40,octanol_dipole,45,0.13411153852939606,0.02830355614423752,0.5836655031941897,0.9208586805560959,5.454104900360107,0.21288606524467468,0.0390322645298991,0.04
40,octanol_dipole,46,0.044833987951278687,0.031495336443185806,0.5826065479541405,0.9639045646918423,6.078502655029297,0.007294276729226112,0.0012000120988992075,0.0
40,octanol_dipole,47,0.06223009154200554,0.03061208315193653,0.5816805279624051,0.9619956274855594,5.858118534088135,0.01639292761683464,0.0027983263775638737,0.0
40,octanol_dipole,48,0.08619221299886703,0.021563563495874405,0.5838461541175022,0.9464478937281939,4.114233493804932,0.036994170397520065,0.008991752765910003,0.0
40,octanol_dipole,49,0.19022274017333984,0.024604761973023415,0.5847247240781202,0.9168605534589218,4.8096537590026855,0.37109506130218506,0.07715629438139308,0.02
40,octanol_dipole,50,0.29018449783325195,0.029661042615771294,0.5817878674993076,0.9004149463927169,5.678755760192871,0.7869316935539246,0.13857466789999742,0.08
40,octanol_dipole,51,0.2933105528354645,0.02661512792110443,0.5839630235054867,0.8993911694993297,5.174655914306641,0.6709877252578735,0.12966808544752875,0.16
40,octanol_dipole,52,0.11940238624811172,0.0260907132178545,0.5815187776224815,0.9349576928634604,4.953570365905762,0.11080143600702286,0.0223679947638662,0.04
40,octanol_dipole,53,0.02447102777659893,0.026303401216864586,0.581712862551395,0.97024811241436,5.004756927490234,0.007729570381343365,0.0015444447139652713,0.0
40,octanol_dipole,54,0.19720147550106049,0.025059020146727562,0.582008909099792,0.9033886952892771,4.8772478103637695,0.34688320755958557,0.07112273582295447,0.02
40,octanol_dipole,55,0.23066119849681854,0.035024989396333694,0.5801070717410728,0.8904339653866788,6.7002410888671875,0.6584675312042236,0.0982751997235298,0.02
40,octanol_dipole,56,0.06087831035256386,0.032597851008176804,0.5828310186060672,0.9663205461532645,6.411458969116211,0.004333891440182924,0.000675960255077532,0.0
40,octanol_dipole,57,0.08418754488229752,0.031664155423641205,0.5824631134459928,0.9649781288273105,6.000076770782471,0.012338778004050255,0.0020564366882994322,0.04
40,octanol_dipole,58,0.24658626317977905,0.031261831521987915,0.5827292284546985,0.9107391651672445,6.106427192687988,0.3855028450489044,0.06313067082999313,0.06
40,octanol_dipole,59,0.11854366958141327,0.032297056168317795,0.5810851304209705,0.9404644162416915,6.199653625488281,0.203759104013443,0.03286620774679086,0.02
40,octanol_dipole,60,0.06102759763598442,0.03949742019176483,0.5959873874949482,0.955111844811593,7.6264190673828125,0.0060862042009830475,0.0007980421934867098,0.02
40,octanol_dipole,61,0.17331050336360931,0.020962676033377647,0.5825318001409496,0.928581530939236,4.076423168182373,0.2720259428024292,0.06673152702243183,0.1
40,octanol_dipole,62,0.11969539523124695,0.025212744250893593,0.583388797023368,0.9319084506608148,4.831204414367676,0.11369363218545914,0.02353318602031037,0.04
40,octanol_dipole,63,0.07381942868232727,0.027372509241104126,0.5834727261299653,0.967895987820973,5.250395774841309,0.008597707375884056,0.0016375351010836738,0.0
40,octanol_dipole,64,0.09349382668733597,0.028667429462075233,0.5854779157374714,0.9438174031228566,5.651503562927246,0.07860139012336731,0.013908049291338502,0.02
40,octanol_dipole,65,0.17486189305782318,0.028233753517270088,0.5819742056724984,0.9109195768499134,5.41531229019165,0.2946721315383911,0.05441461466074794,0.06
40,octanol_dipole,66,0.15424218773841858,0.02357378602027893,0.5827265194746638,0.9091767046164292,4.52313232421875,0.3661094903945923,0.08094158298979853,0.08
40,octanol_dipole,67,0.06176429241895676,0.03640367463231087,0.5868091564488414,0.9725084218506663,6.884537696838379,0.010171127505600452,0.0014773871468917064,0.02
40,octanol_dipole,68,0.17686127126216888,0.028278997167944908,0.5831916392660623,0.9259681348920026,5.478549003601074,0.15106357634067535,0.027573647007881213,0.02
40,octanol_dipole,69,0.049031589180231094,0.029256243258714676,0.5791877599836941,0.9537283039401476,5.66391658782959,0.005220329388976097,0.0009216818976807222,0.02
40,octanol_dipole,70,0.19660045206546783,0.031829893589019775,0.5793816063697395,0.900126799972045,6.038010120391846,0.4988298714160919,0.0826149445711296,0.04
40,octanol_dipole,71,0.06183846294879913,0.025343608111143112,0.5836970450928429,0.9609563540231187,4.871592998504639,0.009458738379180431,0.0019416109642336381,0.0
40,octanol_dipole,72,0.0701863020658493,0.024752268567681313,0.5820962885348249,0.9475281354264753,4.778626441955566,0.054757822304964066,0.01145890413701294,0.0
40,octanol_dipole,73,0.029698293656110764,0.033368226140737534,0.5954923101409619,0.9532060160124287,6.395633697509766,0.005340192466974258,0.0008349747217470477,0.0
40,octanol_dipole,74,0.3071387708187103,0.0276582520455122,0.5828275348982217,0.8834003605420622,5.471950054168701,0.683009922504425,0.12482020408502942,0.1
40,octanol_dipole,75,0.13696549832820892,0.02455044724047184,0.5835233461793639,0.9516760353582414,4.707457542419434,0.07925150543451309,0.016835309659273354,0.04
40,octanol_dipole,76,0.2734919488430023,0.019713813439011574,0.584000807738918,0.8948781601460338,3.8565382957458496,0.5138909816741943,0.13325188090082443,0.18
40,octanol_dipole,77,0.20290599763393402,0.030251068994402885,0.5819835651344512,0.9153769899146098,5.9236273765563965,0.22599810361862183,0.038151978382881015,0.0
40,octanol_dipole,78,0.04106719419360161,0.034885283559560776,0.5782543488500991,0.9679108568766768,6.6367387771606445,0.014769713394343853,0.002225447450963663,0.02
40,octanol_dipole,79,0.12182272225618362,0.03450266271829605,0.585194215650576,0.9291376910485301,6.64833927154541,0.1562463790178299,0.0235015652234472,0.02
40,octanol_dipole,80,0.07450446486473083,0.037476107478141785,0.5818384093660454,0.9565820060989789,7.130425930023193,0.030110467225313187,0.004222814670653937,0.0
40,octanol_dipole,81,0.062094639986753464,0.041837915778160095,0.5907568044248865,0.9672651964661354,7.981256484985352,0.005384306889027357,0.0006746189524364395,0.0
40,octanol_dipole,82,0.030215835198760033,0.04066087305545807,0.5893386877067424,0.9585243156520353,7.7507195472717285,0.00761738745495677,0.0009827974562230302,0.02
40,octanol_dipole,83,0.15723975002765656,0.03242022544145584,0.5817196434254894,0.9512498131648435,6.223142147064209,0.032138925045728683,0.005164420848218989,0.04
40,octanol_dipole,84,0.0722370371222496,0.03325747326016426,0.5799021273177509,0.9653841010471054,6.300633430480957,0.00808359682559967,0.0012829816104668402,0.0
40,octanol_dipole,85,0.08967884629964828,0.028216633945703506,0.5822891132195758,0.95469233985589,5.402710437774658,0.027386950328946114,0.005069113113570199,0.0
40,octanol_dipole,86,0.07850229740142822,0.020606162026524544,0.5826903060324475,0.9621616042373025,3.893387794494629,0.018976565450429916,0.004874049658568142,0.02
40,octanol_dipole,87,0.03413909301161766,0.02690144255757332,0.5855011929515097,0.9563428843047075,5.15744161605835,0.0042223273776471615,0.0008186864131433711,0.02
40,octanol_dipole,88,0.19205886125564575,0.034147754311561584,0.5786192960247394,0.898991703428057,6.650935173034668,0.6705881953239441,0.10082615119190377,0.02
40,octanol_dipole,89,0.2627023160457611,0.02755863405764103,0.5840406766482933,0.8784138053449748,5.376864433288574,0.750785231590271,0.13963253879753837,0.08
40,octanol_dipole,90,0.1417301744222641,0.023620229214429855,0.5827073068855291,0.930917447992178,4.568757057189941,0.13073688745498657,0.02861541680121586,0.02
40,octanol_dipole,91,0.20285888016223907,0.027659956365823746,0.5848502513733795,0.9167345990611622,5.370457172393799,0.3506813049316406,0.06529822204602552,0.08
40,octanol_dipole,92,0.06673925369977951,0.035346679389476776,0.5755451166359304,0.9685609783269649,6.722132682800293,0.007634542882442474,0.0011357322508638867,0.0
40,octanol_dipole,93,0.07174544781446457,0.024545960128307343,0.5826935897325418,0.9576683149261183,4.747347831726074,0.005061043426394463,0.0010660780725970805,0.02
40,octanol_dipole,94,0.04255899041891098,0.029349373653531075,0.5836015060590924,0.9532034126059701,5.568472862243652,0.010399792343378067,0.0018676201897099263,0.02
40,octanol_dipole,95,0.13077563047409058,0.03218875080347061,0.5808850356167283,0.9419024742082565,6.159808158874512,0.04867490753531456,0.00790201679660884,0.0
40,octanol_dipole,96,0.06255748122930527,0.03003515675663948,0.5815686142731868,0.9570792139282869,5.745912551879883,0.009815183468163013,0.0017082027231604478,0.02
40,octanol_dipole,97,0.2637802064418793,0.027996396645903587,0.5828769629653026,0.9004043534511881,5.482938289642334,0.5512531995773315,0.10053974173276556,0.08
40,octanol_dipole,98,0.06000100448727608,0.025697827339172363,0.5833081440882579,0.963601750843265,4.9260077476501465,0.007917363196611404,0.0016072575607271882,0.02
40,octanol_dipole,99,0.19825740158557892,0.03373847156763077,0.5830019758995242,0.9218139287856888,6.418704986572266,0.29458630084991455,0.04589497437040339,0.06
40,octanol_dipole,100,0.060992226004600525,0.02868029475212097,0.5810146041316533,0.9707005767267314,5.477888584136963,0.008648459799587727,0.0015787943961898386,0.0
40,octanol_dipole,101,0.18371464312076569,0.02403758279979229,0.5842284085961262,0.9187912126440485,4.661135196685791,0.31004786491394043,0.06651767259065858,0.02
40,octanol_dipole,102,0.24310122430324554,0.02493034303188324,0.5827834462091948,0.8775979890891241,4.870246410369873,0.5762866735458374,0.11832803209274806,0.04
40,octanol_dipole,103,0.06140712648630142,0.032583389431238174,0.5873163248209317,0.9626704362295773,6.457584381103516,0.007327287923544645,0.0011346793926512362,0.0
40,octanol_dipole,104,0.06760429590940475,0.026902560144662857,0.5819155946848036,0.9575508124860215,5.102468490600586,0.017965612933039665,0.003520964992950897,0.02
40,octanol_dipole,105,0.04330875724554062,0.022246455773711205,0.5839122218730164,0.9605380065721096,4.272650241851807,0.005317851901054382,0.0012446260751616252,0.0
40,octanol_dipole,106,0.1633368879556656,0.031321536749601364,0.585598961347809,0.9283112048676487,6.068771839141846,0.15902209281921387,0.026203340154191786,0.02
40,octanol_dipole,107,0.15084707736968994,0.03219879791140556,0.5831073266383617,0.9168823373577777,6.145763397216797,0.23074740171432495,0.03754576718960942,0.02
40,octanol_dipole,108,0.07014088332653046,0.02831970527768135,0.5815530232530208,0.9710569708867451,5.402904033660889,0.010536033660173416,0.001950068628747128,0.0
40,octanol_dipole,109,0.1394481360912323,0.02103535458445549,0.5840765199451521,0.9272254210735242,4.02283239364624,0.1392250508069992,0.034608712763398906,0.02
40,octanol_dipole,110,0.02587754651904106,0.03782598301768303,0.5895088270689652,0.9618258201538681,7.20358419418335,0.0093577541410923,0.0012990414061722732,0.02
40,octanol_dipole,111,0.05422316864132881,0.0236418005079031,0.581749650286741,0.9632861423772241,4.481996536254883,0.009192676283419132,0.002051022621070665,0.0
40,octanol_dipole,112,0.048971693962812424,0.027841439470648766,0.5815746254306924,0.9559667753819778,5.284987926483154,0.006036656908690929,0.0011422271900454399,0.02
40,octanol_dipole,113,0.07282587140798569,0.03885509818792343,0.5914339697095403,0.9611838195159428,7.897463798522949,0.004961655009537935,0.0006282592913519788,0.04
40,octanol_dipole,114,0.3771594166755676,0.027662061154842377,0.5862566738314983,0.8874520834154751,5.49179744720459,0.8782723546028137,0.15992438960942887,0.14
40,octanol_dipole,115,0.08161637932062149,0.02275298349559307,0.5827558319778947,0.9576441866255978,4.261910915374756,0.00917179137468338,0.0021520373271051566,0.02
40,octanol_dipole,116,0.3287508189678192,0.02722861059010029,0.5854889111833208,0.882392438110652,5.366725921630859,0.7521508932113647,0.1401507929033198,0.14
40,octanol_dipole,117,0.09075547754764557,0.03439667075872421,0.5817769129442008,0.9651657399391784,6.692769527435303,0.007830725982785225,0.0011700277367516032,0.0
40,octanol_dipole,118,0.04128633067011833,0.03542686253786087,0.5849092410612771,0.9607787505085936,6.905780792236328,0.006766348145902157,0.0009798092857956156,0.02
40,octanol_dipole,119,0.14149586856365204,0.0267273411154747,0.5836598336529149,0.9293836145457215,5.144394397735596,0.08416516333818436,0.016360558081478214,0.02
40,octanol_dipole,120,0.08185457438230515,0.03315992280840874,0.5804759470124834,0.9596752172829894,6.271081447601318,0.007434267085045576,0.0011854840583978023,0.02
40,octanol_dipole,121,0.1513536274433136,0.030886827036738396,0.58229614311667,0.9361312682405358,5.987217426300049,0.12589776515960693,0.021027759006475338,0.04
40,octanol_dipole,122,0.17812539637088776,0.028367972001433372,0.5835601950441627,0.92321277925365,5.427624702453613,0.22006641328334808,0.040545620846604374,0.06
40,octanol_dipole,123,0.22897213697433472,0.030333422124385834,0.5828648471205182,0.8978524550239797,5.895394325256348,0.4001520574092865,0.06787536767388105,0.06
40,octanol_dipole,124,0.17628847062587738,0.03236263617873192,0.5835036366295014,0.9191421318284521,6.272217750549316,0.20702582597732544,0.033006798266720615,0.04
40,octanol_dipole,125,0.20881260931491852,0.032373856753110886,0.5837615257418012,0.9106248167620654,6.298855781555176,0.44316402077674866,0.07035627360678073,0.08
40,octanol_dipole,126,0.3141039311885834,0.024596503004431725,0.5836500785024263,0.8889771350523754,4.714056015014648,0.7691177129745483,0.1631541310762635,0.08
40,octanol_dipole,127,0.08047567307949066,0.025889599695801735,0.5828907449119229,0.9425371954669461,4.887837886810303,0.029970534145832062,0.006131654698840715,0.02
40,octanol_dipole,128,0.1849057823419571,0.026997487992048264,0.5839074827397535,0.910385650732439,5.219003677368164,0.37647783756256104,0.07213595943515622,0.0
40,octanol_dipole,129,0.05757153034210205,0.031407274305820465,0.5815301229465211,0.960476405465504,6.141788482666016,0.006517527624964714,0.0010611774800384527,0.02
40,octanol_dipole,130,0.1645100861787796,0.034441325813531876,0.5863444025674684,0.9165469047847319,6.662734508514404,0.25817063450813293,0.038748449931212625,0.04
40,octanol_dipole,131,0.16717952489852905,0.0338897667825222,0.5889567484600626,0.9027405106553865,6.4722137451171875,0.4328020215034485,0.06687078618656035,0.02
40,octanol_dipole,132,0.036730825901031494,0.027058465406298637,0.5825099084956462,0.962849278993565,5.180272579193115,0.006268622353672981,0.00121009507855847,0.02
40,octanol_dipole,133,0.08070537447929382,0.057199329137802124,0.6062310867847003,0.9329919423156294,11.554351806640625,0.341726154088974,0.02957553654308621,0.04
40,octanol_dipole,134,0.041925735771656036,0.022689390927553177,0.5812722496233584,0.9591166637441586,4.293202877044678,0.007405651733279228,0.0017249712965759201,0.02
40,octanol_dipole,135,0.1828516125679016,0.029709238559007645,0.5823281476949282,0.9282062741047508,5.718790054321289,0.40040141344070435,0.07001505731761372,0.0
40,octanol_dipole,136,0.046871233731508255,0.029746755957603455,0.5820788079784862,0.9577089612973504,5.753578186035156,0.0067580509930849075,0.0011745822815943938,0.02
40,octanol_dipole,137,0.035330627113580704,0.026026122272014618,0.5834894517831699,0.9621731453408777,4.982523441314697,0.010993748903274536,0.002206462053367421,0.0
40,octanol_dipole,138,0.06645987927913666,0.029371095821261406,0.5802022589678297,0.9595650504763187,5.580948352813721,0.006858144421130419,0.0012288492900445458,0.0
40,octanol_dipole,139,0.20911599695682526,0.03495213761925697,0.5820377592731174,0.9076873240774892,6.842409133911133,0.3007291257381439,0.04395076644097817,0.04
40,octanol_dipole,140,0.2755948007106781,0.03688599914312363,0.5912070871915067,0.8896963499381227,7.518998622894287,0.9780604243278503,0.1300785481393486,0.1
40,octanol_dipole,141,0.16649501025676727,0.03136413171887398,0.5866604021522668,0.9121666814388458,6.095654487609863,0.23932324349880219,0.03926128752626234,0.04
40,octanol_dipole,142,0.053204141557216644,0.027441399171948433,0.5820771543302561,0.9641477582356195,5.234403610229492,0.006707507651299238,0.0012814272934916382,0.0
40,octanol_dipole,143,0.19545093178749084,0.02869485318660736,0.5834659512179992,0.9233866910726467,5.633444309234619,0.08778439462184906,0.015582721653598058,0.04
40,octanol_dipole,144,0.2381204515695572,0.026924526318907738,0.585214737016436,0.9242312243109769,5.212286472320557,0.3995848596096039,0.0766621063004822,0.08
40,octanol_dipole,145,0.16173876821994781,0.03219377622008324,0.5818593627444864,0.9252911419000354,6.2405619621276855,0.2908063530921936,0.046599385577295795,0.04
40,octanol_dipole,146,0.23563610017299652,0.026697440072894096,0.5837660282193693,0.9128080700880554,5.197913646697998,0.3511095941066742,0.06754817759039118,0.14
40,octanol_dipole,147,0.09391793608665466,0.023434560745954514,0.582916037895681,0.9486554683165922,4.451699733734131,0.02469061315059662,0.00554633390107061,0.02
40,octanol_dipole,148,0.04105094447731972,0.025184432044625282,0.5844510793590045,0.9631542043758083,4.88809871673584,0.010448080487549305,0.0021374528406673207,0.0
40,octanol_dipole,149,0.24676381051540375,0.02311083674430847,0.5820229653484783,0.915931448645398,4.450153350830078,0.4024968445301056,0.09044561227424414,0.08
40,octanol_dipole,150,0.22129759192466736,0.030285296961665154,0.5827605865667556,0.9062999761202588,5.823276996612549,0.302608847618103,0.05196538783817655,0.02
40,octanol_dipole,151,0.0627879947423935,0.023859210312366486,0.582294760963961,0.9522604136468005,4.521755218505859,0.02273658663034439,0.0050282656914492,0.04
40,octanol_dipole,152,0.07637850195169449,0.031976304948329926,0.5839980067733237,0.9637404936060041,6.159811019897461,0.0052171931602060795,0.0008469729255253885,0.02
40,octanol_dipole,153,0.06337359547615051,0.029985612258315086,0.5816173568720238,0.9596005553884428,5.72903299331665,0.007698860019445419,0.0013438323759745704,0.0
40,octanol_dipole,154,0.07223864644765854,0.030511658638715744,0.5829909472699244,0.9644067835893637,5.8658647537231445,0.007659954950213432,0.0013058526358541687,0.0
40,octanol_dipole,155,0.11340731382369995,0.03988901525735855,0.5855732784468706,0.932432528722714,7.621058940887451,0.07517921924591064,0.009864668391759772,0.06
40,octanol_dipole,156,0.07466977834701538,0.023999597877264023,0.5818986563374484,0.954462732638335,4.62141752243042,0.01585422269999981,0.0034305973487680067,0.0
40,octanol_dipole,157,0.10335150361061096,0.026720542460680008,0.583506449506201,0.9552559235701692,5.169626235961914,0.03827839344739914,0.0074044798792454024,0.02
40,octanol_dipole,158,0.19804948568344116,0.02526572346687317,0.5786801809763864,0.9083309821538406,4.806356906890869,0.1953660547733307,0.040647429759790535,0.06
40,octanol_dipole,159,0.1321452558040619,0.03140939772129059,0.5806830122870816,0.9214740645131649,5.961719036102295,0.356798380613327,0.05984823814283569,0.02
40,octanol_dipole,160,0.06107299029827118,0.024723531678318977,0.5830456332680702,0.96488405496409,4.777298450469971,0.014218066819012165,0.0029761730330273694,0.0
40,octanol_dipole,161,0.07479709386825562,0.029511816799640656,0.5803108774533496,0.9615321113430391,5.598429203033447,0.00888793170452118,0.00158757597572286,0.02
40,octanol_dipole,162,0.26498356461524963,0.02993001788854599,0.5834275877163926,0.9255928442888284,5.8354411125183105,0.5388942956924438,0.09234851064410478,0.18
40,octanol_dipole,163,0.10839753597974777,0.027132440358400345,0.5815048748355531,0.9375301011590937,5.227278232574463,0.039591386914253235,0.0075739964763180895,0.02
40,octanol_dipole,164,0.11940732598304749,0.02990366332232952,0.5791581761978966,0.9321009260040973,5.644395351409912,0.046929821372032166,0.008314410747345962,0.0
40,octanol_dipole,165,0.15218381583690643,0.03135960176587105,0.5769880400488245,0.9363742994414845,5.9928765296936035,0.20031312108039856,0.033425204088201016,0.06
40,octanol_dipole,166,0.0338476300239563,0.02394738234579563,0.5837417087190766,0.968001150664686,4.587875843048096,0.01050941739231348,0.00229069350432361,0.0
40,octanol_dipole,167,0.11707279086112976,0.02699766308069229,0.5816845233943848,0.9647000278775579,5.135828018188477,0.015640143305063248,0.0030453012152419938,0.04
40,octanol_dipole,168,0.05788450688123703,0.030320407822728157,0.5874124275441466,0.9612831606923264,5.800992965698242,0.00613652216270566,0.0010578399592951464,0.0
40,octanol_dipole,169,0.0668322741985321,0.028674015775322914,0.5822502605960376,0.9662141404342575,5.520277500152588,0.009186830371618271,0.0016641972022899817,0.02
40,octanol_dipole,170,0.0411459244787693,0.025757644325494766,0.5843790663475441,0.9508780380356683,4.9604034423828125,0.006975056137889624,0.0014061469432694045,0.02
40,octanol_dipole,171,0.120754174888134,0.02620098739862442,0.5838844469639608,0.9285831813605416,5.039119243621826,0.17877157032489777,0.03547674934487304,0.02
40,octanol_dipole,172,0.12757530808448792,0.025255737826228142,0.5821941866621496,0.9371667809381647,4.832571983337402,0.1080036386847496,0.022349100863296747,0.02
40,octanol_dipole,173,0.22573189437389374,0.030025731772184372,0.5829871653674168,0.8941498307608968,5.844067096710205,0.5023921132087708,0.08596617815897115,0.08
40,octanol_dipole,174,0.04500822350382805,0.025937432423233986,0.5840619535908251,0.9563097569962755,4.9702935218811035,0.010787236504256725,0.0021703419439450104,0.0
40,octanol_dipole,175,0.08779080212116241,0.030167853459715843,0.5827698297292154,0.9464628637892241,5.79584264755249,0.024668069556355476,0.004256166196432625,0.0
40,octanol_dipole,176,0.07736413925886154,0.030039707198739052,0.583859146473761,0.9606568595233975,5.785427570343018,0.004830010235309601,0.0008348579558871273,0.02
40,octanol_dipole,177,0.15301021933555603,0.02620532549917698,0.5821129696646403,0.9215504402159247,5.008523464202881,0.15638883411884308,0.03122453857640712,0.04
40,octanol_dipole,178,0.0400230847299099,0.023666903376579285,0.5842992106587015,0.9665586998837377,4.538021564483643,0.009841577149927616,0.0021686933413784773,0.02
40,octanol_dipole,179,0.19259530305862427,0.03028946742415428,0.5828583560720979,0.9119637255007218,5.958420276641846,0.4427660405635834,0.07430930011756832,0.04
40,octanol_dipole,180,0.07875319570302963,0.022405454888939857,0.5844128400069819,0.9627622720762785,4.301530838012695,0.01968199759721756,0.004575579796682483,0.0
40,octanol_dipole,181,0.14869864284992218,0.03072991967201233,0.5831901228616487,0.9242895685766086,5.980665683746338,0.2775016725063324,0.0463997968086561,0.02
40,octanol_dipole,182,0.2519724667072296,0.02989979274570942,0.5829669777269109,0.8954048282286835,5.784618377685547,0.6550672650337219,0.11324295264847141,0.04
40,octanol_dipole,183,0.16884148120880127,0.03204799443483353,0.5810023527286101,0.9182377016159142,6.0744524002075195,0.28302502632141113,0.04659268155788697,0.0
40,octanol_dipole,184,0.12028339505195618,0.034181635826826096,0.5889586707199055,0.9216970325017089,6.518810272216797,0.10874073952436447,0.016681071389332815,0.02
40,octanol_dipole,185,0.05039885267615318,0.036304909735918045,0.5871026858616022,0.9606346655171116,6.886235237121582,0.009062624536454678,0.0013160492234713169,0.0
40,octanol_dipole,186,0.03984430804848671,0.030338063836097717,0.5905934672998208,0.9661062173541295,5.9537034034729,0.008972471579909325,0.0015070404035705783,0.0
40,octanol_dipole,187,0.04710376635193825,0.03711802139878273,0.5807167646359594,0.9529764312276185,6.983722686767578,0.013012307696044445,0.0018632337335930506,0.02
40,octanol_dipole,188,0.12354693561792374,0.0271878931671381,0.5824674787645467,0.938091333171037,5.221561431884766,0.06169596686959267,0.011815616396439292,0.0
40,octanol_dipole,189,0.03969725966453552,0.026440110057592392,0.5860246406942409,0.9425996348798613,5.039494514465332,0.00942160189151764,0.0018695529610110568,0.0
40,octanol_dipole,190,0.048791270703077316,0.029042217880487442,0.5823384277568311,0.9474134553347318,5.558935642242432,0.01061287522315979,0.0019091559798808245,0.0
40,octanol_dipole,191,0.0809362530708313,0.026524098590016365,0.5839501561736467,0.9565508922537782,5.0976104736328125,0.009544108994305134,0.0018722711442295675,0.0
40,octanol_dipole,192,0.02221573516726494,0.020691026002168655,0.5836836097391269,0.9710729993258034,3.9593346118927,0.02409203164279461,0.0060848687985170765,0.02
40,octanol_dipole,193,0.048888567835092545,0.026393737643957138,0.5863678885408783,0.9611623445774633,5.092247486114502,0.004101322032511234,0.000805405087575709,0.0
40,octanol_dipole,194,0.09925719350576401,0.03021126799285412,0.5843850690219132,0.9519374493954311,5.833887577056885,0.03088401071727276,0.005293898846925211,0.02
40,octanol_dipole,195,0.05801674351096153,0.03802017495036125,0.582289476628443,0.9647499294706174,7.148678302764893,0.006750627886503935,0.0009443183201981541,0.02
40,octanol_dipole,196,0.3011622726917267,0.022450953722000122,0.5821630547349397,0.8801887257572865,4.33003568649292,0.6755560636520386,0.15601628082635968,0.06
40,octanol_dipole,197,0.03699670732021332,0.024865316227078438,0.581631417420531,0.9526739360112335,4.794929504394531,0.005884693469852209,0.0012272742413541042,0.02
40,octanol_dipole,198,0.07341953366994858,0.03197905048727989,0.5811087060076539,0.9641585214564701,6.064316749572754,0.008940152823925018,0.0014742226029923113,0.0
40,octanol_dipole,199,0.07319596409797668,0.026146525517106056,0.5834867284379956,0.9496767818229168,4.992338180541992,0.02131909690797329,0.004270363131861949,0.0
40,octanol_dipole,200,0.09221351891756058,0.03996711224317551,0.5935814889482132,0.9449492752415045,7.669267654418945,0.0629858523607254,0.008212759705215617,0.04
40,octanol_dipole,201,0.0784829705953598,0.02853548154234886,0.5820371476967077,0.9579755101256562,5.369236469268799,0.005679964553564787,0.0010578719313396722,0.0
40,octanol_dipole,202,0.19009366631507874,0.02792723849415779,0.5834426769282892,0.9227535451106914,5.374454021453857,0.25974151492118835,0.048328911901440924,0.04
40,octanol_dipole,203,0.2672225832939148,0.03075861744582653,0.584684529513638,0.8886979917922564,6.0473952293396,0.8230686783790588,0.13610300752063484,0.06
40,octanol_dipole,204,0.30725350975990295,0.02067134529352188,0.5856429207259908,0.9010492740022447,3.9831554889678955,0.47708261013031006,0.1197750405304741,0.1
40,octanol_dipole,205,0.07937921583652496,0.025223352015018463,0.5820815211951431,0.9684726793053333,4.846682071685791,0.006868109107017517,0.0014170744037742557,0.0
40,octanol_dipole,206,0.07460618019104004,0.024660376831889153,0.5827797104706074,0.973818783540088,4.703508377075195,0.023744678124785423,0.0050482908121343,0.0
40,octanol_dipole,207,0.16196389496326447,0.026115398854017258,0.5837285982460185,0.9076044560401315,5.042160987854004,0.2720787227153778,0.053960736948063484,0.02
40,octanol_dipole,208,0.3163873851299286,0.028029432520270348,0.5830696834696587,0.8991431182214475,5.547521114349365,0.7457273006439209,0.1344253199352415,0.1
40,octanol_dipole,209,0.07267305254936218,0.029783830046653748,0.5828514490672778,0.9479326734053348,5.716575622558594,0.022680388763546944,0.003967478130446874,0.0
40,octanol_dipole,210,0.24596838653087616,0.02995942533016205,0.5847942254504972,0.8857887455084412,5.806194305419922,0.6259381175041199,0.10780523085833073,0.06
40,octanol_dipole,211,0.06749274581670761,0.03419537842273712,0.5824617463873043,0.9675834226041717,6.589763164520264,0.006513041444122791,0.0009883574388817875,0.0
40,octanol_dipole,212,0.21886521577835083,0.03808945417404175,0.5821328035349553,0.9019441318560284,7.277836322784424,0.7111343145370483,0.09771232588877127,0.06
40,octanol_dipole,213,0.20505595207214355,0.02082035131752491,0.5832034247846554,0.9193802407461811,4.039854526519775,0.26524782180786133,0.06565776566127125,0.02
40,octanol_dipole,214,0.12149524688720703,0.02940351516008377,0.5838789079697304,0.9344757983360812,5.729733943939209,0.1393207311630249,0.02431539274356629,0.02
40,octanol_dipole,215,0.0718732550740242,0.027918711304664612,0.5854053275206601,0.960891693364794,5.380767345428467,0.008470265194773674,0.0015741742117822775,0.0
40,octanol_dipole,216,0.03827131912112236,0.0229222159832716,0.5812992648354265,0.9578116056242052,4.274173259735107,0.02038797363638878,0.004770039115740555,0.0
40,octanol_dipole,217,0.13765574991703033,0.035438600927591324,0.5918299070640018,0.9430829707762212,7.222413539886475,0.1754513829946518,0.02429262489965503,0.08
40,octanol_dipole,218,0.1478000432252884,0.035771552473306656,0.5938679571835375,0.9131524091494709,7.339540958404541,0.3990742564201355,0.05437319018748084,0.06
40,octanol_dipole,219,0.2787065804004669,0.02769072912633419,0.5832224455089472,0.880085414773474,5.381167411804199,0.7981070280075073,0.14831484823474722,0.1
40,octanol_dipole,220,0.05373159795999527,0.02630571834743023,0.5810682304997323,0.9657160715451081,4.974705219268799,0.004761106800287962,0.0009570631003112518,0.0
40,octanol_dipole,221,0.08985581248998642,0.03139950707554817,0.5830785764303523,0.9366713969082185,6.0494866371154785,0.04122466221451759,0.006814571993860023,0.02
40,octanol_dipole,222,0.20637792348861694,0.03757690265774727,0.5783837874967057,0.8927918218060065,7.091947078704834,0.5172277092933655,0.07293169330697039,0.04
40,octanol_dipole,223,0.2876822054386139,0.02840174362063408,0.5791231199148963,0.8832571059829417,5.509512424468994,0.7055679559707642,0.1280635928575416,0.12
40,octanol_dipole,224,0.07318440079689026,0.027405181899666786,0.5850202671922093,0.9671764340421236,5.250889301300049,0.005354185122996569,0.0010196720623439814,0.0
40,octanol_dipole,225,0.06302165240049362,0.017931221053004265,0.5834479062238576,0.959106369827091,3.4003660678863525,0.03414948657155037,0.010042885351099122,0.0
40,octanol_dipole,226,0.11130028963088989,0.02846994623541832,0.5816503360936043,0.9494980408282268,5.442162036895752,0.02949867770075798,0.005420396802000449,0.02
40,octanol_dipole,227,0.051490746438503265,0.03143363445997238,0.582130757897273,0.9603045217632211,5.994100093841553,0.009287586435675621,0.0015494546788128974,0.02
40,octanol_dipole,228,0.028491966426372528,0.023904163390398026,0.5798948648498574,0.9706151946549424,4.529006481170654,0.00724300742149353,0.0015992486324774176,0.04
40,octanol_dipole,229,0.22495006024837494,0.030805785208940506,0.5807935098572239,0.887336770269318,6.0370941162109375,0.5308955311775208,0.08793891911539832,0.04
40,octanol_dipole,230,0.07113168388605118,0.028100337833166122,0.5828257157947558,0.9653296005673533,5.418506145477295,0.009395564906299114,0.0017339769770569294,0.0
40,octanol_dipole,231,0.12334021925926208,0.026492280885577202,0.5845098827061608,0.934610138037671,5.119795322418213,0.07053911685943604,0.013777722041067565,0.02
40,octanol_dipole,232,0.12928913533687592,0.023205719888210297,0.5837398413115478,0.941116883968105,4.470987319946289,0.048396505415439606,0.010824567808441246,0.02
40,octanol_dipole,233,0.052081067115068436,0.02649649977684021,0.5848472258705288,0.970274650887101,5.109408378601074,0.007288747932761908,0.001426534618623991,0.0
40,octanol_dipole,234,0.07955528795719147,0.029616331681609154,0.5785810310508352,0.9577445895022259,5.665953159332275,0.00923787709325552,0.0016304188957227792,0.0
40,octanol_dipole,235,0.24309225380420685,0.034546688199043274,0.5828896896086952,0.8999401795057134,6.570157051086426,1.0120341777801514,0.15403500554264585,0.02
40,octanol_dipole,236,0.23701348900794983,0.02592516504228115,0.5841636943460136,0.8893498409838703,5.053046703338623,0.41114065051078796,0.08136490213699019,0.08
40,octanol_dipole,237,0.07102449238300323,0.026923680678009987,0.5832803292108446,0.9618027110320719,5.214855670928955,0.013595717959105968,0.002607112989703141,0.0
40,octanol_dipole,238,0.1698114275932312,0.03510677069425583,0.5811574634992298,0.9168000054381271,6.744670391082764,0.2654213309288025,0.03935275047387345,0.08
40,octanol_dipole,239,0.2018473595380783,0.03058101050555706,0.58181234574743,0.9144489506391658,5.977453231811523,0.3697792887687683,0.06186234746276772,0.04
40,octanol_dipole,240,0.10571596771478653,0.027549078688025475,0.5838006525562258,0.9472049998924787,5.30731725692749,0.013876242563128471,0.00261454928947694,0.02
40,octanol_dipole,241,0.058334365487098694,0.022607354447245598,0.5836398317070774,0.9607592375630356,4.322031497955322,0.009540652856230736,0.002207446396617945,0.02
40,octanol_dipole,242,0.034799881279468536,0.02915378287434578,0.5831593811475801,0.9653185278871363,5.627496719360352,0.007213035132735968,0.00128174843850568,0.02
40,octanol_dipole,243,0.06947011500597,0.02777208760380745,0.5838924111210855,0.9531187497725955,5.360522270202637,0.006267969496548176,0.0011692833609496852,0.02
40,octanol_dipole,244,0.20416924357414246,0.03290863707661629,0.5770273746228831,0.9000687319329932,6.273480415344238,0.33236604928970337,0.05297953086404364,0.04
40,octanol_dipole,245,0.10818598419427872,0.031047342345118523,0.5825513822477335,0.9359887345525955,5.852777481079102,0.05971922352910042,0.010203569796077354,0.04
40,octanol_dipole,246,0.2645615339279175,0.03460210934281349,0.5805081691945455,0.9047179189149663,6.648523330688477,0.7642056941986084,0.11494367338250318,0.1
40,octanol_dipole,247,0.3060927391052246,0.02569703385233879,0.5839237851829708,0.8820133111010684,5.045145511627197,0.6180902719497681,0.1225118820706555,0.14
40,octanol_dipole,248,0.311350554227829,0.027474574744701385,0.5839582758116628,0.886949656829142,5.267688274383545,0.8082294464111328,0.15343152523688705,0.16
40,octanol_dipole,249,0.06972381472587585,0.02932588942348957,0.5839174526245672,0.9628798907183753,5.644949436187744,0.015444053336977959,0.0027359064082968887,0.0
40,hexane_gsolv_eV,0,0.9999999403953552,0.0,0.6315469262837494,0.6315469262837494,,,,1.0
40,hexane_gsolv_eV,1,0.9999999403953552,0.0,0.6315469262837494,0.6315469262837494,,,,1.0
40,hexane_gsolv_eV,2,0.9999999403953552,0.0,0.6315469262837494,0.6315469262837494,,,,1.0
40,hexane_gsolv_eV,3,0.9999999403953552,0.0,0.6315469262837494,0.6315469262837494,,,,1.0
40,hexane_gsolv_eV,4,0.9999999403953552,0.0,0.6315469262837494,0.6315469262837494,,,,1.0
40,hexane_gsolv_eV,5,0.9999999403953552,0.0,0.6315469262837494,0.6315469262837494,,,,1.0
40,hexane_gsolv_eV,6,0.9999999403953552,0.0,0.6315469262837494,0.6315469262837494,,,,1.0
40,hexane_gsolv_eV,7,0.9999999403953552,0.0,0.6315469262837494,0.6315469262837494,,,,1.0
40,hexane_gsolv_eV,8,0.9999999403953552,0.0,0.6315469262837494,0.6315469262837494,,,,1.0
40,hexane_gsolv_eV,9,0.9999999403953552,0.0,0.6315469262837494,0.6315469262837494,,,,1.0
40,hexane_gsolv_eV,10,0.9999999403953552,0.0,0.6315469262837494,0.6315469262837494,,,,1.0
40,hexane_gsolv_eV,11,0.9999999403953552,0.0,0.6315469262837494,0.6315469262837494,,,,1.0
40,hexane_gsolv_eV,12,0.9999999403953552,0.0,0.6315469262837494,0.6315469262837494,,,,1.0
40,hexane_gsolv_eV,13,0.9999999403953552,0.0,0.6315469262837494,0.6315469262837494,,,,1.0
40,hexane_gsolv_eV,14,0.9999999403953552,0.0,0.6315469262837494,0.6315469262837494,,,,1.0
40,hexane_gsolv_eV,15,0.9999999403953552,0.0,0.6315469262837494,0.6315469262837494,,,,1.0
40,hexane_gsolv_eV,16,0.9999999403953552,0.0,0.6315469262837494,0.6315469262837494,,,,1.0
40,hexane_gsolv_eV,17,0.9999999403953552,0.0,0.6315469262837494,0.6315469262837494,,,,1.0
40,hexane_gsolv_eV,18,0.9999999403953552,0.0,0.6315469262837494,0.6315469262837494,,,,1.0
40,hexane_gsolv_eV,19,0.9999999403953552,0.0,0.6315469262837494,0.6315469262837494,,,,1.0
40,hexane_gsolv_eV,20,0.9999999403953552,0.0,0.6315469262837494,0.6315469262837494,,,,1.0
40,hexane_gsolv_eV,21,0.9999999403953552,0.0,0.6315469262837494,0.6315469262837494,,,,1.0
40,hexane_gsolv_eV,22,0.9999999403953552,0.0,0.6315469262837494,0.6315469262837494,,,,1.0
40,hexane_gsolv_eV,23,0.9999999403953552,0.0,0.6315469262837494,0.6315469262837494,,,,1.0
40,hexane_gsolv_eV,24,0.9999999403953552,0.0,0.6315469262837494,0.6315469262837494,,,,1.0
40,hexane_gsolv_eV,25,0.9999999403953552,0.0,0.6315469262837494,0.6315469262837494,,,,1.0
40,hexane_gsolv_eV,26,0.9999999403953552,0.0,0.6315469262837494,0.6315469262837494,,,,1.0
40,hexane_gsolv_eV,27,0.9999999403953552,0.0,0.6315469262837494,0.6315469262837494,,,,1.0
40,hexane_gsolv_eV,28,0.9999999403953552,0.0,0.6315469262837494,0.6315469262837494,,,,1.0
40,hexane_gsolv_eV,29,0.9999999403953552,0.0,0.6315469262837494,0.6315469262837494,,,,1.0
40,hexane_gsolv_eV,30,0.9999999403953552,0.0,0.6315469262837494,0.6315469262837494,,,,1.0
40,hexane_gsolv_eV,31,0.9999999403953552,0.0,0.6315469262837494,0.6315469262837494,,,,1.0
40,hexane_gsolv_eV,32,0.9999999403953552,0.0,0.6315469262837494,0.6315469262837494,,,,1.0
40,hexane_gsolv_eV,33,0.9999999403953552,0.0,0.6315469262837494,0.6315469262837494,,,,1.0
40,hexane_gsolv_eV,34,0.9999999403953552,0.0,0.6315469262837494,0.6315469262837494,,,,1.0
40,hexane_gsolv_eV,35,0.9999999403953552,0.0,0.6315469262837494,0.6315469262837494,,,,1.0
40,hexane_gsolv_eV,36,0.9999999403953552,0.0,0.6315469262837494,0.6315469262837494,,,,1.0
40,hexane_gsolv_eV,37,0.9999999403953552,0.0,0.6315469262837494,0.6315469262837494,,,,1.0
40,hexane_gsolv_eV,38,0.9999999403953552,0.0,0.6315469262837494,0.6315469262837494,,,,1.0
40,hexane_gsolv_eV,39,0.9999999403953552,0.0,0.6315469262837494,0.6315469262837494,,,,1.0
40,hexane_gsolv_eV,40,0.9999999403953552,0.0,0.6315469262837494,0.6315469262837494,,,,1.0
40,hexane_gsolv_eV,41,0.9999999403953552,0.0,0.6315469262837494,0.6315469262837494,,,,1.0
40,hexane_gsolv_eV,42,0.9999999403953552,0.0,0.6315469262837494,0.6315469262837494,,,,1.0
40,hexane_gsolv_eV,43,0.9999999403953552,0.0,0.6315469262837494,0.6315469262837494,,,,1.0
40,hexane_gsolv_eV,44,0.9999999403953552,0.0,0.6315469262837494,0.6315469262837494,,,,1.0
40,hexane_gsolv_eV,45,0.9999999403953552,0.0,0.6315469262837494,0.6315469262837494,,,,1.0
40,hexane_gsolv_eV,46,0.9999999403953552,0.0,0.6315469262837494,0.6315469262837494,,,,1.0
40,hexane_gsolv_eV,47,0.9999999403953552,0.0,0.6315469262837494,0.6315469262837494,,,,1.0
40,hexane_gsolv_eV,48,0.9999999403953552,0.0,0.6315469262837494,0.6315469262837494,,,,1.0
40,hexane_gsolv_eV,49,0.9999999403953552,0.0,0.6315469262837494,0.6315469262837494,,,,1.0
40,hexane_gsolv_eV,50,0.9999999403953552,0.0,0.6315469262837494,0.6315469262837494,,,,1.0
40,hexane_gsolv_eV,51,0.9999999403953552,0.0,0.6315469262837494,0.6315469262837494,,,,1.0
40,hexane_gsolv_eV,52,0.9999999403953552,0.0,0.6315469262837494,0.6315469262837494,,,,1.0
40,hexane_gsolv_eV,53,0.9999999403953552,0.0,0.6315469262837494,0.6315469262837494,,,,1.0
40,hexane_gsolv_eV,54,0.9999999403953552,0.0,0.6315469262837494,0.6315469262837494,,,,1.0
40,hexane_gsolv_eV,55,0.9999999403953552,0.0,0.6315469262837494,0.6315469262837494,,,,1.0
40,hexane_gsolv_eV,56,0.9999999403953552,0.0,0.6315469262837494,0.6315469262837494,,,,1.0
40,hexane_gsolv_eV,57,0.9999999403953552,0.0,0.6315469262837494,0.6315469262837494,,,,1.0
40,hexane_gsolv_eV,58,0.9999999403953552,0.0,0.6315469262837494,0.6315469262837494,,,,1.0
40,hexane_gsolv_eV,59,0.9999999403953552,0.0,0.6315469262837494,0.6315469262837494,,,,1.0
40,hexane_gsolv_eV,60,0.9999999403953552,0.0,0.6315469262837494,0.6315469262837494,,,,1.0
40,hexane_gsolv_eV,61,0.9999999403953552,0.0,0.6315469262837494,0.6315469262837494,,,,1.0
40,hexane_gsolv_eV,62,0.9999999403953552,0.0,0.6315469262837494,0.6315469262837494,,,,1.0
40,hexane_gsolv_eV,63,0.9999999403953552,0.0,0.6315469262837494,0.6315469262837494,,,,1.0
40,hexane_gsolv_eV,64,0.9999999403953552,0.0,0.6315469262837494,0.6315469262837494,,,,1.0
40,hexane_gsolv_eV,65,0.9999999403953552,0.0,0.6315469262837494,0.6315469262837494,,,,1.0
40,hexane_gsolv_eV,66,0.9999999403953552,0.0,0.6315469262837494,0.6315469262837494,,,,1.0
40,hexane_gsolv_eV,67,0.9999999403953552,0.0,0.6315469262837494,0.6315469262837494,,,,1.0
40,hexane_gsolv_eV,68,0.9999999403953552,0.0,0.6315469262837494,0.6315469262837494,,,,1.0
40,hexane_gsolv_eV,69,0.9999999403953552,0.0,0.6315469262837494,0.6315469262837494,,,,1.0
40,hexane_gsolv_eV,70,0.9999999403953552,0.0,0.6315469262837494,0.6315469262837494,,,,1.0
40,hexane_gsolv_eV,71,0.9999999403953552,0.0,0.6315469262837494,0.6315469262837494,,,,1.0
40,hexane_gsolv_eV,72,0.9999999403953552,0.0,0.6315469262837494,0.6315469262837494,,,,1.0
40,hexane_gsolv_eV,73,0.9999999403953552,0.0,0.6315469262837494,0.6315469262837494,,,,1.0
40,hexane_gsolv_eV,74,0.9999999403953552,0.0,0.6315469262837494,0.6315469262837494,,,,1.0
40,hexane_gsolv_eV,75,0.9999999403953552,0.0,0.6315469262837494,0.6315469262837494,,,,1.0
40,hexane_gsolv_eV,76,0.9999999403953552,0.0,0.6315469262837494,0.6315469262837494,,,,1.0
40,hexane_gsolv_eV,77,0.9999999403953552,0.0,0.6315469262837494,0.6315469262837494,,,,1.0
40,hexane_gsolv_eV,78,0.9999999403953552,0.0,0.6315469262837494,0.6315469262837494,,,,1.0
40,hexane_gsolv_eV,79,0.9999999403953552,0.0,0.6315469262837494,0.6315469262837494,,,,1.0
40,hexane_gsolv_eV,80,0.9999999403953552,0.0,0.6315469262837494,0.6315469262837494,,,,1.0
40,hexane_gsolv_eV,81,0.9999999403953552,0.0,0.6315469262837494,0.6315469262837494,,,,1.0
40,hexane_gsolv_eV,82,0.9999999403953552,0.0,0.6315469262837494,0.6315469262837494,,,,1.0
40,hexane_gsolv_eV,83,0.9999999403953552,0.0,0.6315469262837494,0.6315469262837494,,,,1.0
40,hexane_gsolv_eV,84,0.9999999403953552,0.0,0.6315469262837494,0.6315469262837494,,,,1.0
40,hexane_gsolv_eV,85,0.9999999403953552,0.0,0.6315469262837494,0.6315469262837494,,,,1.0
40,hexane_gsolv_eV,86,0.9999999403953552,0.0,0.6315469262837494,0.6315469262837494,,,,1.0
40,hexane_gsolv_eV,87,0.9999999403953552,0.0,0.6315469262837494,0.6315469262837494,,,,1.0
40,hexane_gsolv_eV,88,0.9999999403953552,0.0,0.6315469262837494,0.6315469262837494,,,,1.0
40,hexane_gsolv_eV,89,0.9999999403953552,0.0,0.6315469262837494,0.6315469262837494,,,,1.0
40,hexane_gsolv_eV,90,0.9999999403953552,0.0,0.6315469262837494,0.6315469262837494,,,,1.0
40,hexane_gsolv_eV,91,0.9999999403953552,0.0,0.6315469262837494,0.6315469262837494,,,,1.0
40,hexane_gsolv_eV,92,0.9999999403953552,0.0,0.6315469262837494,0.6315469262837494,,,,1.0
40,hexane_gsolv_eV,93,0.9999999403953552,0.0,0.6315469262837494,0.6315469262837494,,,,1.0
40,hexane_gsolv_eV,94,0.9999999403953552,0.0,0.6315469262837494,0.6315469262837494,,,,1.0
40,hexane_gsolv_eV,95,0.9999999403953552,0.0,0.6315469262837494,0.6315469262837494,,,,1.0
40,hexane_gsolv_eV,96,0.9999999403953552,0.0,0.6315469262837494,0.6315469262837494,,,,1.0
40,hexane_gsolv_eV,97,0.9999999403953552,0.0,0.6315469262837494,0.6315469262837494,,,,1.0
40,hexane_gsolv_eV,98,0.9999999403953552,0.0,0.6315469262837494,0.6315469262837494,,,,1.0
40,hexane_gsolv_eV,99,0.9999999403953552,0.0,0.6315469262837494,0.6315469262837494,,,,1.0
40,hexane_gsolv_eV,100,0.9999999403953552,0.0,0.6315469262837494,0.6315469262837494,,,,1.0
40,hexane_gsolv_eV,101,0.9999999403953552,0.0,0.6315469262837494,0.6315469262837494,,,,1.0
40,hexane_gsolv_eV,102,0.9999999403953552,0.0,0.6315469262837494,0.6315469262837494,,,,1.0
40,hexane_gsolv_eV,103,0.9999999403953552,0.0,0.6315469262837494,0.6315469262837494,,,,1.0
40,hexane_gsolv_eV,104,0.9999999403953552,0.0,0.6315469262837494,0.6315469262837494,,,,1.0
40,hexane_gsolv_eV,105,0.9999999403953552,0.0,0.6315469262837494,0.6315469262837494,,,,1.0
40,hexane_gsolv_eV,106,0.9999999403953552,0.0,0.6315469262837494,0.6315469262837494,,,,1.0
40,hexane_gsolv_eV,107,0.9999999403953552,0.0,0.6315469262837494,0.6315469262837494,,,,1.0
40,hexane_gsolv_eV,108,0.9999999403953552,0.0,0.6315469262837494,0.6315469262837494,,,,1.0
40,hexane_gsolv_eV,109,0.9999999403953552,0.0,0.6315469262837494,0.6315469262837494,,,,1.0
40,hexane_gsolv_eV,110,0.9999999403953552,0.0,0.6315469262837494,0.6315469262837494,,,,1.0
40,hexane_gsolv_eV,111,0.9999999403953552,0.0,0.6315469262837494,0.6315469262837494,,,,1.0
40,hexane_gsolv_eV,112,0.9999999403953552,0.0,0.6315469262837494,0.6315469262837494,,,,1.0
40,hexane_gsolv_eV,113,0.9999999403953552,0.0,0.6315469262837494,0.6315469262837494,,,,1.0
40,hexane_gsolv_eV,114,0.9999999403953552,0.0,0.6315469262837494,0.6315469262837494,,,,1.0
40,hexane_gsolv_eV,115,0.9999999403953552,0.0,0.6315469262837494,0.6315469262837494,,,,1.0
40,hexane_gsolv_eV,116,0.9999999403953552,0.0,0.6315469262837494,0.6315469262837494,,,,1.0
40,hexane_gsolv_eV,117,0.9999999403953552,0.0,0.6315469262837494,0.6315469262837494,,,,1.0
40,hexane_gsolv_eV,118,0.9999999403953552,0.0,0.6315469262837494,0.6315469262837494,,,,1.0
40,hexane_gsolv_eV,119,0.9999999403953552,0.0,0.6315469262837494,0.6315469262837494,,,,1.0
40,hexane_gsolv_eV,120,0.9999999403953552,0.0,0.6315469262837494,0.6315469262837494,,,,1.0
40,hexane_gsolv_eV,121,0.9999999403953552,0.0,0.6315469262837494,0.6315469262837494,,,,1.0
40,hexane_gsolv_eV,122,0.9999999403953552,0.0,0.6315469262837494,0.6315469262837494,,,,1.0
40,hexane_gsolv_eV,123,0.9999999403953552,0.0,0.6315469262837494,0.6315469262837494,,,,1.0
40,hexane_gsolv_eV,124,0.9999999403953552,0.0,0.6315469262837494,0.6315469262837494,,,,1.0
40,hexane_gsolv_eV,125,0.9999999403953552,0.0,0.6315469262837494,0.6315469262837494,,,,1.0
40,hexane_gsolv_eV,126,0.9999999403953552,0.0,0.6315469262837494,0.6315469262837494,,,,1.0
40,hexane_gsolv_eV,127,0.9999999403953552,0.0,0.6315469262837494,0.6315469262837494,,,,1.0
40,hexane_gsolv_eV,128,0.9999999403953552,0.0,0.6315469262837494,0.6315469262837494,,,,1.0
40,hexane_gsolv_eV,129,0.9999999403953552,0.0,0.6315469262837494,0.6315469262837494,,,,1.0
40,hexane_gsolv_eV,130,0.9999999403953552,0.0,0.6315469262837494,0.6315469262837494,,,,1.0
40,hexane_gsolv_eV,131,0.9999999403953552,0.0,0.6315469262837494,0.6315469262837494,,,,1.0
40,hexane_gsolv_eV,132,0.9999999403953552,0.0,0.6315469262837494,0.6315469262837494,,,,1.0
40,hexane_gsolv_eV,133,0.9999999403953552,0.0,0.6315469262837494,0.6315469262837494,,,,1.0
40,hexane_gsolv_eV,134,0.9999999403953552,0.0,0.6315469262837494,0.6315469262837494,,,,1.0
40,hexane_gsolv_eV,135,0.9999999403953552,0.0,0.6315469262837494,0.6315469262837494,,,,1.0
40,hexane_gsolv_eV,136,0.9999999403953552,0.0,0.6315469262837494,0.6315469262837494,,,,1.0
40,hexane_gsolv_eV,137,0.9999999403953552,0.0,0.6315469262837494,0.6315469262837494,,,,1.0
40,hexane_gsolv_eV,138,0.9999999403953552,0.0,0.6315469262837494,0.6315469262837494,,,,1.0
40,hexane_gsolv_eV,139,0.9999999403953552,0.0,0.6315469262837494,0.6315469262837494,,,,1.0
40,hexane_gsolv_eV,140,0.9999999403953552,0.0,0.6315469262837494,0.6315469262837494,,,,1.0
40,hexane_gsolv_eV,141,0.9999999403953552,0.0,0.6315469262837494,0.6315469262837494,,,,1.0
40,hexane_gsolv_eV,142,0.9999999403953552,0.0,0.6315469262837494,0.6315469262837494,,,,1.0
40,hexane_gsolv_eV,143,0.9999999403953552,0.0,0.6315469262837494,0.6315469262837494,,,,1.0
40,hexane_gsolv_eV,144,0.9999999403953552,0.0,0.6315469262837494,0.6315469262837494,,,,1.0
40,hexane_gsolv_eV,145,0.9999999403953552,0.0,0.6315469262837494,0.6315469262837494,,,,1.0
40,hexane_gsolv_eV,146,0.9999999403953552,0.0,0.6315469262837494,0.6315469262837494,,,,1.0
40,hexane_gsolv_eV,147,0.9999999403953552,0.0,0.6315469262837494,0.6315469262837494,,,,1.0
40,hexane_gsolv_eV,148,0.9999999403953552,0.0,0.6315469262837494,0.6315469262837494,,,,1.0
40,hexane_gsolv_eV,149,0.9999999403953552,0.0,0.6315469262837494,0.6315469262837494,,,,1.0
40,hexane_gsolv_eV,150,0.9999999403953552,0.0,0.6315469262837494,0.6315469262837494,,,,1.0
40,hexane_gsolv_eV,151,0.9999999403953552,0.0,0.6315469262837494,0.6315469262837494,,,,1.0
40,hexane_gsolv_eV,152,0.9999999403953552,0.0,0.6315469262837494,0.6315469262837494,,,,1.0
40,hexane_gsolv_eV,153,0.9999999403953552,0.0,0.6315469262837494,0.6315469262837494,,,,1.0
40,hexane_gsolv_eV,154,0.9999999403953552,0.0,0.6315469262837494,0.6315469262837494,,,,1.0
40,hexane_gsolv_eV,155,0.9999999403953552,0.0,0.6315469262837494,0.6315469262837494,,,,1.0
40,hexane_gsolv_eV,156,0.9999999403953552,0.0,0.6315469262837494,0.6315469262837494,,,,1.0
40,hexane_gsolv_eV,157,0.9999999403953552,0.0,0.6315469262837494,0.6315469262837494,,,,1.0
40,hexane_gsolv_eV,158,0.9999999403953552,0.0,0.6315469262837494,0.6315469262837494,,,,1.0
40,hexane_gsolv_eV,159,0.9999999403953552,0.0,0.6315469262837494,0.6315469262837494,,,,1.0
40,hexane_gsolv_eV,160,0.9999999403953552,0.0,0.6315469262837494,0.6315469262837494,,,,1.0
40,hexane_gsolv_eV,161,0.9999999403953552,0.0,0.6315469262837494,0.6315469262837494,,,,1.0
40,hexane_gsolv_eV,162,0.9999999403953552,0.0,0.6315469262837494,0.6315469262837494,,,,1.0
40,hexane_gsolv_eV,163,0.9999999403953552,0.0,0.6315469262837494,0.6315469262837494,,,,1.0
40,hexane_gsolv_eV,164,0.9999999403953552,0.0,0.6315469262837494,0.6315469262837494,,,,1.0
40,hexane_gsolv_eV,165,0.9999999403953552,0.0,0.6315469262837494,0.6315469262837494,,,,1.0
40,hexane_gsolv_eV,166,0.9999999403953552,0.0,0.6315469262837494,0.6315469262837494,,,,1.0
40,hexane_gsolv_eV,167,0.9999999403953552,0.0,0.6315469262837494,0.6315469262837494,,,,1.0
40,hexane_gsolv_eV,168,0.9999999403953552,0.0,0.6315469262837494,0.6315469262837494,,,,1.0
40,hexane_gsolv_eV,169,0.9999999403953552,0.0,0.6315469262837494,0.6315469262837494,,,,1.0
40,hexane_gsolv_eV,170,0.9999999403953552,0.0,0.6315469262837494,0.6315469262837494,,,,1.0
40,hexane_gsolv_eV,171,0.9999999403953552,0.0,0.6315469262837494,0.6315469262837494,,,,1.0
40,hexane_gsolv_eV,172,0.9999999403953552,0.0,0.6315469262837494,0.6315469262837494,,,,1.0
40,hexane_gsolv_eV,173,0.9999999403953552,0.0,0.6315469262837494,0.6315469262837494,,,,1.0
40,hexane_gsolv_eV,174,0.9999999403953552,0.0,0.6315469262837494,0.6315469262837494,,,,1.0
40,hexane_gsolv_eV,175,0.9999999403953552,0.0,0.6315469262837494,0.6315469262837494,,,,1.0
40,hexane_gsolv_eV,176,0.9999999403953552,0.0,0.6315469262837494,0.6315469262837494,,,,1.0
40,hexane_gsolv_eV,177,0.9999999403953552,0.0,0.6315469262837494,0.6315469262837494,,,,1.0
40,hexane_gsolv_eV,178,0.9999999403953552,0.0,0.6315469262837494,0.6315469262837494,,,,1.0
40,hexane_gsolv_eV,179,0.9999999403953552,0.0,0.6315469262837494,0.6315469262837494,,,,1.0
40,hexane_gsolv_eV,180,0.9999999403953552,0.0,0.6315469262837494,0.6315469262837494,,,,1.0
40,hexane_gsolv_eV,181,0.9999999403953552,0.0,0.6315469262837494,0.6315469262837494,,,,1.0
40,hexane_gsolv_eV,182,0.9999999403953552,0.0,0.6315469262837494,0.6315469262837494,,,,1.0
40,hexane_gsolv_eV,183,0.9999999403953552,0.0,0.6315469262837494,0.6315469262837494,,,,1.0
40,hexane_gsolv_eV,184,0.9999999403953552,0.0,0.6315469262837494,0.6315469262837494,,,,1.0
40,hexane_gsolv_eV,185,0.9999999403953552,0.0,0.6315469262837494,0.6315469262837494,,,,1.0
40,hexane_gsolv_eV,186,0.9999999403953552,0.0,0.6315469262837494,0.6315469262837494,,,,1.0
40,hexane_gsolv_eV,187,0.9999999403953552,0.0,0.6315469262837494,0.6315469262837494,,,,1.0
40,hexane_gsolv_eV,188,0.9999999403953552,0.0,0.6315469262837494,0.6315469262837494,,,,1.0
40,hexane_gsolv_eV,189,0.9999999403953552,0.0,0.6315469262837494,0.6315469262837494,,,,1.0
40,hexane_gsolv_eV,190,0.9999999403953552,0.0,0.6315469262837494,0.6315469262837494,,,,1.0
40,hexane_gsolv_eV,191,0.9999999403953552,0.0,0.6315469262837494,0.6315469262837494,,,,1.0
40,hexane_gsolv_eV,192,0.9999999403953552,0.0,0.6315469262837494,0.6315469262837494,,,,1.0
40,hexane_gsolv_eV,193,0.9999999403953552,0.0,0.6315469262837494,0.6315469262837494,,,,1.0
40,hexane_gsolv_eV,194,0.9999999403953552,0.0,0.6315469262837494,0.6315469262837494,,,,1.0
40,hexane_gsolv_eV,195,0.9999999403953552,0.0,0.6315469262837494,0.6315469262837494,,,,1.0
40,hexane_gsolv_eV,196,0.9999999403953552,0.0,0.6315469262837494,0.6315469262837494,,,,1.0
40,hexane_gsolv_eV,197,0.9999999403953552,0.0,0.6315469262837494,0.6315469262837494,,,,1.0
40,hexane_gsolv_eV,198,0.9999999403953552,0.0,0.6315469262837494,0.6315469262837494,,,,1.0
40,hexane_gsolv_eV,199,0.9999999403953552,0.0,0.6315469262837494,0.6315469262837494,,,,1.0
40,hexane_gsolv_eV,200,0.9999999403953552,0.0,0.6315469262837494,0.6315469262837494,,,,1.0
40,hexane_gsolv_eV,201,0.9999999403953552,0.0,0.6315469262837494,0.6315469262837494,,,,1.0
40,hexane_gsolv_eV,202,0.9999999403953552,0.0,0.6315469262837494,0.6315469262837494,,,,1.0
40,hexane_gsolv_eV,203,0.9999999403953552,0.0,0.6315469262837494,0.6315469262837494,,,,1.0
40,hexane_gsolv_eV,204,0.9999999403953552,0.0,0.6315469262837494,0.6315469262837494,,,,1.0
40,hexane_gsolv_eV,205,0.9999999403953552,0.0,0.6315469262837494,0.6315469262837494,,,,1.0
40,hexane_gsolv_eV,206,0.9999999403953552,0.0,0.6315469262837494,0.6315469262837494,,,,1.0
40,hexane_gsolv_eV,207,0.9999999403953552,0.0,0.6315469262837494,0.6315469262837494,,,,1.0
40,hexane_gsolv_eV,208,0.9999999403953552,0.0,0.6315469262837494,0.6315469262837494,,,,1.0
40,hexane_gsolv_eV,209,0.9999999403953552,0.0,0.6315469262837494,0.6315469262837494,,,,1.0
40,hexane_gsolv_eV,210,0.9999999403953552,0.0,0.6315469262837494,0.6315469262837494,,,,1.0
40,hexane_gsolv_eV,211,0.9999999403953552,0.0,0.6315469262837494,0.6315469262837494,,,,1.0
40,hexane_gsolv_eV,212,0.9999999403953552,0.0,0.6315469262837494,0.6315469262837494,,,,1.0
40,hexane_gsolv_eV,213,0.9999999403953552,0.0,0.6315469262837494,0.6315469262837494,,,,1.0
40,hexane_gsolv_eV,214,0.9999999403953552,0.0,0.6315469262837494,0.6315469262837494,,,,1.0
40,hexane_gsolv_eV,215,0.9999999403953552,0.0,0.6315469262837494,0.6315469262837494,,,,1.0
40,hexane_gsolv_eV,216,0.9999999403953552,0.0,0.6315469262837494,0.6315469262837494,,,,1.0
40,hexane_gsolv_eV,217,0.9999999403953552,0.0,0.6315469262837494,0.6315469262837494,,,,1.0
40,hexane_gsolv_eV,218,0.9999999403953552,0.0,0.6315469262837494,0.6315469262837494,,,,1.0
40,hexane_gsolv_eV,219,0.9999999403953552,0.0,0.6315469262837494,0.6315469262837494,,,,1.0
40,hexane_gsolv_eV,220,0.9999999403953552,0.0,0.6315469262837494,0.6315469262837494,,,,1.0
40,hexane_gsolv_eV,221,0.9999999403953552,0.0,0.6315469262837494,0.6315469262837494,,,,1.0
40,hexane_gsolv_eV,222,0.9999999403953552,0.0,0.6315469262837494,0.6315469262837494,,,,1.0
40,hexane_gsolv_eV,223,0.9999999403953552,0.0,0.6315469262837494,0.6315469262837494,,,,1.0
40,hexane_gsolv_eV,224,0.9999999403953552,0.0,0.6315469262837494,0.6315469262837494,,,,1.0
40,hexane_gsolv_eV,225,0.9999999403953552,0.0,0.6315469262837494,0.6315469262837494,,,,1.0
40,hexane_gsolv_eV,226,0.9999999403953552,0.0,0.6315469262837494,0.6315469262837494,,,,1.0
40,hexane_gsolv_eV,227,0.9999999403953552,0.0,0.6315469262837494,0.6315469262837494,,,,1.0
40,hexane_gsolv_eV,228,0.9999999403953552,0.0,0.6315469262837494,0.6315469262837494,,,,1.0
40,hexane_gsolv_eV,229,0.9999999403953552,0.0,0.6315469262837494,0.6315469262837494,,,,1.0
40,hexane_gsolv_eV,230,0.9999999403953552,0.0,0.6315469262837494,0.6315469262837494,,,,1.0
40,hexane_gsolv_eV,231,0.9999999403953552,0.0,0.6315469262837494,0.6315469262837494,,,,1.0
40,hexane_gsolv_eV,232,0.9999999403953552,0.0,0.6315469262837494,0.6315469262837494,,,,1.0
40,hexane_gsolv_eV,233,0.9999999403953552,0.0,0.6315469262837494,0.6315469262837494,,,,1.0
40,hexane_gsolv_eV,234,0.9999999403953552,0.0,0.6315469262837494,0.6315469262837494,,,,1.0
40,hexane_gsolv_eV,235,0.9999999403953552,0.0,0.6315469262837494,0.6315469262837494,,,,1.0
40,hexane_gsolv_eV,236,0.9999999403953552,0.0,0.6315469262837494,0.6315469262837494,,,,1.0
40,hexane_gsolv_eV,237,0.9999999403953552,0.0,0.6315469262837494,0.6315469262837494,,,,1.0
40,hexane_gsolv_eV,238,0.9999999403953552,0.0,0.6315469262837494,0.6315469262837494,,,,1.0
40,hexane_gsolv_eV,239,0.9999999403953552,0.0,0.6315469262837494,0.6315469262837494,,,,1.0
40,hexane_gsolv_eV,240,0.9999999403953552,0.0,0.6315469262837494,0.6315469262837494,,,,1.0
40,hexane_gsolv_eV,241,0.9999999403953552,0.0,0.6315469262837494,0.6315469262837494,,,,1.0
40,hexane_gsolv_eV,242,0.9999999403953552,0.0,0.6315469262837494,0.6315469262837494,,,,1.0
40,hexane_gsolv_eV,243,0.9999999403953552,0.0,0.6315469262837494,0.6315469262837494,,,,1.0
40,hexane_gsolv_eV,244,0.9999999403953552,0.0,0.6315469262837494,0.6315469262837494,,,,1.0
40,hexane_gsolv_eV,245,0.9999999403953552,0.0,0.6315469262837494,0.6315469262837494,,,,1.0
40,hexane_gsolv_eV,246,0.9999999403953552,0.0,0.6315469262837494,0.6315469262837494,,,,1.0
40,hexane_gsolv_eV,247,0.9999999403953552,0.0,0.6315469262837494,0.6315469262837494,,,,1.0
40,hexane_gsolv_eV,248,0.9999999403953552,0.0,0.6315469262837494,0.6315469262837494,,,,1.0
40,hexane_gsolv_eV,249,0.9999999403953552,0.0,0.6315469262837494,0.6315469262837494,,,,1.0
40,hexane_hl_gap_eV,0,1.0000001192092896,0.0,0.7087745121861355,0.7087745121861355,,,,1.0
40,hexane_hl_gap_eV,1,1.0000001192092896,0.0,0.7087745121861355,0.7087745121861355,,,,1.0
40,hexane_hl_gap_eV,2,1.0000001192092896,0.0,0.7087745121861355,0.7087745121861355,,,,1.0
40,hexane_hl_gap_eV,3,1.0000001192092896,0.0,0.7087745121861355,0.7087745121861355,,,,1.0
40,hexane_hl_gap_eV,4,1.0000001192092896,0.0,0.7087745121861355,0.7087745121861355,,,,1.0
40,hexane_hl_gap_eV,5,1.0000001192092896,0.0,0.7087745121861355,0.7087745121861355,,,,1.0
40,hexane_hl_gap_eV,6,1.0000001192092896,0.0,0.7087745121861355,0.7087745121861355,,,,1.0
40,hexane_hl_gap_eV,7,1.0000001192092896,0.0,0.7087745121861355,0.7087745121861355,,,,1.0
40,hexane_hl_gap_eV,8,1.0000001192092896,0.0,0.7087745121861355,0.7087745121861355,,,,1.0
40,hexane_hl_gap_eV,9,1.0000001192092896,0.0,0.7087745121861355,0.7087745121861355,,,,1.0
40,hexane_hl_gap_eV,10,1.0000001192092896,0.0,0.7087745121861355,0.7087745121861355,,,,1.0
40,hexane_hl_gap_eV,11,1.0000001192092896,0.0,0.7087745121861355,0.7087745121861355,,,,1.0
40,hexane_hl_gap_eV,12,1.0000001192092896,0.0,0.7087745121861355,0.7087745121861355,,,,1.0
40,hexane_hl_gap_eV,13,1.0000001192092896,0.0,0.7087745121861355,0.7087745121861355,,,,1.0
40,hexane_hl_gap_eV,14,1.0000001192092896,0.0,0.7087745121861355,0.7087745121861355,,,,1.0
40,hexane_hl_gap_eV,15,1.0000001192092896,0.0,0.7087745121861355,0.7087745121861355,,,,1.0
40,hexane_hl_gap_eV,16,1.0000001192092896,0.0,0.7087745121861355,0.7087745121861355,,,,1.0
40,hexane_hl_gap_eV,17,1.0000001192092896,0.0,0.7087745121861355,0.7087745121861355,,,,1.0
40,hexane_hl_gap_eV,18,1.0000001192092896,0.0,0.7087745121861355,0.7087745121861355,,,,1.0
40,hexane_hl_gap_eV,19,1.0000001192092896,0.0,0.7087745121861355,0.7087745121861355,,,,1.0
40,hexane_hl_gap_eV,20,1.0000001192092896,0.0,0.7087745121861355,0.7087745121861355,,,,1.0
40,hexane_hl_gap_eV,21,1.0000001192092896,0.0,0.7087745121861355,0.7087745121861355,,,,1.0
40,hexane_hl_gap_eV,22,1.0000001192092896,0.0,0.7087745121861355,0.7087745121861355,,,,1.0
40,hexane_hl_gap_eV,23,1.0000001192092896,0.0,0.7087745121861355,0.7087745121861355,,,,1.0
40,hexane_hl_gap_eV,24,1.0000001192092896,0.0,0.7087745121861355,0.7087745121861355,,,,1.0
40,hexane_hl_gap_eV,25,1.0000001192092896,0.0,0.7087745121861355,0.7087745121861355,,,,1.0
40,hexane_hl_gap_eV,26,1.0000001192092896,0.0,0.7087745121861355,0.7087745121861355,,,,1.0
40,hexane_hl_gap_eV,27,1.0000001192092896,0.0,0.7087745121861355,0.7087745121861355,,,,1.0
40,hexane_hl_gap_eV,28,1.0000001192092896,0.0,0.7087745121861355,0.7087745121861355,,,,1.0
40,hexane_hl_gap_eV,29,1.0000001192092896,0.0,0.7087745121861355,0.7087745121861355,,,,1.0
40,hexane_hl_gap_eV,30,1.0000001192092896,0.0,0.7087745121861355,0.7087745121861355,,,,1.0
40,hexane_hl_gap_eV,31,1.0000001192092896,0.0,0.7087745121861355,0.7087745121861355,,,,1.0
40,hexane_hl_gap_eV,32,1.0000001192092896,0.0,0.7087745121861355,0.7087745121861355,,,,1.0
40,hexane_hl_gap_eV,33,1.0000001192092896,0.0,0.7087745121861355,0.7087745121861355,,,,1.0
40,hexane_hl_gap_eV,34,1.0000001192092896,0.0,0.7087745121861355,0.7087745121861355,,,,1.0
40,hexane_hl_gap_eV,35,1.0000001192092896,0.0,0.7087745121861355,0.7087745121861355,,,,1.0
40,hexane_hl_gap_eV,36,1.0000001192092896,0.0,0.7087745121861355,0.7087745121861355,,,,1.0
40,hexane_hl_gap_eV,37,1.0000001192092896,0.0,0.7087745121861355,0.7087745121861355,,,,1.0
40,hexane_hl_gap_eV,38,1.0000001192092896,0.0,0.7087745121861355,0.7087745121861355,,,,1.0
40,hexane_hl_gap_eV,39,1.0000001192092896,0.0,0.7087745121861355,0.7087745121861355,,,,1.0
40,hexane_hl_gap_eV,40,1.0000001192092896,0.0,0.7087745121861355,0.7087745121861355,,,,1.0
40,hexane_hl_gap_eV,41,1.0000001192092896,0.0,0.7087745121861355,0.7087745121861355,,,,1.0
40,hexane_hl_gap_eV,42,1.0000001192092896,0.0,0.7087745121861355,0.7087745121861355,,,,1.0
40,hexane_hl_gap_eV,43,1.0000001192092896,0.0,0.7087745121861355,0.7087745121861355,,,,1.0
40,hexane_hl_gap_eV,44,1.0000001192092896,0.0,0.7087745121861355,0.7087745121861355,,,,1.0
40,hexane_hl_gap_eV,45,1.0000001192092896,0.0,0.7087745121861355,0.7087745121861355,,,,1.0
40,hexane_hl_gap_eV,46,1.0000001192092896,0.0,0.7087745121861355,0.7087745121861355,,,,1.0
40,hexane_hl_gap_eV,47,1.0000001192092896,0.0,0.7087745121861355,0.7087745121861355,,,,1.0
40,hexane_hl_gap_eV,48,1.0000001192092896,0.0,0.7087745121861355,0.7087745121861355,,,,1.0
40,hexane_hl_gap_eV,49,1.0000001192092896,0.0,0.7087745121861355,0.7087745121861355,,,,1.0
40,hexane_hl_gap_eV,50,1.0000001192092896,0.0,0.7087745121861355,0.7087745121861355,,,,1.0
40,hexane_hl_gap_eV,51,1.0000001192092896,0.0,0.7087745121861355,0.7087745121861355,,,,1.0
40,hexane_hl_gap_eV,52,1.0000001192092896,0.0,0.7087745121861355,0.7087745121861355,,,,1.0
40,hexane_hl_gap_eV,53,1.0000001192092896,0.0,0.7087745121861355,0.7087745121861355,,,,1.0
40,hexane_hl_gap_eV,54,1.0000001192092896,0.0,0.7087745121861355,0.7087745121861355,,,,1.0
40,hexane_hl_gap_eV,55,1.0000001192092896,0.0,0.7087745121861355,0.7087745121861355,,,,1.0
40,hexane_hl_gap_eV,56,1.0000001192092896,0.0,0.7087745121861355,0.7087745121861355,,,,1.0
40,hexane_hl_gap_eV,57,1.0000001192092896,0.0,0.7087745121861355,0.7087745121861355,,,,1.0
40,hexane_hl_gap_eV,58,1.0000001192092896,0.0,0.7087745121861355,0.7087745121861355,,,,1.0
40,hexane_hl_gap_eV,59,1.0000001192092896,0.0,0.7087745121861355,0.7087745121861355,,,,1.0
40,hexane_hl_gap_eV,60,1.0000001192092896,0.0,0.7087745121861355,0.7087745121861355,,,,1.0
40,hexane_hl_gap_eV,61,1.0000001192092896,0.0,0.7087745121861355,0.7087745121861355,,,,1.0
40,hexane_hl_gap_eV,62,1.0000001192092896,0.0,0.7087745121861355,0.7087745121861355,,,,1.0
40,hexane_hl_gap_eV,63,1.0000001192092896,0.0,0.7087745121861355,0.7087745121861355,,,,1.0
40,hexane_hl_gap_eV,64,1.0000001192092896,0.0,0.7087745121861355,0.7087745121861355,,,,1.0
40,hexane_hl_gap_eV,65,1.0000001192092896,0.0,0.7087745121861355,0.7087745121861355,,,,1.0
40,hexane_hl_gap_eV,66,1.0000001192092896,0.0,0.7087745121861355,0.7087745121861355,,,,1.0
40,hexane_hl_gap_eV,67,1.0000001192092896,0.0,0.7087745121861355,0.7087745121861355,,,,1.0
40,hexane_hl_gap_eV,68,1.0000001192092896,0.0,0.7087745121861355,0.7087745121861355,,,,1.0
40,hexane_hl_gap_eV,69,1.0000001192092896,0.0,0.7087745121861355,0.7087745121861355,,,,1.0
40,hexane_hl_gap_eV,70,1.0000001192092896,0.0,0.7087745121861355,0.7087745121861355,,,,1.0
40,hexane_hl_gap_eV,71,1.0000001192092896,0.0,0.7087745121861355,0.7087745121861355,,,,1.0
40,hexane_hl_gap_eV,72,1.0000001192092896,0.0,0.7087745121861355,0.7087745121861355,,,,1.0
40,hexane_hl_gap_eV,73,1.0000001192092896,0.0,0.7087745121861355,0.7087745121861355,,,,1.0
40,hexane_hl_gap_eV,74,1.0000001192092896,0.0,0.7087745121861355,0.7087745121861355,,,,1.0
40,hexane_hl_gap_eV,75,1.0000001192092896,0.0,0.7087745121861355,0.7087745121861355,,,,1.0
40,hexane_hl_gap_eV,76,1.0000001192092896,0.0,0.7087745121861355,0.7087745121861355,,,,1.0
40,hexane_hl_gap_eV,77,1.0000001192092896,0.0,0.7087745121861355,0.7087745121861355,,,,1.0
40,hexane_hl_gap_eV,78,1.0000001192092896,0.0,0.7087745121861355,0.7087745121861355,,,,1.0
40,hexane_hl_gap_eV,79,1.0000001192092896,0.0,0.7087745121861355,0.7087745121861355,,,,1.0
40,hexane_hl_gap_eV,80,1.0000001192092896,0.0,0.7087745121861355,0.7087745121861355,,,,1.0
40,hexane_hl_gap_eV,81,1.0000001192092896,0.0,0.7087745121861355,0.7087745121861355,,,,1.0
40,hexane_hl_gap_eV,82,1.0000001192092896,0.0,0.7087745121861355,0.7087745121861355,,,,1.0
40,hexane_hl_gap_eV,83,1.0000001192092896,0.0,0.7087745121861355,0.7087745121861355,,,,1.0
40,hexane_hl_gap_eV,84,1.0000001192092896,0.0,0.7087745121861355,0.7087745121861355,,,,1.0
40,hexane_hl_gap_eV,85,1.0000001192092896,0.0,0.7087745121861355,0.7087745121861355,,,,1.0
40,hexane_hl_gap_eV,86,1.0000001192092896,0.0,0.7087745121861355,0.7087745121861355,,,,1.0
40,hexane_hl_gap_eV,87,1.0000001192092896,0.0,0.7087745121861355,0.7087745121861355,,,,1.0
40,hexane_hl_gap_eV,88,1.0000001192092896,0.0,0.7087745121861355,0.7087745121861355,,,,1.0
40,hexane_hl_gap_eV,89,1.0000001192092896,0.0,0.7087745121861355,0.7087745121861355,,,,1.0
40,hexane_hl_gap_eV,90,1.0000001192092896,0.0,0.7087745121861355,0.7087745121861355,,,,1.0
40,hexane_hl_gap_eV,91,1.0000001192092896,0.0,0.7087745121861355,0.7087745121861355,,,,1.0
40,hexane_hl_gap_eV,92,1.0000001192092896,0.0,0.7087745121861355,0.7087745121861355,,,,1.0
40,hexane_hl_gap_eV,93,1.0000001192092896,0.0,0.7087745121861355,0.7087745121861355,,,,1.0
40,hexane_hl_gap_eV,94,1.0000001192092896,0.0,0.7087745121861355,0.7087745121861355,,,,1.0
40,hexane_hl_gap_eV,95,1.0000001192092896,0.0,0.7087745121861355,0.7087745121861355,,,,1.0
40,hexane_hl_gap_eV,96,1.0000001192092896,0.0,0.7087745121861355,0.7087745121861355,,,,1.0
40,hexane_hl_gap_eV,97,1.0000001192092896,0.0,0.7087745121861355,0.7087745121861355,,,,1.0
40,hexane_hl_gap_eV,98,1.0000001192092896,0.0,0.7087745121861355,0.7087745121861355,,,,1.0
40,hexane_hl_gap_eV,99,1.0000001192092896,0.0,0.7087745121861355,0.7087745121861355,,,,1.0
40,hexane_hl_gap_eV,100,1.0000001192092896,0.0,0.7087745121861355,0.7087745121861355,,,,1.0
40,hexane_hl_gap_eV,101,1.0000001192092896,0.0,0.7087745121861355,0.7087745121861355,,,,1.0
40,hexane_hl_gap_eV,102,1.0000001192092896,0.0,0.7087745121861355,0.7087745121861355,,,,1.0
40,hexane_hl_gap_eV,103,1.0000001192092896,0.0,0.7087745121861355,0.7087745121861355,,,,1.0
40,hexane_hl_gap_eV,104,1.0000001192092896,0.0,0.7087745121861355,0.7087745121861355,,,,1.0
40,hexane_hl_gap_eV,105,1.0000001192092896,0.0,0.7087745121861355,0.7087745121861355,,,,1.0
40,hexane_hl_gap_eV,106,1.0000001192092896,0.0,0.7087745121861355,0.7087745121861355,,,,1.0
40,hexane_hl_gap_eV,107,1.0000001192092896,0.0,0.7087745121861355,0.7087745121861355,,,,1.0
40,hexane_hl_gap_eV,108,1.0000001192092896,0.0,0.7087745121861355,0.7087745121861355,,,,1.0
40,hexane_hl_gap_eV,109,1.0000001192092896,0.0,0.7087745121861355,0.7087745121861355,,,,1.0
40,hexane_hl_gap_eV,110,1.0000001192092896,0.0,0.7087745121861355,0.7087745121861355,,,,1.0
40,hexane_hl_gap_eV,111,1.0000001192092896,0.0,0.7087745121861355,0.7087745121861355,,,,1.0
40,hexane_hl_gap_eV,112,1.0000001192092896,0.0,0.7087745121861355,0.7087745121861355,,,,1.0
40,hexane_hl_gap_eV,113,1.0000001192092896,0.0,0.7087745121861355,0.7087745121861355,,,,1.0
40,hexane_hl_gap_eV,114,1.0000001192092896,0.0,0.7087745121861355,0.7087745121861355,,,,1.0
40,hexane_hl_gap_eV,115,1.0000001192092896,0.0,0.7087745121861355,0.7087745121861355,,,,1.0
40,hexane_hl_gap_eV,116,1.0000001192092896,0.0,0.7087745121861355,0.7087745121861355,,,,1.0
40,hexane_hl_gap_eV,117,1.0000001192092896,0.0,0.7087745121861355,0.7087745121861355,,,,1.0
40,hexane_hl_gap_eV,118,1.0000001192092896,0.0,0.7087745121861355,0.7087745121861355,,,,1.0
40,hexane_hl_gap_eV,119,1.0000001192092896,0.0,0.7087745121861355,0.7087745121861355,,,,1.0
40,hexane_hl_gap_eV,120,1.0000001192092896,0.0,0.7087745121861355,0.7087745121861355,,,,1.0
40,hexane_hl_gap_eV,121,1.0000001192092896,0.0,0.7087745121861355,0.7087745121861355,,,,1.0
40,hexane_hl_gap_eV,122,1.0000001192092896,0.0,0.7087745121861355,0.7087745121861355,,,,1.0
40,hexane_hl_gap_eV,123,1.0000001192092896,0.0,0.7087745121861355,0.7087745121861355,,,,1.0
40,hexane_hl_gap_eV,124,1.0000001192092896,0.0,0.7087745121861355,0.7087745121861355,,,,1.0
40,hexane_hl_gap_eV,125,1.0000001192092896,0.0,0.7087745121861355,0.7087745121861355,,,,1.0
40,hexane_hl_gap_eV,126,1.0000001192092896,0.0,0.7087745121861355,0.7087745121861355,,,,1.0
40,hexane_hl_gap_eV,127,1.0000001192092896,0.0,0.7087745121861355,0.7087745121861355,,,,1.0
40,hexane_hl_gap_eV,128,1.0000001192092896,0.0,0.7087745121861355,0.7087745121861355,,,,1.0
40,hexane_hl_gap_eV,129,1.0000001192092896,0.0,0.7087745121861355,0.7087745121861355,,,,1.0
40,hexane_hl_gap_eV,130,1.0000001192092896,0.0,0.7087745121861355,0.7087745121861355,,,,1.0
40,hexane_hl_gap_eV,131,1.0000001192092896,0.0,0.7087745121861355,0.7087745121861355,,,,1.0
40,hexane_hl_gap_eV,132,1.0000001192092896,0.0,0.7087745121861355,0.7087745121861355,,,,1.0
40,hexane_hl_gap_eV,133,1.0000001192092896,0.0,0.7087745121861355,0.7087745121861355,,,,1.0
40,hexane_hl_gap_eV,134,1.0000001192092896,0.0,0.7087745121861355,0.7087745121861355,,,,1.0
40,hexane_hl_gap_eV,135,1.0000001192092896,0.0,0.7087745121861355,0.7087745121861355,,,,1.0
40,hexane_hl_gap_eV,136,1.0000001192092896,0.0,0.7087745121861355,0.7087745121861355,,,,1.0
40,hexane_hl_gap_eV,137,1.0000001192092896,0.0,0.7087745121861355,0.7087745121861355,,,,1.0
40,hexane_hl_gap_eV,138,1.0000001192092896,0.0,0.7087745121861355,0.7087745121861355,,,,1.0
40,hexane_hl_gap_eV,139,1.0000001192092896,0.0,0.7087745121861355,0.7087745121861355,,,,1.0
40,hexane_hl_gap_eV,140,1.0000001192092896,0.0,0.7087745121861355,0.7087745121861355,,,,1.0
40,hexane_hl_gap_eV,141,1.0000001192092896,0.0,0.7087745121861355,0.7087745121861355,,,,1.0
40,hexane_hl_gap_eV,142,1.0000001192092896,0.0,0.7087745121861355,0.7087745121861355,,,,1.0
40,hexane_hl_gap_eV,143,1.0000001192092896,0.0,0.7087745121861355,0.7087745121861355,,,,1.0
40,hexane_hl_gap_eV,144,1.0000001192092896,0.0,0.7087745121861355,0.7087745121861355,,,,1.0
40,hexane_hl_gap_eV,145,1.0000001192092896,0.0,0.7087745121861355,0.7087745121861355,,,,1.0
40,hexane_hl_gap_eV,146,1.0000001192092896,0.0,0.7087745121861355,0.7087745121861355,,,,1.0
40,hexane_hl_gap_eV,147,1.0000001192092896,0.0,0.7087745121861355,0.7087745121861355,,,,1.0
40,hexane_hl_gap_eV,148,1.0000001192092896,0.0,0.7087745121861355,0.7087745121861355,,,,1.0
40,hexane_hl_gap_eV,149,1.0000001192092896,0.0,0.7087745121861355,0.7087745121861355,,,,1.0
40,hexane_hl_gap_eV,150,1.0000001192092896,0.0,0.7087745121861355,0.7087745121861355,,,,1.0
40,hexane_hl_gap_eV,151,1.0000001192092896,0.0,0.7087745121861355,0.7087745121861355,,,,1.0
40,hexane_hl_gap_eV,152,1.0000001192092896,0.0,0.7087745121861355,0.7087745121861355,,,,1.0
40,hexane_hl_gap_eV,153,1.0000001192092896,0.0,0.7087745121861355,0.7087745121861355,,,,1.0
40,hexane_hl_gap_eV,154,1.0000001192092896,0.0,0.7087745121861355,0.7087745121861355,,,,1.0
40,hexane_hl_gap_eV,155,1.0000001192092896,0.0,0.7087745121861355,0.7087745121861355,,,,1.0
40,hexane_hl_gap_eV,156,1.0000001192092896,0.0,0.7087745121861355,0.7087745121861355,,,,1.0
40,hexane_hl_gap_eV,157,1.0000001192092896,0.0,0.7087745121861355,0.7087745121861355,,,,1.0
40,hexane_hl_gap_eV,158,1.0000001192092896,0.0,0.7087745121861355,0.7087745121861355,,,,1.0
40,hexane_hl_gap_eV,159,1.0000001192092896,0.0,0.7087745121861355,0.7087745121861355,,,,1.0
40,hexane_hl_gap_eV,160,1.0000001192092896,0.0,0.7087745121861355,0.7087745121861355,,,,1.0
40,hexane_hl_gap_eV,161,1.0000001192092896,0.0,0.7087745121861355,0.7087745121861355,,,,1.0
40,hexane_hl_gap_eV,162,1.0000001192092896,0.0,0.7087745121861355,0.7087745121861355,,,,1.0
40,hexane_hl_gap_eV,163,1.0000001192092896,0.0,0.7087745121861355,0.7087745121861355,,,,1.0
40,hexane_hl_gap_eV,164,1.0000001192092896,0.0,0.7087745121861355,0.7087745121861355,,,,1.0
40,hexane_hl_gap_eV,165,1.0000001192092896,0.0,0.7087745121861355,0.7087745121861355,,,,1.0
40,hexane_hl_gap_eV,166,1.0000001192092896,0.0,0.7087745121861355,0.7087745121861355,,,,1.0
40,hexane_hl_gap_eV,167,1.0000001192092896,0.0,0.7087745121861355,0.7087745121861355,,,,1.0
40,hexane_hl_gap_eV,168,1.0000001192092896,0.0,0.7087745121861355,0.7087745121861355,,,,1.0
40,hexane_hl_gap_eV,169,1.0000001192092896,0.0,0.7087745121861355,0.7087745121861355,,,,1.0
40,hexane_hl_gap_eV,170,1.0000001192092896,0.0,0.7087745121861355,0.7087745121861355,,,,1.0
40,hexane_hl_gap_eV,171,1.0000001192092896,0.0,0.7087745121861355,0.7087745121861355,,,,1.0
40,hexane_hl_gap_eV,172,1.0000001192092896,0.0,0.7087745121861355,0.7087745121861355,,,,1.0
40,hexane_hl_gap_eV,173,1.0000001192092896,0.0,0.7087745121861355,0.7087745121861355,,,,1.0
40,hexane_hl_gap_eV,174,1.0000001192092896,0.0,0.7087745121861355,0.7087745121861355,,,,1.0
40,hexane_hl_gap_eV,175,1.0000001192092896,0.0,0.7087745121861355,0.7087745121861355,,,,1.0
40,hexane_hl_gap_eV,176,1.0000001192092896,0.0,0.7087745121861355,0.7087745121861355,,,,1.0
40,hexane_hl_gap_eV,177,1.0000001192092896,0.0,0.7087745121861355,0.7087745121861355,,,,1.0
40,hexane_hl_gap_eV,178,1.0000001192092896,0.0,0.7087745121861355,0.7087745121861355,,,,1.0
40,hexane_hl_gap_eV,179,1.0000001192092896,0.0,0.7087745121861355,0.7087745121861355,,,,1.0
40,hexane_hl_gap_eV,180,1.0000001192092896,0.0,0.7087745121861355,0.7087745121861355,,,,1.0
40,hexane_hl_gap_eV,181,1.0000001192092896,0.0,0.7087745121861355,0.7087745121861355,,,,1.0
40,hexane_hl_gap_eV,182,1.0000001192092896,0.0,0.7087745121861355,0.7087745121861355,,,,1.0
40,hexane_hl_gap_eV,183,1.0000001192092896,0.0,0.7087745121861355,0.7087745121861355,,,,1.0
40,hexane_hl_gap_eV,184,1.0000001192092896,0.0,0.7087745121861355,0.7087745121861355,,,,1.0
40,hexane_hl_gap_eV,185,1.0000001192092896,0.0,0.7087745121861355,0.7087745121861355,,,,1.0
40,hexane_hl_gap_eV,186,1.0000001192092896,0.0,0.7087745121861355,0.7087745121861355,,,,1.0
40,hexane_hl_gap_eV,187,1.0000001192092896,0.0,0.7087745121861355,0.7087745121861355,,,,1.0
40,hexane_hl_gap_eV,188,1.0000001192092896,0.0,0.7087745121861355,0.7087745121861355,,,,1.0
40,hexane_hl_gap_eV,189,1.0000001192092896,0.0,0.7087745121861355,0.7087745121861355,,,,1.0
40,hexane_hl_gap_eV,190,1.0000001192092896,0.0,0.7087745121861355,0.7087745121861355,,,,1.0
40,hexane_hl_gap_eV,191,1.0000001192092896,0.0,0.7087745121861355,0.7087745121861355,,,,1.0
40,hexane_hl_gap_eV,192,1.0000001192092896,0.0,0.7087745121861355,0.7087745121861355,,,,1.0
40,hexane_hl_gap_eV,193,1.0000001192092896,0.0,0.7087745121861355,0.7087745121861355,,,,1.0
40,hexane_hl_gap_eV,194,1.0000001192092896,0.0,0.7087745121861355,0.7087745121861355,,,,1.0
40,hexane_hl_gap_eV,195,1.0000001192092896,0.0,0.7087745121861355,0.7087745121861355,,,,1.0
40,hexane_hl_gap_eV,196,1.0000001192092896,0.0,0.7087745121861355,0.7087745121861355,,,,1.0
40,hexane_hl_gap_eV,197,1.0000001192092896,0.0,0.7087745121861355,0.7087745121861355,,,,1.0
40,hexane_hl_gap_eV,198,1.0000001192092896,0.0,0.7087745121861355,0.7087745121861355,,,,1.0
40,hexane_hl_gap_eV,199,1.0000001192092896,0.0,0.7087745121861355,0.7087745121861355,,,,1.0
40,hexane_hl_gap_eV,200,1.0000001192092896,0.0,0.7087745121861355,0.7087745121861355,,,,1.0
40,hexane_hl_gap_eV,201,1.0000001192092896,0.0,0.7087745121861355,0.7087745121861355,,,,1.0
40,hexane_hl_gap_eV,202,1.0000001192092896,0.0,0.7087745121861355,0.7087745121861355,,,,1.0
40,hexane_hl_gap_eV,203,1.0000001192092896,0.0,0.7087745121861355,0.7087745121861355,,,,1.0
40,hexane_hl_gap_eV,204,1.0000001192092896,0.0,0.7087745121861355,0.7087745121861355,,,,1.0
40,hexane_hl_gap_eV,205,1.0000001192092896,0.0,0.7087745121861355,0.7087745121861355,,,,1.0
40,hexane_hl_gap_eV,206,1.0000001192092896,0.0,0.7087745121861355,0.7087745121861355,,,,1.0
40,hexane_hl_gap_eV,207,1.0000001192092896,0.0,0.7087745121861355,0.7087745121861355,,,,1.0
40,hexane_hl_gap_eV,208,1.0000001192092896,0.0,0.7087745121861355,0.7087745121861355,,,,1.0
40,hexane_hl_gap_eV,209,1.0000001192092896,0.0,0.7087745121861355,0.7087745121861355,,,,1.0
40,hexane_hl_gap_eV,210,1.0000001192092896,0.0,0.7087745121861355,0.7087745121861355,,,,1.0
40,hexane_hl_gap_eV,211,1.0000001192092896,0.0,0.7087745121861355,0.7087745121861355,,,,1.0
40,hexane_hl_gap_eV,212,1.0000001192092896,0.0,0.7087745121861355,0.7087745121861355,,,,1.0
40,hexane_hl_gap_eV,213,1.0000001192092896,0.0,0.7087745121861355,0.7087745121861355,,,,1.0
40,hexane_hl_gap_eV,214,1.0000001192092896,0.0,0.7087745121861355,0.7087745121861355,,,,1.0
40,hexane_hl_gap_eV,215,1.0000001192092896,0.0,0.7087745121861355,0.7087745121861355,,,,1.0
40,hexane_hl_gap_eV,216,1.0000001192092896,0.0,0.7087745121861355,0.7087745121861355,,,,1.0
40,hexane_hl_gap_eV,217,1.0000001192092896,0.0,0.7087745121861355,0.7087745121861355,,,,1.0
40,hexane_hl_gap_eV,218,1.0000001192092896,0.0,0.7087745121861355,0.7087745121861355,,,,1.0
40,hexane_hl_gap_eV,219,1.0000001192092896,0.0,0.7087745121861355,0.7087745121861355,,,,1.0
40,hexane_hl_gap_eV,220,1.0000001192092896,0.0,0.7087745121861355,0.7087745121861355,,,,1.0
40,hexane_hl_gap_eV,221,1.0000001192092896,0.0,0.7087745121861355,0.7087745121861355,,,,1.0
40,hexane_hl_gap_eV,222,1.0000001192092896,0.0,0.7087745121861355,0.7087745121861355,,,,1.0
40,hexane_hl_gap_eV,223,1.0000001192092896,0.0,0.7087745121861355,0.7087745121861355,,,,1.0
40,hexane_hl_gap_eV,224,1.0000001192092896,0.0,0.7087745121861355,0.7087745121861355,,,,1.0
40,hexane_hl_gap_eV,225,1.0000001192092896,0.0,0.7087745121861355,0.7087745121861355,,,,1.0
40,hexane_hl_gap_eV,226,1.0000001192092896,0.0,0.7087745121861355,0.7087745121861355,,,,1.0
40,hexane_hl_gap_eV,227,1.0000001192092896,0.0,0.7087745121861355,0.7087745121861355,,,,1.0
40,hexane_hl_gap_eV,228,1.0000001192092896,0.0,0.7087745121861355,0.7087745121861355,,,,1.0
40,hexane_hl_gap_eV,229,1.0000001192092896,0.0,0.7087745121861355,0.7087745121861355,,,,1.0
40,hexane_hl_gap_eV,230,1.0000001192092896,0.0,0.7087745121861355,0.7087745121861355,,,,1.0
40,hexane_hl_gap_eV,231,1.0000001192092896,0.0,0.7087745121861355,0.7087745121861355,,,,1.0
40,hexane_hl_gap_eV,232,1.0000001192092896,0.0,0.7087745121861355,0.7087745121861355,,,,1.0
40,hexane_hl_gap_eV,233,1.0000001192092896,0.0,0.7087745121861355,0.7087745121861355,,,,1.0
40,hexane_hl_gap_eV,234,1.0000001192092896,0.0,0.7087745121861355,0.7087745121861355,,,,1.0
40,hexane_hl_gap_eV,235,1.0000001192092896,0.0,0.7087745121861355,0.7087745121861355,,,,1.0
40,hexane_hl_gap_eV,236,1.0000001192092896,0.0,0.7087745121861355,0.7087745121861355,,,,1.0
40,hexane_hl_gap_eV,237,1.0000001192092896,0.0,0.7087745121861355,0.7087745121861355,,,,1.0
40,hexane_hl_gap_eV,238,1.0000001192092896,0.0,0.7087745121861355,0.7087745121861355,,,,1.0
40,hexane_hl_gap_eV,239,1.0000001192092896,0.0,0.7087745121861355,0.7087745121861355,,,,1.0
40,hexane_hl_gap_eV,240,1.0000001192092896,0.0,0.7087745121861355,0.7087745121861355,,,,1.0
40,hexane_hl_gap_eV,241,1.0000001192092896,0.0,0.7087745121861355,0.7087745121861355,,,,1.0
40,hexane_hl_gap_eV,242,1.0000001192092896,0.0,0.7087745121861355,0.7087745121861355,,,,1.0
40,hexane_hl_gap_eV,243,1.0000001192092896,0.0,0.7087745121861355,0.7087745121861355,,,,1.0
40,hexane_hl_gap_eV,244,1.0000001192092896,0.0,0.7087745121861355,0.7087745121861355,,,,1.0
40,hexane_hl_gap_eV,245,1.0000001192092896,0.0,0.7087745121861355,0.7087745121861355,,,,1.0
40,hexane_hl_gap_eV,246,1.0000001192092896,0.0,0.7087745121861355,0.7087745121861355,,,,1.0
40,hexane_hl_gap_eV,247,1.0000001192092896,0.0,0.7087745121861355,0.7087745121861355,,,,1.0
40,hexane_hl_gap_eV,248,1.0000001192092896,0.0,0.7087745121861355,0.7087745121861355,,,,1.0
40,hexane_hl_gap_eV,249,1.0000001192092896,0.0,0.7087745121861355,0.7087745121861355,,,,1.0
40,hexane_dipole,0,1.0000001192092896,0.0,0.5867320507269953,0.5867320507269953,,,,1.0
40,hexane_dipole,1,1.0000001192092896,0.0,0.5867320507269953,0.5867320507269953,,,,1.0
40,hexane_dipole,2,1.0000001192092896,0.0,0.5867320507269953,0.5867320507269953,,,,1.0
40,hexane_dipole,3,1.0000001192092896,0.0,0.5867320507269953,0.5867320507269953,,,,1.0
40,hexane_dipole,4,1.0000001192092896,0.0,0.5867320507269953,0.5867320507269953,,,,1.0
40,hexane_dipole,5,1.0000001192092896,0.0,0.5867320507269953,0.5867320507269953,,,,1.0
40,hexane_dipole,6,1.0000001192092896,0.0,0.5867320507269953,0.5867320507269953,,,,1.0
40,hexane_dipole,7,1.0000001192092896,0.0,0.5867320507269953,0.5867320507269953,,,,1.0
40,hexane_dipole,8,1.0000001192092896,0.0,0.5867320507269953,0.5867320507269953,,,,1.0
40,hexane_dipole,9,1.0000001192092896,0.0,0.5867320507269953,0.5867320507269953,,,,1.0
40,hexane_dipole,10,1.0000001192092896,0.0,0.5867320507269953,0.5867320507269953,,,,1.0
40,hexane_dipole,11,1.0000001192092896,0.0,0.5867320507269953,0.5867320507269953,,,,1.0
40,hexane_dipole,12,1.0000001192092896,0.0,0.5867320507269953,0.5867320507269953,,,,1.0
40,hexane_dipole,13,1.0000001192092896,0.0,0.5867320507269953,0.5867320507269953,,,,1.0
40,hexane_dipole,14,1.0000001192092896,0.0,0.5867320507269953,0.5867320507269953,,,,1.0
40,hexane_dipole,15,1.0000001192092896,0.0,0.5867320507269953,0.5867320507269953,,,,1.0
40,hexane_dipole,16,1.0000001192092896,0.0,0.5867320507269953,0.5867320507269953,,,,1.0
40,hexane_dipole,17,1.0000001192092896,0.0,0.5867320507269953,0.5867320507269953,,,,1.0
40,hexane_dipole,18,1.0000001192092896,0.0,0.5867320507269953,0.5867320507269953,,,,1.0
40,hexane_dipole,19,1.0000001192092896,0.0,0.5867320507269953,0.5867320507269953,,,,1.0
40,hexane_dipole,20,1.0000001192092896,0.0,0.5867320507269953,0.5867320507269953,,,,1.0
40,hexane_dipole,21,1.0000001192092896,0.0,0.5867320507269953,0.5867320507269953,,,,1.0
40,hexane_dipole,22,1.0000001192092896,0.0,0.5867320507269953,0.5867320507269953,,,,1.0
40,hexane_dipole,23,1.0000001192092896,0.0,0.5867320507269953,0.5867320507269953,,,,1.0
40,hexane_dipole,24,1.0000001192092896,0.0,0.5867320507269953,0.5867320507269953,,,,1.0
40,hexane_dipole,25,1.0000001192092896,0.0,0.5867320507269953,0.5867320507269953,,,,1.0
40,hexane_dipole,26,1.0000001192092896,0.0,0.5867320507269953,0.5867320507269953,,,,1.0
40,hexane_dipole,27,1.0000001192092896,0.0,0.5867320507269953,0.5867320507269953,,,,1.0
40,hexane_dipole,28,1.0000001192092896,0.0,0.5867320507269953,0.5867320507269953,,,,1.0
40,hexane_dipole,29,1.0000001192092896,0.0,0.5867320507269953,0.5867320507269953,,,,1.0
40,hexane_dipole,30,1.0000001192092896,0.0,0.5867320507269953,0.5867320507269953,,,,1.0
40,hexane_dipole,31,1.0000001192092896,0.0,0.5867320507269953,0.5867320507269953,,,,1.0
40,hexane_dipole,32,1.0000001192092896,0.0,0.5867320507269953,0.5867320507269953,,,,1.0
40,hexane_dipole,33,1.0000001192092896,0.0,0.5867320507269953,0.5867320507269953,,,,1.0
40,hexane_dipole,34,1.0000001192092896,0.0,0.5867320507269953,0.5867320507269953,,,,1.0
40,hexane_dipole,35,1.0000001192092896,0.0,0.5867320507269953,0.5867320507269953,,,,1.0
40,hexane_dipole,36,1.0000001192092896,0.0,0.5867320507269953,0.5867320507269953,,,,1.0
40,hexane_dipole,37,1.0000001192092896,0.0,0.5867320507269953,0.5867320507269953,,,,1.0
40,hexane_dipole,38,1.0000001192092896,0.0,0.5867320507269953,0.5867320507269953,,,,1.0
40,hexane_dipole,39,1.0000001192092896,0.0,0.5867320507269953,0.5867320507269953,,,,1.0
40,hexane_dipole,40,1.0000001192092896,0.0,0.5867320507269953,0.5867320507269953,,,,1.0
40,hexane_dipole,41,1.0000001192092896,0.0,0.5867320507269953,0.5867320507269953,,,,1.0
40,hexane_dipole,42,1.0000001192092896,0.0,0.5867320507269953,0.5867320507269953,,,,1.0
40,hexane_dipole,43,1.0000001192092896,0.0,0.5867320507269953,0.5867320507269953,,,,1.0
40,hexane_dipole,44,1.0000001192092896,0.0,0.5867320507269953,0.5867320507269953,,,,1.0
40,hexane_dipole,45,1.0000001192092896,0.0,0.5867320507269953,0.5867320507269953,,,,1.0
40,hexane_dipole,46,1.0000001192092896,0.0,0.5867320507269953,0.5867320507269953,,,,1.0
40,hexane_dipole,47,1.0000001192092896,0.0,0.5867320507269953,0.5867320507269953,,,,1.0
40,hexane_dipole,48,1.0000001192092896,0.0,0.5867320507269953,0.5867320507269953,,,,1.0
40,hexane_dipole,49,1.0000001192092896,0.0,0.5867320507269953,0.5867320507269953,,,,1.0
40,hexane_dipole,50,1.0000001192092896,0.0,0.5867320507269953,0.5867320507269953,,,,1.0
40,hexane_dipole,51,1.0000001192092896,0.0,0.5867320507269953,0.5867320507269953,,,,1.0
40,hexane_dipole,52,1.0000001192092896,0.0,0.5867320507269953,0.5867320507269953,,,,1.0
40,hexane_dipole,53,1.0000001192092896,0.0,0.5867320507269953,0.5867320507269953,,,,1.0
40,hexane_dipole,54,1.0000001192092896,0.0,0.5867320507269953,0.5867320507269953,,,,1.0
40,hexane_dipole,55,1.0000001192092896,0.0,0.5867320507269953,0.5867320507269953,,,,1.0
40,hexane_dipole,56,1.0000001192092896,0.0,0.5867320507269953,0.5867320507269953,,,,1.0
40,hexane_dipole,57,1.0000001192092896,0.0,0.5867320507269953,0.5867320507269953,,,,1.0
40,hexane_dipole,58,1.0000001192092896,0.0,0.5867320507269953,0.5867320507269953,,,,1.0
40,hexane_dipole,59,1.0000001192092896,0.0,0.5867320507269953,0.5867320507269953,,,,1.0
40,hexane_dipole,60,1.0000001192092896,0.0,0.5867320507269953,0.5867320507269953,,,,1.0
40,hexane_dipole,61,1.0000001192092896,0.0,0.5867320507269953,0.5867320507269953,,,,1.0
40,hexane_dipole,62,1.0000001192092896,0.0,0.5867320507269953,0.5867320507269953,,,,1.0
40,hexane_dipole,63,1.0000001192092896,0.0,0.5867320507269953,0.5867320507269953,,,,1.0
40,hexane_dipole,64,1.0000001192092896,0.0,0.5867320507269953,0.5867320507269953,,,,1.0
40,hexane_dipole,65,1.0000001192092896,0.0,0.5867320507269953,0.5867320507269953,,,,1.0
40,hexane_dipole,66,1.0000001192092896,0.0,0.5867320507269953,0.5867320507269953,,,,1.0
40,hexane_dipole,67,1.0000001192092896,0.0,0.5867320507269953,0.5867320507269953,,,,1.0
40,hexane_dipole,68,1.0000001192092896,0.0,0.5867320507269953,0.5867320507269953,,,,1.0
40,hexane_dipole,69,1.0000001192092896,0.0,0.5867320507269953,0.5867320507269953,,,,1.0
40,hexane_dipole,70,1.0000001192092896,0.0,0.5867320507269953,0.5867320507269953,,,,1.0
40,hexane_dipole,71,1.0000001192092896,0.0,0.5867320507269953,0.5867320507269953,,,,1.0
40,hexane_dipole,72,1.0000001192092896,0.0,0.5867320507269953,0.5867320507269953,,,,1.0
40,hexane_dipole,73,1.0000001192092896,0.0,0.5867320507269953,0.5867320507269953,,,,1.0
40,hexane_dipole,74,1.0000001192092896,0.0,0.5867320507269953,0.5867320507269953,,,,1.0
40,hexane_dipole,75,1.0000001192092896,0.0,0.5867320507269953,0.5867320507269953,,,,1.0
40,hexane_dipole,76,1.0000001192092896,0.0,0.5867320507269953,0.5867320507269953,,,,1.0
40,hexane_dipole,77,1.0000001192092896,0.0,0.5867320507269953,0.5867320507269953,,,,1.0
40,hexane_dipole,78,1.0000001192092896,0.0,0.5867320507269953,0.5867320507269953,,,,1.0
40,hexane_dipole,79,1.0000001192092896,0.0,0.5867320507269953,0.5867320507269953,,,,1.0
40,hexane_dipole,80,1.0000001192092896,0.0,0.5867320507269953,0.5867320507269953,,,,1.0
40,hexane_dipole,81,1.0000001192092896,0.0,0.5867320507269953,0.5867320507269953,,,,1.0
40,hexane_dipole,82,1.0000001192092896,0.0,0.5867320507269953,0.5867320507269953,,,,1.0
40,hexane_dipole,83,1.0000001192092896,0.0,0.5867320507269953,0.5867320507269953,,,,1.0
40,hexane_dipole,84,1.0000001192092896,0.0,0.5867320507269953,0.5867320507269953,,,,1.0
40,hexane_dipole,85,1.0000001192092896,0.0,0.5867320507269953,0.5867320507269953,,,,1.0
40,hexane_dipole,86,1.0000001192092896,0.0,0.5867320507269953,0.5867320507269953,,,,1.0
40,hexane_dipole,87,1.0000001192092896,0.0,0.5867320507269953,0.5867320507269953,,,,1.0
40,hexane_dipole,88,1.0000001192092896,0.0,0.5867320507269953,0.5867320507269953,,,,1.0
40,hexane_dipole,89,1.0000001192092896,0.0,0.5867320507269953,0.5867320507269953,,,,1.0
40,hexane_dipole,90,1.0000001192092896,0.0,0.5867320507269953,0.5867320507269953,,,,1.0
40,hexane_dipole,91,1.0000001192092896,0.0,0.5867320507269953,0.5867320507269953,,,,1.0
40,hexane_dipole,92,1.0000001192092896,0.0,0.5867320507269953,0.5867320507269953,,,,1.0
40,hexane_dipole,93,1.0000001192092896,0.0,0.5867320507269953,0.5867320507269953,,,,1.0
40,hexane_dipole,94,1.0000001192092896,0.0,0.5867320507269953,0.5867320507269953,,,,1.0
40,hexane_dipole,95,1.0000001192092896,0.0,0.5867320507269953,0.5867320507269953,,,,1.0
40,hexane_dipole,96,1.0000001192092896,0.0,0.5867320507269953,0.5867320507269953,,,,1.0
40,hexane_dipole,97,1.0000001192092896,0.0,0.5867320507269953,0.5867320507269953,,,,1.0
40,hexane_dipole,98,1.0000001192092896,0.0,0.5867320507269953,0.5867320507269953,,,,1.0
40,hexane_dipole,99,1.0000001192092896,0.0,0.5867320507269953,0.5867320507269953,,,,1.0
40,hexane_dipole,100,1.0000001192092896,0.0,0.5867320507269953,0.5867320507269953,,,,1.0
40,hexane_dipole,101,1.0000001192092896,0.0,0.5867320507269953,0.5867320507269953,,,,1.0
40,hexane_dipole,102,1.0000001192092896,0.0,0.5867320507269953,0.5867320507269953,,,,1.0
40,hexane_dipole,103,1.0000001192092896,0.0,0.5867320507269953,0.5867320507269953,,,,1.0
40,hexane_dipole,104,1.0000001192092896,0.0,0.5867320507269953,0.5867320507269953,,,,1.0
40,hexane_dipole,105,1.0000001192092896,0.0,0.5867320507269953,0.5867320507269953,,,,1.0
40,hexane_dipole,106,1.0000001192092896,0.0,0.5867320507269953,0.5867320507269953,,,,1.0
40,hexane_dipole,107,1.0000001192092896,0.0,0.5867320507269953,0.5867320507269953,,,,1.0
40,hexane_dipole,108,1.0000001192092896,0.0,0.5867320507269953,0.5867320507269953,,,,1.0
40,hexane_dipole,109,1.0000001192092896,0.0,0.5867320507269953,0.5867320507269953,,,,1.0
40,hexane_dipole,110,1.0000001192092896,0.0,0.5867320507269953,0.5867320507269953,,,,1.0
40,hexane_dipole,111,1.0000001192092896,0.0,0.5867320507269953,0.5867320507269953,,,,1.0
40,hexane_dipole,112,1.0000001192092896,0.0,0.5867320507269953,0.5867320507269953,,,,1.0
40,hexane_dipole,113,1.0000001192092896,0.0,0.5867320507269953,0.5867320507269953,,,,1.0
40,hexane_dipole,114,1.0000001192092896,0.0,0.5867320507269953,0.5867320507269953,,,,1.0
40,hexane_dipole,115,1.0000001192092896,0.0,0.5867320507269953,0.5867320507269953,,,,1.0
40,hexane_dipole,116,1.0000001192092896,0.0,0.5867320507269953,0.5867320507269953,,,,1.0
40,hexane_dipole,117,1.0000001192092896,0.0,0.5867320507269953,0.5867320507269953,,,,1.0
40,hexane_dipole,118,1.0000001192092896,0.0,0.5867320507269953,0.5867320507269953,,,,1.0
40,hexane_dipole,119,1.0000001192092896,0.0,0.5867320507269953,0.5867320507269953,,,,1.0
40,hexane_dipole,120,1.0000001192092896,0.0,0.5867320507269953,0.5867320507269953,,,,1.0
40,hexane_dipole,121,1.0000001192092896,0.0,0.5867320507269953,0.5867320507269953,,,,1.0
40,hexane_dipole,122,1.0000001192092896,0.0,0.5867320507269953,0.5867320507269953,,,,1.0
40,hexane_dipole,123,1.0000001192092896,0.0,0.5867320507269953,0.5867320507269953,,,,1.0
40,hexane_dipole,124,1.0000001192092896,0.0,0.5867320507269953,0.5867320507269953,,,,1.0
40,hexane_dipole,125,1.0000001192092896,0.0,0.5867320507269953,0.5867320507269953,,,,1.0
40,hexane_dipole,126,1.0000001192092896,0.0,0.5867320507269953,0.5867320507269953,,,,1.0
40,hexane_dipole,127,1.0000001192092896,0.0,0.5867320507269953,0.5867320507269953,,,,1.0
40,hexane_dipole,128,1.0000001192092896,0.0,0.5867320507269953,0.5867320507269953,,,,1.0
40,hexane_dipole,129,1.0000001192092896,0.0,0.5867320507269953,0.5867320507269953,,,,1.0
40,hexane_dipole,130,1.0000001192092896,0.0,0.5867320507269953,0.5867320507269953,,,,1.0
40,hexane_dipole,131,1.0000001192092896,0.0,0.5867320507269953,0.5867320507269953,,,,1.0
40,hexane_dipole,132,1.0000001192092896,0.0,0.5867320507269953,0.5867320507269953,,,,1.0
40,hexane_dipole,133,1.0000001192092896,0.0,0.5867320507269953,0.5867320507269953,,,,1.0
40,hexane_dipole,134,1.0000001192092896,0.0,0.5867320507269953,0.5867320507269953,,,,1.0
40,hexane_dipole,135,1.0000001192092896,0.0,0.5867320507269953,0.5867320507269953,,,,1.0
40,hexane_dipole,136,1.0000001192092896,0.0,0.5867320507269953,0.5867320507269953,,,,1.0
40,hexane_dipole,137,1.0000001192092896,0.0,0.5867320507269953,0.5867320507269953,,,,1.0
40,hexane_dipole,138,1.0000001192092896,0.0,0.5867320507269953,0.5867320507269953,,,,1.0
40,hexane_dipole,139,1.0000001192092896,0.0,0.5867320507269953,0.5867320507269953,,,,1.0
40,hexane_dipole,140,1.0000001192092896,0.0,0.5867320507269953,0.5867320507269953,,,,1.0
40,hexane_dipole,141,1.0000001192092896,0.0,0.5867320507269953,0.5867320507269953,,,,1.0
40,hexane_dipole,142,1.0000001192092896,0.0,0.5867320507269953,0.5867320507269953,,,,1.0
40,hexane_dipole,143,1.0000001192092896,0.0,0.5867320507269953,0.5867320507269953,,,,1.0
40,hexane_dipole,144,1.0000001192092896,0.0,0.5867320507269953,0.5867320507269953,,,,1.0
40,hexane_dipole,145,1.0000001192092896,0.0,0.5867320507269953,0.5867320507269953,,,,1.0
40,hexane_dipole,146,1.0000001192092896,0.0,0.5867320507269953,0.5867320507269953,,,,1.0
40,hexane_dipole,147,1.0000001192092896,0.0,0.5867320507269953,0.5867320507269953,,,,1.0
40,hexane_dipole,148,1.0000001192092896,0.0,0.5867320507269953,0.5867320507269953,,,,1.0
40,hexane_dipole,149,1.0000001192092896,0.0,0.5867320507269953,0.5867320507269953,,,,1.0
40,hexane_dipole,150,1.0000001192092896,0.0,0.5867320507269953,0.5867320507269953,,,,1.0
40,hexane_dipole,151,1.0000001192092896,0.0,0.5867320507269953,0.5867320507269953,,,,1.0
40,hexane_dipole,152,1.0000001192092896,0.0,0.5867320507269953,0.5867320507269953,,,,1.0
40,hexane_dipole,153,1.0000001192092896,0.0,0.5867320507269953,0.5867320507269953,,,,1.0
40,hexane_dipole,154,1.0000001192092896,0.0,0.5867320507269953,0.5867320507269953,,,,1.0
40,hexane_dipole,155,1.0000001192092896,0.0,0.5867320507269953,0.5867320507269953,,,,1.0
40,hexane_dipole,156,1.0000001192092896,0.0,0.5867320507269953,0.5867320507269953,,,,1.0
40,hexane_dipole,157,1.0000001192092896,0.0,0.5867320507269953,0.5867320507269953,,,,1.0
40,hexane_dipole,158,1.0000001192092896,0.0,0.5867320507269953,0.5867320507269953,,,,1.0
40,hexane_dipole,159,1.0000001192092896,0.0,0.5867320507269953,0.5867320507269953,,,,1.0
40,hexane_dipole,160,1.0000001192092896,0.0,0.5867320507269953,0.5867320507269953,,,,1.0
40,hexane_dipole,161,1.0000001192092896,0.0,0.5867320507269953,0.5867320507269953,,,,1.0
40,hexane_dipole,162,1.0000001192092896,0.0,0.5867320507269953,0.5867320507269953,,,,1.0
40,hexane_dipole,163,1.0000001192092896,0.0,0.5867320507269953,0.5867320507269953,,,,1.0
40,hexane_dipole,164,1.0000001192092896,0.0,0.5867320507269953,0.5867320507269953,,,,1.0
40,hexane_dipole,165,1.0000001192092896,0.0,0.5867320507269953,0.5867320507269953,,,,1.0
40,hexane_dipole,166,1.0000001192092896,0.0,0.5867320507269953,0.5867320507269953,,,,1.0
40,hexane_dipole,167,1.0000001192092896,0.0,0.5867320507269953,0.5867320507269953,,,,1.0
40,hexane_dipole,168,1.0000001192092896,0.0,0.5867320507269953,0.5867320507269953,,,,1.0
40,hexane_dipole,169,1.0000001192092896,0.0,0.5867320507269953,0.5867320507269953,,,,1.0
40,hexane_dipole,170,1.0000001192092896,0.0,0.5867320507269953,0.5867320507269953,,,,1.0
40,hexane_dipole,171,1.0000001192092896,0.0,0.5867320507269953,0.5867320507269953,,,,1.0
40,hexane_dipole,172,1.0000001192092896,0.0,0.5867320507269953,0.5867320507269953,,,,1.0
40,hexane_dipole,173,1.0000001192092896,0.0,0.5867320507269953,0.5867320507269953,,,,1.0
40,hexane_dipole,174,1.0000001192092896,0.0,0.5867320507269953,0.5867320507269953,,,,1.0
40,hexane_dipole,175,1.0000001192092896,0.0,0.5867320507269953,0.5867320507269953,,,,1.0
40,hexane_dipole,176,1.0000001192092896,0.0,0.5867320507269953,0.5867320507269953,,,,1.0
40,hexane_dipole,177,1.0000001192092896,0.0,0.5867320507269953,0.5867320507269953,,,,1.0
40,hexane_dipole,178,1.0000001192092896,0.0,0.5867320507269953,0.5867320507269953,,,,1.0
40,hexane_dipole,179,1.0000001192092896,0.0,0.5867320507269953,0.5867320507269953,,,,1.0
40,hexane_dipole,180,1.0000001192092896,0.0,0.5867320507269953,0.5867320507269953,,,,1.0
40,hexane_dipole,181,1.0000001192092896,0.0,0.5867320507269953,0.5867320507269953,,,,1.0
40,hexane_dipole,182,1.0000001192092896,0.0,0.5867320507269953,0.5867320507269953,,,,1.0
40,hexane_dipole,183,1.0000001192092896,0.0,0.5867320507269953,0.5867320507269953,,,,1.0
40,hexane_dipole,184,1.0000001192092896,0.0,0.5867320507269953,0.5867320507269953,,,,1.0
40,hexane_dipole,185,1.0000001192092896,0.0,0.5867320507269953,0.5867320507269953,,,,1.0
40,hexane_dipole,186,1.0000001192092896,0.0,0.5867320507269953,0.5867320507269953,,,,1.0
40,hexane_dipole,187,1.0000001192092896,0.0,0.5867320507269953,0.5867320507269953,,,,1.0
40,hexane_dipole,188,1.0000001192092896,0.0,0.5867320507269953,0.5867320507269953,,,,1.0
40,hexane_dipole,189,1.0000001192092896,0.0,0.5867320507269953,0.5867320507269953,,,,1.0
40,hexane_dipole,190,1.0000001192092896,0.0,0.5867320507269953,0.5867320507269953,,,,1.0
40,hexane_dipole,191,1.0000001192092896,0.0,0.5867320507269953,0.5867320507269953,,,,1.0
40,hexane_dipole,192,1.0000001192092896,0.0,0.5867320507269953,0.5867320507269953,,,,1.0
40,hexane_dipole,193,1.0000001192092896,0.0,0.5867320507269953,0.5867320507269953,,,,1.0
40,hexane_dipole,194,1.0000001192092896,0.0,0.5867320507269953,0.5867320507269953,,,,1.0
40,hexane_dipole,195,1.0000001192092896,0.0,0.5867320507269953,0.5867320507269953,,,,1.0
40,hexane_dipole,196,1.0000001192092896,0.0,0.5867320507269953,0.5867320507269953,,,,1.0
40,hexane_dipole,197,1.0000001192092896,0.0,0.5867320507269953,0.5867320507269953,,,,1.0
40,hexane_dipole,198,1.0000001192092896,0.0,0.5867320507269953,0.5867320507269953,,,,1.0
40,hexane_dipole,199,1.0000001192092896,0.0,0.5867320507269953,0.5867320507269953,,,,1.0
40,hexane_dipole,200,1.0000001192092896,0.0,0.5867320507269953,0.5867320507269953,,,,1.0
40,hexane_dipole,201,1.0000001192092896,0.0,0.5867320507269953,0.5867320507269953,,,,1.0
40,hexane_dipole,202,1.0000001192092896,0.0,0.5867320507269953,0.5867320507269953,,,,1.0
40,hexane_dipole,203,1.0000001192092896,0.0,0.5867320507269953,0.5867320507269953,,,,1.0
40,hexane_dipole,204,1.0000001192092896,0.0,0.5867320507269953,0.5867320507269953,,,,1.0
40,hexane_dipole,205,1.0000001192092896,0.0,0.5867320507269953,0.5867320507269953,,,,1.0
40,hexane_dipole,206,1.0000001192092896,0.0,0.5867320507269953,0.5867320507269953,,,,1.0
40,hexane_dipole,207,1.0000001192092896,0.0,0.5867320507269953,0.5867320507269953,,,,1.0
40,hexane_dipole,208,1.0000001192092896,0.0,0.5867320507269953,0.5867320507269953,,,,1.0
40,hexane_dipole,209,1.0000001192092896,0.0,0.5867320507269953,0.5867320507269953,,,,1.0
40,hexane_dipole,210,1.0000001192092896,0.0,0.5867320507269953,0.5867320507269953,,,,1.0
40,hexane_dipole,211,1.0000001192092896,0.0,0.5867320507269953,0.5867320507269953,,,,1.0
40,hexane_dipole,212,1.0000001192092896,0.0,0.5867320507269953,0.5867320507269953,,,,1.0
40,hexane_dipole,213,1.0000001192092896,0.0,0.5867320507269953,0.5867320507269953,,,,1.0
40,hexane_dipole,214,1.0000001192092896,0.0,0.5867320507269953,0.5867320507269953,,,,1.0
40,hexane_dipole,215,1.0000001192092896,0.0,0.5867320507269953,0.5867320507269953,,,,1.0
40,hexane_dipole,216,1.0000001192092896,0.0,0.5867320507269953,0.5867320507269953,,,,1.0
40,hexane_dipole,217,1.0000001192092896,0.0,0.5867320507269953,0.5867320507269953,,,,1.0
40,hexane_dipole,218,1.0000001192092896,0.0,0.5867320507269953,0.5867320507269953,,,,1.0
40,hexane_dipole,219,1.0000001192092896,0.0,0.5867320507269953,0.5867320507269953,,,,1.0
40,hexane_dipole,220,1.0000001192092896,0.0,0.5867320507269953,0.5867320507269953,,,,1.0
40,hexane_dipole,221,1.0000001192092896,0.0,0.5867320507269953,0.5867320507269953,,,,1.0
40,hexane_dipole,222,1.0000001192092896,0.0,0.5867320507269953,0.5867320507269953,,,,1.0
40,hexane_dipole,223,1.0000001192092896,0.0,0.5867320507269953,0.5867320507269953,,,,1.0
40,hexane_dipole,224,1.0000001192092896,0.0,0.5867320507269953,0.5867320507269953,,,,1.0
40,hexane_dipole,225,1.0000001192092896,0.0,0.5867320507269953,0.5867320507269953,,,,1.0
40,hexane_dipole,226,1.0000001192092896,0.0,0.5867320507269953,0.5867320507269953,,,,1.0
40,hexane_dipole,227,1.0000001192092896,0.0,0.5867320507269953,0.5867320507269953,,,,1.0
40,hexane_dipole,228,1.0000001192092896,0.0,0.5867320507269953,0.5867320507269953,,,,1.0
40,hexane_dipole,229,1.0000001192092896,0.0,0.5867320507269953,0.5867320507269953,,,,1.0
40,hexane_dipole,230,1.0000001192092896,0.0,0.5867320507269953,0.5867320507269953,,,,1.0
40,hexane_dipole,231,1.0000001192092896,0.0,0.5867320507269953,0.5867320507269953,,,,1.0
40,hexane_dipole,232,1.0000001192092896,0.0,0.5867320507269953,0.5867320507269953,,,,1.0
40,hexane_dipole,233,1.0000001192092896,0.0,0.5867320507269953,0.5867320507269953,,,,1.0
40,hexane_dipole,234,1.0000001192092896,0.0,0.5867320507269953,0.5867320507269953,,,,1.0
40,hexane_dipole,235,1.0000001192092896,0.0,0.5867320507269953,0.5867320507269953,,,,1.0
40,hexane_dipole,236,1.0000001192092896,0.0,0.5867320507269953,0.5867320507269953,,,,1.0
40,hexane_dipole,237,1.0000001192092896,0.0,0.5867320507269953,0.5867320507269953,,,,1.0
40,hexane_dipole,238,1.0000001192092896,0.0,0.5867320507269953,0.5867320507269953,,,,1.0
40,hexane_dipole,239,1.0000001192092896,0.0,0.5867320507269953,0.5867320507269953,,,,1.0
40,hexane_dipole,240,1.0000001192092896,0.0,0.5867320507269953,0.5867320507269953,,,,1.0
40,hexane_dipole,241,1.0000001192092896,0.0,0.5867320507269953,0.5867320507269953,,,,1.0
40,hexane_dipole,242,1.0000001192092896,0.0,0.5867320507269953,0.5867320507269953,,,,1.0
40,hexane_dipole,243,1.0000001192092896,0.0,0.5867320507269953,0.5867320507269953,,,,1.0
40,hexane_dipole,244,1.0000001192092896,0.0,0.5867320507269953,0.5867320507269953,,,,1.0
40,hexane_dipole,245,1.0000001192092896,0.0,0.5867320507269953,0.5867320507269953,,,,1.0
40,hexane_dipole,246,1.0000001192092896,0.0,0.5867320507269953,0.5867320507269953,,,,1.0
40,hexane_dipole,247,1.0000001192092896,0.0,0.5867320507269953,0.5867320507269953,,,,1.0
40,hexane_dipole,248,1.0000001192092896,0.0,0.5867320507269953,0.5867320507269953,,,,1.0
40,hexane_dipole,249,1.0000001192092896,0.0,0.5867320507269953,0.5867320507269953,,,,1.0
41,sco_kcal,0,0.14253509044647217,0.3734479546546936,0.6188846330968536,0.9824790772578849,80.79231262207031,2.105381488800049,0.026059180885792774,0.12
41,sco_kcal,1,0.07852458953857422,0.04344690218567848,0.6039605015385137,0.9457192075930403,8.964079856872559,0.1768205761909485,0.019725457494154754,0.04
41,sco_kcal,2,0.144670769572258,0.10933617502450943,0.6135966890219264,0.8957670409096785,23.28522491455078,3.325885534286499,0.14283244188069558,0.06
41,sco_kcal,3,0.05888035148382187,0.03812260925769806,0.5912183442606189,0.9616587327067883,7.631441593170166,0.1028391644358635,0.013475719257014353,0.02
41,sco_kcal,4,0.09124039858579636,0.045000456273555756,0.6099374247096767,0.9320689540224976,9.467926025390625,0.4735294282436371,0.05001406083800706,0.0
41,sco_kcal,5,0.046530600637197495,0.10635758191347122,0.618124736816714,0.9628656435935103,22.92864990234375,0.2202657014131546,0.009606570921153069,0.04
41,sco_kcal,6,0.18305949866771698,0.0552273653447628,0.6088452688331916,0.9339315959815879,11.552470207214355,1.066565752029419,0.09232360983396985,0.06
41,sco_kcal,7,0.08110994100570679,0.024312155321240425,0.6165012386256628,0.9639355799312441,5.25611686706543,0.2296484112739563,0.043691648622374055,0.04
41,sco_kcal,8,0.22133512794971466,0.10288532823324203,0.574670212081986,0.8935506776717057,19.753190994262695,3.874837875366211,0.19616262893887149,0.1
41,sco_kcal,9,0.33734092116355896,0.03534967079758644,0.6203037507281179,0.9145656690094757,7.663449764251709,1.9430432319641113,0.25354680877898833,0.04
41,sco_kcal,10,0.14684124290943146,0.0750342458486557,0.5805916573508558,0.9165519138672555,14.733348846435547,1.3885293006896973,0.09424397095067938,0.04
41,sco_kcal,11,0.12536244094371796,0.039294444024562836,0.6166282257917666,0.9501657091215601,8.573858261108398,0.584143340587616,0.0681307438026273,0.02
41,sco_kcal,12,0.20714780688285828,0.09339522570371628,0.5784456410505183,0.906325873692214,18.00722885131836,3.549835443496704,0.19713391065371008,0.16
41,sco_kcal,13,0.5177006721496582,0.026944760233163834,0.6232384686282435,0.9115674569254701,5.731924533843994,3.160384178161621,0.5513652804570642,0.28
41,sco_kcal,14,0.13911956548690796,0.036516688764095306,0.6133095114651821,0.9340435317377878,7.794360160827637,0.4925633370876312,0.0631948392073441,0.1
41,sco_kcal,15,0.05603612959384918,0.059417691081762314,0.5795585443981466,0.9593238566898334,11.649320602416992,0.272173672914505,0.023363909553492296,0.0
41,sco_kcal,16,0.4278111755847931,0.02382420003414154,0.6222620153399707,0.908498411931697,5.278079986572266,2.048232078552246,0.38806385726685927,0.2
41,sco_kcal,17,0.05068223178386688,0.05507458373904228,0.5949686950703947,0.9527580727886922,11.079729080200195,0.08805689960718155,0.007947567938691015,0.04
41,sco_kcal,18,0.15955646336078644,0.38949039578437805,0.6181563099825176,0.9791251649038704,83.87789916992188,0.6485891938209534,0.007732539801778127,0.04
41,sco_kcal,19,0.2835617661476135,0.03101452998816967,0.6075515697251497,0.9241289111252606,6.491836071014404,1.467645287513733,0.22607553109153,0.16
41,sco_kcal,20,0.47580447793006897,0.031972113996744156,0.6297828588700702,0.8921530649673806,7.052962303161621,3.4941654205322266,0.49541813359273196,0.08
41,sco_kcal,21,0.1347944289445877,0.04626544192433357,0.6176510564241637,0.9643721710794915,10.020809173583984,0.4117492139339447,0.04108941771083351,0.06
41,sco_kcal,22,0.031125426292419434,0.07455108314752579,0.5779463069652642,0.9547629243913374,14.115059852600098,0.05082998424768448,0.0036011171598625013,0.02
41,sco_kcal,23,0.041992802172899246,0.15878325700759888,0.6272699012786753,0.947913775506549,35.1633415222168,0.6960057020187378,0.019793502889336883,0.06
41,sco_kcal,24,0.13590843975543976,0.06333430111408234,0.6174739650577614,0.9530529933218477,13.712284088134766,0.28959816694259644,0.021119615454378283,0.06
41,sco_kcal,25,0.27369120717048645,0.03935094177722931,0.6213563514485381,0.9512721904186321,8.662222862243652,0.8679813742637634,0.10020307582330462,0.06
41,sco_kcal,26,0.06087348982691765,0.13685250282287598,0.6151145250771446,0.9513038720175495,28.956249237060547,0.3135475218296051,0.010828319623257754,0.04
41,sco_kcal,27,0.6314913034439087,0.030729496851563454,0.6285491111273824,0.8958943715076475,6.537113666534424,4.882929801940918,0.7469550096609453,0.46
41,sco_kcal,28,0.17800705134868622,0.04988623037934303,0.6055931831656751,0.9281650471620395,10.351551055908203,1.1290321350097656,0.10906888532084905,0.06
41,sco_kcal,29,0.1831873506307602,0.039225656539201736,0.6173890687376247,0.920200330701404,8.575216293334961,0.9435252547264099,0.11002932432850232,0.08
41,sco_kcal,30,0.1796204000711441,0.06820283085107803,0.5798296391493423,0.9090064006381737,13.147087097167969,1.6649017333984375,0.12663654854443585,0.02
41,sco_kcal,31,0.3578364849090576,0.05178394913673401,0.6050684647377074,0.8990673017153366,10.742960929870605,3.6306817531585693,0.33795913220381596,0.08
41,sco_kcal,32,0.17015138268470764,0.05590842291712761,0.6168626688796832,0.9247621841142037,11.981888771057129,2.0652546882629395,0.17236470207031707,0.04
41,sco_kcal,33,0.22309806942939758,0.02953028306365013,0.5970497584324745,0.9431076287454783,6.087951183319092,0.7338166236877441,0.1205358915653582,0.12
41,sco_kcal,34,0.04345783218741417,0.06912057101726532,0.6218767767664748,0.9324442452263799,15.267908096313477,0.28070923686027527,0.01838557286888923,0.02
41,sco_kcal,35,0.276774525642395,0.3287765085697174,0.6230935211587325,0.9815915000442164,71.85811614990234,1.0555434226989746,0.014689272127549493,0.32
41,sco_kcal,36,0.17181362211704254,0.3174891471862793,0.6179489610874738,0.9776489545367764,68.4076919555664,0.8958849310874939,0.013096260164272283,0.1
41,sco_kcal,37,0.2412087619304657,0.08424525707960129,0.6078071945418044,0.8998118721143393,17.760969161987305,3.0339646339416504,0.17082202025523785,0.14
41,sco_kcal,38,0.4463406205177307,0.0542818121612072,0.6138425012782247,0.9022595256335051,11.334221839904785,3.6951539516448975,0.326017436736172,0.3
41,sco_kcal,39,0.07013411819934845,0.017880341038107872,0.6163541720155088,0.9609150369607082,3.9090139865875244,0.1670987457036972,0.0427470319310805,0.02
41,sco_kcal,40,0.6317362189292908,0.01787715218961239,0.6455075726062491,0.9108983823459678,4.004525661468506,2.921175956726074,0.7294686571330011,0.42
41,sco_kcal,41,0.22695837914943695,0.1295556277036667,0.618599174246723,0.9706987103659197,27.899797439575195,0.9670159220695496,0.034660320533290344,0.18
41,sco_kcal,42,0.0628899559378624,0.05299913510680199,0.6064280782630942,0.9542414002068766,11.04698371887207,0.20853878557682037,0.018877441198773923,0.04
41,sco_kcal,43,0.24651935696601868,0.0822056382894516,0.62002797453798,0.9609335022289804,17.81690216064453,1.0221705436706543,0.05737083441635047,0.22
41,sco_kcal,44,0.35413283109664917,0.03857995942234993,0.6227741532834434,0.9369542181141925,8.388185501098633,1.7601219415664673,0.20983345460540154,0.34
41,sco_kcal,45,0.4249887466430664,0.030517956241965294,0.6226517280812744,0.9018501641735326,6.770548343658447,2.870173454284668,0.4239203840812955,0.08
41,sco_kcal,46,0.3420577645301819,0.04494282603263855,0.6213448147275884,0.9454371883079324,9.693852424621582,1.708906888961792,0.17628769390189086,0.24
41,sco_kcal,47,0.3051653802394867,0.05066848173737526,0.6055903715314799,0.934684538322889,10.411109924316406,1.9984734058380127,0.19195584528123522,0.08
41,sco_kcal,48,0.1579498052597046,0.04638706147670746,0.6157240563905193,0.922436160085665,10.011750221252441,0.4945368468761444,0.04939564371336057,0.1
41,sco_kcal,49,0.12994514405727386,0.07396717369556427,0.6180971753396258,0.9586688117870534,15.961435317993164,0.2723124325275421,0.01706064818748268,0.02
41,sco_kcal,50,0.08627144247293472,0.16187816858291626,0.6113315855367285,0.9076968438371387,33.87101745605469,2.3687548637390137,0.06993456475915759,0.02
41,sco_kcal,51,0.09879277646541595,0.055570926517248154,0.6269372134429039,0.9355035027920449,12.419111251831055,0.32273977994918823,0.025987349127064466,0.06
41,sco_kcal,52,0.2515975832939148,0.04276210442185402,0.6185101515883715,0.9143446168511014,9.335861206054688,1.2008813619613647,0.128631021333366,0.08
41,sco_kcal,53,0.2398826777935028,0.05041228607296944,0.5810899816646062,0.9436896891942606,9.85016918182373,0.8818168044090271,0.08952301103987345,0.2
41,sco_kcal,54,0.10139156877994537,0.4157881736755371,0.6182541860105122,0.9753510290132184,89.54143524169922,1.9003329277038574,0.021222944691184457,0.14
41,sco_kcal,55,0.07371728867292404,0.03268394246697426,0.6225659246825188,0.9533199098365084,7.254351615905762,0.0772995874285698,0.01065561631436283,0.02
41,sco_kcal,56,0.21495400369167328,0.14932453632354736,0.6206463893577903,0.9759637895268611,32.529117584228516,0.7743943333625793,0.023806189373487288,0.1
41,sco_kcal,57,0.20615339279174805,0.3054886758327484,0.6184819099178127,0.97995699207324,65.72219848632812,0.7682209610939026,0.011688911490897735,0.16
41,sco_kcal,58,0.33302929997444153,0.04641452059149742,0.6140900695467628,0.896809139151981,9.95000171661377,3.0403964519500732,0.3055674298903332,0.08
41,sco_kcal,59,0.21901313960552216,0.17644155025482178,0.6206140820568127,0.9763365999359299,38.33360290527344,0.6376585364341736,0.016634453537015505,0.12
41,sco_kcal,60,0.0224734116345644,0.09474603831768036,0.6145682745446772,0.9530350424323826,19.948427200317383,0.2131226807832718,0.01068368341238857,0.0
41,sco_kcal,61,0.47416529059410095,0.025334205478429794,0.6263371747279836,0.9128143168451901,5.469671726226807,2.4824025630950928,0.45384854655757395,0.26
41,sco_kcal,62,0.1599864810705185,2.6160058975219727,0.6176284336950135,0.97911630454021,552.0676879882812,0.9844618439674377,0.0017832267045999166,0.12
41,sco_kcal,63,0.030565772205591202,0.20987579226493835,0.6253937616808067,0.9253448428595439,45.89045333862305,0.5979954600334167,0.013030933811458393,0.06
41,sco_kcal,64,0.3213050067424774,0.3558143675327301,0.6234216667352623,0.9845074954820765,78.85487365722656,3.496428966522217,0.04434004905924785,0.38
41,sco_kcal,65,0.13508300483226776,0.030872058123350143,0.6146940805880816,0.9282860444190668,6.619685649871826,0.34368112683296204,0.051918043395250434,0.06
41,sco_kcal,66,0.10880767554044724,0.25057682394981384,0.6187809635577781,0.9730470743191268,54.20779037475586,1.8008613586425781,0.0332214492823383,0.14
41,sco_kcal,67,0.5420945882797241,0.03864279016852379,0.6274603512285593,0.9018137636980534,8.48907470703125,5.199539661407471,0.6124978093432074,0.24
41,sco_kcal,68,0.12144945561885834,0.1506296694278717,0.6257302012404138,0.9340244866880634,33.12935256958008,0.7310558557510376,0.02206671121071968,0.06
41,sco_kcal,69,0.11744306236505508,0.08335117995738983,0.5757029714434196,0.9293434305191148,15.943865776062012,0.6971887946128845,0.043727713492146804,0.0
41,sco_kcal,70,0.4157678186893463,0.029569996520876884,0.6281872272008879,0.8987525632607938,6.453829765319824,2.669884443283081,0.41368993920941655,0.12
41,sco_kcal,71,0.3663090467453003,0.038496922701597214,0.6245914440704139,0.9567324272911484,8.423895835876465,1.5227723121643066,0.18076817921691093,0.24
41,sco_kcal,72,0.08351434767246246,0.10245339572429657,0.6086824559476662,0.9262159756500201,21.213912963867188,0.619142472743988,0.029185679878980776,0.08
41,sco_kcal,73,0.33542394638061523,0.08427119255065918,0.6005002099295826,0.8993116846997213,17.02435874938965,5.301198959350586,0.31138905361358427,0.14
41,sco_kcal,74,0.10593590885400772,0.023525994271039963,0.6194431810859962,0.9294142680113262,5.152736663818359,0.46920138597488403,0.0910586774731836,0.02
41,sco_kcal,75,0.6015422940254211,0.03796790540218353,0.6036940740220225,0.884661403431074,7.941384792327881,5.410040855407715,0.6812465328004657,0.46
41,sco_kcal,76,0.08295410871505737,0.0425570085644722,0.6183896611940054,0.9615924210870745,9.263022422790527,0.22460024058818817,0.024246971489088366,0.02
41,sco_kcal,77,0.2400849461555481,0.06113626807928085,0.5881819159154238,0.9032727828066214,12.096590042114258,2.3521862030029297,0.19445035293531462,0.06
41,sco_kcal,78,0.215052992105484,0.024682054296135902,0.602496417976317,0.9309351804843755,5.205374717712402,0.687565803527832,0.13208766723137955,0.1
41,sco_kcal,79,0.1549578309059143,1.19590163230896,0.6180853513563542,0.9753862658158652,257.5627746582031,2.5181963443756104,0.009777019787573593,0.1
41,sco_kcal,80,0.15797875821590424,0.3581244945526123,0.6179227619765288,0.9702768180411356,76.9864273071289,0.5721679329872131,0.007432062416724599,0.12
41,sco_kcal,81,0.1920069456100464,0.3571670353412628,0.6182020441480751,0.9779592852065673,76.84083557128906,0.6597201824188232,0.008585541496445182,0.22
41,sco_kcal,82,0.7569915056228638,0.028766799718141556,0.62780036359806,0.9006972075643991,5.934935569763184,6.173840045928955,1.040253929188873,0.7
41,sco_kcal,83,0.24565541744232178,0.040100179612636566,0.6226903606102256,0.9053708486336902,8.723498344421387,1.6847047805786133,0.19312261137253148,0.08
41,sco_kcal,84,0.5989667773246765,0.02039220742881298,0.6490930131327222,0.8857969572734568,4.712093353271484,3.1299514770507812,0.6642380026019088,0.38
41,sco_kcal,85,0.17065992951393127,0.12754949927330017,0.6180482076178488,0.9647153748692923,27.488384246826172,0.7338563203811646,0.02669696093417699,0.08
41,sco_kcal,86,0.18095964193344116,0.10917065292596817,0.5735101072082471,0.8928132137021749,20.863025665283203,3.2786598205566406,0.15715169377433322,0.02
41,sco_kcal,87,0.19705910980701447,0.3129890561103821,0.6207681880935199,0.9784635630255727,67.87230682373047,0.7610771059989929,0.011213367301270132,0.12
41,sco_kcal,88,0.17617858946323395,1.1466609239578247,0.6182656877125592,0.9746624398876735,246.57398986816406,2.845311164855957,0.01153938080158926,0.12
41,sco_kcal,89,0.06932688504457474,0.41208434104919434,0.6194329363763289,0.9374550386223195,88.12466430664062,1.1426821947097778,0.01296665585849694,0.12
41,sco_kcal,90,0.34310683608055115,0.0297535452991724,0.6203302345836983,0.9061967706198941,6.545228004455566,1.841896653175354,0.281410617311041,0.1
41,sco_kcal,91,0.2530895471572876,0.02666052244603634,0.6197417478355376,0.9211448709640755,5.848919868469238,0.9924431443214417,0.16967973004239173,0.08
41,sco_kcal,92,0.37126970291137695,0.051225971430540085,0.588209440061402,0.8882767460727754,10.368890762329102,3.2309041023254395,0.3115959244226526,0.16
41,sco_kcal,93,0.21165695786476135,0.37097111344337463,0.6179386684177506,0.9809672292126017,79.82935333251953,1.0839285850524902,0.013578070469110737,0.18
41,sco_kcal,94,0.13015803694725037,0.8667574524879456,0.618147563565727,0.982493851736546,186.57293701171875,2.2449452877044678,0.012032534426809509,0.08
41,sco_kcal,95,0.4658622741699219,0.03264312818646431,0.6282749987460936,0.9426592915133776,7.194822788238525,2.3014020919799805,0.31986918367775696,0.44
41,sco_kcal,96,0.30307769775390625,0.03634713962674141,0.6203385241335384,0.9207935943571881,7.816708564758301,2.09850811958313,0.26846441852063824,0.14
41,sco_kcal,97,0.04202219471335411,0.033835798501968384,0.6208947433942689,0.9528356198184682,7.383617877960205,0.09778527915477753,0.013243545477436279,0.02
41,sco_kcal,98,0.06880778819322586,0.052792761474847794,0.59158595810532,0.959085054165143,10.494840621948242,0.3149520754814148,0.03001018184332824,0.04
41,sco_kcal,99,0.11689227819442749,0.03956425189971924,0.6050372621345697,0.9398018366339711,8.258502006530762,0.4390111565589905,0.05315869103280761,0.06
41,sco_kcal,100,0.549250066280365,0.04047787934541702,0.6026087963593854,0.8928936360617254,7.965615749359131,4.6526594161987305,0.584092876507765,0.36
41,sco_kcal,101,0.3973715901374817,0.04348011687397957,0.6095899108065213,0.8905018478865725,9.016975402832031,3.738844633102417,0.41464509617361595,0.1
41,sco_kcal,102,0.3585512340068817,0.08283323049545288,0.6251510499604833,0.9646051411490728,18.318510055541992,1.7483466863632202,0.09544153323945055,0.42
41,sco_kcal,103,0.19549396634101868,0.033170681446790695,0.6121868212006776,0.9396508908470671,7.098608493804932,0.8826014399528503,0.12433442987074307,0.08
41,sco_kcal,104,0.168296679854393,0.5165148377418518,0.6189168802342158,0.9787543516429511,111.74124145507812,1.6443449258804321,0.01471564933831066,0.12
41,sco_kcal,105,0.019656451418995857,0.15924616158008575,0.6140586539070518,0.9421447771162001,33.27619934082031,0.19925542175769806,0.005987926076439536,0.0
41,sco_kcal,106,0.16925612092018127,0.5170644521713257,0.6183529602180213,0.978311402269032,111.10575103759766,1.120877742767334,0.010088386355338477,0.14
41,sco_kcal,107,0.25785690546035767,0.026615437120199203,0.6207900714005379,0.9328539152552782,5.845943927764893,1.0697070360183716,0.18298277390891052,0.14
41,sco_kcal,108,0.35428357124328613,0.03669477254152298,0.6027813321461046,0.9474151281155185,7.685966491699219,1.530854344367981,0.199175256101011,0.24
41,sco_kcal,109,0.1336635947227478,0.07006286829710007,0.6222844581642268,0.9343793198939803,15.284571647644043,1.0617541074752808,0.06946574179191597,0.1
41,sco_kcal,110,0.051358964294195175,0.03736332058906555,0.5805529447152789,0.9600427911990022,7.302900314331055,0.11831303685903549,0.01620082867992331,0.02
41,sco_kcal,111,0.22134895622730255,0.04068037495017052,0.6190187830670895,0.9424489830100655,8.835636138916016,0.584672212600708,0.06617205636451633,0.06
41,sco_kcal,112,0.1894962340593338,0.04880274087190628,0.6183168916413697,0.951669825023026,10.598944664001465,0.36776113510131836,0.03469790123071328,0.1
41,sco_kcal,113,0.15443602204322815,0.1265282779932022,0.6192919474877026,0.9774379661230046,27.47377586364746,0.4803648591041565,0.017484486351210353,0.14
41,sco_kcal,114,0.26305410265922546,0.21772713959217072,0.6276644758792116,0.9806784838103781,48.62785720825195,1.644940733909607,0.03382712766604215,0.28
41,sco_kcal,115,0.24446260929107666,0.050634291023015976,0.5974519223182819,0.9196601131403361,10.273859024047852,2.0841023921966553,0.20285487539963623,0.1
41,sco_kcal,116,0.2864156663417816,0.0931045264005661,0.5805642790988252,0.8909537510661698,18.144582748413086,4.3410563468933105,0.23924806687951955,0.12
41,sco_kcal,117,0.22422417998313904,0.22303412854671478,0.6183459558852273,0.9776001678213968,48.222599029541016,0.9261260032653809,0.019205227878697266,0.1
41,sco_kcal,118,0.20877665281295776,0.5604198575019836,0.6180749501492917,0.982862446259815,120.40931701660156,0.9186227917671204,0.007629167032319138,0.2
41,sco_kcal,119,0.053456082940101624,0.14797700941562653,0.6149373653633698,0.9315152111225435,32.076515197753906,0.652031421661377,0.02032737713687284,0.06
41,sco_kcal,120,0.16308623552322388,0.04946383833885193,0.6053413948729993,0.9401161995946357,10.390110969543457,0.6640915274620056,0.06391573000602764,0.08
41,sco_kcal,121,0.2411753237247467,0.1592150628566742,0.6233556421781532,0.976667399353748,35.18696975708008,0.9626896977424622,0.027359266921493187,0.14
41,sco_kcal,122,0.12378861010074615,0.05681373551487923,0.6195677794064576,0.9342802596119724,12.439909934997559,0.6830390095710754,0.054907070319654167,0.04
41,sco_kcal,123,0.05208234488964081,0.0594872310757637,0.619118475407056,0.961204778855075,12.920685768127441,0.08255894482135773,0.006389672057888206,0.02
41,sco_kcal,124,0.6069833636283875,0.031332094222307205,0.6306410695771165,0.8875250347861601,6.9994940757751465,4.726405620574951,0.6752496065298168,0.28
41,sco_kcal,125,0.19883105158805847,0.30909326672554016,0.6180739617938189,0.9773726608688551,66.44923400878906,0.6631580591201782,0.009979920295732289,0.2
41,sco_kcal,126,0.1595800518989563,0.16669918596744537,0.6222463808134941,0.9815066520388249,36.48037338256836,0.7636556029319763,0.020933327488826595,0.16
41,sco_kcal,127,0.11896879971027374,0.04125359654426575,0.6264020233659537,0.9503390432632286,9.146398544311523,0.368029922246933,0.04023768704850765,0.06
41,sco_kcal,128,0.05544910952448845,0.029195627197623253,0.6104032514995048,0.9554711083400909,6.2055344581604,0.10695843398571014,0.017235974549308593,0.04
41,sco_kcal,129,0.2747151851654053,0.03889082372188568,0.6037745644210617,0.9176272487250283,8.004011154174805,1.9292480945587158,0.24103515817221732,0.08
41,sco_kcal,130,0.14609917998313904,0.05493611842393875,0.6031369254306254,0.9164539470407149,11.3363037109375,1.1260409355163574,0.09933051938524988,0.02
41,sco_kcal,131,0.04914078488945961,0.08474156260490417,0.5868389069093165,0.9619170226495279,16.56018829345703,0.2668505609035492,0.01611398108371645,0.02
41,sco_kcal,132,0.2040276825428009,0.07600139826536179,0.6225735195836011,0.972745712984578,16.649322509765625,1.225376009941101,0.07359915151036082,0.16
41,sco_kcal,133,0.35509029030799866,0.039048247039318085,0.6225076562763081,0.9017194013222012,8.453826904296875,2.8229269981384277,0.33392297122899484,0.1
41,sco_kcal,134,0.2842405140399933,0.03606637939810753,0.6373272961978784,0.9160034088789524,8.17656421661377,1.7568309307098389,0.2148617541754488,0.06
41,sco_kcal,135,0.5829470157623291,0.03586120158433914,0.6379682726303932,0.9273798924024801,7.859679222106934,5.24761438369751,0.6676626660459037,0.52
41,sco_kcal,136,0.3069609999656677,0.03633015230298042,0.6211713944649901,0.9059000006903144,7.977359294891357,2.034883737564087,0.2550823727931136,0.06
41,sco_kcal,137,0.5443482398986816,0.03138674423098564,0.6217927776596524,0.8896145946912095,6.9620866775512695,3.936720848083496,0.565451283560884,0.16
41,sco_kcal,138,0.14235273003578186,0.03469740226864815,0.6193070892835326,0.968332189887745,7.594083309173584,0.11355438083410263,0.014953006993869816,0.08
41,sco_kcal,139,0.4062919616699219,0.04984809458255768,0.619944179809089,0.9244640370523269,10.62413215637207,3.5394530296325684,0.3331522026963585,0.24
41,sco_kcal,140,0.08733255416154861,0.016490893438458443,0.6196590424002111,0.9643937124859827,3.6244115829467773,0.12179401516914368,0.03360380364696902,0.06
41,sco_kcal,141,0.24131086468696594,0.07846905291080475,0.6057004721400567,0.881068430273489,16.336124420166016,3.964259624481201,0.2426683050716453,0.1
41,sco_kcal,142,0.1598197966814041,0.025401528924703598,0.617435089288151,0.951122847601404,5.551358222961426,0.42496344447135925,0.07655125599959182,0.06
41,sco_kcal,143,0.09554179012775421,0.1897350698709488,0.6230683214466106,0.900006141697919,41.50811767578125,3.550589084625244,0.08553963136461153,0.02
41,sco_kcal,144,0.06000122055411339,0.06595715880393982,0.5978278890538846,0.9540603846877231,13.258612632751465,0.11427919566631317,0.008619242362056823,0.02
41,sco_kcal,145,0.1645580232143402,0.15229083597660065,0.617142647766376,0.9758872763187885,32.8268928527832,0.3606542646884918,0.010986548934311157,0.06
41,sco_kcal,146,0.5343281626701355,0.0432257279753685,0.6345580751459814,0.9144536649307924,9.56316089630127,4.743819713592529,0.4960514379118404,0.44
41,sco_kcal,147,0.22046108543872833,0.02116052806377411,0.6177582664251244,0.9437265823866428,4.634283065795898,0.6965510845184326,0.15030395740377717,0.14
41,sco_kcal,148,0.15426646173000336,0.07040921598672867,0.5782073741995784,0.9160552349668001,13.584269523620605,1.5099269151687622,0.11115260283545393,0.04
41,sco_kcal,149,0.08098314702510834,0.12971313297748566,0.5765772410303627,0.9172373767936082,24.757587432861328,1.0750608444213867,0.043423489761948014,0.04
41,sco_kcal,150,0.40233752131462097,0.05557665228843689,0.6092822188535183,0.9064442220540248,11.386033058166504,2.9524073600769043,0.25930078939647233,0.24
41,sco_kcal,151,0.11278072744607925,0.16997568309307098,0.5918338369100873,0.9248560546674316,33.83061218261719,1.350137710571289,0.03990875788127226,0.08
41,sco_kcal,152,0.03889932483434677,0.10166167467832565,0.5823793871494121,0.9549973786202801,19.679147720336914,0.10950838774442673,0.005564691586275257,0.02
41,sco_kcal,153,0.02840309590101242,0.09856677800416946,0.6035112294078104,0.9525597309763802,20.395692825317383,0.12967073917388916,0.006357751133265134,0.02
41,sco_kcal,154,0.16993342339992523,0.3181970715522766,0.6181172456949149,0.9778207408436264,68.45230102539062,0.9217275977134705,0.013465253671627186,0.12
41,sco_kcal,155,0.13306303322315216,0.11318904161453247,0.6224214447448921,0.9304466651206265,24.451223373413086,1.0086997747421265,0.041253550357686034,0.06
41,sco_kcal,156,0.05436582490801811,0.02159091643989086,0.6216651449914024,0.9718312610033213,4.735130786895752,0.21574799716472626,0.04556326041971185,0.02
41,sco_kcal,157,0.4701690077781677,0.04849157854914665,0.6219329424933444,0.8989254032023524,10.219755172729492,4.829705715179443,0.4725852658454171,0.14
41,sco_kcal,158,0.17301128804683685,0.2665542960166931,0.6181940063877611,0.9751112668441821,57.31255340576172,0.7006669640541077,0.012225366388643025,0.1
41,sco_kcal,159,0.5490621328353882,0.0315706767141819,0.6047033016905639,0.9212716936267356,6.687015056610107,3.7704381942749023,0.5638447292783988,0.46
41,sco_kcal,160,0.21275630593299866,0.22546227276325226,0.6207002889195383,0.9759364559416637,48.80488204956055,0.5299338698387146,0.010858214333979448,0.1
41,sco_kcal,161,0.8238319754600525,0.02648136392235756,0.6551579885649055,0.9031721652457763,5.889305591583252,7.834251403808594,1.3302504483728907,0.4
41,sco_kcal,162,0.18034926056861877,0.34075164794921875,0.6252833408667144,0.9821807384901882,75.35567474365234,2.544084072113037,0.03376101508967432,0.12
41,sco_kcal,163,0.030801916494965553,0.0556669719517231,0.6109179777198785,0.966016079201961,11.78469467163086,0.09765961021184921,0.008286986887063261,0.04
41,sco_kcal,164,0.04625730216503143,0.09524360299110413,0.6046153771793652,0.9380574856767365,19.858848571777344,0.28954145312309265,0.014579971848648777,0.02
41,sco_kcal,165,0.0685800090432167,0.014378750696778297,0.6149488190451711,0.9601891542279186,3.1344540119171143,0.1356831043958664,0.043287636022095934,0.04
41,sco_kcal,166,0.3401588797569275,0.03320422023534775,0.6229080570169594,0.9272733223866647,7.212209701538086,2.158834218978882,0.2993304837653966,0.1
41,sco_kcal,167,0.1077248677611351,0.024294503033161163,0.6066507081271622,0.9532544228590802,5.108804225921631,0.23219643533229828,0.04545025118679507,0.04
41,sco_kcal,168,0.5538737773895264,0.027088480070233345,0.6326571403269647,0.8845360151930137,6.04722785949707,3.546482801437378,0.5864642252346562,0.32
41,sco_kcal,169,0.1560717225074768,0.2648373246192932,0.6243369245524519,0.955043273872469,57.89320755004883,0.9386629462242126,0.01621369735668448,0.06
41,sco_kcal,170,0.25286704301834106,0.031304821372032166,0.6002801160524063,0.9313236302185903,6.449142932891846,1.0920077562332153,0.16932602790733164,0.06
41,sco_kcal,171,0.3365645408630371,0.05676409229636192,0.6230120603331317,0.8984583829043029,12.379935264587402,3.8797852993011475,0.3133930199456865,0.06
41,sco_kcal,172,0.03697395697236061,0.038896311074495316,0.617841944409895,0.9608866312049138,8.475152969360352,0.09480645507574081,0.011186400460084695,0.02
41,sco_kcal,173,0.10044440627098083,0.8357645869255066,0.6183077127550278,0.9752706751175022,179.90025329589844,2.830132007598877,0.01573167327865792,0.12
41,sco_kcal,174,0.17990653216838837,0.035838156938552856,0.6188282363482709,0.9527020614141875,7.8098273277282715,0.37844201922416687,0.048457155753051505,0.1
41,sco_kcal,175,0.2714606821537018,0.05085111781954765,0.6299228760147617,0.9419737049757773,10.986348152160645,0.5615791082382202,0.051116085205053015,0.28
41,sco_kcal,176,0.13422836363315582,0.14999070763587952,0.6180749457846224,0.9669412777276194,32.28146743774414,0.449728786945343,0.013931485234141217,0.02
41,sco_kcal,177,0.11247377842664719,0.03439833223819733,0.5976669694034213,0.9474771370178519,7.079894065856934,0.1955786645412445,0.027624518491657986,0.02
41,sco_kcal,178,0.16510675847530365,0.0441485159099102,0.5963692252919526,0.9399877768694613,8.921624183654785,0.7150793075561523,0.08015124744508312,0.08
41,sco_kcal,179,0.3046071231365204,0.06614265590906143,0.6096697067754957,0.886314597919293,13.878554344177246,3.950404167175293,0.28464089769066525,0.04
41,sco_kcal,180,0.07004087418317795,0.12998975813388824,0.6252337517823361,0.9334663394560183,28.37966537475586,0.6615986227989197,0.02331241803109566,0.0
41,sco_kcal,181,0.37814533710479736,0.03566759079694748,0.6206149992157388,0.948853902546384,7.910745620727539,1.157951831817627,0.14637707838608668,0.46
41,sco_kcal,182,0.23245157301425934,0.048294518142938614,0.5947691659873573,0.8960590107929058,9.7373046875,1.5880533456802368,0.1630896225029147,0.08
41,sco_kcal,183,0.051193252205848694,0.03747818246483803,0.6166223704471376,0.968431252754326,8.128003120422363,0.22402164340019226,0.02756170735679432,0.02
41,sco_kcal,184,0.267341673374176,0.04171736165881157,0.6010753376631937,0.8855192584788834,8.745149612426758,2.187502861022949,0.25013898652054306,0.04
41,sco_kcal,185,0.20148378610610962,0.1575479656457901,0.6230509174784664,0.9066349295808462,34.91484451293945,3.5936038494110107,0.10292481320027703,0.12
41,sco_kcal,186,0.1106829047203064,0.1907462179660797,0.621224346634111,0.895958190481771,41.81028747558594,4.270214557647705,0.1021331068374306,0.0
41,sco_kcal,187,0.015373819507658482,0.3420340120792389,0.6225510845253919,0.9543542193728078,74.40138244628906,0.21361123025417328,0.002871065338179447,0.08
41,sco_kcal,188,0.45958927273750305,0.033709440380334854,0.5875353215561139,0.8937409988735636,6.673806190490723,2.8951163291931152,0.4338028774821581,0.26
41,sco_kcal,189,0.14049497246742249,0.03170430660247803,0.611895395961451,0.9357520057133244,6.743603706359863,0.6440165638923645,0.09550035736604677,0.04
41,sco_kcal,190,0.1705775111913681,0.02055356651544571,0.6298411658837966,0.9410366610737237,4.666642665863037,0.4544656574726105,0.09738599888889558,0.08
41,sco_kcal,191,0.17822423577308655,0.17102044820785522,0.6178522560256905,0.9654910264217469,36.78700256347656,0.29920077323913574,0.008133328414644819,0.1
41,sco_kcal,192,0.05247614532709122,0.06444261223077774,0.5856312039718599,0.963793413563369,12.619571685791016,0.04420989006757736,0.003503279760069465,0.02
41,sco_kcal,193,0.14111506938934326,0.04375379905104637,0.5815635550609632,0.9414288024519826,8.61239242553711,0.608748733997345,0.07068288390950561,0.06
41,sco_kcal,194,0.2953318655490875,0.025345927104353905,0.595579332595443,0.9280063193259147,5.317707538604736,1.1016676425933838,0.20716965620911904,0.16
41,sco_kcal,195,0.03381854668259621,0.13029439747333527,0.6155665485672934,0.9573804005326607,27.675214767456055,0.21112652122974396,0.007628722053424231,0.02
41,sco_kcal,196,0.2457612007856369,0.07488895207643509,0.6160046489535815,0.9199599754661769,16.03836441040039,2.1600637435913086,0.13468104903456196,0.1
41,sco_kcal,197,0.19413429498672485,0.029474051669239998,0.609749651495282,0.937520928569769,6.3133015632629395,0.7068585157394409,0.11196336950742952,0.14
41,sco_kcal,198,0.06759968400001526,0.03767400234937668,0.6174915215266563,0.9683558608532903,8.186864852905273,0.14567852020263672,0.01779417674776197,0.04
41,sco_kcal,199,0.019186750054359436,0.17238491773605347,0.6197506926865322,0.9415056820684644,37.58671188354492,0.16775712370872498,0.004463202959292838,0.0
41,sco_kcal,200,0.13610298931598663,0.06008706986904144,0.5851665966951194,0.9314592875507046,11.862367630004883,0.718902051448822,0.060603588918490305,0.1
41,sco_kcal,201,0.1375189572572708,0.05580299720168114,0.6198312029238087,0.972290165636865,12.176983833312988,0.19087065756320953,0.015674707314715996,0.08
41,sco_kcal,202,0.1315160095691681,0.032880716025829315,0.6189410120471694,0.9352013088365141,7.167736530303955,0.5055686831474304,0.07053393787703735,0.06
41,sco_kcal,203,0.06524121016263962,0.21034522354602814,0.6105544433634658,0.9394455855044435,44.25566864013672,0.5832231640815735,0.013178496269574649,0.06
41,sco_kcal,204,0.4293825626373291,0.05931121110916138,0.6026382852572136,0.8786541797095282,12.080366134643555,5.314578056335449,0.43993518053186575,0.16
41,sco_kcal,205,0.16526316106319427,0.09085337817668915,0.5734378276163385,0.9196794677266296,17.267383575439453,1.5387283563613892,0.08911184196718863,0.1
41,sco_kcal,206,0.04245685040950775,0.05300115793943405,0.6043252223876205,0.9621405854314877,10.97991943359375,0.31585997343063354,0.02876705747623614,0.04
41,sco_kcal,207,0.166698157787323,1.140846610069275,0.6181282230717438,0.9753608068981805,245.1603240966797,2.1675922870635986,0.0088415297012285,0.12
41,sco_kcal,208,0.35051536560058594,0.03104926086962223,0.6292668256128271,0.9113670390660946,7.0330634117126465,2.0086569786071777,0.2856020002979104,0.12
41,sco_kcal,209,0.19262905418872833,0.3762586712837219,0.6256546939063508,0.98536307618116,82.90816497802734,2.2219698429107666,0.02680037416700324,0.16
41,sco_kcal,210,0.11233194172382355,0.06005895882844925,0.5776218383719136,0.9422813070984806,11.618775367736816,0.5046648979187012,0.043435291753730086,0.06
41,sco_kcal,211,0.1586727350950241,0.07349520176649094,0.6170583226028303,0.9383983441979717,15.765777587890625,0.8589860200881958,0.054484215275747996,0.04
41,sco_kcal,212,0.28340843319892883,0.06174352020025253,0.609048243165438,0.8895964905290008,13.173615455627441,3.123485565185547,0.2371016199543969,0.1
41,sco_kcal,213,0.330961138010025,0.04055539518594742,0.6183144519934491,0.9152902415866244,8.801104545593262,2.086669445037842,0.2370917689056021,0.1
41,sco_kcal,214,0.17784234881401062,0.1291804313659668,0.6143541688884215,0.9293130431292314,27.201866149902344,1.8743592500686646,0.06890553904425391,0.1
41,sco_kcal,215,0.13580678403377533,0.7248752117156982,0.6197662903870211,0.9835104468566482,157.2828369140625,2.8996167182922363,0.01843568424364416,0.16
41,sco_kcal,216,0.08677317947149277,0.023739153519272804,0.5940692986096592,0.9635222504934264,4.87137508392334,0.15542684495449066,0.03190615427406423,0.06
41,sco_kcal,217,0.33324626088142395,0.05308851599693298,0.6225820906632018,0.9148159937883673,11.586455345153809,1.9231493473052979,0.16598254513704064,0.34
41,sco_kcal,218,0.1907573640346527,0.049661677330732346,0.6201742668193841,0.968509596015046,10.84984302520752,0.5996001958847046,0.05526349040181034,0.1
41,sco_kcal,219,0.2642654478549957,0.059614021331071854,0.5690643129611446,0.9102840138061616,11.257617950439453,2.435176134109497,0.21631362379058505,0.16
41,sco_kcal,220,0.17649966478347778,0.044158779084682465,0.6150159931043719,0.933227778626468,9.423580169677734,1.3111339807510376,0.13913331845680849,0.02
41,sco_kcal,221,0.10284149646759033,0.06314130127429962,0.6172947808996325,0.9434677255486945,13.631747245788574,0.2184363603591919,0.01602409114698603,0.04
41,sco_kcal,222,0.16970892250537872,0.15597106516361237,0.6192073396820506,0.9456070021913066,33.345001220703125,1.3389010429382324,0.04015297627600446,0.06
41,sco_kcal,223,0.24150291085243225,0.04606027156114578,0.6202825223632182,0.9475063385074425,10.042828559875488,0.9051298499107361,0.09012698409759153,0.2
41,sco_kcal,224,0.1318453550338745,0.10086014866828918,0.5962633702186964,0.9067090009121241,20.37166404724121,2.0082743167877197,0.09858175120749088,0.06
41,sco_kcal,225,0.1833956092596054,0.056955788284540176,0.6041969560823439,0.934668773893123,11.795272827148438,1.7730783224105835,0.15032109459389534,0.04
41,sco_kcal,226,0.05305056273937225,0.02627594955265522,0.619974981505452,0.9585175544690643,5.743858814239502,0.10299567878246307,0.017931443322932703,0.02
41,sco_kcal,227,0.15598180890083313,0.06933178752660751,0.6119285878986225,0.9390790184034288,14.717758178710938,0.9378793239593506,0.06372433305202567,0.08
41,sco_kcal,228,0.38982653617858887,0.025598207488656044,0.6226735810468675,0.9148410718486242,5.601265907287598,2.0252580642700195,0.36157149076515577,0.1
41,sco_kcal,229,0.034838419407606125,0.3058561086654663,0.6128800008518709,0.9089300722297975,64.26795959472656,1.260696530342102,0.019616252613153556,0.04
41,sco_kcal,230,0.16523008048534393,0.11142151802778244,0.6228615170675491,0.9797851531393269,24.429000854492188,0.8525362610816956,0.03489853171481325,0.12
41,sco_kcal,231,0.23504388332366943,0.03456562012434006,0.5859237826929469,0.9247810818511257,6.783596038818359,1.1865919828414917,0.17492079069144942,0.04
41,sco_kcal,232,0.11649563163518906,0.05537956580519676,0.6076146834899783,0.9290680111870475,11.592693328857422,0.7348567247390747,0.06338964586510823,0.04
41,sco_kcal,233,0.581695556640625,0.028849607333540916,0.6318323542871083,0.8857095316362245,6.395655155181885,4.068521022796631,0.6361382726365782,0.24
41,sco_kcal,234,0.19811634719371796,0.11794591695070267,0.5806785604139559,0.8914481560890164,22.909292221069336,3.562847137451172,0.1555197385877541,0.08
41,sco_kcal,235,0.07742992788553238,0.03742165118455887,0.616185972014907,0.9656583987203247,8.065746307373047,0.502764880657196,0.062333336742516864,0.02
41,sco_kcal,236,0.6434952616691589,0.031404655426740646,0.6344424851004637,0.9042847395384148,6.836017608642578,5.05704927444458,0.7397653961644423,0.36
41,sco_kcal,237,0.10070949792861938,0.05592880770564079,0.6175873434105168,0.9635543250576213,12.095939636230469,0.19676509499549866,0.01626703678366055,0.06
41,sco_kcal,238,0.08488933742046356,0.06881557404994965,0.6114124821918414,0.9205949031036713,14.23894214630127,0.7092214226722717,0.04980857534114641,0.04
41,sco_kcal,239,0.18591496348381042,0.12777575850486755,0.6175119872724435,0.9565513439834117,27.47511100769043,1.4551557302474976,0.05296268793382461,0.04
41,sco_kcal,240,0.11510548740625381,0.05781159922480583,0.5967223589593651,0.9272642749607705,11.629237174987793,0.9996735453605652,0.08596209109146616,0.04
41,sco_kcal,241,0.06460758298635483,0.036010947078466415,0.620927252855898,0.9644424902070079,7.846381664276123,0.133864164352417,0.017060623619914974,0.04
41,sco_kcal,242,0.38913023471832275,0.037120040506124496,0.6265140681034658,0.9516720941243237,8.144248008728027,1.94447660446167,0.23875459126217832,0.24
41,sco_kcal,243,0.24402277171611786,0.0750528946518898,0.6148686315974516,0.8752851563879729,16.02178382873535,3.9289746284484863,0.245227040287599,0.04
41,sco_kcal,244,0.07109599560499191,0.03444968909025192,0.5997704680841673,0.9378140199947702,7.128551959991455,0.1325375884771347,0.01859249805865111,0.02
41,sco_kcal,245,0.323263019323349,0.05466490611433983,0.6084444126502611,0.8942831989166877,11.360990524291992,3.414238691329956,0.300522976762427,0.04
41,sco_kcal,246,0.1462424099445343,0.11757312715053558,0.6222900139668435,0.8959997350468893,25.854843139648438,3.1645421981811523,0.12239649573925755,0.0
41,sco_kcal,247,0.12681704759597778,0.02660640887916088,0.6011840889163285,0.9587592784546546,5.558859825134277,0.28021112084388733,0.05040802064785267,0.04
41,sco_kcal,248,0.07774601876735687,0.2043534517288208,0.6128429584772941,0.912754223730206,43.50975799560547,2.5824263095855713,0.05935280793440403,0.0
41,sco_kcal,249,0.08862852305173874,0.055660001933574677,0.5853976577216191,0.9365000702628052,10.713871002197266,0.27008819580078125,0.025209207367289557,0.1
41,water_gsolv_eV,0,1.0,0.0,0.627423516145502,0.627423516145502,,,,1.0
41,water_gsolv_eV,1,1.0,0.0,0.627423516145502,0.627423516145502,,,,1.0
41,water_gsolv_eV,2,1.0,0.0,0.627423516145502,0.627423516145502,,,,1.0
41,water_gsolv_eV,3,1.0,0.0,0.627423516145502,0.627423516145502,,,,1.0
41,water_gsolv_eV,4,1.0,0.0,0.627423516145502,0.627423516145502,,,,1.0
41,water_gsolv_eV,5,1.0,0.0,0.627423516145502,0.627423516145502,,,,1.0
41,water_gsolv_eV,6,1.0,0.0,0.627423516145502,0.627423516145502,,,,1.0
41,water_gsolv_eV,7,1.0,0.0,0.627423516145502,0.627423516145502,,,,1.0
41,water_gsolv_eV,8,1.0,0.0,0.627423516145502,0.627423516145502,,,,1.0
41,water_gsolv_eV,9,1.0,0.0,0.627423516145502,0.627423516145502,,,,1.0
41,water_gsolv_eV,10,1.0,0.0,0.627423516145502,0.627423516145502,,,,1.0
41,water_gsolv_eV,11,1.0,0.0,0.627423516145502,0.627423516145502,,,,1.0
41,water_gsolv_eV,12,1.0,0.0,0.627423516145502,0.627423516145502,,,,1.0
41,water_gsolv_eV,13,1.0,0.0,0.627423516145502,0.627423516145502,,,,1.0
41,water_gsolv_eV,14,1.0,0.0,0.627423516145502,0.627423516145502,,,,1.0
41,water_gsolv_eV,15,1.0,0.0,0.627423516145502,0.627423516145502,,,,1.0
41,water_gsolv_eV,16,1.0,0.0,0.627423516145502,0.627423516145502,,,,1.0
41,water_gsolv_eV,17,1.0,0.0,0.627423516145502,0.627423516145502,,,,1.0
41,water_gsolv_eV,18,1.0,0.0,0.627423516145502,0.627423516145502,,,,1.0
41,water_gsolv_eV,19,1.0,0.0,0.627423516145502,0.627423516145502,,,,1.0
41,water_gsolv_eV,20,1.0,0.0,0.627423516145502,0.627423516145502,,,,1.0
41,water_gsolv_eV,21,1.0,0.0,0.627423516145502,0.627423516145502,,,,1.0
41,water_gsolv_eV,22,1.0,0.0,0.627423516145502,0.627423516145502,,,,1.0
41,water_gsolv_eV,23,1.0,0.0,0.627423516145502,0.627423516145502,,,,1.0
41,water_gsolv_eV,24,1.0,0.0,0.627423516145502,0.627423516145502,,,,1.0
41,water_gsolv_eV,25,1.0,0.0,0.627423516145502,0.627423516145502,,,,1.0
41,water_gsolv_eV,26,1.0,0.0,0.627423516145502,0.627423516145502,,,,1.0
41,water_gsolv_eV,27,1.0,0.0,0.627423516145502,0.627423516145502,,,,1.0
41,water_gsolv_eV,28,1.0,0.0,0.627423516145502,0.627423516145502,,,,1.0
41,water_gsolv_eV,29,1.0,0.0,0.627423516145502,0.627423516145502,,,,1.0
41,water_gsolv_eV,30,1.0,0.0,0.627423516145502,0.627423516145502,,,,1.0
41,water_gsolv_eV,31,1.0,0.0,0.627423516145502,0.627423516145502,,,,1.0
41,water_gsolv_eV,32,1.0,0.0,0.627423516145502,0.627423516145502,,,,1.0
41,water_gsolv_eV,33,1.0,0.0,0.627423516145502,0.627423516145502,,,,1.0
41,water_gsolv_eV,34,1.0,0.0,0.627423516145502,0.627423516145502,,,,1.0
41,water_gsolv_eV,35,1.0,0.0,0.627423516145502,0.627423516145502,,,,1.0
41,water_gsolv_eV,36,1.0,0.0,0.627423516145502,0.627423516145502,,,,1.0
41,water_gsolv_eV,37,1.0,0.0,0.627423516145502,0.627423516145502,,,,1.0
41,water_gsolv_eV,38,1.0,0.0,0.627423516145502,0.627423516145502,,,,1.0
41,water_gsolv_eV,39,1.0,0.0,0.627423516145502,0.627423516145502,,,,1.0
41,water_gsolv_eV,40,1.0,0.0,0.627423516145502,0.627423516145502,,,,1.0
41,water_gsolv_eV,41,1.0,0.0,0.627423516145502,0.627423516145502,,,,1.0
41,water_gsolv_eV,42,1.0,0.0,0.627423516145502,0.627423516145502,,,,1.0
41,water_gsolv_eV,43,1.0,0.0,0.627423516145502,0.627423516145502,,,,1.0
41,water_gsolv_eV,44,1.0,0.0,0.627423516145502,0.627423516145502,,,,1.0
41,water_gsolv_eV,45,1.0,0.0,0.627423516145502,0.627423516145502,,,,1.0
41,water_gsolv_eV,46,1.0,0.0,0.627423516145502,0.627423516145502,,,,1.0
41,water_gsolv_eV,47,1.0,0.0,0.627423516145502,0.627423516145502,,,,1.0
41,water_gsolv_eV,48,1.0,0.0,0.627423516145502,0.627423516145502,,,,1.0
41,water_gsolv_eV,49,1.0,0.0,0.627423516145502,0.627423516145502,,,,1.0
41,water_gsolv_eV,50,1.0,0.0,0.627423516145502,0.627423516145502,,,,1.0
41,water_gsolv_eV,51,1.0,0.0,0.627423516145502,0.627423516145502,,,,1.0
41,water_gsolv_eV,52,1.0,0.0,0.627423516145502,0.627423516145502,,,,1.0
41,water_gsolv_eV,53,1.0,0.0,0.627423516145502,0.627423516145502,,,,1.0
41,water_gsolv_eV,54,1.0,0.0,0.627423516145502,0.627423516145502,,,,1.0
41,water_gsolv_eV,55,1.0,0.0,0.627423516145502,0.627423516145502,,,,1.0
41,water_gsolv_eV,56,1.0,0.0,0.627423516145502,0.627423516145502,,,,1.0
41,water_gsolv_eV,57,1.0,0.0,0.627423516145502,0.627423516145502,,,,1.0
41,water_gsolv_eV,58,1.0,0.0,0.627423516145502,0.627423516145502,,,,1.0
41,water_gsolv_eV,59,1.0,0.0,0.627423516145502,0.627423516145502,,,,1.0
41,water_gsolv_eV,60,1.0,0.0,0.627423516145502,0.627423516145502,,,,1.0
41,water_gsolv_eV,61,1.0,0.0,0.627423516145502,0.627423516145502,,,,1.0
41,water_gsolv_eV,62,1.0,0.0,0.627423516145502,0.627423516145502,,,,1.0
41,water_gsolv_eV,63,1.0,0.0,0.627423516145502,0.627423516145502,,,,1.0
41,water_gsolv_eV,64,1.0,0.0,0.627423516145502,0.627423516145502,,,,1.0
41,water_gsolv_eV,65,1.0,0.0,0.627423516145502,0.627423516145502,,,,1.0
41,water_gsolv_eV,66,1.0,0.0,0.627423516145502,0.627423516145502,,,,1.0
41,water_gsolv_eV,67,1.0,0.0,0.627423516145502,0.627423516145502,,,,1.0
41,water_gsolv_eV,68,1.0,0.0,0.627423516145502,0.627423516145502,,,,1.0
41,water_gsolv_eV,69,1.0,0.0,0.627423516145502,0.627423516145502,,,,1.0
41,water_gsolv_eV,70,1.0,0.0,0.627423516145502,0.627423516145502,,,,1.0
41,water_gsolv_eV,71,1.0,0.0,0.627423516145502,0.627423516145502,,,,1.0
41,water_gsolv_eV,72,1.0,0.0,0.627423516145502,0.627423516145502,,,,1.0
41,water_gsolv_eV,73,1.0,0.0,0.627423516145502,0.627423516145502,,,,1.0
41,water_gsolv_eV,74,1.0,0.0,0.627423516145502,0.627423516145502,,,,1.0
41,water_gsolv_eV,75,1.0,0.0,0.627423516145502,0.627423516145502,,,,1.0
41,water_gsolv_eV,76,1.0,0.0,0.627423516145502,0.627423516145502,,,,1.0
41,water_gsolv_eV,77,1.0,0.0,0.627423516145502,0.627423516145502,,,,1.0
41,water_gsolv_eV,78,1.0,0.0,0.627423516145502,0.627423516145502,,,,1.0
41,water_gsolv_eV,79,1.0,0.0,0.627423516145502,0.627423516145502,,,,1.0
41,water_gsolv_eV,80,1.0,0.0,0.627423516145502,0.627423516145502,,,,1.0
41,water_gsolv_eV,81,1.0,0.0,0.627423516145502,0.627423516145502,,,,1.0
41,water_gsolv_eV,82,1.0,0.0,0.627423516145502,0.627423516145502,,,,1.0
41,water_gsolv_eV,83,1.0,0.0,0.627423516145502,0.627423516145502,,,,1.0
41,water_gsolv_eV,84,1.0,0.0,0.627423516145502,0.627423516145502,,,,1.0
41,water_gsolv_eV,85,1.0,0.0,0.627423516145502,0.627423516145502,,,,1.0
41,water_gsolv_eV,86,1.0,0.0,0.627423516145502,0.627423516145502,,,,1.0
41,water_gsolv_eV,87,1.0,0.0,0.627423516145502,0.627423516145502,,,,1.0
41,water_gsolv_eV,88,1.0,0.0,0.627423516145502,0.627423516145502,,,,1.0
41,water_gsolv_eV,89,1.0,0.0,0.627423516145502,0.627423516145502,,,,1.0
41,water_gsolv_eV,90,1.0,0.0,0.627423516145502,0.627423516145502,,,,1.0
41,water_gsolv_eV,91,1.0,0.0,0.627423516145502,0.627423516145502,,,,1.0
41,water_gsolv_eV,92,1.0,0.0,0.627423516145502,0.627423516145502,,,,1.0
41,water_gsolv_eV,93,1.0,0.0,0.627423516145502,0.627423516145502,,,,1.0
41,water_gsolv_eV,94,1.0,0.0,0.627423516145502,0.627423516145502,,,,1.0
41,water_gsolv_eV,95,1.0,0.0,0.627423516145502,0.627423516145502,,,,1.0
41,water_gsolv_eV,96,1.0,0.0,0.627423516145502,0.627423516145502,,,,1.0
41,water_gsolv_eV,97,1.0,0.0,0.627423516145502,0.627423516145502,,,,1.0
41,water_gsolv_eV,98,1.0,0.0,0.627423516145502,0.627423516145502,,,,1.0
41,water_gsolv_eV,99,1.0,0.0,0.627423516145502,0.627423516145502,,,,1.0
41,water_gsolv_eV,100,1.0,0.0,0.627423516145502,0.627423516145502,,,,1.0
41,water_gsolv_eV,101,1.0,0.0,0.627423516145502,0.627423516145502,,,,1.0
41,water_gsolv_eV,102,1.0,0.0,0.627423516145502,0.627423516145502,,,,1.0
41,water_gsolv_eV,103,1.0,0.0,0.627423516145502,0.627423516145502,,,,1.0
41,water_gsolv_eV,104,1.0,0.0,0.627423516145502,0.627423516145502,,,,1.0
41,water_gsolv_eV,105,1.0,0.0,0.627423516145502,0.627423516145502,,,,1.0
41,water_gsolv_eV,106,1.0,0.0,0.627423516145502,0.627423516145502,,,,1.0
41,water_gsolv_eV,107,1.0,0.0,0.627423516145502,0.627423516145502,,,,1.0
41,water_gsolv_eV,108,1.0,0.0,0.627423516145502,0.627423516145502,,,,1.0
41,water_gsolv_eV,109,1.0,0.0,0.627423516145502,0.627423516145502,,,,1.0
41,water_gsolv_eV,110,1.0,0.0,0.627423516145502,0.627423516145502,,,,1.0
41,water_gsolv_eV,111,1.0,0.0,0.627423516145502,0.627423516145502,,,,1.0
41,water_gsolv_eV,112,1.0,0.0,0.627423516145502,0.627423516145502,,,,1.0
41,water_gsolv_eV,113,1.0,0.0,0.627423516145502,0.627423516145502,,,,1.0
41,water_gsolv_eV,114,1.0,0.0,0.627423516145502,0.627423516145502,,,,1.0
41,water_gsolv_eV,115,1.0,0.0,0.627423516145502,0.627423516145502,,,,1.0
41,water_gsolv_eV,116,1.0,0.0,0.627423516145502,0.627423516145502,,,,1.0
41,water_gsolv_eV,117,1.0,0.0,0.627423516145502,0.627423516145502,,,,1.0
41,water_gsolv_eV,118,1.0,0.0,0.627423516145502,0.627423516145502,,,,1.0
41,water_gsolv_eV,119,1.0,0.0,0.627423516145502,0.627423516145502,,,,1.0
41,water_gsolv_eV,120,1.0,0.0,0.627423516145502,0.627423516145502,,,,1.0
41,water_gsolv_eV,121,1.0,0.0,0.627423516145502,0.627423516145502,,,,1.0
41,water_gsolv_eV,122,1.0,0.0,0.627423516145502,0.627423516145502,,,,1.0
41,water_gsolv_eV,123,1.0,0.0,0.627423516145502,0.627423516145502,,,,1.0
41,water_gsolv_eV,124,1.0,0.0,0.627423516145502,0.627423516145502,,,,1.0
41,water_gsolv_eV,125,1.0,0.0,0.627423516145502,0.627423516145502,,,,1.0
41,water_gsolv_eV,126,1.0,0.0,0.627423516145502,0.627423516145502,,,,1.0
41,water_gsolv_eV,127,1.0,0.0,0.627423516145502,0.627423516145502,,,,1.0
41,water_gsolv_eV,128,1.0,0.0,0.627423516145502,0.627423516145502,,,,1.0
41,water_gsolv_eV,129,1.0,0.0,0.627423516145502,0.627423516145502,,,,1.0
41,water_gsolv_eV,130,1.0,0.0,0.627423516145502,0.627423516145502,,,,1.0
41,water_gsolv_eV,131,1.0,0.0,0.627423516145502,0.627423516145502,,,,1.0
41,water_gsolv_eV,132,1.0,0.0,0.627423516145502,0.627423516145502,,,,1.0
41,water_gsolv_eV,133,1.0,0.0,0.627423516145502,0.627423516145502,,,,1.0
41,water_gsolv_eV,134,1.0,0.0,0.627423516145502,0.627423516145502,,,,1.0
41,water_gsolv_eV,135,1.0,0.0,0.627423516145502,0.627423516145502,,,,1.0
41,water_gsolv_eV,136,1.0,0.0,0.627423516145502,0.627423516145502,,,,1.0
41,water_gsolv_eV,137,1.0,0.0,0.627423516145502,0.627423516145502,,,,1.0
41,water_gsolv_eV,138,1.0,0.0,0.627423516145502,0.627423516145502,,,,1.0
41,water_gsolv_eV,139,1.0,0.0,0.627423516145502,0.627423516145502,,,,1.0
41,water_gsolv_eV,140,1.0,0.0,0.627423516145502,0.627423516145502,,,,1.0
41,water_gsolv_eV,141,1.0,0.0,0.627423516145502,0.627423516145502,,,,1.0
41,water_gsolv_eV,142,1.0,0.0,0.627423516145502,0.627423516145502,,,,1.0
41,water_gsolv_eV,143,1.0,0.0,0.627423516145502,0.627423516145502,,,,1.0
41,water_gsolv_eV,144,1.0,0.0,0.627423516145502,0.627423516145502,,,,1.0
41,water_gsolv_eV,145,1.0,0.0,0.627423516145502,0.627423516145502,,,,1.0
41,water_gsolv_eV,146,1.0,0.0,0.627423516145502,0.627423516145502,,,,1.0
41,water_gsolv_eV,147,1.0,0.0,0.627423516145502,0.627423516145502,,,,1.0
41,water_gsolv_eV,148,1.0,0.0,0.627423516145502,0.627423516145502,,,,1.0
41,water_gsolv_eV,149,1.0,0.0,0.627423516145502,0.627423516145502,,,,1.0
41,water_gsolv_eV,150,1.0,0.0,0.627423516145502,0.627423516145502,,,,1.0
41,water_gsolv_eV,151,1.0,0.0,0.627423516145502,0.627423516145502,,,,1.0
41,water_gsolv_eV,152,1.0,0.0,0.627423516145502,0.627423516145502,,,,1.0
41,water_gsolv_eV,153,1.0,0.0,0.627423516145502,0.627423516145502,,,,1.0
41,water_gsolv_eV,154,1.0,0.0,0.627423516145502,0.627423516145502,,,,1.0
41,water_gsolv_eV,155,1.0,0.0,0.627423516145502,0.627423516145502,,,,1.0
41,water_gsolv_eV,156,1.0,0.0,0.627423516145502,0.627423516145502,,,,1.0
41,water_gsolv_eV,157,1.0,0.0,0.627423516145502,0.627423516145502,,,,1.0
41,water_gsolv_eV,158,1.0,0.0,0.627423516145502,0.627423516145502,,,,1.0
41,water_gsolv_eV,159,1.0,0.0,0.627423516145502,0.627423516145502,,,,1.0
41,water_gsolv_eV,160,1.0,0.0,0.627423516145502,0.627423516145502,,,,1.0
41,water_gsolv_eV,161,1.0,0.0,0.627423516145502,0.627423516145502,,,,1.0
41,water_gsolv_eV,162,1.0,0.0,0.627423516145502,0.627423516145502,,,,1.0
41,water_gsolv_eV,163,1.0,0.0,0.627423516145502,0.627423516145502,,,,1.0
41,water_gsolv_eV,164,1.0,0.0,0.627423516145502,0.627423516145502,,,,1.0
41,water_gsolv_eV,165,1.0,0.0,0.627423516145502,0.627423516145502,,,,1.0
41,water_gsolv_eV,166,1.0,0.0,0.627423516145502,0.627423516145502,,,,1.0
41,water_gsolv_eV,167,1.0,0.0,0.627423516145502,0.627423516145502,,,,1.0
41,water_gsolv_eV,168,1.0,0.0,0.627423516145502,0.627423516145502,,,,1.0
41,water_gsolv_eV,169,1.0,0.0,0.627423516145502,0.627423516145502,,,,1.0
41,water_gsolv_eV,170,1.0,0.0,0.627423516145502,0.627423516145502,,,,1.0
41,water_gsolv_eV,171,1.0,0.0,0.627423516145502,0.627423516145502,,,,1.0
41,water_gsolv_eV,172,1.0,0.0,0.627423516145502,0.627423516145502,,,,1.0
41,water_gsolv_eV,173,1.0,0.0,0.627423516145502,0.627423516145502,,,,1.0
41,water_gsolv_eV,174,1.0,0.0,0.627423516145502,0.627423516145502,,,,1.0
41,water_gsolv_eV,175,1.0,0.0,0.627423516145502,0.627423516145502,,,,1.0
41,water_gsolv_eV,176,1.0,0.0,0.627423516145502,0.627423516145502,,,,1.0
41,water_gsolv_eV,177,1.0,0.0,0.627423516145502,0.627423516145502,,,,1.0
41,water_gsolv_eV,178,1.0,0.0,0.627423516145502,0.627423516145502,,,,1.0
41,water_gsolv_eV,179,1.0,0.0,0.627423516145502,0.627423516145502,,,,1.0
41,water_gsolv_eV,180,1.0,0.0,0.627423516145502,0.627423516145502,,,,1.0
41,water_gsolv_eV,181,1.0,0.0,0.627423516145502,0.627423516145502,,,,1.0
41,water_gsolv_eV,182,1.0,0.0,0.627423516145502,0.627423516145502,,,,1.0
41,water_gsolv_eV,183,1.0,0.0,0.627423516145502,0.627423516145502,,,,1.0
41,water_gsolv_eV,184,1.0,0.0,0.627423516145502,0.627423516145502,,,,1.0
41,water_gsolv_eV,185,1.0,0.0,0.627423516145502,0.627423516145502,,,,1.0
41,water_gsolv_eV,186,1.0,0.0,0.627423516145502,0.627423516145502,,,,1.0
41,water_gsolv_eV,187,1.0,0.0,0.627423516145502,0.627423516145502,,,,1.0
41,water_gsolv_eV,188,1.0,0.0,0.627423516145502,0.627423516145502,,,,1.0
41,water_gsolv_eV,189,1.0,0.0,0.627423516145502,0.627423516145502,,,,1.0
41,water_gsolv_eV,190,1.0,0.0,0.627423516145502,0.627423516145502,,,,1.0
41,water_gsolv_eV,191,1.0,0.0,0.627423516145502,0.627423516145502,,,,1.0
41,water_gsolv_eV,192,1.0,0.0,0.627423516145502,0.627423516145502,,,,1.0
41,water_gsolv_eV,193,1.0,0.0,0.627423516145502,0.627423516145502,,,,1.0
41,water_gsolv_eV,194,1.0,0.0,0.627423516145502,0.627423516145502,,,,1.0
41,water_gsolv_eV,195,1.0,0.0,0.627423516145502,0.627423516145502,,,,1.0
41,water_gsolv_eV,196,1.0,0.0,0.627423516145502,0.627423516145502,,,,1.0
41,water_gsolv_eV,197,1.0,0.0,0.627423516145502,0.627423516145502,,,,1.0
41,water_gsolv_eV,198,1.0,0.0,0.627423516145502,0.627423516145502,,,,1.0
41,water_gsolv_eV,199,1.0,0.0,0.627423516145502,0.627423516145502,,,,1.0
41,water_gsolv_eV,200,1.0,0.0,0.627423516145502,0.627423516145502,,,,1.0
41,water_gsolv_eV,201,1.0,0.0,0.627423516145502,0.627423516145502,,,,1.0
41,water_gsolv_eV,202,1.0,0.0,0.627423516145502,0.627423516145502,,,,1.0
41,water_gsolv_eV,203,1.0,0.0,0.627423516145502,0.627423516145502,,,,1.0
41,water_gsolv_eV,204,1.0,0.0,0.627423516145502,0.627423516145502,,,,1.0
41,water_gsolv_eV,205,1.0,0.0,0.627423516145502,0.627423516145502,,,,1.0
41,water_gsolv_eV,206,1.0,0.0,0.627423516145502,0.627423516145502,,,,1.0
41,water_gsolv_eV,207,1.0,0.0,0.627423516145502,0.627423516145502,,,,1.0
41,water_gsolv_eV,208,1.0,0.0,0.627423516145502,0.627423516145502,,,,1.0
41,water_gsolv_eV,209,1.0,0.0,0.627423516145502,0.627423516145502,,,,1.0
41,water_gsolv_eV,210,1.0,0.0,0.627423516145502,0.627423516145502,,,,1.0
41,water_gsolv_eV,211,1.0,0.0,0.627423516145502,0.627423516145502,,,,1.0
41,water_gsolv_eV,212,1.0,0.0,0.627423516145502,0.627423516145502,,,,1.0
41,water_gsolv_eV,213,1.0,0.0,0.627423516145502,0.627423516145502,,,,1.0
41,water_gsolv_eV,214,1.0,0.0,0.627423516145502,0.627423516145502,,,,1.0
41,water_gsolv_eV,215,1.0,0.0,0.627423516145502,0.627423516145502,,,,1.0
41,water_gsolv_eV,216,1.0,0.0,0.627423516145502,0.627423516145502,,,,1.0
41,water_gsolv_eV,217,1.0,0.0,0.627423516145502,0.627423516145502,,,,1.0
41,water_gsolv_eV,218,1.0,0.0,0.627423516145502,0.627423516145502,,,,1.0
41,water_gsolv_eV,219,1.0,0.0,0.627423516145502,0.627423516145502,,,,1.0
41,water_gsolv_eV,220,1.0,0.0,0.627423516145502,0.627423516145502,,,,1.0
41,water_gsolv_eV,221,1.0,0.0,0.627423516145502,0.627423516145502,,,,1.0
41,water_gsolv_eV,222,1.0,0.0,0.627423516145502,0.627423516145502,,,,1.0
41,water_gsolv_eV,223,1.0,0.0,0.627423516145502,0.627423516145502,,,,1.0
41,water_gsolv_eV,224,1.0,0.0,0.627423516145502,0.627423516145502,,,,1.0
41,water_gsolv_eV,225,1.0,0.0,0.627423516145502,0.627423516145502,,,,1.0
41,water_gsolv_eV,226,1.0,0.0,0.627423516145502,0.627423516145502,,,,1.0
41,water_gsolv_eV,227,1.0,0.0,0.627423516145502,0.627423516145502,,,,1.0
41,water_gsolv_eV,228,1.0,0.0,0.627423516145502,0.627423516145502,,,,1.0
41,water_gsolv_eV,229,1.0,0.0,0.627423516145502,0.627423516145502,,,,1.0
41,water_gsolv_eV,230,1.0,0.0,0.627423516145502,0.627423516145502,,,,1.0
41,water_gsolv_eV,231,1.0,0.0,0.627423516145502,0.627423516145502,,,,1.0
41,water_gsolv_eV,232,1.0,0.0,0.627423516145502,0.627423516145502,,,,1.0
41,water_gsolv_eV,233,1.0,0.0,0.627423516145502,0.627423516145502,,,,1.0
41,water_gsolv_eV,234,1.0,0.0,0.627423516145502,0.627423516145502,,,,1.0
41,water_gsolv_eV,235,1.0,0.0,0.627423516145502,0.627423516145502,,,,1.0
41,water_gsolv_eV,236,1.0,0.0,0.627423516145502,0.627423516145502,,,,1.0
41,water_gsolv_eV,237,1.0,0.0,0.627423516145502,0.627423516145502,,,,1.0
41,water_gsolv_eV,238,1.0,0.0,0.627423516145502,0.627423516145502,,,,1.0
41,water_gsolv_eV,239,1.0,0.0,0.627423516145502,0.627423516145502,,,,1.0
41,water_gsolv_eV,240,1.0,0.0,0.627423516145502,0.627423516145502,,,,1.0
41,water_gsolv_eV,241,1.0,0.0,0.627423516145502,0.627423516145502,,,,1.0
41,water_gsolv_eV,242,1.0,0.0,0.627423516145502,0.627423516145502,,,,1.0
41,water_gsolv_eV,243,1.0,0.0,0.627423516145502,0.627423516145502,,,,1.0
41,water_gsolv_eV,244,1.0,0.0,0.627423516145502,0.627423516145502,,,,1.0
41,water_gsolv_eV,245,1.0,0.0,0.627423516145502,0.627423516145502,,,,1.0
41,water_gsolv_eV,246,1.0,0.0,0.627423516145502,0.627423516145502,,,,1.0
41,water_gsolv_eV,247,1.0,0.0,0.627423516145502,0.627423516145502,,,,1.0
41,water_gsolv_eV,248,1.0,0.0,0.627423516145502,0.627423516145502,,,,1.0
41,water_gsolv_eV,249,1.0,0.0,0.627423516145502,0.627423516145502,,,,1.0
41,water_hl_gap_eV,0,1.0000001192092896,0.0,0.712596999170998,0.712596999170998,,,,1.0
41,water_hl_gap_eV,1,1.0000001192092896,0.0,0.712596999170998,0.712596999170998,,,,1.0
41,water_hl_gap_eV,2,1.0000001192092896,0.0,0.712596999170998,0.712596999170998,,,,1.0
41,water_hl_gap_eV,3,1.0000001192092896,0.0,0.712596999170998,0.712596999170998,,,,1.0
41,water_hl_gap_eV,4,1.0000001192092896,0.0,0.712596999170998,0.712596999170998,,,,1.0
41,water_hl_gap_eV,5,1.0000001192092896,0.0,0.712596999170998,0.712596999170998,,,,1.0
41,water_hl_gap_eV,6,1.0000001192092896,0.0,0.712596999170998,0.712596999170998,,,,1.0
41,water_hl_gap_eV,7,1.0000001192092896,0.0,0.712596999170998,0.712596999170998,,,,1.0
41,water_hl_gap_eV,8,1.0000001192092896,0.0,0.712596999170998,0.712596999170998,,,,1.0
41,water_hl_gap_eV,9,1.0000001192092896,0.0,0.712596999170998,0.712596999170998,,,,1.0
41,water_hl_gap_eV,10,1.0000001192092896,0.0,0.712596999170998,0.712596999170998,,,,1.0
41,water_hl_gap_eV,11,1.0000001192092896,0.0,0.712596999170998,0.712596999170998,,,,1.0
41,water_hl_gap_eV,12,1.0000001192092896,0.0,0.712596999170998,0.712596999170998,,,,1.0
41,water_hl_gap_eV,13,1.0000001192092896,0.0,0.712596999170998,0.712596999170998,,,,1.0
41,water_hl_gap_eV,14,1.0000001192092896,0.0,0.712596999170998,0.712596999170998,,,,1.0
41,water_hl_gap_eV,15,1.0000001192092896,0.0,0.712596999170998,0.712596999170998,,,,1.0
41,water_hl_gap_eV,16,1.0000001192092896,0.0,0.712596999170998,0.712596999170998,,,,1.0
41,water_hl_gap_eV,17,1.0000001192092896,0.0,0.712596999170998,0.712596999170998,,,,1.0
41,water_hl_gap_eV,18,1.0000001192092896,0.0,0.712596999170998,0.712596999170998,,,,1.0
41,water_hl_gap_eV,19,1.0000001192092896,0.0,0.712596999170998,0.712596999170998,,,,1.0
41,water_hl_gap_eV,20,1.0000001192092896,0.0,0.712596999170998,0.712596999170998,,,,1.0
41,water_hl_gap_eV,21,1.0000001192092896,0.0,0.712596999170998,0.712596999170998,,,,1.0
41,water_hl_gap_eV,22,1.0000001192092896,0.0,0.712596999170998,0.712596999170998,,,,1.0
41,water_hl_gap_eV,23,1.0000001192092896,0.0,0.712596999170998,0.712596999170998,,,,1.0
41,water_hl_gap_eV,24,1.0000001192092896,0.0,0.712596999170998,0.712596999170998,,,,1.0
41,water_hl_gap_eV,25,1.0000001192092896,0.0,0.712596999170998,0.712596999170998,,,,1.0
41,water_hl_gap_eV,26,1.0000001192092896,0.0,0.712596999170998,0.712596999170998,,,,1.0
41,water_hl_gap_eV,27,1.0000001192092896,0.0,0.712596999170998,0.712596999170998,,,,1.0
41,water_hl_gap_eV,28,1.0000001192092896,0.0,0.712596999170998,0.712596999170998,,,,1.0
41,water_hl_gap_eV,29,1.0000001192092896,0.0,0.712596999170998,0.712596999170998,,,,1.0
41,water_hl_gap_eV,30,1.0000001192092896,0.0,0.712596999170998,0.712596999170998,,,,1.0
41,water_hl_gap_eV,31,1.0000001192092896,0.0,0.712596999170998,0.712596999170998,,,,1.0
41,water_hl_gap_eV,32,1.0000001192092896,0.0,0.712596999170998,0.712596999170998,,,,1.0
41,water_hl_gap_eV,33,1.0000001192092896,0.0,0.712596999170998,0.712596999170998,,,,1.0
41,water_hl_gap_eV,34,1.0000001192092896,0.0,0.712596999170998,0.712596999170998,,,,1.0
41,water_hl_gap_eV,35,1.0000001192092896,0.0,0.712596999170998,0.712596999170998,,,,1.0
41,water_hl_gap_eV,36,1.0000001192092896,0.0,0.712596999170998,0.712596999170998,,,,1.0
41,water_hl_gap_eV,37,1.0000001192092896,0.0,0.712596999170998,0.712596999170998,,,,1.0
41,water_hl_gap_eV,38,1.0000001192092896,0.0,0.712596999170998,0.712596999170998,,,,1.0
41,water_hl_gap_eV,39,1.0000001192092896,0.0,0.712596999170998,0.712596999170998,,,,1.0
41,water_hl_gap_eV,40,1.0000001192092896,0.0,0.712596999170998,0.712596999170998,,,,1.0
41,water_hl_gap_eV,41,1.0000001192092896,0.0,0.712596999170998,0.712596999170998,,,,1.0
41,water_hl_gap_eV,42,1.0000001192092896,0.0,0.712596999170998,0.712596999170998,,,,1.0
41,water_hl_gap_eV,43,1.0000001192092896,0.0,0.712596999170998,0.712596999170998,,,,1.0
41,water_hl_gap_eV,44,1.0000001192092896,0.0,0.712596999170998,0.712596999170998,,,,1.0
41,water_hl_gap_eV,45,1.0000001192092896,0.0,0.712596999170998,0.712596999170998,,,,1.0
41,water_hl_gap_eV,46,1.0000001192092896,0.0,0.712596999170998,0.712596999170998,,,,1.0
41,water_hl_gap_eV,47,1.0000001192092896,0.0,0.712596999170998,0.712596999170998,,,,1.0
41,water_hl_gap_eV,48,1.0000001192092896,0.0,0.712596999170998,0.712596999170998,,,,1.0
41,water_hl_gap_eV,49,1.0000001192092896,0.0,0.712596999170998,0.712596999170998,,,,1.0
41,water_hl_gap_eV,50,1.0000001192092896,0.0,0.712596999170998,0.712596999170998,,,,1.0
41,water_hl_gap_eV,51,1.0000001192092896,0.0,0.712596999170998,0.712596999170998,,,,1.0
41,water_hl_gap_eV,52,1.0000001192092896,0.0,0.712596999170998,0.712596999170998,,,,1.0
41,water_hl_gap_eV,53,1.0000001192092896,0.0,0.712596999170998,0.712596999170998,,,,1.0
41,water_hl_gap_eV,54,1.0000001192092896,0.0,0.712596999170998,0.712596999170998,,,,1.0
41,water_hl_gap_eV,55,1.0000001192092896,0.0,0.712596999170998,0.712596999170998,,,,1.0
41,water_hl_gap_eV,56,1.0000001192092896,0.0,0.712596999170998,0.712596999170998,,,,1.0
41,water_hl_gap_eV,57,1.0000001192092896,0.0,0.712596999170998,0.712596999170998,,,,1.0
41,water_hl_gap_eV,58,1.0000001192092896,0.0,0.712596999170998,0.712596999170998,,,,1.0
41,water_hl_gap_eV,59,1.0000001192092896,0.0,0.712596999170998,0.712596999170998,,,,1.0
41,water_hl_gap_eV,60,1.0000001192092896,0.0,0.712596999170998,0.712596999170998,,,,1.0
41,water_hl_gap_eV,61,1.0000001192092896,0.0,0.712596999170998,0.712596999170998,,,,1.0
41,water_hl_gap_eV,62,1.0000001192092896,0.0,0.712596999170998,0.712596999170998,,,,1.0
41,water_hl_gap_eV,63,1.0000001192092896,0.0,0.712596999170998,0.712596999170998,,,,1.0
41,water_hl_gap_eV,64,1.0000001192092896,0.0,0.712596999170998,0.712596999170998,,,,1.0
41,water_hl_gap_eV,65,1.0000001192092896,0.0,0.712596999170998,0.712596999170998,,,,1.0
41,water_hl_gap_eV,66,1.0000001192092896,0.0,0.712596999170998,0.712596999170998,,,,1.0
41,water_hl_gap_eV,67,1.0000001192092896,0.0,0.712596999170998,0.712596999170998,,,,1.0
41,water_hl_gap_eV,68,1.0000001192092896,0.0,0.712596999170998,0.712596999170998,,,,1.0
41,water_hl_gap_eV,69,1.0000001192092896,0.0,0.712596999170998,0.712596999170998,,,,1.0
41,water_hl_gap_eV,70,1.0000001192092896,0.0,0.712596999170998,0.712596999170998,,,,1.0
41,water_hl_gap_eV,71,1.0000001192092896,0.0,0.712596999170998,0.712596999170998,,,,1.0
41,water_hl_gap_eV,72,1.0000001192092896,0.0,0.712596999170998,0.712596999170998,,,,1.0
41,water_hl_gap_eV,73,1.0000001192092896,0.0,0.712596999170998,0.712596999170998,,,,1.0
41,water_hl_gap_eV,74,1.0000001192092896,0.0,0.712596999170998,0.712596999170998,,,,1.0
41,water_hl_gap_eV,75,1.0000001192092896,0.0,0.712596999170998,0.712596999170998,,,,1.0
41,water_hl_gap_eV,76,1.0000001192092896,0.0,0.712596999170998,0.712596999170998,,,,1.0
41,water_hl_gap_eV,77,1.0000001192092896,0.0,0.712596999170998,0.712596999170998,,,,1.0
41,water_hl_gap_eV,78,1.0000001192092896,0.0,0.712596999170998,0.712596999170998,,,,1.0
41,water_hl_gap_eV,79,1.0000001192092896,0.0,0.712596999170998,0.712596999170998,,,,1.0
41,water_hl_gap_eV,80,1.0000001192092896,0.0,0.712596999170998,0.712596999170998,,,,1.0
41,water_hl_gap_eV,81,1.0000001192092896,0.0,0.712596999170998,0.712596999170998,,,,1.0
41,water_hl_gap_eV,82,1.0000001192092896,0.0,0.712596999170998,0.712596999170998,,,,1.0
41,water_hl_gap_eV,83,1.0000001192092896,0.0,0.712596999170998,0.712596999170998,,,,1.0
41,water_hl_gap_eV,84,1.0000001192092896,0.0,0.712596999170998,0.712596999170998,,,,1.0
41,water_hl_gap_eV,85,1.0000001192092896,0.0,0.712596999170998,0.712596999170998,,,,1.0
41,water_hl_gap_eV,86,1.0000001192092896,0.0,0.712596999170998,0.712596999170998,,,,1.0
41,water_hl_gap_eV,87,1.0000001192092896,0.0,0.712596999170998,0.712596999170998,,,,1.0
41,water_hl_gap_eV,88,1.0000001192092896,0.0,0.712596999170998,0.712596999170998,,,,1.0
41,water_hl_gap_eV,89,1.0000001192092896,0.0,0.712596999170998,0.712596999170998,,,,1.0
41,water_hl_gap_eV,90,1.0000001192092896,0.0,0.712596999170998,0.712596999170998,,,,1.0
41,water_hl_gap_eV,91,1.0000001192092896,0.0,0.712596999170998,0.712596999170998,,,,1.0
41,water_hl_gap_eV,92,1.0000001192092896,0.0,0.712596999170998,0.712596999170998,,,,1.0
41,water_hl_gap_eV,93,1.0000001192092896,0.0,0.712596999170998,0.712596999170998,,,,1.0
41,water_hl_gap_eV,94,1.0000001192092896,0.0,0.712596999170998,0.712596999170998,,,,1.0
41,water_hl_gap_eV,95,1.0000001192092896,0.0,0.712596999170998,0.712596999170998,,,,1.0
41,water_hl_gap_eV,96,1.0000001192092896,0.0,0.712596999170998,0.712596999170998,,,,1.0
41,water_hl_gap_eV,97,1.0000001192092896,0.0,0.712596999170998,0.712596999170998,,,,1.0
41,water_hl_gap_eV,98,1.0000001192092896,0.0,0.712596999170998,0.712596999170998,,,,1.0
41,water_hl_gap_eV,99,1.0000001192092896,0.0,0.712596999170998,0.712596999170998,,,,1.0
41,water_hl_gap_eV,100,1.0000001192092896,0.0,0.712596999170998,0.712596999170998,,,,1.0
41,water_hl_gap_eV,101,1.0000001192092896,0.0,0.712596999170998,0.712596999170998,,,,1.0
41,water_hl_gap_eV,102,1.0000001192092896,0.0,0.712596999170998,0.712596999170998,,,,1.0
41,water_hl_gap_eV,103,1.0000001192092896,0.0,0.712596999170998,0.712596999170998,,,,1.0
41,water_hl_gap_eV,104,1.0000001192092896,0.0,0.712596999170998,0.712596999170998,,,,1.0
41,water_hl_gap_eV,105,1.0000001192092896,0.0,0.712596999170998,0.712596999170998,,,,1.0
41,water_hl_gap_eV,106,1.0000001192092896,0.0,0.712596999170998,0.712596999170998,,,,1.0
41,water_hl_gap_eV,107,1.0000001192092896,0.0,0.712596999170998,0.712596999170998,,,,1.0
41,water_hl_gap_eV,108,1.0000001192092896,0.0,0.712596999170998,0.712596999170998,,,,1.0
41,water_hl_gap_eV,109,1.0000001192092896,0.0,0.712596999170998,0.712596999170998,,,,1.0
41,water_hl_gap_eV,110,1.0000001192092896,0.0,0.712596999170998,0.712596999170998,,,,1.0
41,water_hl_gap_eV,111,1.0000001192092896,0.0,0.712596999170998,0.712596999170998,,,,1.0
41,water_hl_gap_eV,112,1.0000001192092896,0.0,0.712596999170998,0.712596999170998,,,,1.0
41,water_hl_gap_eV,113,1.0000001192092896,0.0,0.712596999170998,0.712596999170998,,,,1.0
41,water_hl_gap_eV,114,1.0000001192092896,0.0,0.712596999170998,0.712596999170998,,,,1.0
41,water_hl_gap_eV,115,1.0000001192092896,0.0,0.712596999170998,0.712596999170998,,,,1.0
41,water_hl_gap_eV,116,1.0000001192092896,0.0,0.712596999170998,0.712596999170998,,,,1.0
41,water_hl_gap_eV,117,1.0000001192092896,0.0,0.712596999170998,0.712596999170998,,,,1.0
41,water_hl_gap_eV,118,1.0000001192092896,0.0,0.712596999170998,0.712596999170998,,,,1.0
41,water_hl_gap_eV,119,1.0000001192092896,0.0,0.712596999170998,0.712596999170998,,,,1.0
41,water_hl_gap_eV,120,1.0000001192092896,0.0,0.712596999170998,0.712596999170998,,,,1.0
41,water_hl_gap_eV,121,1.0000001192092896,0.0,0.712596999170998,0.712596999170998,,,,1.0
41,water_hl_gap_eV,122,1.0000001192092896,0.0,0.712596999170998,0.712596999170998,,,,1.0
41,water_hl_gap_eV,123,1.0000001192092896,0.0,0.712596999170998,0.712596999170998,,,,1.0
41,water_hl_gap_eV,124,1.0000001192092896,0.0,0.712596999170998,0.712596999170998,,,,1.0
41,water_hl_gap_eV,125,1.0000001192092896,0.0,0.712596999170998,0.712596999170998,,,,1.0
41,water_hl_gap_eV,126,1.0000001192092896,0.0,0.712596999170998,0.712596999170998,,,,1.0
41,water_hl_gap_eV,127,1.0000001192092896,0.0,0.712596999170998,0.712596999170998,,,,1.0
41,water_hl_gap_eV,128,1.0000001192092896,0.0,0.712596999170998,0.712596999170998,,,,1.0
41,water_hl_gap_eV,129,1.0000001192092896,0.0,0.712596999170998,0.712596999170998,,,,1.0
41,water_hl_gap_eV,130,1.0000001192092896,0.0,0.712596999170998,0.712596999170998,,,,1.0
41,water_hl_gap_eV,131,1.0000001192092896,0.0,0.712596999170998,0.712596999170998,,,,1.0
41,water_hl_gap_eV,132,1.0000001192092896,0.0,0.712596999170998,0.712596999170998,,,,1.0
41,water_hl_gap_eV,133,1.0000001192092896,0.0,0.712596999170998,0.712596999170998,,,,1.0
41,water_hl_gap_eV,134,1.0000001192092896,0.0,0.712596999170998,0.712596999170998,,,,1.0
41,water_hl_gap_eV,135,1.0000001192092896,0.0,0.712596999170998,0.712596999170998,,,,1.0
41,water_hl_gap_eV,136,1.0000001192092896,0.0,0.712596999170998,0.712596999170998,,,,1.0
41,water_hl_gap_eV,137,1.0000001192092896,0.0,0.712596999170998,0.712596999170998,,,,1.0
41,water_hl_gap_eV,138,1.0000001192092896,0.0,0.712596999170998,0.712596999170998,,,,1.0
41,water_hl_gap_eV,139,1.0000001192092896,0.0,0.712596999170998,0.712596999170998,,,,1.0
41,water_hl_gap_eV,140,1.0000001192092896,0.0,0.712596999170998,0.712596999170998,,,,1.0
41,water_hl_gap_eV,141,1.0000001192092896,0.0,0.712596999170998,0.712596999170998,,,,1.0
41,water_hl_gap_eV,142,1.0000001192092896,0.0,0.712596999170998,0.712596999170998,,,,1.0
41,water_hl_gap_eV,143,1.0000001192092896,0.0,0.712596999170998,0.712596999170998,,,,1.0
41,water_hl_gap_eV,144,1.0000001192092896,0.0,0.712596999170998,0.712596999170998,,,,1.0
41,water_hl_gap_eV,145,1.0000001192092896,0.0,0.712596999170998,0.712596999170998,,,,1.0
41,water_hl_gap_eV,146,1.0000001192092896,0.0,0.712596999170998,0.712596999170998,,,,1.0
41,water_hl_gap_eV,147,1.0000001192092896,0.0,0.712596999170998,0.712596999170998,,,,1.0
41,water_hl_gap_eV,148,1.0000001192092896,0.0,0.712596999170998,0.712596999170998,,,,1.0
41,water_hl_gap_eV,149,1.0000001192092896,0.0,0.712596999170998,0.712596999170998,,,,1.0
41,water_hl_gap_eV,150,1.0000001192092896,0.0,0.712596999170998,0.712596999170998,,,,1.0
41,water_hl_gap_eV,151,1.0000001192092896,0.0,0.712596999170998,0.712596999170998,,,,1.0
41,water_hl_gap_eV,152,1.0000001192092896,0.0,0.712596999170998,0.712596999170998,,,,1.0
41,water_hl_gap_eV,153,1.0000001192092896,0.0,0.712596999170998,0.712596999170998,,,,1.0
41,water_hl_gap_eV,154,1.0000001192092896,0.0,0.712596999170998,0.712596999170998,,,,1.0
41,water_hl_gap_eV,155,1.0000001192092896,0.0,0.712596999170998,0.712596999170998,,,,1.0
41,water_hl_gap_eV,156,1.0000001192092896,0.0,0.712596999170998,0.712596999170998,,,,1.0
41,water_hl_gap_eV,157,1.0000001192092896,0.0,0.712596999170998,0.712596999170998,,,,1.0
41,water_hl_gap_eV,158,1.0000001192092896,0.0,0.712596999170998,0.712596999170998,,,,1.0
41,water_hl_gap_eV,159,1.0000001192092896,0.0,0.712596999170998,0.712596999170998,,,,1.0
41,water_hl_gap_eV,160,1.0000001192092896,0.0,0.712596999170998,0.712596999170998,,,,1.0
41,water_hl_gap_eV,161,1.0000001192092896,0.0,0.712596999170998,0.712596999170998,,,,1.0
41,water_hl_gap_eV,162,1.0000001192092896,0.0,0.712596999170998,0.712596999170998,,,,1.0
41,water_hl_gap_eV,163,1.0000001192092896,0.0,0.712596999170998,0.712596999170998,,,,1.0
41,water_hl_gap_eV,164,1.0000001192092896,0.0,0.712596999170998,0.712596999170998,,,,1.0
41,water_hl_gap_eV,165,1.0000001192092896,0.0,0.712596999170998,0.712596999170998,,,,1.0
41,water_hl_gap_eV,166,1.0000001192092896,0.0,0.712596999170998,0.712596999170998,,,,1.0
41,water_hl_gap_eV,167,1.0000001192092896,0.0,0.712596999170998,0.712596999170998,,,,1.0
41,water_hl_gap_eV,168,1.0000001192092896,0.0,0.712596999170998,0.712596999170998,,,,1.0
41,water_hl_gap_eV,169,1.0000001192092896,0.0,0.712596999170998,0.712596999170998,,,,1.0
41,water_hl_gap_eV,170,1.0000001192092896,0.0,0.712596999170998,0.712596999170998,,,,1.0
41,water_hl_gap_eV,171,1.0000001192092896,0.0,0.712596999170998,0.712596999170998,,,,1.0
41,water_hl_gap_eV,172,1.0000001192092896,0.0,0.712596999170998,0.712596999170998,,,,1.0
41,water_hl_gap_eV,173,1.0000001192092896,0.0,0.712596999170998,0.712596999170998,,,,1.0
41,water_hl_gap_eV,174,1.0000001192092896,0.0,0.712596999170998,0.712596999170998,,,,1.0
41,water_hl_gap_eV,175,1.0000001192092896,0.0,0.712596999170998,0.712596999170998,,,,1.0
41,water_hl_gap_eV,176,1.0000001192092896,0.0,0.712596999170998,0.712596999170998,,,,1.0
41,water_hl_gap_eV,177,1.0000001192092896,0.0,0.712596999170998,0.712596999170998,,,,1.0
41,water_hl_gap_eV,178,1.0000001192092896,0.0,0.712596999170998,0.712596999170998,,,,1.0
41,water_hl_gap_eV,179,1.0000001192092896,0.0,0.712596999170998,0.712596999170998,,,,1.0
41,water_hl_gap_eV,180,1.0000001192092896,0.0,0.712596999170998,0.712596999170998,,,,1.0
41,water_hl_gap_eV,181,1.0000001192092896,0.0,0.712596999170998,0.712596999170998,,,,1.0
41,water_hl_gap_eV,182,1.0000001192092896,0.0,0.712596999170998,0.712596999170998,,,,1.0
41,water_hl_gap_eV,183,1.0000001192092896,0.0,0.712596999170998,0.712596999170998,,,,1.0
41,water_hl_gap_eV,184,1.0000001192092896,0.0,0.712596999170998,0.712596999170998,,,,1.0
41,water_hl_gap_eV,185,1.0000001192092896,0.0,0.712596999170998,0.712596999170998,,,,1.0
41,water_hl_gap_eV,186,1.0000001192092896,0.0,0.712596999170998,0.712596999170998,,,,1.0
41,water_hl_gap_eV,187,1.0000001192092896,0.0,0.712596999170998,0.712596999170998,,,,1.0
41,water_hl_gap_eV,188,1.0000001192092896,0.0,0.712596999170998,0.712596999170998,,,,1.0
41,water_hl_gap_eV,189,1.0000001192092896,0.0,0.712596999170998,0.712596999170998,,,,1.0
41,water_hl_gap_eV,190,1.0000001192092896,0.0,0.712596999170998,0.712596999170998,,,,1.0
41,water_hl_gap_eV,191,1.0000001192092896,0.0,0.712596999170998,0.712596999170998,,,,1.0
41,water_hl_gap_eV,192,1.0000001192092896,0.0,0.712596999170998,0.712596999170998,,,,1.0
41,water_hl_gap_eV,193,1.0000001192092896,0.0,0.712596999170998,0.712596999170998,,,,1.0
41,water_hl_gap_eV,194,1.0000001192092896,0.0,0.712596999170998,0.712596999170998,,,,1.0
41,water_hl_gap_eV,195,1.0000001192092896,0.0,0.712596999170998,0.712596999170998,,,,1.0
41,water_hl_gap_eV,196,1.0000001192092896,0.0,0.712596999170998,0.712596999170998,,,,1.0
41,water_hl_gap_eV,197,1.0000001192092896,0.0,0.712596999170998,0.712596999170998,,,,1.0
41,water_hl_gap_eV,198,1.0000001192092896,0.0,0.712596999170998,0.712596999170998,,,,1.0
41,water_hl_gap_eV,199,1.0000001192092896,0.0,0.712596999170998,0.712596999170998,,,,1.0
41,water_hl_gap_eV,200,1.0000001192092896,0.0,0.712596999170998,0.712596999170998,,,,1.0
41,water_hl_gap_eV,201,1.0000001192092896,0.0,0.712596999170998,0.712596999170998,,,,1.0
41,water_hl_gap_eV,202,1.0000001192092896,0.0,0.712596999170998,0.712596999170998,,,,1.0
41,water_hl_gap_eV,203,1.0000001192092896,0.0,0.712596999170998,0.712596999170998,,,,1.0
41,water_hl_gap_eV,204,1.0000001192092896,0.0,0.712596999170998,0.712596999170998,,,,1.0
41,water_hl_gap_eV,205,1.0000001192092896,0.0,0.712596999170998,0.712596999170998,,,,1.0
41,water_hl_gap_eV,206,1.0000001192092896,0.0,0.712596999170998,0.712596999170998,,,,1.0
41,water_hl_gap_eV,207,1.0000001192092896,0.0,0.712596999170998,0.712596999170998,,,,1.0
41,water_hl_gap_eV,208,1.0000001192092896,0.0,0.712596999170998,0.712596999170998,,,,1.0
41,water_hl_gap_eV,209,1.0000001192092896,0.0,0.712596999170998,0.712596999170998,,,,1.0
41,water_hl_gap_eV,210,1.0000001192092896,0.0,0.712596999170998,0.712596999170998,,,,1.0
41,water_hl_gap_eV,211,1.0000001192092896,0.0,0.712596999170998,0.712596999170998,,,,1.0
41,water_hl_gap_eV,212,1.0000001192092896,0.0,0.712596999170998,0.712596999170998,,,,1.0
41,water_hl_gap_eV,213,1.0000001192092896,0.0,0.712596999170998,0.712596999170998,,,,1.0
41,water_hl_gap_eV,214,1.0000001192092896,0.0,0.712596999170998,0.712596999170998,,,,1.0
41,water_hl_gap_eV,215,1.0000001192092896,0.0,0.712596999170998,0.712596999170998,,,,1.0
41,water_hl_gap_eV,216,1.0000001192092896,0.0,0.712596999170998,0.712596999170998,,,,1.0
41,water_hl_gap_eV,217,1.0000001192092896,0.0,0.712596999170998,0.712596999170998,,,,1.0
41,water_hl_gap_eV,218,1.0000001192092896,0.0,0.712596999170998,0.712596999170998,,,,1.0
41,water_hl_gap_eV,219,1.0000001192092896,0.0,0.712596999170998,0.712596999170998,,,,1.0
41,water_hl_gap_eV,220,1.0000001192092896,0.0,0.712596999170998,0.712596999170998,,,,1.0
41,water_hl_gap_eV,221,1.0000001192092896,0.0,0.712596999170998,0.712596999170998,,,,1.0
41,water_hl_gap_eV,222,1.0000001192092896,0.0,0.712596999170998,0.712596999170998,,,,1.0
41,water_hl_gap_eV,223,1.0000001192092896,0.0,0.712596999170998,0.712596999170998,,,,1.0
41,water_hl_gap_eV,224,1.0000001192092896,0.0,0.712596999170998,0.712596999170998,,,,1.0
41,water_hl_gap_eV,225,1.0000001192092896,0.0,0.712596999170998,0.712596999170998,,,,1.0
41,water_hl_gap_eV,226,1.0000001192092896,0.0,0.712596999170998,0.712596999170998,,,,1.0
41,water_hl_gap_eV,227,1.0000001192092896,0.0,0.712596999170998,0.712596999170998,,,,1.0
41,water_hl_gap_eV,228,1.0000001192092896,0.0,0.712596999170998,0.712596999170998,,,,1.0
41,water_hl_gap_eV,229,1.0000001192092896,0.0,0.712596999170998,0.712596999170998,,,,1.0
41,water_hl_gap_eV,230,1.0000001192092896,0.0,0.712596999170998,0.712596999170998,,,,1.0
41,water_hl_gap_eV,231,1.0000001192092896,0.0,0.712596999170998,0.712596999170998,,,,1.0
41,water_hl_gap_eV,232,1.0000001192092896,0.0,0.712596999170998,0.712596999170998,,,,1.0
41,water_hl_gap_eV,233,1.0000001192092896,0.0,0.712596999170998,0.712596999170998,,,,1.0
41,water_hl_gap_eV,234,1.0000001192092896,0.0,0.712596999170998,0.712596999170998,,,,1.0
41,water_hl_gap_eV,235,1.0000001192092896,0.0,0.712596999170998,0.712596999170998,,,,1.0
41,water_hl_gap_eV,236,1.0000001192092896,0.0,0.712596999170998,0.712596999170998,,,,1.0
41,water_hl_gap_eV,237,1.0000001192092896,0.0,0.712596999170998,0.712596999170998,,,,1.0
41,water_hl_gap_eV,238,1.0000001192092896,0.0,0.712596999170998,0.712596999170998,,,,1.0
41,water_hl_gap_eV,239,1.0000001192092896,0.0,0.712596999170998,0.712596999170998,,,,1.0
41,water_hl_gap_eV,240,1.0000001192092896,0.0,0.712596999170998,0.712596999170998,,,,1.0
41,water_hl_gap_eV,241,1.0000001192092896,0.0,0.712596999170998,0.712596999170998,,,,1.0
41,water_hl_gap_eV,242,1.0000001192092896,0.0,0.712596999170998,0.712596999170998,,,,1.0
41,water_hl_gap_eV,243,1.0000001192092896,0.0,0.712596999170998,0.712596999170998,,,,1.0
41,water_hl_gap_eV,244,1.0000001192092896,0.0,0.712596999170998,0.712596999170998,,,,1.0
41,water_hl_gap_eV,245,1.0000001192092896,0.0,0.712596999170998,0.712596999170998,,,,1.0
41,water_hl_gap_eV,246,1.0000001192092896,0.0,0.712596999170998,0.712596999170998,,,,1.0
41,water_hl_gap_eV,247,1.0000001192092896,0.0,0.712596999170998,0.712596999170998,,,,1.0
41,water_hl_gap_eV,248,1.0000001192092896,0.0,0.712596999170998,0.712596999170998,,,,1.0
41,water_hl_gap_eV,249,1.0000001192092896,0.0,0.712596999170998,0.712596999170998,,,,1.0
41,water_dipole,0,0.9999998807907104,0.0,0.578349774905627,0.578349774905627,,,,1.0
41,water_dipole,1,0.9999998807907104,0.0,0.578349774905627,0.578349774905627,,,,1.0
41,water_dipole,2,0.9999998807907104,0.0,0.578349774905627,0.578349774905627,,,,1.0
41,water_dipole,3,0.9999998807907104,0.0,0.578349774905627,0.578349774905627,,,,1.0
41,water_dipole,4,0.9999998807907104,0.0,0.578349774905627,0.578349774905627,,,,1.0
41,water_dipole,5,0.9999998807907104,0.0,0.578349774905627,0.578349774905627,,,,1.0
41,water_dipole,6,0.9999998807907104,0.0,0.578349774905627,0.578349774905627,,,,1.0
41,water_dipole,7,0.9999998807907104,0.0,0.578349774905627,0.578349774905627,,,,1.0
41,water_dipole,8,0.9999998807907104,0.0,0.578349774905627,0.578349774905627,,,,1.0
41,water_dipole,9,0.9999998807907104,0.0,0.578349774905627,0.578349774905627,,,,1.0
41,water_dipole,10,0.9999998807907104,0.0,0.578349774905627,0.578349774905627,,,,1.0
41,water_dipole,11,0.9999998807907104,0.0,0.578349774905627,0.578349774905627,,,,1.0
41,water_dipole,12,0.9999998807907104,0.0,0.578349774905627,0.578349774905627,,,,1.0
41,water_dipole,13,0.9999998807907104,0.0,0.578349774905627,0.578349774905627,,,,1.0
41,water_dipole,14,0.9999998807907104,0.0,0.578349774905627,0.578349774905627,,,,1.0
41,water_dipole,15,0.9999998807907104,0.0,0.578349774905627,0.578349774905627,,,,1.0
41,water_dipole,16,0.9999998807907104,0.0,0.578349774905627,0.578349774905627,,,,1.0
41,water_dipole,17,0.9999998807907104,0.0,0.578349774905627,0.578349774905627,,,,1.0
41,water_dipole,18,0.9999998807907104,0.0,0.578349774905627,0.578349774905627,,,,1.0
41,water_dipole,19,0.9999998807907104,0.0,0.578349774905627,0.578349774905627,,,,1.0
41,water_dipole,20,0.9999998807907104,0.0,0.578349774905627,0.578349774905627,,,,1.0
41,water_dipole,21,0.9999998807907104,0.0,0.578349774905627,0.578349774905627,,,,1.0
41,water_dipole,22,0.9999998807907104,0.0,0.578349774905627,0.578349774905627,,,,1.0
41,water_dipole,23,0.9999998807907104,0.0,0.578349774905627,0.578349774905627,,,,1.0
41,water_dipole,24,0.9999998807907104,0.0,0.578349774905627,0.578349774905627,,,,1.0
41,water_dipole,25,0.9999998807907104,0.0,0.578349774905627,0.578349774905627,,,,1.0
41,water_dipole,26,0.9999998807907104,0.0,0.578349774905627,0.578349774905627,,,,1.0
41,water_dipole,27,0.9999998807907104,0.0,0.578349774905627,0.578349774905627,,,,1.0
41,water_dipole,28,0.9999998807907104,0.0,0.578349774905627,0.578349774905627,,,,1.0
41,water_dipole,29,0.9999998807907104,0.0,0.578349774905627,0.578349774905627,,,,1.0
41,water_dipole,30,0.9999998807907104,0.0,0.578349774905627,0.578349774905627,,,,1.0
41,water_dipole,31,0.9999998807907104,0.0,0.578349774905627,0.578349774905627,,,,1.0
41,water_dipole,32,0.9999998807907104,0.0,0.578349774905627,0.578349774905627,,,,1.0
41,water_dipole,33,0.9999998807907104,0.0,0.578349774905627,0.578349774905627,,,,1.0
41,water_dipole,34,0.9999998807907104,0.0,0.578349774905627,0.578349774905627,,,,1.0
41,water_dipole,35,0.9999998807907104,0.0,0.578349774905627,0.578349774905627,,,,1.0
41,water_dipole,36,0.9999998807907104,0.0,0.578349774905627,0.578349774905627,,,,1.0
41,water_dipole,37,0.9999998807907104,0.0,0.578349774905627,0.578349774905627,,,,1.0
41,water_dipole,38,0.9999998807907104,0.0,0.578349774905627,0.578349774905627,,,,1.0
41,water_dipole,39,0.9999998807907104,0.0,0.578349774905627,0.578349774905627,,,,1.0
41,water_dipole,40,0.9999998807907104,0.0,0.578349774905627,0.578349774905627,,,,1.0
41,water_dipole,41,0.9999998807907104,0.0,0.578349774905627,0.578349774905627,,,,1.0
41,water_dipole,42,0.9999998807907104,0.0,0.578349774905627,0.578349774905627,,,,1.0
41,water_dipole,43,0.9999998807907104,0.0,0.578349774905627,0.578349774905627,,,,1.0
41,water_dipole,44,0.9999998807907104,0.0,0.578349774905627,0.578349774905627,,,,1.0
41,water_dipole,45,0.9999998807907104,0.0,0.578349774905627,0.578349774905627,,,,1.0
41,water_dipole,46,0.9999998807907104,0.0,0.578349774905627,0.578349774905627,,,,1.0
41,water_dipole,47,0.9999998807907104,0.0,0.578349774905627,0.578349774905627,,,,1.0
41,water_dipole,48,0.9999998807907104,0.0,0.578349774905627,0.578349774905627,,,,1.0
41,water_dipole,49,0.9999998807907104,0.0,0.578349774905627,0.578349774905627,,,,1.0
41,water_dipole,50,0.9999998807907104,0.0,0.578349774905627,0.578349774905627,,,,1.0
41,water_dipole,51,0.9999998807907104,0.0,0.578349774905627,0.578349774905627,,,,1.0
41,water_dipole,52,0.9999998807907104,0.0,0.578349774905627,0.578349774905627,,,,1.0
41,water_dipole,53,0.9999998807907104,0.0,0.578349774905627,0.578349774905627,,,,1.0
41,water_dipole,54,0.9999998807907104,0.0,0.578349774905627,0.578349774905627,,,,1.0
41,water_dipole,55,0.9999998807907104,0.0,0.578349774905627,0.578349774905627,,,,1.0
41,water_dipole,56,0.9999998807907104,0.0,0.578349774905627,0.578349774905627,,,,1.0
41,water_dipole,57,0.9999998807907104,0.0,0.578349774905627,0.578349774905627,,,,1.0
41,water_dipole,58,0.9999998807907104,0.0,0.578349774905627,0.578349774905627,,,,1.0
41,water_dipole,59,0.9999998807907104,0.0,0.578349774905627,0.578349774905627,,,,1.0
41,water_dipole,60,0.9999998807907104,0.0,0.578349774905627,0.578349774905627,,,,1.0
41,water_dipole,61,0.9999998807907104,0.0,0.578349774905627,0.578349774905627,,,,1.0
41,water_dipole,62,0.9999998807907104,0.0,0.578349774905627,0.578349774905627,,,,1.0
41,water_dipole,63,0.9999998807907104,0.0,0.578349774905627,0.578349774905627,,,,1.0
41,water_dipole,64,0.9999998807907104,0.0,0.578349774905627,0.578349774905627,,,,1.0
41,water_dipole,65,0.9999998807907104,0.0,0.578349774905627,0.578349774905627,,,,1.0
41,water_dipole,66,0.9999998807907104,0.0,0.578349774905627,0.578349774905627,,,,1.0
41,water_dipole,67,0.9999998807907104,0.0,0.578349774905627,0.578349774905627,,,,1.0
41,water_dipole,68,0.9999998807907104,0.0,0.578349774905627,0.578349774905627,,,,1.0
41,water_dipole,69,0.9999998807907104,0.0,0.578349774905627,0.578349774905627,,,,1.0
41,water_dipole,70,0.9999998807907104,0.0,0.578349774905627,0.578349774905627,,,,1.0
41,water_dipole,71,0.9999998807907104,0.0,0.578349774905627,0.578349774905627,,,,1.0
41,water_dipole,72,0.9999998807907104,0.0,0.578349774905627,0.578349774905627,,,,1.0
41,water_dipole,73,0.9999998807907104,0.0,0.578349774905627,0.578349774905627,,,,1.0
41,water_dipole,74,0.9999998807907104,0.0,0.578349774905627,0.578349774905627,,,,1.0
41,water_dipole,75,0.9999998807907104,0.0,0.578349774905627,0.578349774905627,,,,1.0
41,water_dipole,76,0.9999998807907104,0.0,0.578349774905627,0.578349774905627,,,,1.0
41,water_dipole,77,0.9999998807907104,0.0,0.578349774905627,0.578349774905627,,,,1.0
41,water_dipole,78,0.9999998807907104,0.0,0.578349774905627,0.578349774905627,,,,1.0
41,water_dipole,79,0.9999998807907104,0.0,0.578349774905627,0.578349774905627,,,,1.0
41,water_dipole,80,0.9999998807907104,0.0,0.578349774905627,0.578349774905627,,,,1.0
41,water_dipole,81,0.9999998807907104,0.0,0.578349774905627,0.578349774905627,,,,1.0
41,water_dipole,82,0.9999998807907104,0.0,0.578349774905627,0.578349774905627,,,,1.0
41,water_dipole,83,0.9999998807907104,0.0,0.578349774905627,0.578349774905627,,,,1.0
41,water_dipole,84,0.9999998807907104,0.0,0.578349774905627,0.578349774905627,,,,1.0
41,water_dipole,85,0.9999998807907104,0.0,0.578349774905627,0.578349774905627,,,,1.0
41,water_dipole,86,0.9999998807907104,0.0,0.578349774905627,0.578349774905627,,,,1.0
41,water_dipole,87,0.9999998807907104,0.0,0.578349774905627,0.578349774905627,,,,1.0
41,water_dipole,88,0.9999998807907104,0.0,0.578349774905627,0.578349774905627,,,,1.0
41,water_dipole,89,0.9999998807907104,0.0,0.578349774905627,0.578349774905627,,,,1.0
41,water_dipole,90,0.9999998807907104,0.0,0.578349774905627,0.578349774905627,,,,1.0
41,water_dipole,91,0.9999998807907104,0.0,0.578349774905627,0.578349774905627,,,,1.0
41,water_dipole,92,0.9999998807907104,0.0,0.578349774905627,0.578349774905627,,,,1.0
41,water_dipole,93,0.9999998807907104,0.0,0.578349774905627,0.578349774905627,,,,1.0
41,water_dipole,94,0.9999998807907104,0.0,0.578349774905627,0.578349774905627,,,,1.0
41,water_dipole,95,0.9999998807907104,0.0,0.578349774905627,0.578349774905627,,,,1.0
41,water_dipole,96,0.9999998807907104,0.0,0.578349774905627,0.578349774905627,,,,1.0
41,water_dipole,97,0.9999998807907104,0.0,0.578349774905627,0.578349774905627,,,,1.0
41,water_dipole,98,0.9999998807907104,0.0,0.578349774905627,0.578349774905627,,,,1.0
41,water_dipole,99,0.9999998807907104,0.0,0.578349774905627,0.578349774905627,,,,1.0
41,water_dipole,100,0.9999998807907104,0.0,0.578349774905627,0.578349774905627,,,,1.0
41,water_dipole,101,0.9999998807907104,0.0,0.578349774905627,0.578349774905627,,,,1.0
41,water_dipole,102,0.9999998807907104,0.0,0.578349774905627,0.578349774905627,,,,1.0
41,water_dipole,103,0.9999998807907104,0.0,0.578349774905627,0.578349774905627,,,,1.0
41,water_dipole,104,0.9999998807907104,0.0,0.578349774905627,0.578349774905627,,,,1.0
41,water_dipole,105,0.9999998807907104,0.0,0.578349774905627,0.578349774905627,,,,1.0
41,water_dipole,106,0.9999998807907104,0.0,0.578349774905627,0.578349774905627,,,,1.0
41,water_dipole,107,0.9999998807907104,0.0,0.578349774905627,0.578349774905627,,,,1.0
41,water_dipole,108,0.9999998807907104,0.0,0.578349774905627,0.578349774905627,,,,1.0
41,water_dipole,109,0.9999998807907104,0.0,0.578349774905627,0.578349774905627,,,,1.0
41,water_dipole,110,0.9999998807907104,0.0,0.578349774905627,0.578349774905627,,,,1.0
41,water_dipole,111,0.9999998807907104,0.0,0.578349774905627,0.578349774905627,,,,1.0
41,water_dipole,112,0.9999998807907104,0.0,0.578349774905627,0.578349774905627,,,,1.0
41,water_dipole,113,0.9999998807907104,0.0,0.578349774905627,0.578349774905627,,,,1.0
41,water_dipole,114,0.9999998807907104,0.0,0.578349774905627,0.578349774905627,,,,1.0
41,water_dipole,115,0.9999998807907104,0.0,0.578349774905627,0.578349774905627,,,,1.0
41,water_dipole,116,0.9999998807907104,0.0,0.578349774905627,0.578349774905627,,,,1.0
41,water_dipole,117,0.9999998807907104,0.0,0.578349774905627,0.578349774905627,,,,1.0
41,water_dipole,118,0.9999998807907104,0.0,0.578349774905627,0.578349774905627,,,,1.0
41,water_dipole,119,0.9999998807907104,0.0,0.578349774905627,0.578349774905627,,,,1.0
41,water_dipole,120,0.9999998807907104,0.0,0.578349774905627,0.578349774905627,,,,1.0
41,water_dipole,121,0.9999998807907104,0.0,0.578349774905627,0.578349774905627,,,,1.0
41,water_dipole,122,0.9999998807907104,0.0,0.578349774905627,0.578349774905627,,,,1.0
41,water_dipole,123,0.9999998807907104,0.0,0.578349774905627,0.578349774905627,,,,1.0
41,water_dipole,124,0.9999998807907104,0.0,0.578349774905627,0.578349774905627,,,,1.0
41,water_dipole,125,0.9999998807907104,0.0,0.578349774905627,0.578349774905627,,,,1.0
41,water_dipole,126,0.9999998807907104,0.0,0.578349774905627,0.578349774905627,,,,1.0
41,water_dipole,127,0.9999998807907104,0.0,0.578349774905627,0.578349774905627,,,,1.0
41,water_dipole,128,0.9999998807907104,0.0,0.578349774905627,0.578349774905627,,,,1.0
41,water_dipole,129,0.9999998807907104,0.0,0.578349774905627,0.578349774905627,,,,1.0
41,water_dipole,130,0.9999998807907104,0.0,0.578349774905627,0.578349774905627,,,,1.0
41,water_dipole,131,0.9999998807907104,0.0,0.578349774905627,0.578349774905627,,,,1.0
41,water_dipole,132,0.9999998807907104,0.0,0.578349774905627,0.578349774905627,,,,1.0
41,water_dipole,133,0.9999998807907104,0.0,0.578349774905627,0.578349774905627,,,,1.0
41,water_dipole,134,0.9999998807907104,0.0,0.578349774905627,0.578349774905627,,,,1.0
41,water_dipole,135,0.9999998807907104,0.0,0.578349774905627,0.578349774905627,,,,1.0
41,water_dipole,136,0.9999998807907104,0.0,0.578349774905627,0.578349774905627,,,,1.0
41,water_dipole,137,0.9999998807907104,0.0,0.578349774905627,0.578349774905627,,,,1.0
41,water_dipole,138,0.9999998807907104,0.0,0.578349774905627,0.578349774905627,,,,1.0
41,water_dipole,139,0.9999998807907104,0.0,0.578349774905627,0.578349774905627,,,,1.0
41,water_dipole,140,0.9999998807907104,0.0,0.578349774905627,0.578349774905627,,,,1.0
41,water_dipole,141,0.9999998807907104,0.0,0.578349774905627,0.578349774905627,,,,1.0
41,water_dipole,142,0.9999998807907104,0.0,0.578349774905627,0.578349774905627,,,,1.0
41,water_dipole,143,0.9999998807907104,0.0,0.578349774905627,0.578349774905627,,,,1.0
41,water_dipole,144,0.9999998807907104,0.0,0.578349774905627,0.578349774905627,,,,1.0
41,water_dipole,145,0.9999998807907104,0.0,0.578349774905627,0.578349774905627,,,,1.0
41,water_dipole,146,0.9999998807907104,0.0,0.578349774905627,0.578349774905627,,,,1.0
41,water_dipole,147,0.9999998807907104,0.0,0.578349774905627,0.578349774905627,,,,1.0
41,water_dipole,148,0.9999998807907104,0.0,0.578349774905627,0.578349774905627,,,,1.0
41,water_dipole,149,0.9999998807907104,0.0,0.578349774905627,0.578349774905627,,,,1.0
41,water_dipole,150,0.9999998807907104,0.0,0.578349774905627,0.578349774905627,,,,1.0
41,water_dipole,151,0.9999998807907104,0.0,0.578349774905627,0.578349774905627,,,,1.0
41,water_dipole,152,0.9999998807907104,0.0,0.578349774905627,0.578349774905627,,,,1.0
41,water_dipole,153,0.9999998807907104,0.0,0.578349774905627,0.578349774905627,,,,1.0
41,water_dipole,154,0.9999998807907104,0.0,0.578349774905627,0.578349774905627,,,,1.0
41,water_dipole,155,0.9999998807907104,0.0,0.578349774905627,0.578349774905627,,,,1.0
41,water_dipole,156,0.9999998807907104,0.0,0.578349774905627,0.578349774905627,,,,1.0
41,water_dipole,157,0.9999998807907104,0.0,0.578349774905627,0.578349774905627,,,,1.0
41,water_dipole,158,0.9999998807907104,0.0,0.578349774905627,0.578349774905627,,,,1.0
41,water_dipole,159,0.9999998807907104,0.0,0.578349774905627,0.578349774905627,,,,1.0
41,water_dipole,160,0.9999998807907104,0.0,0.578349774905627,0.578349774905627,,,,1.0
41,water_dipole,161,0.9999998807907104,0.0,0.578349774905627,0.578349774905627,,,,1.0
41,water_dipole,162,0.9999998807907104,0.0,0.578349774905627,0.578349774905627,,,,1.0
41,water_dipole,163,0.9999998807907104,0.0,0.578349774905627,0.578349774905627,,,,1.0
41,water_dipole,164,0.9999998807907104,0.0,0.578349774905627,0.578349774905627,,,,1.0
41,water_dipole,165,0.9999998807907104,0.0,0.578349774905627,0.578349774905627,,,,1.0
41,water_dipole,166,0.9999998807907104,0.0,0.578349774905627,0.578349774905627,,,,1.0
41,water_dipole,167,0.9999998807907104,0.0,0.578349774905627,0.578349774905627,,,,1.0
41,water_dipole,168,0.9999998807907104,0.0,0.578349774905627,0.578349774905627,,,,1.0
41,water_dipole,169,0.9999998807907104,0.0,0.578349774905627,0.578349774905627,,,,1.0
41,water_dipole,170,0.9999998807907104,0.0,0.578349774905627,0.578349774905627,,,,1.0
41,water_dipole,171,0.9999998807907104,0.0,0.578349774905627,0.578349774905627,,,,1.0
41,water_dipole,172,0.9999998807907104,0.0,0.578349774905627,0.578349774905627,,,,1.0
41,water_dipole,173,0.9999998807907104,0.0,0.578349774905627,0.578349774905627,,,,1.0
41,water_dipole,174,0.9999998807907104,0.0,0.578349774905627,0.578349774905627,,,,1.0
41,water_dipole,175,0.9999998807907104,0.0,0.578349774905627,0.578349774905627,,,,1.0
41,water_dipole,176,0.9999998807907104,0.0,0.578349774905627,0.578349774905627,,,,1.0
41,water_dipole,177,0.9999998807907104,0.0,0.578349774905627,0.578349774905627,,,,1.0
41,water_dipole,178,0.9999998807907104,0.0,0.578349774905627,0.578349774905627,,,,1.0
41,water_dipole,179,0.9999998807907104,0.0,0.578349774905627,0.578349774905627,,,,1.0
41,water_dipole,180,0.9999998807907104,0.0,0.578349774905627,0.578349774905627,,,,1.0
41,water_dipole,181,0.9999998807907104,0.0,0.578349774905627,0.578349774905627,,,,1.0
41,water_dipole,182,0.9999998807907104,0.0,0.578349774905627,0.578349774905627,,,,1.0
41,water_dipole,183,0.9999998807907104,0.0,0.578349774905627,0.578349774905627,,,,1.0
41,water_dipole,184,0.9999998807907104,0.0,0.578349774905627,0.578349774905627,,,,1.0
41,water_dipole,185,0.9999998807907104,0.0,0.578349774905627,0.578349774905627,,,,1.0
41,water_dipole,186,0.9999998807907104,0.0,0.578349774905627,0.578349774905627,,,,1.0
41,water_dipole,187,0.9999998807907104,0.0,0.578349774905627,0.578349774905627,,,,1.0
41,water_dipole,188,0.9999998807907104,0.0,0.578349774905627,0.578349774905627,,,,1.0
41,water_dipole,189,0.9999998807907104,0.0,0.578349774905627,0.578349774905627,,,,1.0
41,water_dipole,190,0.9999998807907104,0.0,0.578349774905627,0.578349774905627,,,,1.0
41,water_dipole,191,0.9999998807907104,0.0,0.578349774905627,0.578349774905627,,,,1.0
41,water_dipole,192,0.9999998807907104,0.0,0.578349774905627,0.578349774905627,,,,1.0
41,water_dipole,193,0.9999998807907104,0.0,0.578349774905627,0.578349774905627,,,,1.0
41,water_dipole,194,0.9999998807907104,0.0,0.578349774905627,0.578349774905627,,,,1.0
41,water_dipole,195,0.9999998807907104,0.0,0.578349774905627,0.578349774905627,,,,1.0
41,water_dipole,196,0.9999998807907104,0.0,0.578349774905627,0.578349774905627,,,,1.0
41,water_dipole,197,0.9999998807907104,0.0,0.578349774905627,0.578349774905627,,,,1.0
41,water_dipole,198,0.9999998807907104,0.0,0.578349774905627,0.578349774905627,,,,1.0
41,water_dipole,199,0.9999998807907104,0.0,0.578349774905627,0.578349774905627,,,,1.0
41,water_dipole,200,0.9999998807907104,0.0,0.578349774905627,0.578349774905627,,,,1.0
41,water_dipole,201,0.9999998807907104,0.0,0.578349774905627,0.578349774905627,,,,1.0
41,water_dipole,202,0.9999998807907104,0.0,0.578349774905627,0.578349774905627,,,,1.0
41,water_dipole,203,0.9999998807907104,0.0,0.578349774905627,0.578349774905627,,,,1.0
41,water_dipole,204,0.9999998807907104,0.0,0.578349774905627,0.578349774905627,,,,1.0
41,water_dipole,205,0.9999998807907104,0.0,0.578349774905627,0.578349774905627,,,,1.0
41,water_dipole,206,0.9999998807907104,0.0,0.578349774905627,0.578349774905627,,,,1.0
41,water_dipole,207,0.9999998807907104,0.0,0.578349774905627,0.578349774905627,,,,1.0
41,water_dipole,208,0.9999998807907104,0.0,0.578349774905627,0.578349774905627,,,,1.0
41,water_dipole,209,0.9999998807907104,0.0,0.578349774905627,0.578349774905627,,,,1.0
41,water_dipole,210,0.9999998807907104,0.0,0.578349774905627,0.578349774905627,,,,1.0
41,water_dipole,211,0.9999998807907104,0.0,0.578349774905627,0.578349774905627,,,,1.0
41,water_dipole,212,0.9999998807907104,0.0,0.578349774905627,0.578349774905627,,,,1.0
41,water_dipole,213,0.9999998807907104,0.0,0.578349774905627,0.578349774905627,,,,1.0
41,water_dipole,214,0.9999998807907104,0.0,0.578349774905627,0.578349774905627,,,,1.0
41,water_dipole,215,0.9999998807907104,0.0,0.578349774905627,0.578349774905627,,,,1.0
41,water_dipole,216,0.9999998807907104,0.0,0.578349774905627,0.578349774905627,,,,1.0
41,water_dipole,217,0.9999998807907104,0.0,0.578349774905627,0.578349774905627,,,,1.0
41,water_dipole,218,0.9999998807907104,0.0,0.578349774905627,0.578349774905627,,,,1.0
41,water_dipole,219,0.9999998807907104,0.0,0.578349774905627,0.578349774905627,,,,1.0
41,water_dipole,220,0.9999998807907104,0.0,0.578349774905627,0.578349774905627,,,,1.0
41,water_dipole,221,0.9999998807907104,0.0,0.578349774905627,0.578349774905627,,,,1.0
41,water_dipole,222,0.9999998807907104,0.0,0.578349774905627,0.578349774905627,,,,1.0
41,water_dipole,223,0.9999998807907104,0.0,0.578349774905627,0.578349774905627,,,,1.0
41,water_dipole,224,0.9999998807907104,0.0,0.578349774905627,0.578349774905627,,,,1.0
41,water_dipole,225,0.9999998807907104,0.0,0.578349774905627,0.578349774905627,,,,1.0
41,water_dipole,226,0.9999998807907104,0.0,0.578349774905627,0.578349774905627,,,,1.0
41,water_dipole,227,0.9999998807907104,0.0,0.578349774905627,0.578349774905627,,,,1.0
41,water_dipole,228,0.9999998807907104,0.0,0.578349774905627,0.578349774905627,,,,1.0
41,water_dipole,229,0.9999998807907104,0.0,0.578349774905627,0.578349774905627,,,,1.0
41,water_dipole,230,0.9999998807907104,0.0,0.578349774905627,0.578349774905627,,,,1.0
41,water_dipole,231,0.9999998807907104,0.0,0.578349774905627,0.578349774905627,,,,1.0
41,water_dipole,232,0.9999998807907104,0.0,0.578349774905627,0.578349774905627,,,,1.0
41,water_dipole,233,0.9999998807907104,0.0,0.578349774905627,0.578349774905627,,,,1.0
41,water_dipole,234,0.9999998807907104,0.0,0.578349774905627,0.578349774905627,,,,1.0
41,water_dipole,235,0.9999998807907104,0.0,0.578349774905627,0.578349774905627,,,,1.0
41,water_dipole,236,0.9999998807907104,0.0,0.578349774905627,0.578349774905627,,,,1.0
41,water_dipole,237,0.9999998807907104,0.0,0.578349774905627,0.578349774905627,,,,1.0
41,water_dipole,238,0.9999998807907104,0.0,0.578349774905627,0.578349774905627,,,,1.0
41,water_dipole,239,0.9999998807907104,0.0,0.578349774905627,0.578349774905627,,,,1.0
41,water_dipole,240,0.9999998807907104,0.0,0.578349774905627,0.578349774905627,,,,1.0
41,water_dipole,241,0.9999998807907104,0.0,0.578349774905627,0.578349774905627,,,,1.0
41,water_dipole,242,0.9999998807907104,0.0,0.578349774905627,0.578349774905627,,,,1.0
41,water_dipole,243,0.9999998807907104,0.0,0.578349774905627,0.578349774905627,,,,1.0
41,water_dipole,244,0.9999998807907104,0.0,0.578349774905627,0.578349774905627,,,,1.0
41,water_dipole,245,0.9999998807907104,0.0,0.578349774905627,0.578349774905627,,,,1.0
41,water_dipole,246,0.9999998807907104,0.0,0.578349774905627,0.578349774905627,,,,1.0
41,water_dipole,247,0.9999998807907104,0.0,0.578349774905627,0.578349774905627,,,,1.0
41,water_dipole,248,0.9999998807907104,0.0,0.578349774905627,0.578349774905627,,,,1.0
41,water_dipole,249,0.9999998807907104,0.0,0.578349774905627,0.578349774905627,,,,1.0
41,acetone_gsolv_eV,0,1.0,0.0,0.6224522992328878,0.6224522992328878,,,,1.0
41,acetone_gsolv_eV,1,1.0,0.0,0.6224522992328878,0.6224522992328878,,,,1.0
41,acetone_gsolv_eV,2,1.0,0.0,0.6224522992328878,0.6224522992328878,,,,1.0
41,acetone_gsolv_eV,3,1.0,0.0,0.6224522992328878,0.6224522992328878,,,,1.0
41,acetone_gsolv_eV,4,1.0,0.0,0.6224522992328878,0.6224522992328878,,,,1.0
41,acetone_gsolv_eV,5,1.0,0.0,0.6224522992328878,0.6224522992328878,,,,1.0
41,acetone_gsolv_eV,6,1.0,0.0,0.6224522992328878,0.6224522992328878,,,,1.0
41,acetone_gsolv_eV,7,1.0,0.0,0.6224522992328878,0.6224522992328878,,,,1.0
41,acetone_gsolv_eV,8,1.0,0.0,0.6224522992328878,0.6224522992328878,,,,1.0
41,acetone_gsolv_eV,9,1.0,0.0,0.6224522992328878,0.6224522992328878,,,,1.0
41,acetone_gsolv_eV,10,1.0,0.0,0.6224522992328878,0.6224522992328878,,,,1.0
41,acetone_gsolv_eV,11,1.0,0.0,0.6224522992328878,0.6224522992328878,,,,1.0
41,acetone_gsolv_eV,12,1.0,0.0,0.6224522992328878,0.6224522992328878,,,,1.0
41,acetone_gsolv_eV,13,1.0,0.0,0.6224522992328878,0.6224522992328878,,,,1.0
41,acetone_gsolv_eV,14,1.0,0.0,0.6224522992328878,0.6224522992328878,,,,1.0
41,acetone_gsolv_eV,15,1.0,0.0,0.6224522992328878,0.6224522992328878,,,,1.0
41,acetone_gsolv_eV,16,1.0,0.0,0.6224522992328878,0.6224522992328878,,,,1.0
41,acetone_gsolv_eV,17,1.0,0.0,0.6224522992328878,0.6224522992328878,,,,1.0
41,acetone_gsolv_eV,18,1.0,0.0,0.6224522992328878,0.6224522992328878,,,,1.0
41,acetone_gsolv_eV,19,1.0,0.0,0.6224522992328878,0.6224522992328878,,,,1.0
41,acetone_gsolv_eV,20,1.0,0.0,0.6224522992328878,0.6224522992328878,,,,1.0
41,acetone_gsolv_eV,21,1.0,0.0,0.6224522992328878,0.6224522992328878,,,,1.0
41,acetone_gsolv_eV,22,1.0,0.0,0.6224522992328878,0.6224522992328878,,,,1.0
41,acetone_gsolv_eV,23,1.0,0.0,0.6224522992328878,0.6224522992328878,,,,1.0
41,acetone_gsolv_eV,24,1.0,0.0,0.6224522992328878,0.6224522992328878,,,,1.0
41,acetone_gsolv_eV,25,1.0,0.0,0.6224522992328878,0.6224522992328878,,,,1.0
41,acetone_gsolv_eV,26,1.0,0.0,0.6224522992328878,0.6224522992328878,,,,1.0
41,acetone_gsolv_eV,27,1.0,0.0,0.6224522992328878,0.6224522992328878,,,,1.0
41,acetone_gsolv_eV,28,1.0,0.0,0.6224522992328878,0.6224522992328878,,,,1.0
41,acetone_gsolv_eV,29,1.0,0.0,0.6224522992328878,0.6224522992328878,,,,1.0
41,acetone_gsolv_eV,30,1.0,0.0,0.6224522992328878,0.6224522992328878,,,,1.0
41,acetone_gsolv_eV,31,1.0,0.0,0.6224522992328878,0.6224522992328878,,,,1.0
41,acetone_gsolv_eV,32,1.0,0.0,0.6224522992328878,0.6224522992328878,,,,1.0
41,acetone_gsolv_eV,33,1.0,0.0,0.6224522992328878,0.6224522992328878,,,,1.0
41,acetone_gsolv_eV,34,1.0,0.0,0.6224522992328878,0.6224522992328878,,,,1.0
41,acetone_gsolv_eV,35,1.0,0.0,0.6224522992328878,0.6224522992328878,,,,1.0
41,acetone_gsolv_eV,36,1.0,0.0,0.6224522992328878,0.6224522992328878,,,,1.0
41,acetone_gsolv_eV,37,1.0,0.0,0.6224522992328878,0.6224522992328878,,,,1.0
41,acetone_gsolv_eV,38,1.0,0.0,0.6224522992328878,0.6224522992328878,,,,1.0
41,acetone_gsolv_eV,39,1.0,0.0,0.6224522992328878,0.6224522992328878,,,,1.0
41,acetone_gsolv_eV,40,1.0,0.0,0.6224522992328878,0.6224522992328878,,,,1.0
41,acetone_gsolv_eV,41,1.0,0.0,0.6224522992328878,0.6224522992328878,,,,1.0
41,acetone_gsolv_eV,42,1.0,0.0,0.6224522992328878,0.6224522992328878,,,,1.0
41,acetone_gsolv_eV,43,1.0,0.0,0.6224522992328878,0.6224522992328878,,,,1.0
41,acetone_gsolv_eV,44,1.0,0.0,0.6224522992328878,0.6224522992328878,,,,1.0
41,acetone_gsolv_eV,45,1.0,0.0,0.6224522992328878,0.6224522992328878,,,,1.0
41,acetone_gsolv_eV,46,1.0,0.0,0.6224522992328878,0.6224522992328878,,,,1.0
41,acetone_gsolv_eV,47,1.0,0.0,0.6224522992328878,0.6224522992328878,,,,1.0
41,acetone_gsolv_eV,48,1.0,0.0,0.6224522992328878,0.6224522992328878,,,,1.0
41,acetone_gsolv_eV,49,1.0,0.0,0.6224522992328878,0.6224522992328878,,,,1.0
41,acetone_gsolv_eV,50,1.0,0.0,0.6224522992328878,0.6224522992328878,,,,1.0
41,acetone_gsolv_eV,51,1.0,0.0,0.6224522992328878,0.6224522992328878,,,,1.0
41,acetone_gsolv_eV,52,1.0,0.0,0.6224522992328878,0.6224522992328878,,,,1.0
41,acetone_gsolv_eV,53,1.0,0.0,0.6224522992328878,0.6224522992328878,,,,1.0
41,acetone_gsolv_eV,54,1.0,0.0,0.6224522992328878,0.6224522992328878,,,,1.0
41,acetone_gsolv_eV,55,1.0,0.0,0.6224522992328878,0.6224522992328878,,,,1.0
41,acetone_gsolv_eV,56,1.0,0.0,0.6224522992328878,0.6224522992328878,,,,1.0
41,acetone_gsolv_eV,57,1.0,0.0,0.6224522992328878,0.6224522992328878,,,,1.0
41,acetone_gsolv_eV,58,1.0,0.0,0.6224522992328878,0.6224522992328878,,,,1.0
41,acetone_gsolv_eV,59,1.0,0.0,0.6224522992328878,0.6224522992328878,,,,1.0
41,acetone_gsolv_eV,60,1.0,0.0,0.6224522992328878,0.6224522992328878,,,,1.0
41,acetone_gsolv_eV,61,1.0,0.0,0.6224522992328878,0.6224522992328878,,,,1.0
41,acetone_gsolv_eV,62,1.0,0.0,0.6224522992328878,0.6224522992328878,,,,1.0
41,acetone_gsolv_eV,63,1.0,0.0,0.6224522992328878,0.6224522992328878,,,,1.0
41,acetone_gsolv_eV,64,1.0,0.0,0.6224522992328878,0.6224522992328878,,,,1.0
41,acetone_gsolv_eV,65,1.0,0.0,0.6224522992328878,0.6224522992328878,,,,1.0
41,acetone_gsolv_eV,66,1.0,0.0,0.6224522992328878,0.6224522992328878,,,,1.0
41,acetone_gsolv_eV,67,1.0,0.0,0.6224522992328878,0.6224522992328878,,,,1.0
41,acetone_gsolv_eV,68,1.0,0.0,0.6224522992328878,0.6224522992328878,,,,1.0
41,acetone_gsolv_eV,69,1.0,0.0,0.6224522992328878,0.6224522992328878,,,,1.0
41,acetone_gsolv_eV,70,1.0,0.0,0.6224522992328878,0.6224522992328878,,,,1.0
41,acetone_gsolv_eV,71,1.0,0.0,0.6224522992328878,0.6224522992328878,,,,1.0
41,acetone_gsolv_eV,72,1.0,0.0,0.6224522992328878,0.6224522992328878,,,,1.0
41,acetone_gsolv_eV,73,1.0,0.0,0.6224522992328878,0.6224522992328878,,,,1.0
41,acetone_gsolv_eV,74,1.0,0.0,0.6224522992328878,0.6224522992328878,,,,1.0
41,acetone_gsolv_eV,75,1.0,0.0,0.6224522992328878,0.6224522992328878,,,,1.0
41,acetone_gsolv_eV,76,1.0,0.0,0.6224522992328878,0.6224522992328878,,,,1.0
41,acetone_gsolv_eV,77,1.0,0.0,0.6224522992328878,0.6224522992328878,,,,1.0
41,acetone_gsolv_eV,78,1.0,0.0,0.6224522992328878,0.6224522992328878,,,,1.0
41,acetone_gsolv_eV,79,1.0,0.0,0.6224522992328878,0.6224522992328878,,,,1.0
41,acetone_gsolv_eV,80,1.0,0.0,0.6224522992328878,0.6224522992328878,,,,1.0
41,acetone_gsolv_eV,81,1.0,0.0,0.6224522992328878,0.6224522992328878,,,,1.0
41,acetone_gsolv_eV,82,1.0,0.0,0.6224522992328878,0.6224522992328878,,,,1.0
41,acetone_gsolv_eV,83,1.0,0.0,0.6224522992328878,0.6224522992328878,,,,1.0
41,acetone_gsolv_eV,84,1.0,0.0,0.6224522992328878,0.6224522992328878,,,,1.0
41,acetone_gsolv_eV,85,1.0,0.0,0.6224522992328878,0.6224522992328878,,,,1.0
41,acetone_gsolv_eV,86,1.0,0.0,0.6224522992328878,0.6224522992328878,,,,1.0
41,acetone_gsolv_eV,87,1.0,0.0,0.6224522992328878,0.6224522992328878,,,,1.0
41,acetone_gsolv_eV,88,1.0,0.0,0.6224522992328878,0.6224522992328878,,,,1.0
41,acetone_gsolv_eV,89,1.0,0.0,0.6224522992328878,0.6224522992328878,,,,1.0
41,acetone_gsolv_eV,90,1.0,0.0,0.6224522992328878,0.6224522992328878,,,,1.0
41,acetone_gsolv_eV,91,1.0,0.0,0.6224522992328878,0.6224522992328878,,,,1.0
41,acetone_gsolv_eV,92,1.0,0.0,0.6224522992328878,0.6224522992328878,,,,1.0
41,acetone_gsolv_eV,93,1.0,0.0,0.6224522992328878,0.6224522992328878,,,,1.0
41,acetone_gsolv_eV,94,1.0,0.0,0.6224522992328878,0.6224522992328878,,,,1.0
41,acetone_gsolv_eV,95,1.0,0.0,0.6224522992328878,0.6224522992328878,,,,1.0
41,acetone_gsolv_eV,96,1.0,0.0,0.6224522992328878,0.6224522992328878,,,,1.0
41,acetone_gsolv_eV,97,1.0,0.0,0.6224522992328878,0.6224522992328878,,,,1.0
41,acetone_gsolv_eV,98,1.0,0.0,0.6224522992328878,0.6224522992328878,,,,1.0
41,acetone_gsolv_eV,99,1.0,0.0,0.6224522992328878,0.6224522992328878,,,,1.0
41,acetone_gsolv_eV,100,1.0,0.0,0.6224522992328878,0.6224522992328878,,,,1.0
41,acetone_gsolv_eV,101,1.0,0.0,0.6224522992328878,0.6224522992328878,,,,1.0
41,acetone_gsolv_eV,102,1.0,0.0,0.6224522992328878,0.6224522992328878,,,,1.0
41,acetone_gsolv_eV,103,1.0,0.0,0.6224522992328878,0.6224522992328878,,,,1.0
41,acetone_gsolv_eV,104,1.0,0.0,0.6224522992328878,0.6224522992328878,,,,1.0
41,acetone_gsolv_eV,105,1.0,0.0,0.6224522992328878,0.6224522992328878,,,,1.0
41,acetone_gsolv_eV,106,1.0,0.0,0.6224522992328878,0.6224522992328878,,,,1.0
41,acetone_gsolv_eV,107,1.0,0.0,0.6224522992328878,0.6224522992328878,,,,1.0
41,acetone_gsolv_eV,108,1.0,0.0,0.6224522992328878,0.6224522992328878,,,,1.0
41,acetone_gsolv_eV,109,1.0,0.0,0.6224522992328878,0.6224522992328878,,,,1.0
41,acetone_gsolv_eV,110,1.0,0.0,0.6224522992328878,0.6224522992328878,,,,1.0
41,acetone_gsolv_eV,111,1.0,0.0,0.6224522992328878,0.6224522992328878,,,,1.0
41,acetone_gsolv_eV,112,1.0,0.0,0.6224522992328878,0.6224522992328878,,,,1.0
41,acetone_gsolv_eV,113,1.0,0.0,0.6224522992328878,0.6224522992328878,,,,1.0
41,acetone_gsolv_eV,114,1.0,0.0,0.6224522992328878,0.6224522992328878,,,,1.0
41,acetone_gsolv_eV,115,1.0,0.0,0.6224522992328878,0.6224522992328878,,,,1.0
41,acetone_gsolv_eV,116,1.0,0.0,0.6224522992328878,0.6224522992328878,,,,1.0
41,acetone_gsolv_eV,117,1.0,0.0,0.6224522992328878,0.6224522992328878,,,,1.0
41,acetone_gsolv_eV,118,1.0,0.0,0.6224522992328878,0.6224522992328878,,,,1.0
41,acetone_gsolv_eV,119,1.0,0.0,0.6224522992328878,0.6224522992328878,,,,1.0
41,acetone_gsolv_eV,120,1.0,0.0,0.6224522992328878,0.6224522992328878,,,,1.0
41,acetone_gsolv_eV,121,1.0,0.0,0.6224522992328878,0.6224522992328878,,,,1.0
41,acetone_gsolv_eV,122,1.0,0.0,0.6224522992328878,0.6224522992328878,,,,1.0
41,acetone_gsolv_eV,123,1.0,0.0,0.6224522992328878,0.6224522992328878,,,,1.0
41,acetone_gsolv_eV,124,1.0,0.0,0.6224522992328878,0.6224522992328878,,,,1.0
41,acetone_gsolv_eV,125,1.0,0.0,0.6224522992328878,0.6224522992328878,,,,1.0
41,acetone_gsolv_eV,126,1.0,0.0,0.6224522992328878,0.6224522992328878,,,,1.0
41,acetone_gsolv_eV,127,1.0,0.0,0.6224522992328878,0.6224522992328878,,,,1.0
41,acetone_gsolv_eV,128,1.0,0.0,0.6224522992328878,0.6224522992328878,,,,1.0
41,acetone_gsolv_eV,129,1.0,0.0,0.6224522992328878,0.6224522992328878,,,,1.0
41,acetone_gsolv_eV,130,1.0,0.0,0.6224522992328878,0.6224522992328878,,,,1.0
41,acetone_gsolv_eV,131,1.0,0.0,0.6224522992328878,0.6224522992328878,,,,1.0
41,acetone_gsolv_eV,132,1.0,0.0,0.6224522992328878,0.6224522992328878,,,,1.0
41,acetone_gsolv_eV,133,1.0,0.0,0.6224522992328878,0.6224522992328878,,,,1.0
41,acetone_gsolv_eV,134,1.0,0.0,0.6224522992328878,0.6224522992328878,,,,1.0
41,acetone_gsolv_eV,135,1.0,0.0,0.6224522992328878,0.6224522992328878,,,,1.0
41,acetone_gsolv_eV,136,1.0,0.0,0.6224522992328878,0.6224522992328878,,,,1.0
41,acetone_gsolv_eV,137,1.0,0.0,0.6224522992328878,0.6224522992328878,,,,1.0
41,acetone_gsolv_eV,138,1.0,0.0,0.6224522992328878,0.6224522992328878,,,,1.0
41,acetone_gsolv_eV,139,1.0,0.0,0.6224522992328878,0.6224522992328878,,,,1.0
41,acetone_gsolv_eV,140,1.0,0.0,0.6224522992328878,0.6224522992328878,,,,1.0
41,acetone_gsolv_eV,141,1.0,0.0,0.6224522992328878,0.6224522992328878,,,,1.0
41,acetone_gsolv_eV,142,1.0,0.0,0.6224522992328878,0.6224522992328878,,,,1.0
41,acetone_gsolv_eV,143,1.0,0.0,0.6224522992328878,0.6224522992328878,,,,1.0
41,acetone_gsolv_eV,144,1.0,0.0,0.6224522992328878,0.6224522992328878,,,,1.0
41,acetone_gsolv_eV,145,1.0,0.0,0.6224522992328878,0.6224522992328878,,,,1.0
41,acetone_gsolv_eV,146,1.0,0.0,0.6224522992328878,0.6224522992328878,,,,1.0
41,acetone_gsolv_eV,147,1.0,0.0,0.6224522992328878,0.6224522992328878,,,,1.0
41,acetone_gsolv_eV,148,1.0,0.0,0.6224522992328878,0.6224522992328878,,,,1.0
41,acetone_gsolv_eV,149,1.0,0.0,0.6224522992328878,0.6224522992328878,,,,1.0
41,acetone_gsolv_eV,150,1.0,0.0,0.6224522992328878,0.6224522992328878,,,,1.0
41,acetone_gsolv_eV,151,1.0,0.0,0.6224522992328878,0.6224522992328878,,,,1.0
41,acetone_gsolv_eV,152,1.0,0.0,0.6224522992328878,0.6224522992328878,,,,1.0
41,acetone_gsolv_eV,153,1.0,0.0,0.6224522992328878,0.6224522992328878,,,,1.0
41,acetone_gsolv_eV,154,1.0,0.0,0.6224522992328878,0.6224522992328878,,,,1.0
41,acetone_gsolv_eV,155,1.0,0.0,0.6224522992328878,0.6224522992328878,,,,1.0
41,acetone_gsolv_eV,156,1.0,0.0,0.6224522992328878,0.6224522992328878,,,,1.0
41,acetone_gsolv_eV,157,1.0,0.0,0.6224522992328878,0.6224522992328878,,,,1.0
41,acetone_gsolv_eV,158,1.0,0.0,0.6224522992328878,0.6224522992328878,,,,1.0
41,acetone_gsolv_eV,159,1.0,0.0,0.6224522992328878,0.6224522992328878,,,,1.0
41,acetone_gsolv_eV,160,1.0,0.0,0.6224522992328878,0.6224522992328878,,,,1.0
41,acetone_gsolv_eV,161,1.0,0.0,0.6224522992328878,0.6224522992328878,,,,1.0
41,acetone_gsolv_eV,162,1.0,0.0,0.6224522992328878,0.6224522992328878,,,,1.0
41,acetone_gsolv_eV,163,1.0,0.0,0.6224522992328878,0.6224522992328878,,,,1.0
41,acetone_gsolv_eV,164,1.0,0.0,0.6224522992328878,0.6224522992328878,,,,1.0
41,acetone_gsolv_eV,165,1.0,0.0,0.6224522992328878,0.6224522992328878,,,,1.0
41,acetone_gsolv_eV,166,1.0,0.0,0.6224522992328878,0.6224522992328878,,,,1.0
41,acetone_gsolv_eV,167,1.0,0.0,0.6224522992328878,0.6224522992328878,,,,1.0
41,acetone_gsolv_eV,168,1.0,0.0,0.6224522992328878,0.6224522992328878,,,,1.0
41,acetone_gsolv_eV,169,1.0,0.0,0.6224522992328878,0.6224522992328878,,,,1.0
41,acetone_gsolv_eV,170,1.0,0.0,0.6224522992328878,0.6224522992328878,,,,1.0
41,acetone_gsolv_eV,171,1.0,0.0,0.6224522992328878,0.6224522992328878,,,,1.0
41,acetone_gsolv_eV,172,1.0,0.0,0.6224522992328878,0.6224522992328878,,,,1.0
41,acetone_gsolv_eV,173,1.0,0.0,0.6224522992328878,0.6224522992328878,,,,1.0
41,acetone_gsolv_eV,174,1.0,0.0,0.6224522992328878,0.6224522992328878,,,,1.0
41,acetone_gsolv_eV,175,1.0,0.0,0.6224522992328878,0.6224522992328878,,,,1.0
41,acetone_gsolv_eV,176,1.0,0.0,0.6224522992328878,0.6224522992328878,,,,1.0
41,acetone_gsolv_eV,177,1.0,0.0,0.6224522992328878,0.6224522992328878,,,,1.0
41,acetone_gsolv_eV,178,1.0,0.0,0.6224522992328878,0.6224522992328878,,,,1.0
41,acetone_gsolv_eV,179,1.0,0.0,0.6224522992328878,0.6224522992328878,,,,1.0
41,acetone_gsolv_eV,180,1.0,0.0,0.6224522992328878,0.6224522992328878,,,,1.0
41,acetone_gsolv_eV,181,1.0,0.0,0.6224522992328878,0.6224522992328878,,,,1.0
41,acetone_gsolv_eV,182,1.0,0.0,0.6224522992328878,0.6224522992328878,,,,1.0
41,acetone_gsolv_eV,183,1.0,0.0,0.6224522992328878,0.6224522992328878,,,,1.0
41,acetone_gsolv_eV,184,1.0,0.0,0.6224522992328878,0.6224522992328878,,,,1.0
41,acetone_gsolv_eV,185,1.0,0.0,0.6224522992328878,0.6224522992328878,,,,1.0
41,acetone_gsolv_eV,186,1.0,0.0,0.6224522992328878,0.6224522992328878,,,,1.0
41,acetone_gsolv_eV,187,1.0,0.0,0.6224522992328878,0.6224522992328878,,,,1.0
41,acetone_gsolv_eV,188,1.0,0.0,0.6224522992328878,0.6224522992328878,,,,1.0
41,acetone_gsolv_eV,189,1.0,0.0,0.6224522992328878,0.6224522992328878,,,,1.0
41,acetone_gsolv_eV,190,1.0,0.0,0.6224522992328878,0.6224522992328878,,,,1.0
41,acetone_gsolv_eV,191,1.0,0.0,0.6224522992328878,0.6224522992328878,,,,1.0
41,acetone_gsolv_eV,192,1.0,0.0,0.6224522992328878,0.6224522992328878,,,,1.0
41,acetone_gsolv_eV,193,1.0,0.0,0.6224522992328878,0.6224522992328878,,,,1.0
41,acetone_gsolv_eV,194,1.0,0.0,0.6224522992328878,0.6224522992328878,,,,1.0
41,acetone_gsolv_eV,195,1.0,0.0,0.6224522992328878,0.6224522992328878,,,,1.0
41,acetone_gsolv_eV,196,1.0,0.0,0.6224522992328878,0.6224522992328878,,,,1.0
41,acetone_gsolv_eV,197,1.0,0.0,0.6224522992328878,0.6224522992328878,,,,1.0
41,acetone_gsolv_eV,198,1.0,0.0,0.6224522992328878,0.6224522992328878,,,,1.0
41,acetone_gsolv_eV,199,1.0,0.0,0.6224522992328878,0.6224522992328878,,,,1.0
41,acetone_gsolv_eV,200,1.0,0.0,0.6224522992328878,0.6224522992328878,,,,1.0
41,acetone_gsolv_eV,201,1.0,0.0,0.6224522992328878,0.6224522992328878,,,,1.0
41,acetone_gsolv_eV,202,1.0,0.0,0.6224522992328878,0.6224522992328878,,,,1.0
41,acetone_gsolv_eV,203,1.0,0.0,0.6224522992328878,0.6224522992328878,,,,1.0
41,acetone_gsolv_eV,204,1.0,0.0,0.6224522992328878,0.6224522992328878,,,,1.0
41,acetone_gsolv_eV,205,1.0,0.0,0.6224522992328878,0.6224522992328878,,,,1.0
41,acetone_gsolv_eV,206,1.0,0.0,0.6224522992328878,0.6224522992328878,,,,1.0
41,acetone_gsolv_eV,207,1.0,0.0,0.6224522992328878,0.6224522992328878,,,,1.0
41,acetone_gsolv_eV,208,1.0,0.0,0.6224522992328878,0.6224522992328878,,,,1.0
41,acetone_gsolv_eV,209,1.0,0.0,0.6224522992328878,0.6224522992328878,,,,1.0
41,acetone_gsolv_eV,210,1.0,0.0,0.6224522992328878,0.6224522992328878,,,,1.0
41,acetone_gsolv_eV,211,1.0,0.0,0.6224522992328878,0.6224522992328878,,,,1.0
41,acetone_gsolv_eV,212,1.0,0.0,0.6224522992328878,0.6224522992328878,,,,1.0
41,acetone_gsolv_eV,213,1.0,0.0,0.6224522992328878,0.6224522992328878,,,,1.0
41,acetone_gsolv_eV,214,1.0,0.0,0.6224522992328878,0.6224522992328878,,,,1.0
41,acetone_gsolv_eV,215,1.0,0.0,0.6224522992328878,0.6224522992328878,,,,1.0
41,acetone_gsolv_eV,216,1.0,0.0,0.6224522992328878,0.6224522992328878,,,,1.0
41,acetone_gsolv_eV,217,1.0,0.0,0.6224522992328878,0.6224522992328878,,,,1.0
41,acetone_gsolv_eV,218,1.0,0.0,0.6224522992328878,0.6224522992328878,,,,1.0
41,acetone_gsolv_eV,219,1.0,0.0,0.6224522992328878,0.6224522992328878,,,,1.0
41,acetone_gsolv_eV,220,1.0,0.0,0.6224522992328878,0.6224522992328878,,,,1.0
41,acetone_gsolv_eV,221,1.0,0.0,0.6224522992328878,0.6224522992328878,,,,1.0
41,acetone_gsolv_eV,222,1.0,0.0,0.6224522992328878,0.6224522992328878,,,,1.0
41,acetone_gsolv_eV,223,1.0,0.0,0.6224522992328878,0.6224522992328878,,,,1.0
41,acetone_gsolv_eV,224,1.0,0.0,0.6224522992328878,0.6224522992328878,,,,1.0
41,acetone_gsolv_eV,225,1.0,0.0,0.6224522992328878,0.6224522992328878,,,,1.0
41,acetone_gsolv_eV,226,1.0,0.0,0.6224522992328878,0.6224522992328878,,,,1.0
41,acetone_gsolv_eV,227,1.0,0.0,0.6224522992328878,0.6224522992328878,,,,1.0
41,acetone_gsolv_eV,228,1.0,0.0,0.6224522992328878,0.6224522992328878,,,,1.0
41,acetone_gsolv_eV,229,1.0,0.0,0.6224522992328878,0.6224522992328878,,,,1.0
41,acetone_gsolv_eV,230,1.0,0.0,0.6224522992328878,0.6224522992328878,,,,1.0
41,acetone_gsolv_eV,231,1.0,0.0,0.6224522992328878,0.6224522992328878,,,,1.0
41,acetone_gsolv_eV,232,1.0,0.0,0.6224522992328878,0.6224522992328878,,,,1.0
41,acetone_gsolv_eV,233,1.0,0.0,0.6224522992328878,0.6224522992328878,,,,1.0
41,acetone_gsolv_eV,234,1.0,0.0,0.6224522992328878,0.6224522992328878,,,,1.0
41,acetone_gsolv_eV,235,1.0,0.0,0.6224522992328878,0.6224522992328878,,,,1.0
41,acetone_gsolv_eV,236,1.0,0.0,0.6224522992328878,0.6224522992328878,,,,1.0
41,acetone_gsolv_eV,237,1.0,0.0,0.6224522992328878,0.6224522992328878,,,,1.0
41,acetone_gsolv_eV,238,1.0,0.0,0.6224522992328878,0.6224522992328878,,,,1.0
41,acetone_gsolv_eV,239,1.0,0.0,0.6224522992328878,0.6224522992328878,,,,1.0
41,acetone_gsolv_eV,240,1.0,0.0,0.6224522992328878,0.6224522992328878,,,,1.0
41,acetone_gsolv_eV,241,1.0,0.0,0.6224522992328878,0.6224522992328878,,,,1.0
41,acetone_gsolv_eV,242,1.0,0.0,0.6224522992328878,0.6224522992328878,,,,1.0
41,acetone_gsolv_eV,243,1.0,0.0,0.6224522992328878,0.6224522992328878,,,,1.0
41,acetone_gsolv_eV,244,1.0,0.0,0.6224522992328878,0.6224522992328878,,,,1.0
41,acetone_gsolv_eV,245,1.0,0.0,0.6224522992328878,0.6224522992328878,,,,1.0
41,acetone_gsolv_eV,246,1.0,0.0,0.6224522992328878,0.6224522992328878,,,,1.0
41,acetone_gsolv_eV,247,1.0,0.0,0.6224522992328878,0.6224522992328878,,,,1.0
41,acetone_gsolv_eV,248,1.0,0.0,0.6224522992328878,0.6224522992328878,,,,1.0
41,acetone_gsolv_eV,249,1.0,0.0,0.6224522992328878,0.6224522992328878,,,,1.0
41,acetone_hl_gap_eV,0,1.0,0.0,0.713775520245107,0.713775520245107,,,,1.0
41,acetone_hl_gap_eV,1,1.0,0.0,0.713775520245107,0.713775520245107,,,,1.0
41,acetone_hl_gap_eV,2,1.0,0.0,0.713775520245107,0.713775520245107,,,,1.0
41,acetone_hl_gap_eV,3,1.0,0.0,0.713775520245107,0.713775520245107,,,,1.0
41,acetone_hl_gap_eV,4,1.0,0.0,0.713775520245107,0.713775520245107,,,,1.0
41,acetone_hl_gap_eV,5,1.0,0.0,0.713775520245107,0.713775520245107,,,,1.0
41,acetone_hl_gap_eV,6,1.0,0.0,0.713775520245107,0.713775520245107,,,,1.0
41,acetone_hl_gap_eV,7,1.0,0.0,0.713775520245107,0.713775520245107,,,,1.0
41,acetone_hl_gap_eV,8,1.0,0.0,0.713775520245107,0.713775520245107,,,,1.0
41,acetone_hl_gap_eV,9,1.0,0.0,0.713775520245107,0.713775520245107,,,,1.0
41,acetone_hl_gap_eV,10,1.0,0.0,0.713775520245107,0.713775520245107,,,,1.0
41,acetone_hl_gap_eV,11,1.0,0.0,0.713775520245107,0.713775520245107,,,,1.0
41,acetone_hl_gap_eV,12,1.0,0.0,0.713775520245107,0.713775520245107,,,,1.0
41,acetone_hl_gap_eV,13,1.0,0.0,0.713775520245107,0.713775520245107,,,,1.0
41,acetone_hl_gap_eV,14,1.0,0.0,0.713775520245107,0.713775520245107,,,,1.0
41,acetone_hl_gap_eV,15,1.0,0.0,0.713775520245107,0.713775520245107,,,,1.0
41,acetone_hl_gap_eV,16,1.0,0.0,0.713775520245107,0.713775520245107,,,,1.0
41,acetone_hl_gap_eV,17,1.0,0.0,0.713775520245107,0.713775520245107,,,,1.0
41,acetone_hl_gap_eV,18,1.0,0.0,0.713775520245107,0.713775520245107,,,,1.0
41,acetone_hl_gap_eV,19,1.0,0.0,0.713775520245107,0.713775520245107,,,,1.0
41,acetone_hl_gap_eV,20,1.0,0.0,0.713775520245107,0.713775520245107,,,,1.0
41,acetone_hl_gap_eV,21,1.0,0.0,0.713775520245107,0.713775520245107,,,,1.0
41,acetone_hl_gap_eV,22,1.0,0.0,0.713775520245107,0.713775520245107,,,,1.0
41,acetone_hl_gap_eV,23,1.0,0.0,0.713775520245107,0.713775520245107,,,,1.0
41,acetone_hl_gap_eV,24,1.0,0.0,0.713775520245107,0.713775520245107,,,,1.0
41,acetone_hl_gap_eV,25,1.0,0.0,0.713775520245107,0.713775520245107,,,,1.0
41,acetone_hl_gap_eV,26,1.0,0.0,0.713775520245107,0.713775520245107,,,,1.0
41,acetone_hl_gap_eV,27,1.0,0.0,0.713775520245107,0.713775520245107,,,,1.0
41,acetone_hl_gap_eV,28,1.0,0.0,0.713775520245107,0.713775520245107,,,,1.0
41,acetone_hl_gap_eV,29,1.0,0.0,0.713775520245107,0.713775520245107,,,,1.0
41,acetone_hl_gap_eV,30,1.0,0.0,0.713775520245107,0.713775520245107,,,,1.0
41,acetone_hl_gap_eV,31,1.0,0.0,0.713775520245107,0.713775520245107,,,,1.0
41,acetone_hl_gap_eV,32,1.0,0.0,0.713775520245107,0.713775520245107,,,,1.0
41,acetone_hl_gap_eV,33,1.0,0.0,0.713775520245107,0.713775520245107,,,,1.0
41,acetone_hl_gap_eV,34,1.0,0.0,0.713775520245107,0.713775520245107,,,,1.0
41,acetone_hl_gap_eV,35,1.0,0.0,0.713775520245107,0.713775520245107,,,,1.0
41,acetone_hl_gap_eV,36,1.0,0.0,0.713775520245107,0.713775520245107,,,,1.0
41,acetone_hl_gap_eV,37,1.0,0.0,0.713775520245107,0.713775520245107,,,,1.0
41,acetone_hl_gap_eV,38,1.0,0.0,0.713775520245107,0.713775520245107,,,,1.0
41,acetone_hl_gap_eV,39,1.0,0.0,0.713775520245107,0.713775520245107,,,,1.0
41,acetone_hl_gap_eV,40,1.0,0.0,0.713775520245107,0.713775520245107,,,,1.0
41,acetone_hl_gap_eV,41,1.0,0.0,0.713775520245107,0.713775520245107,,,,1.0
41,acetone_hl_gap_eV,42,1.0,0.0,0.713775520245107,0.713775520245107,,,,1.0
41,acetone_hl_gap_eV,43,1.0,0.0,0.713775520245107,0.713775520245107,,,,1.0
41,acetone_hl_gap_eV,44,1.0,0.0,0.713775520245107,0.713775520245107,,,,1.0
41,acetone_hl_gap_eV,45,1.0,0.0,0.713775520245107,0.713775520245107,,,,1.0
41,acetone_hl_gap_eV,46,1.0,0.0,0.713775520245107,0.713775520245107,,,,1.0
41,acetone_hl_gap_eV,47,1.0,0.0,0.713775520245107,0.713775520245107,,,,1.0
41,acetone_hl_gap_eV,48,1.0,0.0,0.713775520245107,0.713775520245107,,,,1.0
41,acetone_hl_gap_eV,49,1.0,0.0,0.713775520245107,0.713775520245107,,,,1.0
41,acetone_hl_gap_eV,50,1.0,0.0,0.713775520245107,0.713775520245107,,,,1.0
41,acetone_hl_gap_eV,51,1.0,0.0,0.713775520245107,0.713775520245107,,,,1.0
41,acetone_hl_gap_eV,52,1.0,0.0,0.713775520245107,0.713775520245107,,,,1.0
41,acetone_hl_gap_eV,53,1.0,0.0,0.713775520245107,0.713775520245107,,,,1.0
41,acetone_hl_gap_eV,54,1.0,0.0,0.713775520245107,0.713775520245107,,,,1.0
41,acetone_hl_gap_eV,55,1.0,0.0,0.713775520245107,0.713775520245107,,,,1.0
41,acetone_hl_gap_eV,56,1.0,0.0,0.713775520245107,0.713775520245107,,,,1.0
41,acetone_hl_gap_eV,57,1.0,0.0,0.713775520245107,0.713775520245107,,,,1.0
41,acetone_hl_gap_eV,58,1.0,0.0,0.713775520245107,0.713775520245107,,,,1.0
41,acetone_hl_gap_eV,59,1.0,0.0,0.713775520245107,0.713775520245107,,,,1.0
41,acetone_hl_gap_eV,60,1.0,0.0,0.713775520245107,0.713775520245107,,,,1.0
41,acetone_hl_gap_eV,61,1.0,0.0,0.713775520245107,0.713775520245107,,,,1.0
41,acetone_hl_gap_eV,62,1.0,0.0,0.713775520245107,0.713775520245107,,,,1.0
41,acetone_hl_gap_eV,63,1.0,0.0,0.713775520245107,0.713775520245107,,,,1.0
41,acetone_hl_gap_eV,64,1.0,0.0,0.713775520245107,0.713775520245107,,,,1.0
41,acetone_hl_gap_eV,65,1.0,0.0,0.713775520245107,0.713775520245107,,,,1.0
41,acetone_hl_gap_eV,66,1.0,0.0,0.713775520245107,0.713775520245107,,,,1.0
41,acetone_hl_gap_eV,67,1.0,0.0,0.713775520245107,0.713775520245107,,,,1.0
41,acetone_hl_gap_eV,68,1.0,0.0,0.713775520245107,0.713775520245107,,,,1.0
41,acetone_hl_gap_eV,69,1.0,0.0,0.713775520245107,0.713775520245107,,,,1.0
41,acetone_hl_gap_eV,70,1.0,0.0,0.713775520245107,0.713775520245107,,,,1.0
41,acetone_hl_gap_eV,71,1.0,0.0,0.713775520245107,0.713775520245107,,,,1.0
41,acetone_hl_gap_eV,72,1.0,0.0,0.713775520245107,0.713775520245107,,,,1.0
41,acetone_hl_gap_eV,73,1.0,0.0,0.713775520245107,0.713775520245107,,,,1.0
41,acetone_hl_gap_eV,74,1.0,0.0,0.713775520245107,0.713775520245107,,,,1.0
41,acetone_hl_gap_eV,75,1.0,0.0,0.713775520245107,0.713775520245107,,,,1.0
41,acetone_hl_gap_eV,76,1.0,0.0,0.713775520245107,0.713775520245107,,,,1.0
41,acetone_hl_gap_eV,77,1.0,0.0,0.713775520245107,0.713775520245107,,,,1.0
41,acetone_hl_gap_eV,78,1.0,0.0,0.713775520245107,0.713775520245107,,,,1.0
41,acetone_hl_gap_eV,79,1.0,0.0,0.713775520245107,0.713775520245107,,,,1.0
41,acetone_hl_gap_eV,80,1.0,0.0,0.713775520245107,0.713775520245107,,,,1.0
41,acetone_hl_gap_eV,81,1.0,0.0,0.713775520245107,0.713775520245107,,,,1.0
41,acetone_hl_gap_eV,82,1.0,0.0,0.713775520245107,0.713775520245107,,,,1.0
41,acetone_hl_gap_eV,83,1.0,0.0,0.713775520245107,0.713775520245107,,,,1.0
41,acetone_hl_gap_eV,84,1.0,0.0,0.713775520245107,0.713775520245107,,,,1.0
41,acetone_hl_gap_eV,85,1.0,0.0,0.713775520245107,0.713775520245107,,,,1.0
41,acetone_hl_gap_eV,86,1.0,0.0,0.713775520245107,0.713775520245107,,,,1.0
41,acetone_hl_gap_eV,87,1.0,0.0,0.713775520245107,0.713775520245107,,,,1.0
41,acetone_hl_gap_eV,88,1.0,0.0,0.713775520245107,0.713775520245107,,,,1.0
41,acetone_hl_gap_eV,89,1.0,0.0,0.713775520245107,0.713775520245107,,,,1.0
41,acetone_hl_gap_eV,90,1.0,0.0,0.713775520245107,0.713775520245107,,,,1.0
41,acetone_hl_gap_eV,91,1.0,0.0,0.713775520245107,0.713775520245107,,,,1.0
41,acetone_hl_gap_eV,92,1.0,0.0,0.713775520245107,0.713775520245107,,,,1.0
41,acetone_hl_gap_eV,93,1.0,0.0,0.713775520245107,0.713775520245107,,,,1.0
41,acetone_hl_gap_eV,94,1.0,0.0,0.713775520245107,0.713775520245107,,,,1.0
41,acetone_hl_gap_eV,95,1.0,0.0,0.713775520245107,0.713775520245107,,,,1.0
41,acetone_hl_gap_eV,96,1.0,0.0,0.713775520245107,0.713775520245107,,,,1.0
41,acetone_hl_gap_eV,97,1.0,0.0,0.713775520245107,0.713775520245107,,,,1.0
41,acetone_hl_gap_eV,98,1.0,0.0,0.713775520245107,0.713775520245107,,,,1.0
41,acetone_hl_gap_eV,99,1.0,0.0,0.713775520245107,0.713775520245107,,,,1.0
41,acetone_hl_gap_eV,100,1.0,0.0,0.713775520245107,0.713775520245107,,,,1.0
41,acetone_hl_gap_eV,101,1.0,0.0,0.713775520245107,0.713775520245107,,,,1.0
41,acetone_hl_gap_eV,102,1.0,0.0,0.713775520245107,0.713775520245107,,,,1.0
41,acetone_hl_gap_eV,103,1.0,0.0,0.713775520245107,0.713775520245107,,,,1.0
41,acetone_hl_gap_eV,104,1.0,0.0,0.713775520245107,0.713775520245107,,,,1.0
41,acetone_hl_gap_eV,105,1.0,0.0,0.713775520245107,0.713775520245107,,,,1.0
41,acetone_hl_gap_eV,106,1.0,0.0,0.713775520245107,0.713775520245107,,,,1.0
41,acetone_hl_gap_eV,107,1.0,0.0,0.713775520245107,0.713775520245107,,,,1.0
41,acetone_hl_gap_eV,108,1.0,0.0,0.713775520245107,0.713775520245107,,,,1.0
41,acetone_hl_gap_eV,109,1.0,0.0,0.713775520245107,0.713775520245107,,,,1.0
41,acetone_hl_gap_eV,110,1.0,0.0,0.713775520245107,0.713775520245107,,,,1.0
41,acetone_hl_gap_eV,111,1.0,0.0,0.713775520245107,0.713775520245107,,,,1.0
41,acetone_hl_gap_eV,112,1.0,0.0,0.713775520245107,0.713775520245107,,,,1.0
41,acetone_hl_gap_eV,113,1.0,0.0,0.713775520245107,0.713775520245107,,,,1.0
41,acetone_hl_gap_eV,114,1.0,0.0,0.713775520245107,0.713775520245107,,,,1.0
41,acetone_hl_gap_eV,115,1.0,0.0,0.713775520245107,0.713775520245107,,,,1.0
41,acetone_hl_gap_eV,116,1.0,0.0,0.713775520245107,0.713775520245107,,,,1.0
41,acetone_hl_gap_eV,117,1.0,0.0,0.713775520245107,0.713775520245107,,,,1.0
41,acetone_hl_gap_eV,118,1.0,0.0,0.713775520245107,0.713775520245107,,,,1.0
41,acetone_hl_gap_eV,119,1.0,0.0,0.713775520245107,0.713775520245107,,,,1.0
41,acetone_hl_gap_eV,120,1.0,0.0,0.713775520245107,0.713775520245107,,,,1.0
41,acetone_hl_gap_eV,121,1.0,0.0,0.713775520245107,0.713775520245107,,,,1.0
41,acetone_hl_gap_eV,122,1.0,0.0,0.713775520245107,0.713775520245107,,,,1.0
41,acetone_hl_gap_eV,123,1.0,0.0,0.713775520245107,0.713775520245107,,,,1.0
41,acetone_hl_gap_eV,124,1.0,0.0,0.713775520245107,0.713775520245107,,,,1.0
41,acetone_hl_gap_eV,125,1.0,0.0,0.713775520245107,0.713775520245107,,,,1.0
41,acetone_hl_gap_eV,126,1.0,0.0,0.713775520245107,0.713775520245107,,,,1.0
41,acetone_hl_gap_eV,127,1.0,0.0,0.713775520245107,0.713775520245107,,,,1.0
41,acetone_hl_gap_eV,128,1.0,0.0,0.713775520245107,0.713775520245107,,,,1.0
41,acetone_hl_gap_eV,129,1.0,0.0,0.713775520245107,0.713775520245107,,,,1.0
41,acetone_hl_gap_eV,130,1.0,0.0,0.713775520245107,0.713775520245107,,,,1.0
41,acetone_hl_gap_eV,131,1.0,0.0,0.713775520245107,0.713775520245107,,,,1.0
41,acetone_hl_gap_eV,132,1.0,0.0,0.713775520245107,0.713775520245107,,,,1.0
41,acetone_hl_gap_eV,133,1.0,0.0,0.713775520245107,0.713775520245107,,,,1.0
41,acetone_hl_gap_eV,134,1.0,0.0,0.713775520245107,0.713775520245107,,,,1.0
41,acetone_hl_gap_eV,135,1.0,0.0,0.713775520245107,0.713775520245107,,,,1.0
41,acetone_hl_gap_eV,136,1.0,0.0,0.713775520245107,0.713775520245107,,,,1.0
41,acetone_hl_gap_eV,137,1.0,0.0,0.713775520245107,0.713775520245107,,,,1.0
41,acetone_hl_gap_eV,138,1.0,0.0,0.713775520245107,0.713775520245107,,,,1.0
41,acetone_hl_gap_eV,139,1.0,0.0,0.713775520245107,0.713775520245107,,,,1.0
41,acetone_hl_gap_eV,140,1.0,0.0,0.713775520245107,0.713775520245107,,,,1.0
41,acetone_hl_gap_eV,141,1.0,0.0,0.713775520245107,0.713775520245107,,,,1.0
41,acetone_hl_gap_eV,142,1.0,0.0,0.713775520245107,0.713775520245107,,,,1.0
41,acetone_hl_gap_eV,143,1.0,0.0,0.713775520245107,0.713775520245107,,,,1.0
41,acetone_hl_gap_eV,144,1.0,0.0,0.713775520245107,0.713775520245107,,,,1.0
41,acetone_hl_gap_eV,145,1.0,0.0,0.713775520245107,0.713775520245107,,,,1.0
41,acetone_hl_gap_eV,146,1.0,0.0,0.713775520245107,0.713775520245107,,,,1.0
41,acetone_hl_gap_eV,147,1.0,0.0,0.713775520245107,0.713775520245107,,,,1.0
41,acetone_hl_gap_eV,148,1.0,0.0,0.713775520245107,0.713775520245107,,,,1.0
41,acetone_hl_gap_eV,149,1.0,0.0,0.713775520245107,0.713775520245107,,,,1.0
41,acetone_hl_gap_eV,150,1.0,0.0,0.713775520245107,0.713775520245107,,,,1.0
41,acetone_hl_gap_eV,151,1.0,0.0,0.713775520245107,0.713775520245107,,,,1.0
41,acetone_hl_gap_eV,152,1.0,0.0,0.713775520245107,0.713775520245107,,,,1.0
41,acetone_hl_gap_eV,153,1.0,0.0,0.713775520245107,0.713775520245107,,,,1.0
41,acetone_hl_gap_eV,154,1.0,0.0,0.713775520245107,0.713775520245107,,,,1.0
41,acetone_hl_gap_eV,155,1.0,0.0,0.713775520245107,0.713775520245107,,,,1.0
41,acetone_hl_gap_eV,156,1.0,0.0,0.713775520245107,0.713775520245107,,,,1.0
41,acetone_hl_gap_eV,157,1.0,0.0,0.713775520245107,0.713775520245107,,,,1.0
41,acetone_hl_gap_eV,158,1.0,0.0,0.713775520245107,0.713775520245107,,,,1.0
41,acetone_hl_gap_eV,159,1.0,0.0,0.713775520245107,0.713775520245107,,,,1.0
41,acetone_hl_gap_eV,160,1.0,0.0,0.713775520245107,0.713775520245107,,,,1.0
41,acetone_hl_gap_eV,161,1.0,0.0,0.713775520245107,0.713775520245107,,,,1.0
41,acetone_hl_gap_eV,162,1.0,0.0,0.713775520245107,0.713775520245107,,,,1.0
41,acetone_hl_gap_eV,163,1.0,0.0,0.713775520245107,0.713775520245107,,,,1.0
41,acetone_hl_gap_eV,164,1.0,0.0,0.713775520245107,0.713775520245107,,,,1.0
41,acetone_hl_gap_eV,165,1.0,0.0,0.713775520245107,0.713775520245107,,,,1.0
41,acetone_hl_gap_eV,166,1.0,0.0,0.713775520245107,0.713775520245107,,,,1.0
41,acetone_hl_gap_eV,167,1.0,0.0,0.713775520245107,0.713775520245107,,,,1.0
41,acetone_hl_gap_eV,168,1.0,0.0,0.713775520245107,0.713775520245107,,,,1.0
41,acetone_hl_gap_eV,169,1.0,0.0,0.713775520245107,0.713775520245107,,,,1.0
41,acetone_hl_gap_eV,170,1.0,0.0,0.713775520245107,0.713775520245107,,,,1.0
41,acetone_hl_gap_eV,171,1.0,0.0,0.713775520245107,0.713775520245107,,,,1.0
41,acetone_hl_gap_eV,172,1.0,0.0,0.713775520245107,0.713775520245107,,,,1.0
41,acetone_hl_gap_eV,173,1.0,0.0,0.713775520245107,0.713775520245107,,,,1.0
41,acetone_hl_gap_eV,174,1.0,0.0,0.713775520245107,0.713775520245107,,,,1.0
41,acetone_hl_gap_eV,175,1.0,0.0,0.713775520245107,0.713775520245107,,,,1.0
41,acetone_hl_gap_eV,176,1.0,0.0,0.713775520245107,0.713775520245107,,,,1.0
41,acetone_hl_gap_eV,177,1.0,0.0,0.713775520245107,0.713775520245107,,,,1.0
41,acetone_hl_gap_eV,178,1.0,0.0,0.713775520245107,0.713775520245107,,,,1.0
41,acetone_hl_gap_eV,179,1.0,0.0,0.713775520245107,0.713775520245107,,,,1.0
41,acetone_hl_gap_eV,180,1.0,0.0,0.713775520245107,0.713775520245107,,,,1.0
41,acetone_hl_gap_eV,181,1.0,0.0,0.713775520245107,0.713775520245107,,,,1.0
41,acetone_hl_gap_eV,182,1.0,0.0,0.713775520245107,0.713775520245107,,,,1.0
41,acetone_hl_gap_eV,183,1.0,0.0,0.713775520245107,0.713775520245107,,,,1.0
41,acetone_hl_gap_eV,184,1.0,0.0,0.713775520245107,0.713775520245107,,,,1.0
41,acetone_hl_gap_eV,185,1.0,0.0,0.713775520245107,0.713775520245107,,,,1.0
41,acetone_hl_gap_eV,186,1.0,0.0,0.713775520245107,0.713775520245107,,,,1.0
41,acetone_hl_gap_eV,187,1.0,0.0,0.713775520245107,0.713775520245107,,,,1.0
41,acetone_hl_gap_eV,188,1.0,0.0,0.713775520245107,0.713775520245107,,,,1.0
41,acetone_hl_gap_eV,189,1.0,0.0,0.713775520245107,0.713775520245107,,,,1.0
41,acetone_hl_gap_eV,190,1.0,0.0,0.713775520245107,0.713775520245107,,,,1.0
41,acetone_hl_gap_eV,191,1.0,0.0,0.713775520245107,0.713775520245107,,,,1.0
41,acetone_hl_gap_eV,192,1.0,0.0,0.713775520245107,0.713775520245107,,,,1.0
41,acetone_hl_gap_eV,193,1.0,0.0,0.713775520245107,0.713775520245107,,,,1.0
41,acetone_hl_gap_eV,194,1.0,0.0,0.713775520245107,0.713775520245107,,,,1.0
41,acetone_hl_gap_eV,195,1.0,0.0,0.713775520245107,0.713775520245107,,,,1.0
41,acetone_hl_gap_eV,196,1.0,0.0,0.713775520245107,0.713775520245107,,,,1.0
41,acetone_hl_gap_eV,197,1.0,0.0,0.713775520245107,0.713775520245107,,,,1.0
41,acetone_hl_gap_eV,198,1.0,0.0,0.713775520245107,0.713775520245107,,,,1.0
41,acetone_hl_gap_eV,199,1.0,0.0,0.713775520245107,0.713775520245107,,,,1.0
41,acetone_hl_gap_eV,200,1.0,0.0,0.713775520245107,0.713775520245107,,,,1.0
41,acetone_hl_gap_eV,201,1.0,0.0,0.713775520245107,0.713775520245107,,,,1.0
41,acetone_hl_gap_eV,202,1.0,0.0,0.713775520245107,0.713775520245107,,,,1.0
41,acetone_hl_gap_eV,203,1.0,0.0,0.713775520245107,0.713775520245107,,,,1.0
41,acetone_hl_gap_eV,204,1.0,0.0,0.713775520245107,0.713775520245107,,,,1.0
41,acetone_hl_gap_eV,205,1.0,0.0,0.713775520245107,0.713775520245107,,,,1.0
41,acetone_hl_gap_eV,206,1.0,0.0,0.713775520245107,0.713775520245107,,,,1.0
41,acetone_hl_gap_eV,207,1.0,0.0,0.713775520245107,0.713775520245107,,,,1.0
41,acetone_hl_gap_eV,208,1.0,0.0,0.713775520245107,0.713775520245107,,,,1.0
41,acetone_hl_gap_eV,209,1.0,0.0,0.713775520245107,0.713775520245107,,,,1.0
41,acetone_hl_gap_eV,210,1.0,0.0,0.713775520245107,0.713775520245107,,,,1.0
41,acetone_hl_gap_eV,211,1.0,0.0,0.713775520245107,0.713775520245107,,,,1.0
41,acetone_hl_gap_eV,212,1.0,0.0,0.713775520245107,0.713775520245107,,,,1.0
41,acetone_hl_gap_eV,213,1.0,0.0,0.713775520245107,0.713775520245107,,,,1.0
41,acetone_hl_gap_eV,214,1.0,0.0,0.713775520245107,0.713775520245107,,,,1.0
41,acetone_hl_gap_eV,215,1.0,0.0,0.713775520245107,0.713775520245107,,,,1.0
41,acetone_hl_gap_eV,216,1.0,0.0,0.713775520245107,0.713775520245107,,,,1.0
41,acetone_hl_gap_eV,217,1.0,0.0,0.713775520245107,0.713775520245107,,,,1.0
41,acetone_hl_gap_eV,218,1.0,0.0,0.713775520245107,0.713775520245107,,,,1.0
41,acetone_hl_gap_eV,219,1.0,0.0,0.713775520245107,0.713775520245107,,,,1.0
41,acetone_hl_gap_eV,220,1.0,0.0,0.713775520245107,0.713775520245107,,,,1.0
41,acetone_hl_gap_eV,221,1.0,0.0,0.713775520245107,0.713775520245107,,,,1.0
41,acetone_hl_gap_eV,222,1.0,0.0,0.713775520245107,0.713775520245107,,,,1.0
41,acetone_hl_gap_eV,223,1.0,0.0,0.713775520245107,0.713775520245107,,,,1.0
41,acetone_hl_gap_eV,224,1.0,0.0,0.713775520245107,0.713775520245107,,,,1.0
41,acetone_hl_gap_eV,225,1.0,0.0,0.713775520245107,0.713775520245107,,,,1.0
41,acetone_hl_gap_eV,226,1.0,0.0,0.713775520245107,0.713775520245107,,,,1.0
41,acetone_hl_gap_eV,227,1.0,0.0,0.713775520245107,0.713775520245107,,,,1.0
41,acetone_hl_gap_eV,228,1.0,0.0,0.713775520245107,0.713775520245107,,,,1.0
41,acetone_hl_gap_eV,229,1.0,0.0,0.713775520245107,0.713775520245107,,,,1.0
41,acetone_hl_gap_eV,230,1.0,0.0,0.713775520245107,0.713775520245107,,,,1.0
41,acetone_hl_gap_eV,231,1.0,0.0,0.713775520245107,0.713775520245107,,,,1.0
41,acetone_hl_gap_eV,232,1.0,0.0,0.713775520245107,0.713775520245107,,,,1.0
41,acetone_hl_gap_eV,233,1.0,0.0,0.713775520245107,0.713775520245107,,,,1.0
41,acetone_hl_gap_eV,234,1.0,0.0,0.713775520245107,0.713775520245107,,,,1.0
41,acetone_hl_gap_eV,235,1.0,0.0,0.713775520245107,0.713775520245107,,,,1.0
41,acetone_hl_gap_eV,236,1.0,0.0,0.713775520245107,0.713775520245107,,,,1.0
41,acetone_hl_gap_eV,237,1.0,0.0,0.713775520245107,0.713775520245107,,,,1.0
41,acetone_hl_gap_eV,238,1.0,0.0,0.713775520245107,0.713775520245107,,,,1.0
41,acetone_hl_gap_eV,239,1.0,0.0,0.713775520245107,0.713775520245107,,,,1.0
41,acetone_hl_gap_eV,240,1.0,0.0,0.713775520245107,0.713775520245107,,,,1.0
41,acetone_hl_gap_eV,241,1.0,0.0,0.713775520245107,0.713775520245107,,,,1.0
41,acetone_hl_gap_eV,242,1.0,0.0,0.713775520245107,0.713775520245107,,,,1.0
41,acetone_hl_gap_eV,243,1.0,0.0,0.713775520245107,0.713775520245107,,,,1.0
41,acetone_hl_gap_eV,244,1.0,0.0,0.713775520245107,0.713775520245107,,,,1.0
41,acetone_hl_gap_eV,245,1.0,0.0,0.713775520245107,0.713775520245107,,,,1.0
41,acetone_hl_gap_eV,246,1.0,0.0,0.713775520245107,0.713775520245107,,,,1.0
41,acetone_hl_gap_eV,247,1.0,0.0,0.713775520245107,0.713775520245107,,,,1.0
41,acetone_hl_gap_eV,248,1.0,0.0,0.713775520245107,0.713775520245107,,,,1.0
41,acetone_hl_gap_eV,249,1.0,0.0,0.713775520245107,0.713775520245107,,,,1.0
41,acetone_dipole,0,0.9999999403953552,0.0,0.583013343071215,0.583013343071215,,,,1.0
41,acetone_dipole,1,0.9999999403953552,0.0,0.583013343071215,0.583013343071215,,,,1.0
41,acetone_dipole,2,0.9999999403953552,0.0,0.583013343071215,0.583013343071215,,,,1.0
41,acetone_dipole,3,0.9999999403953552,0.0,0.583013343071215,0.583013343071215,,,,1.0
41,acetone_dipole,4,0.9999999403953552,0.0,0.583013343071215,0.583013343071215,,,,1.0
41,acetone_dipole,5,0.9999999403953552,0.0,0.583013343071215,0.583013343071215,,,,1.0
41,acetone_dipole,6,0.9999999403953552,0.0,0.583013343071215,0.583013343071215,,,,1.0
41,acetone_dipole,7,0.9999999403953552,0.0,0.583013343071215,0.583013343071215,,,,1.0
41,acetone_dipole,8,0.9999999403953552,0.0,0.583013343071215,0.583013343071215,,,,1.0
41,acetone_dipole,9,0.9999999403953552,0.0,0.583013343071215,0.583013343071215,,,,1.0
41,acetone_dipole,10,0.9999999403953552,0.0,0.583013343071215,0.583013343071215,,,,1.0
41,acetone_dipole,11,0.9999999403953552,0.0,0.583013343071215,0.583013343071215,,,,1.0
41,acetone_dipole,12,0.9999999403953552,0.0,0.583013343071215,0.583013343071215,,,,1.0
41,acetone_dipole,13,0.9999999403953552,0.0,0.583013343071215,0.583013343071215,,,,1.0
41,acetone_dipole,14,0.9999999403953552,0.0,0.583013343071215,0.583013343071215,,,,1.0
41,acetone_dipole,15,0.9999999403953552,0.0,0.583013343071215,0.583013343071215,,,,1.0
41,acetone_dipole,16,0.9999999403953552,0.0,0.583013343071215,0.583013343071215,,,,1.0
41,acetone_dipole,17,0.9999999403953552,0.0,0.583013343071215,0.583013343071215,,,,1.0
41,acetone_dipole,18,0.9999999403953552,0.0,0.583013343071215,0.583013343071215,,,,1.0
41,acetone_dipole,19,0.9999999403953552,0.0,0.583013343071215,0.583013343071215,,,,1.0
41,acetone_dipole,20,0.9999999403953552,0.0,0.583013343071215,0.583013343071215,,,,1.0
41,acetone_dipole,21,0.9999999403953552,0.0,0.583013343071215,0.583013343071215,,,,1.0
41,acetone_dipole,22,0.9999999403953552,0.0,0.583013343071215,0.583013343071215,,,,1.0
41,acetone_dipole,23,0.9999999403953552,0.0,0.583013343071215,0.583013343071215,,,,1.0
41,acetone_dipole,24,0.9999999403953552,0.0,0.583013343071215,0.583013343071215,,,,1.0
41,acetone_dipole,25,0.9999999403953552,0.0,0.583013343071215,0.583013343071215,,,,1.0
41,acetone_dipole,26,0.9999999403953552,0.0,0.583013343071215,0.583013343071215,,,,1.0
41,acetone_dipole,27,0.9999999403953552,0.0,0.583013343071215,0.583013343071215,,,,1.0
41,acetone_dipole,28,0.9999999403953552,0.0,0.583013343071215,0.583013343071215,,,,1.0
41,acetone_dipole,29,0.9999999403953552,0.0,0.583013343071215,0.583013343071215,,,,1.0
41,acetone_dipole,30,0.9999999403953552,0.0,0.583013343071215,0.583013343071215,,,,1.0
41,acetone_dipole,31,0.9999999403953552,0.0,0.583013343071215,0.583013343071215,,,,1.0
41,acetone_dipole,32,0.9999999403953552,0.0,0.583013343071215,0.583013343071215,,,,1.0
41,acetone_dipole,33,0.9999999403953552,0.0,0.583013343071215,0.583013343071215,,,,1.0
41,acetone_dipole,34,0.9999999403953552,0.0,0.583013343071215,0.583013343071215,,,,1.0
41,acetone_dipole,35,0.9999999403953552,0.0,0.583013343071215,0.583013343071215,,,,1.0
41,acetone_dipole,36,0.9999999403953552,0.0,0.583013343071215,0.583013343071215,,,,1.0
41,acetone_dipole,37,0.9999999403953552,0.0,0.583013343071215,0.583013343071215,,,,1.0
41,acetone_dipole,38,0.9999999403953552,0.0,0.583013343071215,0.583013343071215,,,,1.0
41,acetone_dipole,39,0.9999999403953552,0.0,0.583013343071215,0.583013343071215,,,,1.0
41,acetone_dipole,40,0.9999999403953552,0.0,0.583013343071215,0.583013343071215,,,,1.0
41,acetone_dipole,41,0.9999999403953552,0.0,0.583013343071215,0.583013343071215,,,,1.0
41,acetone_dipole,42,0.9999999403953552,0.0,0.583013343071215,0.583013343071215,,,,1.0
41,acetone_dipole,43,0.9999999403953552,0.0,0.583013343071215,0.583013343071215,,,,1.0
41,acetone_dipole,44,0.9999999403953552,0.0,0.583013343071215,0.583013343071215,,,,1.0
41,acetone_dipole,45,0.9999999403953552,0.0,0.583013343071215,0.583013343071215,,,,1.0
41,acetone_dipole,46,0.9999999403953552,0.0,0.583013343071215,0.583013343071215,,,,1.0
41,acetone_dipole,47,0.9999999403953552,0.0,0.583013343071215,0.583013343071215,,,,1.0
41,acetone_dipole,48,0.9999999403953552,0.0,0.583013343071215,0.583013343071215,,,,1.0
41,acetone_dipole,49,0.9999999403953552,0.0,0.583013343071215,0.583013343071215,,,,1.0
41,acetone_dipole,50,0.9999999403953552,0.0,0.583013343071215,0.583013343071215,,,,1.0
41,acetone_dipole,51,0.9999999403953552,0.0,0.583013343071215,0.583013343071215,,,,1.0
41,acetone_dipole,52,0.9999999403953552,0.0,0.583013343071215,0.583013343071215,,,,1.0
41,acetone_dipole,53,0.9999999403953552,0.0,0.583013343071215,0.583013343071215,,,,1.0
41,acetone_dipole,54,0.9999999403953552,0.0,0.583013343071215,0.583013343071215,,,,1.0
41,acetone_dipole,55,0.9999999403953552,0.0,0.583013343071215,0.583013343071215,,,,1.0
41,acetone_dipole,56,0.9999999403953552,0.0,0.583013343071215,0.583013343071215,,,,1.0
41,acetone_dipole,57,0.9999999403953552,0.0,0.583013343071215,0.583013343071215,,,,1.0
41,acetone_dipole,58,0.9999999403953552,0.0,0.583013343071215,0.583013343071215,,,,1.0
41,acetone_dipole,59,0.9999999403953552,0.0,0.583013343071215,0.583013343071215,,,,1.0
41,acetone_dipole,60,0.9999999403953552,0.0,0.583013343071215,0.583013343071215,,,,1.0
41,acetone_dipole,61,0.9999999403953552,0.0,0.583013343071215,0.583013343071215,,,,1.0
41,acetone_dipole,62,0.9999999403953552,0.0,0.583013343071215,0.583013343071215,,,,1.0
41,acetone_dipole,63,0.9999999403953552,0.0,0.583013343071215,0.583013343071215,,,,1.0
41,acetone_dipole,64,0.9999999403953552,0.0,0.583013343071215,0.583013343071215,,,,1.0
41,acetone_dipole,65,0.9999999403953552,0.0,0.583013343071215,0.583013343071215,,,,1.0
41,acetone_dipole,66,0.9999999403953552,0.0,0.583013343071215,0.583013343071215,,,,1.0
41,acetone_dipole,67,0.9999999403953552,0.0,0.583013343071215,0.583013343071215,,,,1.0
41,acetone_dipole,68,0.9999999403953552,0.0,0.583013343071215,0.583013343071215,,,,1.0
41,acetone_dipole,69,0.9999999403953552,0.0,0.583013343071215,0.583013343071215,,,,1.0
41,acetone_dipole,70,0.9999999403953552,0.0,0.583013343071215,0.583013343071215,,,,1.0
41,acetone_dipole,71,0.9999999403953552,0.0,0.583013343071215,0.583013343071215,,,,1.0
41,acetone_dipole,72,0.9999999403953552,0.0,0.583013343071215,0.583013343071215,,,,1.0
41,acetone_dipole,73,0.9999999403953552,0.0,0.583013343071215,0.583013343071215,,,,1.0
41,acetone_dipole,74,0.9999999403953552,0.0,0.583013343071215,0.583013343071215,,,,1.0
41,acetone_dipole,75,0.9999999403953552,0.0,0.583013343071215,0.583013343071215,,,,1.0
41,acetone_dipole,76,0.9999999403953552,0.0,0.583013343071215,0.583013343071215,,,,1.0
41,acetone_dipole,77,0.9999999403953552,0.0,0.583013343071215,0.583013343071215,,,,1.0
41,acetone_dipole,78,0.9999999403953552,0.0,0.583013343071215,0.583013343071215,,,,1.0
41,acetone_dipole,79,0.9999999403953552,0.0,0.583013343071215,0.583013343071215,,,,1.0
41,acetone_dipole,80,0.9999999403953552,0.0,0.583013343071215,0.583013343071215,,,,1.0
41,acetone_dipole,81,0.9999999403953552,0.0,0.583013343071215,0.583013343071215,,,,1.0
41,acetone_dipole,82,0.9999999403953552,0.0,0.583013343071215,0.583013343071215,,,,1.0
41,acetone_dipole,83,0.9999999403953552,0.0,0.583013343071215,0.583013343071215,,,,1.0
41,acetone_dipole,84,0.9999999403953552,0.0,0.583013343071215,0.583013343071215,,,,1.0
41,acetone_dipole,85,0.9999999403953552,0.0,0.583013343071215,0.583013343071215,,,,1.0
41,acetone_dipole,86,0.9999999403953552,0.0,0.583013343071215,0.583013343071215,,,,1.0
41,acetone_dipole,87,0.9999999403953552,0.0,0.583013343071215,0.583013343071215,,,,1.0
41,acetone_dipole,88,0.9999999403953552,0.0,0.583013343071215,0.583013343071215,,,,1.0
41,acetone_dipole,89,0.9999999403953552,0.0,0.583013343071215,0.583013343071215,,,,1.0
41,acetone_dipole,90,0.9999999403953552,0.0,0.583013343071215,0.583013343071215,,,,1.0
41,acetone_dipole,91,0.9999999403953552,0.0,0.583013343071215,0.583013343071215,,,,1.0
41,acetone_dipole,92,0.9999999403953552,0.0,0.583013343071215,0.583013343071215,,,,1.0
41,acetone_dipole,93,0.9999999403953552,0.0,0.583013343071215,0.583013343071215,,,,1.0
41,acetone_dipole,94,0.9999999403953552,0.0,0.583013343071215,0.583013343071215,,,,1.0
41,acetone_dipole,95,0.9999999403953552,0.0,0.583013343071215,0.583013343071215,,,,1.0
41,acetone_dipole,96,0.9999999403953552,0.0,0.583013343071215,0.583013343071215,,,,1.0
41,acetone_dipole,97,0.9999999403953552,0.0,0.583013343071215,0.583013343071215,,,,1.0
41,acetone_dipole,98,0.9999999403953552,0.0,0.583013343071215,0.583013343071215,,,,1.0
41,acetone_dipole,99,0.9999999403953552,0.0,0.583013343071215,0.583013343071215,,,,1.0
41,acetone_dipole,100,0.9999999403953552,0.0,0.583013343071215,0.583013343071215,,,,1.0
41,acetone_dipole,101,0.9999999403953552,0.0,0.583013343071215,0.583013343071215,,,,1.0
41,acetone_dipole,102,0.9999999403953552,0.0,0.583013343071215,0.583013343071215,,,,1.0
41,acetone_dipole,103,0.9999999403953552,0.0,0.583013343071215,0.583013343071215,,,,1.0
41,acetone_dipole,104,0.9999999403953552,0.0,0.583013343071215,0.583013343071215,,,,1.0
41,acetone_dipole,105,0.9999999403953552,0.0,0.583013343071215,0.583013343071215,,,,1.0
41,acetone_dipole,106,0.9999999403953552,0.0,0.583013343071215,0.583013343071215,,,,1.0
41,acetone_dipole,107,0.9999999403953552,0.0,0.583013343071215,0.583013343071215,,,,1.0
41,acetone_dipole,108,0.9999999403953552,0.0,0.583013343071215,0.583013343071215,,,,1.0
41,acetone_dipole,109,0.9999999403953552,0.0,0.583013343071215,0.583013343071215,,,,1.0
41,acetone_dipole,110,0.9999999403953552,0.0,0.583013343071215,0.583013343071215,,,,1.0
41,acetone_dipole,111,0.9999999403953552,0.0,0.583013343071215,0.583013343071215,,,,1.0
41,acetone_dipole,112,0.9999999403953552,0.0,0.583013343071215,0.583013343071215,,,,1.0
41,acetone_dipole,113,0.9999999403953552,0.0,0.583013343071215,0.583013343071215,,,,1.0
41,acetone_dipole,114,0.9999999403953552,0.0,0.583013343071215,0.583013343071215,,,,1.0
41,acetone_dipole,115,0.9999999403953552,0.0,0.583013343071215,0.583013343071215,,,,1.0
41,acetone_dipole,116,0.9999999403953552,0.0,0.583013343071215,0.583013343071215,,,,1.0
41,acetone_dipole,117,0.9999999403953552,0.0,0.583013343071215,0.583013343071215,,,,1.0
41,acetone_dipole,118,0.9999999403953552,0.0,0.583013343071215,0.583013343071215,,,,1.0
41,acetone_dipole,119,0.9999999403953552,0.0,0.583013343071215,0.583013343071215,,,,1.0
41,acetone_dipole,120,0.9999999403953552,0.0,0.583013343071215,0.583013343071215,,,,1.0
41,acetone_dipole,121,0.9999999403953552,0.0,0.583013343071215,0.583013343071215,,,,1.0
41,acetone_dipole,122,0.9999999403953552,0.0,0.583013343071215,0.583013343071215,,,,1.0
41,acetone_dipole,123,0.9999999403953552,0.0,0.583013343071215,0.583013343071215,,,,1.0
41,acetone_dipole,124,0.9999999403953552,0.0,0.583013343071215,0.583013343071215,,,,1.0
41,acetone_dipole,125,0.9999999403953552,0.0,0.583013343071215,0.583013343071215,,,,1.0
41,acetone_dipole,126,0.9999999403953552,0.0,0.583013343071215,0.583013343071215,,,,1.0
41,acetone_dipole,127,0.9999999403953552,0.0,0.583013343071215,0.583013343071215,,,,1.0
41,acetone_dipole,128,0.9999999403953552,0.0,0.583013343071215,0.583013343071215,,,,1.0
41,acetone_dipole,129,0.9999999403953552,0.0,0.583013343071215,0.583013343071215,,,,1.0
41,acetone_dipole,130,0.9999999403953552,0.0,0.583013343071215,0.583013343071215,,,,1.0
41,acetone_dipole,131,0.9999999403953552,0.0,0.583013343071215,0.583013343071215,,,,1.0
41,acetone_dipole,132,0.9999999403953552,0.0,0.583013343071215,0.583013343071215,,,,1.0
41,acetone_dipole,133,0.9999999403953552,0.0,0.583013343071215,0.583013343071215,,,,1.0
41,acetone_dipole,134,0.9999999403953552,0.0,0.583013343071215,0.583013343071215,,,,1.0
41,acetone_dipole,135,0.9999999403953552,0.0,0.583013343071215,0.583013343071215,,,,1.0
41,acetone_dipole,136,0.9999999403953552,0.0,0.583013343071215,0.583013343071215,,,,1.0
41,acetone_dipole,137,0.9999999403953552,0.0,0.583013343071215,0.583013343071215,,,,1.0
41,acetone_dipole,138,0.9999999403953552,0.0,0.583013343071215,0.583013343071215,,,,1.0
41,acetone_dipole,139,0.9999999403953552,0.0,0.583013343071215,0.583013343071215,,,,1.0
41,acetone_dipole,140,0.9999999403953552,0.0,0.583013343071215,0.583013343071215,,,,1.0
41,acetone_dipole,141,0.9999999403953552,0.0,0.583013343071215,0.583013343071215,,,,1.0
41,acetone_dipole,142,0.9999999403953552,0.0,0.583013343071215,0.583013343071215,,,,1.0
41,acetone_dipole,143,0.9999999403953552,0.0,0.583013343071215,0.583013343071215,,,,1.0
41,acetone_dipole,144,0.9999999403953552,0.0,0.583013343071215,0.583013343071215,,,,1.0
41,acetone_dipole,145,0.9999999403953552,0.0,0.583013343071215,0.583013343071215,,,,1.0
41,acetone_dipole,146,0.9999999403953552,0.0,0.583013343071215,0.583013343071215,,,,1.0
41,acetone_dipole,147,0.9999999403953552,0.0,0.583013343071215,0.583013343071215,,,,1.0
41,acetone_dipole,148,0.9999999403953552,0.0,0.583013343071215,0.583013343071215,,,,1.0
41,acetone_dipole,149,0.9999999403953552,0.0,0.583013343071215,0.583013343071215,,,,1.0
41,acetone_dipole,150,0.9999999403953552,0.0,0.583013343071215,0.583013343071215,,,,1.0
41,acetone_dipole,151,0.9999999403953552,0.0,0.583013343071215,0.583013343071215,,,,1.0
41,acetone_dipole,152,0.9999999403953552,0.0,0.583013343071215,0.583013343071215,,,,1.0
41,acetone_dipole,153,0.9999999403953552,0.0,0.583013343071215,0.583013343071215,,,,1.0
41,acetone_dipole,154,0.9999999403953552,0.0,0.583013343071215,0.583013343071215,,,,1.0
41,acetone_dipole,155,0.9999999403953552,0.0,0.583013343071215,0.583013343071215,,,,1.0
41,acetone_dipole,156,0.9999999403953552,0.0,0.583013343071215,0.583013343071215,,,,1.0
41,acetone_dipole,157,0.9999999403953552,0.0,0.583013343071215,0.583013343071215,,,,1.0
41,acetone_dipole,158,0.9999999403953552,0.0,0.583013343071215,0.583013343071215,,,,1.0
41,acetone_dipole,159,0.9999999403953552,0.0,0.583013343071215,0.583013343071215,,,,1.0
41,acetone_dipole,160,0.9999999403953552,0.0,0.583013343071215,0.583013343071215,,,,1.0
41,acetone_dipole,161,0.9999999403953552,0.0,0.583013343071215,0.583013343071215,,,,1.0
41,acetone_dipole,162,0.9999999403953552,0.0,0.583013343071215,0.583013343071215,,,,1.0
41,acetone_dipole,163,0.9999999403953552,0.0,0.583013343071215,0.583013343071215,,,,1.0
41,acetone_dipole,164,0.9999999403953552,0.0,0.583013343071215,0.583013343071215,,,,1.0
41,acetone_dipole,165,0.9999999403953552,0.0,0.583013343071215,0.583013343071215,,,,1.0
41,acetone_dipole,166,0.9999999403953552,0.0,0.583013343071215,0.583013343071215,,,,1.0
41,acetone_dipole,167,0.9999999403953552,0.0,0.583013343071215,0.583013343071215,,,,1.0
41,acetone_dipole,168,0.9999999403953552,0.0,0.583013343071215,0.583013343071215,,,,1.0
41,acetone_dipole,169,0.9999999403953552,0.0,0.583013343071215,0.583013343071215,,,,1.0
41,acetone_dipole,170,0.9999999403953552,0.0,0.583013343071215,0.583013343071215,,,,1.0
41,acetone_dipole,171,0.9999999403953552,0.0,0.583013343071215,0.583013343071215,,,,1.0
41,acetone_dipole,172,0.9999999403953552,0.0,0.583013343071215,0.583013343071215,,,,1.0
41,acetone_dipole,173,0.9999999403953552,0.0,0.583013343071215,0.583013343071215,,,,1.0
41,acetone_dipole,174,0.9999999403953552,0.0,0.583013343071215,0.583013343071215,,,,1.0
41,acetone_dipole,175,0.9999999403953552,0.0,0.583013343071215,0.583013343071215,,,,1.0
41,acetone_dipole,176,0.9999999403953552,0.0,0.583013343071215,0.583013343071215,,,,1.0
41,acetone_dipole,177,0.9999999403953552,0.0,0.583013343071215,0.583013343071215,,,,1.0
41,acetone_dipole,178,0.9999999403953552,0.0,0.583013343071215,0.583013343071215,,,,1.0
41,acetone_dipole,179,0.9999999403953552,0.0,0.583013343071215,0.583013343071215,,,,1.0
41,acetone_dipole,180,0.9999999403953552,0.0,0.583013343071215,0.583013343071215,,,,1.0
41,acetone_dipole,181,0.9999999403953552,0.0,0.583013343071215,0.583013343071215,,,,1.0
41,acetone_dipole,182,0.9999999403953552,0.0,0.583013343071215,0.583013343071215,,,,1.0
41,acetone_dipole,183,0.9999999403953552,0.0,0.583013343071215,0.583013343071215,,,,1.0
41,acetone_dipole,184,0.9999999403953552,0.0,0.583013343071215,0.583013343071215,,,,1.0
41,acetone_dipole,185,0.9999999403953552,0.0,0.583013343071215,0.583013343071215,,,,1.0
41,acetone_dipole,186,0.9999999403953552,0.0,0.583013343071215,0.583013343071215,,,,1.0
41,acetone_dipole,187,0.9999999403953552,0.0,0.583013343071215,0.583013343071215,,,,1.0
41,acetone_dipole,188,0.9999999403953552,0.0,0.583013343071215,0.583013343071215,,,,1.0
41,acetone_dipole,189,0.9999999403953552,0.0,0.583013343071215,0.583013343071215,,,,1.0
41,acetone_dipole,190,0.9999999403953552,0.0,0.583013343071215,0.583013343071215,,,,1.0
41,acetone_dipole,191,0.9999999403953552,0.0,0.583013343071215,0.583013343071215,,,,1.0
41,acetone_dipole,192,0.9999999403953552,0.0,0.583013343071215,0.583013343071215,,,,1.0
41,acetone_dipole,193,0.9999999403953552,0.0,0.583013343071215,0.583013343071215,,,,1.0
41,acetone_dipole,194,0.9999999403953552,0.0,0.583013343071215,0.583013343071215,,,,1.0
41,acetone_dipole,195,0.9999999403953552,0.0,0.583013343071215,0.583013343071215,,,,1.0
41,acetone_dipole,196,0.9999999403953552,0.0,0.583013343071215,0.583013343071215,,,,1.0
41,acetone_dipole,197,0.9999999403953552,0.0,0.583013343071215,0.583013343071215,,,,1.0
41,acetone_dipole,198,0.9999999403953552,0.0,0.583013343071215,0.583013343071215,,,,1.0
41,acetone_dipole,199,0.9999999403953552,0.0,0.583013343071215,0.583013343071215,,,,1.0
41,acetone_dipole,200,0.9999999403953552,0.0,0.583013343071215,0.583013343071215,,,,1.0
41,acetone_dipole,201,0.9999999403953552,0.0,0.583013343071215,0.583013343071215,,,,1.0
41,acetone_dipole,202,0.9999999403953552,0.0,0.583013343071215,0.583013343071215,,,,1.0
41,acetone_dipole,203,0.9999999403953552,0.0,0.583013343071215,0.583013343071215,,,,1.0
41,acetone_dipole,204,0.9999999403953552,0.0,0.583013343071215,0.583013343071215,,,,1.0
41,acetone_dipole,205,0.9999999403953552,0.0,0.583013343071215,0.583013343071215,,,,1.0
41,acetone_dipole,206,0.9999999403953552,0.0,0.583013343071215,0.583013343071215,,,,1.0
41,acetone_dipole,207,0.9999999403953552,0.0,0.583013343071215,0.583013343071215,,,,1.0
41,acetone_dipole,208,0.9999999403953552,0.0,0.583013343071215,0.583013343071215,,,,1.0
41,acetone_dipole,209,0.9999999403953552,0.0,0.583013343071215,0.583013343071215,,,,1.0
41,acetone_dipole,210,0.9999999403953552,0.0,0.583013343071215,0.583013343071215,,,,1.0
41,acetone_dipole,211,0.9999999403953552,0.0,0.583013343071215,0.583013343071215,,,,1.0
41,acetone_dipole,212,0.9999999403953552,0.0,0.583013343071215,0.583013343071215,,,,1.0
41,acetone_dipole,213,0.9999999403953552,0.0,0.583013343071215,0.583013343071215,,,,1.0
41,acetone_dipole,214,0.9999999403953552,0.0,0.583013343071215,0.583013343071215,,,,1.0
41,acetone_dipole,215,0.9999999403953552,0.0,0.583013343071215,0.583013343071215,,,,1.0
41,acetone_dipole,216,0.9999999403953552,0.0,0.583013343071215,0.583013343071215,,,,1.0
41,acetone_dipole,217,0.9999999403953552,0.0,0.583013343071215,0.583013343071215,,,,1.0
41,acetone_dipole,218,0.9999999403953552,0.0,0.583013343071215,0.583013343071215,,,,1.0
41,acetone_dipole,219,0.9999999403953552,0.0,0.583013343071215,0.583013343071215,,,,1.0
41,acetone_dipole,220,0.9999999403953552,0.0,0.583013343071215,0.583013343071215,,,,1.0
41,acetone_dipole,221,0.9999999403953552,0.0,0.583013343071215,0.583013343071215,,,,1.0
41,acetone_dipole,222,0.9999999403953552,0.0,0.583013343071215,0.583013343071215,,,,1.0
41,acetone_dipole,223,0.9999999403953552,0.0,0.583013343071215,0.583013343071215,,,,1.0
41,acetone_dipole,224,0.9999999403953552,0.0,0.583013343071215,0.583013343071215,,,,1.0
41,acetone_dipole,225,0.9999999403953552,0.0,0.583013343071215,0.583013343071215,,,,1.0
41,acetone_dipole,226,0.9999999403953552,0.0,0.583013343071215,0.583013343071215,,,,1.0
41,acetone_dipole,227,0.9999999403953552,0.0,0.583013343071215,0.583013343071215,,,,1.0
41,acetone_dipole,228,0.9999999403953552,0.0,0.583013343071215,0.583013343071215,,,,1.0
41,acetone_dipole,229,0.9999999403953552,0.0,0.583013343071215,0.583013343071215,,,,1.0
41,acetone_dipole,230,0.9999999403953552,0.0,0.583013343071215,0.583013343071215,,,,1.0
41,acetone_dipole,231,0.9999999403953552,0.0,0.583013343071215,0.583013343071215,,,,1.0
41,acetone_dipole,232,0.9999999403953552,0.0,0.583013343071215,0.583013343071215,,,,1.0
41,acetone_dipole,233,0.9999999403953552,0.0,0.583013343071215,0.583013343071215,,,,1.0
41,acetone_dipole,234,0.9999999403953552,0.0,0.583013343071215,0.583013343071215,,,,1.0
41,acetone_dipole,235,0.9999999403953552,0.0,0.583013343071215,0.583013343071215,,,,1.0
41,acetone_dipole,236,0.9999999403953552,0.0,0.583013343071215,0.583013343071215,,,,1.0
41,acetone_dipole,237,0.9999999403953552,0.0,0.583013343071215,0.583013343071215,,,,1.0
41,acetone_dipole,238,0.9999999403953552,0.0,0.583013343071215,0.583013343071215,,,,1.0
41,acetone_dipole,239,0.9999999403953552,0.0,0.583013343071215,0.583013343071215,,,,1.0
41,acetone_dipole,240,0.9999999403953552,0.0,0.583013343071215,0.583013343071215,,,,1.0
41,acetone_dipole,241,0.9999999403953552,0.0,0.583013343071215,0.583013343071215,,,,1.0
41,acetone_dipole,242,0.9999999403953552,0.0,0.583013343071215,0.583013343071215,,,,1.0
41,acetone_dipole,243,0.9999999403953552,0.0,0.583013343071215,0.583013343071215,,,,1.0
41,acetone_dipole,244,0.9999999403953552,0.0,0.583013343071215,0.583013343071215,,,,1.0
41,acetone_dipole,245,0.9999999403953552,0.0,0.583013343071215,0.583013343071215,,,,1.0
41,acetone_dipole,246,0.9999999403953552,0.0,0.583013343071215,0.583013343071215,,,,1.0
41,acetone_dipole,247,0.9999999403953552,0.0,0.583013343071215,0.583013343071215,,,,1.0
41,acetone_dipole,248,0.9999999403953552,0.0,0.583013343071215,0.583013343071215,,,,1.0
41,acetone_dipole,249,0.9999999403953552,0.0,0.583013343071215,0.583013343071215,,,,1.0
41,octanol_gsolv_eV,0,0.10928414762020111,0.08307696878910065,0.6280704177842613,0.9667697422128188,18.28309440612793,0.011172487400472164,0.0006110829574192589,0.04
41,octanol_gsolv_eV,1,0.0982958972454071,0.07573845237493515,0.6282131960112052,0.9664167870496121,16.67288589477539,0.027316490188241005,0.0016383780444872407,0.04
41,octanol_gsolv_eV,2,0.18798601627349854,0.08181040734052658,0.6310638420691306,0.9212970136905361,18.313705444335938,0.37645041942596436,0.020555666387131553,0.1
41,octanol_gsolv_eV,3,0.14544729888439178,0.06467393785715103,0.624702117637,0.9229268564817394,14.19016170501709,0.2015359103679657,0.014202509778074652,0.08
41,octanol_gsolv_eV,4,0.07472477108240128,0.07313486933708191,0.6254952351915417,0.9712491752057391,16.045217514038086,0.01361799705773592,0.0008487262354543607,0.04
41,octanol_gsolv_eV,5,0.036600302904844284,0.08045355975627899,0.6271081449564415,0.9607645619839005,17.767852783203125,0.004982720594853163,0.0002804345947510094,0.0
41,octanol_gsolv_eV,6,0.09627328813076019,0.07625345885753632,0.6298745390006824,0.950101961005924,16.855093002319336,0.049567535519599915,0.002940804628771802,0.06
41,octanol_gsolv_eV,7,0.1880769580602646,0.08177918195724487,0.6260089700474558,0.9118925460739231,18.151514053344727,0.5627357959747314,0.031002140885929997,0.16
41,octanol_gsolv_eV,8,0.2258942872285843,0.0767495334148407,0.6279441663152001,0.9051170296126554,16.98590660095215,0.7067566514015198,0.04160841502342315,0.12
41,octanol_gsolv_eV,9,0.17356158792972565,0.08285756409168243,0.6249360403243471,0.910441360407215,18.190351486206055,0.7972943186759949,0.04383061642764803,0.1
41,octanol_gsolv_eV,10,0.07555045187473297,0.07370422035455704,0.6273767750487886,0.9664248527425501,16.255046844482422,0.009742997586727142,0.0005993829288799795,0.08
41,octanol_gsolv_eV,11,0.22437261044979095,0.07770814001560211,0.6300148489852968,0.9073290726029477,17.317102432250977,0.6511590480804443,0.03760207867499476,0.16
41,octanol_gsolv_eV,12,0.14743632078170776,0.07940801233053207,0.6266296129624429,0.9467739436929947,17.50255012512207,0.24609166383743286,0.014060331898961867,0.1
41,octanol_gsolv_eV,13,0.19968843460083008,0.07470493763685226,0.6297732517518517,0.9025809216630725,16.582242965698242,0.5675733089447021,0.034227776671634534,0.12
41,octanol_gsolv_eV,14,0.09945692121982574,0.07851898670196533,0.6259693834736129,0.9570244891076831,17.141916275024414,0.04368589445948601,0.0025484837143403788,0.04
41,octanol_gsolv_eV,15,0.0619436576962471,0.08587727695703506,0.6280466457068827,0.9738749311198465,18.80816650390625,0.023378996178507805,0.0012430236713212978,0.0
41,octanol_gsolv_eV,16,0.17743651568889618,0.07945354282855988,0.6275249529512865,0.9306203941917688,17.493255615234375,0.3431718349456787,0.01961737954865418,0.1
41,octanol_gsolv_eV,17,0.160915806889534,0.08183179050683975,0.6284745906196376,0.9191979674669501,18.156023025512695,0.48338738083839417,0.02662407842065094,0.1
41,octanol_gsolv_eV,18,0.12515145540237427,0.0921671912074089,0.6267292649936165,0.9575122586756857,20.26239776611328,0.026398630812764168,0.001302838445749648,0.06
41,octanol_gsolv_eV,19,0.18191583454608917,0.09017031639814377,0.6254443268194945,0.9080011740516738,19.75931739807129,1.01819908618927,0.05153007392293099,0.1
41,octanol_gsolv_eV,20,0.16192977130413055,0.07966604828834534,0.6264853997079716,0.8979006897370931,17.63165855407715,1.014737844467163,0.05755203580848127,0.08
41,octanol_gsolv_eV,21,0.0892525464296341,0.08539146184921265,0.6278230356166157,0.9743317500470892,18.905363082885742,0.012096795253455639,0.0006398605094448768,0.08
41,octanol_gsolv_eV,22,0.10957109928131104,0.07518064230680466,0.628504430074496,0.9436735703632144,16.548105239868164,0.07698076963424683,0.004651938606770676,0.04
41,octanol_gsolv_eV,23,0.20168854296207428,0.08240141719579697,0.6279060939765782,0.9048730355626806,18.297313690185547,0.7641151547431946,0.04176105671473821,0.12
41,octanol_gsolv_eV,24,0.07940755784511566,0.08675359934568405,0.6293511471515796,0.9670678890312865,19.156036376953125,0.005836316850036383,0.00030467246643246776,0.04
41,octanol_gsolv_eV,25,0.2678900361061096,0.07706387341022491,0.6310721325234432,0.9096049887667796,17.28533172607422,0.5685696005821228,0.03289318420915571,0.16
41,octanol_gsolv_eV,26,0.2145170271396637,0.07401691377162933,0.6265047793763614,0.9210538701187294,16.38571548461914,0.4186156690120697,0.02554759780889725,0.14
41,octanol_gsolv_eV,27,0.18745918571949005,0.07938578724861145,0.630745971284717,0.9329200448565917,17.72804832458496,0.47066089510917664,0.02654894021562836,0.14
41,octanol_gsolv_eV,28,0.2350033074617386,0.05961233377456665,0.6176107091891156,0.9298724624139962,12.880484580993652,1.515761137008667,0.11767889068749113,0.14
41,octanol_gsolv_eV,29,0.2010440081357956,0.0784696638584137,0.6281463513944638,0.9071607651817191,17.455589294433594,0.952274739742279,0.05455414444506606,0.08
41,octanol_gsolv_eV,30,0.13255059719085693,0.07642275094985962,0.6263118035310198,0.9243601953392471,16.717721939086914,0.2156769186258316,0.012901094982419082,0.1
41,octanol_gsolv_eV,31,0.06334561109542847,0.07247749716043472,0.6243399601731856,0.9700620929557706,15.854084014892578,0.009552975185215473,0.0006025561095956007,0.02
41,octanol_gsolv_eV,32,0.1916530728340149,0.07820874452590942,0.6330804303803859,0.9273546114048825,17.57098388671875,0.8664114475250244,0.049309216439491044,0.12
41,octanol_gsolv_eV,33,0.23631344735622406,0.07377807796001434,0.632638311122125,0.9115417232332397,16.62316131591797,0.6454102993011475,0.038825966194716344,0.14
41,octanol_gsolv_eV,34,0.18235017359256744,0.0790073424577713,0.628773721270502,0.901577751667779,17.59539031982422,0.6963449716567993,0.03957542055047494,0.22
41,octanol_gsolv_eV,35,0.29581397771835327,0.07816056162118912,0.627305870314832,0.9177020175132224,17.52720069885254,0.6128239035606384,0.034964163079433355,0.18
41,octanol_gsolv_eV,36,0.09270818531513214,0.08749762177467346,0.6266917323616288,0.9695198314218281,19.174152374267578,0.0098790368065238,0.0005152267810170233,0.02
41,octanol_gsolv_eV,37,0.23777516186237335,0.07756699621677399,0.6222800088474099,0.9050230261187766,16.98426628112793,0.9400714039802551,0.055349544597332156,0.1
41,octanol_gsolv_eV,38,0.2016555219888687,0.07523812353610992,0.6292129290473225,0.9168265427739148,16.722763061523438,0.7471812963485718,0.044680492906565394,0.18
41,octanol_gsolv_eV,39,0.13793663680553436,0.08532998710870743,0.6245013777610868,0.942680145627858,18.67019271850586,0.3208286464214325,0.017184002932301164,0.04
41,octanol_gsolv_eV,40,0.1831851750612259,0.08235872536897659,0.6298821530166121,0.9160504186579634,18.3118896484375,0.4390648603439331,0.023977037256851165,0.12
41,octanol_gsolv_eV,41,0.23070938885211945,0.0817132219672203,0.6278542273855336,0.9412094093500227,18.118961334228516,0.26952773332595825,0.014875451652782857,0.26
41,octanol_gsolv_eV,42,0.11950390785932541,0.053608715534210205,0.6176790976657558,0.9551101618872226,11.421170234680176,0.12945114076137543,0.011334314969607876,0.04
41,octanol_gsolv_eV,43,0.338553786277771,0.061453644186258316,0.6221551806719681,0.9386569387628383,13.384408950805664,2.24855375289917,0.16799798640072336,0.18
41,octanol_gsolv_eV,44,0.1366061121225357,0.08248792588710785,0.6280164854224612,0.9426639674477413,18.2251033782959,0.1616748571395874,0.008870998083452545,0.04
41,octanol_gsolv_eV,45,0.09607984870672226,0.07854259759187698,0.6269949766072953,0.9656217929530695,17.211902618408203,0.04219730570912361,0.0024516351646094846,0.04
41,octanol_gsolv_eV,46,0.1689867526292801,0.08152598887681961,0.624987498161115,0.9393392817301041,17.884700775146484,0.3225707709789276,0.01803612903757321,0.12
41,octanol_gsolv_eV,47,0.24071826040744781,0.08539940416812897,0.6238181403835878,0.9181454934788633,18.821456909179688,0.7358660697937012,0.03909718962482661,0.12
41,octanol_gsolv_eV,48,0.21334925293922424,0.08018871396780014,0.6314441837125497,0.9070223857972317,17.94217872619629,0.44319477677345276,0.024701279790863465,0.08
41,octanol_gsolv_eV,49,0.19794531166553497,0.07865592837333679,0.6297578375502231,0.9295304844711234,17.55086326599121,0.19568893313407898,0.011149818112552378,0.1
41,octanol_gsolv_eV,50,0.1824287474155426,0.07816784083843231,0.6304911620961748,0.9169606129563632,17.45949363708496,0.6607027053833008,0.03784203133932421,0.1
41,octanol_gsolv_eV,51,0.05361694470047951,0.08226854354143143,0.6283167936638758,0.9609862309107304,18.124608993530273,0.005939950700849295,0.00032772848798942963,0.0
41,octanol_gsolv_eV,52,0.08629905432462692,0.07917802780866623,0.6260680519744968,0.9604584897651187,17.352527618408203,0.02048383839428425,0.0011804527181708234,0.02
41,octanol_gsolv_eV,53,0.20836929976940155,0.0796264261007309,0.6274437939188724,0.9222599846324671,17.606647491455078,0.6464195847511292,0.036714518483138364,0.12
41,octanol_gsolv_eV,54,0.1215183213353157,0.0692892074584961,0.6184442258227496,0.9718908762391378,14.845650672912598,0.05082157626748085,0.0034233310069871166,0.06
41,octanol_gsolv_eV,55,0.21547822654247284,0.08108336478471756,0.6244627742630737,0.906424051323792,17.92901611328125,1.463592529296875,0.08163261832380705,0.2
41,octanol_gsolv_eV,56,0.34822747111320496,0.05832621455192566,0.6198678406397713,0.9201718685344267,12.757261276245117,2.1090846061706543,0.16532424636453222,0.26
41,octanol_gsolv_eV,57,0.23020486533641815,0.07971476763486862,0.6323006087972425,0.9533062606734506,17.87868309020996,0.16585387289524078,0.009276626922598081,0.18
41,octanol_gsolv_eV,58,0.08017478138208389,0.08529094606637955,0.6239224707449016,0.9723897083265856,18.555843353271484,0.005425230599939823,0.0002923731622784652,0.06
41,octanol_gsolv_eV,59,0.42969048023223877,0.06590006500482559,0.6213596458756145,0.9259991755037253,14.519922256469727,2.6104538440704346,0.17978428520216624,0.38
41,octanol_gsolv_eV,60,0.19593723118305206,0.08068086951971054,0.6272541330002432,0.9208013615746342,17.822534561157227,0.6289269328117371,0.03528829924013347,0.14
41,octanol_gsolv_eV,61,0.15385480225086212,0.07773705571889877,0.6263166018253177,0.932406368551119,17.084091186523438,0.3208947777748108,0.018783251287486948,0.1
41,octanol_gsolv_eV,62,0.2807130217552185,0.07961263507604599,0.6282018282902826,0.917601652069514,17.846656799316406,0.7317814826965332,0.041003841275446234,0.2
41,octanol_gsolv_eV,63,0.16496112942695618,0.08112011104822159,0.6287890108375209,0.9118899314995264,17.911026000976562,0.5503347516059875,0.030726031639727487,0.12
41,octanol_gsolv_eV,64,0.3051080107688904,0.07542072236537933,0.6289285115827907,0.9180193547491025,16.987279891967773,1.823004126548767,0.10731583503317398,0.32
41,octanol_gsolv_eV,65,0.174611434340477,0.07691539824008942,0.6260342445136351,0.9056156225040088,16.975759506225586,0.5718314051628113,0.033685173553095006,0.12
41,octanol_gsolv_eV,66,0.12729981541633606,0.08503903448581696,0.6271103983611392,0.9648123116481131,18.667604446411133,0.021142559126019478,0.001132580197245617,0.02
41,octanol_gsolv_eV,67,0.08191033452749252,0.08231670409440994,0.6266584059648199,0.9712660284671917,18.04935073852539,0.011384576559066772,0.0006307471511851666,0.04
41,octanol_gsolv_eV,68,0.23406490683555603,0.07809477299451828,0.6276934763515027,0.922494506688136,17.300439834594727,0.7351068258285522,0.042490643755692274,0.14
41,octanol_gsolv_eV,69,0.26866021752357483,0.06084229424595833,0.6180901158199452,0.9162184879339415,13.215165138244629,2.003126621246338,0.15157787286738464,0.16
41,octanol_gsolv_eV,70,0.2149348258972168,0.0844971239566803,0.6274511959781317,0.9148043656380276,18.793622970581055,0.7375733852386475,0.03924593924190251,0.12
41,octanol_gsolv_eV,71,0.2568880319595337,0.07874978333711624,0.6280118931823688,0.9212365278180805,17.48123550415039,0.6190379858016968,0.035411569488593926,0.12
41,octanol_gsolv_eV,72,0.2808443307876587,0.07689229398965836,0.6245178187987561,0.9059081012848231,17.095951080322266,1.3726327419281006,0.08028993154455294,0.22
41,octanol_gsolv_eV,73,0.12546353042125702,0.07563874125480652,0.6280381420818766,0.9499915218237092,16.71129035949707,0.11408085376024246,0.006826573610182652,0.06
41,octanol_gsolv_eV,74,0.21744787693023682,0.07972311228513718,0.6259910495539258,0.905890252504943,17.627784729003906,0.8722535371780396,0.04948174433642111,0.1
41,octanol_gsolv_eV,75,0.26078173518180847,0.0848611444234848,0.6262835005911402,0.9046301152092573,18.84229850769043,1.2814271450042725,0.06800800573673438,0.1
41,octanol_gsolv_eV,76,0.2590706944465637,0.07478226721286774,0.6285279261030268,0.9161087173111317,16.799762725830078,0.6157079935073853,0.03664980294993798,0.22
41,octanol_gsolv_eV,77,0.08659910410642624,0.07865558564662933,0.6299063832569185,0.957748890322456,17.411956787109375,0.03282530978322029,0.0018852165890695244,0.04
41,octanol_gsolv_eV,78,0.20318378508090973,0.07794682681560516,0.6304006750021047,0.9077413925810178,17.39569854736328,0.6380050778388977,0.03667602517379804,0.12
41,octanol_gsolv_eV,79,0.12427990883588791,0.11130935698747635,0.6174294291498146,0.9706440186451237,23.77825164794922,0.016496945172548294,0.000693782933110269,0.04
41,octanol_gsolv_eV,80,0.17630276083946228,0.08404048532247543,0.6303526066292442,0.9425244124855299,18.670284271240234,0.05726936087012291,0.0030674070109548797,0.08
41,octanol_gsolv_eV,81,0.20164571702480316,0.07838141918182373,0.6281511357004157,0.9464504750002065,17.353727340698242,0.20620431005954742,0.011882421914971186,0.18
41,octanol_gsolv_eV,82,0.1489863395690918,0.07204215228557587,0.6262525993462389,0.942595199924813,15.829089164733887,0.2809697091579437,0.017750213308793835,0.08
41,octanol_gsolv_eV,83,0.17166031897068024,0.0752500519156456,0.627889255482857,0.909268475725324,16.69891357421875,0.8146050572395325,0.048781919471527255,0.12
41,octanol_gsolv_eV,84,0.13394425809383392,0.07818404585123062,0.6288496143699747,0.9269909182129432,17.257368087768555,0.16115030646324158,0.009338058135148633,0.08
41,octanol_gsolv_eV,85,0.03649507835507393,0.10746113955974579,0.62325727744474,0.9705857036719692,23.28172492980957,0.007366958539932966,0.00031642666349435405,0.0
41,octanol_gsolv_eV,86,0.19361086189746857,0.08251306414604187,0.625407396054553,0.9184328886036177,18.15620231628418,0.5262029767036438,0.02898199565840351,0.14
41,octanol_gsolv_eV,87,0.2521718740463257,0.08273138105869293,0.628397277520887,0.9165505839538568,18.547788619995117,0.6375522017478943,0.03437348865732664,0.18
41,octanol_gsolv_eV,88,0.16182300448417664,0.09628301858901978,0.6218893766168512,0.962959222411337,20.9276123046875,0.041873276233673096,0.0020008625744798443,0.08
41,octanol_gsolv_eV,89,0.22688962519168854,0.08760473877191544,0.623907983121289,0.9285596712092374,19.198909759521484,0.5120242834091187,0.02666944580825408,0.1
41,octanol_gsolv_eV,90,0.09720317274332047,0.08054846525192261,0.627090626482161,0.9748200463928194,17.683855056762695,0.012091255746781826,0.0006837454677145108,0.04
41,octanol_gsolv_eV,91,0.25495225191116333,0.08383630961179733,0.6288463315038149,0.9038144192422448,18.722951889038086,0.7015867233276367,0.03747201442836595,0.22
41,octanol_gsolv_eV,92,0.18998092412948608,0.08040017634630203,0.6282476201936922,0.9088394342477379,17.85878562927246,0.8252620100975037,0.046210421426684856,0.08
41,octanol_gsolv_eV,93,0.1547991931438446,0.07925621420145035,0.6293960646444015,0.9670817669733434,17.690311431884766,0.0495513454079628,0.0028010442664481395,0.1
41,octanol_gsolv_eV,94,0.12308385223150253,0.09464224427938461,0.625240110737975,0.9639928301101712,20.636499404907227,0.04745485261082649,0.0022995592265780324,0.04
41,octanol_gsolv_eV,95,0.34058162569999695,0.06802669912576675,0.6188414493419745,0.9205750092296447,14.856087684631348,1.847694754600525,0.12437290313734274,0.18
41,octanol_gsolv_eV,96,0.1594477891921997,0.08305683732032776,0.624877268194673,0.9188279062131695,18.27764129638672,0.4604855477809906,0.025193926301202953,0.14
41,octanol_gsolv_eV,97,0.05045951157808304,0.08066238462924957,0.6293593424394515,0.9629354907316503,17.810649871826172,0.007738880347460508,0.00043450858913925865,0.04
41,octanol_gsolv_eV,98,0.0350448340177536,0.08270428329706192,0.6284281393569713,0.9716886724169269,18.283723831176758,0.006182326003909111,0.00033813276009820426,0.0
41,octanol_gsolv_eV,99,0.11989905685186386,0.08063774555921555,0.6263476662985885,0.9559617206576847,17.685794830322266,0.07452553510665894,0.004213864054268289,0.04
41,octanol_gsolv_eV,100,0.09966627508401871,0.07631230354309082,0.627267898700032,0.9455025513173785,16.741687774658203,0.09637025743722916,0.005756304784461711,0.04
41,octanol_gsolv_eV,101,0.1616227775812149,0.07144403457641602,0.6271211608125782,0.9176953271263257,15.755692481994629,0.5027844905853271,0.03191129118316455,0.1
41,octanol_gsolv_eV,102,0.3239127993583679,0.07841046154499054,0.6285116351242752,0.9266110864983947,17.57498550415039,1.3307650089263916,0.0757192663750492,0.22
41,octanol_gsolv_eV,103,0.15469127893447876,0.08182821422815323,0.6246011396622122,0.9288558164321805,17.934743881225586,0.19041071832180023,0.010616862977403631,0.1
41,octanol_gsolv_eV,104,0.1623508632183075,0.08356859534978867,0.6262819751035282,0.9550257750002933,18.358469009399414,0.059966083616018295,0.0032663989347540942,0.08
41,octanol_gsolv_eV,105,0.16100743412971497,0.08846772462129593,0.6249000339976472,0.8913279685926974,19.4752140045166,0.6726937294006348,0.03454101861189442,0.16
41,octanol_gsolv_eV,106,0.1361713707447052,0.08221489936113358,0.6284944820813787,0.9599495893772922,18.143035888671875,0.025368817150592804,0.0013982674843537378,0.06
41,octanol_gsolv_eV,107,0.19534361362457275,0.07956870645284653,0.6288251315525597,0.9206554446905197,17.67079734802246,1.0999726057052612,0.062248045973339126,0.14
41,octanol_gsolv_eV,108,0.23985029757022858,0.090630441904068,0.6217961412638042,0.9177668408343791,19.843963623046875,1.4506189823150635,0.07310127199741022,0.14
41,octanol_gsolv_eV,109,0.21075376868247986,0.08187475800514221,0.6279947774025645,0.9180216550549765,18.179006576538086,0.5544217228889465,0.03049791090369514,0.06
41,octanol_gsolv_eV,110,0.11169353127479553,0.08752340078353882,0.6262605626997588,0.9666702055258862,19.23430633544922,0.015453959815204144,0.0008034581307838579,0.04
41,octanol_gsolv_eV,111,0.08198259025812149,0.08150175958871841,0.6272820100471734,0.9654456890214225,17.880414962768555,0.02737385407090187,0.0015309406480722625,0.06
41,octanol_gsolv_eV,112,0.19916070997714996,0.08398565649986267,0.6240698420992254,0.9268498698934613,18.3862247467041,0.44513726234436035,0.02421036773327571,0.14
41,octanol_gsolv_eV,113,0.18569666147232056,0.08427203446626663,0.6266860273607384,0.930674629748826,18.61590576171875,0.6479395627975464,0.034805696327167276,0.14
41,octanol_gsolv_eV,114,0.25306954979896545,0.08878134191036224,0.6255495654223047,0.9103409288566657,19.634923934936523,1.1120972633361816,0.05663873550115573,0.3
41,octanol_gsolv_eV,115,0.07568828761577606,0.07984719425439835,0.6269498962362003,0.9729532785221942,17.519655227661133,0.007932581938803196,0.00045278185190989015,0.04
41,octanol_gsolv_eV,116,0.14868947863578796,0.0764232948422432,0.6257585105788803,0.9436189338345835,16.823627471923828,0.23795700073242188,0.014144214803230592,0.1
41,octanol_gsolv_eV,117,0.08376698940992355,0.08233524113893509,0.6272055818142892,0.9685976213590082,18.051429748535156,0.020511914044618607,0.0011363041227403672,0.06
41,octanol_gsolv_eV,118,0.060717422515153885,0.08952552080154419,0.628478993506087,0.9667491260433754,19.744338989257812,0.007466352079063654,0.0003781515341245827,0.02
41,octanol_gsolv_eV,119,0.20389652252197266,0.08081161975860596,0.6272167508940287,0.9174099470347987,17.885889053344727,0.3816908001899719,0.02134033142280922,0.1
41,octanol_gsolv_eV,120,0.19396492838859558,0.07903918623924255,0.6277418382676057,0.9248574834777163,17.496044158935547,0.9350824356079102,0.05344536325546176,0.18
41,octanol_gsolv_eV,121,0.2668027877807617,0.07926246523857117,0.6318300917627868,0.9201481557588831,17.90801239013672,0.844182550907135,0.0471399356062591,0.26
41,octanol_gsolv_eV,122,0.23297782242298126,0.07742206007242203,0.6278479365692118,0.9087756546295125,17.18703842163086,0.9663289785385132,0.05622428686272869,0.18
41,octanol_gsolv_eV,123,0.1425720453262329,0.07807246595621109,0.6286086764141432,0.9270999524408241,17.22484588623047,0.40052539110183716,0.023252770663220675,0.1
41,octanol_gsolv_eV,124,0.21769259870052338,0.08692686259746552,0.6237866591017631,0.915119692052752,19.221942901611328,0.9224594831466675,0.047989919014343754,0.16
41,octanol_gsolv_eV,125,0.08685135841369629,0.0826447382569313,0.6277544561644486,0.9641939379265023,18.1884822845459,0.011073470115661621,0.0006088177090548314,0.02
41,octanol_gsolv_eV,126,0.31907013058662415,0.08218176662921906,0.6276692448240018,0.9068572242903916,18.45234489440918,1.1728695631027222,0.06356208762703576,0.26
41,octanol_gsolv_eV,127,0.0910131111741066,0.07785872370004654,0.6276602253217378,0.9767541139877289,17.172836303710938,0.01509660854935646,0.0008790981456041821,0.04
41,octanol_gsolv_eV,128,0.208204448223114,0.07060287147760391,0.6280186383219981,0.9187550518860568,15.614858627319336,0.5396876335144043,0.03456244122314251,0.14
41,octanol_gsolv_eV,129,0.15747667849063873,0.08128419518470764,0.6260858276665258,0.905432539156511,17.9526309967041,0.44228395819664,0.024636163817873733,0.12
41,octanol_gsolv_eV,130,0.19524024426937103,0.08312655240297318,0.6277493178775333,0.8868008190257499,18.38152313232422,0.8221936225891113,0.044729352223443875,0.12
41,octanol_gsolv_eV,131,0.2558995187282562,0.07698377966880798,0.6291941625662567,0.9166244868164071,17.239744186401367,0.5368333458900452,0.031139287224081717,0.12
41,octanol_gsolv_eV,132,0.19231963157653809,0.0775015726685524,0.6277135365079363,0.8997374830497848,17.155101776123047,0.6199507713317871,0.036137982707549546,0.1
41,octanol_gsolv_eV,133,0.20713333785533905,0.08538980036973953,0.6239880760097778,0.9142509451407712,18.76898765563965,0.6390633583068848,0.034048898642376216,0.14
41,octanol_gsolv_eV,134,0.17131637036800385,0.07893526554107666,0.6246581184240179,0.9058273411132207,17.357425689697266,0.5662735104560852,0.0326242796932845,0.1
41,octanol_gsolv_eV,135,0.16524282097816467,0.07746879011392593,0.6266015629374533,0.9279208464427469,17.03807830810547,0.3640051484107971,0.021364213840807982,0.12
41,octanol_gsolv_eV,136,0.2505626678466797,0.07951289415359497,0.6268077674642036,0.9052040655595393,17.727712631225586,0.8624860644340515,0.04865185274466086,0.14
41,octanol_gsolv_eV,137,0.3024158477783203,0.06236904487013817,0.627067823558231,0.9076832361774363,13.89080810546875,1.711729884147644,0.12322752363656536,0.18
41,octanol_gsolv_eV,138,0.24719157814979553,0.08214061707258224,0.6280607248091845,0.9111009392920268,18.326078414916992,0.6853475570678711,0.03739739302381324,0.08
41,octanol_gsolv_eV,139,0.20421507954597473,0.074536994099617,0.6273265669714259,0.9238664966800361,16.489151000976562,0.37303462624549866,0.0226230341527836,0.08
41,octanol_gsolv_eV,140,0.15148697793483734,0.08584196120500565,0.6275689230360721,0.9269618126271439,18.903226852416992,0.40254727005958557,0.02129516157227491,0.06
41,octanol_gsolv_eV,141,0.08474268019199371,0.04815498739480972,0.6177118221447286,0.9511524963501581,10.24421501159668,0.15328727662563324,0.014963301380545862,0.02
41,octanol_gsolv_eV,142,0.20253370702266693,0.06856292486190796,0.6206430693248346,0.9355820873052534,14.950632095336914,0.7970789074897766,0.05331406073047471,0.12
41,octanol_gsolv_eV,143,0.20647573471069336,0.08533278107643127,0.6253071101269745,0.9043616851583425,18.828365325927734,0.6034448742866516,0.03204977510478159,0.14
41,octanol_gsolv_eV,144,0.053029272705316544,0.08094880729913712,0.6269692218316305,0.9667167201441678,17.759241104125977,0.004261692054569721,0.00023997039229224773,0.02
41,octanol_gsolv_eV,145,0.1821124255657196,0.08636973053216934,0.6264366752768351,0.9602413304590367,19.02368927001953,0.08214118331670761,0.004317836679878828,0.06
41,octanol_gsolv_eV,146,0.20757415890693665,0.07822933048009872,0.6240451148624455,0.9294254300754978,17.15605354309082,0.44106000661849976,0.025708710077797924,0.14
41,octanol_gsolv_eV,147,0.21538524329662323,0.08671820908784866,0.6278463959287894,0.9226646140669781,19.19337272644043,0.6860784292221069,0.03574558984502907,0.12
41,octanol_gsolv_eV,148,0.05111618712544441,0.08306621015071869,0.6247895508370156,0.9595730747105777,18.20081329345703,0.008190790191292763,0.00045002330715832636,0.04
41,octanol_gsolv_eV,149,0.12989018857479095,0.07704616338014603,0.6257959459736875,0.9348489074934845,16.94855308532715,0.20259463787078857,0.011953506405581052,0.1
41,octanol_gsolv_eV,150,0.268505334854126,0.08156295865774155,0.6302564876607848,0.9304445627212494,18.0958251953125,1.6699002981185913,0.09228096978695165,0.1
41,octanol_gsolv_eV,151,0.24335834383964539,0.08596721291542053,0.6242954299687149,0.9256053657707144,18.908557891845703,0.8743817806243896,0.04624264767444089,0.08
41,octanol_gsolv_eV,152,0.06413445621728897,0.07846175134181976,0.6270645474588381,0.9499656195164254,17.194318771362305,0.015401740558445454,0.0008957459009133617,0.04
41,octanol_gsolv_eV,153,0.1827847957611084,0.07891781628131866,0.6270398588432757,0.9069360546941383,17.464792251586914,0.6834807395935059,0.0391347763974348,0.12
41,octanol_gsolv_eV,154,0.15682296454906464,0.0836482048034668,0.6295793286471767,0.9558316066740513,18.452829360961914,0.09417039155960083,0.0051033036569895366,0.16
41,octanol_gsolv_eV,155,0.23029042780399323,0.08477587252855301,0.6284858174349874,0.9151453903065832,18.804645538330078,0.5355267524719238,0.028478428448988492,0.18
41,octanol_gsolv_eV,156,0.05910518392920494,0.08336558938026428,0.6268960358839089,0.9706832791932609,18.323497772216797,0.007183825131505728,0.0003920553390411235,0.02
41,octanol_gsolv_eV,157,0.22647374868392944,0.07839395850896835,0.6279354353881195,0.9199864534975348,17.371315002441406,0.5511836409568787,0.03172952887443547,0.12
41,octanol_gsolv_eV,158,0.08801215142011642,0.082237608730793,0.631867896540836,0.9689110282384177,18.258459091186523,0.0076365284621715546,0.0004182460537350469,0.04
41,octanol_gsolv_eV,159,0.20502719283103943,0.08259521424770355,0.6267613543832533,0.9216309383879988,18.22931671142578,0.9345688819885254,0.051267356686098706,0.14
41,octanol_gsolv_eV,160,0.31276437640190125,0.08608879894018173,0.6272443339457758,0.9110224085498009,19.242971420288086,1.7060693502426147,0.08865935062627003,0.12
41,octanol_gsolv_eV,161,0.2545229494571686,0.0816497728228569,0.6272444582215952,0.9173040757267155,18.17030143737793,1.1204973459243774,0.061666414824545206,0.08
41,octanol_gsolv_eV,162,0.1437138319015503,0.07941566407680511,0.6282655585033938,0.9337830330248862,17.628034591674805,0.2776751220226288,0.01575190476162138,0.08
41,octanol_gsolv_eV,163,0.13376455008983612,0.07400982826948166,0.6308150607627343,0.9340635057212825,16.471113204956055,0.10017821937799454,0.006082055179357977,0.1
41,octanol_gsolv_eV,164,0.11860314011573792,0.07650820165872574,0.630937022017166,0.9370918731447531,16.978775024414062,0.09234564751386642,0.005438887515800232,0.1
41,octanol_gsolv_eV,165,0.19156958162784576,0.07373955845832825,0.6274737066634084,0.9125585410940689,16.199602127075195,0.8067150115966797,0.04979844599074301,0.14
41,octanol_gsolv_eV,166,0.08563461899757385,0.050860438495874405,0.62542737087524,0.9757754931476663,11.120908737182617,0.05073462799191475,0.004562093727312424,0.04
41,octanol_gsolv_eV,167,0.20389434695243835,0.07172179222106934,0.6287804568649893,0.9129431819389491,15.954862594604492,0.7288102507591248,0.04567950657284814,0.1
41,octanol_gsolv_eV,168,0.19729018211364746,0.07739844173192978,0.6305382691284038,0.9135672722465802,17.34798812866211,0.509659469127655,0.029378592223360044,0.16
41,octanol_gsolv_eV,169,0.19942240417003632,0.07437684386968613,0.6262540387330056,0.945586539872622,16.39495849609375,0.47374188899993896,0.02889558330463675,0.1
41,octanol_gsolv_eV,170,0.171219602227211,0.0884270966053009,0.6227038933580178,0.9122521151032263,19.311214447021484,0.47326958179473877,0.024507499675543956,0.14
41,octanol_gsolv_eV,171,0.24137461185455322,0.07644935697317123,0.6276139624294306,0.9147915342093835,16.946044921875,0.5913273692131042,0.03489471271551879,0.16
41,octanol_gsolv_eV,172,0.10249026119709015,0.08286898583173752,0.6281261157567049,0.9446937980238523,18.28748893737793,0.09074436128139496,0.004962100679438931,0.02
41,octanol_gsolv_eV,173,0.07932254672050476,0.07687565684318542,0.6275480669456588,0.9710431834504831,16.907316207885742,0.031741365790367126,0.0018773745874323114,0.04
41,octanol_gsolv_eV,174,0.2724559009075165,0.07402938604354858,0.6258416557430302,0.9206771601885799,16.37952423095703,1.2020258903503418,0.0733858855361948,0.14
41,octanol_gsolv_eV,175,0.29961156845092773,0.07827987521886826,0.6334211031219104,0.9212945108561028,17.728736877441406,1.212936520576477,0.0684164094126669,0.14
41,octanol_gsolv_eV,176,0.20481285452842712,0.08728794753551483,0.6256791124533183,0.9417371079192709,19.214277267456055,0.19771255552768707,0.010289877301945688,0.14
41,octanol_gsolv_eV,177,0.2603627145290375,0.07926792651414871,0.6331809652993894,0.9206325508000659,17.748952865600586,2.443057060241699,0.1376451376450839,0.24
41,octanol_gsolv_eV,178,0.20312339067459106,0.07933104783296585,0.6287780871637887,0.9178256059352223,17.652334213256836,0.5637634992599487,0.03193705106923279,0.12
41,octanol_gsolv_eV,179,0.20917324721813202,0.07622246444225311,0.6276463401963808,0.9156838146790991,16.888431549072266,0.9701195955276489,0.0574428473543442,0.16
41,octanol_gsolv_eV,180,0.22590339183807373,0.08240911364555359,0.6283767676278176,0.9242012347717516,18.293102264404297,0.6642886996269226,0.03631361646731355,0.1
41,octanol_gsolv_eV,181,0.3083789646625519,0.08527513593435287,0.6303652014987178,0.9236215403761074,18.97407341003418,1.5068024396896362,0.07941375618863077,0.36
41,octanol_gsolv_eV,182,0.10914700478315353,0.08223327249288559,0.6283567716779841,0.9386360359805941,18.26045036315918,0.14226312935352325,0.0077907787882681104,0.06
41,octanol_gsolv_eV,183,0.1384219378232956,0.08092989027500153,0.6265799538259247,0.950023971694617,17.724674224853516,0.09105267375707626,0.005137057674628644,0.06
41,octanol_gsolv_eV,184,0.1951272338628769,0.0752587839961052,0.6274965894632063,0.8994306294641357,16.691165924072266,0.6278665661811829,0.03761669909923211,0.14
41,octanol_gsolv_eV,185,0.1614055633544922,0.08341065794229507,0.6282980301830441,0.9281376535969232,18.341907501220703,0.5275890231132507,0.02876413061608441,0.14
41,octanol_gsolv_eV,186,0.15011297166347504,0.07952825725078583,0.6268812775746577,0.9327461639298176,17.51015853881836,0.6039472818374634,0.03449125149258755,0.12
41,octanol_gsolv_eV,187,0.2027585804462433,0.081119604408741,0.6279530138125828,0.9273719747562288,17.9973201751709,0.6574296951293945,0.03652931040457815,0.2
41,octanol_gsolv_eV,188,0.18293128907680511,0.07774537056684494,0.627348467823083,0.9162052173755042,17.193252563476562,0.7073239684104919,0.04113962531516884,0.14
41,octanol_gsolv_eV,189,0.11326926946640015,0.08911557495594025,0.6229558577068417,0.9670480557168142,19.402584075927734,0.042044900357723236,0.002166974264520117,0.04
41,octanol_gsolv_eV,190,0.22021284699440002,0.07586932182312012,0.6264212573960148,0.9020664933616029,16.799325942993164,0.5853884220123291,0.03484594703375518,0.14
41,octanol_gsolv_eV,191,0.12493441253900528,0.0795983076095581,0.6303268332837604,0.9511619759154293,17.64871597290039,0.04430735856294632,0.0025105145683674826,0.08
41,octanol_gsolv_eV,192,0.09558451920747757,0.07708408683538437,0.6270744332907474,0.9702837034030931,16.941789627075195,0.017012784257531166,0.0010041905036019638,0.04
41,octanol_gsolv_eV,193,0.1291133463382721,0.07925036549568176,0.6268572492874906,0.9512512273805374,17.433883666992188,0.07774370163679123,0.004459344981404485,0.06
41,octanol_gsolv_eV,194,0.14551734924316406,0.0807342454791069,0.6302074987300093,0.9573441092822199,17.89725112915039,0.07866621762514114,0.004395435760356096,0.1
41,octanol_gsolv_eV,195,0.16195383667945862,0.0798603743314743,0.629117168189415,0.9356439389104223,17.725540161132812,0.4051080644130707,0.02285448345892218,0.12
41,octanol_gsolv_eV,196,0.14017713069915771,0.08662892878055573,0.6288758535650096,0.9477705387784461,19.072620391845703,0.19422155618667603,0.010183265445251215,0.08
41,octanol_gsolv_eV,197,0.17371469736099243,0.08367403596639633,0.6263326251532302,0.9058560768555819,18.431169509887695,0.5853720307350159,0.03175989621391001,0.16
41,octanol_gsolv_eV,198,0.10663986951112747,0.08001714199781418,0.6270504775732901,0.9632794656294343,17.57565689086914,0.015920713543891907,0.0009058388908446997,0.06
41,octanol_gsolv_eV,199,0.1830649971961975,0.06675416231155396,0.6250245527481122,0.9169456071979061,14.689775466918945,0.722265362739563,0.049167896702443745,0.16
41,octanol_gsolv_eV,200,0.08085793256759644,0.04656825214624405,0.6199529916262134,0.9710166554643003,10.02005386352539,0.07202818244695663,0.007188402719984452,0.04
41,octanol_gsolv_eV,201,0.2147596925497055,0.08664662390947342,0.6278485568745966,0.9089231201678423,19.267337799072266,1.080540418624878,0.0560814591975912,0.16
41,octanol_gsolv_eV,202,0.19979356229305267,0.07684728503227234,0.6306026877702064,0.8939547555143492,17.241722106933594,0.635236382484436,0.036842977664567615,0.08
41,octanol_gsolv_eV,203,0.19665800034999847,0.07836727052927017,0.6307689122809303,0.9429175330581456,17.4670467376709,0.24214644730091095,0.013863044562574943,0.18
41,octanol_gsolv_eV,204,0.06896595656871796,0.09224160015583038,0.620094080767563,0.9655867030641356,19.796770095825195,0.015721984207630157,0.0007941691564598034,0.04
41,octanol_gsolv_eV,205,0.07878308743238449,0.07656146585941315,0.6253318205446647,0.9755319999649603,16.79115867614746,0.01706836372613907,0.0010165089887683206,0.08
41,octanol_gsolv_eV,206,0.09633053839206696,0.07970118522644043,0.6271919582721401,0.9420404632525861,17.55533790588379,0.09666404128074646,0.0055062478317975784,0.06
41,octanol_gsolv_eV,207,0.11579901725053787,0.08189215511083603,0.629800969744204,0.9718285535218343,18.168033599853516,0.005526193883270025,0.00030417127164023857,0.06
41,octanol_gsolv_eV,208,0.22519472241401672,0.07631051540374756,0.6282788713171177,0.8990341292960651,16.99323272705078,0.7162386775016785,0.04214846515704628,0.12
41,octanol_gsolv_eV,209,0.3763514757156372,0.09045916795730591,0.6303927751883038,0.9101458930930388,20.270368576049805,3.133230209350586,0.15457194069241612,0.24
41,octanol_gsolv_eV,210,0.11180619895458221,0.0755351334810257,0.6272493933465102,0.9731528687789135,16.63146209716797,0.020521728321909904,0.0012339100556531574,0.06
41,octanol_gsolv_eV,211,0.12419848144054413,0.08069771528244019,0.6266752280148034,0.9533596459358555,17.73667335510254,0.08705980330705643,0.004908462909816784,0.06
41,octanol_gsolv_eV,212,0.2231353372335434,0.07502979040145874,0.6273263953547432,0.9169324977537474,16.612112045288086,1.2053042650222778,0.07255575099279168,0.18
41,octanol_gsolv_eV,213,0.18453805148601532,0.08224786818027496,0.6286908518869161,0.9140314400330396,18.293285369873047,0.5600415468215942,0.030614596312148433,0.08
41,octanol_gsolv_eV,214,0.2516399919986725,0.07914014905691147,0.6296900758973343,0.9194870568009386,17.712148666381836,0.7758873701095581,0.04380537814603005,0.16
41,octanol_gsolv_eV,215,0.12785495817661285,0.08450479805469513,0.622337167667316,0.9746427314366981,18.61460304260254,0.0085548534989357,0.00045957754131831496,0.1
41,octanol_gsolv_eV,216,0.12798070907592773,0.0803803950548172,0.6292174693712287,0.9361444571819468,17.79974365234375,0.3606429696083069,0.020261132781022935,0.06
41,octanol_gsolv_eV,217,0.2663210928440094,0.07852080464363098,0.6290555489553062,0.8991639709548958,17.63526725769043,0.6677287817001343,0.037863264102728555,0.18
41,octanol_gsolv_eV,218,0.20617513358592987,0.0828615054488182,0.6271988034066489,0.9090114571833172,18.384641647338867,0.6272210478782654,0.03411657729913132,0.18
41,octanol_gsolv_eV,219,0.1763639748096466,0.08012420684099197,0.6249484271863417,0.9095130952506614,17.584754943847656,0.35684189200401306,0.02029268495031605,0.12
41,octanol_gsolv_eV,220,0.06974458694458008,0.08791903406381607,0.6231893560794595,0.9670612301478929,19.056453704833984,0.006377017591148615,0.0003346382118059552,0.04
41,octanol_gsolv_eV,221,0.0651860311627388,0.07929123193025589,0.6308543981676125,0.9623528062171411,17.566415786743164,0.007119318470358849,0.0004052800842691871,0.04
41,octanol_gsolv_eV,222,0.11833488941192627,0.07675483822822571,0.6275925464743952,0.9589993168476192,16.884687423706055,0.060713157057762146,0.0035957525025024175,0.08
41,octanol_gsolv_eV,223,0.2566406726837158,0.07920321822166443,0.6287555369028488,0.926139558149895,17.565710067749023,1.0664950609207153,0.060714600025126256,0.08
41,octanol_gsolv_eV,224,0.18318945169448853,0.07767146825790405,0.6269670822568953,0.913727460333835,17.139892578125,0.5439068078994751,0.03173338487509793,0.16
41,octanol_gsolv_eV,225,0.23683255910873413,0.07609425485134125,0.627436524783713,0.9055337034492084,17.00441551208496,0.9357972741127014,0.055032604528372914,0.16
41,octanol_gsolv_eV,226,0.05334461107850075,0.07541362941265106,0.626634428931375,0.9636913673844134,16.543148040771484,0.011061702854931355,0.0006686576719055641,0.0
41,octanol_gsolv_eV,227,0.1544601172208786,0.08064714819192886,0.62789191304723,0.9326801973431786,17.858613967895508,0.29338929057121277,0.01642844686035768,0.1
41,octanol_gsolv_eV,228,0.20620018243789673,0.07897394150495529,0.627698889120198,0.9011868898018933,17.549461364746094,0.7188901901245117,0.040963661230574336,0.1
41,octanol_gsolv_eV,229,0.19718660414218903,0.08041110634803772,0.6281214759436995,0.9057509055242463,17.782073974609375,0.5915669798851013,0.03326760313390815,0.12
41,octanol_gsolv_eV,230,0.22106261551380157,0.07957906275987625,0.6290414369342268,0.9124192110849332,17.754234313964844,0.773373544216156,0.04355994916704733,0.12
41,octanol_gsolv_eV,231,0.11607193946838379,0.10201697051525116,0.6241160496336982,0.9688100095654746,22.132633209228516,0.025297541171312332,0.0011429973529206712,0.04
41,octanol_gsolv_eV,232,0.17594270408153534,0.07615947723388672,0.6276441566856235,0.9192760091575669,16.848716735839844,0.4757966697216034,0.028239341736306232,0.16
41,octanol_gsolv_eV,233,0.10258419811725616,0.08213043957948685,0.6266763073154502,0.9674544724531677,18.06337547302246,0.01035789493471384,0.00057341967730136,0.14
41,octanol_gsolv_eV,234,0.20600755512714386,0.08003265410661697,0.6263493282742381,0.9199733918117101,17.64009666442871,0.5189055800437927,0.02941625490580031,0.08
41,octanol_gsolv_eV,235,0.053300388157367706,0.07063408195972443,0.6212290331545764,0.9683436350716979,15.334362030029297,0.03277764469385147,0.0021375290755274315,0.02
41,octanol_gsolv_eV,236,0.18607507646083832,0.07809118926525116,0.63123006664852,0.9380759322399672,17.307802200317383,0.6065868735313416,0.03504701905596184,0.16
41,octanol_gsolv_eV,237,0.07704415917396545,0.08081304281949997,0.6289801214360113,0.9640623427517354,17.81961441040039,0.018129436299204826,0.0010173865652571925,0.06
41,octanol_gsolv_eV,238,0.21716362237930298,0.06821726262569427,0.6176523300128329,0.9030603815421401,14.775729179382324,1.7351258993148804,0.11743081361669994,0.14
41,octanol_gsolv_eV,239,0.19415244460105896,0.08904075622558594,0.6236822350525122,0.9490590253081805,19.45539093017578,0.39483901858329773,0.020294581589254672,0.06
41,octanol_gsolv_eV,240,0.024007828906178474,0.06920942664146423,0.627601245088693,0.9617672573911495,15.210253715515137,0.01685151271522045,0.001107904774660738,0.02
41,octanol_gsolv_eV,241,0.1763383001089096,0.07823581993579865,0.6314015454750026,0.9130990604965201,17.425825119018555,0.5266672372817993,0.030223374427589912,0.1
41,octanol_gsolv_eV,242,0.29561230540275574,0.08088023960590363,0.6279949226319141,0.9243274815348876,17.989959716796875,0.8666711449623108,0.048175268794688676,0.2
41,octanol_gsolv_eV,243,0.16043604910373688,0.08081270754337311,0.6259248915526312,0.8880064742972391,17.84184455871582,0.6779283285140991,0.03799653821011058,0.08
41,octanol_gsolv_eV,244,0.06125616654753685,0.07835116982460022,0.6267007806865121,0.9562780004100797,17.127954483032227,0.008095216006040573,0.0004726318028261975,0.02
41,octanol_gsolv_eV,245,0.16988691687583923,0.07918903231620789,0.6244868131112871,0.9016114959996779,17.426027297973633,0.7248774170875549,0.04159739937810419,0.14
41,octanol_gsolv_eV,246,0.14292044937610626,0.08446092158555984,0.626923316985676,0.9234409341339864,18.603614807128906,0.31594204902648926,0.016982831148784065,0.06
41,octanol_gsolv_eV,247,0.19947795569896698,0.07243426144123077,0.6283344247953144,0.8988621949272151,16.09068489074707,0.7166231870651245,0.04453652482357776,0.14
41,octanol_gsolv_eV,248,0.19235536456108093,0.07457946240901947,0.6264578040482436,0.906318170458887,16.5017147064209,0.8560572862625122,0.051876868646227176,0.18
41,octanol_gsolv_eV,249,0.06980631500482559,0.07462475448846817,0.627161073632396,0.9672263342908898,16.407211303710938,0.02433626912534237,0.0014832666365330505,0.04
41,octanol_hl_gap_eV,0,0.09973352402448654,0.0025539041962474585,0.5900621324516906,0.9589554072680586,0.5401563048362732,0.007866283878684044,0.014562977064700548,0.12
41,octanol_hl_gap_eV,1,0.020919961854815483,0.0019365641055628657,0.5964471572925483,0.9704123021744424,0.40444761514663696,0.0008779146592132747,0.0021706510962982858,0.02
41,octanol_hl_gap_eV,2,0.1575380265712738,0.0029825097881257534,0.5801566072206119,0.9365732410107328,0.6091576218605042,0.0339374840259552,0.05571215529127339,0.1
41,octanol_hl_gap_eV,3,0.05116244778037071,0.002320315456017852,0.5860590152580232,0.9762124730966968,0.5277746319770813,0.0016583433607593179,0.003142142991123021,0.18
41,octanol_hl_gap_eV,4,0.10598540306091309,0.0011786881368607283,0.6447339027788108,0.9538395732516713,0.28480589389801025,0.0020325786899775267,0.007136715684350966,0.2
41,octanol_hl_gap_eV,5,0.031176699325442314,0.0008131081121973693,0.6331412729816681,0.9678694003374697,0.26103419065475464,0.0004407878150232136,0.001688620996037267,0.12
41,octanol_hl_gap_eV,6,0.09704986214637756,0.0012879952555522323,0.6266328658696991,0.9665696359223028,0.3443940281867981,0.0011014628689736128,0.003198263555186222,0.14
41,octanol_hl_gap_eV,7,0.07159101963043213,0.0018784749554470181,0.6162548185468817,0.9701937316151354,0.4943738877773285,0.0006885320181027055,0.001392735407604756,0.14
41,octanol_hl_gap_eV,8,0.02934942953288555,0.0019728902261704206,0.6008650234308139,0.9831641375503384,0.3445539176464081,0.0012907503405585885,0.003746149076973191,0.0
41,octanol_hl_gap_eV,9,0.052219733595848083,0.001174249453470111,0.6186184446235132,0.9631900327978691,0.3380846083164215,0.0010303201852366328,0.0030475217146600517,0.06
41,octanol_hl_gap_eV,10,0.03087194636464119,0.0012106673093512654,0.6229845224394281,0.9732144676203489,0.2729940116405487,0.0004503999662119895,0.0016498529162062034,0.08
41,octanol_hl_gap_eV,11,0.021397612988948822,0.003272387431934476,0.6217044918402796,0.9628363238780748,0.6260378360748291,0.0020272210240364075,0.00323817652419669,0.02
41,octanol_hl_gap_eV,12,0.24319763481616974,0.0016834101406857371,0.6041131305655514,0.9306802360945905,0.45500287413597107,0.032400816679000854,0.07121013628876185,0.24
41,octanol_hl_gap_eV,13,0.08465257287025452,0.001376616070047021,0.6081699411907497,0.9594224600788994,0.2974584698677063,0.0011145889293402433,0.0037470404854699655,0.18
41,octanol_hl_gap_eV,14,0.08547408878803253,0.0035170980263501406,0.5843805299162785,0.9828456387157487,0.7130917906761169,0.004533823113888502,0.0063579796783100875,0.1
41,octanol_hl_gap_eV,15,0.27920013666152954,0.0031423503533005714,0.6096156014851206,0.9385878093436562,0.7250279784202576,0.12968802452087402,0.17887313094240515,0.22
41,octanol_hl_gap_eV,16,0.027598872780799866,0.001527502085082233,0.6079864583284675,0.9660398067644163,0.3002374470233917,0.001930812606588006,0.006430951987270179,0.02
41,octanol_hl_gap_eV,17,0.05739685148000717,0.002150055021047592,0.625061720999442,0.9769536919452091,0.3892790973186493,0.002645330736413598,0.006795460518262118,0.0
41,octanol_hl_gap_eV,18,0.045205701142549515,0.007952524349093437,0.5783000486480683,0.9824911208725915,1.5915712118148804,0.005684300325810909,0.0035715023516472502,0.08
41,octanol_hl_gap_eV,19,0.07956147938966751,0.00116374297067523,0.6333450560693328,0.9398799006801104,0.2565653622150421,0.0027002522256225348,0.010524617205962896,0.14
41,octanol_hl_gap_eV,20,0.04975752532482147,0.002414105460047722,0.619045699491775,0.9598135806349837,0.4678451120853424,0.0008345205569639802,0.0017837539292528727,0.06
41,octanol_hl_gap_eV,21,0.3407931923866272,0.001234891009517014,0.6210014895190918,0.9036251351606457,0.3276630938053131,0.06956914067268372,0.21231912286715898,0.16
41,octanol_hl_gap_eV,22,0.043551232665777206,0.001692016376182437,0.5874958966791148,0.9636899399053027,0.44978153705596924,0.0012037260457873344,0.0026762460141567506,0.06
41,octanol_hl_gap_eV,23,0.10101130604743958,0.0018502712482586503,0.5986259458965266,0.9739047388717457,0.3458298146724701,0.002614014083519578,0.007558671845558687,0.1
41,octanol_hl_gap_eV,24,0.07178694754838943,0.0019138443749397993,0.6084672903761394,0.9835098823586459,0.43053603172302246,0.0016839085146784782,0.003911190679998161,0.28
41,octanol_hl_gap_eV,25,0.12945669889450073,0.0036998325958848,0.6048044770311152,0.9536983227285534,0.6743972301483154,0.03409756347537041,0.05056005859910126,0.1
41,octanol_hl_gap_eV,26,0.05053437873721123,0.001247622654773295,0.6009013695383105,0.9713726251287438,0.2922855019569397,0.000741845928132534,0.0025380866418814874,0.24
41,octanol_hl_gap_eV,27,0.047857578843832016,0.0024952285457402468,0.6138339939586039,0.9687495623808249,0.4617997705936432,0.0007642903365194798,0.00165502537070771,0.0
41,octanol_hl_gap_eV,28,0.028673093765974045,0.0013345505576580763,0.6062435899934984,0.9564891632004986,0.2895856201648712,0.0012475071707740426,0.004307904412048476,0.04
41,octanol_hl_gap_eV,29,0.02322261966764927,0.003950945567339659,0.6201611527996467,0.9597493213001578,0.7574808597564697,0.0009967657970264554,0.0013158956879080956,0.02
41,octanol_hl_gap_eV,30,0.04315754771232605,0.0015677227638661861,0.5931921338242376,0.9731547751065053,0.26589253544807434,0.0014949890319257975,0.005622531032721492,0.22
41,octanol_hl_gap_eV,31,0.2544443607330322,0.0008809629362076521,0.6455091133851003,0.9046892963876056,0.30468690395355225,0.05155954137444496,0.1692213899101647,0.12
41,octanol_hl_gap_eV,32,0.062306519597768784,0.0011620778823271394,0.6261767446251847,0.9745913736791174,0.3161306083202362,0.0015026697656139731,0.0047533194384385205,0.08
41,octanol_hl_gap_eV,33,0.024498460814356804,0.004443936515599489,0.6029266063407053,0.9741597129537212,0.8778724670410156,0.0013744807802140713,0.0015656952824217613,0.0
41,octanol_hl_gap_eV,34,0.028714165091514587,0.007768632844090462,0.626186957012639,0.978009757253159,1.5957411527633667,0.007744418457150459,0.004853179629878784,0.0
41,octanol_hl_gap_eV,35,0.03732209652662277,0.0018091689562425017,0.6103902982556373,0.9673650124150803,0.4689048230648041,0.0006567703676410019,0.0014006474988853639,0.1
41,octanol_hl_gap_eV,36,0.1032920628786087,0.0014535404043272138,0.5896930714601618,0.9728779403494203,0.31272387504577637,0.0010895838495343924,0.0034841722569947677,0.12
41,octanol_hl_gap_eV,37,0.07913383841514587,0.0021781735122203827,0.6149235094173604,0.967647054957371,0.42336413264274597,0.0007155906059779227,0.0016902485373785096,0.1
41,octanol_hl_gap_eV,38,0.022077282890677452,0.0020127540919929743,0.6204731395027456,0.9602724896747177,0.34231093525886536,0.0015848278999328613,0.0046297904527483735,0.0
41,octanol_hl_gap_eV,39,0.019482046365737915,0.0015954524278640747,0.5997375724715559,0.9667786138548637,0.3460243344306946,0.0010772121604532003,0.0031131109961543926,0.02
41,octanol_hl_gap_eV,40,0.052482325583696365,0.0021740070078521967,0.6088233643465526,0.9686129071985845,0.3615437150001526,0.0005452240002341568,0.001508044470456157,0.08
41,octanol_hl_gap_eV,41,0.05975355580449104,0.002571858000010252,0.5835150164808158,0.9821725418732139,0.5047544240951538,0.0014501041732728481,0.0028728904672254674,0.08
41,octanol_hl_gap_eV,42,0.0695258378982544,0.001196113764308393,0.6390334707828198,0.9710177362249632,0.39135444164276123,0.0010262501891702414,0.002622303671481081,0.22
41,octanol_hl_gap_eV,43,0.06027699261903763,0.0012214097660034895,0.6243324097225982,0.9699495532435869,0.31489789485931396,0.0007878417964093387,0.0025018960408145015,0.06
41,octanol_hl_gap_eV,44,0.12532088160514832,0.0013976433547213674,0.6236706045865323,0.9750186219386316,0.2850833237171173,0.0015633194707334042,0.005483728231977034,0.14
41,octanol_hl_gap_eV,45,0.31462928652763367,0.0013762364396825433,0.6126805578929622,0.9062669708756443,0.33656415343284607,0.07758677005767822,0.23052594658794803,0.2
41,octanol_hl_gap_eV,46,0.3226419985294342,0.0022011122200638056,0.6004250878635982,0.9145706585378282,0.49139562249183655,0.09783195704221725,0.19909000521029777,0.26
41,octanol_hl_gap_eV,47,0.03146439045667648,0.0026817091275006533,0.5920770331495144,0.9763589792942637,0.5957140326499939,0.0009514662669971585,0.001597186258588915,0.04
41,octanol_hl_gap_eV,48,0.023424223065376282,0.001879294984973967,0.6011915442050051,0.953472888414642,0.2857688367366791,0.002041046041995287,0.007142297478279633,0.0
41,octanol_hl_gap_eV,49,0.05407676100730896,0.004172129090875387,0.5854933499603265,0.9824026831961123,0.8937637209892273,0.003645110409706831,0.004078382601692966,0.18
41,octanol_hl_gap_eV,50,0.049327101558446884,0.0014077324885874987,0.5859190046258582,0.9817546179046768,0.2700282335281372,0.0007055608439259231,0.0026129150819053258,0.02
41,octanol_hl_gap_eV,51,0.1296491175889969,0.0012352119665592909,0.6220066395595887,0.9760899261765543,0.3520295321941376,0.002051106421276927,0.005826518043792362,0.26
41,octanol_hl_gap_eV,52,0.0540233813226223,0.0011243133340030909,0.6529037373561855,0.9739249285827623,0.29642829298973083,0.0015016770921647549,0.005065903382632836,0.06
41,octanol_hl_gap_eV,53,0.039800696074962616,0.005346837919205427,0.6155242675811026,0.9815993589154992,1.0534476041793823,0.0011501407716423273,0.001091787353333313,0.04
41,octanol_hl_gap_eV,54,0.42095619440078735,0.0011931098997592926,0.6373038356040772,0.8965073601210445,0.307777464389801,0.07770321518182755,0.25246557715290097,0.28
41,octanol_hl_gap_eV,55,0.08125097304582596,0.0010751475347205997,0.6473226809363009,0.9620152278746497,0.30327901244163513,0.005415257532149553,0.017855694954136327,0.12
41,octanol_hl_gap_eV,56,0.053886160254478455,0.0020645209588110447,0.601840919687616,0.9774177841093539,0.4682829678058624,0.0028732484206557274,0.006135709855343061,0.08
41,octanol_hl_gap_eV,57,0.04896616190671921,0.0019411785760894418,0.5892676635204463,0.9626677905391279,0.42293521761894226,0.0073892828077077866,0.01747142942909382,0.04
41,octanol_hl_gap_eV,58,0.03143235296010971,0.0024362511467188597,0.6063729971683411,0.953510683712689,0.46769511699676514,0.0012002474395558238,0.0025663031234173126,0.0
41,octanol_hl_gap_eV,59,0.008374876342713833,0.0011684746714308858,0.610936333967365,0.9715774546183829,0.259334921836853,0.0006396265234798193,0.002466411075490276,0.02
41,octanol_hl_gap_eV,60,0.05472450703382492,0.0009359775576740503,0.6421756542756563,0.9559729265622599,0.30594903230667114,0.0012946833157911897,0.004231696063981829,0.04
41,octanol_hl_gap_eV,61,0.08170528709888458,0.0020538344979286194,0.5802250965445392,0.9697853642393506,0.4430949091911316,0.001177001278847456,0.0026563186677004895,0.04
41,octanol_hl_gap_eV,62,0.02346271462738514,0.0016539719654247165,0.5828755750685033,0.9662174677163382,0.3005111515522003,0.001150042749941349,0.0038269553192989605,0.06
41,octanol_hl_gap_eV,63,0.07915696501731873,0.0021015778183937073,0.6061236141511583,0.9774747202999505,0.5581530928611755,0.0005343109369277954,0.0009572838415869709,0.14
41,octanol_hl_gap_eV,64,0.01988532580435276,0.00313573912717402,0.5973594424172948,0.960181301722254,0.6999809145927429,0.0052282679826021194,0.007469157906460903,0.02
41,octanol_hl_gap_eV,65,0.02244042046368122,0.0020588457118719816,0.613453303942842,0.9595404402711625,0.30950406193733215,0.0009460504516027868,0.0030566657047439378,0.0
41,octanol_hl_gap_eV,66,0.31171417236328125,0.0011377704795449972,0.6347558695190256,0.9093024139044119,0.326314240694046,0.05264275148510933,0.16132532669472877,0.32
41,octanol_hl_gap_eV,67,0.06647519767284393,0.0018730548908933997,0.5933289660690588,0.9748229309861558,0.4884810149669647,0.0013608310837298632,0.002785842319423395,0.18
41,octanol_hl_gap_eV,68,0.06992241740226746,0.0022533086594194174,0.6118623729366692,0.9682424675637609,0.5810601711273193,0.001438899664208293,0.002476335043609464,0.16
41,octanol_hl_gap_eV,69,0.040231507271528244,0.0012970870593562722,0.6104796975858089,0.9643978256059889,0.20126274228096008,0.0007101320661604404,0.0035283831379436617,0.02
41,octanol_hl_gap_eV,70,0.09021130949258804,0.002178601920604706,0.6124159309400312,0.9331638460394653,0.37474337220191956,0.015506308525800705,0.04137847304593711,0.06
41,octanol_hl_gap_eV,71,0.12285943329334259,0.0013173400657251477,0.6221903841733669,0.9312749751579985,0.34791332483291626,0.010594435967504978,0.030451365933147016,0.16
41,octanol_hl_gap_eV,72,0.04157017916440964,0.003991253208369017,0.6060267578285636,0.9647749012456102,0.7485482692718506,0.0018968977965414524,0.002534102174047717,0.02
41,octanol_hl_gap_eV,73,0.02301434800028801,0.0025692747440189123,0.5951936247003011,0.9810924693649963,0.6027650833129883,0.00249388231895864,0.0041374034229910445,0.02
41,octanol_hl_gap_eV,74,0.21575887501239777,0.0017882573883980513,0.6154954559928809,0.9343128194745525,0.466955304145813,0.04451192915439606,0.0953237467466407,0.22
41,octanol_hl_gap_eV,75,0.019733024761080742,0.004139600321650505,0.6228452362907488,0.9660936643244993,0.8015134334564209,0.0013483954826369882,0.001682311769650835,0.04
41,octanol_hl_gap_eV,76,0.03914148733019829,0.0037321662530303,0.6010355395442677,0.9732022761809225,0.6653385758399963,0.0025483109056949615,0.003830096432448238,0.0
41,octanol_hl_gap_eV,77,0.02989443950355053,0.0022916041780263186,0.5829085277075912,0.9764679558551237,0.549099862575531,0.0011247473303228617,0.0020483474992094865,0.06
41,octanol_hl_gap_eV,78,0.23373018205165863,0.0025753178633749485,0.5969967274562542,0.9218111763703061,0.48953649401664734,0.07734804600477219,0.15800261461639234,0.18
41,octanol_hl_gap_eV,79,0.03884086385369301,0.0013269467744976282,0.6285889076675453,0.9634650702948602,0.3025089204311371,0.0008884561830200255,0.0029369586250672995,0.08
41,octanol_hl_gap_eV,80,0.0596771240234375,0.001915566623210907,0.5984331252746422,0.9345789781451717,0.40745046734809875,0.004421694204211235,0.010852102423614677,0.02
41,octanol_hl_gap_eV,81,0.10080797225236893,0.001328438869677484,0.6274279127321694,0.9753132433212928,0.30457431077957153,0.0007935388712212443,0.0026054031582313894,0.26
41,octanol_hl_gap_eV,82,0.06076626107096672,0.002541799796745181,0.578051959368761,0.9818075464383056,0.605270504951477,0.002488277154043317,0.004111016700281464,0.12
41,octanol_hl_gap_eV,83,0.05452171340584755,0.001300408854149282,0.6339910739735077,0.9706259617537798,0.2997226417064667,0.0010596186621114612,0.0035353307180216254,0.06
41,octanol_hl_gap_eV,84,0.12885600328445435,0.0012962894979864359,0.6367665639129227,0.9790150658838381,0.2758483290672302,0.001246121828444302,0.004517416627673663,0.22
41,octanol_hl_gap_eV,85,0.07047776132822037,0.0020205467008054256,0.6226095774842693,0.9819604895412404,0.4635196626186371,0.0018797570373862982,0.004055398700384533,0.02
41,octanol_hl_gap_eV,86,0.05815387889742851,0.0016407790826633573,0.6274545846067454,0.9755548938568954,0.31596431136131287,0.0006373014184646308,0.002017004438630606,0.18
41,octanol_hl_gap_eV,87,0.3307885527610779,0.001354295527562499,0.6376960793874027,0.8904493063546377,0.3614226281642914,0.05099519342184067,0.14109574068688321,0.32
41,octanol_hl_gap_eV,88,0.13885465264320374,0.0016163177788257599,0.6066773667762715,0.9719620565020348,0.347538560628891,0.0024600254837423563,0.007078424561840847,0.16
41,octanol_hl_gap_eV,89,0.009652449749410152,0.0035079640801995993,0.6044279885918737,0.9675249651776527,0.6613573431968689,0.0012127336813136935,0.0018337041144074729,0.0
41,octanol_hl_gap_eV,90,0.24188631772994995,0.002322082407772541,0.6241592736301844,0.9542646172157347,0.40857571363449097,0.04012560099363327,0.09820848291910311,0.24
41,octanol_hl_gap_eV,91,0.14092591404914856,0.0012397030368447304,0.6412182559342576,0.9757151055173281,0.2994876205921173,0.0005436636856757104,0.0018153127150993165,0.28
41,octanol_hl_gap_eV,92,0.04187944903969765,0.0023907371796667576,0.6202842405995714,0.9625206880800006,0.44130274653434753,0.0007732199737802148,0.001752130436197123,0.02
41,octanol_hl_gap_eV,93,0.14479570090770721,0.0012485112529248,0.6268000942174541,0.9421209055272382,0.310100793838501,0.008334744721651077,0.026877534296128804,0.18
41,octanol_hl_gap_eV,94,0.0806923434138298,0.001137447077780962,0.657294173891146,0.9570942740448263,0.2915770709514618,0.0007305784965865314,0.0025056102463837057,0.1
41,octanol_hl_gap_eV,95,0.08293645083904266,0.00620267866179347,0.6061676687864699,0.984277179125957,1.236106276512146,0.0007000004989095032,0.000566294753299576,0.08
41,octanol_hl_gap_eV,96,0.0655699297785759,0.0025112072471529245,0.5927863741447486,0.9743082914049486,0.587246835231781,0.0009977937443181872,0.0016991045067520324,0.12
41,octanol_hl_gap_eV,97,0.05444071814417839,0.0007898101466707885,0.609579123785579,0.9490493391486265,0.2750628888607025,0.0014570817584171891,0.005297267706495605,0.1
41,octanol_hl_gap_eV,98,0.04230175167322159,0.0009892836678773165,0.6237661976976188,0.9649387932238322,0.2924306094646454,0.0008300982881337404,0.0028386162777330553,0.06
41,octanol_hl_gap_eV,99,0.01903793029487133,0.0013270912459120154,0.6181455777738667,0.967304600498788,0.27917027473449707,0.0006218441412784159,0.002227472612798108,0.02
41,octanol_hl_gap_eV,100,0.11809935420751572,0.0009550011600367725,0.6522485417079691,0.9668841714341327,0.2882290482521057,0.0007267176988534629,0.002521320121134438,0.22
41,octanol_hl_gap_eV,101,0.2415393441915512,0.0029118454549461603,0.6105538363555116,0.9165409016486279,0.6456063985824585,0.10293342918157578,0.1594368169330169,0.14
41,octanol_hl_gap_eV,102,0.05363123491406441,0.002911559771746397,0.6040518673988877,0.9686394785140509,0.5536249876022339,0.001080862246453762,0.0019523364563709602,0.04
41,octanol_hl_gap_eV,103,0.03578408807516098,0.0008819822687655687,0.664526154954358,0.9641133609209405,0.2790134847164154,0.0008930935873650014,0.0032008975776662793,0.08
41,octanol_hl_gap_eV,104,0.08795134723186493,0.0012636862229555845,0.6315254088875293,0.9722117277655864,0.24938909709453583,0.00102310162037611,0.0041024312301362695,0.22
41,octanol_hl_gap_eV,105,0.05312076210975647,0.002978910692036152,0.5732227333472928,0.9708708046458876,0.6500031352043152,0.001440002815797925,0.002215378261745291,0.08
41,octanol_hl_gap_eV,106,0.17127718031406403,0.001394819701090455,0.6326409422204082,0.9759088823291708,0.36581337451934814,0.001859826734289527,0.005084086213996966,0.2
41,octanol_hl_gap_eV,107,0.017184525728225708,0.0035408090334385633,0.6155998055629426,0.959020416189027,0.6688463687896729,0.0007143943221308291,0.0010680992758076546,0.02
41,octanol_hl_gap_eV,108,0.0779370591044426,0.0016602638643234968,0.6133429043867564,0.9295045582572656,0.29265743494033813,0.021245477721095085,0.07259503837798018,0.1
41,octanol_hl_gap_eV,109,0.057548247277736664,0.001715581282041967,0.6154342502038228,0.9721342506883139,0.47635379433631897,0.0015264840330928564,0.00320451742222319,0.1
41,octanol_hl_gap_eV,110,0.04185152053833008,0.0007155846105888486,0.6640628912254931,0.9644695606241711,0.31570303440093994,0.0009706246200948954,0.0030744861921796133,0.04
41,octanol_hl_gap_eV,111,0.23405668139457703,0.0018102176254615188,0.6354144241210102,0.9119926607061779,0.3874471187591553,0.04310307279229164,0.11124891812419273,0.4
41,octanol_hl_gap_eV,112,0.02734212577342987,0.0011628343490883708,0.6219502613973222,0.9582053823343717,0.23981451988220215,0.0007949802675284445,0.00331497970981466,0.02
41,octanol_hl_gap_eV,113,0.0663183331489563,0.001968176569789648,0.5977420858951328,0.9729982897505429,0.4654861390590668,0.003096063621342182,0.0066512477205026175,0.16
41,octanol_hl_gap_eV,114,0.10788361728191376,0.0011183148017153144,0.6384602933290207,0.9558140818735044,0.29997503757476807,0.0012375426013022661,0.0041254852780668845,0.16
41,octanol_hl_gap_eV,115,0.04522500932216644,0.0008674299460835755,0.6759167122782508,0.9657754116498218,0.2831239700317383,0.001013362081721425,0.003579216841328648,0.06
41,octanol_hl_gap_eV,116,0.0994049683213234,0.0018933608662337065,0.5833124050410874,0.958032475247492,0.47369858622550964,0.003384676994755864,0.00714521236325698,0.24
41,octanol_hl_gap_eV,117,0.11897892504930496,0.0011336429743096232,0.6080664638113138,0.9354916740843686,0.2756134569644928,0.014732289128005505,0.05345272066996156,0.04
41,octanol_hl_gap_eV,118,0.07175546139478683,0.0011777802137658,0.6274693406119238,0.9692772401868774,0.29578351974487305,0.0012048630742356181,0.004073462494715284,0.26
41,octanol_hl_gap_eV,119,0.03654226288199425,0.0020096460357308388,0.5924202681618813,0.9705997018260382,0.48127058148384094,0.002435798291116953,0.005061182596299493,0.08
41,octanol_hl_gap_eV,120,0.06322069466114044,0.0010193150956183672,0.6509078302675506,0.9767250719363965,0.27806535363197327,0.0013713834341615438,0.0049318745260749225,0.02
41,octanol_hl_gap_eV,121,0.11768108606338501,0.003567740321159363,0.6215354398900363,0.8956862717442262,0.7127783894538879,0.056529588997364044,0.07930878634055605,0.0
41,octanol_hl_gap_eV,122,0.10305894166231155,0.001850529806688428,0.625368770171264,0.9732591645018618,0.48727163672447205,0.0017150023486465216,0.003519602249322528,0.22
41,octanol_hl_gap_eV,123,0.05979854613542557,0.0029835649766027927,0.619812836920719,0.980587052659486,0.5682759284973145,0.0021187742240726948,0.003728425079829345,0.04
41,octanol_hl_gap_eV,124,0.09051180630922318,0.004176332615315914,0.5994450711524097,0.9050848778339429,0.9895103573799133,0.05429845303297043,0.054874062335987295,0.02
41,octanol_hl_gap_eV,125,0.07498446106910706,0.0014633557293564081,0.6120076702517379,0.9667785852129651,0.38513311743736267,0.0016104973619803786,0.004181664180677235,0.08
41,octanol_hl_gap_eV,126,0.09662987291812897,0.001368959085084498,0.6119728255067283,0.928812822102262,0.33983859419822693,0.006471855100244284,0.019043908522259446,0.04
41,octanol_hl_gap_eV,127,0.22316709160804749,0.0019623800180852413,0.5764304132710281,0.9081770966006064,0.45946452021598816,0.05502158775925636,0.11975154846209114,0.12
41,octanol_hl_gap_eV,128,0.07010023295879364,0.0019019355531781912,0.5925694154054988,0.9675783978169761,0.4436628222465515,0.0017711333930492401,0.003992070789436103,0.14
41,octanol_hl_gap_eV,129,0.008089544251561165,0.002790219383314252,0.5724515533762702,0.9376296468761021,0.6247571110725403,0.002929162699729204,0.004688482368292884,0.02
41,octanol_hl_gap_eV,130,0.06666872650384903,0.002380803693085909,0.6229971584216865,0.9754554355882206,0.5865257978439331,0.0022185943089425564,0.0037826031132783956,0.22
41,octanol_hl_gap_eV,131,0.33044955134391785,0.0012596385786309838,0.6430563847714386,0.9084085647914217,0.34775128960609436,0.05857563391327858,0.16844116949107077,0.26
41,octanol_hl_gap_eV,132,0.05895921215415001,0.002839478896930814,0.5992551283001641,0.9741643642965196,0.6616294384002686,0.00459897518157959,0.006950983306757475,0.08
41,octanol_hl_gap_eV,133,0.05281206592917442,0.0019701861310750246,0.5806904014841188,0.966961938595698,0.45137497782707214,0.001307053491473198,0.002895715437673082,0.04
41,octanol_hl_gap_eV,134,0.03722269460558891,0.0013293296797201037,0.5895645060483716,0.9621865506104719,0.33877381682395935,0.0006063866312615573,0.0017899453887744237,0.12
41,octanol_hl_gap_eV,135,0.0417022779583931,0.002405657898634672,0.6014388952138032,0.9550168736530051,0.5395644307136536,0.006894342135637999,0.012777606793908216,0.02
41,octanol_hl_gap_eV,136,0.09223814308643341,0.0016551627777516842,0.617675981538002,0.9733468713873583,0.4621809124946594,0.0008079377585090697,0.0017480984970758729,0.22
41,octanol_hl_gap_eV,137,0.05512162670493126,0.0017890653107315302,0.5816358458441073,0.9670032333589598,0.39380010962486267,0.0019102582009509206,0.004850832070033319,0.18
41,octanol_hl_gap_eV,138,0.04224111884832382,0.0014786632964387536,0.6361070630943897,0.971147507569275,0.4145467281341553,0.0008512475178577006,0.002053441651051267,0.16
41,octanol_hl_gap_eV,139,0.029935156926512718,0.00246324110776186,0.577968855970038,0.9762681128030184,0.555411159992218,0.001446596346795559,0.0026045503781663795,0.0
41,octanol_hl_gap_eV,140,0.012479167431592941,0.0010105498367920518,0.6281170809490857,0.9650970030184458,0.24464964866638184,0.0012520143063738942,0.005117580643171951,0.12
41,octanol_hl_gap_eV,141,0.06249547749757767,0.0015523686306551099,0.608531988884057,0.9691877003297582,0.3984546661376953,0.0007923690718598664,0.001988605327528138,0.1
41,octanol_hl_gap_eV,142,0.053184255957603455,0.0021936206612735987,0.6231954934828712,0.9695918554655267,0.3926812708377838,0.0008170947548933327,0.0020808090825163742,0.0
41,octanol_hl_gap_eV,143,0.2678682208061218,0.0015753909246996045,0.6308273371485111,0.9092204162201385,0.3182632327079773,0.04443826898932457,0.13962740405549434,0.24
41,octanol_hl_gap_eV,144,0.03327958285808563,0.0013872400159016252,0.5939810971334305,0.9714416472901903,0.4358595609664917,0.0007864271174184978,0.0018043131041444729,0.04
41,octanol_hl_gap_eV,145,0.285413533449173,0.001185755361802876,0.6089658989568845,0.9006392683093853,0.3287820816040039,0.03718499466776848,0.11309921296914023,0.24
41,octanol_hl_gap_eV,146,0.047979045659303665,0.003232956165447831,0.605765592443805,0.9812092678027073,0.5961695909500122,0.0038120064418762922,0.0063941645124867205,0.02
41,octanol_hl_gap_eV,147,0.027991890907287598,0.0024376106448471546,0.6173029349744883,0.9696262289033981,0.4513125419616699,0.0007052762666717172,0.0015627225062396259,0.08
41,octanol_hl_gap_eV,148,0.03801563382148743,0.0015062192687764764,0.5963438219418058,0.9719498674056872,0.32035183906555176,0.0017448784783482552,0.005446756551914817,0.18
41,octanol_hl_gap_eV,149,0.0762350931763649,0.0012604668736457825,0.6207599617444677,0.9618052175826612,0.3434922695159912,0.0012310957536101341,0.003584056652409817,0.08
41,octanol_hl_gap_eV,150,0.03753286972641945,0.0016894072759896517,0.6064019193058066,0.978208292805979,0.30734220147132874,0.0009618940530344844,0.0031297168056636615,0.02
41,octanol_hl_gap_eV,151,0.03177808225154877,0.0033188844099640846,0.6029896985266483,0.9728594012202472,0.7703360319137573,0.0019698278047144413,0.0025571019958923235,0.04
41,octanol_hl_gap_eV,152,0.035694386810064316,0.0015960709424689412,0.5970329138209063,0.9698308518488381,0.43688327074050903,0.0013883919455111027,0.0031779471508666473,0.02
41,octanol_hl_gap_eV,153,0.017684699967503548,0.0030188525561243296,0.6201159785892698,0.9720927582528933,0.5521907806396484,0.00197827466763556,0.003582592714322322,0.06
41,octanol_hl_gap_eV,154,0.06678980588912964,0.0018558255396783352,0.5938454815537213,0.9770223214606832,0.3642130494117737,0.0014451579190790653,0.003967891654110372,0.08
41,octanol_hl_gap_eV,155,0.02745813876390457,0.002966036321595311,0.6095856317730817,0.9694578336309196,0.5030732750892639,0.0007462049252353609,0.00148329271735406,0.02
41,octanol_hl_gap_eV,156,0.046693768352270126,0.002270354889333248,0.5745279656478643,0.977912383912634,0.5464778542518616,0.002116345800459385,0.0038727018560646012,0.14
41,octanol_hl_gap_eV,157,0.11136238276958466,0.0012153992429375648,0.6351688476974391,0.9701075819266285,0.34609872102737427,0.0012795499060302973,0.0036970662654632947,0.22
41,octanol_hl_gap_eV,158,0.16659331321716309,0.001306250342167914,0.6373308010295207,0.9633297011695996,0.338617742061615,0.0007966369157657027,0.0023526142219114626,0.2
41,octanol_hl_gap_eV,159,0.06394125521183014,0.006372188217937946,0.6236864657957901,0.9790852339779392,1.2979215383529663,0.0005359169445000589,0.0004129039611902316,0.08
41,octanol_hl_gap_eV,160,0.06405573338270187,0.0017595422687008977,0.5886179359093389,0.9805035727368525,0.322959840297699,0.001632561325095594,0.005054997932841205,0.08
41,octanol_hl_gap_eV,161,0.08199933916330338,0.0016517328331246972,0.6186944160801304,0.9642273547697999,0.2635464072227478,0.0008622563327662647,0.0032717438338572794,0.1
41,octanol_hl_gap_eV,162,0.07991093397140503,0.0034688995219767094,0.6064835829799193,0.9098695581465108,0.6417905688285828,0.04476015269756317,0.06974261522611788,0.04
41,octanol_hl_gap_eV,163,0.03040563315153122,0.00123694259673357,0.6075578486836966,0.9743902500661654,0.24614465236663818,0.0012711281888186932,0.00516415114688463,0.06
41,octanol_hl_gap_eV,164,0.21454043686389923,0.0013455416774377227,0.601660859911461,0.9174863976874448,0.39960548281669617,0.05191105976700783,0.12990577456821345,0.18
41,octanol_hl_gap_eV,165,0.04048677906394005,0.0016766454791650176,0.612260437746359,0.9686137281604847,0.35179516673088074,0.0010894933948293328,0.003096953846619453,0.04
41,octanol_hl_gap_eV,166,0.06907449662685394,0.0011206119088456035,0.6643556208366475,0.9817156932163205,0.3207665979862213,0.0009015880059450865,0.002810729083406043,0.18
41,octanol_hl_gap_eV,167,0.030452786013484,0.0023333081044256687,0.6130488993342493,0.9728771888548315,0.5525007247924805,0.0017135083908215165,0.0031013685845663118,0.04
41,octanol_hl_gap_eV,168,0.06985465437173843,0.0015829476760700345,0.6477219148186288,0.9720130072374937,0.3093566596508026,0.0019854188431054354,0.006417895917762197,0.04
41,octanol_hl_gap_eV,169,0.09651922434568405,0.0016304345335811377,0.5911610744168989,0.9552415594334016,0.38237640261650085,0.00616424810141325,0.016120890460899068,0.06
41,octanol_hl_gap_eV,170,0.009851734153926373,0.0032304388005286455,0.6046997442893156,0.9616084223652865,0.5626105070114136,0.0016298735281452537,0.0028969838064403387,0.0
41,octanol_hl_gap_eV,171,0.018668657168745995,0.002813349012285471,0.6163412190846635,0.9643672384477879,0.6952528953552246,0.0029699858278036118,0.004271806486021408,0.06
41,octanol_hl_gap_eV,172,0.33203110098838806,0.001147728762589395,0.6221552001122665,0.937938936322082,0.23177307844161987,0.029679501429200172,0.12805413652334946,0.4
41,octanol_hl_gap_eV,173,0.1177445501089096,0.0011279549216851592,0.6434882483605706,0.977838073590749,0.31101202964782715,0.0015130768297240138,0.0048650106281655356,0.26
41,octanol_hl_gap_eV,174,0.05543456971645355,0.0015766668366268277,0.6112425134266339,0.9749309629391294,0.3262495696544647,0.0008987337932921946,0.002754743229988182,0.08
41,octanol_hl_gap_eV,175,0.14755681157112122,0.0011206060880795121,0.6406887462173736,0.9748631668100853,0.2804419994354248,0.001890901243314147,0.006742575103304204,0.22
41,octanol_hl_gap_eV,176,0.33205536007881165,0.0010267227189615369,0.6308959176276869,0.9126682115595675,0.289343923330307,0.040300119668245316,0.1392810300088446,0.26
41,octanol_hl_gap_eV,177,0.05093936249613762,0.0025208257138729095,0.6041375646064266,0.9784264027123186,0.4803381562232971,0.0018504590261727571,0.0038524089793785304,0.06
41,octanol_hl_gap_eV,178,0.13783834874629974,0.0011256211437284946,0.6231595376182306,0.9322924536180519,0.3029688596725464,0.019087404012680054,0.06300120756077053,0.06
41,octanol_hl_gap_eV,179,0.06888335943222046,0.0014716836158186197,0.6093727531127704,0.9716606622748329,0.27877888083457947,0.0018927298951894045,0.006789358969815593,0.22
41,octanol_hl_gap_eV,180,0.06275872886180878,0.0018708863062784076,0.6009633727109494,0.9676266751106213,0.43652138113975525,0.0007392021361738443,0.0016933927365568922,0.1
41,octanol_hl_gap_eV,181,0.014054215513169765,0.003989374730736017,0.6130122615752505,0.975690686242144,0.7508710026741028,0.0019985996186733246,0.002661708351442049,0.02
41,octanol_hl_gap_eV,182,0.10982836782932281,0.001119763357564807,0.657478684529075,0.9681688602136396,0.3530687689781189,0.0008364037494175136,0.002368954217724505,0.16
41,octanol_hl_gap_eV,183,0.07940065115690231,0.0010521808871999383,0.6215286047683728,0.9437434125596187,0.3167017698287964,0.004088687710464001,0.012910214277218205,0.1
41,octanol_hl_gap_eV,184,0.06326580792665482,0.0023972922936081886,0.593232808185796,0.977642373480585,0.4264245629310608,0.00275017274543643,0.006449376946142394,0.04
41,octanol_hl_gap_eV,185,0.03899236395955086,0.0032085501588881016,0.5838568185740372,0.9646036527325836,0.7062164545059204,0.0020858210045844316,0.0029535151599429997,0.0
41,octanol_hl_gap_eV,186,0.03699379786849022,0.00221194582991302,0.6071093707506496,0.9816682580174396,0.5584121346473694,0.0021818431559950113,0.003907227333755595,0.12
41,octanol_hl_gap_eV,187,0.019375398755073547,0.006285499781370163,0.626353721864741,0.9700607348620709,1.2807505130767822,0.001344271469861269,0.0010495966670603853,0.02
41,octanol_hl_gap_eV,188,0.05588255077600479,0.0011990128550678492,0.631619895929878,0.9634288699460236,0.25131723284721375,0.0013045602245256305,0.00519089045246144,0.24
41,octanol_hl_gap_eV,189,0.09405545890331268,0.001356268534436822,0.6236292376173571,0.9635118317067835,0.37653160095214844,0.0010231647174805403,0.002717340894876362,0.12
41,octanol_hl_gap_eV,190,0.04189061000943184,0.003927683457732201,0.619624436393323,0.9790573049151474,0.7538676261901855,0.0015242055524140596,0.0020218477348827465,0.04
41,octanol_hl_gap_eV,191,0.42719635367393494,0.0014630886726081371,0.6455789728926706,0.9016462954008417,0.34896939992904663,0.08949945867061615,0.2564679272417966,0.34
41,octanol_hl_gap_eV,192,0.028602655977010727,0.002098643919453025,0.5760916139451069,0.9672831430907742,0.40641382336616516,0.0008943590801209211,0.0022006118608695396,0.02
41,octanol_hl_gap_eV,193,0.08614463359117508,0.0014148160116747022,0.6070615976758071,0.9817304372391245,0.3279414176940918,0.0022672221530228853,0.006913497444039779,0.1
41,octanol_hl_gap_eV,194,0.0916685163974762,0.0012479267315939069,0.647604656868819,0.9781789066271198,0.34438037872314453,0.0013499378692358732,0.0039199035503736405,0.14
41,octanol_hl_gap_eV,195,0.0711575299501419,0.0015503590693697333,0.6079802572691622,0.9811409473029404,0.28643175959587097,0.001764010637998581,0.00615857208183701,0.28
41,octanol_hl_gap_eV,196,0.053061552345752716,0.00247969594784081,0.6176790782980024,0.9646894668801909,0.6099582314491272,0.0036021529231220484,0.005905573098938467,0.06
41,octanol_hl_gap_eV,197,0.07317359745502472,0.007760606240481138,0.6183895790605884,0.9129371917274538,1.5758466720581055,0.09180047363042831,0.05825469905046917,0.0
41,octanol_hl_gap_eV,198,0.09536084532737732,0.00159817049279809,0.5913271149565837,0.974553896258205,0.48301565647125244,0.002033048775047064,0.004209074277011691,0.2
41,octanol_hl_gap_eV,199,0.03863576427102089,0.0013145398115739226,0.6153560683938986,0.9700583650637351,0.2305288016796112,0.0013767252676188946,0.00597203151011155,0.26
41,octanol_hl_gap_eV,200,0.019183194264769554,0.0009193591540679336,0.6183709413626821,0.9618631159490547,0.26474878191947937,0.0025635447818785906,0.009682933244460654,0.06
41,octanol_hl_gap_eV,201,0.048926495015621185,0.007251270115375519,0.618942673330996,0.977056251301345,1.474014163017273,0.0020422106608748436,0.0013854756026865343,0.04
41,octanol_hl_gap_eV,202,0.22286374866962433,0.0031581262592226267,0.5962209759341066,0.9060900463362933,0.5434664487838745,0.10830575972795486,0.19928692924892194,0.16
41,octanol_hl_gap_eV,203,0.09279216825962067,0.0012451615184545517,0.6125182545232706,0.9651926874593237,0.35146087408065796,0.0006785283912904561,0.0019305943885370815,0.14
41,octanol_hl_gap_eV,204,0.28717002272605896,0.0012633971637114882,0.5799263827379566,0.9069519709897842,0.32712385058403015,0.06217176467180252,0.1900557374853721,0.16
41,octanol_hl_gap_eV,205,0.03791673853993416,0.004788031801581383,0.5666803578375468,0.9819311055073612,0.9786658883094788,0.006007146090269089,0.0061380969358661025,0.02
41,octanol_hl_gap_eV,206,0.07747580856084824,0.0018195591401308775,0.5959042491846356,0.9684350500935024,0.43040814995765686,0.0007580380770377815,0.001761207535480814,0.1
41,octanol_hl_gap_eV,207,0.0805305615067482,0.0011657548602670431,0.6146647367577267,0.966345657828777,0.2767290771007538,0.0005409720470197499,0.0019548796703527773,0.2
41,octanol_hl_gap_eV,208,0.1361262947320938,0.0012569230748340487,0.6500790780456789,0.9799149600000829,0.3737429082393646,0.0009292757022194564,0.0024864035724372845,0.24
41,octanol_hl_gap_eV,209,0.33446991443634033,0.0016306356992572546,0.6023221135178942,0.9035392629295191,0.37119993567466736,0.08358857780694962,0.2251847852694931,0.18
41,octanol_hl_gap_eV,210,0.1106538400053978,0.001881335978396237,0.5905846930368561,0.9653672730823644,0.43460220098495483,0.0005330695421434939,0.0012265688966493471,0.2
41,octanol_hl_gap_eV,211,0.07273565232753754,0.001333868014626205,0.6110982208056603,0.960096860175149,0.21170960366725922,0.0015301326056942344,0.007227506826280402,0.04
41,octanol_hl_gap_eV,212,0.05097287893295288,0.00184156047180295,0.5988883815242687,0.9530256656843412,0.4419631063938141,0.0029469316359609365,0.006667822705850596,0.08
41,octanol_hl_gap_eV,213,0.30228251218795776,0.0015199386980384588,0.6233825990922519,0.8919657165660657,0.316070556640625,0.06440739333629608,0.20377536592099546,0.26
41,octanol_hl_gap_eV,214,0.1174456775188446,0.0032629002816975117,0.6176048617873067,0.9367972956542061,0.5757837891578674,0.03894854336977005,0.06764439031313402,0.06
41,octanol_hl_gap_eV,215,0.13379105925559998,0.0009346712031401694,0.6359391107374417,0.9677064396855746,0.2817676365375519,0.0011640097945928574,0.004131098265565807,0.14
41,octanol_hl_gap_eV,216,0.08234398066997528,0.0010964572429656982,0.6263451985638084,0.9776644663987646,0.2859143018722534,0.0017635142430663109,0.006167981914574702,0.24
41,octanol_hl_gap_eV,217,0.025281783193349838,0.0058175562880933285,0.6197061272324891,0.9742351659852326,1.1431605815887451,0.0009854555828496814,0.0008620447544474565,0.04
41,octanol_hl_gap_eV,218,0.05412871763110161,0.0026945972349494696,0.5844520125216404,0.9797805395148944,0.6307679414749146,0.0015483503229916096,0.0024547067490004754,0.1
41,octanol_hl_gap_eV,219,0.023936772719025612,0.0019573343452066183,0.6279896099352775,0.9637029054986879,0.5139877200126648,0.0007598641095682979,0.0014783701632980154,0.02
41,octanol_hl_gap_eV,220,0.04000719636678696,0.0017042066901922226,0.5921720135827573,0.9780586044348814,0.42795073986053467,0.0011788110714405775,0.0027545485067387463,0.02
41,octanol_hl_gap_eV,221,0.04966740682721138,0.0007404893985949457,0.6553327302509375,0.9647622294781488,0.2734622359275818,0.0007729624630883336,0.0028265784504630078,0.02
41,octanol_hl_gap_eV,222,0.04058784618973732,0.002190170343965292,0.5826558267967603,0.9737196141440838,0.4582994878292084,0.0024323014076799154,0.0053072313460370835,0.04
41,octanol_hl_gap_eV,223,0.2721521854400635,0.001770757487975061,0.5985020245374013,0.8881391627297106,0.4896094799041748,0.05185430124402046,0.10590951232024605,0.28
41,octanol_hl_gap_eV,224,0.06520894914865494,0.0021318409126251936,0.6016448553949776,0.9707764669758603,0.4838831126689911,0.0015814714133739471,0.003268292221753523,0.04
41,octanol_hl_gap_eV,225,0.04806613177061081,0.002737869741395116,0.6190407556504374,0.9795234678709295,0.4877825081348419,0.0036698533222079277,0.007523544327656453,0.08
41,octanol_hl_gap_eV,226,0.12403854727745056,0.0016469535185024142,0.5921989953339029,0.9782576720618668,0.49954143166542053,0.001328540500253439,0.002659520143953264,0.22
41,octanol_hl_gap_eV,227,0.2705029547214508,0.0027050841599702835,0.5766899464537032,0.9159292492657425,0.5929343104362488,0.10202305018901825,0.1720646762943356,0.18
41,octanol_hl_gap_eV,228,0.010853116400539875,0.002223735908046365,0.6010682697014094,0.9555770261046088,0.5428997278213501,0.0004595028003677726,0.0008463861313980606,0.02
41,octanol_hl_gap_eV,229,0.03746843710541725,0.0015810792101547122,0.5871765071384836,0.9712942614431335,0.3741225600242615,0.0008332425495609641,0.002227191403552165,0.12
41,octanol_hl_gap_eV,230,0.04099706560373306,0.001669340650551021,0.5919690152520969,0.9625261948445778,0.2850831151008606,0.001248253509402275,0.004378559947195227,0.02
41,octanol_hl_gap_eV,231,0.11874516308307648,0.0013393425615504384,0.62147635015033,0.9728635762764979,0.3253318667411804,0.0018924931064248085,0.005817115689839237,0.22
41,octanol_hl_gap_eV,232,0.26669490337371826,0.001758513622917235,0.6227790137934233,0.9077411502021915,0.3206370770931244,0.06483493000268936,0.2022065900502798,0.1
41,octanol_hl_gap_eV,233,0.1290348470211029,0.0016539925709366798,0.6141286851922785,0.9760389826905584,0.4494331479072571,0.000907577050384134,0.00201938164688159,0.22
41,octanol_hl_gap_eV,234,0.04979855194687843,0.002394860377535224,0.5885230959699486,0.9742698120128848,0.44002529978752136,0.0017461267998442054,0.003968241827657119,0.04
41,octanol_hl_gap_eV,235,0.08104931563138962,0.0014525328297168016,0.606336753625843,0.9801861863946604,0.39979323744773865,0.001706199604086578,0.004267705014169015,0.12
41,octanol_hl_gap_eV,236,0.35269927978515625,0.0029057818464934826,0.6216772190252737,0.9225368517385797,0.7309684753417969,0.20469626784324646,0.28003433082053447,0.18
41,octanol_hl_gap_eV,237,0.10339505970478058,0.0013191403122618794,0.6264711765730568,0.9656001783332508,0.3556978106498718,0.0011259311577305198,0.003165414922496728,0.16
41,octanol_hl_gap_eV,238,0.0393771193921566,0.004456683062016964,0.5995268047742888,0.9733716672850261,0.8339893817901611,0.001626465586014092,0.0019502233739749515,0.02
41,octanol_hl_gap_eV,239,0.04325579106807709,0.0009245759574696422,0.6399643111774838,0.9792114013109929,0.2920905351638794,0.001042912364937365,0.0035705106444213672,0.3
41,octanol_hl_gap_eV,240,0.045294489711523056,0.0018944565672427416,0.6062262118964796,0.9736192606111038,0.4582776427268982,0.0010947640985250473,0.0023888664784318336,0.1
41,octanol_hl_gap_eV,241,0.022036107257008553,0.0012597128516063094,0.6223637593589977,0.9724572842227575,0.267151802778244,0.0015983248595148325,0.005982833890294058,0.1
41,octanol_hl_gap_eV,242,0.09487923234701157,0.0017815785249695182,0.5992880986568749,0.9744637394507307,0.48292267322540283,0.0016115549951791763,0.0033370870421463674,0.26
41,octanol_hl_gap_eV,243,0.07210025936365128,0.0026062489487230778,0.578175723150596,0.9656315807829396,0.5100377202033997,0.0012970682000741363,0.0025430828911180807,0.06
41,octanol_hl_gap_eV,244,0.12063571065664291,0.0015388241736218333,0.58945127182803,0.96350852415677,0.43277987837791443,0.0011341659119352698,0.0026206530585160138,0.2
41,octanol_hl_gap_eV,245,0.22228991985321045,0.003033771412447095,0.5950593289055615,0.8975174246533042,0.6291631460189819,0.09887674450874329,0.15715597001252227,0.12
41,octanol_hl_gap_eV,246,0.030318640172481537,0.0018620144110172987,0.6148693415499911,0.9671217905511893,0.34414175152778625,0.0007628411985933781,0.0022166482131470923,0.1
41,octanol_hl_gap_eV,247,0.20172923803329468,0.0017424820689484477,0.6097458953626664,0.9467934004631149,0.4040772318840027,0.02019657753407955,0.04998197359428884,0.24
41,octanol_hl_gap_eV,248,0.009941832162439823,0.004190612118691206,0.6224761599729667,0.9691553628844838,0.8254508376121521,0.0008309034747071564,0.0010066056472978785,0.0
41,octanol_hl_gap_eV,249,0.1786380112171173,0.0012980046449229121,0.6090272580640186,0.9178225984373678,0.2659766674041748,0.02354702167212963,0.0885304034445543,0.24
41,octanol_dipole,0,0.06518875062465668,0.028171751648187637,0.5821725107733284,0.9660071457522805,5.4390411376953125,0.00888979621231556,0.0016344418045866145,0.0
41,octanol_dipole,1,0.2736864387989044,0.027438867837190628,0.5839627821961508,0.9004086670402671,5.36600399017334,0.6388183832168579,0.11904918154863726,0.08
41,octanol_dipole,2,0.06998252868652344,0.023024916648864746,0.5826444002381066,0.9706591608827271,4.436393737792969,0.028568143025040627,0.006439496742967813,0.0
41,octanol_dipole,3,0.1285059154033661,0.028796283528208733,0.5855713612628999,0.9024252695800328,5.641408920288086,0.2030835896730423,0.03599873587300095,0.02
41,octanol_dipole,4,0.15792293846607208,0.036658044904470444,0.5852857311098731,0.9069213274503398,7.200412273406982,0.4248223602771759,0.058999727258140025,0.0
41,octanol_dipole,5,0.1395789384841919,0.026421600952744484,0.5848019121582033,0.9168073600824236,5.126120567321777,0.1263284981250763,0.02464407468883991,0.02
41,octanol_dipole,6,0.07127659767866135,0.03274886682629585,0.5840441289451812,0.9677096147775199,6.276498317718506,0.005238104611635208,0.000834558434732322,0.0
41,octanol_dipole,7,0.2871610224246979,0.033230654895305634,0.586331919891214,0.8805650837163954,6.697727203369141,0.7128282785415649,0.10642838337503396,0.1
41,octanol_dipole,8,0.07408174872398376,0.031991638243198395,0.5835267362312533,0.9480447675554837,6.173725605010986,0.0174383707344532,0.0028246105917469214,0.0
41,octanol_dipole,9,0.16433651745319366,0.03413147106766701,0.5791465762606289,0.9107561966163027,6.520235061645508,0.2569938004016876,0.03941480605713473,0.04
41,octanol_dipole,10,0.15381479263305664,0.03293076902627945,0.5767166152075487,0.9288142788541613,6.3593621253967285,0.17846287786960602,0.028063015495987755,0.02
41,octanol_dipole,11,0.056971825659275055,0.02649020403623581,0.5822465094781113,0.9652937395227392,5.110195159912109,0.0068779620341956615,0.0013459294251912594,0.0
41,octanol_dipole,12,0.18209154903888702,0.027810361236333847,0.5829256391055262,0.9172859405642064,5.450355052947998,0.2875933051109314,0.0527659762193616,0.08
41,octanol_dipole,13,0.1206059381365776,0.027087628841400146,0.5818825517531485,0.9465777947880654,5.223999977111816,0.058261144906282425,0.011152592871658694,0.0
41,octanol_dipole,14,0.23023633658885956,0.029843579977750778,0.5816912619116015,0.9076860684938823,5.829569339752197,0.38111650943756104,0.0653764433058037,0.04
41,octanol_dipole,15,0.10928329080343246,0.03165556490421295,0.5837107748654085,0.9343506495945186,6.133620738983154,0.1622963696718216,0.026460124709100852,0.06
41,octanol_dipole,16,0.23731176555156708,0.03054078295826912,0.5781165349470043,0.8987601904789886,5.875931739807129,0.41819390654563904,0.07117065430024308,0.08
41,octanol_dipole,17,0.062828429043293,0.030954288318753242,0.582719897597848,0.971666441827322,6.0261406898498535,0.008666672743856907,0.0014381796227317827,0.0
41,octanol_dipole,18,0.2110602855682373,0.03231750801205635,0.5826026921158516,0.8986566243112437,6.315858840942383,0.5078467726707458,0.08040818920439498,0.04
41,octanol_dipole,19,0.13808207213878632,0.03536189720034599,0.5842855620228857,0.9239938802715812,6.9447760581970215,0.1872386634349823,0.02696108007888631,0.02
41,octanol_dipole,20,0.05698391795158386,0.03129805624485016,0.5812045861400845,0.9471508394547656,5.995241165161133,0.015846768394112587,0.002643224510500017,0.0
41,octanol_dipole,21,0.10641826689243317,0.028483353555202484,0.5814316614374118,0.9647161353491802,5.48719596862793,0.02445722185075283,0.004457143865570441,0.04
41,octanol_dipole,22,0.0280747152864933,0.016864383593201637,0.5821924916035657,0.9570338525033473,3.1984260082244873,0.013731133192777634,0.0042930907757344275,0.0
41,octanol_dipole,23,0.05370195582509041,0.03046070598065853,0.5811871472266734,0.9613031232055049,5.805221080780029,0.006645882502198219,0.0011448112672575827,0.02
41,octanol_dipole,24,0.2763332426548004,0.027836890891194344,0.5836826564716733,0.8993097896604998,5.45004415512085,0.7043432593345642,0.12923624823713856,0.02
41,octanol_dipole,25,0.07896053791046143,0.03404282405972481,0.581716241814924,0.9332406876212531,6.669776439666748,0.031229030340909958,0.004682170478036337,0.02
41,octanol_dipole,26,0.07571370899677277,0.032771628350019455,0.5805964528896366,0.9726522152327512,6.302658557891846,0.010149353183805943,0.001610328893843928,0.02
41,octanol_dipole,27,0.11796297132968903,0.0293729268014431,0.5790748802290144,0.9536199119932383,5.522037029266357,0.03961021080613136,0.0071731157535163915,0.02
41,octanol_dipole,28,0.1038186252117157,0.03408446162939072,0.5793651847133889,0.9403759757975747,6.5139288902282715,0.016011130064725876,0.0024579835510247314,0.04
41,octanol_dipole,29,0.06220237910747528,0.03074018843472004,0.5818626761223398,0.9481299168207105,5.988030433654785,0.0071187010034918785,0.0011888217807782568,0.0
41,octanol_dipole,30,0.08519231528043747,0.03474018722772598,0.5783416900935918,0.945677818524487,6.561790943145752,0.017324676737189293,0.0026402360098482145,0.02
41,octanol_dipole,31,0.060932375490665436,0.029654553160071373,0.5819775037049677,0.9626066908953799,5.7258076667785645,0.01092167291790247,0.0019074466963447947,0.02
41,octanol_dipole,32,0.052134253084659576,0.030652331188321114,0.5838231678276034,0.9609384542853388,6.023841381072998,0.009559549391269684,0.001586952375822168,0.0
41,octanol_dipole,33,0.15717057883739471,0.02498185820877552,0.5827710941432809,0.9332041991098414,4.8453688621521,0.15781784057617188,0.03257086200576196,0.04
41,octanol_dipole,34,0.04643616825342178,0.03611179441213608,0.5871286997257232,0.9704833545700029,7.188201427459717,0.00858408585190773,0.0011941910557925633,0.0
41,octanol_dipole,35,0.32450076937675476,0.02730095386505127,0.5829865633459086,0.8953107826620486,5.355258464813232,0.8137439489364624,0.15195232018831087,0.12
41,octanol_dipole,36,0.09577476978302002,0.023013725876808167,0.5810814056992102,0.9659325503202916,4.364953994750977,0.011773297563195229,0.0026972329095227734,0.0
41,octanol_dipole,37,0.06387776136398315,0.02651437185704708,0.5822648767109471,0.9496209846220103,5.156663417816162,0.006815535482019186,0.0013216948499046217,0.0
41,octanol_dipole,38,0.08302256464958191,0.03138967230916023,0.5822944726481396,0.9733891791885243,6.041946887969971,0.007265377324074507,0.0012024894390482792,0.0
41,octanol_dipole,39,0.09254398941993713,0.026874402537941933,0.5822481043519865,0.9723938971908335,5.198218822479248,0.02248280681669712,0.004325098189301336,0.0
41,octanol_dipole,40,0.08925986289978027,0.02292330004274845,0.5823384999453101,0.973363480643533,4.395887851715088,0.015527497977018356,0.00353227800635546,0.0
41,octanol_dipole,41,0.06741596758365631,0.025723712518811226,0.5828144040274339,0.947116175617484,5.009021759033203,0.04170763120055199,0.008326502300641239,0.02
41,octanol_dipole,42,0.1141582578420639,0.027344156056642532,0.5807114466151868,0.9421391985177576,5.177593231201172,0.04982719197869301,0.009623620426267706,0.02
41,octanol_dipole,43,0.2346564382314682,0.03761455789208412,0.5854728073974504,0.9087697102370103,7.572683334350586,0.39822205901145935,0.05258665144560807,0.08
41,octanol_dipole,44,0.11244769394397736,0.030503779649734497,0.5804898899349817,0.9531702379688018,5.853634834289551,0.013846267946064472,0.0023654136853490586,0.0
41,octanol_dipole,45,0.06915666908025742,0.02366299368441105,0.5828866903652705,0.9507331801852137,4.548534870147705,0.017462918534874916,0.003839240334175528,0.0
41,octanol_dipole,46,0.16018639504909515,0.02250652201473713,0.58207996591494,0.9233820904931636,4.3561930656433105,0.28274083137512207,0.06490548676665865,0.0
41,octanol_dipole,47,0.06558334827423096,0.04151298850774765,0.5766220617619724,0.9781624075639679,7.795284271240234,0.007326120976358652,0.0009398144726277008,0.02
41,octanol_dipole,48,0.056237537413835526,0.024817761033773422,0.5812161919363943,0.9581958124491636,4.738515377044678,0.010578567162156105,0.002232464457834841,0.0
41,octanol_dipole,49,0.127935528755188,0.024648159742355347,0.5823357217254852,0.9483771100167075,4.7619452476501465,0.037494976073503494,0.007873878031673286,0.04
41,octanol_dipole,50,0.22145798802375793,0.02747187204658985,0.5838446812533755,0.8884695467077688,5.399815082550049,0.5395962595939636,0.0999286552122338,0.06
41,octanol_dipole,51,0.05702779442071915,0.027599364519119263,0.5826366951968365,0.9562079595580224,5.3254876136779785,0.008216443471610546,0.0015428527991516567,0.02
41,octanol_dipole,52,0.13830025494098663,0.03600551560521126,0.5853592787621611,0.9304805258910582,6.967815399169922,0.0702696144580841,0.010084884634925224,0.04
41,octanol_dipole,53,0.061612434685230255,0.02985343150794506,0.5817419573191533,0.9675572451328573,5.748290538787842,0.006065326742827892,0.0010551531280301126,0.0
41,octanol_dipole,54,0.21444948017597198,0.030537927523255348,0.5804509249104841,0.8996697610040445,5.922175407409668,0.6060284376144409,0.10233206481121689,0.04
41,octanol_dipole,55,0.30469074845314026,0.03319806978106499,0.5891975609961695,0.8905726136978338,6.796813488006592,1.0591418743133545,0.1558291802742973,0.14
41,octanol_dipole,56,0.11410560458898544,0.027335796505212784,0.5812779083745439,0.9335711251931584,5.229933738708496,0.04592807590961456,0.008781770134043085,0.04
41,octanol_dipole,57,0.0703645572066307,0.03323497250676155,0.5818545311722172,0.9672318400424003,6.36768102645874,0.005145618692040443,0.0008080836132745295,0.0
41,octanol_dipole,58,0.25809386372566223,0.03156853839755058,0.5797854518220396,0.8847108912057946,6.087043762207031,0.6211091876029968,0.10203790409053934,0.16
41,octanol_dipole,59,0.09014227986335754,0.03274492919445038,0.5831839249317827,0.9593098381869904,6.341839790344238,0.007332810666412115,0.001156259210076022,0.0
41,octanol_dipole,60,0.09986944496631622,0.021780861541628838,0.5823882211766702,0.9593465717333223,4.1688618659973145,0.021582623943686485,0.005177102201375839,0.02
41,octanol_dipole,61,0.18263985216617584,0.0335790291428566,0.5810012016649455,0.9235846085796526,6.526800632476807,0.20622079074382782,0.03159599968745646,0.04
41,octanol_dipole,62,0.14945705235004425,0.02986353076994419,0.5815888379464818,0.9329478831502849,5.792109489440918,0.204106405377388,0.035238699432301186,0.04
41,octanol_dipole,63,0.15338586270809174,0.05243150144815445,0.5957142650420326,0.8924686506697372,10.329827308654785,0.5035643577575684,0.04874857465774476,0.02
41,octanol_dipole,64,0.13403886556625366,0.013786965981125832,0.5836957928692748,0.9542494060218776,2.6858739852905273,0.0403837189078331,0.015035597026889126,0.1
41,octanol_dipole,65,0.23329900205135345,0.03092428296804428,0.5853025508338596,0.8894515465066968,6.0924391746521,0.4956135153770447,0.0813489476331696,0.02
41,octanol_dipole,66,0.05531618371605873,0.028468040749430656,0.5820685535362329,0.9646045541890971,5.489075660705566,0.010700159706175327,0.0019493554776032962,0.04
41,octanol_dipole,67,0.06352277845144272,0.029233643785119057,0.5767813758373501,0.9560495369169335,5.579318046569824,0.00752456346526742,0.0013486529003116316,0.02
41,octanol_dipole,68,0.08867991715669632,0.033717792481184006,0.5824637041855574,0.9585755509267271,6.5469231605529785,0.010146942920982838,0.0015498796414964778,0.0
41,octanol_dipole,69,0.3118140697479248,0.03391857445240021,0.5797659070519534,0.8997640449611306,6.602360248565674,0.8521753549575806,0.1290713203876918,0.14
41,octanol_dipole,70,0.17305374145507812,0.0304472167044878,0.5796662097596956,0.9226557446605907,5.8368239402771,0.30211156606674194,0.051759581779059004,0.02
41,octanol_dipole,71,0.12627919018268585,0.025540577247738838,0.5825368061685119,0.9189246638692965,4.863474369049072,0.15081261098384857,0.03100923322298419,0.02
41,octanol_dipole,72,0.12649963796138763,0.030326787382364273,0.5823072984860738,0.9411976923892,5.85753870010376,0.0401817187666893,0.006859829840471652,0.02
41,octanol_dipole,73,0.22618351876735687,0.026293937116861343,0.5840351494683098,0.8966435048860262,5.138792037963867,0.601973831653595,0.11714306148339752,0.06
41,octanol_dipole,74,0.16004177927970886,0.03169403597712517,0.5857541612589199,0.9253206273569281,6.2036895751953125,0.1362459510564804,0.021962083918776826,0.04
41,octanol_dipole,75,0.039749614894390106,0.032362084835767746,0.5778852818811582,0.9474588449278789,6.09824275970459,0.008311963640153408,0.0013630096353455196,0.0
41,octanol_dipole,76,0.054949838668107986,0.022313246503472328,0.5823563506675546,0.9611236102057796,4.309509754180908,0.008681128732860088,0.002014412132247297,0.06
41,octanol_dipole,77,0.32522526383399963,0.0259272288531065,0.5839495129482388,0.9089729095751848,5.127896308898926,0.7442474961280823,0.14513700186107875,0.22
41,octanol_dipole,78,0.044769320636987686,0.023556379601359367,0.580387184784416,0.9629265214758473,4.46914005279541,0.016109123826026917,0.00360452427888242,0.0
41,octanol_dipole,79,0.25719982385635376,0.031727347522974014,0.5820300188148504,0.9063170430982741,6.255514144897461,0.6420451402664185,0.10263666988749855,0.12
41,octanol_dipole,80,0.11963523924350739,0.034525975584983826,0.5809447860737647,0.9373761108861192,6.654388427734375,0.1062401607632637,0.01596542821583311,0.04
41,octanol_dipole,81,0.05874770134687424,0.03083302266895771,0.5776237982344783,0.963526015740447,5.82322883605957,0.005926670506596565,0.0010177636279543826,0.0
41,octanol_dipole,82,0.3107464015483856,0.024592678993940353,0.5827661340520269,0.8929190341091853,4.723177433013916,0.6215124726295471,0.13158778839967325,0.16
41,octanol_dipole,83,0.12048656493425369,0.02146490290760994,0.583557296885306,0.9400828274793469,4.136373519897461,0.06507701426744461,0.015732866955655844,0.02
41,octanol_dipole,84,0.053685177117586136,0.026120640337467194,0.5829553909141636,0.966384961494039,5.046584129333496,0.01009003259241581,0.0019993786557063508,0.0
41,octanol_dipole,85,0.1079307571053505,0.02474706806242466,0.5873073159617213,0.9463203077857407,4.780198574066162,0.01945737563073635,0.004070411580033044,0.02
41,octanol_dipole,86,0.056967977434396744,0.03423502296209335,0.5810361422762704,0.9595675032583655,6.580259799957275,0.006632468197494745,0.0010079340936565771,0.0
41,octanol_dipole,87,0.054693229496479034,0.03884902223944664,0.5778699404109138,0.9695199835089054,7.331820964813232,0.018245713785290718,0.00248856510174693,0.0
41,octanol_dipole,88,0.07623291015625,0.03206673264503479,0.5829477972790613,0.963105950916525,6.222465991973877,0.013748019933700562,0.0022094166446925724,0.0
41,octanol_dipole,89,0.04783358424901962,0.027254153043031693,0.5834304734661035,0.9568028371050128,5.333735466003418,0.0113668916746974,0.0021311315019555406,0.04
41,octanol_dipole,90,0.035014428198337555,0.02852449007332325,0.5811328123660349,0.9544323865318691,5.487015247344971,0.0043157185427844524,0.000786532996217337,0.0
41,octanol_dipole,91,0.07559028267860413,0.029926877468824387,0.5821105729216618,0.9580490043451229,5.833051681518555,0.010288113728165627,0.0017637617991218034,0.02
41,octanol_dipole,92,0.03351424261927605,0.04060574620962143,0.5925451400324202,0.9512115246211728,7.792384147644043,0.01143905520439148,0.0014679788608535135,0.0
41,octanol_dipole,93,0.16785649955272675,0.03330861032009125,0.5857852922247293,0.9368716503447811,6.505678653717041,0.11196060478687286,0.017209673386327468,0.04
41,octanol_dipole,94,0.16778132319450378,0.029941454529762268,0.5825987619494546,0.9274577439126166,5.781957149505615,0.21440929174423218,0.03708247678081896,0.02
41,octanol_dipole,95,0.13423241674900055,0.015531796962022781,0.582941902471473,0.9429787992878433,2.951993942260742,0.13995495438575745,0.04741031219006329,0.04
41,octanol_dipole,96,0.18929733335971832,0.026917073875665665,0.5817431850189334,0.9117360241921704,5.2371039390563965,0.3233582079410553,0.06174370638886286,0.02
41,octanol_dipole,97,0.06175047159194946,0.029523450881242752,0.5823740348646449,0.9464055694536713,5.6727614402771,0.007927211001515388,0.001397416599476844,0.02
41,octanol_dipole,98,0.0682094618678093,0.013064050115644932,0.5816796667112747,0.9622781494018295,2.3991568088531494,0.029680544510483742,0.01237123992936156,0.02
41,octanol_dipole,99,0.17138028144836426,0.02843301370739937,0.5813307084995154,0.9323804874244142,5.453622341156006,0.22430895268917084,0.04113026877501459,0.04
41,octanol_dipole,100,0.05273381620645523,0.028980592265725136,0.5869690479770555,0.9590618725230664,5.582248210906982,0.007828309200704098,0.0014023577786112424,0.0
41,octanol_dipole,101,0.03246867284178734,0.03767862543463707,0.5939078544560246,0.9633927194067278,7.708132743835449,0.010349512100219727,0.0013426743472336683,0.02
41,octanol_dipole,102,0.06391440331935883,0.028797009959816933,0.5836718133949572,0.9679651267838232,5.519479751586914,0.006254575215280056,0.0011331820201861949,0.0
41,octanol_dipole,103,0.05896027386188507,0.03336469084024429,0.5810904746301211,0.9618335999266214,6.483918190002441,0.005166563671082258,0.0007968273996807342,0.0
41,octanol_dipole,104,0.12690220773220062,0.031055539846420288,0.5817040504252076,0.9423269536234391,6.029084205627441,0.05744021385908127,0.009527187197927603,0.02
41,octanol_dipole,105,0.16802449524402618,0.03403428941965103,0.5785272266319759,0.9130488505550389,6.459567070007324,0.20560820400714874,0.03183002851101531,0.04
41,octanol_dipole,106,0.072615846991539,0.029413416981697083,0.5820992880547822,0.9653189166222913,5.676741600036621,0.008164518512785435,0.0014382402948784501,0.0
41,octanol_dipole,107,0.13188107311725616,0.0299176424741745,0.582554727902898,0.9405573278715373,5.805335521697998,0.04915279895067215,0.008466831721777122,0.0
41,octanol_dipole,108,0.08581234514713287,0.0332266166806221,0.5832763839267958,0.9454555574086076,6.518929958343506,0.03186094015836716,0.004887449376195351,0.02
41,octanol_dipole,109,0.12222885340452194,0.02814706787467003,0.5827671354258737,0.9427084337160074,5.475347995758057,0.029736921191215515,0.005431055928180957,0.0
41,octanol_dipole,110,0.0860203206539154,0.029666529968380928,0.583594330920624,0.9710138617457673,5.727758884429932,0.007625574711710215,0.0013313365428910102,0.0
41,octanol_dipole,111,0.06867662817239761,0.03263603150844574,0.5811554884462231,0.9507343409265974,6.299576282501221,0.0063287969678640366,0.0010046385159973353,0.0
41,octanol_dipole,112,0.07596922665834427,0.030811157077550888,0.5820178079552065,0.9531636582453464,5.989693641662598,0.007247754838317633,0.0012100376533290987,0.02
41,octanol_dipole,113,0.12128634005784988,0.03357613459229469,0.5909478405362039,0.9204398434944139,6.813403606414795,0.08779326826334,0.012885376140154526,0.04
41,octanol_dipole,114,0.03291528299450874,0.02904696576297283,0.5802737200950723,0.950225803827786,5.46864128112793,0.007042890880256891,0.0012878685066730626,0.0
41,octanol_dipole,115,0.058525100350379944,0.023810554295778275,0.5819966232961762,0.9597476415045798,4.572232246398926,0.00881885550916195,0.001928785554606866,0.02
41,octanol_dipole,116,0.2329455465078354,0.026200883090496063,0.583499941235673,0.9175540594943841,5.161755084991455,0.33613350987434387,0.06512000363049002,0.08
41,octanol_dipole,117,0.0835842564702034,0.02118135616183281,0.5824315426096514,0.9614766868496807,4.063028812408447,0.012209140695631504,0.003004935790350518,0.0
41,octanol_dipole,118,0.06616060435771942,0.031593821942806244,0.5827839859962967,0.9577366478762377,6.122105598449707,0.005471206270158291,0.0008936804800530976,0.0
41,octanol_dipole,119,0.07228633761405945,0.03452300280332565,0.5814306848768016,0.9723408672780389,6.5901618003845215,0.005462836939841509,0.0008289382120364275,0.0
41,octanol_dipole,120,0.05538145452737808,0.04503483325242996,0.5954110583615566,0.956674832588412,9.27611255645752,0.014713882468640804,0.0015862121528913324,0.02
41,octanol_dipole,121,0.09022817760705948,0.02183673530817032,0.5826102342517383,0.9603641217484826,4.196159839630127,0.03440803661942482,0.008199887023955155,0.0
41,octanol_dipole,122,0.059150055050849915,0.02201208844780922,0.5828567071134811,0.9578345087699269,4.224003314971924,0.012076915241777897,0.0028591159478903415,0.0
41,octanol_dipole,123,0.2718818187713623,0.03450737148523331,0.5802765443121585,0.9011213476114226,6.676265716552734,1.1782310009002686,0.1764805433041757,0.0
41,octanol_dipole,124,0.24113920331001282,0.026794061064720154,0.5818782065349946,0.881743204657834,5.199254989624023,0.5437480807304382,0.10458192218223146,0.02
41,octanol_dipole,125,0.3148003816604614,0.02859583869576454,0.5844807611444347,0.8788657001973756,5.576132297515869,0.8927493691444397,0.16010189886315176,0.14
41,octanol_dipole,126,0.22164347767829895,0.02188042365014553,0.5831094332119962,0.9280776860835083,4.229842185974121,0.32479986548423767,0.07678770299309338,0.08
41,octanol_dipole,127,0.059064831584692,0.02319152280688286,0.5815108779978233,0.9656200153524341,4.433248043060303,0.013509576208889484,0.003047331454876982,0.0
41,octanol_dipole,128,0.17836102843284607,0.028049064800143242,0.5817589343211742,0.9116258428787718,5.456078052520752,0.3720794916152954,0.06819541216852491,0.04
41,octanol_dipole,129,0.22435185313224792,0.03218509256839752,0.5824875606549413,0.892025263955015,6.372488975524902,0.45382195711135864,0.07121580890204322,0.04
41,octanol_dipole,130,0.08611670136451721,0.027912687510252,0.582081988851487,0.9622171936989208,5.419647216796875,0.005529272835701704,0.001020227445536505,0.0
41,octanol_dipole,131,0.1299050897359848,0.031849268823862076,0.5820388564323491,0.9247174205876598,6.13869571685791,0.09292369335889816,0.015137367552477602,0.06
41,octanol_dipole,132,0.0786539614200592,0.029818156734108925,0.5820775088005017,0.9584785502345152,5.7682414054870605,0.024105539545416832,0.00417901017847248,0.0
41,octanol_dipole,133,0.1864258050918579,0.028379755094647408,0.581989920623641,0.8986386334118655,5.563830375671387,0.4908338189125061,0.08821868852414057,0.04
41,octanol_dipole,134,0.3329737186431885,0.028974218294024467,0.5837030268968644,0.880940877349982,5.812433242797852,0.8018555045127869,0.13795521961587445,0.16
41,octanol_dipole,135,0.21133975684642792,0.029561584815382957,0.5820071042824491,0.895540048830687,5.754901885986328,0.6303929686546326,0.10954017655621422,0.04
41,octanol_dipole,136,0.13518013060092926,0.031031828373670578,0.5829222852300942,0.924110792389228,6.082130432128906,0.09616880863904953,0.015811697843741885,0.04
41,octanol_dipole,137,0.13334141671657562,0.03011278063058853,0.5828477041251938,0.9322273502244927,5.706219673156738,0.046422336250543594,0.008135392415564381,0.08
41,octanol_dipole,138,0.14894360303878784,0.021973082795739174,0.5835195701320004,0.9327379249823451,4.222520351409912,0.1339181363582611,0.03171521395119989,0.06
41,octanol_dipole,139,0.28959956765174866,0.028062544763088226,0.5838190697012091,0.8964574951083766,5.475961685180664,0.7360432744026184,0.13441351797521475,0.08
41,octanol_dipole,140,0.0866127535700798,0.026536542922258377,0.5805925696014014,0.934190135037442,5.072831630706787,0.04007842019200325,0.007900601303106764,0.02
41,octanol_dipole,141,0.20639808475971222,0.032244857400655746,0.5820809196287442,0.905552681777523,6.295870304107666,0.5353084802627563,0.08502533476801463,0.02
41,octanol_dipole,142,0.08257558196783066,0.026964057236909866,0.5815625953074983,0.9720549862270986,5.186086654663086,0.009614250622689724,0.001853854604231312,0.02
41,octanol_dipole,143,0.07814034819602966,0.029725980013608932,0.5815959469616294,0.958210982462812,5.72593879699707,0.011030500754714012,0.0019264091262202949,0.0
41,octanol_dipole,144,0.10904760658740997,0.021797388792037964,0.5821840994143928,0.9348190212132876,4.177114486694336,0.06994488835334778,0.016744786042170563,0.02
41,octanol_dipole,145,0.10086804628372192,0.0333421491086483,0.5834049333367455,0.9503580007388694,6.370908737182617,0.008802732452750206,0.001381707510794293,0.04
41,octanol_dipole,146,0.23146593570709229,0.03418097272515297,0.5798718975648824,0.8889020773628933,6.579906463623047,0.5732141733169556,0.08711585437968836,0.1
41,octanol_dipole,147,0.08936264365911484,0.028047125786542892,0.5824441919046528,0.9709015499408609,5.406761646270752,0.011535309255123138,0.0021334969080946038,0.0
41,octanol_dipole,148,0.1633394956588745,0.02672385238111019,0.5779980526427051,0.922304143225025,5.126830577850342,0.15058593451976776,0.02937213005835426,0.04
41,octanol_dipole,149,0.07421094924211502,0.02966056950390339,0.5798439778969697,0.9640228813949305,5.752649307250977,0.009363377466797829,0.0016276635280019032,0.0
41,octanol_dipole,150,0.08597781509160995,0.027690716087818146,0.5834810895069835,0.963127472785726,5.417806625366211,0.007809041533619165,0.0014413658651191378,0.0
41,octanol_dipole,151,0.05422784015536308,0.03397456929087639,0.5826724005182515,0.9441779913373936,6.667348384857178,0.014152200892567635,0.0021226130802929075,0.0
41,octanol_dipole,152,0.17137043178081512,0.026029393076896667,0.5833021811488659,0.9043999316949176,5.078948974609375,0.29516157507896423,0.058114695885808795,0.0
41,octanol_dipole,153,0.04609093442559242,0.032632023096084595,0.5767288308463583,0.9577177285045939,6.194319725036621,0.007270400412380695,0.001173720559336758,0.02
41,octanol_dipole,154,0.05798165127635002,0.025109004229307175,0.5845812666950716,0.9457940996077892,4.859431743621826,0.012963786721229553,0.002667757755471095,0.0
41,octanol_dipole,155,0.18876229226589203,0.025728221982717514,0.5806019836249752,0.9187059843841494,4.888210296630859,0.21112574636936188,0.043190806769274594,0.04
41,octanol_dipole,156,0.08942751586437225,0.02838495373725891,0.578692232983778,0.9269541637158101,5.454660415649414,0.09018009155988693,0.016532668340115245,0.0
41,octanol_dipole,157,0.037490081042051315,0.05668443813920021,0.6077099676903466,0.9531206457877408,11.445967674255371,0.02324933186173439,0.002031224665611062,0.0
41,octanol_dipole,158,0.24681483209133148,0.032113686203956604,0.5811166055919099,0.9123321829578679,6.315870761871338,0.481014609336853,0.07615966625547806,0.08
41,octanol_dipole,159,0.05353706330060959,0.04432636871933937,0.5954204946680126,0.9633863782149417,8.61111068725586,0.005374695174396038,0.0006241581800069528,0.02
41,octanol_dipole,160,0.19095024466514587,0.034711115062236786,0.5834635773870955,0.9292684065483936,6.817200183868408,0.24076993763446808,0.03531800902725488,0.04
41,octanol_dipole,161,0.18470367789268494,0.029402101412415504,0.583660160508916,0.9222466809767706,5.810362815856934,0.25252676010131836,0.04346144433737479,0.04
41,octanol_dipole,162,0.07743485271930695,0.03788664937019348,0.5866919221560771,0.9535968858373309,7.19167423248291,0.014069064520299435,0.0019562989180951984,0.02
41,octanol_dipole,163,0.03605762496590614,0.030939260497689247,0.5837214177479808,0.9663060185022938,5.991964340209961,0.006256578955799341,0.0010441615805043506,0.02
41,octanol_dipole,164,0.057868264615535736,0.029533952474594116,0.5803216678379437,0.9637406819762351,5.677198886871338,0.006823481060564518,0.001201909814423445,0.0
41,octanol_dipole,165,0.09607677161693573,0.032384660094976425,0.5798027698222963,0.9634466006085409,6.174450874328613,0.02712288126349449,0.00439276007138752,0.0
41,octanol_dipole,166,0.07322666049003601,0.03338705003261566,0.5829951639973194,0.9678624043848576,6.433088302612305,0.010381491854786873,0.0016137648616716838,0.0
41,octanol_dipole,167,0.07738882303237915,0.05076153576374054,0.5954884097086732,0.9506158475175124,10.40457534790039,0.18025021255016327,0.017324129675944648,0.02
41,octanol_dipole,168,0.06944677233695984,0.03726596385240555,0.5772330644334409,0.9528177852759916,7.085308074951172,0.007111548911780119,0.0010037035562252708,0.04
41,octanol_dipole,169,0.08084805309772491,0.033494800329208374,0.5843029672684521,0.9640229920821166,6.5000505447387695,0.0072762006893754005,0.001119406786038742,0.0
41,octanol_dipole,170,0.31716471910476685,0.022855229675769806,0.5853860353887719,0.8907231637656754,4.4852800369262695,0.6836972832679749,0.15243134824119203,0.1
41,octanol_dipole,171,0.13523998856544495,0.02872239425778389,0.5835890012883258,0.9440992551278193,5.612910747528076,0.06046482175588608,0.010772453807948891,0.0
41,octanol_dipole,172,0.05294019728899002,0.027438383549451828,0.5828831952088649,0.960241026375245,5.311785697937012,0.008694754913449287,0.0016368798381354412,0.02
41,octanol_dipole,173,0.046776704490184784,0.0228201225399971,0.5821013657056557,0.9637737637816755,4.379281044006348,0.01292048767209053,0.002950367318803164,0.0
41,octanol_dipole,174,0.03790164366364479,0.03240233659744263,0.5795009604174299,0.9712204575457433,6.286725044250488,0.0073364367708563805,0.0011669727432355107,0.0
41,octanol_dipole,175,0.07535251975059509,0.03154788166284561,0.5834836061779871,0.9630184702978424,6.16110372543335,0.009372832253575325,0.001521291098360152,0.02
41,octanol_dipole,176,0.053875576704740524,0.029032519087195396,0.5793053064660698,0.9550203757403593,5.505317211151123,0.02172425389289856,0.003946049439057876,0.0
41,octanol_dipole,177,0.07409139722585678,0.03188339248299599,0.5816048954274606,0.956007237419972,6.189273357391357,0.009743830189108849,0.0015743092325163771,0.0
41,octanol_dipole,178,0.23996953666210175,0.03246898576617241,0.5875459145454898,0.8928709574255032,6.247371196746826,0.7407171726226807,0.11856461690773104,0.08
41,octanol_dipole,179,0.06021331623196602,0.031912773847579956,0.5820182210571807,0.9471461554834182,6.025253772735596,0.00987518485635519,0.0016389657977628454,0.02
41,octanol_dipole,180,0.16825290024280548,0.03342893347144127,0.5830909343356483,0.9163822127137746,6.3461432456970215,0.5047526359558105,0.07953691185556774,0.02
41,octanol_dipole,181,0.1555461436510086,0.03211558237671852,0.5859239580716031,0.9162060395439544,6.084862232208252,0.250600665807724,0.04118427932209383,0.04
41,octanol_dipole,182,0.06710716336965561,0.043297600001096725,0.5762079753449387,0.9563052039600382,8.25081729888916,0.028763199225068092,0.0034861030347794267,0.0
41,octanol_dipole,183,0.03831559419631958,0.02796618640422821,0.5810013033557839,0.9658202566022245,5.374590873718262,0.004233039449900389,0.0007876021727718742,0.02
41,octanol_dipole,184,0.2512614130973816,0.0255111251026392,0.582425339205735,0.8826756101883881,4.990084648132324,0.5435934066772461,0.10893470652460792,0.04
41,octanol_dipole,185,0.20005302131175995,0.03382571041584015,0.5804820422338328,0.9169787612908269,6.602097988128662,0.33362701535224915,0.05053348434878568,0.02
41,octanol_dipole,186,0.06630376726388931,0.022756092250347137,0.5825664802758117,0.9635657201172636,4.380398750305176,0.008612635545432568,0.00196617614887972,0.0
41,octanol_dipole,187,0.061458930373191833,0.026152972131967545,0.5815227179400229,0.9664889975371318,5.00860595703125,0.009524081833660603,0.001901543446493405,0.0
41,octanol_dipole,188,0.06460968405008316,0.027690840885043144,0.5815518422166333,0.9682982147417936,5.329766750335693,0.005692112259566784,0.0010679852470482443,0.0
41,octanol_dipole,189,0.06819469481706619,0.031740568578243256,0.5826986714556701,0.9472845110729284,6.131414890289307,0.023741383105516434,0.003872088829466931,0.0
41,octanol_dipole,190,0.051634132862091064,0.03933175280690193,0.5927145147459303,0.9675805586201032,8.026487350463867,0.008378022350370884,0.0010437968671173077,0.02
41,octanol_dipole,191,0.08057314157485962,0.028869181871414185,0.5802179792552284,0.9630618809543037,5.56289529800415,0.006458164192736149,0.001160935780159875,0.0
41,octanol_dipole,192,0.20727570354938507,0.028699859976768494,0.5819492595070497,0.9044108873568437,5.579162120819092,0.5036792755126953,0.09027865916159267,0.02
41,octanol_dipole,193,0.21092820167541504,0.02974630892276764,0.580976614017594,0.8885296008101966,5.835672855377197,0.4893871545791626,0.08386130729179306,0.04
41,octanol_dipole,194,0.07121364027261734,0.028367023915052414,0.5819525184456602,0.967284710741871,5.461912155151367,0.008191575296223164,0.0014997632813441228,0.0
41,octanol_dipole,195,0.2443125694990158,0.030491527169942856,0.5822267606937035,0.9141762832235756,6.026488780975342,0.35404258966445923,0.05874773894578795,0.06
41,octanol_dipole,196,0.1991649568080902,0.02163933590054512,0.5833751490396022,0.9167402750467197,4.248322010040283,0.22694924473762512,0.053420913998812714,0.06
41,octanol_dipole,197,0.03693614900112152,0.040998272597789764,0.5828161363074773,0.9674384395912181,7.714123725891113,0.005832611117511988,0.0007560950957962787,0.0
41,octanol_dipole,198,0.07215884327888489,0.023988528177142143,0.5858582184848691,0.9557309096112685,4.615802764892578,0.005968379322439432,0.0012930317057380444,0.04
41,octanol_dipole,199,0.04554256796836853,0.029492760077118874,0.5786959219136338,0.95283639584345,5.639162063598633,0.010534724220633507,0.0018681364539310241,0.0
41,octanol_dipole,200,0.04076806455850601,0.024276303127408028,0.5819152518395609,0.9569256610064534,4.659553050994873,0.007359310984611511,0.0015794027676195694,0.02
41,octanol_dipole,201,0.2364967167377472,0.032855477184057236,0.5765999420116348,0.8964664744831714,6.326292037963867,0.593007504940033,0.09373697916274094,0.08
41,octanol_dipole,202,0.12811002135276794,0.02821071818470955,0.5858324907942485,0.9284765888941682,5.572499752044678,0.03899644315242767,0.006998016130573893,0.0
41,octanol_dipole,203,0.07325518876314163,0.023946136236190796,0.582721418867659,0.9643596887255423,4.601412773132324,0.011137355118989944,0.00242042078555113,0.0
41,octanol_dipole,204,0.06912484765052795,0.026549937203526497,0.5831018725506663,0.961994282558644,5.120334148406982,0.01507224328815937,0.002943605407637036,0.02
41,octanol_dipole,205,0.3604722321033478,0.029879411682486534,0.5840328424013126,0.8946211014472487,5.886825084686279,0.6920052766799927,0.11755152679500261,0.2
41,octanol_dipole,206,0.10158262401819229,0.024768201634287834,0.5794516439267345,0.9379675479053498,4.716630458831787,0.05550306290388107,0.011767524165467067,0.02
41,octanol_dipole,207,0.06477472186088562,0.03351277858018875,0.5823303994105502,0.9421724956094506,6.489630222320557,0.013092747889459133,0.0020174875055943386,0.0
41,octanol_dipole,208,0.03796079009771347,0.04080047085881233,0.5832166317442926,0.9701559655371423,7.711669921875,0.005020153243094683,0.0006509813430751835,0.0
41,octanol_dipole,209,0.11748956143856049,0.026049988344311714,0.5825145333880204,0.9463882510043027,5.066758632659912,0.046524353325366974,0.009182271487233435,0.02
41,octanol_dipole,210,0.17940881848335266,0.022988568991422653,0.5837810285872811,0.9209438133830503,4.471695899963379,0.2147637903690338,0.04802736929646594,0.02
41,octanol_dipole,211,0.0639457032084465,0.027747057378292084,0.5821703108286336,0.9635339612979932,5.356996059417725,0.007480185944586992,0.0013963396391596461,0.02
41,octanol_dipole,212,0.16321216523647308,0.025797631591558456,0.5832075368251257,0.9221665993718284,5.05126428604126,0.15334546566009521,0.030357838548232846,0.02
41,octanol_dipole,213,0.06078086420893669,0.028226148337125778,0.5836932353912414,0.9540564481863634,5.508255481719971,0.009110452607274055,0.0016539633351264395,0.0
41,octanol_dipole,214,0.09122338891029358,0.02831663377583027,0.583035334107112,0.9614902151531965,5.515828609466553,0.015908505767583847,0.0028841552002324437,0.0
41,octanol_dipole,215,0.03942055255174637,0.023224784061312675,0.5833129347885033,0.9576009464387538,4.490087032318115,0.016054267063736916,0.0035754912874035125,0.0
41,octanol_dipole,216,0.05638523027300835,0.032725151628255844,0.5797810415557092,0.9513943114775214,6.25294303894043,0.008699596859514713,0.0013912803627568104,0.02
41,octanol_dipole,217,0.062311891466379166,0.034474123269319534,0.587478287877655,0.962636672983262,6.806580543518066,0.00553372036665678,0.0008129956490306376,0.0
41,octanol_dipole,218,0.139124795794487,0.023718375712633133,0.5837243144812452,0.9228328117107198,4.590676784515381,0.23596468567848206,0.051400849320170965,0.04
41,octanol_dipole,219,0.05465729534626007,0.028701607137918472,0.582268485471966,0.9504154804102158,5.523475646972656,0.006014293525367975,0.0010888603317486029,0.0
41,octanol_dipole,220,0.1981724202632904,0.031973373144865036,0.5815353370478975,0.8879222423357549,6.227771759033203,0.6760252118110657,0.10855009431431244,0.08
41,octanol_dipole,221,0.06701575964689255,0.030225669965147972,0.5829789998064967,0.9533339885129546,5.816148281097412,0.008227454498410225,0.001414588160544256,0.04
41,octanol_dipole,222,0.10085916519165039,0.029498886317014694,0.5830294582691937,0.9423102027759398,5.724239826202393,0.030189311131834984,0.005273942400813655,0.04
41,octanol_dipole,223,0.049960073083639145,0.031357038766145706,0.5804654919761567,0.9642036398363905,5.98431396484375,0.009281937032938004,0.0015510444618158255,0.02
41,octanol_dipole,224,0.31799590587615967,0.03130429610610008,0.579999698807278,0.8946196789359193,6.0770697593688965,0.7051085233688354,0.116027715871088,0.1
41,octanol_dipole,225,0.06148412451148033,0.02752312272787094,0.5824583498610398,0.9697977064237984,5.3648152351379395,0.007663288619369268,0.001428434770535435,0.0
41,octanol_dipole,226,0.0714244395494461,0.027012987062335014,0.5811662927921235,0.9691511892095379,5.186425685882568,0.011873516254127026,0.0022893447189355656,0.04
41,octanol_dipole,227,0.12836788594722748,0.030933886766433716,0.5824984516642651,0.9474258103011448,6.042586326599121,0.03775652125477791,0.006248404112751497,0.0
41,octanol_dipole,228,0.11713768541812897,0.026914328336715698,0.581952028187426,0.9357548403175671,5.18209981918335,0.09390699863433838,0.018121418326738685,0.02
41,octanol_dipole,229,0.19709843397140503,0.035914745181798935,0.5824254357464449,0.8849516788642842,6.86734676361084,0.4572490155696869,0.06658306785854892,0.02
41,octanol_dipole,230,0.34749212861061096,0.026846546679735184,0.5858929927803731,0.8980476337613057,5.324737548828125,0.9278524518013,0.1742531802352405,0.14
41,octanol_dipole,231,0.16067013144493103,0.04266704246401787,0.5786312673560023,0.9432850083473558,8.168478965759277,0.10680146515369415,0.013074828937111272,0.06
41,octanol_dipole,232,0.11546839773654938,0.0298654492944479,0.5835258772578711,0.9452556233134222,5.8703227043151855,0.039459120482206345,0.006721797500706484,0.04
41,octanol_dipole,233,0.2764393985271454,0.0318957082927227,0.5802058238011665,0.8881462659869854,6.276199817657471,0.7483741044998169,0.11924000609323177,0.06
41,octanol_dipole,234,0.07185237109661102,0.028204988688230515,0.5824941544760116,0.9726676213392906,5.454296588897705,0.009523081593215466,0.0017459779529774432,0.0
41,octanol_dipole,235,0.07835069298744202,0.028779979795217514,0.5804542680842437,0.9720441537407492,5.489195346832275,0.006258000619709492,0.0011400579182012317,0.02
41,octanol_dipole,236,0.13567179441452026,0.031464140862226486,0.5822400092010684,0.9408669152626401,6.103588104248047,0.11682939529418945,0.01914110082442771,0.02
41,octanol_dipole,237,0.08995608985424042,0.027583718299865723,0.5819361660181483,0.9649283377556457,5.314153671264648,0.012089928612112999,0.002275043094347678,0.02
41,octanol_dipole,238,0.05898009613156319,0.02827852964401245,0.5811107230448735,0.9635775447962185,5.412722587585449,0.008534572087228298,0.0015767614077992992,0.0
41,octanol_dipole,239,0.06072119250893593,0.02611941285431385,0.581434177633527,0.9538523815790174,4.981619834899902,0.019839050248265266,0.003982449666126299,0.0
41,octanol_dipole,240,0.10922563076019287,0.0314720943570137,0.5801674994298021,0.9449018940315586,6.040617942810059,0.054412443190813065,0.009007761077751713,0.0
41,octanol_dipole,241,0.18257126212120056,0.03839774802327156,0.5950066434328094,0.8880388811112732,7.498631477355957,0.6659632325172424,0.0888113030395332,0.04
41,octanol_dipole,242,0.17764663696289062,0.03425605222582817,0.5824578617670273,0.924062866334616,6.528489589691162,0.13162899017333984,0.020162242485794745,0.04
41,octanol_dipole,243,0.059180714190006256,0.024324243888258934,0.5826471650134968,0.9560109285337266,4.685994625091553,0.005951384548097849,0.0012700365715809104,0.02
41,octanol_dipole,244,0.052926696836948395,0.02659469284117222,0.5810538900998541,0.9498644028462764,5.090954780578613,0.010335749946534634,0.002030218375925139,0.0
41,octanol_dipole,245,0.2871396541595459,0.028270747512578964,0.5823124018386607,0.8830444073642663,5.591553211212158,0.9771416187286377,0.17475316460715737,0.02
41,octanol_dipole,246,0.1478593498468399,0.029574239626526833,0.5828676695364048,0.9312626890242426,5.7511138916015625,0.13961461186408997,0.024276099290603734,0.0
41,octanol_dipole,247,0.16242940723896027,0.029792126268148422,0.5833871192709545,0.9264136260378535,5.847818851470947,0.14740313589572906,0.025206515393111334,0.02
41,octanol_dipole,248,0.057632483541965485,0.03206488862633705,0.5843692324410517,0.9533584891650981,6.303842067718506,0.0059353564865887165,0.0009415458735844961,0.02
41,octanol_dipole,249,0.127375528216362,0.03216863423585892,0.5822301391379463,0.9256294362907855,6.210269451141357,0.16080935299396515,0.025894102383015077,0.04
41,hexane_gsolv_eV,0,1.0000001192092896,0.0,0.631329777169831,0.631329777169831,,,,1.0
41,hexane_gsolv_eV,1,1.0000001192092896,0.0,0.631329777169831,0.631329777169831,,,,1.0
41,hexane_gsolv_eV,2,1.0000001192092896,0.0,0.631329777169831,0.631329777169831,,,,1.0
41,hexane_gsolv_eV,3,1.0000001192092896,0.0,0.631329777169831,0.631329777169831,,,,1.0
41,hexane_gsolv_eV,4,1.0000001192092896,0.0,0.631329777169831,0.631329777169831,,,,1.0
41,hexane_gsolv_eV,5,1.0000001192092896,0.0,0.631329777169831,0.631329777169831,,,,1.0
41,hexane_gsolv_eV,6,1.0000001192092896,0.0,0.631329777169831,0.631329777169831,,,,1.0
41,hexane_gsolv_eV,7,1.0000001192092896,0.0,0.631329777169831,0.631329777169831,,,,1.0
41,hexane_gsolv_eV,8,1.0000001192092896,0.0,0.631329777169831,0.631329777169831,,,,1.0
41,hexane_gsolv_eV,9,1.0000001192092896,0.0,0.631329777169831,0.631329777169831,,,,1.0
41,hexane_gsolv_eV,10,1.0000001192092896,0.0,0.631329777169831,0.631329777169831,,,,1.0
41,hexane_gsolv_eV,11,1.0000001192092896,0.0,0.631329777169831,0.631329777169831,,,,1.0
41,hexane_gsolv_eV,12,1.0000001192092896,0.0,0.631329777169831,0.631329777169831,,,,1.0
41,hexane_gsolv_eV,13,1.0000001192092896,0.0,0.631329777169831,0.631329777169831,,,,1.0
41,hexane_gsolv_eV,14,1.0000001192092896,0.0,0.631329777169831,0.631329777169831,,,,1.0
41,hexane_gsolv_eV,15,1.0000001192092896,0.0,0.631329777169831,0.631329777169831,,,,1.0
41,hexane_gsolv_eV,16,1.0000001192092896,0.0,0.631329777169831,0.631329777169831,,,,1.0
41,hexane_gsolv_eV,17,1.0000001192092896,0.0,0.631329777169831,0.631329777169831,,,,1.0
41,hexane_gsolv_eV,18,1.0000001192092896,0.0,0.631329777169831,0.631329777169831,,,,1.0
41,hexane_gsolv_eV,19,1.0000001192092896,0.0,0.631329777169831,0.631329777169831,,,,1.0
41,hexane_gsolv_eV,20,1.0000001192092896,0.0,0.631329777169831,0.631329777169831,,,,1.0
41,hexane_gsolv_eV,21,1.0000001192092896,0.0,0.631329777169831,0.631329777169831,,,,1.0
41,hexane_gsolv_eV,22,1.0000001192092896,0.0,0.631329777169831,0.631329777169831,,,,1.0
41,hexane_gsolv_eV,23,1.0000001192092896,0.0,0.631329777169831,0.631329777169831,,,,1.0
41,hexane_gsolv_eV,24,1.0000001192092896,0.0,0.631329777169831,0.631329777169831,,,,1.0
41,hexane_gsolv_eV,25,1.0000001192092896,0.0,0.631329777169831,0.631329777169831,,,,1.0
41,hexane_gsolv_eV,26,1.0000001192092896,0.0,0.631329777169831,0.631329777169831,,,,1.0
41,hexane_gsolv_eV,27,1.0000001192092896,0.0,0.631329777169831,0.631329777169831,,,,1.0
41,hexane_gsolv_eV,28,1.0000001192092896,0.0,0.631329777169831,0.631329777169831,,,,1.0
41,hexane_gsolv_eV,29,1.0000001192092896,0.0,0.631329777169831,0.631329777169831,,,,1.0
41,hexane_gsolv_eV,30,1.0000001192092896,0.0,0.631329777169831,0.631329777169831,,,,1.0
41,hexane_gsolv_eV,31,1.0000001192092896,0.0,0.631329777169831,0.631329777169831,,,,1.0
41,hexane_gsolv_eV,32,1.0000001192092896,0.0,0.631329777169831,0.631329777169831,,,,1.0
41,hexane_gsolv_eV,33,1.0000001192092896,0.0,0.631329777169831,0.631329777169831,,,,1.0
41,hexane_gsolv_eV,34,1.0000001192092896,0.0,0.631329777169831,0.631329777169831,,,,1.0
41,hexane_gsolv_eV,35,1.0000001192092896,0.0,0.631329777169831,0.631329777169831,,,,1.0
41,hexane_gsolv_eV,36,1.0000001192092896,0.0,0.631329777169831,0.631329777169831,,,,1.0
41,hexane_gsolv_eV,37,1.0000001192092896,0.0,0.631329777169831,0.631329777169831,,,,1.0
41,hexane_gsolv_eV,38,1.0000001192092896,0.0,0.631329777169831,0.631329777169831,,,,1.0
41,hexane_gsolv_eV,39,1.0000001192092896,0.0,0.631329777169831,0.631329777169831,,,,1.0
41,hexane_gsolv_eV,40,1.0000001192092896,0.0,0.631329777169831,0.631329777169831,,,,1.0
41,hexane_gsolv_eV,41,1.0000001192092896,0.0,0.631329777169831,0.631329777169831,,,,1.0
41,hexane_gsolv_eV,42,1.0000001192092896,0.0,0.631329777169831,0.631329777169831,,,,1.0
41,hexane_gsolv_eV,43,1.0000001192092896,0.0,0.631329777169831,0.631329777169831,,,,1.0
41,hexane_gsolv_eV,44,1.0000001192092896,0.0,0.631329777169831,0.631329777169831,,,,1.0
41,hexane_gsolv_eV,45,1.0000001192092896,0.0,0.631329777169831,0.631329777169831,,,,1.0
41,hexane_gsolv_eV,46,1.0000001192092896,0.0,0.631329777169831,0.631329777169831,,,,1.0
41,hexane_gsolv_eV,47,1.0000001192092896,0.0,0.631329777169831,0.631329777169831,,,,1.0
41,hexane_gsolv_eV,48,1.0000001192092896,0.0,0.631329777169831,0.631329777169831,,,,1.0
41,hexane_gsolv_eV,49,1.0000001192092896,0.0,0.631329777169831,0.631329777169831,,,,1.0
41,hexane_gsolv_eV,50,1.0000001192092896,0.0,0.631329777169831,0.631329777169831,,,,1.0
41,hexane_gsolv_eV,51,1.0000001192092896,0.0,0.631329777169831,0.631329777169831,,,,1.0
41,hexane_gsolv_eV,52,1.0000001192092896,0.0,0.631329777169831,0.631329777169831,,,,1.0
41,hexane_gsolv_eV,53,1.0000001192092896,0.0,0.631329777169831,0.631329777169831,,,,1.0
41,hexane_gsolv_eV,54,1.0000001192092896,0.0,0.631329777169831,0.631329777169831,,,,1.0
41,hexane_gsolv_eV,55,1.0000001192092896,0.0,0.631329777169831,0.631329777169831,,,,1.0
41,hexane_gsolv_eV,56,1.0000001192092896,0.0,0.631329777169831,0.631329777169831,,,,1.0
41,hexane_gsolv_eV,57,1.0000001192092896,0.0,0.631329777169831,0.631329777169831,,,,1.0
41,hexane_gsolv_eV,58,1.0000001192092896,0.0,0.631329777169831,0.631329777169831,,,,1.0
41,hexane_gsolv_eV,59,1.0000001192092896,0.0,0.631329777169831,0.631329777169831,,,,1.0
41,hexane_gsolv_eV,60,1.0000001192092896,0.0,0.631329777169831,0.631329777169831,,,,1.0
41,hexane_gsolv_eV,61,1.0000001192092896,0.0,0.631329777169831,0.631329777169831,,,,1.0
41,hexane_gsolv_eV,62,1.0000001192092896,0.0,0.631329777169831,0.631329777169831,,,,1.0
41,hexane_gsolv_eV,63,1.0000001192092896,0.0,0.631329777169831,0.631329777169831,,,,1.0
41,hexane_gsolv_eV,64,1.0000001192092896,0.0,0.631329777169831,0.631329777169831,,,,1.0
41,hexane_gsolv_eV,65,1.0000001192092896,0.0,0.631329777169831,0.631329777169831,,,,1.0
41,hexane_gsolv_eV,66,1.0000001192092896,0.0,0.631329777169831,0.631329777169831,,,,1.0
41,hexane_gsolv_eV,67,1.0000001192092896,0.0,0.631329777169831,0.631329777169831,,,,1.0
41,hexane_gsolv_eV,68,1.0000001192092896,0.0,0.631329777169831,0.631329777169831,,,,1.0
41,hexane_gsolv_eV,69,1.0000001192092896,0.0,0.631329777169831,0.631329777169831,,,,1.0
41,hexane_gsolv_eV,70,1.0000001192092896,0.0,0.631329777169831,0.631329777169831,,,,1.0
41,hexane_gsolv_eV,71,1.0000001192092896,0.0,0.631329777169831,0.631329777169831,,,,1.0
41,hexane_gsolv_eV,72,1.0000001192092896,0.0,0.631329777169831,0.631329777169831,,,,1.0
41,hexane_gsolv_eV,73,1.0000001192092896,0.0,0.631329777169831,0.631329777169831,,,,1.0
41,hexane_gsolv_eV,74,1.0000001192092896,0.0,0.631329777169831,0.631329777169831,,,,1.0
41,hexane_gsolv_eV,75,1.0000001192092896,0.0,0.631329777169831,0.631329777169831,,,,1.0
41,hexane_gsolv_eV,76,1.0000001192092896,0.0,0.631329777169831,0.631329777169831,,,,1.0
41,hexane_gsolv_eV,77,1.0000001192092896,0.0,0.631329777169831,0.631329777169831,,,,1.0
41,hexane_gsolv_eV,78,1.0000001192092896,0.0,0.631329777169831,0.631329777169831,,,,1.0
41,hexane_gsolv_eV,79,1.0000001192092896,0.0,0.631329777169831,0.631329777169831,,,,1.0
41,hexane_gsolv_eV,80,1.0000001192092896,0.0,0.631329777169831,0.631329777169831,,,,1.0
41,hexane_gsolv_eV,81,1.0000001192092896,0.0,0.631329777169831,0.631329777169831,,,,1.0
41,hexane_gsolv_eV,82,1.0000001192092896,0.0,0.631329777169831,0.631329777169831,,,,1.0
41,hexane_gsolv_eV,83,1.0000001192092896,0.0,0.631329777169831,0.631329777169831,,,,1.0
41,hexane_gsolv_eV,84,1.0000001192092896,0.0,0.631329777169831,0.631329777169831,,,,1.0
41,hexane_gsolv_eV,85,1.0000001192092896,0.0,0.631329777169831,0.631329777169831,,,,1.0
41,hexane_gsolv_eV,86,1.0000001192092896,0.0,0.631329777169831,0.631329777169831,,,,1.0
41,hexane_gsolv_eV,87,1.0000001192092896,0.0,0.631329777169831,0.631329777169831,,,,1.0
41,hexane_gsolv_eV,88,1.0000001192092896,0.0,0.631329777169831,0.631329777169831,,,,1.0
41,hexane_gsolv_eV,89,1.0000001192092896,0.0,0.631329777169831,0.631329777169831,,,,1.0
41,hexane_gsolv_eV,90,1.0000001192092896,0.0,0.631329777169831,0.631329777169831,,,,1.0
41,hexane_gsolv_eV,91,1.0000001192092896,0.0,0.631329777169831,0.631329777169831,,,,1.0
41,hexane_gsolv_eV,92,1.0000001192092896,0.0,0.631329777169831,0.631329777169831,,,,1.0
41,hexane_gsolv_eV,93,1.0000001192092896,0.0,0.631329777169831,0.631329777169831,,,,1.0
41,hexane_gsolv_eV,94,1.0000001192092896,0.0,0.631329777169831,0.631329777169831,,,,1.0
41,hexane_gsolv_eV,95,1.0000001192092896,0.0,0.631329777169831,0.631329777169831,,,,1.0
41,hexane_gsolv_eV,96,1.0000001192092896,0.0,0.631329777169831,0.631329777169831,,,,1.0
41,hexane_gsolv_eV,97,1.0000001192092896,0.0,0.631329777169831,0.631329777169831,,,,1.0
41,hexane_gsolv_eV,98,1.0000001192092896,0.0,0.631329777169831,0.631329777169831,,,,1.0
41,hexane_gsolv_eV,99,1.0000001192092896,0.0,0.631329777169831,0.631329777169831,,,,1.0
41,hexane_gsolv_eV,100,1.0000001192092896,0.0,0.631329777169831,0.631329777169831,,,,1.0
41,hexane_gsolv_eV,101,1.0000001192092896,0.0,0.631329777169831,0.631329777169831,,,,1.0
41,hexane_gsolv_eV,102,1.0000001192092896,0.0,0.631329777169831,0.631329777169831,,,,1.0
41,hexane_gsolv_eV,103,1.0000001192092896,0.0,0.631329777169831,0.631329777169831,,,,1.0
41,hexane_gsolv_eV,104,1.0000001192092896,0.0,0.631329777169831,0.631329777169831,,,,1.0
41,hexane_gsolv_eV,105,1.0000001192092896,0.0,0.631329777169831,0.631329777169831,,,,1.0
41,hexane_gsolv_eV,106,1.0000001192092896,0.0,0.631329777169831,0.631329777169831,,,,1.0
41,hexane_gsolv_eV,107,1.0000001192092896,0.0,0.631329777169831,0.631329777169831,,,,1.0
41,hexane_gsolv_eV,108,1.0000001192092896,0.0,0.631329777169831,0.631329777169831,,,,1.0
41,hexane_gsolv_eV,109,1.0000001192092896,0.0,0.631329777169831,0.631329777169831,,,,1.0
41,hexane_gsolv_eV,110,1.0000001192092896,0.0,0.631329777169831,0.631329777169831,,,,1.0
41,hexane_gsolv_eV,111,1.0000001192092896,0.0,0.631329777169831,0.631329777169831,,,,1.0
41,hexane_gsolv_eV,112,1.0000001192092896,0.0,0.631329777169831,0.631329777169831,,,,1.0
41,hexane_gsolv_eV,113,1.0000001192092896,0.0,0.631329777169831,0.631329777169831,,,,1.0
41,hexane_gsolv_eV,114,1.0000001192092896,0.0,0.631329777169831,0.631329777169831,,,,1.0
41,hexane_gsolv_eV,115,1.0000001192092896,0.0,0.631329777169831,0.631329777169831,,,,1.0
41,hexane_gsolv_eV,116,1.0000001192092896,0.0,0.631329777169831,0.631329777169831,,,,1.0
41,hexane_gsolv_eV,117,1.0000001192092896,0.0,0.631329777169831,0.631329777169831,,,,1.0
41,hexane_gsolv_eV,118,1.0000001192092896,0.0,0.631329777169831,0.631329777169831,,,,1.0
41,hexane_gsolv_eV,119,1.0000001192092896,0.0,0.631329777169831,0.631329777169831,,,,1.0
41,hexane_gsolv_eV,120,1.0000001192092896,0.0,0.631329777169831,0.631329777169831,,,,1.0
41,hexane_gsolv_eV,121,1.0000001192092896,0.0,0.631329777169831,0.631329777169831,,,,1.0
41,hexane_gsolv_eV,122,1.0000001192092896,0.0,0.631329777169831,0.631329777169831,,,,1.0
41,hexane_gsolv_eV,123,1.0000001192092896,0.0,0.631329777169831,0.631329777169831,,,,1.0
41,hexane_gsolv_eV,124,1.0000001192092896,0.0,0.631329777169831,0.631329777169831,,,,1.0
41,hexane_gsolv_eV,125,1.0000001192092896,0.0,0.631329777169831,0.631329777169831,,,,1.0
41,hexane_gsolv_eV,126,1.0000001192092896,0.0,0.631329777169831,0.631329777169831,,,,1.0
41,hexane_gsolv_eV,127,1.0000001192092896,0.0,0.631329777169831,0.631329777169831,,,,1.0
41,hexane_gsolv_eV,128,1.0000001192092896,0.0,0.631329777169831,0.631329777169831,,,,1.0
41,hexane_gsolv_eV,129,1.0000001192092896,0.0,0.631329777169831,0.631329777169831,,,,1.0
41,hexane_gsolv_eV,130,1.0000001192092896,0.0,0.631329777169831,0.631329777169831,,,,1.0
41,hexane_gsolv_eV,131,1.0000001192092896,0.0,0.631329777169831,0.631329777169831,,,,1.0
41,hexane_gsolv_eV,132,1.0000001192092896,0.0,0.631329777169831,0.631329777169831,,,,1.0
41,hexane_gsolv_eV,133,1.0000001192092896,0.0,0.631329777169831,0.631329777169831,,,,1.0
41,hexane_gsolv_eV,134,1.0000001192092896,0.0,0.631329777169831,0.631329777169831,,,,1.0
41,hexane_gsolv_eV,135,1.0000001192092896,0.0,0.631329777169831,0.631329777169831,,,,1.0
41,hexane_gsolv_eV,136,1.0000001192092896,0.0,0.631329777169831,0.631329777169831,,,,1.0
41,hexane_gsolv_eV,137,1.0000001192092896,0.0,0.631329777169831,0.631329777169831,,,,1.0
41,hexane_gsolv_eV,138,1.0000001192092896,0.0,0.631329777169831,0.631329777169831,,,,1.0
41,hexane_gsolv_eV,139,1.0000001192092896,0.0,0.631329777169831,0.631329777169831,,,,1.0
41,hexane_gsolv_eV,140,1.0000001192092896,0.0,0.631329777169831,0.631329777169831,,,,1.0
41,hexane_gsolv_eV,141,1.0000001192092896,0.0,0.631329777169831,0.631329777169831,,,,1.0
41,hexane_gsolv_eV,142,1.0000001192092896,0.0,0.631329777169831,0.631329777169831,,,,1.0
41,hexane_gsolv_eV,143,1.0000001192092896,0.0,0.631329777169831,0.631329777169831,,,,1.0
41,hexane_gsolv_eV,144,1.0000001192092896,0.0,0.631329777169831,0.631329777169831,,,,1.0
41,hexane_gsolv_eV,145,1.0000001192092896,0.0,0.631329777169831,0.631329777169831,,,,1.0
41,hexane_gsolv_eV,146,1.0000001192092896,0.0,0.631329777169831,0.631329777169831,,,,1.0
41,hexane_gsolv_eV,147,1.0000001192092896,0.0,0.631329777169831,0.631329777169831,,,,1.0
41,hexane_gsolv_eV,148,1.0000001192092896,0.0,0.631329777169831,0.631329777169831,,,,1.0
41,hexane_gsolv_eV,149,1.0000001192092896,0.0,0.631329777169831,0.631329777169831,,,,1.0
41,hexane_gsolv_eV,150,1.0000001192092896,0.0,0.631329777169831,0.631329777169831,,,,1.0
41,hexane_gsolv_eV,151,1.0000001192092896,0.0,0.631329777169831,0.631329777169831,,,,1.0
41,hexane_gsolv_eV,152,1.0000001192092896,0.0,0.631329777169831,0.631329777169831,,,,1.0
41,hexane_gsolv_eV,153,1.0000001192092896,0.0,0.631329777169831,0.631329777169831,,,,1.0
41,hexane_gsolv_eV,154,1.0000001192092896,0.0,0.631329777169831,0.631329777169831,,,,1.0
41,hexane_gsolv_eV,155,1.0000001192092896,0.0,0.631329777169831,0.631329777169831,,,,1.0
41,hexane_gsolv_eV,156,1.0000001192092896,0.0,0.631329777169831,0.631329777169831,,,,1.0
41,hexane_gsolv_eV,157,1.0000001192092896,0.0,0.631329777169831,0.631329777169831,,,,1.0
41,hexane_gsolv_eV,158,1.0000001192092896,0.0,0.631329777169831,0.631329777169831,,,,1.0
41,hexane_gsolv_eV,159,1.0000001192092896,0.0,0.631329777169831,0.631329777169831,,,,1.0
41,hexane_gsolv_eV,160,1.0000001192092896,0.0,0.631329777169831,0.631329777169831,,,,1.0
41,hexane_gsolv_eV,161,1.0000001192092896,0.0,0.631329777169831,0.631329777169831,,,,1.0
41,hexane_gsolv_eV,162,1.0000001192092896,0.0,0.631329777169831,0.631329777169831,,,,1.0
41,hexane_gsolv_eV,163,1.0000001192092896,0.0,0.631329777169831,0.631329777169831,,,,1.0
41,hexane_gsolv_eV,164,1.0000001192092896,0.0,0.631329777169831,0.631329777169831,,,,1.0
41,hexane_gsolv_eV,165,1.0000001192092896,0.0,0.631329777169831,0.631329777169831,,,,1.0
41,hexane_gsolv_eV,166,1.0000001192092896,0.0,0.631329777169831,0.631329777169831,,,,1.0
41,hexane_gsolv_eV,167,1.0000001192092896,0.0,0.631329777169831,0.631329777169831,,,,1.0
41,hexane_gsolv_eV,168,1.0000001192092896,0.0,0.631329777169831,0.631329777169831,,,,1.0
41,hexane_gsolv_eV,169,1.0000001192092896,0.0,0.631329777169831,0.631329777169831,,,,1.0
41,hexane_gsolv_eV,170,1.0000001192092896,0.0,0.631329777169831,0.631329777169831,,,,1.0
41,hexane_gsolv_eV,171,1.0000001192092896,0.0,0.631329777169831,0.631329777169831,,,,1.0
41,hexane_gsolv_eV,172,1.0000001192092896,0.0,0.631329777169831,0.631329777169831,,,,1.0
41,hexane_gsolv_eV,173,1.0000001192092896,0.0,0.631329777169831,0.631329777169831,,,,1.0
41,hexane_gsolv_eV,174,1.0000001192092896,0.0,0.631329777169831,0.631329777169831,,,,1.0
41,hexane_gsolv_eV,175,1.0000001192092896,0.0,0.631329777169831,0.631329777169831,,,,1.0
41,hexane_gsolv_eV,176,1.0000001192092896,0.0,0.631329777169831,0.631329777169831,,,,1.0
41,hexane_gsolv_eV,177,1.0000001192092896,0.0,0.631329777169831,0.631329777169831,,,,1.0
41,hexane_gsolv_eV,178,1.0000001192092896,0.0,0.631329777169831,0.631329777169831,,,,1.0
41,hexane_gsolv_eV,179,1.0000001192092896,0.0,0.631329777169831,0.631329777169831,,,,1.0
41,hexane_gsolv_eV,180,1.0000001192092896,0.0,0.631329777169831,0.631329777169831,,,,1.0
41,hexane_gsolv_eV,181,1.0000001192092896,0.0,0.631329777169831,0.631329777169831,,,,1.0
41,hexane_gsolv_eV,182,1.0000001192092896,0.0,0.631329777169831,0.631329777169831,,,,1.0
41,hexane_gsolv_eV,183,1.0000001192092896,0.0,0.631329777169831,0.631329777169831,,,,1.0
41,hexane_gsolv_eV,184,1.0000001192092896,0.0,0.631329777169831,0.631329777169831,,,,1.0
41,hexane_gsolv_eV,185,1.0000001192092896,0.0,0.631329777169831,0.631329777169831,,,,1.0
41,hexane_gsolv_eV,186,1.0000001192092896,0.0,0.631329777169831,0.631329777169831,,,,1.0
41,hexane_gsolv_eV,187,1.0000001192092896,0.0,0.631329777169831,0.631329777169831,,,,1.0
41,hexane_gsolv_eV,188,1.0000001192092896,0.0,0.631329777169831,0.631329777169831,,,,1.0
41,hexane_gsolv_eV,189,1.0000001192092896,0.0,0.631329777169831,0.631329777169831,,,,1.0
41,hexane_gsolv_eV,190,1.0000001192092896,0.0,0.631329777169831,0.631329777169831,,,,1.0
41,hexane_gsolv_eV,191,1.0000001192092896,0.0,0.631329777169831,0.631329777169831,,,,1.0
41,hexane_gsolv_eV,192,1.0000001192092896,0.0,0.631329777169831,0.631329777169831,,,,1.0
41,hexane_gsolv_eV,193,1.0000001192092896,0.0,0.631329777169831,0.631329777169831,,,,1.0
41,hexane_gsolv_eV,194,1.0000001192092896,0.0,0.631329777169831,0.631329777169831,,,,1.0
41,hexane_gsolv_eV,195,1.0000001192092896,0.0,0.631329777169831,0.631329777169831,,,,1.0
41,hexane_gsolv_eV,196,1.0000001192092896,0.0,0.631329777169831,0.631329777169831,,,,1.0
41,hexane_gsolv_eV,197,1.0000001192092896,0.0,0.631329777169831,0.631329777169831,,,,1.0
41,hexane_gsolv_eV,198,1.0000001192092896,0.0,0.631329777169831,0.631329777169831,,,,1.0
41,hexane_gsolv_eV,199,1.0000001192092896,0.0,0.631329777169831,0.631329777169831,,,,1.0
41,hexane_gsolv_eV,200,1.0000001192092896,0.0,0.631329777169831,0.631329777169831,,,,1.0
41,hexane_gsolv_eV,201,1.0000001192092896,0.0,0.631329777169831,0.631329777169831,,,,1.0
41,hexane_gsolv_eV,202,1.0000001192092896,0.0,0.631329777169831,0.631329777169831,,,,1.0
41,hexane_gsolv_eV,203,1.0000001192092896,0.0,0.631329777169831,0.631329777169831,,,,1.0
41,hexane_gsolv_eV,204,1.0000001192092896,0.0,0.631329777169831,0.631329777169831,,,,1.0
41,hexane_gsolv_eV,205,1.0000001192092896,0.0,0.631329777169831,0.631329777169831,,,,1.0
41,hexane_gsolv_eV,206,1.0000001192092896,0.0,0.631329777169831,0.631329777169831,,,,1.0
41,hexane_gsolv_eV,207,1.0000001192092896,0.0,0.631329777169831,0.631329777169831,,,,1.0
41,hexane_gsolv_eV,208,1.0000001192092896,0.0,0.631329777169831,0.631329777169831,,,,1.0
41,hexane_gsolv_eV,209,1.0000001192092896,0.0,0.631329777169831,0.631329777169831,,,,1.0
41,hexane_gsolv_eV,210,1.0000001192092896,0.0,0.631329777169831,0.631329777169831,,,,1.0
41,hexane_gsolv_eV,211,1.0000001192092896,0.0,0.631329777169831,0.631329777169831,,,,1.0
41,hexane_gsolv_eV,212,1.0000001192092896,0.0,0.631329777169831,0.631329777169831,,,,1.0
41,hexane_gsolv_eV,213,1.0000001192092896,0.0,0.631329777169831,0.631329777169831,,,,1.0
41,hexane_gsolv_eV,214,1.0000001192092896,0.0,0.631329777169831,0.631329777169831,,,,1.0
41,hexane_gsolv_eV,215,1.0000001192092896,0.0,0.631329777169831,0.631329777169831,,,,1.0
41,hexane_gsolv_eV,216,1.0000001192092896,0.0,0.631329777169831,0.631329777169831,,,,1.0
41,hexane_gsolv_eV,217,1.0000001192092896,0.0,0.631329777169831,0.631329777169831,,,,1.0
41,hexane_gsolv_eV,218,1.0000001192092896,0.0,0.631329777169831,0.631329777169831,,,,1.0
41,hexane_gsolv_eV,219,1.0000001192092896,0.0,0.631329777169831,0.631329777169831,,,,1.0
41,hexane_gsolv_eV,220,1.0000001192092896,0.0,0.631329777169831,0.631329777169831,,,,1.0
41,hexane_gsolv_eV,221,1.0000001192092896,0.0,0.631329777169831,0.631329777169831,,,,1.0
41,hexane_gsolv_eV,222,1.0000001192092896,0.0,0.631329777169831,0.631329777169831,,,,1.0
41,hexane_gsolv_eV,223,1.0000001192092896,0.0,0.631329777169831,0.631329777169831,,,,1.0
41,hexane_gsolv_eV,224,1.0000001192092896,0.0,0.631329777169831,0.631329777169831,,,,1.0
41,hexane_gsolv_eV,225,1.0000001192092896,0.0,0.631329777169831,0.631329777169831,,,,1.0
41,hexane_gsolv_eV,226,1.0000001192092896,0.0,0.631329777169831,0.631329777169831,,,,1.0
41,hexane_gsolv_eV,227,1.0000001192092896,0.0,0.631329777169831,0.631329777169831,,,,1.0
41,hexane_gsolv_eV,228,1.0000001192092896,0.0,0.631329777169831,0.631329777169831,,,,1.0
41,hexane_gsolv_eV,229,1.0000001192092896,0.0,0.631329777169831,0.631329777169831,,,,1.0
41,hexane_gsolv_eV,230,1.0000001192092896,0.0,0.631329777169831,0.631329777169831,,,,1.0
41,hexane_gsolv_eV,231,1.0000001192092896,0.0,0.631329777169831,0.631329777169831,,,,1.0
41,hexane_gsolv_eV,232,1.0000001192092896,0.0,0.631329777169831,0.631329777169831,,,,1.0
41,hexane_gsolv_eV,233,1.0000001192092896,0.0,0.631329777169831,0.631329777169831,,,,1.0
41,hexane_gsolv_eV,234,1.0000001192092896,0.0,0.631329777169831,0.631329777169831,,,,1.0
41,hexane_gsolv_eV,235,1.0000001192092896,0.0,0.631329777169831,0.631329777169831,,,,1.0
41,hexane_gsolv_eV,236,1.0000001192092896,0.0,0.631329777169831,0.631329777169831,,,,1.0
41,hexane_gsolv_eV,237,1.0000001192092896,0.0,0.631329777169831,0.631329777169831,,,,1.0
41,hexane_gsolv_eV,238,1.0000001192092896,0.0,0.631329777169831,0.631329777169831,,,,1.0
41,hexane_gsolv_eV,239,1.0000001192092896,0.0,0.631329777169831,0.631329777169831,,,,1.0
41,hexane_gsolv_eV,240,1.0000001192092896,0.0,0.631329777169831,0.631329777169831,,,,1.0
41,hexane_gsolv_eV,241,1.0000001192092896,0.0,0.631329777169831,0.631329777169831,,,,1.0
41,hexane_gsolv_eV,242,1.0000001192092896,0.0,0.631329777169831,0.631329777169831,,,,1.0
41,hexane_gsolv_eV,243,1.0000001192092896,0.0,0.631329777169831,0.631329777169831,,,,1.0
41,hexane_gsolv_eV,244,1.0000001192092896,0.0,0.631329777169831,0.631329777169831,,,,1.0
41,hexane_gsolv_eV,245,1.0000001192092896,0.0,0.631329777169831,0.631329777169831,,,,1.0
41,hexane_gsolv_eV,246,1.0000001192092896,0.0,0.631329777169831,0.631329777169831,,,,1.0
41,hexane_gsolv_eV,247,1.0000001192092896,0.0,0.631329777169831,0.631329777169831,,,,1.0
41,hexane_gsolv_eV,248,1.0000001192092896,0.0,0.631329777169831,0.631329777169831,,,,1.0
41,hexane_gsolv_eV,249,1.0000001192092896,0.0,0.631329777169831,0.631329777169831,,,,1.0
41,hexane_hl_gap_eV,0,0.9999998807907104,0.0,0.7087415847149123,0.7087415847149123,,,,1.0
41,hexane_hl_gap_eV,1,0.9999998807907104,0.0,0.7087415847149123,0.7087415847149123,,,,1.0
41,hexane_hl_gap_eV,2,0.9999998807907104,0.0,0.7087415847149123,0.7087415847149123,,,,1.0
41,hexane_hl_gap_eV,3,0.9999998807907104,0.0,0.7087415847149123,0.7087415847149123,,,,1.0
41,hexane_hl_gap_eV,4,0.9999998807907104,0.0,0.7087415847149123,0.7087415847149123,,,,1.0
41,hexane_hl_gap_eV,5,0.9999998807907104,0.0,0.7087415847149123,0.7087415847149123,,,,1.0
41,hexane_hl_gap_eV,6,0.9999998807907104,0.0,0.7087415847149123,0.7087415847149123,,,,1.0
41,hexane_hl_gap_eV,7,0.9999998807907104,0.0,0.7087415847149123,0.7087415847149123,,,,1.0
41,hexane_hl_gap_eV,8,0.9999998807907104,0.0,0.7087415847149123,0.7087415847149123,,,,1.0
41,hexane_hl_gap_eV,9,0.9999998807907104,0.0,0.7087415847149123,0.7087415847149123,,,,1.0
41,hexane_hl_gap_eV,10,0.9999998807907104,0.0,0.7087415847149123,0.7087415847149123,,,,1.0
41,hexane_hl_gap_eV,11,0.9999998807907104,0.0,0.7087415847149123,0.7087415847149123,,,,1.0
41,hexane_hl_gap_eV,12,0.9999998807907104,0.0,0.7087415847149123,0.7087415847149123,,,,1.0
41,hexane_hl_gap_eV,13,0.9999998807907104,0.0,0.7087415847149123,0.7087415847149123,,,,1.0
41,hexane_hl_gap_eV,14,0.9999998807907104,0.0,0.7087415847149123,0.7087415847149123,,,,1.0
41,hexane_hl_gap_eV,15,0.9999998807907104,0.0,0.7087415847149123,0.7087415847149123,,,,1.0
41,hexane_hl_gap_eV,16,0.9999998807907104,0.0,0.7087415847149123,0.7087415847149123,,,,1.0
41,hexane_hl_gap_eV,17,0.9999998807907104,0.0,0.7087415847149123,0.7087415847149123,,,,1.0
41,hexane_hl_gap_eV,18,0.9999998807907104,0.0,0.7087415847149123,0.7087415847149123,,,,1.0
41,hexane_hl_gap_eV,19,0.9999998807907104,0.0,0.7087415847149123,0.7087415847149123,,,,1.0
41,hexane_hl_gap_eV,20,0.9999998807907104,0.0,0.7087415847149123,0.7087415847149123,,,,1.0
41,hexane_hl_gap_eV,21,0.9999998807907104,0.0,0.7087415847149123,0.7087415847149123,,,,1.0
41,hexane_hl_gap_eV,22,0.9999998807907104,0.0,0.7087415847149123,0.7087415847149123,,,,1.0
41,hexane_hl_gap_eV,23,0.9999998807907104,0.0,0.7087415847149123,0.7087415847149123,,,,1.0
41,hexane_hl_gap_eV,24,0.9999998807907104,0.0,0.7087415847149123,0.7087415847149123,,,,1.0
41,hexane_hl_gap_eV,25,0.9999998807907104,0.0,0.7087415847149123,0.7087415847149123,,,,1.0
41,hexane_hl_gap_eV,26,0.9999998807907104,0.0,0.7087415847149123,0.7087415847149123,,,,1.0
41,hexane_hl_gap_eV,27,0.9999998807907104,0.0,0.7087415847149123,0.7087415847149123,,,,1.0
41,hexane_hl_gap_eV,28,0.9999998807907104,0.0,0.7087415847149123,0.7087415847149123,,,,1.0
41,hexane_hl_gap_eV,29,0.9999998807907104,0.0,0.7087415847149123,0.7087415847149123,,,,1.0
41,hexane_hl_gap_eV,30,0.9999998807907104,0.0,0.7087415847149123,0.7087415847149123,,,,1.0
41,hexane_hl_gap_eV,31,0.9999998807907104,0.0,0.7087415847149123,0.7087415847149123,,,,1.0
41,hexane_hl_gap_eV,32,0.9999998807907104,0.0,0.7087415847149123,0.7087415847149123,,,,1.0
41,hexane_hl_gap_eV,33,0.9999998807907104,0.0,0.7087415847149123,0.7087415847149123,,,,1.0
41,hexane_hl_gap_eV,34,0.9999998807907104,0.0,0.7087415847149123,0.7087415847149123,,,,1.0
41,hexane_hl_gap_eV,35,0.9999998807907104,0.0,0.7087415847149123,0.7087415847149123,,,,1.0
41,hexane_hl_gap_eV,36,0.9999998807907104,0.0,0.7087415847149123,0.7087415847149123,,,,1.0
41,hexane_hl_gap_eV,37,0.9999998807907104,0.0,0.7087415847149123,0.7087415847149123,,,,1.0
41,hexane_hl_gap_eV,38,0.9999998807907104,0.0,0.7087415847149123,0.7087415847149123,,,,1.0
41,hexane_hl_gap_eV,39,0.9999998807907104,0.0,0.7087415847149123,0.7087415847149123,,,,1.0
41,hexane_hl_gap_eV,40,0.9999998807907104,0.0,0.7087415847149123,0.7087415847149123,,,,1.0
41,hexane_hl_gap_eV,41,0.9999998807907104,0.0,0.7087415847149123,0.7087415847149123,,,,1.0
41,hexane_hl_gap_eV,42,0.9999998807907104,0.0,0.7087415847149123,0.7087415847149123,,,,1.0
41,hexane_hl_gap_eV,43,0.9999998807907104,0.0,0.7087415847149123,0.7087415847149123,,,,1.0
41,hexane_hl_gap_eV,44,0.9999998807907104,0.0,0.7087415847149123,0.7087415847149123,,,,1.0
41,hexane_hl_gap_eV,45,0.9999998807907104,0.0,0.7087415847149123,0.7087415847149123,,,,1.0
41,hexane_hl_gap_eV,46,0.9999998807907104,0.0,0.7087415847149123,0.7087415847149123,,,,1.0
41,hexane_hl_gap_eV,47,0.9999998807907104,0.0,0.7087415847149123,0.7087415847149123,,,,1.0
41,hexane_hl_gap_eV,48,0.9999998807907104,0.0,0.7087415847149123,0.7087415847149123,,,,1.0
41,hexane_hl_gap_eV,49,0.9999998807907104,0.0,0.7087415847149123,0.7087415847149123,,,,1.0
41,hexane_hl_gap_eV,50,0.9999998807907104,0.0,0.7087415847149123,0.7087415847149123,,,,1.0
41,hexane_hl_gap_eV,51,0.9999998807907104,0.0,0.7087415847149123,0.7087415847149123,,,,1.0
41,hexane_hl_gap_eV,52,0.9999998807907104,0.0,0.7087415847149123,0.7087415847149123,,,,1.0
41,hexane_hl_gap_eV,53,0.9999998807907104,0.0,0.7087415847149123,0.7087415847149123,,,,1.0
41,hexane_hl_gap_eV,54,0.9999998807907104,0.0,0.7087415847149123,0.7087415847149123,,,,1.0
41,hexane_hl_gap_eV,55,0.9999998807907104,0.0,0.7087415847149123,0.7087415847149123,,,,1.0
41,hexane_hl_gap_eV,56,0.9999998807907104,0.0,0.7087415847149123,0.7087415847149123,,,,1.0
41,hexane_hl_gap_eV,57,0.9999998807907104,0.0,0.7087415847149123,0.7087415847149123,,,,1.0
41,hexane_hl_gap_eV,58,0.9999998807907104,0.0,0.7087415847149123,0.7087415847149123,,,,1.0
41,hexane_hl_gap_eV,59,0.9999998807907104,0.0,0.7087415847149123,0.7087415847149123,,,,1.0
41,hexane_hl_gap_eV,60,0.9999998807907104,0.0,0.7087415847149123,0.7087415847149123,,,,1.0
41,hexane_hl_gap_eV,61,0.9999998807907104,0.0,0.7087415847149123,0.7087415847149123,,,,1.0
41,hexane_hl_gap_eV,62,0.9999998807907104,0.0,0.7087415847149123,0.7087415847149123,,,,1.0
41,hexane_hl_gap_eV,63,0.9999998807907104,0.0,0.7087415847149123,0.7087415847149123,,,,1.0
41,hexane_hl_gap_eV,64,0.9999998807907104,0.0,0.7087415847149123,0.7087415847149123,,,,1.0
41,hexane_hl_gap_eV,65,0.9999998807907104,0.0,0.7087415847149123,0.7087415847149123,,,,1.0
41,hexane_hl_gap_eV,66,0.9999998807907104,0.0,0.7087415847149123,0.7087415847149123,,,,1.0
41,hexane_hl_gap_eV,67,0.9999998807907104,0.0,0.7087415847149123,0.7087415847149123,,,,1.0
41,hexane_hl_gap_eV,68,0.9999998807907104,0.0,0.7087415847149123,0.7087415847149123,,,,1.0
41,hexane_hl_gap_eV,69,0.9999998807907104,0.0,0.7087415847149123,0.7087415847149123,,,,1.0
41,hexane_hl_gap_eV,70,0.9999998807907104,0.0,0.7087415847149123,0.7087415847149123,,,,1.0
41,hexane_hl_gap_eV,71,0.9999998807907104,0.0,0.7087415847149123,0.7087415847149123,,,,1.0
41,hexane_hl_gap_eV,72,0.9999998807907104,0.0,0.7087415847149123,0.7087415847149123,,,,1.0
41,hexane_hl_gap_eV,73,0.9999998807907104,0.0,0.7087415847149123,0.7087415847149123,,,,1.0
41,hexane_hl_gap_eV,74,0.9999998807907104,0.0,0.7087415847149123,0.7087415847149123,,,,1.0
41,hexane_hl_gap_eV,75,0.9999998807907104,0.0,0.7087415847149123,0.7087415847149123,,,,1.0
41,hexane_hl_gap_eV,76,0.9999998807907104,0.0,0.7087415847149123,0.7087415847149123,,,,1.0
41,hexane_hl_gap_eV,77,0.9999998807907104,0.0,0.7087415847149123,0.7087415847149123,,,,1.0
41,hexane_hl_gap_eV,78,0.9999998807907104,0.0,0.7087415847149123,0.7087415847149123,,,,1.0
41,hexane_hl_gap_eV,79,0.9999998807907104,0.0,0.7087415847149123,0.7087415847149123,,,,1.0
41,hexane_hl_gap_eV,80,0.9999998807907104,0.0,0.7087415847149123,0.7087415847149123,,,,1.0
41,hexane_hl_gap_eV,81,0.9999998807907104,0.0,0.7087415847149123,0.7087415847149123,,,,1.0
41,hexane_hl_gap_eV,82,0.9999998807907104,0.0,0.7087415847149123,0.7087415847149123,,,,1.0
41,hexane_hl_gap_eV,83,0.9999998807907104,0.0,0.7087415847149123,0.7087415847149123,,,,1.0
41,hexane_hl_gap_eV,84,0.9999998807907104,0.0,0.7087415847149123,0.7087415847149123,,,,1.0
41,hexane_hl_gap_eV,85,0.9999998807907104,0.0,0.7087415847149123,0.7087415847149123,,,,1.0
41,hexane_hl_gap_eV,86,0.9999998807907104,0.0,0.7087415847149123,0.7087415847149123,,,,1.0
41,hexane_hl_gap_eV,87,0.9999998807907104,0.0,0.7087415847149123,0.7087415847149123,,,,1.0
41,hexane_hl_gap_eV,88,0.9999998807907104,0.0,0.7087415847149123,0.7087415847149123,,,,1.0
41,hexane_hl_gap_eV,89,0.9999998807907104,0.0,0.7087415847149123,0.7087415847149123,,,,1.0
41,hexane_hl_gap_eV,90,0.9999998807907104,0.0,0.7087415847149123,0.7087415847149123,,,,1.0
41,hexane_hl_gap_eV,91,0.9999998807907104,0.0,0.7087415847149123,0.7087415847149123,,,,1.0
41,hexane_hl_gap_eV,92,0.9999998807907104,0.0,0.7087415847149123,0.7087415847149123,,,,1.0
41,hexane_hl_gap_eV,93,0.9999998807907104,0.0,0.7087415847149123,0.7087415847149123,,,,1.0
41,hexane_hl_gap_eV,94,0.9999998807907104,0.0,0.7087415847149123,0.7087415847149123,,,,1.0
41,hexane_hl_gap_eV,95,0.9999998807907104,0.0,0.7087415847149123,0.7087415847149123,,,,1.0
41,hexane_hl_gap_eV,96,0.9999998807907104,0.0,0.7087415847149123,0.7087415847149123,,,,1.0
41,hexane_hl_gap_eV,97,0.9999998807907104,0.0,0.7087415847149123,0.7087415847149123,,,,1.0
41,hexane_hl_gap_eV,98,0.9999998807907104,0.0,0.7087415847149123,0.7087415847149123,,,,1.0
41,hexane_hl_gap_eV,99,0.9999998807907104,0.0,0.7087415847149123,0.7087415847149123,,,,1.0
41,hexane_hl_gap_eV,100,0.9999998807907104,0.0,0.7087415847149123,0.7087415847149123,,,,1.0
41,hexane_hl_gap_eV,101,0.9999998807907104,0.0,0.7087415847149123,0.7087415847149123,,,,1.0
41,hexane_hl_gap_eV,102,0.9999998807907104,0.0,0.7087415847149123,0.7087415847149123,,,,1.0
41,hexane_hl_gap_eV,103,0.9999998807907104,0.0,0.7087415847149123,0.7087415847149123,,,,1.0
41,hexane_hl_gap_eV,104,0.9999998807907104,0.0,0.7087415847149123,0.7087415847149123,,,,1.0
41,hexane_hl_gap_eV,105,0.9999998807907104,0.0,0.7087415847149123,0.7087415847149123,,,,1.0
41,hexane_hl_gap_eV,106,0.9999998807907104,0.0,0.7087415847149123,0.7087415847149123,,,,1.0
41,hexane_hl_gap_eV,107,0.9999998807907104,0.0,0.7087415847149123,0.7087415847149123,,,,1.0
41,hexane_hl_gap_eV,108,0.9999998807907104,0.0,0.7087415847149123,0.7087415847149123,,,,1.0
41,hexane_hl_gap_eV,109,0.9999998807907104,0.0,0.7087415847149123,0.7087415847149123,,,,1.0
41,hexane_hl_gap_eV,110,0.9999998807907104,0.0,0.7087415847149123,0.7087415847149123,,,,1.0
41,hexane_hl_gap_eV,111,0.9999998807907104,0.0,0.7087415847149123,0.7087415847149123,,,,1.0
41,hexane_hl_gap_eV,112,0.9999998807907104,0.0,0.7087415847149123,0.7087415847149123,,,,1.0
41,hexane_hl_gap_eV,113,0.9999998807907104,0.0,0.7087415847149123,0.7087415847149123,,,,1.0
41,hexane_hl_gap_eV,114,0.9999998807907104,0.0,0.7087415847149123,0.7087415847149123,,,,1.0
41,hexane_hl_gap_eV,115,0.9999998807907104,0.0,0.7087415847149123,0.7087415847149123,,,,1.0
41,hexane_hl_gap_eV,116,0.9999998807907104,0.0,0.7087415847149123,0.7087415847149123,,,,1.0
41,hexane_hl_gap_eV,117,0.9999998807907104,0.0,0.7087415847149123,0.7087415847149123,,,,1.0
41,hexane_hl_gap_eV,118,0.9999998807907104,0.0,0.7087415847149123,0.7087415847149123,,,,1.0
41,hexane_hl_gap_eV,119,0.9999998807907104,0.0,0.7087415847149123,0.7087415847149123,,,,1.0
41,hexane_hl_gap_eV,120,0.9999998807907104,0.0,0.7087415847149123,0.7087415847149123,,,,1.0
41,hexane_hl_gap_eV,121,0.9999998807907104,0.0,0.7087415847149123,0.7087415847149123,,,,1.0
41,hexane_hl_gap_eV,122,0.9999998807907104,0.0,0.7087415847149123,0.7087415847149123,,,,1.0
41,hexane_hl_gap_eV,123,0.9999998807907104,0.0,0.7087415847149123,0.7087415847149123,,,,1.0
41,hexane_hl_gap_eV,124,0.9999998807907104,0.0,0.7087415847149123,0.7087415847149123,,,,1.0
41,hexane_hl_gap_eV,125,0.9999998807907104,0.0,0.7087415847149123,0.7087415847149123,,,,1.0
41,hexane_hl_gap_eV,126,0.9999998807907104,0.0,0.7087415847149123,0.7087415847149123,,,,1.0
41,hexane_hl_gap_eV,127,0.9999998807907104,0.0,0.7087415847149123,0.7087415847149123,,,,1.0
41,hexane_hl_gap_eV,128,0.9999998807907104,0.0,0.7087415847149123,0.7087415847149123,,,,1.0
41,hexane_hl_gap_eV,129,0.9999998807907104,0.0,0.7087415847149123,0.7087415847149123,,,,1.0
41,hexane_hl_gap_eV,130,0.9999998807907104,0.0,0.7087415847149123,0.7087415847149123,,,,1.0
41,hexane_hl_gap_eV,131,0.9999998807907104,0.0,0.7087415847149123,0.7087415847149123,,,,1.0
41,hexane_hl_gap_eV,132,0.9999998807907104,0.0,0.7087415847149123,0.7087415847149123,,,,1.0
41,hexane_hl_gap_eV,133,0.9999998807907104,0.0,0.7087415847149123,0.7087415847149123,,,,1.0
41,hexane_hl_gap_eV,134,0.9999998807907104,0.0,0.7087415847149123,0.7087415847149123,,,,1.0
41,hexane_hl_gap_eV,135,0.9999998807907104,0.0,0.7087415847149123,0.7087415847149123,,,,1.0
41,hexane_hl_gap_eV,136,0.9999998807907104,0.0,0.7087415847149123,0.7087415847149123,,,,1.0
41,hexane_hl_gap_eV,137,0.9999998807907104,0.0,0.7087415847149123,0.7087415847149123,,,,1.0
41,hexane_hl_gap_eV,138,0.9999998807907104,0.0,0.7087415847149123,0.7087415847149123,,,,1.0
41,hexane_hl_gap_eV,139,0.9999998807907104,0.0,0.7087415847149123,0.7087415847149123,,,,1.0
41,hexane_hl_gap_eV,140,0.9999998807907104,0.0,0.7087415847149123,0.7087415847149123,,,,1.0
41,hexane_hl_gap_eV,141,0.9999998807907104,0.0,0.7087415847149123,0.7087415847149123,,,,1.0
41,hexane_hl_gap_eV,142,0.9999998807907104,0.0,0.7087415847149123,0.7087415847149123,,,,1.0
41,hexane_hl_gap_eV,143,0.9999998807907104,0.0,0.7087415847149123,0.7087415847149123,,,,1.0
41,hexane_hl_gap_eV,144,0.9999998807907104,0.0,0.7087415847149123,0.7087415847149123,,,,1.0
41,hexane_hl_gap_eV,145,0.9999998807907104,0.0,0.7087415847149123,0.7087415847149123,,,,1.0
41,hexane_hl_gap_eV,146,0.9999998807907104,0.0,0.7087415847149123,0.7087415847149123,,,,1.0
41,hexane_hl_gap_eV,147,0.9999998807907104,0.0,0.7087415847149123,0.7087415847149123,,,,1.0
41,hexane_hl_gap_eV,148,0.9999998807907104,0.0,0.7087415847149123,0.7087415847149123,,,,1.0
41,hexane_hl_gap_eV,149,0.9999998807907104,0.0,0.7087415847149123,0.7087415847149123,,,,1.0
41,hexane_hl_gap_eV,150,0.9999998807907104,0.0,0.7087415847149123,0.7087415847149123,,,,1.0
41,hexane_hl_gap_eV,151,0.9999998807907104,0.0,0.7087415847149123,0.7087415847149123,,,,1.0
41,hexane_hl_gap_eV,152,0.9999998807907104,0.0,0.7087415847149123,0.7087415847149123,,,,1.0
41,hexane_hl_gap_eV,153,0.9999998807907104,0.0,0.7087415847149123,0.7087415847149123,,,,1.0
41,hexane_hl_gap_eV,154,0.9999998807907104,0.0,0.7087415847149123,0.7087415847149123,,,,1.0
41,hexane_hl_gap_eV,155,0.9999998807907104,0.0,0.7087415847149123,0.7087415847149123,,,,1.0
41,hexane_hl_gap_eV,156,0.9999998807907104,0.0,0.7087415847149123,0.7087415847149123,,,,1.0
41,hexane_hl_gap_eV,157,0.9999998807907104,0.0,0.7087415847149123,0.7087415847149123,,,,1.0
41,hexane_hl_gap_eV,158,0.9999998807907104,0.0,0.7087415847149123,0.7087415847149123,,,,1.0
41,hexane_hl_gap_eV,159,0.9999998807907104,0.0,0.7087415847149123,0.7087415847149123,,,,1.0
41,hexane_hl_gap_eV,160,0.9999998807907104,0.0,0.7087415847149123,0.7087415847149123,,,,1.0
41,hexane_hl_gap_eV,161,0.9999998807907104,0.0,0.7087415847149123,0.7087415847149123,,,,1.0
41,hexane_hl_gap_eV,162,0.9999998807907104,0.0,0.7087415847149123,0.7087415847149123,,,,1.0
41,hexane_hl_gap_eV,163,0.9999998807907104,0.0,0.7087415847149123,0.7087415847149123,,,,1.0
41,hexane_hl_gap_eV,164,0.9999998807907104,0.0,0.7087415847149123,0.7087415847149123,,,,1.0
41,hexane_hl_gap_eV,165,0.9999998807907104,0.0,0.7087415847149123,0.7087415847149123,,,,1.0
41,hexane_hl_gap_eV,166,0.9999998807907104,0.0,0.7087415847149123,0.7087415847149123,,,,1.0
41,hexane_hl_gap_eV,167,0.9999998807907104,0.0,0.7087415847149123,0.7087415847149123,,,,1.0
41,hexane_hl_gap_eV,168,0.9999998807907104,0.0,0.7087415847149123,0.7087415847149123,,,,1.0
41,hexane_hl_gap_eV,169,0.9999998807907104,0.0,0.7087415847149123,0.7087415847149123,,,,1.0
41,hexane_hl_gap_eV,170,0.9999998807907104,0.0,0.7087415847149123,0.7087415847149123,,,,1.0
41,hexane_hl_gap_eV,171,0.9999998807907104,0.0,0.7087415847149123,0.7087415847149123,,,,1.0
41,hexane_hl_gap_eV,172,0.9999998807907104,0.0,0.7087415847149123,0.7087415847149123,,,,1.0
41,hexane_hl_gap_eV,173,0.9999998807907104,0.0,0.7087415847149123,0.7087415847149123,,,,1.0
41,hexane_hl_gap_eV,174,0.9999998807907104,0.0,0.7087415847149123,0.7087415847149123,,,,1.0
41,hexane_hl_gap_eV,175,0.9999998807907104,0.0,0.7087415847149123,0.7087415847149123,,,,1.0
41,hexane_hl_gap_eV,176,0.9999998807907104,0.0,0.7087415847149123,0.7087415847149123,,,,1.0
41,hexane_hl_gap_eV,177,0.9999998807907104,0.0,0.7087415847149123,0.7087415847149123,,,,1.0
41,hexane_hl_gap_eV,178,0.9999998807907104,0.0,0.7087415847149123,0.7087415847149123,,,,1.0
41,hexane_hl_gap_eV,179,0.9999998807907104,0.0,0.7087415847149123,0.7087415847149123,,,,1.0
41,hexane_hl_gap_eV,180,0.9999998807907104,0.0,0.7087415847149123,0.7087415847149123,,,,1.0
41,hexane_hl_gap_eV,181,0.9999998807907104,0.0,0.7087415847149123,0.7087415847149123,,,,1.0
41,hexane_hl_gap_eV,182,0.9999998807907104,0.0,0.7087415847149123,0.7087415847149123,,,,1.0
41,hexane_hl_gap_eV,183,0.9999998807907104,0.0,0.7087415847149123,0.7087415847149123,,,,1.0
41,hexane_hl_gap_eV,184,0.9999998807907104,0.0,0.7087415847149123,0.7087415847149123,,,,1.0
41,hexane_hl_gap_eV,185,0.9999998807907104,0.0,0.7087415847149123,0.7087415847149123,,,,1.0
41,hexane_hl_gap_eV,186,0.9999998807907104,0.0,0.7087415847149123,0.7087415847149123,,,,1.0
41,hexane_hl_gap_eV,187,0.9999998807907104,0.0,0.7087415847149123,0.7087415847149123,,,,1.0
41,hexane_hl_gap_eV,188,0.9999998807907104,0.0,0.7087415847149123,0.7087415847149123,,,,1.0
41,hexane_hl_gap_eV,189,0.9999998807907104,0.0,0.7087415847149123,0.7087415847149123,,,,1.0
41,hexane_hl_gap_eV,190,0.9999998807907104,0.0,0.7087415847149123,0.7087415847149123,,,,1.0
41,hexane_hl_gap_eV,191,0.9999998807907104,0.0,0.7087415847149123,0.7087415847149123,,,,1.0
41,hexane_hl_gap_eV,192,0.9999998807907104,0.0,0.7087415847149123,0.7087415847149123,,,,1.0
41,hexane_hl_gap_eV,193,0.9999998807907104,0.0,0.7087415847149123,0.7087415847149123,,,,1.0
41,hexane_hl_gap_eV,194,0.9999998807907104,0.0,0.7087415847149123,0.7087415847149123,,,,1.0
41,hexane_hl_gap_eV,195,0.9999998807907104,0.0,0.7087415847149123,0.7087415847149123,,,,1.0
41,hexane_hl_gap_eV,196,0.9999998807907104,0.0,0.7087415847149123,0.7087415847149123,,,,1.0
41,hexane_hl_gap_eV,197,0.9999998807907104,0.0,0.7087415847149123,0.7087415847149123,,,,1.0
41,hexane_hl_gap_eV,198,0.9999998807907104,0.0,0.7087415847149123,0.7087415847149123,,,,1.0
41,hexane_hl_gap_eV,199,0.9999998807907104,0.0,0.7087415847149123,0.7087415847149123,,,,1.0
41,hexane_hl_gap_eV,200,0.9999998807907104,0.0,0.7087415847149123,0.7087415847149123,,,,1.0
41,hexane_hl_gap_eV,201,0.9999998807907104,0.0,0.7087415847149123,0.7087415847149123,,,,1.0
41,hexane_hl_gap_eV,202,0.9999998807907104,0.0,0.7087415847149123,0.7087415847149123,,,,1.0
41,hexane_hl_gap_eV,203,0.9999998807907104,0.0,0.7087415847149123,0.7087415847149123,,,,1.0
41,hexane_hl_gap_eV,204,0.9999998807907104,0.0,0.7087415847149123,0.7087415847149123,,,,1.0
41,hexane_hl_gap_eV,205,0.9999998807907104,0.0,0.7087415847149123,0.7087415847149123,,,,1.0
41,hexane_hl_gap_eV,206,0.9999998807907104,0.0,0.7087415847149123,0.7087415847149123,,,,1.0
41,hexane_hl_gap_eV,207,0.9999998807907104,0.0,0.7087415847149123,0.7087415847149123,,,,1.0
41,hexane_hl_gap_eV,208,0.9999998807907104,0.0,0.7087415847149123,0.7087415847149123,,,,1.0
41,hexane_hl_gap_eV,209,0.9999998807907104,0.0,0.7087415847149123,0.7087415847149123,,,,1.0
41,hexane_hl_gap_eV,210,0.9999998807907104,0.0,0.7087415847149123,0.7087415847149123,,,,1.0
41,hexane_hl_gap_eV,211,0.9999998807907104,0.0,0.7087415847149123,0.7087415847149123,,,,1.0
41,hexane_hl_gap_eV,212,0.9999998807907104,0.0,0.7087415847149123,0.7087415847149123,,,,1.0
41,hexane_hl_gap_eV,213,0.9999998807907104,0.0,0.7087415847149123,0.7087415847149123,,,,1.0
41,hexane_hl_gap_eV,214,0.9999998807907104,0.0,0.7087415847149123,0.7087415847149123,,,,1.0
41,hexane_hl_gap_eV,215,0.9999998807907104,0.0,0.7087415847149123,0.7087415847149123,,,,1.0
41,hexane_hl_gap_eV,216,0.9999998807907104,0.0,0.7087415847149123,0.7087415847149123,,,,1.0
41,hexane_hl_gap_eV,217,0.9999998807907104,0.0,0.7087415847149123,0.7087415847149123,,,,1.0
41,hexane_hl_gap_eV,218,0.9999998807907104,0.0,0.7087415847149123,0.7087415847149123,,,,1.0
41,hexane_hl_gap_eV,219,0.9999998807907104,0.0,0.7087415847149123,0.7087415847149123,,,,1.0
41,hexane_hl_gap_eV,220,0.9999998807907104,0.0,0.7087415847149123,0.7087415847149123,,,,1.0
41,hexane_hl_gap_eV,221,0.9999998807907104,0.0,0.7087415847149123,0.7087415847149123,,,,1.0
41,hexane_hl_gap_eV,222,0.9999998807907104,0.0,0.7087415847149123,0.7087415847149123,,,,1.0
41,hexane_hl_gap_eV,223,0.9999998807907104,0.0,0.7087415847149123,0.7087415847149123,,,,1.0
41,hexane_hl_gap_eV,224,0.9999998807907104,0.0,0.7087415847149123,0.7087415847149123,,,,1.0
41,hexane_hl_gap_eV,225,0.9999998807907104,0.0,0.7087415847149123,0.7087415847149123,,,,1.0
41,hexane_hl_gap_eV,226,0.9999998807907104,0.0,0.7087415847149123,0.7087415847149123,,,,1.0
41,hexane_hl_gap_eV,227,0.9999998807907104,0.0,0.7087415847149123,0.7087415847149123,,,,1.0
41,hexane_hl_gap_eV,228,0.9999998807907104,0.0,0.7087415847149123,0.7087415847149123,,,,1.0
41,hexane_hl_gap_eV,229,0.9999998807907104,0.0,0.7087415847149123,0.7087415847149123,,,,1.0
41,hexane_hl_gap_eV,230,0.9999998807907104,0.0,0.7087415847149123,0.7087415847149123,,,,1.0
41,hexane_hl_gap_eV,231,0.9999998807907104,0.0,0.7087415847149123,0.7087415847149123,,,,1.0
41,hexane_hl_gap_eV,232,0.9999998807907104,0.0,0.7087415847149123,0.7087415847149123,,,,1.0
41,hexane_hl_gap_eV,233,0.9999998807907104,0.0,0.7087415847149123,0.7087415847149123,,,,1.0
41,hexane_hl_gap_eV,234,0.9999998807907104,0.0,0.7087415847149123,0.7087415847149123,,,,1.0
41,hexane_hl_gap_eV,235,0.9999998807907104,0.0,0.7087415847149123,0.7087415847149123,,,,1.0
41,hexane_hl_gap_eV,236,0.9999998807907104,0.0,0.7087415847149123,0.7087415847149123,,,,1.0
41,hexane_hl_gap_eV,237,0.9999998807907104,0.0,0.7087415847149123,0.7087415847149123,,,,1.0
41,hexane_hl_gap_eV,238,0.9999998807907104,0.0,0.7087415847149123,0.7087415847149123,,,,1.0
41,hexane_hl_gap_eV,239,0.9999998807907104,0.0,0.7087415847149123,0.7087415847149123,,,,1.0
41,hexane_hl_gap_eV,240,0.9999998807907104,0.0,0.7087415847149123,0.7087415847149123,,,,1.0
41,hexane_hl_gap_eV,241,0.9999998807907104,0.0,0.7087415847149123,0.7087415847149123,,,,1.0
41,hexane_hl_gap_eV,242,0.9999998807907104,0.0,0.7087415847149123,0.7087415847149123,,,,1.0
41,hexane_hl_gap_eV,243,0.9999998807907104,0.0,0.7087415847149123,0.7087415847149123,,,,1.0
41,hexane_hl_gap_eV,244,0.9999998807907104,0.0,0.7087415847149123,0.7087415847149123,,,,1.0
41,hexane_hl_gap_eV,245,0.9999998807907104,0.0,0.7087415847149123,0.7087415847149123,,,,1.0
41,hexane_hl_gap_eV,246,0.9999998807907104,0.0,0.7087415847149123,0.7087415847149123,,,,1.0
41,hexane_hl_gap_eV,247,0.9999998807907104,0.0,0.7087415847149123,0.7087415847149123,,,,1.0
41,hexane_hl_gap_eV,248,0.9999998807907104,0.0,0.7087415847149123,0.7087415847149123,,,,1.0
41,hexane_hl_gap_eV,249,0.9999998807907104,0.0,0.7087415847149123,0.7087415847149123,,,,1.0
41,hexane_dipole,0,1.0,0.0,0.5855350682723275,0.5855350682723275,,,,1.0
41,hexane_dipole,1,1.0,0.0,0.5855350682723275,0.5855350682723275,,,,1.0
41,hexane_dipole,2,1.0,0.0,0.5855350682723275,0.5855350682723275,,,,1.0
41,hexane_dipole,3,1.0,0.0,0.5855350682723275,0.5855350682723275,,,,1.0
41,hexane_dipole,4,1.0,0.0,0.5855350682723275,0.5855350682723275,,,,1.0
41,hexane_dipole,5,1.0,0.0,0.5855350682723275,0.5855350682723275,,,,1.0
41,hexane_dipole,6,1.0,0.0,0.5855350682723275,0.5855350682723275,,,,1.0
41,hexane_dipole,7,1.0,0.0,0.5855350682723275,0.5855350682723275,,,,1.0
41,hexane_dipole,8,1.0,0.0,0.5855350682723275,0.5855350682723275,,,,1.0
41,hexane_dipole,9,1.0,0.0,0.5855350682723275,0.5855350682723275,,,,1.0
41,hexane_dipole,10,1.0,0.0,0.5855350682723275,0.5855350682723275,,,,1.0
41,hexane_dipole,11,1.0,0.0,0.5855350682723275,0.5855350682723275,,,,1.0
41,hexane_dipole,12,1.0,0.0,0.5855350682723275,0.5855350682723275,,,,1.0
41,hexane_dipole,13,1.0,0.0,0.5855350682723275,0.5855350682723275,,,,1.0
41,hexane_dipole,14,1.0,0.0,0.5855350682723275,0.5855350682723275,,,,1.0
41,hexane_dipole,15,1.0,0.0,0.5855350682723275,0.5855350682723275,,,,1.0
41,hexane_dipole,16,1.0,0.0,0.5855350682723275,0.5855350682723275,,,,1.0
41,hexane_dipole,17,1.0,0.0,0.5855350682723275,0.5855350682723275,,,,1.0
41,hexane_dipole,18,1.0,0.0,0.5855350682723275,0.5855350682723275,,,,1.0
41,hexane_dipole,19,1.0,0.0,0.5855350682723275,0.5855350682723275,,,,1.0
41,hexane_dipole,20,1.0,0.0,0.5855350682723275,0.5855350682723275,,,,1.0
41,hexane_dipole,21,1.0,0.0,0.5855350682723275,0.5855350682723275,,,,1.0
41,hexane_dipole,22,1.0,0.0,0.5855350682723275,0.5855350682723275,,,,1.0
41,hexane_dipole,23,1.0,0.0,0.5855350682723275,0.5855350682723275,,,,1.0
41,hexane_dipole,24,1.0,0.0,0.5855350682723275,0.5855350682723275,,,,1.0
41,hexane_dipole,25,1.0,0.0,0.5855350682723275,0.5855350682723275,,,,1.0
41,hexane_dipole,26,1.0,0.0,0.5855350682723275,0.5855350682723275,,,,1.0
41,hexane_dipole,27,1.0,0.0,0.5855350682723275,0.5855350682723275,,,,1.0
41,hexane_dipole,28,1.0,0.0,0.5855350682723275,0.5855350682723275,,,,1.0
41,hexane_dipole,29,1.0,0.0,0.5855350682723275,0.5855350682723275,,,,1.0
41,hexane_dipole,30,1.0,0.0,0.5855350682723275,0.5855350682723275,,,,1.0
41,hexane_dipole,31,1.0,0.0,0.5855350682723275,0.5855350682723275,,,,1.0
41,hexane_dipole,32,1.0,0.0,0.5855350682723275,0.5855350682723275,,,,1.0
41,hexane_dipole,33,1.0,0.0,0.5855350682723275,0.5855350682723275,,,,1.0
41,hexane_dipole,34,1.0,0.0,0.5855350682723275,0.5855350682723275,,,,1.0
41,hexane_dipole,35,1.0,0.0,0.5855350682723275,0.5855350682723275,,,,1.0
41,hexane_dipole,36,1.0,0.0,0.5855350682723275,0.5855350682723275,,,,1.0
41,hexane_dipole,37,1.0,0.0,0.5855350682723275,0.5855350682723275,,,,1.0
41,hexane_dipole,38,1.0,0.0,0.5855350682723275,0.5855350682723275,,,,1.0
41,hexane_dipole,39,1.0,0.0,0.5855350682723275,0.5855350682723275,,,,1.0
41,hexane_dipole,40,1.0,0.0,0.5855350682723275,0.5855350682723275,,,,1.0
41,hexane_dipole,41,1.0,0.0,0.5855350682723275,0.5855350682723275,,,,1.0
41,hexane_dipole,42,1.0,0.0,0.5855350682723275,0.5855350682723275,,,,1.0
41,hexane_dipole,43,1.0,0.0,0.5855350682723275,0.5855350682723275,,,,1.0
41,hexane_dipole,44,1.0,0.0,0.5855350682723275,0.5855350682723275,,,,1.0
41,hexane_dipole,45,1.0,0.0,0.5855350682723275,0.5855350682723275,,,,1.0
41,hexane_dipole,46,1.0,0.0,0.5855350682723275,0.5855350682723275,,,,1.0
41,hexane_dipole,47,1.0,0.0,0.5855350682723275,0.5855350682723275,,,,1.0
41,hexane_dipole,48,1.0,0.0,0.5855350682723275,0.5855350682723275,,,,1.0
41,hexane_dipole,49,1.0,0.0,0.5855350682723275,0.5855350682723275,,,,1.0
41,hexane_dipole,50,1.0,0.0,0.5855350682723275,0.5855350682723275,,,,1.0
41,hexane_dipole,51,1.0,0.0,0.5855350682723275,0.5855350682723275,,,,1.0
41,hexane_dipole,52,1.0,0.0,0.5855350682723275,0.5855350682723275,,,,1.0
41,hexane_dipole,53,1.0,0.0,0.5855350682723275,0.5855350682723275,,,,1.0
41,hexane_dipole,54,1.0,0.0,0.5855350682723275,0.5855350682723275,,,,1.0
41,hexane_dipole,55,1.0,0.0,0.5855350682723275,0.5855350682723275,,,,1.0
41,hexane_dipole,56,1.0,0.0,0.5855350682723275,0.5855350682723275,,,,1.0
41,hexane_dipole,57,1.0,0.0,0.5855350682723275,0.5855350682723275,,,,1.0
41,hexane_dipole,58,1.0,0.0,0.5855350682723275,0.5855350682723275,,,,1.0
41,hexane_dipole,59,1.0,0.0,0.5855350682723275,0.5855350682723275,,,,1.0
41,hexane_dipole,60,1.0,0.0,0.5855350682723275,0.5855350682723275,,,,1.0
41,hexane_dipole,61,1.0,0.0,0.5855350682723275,0.5855350682723275,,,,1.0
41,hexane_dipole,62,1.0,0.0,0.5855350682723275,0.5855350682723275,,,,1.0
41,hexane_dipole,63,1.0,0.0,0.5855350682723275,0.5855350682723275,,,,1.0
41,hexane_dipole,64,1.0,0.0,0.5855350682723275,0.5855350682723275,,,,1.0
41,hexane_dipole,65,1.0,0.0,0.5855350682723275,0.5855350682723275,,,,1.0
41,hexane_dipole,66,1.0,0.0,0.5855350682723275,0.5855350682723275,,,,1.0
41,hexane_dipole,67,1.0,0.0,0.5855350682723275,0.5855350682723275,,,,1.0
41,hexane_dipole,68,1.0,0.0,0.5855350682723275,0.5855350682723275,,,,1.0
41,hexane_dipole,69,1.0,0.0,0.5855350682723275,0.5855350682723275,,,,1.0
41,hexane_dipole,70,1.0,0.0,0.5855350682723275,0.5855350682723275,,,,1.0
41,hexane_dipole,71,1.0,0.0,0.5855350682723275,0.5855350682723275,,,,1.0
41,hexane_dipole,72,1.0,0.0,0.5855350682723275,0.5855350682723275,,,,1.0
41,hexane_dipole,73,1.0,0.0,0.5855350682723275,0.5855350682723275,,,,1.0
41,hexane_dipole,74,1.0,0.0,0.5855350682723275,0.5855350682723275,,,,1.0
41,hexane_dipole,75,1.0,0.0,0.5855350682723275,0.5855350682723275,,,,1.0
41,hexane_dipole,76,1.0,0.0,0.5855350682723275,0.5855350682723275,,,,1.0
41,hexane_dipole,77,1.0,0.0,0.5855350682723275,0.5855350682723275,,,,1.0
41,hexane_dipole,78,1.0,0.0,0.5855350682723275,0.5855350682723275,,,,1.0
41,hexane_dipole,79,1.0,0.0,0.5855350682723275,0.5855350682723275,,,,1.0
41,hexane_dipole,80,1.0,0.0,0.5855350682723275,0.5855350682723275,,,,1.0
41,hexane_dipole,81,1.0,0.0,0.5855350682723275,0.5855350682723275,,,,1.0
41,hexane_dipole,82,1.0,0.0,0.5855350682723275,0.5855350682723275,,,,1.0
41,hexane_dipole,83,1.0,0.0,0.5855350682723275,0.5855350682723275,,,,1.0
41,hexane_dipole,84,1.0,0.0,0.5855350682723275,0.5855350682723275,,,,1.0
41,hexane_dipole,85,1.0,0.0,0.5855350682723275,0.5855350682723275,,,,1.0
41,hexane_dipole,86,1.0,0.0,0.5855350682723275,0.5855350682723275,,,,1.0
41,hexane_dipole,87,1.0,0.0,0.5855350682723275,0.5855350682723275,,,,1.0
41,hexane_dipole,88,1.0,0.0,0.5855350682723275,0.5855350682723275,,,,1.0
41,hexane_dipole,89,1.0,0.0,0.5855350682723275,0.5855350682723275,,,,1.0
41,hexane_dipole,90,1.0,0.0,0.5855350682723275,0.5855350682723275,,,,1.0
41,hexane_dipole,91,1.0,0.0,0.5855350682723275,0.5855350682723275,,,,1.0
41,hexane_dipole,92,1.0,0.0,0.5855350682723275,0.5855350682723275,,,,1.0
41,hexane_dipole,93,1.0,0.0,0.5855350682723275,0.5855350682723275,,,,1.0
41,hexane_dipole,94,1.0,0.0,0.5855350682723275,0.5855350682723275,,,,1.0
41,hexane_dipole,95,1.0,0.0,0.5855350682723275,0.5855350682723275,,,,1.0
41,hexane_dipole,96,1.0,0.0,0.5855350682723275,0.5855350682723275,,,,1.0
41,hexane_dipole,97,1.0,0.0,0.5855350682723275,0.5855350682723275,,,,1.0
41,hexane_dipole,98,1.0,0.0,0.5855350682723275,0.5855350682723275,,,,1.0
41,hexane_dipole,99,1.0,0.0,0.5855350682723275,0.5855350682723275,,,,1.0
41,hexane_dipole,100,1.0,0.0,0.5855350682723275,0.5855350682723275,,,,1.0
41,hexane_dipole,101,1.0,0.0,0.5855350682723275,0.5855350682723275,,,,1.0
41,hexane_dipole,102,1.0,0.0,0.5855350682723275,0.5855350682723275,,,,1.0
41,hexane_dipole,103,1.0,0.0,0.5855350682723275,0.5855350682723275,,,,1.0
41,hexane_dipole,104,1.0,0.0,0.5855350682723275,0.5855350682723275,,,,1.0
41,hexane_dipole,105,1.0,0.0,0.5855350682723275,0.5855350682723275,,,,1.0
41,hexane_dipole,106,1.0,0.0,0.5855350682723275,0.5855350682723275,,,,1.0
41,hexane_dipole,107,1.0,0.0,0.5855350682723275,0.5855350682723275,,,,1.0
41,hexane_dipole,108,1.0,0.0,0.5855350682723275,0.5855350682723275,,,,1.0
41,hexane_dipole,109,1.0,0.0,0.5855350682723275,0.5855350682723275,,,,1.0
41,hexane_dipole,110,1.0,0.0,0.5855350682723275,0.5855350682723275,,,,1.0
41,hexane_dipole,111,1.0,0.0,0.5855350682723275,0.5855350682723275,,,,1.0
41,hexane_dipole,112,1.0,0.0,0.5855350682723275,0.5855350682723275,,,,1.0
41,hexane_dipole,113,1.0,0.0,0.5855350682723275,0.5855350682723275,,,,1.0
41,hexane_dipole,114,1.0,0.0,0.5855350682723275,0.5855350682723275,,,,1.0
41,hexane_dipole,115,1.0,0.0,0.5855350682723275,0.5855350682723275,,,,1.0
41,hexane_dipole,116,1.0,0.0,0.5855350682723275,0.5855350682723275,,,,1.0
41,hexane_dipole,117,1.0,0.0,0.5855350682723275,0.5855350682723275,,,,1.0
41,hexane_dipole,118,1.0,0.0,0.5855350682723275,0.5855350682723275,,,,1.0
41,hexane_dipole,119,1.0,0.0,0.5855350682723275,0.5855350682723275,,,,1.0
41,hexane_dipole,120,1.0,0.0,0.5855350682723275,0.5855350682723275,,,,1.0
41,hexane_dipole,121,1.0,0.0,0.5855350682723275,0.5855350682723275,,,,1.0
41,hexane_dipole,122,1.0,0.0,0.5855350682723275,0.5855350682723275,,,,1.0
41,hexane_dipole,123,1.0,0.0,0.5855350682723275,0.5855350682723275,,,,1.0
41,hexane_dipole,124,1.0,0.0,0.5855350682723275,0.5855350682723275,,,,1.0
41,hexane_dipole,125,1.0,0.0,0.5855350682723275,0.5855350682723275,,,,1.0
41,hexane_dipole,126,1.0,0.0,0.5855350682723275,0.5855350682723275,,,,1.0
41,hexane_dipole,127,1.0,0.0,0.5855350682723275,0.5855350682723275,,,,1.0
41,hexane_dipole,128,1.0,0.0,0.5855350682723275,0.5855350682723275,,,,1.0
41,hexane_dipole,129,1.0,0.0,0.5855350682723275,0.5855350682723275,,,,1.0
41,hexane_dipole,130,1.0,0.0,0.5855350682723275,0.5855350682723275,,,,1.0
41,hexane_dipole,131,1.0,0.0,0.5855350682723275,0.5855350682723275,,,,1.0
41,hexane_dipole,132,1.0,0.0,0.5855350682723275,0.5855350682723275,,,,1.0
41,hexane_dipole,133,1.0,0.0,0.5855350682723275,0.5855350682723275,,,,1.0
41,hexane_dipole,134,1.0,0.0,0.5855350682723275,0.5855350682723275,,,,1.0
41,hexane_dipole,135,1.0,0.0,0.5855350682723275,0.5855350682723275,,,,1.0
41,hexane_dipole,136,1.0,0.0,0.5855350682723275,0.5855350682723275,,,,1.0
41,hexane_dipole,137,1.0,0.0,0.5855350682723275,0.5855350682723275,,,,1.0
41,hexane_dipole,138,1.0,0.0,0.5855350682723275,0.5855350682723275,,,,1.0
41,hexane_dipole,139,1.0,0.0,0.5855350682723275,0.5855350682723275,,,,1.0
41,hexane_dipole,140,1.0,0.0,0.5855350682723275,0.5855350682723275,,,,1.0
41,hexane_dipole,141,1.0,0.0,0.5855350682723275,0.5855350682723275,,,,1.0
41,hexane_dipole,142,1.0,0.0,0.5855350682723275,0.5855350682723275,,,,1.0
41,hexane_dipole,143,1.0,0.0,0.5855350682723275,0.5855350682723275,,,,1.0
41,hexane_dipole,144,1.0,0.0,0.5855350682723275,0.5855350682723275,,,,1.0
41,hexane_dipole,145,1.0,0.0,0.5855350682723275,0.5855350682723275,,,,1.0
41,hexane_dipole,146,1.0,0.0,0.5855350682723275,0.5855350682723275,,,,1.0
41,hexane_dipole,147,1.0,0.0,0.5855350682723275,0.5855350682723275,,,,1.0
41,hexane_dipole,148,1.0,0.0,0.5855350682723275,0.5855350682723275,,,,1.0
41,hexane_dipole,149,1.0,0.0,0.5855350682723275,0.5855350682723275,,,,1.0
41,hexane_dipole,150,1.0,0.0,0.5855350682723275,0.5855350682723275,,,,1.0
41,hexane_dipole,151,1.0,0.0,0.5855350682723275,0.5855350682723275,,,,1.0
41,hexane_dipole,152,1.0,0.0,0.5855350682723275,0.5855350682723275,,,,1.0
41,hexane_dipole,153,1.0,0.0,0.5855350682723275,0.5855350682723275,,,,1.0
41,hexane_dipole,154,1.0,0.0,0.5855350682723275,0.5855350682723275,,,,1.0
41,hexane_dipole,155,1.0,0.0,0.5855350682723275,0.5855350682723275,,,,1.0
41,hexane_dipole,156,1.0,0.0,0.5855350682723275,0.5855350682723275,,,,1.0
41,hexane_dipole,157,1.0,0.0,0.5855350682723275,0.5855350682723275,,,,1.0
41,hexane_dipole,158,1.0,0.0,0.5855350682723275,0.5855350682723275,,,,1.0
41,hexane_dipole,159,1.0,0.0,0.5855350682723275,0.5855350682723275,,,,1.0
41,hexane_dipole,160,1.0,0.0,0.5855350682723275,0.5855350682723275,,,,1.0
41,hexane_dipole,161,1.0,0.0,0.5855350682723275,0.5855350682723275,,,,1.0
41,hexane_dipole,162,1.0,0.0,0.5855350682723275,0.5855350682723275,,,,1.0
41,hexane_dipole,163,1.0,0.0,0.5855350682723275,0.5855350682723275,,,,1.0
41,hexane_dipole,164,1.0,0.0,0.5855350682723275,0.5855350682723275,,,,1.0
41,hexane_dipole,165,1.0,0.0,0.5855350682723275,0.5855350682723275,,,,1.0
41,hexane_dipole,166,1.0,0.0,0.5855350682723275,0.5855350682723275,,,,1.0
41,hexane_dipole,167,1.0,0.0,0.5855350682723275,0.5855350682723275,,,,1.0
41,hexane_dipole,168,1.0,0.0,0.5855350682723275,0.5855350682723275,,,,1.0
41,hexane_dipole,169,1.0,0.0,0.5855350682723275,0.5855350682723275,,,,1.0
41,hexane_dipole,170,1.0,0.0,0.5855350682723275,0.5855350682723275,,,,1.0
41,hexane_dipole,171,1.0,0.0,0.5855350682723275,0.5855350682723275,,,,1.0
41,hexane_dipole,172,1.0,0.0,0.5855350682723275,0.5855350682723275,,,,1.0
41,hexane_dipole,173,1.0,0.0,0.5855350682723275,0.5855350682723275,,,,1.0
41,hexane_dipole,174,1.0,0.0,0.5855350682723275,0.5855350682723275,,,,1.0
41,hexane_dipole,175,1.0,0.0,0.5855350682723275,0.5855350682723275,,,,1.0
41,hexane_dipole,176,1.0,0.0,0.5855350682723275,0.5855350682723275,,,,1.0
41,hexane_dipole,177,1.0,0.0,0.5855350682723275,0.5855350682723275,,,,1.0
41,hexane_dipole,178,1.0,0.0,0.5855350682723275,0.5855350682723275,,,,1.0
41,hexane_dipole,179,1.0,0.0,0.5855350682723275,0.5855350682723275,,,,1.0
41,hexane_dipole,180,1.0,0.0,0.5855350682723275,0.5855350682723275,,,,1.0
41,hexane_dipole,181,1.0,0.0,0.5855350682723275,0.5855350682723275,,,,1.0
41,hexane_dipole,182,1.0,0.0,0.5855350682723275,0.5855350682723275,,,,1.0
41,hexane_dipole,183,1.0,0.0,0.5855350682723275,0.5855350682723275,,,,1.0
41,hexane_dipole,184,1.0,0.0,0.5855350682723275,0.5855350682723275,,,,1.0
41,hexane_dipole,185,1.0,0.0,0.5855350682723275,0.5855350682723275,,,,1.0
41,hexane_dipole,186,1.0,0.0,0.5855350682723275,0.5855350682723275,,,,1.0
41,hexane_dipole,187,1.0,0.0,0.5855350682723275,0.5855350682723275,,,,1.0
41,hexane_dipole,188,1.0,0.0,0.5855350682723275,0.5855350682723275,,,,1.0
41,hexane_dipole,189,1.0,0.0,0.5855350682723275,0.5855350682723275,,,,1.0
41,hexane_dipole,190,1.0,0.0,0.5855350682723275,0.5855350682723275,,,,1.0
41,hexane_dipole,191,1.0,0.0,0.5855350682723275,0.5855350682723275,,,,1.0
41,hexane_dipole,192,1.0,0.0,0.5855350682723275,0.5855350682723275,,,,1.0
41,hexane_dipole,193,1.0,0.0,0.5855350682723275,0.5855350682723275,,,,1.0
41,hexane_dipole,194,1.0,0.0,0.5855350682723275,0.5855350682723275,,,,1.0
41,hexane_dipole,195,1.0,0.0,0.5855350682723275,0.5855350682723275,,,,1.0
41,hexane_dipole,196,1.0,0.0,0.5855350682723275,0.5855350682723275,,,,1.0
41,hexane_dipole,197,1.0,0.0,0.5855350682723275,0.5855350682723275,,,,1.0
41,hexane_dipole,198,1.0,0.0,0.5855350682723275,0.5855350682723275,,,,1.0
41,hexane_dipole,199,1.0,0.0,0.5855350682723275,0.5855350682723275,,,,1.0
41,hexane_dipole,200,1.0,0.0,0.5855350682723275,0.5855350682723275,,,,1.0
41,hexane_dipole,201,1.0,0.0,0.5855350682723275,0.5855350682723275,,,,1.0
41,hexane_dipole,202,1.0,0.0,0.5855350682723275,0.5855350682723275,,,,1.0
41,hexane_dipole,203,1.0,0.0,0.5855350682723275,0.5855350682723275,,,,1.0
41,hexane_dipole,204,1.0,0.0,0.5855350682723275,0.5855350682723275,,,,1.0
41,hexane_dipole,205,1.0,0.0,0.5855350682723275,0.5855350682723275,,,,1.0
41,hexane_dipole,206,1.0,0.0,0.5855350682723275,0.5855350682723275,,,,1.0
41,hexane_dipole,207,1.0,0.0,0.5855350682723275,0.5855350682723275,,,,1.0
41,hexane_dipole,208,1.0,0.0,0.5855350682723275,0.5855350682723275,,,,1.0
41,hexane_dipole,209,1.0,0.0,0.5855350682723275,0.5855350682723275,,,,1.0
41,hexane_dipole,210,1.0,0.0,0.5855350682723275,0.5855350682723275,,,,1.0
41,hexane_dipole,211,1.0,0.0,0.5855350682723275,0.5855350682723275,,,,1.0
41,hexane_dipole,212,1.0,0.0,0.5855350682723275,0.5855350682723275,,,,1.0
41,hexane_dipole,213,1.0,0.0,0.5855350682723275,0.5855350682723275,,,,1.0
41,hexane_dipole,214,1.0,0.0,0.5855350682723275,0.5855350682723275,,,,1.0
41,hexane_dipole,215,1.0,0.0,0.5855350682723275,0.5855350682723275,,,,1.0
41,hexane_dipole,216,1.0,0.0,0.5855350682723275,0.5855350682723275,,,,1.0
41,hexane_dipole,217,1.0,0.0,0.5855350682723275,0.5855350682723275,,,,1.0
41,hexane_dipole,218,1.0,0.0,0.5855350682723275,0.5855350682723275,,,,1.0
41,hexane_dipole,219,1.0,0.0,0.5855350682723275,0.5855350682723275,,,,1.0
41,hexane_dipole,220,1.0,0.0,0.5855350682723275,0.5855350682723275,,,,1.0
41,hexane_dipole,221,1.0,0.0,0.5855350682723275,0.5855350682723275,,,,1.0
41,hexane_dipole,222,1.0,0.0,0.5855350682723275,0.5855350682723275,,,,1.0
41,hexane_dipole,223,1.0,0.0,0.5855350682723275,0.5855350682723275,,,,1.0
41,hexane_dipole,224,1.0,0.0,0.5855350682723275,0.5855350682723275,,,,1.0
41,hexane_dipole,225,1.0,0.0,0.5855350682723275,0.5855350682723275,,,,1.0
41,hexane_dipole,226,1.0,0.0,0.5855350682723275,0.5855350682723275,,,,1.0
41,hexane_dipole,227,1.0,0.0,0.5855350682723275,0.5855350682723275,,,,1.0
41,hexane_dipole,228,1.0,0.0,0.5855350682723275,0.5855350682723275,,,,1.0
41,hexane_dipole,229,1.0,0.0,0.5855350682723275,0.5855350682723275,,,,1.0
41,hexane_dipole,230,1.0,0.0,0.5855350682723275,0.5855350682723275,,,,1.0
41,hexane_dipole,231,1.0,0.0,0.5855350682723275,0.5855350682723275,,,,1.0
41,hexane_dipole,232,1.0,0.0,0.5855350682723275,0.5855350682723275,,,,1.0
41,hexane_dipole,233,1.0,0.0,0.5855350682723275,0.5855350682723275,,,,1.0
41,hexane_dipole,234,1.0,0.0,0.5855350682723275,0.5855350682723275,,,,1.0
41,hexane_dipole,235,1.0,0.0,0.5855350682723275,0.5855350682723275,,,,1.0
41,hexane_dipole,236,1.0,0.0,0.5855350682723275,0.5855350682723275,,,,1.0
41,hexane_dipole,237,1.0,0.0,0.5855350682723275,0.5855350682723275,,,,1.0
41,hexane_dipole,238,1.0,0.0,0.5855350682723275,0.5855350682723275,,,,1.0
41,hexane_dipole,239,1.0,0.0,0.5855350682723275,0.5855350682723275,,,,1.0
41,hexane_dipole,240,1.0,0.0,0.5855350682723275,0.5855350682723275,,,,1.0
41,hexane_dipole,241,1.0,0.0,0.5855350682723275,0.5855350682723275,,,,1.0
41,hexane_dipole,242,1.0,0.0,0.5855350682723275,0.5855350682723275,,,,1.0
41,hexane_dipole,243,1.0,0.0,0.5855350682723275,0.5855350682723275,,,,1.0
41,hexane_dipole,244,1.0,0.0,0.5855350682723275,0.5855350682723275,,,,1.0
41,hexane_dipole,245,1.0,0.0,0.5855350682723275,0.5855350682723275,,,,1.0
41,hexane_dipole,246,1.0,0.0,0.5855350682723275,0.5855350682723275,,,,1.0
41,hexane_dipole,247,1.0,0.0,0.5855350682723275,0.5855350682723275,,,,1.0
41,hexane_dipole,248,1.0,0.0,0.5855350682723275,0.5855350682723275,,,,1.0
41,hexane_dipole,249,1.0,0.0,0.5855350682723275,0.5855350682723275,,,,1.0
